person_age,person_gender,person_education,person_income,person_emp_exp,person_home_ownership,loan_amnt,loan_intent,loan_int_rate,loan_percent_income,cb_person_cred_hist_length,credit_score,previous_loan_defaults_on_file,loan_status
-0.9738162891597597,-1.1099901739376037,1.5251962127575889,-0.12573199805243365,-0.911310674287764,0.9048055324001227,4.024959042630468,0.853056793629862,1.6829730437896346,4.016533263795428,-0.7394662468772634,-1.4203441149940845,-1.0161329645585022,1
-1.143265377720465,-1.1099901739376037,0.8491410419312149,-1.0679999546567334,-0.911310674287764,0.21058638994196582,-1.359229812333827,-0.8828162337175963,0.04483143335654109,-0.6849837281165926,-0.997471732522988,-2.5513399586959613,0.9841231756854657,0
-0.46546902347764374,-1.1099901739376037,0.8491410419312149,-1.0655363438695133,-0.404365943111267,-1.177851894974348,-0.646616581529729,0.2744324511807092,0.6255660616453219,3.4431775330744507,-0.7394662468772634,0.0479662785837905,-1.0161329645585022,1
-0.8043672005990544,-1.1099901739376037,-0.502969299721533,-0.002472496807226024,-0.911310674287764,0.9048055324001227,4.024959042630468,0.2744324511807092,1.417782086362966,3.4431775330744507,-0.997471732522988,0.8416475724096689,-1.0161329645585022,1
-0.634918112038349,0.9009088760241706,1.5251962127575889,-0.21753308463006235,-0.7423290972289317,0.9048055324001227,4.024959042630468,0.2744324511807092,1.0955247203761276,4.475217848372211,-0.4814607612315388,-0.9242933063529105,-1.0161329645585022,1
-1.143265377720465,-1.1099901739376037,0.8491410419312149,-1.0574348545500012,-0.911310674287764,0.21058638994196582,-1.121692068732461,1.4316811360790147,-1.2979075915886182,0.5763988794695595,-0.997471732522988,-1.9957630530178463,-1.0161329645585022,1
-0.2960199349169384,-1.1099901739376037,-0.502969299721533,0.2141673286997257,-0.7423290972289317,0.9048055324001227,4.024959042630468,-0.8828162337175963,0.4745079213389917,2.640479510065081,-0.7394662468772634,1.35754041339649,-1.0161329645585022,1
-0.634918112038349,-1.1099901739376037,0.8491410419312149,0.24699968015248505,-0.06640278899360229,0.9048055324001227,4.024959042630468,0.2744324511807092,0.03476089066945202,2.640479510065081,-0.4814607612315388,-0.9441353386985575,-1.0161329645585022,1
-0.634918112038349,-1.1099901739376037,-1.179024470547907,0.3280777428549701,-0.404365943111267,0.9048055324001227,4.024959042630468,0.853056793629862,-0.707102420612748,2.411137217776689,-0.997471732522988,-1.7576586648700827,-1.0161329645585022,1
-1.143265377720465,-1.1099901739376037,0.8491410419312149,-1.060782838440326,-0.911310674287764,0.21058638994196582,-1.2642147148932805,1.4316811360790147,1.253296555807184,-0.11162799739561437,-0.7394662468772634,0.14717644031202531,-1.0161329645585022,1
-0.9738162891597597,-1.1099901739376037,0.8491410419312149,0.3644160019664657,-0.911310674287764,0.9048055324001227,4.024959042630468,1.4316811360790147,-0.21364582894540246,2.2964660716324943,-0.4814607612315388,-0.22982217425526694,-1.0161329645585022,1
-1.143265377720465,-1.1099901739376037,-1.179024470547907,-1.0548764895017342,-0.911310674287764,0.21058638994196582,-0.804975077263973,-0.3041918912684436,-0.7977373047965461,2.2964660716324943,-0.997471732522988,0.3654387961141419,-1.0161329645585022,1
-0.8043672005990544,0.9009088760241706,-0.502969299721533,0.5519504769551704,-0.404365943111267,0.9048055324001227,4.024959042630468,1.4316811360790147,-1.0427871768490378,1.8377814870557112,-0.997471732522988,-1.182239726846321,-1.0161329645585022,1
-0.2960199349169384,0.9009088760241706,1.5251962127575889,0.8023070270179862,-0.911310674287764,0.9048055324001227,4.024959042630468,-0.8828162337175963,2.478545916069642,1.4937680486231246,-0.4814607612315388,1.4964346398160184,-1.0161329645585022,1
-0.8043672005990544,-1.1099901739376037,-1.179024470547907,0.9331468691469478,-0.911310674287764,0.9048055324001227,4.024959042630468,-0.8828162337175963,-1.0427871768490378,1.2644257563347332,-0.4814607612315388,-0.9838194033898514,-1.0161329645585022,0
-0.8043672005990544,-1.1099901739376037,1.5251962127575889,8.227535185438132,-0.06640278899360229,-1.177851894974348,3.2331665639592484,-1.461440576166749,-0.11965409719924096,-1.0289971665491795,-0.7394662468772634,0.7424374106814341,0.9841231756854657,0
-0.8043672005990544,0.9009088760241706,-0.502969299721533,1.0270325494676087,-0.911310674287764,0.9048055324001227,4.024959042630468,-0.8828162337175963,-1.0427871768490378,1.1497546101905376,-0.4814607612315388,0.6035431842619053,-1.0161329645585022,0
-0.8043672005990544,-1.1099901739376037,0.8491410419312149,0.49681928940270154,-0.911310674287764,0.9048055324001227,4.024959042630468,0.2744324511807092,3.018998373610068,1.952452633199907,-0.4814607612315388,1.2186461869769611,-1.0161329645585022,1
-0.8043672005990544,0.9009088760241706,-0.502969299721533,0.8957189360334126,-0.911310674287764,0.9048055324001227,4.024959042630468,-1.461440576166749,2.431550050196561,1.379096902478929,-0.4814607612315388,1.5162766721616654,-1.0161329645585022,1
-0.634918112038349,-1.1099901739376037,1.5251962127575889,-1.036399408597584,-0.7423290972289317,-1.177851894974348,-1.240460940533144,-0.8828162337175963,-0.005521280078902488,-0.2262991435398101,-0.997471732522988,0.9210157017922567,-1.0161329645585022,1
-0.46546902347764374,0.9009088760241706,-0.502969299721533,1.8288904835772075,-0.911310674287764,0.9048055324001227,4.024959042630468,1.4316811360790147,-1.1804179269059165,0.4617277333253637,-0.4814607612315388,1.0202258635204915,0.9841231756854657,0
-0.46546902347764374,0.9009088760241706,0.8491410419312149,1.3562878142288304,-0.23538436605243465,0.9048055324001227,3.9932873434836194,0.853056793629862,1.934736610966852,0.8057411717579506,-0.997471732522988,0.5837011519162584,-1.0161329645585022,0
-0.9738162891597597,-1.1099901739376037,1.5251962127575889,-0.010337100474120758,-0.911310674287764,0.9048055324001227,3.8666005468962243,-0.8828162337175963,2.206641263518246,3.328506386930255,-0.4814607612315388,1.1591200899400202,-1.0161329645585022,1
-0.634918112038349,-1.1099901739376037,-0.502969299721533,-1.0429848297403452,-0.911310674287764,0.21058638994196582,-1.2800505644667048,0.853056793629862,-1.2475548781531747,-0.34097028968400567,-0.7394662468772634,-0.6465048535138531,0.9841231756854657,0
-0.9738162891597597,0.9009088760241706,-0.502969299721533,0.2765314248454432,-0.7423290972289317,0.9048055324001227,3.858682622109512,0.853056793629862,1.1861596045599256,2.411137217776689,-0.4814607612315388,1.1591200899400202,-1.0161329645585022,1
-0.634918112038349,-1.1099901739376037,0.8491410419312149,0.04000899689547847,-0.911310674287764,0.9048055324001227,3.7082420511619802,-0.3041918912684436,0.561785957960427,2.984492948497668,-0.7394662468772634,0.4249648931510827,-1.0161329645585022,1
-1.143265377720465,-1.1099901739376037,-1.179024470547907,-1.0363204467133782,-0.911310674287764,-1.177851894974348,-0.7930981900839047,1.4316811360790147,2.2603508245160526,2.0671237793441026,-0.7394662468772634,-0.13061201252703214,-1.0161329645585022,1
-0.8043672005990544,0.9009088760241706,0.8491410419312149,-1.0362414848291723,-0.911310674287764,0.21058638994196582,-1.2958864140401292,0.853056793629862,-0.5661148229935064,-0.45564143582820127,-0.7394662468772634,-0.5076106270943244,-1.0161329645585022,0
-0.634918112038349,-1.1099901739376037,-0.502969299721533,-0.01351136821919273,-0.7423290972289317,0.9048055324001227,3.6290628032948584,-0.3041918912684436,-0.34120603631519225,3.0991640946418633,-0.7394662468772634,1.337698381050843,-1.0161329645585022,1
-1.143265377720465,-1.1099901739376037,-0.502969299721533,-1.0252657829245704,-0.911310674287764,-0.4836327525161911,-0.8841543251310949,-0.8828162337175963,0.6154955189582334,1.4937680486231246,-0.997471732522988,-1.5790803737592602,-1.0161329645585022,1
-1.143265377720465,0.9009088760241706,0.8491410419312149,-1.0273187919139204,-0.911310674287764,0.21058638994196582,-1.2008713165995828,0.2744324511807092,0.03811773823181484,-0.11162799739561437,-0.7394662468772634,-0.8647672093159696,-1.0161329645585022,1
-0.46546902347764374,0.9009088760241706,-0.502969299721533,1.0256428203055872,-0.7423290972289317,0.9048055324001227,3.549883555427736,1.4316811360790147,-1.4724636648314886,0.9204123179021463,-0.997471732522988,-0.9242933063529105,0.9841231756854657,0
-0.2960199349169384,0.9009088760241706,-0.502969299721533,0.5485551159343223,-0.5733475201700994,0.9048055324001227,3.3994429844802045,-0.3041918912684436,1.0619562447524988,1.4937680486231246,-0.7394662468772634,0.9606997664835506,-1.0161329645585022,1
-0.46546902347764374,-1.1099901739376037,0.8491410419312149,4.5514488738616485,-0.404365943111267,0.9048055324001227,2.3226052134873454,-1.461440576166749,0.954537122756886,-0.7996548742607882,-0.7394662468772634,-1.3012919209202027,0.9841231756854657,0
-0.2960199349169384,-1.1099901739376037,-1.179024470547907,4.440286333276765,-0.7423290972289317,-1.177851894974348,-0.2823920413409679,0.2744324511807092,0.8336906105118219,-1.3730106049817663,-0.4814607612315388,0.7225953783357871,-1.0161329645585022,0
-1.143265377720465,0.9009088760241706,-1.179024470547907,-1.0227074178763034,-0.911310674287764,0.21058638994196582,-1.121692068732461,-0.8828162337175963,-1.173704231781191,0.3470565871811683,-0.4814607612315388,-0.6465048535138531,-1.0161329645585022,1
-0.9738162891597597,-1.1099901739376037,-0.502969299721533,-0.3322962871347291,-0.911310674287764,0.9048055324001227,3.2331665639592484,-0.8828162337175963,2.478545916069642,4.24587555608382,-0.997471732522988,-0.5274526594399713,-1.0161329645585022,1
-0.634918112038349,0.9009088760241706,0.8491410419312149,-0.02974593161189913,-0.404365943111267,0.9048055324001227,3.2331665639592484,-1.461440576166749,1.1861596045599256,2.7551506562092767,-0.7394662468772634,-1.0036614357354983,-1.0161329645585022,1
-0.46546902347764374,0.9009088760241706,-0.502969299721533,0.17174900450438585,-0.23538436605243465,0.9048055324001227,3.2331665639592484,-0.3041918912684436,1.9750187817152072,2.1817949254882985,-0.4814607612315388,0.32575473142284794,-1.0161329645585022,1
-0.8043672005990544,-1.1099901739376037,0.8491410419312149,0.1089900989376395,-0.911310674287764,0.9048055324001227,3.2331665639592484,-1.461440576166749,0.001192415045823164,2.411137217776689,-0.4814607612315388,-0.6068207888225592,-1.0161329645585022,1
-0.2960199349169384,0.9009088760241706,-0.502969299721533,-0.06959009838213089,-0.06640278899360229,0.9048055324001227,3.2331665639592484,0.2744324511807092,2.344272013575125,2.984492948497668,-0.997471732522988,-0.32903233598350173,-1.0161329645585022,1
-0.634918112038349,-1.1099901739376037,0.8491410419312149,-1.0237812995015019,-0.911310674287764,0.21058638994196582,-1.121692068732461,1.4316811360790147,0.5651428055227898,0.3470565871811683,-0.7394662468772634,-0.03140185079879733,-1.0161329645585022,1
-0.2960199349169384,0.9009088760241706,-0.502969299721533,4.443713279051295,-0.06640278899360229,-1.177851894974348,1.6495816066168083,1.4316811360790147,-1.0495008719737637,-0.9143260204049839,-0.4814607612315388,1.0202258635204915,0.9841231756854657,0
-0.8043672005990544,0.9009088760241706,0.8491410419312149,4.447724542768948,-0.911310674287764,0.21058638994196582,2.3226052134873454,-0.8828162337175963,2.820944367430657,-0.7996548742607882,-0.997471732522988,0.08765034327508442,0.9841231756854657,0
-0.2960199349169384,0.9009088760241706,1.5251962127575889,4.434032552047667,-0.06640278899360229,0.21058638994196582,0.06599664927436881,-0.3041918912684436,-0.21028898138303903,-1.2583394588375707,-0.4814607612315388,0.32575473142284794,-1.0161329645585022,0
-0.2960199349169384,0.9009088760241706,-0.502969299721533,4.43872288796949,-0.06640278899360229,-1.177851894974348,2.4413740852880284,-0.8828162337175963,1.451350561986595,-0.7996548742607882,-0.7394662468772634,1.238488219322608,0.9841231756854657,0
-0.46546902347764374,-1.1099901739376037,-0.502969299721533,4.442939452586079,-0.5733475201700994,-1.177851894974348,1.3328646151483206,-0.3041918912684436,1.8273174889712391,-1.0289971665491795,-0.7394662468772634,-0.24966420660091387,-1.0161329645585022,0
-0.2960199349169384,0.9009088760241706,-0.502969299721533,0.289323250086778,-0.5733475201700994,0.9048055324001227,3.2331665639592484,0.853056793629862,-1.1804179269059165,1.952452633199907,-0.7394662468772634,-0.20998014190961997,-1.0161329645585022,1
-0.9738162891597597,-1.1099901739376037,0.8491410419312149,0.014662232065426158,-0.911310674287764,0.9048055324001227,3.2331665639592484,0.2744324511807092,0.5651428055227898,2.640479510065081,-0.7394662468772634,0.2463866020402601,-1.0161329645585022,1
-0.2960199349169384,0.9009088760241706,1.5251962127575889,0.4429356996206838,-0.5733475201700994,0.9048055324001227,3.2331665639592484,-1.461440576166749,-1.4724636648314886,1.6084391947673204,-0.7394662468772634,0.4249648931510827,-1.0161329645585022,1
-0.634918112038349,-1.1099901739376037,-0.502969299721533,0.23277074861860522,-0.5733475201700994,0.9048055324001227,3.2331665639592484,-1.461440576166749,0.001192415045823164,2.0671237793441026,-0.4814607612315388,-0.17029607721832604,-1.0161329645585022,1
-0.8043672005990544,0.9009088760241706,0.8491410419312149,0.23120730331133096,-0.7423290972289317,0.9048055324001227,3.2331665639592484,-1.461440576166749,2.5557534100039887,2.0671237793441026,-0.7394662468772634,-1.2417658238832618,-1.0161329645585022,1
-0.8043672005990544,0.9009088760241706,-0.502969299721533,0.49340813600501227,-0.404365943111267,0.9048055324001227,3.2331665639592484,0.853056793629862,1.417782086362966,1.4937680486231246,-0.7394662468772634,0.305912699077201,-1.0161329645585022,1
-0.8043672005990544,-1.1099901739376037,-1.179024470547907,0.5896942576055287,-0.911310674287764,0.9048055324001227,3.2331665639592484,1.4316811360790147,-0.11965409719924096,1.379096902478929,-0.997471732522988,0.38528082845978884,-1.0161329645585022,1
-0.46546902347764374,0.9009088760241706,-0.502969299721533,1.0276958292949372,-0.404365943111267,0.9048055324001227,3.2331665639592484,-0.8828162337175963,-1.0427871768490378,0.8057411717579506,-0.4814607612315388,-1.4600281796853785,-1.0161329645585022,0
-0.2960199349169384,0.9009088760241706,0.8491410419312149,4.062169454569013,0.2715603651240624,0.9048055324001227,0.06599664927436881,0.853056793629862,1.6628319584154578,-1.2583394588375707,-0.7394662468772634,-0.190138109563973,0.9841231756854657,0
-0.2960199349169384,0.9009088760241706,-1.179024470547907,4.005838046376616,-0.5733475201700994,0.9048055324001227,1.6495816066168083,1.4316811360790147,0.15896425047687956,-0.9143260204049839,-0.7394662468772634,-0.6068207888225592,0.9841231756854657,0
-0.8043672005990544,0.9009088760241706,-0.502969299721533,4.003200719444143,-0.7423290972289317,0.21058638994196582,4.024959042630468,0.853056793629862,0.001192415045823164,-0.45564143582820127,-0.4814607612315388,-0.46792656240303043,-1.0161329645585022,0
-0.46546902347764374,0.9009088760241706,1.5251962127575889,1.1825874613529765,-0.7423290972289317,0.9048055324001227,3.2331665639592484,0.853056793629862,-1.2475548781531747,0.5763988794695595,-0.4814607612315388,-1.182239726846321,0.9841231756854657,0
-0.634918112038349,0.9009088760241706,-1.179024470547907,-1.0214598201058522,-0.7423290972289317,0.21058638994196582,-1.240460940533144,1.4316811360790147,0.001192415045823164,-0.34097028968400567,-0.7394662468772634,-0.03140185079879733,0.9841231756854657,0
-1.143265377720465,-1.1099901739376037,-0.502969299721533,1.2385714372548677,-0.911310674287764,0.9048055324001227,3.2331665639592484,1.4316811360790147,-1.6839450612603513,0.5763988794695595,-0.4814607612315388,-0.190138109563973,0.9841231756854657,0
-0.9738162891597597,-1.1099901739376037,-0.502969299721533,3.9658517482148135,-0.911310674287764,0.21058638994196582,0.38271364074285674,1.4316811360790147,0.19253272610050842,-1.143668312693375,-0.997471732522988,-0.6068207888225592,0.9841231756854657,0
-0.2960199349169384,-1.1099901739376037,0.8491410419312149,3.7357884023928807,0.10257878806523006,-1.177851894974348,0.06599664927436881,-0.8828162337175963,0.001192415045823164,-1.2583394588375707,-0.4814607612315388,-1.0631875327724392,-1.0161329645585022,1
-0.46546902347764374,-1.1099901739376037,-1.179024470547907,2.9651993744287672,-0.911310674287764,-1.177851894974348,2.4413740852880284,0.2744324511807092,1.575553921794022,-0.570312581972397,-0.997471732522988,-1.0036614357354983,-1.0161329645585022,1
-0.9738162891597597,0.9009088760241706,1.5251962127575889,0.08340644845496989,-0.911310674287764,0.9048055324001227,3.090643917798429,-0.8828162337175963,1.6729025011025462,2.2964660716324943,-0.7394662468772634,1.337698381050843,-1.0161329645585022,1
-0.9738162891597597,0.9009088760241706,-1.179024470547907,-1.0248709735035415,-0.911310674287764,-1.177851894974348,-1.2800505644667048,-0.8828162337175963,1.286865031430813,-0.45564143582820127,-0.7394662468772634,1.0995939929030794,-1.0161329645585022,0
-0.2960199349169384,0.9009088760241706,-0.502969299721533,3.682631261945556,-0.404365943111267,0.21058638994196582,2.91644957249076,-0.3041918912684436,-0.005521280078902488,-0.570312581972397,-0.7394662468772634,-0.5076106270943244,0.9841231756854657,0
-0.46546902347764374,-1.1099901739376037,-0.502969299721533,3.6645016133319115,-0.911310674287764,-1.177851894974348,1.6495816066168083,-0.3041918912684436,1.1458774338115711,-0.9143260204049839,-0.997471732522988,0.5638591195706114,0.9841231756854657,0
-0.634918112038349,0.9009088760241706,0.8491410419312149,3.5846711483998774,-0.06640278899360229,-1.177851894974348,0.0026532509806712224,-0.8828162337175963,-1.3482603050240614,-1.2583394588375707,-0.997471732522988,-1.4005020826484376,0.9841231756854657,0
-0.46546902347764374,-1.1099901739376037,-0.502969299721533,3.4936912654179886,-0.911310674287764,0.9048055324001227,2.4413740852880284,0.2744324511807092,0.8336906105118219,-0.6849837281165926,-0.4814607612315388,0.6233852166075523,0.9841231756854657,0
-0.46546902347764374,0.9009088760241706,0.8491410419312149,-1.0225179093542096,-0.7423290972289317,0.21058638994196582,-1.042512820865339,0.2744324511807092,0.001192415045823164,0.6910700256137552,-0.7394662468772634,-1.3608180179571436,-1.0161329645585022,1
-0.9738162891597597,0.9009088760241706,-1.179024470547907,-0.17162464515282744,-0.911310674287764,0.9048055324001227,2.91644957249076,0.2744324511807092,0.001192415045823164,3.0991640946418633,-0.997471732522988,-0.686188918205147,-1.0161329645585022,1
-1.143265377720465,-1.1099901739376037,0.8491410419312149,-1.0202280147122422,-0.911310674287764,0.21058638994196582,-1.042512820865339,-0.8828162337175963,0.8739727812601764,0.6910700256137552,-0.7394662468772634,-1.4997122443766724,-1.0161329645585022,1
-0.8043672005990544,-1.1099901739376037,-1.179024470547907,-0.011474151606683853,-0.911310674287764,0.9048055324001227,2.91644957249076,-0.8828162337175963,-1.0427871768490378,2.411137217776689,-0.997471732522988,0.8813316371009629,-1.0161329645585022,1
-0.2960199349169384,0.9009088760241706,-0.502969299721533,0.35918872523204365,-0.23538436605243465,0.9048055324001227,2.91644957249076,1.4316811360790147,-1.1804179269059165,1.4937680486231246,-0.7394662468772634,1.1392780575943733,-1.0161329645585022,1
-0.2960199349169384,0.9009088760241706,-1.179024470547907,-1.0214598201058522,-0.7423290972289317,0.21058638994196582,-0.5516014840891826,-0.8828162337175963,-1.173704231781191,2.984492948497668,-0.7394662468772634,-0.6663468858595001,-1.0161329645585022,1
-0.9738162891597597,0.9009088760241706,0.8491410419312149,0.42096850343463843,-0.911310674287764,0.9048055324001227,2.91644957249076,1.4316811360790147,-0.3680608168140954,1.379096902478929,-0.7394662468772634,-0.5671367241312653,-1.0161329645585022,1
-1.143265377720465,-1.1099901739376037,-0.502969299721533,-1.0210965954385056,-0.911310674287764,0.21058638994196582,-0.8524826259842462,0.853056793629862,0.830333762949459,1.6084391947673204,-0.4814607612315388,0.6035431842619053,-1.0161329645585022,1
-0.9738162891597597,0.9009088760241706,-0.502969299721533,-1.0182539676070979,-0.404365943111267,0.21058638994196582,-0.765385453330412,-1.461440576166749,-1.2979075915886182,1.952452633199907,-0.997471732522988,-0.6266628211682062,-1.0161329645585022,1
-0.634918112038349,0.9009088760241706,0.8491410419312149,0.3225188262068839,-0.7423290972289317,0.9048055324001227,2.91644957249076,1.4316811360790147,1.6729025011025462,1.6084391947673204,-0.4814607612315388,0.028124246238143545,-1.0161329645585022,1
-0.634918112038349,0.9009088760241706,-0.502969299721533,3.490769675702375,-0.5733475201700994,0.9048055324001227,1.3328646151483206,-0.8828162337175963,0.6624913848313142,-0.9143260204049839,-0.7394662468772634,0.7622794430270811,-1.0161329645585022,0
-0.46546902347764374,-1.1099901739376037,-0.502969299721533,0.6498947981240081,-0.7423290972289317,0.9048055324001227,2.91644957249076,-1.461440576166749,0.5651428055227898,1.035083464046342,-0.7394662468772634,-0.20998014190961997,-1.0161329645585022,0
-0.2960199349169384,0.9009088760241706,-1.179024470547907,0.8442989570386148,-0.7423290972289317,0.9048055324001227,2.91644957249076,-0.8828162337175963,-0.707102420612748,0.8057411717579506,-0.997471732522988,-1.8767108589439645,0.9841231756854657,0
-0.2960199349169384,0.9009088760241706,-0.502969299721533,-1.0171011240976937,-0.911310674287764,0.21058638994196582,-1.090020369585612,-1.461440576166749,0.001192415045823164,0.3470565871811683,-0.4814607612315388,-0.9044512740072636,-1.0161329645585022,1
-0.9738162891597597,0.9009088760241706,1.5251962127575889,0.8045021673989066,-0.911310674287764,0.9048055324001227,2.91644957249076,-0.8828162337175963,0.001192415045823164,0.8057411717579506,-0.4814607612315388,1.0003838311748445,-1.0161329645585022,1
-0.8043672005990544,0.9009088760241706,-1.179024470547907,1.6172410491520604,-0.911310674287764,0.9048055324001227,2.91644957249076,-1.461440576166749,0.03476089066945202,0.1177142948927768,-0.997471732522988,0.028124246238143545,0.9841231756854657,0
-0.634918112038349,-1.1099901739376037,-0.502969299721533,0.062276248241505724,-0.404365943111267,0.9048055324001227,2.853106174197063,-0.3041918912684436,0.001192415045823164,2.1817949254882985,-0.997471732522988,1.1392780575943733,-1.0161329645585022,1
-1.143265377720465,-1.1099901739376037,-0.502969299721533,-1.0188540779270618,-0.911310674287764,-1.177851894974348,-1.002923196931778,-1.461440576166749,1.5688402266692962,0.8057411717579506,-0.7394662468772634,-2.273551505856904,-1.0161329645585022,1
-0.9738162891597597,-1.1099901739376037,-0.502969299721533,0.0842276520507099,-0.911310674287764,0.9048055324001227,2.8372703246236384,-0.8828162337175963,0.6893461653302174,2.0671237793441026,-0.7394662468772634,-0.9838194033898514,-1.0161329645585022,1
-0.9738162891597597,0.9009088760241706,-1.179024470547907,3.3005662890275156,-0.5733475201700994,0.21058638994196582,2.4413740852880284,0.853056793629862,0.001192415045823164,-0.570312581972397,-0.997471732522988,-0.30919030363785477,0.9841231756854657,0
-0.2960199349169384,0.9009088760241706,-1.179024470547907,0.1447282477291712,-0.23538436605243465,0.9048055324001227,2.7660090015432286,1.4316811360790147,1.5486991412951188,1.8377814870557112,-0.997471732522988,0.7027533459901402,-1.0161329645585022,1
-0.634918112038349,0.9009088760241706,1.5251962127575889,0.32531407690776815,-0.5733475201700994,0.9048055324001227,2.7580910767565165,0.853056793629862,0.8336906105118219,1.4937680486231246,-0.997471732522988,0.801963507718375,-1.0161329645585022,1
-0.634918112038349,0.9009088760241706,0.8491410419312149,0.1427699930008681,-0.404365943111267,0.9048055324001227,2.7580910767565165,1.4316811360790147,0.001192415045823164,1.8377814870557112,-0.7394662468772634,1.4567505751247247,-1.0161329645585022,1
-0.8043672005990544,-1.1099901739376037,0.8491410419312149,-0.06341527903723963,-0.7423290972289317,0.9048055324001227,2.5997325810222724,0.2744324511807092,0.23617174441122635,2.2964660716324943,-0.997471732522988,-1.9163949236352584,-1.0161329645585022,1
-0.8043672005990544,0.9009088760241706,-1.179024470547907,1.0293856136169408,-0.911310674287764,0.9048055324001227,2.5363891827285747,-0.8828162337175963,0.5651428055227898,0.4617277333253637,-0.7394662468772634,-1.4997122443766724,0.9841231756854657,0
-0.634918112038349,-1.1099901739376037,-0.502969299721533,-1.0104209486938855,-0.7423290972289317,0.21058638994196582,-1.2642147148932805,0.2744324511807092,0.860545391010725,-0.45564143582820127,-0.7394662468772634,1.1194360252487263,0.9841231756854657,0
-0.9738162891597597,0.9009088760241706,-0.502969299721533,-0.10704961624934838,-0.404365943111267,0.9048055324001227,2.516594370761794,1.4316811360790147,-0.005521280078902488,2.411137217776689,-0.7394662468772634,0.9606997664835506,-1.0161329645585022,1
-0.46546902347764374,0.9009088760241706,1.5251962127575889,3.183607946141928,-0.23538436605243465,-1.177851894974348,1.6495816066168083,0.2744324511807092,1.0955247203761276,-0.7996548742607882,-0.4814607612315388,-0.190138109563973,0.9841231756854657,0
-0.634918112038349,-1.1099901739376037,-1.179024470547907,3.1879350573964045,-0.911310674287764,0.21058638994196582,1.6495816066168083,-0.3041918912684436,-0.7138161157374736,-0.7996548742607882,-0.4814607612315388,-0.7457150152420878,0.9841231756854657,0
-0.2960199349169384,0.9009088760241706,-0.502969299721533,3.1882035278027043,-0.7423290972289317,-1.177851894974348,1.9029551997915988,-0.3041918912684436,0.3939435798422821,-0.6849837281165926,-0.7394662468772634,-0.9639773710442044,0.9841231756854657,0
-0.46546902347764374,0.9009088760241706,-0.502969299721533,2.9402316266429027,-0.23538436605243465,-1.177851894974348,0.3668777911694323,-1.461440576166749,1.1458774338115711,-1.143668312693375,-0.7394662468772634,0.7225953783357871,-1.0161329645585022,1
-0.2960199349169384,0.9009088760241706,0.8491410419312149,3.154597349884728,-0.404365943111267,-1.177851894974348,2.4413740852880284,0.2744324511807092,1.0619562447524988,-0.570312581972397,-0.997471732522988,0.18686050500331922,0.9841231756854657,0
-0.46546902347764374,-1.1099901739376037,0.8491410419312149,3.1127949283861933,-0.23538436605243465,-1.177851894974348,4.024959042630468,0.2744324511807092,1.0015329886299666,-0.11162799739561437,-0.4814607612315388,-0.20998014190961997,0.9841231756854657,0
-0.8043672005990544,0.9009088760241706,-1.179024470547907,0.3292147939875332,-0.911310674287764,0.9048055324001227,2.4888816340083015,-0.8828162337175963,-0.005521280078902488,1.2644257563347332,-0.7394662468772634,1.1194360252487263,-1.0161329645585022,1
-0.9738162891597597,0.9009088760241706,0.8491410419312149,-1.0058411594099508,-0.7423290972289317,-1.177851894974348,-1.2008713165995828,0.853056793629862,-1.8752853723150364,-0.2262991435398101,-0.4814607612315388,-0.36871640067479566,-1.0161329645585022,1
-0.46546902347764374,-1.1099901739376037,-0.502969299721533,-1.005951706047839,-0.5733475201700994,0.21058638994196582,-1.240460940533144,0.853056793629862,0.8739727812601764,-0.34097028968400567,-0.7394662468772634,-0.7060309505507939,0.9841231756854657,0
-1.143265377720465,-1.1099901739376037,-0.502969299721533,-0.4419901366733854,-0.404365943111267,0.9048055324001227,2.4413740852880284,-0.8828162337175963,0.5785701957722418,3.9018621176512323,-0.7394662468772634,0.801963507718375,-1.0161329645585022,1
-0.634918112038349,0.9009088760241706,-1.179024470547907,-0.4674632405181669,-0.404365943111267,0.9048055324001227,2.4413740852880284,-0.3041918912684436,0.001192415045823164,4.131204409939624,-0.7394662468772634,-0.15045404487267908,-1.0161329645585022,1
-0.46546902347764374,0.9009088760241706,0.8491410419312149,-1.0033143791153663,-0.911310674287764,0.21058638994196582,-1.042512820865339,-1.461440576166749,0.6255660616453219,0.4617277333253637,-0.4814607612315388,-0.5869787564769122,-1.0161329645585022,1
-0.634918112038349,0.9009088760241706,-0.502969299721533,-1.0002506580081822,-0.911310674287764,-1.177851894974348,-0.9395797986380804,-0.3041918912684436,-0.3680608168140954,0.9204123179021463,-0.7394662468772634,-0.8647672093159696,-1.0161329645585022,1
-0.2960199349169384,0.9009088760241706,1.5251962127575889,3.0367388415191954,-0.06640278899360229,-1.177851894974348,1.6495816066168083,-0.3041918912684436,0.16232109803924238,-0.7996548742607882,-0.4814607612315388,0.7424374106814341,0.9841231756854657,0
-0.46546902347764374,-1.1099901739376037,-0.502969299721533,3.022888927029503,-0.404365943111267,-1.177851894974348,3.2331665639592484,-0.3041918912684436,2.988786745548802,-0.34097028968400567,-0.997471732522988,0.08765034327508442,0.9841231756854657,0
-0.2960199349169384,0.9009088760241706,-1.179024470547907,2.794499573152733,-0.5733475201700994,-1.177851894974348,4.024959042630468,-0.8828162337175963,-0.11965409719924096,0.003043148748581378,-0.997471732522988,0.20670253734896618,-1.0161329645585022,1
-0.634918112038349,0.9009088760241706,0.8491410419312149,3.0231731898126437,-0.911310674287764,0.9048055324001227,-0.5674373336626071,0.2744324511807092,0.001192415045823164,-1.3730106049817663,-0.4814607612315388,-2.4719718293133734,0.9841231756854657,0
-0.634918112038349,0.9009088760241706,0.8491410419312149,-1.00186148044598,-0.5733475201700994,-1.177851894974348,-0.804975077263973,-1.461440576166749,0.27645391515958084,1.4937680486231246,-0.4814607612315388,0.20670253734896618,-1.0161329645585022,1
-0.8043672005990544,0.9009088760241706,0.8491410419312149,-0.9998242638334711,-0.911310674287764,0.21058638994196582,-1.1375279183058853,-1.461440576166749,0.8336906105118219,0.003043148748581378,-0.997471732522988,-2.531497926350314,-1.0161329645585022,1
-0.9738162891597597,0.9009088760241706,-0.502969299721533,-0.4469489430015077,-0.911310674287764,0.9048055324001227,2.4413740852880284,0.2744324511807092,1.2029438423717405,3.9018621176512323,-0.997471732522988,-0.7853990799333818,-1.0161329645585022,1
-0.2960199349169384,-1.1099901739376037,1.5251962127575889,-0.3378552037828153,0.10257878806523006,0.9048055324001227,2.4413740852880284,-0.8828162337175963,-0.45869570099789353,3.328506386930255,-0.4814607612315388,1.0599099282117854,-1.0161329645585022,1
-0.46546902347764374,-1.1099901739376037,-1.179024470547907,-1.0030459087090666,-0.23538436605243465,0.21058638994196582,-0.9474977234247925,0.2744324511807092,1.2029438423717405,0.9204123179021463,-0.7394662468772634,0.26622863438590705,-1.0161329645585022,1
-0.9738162891597597,-1.1099901739376037,-0.502969299721533,-0.9952286821726952,-0.911310674287764,0.21058638994196582,-0.765385453330412,-0.8828162337175963,0.001192415045823164,1.6084391947673204,-0.7394662468772634,0.2463866020402601,-1.0161329645585022,1
-0.46546902347764374,-1.1099901739376037,-1.179024470547907,-0.44475380262058734,-0.404365943111267,0.9048055324001227,2.4413740852880284,-0.8828162337175963,1.7937490133476108,3.9018621176512323,-0.7394662468772634,1.278172284013902,-1.0161329645585022,1
-1.143265377720465,0.9009088760241706,0.8491410419312149,-0.3165670798009396,-0.911310674287764,0.9048055324001227,2.4413740852880284,-0.8828162337175963,-0.005521280078902488,3.213835240786059,-0.997471732522988,0.305912699077201,-1.0161329645585022,1
-0.46546902347764374,0.9009088760241706,1.5251962127575889,3.017330010381417,-0.7423290972289317,-1.177851894974348,2.4413740852880284,1.4316811360790147,2.5725376478158033,-0.570312581972397,-0.997471732522988,0.14717644031202531,0.9841231756854657,0
-0.2960199349169384,0.9009088760241706,-0.502969299721533,3.015719187943619,-0.06640278899360229,0.9048055324001227,-1.042512820865339,-0.8828162337175963,-0.5661148229935064,-1.487681751125962,-0.4814607612315388,0.9606997664835506,-1.0161329645585022,0
-0.8043672005990544,-1.1099901739376037,-1.179024470547907,3.0134924628090163,-0.911310674287764,0.9048055324001227,-0.3298995900612411,-1.461440576166749,-0.7977373047965461,-1.2583394588375707,-0.997471732522988,0.26622863438590705,-1.0161329645585022,0
-0.2960199349169384,0.9009088760241706,-0.502969299721533,3.0158297345815073,-0.23538436605243465,-1.177851894974348,2.4413740852880284,1.4316811360790147,-0.3109944082539262,-0.570312581972397,-0.997471732522988,-0.3488743683291487,0.9841231756854657,0
-0.9738162891597597,0.9009088760241706,-1.179024470547907,-0.30650733575312444,-0.911310674287764,0.9048055324001227,2.4413740852880284,0.853056793629862,0.27645391515958084,3.0991640946418633,-0.7394662468772634,1.0797519605574324,-1.0161329645585022,1
-0.8043672005990544,0.9009088760241706,0.8491410419312149,-0.3025118644123125,-0.7423290972289317,0.9048055324001227,2.4413740852880284,-1.461440576166749,-1.0427871768490378,3.0991640946418633,-0.7394662468772634,0.3455967637684949,-1.0161329645585022,1
-0.46546902347764374,0.9009088760241706,-0.502969299721533,-0.3013274361492259,-0.911310674287764,0.9048055324001227,2.4413740852880284,-0.3041918912684436,-1.6839450612603513,3.0991640946418633,-0.997471732522988,-0.8846092416616166,-1.0161329645585022,1
-0.634918112038349,0.9009088760241706,-0.502969299721533,-0.41193724354466915,-0.5733475201700994,0.9048055324001227,2.4413740852880284,-1.461440576166749,1.451350561986595,3.672519825362842,-0.997471732522988,0.38528082845978884,-1.0161329645585022,1
-0.8043672005990544,0.9009088760241706,0.8491410419312149,-0.30176962270077823,-0.911310674287764,0.9048055324001227,2.4413740852880284,1.4316811360790147,0.27645391515958084,3.0991640946418633,-0.4814607612315388,0.5043330225336705,-1.0161329645585022,1
-0.9738162891597597,0.9009088760241706,0.8491410419312149,-0.30262241105020055,-0.911310674287764,0.9048055324001227,2.4413740852880284,1.4316811360790147,-0.21700267650776528,3.0991640946418633,-0.997471732522988,0.028124246238143545,-1.0161329645585022,1
-0.9738162891597597,-1.1099901739376037,0.8491410419312149,-0.2981689607809951,-0.911310674287764,0.9048055324001227,2.4413740852880284,1.4316811360790147,0.4107278176540969,3.0991640946418633,-0.7394662468772634,-0.190138109563973,-1.0161329645585022,1
-0.9738162891597597,-1.1099901739376037,-1.179024470547907,-0.263315185092568,-0.911310674287764,0.9048055324001227,2.4413740852880284,-0.8828162337175963,0.03476089066945202,2.984492948497668,-0.4814607612315388,0.0479662785837905,-1.0161329645585022,1
-0.8043672005990544,-1.1099901739376037,-0.502969299721533,-0.9911384565708363,-0.911310674287764,0.21058638994196582,-0.7337137541835632,-1.461440576166749,-1.0427871768490378,1.7231103409115156,-0.4814607612315388,-2.0156050853634935,-1.0161329645585022,1
-0.634918112038349,-1.1099901739376037,1.5251962127575889,2.924060232757561,-0.23538436605243465,-1.177851894974348,2.4413740852880284,-0.8828162337175963,0.19253272610050842,-0.570312581972397,-0.997471732522988,0.6432272489531993,0.9841231756854657,0
-0.8043672005990544,0.9009088760241706,-1.179024470547907,2.847293488932711,-0.5733475201700994,-1.177851894974348,1.8079401023510524,-1.461440576166749,-0.707102420612748,-0.6849837281165926,-0.7394662468772634,1.3972244780877838,-1.0161329645585022,0
-0.46546902347764374,-1.1099901739376037,-1.179024470547907,2.8446087848697146,-0.06640278899360229,-1.177851894974348,2.4413740852880284,-0.8828162337175963,1.6997572816014495,-0.45564143582820127,-0.7394662468772634,-0.9441353386985575,0.9841231756854657,0
-0.2960199349169384,-1.1099901739376037,-0.502969299721533,2.8510678669977465,-0.23538436605243465,-1.177851894974348,1.6495816066168083,-0.8828162337175963,1.0787404825643134,-0.6849837281165926,-0.997471732522988,-0.7655570475877348,-1.0161329645585022,0
-0.8043672005990544,0.9009088760241706,-0.502969299721533,2.8279478273022973,-0.911310674287764,-1.177851894974348,4.024959042630468,0.2744324511807092,1.2700807936189982,0.003043148748581378,-0.7394662468772634,-0.2893482712922078,0.9841231756854657,0
-0.2960199349169384,0.9009088760241706,0.8491410419312149,2.8295428573632537,-0.5733475201700994,-1.177851894974348,0.38271364074285674,-0.8828162337175963,-1.0495008719737637,-1.0289971665491795,-0.997471732522988,-0.13061201252703214,0.9841231756854657,0
-0.8043672005990544,0.9009088760241706,0.8491410419312149,-0.2591933747370268,-0.911310674287764,0.9048055324001227,2.4413740852880284,0.853056793629862,0.7430557263280237,2.869821802353472,-0.997471732522988,1.238488219322608,-1.0161329645585022,1
-0.2960199349169384,-1.1099901739376037,0.17308587110484092,-0.37245630144178393,-0.5733475201700994,0.9048055324001227,2.4413740852880284,-1.461440576166749,0.2865244578466693,3.4431775330744507,-0.4814607612315388,1.1392780575943733,-1.0161329645585022,1
-0.9738162891597597,0.9009088760241706,-0.502969299721533,-0.2379526278856746,-0.911310674287764,0.9048055324001227,2.4413740852880284,-0.8828162337175963,0.8135495251376443,2.869821802353472,-0.4814607612315388,-1.162397694500674,-1.0161329645585022,1
-0.2960199349169384,-1.1099901739376037,0.8491410419312149,-0.34827817249797705,-0.911310674287764,0.9048055324001227,2.4413740852880284,-0.3041918912684436,1.4345663241747801,3.328506386930255,-0.997471732522988,-0.6068207888225592,-1.0161329645585022,1
-0.8043672005990544,0.9009088760241706,-1.179024470547907,-0.3567744712385179,-0.911310674287764,0.9048055324001227,2.4413740852880284,1.4316811360790147,2.3241309282009484,3.4431775330744507,-0.997471732522988,0.9210157017922567,-1.0161329645585022,1
-0.8043672005990544,-1.1099901739376037,0.8491410419312149,-0.9948180803748252,-0.5733475201700994,-1.177851894974348,-1.2958864140401292,-0.8828162337175963,-0.5896127559300467,-0.6849837281165926,-0.4814607612315388,-0.3488743683291487,-1.0161329645585022,0
-1.143265377720465,0.9009088760241706,1.5251962127575889,-0.9987977593387961,-0.911310674287764,0.21058638994196582,-0.804975077263973,1.4316811360790147,0.6624913848313142,1.4937680486231246,-0.4814607612315388,-0.6266628211682062,-1.0161329645585022,1
-0.9738162891597597,0.9009088760241706,-1.179024470547907,2.7303983155544884,-0.911310674287764,-1.177851894974348,1.0161476236798326,1.4316811360790147,-0.12972463988633004,-0.9143260204049839,-0.4814607612315388,-1.102871597463733,0.9841231756854657,0
-0.2960199349169384,-1.1099901739376037,-1.179024470547907,2.734472748779506,-0.404365943111267,0.21058638994196582,1.9662985980852963,0.853056793629862,0.27645391515958084,-0.570312581972397,-0.4814607612315388,-0.8846092416616166,0.9841231756854657,0
-0.2960199349169384,0.9009088760241706,-0.502969299721533,-0.33649705937447605,0.4405419421828948,0.9048055324001227,2.4413740852880284,1.4316811360790147,2.491973306319093,3.328506386930255,-0.997471732522988,-0.7457150152420878,-1.0161329645585022,1
-0.9738162891597597,0.9009088760241706,0.8491410419312149,-0.2036831701403702,-0.5733475201700994,0.9048055324001227,2.4413740852880284,-0.8828162337175963,0.001192415045823164,2.640479510065081,-0.4814607612315388,0.40512286080543575,-1.0161329645585022,1
-0.634918112038349,-1.1099901739376037,1.5251962127575889,-0.2095105571947561,-0.404365943111267,0.9048055324001227,2.4413740852880284,-0.3041918912684436,0.001192415045823164,2.7551506562092767,-0.4814607612315388,0.6035431842619053,-1.0161329645585022,1
-0.8043672005990544,0.9009088760241706,-0.502969299721533,-0.21020542177576684,-0.911310674287764,0.9048055324001227,2.4413740852880284,-0.8828162337175963,0.11868207972852446,2.7551506562092767,-0.7394662468772634,0.40512286080543575,-1.0161329645585022,1
-0.8043672005990544,0.9009088760241706,-1.179024470547907,-0.2005246947721394,-0.5733475201700994,0.9048055324001227,2.4413740852880284,-0.8828162337175963,1.5587696839822078,2.640479510065081,-0.7394662468772634,-0.686188918205147,-1.0161329645585022,1
-0.634918112038349,-1.1099901739376037,0.8491410419312149,-0.2051676535634387,-0.7423290972289317,0.9048055324001227,2.4413740852880284,0.853056793629862,0.7430557263280237,2.640479510065081,-0.4814607612315388,-0.051243883144444294,-1.0161329645585022,1
-0.2960199349169384,0.9009088760241706,-1.179024470547907,-0.1870380049497938,-0.5733475201700994,0.9048055324001227,2.4413740852880284,-1.461440576166749,0.6255660616453219,2.640479510065081,-0.997471732522988,0.08765034327508442,-1.0161329645585022,1
-0.634918112038349,0.9009088760241706,-1.179024470547907,2.615777244441392,-0.7423290972289317,0.21058638994196582,1.6495816066168083,0.2744324511807092,0.6826324702054911,-0.6849837281165926,-0.7394662468772634,0.5440170872249644,0.9841231756854657,0
-0.8043672005990544,0.9009088760241706,-1.179024470547907,2.3558031368823134,-0.911310674287764,-1.177851894974348,1.9662985980852963,-0.8828162337175963,2.206641263518246,-0.45564143582820127,-0.7394662468772634,0.12733440796637835,-1.0161329645585022,1
-0.8043672005990544,0.9009088760241706,0.8491410419312149,-0.979925869013617,-0.911310674287764,0.21058638994196582,-0.2903099661276801,0.853056793629862,2.02537149515065,3.328506386930255,-0.4814607612315388,-0.13061201252703214,-1.0161329645585022,1
-0.634918112038349,-1.1099901739376037,-1.179024470547907,-0.11530902933727195,-0.404365943111267,0.9048055324001227,2.4413740852880284,0.853056793629862,-0.005521280078902488,2.2964660716324943,-0.7394662468772634,-0.40840046536608954,-1.0161329645585022,1
-0.634918112038349,0.9009088760241706,-0.502969299721533,-0.10796557410613532,-0.7423290972289317,0.9048055324001227,2.4413740852880284,0.853056793629862,0.03476089066945202,2.2964660716324943,-0.7394662468772634,-0.09092794783573821,-1.0161329645585022,1
-0.2960199349169384,-1.1099901739376037,1.5251962127575889,-0.22156014072455665,-0.5733475201700994,0.9048055324001227,2.4413740852880284,-1.461440576166749,1.2835081838684501,2.7551506562092767,-0.997471732522988,-0.8052411122790287,-1.0161329645585022,1
-0.8043672005990544,0.9009088760241706,0.8491410419312149,-0.981568276205097,-0.7423290972289317,0.21058638994196582,-0.8841543251310949,-1.461440576166749,0.001192415045823164,1.035083464046342,-0.7394662468772634,-1.0433455004267922,-1.0161329645585022,1
-0.634918112038349,0.9009088760241706,-0.502969299721533,2.5468435195297543,-0.404365943111267,0.9048055324001227,0.38271364074285674,0.2744324511807092,0.5651428055227898,-1.0289971665491795,-0.997471732522988,0.028124246238143545,-1.0161329645585022,0
-0.634918112038349,0.9009088760241706,-1.179024470547907,2.5423268997531845,-0.404365943111267,-1.177851894974348,0.38271364074285674,-0.3041918912684436,0.8336906105118219,-1.0289971665491795,-0.997471732522988,0.9011736694466097,-1.0161329645585022,0
-1.143265377720465,0.9009088760241706,0.8491410419312149,2.5436850441615237,-0.911310674287764,-1.177851894974348,1.0161476236798326,-0.8828162337175963,1.223084927745918,-0.7996548742607882,-0.4814607612315388,-1.4997122443766724,0.9841231756854657,0
-0.46546902347764374,0.9009088760241706,-0.502969299721533,-0.22373948872863592,-0.404365943111267,0.9048055324001227,2.4413740852880284,-0.3041918912684436,1.9515208487786668,2.7551506562092767,-0.4814607612315388,0.782121475372728,-1.0161329645585022,1
-0.8043672005990544,0.9009088760241706,-0.502969299721533,-0.11365082976895079,-0.911310674287764,0.9048055324001227,2.4413740852880284,0.853056793629862,0.5785701957722418,2.2964660716324943,-0.7394662468772634,-0.38855843302044263,-1.0161329645585022,1
-0.8043672005990544,0.9009088760241706,0.8491410419312149,-0.11500897417729003,-0.404365943111267,0.9048055324001227,2.4413740852880284,0.853056793629862,-0.25392799969375696,2.2964660716324943,-0.4814607612315388,-1.3211339532658497,-1.0161329645585022,1
-1.143265377720465,0.9009088760241706,-1.179024470547907,-0.11159782077960075,-0.911310674287764,0.9048055324001227,2.4413740852880284,-0.8828162337175963,-0.005521280078902488,2.2964660716324943,-0.4814607612315388,1.694854963272488,-1.0161329645585022,1
-0.46546902347764374,0.9009088760241706,0.8491410419312149,-0.06957430600528973,-0.23538436605243465,0.9048055324001227,2.4413740852880284,0.2744324511807092,0.5785701957722418,2.1817949254882985,-0.997471732522988,-2.9481806056089,-1.0161329645585022,1
-0.9738162891597597,-1.1099901739376037,0.8491410419312149,-0.17506738330419902,-0.911310674287764,0.9048055324001227,2.4413740852880284,-0.3041918912684436,1.327147202179168,2.525808363920885,-0.7394662468772634,0.028124246238143545,-1.0161329645585022,1
-0.8043672005990544,-1.1099901739376037,-0.502969299721533,2.5466382186308194,-0.5733475201700994,-1.177851894974348,2.91644957249076,-0.8828162337175963,0.001192415045823164,-0.2262991435398101,-0.997471732522988,0.40512286080543575,0.9841231756854657,0
-1.143265377720465,0.9009088760241706,-0.502969299721533,2.544948434308816,-0.911310674287764,-1.177851894974348,2.4413740852880284,-1.461440576166749,1.0015329886299666,-0.45564143582820127,-0.997471732522988,1.317856348705196,-1.0161329645585022,0
-0.634918112038349,0.9009088760241706,0.8491410419312149,2.5417109970563794,-0.911310674287764,-1.177851894974348,2.2830155895537843,1.4316811360790147,-1.1804179269059165,-0.45564143582820127,-0.4814607612315388,0.46464895784237664,0.9841231756854657,0
-0.2960199349169384,0.9009088760241706,0.8491410419312149,2.5444746630035815,-0.404365943111267,-1.177851894974348,0.8577891279455886,-0.8828162337175963,1.2700807936189982,-0.9143260204049839,-0.7394662468772634,-0.13061201252703214,0.9841231756854657,0
-0.46546902347764374,0.9009088760241706,0.8491410419312149,2.5423426921300254,-0.5733475201700994,-1.177851894974348,0.9369683758127106,-1.461440576166749,0.3301634761573873,-0.9143260204049839,-0.997471732522988,0.5241750548793175,-1.0161329645585022,0
-0.634918112038349,-1.1099901739376037,0.8491410419312149,2.5429270100731483,-0.23538436605243465,0.9048055324001227,0.06599664927436881,-0.8828162337175963,-0.8447331706696268,-1.143668312693375,-0.4814607612315388,-0.5671367241312653,0.9841231756854657,0
-0.634918112038349,0.9009088760241706,-1.179024470547907,0.003718114914506377,-0.7423290972289317,0.9048055324001227,2.4413740852880284,-0.8828162337175963,-0.3680608168140954,1.952452633199907,-0.997471732522988,0.06780831092943747,-1.0161329645585022,1
-0.9738162891597597,0.9009088760241706,1.5251962127575889,0.0062133104554087226,-0.911310674287764,0.9048055324001227,2.4413740852880284,-0.8828162337175963,0.6893461653302174,1.952452633199907,-0.7394662468772634,-1.5592383414136133,-1.0161329645585022,1
-0.9738162891597597,0.9009088760241706,0.8491410419312149,2.5447589257867222,-0.911310674287764,-1.177851894974348,-0.09236184645987515,-1.461440576166749,-1.623521805137819,-1.143668312693375,-0.4814607612315388,-0.9044512740072636,0.9841231756854657,0
-0.46546902347764374,0.9009088760241706,-0.502969299721533,2.5440798535825526,-0.23538436605243465,0.9048055324001227,1.3328646151483206,-0.8828162337175963,1.7836784706605218,-0.7996548742607882,-0.7394662468772634,1.4964346398160184,0.9841231756854657,0
-0.46546902347764374,-1.1099901739376037,1.5251962127575889,2.5403370602711988,-0.5733475201700994,-1.177851894974348,0.38271364074285674,1.4316811360790147,-0.21028898138303903,-1.0289971665491795,-0.997471732522988,0.7225953783357871,0.9841231756854657,0
-0.46546902347764374,0.9009088760241706,-1.179024470547907,2.5471751594434187,-0.5733475201700994,-1.177851894974348,2.1325750186062526,0.853056793629862,1.1223795008750308,-0.45564143582820127,-0.7394662468772634,-1.0830295651180861,-1.0161329645585022,0
-0.634918112038349,0.9009088760241706,-0.502969299721533,2.5427375015510543,-0.06640278899360229,-1.177851894974348,1.6495816066168083,-1.461440576166749,0.001192415045823164,-0.6849837281165926,-0.7394662468772634,-0.3488743683291487,-1.0161329645585022,0
-0.634918112038349,-1.1099901739376037,1.5251962127575889,-0.11039760013967304,-0.7423290972289317,0.9048055324001227,2.4413740852880284,-1.461440576166749,0.001192415045823164,2.2964660716324943,-0.997471732522988,-1.5790803737592602,-1.0161329645585022,1
-1.143265377720465,0.9009088760241706,1.5251962127575889,-0.977572804864285,-0.911310674287764,0.21058638994196582,-1.042512820865339,-0.3041918912684436,0.001192415045823164,0.3470565871811683,-0.4814607612315388,0.0479662785837905,-1.0161329645585022,1
-0.2960199349169384,-1.1099901739376037,-1.179024470547907,0.02097918280188779,-0.404365943111267,0.9048055324001227,2.4413740852880284,0.853056793629862,1.4110683912382405,1.952452633199907,-0.997471732522988,-2.0156050853634935,-1.0161329645585022,1
-0.8043672005990544,0.9009088760241706,0.8491410419312149,0.01513600337066078,-0.7423290972289317,0.9048055324001227,2.4413740852880284,-0.8828162337175963,-1.0427871768490378,1.952452633199907,-0.4814607612315388,-0.22982217425526694,-1.0161329645585022,1
-0.634918112038349,0.9009088760241706,-0.502969299721533,0.025701103477392864,-0.7423290972289317,0.9048055324001227,2.4413740852880284,1.4316811360790147,-0.005521280078902488,1.952452633199907,-0.7394662468772634,0.821805540064022,-1.0161329645585022,1
-0.634918112038349,-1.1099901739376037,-1.179024470547907,0.044715125194142384,-0.911310674287764,0.9048055324001227,2.4413740852880284,0.853056793629862,1.0351014642535956,1.8377814870557112,-0.7394662468772634,1.0995939929030794,-1.0161329645585022,1
-0.46546902347764374,-1.1099901739376037,0.8491410419312149,0.06303428232988112,-0.404365943111267,0.9048055324001227,2.4413740852880284,0.853056793629862,2.17642963545698,1.8377814870557112,-0.997471732522988,-0.7060309505507939,-1.0161329645585022,1
-0.46546902347764374,0.9009088760241706,-1.179024470547907,2.5395316490523,-0.7423290972289317,-1.177851894974348,0.38271364074285674,-0.8828162337175963,0.15896425047687956,-1.0289971665491795,-0.7394662468772634,0.14717644031202531,-1.0161329645585022,0
-0.2960199349169384,-1.1099901739376037,-1.179024470547907,2.318864767450854,-0.911310674287764,-1.177851894974348,1.6495816066168083,1.4316811360790147,2.2603508245160526,-0.570312581972397,-0.997471732522988,-0.22982217425526694,-1.0161329645585022,1
-0.2960199349169384,-1.1099901739376037,-0.502969299721533,2.545801222658238,-0.06640278899360229,-1.177851894974348,-1.042512820865339,0.853056793629862,0.9780350556934264,-1.487681751125962,-0.7394662468772634,-0.4877685947486774,0.9841231756854657,0
-0.46546902347764374,0.9009088760241706,-0.502969299721533,0.08487513950119722,-0.404365943111267,0.9048055324001227,2.4413740852880284,-0.8828162337175963,1.4110683912382405,1.7231103409115156,-0.7394662468772634,0.40512286080543575,-1.0161329645585022,1
-0.9738162891597597,-1.1099901739376037,-0.502969299721533,-0.9752987025991589,-0.911310674287764,0.21058638994196582,-0.8841543251310949,0.2744324511807092,-0.005521280078902488,0.9204123179021463,-0.7394662468772634,-0.9441353386985575,-1.0161329645585022,1
-0.634918112038349,-1.1099901739376037,0.8491410419312149,0.07835288786580058,-0.404365943111267,0.9048055324001227,2.4413740852880284,-0.8828162337175963,0.2865244578466693,1.7231103409115156,-0.4814607612315388,-1.2616078562289088,-1.0161329645585022,1
-0.634918112038349,0.9009088760241706,-0.502969299721533,-0.973056185087715,-0.5733475201700994,0.21058638994196582,-0.5674373336626071,0.853056793629862,-1.1804179269059165,2.1817949254882985,-0.7394662468772634,-0.9044512740072636,-1.0161329645585022,1
-0.634918112038349,0.9009088760241706,-0.502969299721533,-0.18762232289291653,-0.7423290972289317,0.9048055324001227,2.4413740852880284,0.2744324511807092,1.8407448792206904,2.640479510065081,-0.4814607612315388,-0.03140185079879733,-1.0161329645585022,1
-0.46546902347764374,-1.1099901739376037,0.8491410419312149,0.0014440126493801889,-0.23538436605243465,0.9048055324001227,2.4413740852880284,1.4316811360790147,1.451350561986595,1.952452633199907,-0.997471732522988,-0.8052411122790287,-1.0161329645585022,1
-0.2960199349169384,-1.1099901739376037,0.8491410419312149,-0.0005458268326052258,0.10257878806523006,0.9048055324001227,2.4413740852880284,-0.3041918912684436,0.19253272610050842,1.952452633199907,-0.4814607612315388,0.9210157017922567,-1.0161329645585022,1
-0.46546902347764374,0.9009088760241706,0.8491410419312149,-0.9706083666773361,-0.7423290972289317,0.21058638994196582,-0.6664113934965095,-0.8828162337175963,-1.7510820125076092,1.7231103409115156,-0.997471732522988,0.2463866020402601,-1.0161329645585022,1
-0.46546902347764374,0.9009088760241706,-1.179024470547907,0.13018346865846828,-0.911310674287764,0.9048055324001227,2.4413740852880284,0.2744324511807092,0.7061304031420315,1.6084391947673204,-0.997471732522988,0.7225953783357871,-1.0161329645585022,1
-0.8043672005990544,-1.1099901739376037,-0.502969299721533,0.16107335775976567,-0.911310674287764,0.9048055324001227,2.4413740852880284,0.2744324511807092,-0.21700267650776528,1.6084391947673204,-0.7394662468772634,0.40512286080543575,-1.0161329645585022,1
-0.46546902347764374,0.9009088760241706,-0.502969299721533,0.17416523816108243,-0.7423290972289317,0.9048055324001227,2.4413740852880284,-1.461440576166749,-0.21700267650776528,1.4937680486231246,-0.997471732522988,-1.102871597463733,-1.0161329645585022,1
-0.634918112038349,0.9009088760241706,0.8491410419312149,2.3913675695285925,-0.911310674287764,0.9048055324001227,1.9662985980852963,0.2744324511807092,0.001192415045823164,-0.45564143582820127,-0.997471732522988,0.7027533459901402,0.9841231756854657,0
-1.143265377720465,0.9009088760241706,-0.502969299721533,2.3991690036881224,-0.911310674287764,-1.177851894974348,1.6495816066168083,1.4316811360790147,-1.4993184453303918,-0.570312581972397,-0.4814607612315388,-0.07108591549009124,-1.0161329645585022,0
-0.46546902347764374,-1.1099901739376037,-1.179024470547907,2.3784336128956873,-0.23538436605243465,-1.177851894974348,0.06599664927436881,0.2744324511807092,0.5114332445249834,-1.143668312693375,-0.4814607612315388,0.20670253734896618,-1.0161329645585022,0
-0.2960199349169384,0.9009088760241706,-0.502969299721533,2.36437839750706,-0.911310674287764,-1.177851894974348,0.8577891279455886,0.853056793629862,0.001192415045823164,-0.7996548742607882,-0.7394662468772634,-0.13061201252703214,-1.0161329645585022,0
-0.9738162891597597,0.9009088760241706,-0.502969299721533,2.3530236785582703,-0.911310674287764,-1.177851894974348,0.06599664927436881,1.4316811360790147,0.001192415045823164,-1.143668312693375,-0.7394662468772634,-1.4401861473397315,0.9841231756854657,0
-0.634918112038349,0.9009088760241706,-0.502969299721533,0.17416523816108243,-0.911310674287764,0.9048055324001227,2.4413740852880284,-0.8828162337175963,-0.25392799969375696,1.4937680486231246,-0.4814607612315388,0.305912699077201,-1.0161329645585022,1
-0.9738162891597597,0.9009088760241706,-1.179024470547907,0.1006675163423513,-0.911310674287764,0.9048055324001227,2.4413740852880284,-0.8828162337175963,1.6594751108530943,1.7231103409115156,-0.4814607612315388,0.305912699077201,-1.0161329645585022,1
-0.2960199349169384,0.9009088760241706,-1.179024470547907,2.350923292438397,-0.404365943111267,-1.177851894974348,1.6495816066168083,1.4316811360790147,0.3939435798422821,-0.570312581972397,-0.4814607612315388,0.7225953783357871,0.9841231756854657,0
-0.8043672005990544,0.9009088760241706,0.8491410419312149,2.354918763779209,-0.5733475201700994,0.21058638994196582,2.2830155895537843,0.853056793629862,0.27645391515958084,-0.45564143582820127,-0.7394662468772634,-1.9163949236352584,0.9841231756854657,0
-0.8043672005990544,0.9009088760241706,0.8491410419312149,0.2349816813763668,-0.7423290972289317,0.9048055324001227,2.4413740852880284,-1.461440576166749,0.001192415045823164,1.379096902478929,-0.997471732522988,-1.678290535487495,-1.0161329645585022,1
-0.8043672005990544,-1.1099901739376037,1.5251962127575889,0.23483954998479642,-0.911310674287764,0.9048055324001227,2.4413740852880284,1.4316811360790147,-0.12972463988633004,1.379096902478929,-0.7394662468772634,0.6829113136444932,-1.0161329645585022,1
-0.8043672005990544,0.9009088760241706,0.8491410419312149,0.24302000118851422,-0.911310674287764,0.9048055324001227,2.4413740852880284,1.4316811360790147,-0.08944246913797492,1.379096902478929,-0.7394662468772634,0.8614896047553159,-1.0161329645585022,1
-0.46546902347764374,0.9009088760241706,-1.179024470547907,2.2746461122956227,-0.7423290972289317,0.21058638994196582,0.06599664927436881,1.4316811360790147,-0.25392799969375696,-1.143668312693375,-0.4814607612315388,-1.2417658238832618,0.9841231756854657,0
-0.634918112038349,0.9009088760241706,0.8491410419312149,2.253879136749505,-0.911310674287764,-1.177851894974348,4.024959042630468,-0.8828162337175963,0.4745079213389917,0.23238544103697253,-0.997471732522988,-0.190138109563973,-1.0161329645585022,0
-0.46546902347764374,-1.1099901739376037,-0.502969299721533,2.259311714382862,-0.5733475201700994,0.9048055324001227,0.8577891279455886,1.4316811360790147,1.4312094766124175,-0.7996548742607882,-0.997471732522988,0.38528082845978884,0.9841231756854657,0
-0.634918112038349,-1.1099901739376037,0.8491410419312149,-0.07374349349135441,-0.7423290972289317,0.9048055324001227,2.4413740852880284,0.2744324511807092,1.451350561986595,2.1817949254882985,-0.997471732522988,-0.15045404487267908,-1.0161329645585022,1
-0.8043672005990544,-1.1099901739376037,0.8491410419312149,0.25636455961928944,-0.7423290972289317,0.9048055324001227,2.4413740852880284,1.4316811360790147,1.4110683912382405,1.379096902478929,-0.997471732522988,0.18686050500331922,-1.0161329645585022,1
-1.143265377720465,0.9009088760241706,-0.502969299721533,-0.9766884317611804,-0.911310674287764,0.21058638994196582,-0.527847709729046,1.4316811360790147,1.2465828606824585,2.411137217776689,-0.997471732522988,-1.0433455004267922,-1.0161329645585022,1
-0.634918112038349,0.9009088760241706,-1.179024470547907,0.264008070010408,-0.5733475201700994,0.9048055324001227,2.4413740852880284,0.853056793629862,1.575553921794022,1.379096902478929,-0.997471732522988,-0.20998014190961997,-1.0161329645585022,1
-0.634918112038349,0.9009088760241706,-0.502969299721533,0.258986094174921,-0.404365943111267,0.9048055324001227,2.4413740852880284,-0.8828162337175963,0.7866947446387411,1.379096902478929,-0.4814607612315388,-1.0235034680811452,-1.0161329645585022,1
-1.143265377720465,-1.1099901739376037,0.8491410419312149,-0.9710505532288883,-0.7423290972289317,-1.177851894974348,-1.2800505644667048,0.2744324511807092,0.001192415045823164,-0.6849837281165926,-0.4814607612315388,-0.190138109563973,-1.0161329645585022,0
-0.634918112038349,0.9009088760241706,1.5251962127575889,0.2673086767702092,-0.7423290972289317,0.9048055324001227,2.4413740852880284,-0.8828162337175963,-1.4724636648314886,1.379096902478929,-0.997471732522988,-0.9838194033898514,-1.0161329645585022,1
-0.2960199349169384,0.9009088760241706,-0.502969299721533,0.26906163059957733,-0.23538436605243465,0.9048055324001227,2.4413740852880284,-1.461440576166749,0.8739727812601764,1.379096902478929,-0.4814607612315388,0.2463866020402601,-1.0161329645585022,1
-0.9738162891597597,-1.1099901739376037,-1.179024470547907,2.2593432991365443,-0.5733475201700994,0.9048055324001227,2.4413740852880284,0.2744324511807092,0.11868207972852446,-0.34097028968400567,-0.997471732522988,-0.7853990799333818,0.9841231756854657,0
-0.2960199349169384,0.9009088760241706,-1.179024470547907,2.259501222904956,-0.404365943111267,0.21058638994196582,-0.7257958293968509,0.853056793629862,-1.1166378232210217,-1.3730106049817663,-0.997471732522988,0.5241750548793175,0.9841231756854657,0
-0.634918112038349,-1.1099901739376037,-0.502969299721533,2.260748820675407,-0.911310674287764,0.9048055324001227,1.9662985980852963,-0.3041918912684436,1.159304824061023,-0.45564143582820127,-0.4814607612315388,0.4448069254967297,0.9841231756854657,0
-0.8043672005990544,0.9009088760241706,-1.179024470547907,2.23698129352947,-0.5733475201700994,0.21058638994196582,-1.121692068732461,-0.8828162337175963,0.27645391515958084,-1.487681751125962,-0.997471732522988,-0.9838194033898514,0.9841231756854657,0
-0.634918112038349,-1.1099901739376037,-1.179024470547907,2.0183042514100094,-0.911310674287764,-1.177851894974348,1.6495816066168083,-1.461440576166749,0.8269769153870962,-0.45564143582820127,-0.4814607612315388,-1.0036614357354983,-1.0161329645585022,1
-0.634918112038349,-1.1099901739376037,-0.502969299721533,2.2261319306395975,-0.7423290972289317,-1.177851894974348,1.6495816066168083,0.2744324511807092,0.16232109803924238,-0.570312581972397,-0.7394662468772634,-2.5513399586959613,0.9841231756854657,0
-0.9738162891597597,0.9009088760241706,0.8491410419312149,2.2205414292378287,-0.911310674287764,-1.177851894974348,-1.359229812333827,-0.8828162337175963,0.001192415045823164,-1.6023528972701577,-0.997471732522988,-1.6187644384505542,0.9841231756854657,0
-0.46546902347764374,-1.1099901739376037,-1.179024470547907,2.2204150902230997,-0.7423290972289317,-1.177851894974348,0.8577891279455886,0.853056793629862,-1.6705176710108995,-0.7996548742607882,-0.7394662468772634,-2.0552891500547874,0.9841231756854657,0
-0.8043672005990544,-1.1099901739376037,-0.502969299721533,0.15647777609898983,-0.911310674287764,0.9048055324001227,2.4413740852880284,-1.461440576166749,1.7937490133476108,1.6084391947673204,-0.4814607612315388,0.821805540064022,-1.0161329645585022,1
-0.2960199349169384,-1.1099901739376037,0.8491410419312149,0.1594467429451268,-0.23538436605243465,0.9048055324001227,2.4413740852880284,-1.461440576166749,0.001192415045823164,1.6084391947673204,-0.4814607612315388,-0.7457150152420878,-1.0161329645585022,1
-0.46546902347764374,-1.1099901739376037,0.8491410419312149,0.29680883670948505,0.10257878806523006,0.9048055324001227,2.4413740852880284,-1.461440576166749,-1.2475548781531747,1.2644257563347332,-0.7394662468772634,-0.7060309505507939,-1.0161329645585022,1
-0.8043672005990544,0.9009088760241706,0.8491410419312149,0.30096223181870857,-0.06640278899360229,0.9048055324001227,2.4413740852880284,0.2744324511807092,0.11868207972852446,1.2644257563347332,-0.7394662468772634,-1.3211339532658497,-1.0161329645585022,1
-0.634918112038349,0.9009088760241706,0.8491410419312149,0.3083530641803687,-0.404365943111267,0.9048055324001227,2.4413740852880284,1.4316811360790147,-0.25392799969375696,1.2644257563347332,-0.997471732522988,0.6630692812988462,-1.0161329645585022,0
-0.634918112038349,-1.1099901739376037,-0.502969299721533,0.3276671410571001,-0.7423290972289317,0.9048055324001227,2.4413740852880284,-0.8828162337175963,0.03811773823181484,1.2644257563347332,-0.7394662468772634,1.238488219322608,-1.0161329645585022,0
-0.634918112038349,-1.1099901739376037,-0.502969299721533,0.32414544102152276,-0.5733475201700994,0.9048055324001227,2.4413740852880284,0.853056793629862,0.6423502994571366,1.2644257563347332,-0.7394662468772634,-1.12271362980938,0.9841231756854657,0
-0.634918112038349,0.9009088760241706,0.8491410419312149,2.163799419247562,-0.06640278899360229,0.9048055324001227,1.3328646151483206,-0.8828162337175963,2.562467105128714,-0.6849837281165926,-0.4814607612315388,0.3654387961141419,0.9841231756854657,0
-0.8043672005990544,-1.1099901739376037,-0.502969299721533,2.1632624784349628,-0.911310674287764,-1.177851894974348,2.91644957249076,0.853056793629862,-1.173704231781191,-0.11162799739561437,-0.7394662468772634,0.008282213892496587,0.9841231756854657,0
-0.8043672005990544,0.9009088760241706,1.5251962127575889,-0.9696134469363433,-0.7423290972289317,0.21058638994196582,-0.8841543251310949,-0.3041918912684436,1.9112386780303117,0.9204123179021463,-0.997471732522988,-1.3211339532658497,-1.0161329645585022,1
-0.9738162891597597,0.9009088760241706,1.5251962127575889,-0.9719033415783107,-0.911310674287764,0.21058638994196582,-1.1850354670261585,0.853056793629862,0.04483143335654109,-0.34097028968400567,-0.4814607612315388,-0.9838194033898514,-1.0161329645585022,0
-0.9738162891597597,-1.1099901739376037,-1.179024470547907,0.35386669423657474,-0.911310674287764,0.9048055324001227,2.4413740852880284,0.853056793629862,2.448334288008376,1.1497546101905376,-0.4814607612315388,-0.9242933063529105,0.9841231756854657,0
-0.634918112038349,-1.1099901739376037,-1.179024470547907,0.37096983835554465,-0.23538436605243465,0.9048055324001227,2.4413740852880284,0.2744324511807092,-0.12972463988633004,1.1497546101905376,-0.4814607612315388,-0.8052411122790287,0.9841231756854657,0
-0.634918112038349,0.9009088760241706,-0.502969299721533,2.1671000260073634,-0.5733475201700994,-1.177851894974348,0.6994306322113446,1.4316811360790147,0.3301634761573873,-0.9143260204049839,-0.997471732522988,-0.686188918205147,0.9841231756854657,0
-0.2960199349169384,0.9009088760241706,1.5251962127575889,2.165362864554836,-0.7423290972289317,-1.177851894974348,0.38271364074285674,1.4316811360790147,-0.46205254856025635,-0.9143260204049839,-0.4814607612315388,0.08765034327508442,0.9841231756854657,0
-0.46546902347764374,-1.1099901739376037,0.8491410419312149,1.457722250679563,-0.06640278899360229,-1.177851894974348,0.06599664927436881,0.2744324511807092,2.431550050196561,-0.9143260204049839,-0.4814607612315388,-0.09092794783573821,-1.0161329645585022,1
-0.8043672005990544,0.9009088760241706,1.5251962127575889,-0.9645756787240152,-0.911310674287764,-1.177851894974348,-0.5674373336626071,-1.461440576166749,0.001192415045823164,2.0671237793441026,-0.4814607612315388,0.6829113136444932,-1.0161329645585022,1
-0.634918112038349,0.9009088760241706,-1.179024470547907,0.40174918081895394,-0.06640278899360229,0.9048055324001227,2.4413740852880284,-0.3041918912684436,1.286865031430813,1.1497546101905376,-0.7394662468772634,-0.22982217425526694,0.9841231756854657,0
-0.634918112038349,0.9009088760241706,-0.502969299721533,0.17805016286400632,-0.7423290972289317,0.9048055324001227,2.4413740852880284,1.4316811360790147,1.239869165557732,1.4937680486231246,-0.7394662468772634,0.7027533459901402,-1.0161329645585022,1
-0.8043672005990544,-1.1099901739376037,0.8491410419312149,0.18913641140649648,-0.7423290972289317,0.9048055324001227,2.4413740852880284,-1.461440576166749,1.6829730437896346,1.4937680486231246,-0.4814607612315388,-1.7576586648700827,-1.0161329645585022,1
-0.8043672005990544,0.9009088760241706,-1.179024470547907,0.008566374604740681,-0.5733475201700994,0.9048055324001227,2.4413740852880284,0.2744324511807092,1.4647779522360462,1.952452633199907,-0.997471732522988,1.317856348705196,-1.0161329645585022,1
-0.46546902347764374,-1.1099901739376037,-0.502969299721533,0.4555853934704482,-0.5733475201700994,0.9048055324001227,2.4413740852880284,0.2744324511807092,-0.005521280078902488,1.035083464046342,-0.4814607612315388,-0.4282424977117365,-1.0161329645585022,0
-1.143265377720465,0.9009088760241706,-1.179024470547907,-0.963233326692517,-0.911310674287764,0.21058638994196582,-0.5357656345157582,-0.3041918912684436,-1.0427871768490378,2.1817949254882985,-0.997471732522988,-0.3488743683291487,-1.0161329645585022,1
-0.2960199349169384,-1.1099901739376037,0.8491410419312149,2.168679263691479,-0.06640278899360229,0.21058638994196582,2.4413740852880284,0.853056793629862,-0.005521280078902488,-0.2262991435398101,-0.4814607612315388,-1.4600281796853785,0.9841231756854657,0
-0.634918112038349,-1.1099901739376037,0.8491410419312149,2.165252317916948,-0.911310674287764,0.21058638994196582,1.8079401023510524,-0.8828162337175963,0.15896425047687956,-0.45564143582820127,-0.7394662468772634,-1.102871597463733,0.9841231756854657,0
-0.46546902347764374,0.9009088760241706,0.8491410419312149,2.1629940080286634,-0.7423290972289317,0.21058638994196582,1.6495816066168083,0.2744324511807092,1.092167872813765,-0.570312581972397,-0.4814607612315388,0.4844909901880236,0.9841231756854657,0
-0.2960199349169384,0.9009088760241706,-1.179024470547907,2.162346520578176,-0.06640278899360229,0.21058638994196582,0.06599664927436881,-0.3041918912684436,-1.0092187012254088,-1.0289971665491795,-0.4814607612315388,0.8614896047553159,0.9841231756854657,0
-0.46546902347764374,0.9009088760241706,-0.502969299721533,2.156819188683772,-0.911310674287764,-1.177851894974348,0.05807872448765661,1.4316811360790147,0.0851136041048956,-1.0289971665491795,-0.997471732522988,-0.6266628211682062,-1.0161329645585022,0
-0.8043672005990544,-1.1099901739376037,1.5251962127575889,-0.9619067670378602,-0.5733475201700994,0.21058638994196582,-0.808934039657329,0.2744324511807092,0.001192415045823164,1.1497546101905376,-0.4814607612315388,0.286070666731554,-1.0161329645585022,1
-0.8043672005990544,-1.1099901739376037,1.5251962127575889,0.22825412884203516,-0.911310674287764,0.9048055324001227,2.4413740852880284,1.4316811360790147,1.7836784706605218,1.379096902478929,-0.7394662468772634,-1.12271362980938,-1.0161329645585022,1
-0.46546902347764374,0.9009088760241706,1.5251962127575889,0.010429875071996863,-0.404365943111267,0.9048055324001227,2.4413740852880284,0.2744324511807092,2.3241309282009484,1.952452633199907,-0.4814607612315388,-0.40840046536608954,-1.0161329645585022,1
-0.8043672005990544,0.9009088760241706,-0.502969299721533,0.4620444755984802,-0.911310674287764,0.9048055324001227,2.4413740852880284,-1.461440576166749,0.11868207972852446,1.035083464046342,-0.7394662468772634,0.9011736694466097,-1.0161329645585022,0
-0.634918112038349,-1.1099901739376037,-1.179024470547907,0.25020553265123935,-0.7423290972289317,0.9048055324001227,2.4413740852880284,-1.461440576166749,1.327147202179168,1.379096902478929,-0.4814607612315388,-1.7973427295613766,-1.0161329645585022,1
-0.634918112038349,-1.1099901739376037,-1.179024470547907,0.4899653978536406,-0.7423290972289317,0.9048055324001227,2.4413740852880284,0.853056793629862,0.8135495251376443,1.035083464046342,-0.7394662468772634,1.5162766721616654,0.9841231756854657,0
-0.46546902347764374,0.9009088760241706,-1.179024470547907,0.4987301670004812,-0.5733475201700994,0.9048055324001227,2.4413740852880284,-0.3041918912684436,0.5651428055227898,0.9204123179021463,-0.7394662468772634,-0.20998014190961997,0.9841231756854657,0
-0.634918112038349,0.9009088760241706,-1.179024470547907,0.502504545065517,-0.23538436605243465,0.9048055324001227,2.4413740852880284,1.4316811360790147,0.5785701957722418,0.9204123179021463,-0.4814607612315388,0.18686050500331922,0.9841231756854657,0
-0.8043672005990544,-1.1099901739376037,0.8491410419312149,0.5288304372597209,-0.911310674287764,0.9048055324001227,2.4413740852880284,1.4316811360790147,1.4110683912382405,0.9204123179021463,-0.4814607612315388,0.5440170872249644,-1.0161329645585022,0
-0.8043672005990544,-1.1099901739376037,-0.502969299721533,-0.9591431010906581,-0.7423290972289317,-1.177851894974348,-1.240460940533144,0.2744324511807092,0.561785957960427,-0.570312581972397,-0.7394662468772634,-0.9044512740072636,0.9841231756854657,0
-0.8043672005990544,-1.1099901739376037,0.8491410419312149,0.09281870505229772,-0.911310674287764,0.9048055324001227,2.4413740852880284,0.2744324511807092,2.6967410076232294,1.7231103409115156,-0.4814607612315388,0.26622863438590705,-1.0161329645585022,1
-0.46546902347764374,-1.1099901739376037,1.5251962127575889,0.3506608417378205,0.2715603651240624,0.9048055324001227,2.4413740852880284,-1.461440576166749,1.6594751108530943,1.1497546101905376,-0.7394662468772634,0.08765034327508442,-1.0161329645585022,1
-0.2960199349169384,0.9009088760241706,-0.502969299721533,2.07030854834793,-0.06640278899360229,-1.177851894974348,-1.1058562191590364,1.4316811360790147,-0.707102420612748,-1.487681751125962,-0.4814607612315388,1.694854963272488,-1.0161329645585022,0
-0.46546902347764374,0.9009088760241706,1.5251962127575889,2.0686977259101322,-0.23538436605243465,-1.177851894974348,-0.2507203421941191,-0.3041918912684436,-1.0427871768490378,-1.143668312693375,-0.997471732522988,-0.8846092416616166,0.9841231756854657,0
-0.9738162891597597,0.9009088760241706,-1.179024470547907,2.0632019787694107,-0.911310674287764,-1.177851894974348,1.3328646151483206,-0.8828162337175963,0.001192415045823164,-0.570312581972397,-0.997471732522988,0.38528082845978884,-1.0161329645585022,0
-0.8043672005990544,0.9009088760241706,-0.502969299721533,2.0692346667227315,-0.911310674287764,-1.177851894974348,1.8079401023510524,0.853056793629862,0.3301634761573873,-0.45564143582820127,-0.7394662468772634,-0.24966420660091387,0.9841231756854657,0
-0.8043672005990544,0.9009088760241706,0.8491410419312149,-0.9609276396737085,-0.5733475201700994,0.21058638994196582,-0.8841543251310949,-1.461440576166749,0.9981761410676039,0.8057411717579506,-0.4814607612315388,0.6829113136444932,-1.0161329645585022,1
-0.8043672005990544,-1.1099901739376037,-1.179024470547907,-0.9630754029241055,-0.911310674287764,0.21058638994196582,-0.7891392276905486,1.4316811360790147,-0.005521280078902488,1.1497546101905376,-0.997471732522988,1.0995939929030794,-1.0161329645585022,1
-0.9738162891597597,0.9009088760241706,-1.179024470547907,0.4229899276703062,-0.911310674287764,0.9048055324001227,2.4413740852880284,-1.461440576166749,1.5352717510456675,1.035083464046342,-0.997471732522988,0.6829113136444932,-1.0161329645585022,1
-0.46546902347764374,0.9009088760241706,1.5251962127575889,0.1706909152560285,-0.23538436605243465,0.9048055324001227,2.4413740852880284,0.2744324511807092,-0.005521280078902488,1.6084391947673204,-0.997471732522988,1.1789621222856672,-1.0161329645585022,1
-0.46546902347764374,0.9009088760241706,-0.502969299721533,0.4225793258724362,-0.7423290972289317,0.9048055324001227,2.4413740852880284,1.4316811360790147,1.327147202179168,1.035083464046342,-0.4814607612315388,-1.4005020826484376,-1.0161329645585022,1
-0.46546902347764374,0.9009088760241706,0.8491410419312149,-0.9594115714969578,-0.23538436605243465,0.21058638994196582,-1.240460940533144,-0.3041918912684436,1.4446368668618692,-0.570312581972397,-0.4814607612315388,-0.15045404487267908,0.9841231756854657,0
-0.2960199349169384,0.9009088760241706,0.8491410419312149,0.4186470240389888,-0.06640278899360229,0.9048055324001227,2.4413740852880284,1.4316811360790147,1.5587696839822078,1.035083464046342,-0.7394662468772634,0.32575473142284794,-1.0161329645585022,1
-0.46546902347764374,-1.1099901739376037,0.8491410419312149,0.6441147882001457,-0.404365943111267,0.9048055324001227,2.4413740852880284,1.4316811360790147,-0.5627579754311435,0.8057411717579506,-0.4814607612315388,-1.7378166325244357,0.9841231756854657,0
-0.8043672005990544,0.9009088760241706,0.8491410419312149,-0.9608802625431851,-0.404365943111267,-1.177851894974348,-0.9474977234247925,0.853056793629862,0.8269769153870962,0.5763988794695595,-0.4814607612315388,-1.8370267942526706,-1.0161329645585022,1
-0.634918112038349,-1.1099901739376037,-1.179024470547907,0.6976035685611346,-0.911310674287764,0.9048055324001227,2.4413740852880284,0.853056793629862,-0.21700267650776528,0.6910700256137552,-0.7394662468772634,0.08765034327508442,0.9841231756854657,0
-0.634918112038349,0.9009088760241706,-1.179024470547907,0.5016201719624124,-0.23538436605243465,0.9048055324001227,2.4413740852880284,-0.3041918912684436,1.934736610966852,0.9204123179021463,-0.4814607612315388,-0.6465048535138531,-1.0161329645585022,1
-0.8043672005990544,0.9009088760241706,0.8491410419312149,0.5167808537299203,-0.7423290972289317,0.9048055324001227,2.4413740852880284,-1.461440576166749,1.2029438423717405,0.9204123179021463,-0.997471732522988,0.008282213892496587,-1.0161329645585022,1
-0.9738162891597597,0.9009088760241706,0.8491410419312149,2.0692504590995724,-0.911310674287764,0.9048055324001227,-0.963333572998217,1.4316811360790147,0.30330869565848406,-1.3730106049817663,-0.997471732522988,-0.8846092416616166,-1.0161329645585022,0
-0.8043672005990544,-1.1099901739376037,-1.179024470547907,2.065807720948201,-0.5733475201700994,-1.177851894974348,-0.3774071387815143,-0.8828162337175963,-0.8816584938556186,-1.2583394588375707,-0.7394662468772634,-0.17029607721832604,0.9841231756854657,0
-0.46546902347764374,0.9009088760241706,0.8491410419312149,2.0655708352955835,0.2715603651240624,0.9048055324001227,-0.09236184645987515,1.4316811360790147,-0.1397951825734185,-1.143668312693375,-0.7394662468772634,-2.134657279437375,0.9841231756854657,0
-0.46546902347764374,0.9009088760241706,0.8491410419312149,2.0543898324920464,-0.404365943111267,-1.177851894974348,-0.12403354560672394,-1.461440576166749,1.0955247203761276,-1.143668312693375,-0.7394662468772634,-0.32903233598350173,0.9841231756854657,0
-0.2960199349169384,-1.1099901739376037,1.5251962127575889,2.0524315777637434,-0.404365943111267,0.9048055324001227,0.38271364074285674,-1.461440576166749,0.5114332445249834,-0.9143260204049839,-0.4814607612315388,0.8416475724096689,-1.0161329645585022,0
-0.46546902347764374,-1.1099901739376037,-1.179024470547907,1.821783913998688,-0.7423290972289317,-1.177851894974348,2.4413740852880284,-1.461440576166749,1.676259348664909,-0.11162799739561437,-0.7394662468772634,0.5837011519162584,-1.0161329645585022,1
-0.2960199349169384,0.9009088760241706,1.5251962127575889,2.0448512368799894,-0.5733475201700994,-1.177851894974348,0.06599664927436881,1.4316811360790147,0.23617174441122635,-1.0289971665491795,-0.4814607612315388,-0.9441353386985575,0.9841231756854657,0
-1.143265377720465,0.9009088760241706,1.5251962127575889,-0.9654916365808022,-0.911310674287764,0.21058638994196582,-1.0148000841118463,-0.3041918912684436,0.1791053358510565,0.3470565871811683,-0.7394662468772634,1.0599099282117854,-1.0161329645585022,1
-0.46546902347764374,-1.1099901739376037,-0.502969299721533,0.5768866399873527,-0.5733475201700994,0.9048055324001227,2.4413740852880284,-0.3041918912684436,1.5688402266692962,0.8057411717579506,-0.4814607612315388,-0.7457150152420878,-1.0161329645585022,1
-1.143265377720465,-1.1099901739376037,-1.179024470547907,-0.9592378553517051,-0.5733475201700994,-1.177851894974348,-1.2800505644667048,-0.8828162337175963,-0.1397951825734185,-0.6849837281165926,-0.997471732522988,-1.8965528912896115,0.9841231756854657,0
-0.634918112038349,-1.1099901739376037,0.8491410419312149,0.6081239613791555,-0.911310674287764,0.9048055324001227,2.4413740852880284,-0.3041918912684436,0.5382880250238866,0.8057411717579506,-0.997471732522988,-0.15045404487267908,-1.0161329645585022,1
-0.2960199349169384,-1.1099901739376037,0.8491410419312149,0.8459413642300949,-0.911310674287764,0.9048055324001227,2.4413740852880284,0.853056793629862,0.001192415045823164,0.5763988794695595,-0.997471732522988,0.16701847265767225,0.9841231756854657,0
-0.8043672005990544,-1.1099901739376037,-1.179024470547907,-0.95697954546342,-0.23538436605243465,-1.177851894974348,-1.0741845200121878,0.853056793629862,-0.8447331706696268,0.003043148748581378,-0.7394662468772634,0.5638591195706114,-1.0161329645585022,1
-0.46546902347764374,0.9009088760241706,0.8491410419312149,1.7757175507530416,-0.7423290972289317,0.9048055324001227,3.2331665639592484,0.853056793629862,2.102578989084997,0.23238544103697253,-0.4814607612315388,-1.102871597463733,-1.0161329645585022,1
-0.634918112038349,0.9009088760241706,-0.502969299721533,2.0015011624510217,-0.23538436605243465,0.9048055324001227,1.3328646151483206,-1.461440576166749,-0.707102420612748,-0.570312581972397,-0.4814607612315388,-1.8965528912896115,0.9841231756854657,0
-0.46546902347764374,-1.1099901739376037,0.8491410419312149,1.9762017747514928,0.10257878806523006,-1.177851894974348,0.06599664927436881,0.2744324511807092,0.03476089066945202,-1.0289971665491795,-0.4814607612315388,0.26622863438590705,0.9841231756854657,0
-0.634918112038349,0.9009088760241706,0.8491410419312149,1.7501970697777367,-0.7423290972289317,0.9048055324001227,2.4413740852880284,-0.3041918912684436,1.2029438423717405,-0.11162799739561437,-0.997471732522988,0.40512286080543575,-1.0161329645585022,1
-0.2960199349169384,-1.1099901739376037,-1.179024470547907,1.9734539011811318,-0.404365943111267,0.9048055324001227,0.5410721364771007,1.4316811360790147,0.4745079213389917,-0.9143260204049839,-0.7394662468772634,0.4249648931510827,-1.0161329645585022,0
-0.634918112038349,0.9009088760241706,-1.179024470547907,0.32924637874121554,-0.911310674287764,0.9048055324001227,2.4413740852880284,0.2744324511807092,0.001192415045823164,1.2644257563347332,-0.997471732522988,0.0479662785837905,-1.0161329645585022,1
-0.634918112038349,-1.1099901739376037,1.5251962127575889,0.8420722319040121,-0.404365943111267,0.9048055324001227,2.4413740852880284,-0.3041918912684436,1.575553921794022,0.5763988794695595,-0.997471732522988,0.8416475724096689,0.9841231756854657,0
-0.9738162891597597,-1.1099901739376037,1.5251962127575889,-0.963122780054629,-0.911310674287764,0.21058638994196582,-1.121692068732461,-0.3041918912684436,0.5114332445249834,-0.11162799739561437,-0.7394662468772634,-0.2893482712922078,-1.0161329645585022,1
-0.46546902347764374,-1.1099901739376037,1.5251962127575889,1.2947291293020116,-0.911310674287764,0.9048055324001227,-0.7257958293968509,0.2744324511807092,1.8407448792206904,-1.2583394588375707,-0.997471732522988,-0.46792656240303043,-1.0161329645585022,1
-0.46546902347764374,-1.1099901739376037,-0.502969299721533,1.9777494276819259,-0.911310674287764,-1.177851894974348,1.6495816066168083,-0.8828162337175963,-1.1804179269059165,-0.45564143582820127,-0.997471732522988,-1.7378166325244357,0.9841231756854657,0
-0.9738162891597597,-1.1099901739376037,0.8491410419312149,0.6586595672708486,-0.5733475201700994,0.9048055324001227,2.4413740852880284,-1.461440576166749,1.327147202179168,0.8057411717579506,-0.997471732522988,-0.07108591549009124,-1.0161329645585022,1
-0.46546902347764374,0.9009088760241706,-1.179024470547907,0.8890545530064455,0.10257878806523006,0.9048055324001227,2.4413740852880284,0.2744324511807092,0.5785701957722418,0.4617277333253637,-0.4814607612315388,-1.8568688265983175,-1.0161329645585022,0
-0.634918112038349,0.9009088760241706,1.5251962127575889,1.0265903629160564,-0.23538436605243465,0.9048055324001227,2.4413740852880284,-0.8828162337175963,-0.11965409719924096,0.3470565871811683,-0.4814607612315388,-0.7853990799333818,0.9841231756854657,0
-0.46546902347764374,-1.1099901739376037,0.8491410419312149,1.0316123387515435,-0.404365943111267,0.9048055324001227,2.4413740852880284,0.2744324511807092,-0.08944246913797492,0.3470565871811683,-0.997471732522988,1.0003838311748445,-1.0161329645585022,0
-0.8043672005990544,0.9009088760241706,-0.502969299721533,1.0279642997012368,-0.7423290972289317,0.9048055324001227,2.4413740852880284,-0.8828162337175963,-0.34120603631519225,0.3470565871811683,-0.997471732522988,0.7424374106814341,0.9841231756854657,0
-0.634918112038349,0.9009088760241706,1.5251962127575889,0.49024966063678144,-0.911310674287764,0.9048055324001227,2.4413740852880284,0.2744324511807092,1.451350561986595,1.035083464046342,-0.997471732522988,0.5837011519162584,-1.0161329645585022,1
-1.143265377720465,-1.1099901739376037,0.8491410419312149,-0.9553687230256224,-0.5733475201700994,0.21058638994196582,-1.359229812333827,1.4316811360790147,-1.2475548781531747,-1.0289971665491795,-0.4814607612315388,0.9606997664835506,0.9841231756854657,0
-0.2960199349169384,0.9009088760241706,0.8491410419312149,0.7925631305069941,-0.7423290972289317,0.9048055324001227,2.4413740852880284,0.853056793629862,1.357358830240434,0.5763988794695595,-0.7394662468772634,0.06780831092943747,-1.0161329645585022,1
-0.2960199349169384,0.9009088760241706,1.5251962127575889,1.2220526110790206,-0.911310674287764,0.9048055324001227,2.4413740852880284,0.853056793629862,-0.0860856215756121,0.23238544103697253,-0.7394662468772634,0.8813316371009629,0.9841231756854657,0
-0.8043672005990544,-1.1099901739376037,-0.502969299721533,1.2173622751571977,-0.404365943111267,0.9048055324001227,2.4413740852880284,-0.8828162337175963,1.6829730437896346,0.23238544103697253,-0.997471732522988,0.46464895784237664,0.9841231756854657,0
-0.8043672005990544,-1.1099901739376037,-1.179024470547907,1.2166832029530281,-0.911310674287764,0.9048055324001227,2.4413740852880284,1.4316811360790147,0.16232109803924238,0.23238544103697253,-0.4814607612315388,0.821805540064022,0.9841231756854657,0
-0.46546902347764374,-1.1099901739376037,-1.179024470547907,1.9755542873010055,0.10257878806523006,0.21058638994196582,1.6495816066168083,-0.8828162337175963,0.5114332445249834,-0.45564143582820127,-0.4814607612315388,-0.9044512740072636,-1.0161329645585022,0
-0.2960199349169384,-1.1099901739376037,-0.502969299721533,1.9764228680272689,-0.5733475201700994,-1.177851894974348,0.38271364074285674,1.4316811360790147,0.860545391010725,-0.9143260204049839,-0.997471732522988,0.5043330225336705,-1.0161329645585022,0
-0.9738162891597597,0.9009088760241706,0.8491410419312149,1.956240210424274,-0.23538436605243465,0.9048055324001227,0.6994306322113446,0.853056793629862,0.04483143335654109,-0.7996548742607882,-0.7394662468772634,-1.0235034680811452,0.9841231756854657,0
-0.2960199349169384,0.9009088760241706,0.8491410419312149,1.9497021664120362,-0.404365943111267,0.9048055324001227,2.3226052134873454,0.2744324511807092,0.6255660616453219,-0.2262991435398101,-0.7394662468772634,-0.5274526594399713,0.9841231756854657,0
-0.8043672005990544,-1.1099901739376037,-1.179024470547907,1.9502548996014766,-0.911310674287764,0.9048055324001227,1.6495816066168083,-0.8828162337175963,0.19253272610050842,-0.45564143582820127,-0.7394662468772634,0.305912699077201,-1.0161329645585022,0
-0.634918112038349,-1.1099901739376037,-1.179024470547907,1.9393897443347625,-0.404365943111267,0.9048055324001227,-1.2325430157464317,-0.3041918912684436,0.03811773823181484,-1.487681751125962,-0.7394662468772634,-1.3806600503027906,0.9841231756854657,0
-0.46546902347764374,-1.1099901739376037,1.5251962127575889,1.9363891927349433,-0.7423290972289317,-1.177851894974348,4.024959042630468,0.853056793629862,-0.11965409719924096,0.3470565871811683,-0.997471732522988,-0.8647672093159696,0.9841231756854657,0
-0.634918112038349,0.9009088760241706,-1.179024470547907,1.288301631927662,-0.7423290972289317,0.9048055324001227,2.4413740852880284,-1.461440576166749,-0.21364582894540246,0.1177142948927768,-0.997471732522988,0.16701847265767225,-1.0161329645585022,0
-0.634918112038349,0.9009088760241706,-1.179024470547907,-0.9512153279163988,-0.404365943111267,0.21058638994196582,-0.9950052721450657,-0.3041918912684436,-1.5496711587658354,0.3470565871811683,-0.4814607612315388,0.08765034327508442,-1.0161329645585022,1
-0.634918112038349,0.9009088760241706,0.8491410419312149,1.2956450871587986,-0.5733475201700994,0.9048055324001227,2.4413740852880284,0.853056793629862,1.6997572816014495,0.1177142948927768,-0.7394662468772634,-1.0830295651180861,0.9841231756854657,0
-0.46546902347764374,-1.1099901739376037,-0.502969299721533,1.2894544754370663,-0.911310674287764,0.9048055324001227,2.4413740852880284,0.2744324511807092,-0.12972463988633004,0.1177142948927768,-0.997471732522988,0.5440170872249644,0.9841231756854657,0
-0.46546902347764374,0.9009088760241706,0.8491410419312149,-0.955226591634052,-0.404365943111267,0.21058638994196582,-1.01084112171849,1.4316811360790147,2.3778404891987543,0.23238544103697253,-0.997471732522988,-0.9242933063529105,-1.0161329645585022,1
-0.46546902347764374,0.9009088760241706,-1.179024470547907,1.3143116765850427,-0.06640278899360229,0.9048055324001227,2.4413740852880284,-0.8828162337175963,0.11868207972852446,0.1177142948927768,-0.4814607612315388,-1.3012919209202027,0.9841231756854657,0
-0.2960199349169384,-1.1099901739376037,-0.502969299721533,1.3229816914708363,-0.06640278899360229,0.9048055324001227,2.4413740852880284,-1.461440576166749,0.5114332445249834,0.1177142948927768,-0.4814607612315388,-1.0036614357354983,0.9841231756854657,0
-0.46546902347764374,-1.1099901739376037,-0.502969299721533,1.5012618336306247,-0.404365943111267,0.9048055324001227,2.4413740852880284,-0.8828162337175963,-0.34120603631519225,0.003043148748581378,-0.4814607612315388,1.5758027691986063,0.9841231756854657,0
-0.8043672005990544,0.9009088760241706,0.8491410419312149,1.59671095925856,-0.23538436605243465,0.9048055324001227,2.4413740852880284,-0.8828162337175963,-0.21700267650776528,0.003043148748581378,-0.7394662468772634,0.821805540064022,-1.0161329645585022,0
-0.8043672005990544,-1.1099901739376037,1.5251962127575889,1.8794576742225828,-0.911310674287764,-1.177851894974348,0.0026532509806712224,-0.8828162337175963,-1.6839450612603513,-1.0289971665491795,-0.7394662468772634,-1.9957630530178463,0.9841231756854657,0
-0.9738162891597597,-1.1099901739376037,1.5251962127575889,1.656469313225487,-0.7423290972289317,-1.177851894974348,2.2830155895537843,-1.461440576166749,1.5486991412951188,-0.11162799739561437,-0.997471732522988,0.7424374106814341,-1.0161329645585022,1
-0.634918112038349,0.9009088760241706,1.5251962127575889,1.8785417163657958,0.10257878806523006,-1.177851894974348,1.6495816066168083,0.853056793629862,-0.21364582894540246,-0.45564143582820127,-0.4814607612315388,0.5043330225336705,-1.0161329645585022,0
-0.46546902347764374,0.9009088760241706,-1.179024470547907,1.8871485617442247,-0.911310674287764,-1.177851894974348,2.4413740852880284,-0.3041918912684436,2.931720336988632,-0.11162799739561437,-0.4814607612315388,0.7225953783357871,-1.0161329645585022,0
-1.143265377720465,0.9009088760241706,-0.502969299721533,1.8776099661321677,-0.911310674287764,-1.177851894974348,1.6495816066168083,-0.8828162337175963,-1.3751150855229646,-0.45564143582820127,-0.4814607612315388,0.9606997664835506,0.9841231756854657,0
-0.8043672005990544,0.9009088760241706,-1.179024470547907,-0.9454195256156953,-0.404365943111267,0.21058638994196582,-0.5674373336626071,0.2744324511807092,-1.0427871768490378,1.8377814870557112,-0.997471732522988,-0.2893482712922078,-1.0161329645585022,1
-0.8043672005990544,-1.1099901739376037,-0.502969299721533,-0.9397816470834033,-0.23538436605243465,-1.177851894974348,-1.1573227302726659,-1.461440576166749,0.6893461653302174,-0.34097028968400567,-0.4814607612315388,-1.182239726846321,0.9841231756854657,0
-0.8043672005990544,-1.1099901739376037,0.8491410419312149,-0.9483411153313088,-0.911310674287764,0.21058638994196582,-1.2008713165995828,0.853056793629862,-1.5496711587658354,-0.45564143582820127,-0.7394662468772634,-2.8092863791893716,0.9841231756854657,0
-0.8043672005990544,0.9009088760241706,1.5251962127575889,1.559504119420801,-0.5733475201700994,0.9048055324001227,2.4413740852880284,-1.461440576166749,1.3170766594920789,0.003043148748581378,-0.7394662468772634,-0.8449251769703227,-1.0161329645585022,1
-0.8043672005990544,-1.1099901739376037,0.8491410419312149,-0.9394657995465802,-0.911310674287764,-1.177851894974348,-0.6307807319563046,0.2744324511807092,0.6154955189582334,1.4937680486231246,-0.4814607612315388,-0.9044512740072636,-1.0161329645585022,1
-0.634918112038349,0.9009088760241706,1.5251962127575889,-0.9405396811717787,-0.5733475201700994,0.21058638994196582,-0.9435387610314364,1.4316811360790147,2.0589399707742797,0.4617277333253637,-0.997471732522988,0.305912699077201,-1.0161329645585022,1
-0.9738162891597597,0.9009088760241706,1.5251962127575889,-0.9414240542748833,-0.911310674287764,-1.177851894974348,-0.646616581529729,1.4316811360790147,-1.2979075915886182,1.4937680486231246,-0.7394662468772634,1.0797519605574324,-1.0161329645585022,1
-0.46546902347764374,0.9009088760241706,-0.502969299721533,2.0691557048385256,-0.911310674287764,0.9048055324001227,2.4413740852880284,0.853056793629862,-0.707102420612748,-0.2262991435398101,-0.997471732522988,-0.22982217425526694,-1.0161329645585022,0
-0.9738162891597597,-1.1099901739376037,0.8491410419312149,-0.9397184775760387,-0.911310674287764,0.21058638994196582,-1.2008713165995828,0.853056793629862,0.4745079213389917,-0.45564143582820127,-0.7394662468772634,-0.8449251769703227,0.9841231756854657,0
-0.634918112038349,0.9009088760241706,-1.179024470547907,2.262801829664757,-0.911310674287764,0.9048055324001227,2.4413740852880284,-0.3041918912684436,0.561785957960427,-0.34097028968400567,-0.997471732522988,0.8614896047553159,0.9841231756854657,0
-0.46546902347764374,-1.1099901739376037,-1.179024470547907,1.826395288036305,-0.911310674287764,0.9048055324001227,2.4413740852880284,0.853056793629862,0.007906110170548816,-0.11162799739561437,-0.997471732522988,0.8813316371009629,0.9841231756854657,0
-0.2960199349169384,0.9009088760241706,-0.502969299721533,1.8039701129218664,0.10257878806523006,0.9048055324001227,3.2331665639592484,1.4316811360790147,-1.0427871768490378,0.1177142948927768,-0.4814607612315388,0.3654387961141419,0.9841231756854657,0
-0.9738162891597597,0.9009088760241706,0.8491410419312149,1.7912888343184195,-0.911310674287764,-1.177851894974348,4.024959042630468,0.2744324511807092,-0.11965409719924096,0.4617277333253637,-0.4814607612315388,-0.6068207888225592,0.9841231756854657,0
-0.46546902347764374,0.9009088760241706,0.8491410419312149,3.01764585791824,-0.5733475201700994,0.9048055324001227,2.4413740852880284,1.4316811360790147,0.2865244578466693,-0.570312581972397,-0.4814607612315388,0.38528082845978884,-1.0161329645585022,0
-0.46546902347764374,0.9009088760241706,-1.179024470547907,-0.942624274914811,-0.06640278899360229,0.21058638994196582,-0.7257958293968509,0.853056793629862,-0.6936750303632967,1.2644257563347332,-0.4814607612315388,-1.202081759191968,-1.0161329645585022,1
-0.8043672005990544,0.9009088760241706,-0.502969299721533,-0.9354071586984036,-0.911310674287764,0.21058638994196582,-0.8247698892307535,1.4316811360790147,-0.46205254856025635,0.8057411717579506,-0.4814607612315388,-2.075131182400434,-1.0161329645585022,1
-0.46546902347764374,-1.1099901739376037,0.8491410419312149,-0.30270137293440635,-0.404365943111267,0.9048055324001227,2.401784461354467,0.853056793629862,1.0787404825643134,3.0991640946418633,-0.7394662468772634,0.10749237562073138,-1.0161329645585022,1
-0.8043672005990544,-1.1099901739376037,0.8491410419312149,-0.11219793109956461,-0.5733475201700994,0.9048055324001227,2.401784461354467,-1.461440576166749,-0.5627579754311435,2.2964660716324943,-0.7394662468772634,0.4448069254967297,-1.0161329645585022,1
-0.634918112038349,0.9009088760241706,1.5251962127575889,0.3490342269231816,-0.404365943111267,0.9048055324001227,2.362194837420906,0.2744324511807092,0.954537122756886,1.1497546101905376,-0.4814607612315388,-0.11076998018138517,0.9841231756854657,0
-0.9738162891597597,0.9009088760241706,0.8491410419312149,-0.931964420547032,-0.911310674287764,-1.177851894974348,-1.2008713165995828,-0.8828162337175963,-0.11965409719924096,-0.45564143582820127,-0.997471732522988,-0.7258729828964409,-1.0161329645585022,0
-0.634918112038349,-1.1099901739376037,-0.502969299721533,0.4954611449943623,-0.911310674287764,0.9048055324001227,2.362194837420906,0.2744324511807092,0.1522505553521539,0.9204123179021463,-0.4814607612315388,1.2186461869769611,-1.0161329645585022,0
-0.8043672005990544,-1.1099901739376037,-1.179024470547907,1.7839611714641241,-0.911310674287764,-1.177851894974348,4.024959042630468,0.853056793629862,-1.1233515183457474,0.4617277333253637,-0.997471732522988,1.0202258635204915,0.9841231756854657,0
-0.634918112038349,-1.1099901739376037,-0.502969299721533,1.7887146768933115,-0.911310674287764,-1.177851894974348,0.38271364074285674,1.4316811360790147,1.934736610966852,-0.9143260204049839,-0.4814607612315388,-1.6981325678331418,-1.0161329645585022,0
-0.46546902347764374,-1.1099901739376037,-0.502969299721533,1.789899105156398,-0.911310674287764,-1.177851894974348,0.38271364074285674,0.853056793629862,-0.46205254856025635,-0.9143260204049839,-0.4814607612315388,-0.9242933063529105,0.9841231756854657,0
-0.2960199349169384,-1.1099901739376037,-0.502969299721533,1.7852403539882575,-0.06640278899360229,0.9048055324001227,2.4413740852880284,0.853056793629862,0.4107278176540969,-0.11162799739561437,-0.4814607612315388,1.2186461869769611,-1.0161329645585022,0
-0.46546902347764374,0.9009088760241706,1.5251962127575889,1.142064222378575,-0.5733475201700994,-1.177851894974348,0.06599664927436881,0.2744324511807092,1.0351014642535956,-0.7996548742607882,-0.4814607612315388,0.12733440796637835,-1.0161329645585022,1
-0.46546902347764374,-1.1099901739376037,-0.502969299721533,-0.22915627398515176,-0.911310674287764,0.9048055324001227,2.3226052134873454,0.853056793629862,0.9981761410676039,2.640479510065081,-0.4814607612315388,0.6035431842619053,-1.0161329645585022,1
-0.8043672005990544,-1.1099901739376037,0.8491410419312149,-0.0628783382246404,-0.23538436605243465,0.9048055324001227,2.3226052134873454,-0.8828162337175963,-0.12972463988633004,2.0671237793441026,-0.4814607612315388,-2.075131182400434,-1.0161329645585022,1
-0.634918112038349,0.9009088760241706,-0.502969299721533,-0.9204201930761483,-0.911310674287764,-1.177851894974348,-0.8999901747045194,-1.461440576166749,0.001192415045823164,0.4617277333253637,-0.7394662468772634,0.06780831092943747,-1.0161329645585022,1
-0.46546902347764374,0.9009088760241706,0.8491410419312149,0.0525165593536725,-0.404365943111267,0.9048055324001227,2.3226052134873454,0.853056793629862,2.1999275683935204,1.7231103409115156,-0.4814607612315388,-0.5869787564769122,-1.0161329645585022,1
-0.2960199349169384,0.9009088760241706,0.8491410419312149,-0.18338996589948722,-0.404365943111267,0.9048055324001227,2.3226052134873454,0.2744324511807092,1.327147202179168,2.525808363920885,-0.997471732522988,-2.49181386165902,-1.0161329645585022,1
-0.9738162891597597,0.9009088760241706,1.5251962127575889,0.15898876401673334,-0.404365943111267,0.9048055324001227,2.3226052134873454,-1.461440576166749,1.5587696839822078,1.4937680486231246,-0.997471732522988,1.1789621222856672,-1.0161329645585022,1
-0.634918112038349,-1.1099901739376037,-1.179024470547907,-0.0063100443796264664,-0.5733475201700994,0.9048055324001227,2.3226052134873454,0.2744324511807092,1.575553921794022,1.8377814870557112,-0.997471732522988,-0.5671367241312653,-1.0161329645585022,1
-0.634918112038349,-1.1099901739376037,-0.502969299721533,0.4601967675080652,-0.06640278899360229,0.9048055324001227,2.3226052134873454,1.4316811360790147,0.5114332445249834,0.9204123179021463,-0.7394662468772634,-0.20998014190961997,-1.0161329645585022,0
-0.2960199349169384,-1.1099901739376037,-0.502969299721533,0.23254965534282906,-0.5733475201700994,0.9048055324001227,2.3226052134873454,-0.3041918912684436,2.1999275683935204,1.379096902478929,-0.7394662468772634,0.20670253734896618,-1.0161329645585022,1
-0.8043672005990544,0.9009088760241706,0.8491410419312149,0.6483787299472573,-0.911310674287764,0.9048055324001227,2.3226052134873454,0.853056793629862,0.6255660616453219,0.6910700256137552,-0.997471732522988,-1.3409759856114967,-1.0161329645585022,0
-0.8043672005990544,0.9009088760241706,1.5251962127575889,0.7031940699629031,-0.911310674287764,0.9048055324001227,2.3226052134873454,0.853056793629862,1.575553921794022,0.5763988794695595,-0.997471732522988,1.694854963272488,0.9841231756854657,0
-0.46546902347764374,0.9009088760241706,-0.502969299721533,1.7882882827186002,-0.404365943111267,-1.177851894974348,-0.09236184645987515,-0.8828162337175963,0.001192415045823164,-1.0289971665491795,-0.7394662468772634,-0.15045404487267908,0.9841231756854657,0
-0.46546902347764374,0.9009088760241706,-0.502969299721533,1.7846086589146113,-0.911310674287764,0.21058638994196582,0.8577891279455886,1.4316811360790147,0.04483143335654109,-0.6849837281165926,-0.4814607612315388,-0.36871640067479566,0.9841231756854657,0
-0.634918112038349,-1.1099901739376037,-0.502969299721533,1.7829030822157668,-0.5733475201700994,-1.177851894974348,1.6495816066168083,1.4316811360790147,1.676259348664909,-0.45564143582820127,-0.7394662468772634,1.1392780575943733,0.9841231756854657,0
-0.8043672005990544,0.9009088760241706,0.8491410419312149,1.7874986638765427,-0.911310674287764,-1.177851894974348,2.4413740852880284,-0.8828162337175963,1.5587696839822078,-0.11162799739561437,-0.997471732522988,-1.3608180179571436,0.9841231756854657,0
-0.2960199349169384,-1.1099901739376037,-1.179024470547907,1.7872617782239253,-0.06640278899360229,-1.177851894974348,0.6598410082777837,-1.461440576166749,0.001192415045823164,-0.7996548742607882,-0.4814607612315388,-1.0631875327724392,0.9841231756854657,0
-1.143265377720465,-1.1099901739376037,0.8491410419312149,1.7834558154052071,-0.7423290972289317,-1.177851894974348,0.8973787518791496,1.4316811360790147,1.4446368668618692,-0.6849837281165926,-0.4814607612315388,0.305912699077201,-1.0161329645585022,0
-0.46546902347764374,0.9009088760241706,1.5251962127575889,1.7907045163752968,-0.404365943111267,-1.177851894974348,1.6495816066168083,1.4316811360790147,0.8269769153870962,-0.45564143582820127,-0.997471732522988,-2.0156050853634935,0.9841231756854657,0
-0.9738162891597597,0.9009088760241706,-1.179024470547907,-0.9270845761031153,-0.911310674287764,-1.177851894974348,-0.765385453330412,-0.3041918912684436,0.954537122756886,0.9204123179021463,-0.997471732522988,0.5043330225336705,-1.0161329645585022,1
-0.46546902347764374,-1.1099901739376037,-0.502969299721533,0.8746203205736307,-0.404365943111267,0.9048055324001227,2.3226052134873454,0.853056793629862,0.001192415045823164,0.4617277333253637,-0.7394662468772634,-1.162397694500674,-1.0161329645585022,0
-1.143265377720465,0.9009088760241706,0.8491410419312149,-0.9245893805622131,-0.5733475201700994,-1.177851894974348,-0.5674373336626071,1.4316811360790147,-0.2069321338206762,1.6084391947673204,-0.4814607612315388,0.7622794430270811,-1.0161329645585022,1
-0.46546902347764374,0.9009088760241706,0.8491410419312149,0.9337311870900704,0.2715603651240624,0.9048055324001227,2.3226052134873454,-0.3041918912684436,0.11868207972852446,0.3470565871811683,-0.997471732522988,0.008282213892496587,-1.0161329645585022,0
-0.8043672005990544,0.9009088760241706,0.8491410419312149,1.4781891710656987,-0.911310674287764,0.9048055324001227,2.3226052134873454,-0.8828162337175963,0.27645391515958084,0.003043148748581378,-0.7394662468772634,-0.03140185079879733,0.9841231756854657,0
-0.8043672005990544,0.9009088760241706,-1.179024470547907,4.194620119135772,-0.911310674287764,0.9048055324001227,2.3226052134873454,-0.8828162337175963,0.5114332445249834,-0.7996548742607882,-0.7394662468772634,0.38528082845978884,0.9841231756854657,0
-0.9738162891597597,-1.1099901739376037,-0.502969299721533,0.8030808534832027,-0.404365943111267,0.9048055324001227,2.306769363913921,-0.3041918912684436,1.327147202179168,0.4617277333253637,-0.7394662468772634,1.0003838311748445,-1.0161329645585022,1
-0.9738162891597597,-1.1099901739376037,-0.502969299721533,-0.4313460746824475,-0.911310674287764,0.9048055324001227,2.2830155895537843,-1.461440576166749,0.954537122756886,3.672519825362842,-0.7394662468772634,1.1988041546313142,-1.0161329645585022,1
-0.8043672005990544,-1.1099901739376037,-0.502969299721533,-0.35664813222378866,-0.5733475201700994,0.9048055324001227,2.2830155895537843,1.4316811360790147,0.19253272610050842,3.213835240786059,-0.4814607612315388,-0.5869787564769122,-1.0161329645585022,1
-0.634918112038349,-1.1099901739376037,0.8491410419312149,-0.34186646750046845,-0.7423290972289317,0.9048055324001227,2.2830155895537843,1.4316811360790147,1.7736079279734327,3.0991640946418633,-0.997471732522988,-2.194183376474316,-1.0161329645585022,1
-0.2960199349169384,-1.1099901739376037,0.8491410419312149,-0.3362127965913353,-0.23538436605243465,0.9048055324001227,2.2830155895537843,0.2744324511807092,0.001192415045823164,3.0991640946418633,-0.7394662468772634,0.6233852166075523,-1.0161329645585022,1
-1.143265377720465,-1.1099901739376037,1.5251962127575889,-0.39159666217326267,-0.911310674287764,0.9048055324001227,2.2830155895537843,-0.8828162337175963,1.7736079279734327,3.4431775330744507,-0.997471732522988,0.2463866020402601,-1.0161329645585022,1
-0.46546902347764374,0.9009088760241706,-0.502969299721533,-0.26134113798742376,-0.5733475201700994,0.9048055324001227,2.2830155895537843,0.853056793629862,-0.08944246913797492,2.7551506562092767,-0.997471732522988,-0.8052411122790287,-1.0161329645585022,1
-0.9738162891597597,-1.1099901739376037,-1.179024470547907,-0.9128398521923944,-0.23538436605243465,-1.177851894974348,-1.1612816926660219,-0.8828162337175963,1.4312094766124175,-0.45564143582820127,-0.7394662468772634,0.06780831092943747,0.9841231756854657,0
-0.634918112038349,-1.1099901739376037,-0.502969299721533,-0.35617436091855403,-0.404365943111267,0.9048055324001227,2.2830155895537843,0.853056793629862,2.2804919098902308,3.213835240786059,-0.997471732522988,0.782121475372728,-1.0161329645585022,1
-0.9738162891597597,-1.1099901739376037,-0.502969299721533,-0.9178460356510403,-0.911310674287764,-1.177851894974348,-1.359229812333827,1.4316811360790147,0.11868207972852446,-1.0289971665491795,-0.997471732522988,1.0599099282117854,0.9841231756854657,0
-0.9738162891597597,-1.1099901739376037,0.8491410419312149,-0.31947287713971195,-0.911310674287764,0.9048055324001227,2.2830155895537843,0.2744324511807092,2.1999275683935204,2.984492948497668,-0.4814607612315388,-0.8449251769703227,-1.0161329645585022,1
-0.2960199349169384,-1.1099901739376037,1.5251962127575889,-0.11354028313106271,-0.5733475201700994,0.9048055324001227,2.2830155895537843,0.853056793629862,-1.0427871768490378,2.1817949254882985,-0.4814607612315388,0.06780831092943747,-1.0161329645585022,1
-0.46546902347764374,-1.1099901739376037,0.8491410419312149,-0.10873940057135185,-0.06640278899360229,0.9048055324001227,2.2830155895537843,0.853056793629862,-0.005521280078902488,2.1817949254882985,-0.4814607612315388,-1.0433455004267922,-1.0161329645585022,1
-0.9738162891597597,0.9009088760241706,-0.502969299721533,-0.10738125616301261,-0.911310674287764,0.9048055324001227,2.2830155895537843,0.853056793629862,-1.2475548781531747,2.1817949254882985,-0.7394662468772634,0.821805540064022,-1.0161329645585022,1
-1.143265377720465,-1.1099901739376037,-1.179024470547907,-0.11066607054597266,-0.911310674287764,0.9048055324001227,2.2830155895537843,0.2744324511807092,-0.0860856215756121,2.1817949254882985,-0.997471732522988,-0.6266628211682062,-1.0161329645585022,1
-0.2960199349169384,-1.1099901739376037,0.8491410419312149,-0.07096403516731128,-0.23538436605243465,0.9048055324001227,2.2830155895537843,-1.461440576166749,-1.0427871768490378,2.0671237793441026,-0.7394662468772634,-0.24966420660091387,-1.0161329645585022,1
-0.9738162891597597,0.9009088760241706,1.5251962127575889,-0.06238877454256462,-0.911310674287764,0.9048055324001227,2.2830155895537843,-0.8828162337175963,1.286865031430813,2.0671237793441026,-0.997471732522988,0.18686050500331922,-1.0161329645585022,1
-0.2960199349169384,0.9009088760241706,-1.179024470547907,-0.010858248909878843,0.2715603651240624,0.9048055324001227,2.2830155895537843,-1.461440576166749,0.001192415045823164,1.8377814870557112,-0.997471732522988,-0.32903233598350173,-1.0161329645585022,1
-0.9738162891597597,-1.1099901739376037,-1.179024470547907,-0.917309094838441,-0.911310674287764,-1.177851894974348,-0.7297547917902071,-0.8828162337175963,0.001192415045823164,1.035083464046342,-0.7394662468772634,-0.8846092416616166,-1.0161329645585022,1
-0.8043672005990544,0.9009088760241706,0.8491410419312149,-0.1268848415618379,-0.7423290972289317,0.9048055324001227,2.2830155895537843,-1.461440576166749,2.9149360991768187,2.1817949254882985,-0.997471732522988,-0.9441353386985575,-1.0161329645585022,1
-0.8043672005990544,0.9009088760241706,-0.502969299721533,0.0063712342238202635,-0.7423290972289317,0.9048055324001227,2.2830155895537843,1.4316811360790147,0.001192415045823164,1.8377814870557112,-0.4814607612315388,-0.011559818453150373,-1.0161329645585022,1
-0.634918112038349,0.9009088760241706,0.8491410419312149,-0.11469312664046695,-0.06640278899360229,0.9048055324001227,2.2830155895537843,1.4316811360790147,1.327147202179168,2.1817949254882985,-0.4814607612315388,-1.5195542767223194,-1.0161329645585022,1
-0.46546902347764374,0.9009088760241706,-0.502969299721533,0.009198069678386845,-0.23538436605243465,0.9048055324001227,2.2830155895537843,-0.8828162337175963,-1.3482603050240614,1.8377814870557112,-0.7394662468772634,-0.6068207888225592,-1.0161329645585022,1
-0.9738162891597597,0.9009088760241706,0.8491410419312149,-0.06733178849384586,-0.911310674287764,0.9048055324001227,2.2830155895537843,0.853056793629862,1.8273174889712391,2.0671237793441026,-0.4814607612315388,0.12733440796637835,-1.0161329645585022,1
-0.634918112038349,0.9009088760241706,-1.179024470547907,0.08391180451388681,-0.404365943111267,0.9048055324001227,2.2830155895537843,-0.8828162337175963,-0.005521280078902488,1.6084391947673204,-0.4814607612315388,-0.5869787564769122,-1.0161329645585022,1
-0.8043672005990544,0.9009088760241706,-1.179024470547907,0.15516700882117404,-0.5733475201700994,0.9048055324001227,2.2830155895537843,-1.461440576166749,-0.005521280078902488,1.4937680486231246,-0.997471732522988,1.1194360252487263,-1.0161329645585022,1
-0.9738162891597597,0.9009088760241706,0.8491410419312149,-0.9087812113442177,-0.23538436605243465,0.21058638994196582,-1.042512820865339,0.853056793629862,-1.0427871768490378,-0.11162799739561437,-0.4814607612315388,0.782121475372728,-1.0161329645585022,1
-0.9738162891597597,-1.1099901739376037,1.5251962127575889,0.17167004262018007,-0.5733475201700994,0.9048055324001227,2.2830155895537843,-0.8828162337175963,0.5651428055227898,1.379096902478929,-0.4814607612315388,-2.650550120424196,-1.0161329645585022,1
-0.634918112038349,0.9009088760241706,-0.502969299721533,0.17339141169586586,-0.7423290972289317,0.9048055324001227,2.2830155895537843,0.2744324511807092,-0.21364582894540246,1.379096902478929,-0.7394662468772634,0.20670253734896618,-1.0161329645585022,1
-0.634918112038349,0.9009088760241706,-0.502969299721533,0.17373884398637127,-0.5733475201700994,0.9048055324001227,2.2830155895537843,-0.3041918912684436,0.001192415045823164,1.379096902478929,-0.7394662468772634,-0.8647672093159696,-1.0161329645585022,1
-0.2960199349169384,0.9009088760241706,1.5251962127575889,0.06385548592562114,-0.5733475201700994,0.9048055324001227,2.2830155895537843,-1.461440576166749,1.6191929401047398,1.7231103409115156,-0.7394662468772634,0.26622863438590705,-1.0161329645585022,1
-0.8043672005990544,0.9009088760241706,-1.179024470547907,0.23269178673439944,-0.7423290972289317,0.9048055324001227,2.2830155895537843,0.853056793629862,0.9780350556934264,1.2644257563347332,-0.7394662468772634,-0.38855843302044263,-1.0161329645585022,1
-0.9738162891597597,-1.1099901739376037,0.8491410419312149,-0.904801532380247,-0.911310674287764,0.21058638994196582,-1.2008713165995828,1.4316811360790147,0.16232109803924238,-0.570312581972397,-0.7394662468772634,-1.3012919209202027,-1.0161329645585022,0
-0.634918112038349,-1.1099901739376037,-0.502969299721533,0.2697249104269058,-0.23538436605243465,0.9048055324001227,2.2830155895537843,0.2744324511807092,-0.25392799969375696,1.2644257563347332,-0.997471732522988,-0.5869787564769122,-1.0161329645585022,0
-0.9738162891597597,-1.1099901739376037,-1.179024470547907,-0.9008376457931173,-0.404365943111267,0.21058638994196582,-0.963333572998217,-0.3041918912684436,-1.1804179269059165,0.1177142948927768,-0.4814607612315388,0.286070666731554,-1.0161329645585022,1
-0.8043672005990544,-1.1099901739376037,1.5251962127575889,-0.9053226808160051,-0.7423290972289317,0.21058638994196582,-0.8841543251310949,-0.8828162337175963,-1.6839450612603513,0.4617277333253637,-0.997471732522988,0.2463866020402601,-1.0161329645585022,1
-0.8043672005990544,-1.1099901739376037,-0.502969299721533,0.17356512784111855,-0.911310674287764,0.9048055324001227,2.2830155895537843,0.853056793629862,0.6423502994571366,1.379096902478929,-0.997471732522988,0.782121475372728,-1.0161329645585022,1
-0.2960199349169384,-1.1099901739376037,1.5251962127575889,0.4379453085388791,0.10257878806523006,0.9048055324001227,2.2830155895537843,0.853056793629862,0.19253272610050842,0.9204123179021463,-0.7394662468772634,0.305912699077201,-1.0161329645585022,0
-0.46546902347764374,0.9009088760241706,0.8491410419312149,0.552108400723582,-0.23538436605243465,0.9048055324001227,2.2830155895537843,-0.8828162337175963,-0.707102420612748,0.8057411717579506,-0.997471732522988,0.40512286080543575,-1.0161329645585022,0
-0.9738162891597597,0.9009088760241706,-0.502969299721533,0.3248403056025335,-0.911310674287764,0.9048055324001227,2.2830155895537843,-1.461440576166749,2.9149360991768187,1.1497546101905376,-0.7394662468772634,-0.8449251769703227,-1.0161329645585022,1
-0.46546902347764374,-1.1099901739376037,1.5251962127575889,0.5534981298856035,-0.5733475201700994,0.9048055324001227,2.2830155895537843,1.4316811360790147,-1.4993184453303918,0.8057411717579506,-0.4814607612315388,1.4170665104334308,0.9841231756854657,0
-1.143265377720465,-1.1099901739376037,1.5251962127575889,-0.9006007601405,-0.911310674287764,0.21058638994196582,-0.7416316789702754,-0.3041918912684436,1.1861596045599256,0.8057411717579506,-0.4814607612315388,0.821805540064022,-1.0161329645585022,1
-1.143265377720465,-1.1099901739376037,-0.502969299721533,-0.9083390247926655,-0.911310674287764,0.21058638994196582,-0.7257958293968509,-0.8828162337175963,0.03476089066945202,0.9204123179021463,-0.997471732522988,-0.7655570475877348,-1.0161329645585022,1
-0.2960199349169384,-1.1099901739376037,0.8491410419312149,0.6409878975855972,-0.06640278899360229,0.9048055324001227,2.2830155895537843,0.853056793629862,0.5785701957722418,0.6910700256137552,-0.4814607612315388,-0.13061201252703214,-1.0161329645585022,0
-0.634918112038349,-1.1099901739376037,1.5251962127575889,0.836418560994879,-0.5733475201700994,0.9048055324001227,2.2830155895537843,1.4316811360790147,1.5486991412951188,0.4617277333253637,-0.4814607612315388,1.35754041339649,0.9841231756854657,0
-0.634918112038349,0.9009088760241706,-1.179024470547907,-0.9045014772202651,-0.404365943111267,0.21058638994196582,-0.527847709729046,-0.3041918912684436,-1.4993184453303918,1.6084391947673204,-0.4814607612315388,-0.6068207888225592,-1.0161329645585022,1
-0.9738162891597597,-1.1099901739376037,-1.179024470547907,0.6062604609118993,-0.911310674287764,0.9048055324001227,2.2830155895537843,-1.461440576166749,0.001192415045823164,0.6910700256137552,-0.997471732522988,-2.571181991041608,-1.0161329645585022,1
-0.2960199349169384,-1.1099901739376037,-1.179024470547907,0.7225871087238404,-0.06640278899360229,0.9048055324001227,2.2830155895537843,-1.461440576166749,3.018998373610068,0.5763988794695595,-0.4814607612315388,0.4844909901880236,-1.0161329645585022,1
-0.9738162891597597,-1.1099901739376037,0.8491410419312149,1.0264166467708038,-0.911310674287764,0.9048055324001227,2.2830155895537843,-0.8828162337175963,-0.3680608168140954,0.3470565871811683,-0.4814607612315388,0.10749237562073138,-1.0161329645585022,0
-0.634918112038349,-1.1099901739376037,-0.502969299721533,1.0260692144802983,-0.5733475201700994,0.9048055324001227,2.2830155895537843,1.4316811360790147,0.5651428055227898,0.3470565871811683,-0.4814607612315388,0.26622863438590705,0.9841231756854657,0
-0.2960199349169384,0.9009088760241706,-1.179024470547907,0.8012963149001523,-0.23538436605243465,0.9048055324001227,2.2830155895537843,-0.8828162337175963,3.018998373610068,0.4617277333253637,-0.7394662468772634,0.9011736694466097,-1.0161329645585022,1
-0.634918112038349,0.9009088760241706,1.5251962127575889,1.1009250807073687,-0.23538436605243465,0.9048055324001227,2.2830155895537843,0.853056793629862,1.8407448792206904,0.23238544103697253,-0.4814607612315388,1.0202258635204915,0.9841231756854657,0
-0.8043672005990544,0.9009088760241706,-0.502969299721533,-0.8994163318774134,-0.7423290972289317,-1.177851894974348,-1.121692068732461,0.2744324511807092,1.6594751108530943,-0.34097028968400567,-0.997471732522988,-0.7655570475877348,-1.0161329645585022,1
-0.634918112038349,0.9009088760241706,1.5251962127575889,1.2209945218306633,-0.7423290972289317,0.9048055324001227,2.2830155895537843,-1.461440576166749,0.16232109803924238,0.1177142948927768,-0.7394662468772634,-1.8767108589439645,0.9841231756854657,0
-0.46546902347764374,-1.1099901739376037,-0.502969299721533,1.3122586675956927,-0.404365943111267,0.9048055324001227,2.2830155895537843,0.853056793629862,-0.005521280078902488,0.1177142948927768,-0.997471732522988,0.5837011519162584,-1.0161329645585022,0
-0.634918112038349,0.9009088760241706,0.8491410419312149,1.3127482312777685,-0.5733475201700994,0.9048055324001227,2.2830155895537843,-0.3041918912684436,0.9343960373827085,0.1177142948927768,-0.997471732522988,0.06780831092943747,0.9841231756854657,0
-0.8043672005990544,0.9009088760241706,1.5251962127575889,0.9289303045303596,-0.911310674287764,0.9048055324001227,2.2830155895537843,0.2744324511807092,3.018998373610068,0.3470565871811683,-0.7394662468772634,-0.38855843302044263,-1.0161329645585022,1
-0.8043672005990544,-1.1099901739376037,-1.179024470547907,1.5933629753682355,-0.7423290972289317,0.9048055324001227,2.2830155895537843,-0.8828162337175963,-1.1804179269059165,-0.11162799739561437,-0.4814607612315388,-1.182239726846321,0.9841231756854657,0
-0.8043672005990544,0.9009088760241706,1.5251962127575889,1.3655421470577467,-0.911310674287764,0.9048055324001227,2.2830155895537843,-1.461440576166749,1.676259348664909,0.003043148748581378,-0.997471732522988,1.6154868338899002,-1.0161329645585022,1
-0.634918112038349,0.9009088760241706,-1.179024470547907,-0.9037276507550485,-0.911310674287764,0.21058638994196582,0.5410721364771007,0.853056793629862,-1.0495008719737637,4.933902432948993,-0.7394662468772634,0.14717644031202531,-1.0161329645585022,1
-1.143265377720465,0.9009088760241706,-0.502969299721533,-0.9087496265905355,-0.911310674287764,0.21058638994196582,-0.527847709729046,1.4316811360790147,-0.12972463988633004,1.6084391947673204,-0.4814607612315388,0.08765034327508442,-1.0161329645585022,1
-0.2960199349169384,-1.1099901739376037,0.8491410419312149,1.693755114947452,0.2715603651240624,0.9048055324001227,2.2830155895537843,-1.461440576166749,-0.005521280078902488,-0.11162799739561437,-0.4814607612315388,0.008282213892496587,0.9841231756854657,0
-0.2960199349169384,0.9009088760241706,-0.502969299721533,1.556014004138906,-0.911310674287764,0.9048055324001227,2.2830155895537843,-0.8828162337175963,2.448334288008376,-0.11162799739561437,-0.997471732522988,-0.3488743683291487,-1.0161329645585022,1
-0.2960199349169384,0.9009088760241706,-0.502969299721533,1.9748752150968358,-0.5733475201700994,0.9048055324001227,2.2830155895537843,-1.461440576166749,0.001192415045823164,-0.2262991435398101,-0.997471732522988,-1.5989224061049072,0.9841231756854657,0
-1.143265377720465,0.9009088760241706,-0.502969299721533,-0.9039013669003012,-0.911310674287764,0.21058638994196582,-1.121692068732461,0.853056793629862,0.11868207972852446,-0.34097028968400567,-0.7394662468772634,0.7424374106814341,0.9841231756854657,0
-0.634918112038349,0.9009088760241706,-1.179024470547907,-0.41496937989817073,-0.23538436605243465,0.9048055324001227,2.2790566271604282,-0.3041918912684436,0.001192415045823164,3.5578486792186466,-0.997471732522988,0.9011736694466097,-1.0161329645585022,1
-0.8043672005990544,-1.1099901739376037,1.5251962127575889,1.027664244541255,-0.5733475201700994,0.9048055324001227,2.243425965620223,0.2744324511807092,0.8269769153870962,0.23238544103697253,-0.997471732522988,0.8614896047553159,-1.0161329645585022,0
-0.634918112038349,-1.1099901739376037,0.8491410419312149,-0.20336732260354715,-0.5733475201700994,0.9048055324001227,2.2196721912600865,0.853056793629862,0.2965950005337584,2.411137217776689,-0.7394662468772634,-0.17029607721832604,-1.0161329645585022,1
-0.634918112038349,0.9009088760241706,0.8491410419312149,-0.9040434982918716,-0.911310674287764,-1.177851894974348,0.06599664927436881,-1.461440576166749,0.3939435798422821,3.4431775330744507,-0.997471732522988,0.32575473142284794,-1.0161329645585022,1
-0.46546902347764374,0.9009088760241706,0.8491410419312149,0.6852223451176698,-0.911310674287764,0.9048055324001227,2.2196721912600865,-1.461440576166749,0.8336906105118219,0.5763988794695595,-0.4814607612315388,-1.5393963090679663,0.9841231756854657,0
-0.8043672005990544,-1.1099901739376037,-1.179024470547907,0.17948726915655133,-0.911310674287764,0.9048055324001227,2.2157132288667305,0.853056793629862,1.1727322143104744,1.379096902478929,-0.4814607612315388,-0.38855843302044263,-1.0161329645585022,1
-0.9738162891597597,0.9009088760241706,-0.502969299721533,-0.905622735975987,-0.7423290972289317,0.21058638994196582,-0.8841543251310949,0.2744324511807092,0.001192415045823164,0.4617277333253637,-0.997471732522988,1.0202258635204915,-1.0161329645585022,1
-0.9738162891597597,0.9009088760241706,-0.502969299721533,-0.9021168283172508,-0.911310674287764,0.21058638994196582,-0.6624524311031534,0.2744324511807092,1.4446368668618692,1.1497546101905376,-0.997471732522988,0.286070666731554,-1.0161329645585022,1
-0.46546902347764374,0.9009088760241706,0.8491410419312149,-0.9074230669358786,-0.23538436605243465,-1.177851894974348,-0.8841543251310949,0.2744324511807092,0.001192415045823164,0.4617277333253637,-0.7394662468772634,-1.0433455004267922,-1.0161329645585022,1
-1.143265377720465,-1.1099901739376037,-0.502969299721533,-0.9040119135381892,-0.911310674287764,0.21058638994196582,-0.9831283849649974,1.4316811360790147,0.001192415045823164,0.1177142948927768,-0.997471732522988,-0.051243883144444294,-1.0161329645585022,1
-0.9738162891597597,0.9009088760241706,-0.502969299721533,0.028291053279342133,-0.7423290972289317,0.9048055324001227,2.188000492113238,1.4316811360790147,-1.1804179269059165,1.7231103409115156,-0.997471732522988,-0.8647672093159696,-1.0161329645585022,1
-0.9738162891597597,0.9009088760241706,0.8491410419312149,-0.4252186324680797,-0.911310674287764,0.9048055324001227,2.12465709381954,0.853056793629862,0.001192415045823164,3.328506386930255,-0.7394662468772634,-0.22982217425526694,-1.0161329645585022,1
-0.46546902347764374,-1.1099901739376037,1.5251962127575889,-0.17893651563028176,-0.7423290972289317,0.9048055324001227,2.12465709381954,-0.8828162337175963,0.001192415045823164,2.2964660716324943,-0.997471732522988,0.6432272489531993,-1.0161329645585022,1
-0.8043672005990544,-1.1099901739376037,-0.502969299721533,-0.1088973243397634,-0.911310674287764,0.9048055324001227,2.12465709381954,1.4316811360790147,0.3939435798422821,2.0671237793441026,-0.4814607612315388,0.7027533459901402,-1.0161329645585022,1
-0.634918112038349,-1.1099901739376037,-0.502969299721533,-0.9049278713949762,-0.5733475201700994,-1.177851894974348,-1.327558113186978,1.4316811360790147,0.1119683846037988,-1.0289971665491795,-0.4814607612315388,-0.3488743683291487,0.9841231756854657,0
-0.46546902347764374,-1.1099901739376037,0.8491410419312149,-0.0470227918761217,-0.5733475201700994,0.9048055324001227,2.12465709381954,-0.8828162337175963,-0.3680608168140954,1.8377814870557112,-0.7394662468772634,-0.5671367241312653,-1.0161329645585022,1
-0.634918112038349,0.9009088760241706,0.8491410419312149,-0.015074813526466984,-0.7423290972289317,0.9048055324001227,2.12465709381954,-0.3041918912684436,0.3301634761573873,1.7231103409115156,-0.4814607612315388,-0.24966420660091387,-1.0161329645585022,1
-0.8043672005990544,0.9009088760241706,1.5251962127575889,0.04196725162378157,-0.911310674287764,0.9048055324001227,2.12465709381954,-0.8828162337175963,-0.4654093961226198,1.6084391947673204,-0.997471732522988,-1.4798702120310254,-1.0161329645585022,1
-0.9738162891597597,0.9009088760241706,-0.502969299721533,-0.9071703889064201,-0.911310674287764,0.21058638994196582,-1.042512820865339,-1.461440576166749,-0.3512765790022807,-0.11162799739561437,-0.7394662468772634,-0.5869787564769122,-1.0161329645585022,1
-0.46546902347764374,0.9009088760241706,-0.502969299721533,0.27386251315928817,-0.5733475201700994,0.9048055324001227,2.12465709381954,1.4316811360790147,0.001192415045823164,1.1497546101905376,-0.997471732522988,1.0003838311748445,0.9841231756854657,0
-0.634918112038349,0.9009088760241706,-1.179024470547907,0.42161599088512575,-0.7423290972289317,0.9048055324001227,2.12465709381954,1.4316811360790147,1.1861596045599256,0.9204123179021463,-0.997471732522988,0.16701847265767225,-1.0161329645585022,1
-0.9738162891597597,0.9009088760241706,-0.502969299721533,-0.13462310621400342,-0.911310674287764,0.9048055324001227,2.0850674698859795,0.2744324511807092,0.11868207972852446,2.0671237793441026,-0.4814607612315388,-2.2140254088199627,-1.0161329645585022,1
-0.8043672005990544,-1.1099901739376037,-0.502969299721533,0.07825813360475366,-0.404365943111267,0.9048055324001227,2.0454778459524183,-1.461440576166749,1.0955247203761276,1.4937680486231246,-0.997471732522988,0.4448069254967297,-1.0161329645585022,1
-0.634918112038349,0.9009088760241706,-0.502969299721533,-0.9020694511867273,-0.7423290972289317,0.21058638994196582,-1.042512820865339,-0.3041918912684436,0.3301634761573873,-0.11162799739561437,-0.7394662468772634,0.6035431842619053,-1.0161329645585022,1
-0.2960199349169384,-1.1099901739376037,-0.502969299721533,0.07724742148691979,-0.23538436605243465,0.9048055324001227,2.0454778459524183,-0.8828162337175963,2.679956769811415,1.4937680486231246,-0.997471732522988,-0.5472946917856183,-1.0161329645585022,1
-0.634918112038349,0.9009088760241706,-0.502969299721533,0.13441582565189758,-0.23538436605243465,0.9048055324001227,2.029641996378994,1.4316811360790147,1.9112386780303117,1.2644257563347332,-0.4814607612315388,1.4964346398160184,-1.0161329645585022,1
-0.634918112038349,0.9009088760241706,0.8491410419312149,-0.8976160009175218,-0.404365943111267,-1.177851894974348,-0.7257958293968509,0.853056793629862,-0.5661148229935064,0.9204123179021463,-0.7394662468772634,-1.2219237915376149,-1.0161329645585022,1
-0.8043672005990544,0.9009088760241706,-0.502969299721533,-0.5822264430228337,-0.7423290972289317,0.9048055324001227,2.005888222018857,-1.461440576166749,0.5651428055227898,4.3605467022280155,-0.7394662468772634,0.9011736694466097,-1.0161329645585022,1
-0.46546902347764374,-1.1099901739376037,0.8491410419312149,-0.4230866615945239,-0.7423290972289317,0.9048055324001227,1.9662985980852963,-0.3041918912684436,0.7061304031420315,3.0991640946418633,-0.997471732522988,-0.7060309505507939,-1.0161329645585022,1
-0.46546902347764374,0.9009088760241706,-0.502969299721533,-0.2621307568294815,-0.7423290972289317,0.9048055324001227,1.9662985980852963,0.853056793629862,-0.08944246913797492,2.411137217776689,-0.997471732522988,1.1194360252487263,-1.0161329645585022,1
-1.143265377720465,0.9009088760241706,-0.502969299721533,-0.8893092106990748,-0.911310674287764,-1.177851894974348,-0.8524826259842462,0.853056793629862,1.0418151593783211,0.4617277333253637,-0.4814607612315388,0.8416475724096689,-1.0161329645585022,1
-0.9738162891597597,-1.1099901739376037,0.8491410419312149,-0.16742387291308045,-0.7423290972289317,0.9048055324001227,1.9662985980852963,-0.8828162337175963,-0.46205254856025635,2.0671237793441026,-0.7394662468772634,-0.8250831446246757,-1.0161329645585022,1
-0.46546902347764374,-1.1099901739376037,0.8491410419312149,-0.14705170678799168,-0.06640278899360229,0.9048055324001227,1.9662985980852963,0.2744324511807092,1.223084927745918,1.952452633199907,-0.997471732522988,-0.32903233598350173,-1.0161329645585022,1
-0.8043672005990544,-1.1099901739376037,0.8491410419312149,-0.10842355303452877,-0.911310674287764,0.9048055324001227,1.9662985980852963,-1.461440576166749,-0.25392799969375696,1.8377814870557112,-0.4814607612315388,0.14717644031202531,-1.0161329645585022,1
-0.634918112038349,0.9009088760241706,-0.502969299721533,-0.10843934541136993,-0.911310674287764,0.9048055324001227,1.9662985980852963,1.4316811360790147,1.092167872813765,1.8377814870557112,-0.997471732522988,-0.7853990799333818,-1.0161329645585022,1
-0.46546902347764374,-1.1099901739376037,-0.502969299721533,-0.8888354393938402,-0.23538436605243465,-1.177851894974348,-1.042512820865339,-0.8828162337175963,-0.3680608168140954,-0.11162799739561437,-0.997471732522988,0.32575473142284794,-1.0161329645585022,1
-0.2960199349169384,0.9009088760241706,-0.502969299721533,-0.18495341120676148,-0.23538436605243465,0.9048055324001227,1.9662985980852963,0.2744324511807092,2.0757242085860943,2.0671237793441026,-0.7394662468772634,0.2463866020402601,-1.0161329645585022,1
-0.9738162891597597,-1.1099901739376037,0.8491410419312149,0.08179562601717218,-0.911310674287764,0.9048055324001227,1.9662985980852963,-0.8828162337175963,0.11868207972852446,1.379096902478929,-0.4814607612315388,-1.8965528912896115,-1.0161329645585022,1
-0.9738162891597597,-1.1099901739376037,-0.502969299721533,0.007081891181672197,-0.911310674287764,0.9048055324001227,1.9662985980852963,-0.8828162337175963,0.001192415045823164,1.4937680486231246,-0.997471732522988,0.0479662785837905,-1.0161329645585022,1
-0.8043672005990544,-1.1099901739376037,-0.502969299721533,0.15974679810510872,-0.911310674287764,0.9048055324001227,1.9662985980852963,-1.461440576166749,-0.1397951825734185,1.1497546101905376,-0.7394662468772634,0.14717644031202531,0.9841231756854657,0
-0.634918112038349,-1.1099901739376037,1.5251962127575889,0.21039295063468988,-0.5733475201700994,0.9048055324001227,1.9662985980852963,-0.8828162337175963,-0.5896127559300467,1.1497546101905376,-0.997471732522988,-0.15045404487267908,-1.0161329645585022,0
-0.9738162891597597,-1.1099901739376037,1.5251962127575889,-0.8908884483831903,-0.911310674287764,0.21058638994196582,-0.9435387610314364,0.2744324511807092,-0.8447331706696268,0.1177142948927768,-0.7394662468772634,-1.4997122443766724,-1.0161329645585022,1
-0.2960199349169384,0.9009088760241706,-1.179024470547907,0.2116879255356645,0.4405419421828948,0.9048055324001227,1.9662985980852963,1.4316811360790147,-1.4993184453303918,1.1497546101905376,-0.7394662468772634,0.20670253734896618,-1.0161329645585022,0
-1.143265377720465,-1.1099901739376037,-1.179024470547907,-0.8901619990484971,-0.911310674287764,0.21058638994196582,-0.5674373336626071,0.2744324511807092,-0.8447331706696268,1.2644257563347332,-0.7394662468772634,-0.03140185079879733,-1.0161329645585022,1
-0.634918112038349,0.9009088760241706,-0.502969299721533,0.27049873689212234,-0.911310674287764,0.9048055324001227,1.9662985980852963,0.2744324511807092,0.001192415045823164,1.035083464046342,-0.4814607612315388,0.40512286080543575,0.9841231756854657,0
-0.2960199349169384,-1.1099901739376037,-1.179024470547907,0.3211606817985446,-0.7423290972289317,0.9048055324001227,1.9662985980852963,1.4316811360790147,0.5651428055227898,0.9204123179021463,-0.997471732522988,-0.190138109563973,0.9841231756854657,0
-0.634918112038349,-1.1099901739376037,-0.502969299721533,-0.888203744320194,-0.404365943111267,0.21058638994196582,-0.34573543963466546,0.2744324511807092,0.954537122756886,1.952452633199907,-0.997471732522988,0.5837011519162584,-1.0161329645585022,1
-0.46546902347764374,0.9009088760241706,-1.179024470547907,-0.887382540724454,-0.5733475201700994,0.21058638994196582,-0.8841543251310949,-1.461440576166749,-1.2106295549671826,0.3470565871811683,-0.7394662468772634,0.6829113136444932,-1.0161329645585022,1
-0.8043672005990544,0.9009088760241706,0.8491410419312149,0.3421487506204384,-0.7423290972289317,0.9048055324001227,1.9662985980852963,-1.461440576166749,0.23617174441122635,0.9204123179021463,-0.4814607612315388,-0.9242933063529105,-1.0161329645585022,0
-0.46546902347764374,-1.1099901739376037,1.5251962127575889,0.22517461535801012,-0.404365943111267,0.9048055324001227,1.9662985980852963,0.853056793629862,0.15896425047687956,1.035083464046342,-0.7394662468772634,1.714696995618135,-1.0161329645585022,1
-0.46546902347764374,0.9009088760241706,1.5251962127575889,0.30770557672988136,-0.7423290972289317,0.9048055324001227,1.9662985980852963,-0.8828162337175963,2.183143330581707,0.9204123179021463,-0.997471732522988,0.26622863438590705,-1.0161329645585022,1
-1.143265377720465,0.9009088760241706,0.8491410419312149,-0.8907779017453021,-0.911310674287764,-1.177851894974348,-0.963333572998217,-1.461440576166749,1.2096575374964662,0.1177142948927768,-0.7394662468772634,0.26622863438590705,-1.0161329645585022,1
-0.8043672005990544,0.9009088760241706,-0.502969299721533,0.6410194823392795,-0.404365943111267,0.9048055324001227,1.9662985980852963,-1.461440576166749,-1.0495008719737637,0.4617277333253637,-0.4814607612315388,0.26622863438590705,-1.0161329645585022,0
-0.8043672005990544,-1.1099901739376037,-0.502969299721533,0.8415037063377305,-0.7423290972289317,0.9048055324001227,1.9662985980852963,0.853056793629862,0.001192415045823164,0.3470565871811683,-0.7394662468772634,0.20670253734896618,0.9841231756854657,0
-0.9738162891597597,0.9009088760241706,-0.502969299721533,-0.880607611059599,-0.7423290972289317,-1.177851894974348,-0.7337137541835632,0.853056793629862,0.23617174441122635,0.6910700256137552,-0.997471732522988,-0.7655570475877348,-1.0161329645585022,1
-0.46546902347764374,0.9009088760241706,-0.502969299721533,-0.1667132159552285,-0.7423290972289317,0.9048055324001227,1.918791049365023,0.853056793629862,0.3301634761573873,1.952452633199907,-0.997471732522988,0.6233852166075523,-1.0161329645585022,1
-0.634918112038349,0.9009088760241706,0.8491410419312149,-0.22051784385304046,-0.911310674287764,0.9048055324001227,1.9029551997915988,1.4316811360790147,0.8336906105118219,2.1817949254882985,-0.997471732522988,-0.5472946917856183,-1.0161329645585022,1
-0.8043672005990544,-1.1099901739376037,0.8491410419312149,-0.17738886269984866,-0.911310674287764,0.9048055324001227,1.9029551997915988,0.2744324511807092,3.018998373610068,1.952452633199907,-0.4814607612315388,0.26622863438590705,-1.0161329645585022,1
-0.2960199349169384,-1.1099901739376037,-1.179024470547907,-0.050891924202204446,-0.404365943111267,0.9048055324001227,1.9029551997915988,-1.461440576166749,1.1223795008750308,1.6084391947673204,-0.7394662468772634,0.4448069254967297,-1.0161329645585022,1
-0.9738162891597597,-1.1099901739376037,-0.502969299721533,0.3028573170396471,-0.911310674287764,0.9048055324001227,1.9029551997915988,0.853056793629862,0.8739727812601764,0.9204123179021463,-0.7394662468772634,-0.7060309505507939,-1.0161329645585022,0
-0.9738162891597597,0.9009088760241706,0.8491410419312149,0.2307809091366198,-0.911310674287764,0.9048055324001227,1.9029551997915988,-1.461440576166749,0.0851136041048956,1.035083464046342,-0.7394662468772634,0.9210157017922567,-1.0161329645585022,1
-0.9738162891597597,-1.1099901739376037,0.8491410419312149,-0.8814919841627036,-0.911310674287764,0.21058638994196582,-1.1375279183058853,1.4316811360790147,-0.1397951825734185,-0.45564143582820127,-0.7394662468772634,0.4249648931510827,-1.0161329645585022,0
-0.634918112038349,-1.1099901739376037,-0.502969299721533,0.875773164083035,-0.7423290972289317,0.9048055324001227,1.9029551997915988,0.2744324511807092,-1.0427871768490378,0.23238544103697253,-0.997471732522988,-1.5195542767223194,-1.0161329645585022,0
-0.634918112038349,0.9009088760241706,-1.179024470547907,-0.876312084558805,-0.5733475201700994,-1.177851894974348,-0.4090788379283631,-0.3041918912684436,-1.6839450612603513,1.7231103409115156,-0.4814607612315388,1.2186461869769611,-1.0161329645585022,1
-0.46546902347764374,0.9009088760241706,0.8491410419312149,-0.8837660864278297,-0.404365943111267,0.21058638994196582,-1.042512820865339,-0.8828162337175963,0.3301634761573873,-0.11162799739561437,-0.4814607612315388,-0.9044512740072636,-1.0161329645585022,1
-0.634918112038349,-1.1099901739376037,-1.179024470547907,-0.1293642447258991,-0.5733475201700994,0.9048055324001227,1.8871193502181745,0.2744324511807092,1.9750187817152072,1.8377814870557112,-0.7394662468772634,-0.24966420660091387,-1.0161329645585022,1
-0.634918112038349,-1.1099901739376037,1.5251962127575889,0.08037431210146831,-0.911310674287764,0.9048055324001227,1.8871193502181745,-0.3041918912684436,-0.34120603631519225,1.2644257563347332,-0.7394662468772634,1.35754041339649,-1.0161329645585022,1
-0.634918112038349,-1.1099901739376037,0.8491410419312149,0.9552246119708812,-0.23538436605243465,0.9048055324001227,1.8871193502181745,-0.8828162337175963,1.451350561986595,0.1177142948927768,-0.7394662468772634,-1.202081759191968,0.9841231756854657,0
-0.46546902347764374,0.9009088760241706,0.8491410419312149,-0.1027382973717133,-0.23538436605243465,0.9048055324001227,1.8792014254314622,-0.8828162337175963,-1.2475548781531747,1.7231103409115156,-0.4814607612315388,0.7622794430270811,-1.0161329645585022,1
-0.9738162891597597,0.9009088760241706,0.8491410419312149,-0.6543818128100667,-0.911310674287764,0.9048055324001227,1.8475297262846133,-1.461440576166749,0.4745079213389917,4.704560140660602,-0.7394662468772634,-0.6663468858595001,-1.0161329645585022,1
-0.46546902347764374,0.9009088760241706,-1.179024470547907,-0.35317380931873477,-0.404365943111267,0.9048055324001227,1.8475297262846133,1.4316811360790147,-0.005521280078902488,2.640479510065081,-0.997471732522988,-0.44808453005738347,-1.0161329645585022,1
-0.46546902347764374,0.9009088760241706,-0.502969299721533,-0.27617017984126746,-0.23538436605243465,0.9048055324001227,1.8475297262846133,1.4316811360790147,-1.3751150855229646,2.2964660716324943,-0.997471732522988,-0.8846092416616166,-1.0161329645585022,1
-0.9738162891597597,0.9009088760241706,-0.502969299721533,-0.8830554294699778,-0.7423290972289317,-1.177851894974348,-0.7257958293968509,-1.461440576166749,1.0619562447524988,0.8057411717579506,-0.997471732522988,1.1591200899400202,-1.0161329645585022,1
-0.9738162891597597,0.9009088760241706,0.8491410419312149,-0.23968978933820154,-0.911310674287764,0.9048055324001227,1.8475297262846133,0.2744324511807092,-0.25392799969375696,2.1817949254882985,-0.7394662468772634,0.2463866020402601,-1.0161329645585022,1
-0.2960199349169384,0.9009088760241706,-1.179024470547907,-0.8836555397899416,-0.5733475201700994,0.21058638994196582,-0.052772222526314166,-0.8828162337175963,0.001192415045823164,2.869821802353472,-0.997471732522988,-0.2893482712922078,-1.0161329645585022,1
-0.634918112038349,0.9009088760241706,-0.502969299721533,-0.18564827578777227,-0.5733475201700994,0.9048055324001227,1.8475297262846133,1.4316811360790147,1.6594751108530943,1.952452633199907,-0.7394662468772634,0.782121475372728,-1.0161329645585022,1
-0.634918112038349,-1.1099901739376037,-1.179024470547907,-0.012184808564535786,-0.5733475201700994,0.9048055324001227,1.8475297262846133,-0.8828162337175963,1.6594751108530943,1.4937680486231246,-0.4814607612315388,0.3455967637684949,-1.0161329645585022,1
-1.143265377720465,0.9009088760241706,0.8491410419312149,-0.5902173857044576,-0.911310674287764,0.9048055324001227,1.8079401023510524,1.4316811360790147,0.5114332445249834,4.016533263795428,-0.4814607612315388,1.0797519605574324,-1.0161329645585022,1
-0.9738162891597597,0.9009088760241706,-1.179024470547907,-0.884713629038299,-0.911310674287764,-1.177851894974348,-1.2958864140401292,-0.3041918912684436,1.3103629643673533,-0.9143260204049839,-0.4814607612315388,-1.9362369559809054,-1.0161329645585022,1
-0.8043672005990544,0.9009088760241706,-1.179024470547907,-0.8827395819331547,-0.911310674287764,-1.177851894974348,-1.042512820865339,0.2744324511807092,0.001192415045823164,-0.2262991435398101,-0.4814607612315388,-0.5671367241312653,-1.0161329645585022,1
-0.2960199349169384,-1.1099901739376037,-0.502969299721533,-0.4892567205589595,0.10257878806523006,0.9048055324001227,1.8079401023510524,0.2744324511807092,-1.4993184453303918,3.328506386930255,-0.4814607612315388,-0.6266628211682062,-1.0161329645585022,1
-0.46546902347764374,-1.1099901739376037,-1.179024470547907,-0.8810340052343101,-0.7423290972289317,0.21058638994196582,-1.359229812333827,1.4316811360790147,0.001192415045823164,-1.143668312693375,-0.7394662468772634,-0.40840046536608954,0.9841231756854657,0
-0.2960199349169384,0.9009088760241706,-0.502969299721533,-0.45056539729813205,-0.06640278899360229,0.9048055324001227,1.8079401023510524,0.2744324511807092,2.0992221415226346,3.0991640946418633,-0.4814607612315388,0.6630692812988462,-1.0161329645585022,1
-0.8043672005990544,0.9009088760241706,0.8491410419312149,-0.055992861921897216,-0.911310674287764,0.9048055324001227,1.8079401023510524,0.2744324511807092,0.11868207972852446,1.4937680486231246,-0.997471732522988,0.2463866020402601,-1.0161329645585022,1
-0.2960199349169384,0.9009088760241706,-0.502969299721533,-0.8782545469102669,-0.404365943111267,-1.177851894974348,-0.8841543251310949,1.4316811360790147,-1.173704231781191,0.23238544103697253,-0.4814607612315388,0.9011736694466097,-1.0161329645585022,1
-0.9738162891597597,-1.1099901739376037,-0.502969299721533,-0.13124353756999643,-0.911310674287764,0.9048055324001227,1.8079401023510524,0.853056793629862,-0.0995130118250634,1.7231103409115156,-0.7394662468772634,0.22654456969461315,-1.0161329645585022,1
-0.9738162891597597,0.9009088760241706,-1.179024470547907,0.08822312339152188,-0.7423290972289317,0.9048055324001227,1.8079401023510524,0.853056793629862,0.9981761410676039,1.2644257563347332,-0.4814607612315388,-0.36871640067479566,0.9841231756854657,0
-0.2960199349169384,-1.1099901739376037,-1.179024470547907,-0.011789999143506934,-0.404365943111267,0.9048055324001227,1.8079401023510524,-1.461440576166749,1.0351014642535956,1.4937680486231246,-0.7394662468772634,-0.11076998018138517,-1.0161329645585022,1
-0.9738162891597597,0.9009088760241706,1.5251962127575889,0.17425999242212933,-0.911310674287764,0.9048055324001227,1.8079401023510524,-0.8828162337175963,-0.33784918875282943,1.035083464046342,-0.7394662468772634,-2.1743413441286688,0.9841231756854657,0
-0.9738162891597597,-1.1099901739376037,1.5251962127575889,-0.8833712770068008,-0.911310674287764,-1.177851894974348,-0.7257958293968509,0.2744324511807092,1.451350561986595,0.8057411717579506,-0.7394662468772634,-1.2219237915376149,-1.0161329645585022,1
-0.46546902347764374,-1.1099901739376037,0.8491410419312149,-0.07467524372498249,-0.23538436605243465,0.9048055324001227,1.8079401023510524,0.2744324511807092,1.7836784706605218,1.6084391947673204,-0.4814607612315388,-1.7179746001787888,-1.0161329645585022,1
-0.634918112038349,-1.1099901739376037,-1.179024470547907,0.2504266259270155,-0.5733475201700994,0.9048055324001227,1.8079401023510524,-0.3041918912684436,-1.0427871768490378,0.9204123179021463,-0.997471732522988,0.14717644031202531,-1.0161329645585022,0
-0.8043672005990544,-1.1099901739376037,1.5251962127575889,0.2665506426818338,-0.7423290972289317,0.9048055324001227,1.8079401023510524,0.2744324511807092,0.3301634761573873,0.9204123179021463,-0.7394662468772634,0.305912699077201,0.9841231756854657,0
-0.634918112038349,0.9009088760241706,0.8491410419312149,0.34424913674031193,-0.5733475201700994,0.9048055324001227,1.8079401023510524,0.2744324511807092,-0.0860856215756121,0.8057411717579506,-0.4814607612315388,-0.7853990799333818,-1.0161329645585022,0
-0.2960199349169384,0.9009088760241706,-1.179024470547907,0.36501611228642955,-0.23538436605243465,0.9048055324001227,1.8079401023510524,-0.3041918912684436,0.9780350556934264,0.6910700256137552,-0.7394662468772634,0.5043330225336705,0.9841231756854657,0
-0.9738162891597597,0.9009088760241706,-0.502969299721533,0.523003050205335,-0.5733475201700994,0.9048055324001227,1.8079401023510524,-0.8828162337175963,-0.3680608168140954,0.5763988794695595,-0.7394662468772634,1.35754041339649,-1.0161329645585022,0
-0.2960199349169384,-1.1099901739376037,-0.502969299721533,0.29147101333717496,-0.23538436605243465,0.9048055324001227,1.8079401023510524,-0.8828162337175963,1.995159867089384,0.8057411717579506,-0.7394662468772634,1.3773824457421369,-1.0161329645585022,1
-0.2960199349169384,0.9009088760241706,-1.179024470547907,0.5962954711251311,-0.911310674287764,0.9048055324001227,1.8079401023510524,-0.8828162337175963,-1.0427871768490378,0.4617277333253637,-0.7394662468772634,1.5559607368529593,0.9841231756854657,0
-0.2960199349169384,0.9009088760241706,-0.502969299721533,0.590436499317063,-0.23538436605243465,0.9048055324001227,1.8079401023510524,-0.8828162337175963,0.001192415045823164,0.4617277333253637,-0.7394662468772634,-1.2417658238832618,0.9841231756854657,0
-0.46546902347764374,-1.1099901739376037,-1.179024470547907,0.6470995474231238,-0.23538436605243465,0.9048055324001227,1.8079401023510524,0.853056793629862,1.8407448792206904,0.3470565871811683,-0.7394662468772634,0.08765034327508442,-1.0161329645585022,1
-0.2960199349169384,-1.1099901739376037,-1.179024470547907,-0.8800548778701586,-0.06640278899360229,-0.4836327525161911,-0.3298995900612411,0.853056793629862,0.3234497810326616,1.952452633199907,-0.997471732522988,-0.22982217425526694,-1.0161329645585022,1
-1.143265377720465,0.9009088760241706,0.8491410419312149,-0.8882511214507175,-0.7423290972289317,-1.177851894974348,-0.527847709729046,-1.461440576166749,-1.623521805137819,1.379096902478929,-0.7394662468772634,0.08765034327508442,-1.0161329645585022,1
-0.2960199349169384,0.9009088760241706,-1.179024470547907,1.1178229239274036,0.2715603651240624,0.9048055324001227,1.8079401023510524,-0.3041918912684436,-0.707102420612748,0.003043148748581378,-0.997471732522988,-1.9560789883265524,-1.0161329645585022,0
-0.46546902347764374,-1.1099901739376037,0.8491410419312149,1.1242662136785944,-0.5733475201700994,0.9048055324001227,1.8079401023510524,-0.8828162337175963,0.665848232393677,0.003043148748581378,-0.7394662468772634,-1.102871597463733,0.9841231756854657,0
-0.8043672005990544,0.9009088760241706,-0.502969299721533,0.304594478492174,-0.7423290972289317,0.9048055324001227,1.792104252777628,0.853056793629862,0.5651428055227898,0.8057411717579506,-0.997471732522988,0.10749237562073138,-1.0161329645585022,0
-1.143265377720465,-1.1099901739376037,-1.179024470547907,-0.8755540504704296,-0.911310674287764,-1.177851894974348,0.8577891279455886,-0.8828162337175963,-0.45869570099789353,5.392587017525775,-0.997471732522988,-1.678290535487495,-1.0161329645585022,1
-0.2960199349169384,-1.1099901739376037,0.8491410419312149,-0.29839005405677127,-0.5733475201700994,0.9048055324001227,1.7287608544839304,1.4316811360790147,-1.1804179269059165,2.2964660716324943,-0.7394662468772634,0.8614896047553159,-1.0161329645585022,1
-0.8043672005990544,0.9009088760241706,-1.179024470547907,0.07794228606793058,-0.911310674287764,0.9048055324001227,1.7287608544839304,-0.8828162337175963,0.7229146409538463,1.1497546101905376,-0.7394662468772634,0.16701847265767225,-1.0161329645585022,0
-0.9738162891597597,-1.1099901739376037,-1.179024470547907,-0.8691739302266034,-0.911310674287764,0.21058638994196582,-1.1850354670261585,-0.8828162337175963,-0.8816584938556186,-0.6849837281165926,-0.4814607612315388,-0.051243883144444294,0.9841231756854657,0
-0.8043672005990544,0.9009088760241706,-0.502969299721533,-0.22577670534114477,-0.911310674287764,0.9048055324001227,1.7089660425171498,0.853056793629862,-1.1804179269059165,1.952452633199907,-0.997471732522988,-2.273551505856904,-1.0161329645585022,1
-0.2960199349169384,0.9009088760241706,0.8491410419312149,-0.751473345629482,-0.23538436605243465,0.9048055324001227,1.6574995314035206,-0.8828162337175963,-0.41841353024953903,5.507258163669971,-0.997471732522988,0.38528082845978884,-1.0161329645585022,1
-0.634918112038349,-1.1099901739376037,-1.179024470547907,-0.6163537693765676,-0.911310674287764,0.9048055324001227,1.6495816066168083,-1.461440576166749,-0.005521280078902488,4.016533263795428,-0.7394662468772634,-0.6465048535138531,-1.0161329645585022,1
-0.8043672005990544,0.9009088760241706,-1.179024470547907,-0.8708479221717657,-0.911310674287764,0.21058638994196582,-0.7257958293968509,0.853056793629862,0.23617174441122635,0.6910700256137552,-0.4814607612315388,0.32575473142284794,-1.0161329645585022,0
-0.9738162891597597,-1.1099901739376037,-1.179024470547907,-0.8672314678751414,-0.911310674287764,0.21058638994196582,-0.052772222526314166,0.853056793629862,-0.11965409719924096,2.640479510065081,-0.4814607612315388,-1.12271362980938,0.9841231756854657,0
-0.634918112038349,0.9009088760241706,1.5251962127575889,-0.5783573106967509,-0.911310674287764,0.9048055324001227,1.6495816066168083,0.2744324511807092,0.5114332445249834,3.672519825362842,-0.4814607612315388,-0.6465048535138531,-1.0161329645585022,1
-0.46546902347764374,0.9009088760241706,-0.502969299721533,-0.5295904510112671,-0.5733475201700994,0.9048055324001227,1.6495816066168083,0.2744324511807092,1.2029438423717405,3.328506386930255,-0.4814607612315388,0.4249648931510827,-1.0161329645585022,1
-0.8043672005990544,-1.1099901739376037,0.8491410419312149,-0.6394896014488584,-0.911310674287764,0.9048055324001227,1.6495816066168083,-1.461440576166749,0.5382880250238866,4.24587555608382,-0.4814607612315388,-0.7853990799333818,-1.0161329645585022,1
-0.46546902347764374,0.9009088760241706,-1.179024470547907,-0.5254686406557258,-0.5733475201700994,0.9048055324001227,1.6495816066168083,0.2744324511807092,0.7061304031420315,3.328506386930255,-0.997471732522988,-0.36871640067479566,-1.0161329645585022,1
-0.8043672005990544,0.9009088760241706,-1.179024470547907,-0.8644993866816217,-0.911310674287764,-1.177851894974348,-0.5040939353689095,0.2744324511807092,-0.11965409719924096,1.2644257563347332,-0.4814607612315388,0.10749237562073138,-1.0161329645585022,0
-0.46546902347764374,0.9009088760241706,-0.502969299721533,-0.5122504212396799,-0.404365943111267,0.9048055324001227,1.6495816066168083,0.853056793629862,0.0716862138554443,3.213835240786059,-0.4814607612315388,0.008282213892496587,-1.0161329645585022,1
-0.8043672005990544,-1.1099901739376037,0.8491410419312149,-0.620286071210015,-0.911310674287764,0.9048055324001227,1.6495816066168083,-0.8828162337175963,1.676259348664909,4.016533263795428,-0.997471732522988,0.32575473142284794,-1.0161329645585022,1
-0.46546902347764374,-1.1099901739376037,-1.179024470547907,-0.6070836441708102,-0.5733475201700994,0.9048055324001227,1.6495816066168083,-0.3041918912684436,-0.7138161157374736,3.9018621176512323,-0.4814607612315388,-0.8250831446246757,-1.0161329645585022,1
-0.634918112038349,0.9009088760241706,0.8491410419312149,-0.48976207661787646,-0.5733475201700994,0.9048055324001227,1.6495816066168083,0.853056793629862,0.5114332445249834,3.0991640946418633,-0.7394662468772634,0.46464895784237664,-1.0161329645585022,1
-1.143265377720465,0.9009088760241706,-0.502969299721533,-0.5635282688429072,-0.911310674287764,0.9048055324001227,1.6495816066168083,0.2744324511807092,0.001192415045823164,3.5578486792186466,-0.997471732522988,0.08765034327508442,-1.0161329645585022,1
-0.2960199349169384,0.9009088760241706,-0.502969299721533,-0.8669629974688418,-0.404365943111267,-1.177851894974348,-0.7574675285436998,0.2744324511807092,-1.6839450612603513,0.5763988794695595,-0.7394662468772634,0.9805417988291976,0.9841231756854657,0
-0.46546902347764374,0.9009088760241706,-1.179024470547907,-0.45323430898428707,-0.23538436605243465,0.9048055324001227,1.6495816066168083,-0.8828162337175963,0.8269769153870962,2.869821802353472,-0.4814607612315388,0.2463866020402601,-1.0161329645585022,1
-0.9738162891597597,0.9009088760241706,0.8491410419312149,-0.45173403318437744,-0.7423290972289317,0.9048055324001227,1.6495816066168083,1.4316811360790147,-1.3482603050240614,2.869821802353472,-0.4814607612315388,-0.6068207888225592,-1.0161329645585022,1
-0.46546902347764374,0.9009088760241706,-0.502969299721533,-0.8624937548227952,-0.404365943111267,0.21058638994196582,-0.6228628071695924,0.853056793629862,1.6729025011025462,0.9204123179021463,-0.997471732522988,0.08765034327508442,0.9841231756854657,0
-0.8043672005990544,-1.1099901739376037,-1.179024470547907,-0.8682579723698164,-0.911310674287764,-1.177851894974348,-0.9435387610314364,-0.8828162337175963,0.001192415045823164,0.1177142948927768,-0.7394662468772634,0.5837011519162584,0.9841231756854657,0
-0.9738162891597597,0.9009088760241706,0.8491410419312149,-0.5399976273495876,-0.911310674287764,0.9048055324001227,1.6495816066168083,-1.461440576166749,1.9078818304679495,3.4431775330744507,-0.7394662468772634,-3.6823358023978376,-1.0161329645585022,1
-0.46546902347764374,0.9009088760241706,-0.502969299721533,-0.5247263989441916,-0.404365943111267,0.9048055324001227,1.6495816066168083,0.2744324511807092,0.03476089066945202,3.328506386930255,-0.4814607612315388,0.06780831092943747,-1.0161329645585022,1
-0.9738162891597597,-1.1099901739376037,-1.179024470547907,-0.3954342097456631,-0.911310674287764,0.9048055324001227,1.6495816066168083,-0.8828162337175963,-1.0427871768490378,2.525808363920885,-0.4814607612315388,-0.03140185079879733,-1.0161329645585022,1
-0.8043672005990544,0.9009088760241706,-1.179024470547907,-0.38878561909553727,-0.404365943111267,0.9048055324001227,1.6495816066168083,0.853056793629862,-0.25392799969375696,2.525808363920885,-0.997471732522988,-0.011559818453150373,-1.0161329645585022,1
-0.634918112038349,-1.1099901739376037,0.8491410419312149,-0.39466038328044656,-0.23538436605243465,0.9048055324001227,1.6495816066168083,0.2744324511807092,0.001192415045823164,2.525808363920885,-0.997471732522988,0.7424374106814341,-1.0161329645585022,1
-0.8043672005990544,-1.1099901739376037,-0.502969299721533,-0.8649257808563329,-0.911310674287764,0.21058638994196582,-1.327558113186978,0.2744324511807092,-1.1804179269059165,-1.0289971665491795,-0.7394662468772634,1.337698381050843,-1.0161329645585022,0
-0.9738162891597597,0.9009088760241706,0.8491410419312149,-0.3949762308172696,-0.911310674287764,0.9048055324001227,1.6495816066168083,-1.461440576166749,0.9780350556934264,2.525808363920885,-0.7394662468772634,0.3455967637684949,-1.0161329645585022,1
-0.634918112038349,0.9009088760241706,-1.179024470547907,-0.5054596991979836,-0.911310674287764,0.9048055324001227,1.6495816066168083,0.2744324511807092,1.253296555807184,3.213835240786059,-0.997471732522988,0.6432272489531993,-1.0161329645585022,1
-0.634918112038349,0.9009088760241706,-1.179024470547907,-0.36583929554534034,-0.911310674287764,0.9048055324001227,1.6495816066168083,-0.8828162337175963,-0.12972463988633004,2.411137217776689,-0.997471732522988,-1.0036614357354983,-1.0161329645585022,1
-0.9738162891597597,0.9009088760241706,-1.179024470547907,-0.33905542442274306,-0.911310674287764,0.9048055324001227,1.6495816066168083,1.4316811360790147,-0.11965409719924096,2.2964660716324943,-0.7394662468772634,0.46464895784237664,-1.0161329645585022,1
-0.9738162891597597,-1.1099901739376037,-1.179024470547907,-0.44663309546468466,-0.911310674287764,0.9048055324001227,1.6495816066168083,0.853056793629862,0.665848232393677,2.869821802353472,-0.7394662468772634,0.0479662785837905,-1.0161329645585022,1
-0.9738162891597597,0.9009088760241706,0.8491410419312149,-0.33243841852629946,-0.7423290972289317,0.9048055324001227,1.6495816066168083,1.4316811360790147,0.11868207972852446,2.2964660716324943,-0.4814607612315388,0.782121475372728,-1.0161329645585022,1
-0.9738162891597597,-1.1099901739376037,-1.179024470547907,-0.8747170544978484,-0.911310674287764,0.21058638994196582,-0.3298995900612411,-0.8828162337175963,-1.7510820125076092,1.952452633199907,-0.4814607612315388,-0.40840046536608954,0.9841231756854657,0
-0.8043672005990544,-1.1099901739376037,1.5251962127575889,-0.31070810799287146,-0.23538436605243465,0.9048055324001227,1.6495816066168083,-0.8828162337175963,-1.4993184453303918,2.1817949254882985,-0.4814607612315388,-0.3488743683291487,-1.0161329645585022,1
-0.46546902347764374,-1.1099901739376037,1.5251962127575889,-0.8568242915368208,0.10257878806523006,-1.177851894974348,-0.8841543251310949,1.4316811360790147,-1.7510820125076092,0.23238544103697253,-0.997471732522988,1.8337491896920168,-1.0161329645585022,0
-0.46546902347764374,-1.1099901739376037,-0.502969299721533,-0.296826608749497,-0.7423290972289317,0.9048055324001227,1.6495816066168083,-1.461440576166749,-1.1804179269059165,2.1817949254882985,-0.7394662468772634,0.12733440796637835,-1.0161329645585022,1
-0.46546902347764374,-1.1099901739376037,-0.502969299721533,-0.29878486347780014,-0.7423290972289317,0.9048055324001227,1.6495816066168083,-0.8828162337175963,0.8135495251376443,2.1817949254882985,-0.997471732522988,1.1591200899400202,-1.0161329645585022,1
-0.9738162891597597,-1.1099901739376037,-0.502969299721533,-0.29748988857682546,-0.911310674287764,0.9048055324001227,1.6495816066168083,-1.461440576166749,0.7430557263280237,2.1817949254882985,-0.997471732522988,0.9606997664835506,-1.0161329645585022,1
-0.9738162891597597,0.9009088760241706,-1.179024470547907,-0.8635360516943114,-0.7423290972289317,0.21058638994196582,-0.7257958293968509,1.4316811360790147,1.2465828606824585,0.6910700256137552,-0.7394662468772634,-0.5671367241312653,0.9841231756854657,0
-0.9738162891597597,-1.1099901739376037,-1.179024470547907,-0.40948942513429026,-0.911310674287764,0.9048055324001227,1.6495816066168083,-0.8828162337175963,1.5688402266692962,2.640479510065081,-0.4814607612315388,1.0995939929030794,-1.0161329645585022,1
-0.634918112038349,0.9009088760241706,-0.502969299721533,-0.28412953776920913,-0.5733475201700994,0.9048055324001227,1.6495816066168083,0.2744324511807092,0.001192415045823164,2.0671237793441026,-0.7394662468772634,0.782121475372728,-1.0161329645585022,1
-0.46546902347764374,-1.1099901739376037,-0.502969299721533,-0.2781126421927294,-0.404365943111267,0.9048055324001227,1.6495816066168083,-0.3041918912684436,0.15896425047687956,2.0671237793441026,-0.7394662468772634,0.9408577341379036,-1.0161329645585022,1
-0.634918112038349,0.9009088760241706,1.5251962127575889,-0.2798024265147329,-0.404365943111267,0.9048055324001227,1.6495816066168083,1.4316811360790147,-0.21028898138303903,2.0671237793441026,-0.7394662468772634,0.14717644031202531,-1.0161329645585022,1
-0.9738162891597597,0.9009088760241706,-0.502969299721533,-0.28212390591038256,-0.911310674287764,0.9048055324001227,1.6495816066168083,-0.8828162337175963,0.5114332445249834,2.0671237793441026,-0.7394662468772634,-0.07108591549009124,-1.0161329645585022,1
-0.9738162891597597,0.9009088760241706,-0.502969299721533,-0.2773072309738306,-0.7423290972289317,0.9048055324001227,1.6495816066168083,-0.8828162337175963,0.8269769153870962,2.0671237793441026,-0.997471732522988,0.8813316371009629,-1.0161329645585022,1
-0.634918112038349,-1.1099901739376037,-1.179024470547907,-0.2748120354329282,-0.911310674287764,0.9048055324001227,1.6495816066168083,1.4316811360790147,0.4040141225293712,2.0671237793441026,-0.4814607612315388,-1.2219237915376149,-1.0161329645585022,1
-0.46546902347764374,0.9009088760241706,0.8491410419312149,-0.25745621328449986,-0.5733475201700994,0.9048055324001227,1.6495816066168083,1.4316811360790147,-0.005521280078902488,1.952452633199907,-0.7394662468772634,0.286070666731554,-1.0161329645585022,1
-0.46546902347764374,0.9009088760241706,-1.179024470547907,-0.2524974069563775,-0.404365943111267,0.9048055324001227,1.6495816066168083,-0.8828162337175963,0.11868207972852446,1.952452633199907,-0.4814607612315388,-1.2814498885745558,-1.0161329645585022,1
-0.9738162891597597,0.9009088760241706,-0.502969299721533,-0.37327750503752394,-0.911310674287764,0.9048055324001227,1.6495816066168083,-1.461440576166749,1.676259348664909,2.525808363920885,-0.4814607612315388,1.337698381050843,-1.0161329645585022,1
-0.2960199349169384,0.9009088760241706,-0.502969299721533,-0.873959020409473,-0.23538436605243465,-1.177851894974348,-1.2800505644667048,0.853056793629862,-1.0964967378468442,-0.9143260204049839,-0.7394662468772634,-1.2417658238832618,0.9841231756854657,0
-0.634918112038349,0.9009088760241706,0.8491410419312149,-0.2594460527664853,-0.404365943111267,0.9048055324001227,1.6495816066168083,-0.8828162337175963,1.5587696839822078,2.0671237793441026,-0.997471732522988,0.008282213892496587,-1.0161329645585022,1
-0.46546902347764374,0.9009088760241706,0.8491410419312149,-0.3704664619597985,-0.911310674287764,0.9048055324001227,1.6495816066168083,-1.461440576166749,0.25966967734776614,2.411137217776689,-0.997471732522988,0.26622863438590705,-1.0161329645585022,1
-0.634918112038349,-1.1099901739376037,-1.179024470547907,-0.2528764240005652,-0.911310674287764,0.9048055324001227,1.6495816066168083,-0.3041918912684436,0.001192415045823164,1.952452633199907,-0.7394662468772634,-0.36871640067479566,-1.0161329645585022,1
-0.9738162891597597,-1.1099901739376037,0.8491410419312149,-0.35874851834366217,-0.911310674287764,0.9048055324001227,1.6495816066168083,0.2744324511807092,1.934736610966852,2.411137217776689,-0.7394662468772634,-1.9957630530178463,-1.0161329645585022,1
-0.9738162891597597,0.9009088760241706,-1.179024470547907,-0.22165489498560356,-0.911310674287764,0.9048055324001227,1.6495816066168083,-0.8828162337175963,-0.3680608168140954,1.8377814870557112,-0.4814607612315388,-0.30919030363785477,-1.0161329645585022,1
-0.8043672005990544,-1.1099901739376037,-1.179024470547907,-0.3348704445598372,-0.404365943111267,0.9048055324001227,1.6495816066168083,0.2744324511807092,1.5587696839822078,2.2964660716324943,-0.4814607612315388,-0.5869787564769122,-1.0161329645585022,1
-0.8043672005990544,0.9009088760241706,0.8491410419312149,-0.34227706929833845,-0.5733475201700994,0.9048055324001227,1.6495816066168083,0.2744324511807092,1.327147202179168,2.2964660716324943,-0.7394662468772634,-0.8846092416616166,-1.0161329645585022,1
-0.8043672005990544,0.9009088760241706,-1.179024470547907,-0.2238026582360005,-0.911310674287764,0.9048055324001227,1.6495816066168083,1.4316811360790147,0.27645391515958084,1.8377814870557112,-0.4814607612315388,0.7027533459901402,-1.0161329645585022,1
-0.634918112038349,0.9009088760241706,0.8491410419312149,-0.3181305251082139,-0.5733475201700994,0.9048055324001227,1.6495816066168083,0.2744324511807092,0.2193875065994116,2.1817949254882985,-0.4814607612315388,0.20670253734896618,-1.0161329645585022,1
-0.2960199349169384,0.9009088760241706,0.8491410419312149,-0.20357262350248215,-0.5733475201700994,0.9048055324001227,1.6495816066168083,-0.8828162337175963,0.3939435798422821,1.8377814870557112,-0.4814607612315388,0.12733440796637835,-1.0161329645585022,1
-0.634918112038349,-1.1099901739376037,-1.179024470547907,-0.19968769879955822,-0.5733475201700994,0.9048055324001227,1.6495816066168083,-0.3041918912684436,-1.3751150855229646,1.8377814870557112,-0.997471732522988,-2.134657279437375,-1.0161329645585022,1
-0.46546902347764374,0.9009088760241706,-0.502969299721533,-0.20535716208553256,-0.404365943111267,0.9048055324001227,1.6495816066168083,-1.461440576166749,-1.3751150855229646,1.8377814870557112,-0.7394662468772634,0.6630692812988462,-1.0161329645585022,1
-0.2960199349169384,-1.1099901739376037,-1.179024470547907,-0.32068889015648083,0.2715603651240624,0.9048055324001227,1.6495816066168083,-0.3041918912684436,2.948504574800447,2.2964660716324943,-0.7394662468772634,0.18686050500331922,-1.0161329645585022,1
-0.46546902347764374,0.9009088760241706,0.8491410419312149,-0.20112480509210326,-0.5733475201700994,0.9048055324001227,1.6495816066168083,1.4316811360790147,-0.37813135950118393,1.8377814870557112,-0.4814607612315388,0.26622863438590705,-1.0161329645585022,1
-0.9738162891597597,-1.1099901739376037,-1.179024470547907,-0.8672630526288237,-0.7423290972289317,-1.177851894974348,1.111162721120379,0.853056793629862,-0.41841353024953903,5.965942748246754,-0.7394662468772634,0.028124246238143545,0.9841231756854657,0
-0.8043672005990544,0.9009088760241706,-1.179024470547907,-0.2063362894496841,-0.911310674287764,0.9048055324001227,1.6495816066168083,-1.461440576166749,0.5114332445249834,1.8377814870557112,-0.997471732522988,0.4448069254967297,-1.0161329645585022,1
-0.46546902347764374,-1.1099901739376037,-1.179024470547907,-0.1962607530250278,0.10257878806523006,0.9048055324001227,1.6495816066168083,1.4316811360790147,0.001192415045823164,1.8377814870557112,-0.4814607612315388,0.9805417988291976,-1.0161329645585022,1
-0.8043672005990544,0.9009088760241706,0.8491410419312149,-0.8694739853865853,-0.911310674287764,-1.177851894974348,-0.38928402596158257,0.853056793629862,-1.3482603050240614,1.7231103409115156,-0.997471732522988,-0.03140185079879733,0.9841231756854657,0
-0.8043672005990544,0.9009088760241706,1.5251962127575889,-0.16617627514262925,-0.5733475201700994,0.9048055324001227,1.6495816066168083,-0.8828162337175963,1.9750187817152072,1.7231103409115156,-0.997471732522988,-0.6465048535138531,-1.0161329645585022,1
-0.9738162891597597,-1.1099901739376037,0.8491410419312149,-0.2768492520454371,-0.911310674287764,0.9048055324001227,1.6495816066168083,0.853056793629862,2.17642963545698,2.0671237793441026,-0.4814607612315388,0.16701847265767225,-1.0161329645585022,1
-0.8043672005990544,0.9009088760241706,-0.502969299721533,-0.8694739853865853,-0.911310674287764,-1.177851894974348,-1.121692068732461,-0.8828162337175963,1.9515208487786668,-0.45564143582820127,-0.997471732522988,-2.154499311783022,0.9841231756854657,0
-0.2960199349169384,0.9009088760241706,-1.179024470547907,-0.871084807824383,-0.5733475201700994,-1.177851894974348,-0.9474977234247925,-0.3041918912684436,0.001192415045823164,0.1177142948927768,-0.997471732522988,0.7225953783357871,0.9841231756854657,0
-0.9738162891597597,-1.1099901739376037,-1.179024470547907,-0.1481413807900313,-0.7423290972289317,0.9048055324001227,1.6495816066168083,-1.461440576166749,0.7061304031420315,1.6084391947673204,-0.997471732522988,-0.7853990799333818,-1.0161329645585022,1
-0.8043672005990544,-1.1099901739376037,-1.179024470547907,-0.13667611520335343,-0.5733475201700994,0.9048055324001227,1.6495816066168083,-1.461440576166749,-1.1233515183457474,1.6084391947673204,-0.7394662468772634,0.4249648931510827,-1.0161329645585022,1
-0.2960199349169384,0.9009088760241706,1.5251962127575889,-0.12868517252172948,-0.404365943111267,0.9048055324001227,1.6495816066168083,0.2744324511807092,-1.623521805137819,1.6084391947673204,-0.7394662468772634,0.6432272489531993,-1.0161329645585022,1
-0.2960199349169384,0.9009088760241706,-0.502969299721533,-0.24256400192329158,0.4405419421828948,0.9048055324001227,1.6495816066168083,0.853056793629862,1.7937490133476108,1.952452633199907,-0.4814607612315388,0.32575473142284794,-1.0161329645585022,1
-0.8043672005990544,-1.1099901739376037,-0.502969299721533,-0.10960798129761534,-0.7423290972289317,0.9048055324001227,1.6495816066168083,0.2744324511807092,-1.0427871768490378,1.4937680486231246,-0.997471732522988,-1.0631875327724392,-1.0161329645585022,1
-0.634918112038349,-1.1099901739376037,-0.502969299721533,-0.21871751289314892,-0.23538436605243465,0.9048055324001227,1.6495816066168083,1.4316811360790147,1.8407448792206904,1.8377814870557112,-0.997471732522988,0.7622794430270811,-1.0161329645585022,1
-1.143265377720465,0.9009088760241706,-0.502969299721533,-0.8566347830147271,-0.911310674287764,0.21058638994196582,-0.9554156482115047,1.4316811360790147,0.001192415045823164,0.003043148748581378,-0.4814607612315388,1.1988041546313142,0.9841231756854657,0
-0.2960199349169384,0.9009088760241706,-1.179024470547907,-0.8635360516943114,-0.404365943111267,-1.177851894974348,-0.4090788379283631,-0.3041918912684436,-1.0092187012254088,1.6084391947673204,-0.997471732522988,-0.13061201252703214,0.9841231756854657,0
-0.634918112038349,-1.1099901739376037,1.5251962127575889,-0.11287700330373424,0.10257878806523006,0.9048055324001227,1.6495816066168083,0.853056793629862,-0.005521280078902488,1.4937680486231246,-0.997471732522988,0.8813316371009629,-1.0161329645585022,1
-0.634918112038349,0.9009088760241706,1.5251962127575889,-0.8600301440355751,-0.404365943111267,0.21058638994196582,-0.2903099661276801,1.4316811360790147,-1.3751150855229646,1.8377814870557112,-0.7394662468772634,-0.7655570475877348,-1.0161329645585022,0
-0.46546902347764374,-1.1099901739376037,-0.502969299721533,-0.22373948872863592,-0.7423290972289317,0.9048055324001227,1.6495816066168083,0.853056793629862,-0.7138161157374736,1.8377814870557112,-0.7394662468772634,-0.8052411122790287,-1.0161329645585022,1
-0.634918112038349,0.9009088760241706,-0.502969299721533,-0.10355950096745332,-0.7423290972289317,0.9048055324001227,1.6495816066168083,1.4316811360790147,0.001192415045823164,1.4937680486231246,-0.4814607612315388,-0.9838194033898514,-1.0161329645585022,1
-0.8043672005990544,0.9009088760241706,1.5251962127575889,-0.2238816201202063,-0.911310674287764,0.9048055324001227,1.6495816066168083,-1.461440576166749,1.286865031430813,1.8377814870557112,-0.7394662468772634,-0.8052411122790287,-1.0161329645585022,1
-0.8043672005990544,0.9009088760241706,-1.179024470547907,-0.22279194611816666,-0.404365943111267,0.9048055324001227,1.6495816066168083,0.853056793629862,0.03811773823181484,1.8377814870557112,-0.997471732522988,-0.09092794783573821,-1.0161329645585022,1
-0.9738162891597597,0.9009088760241706,-0.502969299721533,-0.11603547867196505,-0.7423290972289317,0.9048055324001227,1.6495816066168083,-0.8828162337175963,-1.0495008719737637,1.6084391947673204,-0.7394662468772634,-1.3012919209202027,-1.0161329645585022,1
-0.46546902347764374,-1.1099901739376037,-1.179024470547907,-0.10867623106398724,-0.7423290972289317,0.9048055324001227,1.6495816066168083,-0.8828162337175963,0.001192415045823164,1.4937680486231246,-0.997471732522988,0.4249648931510827,-1.0161329645585022,1
-0.9738162891597597,0.9009088760241706,-1.179024470547907,-0.8586719996272358,-0.911310674287764,-1.177851894974348,-0.5674373336626071,-0.8828162337175963,1.6729025011025462,1.035083464046342,-0.4814607612315388,-0.190138109563973,-1.0161329645585022,0
-0.634918112038349,0.9009088760241706,-1.179024470547907,-0.8588457157724886,-0.7423290972289317,-1.177851894974348,-0.646616581529729,-1.461440576166749,-0.005521280078902488,0.9204123179021463,-0.4814607612315388,0.5638591195706114,0.9841231756854657,0
-0.46546902347764374,0.9009088760241706,-0.502969299721533,-0.10491764537579257,-0.7423290972289317,0.9048055324001227,1.6495816066168083,-0.8828162337175963,0.001192415045823164,1.4937680486231246,-0.7394662468772634,0.5043330225336705,-1.0161329645585022,1
-0.46546902347764374,0.9009088760241706,0.8491410419312149,-0.22669266319793172,-0.7423290972289317,0.9048055324001227,1.6495816066168083,0.853056793629862,1.5587696839822078,1.952452633199907,-0.7394662468772634,0.6829113136444932,-1.0161329645585022,1
-0.634918112038349,-1.1099901739376037,0.8491410419312149,-0.22475020084646977,-0.23538436605243465,0.9048055324001227,1.6495816066168083,0.853056793629862,2.02537149515065,1.8377814870557112,-0.7394662468772634,-0.6068207888225592,-1.0161329645585022,1
-0.8043672005990544,-1.1099901739376037,-0.502969299721533,-0.10460179783896949,-0.404365943111267,0.9048055324001227,1.6495816066168083,-0.8828162337175963,0.4040141225293712,1.4937680486231246,-0.997471732522988,1.0797519605574324,-1.0161329645585022,1
-1.143265377720465,0.9009088760241706,-1.179024470547907,-0.8605828772250156,-0.7423290972289317,0.21058638994196582,-1.3156812260069097,-0.8828162337175963,1.417782086362966,-1.0289971665491795,-0.7394662468772634,-0.13061201252703214,0.9841231756854657,0
-0.46546902347764374,-1.1099901739376037,0.8491410419312149,-0.22018620393937624,0.10257878806523006,0.9048055324001227,1.6495816066168083,-1.461440576166749,1.0418151593783211,1.8377814870557112,-0.4814607612315388,0.5837011519162584,-1.0161329645585022,1
-0.634918112038349,-1.1099901739376037,0.8491410419312149,-0.10592835749362643,-0.7423290972289317,0.9048055324001227,1.6495816066168083,0.853056793629862,0.04483143335654109,1.4937680486231246,-0.997471732522988,-1.9163949236352584,-1.0161329645585022,1
-1.143265377720465,0.9009088760241706,-1.179024470547907,-0.8559399184337162,-0.911310674287764,0.21058638994196582,-1.1375279183058853,0.2744324511807092,0.16232109803924238,-0.570312581972397,-0.4814607612315388,-0.190138109563973,-1.0161329645585022,0
-0.634918112038349,-1.1099901739376037,-0.502969299721533,-0.10820245975875262,-0.404365943111267,0.9048055324001227,1.6495816066168083,0.853056793629862,0.9612508178816116,1.4937680486231246,-0.4814607612315388,0.286070666731554,-1.0161329645585022,1
-0.2960199349169384,0.9009088760241706,0.8491410419312149,-0.1146457495099435,-0.404365943111267,0.9048055324001227,1.6495816066168083,-0.3041918912684436,-0.3109944082539262,1.6084391947673204,-0.4814607612315388,-0.5274526594399713,-1.0161329645585022,1
-0.8043672005990544,0.9009088760241706,0.8491410419312149,-0.21491155007443077,-0.5733475201700994,0.9048055324001227,1.6495816066168083,0.853056793629862,1.9112386780303117,1.8377814870557112,-0.4814607612315388,0.2463866020402601,-1.0161329645585022,1
-0.634918112038349,0.9009088760241706,0.8491410419312149,-0.20464650512768062,-0.5733475201700994,0.9048055324001227,1.6495816066168083,1.4316811360790147,2.562467105128714,1.8377814870557112,-0.997471732522988,-0.011559818453150373,-1.0161329645585022,1
-0.634918112038349,-1.1099901739376037,-0.502969299721533,-0.09492107083534204,-0.911310674287764,0.9048055324001227,1.6495816066168083,-0.3041918912684436,0.3939435798422821,1.4937680486231246,-0.4814607612315388,0.028124246238143545,-1.0161329645585022,1
-0.9738162891597597,0.9009088760241706,0.8491410419312149,-0.8569822153052324,-0.5733475201700994,0.21058638994196582,-0.9158260242779438,-1.461440576166749,0.001192415045823164,0.1177142948927768,-0.7394662468772634,0.2463866020402601,-1.0161329645585022,0
-0.46546902347764374,-1.1099901739376037,0.8491410419312149,-0.06840567011904433,-0.5733475201700994,0.9048055324001227,1.6495816066168083,0.2744324511807092,-1.4993184453303918,1.379096902478929,-0.7394662468772634,-1.162397694500674,-1.0161329645585022,1
-0.634918112038349,0.9009088760241706,0.8491410419312149,-0.18256876230374722,-0.404365943111267,0.9048055324001227,1.6495816066168083,-0.8828162337175963,1.2096575374964662,1.7231103409115156,-0.4814607612315388,-1.12271362980938,-1.0161329645585022,1
-1.143265377720465,-1.1099901739376037,-0.502969299721533,-0.1861852166003715,-0.911310674287764,0.9048055324001227,1.6495816066168083,1.4316811360790147,2.142861159833352,1.7231103409115156,-0.7394662468772634,0.6233852166075523,-1.0161329645585022,1
-0.634918112038349,0.9009088760241706,0.8491410419312149,-0.06989015354211281,-0.5733475201700994,0.9048055324001227,1.6495816066168083,-0.3041918912684436,0.03811773823181484,1.379096902478929,-0.997471732522988,-1.4005020826484376,-1.0161329645585022,1
-0.46546902347764374,-1.1099901739376037,-0.502969299721533,-0.06486817770662581,-0.5733475201700994,0.9048055324001227,1.6495816066168083,1.4316811360790147,0.15896425047687956,1.379096902478929,-0.997471732522988,0.08765034327508442,-1.0161329645585022,1
-0.46546902347764374,-1.1099901739376037,1.5251962127575889,-0.05016547486751136,-0.5733475201700994,0.9048055324001227,1.6495816066168083,0.2744324511807092,0.4745079213389917,1.379096902478929,-0.7394662468772634,0.46464895784237664,-1.0161329645585022,1
-0.2960199349169384,0.9009088760241706,-0.502969299721533,-0.14885203774788325,-0.23538436605243465,0.9048055324001227,1.6495816066168083,-1.461440576166749,-0.25392799969375696,1.6084391947673204,-0.997471732522988,-0.8449251769703227,-1.0161329645585022,1
-0.8043672005990544,-1.1099901739376037,-0.502969299721533,-0.016164487528506615,-0.7423290972289317,0.9048055324001227,1.6495816066168083,0.2744324511807092,-0.11965409719924096,1.2644257563347332,-0.7394662468772634,0.40512286080543575,-1.0161329645585022,1
-0.634918112038349,-1.1099901739376037,-1.179024470547907,-0.8514864681645108,-0.404365943111267,0.21058638994196582,-0.7257958293968509,0.853056793629862,1.7736079279734327,0.5763988794695595,-0.7394662468772634,-0.40840046536608954,-1.0161329645585022,0
-0.8043672005990544,-1.1099901739376037,-0.502969299721533,-0.008868409427893428,-0.911310674287764,0.9048055324001227,1.6495816066168083,0.2744324511807092,-0.21364582894540246,1.2644257563347332,-0.997471732522988,1.3972244780877838,-1.0161329645585022,1
-0.8043672005990544,0.9009088760241706,-0.502969299721533,-0.020728484435600145,-0.7423290972289317,0.9048055324001227,1.6495816066168083,1.4316811360790147,0.16232109803924238,1.2644257563347332,-0.7394662468772634,-0.7258729828964409,-1.0161329645585022,1
-0.634918112038349,0.9009088760241706,0.8491410419312149,-0.8479489757520923,-0.911310674287764,0.21058638994196582,0.06599664927436881,1.4316811360790147,-0.1397951825734185,2.7551506562092767,-0.4814607612315388,-0.9242933063529105,0.9841231756854657,0
-0.46546902347764374,0.9009088760241706,1.5251962127575889,-0.849259743029908,-0.23538436605243465,0.21058638994196582,-0.6664113934965095,1.4316811360790147,0.8336906105118219,0.8057411717579506,-0.997471732522988,0.3455967637684949,0.9841231756854657,0
-0.2960199349169384,-1.1099901739376037,-0.502969299721533,-0.12718489672181985,0.10257878806523006,0.9048055324001227,1.6495816066168083,0.853056793629862,0.001192415045823164,1.6084391947673204,-0.4814607612315388,-0.44808453005738347,-1.0161329645585022,1
-0.8043672005990544,0.9009088760241706,1.5251962127575889,-0.12082056885483473,-0.5733475201700994,0.9048055324001227,1.6495816066168083,-0.8828162337175963,0.4308689030282738,1.6084391947673204,-0.4814607612315388,0.3455967637684949,-1.0161329645585022,1
-1.143265377720465,-1.1099901739376037,-0.502969299721533,-0.8534289305159727,-0.911310674287764,-1.177851894974348,-0.963333572998217,-1.461440576166749,2.102578989084997,0.003043148748581378,-0.997471732522988,-1.0631875327724392,-1.0161329645585022,1
-0.2960199349169384,0.9009088760241706,-1.179024470547907,-0.01281650363818195,-0.5733475201700994,0.9048055324001227,1.6495816066168083,-1.461440576166749,0.3301634761573873,1.2644257563347332,-0.997471732522988,-1.9560789883265524,-1.0161329645585022,1
-0.46546902347764374,-1.1099901739376037,-1.179024470547907,-0.12879571915961754,-0.23538436605243465,0.9048055324001227,1.6495816066168083,0.853056793629862,1.286865031430813,1.6084391947673204,-0.997471732522988,-1.8370267942526706,-1.0161329645585022,1
-0.8043672005990544,0.9009088760241706,0.8491410419312149,-0.1298380160311337,-0.911310674287764,0.9048055324001227,1.6495816066168083,-1.461440576166749,-0.059230841076708896,1.6084391947673204,-0.997471732522988,-0.9639773710442044,-1.0161329645585022,1
-0.8043672005990544,-1.1099901739376037,-1.179024470547907,-0.005852065451232998,-0.06640278899360229,0.9048055324001227,1.6495816066168083,-1.461440576166749,0.7430557263280237,1.2644257563347332,-0.997471732522988,-0.9639773710442044,-1.0161329645585022,1
-0.9738162891597597,-1.1099901739376037,0.8491410419312149,0.021674047382898572,-0.7423290972289317,0.9048055324001227,1.6495816066168083,-0.8828162337175963,0.3939435798422821,1.2644257563347332,-0.997471732522988,0.12733440796637835,-1.0161329645585022,0
-0.8043672005990544,0.9009088760241706,-0.502969299721533,0.02638017568156249,-0.7423290972289317,0.9048055324001227,1.6495816066168083,0.2744324511807092,0.03476089066945202,1.2644257563347332,-0.997471732522988,-0.5076106270943244,0.9841231756854657,0
-0.634918112038349,-1.1099901739376037,1.5251962127575889,0.02731192591519058,-0.23538436605243465,0.9048055324001227,1.6495816066168083,-0.3041918912684436,0.830333762949459,1.1497546101905376,-0.997471732522988,0.9606997664835506,-1.0161329645585022,0
-0.2960199349169384,0.9009088760241706,0.8491410419312149,0.03983528075022577,0.10257878806523006,0.9048055324001227,1.6495816066168083,-0.8828162337175963,-0.0860856215756121,1.1497546101905376,-0.4814607612315388,1.5361187045073124,-1.0161329645585022,0
-0.46546902347764374,0.9009088760241706,0.8491410419312149,0.04465195568677777,-0.23538436605243465,0.9048055324001227,1.6495816066168083,0.853056793629862,0.5114332445249834,1.1497546101905376,-0.4814607612315388,0.028124246238143545,0.9841231756854657,0
-0.634918112038349,0.9009088760241706,0.8491410419312149,-0.06347844854460426,-0.5733475201700994,0.9048055324001227,1.6495816066168083,-1.461440576166749,1.286865031430813,1.379096902478929,-0.4814607612315388,-0.7457150152420878,-1.0161329645585022,1
-0.8043672005990544,0.9009088760241706,-0.502969299721533,0.07135686492516932,-0.7423290972289317,0.9048055324001227,1.6495816066168083,1.4316811360790147,2.2603508245160526,1.1497546101905376,-0.997471732522988,1.4765926074703717,0.9841231756854657,0
-0.46546902347764374,0.9009088760241706,-0.502969299721533,0.08135343946561986,-0.7423290972289317,0.9048055324001227,1.6495816066168083,-0.3041918912684436,-0.34120603631519225,1.1497546101905376,-0.997471732522988,-0.11076998018138517,0.9841231756854657,0
-0.9738162891597597,0.9009088760241706,-0.502969299721533,0.07708949771850826,-0.911310674287764,0.9048055324001227,1.6495816066168083,0.853056793629862,-1.3751150855229646,1.1497546101905376,-0.4814607612315388,-0.8052411122790287,0.9841231756854657,0
-0.46546902347764374,-1.1099901739376037,-0.502969299721533,-0.03044079619290991,0.10257878806523006,0.9048055324001227,1.6495816066168083,-0.3041918912684436,0.001192415045823164,1.379096902478929,-0.4814607612315388,1.317856348705196,-1.0161329645585022,1
-0.46546902347764374,0.9009088760241706,0.8491410419312149,0.10131500379283861,-0.5733475201700994,0.9048055324001227,1.6495816066168083,0.853056793629862,1.0351014642535956,1.035083464046342,-0.997471732522988,-1.3211339532658497,0.9841231756854657,0
-0.9738162891597597,0.9009088760241706,0.8491410419312149,-0.8475067892005399,-0.911310674287764,-1.177851894974348,-1.042512820865339,-1.461440576166749,0.16232109803924238,-0.34097028968400567,-0.7394662468772634,0.6829113136444932,0.9841231756854657,0
-0.8043672005990544,-1.1099901739376037,0.8491410419312149,0.09907248628139474,-0.7423290972289317,0.9048055324001227,1.6495816066168083,-0.8828162337175963,1.0351014642535956,1.035083464046342,-0.7394662468772634,0.10749237562073138,-1.0161329645585022,0
-0.8043672005990544,-1.1099901739376037,-1.179024470547907,-0.19400244313674275,-0.911310674287764,0.9048055324001227,1.6495816066168083,0.2744324511807092,1.407711543675877,1.8377814870557112,-0.4814607612315388,-0.24966420660091387,-1.0161329645585022,1
-0.634918112038349,0.9009088760241706,0.8491410419312149,0.11609666851615884,-0.7423290972289317,0.9048055324001227,1.6495816066168083,0.2744324511807092,0.27645391515958084,1.035083464046342,-0.997471732522988,0.6829113136444932,0.9841231756854657,0
-0.634918112038349,-1.1099901739376037,-0.502969299721533,-0.8541080027201423,-0.23538436605243465,-0.4836327525161911,-0.5674373336626071,0.853056793629862,0.4040141225293712,1.035083464046342,-0.997471732522988,0.4448069254967297,-1.0161329645585022,0
-0.8043672005990544,0.9009088760241706,-1.179024470547907,0.00427084810394677,-0.911310674287764,0.9048055324001227,1.6495816066168083,1.4316811360790147,1.0418151593783211,1.2644257563347332,-0.7394662468772634,0.6630692812988462,-1.0161329645585022,1
-0.9738162891597597,0.9009088760241706,0.8491410419312149,0.004255055727105616,-0.911310674287764,0.9048055324001227,1.6495816066168083,-1.461440576166749,1.1458774338115711,1.2644257563347332,-0.997471732522988,0.4448069254967297,-1.0161329645585022,1
-0.634918112038349,0.9009088760241706,0.8491410419312149,0.1192077667538662,-0.404365943111267,0.9048055324001227,1.6495816066168083,-0.3041918912684436,1.253296555807184,1.035083464046342,-0.7394662468772634,-0.5671367241312653,0.9841231756854657,0
-0.634918112038349,-1.1099901739376037,1.5251962127575889,0.15812018329046987,-0.911310674287764,0.9048055324001227,1.6495816066168083,-0.3041918912684436,0.5651428055227898,0.9204123179021463,-0.7394662468772634,0.782121475372728,0.9841231756854657,0
-0.9738162891597597,-1.1099901739376037,-0.502969299721533,-0.8491965735225434,-0.911310674287764,-1.177851894974348,-1.2602557524999243,-1.461440576166749,1.9750187817152072,-0.9143260204049839,-0.7394662468772634,-0.7258729828964409,-1.0161329645585022,1
-0.46546902347764374,0.9009088760241706,0.8491410419312149,0.17797120097980054,-0.911310674287764,0.9048055324001227,1.6495816066168083,-1.461440576166749,0.001192415045823164,0.9204123179021463,-0.4814607612315388,0.5043330225336705,0.9841231756854657,0
-1.143265377720465,0.9009088760241706,-1.179024470547907,-0.8495913829435723,-0.911310674287764,-1.177851894974348,-0.804975077263973,-0.3041918912684436,0.001192415045823164,0.3470565871811683,-0.997471732522988,-0.4877685947486774,-1.0161329645585022,1
-0.46546902347764374,0.9009088760241706,-0.502969299721533,-0.8425321904955764,-0.5733475201700994,-1.177851894974348,-0.17154109432699713,1.4316811360790147,-0.46205254856025635,2.0671237793441026,-0.4814607612315388,1.0599099282117854,0.9841231756854657,0
-0.634918112038349,-1.1099901739376037,-1.179024470547907,0.17516015790207512,-0.911310674287764,0.9048055324001227,1.6495816066168083,-0.3041918912684436,-0.7138161157374736,0.9204123179021463,-0.7394662468772634,1.0797519605574324,-1.0161329645585022,0
-0.2960199349169384,-1.1099901739376037,-0.502969299721533,0.17479693323472859,-0.404365943111267,0.9048055324001227,1.6495816066168083,0.2744324511807092,-1.3751150855229646,0.9204123179021463,-0.4814607612315388,0.38528082845978884,0.9841231756854657,0
-0.2960199349169384,-1.1099901739376037,-0.502969299721533,0.17206485204120892,-0.23538436605243465,0.9048055324001227,1.6495816066168083,-0.8828162337175963,0.001192415045823164,0.9204123179021463,-0.7394662468772634,-0.5869787564769122,-1.0161329645585022,0
-0.46546902347764374,-1.1099901739376037,-1.179024470547907,0.177197374514584,-0.911310674287764,0.9048055324001227,1.6495816066168083,0.853056793629862,-0.21028898138303903,0.9204123179021463,-0.7394662468772634,-0.20998014190961997,0.9841231756854657,0
-0.9738162891597597,0.9009088760241706,0.8491410419312149,0.06079176481843724,-0.7423290972289317,0.9048055324001227,1.6495816066168083,-1.461440576166749,-0.005521280078902488,1.1497546101905376,-0.4814607612315388,0.5440170872249644,-1.0161329645585022,1
-0.9738162891597597,0.9009088760241706,1.5251962127575889,0.17566551396099206,-0.7423290972289317,0.9048055324001227,1.6495816066168083,1.4316811360790147,0.001192415045823164,0.9204123179021463,-0.997471732522988,-1.202081759191968,0.9841231756854657,0
-1.143265377720465,-1.1099901739376037,-0.502969299721533,-0.8373522908916778,-0.911310674287764,-1.177851894974348,-0.3180227028811728,0.853056793629862,0.001192415045823164,1.6084391947673204,-0.7394662468772634,0.16701847265767225,0.9841231756854657,0
-0.2960199349169384,-1.1099901739376037,-0.502969299721533,-0.8388525666915875,-0.23538436605243465,0.21058638994196582,-0.6941241302500022,-0.8828162337175963,0.4745079213389917,0.5763988794695595,-0.7394662468772634,0.821805540064022,-1.0161329645585022,0
-0.634918112038349,0.9009088760241706,-0.502969299721533,0.05785438272598258,-0.7423290972289317,0.9048055324001227,1.6495816066168083,-0.3041918912684436,1.2801513363060872,1.1497546101905376,-0.4814607612315388,1.1988041546313142,-1.0161329645585022,1
-0.8043672005990544,-1.1099901739376037,-0.502969299721533,0.18368804139629832,-0.23538436605243465,0.9048055324001227,1.6495816066168083,0.853056793629862,1.7836784706605218,0.9204123179021463,-0.7394662468772634,-0.09092794783573821,-1.0161329645585022,0
-0.8043672005990544,-1.1099901739376037,-1.179024470547907,-0.12050472131801165,-0.5733475201700994,0.9048055324001227,1.6495816066168083,0.2744324511807092,1.676259348664909,1.6084391947673204,-0.7394662468772634,1.0995939929030794,-1.0161329645585022,1
-0.8043672005990544,0.9009088760241706,-1.179024470547907,0.1957376249260989,-0.911310674287764,0.9048055324001227,1.6495816066168083,0.2744324511807092,-0.21364582894540246,0.9204123179021463,-0.7394662468772634,0.0479662785837905,0.9841231756854657,0
-0.2960199349169384,0.9009088760241706,1.5251962127575889,0.08365912648442836,-0.5733475201700994,0.9048055324001227,1.6495816066168083,-1.461440576166749,0.7229146409538463,1.035083464046342,-0.7394662468772634,0.5837011519162584,-1.0161329645585022,1
-0.634918112038349,-1.1099901739376037,-1.179024470547907,0.0840539359054572,-0.06640278899360229,0.9048055324001227,1.6495816066168083,1.4316811360790147,1.3002924216802647,1.035083464046342,-0.4814607612315388,0.38528082845978884,-1.0161329645585022,1
-0.9738162891597597,-1.1099901739376037,-1.179024470547907,0.2087347510663687,-0.5733475201700994,0.9048055324001227,1.6495816066168083,-1.461440576166749,0.9981761410676039,0.8057411717579506,-0.4814607612315388,-0.26950623894656084,0.9841231756854657,0
-0.2960199349169384,0.9009088760241706,1.5251962127575889,0.10123604190863285,-0.5733475201700994,0.9048055324001227,1.6495816066168083,-0.3041918912684436,0.790051592201104,1.035083464046342,-0.997471732522988,0.4448069254967297,-1.0161329645585022,1
-1.143265377720465,-1.1099901739376037,0.8491410419312149,-0.8364205406580498,-0.911310674287764,0.21058638994196582,-0.38928402596158257,1.4316811360790147,-1.3482603050240614,1.379096902478929,-0.7394662468772634,0.40512286080543575,-1.0161329645585022,0
-0.9738162891597597,-1.1099901739376037,0.8491410419312149,-0.840131749215721,-0.911310674287764,-1.177851894974348,-0.8801953627377389,-0.8828162337175963,-1.8752853723150364,0.1177142948927768,-0.4814607612315388,-1.3409759856114967,0.9841231756854657,0
-0.634918112038349,0.9009088760241706,-0.502969299721533,-0.8392157913589341,-0.5733475201700994,-1.177851894974348,-0.2507203421941191,0.2744324511807092,-1.8752853723150364,1.8377814870557112,-0.997471732522988,-0.38855843302044263,0.9841231756854657,0
-0.2960199349169384,-1.1099901739376037,-0.502969299721533,0.23534490604371333,-0.23538436605243465,0.9048055324001227,1.6495816066168083,-0.3041918912684436,0.954537122756886,0.8057411717579506,-0.4814607612315388,0.6035431842619053,-1.0161329645585022,0
-0.9738162891597597,-1.1099901739376037,-1.179024470547907,-0.8336884594645301,-0.911310674287764,-1.177851894974348,-0.8841543251310949,0.853056793629862,0.665848232393677,0.1177142948927768,-0.997471732522988,-1.8370267942526706,0.9841231756854657,0
-0.2960199349169384,0.9009088760241706,-0.502969299721533,-0.8348413029739343,-0.06640278899360229,0.21058638994196582,-0.8524826259842462,0.2744324511807092,-0.34120603631519225,0.23238544103697253,-0.7394662468772634,-0.686188918205147,0.9841231756854657,0
-0.9738162891597597,-1.1099901739376037,-0.502969299721533,-0.8371154052390606,-0.23538436605243465,-1.177851894974348,-1.2958864140401292,1.4316811360790147,0.001192415045823164,-1.0289971665491795,-0.997471732522988,0.40512286080543575,0.9841231756854657,0
-0.8043672005990544,-1.1099901739376037,0.8491410419312149,-0.08585624652851959,-0.911310674287764,0.9048055324001227,1.6495816066168083,0.2744324511807092,0.04483143335654109,1.4937680486231246,-0.997471732522988,-3.4243893819044273,-1.0161329645585022,1
-1.143265377720465,0.9009088760241706,-0.502969299721533,-0.8344307011760643,-0.911310674287764,-1.177851894974348,-0.9158260242779438,-1.461440576166749,-1.6839450612603513,0.003043148748581378,-0.997471732522988,0.20670253734896618,-1.0161329645585022,0
-0.634918112038349,-1.1099901739376037,1.5251962127575889,0.11903405060861351,0.10257878806523006,0.9048055324001227,1.6495816066168083,-1.461440576166749,0.001192415045823164,1.035083464046342,-0.4814607612315388,-0.011559818453150373,-1.0161329645585022,1
-0.8043672005990544,-1.1099901739376037,0.8491410419312149,0.22741713286945398,-0.911310674287764,0.9048055324001227,1.6495816066168083,1.4316811360790147,0.19253272610050842,0.8057411717579506,-0.7394662468772634,-1.0830295651180861,-1.0161329645585022,0
-0.8043672005990544,0.9009088760241706,1.5251962127575889,0.24390437429161885,-0.5733475201700994,0.9048055324001227,1.6495816066168083,0.2744324511807092,0.954537122756886,0.8057411717579506,-0.4814607612315388,0.18686050500331922,0.9841231756854657,0
-0.8043672005990544,0.9009088760241706,1.5251962127575889,0.25783325066551677,-0.911310674287764,0.9048055324001227,1.6495816066168083,-0.8828162337175963,1.9750187817152072,0.8057411717579506,-0.4814607612315388,1.0995939929030794,-1.0161329645585022,0
-0.8043672005990544,0.9009088760241706,1.5251962127575889,0.2694090628900827,-0.5733475201700994,0.9048055324001227,1.6495816066168083,0.2744324511807092,-1.0427871768490378,0.8057411717579506,-0.4814607612315388,1.258330251668255,-1.0161329645585022,0
-0.8043672005990544,-1.1099901739376037,-1.179024470547907,-0.8323934845635554,-0.911310674287764,0.21058638994196582,-0.5674373336626071,1.4316811360790147,0.561785957960427,0.9204123179021463,-0.4814607612315388,-2.094973214746081,0.9841231756854657,0
-0.9738162891597597,0.9009088760241706,-1.179024470547907,-0.0489810466044248,-0.911310674287764,0.9048055324001227,1.6495816066168083,0.2744324511807092,1.3103629643673533,1.379096902478929,-0.4814607612315388,-0.4282424977117365,-1.0161329645585022,1
-0.634918112038349,0.9009088760241706,0.8491410419312149,0.27237802973621966,-0.911310674287764,0.9048055324001227,1.6495816066168083,1.4316811360790147,0.6893461653302174,0.8057411717579506,-0.4814607612315388,-1.7378166325244357,0.9841231756854657,0
-0.46546902347764374,0.9009088760241706,0.8491410419312149,0.2663137570292165,-0.404365943111267,0.9048055324001227,1.6495816066168083,-0.8828162337175963,-0.7138161157374736,0.8057411717579506,-0.4814607612315388,0.22654456969461315,0.9841231756854657,0
-0.8043672005990544,0.9009088760241706,-0.502969299721533,-0.8362942016433206,-0.911310674287764,-1.177851894974348,-1.2008713165995828,-0.8828162337175963,-1.623521805137819,-0.7996548742607882,-0.4814607612315388,-2.4124457322764323,0.9841231756854657,0
-0.9738162891597597,-1.1099901739376037,0.8491410419312149,0.2647345193451011,-0.7423290972289317,0.9048055324001227,1.6495816066168083,-0.8828162337175963,0.9981761410676039,0.8057411717579506,-0.4814607612315388,-0.32903233598350173,0.9841231756854657,0
-0.9738162891597597,0.9009088760241706,0.8491410419312149,-0.8375891765442952,-0.404365943111267,0.21058638994196582,-0.17154109432699713,1.4316811360790147,-1.4993184453303918,2.0671237793441026,-0.4814607612315388,0.46464895784237664,-1.0161329645585022,0
-0.2960199349169384,0.9009088760241706,-0.502969299721533,-0.055108488818792586,-0.5733475201700994,0.9048055324001227,1.6495816066168083,0.2744324511807092,0.954537122756886,1.379096902478929,-0.7394662468772634,0.46464895784237664,-1.0161329645585022,1
-0.2960199349169384,-1.1099901739376037,-1.179024470547907,-0.8340358917550356,-0.5733475201700994,-1.177851894974348,-1.359229812333827,-0.3041918912684436,-0.21700267650776528,-1.143668312693375,-0.7394662468772634,-1.0235034680811452,0.9841231756854657,0
-0.46546902347764374,0.9009088760241706,0.8491410419312149,0.15799384427574062,0.2715603651240624,0.9048055324001227,1.6495816066168083,0.853056793629862,1.6594751108530943,0.9204123179021463,-0.4814607612315388,-3.087074832028429,-1.0161329645585022,1
-0.46546902347764374,0.9009088760241706,-1.179024470547907,0.26639271891342226,-0.5733475201700994,0.9048055324001227,1.6495816066168083,-0.3041918912684436,1.092167872813765,0.8057411717579506,-0.4814607612315388,0.6233852166075523,-1.0161329645585022,0
-0.8043672005990544,-1.1099901739376037,0.8491410419312149,0.28226405763878215,-0.911310674287764,0.9048055324001227,1.6495816066168083,0.2744324511807092,0.23617174441122635,0.6910700256137552,-0.997471732522988,-1.3806600503027906,0.9841231756854657,0
-0.9738162891597597,-1.1099901739376037,-0.502969299721533,0.2897180595078069,-0.911310674287764,0.9048055324001227,1.6495816066168083,-1.461440576166749,0.8336906105118219,0.6910700256137552,-0.4814607612315388,-0.190138109563973,0.9841231756854657,0
-0.634918112038349,0.9009088760241706,1.5251962127575889,-0.8395632236494395,-0.7423290972289317,-1.177851894974348,-1.2008713165995828,-1.461440576166749,1.286865031430813,-0.7996548742607882,-0.997471732522988,1.4170665104334308,-1.0161329645585022,1
-0.9738162891597597,-1.1099901739376037,-0.502969299721533,0.30873208122455637,-0.911310674287764,0.9048055324001227,1.6495816066168083,-0.8828162337175963,0.001192415045823164,0.6910700256137552,-0.997471732522988,1.1591200899400202,-1.0161329645585022,0
-0.8043672005990544,-1.1099901739376037,-1.179024470547907,0.1915052679326696,-0.5733475201700994,0.9048055324001227,1.6495816066168083,-0.3041918912684436,1.357358830240434,0.9204123179021463,-0.4814607612315388,0.305912699077201,-1.0161329645585022,1
-0.9738162891597597,0.9009088760241706,1.5251962127575889,0.20783458558642293,-0.911310674287764,0.9048055324001227,1.6495816066168083,-0.8828162337175963,0.9343960373827085,0.8057411717579506,-0.4814607612315388,0.5837011519162584,-1.0161329645585022,1
-0.634918112038349,-1.1099901739376037,0.8491410419312149,0.33624240168184677,0.10257878806523006,0.9048055324001227,1.6495816066168083,-0.8828162337175963,0.830333762949459,0.6910700256137552,-0.7394662468772634,-1.2616078562289088,-1.0161329645585022,0
-0.2960199349169384,-1.1099901739376037,-0.502969299721533,-0.8392947532431398,-0.23538436605243465,0.21058638994196582,-1.042512820865339,1.4316811360790147,-1.4254677989584081,-0.34097028968400567,-0.997471732522988,0.18686050500331922,-1.0161329645585022,0
-0.8043672005990544,0.9009088760241706,1.5251962127575889,0.35252434220507667,-0.7423290972289317,0.9048055324001227,1.6495816066168083,0.853056793629862,0.03476089066945202,0.6910700256137552,-0.4814607612315388,0.6035431842619053,0.9841231756854657,0
-0.46546902347764374,-1.1099901739376037,-0.502969299721533,0.34647586187491464,-0.404365943111267,0.9048055324001227,1.6495816066168083,-0.8828162337175963,0.9780350556934264,0.6910700256137552,-0.997471732522988,-0.11076998018138517,0.9841231756854657,0
-0.8043672005990544,-1.1099901739376037,-0.502969299721533,-0.8406528976514791,-0.7423290972289317,0.21058638994196582,-0.8208109268373974,-0.8828162337175963,0.5114332445249834,0.23238544103697253,-0.997471732522988,-0.44808453005738347,0.9841231756854657,0
-1.143265377720465,0.9009088760241706,-0.502969299721533,-0.8349202648581402,-0.911310674287764,-1.177851894974348,0.06599664927436881,-1.461440576166749,0.04483143335654109,2.640479510065081,-0.997471732522988,-1.9560789883265524,0.9841231756854657,0
-0.634918112038349,-1.1099901739376037,1.5251962127575889,0.25105832100066167,-0.06640278899360229,0.9048055324001227,1.6495816066168083,-0.3041918912684436,1.0418151593783211,0.8057411717579506,-0.997471732522988,0.9011736694466097,-1.0161329645585022,1
-0.8043672005990544,-1.1099901739376037,-0.502969299721533,0.3689957912504004,-0.911310674287764,0.9048055324001227,1.6495816066168083,0.2744324511807092,-1.1804179269059165,0.5763988794695595,-0.997471732522988,-0.7060309505507939,0.9841231756854657,0
-0.46546902347764374,0.9009088760241706,0.8491410419312149,0.36727442217471457,-0.404365943111267,0.9048055324001227,1.6495816066168083,-1.461440576166749,-0.25392799969375696,0.5763988794695595,-0.7394662468772634,0.40512286080543575,0.9841231756854657,0
-0.2960199349169384,0.9009088760241706,-0.502969299721533,0.13837971223902726,-0.5733475201700994,0.9048055324001227,1.6495816066168083,0.853056793629862,0.5114332445249834,1.035083464046342,-0.997471732522988,-1.2219237915376149,-1.0161329645585022,1
-1.143265377720465,-1.1099901739376037,0.8491410419312149,-0.8310037554015339,-0.911310674287764,-1.177851894974348,-1.2800505644667048,0.853056793629862,0.2865244578466693,-1.0289971665491795,-0.7394662468772634,0.5241750548793175,0.9841231756854657,0
-0.8043672005990544,0.9009088760241706,-0.502969299721533,-0.8328198787382667,-0.911310674287764,0.21058638994196582,-0.09236184645987515,1.4316811360790147,-1.0495008719737637,2.1817949254882985,-0.7394662468772634,-0.26950623894656084,0.9841231756854657,0
-0.46546902347764374,-1.1099901739376037,-1.179024470547907,0.3642580781980541,-0.911310674287764,0.9048055324001227,1.6495816066168083,-0.3041918912684436,0.001192415045823164,0.5763988794695595,-0.997471732522988,0.6035431842619053,-1.0161329645585022,0
-0.634918112038349,0.9009088760241706,-1.179024470547907,-0.8267556060312635,-0.911310674287764,-1.177851894974348,-0.8841543251310949,1.4316811360790147,0.001192415045823164,0.1177142948927768,-0.997471732522988,-0.22982217425526694,0.9841231756854657,0
-0.9738162891597597,-1.1099901739376037,-1.179024470547907,0.40648689387130016,-0.7423290972289317,0.9048055324001227,1.6495816066168083,-1.461440576166749,0.954537122756886,0.5763988794695595,-0.4814607612315388,-1.142555662155027,0.9841231756854657,0
-0.8043672005990544,0.9009088760241706,0.8491410419312149,-0.8215599140505238,-0.911310674287764,0.21058638994196582,-0.5674373336626071,0.853056793629862,0.7464125738903866,0.9204123179021463,-0.4814607612315388,-3.087074832028429,0.9841231756854657,0
-0.9738162891597597,-1.1099901739376037,-1.179024470547907,0.45967561907230714,-0.7423290972289317,0.9048055324001227,1.6495816066168083,0.853056793629862,0.001192415045823164,0.4617277333253637,-0.4814607612315388,0.12733440796637835,0.9841231756854657,0
-0.8043672005990544,0.9009088760241706,0.8491410419312149,0.23145998134078943,-0.7423290972289317,0.9048055324001227,1.6495816066168083,-0.3041918912684436,2.431550050196561,0.8057411717579506,-0.997471732522988,-0.4282424977117365,-1.0161329645585022,1
-0.634918112038349,-1.1099901739376037,-0.502969299721533,0.4622181917437329,-0.7423290972289317,0.9048055324001227,1.6495816066168083,-1.461440576166749,-1.4993184453303918,0.4617277333253637,-0.7394662468772634,-0.051243883144444294,-1.0161329645585022,0
-0.8043672005990544,0.9009088760241706,1.5251962127575889,0.45681719886405825,-0.911310674287764,0.9048055324001227,1.6495816066168083,0.2744324511807092,0.16232109803924238,0.4617277333253637,-0.4814607612315388,-1.4401861473397315,0.9841231756854657,0
-0.2960199349169384,0.9009088760241706,1.5251962127575889,0.4608126702048702,-0.06640278899360229,0.9048055324001227,1.6495816066168083,0.2744324511807092,0.16232109803924238,0.4617277333253637,-0.7394662468772634,-1.8965528912896115,0.9841231756854657,0
-0.9738162891597597,-1.1099901739376037,-0.502969299721533,-0.8281137504396028,-0.7423290972289317,-1.177851894974348,-0.4090788379283631,-0.8828162337175963,0.23617174441122635,1.2644257563347332,-0.997471732522988,1.2186461869769611,-1.0161329645585022,0
-0.8043672005990544,0.9009088760241706,1.5251962127575889,0.4603704836533179,-0.911310674287764,0.9048055324001227,1.6495816066168083,-1.461440576166749,0.860545391010725,0.4617277333253637,-0.4814607612315388,0.4844909901880236,0.9841231756854657,0
-0.46546902347764374,0.9009088760241706,0.8491410419312149,0.48023729371948976,-0.7423290972289317,0.9048055324001227,1.6495816066168083,-0.8828162337175963,1.1223795008750308,0.4617277333253637,-0.7394662468772634,-1.202081759191968,0.9841231756854657,0
-0.2960199349169384,0.9009088760241706,-0.502969299721533,-0.8306879078647108,-0.7423290972289317,-1.177851894974348,-0.9118670618845877,-1.461440576166749,-0.11965409719924096,0.003043148748581378,-0.4814607612315388,-0.2893482712922078,0.9841231756854657,0
-0.9738162891597597,-1.1099901739376037,-0.502969299721533,0.4967561198953369,-0.7423290972289317,0.9048055324001227,1.6495816066168083,1.4316811360790147,1.5587696839822078,0.4617277333253637,-0.997471732522988,0.32575473142284794,-1.0161329645585022,0
-0.9738162891597597,0.9009088760241706,-1.179024470547907,-0.8299140813994943,-0.911310674287764,-1.177851894974348,-0.4882580857954851,1.4316811360790147,0.001192415045823164,1.1497546101905376,-0.4814607612315388,-2.710076217461137,0.9841231756854657,0
-0.46546902347764374,-1.1099901739376037,-0.502969299721533,-0.8265660975091697,-0.911310674287764,-1.177851894974348,-0.5872321456293875,-0.8828162337175963,-1.4724636648314886,0.8057411717579506,-0.997471732522988,0.9408577341379036,-1.0161329645585022,1
-0.46546902347764374,0.9009088760241706,-1.179024470547907,0.5041627446338381,-0.7423290972289317,0.9048055324001227,1.6495816066168083,0.2744324511807092,-0.5896127559300467,0.4617277333253637,-0.997471732522988,-0.5274526594399713,0.9841231756854657,0
-0.9738162891597597,0.9009088760241706,0.8491410419312149,-0.8336410823340067,-0.5733475201700994,-1.177851894974348,-1.1375279183058853,0.2744324511807092,0.23617174441122635,-0.570312581972397,-0.7394662468772634,-0.40840046536608954,0.9841231756854657,0
-0.634918112038349,0.9009088760241706,-0.502969299721533,-0.824039317214585,-0.911310674287764,-1.177851894974348,-0.2507203421941191,0.853056793629862,-1.8752853723150364,1.7231103409115156,-0.4814607612315388,-3.087074832028429,0.9841231756854657,0
-0.2960199349169384,-1.1099901739376037,-0.502969299721533,0.5234768215105696,-0.911310674287764,0.9048055324001227,1.6495816066168083,-1.461440576166749,-0.522475804682789,0.4617277333253637,-0.4814607612315388,-0.5274526594399713,0.9841231756854657,0
-0.8043672005990544,0.9009088760241706,-0.502969299721533,-0.8250500293324189,-0.911310674287764,-1.177851894974348,-1.2721326396799926,-1.461440576166749,-1.1804179269059165,-0.9143260204049839,-0.997471732522988,0.5043330225336705,-1.0161329645585022,1
-0.9738162891597597,0.9009088760241706,-1.179024470547907,0.5425855974883661,-0.911310674287764,0.9048055324001227,1.6495816066168083,0.853056793629862,0.001192415045823164,0.4617277333253637,-0.997471732522988,-0.6068207888225592,0.9841231756854657,0
-0.8043672005990544,0.9009088760241706,-0.502969299721533,0.32390855536890545,-0.23538436605243465,0.9048055324001227,1.6495816066168083,-1.461440576166749,0.001192415045823164,0.6910700256137552,-0.997471732522988,-1.2219237915376149,-1.0161329645585022,1
-0.8043672005990544,0.9009088760241706,0.8491410419312149,0.556214418702282,-0.23538436605243465,0.9048055324001227,1.6495816066168083,-0.8828162337175963,-0.005521280078902488,0.3470565871811683,-0.997471732522988,1.35754041339649,-1.0161329645585022,0
-0.634918112038349,-1.1099901739376037,-0.502969299721533,0.5537823926687443,-0.404365943111267,0.9048055324001227,1.6495816066168083,-0.3041918912684436,0.001192415045823164,0.3470565871811683,-0.7394662468772634,0.6432272489531993,-1.0161329645585022,0
-1.143265377720465,0.9009088760241706,-0.502969299721533,-0.8253342921155596,-0.911310674287764,0.21058638994196582,-0.3536533644213777,1.4316811360790147,-1.1233515183457474,1.4937680486231246,-0.997471732522988,0.0479662785837905,0.9841231756854657,0
-0.8043672005990544,-1.1099901739376037,-0.502969299721533,0.5746125377222265,-0.911310674287764,0.9048055324001227,1.6495816066168083,0.2744324511807092,0.6826324702054911,0.3470565871811683,-0.7394662468772634,0.20670253734896618,0.9841231756854657,0
-0.9738162891597597,0.9009088760241706,-1.179024470547907,-0.8294876872247832,-0.404365943111267,-1.177851894974348,-0.3774071387815143,0.853056793629862,-1.2979075915886182,1.379096902478929,-0.997471732522988,0.06780831092943747,-1.0161329645585022,0
-0.9738162891597597,-1.1099901739376037,-1.179024470547907,0.37725520433832394,-0.911310674287764,0.9048055324001227,1.6495816066168083,1.4316811360790147,1.5587696839822078,0.5763988794695595,-0.4814607612315388,0.2463866020402601,-1.0161329645585022,1
-0.9738162891597597,-1.1099901739376037,-0.502969299721533,0.6104612331516464,-0.911310674287764,0.9048055324001227,1.6495816066168083,-0.8828162337175963,0.27645391515958084,0.3470565871811683,-0.4814607612315388,-1.142555662155027,0.9841231756854657,0
-0.634918112038349,-1.1099901739376037,-0.502969299721533,-0.8282558818311732,-0.911310674287764,0.21058638994196582,-1.042512820865339,-1.461440576166749,1.676259348664909,-0.34097028968400567,-0.997471732522988,0.286070666731554,0.9841231756854657,0
-0.8043672005990544,0.9009088760241706,-1.179024470547907,0.6389348885962471,-0.911310674287764,0.9048055324001227,1.6495816066168083,-0.8828162337175963,1.4345663241747801,0.3470565871811683,-0.4814607612315388,-1.2616078562289088,0.9841231756854657,0
-1.143265377720465,-1.1099901739376037,-0.502969299721533,-0.8277821105259385,-0.5733475201700994,0.21058638994196582,-0.8841543251310949,-1.461440576166749,1.357358830240434,0.1177142948927768,-0.4814607612315388,-2.075131182400434,-1.0161329645585022,0
-0.9738162891597597,0.9009088760241706,1.5251962127575889,-0.8327567092309021,-0.911310674287764,0.21058638994196582,-0.17154109432699713,-1.461440576166749,1.357358830240434,1.952452633199907,-0.4814607612315388,-0.13061201252703214,-1.0161329645585022,0
-0.634918112038349,-1.1099901739376037,1.5251962127575889,0.6440358263159399,-0.5733475201700994,0.9048055324001227,1.6495816066168083,-0.3041918912684436,1.0787404825643134,0.3470565871811683,-0.7394662468772634,0.6233852166075523,-1.0161329645585022,0
-0.46546902347764374,-1.1099901739376037,0.8491410419312149,0.42373216938184044,-0.7423290972289317,0.9048055324001227,1.6495816066168083,-0.3041918912684436,1.7937490133476108,0.5763988794695595,-0.7394662468772634,0.3455967637684949,-1.0161329645585022,1
-0.2960199349169384,0.9009088760241706,-1.179024470547907,-0.8336094975803243,-0.5733475201700994,0.21058638994196582,-0.3298995900612411,1.4316811360790147,-0.015591822765990965,1.6084391947673204,-0.997471732522988,-0.6465048535138531,0.9841231756854657,0
-0.46546902347764374,-1.1099901739376037,0.8491410419312149,0.649168348789315,-0.911310674287764,0.9048055324001227,1.6495816066168083,-0.3041918912684436,0.6893461653302174,0.3470565871811683,-0.997471732522988,0.782121475372728,-1.0161329645585022,0
-0.46546902347764374,0.9009088760241706,-0.502969299721533,0.6467994922631418,-0.7423290972289317,0.9048055324001227,1.6495816066168083,-0.3041918912684436,0.6893461653302174,0.3470565871811683,-0.997471732522988,-1.3806600503027906,0.9841231756854657,0
-0.46546902347764374,-1.1099901739376037,-0.502969299721533,-0.8255395930144946,-0.5733475201700994,0.21058638994196582,-0.3298995900612411,1.4316811360790147,0.001192415045823164,1.4937680486231246,-0.7394662468772634,0.6432272489531993,-1.0161329645585022,0
-0.8043672005990544,-1.1099901739376037,0.8491410419312149,-0.8280663733090793,-0.23538436605243465,-1.177851894974348,-0.45658638664863627,-0.8828162337175963,0.001192415045823164,1.1497546101905376,-0.4814607612315388,-0.5472946917856183,0.9841231756854657,0
-0.9738162891597597,0.9009088760241706,0.8491410419312149,0.16958544887714774,-0.911310674287764,0.9048055324001227,1.6495816066168083,0.2744324511807092,1.327147202179168,0.9204123179021463,-0.4814607612315388,0.40512286080543575,-1.0161329645585022,1
-0.8043672005990544,0.9009088760241706,-1.179024470547907,0.17335982694218355,-0.5733475201700994,0.9048055324001227,1.6495816066168083,0.2744324511807092,2.02537149515065,0.9204123179021463,-0.997471732522988,1.0400678958661385,-1.0161329645585022,1
-0.9738162891597597,0.9009088760241706,-0.502969299721533,0.6526426716943688,-0.911310674287764,0.9048055324001227,1.6495816066168083,0.853056793629862,0.4040141225293712,0.23238544103697253,-0.7394662468772634,-1.0433455004267922,0.9841231756854657,0
-0.46546902347764374,0.9009088760241706,-1.179024470547907,-0.8232496983725273,-0.7423290972289317,-1.177851894974348,-0.5040939353689095,0.853056793629862,-1.0495008719737637,1.035083464046342,-0.4814607612315388,0.782121475372728,0.9841231756854657,0
-0.2960199349169384,0.9009088760241706,1.5251962127575889,-0.8298193271384474,-0.911310674287764,0.21058638994196582,-0.6624524311031534,0.853056793629862,-1.8752853723150364,0.6910700256137552,-0.7394662468772634,0.26622863438590705,-1.0161329645585022,0
-0.2960199349169384,0.9009088760241706,-0.502969299721533,0.7247664567279196,0.10257878806523006,0.9048055324001227,1.6495816066168083,-1.461440576166749,-0.08944246913797492,0.23238544103697253,-0.997471732522988,0.06780831092943747,0.9841231756854657,0
-0.8043672005990544,-1.1099901739376037,-1.179024470547907,0.5178389429782776,-0.911310674287764,0.9048055324001227,1.6495816066168083,0.853056793629862,0.7430557263280237,0.4617277333253637,-0.7394662468772634,-1.4600281796853785,-1.0161329645585022,1
-0.8043672005990544,-1.1099901739376037,-0.502969299721533,0.553545507016127,-0.7423290972289317,0.9048055324001227,1.6495816066168083,-1.461440576166749,1.2029438423717405,0.3470565871811683,-0.997471732522988,0.4249648931510827,-1.0161329645585022,1
-0.46546902347764374,0.9009088760241706,-1.179024470547907,0.8023386117716684,-0.06640278899360229,0.9048055324001227,1.6495816066168083,-0.3041918912684436,0.001192415045823164,0.1177142948927768,-0.4814607612315388,-0.011559818453150373,-1.0161329645585022,0
-0.46546902347764374,0.9009088760241706,-0.502969299721533,0.5891415244160882,-0.5733475201700994,0.9048055324001227,1.6495816066168083,0.853056793629862,0.001192415045823164,0.3470565871811683,-0.7394662468772634,0.782121475372728,-1.0161329645585022,1
-0.8043672005990544,0.9009088760241706,0.8491410419312149,0.8380293834326766,-0.7423290972289317,0.9048055324001227,1.6495816066168083,-0.8828162337175963,0.4745079213389917,0.1177142948927768,-0.7394662468772634,-0.051243883144444294,-1.0161329645585022,0
-0.9738162891597597,0.9009088760241706,-0.502969299721533,0.8331969161192835,-0.911310674287764,0.9048055324001227,1.6495816066168083,-0.8828162337175963,1.0619562447524988,0.1177142948927768,-0.7394662468772634,-3.106916864374076,0.9841231756854657,0
-0.9738162891597597,-1.1099901739376037,0.8491410419312149,0.8354078488770451,-0.911310674287764,0.9048055324001227,1.6495816066168083,-1.461440576166749,0.9108981044461687,0.1177142948927768,-0.7394662468772634,1.1591200899400202,0.9841231756854657,0
-0.634918112038349,0.9009088760241706,-1.179024470547907,0.8395138668557451,-0.5733475201700994,0.9048055324001227,1.6495816066168083,0.853056793629862,-0.21028898138303903,0.1177142948927768,-0.4814607612315388,0.782121475372728,0.9841231756854657,0
-0.8043672005990544,0.9009088760241706,-1.179024470547907,0.8389137565357813,-0.911310674287764,0.9048055324001227,1.6495816066168083,1.4316811360790147,0.001192415045823164,0.1177142948927768,-0.997471732522988,1.5162766721616654,-1.0161329645585022,0
-0.9738162891597597,-1.1099901739376037,-1.179024470547907,-0.8114212081185028,-0.7423290972289317,-1.177851894974348,-1.2008713165995828,0.853056793629862,-1.173704231781191,-0.7996548742607882,-0.7394662468772634,-2.2140254088199627,0.9841231756854657,0
-0.9738162891597597,-1.1099901739376037,-1.179024470547907,-0.8115949242637556,-0.911310674287764,-1.177851894974348,-0.38928402596158257,-0.3041918912684436,0.23617174441122635,1.2644257563347332,-0.7394662468772634,-1.3608180179571436,-1.0161329645585022,1
-0.8043672005990544,0.9009088760241706,0.8491410419312149,-0.8174223113181415,-0.911310674287764,-1.177851894974348,-1.042512820865339,0.853056793629862,-0.707102420612748,-0.34097028968400567,-0.997471732522988,-0.13061201252703214,-1.0161329645585022,1
-0.46546902347764374,-1.1099901739376037,1.5251962127575889,0.3673060069283969,-0.7423290972289317,0.9048055324001227,1.6495816066168083,0.2744324511807092,2.142861159833352,0.5763988794695595,-0.997471732522988,0.5837011519162584,-1.0161329645585022,1
-0.8043672005990544,-1.1099901739376037,-0.502969299721533,-0.8139006112825641,-0.911310674287764,-1.177851894974348,-0.7574675285436998,0.853056793629862,-1.7510820125076092,0.3470565871811683,-0.997471732522988,0.6829113136444932,-1.0161329645585022,0
-0.9738162891597597,0.9009088760241706,0.8491410419312149,-0.8114527928721852,-0.5733475201700994,-1.177851894974348,-0.20321279347384594,0.853056793629862,0.5382880250238866,1.7231103409115156,-0.997471732522988,1.1392780575943733,-1.0161329645585022,1
-0.8043672005990544,0.9009088760241706,0.8491410419312149,1.0280432615854427,-0.7423290972289317,0.9048055324001227,1.6495816066168083,0.2744324511807092,-0.21364582894540246,0.003043148748581378,-0.4814607612315388,-0.09092794783573821,0.9841231756854657,0
-0.634918112038349,0.9009088760241706,-0.502969299721533,-0.8219705158483938,-0.911310674287764,0.21058638994196582,-0.765385453330412,-0.3041918912684436,0.11868207972852446,0.3470565871811683,-0.7394662468772634,-1.4005020826484376,0.9841231756854657,0
-0.634918112038349,-1.1099901739376037,-1.179024470547907,1.0462044949527698,-0.911310674287764,0.9048055324001227,1.6495816066168083,1.4316811360790147,-0.707102420612748,0.003043148748581378,-0.7394662468772634,0.7424374106814341,-1.0161329645585022,0
-0.8043672005990544,-1.1099901739376037,-1.179024470547907,1.1224500903418617,-0.911310674287764,0.9048055324001227,1.6495816066168083,1.4316811360790147,0.03476089066945202,-0.11162799739561437,-0.4814607612315388,-0.6068207888225592,-1.0161329645585022,0
-0.9738162891597597,0.9009088760241706,0.8491410419312149,-0.8100946484638459,-0.911310674287764,-1.177851894974348,-1.042512820865339,-0.8828162337175963,-0.6936750303632967,-0.45564143582820127,-0.997471732522988,-0.7457150152420878,0.9841231756854657,0
-0.46546902347764374,0.9009088760241706,-1.179024470547907,1.2236950182705006,-0.404365943111267,0.9048055324001227,1.6495816066168083,0.853056793629862,1.4312094766124175,-0.11162799739561437,-0.997471732522988,1.0797519605574324,-1.0161329645585022,0
-0.2960199349169384,-1.1099901739376037,-0.502969299721533,1.2121981679301403,-0.404365943111267,0.9048055324001227,1.6495816066168083,-1.461440576166749,0.7061304031420315,-0.11162799739561437,-0.4814607612315388,0.7027533459901402,0.9841231756854657,0
-0.8043672005990544,0.9009088760241706,-0.502969299721533,-0.8075678681692613,-0.911310674287764,-1.177851894974348,-0.5674373336626071,-0.8828162337175963,1.676259348664909,0.8057411717579506,-0.997471732522988,0.4844909901880236,0.9841231756854657,0
-0.634918112038349,-1.1099901739376037,0.8491410419312149,1.2790788838524279,-0.911310674287764,0.9048055324001227,1.6495816066168083,-0.8828162337175963,0.4543668359648142,-0.2262991435398101,-0.997471732522988,-2.094973214746081,0.9841231756854657,0
-0.9738162891597597,0.9009088760241706,-1.179024470547907,-0.8157167346192967,-0.911310674287764,-1.177851894974348,0.16497070910827127,-1.461440576166749,-1.173704231781191,2.7551506562092767,-0.4814607612315388,-2.154499311783022,0.9841231756854657,0
-1.143265377720465,-1.1099901739376037,0.8491410419312149,-0.8133005009626002,-0.911310674287764,-1.177851894974348,-0.4090788379283631,0.2744324511807092,-0.707102420612748,1.2644257563347332,-0.7394662468772634,-0.5274526594399713,0.9841231756854657,0
-0.46546902347764374,0.9009088760241706,1.5251962127575889,1.4047704111311734,-0.911310674287764,0.9048055324001227,1.6495816066168083,-0.8828162337175963,-1.4993184453303918,-0.2262991435398101,-0.4814607612315388,-1.7179746001787888,0.9841231756854657,0
-0.634918112038349,-1.1099901739376037,1.5251962127575889,1.3724750004910131,-0.5733475201700994,0.9048055324001227,1.6495816066168083,1.4316811360790147,1.6729025011025462,-0.2262991435398101,-0.7394662468772634,0.9606997664835506,-1.0161329645585022,1
-0.8043672005990544,0.9009088760241706,0.8491410419312149,-0.8120055260616256,-0.5733475201700994,-1.177851894974348,-0.9474977234247925,-0.3041918912684436,2.102578989084997,-0.11162799739561437,-0.7394662468772634,-2.5910240233872552,-1.0161329645585022,1
-0.2960199349169384,0.9009088760241706,1.5251962127575889,1.558588161564014,0.10257878806523006,0.9048055324001227,1.6495816066168083,-1.461440576166749,2.344272013575125,-0.34097028968400567,-0.7394662468772634,-0.5671367241312653,-1.0161329645585022,1
-0.9738162891597597,0.9009088760241706,-0.502969299721533,1.7898833127795568,-0.911310674287764,0.9048055324001227,1.6495816066168083,0.853056793629862,-1.1804179269059165,-0.45564143582820127,-0.4814607612315388,-0.6663468858595001,0.9841231756854657,0
-0.9738162891597597,0.9009088760241706,-1.179024470547907,-0.8202649391495491,-0.911310674287764,-1.177851894974348,-0.7574675285436998,-1.461440576166749,-0.33784918875282943,0.3470565871811683,-0.4814607612315388,0.22654456969461315,0.9841231756854657,0
-0.2960199349169384,-1.1099901739376037,0.8491410419312149,1.7871670239628783,-0.23538436605243465,0.9048055324001227,1.6495816066168083,-0.3041918912684436,-0.34120603631519225,-0.45564143582820127,-0.7394662468772634,0.5440170872249644,0.9841231756854657,0
-0.2960199349169384,-1.1099901739376037,-0.502969299721533,1.9334202258888062,-0.5733475201700994,0.9048055324001227,1.6495816066168083,1.4316811360790147,0.11868207972852446,-0.45564143582820127,-0.4814607612315388,0.38528082845978884,-1.0161329645585022,0
-0.2960199349169384,-1.1099901739376037,-0.502969299721533,2.02378420617389,-0.23538436605243465,0.9048055324001227,1.6495816066168083,-0.3041918912684436,0.27645391515958084,-0.45564143582820127,-0.997471732522988,-0.3488743683291487,-1.0161329645585022,0
-1.143265377720465,-1.1099901739376037,-0.502969299721533,-0.8073625672703263,-0.911310674287764,-1.177851894974348,-1.042512820865339,-1.461440576166749,0.7866947446387411,-0.45564143582820127,-0.7394662468772634,0.10749237562073138,0.9841231756854657,0
-0.46546902347764374,0.9009088760241706,-0.502969299721533,2.0702137940868828,-0.5733475201700994,0.9048055324001227,1.6495816066168083,-1.461440576166749,1.2465828606824585,-0.570312581972397,-0.997471732522988,0.9408577341379036,0.9841231756854657,0
-0.46546902347764374,0.9009088760241706,0.8491410419312149,-0.8103789112469867,-0.5733475201700994,-1.177851894974348,-0.8208109268373974,-0.3041918912684436,-1.4254677989584081,0.1177142948927768,-0.997471732522988,-0.4282424977117365,-1.0161329645585022,0
-0.46546902347764374,-1.1099901739376037,-1.179024470547907,-0.14180863767672852,-0.911310674287764,0.9048055324001227,1.633745757043384,0.2744324511807092,0.27645391515958084,1.6084391947673204,-0.4814607612315388,-1.0830295651180861,-1.0161329645585022,1
-0.2960199349169384,-1.1099901739376037,1.5251962127575889,0.9501078818743472,-0.911310674287764,0.9048055324001227,1.6179099074699597,0.2744324511807092,0.15896425047687956,0.003043148748581378,-0.4814607612315388,-0.30919030363785477,0.9841231756854657,0
-0.2960199349169384,0.9009088760241706,1.5251962127575889,-0.8710058459401773,0.4405419421828948,0.9048055324001227,-1.4384090602009487,0.2744324511807092,0.1354663175403392,-1.3730106049817663,-0.997471732522988,0.5241750548793175,-1.0161329645585022,0
-0.46546902347764374,0.9009088760241706,0.8491410419312149,-0.8096050847817702,-0.23538436605243465,-1.177851894974348,0.06599664927436881,0.853056793629862,0.001192415045823164,2.411137217776689,-0.997471732522988,-1.2417658238832618,-1.0161329645585022,1
-1.143265377720465,-1.1099901739376037,-0.502969299721533,-0.8845399128930462,-0.7423290972289317,0.9048055324001227,-1.4067373610541,-0.8828162337175963,0.4308689030282738,-1.2583394588375707,-0.997471732522988,0.5043330225336705,0.9841231756854657,0
-0.9738162891597597,-1.1099901739376037,1.5251962127575889,-0.8078995080829255,-0.911310674287764,-1.177851894974348,-0.4090788379283631,-0.8828162337175963,1.327147202179168,1.1497546101905376,-0.7394662468772634,-2.9481806056089,0.9841231756854657,0
-0.46546902347764374,0.9009088760241706,0.8491410419312149,-0.8832607303689128,0.10257878806523006,0.9048055324001227,-1.3988194362673878,-1.461440576166749,0.4308689030282738,-1.2583394588375707,-0.4814607612315388,0.2463866020402601,0.9841231756854657,0
-0.8043672005990544,0.9009088760241706,-1.179024470547907,-1.0557292778511567,-0.911310674287764,0.9048055324001227,-1.359229812333827,0.853056793629862,-0.21364582894540246,-0.6849837281165926,-0.997471732522988,-1.8171847619070236,-1.0161329645585022,1
-0.9738162891597597,-1.1099901739376037,0.8491410419312149,-1.0563293881711204,-0.7423290972289317,0.9048055324001227,-1.359229812333827,-0.3041918912684436,1.253296555807184,-0.6849837281165926,-0.4814607612315388,-0.44808453005738347,-1.0161329645585022,1
-1.143265377720465,-1.1099901739376037,1.5251962127575889,-1.0535499298470772,-0.7423290972289317,0.9048055324001227,-1.359229812333827,-0.3041918912684436,0.8135495251376443,-0.6849837281165926,-0.4814607612315388,1.774223092655076,-1.0161329645585022,1
-0.9738162891597597,0.9009088760241706,0.8491410419312149,-0.8022300447969511,-0.911310674287764,-1.177851894974348,-1.1375279183058853,-0.8828162337175963,-0.46205254856025635,-0.6849837281165926,-0.4814607612315388,0.7027533459901402,-1.0161329645585022,0
-1.143265377720465,0.9009088760241706,-1.179024470547907,-0.8147376072551452,-0.911310674287764,-0.4836327525161911,-1.1375279183058853,-0.8828162337175963,0.4040141225293712,-0.6849837281165926,-0.4814607612315388,-0.09092794783573821,0.9841231756854657,0
-0.8043672005990544,-1.1099901739376037,1.5251962127575889,-1.0437586562055619,-0.7423290972289317,0.9048055324001227,-1.359229812333827,0.2744324511807092,-0.25392799969375696,-0.7996548742607882,-0.997471732522988,0.6829113136444932,-1.0161329645585022,1
-0.9738162891597597,0.9009088760241706,-1.179024470547907,-1.02881906771383,-0.911310674287764,0.9048055324001227,-1.359229812333827,0.2744324511807092,0.665848232393677,-0.7996548742607882,-0.4814607612315388,-1.8370267942526706,0.9841231756854657,0
-0.9738162891597597,-1.1099901739376037,-0.502969299721533,-1.0211597649458704,-0.911310674287764,0.9048055324001227,-1.359229812333827,1.4316811360790147,0.9981761410676039,-0.7996548742607882,-0.4814607612315388,-1.6981325678331418,0.9841231756854657,0
-0.8043672005990544,-1.1099901739376037,-0.502969299721533,-1.0163430900093182,-0.404365943111267,0.9048055324001227,-1.359229812333827,-1.461440576166749,1.223084927745918,-0.9143260204049839,-0.7394662468772634,-0.6068207888225592,0.9841231756854657,0
-0.46546902347764374,0.9009088760241706,-0.502969299721533,-1.0210492183079822,-0.5733475201700994,0.9048055324001227,-1.359229812333827,-0.8828162337175963,-0.11965409719924096,-0.7996548742607882,-0.997471732522988,-0.4282424977117365,-1.0161329645585022,0
-1.143265377720465,0.9009088760241706,-1.179024470547907,-1.025123651533,-0.911310674287764,0.9048055324001227,-1.359229812333827,-0.8828162337175963,0.9981761410676039,-0.7996548742607882,-0.997471732522988,0.7225953783357871,0.9841231756854657,0
-0.9738162891597597,0.9009088760241706,0.8491410419312149,-1.0234654519646789,-0.7423290972289317,0.9048055324001227,-1.359229812333827,0.853056793629862,0.860545391010725,-0.7996548742607882,-0.7394662468772634,-1.4600281796853785,-1.0161329645585022,1
-0.9738162891597597,-1.1099901739376037,-0.502969299721533,-1.0080678845445534,-0.404365943111267,0.9048055324001227,-1.359229812333827,0.853056793629862,1.327147202179168,-0.9143260204049839,-0.7394662468772634,0.18686050500331922,-1.0161329645585022,1
-0.634918112038349,0.9009088760241706,-0.502969299721533,-0.98270532733766,-0.911310674287764,0.9048055324001227,-1.359229812333827,-1.461440576166749,-0.33784918875282943,-0.9143260204049839,-0.4814607612315388,-1.4005020826484376,-1.0161329645585022,1
-1.143265377720465,0.9009088760241706,0.8491410419312149,-0.9742090285971192,-0.911310674287764,0.9048055324001227,-1.359229812333827,1.4316811360790147,1.7736079279734327,-1.0289971665491795,-0.4814607612315388,-1.4600281796853785,-1.0161329645585022,1
-0.8043672005990544,-1.1099901739376037,-0.502969299721533,-0.8089733897081239,-0.7423290972289317,0.21058638994196582,-1.2008713165995828,1.4316811360790147,0.03476089066945202,-0.7996548742607882,-0.7394662468772634,-0.8250831446246757,-1.0161329645585022,0
-1.143265377720465,-1.1099901739376037,0.8491410419312149,-0.8142796283267517,-0.911310674287764,0.21058638994196582,-0.7257958293968509,1.4316811360790147,0.001192415045823164,0.4617277333253637,-0.7394662468772634,-2.5116558940046674,0.9841231756854657,0
-0.9738162891597597,0.9009088760241706,-1.179024470547907,-0.9731193545950796,-0.5733475201700994,0.9048055324001227,-1.359229812333827,1.4316811360790147,1.9078818304679495,-1.0289971665491795,-0.7394662468772634,-0.190138109563973,-1.0161329645585022,1
-1.143265377720465,0.9009088760241706,-1.179024470547907,-0.8139795731667698,-0.911310674287764,0.21058638994196582,0.8577891279455886,-0.8828162337175963,-0.6936750303632967,4.475217848372211,-0.997471732522988,-0.6465048535138531,0.9841231756854657,0
-0.9738162891597597,0.9009088760241706,-1.179024470547907,-0.963122780054629,-0.911310674287764,0.9048055324001227,-1.359229812333827,0.2744324511807092,1.1055952630632166,-1.0289971665491795,-0.7394662468772634,-0.6663468858595001,-1.0161329645585022,1
-1.143265377720465,0.9009088760241706,-0.502969299721533,-0.9420241645948472,-0.911310674287764,0.9048055324001227,-1.359229812333827,1.4316811360790147,1.5587696839822078,-1.0289971665491795,-0.7394662468772634,-0.5671367241312653,-1.0161329645585022,1
-0.634918112038349,0.9009088760241706,-0.502969299721533,-0.9237839693433142,-0.404365943111267,0.9048055324001227,-1.359229812333827,1.4316811360790147,0.16232109803924238,-1.0289971665491795,-0.7394662468772634,-0.26950623894656084,0.9841231756854657,0
-0.9738162891597597,-1.1099901739376037,-1.179024470547907,-0.9310642550670862,-0.911310674287764,0.9048055324001227,-1.359229812333827,-0.8828162337175963,0.830333762949459,-1.0289971665491795,-0.4814607612315388,0.6432272489531993,0.9841231756854657,0
-0.634918112038349,0.9009088760241706,-0.502969299721533,-0.8816025308005916,-0.404365943111267,0.9048055324001227,-1.359229812333827,-0.8828162337175963,0.5114332445249834,-1.143668312693375,-0.4814607612315388,0.4448069254967297,0.9841231756854657,0
-0.8043672005990544,-1.1099901739376037,0.8491410419312149,-0.5002482148404028,-0.5733475201700994,0.9048055324001227,1.4912231108825644,-0.8828162337175963,-0.12972463988633004,2.869821802353472,-0.997471732522988,-0.5274526594399713,-1.0161329645585022,1
-0.9738162891597597,0.9009088760241706,-1.179024470547907,-0.49059907259045765,-0.911310674287764,0.9048055324001227,1.4912231108825644,1.4316811360790147,0.3939435798422821,2.869821802353472,-0.7394662468772634,-1.4005020826484376,-1.0161329645585022,1
-0.46546902347764374,-1.1099901739376037,1.5251962127575889,-0.357500920573211,-0.7423290972289317,0.9048055324001227,1.4912231108825644,0.2744324511807092,0.3301634761573873,2.1817949254882985,-0.997471732522988,0.305912699077201,-1.0161329645585022,1
-0.46546902347764374,0.9009088760241706,-0.502969299721533,-0.29322594682971387,-0.7423290972289317,0.9048055324001227,1.4912231108825644,-0.3041918912684436,-0.005521280078902488,1.952452633199907,-0.4814607612315388,0.2463866020402601,-1.0161329645585022,1
-0.46546902347764374,0.9009088760241706,-0.502969299721533,-0.257566759922388,-0.911310674287764,0.9048055324001227,1.4912231108825644,0.2744324511807092,0.001192415045823164,1.8377814870557112,-0.4814607612315388,-0.44808453005738347,-1.0161329645585022,1
-0.634918112038349,0.9009088760241706,0.8491410419312149,-0.8006350147359946,-0.7423290972289317,-1.177851894974348,-0.4090788379283631,-1.461440576166749,-0.21028898138303903,1.1497546101905376,-0.7394662468772634,-0.5076106270943244,0.9841231756854657,0
-0.2960199349169384,0.9009088760241706,0.8491410419312149,-0.3477254393085366,-0.5733475201700994,0.9048055324001227,1.4912231108825644,0.853056793629862,1.9112386780303117,2.1817949254882985,-0.4814607612315388,0.32575473142284794,-1.0161329645585022,1
-0.46546902347764374,0.9009088760241706,-0.502969299721533,-0.22283932324869013,-0.5733475201700994,0.9048055324001227,1.4912231108825644,-1.461440576166749,0.001192415045823164,1.7231103409115156,-0.4814607612315388,0.14717644031202531,-1.0161329645585022,1
-0.9738162891597597,0.9009088760241706,1.5251962127575889,-0.2185437967478962,-0.911310674287764,0.9048055324001227,1.4912231108825644,1.4316811360790147,0.001192415045823164,1.7231103409115156,-0.4814607612315388,0.6233852166075523,-1.0161329645585022,1
-0.8043672005990544,-1.1099901739376037,-1.179024470547907,-0.21487996532074846,-0.404365943111267,0.9048055324001227,1.4912231108825644,0.853056793629862,0.04483143335654109,1.7231103409115156,-0.997471732522988,-0.4282424977117365,-1.0161329645585022,1
-0.2960199349169384,0.9009088760241706,-0.502969299721533,-0.06717386472543431,0.2715603651240624,0.9048055324001227,1.4912231108825644,0.2744324511807092,-1.1804179269059165,1.2644257563347332,-0.997471732522988,-0.22982217425526694,-1.0161329645585022,1
-0.9738162891597597,-1.1099901739376037,0.8491410419312149,0.07997950268043945,-0.7423290972289317,0.9048055324001227,1.4912231108825644,0.2744324511807092,-0.7138161157374736,0.9204123179021463,-0.4814607612315388,-0.8647672093159696,0.9841231756854657,0
-0.8043672005990544,-1.1099901739376037,1.5251962127575889,0.11953940666753043,-0.404365943111267,0.9048055324001227,1.4912231108825644,0.2744324511807092,-0.005521280078902488,0.9204123179021463,-0.4814607612315388,0.7622794430270811,0.9841231756854657,0
-0.634918112038349,-1.1099901739376037,-0.502969299721533,0.13490538933397336,-0.911310674287764,0.9048055324001227,1.4912231108825644,-0.3041918912684436,-0.12972463988633004,0.8057411717579506,-0.7394662468772634,0.40512286080543575,-1.0161329645585022,0
-0.8043672005990544,0.9009088760241706,-0.502969299721533,0.2356291688268541,-0.911310674287764,0.9048055324001227,1.4912231108825644,1.4316811360790147,-0.707102420612748,0.6910700256137552,-0.997471732522988,0.18686050500331922,0.9841231756854657,0
-0.46546902347764374,-1.1099901739376037,-0.502969299721533,-0.7961183949594246,0.10257878806523006,-1.177851894974348,-0.5674373336626071,0.2744324511807092,1.2029438423717405,0.6910700256137552,-0.997471732522988,0.6233852166075523,-1.0161329645585022,1
-0.9738162891597597,0.9009088760241706,-0.502969299721533,-0.7920439617344068,-0.7423290972289317,0.21058638994196582,-1.121692068732461,1.4316811360790147,-0.3680608168140954,-0.6849837281165926,-0.997471732522988,-0.8052411122790287,0.9841231756854657,0
-0.2960199349169384,0.9009088760241706,-1.179024470547907,0.570048540815133,-0.404365943111267,0.9048055324001227,1.4912231108825644,0.853056793629862,0.7430557263280237,0.23238544103697253,-0.997471732522988,0.6035431842619053,-1.0161329645585022,0
-0.634918112038349,0.9009088760241706,0.8491410419312149,0.739358612929146,-0.911310674287764,0.9048055324001227,1.4912231108825644,-0.3041918912684436,0.4308689030282738,0.1177142948927768,-0.997471732522988,-1.0036614357354983,0.9841231756854657,0
-0.634918112038349,-1.1099901739376037,0.8491410419312149,2.0655708352955835,-0.911310674287764,0.9048055324001227,1.4912231108825644,0.853056793629862,0.15896425047687956,-0.570312581972397,-0.7394662468772634,0.4448069254967297,-1.0161329645585022,0
-0.2960199349169384,0.9009088760241706,-0.502969299721533,-0.2963844221979447,-0.7423290972289317,0.9048055324001227,1.4833051860958522,0.853056793629862,0.001192415045823164,1.952452633199907,-0.7394662468772634,-0.011559818453150373,-1.0161329645585022,1
-0.2960199349169384,-1.1099901739376037,-1.179024470547907,-0.19965611404587594,-0.5733475201700994,0.9048055324001227,1.4595514117357156,-1.461440576166749,-1.3482603050240614,1.6084391947673204,-0.997471732522988,-2.531497926350314,-1.0161329645585022,1
-0.9738162891597597,-1.1099901739376037,-0.502969299721533,0.07786332418372481,-0.23538436605243465,0.9048055324001227,1.4516334869490035,-1.461440576166749,-0.21028898138303903,0.9204123179021463,-0.997471732522988,0.5638591195706114,0.9841231756854657,0
-0.9738162891597597,0.9009088760241706,-0.502969299721533,-0.5550793472328898,-0.911310674287764,0.9048055324001227,1.4476745245556473,1.4316811360790147,-1.4993184453303918,3.213835240786059,-0.7394662468772634,0.6829113136444932,-1.0161329645585022,1
-0.9738162891597597,0.9009088760241706,0.8491410419312149,-0.42689262441324205,-0.911310674287764,0.9048055324001227,1.4199617878021547,-1.461440576166749,0.27645391515958084,2.411137217776689,-0.4814607612315388,1.2186461869769611,-1.0161329645585022,1
-0.634918112038349,0.9009088760241706,-1.179024470547907,-0.7935758222879987,-0.23538436605243465,0.21058638994196582,-0.3932429883549387,1.4316811360790147,0.4745079213389917,1.1497546101905376,-0.7394662468772634,0.16701847265767225,-1.0161329645585022,0
-0.634918112038349,0.9009088760241706,-0.502969299721533,-0.5980188198639877,-0.911310674287764,0.9048055324001227,1.4120438630154424,0.2744324511807092,-0.0995130118250634,3.4431775330744507,-0.997471732522988,0.14717644031202531,-1.0161329645585022,1
-1.143265377720465,0.9009088760241706,-1.179024470547907,-0.566070841514333,-0.911310674287764,0.9048055324001227,1.4120438630154424,-0.8828162337175963,-0.03237606057780569,3.213835240786059,-0.7394662468772634,1.1392780575943733,-1.0161329645585022,1
-0.9738162891597597,0.9009088760241706,1.5251962127575889,-0.5286271160239566,-0.911310674287764,0.9048055324001227,1.4120438630154424,0.2744324511807092,-1.1233515183457474,2.984492948497668,-0.4814607612315388,0.801963507718375,-1.0161329645585022,1
-0.46546902347764374,-1.1099901739376037,0.8491410419312149,-0.1887593740254796,0.10257878806523006,0.9048055324001227,1.4120438630154424,-1.461440576166749,0.8739727812601764,1.4937680486231246,-0.7394662468772634,-0.26950623894656084,-1.0161329645585022,1
-0.8043672005990544,0.9009088760241706,-1.179024470547907,0.1650214519700542,-0.404365943111267,0.9048055324001227,1.4120438630154424,-0.8828162337175963,0.0851136041048956,0.6910700256137552,-0.7394662468772634,1.278172284013902,0.9841231756854657,0
-0.46546902347764374,0.9009088760241706,-1.179024470547907,0.17189113589595623,-0.7423290972289317,0.9048055324001227,1.4120438630154424,-0.8828162337175963,-1.1804179269059165,0.6910700256137552,-0.7394662468772634,-0.4877685947486774,0.9841231756854657,0
-0.634918112038349,0.9009088760241706,1.5251962127575889,0.13536336826236683,-0.7423290972289317,0.9048055324001227,1.4120438630154424,-0.3041918912684436,-1.0427871768490378,0.8057411717579506,-0.997471732522988,-0.5472946917856183,-1.0161329645585022,1
-0.9738162891597597,-1.1099901739376037,-0.502969299721533,-0.790827948717638,-0.7423290972289317,0.21058638994196582,-0.2507203421941191,0.2744324511807092,-0.3680608168140954,1.4937680486231246,-0.997471732522988,-0.8052411122790287,-1.0161329645585022,0
-1.143265377720465,0.9009088760241706,-1.179024470547907,-0.790827948717638,-0.911310674287764,-1.177851894974348,-1.042512820865339,1.4316811360790147,-1.0427871768490378,-0.45564143582820127,-0.4814607612315388,0.18686050500331922,0.9841231756854657,0
-0.634918112038349,0.9009088760241706,-0.502969299721533,0.23237593919757638,-0.7423290972289317,0.9048055324001227,1.4120438630154424,1.4316811360790147,1.451350561986595,0.6910700256137552,-0.997471732522988,1.1789621222856672,-1.0161329645585022,1
-0.2960199349169384,0.9009088760241706,0.8491410419312149,1.5010249479780076,-0.404365943111267,0.9048055324001227,1.4120438630154424,-0.8828162337175963,0.6255660616453219,-0.34097028968400567,-0.7394662468772634,-0.9639773710442044,-1.0161329645585022,0
-0.9738162891597597,0.9009088760241706,-1.179024470547907,-0.791649152313378,-0.5733475201700994,-1.177851894974348,-0.7257958293968509,-0.8828162337175963,-1.0427871768490378,0.3470565871811683,-0.997471732522988,-0.686188918205147,0.9841231756854657,0
-0.9738162891597597,-1.1099901739376037,-1.179024470547907,-0.3226945220153074,-0.404365943111267,0.9048055324001227,1.396208013442018,0.853056793629862,0.7229146409538463,1.952452633199907,-0.997471732522988,0.40512286080543575,-1.0161329645585022,1
-0.9738162891597597,-1.1099901739376037,-0.502969299721533,-0.2984058464336124,-0.911310674287764,0.9048055324001227,1.396208013442018,-1.461440576166749,-0.34120603631519225,1.8377814870557112,-0.997471732522988,0.32575473142284794,-1.0161329645585022,1
-0.8043672005990544,0.9009088760241706,0.8491410419312149,1.0291329355874823,-0.911310674287764,0.9048055324001227,1.396208013442018,0.853056793629862,-0.707102420612748,-0.11162799739561437,-0.997471732522988,0.821805540064022,0.9841231756854657,0
-0.9738162891597597,0.9009088760241706,0.8491410419312149,-0.7909858724860495,-0.911310674287764,-1.177851894974348,-0.7257958293968509,1.4316811360790147,1.223084927745918,0.3470565871811683,-0.4814607612315388,0.4448069254967297,-1.0161329645585022,1
-0.46546902347764374,-1.1099901739376037,0.8491410419312149,-0.7940653859700745,-0.911310674287764,-1.177851894974348,-0.5674373336626071,-1.461440576166749,0.8336906105118219,0.6910700256137552,-0.7394662468772634,0.06780831092943747,0.9841231756854657,0
-0.9738162891597597,-1.1099901739376037,0.8491410419312149,-0.5963290355419842,-0.7423290972289317,0.9048055324001227,1.3724542390818815,1.4316811360790147,-0.25392799969375696,3.328506386930255,-0.7394662468772634,-1.2219237915376149,-1.0161329645585022,1
-0.634918112038349,-1.1099901739376037,-0.502969299721533,-0.5843110367658659,-0.7423290972289317,0.9048055324001227,1.3724542390818815,0.853056793629862,0.16232109803924238,3.328506386930255,-0.4814607612315388,-0.03140185079879733,-1.0161329645585022,1
-0.46546902347764374,-1.1099901739376037,1.5251962127575889,-0.5946866283505042,-0.404365943111267,0.9048055324001227,1.3724542390818815,1.4316811360790147,2.02537149515065,3.328506386930255,-0.7394662468772634,-0.9044512740072636,-1.0161329645585022,1
-0.8043672005990544,0.9009088760241706,1.5251962127575889,-0.4358942792126999,-0.911310674287764,0.9048055324001227,1.3724542390818815,0.2744324511807092,-0.25392799969375696,2.411137217776689,-0.7394662468772634,0.4844909901880236,-1.0161329645585022,1
-0.9738162891597597,0.9009088760241706,1.5251962127575889,-0.7901646688903095,-0.911310674287764,-1.177851894974348,-1.3117222636135537,1.4316811360790147,-1.8752853723150364,-1.143668312693375,-0.7394662468772634,1.0797519605574324,-1.0161329645585022,0
-0.9738162891597597,-1.1099901739376037,-0.502969299721533,-0.5406924919305984,-0.911310674287764,0.9048055324001227,1.3724542390818815,0.853056793629862,1.2096575374964662,2.984492948497668,-0.997471732522988,-1.4203441149940845,-1.0161329645585022,1
-0.634918112038349,-1.1099901739376037,0.8491410419312149,-0.37547264541844433,-0.911310674287764,0.9048055324001227,1.3724542390818815,1.4316811360790147,0.7866947446387411,2.1817949254882985,-0.4814607612315388,1.0202258635204915,-1.0161329645585022,1
-0.46546902347764374,-1.1099901739376037,-0.502969299721533,-0.7921387159954537,-0.911310674287764,-1.177851894974348,-0.5991090328094558,-1.461440576166749,-1.6839450612603513,0.5763988794695595,-0.7394662468772634,0.12733440796637835,-1.0161329645585022,0
-0.8043672005990544,-1.1099901739376037,0.8491410419312149,-0.37695712884151283,-0.911310674287764,0.9048055324001227,1.3724542390818815,0.853056793629862,-0.0860856215756121,2.1817949254882985,-0.997471732522988,-0.8449251769703227,-1.0161329645585022,1
-0.46546902347764374,-1.1099901739376037,-0.502969299721533,-0.37431980190904013,-0.911310674287764,0.9048055324001227,1.3724542390818815,-1.461440576166749,1.092167872813765,2.0671237793441026,-0.7394662468772634,-0.44808453005738347,-1.0161329645585022,1
-0.46546902347764374,-1.1099901739376037,0.8491410419312149,-0.20215130958677827,-0.7423290972289317,0.9048055324001227,1.3724542390818815,1.4316811360790147,2.1999275683935204,1.4937680486231246,-0.997471732522988,-0.7655570475877348,-1.0161329645585022,1
-0.46546902347764374,0.9009088760241706,-1.179024470547907,-0.3172619443819504,-0.7423290972289317,0.9048055324001227,1.3724542390818815,1.4316811360790147,1.2835081838684501,1.952452633199907,-0.7394662468772634,-0.46792656240303043,-1.0161329645585022,1
-0.9738162891597597,-1.1099901739376037,0.8491410419312149,-0.3013274361492259,-0.7423290972289317,0.9048055324001227,1.3724542390818815,-1.461440576166749,1.9112386780303117,1.8377814870557112,-0.7394662468772634,0.008282213892496587,-1.0161329645585022,1
-0.8043672005990544,-1.1099901739376037,-1.179024470547907,-0.30017459263982166,-0.911310674287764,0.9048055324001227,1.3684952766885254,1.4316811360790147,-0.08944246913797492,1.8377814870557112,-0.997471732522988,1.0400678958661385,-1.0161329645585022,1
-0.2960199349169384,-1.1099901739376037,-1.179024470547907,-0.4116687731383695,-0.404365943111267,0.9048055324001227,1.3684952766885254,-0.3041918912684436,1.3103629643673533,2.2964660716324943,-0.4814607612315388,0.6035431842619053,-1.0161329645585022,1
-0.634918112038349,-1.1099901739376037,0.8491410419312149,-0.5696399186804338,-0.7423290972289317,0.9048055324001227,1.3645363142951692,1.4316811360790147,-0.7138161157374736,3.213835240786059,-0.4814607612315388,-1.4005020826484376,-1.0161329645585022,1
-0.46546902347764374,0.9009088760241706,-1.179024470547907,-0.5561216441044059,-0.404365943111267,0.9048055324001227,1.3645363142951692,0.853056793629862,-0.3680608168140954,3.0991640946418633,-0.4814607612315388,0.286070666731554,-1.0161329645585022,1
-0.9738162891597597,0.9009088760241706,-1.179024470547907,-0.559201157588431,-0.911310674287764,0.9048055324001227,1.3645363142951692,-1.461440576166749,0.23617174441122635,3.0991640946418633,-0.7394662468772634,-0.6266628211682062,-1.0161329645585022,1
-0.634918112038349,0.9009088760241706,-0.502969299721533,-0.2063678742033664,-0.404365943111267,0.9048055324001227,1.3645363142951692,-0.8828162337175963,-0.005521280078902488,1.4937680486231246,-0.997471732522988,0.12733440796637835,-1.0161329645585022,1
-0.8043672005990544,0.9009088760241706,-1.179024470547907,-0.737228621718761,-0.911310674287764,0.9048055324001227,1.3328646151483206,1.4316811360790147,0.1791053358510565,4.589888994516407,-0.4814607612315388,0.9210157017922567,-1.0161329645585022,1
-0.8043672005990544,-1.1099901739376037,-0.502969299721533,-0.7924071864017533,-0.911310674287764,0.21058638994196582,-0.2507203421941191,-0.8828162337175963,1.5486991412951188,1.4937680486231246,-0.997471732522988,0.12733440796637835,-1.0161329645585022,0
-0.8043672005990544,-1.1099901739376037,-0.502969299721533,-0.6120582428757737,-0.404365943111267,0.9048055324001227,1.3328646151483206,1.4316811360790147,-0.3680608168140954,3.4431775330744507,-0.4814607612315388,0.5837011519162584,-1.0161329645585022,1
-1.143265377720465,-1.1099901739376037,-0.502969299721533,-0.5654391464406868,-0.911310674287764,0.9048055324001227,1.3328646151483206,0.853056793629862,-0.37813135950118393,3.0991640946418633,-0.7394662468772634,0.4249648931510827,-1.0161329645585022,1
-1.143265377720465,0.9009088760241706,-0.502969299721533,-0.6608882720686221,-0.7423290972289317,0.9048055324001227,1.3328646151483206,-0.8828162337175963,0.830333762949459,3.7871909715070364,-0.4814607612315388,1.1988041546313142,-1.0161329645585022,1
-0.8043672005990544,0.9009088760241706,1.5251962127575889,-0.4927784205945369,-0.911310674287764,0.9048055324001227,1.3328646151483206,-0.8828162337175963,-0.5896127559300467,2.640479510065081,-0.4814607612315388,0.5837011519162584,-1.0161329645585022,1
-0.46546902347764374,0.9009088760241706,1.5251962127575889,-0.48835655507901377,-0.404365943111267,0.9048055324001227,1.3328646151483206,0.2744324511807092,0.7061304031420315,2.640479510065081,-0.7394662468772634,0.8416475724096689,-1.0161329645585022,1
-0.9738162891597597,-1.1099901739376037,0.8491410419312149,-0.7937969155637749,-0.911310674287764,-1.177851894974348,-0.7257958293968509,-1.461440576166749,-0.005521280078902488,0.3470565871811683,-0.4814607612315388,-0.17029607721832604,0.9841231756854657,0
-0.46546902347764374,-1.1099901739376037,-0.502969299721533,-0.4549240933062906,-0.23538436605243465,0.9048055324001227,1.3328646151483206,1.4316811360790147,-1.623521805137819,2.411137217776689,-0.997471732522988,0.18686050500331922,-1.0161329645585022,1
-0.634918112038349,-1.1099901739376037,-1.179024470547907,-0.7870377782757609,-0.5733475201700994,-1.177851894974348,-0.2507203421941191,0.2744324511807092,-1.6839450612603513,1.4937680486231246,-0.4814607612315388,1.1194360252487263,0.9841231756854657,0
-0.634918112038349,0.9009088760241706,-0.502969299721533,-0.7932757671280168,-0.7423290972289317,0.21058638994196582,-1.1375279183058853,-0.8828162337175963,-1.1804179269059165,-0.6849837281165926,-0.997471732522988,-0.5869787564769122,0.9841231756854657,0
-0.634918112038349,-1.1099901739376037,0.8491410419312149,-0.4359574487200645,-0.911310674287764,0.9048055324001227,1.3328646151483206,-1.461440576166749,0.007906110170548816,2.2964660716324943,-0.997471732522988,-2.8886545085719595,-1.0161329645585022,1
-0.634918112038349,-1.1099901739376037,0.8491410419312149,-0.4333674989181152,-0.23538436605243465,0.9048055324001227,1.3328646151483206,0.2744324511807092,-1.0427871768490378,2.2964660716324943,-0.997471732522988,-0.4877685947486774,-1.0161329645585022,1
-0.9738162891597597,-1.1099901739376037,0.8491410419312149,-0.4144640238392538,-0.911310674287764,0.9048055324001227,1.3328646151483206,-0.8828162337175963,0.860545391010725,2.2964660716324943,-0.4814607612315388,0.6233852166075523,-1.0161329645585022,1
-0.634918112038349,-1.1099901739376037,1.5251962127575889,-0.41544315120340536,-0.911310674287764,0.9048055324001227,1.3328646151483206,1.4316811360790147,0.3939435798422821,2.2964660716324943,-0.997471732522988,0.5440170872249644,-1.0161329645585022,1
-0.46546902347764374,-1.1099901739376037,-1.179024470547907,-0.5054754915748247,-0.5733475201700994,0.9048055324001227,1.3328646151483206,0.2744324511807092,2.0757242085860943,2.7551506562092767,-0.7394662468772634,0.4249648931510827,-1.0161329645585022,1
-0.9738162891597597,0.9009088760241706,0.8491410419312149,-0.3598855694762253,-0.911310674287764,0.9048055324001227,1.3328646151483206,0.2744324511807092,1.417782086362966,2.0671237793441026,-0.997471732522988,0.782121475372728,-1.0161329645585022,1
-0.9738162891597597,0.9009088760241706,0.8491410419312149,-0.34025564506267075,-0.911310674287764,0.9048055324001227,1.3328646151483206,-0.8828162337175963,0.001192415045823164,1.952452633199907,-0.997471732522988,-0.8250831446246757,-1.0161329645585022,1
-0.634918112038349,0.9009088760241706,-1.179024470547907,-0.4444853322142877,-0.911310674287764,0.9048055324001227,1.3328646151483206,-0.3041918912684436,1.159304824061023,2.411137217776689,-0.7394662468772634,-0.2893482712922078,-1.0161329645585022,1
-0.634918112038349,-1.1099901739376037,-0.502969299721533,-0.7917281141975837,-0.23538436605243465,0.21058638994196582,-0.8524826259842462,1.4316811360790147,-1.3482603050240614,0.003043148748581378,-0.7394662468772634,-0.36871640067479566,0.9841231756854657,0
-0.634918112038349,-1.1099901739376037,-0.502969299721533,-0.4245237678870689,-0.5733475201700994,0.9048055324001227,1.3328646151483206,-1.461440576166749,1.8877407450937713,2.2964660716324943,-0.997471732522988,1.5162766721616654,-1.0161329645585022,1
-0.634918112038349,-1.1099901739376037,1.5251962127575889,-0.29677923161897357,-0.911310674287764,0.9048055324001227,1.3328646151483206,0.2744324511807092,0.4745079213389917,1.7231103409115156,-0.4814607612315388,0.821805540064022,-1.0161329645585022,1
-0.634918112038349,-1.1099901739376037,-0.502969299721533,-0.29752147333050777,-0.7423290972289317,0.9048055324001227,1.3328646151483206,1.4316811360790147,-1.0427871768490378,1.7231103409115156,-0.4814607612315388,-0.09092794783573821,-1.0161329645585022,1
-0.8043672005990544,-1.1099901739376037,-0.502969299721533,-0.7887275625977644,-0.7423290972289317,-1.177851894974348,-0.7257958293968509,0.2744324511807092,1.6729025011025462,0.3470565871811683,-0.997471732522988,0.801963507718375,-1.0161329645585022,1
-0.8043672005990544,-1.1099901739376037,-0.502969299721533,-0.7938758774479807,-0.404365943111267,0.21058638994196582,-0.8524826259842462,0.853056793629862,-0.005521280078902488,0.003043148748581378,-0.4814607612315388,-0.7457150152420878,0.9841231756854657,0
-0.2960199349169384,-1.1099901739376037,0.8491410419312149,-0.3011379276271321,0.2715603651240624,0.9048055324001227,1.3328646151483206,-0.8828162337175963,0.7061304031420315,1.8377814870557112,-0.7394662468772634,0.3654387961141419,-1.0161329645585022,1
-0.9738162891597597,-1.1099901739376037,0.8491410419312149,-0.30385421644381055,-0.911310674287764,0.9048055324001227,1.3328646151483206,1.4316811360790147,0.9343960373827085,1.8377814870557112,-0.997471732522988,-0.2893482712922078,-1.0161329645585022,1
-0.9738162891597597,0.9009088760241706,1.5251962127575889,-0.7954551151320961,-0.911310674287764,0.21058638994196582,-1.121692068732461,-0.8828162337175963,-0.1397951825734185,-0.6849837281165926,-0.997471732522988,-0.24966420660091387,0.9841231756854657,0
-0.9738162891597597,-1.1099901739376037,1.5251962127575889,-0.26571562637242346,-0.911310674287764,0.9048055324001227,1.3328646151483206,-0.8828162337175963,0.001192415045823164,1.7231103409115156,-0.4814607612315388,0.16701847265767225,-1.0161329645585022,1
-0.9738162891597597,-1.1099901739376037,1.5251962127575889,-0.7896751052082337,-0.911310674287764,0.21058638994196582,-0.5674373336626071,0.2744324511807092,0.561785957960427,0.6910700256137552,-0.4814607612315388,0.10749237562073138,-1.0161329645585022,0
-0.46546902347764374,0.9009088760241706,-0.502969299721533,-0.25666659444244216,-0.23538436605243465,0.9048055324001227,1.3328646151483206,1.4316811360790147,0.6624913848313142,1.6084391947673204,-0.4814607612315388,-1.202081759191968,-1.0161329645585022,1
-0.9738162891597597,-1.1099901739376037,1.5251962127575889,-0.2597934850569907,-0.5733475201700994,0.9048055324001227,1.3328646151483206,1.4316811360790147,0.954537122756886,1.6084391947673204,-0.4814607612315388,1.0003838311748445,-1.0161329645585022,1
-0.46546902347764374,0.9009088760241706,-1.179024470547907,-0.2526237459711067,-0.404365943111267,0.9048055324001227,1.3328646151483206,1.4316811360790147,0.4040141225293712,1.6084391947673204,-0.997471732522988,0.286070666731554,-1.0161329645585022,1
-0.9738162891597597,-1.1099901739376037,-0.502969299721533,-0.3617174851897991,-0.911310674287764,0.9048055324001227,1.3328646151483206,-1.461440576166749,-0.0995130118250634,2.0671237793441026,-0.7394662468772634,-1.5592383414136133,-1.0161329645585022,1
-0.634918112038349,-1.1099901739376037,0.8491410419312149,-0.3372235087091692,-0.911310674287764,0.9048055324001227,1.3328646151483206,0.853056793629862,-1.4993184453303918,1.952452633199907,-0.997471732522988,0.028124246238143545,-1.0161329645585022,1
-0.8043672005990544,0.9009088760241706,0.8491410419312149,-0.7805629037708878,-0.911310674287764,0.21058638994196582,-0.2507203421941191,0.853056793629862,-1.7510820125076092,1.379096902478929,-0.7394662468772634,-1.162397694500674,0.9841231756854657,0
-0.46546902347764374,-1.1099901739376037,-1.179024470547907,-0.20216710196361942,-0.404365943111267,0.9048055324001227,1.3328646151483206,-0.8828162337175963,0.6154955189582334,1.4937680486231246,-0.997471732522988,-0.7655570475877348,-1.0161329645585022,1
-0.46546902347764374,-1.1099901739376037,0.8491410419312149,-0.19741359653443205,-0.23538436605243465,0.9048055324001227,1.3328646151483206,-0.3041918912684436,-0.005521280078902488,1.4937680486231246,-0.4814607612315388,0.26622863438590705,-1.0161329645585022,1
-0.8043672005990544,0.9009088760241706,-0.502969299721533,-0.7872588715515371,-0.911310674287764,-1.177851894974348,-1.2998453764334854,0.2744324511807092,0.03476089066945202,-1.0289971665491795,-0.4814607612315388,-2.5116558940046674,-1.0161329645585022,1
-0.634918112038349,0.9009088760241706,-0.502969299721533,-0.18400586859629223,-0.5733475201700994,0.9048055324001227,1.3328646151483206,-0.8828162337175963,0.830333762949459,1.379096902478929,-0.7394662468772634,0.7622794430270811,-1.0161329645585022,1
-1.143265377720465,0.9009088760241706,-0.502969299721533,-0.30145377516395516,-0.911310674287764,0.9048055324001227,1.3328646151483206,-0.8828162337175963,1.253296555807184,1.8377814870557112,-0.997471732522988,-2.03544711770914,-1.0161329645585022,1
-0.46546902347764374,0.9009088760241706,0.8491410419312149,-0.14967324134362325,0.10257878806523006,0.9048055324001227,1.3328646151483206,1.4316811360790147,0.001192415045823164,1.379096902478929,-0.4814607612315388,-0.46792656240303043,-1.0161329645585022,1
-1.143265377720465,-1.1099901739376037,-0.502969299721533,-0.25374500472682865,-0.911310674287764,0.9048055324001227,1.3328646151483206,0.2744324511807092,2.9149360991768187,1.6084391947673204,-0.997471732522988,0.9011736694466097,-1.0161329645585022,1
-0.2960199349169384,-1.1099901739376037,0.8491410419312149,-0.2440011082158366,-0.23538436605243465,0.9048055324001227,1.3328646151483206,1.4316811360790147,2.0757242085860943,1.6084391947673204,-0.7394662468772634,0.5638591195706114,-1.0161329645585022,1
-0.9738162891597597,-1.1099901739376037,1.5251962127575889,-0.10635475166833759,-0.911310674287764,0.9048055324001227,1.3328646151483206,-0.8828162337175963,1.7836784706605218,1.2644257563347332,-0.4814607612315388,0.6829113136444932,-1.0161329645585022,0
-0.9738162891597597,-1.1099901739376037,-1.179024470547907,-0.10995541358812072,-0.5733475201700994,0.9048055324001227,1.3328646151483206,-0.8828162337175963,-0.5627579754311435,1.2644257563347332,-0.7394662468772634,-0.03140185079879733,0.9841231756854657,0
-0.46546902347764374,0.9009088760241706,0.8491410419312149,-0.07827590564476564,-0.5733475201700994,0.9048055324001227,1.3328646151483206,-0.8828162337175963,0.7464125738903866,1.1497546101905376,-0.997471732522988,-2.3330776028938445,0.9841231756854657,0
-0.2960199349169384,0.9009088760241706,0.17308587110484092,-0.7888223168588113,-0.06640278899360229,-1.177851894974348,-0.7257958293968509,0.2744324511807092,-1.1233515183457474,0.3470565871811683,-0.7394662468772634,0.6233852166075523,-1.0161329645585022,1
-0.9738162891597597,-1.1099901739376037,-1.179024470547907,-0.07344343833137248,-0.911310674287764,0.9048055324001227,1.3328646151483206,0.2744324511807092,0.954537122756886,1.1497546101905376,-0.4814607612315388,0.028124246238143545,0.9841231756854657,0
-0.8043672005990544,0.9009088760241706,-0.502969299721533,-0.7921545083722948,-0.911310674287764,-1.177851894974348,-0.6307807319563046,-0.8828162337175963,-0.46205254856025635,0.5763988794695595,-0.7394662468772634,0.4448069254967297,-1.0161329645585022,0
-0.634918112038349,0.9009088760241706,-1.179024470547907,-0.7895487661935044,-0.911310674287764,0.21058638994196582,0.06599664927436881,1.4316811360790147,-1.371758237960602,2.1817949254882985,-0.4814607612315388,-2.3727616675851384,0.9841231756854657,0
-0.9738162891597597,0.9009088760241706,0.8491410419312149,-0.0559296924145326,-0.5733475201700994,0.9048055324001227,1.3328646151483206,1.4316811360790147,-0.46205254856025635,1.1497546101905376,-0.4814607612315388,-1.4005020826484376,0.9841231756854657,0
-0.8043672005990544,0.9009088760241706,-1.179024470547907,-0.05018126724435251,-0.5733475201700994,0.9048055324001227,1.3328646151483206,-0.8828162337175963,-0.005521280078902488,1.035083464046342,-0.7394662468772634,-0.2893482712922078,0.9841231756854657,0
-0.8043672005990544,-1.1099901739376037,0.8491410419312149,-0.04688066048455131,-0.5733475201700994,0.9048055324001227,1.3328646151483206,-0.8828162337175963,0.860545391010725,1.035083464046342,-0.7394662468772634,0.5241750548793175,-1.0161329645585022,0
-0.46546902347764374,-1.1099901739376037,-1.179024470547907,-0.0135903301033985,-0.23538436605243465,0.9048055324001227,1.3328646151483206,1.4316811360790147,0.001192415045823164,1.035083464046342,-0.7394662468772634,-1.9163949236352584,0.9841231756854657,0
-0.46546902347764374,-1.1099901739376037,0.8491410419312149,-0.010716117518308456,-0.404365943111267,0.9048055324001227,1.3328646151483206,-0.3041918912684436,1.0015329886299666,1.035083464046342,-0.7394662468772634,-1.4005020826484376,0.9841231756854657,0
-0.634918112038349,0.9009088760241706,0.8491410419312149,-0.12810085457860676,-0.7423290972289317,0.9048055324001227,1.3328646151483206,-0.3041918912684436,1.327147202179168,1.2644257563347332,-0.4814607612315388,-0.5869787564769122,-1.0161329645585022,1
-0.46546902347764374,-1.1099901739376037,0.8491410419312149,-0.011031965055131538,-0.7423290972289317,0.9048055324001227,1.3328646151483206,-0.3041918912684436,0.001192415045823164,1.035083464046342,-0.7394662468772634,-0.44808453005738347,-1.0161329645585022,0
-0.2960199349169384,-1.1099901739376037,1.5251962127575889,-0.1309434824100145,-0.7423290972289317,0.9048055324001227,1.3328646151483206,1.4316811360790147,1.676259348664909,1.2644257563347332,-0.4814607612315388,0.8416475724096689,-1.0161329645585022,1
-0.2960199349169384,0.9009088760241706,-0.502969299721533,-0.1086920234408284,-0.06640278899360229,0.9048055324001227,1.3328646151483206,-0.3041918912684436,1.7736079279734327,1.2644257563347332,-0.997471732522988,0.5837011519162584,-1.0161329645585022,1
-0.46546902347764374,-1.1099901739376037,0.8491410419312149,0.004555110887087543,-0.7423290972289317,0.9048055324001227,1.3328646151483206,-0.8828162337175963,-0.25392799969375696,0.9204123179021463,-0.7394662468772634,-1.0830295651180861,0.9841231756854657,0
-1.143265377720465,-1.1099901739376037,-0.502969299721533,0.04449403191836623,-0.911310674287764,0.9048055324001227,1.3328646151483206,-0.8828162337175963,-0.11965409719924096,0.9204123179021463,-0.997471732522988,-0.15045404487267908,-1.0161329645585022,0
-0.634918112038349,0.9009088760241706,-0.502969299721533,0.08427502918123336,-0.5733475201700994,0.9048055324001227,1.3328646151483206,-0.3041918912684436,-0.37813135950118393,0.8057411717579506,-0.997471732522988,-0.8250831446246757,0.9841231756854657,0
-0.46546902347764374,-1.1099901739376037,1.5251962127575889,-0.2165855420195931,-0.5733475201700994,0.9048055324001227,1.3328646151483206,0.2744324511807092,1.676259348664909,1.4937680486231246,-0.997471732522988,0.7027533459901402,-1.0161329645585022,1
-0.46546902347764374,-1.1099901739376037,-0.502969299721533,0.09349777725646735,-0.06640278899360229,0.9048055324001227,1.3328646151483206,-0.8828162337175963,1.8273174889712391,0.8057411717579506,-0.997471732522988,-0.15045404487267908,0.9841231756854657,0
-0.46546902347764374,0.9009088760241706,1.5251962127575889,-0.018312250778903572,-0.06640278899360229,0.9048055324001227,1.3328646151483206,0.853056793629862,1.451350561986595,1.035083464046342,-0.4814607612315388,1.694854963272488,-1.0161329645585022,1
-0.2960199349169384,0.9009088760241706,-0.502969299721533,0.11657043982139347,-0.06640278899360229,0.9048055324001227,1.3328646151483206,-1.461440576166749,0.27645391515958084,0.8057411717579506,-0.997471732522988,1.1789621222856672,0.9841231756854657,0
-0.634918112038349,-1.1099901739376037,-1.179024470547907,0.011140532029848797,-0.23538436605243465,0.9048055324001227,1.3328646151483206,0.853056793629862,1.1861596045599256,0.9204123179021463,-0.4814607612315388,-0.9639773710442044,-1.0161329645585022,1
-0.634918112038349,0.9009088760241706,-1.179024470547907,0.11835497840444388,-0.911310674287764,0.9048055324001227,1.3328646151483206,1.4316811360790147,-1.0495008719737637,0.8057411717579506,-0.997471732522988,-0.6465048535138531,0.9841231756854657,0
-0.634918112038349,0.9009088760241706,1.5251962127575889,-0.7938285003174572,-0.404365943111267,0.21058638994196582,-1.042512820865339,-0.8828162337175963,0.9981761410676039,-0.45564143582820127,-0.997471732522988,-0.7060309505507939,-1.0161329645585022,0
-0.8043672005990544,0.9009088760241706,-0.502969299721533,0.1487868885773478,-0.911310674287764,0.9048055324001227,1.3328646151483206,-0.8828162337175963,0.001192415045823164,0.6910700256137552,-0.997471732522988,0.9805417988291976,0.9841231756854657,0
-0.46546902347764374,-1.1099901739376037,-0.502969299721533,-0.7852848244463928,-0.23538436605243465,-1.177851894974348,-1.327558113186978,1.4316811360790147,1.4110683912382405,-1.143668312693375,-0.4814607612315388,1.1194360252487263,-1.0161329645585022,0
-0.8043672005990544,-1.1099901739376037,1.5251962127575889,0.17416523816108243,-0.7423290972289317,0.9048055324001227,1.3328646151483206,-0.8828162337175963,0.5785701957722418,0.6910700256137552,-0.4814607612315388,-0.32903233598350173,0.9841231756854657,0
-0.46546902347764374,0.9009088760241706,1.5251962127575889,-0.8022458371737924,-0.5733475201700994,-1.177851894974348,-0.963333572998217,0.853056793629862,1.5352717510456675,-0.2262991435398101,-0.997471732522988,-1.9957630530178463,-1.0161329645585022,1
-0.8043672005990544,-1.1099901739376037,0.8491410419312149,0.19041559393062996,-0.5733475201700994,0.9048055324001227,1.3328646151483206,-0.8828162337175963,-0.37813135950118393,0.6910700256137552,-0.7394662468772634,-1.0830295651180861,0.9841231756854657,0
-1.143265377720465,0.9009088760241706,1.5251962127575889,-0.7901014993829448,-0.911310674287764,0.21058638994196582,-0.4090788379283631,0.2744324511807092,0.2865244578466693,1.035083464046342,-0.997471732522988,-0.30919030363785477,-1.0161329645585022,0
-0.2960199349169384,-1.1099901739376037,-0.502969299721533,0.23431840154903832,-0.23538436605243465,0.9048055324001227,1.3328646151483206,-0.8828162337175963,0.8336906105118219,0.5763988794695595,-0.997471732522988,0.782121475372728,-1.0161329645585022,0
-1.143265377720465,-1.1099901739376037,-1.179024470547907,0.2743520768413639,-0.911310674287764,0.9048055324001227,1.3328646151483206,1.4316811360790147,-1.0427871768490378,0.5763988794695595,-0.997471732522988,1.238488219322608,-1.0161329645585022,0
-0.8043672005990544,0.9009088760241706,0.8491410419312149,0.27297814005618354,-0.7423290972289317,0.9048055324001227,1.3328646151483206,1.4316811360790147,-0.8447331706696268,0.5763988794695595,-0.7394662468772634,0.4448069254967297,-1.0161329645585022,0
-0.9738162891597597,-1.1099901739376037,-1.179024470547907,0.27092513106683347,-0.5733475201700994,0.9048055324001227,1.3328646151483206,-0.8828162337175963,-0.005521280078902488,0.5763988794695595,-0.4814607612315388,0.6829113136444932,0.9841231756854657,0
-0.2960199349169384,0.9009088760241706,0.8491410419312149,0.27097250819735696,-0.7423290972289317,0.9048055324001227,1.3328646151483206,-0.3041918912684436,0.954537122756886,0.5763988794695595,-0.7394662468772634,0.5638591195706114,0.9841231756854657,0
-0.8043672005990544,0.9009088760241706,-1.179024470547907,0.2874281648658395,-0.5733475201700994,0.9048055324001227,1.3328646151483206,0.2744324511807092,0.9981761410676039,0.4617277333253637,-0.997471732522988,-1.2814498885745558,0.9841231756854657,0
-0.8043672005990544,0.9009088760241706,0.8491410419312149,-0.7946812886668795,-0.5733475201700994,-1.177851894974348,-1.0741845200121878,-1.461440576166749,1.6997572816014495,-0.570312581972397,-0.7394662468772634,-0.38855843302044263,-1.0161329645585022,1
-0.8043672005990544,-1.1099901739376037,-0.502969299721533,0.30457868611533284,-0.911310674287764,0.9048055324001227,1.3328646151483206,0.2744324511807092,0.001192415045823164,0.4617277333253637,-0.997471732522988,0.5043330225336705,0.9841231756854657,0
-0.8043672005990544,-1.1099901739376037,0.8491410419312149,0.2081820178769283,-0.911310674287764,0.9048055324001227,1.3328646151483206,-1.461440576166749,-0.11965409719924096,0.5763988794695595,-0.4814607612315388,-1.8370267942526706,-1.0161329645585022,1
-0.634918112038349,-1.1099901739376037,0.8491410419312149,-0.7892171262798402,-0.911310674287764,-1.177851894974348,-0.17154109432699713,-0.8828162337175963,1.575553921794022,1.6084391947673204,-0.997471732522988,-0.5274526594399713,0.9841231756854657,0
-0.2960199349169384,0.9009088760241706,1.5251962127575889,-0.7898172365998041,-0.7423290972289317,-1.177851894974348,-1.1850354670261585,0.853056793629862,0.7061304031420315,-0.7996548742607882,-0.7394662468772634,0.821805540064022,-1.0161329645585022,0
-0.9738162891597597,0.9009088760241706,-0.502969299721533,0.3184443929818661,-0.911310674287764,0.9048055324001227,1.3328646151483206,1.4316811360790147,1.4312094766124175,0.4617277333253637,-0.997471732522988,0.38528082845978884,-1.0161329645585022,0
-0.2960199349169384,-1.1099901739376037,0.8491410419312149,-0.7959130940604896,0.10257878806523006,-1.177851894974348,-0.5674373336626071,-0.3041918912684436,-0.005521280078902488,0.6910700256137552,-0.4814607612315388,-1.0830295651180861,-1.0161329645585022,0
-0.46546902347764374,0.9009088760241706,1.5251962127575889,0.3442807214939942,-0.23538436605243465,0.9048055324001227,1.3328646151483206,-0.3041918912684436,-0.37813135950118393,0.4617277333253637,-0.7394662468772634,1.1789621222856672,0.9841231756854657,0
-0.9738162891597597,-1.1099901739376037,0.8491410419312149,-0.7924229787785945,-0.911310674287764,-1.177851894974348,-1.121692068732461,0.2744324511807092,-1.2979075915886182,-0.6849837281165926,-0.997471732522988,0.5638591195706114,-1.0161329645585022,0
-0.46546902347764374,-1.1099901739376037,1.5251962127575889,0.36432124770541874,-0.23538436605243465,0.9048055324001227,1.3328646151483206,-0.8828162337175963,0.23617174441122635,0.3470565871811683,-0.4814607612315388,0.38528082845978884,0.9841231756854657,0
-0.2960199349169384,-1.1099901739376037,-0.502969299721533,0.38782030444505605,-0.404365943111267,0.9048055324001227,1.3328646151483206,1.4316811360790147,-0.8447331706696268,0.3470565871811683,-0.997471732522988,1.1591200899400202,0.9841231756854657,0
-0.8043672005990544,-1.1099901739376037,1.5251962127575889,0.4061394615807948,-0.5733475201700994,0.9048055324001227,1.3328646151483206,-0.8828162337175963,0.2965950005337584,0.3470565871811683,-0.997471732522988,1.5162766721616654,-1.0161329645585022,0
-0.8043672005990544,-1.1099901739376037,1.5251962127575889,0.4217581222766962,-0.911310674287764,0.9048055324001227,1.3328646151483206,-0.8828162337175963,0.7229146409538463,0.3470565871811683,-0.4814607612315388,1.0797519605574324,-1.0161329645585022,0
-0.8043672005990544,0.9009088760241706,1.5251962127575889,0.4657398917793103,-0.5733475201700994,0.9048055324001227,1.3328646151483206,0.853056793629862,-0.7138161157374736,0.23238544103697253,-0.4814607612315388,1.0202258635204915,0.9841231756854657,0
-0.634918112038349,0.9009088760241706,-1.179024470547907,0.5522979092456758,-0.911310674287764,0.9048055324001227,1.3328646151483206,-1.461440576166749,-0.8447331706696268,0.23238544103697253,-0.4814607612315388,-2.23386744116561,0.9841231756854657,0
-0.2960199349169384,0.9009088760241706,0.8491410419312149,0.5572409231969571,-0.23538436605243465,0.9048055324001227,1.3328646151483206,-0.3041918912684436,1.4446368668618692,0.23238544103697253,-0.7394662468772634,-1.8171847619070236,0.9841231756854657,0
-0.634918112038349,-1.1099901739376037,-0.502969299721533,0.6851749679871463,-0.911310674287764,0.9048055324001227,1.3328646151483206,-0.8828162337175963,0.5114332445249834,0.1177142948927768,-0.7394662468772634,-1.5393963090679663,0.9841231756854657,0
-0.634918112038349,0.9009088760241706,1.5251962127575889,0.8383768157231821,-0.404365943111267,0.9048055324001227,1.3328646151483206,-1.461440576166749,0.3939435798422821,0.003043148748581378,-0.4814607612315388,-0.46792656240303043,0.9841231756854657,0
-0.8043672005990544,0.9009088760241706,1.5251962127575889,0.41308810739090257,-0.7423290972289317,0.9048055324001227,1.3328646151483206,0.2744324511807092,-1.173704231781191,0.3470565871811683,-0.7394662468772634,0.8813316371009629,-1.0161329645585022,1
-0.2960199349169384,0.9009088760241706,-0.502969299721533,0.9541033532151592,-0.5733475201700994,0.9048055324001227,1.3328646151483206,1.4316811360790147,0.27645391515958084,-0.11162799739561437,-0.4814607612315388,0.8416475724096689,-1.0161329645585022,0
-0.634918112038349,0.9009088760241706,-1.179024470547907,1.0488576142620838,-0.5733475201700994,0.9048055324001227,1.3328646151483206,0.853056793629862,2.448334288008376,-0.2262991435398101,-0.7394662468772634,-0.17029607721832604,0.9841231756854657,0
-0.9738162891597597,-1.1099901739376037,0.8491410419312149,1.1249926630132876,-0.7423290972289317,0.9048055324001227,1.3328646151483206,0.2744324511807092,1.2700807936189982,-0.2262991435398101,-0.7394662468772634,0.18686050500331922,0.9841231756854657,0
-0.46546902347764374,0.9009088760241706,-0.502969299721533,-0.7906068554418618,-0.911310674287764,0.21058638994196582,-0.7257958293968509,0.2744324511807092,-0.018948670328354386,0.3470565871811683,-0.7394662468772634,-0.2893482712922078,0.9841231756854657,0
-0.9738162891597597,-1.1099901739376037,-0.502969299721533,1.4944395268352462,-0.911310674287764,0.9048055324001227,1.3328646151483206,-1.461440576166749,0.9108981044461687,-0.45564143582820127,-0.7394662468772634,-0.6663468858595001,-1.0161329645585022,0
-0.634918112038349,0.9009088760241706,1.5251962127575889,1.68770663461729,0.10257878806523006,0.9048055324001227,1.3328646151483206,-0.8828162337175963,-0.12972463988633004,-0.45564143582820127,-0.4814607612315388,0.7622794430270811,-1.0161329645585022,0
-0.9738162891597597,-1.1099901739376037,-0.502969299721533,-0.7932757671280168,-0.911310674287764,0.21058638994196582,-0.7257958293968509,0.2744324511807092,0.4040141225293712,0.3470565871811683,-0.7394662468772634,-0.8647672093159696,0.9841231756854657,0
-1.143265377720465,0.9009088760241706,-0.502969299721533,0.17724475164510747,-0.911310674287764,0.9048055324001227,1.3249466903616083,-0.8828162337175963,-0.03237606057780569,0.6910700256137552,-0.7394662468772634,-0.011559818453150373,0.9841231756854657,0
-0.2960199349169384,-1.1099901739376037,-1.179024470547907,1.2159251688646528,-0.23538436605243465,0.9048055324001227,1.3249466903616083,0.853056793629862,0.001192415045823164,-0.34097028968400567,-0.997471732522988,1.1194360252487263,-1.0161329645585022,0
-0.46546902347764374,0.9009088760241706,0.8491410419312149,-0.791854453212313,-0.5733475201700994,0.21058638994196582,-0.4090788379283631,0.2744324511807092,-0.46205254856025635,1.1497546101905376,-0.7394662468772634,-0.8846092416616166,-1.0161329645585022,0
-0.8043672005990544,-1.1099901739376037,-0.502969299721533,-0.06567358892552468,-0.911310674287764,0.9048055324001227,1.3011929160014717,0.2744324511807092,1.7937490133476108,1.035083464046342,-0.7394662468772634,1.4567505751247247,-1.0161329645585022,1
-0.8043672005990544,0.9009088760241706,-1.179024470547907,-0.792880957706988,-0.911310674287764,0.21058638994196582,-1.2800505644667048,-0.8828162337175963,0.4040141225293712,-1.0289971665491795,-0.997471732522988,-0.36871640067479566,0.9841231756854657,0
-0.9738162891597597,0.9009088760241706,-1.179024470547907,-0.3386921997553965,-0.5733475201700994,0.9048055324001227,1.2932749912147594,-1.461440576166749,0.8336906105118219,1.8377814870557112,-0.4814607612315388,-0.03140185079879733,-1.0161329645585022,1
-0.9738162891597597,-1.1099901739376037,0.8491410419312149,-0.014079893785474277,-0.911310674287764,0.9048055324001227,1.2853570664280474,-1.461440576166749,0.16232109803924238,0.9204123179021463,-0.997471732522988,-1.0433455004267922,0.9841231756854657,0
-0.2960199349169384,0.9009088760241706,-0.502969299721533,-0.7917596989512661,-0.06640278899360229,-1.177851894974348,-0.2507203421941191,0.853056793629862,-0.41841353024953903,1.4937680486231246,-0.7394662468772634,-0.13061201252703214,-1.0161329645585022,0
-0.634918112038349,0.9009088760241706,-0.502969299721533,-0.7890592025114287,-0.5733475201700994,-1.177851894974348,-0.2507203421941191,-0.8828162337175963,0.1119683846037988,1.4937680486231246,-0.4814607612315388,-0.4877685947486774,0.9841231756854657,0
-0.9738162891597597,-1.1099901739376037,0.8491410419312149,-0.7926282796775295,-0.911310674287764,-1.177851894974348,-0.8881132875244511,-0.8828162337175963,0.9612508178816116,-0.11162799739561437,-0.7394662468772634,-1.0235034680811452,0.9841231756854657,0
-0.8043672005990544,-1.1099901739376037,-0.502969299721533,-0.3943287433667823,-0.911310674287764,0.9048055324001227,1.273480179247979,-1.461440576166749,-0.707102420612748,2.0671237793441026,-0.4814607612315388,-0.011559818453150373,-1.0161329645585022,1
-0.46546902347764374,0.9009088760241706,1.5251962127575889,-0.12607943034293906,-0.404365943111267,0.9048055324001227,1.2695212168546228,0.2744324511807092,0.665848232393677,1.1497546101905376,-0.997471732522988,0.821805540064022,0.9841231756854657,0
-0.9738162891597597,0.9009088760241706,-1.179024470547907,-0.01123726595406654,-0.404365943111267,0.9048055324001227,1.2695212168546228,-0.8828162337175963,-0.08944246913797492,0.9204123179021463,-0.997471732522988,0.5043330225336705,0.9841231756854657,0
-0.634918112038349,-1.1099901739376037,0.8491410419312149,0.08062699013092677,-0.5733475201700994,0.9048055324001227,1.2695212168546228,-0.3041918912684436,-0.12972463988633004,0.8057411717579506,-0.997471732522988,0.7622794430270811,-1.0161329645585022,0
-0.634918112038349,-1.1099901739376037,0.8491410419312149,0.10671599667251332,-0.23538436605243465,0.9048055324001227,1.2695212168546228,-0.3041918912684436,0.001192415045823164,0.6910700256137552,-0.4814607612315388,1.0797519605574324,-1.0161329645585022,0
-1.143265377720465,-1.1099901739376037,1.5251962127575889,-0.7918070760817895,-0.911310674287764,-1.177851894974348,-0.7257958293968509,-0.8828162337175963,-0.7742393718600064,0.3470565871811683,-0.997471732522988,0.08765034327508442,0.9841231756854657,0
-0.8043672005990544,0.9009088760241706,0.8491410419312149,-0.7831054764423135,-0.911310674287764,-1.177851894974348,-0.963333572998217,0.853056793629862,0.665848232393677,-0.2262991435398101,-0.997471732522988,0.10749237562073138,0.9841231756854657,0
-0.634918112038349,0.9009088760241706,0.8491410419312149,0.1213081528737397,-0.5733475201700994,0.9048055324001227,1.2695212168546228,0.2744324511807092,2.0757242085860943,0.6910700256137552,-0.4814607612315388,-1.142555662155027,-1.0161329645585022,1
-0.46546902347764374,-1.1099901739376037,-1.179024470547907,-0.6337569686555194,-0.23538436605243465,0.9048055324001227,1.2536853672811985,-0.3041918912684436,1.6594751108530943,3.4431775330744507,-0.7394662468772634,-0.7655570475877348,-1.0161329645585022,1
-0.8043672005990544,-1.1099901739376037,-0.502969299721533,-0.5643652648154883,-0.911310674287764,0.9048055324001227,1.2536853672811985,1.4316811360790147,1.0787404825643134,2.984492948497668,-0.4814607612315388,-0.8449251769703227,-1.0161329645585022,1
-1.143265377720465,-1.1099901739376037,-0.502969299721533,-0.5382130887665372,-0.911310674287764,0.9048055324001227,1.2536853672811985,0.2744324511807092,0.5114332445249834,2.7551506562092767,-0.997471732522988,-1.12271362980938,-1.0161329645585022,1
-1.143265377720465,-1.1099901739376037,0.8491410419312149,-0.7866113841010498,-0.911310674287764,0.21058638994196582,-0.804975077263973,0.2744324511807092,0.27645391515958084,0.1177142948927768,-0.4814607612315388,0.028124246238143545,0.9841231756854657,0
-1.143265377720465,0.9009088760241706,-1.179024470547907,-0.7825211584991909,-0.911310674287764,-1.177851894974348,-0.8841543251310949,1.4316811360790147,1.357358830240434,-0.11162799739561437,-0.4814607612315388,-0.32903233598350173,0.9841231756854657,0
-0.634918112038349,0.9009088760241706,0.8491410419312149,-0.4766544038397186,-0.06640278899360229,0.9048055324001227,1.2536853672811985,0.2744324511807092,-0.12972463988633004,2.411137217776689,-0.4814607612315388,-1.7179746001787888,-1.0161329645585022,1
-0.9738162891597597,0.9009088760241706,-1.179024470547907,-0.7778624073310504,-0.911310674287764,0.21058638994196582,-1.2325430157464317,1.4316811360790147,0.2965950005337584,-0.9143260204049839,-0.4814607612315388,0.028124246238143545,0.9841231756854657,0
-0.634918112038349,0.9009088760241706,0.8491410419312149,-0.7801680943498589,-0.5733475201700994,0.21058638994196582,-0.7257958293968509,-0.3041918912684436,-0.0860856215756121,0.23238544103697253,-0.7394662468772634,0.10749237562073138,0.9841231756854657,0
-0.46546902347764374,0.9009088760241706,-1.179024470547907,-0.4100263659468895,0.2715603651240624,0.9048055324001227,1.2536853672811985,-0.8828162337175963,0.5114332445249834,2.0671237793441026,-0.4814607612315388,-0.6266628211682062,-1.0161329645585022,1
-0.8043672005990544,0.9009088760241706,-0.502969299721533,-0.34706215948120817,-0.5733475201700994,0.9048055324001227,1.2536853672811985,0.2744324511807092,0.8739727812601764,1.8377814870557112,-0.4814607612315388,-0.5869787564769122,-1.0161329645585022,1
-0.9738162891597597,-1.1099901739376037,1.5251962127575889,-0.3179726013398023,-0.911310674287764,0.9048055324001227,1.2536853672811985,0.2744324511807092,0.954537122756886,1.7231103409115156,-0.997471732522988,-1.202081759191968,-1.0161329645585022,1
-0.8043672005990544,0.9009088760241706,0.8491410419312149,-0.31582483808940537,-0.404365943111267,0.9048055324001227,1.2536853672811985,-1.461440576166749,0.954537122756886,1.7231103409115156,-0.4814607612315388,-2.03544711770914,-1.0161329645585022,1
-0.8043672005990544,0.9009088760241706,0.8491410419312149,-0.2381579287846096,-0.911310674287764,0.9048055324001227,1.2536853672811985,1.4316811360790147,-1.4993184453303918,1.4937680486231246,-0.997471732522988,-0.5274526594399713,-1.0161329645585022,1
-0.634918112038349,-1.1099901739376037,-0.502969299721533,-0.20371475489405252,-0.5733475201700994,0.9048055324001227,1.2536853672811985,-0.8828162337175963,2.0757242085860943,1.379096902478929,-0.7394662468772634,0.38528082845978884,-1.0161329645585022,1
-0.634918112038349,0.9009088760241706,-0.502969299721533,-0.14864673684894825,-0.911310674287764,0.9048055324001227,1.2536853672811985,-0.8828162337175963,0.8336906105118219,1.2644257563347332,-0.4814607612315388,0.5638591195706114,0.9841231756854657,0
-0.8043672005990544,-1.1099901739376037,-0.502969299721533,-0.12846407924595332,-0.5733475201700994,0.9048055324001227,1.2536853672811985,-0.8828162337175963,-0.5896127559300467,1.1497546101905376,-0.4814607612315388,-0.38855843302044263,0.9841231756854657,0
-0.2960199349169384,-1.1099901739376037,-0.502969299721533,-0.10799715885981762,-0.23538436605243465,0.9048055324001227,1.2536853672811985,1.4316811360790147,-1.4993184453303918,1.1497546101905376,-0.4814607612315388,0.6035431842619053,-1.0161329645585022,0
-0.2960199349169384,0.9009088760241706,0.8491410419312149,0.17414944578424127,0.10257878806523006,0.9048055324001227,1.2536853672811985,0.853056793629862,-1.0427871768490378,0.5763988794695595,-0.997471732522988,0.5241750548793175,0.9841231756854657,0
-0.9738162891597597,-1.1099901739376037,0.8491410419312149,-0.7754461736743539,-0.7423290972289317,-1.177851894974348,-0.646616581529729,0.2744324511807092,0.7229146409538463,0.4617277333253637,-0.997471732522988,0.305912699077201,-1.0161329645585022,1
-0.46546902347764374,0.9009088760241706,1.5251962127575889,0.5690062439436169,-0.404365943111267,0.9048055324001227,1.2536853672811985,-0.3041918912684436,0.23617174441122635,0.1177142948927768,-0.997471732522988,-0.20998014190961997,0.9841231756854657,0
-1.143265377720465,0.9009088760241706,-0.502969299721533,-0.7721613592913938,-0.911310674287764,-1.177851894974348,-1.2008713165995828,0.853056793629862,1.0015329886299666,-0.9143260204049839,-0.7394662468772634,1.0400678958661385,0.9841231756854657,0
-0.8043672005990544,0.9009088760241706,0.8491410419312149,-0.48598769855284063,-0.404365943111267,0.9048055324001227,1.2497264048878425,-0.8828162337175963,-0.3680608168140954,2.525808363920885,-0.997471732522988,-0.2893482712922078,-1.0161329645585022,1
-1.143265377720465,-1.1099901739376037,-0.502969299721533,-0.3834793804769095,-0.911310674287764,0.9048055324001227,1.2497264048878425,-1.461440576166749,-0.3680608168140954,1.952452633199907,-0.997471732522988,-0.09092794783573821,-1.0161329645585022,1
-0.8043672005990544,-1.1099901739376037,-1.179024470547907,-0.7748302709775489,-0.5733475201700994,-1.177851894974348,-0.7257958293968509,-0.8828162337175963,0.5651428055227898,0.23238544103697253,-0.997471732522988,0.7424374106814341,-1.0161329645585022,0
-0.9738162891597597,-1.1099901739376037,-0.502969299721533,-0.14286672692508584,-0.911310674287764,0.9048055324001227,1.2497264048878425,-0.8828162337175963,-1.173704231781191,1.2644257563347332,-0.7394662468772634,0.8813316371009629,0.9841231756854657,0
-0.634918112038349,-1.1099901739376037,0.8491410419312149,0.30615792379944823,-0.404365943111267,0.9048055324001227,1.2378495177077742,0.853056793629862,0.3301634761573873,0.4617277333253637,-0.4814607612315388,0.08765034327508442,-1.0161329645585022,0
-0.634918112038349,0.9009088760241706,-0.502969299721533,0.5690852058278226,-0.5733475201700994,0.9048055324001227,1.2378495177077742,-1.461440576166749,-0.21364582894540246,0.1177142948927768,-0.997471732522988,-0.26950623894656084,0.9841231756854657,0
-0.634918112038349,-1.1099901739376037,1.5251962127575889,1.2768047815873018,-0.7423290972289317,0.9048055324001227,1.2378495177077742,-0.8828162337175963,0.23617174441122635,-0.34097028968400567,-0.4814607612315388,-2.134657279437375,0.9841231756854657,0
-0.634918112038349,0.9009088760241706,1.5251962127575889,0.5570672070517043,-0.911310674287764,0.9048055324001227,1.2061778185609253,0.853056793629862,2.206641263518246,0.1177142948927768,-0.7394662468772634,1.3773824457421369,-1.0161329645585022,0
-0.8043672005990544,-1.1099901739376037,-0.502969299721533,-0.5854322955215879,-0.911310674287764,0.9048055324001227,1.1745061194140765,-0.8828162337175963,-0.21364582894540246,2.984492948497668,-0.997471732522988,0.5043330225336705,-1.0161329645585022,1
-0.2960199349169384,-1.1099901739376037,-0.502969299721533,-0.6865824691891799,0.2715603651240624,0.9048055324001227,1.1745061194140765,-0.3041918912684436,0.665848232393677,3.7871909715070364,-0.997471732522988,1.8139071573463699,-1.0161329645585022,1
-1.143265377720465,0.9009088760241706,0.8491410419312149,-0.7750355718764839,-0.911310674287764,0.21058638994196582,-0.4090788379283631,-0.8828162337175963,1.5352717510456675,1.035083464046342,-0.997471732522988,0.46464895784237664,0.9841231756854657,0
-0.9738162891597597,0.9009088760241706,-1.179024470547907,-0.4867615250180572,-0.5733475201700994,0.9048055324001227,1.1745061194140765,-1.461440576166749,-0.11965409719924096,2.411137217776689,-0.4814607612315388,0.7225953783357871,-1.0161329645585022,1
-0.9738162891597597,-1.1099901739376037,-0.502969299721533,-0.45918803505340217,-0.911310674287764,0.9048055324001227,1.1745061194140765,0.2744324511807092,0.6255660616453219,2.1817949254882985,-0.7394662468772634,-0.011559818453150373,-1.0161329645585022,1
-0.9738162891597597,0.9009088760241706,0.8491410419312149,-0.4452591586795043,-0.5733475201700994,0.9048055324001227,1.1745061194140765,-1.461440576166749,-1.1233515183457474,2.1817949254882985,-0.4814607612315388,0.6630692812988462,-1.0161329645585022,1
-0.634918112038349,0.9009088760241706,-0.502969299721533,-0.4249817468154624,-0.23538436605243465,0.9048055324001227,1.1745061194140765,0.2744324511807092,0.8269769153870962,2.0671237793441026,-0.7394662468772634,0.18686050500331922,-1.0161329645585022,1
-0.634918112038349,0.9009088760241706,-0.502969299721533,-0.3798945109339675,-0.911310674287764,0.9048055324001227,1.1745061194140765,-1.461440576166749,-0.21028898138303903,1.8377814870557112,-0.997471732522988,-1.0830295651180861,-1.0161329645585022,1
-0.8043672005990544,-1.1099901739376037,-0.502969299721533,-0.35243156760720057,-0.5733475201700994,0.9048055324001227,1.1745061194140765,-1.461440576166749,-0.34120603631519225,1.8377814870557112,-0.4814607612315388,-0.8052411122790287,-1.0161329645585022,1
-0.46546902347764374,-1.1099901739376037,-0.502969299721533,-0.29709507915579664,-0.5733475201700994,0.9048055324001227,1.1745061194140765,-0.8828162337175963,1.9515208487786668,1.6084391947673204,-0.7394662468772634,-0.190138109563973,-1.0161329645585022,1
-0.634918112038349,-1.1099901739376037,-0.502969299721533,-0.298879617738847,-0.5733475201700994,0.9048055324001227,1.1745061194140765,0.853056793629862,0.9343960373827085,1.6084391947673204,-0.7394662468772634,0.40512286080543575,-1.0161329645585022,1
-0.8043672005990544,-1.1099901739376037,1.5251962127575889,-0.767155175832748,-0.7423290972289317,0.21058638994196582,-0.7930981900839047,0.853056793629862,0.001192415045823164,0.1177142948927768,-0.997471732522988,0.028124246238143545,-1.0161329645585022,0
-0.8043672005990544,-1.1099901739376037,-0.502969299721533,-0.7668867054264483,-0.23538436605243465,0.21058638994196582,-0.2507203421941191,-0.8828162337175963,0.0851136041048956,1.379096902478929,-0.997471732522988,1.1194360252487263,0.9841231756854657,0
-0.8043672005990544,0.9009088760241706,-0.502969299721533,-0.2799603502831444,-0.911310674287764,0.9048055324001227,1.1745061194140765,0.853056793629862,-0.8447331706696268,1.4937680486231246,-0.4814607612315388,-0.15045404487267908,-1.0161329645585022,1
-0.634918112038349,-1.1099901739376037,-0.502969299721533,-0.3942971586131,-0.404365943111267,0.9048055324001227,1.1745061194140765,-0.8828162337175963,1.327147202179168,1.952452633199907,-0.997471732522988,1.337698381050843,-1.0161329645585022,1
-0.46546902347764374,0.9009088760241706,0.8491410419312149,-0.2629203756715392,-0.404365943111267,0.9048055324001227,1.1745061194140765,0.2744324511807092,0.6624913848313142,1.4937680486231246,-0.997471732522988,-0.44808453005738347,-1.0161329645585022,1
-1.143265377720465,-1.1099901739376037,1.5251962127575889,-0.7699504265336322,-0.911310674287764,0.21058638994196582,-0.4882580857954851,0.2744324511807092,0.1119683846037988,0.8057411717579506,-0.4814607612315388,-0.44808453005738347,0.9841231756854657,0
-0.8043672005990544,0.9009088760241706,1.5251962127575889,-0.2614990617558353,-0.7423290972289317,0.9048055324001227,1.1745061194140765,-1.461440576166749,0.19253272610050842,1.4937680486231246,-0.4814607612315388,1.0599099282117854,-1.0161329645585022,1
-0.634918112038349,0.9009088760241706,-1.179024470547907,-0.2479176176724428,-0.911310674287764,0.9048055324001227,1.1745061194140765,-0.3041918912684436,0.001192415045823164,1.379096902478929,-0.7394662468772634,0.32575473142284794,-1.0161329645585022,1
-0.8043672005990544,0.9009088760241706,-1.179024470547907,-0.20466229750452178,-0.7423290972289317,0.9048055324001227,1.1745061194140765,0.2744324511807092,-0.37813135950118393,1.2644257563347332,-0.4814607612315388,-0.26950623894656084,-1.0161329645585022,1
-0.2960199349169384,-1.1099901739376037,-0.502969299721533,-0.7720192278998235,-0.06640278899360229,0.21058638994196582,-0.34573543963466546,1.4316811360790147,0.001192415045823164,1.1497546101905376,-0.997471732522988,-1.3012919209202027,0.9841231756854657,0
-0.634918112038349,-1.1099901739376037,-0.502969299721533,-0.1853955977583138,-0.911310674287764,0.9048055324001227,1.1745061194140765,-1.461440576166749,-1.173704231781191,1.2644257563347332,-0.7394662468772634,-0.36871640067479566,0.9841231756854657,0
-0.8043672005990544,0.9009088760241706,-0.502969299721533,-0.24246924766224465,-0.404365943111267,0.9048055324001227,1.1745061194140765,0.853056793629862,-0.25392799969375696,1.379096902478929,-0.4814607612315388,-1.102871597463733,-1.0161329645585022,1
-0.9738162891597597,0.9009088760241706,-0.502969299721533,-0.7705821216072783,-0.911310674287764,0.21058638994196582,-1.1375279183058853,0.2744324511807092,1.0955247203761276,-0.6849837281165926,-0.997471732522988,0.06780831092943747,0.9841231756854657,0
-0.8043672005990544,0.9009088760241706,-1.179024470547907,-0.11238743962165845,-0.911310674287764,0.9048055324001227,1.1745061194140765,0.853056793629862,0.03476089066945202,1.035083464046342,-0.997471732522988,-0.15045404487267908,0.9841231756854657,0
-0.46546902347764374,0.9009088760241706,0.8491410419312149,-0.10867623106398724,0.2715603651240624,0.9048055324001227,1.1745061194140765,0.853056793629862,-1.3751150855229646,1.035083464046342,-0.997471732522988,1.5361187045073124,-1.0161329645585022,0
-0.8043672005990544,0.9009088760241706,1.5251962127575889,-0.7695872018662857,-0.7423290972289317,0.21058638994196582,-0.8841543251310949,0.2744324511807092,1.4312094766124175,-0.11162799739561437,-0.4814607612315388,0.32575473142284794,0.9841231756854657,0
-0.46546902347764374,0.9009088760241706,0.8491410419312149,-0.06951113649792512,-0.06640278899360229,0.9048055324001227,1.1745061194140765,1.4316811360790147,-1.6839450612603513,1.035083464046342,-0.7394662468772634,1.0400678958661385,0.9841231756854657,0
-0.2960199349169384,-1.1099901739376037,-1.179024470547907,-0.012769126507658487,-0.06640278899360229,0.9048055324001227,1.1745061194140765,1.4316811360790147,0.8269769153870962,0.8057411717579506,-0.997471732522988,-1.0830295651180861,0.9841231756854657,0
-0.8043672005990544,-1.1099901739376037,-0.502969299721533,0.07247812368089127,-0.911310674287764,0.9048055324001227,1.1745061194140765,0.853056793629862,-0.7138161157374736,0.6910700256137552,-0.7394662468772634,0.2463866020402601,0.9841231756854657,0
-0.46546902347764374,-1.1099901739376037,-1.179024470547907,0.11974470756646544,-0.404365943111267,0.9048055324001227,1.1745061194140765,0.2744324511807092,-1.0495008719737637,0.5763988794695595,-0.7394662468772634,-1.4798702120310254,0.9841231756854657,0
-0.634918112038349,0.9009088760241706,-0.502969299721533,0.1748285179884109,-0.5733475201700994,0.9048055324001227,1.1745061194140765,-1.461440576166749,0.5114332445249834,0.5763988794695595,-0.997471732522988,0.7225953783357871,0.9841231756854657,0
-0.634918112038349,0.9009088760241706,1.5251962127575889,0.17934513776498096,-0.5733475201700994,0.9048055324001227,1.1745061194140765,-0.8828162337175963,-0.5627579754311435,0.5763988794695595,-0.7394662468772634,0.286070666731554,-1.0161329645585022,0
-0.8043672005990544,0.9009088760241706,-0.502969299721533,0.23349719795329832,-0.5733475201700994,0.9048055324001227,1.1745061194140765,0.2744324511807092,-0.005521280078902488,0.4617277333253637,-0.7394662468772634,0.3654387961141419,-1.0161329645585022,0
-1.143265377720465,0.9009088760241706,1.5251962127575889,-0.7750671566301661,-0.911310674287764,-1.177851894974348,-0.9474977234247925,1.4316811360790147,-0.3680608168140954,-0.2262991435398101,-0.4814607612315388,1.694854963272488,0.9841231756854657,0
-0.8043672005990544,0.9009088760241706,0.8491410419312149,0.36481081138749455,-0.7423290972289317,0.9048055324001227,1.1745061194140765,-0.8828162337175963,0.7061304031420315,0.3470565871811683,-0.997471732522988,1.0995939929030794,0.9841231756854657,0
-0.9738162891597597,0.9009088760241706,-0.502969299721533,0.44216187315546723,-0.911310674287764,0.9048055324001227,1.1745061194140765,-1.461440576166749,-0.46205254856025635,0.23238544103697253,-0.4814607612315388,1.0003838311748445,-1.0161329645585022,0
-0.2960199349169384,0.9009088760241706,-0.502969299721533,0.015183380501184243,-0.404365943111267,0.9048055324001227,1.1745061194140765,0.2744324511807092,1.934736610966852,0.8057411717579506,-0.7394662468772634,-1.8171847619070236,-1.0161329645585022,1
-0.8043672005990544,-1.1099901739376037,1.5251962127575889,0.4631973191078845,-0.7423290972289317,0.9048055324001227,1.1745061194140765,-0.8828162337175963,-0.1397951825734185,0.23238544103697253,-0.7394662468772634,-1.202081759191968,-1.0161329645585022,0
-0.2960199349169384,0.9009088760241706,-1.179024470547907,0.5560880796875528,0.10257878806523006,0.9048055324001227,1.1745061194140765,-0.8828162337175963,0.16232109803924238,0.1177142948927768,-0.7394662468772634,0.16701847265767225,0.9841231756854657,0
-0.9738162891597597,-1.1099901739376037,1.5251962127575889,0.57301750766127,-0.911310674287764,0.9048055324001227,1.1745061194140765,0.853056793629862,0.15896425047687956,0.1177142948927768,-0.997471732522988,-2.3529196352394917,0.9841231756854657,0
-0.46546902347764374,0.9009088760241706,-0.502969299721533,0.9109743720619674,-0.7423290972289317,0.9048055324001227,1.1745061194140765,-0.8828162337175963,-0.21364582894540246,-0.2262991435398101,-0.7394662468772634,0.7225953783357871,-1.0161329645585022,0
-0.2960199349169384,0.9009088760241706,0.8491410419312149,2.0681134079670094,-0.7423290972289317,0.9048055324001227,1.1745061194140765,1.4316811360790147,-0.37813135950118393,-0.6849837281165926,-0.7394662468772634,-2.610866055732902,0.9841231756854657,0
-1.143265377720465,0.9009088760241706,1.5251962127575889,-0.31596696948097575,-0.911310674287764,0.9048055324001227,1.1665881946273644,0.853056793629862,2.431550050196561,1.6084391947673204,-0.4814607612315388,-0.15045404487267908,-1.0161329645585022,1
-0.634918112038349,0.9009088760241706,-1.179024470547907,0.11878137257915504,0.10257878806523006,0.9048055324001227,1.154711307447296,-1.461440576166749,-1.4993184453303918,0.5763988794695595,-0.4814607612315388,0.821805540064022,-1.0161329645585022,0
-0.2960199349169384,0.9009088760241706,1.5251962127575889,-0.7778624073310504,-0.404365943111267,-1.177851894974348,-0.4090788379283631,0.2744324511807092,-1.3482603050240614,1.035083464046342,-0.997471732522988,-0.46792656240303043,0.9841231756854657,0
-0.8043672005990544,0.9009088760241706,-1.179024470547907,-0.770945346274625,-0.404365943111267,0.21058638994196582,-0.3774071387815143,0.2744324511807092,-0.8447331706696268,1.035083464046342,-0.997471732522988,-2.4124457322764323,0.9841231756854657,0
-0.9738162891597597,-1.1099901739376037,1.5251962127575889,-0.5880696224540607,-0.911310674287764,0.9048055324001227,1.1428344202672278,0.853056793629862,-0.005521280078902488,2.869821802353472,-0.4814607612315388,0.5440170872249644,-1.0161329645585022,1
-0.9738162891597597,-1.1099901739376037,-0.502969299721533,-0.2939366037875658,-0.5733475201700994,0.9048055324001227,1.1428344202672278,0.2744324511807092,0.5114332445249834,1.4937680486231246,-0.7394662468772634,-1.102871597463733,-1.0161329645585022,1
-0.9738162891597597,0.9009088760241706,-0.502969299721533,-0.7751619108912131,-0.911310674287764,-1.177851894974348,-1.2325430157464317,-0.8828162337175963,-0.8447331706696268,-0.9143260204049839,-0.997471732522988,-1.8767108589439645,0.9841231756854657,0
-0.634918112038349,0.9009088760241706,-1.179024470547907,-0.20284617416778905,-0.5733475201700994,0.9048055324001227,1.1428344202672278,0.2744324511807092,0.001192415045823164,1.2644257563347332,-0.4814607612315388,0.5638591195706114,-1.0161329645585022,1
-0.9738162891597597,-1.1099901739376037,0.8491410419312149,-0.10619682789992606,-0.911310674287764,0.9048055324001227,1.1428344202672278,0.2744324511807092,1.223084927745918,1.035083464046342,-0.4814607612315388,0.08765034327508442,0.9841231756854657,0
-0.634918112038349,-1.1099901739376037,-1.179024470547907,-0.10908683286185725,-0.23538436605243465,0.9048055324001227,1.1428344202672278,-0.8828162337175963,-1.4993184453303918,1.035083464046342,-0.997471732522988,0.9606997664835506,0.9841231756854657,0
-0.8043672005990544,0.9009088760241706,-0.502969299721533,-0.11145568938803037,-0.911310674287764,0.9048055324001227,1.1428344202672278,0.2744324511807092,0.954537122756886,1.035083464046342,-0.997471732522988,-1.6981325678331418,0.9841231756854657,0
-0.2960199349169384,0.9009088760241706,-0.502969299721533,-0.2251450102674986,-0.404365943111267,0.9048055324001227,1.1428344202672278,0.2744324511807092,0.5584291103980642,1.379096902478929,-0.7394662468772634,-1.0433455004267922,-1.0161329645585022,1
-0.9738162891597597,0.9009088760241706,1.5251962127575889,-0.7652600906118094,-0.911310674287764,-1.177851894974348,-1.042512820865339,-0.3041918912684436,-0.34120603631519225,-0.45564143582820127,-0.7394662468772634,0.7424374106814341,-1.0161329645585022,1
-0.9738162891597597,0.9009088760241706,0.8491410419312149,-0.0014617846893921628,-0.911310674287764,0.9048055324001227,1.1428344202672278,0.2744324511807092,0.8336906105118219,0.8057411717579506,-0.7394662468772634,0.7622794430270811,0.9841231756854657,0
-0.9738162891597597,-1.1099901739376037,-0.502969299721533,-0.12756391376600754,-0.5733475201700994,0.9048055324001227,1.1428344202672278,0.2744324511807092,1.934736610966852,1.035083464046342,-0.997471732522988,0.5638591195706114,-1.0161329645585022,1
-0.634918112038349,-1.1099901739376037,-0.502969299721533,0.16036270080191375,-0.06640278899360229,0.9048055324001227,1.1428344202672278,-0.3041918912684436,1.5587696839822078,0.5763988794695595,-0.7394662468772634,-0.26950623894656084,-1.0161329645585022,1
-0.2960199349169384,0.9009088760241706,-1.179024470547907,0.5920315293780195,-0.5733475201700994,0.9048055324001227,1.1428344202672278,-0.3041918912684436,0.4745079213389917,0.003043148748581378,-0.7394662468772634,-0.5472946917856183,-1.0161329645585022,0
-0.2960199349169384,-1.1099901739376037,1.5251962127575889,0.5923789616685249,-0.911310674287764,0.9048055324001227,1.1428344202672278,0.2744324511807092,-1.623521805137819,0.003043148748581378,-0.4814607612315388,0.38528082845978884,0.9841231756854657,0
-0.8043672005990544,0.9009088760241706,-1.179024470547907,0.7044890448638778,-0.7423290972289317,0.9048055324001227,1.1428344202672278,-1.461440576166749,0.7061304031420315,-0.11162799739561437,-0.4814607612315388,-1.658448503141848,0.9841231756854657,0
-0.634918112038349,0.9009088760241706,-0.502969299721533,1.126366599798468,0.10257878806523006,0.9048055324001227,1.1428344202672278,1.4316811360790147,0.4745079213389917,-0.34097028968400567,-0.4814607612315388,1.734539027963782,-1.0161329645585022,0
-0.46546902347764374,0.9009088760241706,0.8491410419312149,-0.7699346341567911,-0.23538436605243465,0.21058638994196582,-1.2008713165995828,-0.3041918912684436,1.0619562447524988,-0.9143260204049839,-0.7394662468772634,-0.011559818453150373,0.9841231756854657,0
-0.8043672005990544,-1.1099901739376037,-1.179024470547907,-0.5661813881522211,-0.404365943111267,0.9048055324001227,1.1349164954805155,0.2744324511807092,1.4345663241747801,2.7551506562092767,-0.4814607612315388,1.1392780575943733,-1.0161329645585022,1
-0.9738162891597597,-1.1099901739376037,1.5251962127575889,-0.39418661197521193,-0.911310674287764,0.9048055324001227,1.1349164954805155,-1.461440576166749,-0.0860856215756121,1.8377814870557112,-0.4814607612315388,0.8614896047553159,-1.0161329645585022,1
-0.2960199349169384,0.9009088760241706,0.8491410419312149,-0.3938549720615477,0.2715603651240624,0.9048055324001227,1.1349164954805155,0.2744324511807092,0.4711510737766289,1.8377814870557112,-0.7394662468772634,0.3455967637684949,-1.0161329645585022,1
-0.8043672005990544,0.9009088760241706,1.5251962127575889,-0.3657603336611346,-0.911310674287764,0.9048055324001227,1.1349164954805155,-1.461440576166749,0.3301634761573873,1.8377814870557112,-0.7394662468772634,0.7027533459901402,-1.0161329645585022,1
-0.634918112038349,0.9009088760241706,-0.502969299721533,-0.7744196691796789,-0.7423290972289317,-1.177851894974348,-0.8841543251310949,0.2744324511807092,0.03476089066945202,-0.11162799739561437,-0.997471732522988,-2.9084965409176062,0.9841231756854657,0
-0.2960199349169384,0.9009088760241706,1.5251962127575889,-0.44829129503300585,-0.404365943111267,0.9048055324001227,1.1349164954805155,-0.3041918912684436,2.206641263518246,2.1817949254882985,-0.7394662468772634,0.028124246238143545,-1.0161329645585022,1
-0.9738162891597597,-1.1099901739376037,-0.502969299721533,-0.29196255668242155,-0.911310674287764,0.9048055324001227,1.1349164954805155,0.2744324511807092,0.7061304031420315,1.4937680486231246,-0.4814607612315388,-0.32903233598350173,-1.0161329645585022,1
-0.8043672005990544,0.9009088760241706,0.8491410419312149,-0.22549244255800402,-0.911310674287764,0.9048055324001227,1.1349164954805155,1.4316811360790147,0.001192415045823164,1.379096902478929,-0.4814607612315388,-2.23386744116561,-1.0161329645585022,1
-0.634918112038349,0.9009088760241706,-1.179024470547907,-0.21849641961737276,-0.911310674287764,0.9048055324001227,1.1349164954805155,0.853056793629862,3.018998373610068,1.2644257563347332,-0.997471732522988,0.5440170872249644,-1.0161329645585022,1
-0.8043672005990544,-1.1099901739376037,-0.502969299721533,-0.20600464953601988,-0.5733475201700994,0.9048055324001227,1.1269985706938033,-0.8828162337175963,-0.21364582894540246,1.2644257563347332,-0.7394662468772634,-0.09092794783573821,0.9841231756854657,0
-0.46546902347764374,0.9009088760241706,-0.502969299721533,-0.12590571419768634,-0.06640278899360229,0.9048055324001227,1.111162721120379,-0.3041918912684436,1.0653130923148617,1.035083464046342,-0.4814607612315388,0.5440170872249644,-1.0161329645585022,1
-0.2960199349169384,0.9009088760241706,0.8491410419312149,0.08162190987191947,-0.06640278899360229,0.9048055324001227,1.0992858339403107,0.2744324511807092,0.9780350556934264,0.5763988794695595,-0.997471732522988,-0.40840046536608954,0.9841231756854657,0
-0.46546902347764374,0.9009088760241706,-0.502969299721533,0.6181679130501295,-0.23538436605243465,0.9048055324001227,1.0992858339403107,0.853056793629862,1.4345663241747801,0.003043148748581378,-0.7394662468772634,0.4448069254967297,-1.0161329645585022,0
-0.9738162891597597,-1.1099901739376037,0.8491410419312149,-0.48110785410892404,-0.911310674287764,0.9048055324001227,1.0953268715469546,0.2744324511807092,-0.0860856215756121,2.1817949254882985,-0.997471732522988,-0.3488743683291487,-1.0161329645585022,1
-0.2960199349169384,-1.1099901739376037,-0.502969299721533,-0.34788336307694817,-0.404365943111267,0.9048055324001227,1.0953268715469546,0.2744324511807092,0.001192415045823164,1.7231103409115156,-0.4814607612315388,-2.3330776028938445,-1.0161329645585022,1
-0.8043672005990544,0.9009088760241706,-0.502969299721533,-0.3518472496640778,-0.7423290972289317,0.9048055324001227,1.0953268715469546,1.4316811360790147,-0.12972463988633004,1.7231103409115156,-0.7394662468772634,-0.3488743683291487,-1.0161329645585022,1
-0.9738162891597597,0.9009088760241706,-1.179024470547907,-0.33929231007536037,-0.5733475201700994,0.9048055324001227,1.0953268715469546,0.2744324511807092,-0.707102420612748,1.6084391947673204,-0.4814607612315388,-0.5076106270943244,-1.0161329645585022,1
-0.46546902347764374,0.9009088760241706,-1.179024470547907,-0.7739301054976031,-0.404365943111267,0.21058638994196582,-1.2800505644667048,1.4316811360790147,-1.4254677989584081,-1.0289971665491795,-0.4814607612315388,-0.4282424977117365,-1.0161329645585022,0
-0.46546902347764374,-1.1099901739376037,-0.502969299721533,-0.18676953454349418,-0.911310674287764,0.9048055324001227,1.0953268715469546,-0.3041918912684436,0.6020681287087821,1.1497546101905376,-0.7394662468772634,1.0995939929030794,-1.0161329645585022,1
-0.46546902347764374,0.9009088760241706,-1.179024470547907,-0.15816954008416415,-0.911310674287764,0.9048055324001227,1.0953268715469546,-0.3041918912684436,-0.5661148229935064,1.1497546101905376,-0.7394662468772634,0.3455967637684949,-1.0161329645585022,1
-0.634918112038349,0.9009088760241706,1.5251962127575889,-0.77238245256717,-0.404365943111267,-1.177851894974348,-0.09236184645987515,1.4316811360790147,-1.2979075915886182,1.7231103409115156,-0.4814607612315388,1.0995939929030794,-1.0161329645585022,0
-0.2960199349169384,-1.1099901739376037,0.17308587110484092,-0.771466494710383,-0.404365943111267,0.21058638994196582,0.30353439287573475,1.4316811360790147,-1.0495008719737637,2.640479510065081,-0.7394662468772634,0.9805417988291976,0.9841231756854657,0
-0.46546902347764374,0.9009088760241706,-0.502969299721533,-0.7783203862594439,-0.7423290972289317,0.21058638994196582,-1.042512820865339,-0.8828162337175963,-1.4254677989584081,-0.45564143582820127,-0.997471732522988,-1.12271362980938,-1.0161329645585022,0
-0.2960199349169384,0.9009088760241706,0.8491410419312149,0.33278387115363406,-0.06640278899360229,0.9048055324001227,1.0953268715469546,0.2744324511807092,1.934736610966852,0.23238544103697253,-0.4814607612315388,1.0599099282117854,-1.0161329645585022,1
-0.634918112038349,-1.1099901739376037,-0.502969299721533,-0.38993846260494147,-0.06640278899360229,0.9048055324001227,1.0834499843668863,0.853056793629862,0.8336906105118219,1.8377814870557112,-0.997471732522988,-0.22982217425526694,-1.0161329645585022,1
-0.634918112038349,-1.1099901739376037,-0.502969299721533,-0.093073362744927,-0.911310674287764,0.9048055324001227,1.07949102197353,-0.3041918912684436,-0.005521280078902488,0.9204123179021463,-0.4814607612315388,0.14717644031202531,-1.0161329645585022,0
-0.9738162891597597,0.9009088760241706,-1.179024470547907,-0.7252580000731662,-0.911310674287764,0.9048055324001227,1.0636551724001058,-1.461440576166749,0.001192415045823164,3.9018621176512323,-0.4814607612315388,0.20670253734896618,-1.0161329645585022,1
-0.2960199349169384,0.9009088760241706,-1.179024470547907,-0.35334752546398746,-0.23538436605243465,0.9048055324001227,1.0557372476133935,0.853056793629862,0.4745079213389917,1.6084391947673204,-0.4814607612315388,0.8416475724096689,-1.0161329645585022,1
-1.143265377720465,-1.1099901739376037,0.8491410419312149,-0.7735826732070977,-0.911310674287764,-1.177851894974348,-1.359229812333827,0.853056793629862,-1.173704231781191,-1.2583394588375707,-0.7394662468772634,0.2463866020402601,0.9841231756854657,0
-0.9738162891597597,-1.1099901739376037,0.8491410419312149,-0.22343943356865398,-0.911310674287764,0.9048055324001227,1.0280245108599009,-1.461440576166749,-0.21364582894540246,1.1497546101905376,-0.7394662468772634,-1.202081759191968,0.9841231756854657,0
-0.46546902347764374,-1.1099901739376037,0.8491410419312149,-0.5094077934082721,-0.404365943111267,0.9048055324001227,1.0240655484665449,-0.3041918912684436,2.0589399707742797,2.2964660716324943,-0.7394662468772634,-0.4877685947486774,-1.0161329645585022,1
-0.8043672005990544,-1.1099901739376037,-0.502969299721533,-0.6818447561368336,-0.911310674287764,0.9048055324001227,1.0161476236798326,-0.8828162337175963,0.7464125738903866,3.4431775330744507,-0.997471732522988,-1.2417658238832618,-1.0161329645585022,1
-0.9738162891597597,0.9009088760241706,-1.179024470547907,-0.6202386940794915,-0.911310674287764,0.9048055324001227,1.0161476236798326,1.4316811360790147,-0.005521280078902488,2.869821802353472,-0.997471732522988,0.4448069254967297,-1.0161329645585022,1
-0.2960199349169384,-1.1099901739376037,-1.179024470547907,-0.5830160618648913,-0.911310674287764,0.9048055324001227,1.0161476236798326,-0.8828162337175963,-1.6705176710108995,2.640479510065081,-0.4814607612315388,0.7424374106814341,-1.0161329645585022,1
-0.2960199349169384,0.9009088760241706,-0.502969299721533,-0.76868703638634,-0.911310674287764,-1.177851894974348,-0.527847709729046,0.2744324511807092,1.4446368668618692,0.6910700256137552,-0.4814607612315388,0.6432272489531993,-1.0161329645585022,1
-0.634918112038349,0.9009088760241706,0.8491410419312149,-0.5776940308694224,-0.404365943111267,0.9048055324001227,1.0161476236798326,0.2744324511807092,0.23617174441122635,2.640479510065081,-0.7394662468772634,-0.09092794783573821,-1.0161329645585022,1
-0.634918112038349,0.9009088760241706,1.5251962127575889,-0.572829978802347,-0.911310674287764,0.9048055324001227,1.0161476236798326,0.853056793629862,0.001192415045823164,2.640479510065081,-0.4814607612315388,0.3654387961141419,-1.0161329645585022,1
-0.8043672005990544,-1.1099901739376037,1.5251962127575889,-0.7723350754366465,-0.23538436605243465,-1.177851894974348,-0.765385453330412,0.853056793629862,0.860545391010725,0.1177142948927768,-0.997471732522988,0.028124246238143545,-1.0161329645585022,0
-1.143265377720465,-1.1099901739376037,0.8491410419312149,-0.7740406521354911,-0.911310674287764,-1.177851894974348,-1.0741845200121878,1.4316811360790147,0.001192415045823164,-0.570312581972397,-0.7394662468772634,1.0797519605574324,0.9841231756854657,0
-0.9738162891597597,-1.1099901739376037,0.8491410419312149,-0.548746604119587,-0.911310674287764,0.9048055324001227,1.0161476236798326,1.4316811360790147,-1.0427871768490378,2.411137217776689,-0.997471732522988,-0.011559818453150373,-1.0161329645585022,1
-0.46546902347764374,0.9009088760241706,-1.179024470547907,-0.5297957519102021,-0.404365943111267,0.9048055324001227,1.0161476236798326,0.2744324511807092,0.6255660616453219,2.411137217776689,-0.7394662468772634,-0.8052411122790287,-1.0161329645585022,1
-0.46546902347764374,-1.1099901739376037,-1.179024470547907,-0.5024275628444821,-0.911310674287764,0.9048055324001227,1.0161476236798326,1.4316811360790147,1.5587696839822078,2.1817949254882985,-0.7394662468772634,0.5043330225336705,-1.0161329645585022,1
-0.634918112038349,0.9009088760241706,-1.179024470547907,-0.49083595824307497,-0.7423290972289317,0.9048055324001227,1.0161476236798326,0.2744324511807092,-0.0995130118250634,2.1817949254882985,-0.997471732522988,0.4448069254967297,-1.0161329645585022,1
-0.9738162891597597,0.9009088760241706,-0.502969299721533,-0.7702820664472965,-0.911310674287764,0.21058638994196582,-0.5674373336626071,1.4316811360790147,0.2965950005337584,0.5763988794695595,-0.997471732522988,0.16701847265767225,-1.0161329645585022,0
-0.46546902347764374,0.9009088760241706,-0.502969299721533,-0.7713085709419715,-0.404365943111267,0.21058638994196582,-0.7574675285436998,1.4316811360790147,0.5114332445249834,0.1177142948927768,-0.7394662468772634,0.38528082845978884,-1.0161329645585022,0
-0.46546902347764374,0.9009088760241706,-1.179024470547907,-0.48753535148327376,-0.911310674287764,0.9048055324001227,1.0161476236798326,-0.8828162337175963,0.23617174441122635,2.1817949254882985,-0.4814607612315388,0.9011736694466097,-1.0161329645585022,1
-0.8043672005990544,0.9009088760241706,-0.502969299721533,-0.4890514196600245,-0.911310674287764,0.9048055324001227,1.0161476236798326,-0.8828162337175963,0.665848232393677,2.1817949254882985,-0.997471732522988,-0.38855843302044263,-1.0161329645585022,1
-0.9738162891597597,0.9009088760241706,0.8491410419312149,-0.48767748287484414,-0.7423290972289317,0.9048055324001227,1.0161476236798326,-0.8828162337175963,-0.7138161157374736,2.1817949254882985,-0.7394662468772634,0.5043330225336705,-1.0161329645585022,1
-1.143265377720465,0.9009088760241706,-0.502969299721533,-0.48412419808558443,-0.911310674287764,0.9048055324001227,1.0161476236798326,-0.8828162337175963,0.27645391515958084,2.0671237793441026,-0.4814607612315388,-1.9362369559809054,-1.0161329645585022,1
-0.9738162891597597,-1.1099901739376037,0.8491410419312149,-0.6027565329163339,-0.404365943111267,0.9048055324001227,1.0161476236798326,-0.8828162337175963,0.7497694214527494,2.7551506562092767,-0.7394662468772634,-0.40840046536608954,-1.0161329645585022,1
-1.143265377720465,-1.1099901739376037,0.8491410419312149,-0.4563927843525179,-0.911310674287764,0.9048055324001227,1.0161476236798326,1.4316811360790147,0.6154955189582334,1.952452633199907,-0.997471732522988,-1.6187644384505542,-1.0161329645585022,1
-0.634918112038349,0.9009088760241706,-1.179024470547907,-0.44099521693239263,-0.404365943111267,0.9048055324001227,1.0161476236798326,1.4316811360790147,0.23617174441122635,1.952452633199907,-0.7394662468772634,-1.6187644384505542,-1.0161329645585022,1
-0.8043672005990544,0.9009088760241706,-1.179024470547907,-0.7753830041669892,-0.7423290972289317,-1.177851894974348,-0.7257958293968509,0.2744324511807092,-0.5661148229935064,0.23238544103697253,-0.997471732522988,1.258330251668255,-1.0161329645585022,0
-0.9738162891597597,0.9009088760241706,-0.502969299721533,-0.7744038768028377,-0.911310674287764,0.21058638994196582,0.24019099458203716,0.853056793629862,-0.46205254856025635,2.525808363920885,-0.7394662468772634,-0.03140185079879733,-1.0161329645585022,0
-0.634918112038349,-1.1099901739376037,-1.179024470547907,-0.43535733840010066,-0.404365943111267,0.9048055324001227,1.0161476236798326,-1.461440576166749,-0.707102420612748,1.952452633199907,-0.7394662468772634,0.46464895784237664,-1.0161329645585022,1
-0.46546902347764374,-1.1099901739376037,-0.502969299721533,-0.429861591259379,-0.7423290972289317,0.9048055324001227,1.0161476236798326,1.4316811360790147,0.16232109803924238,1.8377814870557112,-0.997471732522988,0.8813316371009629,-1.0161329645585022,1
-0.46546902347764374,0.9009088760241706,1.5251962127575889,-0.7693819009673507,-0.911310674287764,0.21058638994196582,-1.2760916020733488,0.2744324511807092,-0.018948670328354386,-1.0289971665491795,-0.997471732522988,-0.09092794783573821,0.9841231756854657,0
-0.634918112038349,0.9009088760241706,-0.502969299721533,-0.7751934956448954,-0.5733475201700994,-1.177851894974348,-0.4090788379283631,-1.461440576166749,-0.5661148229935064,1.035083464046342,-0.997471732522988,0.40512286080543575,0.9841231756854657,0
-0.8043672005990544,0.9009088760241706,1.5251962127575889,-0.4143218924476834,-0.911310674287764,0.9048055324001227,1.0161476236798326,-0.8828162337175963,-0.8447331706696268,1.8377814870557112,-0.4814607612315388,-0.46792656240303043,-1.0161329645585022,1
-0.634918112038349,0.9009088760241706,-0.502969299721533,-0.40753117040598713,-0.5733475201700994,0.9048055324001227,1.0161476236798326,0.2744324511807092,-1.1804179269059165,1.8377814870557112,-0.997471732522988,-0.6465048535138531,-1.0161329645585022,1
-0.2960199349169384,-1.1099901739376037,1.5251962127575889,-0.7719876431461411,-0.7423290972289317,-1.177851894974348,0.38271364074285674,1.4316811360790147,0.3637319517810161,2.869821802353472,-0.997471732522988,1.0797519605574324,-1.0161329645585022,1
-0.634918112038349,-1.1099901739376037,-0.502969299721533,-0.7717033803630003,-0.911310674287764,-1.177851894974348,-0.4882580857954851,0.2744324511807092,0.001192415045823164,0.8057411717579506,-0.4814607612315388,0.14717644031202531,-1.0161329645585022,0
-0.9738162891597597,-1.1099901739376037,-0.502969299721533,-0.524047326740022,-0.911310674287764,0.9048055324001227,1.0161476236798326,1.4316811360790147,0.1791053358510565,2.2964660716324943,-0.7394662468772634,-0.051243883144444294,-1.0161329645585022,1
-0.634918112038349,0.9009088760241706,-0.502969299721533,-0.7753672117901481,-0.404365943111267,-1.177851894974348,0.06599664927436881,-1.461440576166749,-1.0092187012254088,2.0671237793441026,-0.997471732522988,0.5043330225336705,0.9841231756854657,0
-0.634918112038349,-1.1099901739376037,0.8491410419312149,-0.5121398746017918,-0.7423290972289317,0.9048055324001227,1.0161476236798326,-1.461440576166749,2.988786745548802,2.2964660716324943,-0.7394662468772634,-0.07108591549009124,-1.0161329645585022,1
-0.9738162891597597,-1.1099901739376037,0.8491410419312149,-0.39406027296048274,-0.911310674287764,0.9048055324001227,1.0161476236798326,-1.461440576166749,-0.1397951825734185,1.7231103409115156,-0.4814607612315388,-0.7060309505507939,-1.0161329645585022,1
-1.143265377720465,-1.1099901739376037,-0.502969299721533,-0.7634597596519179,-0.911310674287764,0.21058638994196582,-0.12403354560672394,0.2744324511807092,-0.5627579754311435,1.6084391947673204,-0.7394662468772634,1.337698381050843,0.9841231756854657,0
-0.634918112038349,0.9009088760241706,-1.179024470547907,-0.5086655516967379,-0.7423290972289317,0.9048055324001227,1.0161476236798326,-0.3041918912684436,0.6893461653302174,2.2964660716324943,-0.997471732522988,-1.8965528912896115,-1.0161329645585022,1
-0.634918112038349,-1.1099901739376037,1.5251962127575889,-0.7740090673818089,-0.23538436605243465,-1.177851894974348,-0.7257958293968509,1.4316811360790147,-1.7510820125076092,0.23238544103697253,-0.4814607612315388,0.782121475372728,0.9841231756854657,0
-0.9738162891597597,0.9009088760241706,0.8491410419312149,-0.7666340273969898,-0.911310674287764,0.21058638994196582,-0.8841543251310949,-1.461440576166749,1.8407448792206904,-0.11162799739561437,-0.997471732522988,0.305912699077201,-1.0161329645585022,0
-0.8043672005990544,0.9009088760241706,-0.502969299721533,-0.7658602009317733,-0.7423290972289317,0.21058638994196582,0.19268344586176397,-0.8828162337175963,1.2029438423717405,2.2964660716324943,-0.7394662468772634,-2.0156050853634935,0.9841231756854657,0
-0.2960199349169384,-1.1099901739376037,-0.502969299721533,-0.7738037664828739,-0.06640278899360229,0.21058638994196582,-0.6624524311031534,-1.461440576166749,1.8407448792206904,0.3470565871811683,-0.997471732522988,-0.46792656240303043,-1.0161329645585022,0
-0.8043672005990544,0.9009088760241706,0.8491410419312149,-0.5055702458358717,-0.911310674287764,0.9048055324001227,1.0161476236798326,0.853056793629862,0.11868207972852446,2.1817949254882985,-0.7394662468772634,0.22654456969461315,-1.0161329645585022,1
-0.46546902347764374,-1.1099901739376037,-1.179024470547907,-0.511034408222911,-0.7423290972289317,0.9048055324001227,1.0161476236798326,0.2744324511807092,1.0418151593783211,2.2964660716324943,-0.997471732522988,0.7027533459901402,-1.0161329645585022,1
-0.9738162891597597,0.9009088760241706,-1.179024470547907,-0.7700767655483615,-0.7423290972289317,-1.177851894974348,-0.4090788379283631,0.853056793629862,-1.6705176710108995,0.9204123179021463,-0.4814607612315388,0.9210157017922567,-1.0161329645585022,0
-0.8043672005990544,0.9009088760241706,-1.179024470547907,-0.33897646253853725,-0.7423290972289317,0.9048055324001227,1.0161476236798326,-0.8828162337175963,-0.33784918875282943,1.4937680486231246,-0.4814607612315388,-1.2616078562289088,-1.0161329645585022,1
-0.9738162891597597,-1.1099901739376037,-0.502969299721533,-0.45252365202643513,-0.911310674287764,0.9048055324001227,1.0161476236798326,1.4316811360790147,1.676259348664909,1.952452633199907,-0.7394662468772634,-1.8965528912896115,-1.0161329645585022,1
-0.46546902347764374,0.9009088760241706,1.5251962127575889,-0.2981373760273128,-0.7423290972289317,0.9048055324001227,1.0161476236798326,1.4316811360790147,2.206641263518246,1.379096902478929,-0.4814607612315388,-1.678290535487495,-1.0161329645585022,1
-0.634918112038349,-1.1099901739376037,-1.179024470547907,-0.7648179040602572,-0.404365943111267,0.21058638994196582,-1.01084112171849,0.2744324511807092,1.417782086362966,-0.45564143582820127,-0.997471732522988,-0.09092794783573821,-1.0161329645585022,0
-0.8043672005990544,0.9009088760241706,-1.179024470547907,-0.7670288368180187,-0.911310674287764,-1.177851894974348,-1.327558113186978,0.2744324511807092,-1.1804179269059165,-1.143668312693375,-0.7394662468772634,0.3654387961141419,-1.0161329645585022,0
-0.634918112038349,0.9009088760241706,0.8491410419312149,-0.2942840360780712,-0.7423290972289317,0.9048055324001227,1.0161476236798326,-0.3041918912684436,1.0015329886299666,1.379096902478929,-0.997471732522988,0.6630692812988462,-1.0161329645585022,1
-0.46546902347764374,0.9009088760241706,0.8491410419312149,-0.7639967004645172,-0.7423290972289317,0.21058638994196582,-1.327558113186978,-0.3041918912684436,1.6729025011025462,-1.143668312693375,-0.7394662468772634,-0.190138109563973,0.9841231756854657,0
-0.634918112038349,-1.1099901739376037,1.5251962127575889,-0.304406949633251,-0.404365943111267,0.9048055324001227,1.0161476236798326,1.4316811360790147,-0.12972463988633004,1.379096902478929,-0.997471732522988,0.46464895784237664,-1.0161329645585022,1
-0.9738162891597597,0.9009088760241706,-1.179024470547907,-0.4111318323257703,-0.911310674287764,0.9048055324001227,1.0161476236798326,-0.8828162337175963,1.7937490133476108,1.8377814870557112,-0.7394662468772634,0.18686050500331922,-1.0161329645585022,1
-0.634918112038349,-1.1099901739376037,0.8491410419312149,-0.285961453482783,-0.06640278899360229,0.9048055324001227,1.0161476236798326,0.2744324511807092,0.954537122756886,1.379096902478929,-0.7394662468772634,-0.44808453005738347,-1.0161329645585022,1
-0.8043672005990544,0.9009088760241706,-1.179024470547907,-0.39140715365116885,-0.7423290972289317,0.9048055324001227,1.0161476236798326,0.2744324511807092,1.8273174889712391,1.7231103409115156,-0.4814607612315388,0.5043330225336705,-1.0161329645585022,1
-1.143265377720465,0.9009088760241706,1.5251962127575889,-0.2616411931474057,-0.911310674287764,0.9048055324001227,1.0161476236798326,0.853056793629862,1.575553921794022,1.2644257563347332,-0.4814607612315388,-0.44808453005738347,-1.0161329645585022,1
-0.9738162891597597,-1.1099901739376037,-0.502969299721533,-0.24458542615895928,-0.911310674287764,0.9048055324001227,1.0161476236798326,-0.8828162337175963,-1.0427871768490378,1.2644257563347332,-0.4814607612315388,1.0003838311748445,0.9841231756854657,0
-0.634918112038349,-1.1099901739376037,-0.502969299721533,-0.22146538646350972,-0.5733475201700994,0.9048055324001227,1.0161476236798326,-1.461440576166749,0.001192415045823164,1.1497546101905376,-0.4814607612315388,-0.11076998018138517,0.9841231756854657,0
-0.9738162891597597,0.9009088760241706,-0.502969299721533,-0.7676131547611414,-0.911310674287764,-1.177851894974348,-0.8841543251310949,0.2744324511807092,0.5785701957722418,-0.11162799739561437,-0.997471732522988,1.6551708985811941,-1.0161329645585022,1
-0.46546902347764374,-1.1099901739376037,-1.179024470547907,-0.31975713992285276,-0.7423290972289317,0.9048055324001227,1.0161476236798326,-1.461440576166749,0.001192415045823164,1.4937680486231246,-0.4814607612315388,0.782121475372728,-1.0161329645585022,1
-0.9738162891597597,0.9009088760241706,0.8491410419312149,-0.19891387233434168,-0.7423290972289317,0.9048055324001227,1.0161476236798326,1.4316811360790147,0.001192415045823164,1.1497546101905376,-0.7394662468772634,-0.7457150152420878,0.9841231756854657,0
-1.143265377720465,0.9009088760241706,0.8491410419312149,-0.20464650512768062,-0.911310674287764,0.9048055324001227,1.0161476236798326,-1.461440576166749,-0.6936750303632967,1.1497546101905376,-0.997471732522988,0.9210157017922567,-1.0161329645585022,0
-1.143265377720465,-1.1099901739376037,0.8491410419312149,-0.767771078529553,-0.404365943111267,-1.177851894974348,-0.4882580857954851,0.853056793629862,1.092167872813765,0.8057411717579506,-0.997471732522988,-0.32903233598350173,-1.0161329645585022,1
-0.9738162891597597,0.9009088760241706,-0.502969299721533,-0.7668867054264483,-0.5733475201700994,-1.177851894974348,-0.4090788379283631,0.853056793629862,0.9780350556934264,0.9204123179021463,-0.7394662468772634,-1.162397694500674,0.9841231756854657,0
-0.46546902347764374,-1.1099901739376037,-0.502969299721533,-0.14580410901754048,-0.911310674287764,0.9048055324001227,1.0161476236798326,0.853056793629862,0.001192415045823164,1.035083464046342,-0.997471732522988,0.5440170872249644,0.9841231756854657,0
-0.46546902347764374,0.9009088760241706,-1.179024470547907,-0.2642943124567196,-0.23538436605243465,0.9048055324001227,1.0161476236798326,-0.8828162337175963,0.9981761410676039,1.2644257563347332,-0.7394662468772634,0.0479662785837905,-1.0161329645585022,1
-0.8043672005990544,0.9009088760241706,1.5251962127575889,-0.7675499852537768,-0.5733475201700994,0.21058638994196582,-1.359229812333827,-0.8828162337175963,0.15896425047687956,-1.2583394588375707,-0.4814607612315388,-0.5869787564769122,-1.0161329645585022,0
-0.9738162891597597,-1.1099901739376037,1.5251962127575889,-0.7667129892811957,-0.7423290972289317,-1.177851894974348,-1.359229812333827,0.2744324511807092,0.15896425047687956,-1.2583394588375707,-0.7394662468772634,-0.46792656240303043,-1.0161329645585022,1
-0.9738162891597597,0.9009088760241706,-1.179024470547907,-0.2511550549248794,-0.911310674287764,0.9048055324001227,1.0161476236798326,0.2744324511807092,0.5651428055227898,1.2644257563347332,-0.7394662468772634,0.305912699077201,-1.0161329645585022,1
-0.2960199349169384,-1.1099901739376037,-1.179024470547907,-0.11406143156682079,-0.7423290972289317,0.9048055324001227,1.0161476236798326,-1.461440576166749,-1.1804179269059165,0.9204123179021463,-0.997471732522988,-0.17029607721832604,0.9841231756854657,0
-0.634918112038349,-1.1099901739376037,0.8491410419312149,-0.22211287391399703,-0.404365943111267,0.9048055324001227,1.0161476236798326,-0.3041918912684436,1.5587696839822078,1.1497546101905376,-0.4814607612315388,1.2186461869769611,-1.0161329645585022,1
-0.2960199349169384,0.9009088760241706,1.5251962127575889,-0.22186019588453856,-0.911310674287764,0.9048055324001227,1.0161476236798326,1.4316811360790147,1.2835081838684501,1.1497546101905376,-0.997471732522988,0.10749237562073138,-1.0161329645585022,1
-0.634918112038349,-1.1099901739376037,-0.502969299721533,-0.7673130996011595,-0.7423290972289317,-1.177851894974348,-0.8841543251310949,0.2744324511807092,1.8407448792206904,-0.11162799739561437,-0.7394662468772634,-0.8052411122790287,-1.0161329645585022,1
-0.9738162891597597,0.9009088760241706,-0.502969299721533,-0.09168363358290545,-0.5733475201700994,0.9048055324001227,1.0161476236798326,1.4316811360790147,0.001192415045823164,0.9204123179021463,-0.997471732522988,0.22654456969461315,0.9841231756854657,0
-0.8043672005990544,0.9009088760241706,0.8491410419312149,-0.07180103113989246,-0.5733475201700994,0.9048055324001227,1.0161476236798326,1.4316811360790147,-1.1804179269059165,0.8057411717579506,-0.997471732522988,-1.6187644384505542,0.9841231756854657,0
-0.8043672005990544,0.9009088760241706,-1.179024470547907,-0.7666498197738311,-0.7423290972289317,-1.177851894974348,-0.7257958293968509,0.853056793629862,-0.34120603631519225,0.23238544103697253,-0.7394662468772634,-0.30919030363785477,0.9841231756854657,0
-0.8043672005990544,-1.1099901739376037,0.8491410419312149,-0.7620068609825318,-0.404365943111267,-1.177851894974348,-0.2744741165542557,-1.461440576166749,0.8336906105118219,1.2644257563347332,-0.4814607612315388,-2.194183376474316,0.9841231756854657,0
-0.9738162891597597,-1.1099901739376037,1.5251962127575889,-0.7640914547255641,-0.5733475201700994,-1.177851894974348,-0.4090788379283631,1.4316811360790147,-1.3482603050240614,0.9204123179021463,-0.997471732522988,0.8813316371009629,-1.0161329645585022,0
-0.9738162891597597,-1.1099901739376037,-0.502969299721533,-0.16137539258291841,-0.911310674287764,0.9048055324001227,1.0161476236798326,-0.3041918912684436,2.062296818336642,1.035083464046342,-0.4814607612315388,-1.9957630530178463,-1.0161329645585022,1
-0.2960199349169384,0.9009088760241706,0.8491410419312149,-0.7617699753299144,-0.404365943111267,-1.177851894974348,-0.6307807319563046,-0.3041918912684436,0.30330869565848406,0.4617277333253637,-0.4814607612315388,-1.5592383414136133,0.9841231756854657,0
-0.9738162891597597,-1.1099901739376037,-0.502969299721533,-0.16409168139959693,-0.5733475201700994,0.9048055324001227,1.0161476236798326,0.2744324511807092,2.102578989084997,1.035083464046342,-0.7394662468772634,-0.15045404487267908,-1.0161329645585022,1
-0.46546902347764374,0.9009088760241706,-1.179024470547907,-0.7592905721658533,-0.404365943111267,-1.177851894974348,0.38271364074285674,-0.8828162337175963,0.8269769153870962,2.7551506562092767,-0.997471732522988,-0.13061201252703214,-1.0161329645585022,1
-0.8043672005990544,0.9009088760241706,1.5251962127575889,-0.03397828860532842,-0.911310674287764,0.9048055324001227,1.0161476236798326,0.853056793629862,-0.08944246913797492,0.8057411717579506,-0.7394662468772634,0.7622794430270811,-1.0161329645585022,0
-0.634918112038349,0.9009088760241706,1.5251962127575889,-0.133454470327758,-0.404365943111267,0.9048055324001227,1.0161476236798326,0.2744324511807092,2.841085452804834,0.9204123179021463,-0.997471732522988,1.0202258635204915,-1.0161329645585022,1
-0.9738162891597597,-1.1099901739376037,-0.502969299721533,-0.016669843587423547,-0.911310674287764,0.9048055324001227,1.0161476236798326,-0.8828162337175963,-0.21364582894540246,0.6910700256137552,-0.4814607612315388,0.305912699077201,0.9841231756854657,0
-1.143265377720465,-1.1099901739376037,-0.502969299721533,-0.018217496517856646,-0.5733475201700994,0.9048055324001227,1.0161476236798326,0.853056793629862,-0.3680608168140954,0.6910700256137552,-0.7394662468772634,0.6630692812988462,0.9841231756854657,0
-0.634918112038349,0.9009088760241706,-0.502969299721533,-0.7643125480013402,-0.5733475201700994,-1.177851894974348,-1.2800505644667048,-0.8828162337175963,-0.3680608168140954,-1.0289971665491795,-0.7394662468772634,0.4249648931510827,0.9841231756854657,0
-0.9738162891597597,-1.1099901739376037,1.5251962127575889,-0.018059572749445106,-0.911310674287764,0.9048055324001227,1.0161476236798326,0.2744324511807092,-0.8447331706696268,0.6910700256137552,-0.4814607612315388,0.9408577341379036,0.9841231756854657,0
-0.9738162891597597,-1.1099901739376037,-1.179024470547907,-0.7580745591490844,-0.911310674287764,0.21058638994196582,-0.963333572998217,1.4316811360790147,0.3939435798422821,-0.34097028968400567,-0.997471732522988,-1.4203441149940845,0.9841231756854657,0
-0.9738162891597597,0.9009088760241706,-0.502969299721533,-0.012169016187694632,-0.5733475201700994,0.9048055324001227,1.0161476236798326,0.853056793629862,-1.0495008719737637,0.6910700256137552,-0.7394662468772634,0.7027533459901402,-1.0161329645585022,0
-0.634918112038349,0.9009088760241706,0.8491410419312149,-0.13021703307532143,-0.911310674287764,0.9048055324001227,1.0161476236798326,0.2744324511807092,1.8273174889712391,0.9204123179021463,-0.997471732522988,-0.9044512740072636,-1.0161329645585022,1
-0.8043672005990544,0.9009088760241706,-0.502969299721533,-0.014411533699138512,-0.911310674287764,0.9048055324001227,1.0161476236798326,0.853056793629862,1.2029438423717405,0.6910700256137552,-0.4814607612315388,0.5837011519162584,-1.0161329645585022,0
-0.9738162891597597,-1.1099901739376037,0.8491410419312149,-0.7530841680672796,-0.911310674287764,-1.177851894974348,0.2758216561222421,1.4316811360790147,-0.11965409719924096,2.411137217776689,-0.7394662468772634,-3.3251792201761927,0.9841231756854657,0
-0.9738162891597597,0.9009088760241706,-1.179024470547907,-0.013084974044481569,-0.911310674287764,0.9048055324001227,1.0161476236798326,-1.461440576166749,0.8269769153870962,0.6910700256137552,-0.7394662468772634,-2.4521297969677263,0.9841231756854657,0
-0.9738162891597597,0.9009088760241706,1.5251962127575889,-0.12835353260806523,-0.911310674287764,0.9048055324001227,1.0161476236798326,0.2744324511807092,1.7836784706605218,0.9204123179021463,-0.7394662468772634,-1.4005020826484376,-1.0161329645585022,1
-0.46546902347764374,-1.1099901739376037,-1.179024470547907,0.0017598601862032705,-0.911310674287764,0.9048055324001227,1.0161476236798326,-0.3041918912684436,-0.33784918875282943,0.6910700256137552,-0.4814607612315388,-1.0433455004267922,0.9841231756854657,0
-0.9738162891597597,0.9009088760241706,-1.179024470547907,-0.759069478890077,-0.911310674287764,-0.4836327525161911,-1.042512820865339,-1.461440576166749,-0.522475804682789,-0.570312581972397,-0.7394662468772634,-1.4401861473397315,-1.0161329645585022,0
-0.8043672005990544,-1.1099901739376037,1.5251962127575889,-0.08694592053055922,-0.911310674287764,0.9048055324001227,1.0161476236798326,-0.3041918912684436,1.676259348664909,0.9204123179021463,-0.7394662468772634,-0.051243883144444294,-1.0161329645585022,1
-0.8043672005990544,0.9009088760241706,-1.179024470547907,-0.06101483775738421,-0.911310674287764,0.9048055324001227,1.0161476236798326,-1.461440576166749,1.1861596045599256,0.8057411717579506,-0.997471732522988,-1.4401861473397315,-1.0161329645585022,1
-0.8043672005990544,0.9009088760241706,-0.502969299721533,-0.04613841877301707,-0.911310674287764,0.9048055324001227,1.0161476236798326,-0.8828162337175963,1.1458774338115711,0.8057411717579506,-0.7394662468772634,1.0003838311748445,-1.0161329645585022,1
-0.46546902347764374,-1.1099901739376037,-1.179024470547907,-0.7537948250251316,-0.23538436605243465,-1.177851894974348,-0.9118670618845877,-0.8828162337175963,0.23617174441122635,-0.2262991435398101,-0.997471732522988,1.1591200899400202,0.9841231756854657,0
-1.3127144662811705,0.9009088760241706,-0.502969299721533,-0.029540630712964127,-0.911310674287764,0.9048055324001227,1.0161476236798326,1.4316811360790147,1.4446368668618692,0.8057411717579506,-0.4814607612315388,0.7622794430270811,-1.0161329645585022,1
-0.634918112038349,-1.1099901739376037,-0.502969299721533,0.12007634748012967,-0.23538436605243465,0.9048055324001227,1.0161476236798326,0.853056793629862,0.6893461653302174,0.4617277333253637,-0.997471732522988,0.9408577341379036,0.9841231756854657,0
-0.2960199349169384,-1.1099901739376037,0.8491410419312149,0.1568725855200187,-0.911310674287764,0.9048055324001227,1.0161476236798326,-0.3041918912684436,1.286865031430813,0.4617277333253637,-0.7394662468772634,-0.2893482712922078,0.9841231756854657,0
-0.634918112038349,-1.1099901739376037,1.5251962127575889,0.16170505283341186,-0.7423290972289317,0.9048055324001227,1.0161476236798326,0.853056793629862,0.2865244578466693,0.4617277333253637,-0.7394662468772634,0.06780831092943747,0.9841231756854657,0
-0.2960199349169384,0.9009088760241706,-0.502969299721533,0.18059273553543212,-0.7423290972289317,0.9048055324001227,1.0161476236798326,-0.3041918912684436,2.102578989084997,0.4617277333253637,-0.4814607612315388,-1.7378166325244357,0.9841231756854657,0
-0.2960199349169384,0.9009088760241706,-1.179024470547907,-0.752294549225222,-0.5733475201700994,-1.177851894974348,-0.4090788379283631,-0.3041918912684436,-0.005521280078902488,0.9204123179021463,-0.4814607612315388,0.6432272489531993,0.9841231756854657,0
-0.2960199349169384,-1.1099901739376037,1.5251962127575889,-0.7513312142379116,-0.06640278899360229,-1.177851894974348,0.38271364074285674,-0.3041918912684436,0.001192415045823164,2.640479510065081,-0.7394662468772634,-0.20998014190961997,0.9841231756854657,0
-0.2960199349169384,0.9009088760241706,-0.502969299721533,0.17135419508335697,-0.7423290972289317,0.9048055324001227,1.0161476236798326,1.4316811360790147,0.001192415045823164,0.4617277333253637,-0.997471732522988,-0.3488743683291487,0.9841231756854657,0
-0.8043672005990544,0.9009088760241706,-0.502969299721533,-0.7497677689306373,-0.404365943111267,-1.177851894974348,-0.2823920413409679,-1.461440576166749,-0.1397951825734185,1.1497546101905376,-0.4814607612315388,0.008282213892496587,0.9841231756854657,0
-0.2960199349169384,0.9009088760241706,-0.502969299721533,0.1758234377294036,0.10257878806523006,0.9048055324001227,1.0161476236798326,0.853056793629862,0.7866947446387411,0.4617277333253637,-0.997471732522988,0.4448069254967297,-1.0161329645585022,0
-0.8043672005990544,-1.1099901739376037,-1.179024470547907,-0.752199794964175,-0.911310674287764,-1.177851894974348,-0.7257958293968509,0.2744324511807092,-1.039430329286675,0.1177142948927768,-0.997471732522988,-1.3409759856114967,0.9841231756854657,0
-0.634918112038349,-1.1099901739376037,-0.502969299721533,0.06357122314248036,-0.404365943111267,0.9048055324001227,1.0161476236798326,-1.461440576166749,0.2965950005337584,0.5763988794695595,-0.4814607612315388,-0.6068207888225592,-1.0161329645585022,1
-1.143265377720465,0.9009088760241706,-0.502969299721533,-0.8625885090838421,-0.911310674287764,0.9048055324001227,-1.359229812333827,-1.461440576166749,1.092167872813765,-1.143668312693375,-0.997471732522988,-0.07108591549009124,0.9841231756854657,0
-0.46546902347764374,0.9009088760241706,0.8491410419312149,-0.7526419815157274,-0.7423290972289317,0.21058638994196582,0.06599664927436881,-0.8828162337175963,-1.7510820125076092,1.952452633199907,-0.7394662468772634,-2.2933935382025505,0.9841231756854657,0
-0.8043672005990544,0.9009088760241706,-0.502969299721533,-0.7576007878438498,-0.911310674287764,0.21058638994196582,-1.2008713165995828,0.853056793629862,-0.21700267650776528,-0.9143260204049839,-0.997471732522988,0.20670253734896618,-1.0161329645585022,0
-0.9738162891597597,-1.1099901739376037,0.8491410419312149,-0.7557214949997524,-0.911310674287764,-1.177851894974348,-0.8841543251310949,0.853056793629862,-0.5896127559300467,-0.2262991435398101,-0.997471732522988,-1.7973427295613766,0.9841231756854657,0
-1.143265377720465,0.9009088760241706,0.8491410419312149,-0.7501309935979839,-0.911310674287764,0.21058638994196582,-0.5674373336626071,-0.8828162337175963,-1.7510820125076092,0.5763988794695595,-0.997471732522988,0.008282213892496587,0.9841231756854657,0
-0.46546902347764374,0.9009088760241706,-0.502969299721533,-0.7950918904647496,-0.7423290972289317,0.9048055324001227,-1.359229812333827,0.2744324511807092,0.16232109803924238,-1.2583394588375707,-0.997471732522988,0.9805417988291976,0.9841231756854657,0
-0.634918112038349,0.9009088760241706,-1.179024470547907,-0.7953287761173669,-0.404365943111267,0.9048055324001227,-1.359229812333827,0.853056793629862,2.344272013575125,-1.2583394588375707,-0.7394662468772634,-0.03140185079879733,-1.0161329645585022,1
-0.8043672005990544,0.9009088760241706,1.5251962127575889,-0.7540001259240666,-0.5733475201700994,-1.177851894974348,0.06599664927436881,-0.3041918912684436,0.001192415045823164,1.952452633199907,-0.7394662468772634,-1.3012919209202027,-1.0161329645585022,1
-1.143265377720465,-1.1099901739376037,0.8491410419312149,-0.7968606366709587,-0.911310674287764,0.9048055324001227,-1.359229812333827,0.2744324511807092,-0.005521280078902488,-1.2583394588375707,-0.997471732522988,-1.7179746001787888,-1.0161329645585022,1
-0.9738162891597597,0.9009088760241706,-0.502969299721533,-0.790733194456591,-0.911310674287764,0.9048055324001227,-1.359229812333827,-1.461440576166749,0.6154955189582334,-1.2583394588375707,-0.4814607612315388,-3.7418618994347788,0.9841231756854657,0
-1.143265377720465,-1.1099901739376037,-1.179024470547907,-0.775967322110112,-0.911310674287764,0.9048055324001227,-1.359229812333827,-0.8828162337175963,0.9981761410676039,-1.2583394588375707,-0.4814607612315388,0.16701847265767225,0.9841231756854657,0
-0.2960199349169384,0.9009088760241706,-0.502969299721533,-0.7763305467774585,-0.911310674287764,0.9048055324001227,-1.359229812333827,0.2744324511807092,1.223084927745918,-1.2583394588375707,-0.7394662468772634,-1.4401861473397315,0.9841231756854657,0
-0.9738162891597597,-1.1099901739376037,1.5251962127575889,-0.7686080745021341,-0.911310674287764,0.9048055324001227,-1.359229812333827,-1.461440576166749,1.6594751108530943,-1.2583394588375707,-0.997471732522988,0.9805417988291976,-1.0161329645585022,1
-0.2960199349169384,-1.1099901739376037,-0.502969299721533,-0.7521840025873339,-0.06640278899360229,0.21058638994196582,-0.17154109432699713,-1.461440576166749,1.8273174889712391,1.379096902478929,-0.7394662468772634,1.0202258635204915,-1.0161329645585022,1
-1.143265377720465,0.9009088760241706,0.8491410419312149,-0.7506205572800596,-0.7423290972289317,-1.177851894974348,0.7786098800784667,0.2744324511807092,1.2096575374964662,3.5578486792186466,-0.997471732522988,-2.650550120424196,-1.0161329645585022,1
-0.634918112038349,-1.1099901739376037,-0.502969299721533,-0.7547897447661244,-0.404365943111267,-1.177851894974348,-0.4090788379283631,0.2744324511807092,-1.0964967378468442,0.9204123179021463,-0.997471732522988,1.0599099282117854,0.9841231756854657,0
-0.9738162891597597,0.9009088760241706,1.5251962127575889,-0.7136506030949179,-0.911310674287764,0.9048055324001227,-1.359229812333827,-0.3041918912684436,1.7736079279734327,-1.2583394588375707,-0.7394662468772634,-0.6663468858595001,-1.0161329645585022,1
-0.46546902347764374,-1.1099901739376037,1.5251962127575889,-0.7170933412462895,-0.404365943111267,0.9048055324001227,-1.359229812333827,-1.461440576166749,-1.173704231781191,-1.2583394588375707,-0.7394662468772634,1.238488219322608,-1.0161329645585022,0
-0.9738162891597597,-1.1099901739376037,1.5251962127575889,-0.7528314900378212,-0.7423290972289317,-1.177851894974348,-1.2008713165995828,-0.8828162337175963,-1.2106295549671826,-0.9143260204049839,-0.997471732522988,-1.2616078562289088,0.9841231756854657,0
-0.9738162891597597,-1.1099901739376037,-1.179024470547907,-0.713461094572824,-0.911310674287764,0.9048055324001227,-1.359229812333827,-0.3041918912684436,-0.25392799969375696,-1.2583394588375707,-0.4814607612315388,-2.4521297969677263,-1.0161329645585022,1
-0.634918112038349,0.9009088760241706,-1.179024470547907,-0.7160984215052968,-0.911310674287764,0.9048055324001227,-1.359229812333827,0.2744324511807092,0.5114332445249834,-1.2583394588375707,-0.4814607612315388,-0.11076998018138517,0.9841231756854657,0
-0.8043672005990544,0.9009088760241706,1.5251962127575889,-0.7063545249943047,-0.7423290972289317,0.9048055324001227,-1.359229812333827,-0.8828162337175963,-1.0427871768490378,-1.2583394588375707,-0.7394662468772634,-0.17029607721832604,0.9841231756854657,0
-0.9738162891597597,0.9009088760241706,-0.502969299721533,-0.6997533114747023,-0.5733475201700994,0.9048055324001227,-1.359229812333827,1.4316811360790147,-1.2475548781531747,-1.2583394588375707,-0.4814607612315388,-0.03140185079879733,0.9841231756854657,0
-0.9738162891597597,0.9009088760241706,0.8491410419312149,-0.7548055371429655,-0.5733475201700994,-1.177851894974348,1.1745061194140765,1.4316811360790147,0.6154955189582334,4.475217848372211,-0.4814607612315388,0.028124246238143545,-1.0161329645585022,1
-0.2960199349169384,-1.1099901739376037,1.5251962127575889,-0.693578492129811,-0.7423290972289317,0.9048055324001227,-1.359229812333827,0.2744324511807092,-1.0964967378468442,-1.2583394588375707,-0.4814607612315388,-0.11076998018138517,0.9841231756854657,0
-0.634918112038349,-1.1099901739376037,-1.179024470547907,-0.6738538134552097,-0.404365943111267,0.9048055324001227,-1.359229812333827,-0.8828162337175963,-1.173704231781191,-1.2583394588375707,-0.997471732522988,-1.0631875327724392,0.9841231756854657,0
-1.143265377720465,-1.1099901739376037,-0.502969299721533,-0.6796969928864366,-0.911310674287764,0.9048055324001227,-1.359229812333827,-0.8828162337175963,-0.005521280078902488,-1.2583394588375707,-0.4814607612315388,0.305912699077201,0.9841231756854657,0
-0.8043672005990544,0.9009088760241706,-1.179024470547907,-0.6764595556340001,-0.911310674287764,0.9048055324001227,-1.359229812333827,1.4316811360790147,-1.1804179269059165,-1.2583394588375707,-0.7394662468772634,-0.38855843302044263,0.9841231756854657,0
-0.8043672005990544,-1.1099901739376037,0.8491410419312149,-0.7532262994588501,-0.911310674287764,-1.177851894974348,-0.4090788379283631,1.4316811360790147,1.3170766594920789,0.9204123179021463,-0.4814607612315388,0.20670253734896618,0.9841231756854657,0
-1.143265377720465,0.9009088760241706,-0.502969299721533,-0.6793337682190901,-0.911310674287764,0.9048055324001227,-1.359229812333827,-1.461440576166749,0.001192415045823164,-1.2583394588375707,-0.7394662468772634,0.9606997664835506,-1.0161329645585022,0
-0.9738162891597597,-1.1099901739376037,0.8491410419312149,-0.7480621922317927,-0.7423290972289317,-1.177851894974348,-1.4384090602009487,0.853056793629862,-0.18343420088413584,-1.3730106049817663,-0.4814607612315388,0.20670253734896618,0.9841231756854657,0
-0.2960199349169384,0.9009088760241706,-1.179024470547907,-0.6827449216167794,-0.7423290972289317,0.9048055324001227,-1.359229812333827,-0.8828162337175963,-0.46205254856025635,-1.2583394588375707,-0.7394662468772634,-2.3529196352394917,0.9841231756854657,0
-0.46546902347764374,-1.1099901739376037,-0.502969299721533,-0.7561320967976224,-0.5733475201700994,-1.177851894974348,0.06599664927436881,-0.8828162337175963,-0.3680608168140954,1.952452633199907,-0.997471732522988,0.801963507718375,0.9841231756854657,0
-0.9738162891597597,-1.1099901739376037,0.8491410419312149,-0.7512048752231824,-0.5733475201700994,-1.177851894974348,-0.7257958293968509,-0.8828162337175963,-1.8752853723150364,0.1177142948927768,-0.4814607612315388,0.12733440796637835,0.9841231756854657,0
-0.46546902347764374,0.9009088760241706,-1.179024470547907,-0.6758752376908773,-0.404365943111267,0.9048055324001227,-1.359229812333827,0.2744324511807092,0.6255660616453219,-1.2583394588375707,-0.997471732522988,0.6035431842619053,0.9841231756854657,0
-0.2960199349169384,-1.1099901739376037,1.5251962127575889,-0.7525314348778392,-0.5733475201700994,-1.177851894974348,-0.5674373336626071,-0.3041918912684436,0.3301634761573873,0.5763988794695595,-0.997471732522988,-0.9044512740072636,0.9841231756854657,0
-0.9738162891597597,0.9009088760241706,0.8491410419312149,-0.750652142033742,-0.911310674287764,-1.177851894974348,-0.7257958293968509,-0.8828162337175963,-1.1804179269059165,0.1177142948927768,-0.997471732522988,-2.1743413441286688,0.9841231756854657,0
-0.46546902347764374,-1.1099901739376037,-0.502969299721533,-0.617727706161748,-0.5733475201700994,0.9048055324001227,-1.359229812333827,-1.461440576166749,-1.2475548781531747,-1.3730106049817663,-0.4814607612315388,-1.12271362980938,0.9841231756854657,0
-1.143265377720465,-1.1099901739376037,-1.179024470547907,-0.6084102038254671,-0.911310674287764,0.9048055324001227,-1.359229812333827,-0.8828162337175963,-0.005521280078902488,-1.3730106049817663,-0.997471732522988,0.008282213892496587,0.9841231756854657,0
-0.9738162891597597,0.9009088760241706,0.8491410419312149,-0.7552477236945178,-0.911310674287764,-1.177851894974348,0.38271364074285674,0.853056793629862,-1.0495008719737637,2.640479510065081,-0.4814607612315388,-1.678290535487495,-1.0161329645585022,1
-1.143265377720465,-1.1099901739376037,0.8491410419312149,-0.7517260236589405,-0.911310674287764,0.21058638994196582,-0.3298995900612411,1.4316811360790147,0.001192415045823164,1.035083464046342,-0.997471732522988,-0.09092794783573821,0.9841231756854657,0
-0.2960199349169384,0.9009088760241706,-0.502969299721533,-0.7469409334760707,-0.404365943111267,-1.177851894974348,0.06599664927436881,-0.3041918912684436,0.04483143335654109,1.952452633199907,-0.7394662468772634,1.5361187045073124,0.9841231756854657,0
-0.8043672005990544,-1.1099901739376037,0.8491410419312149,-0.6095630473348713,-0.911310674287764,0.9048055324001227,-1.359229812333827,0.853056793629862,-0.21700267650776528,-1.3730106049817663,-0.997471732522988,-2.987864670300194,0.9841231756854657,0
-0.46546902347764374,-1.1099901739376037,-0.502969299721533,-0.6102263271621998,-0.911310674287764,0.9048055324001227,-1.359229812333827,-1.461440576166749,0.2865244578466693,-1.3730106049817663,-0.997471732522988,-0.8449251769703227,-1.0161329645585022,0
-0.8043672005990544,-1.1099901739376037,-1.179024470547907,-0.6067993813876694,-0.5733475201700994,0.9048055324001227,-1.359229812333827,0.2744324511807092,-1.2207000976542715,-1.3730106049817663,-0.4814607612315388,-0.190138109563973,0.9841231756854657,0
-0.8043672005990544,0.9009088760241706,-0.502969299721533,-0.5857639354352522,-0.911310674287764,0.9048055324001227,-1.359229812333827,1.4316811360790147,0.3301634761573873,-1.3730106049817663,-0.4814607612315388,0.2463866020402601,0.9841231756854657,0
-0.46546902347764374,-1.1099901739376037,-1.179024470547907,-0.5860166134647106,-0.404365943111267,0.9048055324001227,-1.359229812333827,0.2744324511807092,0.9981761410676039,-1.3730106049817663,-0.7394662468772634,-0.03140185079879733,0.9841231756854657,0
-0.9738162891597597,0.9009088760241706,-0.502969299721533,-0.5799997178882309,-0.5733475201700994,0.9048055324001227,-1.359229812333827,1.4316811360790147,0.001192415045823164,-1.3730106049817663,-0.7394662468772634,-0.46792656240303043,0.9841231756854657,0
-0.46546902347764374,0.9009088760241706,0.8491410419312149,-0.5886855251508657,-0.5733475201700994,0.9048055324001227,-1.359229812333827,1.4316811360790147,0.3301634761573873,-1.3730106049817663,-0.7394662468772634,1.0995939929030794,-1.0161329645585022,0
-0.2960199349169384,0.9009088760241706,-0.502969299721533,-0.7027696554513627,0.4405419421828948,0.9048055324001227,-1.359229812333827,-0.8828162337175963,0.09182729922962125,-1.2583394588375707,-0.7394662468772634,1.0400678958661385,-1.0161329645585022,1
-0.634918112038349,0.9009088760241706,-1.179024470547907,-0.5801734340334836,-0.23538436605243465,0.9048055324001227,-1.359229812333827,1.4316811360790147,0.8336906105118219,-1.3730106049817663,-0.4814607612315388,0.8416475724096689,-1.0161329645585022,0
-0.9738162891597597,0.9009088760241706,-1.179024470547907,-0.5807893367302887,-0.911310674287764,0.9048055324001227,-1.359229812333827,-1.461440576166749,0.9981761410676039,-1.3730106049817663,-0.997471732522988,-1.5989224061049072,0.9841231756854657,0
-0.634918112038349,-1.1099901739376037,-1.179024470547907,-0.7471778191286881,-0.404365943111267,-1.177851894974348,-0.5674373336626071,-1.461440576166749,-0.707102420612748,0.4617277333253637,-0.4814607612315388,0.028124246238143545,-1.0161329645585022,0
-0.8043672005990544,-1.1099901739376037,0.8491410419312149,-0.5669394222405965,-0.911310674287764,0.9048055324001227,-1.359229812333827,-0.8828162337175963,-0.005521280078902488,-1.3730106049817663,-0.997471732522988,-1.102871597463733,-1.0161329645585022,0
-0.9738162891597597,0.9009088760241706,0.8491410419312149,-0.5677606258363365,-0.911310674287764,0.9048055324001227,-1.359229812333827,0.2744324511807092,-0.37813135950118393,-1.3730106049817663,-0.7394662468772634,-0.6465048535138531,0.9841231756854657,0
-0.9738162891597597,-1.1099901739376037,0.8491410419312149,-0.560638263880976,-0.7423290972289317,0.9048055324001227,-1.359229812333827,-0.8828162337175963,-0.811164695045998,-1.3730106049817663,-0.4814607612315388,1.0797519605574324,-1.0161329645585022,0
-0.46546902347764374,-1.1099901739376037,-0.502969299721533,-0.7432771020489229,-0.404365943111267,-1.177851894974348,-0.3298995900612411,-0.3041918912684436,-0.707102420612748,1.035083464046342,-0.7394662468772634,0.46464895784237664,0.9841231756854657,0
-0.9738162891597597,0.9009088760241706,0.8491410419312149,-0.559517005125254,-0.911310674287764,0.9048055324001227,-1.359229812333827,0.853056793629862,-1.1166378232210217,-1.3730106049817663,-0.4814607612315388,0.5043330225336705,-1.0161329645585022,0
-0.8043672005990544,-1.1099901739376037,-0.502969299721533,-0.6605724245317991,-0.5733475201700994,0.9048055324001227,-1.359229812333827,0.853056793629862,1.327147202179168,-1.2583394588375707,-0.7394662468772634,-0.20998014190961997,-1.0161329645585022,1
-0.46546902347764374,0.9009088760241706,-0.502969299721533,-0.6418268732213491,-0.911310674287764,0.9048055324001227,-1.359229812333827,0.2744324511807092,2.6933841600608672,-1.2583394588375707,-0.4814607612315388,0.20670253734896618,-1.0161329645585022,1
-0.2960199349169384,0.9009088760241706,-1.179024470547907,-0.5266214841651301,-0.5733475201700994,0.9048055324001227,-1.359229812333827,0.853056793629862,1.4312094766124175,-1.3730106049817663,-0.7394662468772634,0.12733440796637835,0.9841231756854657,0
-0.634918112038349,0.9009088760241706,-0.502969299721533,-0.633709591524996,-0.404365943111267,0.9048055324001227,-1.359229812333827,-0.8828162337175963,0.6893461653302174,-1.2583394588375707,-0.7394662468772634,0.9606997664835506,-1.0161329645585022,1
-0.8043672005990544,0.9009088760241706,-1.179024470547907,-0.5198781392539573,-0.404365943111267,0.9048055324001227,-1.359229812333827,-0.8828162337175963,0.001192415045823164,-1.3730106049817663,-0.7394662468772634,-0.051243883144444294,0.9841231756854657,0
-0.9738162891597597,0.9009088760241706,0.8491410419312149,-0.7459775984887603,-0.911310674287764,-1.177851894974348,-1.2721326396799926,-0.3041918912684436,0.001192415045823164,-1.0289971665491795,-0.997471732522988,-0.051243883144444294,-1.0161329645585022,1
-1.143265377720465,-1.1099901739376037,-0.502969299721533,-0.5195622917171342,-0.911310674287764,0.9048055324001227,-1.359229812333827,0.853056793629862,1.0787404825643134,-1.3730106049817663,-0.7394662468772634,0.4249648931510827,0.9841231756854657,0
-0.46546902347764374,0.9009088760241706,-0.502969299721533,-0.6039725459331028,-0.7423290972289317,0.9048055324001227,-1.359229812333827,-0.8828162337175963,1.5319149034833046,-1.3730106049817663,-0.997471732522988,-1.678290535487495,-1.0161329645585022,1
-0.634918112038349,0.9009088760241706,-0.502969299721533,-0.4820080195888698,-0.911310674287764,0.9048055324001227,-1.359229812333827,-0.8828162337175963,-1.1804179269059165,-1.3730106049817663,-0.7394662468772634,0.7027533459901402,0.9841231756854657,0
-0.9738162891597597,-1.1099901739376037,-0.502969299721533,-0.48974628424103533,-0.911310674287764,0.9048055324001227,-1.359229812333827,-1.461440576166749,-1.0427871768490378,-1.3730106049817663,-0.4814607612315388,-1.4203441149940845,0.9841231756854657,0
-0.8043672005990544,-1.1099901739376037,0.8491410419312149,-0.49034639456099915,-0.911310674287764,0.9048055324001227,-1.359229812333827,-0.8828162337175963,-1.6705176710108995,-1.3730106049817663,-0.997471732522988,0.26622863438590705,-1.0161329645585022,0
-0.634918112038349,-1.1099901739376037,-1.179024470547907,-0.48804070754219064,0.10257878806523006,0.9048055324001227,-1.359229812333827,0.2744324511807092,-0.005521280078902488,-1.3730106049817663,-0.7394662468772634,0.4448069254967297,0.9841231756854657,0
-0.9738162891597597,0.9009088760241706,-0.502969299721533,-0.7490571119727853,-0.911310674287764,-1.177851894974348,-1.359229812333827,0.853056793629862,0.001192415045823164,-1.2583394588375707,-0.997471732522988,-1.9957630530178463,-1.0161329645585022,1
-0.46546902347764374,-1.1099901739376037,0.8491410419312149,-0.7451879796467026,-0.5733475201700994,-1.177851894974348,-0.5713962960559631,0.2744324511807092,0.665848232393677,0.4617277333253637,-0.4814607612315388,-1.4401861473397315,0.9841231756854657,0
-0.8043672005990544,0.9009088760241706,1.5251962127575889,-0.48969890711051184,-0.404365943111267,0.9048055324001227,-1.359229812333827,1.4316811360790147,-0.12972463988633004,-1.3730106049817663,-0.4814607612315388,0.7424374106814341,0.9841231756854657,0
-0.634918112038349,0.9009088760241706,1.5251962127575889,-0.4889882501526599,-0.7423290972289317,0.9048055324001227,-1.359229812333827,-0.8828162337175963,-1.4254677989584081,-1.3730106049817663,-0.4814607612315388,-0.5671367241312653,-1.0161329645585022,0
-1.143265377720465,0.9009088760241706,-1.179024470547907,-0.5881959614687898,-0.911310674287764,0.9048055324001227,-1.359229812333827,-1.461440576166749,1.8273174889712391,-1.3730106049817663,-0.997471732522988,-1.0830295651180861,-1.0161329645585022,1
-0.9738162891597597,0.9009088760241706,-1.179024470547907,-0.4758963697513432,-0.911310674287764,0.9048055324001227,-1.359229812333827,1.4316811360790147,-1.3751150855229646,-1.3730106049817663,-0.997471732522988,0.5638591195706114,0.9841231756854657,0
-0.9738162891597597,-1.1099901739376037,-0.502969299721533,-0.45072332106654356,-0.911310674287764,0.9048055324001227,-1.359229812333827,-1.461440576166749,-0.4654093961226198,-1.3730106049817663,-0.7394662468772634,0.5837011519162584,0.9841231756854657,0
-0.634918112038349,0.9009088760241706,-0.502969299721533,-0.45234993588118244,-0.7423290972289317,0.9048055324001227,-1.359229812333827,1.4316811360790147,0.7229146409538463,-1.3730106049817663,-0.997471732522988,-0.051243883144444294,0.9841231756854657,0
-0.8043672005990544,0.9009088760241706,-0.502969299721533,-0.4325462953223752,-0.5733475201700994,0.9048055324001227,-1.359229812333827,-0.8828162337175963,-1.173704231781191,-1.3730106049817663,-0.7394662468772634,0.5241750548793175,-1.0161329645585022,0
-0.46546902347764374,-1.1099901739376037,0.8491410419312149,-0.7506995191642654,-0.911310674287764,-1.177851894974348,-0.8841543251310949,-0.3041918912684436,-0.08944246913797492,-0.2262991435398101,-0.7394662468772634,1.1789621222856672,-1.0161329645585022,0
-1.143265377720465,-1.1099901739376037,-1.179024470547907,-0.3891804285165661,-0.911310674287764,0.9048055324001227,-1.359229812333827,1.4316811360790147,-1.1804179269059165,-1.3730106049817663,-0.7394662468772634,0.18686050500331922,-1.0161329645585022,0
-0.634918112038349,0.9009088760241706,-0.502969299721533,-0.3972977102129193,-0.7423290972289317,0.9048055324001227,-1.359229812333827,-0.8828162337175963,-1.2106295549671826,-1.3730106049817663,-0.7394662468772634,-1.6981325678331418,-1.0161329645585022,0
-0.8043672005990544,-1.1099901739376037,1.5251962127575889,-0.4000139990295978,-0.911310674287764,0.9048055324001227,-1.359229812333827,-0.8828162337175963,1.092167872813765,-1.3730106049817663,-0.997471732522988,-1.7576586648700827,0.9841231756854657,0
-0.46546902347764374,-1.1099901739376037,0.8491410419312149,-0.47370122937042275,-0.911310674287764,0.9048055324001227,-1.359229812333827,-1.461440576166749,1.5319149034833046,-1.3730106049817663,-0.997471732522988,-1.4798702120310254,-1.0161329645585022,1
-0.9738162891597597,0.9009088760241706,1.5251962127575889,-0.33216994811999984,-0.7423290972289317,0.9048055324001227,-1.359229812333827,-0.8828162337175963,-1.2475548781531747,-1.3730106049817663,-0.997471732522988,-1.12271362980938,0.9841231756854657,0
-1.143265377720465,0.9009088760241706,0.8491410419312149,-0.45028113451499124,-0.5733475201700994,0.9048055324001227,-1.359229812333827,0.853056793629862,1.5352717510456675,-1.3730106049817663,-0.4814607612315388,0.32575473142284794,-1.0161329645585022,1
-0.46546902347764374,-1.1099901739376037,-0.502969299721533,-0.3214943013753797,-0.911310674287764,0.9048055324001227,-1.359229812333827,-0.8828162337175963,-1.1233515183457474,-1.3730106049817663,-0.7394662468772634,-0.9044512740072636,0.9841231756854657,0
-1.143265377720465,0.9009088760241706,1.5251962127575889,-0.3056545474037021,-0.911310674287764,0.9048055324001227,-1.359229812333827,-0.8828162337175963,0.8336906105118219,-1.3730106049817663,-0.7394662468772634,-0.30919030363785477,-1.0161329645585022,0
-0.2960199349169384,0.9009088760241706,-1.179024470547907,-0.7491360738569911,-0.23538436605243465,-1.177851894974348,-0.17154109432699713,0.853056793629862,0.7464125738903866,1.379096902478929,-0.7394662468772634,-0.8647672093159696,0.9841231756854657,0
-0.9738162891597597,-1.1099901739376037,-0.502969299721533,-0.7481411541159985,-0.911310674287764,-1.177851894974348,-0.8208109268373974,-1.461440576166749,0.16232109803924238,0.003043148748581378,-0.4814607612315388,-0.36871640067479566,0.9841231756854657,0
-0.2960199349169384,0.9009088760241706,-0.502969299721533,-0.2947893921369881,-0.5733475201700994,0.9048055324001227,-1.359229812333827,0.853056793629862,-1.8752853723150364,-1.3730106049817663,-0.7394662468772634,0.7027533459901402,-1.0161329645585022,0
-0.8043672005990544,0.9009088760241706,1.5251962127575889,-0.27937603234002173,-0.911310674287764,0.9048055324001227,-1.359229812333827,-1.461440576166749,-1.2979075915886182,-1.3730106049817663,-0.997471732522988,1.2186461869769611,0.9841231756854657,0
-0.2960199349169384,0.9009088760241706,-1.179024470547907,-0.22299724701710166,-0.404365943111267,0.9048055324001227,-1.359229812333827,0.853056793629862,0.23617174441122635,-1.3730106049817663,-0.7394662468772634,0.9805417988291976,0.9841231756854657,0
-0.9738162891597597,-1.1099901739376037,-0.502969299721533,-0.18103690175015527,-0.911310674287764,0.9048055324001227,-1.359229812333827,-0.8828162337175963,0.16232109803924238,-1.487681751125962,-0.997471732522988,-0.5274526594399713,0.9841231756854657,0
-0.9738162891597597,-1.1099901739376037,-0.502969299721533,-0.15104717812880367,-0.911310674287764,0.9048055324001227,-1.359229812333827,-0.8828162337175963,0.0851136041048956,-1.487681751125962,-0.7394662468772634,0.4448069254967297,-1.0161329645585022,0
-0.2960199349169384,0.9009088760241706,-1.179024470547907,-0.03876337878819811,-0.06640278899360229,0.9048055324001227,-1.359229812333827,-1.461440576166749,-0.0860856215756121,-1.487681751125962,-0.7394662468772634,0.5241750548793175,-1.0161329645585022,0
-1.143265377720465,0.9009088760241706,-0.502969299721533,-0.7505415953958539,-0.911310674287764,0.21058638994196582,-0.8841543251310949,1.4316811360790147,-1.173704231781191,-0.2262991435398101,-0.4814607612315388,-0.011559818453150373,0.9841231756854657,0
-0.8043672005990544,0.9009088760241706,1.5251962127575889,0.06436084198453806,-0.7423290972289317,0.9048055324001227,-1.359229812333827,0.2744324511807092,-1.2475548781531747,-1.487681751125962,-0.7394662468772634,1.298014316359549,-1.0161329645585022,0
-0.634918112038349,0.9009088760241706,-0.502969299721533,0.08369071123811066,-0.911310674287764,0.9048055324001227,-1.359229812333827,-1.461440576166749,-0.811164695045998,-1.487681751125962,-0.997471732522988,0.8416475724096689,0.9841231756854657,0
-0.9738162891597597,-1.1099901739376037,0.8491410419312149,0.11938148289911889,-0.911310674287764,0.9048055324001227,-1.359229812333827,-0.8828162337175963,-1.0495008719737637,-1.487681751125962,-0.7394662468772634,0.008282213892496587,0.9841231756854657,0
-0.46546902347764374,0.9009088760241706,-0.502969299721533,-0.7425032755837064,-0.7423290972289317,-1.177851894974348,-0.3774071387815143,0.2744324511807092,0.23617174441122635,0.9204123179021463,-0.4814607612315388,1.1194360252487263,-1.0161329645585022,1
-0.8043672005990544,-1.1099901739376037,1.5251962127575889,0.18010317185335636,-0.911310674287764,0.9048055324001227,-1.359229812333827,0.853056793629862,0.7464125738903866,-1.487681751125962,-0.7394662468772634,1.0202258635204915,0.9841231756854657,0
-0.634918112038349,0.9009088760241706,1.5251962127575889,0.4036442660398924,0.10257878806523006,0.9048055324001227,-1.359229812333827,0.853056793629862,1.0015329886299666,-1.487681751125962,-0.4814607612315388,0.9011736694466097,0.9841231756854657,0
-1.143265377720465,-1.1099901739376037,0.8491410419312149,-0.7380972024450244,-0.911310674287764,-1.177851894974348,-0.5674373336626071,0.2744324511807092,1.159304824061023,0.4617277333253637,-0.4814607612315388,-3.7617039317804255,-1.0161329645585022,1
-0.2960199349169384,0.9009088760241706,1.5251962127575889,0.5717699098908188,-0.06640278899360229,0.9048055324001227,-1.359229812333827,-0.3041918912684436,-0.21700267650776528,-1.487681751125962,-0.7394662468772634,-0.4877685947486774,0.9841231756854657,0
-0.8043672005990544,0.9009088760241706,-1.179024470547907,-0.5277269505440109,-0.911310674287764,0.9048055324001227,-1.3473529251537586,-1.461440576166749,0.001192415045823164,-1.3730106049817663,-0.7394662468772634,-0.07108591549009124,0.9841231756854657,0
-0.8043672005990544,0.9009088760241706,-1.179024470547907,-0.7411451311753672,-0.911310674287764,0.21058638994196582,-0.5674373336626071,1.4316811360790147,-1.0092187012254088,0.4617277333253637,-0.7394662468772634,-1.658448503141848,-1.0161329645585022,0
-0.8043672005990544,-1.1099901739376037,1.5251962127575889,-0.9768937326601154,-0.7423290972289317,0.9048055324001227,-1.3433939627604023,-0.8828162337175963,0.3301634761573873,-0.9143260204049839,-0.4814607612315388,0.4448069254967297,-1.0161329645585022,0
-0.46546902347764374,0.9009088760241706,-0.502969299721533,-0.5867114780457214,-0.23538436605243465,0.9048055324001227,-1.3433939627604023,-1.461440576166749,-1.4254677989584081,-1.2583394588375707,-0.997471732522988,0.3654387961141419,-1.0161329645585022,0
-0.8043672005990544,0.9009088760241706,-1.179024470547907,0.2133461251039857,-0.911310674287764,0.9048055324001227,-1.3354760379736903,1.4316811360790147,-0.018948670328354386,-1.487681751125962,-0.997471732522988,0.4249648931510827,0.9841231756854657,0
-0.634918112038349,0.9009088760241706,-0.502969299721533,-1.0613355716297663,-0.7423290972289317,0.9048055324001227,-1.327558113186978,1.4316811360790147,-1.2475548781531747,-0.570312581972397,-0.4814607612315388,0.9011736694466097,-1.0161329645585022,0
-0.634918112038349,0.9009088760241706,1.5251962127575889,-0.7382867109671183,0.10257878806523006,-1.177851894974348,-1.359229812333827,0.2744324511807092,0.5114332445249834,-1.2583394588375707,-0.997471732522988,0.7424374106814341,-1.0161329645585022,0
-0.8043672005990544,0.9009088760241706,0.8491410419312149,-1.037331158831212,-0.911310674287764,0.9048055324001227,-1.327558113186978,-0.8828162337175963,-1.3751150855229646,-0.6849837281165926,-0.7394662468772634,0.5638591195706114,0.9841231756854657,0
-1.143265377720465,0.9009088760241706,0.8491410419312149,-0.7333594893926783,-0.911310674287764,-1.177851894974348,-1.2008713165995828,-0.8828162337175963,-1.3482603050240614,-0.9143260204049839,-0.7394662468772634,-0.5671367241312653,-1.0161329645585022,1
-0.634918112038349,0.9009088760241706,0.8491410419312149,-0.9993347001513954,-0.7423290972289317,0.9048055324001227,-1.327558113186978,0.2744324511807092,0.2965950005337584,-0.7996548742607882,-0.997471732522988,-0.17029607721832604,-1.0161329645585022,0
-0.9738162891597597,-1.1099901739376037,1.5251962127575889,-0.9729456384498268,-0.911310674287764,0.9048055324001227,-1.327558113186978,0.853056793629862,-0.21364582894540246,-0.7996548742607882,-0.997471732522988,1.0797519605574324,0.9841231756854657,0
-0.9738162891597597,0.9009088760241706,0.8491410419312149,-0.7393290078386344,-0.911310674287764,-1.177851894974348,-1.042512820865339,1.4316811360790147,-0.901799579229796,-0.570312581972397,-0.7394662468772634,-2.3926036999307856,0.9841231756854657,0
-0.634918112038349,0.9009088760241706,1.5251962127575889,-0.9763883766011985,-0.911310674287764,0.9048055324001227,-1.327558113186978,0.2744324511807092,-1.2475548781531747,-0.7996548742607882,-0.4814607612315388,-1.3211339532658497,0.9841231756854657,0
-1.143265377720465,0.9009088760241706,-0.502969299721533,-0.9741616514665957,-0.911310674287764,0.9048055324001227,-1.327558113186978,-1.461440576166749,-1.2979075915886182,-0.7996548742607882,-0.7394662468772634,-0.011559818453150373,0.9841231756854657,0
-0.8043672005990544,-1.1099901739376037,0.8491410419312149,-0.9520839086426623,-0.911310674287764,0.9048055324001227,-1.327558113186978,1.4316811360790147,1.3103629643673533,-0.9143260204049839,-0.4814607612315388,-0.13061201252703214,-1.0161329645585022,1
-0.9738162891597597,-1.1099901739376037,0.8491410419312149,-0.7367390580366852,-0.5733475201700994,0.21058638994196582,-0.3298995900612411,-0.8828162337175963,0.001192415045823164,1.035083464046342,-0.4814607612315388,-1.7576586648700827,-1.0161329645585022,0
-1.143265377720465,0.9009088760241706,-0.502969299721533,-0.9454511103693776,-0.911310674287764,0.9048055324001227,-1.327558113186978,-0.8828162337175963,-1.1804179269059165,-0.9143260204049839,-0.7394662468772634,0.5241750548793175,0.9841231756854657,0
-0.46546902347764374,-1.1099901739376037,-1.179024470547907,-0.9316169882565266,-0.7423290972289317,0.9048055324001227,-1.327558113186978,0.2744324511807092,-0.21028898138303903,-0.9143260204049839,-0.997471732522988,-0.051243883144444294,-1.0161329645585022,0
-0.634918112038349,-1.1099901739376037,0.8491410419312149,-0.9061754691654273,-0.5733475201700994,0.9048055324001227,-1.327558113186978,-0.8828162337175963,0.2965950005337584,-1.0289971665491795,-0.4814607612315388,-0.40840046536608954,0.9841231756854657,0
-1.143265377720465,0.9009088760241706,1.5251962127575889,-0.7359178544409452,-0.911310674287764,-1.177851894974348,0.0026532509806712224,0.2744324511807092,0.8336906105118219,1.7231103409115156,-0.997471732522988,0.3654387961141419,-1.0161329645585022,0
-0.8043672005990544,0.9009088760241706,0.8491410419312149,-0.8608829323849975,-0.911310674287764,0.9048055324001227,-1.327558113186978,-0.8828162337175963,2.431550050196561,-1.0289971665491795,-0.4814607612315388,-0.9441353386985575,-1.0161329645585022,1
-0.8043672005990544,0.9009088760241706,0.8491410419312149,-0.7394553468533637,-0.911310674287764,0.21058638994196582,-0.7257958293968509,-0.8828162337175963,-0.11965409719924096,0.1177142948927768,-0.4814607612315388,0.06780831092943747,-1.0161329645585022,0
-0.8043672005990544,0.9009088760241706,0.8491410419312149,-0.7354282907588694,-0.7423290972289317,0.21058638994196582,-0.5040939353689095,1.4316811360790147,-1.0427871768490378,0.5763988794695595,-0.997471732522988,0.286070666731554,-1.0161329645585022,0
-0.8043672005990544,-1.1099901739376037,-1.179024470547907,-0.8554977318821639,-0.7423290972289317,0.9048055324001227,-1.327558113186978,0.2744324511807092,-1.0427871768490378,-1.0289971665491795,-0.997471732522988,-1.2219237915376149,0.9841231756854657,0
-0.9738162891597597,0.9009088760241706,0.8491410419312149,-0.8328198787382667,-0.911310674287764,0.9048055324001227,-1.327558113186978,0.2744324511807092,-1.6839450612603513,-1.143668312693375,-0.997471732522988,-0.011559818453150373,0.9841231756854657,0
-0.9738162891597597,-1.1099901739376037,-1.179024470547907,-0.7372602064724433,-0.911310674287764,0.21058638994196582,-0.7574675285436998,0.2744324511807092,0.3301634761573873,0.003043148748581378,-0.997471732522988,-0.07108591549009124,-1.0161329645585022,0
-0.8043672005990544,0.9009088760241706,-1.179024470547907,-0.7333594893926783,-0.911310674287764,-1.177851894974348,-1.359229812333827,-0.3041918912684436,1.6729025011025462,-1.2583394588375707,-0.7394662468772634,0.10749237562073138,-1.0161329645585022,1
-0.8043672005990544,0.9009088760241706,0.8491410419312149,-0.7455038271835257,-0.404365943111267,0.9048055324001227,-1.327558113186978,-1.461440576166749,1.1223795008750308,-1.143668312693375,-0.4814607612315388,0.7424374106814341,-1.0161329645585022,1
-0.9738162891597597,-1.1099901739376037,1.5251962127575889,-0.7267108987425523,-0.911310674287764,0.9048055324001227,-1.327558113186978,1.4316811360790147,0.6893461653302174,-1.143668312693375,-0.997471732522988,0.2463866020402601,0.9841231756854657,0
-0.9738162891597597,-1.1099901739376037,1.5251962127575889,-0.7102552420740698,-0.911310674287764,0.9048055324001227,-1.327558113186978,0.2744324511807092,0.5651428055227898,-1.2583394588375707,-0.7394662468772634,0.782121475372728,-1.0161329645585022,0
-0.9738162891597597,-1.1099901739376037,-0.502969299721533,-0.7310064252433462,-0.5733475201700994,0.21058638994196582,0.19268344586176397,1.4316811360790147,-0.08944246913797492,2.0671237793441026,-0.7394662468772634,-0.011559818453150373,0.9841231756854657,0
-1.143265377720465,0.9009088760241706,-1.179024470547907,-0.6700478506364915,-0.911310674287764,0.9048055324001227,-1.327558113186978,-0.8828162337175963,-0.4654093961226198,-1.2583394588375707,-0.7394662468772634,0.305912699077201,0.9841231756854657,0
-0.2960199349169384,-1.1099901739376037,1.5251962127575889,-0.7306589929528409,-0.911310674287764,-1.177851894974348,-1.042512820865339,-1.461440576166749,-1.7510820125076092,-0.570312581972397,-0.7394662468772634,-1.3608180179571436,0.9841231756854657,0
-0.9738162891597597,0.9009088760241706,-1.179024470547907,-0.7299167512413066,-0.23538436605243465,0.21058638994196582,-0.2903099661276801,0.2744324511807092,-0.21364582894540246,1.035083464046342,-0.7394662468772634,-1.2417658238832618,0.9841231756854657,0
-0.2960199349169384,0.9009088760241706,0.8491410419312149,-0.6703321134196323,-0.404365943111267,0.9048055324001227,-1.327558113186978,1.4316811360790147,-0.29085332287974863,-1.2583394588375707,-0.4814607612315388,-1.0235034680811452,0.9841231756854657,0
-0.9738162891597597,0.9009088760241706,1.5251962127575889,-0.6537817024901028,-0.404365943111267,0.9048055324001227,-1.327558113186978,0.853056793629862,0.4040141225293712,-1.2583394588375707,-0.4814607612315388,0.16701847265767225,0.9841231756854657,0
-0.8043672005990544,-1.1099901739376037,-0.502969299721533,-0.6512075450649947,-0.7423290972289317,0.9048055324001227,-1.327558113186978,-0.8828162337175963,-0.7138161157374736,-1.2583394588375707,-0.997471732522988,0.7225953783357871,0.9841231756854657,0
-0.634918112038349,-1.1099901739376037,-0.502969299721533,-0.6276926959485163,-0.404365943111267,0.9048055324001227,-1.327558113186978,0.2744324511807092,0.7061304031420315,-1.2583394588375707,-0.997471732522988,-0.8846092416616166,0.9841231756854657,0
-0.8043672005990544,-1.1099901739376037,1.5251962127575889,-0.7330436418558551,-0.7423290972289317,-1.177851894974348,-0.8841543251310949,-0.8828162337175963,-0.4654093961226198,-0.2262991435398101,-0.997471732522988,0.6233852166075523,0.9841231756854657,0
-0.9738162891597597,0.9009088760241706,0.8491410419312149,-0.7336121674221366,-0.7423290972289317,0.21058638994196582,-0.5674373336626071,0.2744324511807092,-1.4993184453303918,0.4617277333253637,-0.4814607612315388,0.0479662785837905,0.9841231756854657,0
-0.8043672005990544,0.9009088760241706,0.8491410419312149,-0.6141744213724883,-0.7423290972289317,0.9048055324001227,-1.327558113186978,-0.8828162337175963,-0.901799579229796,-1.2583394588375707,-0.997471732522988,-1.9362369559809054,0.9841231756854657,0
-1.143265377720465,0.9009088760241706,-0.502969299721533,-0.5979872351103054,-0.911310674287764,0.9048055324001227,-1.327558113186978,-0.3041918912684436,0.5651428055227898,-1.2583394588375707,-0.4814607612315388,-1.0631875327724392,-1.0161329645585022,1
-0.2960199349169384,-1.1099901739376037,1.5251962127575889,-0.6010825409711716,-0.23538436605243465,0.9048055324001227,-1.327558113186978,1.4316811360790147,-0.3680608168140954,-1.2583394588375707,-0.7394662468772634,-0.3488743683291487,0.9841231756854657,0
-0.9738162891597597,-1.1099901739376037,0.8491410419312149,-0.5899173305444757,-0.911310674287764,0.9048055324001227,-1.327558113186978,0.2744324511807092,2.780662196682302,-1.2583394588375707,-0.4814607612315388,0.06780831092943747,-1.0161329645585022,1
-0.9738162891597597,0.9009088760241706,1.5251962127575889,-0.7034645200323736,-0.911310674287764,0.9048055324001227,-1.327558113186978,-0.3041918912684436,1.575553921794022,-1.2583394588375707,-0.4814607612315388,-1.4997122443766724,-1.0161329645585022,1
-0.2960199349169384,-1.1099901739376037,-1.179024470547907,-0.7323803620285266,-0.5733475201700994,-1.177851894974348,-1.038553858471983,0.853056793629862,1.6594751108530943,-0.570312581972397,-0.997471732522988,-1.5195542767223194,0.9841231756854657,0
-0.8043672005990544,0.9009088760241706,0.8491410419312149,-0.5649653751354522,-0.911310674287764,0.9048055324001227,-1.327558113186978,-1.461440576166749,1.0015329886299666,-1.2583394588375707,-0.4814607612315388,-1.2616078562289088,0.9841231756854657,0
-0.634918112038349,0.9009088760241706,0.8491410419312149,-0.5620911625503622,-0.911310674287764,0.9048055324001227,-1.327558113186978,-0.8828162337175963,0.16232109803924238,-1.2583394588375707,-0.997471732522988,0.7424374106814341,-1.0161329645585022,0
-0.8043672005990544,0.9009088760241706,-0.502969299721533,-0.559311704226319,-0.5733475201700994,0.9048055324001227,-1.327558113186978,0.2744324511807092,-0.21364582894540246,-1.2583394588375707,-0.7394662468772634,0.7225953783357871,0.9841231756854657,0
-1.143265377720465,-1.1099901739376037,1.5251962127575889,-0.4857508129002233,-0.7423290972289317,0.9048055324001227,-1.327558113186978,1.4316811360790147,1.5352717510456675,-1.3730106049817663,-0.4814607612315388,0.38528082845978884,0.9841231756854657,0
-0.9738162891597597,-1.1099901739376037,-0.502969299721533,-0.6026775710321282,-0.911310674287764,0.9048055324001227,-1.327558113186978,-0.3041918912684436,1.2096575374964662,-1.2583394588375707,-0.4814607612315388,-2.4719718293133734,-1.0161329645585022,1
-0.46546902347764374,0.9009088760241706,-1.179024470547907,-0.49326798427661267,-0.23538436605243465,0.9048055324001227,-1.327558113186978,0.853056793629862,-1.0092187012254088,-1.3730106049817663,-0.4814607612315388,0.305912699077201,-1.0161329645585022,0
-0.46546902347764374,0.9009088760241706,-1.179024470547907,-0.429656290360444,-0.404365943111267,0.9048055324001227,-1.327558113186978,0.2744324511807092,-0.8447331706696268,-1.3730106049817663,-0.997471732522988,-0.40840046536608954,-1.0161329645585022,0
-0.46546902347764374,-1.1099901739376037,1.5251962127575889,-0.43136186705928864,-0.5733475201700994,0.9048055324001227,-1.327558113186978,1.4316811360790147,-0.3680608168140954,-1.3730106049817663,-0.4814607612315388,-0.4282424977117365,0.9841231756854657,0
-0.634918112038349,-1.1099901739376037,-1.179024470547907,-0.729648280835007,-0.7423290972289317,-1.177851894974348,0.06599664927436881,-0.8828162337175963,0.001192415045823164,1.8377814870557112,-0.997471732522988,-0.2893482712922078,0.9841231756854657,0
-0.634918112038349,-1.1099901739376037,0.8491410419312149,-0.7336121674221366,-0.404365943111267,0.21058638994196582,-0.01714156098610927,0.2744324511807092,-0.6936750303632967,1.6084391947673204,-0.7394662468772634,0.821805540064022,-1.0161329645585022,0
-0.9738162891597597,-1.1099901739376037,-0.502969299721533,-0.39938230395595165,-0.911310674287764,0.9048055324001227,-1.327558113186978,0.2744324511807092,0.561785957960427,-1.3730106049817663,-0.7394662468772634,0.7027533459901402,-1.0161329645585022,0
-0.8043672005990544,-1.1099901739376037,1.5251962127575889,-0.5125978535301853,-0.5733475201700994,0.9048055324001227,-1.327558113186978,-1.461440576166749,1.6594751108530943,-1.2583394588375707,-0.997471732522988,0.6630692812988462,-1.0161329645585022,1
-0.46546902347764374,-1.1099901739376037,-0.502969299721533,-0.3340176562104149,-0.911310674287764,0.9048055324001227,-1.327558113186978,-0.8828162337175963,0.561785957960427,-1.3730106049817663,-0.4814607612315388,-0.03140185079879733,-1.0161329645585022,0
-0.9738162891597597,0.9009088760241706,0.8491410419312149,-0.7362968714851329,-0.7423290972289317,-1.177851894974348,0.38271364074285674,-0.8828162337175963,0.001192415045823164,2.525808363920885,-0.7394662468772634,0.06780831092943747,-1.0161329645585022,1
-0.9738162891597597,-1.1099901739376037,-0.502969299721533,-0.7325856629274616,-0.7423290972289317,-1.177851894974348,-0.7257958293968509,-1.461440576166749,0.3939435798422821,0.1177142948927768,-0.4814607612315388,-2.273551505856904,0.9841231756854657,0
-0.46546902347764374,0.9009088760241706,0.8491410419312149,-0.2053097849550091,-0.911310674287764,0.9048055324001227,-1.327558113186978,-1.461440576166749,0.19253272610050842,-1.3730106049817663,-0.4814607612315388,-0.5274526594399713,0.9841231756854657,0
-0.8043672005990544,0.9009088760241706,0.8491410419312149,-0.14908892340050053,-0.911310674287764,0.9048055324001227,-1.327558113186978,-0.8828162337175963,1.417782086362966,-1.3730106049817663,-0.4814607612315388,0.286070666731554,0.9841231756854657,0
-0.8043672005990544,0.9009088760241706,-0.502969299721533,-0.13358080934248723,-0.911310674287764,0.9048055324001227,-1.327558113186978,0.853056793629862,0.23617174441122635,-1.3730106049817663,-0.4814607612315388,0.6432272489531993,0.9841231756854657,0
-0.634918112038349,0.9009088760241706,-1.179024470547907,-0.7327751714495555,-0.911310674287764,-1.177851894974348,-0.3298995900612411,-1.461440576166749,-0.2069321338206762,0.9204123179021463,-0.997471732522988,0.4448069254967297,0.9841231756854657,0
-0.46546902347764374,0.9009088760241706,0.8491410419312149,-0.11096612570595459,0.2715603651240624,0.9048055324001227,-1.327558113186978,0.2744324511807092,-1.1233515183457474,-1.3730106049817663,-0.7394662468772634,0.6829113136444932,0.9841231756854657,0
-0.8043672005990544,0.9009088760241706,-0.502969299721533,-0.10498081488315719,-0.911310674287764,0.9048055324001227,-1.327558113186978,-1.461440576166749,0.001192415045823164,-1.3730106049817663,-0.7394662468772634,-0.3488743683291487,0.9841231756854657,0
-0.9738162891597597,0.9009088760241706,0.8491410419312149,0.6560854098457405,-0.911310674287764,0.9048055324001227,-1.327558113186978,0.2744324511807092,-0.811164695045998,-1.487681751125962,-0.997471732522988,-2.1743413441286688,-1.0161329645585022,0
-0.634918112038349,0.9009088760241706,-1.179024470547907,-1.0626305465307408,-0.404365943111267,0.9048055324001227,-1.3117222636135537,-0.8828162337175963,0.5785701957722418,-0.45564143582820127,-0.997471732522988,-2.4521297969677263,-1.0161329645585022,1
-0.2960199349169384,0.9009088760241706,-1.179024470547907,-0.4680475584612896,-0.23538436605243465,0.9048055324001227,-1.3117222636135537,0.2744324511807092,-1.0427871768490378,-1.2583394588375707,-0.4814607612315388,-0.07108591549009124,0.9841231756854657,0
-0.634918112038349,0.9009088760241706,0.8491410419312149,-0.3915177002890569,-0.23538436605243465,0.9048055324001227,-1.3117222636135537,0.2744324511807092,0.8739727812601764,-1.3730106049817663,-0.4814607612315388,-3.087074832028429,0.9841231756854657,0
-0.2960199349169384,0.9009088760241706,1.5251962127575889,-0.29815316840415396,-0.23538436605243465,0.9048055324001227,-1.3117222636135537,1.4316811360790147,-1.3482603050240614,-1.3730106049817663,-0.7394662468772634,0.9210157017922567,-1.0161329645585022,0
-0.9738162891597597,0.9009088760241706,1.5251962127575889,-0.2240079591349355,-0.7423290972289317,0.9048055324001227,-1.3117222636135537,-1.461440576166749,1.0955247203761276,-1.3730106049817663,-0.997471732522988,1.337698381050843,-1.0161329645585022,1
-0.46546902347764374,-1.1099901739376037,-0.502969299721533,-0.7350334813378405,-0.7423290972289317,-0.4836327525161911,-0.2507203421941191,0.2744324511807092,1.357358830240434,1.1497546101905376,-0.997471732522988,-1.0631875327724392,-1.0161329645585022,1
-0.634918112038349,0.9009088760241706,0.8491410419312149,-0.03817906084507541,-0.7423290972289317,0.9048055324001227,-1.3117222636135537,-0.3041918912684436,0.8336906105118219,-1.3730106049817663,-0.7394662468772634,-0.6663468858595001,-1.0161329645585022,1
-0.46546902347764374,0.9009088760241706,-1.179024470547907,0.436192354709511,-0.911310674287764,0.9048055324001227,-1.3117222636135537,1.4316811360790147,-0.1397951825734185,-1.487681751125962,-0.4814607612315388,0.40512286080543575,0.9841231756854657,0
-0.46546902347764374,0.9009088760241706,-0.502969299721533,-0.7940653859700745,-0.06640278899360229,0.9048055324001227,-1.3077633012201975,-0.8828162337175963,0.8336906105118219,-1.143668312693375,-0.997471732522988,1.337698381050843,-1.0161329645585022,1
-0.634918112038349,0.9009088760241706,-0.502969299721533,-0.7559741730292109,-0.5733475201700994,0.9048055324001227,-1.3077633012201975,0.2744324511807092,0.6255660616453219,-1.143668312693375,-0.4814607612315388,0.7225953783357871,-1.0161329645585022,1
-0.634918112038349,-1.1099901739376037,-0.502969299721533,-0.40622040312817137,-0.911310674287764,0.9048055324001227,-1.3077633012201975,0.853056793629862,-0.33784918875282943,-1.3730106049817663,-0.4814607612315388,-0.9838194033898514,-1.0161329645585022,1
-0.2960199349169384,-1.1099901739376037,-1.179024470547907,-0.7257001866247185,-0.06640278899360229,-1.177851894974348,-1.0821024447988998,-1.461440576166749,-0.46205254856025635,-0.6849837281165926,-0.997471732522988,-1.5989224061049072,0.9841231756854657,0
-0.46546902347764374,0.9009088760241706,-1.179024470547907,-0.27206416186256743,-0.911310674287764,0.9048055324001227,-1.3077633012201975,1.4316811360790147,1.2700807936189982,-1.3730106049817663,-0.7394662468772634,0.7225953783357871,0.9841231756854657,0
-1.143265377720465,-1.1099901739376037,0.8491410419312149,-0.808262732750272,-0.911310674287764,0.9048055324001227,-1.3038043388268414,1.4316811360790147,-0.34120603631519225,-1.0289971665491795,-0.997471732522988,0.16701847265767225,0.9841231756854657,0
-0.46546902347764374,0.9009088760241706,0.8491410419312149,-0.45523994084311364,-0.404365943111267,0.9048055324001227,-1.3038043388268414,-1.461440576166749,-1.8752853723150364,-1.2583394588375707,-0.997471732522988,-0.8250831446246757,0.9841231756854657,0
-0.9738162891597597,-1.1099901739376037,-1.179024470547907,0.07538392101966361,-0.7423290972289317,0.9048055324001227,-1.3038043388268414,-1.461440576166749,0.561785957960427,-1.3730106049817663,-0.7394662468772634,-0.9838194033898514,0.9841231756854657,0
-0.634918112038349,-1.1099901739376037,-1.179024470547907,-1.057213761274225,-0.5733475201700994,0.9048055324001227,-1.2958864140401292,1.4316811360790147,-0.059230841076708896,-0.34097028968400567,-0.4814607612315388,0.4448069254967297,-1.0161329645585022,0
-0.9738162891597597,0.9009088760241706,1.5251962127575889,-0.727800572744592,-0.911310674287764,-1.177851894974348,-0.9277029114580121,0.2744324511807092,0.5651428055227898,-0.34097028968400567,-0.997471732522988,0.5440170872249644,-1.0161329645585022,0
-0.8043672005990544,-1.1099901739376037,-0.502969299721533,-0.9654442594502787,-0.404365943111267,0.9048055324001227,-1.2958864140401292,-1.461440576166749,1.5486991412951188,-0.7996548742607882,-0.7394662468772634,-1.4798702120310254,-1.0161329645585022,1
-0.8043672005990544,0.9009088760241706,-0.502969299721533,-0.7304536920539059,-0.23538436605243465,-1.177851894974348,-1.212748203779651,1.4316811360790147,0.001192415045823164,-0.9143260204049839,-0.7394662468772634,-0.03140185079879733,0.9841231756854657,0
-0.634918112038349,-1.1099901739376037,1.5251962127575889,-0.731796044085404,-0.911310674287764,-1.177851894974348,-0.2507203421941191,0.853056793629862,-1.2475548781531747,1.1497546101905376,-0.7394662468772634,-0.24966420660091387,0.9841231756854657,0
-0.634918112038349,-1.1099901739376037,0.8491410419312149,-0.7223364103575527,-0.7423290972289317,-1.177851894974348,-0.6980830926433583,-1.461440576166749,-0.005521280078902488,0.1177142948927768,-0.4814607612315388,0.18686050500331922,0.9841231756854657,0
-0.46546902347764374,0.9009088760241706,0.8491410419312149,-0.7241525336942853,-0.06640278899360229,-1.177851894974348,-0.09236184645987515,-0.8828162337175963,-1.1804179269059165,1.379096902478929,-0.4814607612315388,-0.9242933063529105,0.9841231756854657,0
-0.634918112038349,-1.1099901739376037,1.5251962127575889,-0.6798549166548482,-0.911310674287764,0.9048055324001227,-1.2958864140401292,0.2744324511807092,1.5486991412951188,-1.143668312693375,-0.4814607612315388,0.0479662785837905,-1.0161329645585022,1
-0.46546902347764374,0.9009088760241706,-1.179024470547907,-0.6707585075943434,-0.911310674287764,0.9048055324001227,-1.2958864140401292,0.2744324511807092,0.7061304031420315,-1.143668312693375,-0.997471732522988,-1.5989224061049072,0.9841231756854657,0
-0.8043672005990544,-1.1099901739376037,-1.179024470547907,-0.7217836771681123,-0.911310674287764,-1.177851894974348,-0.5199297849423339,-0.8828162337175963,0.001192415045823164,0.4617277333253637,-0.7394662468772634,-0.011559818453150373,0.9841231756854657,0
-0.9738162891597597,0.9009088760241706,-0.502969299721533,-0.6250711613928847,-0.911310674287764,0.9048055324001227,-1.2958864140401292,0.2744324511807092,1.0955247203761276,-1.2583394588375707,-0.4814607612315388,0.9805417988291976,0.9841231756854657,0
-0.2960199349169384,-1.1099901739376037,0.8491410419312149,-0.4857034357696999,-0.5733475201700994,0.9048055324001227,-1.2958864140401292,0.2744324511807092,-1.0964967378468442,-1.2583394588375707,-0.7394662468772634,1.0599099282117854,0.9841231756854657,0
-0.2960199349169384,0.9009088760241706,0.8491410419312149,-0.48750376672959145,-0.23538436605243465,0.9048055324001227,-1.2958864140401292,1.4316811360790147,0.2865244578466693,-1.2583394588375707,-0.4814607612315388,-0.4282424977117365,0.9841231756854657,0
-1.143265377720465,-1.1099901739376037,-0.502969299721533,-0.718783125568293,-0.911310674287764,-0.4836327525161911,-0.963333572998217,0.2744324511807092,1.1458774338115711,-0.45564143582820127,-0.4814607612315388,-0.22982217425526694,-1.0161329645585022,1
-0.2960199349169384,-1.1099901739376037,0.8491410419312149,-0.5712191563645492,-0.5733475201700994,0.9048055324001227,-1.2958864140401292,-1.461440576166749,0.16232109803924238,-1.2583394588375707,-0.4814607612315388,0.3455967637684949,-1.0161329645585022,1
-0.2960199349169384,0.9009088760241706,0.8491410419312149,-0.39647650661717926,-0.404365943111267,0.9048055324001227,-1.2958864140401292,-1.461440576166749,-0.1397951825734185,-1.2583394588375707,-0.4814607612315388,1.4170665104334308,-1.0161329645585022,0
-0.634918112038349,-1.1099901739376037,0.8491410419312149,-0.7236629700122096,-0.7423290972289317,-1.177851894974348,-1.2008713165995828,0.853056793629862,1.0955247203761276,-0.9143260204049839,-0.997471732522988,-0.20998014190961997,0.9841231756854657,0
-0.2960199349169384,-1.1099901739376037,-1.179024470547907,-0.7234260843595923,0.10257878806523006,0.21058638994196582,-1.121692068732461,1.4316811360790147,0.23617174441122635,-0.7996548742607882,-0.7394662468772634,-0.07108591549009124,0.9841231756854657,0
-0.634918112038349,-1.1099901739376037,-0.502969299721533,-0.7229365206775166,0.10257878806523006,0.21058638994196582,-0.4090788379283631,0.2744324511807092,-1.0427871768490378,0.8057411717579506,-0.4814607612315388,-2.134657279437375,-1.0161329645585022,0
-0.8043672005990544,0.9009088760241706,-0.502969299721533,-0.44615932415945003,-0.911310674287764,0.9048055324001227,-1.2958864140401292,-0.8828162337175963,-0.33784918875282943,-1.2583394588375707,-0.4814607612315388,-0.36871640067479566,-1.0161329645585022,1
-0.46546902347764374,0.9009088760241706,-0.502969299721533,-0.7259054875236535,-0.911310674287764,-1.177851894974348,0.30353439287573475,-0.3041918912684436,-1.6705176710108995,2.2964660716324943,-0.4814607612315388,0.08765034327508442,-1.0161329645585022,1
-0.9738162891597597,0.9009088760241706,0.8491410419312149,-0.7268214453804405,-0.7423290972289317,-1.177851894974348,-0.18737694390042153,-1.461440576166749,-1.173704231781191,1.2644257563347332,-0.7394662468772634,-1.4600281796853785,0.9841231756854657,0
-0.634918112038349,0.9009088760241706,-0.502969299721533,-0.7211046049639427,0.10257878806523006,-1.177851894974348,-0.5674373336626071,0.2744324511807092,1.5486991412951188,0.4617277333253637,-0.997471732522988,-0.30919030363785477,-1.0161329645585022,1
-0.634918112038349,-1.1099901739376037,-1.179024470547907,1.1217868105145332,-0.5733475201700994,0.9048055324001227,-1.2958864140401292,-0.3041918912684436,0.001192415045823164,-1.487681751125962,-0.4814607612315388,0.14717644031202531,0.9841231756854657,0
-1.143265377720465,-1.1099901739376037,-1.179024470547907,-1.0558872016195682,-0.911310674287764,0.9048055324001227,-1.2879684892534171,0.2744324511807092,-1.173704231781191,-0.34097028968400567,-0.4814607612315388,0.5638591195706114,0.9841231756854657,0
-0.634918112038349,-1.1099901739376037,-1.179024470547907,-0.8334041966813893,-0.911310674287764,0.9048055324001227,-1.2879684892534171,0.2744324511807092,0.001192415045823164,-1.0289971665491795,-0.7394662468772634,-1.0235034680811452,0.9841231756854657,0
-0.8043672005990544,0.9009088760241706,1.5251962127575889,-0.6719113511037477,-0.911310674287764,0.9048055324001227,-1.2879684892534171,0.853056793629862,1.5352717510456675,-1.143668312693375,-0.4814607612315388,-0.46792656240303043,-1.0161329645585022,1
-0.634918112038349,0.9009088760241706,-0.502969299721533,-0.3555110810912256,-0.911310674287764,0.9048055324001227,-1.2879684892534171,0.2744324511807092,-0.08944246913797492,-1.2583394588375707,-0.4814607612315388,0.6630692812988462,0.9841231756854657,0
-0.8043672005990544,0.9009088760241706,1.5251962127575889,-0.726774068249917,-0.404365943111267,-1.177851894974348,0.034324950127520015,-0.8828162337175963,-1.2475548781531747,1.7231103409115156,-0.4814607612315388,-0.17029607721832604,0.9841231756854657,0
-0.2960199349169384,-1.1099901739376037,0.8491410419312149,-0.1934023328167789,0.10257878806523006,0.9048055324001227,-1.2879684892534171,0.2744324511807092,1.0955247203761276,-1.3730106049817663,-0.7394662468772634,-1.0830295651180861,0.9841231756854657,0
-0.9738162891597597,-1.1099901739376037,-0.502969299721533,0.6674875059250537,-0.911310674287764,0.9048055324001227,-1.2840095268600609,-0.8828162337175963,-1.7510820125076092,-1.487681751125962,-0.7394662468772634,1.317856348705196,-1.0161329645585022,0
-0.634918112038349,0.9009088760241706,-1.179024470547907,-0.7313538575338516,-0.911310674287764,0.9048055324001227,-1.2800505644667048,0.2744324511807092,1.7736079279734327,-1.143668312693375,-0.4814607612315388,0.9606997664835506,-1.0161329645585022,1
-0.9738162891597597,-1.1099901739376037,0.8491410419312149,-0.7270109539025342,-0.911310674287764,0.9048055324001227,-1.2800505644667048,-1.461440576166749,0.5785701957722418,-1.143668312693375,-0.997471732522988,0.18686050500331922,0.9841231756854657,0
-0.46546902347764374,0.9009088760241706,0.8491410419312149,-0.7196832910482388,-0.5733475201700994,0.9048055324001227,-1.2800505644667048,0.2744324511807092,0.2965950005337584,-1.143668312693375,-0.7394662468772634,-0.8846092416616166,-1.0161329645585022,0
-0.8043672005990544,-1.1099901739376037,-0.502969299721533,-0.7168090784631488,-0.404365943111267,0.9048055324001227,-1.2800505644667048,0.853056793629862,1.0619562447524988,-1.143668312693375,-0.4814607612315388,0.6630692812988462,0.9841231756854657,0
-0.634918112038349,0.9009088760241706,1.5251962127575889,-0.7204097403829318,0.10257878806523006,0.21058638994196582,0.06599664927436881,0.2744324511807092,0.001192415045823164,1.7231103409115156,-0.997471732522988,0.2463866020402601,0.9841231756854657,0
-0.9738162891597597,0.9009088760241706,-0.502969299721533,-0.7037645751923555,-0.23538436605243465,0.9048055324001227,-1.2800505644667048,-0.8828162337175963,0.001192415045823164,-1.143668312693375,-0.4814607612315388,-2.2140254088199627,0.9841231756854657,0
-0.9738162891597597,-1.1099901739376037,-1.179024470547907,-0.7237735166500977,-0.911310674287764,0.21058638994196582,0.0026532509806712224,-0.8828162337175963,-0.811164695045998,1.6084391947673204,-0.7394662468772634,0.5638591195706114,-1.0161329645585022,0
-0.8043672005990544,0.9009088760241706,1.5251962127575889,-0.7219100161828416,-0.7423290972289317,-1.177851894974348,-1.327558113186978,-0.8828162337175963,0.9780350556934264,-1.143668312693375,-0.7394662468772634,0.4448069254967297,0.9841231756854657,0
-0.634918112038349,0.9009088760241706,-1.179024470547907,-0.708944474796254,-0.911310674287764,0.9048055324001227,-1.2800505644667048,-0.8828162337175963,0.1522505553521539,-1.143668312693375,-0.4814607612315388,0.5440170872249644,-1.0161329645585022,0
-0.8043672005990544,-1.1099901739376037,0.8491410419312149,-0.7058491689353878,-0.404365943111267,0.9048055324001227,-1.2800505644667048,0.2744324511807092,-1.0964967378468442,-1.143668312693375,-0.7394662468772634,0.305912699077201,-1.0161329645585022,0
-0.8043672005990544,-1.1099901739376037,1.5251962127575889,-0.6799970480464186,-0.911310674287764,0.9048055324001227,-1.2800505644667048,-1.461440576166749,-1.173704231781191,-1.143668312693375,-0.7394662468772634,0.14717644031202531,0.9841231756854657,0
-1.143265377720465,-1.1099901739376037,-0.502969299721533,-0.6756067672845777,-0.911310674287764,0.9048055324001227,-1.2800505644667048,-1.461440576166749,-1.2475548781531747,-1.143668312693375,-0.7394662468772634,0.9210157017922567,0.9841231756854657,0
-0.46546902347764374,0.9009088760241706,-1.179024470547907,-0.7172986421452245,-0.911310674287764,0.21058638994196582,0.7192254441781252,1.4316811360790147,-1.3482603050240614,3.0991640946418633,-0.4814607612315388,1.0202258635204915,0.9841231756854657,0
-0.634918112038349,0.9009088760241706,-1.179024470547907,-0.6748013560656789,-0.7423290972289317,0.9048055324001227,-1.2800505644667048,-1.461440576166749,1.0787404825643134,-1.143668312693375,-0.4814607612315388,-2.114815247091728,0.9841231756854657,0
-0.46546902347764374,0.9009088760241706,-0.502969299721533,-0.6779124543033862,-0.404365943111267,0.9048055324001227,-1.2800505644667048,-0.8828162337175963,1.9515208487786668,-1.143668312693375,-0.7394662468772634,0.38528082845978884,-1.0161329645585022,1
-0.2960199349169384,0.9009088760241706,1.5251962127575889,-0.684245197416689,-0.5733475201700994,0.9048055324001227,-1.2800505644667048,-0.3041918912684436,1.2096575374964662,-1.143668312693375,-0.7394662468772634,-0.8846092416616166,-1.0161329645585022,1
-1.143265377720465,0.9009088760241706,-1.179024470547907,-0.6789231664212201,-0.911310674287764,0.9048055324001227,-1.2800505644667048,-1.461440576166749,0.9780350556934264,-1.143668312693375,-0.997471732522988,-0.20998014190961997,0.9841231756854657,0
-0.8043672005990544,0.9009088760241706,-1.179024470547907,-0.6563242751615286,-0.911310674287764,0.9048055324001227,-1.2800505644667048,-1.461440576166749,-0.6936750303632967,-1.143668312693375,-0.7394662468772634,-1.8767108589439645,0.9841231756854657,0
-0.2960199349169384,0.9009088760241706,-0.502969299721533,-0.7168722479705134,-0.5733475201700994,-1.177851894974348,-0.5674373336626071,-1.461440576166749,-1.0495008719737637,0.3470565871811683,-0.7394662468772634,-0.8250831446246757,0.9841231756854657,0
-0.46546902347764374,-1.1099901739376037,-0.502969299721533,-0.6528499522564747,-0.5733475201700994,0.9048055324001227,-1.2800505644667048,1.4316811360790147,0.03811773823181484,-1.143668312693375,-0.997471732522988,-0.8052411122790287,-1.0161329645585022,0
-0.46546902347764374,-1.1099901739376037,0.8491410419312149,-0.6469120185642008,-0.404365943111267,0.9048055324001227,-1.2800505644667048,1.4316811360790147,-0.005521280078902488,-1.143668312693375,-0.4814607612315388,1.1392780575943733,-1.0161329645585022,0
-0.46546902347764374,-1.1099901739376037,-1.179024470547907,-0.6376734781121256,-0.5733475201700994,0.9048055324001227,-1.2800505644667048,-1.461440576166749,-1.1804179269059165,-1.143668312693375,-0.4814607612315388,0.7622794430270811,-1.0161329645585022,0
-0.8043672005990544,0.9009088760241706,-0.502969299721533,-0.7139190735012175,-0.911310674287764,0.21058638994196582,-0.7574675285436998,0.853056793629862,1.6729025011025462,0.003043148748581378,-0.997471732522988,0.821805540064022,-1.0161329645585022,0
-0.46546902347764374,-1.1099901739376037,-1.179024470547907,-0.6370101982847971,-0.5733475201700994,0.9048055324001227,-1.2800505644667048,-1.461440576166749,-1.2475548781531747,-1.143668312693375,-0.7394662468772634,-1.0235034680811452,0.9841231756854657,0
-0.634918112038349,-1.1099901739376037,1.5251962127575889,-0.6382735884320895,-0.404365943111267,0.9048055324001227,-1.2800505644667048,-0.8828162337175963,0.9780350556934264,-1.143668312693375,-0.4814607612315388,0.5837011519162584,0.9841231756854657,0
-0.634918112038349,0.9009088760241706,1.5251962127575889,-0.6352888292091113,-0.5733475201700994,0.9048055324001227,-1.2800505644667048,0.2744324511807092,-0.3680608168140954,-1.143668312693375,-0.7394662468772634,-0.9044512740072636,-1.0161329645585022,1
-0.46546902347764374,-1.1099901739376037,0.8491410419312149,-0.6184699478732822,-0.5733475201700994,0.9048055324001227,-1.2800505644667048,1.4316811360790147,0.15896425047687956,-1.143668312693375,-0.4814607612315388,-1.3806600503027906,0.9841231756854657,0
-0.9738162891597597,-1.1099901739376037,-1.179024470547907,-0.7173776040294303,-0.911310674287764,0.21058638994196582,-0.7257958293968509,0.2744324511807092,-1.7510820125076092,0.003043148748581378,-0.997471732522988,-1.7179746001787888,0.9841231756854657,0
-0.8043672005990544,0.9009088760241706,-0.502969299721533,-0.7142191286611995,-0.911310674287764,0.21058638994196582,-0.8524826259842462,-0.8828162337175963,1.2465828606824585,-0.2262991435398101,-0.4814607612315388,-0.011559818453150373,0.9841231756854657,0
-0.8043672005990544,0.9009088760241706,1.5251962127575889,-0.7121661196718494,-0.911310674287764,0.21058638994196582,-0.052772222526314166,0.2744324511807092,-0.0860856215756121,1.4937680486231246,-0.997471732522988,0.7027533459901402,0.9841231756854657,0
-0.9738162891597597,-1.1099901739376037,-1.179024470547907,-0.7149297856190514,-0.911310674287764,-1.177851894974348,-1.002923196931778,0.2744324511807092,1.4110683912382405,-0.570312581972397,-0.997471732522988,0.2463866020402601,-1.0161329645585022,1
-0.9738162891597597,-1.1099901739376037,0.8491410419312149,-0.7135874335875533,-0.911310674287764,-1.177851894974348,-0.646616581529729,0.2744324511807092,-0.21028898138303903,0.23238544103697253,-0.997471732522988,-1.0036614357354983,-1.0161329645585022,0
-0.2960199349169384,0.9009088760241706,-0.502969299721533,-0.6034671898741859,-0.5733475201700994,0.9048055324001227,-1.2800505644667048,0.2744324511807092,2.820944367430657,-1.143668312693375,-0.4814607612315388,0.7622794430270811,0.9841231756854657,0
-0.8043672005990544,-1.1099901739376037,-1.179024470547907,-0.5987136844449985,-0.911310674287764,0.9048055324001227,-1.2800505644667048,-0.8828162337175963,-1.3482603050240614,-1.143668312693375,-0.4814607612315388,0.18686050500331922,0.9841231756854657,0
-0.46546902347764374,-1.1099901739376037,-0.502969299721533,-0.5816421250797109,-0.7423290972289317,0.9048055324001227,-1.2800505644667048,0.853056793629862,-0.005521280078902488,-1.2583394588375707,-0.4814607612315388,0.46464895784237664,-1.0161329645585022,0
-1.143265377720465,-1.1099901739376037,0.8491410419312149,-0.5864745923931041,-0.911310674287764,0.9048055324001227,-1.2800505644667048,-0.8828162337175963,-1.7510820125076092,-1.143668312693375,-0.997471732522988,0.5241750548793175,-1.0161329645585022,0
-0.46546902347764374,0.9009088760241706,-1.179024470547907,-0.580931468121859,-0.5733475201700994,0.9048055324001227,-1.2800505644667048,0.2744324511807092,-0.33784918875282943,-1.2583394588375707,-0.4814607612315388,-0.5076106270943244,0.9841231756854657,0
-0.8043672005990544,0.9009088760241706,-0.502969299721533,-0.5821316887617867,-0.911310674287764,0.9048055324001227,-1.2800505644667048,-1.461440576166749,-0.7138161157374736,-1.2583394588375707,-0.7394662468772634,1.0003838311748445,-1.0161329645585022,0
-1.143265377720465,-1.1099901739376037,-1.179024470547907,-0.7121977044255318,-0.911310674287764,-1.177851894974348,0.06599664927436881,-0.8828162337175963,-0.46205254856025635,1.7231103409115156,-0.4814607612315388,0.10749237562073138,-1.0161329645585022,0
-0.634918112038349,-1.1099901739376037,0.8491410419312149,-0.5818158412249637,-0.404365943111267,0.9048055324001227,-1.2800505644667048,-0.8828162337175963,0.001192415045823164,-1.2583394588375707,-0.7394662468772634,-0.5671367241312653,0.9841231756854657,0
-0.8043672005990544,0.9009088760241706,0.8491410419312149,-0.6965632513527892,-0.404365943111267,0.9048055324001227,-1.2800505644667048,-1.461440576166749,1.2029438423717405,-1.143668312693375,-0.997471732522988,-0.5472946917856183,-1.0161329645585022,1
-0.634918112038349,-1.1099901739376037,-0.502969299721533,-0.5620279930429976,-0.911310674287764,0.9048055324001227,-1.2800505644667048,-0.8828162337175963,1.417782086362966,-1.2583394588375707,-0.997471732522988,1.5559607368529593,-1.0161329645585022,0
-0.634918112038349,0.9009088760241706,-1.179024470547907,-0.5660076720069683,-0.911310674287764,0.9048055324001227,-1.2800505644667048,0.853056793629862,-0.33784918875282943,-1.2583394588375707,-0.7394662468772634,0.26622863438590705,0.9841231756854657,0
-0.9738162891597597,-1.1099901739376037,-1.179024470547907,-0.7192884816272099,-0.911310674287764,0.21058638994196582,0.4302211894631299,1.4316811360790147,-1.4724636648314886,2.525808363920885,-0.997471732522988,-1.5393963090679663,0.9841231756854657,0
-1.143265377720465,-1.1099901739376037,-1.179024470547907,-0.5664498585585207,-0.911310674287764,0.9048055324001227,-1.2800505644667048,-0.8828162337175963,-0.21364582894540246,-1.2583394588375707,-0.4814607612315388,0.46464895784237664,0.9841231756854657,0
-0.634918112038349,-1.1099901739376037,-1.179024470547907,-0.6584720384119256,-0.404365943111267,0.9048055324001227,-1.2800505644667048,-0.3041918912684436,1.6729025011025462,-1.143668312693375,-0.997471732522988,-0.30919030363785477,-1.0161329645585022,1
-0.9738162891597597,-1.1099901739376037,0.8491410419312149,-0.5256423568009786,-0.911310674287764,0.9048055324001227,-1.2800505644667048,-0.8828162337175963,0.7430557263280237,-1.2583394588375707,-0.997471732522988,-0.5472946917856183,0.9841231756854657,0
-0.46546902347764374,-1.1099901739376037,0.8491410419312149,-0.7190515959745927,-0.5733475201700994,-1.177851894974348,0.0026532509806712224,0.2744324511807092,-1.6705176710108995,1.6084391947673204,-0.7394662468772634,0.801963507718375,-1.0161329645585022,0
-0.8043672005990544,-1.1099901739376037,-1.179024470547907,-0.7132400012970479,-0.5733475201700994,-1.177851894974348,-0.013182598592753173,-1.461440576166749,1.5486991412951188,1.4937680486231246,-0.997471732522988,-0.051243883144444294,-1.0161329645585022,1
-0.8043672005990544,0.9009088760241706,-0.502969299721533,-0.7174723582904772,-0.911310674287764,-1.177851894974348,-1.121692068732461,0.2744324511807092,-1.6839450612603513,-0.7996548742607882,-0.997471732522988,0.6233852166075523,-1.0161329645585022,0
-0.8043672005990544,0.9009088760241706,-0.502969299721533,-0.5232419155211231,-0.911310674287764,0.9048055324001227,-1.2800505644667048,1.4316811360790147,-0.901799579229796,-1.2583394588375707,-0.7394662468772634,0.9805417988291976,0.9841231756854657,0
-0.8043672005990544,-1.1099901739376037,0.8491410419312149,-0.7155930654463799,-0.911310674287764,0.21058638994196582,-0.4090788379283631,1.4316811360790147,-0.34120603631519225,0.6910700256137552,-0.4814607612315388,-1.2417658238832618,0.9841231756854657,0
-0.634918112038349,-1.1099901739376037,-0.502969299721533,-0.5065335808231821,-0.7423290972289317,0.9048055324001227,-1.2800505644667048,0.2744324511807092,1.5486991412951188,-1.2583394588375707,-0.7394662468772634,0.6233852166075523,-1.0161329645585022,0
-0.46546902347764374,-1.1099901739376037,-0.502969299721533,-0.6001665831143846,-0.7423290972289317,0.9048055324001227,-1.2800505644667048,0.2744324511807092,1.9515208487786668,-1.143668312693375,-0.4814607612315388,-1.4600281796853785,-1.0161329645585022,1
-0.8043672005990544,0.9009088760241706,1.5251962127575889,-0.4884513093400607,-0.404365943111267,0.9048055324001227,-1.2800505644667048,1.4316811360790147,1.0015329886299666,-1.2583394588375707,-0.997471732522988,0.5440170872249644,-1.0161329645585022,0
-1.143265377720465,-1.1099901739376037,-0.502969299721533,-0.7137295649791237,-0.911310674287764,-1.177851894974348,-1.359229812333827,-0.8828162337175963,0.665848232393677,-1.2583394588375707,-0.4814607612315388,0.2463866020402601,-1.0161329645585022,0
-0.9738162891597597,-1.1099901739376037,-1.179024470547907,-0.7171249259999718,-0.911310674287764,-1.177851894974348,0.06599664927436881,0.853056793629862,-0.005521280078902488,1.7231103409115156,-0.7394662468772634,-0.9242933063529105,-1.0161329645585022,0
-0.634918112038349,0.9009088760241706,0.8491410419312149,-0.6004824306512078,-0.5733475201700994,0.9048055324001227,-1.2800505644667048,-1.461440576166749,-0.6936750303632967,-1.143668312693375,-0.997471732522988,1.0400678958661385,-1.0161329645585022,1
-1.143265377720465,0.9009088760241706,-1.179024470547907,-0.48336616399720905,-0.7423290972289317,0.9048055324001227,-1.2800505644667048,-0.8828162337175963,0.3939435798422821,-1.2583394588375707,-0.4814607612315388,-1.0036614357354983,0.9841231756854657,0
-0.8043672005990544,0.9009088760241706,1.5251962127575889,-0.48870398736951914,-0.911310674287764,0.9048055324001227,-1.2800505644667048,1.4316811360790147,0.25966967734776614,-1.2583394588375707,-0.997471732522988,0.8614896047553159,-1.0161329645585022,0
-0.9738162891597597,0.9009088760241706,-0.502969299721533,-0.5846742614332125,-0.404365943111267,0.9048055324001227,-1.2800505644667048,-1.461440576166749,0.4107278176540969,-1.2583394588375707,-0.4814607612315388,-0.20998014190961997,-1.0161329645585022,1
-0.2960199349169384,0.9009088760241706,-0.502969299721533,-0.713050492774954,-0.7423290972289317,-1.177851894974348,-0.804975077263973,0.853056793629862,0.001192415045823164,-0.11162799739561437,-0.997471732522988,-0.686188918205147,-1.0161329645585022,1
-0.8043672005990544,0.9009088760241706,-1.179024470547907,-0.7135242640801887,-0.7423290972289317,-1.177851894974348,-0.18737694390042153,1.4316811360790147,-0.005521280078902488,1.1497546101905376,-0.997471732522988,0.5638591195706114,-1.0161329645585022,0
-1.143265377720465,0.9009088760241706,-1.179024470547907,-0.4728168562673181,-0.911310674287764,0.9048055324001227,-1.2800505644667048,-0.8828162337175963,0.001192415045823164,-1.2583394588375707,-0.7394662468772634,0.6630692812988462,-1.0161329645585022,0
-1.143265377720465,0.9009088760241706,1.5251962127575889,-0.4516708636770128,-0.911310674287764,0.9048055324001227,-1.2800505644667048,-0.8828162337175963,-1.7510820125076092,-1.2583394588375707,-0.7394662468772634,1.258330251668255,0.9841231756854657,0
-0.9738162891597597,-1.1099901739376037,0.8491410419312149,-0.5617437302598568,-0.911310674287764,0.9048055324001227,-1.2800505644667048,-0.8828162337175963,0.7229146409538463,-1.2583394588375707,-0.4814607612315388,-0.38855843302044263,-1.0161329645585022,1
-0.8043672005990544,0.9009088760241706,0.8491410419312149,-0.4450538577805693,-0.911310674287764,0.9048055324001227,-1.2800505644667048,-1.461440576166749,-0.0995130118250634,-1.2583394588375707,-0.997471732522988,0.16701847265767225,-1.0161329645585022,0
-0.46546902347764374,0.9009088760241706,-0.502969299721533,-0.43308323613497446,0.10257878806523006,0.9048055324001227,-1.2800505644667048,-0.8828162337175963,-1.1804179269059165,-1.2583394588375707,-0.7394662468772634,0.3455967637684949,-1.0161329645585022,0
-0.8043672005990544,0.9009088760241706,-1.179024470547907,-0.7166985318252607,-0.7423290972289317,-1.177851894974348,-0.8841543251310949,-0.8828162337175963,-1.371758237960602,-0.2262991435398101,-0.4814607612315388,1.1591200899400202,0.9841231756854657,0
-0.8043672005990544,0.9009088760241706,0.8491410419312149,-0.40347252955781054,-0.911310674287764,0.9048055324001227,-1.2800505644667048,-0.8828162337175963,0.20931696391232313,-1.2583394588375707,-0.997471732522988,-3.543441575978309,0.9841231756854657,0
-0.9738162891597597,0.9009088760241706,1.5251962127575889,-0.7124503824549903,-0.5733475201700994,-1.177851894974348,-0.17154109432699713,-0.8828162337175963,-1.623521805137819,1.1497546101905376,-0.997471732522988,-0.4877685947486774,0.9841231756854657,0
-0.634918112038349,-1.1099901739376037,1.5251962127575889,-0.5125662687765029,-0.5733475201700994,0.9048055324001227,-1.2800505644667048,-0.8828162337175963,-0.8447331706696268,-1.2583394588375707,-0.7394662468772634,-0.5076106270943244,-1.0161329645585022,1
-0.8043672005990544,-1.1099901739376037,-0.502969299721533,-0.7205044946439788,-0.911310674287764,-1.177851894974348,-0.6901651678566461,-0.3041918912684436,1.286865031430813,0.1177142948927768,-0.997471732522988,-0.6266628211682062,-1.0161329645585022,1
-0.8043672005990544,0.9009088760241706,0.8491410419312149,-0.3959237734277389,-0.5733475201700994,0.9048055324001227,-1.2800505644667048,-0.8828162337175963,-1.173704231781191,-1.2583394588375707,-0.4814607612315388,0.14717644031202531,0.9841231756854657,0
-0.2960199349169384,0.9009088760241706,0.8491410419312149,-0.3888014114723784,-0.7423290972289317,0.9048055324001227,-1.2800505644667048,1.4316811360790147,-0.25392799969375696,-1.2583394588375707,-0.7394662468772634,-0.6465048535138531,-1.0161329645585022,0
-0.46546902347764374,0.9009088760241706,-0.502969299721533,-0.3379657504207034,-0.5733475201700994,0.9048055324001227,-1.2800505644667048,0.2744324511807092,-0.21700267650776528,-1.2583394588375707,-0.7394662468772634,1.1392780575943733,-1.0161329645585022,0
-0.2960199349169384,-1.1099901739376037,-0.502969299721533,-0.4504706430370851,-0.23538436605243465,0.9048055324001227,-1.2800505644667048,1.4316811360790147,1.2096575374964662,-1.2583394588375707,-0.7394662468772634,-1.5393963090679663,-1.0161329645585022,1
-0.9738162891597597,0.9009088760241706,-0.502969299721533,-0.43919488597250106,-0.7423290972289317,0.9048055324001227,-1.2800505644667048,0.2744324511807092,2.0757242085860943,-1.2583394588375707,-0.4814607612315388,1.2186461869769611,-1.0161329645585022,1
-0.634918112038349,0.9009088760241706,0.8491410419312149,-0.3234209713500005,-0.911310674287764,0.9048055324001227,-1.2800505644667048,0.2744324511807092,1.1223795008750308,-1.2583394588375707,-0.997471732522988,-0.30919030363785477,-1.0161329645585022,0
-0.634918112038349,-1.1099901739376037,0.8491410419312149,-0.29508944729697006,-0.5733475201700994,0.9048055324001227,-1.2800505644667048,-1.461440576166749,1.092167872813765,-1.3730106049817663,-0.997471732522988,-1.658448503141848,0.9841231756854657,0
-0.634918112038349,0.9009088760241706,1.5251962127575889,-0.28990954769307153,-0.404365943111267,0.9048055324001227,-1.2800505644667048,-1.461440576166749,0.001192415045823164,-1.3730106049817663,-0.4814607612315388,1.258330251668255,-1.0161329645585022,0
-0.46546902347764374,0.9009088760241706,0.8491410419312149,-0.29009905621516535,-0.404365943111267,0.9048055324001227,-1.2800505644667048,0.2744324511807092,0.2965950005337584,-1.3730106049817663,-0.7394662468772634,1.0003838311748445,0.9841231756854657,0
-0.634918112038349,0.9009088760241706,-0.502969299721533,-0.26669475373657503,-0.23538436605243465,0.9048055324001227,-1.2800505644667048,-0.3041918912684436,0.5382880250238866,-1.3730106049817663,-0.997471732522988,-0.8052411122790287,0.9841231756854657,0
-0.2960199349169384,0.9009088760241706,-0.502969299721533,-0.26034621824643106,-0.23538436605243465,0.9048055324001227,-1.2800505644667048,1.4316811360790147,0.954537122756886,-1.3730106049817663,-0.4814607612315388,-0.8250831446246757,-1.0161329645585022,0
-0.46546902347764374,0.9009088760241706,-0.502969299721533,-0.7169196251010368,-0.5733475201700994,0.21058638994196582,0.4143853398897055,1.4316811360790147,0.5114332445249834,2.411137217776689,-0.4814607612315388,0.06780831092943747,-1.0161329645585022,0
-0.9738162891597597,0.9009088760241706,-1.179024470547907,-0.7084233263604959,-0.404365943111267,-1.177851894974348,0.1847655210750518,-1.461440576166749,0.04483143335654109,1.952452633199907,-0.997471732522988,-0.9639773710442044,0.9841231756854657,0
-1.143265377720465,0.9009088760241706,1.5251962127575889,-0.2618938711768642,-0.911310674287764,0.9048055324001227,-1.2800505644667048,-0.8828162337175963,0.3301634761573873,-1.3730106049817663,-0.7394662468772634,1.5559607368529593,0.9841231756854657,0
-0.634918112038349,0.9009088760241706,0.8491410419312149,-0.22377107348231823,-0.911310674287764,0.9048055324001227,-1.2800505644667048,0.2744324511807092,1.0619562447524988,-1.3730106049817663,-0.997471732522988,-0.8250831446246757,0.9841231756854657,0
-0.46546902347764374,-1.1099901739376037,-0.502969299721533,-0.7168090784631488,-0.5733475201700994,-1.177851894974348,-0.7257958293968509,-0.8828162337175963,-1.0092187012254088,0.003043148748581378,-0.997471732522988,0.7424374106814341,0.9841231756854657,0
-0.2960199349169384,0.9009088760241706,0.8491410419312149,-0.719604329164033,-0.23538436605243465,0.21058638994196582,-0.8841543251310949,0.853056793629862,1.4647779522360462,-0.2262991435398101,-0.7394662468772634,0.5440170872249644,-1.0161329645585022,0
-0.8043672005990544,0.9009088760241706,-1.179024470547907,-0.21653816488906966,-0.7423290972289317,0.9048055324001227,-1.2800505644667048,0.853056793629862,-0.4654093961226198,-1.3730106049817663,-0.7394662468772634,-0.36871640067479566,0.9841231756854657,0
-0.46546902347764374,0.9009088760241706,-0.502969299721533,-0.717251265014701,-0.5733475201700994,-1.177851894974348,-0.8841543251310949,0.2744324511807092,-1.1166378232210217,-0.2262991435398101,-0.997471732522988,0.9408577341379036,0.9841231756854657,0
-0.2960199349169384,-1.1099901739376037,-1.179024470547907,-0.21987035640255315,-0.06640278899360229,0.9048055324001227,-1.2800505644667048,-0.3041918912684436,0.9981761410676039,-1.3730106049817663,-0.4814607612315388,0.7622794430270811,-1.0161329645585022,0
-0.634918112038349,-1.1099901739376037,-0.502969299721533,-0.7179145448420295,-0.23538436605243465,-0.4836327525161911,-0.09236184645987515,-0.8828162337175963,-0.059230841076708896,1.379096902478929,-0.7394662468772634,-1.4005020826484376,-1.0161329645585022,1
-0.2960199349169384,-1.1099901739376037,-0.502969299721533,-0.19750835079547896,-0.23538436605243465,0.9048055324001227,-1.2800505644667048,0.2744324511807092,0.6154955189582334,-1.3730106049817663,-0.4814607612315388,0.3455967637684949,0.9841231756854657,0
-0.46546902347764374,-1.1099901739376037,0.8491410419312149,-0.1647233764732431,-0.404365943111267,0.9048055324001227,-1.2800505644667048,-0.3041918912684436,0.001192415045823164,-1.3730106049817663,-0.7394662468772634,0.32575473142284794,0.9841231756854657,0
-1.143265377720465,-1.1099901739376037,-0.502969299721533,-0.28087630813993136,-0.911310674287764,0.9048055324001227,-1.2800505644667048,-0.3041918912684436,1.5352717510456675,-1.3730106049817663,-0.4814607612315388,1.35754041339649,-1.0161329645585022,1
-0.9738162891597597,0.9009088760241706,-1.179024470547907,-0.16380741861645615,-0.911310674287764,0.9048055324001227,-1.2800505644667048,0.2744324511807092,0.11868207972852446,-1.3730106049817663,-0.7394662468772634,0.4249648931510827,0.9841231756854657,0
-0.634918112038349,-1.1099901739376037,-1.179024470547907,-0.15417406874335216,-0.911310674287764,0.9048055324001227,-1.2800505644667048,-1.461440576166749,-0.0860856215756121,-1.3730106049817663,-0.4814607612315388,-0.6465048535138531,0.9841231756854657,0
-0.9738162891597597,-1.1099901739376037,0.8491410419312149,-0.14662531261328052,-0.911310674287764,0.9048055324001227,-1.2800505644667048,-0.8828162337175963,-1.8752853723150364,-1.3730106049817663,-0.997471732522988,-1.8568688265983175,0.9841231756854657,0
-0.9738162891597597,-1.1099901739376037,1.5251962127575889,-0.10908683286185725,-0.7423290972289317,0.9048055324001227,-1.2800505644667048,0.2744324511807092,0.860545391010725,-1.3730106049817663,-0.997471732522988,0.20670253734896618,0.9841231756854657,0
-0.46546902347764374,-1.1099901739376037,-0.502969299721533,-0.05226586098738485,-0.7423290972289317,0.9048055324001227,-1.2800505644667048,-1.461440576166749,0.4745079213389917,-1.3730106049817663,-0.4814607612315388,1.1392780575943733,-1.0161329645585022,0
-0.46546902347764374,0.9009088760241706,-1.179024470547907,-0.055945484791373755,-0.5733475201700994,0.9048055324001227,-1.2800505644667048,1.4316811360790147,-1.1804179269059165,-1.3730106049817663,-0.4814607612315388,0.32575473142284794,-1.0161329645585022,0
-0.9738162891597597,0.9009088760241706,0.8491410419312149,0.10249943205592518,-0.911310674287764,0.9048055324001227,-1.2800505644667048,-0.8828162337175963,-1.3482603050240614,-1.3730106049817663,-0.7394662468772634,-1.2616078562289088,0.9841231756854657,0
-0.634918112038349,-1.1099901739376037,-0.502969299721533,0.07817917172054789,-0.911310674287764,0.9048055324001227,-1.2800505644667048,0.853056793629862,1.1458774338115711,-1.3730106049817663,-0.4814607612315388,-1.202081759191968,-1.0161329645585022,1
-0.46546902347764374,0.9009088760241706,-1.179024470547907,-0.7145191838211814,-0.23538436605243465,0.21058638994196582,-1.359229812333827,0.2744324511807092,-0.46205254856025635,-1.2583394588375707,-0.4814607612315388,0.008282213892496587,0.9841231756854657,0
-0.8043672005990544,-1.1099901739376037,-1.179024470547907,-0.712118742541326,-0.404365943111267,-1.177851894974348,-0.4090788379283631,0.853056793629862,0.001192415045823164,0.6910700256137552,-0.4814607612315388,-0.36871640067479566,0.9841231756854657,0
-0.2960199349169384,-1.1099901739376037,-0.502969299721533,0.574359859692768,-0.404365943111267,0.9048055324001227,-1.2800505644667048,0.853056793629862,0.001192415045823164,-1.487681751125962,-0.997471732522988,0.16701847265767225,0.9841231756854657,0
-0.8043672005990544,0.9009088760241706,0.8491410419312149,1.6902334149118745,-0.5733475201700994,0.9048055324001227,-1.2800505644667048,0.2744324511807092,0.001192415045823164,-1.487681751125962,-0.7394662468772634,-1.8568688265983175,0.9841231756854657,0
-0.8043672005990544,-1.1099901739376037,-0.502969299721533,-1.0642571613453797,-0.404365943111267,0.9048055324001227,-1.2642147148932805,-1.461440576166749,-0.21700267650776528,-0.11162799739561437,-0.997471732522988,0.0479662785837905,-1.0161329645585022,1
-0.634918112038349,0.9009088760241706,0.8491410419312149,-0.7030381258576623,-0.7423290972289317,-1.177851894974348,-0.5674373336626071,0.2744324511807092,-0.34120603631519225,0.3470565871811683,-0.7394662468772634,-0.5671367241312653,0.9841231756854657,0
-1.143265377720465,-1.1099901739376037,0.8491410419312149,-1.020101675697513,-0.911310674287764,0.9048055324001227,-1.2642147148932805,-0.8828162337175963,-0.1397951825734185,-0.45564143582820127,-0.997471732522988,0.10749237562073138,-1.0161329645585022,1
-0.634918112038349,-1.1099901739376037,1.5251962127575889,-0.972756129927733,-0.7423290972289317,0.9048055324001227,-1.2642147148932805,0.853056793629862,2.431550050196561,-0.570312581972397,-0.7394662468772634,0.26622863438590705,-1.0161329645585022,1
-0.634918112038349,0.9009088760241706,-0.502969299721533,-0.9623331612125713,-0.911310674287764,0.9048055324001227,-1.2642147148932805,0.2744324511807092,-1.173704231781191,-0.6849837281165926,-0.7394662468772634,0.286070666731554,0.9841231756854657,0
-1.143265377720465,0.9009088760241706,-1.179024470547907,-0.9553055535182577,-0.911310674287764,0.9048055324001227,-1.2642147148932805,-0.8828162337175963,0.5651428055227898,-0.6849837281165926,-0.997471732522988,-0.051243883144444294,-1.0161329645585022,0
-0.9738162891597597,0.9009088760241706,-0.502969299721533,-0.8348570953507756,-0.911310674287764,0.9048055324001227,-1.2642147148932805,0.853056793629862,0.001192415045823164,-0.9143260204049839,-0.4814607612315388,-1.6981325678331418,0.9841231756854657,0
-0.634918112038349,0.9009088760241706,-0.502969299721533,-0.704633155918619,-0.404365943111267,0.21058638994196582,-0.963333572998217,1.4316811360790147,1.2029438423717405,-0.45564143582820127,-0.7394662468772634,-1.0830295651180861,0.9841231756854657,0
-0.8043672005990544,0.9009088760241706,0.8491410419312149,-0.8170275018971126,-0.7423290972289317,0.9048055324001227,-1.2642147148932805,0.853056793629862,0.6893461653302174,-0.9143260204049839,-0.997471732522988,0.6630692812988462,0.9841231756854657,0
-0.9738162891597597,-1.1099901739376037,-1.179024470547907,-0.8637413525932464,-0.911310674287764,0.9048055324001227,-1.2523378277132122,-0.8828162337175963,-1.0964967378468442,-0.7996548742607882,-0.7394662468772634,0.6630692812988462,0.9841231756854657,0
-1.143265377720465,0.9009088760241706,-0.502969299721533,-0.7075705380110736,-0.911310674287764,0.21058638994196582,-0.7574675285436998,-0.8828162337175963,0.6255660616453219,0.003043148748581378,-0.7394662468772634,-1.0235034680811452,-1.0161329645585022,0
-0.9738162891597597,-1.1099901739376037,-1.179024470547907,-0.7086760043899544,-0.911310674287764,-1.177851894974348,-0.17154109432699713,-1.461440576166749,-1.1166378232210217,1.1497546101905376,-0.4814607612315388,-0.13061201252703214,0.9841231756854657,0
-0.8043672005990544,-1.1099901739376037,-0.502969299721533,-0.7802312638572235,-0.911310674287764,0.9048055324001227,-1.2523378277132122,0.2744324511807092,0.03476089066945202,-1.0289971665491795,-0.7394662468772634,-0.30919030363785477,0.9841231756854657,0
-0.8043672005990544,-1.1099901739376037,1.5251962127575889,-0.6969896455275003,-0.911310674287764,0.9048055324001227,-1.2523378277132122,0.853056793629862,1.4110683912382405,-1.0289971665491795,-0.997471732522988,-0.22982217425526694,-1.0161329645585022,1
-0.8043672005990544,-1.1099901739376037,-1.179024470547907,-0.370308538191387,-0.404365943111267,0.9048055324001227,-1.2523378277132122,0.853056793629862,-1.4993184453303918,-1.2583394588375707,-0.7394662468772634,-0.4282424977117365,-1.0161329645585022,0
-0.634918112038349,0.9009088760241706,-0.502969299721533,-0.10760234943878877,-0.5733475201700994,0.9048055324001227,-1.2523378277132122,-0.3041918912684436,-1.4993184453303918,-1.3730106049817663,-0.4814607612315388,1.2186461869769611,-1.0161329645585022,0
-1.143265377720465,-1.1099901739376037,0.8491410419312149,-0.7063071478637812,-0.911310674287764,-1.177851894974348,-1.2008713165995828,0.853056793629862,-1.2475548781531747,-0.9143260204049839,-0.4814607612315388,-1.2219237915376149,0.9841231756854657,0
-0.8043672005990544,0.9009088760241706,-0.502969299721533,-0.907881045864272,-0.911310674287764,0.9048055324001227,-1.248378865319856,0.853056793629862,0.03476089066945202,-0.6849837281165926,-0.7394662468772634,-0.4282424977117365,0.9841231756854657,0
-0.8043672005990544,0.9009088760241706,-1.179024470547907,-0.8959420089723595,-0.911310674287764,0.9048055324001227,-1.248378865319856,-1.461440576166749,-0.34120603631519225,-0.7996548742607882,-0.7394662468772634,0.7622794430270811,-1.0161329645585022,0
-0.8043672005990544,-1.1099901739376037,0.8491410419312149,-0.7072704828510916,-0.911310674287764,-1.177851894974348,0.06599664927436881,-0.8828162337175963,-0.0860856215756121,1.6084391947673204,-0.997471732522988,0.6233852166075523,0.9841231756854657,0
-0.8043672005990544,-1.1099901739376037,-1.179024470547907,-0.39132819176696304,-0.911310674287764,0.9048055324001227,-1.248378865319856,-1.461440576166749,1.2465828606824585,-1.2583394588375707,-0.997471732522988,-0.5472946917856183,0.9841231756854657,0
-1.143265377720465,0.9009088760241706,-0.502969299721533,-0.7013325491588177,-0.7423290972289317,-1.177851894974348,-1.042512820865339,-0.8828162337175963,-0.0860856215756121,-0.6849837281165926,-0.997471732522988,0.32575473142284794,0.9841231756854657,0
-1.143265377720465,0.9009088760241706,-1.179024470547907,-1.0688053658756322,-0.911310674287764,0.9048055324001227,-1.240460940533144,-0.8828162337175963,-0.6936750303632967,0.003043148748581378,-0.997471732522988,1.4765926074703717,-1.0161329645585022,1
-1.143265377720465,0.9009088760241706,-1.179024470547907,-0.7020432061166697,-0.911310674287764,-1.177851894974348,-0.2507203421941191,-0.8828162337175963,-0.707102420612748,1.035083464046342,-0.4814607612315388,-1.2219237915376149,0.9841231756854657,0
-0.2960199349169384,0.9009088760241706,-1.179024470547907,-0.7060386774574816,-0.06640278899360229,0.21058638994196582,-0.5674373336626071,-0.8828162337175963,-0.707102420612748,0.3470565871811683,-0.7394662468772634,-0.9838194033898514,0.9841231756854657,0
-0.2960199349169384,-1.1099901739376037,1.5251962127575889,-1.0602143128740442,-0.404365943111267,0.9048055324001227,-1.240460940533144,1.4316811360790147,-0.34120603631519225,0.003043148748581378,-0.4814607612315388,0.5241750548793175,-1.0161329645585022,1
-0.9738162891597597,0.9009088760241706,1.5251962127575889,-0.6983793746895219,-0.911310674287764,0.21058638994196582,-0.11215665842665565,-0.8828162337175963,-0.707102420612748,1.2644257563347332,-0.7394662468772634,-1.0433455004267922,0.9841231756854657,0
-0.9738162891597597,0.9009088760241706,0.8491410419312149,-1.0496334203904711,-0.5733475201700994,0.9048055324001227,-1.240460940533144,-1.461440576166749,1.2465828606824585,-0.11162799739561437,-0.7394662468772634,-1.4401861473397315,-1.0161329645585022,1
-0.8043672005990544,0.9009088760241706,-1.179024470547907,-1.056487311939532,-0.23538436605243465,0.9048055324001227,-1.240460940533144,-1.461440576166749,1.357358830240434,-0.11162799739561437,-0.7394662468772634,-1.7973427295613766,-1.0161329645585022,1
-0.2960199349169384,0.9009088760241706,1.5251962127575889,-0.7004797608093954,0.2715603651240624,-1.177851894974348,-0.7020420550367144,1.4316811360790147,-1.4724636648314886,0.003043148748581378,-0.997471732522988,0.6829113136444932,-1.0161329645585022,0
-0.46546902347764374,0.9009088760241706,0.8491410419312149,-1.0549712437627812,-0.5733475201700994,0.9048055324001227,-1.240460940533144,1.4316811360790147,-1.1804179269059165,-0.11162799739561437,-0.7394662468772634,-0.17029607721832604,-1.0161329645585022,1
-0.8043672005990544,0.9009088760241706,1.5251962127575889,-0.9186198621162568,-0.7423290972289317,0.9048055324001227,-1.240460940533144,1.4316811360790147,-0.018948670328354386,-0.6849837281165926,-0.7394662468772634,-0.011559818453150373,0.9841231756854657,0
-0.2960199349169384,0.9009088760241706,0.8491410419312149,-0.8292665939490069,-0.23538436605243465,0.9048055324001227,-1.240460940533144,0.2744324511807092,0.001192415045823164,-0.9143260204049839,-0.7394662468772634,0.6233852166075523,-1.0161329645585022,0
-0.8043672005990544,0.9009088760241706,0.8491410419312149,-0.8170906714044772,-0.911310674287764,0.9048055324001227,-1.240460940533144,0.853056793629862,1.575553921794022,-0.9143260204049839,-0.997471732522988,-1.7576586648700827,-1.0161329645585022,1
-0.2960199349169384,-1.1099901739376037,-1.179024470547907,0.5796187211808724,-0.23538436605243465,0.9048055324001227,-1.240460940533144,-0.3041918912684436,-1.4993184453303918,-1.3730106049817663,-0.997471732522988,-0.22982217425526694,-1.0161329645585022,0
-0.8043672005990544,0.9009088760241706,-1.179024470547907,-0.8112632843500913,-0.7423290972289317,0.9048055324001227,-1.2365019781397877,-0.8828162337175963,-1.3482603050240614,-0.9143260204049839,-0.4814607612315388,-0.09092794783573821,0.9841231756854657,0
-1.143265377720465,-1.1099901739376037,-1.179024470547907,-0.49034639456099915,-0.911310674287764,0.9048055324001227,-1.2365019781397877,-0.8828162337175963,-1.4993184453303918,-1.143668312693375,-0.7394662468772634,-0.07108591549009124,0.9841231756854657,0
-0.8043672005990544,0.9009088760241706,0.8491410419312149,-0.38869086483449033,-0.911310674287764,0.9048055324001227,-1.2365019781397877,-0.8828162337175963,0.5752133482098789,-1.2583394588375707,-0.997471732522988,-0.15045404487267908,0.9841231756854657,0
-0.634918112038349,0.9009088760241706,0.8491410419312149,-0.7028012402050451,-0.404365943111267,-1.177851894974348,-1.2958864140401292,-0.3041918912684436,-0.707102420612748,-1.143668312693375,-0.7394662468772634,-0.8846092416616166,-1.0161329645585022,1
-0.634918112038349,-1.1099901739376037,0.8491410419312149,-0.9751407788307472,-0.911310674287764,0.9048055324001227,-1.2325430157464317,-1.461440576166749,-1.371758237960602,-0.45564143582820127,-0.7394662468772634,0.5241750548793175,-1.0161329645585022,0
-0.8043672005990544,0.9009088760241706,-0.502969299721533,-0.6997691038515435,-0.911310674287764,-1.177851894974348,-0.7257958293968509,0.2744324511807092,0.3301634761573873,0.003043148748581378,-0.7394662468772634,0.9210157017922567,0.9841231756854657,0
-0.634918112038349,0.9009088760241706,-1.179024470547907,-0.6991216164010562,-0.911310674287764,-1.177851894974348,-0.5555604464825388,-1.461440576166749,-0.8447331706696268,0.3470565871811683,-0.997471732522988,-1.182239726846321,0.9841231756854657,0
-0.634918112038349,0.9009088760241706,-0.502969299721533,-0.6997375190978612,-0.5733475201700994,-1.177851894974348,-0.963333572998217,0.853056793629862,-0.34120603631519225,-0.45564143582820127,-0.4814607612315388,0.7424374106814341,0.9841231756854657,0
-1.143265377720465,-1.1099901739376037,-0.502969299721533,-0.9100919786220336,-0.911310674287764,0.9048055324001227,-1.2325430157464317,0.853056793629862,-1.4724636648314886,-0.6849837281165926,-0.7394662468772634,0.20670253734896618,0.9841231756854657,0
-0.8043672005990544,0.9009088760241706,1.5251962127575889,-0.7080285169394671,-0.911310674287764,-1.177851894974348,0.16497070910827127,0.2744324511807092,0.001192415045823164,1.8377814870557112,-0.997471732522988,0.9606997664835506,0.9841231756854657,0
-0.2960199349169384,0.9009088760241706,-1.179024470547907,-0.905212134178117,0.10257878806523006,0.9048055324001227,-1.2325430157464317,1.4316811360790147,0.9377528849450718,-0.6849837281165926,-0.7394662468772634,0.5837011519162584,0.9841231756854657,0
-0.9738162891597597,-1.1099901739376037,0.8491410419312149,-0.9015956798814927,-0.911310674287764,0.9048055324001227,-1.2325430157464317,0.2744324511807092,0.3939435798422821,-0.6849837281165926,-0.7394662468772634,0.9011736694466097,-1.0161329645585022,1
-0.634918112038349,-1.1099901739376037,-1.179024470547907,-0.7016168119419585,-0.911310674287764,0.21058638994196582,-0.3298995900612411,-0.8828162337175963,-0.8447331706696268,0.8057411717579506,-0.997471732522988,0.6233852166075523,-1.0161329645585022,0
-0.9738162891597597,-1.1099901739376037,-0.502969299721533,-0.6932468522161469,-0.911310674287764,-1.177851894974348,0.30353439287573475,1.4316811360790147,0.001192415045823164,2.0671237793441026,-0.7394662468772634,-1.6386064707962011,0.9841231756854657,0
-0.9738162891597597,-1.1099901739376037,0.8491410419312149,-0.7001639132725723,-0.7423290972289317,-1.177851894974348,0.06599664927436881,0.2744324511807092,-1.1804179269059165,1.6084391947673204,-0.997471732522988,0.9210157017922567,-1.0161329645585022,0
-0.634918112038349,0.9009088760241706,0.8491410419312149,-0.8496229676972546,-0.911310674287764,0.9048055324001227,-1.2325430157464317,0.2744324511807092,-0.11965409719924096,-0.7996548742607882,-0.997471732522988,0.821805540064022,-1.0161329645585022,0
-1.143265377720465,-1.1099901739376037,-0.502969299721533,-0.6999428199967962,-0.911310674287764,-1.177851894974348,-0.7257958293968509,-1.461440576166749,-1.1804179269059165,0.003043148748581378,-0.7394662468772634,0.5241750548793175,-1.0161329645585022,0
-0.9738162891597597,-1.1099901739376037,-1.179024470547907,-0.7053753976301532,-0.5733475201700994,0.21058638994196582,0.06599664927436881,-1.461440576166749,1.8407448792206904,1.6084391947673204,-0.4814607612315388,-0.7655570475877348,-1.0161329645585022,0
-0.2960199349169384,-1.1099901739376037,0.8491410419312149,-0.821986308225235,-0.404365943111267,0.9048055324001227,-1.2325430157464317,0.853056793629862,-0.8447331706696268,-0.9143260204049839,-0.997471732522988,-2.3727616675851384,-1.0161329645585022,0
-0.8043672005990544,-1.1099901739376037,0.8491410419312149,-0.702895994466092,-0.911310674287764,-1.177851894974348,-0.5674373336626071,0.2744324511807092,-1.1804179269059165,0.3470565871811683,-0.997471732522988,-0.6266628211682062,0.9841231756854657,0
-0.634918112038349,-1.1099901739376037,-0.502969299721533,-0.7921703007491361,-0.5733475201700994,0.9048055324001227,-1.2325430157464317,0.2744324511807092,0.0851136041048956,-0.9143260204049839,-0.997471732522988,-1.9362369559809054,0.9841231756854657,0
-0.8043672005990544,-1.1099901739376037,1.5251962127575889,-0.7704084054620257,-0.911310674287764,0.9048055324001227,-1.2325430157464317,0.2744324511807092,0.5651428055227898,-0.9143260204049839,-0.7394662468772634,-1.2219237915376149,-1.0161329645585022,1
-0.46546902347764374,0.9009088760241706,0.8491410419312149,-0.7024696002913808,-0.7423290972289317,-1.177851894974348,-1.359229812333827,-0.8828162337175963,-1.8752853723150364,-1.2583394588375707,-0.7394662468772634,-0.15045404487267908,-1.0161329645585022,0
-0.9738162891597597,-1.1099901739376037,-0.502969299721533,-0.6972581159337999,-0.5733475201700994,0.21058638994196582,-1.2008713165995828,0.853056793629862,0.001192415045823164,-0.9143260204049839,-0.997471732522988,1.1194360252487263,-1.0161329645585022,0
-0.46546902347764374,-1.1099901739376037,-1.179024470547907,-0.7152140484021922,-0.404365943111267,0.9048055324001227,-1.2325430157464317,0.2744324511807092,0.5114332445249834,-1.0289971665491795,-0.7394662468772634,0.7424374106814341,0.9841231756854657,0
-0.9738162891597597,0.9009088760241706,-0.502969299721533,-0.3902385177649234,-0.911310674287764,0.9048055324001227,-1.2325430157464317,1.4316811360790147,1.8407448792206904,-1.2583394588375707,-0.4814607612315388,-0.6266628211682062,0.9841231756854657,0
-0.46546902347764374,0.9009088760241706,-1.179024470547907,-0.39366546353945386,-0.7423290972289317,0.9048055324001227,-1.2325430157464317,-1.461440576166749,0.5382880250238866,-1.2583394588375707,-0.4814607612315388,0.305912699077201,0.9841231756854657,0
-0.8043672005990544,0.9009088760241706,-0.502969299721533,-0.701458888173547,-0.911310674287764,0.21058638994196582,-1.042512820865339,0.853056793629862,0.03476089066945202,-0.6849837281165926,-0.4814607612315388,0.4249648931510827,0.9841231756854657,0
-0.8043672005990544,0.9009088760241706,-1.179024470547907,-0.7027696554513627,-0.7423290972289317,-1.177851894974348,-0.18737694390042153,-1.461440576166749,-0.46205254856025635,1.1497546101905376,-0.7394662468772634,0.6432272489531993,0.9841231756854657,0
-0.2960199349169384,0.9009088760241706,1.5251962127575889,-0.3918967173332446,-0.5733475201700994,0.9048055324001227,-1.2325430157464317,0.2744324511807092,1.0418151593783211,-1.2583394588375707,-0.997471732522988,0.5440170872249644,-1.0161329645585022,0
-0.634918112038349,-1.1099901739376037,0.8491410419312149,-0.7034961047860558,-0.404365943111267,0.21058638994196582,-0.5674373336626071,1.4316811360790147,-0.08944246913797492,0.3470565871811683,-0.997471732522988,-0.9242933063529105,0.9841231756854657,0
-0.9738162891597597,-1.1099901739376037,-0.502969299721533,-0.38472697824736063,-0.404365943111267,0.9048055324001227,-1.2325430157464317,1.4316811360790147,1.4110683912382405,-1.2583394588375707,-0.7394662468772634,0.9011736694466097,0.9841231756854657,0
-0.8043672005990544,-1.1099901739376037,0.8491410419312149,-0.33179093107581215,-0.5733475201700994,0.9048055324001227,-1.2325430157464317,0.853056793629862,0.16232109803924238,-1.2583394588375707,-0.4814607612315388,-0.20998014190961997,0.9841231756854657,0
-1.143265377720465,0.9009088760241706,-1.179024470547907,-0.33592853380819454,-0.911310674287764,0.9048055324001227,-1.2325430157464317,-1.461440576166749,0.7866947446387411,-1.2583394588375707,-0.997471732522988,1.35754041339649,0.9841231756854657,0
-0.8043672005990544,0.9009088760241706,-0.502969299721533,-0.28806183960265647,-0.7423290972289317,0.9048055324001227,-1.2325430157464317,1.4316811360790147,1.6829730437896346,-1.2583394588375707,-0.997471732522988,0.40512286080543575,0.9841231756854657,0
-1.143265377720465,-1.1099901739376037,-0.502969299721533,-0.6966264208601538,-0.911310674287764,-1.177851894974348,-0.646616581529729,0.853056793629862,0.7464125738903866,0.1177142948927768,-0.997471732522988,0.3654387961141419,0.9841231756854657,0
-0.9738162891597597,0.9009088760241706,-1.179024470547907,-0.16710802537625735,-0.911310674287764,0.9048055324001227,-1.2325430157464317,-1.461440576166749,1.0955247203761276,-1.2583394588375707,-0.7394662468772634,-2.114815247091728,0.9841231756854657,0
-0.9738162891597597,0.9009088760241706,0.8491410419312149,-0.14430383321763085,-0.911310674287764,0.9048055324001227,-1.2325430157464317,0.853056793629862,0.3939435798422821,-1.2583394588375707,-0.997471732522988,-0.38855843302044263,-1.0161329645585022,0
-0.9738162891597597,0.9009088760241706,-1.179024470547907,0.0997041813550409,-0.911310674287764,0.9048055324001227,-1.2325430157464317,-0.8828162337175963,0.03811773823181484,-1.3730106049817663,-0.4814607612315388,0.4844909901880236,-1.0161329645585022,0
-0.9738162891597597,0.9009088760241706,-1.179024470547907,0.13755850864328725,-0.911310674287764,0.9048055324001227,-1.2325430157464317,1.4316811360790147,0.1354663175403392,-1.3730106049817663,-0.7394662468772634,0.4844909901880236,-1.0161329645585022,0
-0.2960199349169384,-1.1099901739376037,-0.502969299721533,0.16983812690660618,0.4405419421828948,0.9048055324001227,-1.2325430157464317,1.4316811360790147,-0.5896127559300467,-1.3730106049817663,-0.997471732522988,0.22654456969461315,0.9841231756854657,0
-0.634918112038349,0.9009088760241706,-0.502969299721533,0.17465480184315818,-0.7423290972289317,0.9048055324001227,-1.2325430157464317,-0.3041918912684436,-0.6936750303632967,-1.3730106049817663,-0.4814607612315388,0.9408577341379036,-1.0161329645585022,0
-0.634918112038349,0.9009088760241706,1.5251962127575889,-0.7013167567819766,-0.5733475201700994,-1.177851894974348,-0.646616581529729,-1.461440576166749,0.001192415045823164,0.1177142948927768,-0.7394662468772634,-1.5592383414136133,-1.0161329645585022,0
-1.143265377720465,0.9009088760241706,1.5251962127575889,-0.9739089734371372,-0.7423290972289317,0.9048055324001227,-1.2285840533530756,1.4316811360790147,1.5486991412951188,-0.45564143582820127,-0.997471732522988,0.20670253734896618,-1.0161329645585022,1
-0.9738162891597597,0.9009088760241706,0.8491410419312149,-0.701458888173547,-0.7423290972289317,-1.177851894974348,0.7786098800784667,0.853056793629862,-0.37813135950118393,3.0991640946418633,-0.997471732522988,0.6432272489531993,0.9841231756854657,0
-0.46546902347764374,0.9009088760241706,-1.179024470547907,-0.8776386442134619,-0.911310674287764,0.9048055324001227,-1.2285840533530756,0.853056793629862,0.561785957960427,-0.7996548742607882,-0.997471732522988,-0.7655570475877348,0.9841231756854657,0
-0.46546902347764374,-1.1099901739376037,1.5251962127575889,-0.7036224438007851,-0.5733475201700994,-1.177851894974348,-0.527847709729046,-0.3041918912684436,-0.25392799969375696,0.4617277333253637,-0.997471732522988,-1.0235034680811452,0.9841231756854657,0
-0.634918112038349,0.9009088760241706,-1.179024470547907,-0.5818474259786459,-0.7423290972289317,0.9048055324001227,-1.2246250909597194,-0.8828162337175963,-1.3046212867133438,-1.143668312693375,-0.997471732522988,1.0202258635204915,-1.0161329645585022,0
-1.143265377720465,0.9009088760241706,-1.179024470547907,-1.0005191284144819,-0.911310674287764,0.9048055324001227,-1.2206661285663634,-1.461440576166749,-1.3482603050240614,-0.34097028968400567,-0.7394662468772634,-0.051243883144444294,0.9841231756854657,0
-0.634918112038349,-1.1099901739376037,-0.502969299721533,-0.9688396204711268,-0.23538436605243465,0.9048055324001227,-1.2206661285663634,-0.8828162337175963,0.8336906105118219,-0.45564143582820127,-0.997471732522988,0.2463866020402601,-1.0161329645585022,0
-0.2960199349169384,0.9009088760241706,-0.502969299721533,-0.8806865729438047,0.10257878806523006,0.9048055324001227,-1.2167071661730073,-1.461440576166749,0.001192415045823164,-0.6849837281165926,-0.7394662468772634,-0.8846092416616166,-1.0161329645585022,0
-0.9738162891597597,0.9009088760241706,0.8491410419312149,-0.7492624128717204,-0.911310674287764,0.9048055324001227,-1.2167071661730073,-1.461440576166749,-1.2475548781531747,-0.9143260204049839,-0.7394662468772634,-1.2219237915376149,-1.0161329645585022,1
-0.634918112038349,0.9009088760241706,0.8491410419312149,-0.6384788893310245,-0.911310674287764,0.9048055324001227,-1.2167071661730073,0.2744324511807092,0.8336906105118219,-1.0289971665491795,-0.997471732522988,0.32575473142284794,0.9841231756854657,0
-0.8043672005990544,0.9009088760241706,1.5251962127575889,-0.6762858394887473,-0.911310674287764,0.9048055324001227,-1.212748203779651,0.853056793629862,0.3939435798422821,-1.0289971665491795,-0.997471732522988,-0.8052411122790287,0.9841231756854657,0
-0.46546902347764374,0.9009088760241706,-0.502969299721533,-0.44595402326051503,-0.06640278899360229,0.9048055324001227,-1.212748203779651,-0.8828162337175963,-1.623521805137819,-1.143668312693375,-0.4814607612315388,0.18686050500331922,-1.0161329645585022,0
-0.8043672005990544,0.9009088760241706,-0.502969299721533,-0.927653101669397,-0.5733475201700994,0.9048055324001227,-1.208789241386295,-1.461440576166749,-0.21364582894540246,-0.570312581972397,-0.997471732522988,0.6432272489531993,0.9841231756854657,0
-0.9738162891597597,-1.1099901739376037,-1.179024470547907,-0.6997059343441788,-0.5733475201700994,-1.177851894974348,-1.2008713165995828,0.2744324511807092,-0.811164695045998,-0.9143260204049839,-0.7394662468772634,-0.20998014190961997,-1.0161329645585022,0
-0.634918112038349,0.9009088760241706,0.8491410419312149,-0.64580655218532,-0.7423290972289317,0.9048055324001227,-1.208789241386295,0.2744324511807092,0.7061304031420315,-1.0289971665491795,-0.4814607612315388,-1.12271362980938,0.9841231756854657,0
-0.634918112038349,0.9009088760241706,0.8491410419312149,-0.6950313907991973,-0.7423290972289317,-1.177851894974348,-0.646616581529729,-1.461440576166749,0.6624913848313142,0.1177142948927768,-0.997471732522988,-1.142555662155027,0.9841231756854657,0
-0.634918112038349,-1.1099901739376037,-1.179024470547907,-0.6980793195295399,-0.5733475201700994,-1.177851894974348,0.06599664927436881,0.853056793629862,0.001192415045823164,1.6084391947673204,-0.997471732522988,0.5638591195706114,0.9841231756854657,0
-0.634918112038349,-1.1099901739376037,-0.502969299721533,-1.0543237563122938,-0.7423290972289317,0.9048055324001227,-1.2008713165995828,-1.461440576166749,-0.25392799969375696,0.1177142948927768,-0.997471732522988,-0.190138109563973,-1.0161329645585022,1
-0.8043672005990544,0.9009088760241706,1.5251962127575889,-0.6944470728560745,-0.7423290972289317,-1.177851894974348,0.06599664927436881,-0.8828162337175963,-1.0092187012254088,1.6084391947673204,-0.997471732522988,-0.22982217425526694,0.9841231756854657,0
-0.8043672005990544,0.9009088760241706,-0.502969299721533,-1.018569815143921,-0.911310674287764,0.9048055324001227,-1.2008713165995828,-0.8828162337175963,-1.0964967378468442,-0.11162799739561437,-0.4814607612315388,-2.075131182400434,-1.0161329645585022,1
-0.46546902347764374,0.9009088760241706,-1.179024470547907,-1.0187119465354915,-0.5733475201700994,0.9048055324001227,-1.2008713165995828,-0.3041918912684436,0.2965950005337584,-0.11162799739561437,-0.4814607612315388,-0.4877685947486774,-1.0161329645585022,1
-1.143265377720465,-1.1099901739376037,1.5251962127575889,-0.982184178901902,-0.911310674287764,0.9048055324001227,-1.2008713165995828,0.2744324511807092,0.001192415045823164,-0.34097028968400567,-0.4814607612315388,-1.8568688265983175,0.9841231756854657,0
-0.8043672005990544,0.9009088760241706,0.8491410419312149,-0.6940048863045223,-0.911310674287764,-1.177851894974348,0.30353439287573475,-1.461440576166749,-1.0427871768490378,2.0671237793441026,-0.4814607612315388,0.7225953783357871,0.9841231756854657,0
-0.634918112038349,-1.1099901739376037,1.5251962127575889,-0.9715559092878053,-0.911310674287764,0.9048055324001227,-1.2008713165995828,1.4316811360790147,-0.11965409719924096,-0.34097028968400567,-0.4814607612315388,0.7027533459901402,0.9841231756854657,0
-0.2960199349169384,0.9009088760241706,-0.502969299721533,-0.9760567366875342,-0.5733475201700994,0.9048055324001227,-1.2008713165995828,0.853056793629862,2.17642963545698,-0.34097028968400567,-0.4814607612315388,0.3654387961141419,-1.0161329645585022,1
-1.143265377720465,-1.1099901739376037,0.8491410419312149,-0.6949682212918327,-0.911310674287764,-1.177851894974348,-0.8524826259842462,0.853056793629862,0.3301634761573873,-0.2262991435398101,-0.7394662468772634,-1.5592383414136133,0.9841231756854657,0
-0.2960199349169384,-1.1099901739376037,1.5251962127575889,-0.9699924639805311,-0.7423290972289317,0.9048055324001227,-1.2008713165995828,0.853056793629862,-0.21364582894540246,-0.34097028968400567,-0.997471732522988,0.14717644031202531,0.9841231756854657,0
-1.143265377720465,0.9009088760241706,-0.502969299721533,-0.9777307286326965,-0.911310674287764,0.9048055324001227,-1.2008713165995828,-1.461440576166749,-1.7510820125076092,-0.34097028968400567,-0.997471732522988,0.0479662785837905,-1.0161329645585022,0
-0.2960199349169384,0.9009088760241706,1.5251962127575889,-0.9761988680791046,-0.404365943111267,0.9048055324001227,-1.2008713165995828,0.2744324511807092,-1.371758237960602,-0.34097028968400567,-0.4814607612315388,0.26622863438590705,0.9841231756854657,0
-0.2960199349169384,0.9009088760241706,1.5251962127575889,-0.6972897006874823,-0.23538436605243465,-1.177851894974348,-0.3774071387815143,-0.3041918912684436,-0.8447331706696268,0.6910700256137552,-0.4814607612315388,0.7225953783357871,0.9841231756854657,0
-0.2960199349169384,0.9009088760241706,-0.502969299721533,-0.9763725842243572,-0.23538436605243465,0.9048055324001227,-1.2008713165995828,-1.461440576166749,1.5352717510456675,-0.34097028968400567,-0.4814607612315388,0.12733440796637835,-1.0161329645585022,1
-0.46546902347764374,-1.1099901739376037,-1.179024470547907,-0.9598537580485101,-0.7423290972289317,0.9048055324001227,-1.2008713165995828,0.2744324511807092,-1.0495008719737637,-0.45564143582820127,-0.4814607612315388,-0.7060309505507939,0.9841231756854657,0
-1.143265377720465,0.9009088760241706,-1.179024470547907,-0.9489412256512726,-0.911310674287764,0.9048055324001227,-1.2008713165995828,0.2744324511807092,-1.0427871768490378,-0.45564143582820127,-0.997471732522988,-0.6068207888225592,0.9841231756854657,0
-0.634918112038349,0.9009088760241706,-0.502969299721533,-0.9442508897294499,-0.5733475201700994,0.9048055324001227,-1.2008713165995828,0.853056793629862,1.357358830240434,-0.45564143582820127,-0.4814607612315388,-0.5869787564769122,-1.0161329645585022,1
-0.46546902347764374,0.9009088760241706,1.5251962127575889,-0.945798542659883,-0.404365943111267,0.9048055324001227,-1.2008713165995828,-0.8828162337175963,0.830333762949459,-0.45564143582820127,-0.4814607612315388,1.0797519605574324,0.9841231756854657,0
-0.634918112038349,-1.1099901739376037,0.8491410419312149,-0.9088443808515824,-0.911310674287764,0.9048055324001227,-1.2008713165995828,1.4316811360790147,-0.21364582894540246,-0.570312581972397,-0.997471732522988,0.5043330225336705,-1.0161329645585022,0
-0.46546902347764374,-1.1099901739376037,-1.179024470547907,-0.8982792807448503,-0.911310674287764,0.9048055324001227,-1.2008713165995828,-1.461440576166749,-1.173704231781191,-0.570312581972397,-0.4814607612315388,1.0400678958661385,-1.0161329645585022,1
-0.8043672005990544,0.9009088760241706,-1.179024470547907,-0.903569726986637,-0.5733475201700994,0.9048055324001227,-1.2008713165995828,-0.8828162337175963,1.2700807936189982,-0.570312581972397,-0.7394662468772634,0.3654387961141419,0.9841231756854657,0
-1.143265377720465,0.9009088760241706,0.8491410419312149,-0.9029222395361496,-0.911310674287764,0.9048055324001227,-1.2008713165995828,-0.8828162337175963,-1.8752853723150364,-0.570312581972397,-0.7394662468772634,-3.3847053172131334,0.9841231756854657,0
-0.2960199349169384,0.9009088760241706,-0.502969299721533,-0.9023695063467092,-0.7423290972289317,0.9048055324001227,-1.2008713165995828,-0.8828162337175963,0.769910506826927,-0.570312581972397,-0.997471732522988,-2.9481806056089,-1.0161329645585022,1
-0.9738162891597597,0.9009088760241706,-1.179024470547907,-0.8845399128930462,-0.5733475201700994,0.9048055324001227,-1.2008713165995828,1.4316811360790147,1.0787404825643134,-0.6849837281165926,-0.997471732522988,0.16701847265767225,0.9841231756854657,0
-0.634918112038349,0.9009088760241706,-0.502969299721533,-0.6960736876707134,-0.23538436605243465,-1.177851894974348,1.6495816066168083,-0.3041918912684436,-0.12972463988633004,4.819231286804798,-0.7394662468772634,1.6750129309268411,-1.0161329645585022,0
-0.634918112038349,-1.1099901739376037,-0.502969299721533,-0.8855822097645625,-0.5733475201700994,0.9048055324001227,-1.2008713165995828,0.2744324511807092,0.8336906105118219,-0.6849837281165926,-0.4814607612315388,-0.20998014190961997,0.9841231756854657,0
-0.8043672005990544,-1.1099901739376037,-1.179024470547907,-0.87651738545774,-0.911310674287764,0.9048055324001227,-1.2008713165995828,-0.8828162337175963,-0.1397951825734185,-0.6849837281165926,-0.4814607612315388,-1.9362369559809054,0.9841231756854657,0
-0.2960199349169384,0.9009088760241706,-0.502969299721533,-0.8808287043353751,-0.06640278899360229,0.9048055324001227,-1.2008713165995828,0.2744324511807092,-1.623521805137819,-0.6849837281165926,-0.4814607612315388,1.0400678958661385,-1.0161329645585022,0
-0.9738162891597597,0.9009088760241706,0.8491410419312149,-0.8753013724409712,-0.5733475201700994,0.9048055324001227,-1.2008713165995828,-1.461440576166749,-1.1804179269059165,-0.6849837281165926,-0.997471732522988,1.258330251668255,-1.0161329645585022,0
-1.143265377720465,0.9009088760241706,0.8491410419312149,-0.8671682983677768,-0.911310674287764,0.9048055324001227,-1.2008713165995828,0.2744324511807092,0.001192415045823164,-0.6849837281165926,-0.7394662468772634,-2.094973214746081,0.9841231756854657,0
-0.2960199349169384,0.9009088760241706,0.8491410419312149,-0.8708637145486069,-0.404365943111267,0.9048055324001227,-1.2008713165995828,-0.8828162337175963,-0.811164695045998,-0.6849837281165926,-0.7394662468772634,0.5837011519162584,-1.0161329645585022,1
-0.8043672005990544,0.9009088760241706,-1.179024470547907,-0.6981898661674281,-0.911310674287764,-1.177851894974348,-0.5674373336626071,0.2744324511807092,0.3301634761573873,0.3470565871811683,-0.997471732522988,-0.011559818453150373,-1.0161329645585022,0
-0.9738162891597597,0.9009088760241706,0.8491410419312149,-0.6982846204284751,-0.7423290972289317,-1.177851894974348,-0.7257958293968509,1.4316811360790147,-0.5896127559300467,0.003043148748581378,-0.4814607612315388,-1.12271362980938,-1.0161329645585022,0
-0.9738162891597597,-1.1099901739376037,1.5251962127575889,-0.6982056585442692,-0.911310674287764,-1.177851894974348,-1.121692068732461,-0.8828162337175963,-1.3751150855229646,-0.7996548742607882,-0.7394662468772634,0.6035431842619053,0.9841231756854657,0
-0.9738162891597597,-1.1099901739376037,-0.502969299721533,-0.8413319698556487,-0.5733475201700994,0.9048055324001227,-1.2008713165995828,-0.8828162337175963,1.0787404825643134,-0.6849837281165926,-0.7394662468772634,1.1392780575943733,0.9841231756854657,0
-0.8043672005990544,0.9009088760241706,0.8491410419312149,-0.6979213957611284,-0.404365943111267,0.21058638994196582,-1.2008713165995828,-0.8828162337175963,0.7229146409538463,-0.9143260204049839,-0.7394662468772634,-1.678290535487495,0.9841231756854657,0
-1.143265377720465,-1.1099901739376037,-1.179024470547907,-0.8385051344010821,-0.7423290972289317,0.9048055324001227,-1.2008713165995828,-1.461440576166749,0.23617174441122635,-0.7996548742607882,-0.997471732522988,-1.3211339532658497,-1.0161329645585022,1
-0.9738162891597597,0.9009088760241706,0.8491410419312149,-0.8385367191547645,-0.911310674287764,0.9048055324001227,-1.2008713165995828,-1.461440576166749,1.9750187817152072,-0.7996548742607882,-0.997471732522988,0.286070666731554,-1.0161329645585022,1
-0.8043672005990544,0.9009088760241706,-0.502969299721533,-0.8253974616229243,-0.911310674287764,0.9048055324001227,-1.2008713165995828,1.4316811360790147,1.0015329886299666,-0.7996548742607882,-0.997471732522988,1.8734332543833108,-1.0161329645585022,0
-0.9738162891597597,-1.1099901739376037,-1.179024470547907,-0.8273557163512273,-0.7423290972289317,0.9048055324001227,-1.2008713165995828,1.4316811360790147,-1.2475548781531747,-0.7996548742607882,-0.7394662468772634,-0.5671367241312653,-1.0161329645585022,0
-0.8043672005990544,0.9009088760241706,0.8491410419312149,-0.8295666491089889,-0.911310674287764,0.9048055324001227,-1.2008713165995828,-0.8828162337175963,-0.2069321338206762,-0.7996548742607882,-0.7394662468772634,0.4249648931510827,0.9841231756854657,0
-1.143265377720465,-1.1099901739376037,-1.179024470547907,-0.8063992322830159,-0.7423290972289317,0.9048055324001227,-1.2008713165995828,0.2744324511807092,0.7061304031420315,-0.7996548742607882,-0.997471732522988,-0.5472946917856183,-1.0161329645585022,0
-0.9738162891597597,0.9009088760241706,-0.502969299721533,-0.7997348492560489,-0.911310674287764,0.9048055324001227,-1.2008713165995828,-0.3041918912684436,0.2965950005337584,-0.7996548742607882,-0.4814607612315388,0.3654387961141419,-1.0161329645585022,1
-0.634918112038349,0.9009088760241706,1.5251962127575889,-0.7966395433951826,-0.5733475201700994,0.9048055324001227,-1.2008713165995828,0.2744324511807092,0.001192415045823164,-0.7996548742607882,-0.7394662468772634,0.6630692812988462,-1.0161329645585022,0
-0.634918112038349,0.9009088760241706,-0.502969299721533,-0.7950129285805437,-0.23538436605243465,0.9048055324001227,-1.2008713165995828,-0.3041918912684436,0.5651428055227898,-0.7996548742607882,-0.997471732522988,0.3455967637684949,-1.0161329645585022,1
-0.46546902347764374,-1.1099901739376037,-1.179024470547907,-0.7908911182250026,-0.23538436605243465,0.9048055324001227,-1.2008713165995828,0.2744324511807092,1.87431335484432,-0.7996548742607882,-0.997471732522988,-0.40840046536608954,0.9841231756854657,0
-1.143265377720465,-1.1099901739376037,-1.179024470547907,-0.7915543980523311,-0.911310674287764,0.9048055324001227,-1.2008713165995828,0.853056793629862,2.478545916069642,-0.7996548742607882,-0.7394662468772634,0.10749237562073138,-1.0161329645585022,1
-0.8043672005990544,0.9009088760241706,0.8491410419312149,-0.691730784039396,-0.7423290972289317,0.21058638994196582,-0.5040939353689095,-0.8828162337175963,-0.6936750303632967,0.4617277333253637,-0.4814607612315388,-0.15045404487267908,0.9841231756854657,0
-0.8043672005990544,-1.1099901739376037,-0.502969299721533,-0.7882222065388476,-0.7423290972289317,0.9048055324001227,-1.2008713165995828,-0.8828162337175963,0.5382880250238866,-0.7996548742607882,-0.7394662468772634,0.8614896047553159,0.9841231756854657,0
-0.9738162891597597,-1.1099901739376037,1.5251962127575889,-0.6972739083106412,-0.911310674287764,-1.177851894974348,-0.11215665842665565,0.2744324511807092,1.5688402266692962,1.2644257563347332,-0.7394662468772634,1.5559607368529593,-1.0161329645585022,1
-0.46546902347764374,0.9009088760241706,1.5251962127575889,-0.7891855415261579,-0.911310674287764,0.9048055324001227,-1.2008713165995828,0.853056793629862,-0.21028898138303903,-0.7996548742607882,-0.4814607612315388,0.20670253734896618,0.9841231756854657,0
-0.8043672005990544,-1.1099901739376037,-0.502969299721533,-0.7922808473870241,-0.911310674287764,0.9048055324001227,-1.2008713165995828,-0.8828162337175963,1.1223795008750308,-0.7996548742607882,-0.997471732522988,-0.8846092416616166,-1.0161329645585022,0
-0.9738162891597597,-1.1099901739376037,1.5251962127575889,-0.7861691975494974,-0.7423290972289317,0.9048055324001227,-1.2008713165995828,-0.8828162337175963,0.7061304031420315,-0.7996548742607882,-0.4814607612315388,0.2463866020402601,0.9841231756854657,0
-0.9738162891597597,-1.1099901739376037,0.8491410419312149,-0.6922519324751542,-0.911310674287764,0.21058638994196582,-1.2325430157464317,0.2744324511807092,-1.8752853723150364,-1.0289971665491795,-0.4814607612315388,0.3455967637684949,0.9841231756854657,0
-0.634918112038349,0.9009088760241706,-1.179024470547907,-0.6949208441613092,-0.23538436605243465,-1.177851894974348,-1.121692068732461,0.853056793629862,-1.4254677989584081,-0.7996548742607882,-0.997471732522988,-1.658448503141848,0.9841231756854657,0
-0.634918112038349,0.9009088760241706,-1.179024470547907,-0.6983635823126808,-0.911310674287764,-1.177851894974348,0.22435514500861276,0.853056793629862,0.23617174441122635,1.952452633199907,-0.4814607612315388,-0.5869787564769122,-1.0161329645585022,1
-1.143265377720465,-1.1099901739376037,1.5251962127575889,-0.7887117702209233,-0.911310674287764,0.9048055324001227,-1.2008713165995828,-0.8828162337175963,0.04483143335654109,-0.7996548742607882,-0.4814607612315388,-0.6663468858595001,0.9841231756854657,0
-0.46546902347764374,-1.1099901739376037,-1.179024470547907,-0.6919676696920134,-0.404365943111267,-1.177851894974348,0.06599664927436881,-1.461440576166749,-1.0964967378468442,1.6084391947673204,-0.7394662468772634,0.6035431842619053,0.9841231756854657,0
-0.634918112038349,-1.1099901739376037,1.5251962127575889,-0.7943022716226918,-0.911310674287764,0.9048055324001227,-1.2008713165995828,-0.3041918912684436,1.2096575374964662,-0.7996548742607882,-0.997471732522988,-0.07108591549009124,-1.0161329645585022,1
-0.634918112038349,0.9009088760241706,-1.179024470547907,-0.7891855415261579,-0.911310674287764,0.9048055324001227,-1.2008713165995828,1.4316811360790147,1.676259348664909,-0.7996548742607882,-0.997471732522988,-0.6266628211682062,-1.0161329645585022,1
-0.9738162891597597,-1.1099901739376037,0.8491410419312149,-0.7822368957160502,-0.7423290972289317,0.9048055324001227,-1.2008713165995828,-0.8828162337175963,0.11868207972852446,-0.7996548742607882,-0.4814607612315388,0.6630692812988462,0.9841231756854657,0
-0.9738162891597597,-1.1099901739376037,-1.179024470547907,-0.7770096189816281,-0.5733475201700994,0.9048055324001227,-1.2008713165995828,-0.8828162337175963,0.7464125738903866,-0.7996548742607882,-0.4814607612315388,-0.30919030363785477,0.9841231756854657,0
-0.634918112038349,-1.1099901739376037,1.5251962127575889,-0.7732668256702746,-0.5733475201700994,0.9048055324001227,-1.2008713165995828,0.853056793629862,-1.4724636648314886,-0.9143260204049839,-0.4814607612315388,0.5241750548793175,0.9841231756854657,0
-0.46546902347764374,0.9009088760241706,0.8491410419312149,-0.7648179040602572,-0.7423290972289317,0.9048055324001227,-1.2008713165995828,1.4316811360790147,-0.3680608168140954,-0.9143260204049839,-0.4814607612315388,-0.9639773710442044,-1.0161329645585022,0
-0.634918112038349,0.9009088760241706,1.5251962127575889,-0.7667761587885603,-0.404365943111267,0.9048055324001227,-1.2008713165995828,-1.461440576166749,1.327147202179168,-0.9143260204049839,-0.4814607612315388,-1.2814498885745558,-1.0161329645585022,1
-1.143265377720465,-1.1099901739376037,-1.179024470547907,-0.7678342480369176,-0.911310674287764,0.9048055324001227,-1.2008713165995828,-0.8828162337175963,0.8269769153870962,-0.9143260204049839,-0.997471732522988,0.08765034327508442,0.9841231756854657,0
-0.9738162891597597,-1.1099901739376037,-0.502969299721533,-0.6799970480464186,-0.911310674287764,0.21058638994196582,-0.5674373336626071,1.4316811360790147,-1.1804179269059165,0.23238544103697253,-0.4814607612315388,-0.8449251769703227,-1.0161329645585022,0
-0.46546902347764374,-1.1099901739376037,-1.179024470547907,-0.751789193166305,-0.23538436605243465,0.9048055324001227,-1.2008713165995828,0.2744324511807092,0.665848232393677,-0.9143260204049839,-0.4814607612315388,1.298014316359549,-1.0161329645585022,0
-1.143265377720465,-1.1099901739376037,1.5251962127575889,-0.685887604608169,-0.911310674287764,-1.177851894974348,-0.7257958293968509,-1.461440576166749,0.860545391010725,0.003043148748581378,-0.4814607612315388,-0.17029607721832604,-1.0161329645585022,1
-0.8043672005990544,0.9009088760241706,-0.502969299721533,-0.6866456386965445,-0.911310674287764,-0.4836327525161911,-1.042512820865339,1.4316811360790147,-0.5661148229935064,-0.6849837281165926,-0.7394662468772634,-1.0830295651180861,-1.0161329645585022,0
-0.8043672005990544,0.9009088760241706,0.8491410419312149,-0.7377023930239957,-0.911310674287764,0.9048055324001227,-1.2008713165995828,-1.461440576166749,0.8739727812601764,-0.9143260204049839,-0.4814607612315388,-0.07108591549009124,0.9841231756854657,0
-0.8043672005990544,0.9009088760241706,-1.179024470547907,-0.7318434212159274,-0.404365943111267,0.9048055324001227,-1.2008713165995828,-1.461440576166749,1.0015329886299666,-0.9143260204049839,-0.7394662468772634,0.08765034327508442,-1.0161329645585022,1
-0.9738162891597597,0.9009088760241706,1.5251962127575889,-0.6958841791486196,-0.7423290972289317,0.9048055324001227,-1.2008713165995828,0.2744324511807092,-0.8447331706696268,-0.9143260204049839,-0.997471732522988,1.0995939929030794,0.9841231756854657,0
-0.2960199349169384,0.9009088760241706,1.5251962127575889,-0.6740749067309858,-0.06640278899360229,0.9048055324001227,-1.2008713165995828,-0.8828162337175963,0.23617174441122635,-1.0289971665491795,-0.997471732522988,1.6551708985811941,-1.0161329645585022,1
-0.46546902347764374,-1.1099901739376037,-1.179024470547907,-0.6785441493770324,-0.911310674287764,0.9048055324001227,-1.2008713165995828,0.2744324511807092,0.4745079213389917,-1.0289971665491795,-0.997471732522988,-0.8250831446246757,-1.0161329645585022,0
-1.143265377720465,-1.1099901739376037,-0.502969299721533,-0.6757804834298304,-0.911310674287764,0.9048055324001227,-1.2008713165995828,-0.8828162337175963,0.8135495251376443,-1.0289971665491795,-0.4814607612315388,-1.8370267942526706,0.9841231756854657,0
-0.8043672005990544,0.9009088760241706,1.5251962127575889,-0.6819395103978805,-0.7423290972289317,-1.177851894974348,-0.765385453330412,-1.461440576166749,1.159304824061023,-0.11162799739561437,-0.4814607612315388,1.6353288662355472,-1.0161329645585022,1
-0.634918112038349,-1.1099901739376037,-0.502969299721533,-0.6841030660251186,-0.5733475201700994,0.9048055324001227,-1.2008713165995828,-1.461440576166749,-1.1233515183457474,-1.0289971665491795,-0.7394662468772634,1.0202258635204915,0.9841231756854657,0
-0.634918112038349,-1.1099901739376037,-1.179024470547907,-0.6734432116573397,-0.5733475201700994,0.9048055324001227,-1.2008713165995828,0.2744324511807092,3.018998373610068,-1.0289971665491795,-0.7394662468772634,0.8416475724096689,-1.0161329645585022,1
-0.9738162891597597,0.9009088760241706,-1.179024470547907,-0.678196717086527,-0.911310674287764,-1.177851894974348,-0.6624524311031534,-0.8828162337175963,0.6154955189582334,0.1177142948927768,-0.4814607612315388,-3.106916864374076,0.9841231756854657,0
-0.8043672005990544,-1.1099901739376037,0.8491410419312149,0.3035995587511813,-0.5733475201700994,0.9048055324001227,0.8577891279455886,-0.3041918912684436,2.431550050196561,0.1177142948927768,-0.997471732522988,-0.7457150152420878,-1.0161329645585022,1
-0.9738162891597597,0.9009088760241706,-0.502969299721533,0.09796701990251395,-0.911310674287764,0.9048055324001227,0.8577891279455886,0.2744324511807092,1.934736610966852,0.3470565871811683,-0.997471732522988,0.801963507718375,-1.0161329645585022,1
-0.46546902347764374,0.9009088760241706,-0.502969299721533,0.5557406473970474,-0.911310674287764,0.9048055324001227,0.8577891279455886,1.4316811360790147,0.4745079213389917,-0.11162799739561437,-0.997471732522988,-2.0156050853634935,0.9841231756854657,0
-0.8043672005990544,0.9009088760241706,1.5251962127575889,0.5533717908708743,-0.911310674287764,0.9048055324001227,0.8577891279455886,-0.8828162337175963,-0.37813135950118393,-0.11162799739561437,-0.4814607612315388,-2.4124457322764323,0.9841231756854657,0
-0.8043672005990544,0.9009088760241706,-1.179024470547907,0.5566408128769932,-0.7423290972289317,0.9048055324001227,0.8577891279455886,1.4316811360790147,1.357358830240434,-0.11162799739561437,-0.997471732522988,-0.7258729828964409,-1.0161329645585022,0
-0.46546902347764374,0.9009088760241706,-0.502969299721533,-0.6766490641560939,-0.06640278899360229,-1.177851894974348,-0.7257958293968509,1.4316811360790147,-1.6705176710108995,-0.11162799739561437,-0.7394662468772634,0.6035431842619053,0.9841231756854657,0
-0.46546902347764374,-1.1099901739376037,1.5251962127575889,-0.675022449341455,-0.404365943111267,-1.177851894974348,-0.4882580857954851,-1.461440576166749,1.0955247203761276,0.3470565871811683,-0.7394662468772634,0.9011736694466097,-1.0161329645585022,0
-0.9738162891597597,-1.1099901739376037,-0.502969299721533,-0.6763648013729532,-0.911310674287764,0.21058638994196582,-0.2507203421941191,-0.8828162337175963,0.8336906105118219,0.9204123179021463,-0.997471732522988,0.26622863438590705,0.9841231756854657,0
-0.8043672005990544,-1.1099901739376037,0.8491410419312149,0.33883235148379603,-0.911310674287764,0.9048055324001227,0.8577891279455886,-1.461440576166749,-0.8447331706696268,0.1177142948927768,-0.997471732522988,0.06780831092943747,-1.0161329645585022,1
-0.46546902347764374,0.9009088760241706,-1.179024470547907,0.5799661534713778,-0.404365943111267,0.9048055324001227,0.8577891279455886,-0.8828162337175963,-0.7138161157374736,-0.11162799739561437,-0.997471732522988,-2.3330776028938445,0.9841231756854657,0
-0.2960199349169384,-1.1099901739376037,0.8491410419312149,0.3475971206306366,-0.404365943111267,0.9048055324001227,0.8577891279455886,-1.461440576166749,1.676259348664909,0.1177142948927768,-0.7394662468772634,-0.07108591549009124,-1.0161329645585022,1
-0.46546902347764374,0.9009088760241706,-1.179024470547907,0.5696221466404219,-0.911310674287764,0.9048055324001227,0.8577891279455886,0.2744324511807092,0.19253272610050842,-0.11162799739561437,-0.4814607612315388,-0.2893482712922078,0.9841231756854657,0
-0.46546902347764374,-1.1099901739376037,-1.179024470547907,0.598648535274463,-0.06640278899360229,0.9048055324001227,0.8577891279455886,-0.8828162337175963,-1.1804179269059165,-0.11162799739561437,-0.4814607612315388,0.2463866020402601,-1.0161329645585022,0
-0.8043672005990544,-1.1099901739376037,-1.179024470547907,0.6323494674534859,-0.911310674287764,0.9048055324001227,0.8577891279455886,0.853056793629862,-1.3482603050240614,-0.11162799739561437,-0.4814607612315388,-0.03140185079879733,0.9841231756854657,0
-0.2960199349169384,0.9009088760241706,-1.179024470547907,0.6541587398711197,-0.23538436605243465,0.9048055324001227,0.8577891279455886,1.4316811360790147,0.8336906105118219,-0.2262991435398101,-0.4814607612315388,0.2463866020402601,-1.0161329645585022,0
-1.143265377720465,0.9009088760241706,0.8491410419312149,-0.6821290189199744,-0.911310674287764,-1.177851894974348,-0.38928402596158257,0.2744324511807092,-1.173704231781191,0.5763988794695595,-0.4814607612315388,-1.12271362980938,-1.0161329645585022,1
-0.634918112038349,-1.1099901739376037,1.5251962127575889,0.650400154182925,-0.911310674287764,0.9048055324001227,0.8577891279455886,0.2744324511807092,-1.1804179269059165,-0.2262991435398101,-0.997471732522988,0.801963507718375,0.9841231756854657,0
-0.2960199349169384,0.9009088760241706,0.8491410419312149,0.6463257209579072,-0.7423290972289317,0.9048055324001227,0.8577891279455886,-0.8828162337175963,-1.3482603050240614,-0.2262991435398101,-0.997471732522988,0.6233852166075523,-1.0161329645585022,0
-0.634918112038349,-1.1099901739376037,-1.179024470547907,0.4254219537038439,-0.7423290972289317,0.9048055324001227,0.8577891279455886,-0.3041918912684436,-0.34120603631519225,0.003043148748581378,-0.4814607612315388,0.18686050500331922,-1.0161329645585022,1
-0.46546902347764374,0.9009088760241706,0.8491410419312149,-0.6661629259335676,0.10257878806523006,-1.177851894974348,-0.9474977234247925,-0.8828162337175963,0.4745079213389917,-0.45564143582820127,-0.4814607612315388,0.5837011519162584,0.9841231756854657,0
-0.2960199349169384,0.9009088760241706,-0.502969299721533,0.6467836998863007,-0.404365943111267,0.9048055324001227,0.8577891279455886,-1.461440576166749,1.092167872813765,-0.2262991435398101,-0.997471732522988,1.258330251668255,0.9841231756854657,0
-0.634918112038349,-1.1099901739376037,-1.179024470547907,0.649673704848232,-0.911310674287764,0.9048055324001227,0.8577891279455886,1.4316811360790147,0.2965950005337584,-0.2262991435398101,-0.997471732522988,0.38528082845978884,0.9841231756854657,0
-0.634918112038349,0.9009088760241706,-0.502969299721533,0.6647396323546929,-0.5733475201700994,0.9048055324001227,0.8577891279455886,-0.3041918912684436,1.1458774338115711,-0.2262991435398101,-0.997471732522988,0.305912699077201,0.9841231756854657,0
-0.634918112038349,0.9009088760241706,-0.502969299721533,0.6874332778754313,-0.7423290972289317,0.9048055324001227,0.8577891279455886,-0.3041918912684436,1.0787404825643134,-0.2262991435398101,-0.4814607612315388,0.305912699077201,0.9841231756854657,0
-0.8043672005990544,0.9009088760241706,-0.502969299721533,-0.6765069327645236,-0.7423290972289317,0.21058638994196582,-0.7257958293968509,0.853056793629862,-1.4724636648314886,-0.11162799739561437,-0.997471732522988,1.278172284013902,0.9841231756854657,0
-0.634918112038349,0.9009088760241706,-1.179024470547907,0.7451859999835319,-0.7423290972289317,0.9048055324001227,0.8577891279455886,-1.461440576166749,-0.018948670328354386,-0.2262991435398101,-0.7394662468772634,-0.5076106270943244,0.9841231756854657,0
-0.8043672005990544,-1.1099901739376037,-0.502969299721533,0.7560669476270869,-0.5733475201700994,0.9048055324001227,0.8577891279455886,1.4316811360790147,1.6594751108530943,-0.2262991435398101,-0.7394662468772634,0.6829113136444932,-1.0161329645585022,0
-1.143265377720465,0.9009088760241706,-1.179024470547907,-0.6793337682190901,-0.911310674287764,-1.177851894974348,-1.1375279183058853,-0.8828162337175963,0.23617174441122635,-0.7996548742607882,-0.7394662468772634,-0.20998014190961997,0.9841231756854657,0
-0.46546902347764374,-1.1099901739376037,-0.502969299721533,0.8180204419749344,-0.404365943111267,0.9048055324001227,0.8577891279455886,-0.8828162337175963,-0.46205254856025635,-0.34097028968400567,-0.7394662468772634,0.32575473142284794,0.9841231756854657,0
-0.634918112038349,0.9009088760241706,-1.179024470547907,0.8203577137474253,-0.7423290972289317,0.9048055324001227,0.8577891279455886,-0.8828162337175963,-0.11965409719924096,-0.34097028968400567,-0.7394662468772634,1.0797519605574324,-1.0161329645585022,0
-0.8043672005990544,-1.1099901739376037,0.8491410419312149,0.8343497596286877,-0.911310674287764,0.9048055324001227,0.8577891279455886,-0.8828162337175963,0.3939435798422821,-0.34097028968400567,-0.997471732522988,-2.2140254088199627,0.9841231756854657,0
-0.634918112038349,0.9009088760241706,0.8491410419312149,0.6083608470317728,-0.911310674287764,0.9048055324001227,0.8577891279455886,-1.461440576166749,1.3170766594920789,-0.11162799739561437,-0.997471732522988,-1.7775006972157297,-1.0161329645585022,1
-0.9738162891597597,-1.1099901739376037,0.8491410419312149,0.85271629389495,-0.911310674287764,0.9048055324001227,0.8577891279455886,1.4316811360790147,-0.12972463988633004,-0.34097028968400567,-0.7394662468772634,0.4448069254967297,0.9841231756854657,0
-0.634918112038349,0.9009088760241706,-0.502969299721533,0.9940422742464379,-0.5733475201700994,0.9048055324001227,0.8577891279455886,0.853056793629862,0.561785957960427,-0.34097028968400567,-0.4814607612315388,0.9011736694466097,-1.0161329645585022,0
-0.46546902347764374,-1.1099901739376037,-0.502969299721533,1.0262429306255512,-0.911310674287764,0.9048055324001227,0.8577891279455886,0.853056793629862,-1.173704231781191,-0.45564143582820127,-0.997471732522988,0.286070666731554,-1.0161329645585022,0
-0.634918112038349,0.9009088760241706,-0.502969299721533,1.0264798162781683,-0.5733475201700994,0.9048055324001227,0.8577891279455886,0.2744324511807092,0.001192415045823164,-0.45564143582820127,-0.7394662468772634,-0.051243883144444294,0.9841231756854657,0
-0.8043672005990544,0.9009088760241706,1.5251962127575889,1.0530583865018306,-0.7423290972289317,0.9048055324001227,0.8577891279455886,0.2744324511807092,0.001192415045823164,-0.45564143582820127,-0.997471732522988,0.7424374106814341,0.9841231756854657,0
-0.634918112038349,0.9009088760241706,0.8491410419312149,1.0709827342165406,-0.911310674287764,0.9048055324001227,0.8577891279455886,-0.8828162337175963,0.19253272610050842,-0.45564143582820127,-0.7394662468772634,-1.0235034680811452,0.9841231756854657,0
-0.46546902347764374,-1.1099901739376037,-1.179024470547907,1.1240609127796595,-0.23538436605243465,0.9048055324001227,0.8577891279455886,1.4316811360790147,0.001192415045823164,-0.45564143582820127,-0.7394662468772634,0.5241750548793175,0.9841231756854657,0
-0.8043672005990544,-1.1099901739376037,-0.502969299721533,-0.6782756789707328,-0.06640278899360229,-1.177851894974348,-0.7891392276905486,0.2744324511807092,-1.0427871768490378,-0.2262991435398101,-0.7394662468772634,0.8416475724096689,-1.0161329645585022,0
-0.46546902347764374,0.9009088760241706,-1.179024470547907,-0.6716112959437658,-0.23538436605243465,-1.177851894974348,-0.2507203421941191,1.4316811360790147,-0.11965409719924096,0.8057411717579506,-0.4814607612315388,0.06780831092943747,0.9841231756854657,0
-0.8043672005990544,-1.1099901739376037,-1.179024470547907,1.1219921114134683,-0.5733475201700994,0.9048055324001227,0.8577891279455886,-0.8828162337175963,0.665848232393677,-0.45564143582820127,-0.4814607612315388,0.821805540064022,0.9841231756854657,0
-0.2960199349169384,0.9009088760241706,-0.502969299721533,0.9900625952824671,-0.23538436605243465,0.9048055324001227,0.8577891279455886,-0.8828162337175963,2.206641263518246,-0.34097028968400567,-0.4814607612315388,0.5043330225336705,-1.0161329645585022,1
-0.634918112038349,0.9009088760241706,-1.179024470547907,1.0804265755675506,-0.404365943111267,0.9048055324001227,0.8577891279455886,0.853056793629862,1.4647779522360462,-0.45564143582820127,-0.4814607612315388,-1.9957630530178463,-1.0161329645585022,1
-0.9738162891597597,-1.1099901739376037,-0.502969299721533,1.405844292756372,-0.911310674287764,0.9048055324001227,0.8577891279455886,1.4316811360790147,1.0619562447524988,-0.570312581972397,-0.7394662468772634,1.3773824457421369,0.9841231756854657,0
-0.9738162891597597,-1.1099901739376037,0.8491410419312149,-0.6777071534044512,-0.7423290972289317,-1.177851894974348,0.06599664927436881,-0.3041918912684436,0.8336906105118219,1.4937680486231246,-0.997471732522988,0.782121475372728,-1.0161329645585022,1
-0.8043672005990544,0.9009088760241706,0.8491410419312149,-0.6758752376908773,-0.911310674287764,-1.177851894974348,-0.9158260242779438,0.2744324511807092,2.562467105128714,-0.45564143582820127,-0.997471732522988,0.18686050500331922,-1.0161329645585022,1
-1.143265377720465,0.9009088760241706,-0.502969299721533,-0.6801075946843067,-0.911310674287764,-1.177851894974348,0.8577891279455886,1.4316811360790147,-1.173704231781191,3.0991640946418633,-0.4814607612315388,0.7424374106814341,0.9841231756854657,0
-0.2960199349169384,0.9009088760241706,0.8491410419312149,1.706373224043534,-0.7423290972289317,0.9048055324001227,0.8577891279455886,-1.461440576166749,0.4745079213389917,-0.6849837281165926,-0.4814607612315388,-0.8449251769703227,0.9841231756854657,0
-0.634918112038349,0.9009088760241706,-1.179024470547907,1.5561403431536351,-0.7423290972289317,0.9048055324001227,0.8577891279455886,-1.461440576166749,1.9515208487786668,-0.6849837281165926,-0.7394662468772634,-0.6266628211682062,-1.0161329645585022,1
-0.634918112038349,0.9009088760241706,-0.502969299721533,2.5468751042834366,-0.404365943111267,0.9048055324001227,0.8577891279455886,-0.8828162337175963,-0.1397951825734185,-0.9143260204049839,-0.4814607612315388,1.1194360252487263,-1.0161329645585022,0
-0.2960199349169384,0.9009088760241706,0.8491410419312149,2.7287559083630084,0.2715603651240624,0.9048055324001227,0.8577891279455886,0.853056793629862,0.665848232393677,-0.9143260204049839,-0.4814607612315388,-0.15045404487267908,0.9841231756854657,0
-0.2960199349169384,-1.1099901739376037,0.8491410419312149,-0.6800286328001008,-0.404365943111267,-1.177851894974348,-0.4882580857954851,1.4316811360790147,-1.4724636648314886,0.4617277333253637,-0.7394662468772634,0.008282213892496587,-1.0161329645585022,0
-0.46546902347764374,0.9009088760241706,-0.502969299721533,1.8795050513531062,-0.404365943111267,0.9048055324001227,0.8498712031588764,-0.8828162337175963,-1.4724636648314886,-0.6849837281165926,-0.7394662468772634,-0.6068207888225592,0.9841231756854657,0
-0.9738162891597597,-1.1099901739376037,1.5251962127575889,-0.6023301387416228,-0.911310674287764,0.9048055324001227,0.8419532783721642,-0.8828162337175963,1.4647779522360462,2.525808363920885,-0.997471732522988,0.6432272489531993,-1.0161329645585022,1
-0.634918112038349,0.9009088760241706,0.8491410419312149,-0.20136169074472057,-0.404365943111267,0.9048055324001227,0.8419532783721642,0.853056793629862,0.27645391515958084,0.9204123179021463,-0.7394662468772634,-0.686188918205147,0.9841231756854657,0
-0.9738162891597597,0.9009088760241706,-0.502969299721533,-0.13347026270459916,-0.911310674287764,0.9048055324001227,0.8419532783721642,0.2744324511807092,0.860545391010725,0.8057411717579506,-0.7394662468772634,0.9805417988291976,0.9841231756854657,0
-1.143265377720465,-1.1099901739376037,-1.179024470547907,-0.6780545856949566,-0.911310674287764,-1.177851894974348,-0.3140637404878167,0.853056793629862,-1.6705176710108995,0.8057411717579506,-0.4814607612315388,-2.531497926350314,0.9841231756854657,0
-0.46546902347764374,0.9009088760241706,-0.502969299721533,-0.6443062763854104,-0.404365943111267,0.9048055324001227,0.834035353585452,-1.461440576166749,-0.707102420612748,2.7551506562092767,-0.4814607612315388,-2.094973214746081,-1.0161329645585022,1
-0.46546902347764374,-1.1099901739376037,-0.502969299721533,-0.7027696554513627,-0.5733475201700994,0.9048055324001227,0.8261174287987398,0.2744324511807092,-1.1804179269059165,3.213835240786059,-0.7394662468772634,-3.662493770052191,-1.0161329645585022,1
-0.8043672005990544,-1.1099901739376037,-0.502969299721533,-0.678291471347574,-0.06640278899360229,-1.177851894974348,-1.359229812333827,-1.461440576166749,-1.4724636648314886,-1.2583394588375707,-0.7394662468772634,1.3773824457421369,-1.0161329645585022,1
-0.8043672005990544,-1.1099901739376037,0.8491410419312149,-0.6817500018757867,-0.911310674287764,-1.177851894974348,-0.8247698892307535,1.4316811360790147,-1.4724636648314886,-0.2262991435398101,-0.997471732522988,0.821805540064022,0.9841231756854657,0
-0.8043672005990544,0.9009088760241706,-0.502969299721533,-0.6771228354613286,-0.911310674287764,-1.177851894974348,-1.2958864140401292,-1.461440576166749,-1.6705176710108995,-1.143668312693375,-0.4814607612315388,-0.7853990799333818,-1.0161329645585022,0
-0.46546902347764374,-1.1099901739376037,-1.179024470547907,-0.6773439287371047,-0.911310674287764,0.9048055324001227,-1.2008713165995828,0.2744324511807092,-0.21028898138303903,-1.0289971665491795,-0.997471732522988,-0.09092794783573821,0.9841231756854657,0
-0.2960199349169384,-1.1099901739376037,-0.502969299721533,-0.6843083669240536,-0.911310674287764,0.9048055324001227,-1.2008713165995828,1.4316811360790147,0.16232109803924238,-1.0289971665491795,-0.7394662468772634,-0.40840046536608954,-1.0161329645585022,0
-0.46546902347764374,-1.1099901739376037,1.5251962127575889,-0.6741380762383504,-0.06640278899360229,0.9048055324001227,-1.2008713165995828,0.2744324511807092,1.0787404825643134,-1.0289971665491795,-0.4814607612315388,0.8416475724096689,0.9841231756854657,0
-0.634918112038349,0.9009088760241706,0.8491410419312149,-0.6776597762739278,-0.5733475201700994,0.9048055324001227,-1.2008713165995828,0.2744324511807092,-0.9857207682888686,-1.0289971665491795,-0.4814607612315388,0.2463866020402601,-1.0161329645585022,0
-0.634918112038349,0.9009088760241706,0.8491410419312149,-0.6594195810223948,-0.5733475201700994,0.9048055324001227,-1.2008713165995828,1.4316811360790147,1.7736079279734327,-1.0289971665491795,-0.997471732522988,-1.102871597463733,-1.0161329645585022,1
-0.634918112038349,0.9009088760241706,-0.502969299721533,-0.656671707452034,-0.23538436605243465,0.9048055324001227,-1.2008713165995828,0.853056793629862,1.223084927745918,-1.0289971665491795,-0.997471732522988,-0.13061201252703214,0.9841231756854657,0
-0.634918112038349,-1.1099901739376037,0.8491410419312149,-0.6758910300677186,-0.23538436605243465,-1.177851894974348,1.1745061194140765,-1.461440576166749,0.3301634761573873,3.672519825362842,-0.7394662468772634,0.16701847265767225,-1.0161329645585022,1
-0.634918112038349,-1.1099901739376037,-1.179024470547907,-0.6402950126677572,-0.911310674287764,0.9048055324001227,-1.2008713165995828,-0.8828162337175963,-0.1397951825734185,-1.0289971665491795,-0.7394662468772634,-0.2893482712922078,-1.0161329645585022,1
-0.8043672005990544,-1.1099901739376037,0.8491410419312149,-0.6332358202197613,-0.404365943111267,0.9048055324001227,-1.2008713165995828,1.4316811360790147,1.8407448792206904,-1.0289971665491795,-0.7394662468772634,-0.7853990799333818,0.9841231756854657,0
-0.2960199349169384,0.9009088760241706,-0.502969299721533,-0.6386526054762772,-0.23538436605243465,0.9048055324001227,-1.2008713165995828,-1.461440576166749,0.16232109803924238,-1.0289971665491795,-0.7394662468772634,-1.3409759856114967,0.9841231756854657,0
-0.9738162891597597,-1.1099901739376037,-0.502969299721533,-0.6361258251816925,-0.5733475201700994,0.9048055324001227,-1.2008713165995828,-0.8828162337175963,0.5114332445249834,-1.0289971665491795,-0.997471732522988,0.4448069254967297,-1.0161329645585022,1
-0.634918112038349,0.9009088760241706,0.8491410419312149,-0.6254975555675958,-0.5733475201700994,0.9048055324001227,-1.2008713165995828,-0.8828162337175963,-0.33784918875282943,-1.0289971665491795,-0.997471732522988,-0.7060309505507939,-1.0161329645585022,1
-0.8043672005990544,0.9009088760241706,1.5251962127575889,-0.6765858946487293,-0.7423290972289317,-1.177851894974348,0.5410721364771007,1.4316811360790147,0.001192415045823164,2.411137217776689,-0.997471732522988,1.5956448015442533,-1.0161329645585022,0
-0.8043672005990544,0.9009088760241706,-0.502969299721533,-0.622749681997235,-0.23538436605243465,0.9048055324001227,-1.2008713165995828,-0.8828162337175963,-1.6705176710108995,-1.0289971665491795,-0.4814607612315388,1.1591200899400202,0.9841231756854657,0
-1.143265377720465,0.9009088760241706,1.5251962127575889,-0.6218337241404481,-0.911310674287764,0.9048055324001227,-1.2008713165995828,-0.3041918912684436,0.5382880250238866,-1.0289971665491795,-0.7394662468772634,0.4844909901880236,-1.0161329645585022,1
-0.9738162891597597,0.9009088760241706,0.8491410419312149,-0.6218495165172893,-0.911310674287764,0.9048055324001227,-1.2008713165995828,-1.461440576166749,0.001192415045823164,-1.0289971665491795,-0.7394662468772634,0.5638591195706114,-1.0161329645585022,0
-0.634918112038349,-1.1099901739376037,1.5251962127575889,-0.49241519592719035,-0.5733475201700994,0.9048055324001227,-1.2008713165995828,0.853056793629862,0.3301634761573873,-1.143668312693375,-0.4814607612315388,0.4844909901880236,0.9841231756854657,0
-0.634918112038349,-1.1099901739376037,-1.179024470547907,-0.49118339053358034,-0.404365943111267,0.9048055324001227,-1.2008713165995828,0.2744324511807092,0.001192415045823164,-1.143668312693375,-0.4814607612315388,0.38528082845978884,-1.0161329645585022,0
-1.143265377720465,0.9009088760241706,-1.179024470547907,-0.48977786899471765,-0.911310674287764,0.9048055324001227,-1.2008713165995828,-0.8828162337175963,1.2465828606824585,-1.143668312693375,-0.7394662468772634,0.286070666731554,-1.0161329645585022,0
-0.9738162891597597,0.9009088760241706,0.8491410419312149,-0.29074654366565267,-0.5733475201700994,0.9048055324001227,-1.2008713165995828,1.4316811360790147,0.001192415045823164,-1.2583394588375707,-0.4814607612315388,0.5241750548793175,0.9841231756854657,0
-0.46546902347764374,0.9009088760241706,0.8491410419312149,-0.28872511942998497,-0.404365943111267,0.9048055324001227,-1.2008713165995828,-0.8828162337175963,-0.37813135950118393,-1.2583394588375707,-0.7394662468772634,0.3455967637684949,-1.0161329645585022,0
-0.634918112038349,0.9009088760241706,1.5251962127575889,-0.23864749246668537,-0.911310674287764,0.9048055324001227,-1.2008713165995828,-0.3041918912684436,-0.21700267650776528,-1.2583394588375707,-0.997471732522988,0.4249648931510827,-1.0161329645585022,0
-0.634918112038349,-1.1099901739376037,1.5251962127575889,-0.2426903409380208,-0.404365943111267,0.9048055324001227,-1.2008713165995828,0.853056793629862,0.9343960373827085,-1.2583394588375707,-0.997471732522988,-0.5671367241312653,-1.0161329645585022,0
-0.8043672005990544,0.9009088760241706,0.8491410419312149,-0.20562563249183216,-0.911310674287764,0.9048055324001227,-1.2008713165995828,-0.8828162337175963,-1.1804179269059165,-1.2583394588375707,-0.7394662468772634,-0.9044512740072636,0.9841231756854657,0
-0.46546902347764374,0.9009088760241706,-1.179024470547907,-0.6723693300321412,0.2715603651240624,0.21058638994196582,-0.4090788379283631,1.4316811360790147,0.001192415045823164,0.5763988794695595,-0.7394662468772634,0.0479662785837905,-1.0161329645585022,0
-0.634918112038349,-1.1099901739376037,-0.502969299721533,-0.16961901329400086,-0.911310674287764,0.9048055324001227,-1.2008713165995828,-0.8828162337175963,-0.5661148229935064,-1.2583394588375707,-0.7394662468772634,-1.5989224061049072,0.9841231756854657,0
-0.46546902347764374,0.9009088760241706,1.5251962127575889,-0.1705033863971055,-0.911310674287764,0.9048055324001227,-1.2008713165995828,0.2744324511807092,0.11868207972852446,-1.2583394588375707,-0.997471732522988,1.1789621222856672,-1.0161329645585022,0
-0.2960199349169384,-1.1099901739376037,0.8491410419312149,-0.1582169172146876,0.2715603651240624,0.9048055324001227,-1.2008713165995828,0.2744324511807092,0.7866947446387411,-1.2583394588375707,-0.997471732522988,-0.9441353386985575,0.9841231756854657,0
-0.46546902347764374,-1.1099901739376037,-1.179024470547907,-0.14139803587885852,-0.23538436605243465,0.9048055324001227,-1.2008713165995828,0.853056793629862,-1.3751150855229646,-1.2583394588375707,-0.4814607612315388,-1.0235034680811452,0.9841231756854657,0
-0.8043672005990544,-1.1099901739376037,0.8491410419312149,-0.11305071944898692,-0.5733475201700994,0.9048055324001227,-1.2008713165995828,0.2744324511807092,0.6893461653302174,-1.2583394588375707,-0.7394662468772634,0.6035431842619053,0.9841231756854657,0
-0.9738162891597597,-1.1099901739376037,-0.502969299721533,-0.1104449772701965,-0.911310674287764,0.9048055324001227,-1.2008713165995828,-0.8828162337175963,-0.46205254856025635,-1.2583394588375707,-0.997471732522988,-0.26950623894656084,0.9841231756854657,0
-0.9738162891597597,0.9009088760241706,-0.502969299721533,-0.22307620890130744,-0.5733475201700994,0.9048055324001227,-1.2008713165995828,0.2744324511807092,2.448334288008376,-1.2583394588375707,-0.4814607612315388,0.16701847265767225,-1.0161329645585022,1
-1.143265377720465,-1.1099901739376037,-1.179024470547907,-0.6754330511393251,-0.911310674287764,0.21058638994196582,-0.09236184645987515,0.2744324511807092,-1.6839450612603513,1.1497546101905376,-0.4814607612315388,-1.6187644384505542,0.9841231756854657,0
-0.2960199349169384,0.9009088760241706,0.8491410419312149,-0.09185734972815815,-0.06640278899360229,0.9048055324001227,-1.2008713165995828,0.2744324511807092,-1.0427871768490378,-1.2583394588375707,-0.7394662468772634,-1.7179746001787888,0.9841231756854657,0
-0.634918112038349,-1.1099901739376037,0.8491410419312149,-0.07383824775240133,-0.7423290972289317,0.9048055324001227,-1.2008713165995828,-0.8828162337175963,0.8336906105118219,-1.2583394588375707,-0.7394662468772634,-0.8846092416616166,0.9841231756854657,0
-0.9738162891597597,-1.1099901739376037,0.8491410419312149,-0.06856359388745586,-0.5733475201700994,0.9048055324001227,-1.2008713165995828,-0.8828162337175963,1.4312094766124175,-1.2583394588375707,-0.997471732522988,0.028124246238143545,-1.0161329645585022,0
-0.2960199349169384,-1.1099901739376037,-0.502969299721533,-0.06696856382649931,0.10257878806523006,0.9048055324001227,-1.2008713165995828,0.853056793629862,0.5114332445249834,-1.2583394588375707,-0.997471732522988,-0.7258729828964409,0.9841231756854657,0
-0.46546902347764374,0.9009088760241706,-0.502969299721533,-0.6745328856593793,-0.23538436605243465,-1.177851894974348,0.16497070910827127,-0.8828162337175963,1.8407448792206904,1.7231103409115156,-0.4814607612315388,0.4448069254967297,0.9841231756854657,0
-0.634918112038349,-1.1099901739376037,0.8491410419312149,-0.14518820632073548,-0.5733475201700994,0.9048055324001227,-1.2008713165995828,0.2744324511807092,1.4647779522360462,-1.2583394588375707,-0.4814607612315388,-1.9163949236352584,-1.0161329645585022,1
-0.9738162891597597,-1.1099901739376037,0.8491410419312149,-0.014332571814932742,-0.911310674287764,0.9048055324001227,-1.2008713165995828,-1.461440576166749,1.0955247203761276,-1.2583394588375707,-0.4814607612315388,-0.24966420660091387,-1.0161329645585022,0
-0.2960199349169384,-1.1099901739376037,1.5251962127575889,-0.008457807630023422,-0.7423290972289317,0.9048055324001227,-1.2008713165995828,0.2744324511807092,-1.173704231781191,-1.2583394588375707,-0.997471732522988,-0.011559818453150373,0.9841231756854657,0
-0.2960199349169384,0.9009088760241706,-1.179024470547907,0.024785145620605926,-0.7423290972289317,0.9048055324001227,-1.2008713165995828,-0.8828162337175963,0.001192415045823164,-1.3730106049817663,-0.4814607612315388,0.305912699077201,0.9841231756854657,0
-0.8043672005990544,-1.1099901739376037,-0.502969299721533,0.07963207038993406,-0.7423290972289317,0.9048055324001227,-1.2008713165995828,0.853056793629862,-1.1233515183457474,-1.3730106049817663,-0.997471732522988,-1.3608180179571436,-1.0161329645585022,0
-0.8043672005990544,0.9009088760241706,-1.179024470547907,-0.6798391242780071,-0.911310674287764,-1.177851894974348,-1.327558113186978,1.4316811360790147,-0.448625158310805,-1.2583394588375707,-0.997471732522988,-0.5274526594399713,-1.0161329645585022,0
-0.9738162891597597,0.9009088760241706,-1.179024470547907,-0.6794285224801371,-0.911310674287764,-1.177851894974348,-0.5674373336626071,0.2744324511807092,0.3301634761573873,0.23238544103697253,-0.7394662468772634,-0.13061201252703214,0.9841231756854657,0
-0.2960199349169384,0.9009088760241706,-1.179024470547907,0.08485934712435607,0.10257878806523006,0.9048055324001227,-1.2008713165995828,-0.8828162337175963,0.6154955189582334,-1.3730106049817663,-0.997471732522988,0.5241750548793175,0.9841231756854657,0
-0.9738162891597597,-1.1099901739376037,0.8491410419312149,-0.6783546408549386,-0.911310674287764,-1.177851894974348,-1.042512820865339,1.4316811360790147,0.16232109803924238,-0.6849837281165926,-0.997471732522988,-0.8647672093159696,0.9841231756854657,0
-0.634918112038349,-1.1099901739376037,-0.502969299721533,0.07873190490998828,0.10257878806523006,0.9048055324001227,-1.2008713165995828,1.4316811360790147,-0.7742393718600064,-1.3730106049817663,-0.7394662468772634,-0.46792656240303043,0.9841231756854657,0
-0.9738162891597597,0.9009088760241706,0.8491410419312149,0.0782423412279125,-0.911310674287764,0.9048055324001227,-1.2008713165995828,1.4316811360790147,0.001192415045823164,-1.3730106049817663,-0.7394662468772634,-1.2219237915376149,-1.0161329645585022,0
-0.634918112038349,-1.1099901739376037,0.8491410419312149,0.17763956106613632,-0.911310674287764,0.9048055324001227,-1.2008713165995828,0.2744324511807092,-0.34120603631519225,-1.3730106049817663,-0.997471732522988,0.3654387961141419,0.9841231756854657,0
-0.9738162891597597,0.9009088760241706,1.5251962127575889,0.17339141169586586,-0.911310674287764,0.9048055324001227,-1.2008713165995828,-0.8828162337175963,0.8135495251376443,-1.3730106049817663,-0.7394662468772634,0.6233852166075523,-1.0161329645585022,0
-0.8043672005990544,-1.1099901739376037,-0.502969299721533,-0.6759541995750831,-0.911310674287764,0.21058638994196582,-0.4090788379283631,1.4316811360790147,-1.1804179269059165,0.5763988794695595,-0.7394662468772634,-0.6663468858595001,-1.0161329645585022,0
-0.8043672005990544,-1.1099901739376037,0.8491410419312149,0.17650250993357322,-0.911310674287764,0.9048055324001227,-1.2008713165995828,1.4316811360790147,-1.7510820125076092,-1.3730106049817663,-0.7394662468772634,1.2186461869769611,-1.0161329645585022,0
-0.634918112038349,0.9009088760241706,1.5251962127575889,0.20107544829840898,-0.5733475201700994,0.9048055324001227,-1.2008713165995828,-0.8828162337175963,0.001192415045823164,-1.3730106049817663,-0.7394662468772634,1.754381060309429,-1.0161329645585022,0
-1.143265377720465,-1.1099901739376037,-0.502969299721533,-0.6798391242780071,-0.7423290972289317,-1.177851894974348,-1.042512820865339,0.853056793629862,-1.6839450612603513,-0.6849837281165926,-0.4814607612315388,0.2463866020402601,0.9841231756854657,0
-0.2960199349169384,0.9009088760241706,-0.502969299721533,-0.6776439838970866,-0.06640278899360229,-1.177851894974348,-1.2008713165995828,-0.3041918912684436,0.3301634761573873,-1.0289971665491795,-0.997471732522988,0.12733440796637835,-1.0161329645585022,1
-0.9738162891597597,-1.1099901739376037,1.5251962127575889,-0.6743591695141266,-0.7423290972289317,-1.177851894974348,-1.042512820865339,0.2744324511807092,1.2700807936189982,-0.6849837281165926,-0.7394662468772634,1.337698381050843,-1.0161329645585022,0
-0.9738162891597597,-1.1099901739376037,0.8491410419312149,-0.6808656287726821,-0.911310674287764,-1.177851894974348,0.5806617604106616,-0.8828162337175963,-0.005521280078902488,2.525808363920885,-0.7394662468772634,-0.22982217425526694,0.9841231756854657,0
-0.8043672005990544,-1.1099901739376037,0.8491410419312149,0.26678752833445113,-0.911310674287764,0.9048055324001227,-1.2008713165995828,1.4316811360790147,-0.34120603631519225,-1.3730106049817663,-0.4814607612315388,-0.5076106270943244,0.9841231756854657,0
-0.46546902347764374,-1.1099901739376037,0.8491410419312149,0.2712093938499743,-0.23538436605243465,0.9048055324001227,-1.2008713165995828,1.4316811360790147,0.16232109803924238,-1.3730106049817663,-0.7394662468772634,-0.30919030363785477,0.9841231756854657,0
-0.8043672005990544,-1.1099901739376037,1.5251962127575889,0.27046715213844,-0.911310674287764,0.9048055324001227,-1.2008713165995828,0.853056793629862,0.001192415045823164,-1.3730106049817663,-0.7394662468772634,-1.4203441149940845,-1.0161329645585022,0
-0.46546902347764374,0.9009088760241706,-1.179024470547907,0.4344709856338252,-0.7423290972289317,0.9048055324001227,-1.2008713165995828,1.4316811360790147,0.8336906105118219,-1.3730106049817663,-0.7394662468772634,0.8614896047553159,0.9841231756854657,0
-0.8043672005990544,0.9009088760241706,-1.179024470547907,0.46485551867620567,-0.5733475201700994,0.9048055324001227,-1.2008713165995828,0.853056793629862,-1.0495008719737637,-1.3730106049817663,-0.7394662468772634,0.6630692812988462,-1.0161329645585022,0
-1.143265377720465,-1.1099901739376037,0.8491410419312149,0.6428829828065357,-0.911310674287764,0.9048055324001227,-1.2008713165995828,-0.8828162337175963,0.860545391010725,-1.3730106049817663,-0.7394662468772634,-0.24966420660091387,0.9841231756854657,0
-0.8043672005990544,0.9009088760241706,-0.502969299721533,0.6494526115724557,-0.5733475201700994,0.9048055324001227,-1.2008713165995828,0.2744324511807092,-0.12972463988633004,-1.3730106049817663,-0.997471732522988,0.4249648931510827,0.9841231756854657,0
-0.46546902347764374,0.9009088760241706,0.8491410419312149,0.6794897123243309,-0.7423290972289317,0.9048055324001227,-1.2008713165995828,-1.461440576166749,-1.2475548781531747,-1.3730106049817663,-0.4814607612315388,-1.7973427295613766,0.9841231756854657,0
-0.2960199349169384,-1.1099901739376037,-0.502969299721533,0.8003645646665242,-0.404365943111267,0.9048055324001227,-1.2008713165995828,-0.8828162337175963,1.7736079279734327,-1.3730106049817663,-0.4814607612315388,-0.09092794783573821,0.9841231756854657,0
-0.8043672005990544,-1.1099901739376037,0.8491410419312149,-0.6743433771372854,-0.911310674287764,-1.177851894974348,-0.9158260242779438,-1.461440576166749,-1.7510820125076092,-0.45564143582820127,-0.7394662468772634,0.22654456969461315,0.9841231756854657,0
-0.9738162891597597,0.9009088760241706,1.5251962127575889,-0.6768543650550289,-0.911310674287764,0.21058638994196582,-0.7060010174300705,-0.8828162337175963,-0.33784918875282943,0.003043148748581378,-0.7394662468772634,-0.7258729828964409,-1.0161329645585022,0
-0.46546902347764374,-1.1099901739376037,-0.502969299721533,1.21410904552792,-0.911310674287764,0.9048055324001227,-1.2008713165995828,-0.3041918912684436,-1.3482603050240614,-1.487681751125962,-0.4814607612315388,-0.6266628211682062,0.9841231756854657,0
-0.9738162891597597,-1.1099901739376037,0.8491410419312149,-0.7744196691796789,-0.7423290972289317,0.9048055324001227,-1.1929533918128707,1.4316811360790147,-0.1397951825734185,-0.7996548742607882,-0.997471732522988,-0.38855843302044263,0.9841231756854657,0
-0.8043672005990544,-1.1099901739376037,1.5251962127575889,-0.6756857291687836,-0.911310674287764,-1.177851894974348,-1.1375279183058853,0.853056793629862,0.001192415045823164,-0.9143260204049839,-0.4814607612315388,1.5361187045073124,0.9841231756854657,0
-0.8043672005990544,0.9009088760241706,0.8491410419312149,-1.0526181796134493,-0.911310674287764,0.9048055324001227,-1.1850354670261585,1.4316811360790147,0.4040141225293712,0.23238544103697253,-0.7394662468772634,-0.6266628211682062,-1.0161329645585022,1
-0.8043672005990544,-1.1099901739376037,0.8491410419312149,-1.0185856075207622,-0.7423290972289317,0.9048055324001227,-1.1850354670261585,0.2744324511807092,-0.6936750303632967,0.003043148748581378,-0.997471732522988,-0.7060309505507939,-1.0161329645585022,1
-0.9738162891597597,0.9009088760241706,0.8491410419312149,-0.9725192442751157,-0.5733475201700994,0.9048055324001227,-1.1850354670261585,-0.3041918912684436,1.2835081838684501,-0.34097028968400567,-0.7394662468772634,-0.8250831446246757,-1.0161329645585022,1
-0.634918112038349,0.9009088760241706,-1.179024470547907,-0.9588430459306763,-0.5733475201700994,0.9048055324001227,-1.1850354670261585,-0.8828162337175963,0.7061304031420315,-0.34097028968400567,-0.4814607612315388,1.258330251668255,0.9841231756854657,0
-0.9738162891597597,0.9009088760241706,-0.502969299721533,-0.8393263379968221,-0.911310674287764,0.9048055324001227,-1.1850354670261585,0.2744324511807092,-0.34120603631519225,-0.6849837281165926,-0.4814607612315388,-0.6068207888225592,0.9841231756854657,0
-0.9738162891597597,0.9009088760241706,1.5251962127575889,-0.6766490641560939,-0.911310674287764,0.21058638994196582,0.38271364074285674,-0.8828162337175963,-1.1233515183457474,2.0671237793441026,-0.997471732522988,-1.5393963090679663,0.9841231756854657,0
-0.46546902347764374,-1.1099901739376037,0.8491410419312149,-0.8099367246954344,-0.5733475201700994,0.9048055324001227,-1.1850354670261585,-0.8828162337175963,0.830333762949459,-0.7996548742607882,-0.4814607612315388,-0.9441353386985575,0.9841231756854657,0
-0.9738162891597597,-1.1099901739376037,-1.179024470547907,-0.7948865895658145,-0.911310674287764,0.9048055324001227,-1.1850354670261585,0.853056793629862,0.4040141225293712,-0.7996548742607882,-0.997471732522988,-0.4282424977117365,0.9841231756854657,0
-0.9738162891597597,-1.1099901739376037,-1.179024470547907,-0.6759857843287654,-0.911310674287764,-1.177851894974348,-1.2008713165995828,1.4316811360790147,-1.8752853723150364,-1.0289971665491795,-0.997471732522988,-1.0631875327724392,0.9841231756854657,0
-0.8043672005990544,0.9009088760241706,-0.502969299721533,-0.6110001536274163,-0.911310674287764,0.9048055324001227,-1.1850354670261585,-1.461440576166749,0.001192415045823164,-1.0289971665491795,-0.7394662468772634,-0.17029607721832604,0.9841231756854657,0
-0.9738162891597597,-1.1099901739376037,-0.502969299721533,-0.5952551539167857,-0.7423290972289317,0.9048055324001227,-1.1850354670261585,0.2744324511807092,2.02537149515065,-1.0289971665491795,-0.7394662468772634,0.26622863438590705,-1.0161329645585022,1
-0.46546902347764374,0.9009088760241706,-0.502969299721533,-0.6831239386609671,-0.404365943111267,-1.177851894974348,-0.2507203421941191,-0.3041918912684436,-1.371758237960602,0.9204123179021463,-0.7394662468772634,0.7424374106814341,0.9841231756854657,0
-0.9738162891597597,-1.1099901739376037,-0.502969299721533,-0.4859561137991583,-0.911310674287764,0.9048055324001227,-1.1850354670261585,-1.461440576166749,-1.5496711587658354,-1.143668312693375,-0.997471732522988,0.7027533459901402,-1.0161329645585022,0
-0.46546902347764374,-1.1099901739376037,0.8491410419312149,-0.40615723362080675,-0.5733475201700994,0.9048055324001227,-1.1850354670261585,0.853056793629862,2.102578989084997,-1.143668312693375,-0.4814607612315388,-1.658448503141848,0.9841231756854657,0
-0.9738162891597597,0.9009088760241706,0.8491410419312149,-0.6720376901184769,-0.911310674287764,0.21058638994196582,-1.121692068732461,-0.8828162337175963,-1.2475548781531747,-0.7996548742607882,-0.7394662468772634,-0.20998014190961997,0.9841231756854657,0
-0.8043672005990544,0.9009088760241706,-1.179024470547907,-0.3906649119396346,-0.23538436605243465,0.9048055324001227,-1.1850354670261585,1.4316811360790147,0.15896425047687956,-1.143668312693375,-0.4814607612315388,-0.7655570475877348,0.9841231756854657,0
-0.9738162891597597,0.9009088760241706,0.8491410419312149,-0.2442379938684539,-0.911310674287764,0.9048055324001227,-1.1850354670261585,0.853056793629862,-1.4254677989584081,-1.2583394588375707,-0.997471732522988,-2.075131182400434,0.9841231756854657,0
-0.9738162891597597,-1.1099901739376037,-1.179024470547907,-0.1104449772701965,-0.911310674287764,0.9048055324001227,-1.1850354670261585,-1.461440576166749,1.223084927745918,-1.2583394588375707,-0.997471732522988,-0.26950623894656084,0.9841231756854657,0
-0.9738162891597597,0.9009088760241706,1.5251962127575889,-0.10757076468510646,-0.911310674287764,0.9048055324001227,-1.1850354670261585,1.4316811360790147,0.8135495251376443,-1.2583394588375707,-0.997471732522988,-0.20998014190961997,0.9841231756854657,0
-0.46546902347764374,0.9009088760241706,0.8491410419312149,-0.679728577640119,-0.7423290972289317,0.21058638994196582,0.06599664927436881,1.4316811360790147,0.001192415045823164,1.4937680486231246,-0.997471732522988,-0.8647672093159696,0.9841231756854657,0
-0.634918112038349,-1.1099901739376037,0.8491410419312149,-0.2288246340714875,-0.23538436605243465,0.9048055324001227,-1.1850354670261585,-0.3041918912684436,2.0589399707742797,-1.2583394588375707,-0.4814607612315388,0.2463866020402601,-1.0161329645585022,1
-0.9738162891597597,-1.1099901739376037,-0.502969299721533,-0.6727009699458054,-0.911310674287764,-1.177851894974348,-0.4090788379283631,-0.8828162337175963,-1.2475548781531747,0.5763988794695595,-0.7394662468772634,0.9011736694466097,0.9841231756854657,0
-0.46546902347764374,0.9009088760241706,0.8491410419312149,0.27173054228573235,-0.404365943111267,0.9048055324001227,-1.1850354670261585,0.853056793629862,0.001192415045823164,-1.3730106049817663,-0.4814607612315388,-0.7457150152420878,0.9841231756854657,0
-0.8043672005990544,0.9009088760241706,0.8491410419312149,0.40414962209880934,-0.911310674287764,0.9048055324001227,-1.1850354670261585,-0.8828162337175963,0.001192415045823164,-1.3730106049817663,-0.997471732522988,-0.26950623894656084,0.9841231756854657,0
-0.634918112038349,-1.1099901739376037,1.5251962127575889,0.25023711740492166,-0.5733475201700994,0.9048055324001227,-1.1850354670261585,0.2744324511807092,-0.3680608168140954,-1.3730106049817663,-0.4814607612315388,0.7424374106814341,-1.0161329645585022,1
-0.2960199349169384,0.9009088760241706,1.5251962127575889,0.8381873072010882,-0.23538436605243465,0.9048055324001227,-1.1850354670261585,-1.461440576166749,-1.3046212867133438,-1.3730106049817663,-0.997471732522988,1.0797519605574324,0.9841231756854657,0
-0.8043672005990544,0.9009088760241706,-1.179024470547907,-0.6761752928508593,-0.404365943111267,-1.177851894974348,0.06599664927436881,-0.8828162337175963,-1.1233515183457474,1.4937680486231246,-0.7394662468772634,0.26622863438590705,0.9841231756854657,0
-0.2960199349169384,0.9009088760241706,-1.179024470547907,-0.43436241865910796,-0.5733475201700994,0.9048055324001227,-1.1810765046328024,0.853056793629862,-0.707102420612748,-1.143668312693375,-0.7394662468772634,0.7225953783357871,-1.0161329645585022,0
-0.9738162891597597,-1.1099901739376037,0.8491410419312149,-0.9133294158744701,-0.911310674287764,0.9048055324001227,-1.1771175422394462,0.2744324511807092,0.001192415045823164,-0.45564143582820127,-0.4814607612315388,-0.8250831446246757,0.9841231756854657,0
-0.2960199349169384,0.9009088760241706,-0.502969299721533,-0.15041548305515748,0.2715603651240624,0.9048055324001227,-1.1771175422394462,-1.461440576166749,1.5486991412951188,-1.2583394588375707,-0.7394662468772634,-0.17029607721832604,-1.0161329645585022,1
-0.9738162891597597,0.9009088760241706,-0.502969299721533,-0.7002586675336193,-0.5733475201700994,0.9048055324001227,0.6994306322113446,1.4316811360790147,-1.0427871768490378,2.869821802353472,-0.997471732522988,-1.182239726846321,-1.0161329645585022,1
-1.143265377720465,0.9009088760241706,-1.179024470547907,-0.6783862256086208,-0.911310674287764,-1.177851894974348,-0.5040939353689095,1.4316811360790147,0.001192415045823164,0.3470565871811683,-0.7394662468772634,-1.3012919209202027,0.9841231756854657,0
-1.143265377720465,0.9009088760241706,1.5251962127575889,-0.6734747964110219,-0.911310674287764,0.9048055324001227,0.6994306322113446,0.2744324511807092,-0.11965409719924096,2.7551506562092767,-0.997471732522988,-1.7378166325244357,-1.0161329645585022,1
-0.634918112038349,-1.1099901739376037,-1.179024470547907,-0.6801549718148301,-0.23538436605243465,0.9048055324001227,0.6994306322113446,-1.461440576166749,-1.0427871768490378,2.7551506562092767,-0.997471732522988,-1.8767108589439645,-1.0161329645585022,1
-0.634918112038349,0.9009088760241706,-0.502969299721533,-0.6765701022718882,-0.5733475201700994,-1.177851894974348,-1.0306359336852706,-1.461440576166749,0.001192415045823164,-0.6849837281165926,-0.4814607612315388,-2.2140254088199627,0.9841231756854657,0
-0.9738162891597597,0.9009088760241706,-0.502969299721533,-0.6695424945775745,-0.911310674287764,0.9048055324001227,0.6994306322113446,1.4316811360790147,-1.3482603050240614,2.640479510065081,-0.4814607612315388,-0.7457150152420878,-1.0161329645585022,1
-0.8043672005990544,-1.1099901739376037,-1.179024470547907,-0.6822079808041801,-0.911310674287764,0.9048055324001227,0.6994306322113446,0.2744324511807092,0.0851136041048956,2.7551506562092767,-0.7394662468772634,-1.5592383414136133,-1.0161329645585022,1
-0.9738162891597597,0.9009088760241706,-0.502969299721533,-0.639758071855158,-0.7423290972289317,0.9048055324001227,0.6994306322113446,-1.461440576166749,0.8336906105118219,2.525808363920885,-0.997471732522988,-0.17029607721832604,-1.0161329645585022,1
-0.9738162891597597,0.9009088760241706,-0.502969299721533,-0.6810551372947758,-0.911310674287764,-1.177851894974348,-1.2008713165995828,0.853056793629862,0.5382880250238866,-1.0289971665491795,-0.4814607612315388,0.6432272489531993,-1.0161329645585022,0
-0.9738162891597597,0.9009088760241706,-0.502969299721533,-0.6378945713879017,-0.911310674287764,0.9048055324001227,0.6994306322113446,-0.8828162337175963,0.4107278176540969,2.411137217776689,-0.7394662468772634,-1.0433455004267922,-1.0161329645585022,1
-0.2960199349169384,0.9009088760241706,-1.179024470547907,-0.6260187040033539,-0.23538436605243465,0.9048055324001227,0.6994306322113446,-0.8828162337175963,-1.173704231781191,2.411137217776689,-0.4814607612315388,-0.17029607721832604,-1.0161329645585022,1
-0.634918112038349,-1.1099901739376037,-0.502969299721533,-0.6328094260450502,-0.911310674287764,0.9048055324001227,0.6994306322113446,0.2744324511807092,1.0619562447524988,2.411137217776689,-0.997471732522988,0.8614896047553159,-1.0161329645585022,1
-0.9738162891597597,0.9009088760241706,1.5251962127575889,-0.6024722701331932,-0.7423290972289317,0.9048055324001227,0.6994306322113446,-1.461440576166749,-0.12972463988633004,2.2964660716324943,-0.4814607612315388,1.6551708985811941,-1.0161329645585022,1
-0.634918112038349,-1.1099901739376037,0.8491410419312149,-0.6825712054715267,-0.7423290972289317,-1.177851894974348,-0.2507203421941191,-0.3041918912684436,-1.623521805137819,0.9204123179021463,-0.997471732522988,0.14717644031202531,-1.0161329645585022,0
-0.9738162891597597,-1.1099901739376037,1.5251962127575889,-0.5498836552521501,-0.911310674287764,0.9048055324001227,0.6994306322113446,0.853056793629862,-1.371758237960602,1.952452633199907,-0.997471732522988,0.7424374106814341,-1.0161329645585022,1
-0.2960199349169384,0.9009088760241706,0.8491410419312149,-0.5506416893405255,-0.911310674287764,0.9048055324001227,0.6994306322113446,0.853056793629862,-0.37813135950118393,1.952452633199907,-0.4814607612315388,-1.0830295651180861,-1.0161329645585022,1
-0.8043672005990544,-1.1099901739376037,-0.502969299721533,-0.5413873565116092,-0.404365943111267,0.9048055324001227,0.6994306322113446,-0.8828162337175963,1.1458774338115711,1.952452633199907,-0.7394662468772634,-2.531497926350314,-1.0161329645585022,1
-1.143265377720465,-1.1099901739376037,-1.179024470547907,-0.5289745483144621,-0.911310674287764,0.9048055324001227,0.6994306322113446,0.853056793629862,-1.0427871768490378,1.8377814870557112,-0.997471732522988,-2.3926036999307856,-1.0161329645585022,1
-0.9738162891597597,0.9009088760241706,0.8491410419312149,-0.5049701355159079,-0.911310674287764,0.9048055324001227,0.6994306322113446,0.2744324511807092,-0.21364582894540246,1.7231103409115156,-0.7394662468772634,0.801963507718375,-1.0161329645585022,1
-0.2960199349169384,-1.1099901739376037,-1.179024470547907,-0.49244678068087266,-0.06640278899360229,0.9048055324001227,0.6994306322113446,-1.461440576166749,-0.21364582894540246,1.7231103409115156,-0.7394662468772634,-0.32903233598350173,-1.0161329645585022,1
-0.9738162891597597,0.9009088760241706,-0.502969299721533,-0.4818027186899348,-0.911310674287764,0.9048055324001227,0.6994306322113446,-0.8828162337175963,0.001192415045823164,1.6084391947673204,-0.4814607612315388,-1.2219237915376149,-1.0161329645585022,1
-0.634918112038349,-1.1099901739376037,0.8491410419312149,-0.4919572169987969,-0.5733475201700994,0.9048055324001227,0.6994306322113446,0.2744324511807092,-1.6705176710108995,1.7231103409115156,-0.997471732522988,0.12733440796637835,-1.0161329645585022,1
-0.9738162891597597,0.9009088760241706,0.8491410419312149,-0.4873142582074976,-0.911310674287764,0.9048055324001227,0.6994306322113446,-0.8828162337175963,0.7061304031420315,1.7231103409115156,-0.7394662468772634,-0.4877685947486774,-1.0161329645585022,1
-0.634918112038349,0.9009088760241706,-1.179024470547907,-0.60010341360702,-0.911310674287764,0.9048055324001227,0.6994306322113446,1.4316811360790147,1.2096575374964662,2.1817949254882985,-0.997471732522988,-0.44808453005738347,-1.0161329645585022,1
-0.634918112038349,0.9009088760241706,0.8491410419312149,-0.6790810901896316,-0.911310674287764,0.21058638994196582,0.06599664927436881,-0.3041918912684436,0.5382880250238866,1.4937680486231246,-0.7394662468772634,-0.11076998018138517,0.9841231756854657,0
-1.143265377720465,-1.1099901739376037,1.5251962127575889,-0.6738853982088919,-0.911310674287764,-1.177851894974348,-1.2008713165995828,-0.8828162337175963,1.159304824061023,-1.0289971665491795,-0.4814607612315388,-0.9044512740072636,0.9841231756854657,0
-0.8043672005990544,0.9009088760241706,-0.502969299721533,-0.6766174794024116,-0.911310674287764,-1.177851894974348,-1.359229812333827,-1.461440576166749,0.9108981044461687,-1.2583394588375707,-0.4814607612315388,-0.6266628211682062,0.9841231756854657,0
-0.9738162891597597,-1.1099901739376037,-0.502969299721533,-0.6808340440189997,-0.911310674287764,-1.177851894974348,-0.7257958293968509,-0.8828162337175963,-1.3751150855229646,0.003043148748581378,-0.7394662468772634,1.0400678958661385,-1.0161329645585022,0
-0.634918112038349,0.9009088760241706,0.8491410419312149,-0.5995980575481031,-0.7423290972289317,0.9048055324001227,0.6994306322113446,-1.461440576166749,1.676259348664909,2.1817949254882985,-0.7394662468772634,-0.9441353386985575,-1.0161329645585022,1
-0.634918112038349,0.9009088760241706,-1.179024470547907,-0.6836450870967251,-0.911310674287764,0.21058638994196582,0.8973787518791496,-0.3041918912684436,-1.4993184453303918,3.213835240786059,-0.7394662468772634,0.8614896047553159,0.9841231756854657,0
-0.9738162891597597,0.9009088760241706,-1.179024470547907,-0.4693583257391054,-0.911310674287764,0.9048055324001227,0.6994306322113446,1.4316811360790147,0.001192415045823164,1.6084391947673204,-0.7394662468772634,-0.011559818453150373,-1.0161329645585022,1
-0.9738162891597597,-1.1099901739376037,-0.502969299721533,-0.463578315815243,-0.911310674287764,0.9048055324001227,0.6994306322113446,1.4316811360790147,2.17642963545698,1.6084391947673204,-0.7394662468772634,-0.9242933063529105,-1.0161329645585022,1
-1.143265377720465,0.9009088760241706,0.8491410419312149,-1.0218862142805634,-0.7423290972289317,0.9048055324001227,-1.1691996174527342,-1.461440576166749,0.001192415045823164,0.003043148748581378,-0.7394662468772634,-0.30919030363785477,-1.0161329645585022,1
-1.143265377720465,-1.1099901739376037,-0.502969299721533,-0.9632491190693583,-0.911310674287764,0.9048055324001227,-1.1691996174527342,-0.8828162337175963,0.001192415045823164,-0.2262991435398101,-0.4814607612315388,-0.011559818453150373,0.9841231756854657,0
-0.46546902347764374,-1.1099901739376037,0.8491410419312149,-0.9564899817813443,-0.5733475201700994,0.9048055324001227,-1.1691996174527342,1.4316811360790147,-1.0495008719737637,-0.34097028968400567,-0.997471732522988,-0.7853990799333818,0.9841231756854657,0
-1.143265377720465,-1.1099901739376037,-0.502969299721533,-0.9385182569361109,-0.911310674287764,0.9048055324001227,-1.1691996174527342,0.2744324511807092,1.8407448792206904,-0.34097028968400567,-0.997471732522988,0.22654456969461315,-1.0161329645585022,1
-0.634918112038349,-1.1099901739376037,-1.179024470547907,-0.8239603553303793,-0.911310674287764,0.9048055324001227,-1.1691996174527342,0.2744324511807092,0.001192415045823164,-0.6849837281165926,-0.7394662468772634,-0.8846092416616166,0.9841231756854657,0
-0.8043672005990544,0.9009088760241706,-0.502969299721533,-0.7882695836693709,-0.911310674287764,0.9048055324001227,-1.1691996174527342,-0.8828162337175963,1.417782086362966,-0.7996548742607882,-0.4814607612315388,0.4448069254967297,-1.0161329645585022,0
-0.8043672005990544,0.9009088760241706,-1.179024470547907,-0.7509995743242474,-0.5733475201700994,0.9048055324001227,-1.1691996174527342,-1.461440576166749,-0.3680608168140954,-0.7996548742607882,-0.997471732522988,-0.24966420660091387,-1.0161329645585022,1
-0.46546902347764374,-1.1099901739376037,-1.179024470547907,-0.7249895296668666,-0.23538436605243465,0.9048055324001227,-1.1691996174527342,0.2744324511807092,0.5114332445249834,-0.9143260204049839,-0.4814607612315388,-0.6068207888225592,0.9841231756854657,0
-0.9738162891597597,0.9009088760241706,1.5251962127575889,-0.7139190735012175,-0.5733475201700994,0.9048055324001227,-1.1691996174527342,-0.3041918912684436,1.6594751108530943,-0.9143260204049839,-0.997471732522988,0.7225953783357871,-1.0161329645585022,1
-1.143265377720465,0.9009088760241706,0.8491410419312149,-0.5774413528399639,-0.911310674287764,0.9048055324001227,-1.1691996174527342,-0.8828162337175963,-1.1804179269059165,-1.0289971665491795,-0.997471732522988,-1.8568688265983175,0.9841231756854657,0
-0.46546902347764374,-1.1099901739376037,0.8491410419312149,-0.5204940419507623,-0.23538436605243465,0.9048055324001227,-1.1691996174527342,-1.461440576166749,0.5651428055227898,-1.0289971665491795,-0.7394662468772634,-2.2140254088199627,0.9841231756854657,0
-0.8043672005990544,0.9009088760241706,0.8491410419312149,-0.6758910300677186,-0.911310674287764,-1.177851894974348,0.38271364074285674,-0.8828162337175963,1.8273174889712391,2.0671237793441026,-0.7394662468772634,-0.5076106270943244,0.9841231756854657,0
-0.8043672005990544,-1.1099901739376037,1.5251962127575889,-0.5106553911787233,-0.5733475201700994,0.9048055324001227,-1.1691996174527342,-1.461440576166749,-0.005521280078902488,-1.0289971665491795,-0.4814607612315388,0.9210157017922567,-1.0161329645585022,0
-0.8043672005990544,0.9009088760241706,0.8491410419312149,-0.5034856520928394,-0.911310674287764,0.9048055324001227,-1.1691996174527342,1.4316811360790147,0.23952859197358917,-1.0289971665491795,-0.997471732522988,1.1392780575943733,-1.0161329645585022,0
-0.634918112038349,0.9009088760241706,1.5251962127575889,-0.6784809798696678,-0.911310674287764,-1.177851894974348,-0.804975077263973,-1.461440576166749,1.2465828606824585,-0.2262991435398101,-0.4814607612315388,-0.44808453005738347,0.9841231756854657,0
-0.2960199349169384,-1.1099901739376037,0.8491410419312149,-0.6782756789707328,0.10257878806523006,0.21058638994196582,-0.7257958293968509,0.853056793629862,-0.21028898138303903,0.003043148748581378,-0.4814607612315388,-0.6068207888225592,0.9841231756854657,0
-0.9738162891597597,-1.1099901739376037,-0.502969299721533,-0.37544106066476207,-0.5733475201700994,0.9048055324001227,-1.1691996174527342,1.4316811360790147,0.3301634761573873,-1.143668312693375,-0.997471732522988,0.14717644031202531,-1.0161329645585022,0
-0.9738162891597597,-1.1099901739376037,-0.502969299721533,-0.2014248602520852,-0.911310674287764,0.9048055324001227,-1.1691996174527342,0.2744324511807092,-1.7510820125076092,-1.2583394588375707,-0.4814607612315388,1.0003838311748445,0.9841231756854657,0
-0.8043672005990544,-1.1099901739376037,1.5251962127575889,-0.67481714844252,-0.404365943111267,-1.177851894974348,-0.2507203421941191,1.4316811360790147,-1.0495008719737637,0.9204123179021463,-0.997471732522988,-1.6981325678331418,0.9841231756854657,0
-0.46546902347764374,-1.1099901739376037,1.5251962127575889,-0.6773281363602636,-0.7423290972289317,-1.177851894974348,-0.09236184645987515,-1.461440576166749,-1.173704231781191,1.1497546101905376,-0.4814607612315388,-1.4401861473397315,-1.0161329645585022,0
-0.8043672005990544,0.9009088760241706,0.8491410419312149,0.1713226103296747,-0.911310674287764,0.9048055324001227,-1.1691996174527342,1.4316811360790147,-1.0427871768490378,-1.3730106049817663,-0.4814607612315388,0.5241750548793175,-1.0161329645585022,0
-1.143265377720465,-1.1099901739376037,-1.179024470547907,-0.252244728926919,-0.911310674287764,0.9048055324001227,-1.165240655059378,-1.461440576166749,-1.1233515183457474,-1.2583394588375707,-0.7394662468772634,-0.24966420660091387,0.9841231756854657,0
-0.46546902347764374,0.9009088760241706,0.8491410419312149,-0.6791442596969962,-0.7423290972289317,-1.177851894974348,-0.5674373336626071,-0.3041918912684436,1.1223795008750308,0.23238544103697253,-0.997471732522988,-0.09092794783573821,0.9841231756854657,0
-0.8043672005990544,0.9009088760241706,-1.179024470547907,-0.943650779409486,-0.7423290972289317,0.9048055324001227,-1.1612816926660219,-1.461440576166749,0.8336906105118219,-0.34097028968400567,-0.4814607612315388,0.3654387961141419,0.9841231756854657,0
-0.634918112038349,-1.1099901739376037,-0.502969299721533,-0.6887302324395768,-0.5733475201700994,0.9048055324001227,-1.1612816926660219,1.4316811360790147,0.5785701957722418,-0.9143260204049839,-0.4814607612315388,0.008282213892496587,-1.0161329645585022,0
-0.2960199349169384,0.9009088760241706,-0.502969299721533,-0.44704369726255466,-0.23538436605243465,0.9048055324001227,-1.1612816926660219,-1.461440576166749,-0.21028898138303903,-1.143668312693375,-0.4814607612315388,0.22654456969461315,-1.0161329645585022,0
-0.8043672005990544,0.9009088760241706,1.5251962127575889,-0.9811418820303858,-0.911310674287764,0.9048055324001227,-1.1533637678793096,-0.8828162337175963,1.451350561986595,-0.11162799739561437,-0.997471732522988,0.8416475724096689,-1.0161329645585022,1
-0.46546902347764374,-1.1099901739376037,-0.502969299721533,-0.7555635712313409,-0.911310674287764,0.9048055324001227,-1.1533637678793096,0.853056793629862,0.03476089066945202,-0.7996548742607882,-0.4814607612315388,0.7424374106814341,0.9841231756854657,0
-0.9738162891597597,-1.1099901739376037,-0.502969299721533,-0.6789389587980612,-0.911310674287764,0.21058638994196582,-0.4090788379283631,1.4316811360790147,0.9981761410676039,0.5763988794695595,-0.997471732522988,0.5837011519162584,-1.0161329645585022,0
-0.2960199349169384,0.9009088760241706,-0.502969299721533,-0.6744855085288558,-0.23538436605243465,0.9048055324001227,-1.1533637678793096,0.2744324511807092,-0.005521280078902488,-0.9143260204049839,-0.997471732522988,-0.13061201252703214,0.9841231756854657,0
-1.143265377720465,-1.1099901739376037,-0.502969299721533,-0.5917176615043672,-0.911310674287764,0.9048055324001227,-1.1533637678793096,-0.8828162337175963,-1.4254677989584081,-1.0289971665491795,-0.997471732522988,-0.6465048535138531,0.9841231756854657,0
-0.2960199349169384,-1.1099901739376037,-0.502969299721533,-0.5543213131445144,-0.23538436605243465,0.9048055324001227,-1.1533637678793096,-0.8828162337175963,-1.2106295549671826,-1.0289971665491795,-0.997471732522988,1.238488219322608,-1.0161329645585022,0
-0.46546902347764374,-1.1099901739376037,1.5251962127575889,-0.0632889400225104,-0.06640278899360229,0.9048055324001227,-1.1533637678793096,0.2744324511807092,0.23617174441122635,-1.2583394588375707,-0.7394662468772634,-0.5869787564769122,0.9841231756854657,0
-0.9738162891597597,0.9009088760241706,-1.179024470547907,-0.6751961654867077,-0.7423290972289317,0.21058638994196582,-0.7257958293968509,0.853056793629862,0.03811773823181484,-0.11162799739561437,-0.997471732522988,-1.8965528912896115,0.9841231756854657,0
-0.8043672005990544,0.9009088760241706,1.5251962127575889,0.23368670647539216,-0.404365943111267,0.9048055324001227,-1.1533637678793096,-0.8828162337175963,2.206641263518246,-1.3730106049817663,-0.997471732522988,-0.5869787564769122,-1.0161329645585022,0
-0.8043672005990544,-1.1099901739376037,-1.179024470547907,-0.6824448664567975,-0.911310674287764,-1.177851894974348,-0.7257958293968509,1.4316811360790147,-0.21028898138303903,0.003043148748581378,-0.4814607612315388,0.08765034327508442,0.9841231756854657,0
-0.9738162891597597,-1.1099901739376037,-0.502969299721533,-0.6787652426528086,-0.404365943111267,-1.177851894974348,-0.7257958293968509,-1.461440576166749,0.7464125738903866,0.003043148748581378,-0.4814607612315388,1.4964346398160184,-1.0161329645585022,0
-0.2960199349169384,0.9009088760241706,1.5251962127575889,-0.97736750396535,-0.911310674287764,0.9048055324001227,-1.1454458430925976,0.2744324511807092,-0.3680608168140954,-0.11162799739561437,-0.4814607612315388,0.40512286080543575,-1.0161329645585022,1
-0.46546902347764374,0.9009088760241706,0.8491410419312149,-0.40718373811548175,-0.5733475201700994,0.9048055324001227,-1.1454458430925976,-0.8828162337175963,0.9981761410676039,-1.143668312693375,-0.7394662468772634,-0.686188918205147,0.9841231756854657,0
-0.634918112038349,-1.1099901739376037,1.5251962127575889,-1.0221388923100219,-0.911310674287764,0.9048055324001227,-1.1375279183058853,0.2744324511807092,-1.371758237960602,0.23238544103697253,-0.997471732522988,0.6432272489531993,-1.0161329645585022,1
-0.2960199349169384,-1.1099901739376037,-1.179024470547907,-0.6770912507076462,-0.404365943111267,-1.177851894974348,-0.8841543251310949,-0.8828162337175963,-1.2979075915886182,-0.34097028968400567,-0.7394662468772634,0.5043330225336705,-1.0161329645585022,0
-0.8043672005990544,-1.1099901739376037,0.8491410419312149,-0.9979449709893737,-0.911310674287764,0.9048055324001227,-1.1375279183058853,0.853056793629862,1.9515208487786668,0.003043148748581378,-0.7394662468772634,-0.5472946917856183,-1.0161329645585022,1
-0.634918112038349,0.9009088760241706,-0.502969299721533,-0.9912805879624067,-0.7423290972289317,0.9048055324001227,-1.1375279183058853,1.4316811360790147,2.102578989084997,0.003043148748581378,-0.997471732522988,-0.44808453005738347,-1.0161329645585022,1
-0.634918112038349,0.9009088760241706,0.8491410419312149,-0.6737432668173216,-0.911310674287764,-1.177851894974348,-0.7257958293968509,-0.3041918912684436,0.830333762949459,-0.11162799739561437,-0.997471732522988,0.08765034327508442,-1.0161329645585022,1
-0.46546902347764374,0.9009088760241706,1.5251962127575889,-0.6796812005095955,-0.911310674287764,-1.177851894974348,-0.8841543251310949,0.853056793629862,-1.2979075915886182,-0.34097028968400567,-0.997471732522988,0.821805540064022,-1.0161329645585022,0
-0.46546902347764374,-1.1099901739376037,1.5251962127575889,-0.9511679507858753,-0.7423290972289317,0.9048055324001227,-1.1375279183058853,-0.8828162337175963,0.23617174441122635,-0.2262991435398101,-0.4814607612315388,-1.3409759856114967,0.9841231756854657,0
-0.2960199349169384,-1.1099901739376037,-0.502969299721533,-0.9350755187847394,-0.911310674287764,0.9048055324001227,-1.1375279183058853,0.853056793629862,0.4107278176540969,-0.2262991435398101,-0.4814607612315388,-1.2814498885745558,-1.0161329645585022,0
-0.634918112038349,0.9009088760241706,1.5251962127575889,-0.9333857344627359,-0.5733475201700994,0.9048055324001227,-1.1375279183058853,0.2744324511807092,0.9981761410676039,-0.2262991435398101,-0.4814607612315388,1.4765926074703717,-1.0161329645585022,1
-0.2960199349169384,-1.1099901739376037,-1.179024470547907,-0.6850821933892702,0.10257878806523006,-1.177851894974348,0.8577891279455886,-0.3041918912684436,-0.12972463988633004,3.0991640946418633,-0.997471732522988,0.028124246238143545,0.9841231756854657,0
-0.8043672005990544,0.9009088760241706,-0.502969299721533,-0.6815289086000105,-0.7423290972289317,-1.177851894974348,-0.804975077263973,0.853056793629862,-0.12972463988633004,-0.2262991435398101,-0.7394662468772634,-0.22982217425526694,0.9841231756854657,0
-0.2960199349169384,0.9009088760241706,-1.179024470547907,-0.9062228462959508,0.4405419421828948,0.9048055324001227,-1.1375279183058853,1.4316811360790147,0.6893461653302174,-0.34097028968400567,-0.997471732522988,0.8416475724096689,-1.0161329645585022,1
-0.634918112038349,0.9009088760241706,-1.179024470547907,-0.6807234973811117,-0.911310674287764,-1.177851894974348,-1.1375279183058853,-1.461440576166749,0.7061304031420315,-0.7996548742607882,-0.997471732522988,-1.4401861473397315,-1.0161329645585022,0
-0.9738162891597597,-1.1099901739376037,-0.502969299721533,-0.6806761202505882,-0.911310674287764,-1.177851894974348,-1.01084112171849,1.4316811360790147,0.830333762949459,-0.570312581972397,-0.4814607612315388,0.5241750548793175,0.9841231756854657,0
-1.143265377720465,0.9009088760241706,-0.502969299721533,-0.9054016427002108,-0.911310674287764,0.9048055324001227,-1.1375279183058853,1.4316811360790147,1.2465828606824585,-0.34097028968400567,-0.997471732522988,0.6035431842619053,0.9841231756854657,0
-0.9738162891597597,-1.1099901739376037,-0.502969299721533,-0.9120186485966544,-0.5733475201700994,0.9048055324001227,-1.1375279183058853,-1.461440576166749,0.8739727812601764,-0.34097028968400567,-0.7394662468772634,0.9011736694466097,-1.0161329645585022,0
-0.9738162891597597,-1.1099901739376037,1.5251962127575889,-0.6815131162231693,-0.5733475201700994,-1.177851894974348,0.6598410082777837,-0.8828162337175963,1.0787404825643134,2.640479510065081,-0.4814607612315388,-0.09092794783573821,0.9841231756854657,0
-0.634918112038349,0.9009088760241706,-0.502969299721533,-0.8670735441067299,-0.911310674287764,0.9048055324001227,-1.1375279183058853,-1.461440576166749,1.5486991412951188,-0.45564143582820127,-0.997471732522988,0.4844909901880236,-1.0161329645585022,1
-0.9738162891597597,0.9009088760241706,0.8491410419312149,-0.6811183068021405,-0.911310674287764,-1.177851894974348,-0.646616581529729,0.853056793629862,-0.005521280078902488,0.1177142948927768,-0.7394662468772634,-0.8052411122790287,0.9841231756854657,0
-0.9738162891597597,0.9009088760241706,-0.502969299721533,-0.8359467693528152,-0.404365943111267,0.9048055324001227,-1.1375279183058853,-0.3041918912684436,1.7736079279734327,-0.570312581972397,-0.4814607612315388,-0.011559818453150373,-1.0161329645585022,1
-0.8043672005990544,0.9009088760241706,-0.502969299721533,-0.8376049689211363,-0.7423290972289317,0.9048055324001227,-1.1375279183058853,-1.461440576166749,1.417782086362966,-0.570312581972397,-0.4814607612315388,-0.686188918205147,-1.0161329645585022,1
-0.9738162891597597,0.9009088760241706,1.5251962127575889,-0.830909001140487,-0.7423290972289317,0.9048055324001227,-1.1375279183058853,-1.461440576166749,0.5114332445249834,-0.570312581972397,-0.4814607612315388,1.5361187045073124,0.9841231756854657,0
-0.9738162891597597,-1.1099901739376037,-0.502969299721533,-0.6774228906213104,-0.911310674287764,-1.177851894974348,-1.240460940533144,0.2744324511807092,-0.005521280078902488,-1.0289971665491795,-0.4814607612315388,0.6233852166075523,-1.0161329645585022,0
-0.8043672005990544,0.9009088760241706,-0.502969299721533,-0.8200912230042965,-0.911310674287764,0.9048055324001227,-1.1375279183058853,1.4316811360790147,-0.6936750303632967,-0.570312581972397,-0.4814607612315388,0.6432272489531993,-1.0161329645585022,0
-0.46546902347764374,0.9009088760241706,0.8491410419312149,-0.8144375520951633,-0.23538436605243465,0.9048055324001227,-1.1375279183058853,0.2744324511807092,-0.21700267650776528,-0.6849837281165926,-0.4814607612315388,-0.36871640067479566,-1.0161329645585022,0
-0.9738162891597597,-1.1099901739376037,-1.179024470547907,-0.6787810350296497,-0.911310674287764,-1.177851894974348,-0.7257958293968509,1.4316811360790147,0.15896425047687956,0.003043148748581378,-0.4814607612315388,0.5241750548793175,0.9841231756854657,0
-0.8043672005990544,0.9009088760241706,0.8491410419312149,-0.8099525170722756,-0.911310674287764,0.9048055324001227,-1.1375279183058853,-0.8828162337175963,-1.6839450612603513,-0.6849837281165926,-0.7394662468772634,0.7027533459901402,0.9841231756854657,0
-1.143265377720465,0.9009088760241706,-1.179024470547907,-0.7908911182250026,-0.911310674287764,0.9048055324001227,-1.1375279183058853,1.4316811360790147,1.7736079279734327,-0.6849837281165926,-0.7394662468772634,0.7225953783357871,0.9841231756854657,0
-0.2960199349169384,0.9009088760241706,-0.502969299721533,-0.7702978588241376,-0.23538436605243465,0.9048055324001227,-1.1375279183058853,0.853056793629862,1.4345663241747801,-0.6849837281165926,-0.7394662468772634,0.3654387961141419,-1.0161329645585022,1
-0.8043672005990544,0.9009088760241706,0.8491410419312149,-0.6818763408905159,-0.911310674287764,0.21058638994196582,-1.042512820865339,0.853056793629862,0.04483143335654109,-0.6849837281165926,-0.7394662468772634,-0.8449251769703227,0.9841231756854657,0
-0.634918112038349,-1.1099901739376037,1.5251962127575889,-0.7687186211400222,-0.5733475201700994,0.9048055324001227,-1.1375279183058853,1.4316811360790147,0.9377528849450718,-0.6849837281165926,-0.4814607612315388,0.6233852166075523,0.9841231756854657,0
-0.9738162891597597,0.9009088760241706,-0.502969299721533,-0.7765042629227111,-0.911310674287764,0.9048055324001227,-1.1375279183058853,-0.8828162337175963,0.8739727812601764,-0.6849837281165926,-0.4814607612315388,0.8614896047553159,-1.0161329645585022,0
-1.143265377720465,-1.1099901739376037,-1.179024470547907,-0.7491676586106735,-0.911310674287764,0.9048055324001227,-1.1375279183058853,0.853056793629862,0.19253272610050842,-0.7996548742607882,-0.4814607612315388,-1.7378166325244357,-1.0161329645585022,1
-1.143265377720465,0.9009088760241706,-1.179024470547907,-0.7476357980570815,-0.911310674287764,0.9048055324001227,-1.1375279183058853,-0.8828162337175963,1.2700807936189982,-0.7996548742607882,-0.997471732522988,-1.7378166325244357,-1.0161329645585022,0
-0.9738162891597597,0.9009088760241706,1.5251962127575889,-0.740718737000656,-0.404365943111267,0.9048055324001227,-1.1375279183058853,-0.3041918912684436,0.9780350556934264,-0.7996548742607882,-0.7394662468772634,0.008282213892496587,-1.0161329645585022,1
-0.9738162891597597,-1.1099901739376037,0.8491410419312149,-0.7333752817695194,-0.911310674287764,0.9048055324001227,-1.1375279183058853,-0.8828162337175963,-0.1397951825734185,-0.7996548742607882,-0.997471732522988,0.008282213892496587,-1.0161329645585022,0
-0.46546902347764374,-1.1099901739376037,0.8491410419312149,-0.7152456331558745,0.10257878806523006,0.9048055324001227,-1.1375279183058853,-0.8828162337175963,0.16232109803924238,-0.7996548742607882,-0.7394662468772634,0.0479662785837905,0.9841231756854657,0
-0.634918112038349,-1.1099901739376037,-0.502969299721533,-0.7027064859439981,-0.911310674287764,0.9048055324001227,-1.1375279183058853,-0.3041918912684436,1.092167872813765,-0.7996548742607882,-0.4814607612315388,0.6630692812988462,-1.0161329645585022,1
-1.143265377720465,-1.1099901739376037,-0.502969299721533,-0.6776597762739278,-0.911310674287764,0.9048055324001227,-1.1375279183058853,-0.3041918912684436,2.0757242085860943,-0.9143260204049839,-0.997471732522988,0.5241750548793175,-1.0161329645585022,1
-1.143265377720465,-1.1099901739376037,-0.502969299721533,-0.6798391242780071,-0.911310674287764,0.9048055324001227,-1.1375279183058853,1.4316811360790147,1.8407448792206904,-0.7996548742607882,-0.997471732522988,1.278172284013902,-1.0161329645585022,1
-0.634918112038349,0.9009088760241706,-1.179024470547907,-0.6769964964465993,-0.911310674287764,0.9048055324001227,-1.1375279183058853,0.2744324511807092,0.9108981044461687,-0.9143260204049839,-0.4814607612315388,-1.2219237915376149,0.9841231756854657,0
-0.46546902347764374,0.9009088760241706,-0.502969299721533,-0.6649153281631164,-0.404365943111267,0.9048055324001227,-1.1375279183058853,0.2744324511807092,-1.0427871768490378,-0.9143260204049839,-0.7394662468772634,-1.4203441149940845,0.9841231756854657,0
-0.8043672005990544,0.9009088760241706,-1.179024470547907,-0.678907374044379,-0.7423290972289317,-1.177851894974348,-0.4882580857954851,-1.461440576166749,-1.0964967378468442,0.4617277333253637,-0.4814607612315388,-2.0552891500547874,0.9841231756854657,0
-0.8043672005990544,-1.1099901739376037,0.8491410419312149,-0.6599565218349941,-0.911310674287764,0.9048055324001227,-1.1375279183058853,0.853056793629862,0.9981761410676039,-0.9143260204049839,-0.4814607612315388,-3.4243893819044273,-1.0161329645585022,1
-0.9738162891597597,-1.1099901739376037,1.5251962127575889,-0.643864089833858,-0.7423290972289317,0.9048055324001227,-1.1375279183058853,0.2744324511807092,0.3301634761573873,-0.9143260204049839,-0.7394662468772634,-1.4203441149940845,0.9841231756854657,0
-0.9738162891597597,0.9009088760241706,0.8491410419312149,-0.6344834179902125,-0.911310674287764,0.9048055324001227,-1.1375279183058853,1.4316811360790147,1.934736610966852,-0.9143260204049839,-0.7394662468772634,0.38528082845978884,-1.0161329645585022,0
-0.9738162891597597,-1.1099901739376037,0.8491410419312149,-0.6174434433786072,-0.911310674287764,0.9048055324001227,-1.1375279183058853,-1.461440576166749,0.15896425047687956,-0.9143260204049839,-0.4814607612315388,0.801963507718375,-1.0161329645585022,0
-0.2960199349169384,0.9009088760241706,1.5251962127575889,-0.6801233870611478,-0.404365943111267,0.21058638994196582,0.8577891279455886,0.853056793629862,0.7430557263280237,3.0991640946418633,-0.997471732522988,0.3654387961141419,-1.0161329645585022,0
-0.9738162891597597,0.9009088760241706,0.8491410419312149,-0.5860481982183929,-0.911310674287764,0.9048055324001227,-1.1375279183058853,-0.8828162337175963,0.001192415045823164,-0.9143260204049839,-0.997471732522988,1.0797519605574324,0.9841231756854657,0
-0.46546902347764374,0.9009088760241706,-0.502969299721533,-0.581547370818664,-0.404365943111267,0.9048055324001227,-1.1375279183058853,1.4316811360790147,0.5114332445249834,-0.9143260204049839,-0.7394662468772634,0.20670253734896618,-1.0161329645585022,0
-0.8043672005990544,-1.1099901739376037,0.8491410419312149,-0.6749908645877727,-0.5733475201700994,-1.177851894974348,0.38271364074285674,-0.8828162337175963,-0.6936750303632967,2.0671237793441026,-0.4814607612315388,0.7622794430270811,0.9841231756854657,0
-1.143265377720465,-1.1099901739376037,-1.179024470547907,-0.5296694128954729,-0.911310674287764,0.9048055324001227,-1.1375279183058853,0.853056793629862,1.092167872813765,-1.0289971665491795,-0.7394662468772634,-2.114815247091728,0.9841231756854657,0
-0.8043672005990544,-1.1099901739376037,-0.502969299721533,-0.4863509232201872,-0.06640278899360229,0.9048055324001227,-1.1375279183058853,-1.461440576166749,-0.707102420612748,-1.0289971665491795,-0.7394662468772634,-0.30919030363785477,0.9841231756854657,0
-0.46546902347764374,-1.1099901739376037,-1.179024470547907,-0.493710170828165,-0.911310674287764,0.9048055324001227,-1.1375279183058853,-0.8828162337175963,-1.8752853723150364,-1.0289971665491795,-0.7394662468772634,-0.4877685947486774,0.9841231756854657,0
-0.634918112038349,0.9009088760241706,-0.502969299721533,-0.6829975996462379,-0.7423290972289317,-1.177851894974348,-0.5674373336626071,1.4316811360790147,0.7430557263280237,0.23238544103697253,-0.7394662468772634,0.40512286080543575,-1.0161329645585022,0
-0.46546902347764374,0.9009088760241706,-1.179024470547907,-0.6786704883917616,-0.5733475201700994,-1.177851894974348,0.30353439287573475,0.853056793629862,-0.811164695045998,1.952452633199907,-0.4814607612315388,-0.5472946917856183,0.9841231756854657,0
-0.9738162891597597,-1.1099901739376037,0.8491410419312149,-0.48581398240758794,-0.7423290972289317,0.9048055324001227,-1.1375279183058853,-0.8828162337175963,0.5785701957722418,-1.0289971665491795,-0.997471732522988,0.5440170872249644,0.9841231756854657,0
-0.8043672005990544,-1.1099901739376037,-0.502969299721533,-0.6859981512460571,-0.911310674287764,-1.177851894974348,-1.359229812333827,0.2744324511807092,-1.2106295549671826,-1.2583394588375707,-0.997471732522988,1.0400678958661385,0.9841231756854657,0
-1.143265377720465,-1.1099901739376037,-1.179024470547907,-0.5997086041859913,-0.7423290972289317,0.9048055324001227,-1.1375279183058853,-0.3041918912684436,-0.059230841076708896,-0.9143260204049839,-0.4814607612315388,0.5241750548793175,-1.0161329645585022,1
-0.634918112038349,-1.1099901739376037,-0.502969299721533,-0.46569449431195764,-0.7423290972289317,0.9048055324001227,-1.1375279183058853,-0.8828162337175963,0.561785957960427,-1.0289971665491795,-0.997471732522988,-0.8052411122790287,-1.0161329645585022,0
-0.9738162891597597,0.9009088760241706,1.5251962127575889,-0.4606567260996295,-0.911310674287764,0.9048055324001227,-1.1375279183058853,-0.8828162337175963,0.40737097009173406,-1.0289971665491795,-0.997471732522988,-0.22982217425526694,0.9841231756854657,0
-0.634918112038349,0.9009088760241706,1.5251962127575889,-0.6735379659183865,-0.5733475201700994,-1.177851894974348,-0.5674373336626071,-1.461440576166749,0.860545391010725,0.23238544103697253,-0.997471732522988,0.028124246238143545,-1.0161329645585022,0
-0.2960199349169384,0.9009088760241706,1.5251962127575889,-0.6776439838970866,-0.23538436605243465,-1.177851894974348,-0.963333572998217,1.4316811360790147,-1.0092187012254088,-0.570312581972397,-0.4814607612315388,-1.2616078562289088,-1.0161329645585022,0
-0.46546902347764374,-1.1099901739376037,-0.502969299721533,-0.6783546408549386,-0.7423290972289317,-1.177851894974348,-1.042512820865339,1.4316811360790147,0.001192415045823164,-0.6849837281165926,-0.4814607612315388,-1.0433455004267922,0.9841231756854657,0
-0.9738162891597597,-1.1099901739376037,-0.502969299721533,-0.6779756238107508,-0.7423290972289317,-1.177851894974348,-0.7257958293968509,-0.8828162337175963,0.2965950005337584,0.003043148748581378,-0.4814607612315388,-0.03140185079879733,-1.0161329645585022,1
-0.2960199349169384,-1.1099901739376037,0.17308587110484092,-0.6791442596969962,-0.5733475201700994,-1.177851894974348,-0.8841543251310949,1.4316811360790147,0.7229146409538463,-0.34097028968400567,-0.4814607612315388,0.22654456969461315,-1.0161329645585022,0
-0.46546902347764374,0.9009088760241706,1.5251962127575889,-0.6813236077010755,-0.5733475201700994,-1.177851894974348,-0.2507203421941191,1.4316811360790147,-0.5661148229935064,0.9204123179021463,-0.4814607612315388,1.2186461869769611,-1.0161329645585022,0
-1.143265377720465,-1.1099901739376037,-1.179024470547907,-0.6756857291687836,-0.911310674287764,-1.177851894974348,-0.765385453330412,0.853056793629862,-0.46205254856025635,-0.11162799739561437,-0.997471732522988,-0.011559818453150373,-1.0161329645585022,1
-0.9738162891597597,-1.1099901739376037,0.8491410419312149,-0.4317250917266352,-0.7423290972289317,0.9048055324001227,-1.1375279183058853,1.4316811360790147,-0.005521280078902488,-1.0289971665491795,-0.4814607612315388,1.0202258635204915,0.9841231756854657,0
-0.9738162891597597,-1.1099901739376037,0.8491410419312149,-0.5386236905644072,-0.911310674287764,0.9048055324001227,-1.1375279183058853,0.853056793629862,-0.11965409719924096,-1.0289971665491795,-0.7394662468772634,0.7622794430270811,-1.0161329645585022,1
-0.46546902347764374,0.9009088760241706,0.8491410419312149,-0.4165170328286038,0.10257878806523006,0.9048055324001227,-1.1375279183058853,0.2744324511807092,-1.1233515183457474,-1.143668312693375,-0.4814607612315388,-1.5790803737592602,-1.0161329645585022,0
-0.8043672005990544,-1.1099901739376037,-0.502969299721533,-0.41500096465185304,-0.911310674287764,0.9048055324001227,-1.1375279183058853,-0.8828162337175963,1.0351014642535956,-1.143668312693375,-0.4814607612315388,1.2186461869769611,0.9841231756854657,0
-0.634918112038349,0.9009088760241706,-1.179024470547907,-0.677375513490787,-0.06640278899360229,-1.177851894974348,-1.359229812333827,-0.8828162337175963,-1.0092187012254088,-1.2583394588375707,-0.997471732522988,-0.686188918205147,0.9841231756854657,0
-0.9738162891597597,-1.1099901739376037,0.8491410419312149,-0.39755038824237776,-0.404365943111267,0.9048055324001227,-1.1375279183058853,0.2744324511807092,0.3939435798422821,-1.143668312693375,-0.4814607612315388,-0.011559818453150373,0.9841231756854657,0
-0.2960199349169384,0.9009088760241706,-1.179024470547907,-0.36836607583992503,-0.06640278899360229,0.9048055324001227,-1.1375279183058853,-1.461440576166749,-0.3680608168140954,-1.143668312693375,-0.4814607612315388,-0.5076106270943244,0.9841231756854657,0
-0.8043672005990544,-1.1099901739376037,1.5251962127575889,-0.3593960057941495,-0.911310674287764,0.9048055324001227,-1.1375279183058853,0.853056793629862,0.9209686471332571,-1.143668312693375,-0.4814607612315388,-0.22982217425526694,0.9841231756854657,0
-0.9738162891597597,-1.1099901739376037,-1.179024470547907,-0.6730957793668343,-0.911310674287764,-1.177851894974348,-0.47242223622206064,0.853056793629862,1.1458774338115711,0.4617277333253637,-0.4814607612315388,-0.36871640067479566,0.9841231756854657,0
-0.8043672005990544,0.9009088760241706,-0.502969299721533,-0.33289639745469296,-0.7423290972289317,0.9048055324001227,-1.1375279183058853,0.2744324511807092,-0.8447331706696268,-1.143668312693375,-0.4814607612315388,-0.8647672093159696,0.9841231756854657,0
-0.8043672005990544,-1.1099901739376037,1.5251962127575889,-0.6813551924547578,-0.911310674287764,-1.177851894974348,-0.2507203421941191,0.2744324511807092,0.001192415045823164,0.9204123179021463,-0.7394662468772634,1.734539027963782,-1.0161329645585022,1
-0.8043672005990544,0.9009088760241706,-1.179024470547907,-0.3362285889681765,-0.5733475201700994,0.9048055324001227,-1.1375279183058853,-0.8828162337175963,-0.1397951825734185,-1.143668312693375,-0.7394662468772634,1.1591200899400202,0.9841231756854657,0
-0.634918112038349,0.9009088760241706,-0.502969299721533,-0.3340808257177795,-0.06640278899360229,0.9048055324001227,-1.1375279183058853,0.853056793629862,0.665848232393677,-1.143668312693375,-0.4814607612315388,0.18686050500331922,0.9841231756854657,0
-0.8043672005990544,-1.1099901739376037,0.8491410419312149,-0.2992744271598759,-0.7423290972289317,0.9048055324001227,-1.1375279183058853,0.853056793629862,0.27645391515958084,-1.143668312693375,-0.997471732522988,0.4448069254967297,0.9841231756854657,0
-0.46546902347764374,0.9009088760241706,-1.179024470547907,-0.26606305866292884,-0.7423290972289317,0.9048055324001227,-1.1375279183058853,-0.3041918912684436,-1.0495008719737637,-1.143668312693375,-0.4814607612315388,0.12733440796637835,0.9841231756854657,0
-0.9738162891597597,-1.1099901739376037,-1.179024470547907,-0.6748645255730434,-0.911310674287764,-1.177851894974348,-0.4169967627150753,1.4316811360790147,-0.5661148229935064,0.5763988794695595,-0.4814607612315388,-0.3488743683291487,0.9841231756854657,0
-0.634918112038349,0.9009088760241706,-0.502969299721533,-0.2192702460825893,-0.911310674287764,0.9048055324001227,-1.1375279183058853,0.853056793629862,-1.0092187012254088,-1.143668312693375,-0.7394662468772634,1.0003838311748445,0.9841231756854657,0
-0.2960199349169384,-1.1099901739376037,1.5251962127575889,-0.21980718689518855,-0.7423290972289317,0.9048055324001227,-1.1375279183058853,-0.8828162337175963,-0.5661148229935064,-1.143668312693375,-0.7394662468772634,-0.6465048535138531,-1.0161329645585022,0
-0.8043672005990544,0.9009088760241706,-0.502969299721533,-0.18391111433524532,-0.23538436605243465,0.9048055324001227,-1.1375279183058853,0.2744324511807092,-0.707102420612748,-1.143668312693375,-0.7394662468772634,0.6630692812988462,0.9841231756854657,0
-0.9738162891597597,0.9009088760241706,-1.179024470547907,-0.1530528099876302,-0.7423290972289317,0.9048055324001227,-1.1375279183058853,0.853056793629862,1.417782086362966,-1.2583394588375707,-0.7394662468772634,0.5638591195706114,0.9841231756854657,0
-0.46546902347764374,-1.1099901739376037,-0.502969299721533,-0.11131355799645998,-0.911310674287764,0.9048055324001227,-1.1375279183058853,1.4316811360790147,0.16232109803924238,-1.2583394588375707,-0.7394662468772634,0.5043330225336705,0.9841231756854657,0
-0.634918112038349,0.9009088760241706,1.5251962127575889,-0.22328150980024244,-0.404365943111267,0.9048055324001227,-1.1375279183058853,0.2744324511807092,0.8336906105118219,-1.143668312693375,-0.4814607612315388,0.46464895784237664,-1.0161329645585022,1
-0.2960199349169384,0.9009088760241706,0.8491410419312149,-0.21957030124257124,-0.23538436605243465,0.9048055324001227,-1.1375279183058853,-0.3041918912684436,1.0351014642535956,-1.143668312693375,-0.997471732522988,-0.5472946917856183,-1.0161329645585022,1
-1.143265377720465,-1.1099901739376037,-1.179024470547907,-0.6777387381581336,-0.911310674287764,-1.177851894974348,0.6994306322113446,-1.461440576166749,-0.5459737376193288,2.7551506562092767,-0.4814607612315388,-1.3012919209202027,0.9841231756854657,0
-0.46546902347764374,0.9009088760241706,-1.179024470547907,-0.05654559511133761,-0.06640278899360229,0.9048055324001227,-1.1375279183058853,-1.461440576166749,-1.2979075915886182,-1.2583394588375707,-0.4814607612315388,0.3654387961141419,-1.0161329645585022,0
-0.8043672005990544,0.9009088760241706,-1.179024470547907,-0.05176050492846792,-0.7423290972289317,0.9048055324001227,-1.1375279183058853,-1.461440576166749,-1.0427871768490378,-1.2583394588375707,-0.4814607612315388,1.0202258635204915,-1.0161329645585022,0
-0.9738162891597597,0.9009088760241706,-1.179024470547907,0.0028969113187663647,-0.911310674287764,0.9048055324001227,-1.1375279183058853,-0.8828162337175963,-1.2106295549671826,-1.2583394588375707,-0.997471732522988,-2.3529196352394917,0.9841231756854657,0
-0.2960199349169384,0.9009088760241706,-0.502969299721533,0.02298481466071436,-0.23538436605243465,0.9048055324001227,-1.1375279183058853,0.2744324511807092,0.665848232393677,-1.2583394588375707,-0.997471732522988,1.298014316359549,0.9841231756854657,0
-0.2960199349169384,0.9009088760241706,-1.179024470547907,0.08231677445293026,-0.7423290972289317,0.9048055324001227,-1.1375279183058853,-0.8828162337175963,0.001192415045823164,-1.2583394588375707,-0.7394662468772634,0.10749237562073138,-1.0161329645585022,0
-0.634918112038349,0.9009088760241706,0.8491410419312149,-0.6766806489097762,-0.911310674287764,-1.177851894974348,-0.7257958293968509,0.853056793629862,-0.0995130118250634,-0.11162799739561437,-0.997471732522988,-0.9242933063529105,0.9841231756854657,0
-0.634918112038349,0.9009088760241706,0.8491410419312149,0.5537823926687443,0.10257878806523006,0.9048055324001227,-1.1375279183058853,0.853056793629862,-1.6839450612603513,-1.3730106049817663,-0.7394662468772634,-0.7457150152420878,0.9841231756854657,0
-0.46546902347764374,0.9009088760241706,0.8491410419312149,0.5512240276204774,-0.23538436605243465,0.9048055324001227,-1.1375279183058853,-1.461440576166749,-0.5896127559300467,-1.3730106049817663,-0.997471732522988,0.7225953783357871,0.9841231756854657,0
-0.2960199349169384,-1.1099901739376037,-0.502969299721533,0.5517609684330765,-0.7423290972289317,0.9048055324001227,-1.1375279183058853,1.4316811360790147,0.001192415045823164,-1.3730106049817663,-0.7394662468772634,0.008282213892496587,0.9841231756854657,0
-0.46546902347764374,-1.1099901739376037,-0.502969299721533,0.4176363119211549,-0.7423290972289317,0.9048055324001227,-1.1375279183058853,0.853056793629862,1.2700807936189982,-1.3730106049817663,-0.4814607612315388,0.4844909901880236,-1.0161329645585022,1
-0.8043672005990544,-1.1099901739376037,0.8491410419312149,-0.5637493621186833,-0.911310674287764,0.9048055324001227,-1.1335689559125293,-0.8828162337175963,-0.8447331706696268,-1.0289971665491795,-0.4814607612315388,0.8614896047553159,0.9841231756854657,0
-0.2960199349169384,-1.1099901739376037,0.8491410419312149,-0.9386130111971579,-0.911310674287764,0.9048055324001227,-1.129609993519173,1.4316811360790147,0.001192415045823164,-0.2262991435398101,-0.997471732522988,-0.46792656240303043,-1.0161329645585022,1
-0.9738162891597597,0.9009088760241706,-0.502969299721533,-0.7947128734205618,-0.911310674287764,0.9048055324001227,-1.129609993519173,-1.461440576166749,-1.0427871768490378,-0.6849837281165926,-0.997471732522988,-1.6187644384505542,0.9841231756854657,0
-1.143265377720465,0.9009088760241706,-1.179024470547907,-1.034235852970346,-0.5733475201700994,0.9048055324001227,-1.121692068732461,0.853056793629862,-0.7138161157374736,0.3470565871811683,-0.997471732522988,0.08765034327508442,-1.0161329645585022,1
-1.143265377720465,-1.1099901739376037,-1.179024470547907,-1.0131846146410874,-0.911310674287764,0.9048055324001227,-1.121692068732461,0.2744324511807092,0.3301634761573873,0.23238544103697253,-0.4814607612315388,-1.202081759191968,-1.0161329645585022,1
-1.143265377720465,-1.1099901739376037,1.5251962127575889,-0.9995557934271715,-0.911310674287764,0.9048055324001227,-1.121692068732461,-0.3041918912684436,-1.0495008719737637,0.1177142948927768,-0.997471732522988,0.6432272489531993,-1.0161329645585022,1
-0.634918112038349,0.9009088760241706,-0.502969299721533,-1.017132708851376,-0.404365943111267,0.9048055324001227,-1.121692068732461,1.4316811360790147,0.7061304031420315,0.23238544103697253,-0.997471732522988,0.0479662785837905,-1.0161329645585022,1
-0.8043672005990544,-1.1099901739376037,0.8491410419312149,0.5468653316123188,-0.7423290972289317,0.9048055324001227,0.6360872339176471,1.4316811360790147,0.03476089066945202,-0.2262991435398101,-0.997471732522988,0.7424374106814341,0.9841231756854657,0
-0.634918112038349,0.9009088760241706,-0.502969299721533,-0.6618673994327737,-0.7423290972289317,0.9048055324001227,0.6202513843442227,1.4316811360790147,0.8135495251376443,2.525808363920885,-0.4814607612315388,0.26622863438590705,-1.0161329645585022,1
-1.143265377720465,-1.1099901739376037,-0.502969299721533,-0.5227365594622062,-0.911310674287764,0.9048055324001227,0.6202513843442227,-0.8828162337175963,-0.3680608168140954,1.7231103409115156,-0.7394662468772634,0.20670253734896618,-1.0161329645585022,1
-0.9738162891597597,-1.1099901739376037,0.8491410419312149,-0.42992476076674363,-0.5733475201700994,0.9048055324001227,0.6202513843442227,0.853056793629862,-0.018948670328354386,1.379096902478929,-0.7394662468772634,-0.8052411122790287,-1.0161329645585022,1
-0.8043672005990544,0.9009088760241706,-1.179024470547907,-0.39222835724690885,-0.911310674287764,0.9048055324001227,0.6202513843442227,-0.8828162337175963,-1.0495008719737637,1.2644257563347332,-0.7394662468772634,-0.03140185079879733,0.9841231756854657,0
-0.2960199349169384,-1.1099901739376037,-0.502969299721533,-0.6730010251057873,-0.404365943111267,0.21058638994196582,-0.06069014731302636,1.4316811360790147,-0.005521280078902488,1.2644257563347332,-0.997471732522988,-1.102871597463733,0.9841231756854657,0
-0.46546902347764374,-1.1099901739376037,-1.179024470547907,-0.6726062156847584,-0.06640278899360229,-1.177851894974348,0.8577891279455886,-0.3041918912684436,-0.2707122375055717,2.984492948497668,-0.997471732522988,-0.24966420660091387,-1.0161329645585022,0
-0.8043672005990544,0.9009088760241706,1.5251962127575889,-0.2804972910957437,-0.911310674287764,0.9048055324001227,0.6202513843442227,-1.461440576166749,0.4107278176540969,0.9204123179021463,-0.997471732522988,1.1789621222856672,0.9841231756854657,0
-0.8043672005990544,0.9009088760241706,-1.179024470547907,-0.6745644704130616,-0.7423290972289317,-1.177851894974348,-0.5991090328094558,-0.8828162337175963,-1.2475548781531747,0.23238544103697253,-0.997471732522988,-0.011559818453150373,0.9841231756854657,0
-0.9738162891597597,-1.1099901739376037,0.8491410419312149,-0.6692424394175926,-0.911310674287764,-1.177851894974348,-0.5674373336626071,-0.8828162337175963,0.5785701957722418,0.23238544103697253,-0.997471732522988,-0.4877685947486774,0.9841231756854657,0
-0.9738162891597597,0.9009088760241706,-1.179024470547907,-0.6759068224445597,-0.911310674287764,0.21058638994196582,-0.7257958293968509,-0.8828162337175963,2.841085452804834,-0.11162799739561437,-0.7394662468772634,-1.0830295651180861,-1.0161329645585022,1
-0.634918112038349,0.9009088760241706,0.8491410419312149,-0.6708532618553904,-0.911310674287764,-1.177851894974348,-0.7257958293968509,0.2744324511807092,-1.0964967378468442,-0.11162799739561437,-0.997471732522988,0.801963507718375,-1.0161329645585022,0
-0.46546902347764374,0.9009088760241706,1.5251962127575889,-0.24041623867289463,-0.06640278899360229,0.9048055324001227,0.6202513843442227,-1.461440576166749,-1.3482603050240614,0.8057411717579506,-0.7394662468772634,0.9011736694466097,0.9841231756854657,0
-0.634918112038349,-1.1099901739376037,-0.502969299721533,-0.16587621998264734,-0.5733475201700994,0.9048055324001227,0.6202513843442227,0.853056793629862,-1.371758237960602,0.5763988794695595,-0.997471732522988,-0.5869787564769122,0.9841231756854657,0
-0.634918112038349,-1.1099901739376037,-1.179024470547907,-0.14970482609730557,-0.404365943111267,0.9048055324001227,0.6202513843442227,1.4316811360790147,1.0015329886299666,0.5763988794695595,-0.997471732522988,0.305912699077201,-1.0161329645585022,0
-0.46546902347764374,0.9009088760241706,1.5251962127575889,-0.11104508759016035,0.10257878806523006,0.9048055324001227,0.6202513843442227,-1.461440576166749,-1.1804179269059165,0.5763988794695595,-0.997471732522988,1.337698381050843,0.9841231756854657,0
-0.9738162891597597,-1.1099901739376037,0.8491410419312149,0.03914041616921499,-0.911310674287764,0.9048055324001227,0.6202513843442227,-1.461440576166749,-0.12972463988633004,0.23238544103697253,-0.4814607612315388,-1.0036614357354983,0.9841231756854657,0
-0.634918112038349,-1.1099901739376037,1.5251962127575889,0.04182512023221118,-0.911310674287764,0.9048055324001227,0.6202513843442227,-0.8828162337175963,0.4040141225293712,0.23238544103697253,-0.997471732522988,-0.8449251769703227,0.9841231756854657,0
-0.2960199349169384,0.9009088760241706,0.8491410419312149,0.0985355454687955,-0.404365943111267,0.9048055324001227,0.6202513843442227,0.2744324511807092,0.5651428055227898,0.23238544103697253,-0.7394662468772634,0.08765034327508442,0.9841231756854657,0
-0.2960199349169384,-1.1099901739376037,0.8491410419312149,0.22285313596236045,-0.404365943111267,0.9048055324001227,0.6202513843442227,1.4316811360790147,0.6255660616453219,0.003043148748581378,-0.997471732522988,-0.2893482712922078,0.9841231756854657,0
-0.46546902347764374,-1.1099901739376037,-1.179024470547907,-0.6695109098238923,-0.06640278899360229,-1.177851894974348,0.06599664927436881,-1.461440576166749,-1.6705176710108995,1.4937680486231246,-0.4814607612315388,0.32575473142284794,-1.0161329645585022,0
-0.2960199349169384,-1.1099901739376037,-0.502969299721533,0.6530690658690801,-0.06640278899360229,0.9048055324001227,0.6202513843442227,0.853056793629862,-1.2979075915886182,-0.34097028968400567,-0.7394662468772634,0.305912699077201,0.9841231756854657,0
-0.2960199349169384,-1.1099901739376037,1.5251962127575889,2.25449503944631,-0.404365943111267,0.9048055324001227,0.6202513843442227,1.4316811360790147,-1.6839450612603513,-0.9143260204049839,-0.7394662468772634,-2.987864670300194,0.9841231756854657,0
-0.8043672005990544,-1.1099901739376037,-0.502969299721533,-0.581863218355487,-0.911310674287764,0.9048055324001227,0.6162924219508665,-1.461440576166749,-0.11965409719924096,1.952452633199907,-0.7394662468772634,0.7622794430270811,-1.0161329645585022,1
-0.8043672005990544,0.9009088760241706,-1.179024470547907,-0.6650574595546868,-0.5733475201700994,-1.177851894974348,-0.5674373336626071,-1.461440576166749,1.1861596045599256,0.23238544103697253,-0.997471732522988,0.10749237562073138,-1.0161329645585022,1
-0.8043672005990544,0.9009088760241706,1.5251962127575889,-0.700227082779937,-0.5733475201700994,0.9048055324001227,0.6162924219508665,1.4316811360790147,1.092167872813765,2.7551506562092767,-0.4814607612315388,1.0995939929030794,-1.0161329645585022,1
-0.8043672005990544,0.9009088760241706,-0.502969299721533,-0.7009219473609477,-0.911310674287764,0.9048055324001227,0.6123334595575105,0.2744324511807092,0.5382880250238866,2.7551506562092767,-0.7394662468772634,-0.5869787564769122,-1.0161329645585022,1
-0.634918112038349,0.9009088760241706,0.8491410419312149,-0.5804419044397833,-0.5733475201700994,0.9048055324001227,0.6044155347707982,0.2744324511807092,0.001192415045823164,1.952452633199907,-0.7394662468772634,-0.20998014190961997,-1.0161329645585022,1
-0.2960199349169384,0.9009088760241706,0.8491410419312149,-0.5285955312702744,-0.5733475201700994,0.9048055324001227,0.6044155347707982,-0.8828162337175963,-0.34120603631519225,1.7231103409115156,-0.997471732522988,0.10749237562073138,-1.0161329645585022,1
-0.46546902347764374,0.9009088760241706,-1.179024470547907,-0.6633834676095245,-0.23538436605243465,-1.177851894974348,-1.2008713165995828,1.4316811360790147,0.03811773823181484,-1.0289971665491795,-0.997471732522988,0.6233852166075523,-1.0161329645585022,0
-0.9738162891597597,-1.1099901739376037,-1.179024470547907,-0.2955790109790458,-0.911310674287764,0.9048055324001227,0.5964976099840861,-1.461440576166749,1.2029438423717405,0.9204123179021463,-0.997471732522988,-0.9242933063529105,-1.0161329645585022,1
-0.634918112038349,-1.1099901739376037,1.5251962127575889,-0.62377618649191,-0.911310674287764,0.9048055324001227,0.5885796851973739,-1.461440576166749,-1.1233515183457474,2.1817949254882985,-0.4814607612315388,-1.0830295651180861,-1.0161329645585022,1
-0.634918112038349,-1.1099901739376037,-1.179024470547907,-0.48876715687688377,-0.911310674287764,0.9048055324001227,0.5885796851973739,0.853056793629862,1.676259348664909,1.4937680486231246,-0.4814607612315388,0.46464895784237664,-1.0161329645585022,1
-0.8043672005990544,-1.1099901739376037,-1.179024470547907,-0.2250502560064517,-0.404365943111267,0.9048055324001227,0.5846207228040178,1.4316811360790147,2.206641263518246,0.6910700256137552,-0.997471732522988,0.7424374106814341,-1.0161329645585022,0
-0.46546902347764374,-1.1099901739376037,-1.179024470547907,-0.7921229236186126,-0.7423290972289317,0.9048055324001227,0.5806617604106616,1.4316811360790147,-0.21364582894540246,3.5578486792186466,-0.997471732522988,0.4249648931510827,-1.0161329645585022,1
-0.8043672005990544,-1.1099901739376037,0.8491410419312149,-0.6621990393464379,-0.911310674287764,-1.177851894974348,-0.8524826259842462,-0.8828162337175963,-0.005521280078902488,-0.34097028968400567,-0.4814607612315388,-0.22982217425526694,0.9841231756854657,0
-0.9738162891597597,-1.1099901739376037,-0.502969299721533,-0.6725430461773938,-0.911310674287764,0.9048055324001227,0.5806617604106616,-1.461440576166749,1.8105332511594245,2.525808363920885,-0.7394662468772634,0.801963507718375,-1.0161329645585022,1
-0.9738162891597597,0.9009088760241706,-1.179024470547907,-0.6092945769285717,-0.5733475201700994,0.9048055324001227,0.5806617604106616,-1.461440576166749,0.001192415045823164,2.0671237793441026,-0.4814607612315388,0.8614896047553159,-1.0161329645585022,1
-0.2960199349169384,-1.1099901739376037,-1.179024470547907,-0.5357810627329994,-0.404365943111267,0.9048055324001227,0.5806617604106616,-1.461440576166749,0.8336906105118219,1.7231103409115156,-0.7394662468772634,0.46464895784237664,-1.0161329645585022,1
-0.8043672005990544,-1.1099901739376037,-0.502969299721533,-0.5206361733423327,-0.911310674287764,0.9048055324001227,0.5806617604106616,1.4316811360790147,-0.005521280078902488,1.6084391947673204,-0.4814607612315388,-0.9441353386985575,-1.0161329645585022,1
-0.2960199349169384,-1.1099901739376037,-0.502969299721533,-0.4880249151653495,-0.06640278899360229,0.9048055324001227,0.5806617604106616,0.853056793629862,0.23617174441122635,1.4937680486231246,-0.997471732522988,-0.30919030363785477,-1.0161329645585022,1
-0.46546902347764374,0.9009088760241706,-1.179024470547907,-0.48669835551069257,-0.5733475201700994,0.9048055324001227,0.5806617604106616,0.853056793629862,0.001192415045823164,1.4937680486231246,-0.7394662468772634,-0.07108591549009124,-1.0161329645585022,1
-0.2960199349169384,0.9009088760241706,-0.502969299721533,-0.5813578622965702,-0.911310674287764,0.9048055324001227,0.5767027980173056,1.4316811360790147,0.8336906105118219,1.952452633199907,-0.7394662468772634,-0.7853990799333818,-1.0161329645585022,1
-0.9738162891597597,-1.1099901739376037,0.8491410419312149,-0.4813921168920648,-0.911310674287764,0.9048055324001227,0.5767027980173056,0.853056793629862,1.934736610966852,1.4937680486231246,-0.997471732522988,0.08765034327508442,-1.0161329645585022,1
-0.8043672005990544,0.9009088760241706,0.8491410419312149,-0.6561189742625936,-0.7423290972289317,0.21058638994196582,-0.7257958293968509,1.4316811360790147,0.2865244578466693,-0.11162799739561437,-0.997471732522988,-1.8568688265983175,-1.0161329645585022,0
-0.634918112038349,0.9009088760241706,-0.502969299721533,-0.6583456993971963,-0.7423290972289317,0.21058638994196582,-0.2507203421941191,-0.8828162337175963,-1.173704231781191,0.8057411717579506,-0.7394662468772634,0.12733440796637835,0.9841231756854657,0
-0.9738162891597597,-1.1099901739376037,0.8491410419312149,-0.6522972190670343,-0.5733475201700994,0.9048055324001227,0.5727438356239495,-0.8828162337175963,0.23617174441122635,2.2964660716324943,-0.4814607612315388,0.3455967637684949,-1.0161329645585022,1
-0.8043672005990544,-1.1099901739376037,0.8491410419312149,-0.40121421966952553,-0.911310674287764,0.9048055324001227,0.5727438356239495,-0.8828162337175963,0.001192415045823164,1.1497546101905376,-0.997471732522988,-3.0077067026458413,0.9841231756854657,0
-0.46546902347764374,-1.1099901739376037,-0.502969299721533,-0.36883984714515966,-0.23538436605243465,0.9048055324001227,0.5727438356239495,-1.461440576166749,0.5114332445249834,1.035083464046342,-0.4814607612315388,1.35754041339649,-1.0161329645585022,0
-0.634918112038349,0.9009088760241706,0.8491410419312149,-0.10678114584304875,-0.404365943111267,0.9048055324001227,0.5727438356239495,0.853056793629862,-1.4724636648314886,0.4617277333253637,-0.4814607612315388,-1.202081759191968,-1.0161329645585022,0
-0.9738162891597597,0.9009088760241706,0.8491410419312149,-0.10780765033772377,-0.7423290972289317,0.9048055324001227,0.5727438356239495,0.853056793629862,-0.8447331706696268,0.4617277333253637,-0.7394662468772634,-1.8965528912896115,0.9841231756854657,0
-0.2960199349169384,0.9009088760241706,1.5251962127575889,-0.6532763464311858,-0.404365943111267,-1.177851894974348,0.8577891279455886,-0.3041918912684436,-1.0427871768490378,2.869821802353472,-0.4814607612315388,0.32575473142284794,-1.0161329645585022,1
-0.2960199349169384,0.9009088760241706,-0.502969299721533,-0.2193807927204774,-0.911310674287764,0.9048055324001227,0.5727438356239495,0.853056793629862,1.3103629643673533,0.6910700256137552,-0.997471732522988,-0.13061201252703214,-1.0161329645585022,1
-0.9738162891597597,0.9009088760241706,0.8491410419312149,-0.0678687293064451,-0.7423290972289317,0.9048055324001227,0.5727438356239495,1.4316811360790147,0.001192415045823164,0.3470565871811683,-0.4814607612315388,-0.5472946917856183,0.9841231756854657,0
-1.143265377720465,0.9009088760241706,-1.179024470547907,-0.6586615469340193,-0.911310674287764,-1.177851894974348,-0.5674373336626071,0.853056793629862,-1.173704231781191,0.23238544103697253,-0.4814607612315388,-0.7060309505507939,-1.0161329645585022,0
-0.634918112038349,-1.1099901739376037,0.8491410419312149,0.11906563536229581,-0.911310674287764,0.9048055324001227,0.5727438356239495,-0.3041918912684436,-1.2475548781531747,0.1177142948927768,-0.7394662468772634,-0.9838194033898514,-1.0161329645585022,0
-0.8043672005990544,-1.1099901739376037,-0.502969299721533,0.1750654036410282,-0.911310674287764,0.9048055324001227,0.5727438356239495,1.4316811360790147,-1.623521805137819,0.1177142948927768,-0.4814607612315388,0.8813316371009629,-1.0161329645585022,0
-0.46546902347764374,0.9009088760241706,-1.179024470547907,0.1931950522546731,-0.5733475201700994,0.9048055324001227,0.5727438356239495,-0.8828162337175963,0.4107278176540969,0.003043148748581378,-0.4814607612315388,-1.0631875327724392,0.9841231756854657,0
-0.46546902347764374,-1.1099901739376037,0.8491410419312149,-0.6563716522920521,-0.5733475201700994,0.21058638994196582,0.38271364074285674,0.853056793629862,0.001192415045823164,1.952452633199907,-0.7394662468772634,-0.7655570475877348,0.9841231756854657,0
-1.143265377720465,0.9009088760241706,0.8491410419312149,-0.6562768980310051,-0.911310674287764,-1.177851894974348,-0.3298995900612411,-0.8828162337175963,-1.8752853723150364,0.6910700256137552,-0.4814607612315388,-0.9242933063529105,-1.0161329645585022,0
-0.2960199349169384,0.9009088760241706,1.5251962127575889,0.28954434336255414,-0.404365943111267,0.9048055324001227,0.5727438356239495,-0.8828162337175963,1.934736610966852,-0.11162799739561437,-0.4814607612315388,-0.40840046536608954,-1.0161329645585022,0
-0.634918112038349,0.9009088760241706,1.5251962127575889,0.0998463127466113,-0.911310674287764,0.9048055324001227,0.556907986050525,1.4316811360790147,-1.1804179269059165,0.1177142948927768,-0.997471732522988,0.9805417988291976,-1.0161329645585022,0
-0.634918112038349,0.9009088760241706,0.8491410419312149,-0.6570191397425393,-0.23538436605243465,-1.177851894974348,-0.7257958293968509,-0.8828162337175963,-1.8752853723150364,-0.11162799739561437,-0.997471732522988,0.08765034327508442,-1.0161329645585022,0
-0.46546902347764374,-1.1099901739376037,1.5251962127575889,-0.6540343805195613,-0.7423290972289317,-1.177851894974348,-0.6941241302500022,-0.3041918912684436,-1.8752853723150364,0.003043148748581378,-0.4814607612315388,1.5956448015442533,-1.0161329645585022,0
-0.46546902347764374,-1.1099901739376037,0.8491410419312149,-0.6534184778227562,-0.404365943111267,-1.177851894974348,-0.5674373336626071,-0.3041918912684436,-1.1233515183457474,0.23238544103697253,-0.997471732522988,1.1194360252487263,0.9841231756854657,0
-0.634918112038349,0.9009088760241706,-1.179024470547907,1.3139800366713785,-0.911310674287764,0.9048055324001227,0.5489900612638129,0.853056793629862,0.001192415045823164,-0.6849837281165926,-0.7394662468772634,-0.11076998018138517,-1.0161329645585022,0
-1.143265377720465,-1.1099901739376037,1.5251962127575889,-0.7890118253809052,-0.911310674287764,0.9048055324001227,0.5410721364771007,1.4316811360790147,1.575553921794022,3.328506386930255,-0.7394662468772634,1.3972244780877838,-1.0161329645585022,1
-0.634918112038349,0.9009088760241706,1.5251962127575889,-0.6636045608853006,-0.911310674287764,-1.177851894974348,-0.2507203421941191,-0.3041918912684436,-1.8752853723150364,0.8057411717579506,-0.4814607612315388,0.028124246238143545,-1.0161329645585022,0
-1.143265377720465,0.9009088760241706,1.5251962127575889,-0.7909858724860495,-0.5733475201700994,0.9048055324001227,0.5410721364771007,-1.461440576166749,0.6255660616453219,3.4431775330744507,-0.997471732522988,1.298014316359549,-1.0161329645585022,1
-0.634918112038349,0.9009088760241706,1.5251962127575889,-0.6605250474012756,0.10257878806523006,-1.177851894974348,-0.09236184645987515,0.853056793629862,1.286865031430813,1.1497546101905376,-0.4814607612315388,0.5837011519162584,-1.0161329645585022,1
-0.46546902347764374,0.9009088760241706,-1.179024470547907,-0.6494545912356265,-0.404365943111267,-1.177851894974348,0.06599664927436881,1.4316811360790147,-0.21028898138303903,1.379096902478929,-0.4814607612315388,1.0599099282117854,0.9841231756854657,0
-0.2960199349169384,-1.1099901739376037,0.8491410419312149,-0.7096709241309471,0.10257878806523006,0.9048055324001227,0.5410721364771007,0.2744324511807092,1.7736079279734327,2.640479510065081,-0.7394662468772634,1.0599099282117854,-1.0161329645585022,1
-0.46546902347764374,-1.1099901739376037,1.5251962127575889,-0.7108553523940336,-0.404365943111267,0.9048055324001227,0.5410721364771007,0.853056793629862,-1.0427871768490378,2.640479510065081,-0.7394662468772634,1.1194360252487263,-1.0161329645585022,1
-0.2960199349169384,-1.1099901739376037,-0.502969299721533,-0.6984741289505688,-0.404365943111267,0.9048055324001227,0.5410721364771007,-0.3041918912684436,1.159304824061023,2.525808363920885,-0.997471732522988,-0.6465048535138531,-1.0161329645585022,1
-0.46546902347764374,0.9009088760241706,-0.502969299721533,-0.6540659652732436,-0.06640278899360229,-1.177851894974348,0.4223032646764177,0.853056793629862,0.11868207972852446,2.0671237793441026,-0.7394662468772634,-1.102871597463733,-1.0161329645585022,1
-0.9738162891597597,0.9009088760241706,-1.179024470547907,-0.6722271986405708,-0.911310674287764,0.9048055324001227,0.5410721364771007,1.4316811360790147,0.7061304031420315,2.411137217776689,-0.7394662468772634,0.12733440796637835,-1.0161329645585022,1
-1.143265377720465,0.9009088760241706,0.8491410419312149,-0.6522814266901932,-0.911310674287764,0.9048055324001227,0.5410721364771007,-0.8828162337175963,0.7061304031420315,2.2964660716324943,-0.997471732522988,-0.15045404487267908,-1.0161329645585022,1
-0.2960199349169384,0.9009088760241706,1.5251962127575889,-0.6061992710677055,0.10257878806523006,0.9048055324001227,0.5410721364771007,-0.8828162337175963,0.860545391010725,1.952452633199907,-0.4814607612315388,0.32575473142284794,-1.0161329645585022,1
-0.2960199349169384,-1.1099901739376037,-0.502969299721533,-0.5979240656029408,-0.06640278899360229,0.9048055324001227,0.5410721364771007,0.2744324511807092,-0.46205254856025635,1.952452633199907,-0.997471732522988,-0.051243883144444294,-1.0161329645585022,1
-0.46546902347764374,0.9009088760241706,-0.502969299721533,-0.5809788452523824,-0.404365943111267,0.9048055324001227,0.5410721364771007,0.2744324511807092,0.7430557263280237,1.8377814870557112,-0.997471732522988,-1.0036614357354983,-1.0161329645585022,1
-0.634918112038349,-1.1099901739376037,-0.502969299721533,-0.556026889843359,-0.911310674287764,0.9048055324001227,0.5410721364771007,-0.8828162337175963,2.102578989084997,1.7231103409115156,-0.4814607612315388,-0.6465048535138531,-1.0161329645585022,1
-0.9738162891597597,0.9009088760241706,-1.179024470547907,-0.6545239442016371,-0.911310674287764,-1.177851894974348,-0.7257958293968509,-1.461440576166749,0.9343960373827085,-0.11162799739561437,-0.4814607612315388,-0.11076998018138517,0.9841231756854657,0
-0.634918112038349,-1.1099901739376037,0.8491410419312149,-0.567192100270055,-0.911310674287764,0.9048055324001227,0.5410721364771007,-1.461440576166749,-1.2475548781531747,1.8377814870557112,-0.7394662468772634,-0.30919030363785477,-1.0161329645585022,1
-0.2960199349169384,-1.1099901739376037,0.8491410419312149,-0.6564821989299401,-0.5733475201700994,-1.177851894974348,-0.8841543251310949,-0.8828162337175963,-0.22707321919485376,-0.45564143582820127,-0.997471732522988,0.8416475724096689,-1.0161329645585022,0
-0.9738162891597597,0.9009088760241706,0.8491410419312149,-0.6611567424749217,-0.911310674287764,-1.177851894974348,-1.042512820865339,0.2744324511807092,0.5147900920873463,-0.6849837281165926,-0.7394662468772634,0.7622794430270811,-1.0161329645585022,0
-0.8043672005990544,0.9009088760241706,-0.502969299721533,-0.6814183619621225,-0.911310674287764,0.9048055324001227,0.5410721364771007,-1.461440576166749,0.860545391010725,2.411137217776689,-0.997471732522988,0.3455967637684949,-1.0161329645585022,1
-0.9738162891597597,0.9009088760241706,-0.502969299721533,-0.5613015437083044,-0.911310674287764,0.9048055324001227,0.5410721364771007,-1.461440576166749,0.04483143335654109,1.7231103409115156,-0.4814607612315388,1.0202258635204915,-1.0161329645585022,1
-0.8043672005990544,0.9009088760241706,-0.502969299721533,-0.6535132320838032,-0.911310674287764,-1.177851894974348,1.4120438630154424,-0.8828162337175963,0.001192415045823164,3.9018621176512323,-0.4814607612315388,1.794065125000723,-1.0161329645585022,0
-0.634918112038349,-1.1099901739376037,0.8491410419312149,-0.5458092220271323,-0.911310674287764,0.9048055324001227,0.5410721364771007,-0.8828162337175963,-0.25392799969375696,1.7231103409115156,-0.4814607612315388,-1.0631875327724392,-1.0161329645585022,1
-0.8043672005990544,0.9009088760241706,-1.179024470547907,-0.6590879411087306,-0.7423290972289317,-1.177851894974348,-0.804975077263973,-1.461440576166749,-1.4724636648314886,-0.2262991435398101,-0.997471732522988,0.12733440796637835,-1.0161329645585022,0
-0.8043672005990544,0.9009088760241706,-0.502969299721533,-0.522404919548542,-0.911310674287764,0.9048055324001227,0.5410721364771007,-0.8828162337175963,0.001192415045823164,1.6084391947673204,-0.4814607612315388,0.6233852166075523,-1.0161329645585022,1
-0.8043672005990544,0.9009088760241706,0.8491410419312149,-0.5203361181823508,-0.911310674287764,0.9048055324001227,0.5410721364771007,-0.8828162337175963,0.23617174441122635,1.6084391947673204,-0.7394662468772634,0.5638591195706114,-1.0161329645585022,1
-0.46546902347764374,-1.1099901739376037,-0.502969299721533,-0.5148087862879468,-0.7423290972289317,0.9048055324001227,0.5410721364771007,-1.461440576166749,-0.08944246913797492,1.4937680486231246,-0.7394662468772634,-0.051243883144444294,-1.0161329645585022,1
-0.2960199349169384,0.9009088760241706,1.5251962127575889,-0.6549187536226659,-0.23538436605243465,-1.177851894974348,-0.052772222526314166,0.853056793629862,-1.0427871768490378,1.1497546101905376,-0.997471732522988,-0.7853990799333818,0.9841231756854657,0
-0.9738162891597597,-1.1099901739376037,0.8491410419312149,-0.503754122499139,-0.5733475201700994,0.9048055324001227,0.5410721364771007,-1.461440576166749,0.27645391515958084,1.4937680486231246,-0.4814607612315388,-1.8370267942526706,-1.0161329645585022,1
-0.46546902347764374,0.9009088760241706,0.8491410419312149,-0.4884355169632195,-0.911310674287764,0.9048055324001227,0.5410721364771007,0.853056793629862,-0.005521280078902488,1.4937680486231246,-0.7394662468772634,0.08765034327508442,-1.0161329645585022,1
-0.634918112038349,-1.1099901739376037,-1.179024470547907,-0.49419973451024074,-0.911310674287764,0.9048055324001227,0.5410721364771007,-1.461440576166749,1.092167872813765,1.4937680486231246,-0.7394662468772634,-1.3409759856114967,-1.0161329645585022,1
-0.46546902347764374,-1.1099901739376037,-0.502969299721533,-0.6544449823174313,-0.06640278899360229,-1.177851894974348,-1.1375279183058853,-0.3041918912684436,2.206641263518246,-0.9143260204049839,-0.4814607612315388,-1.6981325678331418,-1.0161329645585022,1
-1.143265377720465,0.9009088760241706,1.5251962127575889,-0.4720272374252604,-0.5733475201700994,0.9048055324001227,0.5410721364771007,0.2744324511807092,0.860545391010725,1.379096902478929,-0.997471732522988,-0.6465048535138531,-1.0161329645585022,1
-0.9738162891597597,-1.1099901739376037,-0.502969299721533,-0.6532763464311858,-0.911310674287764,-1.177851894974348,-1.01084112171849,1.4316811360790147,-0.005521280078902488,-0.6849837281165926,-0.997471732522988,-0.9044512740072636,0.9841231756854657,0
-0.2960199349169384,0.9009088760241706,-1.179024470547907,-0.5625017643482322,-0.404365943111267,0.9048055324001227,0.5410721364771007,-1.461440576166749,-1.6839450612603513,1.7231103409115156,-0.4814607612315388,0.7225953783357871,-1.0161329645585022,1
-1.143265377720465,-1.1099901739376037,0.8491410419312149,-0.45121288474861937,-0.911310674287764,0.9048055324001227,0.5410721364771007,-0.8828162337175963,1.4446368668618692,1.2644257563347332,-0.7394662468772634,-0.4282424977117365,-1.0161329645585022,1
-0.9738162891597597,0.9009088760241706,-1.179024470547907,-0.43197776975609364,-0.911310674287764,0.9048055324001227,0.5410721364771007,-0.8828162337175963,0.6255660616453219,1.2644257563347332,-0.4814607612315388,0.22654456969461315,-1.0161329645585022,0
-0.9738162891597597,0.9009088760241706,-0.502969299721533,-0.5428560475578365,-0.911310674287764,0.9048055324001227,0.5410721364771007,1.4316811360790147,1.676259348664909,1.7231103409115156,-0.997471732522988,0.14717644031202531,-1.0161329645585022,1
-0.8043672005990544,0.9009088760241706,0.8491410419312149,-0.40945784038060795,-0.5733475201700994,0.9048055324001227,0.5410721364771007,-0.8828162337175963,0.8269769153870962,1.1497546101905376,-0.997471732522988,0.6432272489531993,-1.0161329645585022,0
-0.8043672005990544,-1.1099901739376037,-0.502969299721533,-0.41135292560154646,-0.7423290972289317,0.9048055324001227,0.5410721364771007,0.2744324511807092,-0.707102420612748,1.1497546101905376,-0.4814607612315388,0.4249648931510827,0.9841231756854657,0
-0.634918112038349,0.9009088760241706,1.5251962127575889,-0.5061703561558356,-0.7423290972289317,0.9048055324001227,0.5410721364771007,-0.8828162337175963,-0.0860856215756121,1.4937680486231246,-0.4814607612315388,0.7424374106814341,-1.0161329645585022,1
-0.8043672005990544,0.9009088760241706,-0.502969299721533,-0.6546344908395251,-0.911310674287764,-1.177851894974348,-0.32198166527452887,-1.461440576166749,-0.34120603631519225,0.6910700256137552,-0.4814607612315388,-1.0433455004267922,0.9841231756854657,0
-0.634918112038349,0.9009088760241706,-0.502969299721533,-0.3771308449867655,-0.404365943111267,0.9048055324001227,0.5410721364771007,0.853056793629862,-0.005521280078902488,1.035083464046342,-0.7394662468772634,-0.190138109563973,0.9841231756854657,0
-0.46546902347764374,0.9009088760241706,1.5251962127575889,-0.6569875549888571,-0.5733475201700994,-1.177851894974348,0.25602684415546156,0.2744324511807092,-1.8752853723150364,1.7231103409115156,-0.997471732522988,-0.09092794783573821,0.9841231756854657,0
-0.634918112038349,-1.1099901739376037,-1.179024470547907,-0.35933283628678486,-0.23538436605243465,0.9048055324001227,0.5410721364771007,1.4316811360790147,0.001192415045823164,1.035083464046342,-0.997471732522988,-2.8092863791893716,0.9841231756854657,0
-0.46546902347764374,-1.1099901739376037,0.8491410419312149,-0.6544923594479547,-0.5733475201700994,-1.177851894974348,-0.5674373336626071,-1.461440576166749,-1.7510820125076092,0.23238544103697253,-0.4814607612315388,-1.3409759856114967,0.9841231756854657,0
-0.9738162891597597,-1.1099901739376037,-1.179024470547907,-0.34019247555530613,-0.911310674287764,0.9048055324001227,0.5410721364771007,0.2744324511807092,-0.34120603631519225,0.9204123179021463,-0.997471732522988,-0.5869787564769122,-1.0161329645585022,0
-0.9738162891597597,0.9009088760241706,-1.179024470547907,-0.6530710455322508,-0.911310674287764,-1.177851894974348,-1.2008713165995828,0.2744324511807092,-1.2475548781531747,-1.0289971665491795,-0.7394662468772634,0.4249648931510827,-1.0161329645585022,0
-0.2960199349169384,0.9009088760241706,1.5251962127575889,-0.3354863472566422,-0.23538436605243465,0.9048055324001227,0.5410721364771007,-1.461440576166749,0.0851136041048956,0.9204123179021463,-0.7394662468772634,-0.30919030363785477,0.9841231756854657,0
-0.8043672005990544,-1.1099901739376037,-1.179024470547907,-0.3127927017359038,-0.5733475201700994,0.9048055324001227,0.5410721364771007,0.853056793629862,-1.623521805137819,0.9204123179021463,-0.4814607612315388,-1.9759210206721993,0.9841231756854657,0
-0.8043672005990544,0.9009088760241706,0.8491410419312149,-0.4136270278666726,-0.911310674287764,0.9048055324001227,0.5410721364771007,-1.461440576166749,1.7736079279734327,1.1497546101905376,-0.7394662468772634,-1.4005020826484376,-1.0161329645585022,1
-0.9738162891597597,0.9009088760241706,0.8491410419312149,-0.8547239054169473,-0.911310674287764,0.9048055324001227,-1.121692068732461,-0.8828162337175963,0.561785957960427,-0.45564143582820127,-0.7394662468772634,1.0202258635204915,0.9841231756854657,0
-0.2960199349169384,-1.1099901739376037,0.8491410419312149,-0.6495967226271969,-0.06640278899360229,-1.177851894974348,-0.18737694390042153,-0.3041918912684436,-1.173704231781191,0.9204123179021463,-0.7394662468772634,0.008282213892496587,0.9841231756854657,0
-0.46546902347764374,-1.1099901739376037,0.8491410419312149,-0.8377313079358656,-0.23538436605243465,0.9048055324001227,-1.121692068732461,-0.8828162337175963,-1.6839450612603513,-0.570312581972397,-0.7394662468772634,0.6432272489531993,0.9841231756854657,0
-0.9738162891597597,0.9009088760241706,-0.502969299721533,-0.8294403100942597,-0.911310674287764,0.9048055324001227,-1.121692068732461,0.2744324511807092,0.2965950005337584,-0.570312581972397,-0.997471732522988,-1.12271362980938,0.9841231756854657,0
-1.143265377720465,-1.1099901739376037,0.8491410419312149,-0.8255395930144946,-0.911310674287764,0.9048055324001227,-1.121692068732461,-1.461440576166749,-1.2979075915886182,-0.570312581972397,-0.4814607612315388,-0.8647672093159696,0.9841231756854657,0
-0.9738162891597597,-1.1099901739376037,0.8491410419312149,-0.6604460855170698,-0.911310674287764,-1.177851894974348,-1.3513118875471146,-1.461440576166749,-1.173704231781191,-1.2583394588375707,-0.4814607612315388,-1.0235034680811452,-1.0161329645585022,1
-0.8043672005990544,0.9009088760241706,0.8491410419312149,-0.8261712880881408,-0.911310674287764,0.9048055324001227,-1.121692068732461,1.4316811360790147,-1.173704231781191,-0.570312581972397,-0.997471732522988,-0.011559818453150373,0.9841231756854657,0
-0.634918112038349,0.9009088760241706,-1.179024470547907,-0.8299772509068589,-0.06640278899360229,0.9048055324001227,-1.121692068732461,-1.461440576166749,-0.41841353024953903,-0.570312581972397,-0.997471732522988,0.9210157017922567,0.9841231756854657,0
-1.143265377720465,-1.1099901739376037,1.5251962127575889,-0.8238813934461734,-0.911310674287764,0.9048055324001227,-1.121692068732461,0.853056793629862,1.7736079279734327,-0.570312581972397,-0.4814607612315388,1.1988041546313142,-1.0161329645585022,1
-0.2960199349169384,-1.1099901739376037,-0.502969299721533,-0.8183856463054519,0.10257878806523006,0.9048055324001227,-1.121692068732461,0.853056793629862,-1.4254677989584081,-0.570312581972397,-0.4814607612315388,1.0995939929030794,-1.0161329645585022,1
-0.8043672005990544,-1.1099901739376037,-0.502969299721533,-0.7916807370670602,-0.23538436605243465,0.9048055324001227,-1.121692068732461,-0.8828162337175963,0.23617174441122635,-0.6849837281165926,-0.997471732522988,0.12733440796637835,0.9841231756854657,0
-1.143265377720465,0.9009088760241706,-1.179024470547907,-0.6503389643387312,-0.911310674287764,-1.177851894974348,-1.359229812333827,-0.8828162337175963,1.2029438423717405,-1.2583394588375707,-0.997471732522988,0.286070666731554,0.9841231756854657,0
-0.634918112038349,-1.1099901739376037,-1.179024470547907,-0.7915859828060133,-0.404365943111267,0.9048055324001227,-1.121692068732461,0.2744324511807092,-0.08944246913797492,-0.6849837281165926,-0.7394662468772634,-1.3012919209202027,0.9841231756854657,0
-0.46546902347764374,0.9009088760241706,0.8491410419312149,-0.6545713213321604,-0.7423290972289317,-1.177851894974348,-0.765385453330412,-0.8828162337175963,0.001192415045823164,-0.2262991435398101,-0.997471732522988,0.6630692812988462,-1.0161329645585022,1
-0.634918112038349,0.9009088760241706,0.8491410419312149,-0.6576508348161856,0.10257878806523006,0.21058638994196582,0.06599664927436881,0.853056793629862,0.3939435798422821,1.379096902478929,-0.997471732522988,-2.273551505856904,0.9841231756854657,0
-0.9738162891597597,-1.1099901739376037,-1.179024470547907,-0.6576508348161856,-0.7423290972289317,-1.177851894974348,-0.963333572998217,1.4316811360790147,-1.0964967378468442,-0.570312581972397,-0.997471732522988,-1.142555662155027,-1.0161329645585022,0
-0.9738162891597597,0.9009088760241706,-1.179024470547907,-0.7724140373208522,-0.7423290972289317,0.9048055324001227,-1.121692068732461,1.4316811360790147,-1.173704231781191,-0.6849837281165926,-0.997471732522988,0.06780831092943747,-1.0161329645585022,0
-0.634918112038349,-1.1099901739376037,-1.179024470547907,-0.6547766222310955,-0.5733475201700994,-1.177851894974348,-0.45658638664863627,-0.8828162337175963,1.092167872813765,0.3470565871811683,-0.997471732522988,0.06780831092943747,-1.0161329645585022,0
-0.46546902347764374,-1.1099901739376037,-1.179024470547907,-0.7736300503376211,0.2715603651240624,0.9048055324001227,-1.121692068732461,1.4316811360790147,0.6624913848313142,-0.6849837281165926,-0.4814607612315388,1.1392780575943733,0.9841231756854657,0
-0.9738162891597597,0.9009088760241706,0.8491410419312149,-0.7759041526027474,-0.911310674287764,0.9048055324001227,-1.121692068732461,0.2744324511807092,-0.005521280078902488,-0.6849837281165926,-0.7394662468772634,0.3455967637684949,-1.0161329645585022,1
-0.8043672005990544,0.9009088760241706,-0.502969299721533,-0.7734405418155272,-0.911310674287764,0.9048055324001227,-1.121692068732461,0.853056793629862,-1.3751150855229646,-0.6849837281165926,-0.997471732522988,0.0479662785837905,-1.0161329645585022,0
-0.634918112038349,0.9009088760241706,1.5251962127575889,-0.7731720714092277,-0.404365943111267,0.9048055324001227,-1.121692068732461,0.2744324511807092,0.830333762949459,-0.6849837281165926,-0.4814607612315388,1.6551708985811941,-1.0161329645585022,0
-0.9738162891597597,-1.1099901739376037,-0.502969299721533,-0.7733142028007981,-0.911310674287764,0.9048055324001227,-1.121692068732461,-1.461440576166749,0.04483143335654109,-0.6849837281165926,-0.7394662468772634,-0.15045404487267908,-1.0161329645585022,0
-0.9738162891597597,-1.1099901739376037,-0.502969299721533,-0.6532447616775036,-0.911310674287764,0.21058638994196582,0.6994306322113446,-0.8828162337175963,-0.3680608168140954,2.525808363920885,-0.7394662468772634,0.7622794430270811,0.9841231756854657,0
-0.2960199349169384,0.9009088760241706,0.8491410419312149,-0.6519813715302112,-0.404365943111267,-1.177851894974348,0.38271364074285674,0.2744324511807092,0.001192415045823164,1.952452633199907,-0.997471732522988,-1.7179746001787888,0.9841231756854657,0
-0.9738162891597597,-1.1099901739376037,-1.179024470547907,-0.6572560253951567,-0.911310674287764,-1.177851894974348,0.25998580654881764,-1.461440576166749,0.001192415045823164,1.7231103409115156,-0.997471732522988,-1.2616078562289088,-1.0161329645585022,1
-0.46546902347764374,-1.1099901739376037,0.8491410419312149,-0.7503047097432366,0.10257878806523006,0.9048055324001227,-1.121692068732461,-0.8828162337175963,-0.12972463988633004,-0.6849837281165926,-0.997471732522988,0.4249648931510827,0.9841231756854657,0
-1.143265377720465,-1.1099901739376037,1.5251962127575889,-0.738365672851324,-0.911310674287764,0.9048055324001227,-1.121692068732461,-0.8828162337175963,-1.8752853723150364,-0.6849837281165926,-0.4814607612315388,-0.7060309505507939,0.9841231756854657,0
-0.2960199349169384,-1.1099901739376037,-1.179024470547907,-0.7316223279401513,-0.23538436605243465,0.9048055324001227,-1.121692068732461,-0.8828162337175963,0.8739727812601764,-0.7996548742607882,-0.4814607612315388,0.6829113136444932,0.9841231756854657,0
-0.46546902347764374,-1.1099901739376037,0.8491410419312149,-0.7304852768075881,-0.06640278899360229,0.9048055324001227,-1.121692068732461,-0.8828162337175963,1.9078818304679495,-0.7996548742607882,-0.997471732522988,-1.142555662155027,0.9841231756854657,0
-0.46546902347764374,-1.1099901739376037,1.5251962127575889,-0.6496283073808793,0.10257878806523006,-1.177851894974348,-0.21113071826055813,-0.8828162337175963,-1.173704231781191,0.8057411717579506,-0.4814607612315388,0.821805540064022,0.9841231756854657,0
-0.2960199349169384,-1.1099901739376037,0.8491410419312149,-0.7340859387273713,-0.404365943111267,0.9048055324001227,-1.121692068732461,-1.461440576166749,0.8336906105118219,-0.7996548742607882,-0.4814607612315388,-1.8370267942526706,0.9841231756854657,0
-0.9738162891597597,-1.1099901739376037,0.8491410419312149,-0.645601251286385,-0.911310674287764,-1.177851894974348,0.6994306322113446,1.4316811360790147,-0.707102420612748,2.525808363920885,-0.7394662468772634,-1.678290535487495,0.9841231756854657,0
-0.9738162891597597,-1.1099901739376037,0.8491410419312149,-0.65114437555763,-0.911310674287764,0.21058638994196582,-0.2507203421941191,1.4316811360790147,-1.6705176710108995,0.8057411717579506,-0.997471732522988,-0.5076106270943244,0.9841231756854657,0
-1.143265377720465,0.9009088760241706,0.8491410419312149,-0.7071599362132036,-0.911310674287764,0.9048055324001227,-1.121692068732461,-1.461440576166749,1.934736610966852,-0.7996548742607882,-0.997471732522988,0.0479662785837905,-1.0161329645585022,1
-0.634918112038349,-1.1099901739376037,0.8491410419312149,-0.6996901419673377,-0.23538436605243465,0.9048055324001227,-1.121692068732461,-1.461440576166749,0.11868207972852446,-0.7996548742607882,-0.4814607612315388,-0.30919030363785477,-1.0161329645585022,0
-0.634918112038349,-1.1099901739376037,-0.502969299721533,-0.6976529253548288,-0.911310674287764,0.9048055324001227,-1.121692068732461,0.853056793629862,-0.005521280078902488,-0.7996548742607882,-0.7394662468772634,-0.5869787564769122,0.9841231756854657,0
-0.46546902347764374,0.9009088760241706,-1.179024470547907,-0.6981266966600634,-0.7423290972289317,0.9048055324001227,-1.121692068732461,1.4316811360790147,0.6154955189582334,-0.7996548742607882,-0.7394662468772634,-0.32903233598350173,-1.0161329645585022,1
-0.8043672005990544,0.9009088760241706,0.8491410419312149,-0.6795864462485486,-0.5733475201700994,0.9048055324001227,-1.121692068732461,0.2744324511807092,-0.37813135950118393,-0.7996548742607882,-0.997471732522988,-0.4877685947486774,0.9841231756854657,0
-0.9738162891597597,0.9009088760241706,-1.179024470547907,-0.6474805441304823,-0.5733475201700994,-1.177851894974348,-0.804975077263973,1.4316811360790147,-0.37813135950118393,-0.2262991435398101,-0.997471732522988,-1.0631875327724392,0.9841231756854657,0
-0.634918112038349,0.9009088760241706,0.8491410419312149,-0.6618831918096149,-0.404365943111267,0.9048055324001227,-1.121692068732461,-0.8828162337175963,1.1861596045599256,-0.7996548742607882,-0.7394662468772634,-2.531497926350314,-1.0161329645585022,1
-0.2960199349169384,-1.1099901739376037,-0.502969299721533,-0.655945258117341,0.2715603651240624,0.9048055324001227,-1.121692068732461,1.4316811360790147,-0.21364582894540246,-0.7996548742607882,-0.7394662468772634,0.028124246238143545,0.9841231756854657,0
-1.143265377720465,0.9009088760241706,-1.179024470547907,-0.6409267077414034,-0.7423290972289317,-1.177851894974348,-1.1691996174527342,0.2744324511807092,-1.0427871768490378,-0.9143260204049839,-0.997471732522988,-0.26950623894656084,0.9841231756854657,0
-0.8043672005990544,0.9009088760241706,1.5251962127575889,-0.6507653585134423,-0.7423290972289317,0.21058638994196582,-1.121692068732461,-0.8828162337175963,-1.371758237960602,-0.9143260204049839,-0.4814607612315388,0.4249648931510827,-1.0161329645585022,0
-1.143265377720465,-1.1099901739376037,-1.179024470547907,-0.6375945162279198,-0.911310674287764,0.9048055324001227,-1.121692068732461,1.4316811360790147,-1.2106295549671826,-0.9143260204049839,-0.7394662468772634,0.08765034327508442,0.9841231756854657,0
-0.46546902347764374,-1.1099901739376037,-1.179024470547907,-0.6204282026015854,-0.5733475201700994,0.9048055324001227,-1.121692068732461,-1.461440576166749,-0.1397951825734185,-0.9143260204049839,-0.997471732522988,-1.4798702120310254,0.9841231756854657,0
-0.8043672005990544,0.9009088760241706,0.8491410419312149,-0.6090103141454309,-0.7423290972289317,0.9048055324001227,-1.121692068732461,-0.8828162337175963,0.2193875065994116,-0.9143260204049839,-0.997471732522988,0.8813316371009629,0.9841231756854657,0
-0.8043672005990544,0.9009088760241706,-1.179024470547907,-0.6095472549580302,-0.911310674287764,0.9048055324001227,-1.121692068732461,-0.8828162337175963,1.5688402266692962,-0.9143260204049839,-0.4814607612315388,-0.24966420660091387,-1.0161329645585022,1
-1.143265377720465,-1.1099901739376037,1.5251962127575889,-0.5956499633378146,-0.911310674287764,0.9048055324001227,-1.121692068732461,-1.461440576166749,0.6255660616453219,-0.9143260204049839,-0.997471732522988,0.008282213892496587,-1.0161329645585022,0
-1.143265377720465,-1.1099901739376037,-1.179024470547907,-0.641195178147703,-0.911310674287764,-1.177851894974348,-0.5674373336626071,1.4316811360790147,-0.707102420612748,0.1177142948927768,-0.7394662468772634,-0.9639773710442044,0.9841231756854657,0
-0.8043672005990544,-1.1099901739376037,1.5251962127575889,-0.5890013726876887,-0.911310674287764,0.9048055324001227,-1.121692068732461,-0.8828162337175963,-1.5496711587658354,-0.9143260204049839,-0.997471732522988,-0.190138109563973,0.9841231756854657,0
-0.2960199349169384,0.9009088760241706,-1.179024470547907,-0.581957972616534,0.2715603651240624,0.9048055324001227,-1.121692068732461,0.2744324511807092,-0.707102420612748,-0.9143260204049839,-0.7394662468772634,-1.3012919209202027,0.9841231756854657,0
-0.8043672005990544,0.9009088760241706,1.5251962127575889,-0.5826370448207037,-0.911310674287764,0.9048055324001227,-1.121692068732461,-1.461440576166749,-1.173704231781191,-0.9143260204049839,-0.997471732522988,-0.5869787564769122,0.9841231756854657,0
-0.634918112038349,0.9009088760241706,-0.502969299721533,-0.7025011850450631,-0.06640278899360229,0.9048055324001227,-1.121692068732461,0.2744324511807092,0.001192415045823164,-0.7996548742607882,-0.4814607612315388,0.08765034327508442,-1.0161329645585022,1
-0.9738162891597597,0.9009088760241706,0.8491410419312149,-0.6804708193516532,-0.911310674287764,0.9048055324001227,-1.121692068732461,-0.8828162337175963,-0.8447331706696268,-0.7996548742607882,-0.997471732522988,-0.6068207888225592,-1.0161329645585022,1
-1.143265377720465,0.9009088760241706,-0.502969299721533,-0.6759699919519243,-0.911310674287764,0.9048055324001227,-1.121692068732461,-1.461440576166749,-1.2979075915886182,-0.7996548742607882,-0.4814607612315388,-1.3806600503027906,-1.0161329645585022,1
-0.9738162891597597,-1.1099901739376037,0.8491410419312149,-0.6739169829625743,-0.911310674287764,0.9048055324001227,-1.121692068732461,-0.8828162337175963,0.7229146409538463,-0.7996548742607882,-0.4814607612315388,0.22654456969461315,-1.0161329645585022,1
-0.46546902347764374,0.9009088760241706,0.8491410419312149,-0.6387947368678476,-0.404365943111267,-1.177851894974348,-0.804975077263973,0.2744324511807092,0.001192415045823164,-0.34097028968400567,-0.997471732522988,-0.13061201252703214,0.9841231756854657,0
-0.2960199349169384,-1.1099901739376037,-0.502969299721533,-0.5462040314481612,-0.23538436605243465,0.9048055324001227,-1.121692068732461,1.4316811360790147,-1.2979075915886182,-0.9143260204049839,-0.7394662468772634,-0.15045404487267908,0.9841231756854657,0
-0.2960199349169384,-1.1099901739376037,-0.502969299721533,-0.5420980134694611,-0.404365943111267,0.9048055324001227,-1.121692068732461,0.853056793629862,0.001192415045823164,-1.0289971665491795,-0.7394662468772634,-1.202081759191968,0.9841231756854657,0
-0.2960199349169384,0.9009088760241706,-1.179024470547907,-0.6387631521141652,-0.5733475201700994,-0.4836327525161911,-0.4882580857954851,1.4316811360790147,0.001192415045823164,0.23238544103697253,-0.4814607612315388,-0.36871640067479566,-1.0161329645585022,0
-0.46546902347764374,0.9009088760241706,0.8491410419312149,-0.645601251286385,0.10257878806523006,0.9048055324001227,-1.121692068732461,0.2744324511807092,1.8273174889712391,-0.9143260204049839,-0.997471732522988,-0.20998014190961997,-1.0161329645585022,1
-0.46546902347764374,-1.1099901739376037,-0.502969299721533,-0.5321330236826929,-0.404365943111267,0.9048055324001227,-1.121692068732461,-1.461440576166749,0.5114332445249834,-1.0289971665491795,-0.997471732522988,1.0202258635204915,-1.0161329645585022,0
-0.8043672005990544,0.9009088760241706,-0.502969299721533,-0.5090287763640845,-0.911310674287764,0.9048055324001227,-1.121692068732461,-0.8828162337175963,-1.0964967378468442,-1.0289971665491795,-0.7394662468772634,0.7424374106814341,0.9841231756854657,0
-0.8043672005990544,-1.1099901739376037,-1.179024470547907,-0.6443062763854104,-0.404365943111267,-1.177851894974348,0.06599664927436881,-0.8828162337175963,0.23617174441122635,1.379096902478929,-0.997471732522988,0.7225953783357871,0.9841231756854657,0
-0.634918112038349,-1.1099901739376037,1.5251962127575889,-0.49093071250412185,-0.23538436605243465,0.9048055324001227,-1.121692068732461,0.853056793629862,1.4312094766124175,-1.0289971665491795,-0.7394662468772634,1.3972244780877838,0.9841231756854657,0
-0.46546902347764374,-1.1099901739376037,0.8491410419312149,-0.4873142582074976,-0.404365943111267,0.9048055324001227,-1.121692068732461,0.2744324511807092,-0.34120603631519225,-1.0289971665491795,-0.7394662468772634,-0.07108591549009124,0.9841231756854657,0
-0.8043672005990544,0.9009088760241706,-0.502969299721533,-0.49007792415469953,-0.7423290972289317,0.9048055324001227,-1.121692068732461,-1.461440576166749,0.001192415045823164,-1.0289971665491795,-0.997471732522988,-0.07108591549009124,0.9841231756854657,0
-0.46546902347764374,0.9009088760241706,-0.502969299721533,-0.6443536535159338,-0.404365943111267,-1.177851894974348,-0.6307807319563046,-1.461440576166749,-1.0427871768490378,0.003043148748581378,-0.7394662468772634,1.4369085427790778,-1.0161329645585022,0
-0.9738162891597597,-1.1099901739376037,0.8491410419312149,-0.5989347777207746,-0.5733475201700994,0.9048055324001227,-1.121692068732461,-0.3041918912684436,0.860545391010725,-0.9143260204049839,-0.7394662468772634,-1.9957630530178463,-1.0161329645585022,1
-0.9738162891597597,0.9009088760241706,-1.179024470547907,-0.5682343971415711,-0.911310674287764,0.9048055324001227,-1.121692068732461,0.2744324511807092,1.5486991412951188,-0.9143260204049839,-0.997471732522988,0.3455967637684949,-1.0161329645585022,1
-0.634918112038349,0.9009088760241706,-0.502969299721533,-0.5653285998027988,-0.404365943111267,0.9048055324001227,-1.121692068732461,-0.3041918912684436,1.934736610966852,-0.9143260204049839,-0.7394662468772634,-1.3211339532658497,-1.0161329645585022,1
-1.143265377720465,0.9009088760241706,0.8491410419312149,-0.4469963201320312,-0.911310674287764,0.9048055324001227,-1.121692068732461,0.2744324511807092,-0.34120603631519225,-1.0289971665491795,-0.997471732522988,0.7622794430270811,-1.0161329645585022,0
-0.9738162891597597,0.9009088760241706,-1.179024470547907,-0.6374365924595083,-0.911310674287764,-1.177851894974348,-1.248378865319856,-0.8828162337175963,-1.0427871768490378,-1.143668312693375,-0.4814607612315388,-2.9680226379545473,0.9841231756854657,0
-0.8043672005990544,-1.1099901739376037,1.5251962127575889,-0.4561558986999006,-0.5733475201700994,0.9048055324001227,-1.121692068732461,-0.8828162337175963,0.16232109803924238,-1.0289971665491795,-0.997471732522988,0.9606997664835506,0.9841231756854657,0
-0.8043672005990544,-1.1099901739376037,-0.502969299721533,-0.45313955472324013,-0.7423290972289317,0.9048055324001227,-1.121692068732461,-0.8828162337175963,0.8739727812601764,-1.0289971665491795,-0.4814607612315388,-1.6386064707962011,0.9841231756854657,0
-0.9738162891597597,0.9009088760241706,-0.502969299721533,-0.4500126641086916,-0.911310674287764,0.9048055324001227,-1.121692068732461,1.4316811360790147,0.9780350556934264,-1.0289971665491795,-0.7394662468772634,0.26622863438590705,0.9841231756854657,0
-0.46546902347764374,-1.1099901739376037,1.5251962127575889,-0.5607330181420229,-0.5733475201700994,0.9048055324001227,-1.121692068732461,0.2744324511807092,-1.1233515183457474,-0.9143260204049839,-0.997471732522988,-0.8647672093159696,-1.0161329645585022,1
-1.143265377720465,0.9009088760241706,1.5251962127575889,-0.643042886238118,-0.911310674287764,-1.177851894974348,-1.121692068732461,0.853056793629862,0.23617174441122635,-0.9143260204049839,-0.7394662468772634,1.1988041546313142,-1.0161329645585022,1
-1.143265377720465,0.9009088760241706,0.8491410419312149,-0.4379157034483676,-0.911310674287764,0.9048055324001227,-1.121692068732461,-1.461440576166749,0.001192415045823164,-1.0289971665491795,-0.997471732522988,0.4249648931510827,-1.0161329645585022,0
-0.2960199349169384,0.9009088760241706,1.5251962127575889,-0.42706634055849474,-0.404365943111267,0.9048055324001227,-1.121692068732461,-0.8828162337175963,0.8336906105118219,-1.0289971665491795,-0.997471732522988,-1.5195542767223194,0.9841231756854657,0
-0.9738162891597597,0.9009088760241706,0.8491410419312149,-0.5440720605746053,-0.911310674287764,0.9048055324001227,-1.121692068732461,-0.3041918912684436,2.17642963545698,-1.0289971665491795,-0.7394662468772634,1.1194360252487263,-1.0161329645585022,1
-0.46546902347764374,0.9009088760241706,0.8491410419312149,-0.39426557385941774,-0.404365943111267,0.9048055324001227,-1.121692068732461,0.2744324511807092,0.5651428055227898,-1.0289971665491795,-0.4814607612315388,0.0479662785837905,0.9841231756854657,0
-1.143265377720465,-1.1099901739376037,0.8491410419312149,-0.6364574650953567,-0.911310674287764,-1.177851894974348,-0.2507203421941191,0.2744324511807092,-1.6839450612603513,0.6910700256137552,-0.7394662468772634,-0.4282424977117365,0.9841231756854657,0
-0.634918112038349,0.9009088760241706,-1.179024470547907,-0.6403581821751219,-0.404365943111267,-1.177851894974348,-0.5674373336626071,-0.3041918912684436,-1.8752853723150364,0.1177142948927768,-0.4814607612315388,-1.162397694500674,0.9841231756854657,0
-0.8043672005990544,-1.1099901739376037,1.5251962127575889,-0.6390632072741472,-0.23538436605243465,-1.177851894974348,-1.2008713165995828,-0.8828162337175963,-1.6839450612603513,-1.0289971665491795,-0.997471732522988,0.46464895784237664,-1.0161329645585022,0
-0.9738162891597597,-1.1099901739376037,-0.502969299721533,-0.39587639629721544,-0.911310674287764,0.9048055324001227,-1.121692068732461,0.2744324511807092,1.1223795008750308,-1.0289971665491795,-0.997471732522988,-0.7457150152420878,0.9841231756854657,0
-0.2960199349169384,-1.1099901739376037,-1.179024470547907,-0.37206149202075506,-0.404365943111267,0.9048055324001227,-1.121692068732461,-1.461440576166749,-0.8447331706696268,-1.143668312693375,-0.4814607612315388,-0.6465048535138531,0.9841231756854657,0
-0.2960199349169384,-1.1099901739376037,-1.179024470547907,-0.36533393948642345,-0.7423290972289317,0.9048055324001227,-1.121692068732461,-1.461440576166749,1.2465828606824585,-1.143668312693375,-0.7394662468772634,-0.17029607721832604,-1.0161329645585022,0
-0.2960199349169384,0.9009088760241706,-1.179024470547907,-0.35483200888705596,-0.404365943111267,0.9048055324001227,-1.121692068732461,0.2744324511807092,1.5587696839822078,-1.143668312693375,-0.7394662468772634,-0.13061201252703214,0.9841231756854657,0
-0.9738162891597597,-1.1099901739376037,-0.502969299721533,-0.6411320086403384,-0.911310674287764,-1.177851894974348,-0.5674373336626071,-0.8828162337175963,-0.8447331706696268,0.1177142948927768,-0.997471732522988,0.5837011519162584,0.9841231756854657,0
-0.634918112038349,-1.1099901739376037,-1.179024470547907,-0.33406503334093834,-0.404365943111267,0.9048055324001227,-1.121692068732461,-0.8828162337175963,0.7866947446387411,-1.143668312693375,-0.4814607612315388,0.16701847265767225,0.9841231756854657,0
-0.9738162891597597,-1.1099901739376037,-1.179024470547907,-0.3079760267993518,-0.7423290972289317,0.9048055324001227,-1.121692068732461,0.2744324511807092,1.0955247203761276,-1.143668312693375,-0.997471732522988,0.8813316371009629,0.9841231756854657,0
-0.2960199349169384,0.9009088760241706,-1.179024470547907,-0.6396317328404287,-0.5733475201700994,-1.177851894974348,-0.7416316789702754,-0.8828162337175963,-1.6839450612603513,-0.2262991435398101,-0.7394662468772634,0.782121475372728,0.9841231756854657,0
-0.9738162891597597,-1.1099901739376037,-1.179024470547907,-0.3834951728537506,-0.911310674287764,0.9048055324001227,-1.121692068732461,-0.8828162337175963,2.562467105128714,-1.143668312693375,-0.997471732522988,0.5837011519162584,-1.0161329645585022,1
-0.8043672005990544,-1.1099901739376037,0.8491410419312149,-0.2604093877537957,-0.911310674287764,0.9048055324001227,-1.121692068732461,1.4316811360790147,0.001192415045823164,-1.143668312693375,-0.7394662468772634,0.12733440796637835,-1.0161329645585022,0
-0.9738162891597597,0.9009088760241706,0.8491410419312149,-0.6343886637291656,-0.5733475201700994,-1.177851894974348,0.23227306979532497,-0.8828162337175963,-1.1804179269059165,1.6084391947673204,-0.997471732522988,0.305912699077201,0.9841231756854657,0
-0.2960199349169384,0.9009088760241706,0.8491410419312149,-0.25684031058769485,-0.06640278899360229,0.9048055324001227,-1.121692068732461,-1.461440576166749,1.2801513363060872,-1.143668312693375,-0.997471732522988,0.8813316371009629,0.9841231756854657,0
-0.634918112038349,-1.1099901739376037,-0.502969299721533,-0.3727879413554482,-0.23538436605243465,0.9048055324001227,-1.121692068732461,1.4316811360790147,0.9981761410676039,-1.143668312693375,-0.7394662468772634,0.40512286080543575,-1.0161329645585022,1
-0.46546902347764374,0.9009088760241706,0.8491410419312149,-0.22173385686980934,-0.911310674287764,0.9048055324001227,-1.121692068732461,0.853056793629862,0.9981761410676039,-1.143668312693375,-0.997471732522988,-0.011559818453150373,-1.0161329645585022,0
-0.8043672005990544,0.9009088760241706,0.8491410419312149,-0.2247344084696286,-0.911310674287764,0.9048055324001227,-1.121692068732461,-0.8828162337175963,1.7836784706605218,-1.143668312693375,-0.997471732522988,-2.273551505856904,0.9841231756854657,0
-0.46546902347764374,0.9009088760241706,-0.502969299721533,-0.6373418381984614,-0.7423290972289317,-1.177851894974348,0.8577891279455886,0.853056793629862,0.03476089066945202,2.7551506562092767,-0.4814607612315388,0.2463866020402601,0.9841231756854657,0
-0.9738162891597597,-1.1099901739376037,0.8491410419312149,-0.1981874229996486,-0.23538436605243465,0.9048055324001227,-1.121692068732461,-1.461440576166749,1.1223795008750308,-1.143668312693375,-0.4814607612315388,-0.11076998018138517,0.9841231756854657,0
-0.2960199349169384,0.9009088760241706,0.8491410419312149,-0.3183200336303077,-0.7423290972289317,0.9048055324001227,-1.121692068732461,-1.461440576166749,1.2029438423717405,-1.143668312693375,-0.997471732522988,-0.5076106270943244,-1.0161329645585022,1
-0.46546902347764374,0.9009088760241706,-1.179024470547907,-0.20464650512768062,-0.06640278899360229,0.9048055324001227,-1.121692068732461,0.853056793629862,-1.0495008719737637,-1.143668312693375,-0.997471732522988,1.4964346398160184,-1.0161329645585022,0
-0.9738162891597597,0.9009088760241706,-1.179024470547907,-0.20328836071934137,-0.5733475201700994,0.9048055324001227,-1.121692068732461,-0.8828162337175963,0.001192415045823164,-1.143668312693375,-0.4814607612315388,-0.38855843302044263,0.9841231756854657,0
-0.8043672005990544,0.9009088760241706,-1.179024470547907,-0.3109292012686476,-0.911310674287764,0.9048055324001227,-1.121692068732461,-1.461440576166749,0.001192415045823164,-1.143668312693375,-0.997471732522988,0.801963507718375,-1.0161329645585022,1
-0.634918112038349,0.9009088760241706,0.8491410419312149,-0.15690614993687182,-0.5733475201700994,0.9048055324001227,-1.121692068732461,-0.8828162337175963,1.2465828606824585,-1.143668312693375,-0.7394662468772634,-1.9560789883265524,0.9841231756854657,0
-0.46546902347764374,0.9009088760241706,-0.502969299721533,-0.6455696665327026,-0.23538436605243465,-1.177851894974348,-1.002923196931778,0.853056793629862,-0.08944246913797492,-0.6849837281165926,-0.997471732522988,0.7027533459901402,-1.0161329645585022,1
-0.8043672005990544,0.9009088760241706,-0.502969299721533,-0.13080135101844412,-0.911310674287764,0.9048055324001227,-1.121692068732461,0.853056793629862,1.327147202179168,-1.2583394588375707,-0.997471732522988,-1.4401861473397315,0.9841231756854657,0
-0.9738162891597597,-1.1099901739376037,0.8491410419312149,-0.11033443063230843,-0.911310674287764,0.9048055324001227,-1.121692068732461,-1.461440576166749,0.001192415045823164,-1.2583394588375707,-0.4814607612315388,0.6035431842619053,-1.0161329645585022,0
-0.46546902347764374,-1.1099901739376037,0.8491410419312149,-0.11169257504064767,-0.911310674287764,0.9048055324001227,-1.121692068732461,0.853056793629862,-0.7977373047965461,-1.2583394588375707,-0.7394662468772634,-0.15045404487267908,0.9841231756854657,0
-0.8043672005990544,0.9009088760241706,0.8491410419312149,-0.0901517730293135,-0.911310674287764,0.9048055324001227,-1.121692068732461,-1.461440576166749,-1.1804179269059165,-1.2583394588375707,-0.7394662468772634,0.20670253734896618,0.9841231756854657,0
-0.2960199349169384,0.9009088760241706,0.8491410419312149,-0.6409109153645622,-0.06640278899360229,-1.177851894974348,-0.7574675285436998,1.4316811360790147,0.5382880250238866,-0.2262991435398101,-0.7394662468772634,0.8416475724096689,-1.0161329645585022,0
-0.46546902347764374,0.9009088760241706,0.8491410419312149,-0.6427586234549773,-0.23538436605243465,-1.177851894974348,-0.527847709729046,-1.461440576166749,0.16232109803924238,0.23238544103697253,-0.7394662468772634,-0.5274526594399713,-1.0161329645585022,0
-0.8043672005990544,0.9009088760241706,-0.502969299721533,-0.04939164840229481,-0.23538436605243465,0.9048055324001227,-1.121692068732461,-0.8828162337175963,1.2465828606824585,-1.2583394588375707,-0.997471732522988,0.5638591195706114,-1.0161329645585022,0
-0.2960199349169384,-1.1099901739376037,-0.502969299721533,-0.031088283643397226,-0.7423290972289317,0.9048055324001227,-1.121692068732461,0.2744324511807092,-0.005521280078902488,-1.2583394588375707,-0.7394662468772634,-1.8370267942526706,0.9841231756854657,0
-0.46546902347764374,-1.1099901739376037,-1.179024470547907,-0.011047757431972692,-0.404365943111267,0.9048055324001227,-1.121692068732461,0.2744324511807092,-0.3109944082539262,-1.2583394588375707,-0.997471732522988,-1.3806600503027906,0.9841231756854657,0
-0.634918112038349,-1.1099901739376037,-1.179024470547907,0.08057961300040331,-0.7423290972289317,0.9048055324001227,-1.121692068732461,-1.461440576166749,0.5114332445249834,-1.2583394588375707,-0.7394662468772634,-1.4600281796853785,0.9841231756854657,0
-0.634918112038349,0.9009088760241706,0.8491410419312149,-0.635857354775393,-0.23538436605243465,-1.177851894974348,-1.042512820865339,1.4316811360790147,-0.0860856215756121,-0.6849837281165926,-0.4814607612315388,0.008282213892496587,0.9841231756854657,0
-0.9738162891597597,0.9009088760241706,1.5251962127575889,-0.21472204155233693,-0.7423290972289317,0.9048055324001227,-1.121692068732461,0.2744324511807092,1.8407448792206904,-1.143668312693375,-0.7394662468772634,-1.5592383414136133,-1.0161329645585022,1
-0.634918112038349,0.9009088760241706,1.5251962127575889,-0.6389684530131002,-0.7423290972289317,-1.177851894974348,-0.804975077263973,1.4316811360790147,-1.4254677989584081,-0.34097028968400567,-0.997471732522988,-2.194183376474316,0.9841231756854657,0
-0.634918112038349,0.9009088760241706,-1.179024470547907,-0.028119316797260256,-0.911310674287764,0.9048055324001227,-1.121692068732461,-0.3041918912684436,0.04483143335654109,-1.2583394588375707,-0.7394662468772634,-0.24966420660091387,-1.0161329645585022,1
-0.634918112038349,-1.1099901739376037,-1.179024470547907,0.08530153367590838,-0.911310674287764,0.9048055324001227,-1.121692068732461,1.4316811360790147,0.5382880250238866,-1.2583394588375707,-0.4814607612315388,1.2186461869769611,-1.0161329645585022,0
-0.634918112038349,0.9009088760241706,-0.502969299721533,0.26677173595760995,-0.7423290972289317,0.9048055324001227,-1.121692068732461,-0.3041918912684436,-0.4654093961226198,-1.2583394588375707,-0.997471732522988,-0.07108591549009124,0.9841231756854657,0
-0.2960199349169384,-1.1099901739376037,0.8491410419312149,0.3170546638198446,0.10257878806523006,0.9048055324001227,-1.121692068732461,1.4316811360790147,0.9780350556934264,-1.2583394588375707,-0.7394662468772634,-0.44808453005738347,-1.0161329645585022,0
-0.2960199349169384,0.9009088760241706,-1.179024470547907,0.3640685696759603,0.10257878806523006,0.9048055324001227,-1.121692068732461,-0.8828162337175963,-0.811164695045998,-1.3730106049817663,-0.997471732522988,0.6035431842619053,-1.0161329645585022,0
-0.8043672005990544,-1.1099901739376037,1.5251962127575889,0.5045101769243435,-0.5733475201700994,0.9048055324001227,-1.121692068732461,1.4316811360790147,-0.08944246913797492,-1.3730106049817663,-0.7394662468772634,0.9606997664835506,0.9841231756854657,0
-0.634918112038349,0.9009088760241706,1.5251962127575889,-0.6416847418297787,-0.5733475201700994,-1.177851894974348,0.4223032646764177,-0.8828162337175963,-0.6936750303632967,1.952452633199907,-0.4814607612315388,-0.7258729828964409,0.9841231756854657,0
-0.8043672005990544,0.9009088760241706,0.8491410419312149,0.8947082239155787,-0.5733475201700994,0.9048055324001227,-1.121692068732461,1.4316811360790147,-1.2207000976542715,-1.3730106049817663,-0.7394662468772634,-0.09092794783573821,0.9841231756854657,0
-0.2960199349169384,0.9009088760241706,0.17308587110484092,1.0462992492138168,-0.23538436605243465,0.9048055324001227,-1.121692068732461,-0.8828162337175963,-1.1233515183457474,-1.3730106049817663,-0.4814607612315388,0.5440170872249644,-1.0161329645585022,0
-0.2960199349169384,0.9009088760241706,1.5251962127575889,2.5487070199970105,0.10257878806523006,0.9048055324001227,-1.121692068732461,0.2744324511807092,0.8739727812601764,-1.487681751125962,-0.997471732522988,2.131379674876721,0.9841231756854657,0
-0.8043672005990544,0.9009088760241706,-1.179024470547907,-1.0470118858348394,-0.911310674287764,0.9048055324001227,-1.0741845200121878,-1.461440576166749,-0.34120603631519225,0.8057411717579506,-0.4814607612315388,-1.3806600503027906,-1.0161329645585022,1
-0.8043672005990544,-1.1099901739376037,1.5251962127575889,-1.0021615356059619,-0.5733475201700994,0.9048055324001227,-1.0741845200121878,0.853056793629862,1.4110683912382405,0.3470565871811683,-0.997471732522988,0.9805417988291976,-1.0161329645585022,1
-0.46546902347764374,-1.1099901739376037,0.8491410419312149,-0.9914858888613417,-0.5733475201700994,0.9048055324001227,-1.0741845200121878,0.853056793629862,1.2096575374964662,0.23238544103697253,-0.997471732522988,-0.7060309505507939,-1.0161329645585022,1
-0.9738162891597597,-1.1099901739376037,-0.502969299721533,-0.9747459694097184,-0.911310674287764,0.9048055324001227,-1.0741845200121878,1.4316811360790147,-1.4993184453303918,0.1177142948927768,-0.7394662468772634,0.6233852166075523,-1.0161329645585022,1
-0.9738162891597597,-1.1099901739376037,0.8491410419312149,-0.6441799373706811,-0.911310674287764,-1.177851894974348,-0.4169967627150753,1.4316811360790147,-1.0964967378468442,0.4617277333253637,-0.7394662468772634,0.12733440796637835,0.9841231756854657,0
-1.143265377720465,-1.1099901739376037,0.8491410419312149,-0.9688712052248091,-0.911310674287764,0.9048055324001227,-1.0741845200121878,-1.461440576166749,-1.0092187012254088,0.1177142948927768,-0.7394662468772634,-1.3806600503027906,-1.0161329645585022,1
-0.2960199349169384,0.9009088760241706,1.5251962127575889,-0.9596484571495751,-0.23538436605243465,0.9048055324001227,-1.0741845200121878,-0.8828162337175963,1.4446368668618692,0.1177142948927768,-0.4814607612315388,-0.190138109563973,-1.0161329645585022,1
-0.8043672005990544,-1.1099901739376037,-0.502969299721533,-0.6357941852680283,-0.911310674287764,-1.177851894974348,-1.327558113186978,1.4316811360790147,-1.1166378232210217,-1.2583394588375707,-0.4814607612315388,1.3773824457421369,-1.0161329645585022,0
-1.143265377720465,-1.1099901739376037,0.8491410419312149,-0.9470461404303342,-0.7423290972289317,0.9048055324001227,-1.0741845200121878,0.2744324511807092,-1.2106295549671826,0.003043148748581378,-0.4814607612315388,0.7027533459901402,-1.0161329645585022,1
-0.8043672005990544,0.9009088760241706,-0.502969299721533,-0.643042886238118,-0.911310674287764,-1.177851894974348,0.8577891279455886,-1.461440576166749,0.19253272610050842,2.7551506562092767,-0.4814607612315388,-0.2893482712922078,0.9841231756854657,0
-0.46546902347764374,0.9009088760241706,-1.179024470547907,-0.852639311673915,-0.404365943111267,0.9048055324001227,-1.0741845200121878,-0.3041918912684436,1.4110683912382405,-0.34097028968400567,-0.4814607612315388,-0.5076106270943244,-1.0161329645585022,1
-1.143265377720465,0.9009088760241706,0.8491410419312149,-0.6436114118043995,-0.911310674287764,0.21058638994196582,-0.804975077263973,0.853056793629862,1.676259348664909,-0.34097028968400567,-0.4814607612315388,1.0202258635204915,0.9841231756854657,0
-0.634918112038349,-1.1099901739376037,-1.179024470547907,-0.840952952811461,-0.5733475201700994,0.9048055324001227,-1.0741845200121878,1.4316811360790147,1.0787404825643134,-0.34097028968400567,-0.4814607612315388,-1.7973427295613766,0.9841231756854657,0
-0.9738162891597597,0.9009088760241706,-0.502969299721533,-0.8151797938066976,-0.404365943111267,0.9048055324001227,-1.0741845200121878,0.2744324511807092,3.018998373610068,-0.45564143582820127,-0.4814607612315388,-0.2893482712922078,-1.0161329645585022,1
-0.8043672005990544,0.9009088760241706,0.8491410419312149,-0.7912543428923491,-0.5733475201700994,0.9048055324001227,-1.0741845200121878,-1.461440576166749,0.001192415045823164,-0.570312581972397,-0.997471732522988,-1.6981325678331418,0.9841231756854657,0
-0.8043672005990544,-1.1099901739376037,-0.502969299721533,-0.7929441272143526,-0.23538436605243465,0.9048055324001227,-1.0741845200121878,0.2744324511807092,0.16232109803924238,-0.570312581972397,-0.4814607612315388,0.10749237562073138,-1.0161329645585022,1
-0.46546902347764374,-1.1099901739376037,0.8491410419312149,-0.6435482422970349,-0.911310674287764,-1.177851894974348,-0.2507203421941191,-1.461440576166749,0.7229146409538463,0.6910700256137552,-0.997471732522988,-0.9441353386985575,-1.0161329645585022,0
-1.143265377720465,0.9009088760241706,0.8491410419312149,-0.6429007548465476,-0.911310674287764,-1.177851894974348,-0.8524826259842462,-1.461440576166749,0.19253272610050842,-0.34097028968400567,-0.997471732522988,0.286070666731554,-1.0161329645585022,0
-0.46546902347764374,0.9009088760241706,1.5251962127575889,-0.6396159404635876,-0.404365943111267,-1.177851894974348,-1.121692068732461,-0.3041918912684436,-1.1166378232210217,-0.9143260204049839,-0.7394662468772634,-0.7258729828964409,-1.0161329645585022,1
-0.9738162891597597,0.9009088760241706,-1.179024470547907,-0.6411478010171795,-0.911310674287764,-1.177851894974348,-0.3298995900612411,0.2744324511807092,0.001192415045823164,0.5763988794695595,-0.7394662468772634,0.821805540064022,0.9841231756854657,0
-0.8043672005990544,-1.1099901739376037,-1.179024470547907,-0.7406555674932914,-0.7423290972289317,0.9048055324001227,-1.0741845200121878,-0.8828162337175963,0.4308689030282738,-0.6849837281165926,-0.7394662468772634,-1.3211339532658497,-1.0161329645585022,0
-0.9738162891597597,-1.1099901739376037,0.8491410419312149,-0.7332647351316313,-0.911310674287764,0.9048055324001227,-1.0741845200121878,0.2744324511807092,-1.173704231781191,-0.6849837281165926,-0.7394662468772634,-0.6465048535138531,-1.0161329645585022,1
-0.9738162891597597,0.9009088760241706,1.5251962127575889,-0.6344202484828478,-0.911310674287764,0.21058638994196582,-1.327558113186978,0.2744324511807092,-0.3512765790022807,-1.2583394588375707,-0.997471732522988,-1.658448503141848,0.9841231756854657,0
-0.8043672005990544,-1.1099901739376037,1.5251962127575889,-0.640784576349833,-0.911310674287764,-1.177851894974348,-1.121692068732461,-0.3041918912684436,0.6020681287087821,-0.9143260204049839,-0.7394662468772634,0.20670253734896618,-1.0161329645585022,1
-0.8043672005990544,-1.1099901739376037,0.8491410419312149,-0.6991532011547384,-0.5733475201700994,0.9048055324001227,-1.0741845200121878,0.853056793629862,-0.21028898138303903,-0.6849837281165926,-0.997471732522988,0.9011736694466097,0.9841231756854657,0
-0.9738162891597597,0.9009088760241706,1.5251962127575889,-0.6893303427595406,-0.911310674287764,0.9048055324001227,-1.0741845200121878,-0.8828162337175963,-1.2005590122800942,-0.6849837281165926,-0.4814607612315388,0.6829113136444932,0.9841231756854657,0
-0.2960199349169384,-1.1099901739376037,1.5251962127575889,-0.6794758996106605,-0.23538436605243465,0.9048055324001227,-1.0741845200121878,1.4316811360790147,1.223084927745918,-0.6849837281165926,-0.7394662468772634,0.14717644031202531,0.9841231756854657,0
-0.9738162891597597,-1.1099901739376037,0.8491410419312149,-0.8764858007040577,-0.5733475201700994,0.9048055324001227,-1.0662665952254755,0.2744324511807092,1.4312094766124175,-0.2262991435398101,-0.4814607612315388,-0.6663468858595001,-1.0161329645585022,0
-0.46546902347764374,-1.1099901739376037,-1.179024470547907,-0.6374523848363495,-0.5733475201700994,-1.177851894974348,-0.3774071387815143,0.2744324511807092,-1.8752853723150364,0.4617277333253637,-0.4814607612315388,-0.190138109563973,0.9841231756854657,0
-0.46546902347764374,-1.1099901739376037,1.5251962127575889,-0.6414952333076849,-0.23538436605243465,-1.177851894974348,2.0850674698859795,0.853056793629862,-1.623521805137819,5.048573579093189,-0.4814607612315388,1.3972244780877838,-1.0161329645585022,0
-0.634918112038349,-1.1099901739376037,1.5251962127575889,-0.39199147159429154,-0.5733475201700994,0.9048055324001227,-1.0662665952254755,0.2744324511807092,0.2865244578466693,-1.0289971665491795,-0.997471732522988,-0.24966420660091387,0.9841231756854657,0
-0.8043672005990544,0.9009088760241706,-1.179024470547907,-0.640073919391981,-0.911310674287764,0.21058638994196582,-0.052772222526314166,-0.8828162337175963,2.0757242085860943,1.035083464046342,-0.4814607612315388,0.2463866020402601,0.9841231756854657,0
-0.9738162891597597,0.9009088760241706,0.8491410419312149,0.454637850859979,-0.911310674287764,0.9048055324001227,-1.0662665952254755,1.4316811360790147,-1.6839450612603513,-1.2583394588375707,-0.7394662468772634,-0.5274526594399713,-1.0161329645585022,0
-0.8043672005990544,0.9009088760241706,0.8491410419312149,-0.712939946137066,-0.911310674287764,0.9048055324001227,-1.0623076328321195,1.4316811360790147,1.417782086362966,-0.6849837281165926,-0.7394662468772634,0.008282213892496587,-1.0161329645585022,0
-0.46546902347764374,0.9009088760241706,-0.502969299721533,-0.5492993373090274,-0.7423290972289317,0.9048055324001227,-1.0623076328321195,0.2744324511807092,0.09182729922962125,-0.9143260204049839,-0.4814607612315388,0.20670253734896618,-1.0161329645585022,0
-0.9738162891597597,-1.1099901739376037,0.8491410419312149,-0.6424743606718365,-0.23538436605243465,-1.177851894974348,0.06599664927436881,-0.8828162337175963,-1.173704231781191,1.2644257563347332,-0.997471732522988,0.4844909901880236,0.9841231756854657,0
-0.2960199349169384,-1.1099901739376037,-0.502969299721533,0.0028179494345605943,-0.23538436605243465,0.9048055324001227,-1.0623076328321195,-1.461440576166749,-1.1804179269059165,-1.143668312693375,-0.997471732522988,0.7225953783357871,0.9841231756854657,0
-0.634918112038349,0.9009088760241706,-0.502969299721533,-0.6408161611035152,-0.911310674287764,-1.177851894974348,0.6994306322113446,1.4316811360790147,0.5785701957722418,2.525808363920885,-0.4814607612315388,0.20670253734896618,-1.0161329645585022,0
-1.143265377720465,-1.1099901739376037,1.5251962127575889,-0.886971938926584,-0.911310674287764,0.9048055324001227,-1.0583486704387632,0.853056793629862,-1.0092187012254088,-0.2262991435398101,-0.997471732522988,-1.658448503141848,0.9841231756854657,0
-0.2960199349169384,0.9009088760241706,1.5251962127575889,-0.6541449271574493,-0.404365943111267,0.9048055324001227,-1.0583486704387632,0.2744324511807092,-0.3680608168140954,-0.6849837281165926,-0.997471732522988,-0.7060309505507939,0.9841231756854657,0
-0.9738162891597597,-1.1099901739376037,-1.179024470547907,-0.6483965019872693,-0.5733475201700994,0.9048055324001227,-1.0583486704387632,-1.461440576166749,0.001192415045823164,-0.7996548742607882,-0.4814607612315388,0.8614896047553159,-1.0161329645585022,1
-0.46546902347764374,-1.1099901739376037,1.5251962127575889,-0.3007589105829444,0.2715603651240624,0.9048055324001227,-1.0583486704387632,-0.8828162337175963,-1.0092187012254088,-1.0289971665491795,-0.4814607612315388,0.46464895784237664,0.9841231756854657,0
-0.9738162891597597,0.9009088760241706,1.5251962127575889,-0.7334700360305663,-0.911310674287764,0.9048055324001227,-1.0543897080454072,0.853056793629862,-0.0995130118250634,-0.570312581972397,-0.4814607612315388,-0.15045404487267908,0.9841231756854657,0
-0.9738162891597597,-1.1099901739376037,0.8491410419312149,-0.636173202312216,-0.911310674287764,-1.177851894974348,0.06599664927436881,-0.8828162337175963,-0.059230841076708896,1.2644257563347332,-0.7394662468772634,0.6829113136444932,0.9841231756854657,0
-0.9738162891597597,-1.1099901739376037,-1.179024470547907,-0.6419847969897607,-0.911310674287764,0.21058638994196582,-0.47242223622206064,-0.8828162337175963,-0.6500360120525788,0.3470565871811683,-0.7394662468772634,-0.26950623894656084,0.9841231756854657,0
-0.9738162891597597,0.9009088760241706,-1.179024470547907,-0.7748302709775489,-0.911310674287764,0.9048055324001227,-1.046471783258695,1.4316811360790147,-0.3512765790022807,-0.45564143582820127,-0.997471732522988,0.286070666731554,-1.0161329645585022,0
-1.143265377720465,0.9009088760241706,-0.502969299721533,-0.31006062054238415,-0.911310674287764,0.9048055324001227,-1.046471783258695,-0.8828162337175963,-1.0427871768490378,-1.0289971665491795,-0.997471732522988,1.238488219322608,-1.0161329645585022,0
-0.9738162891597597,0.9009088760241706,1.5251962127575889,-0.6383367579394541,-0.911310674287764,-1.177851894974348,0.8577891279455886,0.853056793629862,0.9981761410676039,2.7551506562092767,-0.7394662468772634,-0.8052411122790287,-1.0161329645585022,0
-0.634918112038349,-1.1099901739376037,-1.179024470547907,-1.0567399899689904,-0.7423290972289317,0.9048055324001227,-1.042512820865339,0.853056793629862,-1.0427871768490378,1.035083464046342,-0.7394662468772634,0.14717644031202531,-1.0161329645585022,1
-0.8043672005990544,-1.1099901739376037,1.5251962127575889,-0.6328094260450502,-0.7423290972289317,-1.177851894974348,-1.359229812333827,-0.8828162337175963,-0.018948670328354386,-1.2583394588375707,-0.997471732522988,1.5956448015442533,-1.0161329645585022,0
-1.143265377720465,0.9009088760241706,0.8491410419312149,-1.0229600959057619,-0.5733475201700994,0.9048055324001227,-1.042512820865339,-0.8828162337175963,-0.707102420612748,0.6910700256137552,-0.4814607612315388,-0.07108591549009124,-1.0161329645585022,1
-1.143265377720465,0.9009088760241706,0.8491410419312149,-1.0205596546259064,-0.911310674287764,0.9048055324001227,-1.042512820865339,1.4316811360790147,-1.0495008719737637,0.6910700256137552,-0.7394662468772634,-1.3211339532658497,-1.0161329645585022,1
-0.8043672005990544,-1.1099901739376037,0.8491410419312149,-0.9945022328380022,-0.5733475201700994,0.9048055324001227,-1.042512820865339,-1.461440576166749,0.001192415045823164,0.4617277333253637,-0.7394662468772634,-2.154499311783022,-1.0161329645585022,1
-1.143265377720465,-1.1099901739376037,1.5251962127575889,-0.6338991000470898,-0.911310674287764,0.21058638994196582,-0.2507203421941191,0.2744324511807092,-1.0092187012254088,0.6910700256137552,-0.7394662468772634,0.8416475724096689,-1.0161329645585022,0
-0.8043672005990544,-1.1099901739376037,-1.179024470547907,-0.9773832963421911,-0.911310674287764,0.9048055324001227,-1.042512820865339,1.4316811360790147,-1.0964967378468442,0.3470565871811683,-0.7394662468772634,1.0400678958661385,-1.0161329645585022,1
-1.143265377720465,0.9009088760241706,0.8491410419312149,-0.9749196855549711,-0.911310674287764,0.9048055324001227,-1.042512820865339,0.2744324511807092,0.8135495251376443,0.3470565871811683,-0.7394662468772634,0.0479662785837905,-1.0161329645585022,1
-0.9738162891597597,0.9009088760241706,-0.502969299721533,-0.6293193107631551,-0.5733475201700994,-1.177851894974348,-1.359229812333827,-0.3041918912684436,1.4312094766124175,-1.3730106049817663,-0.997471732522988,-0.686188918205147,-1.0161329645585022,1
-1.143265377720465,0.9009088760241706,-0.502969299721533,-0.9718559644477872,-0.5733475201700994,0.9048055324001227,-1.042512820865339,-0.3041918912684436,-0.46205254856025635,0.23238544103697253,-0.997471732522988,0.6233852166075523,-1.0161329645585022,1
-0.8043672005990544,-1.1099901739376037,-0.502969299721533,-0.6308985484472706,-0.911310674287764,-1.177851894974348,-0.5674373336626071,-0.8828162337175963,-0.0995130118250634,0.1177142948927768,-0.4814607612315388,-0.36871640067479566,-1.0161329645585022,0
-0.2960199349169384,0.9009088760241706,-1.179024470547907,-0.9752829102223176,-0.06640278899360229,0.9048055324001227,-1.042512820865339,1.4316811360790147,0.001192415045823164,0.3470565871811683,-0.997471732522988,1.258330251668255,-1.0161329645585022,1
-0.9738162891597597,0.9009088760241706,0.8491410419312149,-0.9661865011618129,-0.911310674287764,0.9048055324001227,-1.042512820865339,-0.8828162337175963,-0.3680608168140954,0.23238544103697253,-0.7394662468772634,-1.4203441149940845,-1.0161329645585022,1
-0.9738162891597597,0.9009088760241706,-1.179024470547907,-0.964149284549304,-0.911310674287764,0.9048055324001227,-1.042512820865339,1.4316811360790147,-1.173704231781191,0.23238544103697253,-0.4814607612315388,1.0797519605574324,-1.0161329645585022,1
-0.9738162891597597,0.9009088760241706,-1.179024470547907,-0.6314670740135521,-0.7423290972289317,-1.177851894974348,-0.8524826259842462,1.4316811360790147,-0.005521280078902488,-0.34097028968400567,-0.4814607612315388,-0.9441353386985575,0.9841231756854657,0
-0.46546902347764374,0.9009088760241706,-1.179024470547907,-0.6321619385945628,-0.404365943111267,-1.177851894974348,0.06599664927436881,0.853056793629862,1.0015329886299666,1.2644257563347332,-0.7394662468772634,0.9011736694466097,-1.0161329645585022,0
-0.9738162891597597,-1.1099901739376037,-1.179024470547907,-0.6318302986808986,-0.5733475201700994,-1.177851894974348,-0.7257958293968509,0.853056793629862,-1.1804179269059165,-0.11162799739561437,-0.7394662468772634,0.46464895784237664,0.9841231756854657,0
-0.46546902347764374,-1.1099901739376037,0.8491410419312149,-0.6281980520074332,0.10257878806523006,-1.177851894974348,-0.7574675285436998,-1.461440576166749,-1.2475548781531747,-0.2262991435398101,-0.4814607612315388,1.0995939929030794,-1.0161329645585022,0
-0.9738162891597597,0.9009088760241706,-0.502969299721533,-0.6416689494529376,-0.911310674287764,-1.177851894974348,-0.9435387610314364,-0.8828162337175963,-1.371758237960602,-0.570312581972397,-0.7394662468772634,-0.011559818453150373,-1.0161329645585022,0
-0.8043672005990544,-1.1099901739376037,0.8491410419312149,-0.9419609950874825,-0.911310674287764,0.9048055324001227,-1.042512820865339,-1.461440576166749,1.7736079279734327,0.1177142948927768,-0.997471732522988,0.008282213892496587,-1.0161329645585022,1
-1.143265377720465,0.9009088760241706,1.5251962127575889,-0.6335832525102667,-0.911310674287764,-1.177851894974348,0.06599664927436881,-0.8828162337175963,-1.8752853723150364,1.2644257563347332,-0.997471732522988,0.7027533459901402,-1.0161329645585022,0
-0.9738162891597597,-1.1099901739376037,0.8491410419312149,-0.9393394605318509,-0.911310674287764,0.9048055324001227,-1.042512820865339,-0.3041918912684436,0.9780350556934264,0.1177142948927768,-0.4814607612315388,-0.09092794783573821,-1.0161329645585022,1
-0.2960199349169384,-1.1099901739376037,0.8491410419312149,-0.9180197517962929,-0.06640278899360229,0.9048055324001227,-1.042512820865339,-0.3041918912684436,0.001192415045823164,0.003043148748581378,-0.4814607612315388,-1.8965528912896115,-1.0161329645585022,1
-0.46546902347764374,0.9009088760241706,-1.179024470547907,-0.9175933576215818,-0.06640278899360229,0.9048055324001227,-1.042512820865339,-0.8828162337175963,0.27645391515958084,0.003043148748581378,-0.4814607612315388,0.3455967637684949,-1.0161329645585022,1
-0.8043672005990544,-1.1099901739376037,-0.502969299721533,-0.9123344961334775,-0.911310674287764,0.9048055324001227,-1.042512820865339,-1.461440576166749,-0.21364582894540246,0.003043148748581378,-0.4814607612315388,-0.3488743683291487,-1.0161329645585022,1
-1.143265377720465,0.9009088760241706,0.8491410419312149,-0.9045646467276297,-0.404365943111267,0.9048055324001227,-1.042512820865339,0.2744324511807092,-1.6805882136979884,-0.11162799739561437,-0.7394662468772634,-1.142555662155027,-1.0161329645585022,1
-0.8043672005990544,-1.1099901739376037,0.8491410419312149,-0.9049278713949762,-0.911310674287764,0.9048055324001227,-1.042512820865339,-0.3041918912684436,0.23617174441122635,-0.11162799739561437,-0.4814607612315388,-2.0552891500547874,-1.0161329645585022,1
-1.143265377720465,-1.1099901739376037,1.5251962127575889,-0.9036802736245251,-0.911310674287764,0.9048055324001227,-1.042512820865339,-1.461440576166749,-1.0427871768490378,-0.11162799739561437,-0.997471732522988,1.4964346398160184,-1.0161329645585022,1
-0.9738162891597597,-1.1099901739376037,-1.179024470547907,-0.6325567480155917,-0.911310674287764,-1.177851894974348,-0.646616581529729,-1.461440576166749,0.001192415045823164,0.003043148748581378,-0.997471732522988,0.305912699077201,-1.0161329645585022,0
-1.143265377720465,-1.1099901739376037,-1.179024470547907,-0.6350677359333352,-0.911310674287764,-1.177851894974348,-0.7257958293968509,0.853056793629862,1.676259348664909,-0.11162799739561437,-0.997471732522988,0.18686050500331922,-1.0161329645585022,1
-0.634918112038349,0.9009088760241706,1.5251962127575889,-0.9060017530201747,-0.911310674287764,0.9048055324001227,-1.042512820865339,0.853056793629862,1.4312094766124175,-0.11162799739561437,-0.997471732522988,1.298014316359549,-1.0161329645585022,1
-0.8043672005990544,0.9009088760241706,0.8491410419312149,-0.9050384180328643,-0.5733475201700994,0.9048055324001227,-1.042512820865339,-0.3041918912684436,1.6729025011025462,-0.11162799739561437,-0.997471732522988,-1.2219237915376149,-1.0161329645585022,1
-0.9738162891597597,-1.1099901739376037,1.5251962127575889,-0.9048173247570881,-0.911310674287764,0.9048055324001227,-1.042512820865339,0.2744324511807092,1.0015329886299666,-0.11162799739561437,-0.4814607612315388,1.0797519605574324,-1.0161329645585022,1
-0.2960199349169384,-1.1099901739376037,0.8491410419312149,-0.6334569134955375,-0.23538436605243465,-1.177851894974348,-1.002923196931778,0.2744324511807092,-1.3482603050240614,-0.6849837281165926,-0.4814607612315388,-0.32903233598350173,0.9841231756854657,0
-0.9738162891597597,-1.1099901739376037,-0.502969299721533,-0.9000638193279007,-0.911310674287764,0.9048055324001227,-1.042512820865339,-1.461440576166749,-0.1397951825734185,-0.11162799739561437,-0.7394662468772634,0.7225953783357871,-1.0161329645585022,1
-0.8043672005990544,0.9009088760241706,-0.502969299721533,-0.8972843610038577,-0.911310674287764,0.9048055324001227,-1.042512820865339,0.853056793629862,0.6893461653302174,-0.11162799739561437,-0.997471732522988,-1.5790803737592602,-1.0161329645585022,1
-0.9738162891597597,0.9009088760241706,-0.502969299721533,-0.9048331171339292,-0.911310674287764,0.9048055324001227,-1.042512820865339,1.4316811360790147,0.001192415045823164,-0.11162799739561437,-0.997471732522988,-1.0631875327724392,-1.0161329645585022,1
-0.9738162891597597,0.9009088760241706,-1.179024470547907,-0.908181101024254,-0.911310674287764,0.9048055324001227,-1.042512820865339,0.853056793629862,0.2865244578466693,-0.11162799739561437,-0.997471732522988,1.4567505751247247,-1.0161329645585022,1
-0.46546902347764374,-1.1099901739376037,1.5251962127575889,-0.6235550932161339,-0.911310674287764,-1.177851894974348,0.4618928886099787,-0.8828162337175963,-1.0427871768490378,1.952452633199907,-0.4814607612315388,-0.7258729828964409,0.9841231756854657,0
-1.143265377720465,-1.1099901739376037,-0.502969299721533,-0.9018167731572688,-0.911310674287764,0.9048055324001227,-1.042512820865339,0.2744324511807092,-0.43855461562371656,-0.11162799739561437,-0.997471732522988,-0.051243883144444294,-1.0161329645585022,1
-0.9738162891597597,-1.1099901739376037,-0.502969299721533,-0.6267135685843647,-0.5733475201700994,-1.177851894974348,-1.121692068732461,-1.461440576166749,-1.3482603050240614,-0.9143260204049839,-0.7394662468772634,1.5559607368529593,-1.0161329645585022,0
-1.143265377720465,-1.1099901739376037,0.8491410419312149,-0.8911569187894899,-0.911310674287764,0.9048055324001227,-1.042512820865339,-0.3041918912684436,-0.005521280078902488,-0.11162799739561437,-0.4814607612315388,-2.7299182498067838,-1.0161329645585022,1
-0.9738162891597597,-1.1099901739376037,-0.502969299721533,-0.6303142305041478,-0.911310674287764,-1.177851894974348,0.7786098800784667,-1.461440576166749,0.3301634761573873,2.525808363920885,-0.4814607612315388,-0.07108591549009124,0.9841231756854657,0
-0.9738162891597597,0.9009088760241706,1.5251962127575889,-0.8861191505771617,-0.911310674287764,0.9048055324001227,-1.042512820865339,1.4316811360790147,0.6893461653302174,-0.11162799739561437,-0.997471732522988,0.7424374106814341,-1.0161329645585022,1
-0.8043672005990544,0.9009088760241706,-0.502969299721533,-0.882360564888967,-0.911310674287764,0.9048055324001227,-1.042512820865339,1.4316811360790147,0.665848232393677,-0.2262991435398101,-0.997471732522988,-2.03544711770914,-1.0161329645585022,1
-0.8043672005990544,-1.1099901739376037,-0.502969299721533,-0.8778123603587147,-0.911310674287764,0.9048055324001227,-1.042512820865339,0.853056793629862,-0.34120603631519225,-0.2262991435398101,-0.7394662468772634,-0.5869787564769122,-1.0161329645585022,1
-0.634918112038349,-1.1099901739376037,0.8491410419312149,-0.6319882224493102,-0.911310674287764,-1.177851894974348,-0.47242223622206064,0.2744324511807092,0.5785701957722418,0.3470565871811683,-0.4814607612315388,-0.7258729828964409,0.9841231756854657,0
-0.2960199349169384,0.9009088760241706,-1.179024470547907,-0.6295561964157724,0.4405419421828948,-1.177851894974348,-1.042512820865339,0.2744324511807092,0.7430557263280237,-0.7996548742607882,-0.4814607612315388,-1.4600281796853785,0.9841231756854657,0
-0.2960199349169384,-1.1099901739376037,-0.502969299721533,-0.6302510609967832,-0.5733475201700994,-1.177851894974348,-0.963333572998217,-0.3041918912684436,-0.811164695045998,-0.570312581972397,-0.997471732522988,-1.2616078562289088,0.9841231756854657,0
-1.143265377720465,0.9009088760241706,1.5251962127575889,-0.8763278769356462,-0.911310674287764,0.9048055324001227,-1.042512820865339,0.853056793629862,-0.005521280078902488,-0.2262991435398101,-0.997471732522988,-0.22982217425526694,-1.0161329645585022,1
-0.9738162891597597,0.9009088760241706,1.5251962127575889,-0.8812077213795627,-0.404365943111267,0.9048055324001227,-1.042512820865339,-0.3041918912684436,0.001192415045823164,-0.2262991435398101,-0.7394662468772634,0.5837011519162584,-1.0161329645585022,1
-0.9738162891597597,0.9009088760241706,-1.179024470547907,-0.8690160064581918,-0.5733475201700994,0.9048055324001227,-1.042512820865339,-0.8828162337175963,0.7061304031420315,-0.2262991435398101,-0.4814607612315388,-0.13061201252703214,-1.0161329645585022,0
-1.143265377720465,0.9009088760241706,0.8491410419312149,-0.8636150135785171,-0.911310674287764,0.9048055324001227,-1.042512820865339,-0.8828162337175963,-0.21364582894540246,-0.2262991435398101,-0.7394662468772634,0.286070666731554,0.9841231756854657,0
-0.634918112038349,0.9009088760241706,0.8491410419312149,-0.8666155651783364,-0.5733475201700994,0.9048055324001227,-1.042512820865339,1.4316811360790147,0.001192415045823164,-0.2262991435398101,-0.4814607612315388,-2.0156050853634935,0.9841231756854657,0
-0.8043672005990544,0.9009088760241706,0.8491410419312149,-0.859903805020846,-0.23538436605243465,0.9048055324001227,-1.042512820865339,-1.461440576166749,0.1522505553521539,-0.2262991435398101,-0.4814607612315388,0.10749237562073138,-1.0161329645585022,0
-0.46546902347764374,-1.1099901739376037,-0.502969299721533,-0.6258765726117835,-0.404365943111267,-1.177851894974348,-0.5674373336626071,1.4316811360790147,-0.1397951825734185,0.1177142948927768,-0.997471732522988,1.4964346398160184,0.9841231756854657,0
-0.2960199349169384,-1.1099901739376037,1.5251962127575889,-0.8480437300131392,0.4405419421828948,0.9048055324001227,-1.042512820865339,0.853056793629862,-0.1397951825734185,-0.34097028968400567,-0.997471732522988,-1.2814498885745558,0.9841231756854657,0
-0.8043672005990544,0.9009088760241706,-0.502969299721533,-0.8523550488907743,-0.911310674287764,0.9048055324001227,-1.042512820865339,-1.461440576166749,0.561785957960427,-0.2262991435398101,-0.997471732522988,0.305912699077201,0.9841231756854657,0
-0.9738162891597597,-1.1099901739376037,-1.179024470547907,-0.8331515186519309,-0.911310674287764,0.9048055324001227,-1.042512820865339,-0.8828162337175963,0.8336906105118219,-0.34097028968400567,-0.7394662468772634,-1.9560789883265524,0.9841231756854657,0
-1.143265377720465,0.9009088760241706,-1.179024470547907,-0.6211546519362785,-0.911310674287764,-1.177851894974348,-1.042512820865339,0.2744324511807092,-0.34120603631519225,-0.7996548742607882,-0.997471732522988,0.305912699077201,0.9841231756854657,0
-0.9738162891597597,-1.1099901739376037,-1.179024470547907,-0.6182646469743472,-0.911310674287764,0.21058638994196582,1.0953268715469546,-0.8828162337175963,-0.707102420612748,2.984492948497668,-0.4814607612315388,-0.9242933063529105,0.9841231756854657,0
-0.634918112038349,-1.1099901739376037,0.8491410419312149,-0.8316512428520213,-0.404365943111267,0.9048055324001227,-1.042512820865339,0.853056793629862,-0.22707321919485376,-0.34097028968400567,-0.997471732522988,-0.8647672093159696,0.9841231756854657,0
-0.9738162891597597,0.9009088760241706,0.8491410419312149,-0.8161905059245314,-0.911310674287764,0.9048055324001227,-1.042512820865339,0.2744324511807092,-1.4724636648314886,-0.34097028968400567,-0.7394662468772634,0.801963507718375,-1.0161329645585022,0
-0.9738162891597597,-1.1099901739376037,0.8491410419312149,-0.808673334548142,-0.911310674287764,0.9048055324001227,-1.042512820865339,0.2744324511807092,-1.7510820125076092,-0.45564143582820127,-0.997471732522988,-0.7457150152420878,0.9841231756854657,0
-0.634918112038349,0.9009088760241706,0.8491410419312149,-0.8033513035526731,-0.911310674287764,0.9048055324001227,-1.042512820865339,-0.8828162337175963,-1.0092187012254088,-0.45564143582820127,-0.7394662468772634,-0.9242933063529105,0.9841231756854657,0
-0.9738162891597597,0.9009088760241706,1.5251962127575889,-0.6261766277717654,-0.911310674287764,0.21058638994196582,0.38271364074285674,0.853056793629862,-0.3680608168140954,1.8377814870557112,-0.997471732522988,-0.40840046536608954,0.9841231756854657,0
-0.634918112038349,0.9009088760241706,0.8491410419312149,-0.67153233405956,-0.911310674287764,0.9048055324001227,-1.042512820865339,-0.8828162337175963,-1.6705176710108995,-0.6849837281165926,-0.7394662468772634,0.286070666731554,0.9841231756854657,0
-0.9738162891597597,0.9009088760241706,-1.179024470547907,-0.6770280812002816,-0.911310674287764,0.9048055324001227,-1.042512820865339,0.2744324511807092,0.001192415045823164,-0.6849837281165926,-0.4814607612315388,-0.09092794783573821,0.9841231756854657,0
-0.634918112038349,0.9009088760241706,-0.502969299721533,-0.6823501121957505,-0.911310674287764,0.9048055324001227,-1.042512820865339,-1.461440576166749,2.780662196682302,-0.6849837281165926,-0.997471732522988,0.5241750548793175,-1.0161329645585022,1
-0.634918112038349,0.9009088760241706,1.5251962127575889,-0.6850348162587467,-0.06640278899360229,0.9048055324001227,-1.042512820865339,0.853056793629862,-1.1804179269059165,-0.6849837281165926,-0.7394662468772634,-0.15045404487267908,0.9841231756854657,0
-0.9738162891597597,0.9009088760241706,0.8491410419312149,-0.6217389698794011,-0.911310674287764,-1.177851894974348,-0.11215665842665565,1.4316811360790147,-0.11965409719924096,0.9204123179021463,-0.4814607612315388,-1.6386064707962011,0.9841231756854657,0
-0.8043672005990544,-1.1099901739376037,0.8491410419312149,-0.6793021834654078,-0.7423290972289317,0.9048055324001227,-1.042512820865339,1.4316811360790147,-1.1804179269059165,-0.6849837281165926,-0.997471732522988,-1.2417658238832618,-1.0161329645585022,0
-0.634918112038349,-1.1099901739376037,0.8491410419312149,-0.6776281915202454,-0.404365943111267,0.9048055324001227,-1.042512820865339,0.853056793629862,-0.21364582894540246,-0.6849837281165926,-0.997471732522988,-1.4600281796853785,0.9841231756854657,0
-0.8043672005990544,0.9009088760241706,-0.502969299721533,-0.6754804282698486,-0.911310674287764,0.9048055324001227,-1.042512820865339,0.2744324511807092,-1.7510820125076092,-0.6849837281165926,-0.7394662468772634,-1.3012919209202027,0.9841231756854657,0
-0.46546902347764374,-1.1099901739376037,-1.179024470547907,-0.6791284673201551,-0.7423290972289317,0.9048055324001227,-1.042512820865339,-1.461440576166749,0.6624913848313142,-0.6849837281165926,-0.7394662468772634,0.16701847265767225,0.9841231756854657,0
-0.8043672005990544,0.9009088760241706,0.8491410419312149,-0.6768859498087112,-0.5733475201700994,0.9048055324001227,-1.042512820865339,0.2744324511807092,1.407711543675877,-0.6849837281165926,-0.997471732522988,-0.15045404487267908,-1.0161329645585022,1
-1.143265377720465,0.9009088760241706,-1.179024470547907,-0.6731115717436754,-0.911310674287764,0.9048055324001227,-1.042512820865339,0.853056793629862,-0.4654093961226198,-0.6849837281165926,-0.4814607612315388,-0.09092794783573821,-1.0161329645585022,0
-0.46546902347764374,-1.1099901739376037,0.8491410419312149,-0.6805181964821767,-0.23538436605243465,0.9048055324001227,-1.042512820865339,0.853056793629862,0.8739727812601764,-0.6849837281165926,-0.997471732522988,-0.9441353386985575,0.9841231756854657,0
-0.9738162891597597,-1.1099901739376037,-0.502969299721533,-0.6774386829981516,-0.911310674287764,0.9048055324001227,-1.042512820865339,0.853056793629862,0.03811773823181484,-0.6849837281165926,-0.7394662468772634,-0.8449251769703227,0.9841231756854657,0
-1.143265377720465,-1.1099901739376037,0.8491410419312149,-0.6728115165836934,-0.911310674287764,0.9048055324001227,-1.042512820865339,-0.8828162337175963,1.7836784706605218,-0.6849837281165926,-0.7394662468772634,0.06780831092943747,0.9841231756854657,0
-0.634918112038349,0.9009088760241706,0.8491410419312149,-0.6825238283410032,-0.911310674287764,0.9048055324001227,-1.042512820865339,0.2744324511807092,0.2865244578466693,-0.6849837281165926,-0.4814607612315388,0.4448069254967297,0.9841231756854657,0
-0.634918112038349,-1.1099901739376037,-1.179024470547907,-0.6771386278381697,-0.911310674287764,0.9048055324001227,-1.042512820865339,-1.461440576166749,0.9981761410676039,-0.6849837281165926,-0.997471732522988,0.4249648931510827,-1.0161329645585022,1
-0.46546902347764374,-1.1099901739376037,-0.502969299721533,-0.6781651323328447,-0.404365943111267,0.9048055324001227,-1.042512820865339,0.2744324511807092,0.001192415045823164,-0.6849837281165926,-0.4814607612315388,-2.5116558940046674,0.9841231756854657,0
-1.143265377720465,-1.1099901739376037,0.8491410419312149,-0.6213757452120546,-0.911310674287764,0.21058638994196582,-1.121692068732461,0.853056793629862,-1.6705176710108995,-0.9143260204049839,-0.4814607612315388,-0.15045404487267908,0.9841231756854657,0
-0.46546902347764374,0.9009088760241706,-1.179024470547907,-0.6193859057300692,-0.404365943111267,-1.177851894974348,-0.2507203421941191,-0.8828162337175963,-1.4724636648314886,0.6910700256137552,-0.4814607612315388,-0.03140185079879733,0.9841231756854657,0
-1.143265377720465,-1.1099901739376037,-1.179024470547907,-0.6169222949428491,-0.911310674287764,-1.177851894974348,-1.2008713165995828,-0.3041918912684436,1.0955247203761276,-1.0289971665491795,-0.4814607612315388,-1.0036614357354983,-1.0161329645585022,1
-0.46546902347764374,-1.1099901739376037,-1.179024470547907,-0.6855243799408225,-0.7423290972289317,0.9048055324001227,-1.042512820865339,-0.3041918912684436,0.4040141225293712,-0.6849837281165926,-0.4814607612315388,0.8416475724096689,-1.0161329645585022,1
-1.143265377720465,-1.1099901739376037,-0.502969299721533,-0.681986887528404,-0.7423290972289317,0.9048055324001227,-1.042512820865339,-0.8828162337175963,0.2965950005337584,-0.6849837281165926,-0.4814607612315388,0.5837011519162584,0.9841231756854657,0
-0.46546902347764374,-1.1099901739376037,0.8491410419312149,-0.6237919788687512,-0.5733475201700994,-1.177851894974348,-1.042512820865339,0.2744324511807092,0.3301634761573873,-0.7996548742607882,-0.997471732522988,-0.22982217425526694,0.9841231756854657,0
-0.634918112038349,0.9009088760241706,-1.179024470547907,-0.6583456993971963,-0.404365943111267,0.9048055324001227,-1.042512820865339,0.2744324511807092,1.5486991412951188,-0.6849837281165926,-0.4814607612315388,0.40512286080543575,-1.0161329645585022,0
-0.46546902347764374,0.9009088760241706,-0.502969299721533,-0.6253712165528665,-0.23538436605243465,-1.177851894974348,-0.7257958293968509,1.4316811360790147,-0.8447331706696268,-0.2262991435398101,-0.7394662468772634,-0.40840046536608954,-1.0161329645585022,0
-0.2960199349169384,-1.1099901739376037,0.8491410419312149,-0.6585667926729725,-0.404365943111267,0.9048055324001227,-1.042512820865339,0.2744324511807092,0.790051592201104,-0.6849837281165926,-0.4814607612315388,0.028124246238143545,-1.0161329645585022,1
-0.2960199349169384,-1.1099901739376037,-0.502969299721533,-0.6191806048311342,-0.23538436605243465,0.21058638994196582,0.0897504236345054,1.4316811360790147,-0.8447331706696268,1.2644257563347332,-0.997471732522988,0.32575473142284794,0.9841231756854657,0
-0.9738162891597597,0.9009088760241706,0.8491410419312149,-0.6516497316165469,-0.7423290972289317,0.9048055324001227,-1.042512820865339,-0.8828162337175963,0.2865244578466693,-0.6849837281165926,-0.4814607612315388,-2.3529196352394917,0.9841231756854657,0
-0.8043672005990544,0.9009088760241706,-0.502969299721533,-0.6607935178075752,-0.7423290972289317,0.9048055324001227,-1.042512820865339,-0.8828162337175963,0.2965950005337584,-0.6849837281165926,-0.997471732522988,0.6630692812988462,0.9841231756854657,0
-0.9738162891597597,-1.1099901739376037,-1.179024470547907,-0.6532763464311858,-0.911310674287764,0.9048055324001227,-1.042512820865339,-1.461440576166749,-1.1166378232210217,-0.6849837281165926,-0.4814607612315388,0.14717644031202531,0.9841231756854657,0
-0.8043672005990544,0.9009088760241706,0.8491410419312149,-0.6154062267660984,-0.7423290972289317,-1.177851894974348,-0.19925383108048983,0.853056793629862,1.6729025011025462,0.6910700256137552,-0.7394662468772634,0.9210157017922567,-1.0161329645585022,0
-0.634918112038349,-1.1099901739376037,0.8491410419312149,-0.6191174353237696,-0.404365943111267,-1.177851894974348,-1.3196401884002658,0.853056793629862,2.780662196682302,-1.2583394588375707,-0.4814607612315388,-0.4282424977117365,0.9841231756854657,0
-0.8043672005990544,-1.1099901739376037,0.8491410419312149,-0.6200491855573976,-0.5733475201700994,-1.177851894974348,-0.2507203421941191,-0.8828162337175963,-1.1804179269059165,0.6910700256137552,-0.7394662468772634,1.1988041546313142,-1.0161329645585022,0
-0.46546902347764374,0.9009088760241706,-1.179024470547907,-0.6361100328048513,-0.911310674287764,0.9048055324001227,-1.042512820865339,-1.461440576166749,-0.6936750303632967,-0.6849837281165926,-0.7394662468772634,0.305912699077201,0.9841231756854657,0
-0.634918112038349,0.9009088760241706,1.5251962127575889,-0.6359994861669633,-0.7423290972289317,0.9048055324001227,-1.042512820865339,0.2744324511807092,0.4308689030282738,-0.6849837281165926,-0.997471732522988,0.782121475372728,-1.0161329645585022,0
-0.634918112038349,-1.1099901739376037,-1.179024470547907,-0.6184225707427587,-0.7423290972289317,-1.177851894974348,-1.1929533918128707,-0.3041918912684436,0.8336906105118219,-1.0289971665491795,-0.997471732522988,-0.20998014190961997,-1.0161329645585022,1
-0.46546902347764374,-1.1099901739376037,-1.179024470547907,-0.6405634830740569,-0.404365943111267,0.9048055324001227,-1.042512820865339,-1.461440576166749,-0.5661148229935064,-0.6849837281165926,-0.997471732522988,0.9210157017922567,0.9841231756854657,0
-0.8043672005990544,-1.1099901739376037,0.8491410419312149,-0.6309459255777939,-0.7423290972289317,0.9048055324001227,-1.042512820865339,1.4316811360790147,-0.33784918875282943,-0.6849837281165926,-0.997471732522988,0.16701847265767225,0.9841231756854657,0
-0.9738162891597597,0.9009088760241706,-1.179024470547907,-0.6311986036072524,-0.911310674287764,0.9048055324001227,-1.042512820865339,0.853056793629862,1.8273174889712391,-0.6849837281165926,-0.7394662468772634,0.5638591195706114,0.9841231756854657,0
-0.2960199349169384,-1.1099901739376037,-1.179024470547907,-0.6246131824644912,-0.5733475201700994,0.9048055324001227,-1.042512820865339,1.4316811360790147,-0.0860856215756121,-0.7996548742607882,-0.997471732522988,0.16701847265767225,0.9841231756854657,0
-0.2960199349169384,-1.1099901739376037,-1.179024470547907,-0.6147113621850876,-0.5733475201700994,0.9048055324001227,-1.042512820865339,0.2744324511807092,-1.6839450612603513,-0.7996548742607882,-0.4814607612315388,-0.26950623894656084,0.9841231756854657,0
-0.9738162891597597,0.9009088760241706,-0.502969299721533,-0.6201281474416034,-0.911310674287764,-1.177851894974348,0.4420980766431982,-1.461440576166749,-1.2475548781531747,1.8377814870557112,-0.997471732522988,0.801963507718375,-1.0161329645585022,0
-0.46546902347764374,-1.1099901739376037,0.8491410419312149,-0.6261766277717654,-0.404365943111267,0.9048055324001227,-1.042512820865339,1.4316811360790147,-1.6839450612603513,-0.7996548742607882,-0.997471732522988,0.3654387961141419,-1.0161329645585022,0
-0.46546902347764374,0.9009088760241706,0.8491410419312149,-0.629003463226332,-0.06640278899360229,0.9048055324001227,-1.042512820865339,0.853056793629862,-0.018948670328354386,-0.7996548742607882,-0.4814607612315388,-1.0036614357354983,-1.0161329645585022,0
-0.2960199349169384,-1.1099901739376037,0.17308587110484092,-0.6150903792292752,-0.06640278899360229,0.9048055324001227,-1.042512820865339,-0.8828162337175963,0.03811773823181484,-0.7996548742607882,-0.997471732522988,1.35754041339649,-1.0161329645585022,0
-0.8043672005990544,-1.1099901739376037,0.8491410419312149,-0.6010983333480128,-0.5733475201700994,0.9048055324001227,-1.042512820865339,1.4316811360790147,-0.33784918875282943,-0.7996548742607882,-0.4814607612315388,0.4249648931510827,0.9841231756854657,0
-0.9738162891597597,0.9009088760241706,-0.502969299721533,-0.5936285391021469,-0.911310674287764,0.9048055324001227,-1.042512820865339,-1.461440576166749,0.27645391515958084,-0.7996548742607882,-0.997471732522988,0.10749237562073138,0.9841231756854657,0
-0.46546902347764374,-1.1099901739376037,-1.179024470547907,-0.6955841239886377,-0.7423290972289317,0.9048055324001227,-1.042512820865339,0.2744324511807092,-1.4724636648314886,-0.6849837281165926,-0.997471732522988,-0.6465048535138531,-1.0161329645585022,1
-0.9738162891597597,-1.1099901739376037,-0.502969299721533,-0.5807735443534474,-0.23538436605243465,0.9048055324001227,-1.042512820865339,-0.8828162337175963,0.001192415045823164,-0.7996548742607882,-0.997471732522988,0.305912699077201,-1.0161329645585022,0
-0.8043672005990544,-1.1099901739376037,0.8491410419312149,-0.5819737649933752,-0.7423290972289317,0.9048055324001227,-1.042512820865339,0.853056793629862,0.954537122756886,-0.7996548742607882,-0.7394662468772634,0.0479662785837905,0.9841231756854657,0
-0.9738162891597597,0.9009088760241706,-0.502969299721533,-0.5840899434900898,-0.911310674287764,0.9048055324001227,-1.042512820865339,-0.8828162337175963,-0.33449234119046656,-0.7996548742607882,-0.997471732522988,-2.03544711770914,0.9841231756854657,0
-0.9738162891597597,0.9009088760241706,0.8491410419312149,-0.6940680558118869,-0.911310674287764,0.9048055324001227,-1.042512820865339,-1.461440576166749,0.769910506826927,-0.6849837281165926,-0.997471732522988,0.08765034327508442,-1.0161329645585022,1
-0.634918112038349,0.9009088760241706,0.8491410419312149,-0.5814052394270937,-0.7423290972289317,0.9048055324001227,-1.042512820865339,-1.461440576166749,-0.08944246913797492,-0.7996548742607882,-0.997471732522988,-1.2219237915376149,0.9841231756854657,0
-0.9738162891597597,-1.1099901739376037,0.8491410419312149,-0.5664024814279972,-0.911310674287764,0.9048055324001227,-1.042512820865339,0.853056793629862,0.23617174441122635,-0.7996548742607882,-0.7394662468772634,-0.3488743683291487,0.9841231756854657,0
-0.8043672005990544,-1.1099901739376037,-1.179024470547907,-0.5595327975020952,-0.911310674287764,0.9048055324001227,-1.042512820865339,0.2744324511807092,-1.2475548781531747,-0.7996548742607882,-0.7394662468772634,0.6630692812988462,-1.0161329645585022,0
-0.2960199349169384,-1.1099901739376037,-1.179024470547907,-0.5623280482029794,0.2715603651240624,0.9048055324001227,-1.042512820865339,-0.8828162337175963,-1.0495008719737637,-0.7996548742607882,-0.4814607612315388,0.14717644031202531,0.9841231756854657,0
-0.634918112038349,-1.1099901739376037,1.5251962127575889,-0.5616173912451276,-0.5733475201700994,0.9048055324001227,-1.042512820865339,-0.8828162337175963,0.9780350556934264,-0.7996548742607882,-0.7394662468772634,1.5162766721616654,0.9841231756854657,0
-0.8043672005990544,0.9009088760241706,-1.179024470547907,-0.6220548174162243,-0.5733475201700994,-1.177851894974348,-1.042512820865339,-1.461440576166749,1.1223795008750308,-0.7996548742607882,-0.7394662468772634,-0.26950623894656084,0.9841231756854657,0
-0.634918112038349,-1.1099901739376037,-1.179024470547907,-0.5546845378118609,-0.5733475201700994,0.9048055324001227,-1.042512820865339,-1.461440576166749,-0.5627579754311435,-0.7996548742607882,-0.997471732522988,-1.202081759191968,0.9841231756854657,0
-0.46546902347764374,0.9009088760241706,0.8491410419312149,-0.5497573162374209,-0.404365943111267,0.9048055324001227,-1.042512820865339,0.2744324511807092,0.23617174441122635,-0.7996548742607882,-0.997471732522988,0.18686050500331922,-1.0161329645585022,0
-1.143265377720465,0.9009088760241706,-0.502969299721533,-0.6256396869591662,-0.911310674287764,-1.177851894974348,-0.2823920413409679,0.853056793629862,-0.37813135950118393,0.5763988794695595,-0.997471732522988,0.20670253734896618,0.9841231756854657,0
-1.143265377720465,0.9009088760241706,0.8491410419312149,-0.54454583187984,-0.911310674287764,0.9048055324001227,-1.042512820865339,-0.8828162337175963,-1.5496711587658354,-0.7996548742607882,-0.7394662468772634,0.5440170872249644,0.9841231756854657,0
-0.46546902347764374,-1.1099901739376037,-0.502969299721533,-0.6597828056897413,-0.404365943111267,0.9048055324001227,-1.042512820865339,-0.3041918912684436,0.001192415045823164,-0.6849837281165926,-0.4814607612315388,0.6829113136444932,-1.0161329645585022,1
-0.634918112038349,-1.1099901739376037,1.5251962127575889,-0.5206361733423327,-0.23538436605243465,0.9048055324001227,-1.042512820865339,-0.8828162337175963,0.6893461653302174,-0.9143260204049839,-0.4814607612315388,0.8813316371009629,0.9841231756854657,0
-1.143265377720465,-1.1099901739376037,1.5251962127575889,-0.5236525173189931,-0.404365943111267,0.9048055324001227,-1.042512820865339,-1.461440576166749,-1.328119219649884,-0.9143260204049839,-0.4814607612315388,0.32575473142284794,-1.0161329645585022,0
-0.9738162891597597,0.9009088760241706,-1.179024470547907,-0.5251527931189027,-0.911310674287764,0.9048055324001227,-1.042512820865339,-0.8828162337175963,-0.2438574570066685,-0.9143260204049839,-0.7394662468772634,0.4249648931510827,0.9841231756854657,0
-0.9738162891597597,-1.1099901739376037,-1.179024470547907,-0.62418678828978,-0.911310674287764,-1.177851894974348,0.4618928886099787,-0.8828162337175963,1.092167872813765,1.952452633199907,-0.997471732522988,0.5440170872249644,-1.0161329645585022,0
-0.634918112038349,-1.1099901739376037,1.5251962127575889,-0.6226549277361881,-0.23538436605243465,-1.177851894974348,-0.2309255302273386,0.2744324511807092,-0.811164695045998,0.6910700256137552,-0.4814607612315388,0.5043330225336705,0.9841231756854657,0
-0.46546902347764374,-1.1099901739376037,0.8491410419312149,-0.6218337241404481,-0.7423290972289317,-1.177851894974348,-0.8208109268373974,-0.8828162337175963,-1.0092187012254088,-0.34097028968400567,-0.7394662468772634,-0.13061201252703214,0.9841231756854657,0
-0.634918112038349,0.9009088760241706,-1.179024470547907,-0.5252159626262674,-0.23538436605243465,0.9048055324001227,-1.042512820865339,0.853056793629862,2.1999275683935204,-0.9143260204049839,-0.997471732522988,-0.09092794783573821,0.9841231756854657,0
-0.46546902347764374,0.9009088760241706,1.5251962127575889,-0.5120135355870625,-0.404365943111267,0.9048055324001227,-1.042512820865339,0.853056793629862,-1.2475548781531747,-0.9143260204049839,-0.7394662468772634,-0.20998014190961997,0.9841231756854657,0
-0.634918112038349,0.9009088760241706,0.8491410419312149,-0.6279295816011335,-0.23538436605243465,-1.177851894974348,-0.8841543251310949,1.4316811360790147,0.6826324702054911,-0.45564143582820127,-0.4814607612315388,0.32575473142284794,-1.0161329645585022,0
-0.2960199349169384,-1.1099901739376037,0.8491410419312149,-0.6208230120226143,-0.06640278899360229,0.9048055324001227,-1.042512820865339,0.2744324511807092,0.16232109803924238,-0.7996548742607882,-0.7394662468772634,0.7027533459901402,-1.0161329645585022,1
-0.9738162891597597,-1.1099901739376037,0.8491410419312149,-0.49053590308309303,-0.911310674287764,0.9048055324001227,-1.042512820865339,0.853056793629862,1.1223795008750308,-0.9143260204049839,-0.7394662468772634,-0.13061201252703214,0.9841231756854657,0
-0.2960199349169384,-1.1099901739376037,-0.502969299721533,-0.6226075506056646,-0.7423290972289317,-1.177851894974348,-0.4090788379283631,0.853056793629862,-1.2005590122800942,0.3470565871811683,-0.4814607612315388,1.0003838311748445,-1.0161329645585022,0
-0.8043672005990544,0.9009088760241706,-1.179024470547907,-0.6240288645213685,-0.7423290972289317,0.21058638994196582,0.4143853398897055,-0.8828162337175963,-0.005521280078902488,1.8377814870557112,-0.4814607612315388,-0.13061201252703214,-1.0161329645585022,0
-0.8043672005990544,0.9009088760241706,0.8491410419312149,-0.48647726223491644,-0.911310674287764,0.9048055324001227,-1.042512820865339,0.853056793629862,0.8336906105118219,-0.9143260204049839,-0.7394662468772634,-0.26950623894656084,-1.0161329645585022,0
-0.634918112038349,0.9009088760241706,-0.502969299721533,-0.48402944382453755,-0.404365943111267,0.9048055324001227,-1.042512820865339,0.853056793629862,-0.08944246913797492,-0.9143260204049839,-0.7394662468772634,0.5837011519162584,0.9841231756854657,0
-0.8043672005990544,0.9009088760241706,0.8491410419312149,-0.6204439949784265,-0.911310674287764,-1.177851894974348,-0.09236184645987515,-1.461440576166749,1.7736079279734327,0.9204123179021463,-0.7394662468772634,0.6432272489531993,-1.0161329645585022,1
-1.143265377720465,0.9009088760241706,-1.179024470547907,-0.4906780344746634,-0.911310674287764,0.9048055324001227,-1.042512820865339,1.4316811360790147,0.001192415045823164,-0.9143260204049839,-0.7394662468772634,0.10749237562073138,0.9841231756854657,0
-1.143265377720465,0.9009088760241706,-1.179024470547907,-0.6158010361871272,-0.911310674287764,-1.177851894974348,-0.5001349729755533,0.853056793629862,-0.46205254856025635,0.23238544103697253,-0.7394662468772634,0.7027533459901402,-1.0161329645585022,0
-0.46546902347764374,-1.1099901739376037,-1.179024470547907,-0.4861140375675699,-0.5733475201700994,0.9048055324001227,-1.042512820865339,0.2744324511807092,-0.25392799969375696,-0.9143260204049839,-0.997471732522988,-0.32903233598350173,0.9841231756854657,0
-0.634918112038349,0.9009088760241706,-0.502969299721533,-0.4863193384665049,-0.911310674287764,0.9048055324001227,-1.042512820865339,0.2744324511807092,1.0787404825643134,-0.9143260204049839,-0.4814607612315388,-0.011559818453150373,0.9841231756854657,0
-0.9738162891597597,-1.1099901739376037,1.5251962127575889,-0.5434245731241181,-0.911310674287764,0.9048055324001227,-1.042512820865339,-1.461440576166749,3.018998373610068,-0.7996548742607882,-0.997471732522988,0.20670253734896618,-1.0161329645585022,1
-0.8043672005990544,0.9009088760241706,-1.179024470547907,-0.4306985872319602,-0.23538436605243465,0.9048055324001227,-1.042512820865339,-0.8828162337175963,-0.8447331706696268,-0.9143260204049839,-0.4814607612315388,0.32575473142284794,0.9841231756854657,0
-0.9738162891597597,0.9009088760241706,0.8491410419312149,-0.5423191067452373,-0.911310674287764,0.9048055324001227,-1.042512820865339,-1.461440576166749,0.03476089066945202,-0.7996548742607882,-0.997471732522988,-0.5671367241312653,-1.0161329645585022,1
-0.8043672005990544,0.9009088760241706,0.8491410419312149,-0.5434087807472769,-0.911310674287764,0.9048055324001227,-1.042512820865339,-0.8828162337175963,-0.0860856215756121,-0.7996548742607882,-0.4814607612315388,-3.4442314142500745,-1.0161329645585022,1
-0.46546902347764374,-1.1099901739376037,-0.502969299721533,-0.42613459032486667,-0.5733475201700994,0.9048055324001227,-1.042512820865339,0.853056793629862,0.9377528849450718,-0.9143260204049839,-0.7394662468772634,1.8337491896920168,0.9841231756854657,0
-0.9738162891597597,-1.1099901739376037,0.8491410419312149,-0.43060383297091326,-0.911310674287764,0.9048055324001227,-1.042512820865339,-0.8828162337175963,0.9108981044461687,-0.9143260204049839,-0.7394662468772634,0.40512286080543575,-1.0161329645585022,0
-0.9738162891597597,-1.1099901739376037,-0.502969299721533,-0.41961233868947,-0.404365943111267,0.9048055324001227,-1.042512820865339,-0.8828162337175963,-1.8752853723150364,-0.9143260204049839,-0.7394662468772634,-1.2219237915376149,0.9841231756854657,0
-0.634918112038349,-1.1099901739376037,0.8491410419312149,-0.4231182463482062,-0.5733475201700994,0.9048055324001227,-1.042512820865339,0.853056793629862,-1.0092187012254088,-0.9143260204049839,-0.997471732522988,-0.5472946917856183,0.9841231756854657,0
-1.143265377720465,0.9009088760241706,0.8491410419312149,-0.6154536038966218,-0.911310674287764,-1.177851894974348,0.25602684415546156,1.4316811360790147,0.9780350556934264,1.4937680486231246,-0.4814607612315388,0.5241750548793175,-1.0161329645585022,1
-0.8043672005990544,-1.1099901739376037,0.8491410419312149,-0.40817865785647445,-0.911310674287764,0.9048055324001227,-1.042512820865339,0.2744324511807092,0.16232109803924238,-0.9143260204049839,-0.7394662468772634,-0.8846092416616166,0.9841231756854657,0
-0.8043672005990544,0.9009088760241706,0.8491410419312149,-0.4114318874857522,-0.7423290972289317,0.9048055324001227,-1.042512820865339,0.2744324511807092,-0.5896127559300467,-0.9143260204049839,-0.7394662468772634,0.028124246238143545,0.9841231756854657,0
-0.8043672005990544,0.9009088760241706,-0.502969299721533,-0.6109369841200517,-0.911310674287764,0.21058638994196582,-0.09236184645987515,1.4316811360790147,0.860545391010725,0.9204123179021463,-0.4814607612315388,-1.3211339532658497,0.9841231756854657,0
-0.46546902347764374,0.9009088760241706,0.8491410419312149,-0.6216915927488776,-0.911310674287764,-1.177851894974348,-0.7257958293968509,1.4316811360790147,-1.4993184453303918,-0.2262991435398101,-0.997471732522988,0.3455967637684949,-1.0161329645585022,0
-0.634918112038349,0.9009088760241706,-0.502969299721533,-0.6187857954101054,-0.911310674287764,0.21058638994196582,0.4223032646764177,1.4316811360790147,0.7061304031420315,1.8377814870557112,-0.4814607612315388,-2.094973214746081,0.9841231756854657,0
-0.634918112038349,-1.1099901739376037,-0.502969299721533,-0.6135111415451598,-0.911310674287764,-1.177851894974348,-0.5674373336626071,-1.461440576166749,-0.1397951825734185,0.1177142948927768,-0.7394662468772634,-0.9838194033898514,0.9841231756854657,0
-0.634918112038349,-1.1099901739376037,-1.179024470547907,-0.6166538245365495,-0.5733475201700994,-1.177851894974348,-1.121692068732461,-0.3041918912684436,-1.2979075915886182,-0.9143260204049839,-0.7394662468772634,-0.190138109563973,0.9841231756854657,0
-0.46546902347764374,0.9009088760241706,-1.179024470547907,-0.39237048863847923,-0.06640278899360229,0.9048055324001227,-1.042512820865339,0.2744324511807092,-1.0427871768490378,-1.0289971665491795,-0.4814607612315388,0.008282213892496587,0.9841231756854657,0
-0.634918112038349,-1.1099901739376037,1.5251962127575889,-0.6130847473704487,-0.5733475201700994,-1.177851894974348,0.06599664927436881,-0.3041918912684436,0.001192415045823164,1.1497546101905376,-0.4814607612315388,1.1988041546313142,0.9841231756854657,0
-0.634918112038349,-1.1099901739376037,1.5251962127575889,-0.39202305634797385,-0.911310674287764,0.9048055324001227,-1.042512820865339,0.2744324511807092,-1.1804179269059165,-1.0289971665491795,-0.4814607612315388,-0.3488743683291487,0.9841231756854657,0
-0.634918112038349,0.9009088760241706,0.8491410419312149,-0.38911725900920147,-0.5733475201700994,0.9048055324001227,-1.042512820865339,-1.461440576166749,-0.34120603631519225,-1.0289971665491795,-0.4814607612315388,0.08765034327508442,0.9841231756854657,0
-0.9738162891597597,0.9009088760241706,0.8491410419312149,-0.392038848724815,-0.5733475201700994,0.9048055324001227,-1.042512820865339,0.853056793629862,0.3301634761573873,-1.0289971665491795,-0.4814607612315388,-0.8052411122790287,0.9841231756854657,0
-0.2960199349169384,0.9009088760241706,0.8491410419312149,-0.5043068556885794,-0.23538436605243465,0.9048055324001227,-1.042512820865339,-0.8828162337175963,0.001192415045823164,-0.9143260204049839,-0.997471732522988,-0.8647672093159696,-1.0161329645585022,1
-0.634918112038349,-1.1099901739376037,1.5251962127575889,-0.5051754364148429,-0.404365943111267,0.9048055324001227,-1.042512820865339,0.2744324511807092,1.2096575374964662,-0.9143260204049839,-0.4814607612315388,0.9606997664835506,-1.0161329645585022,1
-0.9738162891597597,-1.1099901739376037,-1.179024470547907,-0.3918809249564034,-0.23538436605243465,0.9048055324001227,-1.042512820865339,-0.8828162337175963,0.001192415045823164,-1.0289971665491795,-0.7394662468772634,1.4765926074703717,0.9841231756854657,0
-0.634918112038349,0.9009088760241706,-1.179024470547907,-0.393270654118425,-0.5733475201700994,0.9048055324001227,-1.042512820865339,1.4316811360790147,-0.5661148229935064,-1.0289971665491795,-0.997471732522988,0.40512286080543575,0.9841231756854657,0
-1.143265377720465,0.9009088760241706,-0.502969299721533,-0.4970423623416485,-0.911310674287764,0.9048055324001227,-1.042512820865339,0.2744324511807092,0.8941138666343539,-0.9143260204049839,-0.997471732522988,0.9805417988291976,-1.0161329645585022,1
-0.8043672005990544,-1.1099901739376037,-1.179024470547907,-0.6107790603516402,-0.06640278899360229,-1.177851894974348,-0.8524826259842462,0.2744324511807092,0.001192415045823164,-0.45564143582820127,-0.7394662468772634,-0.44808453005738347,0.9841231756854657,0
-0.634918112038349,0.9009088760241706,-1.179024470547907,-0.4884197245863784,-0.7423290972289317,0.9048055324001227,-1.042512820865339,-0.8828162337175963,0.001192415045823164,-0.9143260204049839,-0.7394662468772634,1.2186461869769611,-1.0161329645585022,1
-0.46546902347764374,-1.1099901739376037,-1.179024470547907,-0.615469396273463,-0.404365943111267,-1.177851894974348,-0.38928402596158257,0.2744324511807092,-1.173704231781191,0.3470565871811683,-0.7394662468772634,0.4448069254967297,-1.0161329645585022,0
-0.9738162891597597,-1.1099901739376037,-0.502969299721533,-0.6123425056589145,-0.911310674287764,0.21058638994196582,-0.7257958293968509,0.2744324511807092,2.431550050196561,-0.2262991435398101,-0.997471732522988,0.6233852166075523,0.9841231756854657,0
-0.634918112038349,0.9009088760241706,-1.179024470547907,-0.6124846370504848,-0.911310674287764,-1.177851894974348,-1.121692068732461,0.853056793629862,-0.707102420612748,-0.9143260204049839,-0.997471732522988,0.32575473142284794,0.9841231756854657,0
-0.634918112038349,0.9009088760241706,0.8491410419312149,-0.4842979142308372,-0.5733475201700994,0.9048055324001227,-1.042512820865339,-0.8828162337175963,2.102578989084997,-0.9143260204049839,-0.997471732522988,0.32575473142284794,-1.0161329645585022,1
-0.46546902347764374,-1.1099901739376037,1.5251962127575889,-0.37209307677443737,-0.7423290972289317,0.9048055324001227,-1.042512820865339,0.2744324511807092,0.001192415045823164,-1.0289971665491795,-0.7394662468772634,0.26622863438590705,0.9841231756854657,0
-0.8043672005990544,0.9009088760241706,-1.179024470547907,-0.6089787293917487,-0.911310674287764,-1.177851894974348,-0.2507203421941191,0.853056793629862,-1.3482603050240614,0.5763988794695595,-0.997471732522988,0.2463866020402601,0.9841231756854657,0
-0.9738162891597597,0.9009088760241706,0.8491410419312149,-0.35664813222378866,-0.911310674287764,0.9048055324001227,-1.042512820865339,-0.8828162337175963,-1.4724636648314886,-1.0289971665491795,-0.997471732522988,-0.09092794783573821,0.9841231756854657,0
-1.143265377720465,-1.1099901739376037,-0.502969299721533,-0.34928888461581087,-0.911310674287764,0.9048055324001227,-1.042512820865339,0.853056793629862,0.9780350556934264,-1.0289971665491795,-0.997471732522988,0.5638591195706114,-1.0161329645585022,0
-0.46546902347764374,0.9009088760241706,-0.502969299721533,-0.6144270994019468,-0.911310674287764,0.21058638994196582,0.026407025340807817,1.4316811360790147,0.001192415045823164,1.1497546101905376,-0.7394662468772634,-0.6465048535138531,0.9841231756854657,0
-0.2960199349169384,-1.1099901739376037,-0.502969299721533,-0.3446143410708293,0.2715603651240624,0.9048055324001227,-1.042512820865339,1.4316811360790147,-1.4254677989584081,-1.0289971665491795,-0.997471732522988,0.12733440796637835,0.9841231756854657,0
-0.8043672005990544,0.9009088760241706,0.8491410419312149,-0.6123109209052322,-0.5733475201700994,-1.177851894974348,-0.8841543251310949,-1.461440576166749,1.2700807936189982,-0.45564143582820127,-0.997471732522988,-0.24966420660091387,0.9841231756854657,0
-0.634918112038349,0.9009088760241706,-1.179024470547907,-0.45159190179280706,-0.911310674287764,0.9048055324001227,-1.042512820865339,-1.461440576166749,0.001192415045823164,-0.9143260204049839,-0.7394662468772634,-0.46792656240303043,-1.0161329645585022,1
-0.634918112038349,0.9009088760241706,0.8491410419312149,-0.6059150082845648,-0.23538436605243465,-1.177851894974348,0.38271364074285674,1.4316811360790147,-1.8752853723150364,1.7231103409115156,-0.997471732522988,0.286070666731554,0.9841231756854657,0
-0.46546902347764374,0.9009088760241706,0.8491410419312149,-0.33760252575335686,-0.404365943111267,0.9048055324001227,-1.042512820865339,-1.461440576166749,0.001192415045823164,-1.0289971665491795,-0.4814607612315388,-0.46792656240303043,0.9841231756854657,0
-0.9738162891597597,0.9009088760241706,1.5251962127575889,-0.3338123553114799,-0.7423290972289317,0.9048055324001227,-1.042512820865339,0.853056793629862,1.2700807936189982,-1.0289971665491795,-0.997471732522988,-2.8489704438806656,0.9841231756854657,0
-0.46546902347764374,-1.1099901739376037,-1.179024470547907,-0.3350757454587722,-0.23538436605243465,0.9048055324001227,-1.042512820865339,-0.8828162337175963,0.8269769153870962,-1.0289971665491795,-0.4814607612315388,-1.6981325678331418,0.9841231756854657,0
-1.143265377720465,-1.1099901739376037,-1.179024470547907,-0.3375867333765157,-0.911310674287764,0.9048055324001227,-1.042512820865339,-0.8828162337175963,-0.41841353024953903,-1.0289971665491795,-0.4814607612315388,0.16701847265767225,-1.0161329645585022,0
-0.2960199349169384,0.9009088760241706,-1.179024470547907,-0.3403346069468765,0.10257878806523006,0.9048055324001227,-1.042512820865339,0.2744324511807092,-0.29085332287974863,-1.0289971665491795,-0.7394662468772634,-0.5472946917856183,0.9841231756854657,0
-0.46546902347764374,-1.1099901739376037,0.8491410419312149,-0.6103368738000879,-0.404365943111267,-1.177851894974348,0.38271364074285674,1.4316811360790147,-0.34120603631519225,1.7231103409115156,-0.7394662468772634,0.008282213892496587,0.9841231756854657,0
-0.9738162891597597,-1.1099901739376037,1.5251962127575889,-0.30511760659110293,-0.911310674287764,0.9048055324001227,-1.042512820865339,0.853056793629862,-1.0495008719737637,-1.0289971665491795,-0.7394662468772634,0.12733440796637835,0.9841231756854657,0
-0.46546902347764374,0.9009088760241706,-0.502969299721533,-0.29793207512837777,-0.911310674287764,0.9048055324001227,-1.042512820865339,-0.3041918912684436,-1.6705176710108995,-1.0289971665491795,-0.7394662468772634,-0.8449251769703227,0.9841231756854657,0
-0.2960199349169384,-1.1099901739376037,-1.179024470547907,-0.40451482642932673,-0.404365943111267,0.9048055324001227,-1.042512820865339,-0.3041918912684436,-1.1804179269059165,-0.9143260204049839,-0.4814607612315388,-1.162397694500674,-1.0161329645585022,1
-0.8043672005990544,-1.1099901739376037,1.5251962127575889,-0.29543687958747544,-0.7423290972289317,0.9048055324001227,-1.042512820865339,-1.461440576166749,-0.8447331706696268,-1.0289971665491795,-0.997471732522988,1.4170665104334308,-1.0161329645585022,0
-0.8043672005990544,-1.1099901739376037,1.5251962127575889,-0.4113845103552287,-0.911310674287764,0.9048055324001227,-1.042512820865339,-1.461440576166749,-1.1233515183457474,-0.9143260204049839,-0.4814607612315388,0.801963507718375,-1.0161329645585022,1
-0.8043672005990544,0.9009088760241706,-1.179024470547907,-0.2957527271242985,-0.911310674287764,0.9048055324001227,-1.042512820865339,-0.8828162337175963,-1.3751150855229646,-1.0289971665491795,-0.997471732522988,0.18686050500331922,0.9841231756854657,0
-0.9738162891597597,-1.1099901739376037,-1.179024470547907,-0.6125793913115318,-0.5733475201700994,-1.177851894974348,0.1847655210750518,-0.8828162337175963,-1.0495008719737637,1.379096902478929,-0.997471732522988,0.20670253734896618,-1.0161329645585022,0
-0.8043672005990544,-1.1099901739376037,1.5251962127575889,-0.41234784534253915,-0.911310674287764,0.9048055324001227,-1.042512820865339,0.853056793629862,-0.4654093961226198,-0.9143260204049839,-0.4814607612315388,0.5241750548793175,-1.0161329645585022,1
-0.9738162891597597,-1.1099901739376037,0.8491410419312149,-0.611679225831586,-0.911310674287764,-1.177851894974348,-0.7257958293968509,1.4316811360790147,-1.2979075915886182,-0.2262991435398101,-0.7394662468772634,-0.2893482712922078,-1.0161329645585022,0
-0.8043672005990544,0.9009088760241706,0.8491410419312149,-0.2944893369770062,-0.911310674287764,0.9048055324001227,-1.042512820865339,-0.8828162337175963,0.001192415045823164,-1.0289971665491795,-0.997471732522988,-1.2616078562289088,0.9841231756854657,0
-0.2960199349169384,0.9009088760241706,0.8491410419312149,-0.2963212526905801,-0.23538436605243465,0.9048055324001227,-1.042512820865339,0.853056793629862,-0.37813135950118393,-1.0289971665491795,-0.4814607612315388,0.782121475372728,-1.0161329645585022,0
-0.9738162891597597,-1.1099901739376037,-1.179024470547907,-0.301232681888179,-0.7423290972289317,0.9048055324001227,-1.042512820865339,0.853056793629862,-0.005521280078902488,-1.0289971665491795,-0.7394662468772634,-0.8846092416616166,-1.0161329645585022,0
-0.634918112038349,0.9009088760241706,-1.179024470547907,-0.27899701529583404,-0.911310674287764,0.9048055324001227,-1.042512820865339,-1.461440576166749,-0.707102420612748,-1.0289971665491795,-0.997471732522988,-0.03140185079879733,0.9841231756854657,0
-0.634918112038349,0.9009088760241706,-1.179024470547907,-0.26348890123782076,-0.404365943111267,0.9048055324001227,-1.042512820865339,-0.3041918912684436,-0.11965409719924096,-1.0289971665491795,-0.7394662468772634,-0.32903233598350173,0.9841231756854657,0
-0.634918112038349,0.9009088760241706,1.5251962127575889,-0.26585775776399384,-0.911310674287764,0.9048055324001227,-1.042512820865339,-0.3041918912684436,0.561785957960427,-1.0289971665491795,-0.4814607612315388,-1.162397694500674,-1.0161329645585022,0
-0.634918112038349,0.9009088760241706,0.8491410419312149,-0.2656050797345354,-0.404365943111267,0.9048055324001227,-1.042512820865339,0.853056793629862,-0.1397951825734185,-1.0289971665491795,-0.997471732522988,0.4844909901880236,-1.0161329645585022,0
-0.9738162891597597,-1.1099901739376037,-0.502969299721533,-0.3729932422543832,-0.911310674287764,0.9048055324001227,-1.042512820865339,0.2744324511807092,1.5486991412951188,-1.0289971665491795,-0.997471732522988,-1.7576586648700827,-1.0161329645585022,1
-0.8043672005990544,0.9009088760241706,0.8491410419312149,-0.2611042523348065,-0.911310674287764,0.9048055324001227,-1.042512820865339,-1.461440576166749,-0.21364582894540246,-1.0289971665491795,-0.997471732522988,-1.0631875327724392,0.9841231756854657,0
-0.9738162891597597,0.9009088760241706,0.8491410419312149,-0.6051095970656659,-0.911310674287764,-1.177851894974348,0.38271364074285674,1.4316811360790147,-0.11965409719924096,1.7231103409115156,-0.7394662468772634,-1.142555662155027,-1.0161329645585022,0
-0.8043672005990544,-1.1099901739376037,0.8491410419312149,-0.26080419717482456,-0.911310674287764,0.9048055324001227,-1.042512820865339,-0.8828162337175963,-1.6839450612603513,-1.0289971665491795,-0.997471732522988,-0.9044512740072636,-1.0161329645585022,0
-0.46546902347764374,0.9009088760241706,-1.179024470547907,-0.25478730159834484,-0.7423290972289317,0.9048055324001227,-1.042512820865339,-1.461440576166749,0.665848232393677,-1.0289971665491795,-0.4814607612315388,-0.4877685947486774,0.9841231756854657,0
-0.9738162891597597,0.9009088760241706,-0.502969299721533,-0.6095156702043479,-0.911310674287764,-1.177851894974348,-0.7257958293968509,-0.8828162337175963,0.954537122756886,-0.2262991435398101,-0.7394662468772634,0.18686050500331922,-1.0161329645585022,0
-0.46546902347764374,0.9009088760241706,-0.502969299721533,-0.3243527215836286,-0.06640278899360229,0.9048055324001227,0.38271364074285674,0.2744324511807092,0.001192415045823164,0.6910700256137552,-0.4814607612315388,0.40512286080543575,0.9841231756854657,0
-0.9738162891597597,0.9009088760241706,0.8491410419312149,-0.3218733184195674,-0.404365943111267,0.9048055324001227,0.38271364074285674,-1.461440576166749,-1.1804179269059165,0.6910700256137552,-0.7394662468772634,-1.102871597463733,0.9841231756854657,0
-0.2960199349169384,-1.1099901739376037,-0.502969299721533,-0.605946593038247,-0.404365943111267,-1.177851894974348,0.7627740305050422,1.4316811360790147,-1.0495008719737637,2.411137217776689,-0.7394662468772634,0.32575473142284794,-1.0161329645585022,0
-0.8043672005990544,0.9009088760241706,-0.502969299721533,-0.32548977271619167,-0.7423290972289317,0.9048055324001227,0.38271364074285674,1.4316811360790147,-0.25392799969375696,0.6910700256137552,-0.4814607612315388,-0.8052411122790287,0.9841231756854657,0
-0.46546902347764374,0.9009088760241706,-0.502969299721533,-0.6019195369437528,-0.5733475201700994,-1.177851894974348,0.06599664927436881,-0.8828162337175963,1.4446368668618692,1.1497546101905376,-0.4814607612315388,0.7027533459901402,0.9841231756854657,0
-0.8043672005990544,0.9009088760241706,-0.502969299721533,-0.6019984988279585,-0.911310674287764,0.21058638994196582,0.5410721364771007,-0.8828162337175963,1.4446368668618692,1.952452633199907,-0.4814607612315388,0.12733440796637835,0.9841231756854657,0
-0.8043672005990544,-1.1099901739376037,1.5251962127575889,-0.3277954597350002,-0.911310674287764,0.9048055324001227,0.38271364074285674,-0.8828162337175963,-1.2039158598424569,0.6910700256137552,-0.7394662468772634,-0.44808453005738347,0.9841231756854657,0
-0.2960199349169384,0.9009088760241706,0.8491410419312149,-0.3078654801614637,-0.911310674287764,0.9048055324001227,0.38271364074285674,-1.461440576166749,1.417782086362966,0.6910700256137552,-0.7394662468772634,-0.26950623894656084,0.9841231756854657,0
-0.8043672005990544,-1.1099901739376037,0.8491410419312149,-0.6000560364764966,-0.7423290972289317,-1.177851894974348,-1.359229812333827,-1.461440576166749,-0.1397951825734185,-1.3730106049817663,-0.997471732522988,-0.8449251769703227,-1.0161329645585022,1
-0.46546902347764374,-1.1099901739376037,0.8491410419312149,-0.306254657723666,-0.7423290972289317,0.9048055324001227,0.38271364074285674,-0.8828162337175963,-1.2979075915886182,0.6910700256137552,-0.4814607612315388,-0.6068207888225592,0.9841231756854657,0
-0.634918112038349,-1.1099901739376037,-0.502969299721533,-0.5999770745922908,-0.404365943111267,-1.177851894974348,-0.8841543251310949,1.4316811360790147,1.3103629643673533,-0.45564143582820127,-0.997471732522988,0.12733440796637835,-1.0161329645585022,0
-0.46546902347764374,0.9009088760241706,-1.179024470547907,-0.2959580280232335,-0.23538436605243465,0.9048055324001227,0.38271364074285674,0.853056793629862,1.934736610966852,0.6910700256137552,-0.7394662468772634,0.7027533459901402,0.9841231756854657,0
-0.2960199349169384,-1.1099901739376037,-0.502969299721533,-0.2957843118779808,-0.23538436605243465,0.9048055324001227,0.38271364074285674,1.4316811360790147,0.001192415045823164,0.6910700256137552,-0.4814607612315388,0.46464895784237664,0.9841231756854657,0
-0.634918112038349,0.9009088760241706,0.8491410419312149,-0.5951603996557389,-0.23538436605243465,0.21058638994196582,-0.7099599798234266,0.2744324511807092,0.03811773823181484,-0.2262991435398101,-0.4814607612315388,0.7622794430270811,0.9841231756854657,0
-1.143265377720465,0.9009088760241706,-1.179024470547907,-0.5994243414028504,-0.911310674287764,-1.177851894974348,-1.121692068732461,-0.3041918912684436,-1.0495008719737637,-0.9143260204049839,-0.7394662468772634,0.4249648931510827,-1.0161329645585022,1
-0.9738162891597597,0.9009088760241706,0.8491410419312149,-0.6008930324490778,-0.7423290972289317,0.21058638994196582,0.06599664927436881,1.4316811360790147,1.327147202179168,1.1497546101905376,-0.7394662468772634,0.22654456969461315,-1.0161329645585022,0
-1.143265377720465,0.9009088760241706,0.8491410419312149,-0.29981136797247515,-0.911310674287764,0.9048055324001227,0.38271364074285674,0.853056793629862,0.23617174441122635,0.6910700256137552,-0.7394662468772634,-2.03544711770914,0.9841231756854657,0
-0.8043672005990544,0.9009088760241706,0.8491410419312149,-0.3050544370837383,-0.7423290972289317,0.9048055324001227,0.38271364074285674,-0.8828162337175963,-0.1397951825734185,0.6910700256137552,-0.7394662468772634,0.20670253734896618,0.9841231756854657,0
-0.634918112038349,0.9009088760241706,0.8491410419312149,-0.3013116437723848,-0.911310674287764,0.9048055324001227,0.38271364074285674,-0.8828162337175963,2.0589399707742797,0.6910700256137552,-0.4814607612315388,0.7622794430270811,-1.0161329645585022,0
-0.634918112038349,-1.1099901739376037,-0.502969299721533,-0.4081628654796333,-0.7423290972289317,0.9048055324001227,0.38271364074285674,-1.461440576166749,0.4107278176540969,0.9204123179021463,-0.7394662468772634,0.7225953783357871,-1.0161329645585022,1
-0.8043672005990544,-1.1099901739376037,1.5251962127575889,-0.3037594621827637,-0.5733475201700994,0.9048055324001227,0.38271364074285674,-1.461440576166749,-1.4993184453303918,0.6910700256137552,-0.7394662468772634,0.16701847265767225,0.9841231756854657,0
-0.9738162891597597,0.9009088760241706,-1.179024470547907,-0.41068964577421796,-0.911310674287764,0.9048055324001227,0.38271364074285674,-1.461440576166749,0.2865244578466693,0.9204123179021463,-0.997471732522988,-1.5790803737592602,-1.0161329645585022,1
-0.634918112038349,-1.1099901739376037,0.8491410419312149,-0.294568298861212,-0.404365943111267,0.9048055324001227,0.38271364074285674,-0.3041918912684436,-1.173704231781191,0.6910700256137552,-0.4814607612315388,0.286070666731554,0.9841231756854657,0
-0.46546902347764374,0.9009088760241706,-1.179024470547907,-0.2967634392421324,-0.911310674287764,0.9048055324001227,0.38271364074285674,-0.8828162337175963,-1.0495008719737637,0.6910700256137552,-0.4814607612315388,-0.5671367241312653,-1.0161329645585022,0
-0.8043672005990544,0.9009088760241706,1.5251962127575889,-0.41128975609418184,-0.911310674287764,0.9048055324001227,0.38271364074285674,0.2744324511807092,0.001192415045823164,0.9204123179021463,-0.4814607612315388,0.286070666731554,-1.0161329645585022,1
-0.46546902347764374,-1.1099901739376037,-1.179024470547907,-0.3021170549912836,-0.911310674287764,0.9048055324001227,0.38271364074285674,0.853056793629862,-1.0495008719737637,0.6910700256137552,-0.997471732522988,-1.6981325678331418,0.9841231756854657,0
-0.8043672005990544,-1.1099901739376037,0.8491410419312149,-0.29899016437673515,-0.911310674287764,0.9048055324001227,0.38271364074285674,-0.8828162337175963,0.6255660616453219,0.6910700256137552,-0.997471732522988,-0.5076106270943244,0.9841231756854657,0
-0.9738162891597597,0.9009088760241706,-0.502969299721533,-0.295389502456952,-0.911310674287764,0.9048055324001227,0.38271364074285674,0.853056793629862,-0.33784918875282943,0.6910700256137552,-0.997471732522988,-0.686188918205147,0.9841231756854657,0
-0.46546902347764374,0.9009088760241706,0.8491410419312149,-0.40756275515966944,-0.5733475201700994,0.9048055324001227,0.38271364074285674,0.2744324511807092,1.4446368668618692,0.9204123179021463,-0.7394662468772634,0.18686050500331922,-1.0161329645585022,1
-0.8043672005990544,0.9009088760241706,-1.179024470547907,-0.410594891513171,-0.911310674287764,0.9048055324001227,0.38271364074285674,1.4316811360790147,1.676259348664909,0.9204123179021463,-0.997471732522988,-0.22982217425526694,-1.0161329645585022,1
-0.9738162891597597,0.9009088760241706,0.8491410419312149,-0.29175725578348655,-0.404365943111267,0.9048055324001227,0.38271364074285674,-0.8828162337175963,0.5785701957722418,0.6910700256137552,-0.4814607612315388,-0.46792656240303043,0.9841231756854657,0
-0.2960199349169384,-1.1099901739376037,-0.502969299721533,-0.6025828167710813,-0.911310674287764,-1.177851894974348,0.38271364074285674,-1.461440576166749,-1.6705176710108995,1.7231103409115156,-0.4814607612315388,0.5440170872249644,-1.0161329645585022,0
-0.46546902347764374,0.9009088760241706,-0.502969299721533,-0.29278376027816155,-0.7423290972289317,0.9048055324001227,0.38271364074285674,-1.461440576166749,0.001192415045823164,0.6910700256137552,-0.7394662468772634,0.782121475372728,-1.0161329645585022,0
-0.8043672005990544,-1.1099901739376037,0.8491410419312149,-0.2904622808825119,-0.7423290972289317,0.9048055324001227,0.38271364074285674,1.4316811360790147,0.19253272610050842,0.6910700256137552,-0.4814607612315388,-1.0830295651180861,0.9841231756854657,0
-0.46546902347764374,-1.1099901739376037,0.8491410419312149,-0.6000402440996554,-0.5733475201700994,-1.177851894974348,0.06599664927436881,-1.461440576166749,0.4745079213389917,1.1497546101905376,-0.7394662468772634,-0.9242933063529105,0.9841231756854657,0
-0.46546902347764374,-1.1099901739376037,-0.502969299721533,-0.5951603996557389,-0.404365943111267,-1.177851894974348,-1.121692068732461,-0.3041918912684436,-1.6705176710108995,-0.9143260204049839,-0.997471732522988,-0.26950623894656084,-1.0161329645585022,0
-0.8043672005990544,-1.1099901739376037,-0.502969299721533,-0.5959342261209554,-0.5733475201700994,-1.177851894974348,0.06599664927436881,-1.461440576166749,-1.3482603050240614,1.1497546101905376,-0.4814607612315388,-0.03140185079879733,0.9841231756854657,0
-0.8043672005990544,-1.1099901739376037,-0.502969299721533,-0.2821081135335414,-0.404365943111267,0.9048055324001227,0.38271364074285674,-0.8828162337175963,0.665848232393677,0.5763988794695595,-0.7394662468772634,0.821805540064022,-1.0161329645585022,0
-0.9738162891597597,0.9009088760241706,-0.502969299721533,-0.38254763024328137,-0.7423290972289317,0.9048055324001227,0.38271364074285674,0.2744324511807092,0.001192415045823164,0.9204123179021463,-0.4814607612315388,-2.03544711770914,-1.0161329645585022,1
-0.46546902347764374,-1.1099901739376037,0.8491410419312149,-0.2590196585917741,-0.911310674287764,0.9048055324001227,0.38271364074285674,0.2744324511807092,0.4040141225293712,0.5763988794695595,-0.4814607612315388,-0.7060309505507939,0.9841231756854657,0
-0.634918112038349,-1.1099901739376037,-1.179024470547907,-0.2650839312987773,-0.5733475201700994,0.9048055324001227,0.38271364074285674,0.853056793629862,-1.173704231781191,0.5763988794695595,-0.7394662468772634,0.14717644031202531,-1.0161329645585022,0
-0.46546902347764374,0.9009088760241706,-0.502969299721533,-0.5954762471925619,0.10257878806523006,-1.177851894974348,-1.2008713165995828,-1.461440576166749,-1.1233515183457474,-1.0289971665491795,-0.4814607612315388,-0.36871640067479566,-1.0161329645585022,1
-0.9738162891597597,0.9009088760241706,-1.179024470547907,-0.26348890123782076,-0.404365943111267,0.9048055324001227,0.38271364074285674,-0.8828162337175963,0.3301634761573873,0.5763988794695595,-0.7394662468772634,0.9606997664835506,0.9841231756854657,0
-0.8043672005990544,0.9009088760241706,-1.179024470547907,-0.6011615028553774,-0.911310674287764,0.21058638994196582,0.21643722022190057,1.4316811360790147,-1.2475548781531747,1.379096902478929,-0.997471732522988,0.22654456969461315,0.9841231756854657,0
-0.2960199349169384,-1.1099901739376037,-1.179024470547907,-0.5992664176344389,-0.911310674287764,-1.177851894974348,-0.7257958293968509,0.853056793629862,-1.7510820125076092,-0.2262991435398101,-0.4814607612315388,-1.4600281796853785,0.9841231756854657,0
-0.9738162891597597,0.9009088760241706,-1.179024470547907,-0.2652892321977123,-0.911310674287764,0.9048055324001227,0.38271364074285674,-0.8828162337175963,0.8739727812601764,0.5763988794695595,-0.7394662468772634,-0.9838194033898514,0.9841231756854657,0
-0.2960199349169384,0.9009088760241706,-0.502969299721533,-0.5979714427334643,-0.06640278899360229,-1.177851894974348,-0.5674373336626071,0.853056793629862,-1.371758237960602,0.003043148748581378,-0.4814607612315388,1.6353288662355472,0.9841231756854657,0
-0.9738162891597597,-1.1099901739376037,0.8491410419312149,-0.26244660436630457,-0.911310674287764,0.9048055324001227,0.38271364074285674,0.853056793629862,0.860545391010725,0.5763988794695595,-0.997471732522988,-0.5076106270943244,-1.0161329645585022,0
-1.143265377720465,0.9009088760241706,-0.502969299721533,-0.601019371463807,-0.911310674287764,-1.177851894974348,-0.5674373336626071,-0.8828162337175963,-1.4254677989584081,0.003043148748581378,-0.997471732522988,0.6829113136444932,-1.0161329645585022,0
-0.46546902347764374,0.9009088760241706,-0.502969299721533,-0.3607699425793299,-0.5733475201700994,0.9048055324001227,0.38271364074285674,-0.3041918912684436,0.7061304031420315,0.8057411717579506,-0.4814607612315388,-0.44808453005738347,-1.0161329645585022,1
-1.143265377720465,-1.1099901739376037,-1.179024470547907,-0.6087102589854491,-0.911310674287764,-1.177851894974348,-0.3774071387815143,0.853056793629862,-1.4254677989584081,0.3470565871811683,-0.997471732522988,-1.5989224061049072,-1.0161329645585022,1
-0.634918112038349,-1.1099901739376037,0.8491410419312149,-0.59887160821341,-0.911310674287764,-1.177851894974348,-0.7099599798234266,0.853056793629862,1.1223795008750308,-0.2262991435398101,-0.4814607612315388,-0.40840046536608954,0.9841231756854657,0
-0.8043672005990544,0.9009088760241706,1.5251962127575889,-0.3577378062258283,-0.911310674287764,0.9048055324001227,0.38271364074285674,-1.461440576166749,1.7736079279734327,0.8057411717579506,-0.7394662468772634,-0.051243883144444294,-1.0161329645585022,1
-0.634918112038349,0.9009088760241706,-0.502969299721533,-0.23866328484352653,-0.911310674287764,0.9048055324001227,0.38271364074285674,1.4316811360790147,0.03476089066945202,0.5763988794695595,-0.7394662468772634,-0.9044512740072636,0.9841231756854657,0
-0.2960199349169384,0.9009088760241706,0.8491410419312149,-0.24319569699693774,-0.5733475201700994,0.9048055324001227,0.38271364074285674,0.853056793629862,1.2029438423717405,0.5763988794695595,-0.7394662468772634,-2.9481806056089,0.9841231756854657,0
-0.9738162891597597,0.9009088760241706,-1.179024470547907,-0.6029776261921101,-0.911310674287764,-1.177851894974348,0.30353439287573475,0.2744324511807092,-0.005521280078902488,1.6084391947673204,-0.997471732522988,0.008282213892496587,0.9841231756854657,0
-0.634918112038349,0.9009088760241706,0.8491410419312149,-0.2431009427358908,-0.7423290972289317,0.9048055324001227,0.38271364074285674,0.2744324511807092,0.5114332445249834,0.5763988794695595,-0.4814607612315388,-0.15045404487267908,0.9841231756854657,0
-0.8043672005990544,-1.1099901739376037,0.8491410419312149,-0.2223655519434555,-0.911310674287764,0.9048055324001227,0.38271364074285674,0.853056793629862,0.001192415045823164,0.4617277333253637,-0.7394662468772634,0.5638591195706114,-1.0161329645585022,0
-0.9738162891597597,-1.1099901739376037,0.8491410419312149,-0.22535031116643361,-0.23538436605243465,0.9048055324001227,0.38271364074285674,-1.461440576166749,-0.005521280078902488,0.4617277333253637,-0.997471732522988,-1.2219237915376149,-1.0161329645585022,0
-0.46546902347764374,-1.1099901739376037,-1.179024470547907,-0.6017931979290235,-0.911310674287764,-1.177851894974348,-0.5674373336626071,0.2744324511807092,1.575553921794022,0.003043148748581378,-0.7394662468772634,0.7424374106814341,-1.0161329645585022,1
-0.9738162891597597,0.9009088760241706,-0.502969299721533,-0.22842982465045866,-0.7423290972289317,0.9048055324001227,0.38271364074285674,-1.461440576166749,-0.8447331706696268,0.4617277333253637,-0.4814607612315388,-0.190138109563973,-1.0161329645585022,0
-0.634918112038349,-1.1099901739376037,0.8491410419312149,-0.22211287391399703,0.10257878806523006,0.9048055324001227,0.38271364074285674,-0.8828162337175963,-0.8447331706696268,0.4617277333253637,-0.4814607612315388,-1.142555662155027,0.9841231756854657,0
-0.8043672005990544,0.9009088760241706,-0.502969299721533,-0.22239713669713781,-0.7423290972289317,0.9048055324001227,0.38271364074285674,1.4316811360790147,0.11868207972852446,0.4617277333253637,-0.997471732522988,-2.075131182400434,0.9841231756854657,0
-0.9738162891597597,-1.1099901739376037,1.5251962127575889,-0.32585299738353823,-0.911310674287764,0.9048055324001227,0.38271364074285674,1.4316811360790147,1.223084927745918,0.6910700256137552,-0.7394662468772634,0.18686050500331922,-1.0161329645585022,1
-0.46546902347764374,-1.1099901739376037,-0.502969299721533,-0.6027565329163339,-0.404365943111267,-1.177851894974348,0.06599664927436881,0.2744324511807092,0.6255660616453219,1.1497546101905376,-0.4814607612315388,0.801963507718375,0.9841231756854657,0
-0.46546902347764374,-1.1099901739376037,0.8491410419312149,-0.2049307679108214,-0.23538436605243465,0.9048055324001227,0.38271364074285674,-0.3041918912684436,-0.21364582894540246,0.4617277333253637,-0.997471732522988,0.4448069254967297,0.9841231756854657,0
-0.634918112038349,0.9009088760241706,-1.179024470547907,-0.6047937495288428,-0.404365943111267,-1.177851894974348,0.06599664927436881,0.2744324511807092,0.3939435798422821,1.1497546101905376,-0.4814607612315388,0.3455967637684949,-1.0161329645585022,0
-0.2960199349169384,0.9009088760241706,0.8491410419312149,-0.20632049707284295,-0.404365943111267,0.9048055324001227,0.38271364074285674,0.853056793629862,-1.0495008719737637,0.4617277333253637,-0.4814607612315388,0.5241750548793175,-1.0161329645585022,0
-0.8043672005990544,0.9009088760241706,0.8491410419312149,-0.6081891105496909,-0.5733475201700994,-1.177851894974348,1.4912231108825644,-1.461440576166749,0.15896425047687956,3.672519825362842,-0.4814607612315388,-0.13061201252703214,0.9841231756854657,0
-0.9738162891597597,0.9009088760241706,-0.502969299721533,-0.2032725683425002,-0.7423290972289317,0.9048055324001227,0.38271364074285674,1.4316811360790147,-0.901799579229796,0.4617277333253637,-0.4814607612315388,0.40512286080543575,-1.0161329645585022,0
-0.2960199349169384,0.9009088760241706,-1.179024470547907,-0.19518687139982932,0.2715603651240624,0.9048055324001227,0.38271364074285674,0.853056793629862,0.4745079213389917,0.4617277333253637,-0.7394662468772634,1.1789621222856672,-1.0161329645585022,0
-0.634918112038349,-1.1099901739376037,-1.179024470547907,-0.6035935288889152,-0.5733475201700994,-1.177851894974348,-0.5674373336626071,-0.3041918912684436,1.0418151593783211,0.003043148748581378,-0.4814607612315388,-0.6266628211682062,0.9841231756854657,0
-0.46546902347764374,-1.1099901739376037,-1.179024470547907,-0.6046674105141135,-0.7423290972289317,-1.177851894974348,0.06599664927436881,-0.8828162337175963,0.0851136041048956,1.1497546101905376,-0.7394662468772634,1.0400678958661385,-1.0161329645585022,0
-0.46546902347764374,0.9009088760241706,1.5251962127575889,-0.20439382709822215,-0.5733475201700994,0.9048055324001227,0.38271364074285674,-0.8828162337175963,-0.11965409719924096,0.4617277333253637,-0.7394662468772634,0.7225953783357871,0.9841231756854657,0
-0.9738162891597597,0.9009088760241706,-0.502969299721533,-0.6029776261921101,-0.911310674287764,-1.177851894974348,-0.7257958293968509,-0.8828162337175963,-0.46205254856025635,-0.2262991435398101,-0.7394662468772634,0.22654456969461315,0.9841231756854657,0
-1.143265377720465,-1.1099901739376037,-1.179024470547907,-0.20382530153194062,-0.911310674287764,0.9048055324001227,0.38271364074285674,1.4316811360790147,-0.12972463988633004,0.4617277333253637,-0.997471732522988,-0.6465048535138531,-1.0161329645585022,0
-0.46546902347764374,-1.1099901739376037,-0.502969299721533,-0.6005929772890959,-0.404365943111267,-1.177851894974348,-0.4090788379283631,-0.8828162337175963,0.09182729922962125,0.3470565871811683,-0.997471732522988,0.4844909901880236,0.9841231756854657,0
-0.46546902347764374,0.9009088760241706,-1.179024470547907,-0.3177041309335027,-0.23538436605243465,0.9048055324001227,0.38271364074285674,-1.461440576166749,0.8336906105118219,0.6910700256137552,-0.997471732522988,-0.17029607721832604,-1.0161329645585022,1
-0.634918112038349,0.9009088760241706,-1.179024470547907,-0.6044621096151785,-0.06640278899360229,0.21058638994196582,0.06599664927436881,1.4316811360790147,0.001192415045823164,1.1497546101905376,-0.7394662468772634,0.3455967637684949,0.9841231756854657,0
-0.9738162891597597,0.9009088760241706,-0.502969299721533,-0.2020723477025725,-0.911310674287764,0.9048055324001227,0.38271364074285674,-0.8828162337175963,0.9343960373827085,0.4617277333253637,-0.997471732522988,-1.3806600503027906,0.9841231756854657,0
-0.634918112038349,0.9009088760241706,-0.502969299721533,-0.20253032663096596,-0.911310674287764,0.9048055324001227,0.38271364074285674,-0.8828162337175963,-0.46205254856025635,0.4617277333253637,-0.997471732522988,0.7622794430270811,0.9841231756854657,0
-1.143265377720465,0.9009088760241706,-0.502969299721533,-0.6003245068827963,-0.911310674287764,0.21058638994196582,-1.2800505644667048,0.853056793629862,-0.11965409719924096,-1.143668312693375,-0.7394662468772634,0.6233852166075523,0.9841231756854657,0
-0.9738162891597597,0.9009088760241706,-0.502969299721533,-0.19686086334499164,-0.911310674287764,0.9048055324001227,0.38271364074285674,-0.8828162337175963,0.001192415045823164,0.4617277333253637,-0.4814607612315388,-1.102871597463733,0.9841231756854657,0
-0.9738162891597597,-1.1099901739376037,-0.502969299721533,-0.18290040221741144,-0.911310674287764,0.9048055324001227,0.38271364074285674,-0.8828162337175963,-1.3751150855229646,0.4617277333253637,-0.997471732522988,0.9011736694466097,0.9841231756854657,0
-0.8043672005990544,0.9009088760241706,-0.502969299721533,-0.6019827064511174,-0.7423290972289317,-1.177851894974348,-0.09236184645987515,0.853056793629862,0.8269769153870962,0.9204123179021463,-0.4814607612315388,0.7225953783357871,0.9841231756854657,0
-0.8043672005990544,-1.1099901739376037,-1.179024470547907,-0.5946076664662985,-0.911310674287764,-1.177851894974348,-0.646616581529729,0.2744324511807092,-1.1804179269059165,-0.11162799739561437,-0.4814607612315388,0.8614896047553159,0.9841231756854657,0
-1.143265377720465,0.9009088760241706,0.8491410419312149,-0.18132116453329603,-0.7423290972289317,0.9048055324001227,0.38271364074285674,1.4316811360790147,-0.0860856215756121,0.4617277333253637,-0.4814607612315388,0.38528082845978884,0.9841231756854657,0
-0.634918112038349,0.9009088760241706,-1.179024470547907,-0.18935948434544347,-0.7423290972289317,0.9048055324001227,0.38271364074285674,1.4316811360790147,0.16232109803924238,0.4617277333253637,-0.997471732522988,0.4448069254967297,0.9841231756854657,0
-0.8043672005990544,-1.1099901739376037,-0.502969299721533,-0.1834373430300107,-0.911310674287764,0.9048055324001227,0.38271364074285674,0.853056793629862,-0.0860856215756121,0.4617277333253637,-0.7394662468772634,0.3654387961141419,0.9841231756854657,0
-0.634918112038349,0.9009088760241706,-0.502969299721533,-0.18847511124233884,-0.7423290972289317,0.9048055324001227,0.38271364074285674,-0.3041918912684436,-0.6936750303632967,0.4617277333253637,-0.7394662468772634,0.6432272489531993,0.9841231756854657,0
-0.634918112038349,0.9009088760241706,0.8491410419312149,-0.18942265385280807,-0.404365943111267,0.9048055324001227,0.38271364074285674,1.4316811360790147,1.092167872813765,0.4617277333253637,-0.997471732522988,0.7027533459901402,0.9841231756854657,0
-0.46546902347764374,-1.1099901739376037,-0.502969299721533,-0.2951684091811758,-0.911310674287764,0.9048055324001227,0.38271364074285674,0.853056793629862,1.253296555807184,0.6910700256137552,-0.997471732522988,-1.9957630530178463,-1.0161329645585022,1
-0.9738162891597597,0.9009088760241706,-1.179024470547907,-0.17317229808326054,-0.911310674287764,0.9048055324001227,0.38271364074285674,-0.8828162337175963,-0.005521280078902488,0.3470565871811683,-0.997471732522988,0.10749237562073138,0.9841231756854657,0
-0.8043672005990544,0.9009088760241706,0.8491410419312149,-0.1634441939491096,-0.911310674287764,0.9048055324001227,0.38271364074285674,-0.8828162337175963,0.001192415045823164,0.3470565871811683,-0.4814607612315388,-0.6663468858595001,0.9841231756854657,0
-0.2960199349169384,0.9009088760241706,-0.502969299721533,-0.16593938949001197,-0.23538436605243465,0.9048055324001227,0.38271364074285674,0.2744324511807092,-0.005521280078902488,0.3470565871811683,-0.4814607612315388,-0.44808453005738347,-1.0161329645585022,0
-0.8043672005990544,-1.1099901739376037,0.8491410419312149,-0.5924441108390603,-0.911310674287764,-1.177851894974348,-0.7257958293968509,-0.8828162337175963,-1.0427871768490378,-0.2262991435398101,-0.7394662468772634,0.5638591195706114,0.9841231756854657,0
-0.8043672005990544,0.9009088760241706,0.8491410419312149,-0.2822818296787941,-0.7423290972289317,0.9048055324001227,0.38271364074285674,-1.461440576166749,2.344272013575125,0.5763988794695595,-0.4814607612315388,-0.26950623894656084,-1.0161329645585022,1
-1.143265377720465,-1.1099901739376037,0.8491410419312149,-0.16409168139959693,-0.911310674287764,0.9048055324001227,0.38271364074285674,-1.461440576166749,-1.2475548781531747,0.3470565871811683,-0.4814607612315388,0.4844909901880236,0.9841231756854657,0
-0.634918112038349,-1.1099901739376037,1.5251962127575889,-0.28008668929787367,-0.911310674287764,0.9048055324001227,0.38271364074285674,0.853056793629862,-1.0495008719737637,0.5763988794695595,-0.7394662468772634,1.0797519605574324,-1.0161329645585022,1
-0.9738162891597597,0.9009088760241706,-1.179024470547907,-0.164202228037485,-0.5733475201700994,0.9048055324001227,0.38271364074285674,-0.8828162337175963,0.7061304031420315,0.3470565871811683,-0.997471732522988,-1.3409759856114967,0.9841231756854657,0
-0.8043672005990544,0.9009088760241706,-1.179024470547907,-0.16328627018069808,-0.911310674287764,0.9048055324001227,0.38271364074285674,-1.461440576166749,-0.6936750303632967,0.3470565871811683,-0.997471732522988,0.22654456969461315,0.9841231756854657,0
-0.8043672005990544,0.9009088760241706,1.5251962127575889,-0.1511735171435329,-0.911310674287764,0.9048055324001227,0.38271364074285674,-1.461440576166749,0.6255660616453219,0.3470565871811683,-0.7394662468772634,-1.2616078562289088,-1.0161329645585022,0
-0.46546902347764374,-1.1099901739376037,0.8491410419312149,-0.2711482040057805,-0.404365943111267,0.9048055324001227,0.38271364074285674,0.2744324511807092,0.8269769153870962,0.5763988794695595,-0.7394662468772634,0.801963507718375,-1.0161329645585022,1
-0.8043672005990544,0.9009088760241706,-0.502969299721533,-0.26328360033888576,-0.5733475201700994,0.9048055324001227,0.38271364074285674,-1.461440576166749,1.6594751108530943,0.5763988794695595,-0.7394662468772634,-0.4282424977117365,-1.0161329645585022,1
-1.143265377720465,-1.1099901739376037,0.8491410419312149,-0.5879748681930137,-0.911310674287764,-1.177851894974348,-0.5040939353689095,-0.8828162337175963,-1.173704231781191,0.1177142948927768,-0.997471732522988,-2.8489704438806656,0.9841231756854657,0
-0.2960199349169384,0.9009088760241706,0.17308587110484092,-0.14705170678799168,0.2715603651240624,0.9048055324001227,0.38271364074285674,-1.461440576166749,-0.3680608168140954,0.3470565871811683,-0.7394662468772634,-1.2219237915376149,0.9841231756854657,0
-0.9738162891597597,0.9009088760241706,-1.179024470547907,-0.14665689736696283,-0.5733475201700994,0.9048055324001227,0.38271364074285674,1.4316811360790147,0.16232109803924238,0.3470565871811683,-0.4814607612315388,0.3654387961141419,-1.0161329645585022,0
-0.634918112038349,-1.1099901739376037,-1.179024470547907,-0.1519947207392729,-0.404365943111267,0.9048055324001227,0.38271364074285674,-0.8828162337175963,0.7061304031420315,0.3470565871811683,-0.997471732522988,-0.32903233598350173,0.9841231756854657,0
-0.634918112038349,-1.1099901739376037,-1.179024470547907,-0.2555295433098791,-0.911310674287764,0.9048055324001227,0.38271364074285674,0.2744324511807092,-0.34120603631519225,0.5763988794695595,-0.4814607612315388,-0.5869787564769122,-1.0161329645585022,1
-0.2960199349169384,0.9009088760241706,1.5251962127575889,-0.5981767436323993,0.2715603651240624,-1.177851894974348,-0.6624524311031534,-1.461440576166749,-1.1166378232210217,-0.11162799739561437,-0.4814607612315388,1.1789621222856672,0.9841231756854657,0
-0.9738162891597597,0.9009088760241706,0.8491410419312149,-0.1310540290479026,-0.911310674287764,0.9048055324001227,0.38271364074285674,0.853056793629862,-0.21364582894540246,0.3470565871811683,-0.7394662468772634,0.5241750548793175,-1.0161329645585022,0
-0.8043672005990544,0.9009088760241706,-1.179024470547907,-0.5900752543128872,-0.404365943111267,-1.177851894974348,0.06599664927436881,0.2744324511807092,-0.1397951825734185,1.1497546101905376,-0.997471732522988,-1.3806600503027906,0.9841231756854657,0
-0.634918112038349,-1.1099901739376037,-1.179024470547907,-0.259209167113868,-0.06640278899360229,0.9048055324001227,-1.042512820865339,-1.461440576166749,0.16232109803924238,-1.0289971665491795,-0.4814607612315388,0.14717644031202531,-1.0161329645585022,0
-0.634918112038349,0.9009088760241706,-1.179024470547907,-0.2561770307603664,-0.7423290972289317,0.9048055324001227,-1.042512820865339,0.2744324511807092,0.001192415045823164,-1.0289971665491795,-0.997471732522988,0.26622863438590705,0.9841231756854657,0
-0.8043672005990544,-1.1099901739376037,-0.502969299721533,-0.23965820458451922,-0.911310674287764,0.9048055324001227,-1.042512820865339,0.2744324511807092,-0.005521280078902488,-1.0289971665491795,-0.4814607612315388,-0.9838194033898514,-1.0161329645585022,0
-0.8043672005990544,0.9009088760241706,-0.502969299721533,-0.5895225211234468,-0.911310674287764,-1.177851894974348,-0.4407505370752119,-0.8828162337175963,0.5651428055227898,0.23238544103697253,-0.4814607612315388,0.10749237562073138,0.9841231756854657,0
-0.634918112038349,-1.1099901739376037,1.5251962127575889,-0.5934548229568942,-0.404365943111267,-1.177851894974348,-0.8841543251310949,-1.461440576166749,-1.8752853723150364,-0.570312581972397,-0.997471732522988,1.258330251668255,-1.0161329645585022,0
-0.46546902347764374,0.9009088760241706,-0.502969299721533,-0.2384579839445915,-0.404365943111267,0.9048055324001227,-1.042512820865339,0.2744324511807092,1.0015329886299666,-1.0289971665491795,-0.997471732522988,-0.3488743683291487,0.9841231756854657,0
-1.143265377720465,0.9009088760241706,-0.502969299721533,-0.2389791323803496,-0.911310674287764,0.9048055324001227,-1.042512820865339,-0.8828162337175963,0.001192415045823164,-1.0289971665491795,-0.4814607612315388,0.3654387961141419,-1.0161329645585022,0
-0.8043672005990544,-1.1099901739376037,-1.179024470547907,-0.5880854148309018,-0.911310674287764,-1.177851894974348,-1.042512820865339,-0.3041918912684436,-0.0860856215756121,-0.7996548742607882,-0.4814607612315388,-1.658448503141848,-1.0161329645585022,1
-0.9738162891597597,-1.1099901739376037,-1.179024470547907,-0.22579249771798593,-0.911310674287764,0.9048055324001227,-1.042512820865339,0.2744324511807092,0.001192415045823164,-1.0289971665491795,-0.4814607612315388,0.8416475724096689,0.9841231756854657,0
-0.9738162891597597,0.9009088760241706,-0.502969299721533,-0.5847848080711006,-0.7423290972289317,-1.177851894974348,-1.2800505644667048,-1.461440576166749,0.8336906105118219,-1.2583394588375707,-0.7394662468772634,0.5638591195706114,0.9841231756854657,0
-0.46546902347764374,-1.1099901739376037,-1.179024470547907,-0.22361314971390667,-0.911310674287764,0.9048055324001227,-1.042512820865339,1.4316811360790147,-0.5661148229935064,-1.0289971665491795,-0.7394662468772634,-0.15045404487267908,0.9841231756854657,0
-0.2960199349169384,-1.1099901739376037,-0.502969299721533,-0.5858744820731402,-0.06640278899360229,-1.177851894974348,-0.5713962960559631,0.2744324511807092,0.16232109803924238,0.003043148748581378,-0.4814607612315388,-1.8767108589439645,0.9841231756854657,0
-0.46546902347764374,-1.1099901739376037,-1.179024470547907,-0.5884486394982483,-0.5733475201700994,-1.177851894974348,-0.7060010174300705,-1.461440576166749,-1.3482603050240614,-0.2262991435398101,-0.997471732522988,0.028124246238143545,-1.0161329645585022,1
-0.46546902347764374,-1.1099901739376037,0.8491410419312149,-0.5912438901991326,-0.23538436605243465,-1.177851894974348,-0.021100523379465372,-1.461440576166749,-1.6839450612603513,0.9204123179021463,-0.4814607612315388,-0.190138109563973,-1.0161329645585022,0
-0.8043672005990544,0.9009088760241706,-0.502969299721533,-0.2068574378854422,-0.7423290972289317,0.9048055324001227,-1.042512820865339,-0.8828162337175963,-1.3482603050240614,-1.143668312693375,-0.997471732522988,-0.5274526594399713,0.9841231756854657,0
-0.9738162891597597,-1.1099901739376037,-0.502969299721533,-0.2034778692414352,-0.911310674287764,0.9048055324001227,-1.042512820865339,0.853056793629862,0.561785957960427,-1.143668312693375,-0.4814607612315388,-0.11076998018138517,-1.0161329645585022,0
-0.46546902347764374,-1.1099901739376037,-0.502969299721533,-0.3171040206135389,-0.911310674287764,0.9048055324001227,-1.042512820865339,1.4316811360790147,0.561785957960427,-1.0289971665491795,-0.7394662468772634,-0.03140185079879733,-1.0161329645585022,1
-0.9738162891597597,0.9009088760241706,0.8491410419312149,-0.3241000435541701,-0.5733475201700994,0.9048055324001227,-1.042512820865339,-1.461440576166749,0.4107278176540969,-1.0289971665491795,-0.997471732522988,-0.7853990799333818,-1.0161329645585022,1
-0.2960199349169384,0.9009088760241706,-1.179024470547907,-0.20620995043495488,-0.7423290972289317,0.9048055324001227,-1.042512820865339,-1.461440576166749,0.001192415045823164,-1.143668312693375,-0.997471732522988,0.6630692812988462,0.9841231756854657,0
-0.8043672005990544,-1.1099901739376037,-0.502969299721533,-0.20802607377168758,-0.7423290972289317,0.9048055324001227,-1.042512820865339,1.4316811360790147,-0.37813135950118393,-1.143668312693375,-0.997471732522988,-1.3211339532658497,0.9841231756854657,0
-0.46546902347764374,0.9009088760241706,1.5251962127575889,-0.20281458941410674,-0.23538436605243465,0.9048055324001227,-1.042512820865339,0.2744324511807092,-1.5496711587658354,-1.143668312693375,-0.4814607612315388,0.08765034327508442,0.9841231756854657,0
-0.9738162891597597,-1.1099901739376037,-1.179024470547907,-0.19387610412201353,-0.911310674287764,0.9048055324001227,-1.042512820865339,0.2744324511807092,-0.1397951825734185,-1.143668312693375,-0.7394662468772634,0.46464895784237664,0.9841231756854657,0
-0.9738162891597597,-1.1099901739376037,0.8491410419312149,-0.5856533887973641,-0.911310674287764,-1.177851894974348,-0.8841543251310949,-1.461440576166749,-0.34120603631519225,-0.570312581972397,-0.997471732522988,0.9011736694466097,-1.0161329645585022,0
-0.46546902347764374,0.9009088760241706,-0.502969299721533,-0.1804367914301914,-0.7423290972289317,0.9048055324001227,-1.042512820865339,0.853056793629862,0.5651428055227898,-1.143668312693375,-0.7394662468772634,-0.7258729828964409,0.9841231756854657,0
-0.634918112038349,0.9009088760241706,0.8491410419312149,-0.2996534442040636,-0.7423290972289317,0.9048055324001227,-1.042512820865339,0.2744324511807092,0.001192415045823164,-1.0289971665491795,-0.997471732522988,-0.4282424977117365,-1.0161329645585022,1
-0.9738162891597597,-1.1099901739376037,-0.502969299721533,-0.5900278771823637,-0.911310674287764,-1.177851894974348,0.5410721364771007,0.853056793629862,1.676259348664909,1.952452633199907,-0.997471732522988,0.8614896047553159,-1.0161329645585022,0
-0.46546902347764374,0.9009088760241706,1.5251962127575889,-0.5908174960244215,0.10257878806523006,-1.177851894974348,-0.5674373336626071,1.4316811360790147,0.15896425047687956,0.003043148748581378,-0.997471732522988,-1.3806600503027906,0.9841231756854657,0
-0.46546902347764374,-1.1099901739376037,-0.502969299721533,-0.29131506923193423,-0.06640278899360229,0.9048055324001227,-1.042512820865339,-1.461440576166749,1.1458774338115711,-1.0289971665491795,-0.997471732522988,-0.2893482712922078,-1.0161329645585022,1
-0.8043672005990544,-1.1099901739376037,0.8491410419312149,-0.5804576968166244,-0.7423290972289317,-1.177851894974348,2.0533957707391304,-0.8828162337175963,1.6628319584154578,4.3605467022280155,-0.7394662468772634,-3.4243893819044273,0.9841231756854657,0
-1.143265377720465,0.9009088760241706,-1.179024470547907,-0.1660657285047412,-0.911310674287764,0.9048055324001227,-1.042512820865339,0.853056793629862,-1.8752853723150364,-1.143668312693375,-0.7394662468772634,-0.36871640067479566,-1.0161329645585022,0
-0.634918112038349,0.9009088760241706,0.8491410419312149,-0.5797944169892959,-0.5733475201700994,-1.177851894974348,-0.2507203421941191,-0.3041918912684436,0.23617174441122635,0.5763988794695595,-0.997471732522988,-0.9441353386985575,0.9841231756854657,0
-0.634918112038349,0.9009088760241706,-0.502969299721533,-0.17219317071910897,-0.911310674287764,0.9048055324001227,-1.042512820865339,0.2744324511807092,-1.0495008719737637,-1.143668312693375,-0.7394662468772634,-0.03140185079879733,0.9841231756854657,0
-0.8043672005990544,-1.1099901739376037,-1.179024470547907,-0.5783099335662274,-0.5733475201700994,-1.177851894974348,0.38271364074285674,-1.461440576166749,0.4745079213389917,1.6084391947673204,-0.997471732522988,-2.2537094735112566,0.9841231756854657,0
-0.9738162891597597,-1.1099901739376037,0.8491410419312149,-0.14706749916483283,-0.911310674287764,0.9048055324001227,-1.042512820865339,-0.8828162337175963,0.27645391515958084,-1.143668312693375,-0.997471732522988,-0.15045404487267908,0.9841231756854657,0
-0.8043672005990544,0.9009088760241706,-0.502969299721533,-0.13468627572136802,-0.911310674287764,0.9048055324001227,-1.042512820865339,-1.461440576166749,-0.37813135950118393,-1.143668312693375,-0.997471732522988,-0.686188918205147,0.9841231756854657,0
-0.8043672005990544,-1.1099901739376037,1.5251962127575889,-0.12184707334950975,-0.7423290972289317,0.9048055324001227,-1.042512820865339,-1.461440576166749,-1.2979075915886182,-1.143668312693375,-0.997471732522988,-2.1743413441286688,0.9841231756854657,0
-0.8043672005990544,0.9009088760241706,-1.179024470547907,-0.12282620071366131,-0.7423290972289317,0.9048055324001227,-1.042512820865339,0.2744324511807092,-0.46205254856025635,-1.143668312693375,-0.7394662468772634,-0.20998014190961997,-1.0161329645585022,0
-1.143265377720465,0.9009088760241706,-0.502969299721533,-0.5832529475175087,-0.911310674287764,0.21058638994196582,0.06599664927436881,1.4316811360790147,0.001192415045823164,1.035083464046342,-0.4814607612315388,-0.6266628211682062,-1.0161329645585022,0
-0.8043672005990544,-1.1099901739376037,1.5251962127575889,-0.5764148483452889,-0.911310674287764,0.21058638994196582,-0.7257958293968509,0.2744324511807092,0.23617174441122635,-0.2262991435398101,-0.4814607612315388,1.4765926074703717,-1.0161329645585022,0
-0.46546902347764374,0.9009088760241706,-1.179024470547907,-0.11164519791012421,-0.911310674287764,0.9048055324001227,-1.042512820865339,-0.8828162337175963,2.206641263518246,-1.143668312693375,-0.997471732522988,-0.5472946917856183,0.9841231756854657,0
-0.2960199349169384,-1.1099901739376037,-1.179024470547907,-0.10049577986026943,-0.5733475201700994,0.9048055324001227,-1.042512820865339,1.4316811360790147,1.5486991412951188,-1.143668312693375,-0.997471732522988,0.801963507718375,-1.0161329645585022,0
-0.2960199349169384,0.9009088760241706,-0.502969299721533,-0.5761463779389893,-0.5733475201700994,0.21058638994196582,-0.7574675285436998,-0.3041918912684436,-1.6705176710108995,-0.34097028968400567,-0.997471732522988,0.16701847265767225,0.9841231756854657,0
-0.634918112038349,0.9009088760241706,-1.179024470547907,-0.5848006004479418,-0.911310674287764,-1.177851894974348,0.8577891279455886,0.2744324511807092,1.0955247203761276,2.411137217776689,-0.997471732522988,-0.7060309505507939,0.9841231756854657,0
-0.2960199349169384,0.9009088760241706,-1.179024470547907,-0.11050814677756111,-0.23538436605243465,0.9048055324001227,-1.042512820865339,-1.461440576166749,-0.33784918875282943,-1.143668312693375,-0.7394662468772634,-0.4877685947486774,-1.0161329645585022,0
-0.8043672005990544,-1.1099901739376037,0.8491410419312149,-0.1146773342636258,-0.23538436605243465,0.9048055324001227,-1.042512820865339,-1.461440576166749,-1.173704231781191,-1.143668312693375,-0.997471732522988,-2.49181386165902,0.9841231756854657,0
-0.8043672005990544,-1.1099901739376037,-0.502969299721533,-0.11053973153124343,-0.911310674287764,0.9048055324001227,-1.042512820865339,0.2744324511807092,-0.25392799969375696,-1.143668312693375,-0.4814607612315388,-0.46792656240303043,0.9841231756854657,0
-1.143265377720465,0.9009088760241706,-1.179024470547907,-0.5816105403260287,-0.911310674287764,-1.177851894974348,-0.42491468750178746,0.853056793629862,0.4745079213389917,0.23238544103697253,-0.7394662468772634,0.5638591195706114,0.9841231756854657,0
-0.8043672005990544,0.9009088760241706,-0.502969299721533,-0.5836477569385375,-0.911310674287764,0.21058638994196582,0.6994306322113446,1.4316811360790147,0.001192415045823164,2.1817949254882985,-0.7394662468772634,0.9606997664835506,0.9841231756854657,0
-0.9738162891597597,0.9009088760241706,-0.502969299721533,-0.1108555790680665,-0.7423290972289317,0.9048055324001227,-1.042512820865339,0.853056793629862,0.2965950005337584,-1.143668312693375,-0.4814607612315388,0.4844909901880236,0.9841231756854657,0
-0.2960199349169384,-1.1099901739376037,-1.179024470547907,-0.09556855828582936,-0.7423290972289317,0.9048055324001227,-1.042512820865339,-0.3041918912684436,0.40737097009173406,-1.143668312693375,-0.4814607612315388,0.9606997664835506,0.9841231756854657,0
-0.634918112038349,0.9009088760241706,-1.179024470547907,-0.5887960717887537,-0.06640278899360229,-1.177851894974348,-0.15966420714692883,0.2744324511807092,-0.11965409719924096,0.6910700256137552,-0.4814607612315388,-0.09092794783573821,0.9841231756854657,0
-0.9738162891597597,0.9009088760241706,-1.179024470547907,-0.5806156205850359,-0.911310674287764,-1.177851894974348,-0.013182598592753173,-1.461440576166749,-1.6705176710108995,0.9204123179021463,-0.7394662468772634,-1.6386064707962011,0.9841231756854657,0
-0.634918112038349,0.9009088760241706,0.8491410419312149,-0.19930868175537053,-0.404365943111267,0.9048055324001227,-1.042512820865339,-0.8828162337175963,-0.707102420612748,-1.143668312693375,-0.7394662468772634,-0.9242933063529105,-1.0161329645585022,1
-0.8043672005990544,0.9009088760241706,-0.502969299721533,-0.08416646220651611,-0.7423290972289317,0.9048055324001227,-1.042512820865339,0.853056793629862,0.4745079213389917,-1.143668312693375,-0.997471732522988,-1.5790803737592602,-1.0161329645585022,0
-1.143265377720465,-1.1099901739376037,-0.502969299721533,-0.5846900538100537,-0.911310674287764,0.21058638994196582,-0.7257958293968509,-0.8828162337175963,1.0955247203761276,-0.2262991435398101,-0.7394662468772634,0.8813316371009629,0.9841231756854657,0
-0.46546902347764374,-1.1099901739376037,0.8491410419312149,-0.5818158412249637,-0.06640278899360229,-1.177851894974348,-0.4090788379283631,-1.461440576166749,0.001192415045823164,0.23238544103697253,-0.997471732522988,-0.09092794783573821,-1.0161329645585022,0
-0.634918112038349,-1.1099901739376037,0.8491410419312149,-0.06404697411088581,-0.911310674287764,0.9048055324001227,-1.042512820865339,-0.8828162337175963,-0.34120603631519225,-1.143668312693375,-0.997471732522988,-0.9242933063529105,0.9841231756854657,0
-0.8043672005990544,0.9009088760241706,-1.179024470547907,-0.1786206680934587,-0.7423290972289317,0.9048055324001227,-1.042512820865339,-1.461440576166749,1.286865031430813,-1.143668312693375,-0.7394662468772634,-0.3488743683291487,-1.0161329645585022,1
-0.8043672005990544,-1.1099901739376037,-0.502969299721533,-0.16628682178051735,-0.7423290972289317,0.9048055324001227,-1.042512820865339,-0.3041918912684436,1.2029438423717405,-1.143668312693375,-0.997471732522988,0.20670253734896618,-1.0161329645585022,1
-0.634918112038349,-1.1099901739376037,-0.502969299721533,-0.5833161170248733,-0.5733475201700994,0.21058638994196582,-0.4090788379283631,-0.3041918912684436,1.7736079279734327,0.23238544103697253,-0.4814607612315388,0.5241750548793175,0.9841231756854657,0
-0.634918112038349,0.9009088760241706,0.8491410419312149,-0.5777729927536281,-0.7423290972289317,-1.177851894974348,-0.3298995900612411,-0.3041918912684436,-1.0427871768490378,0.3470565871811683,-0.7394662468772634,-1.162397694500674,0.9841231756854657,0
-0.2960199349169384,-1.1099901739376037,-0.502969299721533,-0.031719978717043386,-0.5733475201700994,0.9048055324001227,-1.042512820865339,0.2744324511807092,0.001192415045823164,-1.143668312693375,-0.4814607612315388,1.258330251668255,0.9841231756854657,0
-0.9738162891597597,0.9009088760241706,-1.179024470547907,-0.14653055835223358,-0.5733475201700994,0.9048055324001227,-1.042512820865339,-0.8828162337175963,-0.6500360120525788,-1.143668312693375,-0.997471732522988,-0.9242933063529105,-1.0161329645585022,1
-0.8043672005990544,-1.1099901739376037,1.5251962127575889,-0.13410195777824532,-0.7423290972289317,0.9048055324001227,-1.042512820865339,0.853056793629862,-0.21700267650776528,-1.143668312693375,-0.4814607612315388,0.782121475372728,-1.0161329645585022,1
-0.9738162891597597,-1.1099901739376037,-0.502969299721533,-0.12988539316165718,-0.911310674287764,0.9048055324001227,-1.042512820865339,0.2744324511807092,0.6154955189582334,-1.143668312693375,-0.7394662468772634,0.782121475372728,-1.0161329645585022,1
-0.46546902347764374,0.9009088760241706,1.5251962127575889,-0.0077629430490126425,-0.7423290972289317,0.9048055324001227,-1.042512820865339,-0.3041918912684436,-0.8447331706696268,-1.143668312693375,-0.4814607612315388,0.7622794430270811,-1.0161329645585022,0
-0.634918112038349,0.9009088760241706,1.5251962127575889,-0.5808998833681767,-0.404365943111267,0.21058638994196582,0.06599664927436881,0.2744324511807092,-1.0427871768490378,1.035083464046342,-0.4814607612315388,-0.13061201252703214,0.9841231756854657,0
-0.9738162891597597,0.9009088760241706,1.5251962127575889,-0.015027436395943521,-0.911310674287764,0.9048055324001227,-1.042512820865339,-0.8828162337175963,-1.3482603050240614,-1.143668312693375,-0.4814607612315388,1.35754041339649,-1.0161329645585022,0
-0.9738162891597597,0.9009088760241706,-0.502969299721533,-0.5853691260142233,-0.911310674287764,0.21058638994196582,-0.2507203421941191,-0.8828162337175963,0.5651428055227898,0.5763988794695595,-0.4814607612315388,0.22654456969461315,0.9841231756854657,0
-0.2960199349169384,0.9009088760241706,-0.502969299721533,-0.015817055238001226,-0.23538436605243465,0.9048055324001227,-1.042512820865339,1.4316811360790147,-1.7510820125076092,-1.143668312693375,-0.997471732522988,0.6233852166075523,-1.0161329645585022,0
-0.8043672005990544,0.9009088760241706,-0.502969299721533,-0.010242346213073834,-0.911310674287764,0.9048055324001227,-1.042512820865339,-0.8828162337175963,1.286865031430813,-1.143668312693375,-0.7394662468772634,-0.8052411122790287,0.9841231756854657,0
-0.2960199349169384,0.9009088760241706,0.8491410419312149,-0.5823211972838805,-0.404365943111267,-1.177851894974348,-0.2507203421941191,0.853056793629862,0.5651428055227898,0.5763988794695595,-0.7394662468772634,0.7225953783357871,-1.0161329645585022,0
-0.8043672005990544,0.9009088760241706,1.5251962127575889,-0.015106398280149293,-0.7423290972289317,0.9048055324001227,-1.042512820865339,1.4316811360790147,0.8739727812601764,-1.143668312693375,-0.7394662468772634,0.8614896047553159,-1.0161329645585022,0
-0.8043672005990544,-1.1099901739376037,-0.502969299721533,0.0020915000998675062,-0.911310674287764,0.9048055324001227,-1.042512820865339,-0.8828162337175963,-1.6839450612603513,-1.143668312693375,-0.997471732522988,-0.13061201252703214,0.9841231756854657,0
-0.46546902347764374,-1.1099901739376037,0.8491410419312149,-0.10431753505582872,-0.5733475201700994,0.9048055324001227,-1.042512820865339,0.2744324511807092,0.8269769153870962,-1.143668312693375,-0.7394662468772634,-1.3211339532658497,-1.0161329645585022,1
-0.8043672005990544,0.9009088760241706,-1.179024470547907,0.026016951014215944,-0.911310674287764,0.9048055324001227,-1.042512820865339,0.2744324511807092,-0.005521280078902488,-1.143668312693375,-0.997471732522988,0.4844909901880236,0.9841231756854657,0
-0.8043672005990544,-1.1099901739376037,0.8491410419312149,-0.582479121052292,-0.5733475201700994,-1.177851894974348,0.38271364074285674,1.4316811360790147,0.4745079213389917,1.6084391947673204,-0.7394662468772634,0.821805540064022,-1.0161329645585022,0
-1.143265377720465,0.9009088760241706,0.8491410419312149,-0.5800470950187544,-0.911310674287764,0.21058638994196582,-0.2507203421941191,1.4316811360790147,-0.3680608168140954,0.5763988794695595,-0.7394662468772634,0.5241750548793175,-1.0161329645585022,0
-0.9738162891597597,-1.1099901739376037,0.8491410419312149,-0.584626884302689,-0.911310674287764,-1.177851894974348,-0.7257958293968509,0.2744324511807092,-1.0427871768490378,-0.2262991435398101,-0.7394662468772634,-0.7060309505507939,0.9841231756854657,0
-0.2960199349169384,-1.1099901739376037,1.5251962127575889,0.037213746194594194,-0.06640278899360229,0.9048055324001227,-1.042512820865339,-0.8828162337175963,-0.7138161157374736,-1.143668312693375,-0.997471732522988,-0.3488743683291487,0.9841231756854657,0
-0.2960199349169384,-1.1099901739376037,0.8491410419312149,0.03384996992742837,-0.23538436605243465,0.9048055324001227,-1.042512820865339,-0.3041918912684436,-0.5661148229935064,-1.143668312693375,-0.4814607612315388,-1.12271362980938,0.9841231756854657,0
-1.143265377720465,-1.1099901739376037,-0.502969299721533,0.040135335910207695,-0.911310674287764,0.9048055324001227,-1.042512820865339,0.853056793629862,0.25966967734776614,-1.143668312693375,-0.997471732522988,0.26622863438590705,-1.0161329645585022,0
-0.2960199349169384,0.9009088760241706,-0.502969299721533,-0.21396400746396152,-0.23538436605243465,0.9048055324001227,-1.042512820865339,0.2744324511807092,2.8243012149930204,-1.0289971665491795,-0.997471732522988,0.5043330225336705,-1.0161329645585022,1
-0.8043672005990544,0.9009088760241706,-0.502969299721533,0.07828971835843597,-0.911310674287764,0.9048055324001227,-1.042512820865339,1.4316811360790147,1.0955247203761276,-1.143668312693375,-0.997471732522988,-0.7457150152420878,0.9841231756854657,0
-0.9738162891597597,-1.1099901739376037,-0.502969299721533,0.08470142335594452,-0.911310674287764,0.9048055324001227,-1.042512820865339,0.853056793629862,-1.2475548781531747,-1.143668312693375,-0.4814607612315388,0.305912699077201,-1.0161329645585022,0
-0.634918112038349,0.9009088760241706,1.5251962127575889,-0.027329697955202552,-0.404365943111267,0.9048055324001227,-1.042512820865339,-1.461440576166749,1.4110683912382405,-1.143668312693375,-0.4814607612315388,-0.5869787564769122,-1.0161329645585022,1
-0.634918112038349,0.9009088760241706,1.5251962127575889,-0.5817210869639167,-0.23538436605243465,-1.177851894974348,0.8577891279455886,-0.8828162337175963,-1.1804179269059165,2.411137217776689,-0.4814607612315388,0.782121475372728,-1.0161329645585022,0
-0.9738162891597597,-1.1099901739376037,-0.502969299721533,-0.5848953547089887,-0.911310674287764,-1.177851894974348,-0.5674373336626071,-0.8828162337175963,-1.1804179269059165,0.003043148748581378,-0.4814607612315388,0.8813316371009629,0.9841231756854657,0
-0.9738162891597597,0.9009088760241706,1.5251962127575889,0.09635619746471624,-0.911310674287764,0.9048055324001227,-1.042512820865339,0.2744324511807092,1.223084927745918,-1.2583394588375707,-0.4814607612315388,1.4170665104334308,-1.0161329645585022,0
-0.2960199349169384,0.9009088760241706,1.5251962127575889,0.09834603694670166,0.10257878806523006,0.9048055324001227,-1.042512820865339,0.2744324511807092,0.001192415045823164,-1.2583394588375707,-0.4814607612315388,-0.8052411122790287,0.9841231756854657,0
-0.2960199349169384,0.9009088760241706,0.8491410419312149,-0.5826212524438625,0.10257878806523006,-1.177851894974348,-0.3774071387815143,0.853056793629862,-0.1397951825734185,0.3470565871811683,-0.7394662468772634,0.16701847265767225,-1.0161329645585022,0
-0.8043672005990544,0.9009088760241706,0.8491410419312149,0.1180707156213031,-0.911310674287764,0.9048055324001227,-1.042512820865339,0.2744324511807092,0.3301634761573873,-1.2583394588375707,-0.997471732522988,-0.38855843302044263,0.9841231756854657,0
-1.143265377720465,-1.1099901739376037,-1.179024470547907,-0.5722772456129066,-0.911310674287764,-1.177851894974348,0.8577891279455886,-1.461440576166749,0.001192415045823164,2.2964660716324943,-0.4814607612315388,-2.650550120424196,0.9841231756854657,0
-0.8043672005990544,0.9009088760241706,0.8491410419312149,0.11737585104029233,-0.404365943111267,0.9048055324001227,-1.042512820865339,0.853056793629862,-1.2005590122800942,-1.2583394588375707,-0.997471732522988,0.8813316371009629,0.9841231756854657,0
-0.2960199349169384,0.9009088760241706,0.8491410419312149,0.12004476272644736,0.10257878806523006,0.9048055324001227,-1.042512820865339,-0.3041918912684436,-1.2475548781531747,-1.2583394588375707,-0.997471732522988,-0.30919030363785477,0.9841231756854657,0
-0.8043672005990544,-1.1099901739376037,-1.179024470547907,0.13370516869404564,-0.911310674287764,0.9048055324001227,-1.042512820865339,1.4316811360790147,0.3939435798422821,-1.2583394588375707,-0.7394662468772634,-1.7179746001787888,0.9841231756854657,0
-0.9738162891597597,0.9009088760241706,1.5251962127575889,-0.5863166686246926,-0.911310674287764,-1.177851894974348,-0.7257958293968509,1.4316811360790147,3.018998373610068,-0.2262991435398101,-0.997471732522988,1.4567505751247247,0.9841231756854657,0
-0.8043672005990544,-1.1099901739376037,1.5251962127575889,0.1633000828943684,-0.404365943111267,0.9048055324001227,-1.042512820865339,-1.461440576166749,0.3301634761573873,-1.2583394588375707,-0.4814607612315388,-0.20998014190961997,0.9841231756854657,0
-0.8043672005990544,0.9009088760241706,-1.179024470547907,-0.5850532784774002,-0.911310674287764,-1.177851894974348,-1.1850354670261585,-0.8828162337175963,-1.8752853723150364,-1.0289971665491795,-0.7394662468772634,-1.102871597463733,0.9841231756854657,0
-0.634918112038349,-1.1099901739376037,-0.502969299721533,-0.6962789885696484,-0.7423290972289317,-1.177851894974348,-0.5674373336626071,0.2744324511807092,1.5486991412951188,0.3470565871811683,-0.7394662468772634,0.40512286080543575,-1.0161329645585022,1
-1.143265377720465,-1.1099901739376037,-0.502969299721533,-0.5832213627638263,-0.911310674287764,-1.177851894974348,-0.7574675285436998,-1.461440576166749,-0.005521280078902488,-0.34097028968400567,-0.7394662468772634,-0.24966420660091387,-1.0161329645585022,0
-0.9738162891597597,-1.1099901739376037,-0.502969299721533,0.17659726419462016,-0.911310674287764,0.9048055324001227,-1.042512820865339,-0.8828162337175963,-0.707102420612748,-1.2583394588375707,-0.997471732522988,-0.44808453005738347,0.9841231756854657,0
-0.634918112038349,0.9009088760241706,1.5251962127575889,-0.5872326264814794,-0.23538436605243465,-1.177851894974348,-0.7574675285436998,-1.461440576166749,-1.8752853723150364,-0.34097028968400567,-0.7394662468772634,1.337698381050843,0.9841231756854657,0
-0.8043672005990544,0.9009088760241706,-0.502969299721533,0.17408627627687664,-0.7423290972289317,0.9048055324001227,-1.042512820865339,0.853056793629862,0.001192415045823164,-1.2583394588375707,-0.997471732522988,-0.7457150152420878,0.9841231756854657,0
-0.634918112038349,-1.1099901739376037,-0.502969299721533,0.17332824218850124,-0.404365943111267,0.9048055324001227,-1.042512820865339,-0.3041918912684436,0.001192415045823164,-1.2583394588375707,-0.4814607612315388,0.20670253734896618,0.9841231756854657,0
-0.8043672005990544,0.9009088760241706,1.5251962127575889,-0.5831581932564617,-0.7423290972289317,-1.177851894974348,-0.9118670618845877,1.4316811360790147,-1.1804179269059165,-0.570312581972397,-0.4814607612315388,-0.9639773710442044,0.9841231756854657,0
-0.8043672005990544,-1.1099901739376037,-0.502969299721533,0.21944198256467118,-0.911310674287764,0.9048055324001227,-1.042512820865339,-0.8828162337175963,-0.46205254856025635,-1.2583394588375707,-0.997471732522988,0.5638591195706114,-1.0161329645585022,0
-0.46546902347764374,0.9009088760241706,-0.502969299721533,0.22095805074142197,-0.404365943111267,0.9048055324001227,-1.042512820865339,-0.3041918912684436,-1.4993184453303918,-1.2583394588375707,-0.4814607612315388,-0.6663468858595001,0.9841231756854657,0
-0.46546902347764374,-1.1099901739376037,-0.502969299721533,-0.5780730479136101,-0.06640278899360229,0.21058638994196582,-0.5040939353689095,0.2744324511807092,0.001192415045823164,0.1177142948927768,-0.997471732522988,-0.8250831446246757,0.9841231756854657,0
-0.8043672005990544,-1.1099901739376037,0.8491410419312149,0.234286816795356,-0.911310674287764,0.9048055324001227,-1.042512820865339,1.4316811360790147,1.9750187817152072,-1.2583394588375707,-0.7394662468772634,-0.8250831446246757,0.9841231756854657,0
-0.9738162891597597,-1.1099901739376037,-1.179024470547907,0.23668725807521143,-0.911310674287764,0.9048055324001227,-1.042512820865339,0.853056793629862,-1.3482603050240614,-1.2583394588375707,-0.4814607612315388,0.22654456969461315,0.9841231756854657,0
-0.9738162891597597,-1.1099901739376037,-1.179024470547907,0.22525357724221587,-0.7423290972289317,0.9048055324001227,-1.042512820865339,1.4316811360790147,1.7836784706605218,-1.2583394588375707,-0.997471732522988,-0.44808453005738347,0.9841231756854657,0
-0.9738162891597597,0.9009088760241706,-1.179024470547907,0.32881998456650435,-0.911310674287764,0.9048055324001227,-1.042512820865339,-0.8828162337175963,-0.46205254856025635,-1.2583394588375707,-0.7394662468772634,1.0003838311748445,-1.0161329645585022,0
-0.46546902347764374,-1.1099901739376037,0.8491410419312149,0.3468390865422612,-0.404365943111267,0.9048055324001227,-1.042512820865339,-1.461440576166749,-1.7510820125076092,-1.2583394588375707,-0.7394662468772634,-0.4877685947486774,0.9841231756854657,0
-0.46546902347764374,-1.1099901739376037,0.8491410419312149,0.020521203873494324,-0.06640278899360229,0.9048055324001227,-1.042512820865339,0.2744324511807092,1.6829730437896346,-1.143668312693375,-0.4814607612315388,-0.11076998018138517,-1.0161329645585022,1
-0.9738162891597597,-1.1099901739376037,-1.179024470547907,-0.5830318542417325,-0.911310674287764,-1.177851894974348,-0.963333572998217,0.853056793629862,0.16232109803924238,-0.6849837281165926,-0.7394662468772634,-1.9362369559809054,0.9841231756854657,0
-0.9738162891597597,0.9009088760241706,-1.179024470547907,0.36457392573487724,-0.911310674287764,0.9048055324001227,-1.042512820865339,-0.8828162337175963,-0.005521280078902488,-1.2583394588375707,-0.997471732522988,-1.4401861473397315,-1.0161329645585022,0
-0.8043672005990544,-1.1099901739376037,0.8491410419312149,0.36356321361704336,-0.7423290972289317,0.9048055324001227,-1.042512820865339,1.4316811360790147,-1.1804179269059165,-1.2583394588375707,-0.7394662468772634,-0.5671367241312653,-1.0161329645585022,0
-0.634918112038349,0.9009088760241706,1.5251962127575889,0.44996330731499734,-0.404365943111267,0.9048055324001227,-1.042512820865339,0.853056793629862,-0.25392799969375696,-1.2583394588375707,-0.7394662468772634,-0.13061201252703214,0.9841231756854657,0
-0.8043672005990544,-1.1099901739376037,-0.502969299721533,-0.5817210869639167,-0.5733475201700994,0.21058638994196582,-0.646616581529729,1.4316811360790147,-1.8752853723150364,-0.11162799739561437,-0.997471732522988,0.9805417988291976,-1.0161329645585022,0
-0.2960199349169384,-1.1099901739376037,-0.502969299721533,0.4591702630133902,-0.23538436605243465,0.9048055324001227,-1.042512820865339,0.2744324511807092,0.001192415045823164,-1.2583394588375707,-0.4814607612315388,0.801963507718375,-1.0161329645585022,0
-0.46546902347764374,0.9009088760241706,0.8491410419312149,-0.5796680779745667,-0.911310674287764,-1.177851894974348,0.06599664927436881,-0.3041918912684436,0.3301634761573873,1.035083464046342,-0.4814607612315388,-1.9759210206721993,-1.0161329645585022,0
-0.46546902347764374,-1.1099901739376037,0.8491410419312149,-0.5832845322711909,-0.404365943111267,-1.177851894974348,-0.7257958293968509,0.853056793629862,-1.6839450612603513,-0.2262991435398101,-0.4814607612315388,0.16701847265767225,0.9841231756854657,0
-0.2960199349169384,0.9009088760241706,-0.502969299721533,0.6509686797492066,-0.404365943111267,0.9048055324001227,-1.042512820865339,-1.461440576166749,0.860545391010725,-1.3730106049817663,-0.7394662468772634,-2.571181991041608,0.9841231756854657,0
-0.9738162891597597,0.9009088760241706,0.8491410419312149,-0.7021853375082401,-0.911310674287764,-1.177851894974348,-0.09236184645987515,-1.461440576166749,0.001192415045823164,1.2644257563347332,-0.4814607612315388,-0.8846092416616166,-1.0161329645585022,1
-0.634918112038349,0.9009088760241706,0.8491410419312149,0.6526742564480512,-0.5733475201700994,0.9048055324001227,-1.042512820865339,-0.3041918912684436,-0.41841353024953903,-1.3730106049817663,-0.7394662468772634,0.6432272489531993,0.9841231756854657,0
-0.2960199349169384,-1.1099901739376037,0.8491410419312149,0.7104269785561517,-0.23538436605243465,0.9048055324001227,-1.042512820865339,0.853056793629862,-1.0495008719737637,-1.3730106049817663,-0.4814607612315388,-0.5472946917856183,-1.0161329645585022,0
-0.634918112038349,-1.1099901739376037,1.5251962127575889,0.8379504215484709,-0.911310674287764,0.9048055324001227,-1.042512820865339,1.4316811360790147,-1.0495008719737637,-1.3730106049817663,-0.997471732522988,0.5241750548793175,-1.0161329645585022,0
-1.143265377720465,-1.1099901739376037,-1.179024470547907,-0.5857481430584109,-0.911310674287764,0.21058638994196582,-0.8841543251310949,-0.8828162337175963,-1.2475548781531747,-0.570312581972397,-0.997471732522988,-1.7378166325244357,0.9841231756854657,0
-0.8043672005990544,-1.1099901739376037,0.8491410419312149,0.8401297695525501,-0.911310674287764,0.9048055324001227,-1.042512820865339,-0.8828162337175963,1.0787404825643134,-1.3730106049817663,-0.7394662468772634,-1.162397694500674,0.9841231756854657,0
-0.634918112038349,-1.1099901739376037,0.8491410419312149,0.9339206956121643,-0.7423290972289317,0.9048055324001227,-1.042512820865339,-0.3041918912684436,1.0955247203761276,-1.3730106049817663,-0.997471732522988,0.7027533459901402,0.9841231756854657,0
-0.634918112038349,-1.1099901739376037,-1.179024470547907,1.0336811401177346,-0.23538436605243465,0.9048055324001227,-1.042512820865339,-0.3041918912684436,-1.7510820125076092,-1.3730106049817663,-0.4814607612315388,-1.162397694500674,-1.0161329645585022,0
-0.634918112038349,-1.1099901739376037,-1.179024470547907,-0.5861429524794398,-0.911310674287764,-1.177851894974348,-0.9474977234247925,1.4316811360790147,-1.371758237960602,-0.6849837281165926,-0.997471732522988,-0.4877685947486774,-1.0161329645585022,0
-0.2960199349169384,-1.1099901739376037,-1.179024470547907,-0.5859850287110283,-0.23538436605243465,0.21058638994196582,-0.6307807319563046,1.4316811360790147,0.03476089066945202,-0.11162799739561437,-0.4814607612315388,-0.6266628211682062,0.9841231756854657,0
-1.143265377720465,-1.1099901739376037,0.8491410419312149,-0.5869799484520211,-0.911310674287764,0.21058638994196582,-0.4882580857954851,-0.8828162337175963,0.8135495251376443,0.1177142948927768,-0.997471732522988,0.7225953783357871,-1.0161329645585022,0
-0.634918112038349,0.9009088760241706,-1.179024470547907,1.1211077383103636,-0.5733475201700994,0.9048055324001227,-1.042512820865339,-1.461440576166749,1.2465828606824585,-1.3730106049817663,-0.7394662468772634,-0.8250831446246757,0.9841231756854657,0
-0.9738162891597597,0.9009088760241706,-0.502969299721533,-0.5816263327028698,-0.911310674287764,-1.177851894974348,-0.8841543251310949,1.4316811360790147,-1.2475548781531747,-0.570312581972397,-0.997471732522988,0.26622863438590705,0.9841231756854657,0
-0.2960199349169384,0.9009088760241706,-1.179024470547907,1.121344623962981,-0.5733475201700994,0.9048055324001227,-1.042512820865339,0.2744324511807092,0.4040141225293712,-1.3730106049817663,-0.4814607612315388,-0.15045404487267908,0.9841231756854657,0
-0.634918112038349,0.9009088760241706,0.8491410419312149,-0.581042014759747,-0.7423290972289317,-1.177851894974348,-1.2008713165995828,1.4316811360790147,-0.21364582894540246,-1.0289971665491795,-0.997471732522988,0.10749237562073138,0.9841231756854657,0
-0.634918112038349,0.9009088760241706,0.8491410419312149,1.4427194926804665,-0.7423290972289317,0.9048055324001227,-1.042512820865339,-1.461440576166749,-1.0495008719737637,-1.3730106049817663,-0.997471732522988,0.18686050500331922,0.9841231756854657,0
-0.46546902347764374,-1.1099901739376037,0.8491410419312149,1.3611992434264293,-0.7423290972289317,0.9048055324001227,-1.042512820865339,-0.8828162337175963,0.6893461653302174,-1.3730106049817663,-0.997471732522988,-1.0433455004267922,-1.0161329645585022,1
-0.46546902347764374,-1.1099901739376037,-0.502969299721533,2.1606093591256488,-0.7423290972289317,0.9048055324001227,-1.042512820865339,1.4316811360790147,0.03811773823181484,-1.487681751125962,-0.997471732522988,-0.13061201252703214,0.9841231756854657,0
-0.46546902347764374,-1.1099901739376037,-0.502969299721533,-0.913313623497629,-0.06640278899360229,0.9048055324001227,-1.038553858471983,1.4316811360790147,0.16232109803924238,0.003043148748581378,-0.997471732522988,1.0599099282117854,-1.0161329645585022,1
-0.46546902347764374,-1.1099901739376037,-1.179024470547907,-0.581863218355487,-0.06640278899360229,0.21058638994196582,-0.9474977234247925,-0.8828162337175963,0.8135495251376443,-0.6849837281165926,-0.7394662468772634,0.028124246238143545,-1.0161329645585022,0
-0.9738162891597597,-1.1099901739376037,-0.502969299721533,-0.9305904837618516,-0.911310674287764,0.9048055324001227,-1.0345948960786266,-0.8828162337175963,-0.3680608168140954,0.1177142948927768,-0.7394662468772634,-0.40840046536608954,-1.0161329645585022,1
-0.2960199349169384,-1.1099901739376037,-1.179024470547907,-0.5824317439217687,-0.23538436605243465,0.21058638994196582,-0.3774071387815143,0.853056793629862,0.03476089066945202,0.3470565871811683,-0.4814607612315388,0.782121475372728,-1.0161329645585022,0
-0.8043672005990544,-1.1099901739376037,0.8491410419312149,-0.7901962536439918,-0.911310674287764,0.9048055324001227,-1.0345948960786266,0.2744324511807092,-1.1804179269059165,-0.45564143582820127,-0.4814607612315388,0.5043330225336705,0.9841231756854657,0
-0.8043672005990544,0.9009088760241706,-1.179024470547907,-1.0168010689377118,-0.911310674287764,0.9048055324001227,-1.0306359336852706,0.853056793629862,-0.21364582894540246,0.6910700256137552,-0.997471732522988,0.6829113136444932,-1.0161329645585022,1
-0.46546902347764374,0.9009088760241706,-1.179024470547907,-0.6757173139224658,-0.5733475201700994,0.9048055324001227,-1.0306359336852706,-0.8828162337175963,-0.1397951825734185,-0.6849837281165926,-0.997471732522988,-1.2417658238832618,0.9841231756854657,0
-0.2960199349169384,-1.1099901739376037,0.8491410419312149,-0.5844531681574363,0.10257878806523006,-1.177851894974348,-0.2507203421941191,0.2744324511807092,-1.8752853723150364,0.5763988794695595,-0.997471732522988,0.801963507718375,0.9841231756854657,0
-1.143265377720465,-1.1099901739376037,-0.502969299721533,-0.5769991662884116,-0.911310674287764,-1.177851894974348,-1.2800505644667048,0.2744324511807092,-0.46205254856025635,-1.2583394588375707,-0.4814607612315388,0.14717644031202531,0.9841231756854657,0
-0.2960199349169384,-1.1099901739376037,1.5251962127575889,-0.4156326597254992,-0.06640278899360229,0.9048055324001227,-1.0306359336852706,0.2744324511807092,-0.005521280078902488,-0.9143260204049839,-0.7394662468772634,0.7027533459901402,0.9841231756854657,0
-0.8043672005990544,-1.1099901739376037,0.8491410419312149,-0.6999112352431138,-0.23538436605243465,0.21058638994196582,0.06599664927436881,0.2744324511807092,2.5557534100039887,1.6084391947673204,-0.7394662468772634,-1.4401861473397315,-1.0161329645585022,1
-0.46546902347764374,0.9009088760241706,0.8491410419312149,-0.867910540079311,-0.7423290972289317,0.9048055324001227,-1.0266769712919146,0.2744324511807092,0.23617174441122635,-0.2262991435398101,-0.4814607612315388,0.20670253734896618,0.9841231756854657,0
-0.2960199349169384,0.9009088760241706,-1.179024470547907,-0.5871536645972737,-0.404365943111267,-1.177851894974348,-0.9158260242779438,-0.3041918912684436,-1.4993184453303918,-0.570312581972397,-0.7394662468772634,-1.5393963090679663,0.9841231756854657,0
-0.8043672005990544,0.9009088760241706,0.8491410419312149,-0.8637571449700875,-0.5733475201700994,0.9048055324001227,-1.0227180088985584,0.853056793629862,0.5382880250238866,-0.2262991435398101,-0.7394662468772634,-0.22982217425526694,0.9841231756854657,0
-0.2960199349169384,-1.1099901739376037,1.5251962127575889,-0.5782309716820216,-0.23538436605243465,-1.177851894974348,-1.121692068732461,-0.3041918912684436,-0.5896127559300467,-0.9143260204049839,-0.7394662468772634,-1.2417658238832618,0.9841231756854657,0
-1.143265377720465,-1.1099901739376037,-1.179024470547907,-0.9580692194654596,-0.911310674287764,0.9048055324001227,-1.0187590465052023,-0.3041918912684436,-0.005521280078902488,0.23238544103697253,-0.4814607612315388,-1.8767108589439645,-1.0161329645585022,1
-0.46546902347764374,-1.1099901739376037,0.8491410419312149,-0.4481649560182766,0.10257878806523006,0.9048055324001227,-1.0187590465052023,-0.8828162337175963,-1.7510820125076092,-0.9143260204049839,-0.4814607612315388,-2.49181386165902,0.9841231756854657,0
-0.9738162891597597,-1.1099901739376037,-0.502969299721533,-0.5825107058059744,-0.911310674287764,-1.177851894974348,-0.2507203421941191,-0.8828162337175963,-1.7510820125076092,0.5763988794695595,-0.4814607612315388,0.18686050500331922,0.9841231756854657,0
-0.634918112038349,-1.1099901739376037,-1.179024470547907,-0.5814052394270937,-0.911310674287764,0.21058638994196582,-0.9474977234247925,1.4316811360790147,-0.34120603631519225,-0.6849837281165926,-0.4814607612315388,0.6829113136444932,0.9841231756854657,0
-0.9738162891597597,-1.1099901739376037,-0.502969299721533,-0.6953314459591792,-0.911310674287764,-1.177851894974348,0.38271364074285674,0.853056793629862,-1.8752853723150364,2.1817949254882985,-0.4814607612315388,0.5043330225336705,-1.0161329645585022,1
-0.9738162891597597,-1.1099901739376037,1.5251962127575889,0.5707907825266673,-0.7423290972289317,0.9048055324001227,-1.0187590465052023,-0.8828162337175963,-1.6805882136979884,-1.2583394588375707,-0.997471732522988,0.9210157017922567,-1.0161329645585022,0
-1.143265377720465,0.9009088760241706,-0.502969299721533,-0.6972423235569588,-0.911310674287764,0.9048055324001227,-1.0148000841118463,-0.8828162337175963,-1.6705176710108995,-0.570312581972397,-0.4814607612315388,-2.749760282152431,0.9841231756854657,0
-0.634918112038349,0.9009088760241706,-0.502969299721533,-1.0188540779270618,0.10257878806523006,0.9048055324001227,-1.01084112171849,0.853056793629862,-1.6839450612603513,0.8057411717579506,-0.7394662468772634,0.7027533459901402,-1.0161329645585022,1
-0.634918112038349,0.9009088760241706,0.8491410419312149,-0.5833161170248733,-0.5733475201700994,-1.177851894974348,-0.286351003734324,0.2744324511807092,0.001192415045823164,0.4617277333253637,-0.997471732522988,-0.22982217425526694,0.9841231756854657,0
-1.143265377720465,0.9009088760241706,-0.502969299721533,-1.021333481091123,-0.911310674287764,0.9048055324001227,-1.01084112171849,1.4316811360790147,0.16232109803924238,0.8057411717579506,-0.997471732522988,-0.03140185079879733,-1.0161329645585022,1
-0.2960199349169384,-1.1099901739376037,0.8491410419312149,-0.9699924639805311,-0.404365943111267,0.9048055324001227,-1.01084112171849,0.2744324511807092,0.4040141225293712,0.3470565871811683,-0.997471732522988,0.028124246238143545,-1.0161329645585022,1
-0.9738162891597597,0.9009088760241706,-0.502969299721533,-0.9467460852703522,-0.911310674287764,0.9048055324001227,-1.01084112171849,1.4316811360790147,2.3241309282009484,0.23238544103697253,-0.4814607612315388,-0.2893482712922078,-1.0161329645585022,1
-0.46546902347764374,0.9009088760241706,0.8491410419312149,-0.9434612708873922,-0.23538436605243465,0.9048055324001227,-1.01084112171849,-1.461440576166749,-0.5661148229935064,0.23238544103697253,-0.997471732522988,-0.24966420660091387,-1.0161329645585022,1
-1.143265377720465,0.9009088760241706,-1.179024470547907,-0.9034275955950666,-0.911310674287764,0.9048055324001227,-1.01084112171849,0.853056793629862,-0.8447331706696268,0.003043148748581378,-0.7394662468772634,-0.46792656240303043,-1.0161329645585022,1
-0.9738162891597597,-1.1099901739376037,0.8491410419312149,-0.5868851941909741,-0.911310674287764,-1.177851894974348,-0.963333572998217,0.2744324511807092,0.001192415045823164,-0.6849837281165926,-0.7394662468772634,0.32575473142284794,-1.0161329645585022,0
-0.8043672005990544,-1.1099901739376037,1.5251962127575889,-0.909207605518929,-0.5733475201700994,0.9048055324001227,-1.01084112171849,-0.3041918912684436,0.001192415045823164,0.003043148748581378,-0.4814607612315388,-0.9242933063529105,-1.0161329645585022,1
-0.8043672005990544,0.9009088760241706,-0.502969299721533,-0.6946839585086919,-0.911310674287764,-1.177851894974348,-0.5674373336626071,0.853056793629862,-1.0495008719737637,0.3470565871811683,-0.997471732522988,-0.9838194033898514,-1.0161329645585022,1
-1.143265377720465,-1.1099901739376037,0.8491410419312149,-0.5871220798435914,-0.911310674287764,-1.177851894974348,0.6440051587043593,-1.461440576166749,-1.173704231781191,2.0671237793441026,-0.4814607612315388,-0.190138109563973,0.9841231756854657,0
-0.9738162891597597,0.9009088760241706,-1.179024470547907,-0.8831185989773425,-0.7423290972289317,0.9048055324001227,-1.01084112171849,-0.8828162337175963,1.4345663241747801,-0.11162799739561437,-0.7394662468772634,0.9606997664835506,-1.0161329645585022,1
-0.8043672005990544,0.9009088760241706,-0.502969299721533,-0.868621197037163,-0.911310674287764,0.9048055324001227,-1.01084112171849,0.853056793629862,-1.2979075915886182,-0.11162799739561437,-0.4814607612315388,-0.32903233598350173,0.9841231756854657,0
-0.8043672005990544,-1.1099901739376037,-1.179024470547907,-0.864325670536369,-0.911310674287764,0.9048055324001227,-1.01084112171849,1.4316811360790147,1.676259348664909,-0.11162799739561437,-0.997471732522988,-0.8846092416616166,-1.0161329645585022,1
-0.8043672005990544,0.9009088760241706,0.8491410419312149,-0.8509179425982293,-0.911310674287764,0.9048055324001227,-1.01084112171849,-0.8828162337175963,1.286865031430813,-0.2262991435398101,-0.997471732522988,-1.0830295651180861,0.9841231756854657,0
-0.8043672005990544,0.9009088760241706,-1.179024470547907,-0.8248289360566426,-0.911310674287764,0.9048055324001227,-1.01084112171849,0.2744324511807092,0.5651428055227898,-0.2262991435398101,-0.4814607612315388,0.18686050500331922,-1.0161329645585022,0
-0.46546902347764374,0.9009088760241706,-1.179024470547907,-0.814200666442546,-0.06640278899360229,0.9048055324001227,-1.01084112171849,-1.461440576166749,1.2700807936189982,-0.34097028968400567,-0.997471732522988,1.1591200899400202,0.9841231756854657,0
-0.634918112038349,0.9009088760241706,-0.502969299721533,-0.5811051842671117,-0.5733475201700994,-1.177851894974348,-0.2507203421941191,-0.8828162337175963,0.2865244578466693,0.5763988794695595,-0.7394662468772634,0.16701847265767225,-1.0161329645585022,0
-1.143265377720465,0.9009088760241706,0.8491410419312149,-0.7856796338674217,-0.911310674287764,0.9048055324001227,-1.01084112171849,-1.461440576166749,0.860545391010725,-0.34097028968400567,-0.4814607612315388,-2.5910240233872552,0.9841231756854657,0
-0.2960199349169384,0.9009088760241706,-1.179024470547907,-0.5827949685891152,-0.911310674287764,-1.177851894974348,-0.5674373336626071,1.4316811360790147,-1.173704231781191,0.003043148748581378,-0.4814607612315388,0.0479662785837905,0.9841231756854657,0
-0.634918112038349,0.9009088760241706,-0.502969299721533,-0.7711190624198776,-0.23538436605243465,0.9048055324001227,-1.01084112171849,-1.461440576166749,0.7061304031420315,-0.45564143582820127,-0.4814607612315388,0.008282213892496587,-1.0161329645585022,1
-0.46546902347764374,-1.1099901739376037,-1.179024470547907,-0.7231418215764516,-0.5733475201700994,0.9048055324001227,-1.01084112171849,1.4316811360790147,0.4040141225293712,-0.570312581972397,-0.997471732522988,1.1392780575943733,-1.0161329645585022,0
-0.9738162891597597,-1.1099901739376037,-0.502969299721533,-0.7142980905454053,-0.404365943111267,0.9048055324001227,-1.01084112171849,-0.8828162337175963,-0.1397951825734185,-0.570312581972397,-0.997471732522988,0.12733440796637835,-1.0161329645585022,0
-1.143265377720465,0.9009088760241706,-0.502969299721533,-0.6759541995750831,-0.7423290972289317,0.9048055324001227,-1.01084112171849,0.853056793629862,0.001192415045823164,-0.570312581972397,-0.997471732522988,1.1789621222856672,0.9841231756854657,0
-0.46546902347764374,-1.1099901739376037,-0.502969299721533,-0.6779756238107508,-0.5733475201700994,0.9048055324001227,-1.01084112171849,0.2744324511807092,1.0015329886299666,-0.570312581972397,-0.997471732522988,1.35754041339649,-1.0161329645585022,0
-0.2960199349169384,0.9009088760241706,1.5251962127575889,-0.6753856740088016,-0.911310674287764,0.9048055324001227,-1.01084112171849,-1.461440576166749,0.001192415045823164,-0.570312581972397,-0.7394662468772634,0.008282213892496587,-1.0161329645585022,0
-1.143265377720465,-1.1099901739376037,0.8491410419312149,-0.6769333269392347,-0.911310674287764,0.9048055324001227,-1.01084112171849,0.2744324511807092,0.04483143335654109,-0.570312581972397,-0.7394662468772634,0.18686050500331922,-1.0161329645585022,0
-0.46546902347764374,-1.1099901739376037,0.8491410419312149,-0.681370984831599,-0.404365943111267,0.9048055324001227,-1.01084112171849,0.2744324511807092,-1.0092187012254088,-0.570312581972397,-0.4814607612315388,-0.051243883144444294,0.9841231756854657,0
-0.634918112038349,-1.1099901739376037,1.5251962127575889,-0.5789574210167148,-0.5733475201700994,-1.177851894974348,-1.0504307456520512,0.2744324511807092,0.001192415045823164,-0.7996548742607882,-0.4814607612315388,-0.2893482712922078,-1.0161329645585022,0
-0.8043672005990544,-1.1099901739376037,0.8491410419312149,-0.6571454787572686,-0.7423290972289317,0.9048055324001227,-1.01084112171849,-0.8828162337175963,0.16232109803924238,-0.6849837281165926,-0.4814607612315388,1.1392780575943733,-1.0161329645585022,0
-0.8043672005990544,-1.1099901739376037,1.5251962127575889,-0.6548555841153013,-0.911310674287764,0.9048055324001227,-1.01084112171849,-0.8828162337175963,0.8336906105118219,-0.6849837281165926,-0.4814607612315388,1.1392780575943733,0.9841231756854657,0
-0.9738162891597597,0.9009088760241706,0.8491410419312149,-0.655439902058424,-0.911310674287764,0.9048055324001227,-1.01084112171849,1.4316811360790147,0.3301634761573873,-0.6849837281165926,-0.997471732522988,-0.7853990799333818,0.9841231756854657,0
-0.9738162891597597,0.9009088760241706,0.8491410419312149,-0.6461539844758254,-0.911310674287764,0.9048055324001227,-1.01084112171849,0.853056793629862,-0.2707122375055717,-0.6849837281165926,-0.7394662468772634,-0.20998014190961997,0.9841231756854657,0
-0.46546902347764374,0.9009088760241706,1.5251962127575889,-0.6194174904837515,-0.23538436605243465,0.9048055324001227,-1.01084112171849,0.2744324511807092,-1.8752853723150364,-0.6849837281165926,-0.4814607612315388,0.0479662785837905,0.9841231756854657,0
-0.634918112038349,0.9009088760241706,1.5251962127575889,-0.6992005782852619,-0.404365943111267,-1.177851894974348,-1.2879684892534171,0.853056793629862,0.001192415045823164,-1.143668312693375,-0.4814607612315388,1.5162766721616654,-1.0161329645585022,1
-0.46546902347764374,0.9009088760241706,-1.179024470547907,-0.6992637477926266,0.10257878806523006,0.9048055324001227,-1.01084112171849,-0.3041918912684436,2.17642963545698,-0.570312581972397,-0.997471732522988,-0.36871640067479566,-1.0161329645585022,1
-0.2960199349169384,-1.1099901739376037,1.5251962127575889,-0.5863640457552161,-0.06640278899360229,-1.177851894974348,-1.042512820865339,1.4316811360790147,-1.4254677989584081,-0.7996548742607882,-0.7394662468772634,1.0995939929030794,-1.0161329645585022,0
-0.9738162891597597,0.9009088760241706,0.8491410419312149,-0.6737274744404804,-0.7423290972289317,0.9048055324001227,-1.01084112171849,-1.461440576166749,1.5486991412951188,-0.570312581972397,-0.4814607612315388,0.0479662785837905,-1.0161329645585022,1
-1.143265377720465,0.9009088760241706,0.8491410419312149,-0.6685001977060584,-0.911310674287764,0.9048055324001227,-1.01084112171849,-1.461440576166749,-0.21364582894540246,-0.570312581972397,-0.7394662468772634,-1.162397694500674,-1.0161329645585022,1
-0.9738162891597597,0.9009088760241706,0.8491410419312149,-0.534612426846754,-0.7423290972289317,0.9048055324001227,-1.01084112171849,-0.8828162337175963,0.6826324702054911,-0.7996548742607882,-0.997471732522988,-0.38855843302044263,0.9841231756854657,0
-0.2960199349169384,0.9009088760241706,-0.502969299721533,-0.5209046437486323,-0.23538436605243465,0.9048055324001227,-1.01084112171849,0.853056793629862,0.8336906105118219,-0.7996548742607882,-0.997471732522988,0.9408577341379036,0.9841231756854657,0
-0.46546902347764374,0.9009088760241706,0.8491410419312149,-0.61925956671534,0.10257878806523006,0.9048055324001227,-1.01084112171849,-0.3041918912684436,0.665848232393677,-0.6849837281165926,-0.997471732522988,-1.8568688265983175,-1.0161329645585022,1
-0.634918112038349,-1.1099901739376037,0.8491410419312149,-0.45819311531240947,-0.7423290972289317,0.9048055324001227,-1.01084112171849,0.853056793629862,-0.46205254856025635,-0.9143260204049839,-0.7394662468772634,-1.9560789883265524,-1.0161329645585022,0
-0.9738162891597597,-1.1099901739376037,-0.502969299721533,-0.4398423734229884,-0.911310674287764,0.9048055324001227,-1.01084112171849,-0.8828162337175963,-1.1804179269059165,-0.9143260204049839,-0.4814607612315388,0.14717644031202531,0.9841231756854657,0
-0.2960199349169384,0.9009088760241706,1.5251962127575889,-0.4305090787098663,0.2715603651240624,0.9048055324001227,-1.01084112171849,-0.8828162337175963,1.1223795008750308,-0.9143260204049839,-0.4814607612315388,-0.5671367241312653,-1.0161329645585022,0
-0.634918112038349,0.9009088760241706,-0.502969299721533,-0.41170035789205184,-0.5733475201700994,0.9048055324001227,-1.01084112171849,0.2744324511807092,-1.0092187012254088,-0.9143260204049839,-0.997471732522988,0.286070666731554,0.9841231756854657,0
-0.9738162891597597,0.9009088760241706,1.5251962127575889,-0.401672198597919,-0.911310674287764,0.9048055324001227,-1.01084112171849,0.853056793629862,0.001192415045823164,-0.9143260204049839,-0.4814607612315388,0.821805540064022,-1.0161329645585022,0
-1.143265377720465,0.9009088760241706,0.8491410419312149,-0.38998583973546497,-0.911310674287764,0.9048055324001227,-1.01084112171849,0.853056793629862,-1.4993184453303918,-0.9143260204049839,-0.4814607612315388,0.5440170872249644,-1.0161329645585022,0
-0.9738162891597597,-1.1099901739376037,-1.179024470547907,-0.5852112022458118,-0.911310674287764,-1.177851894974348,-0.3298995900612411,-0.8828162337175963,0.9780350556934264,0.4617277333253637,-0.7394662468772634,0.46464895784237664,0.9841231756854657,0
-0.8043672005990544,-1.1099901739376037,1.5251962127575889,-0.3916914164343096,-0.911310674287764,0.9048055324001227,-1.01084112171849,1.4316811360790147,-1.2207000976542715,-0.9143260204049839,-0.7394662468772634,-0.9044512740072636,0.9841231756854657,0
-0.2960199349169384,-1.1099901739376037,0.17308587110484092,-0.6967053827443596,-0.404365943111267,-1.177851894974348,0.25602684415546156,-0.3041918912684436,0.04483143335654109,1.952452633199907,-0.4814607612315388,1.4964346398160184,-1.0161329645585022,1
-0.46546902347764374,0.9009088760241706,-0.502969299721533,-0.45520835608943133,-0.5733475201700994,0.9048055324001227,-1.01084112171849,0.2744324511807092,1.575553921794022,-0.9143260204049839,-0.997471732522988,-0.2893482712922078,-1.0161329645585022,1
-0.8043672005990544,0.9009088760241706,0.8491410419312149,-0.3122083837927811,-0.5733475201700994,0.9048055324001227,-1.01084112171849,0.2744324511807092,0.830333762949459,-1.0289971665491795,-0.7394662468772634,-0.8846092416616166,0.9841231756854657,0
-0.9738162891597597,0.9009088760241706,-1.179024470547907,-0.29731617243157277,-0.911310674287764,0.9048055324001227,-1.01084112171849,1.4316811360790147,-0.8447331706696268,-1.0289971665491795,-0.4814607612315388,0.8416475724096689,-1.0161329645585022,0
-0.9738162891597597,-1.1099901739376037,-0.502969299721533,-0.27964450274632136,-0.911310674287764,0.9048055324001227,-1.01084112171849,-0.8828162337175963,-0.005521280078902488,-1.0289971665491795,-0.997471732522988,-0.7655570475877348,0.9841231756854657,0
-0.8043672005990544,0.9009088760241706,-0.502969299721533,-0.5769202044042059,-0.7423290972289317,-1.177851894974348,-0.18737694390042153,-0.8828162337175963,0.3939435798422821,0.5763988794695595,-0.7394662468772634,0.8813316371009629,0.9841231756854657,0
-0.46546902347764374,-1.1099901739376037,1.5251962127575889,-0.3377288647680861,-0.5733475201700994,0.9048055324001227,-1.01084112171849,-0.8828162337175963,0.001192415045823164,-1.0289971665491795,-0.4814607612315388,0.4844909901880236,-1.0161329645585022,1
-0.634918112038349,0.9009088760241706,0.8491410419312149,-0.20802607377168758,-0.911310674287764,0.9048055324001227,-1.01084112171849,-1.461440576166749,0.27645391515958084,-1.0289971665491795,-0.997471732522988,-0.07108591549009124,-1.0161329645585022,0
-0.8043672005990544,0.9009088760241706,-1.179024470547907,-0.5802997730482128,-0.7423290972289317,-1.177851894974348,0.8577891279455886,-0.8828162337175963,2.491973306319093,2.411137217776689,-0.997471732522988,-1.102871597463733,-1.0161329645585022,0
-0.8043672005990544,0.9009088760241706,0.8491410419312149,-0.5851638251152883,-0.911310674287764,-0.4836327525161911,0.5094004373302519,0.853056793629862,0.27645391515958084,1.8377814870557112,-0.997471732522988,-1.7378166325244357,-1.0161329645585022,1
-0.2960199349169384,0.9009088760241706,-0.502969299721533,-0.2059256876518141,-0.06640278899360229,0.9048055324001227,-1.01084112171849,-0.8828162337175963,-0.8447331706696268,-1.0289971665491795,-0.7394662468772634,-2.4521297969677263,0.9841231756854657,0
-0.9738162891597597,-1.1099901739376037,1.5251962127575889,-0.5854322955215879,-0.911310674287764,-1.177851894974348,-0.963333572998217,-0.8828162337175963,0.15896425047687956,-0.6849837281165926,-0.4814607612315388,0.5638591195706114,0.9841231756854657,0
-0.634918112038349,-1.1099901739376037,1.5251962127575889,-0.14665689736696283,-0.404365943111267,0.9048055324001227,-1.01084112171849,1.4316811360790147,1.1223795008750308,-1.0289971665491795,-0.997471732522988,0.5837011519162584,0.9841231756854657,0
-0.9738162891597597,0.9009088760241706,0.8491410419312149,-0.10779185796088261,-0.911310674287764,0.9048055324001227,-1.01084112171849,0.2744324511807092,0.23617174441122635,-1.143668312693375,-0.997471732522988,-0.7853990799333818,0.9841231756854657,0
-0.9738162891597597,-1.1099901739376037,-0.502969299721533,-0.22227079768240857,-0.5733475201700994,0.9048055324001227,-1.01084112171849,-0.3041918912684436,1.8407448792206904,-1.0289971665491795,-0.4814607612315388,0.9408577341379036,-1.0161329645585022,1
-0.634918112038349,-1.1099901739376037,1.5251962127575889,-0.10614945076940259,-0.911310674287764,0.9048055324001227,-1.01084112171849,-1.461440576166749,-1.2979075915886182,-1.143668312693375,-0.7394662468772634,1.278172284013902,-1.0161329645585022,0
-0.2960199349169384,-1.1099901739376037,0.8491410419312149,-0.08364531377075803,-0.23538436605243465,0.9048055324001227,-1.01084112171849,0.853056793629862,-0.3680608168140954,-1.143668312693375,-0.997471732522988,0.40512286080543575,0.9841231756854657,0
-0.2960199349169384,0.9009088760241706,-1.179024470547907,-0.583395078909079,-0.404365943111267,-1.177851894974348,-0.7257958293968509,-0.8828162337175963,1.1458774338115711,-0.2262991435398101,-0.997471732522988,0.16701847265767225,0.9841231756854657,0
-0.2960199349169384,0.9009088760241706,-1.179024470547907,-0.015785470484318918,-0.404365943111267,0.9048055324001227,-1.01084112171849,-1.461440576166749,0.23617174441122635,-1.143668312693375,-0.7394662468772634,-0.8250831446246757,-1.0161329645585022,0
-0.634918112038349,-1.1099901739376037,0.8491410419312149,-0.5864272152625806,-0.23538436605243465,-1.177851894974348,0.5410721364771007,0.853056793629862,1.253296555807184,1.8377814870557112,-0.7394662468772634,-0.7457150152420878,0.9841231756854657,0
-0.634918112038349,-1.1099901739376037,0.8491410419312149,-0.1318752326436426,-0.911310674287764,0.9048055324001227,-1.01084112171849,0.2744324511807092,0.9377528849450718,-1.143668312693375,-0.7394662468772634,0.305912699077201,-1.0161329645585022,1
-0.634918112038349,-1.1099901739376037,0.8491410419312149,-0.007810320179536105,-0.7423290972289317,0.9048055324001227,-1.01084112171849,-0.3041918912684436,-0.34120603631519225,-1.143668312693375,-0.4814607612315388,-0.13061201252703214,-1.0161329645585022,0
-0.634918112038349,0.9009088760241706,-1.179024470547907,0.11371201961314457,-0.911310674287764,0.9048055324001227,-1.01084112171849,0.853056793629862,0.9780350556934264,-1.143668312693375,-0.7394662468772634,-0.8250831446246757,0.9841231756854657,0
-0.9738162891597597,0.9009088760241706,-0.502969299721533,0.17501802651050474,-0.7423290972289317,0.9048055324001227,-1.01084112171849,-0.8828162337175963,-0.2438574570066685,-1.143668312693375,-0.4814607612315388,0.286070666731554,-1.0161329645585022,0
-0.634918112038349,0.9009088760241706,-0.502969299721533,-0.5813104851660467,-0.911310674287764,0.21058638994196582,-0.963333572998217,1.4316811360790147,1.676259348664909,-0.6849837281165926,-0.7394662468772634,1.1789621222856672,0.9841231756854657,0
-0.2960199349169384,-1.1099901739376037,-0.502969299721533,-0.5800313026419132,-0.404365943111267,-1.177851894974348,-0.5674373336626071,0.853056793629862,0.4040141225293712,0.003043148748581378,-0.4814607612315388,-2.075131182400434,0.9841231756854657,0
-0.46546902347764374,0.9009088760241706,-1.179024470547907,0.23022817594717943,-0.911310674287764,0.9048055324001227,-1.01084112171849,-0.3041918912684436,0.665848232393677,-1.2583394588375707,-0.4814607612315388,0.3654387961141419,-1.0161329645585022,0
-0.634918112038349,-1.1099901739376037,0.8491410419312149,0.32147652933536774,-0.7423290972289317,0.9048055324001227,-1.01084112171849,-0.3041918912684436,-1.3482603050240614,-1.2583394588375707,-0.7394662468772634,-0.8052411122790287,0.9841231756854657,0
-0.8043672005990544,-1.1099901739376037,1.5251962127575889,0.23438157105640295,-0.06640278899360229,0.9048055324001227,-1.01084112171849,-0.8828162337175963,-0.005521280078902488,-1.2583394588375707,-0.7394662468772634,0.305912699077201,-1.0161329645585022,1
-1.143265377720465,0.9009088760241706,-0.502969299721533,0.36759026971153763,-0.911310674287764,0.9048055324001227,-1.01084112171849,0.853056793629862,-0.25392799969375696,-1.2583394588375707,-0.4814607612315388,0.06780831092943747,0.9841231756854657,0
-0.46546902347764374,0.9009088760241706,0.8491410419312149,0.22811199745046476,-0.911310674287764,0.9048055324001227,-1.01084112171849,-0.3041918912684436,1.2029438423717405,-1.2583394588375707,-0.7394662468772634,0.14717644031202531,-1.0161329645585022,1
-1.143265377720465,0.9009088760241706,-1.179024470547907,-0.5894119744855587,-0.911310674287764,-1.177851894974348,-0.7337137541835632,0.2744324511807092,-1.1166378232210217,-0.2262991435398101,-0.4814607612315388,0.7225953783357871,0.9841231756854657,0
-0.9738162891597597,0.9009088760241706,1.5251962127575889,-0.6892197961216525,-0.7423290972289317,-0.4836327525161911,-0.3298995900612411,-1.461440576166749,-0.3109944082539262,0.8057411717579506,-0.4814607612315388,-0.4282424977117365,-1.0161329645585022,1
-0.9738162891597597,0.9009088760241706,1.5251962127575889,-0.5857007659278876,-0.911310674287764,-1.177851894974348,-0.3298995900612411,0.853056793629862,0.1119683846037988,0.4617277333253637,-0.997471732522988,1.3972244780877838,0.9841231756854657,0
-0.9738162891597597,0.9009088760241706,0.8491410419312149,-1.0538499850070593,-0.911310674287764,0.9048055324001227,-1.002923196931778,1.4316811360790147,0.001192415045823164,1.2644257563347332,-0.997471732522988,0.7027533459901402,-1.0161329645585022,1
-1.143265377720465,-1.1099901739376037,0.8491410419312149,-1.016627352792459,-0.911310674287764,0.9048055324001227,-1.002923196931778,-0.3041918912684436,-0.34120603631519225,0.8057411717579506,-0.997471732522988,0.7622794430270811,-1.0161329645585022,1
-1.143265377720465,-1.1099901739376037,0.8491410419312149,-0.5811999385281587,-0.5733475201700994,-1.177851894974348,-1.3909015114806755,1.4316811360790147,-1.2207000976542715,-1.3730106049817663,-0.7394662468772634,-0.46792656240303043,0.9841231756854657,0
-0.9738162891597597,0.9009088760241706,1.5251962127575889,-0.9752513254686354,-0.7423290972289317,0.9048055324001227,-1.002923196931778,0.853056793629862,1.7736079279734327,0.4617277333253637,-0.4814607612315388,-0.5869787564769122,-1.0161329645585022,1
-0.634918112038349,0.9009088760241706,0.8491410419312149,-0.9411397914917425,-0.5733475201700994,0.9048055324001227,-1.002923196931778,1.4316811360790147,0.4745079213389917,0.23238544103697253,-0.4814607612315388,1.298014316359549,-1.0161329645585022,1
-0.9738162891597597,-1.1099901739376037,1.5251962127575889,-0.9181618831878633,-0.7423290972289317,0.9048055324001227,-1.002923196931778,-1.461440576166749,-1.3751150855229646,0.1177142948927768,-0.997471732522988,-0.7655570475877348,-1.0161329645585022,1
-0.8043672005990544,-1.1099901739376037,0.8491410419312149,-0.9064755243254093,-0.911310674287764,0.9048055324001227,-1.002923196931778,0.853056793629862,0.001192415045823164,0.003043148748581378,-0.4814607612315388,-0.26950623894656084,-1.0161329645585022,1
-0.8043672005990544,0.9009088760241706,-1.179024470547907,-0.9033170489571785,-0.911310674287764,0.9048055324001227,-1.002923196931778,1.4316811360790147,0.7430557263280237,0.003043148748581378,-0.997471732522988,0.4448069254967297,-1.0161329645585022,1
-0.46546902347764374,-1.1099901739376037,0.8491410419312149,-0.5803629425555774,-0.404365943111267,-1.177851894974348,-0.6624524311031534,-0.3041918912684436,0.3905867322799193,-0.11162799739561437,-0.4814607612315388,-0.9242933063529105,0.9841231756854657,0
-0.9738162891597597,-1.1099901739376037,0.8491410419312149,-0.5821474811386279,-0.911310674287764,0.21058638994196582,-1.042512820865339,1.4316811360790147,-1.0427871768490378,-0.7996548742607882,-0.4814607612315388,-1.5393963090679663,-1.0161329645585022,0
-0.9738162891597597,0.9009088760241706,0.8491410419312149,-0.8586088301198713,-0.5733475201700994,0.9048055324001227,-1.002923196931778,0.2744324511807092,1.092167872813765,-0.11162799739561437,-0.997471732522988,0.6233852166075523,-1.0161329645585022,1
-0.634918112038349,0.9009088760241706,0.8491410419312149,-0.7683711888495168,-0.23538436605243465,0.9048055324001227,-1.002923196931778,-0.8828162337175963,0.8941138666343539,-0.45564143582820127,-0.4814607612315388,0.7622794430270811,-1.0161329645585022,0
-0.9738162891597597,0.9009088760241706,-1.179024470547907,-0.5818158412249637,-0.911310674287764,0.21058638994196582,-0.09236184645987515,1.4316811360790147,-0.33784918875282943,0.8057411717579506,-0.997471732522988,0.20670253734896618,-1.0161329645585022,0
-0.2960199349169384,-1.1099901739376037,-0.502969299721533,-0.7187515408146107,-0.23538436605243465,0.9048055324001227,-1.002923196931778,-0.3041918912684436,1.2029438423717405,-0.570312581972397,-0.4814607612315388,-0.03140185079879733,-1.0161329645585022,1
-0.634918112038349,-1.1099901739376037,-1.179024470547907,-0.5799997178882309,-0.5733475201700994,-1.177851894974348,-0.4090788379283631,-0.8828162337175963,-1.8752853723150364,0.23238544103697253,-0.7394662468772634,1.298014316359549,0.9841231756854657,0
-1.143265377720465,-1.1099901739376037,-1.179024470547907,-0.5803787349324186,-0.911310674287764,0.21058638994196582,-1.2800505644667048,1.4316811360790147,-0.4654093961226198,-1.2583394588375707,-0.997471732522988,-1.4997122443766724,0.9841231756854657,0
-0.46546902347764374,0.9009088760241706,-0.502969299721533,-0.6738064363246862,-0.5733475201700994,0.9048055324001227,-1.002923196931778,-1.461440576166749,-1.8752853723150364,-0.570312581972397,-0.7394662468772634,-0.051243883144444294,0.9841231756854657,0
-0.9738162891597597,0.9009088760241706,0.8491410419312149,-0.5755462676190255,-0.911310674287764,0.9048055324001227,-1.002923196931778,-0.8828162337175963,-1.4993184453303918,-0.7996548742607882,-0.7394662468772634,-2.5513399586959613,0.9841231756854657,0
-0.634918112038349,-1.1099901739376037,1.5251962127575889,-0.5040225929054386,-0.404365943111267,0.9048055324001227,-1.002923196931778,-1.461440576166749,-0.6936750303632967,-0.7996548742607882,-0.997471732522988,0.0479662785837905,-1.0161329645585022,1
-1.143265377720465,-1.1099901739376037,-0.502969299721533,-0.5866798932920391,-0.911310674287764,0.21058638994196582,-1.042512820865339,-0.8828162337175963,1.5352717510456675,-0.7996548742607882,-0.7394662468772634,1.1194360252487263,0.9841231756854657,0
-1.143265377720465,0.9009088760241706,0.8491410419312149,-0.7005903074472835,-0.911310674287764,-1.177851894974348,-0.34573543963466546,-0.8828162337175963,2.1999275683935204,0.8057411717579506,-0.7394662468772634,0.5043330225336705,-1.0161329645585022,1
-0.634918112038349,0.9009088760241706,0.8491410419312149,-0.5870747027130679,-0.404365943111267,-1.177851894974348,0.0026532509806712224,0.853056793629862,-1.0495008719737637,0.9204123179021463,-0.7394662468772634,0.6035431842619053,0.9841231756854657,0
-0.634918112038349,0.9009088760241706,0.8491410419312149,-0.5825107058059744,-0.911310674287764,0.21058638994196582,-0.2507203421941191,-1.461440576166749,1.327147202179168,0.5763988794695595,-0.4814607612315388,-0.03140185079879733,0.9841231756854657,0
-0.9738162891597597,-1.1099901739376037,0.8491410419312149,-0.6947313356392153,-0.911310674287764,0.9048055324001227,-0.9950052721450657,1.4316811360790147,-0.8447331706696268,-0.570312581972397,-0.7394662468772634,0.6035431842619053,-1.0161329645585022,0
-0.9738162891597597,-1.1099901739376037,1.5251962127575889,-0.5806472053387183,-0.911310674287764,0.21058638994196582,0.06599664927436881,0.2744324511807092,-1.173704231781191,1.035083464046342,-0.4814607612315388,-1.7576586648700827,0.9841231756854657,0
-0.634918112038349,0.9009088760241706,-0.502969299721533,-0.6218021393867658,-0.911310674287764,0.9048055324001227,-0.9950052721450657,1.4316811360790147,0.665848232393677,-0.6849837281165926,-0.4814607612315388,-0.26950623894656084,-1.0161329645585022,0
-0.2960199349169384,0.9009088760241706,1.5251962127575889,-0.6059150082845648,0.10257878806523006,0.9048055324001227,-0.9950052721450657,0.2744324511807092,1.5587696839822078,-0.6849837281165926,-0.4814607612315388,1.0599099282117854,-1.0161329645585022,0
-1.143265377720465,0.9009088760241706,-1.179024470547907,-0.5793048533072201,-0.911310674287764,-1.177851894974348,-0.9474977234247925,1.4316811360790147,-1.0092187012254088,-0.6849837281165926,-0.997471732522988,1.1591200899400202,-1.0161329645585022,0
-0.9738162891597597,-1.1099901739376037,-0.502969299721533,0.00272319517351367,-0.911310674287764,0.9048055324001227,-0.9950052721450657,1.4316811360790147,1.223084927745918,-1.143668312693375,-0.997471732522988,-0.9242933063529105,0.9841231756854657,0
-1.143265377720465,-1.1099901739376037,-0.502969299721533,0.08515940228433799,-0.911310674287764,0.9048055324001227,-0.9950052721450657,0.853056793629862,0.001192415045823164,-1.143668312693375,-0.4814607612315388,-1.0830295651180861,0.9841231756854657,0
-1.143265377720465,0.9009088760241706,-0.502969299721533,0.46114431011853446,-0.7423290972289317,0.9048055324001227,-0.9950052721450657,1.4316811360790147,0.23617174441122635,-1.2583394588375707,-0.4814607612315388,-0.03140185079879733,-1.0161329645585022,0
-0.634918112038349,-1.1099901739376037,-0.502969299721533,-0.5841057358669309,-0.911310674287764,-0.4836327525161911,1.3684952766885254,0.2744324511807092,-0.46205254856025635,3.213835240786059,-0.7394662468772634,1.317856348705196,-1.0161329645585022,1
-0.46546902347764374,0.9009088760241706,-1.179024470547907,-0.5444510776187931,0.10257878806523006,0.9048055324001227,-0.9910463097517096,1.4316811360790147,0.16232109803924238,-0.7996548742607882,-0.7394662468772634,-0.5076106270943244,-1.0161329645585022,0
-0.9738162891597597,0.9009088760241706,-0.502969299721533,-0.5833634941553967,-0.5733475201700994,-1.177851894974348,-0.18737694390042153,1.4316811360790147,-0.2069321338206762,0.6910700256137552,-0.997471732522988,0.8416475724096689,0.9841231756854657,0
-0.634918112038349,0.9009088760241706,1.5251962127575889,-0.684861100113494,-0.404365943111267,0.9048055324001227,-0.9870873473583536,-1.461440576166749,1.2465828606824585,-0.570312581972397,-0.997471732522988,0.9606997664835506,0.9841231756854657,0
-0.46546902347764374,0.9009088760241706,1.5251962127575889,-0.5655496930785749,0.10257878806523006,0.9048055324001227,-0.9870873473583536,0.853056793629862,-1.0427871768490378,-0.6849837281165926,-0.4814607612315388,0.9805417988291976,0.9841231756854657,0
-0.634918112038349,0.9009088760241706,-0.502969299721533,0.21693099464692767,-0.911310674287764,0.9048055324001227,-0.9870873473583536,0.853056793629862,0.001192415045823164,-1.143668312693375,-0.7394662468772634,-0.26950623894656084,0.9841231756854657,0
-1.143265377720465,0.9009088760241706,-0.502969299721533,-0.61884896491747,-0.7423290972289317,0.9048055324001227,-0.9831283849649974,1.4316811360790147,0.8336906105118219,-0.6849837281165926,-0.7394662468772634,0.08765034327508442,0.9841231756854657,0
-0.46546902347764374,0.9009088760241706,-1.179024470547907,-1.0348359632903097,-0.911310674287764,0.9048055324001227,-0.9791694225716413,0.2744324511807092,0.001192415045823164,1.1497546101905376,-0.997471732522988,-0.8647672093159696,-1.0161329645585022,1
-0.8043672005990544,-1.1099901739376037,-1.179024470547907,-0.7881590370314829,-0.7423290972289317,0.9048055324001227,-0.9791694225716413,0.2744324511807092,-1.173704231781191,-0.34097028968400567,-0.4814607612315388,0.9408577341379036,0.9841231756854657,0
-0.9738162891597597,-1.1099901739376037,-1.179024470547907,-0.7060860545880051,-0.911310674287764,0.9048055324001227,-0.9791694225716413,-0.8828162337175963,-0.6936750303632967,-0.45564143582820127,-0.7394662468772634,0.6630692812988462,0.9841231756854657,0
-0.46546902347764374,0.9009088760241706,-0.502969299721533,-0.5745039707475093,-0.23538436605243465,-1.177851894974348,-1.359229812333827,-1.461440576166749,0.001192415045823164,-1.3730106049817663,-0.7394662468772634,1.258330251668255,-1.0161329645585022,0
-0.2960199349169384,-1.1099901739376037,1.5251962127575889,-0.6972265311801177,-0.404365943111267,0.9048055324001227,-0.9791694225716413,-0.3041918912684436,1.5486991412951188,-0.45564143582820127,-0.4814607612315388,-0.5076106270943244,-1.0161329645585022,1
-0.8043672005990544,0.9009088760241706,-1.179024470547907,-0.487156334439086,-0.404365943111267,0.9048055324001227,-0.9791694225716413,1.4316811360790147,-1.371758237960602,-0.7996548742607882,-0.7394662468772634,-2.114815247091728,0.9841231756854657,0
-0.8043672005990544,0.9009088760241706,0.8491410419312149,-0.246196248596757,-0.911310674287764,0.9048055324001227,-0.9791694225716413,-0.3041918912684436,2.206641263518246,-1.0289971665491795,-0.4814607612315388,-0.5671367241312653,-1.0161329645585022,1
-0.9738162891597597,-1.1099901739376037,-0.502969299721533,-0.6925993647656595,-0.911310674287764,-1.177851894974348,0.38271364074285674,-0.8828162337175963,0.2193875065994116,2.1817949254882985,-0.7394662468772634,1.0400678958661385,-1.0161329645585022,1
-0.8043672005990544,-1.1099901739376037,-0.502969299721533,-0.5773150138252348,-0.06640278899360229,-1.177851894974348,-1.1850354670261585,-0.8828162337175963,-1.173704231781191,-1.0289971665491795,-0.997471732522988,-0.8449251769703227,0.9841231756854657,0
-0.634918112038349,0.9009088760241706,-1.179024470547907,-0.10602311175467335,-0.911310674287764,0.9048055324001227,-0.9791694225716413,-0.3041918912684436,0.001192415045823164,-1.0289971665491795,-0.997471732522988,-0.051243883144444294,0.9841231756854657,0
-0.8043672005990544,-1.1099901739376037,-1.179024470547907,0.2743520768413639,-0.5733475201700994,0.9048055324001227,-0.9791694225716413,-1.461440576166749,-0.8447331706696268,-1.2583394588375707,-0.7394662468772634,0.32575473142284794,-1.0161329645585022,0
-0.8043672005990544,0.9009088760241706,0.8491410419312149,-0.5757673608948016,-0.911310674287764,-1.177851894974348,-0.4882580857954851,-0.8828162337175963,-1.8752853723150364,0.1177142948927768,-0.997471732522988,-2.8092863791893716,0.9841231756854657,0
-0.46546902347764374,-1.1099901739376037,0.8491410419312149,-0.6905621481531506,-0.404365943111267,-1.177851894974348,-0.11215665842665565,0.853056793629862,0.5651428055227898,1.2644257563347332,-0.7394662468772634,-1.102871597463733,-1.0161329645585022,1
-0.9738162891597597,0.9009088760241706,0.8491410419312149,-0.5747566487769677,-0.7423290972289317,-1.177851894974348,0.0026532509806712224,-0.8828162337175963,-1.6839450612603513,0.9204123179021463,-0.4814607612315388,-1.4401861473397315,0.9841231756854657,0
-0.634918112038349,0.9009088760241706,0.8491410419312149,0.9296567538650526,-0.7423290972289317,0.9048055324001227,-0.9791694225716413,0.2744324511807092,0.4040141225293712,-1.3730106049817663,-0.4814607612315388,-2.987864670300194,-1.0161329645585022,1
-1.143265377720465,-1.1099901739376037,-1.179024470547907,-0.5738091061664985,-0.911310674287764,-1.177851894974348,0.4223032646764177,-0.8828162337175963,1.4446368668618692,1.6084391947673204,-0.4814607612315388,0.06780831092943747,0.9841231756854657,0
-0.46546902347764374,0.9009088760241706,-0.502969299721533,-0.5729563178170762,-0.911310674287764,-1.177851894974348,0.06599664927436881,0.2744324511807092,-0.6936750303632967,1.035083464046342,-0.997471732522988,-2.1743413441286688,0.9841231756854657,0
-0.2960199349169384,0.9009088760241706,-0.502969299721533,-0.9839845098617935,-0.5733475201700994,0.9048055324001227,-0.9712514977849291,-0.3041918912684436,0.5651428055227898,0.6910700256137552,-0.7394662468772634,1.1591200899400202,-1.0161329645585022,1
-0.46546902347764374,-1.1099901739376037,-1.179024470547907,-0.7703768207083433,-0.23538436605243465,0.9048055324001227,-0.9712514977849291,-0.3041918912684436,0.3301634761573873,-0.34097028968400567,-0.4814607612315388,-1.0830295651180861,-1.0161329645585022,1
-0.9738162891597597,0.9009088760241706,1.5251962127575889,-1.0196594891459607,-0.911310674287764,0.9048055324001227,-0.963333572998217,-0.8828162337175963,1.5587696839822078,1.035083464046342,-0.997471732522988,1.2186461869769611,-1.0161329645585022,1
-0.8043672005990544,0.9009088760241706,-1.179024470547907,-0.5720403599602892,-0.911310674287764,-1.177851894974348,-0.6307807319563046,-1.461440576166749,-1.4254677989584081,-0.11162799739561437,-0.7394662468772634,-0.26950623894656084,-1.0161329645585022,0
-0.9738162891597597,0.9009088760241706,-1.179024470547907,-1.0048462396689581,-0.911310674287764,0.9048055324001227,-0.963333572998217,0.2744324511807092,-0.811164695045998,0.8057411717579506,-0.4814607612315388,-0.8647672093159696,-1.0161329645585022,1
-1.143265377720465,-1.1099901739376037,1.5251962127575889,-0.9874430403900063,-0.911310674287764,0.9048055324001227,-0.963333572998217,1.4316811360790147,-0.3512765790022807,0.6910700256137552,-0.997471732522988,1.2186461869769611,-1.0161329645585022,1
-1.143265377720465,-1.1099901739376037,-1.179024470547907,-0.9476620431271392,-0.404365943111267,0.9048055324001227,-0.963333572998217,0.853056793629862,1.6997572816014495,0.4617277333253637,-0.7394662468772634,-1.2417658238832618,-1.0161329645585022,1
-1.143265377720465,0.9009088760241706,-0.502969299721533,-0.6806761202505882,-0.911310674287764,-1.177851894974348,0.38271364074285674,0.2744324511807092,0.27645391515958084,2.1817949254882985,-0.4814607612315388,0.9210157017922567,-1.0161329645585022,1
-0.9738162891597597,-1.1099901739376037,1.5251962127575889,-0.9152402934722498,-0.911310674287764,0.9048055324001227,-0.963333572998217,-0.8828162337175963,0.001192415045823164,0.23238544103697253,-0.4814607612315388,-0.3488743683291487,-1.0161329645585022,1
-0.2960199349169384,-1.1099901739376037,-1.179024470547907,-0.686503507304974,-0.7423290972289317,-1.177851894974348,0.38271364074285674,0.2744324511807092,-0.5661148229935064,2.1817949254882985,-0.4814607612315388,0.5638591195706114,-1.0161329645585022,1
-0.9738162891597597,-1.1099901739376037,0.8491410419312149,-0.9010429466920523,-0.911310674287764,0.9048055324001227,-0.963333572998217,1.4316811360790147,0.830333762949459,0.1177142948927768,-0.997471732522988,-0.686188918205147,-1.0161329645585022,1
-1.143265377720465,0.9009088760241706,0.8491410419312149,-0.8940943008819445,-0.911310674287764,0.9048055324001227,-0.963333572998217,0.2744324511807092,0.7866947446387411,0.1177142948927768,-0.997471732522988,-1.0235034680811452,-1.0161329645585022,1
-0.634918112038349,-1.1099901739376037,-0.502969299721533,-0.8870509008107897,-0.7423290972289317,0.9048055324001227,-0.963333572998217,0.2744324511807092,-1.0495008719737637,0.1177142948927768,-0.997471732522988,0.16701847265767225,-1.0161329645585022,1
-0.9738162891597597,0.9009088760241706,0.8491410419312149,-0.8672788450056649,-0.5733475201700994,0.9048055324001227,-0.963333572998217,-0.8828162337175963,0.7061304031420315,0.003043148748581378,-0.7394662468772634,0.08765034327508442,-1.0161329645585022,0
-0.46546902347764374,0.9009088760241706,-1.179024470547907,-0.8721902742032638,-0.7423290972289317,0.9048055324001227,-0.963333572998217,1.4316811360790147,-0.2438574570066685,0.003043148748581378,-0.997471732522988,-1.658448503141848,0.9841231756854657,0
-0.8043672005990544,0.9009088760241706,-1.179024470547907,-0.5707611774361557,-0.911310674287764,-1.177851894974348,-0.09236184645987515,-0.8828162337175963,-1.1804179269059165,0.8057411717579506,-0.7394662468772634,-1.7576586648700827,0.9841231756854657,0
-0.634918112038349,0.9009088760241706,-0.502969299721533,-0.5730036949475996,-0.911310674287764,-1.177851894974348,0.7786098800784667,-1.461440576166749,0.001192415045823164,2.1817949254882985,-0.7394662468772634,1.5956448015442533,0.9841231756854657,0
-0.9738162891597597,-1.1099901739376037,-0.502969299721533,-0.8647046875805567,-0.5733475201700994,0.9048055324001227,-0.963333572998217,1.4316811360790147,-1.3482603050240614,0.003043148748581378,-0.997471732522988,-1.0235034680811452,0.9841231756854657,0
-0.9738162891597597,-1.1099901739376037,1.5251962127575889,-0.5732563729770581,-0.911310674287764,-1.177851894974348,-0.8841543251310949,-0.8828162337175963,0.5114332445249834,-0.570312581972397,-0.997471732522988,0.3654387961141419,0.9841231756854657,0
-0.8043672005990544,0.9009088760241706,-0.502969299721533,-0.5766043568673828,-0.5733475201700994,-1.177851894974348,-1.042512820865339,0.2744324511807092,0.09182729922962125,-0.7996548742607882,-0.7394662468772634,-0.2893482712922078,0.9841231756854657,0
-0.9738162891597597,0.9009088760241706,1.5251962127575889,-0.835520375178104,-0.911310674287764,0.9048055324001227,-0.963333572998217,0.2744324511807092,0.001192415045823164,-0.11162799739561437,-0.997471732522988,0.8614896047553159,-1.0161329645585022,1
-1.143265377720465,-1.1099901739376037,-1.179024470547907,-0.8380313630958475,-0.911310674287764,0.9048055324001227,-0.963333572998217,-1.461440576166749,-1.173704231781191,-0.11162799739561437,-0.997471732522988,-0.11076998018138517,0.9841231756854657,0
-0.9738162891597597,0.9009088760241706,1.5251962127575889,-0.8221126472399641,-0.7423290972289317,0.9048055324001227,-0.963333572998217,-1.461440576166749,1.8407448792206904,-0.11162799739561437,-0.7394662468772634,0.008282213892496587,-1.0161329645585022,1
-0.9738162891597597,0.9009088760241706,-0.502969299721533,-0.6874036727849199,-0.911310674287764,-1.177851894974348,-0.603067995202812,-1.461440576166749,-1.8752853723150364,0.23238544103697253,-0.7394662468772634,0.5440170872249644,-1.0161329645585022,1
-0.9738162891597597,-1.1099901739376037,1.5251962127575889,-0.8084048641418424,-0.7423290972289317,0.9048055324001227,-0.963333572998217,-1.461440576166749,-0.21364582894540246,-0.2262991435398101,-0.4814607612315388,-1.5592383414136133,0.9841231756854657,0
-0.634918112038349,-1.1099901739376037,0.8491410419312149,-0.5711717792340257,-0.23538436605243465,-1.177851894974348,0.06599664927436881,-1.461440576166749,0.8336906105118219,1.035083464046342,-0.7394662468772634,-0.7258729828964409,0.9841231756854657,0
-0.634918112038349,-1.1099901739376037,-1.179024470547907,-0.794112763100598,-0.404365943111267,0.9048055324001227,-0.963333572998217,-0.3041918912684436,1.5587696839822078,-0.2262991435398101,-0.7394662468772634,0.8614896047553159,-1.0161329645585022,1
-0.8043672005990544,0.9009088760241706,0.8491410419312149,-0.56903980836047,-0.911310674287764,-1.177851894974348,-0.13986939518014835,-0.8828162337175963,-1.173704231781191,0.6910700256137552,-0.997471732522988,-0.190138109563973,-1.0161329645585022,0
-0.2960199349169384,-1.1099901739376037,-0.502969299721533,-0.7939390469553453,0.10257878806523006,0.9048055324001227,-0.963333572998217,1.4316811360790147,-0.0995130118250634,-0.2262991435398101,-0.4814607612315388,1.278172284013902,0.9841231756854657,0
-0.9738162891597597,-1.1099901739376037,-1.179024470547907,-0.7817631244108155,-0.404365943111267,0.9048055324001227,-0.963333572998217,1.4316811360790147,-0.34120603631519225,-0.2262991435398101,-0.7394662468772634,0.46464895784237664,0.9841231756854657,0
-0.9738162891597597,-1.1099901739376037,-0.502969299721533,-0.5686765836931235,-0.23538436605243465,-1.177851894974348,-0.5674373336626071,0.853056793629862,1.4312094766124175,0.003043148748581378,-0.7394662468772634,-0.4282424977117365,0.9841231756854657,0
-0.8043672005990544,0.9009088760241706,-1.179024470547907,-0.7569217156396801,-0.911310674287764,0.9048055324001227,-0.963333572998217,-1.461440576166749,-1.3751150855229646,-0.34097028968400567,-0.7394662468772634,0.22654456969461315,-1.0161329645585022,0
-0.9738162891597597,-1.1099901739376037,1.5251962127575889,-0.7471304419981646,-0.7423290972289317,0.9048055324001227,-0.963333572998217,-0.8828162337175963,1.4312094766124175,-0.34097028968400567,-0.7394662468772634,-1.5989224061049072,-1.0161329645585022,0
-1.143265377720465,0.9009088760241706,0.8491410419312149,-0.7471462343750057,-0.911310674287764,0.9048055324001227,-0.963333572998217,-1.461440576166749,-0.8447331706696268,-0.34097028968400567,-0.7394662468772634,0.286070666731554,-1.0161329645585022,1
-0.9738162891597597,0.9009088760241706,-0.502969299721533,-0.5622175015650914,-0.23538436605243465,-1.177851894974348,0.32332920484251526,-0.8828162337175963,0.8336906105118219,1.379096902478929,-0.997471732522988,-0.7853990799333818,0.9841231756854657,0
-0.46546902347764374,0.9009088760241706,1.5251962127575889,-0.7252895848268485,-0.5733475201700994,0.9048055324001227,-0.963333572998217,1.4316811360790147,-0.005521280078902488,-0.45564143582820127,-0.4814607612315388,1.0995939929030794,-1.0161329645585022,0
-0.9738162891597597,0.9009088760241706,-0.502969299721533,-0.6996743495904966,-0.911310674287764,0.9048055324001227,-0.963333572998217,1.4316811360790147,0.001192415045823164,-0.45564143582820127,-0.997471732522988,0.5638591195706114,-1.0161329645585022,0
-0.8043672005990544,-1.1099901739376037,0.8491410419312149,-0.5650601293964992,-0.404365943111267,-1.177851894974348,0.27186269372888594,-0.8828162337175963,0.5651428055227898,1.379096902478929,-0.997471732522988,0.4448069254967297,-1.0161329645585022,0
-1.143265377720465,-1.1099901739376037,0.8491410419312149,-0.6750698264719786,-0.911310674287764,0.9048055324001227,-0.963333572998217,0.853056793629862,-1.0427871768490378,-0.570312581972397,-0.997471732522988,-1.4401861473397315,0.9841231756854657,0
-0.634918112038349,-1.1099901739376037,-1.179024470547907,-0.6798865014085305,-0.911310674287764,0.9048055324001227,-0.963333572998217,0.2744324511807092,-1.6839450612603513,-0.570312581972397,-0.997471732522988,-2.670392152769843,0.9841231756854657,0
-0.9738162891597597,0.9009088760241706,-0.502969299721533,-0.6746434322972673,-0.911310674287764,0.9048055324001227,-0.963333572998217,1.4316811360790147,1.0787404825643134,-0.570312581972397,-0.4814607612315388,-0.8250831446246757,-1.0161329645585022,1
-0.9738162891597597,0.9009088760241706,1.5251962127575889,-0.6831397310378082,-0.911310674287764,0.9048055324001227,-0.963333572998217,0.2744324511807092,0.9780350556934264,-0.45564143582820127,-0.4814607612315388,-1.4997122443766724,0.9841231756854657,0
-0.9738162891597597,-1.1099901739376037,-1.179024470547907,-0.5627860271313729,-0.911310674287764,-1.177851894974348,1.4120438630154424,0.853056793629862,-1.0427871768490378,3.213835240786059,-0.4814607612315388,-1.2417658238832618,0.9841231756854657,0
-0.2960199349169384,-1.1099901739376037,-0.502969299721533,-0.683629294719884,-0.404365943111267,0.9048055324001227,-0.963333572998217,1.4316811360790147,0.001192415045823164,-0.45564143582820127,-0.997471732522988,0.4844909901880236,0.9841231756854657,0
-1.143265377720465,-1.1099901739376037,-1.179024470547907,-0.6827449216167794,-0.911310674287764,0.9048055324001227,-0.963333572998217,1.4316811360790147,0.001192415045823164,-0.45564143582820127,-0.4814607612315388,-0.6465048535138531,0.9841231756854657,0
-0.46546902347764374,0.9009088760241706,0.8491410419312149,-0.6529604988943628,-0.404365943111267,0.9048055324001227,-0.963333572998217,0.2744324511807092,-1.371758237960602,-0.570312581972397,-0.7394662468772634,-0.17029607721832604,0.9841231756854657,0
-0.634918112038349,-1.1099901739376037,-1.179024470547907,-0.5587431786600375,-0.911310674287764,-1.177851894974348,-0.6941241302500022,1.4316811360790147,-0.3680608168140954,-0.2262991435398101,-0.7394662468772634,-0.4282424977117365,0.9841231756854657,0
-1.143265377720465,-1.1099901739376037,0.8491410419312149,-0.6223074954456826,-0.911310674287764,0.9048055324001227,-0.963333572998217,0.2744324511807092,0.23617174441122635,-0.570312581972397,-0.4814607612315388,0.32575473142284794,0.9841231756854657,0
-0.2960199349169384,-1.1099901739376037,-1.179024470547907,-0.6240604492750508,0.4405419421828948,0.9048055324001227,-0.963333572998217,1.4316811360790147,-0.25392799969375696,-0.570312581972397,-0.997471732522988,-0.011559818453150373,-1.0161329645585022,0
-0.9738162891597597,0.9009088760241706,-0.502969299721533,-0.6023301387416228,-0.23538436605243465,0.9048055324001227,-0.963333572998217,-1.461440576166749,1.0955247203761276,-0.6849837281165926,-0.7394662468772634,-1.6981325678331418,-1.0161329645585022,0
-0.9738162891597597,-1.1099901739376037,-0.502969299721533,-0.5641441715397122,-0.911310674287764,-1.177851894974348,0.38271364074285674,0.2744324511807092,0.23617174441122635,1.4937680486231246,-0.997471732522988,0.6630692812988462,-1.0161329645585022,0
-0.46546902347764374,0.9009088760241706,-0.502969299721533,-0.5610646580556872,-0.23538436605243465,-1.177851894974348,-0.7099599798234266,0.2744324511807092,-0.707102420612748,-0.34097028968400567,-0.4814607612315388,0.6035431842619053,-1.0161329645585022,0
-0.2960199349169384,0.9009088760241706,0.8491410419312149,-0.5984452140386989,-0.404365943111267,0.9048055324001227,-0.963333572998217,0.2744324511807092,0.6154955189582334,-0.6849837281165926,-0.4814607612315388,-0.051243883144444294,-1.0161329645585022,0
-0.634918112038349,-1.1099901739376037,-0.502969299721533,-0.5872800036120029,-0.7423290972289317,0.9048055324001227,-0.963333572998217,-0.8828162337175963,-1.3482603050240614,-0.6849837281165926,-0.997471732522988,-0.26950623894656084,0.9841231756854657,0
-1.143265377720465,0.9009088760241706,0.8491410419312149,-0.5882749233529957,-0.911310674287764,0.9048055324001227,-0.963333572998217,0.2744324511807092,-0.4654093961226198,-0.6849837281165926,-0.997471732522988,-0.07108591549009124,0.9841231756854657,0
-0.634918112038349,-1.1099901739376037,-1.179024470547907,-0.5641757562933946,-0.404365943111267,-1.177851894974348,-0.6307807319563046,1.4316811360790147,-1.0427871768490378,-0.11162799739561437,-0.997471732522988,0.5638591195706114,0.9841231756854657,0
-0.46546902347764374,-1.1099901739376037,-1.179024470547907,-0.5857481430584109,-0.911310674287764,0.9048055324001227,-0.963333572998217,0.853056793629862,0.19253272610050842,-0.6849837281165926,-0.7394662468772634,0.8614896047553159,0.9841231756854657,0
-1.143265377720465,-1.1099901739376037,0.8491410419312149,-0.5773623909557581,-0.911310674287764,0.9048055324001227,-0.963333572998217,-1.461440576166749,0.5114332445249834,-0.6849837281165926,-0.4814607612315388,0.8614896047553159,0.9841231756854657,0
-1.143265377720465,0.9009088760241706,-1.179024470547907,-0.579604908467202,-0.911310674287764,0.9048055324001227,-0.963333572998217,-0.8828162337175963,-1.7510820125076092,-0.6849837281165926,-0.997471732522988,-0.6068207888225592,0.9841231756854657,0
-0.8043672005990544,-1.1099901739376037,0.8491410419312149,-0.5739354451812277,-0.911310674287764,0.9048055324001227,-0.963333572998217,-0.8828162337175963,-0.005521280078902488,-0.6849837281165926,-0.7394662468772634,-0.36871640067479566,0.9841231756854657,0
-0.46546902347764374,0.9009088760241706,0.8491410419312149,-0.5627702347545318,-0.5733475201700994,0.9048055324001227,-0.963333572998217,1.4316811360790147,-1.4724636648314886,-0.6849837281165926,-0.7394662468772634,0.32575473142284794,0.9841231756854657,0
-1.143265377720465,0.9009088760241706,-1.179024470547907,-0.5729563178170762,-0.911310674287764,-1.177851894974348,-1.359229812333827,0.2744324511807092,0.4745079213389917,-1.3730106049817663,-0.997471732522988,1.0995939929030794,0.9841231756854657,0
-0.9738162891597597,0.9009088760241706,-0.502969299721533,-0.5676658715752896,-0.7423290972289317,-1.177851894974348,-0.68620620546329,-0.8828162337175963,0.001192415045823164,-0.2262991435398101,-0.4814607612315388,-1.3806600503027906,0.9841231756854657,0
-0.8043672005990544,0.9009088760241706,-0.502969299721533,-0.6802181413221947,-0.404365943111267,0.9048055324001227,-0.963333572998217,0.2744324511807092,0.16232109803924238,-0.45564143582820127,-0.997471732522988,-0.7655570475877348,-1.0161329645585022,1
-1.143265377720465,0.9009088760241706,-1.179024470547907,-0.522815521346412,-0.911310674287764,0.9048055324001227,-0.963333572998217,1.4316811360790147,-0.1397951825734185,-0.7996548742607882,-0.7394662468772634,-1.2219237915376149,0.9841231756854657,0
-0.2960199349169384,-1.1099901739376037,0.8491410419312149,-0.5683449437794592,-0.404365943111267,-1.177851894974348,-0.6980830926433583,0.853056793629862,-1.6705176710108995,-0.2262991435398101,-0.4814607612315388,0.028124246238143545,-1.0161329645585022,0
-0.9738162891597597,0.9009088760241706,0.8491410419312149,-0.5210941522707262,-0.911310674287764,0.9048055324001227,-0.963333572998217,-0.8828162337175963,1.0015329886299666,-0.7996548742607882,-0.7394662468772634,-0.5472946917856183,-1.0161329645585022,0
-0.9738162891597597,0.9009088760241706,0.8491410419312149,-0.5075127081873336,-0.911310674287764,0.9048055324001227,-0.963333572998217,0.2744324511807092,-0.3680608168140954,-0.7996548742607882,-0.4814607612315388,0.38528082845978884,0.9841231756854657,0
-0.9738162891597597,0.9009088760241706,1.5251962127575889,-0.49961651976675664,-0.911310674287764,0.9048055324001227,-0.963333572998217,1.4316811360790147,-1.8752853723150364,-0.7996548742607882,-0.997471732522988,0.20670253734896618,0.9841231756854657,0
-0.634918112038349,0.9009088760241706,-0.502969299721533,-0.4889566653989776,-0.7423290972289317,0.9048055324001227,-0.963333572998217,-0.8828162337175963,-1.0427871768490378,-0.7996548742607882,-0.4814607612315388,-0.07108591549009124,0.9841231756854657,0
-0.8043672005990544,-1.1099901739376037,-1.179024470547907,-0.4914360685630388,-0.404365943111267,0.9048055324001227,-0.963333572998217,1.4316811360790147,0.3301634761573873,-0.7996548742607882,-0.4814607612315388,-0.22982217425526694,-1.0161329645585022,0
-0.8043672005990544,0.9009088760241706,-0.502969299721533,-0.4881670465569199,-0.911310674287764,0.9048055324001227,-0.963333572998217,0.853056793629862,0.7464125738903866,-0.7996548742607882,-0.997471732522988,0.6829113136444932,0.9841231756854657,0
-0.634918112038349,-1.1099901739376037,-1.179024470547907,-0.48954098334210033,-0.404365943111267,0.9048055324001227,-0.963333572998217,1.4316811360790147,0.001192415045823164,-0.7996548742607882,-0.997471732522988,0.6233852166075523,0.9841231756854657,0
-0.634918112038349,-1.1099901739376037,-1.179024470547907,-0.5673658164153076,-0.23538436605243465,-1.177851894974348,-0.9474977234247925,0.853056793629862,1.934736610966852,-0.6849837281165926,-0.997471732522988,-1.9957630530178463,0.9841231756854657,0
-0.2960199349169384,-1.1099901739376037,-1.179024470547907,-0.6780072085644332,-0.06640278899360229,-1.177851894974348,-0.2507203421941191,-1.461440576166749,-1.4724636648314886,0.9204123179021463,-0.4814607612315388,-1.4401861473397315,-1.0161329645585022,1
-1.143265377720465,-1.1099901739376037,0.8491410419312149,-0.47145871185897886,-0.911310674287764,0.9048055324001227,-0.963333572998217,-0.8828162337175963,-0.0860856215756121,-0.7996548742607882,-0.7394662468772634,0.5241750548793175,0.9841231756854657,0
-0.634918112038349,0.9009088760241706,0.8491410419312149,-0.5652654302954342,-0.404365943111267,0.21058638994196582,-0.2507203421941191,0.853056793629862,-0.11965409719924096,0.4617277333253637,-0.997471732522988,-0.7853990799333818,0.9841231756854657,0
-0.46546902347764374,-1.1099901739376037,0.8491410419312149,-0.4500600412392151,-0.5733475201700994,0.9048055324001227,-0.963333572998217,1.4316811360790147,-1.8752853723150364,-0.7996548742607882,-0.4814607612315388,0.14717644031202531,0.9841231756854657,0
-0.8043672005990544,0.9009088760241706,-0.502969299721533,-0.6757962758066716,-0.404365943111267,-1.177851894974348,-0.7574675285436998,-1.461440576166749,-0.11965409719924096,-0.11162799739561437,-0.7394662468772634,0.10749237562073138,-1.0161329645585022,1
-0.2960199349169384,0.9009088760241706,1.5251962127575889,-0.4540555125800271,-0.23538436605243465,0.9048055324001227,-0.963333572998217,0.853056793629862,-0.08944246913797492,-0.7996548742607882,-0.4814607612315388,-0.38855843302044263,-1.0161329645585022,0
-1.143265377720465,-1.1099901739376037,-0.502969299721533,-0.4502969268918324,-0.911310674287764,0.9048055324001227,-0.963333572998217,-1.461440576166749,-0.21364582894540246,-0.7996548742607882,-0.4814607612315388,-1.3012919209202027,0.9841231756854657,0
-0.9738162891597597,0.9009088760241706,-0.502969299721533,-0.5623122558261383,-0.911310674287764,-1.177851894974348,-0.365530251601446,0.2744324511807092,-1.6705176710108995,0.23238544103697253,-0.7394662468772634,0.305912699077201,0.9841231756854657,0
-0.634918112038349,0.9009088760241706,-0.502969299721533,-0.5674131935458311,-0.911310674287764,-1.177851894974348,0.8221584664053837,-0.3041918912684436,-1.4724636648314886,2.2964660716324943,-0.4814607612315388,1.4369085427790778,-1.0161329645585022,0
-0.634918112038349,-1.1099901739376037,-1.179024470547907,-0.45127605425598394,-0.5733475201700994,0.9048055324001227,-0.963333572998217,0.853056793629862,0.001192415045823164,-0.7996548742607882,-0.7394662468772634,0.20670253734896618,0.9841231756854657,0
-0.2960199349169384,0.9009088760241706,-0.502969299721533,-0.5640652096555064,0.10257878806523006,-1.177851894974348,-0.8841543251310949,0.853056793629862,0.001192415045823164,-0.570312581972397,-0.7394662468772634,-0.5274526594399713,0.9841231756854657,0
-0.2960199349169384,-1.1099901739376037,-1.179024470547907,-0.4459382308836739,-0.5733475201700994,0.9048055324001227,-0.963333572998217,-0.8828162337175963,0.5382880250238866,-0.7996548742607882,-0.4814607612315388,-0.7258729828964409,0.9841231756854657,0
-1.143265377720465,0.9009088760241706,0.8491410419312149,-0.4399371276840353,-0.911310674287764,0.9048055324001227,-0.963333572998217,-0.8828162337175963,0.2865244578466693,-0.7996548742607882,-0.4814607612315388,0.9011736694466097,0.9841231756854657,0
-0.9738162891597597,0.9009088760241706,0.8491410419312149,-0.560022361184171,-0.5733475201700994,-1.177851894974348,-1.359229812333827,0.2744324511807092,-0.34120603631519225,-1.3730106049817663,-0.7394662468772634,-2.03544711770914,0.9841231756854657,0
-0.634918112038349,-1.1099901739376037,-1.179024470547907,-0.409568387018496,-0.7423290972289317,0.9048055324001227,-0.963333572998217,-0.8828162337175963,0.5651428055227898,-0.9143260204049839,-0.997471732522988,-1.4203441149940845,0.9841231756854657,0
-0.8043672005990544,-1.1099901739376037,1.5251962127575889,-0.39366546353945386,-0.5733475201700994,0.9048055324001227,-0.963333572998217,-0.8828162337175963,-0.1397951825734185,-0.9143260204049839,-0.4814607612315388,1.774223092655076,-1.0161329645585022,0
-0.8043672005990544,-1.1099901739376037,1.5251962127575889,-0.5054281144443014,-0.911310674287764,0.9048055324001227,-0.963333572998217,-0.8828162337175963,0.2865244578466693,-0.7996548742607882,-0.4814607612315388,1.0400678958661385,-1.0161329645585022,1
-0.9738162891597597,-1.1099901739376037,-0.502969299721533,-0.39308114559633117,-0.911310674287764,0.9048055324001227,-0.963333572998217,0.2744324511807092,0.5114332445249834,-0.9143260204049839,-0.7394662468772634,0.3654387961141419,-1.0161329645585022,0
-0.46546902347764374,0.9009088760241706,-0.502969299721533,-0.6764911403876823,-0.404365943111267,-1.177851894974348,0.38271364074285674,-0.3041918912684436,-1.6839450612603513,2.0671237793441026,-0.4814607612315388,0.40512286080543575,-1.0161329645585022,1
-0.46546902347764374,0.9009088760241706,1.5251962127575889,-0.35672709410799447,-0.911310674287764,0.9048055324001227,-0.963333572998217,0.2744324511807092,-0.34120603631519225,-0.9143260204049839,-0.7394662468772634,-0.44808453005738347,0.9841231756854657,0
-0.46546902347764374,0.9009088760241706,-1.179024470547907,-0.5582378226011205,-0.5733475201700994,0.21058638994196582,-0.18737694390042153,0.2744324511807092,-1.6839450612603513,0.5763988794695595,-0.7394662468772634,-0.38855843302044263,0.9841231756854657,0
-0.634918112038349,0.9009088760241706,-1.179024470547907,-0.6786546960149205,-0.911310674287764,-1.177851894974348,0.06599664927436881,0.2744324511807092,1.6729025011025462,1.4937680486231246,-0.997471732522988,-0.011559818453150373,-1.0161329645585022,1
-0.46546902347764374,-1.1099901739376037,-0.502969299721533,-0.5614910522303983,-0.5733475201700994,-1.177851894974348,-0.6307807319563046,0.2744324511807092,-1.1804179269059165,-0.11162799739561437,-0.4814607612315388,0.4249648931510827,0.9841231756854657,0
-0.2960199349169384,-1.1099901739376037,0.8491410419312149,-0.568834507461535,0.10257878806523006,-1.177851894974348,-0.4090788379283631,0.853056793629862,-1.1804179269059165,0.23238544103697253,-0.997471732522988,-1.3409759856114967,-1.0161329645585022,0
-0.8043672005990544,0.9009088760241706,-1.179024470547907,-0.3470937442348905,-0.5733475201700994,0.9048055324001227,-0.963333572998217,-1.461440576166749,0.5651428055227898,-0.9143260204049839,-0.7394662468772634,0.18686050500331922,-1.0161329645585022,0
-0.8043672005990544,0.9009088760241706,-0.502969299721533,-0.34245078544359114,-0.911310674287764,0.9048055324001227,-0.963333572998217,-1.461440576166749,0.9981761410676039,-0.9143260204049839,-0.4814607612315388,0.008282213892496587,0.9841231756854657,0
-0.46546902347764374,-1.1099901739376037,0.8491410419312149,-0.34041356883108226,-0.7423290972289317,0.9048055324001227,-0.963333572998217,-1.461440576166749,0.7229146409538463,-0.9143260204049839,-0.7394662468772634,0.16701847265767225,0.9841231756854657,0
-0.8043672005990544,-1.1099901739376037,0.8491410419312149,-0.5618226921440626,-0.911310674287764,-1.177851894974348,-1.2008713165995828,-0.8828162337175963,0.16232109803924238,-1.0289971665491795,-0.997471732522988,0.801963507718375,0.9841231756854657,0
-0.8043672005990544,-1.1099901739376037,1.5251962127575889,-0.3234999332342063,-0.911310674287764,0.9048055324001227,-0.963333572998217,1.4316811360790147,-1.0092187012254088,-0.9143260204049839,-0.997471732522988,-0.20998014190961997,-1.0161329645585022,0
-0.9738162891597597,0.9009088760241706,-1.179024470547907,-0.3002377621471863,-0.911310674287764,0.9048055324001227,-0.963333572998217,1.4316811360790147,0.001192415045823164,-0.9143260204049839,-0.7394662468772634,0.3455967637684949,-1.0161329645585022,0
-0.9738162891597597,-1.1099901739376037,0.8491410419312149,-0.5610172809251637,-0.911310674287764,-1.177851894974348,0.4420980766431982,-0.8828162337175963,0.001192415045823164,1.6084391947673204,-0.7394662468772634,-2.8688124762263127,0.9841231756854657,0
-0.9738162891597597,0.9009088760241706,-0.502969299721533,-0.2923099889729269,-0.911310674287764,0.9048055324001227,-0.963333572998217,1.4316811360790147,-1.2979075915886182,-0.9143260204049839,-0.4814607612315388,-0.8250831446246757,0.9841231756854657,0
-0.9738162891597597,0.9009088760241706,0.8491410419312149,-0.25726670476240604,-0.911310674287764,0.9048055324001227,-0.963333572998217,0.853056793629862,-0.4654093961226198,-0.9143260204049839,-0.997471732522988,0.5440170872249644,0.9841231756854657,0
-0.8043672005990544,-1.1099901739376037,-1.179024470547907,-0.5705874612909031,-0.7423290972289317,-1.177851894974348,0.22435514500861276,-0.8828162337175963,0.001192415045823164,1.2644257563347332,-0.7394662468772634,1.0003838311748445,-1.0161329645585022,0
-0.634918112038349,-1.1099901739376037,-0.502969299721533,-0.3811894858349421,-0.06640278899360229,0.9048055324001227,-0.963333572998217,0.853056793629862,0.4040141225293712,-0.9143260204049839,-0.997471732522988,0.7027533459901402,-1.0161329645585022,1
-0.634918112038349,-1.1099901739376037,-0.502969299721533,-0.25309751727634133,-0.911310674287764,0.9048055324001227,-0.963333572998217,-1.461440576166749,-1.1166378232210217,-1.0289971665491795,-0.997471732522988,0.2463866020402601,-1.0161329645585022,0
-0.8043672005990544,-1.1099901739376037,-1.179024470547907,-0.24583302392941048,-0.404365943111267,0.9048055324001227,-0.963333572998217,-0.8828162337175963,0.4107278176540969,-1.0289971665491795,-0.4814607612315388,-2.710076217461137,0.9841231756854657,0
-0.8043672005990544,-1.1099901739376037,0.8491410419312149,-0.5629913280303079,-0.5733475201700994,-1.177851894974348,0.6994306322113446,0.853056793629862,0.665848232393677,2.0671237793441026,-0.7394662468772634,-0.40840046536608954,0.9841231756854657,0
-0.46546902347764374,0.9009088760241706,-1.179024470547907,-0.22451331519385245,-0.911310674287764,0.9048055324001227,-0.963333572998217,-0.3041918912684436,-0.5896127559300467,-1.0289971665491795,-0.997471732522988,-0.26950623894656084,-1.0161329645585022,0
-1.143265377720465,-1.1099901739376037,1.5251962127575889,-0.5613962979693514,-0.911310674287764,-1.177851894974348,-1.0741845200121878,0.853056793629862,-1.3482603050240614,-0.9143260204049839,-0.997471732522988,-0.32903233598350173,0.9841231756854657,0
-1.143265377720465,0.9009088760241706,-1.179024470547907,-0.678196717086527,-0.911310674287764,-1.177851894974348,0.5806617604106616,-0.3041918912684436,1.0015329886299666,2.525808363920885,-0.7394662468772634,0.028124246238143545,-1.0161329645585022,1
-0.634918112038349,0.9009088760241706,-1.179024470547907,-0.20436224234453984,-0.911310674287764,0.9048055324001227,-0.963333572998217,-1.461440576166749,-0.7138161157374736,-1.0289971665491795,-0.4814607612315388,-0.44808453005738347,-1.0161329645585022,0
-0.9738162891597597,-1.1099901739376037,-0.502969299721533,-0.20752071771277067,-0.911310674287764,0.9048055324001227,-0.963333572998217,0.2744324511807092,-0.34120603631519225,-1.0289971665491795,-0.7394662468772634,0.782121475372728,0.9841231756854657,0
-0.8043672005990544,-1.1099901739376037,-0.502969299721533,-0.18689587355822343,-0.23538436605243465,0.9048055324001227,-0.963333572998217,-1.461440576166749,0.001192415045823164,-1.0289971665491795,-0.7394662468772634,-0.3488743683291487,0.9841231756854657,0
-0.9738162891597597,-1.1099901739376037,-0.502969299721533,-0.16194391814919998,-0.7423290972289317,0.9048055324001227,-0.963333572998217,-0.8828162337175963,0.5382880250238866,-1.0289971665491795,-0.997471732522988,1.0599099282117854,0.9841231756854657,0
-0.2960199349169384,0.9009088760241706,1.5251962127575889,-0.2836557664639745,-0.06640278899360229,0.9048055324001227,-0.963333572998217,-1.461440576166749,0.7497694214527494,-0.9143260204049839,-0.4814607612315388,0.6035431842619053,-1.0161329645585022,1
-0.2960199349169384,0.9009088760241706,0.8491410419312149,-0.15177362746349674,-0.404365943111267,0.9048055324001227,-0.963333572998217,-0.3041918912684436,-0.811164695045998,-1.0289971665491795,-0.997471732522988,-0.13061201252703214,0.9841231756854657,0
-0.634918112038349,0.9009088760241706,-1.179024470547907,-0.1277060451575779,-0.7423290972289317,0.9048055324001227,-0.963333572998217,0.2744324511807092,-0.707102420612748,-1.0289971665491795,-0.7394662468772634,0.8416475724096689,0.9841231756854657,0
-0.9738162891597597,0.9009088760241706,1.5251962127575889,-0.10938688802183918,-0.5733475201700994,0.9048055324001227,-0.963333572998217,1.4316811360790147,-1.8752853723150364,-1.0289971665491795,-0.997471732522988,0.18686050500331922,0.9841231756854657,0
-0.9738162891597597,0.9009088760241706,0.8491410419312149,-0.566370896674315,-0.911310674287764,-1.177851894974348,-0.5713962960559631,-1.461440576166749,-1.2039158598424569,0.003043148748581378,-0.4814607612315388,-1.8965528912896115,0.9841231756854657,0
-0.634918112038349,0.9009088760241706,1.5251962127575889,-0.11341394411633347,-0.7423290972289317,0.9048055324001227,-0.963333572998217,-0.8828162337175963,0.2865244578466693,-1.0289971665491795,-0.4814607612315388,1.1591200899400202,-1.0161329645585022,0
-0.634918112038349,-1.1099901739376037,-0.502969299721533,-0.5701926518698742,-0.911310674287764,0.21058638994196582,-0.4882580857954851,-0.8828162337175963,-1.8752853723150364,0.1177142948927768,-0.997471732522988,-1.0235034680811452,0.9841231756854657,0
-0.8043672005990544,-1.1099901739376037,0.8491410419312149,-0.5618068997672214,-0.911310674287764,-1.177851894974348,-0.3774071387815143,0.853056793629862,-1.8752853723150364,0.23238544103697253,-0.997471732522988,-1.4203441149940845,-1.0161329645585022,0
-1.143265377720465,0.9009088760241706,0.8491410419312149,-0.5674131935458311,-0.7423290972289317,-1.177851894974348,-0.8841543251310949,-1.461440576166749,-1.6839450612603513,-0.570312581972397,-0.4814607612315388,-2.075131182400434,0.9841231756854657,0
-0.46546902347764374,-1.1099901739376037,0.8491410419312149,-0.5655181083248926,-0.911310674287764,-1.177851894974348,-0.6782882806765778,0.2744324511807092,-1.1804179269059165,-0.2262991435398101,-0.7394662468772634,-1.162397694500674,0.9841231756854657,0
-0.46546902347764374,0.9009088760241706,1.5251962127575889,-0.17914181652921676,-0.404365943111267,0.9048055324001227,-0.963333572998217,-1.461440576166749,1.5486991412951188,-1.0289971665491795,-0.4814607612315388,1.4964346398160184,-1.0161329645585022,1
-0.9738162891597597,0.9009088760241706,-1.179024470547907,-0.5650917141501814,-0.911310674287764,-1.177851894974348,-0.963333572998217,0.2744324511807092,0.001192415045823164,-0.6849837281165926,-0.997471732522988,-0.5274526594399713,0.9841231756854657,0
-0.8043672005990544,-1.1099901739376037,1.5251962127575889,-0.035004793100003435,-0.911310674287764,0.9048055324001227,-0.963333572998217,-0.8828162337175963,-0.46205254856025635,-1.0289971665491795,-0.7394662468772634,0.9210157017922567,0.9841231756854657,0
-0.634918112038349,0.9009088760241706,0.8491410419312149,-0.01652771219585316,-0.5733475201700994,0.9048055324001227,-0.963333572998217,-0.8828162337175963,-1.0964967378468442,-1.143668312693375,-0.7394662468772634,-1.3608180179571436,0.9841231756854657,0
-0.46546902347764374,0.9009088760241706,-0.502969299721533,-0.12882730391329986,0.2715603651240624,0.9048055324001227,-0.963333572998217,0.2744324511807092,1.5587696839822078,-1.0289971665491795,-0.997471732522988,0.14717644031202531,-1.0161329645585022,1
-0.8043672005990544,-1.1099901739376037,-0.502969299721533,-0.5600855306915355,-0.5733475201700994,-1.177851894974348,-0.5040939353689095,-1.461440576166749,0.16232109803924238,0.003043148748581378,-0.7394662468772634,-0.6068207888225592,0.9841231756854657,0
-0.8043672005990544,-1.1099901739376037,-1.179024470547907,-0.6739801524699388,-0.911310674287764,-1.177851894974348,-0.4526274242552802,-0.3041918912684436,-1.3482603050240614,0.4617277333253637,-0.7394662468772634,0.4448069254967297,-1.0161329645585022,1
-0.46546902347764374,-1.1099901739376037,1.5251962127575889,0.017220597113693118,-0.404365943111267,0.9048055324001227,-0.963333572998217,-0.8828162337175963,0.001192415045823164,-1.143668312693375,-0.7394662468772634,0.9210157017922567,-1.0161329645585022,0
-0.8043672005990544,-1.1099901739376037,0.8491410419312149,-0.5638125316260479,-0.911310674287764,-1.177851894974348,-0.7257958293968509,0.853056793629862,1.2700807936189982,-0.34097028968400567,-0.997471732522988,0.32575473142284794,0.9841231756854657,0
-0.634918112038349,0.9009088760241706,1.5251962127575889,-0.5662129729059034,-0.5733475201700994,-1.177851894974348,-0.963333572998217,0.853056793629862,0.6893461653302174,-0.6849837281165926,-0.7394662468772634,0.08765034327508442,-1.0161329645585022,0
-0.8043672005990544,0.9009088760241706,-0.502969299721533,0.08452770721069183,-0.911310674287764,0.9048055324001227,-0.963333572998217,-0.8828162337175963,-1.8752853723150364,-1.143668312693375,-0.7394662468772634,0.9210157017922567,-1.0161329645585022,0
-0.8043672005990544,-1.1099901739376037,0.8491410419312149,-0.0273139055783614,-0.911310674287764,0.9048055324001227,-0.963333572998217,-1.461440576166749,1.2465828606824585,-1.143668312693375,-0.997471732522988,-0.09092794783573821,-1.0161329645585022,1
-0.8043672005990544,0.9009088760241706,-0.502969299721533,0.1581043909136287,-0.404365943111267,0.9048055324001227,-0.963333572998217,-0.8828162337175963,0.6255660616453219,-1.143668312693375,-0.7394662468772634,0.028124246238143545,0.9841231756854657,0
-0.2960199349169384,-1.1099901739376037,-1.179024470547907,0.039819488373384615,-0.23538436605243465,0.9048055324001227,-0.963333572998217,-1.461440576166749,1.4345663241747801,-1.143668312693375,-0.7394662468772634,0.7027533459901402,-1.0161329645585022,1
-0.634918112038349,0.9009088760241706,-0.502969299721533,0.16489511295532497,-0.7423290972289317,0.9048055324001227,-0.963333572998217,-0.8828162337175963,-1.2475548781531747,-1.143668312693375,-0.4814607612315388,-1.0036614357354983,0.9841231756854657,0
-0.8043672005990544,-1.1099901739376037,0.8491410419312149,0.17263337760749048,-0.911310674287764,0.9048055324001227,-0.963333572998217,-0.8828162337175963,0.03476089066945202,-1.143668312693375,-0.4814607612315388,-0.46792656240303043,0.9841231756854657,0
-0.9738162891597597,0.9009088760241706,-1.179024470547907,0.17315452604324855,-0.911310674287764,0.9048055324001227,-0.963333572998217,-0.8828162337175963,-1.2475548781531747,-1.143668312693375,-0.997471732522988,-0.6266628211682062,0.9841231756854657,0
-0.46546902347764374,0.9009088760241706,0.8491410419312149,0.21201956544932876,-0.5733475201700994,0.9048055324001227,-0.963333572998217,-1.461440576166749,-1.0427871768490378,-1.143668312693375,-0.4814607612315388,-0.4877685947486774,-1.0161329645585022,0
-0.8043672005990544,-1.1099901739376037,0.8491410419312149,0.23877185181824379,-0.5733475201700994,0.9048055324001227,-0.963333572998217,1.4316811360790147,-0.3512765790022807,-1.143668312693375,-0.4814607612315388,0.40512286080543575,-1.0161329645585022,0
-0.8043672005990544,0.9009088760241706,-1.179024470547907,0.2877755971563449,-0.5733475201700994,0.9048055324001227,-0.963333572998217,-0.8828162337175963,-0.0860856215756121,-1.143668312693375,-0.7394662468772634,-1.7378166325244357,0.9841231756854657,0
-0.46546902347764374,0.9009088760241706,-1.179024470547907,0.3375373765828214,-0.404365943111267,0.9048055324001227,-0.963333572998217,-0.3041918912684436,0.001192415045823164,-1.2583394588375707,-0.997471732522988,1.6353288662355472,0.9841231756854657,0
-0.634918112038349,-1.1099901739376037,0.8491410419312149,0.2309862100355548,-0.911310674287764,0.9048055324001227,-0.963333572998217,-1.461440576166749,0.27645391515958084,-1.143668312693375,-0.7394662468772634,0.5241750548793175,-1.0161329645585022,1
-0.634918112038349,0.9009088760241706,-1.179024470547907,-0.5605119248662468,-0.911310674287764,-1.177851894974348,-0.4090788379283631,-1.461440576166749,0.03476089066945202,0.23238544103697253,-0.4814607612315388,-0.07108591549009124,0.9841231756854657,0
-1.143265377720465,0.9009088760241706,-0.502969299721533,-0.5596907212705068,-0.911310674287764,-1.177851894974348,-0.8841543251310949,0.2744324511807092,-1.8752853723150364,-0.570312581972397,-0.7394662468772634,-0.6266628211682062,0.9841231756854657,0
-0.8043672005990544,-1.1099901739376037,1.5251962127575889,0.5374846597686733,-0.911310674287764,0.9048055324001227,-0.963333572998217,0.2744324511807092,0.16232109803924238,-1.2583394588375707,-0.7394662468772634,-1.0036614357354983,0.9841231756854657,0
-0.8043672005990544,0.9009088760241706,-1.179024470547907,0.6124194878799494,-0.911310674287764,0.9048055324001227,-0.963333572998217,-1.461440576166749,-0.9857207682888686,-1.2583394588375707,-0.7394662468772634,-0.46792656240303043,0.9841231756854657,0
-1.143265377720465,-1.1099901739376037,0.8491410419312149,0.8431619059060518,-0.911310674287764,0.9048055324001227,-0.963333572998217,-0.8828162337175963,1.0015329886299666,-1.2583394588375707,-0.7394662468772634,-0.07108591549009124,0.9841231756854657,0
-0.8043672005990544,0.9009088760241706,-0.502969299721533,-0.7552161389408355,-0.911310674287764,0.9048055324001227,-0.9593746106048608,0.2744324511807092,-1.4724636648314886,-0.34097028968400567,-0.4814607612315388,-0.011559818453150373,0.9841231756854657,0
-0.9738162891597597,-1.1099901739376037,1.5251962127575889,-0.5647284894828349,-0.911310674287764,-1.177851894974348,0.38271364074285674,-0.8828162337175963,-1.2475548781531747,1.4937680486231246,-0.7394662468772634,0.12733440796637835,-1.0161329645585022,0
-0.634918112038349,0.9009088760241706,-1.179024470547907,-0.5634019298281779,-0.7423290972289317,0.9048055324001227,-0.9593746106048608,1.4316811360790147,1.2029438423717405,-0.6849837281165926,-0.7394662468772634,-0.5472946917856183,-1.0161329645585022,0
-0.2960199349169384,-1.1099901739376037,0.8491410419312149,-0.3953078707309339,-0.06640278899360229,0.9048055324001227,-0.9514566858181487,0.2744324511807092,0.001192415045823164,-0.7996548742607882,-0.997471732522988,1.4170665104334308,-1.0161329645585022,0
-0.9738162891597597,-1.1099901739376037,0.8491410419312149,-1.0418793633614645,-0.911310674287764,0.9048055324001227,-0.9474977234247925,1.4316811360790147,0.4107278176540969,1.379096902478929,-0.7394662468772634,-0.6465048535138531,-1.0161329645585022,1
-1.143265377720465,0.9009088760241706,1.5251962127575889,-0.5692924863899285,-0.911310674287764,0.21058638994196582,0.22435514500861276,-0.8828162337175963,-1.8752853723150364,1.2644257563347332,-0.7394662468772634,0.6233852166075523,-1.0161329645585022,0
-0.46546902347764374,0.9009088760241706,-0.502969299721533,-1.0221230999331807,-0.23538436605243465,0.9048055324001227,-0.9474977234247925,-1.461440576166749,-0.4654093961226198,1.1497546101905376,-0.997471732522988,-0.24966420660091387,-1.0161329645585022,1
-1.143265377720465,-1.1099901739376037,-1.179024470547907,-1.0162799205019537,-0.911310674287764,0.9048055324001227,-0.9474977234247925,-1.461440576166749,-0.901799579229796,1.035083464046342,-0.997471732522988,0.08765034327508442,-1.0161329645585022,1
-0.9738162891597597,0.9009088760241706,0.8491410419312149,-0.567192100270055,-0.911310674287764,0.21058638994196582,-0.3298995900612411,-0.8828162337175963,-0.46205254856025635,0.3470565871811683,-0.997471732522988,-2.650550120424196,0.9841231756854657,0
-0.2960199349169384,0.9009088760241706,-1.179024470547907,-0.5629597432766257,-0.23538436605243465,-1.177851894974348,-0.09236184645987515,1.4316811360790147,-1.8752853723150364,0.6910700256137552,-0.4814607612315388,-1.5393963090679663,0.9841231756854657,0
-0.8043672005990544,-1.1099901739376037,1.5251962127575889,-0.6700636430133327,-0.911310674287764,-1.177851894974348,-1.1691996174527342,-0.3041918912684436,0.001192415045823164,-0.9143260204049839,-0.7394662468772634,1.0003838311748445,-1.0161329645585022,1
-0.9738162891597597,-1.1099901739376037,1.5251962127575889,-0.565454938817528,-0.911310674287764,-1.177851894974348,-1.2008713165995828,0.853056793629862,0.001192415045823164,-1.0289971665491795,-0.4814607612315388,0.5837011519162584,0.9841231756854657,0
-1.143265377720465,0.9009088760241706,-0.502969299721533,-0.9619857289220659,-0.911310674287764,0.9048055324001227,-0.9474977234247925,0.853056793629862,1.6594751108530943,0.5763988794695595,-0.997471732522988,0.6630692812988462,-1.0161329645585022,1
-0.8043672005990544,0.9009088760241706,-0.502969299721533,-0.5613489208388279,-0.7423290972289317,-1.177851894974348,0.38271364074285674,1.4316811360790147,-0.08944246913797492,1.4937680486231246,-0.4814607612315388,1.2186461869769611,0.9841231756854657,0
-0.9738162891597597,-1.1099901739376037,0.8491410419312149,-0.9067597871085501,-0.911310674287764,0.9048055324001227,-0.9474977234247925,0.2744324511807092,0.001192415045823164,0.23238544103697253,-0.7394662468772634,-2.531497926350314,-1.0161329645585022,1
-0.9738162891597597,-1.1099901739376037,-1.179024470547907,-0.9039645364076658,-0.404365943111267,0.9048055324001227,-0.9474977234247925,-0.3041918912684436,-1.3751150855229646,0.23238544103697253,-0.7394662468772634,-2.4521297969677263,-1.0161329645585022,1
-0.9738162891597597,0.9009088760241706,-1.179024470547907,-0.8958472547113125,-0.23538436605243465,0.9048055324001227,-0.9474977234247925,-0.8828162337175963,-0.707102420612748,0.23238544103697253,-0.4814607612315388,-0.4877685947486774,-1.0161329645585022,1
-0.634918112038349,0.9009088760241706,-0.502969299721533,-0.8690160064581918,-0.7423290972289317,0.9048055324001227,-0.9474977234247925,0.2744324511807092,0.23617174441122635,0.003043148748581378,-0.4814607612315388,1.0202258635204915,-1.0161329645585022,0
-0.46546902347764374,-1.1099901739376037,1.5251962127575889,-0.8371469899927428,0.2715603651240624,0.9048055324001227,-0.9474977234247925,0.853056793629862,-0.005521280078902488,-0.11162799739561437,-0.4814607612315388,0.6035431842619053,-1.0161329645585022,0
-0.634918112038349,-1.1099901739376037,0.8491410419312149,-0.7901488765134683,-0.7423290972289317,0.9048055324001227,-0.9474977234247925,-1.461440576166749,-1.4724636648314886,-0.2262991435398101,-0.4814607612315388,0.20670253734896618,-1.0161329645585022,1
-0.8043672005990544,-1.1099901739376037,-1.179024470547907,-0.5607172257651818,-0.911310674287764,-1.177851894974348,-0.7574675285436998,1.4316811360790147,0.6893461653302174,-0.34097028968400567,-0.997471732522988,0.7225953783357871,0.9841231756854657,0
-1.143265377720465,-1.1099901739376037,-0.502969299721533,-0.7927230339385765,-0.911310674287764,0.9048055324001227,-0.9474977234247925,-0.8828162337175963,0.3301634761573873,-0.2262991435398101,-0.7394662468772634,-0.8250831446246757,0.9841231756854657,0
-0.2960199349169384,-1.1099901739376037,-1.179024470547907,-0.7919492074733598,-0.7423290972289317,0.9048055324001227,-0.9474977234247925,0.2744324511807092,1.327147202179168,-0.2262991435398101,-0.4814607612315388,0.6233852166075523,-1.0161329645585022,1
-0.8043672005990544,0.9009088760241706,-0.502969299721533,-0.7891855415261579,-0.7423290972289317,0.9048055324001227,-0.9474977234247925,-0.8828162337175963,1.8407448792206904,-0.2262991435398101,-0.7394662468772634,-0.7258729828964409,-1.0161329645585022,1
-1.143265377720465,-1.1099901739376037,0.8491410419312149,-0.7741669911502204,-0.911310674287764,0.9048055324001227,-0.9474977234247925,0.2744324511807092,1.0351014642535956,-0.2262991435398101,-0.7394662468772634,-1.4203441149940845,-1.0161329645585022,1
-1.143265377720465,-1.1099901739376037,-0.502969299721533,-0.74624606889506,-0.911310674287764,0.9048055324001227,-0.9474977234247925,-1.461440576166749,1.0955247203761276,-0.34097028968400567,-0.7394662468772634,1.0202258635204915,0.9841231756854657,0
-0.2960199349169384,0.9009088760241706,-1.179024470547907,-0.6783388484780974,-0.5733475201700994,0.9048055324001227,-0.9474977234247925,0.2744324511807092,1.6729025011025462,-0.45564143582820127,-0.4814607612315388,-0.7853990799333818,-1.0161329645585022,1
-0.8043672005990544,0.9009088760241706,0.8491410419312149,-0.6850348162587467,-0.911310674287764,0.9048055324001227,-0.9474977234247925,0.853056793629862,-1.6839450612603513,-0.45564143582820127,-0.997471732522988,0.3455967637684949,-1.0161329645585022,0
-0.634918112038349,-1.1099901739376037,0.8491410419312149,-0.6755435977772131,-0.5733475201700994,0.9048055324001227,-0.9474977234247925,0.853056793629862,-1.1804179269059165,-0.45564143582820127,-0.4814607612315388,1.238488219322608,-1.0161329645585022,0
-0.9738162891597597,0.9009088760241706,0.8491410419312149,-0.6797127852632778,-0.7423290972289317,0.9048055324001227,-0.9474977234247925,-1.461440576166749,-0.005521280078902488,-0.45564143582820127,-0.7394662468772634,-0.011559818453150373,0.9841231756854657,0
-0.634918112038349,0.9009088760241706,0.8491410419312149,-0.6800918023074655,-0.911310674287764,0.9048055324001227,-0.9474977234247925,1.4316811360790147,-0.8447331706696268,-0.45564143582820127,-0.7394662468772634,-0.190138109563973,0.9841231756854657,0
-0.9738162891597597,0.9009088760241706,-0.502969299721533,-0.566781498472185,-0.23538436605243465,-1.177851894974348,-0.2903099661276801,1.4316811360790147,-0.34120603631519225,0.4617277333253637,-0.4814607612315388,0.5638591195706114,-1.0161329645585022,0
-0.8043672005990544,-1.1099901739376037,-0.502969299721533,-0.571598173408737,-0.911310674287764,-1.177851894974348,0.9844759245329838,-1.461440576166749,0.9108981044461687,2.525808363920885,-0.4814607612315388,0.6035431842619053,0.9841231756854657,0
-0.8043672005990544,-1.1099901739376037,0.8491410419312149,-0.6839451422567071,-0.7423290972289317,0.9048055324001227,-0.9474977234247925,0.853056793629862,1.0619562447524988,-0.45564143582820127,-0.7394662468772634,-0.26950623894656084,-1.0161329645585022,0
-0.8043672005990544,0.9009088760241706,0.8491410419312149,-0.6725272538005527,-0.911310674287764,0.9048055324001227,-0.9474977234247925,1.4316811360790147,-1.623521805137819,-0.45564143582820127,-0.997471732522988,-0.9838194033898514,0.9841231756854657,0
-0.9738162891597597,0.9009088760241706,0.8491410419312149,-0.5630387051608314,-0.911310674287764,-1.177851894974348,-1.2325430157464317,-1.461440576166749,-1.623521805137819,-1.143668312693375,-0.4814607612315388,-1.5195542767223194,0.9841231756854657,0
-0.634918112038349,0.9009088760241706,1.5251962127575889,-0.5575113732664275,-0.911310674287764,-1.177851894974348,-0.7574675285436998,0.853056793629862,-1.3751150855229646,-0.34097028968400567,-0.7394662468772634,0.286070666731554,0.9841231756854657,0
-0.9738162891597597,0.9009088760241706,-0.502969299721533,-0.6789547511749024,-0.911310674287764,0.9048055324001227,-0.9474977234247925,1.4316811360790147,0.4040141225293712,-0.45564143582820127,-0.7394662468772634,-1.0830295651180861,0.9841231756854657,0
-0.8043672005990544,0.9009088760241706,-0.502969299721533,-0.6749750722109316,-0.7423290972289317,0.9048055324001227,-0.9474977234247925,-0.8828162337175963,-0.43855461562371656,-0.45564143582820127,-0.7394662468772634,1.1988041546313142,0.9841231756854657,0
-0.9738162891597597,-1.1099901739376037,-1.179024470547907,-0.5643968495691707,-0.911310674287764,-1.177851894974348,0.06599664927436881,-1.461440576166749,-1.8752853723150364,1.035083464046342,-0.7394662468772634,-0.5671367241312653,0.9841231756854657,0
-0.9738162891597597,0.9009088760241706,1.5251962127575889,-0.6573349872793625,-0.911310674287764,0.9048055324001227,-0.9474977234247925,1.4316811360790147,0.5651428055227898,-0.570312581972397,-0.7394662468772634,-2.134657279437375,0.9841231756854657,0
-0.8043672005990544,0.9009088760241706,-0.502969299721533,-0.5643968495691707,-0.5733475201700994,0.21058638994196582,-1.2325430157464317,1.4316811360790147,-1.4993184453303918,-1.143668312693375,-0.4814607612315388,-1.2814498885745558,0.9841231756854657,0
-0.46546902347764374,-1.1099901739376037,-0.502969299721533,-0.6537343253595793,-0.06640278899360229,0.9048055324001227,-0.9474977234247925,-1.461440576166749,-0.707102420612748,-0.570312581972397,-0.997471732522988,1.1988041546313142,0.9841231756854657,0
-0.8043672005990544,-1.1099901739376037,-0.502969299721533,-0.5630702899145137,-0.911310674287764,0.21058638994196582,0.794445729651891,0.2744324511807092,0.5382880250238866,2.1817949254882985,-0.997471732522988,-0.22982217425526694,0.9841231756854657,0
-0.8043672005990544,0.9009088760241706,-1.179024470547907,-0.5593274966031602,-0.23538436605243465,0.21058638994196582,-0.5674373336626071,-0.8828162337175963,-0.7138161157374736,-0.11162799739561437,-0.997471732522988,-0.9838194033898514,0.9841231756854657,0
-0.46546902347764374,0.9009088760241706,0.8491410419312149,-0.6385578512152302,-0.404365943111267,0.9048055324001227,-0.9474977234247925,0.853056793629862,-1.173704231781191,-0.570312581972397,-0.7394662468772634,-0.36871640067479566,0.9841231756854657,0
-0.634918112038349,-1.1099901739376037,0.8491410419312149,-0.638020910402631,-0.23538436605243465,0.9048055324001227,-0.9474977234247925,0.2744324511807092,-1.1804179269059165,-0.570312581972397,-0.7394662468772634,-0.07108591549009124,0.9841231756854657,0
-0.8043672005990544,-1.1099901739376037,0.8491410419312149,-0.6434061109054645,-0.911310674287764,0.9048055324001227,-0.9474977234247925,0.853056793629862,-0.46205254856025635,-0.570312581972397,-0.7394662468772634,-3.2656531231392516,0.9841231756854657,0
-0.46546902347764374,-1.1099901739376037,0.8491410419312149,-0.6225443810983,-0.404365943111267,0.9048055324001227,-0.9474977234247925,0.2744324511807092,-0.33784918875282943,-0.570312581972397,-0.7394662468772634,-0.20998014190961997,-1.0161329645585022,1
-0.9738162891597597,0.9009088760241706,1.5251962127575889,-0.5865693466541511,-0.911310674287764,0.9048055324001227,-0.9474977234247925,0.853056793629862,0.27645391515958084,-0.6849837281165926,-0.7394662468772634,-0.8052411122790287,-1.0161329645585022,0
-0.9738162891597597,-1.1099901739376037,1.5251962127575889,-0.5659129177459215,-0.7423290972289317,-1.177851894974348,0.38271364074285674,0.853056793629862,-1.173704231781191,1.4937680486231246,-0.4814607612315388,-2.829128411535019,0.9841231756854657,0
-0.46546902347764374,-1.1099901739376037,0.8491410419312149,-0.560132907822059,-0.06640278899360229,0.9048055324001227,-0.9474977234247925,-0.8828162337175963,1.417782086362966,-0.6849837281165926,-0.4814607612315388,-1.2219237915376149,0.9841231756854657,0
-0.9738162891597597,0.9009088760241706,-0.502969299721533,-0.5626596881166437,-0.911310674287764,0.9048055324001227,-0.9474977234247925,-0.8828162337175963,0.665848232393677,-0.6849837281165926,-0.997471732522988,0.4844909901880236,0.9841231756854657,0
-0.46546902347764374,-1.1099901739376037,0.8491410419312149,-0.5661498033985388,-0.404365943111267,-1.177851894974348,-0.5674373336626071,0.853056793629862,-1.0495008719737637,0.003043148748581378,-0.4814607612315388,-0.6266628211682062,0.9841231756854657,0
-0.9738162891597597,0.9009088760241706,0.8491410419312149,-0.5650917141501814,-0.911310674287764,0.9048055324001227,-0.9474977234247925,0.853056793629862,-1.6839450612603513,-0.6849837281165926,-0.997471732522988,-1.12271362980938,0.9841231756854657,0
-0.634918112038349,0.9009088760241706,-0.502969299721533,-0.5634966840892249,-0.5733475201700994,0.9048055324001227,-0.9474977234247925,-1.461440576166749,-1.2475548781531747,-0.6849837281165926,-0.997471732522988,-1.0830295651180861,0.9841231756854657,0
-0.2960199349169384,0.9009088760241706,0.8491410419312149,-0.5706190460445854,-0.06640278899360229,-1.177851894974348,0.06599664927436881,0.853056793629862,-0.0860856215756121,1.035083464046342,-0.997471732522988,1.3972244780877838,-1.0161329645585022,0
-0.8043672005990544,-1.1099901739376037,-1.179024470547907,-0.6864719225512917,-0.7423290972289317,-1.177851894974348,-0.8841543251310949,0.2744324511807092,1.7836784706605218,-0.34097028968400567,-0.4814607612315388,-0.9441353386985575,-1.0161329645585022,1
-0.9738162891597597,0.9009088760241706,-0.502969299721533,-0.5466778027533958,-0.911310674287764,0.9048055324001227,-0.9474977234247925,-0.8828162337175963,0.4745079213389917,-0.6849837281165926,-0.4814607612315388,-0.15045404487267908,-1.0161329645585022,0
-0.8043672005990544,-1.1099901739376037,0.8491410419312149,-0.5652654302954342,-0.911310674287764,0.21058638994196582,1.3328646151483206,1.4316811360790147,-1.0495008719737637,3.0991640946418633,-0.997471732522988,-0.26950623894656084,0.9841231756854657,0
-0.9738162891597597,-1.1099901739376037,-0.502969299721533,-0.5193411984413581,-0.911310674287764,0.9048055324001227,-0.9474977234247925,-1.461440576166749,0.5651428055227898,-0.6849837281165926,-0.7394662468772634,-0.5671367241312653,0.9841231756854657,0
-0.8043672005990544,-1.1099901739376037,0.8491410419312149,-0.5165933248709973,-0.5733475201700994,0.9048055324001227,-0.9474977234247925,-1.461440576166749,0.8739727812601764,-0.6849837281165926,-0.7394662468772634,-0.5274526594399713,-1.0161329645585022,0
-0.634918112038349,-1.1099901739376037,0.8491410419312149,-0.5702084442467154,-0.06640278899360229,-1.177851894974348,-1.002923196931778,1.4316811360790147,-1.5496711587658354,-0.7996548742607882,-0.997471732522988,-1.2814498885745558,0.9841231756854657,0
-0.634918112038349,-1.1099901739376037,0.8491410419312149,-0.5637335697418422,-0.7423290972289317,-1.177851894974348,-0.2507203421941191,0.2744324511807092,0.8739727812601764,0.4617277333253637,-0.997471732522988,-0.9044512740072636,-1.0161329645585022,0
-0.9738162891597597,-1.1099901739376037,-1.179024470547907,-0.5637967392492068,-0.911310674287764,0.21058638994196582,0.38271364074285674,-0.8828162337175963,1.4110683912382405,1.4937680486231246,-0.7394662468772634,0.16701847265767225,-1.0161329645585022,0
-0.9738162891597597,-1.1099901739376037,-1.179024470547907,-0.5616489759988098,-0.911310674287764,-1.177851894974348,-1.2958864140401292,0.853056793629862,1.286865031430813,-1.2583394588375707,-0.4814607612315388,-1.0036614357354983,-1.0161329645585022,0
-0.2960199349169384,-1.1099901739376037,-1.179024470547907,-0.5640020401481418,-0.5733475201700994,-1.177851894974348,-0.8841543251310949,0.853056793629862,-1.4254677989584081,-0.570312581972397,-0.7394662468772634,0.6630692812988462,-1.0161329645585022,0
-0.46546902347764374,0.9009088760241706,0.8491410419312149,-0.6059939701687705,-0.5733475201700994,0.9048055324001227,-0.9474977234247925,-0.3041918912684436,1.6829730437896346,-0.570312581972397,-0.997471732522988,0.6233852166075523,-1.0161329645585022,1
-0.8043672005990544,0.9009088760241706,-0.502969299721533,-0.49154661520092685,-0.911310674287764,0.9048055324001227,-0.9474977234247925,-1.461440576166749,1.6628319584154578,-0.7996548742607882,-0.4814607612315388,-0.7655570475877348,-1.0161329645585022,0
-0.9738162891597597,0.9009088760241706,0.8491410419312149,-0.5653443921796399,-0.911310674287764,-1.177851894974348,-0.804975077263973,0.2744324511807092,-1.173704231781191,-0.45564143582820127,-0.997471732522988,-1.678290535487495,-1.0161329645585022,0
-0.634918112038349,0.9009088760241706,-0.502969299721533,-0.4919098398682734,-0.911310674287764,0.9048055324001227,-0.9474977234247925,0.2744324511807092,0.8336906105118219,-0.7996548742607882,-0.7394662468772634,-0.44808453005738347,0.9841231756854657,0
-0.46546902347764374,0.9009088760241706,-1.179024470547907,-0.5599433992999652,-0.404365943111267,-1.177851894974348,-0.7574675285436998,1.4316811360790147,2.3241309282009484,-0.34097028968400567,-0.7394662468772634,0.5638591195706114,-1.0161329645585022,0
-1.143265377720465,-1.1099901739376037,0.8491410419312149,-0.48508753307289487,-0.911310674287764,0.9048055324001227,-0.9474977234247925,0.2744324511807092,-1.8752853723150364,-0.7996548742607882,-0.4814607612315388,-2.075131182400434,0.9841231756854657,0
-0.2960199349169384,0.9009088760241706,-0.502969299721533,-0.5635914383502718,-0.911310674287764,-1.177851894974348,-0.6624524311031534,-0.3041918912684436,-1.173704231781191,-0.2262991435398101,-0.4814607612315388,-1.658448503141848,-1.0161329645585022,0
-0.46546902347764374,-1.1099901739376037,-0.502969299721533,-0.5608277724030698,-0.06640278899360229,-1.177851894974348,-0.09236184645987515,-1.461440576166749,-1.2979075915886182,0.6910700256137552,-0.4814607612315388,-3.047390767337135,0.9841231756854657,0
-0.8043672005990544,0.9009088760241706,0.8491410419312149,-0.5647442818596761,-0.911310674287764,-1.177851894974348,-0.7574675285436998,1.4316811360790147,-0.21028898138303903,-0.34097028968400567,-0.4814607612315388,0.18686050500331922,0.9841231756854657,0
-0.634918112038349,0.9009088760241706,-1.179024470547907,-0.48003397248372554,-0.7423290972289317,0.9048055324001227,-0.9474977234247925,-0.8828162337175963,-0.1397951825734185,-0.7996548742607882,-0.997471732522988,0.008282213892496587,0.9841231756854657,0
-0.8043672005990544,-1.1099901739376037,1.5251962127575889,-0.5642547181776003,-0.911310674287764,0.21058638994196582,-0.17154109432699713,-0.8828162337175963,-1.173704231781191,0.5763988794695595,-0.7394662468772634,0.0479662785837905,-1.0161329645585022,0
-0.9738162891597597,-1.1099901739376037,0.8491410419312149,-0.48832497032533145,-0.911310674287764,0.9048055324001227,-0.9474977234247925,0.853056793629862,-1.623521805137819,-0.7996548742607882,-0.997471732522988,-0.20998014190961997,0.9841231756854657,0
-0.634918112038349,0.9009088760241706,-1.179024470547907,-0.4873142582074976,-0.7423290972289317,0.9048055324001227,-0.9474977234247925,-1.461440576166749,0.03811773823181484,-0.7996548742607882,-0.7394662468772634,-0.07108591549009124,0.9841231756854657,0
-0.9738162891597597,0.9009088760241706,-0.502969299721533,-0.5664340661816796,-0.911310674287764,-1.177851894974348,-0.3298995900612411,1.4316811360790147,-1.2979075915886182,0.3470565871811683,-0.7394662468772634,-0.9639773710442044,-1.0161329645585022,0
-0.46546902347764374,0.9009088760241706,-0.502969299721533,-0.5631492517987196,-0.5733475201700994,-1.177851894974348,-0.7257958293968509,1.4316811360790147,0.001192415045823164,-0.34097028968400567,-0.4814607612315388,0.7027533459901402,0.9841231756854657,0
-0.9738162891597597,0.9009088760241706,-0.502969299721533,-0.5628491966387376,-0.911310674287764,-1.177851894974348,-0.5674373336626071,-0.8828162337175963,-1.173704231781191,0.003043148748581378,-0.4814607612315388,-0.7258729828964409,-1.0161329645585022,0
-0.9738162891597597,-1.1099901739376037,1.5251962127575889,-0.45024954976130893,-0.23538436605243465,0.9048055324001227,-0.9474977234247925,1.4316811360790147,1.2465828606824585,-0.7996548742607882,-0.4814607612315388,1.694854963272488,-1.0161329645585022,0
-0.8043672005990544,0.9009088760241706,-0.502969299721533,-0.5607014333883407,-0.5733475201700994,0.21058638994196582,0.8577891279455886,1.4316811360790147,0.11868207972852446,2.2964660716324943,-0.4814607612315388,1.2186461869769611,-1.0161329645585022,0
-0.8043672005990544,-1.1099901739376037,-1.179024470547907,-0.5437246282841,-0.911310674287764,0.9048055324001227,0.22435514500861276,-0.8828162337175963,-1.4724636648314886,1.1497546101905376,-0.7394662468772634,-0.6266628211682062,0.9841231756854657,0
-0.8043672005990544,-1.1099901739376037,0.8491410419312149,-0.5375182241855264,-0.5733475201700994,0.9048055324001227,0.22435514500861276,1.4316811360790147,0.001192415045823164,1.1497546101905376,-0.997471732522988,0.028124246238143545,0.9841231756854657,0
-0.634918112038349,-1.1099901739376037,-1.179024470547907,-0.5227049747085238,-0.23538436605243465,0.9048055324001227,0.22435514500861276,-0.8828162337175963,0.2865244578466693,1.035083464046342,-0.997471732522988,0.12733440796637835,0.9841231756854657,0
-0.634918112038349,-1.1099901739376037,0.8491410419312149,-0.566070841514333,-0.5733475201700994,-1.177851894974348,-1.2008713165995828,1.4316811360790147,1.327147202179168,-1.0289971665491795,-0.997471732522988,0.801963507718375,-1.0161329645585022,0
-0.2960199349169384,0.9009088760241706,1.5251962127575889,-0.560338208720994,0.10257878806523006,0.21058638994196582,0.8577891279455886,0.853056793629862,-0.25392799969375696,2.2964660716324943,-0.997471732522988,-1.9759210206721993,0.9841231756854657,0
-0.9738162891597597,0.9009088760241706,1.5251962127575889,-0.4962527434995908,-0.911310674287764,0.9048055324001227,0.22435514500861276,-1.461440576166749,0.561785957960427,1.035083464046342,-0.997471732522988,-1.2219237915376149,-1.0161329645585022,0
-0.8043672005990544,0.9009088760241706,-1.179024470547907,-0.4964106672680023,-0.911310674287764,0.9048055324001227,0.22435514500861276,0.2744324511807092,0.001192415045823164,1.035083464046342,-0.997471732522988,-0.051243883144444294,0.9841231756854657,0
-0.8043672005990544,-1.1099901739376037,-0.502969299721533,-0.49244678068087266,-0.7423290972289317,0.9048055324001227,0.22435514500861276,0.853056793629862,-1.8752853723150364,1.035083464046342,-0.997471732522988,-0.07108591549009124,-1.0161329645585022,0
-0.9738162891597597,-1.1099901739376037,0.8491410419312149,-0.48873557212320146,-0.5733475201700994,0.9048055324001227,0.22435514500861276,0.853056793629862,-1.7510820125076092,0.9204123179021463,-0.997471732522988,-1.2616078562289088,0.9841231756854657,0
-0.9738162891597597,-1.1099901739376037,-1.179024470547907,-0.5965975059482839,-0.911310674287764,0.9048055324001227,0.22435514500861276,-0.3041918912684436,1.6729025011025462,1.379096902478929,-0.7394662468772634,-2.075131182400434,-1.0161329645585022,1
-0.9738162891597597,0.9009088760241706,-0.502969299721533,-0.47374860650094625,-0.911310674287764,0.9048055324001227,0.22435514500861276,-1.461440576166749,0.3939435798422821,0.9204123179021463,-0.4814607612315388,-1.3608180179571436,0.9841231756854657,0
-0.634918112038349,-1.1099901739376037,-0.502969299721533,-0.46792121944656034,-0.23538436605243465,0.9048055324001227,0.22435514500861276,1.4316811360790147,1.4345663241747801,0.9204123179021463,-0.7394662468772634,1.0995939929030794,-1.0161329645585022,0
-0.2960199349169384,-1.1099901739376037,-0.502969299721533,-0.5665604051964088,-0.5733475201700994,-1.177851894974348,0.06599664927436881,0.853056793629862,-0.37813135950118393,1.035083464046342,-0.7394662468772634,0.14717644031202531,-1.0161329645585022,0
-0.46546902347764374,-1.1099901739376037,1.5251962127575889,-0.5658497482385568,-0.7423290972289317,-1.177851894974348,-0.4090788379283631,-1.461440576166749,0.5785701957722418,0.23238544103697253,-0.997471732522988,0.40512286080543575,0.9841231756854657,0
-0.8043672005990544,0.9009088760241706,-1.179024470547907,-0.5683133590257768,-0.7423290972289317,-1.177851894974348,0.06599664927436881,-0.8828162337175963,-1.2979075915886182,1.035083464046342,-0.7394662468772634,-0.686188918205147,0.9841231756854657,0
-1.143265377720465,-1.1099901739376037,-0.502969299721533,-0.45028113451499124,-0.911310674287764,0.9048055324001227,0.22435514500861276,-0.8828162337175963,2.0757242085860943,0.8057411717579506,-0.7394662468772634,1.238488219322608,0.9841231756854657,0
-0.9738162891597597,0.9009088760241706,0.8491410419312149,-0.4512286771254605,-0.404365943111267,0.9048055324001227,0.22435514500861276,0.853056793629862,0.23617174441122635,0.8057411717579506,-0.997471732522988,0.3654387961141419,-1.0161329645585022,0
-1.143265377720465,0.9009088760241706,0.8491410419312149,-0.5622175015650914,-0.911310674287764,0.9048055324001227,0.22435514500861276,-0.3041918912684436,-0.21364582894540246,1.2644257563347332,-0.4814607612315388,-2.0552891500547874,-1.0161329645585022,1
-0.8043672005990544,0.9009088760241706,-1.179024470547907,-0.5676816639521307,-0.5733475201700994,0.9048055324001227,0.22435514500861276,1.4316811360790147,0.7061304031420315,1.2644257563347332,-0.7394662468772634,0.8416475724096689,-1.0161329645585022,1
-1.143265377720465,0.9009088760241706,-0.502969299721533,-0.5592327423421133,-0.5733475201700994,0.21058638994196582,-0.12403354560672394,-0.8828162337175963,0.954537122756886,0.6910700256137552,-0.997471732522988,-1.8171847619070236,0.9841231756854657,0
-0.634918112038349,0.9009088760241706,-1.179024470547907,-0.672558838554235,-0.7423290972289317,-1.177851894974348,0.06599664927436881,-0.3041918912684436,1.0787404825643134,1.4937680486231246,-0.7394662468772634,1.0400678958661385,-1.0161329645585022,1
-0.634918112038349,-1.1099901739376037,1.5251962127575889,-0.4298773836362202,0.10257878806523006,0.9048055324001227,0.22435514500861276,-0.8828162337175963,-0.6936750303632967,0.8057411717579506,-0.7394662468772634,-0.07108591549009124,0.9841231756854657,0
-0.46546902347764374,-1.1099901739376037,0.8491410419312149,-0.39205464110165616,-0.23538436605243465,0.9048055324001227,0.22435514500861276,0.2744324511807092,-1.3482603050240614,0.6910700256137552,-0.4814607612315388,0.6630692812988462,-1.0161329645585022,0
-0.2960199349169384,0.9009088760241706,-1.179024470547907,-0.39071228907015804,-0.404365943111267,0.9048055324001227,0.22435514500861276,-1.461440576166749,-1.3482603050240614,0.6910700256137552,-0.997471732522988,-0.9639773710442044,0.9841231756854657,0
-0.46546902347764374,0.9009088760241706,-1.179024470547907,-0.3935549169015658,0.2715603651240624,0.9048055324001227,0.22435514500861276,-1.461440576166749,-0.5896127559300467,0.6910700256137552,-0.997471732522988,0.22654456969461315,0.9841231756854657,0
-0.8043672005990544,0.9009088760241706,-1.179024470547907,-0.5595327975020952,-0.7423290972289317,0.21058638994196582,-0.7257958293968509,1.4316811360790147,0.6255660616453219,-0.34097028968400567,-0.7394662468772634,-2.0552891500547874,0.9841231756854657,0
-0.46546902347764374,-1.1099901739376037,-0.502969299721533,-0.5624543872177087,-0.5733475201700994,-1.177851894974348,-0.6624524311031534,0.2744324511807092,1.092167872813765,-0.2262991435398101,-0.7394662468772634,0.8614896047553159,-1.0161329645585022,0
-0.9738162891597597,-1.1099901739376037,-0.502969299721533,-0.3968397312845258,-0.911310674287764,0.9048055324001227,0.22435514500861276,0.2744324511807092,-0.37813135950118393,0.6910700256137552,-0.997471732522988,-0.8250831446246757,0.9841231756854657,0
-0.2960199349169384,-1.1099901739376037,1.5251962127575889,-0.3924968276532085,-0.404365943111267,0.9048055324001227,0.22435514500861276,0.853056793629862,1.2096575374964662,0.6910700256137552,-0.997471732522988,1.754381060309429,0.9841231756854657,0
-0.9738162891597597,-1.1099901739376037,0.8491410419312149,-0.5669236298637553,-0.911310674287764,0.21058638994196582,-0.7257958293968509,-0.8828162337175963,1.2096575374964662,-0.34097028968400567,-0.997471732522988,-1.9163949236352584,-1.0161329645585022,0
-0.9738162891597597,0.9009088760241706,0.8491410419312149,-0.3842689993189672,-0.911310674287764,0.9048055324001227,0.22435514500861276,-1.461440576166749,-0.005521280078902488,0.6910700256137552,-0.997471732522988,-0.9441353386985575,0.9841231756854657,0
-0.9738162891597597,0.9009088760241706,0.8491410419312149,-0.3711455341639681,-0.404365943111267,0.9048055324001227,0.22435514500861276,-0.8828162337175963,-0.1397951825734185,0.6910700256137552,-0.7394662468772634,-1.8767108589439645,-1.0161329645585022,0
-0.634918112038349,0.9009088760241706,0.8491410419312149,-0.5591695728347487,-0.404365943111267,-1.177851894974348,-0.765385453330412,0.853056793629862,0.27645391515958084,-0.34097028968400567,-0.7394662468772634,-1.0830295651180861,0.9841231756854657,0
-0.9738162891597597,0.9009088760241706,1.5251962127575889,-0.3777467476835705,-0.911310674287764,0.9048055324001227,0.22435514500861276,0.853056793629862,-1.1804179269059165,0.6910700256137552,-0.4814607612315388,-0.6465048535138531,-1.0161329645585022,0
-0.634918112038349,-1.1099901739376037,1.5251962127575889,-0.35745354344268754,-0.911310674287764,0.9048055324001227,0.22435514500861276,1.4316811360790147,0.04483143335654109,0.5763988794695595,-0.4814607612315388,-0.22982217425526694,0.9841231756854657,0
-0.46546902347764374,0.9009088760241706,0.8491410419312149,-0.3348230674293137,-0.911310674287764,0.9048055324001227,0.22435514500861276,0.2744324511807092,-1.173704231781191,0.5763988794695595,-0.4814607612315388,-0.36871640067479566,0.9841231756854657,0
-0.8043672005990544,0.9009088760241706,-1.179024470547907,-0.6764437632571589,-0.911310674287764,-1.177851894974348,-0.013182598592753173,1.4316811360790147,1.4446368668618692,1.379096902478929,-0.997471732522988,-1.8568688265983175,-1.0161329645585022,1
-0.9738162891597597,0.9009088760241706,-0.502969299721533,-0.3376341105070392,-0.911310674287764,0.9048055324001227,0.22435514500861276,-0.8828162337175963,-0.0860856215756121,0.5763988794695595,-0.4814607612315388,0.5837011519162584,0.9841231756854657,0
-0.46546902347764374,-1.1099901739376037,-1.179024470547907,-0.3183989955145135,-0.404365943111267,0.9048055324001227,0.22435514500861276,-0.8828162337175963,-1.0495008719737637,0.4617277333253637,-0.997471732522988,-0.44808453005738347,-1.0161329645585022,0
-0.634918112038349,-1.1099901739376037,0.8491410419312149,-0.3132664730411384,-0.7423290972289317,0.9048055324001227,0.22435514500861276,1.4316811360790147,0.7430557263280237,0.4617277333253637,-0.997471732522988,0.821805540064022,-1.0161329645585022,0
-0.9738162891597597,0.9009088760241706,-0.502969299721533,-0.2986901092167532,-0.7423290972289317,0.9048055324001227,0.22435514500861276,0.2744324511807092,0.001192415045823164,0.4617277333253637,-0.997471732522988,-0.15045404487267908,0.9841231756854657,0
-0.9738162891597597,0.9009088760241706,-0.502969299721533,-0.2976004352147136,-0.404365943111267,0.9048055324001227,0.22435514500861276,-0.8828162337175963,0.8336906105118219,0.4617277333253637,-0.4814607612315388,-0.09092794783573821,0.9841231756854657,0
-0.8043672005990544,-1.1099901739376037,-1.179024470547907,-0.5599433992999652,-0.5733475201700994,-1.177851894974348,-1.042512820865339,-1.461440576166749,0.7430557263280237,-0.7996548742607882,-0.4814607612315388,0.9805417988291976,-1.0161329645585022,0
-1.143265377720465,-1.1099901739376037,1.5251962127575889,-0.30314355948595867,-0.911310674287764,0.9048055324001227,0.22435514500861276,-0.8828162337175963,-0.33784918875282943,0.4617277333253637,-0.7394662468772634,1.278172284013902,0.9841231756854657,0
-0.46546902347764374,0.9009088760241706,-1.179024470547907,-0.29687398588002045,-0.911310674287764,0.9048055324001227,0.22435514500861276,-0.8828162337175963,0.5114332445249834,0.4617277333253637,-0.997471732522988,-0.8846092416616166,0.9841231756854657,0
-0.2960199349169384,-1.1099901739376037,-0.502969299721533,-0.4136270278666726,-0.23538436605243465,0.9048055324001227,0.22435514500861276,-1.461440576166749,1.4446368668618692,0.6910700256137552,-0.997471732522988,-0.6068207888225592,-1.0161329645585022,1
-0.9738162891597597,0.9009088760241706,-0.502969299721533,-0.2779231336706356,-0.911310674287764,0.9048055324001227,0.22435514500861276,-0.8828162337175963,0.7061304031420315,0.4617277333253637,-0.997471732522988,-1.12271362980938,0.9841231756854657,0
-0.9738162891597597,-1.1099901739376037,-1.179024470547907,-0.5603540010978352,-0.911310674287764,-1.177851894974348,-0.5674373336626071,0.2744324511807092,0.5114332445249834,0.003043148748581378,-0.997471732522988,0.18686050500331922,-1.0161329645585022,0
-0.2960199349169384,-1.1099901739376037,-0.502969299721533,-0.560543509619929,-0.404365943111267,-1.177851894974348,-0.5120118601556216,-1.461440576166749,-0.6936750303632967,0.003043148748581378,-0.4814607612315388,-2.2537094735112566,0.9841231756854657,0
-0.2960199349169384,-1.1099901739376037,-1.179024470547907,-0.3795944557739856,-0.06640278899360229,0.9048055324001227,0.22435514500861276,0.2744324511807092,1.7736079279734327,0.6910700256137552,-0.7394662468772634,-0.9838194033898514,-1.0161329645585022,1
-1.143265377720465,-1.1099901739376037,0.8491410419312149,-0.24480651943473544,-0.404365943111267,0.9048055324001227,0.22435514500861276,-0.8828162337175963,-0.21364582894540246,0.3470565871811683,-0.4814607612315388,-0.30919030363785477,0.9841231756854657,0
-0.2960199349169384,-1.1099901739376037,-1.179024470547907,-0.24292722659063812,-0.06640278899360229,0.9048055324001227,0.22435514500861276,-0.3041918912684436,-1.7510820125076092,0.3470565871811683,-0.4814607612315388,-0.4282424977117365,0.9841231756854657,0
-0.8043672005990544,-1.1099901739376037,-0.502969299721533,-0.6792705987117255,-0.911310674287764,-1.177851894974348,0.06599664927436881,0.2744324511807092,0.9343960373827085,1.4937680486231246,-0.997471732522988,0.18686050500331922,-1.0161329645585022,1
-0.8043672005990544,0.9009088760241706,0.8491410419312149,-0.20276721228358327,-0.5733475201700994,0.9048055324001227,0.22435514500861276,0.2744324511807092,0.001192415045823164,0.23238544103697253,-0.997471732522988,0.9606997664835506,0.9841231756854657,0
-0.8043672005990544,0.9009088760241706,-0.502969299721533,-0.672874686091058,-0.911310674287764,-1.177851894974348,-1.359229812333827,-0.3041918912684436,-0.5661148229935064,-1.2583394588375707,-0.4814607612315388,0.9408577341379036,-1.0161329645585022,1
-0.8043672005990544,-1.1099901739376037,-0.502969299721533,-0.18754336100871075,-0.7423290972289317,0.9048055324001227,0.22435514500861276,-1.461440576166749,-1.1804179269059165,0.23238544103697253,-0.4814607612315388,0.4844909901880236,0.9841231756854657,0
-1.143265377720465,-1.1099901739376037,-1.179024470547907,-0.5660392567606507,-0.911310674287764,-1.177851894974348,-0.2507203421941191,-1.461440576166749,-0.5661148229935064,0.4617277333253637,-0.7394662468772634,-0.9838194033898514,-1.0161329645585022,0
-0.2960199349169384,0.9009088760241706,-0.502969299721533,-0.14634104983013974,0.10257878806523006,0.9048055324001227,0.22435514500861276,0.853056793629862,-0.3680608168140954,0.23238544103697253,-0.997471732522988,0.0479662785837905,0.9841231756854657,0
-0.9738162891597597,0.9009088760241706,-0.502969299721533,-0.1296327151321987,-0.911310674287764,0.9048055324001227,0.22435514500861276,-0.8828162337175963,-0.08944246913797492,0.1177142948927768,-0.997471732522988,0.7225953783357871,-1.0161329645585022,0
-0.634918112038349,-1.1099901739376037,-0.502969299721533,-0.5652022607880696,-0.911310674287764,-1.177851894974348,-0.5040939353689095,-0.3041918912684436,-0.5459737376193288,0.1177142948927768,-0.4814607612315388,-0.9242933063529105,-1.0161329645585022,0
-0.8043672005990544,-1.1099901739376037,-1.179024470547907,-0.10960798129761534,-0.404365943111267,0.9048055324001227,0.22435514500861276,-0.8828162337175963,1.0787404825643134,0.1177142948927768,-0.4814607612315388,0.8416475724096689,-1.0161329645585022,0
-0.9738162891597597,0.9009088760241706,-1.179024470547907,-0.5622964634492972,-0.911310674287764,-1.177851894974348,0.06599664927436881,-1.461440576166749,-0.901799579229796,1.035083464046342,-0.7394662468772634,-1.3211339532658497,-1.0161329645585022,0
-0.634918112038349,0.9009088760241706,0.8491410419312149,-0.01335344445078119,-0.404365943111267,0.9048055324001227,0.22435514500861276,-0.3041918912684436,-1.173704231781191,0.003043148748581378,-0.4814607612315388,-1.3012919209202027,-1.0161329645585022,0
-0.2960199349169384,-1.1099901739376037,0.8491410419312149,-0.5649653751354522,0.10257878806523006,-1.177851894974348,1.3328646151483206,0.853056793629862,-0.2069321338206762,3.0991640946418633,-0.997471732522988,0.6829113136444932,0.9841231756854657,0
-0.2960199349169384,0.9009088760241706,-0.502969299721533,-0.5680606809963185,-0.404365943111267,-1.177851894974348,-0.5674373336626071,-0.3041918912684436,0.4308689030282738,0.003043148748581378,-0.4814607612315388,0.6630692812988462,-1.0161329645585022,0
-0.634918112038349,0.9009088760241706,1.5251962127575889,-0.5612699589546222,-0.5733475201700994,-1.177851894974348,-0.2507203421941191,-0.8828162337175963,-0.39491559731299863,0.4617277333253637,-0.7394662468772634,1.6750129309268411,0.9841231756854657,0
-0.634918112038349,-1.1099901739376037,-1.179024470547907,0.07816337934370673,-0.404365943111267,0.9048055324001227,0.22435514500861276,-1.461440576166749,0.2865244578466693,-0.11162799739561437,-0.7394662468772634,-0.15045404487267908,-1.0161329645585022,0
-0.2960199349169384,-1.1099901739376037,-0.502969299721533,0.07956890088256945,-0.911310674287764,0.9048055324001227,0.22435514500861276,-0.3041918912684436,-1.4724636648314886,-0.11162799739561437,-0.4814607612315388,-0.7457150152420878,0.9841231756854657,0
-0.9738162891597597,-1.1099901739376037,-1.179024470547907,0.10321008901377711,-0.911310674287764,0.9048055324001227,0.22435514500861276,1.4316811360790147,0.4745079213389917,-0.11162799739561437,-0.997471732522988,-2.4322877646220795,0.9841231756854657,0
-0.46546902347764374,-1.1099901739376037,-0.502969299721533,0.2649082354903538,-0.23538436605243465,0.9048055324001227,0.22435514500861276,-0.3041918912684436,0.5114332445249834,-0.34097028968400567,-0.4814607612315388,0.14717644031202531,-1.0161329645585022,0
-0.8043672005990544,0.9009088760241706,0.8491410419312149,0.29560861606955735,-0.911310674287764,0.9048055324001227,0.22435514500861276,0.853056793629862,0.001192415045823164,-0.34097028968400567,-0.7394662468772634,-1.5790803737592602,0.9841231756854657,0
-0.634918112038349,-1.1099901739376037,-1.179024470547907,0.35904659384047327,-0.911310674287764,0.9048055324001227,0.22435514500861276,0.2744324511807092,-1.3751150855229646,-0.34097028968400567,-0.997471732522988,-0.07108591549009124,0.9841231756854657,0
-1.143265377720465,0.9009088760241706,-1.179024470547907,0.40129120189056044,-0.911310674287764,0.9048055324001227,0.22435514500861276,0.2744324511807092,0.19253272610050842,-0.45564143582820127,-0.997471732522988,-0.051243883144444294,0.9841231756854657,0
-0.634918112038349,0.9009088760241706,-1.179024470547907,0.4547957746283905,-0.23538436605243465,0.9048055324001227,0.22435514500861276,-0.8828162337175963,0.04483143335654109,-0.45564143582820127,-0.7394662468772634,1.3972244780877838,0.9841231756854657,0
-0.2960199349169384,0.9009088760241706,1.5251962127575889,-0.5604645477357233,-0.23538436605243465,-1.177851894974348,-0.052772222526314166,0.853056793629862,-0.3109944082539262,0.8057411717579506,-0.7394662468772634,-1.4600281796853785,0.9841231756854657,0
-0.634918112038349,-1.1099901739376037,-0.502969299721533,0.650289607545037,-0.911310674287764,0.9048055324001227,0.22435514500861276,-1.461440576166749,-1.8752853723150364,-0.570312581972397,-0.4814607612315388,-1.6981325678331418,0.9841231756854657,0
-0.46546902347764374,-1.1099901739376037,0.8491410419312149,-0.6728904784678992,-0.911310674287764,-1.177851894974348,0.06599664927436881,0.853056793629862,-0.41841353024953903,1.4937680486231246,-0.7394662468772634,-0.7655570475877348,-1.0161329645585022,1
-0.8043672005990544,-1.1099901739376037,1.5251962127575889,0.9533926962573073,-0.911310674287764,0.9048055324001227,0.22435514500861276,1.4316811360790147,-0.6936750303632967,-0.6849837281165926,-0.997471732522988,0.2463866020402601,0.9841231756854657,0
-1.143265377720465,0.9009088760241706,-0.502969299721533,-0.668358066314488,-0.911310674287764,-1.177851894974348,-0.32198166527452887,-0.3041918912684436,0.7430557263280237,0.6910700256137552,-0.4814607612315388,-0.9242933063529105,-1.0161329645585022,1
-0.46546902347764374,-1.1099901739376037,0.8491410419312149,-0.560432962982041,-0.911310674287764,-1.177851894974348,-0.09236184645987515,1.4316811360790147,-1.3482603050240614,0.6910700256137552,-0.997471732522988,-0.15045404487267908,-1.0161329645585022,0
-0.46546902347764374,0.9009088760241706,-1.179024470547907,-0.6719745206111123,-0.911310674287764,-1.177851894974348,-0.7257958293968509,0.2744324511807092,-0.33784918875282943,-0.11162799739561437,-0.997471732522988,-0.30919030363785477,-1.0161329645585022,1
-0.46546902347764374,-1.1099901739376037,-0.502969299721533,1.0244583920425006,-0.5733475201700994,0.9048055324001227,0.22435514500861276,-1.461440576166749,0.3939435798422821,-0.6849837281165926,-0.4814607612315388,0.9210157017922567,-1.0161329645585022,0
-0.2960199349169384,0.9009088760241706,-1.179024470547907,1.1275510280615546,-0.23538436605243465,0.9048055324001227,0.22435514500861276,0.2744324511807092,0.6624913848313142,-0.7996548742607882,-0.4814607612315388,0.5241750548793175,-1.0161329645585022,0
-0.9738162891597597,-1.1099901739376037,-1.179024470547907,-0.559311704226319,-0.5733475201700994,-1.177851894974348,-0.646616581529729,-0.8828162337175963,0.03811773823181484,-0.2262991435398101,-0.7394662468772634,-1.4005020826484376,-1.0161329645585022,0
-0.634918112038349,0.9009088760241706,-0.502969299721533,-0.35091549943044975,-0.911310674287764,0.9048055324001227,0.21643722022190057,1.4316811360790147,-1.3751150855229646,0.5763988794695595,-0.997471732522988,1.35754041339649,-1.0161329645585022,0
-0.9738162891597597,-1.1099901739376037,0.8491410419312149,-0.6741064914846681,-0.911310674287764,-1.177851894974348,0.05807872448765661,1.4316811360790147,1.4312094766124175,1.4937680486231246,-0.4814607612315388,0.0479662785837905,-1.0161329645585022,1
-0.9738162891597597,0.9009088760241706,-0.502969299721533,-0.11012912973337342,-0.7423290972289317,0.9048055324001227,0.20851929543518838,0.853056793629862,1.5587696839822078,0.1177142948927768,-0.997471732522988,0.4448069254967297,-1.0161329645585022,0
-0.9738162891597597,-1.1099901739376037,-0.502969299721533,-0.5709033088277261,-0.7423290972289317,0.9048055324001227,0.20456033304183227,-0.3041918912684436,0.6154955189582334,1.2644257563347332,-0.4814607612315388,-0.32903233598350173,-1.0161329645585022,1
-0.46546902347764374,0.9009088760241706,0.8491410419312149,-0.5579693521948209,-0.23538436605243465,-1.177851894974348,0.22435514500861276,1.4316811360790147,0.4308689030282738,1.2644257563347332,-0.7394662468772634,-1.142555662155027,0.9841231756854657,0
-1.143265377720465,0.9009088760241706,-0.502969299721533,-0.6215652537341485,-0.911310674287764,0.9048055324001227,0.19268344586176397,-0.8828162337175963,0.4107278176540969,1.4937680486231246,-0.7394662468772634,1.1591200899400202,-1.0161329645585022,1
-0.634918112038349,-1.1099901739376037,-1.179024470547907,-0.5991084938660274,-0.404365943111267,0.9048055324001227,0.19268344586176397,0.853056793629862,1.1458774338115711,1.379096902478929,-0.4814607612315388,0.10749237562073138,-1.0161329645585022,1
-0.9738162891597597,0.9009088760241706,1.5251962127575889,-0.5483044175680346,-0.911310674287764,0.9048055324001227,0.19268344586176397,1.4316811360790147,-0.7138161157374736,1.1497546101905376,-0.4814607612315388,0.6035431842619053,-1.0161329645585022,0
-0.2960199349169384,-1.1099901739376037,-0.502969299721533,-0.601019371463807,-0.404365943111267,0.9048055324001227,0.19268344586176397,0.853056793629862,0.03811773823181484,1.379096902478929,-0.7394662468772634,-2.075131182400434,-1.0161329645585022,1
-0.634918112038349,0.9009088760241706,-0.502969299721533,-0.5550319701023663,-0.5733475201700994,-1.177851894974348,-1.121692068732461,1.4316811360790147,-0.21364582894540246,-0.9143260204049839,-0.7394662468772634,0.5440170872249644,-1.0161329645585022,0
-0.634918112038349,0.9009088760241706,-0.502969299721533,-0.4857508129002233,-0.5733475201700994,0.9048055324001227,0.19268344586176397,-1.461440576166749,-1.371758237960602,0.9204123179021463,-0.4814607612315388,-1.9957630530178463,0.9841231756854657,0
-0.634918112038349,0.9009088760241706,0.8491410419312149,-0.42055988129993926,-0.7423290972289317,0.9048055324001227,0.19268344586176397,1.4316811360790147,-1.8752853723150364,0.6910700256137552,-0.997471732522988,-0.03140185079879733,0.9841231756854657,0
-0.2960199349169384,-1.1099901739376037,-0.502969299721533,-0.3941708195983708,0.2715603651240624,0.9048055324001227,0.19268344586176397,0.2744324511807092,-1.623521805137819,0.6910700256137552,-0.7394662468772634,1.3773824457421369,-1.0161329645585022,0
-0.634918112038349,-1.1099901739376037,-1.179024470547907,-0.373182750776477,-0.911310674287764,0.9048055324001227,0.19268344586176397,1.4316811360790147,0.7229146409538463,0.5763988794695595,-0.4814607612315388,0.008282213892496587,0.9841231756854657,0
-0.8043672005990544,0.9009088760241706,0.8491410419312149,-0.6654364765988745,-0.404365943111267,-1.177851894974348,-1.042512820865339,0.2744324511807092,1.327147202179168,-0.6849837281165926,-0.997471732522988,0.14717644031202531,-1.0161329645585022,1
-0.46546902347764374,-1.1099901739376037,-0.502969299721533,-0.5512417996604894,-0.5733475201700994,-1.177851894974348,-1.01084112171849,-1.461440576166749,-0.46205254856025635,-0.7996548742607882,-0.7394662468772634,-0.26950623894656084,-1.0161329645585022,0
-0.634918112038349,0.9009088760241706,-0.502969299721533,-0.5544476521592436,-0.911310674287764,-1.177851894974348,-0.4090788379283631,-0.8828162337175963,0.7229146409538463,0.23238544103697253,-0.4814607612315388,0.4249648931510827,0.9841231756854657,0
-0.2960199349169384,0.9009088760241706,-1.179024470547907,-0.45173403318437744,-0.404365943111267,0.9048055324001227,0.19268344586176397,0.853056793629862,1.0015329886299666,0.8057411717579506,-0.997471732522988,-2.114815247091728,-1.0161329645585022,1
-0.2960199349169384,0.9009088760241706,-0.502969299721533,-0.6671104685440369,-0.7423290972289317,-1.177851894974348,-1.042512820865339,0.2744324511807092,1.159304824061023,-0.6849837281165926,-0.997471732522988,0.4844909901880236,-1.0161329645585022,1
-0.2960199349169384,-1.1099901739376037,-1.179024470547907,-0.5604961324894057,-0.23538436605243465,-1.177851894974348,0.06599664927436881,-1.461440576166749,-0.11965409719924096,1.035083464046342,-0.7394662468772634,0.008282213892496587,-1.0161329645585022,0
-0.9738162891597597,0.9009088760241706,0.8491410419312149,-0.5577482589190448,-0.911310674287764,-1.177851894974348,0.05807872448765661,-1.461440576166749,-1.2475548781531747,0.9204123179021463,-0.7394662468772634,-0.3488743683291487,-1.0161329645585022,0
-0.46546902347764374,-1.1099901739376037,-1.179024470547907,-0.2984058464336124,-0.7423290972289317,0.9048055324001227,0.19268344586176397,1.4316811360790147,-0.0860856215756121,0.4617277333253637,-0.7394662468772634,-1.4997122443766724,0.9841231756854657,0
-0.2960199349169384,0.9009088760241706,-1.179024470547907,-0.5540686351150559,-0.911310674287764,-1.177851894974348,-0.7257958293968509,0.2744324511807092,-1.6705176710108995,-0.34097028968400567,-0.997471732522988,-0.6663468858595001,-1.0161329645585022,0
-1.143265377720465,0.9009088760241706,-1.179024470547907,-0.5573692418748571,-0.911310674287764,-1.177851894974348,-0.38928402596158257,-1.461440576166749,-0.3680608168140954,0.23238544103697253,-0.997471732522988,-0.051243883144444294,0.9841231756854657,0
-0.9738162891597597,-1.1099901739376037,-0.502969299721533,-0.40306192775994054,-0.911310674287764,0.9048055324001227,0.19268344586176397,0.853056793629862,2.6128198185641573,0.6910700256137552,-0.7394662468772634,-0.051243883144444294,-1.0161329645585022,1
-0.8043672005990544,0.9009088760241706,1.5251962127575889,-0.20698377690017142,-0.911310674287764,0.9048055324001227,0.19268344586176397,0.2744324511807092,-0.7138161157374736,0.23238544103697253,-0.997471732522988,1.0797519605574324,0.9841231756854657,0
-0.46546902347764374,0.9009088760241706,0.8491410419312149,-0.19965611404587594,-0.911310674287764,0.9048055324001227,0.19268344586176397,1.4316811360790147,0.860545391010725,0.23238544103697253,-0.997471732522988,-1.0235034680811452,0.9841231756854657,0
-0.46546902347764374,-1.1099901739376037,1.5251962127575889,-0.6610304034601925,-0.911310674287764,-1.177851894974348,-0.646616581529729,0.2744324511807092,-0.8447331706696268,0.003043148748581378,-0.4814607612315388,1.0995939929030794,-1.0161329645585022,1
-1.143265377720465,-1.1099901739376037,1.5251962127575889,-0.5452880735913742,-0.911310674287764,-1.177851894974348,0.4460570390365543,-0.8828162337175963,-1.173704231781191,1.4937680486231246,-0.4814607612315388,-0.5274526594399713,0.9841231756854657,0
-1.143265377720465,-1.1099901739376037,1.5251962127575889,-0.16731332627519235,-0.911310674287764,0.9048055324001227,0.19268344586176397,-0.8828162337175963,0.7430557263280237,0.23238544103697253,-0.7394662468772634,0.8813316371009629,-1.0161329645585022,0
-1.143265377720465,0.9009088760241706,1.5251962127575889,-0.1609647907850484,-0.5733475201700994,0.9048055324001227,0.19268344586176397,-0.3041918912684436,1.934736610966852,0.1177142948927768,-0.4814607612315388,-1.6386064707962011,-1.0161329645585022,1
-0.46546902347764374,-1.1099901739376037,-0.502969299721533,0.0420935906385108,0.10257878806523006,0.9048055324001227,0.19268344586176397,1.4316811360790147,-0.08944246913797492,-0.11162799739561437,-0.997471732522988,0.32575473142284794,0.9841231756854657,0
-0.634918112038349,-1.1099901739376037,-1.179024470547907,-0.5487150193659046,-0.5733475201700994,-1.177851894974348,-0.5674373336626071,-0.8828162337175963,-0.34120603631519225,-0.11162799739561437,-0.4814607612315388,0.5638591195706114,0.9841231756854657,0
-0.8043672005990544,0.9009088760241706,1.5251962127575889,0.11873399544863157,-0.911310674287764,0.9048055324001227,0.19268344586176397,0.2744324511807092,-1.0495008719737637,-0.2262991435398101,-0.997471732522988,0.9011736694466097,0.9841231756854657,0
-0.2960199349169384,-1.1099901739376037,0.8491410419312149,0.06797729628116235,-0.404365943111267,0.9048055324001227,0.19268344586176397,-0.3041918912684436,-1.173704231781191,-0.11162799739561437,-0.4814607612315388,-1.3211339532658497,-1.0161329645585022,1
-0.8043672005990544,-1.1099901739376037,-1.179024470547907,-0.13893442509163847,-0.7423290972289317,0.9048055324001227,0.19268344586176397,0.2744324511807092,1.7736079279734327,0.1177142948927768,-0.7394662468772634,0.5837011519162584,-1.0161329645585022,1
-0.9738162891597597,0.9009088760241706,1.5251962127575889,-0.5469146884060131,-0.7423290972289317,-1.177851894974348,0.06599664927436881,1.4316811360790147,0.40737097009173406,0.9204123179021463,-0.4814607612315388,0.18686050500331922,0.9841231756854657,0
-0.9738162891597597,0.9009088760241706,-1.179024470547907,0.17146474172124507,-0.911310674287764,0.9048055324001227,0.19268344586176397,0.2744324511807092,-0.4654093961226198,-0.2262991435398101,-0.7394662468772634,0.7225953783357871,0.9841231756854657,0
-0.46546902347764374,0.9009088760241706,0.8491410419312149,-0.07041130197787089,-0.911310674287764,0.9048055324001227,0.19268344586176397,0.2744324511807092,1.5587696839822078,0.003043148748581378,-0.4814607612315388,0.46464895784237664,-1.0161329645585022,1
-0.8043672005990544,-1.1099901739376037,1.5251962127575889,0.9270510116862622,-0.7423290972289317,0.9048055324001227,0.19268344586176397,0.853056793629862,1.223084927745918,-0.6849837281165926,-0.4814607612315388,-1.678290535487495,0.9841231756854657,0
-0.8043672005990544,0.9009088760241706,0.8491410419312149,-0.5470726121744246,-0.5733475201700994,0.21058638994196582,0.06599664927436881,0.2744324511807092,-1.173704231781191,0.9204123179021463,-0.7394662468772634,-1.7775006972157297,0.9841231756854657,0
-0.9738162891597597,-1.1099901739376037,0.8491410419312149,-0.8468435093732115,-0.911310674287764,0.9048055324001227,0.18872448346840787,-1.461440576166749,1.4647779522360462,3.0991640946418633,-0.997471732522988,0.12733440796637835,-1.0161329645585022,1
-0.8043672005990544,0.9009088760241706,0.8491410419312149,-0.6750066569646139,-0.5733475201700994,0.9048055324001227,0.18872448346840787,-0.8828162337175963,-0.11965409719924096,1.7231103409115156,-0.4814607612315388,0.10749237562073138,-1.0161329645585022,1
-0.634918112038349,-1.1099901739376037,-1.179024470547907,-0.5421769753536668,-0.5733475201700994,-1.177851894974348,-0.2823920413409679,0.853056793629862,0.001192415045823164,0.3470565871811683,-0.7394662468772634,0.38528082845978884,0.9841231756854657,0
-0.634918112038349,-1.1099901739376037,-1.179024470547907,-0.7919807922270422,-0.06640278899360229,0.9048055324001227,0.1847655210750518,-0.3041918912684436,1.407711543675877,2.525808363920885,-0.997471732522988,-2.0552891500547874,-1.0161329645585022,1
-0.9738162891597597,-1.1099901739376037,0.8491410419312149,-0.677880869549704,-0.911310674287764,0.9048055324001227,0.1847655210750518,-0.3041918912684436,1.0418151593783211,1.7231103409115156,-0.7394662468772634,-0.24966420660091387,-1.0161329645585022,1
-1.143265377720465,-1.1099901739376037,0.8491410419312149,-0.6781019628254801,-0.911310674287764,0.9048055324001227,0.1847655210750518,1.4316811360790147,0.561785957960427,1.7231103409115156,-0.7394662468772634,-1.4005020826484376,-1.0161329645585022,1
-0.8043672005990544,-1.1099901739376037,0.8491410419312149,-0.6071626060550159,-0.7423290972289317,0.9048055324001227,0.1847655210750518,-1.461440576166749,0.001192415045823164,1.379096902478929,-0.7394662468772634,-0.11076998018138517,-1.0161329645585022,1
-0.2960199349169384,-1.1099901739376037,-0.502969299721533,-0.5694977872888635,-0.404365943111267,0.9048055324001227,0.1847655210750518,1.4316811360790147,1.676259348664909,1.2644257563347332,-0.4814607612315388,-0.3488743683291487,0.9841231756854657,0
-0.8043672005990544,0.9009088760241706,0.8491410419312149,-0.5484623413364462,-0.911310674287764,0.21058638994196582,-0.5674373336626071,-0.8828162337175963,-0.707102420612748,-0.11162799739561437,-0.7394662468772634,0.08765034327508442,0.9841231756854657,0
-0.46546902347764374,-1.1099901739376037,-0.502969299721533,-0.5051754364148429,0.2715603651240624,0.9048055324001227,0.1847655210750518,-0.3041918912684436,1.2029438423717405,0.9204123179021463,-0.4814607612315388,0.5638591195706114,-1.0161329645585022,1
-0.8043672005990544,0.9009088760241706,-1.179024470547907,-0.6353835834701583,-0.911310674287764,0.9048055324001227,0.17684759628833957,0.853056793629862,-1.6705176710108995,1.4937680486231246,-0.7394662468772634,0.6432272489531993,-1.0161329645585022,1
-0.2960199349169384,0.9009088760241706,-0.502969299721533,-0.3376972800144038,-0.7423290972289317,0.9048055324001227,0.17684759628833957,-0.8828162337175963,-0.46205254856025635,0.4617277333253637,-0.4814607612315388,0.5440170872249644,-1.0161329645585022,0
-0.46546902347764374,-1.1099901739376037,-0.502969299721533,-0.22247609858134357,-0.5733475201700994,0.9048055324001227,0.17684759628833957,-0.3041918912684436,0.001192415045823164,0.23238544103697253,-0.997471732522988,-0.5671367241312653,-1.0161329645585022,1
-0.8043672005990544,-1.1099901739376037,-0.502969299721533,-0.5442931538503816,-0.911310674287764,-1.177851894974348,-0.5040939353689095,0.853056793629862,0.23617174441122635,0.003043148748581378,-0.7394662468772634,-1.5989224061049072,0.9841231756854657,0
-0.2960199349169384,0.9009088760241706,0.8491410419312149,0.042804247596362734,-0.5733475201700994,0.9048055324001227,0.17684759628833957,-0.8828162337175963,0.4745079213389917,-0.11162799739561437,-0.4814607612315388,0.6630692812988462,0.9841231756854657,0
-0.46546902347764374,0.9009088760241706,-0.502969299721533,-0.5498204857447855,-0.911310674287764,0.21058638994196582,0.06599664927436881,1.4316811360790147,1.6628319584154578,0.9204123179021463,-0.7394662468772634,-0.6266628211682062,0.9841231756854657,0
-0.9738162891597597,0.9009088760241706,-0.502969299721533,-0.5378498640991907,-0.911310674287764,-1.177851894974348,-0.9474977234247925,0.2744324511807092,0.23617174441122635,-0.6849837281165926,-0.997471732522988,0.3654387961141419,0.9841231756854657,0
-0.2960199349169384,0.9009088760241706,-0.502969299721533,-0.9246209653158953,-0.23538436605243465,0.9048055324001227,0.16497070910827127,0.853056793629862,0.001192415045823164,4.131204409939624,-0.7394662468772634,0.7225953783357871,-1.0161329645585022,1
-0.9738162891597597,0.9009088760241706,0.8491410419312149,-0.5456039211281973,-0.911310674287764,-1.177851894974348,-1.2008713165995828,1.4316811360790147,1.0955247203761276,-1.143668312693375,-0.997471732522988,0.9805417988291976,-1.0161329645585022,0
-0.46546902347764374,0.9009088760241706,-0.502969299721533,-0.7886643930903998,-0.5733475201700994,0.9048055324001227,0.16497070910827127,0.2744324511807092,-1.6705176710108995,2.411137217776689,-0.997471732522988,-0.4282424977117365,-1.0161329645585022,1
-0.2960199349169384,0.9009088760241706,-1.179024470547907,-0.5430771408336127,-0.5733475201700994,-1.177851894974348,-0.18737694390042153,-0.8828162337175963,-0.005521280078902488,0.4617277333253637,-0.4814607612315388,-1.3409759856114967,0.9841231756854657,0
-0.46546902347764374,0.9009088760241706,0.8491410419312149,-0.547925400523847,-0.7423290972289317,-1.177851894974348,-0.4090788379283631,-0.3041918912684436,1.5486991412951188,0.1177142948927768,-0.7394662468772634,0.7027533459901402,-1.0161329645585022,0
-0.8043672005990544,0.9009088760241706,-0.502969299721533,-0.7727298848576754,-0.911310674287764,0.9048055324001227,0.16497070910827127,-0.8828162337175963,0.23617174441122635,2.2964660716324943,-0.7394662468772634,-0.22982217425526694,-1.0161329645585022,1
-0.9738162891597597,0.9009088760241706,-1.179024470547907,-0.5442773614735403,-0.911310674287764,-1.177851894974348,0.8577891279455886,0.2744324511807092,-0.8447331706696268,2.1817949254882985,-0.997471732522988,-1.4798702120310254,0.9841231756854657,0
-0.2960199349169384,0.9009088760241706,-1.179024470547907,-0.6804392345979708,-0.06640278899360229,0.9048055324001227,0.16497070910827127,1.4316811360790147,0.23617174441122635,1.7231103409115156,-0.7394662468772634,1.1591200899400202,-1.0161329645585022,1
-0.46546902347764374,0.9009088760241706,-0.502969299721533,-0.678607318884397,-0.404365943111267,0.9048055324001227,0.16497070910827127,-1.461440576166749,-1.3482603050240614,1.7231103409115156,-0.4814607612315388,0.6630692812988462,-1.0161329645585022,1
-0.8043672005990544,0.9009088760241706,1.5251962127575889,-0.6760015767056066,-0.911310674287764,0.9048055324001227,0.16497070910827127,-0.8828162337175963,-1.371758237960602,1.7231103409115156,-0.997471732522988,0.20670253734896618,-1.0161329645585022,1
-0.634918112038349,0.9009088760241706,-1.179024470547907,-0.5452880735913742,-0.5733475201700994,-1.177851894974348,-0.5555604464825388,0.2744324511807092,-1.6839450612603513,-0.11162799739561437,-0.7394662468772634,0.6233852166075523,0.9841231756854657,0
-0.634918112038349,0.9009088760241706,-1.179024470547907,-0.06035155793005575,-0.23538436605243465,0.9048055324001227,0.16497070910827127,-0.3041918912684436,-0.8447331706696268,0.003043148748581378,-0.997471732522988,-0.40840046536608954,-1.0161329645585022,0
-0.9738162891597597,-1.1099901739376037,-1.179024470547907,-0.6539554186353554,-0.5733475201700994,0.9048055324001227,0.1610117467149152,0.2744324511807092,0.665848232393677,1.6084391947673204,-0.997471732522988,-0.5472946917856183,-1.0161329645585022,1
-0.634918112038349,0.9009088760241706,-1.179024470547907,-0.6218811012709715,-0.23538436605243465,0.9048055324001227,0.1610117467149152,-0.8828162337175963,0.3234497810326616,1.379096902478929,-0.7394662468772634,0.18686050500331922,-1.0161329645585022,1
-0.634918112038349,-1.1099901739376037,-1.179024470547907,-0.45465562289999095,-0.911310674287764,0.9048055324001227,0.1610117467149152,0.853056793629862,0.7229146409538463,0.8057411717579506,-0.4814607612315388,0.08765034327508442,-1.0161329645585022,0
-0.46546902347764374,-1.1099901739376037,0.8491410419312149,-0.15472680193279256,-0.5733475201700994,0.9048055324001227,0.1610117467149152,0.2744324511807092,1.3103629643673533,0.1177142948927768,-0.4814607612315388,0.16701847265767225,-1.0161329645585022,1
-0.634918112038349,0.9009088760241706,0.8491410419312149,-0.5476569301175473,-0.5733475201700994,-1.177851894974348,-0.8841543251310949,0.2744324511807092,0.001192415045823164,-0.570312581972397,-0.4814607612315388,-0.9639773710442044,0.9841231756854657,0
-0.9738162891597597,-1.1099901739376037,-0.502969299721533,0.1802610956217679,-0.911310674287764,0.9048055324001227,0.1610117467149152,-0.8828162337175963,-0.005521280078902488,-0.2262991435398101,-0.7394662468772634,-0.11076998018138517,-1.0161329645585022,0
-0.634918112038349,0.9009088760241706,1.5251962127575889,0.5304096749438363,-0.911310674287764,0.9048055324001227,0.1610117467149152,0.853056793629862,0.3939435798422821,-0.570312581972397,-0.4814607612315388,0.14717644031202531,0.9841231756854657,0
-0.9738162891597597,-1.1099901739376037,-0.502969299721533,-0.5437562130377823,-0.911310674287764,-1.177851894974348,-1.121692068732461,0.2744324511807092,-0.21364582894540246,-1.0289971665491795,-0.4814607612315388,0.008282213892496587,-1.0161329645585022,0
-0.46546902347764374,0.9009088760241706,1.5251962127575889,-0.6782440942170505,-0.7423290972289317,0.9048055324001227,0.1451758971414908,1.4316811360790147,1.7736079279734327,1.6084391947673204,-0.997471732522988,0.9606997664835506,-1.0161329645585022,1
-0.9738162891597597,0.9009088760241706,-0.502969299721533,-0.5473252902038831,-0.404365943111267,-1.177851894974348,0.8577891279455886,-1.461440576166749,-1.4993184453303918,2.1817949254882985,-0.7394662468772634,-0.03140185079879733,-1.0161329645585022,0
-0.46546902347764374,-1.1099901739376037,-0.502969299721533,-0.6641099169442176,-0.23538436605243465,0.9048055324001227,0.1451758971414908,0.2744324511807092,0.7866947446387411,1.6084391947673204,-0.7394662468772634,0.5638591195706114,-1.0161329645585022,1
-0.9738162891597597,-1.1099901739376037,-1.179024470547907,-0.6900725844710749,-0.911310674287764,0.9048055324001227,0.1451758971414908,-0.8828162337175963,-0.34120603631519225,1.7231103409115156,-0.7394662468772634,-1.0235034680811452,-1.0161329645585022,1
-0.46546902347764374,0.9009088760241706,0.8491410419312149,-0.5862061219868044,-0.5733475201700994,0.9048055324001227,0.1451758971414908,-1.461440576166749,-1.2475548781531747,1.2644257563347332,-0.7394662468772634,0.20670253734896618,0.9841231756854657,0
-0.9738162891597597,-1.1099901739376037,-0.502969299721533,-0.5429823865725657,-0.911310674287764,-1.177851894974348,0.5410721364771007,-1.461440576166749,-1.0495008719737637,1.7231103409115156,-0.4814607612315388,0.8614896047553159,-1.0161329645585022,0
-0.9738162891597597,-1.1099901739376037,-0.502969299721533,-0.561159412316734,-0.911310674287764,0.9048055324001227,0.1451758971414908,-1.461440576166749,-0.08944246913797492,1.1497546101905376,-0.997471732522988,-0.190138109563973,-1.0161329645585022,0
-0.634918112038349,-1.1099901739376037,1.5251962127575889,-0.5397133645664468,-0.5733475201700994,0.9048055324001227,0.1451758971414908,0.2744324511807092,0.001192415045823164,1.035083464046342,-0.997471732522988,0.6432272489531993,-1.0161329645585022,0
-0.46546902347764374,0.9009088760241706,0.8491410419312149,-0.4976898497921358,-0.404365943111267,0.9048055324001227,0.1451758971414908,0.853056793629862,0.001192415045823164,0.9204123179021463,-0.4814607612315388,-0.051243883144444294,0.9841231756854657,0
-1.143265377720465,-1.1099901739376037,1.5251962127575889,-0.5940233485231757,-0.911310674287764,0.9048055324001227,0.1451758971414908,-0.8828162337175963,-0.8447331706696268,1.2644257563347332,-0.7394662468772634,0.32575473142284794,-1.0161329645585022,1
-0.9738162891597597,-1.1099901739376037,0.8491410419312149,-0.44660151071100235,-0.911310674287764,0.9048055324001227,0.1451758971414908,-0.8828162337175963,-0.8447331706696268,0.6910700256137552,-0.997471732522988,-1.2814498885745558,-1.0161329645585022,0
-0.634918112038349,-1.1099901739376037,-0.502969299721533,-0.39837159183811777,-0.404365943111267,0.9048055324001227,0.1451758971414908,1.4316811360790147,-0.21700267650776528,0.5763988794695595,-0.997471732522988,0.06780831092943747,0.9841231756854657,0
-0.9738162891597597,0.9009088760241706,0.8491410419312149,-0.3887382419650138,-0.911310674287764,0.9048055324001227,0.1451758971414908,0.853056793629862,-1.3482603050240614,0.5763988794695595,-0.997471732522988,-0.9639773710442044,0.9841231756854657,0
-0.634918112038349,-1.1099901739376037,-0.502969299721533,-0.5458408067808146,-0.5733475201700994,-1.177851894974348,0.06599664927436881,1.4316811360790147,-0.005521280078902488,0.9204123179021463,-0.4814607612315388,0.782121475372728,-1.0161329645585022,0
-0.9738162891597597,0.9009088760241706,1.5251962127575889,-0.31582483808940537,-0.911310674287764,0.9048055324001227,0.1451758971414908,-0.3041918912684436,-0.5459737376193288,0.4617277333253637,-0.997471732522988,1.0202258635204915,-1.0161329645585022,1
-0.2960199349169384,-1.1099901739376037,-0.502969299721533,-0.1459778251627932,-0.06640278899360229,0.9048055324001227,0.1451758971414908,0.853056793629862,0.15896425047687956,0.1177142948927768,-0.997471732522988,1.1988041546313142,0.9841231756854657,0
-0.634918112038349,0.9009088760241706,-0.502969299721533,0.36476343425697105,-0.5733475201700994,0.9048055324001227,0.1451758971414908,1.4316811360790147,-1.371758237960602,-0.45564143582820127,-0.7394662468772634,0.12733440796637835,0.9841231756854657,0
-0.8043672005990544,-1.1099901739376037,-1.179024470547907,-0.41905960550002963,-0.5733475201700994,0.9048055324001227,0.1372579723547786,0.2744324511807092,0.860545391010725,0.6910700256137552,-0.997471732522988,0.6233852166075523,0.9841231756854657,0
-0.2960199349169384,-1.1099901739376037,-1.179024470547907,-0.5414663183958149,-0.23538436605243465,-1.177851894974348,0.12934004756806639,1.4316811360790147,-0.6936750303632967,1.035083464046342,-0.7394662468772634,0.06780831092943747,0.9841231756854657,0
-0.8043672005990544,0.9009088760241706,-1.179024470547907,-0.5475305911028181,-0.911310674287764,-1.177851894974348,0.06599664927436881,-0.8828162337175963,-1.0964967378468442,0.9204123179021463,-0.7394662468772634,1.0400678958661385,0.9841231756854657,0
-0.634918112038349,0.9009088760241706,1.5251962127575889,-0.5492835449321862,-0.5733475201700994,-0.4836327525161911,-0.7257958293968509,-0.8828162337175963,0.19253272610050842,-0.34097028968400567,-0.7394662468772634,0.801963507718375,0.9841231756854657,0
-0.634918112038349,0.9009088760241706,-1.179024470547907,-0.5842004901279779,-0.404365943111267,0.9048055324001227,0.12934004756806639,0.853056793629862,0.001192415045823164,1.1497546101905376,-0.997471732522988,-0.8052411122790287,0.9841231756854657,0
-0.8043672005990544,0.9009088760241706,-1.179024470547907,-0.5417979583094792,-0.23538436605243465,0.9048055324001227,0.12934004756806639,-0.8828162337175963,-1.1233515183457474,1.035083464046342,-0.4814607612315388,-0.8052411122790287,0.9841231756854657,0
-0.9738162891597597,0.9009088760241706,-1.179024470547907,-0.6348150579038767,-0.911310674287764,0.9048055324001227,0.12934004756806639,0.2744324511807092,1.286865031430813,1.379096902478929,-0.997471732522988,0.9606997664835506,-1.0161329645585022,1
-0.46546902347764374,0.9009088760241706,0.8491410419312149,-0.49093071250412185,-0.23538436605243465,0.9048055324001227,0.12934004756806639,-0.8828162337175963,-0.3680608168140954,0.8057411717579506,-0.4814607612315388,-1.162397694500674,0.9841231756854657,0
-0.9738162891597597,-1.1099901739376037,-1.179024470547907,-0.5452249040840096,-0.911310674287764,-1.177851894974348,-0.3298995900612411,-0.8828162337175963,-0.018948670328354386,0.3470565871811683,-0.997471732522988,0.8614896047553159,-1.0161329645585022,0
-1.143265377720465,-1.1099901739376037,1.5251962127575889,-0.4740644540377693,-0.911310674287764,0.9048055324001227,0.12934004756806639,0.853056793629862,-0.5661148229935064,0.8057411717579506,-0.7394662468772634,-2.154499311783022,0.9841231756854657,0
-0.8043672005990544,0.9009088760241706,1.5251962127575889,-0.4677001261707842,-0.5733475201700994,0.9048055324001227,0.12934004756806639,0.853056793629862,0.5114332445249834,0.8057411717579506,-0.4814607612315388,-0.4282424977117365,0.9841231756854657,0
-0.634918112038349,-1.1099901739376037,1.5251962127575889,-0.5431876874715007,-0.7423290972289317,-1.177851894974348,2.4413740852880284,0.2744324511807092,-0.3109944082539262,4.704560140660602,-0.997471732522988,-1.2814498885745558,0.9841231756854657,0
-1.143265377720465,-1.1099901739376037,-1.179024470547907,-0.4438536371406415,-0.7423290972289317,0.9048055324001227,0.12934004756806639,-1.461440576166749,0.16232109803924238,0.6910700256137552,-0.4814607612315388,-2.610866055732902,-1.0161329645585022,0
-0.8043672005990544,0.9009088760241706,-1.179024470547907,-0.425344971482809,-0.5733475201700994,0.9048055324001227,0.12934004756806639,0.853056793629862,0.8336906105118219,0.6910700256137552,-0.4814607612315388,0.6630692812988462,0.9841231756854657,0
-0.634918112038349,-1.1099901739376037,0.8491410419312149,-0.41392708302665454,-0.404365943111267,0.9048055324001227,0.12934004756806639,-1.461440576166749,0.5651428055227898,0.5763988794695595,-0.4814607612315388,-1.9560789883265524,-1.0161329645585022,0
-0.8043672005990544,0.9009088760241706,-0.502969299721533,-0.28278718573771106,-0.5733475201700994,0.9048055324001227,0.12934004756806639,-1.461440576166749,0.001192415045823164,0.3470565871811683,-0.997471732522988,1.35754041339649,-1.0161329645585022,0
-0.46546902347764374,0.9009088760241706,0.8491410419312149,-0.15960664637670915,-0.06640278899360229,0.9048055324001227,0.12934004756806639,0.853056793629862,0.2193875065994116,0.1177142948927768,-0.4814607612315388,-2.194183376474316,0.9841231756854657,0
-0.9738162891597597,0.9009088760241706,0.8491410419312149,-0.1624176894544346,-0.911310674287764,0.9048055324001227,0.12934004756806639,-0.8828162337175963,0.8336906105118219,0.1177142948927768,-0.7394662468772634,0.3455967637684949,0.9841231756854657,0
-0.8043672005990544,-1.1099901739376037,-1.179024470547907,-0.10464917496949296,-0.5733475201700994,0.9048055324001227,0.12934004756806639,1.4316811360790147,1.3103629643673533,0.003043148748581378,-0.4814607612315388,-0.7853990799333818,0.9841231756854657,0
-0.46546902347764374,0.9009088760241706,-0.502969299721533,-0.12817981646281254,0.10257878806523006,0.9048055324001227,0.12934004756806639,0.2744324511807092,1.7736079279734327,0.003043148748581378,-0.4814607612315388,-1.182239726846321,-1.0161329645585022,1
-0.9738162891597597,0.9009088760241706,-1.179024470547907,0.3324206464862875,-0.911310674287764,0.9048055324001227,0.12934004756806639,1.4316811360790147,0.4040141225293712,-0.45564143582820127,-0.7394662468772634,0.7225953783357871,-1.0161329645585022,0
-0.46546902347764374,-1.1099901739376037,-1.179024470547907,-0.5410557165979449,-0.404365943111267,-1.177851894974348,0.06599664927436881,-0.8828162337175963,-0.3680608168140954,0.9204123179021463,-0.7394662468772634,-1.142555662155027,-1.0161329645585022,0
-0.46546902347764374,-1.1099901739376037,-1.179024470547907,-0.5734774662528342,-0.23538436605243465,0.9048055324001227,0.1253810851747103,-1.461440576166749,1.0955247203761276,1.1497546101905376,-0.4814607612315388,0.9805417988291976,-1.0161329645585022,1
-0.8043672005990544,-1.1099901739376037,0.8491410419312149,-0.03141992355706146,-0.5733475201700994,0.9048055324001227,0.11746316038799809,-0.8828162337175963,0.6423502994571366,-0.11162799739561437,-0.997471732522988,0.18686050500331922,-1.0161329645585022,1
-0.8043672005990544,0.9009088760241706,0.8491410419312149,-0.6787652426528086,-0.911310674287764,0.9048055324001227,0.113504197994642,0.853056793629862,-0.6936750303632967,1.6084391947673204,-0.4814607612315388,-1.2417658238832618,-1.0161329645585022,1
-1.143265377720465,0.9009088760241706,-0.502969299721533,-0.38542184282837144,-0.911310674287764,0.9048055324001227,0.113504197994642,-0.8828162337175963,-0.1397951825734185,0.5763988794695595,-0.997471732522988,0.22654456969461315,0.9841231756854657,0
-0.2960199349169384,-1.1099901739376037,0.8491410419312149,1.878983902917348,0.10257878806523006,0.9048055324001227,0.113504197994642,0.853056793629862,-0.3680608168140954,-1.0289971665491795,-0.7394662468772634,-1.6187644384505542,0.9841231756854657,0
-0.2960199349169384,-1.1099901739376037,-1.179024470547907,-0.20455175086663369,0.2715603651240624,0.9048055324001227,0.10558627320792979,-0.3041918912684436,-1.2475548781531747,0.1177142948927768,-0.997471732522988,0.5440170872249644,0.9841231756854657,0
-0.46546902347764374,-1.1099901739376037,-1.179024470547907,-0.10888153196292225,-0.5733475201700994,0.9048055324001227,0.10558627320792979,-0.3041918912684436,-1.4724636648314886,0.003043148748581378,-0.4814607612315388,-2.075131182400434,0.9841231756854657,0
-0.8043672005990544,0.9009088760241706,-1.179024470547907,8.586824104093762e-05,-0.911310674287764,0.9048055324001227,0.10558627320792979,-1.461440576166749,1.1324500435621199,-0.11162799739561437,-0.4814607612315388,0.7424374106814341,-1.0161329645585022,1
-0.634918112038349,-1.1099901739376037,-0.502969299721533,-0.5417821659326381,-0.5733475201700994,-1.177851894974348,0.5410721364771007,0.853056793629862,-1.3751150855229646,1.7231103409115156,-0.997471732522988,-0.5274526594399713,0.9841231756854657,0
-0.2960199349169384,-1.1099901739376037,1.5251962127575889,-0.5408188309453276,-0.23538436605243465,-1.177851894974348,-0.5674373336626071,0.853056793629862,-0.21700267650776528,-0.11162799739561437,-0.997471732522988,-0.22982217425526694,-1.0161329645585022,0
-0.9738162891597597,0.9009088760241706,-0.502969299721533,-0.5811999385281587,-0.7423290972289317,0.9048055324001227,0.0976683484212176,1.4316811360790147,0.001192415045823164,1.1497546101905376,-0.7394662468772634,0.8813316371009629,0.9841231756854657,0
-0.2960199349169384,-1.1099901739376037,-0.502969299721533,-0.5654391464406868,0.2715603651240624,0.9048055324001227,0.0976683484212176,0.853056793629862,0.5651428055227898,1.035083464046342,-0.4814607612315388,-1.6386064707962011,0.9841231756854657,0
-0.9738162891597597,-1.1099901739376037,0.8491410419312149,-0.448717689207717,-0.911310674287764,0.9048055324001227,-0.9474977234247925,0.853056793629862,-1.2207000976542715,-0.7996548742607882,-0.7394662468772634,-0.32903233598350173,0.9841231756854657,0
-0.9738162891597597,0.9009088760241706,0.8491410419312149,-0.41004215832373064,-0.7423290972289317,0.9048055324001227,-0.9474977234247925,1.4316811360790147,-1.2207000976542715,-0.7996548742607882,-0.7394662468772634,1.1789621222856672,0.9841231756854657,0
-0.8043672005990544,0.9009088760241706,-1.179024470547907,-0.39184934020272116,-0.404365943111267,0.9048055324001227,-0.9474977234247925,1.4316811360790147,-1.6705176710108995,-0.7996548742607882,-0.7394662468772634,-1.0830295651180861,0.9841231756854657,0
-0.8043672005990544,0.9009088760241706,1.5251962127575889,-0.39297059895844305,-0.404365943111267,0.9048055324001227,-0.9474977234247925,-0.8828162337175963,0.16232109803924238,-0.7996548742607882,-0.7394662468772634,1.278172284013902,-1.0161329645585022,0
-0.634918112038349,-1.1099901739376037,-1.179024470547907,-0.3900490092428296,-0.23538436605243465,0.9048055324001227,-0.9474977234247925,0.2744324511807092,-1.3751150855229646,-0.7996548742607882,-0.4814607612315388,-0.40840046536608954,0.9841231756854657,0
-0.9738162891597597,-1.1099901739376037,-1.179024470547907,-0.49843209150367007,-0.911310674287764,0.9048055324001227,-0.9474977234247925,-1.461440576166749,2.17642963545698,-0.7996548742607882,-0.7394662468772634,0.9408577341379036,-1.0161329645585022,1
-0.9738162891597597,-1.1099901739376037,-0.502969299721533,-0.4668473378213619,-0.911310674287764,0.9048055324001227,-0.9474977234247925,-1.461440576166749,1.934736610966852,-0.7996548742607882,-0.7394662468772634,1.0400678958661385,-1.0161329645585022,1
-0.9738162891597597,0.9009088760241706,1.5251962127575889,-0.5490782440332512,-0.911310674287764,-1.177851894974348,-0.18737694390042153,0.853056793629862,-0.34120603631519225,0.5763988794695595,-0.4814607612315388,1.6750129309268411,-1.0161329645585022,0
-0.8043672005990544,0.9009088760241706,0.8491410419312149,-0.5387184448254542,-0.5733475201700994,-1.177851894974348,-1.01084112171849,-0.8828162337175963,0.561785957960427,-0.7996548742607882,-0.997471732522988,0.32575473142284794,0.9841231756854657,0
-0.8043672005990544,0.9009088760241706,-1.179024470547907,-0.3284271548086463,-0.911310674287764,0.9048055324001227,-0.9474977234247925,1.4316811360790147,1.6829730437896346,-0.9143260204049839,-0.997471732522988,0.38528082845978884,-1.0161329645585022,0
-0.9738162891597597,0.9009088760241706,-1.179024470547907,-0.4420375138039088,-0.911310674287764,0.9048055324001227,-0.9474977234247925,-1.461440576166749,0.001192415045823164,-0.7996548742607882,-0.7394662468772634,-1.2417658238832618,-1.0161329645585022,1
-0.46546902347764374,0.9009088760241706,0.8491410419312149,-0.6563874446688932,-0.911310674287764,-1.177851894974348,-0.4090788379283631,-0.8828162337175963,-0.21700267650776528,0.4617277333253637,-0.7394662468772634,1.1392780575943733,-1.0161329645585022,1
-0.9738162891597597,0.9009088760241706,0.8491410419312149,-0.4148904180139649,-0.911310674287764,0.9048055324001227,-0.9474977234247925,-0.3041918912684436,0.8135495251376443,-0.7996548742607882,-0.997471732522988,-0.24966420660091387,-1.0161329645585022,1
-0.634918112038349,0.9009088760241706,-1.179024470547907,-0.2991322957683055,-0.911310674287764,0.9048055324001227,-0.9474977234247925,-1.461440576166749,0.11868207972852446,-0.9143260204049839,-0.7394662468772634,-0.7853990799333818,0.9841231756854657,0
-1.143265377720465,0.9009088760241706,0.8491410419312149,-0.29196255668242155,-0.7423290972289317,0.9048055324001227,-0.9474977234247925,-0.8828162337175963,-1.0495008719737637,-0.9143260204049839,-0.7394662468772634,-0.5472946917856183,0.9841231756854657,0
-0.46546902347764374,0.9009088760241706,1.5251962127575889,-0.2688898941174954,-0.404365943111267,0.9048055324001227,-0.9474977234247925,-1.461440576166749,-1.1804179269059165,-0.9143260204049839,-0.7394662468772634,1.298014316359549,0.9841231756854657,0
-0.8043672005990544,0.9009088760241706,-1.179024470547907,-0.23195152468603603,-0.911310674287764,0.9048055324001227,-0.9474977234247925,0.2744324511807092,0.4745079213389917,-0.9143260204049839,-0.7394662468772634,-1.0433455004267922,-1.0161329645585022,0
-0.8043672005990544,-1.1099901739376037,0.8491410419312149,-0.20556246298446756,-0.5733475201700994,0.9048055324001227,-0.9474977234247925,-0.8828162337175963,1.934736610966852,-1.0289971665491795,-0.4814607612315388,-0.2893482712922078,0.9841231756854657,0
-1.143265377720465,-1.1099901739376037,-0.502969299721533,-0.5341070707878371,-0.911310674287764,-1.177851894974348,-0.6307807319563046,-0.8828162337175963,-1.371758237960602,-0.2262991435398101,-0.997471732522988,-0.8449251769703227,0.9841231756854657,0
-0.8043672005990544,-1.1099901739376037,1.5251962127575889,-0.5385605210570426,-0.911310674287764,-1.177851894974348,-0.38928402596158257,-0.8828162337175963,1.0015329886299666,0.23238544103697253,-0.4814607612315388,1.0400678958661385,0.9841231756854657,0
-0.46546902347764374,0.9009088760241706,0.8491410419312149,-0.20093529657000941,-0.23538436605243465,0.9048055324001227,-0.9474977234247925,-1.461440576166749,-0.707102420612748,-1.0289971665491795,-0.7394662468772634,0.782121475372728,-1.0161329645585022,0
-0.8043672005990544,-1.1099901739376037,-0.502969299721533,-0.20170912303522595,-0.7423290972289317,0.9048055324001227,-0.9474977234247925,0.853056793629862,-1.6839450612603513,-1.0289971665491795,-0.7394662468772634,1.2186461869769611,0.9841231756854657,0
-0.46546902347764374,0.9009088760241706,-0.502969299721533,-0.200998466077374,-0.5733475201700994,0.9048055324001227,-0.9474977234247925,-0.3041918912684436,0.9981761410676039,-1.0289971665491795,-0.4814607612315388,-0.07108591549009124,-1.0161329645585022,0
-0.46546902347764374,-1.1099901739376037,-0.502969299721533,-0.22118112368036894,0.10257878806523006,0.9048055324001227,-0.9474977234247925,0.853056793629862,0.001192415045823164,-1.0289971665491795,-0.7394662468772634,0.286070666731554,-1.0161329645585022,1
-0.8043672005990544,-1.1099901739376037,0.8491410419312149,-0.10605469650835567,-0.911310674287764,0.9048055324001227,-0.9474977234247925,1.4316811360790147,-1.0427871768490378,-1.0289971665491795,-0.997471732522988,0.5241750548793175,0.9841231756854657,0
-1.143265377720465,0.9009088760241706,1.5251962127575889,-0.5369339062424037,-0.911310674287764,-1.177851894974348,0.38271364074285674,0.853056793629862,-1.7510820125076092,1.379096902478929,-0.997471732522988,-0.9242933063529105,0.9841231756854657,0
-0.9738162891597597,-1.1099901739376037,-0.502969299721533,-0.10956060416709187,-0.911310674287764,0.9048055324001227,-0.9474977234247925,-0.8828162337175963,1.4312094766124175,-1.0289971665491795,-0.997471732522988,0.3455967637684949,0.9841231756854657,0
-0.8043672005990544,-1.1099901739376037,0.8491410419312149,-0.10788661222192954,-0.911310674287764,0.9048055324001227,-0.9474977234247925,-0.8828162337175963,-0.34120603631519225,-1.0289971665491795,-0.997471732522988,0.46464895784237664,0.9841231756854657,0
-0.2960199349169384,0.9009088760241706,-0.502969299721533,-0.5359231941245699,-0.06640278899360229,-1.177851894974348,-0.4090788379283631,-1.461440576166749,-1.4993184453303918,0.1177142948927768,-0.4814607612315388,1.0599099282117854,-1.0161329645585022,0
-0.46546902347764374,0.9009088760241706,0.8491410419312149,-0.08942532369462042,-0.911310674287764,0.9048055324001227,-0.9474977234247925,0.853056793629862,-1.3751150855229646,-1.0289971665491795,-0.7394662468772634,-2.8489704438806656,0.9841231756854657,0
-0.2960199349169384,0.9009088760241706,-0.502969299721533,-0.05285017893050756,-0.404365943111267,0.9048055324001227,-0.9474977234247925,-0.3041918912684436,-1.4254677989584081,-1.0289971665491795,-0.4814607612315388,0.008282213892496587,0.9841231756854657,0
-0.634918112038349,0.9009088760241706,-0.502969299721533,-0.5334437909605086,-0.911310674287764,-1.177851894974348,-0.6307807319563046,-1.461440576166749,-0.6936750303632967,-0.2262991435398101,-0.4814607612315388,-0.9441353386985575,0.9841231756854657,0
-0.8043672005990544,0.9009088760241706,-0.502969299721533,-0.011537321114048468,-0.5733475201700994,0.9048055324001227,-0.9474977234247925,-1.461440576166749,0.16232109803924238,-1.0289971665491795,-0.997471732522988,-0.26950623894656084,-1.0161329645585022,0
-0.8043672005990544,0.9009088760241706,-1.179024470547907,-0.0135903301033985,-0.911310674287764,0.9048055324001227,-0.9474977234247925,0.2744324511807092,-0.1397951825734185,-1.0289971665491795,-0.7394662468772634,0.6829113136444932,-1.0161329645585022,0
-0.634918112038349,0.9009088760241706,1.5251962127575889,-0.021691819422910544,-0.23538436605243465,0.9048055324001227,-0.9474977234247925,-0.8828162337175963,-0.1397951825734185,-1.0289971665491795,-0.997471732522988,0.6035431842619053,-1.0161329645585022,0
-0.46546902347764374,0.9009088760241706,-0.502969299721533,0.02712241739309673,-0.5733475201700994,0.9048055324001227,-0.9474977234247925,1.4316811360790147,-0.34120603631519225,-1.143668312693375,-0.4814607612315388,0.5837011519162584,0.9841231756854657,0
-0.46546902347764374,0.9009088760241706,-0.502969299721533,-0.2567929334571714,-0.23538436605243465,0.9048055324001227,-0.9474977234247925,0.2744324511807092,1.0015329886299666,-0.9143260204049839,-0.997471732522988,0.9011736694466097,-1.0161329645585022,1
-0.46546902347764374,0.9009088760241706,1.5251962127575889,-0.5314855362322055,-0.7423290972289317,0.21058638994196582,-0.7257958293968509,-0.3041918912684436,-0.005521280078902488,-0.34097028968400567,-0.7394662468772634,0.4249648931510827,0.9841231756854657,0
-0.2960199349169384,0.9009088760241706,-0.502969299721533,0.11567027434144768,0.10257878806523006,0.9048055324001227,-0.9474977234247925,1.4316811360790147,-0.08944246913797492,-1.143668312693375,-0.4814607612315388,-1.4997122443766724,-1.0161329645585022,0
-0.46546902347764374,0.9009088760241706,-0.502969299721533,-0.534407125947819,-0.06640278899360229,-1.177851894974348,0.38271364074285674,0.853056793629862,0.3301634761573873,1.379096902478929,-0.4814607612315388,0.6233852166075523,-1.0161329645585022,0
-0.2960199349169384,0.9009088760241706,-1.179024470547907,0.17384939062425933,-0.06640278899360229,0.9048055324001227,-0.9474977234247925,-0.3041918912684436,-0.6936750303632967,-1.143668312693375,-0.4814607612315388,0.286070666731554,0.9841231756854657,0
-0.9738162891597597,-1.1099901739376037,-0.502969299721533,0.2720463898225554,-0.404365943111267,0.9048055324001227,-0.9474977234247925,-1.461440576166749,0.5651428055227898,-1.143668312693375,-0.7394662468772634,-1.9759210206721993,-1.0161329645585022,0
-0.8043672005990544,0.9009088760241706,-1.179024470547907,-0.5360653255161403,-0.5733475201700994,-1.177851894974348,-0.2507203421941191,-0.8828162337175963,1.5486991412951188,0.3470565871811683,-0.7394662468772634,-0.8846092416616166,0.9841231756854657,0
-0.2960199349169384,0.9009088760241706,0.8491410419312149,0.3615891665118991,-0.5733475201700994,0.9048055324001227,-0.9474977234247925,-0.8828162337175963,0.3301634761573873,-1.143668312693375,-0.997471732522988,-1.3806600503027906,0.9841231756854657,0
-0.8043672005990544,0.9009088760241706,0.8491410419312149,-0.6415426104382084,-0.911310674287764,-1.177851894974348,-0.5674373336626071,0.2744324511807092,1.327147202179168,0.1177142948927768,-0.997471732522988,-0.7853990799333818,-1.0161329645585022,1
-0.9738162891597597,-1.1099901739376037,-0.502969299721533,-0.5267794079335416,-0.911310674287764,-1.177851894974348,-0.3774071387815143,-0.8828162337175963,-0.005521280078902488,0.1177142948927768,-0.997471732522988,-0.7853990799333818,-1.0161329645585022,0
-0.9738162891597597,0.9009088760241706,-1.179024470547907,0.5112535218355163,-0.911310674287764,0.9048055324001227,-0.9474977234247925,-0.3041918912684436,1.934736610966852,-1.2583394588375707,-0.7394662468772634,-0.8052411122790287,-1.0161329645585022,1
-0.8043672005990544,-1.1099901739376037,-0.502969299721533,0.8371608027064132,-0.7423290972289317,0.9048055324001227,-0.9474977234247925,0.853056793629862,0.001192415045823164,-1.2583394588375707,-0.7394662468772634,-0.20998014190961997,0.9841231756854657,0
-0.46546902347764374,0.9009088760241706,-1.179024470547907,-0.6472594508547062,-0.404365943111267,-0.4836327525161911,0.06599664927436881,-0.3041918912684436,0.5114332445249834,1.379096902478929,-0.7394662468772634,-2.571181991041608,-1.0161329645585022,1
-0.46546902347764374,-1.1099901739376037,0.8491410419312149,-0.8753171648178123,0.10257878806523006,0.9048055324001227,-0.9435387610314364,0.2744324511807092,1.7736079279734327,0.1177142948927768,-0.997471732522988,0.16701847265767225,-1.0161329645585022,1
-0.2960199349169384,0.9009088760241706,1.5251962127575889,-0.5327489263794979,0.2715603651240624,-1.177851894974348,-0.5199297849423339,-0.3041918912684436,0.001192415045823164,0.003043148748581378,-0.4814607612315388,0.4844909901880236,0.9841231756854657,0
-0.2960199349169384,-1.1099901739376037,-1.179024470547907,-0.7906384401955441,-0.911310674287764,0.9048055324001227,-0.9435387610314364,-0.3041918912684436,0.03476089066945202,-0.2262991435398101,-0.4814607612315388,0.6829113136444932,-1.0161329645585022,1
-0.46546902347764374,0.9009088760241706,-0.502969299721533,-0.26713694028812734,-0.404365943111267,0.9048055324001227,-0.9435387610314364,-0.3041918912684436,-1.4993184453303918,-0.9143260204049839,-0.7394662468772634,-1.0433455004267922,-1.0161329645585022,0
-0.8043672005990544,0.9009088760241706,1.5251962127575889,-0.26203600256843457,-0.911310674287764,0.9048055324001227,-0.9435387610314364,0.853056793629862,-0.1397951825734185,-0.9143260204049839,-0.997471732522988,0.3455967637684949,-1.0161329645585022,1
-0.46546902347764374,-1.1099901739376037,0.8491410419312149,-0.5205098343276034,-0.5733475201700994,-1.177851894974348,-0.963333572998217,0.853056793629862,-1.6705176710108995,-0.7996548742607882,-0.997471732522988,0.3455967637684949,0.9841231756854657,0
-0.634918112038349,-1.1099901739376037,0.8491410419312149,-0.9153824248638202,-0.404365943111267,0.9048055324001227,-0.9316618738513681,-0.8828162337175963,1.0787404825643134,0.3470565871811683,-0.4814607612315388,0.16701847265767225,-1.0161329645585022,1
-0.2960199349169384,-1.1099901739376037,0.8491410419312149,-0.5280270057039929,-0.404365943111267,-1.177851894974348,-0.11215665842665565,-0.3041918912684436,-1.173704231781191,0.5763988794695595,-0.997471732522988,-1.0433455004267922,0.9841231756854657,0
-0.8043672005990544,0.9009088760241706,-0.502969299721533,-0.5257213186851843,-0.911310674287764,-1.177851894974348,-0.8841543251310949,1.4316811360790147,0.4745079213389917,-0.570312581972397,-0.7394662468772634,0.2463866020402601,0.9841231756854657,0
-1.143265377720465,0.9009088760241706,-0.502969299721533,-0.7124819672086725,-0.911310674287764,0.9048055324001227,-0.9316618738513681,-0.8828162337175963,-1.0092187012254088,-0.34097028968400567,-0.7394662468772634,-0.15045404487267908,0.9841231756854657,0
-0.8043672005990544,0.9009088760241706,-0.502969299721533,-0.5626754804934849,-0.7423290972289317,0.9048055324001227,-0.9316618738513681,-1.461440576166749,-0.5896127559300467,-0.6849837281165926,-0.997471732522988,-1.4005020826484376,0.9841231756854657,0
-0.634918112038349,-1.1099901739376037,-1.179024470547907,-0.33812367418911493,-0.911310674287764,0.9048055324001227,-0.9316618738513681,0.2744324511807092,-1.3482603050240614,-0.9143260204049839,-0.4814607612315388,-1.2219237915376149,0.9841231756854657,0
-0.8043672005990544,0.9009088760241706,-0.502969299721533,-0.5244895132915743,-0.5733475201700994,-1.177851894974348,-0.6624524311031534,0.853056793629862,-1.0427871768490378,-0.2262991435398101,-0.7394662468772634,1.0003838311748445,0.9841231756854657,0
-0.9738162891597597,0.9009088760241706,-0.502969299721533,-0.11396667730577387,-0.7423290972289317,0.9048055324001227,-0.9316618738513681,-0.8828162337175963,-0.21364582894540246,-1.0289971665491795,-0.4814607612315388,-1.12271362980938,0.9841231756854657,0
-0.8043672005990544,-1.1099901739376037,0.8491410419312149,0.17642354804936744,-0.911310674287764,0.9048055324001227,-0.9316618738513681,-1.461440576166749,-1.6705176710108995,-1.143668312693375,-0.997471732522988,-0.13061201252703214,0.9841231756854657,0
-0.8043672005990544,-1.1099901739376037,0.8491410419312149,-0.5278217048050579,-0.911310674287764,-1.177851894974348,-0.2507203421941191,-0.8828162337175963,0.5651428055227898,0.3470565871811683,-0.7394662468772634,0.028124246238143545,0.9841231756854657,0
-0.8043672005990544,-1.1099901739376037,-0.502969299721533,-0.6266030219464767,-0.911310674287764,0.9048055324001227,-0.9277029114580121,-1.461440576166749,-1.4993184453303918,-0.570312581972397,-0.997471732522988,-3.1862849937566637,0.9841231756854657,0
-0.8043672005990544,0.9009088760241706,-1.179024470547907,1.03074375802528,-0.23538436605243465,0.9048055324001227,-0.9277029114580121,1.4316811360790147,-0.8447331706696268,-1.2583394588375707,-0.997471732522988,1.0797519605574324,-1.0161329645585022,0
-0.8043672005990544,0.9009088760241706,0.8491410419312149,-0.8431638855692226,-0.911310674287764,0.9048055324001227,-0.923743949064656,-1.461440576166749,1.5587696839822078,0.003043148748581378,-0.997471732522988,-0.8846092416616166,-1.0161329645585022,1
-1.143265377720465,0.9009088760241706,0.8491410419312149,-0.529890506171249,-0.911310674287764,-1.177851894974348,-0.4090788379283631,-0.8828162337175963,0.8336906105118219,0.1177142948927768,-0.7394662468772634,-1.7775006972157297,0.9841231756854657,0
-0.9738162891597597,-1.1099901739376037,0.8491410419312149,-0.5278848743124225,-0.911310674287764,-1.177851894974348,-0.5674373336626071,-1.461440576166749,-1.173704231781191,-0.11162799739561437,-0.4814607612315388,-1.2814498885745558,0.9841231756854657,0
-0.9738162891597597,0.9009088760241706,-0.502969299721533,-0.7148034466043222,-0.7423290972289317,0.9048055324001227,-0.923743949064656,0.2744324511807092,0.954537122756886,-0.34097028968400567,-0.4814607612315388,0.3455967637684949,0.9841231756854657,0
-0.634918112038349,0.9009088760241706,1.5251962127575889,-0.5225628433169535,-0.911310674287764,0.21058638994196582,0.0026532509806712224,-0.8828162337175963,0.001192415045823164,0.8057411717579506,-0.997471732522988,-0.9838194033898514,-1.0161329645585022,0
-0.46546902347764374,-1.1099901739376037,0.8491410419312149,-0.5226418052011592,-0.5733475201700994,-1.177851894974348,-0.6624524311031534,-0.3041918912684436,-0.707102420612748,-0.2262991435398101,-0.997471732522988,0.10749237562073138,0.9841231756854657,0
-0.9738162891597597,0.9009088760241706,-1.179024470547907,-0.5269057469482709,-0.7423290972289317,-1.177851894974348,1.3328646151483206,0.2744324511807092,-0.707102420612748,2.869821802353472,-0.997471732522988,-1.5393963090679663,0.9841231756854657,0
-0.9738162891597597,-1.1099901739376037,0.8491410419312149,-1.0328777085620067,-0.911310674287764,0.9048055324001227,-0.9158260242779438,-0.3041918912684436,-0.7138161157374736,1.379096902478929,-0.4814607612315388,0.782121475372728,-1.0161329645585022,1
-0.46546902347764374,0.9009088760241706,0.8491410419312149,-0.8821868487437143,-0.23538436605243465,0.9048055324001227,-0.9158260242779438,-1.461440576166749,1.1223795008750308,0.23238544103697253,-0.4814607612315388,-0.6465048535138531,-1.0161329645585022,1
-1.143265377720465,0.9009088760241706,1.5251962127575889,-0.7759199449795885,-0.911310674287764,0.9048055324001227,-0.9158260242779438,-1.461440576166749,-0.811164695045998,-0.2262991435398101,-0.997471732522988,1.4369085427790778,0.9841231756854657,0
-0.2960199349169384,0.9009088760241706,-0.502969299721533,-0.5212994531696612,-0.404365943111267,-1.177851894974348,-0.8841543251310949,-0.3041918912684436,0.001192415045823164,-0.570312581972397,-0.7394662468772634,0.38528082845978884,0.9841231756854657,0
-0.8043672005990544,0.9009088760241706,-0.502969299721533,-0.7473041581434173,-0.404365943111267,0.9048055324001227,-0.9158260242779438,-1.461440576166749,-1.0427871768490378,-0.2262991435398101,-0.4814607612315388,0.7424374106814341,-1.0161329645585022,0
-0.46546902347764374,0.9009088760241706,-0.502969299721533,-0.6751172036025019,-0.5733475201700994,0.9048055324001227,-0.9158260242779438,-1.461440576166749,1.286865031430813,-0.45564143582820127,-0.997471732522988,0.028124246238143545,-1.0161329645585022,1
-0.9738162891597597,0.9009088760241706,0.8491410419312149,-0.6006719391733016,-0.911310674287764,0.9048055324001227,-0.9158260242779438,0.2744324511807092,2.431550050196561,-0.570312581972397,-0.4814607612315388,0.5638591195706114,-1.0161329645585022,1
-0.9738162891597597,0.9009088760241706,-1.179024470547907,-0.4331306132654979,-0.404365943111267,0.9048055324001227,-0.9158260242779438,-0.8828162337175963,-1.3482603050240614,-0.7996548742607882,-0.4814607612315388,0.5837011519162584,0.9841231756854657,0
-0.2960199349169384,0.9009088760241706,-1.179024470547907,-0.35047331287889744,-0.404365943111267,0.9048055324001227,-0.9158260242779438,0.853056793629862,0.8336906105118219,-0.7996548742607882,-0.7394662468772634,0.5043330225336705,0.9841231756854657,0
-0.8043672005990544,0.9009088760241706,0.8491410419312149,-0.20088791943948595,-0.911310674287764,0.9048055324001227,-0.9158260242779438,0.2744324511807092,-1.4254677989584081,-0.9143260204049839,-0.4814607612315388,-0.4877685947486774,0.9841231756854657,0
-0.2960199349169384,-1.1099901739376037,-1.179024470547907,-0.5329226425247506,-0.5733475201700994,-1.177851894974348,-0.7257958293968509,-0.3041918912684436,0.001192415045823164,-0.34097028968400567,-0.997471732522988,-0.26950623894656084,0.9841231756854657,0
-0.8043672005990544,0.9009088760241706,1.5251962127575889,0.06736139358435735,-0.5733475201700994,0.9048055324001227,-0.9158260242779438,-0.8828162337175963,1.4345663241747801,-1.0289971665491795,-0.7394662468772634,0.46464895784237664,-1.0161329645585022,1
-0.8043672005990544,0.9009088760241706,1.5251962127575889,0.8022280651337804,-0.911310674287764,0.9048055324001227,-0.9158260242779438,0.2744324511807092,1.092167872813765,-1.2583394588375707,-0.4814607612315388,0.9606997664835506,0.9841231756854657,0
-0.634918112038349,0.9009088760241706,0.8491410419312149,-0.9705925743004948,-0.7423290972289317,0.9048055324001227,-0.9118670618845877,0.2744324511807092,0.001192415045823164,0.8057411717579506,-0.997471732522988,0.0479662785837905,-1.0161329645585022,1
-0.2960199349169384,0.9009088760241706,-1.179024470547907,-0.75199449406524,-0.06640278899360229,0.9048055324001227,-0.9118670618845877,-1.461440576166749,1.0955247203761276,-0.2262991435398101,-0.4814607612315388,0.6630692812988462,-1.0161329645585022,0
-0.9738162891597597,0.9009088760241706,0.8491410419312149,-0.5262424671209424,-0.911310674287764,-1.177851894974348,-0.17154109432699713,-1.461440576166749,-1.8752853723150364,0.4617277333253637,-0.997471732522988,-0.8052411122790287,-1.0161329645585022,0
-0.8043672005990544,0.9009088760241706,-0.502969299721533,-0.645917098823208,-0.911310674287764,-1.177851894974348,-1.359229812333827,-0.8828162337175963,-0.1397951825734185,-1.2583394588375707,-0.997471732522988,-0.30919030363785477,-1.0161329645585022,1
-0.9738162891597597,0.9009088760241706,0.8491410419312149,-0.7048700415712362,-0.911310674287764,0.9048055324001227,-0.9118670618845877,1.4316811360790147,1.6628319584154578,-0.34097028968400567,-0.7394662468772634,-1.3806600503027906,-1.0161329645585022,1
-0.9738162891597597,0.9009088760241706,0.8491410419312149,-0.5321804008132164,-0.911310674287764,-1.177851894974348,-0.2507203421941191,0.2744324511807092,-0.34120603631519225,0.3470565871811683,-0.7394662468772634,-0.9242933063529105,0.9841231756854657,0
-0.634918112038349,0.9009088760241706,-1.179024470547907,-0.4856560586391764,-0.404365943111267,0.9048055324001227,-0.9118670618845877,1.4316811360790147,-0.33784918875282943,-0.6849837281165926,-0.4814607612315388,0.028124246238143545,0.9841231756854657,0
-0.46546902347764374,0.9009088760241706,-1.179024470547907,-0.5224838814327477,-0.404365943111267,-1.177851894974348,-0.09236184645987515,-0.3041918912684436,-1.3482603050240614,0.5763988794695595,-0.4814607612315388,0.9210157017922567,-1.0161329645585022,0
-0.8043672005990544,-1.1099901739376037,-1.179024470547907,-0.5223891271717008,-0.5733475201700994,0.21058638994196582,-0.7257958293968509,1.4316811360790147,0.665848232393677,-0.34097028968400567,-0.4814607612315388,0.12733440796637835,0.9841231756854657,0
-0.634918112038349,-1.1099901739376037,0.8491410419312149,-0.6339780619312956,-0.7423290972289317,0.9048055324001227,-0.9079080994912315,-0.8828162337175963,0.561785957960427,-0.45564143582820127,-0.4814607612315388,0.028124246238143545,-1.0161329645585022,0
-0.9738162891597597,0.9009088760241706,-1.179024470547907,-0.5244105514073685,-0.911310674287764,-1.177851894974348,-0.804975077263973,-0.8828162337175963,-1.7510820125076092,-0.45564143582820127,-0.997471732522988,0.4249648931510827,0.9841231756854657,0
-0.8043672005990544,0.9009088760241706,0.8491410419312149,-0.32501600141095704,-0.5733475201700994,0.9048055324001227,-0.9079080994912315,-1.461440576166749,-0.8447331706696268,-0.9143260204049839,-0.4814607612315388,0.3654387961141419,0.9841231756854657,0
-0.634918112038349,-1.1099901739376037,-1.179024470547907,-0.5244263437842097,-0.06640278899360229,-1.177851894974348,-0.7257958293968509,0.853056793629862,-0.33784918875282943,-0.34097028968400567,-0.7394662468772634,-0.6068207888225592,0.9841231756854657,0
-0.9738162891597597,0.9009088760241706,-1.179024470547907,-0.7530209985599151,-0.911310674287764,0.9048055324001227,-0.8999901747045194,0.2744324511807092,-1.173704231781191,-0.2262991435398101,-0.7394662468772634,-1.678290535487495,0.9841231756854657,0
-0.46546902347764374,-1.1099901739376037,1.5251962127575889,-0.5246474370599858,-0.23538436605243465,-1.177851894974348,-0.5674373336626071,0.853056793629862,-1.8752853723150364,-0.11162799739561437,-0.997471732522988,-0.6465048535138531,0.9841231756854657,0
-0.634918112038349,-1.1099901739376037,-1.179024470547907,-0.4879933304116672,-0.404365943111267,0.9048055324001227,-0.8999901747045194,-0.8828162337175963,0.4107278176540969,-0.6849837281165926,-0.7394662468772634,-2.3926036999307856,0.9841231756854657,0
-0.46546902347764374,0.9009088760241706,-0.502969299721533,-0.4000771685369624,-0.911310674287764,0.9048055324001227,-0.8999901747045194,1.4316811360790147,-0.005521280078902488,-0.7996548742607882,-0.997471732522988,1.278172284013902,0.9841231756854657,0
-0.8043672005990544,-1.1099901739376037,1.5251962127575889,-0.5288008321692094,-0.23538436605243465,0.21058638994196582,1.2536853672811985,1.4316811360790147,0.03476089066945202,2.7551506562092767,-0.4814607612315388,0.20670253734896618,-1.0161329645585022,0
-0.9738162891597597,0.9009088760241706,-1.179024470547907,-0.39462879852676425,-0.911310674287764,0.9048055324001227,-0.8920722499178072,-0.8828162337175963,-1.371758237960602,-0.7996548742607882,-0.4814607612315388,0.0479662785837905,-1.0161329645585022,0
-0.9738162891597597,0.9009088760241706,-0.502969299721533,-1.0213018963374407,-0.911310674287764,0.9048055324001227,-0.8841543251310949,1.4316811360790147,-0.41841353024953903,1.379096902478929,-0.7394662468772634,-2.154499311783022,-1.0161329645585022,1
-0.9738162891597597,-1.1099901739376037,-0.502969299721533,-1.0089680500244993,-0.911310674287764,0.9048055324001227,-0.8841543251310949,0.853056793629862,-0.21364582894540246,1.2644257563347332,-0.4814607612315388,-0.15045404487267908,-1.0161329645585022,1
-0.9738162891597597,-1.1099901739376037,0.8491410419312149,-0.525373886394679,-0.911310674287764,-1.177851894974348,-0.8524826259842462,-0.8828162337175963,-0.5896127559300467,-0.570312581972397,-0.997471732522988,0.20670253734896618,0.9841231756854657,0
-0.46546902347764374,0.9009088760241706,1.5251962127575889,-0.6345465874975771,-0.5733475201700994,-1.177851894974348,-0.2507203421941191,-1.461440576166749,-0.21700267650776528,0.6910700256137552,-0.997471732522988,-0.5274526594399713,-1.0161329645585022,1
-0.634918112038349,0.9009088760241706,1.5251962127575889,-0.9973606530462511,-0.7423290972289317,0.9048055324001227,-0.8841543251310949,0.853056793629862,-0.37813135950118393,1.1497546101905376,-0.997471732522988,-0.46792656240303043,-1.0161329645585022,1
-0.9738162891597597,-1.1099901739376037,-0.502969299721533,-0.5243157971463216,-0.911310674287764,-1.177851894974348,-0.7574675285436998,-0.8828162337175963,-0.34120603631519225,-0.45564143582820127,-0.7394662468772634,-0.07108591549009124,-1.0161329645585022,0
-0.46546902347764374,0.9009088760241706,-0.502969299721533,-1.0004717512839585,0.10257878806523006,0.9048055324001227,-0.8841543251310949,0.853056793629862,1.5587696839822078,1.1497546101905376,-0.7394662468772634,-1.182239726846321,-1.0161329645585022,1
-0.634918112038349,-1.1099901739376037,0.8491410419312149,-0.9962551866673702,-0.23538436605243465,0.9048055324001227,-0.8841543251310949,1.4316811360790147,1.5587696839822078,1.1497546101905376,-0.7394662468772634,-2.0552891500547874,-1.0161329645585022,1
-0.634918112038349,-1.1099901739376037,-1.179024470547907,-0.9954971525789948,-0.404365943111267,0.9048055324001227,-0.8841543251310949,-0.8828162337175963,-1.7510820125076092,1.1497546101905376,-0.7394662468772634,0.14717644031202531,-1.0161329645585022,1
-1.143265377720465,0.9009088760241706,-0.502969299721533,-0.9942969319390672,-0.911310674287764,0.9048055324001227,-0.8841543251310949,-0.3041918912684436,-1.5496711587658354,1.1497546101905376,-0.7394662468772634,0.6233852166075523,-1.0161329645585022,1
-0.2960199349169384,-1.1099901739376037,0.8491410419312149,-0.9770358640516857,-0.23538436605243465,0.9048055324001227,-0.8841543251310949,1.4316811360790147,0.001192415045823164,0.9204123179021463,-0.7394662468772634,-0.07108591549009124,-1.0161329645585022,1
-0.9738162891597597,-1.1099901739376037,0.8491410419312149,-0.9776833515021731,-0.911310674287764,0.9048055324001227,-0.8841543251310949,-0.3041918912684436,-1.2475548781531747,0.9204123179021463,-0.4814607612315388,0.0479662785837905,-1.0161329645585022,1
-0.9738162891597597,0.9009088760241706,-1.179024470547907,-0.528153344718722,-0.911310674287764,-1.177851894974348,-0.8841543251310949,0.2744324511807092,-1.4254677989584081,-0.570312581972397,-0.997471732522988,0.20670253734896618,0.9841231756854657,0
-0.634918112038349,0.9009088760241706,-0.502969299721533,-0.5244263437842097,-0.911310674287764,-1.177851894974348,-0.2507203421941191,-0.3041918912684436,-1.2979075915886182,0.3470565871811683,-0.7394662468772634,-0.4877685947486774,0.9841231756854657,0
-0.8043672005990544,0.9009088760241706,0.8491410419312149,-0.9736405030308376,-0.911310674287764,0.9048055324001227,-0.8841543251310949,1.4316811360790147,-0.08944246913797492,0.9204123179021463,-0.7394662468772634,-1.3806600503027906,-1.0161329645585022,1
-1.143265377720465,-1.1099901739376037,-1.179024470547907,-0.5289429635607797,-0.7423290972289317,0.21058638994196582,0.6994306322113446,-0.8828162337175963,0.03811773823181484,1.8377814870557112,-0.7394662468772634,-0.9044512740072636,0.9841231756854657,0
-0.634918112038349,-1.1099901739376037,0.8491410419312149,-0.5242368352621158,-0.911310674287764,0.21058638994196582,-0.17154109432699713,1.4316811360790147,0.7061304031420315,0.4617277333253637,-0.997471732522988,-0.22982217425526694,-1.0161329645585022,0
-0.9738162891597597,-1.1099901739376037,0.8491410419312149,-0.971113722736253,-0.911310674287764,0.9048055324001227,-0.8841543251310949,1.4316811360790147,1.2096575374964662,0.9204123179021463,-0.997471732522988,-1.0235034680811452,-1.0161329645585022,1
-0.9738162891597597,0.9009088760241706,0.8491410419312149,-0.9730877698413972,-0.7423290972289317,0.9048055324001227,-0.8841543251310949,-1.461440576166749,-0.03237606057780569,0.9204123179021463,-0.997471732522988,-0.9838194033898514,-1.0161329645585022,1
-0.46546902347764374,-1.1099901739376037,1.5251962127575889,-0.5240315343631808,-0.23538436605243465,-1.177851894974348,-1.2800505644667048,0.2744324511807092,-0.12972463988633004,-1.2583394588375707,-0.7394662468772634,0.7424374106814341,0.9841231756854657,0
-0.9738162891597597,-1.1099901739376037,-0.502969299721533,-0.9582903127412359,-0.911310674287764,0.9048055324001227,-0.8841543251310949,-0.8828162337175963,-0.3109944082539262,0.8057411717579506,-0.997471732522988,-0.03140185079879733,-1.0161329645585022,1
-0.2960199349169384,0.9009088760241706,0.8491410419312149,-0.639347470057288,-0.23538436605243465,-1.177851894974348,0.8577891279455886,0.2744324511807092,1.451350561986595,2.7551506562092767,-0.7394662468772634,-3.027548734991488,-1.0161329645585022,1
-0.634918112038349,-1.1099901739376037,1.5251962127575889,-0.9462723139651176,-0.911310674287764,0.9048055324001227,-0.8841543251310949,0.2744324511807092,1.7836784706605218,0.6910700256137552,-0.997471732522988,0.4844909901880236,-1.0161329645585022,1
-0.9738162891597597,0.9009088760241706,0.8491410419312149,-0.9497150521164892,-0.911310674287764,0.9048055324001227,-0.8841543251310949,-0.3041918912684436,0.03811773823181484,0.6910700256137552,-0.7394662468772634,-1.3012919209202027,-1.0161329645585022,1
-0.9738162891597597,-1.1099901739376037,-1.179024470547907,-0.9430506690895222,-0.911310674287764,0.9048055324001227,-0.8841543251310949,-0.8828162337175963,0.7866947446387411,0.6910700256137552,-0.997471732522988,-0.5274526594399713,-1.0161329645585022,1
-0.9738162891597597,-1.1099901739376037,0.8491410419312149,-0.9228995962402096,-0.911310674287764,0.9048055324001227,-0.8841543251310949,-1.461440576166749,1.0955247203761276,0.5763988794695595,-0.4814607612315388,-0.7060309505507939,-1.0161329645585022,1
-0.9738162891597597,-1.1099901739376037,0.8491410419312149,-0.9306220685155339,-0.911310674287764,0.9048055324001227,-0.8841543251310949,0.853056793629862,-0.25392799969375696,0.5763988794695595,-0.4814607612315388,-0.15045404487267908,-1.0161329645585022,1
-1.143265377720465,-1.1099901739376037,0.8491410419312149,-0.910028809114669,-0.5733475201700994,0.9048055324001227,-0.8841543251310949,-1.461440576166749,0.7430557263280237,0.4617277333253637,-0.4814607612315388,-0.36871640067479566,-1.0161329645585022,1
-0.634918112038349,0.9009088760241706,0.8491410419312149,-0.5229418603611412,-0.911310674287764,-1.177851894974348,1.0161476236798326,-0.3041918912684436,-0.005521280078902488,2.2964660716324943,-0.7394662468772634,-0.20998014190961997,0.9841231756854657,0
-0.9738162891597597,-1.1099901739376037,-1.179024470547907,-0.9094918683020697,-0.7423290972289317,0.9048055324001227,-0.8841543251310949,0.2744324511807092,0.16232109803924238,0.4617277333253637,-0.4814607612315388,0.821805540064022,-1.0161329645585022,1
-0.634918112038349,0.9009088760241706,-1.179024470547907,-0.9093023597799759,-0.911310674287764,0.9048055324001227,-0.8841543251310949,-1.461440576166749,0.001192415045823164,0.4617277333253637,-0.7394662468772634,0.40512286080543575,-1.0161329645585022,1
-0.8043672005990544,0.9009088760241706,-1.179024470547907,-0.9031275404350846,-0.404365943111267,0.9048055324001227,-0.8841543251310949,0.853056793629862,-0.005521280078902488,0.4617277333253637,-0.997471732522988,-0.5076106270943244,-1.0161329645585022,1
-0.634918112038349,0.9009088760241706,1.5251962127575889,-0.9050700027865466,-0.404365943111267,0.9048055324001227,-0.8841543251310949,-0.8828162337175963,0.6255660616453219,0.4617277333253637,-0.4814607612315388,0.20670253734896618,-1.0161329645585022,1
-0.46546902347764374,0.9009088760241706,-0.502969299721533,-0.9043435534518535,-0.404365943111267,0.9048055324001227,-0.8841543251310949,-1.461440576166749,0.7430557263280237,0.4617277333253637,-0.4814607612315388,1.0202258635204915,-1.0161329645585022,1
-0.9738162891597597,-1.1099901739376037,-0.502969299721533,-0.9089865122431529,-0.911310674287764,0.9048055324001227,-0.8841543251310949,-0.8828162337175963,-0.03237606057780569,0.4617277333253637,-0.4814607612315388,0.22654456969461315,-1.0161329645585022,1
-0.8043672005990544,0.9009088760241706,-1.179024470547907,-0.888819647016999,-0.911310674287764,0.9048055324001227,-0.8841543251310949,-0.8828162337175963,1.5486991412951188,0.3470565871811683,-0.4814607612315388,0.8614896047553159,-1.0161329645585022,1
-1.143265377720465,0.9009088760241706,-1.179024470547907,-0.8819341707142558,-0.911310674287764,0.9048055324001227,-0.8841543251310949,-0.8828162337175963,1.1223795008750308,0.3470565871811683,-0.7394662468772634,0.008282213892496587,-1.0161329645585022,1
-0.46546902347764374,-1.1099901739376037,-1.179024470547907,-0.8869403541729017,-0.7423290972289317,0.9048055324001227,-0.8841543251310949,-0.8828162337175963,2.6933841600608672,0.3470565871811683,-0.4814607612315388,-1.2219237915376149,-1.0161329645585022,1
-1.143265377720465,-1.1099901739376037,-1.179024470547907,-0.5221680338959247,-0.911310674287764,0.21058638994196582,-0.7257958293968509,0.2744324511807092,-0.6936750303632967,-0.34097028968400567,-0.997471732522988,-0.190138109563973,-1.0161329645585022,0
-0.634918112038349,0.9009088760241706,0.8491410419312149,-0.8836239550362593,-0.404365943111267,0.9048055324001227,-0.8841543251310949,0.2744324511807092,1.1223795008750308,0.3470565871811683,-0.4814607612315388,0.286070666731554,-1.0161329645585022,1
-0.9738162891597597,-1.1099901739376037,-0.502969299721533,-0.5290535101986679,-0.911310674287764,-1.177851894974348,0.06599664927436881,-1.461440576166749,0.4040141225293712,0.9204123179021463,-0.7394662468772634,-1.4600281796853785,0.9841231756854657,0
-0.46546902347764374,-1.1099901739376037,1.5251962127575889,-0.8805444415522343,0.10257878806523006,0.9048055324001227,-0.8841543251310949,-1.461440576166749,0.001192415045823164,0.3470565871811683,-0.7394662468772634,0.32575473142284794,-1.0161329645585022,1
-0.9738162891597597,0.9009088760241706,0.8491410419312149,-0.5248843227126031,-0.911310674287764,-1.177851894974348,-0.8841543251310949,1.4316811360790147,1.1458774338115711,-0.570312581972397,-0.997471732522988,0.7424374106814341,-1.0161329645585022,0
-0.9738162891597597,0.9009088760241706,-0.502969299721533,-0.8812393061332451,-0.7423290972289317,0.9048055324001227,-0.8841543251310949,1.4316811360790147,-0.25392799969375696,0.3470565871811683,-0.7394662468772634,1.3972244780877838,-1.0161329645585022,1
-0.46546902347764374,0.9009088760241706,-1.179024470547907,-0.8772754195461154,-0.5733475201700994,0.9048055324001227,-0.8841543251310949,-1.461440576166749,-0.7977373047965461,0.23238544103697253,-0.7394662468772634,-0.2893482712922078,-1.0161329645585022,1
-0.9738162891597597,-1.1099901739376037,-1.179024470547907,-0.5282007218492455,-0.911310674287764,-1.177851894974348,-1.208789241386295,0.2744324511807092,-1.2207000976542715,-1.143668312693375,-0.7394662468772634,-2.5116558940046674,0.9841231756854657,0
-0.46546902347764374,-1.1099901739376037,0.8491410419312149,-0.5275690267755994,-0.911310674287764,-1.177851894974348,1.4595514117357156,1.4316811360790147,0.001192415045823164,2.984492948497668,-0.7394662468772634,-1.0433455004267922,0.9841231756854657,0
-0.46546902347764374,0.9009088760241706,0.8491410419312149,-0.8706426212728307,-0.404365943111267,0.9048055324001227,-0.8841543251310949,1.4316811360790147,-1.2475548781531747,0.23238544103697253,-0.7394662468772634,-2.5116558940046674,0.9841231756854657,0
-0.8043672005990544,0.9009088760241706,0.8491410419312149,-0.8625411319533186,-0.911310674287764,0.9048055324001227,-0.8841543251310949,0.853056793629862,0.4107278176540969,0.23238544103697253,-0.997471732522988,-4.198228643384659,0.9841231756854657,0
-0.9738162891597597,0.9009088760241706,-0.502969299721533,-0.8660470396120549,-0.911310674287764,0.9048055324001227,-0.8841543251310949,-0.8828162337175963,0.2965950005337584,0.23238544103697253,-0.7394662468772634,-1.162397694500674,0.9841231756854657,0
-0.2960199349169384,0.9009088760241706,-1.179024470547907,-0.869442400632903,0.10257878806523006,0.9048055324001227,-0.8841543251310949,0.853056793629862,0.9343960373827085,0.23238544103697253,-0.4814607612315388,-0.46792656240303043,0.9841231756854657,0
-0.9738162891597597,0.9009088760241706,-0.502969299721533,-0.8682263876161341,-0.911310674287764,0.9048055324001227,-0.8841543251310949,-0.8828162337175963,-0.522475804682789,0.23238544103697253,-0.4814607612315388,-0.32903233598350173,0.9841231756854657,0
-0.2960199349169384,0.9009088760241706,-1.179024470547907,-0.869142345472921,-0.23538436605243465,0.9048055324001227,-0.8841543251310949,-1.461440576166749,0.3939435798422821,0.23238544103697253,-0.4814607612315388,-1.182239726846321,0.9841231756854657,0
-0.8043672005990544,0.9009088760241706,-1.179024470547907,-0.8610092713997267,-0.5733475201700994,0.9048055324001227,-0.8841543251310949,-1.461440576166749,-0.6936750303632967,0.23238544103697253,-0.4814607612315388,-0.011559818453150373,0.9841231756854657,0
-0.634918112038349,-1.1099901739376037,-1.179024470547907,-0.8459433438932656,-0.7423290972289317,0.9048055324001227,-0.8841543251310949,-0.8828162337175963,0.8135495251376443,0.1177142948927768,-0.997471732522988,-1.12271362980938,-1.0161329645585022,0
-1.143265377720465,-1.1099901739376037,0.8491410419312149,-0.8575823256251962,-0.911310674287764,0.9048055324001227,-0.8841543251310949,-1.461440576166749,0.2865244578466693,0.23238544103697253,-0.997471732522988,-0.5472946917856183,-1.0161329645585022,0
-0.2960199349169384,-1.1099901739376037,0.8491410419312149,-0.8501283237561715,-0.23538436605243465,0.9048055324001227,-0.8841543251310949,0.2744324511807092,0.11868207972852446,0.1177142948927768,-0.997471732522988,-0.44808453005738347,0.9841231756854657,0
-0.2960199349169384,-1.1099901739376037,-0.502969299721533,-0.528248098979769,0.2715603651240624,-1.177851894974348,0.06599664927436881,1.4316811360790147,0.7866947446387411,0.9204123179021463,-0.997471732522988,0.26622863438590705,0.9841231756854657,0
-0.634918112038349,-1.1099901739376037,-1.179024470547907,-0.8315091114604508,-0.5733475201700994,0.9048055324001227,-0.8841543251310949,0.853056793629862,0.11868207972852446,0.1177142948927768,-0.7394662468772634,0.7622794430270811,-1.0161329645585022,1
-0.634918112038349,0.9009088760241706,1.5251962127575889,-0.8305773612268228,-0.7423290972289317,0.9048055324001227,-0.8841543251310949,0.2744324511807092,0.9780350556934264,0.1177142948927768,-0.7394662468772634,1.258330251668255,-1.0161329645585022,0
-0.46546902347764374,-1.1099901739376037,0.8491410419312149,-0.8048673717294239,-0.404365943111267,0.9048055324001227,-0.8841543251310949,0.2744324511807092,0.4745079213389917,0.003043148748581378,-0.7394662468772634,-0.38855843302044263,0.9841231756854657,0
-0.46546902347764374,-1.1099901739376037,-0.502969299721533,-0.793702161302728,-0.404365943111267,0.9048055324001227,-0.8841543251310949,0.2744324511807092,1.1223795008750308,-0.11162799739561437,-0.997471732522988,-2.154499311783022,0.9841231756854657,0
-0.46546902347764374,0.9009088760241706,1.5251962127575889,-0.7838950952843713,-0.23538436605243465,0.9048055324001227,-0.8841543251310949,0.853056793629862,0.23617174441122635,-0.11162799739561437,-0.7394662468772634,1.4567505751247247,0.9841231756854657,0
-1.143265377720465,0.9009088760241706,0.8491410419312149,-0.7944286106374211,-0.911310674287764,0.9048055324001227,-0.8841543251310949,0.2744324511807092,1.286865031430813,0.003043148748581378,-0.997471732522988,0.028124246238143545,-1.0161329645585022,1
-0.8043672005990544,0.9009088760241706,0.8491410419312149,-0.7940811783469157,-0.911310674287764,0.9048055324001227,-0.8841543251310949,-1.461440576166749,0.001192415045823164,0.003043148748581378,-0.4814607612315388,0.26622863438590705,0.9841231756854657,0
-0.46546902347764374,0.9009088760241706,-1.179024470547907,-0.528453399878704,-0.911310674287764,-1.177851894974348,0.06599664927436881,-0.3041918912684436,-0.8447331706696268,0.9204123179021463,-0.7394662468772634,-2.3529196352394917,0.9841231756854657,0
-0.634918112038349,-1.1099901739376037,-1.179024470547907,-0.7976186707593342,-0.404365943111267,0.9048055324001227,-0.8841543251310949,1.4316811360790147,-0.811164695045998,0.003043148748581378,-0.7394662468772634,0.7622794430270811,-1.0161329645585022,0
-0.634918112038349,-1.1099901739376037,-0.502969299721533,-0.7869588163915552,-0.404365943111267,0.9048055324001227,-0.8841543251310949,1.4316811360790147,0.4040141225293712,-0.11162799739561437,-0.997471732522988,1.258330251668255,-1.0161329645585022,0
-0.2960199349169384,0.9009088760241706,1.5251962127575889,-0.5259739967146427,-0.23538436605243465,-1.177851894974348,-0.8999901747045194,1.4316811360790147,-1.0427871768490378,-0.6849837281165926,-0.7394662468772634,-2.2140254088199627,0.9841231756854657,0
-0.8043672005990544,0.9009088760241706,1.5251962127575889,-0.7940969707237568,-0.404365943111267,0.9048055324001227,-0.8841543251310949,0.2744324511807092,0.2193875065994116,0.003043148748581378,-0.4814607612315388,0.286070666731554,0.9841231756854657,0
-0.9738162891597597,0.9009088760241706,1.5251962127575889,-0.5310749344343355,-0.911310674287764,-1.177851894974348,0.6202513843442227,0.853056793629862,0.27645391515958084,1.7231103409115156,-0.4814607612315388,0.4249648931510827,-1.0161329645585022,0
-0.46546902347764374,0.9009088760241706,-0.502969299721533,-0.7915859828060133,0.2715603651240624,0.9048055324001227,-0.8841543251310949,1.4316811360790147,-1.0931398902844813,-0.11162799739561437,-0.7394662468772634,-0.11076998018138517,-1.0161329645585022,0
-0.8043672005990544,0.9009088760241706,-0.502969299721533,-0.5272689716156174,-0.7423290972289317,-1.177851894974348,0.38271364074285674,0.2744324511807092,-0.21028898138303903,1.379096902478929,-0.4814607612315388,0.38528082845978884,0.9841231756854657,0
-0.634918112038349,-1.1099901739376037,-0.502969299721533,-0.770124142678885,0.10257878806523006,0.9048055324001227,-0.8841543251310949,0.853056793629862,-0.522475804682789,-0.11162799739561437,-0.7394662468772634,0.305912699077201,0.9841231756854657,0
-0.9738162891597597,-1.1099901739376037,-0.502969299721533,-0.7699030494031088,-0.404365943111267,0.9048055324001227,-0.8841543251310949,1.4316811360790147,0.5651428055227898,-0.11162799739561437,-0.7394662468772634,1.0202258635204915,0.9841231756854657,0
-0.8043672005990544,-1.1099901739376037,1.5251962127575889,-0.7691292229378922,-0.911310674287764,0.9048055324001227,-0.8841543251310949,1.4316811360790147,0.23617174441122635,-0.11162799739561437,-0.4814607612315388,-1.0631875327724392,0.9841231756854657,0
-0.9738162891597597,0.9009088760241706,0.8491410419312149,-0.7707084606220076,-0.911310674287764,0.9048055324001227,-0.8841543251310949,-1.461440576166749,-0.21700267650776528,-0.11162799739561437,-0.997471732522988,0.5837011519162584,-1.0161329645585022,0
-1.143265377720465,0.9009088760241706,-1.179024470547907,-0.7655127686412679,-0.911310674287764,0.9048055324001227,-0.8841543251310949,0.853056793629862,-0.8447331706696268,-0.11162799739561437,-0.4814607612315388,0.8614896047553159,-1.0161329645585022,0
-0.9738162891597597,-1.1099901739376037,1.5251962127575889,-0.6372786686910967,-0.404365943111267,-1.177851894974348,-0.2507203421941191,0.2744324511807092,0.8269769153870962,0.6910700256137552,-0.4814607612315388,0.9011736694466097,-1.0161329645585022,1
-0.9738162891597597,0.9009088760241706,-1.179024470547907,-0.7655443533949502,-0.5733475201700994,0.9048055324001227,-0.8841543251310949,0.2744324511807092,0.001192415045823164,-0.11162799739561437,-0.997471732522988,-0.9441353386985575,0.9841231756854657,0
-0.46546902347764374,0.9009088760241706,-0.502969299721533,-0.7687502058937046,-0.06640278899360229,0.9048055324001227,-0.8841543251310949,-0.8828162337175963,-0.25392799969375696,-0.11162799739561437,-0.997471732522988,0.8813316371009629,0.9841231756854657,0
-0.2960199349169384,-1.1099901739376037,0.8491410419312149,-0.5227681442158885,-0.23538436605243465,-1.177851894974348,1.3328646151483206,-1.461440576166749,-0.46205254856025635,2.7551506562092767,-0.7394662468772634,0.7424374106814341,-1.0161329645585022,0
-0.9738162891597597,-1.1099901739376037,0.8491410419312149,-0.7641704166097698,-0.911310674287764,0.9048055324001227,-0.8841543251310949,-0.8828162337175963,-1.8752853723150364,-0.11162799739561437,-0.4814607612315388,-2.749760282152431,0.9841231756854657,0
-0.634918112038349,0.9009088760241706,-1.179024470547907,-0.5230997841295527,-0.5733475201700994,-1.177851894974348,-0.5674373336626071,0.853056793629862,-0.37813135950118393,-0.11162799739561437,-0.4814607612315388,0.801963507718375,-1.0161329645585022,0
-0.8043672005990544,0.9009088760241706,-0.502969299721533,-0.7532105070820089,-0.404365943111267,0.9048055324001227,-0.8841543251310949,-0.8828162337175963,0.001192415045823164,-0.2262991435398101,-0.4814607612315388,-1.678290535487495,0.9841231756854657,0
-0.8043672005990544,0.9009088760241706,0.8491410419312149,-0.7508732353095181,-0.23538436605243465,0.9048055324001227,-0.8841543251310949,0.853056793629862,-1.4254677989584081,-0.2262991435398101,-0.7394662468772634,-1.7775006972157297,0.9841231756854657,0
-0.8043672005990544,-1.1099901739376037,-1.179024470547907,-0.7537474478946081,-0.404365943111267,0.9048055324001227,-0.8841543251310949,0.853056793629862,0.6255660616453219,-0.2262991435398101,-0.7394662468772634,0.3654387961141419,-1.0161329645585022,1
-0.2960199349169384,0.9009088760241706,0.8491410419312149,-0.5212362836622966,-0.7423290972289317,-1.177851894974348,0.7786098800784667,-0.8828162337175963,-1.0495008719737637,1.952452633199907,-0.7394662468772634,0.3455967637684949,-1.0161329645585022,0
-0.2960199349169384,-1.1099901739376037,-1.179024470547907,-0.7465145393013596,0.10257878806523006,0.9048055324001227,-0.8841543251310949,-0.8828162337175963,-1.0427871768490378,-0.2262991435398101,-0.997471732522988,1.0003838311748445,0.9841231756854657,0
-0.634918112038349,0.9009088760241706,0.8491410419312149,-0.7456459585750961,-0.5733475201700994,0.9048055324001227,-0.8841543251310949,-1.461440576166749,0.001192415045823164,-0.2262991435398101,-0.7394662468772634,-0.7457150152420878,-1.0161329645585022,1
-0.8043672005990544,0.9009088760241706,0.8491410419312149,-0.7438298352383634,-0.404365943111267,0.9048055324001227,-0.8841543251310949,-0.8828162337175963,1.0619562447524988,-0.2262991435398101,-0.997471732522988,0.18686050500331922,-1.0161329645585022,1
-0.634918112038349,0.9009088760241706,-0.502969299721533,-0.7538264097788139,0.10257878806523006,0.9048055324001227,-0.8841543251310949,0.2744324511807092,0.9108981044461687,-0.2262991435398101,-0.997471732522988,0.6829113136444932,0.9841231756854657,0
-0.9738162891597597,-1.1099901739376037,-1.179024470547907,-0.7376866006471544,-0.911310674287764,0.9048055324001227,-0.8841543251310949,0.853056793629862,-1.7510820125076092,-0.2262991435398101,-0.997471732522988,-1.182239726846321,0.9841231756854657,0
-0.634918112038349,0.9009088760241706,0.8491410419312149,-0.7340859387273713,-0.7423290972289317,0.9048055324001227,-0.8841543251310949,0.2744324511807092,-0.0860856215756121,-0.2262991435398101,-0.4814607612315388,-1.0036614357354983,0.9841231756854657,0
-0.8043672005990544,0.9009088760241706,0.8491410419312149,-0.5174619055972607,-0.7423290972289317,-1.177851894974348,-0.2507203421941191,-0.8828162337175963,-1.4724636648314886,0.3470565871811683,-0.4814607612315388,-0.44808453005738347,0.9841231756854657,0
-0.9738162891597597,-1.1099901739376037,-0.502969299721533,-0.7272952166856751,-0.911310674287764,0.9048055324001227,-0.8841543251310949,-0.8828162337175963,-1.2979075915886182,-0.2262991435398101,-0.997471732522988,0.3654387961141419,-1.0161329645585022,0
-1.143265377720465,-1.1099901739376037,-0.502969299721533,-0.7318276288390863,-0.911310674287764,0.9048055324001227,-0.8841543251310949,0.2744324511807092,1.5352717510456675,-0.2262991435398101,-0.997471732522988,0.0479662785837905,-1.0161329645585022,1
-0.8043672005990544,-1.1099901739376037,-0.502969299721533,-0.7285586068329674,-0.7423290972289317,0.9048055324001227,-0.8841543251310949,1.4316811360790147,0.4308689030282738,-0.2262991435398101,-0.4814607612315388,0.32575473142284794,0.9841231756854657,0
-0.9738162891597597,0.9009088760241706,0.8491410419312149,-0.7245789278689966,-0.911310674287764,0.9048055324001227,-0.8841543251310949,0.2744324511807092,-1.8752853723150364,-0.2262991435398101,-0.4814607612315388,-2.4719718293133734,-1.0161329645585022,0
-0.46546902347764374,0.9009088760241706,-1.179024470547907,-0.5256107720472962,-0.06640278899360229,0.21058638994196582,-1.359229812333827,-0.8828162337175963,-1.4724636648314886,-1.3730106049817663,-0.997471732522988,-0.30919030363785477,0.9841231756854657,0
-0.46546902347764374,-1.1099901739376037,-1.179024470547907,-0.7139506582548999,-0.5733475201700994,0.9048055324001227,-0.8841543251310949,0.2744324511807092,0.665848232393677,-0.2262991435398101,-0.997471732522988,-1.0631875327724392,0.9841231756854657,0
-0.8043672005990544,0.9009088760241706,-1.179024470547907,-0.7146455228359107,-0.7423290972289317,0.9048055324001227,-0.8841543251310949,-0.8828162337175963,-0.707102420612748,-0.2262991435398101,-0.4814607612315388,0.6035431842619053,0.9841231756854657,0
-1.143265377720465,-1.1099901739376037,-1.179024470547907,-0.714282298168564,-0.911310674287764,0.9048055324001227,-0.8841543251310949,-0.8828162337175963,1.417782086362966,-0.2262991435398101,-0.997471732522988,-3.166442961411017,0.9841231756854657,0
-0.46546902347764374,0.9009088760241706,-1.179024470547907,-0.7142191286611995,-0.404365943111267,0.9048055324001227,-0.8841543251310949,1.4316811360790147,-1.5496711587658354,-0.2262991435398101,-0.7394662468772634,1.0003838311748445,0.9841231756854657,0
-0.634918112038349,0.9009088760241706,0.8491410419312149,-0.7147560694737987,-0.7423290972289317,0.9048055324001227,-0.8841543251310949,0.2744324511807092,0.001192415045823164,-0.2262991435398101,-0.997471732522988,-0.9441353386985575,0.9841231756854657,0
-0.8043672005990544,0.9009088760241706,-0.502969299721533,-0.5196886307318634,-0.23538436605243465,-1.177851894974348,-1.2008713165995828,1.4316811360790147,0.001192415045823164,-1.143668312693375,-0.997471732522988,-0.03140185079879733,0.9841231756854657,0
-0.46546902347764374,0.9009088760241706,0.8491410419312149,-0.7165248156800079,-0.911310674287764,0.9048055324001227,-0.8841543251310949,0.2744324511807092,-0.33784918875282943,-0.2262991435398101,-0.997471732522988,-2.630708088078549,0.9841231756854657,0
-0.634918112038349,-1.1099901739376037,-1.179024470547907,-0.6971475692959119,-0.5733475201700994,0.9048055324001227,-0.8841543251310949,-1.461440576166749,-0.46205254856025635,-0.34097028968400567,-0.7394662468772634,-0.46792656240303043,0.9841231756854657,0
-0.9738162891597597,-1.1099901739376037,0.8491410419312149,-0.5139402055616834,-0.911310674287764,0.21058638994196582,0.06599664927436881,-0.8828162337175963,1.0015329886299666,0.8057411717579506,-0.997471732522988,-0.9441353386985575,0.9841231756854657,0
-0.8043672005990544,0.9009088760241706,-1.179024470547907,-0.6960421029170312,-0.7423290972289317,0.9048055324001227,-0.8841543251310949,-0.8828162337175963,-1.8752853723150364,-0.34097028968400567,-0.997471732522988,-0.5076106270943244,-1.0161329645585022,0
-0.9738162891597597,-1.1099901739376037,0.8491410419312149,-0.7073652371121386,-0.5733475201700994,0.9048055324001227,-0.8841543251310949,-1.461440576166749,0.830333762949459,-0.34097028968400567,-0.997471732522988,0.7027533459901402,0.9841231756854657,0
-0.2960199349169384,0.9009088760241706,0.8491410419312149,-0.5157247441447338,-0.06640278899360229,0.21058638994196582,-0.6386986567430168,-0.8828162337175963,-0.34120603631519225,-0.2262991435398101,-0.997471732522988,-1.0235034680811452,0.9841231756854657,0
-0.634918112038349,0.9009088760241706,-0.502969299721533,-0.6890302875995588,-0.5733475201700994,0.9048055324001227,-0.8841543251310949,1.4316811360790147,-0.522475804682789,-0.34097028968400567,-0.7394662468772634,0.7225953783357871,-1.0161329645585022,0
-0.634918112038349,-1.1099901739376037,-1.179024470547907,-0.5122820059933622,-0.23538436605243465,-1.177851894974348,0.8577891279455886,0.2744324511807092,1.417782086362966,2.0671237793441026,-0.997471732522988,0.0479662785837905,0.9841231756854657,0
-0.9738162891597597,0.9009088760241706,-0.502969299721533,-0.515029879563723,-0.911310674287764,-1.177851894974348,-0.7257958293968509,-0.8828162337175963,0.16232109803924238,-0.34097028968400567,-0.997471732522988,0.4844909901880236,0.9841231756854657,0
-0.2960199349169384,0.9009088760241706,-1.179024470547907,-0.5139717903153657,-0.5733475201700994,0.21058638994196582,0.9369683758127106,0.853056793629862,0.3301634761573873,2.1817949254882985,-0.7394662468772634,0.14717644031202531,-1.0161329645585022,0
-1.143265377720465,-1.1099901739376037,-0.502969299721533,-0.5163880239720623,-0.911310674287764,-1.177851894974348,-0.8524826259842462,-0.8828162337175963,0.001192415045823164,-0.570312581972397,-0.997471732522988,-0.5869787564769122,-1.0161329645585022,0
-0.8043672005990544,-1.1099901739376037,-1.179024470547907,-0.6834555785746314,-0.911310674287764,0.9048055324001227,-0.8841543251310949,1.4316811360790147,-0.08944246913797492,-0.34097028968400567,-0.4814607612315388,-0.03140185079879733,-1.0161329645585022,0
-0.9738162891597597,0.9009088760241706,-1.179024470547907,-0.6783072637244151,-0.911310674287764,0.9048055324001227,-0.8841543251310949,-0.8828162337175963,-1.0427871768490378,-0.34097028968400567,-0.7394662468772634,-0.686188918205147,0.9841231756854657,0
-0.634918112038349,0.9009088760241706,1.5251962127575889,-0.6772333820992166,-0.7423290972289317,0.9048055324001227,-0.8841543251310949,1.4316811360790147,-1.6839450612603513,-0.34097028968400567,-0.997471732522988,-0.07108591549009124,0.9841231756854657,0
-0.634918112038349,0.9009088760241706,0.8491410419312149,-0.6753856740088016,-0.911310674287764,0.9048055324001227,-0.8841543251310949,1.4316811360790147,-1.1804179269059165,-0.34097028968400567,-0.4814607612315388,0.7027533459901402,-1.0161329645585022,0
-0.634918112038349,0.9009088760241706,-0.502969299721533,-0.5150456719405642,-0.404365943111267,-1.177851894974348,0.06599664927436881,-0.3041918912684436,-0.005521280078902488,0.8057411717579506,-0.997471732522988,1.0599099282117854,0.9841231756854657,0
-0.46546902347764374,0.9009088760241706,-1.179024470547907,-0.6774702677518339,-0.5733475201700994,0.9048055324001227,-0.8841543251310949,-0.8828162337175963,1.8407448792206904,-0.34097028968400567,-0.7394662468772634,-0.13061201252703214,0.9841231756854657,0
-0.46546902347764374,0.9009088760241706,-0.502969299721533,-0.5242210428852747,-0.911310674287764,0.21058638994196582,0.4618928886099787,1.4316811360790147,0.6893461653302174,1.4937680486231246,-0.997471732522988,-0.6068207888225592,0.9841231756854657,0
-0.46546902347764374,-1.1099901739376037,-1.179024470547907,-0.6772175897223754,-0.06640278899360229,0.9048055324001227,-0.8841543251310949,-0.8828162337175963,0.8336906105118219,-0.34097028968400567,-0.4814607612315388,0.801963507718375,-1.0161329645585022,0
-0.9738162891597597,-1.1099901739376037,0.8491410419312149,-0.6789231664212201,-0.911310674287764,0.9048055324001227,-0.8841543251310949,0.853056793629862,0.16232109803924238,-0.34097028968400567,-0.7394662468772634,0.9210157017922567,-1.0161329645585022,0
-0.9738162891597597,0.9009088760241706,-1.179024470547907,-0.514935125302676,-0.911310674287764,-1.177851894974348,0.06599664927436881,-1.461440576166749,-1.8752853723150364,0.8057411717579506,-0.997471732522988,-0.13061201252703214,-1.0161329645585022,0
-0.8043672005990544,0.9009088760241706,0.8491410419312149,-0.5182831091930007,-0.404365943111267,0.21058638994196582,-0.3021868533077484,-0.8828162337175963,-0.33784918875282943,0.23238544103697253,-0.4814607612315388,-0.9242933063529105,0.9841231756854657,0
-0.9738162891597597,0.9009088760241706,0.8491410419312149,-0.6808814211495232,-0.7423290972289317,0.9048055324001227,-0.8841543251310949,-0.8828162337175963,0.001192415045823164,-0.34097028968400567,-0.7394662468772634,-1.0036614357354983,-1.0161329645585022,0
-0.46546902347764374,0.9009088760241706,-0.502969299721533,-0.5203834953128742,-0.404365943111267,-1.177851894974348,0.06599664927436881,-1.461440576166749,-1.2475548781531747,0.8057411717579506,-0.997471732522988,-3.1862849937566637,0.9841231756854657,0
-0.8043672005990544,-1.1099901739376037,0.8491410419312149,-0.5185989567298238,-0.911310674287764,-1.177851894974348,-0.7257958293968509,1.4316811360790147,-0.21364582894540246,-0.34097028968400567,-0.4814607612315388,-0.7258729828964409,0.9841231756854657,0
-0.8043672005990544,0.9009088760241706,0.8491410419312149,-0.6818289637599925,-0.5733475201700994,0.9048055324001227,-0.8841543251310949,-1.461440576166749,-0.21700267650776528,-0.34097028968400567,-0.7394662468772634,0.821805540064022,0.9841231756854657,0
-0.8043672005990544,0.9009088760241706,-0.502969299721533,-0.6765701022718882,-0.911310674287764,0.9048055324001227,-0.8841543251310949,0.2744324511807092,-0.21700267650776528,-0.34097028968400567,-0.4814607612315388,-0.44808453005738347,0.9841231756854657,0
-0.8043672005990544,-1.1099901739376037,-1.179024470547907,-0.515029879563723,-0.5733475201700994,-1.177851894974348,-0.7257958293968509,0.853056793629862,-0.5896127559300467,-0.34097028968400567,-0.7394662468772634,0.821805540064022,-1.0161329645585022,0
-0.2960199349169384,-1.1099901739376037,-0.502969299721533,-0.6713112407837838,-0.06640278899360229,0.9048055324001227,-0.8841543251310949,1.4316811360790147,-0.0860856215756121,-0.34097028968400567,-0.7394662468772634,0.22654456969461315,0.9841231756854657,0
-0.9738162891597597,0.9009088760241706,1.5251962127575889,-0.6794285224801371,-0.911310674287764,0.9048055324001227,-0.8841543251310949,1.4316811360790147,1.4110683912382405,-0.34097028968400567,-0.997471732522988,0.8813316371009629,-1.0161329645585022,1
-0.9738162891597597,-1.1099901739376037,-1.179024470547907,-0.5208414742412677,-0.911310674287764,-1.177851894974348,-1.359229812333827,0.853056793629862,-1.7510820125076092,-1.3730106049817663,-0.997471732522988,-0.051243883144444294,0.9841231756854657,0
-0.46546902347764374,0.9009088760241706,0.8491410419312149,-0.5187568804982353,-0.5733475201700994,-1.177851894974348,-0.6149448823828803,0.2744324511807092,-1.623521805137819,-0.2262991435398101,-0.997471732522988,0.20670253734896618,-1.0161329645585022,0
-0.2960199349169384,0.9009088760241706,-0.502969299721533,-0.6293351031399963,0.2715603651240624,-1.177851894974348,0.06599664927436881,0.2744324511807092,0.001192415045823164,1.2644257563347332,-0.4814607612315388,1.1988041546313142,-1.0161329645585022,1
-0.9738162891597597,0.9009088760241706,0.8491410419312149,-0.6747855636888377,-0.911310674287764,0.9048055324001227,-0.8841543251310949,0.853056793629862,0.001192415045823164,-0.34097028968400567,-0.4814607612315388,-2.8092863791893716,0.9841231756854657,0
-0.2960199349169384,0.9009088760241706,1.5251962127575889,-0.5180462235403834,-0.06640278899360229,-1.177851894974348,-0.5674373336626071,-1.461440576166749,-1.173704231781191,-0.11162799739561437,-0.7394662468772634,-1.0036614357354983,0.9841231756854657,0
-0.2960199349169384,0.9009088760241706,-1.179024470547907,-0.6802497260758771,-0.23538436605243465,0.9048055324001227,-0.8841543251310949,0.853056793629862,0.27645391515958084,-0.34097028968400567,-0.4814607612315388,0.22654456969461315,-1.0161329645585022,1
-0.46546902347764374,0.9009088760241706,-0.502969299721533,-0.6807077050042705,-0.911310674287764,0.9048055324001227,-0.8841543251310949,-0.8828162337175963,-0.41841353024953903,-0.34097028968400567,-0.7394662468772634,0.4249648931510827,-1.0161329645585022,0
-0.634918112038349,0.9009088760241706,1.5251962127575889,-0.6743907542678089,-0.404365943111267,0.9048055324001227,-0.8841543251310949,-0.8828162337175963,0.1119683846037988,-0.34097028968400567,-0.7394662468772634,1.3773824457421369,0.9841231756854657,0
-0.46546902347764374,-1.1099901739376037,0.8491410419312149,-0.6579666823530086,-0.23538436605243465,0.9048055324001227,-0.8841543251310949,1.4316811360790147,0.5382880250238866,-0.45564143582820127,-0.7394662468772634,-0.5869787564769122,-1.0161329645585022,1
-0.634918112038349,0.9009088760241706,-1.179024470547907,-0.5108448997008171,-0.404365943111267,-1.177851894974348,0.06599664927436881,-0.8828162337175963,1.2465828606824585,0.8057411717579506,-0.997471732522988,0.7225953783357871,-1.0161329645585022,0
-0.2960199349169384,0.9009088760241706,0.8491410419312149,-0.6575718729319797,-0.23538436605243465,0.9048055324001227,-0.8841543251310949,-1.461440576166749,-0.34120603631519225,-0.45564143582820127,-0.7394662468772634,-0.7457150152420878,-1.0161329645585022,0
-0.634918112038349,-1.1099901739376037,-1.179024470547907,-0.6535921939680089,-0.911310674287764,0.9048055324001227,-0.8841543251310949,-1.461440576166749,0.4745079213389917,-0.45564143582820127,-0.4814607612315388,-1.5393963090679663,0.9841231756854657,0
-0.46546902347764374,0.9009088760241706,-0.502969299721533,-0.5175882446119899,-0.06640278899360229,-1.177851894974348,0.38271364074285674,1.4316811360790147,-0.21028898138303903,1.2644257563347332,-0.7394662468772634,-0.03140185079879733,-1.0161329645585022,0
-0.9738162891597597,0.9009088760241706,-1.179024470547907,-0.5188674271361234,-0.911310674287764,0.21058638994196582,0.06599664927436881,0.853056793629862,1.2465828606824585,0.8057411717579506,-0.7394662468772634,-0.6068207888225592,0.9841231756854657,0
-0.9738162891597597,0.9009088760241706,-1.179024470547907,-0.5192938213108346,-0.911310674287764,-1.177851894974348,-0.17154109432699713,0.853056793629862,-1.2979075915886182,0.4617277333253637,-0.7394662468772634,0.5837011519162584,0.9841231756854657,0
-0.8043672005990544,-1.1099901739376037,-0.502969299721533,-0.6575402881782975,-0.5733475201700994,0.9048055324001227,-0.8841543251310949,-1.461440576166749,-0.811164695045998,-0.45564143582820127,-0.7394662468772634,0.32575473142284794,-1.0161329645585022,0
-0.634918112038349,0.9009088760241706,-0.502969299721533,-0.6436429965580819,0.10257878806523006,0.9048055324001227,-0.8841543251310949,0.2744324511807092,0.9780350556934264,-0.45564143582820127,-0.4814607612315388,-0.09092794783573821,-1.0161329645585022,0
-0.2960199349169384,0.9009088760241706,-1.179024470547907,-0.5188516347592823,-0.06640278899360229,-1.177851894974348,0.06599664927436881,-0.8828162337175963,0.9981761410676039,0.8057411717579506,-0.4814607612315388,-0.11076998018138517,0.9841231756854657,0
-1.143265377720465,0.9009088760241706,1.5251962127575889,-0.6372312915605733,-0.911310674287764,-1.177851894974348,-1.240460940533144,0.853056793629862,0.8739727812601764,-1.143668312693375,-0.4814607612315388,-1.2616078562289088,-1.0161329645585022,1
-0.9738162891597597,0.9009088760241706,0.8491410419312149,-0.6432008100065295,-0.911310674287764,0.9048055324001227,-0.8841543251310949,1.4316811360790147,-1.8752853723150364,-0.45564143582820127,-0.4814607612315388,-2.749760282152431,0.9841231756854657,0
-0.8043672005990544,-1.1099901739376037,-1.179024470547907,-0.5180304311635423,-0.23538436605243465,-1.177851894974348,0.06599664927436881,-0.8828162337175963,-1.2979075915886182,0.8057411717579506,-0.7394662468772634,-1.102871597463733,0.9841231756854657,0
-0.46546902347764374,0.9009088760241706,0.8491410419312149,-0.6377840247500137,-0.404365943111267,0.9048055324001227,-0.8841543251310949,0.2744324511807092,0.16232109803924238,-0.45564143582820127,-0.4814607612315388,-2.7696023144980777,0.9841231756854657,0
-0.634918112038349,-1.1099901739376037,0.8491410419312149,-0.6386210207225949,-0.404365943111267,0.9048055324001227,-0.8841543251310949,-0.3041918912684436,2.3241309282009484,-0.45564143582820127,-0.7394662468772634,-0.44808453005738347,-1.0161329645585022,1
-0.8043672005990544,-1.1099901739376037,-1.179024470547907,-0.6491703284524858,-0.404365943111267,0.9048055324001227,-0.8841543251310949,0.853056793629862,-1.1166378232210217,-0.45564143582820127,-0.4814607612315388,0.821805540064022,0.9841231756854657,0
-0.2960199349169384,-1.1099901739376037,-0.502969299721533,-0.629208764125267,0.10257878806523006,0.9048055324001227,-0.8841543251310949,0.2744324511807092,1.0955247203761276,-0.45564143582820127,-0.997471732522988,-0.4877685947486774,0.9841231756854657,0
-0.46546902347764374,0.9009088760241706,-1.179024470547907,-0.6324777861313859,-0.06640278899360229,0.9048055324001227,-0.8841543251310949,0.2744324511807092,-0.3109944082539262,-0.45564143582820127,-0.997471732522988,-1.0036614357354983,0.9841231756854657,0
-0.634918112038349,-1.1099901739376037,0.8491410419312149,-0.626539852439112,-0.404365943111267,0.9048055324001227,-0.8841543251310949,0.2744324511807092,1.7736079279734327,-0.45564143582820127,-0.7394662468772634,-2.2537094735112566,0.9841231756854657,0
-0.8043672005990544,-1.1099901739376037,0.8491410419312149,-0.6269978313675054,-0.911310674287764,0.9048055324001227,-0.8841543251310949,0.853056793629862,0.001192415045823164,-0.45564143582820127,-0.997471732522988,-1.7973427295613766,0.9841231756854657,0
-0.634918112038349,-1.1099901739376037,-0.502969299721533,-0.5176514141193546,-0.911310674287764,-0.4836327525161911,-0.2507203421941191,1.4316811360790147,1.676259348664909,0.3470565871811683,-0.997471732522988,1.1591200899400202,0.9841231756854657,0
-0.8043672005990544,0.9009088760241706,-0.502969299721533,-0.5142402607216653,-0.7423290972289317,0.21058638994196582,-0.5674373336626071,0.853056793629862,0.7497694214527494,-0.11162799739561437,-0.7394662468772634,-0.13061201252703214,-1.0161329645585022,0
-0.46546902347764374,-1.1099901739376037,-0.502969299721533,-0.62172317750256,-0.911310674287764,0.9048055324001227,-0.8841543251310949,-1.461440576166749,0.5785701957722418,-0.45564143582820127,-0.4814607612315388,0.9606997664835506,0.9841231756854657,0
-1.143265377720465,-1.1099901739376037,-1.179024470547907,-0.5199728935150042,-0.911310674287764,0.21058638994196582,0.4143853398897055,1.4316811360790147,0.001192415045823164,1.379096902478929,-0.997471732522988,-0.38855843302044263,0.9841231756854657,0
-0.8043672005990544,0.9009088760241706,-0.502969299721533,-0.6228602286351231,-0.23538436605243465,0.9048055324001227,-0.8841543251310949,0.2744324511807092,0.23617174441122635,-0.45564143582820127,-0.4814607612315388,-0.17029607721832604,-1.0161329645585022,1
-0.9738162891597597,0.9009088760241706,-1.179024470547907,-0.5200834401528923,-0.404365943111267,-1.177851894974348,-1.2008713165995828,-0.8828162337175963,-0.8447331706696268,-1.143668312693375,-0.7394662468772634,0.286070666731554,-1.0161329645585022,0
-0.634918112038349,-1.1099901739376037,-0.502969299721533,-0.5159774221741923,-0.404365943111267,-1.177851894974348,-0.646616581529729,0.853056793629862,-1.1804179269059165,-0.2262991435398101,-0.4814607612315388,1.1392780575943733,-1.0161329645585022,0
-0.9738162891597597,-1.1099901739376037,-0.502969299721533,-0.6325725403924328,-0.23538436605243465,-1.177851894974348,-0.527847709729046,-0.3041918912684436,-1.173704231781191,0.23238544103697253,-0.4814607612315388,0.38528082845978884,-1.0161329645585022,1
-0.8043672005990544,0.9009088760241706,0.8491410419312149,-0.5131663790964668,-0.7423290972289317,-1.177851894974348,-0.4882580857954851,0.2744324511807092,0.001192415045823164,0.003043148748581378,-0.4814607612315388,-0.38855843302044263,0.9841231756854657,0
-0.46546902347764374,-1.1099901739376037,-1.179024470547907,-0.5174776979741019,-0.06640278899360229,-1.177851894974348,-0.2507203421941191,-0.8828162337175963,-1.6705176710108995,0.3470565871811683,-0.4814607612315388,-0.36871640067479566,0.9841231756854657,0
-0.2960199349169384,-1.1099901739376037,-1.179024470547907,-0.6296509506768193,-0.5733475201700994,-1.177851894974348,-0.8524826259842462,-1.461440576166749,1.6829730437896346,-0.45564143582820127,-0.7394662468772634,-0.9044512740072636,-1.0161329645585022,1
-0.9738162891597597,0.9009088760241706,-1.179024470547907,-0.62172317750256,-0.7423290972289317,0.9048055324001227,-0.8841543251310949,-1.461440576166749,-1.0495008719737637,-0.45564143582820127,-0.4814607612315388,0.5440170872249644,0.9841231756854657,0
-0.8043672005990544,-1.1099901739376037,-1.179024470547907,-0.6180909308290946,-0.911310674287764,0.9048055324001227,-0.8841543251310949,-1.461440576166749,-0.015591822765990965,-0.45564143582820127,-0.4814607612315388,0.20670253734896618,-1.0161329645585022,0
-0.2960199349169384,0.9009088760241706,-1.179024470547907,-0.619464867614275,-0.911310674287764,0.9048055324001227,-0.8841543251310949,-0.8828162337175963,-0.37813135950118393,-0.45564143582820127,-0.7394662468772634,-1.4997122443766724,0.9841231756854657,0
-1.143265377720465,0.9009088760241706,-0.502969299721533,-0.5212204912854554,-0.911310674287764,-1.177851894974348,-0.4882580857954851,0.853056793629862,-1.173704231781191,0.003043148748581378,-0.7394662468772634,0.008282213892496587,0.9841231756854657,0
-0.8043672005990544,0.9009088760241706,-1.179024470547907,-0.6012404647395831,-0.06640278899360229,0.9048055324001227,-0.8841543251310949,0.2744324511807092,0.5651428055227898,-0.45564143582820127,-0.997471732522988,-0.07108591549009124,0.9841231756854657,0
-0.634918112038349,0.9009088760241706,0.8491410419312149,-0.5145087311279649,-0.7423290972289317,-1.177851894974348,-1.121692068732461,0.853056793629862,0.001192415045823164,-1.0289971665491795,-0.4814607612315388,-2.0156050853634935,0.9841231756854657,0
-0.8043672005990544,0.9009088760241706,0.8491410419312149,-0.5207151352265385,-0.911310674287764,-1.177851894974348,-1.042512820865339,-1.461440576166749,0.001192415045823164,-0.9143260204049839,-0.997471732522988,-0.4282424977117365,0.9841231756854657,0
-0.46546902347764374,0.9009088760241706,0.8491410419312149,-0.5969607306156304,-0.7423290972289317,0.9048055324001227,-0.8841543251310949,-0.8828162337175963,0.001192415045823164,-0.570312581972397,-0.997471732522988,-1.202081759191968,0.9841231756854657,0
-0.8043672005990544,-1.1099901739376037,-0.502969299721533,-0.5944497426978869,-0.5733475201700994,0.9048055324001227,-0.8841543251310949,-1.461440576166749,0.16232109803924238,-0.570312581972397,-0.4814607612315388,0.46464895784237664,-1.0161329645585022,0
-0.9738162891597597,0.9009088760241706,-1.179024470547907,-0.5175882446119899,-0.911310674287764,-1.177851894974348,-0.7574675285436998,-1.461440576166749,-0.34120603631519225,-0.45564143582820127,-0.4814607612315388,0.5440170872249644,0.9841231756854657,0
-0.9738162891597597,-1.1099901739376037,-0.502969299721533,-0.5865219695236276,-0.911310674287764,0.9048055324001227,-0.8841543251310949,-1.461440576166749,-0.08944246913797492,-0.570312581972397,-0.7394662468772634,-0.9044512740072636,-1.0161329645585022,0
-0.9738162891597597,-1.1099901739376037,0.8491410419312149,-0.6259713268728304,-0.911310674287764,-1.177851894974348,0.6598410082777837,1.4316811360790147,1.8273174889712391,2.2964660716324943,-0.4814607612315388,-0.4282424977117365,-1.0161329645585022,1
-1.3127144662811705,-1.1099901739376037,1.5251962127575889,-0.6264924753085885,-0.911310674287764,-1.177851894974348,-0.5674373336626071,0.853056793629862,1.2096575374964662,0.1177142948927768,-0.4814607612315388,-2.610866055732902,-1.0161329645585022,1
-0.8043672005990544,0.9009088760241706,0.8491410419312149,-0.5101026579892829,-0.911310674287764,-1.177851894974348,-0.7574675285436998,0.2744324511807092,0.30330869565848406,-0.45564143582820127,-0.4814607612315388,-0.5472946917856183,0.9841231756854657,0
-0.46546902347764374,-1.1099901739376037,-0.502969299721533,-0.5857639354352522,-0.404365943111267,0.9048055324001227,-0.8841543251310949,1.4316811360790147,1.7736079279734327,-0.570312581972397,-0.997471732522988,0.9408577341379036,0.9841231756854657,0
-0.46546902347764374,0.9009088760241706,1.5251962127575889,-0.6933258141003527,-0.5733475201700994,0.9048055324001227,-0.8841543251310949,-0.3041918912684436,1.1861596045599256,-0.34097028968400567,-0.7394662468772634,0.40512286080543575,-1.0161329645585022,1
-1.143265377720465,0.9009088760241706,-1.179024470547907,-0.6994532563147204,-0.911310674287764,0.9048055324001227,-0.8841543251310949,-0.8828162337175963,1.2835081838684501,-0.34097028968400567,-0.4814607612315388,-0.190138109563973,-1.0161329645585022,1
-0.46546902347764374,-1.1099901739376037,1.5251962127575889,-0.5842952443890248,-0.404365943111267,0.9048055324001227,-0.8841543251310949,-0.8828162337175963,-1.173704231781191,-0.570312581972397,-0.7394662468772634,1.0003838311748445,-1.0161329645585022,0
-0.46546902347764374,0.9009088760241706,0.8491410419312149,-0.5091709077556549,-0.23538436605243465,-1.177851894974348,-0.013182598592753173,0.853056793629862,-1.173704231781191,0.6910700256137552,-0.4814607612315388,-0.5869787564769122,0.9841231756854657,0
-0.9738162891597597,0.9009088760241706,-0.502969299721533,-0.6961526495549192,-0.5733475201700994,0.9048055324001227,-0.8841543251310949,-0.8828162337175963,1.451350561986595,-0.34097028968400567,-0.4814607612315388,-1.2814498885745558,-1.0161329645585022,1
-0.634918112038349,0.9009088760241706,0.8491410419312149,-0.6999901971273197,-0.911310674287764,0.9048055324001227,-0.8841543251310949,0.2744324511807092,-0.3512765790022807,-0.34097028968400567,-0.7394662468772634,0.18686050500331922,-1.0161329645585022,1
-0.2960199349169384,0.9009088760241706,-1.179024470547907,-0.5092182848861783,-0.23538436605243465,-1.177851894974348,0.06599664927436881,-0.3041918912684436,0.4040141225293712,0.8057411717579506,-0.997471732522988,0.008282213892496587,-1.0161329645585022,0
-0.46546902347764374,-1.1099901739376037,-0.502969299721533,-0.5776940308694224,-0.5733475201700994,0.9048055324001227,-0.8841543251310949,0.2744324511807092,-0.005521280078902488,-0.570312581972397,-0.7394662468772634,0.16701847265767225,0.9841231756854657,0
-0.634918112038349,0.9009088760241706,0.8491410419312149,-0.5074021615494456,-0.5733475201700994,-1.177851894974348,-1.327558113186978,1.4316811360790147,0.001192415045823164,-1.2583394588375707,-0.997471732522988,0.6829113136444932,0.9841231756854657,0
-0.2960199349169384,0.9009088760241706,-0.502969299721533,-0.6761121233434947,-0.06640278899360229,0.9048055324001227,-0.8841543251310949,0.2744324511807092,1.0955247203761276,-0.34097028968400567,-0.997471732522988,0.801963507718375,-1.0161329645585022,1
-0.9738162891597597,-1.1099901739376037,-0.502969299721533,-0.5626281033629614,-0.911310674287764,0.9048055324001227,-0.8841543251310949,0.2744324511807092,-1.8752853723150364,-0.570312581972397,-0.7394662468772634,-0.26950623894656084,-1.0161329645585022,0
-0.9738162891597597,-1.1099901739376037,-0.502969299721533,-0.5640020401481418,-0.911310674287764,0.9048055324001227,-0.8841543251310949,1.4316811360790147,0.001192415045823164,-0.570312581972397,-0.4814607612315388,0.0479662785837905,-1.0161329645585022,0
-0.9738162891597597,0.9009088760241706,-0.502969299721533,-0.5627228576240083,-0.404365943111267,0.9048055324001227,-0.8841543251310949,-0.8828162337175963,-1.8752853723150364,-0.570312581972397,-0.997471732522988,-0.8449251769703227,-1.0161329645585022,0
-0.46546902347764374,0.9009088760241706,-0.502969299721533,-0.570776969812997,-0.5733475201700994,0.9048055324001227,-0.8841543251310949,0.853056793629862,0.8739727812601764,-0.570312581972397,-0.7394662468772634,-0.5274526594399713,0.9841231756854657,0
-0.9738162891597597,-1.1099901739376037,0.8491410419312149,-0.6823659045725917,-0.7423290972289317,0.9048055324001227,-0.8841543251310949,-0.8828162337175963,1.327147202179168,-0.34097028968400567,-0.997471732522988,0.26622863438590705,-1.0161329645585022,1
-0.634918112038349,-1.1099901739376037,-1.179024470547907,-0.5670183841248022,-0.404365943111267,0.9048055324001227,-0.8841543251310949,-1.461440576166749,-1.2106295549671826,-0.570312581972397,-0.4814607612315388,-1.182239726846321,-1.0161329645585022,0
-0.9738162891597597,-1.1099901739376037,-1.179024470547907,-0.5681396428805242,-0.911310674287764,0.9048055324001227,-0.8841543251310949,0.853056793629862,-0.6936750303632967,-0.570312581972397,-0.4814607612315388,-1.0036614357354983,-1.0161329645585022,0
-0.2960199349169384,0.9009088760241706,-1.179024470547907,-0.5680764733731596,-0.911310674287764,0.9048055324001227,-0.8841543251310949,0.853056793629862,-0.29085332287974863,-0.570312581972397,-0.997471732522988,-0.6465048535138531,0.9841231756854657,0
-0.8043672005990544,-1.1099901739376037,-1.179024470547907,-0.5578588055569329,-0.911310674287764,0.9048055324001227,-0.8841543251310949,1.4316811360790147,-1.1166378232210217,-0.570312581972397,-0.997471732522988,-0.8846092416616166,0.9841231756854657,0
-0.9738162891597597,-1.1099901739376037,0.8491410419312149,-0.5442931538503816,-0.911310674287764,0.9048055324001227,-0.8841543251310949,-0.8828162337175963,-0.018948670328354386,-0.570312581972397,-0.997471732522988,-1.3409759856114967,0.9841231756854657,0
-1.143265377720465,0.9009088760241706,-1.179024470547907,-0.5420506363389377,-0.911310674287764,0.9048055324001227,-0.8841543251310949,0.853056793629862,-0.3109944082539262,-0.570312581972397,-0.7394662468772634,-1.7179746001787888,0.9841231756854657,0
-1.143265377720465,0.9009088760241706,0.8491410419312149,-0.5464093323470962,-0.911310674287764,0.9048055324001227,-0.8841543251310949,0.2744324511807092,0.8336906105118219,-0.570312581972397,-0.4814607612315388,-2.9680226379545473,0.9841231756854657,0
-0.8043672005990544,0.9009088760241706,-0.502969299721533,-0.5249316998431266,-0.404365943111267,0.9048055324001227,-0.8841543251310949,0.2744324511807092,1.092167872813765,-0.570312581972397,-0.4814607612315388,0.5043330225336705,-1.0161329645585022,0
-0.9738162891597597,-1.1099901739376037,-0.502969299721533,-0.505396529690619,-0.911310674287764,-1.177851894974348,-1.002923196931778,0.853056793629862,-0.005521280078902488,-0.7996548742607882,-0.997471732522988,0.10749237562073138,0.9841231756854657,0
-0.46546902347764374,0.9009088760241706,1.5251962127575889,-0.5090603611177668,-0.404365943111267,-1.177851894974348,-1.042512820865339,-0.3041918912684436,1.0015329886299666,-0.9143260204049839,-0.7394662468772634,-0.17029607721832604,0.9841231756854657,0
-0.9738162891597597,0.9009088760241706,0.8491410419312149,-0.5131347943427845,-0.5733475201700994,0.9048055324001227,-0.8841543251310949,-0.8828162337175963,-0.1397951825734185,-0.6849837281165926,-0.7394662468772634,-3.8013879964717194,0.9841231756854657,0
-0.8043672005990544,-1.1099901739376037,-0.502969299721533,-0.5138454513006364,-0.911310674287764,0.9048055324001227,-0.8841543251310949,0.853056793629862,-0.1397951825734185,-0.6849837281165926,-0.997471732522988,1.4369085427790778,0.9841231756854657,0
-0.9738162891597597,0.9009088760241706,-0.502969299721533,-0.5167196638857264,-0.911310674287764,0.9048055324001227,-0.8841543251310949,-0.8828162337175963,0.665848232393677,-0.6849837281165926,-0.997471732522988,1.0797519605574324,0.9841231756854657,0
-1.143265377720465,0.9009088760241706,-1.179024470547907,-0.5018116601476771,-0.911310674287764,-1.177851894974348,-1.359229812333827,-0.8828162337175963,-1.1804179269059165,-1.3730106049817663,-0.7394662468772634,0.5837011519162584,-1.0161329645585022,0
-0.634918112038349,0.9009088760241706,-1.179024470547907,-0.5142244683448242,-0.911310674287764,0.9048055324001227,-0.8841543251310949,-1.461440576166749,-1.2475548781531747,-0.6849837281165926,-0.7394662468772634,-0.22982217425526694,-1.0161329645585022,0
-0.9738162891597597,-1.1099901739376037,1.5251962127575889,-0.628592861428462,-0.911310674287764,0.9048055324001227,-0.8841543251310949,1.4316811360790147,0.001192415045823164,-0.45564143582820127,-0.997471732522988,1.774223092655076,-1.0161329645585022,1
-0.46546902347764374,-1.1099901739376037,0.8491410419312149,-0.5220259025043542,-0.06640278899360229,0.9048055324001227,-0.8841543251310949,-0.8828162337175963,0.5114332445249834,-0.570312581972397,-0.4814607612315388,-0.40840046536608954,0.9841231756854657,0
-0.8043672005990544,-1.1099901739376037,0.8491410419312149,-0.5119977432102214,-0.911310674287764,0.9048055324001227,-0.8841543251310949,-0.8828162337175963,0.5752133482098789,-0.6849837281165926,-0.997471732522988,-0.8846092416616166,0.9841231756854657,0
-0.46546902347764374,-1.1099901739376037,-0.502969299721533,-0.5044805718338321,-0.911310674287764,0.9048055324001227,-0.8841543251310949,0.2744324511807092,-1.0495008719737637,-0.6849837281165926,-0.4814607612315388,-0.7655570475877348,0.9841231756854657,0
-0.634918112038349,0.9009088760241706,-0.502969299721533,-0.5100394884819183,-0.23538436605243465,0.9048055324001227,-0.8841543251310949,0.2744324511807092,1.2096575374964662,-0.6849837281165926,-0.4814607612315388,-0.8052411122790287,0.9841231756854657,0
-0.634918112038349,-1.1099901739376037,0.8491410419312149,-0.5092498696398606,-0.5733475201700994,-1.177851894974348,-0.6307807319563046,-0.3041918912684436,-1.8752853723150364,-0.2262991435398101,-0.4814607612315388,-0.17029607721832604,0.9841231756854657,0
-0.8043672005990544,-1.1099901739376037,1.5251962127575889,-0.5118082346881275,-0.911310674287764,-1.177851894974348,-0.7257958293968509,-0.8828162337175963,0.6624913848313142,-0.34097028968400567,-0.4814607612315388,0.8614896047553159,0.9841231756854657,0
-0.2960199349169384,0.9009088760241706,-1.179024470547907,-0.5089024373493553,0.10257878806523006,-1.177851894974348,-0.013182598592753173,1.4316811360790147,-1.3751150855229646,0.6910700256137552,-0.7394662468772634,0.5043330225336705,-1.0161329645585022,0
-0.46546902347764374,-1.1099901739376037,0.8491410419312149,-0.5069441826210521,-0.23538436605243465,-1.177851894974348,-0.804975077263973,0.2744324511807092,-1.4993184453303918,-0.570312581972397,-0.4814607612315388,-0.24966420660091387,-1.0161329645585022,0
-0.2960199349169384,0.9009088760241706,-1.179024470547907,-0.6239183178834804,-0.404365943111267,-1.177851894974348,-0.09236184645987515,-0.3041918912684436,0.9108981044461687,0.9204123179021463,-0.997471732522988,0.028124246238143545,-1.0161329645585022,1
-0.46546902347764374,0.9009088760241706,0.8491410419312149,-0.4999323673035797,-0.5733475201700994,-1.177851894974348,-0.5674373336626071,-1.461440576166749,-1.173704231781191,-0.2262991435398101,-0.997471732522988,-0.46792656240303043,-1.0161329645585022,0
-0.9738162891597597,-1.1099901739376037,-0.502969299721533,-0.4840452362013787,-0.911310674287764,0.9048055324001227,-0.8841543251310949,-0.8828162337175963,0.5651428055227898,-0.6849837281165926,-0.7394662468772634,0.22654456969461315,0.9841231756854657,0
-0.8043672005990544,0.9009088760241706,-1.179024470547907,-0.48767748287484414,-0.911310674287764,0.9048055324001227,-0.8841543251310949,-0.8828162337175963,0.9377528849450718,-0.6849837281165926,-0.7394662468772634,0.46464895784237664,-1.0161329645585022,0
-0.634918112038349,-1.1099901739376037,-0.502969299721533,-0.4892725129358007,-0.7423290972289317,0.9048055324001227,-0.8841543251310949,-1.461440576166749,-1.8752853723150364,-0.6849837281165926,-0.997471732522988,0.08765034327508442,-1.0161329645585022,0
-0.46546902347764374,0.9009088760241706,1.5251962127575889,-0.5981767436323993,-0.911310674287764,0.9048055324001227,-0.8841543251310949,-0.3041918912684436,0.001192415045823164,-0.45564143582820127,-0.997471732522988,-1.8370267942526706,-1.0161329645585022,1
-0.8043672005990544,-1.1099901739376037,-0.502969299721533,-0.5075758776946983,-0.5733475201700994,-1.177851894974348,0.06599664927436881,-0.8828162337175963,-1.173704231781191,0.8057411717579506,-0.997471732522988,1.1789621222856672,-1.0161329645585022,0
-0.9738162891597597,-1.1099901739376037,-0.502969299721533,-0.5064704113158175,-0.5733475201700994,-1.177851894974348,0.1847655210750518,0.853056793629862,0.001192415045823164,0.9204123179021463,-0.7394662468772634,0.8416475724096689,-1.0161329645585022,0
-1.143265377720465,-1.1099901739376037,1.5251962127575889,-0.6269978313675054,-0.911310674287764,-1.177851894974348,-1.002923196931778,-0.3041918912684436,-1.2979075915886182,-0.6849837281165926,-0.7394662468772634,0.32575473142284794,-1.0161329645585022,1
-0.9738162891597597,0.9009088760241706,1.5251962127575889,-0.485924529045476,-0.911310674287764,0.9048055324001227,-0.8841543251310949,-0.8828162337175963,0.001192415045823164,-0.6849837281165926,-0.997471732522988,1.337698381050843,0.9841231756854657,0
-1.143265377720465,0.9009088760241706,0.8491410419312149,-0.4886092331084722,-0.911310674287764,0.9048055324001227,-0.8841543251310949,-0.8828162337175963,-1.173704231781191,-0.6849837281165926,-0.997471732522988,-0.07108591549009124,-1.0161329645585022,0
-0.9738162891597597,-1.1099901739376037,-1.179024470547907,-0.49118339053358034,-0.911310674287764,0.9048055324001227,-0.8841543251310949,0.853056793629862,0.16232109803924238,-0.6849837281165926,-0.4814607612315388,1.0003838311748445,-1.0161329645585022,0
-0.9738162891597597,-1.1099901739376037,-1.179024470547907,-0.48601928330652294,-0.5733475201700994,0.9048055324001227,-0.8841543251310949,0.853056793629862,-1.2005590122800942,-0.6849837281165926,-0.4814607612315388,0.32575473142284794,0.9841231756854657,0
-0.2960199349169384,0.9009088760241706,-0.502969299721533,-0.48395048194033174,-0.23538436605243465,0.9048055324001227,-0.8841543251310949,-0.8828162337175963,-1.4254677989584081,-0.6849837281165926,-0.4814607612315388,-0.5869787564769122,0.9841231756854657,0
-0.8043672005990544,-1.1099901739376037,1.5251962127575889,-0.5799523407577074,-0.5733475201700994,0.9048055324001227,-0.8841543251310949,-0.3041918912684436,0.3939435798422821,-0.570312581972397,-0.4814607612315388,-1.4997122443766724,-1.0161329645585022,1
-0.8043672005990544,0.9009088760241706,0.8491410419312149,-0.5050964745306371,-0.911310674287764,-1.177851894974348,-1.042512820865339,1.4316811360790147,0.5114332445249834,-0.9143260204049839,-0.4814607612315388,0.06780831092943747,0.9841231756854657,0
-0.8043672005990544,0.9009088760241706,0.8491410419312149,-0.47002160556643385,-0.7423290972289317,0.9048055324001227,-0.8841543251310949,0.2744324511807092,-1.1166378232210217,-0.6849837281165926,-0.4814607612315388,0.782121475372728,-1.0161329645585022,0
-0.634918112038349,0.9009088760241706,0.8491410419312149,-0.4668315454445207,-0.911310674287764,0.9048055324001227,-0.8841543251310949,0.2744324511807092,0.001192415045823164,-0.6849837281165926,-0.4814607612315388,-0.011559818453150373,0.9841231756854657,0
-0.634918112038349,0.9009088760241706,0.8491410419312149,-0.5781204250441335,0.10257878806523006,0.9048055324001227,-0.8841543251310949,0.2744324511807092,1.676259348664909,-0.570312581972397,-0.7394662468772634,0.8416475724096689,-1.0161329645585022,1
-1.143265377720465,0.9009088760241706,-1.179024470547907,-0.452302558750659,-0.911310674287764,0.9048055324001227,-0.8841543251310949,-0.8828162337175963,0.4745079213389917,-0.6849837281165926,-0.7394662468772634,-0.4282424977117365,-1.0161329645585022,0
-0.8043672005990544,0.9009088760241706,-0.502969299721533,-0.4479596551193416,-0.7423290972289317,0.9048055324001227,-0.8841543251310949,1.4316811360790147,-0.1397951825734185,-0.6849837281165926,-0.997471732522988,1.35754041339649,0.9841231756854657,0
-0.2960199349169384,0.9009088760241706,-0.502969299721533,-0.6230655295340581,-0.5733475201700994,-1.177851894974348,0.38271364074285674,-1.461440576166749,-0.03237606057780569,1.8377814870557112,-0.7394662468772634,0.9210157017922567,-1.0161329645585022,1
-1.143265377720465,-1.1099901739376037,1.5251962127575889,-0.5631650441755607,-0.911310674287764,0.9048055324001227,-0.8841543251310949,-0.3041918912684436,0.665848232393677,-0.570312581972397,-0.4814607612315388,-0.9639773710442044,-1.0161329645585022,1
-0.8043672005990544,-1.1099901739376037,0.8491410419312149,-0.5647916589901996,-0.911310674287764,0.9048055324001227,-0.8841543251310949,0.2744324511807092,-0.005521280078902488,-0.570312581972397,-0.4814607612315388,-0.30919030363785477,-1.0161329645585022,1
-0.8043672005990544,-1.1099901739376037,-0.502969299721533,-0.5097552256987775,-0.7423290972289317,0.21058638994196582,-0.4090788379283631,0.2744324511807092,0.23617174441122635,0.1177142948927768,-0.7394662468772634,0.7622794430270811,0.9841231756854657,0
-0.9738162891597597,-1.1099901739376037,-1.179024470547907,-0.49811624396684695,-0.911310674287764,0.21058638994196582,-0.7257958293968509,1.4316811360790147,-1.0964967378468442,-0.45564143582820127,-0.4814607612315388,-1.8767108589439645,0.9841231756854657,0
-0.46546902347764374,-1.1099901739376037,-0.502969299721533,-0.614442891778788,-0.23538436605243465,-1.177851894974348,-0.5674373336626071,0.853056793629862,1.6628319584154578,0.1177142948927768,-0.4814607612315388,0.8614896047553159,-1.0161329645585022,1
-0.2960199349169384,0.9009088760241706,-1.179024470547907,-0.6203334483405384,-0.911310674287764,-1.177851894974348,-1.042512820865339,0.853056793629862,0.5651428055227898,-0.7996548742607882,-0.4814607612315388,-0.24966420660091387,-1.0161329645585022,1
-0.2960199349169384,0.9009088760241706,-1.179024470547907,-0.5661024262680153,-0.7423290972289317,0.9048055324001227,-0.8841543251310949,0.853056793629862,1.1861596045599256,-0.570312581972397,-0.997471732522988,0.6233852166075523,-1.0161329645585022,1
-0.9738162891597597,-1.1099901739376037,-0.502969299721533,-0.4533132708684928,-0.7423290972289317,0.9048055324001227,-0.8841543251310949,1.4316811360790147,1.0351014642535956,-0.6849837281165926,-0.4814607612315388,-0.2893482712922078,0.9841231756854657,0
-0.9738162891597597,0.9009088760241706,1.5251962127575889,-0.44870189683087586,-0.911310674287764,0.9048055324001227,-0.8841543251310949,0.2744324511807092,-0.7138161157374736,-0.6849837281165926,-0.4814607612315388,-0.7060309505507939,0.9841231756854657,0
-0.8043672005990544,-1.1099901739376037,-1.179024470547907,-0.508570797435691,-0.911310674287764,-1.177851894974348,0.06599664927436881,1.4316811360790147,0.8336906105118219,0.8057411717579506,-0.7394662468772634,0.028124246238143545,0.9841231756854657,0
-0.8043672005990544,0.9009088760241706,0.8491410419312149,-0.44843342642457623,-0.911310674287764,0.9048055324001227,-0.8841543251310949,1.4316811360790147,-1.7510820125076092,-0.6849837281165926,-0.4814607612315388,0.7622794430270811,-1.0161329645585022,0
-0.9738162891597597,-1.1099901739376037,-1.179024470547907,-0.5029645036570812,-0.7423290972289317,-1.177851894974348,-0.4090788379283631,0.2744324511807092,-0.4654093961226198,0.1177142948927768,-0.4814607612315388,-2.0552891500547874,0.9841231756854657,0
-0.9738162891597597,0.9009088760241706,-0.502969299721533,-0.5065967503305467,-0.911310674287764,-1.177851894974348,-0.6743293182832217,-0.8828162337175963,1.2029438423717405,-0.34097028968400567,-0.7394662468772634,-1.2417658238832618,0.9841231756854657,0
-0.9738162891597597,-1.1099901739376037,-0.502969299721533,-0.4440115609090531,-0.911310674287764,0.9048055324001227,-0.8841543251310949,1.4316811360790147,0.7430557263280237,-0.6849837281165926,-0.7394662468772634,0.7622794430270811,0.9841231756854657,0
-0.46546902347764374,0.9009088760241706,-1.179024470547907,-0.4407425389029342,-0.5733475201700994,0.9048055324001227,-0.8841543251310949,0.2744324511807092,0.665848232393677,-0.6849837281165926,-0.7394662468772634,-0.03140185079879733,0.9841231756854657,0
-0.9738162891597597,-1.1099901739376037,-1.179024470547907,-0.43346225317916215,-0.911310674287764,0.9048055324001227,-0.8841543251310949,-0.8828162337175963,0.001192415045823164,-0.6849837281165926,-0.4814607612315388,0.9606997664835506,-1.0161329645585022,0
-0.9738162891597597,0.9009088760241706,-1.179024470547907,-0.4990322018236339,-0.7423290972289317,-1.177851894974348,-0.7257958293968509,-0.8828162337175963,-1.4724636648314886,-0.45564143582820127,-0.4814607612315388,0.26622863438590705,0.9841231756854657,0
-0.634918112038349,0.9009088760241706,1.5251962127575889,-0.4335412150633679,-0.911310674287764,0.9048055324001227,-0.8841543251310949,1.4316811360790147,0.5651428055227898,-0.6849837281165926,-0.997471732522988,0.6630692812988462,0.9841231756854657,0
-0.634918112038349,-1.1099901739376037,1.5251962127575889,-0.4978477735605474,-0.404365943111267,0.21058638994196582,-1.3077633012201975,0.853056793629862,-1.4724636648314886,-1.2583394588375707,-0.997471732522988,1.1392780575943733,0.9841231756854657,0
-0.8043672005990544,0.9009088760241706,-0.502969299721533,-0.5009746641750958,-0.911310674287764,0.21058638994196582,0.6994306322113446,-0.8828162337175963,-1.2475548781531747,1.7231103409115156,-0.7394662468772634,-3.4243893819044273,0.9841231756854657,0
-0.46546902347764374,0.9009088760241706,-0.502969299721533,-0.4308723033772129,-0.404365943111267,0.9048055324001227,-0.8841543251310949,0.2744324511807092,0.665848232393677,-0.6849837281165926,-0.4814607612315388,-0.09092794783573821,0.9841231756854657,0
-0.2960199349169384,-1.1099901739376037,0.8491410419312149,-0.49486301433756924,-0.911310674287764,0.9048055324001227,-0.8841543251310949,-0.8828162337175963,-1.7510820125076092,-0.6849837281165926,-0.4814607612315388,0.46464895784237664,-1.0161329645585022,1
-0.46546902347764374,0.9009088760241706,0.8491410419312149,-0.38125265534230673,-0.23538436605243465,0.9048055324001227,-0.8841543251310949,0.2744324511807092,-1.4993184453303918,-0.7996548742607882,-0.7394662468772634,-0.9441353386985575,0.9841231756854657,0
-0.8043672005990544,0.9009088760241706,-0.502969299721533,-0.49876373141733427,-0.911310674287764,-1.177851894974348,0.06599664927436881,-1.461440576166749,1.0787404825643134,0.8057411717579506,-0.997471732522988,-0.4877685947486774,0.9841231756854657,0
-0.9738162891597597,-1.1099901739376037,-0.502969299721533,-0.4680159737076073,-0.5733475201700994,0.9048055324001227,-0.8841543251310949,0.853056793629862,-1.173704231781191,-0.6849837281165926,-0.7394662468772634,0.9210157017922567,-1.0161329645585022,1
-0.8043672005990544,-1.1099901739376037,-1.179024470547907,-0.35353703398608133,-0.911310674287764,0.9048055324001227,-0.8841543251310949,-1.461440576166749,0.001192415045823164,-0.7996548742607882,-0.4814607612315388,-0.8449251769703227,0.9841231756854657,0
-0.46546902347764374,-1.1099901739376037,0.8491410419312149,-0.46187273911639837,-0.7423290972289317,0.9048055324001227,-0.8841543251310949,0.853056793629862,1.286865031430813,-0.6849837281165926,-0.4814607612315388,-1.2616078562289088,-1.0161329645585022,1
-0.9738162891597597,-1.1099901739376037,0.8491410419312149,-0.35091549943044975,-0.7423290972289317,0.9048055324001227,-0.8841543251310949,0.853056793629862,0.001192415045823164,-0.7996548742607882,-0.7394662468772634,-0.190138109563973,0.9841231756854657,0
-0.8043672005990544,0.9009088760241706,-0.502969299721533,-0.35015746534207437,-0.911310674287764,0.9048055324001227,-0.8841543251310949,-0.8828162337175963,0.5114332445249834,-0.7996548742607882,-0.4814607612315388,0.9408577341379036,0.9841231756854657,0
-0.634918112038349,-1.1099901739376037,-1.179024470547907,-0.3589854039962795,-0.911310674287764,0.9048055324001227,-0.8841543251310949,-1.461440576166749,-1.4724636648314886,-0.7996548742607882,-0.4814607612315388,-2.49181386165902,0.9841231756854657,0
-0.9738162891597597,0.9009088760241706,1.5251962127575889,-0.3314908759158302,-0.911310674287764,0.9048055324001227,-0.8841543251310949,-0.8828162337175963,-0.3680608168140954,-0.7996548742607882,-0.7394662468772634,1.1591200899400202,0.9841231756854657,0
-0.9738162891597597,0.9009088760241706,1.5251962127575889,-0.3349967835745664,-0.911310674287764,0.9048055324001227,-0.8841543251310949,-0.8828162337175963,0.001192415045823164,-0.7996548742607882,-0.4814607612315388,0.782121475372728,0.9841231756854657,0
-1.143265377720465,-1.1099901739376037,0.8491410419312149,-0.49974285878148583,-0.911310674287764,0.21058638994196582,-0.963333572998217,0.853056793629862,-1.4724636648314886,-0.7996548742607882,-0.7394662468772634,-0.7457150152420878,0.9841231756854657,0
-0.2960199349169384,-1.1099901739376037,-0.502969299721533,-0.33897646253853725,0.2715603651240624,0.9048055324001227,-0.8841543251310949,1.4316811360790147,-1.7510820125076092,-0.7996548742607882,-0.997471732522988,0.801963507718375,-1.0161329645585022,0
-0.46546902347764374,0.9009088760241706,-0.502969299721533,-0.337207716332328,0.2715603651240624,0.9048055324001227,-0.8841543251310949,1.4316811360790147,-1.2475548781531747,-0.7996548742607882,-0.4814607612315388,0.46464895784237664,0.9841231756854657,0
-0.46546902347764374,-1.1099901739376037,-0.502969299721533,-0.49547891703437424,-0.404365943111267,-1.177851894974348,-0.7574675285436998,-0.3041918912684436,0.4745079213389917,-0.45564143582820127,-0.4814607612315388,0.5638591195706114,-1.0161329645585022,0
-0.634918112038349,0.9009088760241706,-1.179024470547907,-0.44928621477399855,-0.7423290972289317,0.9048055324001227,-0.8841543251310949,-0.3041918912684436,0.2865244578466693,-0.6849837281165926,-0.997471732522988,0.9606997664835506,-1.0161329645585022,1
-0.634918112038349,0.9009088760241706,0.8491410419312149,-0.44416948467746464,-0.06640278899360229,0.9048055324001227,-0.8841543251310949,-0.3041918912684436,0.5785701957722418,-0.6849837281165926,-0.7394662468772634,-0.8449251769703227,-1.0161329645585022,1
-0.46546902347764374,-1.1099901739376037,0.8491410419312149,-0.4973897946321539,-0.7423290972289317,-1.177851894974348,-0.7257958293968509,0.853056793629862,-0.7138161157374736,-0.45564143582820127,-0.7394662468772634,-2.1743413441286688,0.9841231756854657,0
-0.8043672005990544,-1.1099901739376037,-0.502969299721533,-0.4960158578469735,-0.5733475201700994,-1.177851894974348,-0.5674373336626071,0.2744324511807092,-1.0495008719737637,-0.2262991435398101,-0.7394662468772634,0.7225953783357871,-1.0161329645585022,0
-0.8043672005990544,-1.1099901739376037,-1.179024470547907,-0.49505252285966306,-0.911310674287764,-1.177851894974348,-0.21113071826055813,-0.8828162337175963,-0.5661148229935064,0.3470565871811683,-0.997471732522988,0.14717644031202531,0.9841231756854657,0
-0.2960199349169384,-1.1099901739376037,0.8491410419312149,-0.60051401540489,-0.06640278899360229,-1.177851894974348,-0.804975077263973,-1.461440576166749,-1.6839450612603513,-0.34097028968400567,-0.997471732522988,0.6630692812988462,-1.0161329645585022,1
-0.634918112038349,0.9009088760241706,-1.179024470547907,-0.4133901422140553,-0.5733475201700994,0.9048055324001227,-0.8841543251310949,-1.461440576166749,2.206641263518246,-0.7996548742607882,-0.997471732522988,-0.09092794783573821,-1.0161329645585022,1
-0.634918112038349,0.9009088760241706,0.8491410419312149,-0.30121688951133785,-0.5733475201700994,0.9048055324001227,-0.8841543251310949,-0.3041918912684436,-1.8752853723150364,-0.7996548742607882,-0.997471732522988,-2.749760282152431,0.9841231756854657,0
-0.2960199349169384,-1.1099901739376037,0.8491410419312149,-0.49678968431219,-0.5733475201700994,-1.177851894974348,0.30353439287573475,0.853056793629862,1.575553921794022,1.1497546101905376,-0.4814607612315388,-1.678290535487495,0.9841231756854657,0
-0.8043672005990544,0.9009088760241706,-0.502969299721533,-0.49982182066569164,-0.911310674287764,0.21058638994196582,0.5410721364771007,1.4316811360790147,0.860545391010725,1.4937680486231246,-0.997471732522988,0.6432272489531993,0.9841231756854657,0
-0.8043672005990544,-1.1099901739376037,-0.502969299721533,-0.4951788618743923,-0.911310674287764,-1.177851894974348,-0.18737694390042153,-0.8828162337175963,-1.173704231781191,0.3470565871811683,-0.4814607612315388,0.6432272489531993,-1.0161329645585022,0
-0.634918112038349,0.9009088760241706,0.8491410419312149,-0.297442511446302,-0.7423290972289317,0.9048055324001227,-0.8841543251310949,0.853056793629862,-1.1233515183457474,-0.7996548742607882,-0.4814607612315388,-0.07108591549009124,-1.0161329645585022,0
-0.634918112038349,-1.1099901739376037,-0.502969299721533,-0.2984532235641359,-0.404365943111267,0.9048055324001227,-0.8841543251310949,0.853056793629862,0.001192415045823164,-0.7996548742607882,-0.4814607612315388,1.1789621222856672,-1.0161329645585022,0
-0.46546902347764374,-1.1099901739376037,0.8491410419312149,-0.3005062325534859,-0.404365943111267,0.9048055324001227,-0.8841543251310949,-1.461440576166749,-0.21364582894540246,-0.7996548742607882,-0.997471732522988,0.7424374106814341,0.9841231756854657,0
-0.8043672005990544,0.9009088760241706,0.8491410419312149,-0.29829529979572433,-0.911310674287764,0.9048055324001227,-0.8841543251310949,0.2744324511807092,-1.8752853723150364,-0.7996548742607882,-0.997471732522988,-0.22982217425526694,0.9841231756854657,0
-0.8043672005990544,0.9009088760241706,-0.502969299721533,-0.4870299954243568,-0.911310674287764,-1.177851894974348,0.026407025340807817,0.2744324511807092,-0.005521280078902488,0.6910700256137552,-0.7394662468772634,-1.7973427295613766,0.9841231756854657,0
-0.634918112038349,-1.1099901739376037,0.8491410419312149,-0.49157819995460916,-0.7423290972289317,0.21058638994196582,-1.042512820865339,0.2744324511807092,-0.7138161157374736,-0.9143260204049839,-0.4814607612315388,-1.0830295651180861,0.9841231756854657,0
-1.143265377720465,-1.1099901739376037,-1.179024470547907,-0.48829338557164914,-0.911310674287764,0.21058638994196582,0.8577891279455886,0.853056793629862,-0.005521280078902488,1.952452633199907,-0.7394662468772634,1.1988041546313142,-1.0161329645585022,0
-0.46546902347764374,0.9009088760241706,1.5251962127575889,-0.2957843118779808,-0.404365943111267,0.9048055324001227,-0.8841543251310949,0.2744324511807092,-1.371758237960602,-0.7996548742607882,-0.4814607612315388,-0.24966420660091387,0.9841231756854657,0
-0.8043672005990544,-1.1099901739376037,0.8491410419312149,-0.3041858563574748,-0.404365943111267,0.9048055324001227,-0.8841543251310949,-0.8828162337175963,0.5382880250238866,-0.7996548742607882,-0.997471732522988,-0.13061201252703214,0.9841231756854657,0
-0.634918112038349,-1.1099901739376037,-0.502969299721533,-0.29711087153263777,-0.5733475201700994,0.9048055324001227,-0.8841543251310949,1.4316811360790147,-1.0495008719737637,-0.7996548742607882,-0.7394662468772634,1.5361187045073124,-1.0161329645585022,0
-0.9738162891597597,-1.1099901739376037,-1.179024470547907,-0.48826180081796683,-0.5733475201700994,-1.177851894974348,0.06599664927436881,1.4316811360790147,0.001192415045823164,0.6910700256137552,-0.7394662468772634,-0.36871640067479566,-1.0161329645585022,0
-0.8043672005990544,0.9009088760241706,-0.502969299721533,-0.29731617243157277,-0.911310674287764,0.9048055324001227,-0.8841543251310949,1.4316811360790147,1.327147202179168,-0.7996548742607882,-0.7394662468772634,0.5043330225336705,0.9841231756854657,0
-0.9738162891597597,0.9009088760241706,-1.179024470547907,-0.2951684091811758,-0.404365943111267,0.9048055324001227,-0.8841543251310949,0.2744324511807092,-1.2106295549671826,-0.7996548742607882,-0.997471732522988,0.9606997664835506,-1.0161329645585022,0
-0.46546902347764374,-1.1099901739376037,0.8491410419312149,-0.3006799486987386,-0.06640278899360229,0.9048055324001227,-0.8841543251310949,-0.8828162337175963,1.2096575374964662,-0.7996548742607882,-0.997471732522988,-0.32903233598350173,0.9841231756854657,0
-0.9738162891597597,0.9009088760241706,0.8491410419312149,-0.2996692365809047,-0.911310674287764,0.9048055324001227,-0.8841543251310949,-1.461440576166749,-1.371758237960602,-0.7996548742607882,-0.997471732522988,-0.9639773710442044,0.9841231756854657,0
-0.634918112038349,0.9009088760241706,0.8491410419312149,-0.29733196480841395,-0.404365943111267,0.9048055324001227,-0.8841543251310949,-0.8828162337175963,-1.0495008719737637,-0.7996548742607882,-0.997471732522988,-0.011559818453150373,0.9841231756854657,0
-0.9738162891597597,0.9009088760241706,0.8491410419312149,-0.40225651654104166,-0.911310674287764,0.9048055324001227,-0.8841543251310949,-0.3041918912684436,-1.6839450612603513,-0.7996548742607882,-0.4814607612315388,0.5638591195706114,-1.0161329645585022,1
-0.2960199349169384,-1.1099901739376037,-1.179024470547907,-0.48851447884742527,-0.23538436605243465,-1.177851894974348,-1.1375279183058853,-0.3041918912684436,1.0955247203761276,-1.0289971665491795,-0.997471732522988,-0.6068207888225592,0.9841231756854657,0
-1.143265377720465,0.9009088760241706,0.8491410419312149,-0.2760754255802205,-0.7423290972289317,0.9048055324001227,-0.8841543251310949,-0.8828162337175963,-1.623521805137819,-0.9143260204049839,-0.4814607612315388,-2.710076217461137,0.9841231756854657,0
-0.9738162891597597,-1.1099901739376037,-1.179024470547907,-0.4854507577402414,-0.404365943111267,-1.177851894974348,-0.5674373336626071,0.2744324511807092,0.4745079213389917,-0.2262991435398101,-0.4814607612315388,0.22654456969461315,0.9841231756854657,0
-0.634918112038349,0.9009088760241706,1.5251962127575889,-0.48196064245834636,-0.404365943111267,-1.177851894974348,-1.042512820865339,0.853056793629862,-0.3680608168140954,-0.9143260204049839,-0.4814607612315388,1.8337491896920168,-1.0161329645585022,0
-0.8043672005990544,-1.1099901739376037,-1.179024470547907,-0.2810184395315018,-0.404365943111267,0.9048055324001227,-0.8841543251310949,-0.8828162337175963,0.1791053358510565,-0.9143260204049839,-0.4814607612315388,-0.9639773710442044,-1.0161329645585022,0
-0.634918112038349,0.9009088760241706,-0.502969299721533,-0.3918809249564034,-0.7423290972289317,0.9048055324001227,-0.8841543251310949,-1.461440576166749,1.6729025011025462,-0.7996548742607882,-0.4814607612315388,0.9011736694466097,-1.0161329645585022,1
-0.8043672005990544,-1.1099901739376037,-1.179024470547907,-0.2690794026395893,-0.404365943111267,0.9048055324001227,-0.8841543251310949,0.853056793629862,-0.3680608168140954,-0.9143260204049839,-0.7394662468772634,-1.6981325678331418,-1.0161329645585022,0
-0.634918112038349,0.9009088760241706,0.8491410419312149,-0.4826239222856748,-0.404365943111267,-1.177851894974348,-0.7257958293968509,-0.8828162337175963,1.2801513363060872,-0.45564143582820127,-0.7394662468772634,-0.30919030363785477,0.9841231756854657,0
-0.8043672005990544,-1.1099901739376037,-0.502969299721533,-0.3820422741843644,-0.911310674287764,0.9048055324001227,-0.8841543251310949,-1.461440576166749,2.780662196682302,-0.7996548742607882,-0.7394662468772634,-1.4997122443766724,-1.0161329645585022,1
-0.8043672005990544,0.9009088760241706,-0.502969299721533,-0.261056875204283,-0.7423290972289317,0.9048055324001227,-0.8841543251310949,-1.461440576166749,0.9981761410676039,-0.9143260204049839,-0.997471732522988,1.3773824457421369,-1.0161329645585022,0
-0.634918112038349,0.9009088760241706,0.8491410419312149,-0.26056731152220725,-0.7423290972289317,0.9048055324001227,-0.8841543251310949,-1.461440576166749,-0.21364582894540246,-0.9143260204049839,-0.7394662468772634,0.8614896047553159,0.9841231756854657,0
-0.8043672005990544,0.9009088760241706,-0.502969299721533,-0.4882144236874434,-0.911310674287764,0.21058638994196582,0.22435514500861276,0.2744324511807092,-0.46205254856025635,0.9204123179021463,-0.7394662468772634,1.298014316359549,-1.0161329645585022,0
-0.634918112038349,0.9009088760241706,-0.502969299721533,-0.26097791332007725,-0.7423290972289317,0.9048055324001227,-0.8841543251310949,0.2744324511807092,-0.37813135950118393,-0.9143260204049839,-0.997471732522988,0.5440170872249644,0.9841231756854657,0
-0.46546902347764374,0.9009088760241706,-1.179024470547907,-0.3692346565661885,-0.7423290972289317,0.9048055324001227,-0.8841543251310949,-1.461440576166749,1.7836784706605218,-0.7996548742607882,-0.7394662468772634,-0.30919030363785477,-1.0161329645585022,1
-0.2960199349169384,0.9009088760241706,-0.502969299721533,-0.2514077329543379,-0.23538436605243465,0.9048055324001227,-0.8841543251310949,0.853056793629862,0.001192415045823164,-0.9143260204049839,-0.7394662468772634,0.028124246238143545,0.9841231756854657,0
-0.9738162891597597,-1.1099901739376037,-0.502969299721533,-0.23545743234477223,-0.23538436605243465,0.9048055324001227,-0.8841543251310949,-0.8828162337175963,-1.0427871768490378,-0.9143260204049839,-0.4814607612315388,0.9606997664835506,-1.0161329645585022,0
-0.634918112038349,0.9009088760241706,-0.502969299721533,-0.23103556682924908,-0.7423290972289317,0.9048055324001227,-0.8841543251310949,-0.8828162337175963,-0.12972463988633004,-0.9143260204049839,-0.997471732522988,0.18686050500331922,-1.0161329645585022,0
-0.8043672005990544,0.9009088760241706,-0.502969299721533,-0.33883433114696687,-0.911310674287764,0.9048055324001227,-0.8841543251310949,0.853056793629862,-0.21364582894540246,-0.7996548742607882,-0.7394662468772634,0.0479662785837905,-1.0161329645585022,1
-0.46546902347764374,-1.1099901739376037,-0.502969299721533,-0.22737173540210134,0.2715603651240624,0.9048055324001227,-0.8841543251310949,-0.8828162337175963,0.2965950005337584,-0.9143260204049839,-0.997471732522988,0.14717644031202531,-1.0161329645585022,0
-0.2960199349169384,0.9009088760241706,1.5251962127575889,-0.2018038772962729,0.10257878806523006,0.9048055324001227,-0.8841543251310949,0.853056793629862,-1.173704231781191,-0.9143260204049839,-0.4814607612315388,-0.6266628211682062,-1.0161329645585022,0
-0.9738162891597597,-1.1099901739376037,0.8491410419312149,-0.4908517506199161,-0.911310674287764,0.21058638994196582,-0.963333572998217,-0.8828162337175963,0.001192415045823164,-0.7996548742607882,-0.997471732522988,-2.3926036999307856,0.9841231756854657,0
-0.8043672005990544,0.9009088760241706,1.5251962127575889,-0.20579934863708488,-0.911310674287764,0.9048055324001227,-0.8841543251310949,0.2744324511807092,-0.005521280078902488,-0.9143260204049839,-0.997471732522988,1.4765926074703717,-1.0161329645585022,0
-0.2960199349169384,-1.1099901739376037,0.8491410419312149,-0.200382563380569,-0.404365943111267,0.9048055324001227,-0.8841543251310949,-0.8828162337175963,-1.371758237960602,-0.9143260204049839,-0.4814607612315388,0.6829113136444932,-1.0161329645585022,0
-1.143265377720465,-1.1099901739376037,0.8491410419312149,-0.1952974180377174,-0.911310674287764,0.9048055324001227,-0.8841543251310949,-1.461440576166749,0.7866947446387411,-0.9143260204049839,-0.997471732522988,1.0995939929030794,0.9841231756854657,0
-0.8043672005990544,-1.1099901739376037,-1.179024470547907,-0.2022460638478252,-0.911310674287764,0.9048055324001227,-0.8841543251310949,0.853056793629862,0.2865244578466693,-0.9143260204049839,-0.4814607612315388,0.46464895784237664,0.9841231756854657,0
-0.8043672005990544,-1.1099901739376037,-0.502969299721533,-0.20553087823078525,-0.7423290972289317,0.9048055324001227,-0.8841543251310949,0.2744324511807092,0.5114332445249834,-0.9143260204049839,-0.997471732522988,-1.5393963090679663,-1.0161329645585022,0
-0.634918112038349,0.9009088760241706,0.8491410419312149,-0.19913496561011784,-0.404365943111267,0.9048055324001227,-0.8841543251310949,-0.8828162337175963,0.0851136041048956,-0.9143260204049839,-0.4814607612315388,0.8813316371009629,0.9841231756854657,0
-0.8043672005990544,0.9009088760241706,-0.502969299721533,-0.1888699206633677,-0.7423290972289317,0.9048055324001227,-0.8841543251310949,1.4316811360790147,1.417782086362966,-0.9143260204049839,-0.4814607612315388,1.4369085427790778,-1.0161329645585022,0
-0.8043672005990544,0.9009088760241706,-1.179024470547907,-0.48625616895914026,-0.911310674287764,-1.177851894974348,0.06599664927436881,-0.8828162337175963,-1.173704231781191,0.6910700256137552,-0.7394662468772634,-1.8767108589439645,0.9841231756854657,0
-1.143265377720465,0.9009088760241706,-0.502969299721533,-0.1684661697845966,-0.911310674287764,0.9048055324001227,-0.8841543251310949,-0.8828162337175963,-1.1804179269059165,-0.9143260204049839,-0.4814607612315388,1.278172284013902,-1.0161329645585022,0
-1.143265377720465,-1.1099901739376037,-0.502969299721533,-0.4855928891318118,-0.7423290972289317,-1.177851894974348,-0.2507203421941191,0.853056793629862,-0.25392799969375696,0.23238544103697253,-0.4814607612315388,1.2186461869769611,0.9841231756854657,0
-0.9738162891597597,0.9009088760241706,-0.502969299721533,-0.16249665133864036,-0.911310674287764,0.9048055324001227,-0.8841543251310949,1.4316811360790147,0.001192415045823164,-0.9143260204049839,-0.997471732522988,-1.7775006972157297,0.9841231756854657,0
-0.8043672005990544,-1.1099901739376037,0.8491410419312149,-0.15916445982515684,-0.911310674287764,0.9048055324001227,-0.8841543251310949,1.4316811360790147,-0.7138161157374736,-0.9143260204049839,-0.997471732522988,-1.4005020826484376,-1.0161329645585022,0
-0.8043672005990544,0.9009088760241706,-0.502969299721533,-0.48783540664325564,-0.911310674287764,-1.177851894974348,-0.9474977234247925,-0.8828162337175963,-1.173704231781191,-0.7996548742607882,-0.4814607612315388,-0.7457150152420878,0.9841231756854657,0
-1.143265377720465,0.9009088760241706,-0.502969299721533,-0.48461376176766024,-0.911310674287764,-1.177851894974348,0.5410721364771007,-0.8828162337175963,0.830333762949459,1.379096902478929,-0.997471732522988,0.18686050500331922,0.9841231756854657,0
-0.8043672005990544,0.9009088760241706,0.8491410419312149,-0.154158276366511,-0.5733475201700994,0.9048055324001227,-0.8841543251310949,-1.461440576166749,-1.0931398902844813,-0.9143260204049839,-0.997471732522988,0.4249648931510827,0.9841231756854657,0
-0.2960199349169384,-1.1099901739376037,1.5251962127575889,-0.4836820115340321,-0.911310674287764,0.21058638994196582,-0.4090788379283631,1.4316811360790147,0.860545391010725,0.003043148748581378,-0.7394662468772634,0.8813316371009629,-1.0161329645585022,0
-0.8043672005990544,-1.1099901739376037,-0.502969299721533,-0.15104717812880367,-0.5733475201700994,0.9048055324001227,-0.8841543251310949,1.4316811360790147,-0.08944246913797492,-0.9143260204049839,-0.997471732522988,0.5241750548793175,0.9841231756854657,0
-0.9738162891597597,-1.1099901739376037,-0.502969299721533,-0.15115772476669173,-0.911310674287764,0.9048055324001227,-0.8841543251310949,-0.8828162337175963,-0.33784918875282943,-0.9143260204049839,-0.4814607612315388,-0.011559818453150373,-1.0161329645585022,0
-0.8043672005990544,0.9009088760241706,0.8491410419312149,-0.1419191843146166,-0.23538436605243465,0.9048055324001227,-0.8841543251310949,0.2744324511807092,-0.21364582894540246,-0.9143260204049839,-0.997471732522988,0.4844909901880236,0.9841231756854657,0
-0.9738162891597597,0.9009088760241706,0.8491410419312149,-0.48350829538877943,-0.911310674287764,-1.177851894974348,-0.5674373336626071,-1.461440576166749,-1.0092187012254088,-0.2262991435398101,-0.7394662468772634,0.4448069254967297,0.9841231756854657,0
-0.2960199349169384,0.9009088760241706,-0.502969299721533,-0.24401690059267775,-0.404365943111267,0.9048055324001227,-0.8841543251310949,0.853056793629862,-0.34120603631519225,-0.9143260204049839,-0.7394662468772634,-0.7060309505507939,-1.0161329645585022,1
-0.46546902347764374,0.9009088760241706,-1.179024470547907,-0.49118339053358034,-0.5733475201700994,-1.177851894974348,-1.01084112171849,1.4316811360790147,0.001192415045823164,-0.7996548742607882,-0.4814607612315388,-1.182239726846321,0.9841231756854657,0
-0.9738162891597597,-1.1099901739376037,0.8491410419312149,-0.10856568442609917,-0.911310674287764,0.9048055324001227,-0.8841543251310949,-0.8828162337175963,-1.173704231781191,-1.0289971665491795,-0.7394662468772634,0.3455967637684949,0.9841231756854657,0
-0.8043672005990544,0.9009088760241706,0.8491410419312149,-0.10474392923053988,-0.911310674287764,0.9048055324001227,-0.8841543251310949,-0.8828162337175963,1.451350561986595,-1.0289971665491795,-0.997471732522988,-1.4005020826484376,0.9841231756854657,0
-0.8043672005990544,-1.1099901739376037,1.5251962127575889,-0.10809191312086454,-0.911310674287764,0.9048055324001227,-0.8841543251310949,-0.8828162337175963,0.27645391515958084,-1.0289971665491795,-0.7394662468772634,0.8813316371009629,-1.0161329645585022,0
-0.2960199349169384,-1.1099901739376037,1.5251962127575889,-0.22620309951585593,-0.7423290972289317,0.9048055324001227,-0.8841543251310949,0.2744324511807092,0.8269769153870962,-0.9143260204049839,-0.997471732522988,0.7622794430270811,-1.0161329645585022,1
-0.9738162891597597,0.9009088760241706,-1.179024470547907,-0.1040490646495291,-0.911310674287764,0.9048055324001227,-0.8841543251310949,0.853056793629862,0.4040141225293712,-1.0289971665491795,-0.7394662468772634,-0.13061201252703214,0.9841231756854657,0
-0.634918112038349,-1.1099901739376037,-1.179024470547907,-0.4904095640683638,-0.5733475201700994,-1.177851894974348,-0.3298995900612411,-1.461440576166749,0.40737097009173406,0.1177142948927768,-0.4814607612315388,0.9011736694466097,0.9841231756854657,0
-0.2960199349169384,-1.1099901739376037,-1.179024470547907,-0.07053764099260013,-0.23538436605243465,0.9048055324001227,-0.8841543251310949,-0.8828162337175963,0.6893461653302174,-1.0289971665491795,-0.997471732522988,-1.0631875327724392,0.9841231756854657,0
-0.2960199349169384,-1.1099901739376037,-1.179024470547907,-0.48748797435275026,-0.911310674287764,-1.177851894974348,-0.4882580857954851,1.4316811360790147,-0.901799579229796,-0.11162799739561437,-0.7394662468772634,0.4249648931510827,-1.0161329645585022,0
-0.8043672005990544,-1.1099901739376037,-0.502969299721533,-0.0716115226177986,-0.7423290972289317,0.9048055324001227,-0.8841543251310949,0.853056793629862,-0.1397951825734185,-1.0289971665491795,-0.7394662468772634,-0.6465048535138531,-1.0161329645585022,0
-0.634918112038349,0.9009088760241706,-1.179024470547907,-0.17756257884510135,-0.5733475201700994,0.9048055324001227,-0.8841543251310949,-0.8828162337175963,1.256653403369547,-0.9143260204049839,-0.997471732522988,0.6432272489531993,-1.0161329645585022,1
-0.46546902347764374,-1.1099901739376037,-0.502969299721533,-0.06096746062686075,0.10257878806523006,0.9048055324001227,-0.8841543251310949,-0.8828162337175963,-0.707102420612748,-1.0289971665491795,-0.7394662468772634,0.8416475724096689,0.9841231756854657,0
-0.46546902347764374,0.9009088760241706,-0.502969299721533,-0.05790373951967686,-0.5733475201700994,0.9048055324001227,-0.8841543251310949,-1.461440576166749,-0.21364582894540246,-1.0289971665491795,-0.7394662468772634,1.298014316359549,0.9841231756854657,0
-1.143265377720465,-1.1099901739376037,0.8491410419312149,-0.05482422603565182,-0.911310674287764,0.9048055324001227,-0.8841543251310949,-0.8828162337175963,0.16232109803924238,-1.0289971665491795,-0.7394662468772634,0.4844909901880236,0.9841231756854657,0
-0.9738162891597597,-1.1099901739376037,0.8491410419312149,-0.05858281172384649,-0.911310674287764,0.9048055324001227,-0.8841543251310949,-0.8828162337175963,0.001192415045823164,-1.0289971665491795,-0.4814607612315388,0.12733440796637835,0.9841231756854657,0
-0.8043672005990544,0.9009088760241706,-1.179024470547907,-0.041558629489082385,-0.911310674287764,0.9048055324001227,-0.8841543251310949,-0.8828162337175963,0.001192415045823164,-1.0289971665491795,-0.4814607612315388,-0.9242933063529105,0.9841231756854657,0
-0.9738162891597597,0.9009088760241706,-0.502969299721533,-0.4875827286137972,-0.7423290972289317,-1.177851894974348,0.7627740305050422,0.853056793629862,0.5651428055227898,1.7231103409115156,-0.7394662468772634,-0.4282424977117365,0.9841231756854657,0
-0.9738162891597597,-1.1099901739376037,0.8491410419312149,-0.48601928330652294,-0.7423290972289317,-1.177851894974348,0.04620183730758831,0.2744324511807092,-1.0427871768490378,0.6910700256137552,-0.4814607612315388,0.0479662785837905,-1.0161329645585022,0
-0.634918112038349,-1.1099901739376037,0.8491410419312149,-0.01657508932637662,-0.5733475201700994,0.9048055324001227,-0.8841543251310949,-1.461440576166749,-1.173704231781191,-1.0289971665491795,-0.7394662468772634,-0.26950623894656084,0.9841231756854657,0
-0.46546902347764374,0.9009088760241706,-1.179024470547907,-0.009089502703669585,-0.5733475201700994,0.9048055324001227,-0.8841543251310949,0.853056793629862,-1.4724636648314886,-1.0289971665491795,-0.997471732522988,-0.5076106270943244,0.9841231756854657,0
-0.2960199349169384,0.9009088760241706,0.8491410419312149,-0.4875511438601149,-0.7423290972289317,-1.177851894974348,0.38271364074285674,-0.3041918912684436,0.8336906105118219,1.1497546101905376,-0.997471732522988,0.12733440796637835,0.9841231756854657,0
-0.634918112038349,-1.1099901739376037,-1.179024470547907,-0.011363604968795774,-0.7423290972289317,0.9048055324001227,-0.8841543251310949,0.2744324511807092,-1.8752853723150364,-1.0289971665491795,-0.997471732522988,-0.5076106270943244,0.9841231756854657,0
-0.8043672005990544,-1.1099901739376037,0.8491410419312149,-0.01684355973267624,-0.7423290972289317,0.9048055324001227,-0.8841543251310949,0.853056793629862,-1.1804179269059165,-1.0289971665491795,-0.4814607612315388,0.32575473142284794,-1.0161329645585022,0
-0.46546902347764374,0.9009088760241706,-1.179024470547907,-0.006452175771196854,-0.911310674287764,0.9048055324001227,-0.8841543251310949,1.4316811360790147,0.4107278176540969,-1.0289971665491795,-0.4814607612315388,-0.011559818453150373,0.9841231756854657,0
-0.8043672005990544,0.9009088760241706,-1.179024470547907,-0.49052011070625184,-0.5733475201700994,-1.177851894974348,1.3328646151483206,-0.8828162337175963,-0.3680608168140954,2.640479510065081,-0.997471732522988,1.0400678958661385,-1.0161329645585022,0
-0.8043672005990544,-1.1099901739376037,-0.502969299721533,-0.09155729456817621,-0.404365943111267,0.9048055324001227,-0.8841543251310949,-1.461440576166749,1.676259348664909,-1.0289971665491795,-0.4814607612315388,-0.24966420660091387,-1.0161329645585022,1
-0.634918112038349,0.9009088760241706,-0.502969299721533,0.026253836666833254,-0.7423290972289317,0.9048055324001227,-0.8841543251310949,-0.3041918912684436,0.001192415045823164,-1.0289971665491795,-0.997471732522988,1.0400678958661385,0.9841231756854657,0
-0.8043672005990544,-1.1099901739376037,1.5251962127575889,0.031149473487591024,-0.911310674287764,0.9048055324001227,-0.8841543251310949,-0.8828162337175963,-1.4254677989584081,-1.0289971665491795,-0.7394662468772634,0.06780831092943747,0.9841231756854657,0
-0.9738162891597597,0.9009088760241706,-0.502969299721533,-0.4840926133319021,-0.911310674287764,-1.177851894974348,0.38271364074285674,-1.461440576166749,0.8336906105118219,1.1497546101905376,-0.997471732522988,0.782121475372728,-1.0161329645585022,0
-0.46546902347764374,-1.1099901739376037,-0.502969299721533,0.04215676014587542,-0.5733475201700994,0.9048055324001227,-0.8841543251310949,1.4316811360790147,-1.4254677989584081,-1.0289971665491795,-0.997471732522988,1.5361187045073124,-1.0161329645585022,0
-0.9738162891597597,0.9009088760241706,-1.179024470547907,-0.052660670408413705,-0.911310674287764,0.9048055324001227,-0.8841543251310949,-0.3041918912684436,0.03811773823181484,-1.0289971665491795,-0.997471732522988,-0.20998014190961997,-1.0161329645585022,1
-0.8043672005990544,-1.1099901739376037,-0.502969299721533,0.06886166938426698,-0.911310674287764,0.9048055324001227,-0.8841543251310949,-1.461440576166749,-1.0964967378468442,-1.0289971665491795,-0.7394662468772634,-0.686188918205147,-1.0161329645585022,0
-0.8043672005990544,0.9009088760241706,1.5251962127575889,-0.02838778720355988,-0.7423290972289317,0.9048055324001227,-0.8841543251310949,-0.3041918912684436,0.001192415045823164,-1.0289971665491795,-0.997471732522988,0.0479662785837905,-1.0161329645585022,1
-1.143265377720465,-1.1099901739376037,-0.502969299721533,0.08061119775408562,-0.911310674287764,0.9048055324001227,-0.8841543251310949,-0.8828162337175963,-1.0427871768490378,-1.0289971665491795,-0.997471732522988,0.821805540064022,-1.0161329645585022,0
-0.2960199349169384,-1.1099901739376037,-1.179024470547907,0.0818903802782191,-0.5733475201700994,0.9048055324001227,-0.8841543251310949,-1.461440576166749,-1.6839450612603513,-1.0289971665491795,-0.4814607612315388,-0.051243883144444294,0.9841231756854657,0
-0.634918112038349,0.9009088760241706,0.8491410419312149,0.08234835920661257,0.10257878806523006,0.9048055324001227,-0.8841543251310949,1.4316811360790147,0.8336906105118219,-1.0289971665491795,-0.4814607612315388,-0.32903233598350173,0.9841231756854657,0
-0.8043672005990544,-1.1099901739376037,1.5251962127575889,-0.48721950394645064,-0.7423290972289317,-1.177851894974348,-0.5674373336626071,-1.461440576166749,-0.11965409719924096,-0.2262991435398101,-0.4814607612315388,0.008282213892496587,0.9841231756854657,0
-0.2960199349169384,0.9009088760241706,0.8491410419312149,0.08255366010554757,-0.5733475201700994,0.9048055324001227,-0.8841543251310949,1.4316811360790147,0.6893461653302174,-1.0289971665491795,-0.4814607612315388,-1.8965528912896115,0.9841231756854657,0
-0.2960199349169384,0.9009088760241706,0.8491410419312149,0.07996371030359829,-0.23538436605243465,0.9048055324001227,-0.8841543251310949,0.853056793629862,0.954537122756886,-1.0289971665491795,-0.4814607612315388,0.14717644031202531,0.9841231756854657,0
-0.8043672005990544,-1.1099901739376037,1.5251962127575889,-0.6092945769285717,-0.911310674287764,-1.177851894974348,0.38271364074285674,1.4316811360790147,1.0955247203761276,1.7231103409115156,-0.4814607612315388,0.9011736694466097,-1.0161329645585022,1
-0.46546902347764374,0.9009088760241706,0.8491410419312149,-0.49306268337767767,-0.911310674287764,-1.177851894974348,-0.3932429883549387,-1.461440576166749,0.001192415045823164,0.1177142948927768,-0.997471732522988,-0.22982217425526694,-1.0161329645585022,0
-0.634918112038349,0.9009088760241706,0.8491410419312149,0.12456138250301743,-0.7423290972289317,0.9048055324001227,-0.8841543251310949,-1.461440576166749,-1.0495008719737637,-1.0289971665491795,-0.7394662468772634,-2.2933935382025505,-1.0161329645585022,0
-0.46546902347764374,-1.1099901739376037,-0.502969299721533,0.17549179781573937,-0.7423290972289317,0.9048055324001227,-0.8841543251310949,0.853056793629862,0.16232109803924238,-1.143668312693375,-0.997471732522988,0.0479662785837905,0.9841231756854657,0
-0.9738162891597597,0.9009088760241706,-0.502969299721533,-0.486951033540151,-0.911310674287764,-1.177851894974348,-0.7257958293968509,0.2744324511807092,-1.6705176710108995,-0.45564143582820127,-0.997471732522988,-0.44808453005738347,0.9841231756854657,0
-0.9738162891597597,-1.1099901739376037,1.5251962127575889,-0.6025196472637167,-0.911310674287764,-1.177851894974348,-0.804975077263973,0.2744324511807092,0.23617174441122635,-0.34097028968400567,-0.997471732522988,0.06780831092943747,-1.0161329645585022,1
-0.46546902347764374,0.9009088760241706,-0.502969299721533,-0.4869668259169922,-0.23538436605243465,-1.177851894974348,-1.1850354670261585,-0.8828162337175963,-1.6705176710108995,-1.143668312693375,-0.997471732522988,-1.0433455004267922,0.9841231756854657,0
-0.8043672005990544,0.9009088760241706,0.8491410419312149,-0.48756693623695607,-0.404365943111267,-1.177851894974348,-0.7257958293968509,1.4316811360790147,-1.4724636648314886,-0.45564143582820127,-0.4814607612315388,-0.7258729828964409,0.9841231756854657,0
-0.634918112038349,0.9009088760241706,0.8491410419312149,-0.4873142582074976,-0.911310674287764,-1.177851894974348,-0.3298995900612411,0.2744324511807092,0.4745079213389917,0.1177142948927768,-0.4814607612315388,-1.102871597463733,0.9841231756854657,0
-0.8043672005990544,-1.1099901739376037,-0.502969299721533,-0.48608245281388757,-0.7423290972289317,-1.177851894974348,-0.5674373336626071,0.853056793629862,0.001192415045823164,-0.2262991435398101,-0.997471732522988,1.0599099282117854,0.9841231756854657,0
-0.9738162891597597,0.9009088760241706,0.8491410419312149,0.21738897357532114,-0.911310674287764,0.9048055324001227,-0.8841543251310949,0.853056793629862,0.23617174441122635,-1.143668312693375,-0.7394662468772634,-0.7258729828964409,0.9841231756854657,0
-0.9738162891597597,-1.1099901739376037,-0.502969299721533,0.25347455465735824,-0.911310674287764,0.9048055324001227,-0.8841543251310949,0.2744324511807092,0.001192415045823164,-1.143668312693375,-0.997471732522988,0.8614896047553159,0.9841231756854657,0
-0.634918112038349,0.9009088760241706,0.8491410419312149,-0.49224147978193766,-0.911310674287764,-1.177851894974348,-0.6624524311031534,-0.8828162337175963,0.4745079213389917,-0.34097028968400567,-0.7394662468772634,-0.40840046536608954,-1.0161329645585022,0
-0.46546902347764374,0.9009088760241706,-0.502969299721533,0.268619444048025,-0.7423290972289317,0.9048055324001227,-0.8841543251310949,-1.461440576166749,-0.1397951825734185,-1.143668312693375,-0.7394662468772634,0.8416475724096689,-1.0161329645585022,0
-0.9738162891597597,0.9009088760241706,-1.179024470547907,-0.4910728438956923,-0.911310674287764,-1.177851894974348,0.06599664927436881,-0.8828162337175963,-1.6705176710108995,0.6910700256137552,-0.7394662468772634,1.6154868338899002,-1.0161329645585022,0
-0.8043672005990544,-1.1099901739376037,1.5251962127575889,0.26591894760818763,-0.23538436605243465,0.9048055324001227,-0.8841543251310949,-0.8828162337175963,1.159304824061023,-1.143668312693375,-0.4814607612315388,0.06780831092943747,0.9841231756854657,0
-0.9738162891597597,0.9009088760241706,1.5251962127575889,0.2709883005741981,-0.7423290972289317,0.9048055324001227,-0.8841543251310949,-0.8828162337175963,0.03811773823181484,-1.143668312693375,-0.4814607612315388,1.1789621222856672,-1.0161329645585022,0
-0.9738162891597597,-1.1099901739376037,-1.179024470547907,-0.4876143133674795,-0.5733475201700994,-1.177851894974348,-0.45658638664863627,0.2744324511807092,-0.11965409719924096,0.003043148748581378,-0.4814607612315388,-0.44808453005738347,-1.0161329645585022,0
-0.634918112038349,-1.1099901739376037,1.5251962127575889,0.3102007722707837,-0.23538436605243465,0.9048055324001227,-0.8841543251310949,-1.461440576166749,0.5114332445249834,-1.143668312693375,-0.4814607612315388,-0.03140185079879733,-1.0161329645585022,0
-0.2960199349169384,-1.1099901739376037,-0.502969299721533,0.30969541621186675,-0.404365943111267,0.9048055324001227,-0.8841543251310949,-0.8828162337175963,0.830333762949459,-1.143668312693375,-0.997471732522988,1.4964346398160184,-1.0161329645585022,0
-0.2960199349169384,0.9009088760241706,-1.179024470547907,-0.6037040755268032,0.10257878806523006,-1.177851894974348,-0.646616581529729,-0.8828162337175963,-0.11965409719924096,-0.11162799739561437,-0.7394662468772634,-1.9560789883265524,-1.0161329645585022,1
-0.8043672005990544,-1.1099901739376037,-0.502969299721533,0.4979405481584235,-0.911310674287764,0.9048055324001227,-0.8841543251310949,-0.8828162337175963,-1.8752853723150364,-1.143668312693375,-0.997471732522988,0.801963507718375,0.9841231756854657,0
-0.634918112038349,0.9009088760241706,-1.179024470547907,0.5109534666755344,-0.404365943111267,0.9048055324001227,-0.8841543251310949,0.2744324511807092,-1.8752853723150364,-1.143668312693375,-0.997471732522988,1.0797519605574324,-1.0161329645585022,0
-0.634918112038349,0.9009088760241706,0.8491410419312149,0.5534823375087624,-0.404365943111267,0.9048055324001227,-0.8841543251310949,-0.8828162337175963,-1.0427871768490378,-1.2583394588375707,-0.4814607612315388,-0.17029607721832604,-1.0161329645585022,0
-0.8043672005990544,0.9009088760241706,1.5251962127575889,0.5541929944666143,-0.7423290972289317,0.9048055324001227,-0.8841543251310949,-0.8828162337175963,0.16232109803924238,-1.2583394588375707,-0.7394662468772634,-0.38855843302044263,0.9841231756854657,0
-0.8043672005990544,0.9009088760241706,-0.502969299721533,-0.48385572767928486,-0.911310674287764,0.21058638994196582,0.8577891279455886,1.4316811360790147,0.4745079213389917,1.8377814870557112,-0.4814607612315388,-2.8092863791893716,0.9841231756854657,0
-0.634918112038349,-1.1099901739376037,0.8491410419312149,-0.4908833353735984,-0.911310674287764,-1.177851894974348,-0.5040939353689095,-0.8828162337175963,-0.3680608168140954,-0.11162799739561437,-0.4814607612315388,0.12733440796637835,-1.0161329645585022,0
-0.2960199349169384,-1.1099901739376037,-0.502969299721533,0.6065921008255636,-0.06640278899360229,0.9048055324001227,-0.8841543251310949,1.4316811360790147,-0.5661148229935064,-1.2583394588375707,-0.997471732522988,-0.30919030363785477,0.9841231756854657,0
-0.9738162891597597,0.9009088760241706,-0.502969299721533,-0.4896515299799884,-0.911310674287764,-1.177851894974348,-0.3298995900612411,0.2744324511807092,-1.173704231781191,0.1177142948927768,-0.7394662468772634,0.6829113136444932,0.9841231756854657,0
-0.8043672005990544,0.9009088760241706,-0.502969299721533,0.4167993159485738,-0.23538436605243465,0.9048055324001227,-0.8841543251310949,-0.3041918912684436,-1.2979075915886182,-1.143668312693375,-0.4814607612315388,0.801963507718375,-1.0161329645585022,1
-0.634918112038349,0.9009088760241706,1.5251962127575889,-0.4894778138347357,-0.911310674287764,-1.177851894974348,-0.804975077263973,-1.461440576166749,-1.4724636648314886,-0.570312581972397,-0.7394662468772634,0.32575473142284794,0.9841231756854657,0
-0.9738162891597597,0.9009088760241706,-0.502969299721533,-0.49097808963464534,-0.911310674287764,-1.177851894974348,-1.2008713165995828,-1.461440576166749,-1.0427871768490378,-1.143668312693375,-0.997471732522988,0.4844909901880236,0.9841231756854657,0
-1.143265377720465,-1.1099901739376037,-1.179024470547907,-0.48871977974636027,-0.911310674287764,0.21058638994196582,-1.121692068732461,-0.8828162337175963,1.0955247203761276,-1.0289971665491795,-0.997471732522988,-0.24966420660091387,-1.0161329645585022,0
-0.2960199349169384,0.9009088760241706,-1.179024470547907,-0.6006719391733016,0.10257878806523006,-1.177851894974348,-0.8841543251310949,0.2744324511807092,2.206641263518246,-0.45564143582820127,-0.7394662468772634,0.32575473142284794,-1.0161329645585022,1
-0.2960199349169384,-1.1099901739376037,-1.179024470547907,1.2223368738621614,-0.23538436605243465,0.9048055324001227,-0.8841543251310949,-0.8828162337175963,-0.005521280078902488,-1.2583394588375707,-0.7394662468772634,-1.142555662155027,0.9841231756854657,0
-0.634918112038349,-1.1099901739376037,0.8491410419312149,0.986777780899507,-0.7423290972289317,0.9048055324001227,-0.8841543251310949,-1.461440576166749,-0.16664996307232172,-1.2583394588375707,-0.7394662468772634,-0.6663468858595001,-1.0161329645585022,1
-0.2960199349169384,-1.1099901739376037,-0.502969299721533,1.2394716027348136,-0.7423290972289317,0.9048055324001227,-0.8841543251310949,-0.3041918912684436,0.6154955189582334,-1.2583394588375707,-0.7394662468772634,-0.09092794783573821,-1.0161329645585022,0
-1.143265377720465,0.9009088760241706,-0.502969299721533,-0.4848664397971187,-0.911310674287764,-1.177851894974348,-0.7257958293968509,0.853056793629862,-1.4724636648314886,-0.45564143582820127,-0.997471732522988,-1.8965528912896115,-1.0161329645585022,0
-0.2960199349169384,-1.1099901739376037,1.5251962127575889,1.7490442262683323,-0.23538436605243465,0.9048055324001227,-0.8841543251310949,-0.3041918912684436,1.286865031430813,-1.3730106049817663,-0.7394662468772634,0.7424374106814341,-1.0161329645585022,1
-0.634918112038349,-1.1099901739376037,-1.179024470547907,-0.9597747961643044,-0.23538436605243465,0.9048055324001227,-0.8524826259842462,-1.461440576166749,0.7061304031420315,0.9204123179021463,-0.997471732522988,-1.7973427295613766,-1.0161329645585022,1
-0.634918112038349,-1.1099901739376037,0.8491410419312149,-0.9427664063063814,-0.23538436605243465,0.9048055324001227,-0.8524826259842462,-1.461440576166749,0.001192415045823164,0.8057411717579506,-0.4814607612315388,-1.5592383414136133,-1.0161329645585022,1
-1.143265377720465,-1.1099901739376037,1.5251962127575889,-0.8876194263770714,-0.911310674287764,0.9048055324001227,-0.8524826259842462,-0.3041918912684436,0.001192415045823164,0.4617277333253637,-0.997471732522988,0.7225953783357871,-1.0161329645585022,1
-0.8043672005990544,-1.1099901739376037,-0.502969299721533,-0.8543922655032832,-0.911310674287764,0.9048055324001227,-0.8524826259842462,-0.8828162337175963,0.001192415045823164,0.23238544103697253,-0.7394662468772634,0.22654456969461315,0.9841231756854657,0
-0.634918112038349,0.9009088760241706,-0.502969299721533,-0.49138869143251535,-0.7423290972289317,-1.177851894974348,0.06599664927436881,1.4316811360790147,-0.3680608168140954,0.6910700256137552,-0.7394662468772634,-0.26950623894656084,0.9841231756854657,0
-0.8043672005990544,-1.1099901739376037,-0.502969299721533,-0.8439692967881214,-0.911310674287764,0.9048055324001227,-0.8524826259842462,0.853056793629862,1.417782086362966,0.23238544103697253,-0.4814607612315388,-1.3012919209202027,0.9841231756854657,0
-0.9738162891597597,0.9009088760241706,1.5251962127575889,-0.8208492570926719,-0.7423290972289317,0.9048055324001227,-0.8524826259842462,0.853056793629862,1.407711543675877,0.1177142948927768,-0.4814607612315388,0.5043330225336705,-1.0161329645585022,1
-0.8043672005990544,-1.1099901739376037,1.5251962127575889,-0.4887987416305661,-0.7423290972289317,-1.177851894974348,-0.8841543251310949,0.2744324511807092,-1.173704231781191,-0.6849837281165926,-0.997471732522988,1.298014316359549,-1.0161329645585022,0
-0.8043672005990544,0.9009088760241706,-1.179024470547907,-0.8022458371737924,-0.23538436605243465,0.9048055324001227,-0.8524826259842462,0.2744324511807092,0.001192415045823164,0.003043148748581378,-0.7394662468772634,1.5956448015442533,0.9841231756854657,0
-0.46546902347764374,-1.1099901739376037,-1.179024470547907,-0.775556720312242,-0.23538436605243465,0.9048055324001227,-0.8524826259842462,0.853056793629862,1.092167872813765,0.003043148748581378,-0.997471732522988,-0.8052411122790287,-1.0161329645585022,0
-0.634918112038349,0.9009088760241706,0.8491410419312149,-0.7562742281891928,-0.5733475201700994,0.9048055324001227,-0.8524826259842462,0.853056793629862,1.676259348664909,-0.11162799739561437,-0.997471732522988,0.6432272489531993,-1.0161329645585022,1
-0.9738162891597597,-1.1099901739376037,0.8491410419312149,-0.7151666712716687,-0.911310674287764,0.9048055324001227,-0.8524826259842462,0.2744324511807092,-0.3680608168140954,-0.2262991435398101,-0.4814607612315388,-0.8647672093159696,-1.0161329645585022,1
-0.46546902347764374,0.9009088760241706,-0.502969299721533,-0.4917203313461796,-0.23538436605243465,-1.177851894974348,-0.2507203421941191,-0.3041918912684436,0.001192415045823164,0.23238544103697253,-0.4814607612315388,1.0797519605574324,-1.0161329645585022,0
-0.2960199349169384,0.9009088760241706,1.5251962127575889,-0.7013167567819766,-0.7423290972289317,0.9048055324001227,-0.8524826259842462,-1.461440576166749,0.001192415045823164,-0.2262991435398101,-0.7394662468772634,-1.0433455004267922,0.9841231756854657,0
-0.2960199349169384,-1.1099901739376037,-0.502969299721533,-0.6764279708803177,-0.404365943111267,0.9048055324001227,-0.8524826259842462,0.853056793629862,-0.3680608168140954,-0.34097028968400567,-0.4814607612315388,1.1591200899400202,0.9841231756854657,0
-0.2960199349169384,-1.1099901739376037,-1.179024470547907,-0.6771228354613286,-0.06640278899360229,0.9048055324001227,-0.8524826259842462,-0.8828162337175963,1.8407448792206904,-0.34097028968400567,-0.7394662468772634,-0.22982217425526694,-1.0161329645585022,1
-0.46546902347764374,-1.1099901739376037,0.8491410419312149,-0.6834397861977901,-0.911310674287764,0.9048055324001227,-0.8524826259842462,0.2744324511807092,1.6729025011025462,-0.34097028968400567,-0.7394662468772634,0.10749237562073138,0.9841231756854657,0
-0.46546902347764374,0.9009088760241706,-1.179024470547907,-1.0173853868808345,-0.23538436605243465,0.9048055324001227,-0.8287288516241096,-1.461440576166749,0.6624913848313142,1.6084391947673204,-0.4814607612315388,-0.8449251769703227,-1.0161329645585022,1
-0.8043672005990544,0.9009088760241706,-0.502969299721533,-0.48497698643500675,-0.911310674287764,0.21058638994196582,-1.2008713165995828,1.4316811360790147,0.001192415045823164,-1.143668312693375,-0.4814607612315388,1.2186461869769611,-1.0161329645585022,0
-0.9738162891597597,-1.1099901739376037,-1.179024470547907,-0.830498399342617,-0.404365943111267,0.9048055324001227,-0.8287288516241096,0.2744324511807092,0.1791053358510565,0.23238544103697253,-0.7394662468772634,0.3654387961141419,0.9841231756854657,0
-0.8043672005990544,-1.1099901739376037,1.5251962127575889,-0.4921625178977319,-0.5733475201700994,0.21058638994196582,-0.3298995900612411,1.4316811360790147,-1.8752853723150364,0.1177142948927768,-0.997471732522988,1.0995939929030794,-1.0161329645585022,0
-0.9738162891597597,-1.1099901739376037,1.5251962127575889,-0.6766490641560939,-0.911310674287764,0.9048055324001227,-0.8287288516241096,-0.8828162337175963,-1.6705176710108995,-0.2262991435398101,-0.4814607612315388,-0.8647672093159696,0.9841231756854657,0
-0.8043672005990544,-1.1099901739376037,-0.502969299721533,-0.48914617392107146,-0.404365943111267,0.21058638994196582,-0.7257958293968509,0.2744324511807092,-0.8447331706696268,-0.45564143582820127,-0.4814607612315388,0.8614896047553159,-1.0161329645585022,0
-0.8043672005990544,-1.1099901739376037,-0.502969299721533,-0.482229112864646,-0.23538436605243465,-1.177851894974348,-0.8841543251310949,1.4316811360790147,-0.34120603631519225,-0.6849837281165926,-0.4814607612315388,-0.20998014190961997,-1.0161329645585022,0
-0.2960199349169384,0.9009088760241706,-1.179024470547907,-0.49361541656711805,-0.404365943111267,-1.177851894974348,-1.1691996174527342,0.2744324511807092,-0.8447331706696268,-1.0289971665491795,-0.7394662468772634,0.40512286080543575,0.9841231756854657,0
-0.46546902347764374,-1.1099901739376037,1.5251962127575889,-0.4865088469885987,-0.7423290972289317,-1.177851894974348,-0.9474977234247925,0.2744324511807092,-1.1804179269059165,-0.7996548742607882,-0.7394662468772634,0.4448069254967297,-1.0161329645585022,0
-0.634918112038349,-1.1099901739376037,-0.502969299721533,-0.973056185087715,-0.911310674287764,0.9048055324001227,-0.8247698892307535,-1.461440576166749,0.001192415045823164,1.1497546101905376,-0.997471732522988,0.5837011519162584,-1.0161329645585022,1
-0.8043672005990544,-1.1099901739376037,-0.502969299721533,-0.49056748783677534,-0.911310674287764,-1.177851894974348,-0.8841543251310949,0.853056793629862,-0.005521280078902488,-0.6849837281165926,-0.4814607612315388,0.10749237562073138,0.9841231756854657,0
-0.2960199349169384,-1.1099901739376037,1.5251962127575889,-0.49053590308309303,-0.5733475201700994,-1.177851894974348,-0.5674373336626071,-0.3041918912684436,0.3301634761573873,-0.2262991435398101,-0.997471732522988,-0.8250831446246757,0.9841231756854657,0
-0.2960199349169384,0.9009088760241706,-0.502969299721533,-0.9600748513242863,0.4405419421828948,0.9048055324001227,-0.8247698892307535,-1.461440576166749,0.5651428055227898,1.035083464046342,-0.4814607612315388,0.2463866020402601,-1.0161329645585022,1
-0.634918112038349,0.9009088760241706,1.5251962127575889,-0.925805393578982,-0.911310674287764,0.9048055324001227,-0.8247698892307535,-1.461440576166749,-0.34120603631519225,0.8057411717579506,-0.997471732522988,-1.0830295651180861,-1.0161329645585022,1
-0.634918112038349,0.9009088760241706,1.5251962127575889,-0.8275926020038447,0.10257878806523006,0.9048055324001227,-0.8247698892307535,-0.3041918912684436,1.8105332511594245,0.23238544103697253,-0.7394662468772634,-0.5076106270943244,-1.0161329645585022,1
-0.2960199349169384,-1.1099901739376037,-0.502969299721533,-0.7822842728465735,-0.06640278899360229,0.9048055324001227,-0.8247698892307535,0.2744324511807092,-1.7510820125076092,0.003043148748581378,-0.4814607612315388,-1.8767108589439645,-1.0161329645585022,0
-0.8043672005990544,-1.1099901739376037,-0.502969299721533,-0.29998508411772784,-0.404365943111267,0.9048055324001227,-0.8247698892307535,-1.461440576166749,-0.8447331706696268,-0.7996548742607882,-0.997471732522988,-0.38855843302044263,-1.0161329645585022,0
-0.9738162891597597,0.9009088760241706,0.8491410419312149,-0.9756461348896642,-0.911310674287764,0.9048055324001227,-0.8208109268373974,-0.3041918912684436,2.988786745548802,1.1497546101905376,-0.4814607612315388,-1.0235034680811452,-1.0161329645585022,1
-0.9738162891597597,0.9009088760241706,1.5251962127575889,-0.8864192057371436,-0.911310674287764,0.9048055324001227,-0.8208109268373974,0.853056793629862,0.16232109803924238,0.5763988794695595,-0.997471732522988,0.286070666731554,-1.0161329645585022,1
-1.143265377720465,0.9009088760241706,0.8491410419312149,-0.863599221201676,-0.911310674287764,0.9048055324001227,-0.8208109268373974,0.853056793629862,-1.3751150855229646,0.3470565871811683,-0.4814607612315388,0.40512286080543575,0.9841231756854657,0
-0.634918112038349,-1.1099901739376037,-1.179024470547907,-0.7656233152791561,-0.7423290972289317,0.9048055324001227,-0.8208109268373974,-1.461440576166749,-1.4254677989584081,0.003043148748581378,-0.7394662468772634,0.12733440796637835,0.9841231756854657,0
-1.143265377720465,-1.1099901739376037,0.8491410419312149,-0.4878038218895734,-0.7423290972289317,-1.177851894974348,-1.2008713165995828,-0.8828162337175963,0.665848232393677,-1.143668312693375,-0.4814607612315388,-0.17029607721832604,0.9841231756854657,0
-0.9738162891597597,0.9009088760241706,0.8491410419312149,-0.6321619385945628,-0.23538436605243465,0.9048055324001227,-0.8208109268373974,0.853056793629862,-0.8447331706696268,-0.34097028968400567,-0.4814607612315388,-0.09092794783573821,0.9841231756854657,0
-0.8043672005990544,0.9009088760241706,-1.179024470547907,-0.48216594335728136,-0.7423290972289317,-1.177851894974348,-0.7257958293968509,0.2744324511807092,-1.8752853723150364,-0.45564143582820127,-0.7394662468772634,0.22654456969461315,0.9841231756854657,0
-0.8043672005990544,0.9009088760241706,0.8491410419312149,-0.4896041528494649,-0.5733475201700994,-1.177851894974348,-0.5674373336626071,-0.8828162337175963,1.2700807936189982,-0.2262991435398101,-0.997471732522988,0.5043330225336705,0.9841231756854657,0
-0.2960199349169384,-1.1099901739376037,1.5251962127575889,-0.4847558931592306,0.4405419421828948,-1.177851894974348,-0.3774071387815143,-0.8828162337175963,-1.1804179269059165,0.1177142948927768,-0.997471732522988,1.4369085427790778,-1.0161329645585022,0
-0.9738162891597597,-1.1099901739376037,0.8491410419312149,-0.6064835338508463,-0.911310674287764,-1.177851894974348,0.8577891279455886,1.4316811360790147,1.6729025011025462,2.525808363920885,-0.997471732522988,-2.0156050853634935,-1.0161329645585022,1
-0.8043672005990544,0.9009088760241706,-1.179024470547907,-0.5282007218492455,-0.7423290972289317,0.9048055324001227,-0.8208109268373974,1.4316811360790147,0.23617174441122635,-0.570312581972397,-0.997471732522988,-0.9242933063529105,0.9841231756854657,0
-0.8043672005990544,-1.1099901739376037,-1.179024470547907,-0.43384127022334984,-0.404365943111267,0.9048055324001227,-0.8208109268373974,0.2744324511807092,0.3301634761573873,-0.6849837281165926,-0.4814607612315388,-0.5472946917856183,-1.0161329645585022,1
-0.9738162891597597,-1.1099901739376037,-1.179024470547907,-0.488893495891613,-0.404365943111267,-1.177851894974348,-0.7257958293968509,-1.461440576166749,0.665848232393677,-0.45564143582820127,-0.997471732522988,-0.7060309505507939,0.9841231756854657,0
-0.634918112038349,0.9009088760241706,-0.502969299721533,-0.30903411604770914,-0.404365943111267,0.9048055324001227,-0.8208109268373974,-1.461440576166749,1.934736610966852,-0.7996548742607882,-0.7394662468772634,0.06780831092943747,-1.0161329645585022,1
-0.9738162891597597,-1.1099901739376037,-1.179024470547907,-0.11050814677756111,-0.911310674287764,0.9048055324001227,-0.8208109268373974,-0.8828162337175963,1.417782086362966,-0.9143260204049839,-0.7394662468772634,-1.6187644384505542,0.9841231756854657,0
-0.634918112038349,0.9009088760241706,1.5251962127575889,0.11808650799814426,-0.5733475201700994,0.9048055324001227,-0.8208109268373974,0.853056793629862,0.001192415045823164,-1.0289971665491795,-0.4814607612315388,-0.5869787564769122,0.9841231756854657,0
-0.634918112038349,0.9009088760241706,-1.179024470547907,0.26884053732380114,-0.7423290972289317,0.9048055324001227,-0.8208109268373974,-0.8828162337175963,2.6933841600608672,-1.0289971665491795,-0.997471732522988,-1.9163949236352584,0.9841231756854657,0
-0.8043672005990544,0.9009088760241706,0.8491410419312149,-0.4861456223212522,-0.911310674287764,-1.177851894974348,0.5410721364771007,1.4316811360790147,-0.34120603631519225,1.379096902478929,-0.7394662468772634,0.40512286080543575,0.9841231756854657,0
-0.2960199349169384,0.9009088760241706,-0.502969299721533,0.5631314797587075,-0.7423290972289317,0.9048055324001227,-0.8208109268373974,-1.461440576166749,0.9377528849450718,-1.143668312693375,-0.4814607612315388,-0.11076998018138517,0.9841231756854657,0
-0.634918112038349,0.9009088760241706,0.8491410419312149,-0.6037672450341678,-0.5733475201700994,0.9048055324001227,-0.8128930020506852,0.853056793629862,0.16232109803924238,-0.34097028968400567,-0.4814607612315388,0.18686050500331922,-1.0161329645585022,0
-0.634918112038349,0.9009088760241706,-1.179024470547907,-0.4475332609446304,-0.7423290972289317,0.9048055324001227,-0.8128930020506852,-1.461440576166749,-0.5661148229935064,-0.570312581972397,-0.4814607612315388,-2.134657279437375,0.9841231756854657,0
-0.9738162891597597,-1.1099901739376037,-1.179024470547907,-0.48447163037608987,-0.7423290972289317,-1.177851894974348,-0.6624524311031534,0.853056793629862,-1.2039158598424569,-0.34097028968400567,-0.997471732522988,-2.9283385732632534,0.9841231756854657,0
-0.9738162891597597,0.9009088760241706,0.8491410419312149,-0.4871879191927683,-0.911310674287764,-1.177851894974348,0.6994306322113446,-0.8828162337175963,-1.1804179269059165,1.7231103409115156,-0.7394662468772634,-0.11076998018138517,-1.0161329645585022,0
-0.9738162891597597,0.9009088760241706,0.8491410419312149,-0.9707504980689065,-0.404365943111267,0.9048055324001227,-0.804975077263973,-0.8828162337175963,-1.0495008719737637,1.1497546101905376,-0.4814607612315388,1.317856348705196,-1.0161329645585022,1
-0.46546902347764374,-1.1099901739376037,-1.179024470547907,-0.49165716183881497,-0.5733475201700994,-1.177851894974348,-0.804975077263973,0.853056793629862,-0.005521280078902488,-0.570312581972397,-0.7394662468772634,-1.5195542767223194,0.9841231756854657,0
-0.46546902347764374,0.9009088760241706,1.5251962127575889,-0.492888967232425,-0.404365943111267,-1.177851894974348,-0.963333572998217,-1.461440576166749,0.8336906105118219,-0.7996548742607882,-0.7394662468772634,0.6233852166075523,0.9841231756854657,0
-0.634918112038349,-1.1099901739376037,-1.179024470547907,-0.48543496536340025,-0.911310674287764,-1.177851894974348,-1.01084112171849,1.4316811360790147,-0.005521280078902488,-0.7996548742607882,-0.997471732522988,-1.5592383414136133,0.9841231756854657,0
-0.8043672005990544,-1.1099901739376037,0.8491410419312149,-0.9478041745187096,-0.911310674287764,0.9048055324001227,-0.804975077263973,1.4316811360790147,-1.6839450612603513,1.035083464046342,-0.4814607612315388,0.06780831092943747,-1.0161329645585022,1
-0.46546902347764374,-1.1099901739376037,-0.502969299721533,-0.9550844602424816,-0.911310674287764,0.9048055324001227,-0.804975077263973,0.853056793629862,-1.173704231781191,1.035083464046342,-0.7394662468772634,-1.7378166325244357,-1.0161329645585022,1
-0.9738162891597597,0.9009088760241706,1.5251962127575889,-0.4863035460896637,-0.911310674287764,-1.177851894974348,-0.3298995900612411,-1.461440576166749,0.16232109803924238,0.1177142948927768,-0.7394662468772634,0.801963507718375,0.9841231756854657,0
-0.634918112038349,0.9009088760241706,1.5251962127575889,-0.4857508129002233,-0.7423290972289317,0.21058638994196582,-1.0741845200121878,-0.8828162337175963,-0.8447331706696268,-0.9143260204049839,-0.4814607612315388,-0.6068207888225592,0.9841231756854657,0
-0.46546902347764374,-1.1099901739376037,0.8491410419312149,-0.9083232324158244,-0.7423290972289317,0.9048055324001227,-0.804975077263973,0.853056793629862,1.0015329886299666,0.6910700256137552,-0.997471732522988,0.32575473142284794,-1.0161329645585022,1
-0.46546902347764374,0.9009088760241706,-1.179024470547907,-0.4873142582074976,-0.404365943111267,0.21058638994196582,0.22435514500861276,0.2744324511807092,-0.8447331706696268,0.9204123179021463,-0.997471732522988,1.4964346398160184,0.9841231756854657,0
-0.8043672005990544,-1.1099901739376037,1.5251962127575889,-0.906443939571727,-0.911310674287764,0.9048055324001227,-0.804975077263973,1.4316811360790147,-1.1804179269059165,0.6910700256137552,-0.4814607612315388,1.1789621222856672,-1.0161329645585022,1
-0.634918112038349,-1.1099901739376037,1.5251962127575889,-0.4843452913613606,-0.404365943111267,-1.177851894974348,0.8577891279455886,-0.3041918912684436,-1.1804179269059165,1.8377814870557112,-0.997471732522988,-0.4877685947486774,-1.0161329645585022,0
-0.634918112038349,0.9009088760241706,0.8491410419312149,-0.484282121853996,-0.7423290972289317,-1.177851894974348,-1.042512820865339,-1.461440576166749,0.3301634761573873,-0.9143260204049839,-0.4814607612315388,1.1392780575943733,-1.0161329645585022,0
-0.8043672005990544,-1.1099901739376037,-0.502969299721533,-0.4806656675573717,-0.404365943111267,-1.177851894974348,0.5727438356239495,0.2744324511807092,0.001192415045823164,1.4937680486231246,-0.4814607612315388,-0.30919030363785477,-1.0161329645585022,0
-0.8043672005990544,0.9009088760241706,-1.179024470547907,-0.49058328021361647,-0.7423290972289317,-1.177851894974348,-1.2008713165995828,0.2744324511807092,-0.005521280078902488,-1.143668312693375,-0.4814607612315388,-0.011559818453150373,0.9841231756854657,0
-1.143265377720465,0.9009088760241706,1.5251962127575889,-0.904596231481312,-0.7423290972289317,0.9048055324001227,-0.804975077263973,0.853056793629862,-0.21028898138303903,0.6910700256137552,-0.997471732522988,0.7424374106814341,-1.0161329645585022,1
-0.634918112038349,-1.1099901739376037,0.8491410419312149,-0.4865720164959633,-0.23538436605243465,-1.177851894974348,-1.121692068732461,-0.3041918912684436,-0.34120603631519225,-1.0289971665491795,-0.997471732522988,-0.20998014190961997,-1.0161329645585022,0
-0.8043672005990544,-1.1099901739376037,1.5251962127575889,-0.9057332826138751,-0.911310674287764,0.9048055324001227,-0.804975077263973,-1.461440576166749,0.4040141225293712,0.6910700256137552,-0.7394662468772634,1.5758027691986063,-1.0161329645585022,1
-0.634918112038349,0.9009088760241706,-0.502969299721533,-0.9038855745234601,-0.7423290972289317,0.9048055324001227,-0.804975077263973,-0.8828162337175963,-0.6936750303632967,0.6910700256137552,-0.997471732522988,0.12733440796637835,-1.0161329645585022,1
-0.634918112038349,0.9009088760241706,-1.179024470547907,-0.4869826182938333,-0.911310674287764,-1.177851894974348,0.06599664927436881,-1.461440576166749,-1.7510820125076092,0.6910700256137552,-0.4814607612315388,1.0797519605574324,-1.0161329645585022,0
-0.46546902347764374,-1.1099901739376037,1.5251962127575889,-0.8994005395005723,-0.404365943111267,0.9048055324001227,-0.804975077263973,-0.8828162337175963,0.8739727812601764,0.6910700256137552,-0.997471732522988,-0.7258729828964409,-1.0161329645585022,1
-0.2960199349169384,0.9009088760241706,0.8491410419312149,-0.4871089573085626,-0.404365943111267,0.21058638994196582,-0.8366467764108217,0.2744324511807092,-0.08944246913797492,-0.570312581972397,-0.997471732522988,0.5440170872249644,-1.0161329645585022,0
-1.143265377720465,-1.1099901739376037,-1.179024470547907,-0.8700109261991845,-0.5733475201700994,0.9048055324001227,-0.804975077263973,0.853056793629862,0.8336906105118219,0.4617277333253637,-0.997471732522988,-0.7457150152420878,0.9841231756854657,0
-0.634918112038349,0.9009088760241706,0.8491410419312149,-0.49048852595256953,-0.7423290972289317,-1.177851894974348,-1.1810765046328024,0.2744324511807092,0.03476089066945202,-1.143668312693375,-0.4814607612315388,-1.678290535487495,0.9841231756854657,0
-1.143265377720465,0.9009088760241706,-0.502969299721533,-0.8600301440355751,-0.911310674287764,0.9048055324001227,-0.804975077263973,0.2744324511807092,-1.0092187012254088,0.4617277333253637,-0.997471732522988,-0.011559818453150373,0.9841231756854657,0
-1.143265377720465,0.9009088760241706,-1.179024470547907,-0.8590194319177413,-0.911310674287764,0.9048055324001227,-0.804975077263973,0.853056793629862,-0.005521280078902488,0.4617277333253637,-0.997471732522988,-0.20998014190961997,0.9841231756854657,0
-0.46546902347764374,0.9009088760241706,0.8491410419312149,-0.8487070098404677,-0.404365943111267,0.9048055324001227,-0.804975077263973,-1.461440576166749,-0.4654093961226198,0.3470565871811683,-0.4814607612315388,-0.9441353386985575,-1.0161329645585022,0
-0.46546902347764374,-1.1099901739376037,1.5251962127575889,-0.8522760870065684,-0.23538436605243465,0.9048055324001227,-0.804975077263973,-0.8828162337175963,1.8273174889712391,0.3470565871811683,-0.4814607612315388,-0.15045404487267908,-1.0161329645585022,1
-0.9738162891597597,0.9009088760241706,-0.502969299721533,-0.4919256322451146,-0.911310674287764,-1.177851894974348,0.20060137064847616,0.853056793629862,-1.1233515183457474,0.9204123179021463,-0.4814607612315388,0.9606997664835506,0.9841231756854657,0
-0.8043672005990544,-1.1099901739376037,0.8491410419312149,-0.8349202648581402,-0.911310674287764,0.9048055324001227,-0.804975077263973,-0.8828162337175963,1.5587696839822078,0.3470565871811683,-0.997471732522988,-0.26950623894656084,-1.0161329645585022,1
-0.8043672005990544,0.9009088760241706,0.8491410419312149,-0.8043462232936658,-0.5733475201700994,0.9048055324001227,-0.804975077263973,0.2744324511807092,2.344272013575125,0.23238544103697253,-0.7394662468772634,-0.9639773710442044,-1.0161329645585022,1
-0.8043672005990544,-1.1099901739376037,-1.179024470547907,-0.6039251688025793,-0.911310674287764,-1.177851894974348,-0.8841543251310949,-0.8828162337175963,1.0619562447524988,-0.45564143582820127,-0.997471732522988,0.5241750548793175,-1.0161329645585022,1
-0.8043672005990544,0.9009088760241706,-0.502969299721533,-0.4874405972222268,-0.911310674287764,-1.177851894974348,-0.3774071387815143,0.853056793629862,0.03476089066945202,0.1177142948927768,-0.997471732522988,-2.075131182400434,0.9841231756854657,0
-1.143265377720465,0.9009088760241706,1.5251962127575889,-0.7945075725216268,-0.911310674287764,0.9048055324001227,-0.804975077263973,-0.8828162337175963,-0.4654093961226198,0.1177142948927768,-0.4814607612315388,1.0003838311748445,-1.0161329645585022,0
-0.2960199349169384,0.9009088760241706,-1.179024470547907,-0.7870693630294433,0.10257878806523006,0.9048055324001227,-0.804975077263973,0.2744324511807092,0.4745079213389917,0.1177142948927768,-0.4814607612315388,1.6750129309268411,-1.0161329645585022,0
-0.634918112038349,0.9009088760241706,1.5251962127575889,-0.4929205519861073,-0.5733475201700994,-1.177851894974348,-0.7257958293968509,-1.461440576166749,0.03476089066945202,-0.45564143582820127,-0.997471732522988,0.0479662785837905,-1.0161329645585022,0
-0.2960199349169384,0.9009088760241706,-0.502969299721533,-0.7918860379659952,-0.404365943111267,0.9048055324001227,-0.804975077263973,1.4316811360790147,-1.7510820125076092,0.1177142948927768,-0.7394662468772634,-0.7853990799333818,-1.0161329645585022,0
-0.9738162891597597,0.9009088760241706,-1.179024470547907,-0.7871483249136491,-0.911310674287764,0.9048055324001227,-0.804975077263973,-0.8828162337175963,0.16232109803924238,0.1177142948927768,-0.997471732522988,0.305912699077201,-1.0161329645585022,0
-0.46546902347764374,0.9009088760241706,0.8491410419312149,-0.49303109862399536,-0.5733475201700994,-1.177851894974348,-0.8841543251310949,-0.3041918912684436,-1.2475548781531747,-0.6849837281165926,-0.997471732522988,0.7027533459901402,-1.0161329645585022,0
-0.9738162891597597,0.9009088760241706,-1.179024470547907,-0.7751303261375307,-0.911310674287764,0.9048055324001227,-0.804975077263973,-1.461440576166749,-0.6936750303632967,0.1177142948927768,-0.997471732522988,0.7424374106814341,0.9841231756854657,0
-0.8043672005990544,0.9009088760241706,-0.502969299721533,-0.7641230394792464,-0.5733475201700994,0.9048055324001227,-0.804975077263973,0.2744324511807092,-0.34120603631519225,0.003043148748581378,-0.4814607612315388,-0.8846092416616166,0.9841231756854657,0
-0.8043672005990544,0.9009088760241706,-0.502969299721533,-0.7563689824502398,-0.911310674287764,0.9048055324001227,-0.804975077263973,0.2744324511807092,-0.8447331706696268,0.003043148748581378,-0.997471732522988,0.6829113136444932,-1.0161329645585022,1
-0.46546902347764374,0.9009088760241706,-1.179024470547907,-0.656261105654164,-0.7423290972289317,0.9048055324001227,-0.804975077263973,1.4316811360790147,-1.371758237960602,-0.2262991435398101,-0.7394662468772634,0.46464895784237664,-1.0161329645585022,0
-0.634918112038349,0.9009088760241706,-0.502969299721533,-0.6444957849075041,-0.5733475201700994,0.9048055324001227,-0.804975077263973,0.2744324511807092,-1.2475548781531747,-0.2262991435398101,-0.4814607612315388,-1.0433455004267922,0.9841231756854657,0
-0.8043672005990544,-1.1099901739376037,-0.502969299721533,-0.627771657832722,-0.404365943111267,0.9048055324001227,-0.804975077263973,-0.8828162337175963,-1.1804179269059165,-0.34097028968400567,-0.4814607612315388,0.12733440796637835,0.9841231756854657,0
-0.9738162891597597,-1.1099901739376037,-0.502969299721533,-0.4916097847082915,-0.911310674287764,-1.177851894974348,-0.7574675285436998,-0.8828162337175963,-1.8752853723150364,-0.45564143582820127,-0.997471732522988,-0.7457150152420878,-1.0161329645585022,0
-0.9738162891597597,-1.1099901739376037,-0.502969299721533,-0.6208545967762965,-0.911310674287764,0.9048055324001227,-0.804975077263973,0.853056793629862,-1.0495008719737637,-0.34097028968400567,-0.7394662468772634,0.9606997664835506,-1.0161329645585022,0
-0.8043672005990544,0.9009088760241706,0.8491410419312149,-0.6207440501384085,-0.911310674287764,0.9048055324001227,-0.804975077263973,-1.461440576166749,1.357358830240434,-0.34097028968400567,-0.4814607612315388,0.32575473142284794,-1.0161329645585022,1
-1.143265377720465,-1.1099901739376037,-1.179024470547907,-0.4828923926919744,-0.911310674287764,-1.177851894974348,-0.2507203421941191,-1.461440576166749,-1.371758237960602,0.23238544103697253,-0.4814607612315388,0.7027533459901402,0.9841231756854657,0
-0.9738162891597597,0.9009088760241706,1.5251962127575889,-0.5813894470502524,-0.911310674287764,0.9048055324001227,-0.804975077263973,1.4316811360790147,1.0955247203761276,-0.45564143582820127,-0.997471732522988,-0.07108591549009124,0.9841231756854657,0
-0.8043672005990544,-1.1099901739376037,0.8491410419312149,-0.5816421250797109,-0.5733475201700994,0.9048055324001227,-0.804975077263973,0.853056793629862,-0.1397951825734185,-0.45564143582820127,-0.997471732522988,0.4844909901880236,-1.0161329645585022,0
-0.634918112038349,0.9009088760241706,-0.502969299721533,-0.5863640457552161,-0.911310674287764,0.9048055324001227,-0.804975077263973,0.2744324511807092,0.6255660616453219,-0.34097028968400567,-0.7394662468772634,0.38528082845978884,-1.0161329645585022,0
-0.9738162891597597,0.9009088760241706,0.8491410419312149,-0.48240282900989867,-0.911310674287764,-1.177851894974348,-0.2507203421941191,0.2744324511807092,-0.08944246913797492,0.23238544103697253,-0.7394662468772634,-0.09092794783573821,0.9841231756854657,0
-0.8043672005990544,-1.1099901739376037,-1.179024470547907,-0.48690365640962757,-0.7423290972289317,-1.177851894974348,0.6994306322113446,1.4316811360790147,0.001192415045823164,1.7231103409115156,-0.7394662468772634,-2.2140254088199627,0.9841231756854657,0
-1.143265377720465,-1.1099901739376037,0.8491410419312149,-0.5679817191121126,-0.911310674287764,0.9048055324001227,-0.804975077263973,-0.8828162337175963,-1.4724636648314886,-0.45564143582820127,-0.997471732522988,-0.5869787564769122,-1.0161329645585022,0
-0.2960199349169384,-1.1099901739376037,0.8491410419312149,-0.489098796790548,-0.404365943111267,-1.177851894974348,1.0161476236798326,0.2744324511807092,0.001192415045823164,2.1817949254882985,-0.7394662468772634,-1.7973427295613766,0.9841231756854657,0
-0.2960199349169384,0.9009088760241706,-1.179024470547907,-0.6016510665374531,-0.23538436605243465,-1.177851894974348,0.4223032646764177,0.853056793629862,-1.3751150855229646,1.7231103409115156,-0.4814607612315388,-0.7060309505507939,-1.0161329645585022,1
-0.9738162891597597,0.9009088760241706,-0.502969299721533,-0.5652180531649107,-0.911310674287764,0.9048055324001227,-0.804975077263973,-0.8828162337175963,-1.623521805137819,-0.45564143582820127,-0.7394662468772634,-2.7299182498067838,0.9841231756854657,0
-0.634918112038349,0.9009088760241706,-0.502969299721533,-0.5648074513670407,-0.911310674287764,0.9048055324001227,-0.804975077263973,1.4316811360790147,-1.2979075915886182,-0.45564143582820127,-0.4814607612315388,0.6829113136444932,0.9841231756854657,0
-0.9738162891597597,-1.1099901739376037,-1.179024470547907,-0.49393126410394117,-0.911310674287764,0.21058638994196582,-0.5674373336626071,0.2744324511807092,-0.5896127559300467,-0.2262991435398101,-0.7394662468772634,-0.26950623894656084,-1.0161329645585022,0
-0.9738162891597597,0.9009088760241706,-1.179024470547907,-0.5398870807116996,-0.911310674287764,0.9048055324001227,-0.804975077263973,1.4316811360790147,0.007906110170548816,-0.45564143582820127,-0.997471732522988,-2.2933935382025505,0.9841231756854657,0
-0.8043672005990544,0.9009088760241706,0.8491410419312149,-0.49116759815673916,-0.7423290972289317,-1.177851894974348,-0.4090788379283631,0.2744324511807092,-0.7138161157374736,0.003043148748581378,-0.7394662468772634,-0.11076998018138517,0.9841231756854657,0
-0.634918112038349,0.9009088760241706,0.8491410419312149,-0.5362864187919164,-0.7423290972289317,0.9048055324001227,-0.804975077263973,0.853056793629862,-1.8752853723150364,-0.45564143582820127,-0.4814607612315388,0.06780831092943747,-1.0161329645585022,0
-0.634918112038349,-1.1099901739376037,0.8491410419312149,-0.484487422752931,-0.23538436605243465,0.21058638994196582,-0.42491468750178746,0.853056793629862,-1.3751150855229646,0.003043148748581378,-0.7394662468772634,0.16701847265767225,-1.0161329645585022,0
-0.9738162891597597,0.9009088760241706,-1.179024470547907,-0.6347518883965121,-0.911310674287764,0.9048055324001227,-0.804975077263973,0.2744324511807092,-0.46205254856025635,-0.34097028968400567,-0.997471732522988,-1.9163949236352584,-1.0161329645585022,1
-0.634918112038349,-1.1099901739376037,0.8491410419312149,-0.5202729486749862,-0.23538436605243465,0.9048055324001227,-0.804975077263973,0.2744324511807092,-0.059230841076708896,-0.45564143582820127,-0.997471732522988,0.10749237562073138,-1.0161329645585022,0
-0.8043672005990544,0.9009088760241706,-1.179024470547907,-0.524047326740022,-0.7423290972289317,0.9048055324001227,-0.804975077263973,-0.8828162337175963,-1.0495008719737637,-0.45564143582820127,-0.997471732522988,0.5241750548793175,0.9841231756854657,0
-0.634918112038349,-1.1099901739376037,1.5251962127575889,-0.6028512871773809,-0.404365943111267,-1.177851894974348,-0.4090788379283631,-1.461440576166749,1.0351014642535956,0.3470565871811683,-0.997471732522988,-1.0830295651180861,-1.0161329645585022,1
-0.634918112038349,-1.1099901739376037,1.5251962127575889,-0.5088234754651495,-0.5733475201700994,0.9048055324001227,-0.804975077263973,1.4316811360790147,-0.005521280078902488,-0.570312581972397,-0.4814607612315388,1.2186461869769611,0.9841231756854657,0
-0.9738162891597597,-1.1099901739376037,-0.502969299721533,-0.4831450707214329,-0.911310674287764,0.9048055324001227,-0.804975077263973,-0.8828162337175963,0.8135495251376443,-0.570312581972397,-0.4814607612315388,0.32575473142284794,-1.0161329645585022,0
-0.9738162891597597,-1.1099901739376037,0.8491410419312149,-0.48849868647058414,-0.911310674287764,0.9048055324001227,-0.804975077263973,-0.8828162337175963,-1.1233515183457474,-0.570312581972397,-0.7394662468772634,-0.6663468858595001,-1.0161329645585022,0
-0.2960199349169384,-1.1099901739376037,1.5251962127575889,-0.4925257425650784,-0.5733475201700994,0.9048055324001227,-0.804975077263973,0.2744324511807092,-1.0964967378468442,-0.570312581972397,-0.997471732522988,0.028124246238143545,-1.0161329645585022,0
-0.46546902347764374,-1.1099901739376037,1.5251962127575889,-0.48317665547511524,-0.7423290972289317,0.21058638994196582,0.38271364074285674,-0.8828162337175963,1.2835081838684501,1.1497546101905376,-0.4814607612315388,0.9606997664835506,0.9841231756854657,0
-0.634918112038349,0.9009088760241706,-0.502969299721533,-0.49124656004094497,-0.404365943111267,0.9048055324001227,-0.804975077263973,0.2744324511807092,0.6154955189582334,-0.570312581972397,-0.7394662468772634,0.06780831092943747,-1.0161329645585022,0
-0.9738162891597597,-1.1099901739376037,-0.502969299721533,-0.48830917794849027,-0.7423290972289317,-1.177851894974348,-0.8841543251310949,1.4316811360790147,-0.21700267650776528,-0.6849837281165926,-0.4814607612315388,0.9408577341379036,-1.0161329645585022,0
-0.634918112038349,0.9009088760241706,-1.179024470547907,-0.5955078319462442,-0.5733475201700994,0.9048055324001227,-0.804975077263973,-0.8828162337175963,1.286865031430813,-0.34097028968400567,-0.7394662468772634,-0.2893482712922078,-1.0161329645585022,1
-0.8043672005990544,-1.1099901739376037,-0.502969299721533,-0.46713160060450265,-0.911310674287764,0.9048055324001227,-0.804975077263973,0.853056793629862,0.665848232393677,-0.570312581972397,-0.4814607612315388,-0.190138109563973,0.9841231756854657,0
-0.46546902347764374,-1.1099901739376037,-1.179024470547907,-0.4902990174304757,0.10257878806523006,-1.177851894974348,-0.7257958293968509,0.2744324511807092,0.5382880250238866,-0.45564143582820127,-0.4814607612315388,-1.8370267942526706,0.9841231756854657,0
-1.143265377720465,0.9009088760241706,1.5251962127575889,-0.5609067342872757,-0.911310674287764,0.9048055324001227,-0.804975077263973,1.4316811360790147,2.102578989084997,-0.45564143582820127,-0.997471732522988,-1.678290535487495,-1.0161329645585022,1
-0.634918112038349,0.9009088760241706,0.8491410419312149,-0.4873142582074976,-0.911310674287764,-1.177851894974348,-0.963333572998217,0.2744324511807092,-0.7138161157374736,-0.7996548742607882,-0.997471732522988,-0.051243883144444294,-1.0161329645585022,0
-0.2960199349169384,0.9009088760241706,0.8491410419312149,-0.4902200555462699,-0.23538436605243465,-1.177851894974348,-0.6782882806765778,-0.3041918912684436,-1.8752853723150364,-0.34097028968400567,-0.997471732522988,0.14717644031202531,-1.0161329645585022,0
-1.143265377720465,0.9009088760241706,0.8491410419312149,-0.45479775429156133,-0.911310674287764,0.9048055324001227,-0.804975077263973,-1.461440576166749,-1.6705176710108995,-0.570312581972397,-0.4814607612315388,-0.15045404487267908,0.9841231756854657,0
-0.9738162891597597,-1.1099901739376037,0.8491410419312149,-0.44969681657186855,-0.911310674287764,0.9048055324001227,-0.804975077263973,-1.461440576166749,0.16232109803924238,-0.570312581972397,-0.4814607612315388,0.12733440796637835,0.9841231756854657,0
-1.143265377720465,-1.1099901739376037,1.5251962127575889,-0.48464534652134256,-0.911310674287764,-1.177851894974348,-0.5674373336626071,-1.461440576166749,-1.7510820125076092,-0.2262991435398101,-0.7394662468772634,-1.7775006972157297,0.9841231756854657,0
-0.2960199349169384,0.9009088760241706,-0.502969299721533,-0.4503916811528793,-0.06640278899360229,0.9048055324001227,-0.804975077263973,0.853056793629862,-1.1233515183457474,-0.570312581972397,-0.997471732522988,0.4448069254967297,0.9841231756854657,0
-0.46546902347764374,0.9009088760241706,-1.179024470547907,-0.42341830150818816,-0.404365943111267,0.9048055324001227,-0.804975077263973,0.2744324511807092,-1.4254677989584081,-0.6849837281165926,-0.997471732522988,-0.09092794783573821,-1.0161329645585022,0
-0.46546902347764374,-1.1099901739376037,-1.179024470547907,-0.41004215832373064,-0.404365943111267,0.9048055324001227,-0.804975077263973,-1.461440576166749,-1.6839450612603513,-0.6849837281165926,-0.7394662468772634,0.7622794430270811,-1.0161329645585022,0
-0.2960199349169384,0.9009088760241706,1.5251962127575889,-0.41168456551521065,-0.23538436605243465,0.9048055324001227,-0.804975077263973,0.2744324511807092,-1.0964967378468442,-0.6849837281165926,-0.7394662468772634,1.4170665104334308,0.9841231756854657,0
-0.8043672005990544,-1.1099901739376037,0.8491410419312149,-0.39491306130990506,-0.911310674287764,0.9048055324001227,-0.804975077263973,1.4316811360790147,-0.5896127559300467,-0.6849837281165926,-0.4814607612315388,0.40512286080543575,0.9841231756854657,0
-1.143265377720465,0.9009088760241706,0.8491410419312149,-0.46983209704434004,-0.911310674287764,0.9048055324001227,-0.804975077263973,-1.461440576166749,0.8336906105118219,-0.570312581972397,-0.7394662468772634,-0.8846092416616166,-1.0161329645585022,1
-0.9738162891597597,-1.1099901739376037,-1.179024470547907,-0.49100967438832765,-0.911310674287764,-1.177851894974348,-0.7574675285436998,0.853056793629862,0.001192415045823164,-0.45564143582820127,-0.997471732522988,0.0479662785837905,-1.0161329645585022,0
-0.2960199349169384,0.9009088760241706,0.8491410419312149,-0.3354547625029599,-0.06640278899360229,0.9048055324001227,-0.804975077263973,-1.461440576166749,0.03476089066945202,-0.6849837281165926,-0.4814607612315388,-0.11076998018138517,0.9841231756854657,0
-0.8043672005990544,-1.1099901739376037,-0.502969299721533,-0.3214311318680151,-0.911310674287764,0.9048055324001227,-0.804975077263973,-1.461440576166749,0.4040141225293712,-0.6849837281165926,-0.4814607612315388,-1.4600281796853785,0.9841231756854657,0
-0.9738162891597597,-1.1099901739376037,0.8491410419312149,-0.4088893148143264,-0.7423290972289317,0.9048055324001227,-0.804975077263973,0.853056793629862,1.159304824061023,-0.6849837281165926,-0.997471732522988,0.16701847265767225,-1.0161329645585022,1
-0.9738162891597597,0.9009088760241706,-1.179024470547907,-0.40764171704387525,-0.7423290972289317,0.9048055324001227,-0.804975077263973,0.853056793629862,-1.7510820125076092,-0.6849837281165926,-0.7394662468772634,-0.17029607721832604,-1.0161329645585022,1
-1.143265377720465,0.9009088760241706,0.8491410419312149,-0.483871520056126,-0.911310674287764,-1.177851894974348,-1.121692068732461,0.2744324511807092,-1.4254677989584081,-1.0289971665491795,-0.4814607612315388,-1.3806600503027906,0.9841231756854657,0
-0.634918112038349,-1.1099901739376037,-0.502969299721533,-0.48807229229587296,-0.911310674287764,0.21058638994196582,-1.359229812333827,1.4316811360790147,-1.4254677989584081,-1.3730106049817663,-0.7394662468772634,-0.6068207888225592,0.9841231756854657,0
-0.8043672005990544,0.9009088760241706,-1.179024470547907,-0.24643313424937432,-0.5733475201700994,0.9048055324001227,-0.804975077263973,-0.8828162337175963,-1.4254677989584081,-0.7996548742607882,-0.4814607612315388,0.5638591195706114,0.9841231756854657,0
-0.634918112038349,-1.1099901739376037,0.8491410419312149,-0.2190649451836543,-0.5733475201700994,0.9048055324001227,-0.804975077263973,0.853056793629862,-1.2979075915886182,-0.7996548742607882,-0.4814607612315388,-0.8052411122790287,0.9841231756854657,0
-0.2960199349169384,-1.1099901739376037,-0.502969299721533,-0.4832240326056387,-0.404365943111267,0.21058638994196582,0.06599664927436881,-0.3041918912684436,0.2865244578466693,0.6910700256137552,-0.4814607612315388,-0.051243883144444294,-1.0161329645585022,0
-0.9738162891597597,0.9009088760241706,-1.179024470547907,-0.3314750835389891,-0.911310674287764,0.9048055324001227,-0.804975077263973,-0.3041918912684436,-0.41841353024953903,-0.6849837281165926,-0.997471732522988,-3.622809705360897,-1.0161329645585022,1
-0.9738162891597597,0.9009088760241706,-1.179024470547907,-0.6018563674363882,-0.911310674287764,-1.177851894974348,-0.2903099661276801,0.853056793629862,1.4110683912382405,0.5763988794695595,-0.997471732522988,-1.8171847619070236,-1.0161329645585022,1
-0.2960199349169384,-1.1099901739376037,-1.179024470547907,-0.2132533505061096,-0.7423290972289317,0.9048055324001227,-0.804975077263973,0.2744324511807092,0.001192415045823164,-0.7996548742607882,-0.7394662468772634,-0.9441353386985575,0.9841231756854657,0
-0.8043672005990544,0.9009088760241706,-0.502969299721533,-0.4878511990200968,-0.7423290972289317,-1.177851894974348,-0.8841543251310949,0.853056793629862,-1.2979075915886182,-0.6849837281165926,-0.7394662468772634,-2.154499311783022,0.9841231756854657,0
-0.634918112038349,0.9009088760241706,0.8491410419312149,-0.48876715687688377,-0.911310674287764,0.21058638994196582,-1.2008713165995828,0.853056793629862,1.1223795008750308,-1.143668312693375,-0.997471732522988,0.14717644031202531,0.9841231756854657,0
-0.634918112038349,-1.1099901739376037,-1.179024470547907,-0.2035884158793233,-0.7423290972289317,0.9048055324001227,-0.804975077263973,-1.461440576166749,-1.0427871768490378,-0.7996548742607882,-0.997471732522988,0.32575473142284794,0.9841231756854657,0
-0.8043672005990544,-1.1099901739376037,1.5251962127575889,-0.2028303817909479,-0.911310674287764,0.9048055324001227,-0.804975077263973,1.4316811360790147,-0.8447331706696268,-0.7996548742607882,-0.7394662468772634,-0.6068207888225592,0.9841231756854657,0
-0.9738162891597597,-1.1099901739376037,-1.179024470547907,-0.205609840114991,-0.7423290972289317,0.9048055324001227,-0.804975077263973,-1.461440576166749,-1.4254677989584081,-0.7996548742607882,-0.4814607612315388,-2.03544711770914,0.9841231756854657,0
-0.634918112038349,0.9009088760241706,-1.179024470547907,-0.4867773173948983,-0.5733475201700994,-1.177851894974348,0.8973787518791496,1.4316811360790147,0.9981761410676039,1.952452633199907,-0.997471732522988,-1.7775006972157297,0.9841231756854657,0
-0.634918112038349,0.9009088760241706,-0.502969299721533,-0.4916729542156561,-0.404365943111267,-1.177851894974348,-0.2507203421941191,1.4316811360790147,0.001192415045823164,0.23238544103697253,-0.4814607612315388,-0.38855843302044263,0.9841231756854657,0
-0.2960199349169384,-1.1099901739376037,-0.502969299721533,-0.13623392865180112,-0.7423290972289317,0.9048055324001227,-0.804975077263973,0.2744324511807092,-1.6705176710108995,-0.9143260204049839,-0.997471732522988,-0.5869787564769122,0.9841231756854657,0
-0.8043672005990544,0.9009088760241706,-0.502969299721533,-0.12950637611746948,-0.23538436605243465,0.9048055324001227,-0.804975077263973,0.2744324511807092,0.561785957960427,-0.9143260204049839,-0.7394662468772634,1.0003838311748445,0.9841231756854657,0
-0.46546902347764374,0.9009088760241706,1.5251962127575889,-0.4908517506199161,-0.06640278899360229,0.21058638994196582,-0.2507203421941191,-0.8828162337175963,-0.21028898138303903,0.23238544103697253,-0.4814607612315388,1.337698381050843,-1.0161329645585022,0
-0.8043672005990544,0.9009088760241706,-1.179024470547907,-0.23046704126296755,-0.911310674287764,0.9048055324001227,-0.804975077263973,-0.3041918912684436,-0.8447331706696268,-0.7996548742607882,-0.997471732522988,-1.7973427295613766,-1.0161329645585022,1
-0.8043672005990544,0.9009088760241706,-1.179024470547907,-0.2260135909937621,-0.7423290972289317,0.9048055324001227,-0.804975077263973,-0.8828162337175963,0.001192415045823164,-0.7996548742607882,-0.997471732522988,0.5638591195706114,-1.0161329645585022,1
-0.8043672005990544,0.9009088760241706,-1.179024470547907,-0.07011124681788897,-0.404365943111267,0.9048055324001227,-0.804975077263973,1.4316811360790147,0.4745079213389917,-0.9143260204049839,-0.997471732522988,-1.162397694500674,0.9841231756854657,0
-0.9738162891597597,0.9009088760241706,0.8491410419312149,-0.4834451258814148,-0.911310674287764,-1.177851894974348,-0.23488449262069472,0.853056793629862,-1.2979075915886182,0.23238544103697253,-0.7394662468772634,-3.285495155484899,0.9841231756854657,0
-0.46546902347764374,0.9009088760241706,0.8491410419312149,-0.10982907457339149,-0.23538436605243465,0.9048055324001227,-0.804975077263973,-0.3041918912684436,-0.005521280078902488,-0.9143260204049839,-0.997471732522988,-0.7258729828964409,-1.0161329645585022,1
-0.8043672005990544,0.9009088760241706,-0.502969299721533,-0.48584556716127025,-0.911310674287764,-1.177851894974348,-0.8841543251310949,-0.8828162337175963,-1.5496711587658354,-0.6849837281165926,-0.7394662468772634,-1.5592383414136133,0.9841231756854657,0
-0.634918112038349,0.9009088760241706,-0.502969299721533,0.15906772590093912,-0.5733475201700994,0.9048055324001227,-0.804975077263973,0.853056793629862,0.3939435798422821,-1.0289971665491795,-0.4814607612315388,-0.40840046536608954,0.9841231756854657,0
-0.46546902347764374,0.9009088760241706,1.5251962127575889,0.2537904021941813,-0.404365943111267,0.9048055324001227,-0.804975077263973,-0.8828162337175963,-0.7977373047965461,-1.0289971665491795,-0.997471732522988,0.22654456969461315,-1.0161329645585022,0
-0.46546902347764374,-1.1099901739376037,0.8491410419312149,0.2644818413156426,-0.7423290972289317,0.9048055324001227,-0.804975077263973,1.4316811360790147,0.6893461653302174,-1.0289971665491795,-0.997471732522988,-0.5274526594399713,0.9841231756854657,0
-0.46546902347764374,-1.1099901739376037,-1.179024470547907,0.31304340010219145,-0.7423290972289317,0.9048055324001227,-0.804975077263973,-1.461440576166749,-1.2039158598424569,-1.0289971665491795,-0.7394662468772634,0.46464895784237664,0.9841231756854657,0
-0.46546902347764374,0.9009088760241706,-0.502969299721533,0.35633030502379476,-0.5733475201700994,0.9048055324001227,-0.804975077263973,-0.3041918912684436,0.3939435798422821,-1.143668312693375,-0.997471732522988,0.7225953783357871,0.9841231756854657,0
-0.634918112038349,0.9009088760241706,-0.502969299721533,0.4032020794883401,-0.7423290972289317,0.9048055324001227,-0.804975077263973,1.4316811360790147,0.001192415045823164,-1.143668312693375,-0.4814607612315388,-0.6465048535138531,0.9841231756854657,0
-0.634918112038349,0.9009088760241706,1.5251962127575889,-0.4877722371358911,-0.7423290972289317,-1.177851894974348,0.1451758971414908,1.4316811360790147,0.11868207972852446,0.8057411717579506,-0.4814607612315388,-0.36871640067479566,0.9841231756854657,0
-0.634918112038349,0.9009088760241706,0.8491410419312149,-0.4863509232201872,-0.911310674287764,-1.177851894974348,0.06599664927436881,0.853056793629862,-0.37813135950118393,0.6910700256137552,-0.997471732522988,-0.8647672093159696,0.9841231756854657,0
-1.143265377720465,0.9009088760241706,-1.179024470547907,-0.48522966446446525,-0.911310674287764,0.21058638994196582,-0.6307807319563046,1.4316811360790147,-0.25392799969375696,-0.34097028968400567,-0.7394662468772634,0.4249648931510827,-1.0161329645585022,0
-0.46546902347764374,0.9009088760241706,0.8491410419312149,1.3714800807500205,-0.06640278899360229,0.9048055324001227,-0.804975077263973,-0.8828162337175963,0.8135495251376443,-1.2583394588375707,-0.7394662468772634,0.7027533459901402,0.9841231756854657,0
-0.8043672005990544,-1.1099901739376037,1.5251962127575889,-0.8512337901350523,-0.911310674287764,0.9048055324001227,-0.7970571524772607,-0.8828162337175963,0.9108981044461687,0.3470565871811683,-0.7394662468772634,-1.0631875327724392,0.9841231756854657,0
-1.143265377720465,0.9009088760241706,1.5251962127575889,-0.602661778655287,-0.911310674287764,-1.177851894974348,0.06599664927436881,-0.8828162337175963,-0.12972463988633004,1.1497546101905376,-0.997471732522988,1.6154868338899002,-1.0161329645585022,1
-0.9738162891597597,-1.1099901739376037,1.5251962127575889,-0.6748961103267258,-0.911310674287764,0.9048055324001227,-0.7970571524772607,-1.461440576166749,0.6154955189582334,-0.2262991435398101,-0.7394662468772634,0.286070666731554,0.9841231756854657,0
-0.8043672005990544,0.9009088760241706,-0.502969299721533,-0.4435851667343419,-0.911310674287764,0.9048055324001227,-0.7970571524772607,-0.8828162337175963,1.417782086362966,-0.570312581972397,-0.4814607612315388,0.821805540064022,0.9841231756854657,0
-0.2960199349169384,0.9009088760241706,-0.502969299721533,1.218720419565537,-0.5733475201700994,0.9048055324001227,-0.7970571524772607,-0.3041918912684436,0.860545391010725,-1.2583394588375707,-0.997471732522988,1.1392780575943733,-1.0161329645585022,0
-1.143265377720465,0.9009088760241706,0.8491410419312149,-0.7937653308100926,-0.911310674287764,0.9048055324001227,-0.7891392276905486,-0.8828162337175963,1.0015329886299666,0.23238544103697253,-0.997471732522988,-3.4045473495587806,0.9841231756854657,0
-0.8043672005990544,-1.1099901739376037,0.8491410419312149,-0.7179145448420295,-0.911310674287764,0.9048055324001227,-0.7891392276905486,0.2744324511807092,-1.6705176710108995,-0.11162799739561437,-0.7394662468772634,-0.38855843302044263,0.9841231756854657,0
-0.2960199349169384,0.9009088760241706,0.8491410419312149,-0.48826180081796683,-0.404365943111267,-1.177851894974348,-0.5674373336626071,0.2744324511807092,-0.12972463988633004,-0.2262991435398101,-0.4814607612315388,0.5241750548793175,-1.0161329645585022,0
-1.143265377720465,0.9009088760241706,1.5251962127575889,-0.7017905280872112,-0.404365943111267,0.9048055324001227,-0.7891392276905486,0.853056793629862,0.001192415045823164,-0.11162799739561437,-0.997471732522988,0.7027533459901402,-1.0161329645585022,0
-0.634918112038349,0.9009088760241706,-0.502969299721533,-0.677170212591852,-0.7423290972289317,0.9048055324001227,-0.7891392276905486,0.2744324511807092,0.001192415045823164,-0.2262991435398101,-0.997471732522988,0.4844909901880236,0.9841231756854657,0
-0.9738162891597597,0.9009088760241706,-0.502969299721533,-0.48729846583065645,-0.5733475201700994,-1.177851894974348,-0.765385453330412,1.4316811360790147,0.001192415045823164,-0.45564143582820127,-0.997471732522988,-0.9441353386985575,0.9841231756854657,0
-0.8043672005990544,0.9009088760241706,0.8491410419312149,-0.623981487390845,-0.911310674287764,0.9048055324001227,-0.7891392276905486,-0.8828162337175963,0.23617174441122635,-0.34097028968400567,-0.7394662468772634,-0.7060309505507939,0.9841231756854657,0
-0.8043672005990544,-1.1099901739376037,1.5251962127575889,-0.4865878088728045,-0.911310674287764,0.9048055324001227,-0.7891392276905486,1.4316811360790147,-0.1397951825734185,-0.570312581972397,-0.7394662468772634,0.7225953783357871,0.9841231756854657,0
-0.46546902347764374,-1.1099901739376037,-0.502969299721533,-0.49063065734413996,-0.23538436605243465,-1.177851894974348,0.06599664927436881,-1.461440576166749,-1.2979075915886182,0.6910700256137552,-0.4814607612315388,0.4249648931510827,-1.0161329645585022,0
-0.8043672005990544,-1.1099901739376037,0.8491410419312149,-0.36501809194960033,-0.911310674287764,0.9048055324001227,-0.7891392276905486,-0.8828162337175963,0.001192415045823164,-0.6849837281165926,-0.4814607612315388,0.22654456969461315,0.9841231756854657,0
-1.143265377720465,-1.1099901739376037,-0.502969299721533,-0.4914834456935623,-0.911310674287764,-1.177851894974348,-0.09236184645987515,0.2744324511807092,-1.173704231781191,0.4617277333253637,-0.4814607612315388,-1.3806600503027906,0.9841231756854657,0
-0.46546902347764374,-1.1099901739376037,-1.179024470547907,-0.48440846086872524,-0.5733475201700994,-1.177851894974348,-0.765385453330412,-1.461440576166749,0.001192415045823164,-0.45564143582820127,-0.7394662468772634,0.9805417988291976,-1.0161329645585022,0
-0.2960199349169384,-1.1099901739376037,0.8491410419312149,-0.4112265865868172,-0.7423290972289317,0.9048055324001227,-0.7891392276905486,-1.461440576166749,1.0015329886299666,-0.570312581972397,-0.4814607612315388,-0.09092794783573821,-1.0161329645585022,1
-1.143265377720465,-1.1099901739376037,-0.502969299721533,-0.2619570406842288,-0.911310674287764,0.9048055324001227,-0.7891392276905486,0.853056793629862,-0.811164695045998,-0.7996548742607882,-0.997471732522988,0.26622863438590705,0.9841231756854657,0
-1.143265377720465,-1.1099901739376037,-0.502969299721533,-0.4915150304472446,-0.911310674287764,-1.177851894974348,-0.2507203421941191,-0.8828162337175963,0.001192415045823164,0.23238544103697253,-0.7394662468772634,-0.2893482712922078,0.9841231756854657,0
-0.8043672005990544,-1.1099901739376037,1.5251962127575889,-0.2549294329899152,-0.5733475201700994,0.9048055324001227,-0.7891392276905486,0.853056793629862,1.327147202179168,-0.7996548742607882,-0.997471732522988,-0.6465048535138531,-1.0161329645585022,1
-0.2960199349169384,-1.1099901739376037,-0.502969299721533,-0.24120585751495233,-0.23538436605243465,0.9048055324001227,-0.7891392276905486,-1.461440576166749,1.5486991412951188,-0.7996548742607882,-0.4814607612315388,0.008282213892496587,-1.0161329645585022,1
-0.634918112038349,0.9009088760241706,0.8491410419312149,-0.4848348550434364,-0.404365943111267,-1.177851894974348,-0.8841543251310949,-1.461440576166749,-1.2979075915886182,-0.6849837281165926,-0.4814607612315388,-1.7775006972157297,0.9841231756854657,0
-0.8043672005990544,-1.1099901739376037,-0.502969299721533,-0.4908833353735984,-0.7423290972289317,-1.177851894974348,0.38271364074285674,-0.8828162337175963,-0.37813135950118393,1.2644257563347332,-0.997471732522988,0.6630692812988462,-1.0161329645585022,0
-0.46546902347764374,0.9009088760241706,1.5251962127575889,-0.6012878418701066,-0.404365943111267,-1.177851894974348,-0.5991090328094558,-0.3041918912684436,0.830333762949459,0.003043148748581378,-0.7394662468772634,-0.011559818453150373,-1.0161329645585022,1
-0.9738162891597597,0.9009088760241706,-0.502969299721533,-0.4928731748555838,-0.911310674287764,-1.177851894974348,-0.8841543251310949,-0.8828162337175963,0.5785701957722418,-0.6849837281165926,-0.997471732522988,1.238488219322608,-1.0161329645585022,0
-0.634918112038349,0.9009088760241706,0.8491410419312149,0.14507568001967658,-0.404365943111267,0.9048055324001227,-0.7891392276905486,0.2744324511807092,-0.34120603631519225,-1.0289971665491795,-0.997471732522988,0.46464895784237664,0.9841231756854657,0
-0.634918112038349,-1.1099901739376037,0.8491410419312149,0.6467521151326184,-0.404365943111267,0.9048055324001227,-0.7891392276905486,-0.8828162337175963,-0.8447331706696268,-1.143668312693375,-0.997471732522988,0.9606997664835506,0.9841231756854657,0
-0.9738162891597597,0.9009088760241706,0.8491410419312149,-0.48998316989365265,-0.404365943111267,0.21058638994196582,-0.5040939353689095,1.4316811360790147,1.0787404825643134,-0.11162799739561437,-0.997471732522988,0.32575473142284794,0.9841231756854657,0
-0.634918112038349,0.9009088760241706,0.8491410419312149,-0.8171222561581595,-0.5733475201700994,0.9048055324001227,-0.7812213029038364,0.2744324511807092,-0.34120603631519225,0.3470565871811683,-0.4814607612315388,1.0995939929030794,-1.0161329645585022,0
-0.634918112038349,0.9009088760241706,-0.502969299721533,-0.4907096192283457,-0.5733475201700994,-1.177851894974348,0.8577891279455886,-1.461440576166749,-0.37813135950118393,1.952452633199907,-0.997471732522988,0.305912699077201,-1.0161329645585022,0
-0.634918112038349,-1.1099901739376037,0.8491410419312149,-0.4865562241191222,-0.06640278899360229,-1.177851894974348,0.06599664927436881,1.4316811360790147,0.27645391515958084,0.6910700256137552,-0.7394662468772634,0.10749237562073138,0.9841231756854657,0
-1.143265377720465,-1.1099901739376037,0.8491410419312149,-0.6419847969897607,-0.7423290972289317,0.9048055324001227,-0.7812213029038364,1.4316811360790147,-0.5661148229935064,-0.2262991435398101,-0.997471732522988,0.10749237562073138,-1.0161329645585022,0
-0.9738162891597597,0.9009088760241706,-1.179024470547907,-0.3362285889681765,-0.911310674287764,0.9048055324001227,-0.7812213029038364,0.2744324511807092,-0.005521280078902488,-0.6849837281165926,-0.4814607612315388,-0.22982217425526694,0.9841231756854657,0
-0.634918112038349,-1.1099901739376037,0.8491410419312149,-0.6438009203264934,-0.5733475201700994,0.9048055324001227,-0.7733033781171241,1.4316811360790147,-0.6936750303632967,-0.2262991435398101,-0.7394662468772634,0.22654456969461315,0.9841231756854657,0
-0.46546902347764374,-1.1099901739376037,-1.179024470547907,-0.4898252461252411,0.10257878806523006,0.9048055324001227,-0.7733033781171241,0.2744324511807092,0.3637319517810161,-0.45564143582820127,-0.7394662468772634,-0.7853990799333818,-1.0161329645585022,0
-0.634918112038349,0.9009088760241706,-0.502969299721533,-0.4892409281821184,-0.911310674287764,0.21058638994196582,-0.09236184645987515,-0.3041918912684436,-0.6936750303632967,0.4617277333253637,-0.7394662468772634,0.8813316371009629,-1.0161329645585022,0
-0.8043672005990544,0.9009088760241706,-0.502969299721533,-0.4678422575623546,-0.911310674287764,0.9048055324001227,-0.7733033781171241,0.853056793629862,-1.0427871768490378,-0.570312581972397,-0.997471732522988,0.08765034327508442,0.9841231756854657,0
-0.2960199349169384,-1.1099901739376037,0.8491410419312149,-0.48668256313385144,0.2715603651240624,-1.177851894974348,-1.240460940533144,1.4316811360790147,0.27645391515958084,-1.143668312693375,-0.4814607612315388,0.028124246238143545,0.9841231756854657,0
-0.634918112038349,-1.1099901739376037,-1.179024470547907,-0.39181775544903885,-0.911310674287764,0.9048055324001227,-0.7733033781171241,-1.461440576166749,-0.015591822765990965,-0.570312581972397,-0.997471732522988,-0.30919030363785477,0.9841231756854657,0
-0.2960199349169384,-1.1099901739376037,-0.502969299721533,-0.8721902742032638,-0.404365943111267,0.9048055324001227,-0.7693444157237681,0.2744324511807092,0.0716862138554443,0.5763988794695595,-0.7394662468772634,0.6233852166075523,-1.0161329645585022,1
-0.2960199349169384,0.9009088760241706,0.8491410419312149,-0.72257329601017,0.2715603651240624,0.9048055324001227,-0.7693444157237681,0.2744324511807092,-1.4993184453303918,0.003043148748581378,-0.997471732522988,-0.38855843302044263,-1.0161329645585022,0
-0.634918112038349,-1.1099901739376037,1.5251962127575889,-0.4877722371358911,-0.911310674287764,0.21058638994196582,-0.3298995900612411,-0.3041918912684436,0.7430557263280237,0.1177142948927768,-0.7394662468772634,-0.32903233598350173,0.9841231756854657,0
-0.634918112038349,0.9009088760241706,-1.179024470547907,-1.0176222725334518,-0.911310674287764,0.9048055324001227,-0.765385453330412,-0.8828162337175963,-0.0860856215756121,1.952452633199907,-0.4814607612315388,-0.9044512740072636,-1.0161329645585022,1
-1.143265377720465,0.9009088760241706,-0.502969299721533,-0.9885011296383636,-0.911310674287764,0.9048055324001227,-0.765385453330412,0.853056793629862,0.5785701957722418,1.4937680486231246,-0.7394662468772634,0.9011736694466097,-1.0161329645585022,1
-0.9738162891597597,0.9009088760241706,-1.179024470547907,-0.9767042241380215,-0.911310674287764,0.9048055324001227,-0.765385453330412,0.853056793629862,1.2096575374964662,1.379096902478929,-0.4814607612315388,0.18686050500331922,-1.0161329645585022,1
-0.2960199349169384,0.9009088760241706,-0.502969299721533,-0.9791994196789239,-0.06640278899360229,0.9048055324001227,-0.765385453330412,-1.461440576166749,-0.25392799969375696,1.4937680486231246,-0.997471732522988,0.08765034327508442,-1.0161329645585022,1
-0.8043672005990544,0.9009088760241706,0.8491410419312149,-0.9679710397448633,-0.7423290972289317,0.9048055324001227,-0.765385453330412,-0.8828162337175963,0.03476089066945202,1.379096902478929,-0.997471732522988,0.08765034327508442,-1.0161329645585022,1
-1.143265377720465,0.9009088760241706,0.8491410419312149,-0.492067763636685,-0.911310674287764,-1.177851894974348,-0.09236184645987515,-0.8828162337175963,0.04483143335654109,0.4617277333253637,-0.7394662468772634,-0.190138109563973,0.9841231756854657,0
-0.2960199349169384,-1.1099901739376037,-1.179024470547907,-0.9615593347473548,-0.06640278899360229,0.9048055324001227,-0.765385453330412,0.853056793629862,-0.8447331706696268,1.2644257563347332,-0.7394662468772634,-0.17029607721832604,-1.0161329645585022,1
-0.46546902347764374,0.9009088760241706,0.8491410419312149,-0.9553529306487812,-0.404365943111267,0.9048055324001227,-0.765385453330412,0.853056793629862,0.954537122756886,1.1497546101905376,-0.4814607612315388,0.028124246238143545,-1.0161329645585022,1
-0.9738162891597597,-1.1099901739376037,-1.179024470547907,-0.9431454233505691,-0.911310674287764,0.9048055324001227,-0.765385453330412,-0.8828162337175963,0.7229146409538463,1.1497546101905376,-0.7394662468772634,1.0797519605574324,-1.0161329645585022,1
-0.8043672005990544,-1.1099901739376037,-0.502969299721533,-0.48213435860359904,-0.7423290972289317,0.21058638994196582,0.38271364074285674,1.4316811360790147,0.04483143335654109,1.1497546101905376,-0.7394662468772634,0.4448069254967297,0.9841231756854657,0
-0.9738162891597597,0.9009088760241706,-0.502969299721533,-0.8579771350462251,-0.911310674287764,0.9048055324001227,-0.765385453330412,-1.461440576166749,0.16232109803924238,0.5763988794695595,-0.997471732522988,1.1789621222856672,0.9841231756854657,0
-0.46546902347764374,0.9009088760241706,0.8491410419312149,-0.8610092713997267,-0.404365943111267,0.9048055324001227,-0.765385453330412,1.4316811360790147,0.6624913848313142,0.5763988794695595,-0.4814607612315388,-0.8052411122790287,-1.0161329645585022,0
-0.634918112038349,-1.1099901739376037,0.8491410419312149,-0.4891303815442303,-0.7423290972289317,-1.177851894974348,-0.9791694225716413,-1.461440576166749,-1.2106295549671826,-0.7996548742607882,-0.7394662468772634,0.6233852166075523,-1.0161329645585022,0
-0.9738162891597597,-1.1099901739376037,-1.179024470547907,-0.846590831343753,-0.911310674287764,0.9048055324001227,-0.765385453330412,-0.8828162337175963,0.001192415045823164,0.4617277333253637,-0.997471732522988,-0.190138109563973,-1.0161329645585022,0
-0.46546902347764374,0.9009088760241706,1.5251962127575889,-0.7936547841722045,-0.7423290972289317,0.9048055324001227,-0.765385453330412,0.2744324511807092,-0.21028898138303903,0.23238544103697253,-0.4814607612315388,-0.8846092416616166,0.9841231756854657,0
-0.634918112038349,0.9009088760241706,1.5251962127575889,-0.7900857070061037,-0.5733475201700994,0.9048055324001227,-0.765385453330412,-1.461440576166749,-0.12972463988633004,0.23238544103697253,-0.7394662468772634,1.4369085427790778,-1.0161329645585022,0
-1.143265377720465,-1.1099901739376037,-0.502969299721533,-0.7495782604085435,-0.7423290972289317,0.9048055324001227,-0.765385453330412,0.853056793629862,0.4107278176540969,0.1177142948927768,-0.7394662468772634,-0.011559818453150373,0.9841231756854657,0
-0.634918112038349,-1.1099901739376037,-0.502969299721533,-0.6049358809204132,-0.404365943111267,-1.177851894974348,0.06599664927436881,0.853056793629862,1.4446368668618692,1.1497546101905376,-0.997471732522988,0.16701847265767225,-1.0161329645585022,1
-0.634918112038349,0.9009088760241706,-1.179024470547907,-0.693167890331941,-0.23538436605243465,0.9048055324001227,-0.765385453330412,-0.8828162337175963,0.001192415045823164,-0.11162799739561437,-0.4814607612315388,0.7622794430270811,-1.0161329645585022,0
-0.9738162891597597,0.9009088760241706,-0.502969299721533,-0.49364700132080036,-0.911310674287764,0.21058638994196582,-0.5674373336626071,-0.8828162337175963,0.15896425047687956,-0.2262991435398101,-0.4814607612315388,0.08765034327508442,0.9841231756854657,0
-0.634918112038349,0.9009088760241706,0.8491410419312149,-0.4824502061404221,-0.06640278899360229,-1.177851894974348,-1.042512820865339,-0.8828162337175963,1.5587696839822078,-0.9143260204049839,-0.997471732522988,-0.8846092416616166,-1.0161329645585022,0
-0.8043672005990544,0.9009088760241706,-0.502969299721533,-0.4890356272831834,-0.911310674287764,-1.177851894974348,-0.8841543251310949,-0.8828162337175963,0.15896425047687956,-0.6849837281165926,-0.7394662468772634,-1.202081759191968,0.9841231756854657,0
-0.9738162891597597,0.9009088760241706,-1.179024470547907,-0.9931914655601863,-0.911310674287764,0.9048055324001227,-0.7574675285436998,0.2744324511807092,0.5114332445249834,1.6084391947673204,-0.4814607612315388,-2.194183376474316,-1.0161329645585022,1
-1.143265377720465,-1.1099901739376037,0.8491410419312149,-0.9589062154380409,-0.911310674287764,0.9048055324001227,-0.7574675285436998,1.4316811360790147,-0.8447331706696268,1.2644257563347332,-0.7394662468772634,0.6630692812988462,-1.0161329645585022,1
-0.634918112038349,-1.1099901739376037,-1.179024470547907,-0.9667866114817768,-0.7423290972289317,0.9048055324001227,-0.7574675285436998,0.853056793629862,1.995159867089384,1.379096902478929,-0.7394662468772634,-0.8647672093159696,-1.0161329645585022,1
-1.143265377720465,0.9009088760241706,-0.502969299721533,-0.941803071319071,-0.911310674287764,0.9048055324001227,-0.7574675285436998,0.2744324511807092,1.4647779522360462,1.1497546101905376,-0.7394662468772634,0.12733440796637835,-1.0161329645585022,1
-0.9738162891597597,0.9009088760241706,-1.179024470547907,-0.8738484737715849,-0.911310674287764,0.9048055324001227,-0.7574675285436998,-1.461440576166749,-0.005521280078902488,0.6910700256137552,-0.997471732522988,0.9606997664835506,-1.0161329645585022,1
-0.2960199349169384,0.9009088760241706,-0.502969299721533,-0.8627148480985714,-0.404365943111267,0.9048055324001227,-0.7574675285436998,-1.461440576166749,-1.1804179269059165,0.5763988794695595,-0.997471732522988,-0.190138109563973,0.9841231756854657,0
-0.634918112038349,-1.1099901739376037,0.8491410419312149,-0.8653837597847264,-0.404365943111267,0.9048055324001227,-0.7574675285436998,0.2744324511807092,0.04483143335654109,0.5763988794695595,-0.4814607612315388,0.4249648931510827,-1.0161329645585022,0
-0.634918112038349,-1.1099901739376037,1.5251962127575889,-0.4908833353735984,-0.23538436605243465,-1.177851894974348,-0.7257958293968509,1.4316811360790147,-0.811164695045998,-0.45564143582820127,-0.7394662468772634,0.8614896047553159,0.9841231756854657,0
-0.9738162891597597,-1.1099901739376037,1.5251962127575889,-0.4873774277148622,-0.911310674287764,-1.177851894974348,-0.4090788379283631,-1.461440576166749,-0.5661148229935064,0.003043148748581378,-0.7394662468772634,-1.9957630530178463,0.9841231756854657,0
-0.8043672005990544,0.9009088760241706,-0.502969299721533,-0.8586562072503947,-0.911310674287764,0.9048055324001227,-0.7574675285436998,0.853056793629862,0.001192415045823164,0.5763988794695595,-0.997471732522988,0.8813316371009629,-1.0161329645585022,0
-0.2960199349169384,-1.1099901739376037,-1.179024470547907,-0.4867141478875337,-0.23538436605243465,-1.177851894974348,0.1847655210750518,1.4316811360790147,0.6154955189582334,0.9204123179021463,-0.4814607612315388,-0.26950623894656084,0.9841231756854657,0
-0.8043672005990544,-1.1099901739376037,-1.179024470547907,-0.4877564447590499,-0.23538436605243465,-1.177851894974348,-0.963333572998217,-0.8828162337175963,0.4040141225293712,-0.7996548742607882,-0.7394662468772634,0.4844909901880236,0.9841231756854657,0
-0.9738162891597597,-1.1099901739376037,-0.502969299721533,-0.8438587501502334,-0.911310674287764,0.9048055324001227,-0.7574675285436998,0.2744324511807092,-0.0860856215756121,0.4617277333253637,-0.7394662468772634,1.0599099282117854,-1.0161329645585022,0
-0.2960199349169384,-1.1099901739376037,1.5251962127575889,-0.849875645726713,-0.23538436605243465,0.9048055324001227,-0.7574675285436998,1.4316811360790147,-1.0931398902844813,0.4617277333253637,-0.4814607612315388,0.4448069254967297,-1.0161329645585022,0
-0.9738162891597597,0.9009088760241706,-0.502969299721533,-0.8402738806072914,-0.911310674287764,0.9048055324001227,-0.7574675285436998,0.2744324511807092,0.8336906105118219,0.4617277333253637,-0.7394662468772634,-1.4600281796853785,0.9841231756854657,0
-1.143265377720465,0.9009088760241706,-0.502969299721533,-0.8242919952440434,-0.7423290972289317,0.9048055324001227,-0.7574675285436998,0.2744324511807092,-1.0495008719737637,0.3470565871811683,-0.997471732522988,0.9210157017922567,-1.0161329645585022,0
-0.2960199349169384,-1.1099901739376037,-1.179024470547907,-0.4851349102034183,-0.404365943111267,-1.177851894974348,-1.002923196931778,1.4316811360790147,-1.0092187012254088,-0.7996548742607882,-0.4814607612315388,0.46464895784237664,0.9841231756854657,0
-1.143265377720465,0.9009088760241706,-0.502969299721533,-0.5997243965628324,-0.7423290972289317,-0.4836327525161911,0.0026532509806712224,1.4316811360790147,1.5688402266692962,1.035083464046342,-0.997471732522988,0.305912699077201,-1.0161329645585022,1
-0.8043672005990544,-1.1099901739376037,-1.179024470547907,-0.8077889614450374,-0.911310674287764,0.9048055324001227,-0.7574675285436998,-0.8828162337175963,-1.623521805137819,0.3470565871811683,-0.997471732522988,0.9606997664835506,-1.0161329645585022,0
-0.9738162891597597,-1.1099901739376037,-0.502969299721533,-0.7962921111046772,-0.23538436605243465,0.9048055324001227,-0.7574675285436998,-1.461440576166749,0.2865244578466693,0.23238544103697253,-0.7394662468772634,0.7424374106814341,-1.0161329645585022,0
-0.9738162891597597,0.9009088760241706,1.5251962127575889,-0.48824600844112565,-0.911310674287764,-1.177851894974348,0.06599664927436881,0.853056793629862,0.001192415045823164,0.6910700256137552,-0.7394662468772634,0.16701847265767225,0.9841231756854657,0
-0.9738162891597597,0.9009088760241706,1.5251962127575889,-0.7920755464880891,-0.911310674287764,0.9048055324001227,-0.7574675285436998,-0.8828162337175963,-1.1804179269059165,0.23238544103697253,-0.997471732522988,-0.686188918205147,-1.0161329645585022,0
-0.2960199349169384,0.9009088760241706,1.5251962127575889,-0.7932441823743345,-0.404365943111267,0.9048055324001227,-0.7574675285436998,-0.8828162337175963,0.001192415045823164,0.23238544103697253,-0.7394662468772634,0.46464895784237664,-1.0161329645585022,0
-0.9738162891597597,0.9009088760241706,-1.179024470547907,-0.7773412588952924,-0.911310674287764,0.9048055324001227,-0.7574675285436998,0.2744324511807092,-0.11965409719924096,0.23238544103697253,-0.997471732522988,-3.662493770052191,0.9841231756854657,0
-0.46546902347764374,-1.1099901739376037,0.8491410419312149,-0.7470672724908,-0.911310674287764,0.9048055324001227,-0.7574675285436998,0.853056793629862,-0.11965409719924096,0.1177142948927768,-0.4814607612315388,-1.9362369559809054,0.9841231756854657,0
-0.9738162891597597,0.9009088760241706,-0.502969299721533,-0.7578534658733083,-0.911310674287764,0.9048055324001227,-0.7574675285436998,0.2744324511807092,-0.005521280078902488,0.1177142948927768,-0.4814607612315388,0.8614896047553159,-1.0161329645585022,0
-0.634918112038349,-1.1099901739376037,-0.502969299721533,-0.7492624128717204,-0.404365943111267,0.9048055324001227,-0.7574675285436998,-0.8828162337175963,0.7866947446387411,0.1177142948927768,-0.7394662468772634,0.305912699077201,0.9841231756854657,0
-0.8043672005990544,0.9009088760241706,-1.179024470547907,-0.7453301110382731,-0.5733475201700994,0.9048055324001227,-0.7574675285436998,0.853056793629862,0.001192415045823164,0.1177142948927768,-0.4814607612315388,-1.5989224061049072,0.9841231756854657,0
-1.143265377720465,0.9009088760241706,-0.502969299721533,-0.7366443037756383,-0.911310674287764,0.9048055324001227,-0.7574675285436998,-1.461440576166749,0.8336906105118219,0.003043148748581378,-0.4814607612315388,-0.22982217425526694,0.9841231756854657,0
-1.143265377720465,0.9009088760241706,-1.179024470547907,-0.7336595445526601,-0.911310674287764,0.9048055324001227,-0.7574675285436998,-0.8828162337175963,-1.173704231781191,0.003043148748581378,-0.997471732522988,-2.134657279437375,0.9841231756854657,0
-0.9738162891597597,-1.1099901739376037,1.5251962127575889,-0.4902674326767934,-0.911310674287764,-1.177851894974348,-0.2507203421941191,0.853056793629862,1.676259348664909,0.23238544103697253,-0.7394662468772634,1.734539027963782,0.9841231756854657,0
-1.143265377720465,0.9009088760241706,0.8491410419312149,-0.7184356932777877,-0.911310674287764,0.9048055324001227,-0.7574675285436998,0.853056793629862,-1.4724636648314886,0.003043148748581378,-0.4814607612315388,-0.686188918205147,0.9841231756854657,0
-0.2960199349169384,-1.1099901739376037,0.17308587110484092,-0.7134137174423006,-0.23538436605243465,0.9048055324001227,-0.7574675285436998,0.2744324511807092,-0.5896127559300467,0.003043148748581378,-0.4814607612315388,1.1591200899400202,-1.0161329645585022,0
-0.9738162891597597,0.9009088760241706,1.5251962127575889,-0.7057859994280232,-0.911310674287764,0.9048055324001227,-0.7574675285436998,0.2744324511807092,0.665848232393677,0.003043148748581378,-0.4814607612315388,1.238488219322608,-1.0161329645585022,0
-0.46546902347764374,0.9009088760241706,0.8491410419312149,-0.6042568087162435,-0.23538436605243465,-1.177851894974348,-1.042512820865339,-0.3041918912684436,-0.16664996307232172,-0.7996548742607882,-0.7394662468772634,0.18686050500331922,-1.0161329645585022,1
-0.9738162891597597,-1.1099901739376037,1.5251962127575889,-0.6857612655934399,-0.911310674287764,0.9048055324001227,-0.7574675285436998,-0.8828162337175963,0.3301634761573873,-0.11162799739561437,-0.4814607612315388,0.305912699077201,-1.0161329645585022,0
-0.8043672005990544,0.9009088760241706,0.8491410419312149,-0.4910886362725334,-0.06640278899360229,-1.177851894974348,-1.327558113186978,1.4316811360790147,-0.059230841076708896,-1.3730106049817663,-0.997471732522988,0.4448069254967297,-1.0161329645585022,0
-0.634918112038349,0.9009088760241706,-0.502969299721533,-0.6740117372236212,-0.5733475201700994,0.9048055324001227,-0.7574675285436998,-0.8828162337175963,-1.3482603050240614,-0.11162799739561437,-0.4814607612315388,1.0202258635204915,-1.0161329645585022,0
-0.8043672005990544,-1.1099901739376037,0.8491410419312149,-0.6798865014085305,-0.404365943111267,0.9048055324001227,-0.7574675285436998,-0.8828162337175963,-1.1804179269059165,-0.11162799739561437,-0.7394662468772634,0.9408577341379036,0.9841231756854657,0
-0.634918112038349,0.9009088760241706,0.8491410419312149,-0.6803918574674475,-0.911310674287764,0.9048055324001227,-0.7574675285436998,1.4316811360790147,0.16232109803924238,-0.11162799739561437,-0.997471732522988,-0.5274526594399713,0.9841231756854657,0
-0.634918112038349,0.9009088760241706,0.8491410419312149,-0.6775334372591986,-0.7423290972289317,0.9048055324001227,-0.7574675285436998,-0.8828162337175963,0.7866947446387411,-0.11162799739561437,-0.7394662468772634,-0.44808453005738347,0.9841231756854657,0
-0.8043672005990544,0.9009088760241706,-0.502969299721533,-0.6820026799052451,-0.911310674287764,0.9048055324001227,-0.7574675285436998,-0.8828162337175963,0.001192415045823164,-0.11162799739561437,-0.4814607612315388,0.38528082845978884,0.9841231756854657,0
-0.2960199349169384,-1.1099901739376037,-1.179024470547907,-0.49100967438832765,-0.404365943111267,-1.177851894974348,-0.6941241302500022,1.4316811360790147,-0.3109944082539262,-0.34097028968400567,-0.7394662468772634,1.0400678958661385,-1.0161329645585022,0
-0.46546902347764374,-1.1099901739376037,0.8491410419312149,-0.6814815314694871,-0.404365943111267,0.9048055324001227,-0.7574675285436998,-1.461440576166749,0.0716862138554443,-0.11162799739561437,-0.7394662468772634,0.8813316371009629,0.9841231756854657,0
-0.634918112038349,0.9009088760241706,-1.179024470547907,-0.4916097847082915,-0.7423290972289317,0.21058638994196582,-1.359229812333827,0.2744324511807092,-1.2207000976542715,-1.3730106049817663,-0.997471732522988,0.2463866020402601,-1.0161329645585022,0
-0.9738162891597597,0.9009088760241706,-0.502969299721533,-0.48357146489614405,-0.911310674287764,-1.177851894974348,-0.7257958293968509,0.2744324511807092,-1.1166378232210217,-0.45564143582820127,-0.4814607612315388,0.9606997664835506,-1.0161329645585022,0
-0.9738162891597597,-1.1099901739376037,1.5251962127575889,-0.6525656894733339,-0.5733475201700994,0.9048055324001227,-0.7574675285436998,1.4316811360790147,-0.21364582894540246,-0.2262991435398101,-0.4814607612315388,-0.36871640067479566,0.9841231756854657,0
-0.634918112038349,-1.1099901739376037,-1.179024470547907,-0.6398844108698872,-0.5733475201700994,0.9048055324001227,-0.7574675285436998,0.2744324511807092,-0.1397951825734185,-0.2262991435398101,-0.997471732522988,0.5440170872249644,-1.0161329645585022,0
-0.9738162891597597,0.9009088760241706,-1.179024470547907,-0.643042886238118,-0.911310674287764,0.9048055324001227,-0.7574675285436998,-1.461440576166749,1.8407448792206904,-0.2262991435398101,-0.997471732522988,-0.22982217425526694,-1.0161329645585022,1
-0.9738162891597597,0.9009088760241706,1.5251962127575889,-0.6373102534447791,-0.5733475201700994,0.9048055324001227,-0.7574675285436998,-1.461440576166749,0.03476089066945202,-0.2262991435398101,-0.4814607612315388,0.5638591195706114,-1.0161329645585022,0
-0.46546902347764374,-1.1099901739376037,1.5251962127575889,-0.6393158853036056,-0.911310674287764,0.9048055324001227,-0.7574675285436998,-0.8828162337175963,-1.2979075915886182,-0.2262991435398101,-0.7394662468772634,0.821805540064022,0.9841231756854657,0
-0.9738162891597597,-1.1099901739376037,-0.502969299721533,-0.48890928826845415,-0.911310674287764,-1.177851894974348,-0.2507203421941191,-1.461440576166749,-0.41841353024953903,0.23238544103697253,-0.4814607612315388,1.0599099282117854,0.9841231756854657,0
-0.9738162891597597,0.9009088760241706,-1.179024470547907,-0.6360942404280102,-0.911310674287764,0.9048055324001227,-0.7574675285436998,-0.8828162337175963,0.8739727812601764,-0.2262991435398101,-0.4814607612315388,1.1194360252487263,-1.0161329645585022,0
-0.8043672005990544,0.9009088760241706,-0.502969299721533,-0.6303142305041478,-0.911310674287764,0.9048055324001227,-0.7574675285436998,1.4316811360790147,0.3301634761573873,-0.2262991435398101,-0.997471732522988,-0.26950623894656084,0.9841231756854657,0
-0.2960199349169384,0.9009088760241706,-0.502969299721533,-0.6186278716416937,-0.06640278899360229,0.9048055324001227,-0.7574675285436998,-0.8828162337175963,0.5651428055227898,-0.2262991435398101,-0.4814607612315388,-0.32903233598350173,0.9841231756854657,0
-0.9738162891597597,0.9009088760241706,-0.502969299721533,-0.6197649227742569,-0.911310674287764,0.9048055324001227,-0.7574675285436998,0.2744324511807092,-1.1804179269059165,-0.2262991435398101,-0.4814607612315388,-3.126758896719723,0.9841231756854657,0
-0.9738162891597597,0.9009088760241706,-1.179024470547907,-0.4859561137991583,-0.911310674287764,-1.177851894974348,0.5450310988704568,-0.8828162337175963,-0.29085332287974863,1.4937680486231246,-0.7394662468772634,0.305912699077201,0.9841231756854657,0
-0.2960199349169384,0.9009088760241706,1.5251962127575889,-0.48890928826845415,-0.06640278899360229,0.21058638994196582,0.8577891279455886,0.2744324511807092,-0.45869570099789353,1.952452633199907,-0.4814607612315388,1.754381060309429,-1.0161329645585022,0
-0.634918112038349,-1.1099901739376037,-1.179024470547907,-0.6179961765680476,-0.5733475201700994,0.9048055324001227,-0.7574675285436998,0.2744324511807092,1.3103629643673533,-0.2262991435398101,-0.4814607612315388,-0.9639773710442044,-1.0161329645585022,1
-0.634918112038349,0.9009088760241706,0.8491410419312149,-0.4896673223568295,-0.7423290972289317,0.21058638994196582,-0.7257958293968509,0.2744324511807092,0.2865244578466693,-0.45564143582820127,-0.4814607612315388,-0.5274526594399713,0.9841231756854657,0
-0.8043672005990544,0.9009088760241706,-1.179024470547907,-0.601224672362742,-0.404365943111267,-1.177851894974348,-1.1177331063391047,-1.461440576166749,0.7094872507043943,-0.9143260204049839,-0.7394662468772634,-1.7378166325244357,-1.0161329645585022,1
-0.8043672005990544,0.9009088760241706,1.5251962127575889,-0.6230181524035346,-0.911310674287764,0.9048055324001227,-0.7574675285436998,-1.461440576166749,1.1861596045599256,-0.2262991435398101,-0.7394662468772634,1.6353288662355472,-1.0161329645585022,1
-0.46546902347764374,-1.1099901739376037,-1.179024470547907,-0.6013983885079947,-0.404365943111267,-1.177851894974348,0.9290504510259984,1.4316811360790147,0.0716862138554443,2.640479510065081,-0.4814607612315388,1.0797519605574324,-1.0161329645585022,1
-0.634918112038349,-1.1099901739376037,1.5251962127575889,-0.6106211365832287,-0.23538436605243465,0.9048055324001227,-0.7574675285436998,0.2744324511807092,0.2865244578466693,-0.2262991435398101,-0.997471732522988,0.5043330225336705,0.9841231756854657,0
-0.2960199349169384,0.9009088760241706,-1.179024470547907,-0.5828265533427975,0.10257878806523006,0.9048055324001227,-0.7574675285436998,-1.461440576166749,-0.707102420612748,-0.34097028968400567,-0.997471732522988,1.2186461869769611,0.9841231756854657,0
-0.9738162891597597,0.9009088760241706,0.8491410419312149,-0.48421895234663137,-0.911310674287764,-1.177851894974348,-0.5674373336626071,1.4316811360790147,-0.3680608168140954,-0.2262991435398101,-0.997471732522988,0.14717644031202531,-1.0161329645585022,0
-0.9738162891597597,-1.1099901739376037,1.5251962127575889,-0.5899015381676345,-0.7423290972289317,0.9048055324001227,-0.7574675285436998,-0.8828162337175963,-1.8752853723150364,-0.34097028968400567,-0.7394662468772634,0.20670253734896618,0.9841231756854657,0
-0.46546902347764374,0.9009088760241706,0.8491410419312149,-0.5799839255113898,-0.23538436605243465,0.9048055324001227,-0.7574675285436998,1.4316811360790147,0.04483143335654109,-0.34097028968400567,-0.997471732522988,-0.22982217425526694,0.9841231756854657,0
-0.46546902347764374,0.9009088760241706,-1.179024470547907,-0.5881485843382664,-0.5733475201700994,0.9048055324001227,-0.7574675285436998,0.2744324511807092,-0.2438574570066685,-0.34097028968400567,-0.997471732522988,-0.26950623894656084,-1.0161329645585022,0
-0.8043672005990544,-1.1099901739376037,0.8491410419312149,-0.48518228733394175,-0.5733475201700994,-0.4836327525161911,0.06599664927436881,-0.8828162337175963,0.5752133482098789,0.6910700256137552,-0.997471732522988,-0.9838194033898514,-1.0161329645585022,0
-0.634918112038349,0.9009088760241706,0.8491410419312149,-0.49037797931468147,-0.23538436605243465,-1.177851894974348,-0.7257958293968509,-0.3041918912684436,-1.2979075915886182,-0.45564143582820127,-0.997471732522988,-0.011559818453150373,-1.0161329645585022,0
-0.9738162891597597,-1.1099901739376037,-0.502969299721533,-0.674611847543585,-0.404365943111267,0.9048055324001227,-0.7574675285436998,0.853056793629862,0.001192415045823164,-0.11162799739561437,-0.7394662468772634,-0.9242933063529105,-1.0161329645585022,1
-0.8043672005990544,0.9009088760241706,-1.179024470547907,-0.5630229127839903,-0.911310674287764,0.9048055324001227,-0.7574675285436998,0.853056793629862,0.03476089066945202,-0.34097028968400567,-0.7394662468772634,0.06780831092943747,-1.0161329645585022,0
-1.143265377720465,-1.1099901739376037,0.8491410419312149,-0.48339774875089137,-0.7423290972289317,-1.177851894974348,-0.3774071387815143,0.2744324511807092,-1.0495008719737637,0.1177142948927768,-0.997471732522988,-0.8052411122790287,0.9841231756854657,0
-0.46546902347764374,0.9009088760241706,0.8491410419312149,-0.678812619783332,-0.404365943111267,0.9048055324001227,-0.7574675285436998,-0.3041918912684436,1.6594751108530943,-0.11162799739561437,-0.997471732522988,-0.36871640067479566,-1.0161329645585022,1
-0.2960199349169384,-1.1099901739376037,-1.179024470547907,-0.4905043183294107,-0.7423290972289317,-1.177851894974348,-0.4090788379283631,0.853056793629862,-1.2106295549671826,0.003043148748581378,-0.997471732522988,-0.5869787564769122,-1.0161329645585022,0
-0.9738162891597597,0.9009088760241706,-0.502969299721533,-0.4818343034436171,-0.7423290972289317,-1.177851894974348,-0.46846327382870456,-1.461440576166749,1.417782086362966,-0.11162799739561437,-0.7394662468772634,-0.15045404487267908,-1.0161329645585022,0
-0.2960199349169384,0.9009088760241706,1.5251962127575889,-0.48399785907085524,-0.911310674287764,-1.177851894974348,0.06599664927436881,-0.8828162337175963,0.2865244578466693,0.6910700256137552,-0.7394662468772634,1.2186461869769611,-1.0161329645585022,0
-0.8043672005990544,-1.1099901739376037,0.8491410419312149,-0.483255617359321,-0.911310674287764,-1.177851894974348,-0.7257958293968509,-0.8828162337175963,-1.1166378232210217,-0.45564143582820127,-0.4814607612315388,-3.3648632848674866,0.9841231756854657,0
-0.46546902347764374,0.9009088760241706,1.5251962127575889,-0.5264951451504009,-0.23538436605243465,0.9048055324001227,-0.7574675285436998,0.2744324511807092,0.23617174441122635,-0.45564143582820127,-0.4814607612315388,0.6630692812988462,0.9841231756854657,0
-0.9738162891597597,0.9009088760241706,-1.179024470547907,-0.6305353237799239,-0.911310674287764,0.9048055324001227,-0.7574675285436998,0.853056793629862,0.9981761410676039,-0.2262991435398101,-0.997471732522988,1.0797519605574324,-1.0161329645585022,1
-0.9738162891597597,-1.1099901739376037,-0.502969299721533,-0.5125820611533441,-0.911310674287764,0.9048055324001227,-0.7574675285436998,-0.8828162337175963,0.9377528849450718,-0.45564143582820127,-0.7394662468772634,0.8614896047553159,-1.0161329645585022,0
-0.2960199349169384,0.9009088760241706,0.8491410419312149,-0.4851349102034183,-0.06640278899360229,0.9048055324001227,-0.7574675285436998,-0.8828162337175963,0.665848232393677,-0.45564143582820127,-0.4814607612315388,-0.09092794783573821,0.9841231756854657,0
-0.9738162891597597,0.9009088760241706,-1.179024470547907,-0.4793549002795559,-0.911310674287764,-1.177851894974348,0.30353439287573475,0.2744324511807092,0.27645391515958084,1.035083464046342,-0.4814607612315388,0.3455967637684949,-1.0161329645585022,0
-0.634918112038349,-1.1099901739376037,-0.502969299721533,-0.4759121621281843,-0.911310674287764,0.9048055324001227,-0.7574675285436998,0.2744324511807092,0.954537122756886,-0.45564143582820127,-0.7394662468772634,1.298014316359549,-1.0161329645585022,0
-0.9738162891597597,-1.1099901739376037,0.8491410419312149,-0.46117787453538756,-0.911310674287764,0.9048055324001227,-0.7574675285436998,-0.8828162337175963,0.2965950005337584,-0.570312581972397,-0.7394662468772634,-0.6068207888225592,-1.0161329645585022,0
-0.46546902347764374,0.9009088760241706,1.5251962127575889,-0.48006555723740785,-0.911310674287764,-1.177851894974348,-0.4882580857954851,-0.3041918912684436,-0.46205254856025635,-0.11162799739561437,-0.4814607612315388,0.5638591195706114,-1.0161329645585022,0
-0.9738162891597597,0.9009088760241706,-1.179024470547907,-0.46400470998995413,-0.911310674287764,0.9048055324001227,-0.7574675285436998,-0.8828162337175963,0.665848232393677,-0.570312581972397,-0.4814607612315388,-0.8250831446246757,0.9841231756854657,0
-0.9738162891597597,0.9009088760241706,0.8491410419312149,-0.45293425382430513,-0.911310674287764,0.9048055324001227,-0.7574675285436998,-1.461440576166749,1.1223795008750308,-0.570312581972397,-0.4814607612315388,-0.6663468858595001,0.9841231756854657,0
-0.46546902347764374,-1.1099901739376037,-1.179024470547907,-0.4561874834535829,-0.404365943111267,0.9048055324001227,-0.7574675285436998,-1.461440576166749,0.7430557263280237,-0.570312581972397,-0.4814607612315388,-2.154499311783022,0.9841231756854657,0
-0.9738162891597597,-1.1099901739376037,1.5251962127575889,-0.4311723585371948,-0.911310674287764,0.9048055324001227,-0.7574675285436998,0.853056793629862,0.007906110170548816,-0.570312581972397,-0.4814607612315388,0.12733440796637835,-1.0161329645585022,0
-0.9738162891597597,-1.1099901739376037,-1.179024470547907,-0.47439609395143356,-0.5733475201700994,-1.177851894974348,-0.527847709729046,1.4316811360790147,0.001192415045823164,-0.11162799739561437,-0.997471732522988,0.26622863438590705,0.9841231756854657,0
-0.2960199349169384,-1.1099901739376037,0.17308587110484092,-0.3955763411372335,-0.404365943111267,0.9048055324001227,-0.7574675285436998,-0.8828162337175963,1.223084927745918,-0.570312581972397,-0.997471732522988,0.46464895784237664,0.9841231756854657,0
-0.46546902347764374,-1.1099901739376037,0.8491410419312149,-0.39019114063439997,-0.911310674287764,0.9048055324001227,-0.7574675285436998,-0.8828162337175963,-1.173704231781191,-0.570312581972397,-0.7394662468772634,-1.7576586648700827,0.9841231756854657,0
-0.2960199349169384,0.9009088760241706,-0.502969299721533,-0.3898595007207357,0.4405419421828948,0.9048055324001227,-0.7574675285436998,0.2744324511807092,-1.8752853723150364,-0.570312581972397,-0.997471732522988,-1.9560789883265524,-1.0161329645585022,0
-0.8043672005990544,-1.1099901739376037,-0.502969299721533,-0.5034540673391571,-0.911310674287764,0.9048055324001227,-0.7574675285436998,0.853056793629862,2.344272013575125,-0.45564143582820127,-0.4814607612315388,0.782121475372728,-1.0161329645585022,1
-0.2960199349169384,0.9009088760241706,0.8491410419312149,-0.47098494055374424,-0.23538436605243465,-1.177851894974348,-0.963333572998217,-0.3041918912684436,-1.2979075915886182,-0.7996548742607882,-0.4814607612315388,1.1591200899400202,0.9841231756854657,0
-0.2960199349169384,-1.1099901739376037,-0.502969299721533,-0.4753120518082205,-0.5733475201700994,-1.177851894974348,0.06599664927436881,0.853056793629862,0.830333762949459,0.6910700256137552,-0.7394662468772634,0.8813316371009629,0.9841231756854657,0
-0.2960199349169384,0.9009088760241706,-1.179024470547907,-0.3939181415689123,-0.404365943111267,0.9048055324001227,-0.7574675285436998,0.853056793629862,0.6893461653302174,-0.570312581972397,-0.4814607612315388,0.46464895784237664,-1.0161329645585022,0
-0.9738162891597597,0.9009088760241706,0.8491410419312149,-0.4740170769072458,-0.911310674287764,-1.177851894974348,1.1824240442007887,-0.8828162337175963,0.001192415045823164,2.2964660716324943,-0.997471732522988,0.6829113136444932,-1.0161329645585022,0
-1.143265377720465,-1.1099901739376037,1.5251962127575889,-0.38663785584514027,-0.911310674287764,0.9048055324001227,-0.7574675285436998,1.4316811360790147,-1.173704231781191,-0.570312581972397,-0.4814607612315388,-0.6266628211682062,0.9841231756854657,0
-0.8043672005990544,0.9009088760241706,-1.179024470547907,-0.3980399519244535,-0.23538436605243465,0.9048055324001227,-0.7574675285436998,0.853056793629862,0.9981761410676039,-0.570312581972397,-0.997471732522988,0.22654456969461315,0.9841231756854657,0
-0.8043672005990544,0.9009088760241706,-0.502969299721533,-0.3879486231229561,-0.7423290972289317,0.9048055324001227,-0.7574675285436998,-0.8828162337175963,0.7430557263280237,-0.570312581972397,-0.4814607612315388,1.1194360252487263,0.9841231756854657,0
-0.46546902347764374,0.9009088760241706,-0.502969299721533,-0.38954365318391265,-0.23538436605243465,0.9048055324001227,-0.7574675285436998,0.853056793629862,-0.522475804682789,-0.570312581972397,-0.4814607612315388,-0.32903233598350173,0.9841231756854657,0
-0.2960199349169384,0.9009088760241706,-0.502969299721533,-0.38643255494620526,-0.23538436605243465,0.9048055324001227,-0.7574675285436998,1.4316811360790147,-0.5896127559300467,-0.570312581972397,-0.997471732522988,-1.658448503141848,0.9841231756854657,0
-0.634918112038349,0.9009088760241706,-1.179024470547907,-0.37684658220362477,-0.23538436605243465,0.9048055324001227,-0.7574675285436998,-1.461440576166749,-1.1804179269059165,-0.570312581972397,-0.997471732522988,-1.182239726846321,0.9841231756854657,0
-0.634918112038349,0.9009088760241706,0.8491410419312149,-0.37555160730265014,-0.911310674287764,0.9048055324001227,-0.7574675285436998,0.853056793629862,-0.707102420612748,-0.570312581972397,-0.997471732522988,-1.8965528912896115,0.9841231756854657,0
-0.634918112038349,-1.1099901739376037,-0.502969299721533,-0.47539101369242626,-0.23538436605243465,-1.177851894974348,-0.2507203421941191,0.2744324511807092,0.3301634761573873,0.23238544103697253,-0.4814607612315388,-0.8449251769703227,0.9841231756854657,0
-0.9738162891597597,0.9009088760241706,-0.502969299721533,-0.46572607906563995,-0.911310674287764,-1.177851894974348,-0.25467930458747523,0.853056793629862,-1.7510820125076092,0.23238544103697253,-0.7394662468772634,-0.7258729828964409,0.9841231756854657,0
-0.46546902347764374,-1.1099901739376037,-0.502969299721533,-0.476291179172372,-0.5733475201700994,-1.177851894974348,0.018489100554095618,0.2744324511807092,-0.46205254856025635,0.5763988794695595,-0.4814607612315388,-1.8767108589439645,0.9841231756854657,0
-1.143265377720465,0.9009088760241706,-1.179024470547907,-0.3431930271551254,-0.911310674287764,0.9048055324001227,-0.7574675285436998,-1.461440576166749,-1.0427871768490378,-0.6849837281165926,-0.997471732522988,-2.134657279437375,0.9841231756854657,0
-0.8043672005990544,0.9009088760241706,1.5251962127575889,-0.47145871185897886,-0.911310674287764,-1.177851894974348,0.12934004756806639,0.2744324511807092,-0.33784918875282943,0.8057411717579506,-0.997471732522988,-0.5472946917856183,0.9841231756854657,0
-0.8043672005990544,-1.1099901739376037,0.8491410419312149,-0.33894487778485494,-0.911310674287764,0.9048055324001227,-0.7574675285436998,1.4316811360790147,-1.0427871768490378,-0.6849837281165926,-0.7394662468772634,-0.09092794783573821,0.9841231756854657,0
-0.634918112038349,0.9009088760241706,0.8491410419312149,-0.4703058683495746,-0.5733475201700994,-1.177851894974348,-1.327558113186978,-0.8828162337175963,0.001192415045823164,-1.3730106049817663,-0.7394662468772634,0.32575473142284794,0.9841231756854657,0
-0.2960199349169384,0.9009088760241706,-1.179024470547907,-0.45482933904524364,-0.23538436605243465,0.9048055324001227,-0.7574675285436998,1.4316811360790147,1.0955247203761276,-0.570312581972397,-0.997471732522988,-1.3012919209202027,-1.0161329645585022,1
-0.8043672005990544,-1.1099901739376037,0.8491410419312149,-0.47392232264619893,-0.7423290972289317,0.21058638994196582,1.8079401023510524,0.2744324511807092,-1.623521805137819,3.213835240786059,-0.7394662468772634,0.0479662785837905,0.9841231756854657,0
-0.634918112038349,0.9009088760241706,0.8491410419312149,-0.4491914605129516,-0.7423290972289317,0.9048055324001227,-0.7574675285436998,-0.8828162337175963,1.417782086362966,-0.570312581972397,-0.997471732522988,-2.2933935382025505,-1.0161329645585022,1
-0.9738162891597597,0.9009088760241706,0.8491410419312149,-0.477522984565982,-0.911310674287764,0.21058638994196582,0.06599664927436881,1.4316811360790147,0.5382880250238866,0.6910700256137552,-0.997471732522988,-0.7853990799333818,-1.0161329645585022,0
-0.8043672005990544,0.9009088760241706,-1.179024470547907,-0.34229286167517964,-0.911310674287764,0.9048055324001227,-0.7574675285436998,0.2744324511807092,-1.8752853723150364,-0.6849837281165926,-0.7394662468772634,0.9606997664835506,0.9841231756854657,0
-0.46546902347764374,0.9009088760241706,-1.179024470547907,-0.4791811841343032,-0.7423290972289317,-1.177851894974348,-0.2507203421941191,-0.3041918912684436,-1.7510820125076092,0.23238544103697253,-0.997471732522988,0.26622863438590705,0.9841231756854657,0
-0.9738162891597597,-1.1099901739376037,1.5251962127575889,-0.3379973351743857,-0.911310674287764,0.9048055324001227,-0.7574675285436998,-1.461440576166749,0.6624913848313142,-0.6849837281165926,-0.997471732522988,0.8416475724096689,0.9841231756854657,0
-0.634918112038349,-1.1099901739376037,-0.502969299721533,-0.4695478342611992,-0.5733475201700994,0.21058638994196582,0.7627740305050422,1.4316811360790147,1.1223795008750308,1.7231103409115156,-0.997471732522988,-1.2616078562289088,-1.0161329645585022,0
-0.46546902347764374,-1.1099901739376037,0.8491410419312149,-0.3368918687955049,-0.911310674287764,0.9048055324001227,-0.7574675285436998,0.2744324511807092,0.001192415045823164,-0.6849837281165926,-0.7394662468772634,0.6630692812988462,0.9841231756854657,0
-0.2960199349169384,-1.1099901739376037,-1.179024470547907,-0.4648417059625353,-0.23538436605243465,-1.177851894974348,-0.3298995900612411,0.853056793629862,-1.0495008719737637,0.1177142948927768,-0.997471732522988,-0.9838194033898514,-1.0161329645585022,0
-0.634918112038349,0.9009088760241706,0.8491410419312149,-0.3366549831428876,-0.5733475201700994,0.9048055324001227,-0.7574675285436998,0.853056793629862,-0.37813135950118393,-0.6849837281165926,-0.7394662468772634,0.6829113136444932,0.9841231756854657,0
-0.8043672005990544,0.9009088760241706,-0.502969299721533,-0.32913781176649826,-0.911310674287764,0.9048055324001227,-0.7574675285436998,-1.461440576166749,-0.21700267650776528,-0.6849837281165926,-0.7394662468772634,0.7027533459901402,-1.0161329645585022,0
-0.8043672005990544,-1.1099901739376037,-1.179024470547907,-0.3199940255754701,-0.7423290972289317,0.9048055324001227,-0.7574675285436998,0.2744324511807092,0.11868207972852446,-0.6849837281165926,-0.4814607612315388,0.3455967637684949,-1.0161329645585022,0
-0.8043672005990544,-1.1099901739376037,1.5251962127575889,-0.4763385563028955,-0.911310674287764,-1.177851894974348,0.06599664927436881,0.2744324511807092,-1.2979075915886182,0.6910700256137552,-0.997471732522988,0.6829113136444932,0.9841231756854657,0
-0.8043672005990544,-1.1099901739376037,0.8491410419312149,-0.47562789934504357,-0.911310674287764,-1.177851894974348,1.0161476236798326,-0.8828162337175963,0.001192415045823164,2.0671237793441026,-0.4814607612315388,0.9011736694466097,0.9841231756854657,0
-0.46546902347764374,0.9009088760241706,1.5251962127575889,-0.2967318544884501,-0.06640278899360229,0.9048055324001227,-0.7574675285436998,-0.8828162337175963,1.6628319584154578,-0.6849837281165926,-0.997471732522988,0.22654456969461315,0.9841231756854657,0
-0.634918112038349,-1.1099901739376037,-1.179024470547907,-0.4758647849976609,-0.7423290972289317,-1.177851894974348,-0.5674373336626071,-0.8828162337175963,0.6423502994571366,-0.2262991435398101,-0.7394662468772634,0.6829113136444932,-1.0161329645585022,0
-0.46546902347764374,0.9009088760241706,1.5251962127575889,-0.2976320199683959,-0.23538436605243465,0.9048055324001227,-0.7574675285436998,1.4316811360790147,-0.005521280078902488,-0.6849837281165926,-0.4814607612315388,0.7027533459901402,0.9841231756854657,0
-0.9738162891597597,0.9009088760241706,0.8491410419312149,-0.47496461951771507,-0.911310674287764,-1.177851894974348,0.6598410082777837,-0.8828162337175963,-0.059230841076708896,1.6084391947673204,-0.4814607612315388,-1.3806600503027906,0.9841231756854657,0
-0.8043672005990544,0.9009088760241706,0.8491410419312149,-0.4725168011073362,-0.5733475201700994,0.21058638994196582,0.4143853398897055,0.2744324511807092,0.11868207972852446,1.1497546101905376,-0.4814607612315388,0.4448069254967297,-1.0161329645585022,0
-0.9738162891597597,0.9009088760241706,0.8491410419312149,-0.580931468121859,-0.911310674287764,-1.177851894974348,-0.9474977234247925,-1.461440576166749,1.575553921794022,-0.6849837281165926,-0.4814607612315388,0.6035431842619053,-1.0161329645585022,1
-0.8043672005990544,-1.1099901739376037,-1.179024470547907,-0.5835530026774906,-0.911310674287764,-1.177851894974348,-0.8841543251310949,0.2744324511807092,0.001192415045823164,-0.570312581972397,-0.4814607612315388,-0.4877685947486774,-1.0161329645585022,1
-0.8043672005990544,0.9009088760241706,-1.179024470547907,-0.2988322406083236,-0.23538436605243465,0.9048055324001227,-0.7574675285436998,-0.8828162337175963,-0.21364582894540246,-0.6849837281165926,-0.7394662468772634,0.4249648931510827,0.9841231756854657,0
-0.9738162891597597,-1.1099901739376037,-0.502969299721533,-0.2961633289221685,-0.911310674287764,0.9048055324001227,-0.7574675285436998,0.2744324511807092,0.561785957960427,-0.6849837281165926,-0.7394662468772634,0.6035431842619053,-1.0161329645585022,0
-0.2960199349169384,-1.1099901739376037,1.5251962127575889,-0.29981136797247515,-0.23538436605243465,0.9048055324001227,-0.7574675285436998,1.4316811360790147,0.001192415045823164,-0.6849837281165926,-0.7394662468772634,0.4448069254967297,0.9841231756854657,0
-0.634918112038349,0.9009088760241706,-0.502969299721533,-0.3000956307556159,-0.911310674287764,0.9048055324001227,-0.7574675285436998,1.4316811360790147,0.7430557263280237,-0.6849837281165926,-0.4814607612315388,-1.6981325678331418,0.9841231756854657,0
-0.2960199349169384,0.9009088760241706,-0.502969299721533,-0.25957239178121455,-0.7423290972289317,0.9048055324001227,-0.7574675285436998,-0.8828162337175963,-0.34120603631519225,-0.6849837281165926,-0.997471732522988,0.782121475372728,0.9841231756854657,0
-0.8043672005990544,-1.1099901739376037,-0.502969299721533,-0.26503655416825384,-0.7423290972289317,0.9048055324001227,-0.7574675285436998,-0.8828162337175963,-0.37813135950118393,-0.6849837281165926,-0.997471732522988,-1.2219237915376149,0.9841231756854657,0
-0.634918112038349,-1.1099901739376037,-1.179024470547907,-0.2036515853866879,-0.911310674287764,0.9048055324001227,-0.7574675285436998,0.853056793629862,-1.371758237960602,-0.7996548742607882,-0.7394662468772634,0.32575473142284794,-1.0161329645585022,0
-1.143265377720465,0.9009088760241706,-0.502969299721533,-0.19943502077009978,-0.911310674287764,0.9048055324001227,-0.7574675285436998,-0.8828162337175963,0.03811773823181484,-0.7996548742607882,-0.4814607612315388,1.2186461869769611,0.9841231756854657,0
-0.46546902347764374,0.9009088760241706,0.8491410419312149,-0.32113107670803315,-0.23538436605243465,0.9048055324001227,-0.7574675285436998,0.2744324511807092,1.327147202179168,-0.6849837281165926,-0.997471732522988,0.6432272489531993,-1.0161329645585022,1
-0.8043672005990544,0.9009088760241706,-1.179024470547907,-0.47101652530742655,-0.911310674287764,-1.177851894974348,-0.5674373336626071,-0.8828162337175963,-1.6705176710108995,-0.2262991435398101,-0.4814607612315388,-0.5274526594399713,-1.0161329645585022,0
-0.46546902347764374,0.9009088760241706,1.5251962127575889,-0.20153540688997326,-0.5733475201700994,0.9048055324001227,-0.7574675285436998,0.2744324511807092,-1.0427871768490378,-0.7996548742607882,-0.7394662468772634,-0.30919030363785477,0.9841231756854657,0
-0.9738162891597597,0.9009088760241706,-0.502969299721533,-0.4660893037329865,-0.7423290972289317,-1.177851894974348,0.38271364074285674,-0.8828162337175963,-1.6705176710108995,1.1497546101905376,-0.997471732522988,1.1789621222856672,-1.0161329645585022,0
-0.8043672005990544,0.9009088760241706,0.8491410419312149,-0.16734491102887467,-0.911310674287764,0.9048055324001227,-0.7574675285436998,0.853056793629862,-0.21028898138303903,-0.7996548742607882,-0.7394662468772634,0.5837011519162584,0.9841231756854657,0
-1.143265377720465,0.9009088760241706,-0.502969299721533,-0.47264314012206543,-0.911310674287764,-1.177851894974348,-0.4090788379283631,-1.461440576166749,-1.6705176710108995,0.003043148748581378,-0.7394662468772634,-1.3806600503027906,0.9841231756854657,0
-0.2960199349169384,0.9009088760241706,-0.502969299721533,-0.2647364990082719,-0.404365943111267,0.9048055324001227,-0.7574675285436998,0.2744324511807092,2.344272013575125,-0.6849837281165926,-0.4814607612315388,0.08765034327508442,-1.0161329645585022,1
-0.2960199349169384,0.9009088760241706,1.5251962127575889,-0.473006364789412,-0.06640278899360229,-1.177851894974348,-0.2507203421941191,0.853056793629862,-1.6705176710108995,0.23238544103697253,-0.7394662468772634,1.0202258635204915,0.9841231756854657,0
-0.2960199349169384,0.9009088760241706,-0.502969299721533,-0.24122164989179348,-0.404365943111267,0.9048055324001227,-0.7574675285436998,0.853056793629862,1.5486991412951188,-0.7996548742607882,-0.7394662468772634,-1.4203441149940845,-1.0161329645585022,1
-0.2960199349169384,-1.1099901739376037,1.5251962127575889,-0.10741284091669492,-0.06640278899360229,0.9048055324001227,-0.7574675285436998,-0.3041918912684436,-1.0427871768490378,-0.7996548742607882,-0.7394662468772634,1.4170665104334308,0.9841231756854657,0
-0.634918112038349,-1.1099901739376037,-0.502969299721533,-0.10867623106398724,-0.404365943111267,0.9048055324001227,-0.7574675285436998,-0.3041918912684436,-1.4993184453303918,-0.7996548742607882,-0.4814607612315388,-2.5513399586959613,0.9841231756854657,0
-0.9738162891597597,-1.1099901739376037,1.5251962127575889,-0.46937411811594654,-0.911310674287764,-1.177851894974348,-0.5040939353689095,1.4316811360790147,-0.34120603631519225,-0.11162799739561437,-0.4814607612315388,0.16701847265767225,-1.0161329645585022,0
-0.634918112038349,-1.1099901739376037,-1.179024470547907,-0.07200633203882746,-0.404365943111267,0.9048055324001227,-0.7574675285436998,0.853056793629862,-1.2979075915886182,-0.9143260204049839,-0.7394662468772634,1.0202258635204915,-1.0161329645585022,0
-0.2960199349169384,-1.1099901739376037,-1.179024470547907,-0.4664683207771742,0.10257878806523006,0.21058638994196582,-0.09236184645987515,-0.3041918912684436,0.001192415045823164,0.4617277333253637,-0.4814607612315388,-1.7973427295613766,0.9841231756854657,0
-0.9738162891597597,-1.1099901739376037,0.8491410419312149,-0.4651575534993584,-0.911310674287764,0.21058638994196582,-1.359229812333827,0.853056793629862,-1.3482603050240614,-1.3730106049817663,-0.997471732522988,-0.46792656240303043,-1.0161329645585022,0
-0.2960199349169384,-1.1099901739376037,-0.502969299721533,-0.014711588859120439,-0.911310674287764,0.9048055324001227,-0.7574675285436998,-0.3041918912684436,0.9108981044461687,-0.9143260204049839,-0.997471732522988,0.9210157017922567,0.9841231756854657,0
-0.634918112038349,0.9009088760241706,-1.179024470547907,-0.01673301309478816,-0.7423290972289317,0.9048055324001227,-0.7574675285436998,0.853056793629862,-1.0495008719737637,-0.9143260204049839,-0.4814607612315388,-1.3409759856114967,0.9841231756854657,0
-0.634918112038349,-1.1099901739376037,0.8491410419312149,-0.47109548719163236,-0.7423290972289317,-1.177851894974348,-1.121692068732461,1.4316811360790147,-1.2475548781531747,-1.0289971665491795,-0.997471732522988,0.4448069254967297,-1.0161329645585022,0
-0.46546902347764374,-1.1099901739376037,0.8491410419312149,-0.014174648046521202,-0.23538436605243465,0.9048055324001227,-0.7574675285436998,-0.3041918912684436,0.8336906105118219,-0.9143260204049839,-0.7394662468772634,0.6829113136444932,0.9841231756854657,0
-1.143265377720465,0.9009088760241706,0.8491410419312149,-0.4709375634232208,-0.911310674287764,-1.177851894974348,-1.042512820865339,0.853056793629862,-1.7510820125076092,-0.9143260204049839,-0.4814607612315388,-0.011559818453150373,0.9841231756854657,0
-1.143265377720465,0.9009088760241706,0.8491410419312149,-0.4637204472068134,-0.911310674287764,-1.177851894974348,-0.2190486430472703,0.853056793629862,-1.3751150855229646,0.23238544103697253,-0.7394662468772634,-0.26950623894656084,0.9841231756854657,0
-0.8043672005990544,-1.1099901739376037,0.8491410419312149,-0.5815631631955052,-0.911310674287764,-1.177851894974348,-0.7257958293968509,-0.8828162337175963,0.6624913848313142,-0.2262991435398101,-0.7394662468772634,0.5440170872249644,-1.0161329645585022,1
-0.9738162891597597,0.9009088760241706,1.5251962127575889,-0.4653944391519757,-0.911310674287764,-1.177851894974348,-0.5674373336626071,-0.8828162337175963,0.2865244578466693,-0.2262991435398101,-0.997471732522988,0.7225953783357871,-1.0161329645585022,0
-0.8043672005990544,0.9009088760241706,-0.502969299721533,0.06113919710894263,-0.911310674287764,0.9048055324001227,-0.7574675285436998,0.2744324511807092,-0.0860856215756121,-0.9143260204049839,-0.997471732522988,0.286070666731554,0.9841231756854657,0
-0.8043672005990544,-1.1099901739376037,-0.502969299721533,0.08103759192879678,-0.5733475201700994,0.9048055324001227,-0.7574675285436998,0.853056793629862,0.001192415045823164,-0.9143260204049839,-0.997471732522988,-1.0830295651180861,0.9841231756854657,0
-0.2960199349169384,-1.1099901739376037,1.5251962127575889,0.11928672863807196,-0.911310674287764,0.9048055324001227,-0.7574675285436998,-0.3041918912684436,0.2865244578466693,-1.0289971665491795,-0.7394662468772634,1.1789621222856672,-1.0161329645585022,0
-0.634918112038349,0.9009088760241706,0.8491410419312149,0.11892350397072543,-0.7423290972289317,0.9048055324001227,-0.7574675285436998,-0.3041918912684436,-1.2979075915886182,-1.0289971665491795,-0.997471732522988,-1.4997122443766724,0.9841231756854657,0
-0.9738162891597597,-1.1099901739376037,0.8491410419312149,0.025843234868963248,-0.911310674287764,0.9048055324001227,-0.7574675285436998,-1.461440576166749,1.9112386780303117,-0.9143260204049839,-0.997471732522988,1.1194360252487263,-1.0161329645585022,1
-0.634918112038349,-1.1099901739376037,-0.502969299721533,0.06126553612367186,-0.7423290972289317,0.9048055324001227,-0.7574675285436998,-1.461440576166749,1.4110683912382405,-0.9143260204049839,-0.4814607612315388,-0.40840046536608954,-1.0161329645585022,1
-0.9738162891597597,0.9009088760241706,0.8491410419312149,0.1754760054388982,-0.911310674287764,0.9048055324001227,-0.7574675285436998,-1.461440576166749,0.4040141225293712,-1.0289971665491795,-0.997471732522988,-0.7258729828964409,0.9841231756854657,0
-0.634918112038349,0.9009088760241706,0.8491410419312149,-0.4676369566634196,-0.911310674287764,0.21058638994196582,0.06599664927436881,-0.3041918912684436,1.451350561986595,0.6910700256137552,-0.4814607612315388,-0.09092794783573821,0.9841231756854657,0
-0.634918112038349,-1.1099901739376037,1.5251962127575889,-0.47002160556643385,-0.911310674287764,-1.177851894974348,-0.09236184645987515,-1.461440576166749,-0.37813135950118393,0.4617277333253637,-0.997471732522988,1.0995939929030794,-1.0161329645585022,0
-0.8043672005990544,-1.1099901739376037,0.8491410419312149,-0.46902668582544116,-0.5733475201700994,-1.177851894974348,0.06599664927436881,1.4316811360790147,1.327147202179168,0.6910700256137552,-0.997471732522988,0.3654387961141419,0.9841231756854657,0
-0.9738162891597597,0.9009088760241706,-1.179024470547907,-0.4682528593602246,-0.7423290972289317,-1.177851894974348,-0.2903099661276801,-1.461440576166749,-0.37813135950118393,0.1177142948927768,-0.7394662468772634,0.5440170872249644,0.9841231756854657,0
-0.8043672005990544,-1.1099901739376037,-0.502969299721533,0.38368270171267366,-0.911310674287764,0.9048055324001227,-0.7574675285436998,1.4316811360790147,-0.4654093961226198,-1.0289971665491795,-0.7394662468772634,0.14717644031202531,-1.0161329645585022,0
-0.2960199349169384,0.9009088760241706,-0.502969299721533,0.4425882673301784,-0.06640278899360229,0.9048055324001227,-0.7574675285436998,-0.8828162337175963,-1.6839450612603513,-1.143668312693375,-0.997471732522988,-0.24966420660091387,-1.0161329645585022,0
-1.143265377720465,-1.1099901739376037,-0.502969299721533,0.45615391903672975,-0.911310674287764,0.9048055324001227,-0.7574675285436998,-0.8828162337175963,-0.4654093961226198,-1.143668312693375,-0.7394662468772634,-0.44808453005738347,-1.0161329645585022,0
-0.8043672005990544,-1.1099901739376037,1.5251962127575889,0.5034678800528274,-0.911310674287764,0.9048055324001227,-0.7574675285436998,0.2744324511807092,-0.33784918875282943,-1.143668312693375,-0.7394662468772634,1.4170665104334308,-1.0161329645585022,0
-0.9738162891597597,0.9009088760241706,-1.179024470547907,-0.471363957597932,-0.911310674287764,0.21058638994196582,-1.121692068732461,0.2744324511807092,1.327147202179168,-1.0289971665491795,-0.4814607612315388,-1.4401861473397315,0.9841231756854657,0
-0.2960199349169384,-1.1099901739376037,-0.502969299721533,0.5573830545885274,-0.06640278899360229,0.9048055324001227,-0.7574675285436998,-1.461440576166749,0.001192415045823164,-1.143668312693375,-0.4814607612315388,0.4249648931510827,0.9841231756854657,0
-0.9738162891597597,0.9009088760241706,-1.179024470547907,-0.4653312696446111,-0.7423290972289317,-1.177851894974348,-0.5674373336626071,1.4316811360790147,-0.811164695045998,-0.2262991435398101,-0.4814607612315388,1.1392780575943733,0.9841231756854657,0
-0.634918112038349,-1.1099901739376037,1.5251962127575889,0.713332775894924,-0.404365943111267,0.9048055324001227,-0.7574675285436998,1.4316811360790147,-0.08944246913797492,-1.143668312693375,-0.997471732522988,0.9011736694466097,0.9841231756854657,0
-0.634918112038349,-1.1099901739376037,-1.179024470547907,0.7411273591353552,-0.5733475201700994,0.9048055324001227,-0.7574675285436998,-0.3041918912684436,0.001192415045823164,-1.143668312693375,-0.997471732522988,0.20670253734896618,0.9841231756854657,0
-0.9738162891597597,0.9009088760241706,-1.179024470547907,-0.474443471081957,-0.911310674287764,-1.177851894974348,-1.042512820865339,-0.8828162337175963,0.3939435798422821,-0.9143260204049839,-0.4814607612315388,1.0202258635204915,-1.0161329645585022,0
-1.143265377720465,0.9009088760241706,-0.502969299721533,-0.47101652530742655,-0.911310674287764,0.21058638994196582,-0.7257958293968509,0.853056793629862,-1.0964967378468442,-0.45564143582820127,-0.7394662468772634,0.9011736694466097,0.9841231756854657,0
-0.9738162891597597,-1.1099901739376037,-0.502969299721533,0.928456533225125,-0.911310674287764,0.9048055324001227,-0.7574675285436998,0.2744324511807092,-1.0495008719737637,-1.2583394588375707,-0.997471732522988,0.3654387961141419,0.9841231756854657,0
-0.46546902347764374,0.9009088760241706,0.8491410419312149,1.0306805885179153,-0.911310674287764,0.9048055324001227,-0.7574675285436998,0.853056793629862,1.0787404825643134,-1.2583394588375707,-0.7394662468772634,-1.7973427295613766,0.9841231756854657,0
-0.8043672005990544,0.9009088760241706,-0.502969299721533,-0.468805592549665,-0.5733475201700994,-1.177851894974348,-0.5674373336626071,-1.461440576166749,-0.5661148229935064,-0.2262991435398101,-0.7394662468772634,-0.32903233598350173,0.9841231756854657,0
-0.634918112038349,-1.1099901739376037,-0.502969299721533,1.1279774222362657,-0.911310674287764,0.9048055324001227,-0.7574675285436998,0.853056793629862,-1.4254677989584081,-1.2583394588375707,-0.7394662468772634,-1.2814498885745558,0.9841231756854657,0
-0.8043672005990544,-1.1099901739376037,1.5251962127575889,-0.46964258852224616,-0.7423290972289317,-1.177851894974348,-0.804975077263973,1.4316811360790147,-0.018948670328354386,-0.570312581972397,-0.4814607612315388,0.20670253734896618,0.9841231756854657,0
-0.9738162891597597,-1.1099901739376037,1.5251962127575889,-0.8067940417040447,-0.911310674287764,0.9048055324001227,-0.7495496037569875,1.4316811360790147,1.0955247203761276,0.3470565871811683,-0.4814607612315388,1.258330251668255,-1.0161329645585022,0
-0.634918112038349,0.9009088760241706,-1.179024470547907,-0.4852928339718299,-0.06640278899360229,0.9048055324001227,-0.7495496037569875,-0.8828162337175963,-1.4724636648314886,-0.45564143582820127,-0.997471732522988,0.782121475372728,0.9841231756854657,0
-0.634918112038349,-1.1099901739376037,-1.179024470547907,-0.2234710183223363,-0.5733475201700994,0.9048055324001227,-0.7495496037569875,-0.3041918912684436,-0.8447331706696268,-0.7996548742607882,-0.997471732522988,-0.32903233598350173,0.9841231756854657,0
-0.8043672005990544,0.9009088760241706,1.5251962127575889,-0.46591558758773377,-0.5733475201700994,-1.177851894974348,-0.3298995900612411,0.2744324511807092,-0.0995130118250634,0.1177142948927768,-0.997471732522988,1.6750129309268411,-1.0161329645585022,0
-0.8043672005990544,0.9009088760241706,1.5251962127575889,-0.4684581602591596,-0.911310674287764,-1.177851894974348,-0.646616581529729,-1.461440576166749,-0.0995130118250634,-0.34097028968400567,-0.4814607612315388,0.4844909901880236,0.9841231756854657,0
-0.46546902347764374,0.9009088760241706,-1.179024470547907,-0.8370048586011725,-0.911310674287764,0.9048055324001227,-0.7416316789702754,-0.8828162337175963,0.9108981044461687,0.4617277333253637,-0.997471732522988,0.5837011519162584,0.9841231756854657,0
-1.143265377720465,-1.1099901739376037,0.8491410419312149,-0.4680159737076073,-0.911310674287764,-1.177851894974348,2.3226052134873454,1.4316811360790147,-0.0860856215756121,3.9018621176512323,-0.997471732522988,0.22654456969461315,0.9841231756854657,0
-0.46546902347764374,-1.1099901739376037,-0.502969299721533,-0.4659945494719396,-0.911310674287764,0.21058638994196582,-0.8841543251310949,1.4316811360790147,-1.4254677989584081,-0.6849837281165926,-0.7394662468772634,0.38528082845978884,0.9841231756854657,0
-0.46546902347764374,-1.1099901739376037,-0.502969299721533,-0.46757378715605497,-0.911310674287764,0.21058638994196582,0.38271364074285674,0.853056793629862,0.001192415045823164,1.1497546101905376,-0.997471732522988,-0.3488743683291487,0.9841231756854657,0
-0.8043672005990544,-1.1099901739376037,-1.179024470547907,0.5547141429023724,-0.911310674287764,0.9048055324001227,0.06599664927436881,0.853056793629862,-0.005521280078902488,-0.570312581972397,-0.4814607612315388,-0.13061201252703214,-1.0161329645585022,0
-0.2960199349169384,0.9009088760241706,-1.179024470547907,-0.4717429746421197,-0.06640278899360229,-1.177851894974348,1.0161476236798326,1.4316811360790147,-0.018948670328354386,2.0671237793441026,-0.7394662468772634,0.3455967637684949,0.9841231756854657,0
-0.8043672005990544,-1.1099901739376037,0.8491410419312149,-0.4726115553683831,-0.404365943111267,-1.177851894974348,0.06599664927436881,1.4316811360790147,-0.5661148229935064,0.6910700256137552,-0.4814607612315388,0.46464895784237664,0.9841231756854657,0
-0.46546902347764374,0.9009088760241706,1.5251962127575889,0.32654588230137815,-0.5733475201700994,0.9048055324001227,0.06599664927436881,-0.8828162337175963,0.7430557263280237,-0.45564143582820127,-0.7394662468772634,0.305912699077201,-1.0161329645585022,1
-0.8043672005990544,0.9009088760241706,-0.502969299721533,0.5714066852234723,-0.404365943111267,0.9048055324001227,0.06599664927436881,0.853056793629862,-0.11965409719924096,-0.570312581972397,-0.7394662468772634,0.2463866020402601,0.9841231756854657,0
-0.2960199349169384,0.9009088760241706,-1.179024470547907,0.5780078987430747,-0.23538436605243465,0.9048055324001227,0.06599664927436881,-0.3041918912684436,2.9149360991768187,-0.570312581972397,-0.7394662468772634,0.4249648931510827,0.9841231756854657,0
-1.143265377720465,-1.1099901739376037,1.5251962127575889,-0.4746803567345743,-0.911310674287764,-1.177851894974348,-0.6149448823828803,-1.461440576166749,0.665848232393677,-0.34097028968400567,-0.4814607612315388,0.9011736694466097,0.9841231756854657,0
-0.634918112038349,-1.1099901739376037,0.8491410419312149,-0.46359410819208413,-0.06640278899360229,0.21058638994196582,-0.6307807319563046,0.853056793629862,-1.6705176710108995,-0.34097028968400567,-0.7394662468772634,1.1789621222856672,-1.0161329645585022,0
-0.634918112038349,-1.1099901739376037,-1.179024470547907,-0.46607351135614533,-0.7423290972289317,0.21058638994196582,-0.06069014731302636,1.4316811360790147,0.4745079213389917,0.4617277333253637,-0.997471732522988,-0.8052411122790287,-1.0161329645585022,0
-0.8043672005990544,0.9009088760241706,-0.502969299721533,0.5900101051423517,-0.23538436605243465,0.9048055324001227,0.06599664927436881,-0.8828162337175963,1.0015329886299666,-0.570312581972397,-0.7394662468772634,-1.6981325678331418,0.9841231756854657,0
-0.634918112038349,0.9009088760241706,-0.502969299721533,0.611550907153686,-0.5733475201700994,0.9048055324001227,0.06599664927436881,-0.3041918912684436,-1.173704231781191,-0.6849837281165926,-0.4814607612315388,-0.9044512740072636,-1.0161329645585022,0
-0.46546902347764374,-1.1099901739376037,1.5251962127575889,0.606528931318199,-0.5733475201700994,0.9048055324001227,0.06599664927436881,-1.461440576166749,0.5651428055227898,-0.6849837281165926,-0.4814607612315388,-0.7457150152420878,-1.0161329645585022,0
-0.8043672005990544,-1.1099901739376037,-1.179024470547907,-0.46817389747601884,-0.911310674287764,-1.177851894974348,1.0161476236798326,-0.8828162337175963,0.27645391515958084,2.0671237793441026,-0.997471732522988,0.3654387961141419,0.9841231756854657,0
-0.2960199349169384,0.9009088760241706,-1.179024470547907,0.6296489710136485,-0.23538436605243465,0.9048055324001227,0.06599664927436881,0.853056793629862,-1.2475548781531747,-0.6849837281165926,-0.997471732522988,1.0599099282117854,0.9841231756854657,0
-0.46546902347764374,0.9009088760241706,0.8491410419312149,0.6363133540406155,-0.911310674287764,0.9048055324001227,0.06599664927436881,0.853056793629862,1.223084927745918,-0.6849837281165926,-0.7394662468772634,0.5638591195706114,-1.0161329645585022,0
-1.143265377720465,0.9009088760241706,-0.502969299721533,-0.4651575534993584,-0.911310674287764,0.21058638994196582,-0.2507203421941191,0.853056793629862,0.15896425047687956,0.23238544103697253,-0.7394662468772634,-3.047390767337135,0.9841231756854657,0
-0.634918112038349,0.9009088760241706,-1.179024470547907,0.42041577024519805,-0.5733475201700994,0.9048055324001227,0.06599664927436881,-1.461440576166749,1.286865031430813,-0.570312581972397,-0.997471732522988,-0.44808453005738347,-1.0161329645585022,1
-0.9738162891597597,-1.1099901739376037,-0.502969299721533,0.6520109766207227,-0.7423290972289317,0.9048055324001227,0.06599664927436881,-0.8828162337175963,-0.5661148229935064,-0.6849837281165926,-0.4814607612315388,-0.6663468858595001,0.9841231756854657,0
-0.9738162891597597,0.9009088760241706,-0.502969299721533,0.6504633236902896,-0.911310674287764,0.9048055324001227,0.06599664927436881,-0.8828162337175963,-0.11965409719924096,-0.6849837281165926,-0.7394662468772634,-1.4600281796853785,-1.0161329645585022,0
-0.634918112038349,0.9009088760241706,-1.179024470547907,0.6475417339746761,-0.7423290972289317,0.9048055324001227,0.06599664927436881,0.853056793629862,-1.173704231781191,-0.6849837281165926,-0.7394662468772634,-0.20998014190961997,-1.0161329645585022,0
-0.46546902347764374,0.9009088760241706,0.8491410419312149,0.6453150088400734,0.10257878806523006,0.9048055324001227,0.06599664927436881,1.4316811360790147,-1.4724636648314886,-0.6849837281165926,-0.4814607612315388,0.32575473142284794,0.9841231756854657,0
-0.46546902347764374,0.9009088760241706,0.8491410419312149,0.4206842406514977,-0.5733475201700994,0.9048055324001227,0.06599664927436881,-0.8828162337175963,2.3073466903891333,-0.570312581972397,-0.4814607612315388,0.14717644031202531,-1.0161329645585022,1
-0.634918112038349,-1.1099901739376037,1.5251962127575889,0.6539218542185024,-0.23538436605243465,0.9048055324001227,0.06599664927436881,-0.3041918912684436,1.8105332511594245,-0.6849837281165926,-0.997471732522988,-0.6663468858595001,0.9841231756854657,0
-1.143265377720465,0.9009088760241706,0.8491410419312149,0.41815746035691304,-0.911310674287764,0.9048055324001227,0.06599664927436881,1.4316811360790147,2.3241309282009484,-0.570312581972397,-0.7394662468772634,-0.32903233598350173,-1.0161329645585022,1
-0.8043672005990544,0.9009088760241706,-0.502969299721533,0.6491367640356327,-0.911310674287764,0.9048055324001227,0.06599664927436881,0.853056793629862,0.1522505553521539,-0.6849837281165926,-0.997471732522988,-0.36871640067479566,0.9841231756854657,0
-1.143265377720465,0.9009088760241706,0.8491410419312149,0.6893915326037344,-0.911310674287764,0.9048055324001227,0.06599664927436881,-0.8828162337175963,0.001192415045823164,-0.6849837281165926,-0.7394662468772634,-0.32903233598350173,-1.0161329645585022,0
-0.8043672005990544,-1.1099901739376037,-0.502969299721533,-0.4501863802539443,-0.911310674287764,0.21058638994196582,-0.3774071387815143,1.4316811360790147,0.001192415045823164,0.003043148748581378,-0.997471732522988,0.7622794430270811,-1.0161329645585022,0
-0.2960199349169384,0.9009088760241706,-0.502969299721533,0.6896126258795106,-0.5733475201700994,0.9048055324001227,0.06599664927436881,0.2744324511807092,-0.811164695045998,-0.6849837281165926,-0.997471732522988,0.10749237562073138,-1.0161329645585022,0
-0.46546902347764374,-1.1099901739376037,-1.179024470547907,0.7851880905221751,-0.23538436605243465,0.9048055324001227,0.06599664927436881,1.4316811360790147,-0.8816584938556186,-0.6849837281165926,-0.7394662468772634,-1.8171847619070236,0.9841231756854657,0
-0.634918112038349,-1.1099901739376037,-0.502969299721533,-0.45936175119865486,-0.5733475201700994,-1.177851894974348,-0.17154109432699713,-0.8828162337175963,-1.2979075915886182,0.3470565871811683,-0.4814607612315388,-0.40840046536608954,-1.0161329645585022,0
-0.8043672005990544,0.9009088760241706,0.8491410419312149,0.7925315457533118,-0.911310674287764,0.9048055324001227,0.06599664927436881,0.2744324511807092,-1.1233515183457474,-0.6849837281165926,-0.997471732522988,-0.5671367241312653,0.9841231756854657,0
-0.2960199349169384,-1.1099901739376037,0.8491410419312149,0.5777078435830928,-0.911310674287764,0.9048055324001227,0.06599664927436881,-0.8828162337175963,1.4345663241747801,-0.570312581972397,-0.997471732522988,-0.5472946917856183,-1.0161329645585022,1
-0.46546902347764374,0.9009088760241706,-0.502969299721533,-0.45118129999493706,-0.5733475201700994,-1.177851894974348,-1.2642147148932805,-0.8828162337175963,0.7061304031420315,-1.2583394588375707,-0.7394662468772634,0.4249648931510827,0.9841231756854657,0
-0.8043672005990544,0.9009088760241706,0.8491410419312149,0.6094663134106536,-0.911310674287764,0.9048055324001227,0.06599664927436881,-0.8828162337175963,1.8105332511594245,-0.6849837281165926,-0.997471732522988,0.40512286080543575,-1.0161329645585022,1
-0.46546902347764374,0.9009088760241706,-0.502969299721533,-0.46348356155419607,-0.7423290972289317,0.21058638994196582,-0.8208109268373974,0.2744324511807092,-1.2475548781531747,-0.570312581972397,-0.997471732522988,0.26622863438590705,0.9841231756854657,0
-0.8043672005990544,-1.1099901739376037,0.8491410419312149,0.843193490659734,-0.5733475201700994,0.9048055324001227,0.06599664927436881,-1.461440576166749,-1.0495008719737637,-0.6849837281165926,-0.997471732522988,0.08765034327508442,0.9841231756854657,0
-0.9738162891597597,0.9009088760241706,1.5251962127575889,-0.45462403814630864,-0.5733475201700994,0.21058638994196582,0.38271364074285674,-0.8828162337175963,0.4745079213389917,1.035083464046342,-0.997471732522988,1.8932752867289577,0.9841231756854657,0
-0.9738162891597597,-1.1099901739376037,-0.502969299721533,-0.4571666108177344,-0.911310674287764,-1.177851894974348,-0.4407505370752119,-1.461440576166749,-0.1397951825734185,-0.11162799739561437,-0.7394662468772634,-0.5472946917856183,0.9841231756854657,0
-0.8043672005990544,-1.1099901739376037,0.8491410419312149,-0.46201487050796874,-0.911310674287764,-1.177851894974348,-0.4090788379283631,-0.8828162337175963,0.8135495251376443,0.003043148748581378,-0.7394662468772634,-2.3926036999307856,0.9841231756854657,0
-0.2960199349169384,-1.1099901739376037,1.5251962127575889,0.8927499691872756,0.10257878806523006,0.9048055324001227,0.06599664927436881,-0.3041918912684436,0.9108981044461687,-0.7996548742607882,-0.7394662468772634,0.6630692812988462,-1.0161329645585022,0
-0.634918112038349,0.9009088760241706,-0.502969299721533,-0.45748245835455753,-0.23538436605243465,-1.177851894974348,0.06599664927436881,-0.3041918912684436,-0.6936750303632967,0.6910700256137552,-0.997471732522988,-0.15045404487267908,0.9841231756854657,0
-0.9738162891597597,-1.1099901739376037,-0.502969299721533,-0.4584773780955502,-0.911310674287764,-1.177851894974348,-1.042512820865339,-0.8828162337175963,1.357358830240434,-0.9143260204049839,-0.7394662468772634,0.5043330225336705,0.9841231756854657,0
-0.634918112038349,0.9009088760241706,0.8491410419312149,0.929182982559818,-0.7423290972289317,0.9048055324001227,0.06599664927436881,0.853056793629862,-0.6936750303632967,-0.7996548742607882,-0.4814607612315388,-0.17029607721832604,0.9841231756854657,0
-0.9738162891597597,0.9009088760241706,-0.502969299721533,-0.46263077320477375,-0.911310674287764,0.21058638994196582,0.7627740305050422,0.853056793629862,0.001192415045823164,1.6084391947673204,-0.4814607612315388,1.0400678958661385,0.9841231756854657,0
-0.46546902347764374,0.9009088760241706,-1.179024470547907,-0.45241310538854707,-0.404365943111267,-1.177851894974348,-0.8841543251310949,-0.3041918912684436,-1.6839450612603513,-0.6849837281165926,-0.997471732522988,-0.8846092416616166,0.9841231756854657,0
-0.46546902347764374,-1.1099901739376037,-0.502969299721533,0.9318676866228143,-0.404365943111267,0.9048055324001227,0.06599664927436881,0.2744324511807092,-1.2475548781531747,-0.7996548742607882,-0.4814607612315388,1.298014316359549,-1.0161329645585022,0
-0.9738162891597597,0.9009088760241706,-0.502969299721533,-0.4526815757948467,-0.911310674287764,0.21058638994196582,1.6495816066168083,1.4316811360790147,0.03811773823181484,2.869821802353472,-0.4814607612315388,0.7622794430270811,0.9841231756854657,0
-0.46546902347764374,0.9009088760241706,0.8491410419312149,-0.45547682649573096,-0.06640278899360229,0.21058638994196582,-0.7257958293968509,1.4316811360790147,-1.173704231781191,-0.45564143582820127,-0.997471732522988,-1.8370267942526706,0.9841231756854657,0
-0.46546902347764374,-1.1099901739376037,-0.502969299721533,0.9347892763384278,-0.911310674287764,0.9048055324001227,0.06599664927436881,0.2744324511807092,-0.21364582894540246,-0.7996548742607882,-0.997471732522988,1.5162766721616654,-1.0161329645585022,0
-1.143265377720465,-1.1099901739376037,0.8491410419312149,-0.5674605706763546,-0.5733475201700994,-1.177851894974348,-1.1375279183058853,-0.3041918912684436,0.001192415045823164,-1.0289971665491795,-0.7394662468772634,-2.49181386165902,-1.0161329645585022,1
-0.46546902347764374,0.9009088760241706,0.8491410419312149,0.9518924204573976,-0.404365943111267,0.9048055324001227,0.06599664927436881,-1.461440576166749,1.092167872813765,-0.7996548742607882,-0.4814607612315388,-1.9560789883265524,0.9841231756854657,0
-0.9738162891597597,-1.1099901739376037,0.8491410419312149,-0.45585584353991865,-0.7423290972289317,-1.177851894974348,-0.7257958293968509,-1.461440576166749,-1.6705176710108995,-0.45564143582820127,-0.997471732522988,0.0479662785837905,0.9841231756854657,0
-0.9738162891597597,-1.1099901739376037,-1.179024470547907,-0.4569928946724817,-0.5733475201700994,-1.177851894974348,-1.0266769712919146,1.4316811360790147,-1.4254677989584081,-0.9143260204049839,-0.4814607612315388,1.0797519605574324,-1.0161329645585022,0
-0.9738162891597597,0.9009088760241706,0.8491410419312149,-0.44849659593194086,-0.911310674287764,-1.177851894974348,-1.121692068732461,0.853056793629862,-1.3751150855229646,-1.0289971665491795,-0.7394662468772634,-3.027548734991488,0.9841231756854657,0
-1.143265377720465,0.9009088760241706,1.5251962127575889,1.0254059346529698,-0.911310674287764,0.9048055324001227,0.06599664927436881,-1.461440576166749,0.23617174441122635,-0.7996548742607882,-0.7394662468772634,1.0003838311748445,-1.0161329645585022,0
-1.143265377720465,0.9009088760241706,0.8491410419312149,1.0283275243685834,-0.911310674287764,0.9048055324001227,0.06599664927436881,-1.461440576166749,-0.34120603631519225,-0.7996548742607882,-0.7394662468772634,-0.13061201252703214,0.9841231756854657,0
-0.2960199349169384,-1.1099901739376037,-0.502969299721533,1.0253269727687642,-0.06640278899360229,0.9048055324001227,0.06599664927436881,-0.3041918912684436,0.561785957960427,-0.7996548742607882,-0.997471732522988,-2.0552891500547874,0.9841231756854657,0
-0.8043672005990544,-1.1099901739376037,-1.179024470547907,-0.5691345626215168,-0.5733475201700994,-1.177851894974348,-0.963333572998217,-0.3041918912684436,0.7866947446387411,-0.6849837281165926,-0.997471732522988,-0.2893482712922078,-1.0161329645585022,1
-0.634918112038349,-1.1099901739376037,1.5251962127575889,1.0313912454757672,-0.7423290972289317,0.9048055324001227,0.06599664927436881,0.2744324511807092,-1.0495008719737637,-0.7996548742607882,-0.997471732522988,-0.44808453005738347,0.9841231756854657,0
-0.634918112038349,-1.1099901739376037,-0.502969299721533,1.029827800168493,-0.404365943111267,0.9048055324001227,0.06599664927436881,-0.3041918912684436,0.8739727812601764,-0.7996548742607882,-0.4814607612315388,0.8416475724096689,0.9841231756854657,0
-0.8043672005990544,-1.1099901739376037,-0.502969299721533,0.49130774988513876,-0.911310674287764,0.9048055324001227,0.06599664927436881,0.2744324511807092,0.001192415045823164,-0.570312581972397,-0.4814607612315388,-0.36871640067479566,-1.0161329645585022,1
-0.46546902347764374,0.9009088760241706,-0.502969299721533,1.0292750669790527,-0.404365943111267,0.9048055324001227,0.06599664927436881,-1.461440576166749,-0.5661148229935064,-0.7996548742607882,-0.997471732522988,-1.12271362980938,0.9841231756854657,0
-0.8043672005990544,0.9009088760241706,-1.179024470547907,1.0290539737032764,-0.911310674287764,0.9048055324001227,0.06599664927436881,-1.461440576166749,0.2193875065994116,-0.7996548742607882,-0.997471732522988,0.6432272489531993,0.9841231756854657,0
-0.634918112038349,0.9009088760241706,-1.179024470547907,-0.4465857183341612,-0.5733475201700994,-1.177851894974348,1.5228948100294133,-1.461440576166749,-1.0427871768490378,2.640479510065081,-0.997471732522988,-0.9639773710442044,0.9841231756854657,0
-0.2960199349169384,0.9009088760241706,-1.179024470547907,1.0678874283556743,-0.5733475201700994,0.9048055324001227,0.06599664927436881,0.2744324511807092,-0.11965409719924096,-0.7996548742607882,-0.7394662468772634,0.8813316371009629,0.9841231756854657,0
-0.46546902347764374,0.9009088760241706,-1.179024470547907,-0.45034430402235587,-0.404365943111267,-1.177851894974348,-1.042512820865339,-1.461440576166749,-0.3680608168140954,-0.9143260204049839,-0.4814607612315388,-0.5472946917856183,0.9841231756854657,0
-0.8043672005990544,0.9009088760241706,0.8491410419312149,1.1048100054102927,-0.404365943111267,0.9048055324001227,0.06599664927436881,0.853056793629862,1.0955247203761276,-0.7996548742607882,-0.7394662468772634,0.028124246238143545,0.9841231756854657,0
-0.9738162891597597,0.9009088760241706,0.8491410419312149,-0.45197091883699475,-0.404365943111267,-1.177851894974348,0.1451758971414908,0.853056793629862,1.223084927745918,0.6910700256137552,-0.997471732522988,-0.8846092416616166,0.9841231756854657,0
-0.2960199349169384,0.9009088760241706,1.5251962127575889,1.1224658827187028,-0.06640278899360229,0.9048055324001227,0.06599664927436881,1.4316811360790147,-1.1804179269059165,-0.7996548742607882,-0.997471732522988,1.0995939929030794,-1.0161329645585022,0
-0.46546902347764374,0.9009088760241706,-0.502969299721533,1.2136668589763677,-0.404365943111267,0.9048055324001227,0.06599664927436881,-0.3041918912684436,-1.1804179269059165,-0.9143260204049839,-0.997471732522988,-1.8568688265983175,0.9841231756854657,0
-0.9738162891597597,-1.1099901739376037,-0.502969299721533,-0.5651075065270226,-0.911310674287764,-1.177851894974348,-0.8841543251310949,-1.461440576166749,0.5651428055227898,-0.570312581972397,-0.4814607612315388,0.20670253734896618,-1.0161329645585022,1
-1.143265377720465,0.9009088760241706,-1.179024470547907,-0.56821860476473,-0.911310674287764,-1.177851894974348,-0.7257958293968509,0.2744324511807092,1.0955247203761276,-0.34097028968400567,-0.997471732522988,-0.2893482712922078,-1.0161329645585022,1
-0.46546902347764374,-1.1099901739376037,-0.502969299721533,-0.4497599860792332,-0.5733475201700994,-1.177851894974348,0.38271364074285674,-0.3041918912684436,-0.3680608168140954,1.035083464046342,-0.997471732522988,0.9011736694466097,0.9841231756854657,0
-0.8043672005990544,0.9009088760241706,0.8491410419312149,-0.4541028897105505,-0.911310674287764,-1.177851894974348,-0.5674373336626071,0.853056793629862,1.934736610966852,-0.2262991435398101,-0.7394662468772634,-0.46792656240303043,0.9841231756854657,0
-0.46546902347764374,0.9009088760241706,0.8491410419312149,-0.44807020175722967,-0.911310674287764,-1.177851894974348,0.6954716698179886,1.4316811360790147,-0.707102420612748,1.4937680486231246,-0.4814607612315388,0.40512286080543575,0.9841231756854657,0
-0.46546902347764374,0.9009088760241706,0.8491410419312149,1.2553271490833322,-0.06640278899360229,0.9048055324001227,0.06599664927436881,-0.3041918912684436,0.6154955189582334,-0.9143260204049839,-0.7394662468772634,0.8813316371009629,0.9841231756854657,0
-0.9738162891597597,-1.1099901739376037,-0.502969299721533,-0.45871426374816754,-0.911310674287764,-1.177851894974348,0.8577891279455886,-0.8828162337175963,0.8336906105118219,1.7231103409115156,-0.4814607612315388,0.5638591195706114,-1.0161329645585022,0
-0.9738162891597597,-1.1099901739376037,0.8491410419312149,1.407391945686805,-0.911310674287764,0.9048055324001227,0.06599664927436881,-0.8828162337175963,-0.34120603631519225,-0.9143260204049839,-0.997471732522988,-0.30919030363785477,-1.0161329645585022,0
-0.634918112038349,0.9009088760241706,-0.502969299721533,1.4107399295771295,-0.7423290972289317,0.9048055324001227,0.06599664927436881,-0.3041918912684436,0.04483143335654109,-0.9143260204049839,-0.997471732522988,0.7622794430270811,-1.0161329645585022,0
-0.634918112038349,-1.1099901739376037,1.5251962127575889,-0.4489703672371755,-0.5733475201700994,-1.177851894974348,-0.7416316789702754,-0.8828162337175963,-1.6705176710108995,-0.45564143582820127,-0.4814607612315388,0.028124246238143545,0.9841231756854657,0
-0.634918112038349,0.9009088760241706,-1.179024470547907,-0.4452907434331866,-0.911310674287764,0.21058638994196582,-0.2507203421941191,-0.8828162337175963,-1.4724636648314886,0.1177142948927768,-0.4814607612315388,-0.44808453005738347,0.9841231756854657,0
-0.9738162891597597,-1.1099901739376037,-1.179024470547907,-0.45097599909600206,-0.911310674287764,-1.177851894974348,-0.6624524311031534,1.4316811360790147,-1.6705176710108995,-0.34097028968400567,-0.7394662468772634,-1.142555662155027,-1.0161329645585022,0
-0.9738162891597597,0.9009088760241706,-1.179024470547907,-0.45159190179280706,-0.5733475201700994,0.21058638994196582,-0.7574675285436998,1.4316811360790147,0.001192415045823164,-0.570312581972397,-0.7394662468772634,-0.07108591549009124,-1.0161329645585022,0
-0.2960199349169384,0.9009088760241706,-1.179024470547907,1.4990666932497043,-0.404365943111267,0.9048055324001227,0.06599664927436881,-0.3041918912684436,-0.005521280078902488,-0.9143260204049839,-0.7394662468772634,0.9210157017922567,0.9841231756854657,0
-0.9738162891597597,-1.1099901739376037,-0.502969299721533,-0.4534711946369044,-0.5733475201700994,-1.177851894974348,-0.963333572998217,1.4316811360790147,-0.3680608168140954,-0.7996548742607882,-0.997471732522988,-0.8052411122790287,0.9841231756854657,0
-0.634918112038349,0.9009088760241706,-0.502969299721533,-0.4514497704012366,-0.7423290972289317,-1.177851894974348,-0.14382835757350443,-0.8828162337175963,-1.173704231781191,0.3470565871811683,-0.4814607612315388,1.258330251668255,-1.0161329645585022,0
-0.8043672005990544,-1.1099901739376037,1.5251962127575889,1.7368683037238026,-0.404365943111267,0.9048055324001227,0.06599664927436881,-0.8828162337175963,0.5651428055227898,-1.0289971665491795,-0.997471732522988,0.9011736694466097,-1.0161329645585022,0
-0.46546902347764374,0.9009088760241706,-1.179024470547907,-0.44759643045199504,-0.911310674287764,0.21058638994196582,1.3328646151483206,-0.8828162337175963,0.001192415045823164,2.411137217776689,-0.997471732522988,-0.6068207888225592,0.9841231756854657,0
-0.9738162891597597,0.9009088760241706,0.8491410419312149,1.7917783980004953,-0.911310674287764,0.9048055324001227,0.06599664927436881,1.4316811360790147,-0.6936750303632967,-1.0289971665491795,-0.7394662468772634,-1.658448503141848,0.9841231756854657,0
-0.46546902347764374,0.9009088760241706,-0.502969299721533,1.6565956522402163,-0.7423290972289317,0.9048055324001227,0.06599664927436881,-1.461440576166749,1.327147202179168,-1.0289971665491795,-0.4814607612315388,1.35754041339649,-1.0161329645585022,1
-0.634918112038349,-1.1099901739376037,0.8491410419312149,1.8820634164013732,-0.404365943111267,0.9048055324001227,0.06599664927436881,0.853056793629862,-0.6063969937418614,-1.0289971665491795,-0.7394662468772634,0.6630692812988462,0.9841231756854657,0
-0.634918112038349,-1.1099901739376037,-0.502969299721533,-0.452713160548529,-0.911310674287764,-1.177851894974348,-1.0227180088985584,0.2744324511807092,-0.707102420612748,-0.9143260204049839,-0.7394662468772634,-0.9242933063529105,0.9841231756854657,0
-0.46546902347764374,0.9009088760241706,-1.179024470547907,2.0711139595668286,-0.7423290972289317,0.9048055324001227,0.06599664927436881,-0.3041918912684436,1.357358830240434,-1.0289971665491795,-0.4814607612315388,0.5043330225336705,-1.0161329645585022,0
-0.634918112038349,0.9009088760241706,-0.502969299721533,3.2642596146697023,-0.5733475201700994,0.9048055324001227,0.06599664927436881,1.4316811360790147,0.8941138666343539,-1.2583394588375707,-0.997471732522988,0.6233852166075523,-1.0161329645585022,1
-0.9738162891597597,0.9009088760241706,-0.502969299721533,-0.4467436421025727,-0.7423290972289317,-1.177851894974348,-0.03693637295288977,-1.461440576166749,0.5651428055227898,0.4617277333253637,-0.997471732522988,0.16701847265767225,0.9841231756854657,0
-0.634918112038349,0.9009088760241706,1.5251962127575889,-0.4524762748959117,-0.5733475201700994,-1.177851894974348,-0.2507203421941191,1.4316811360790147,-1.4724636648314886,0.23238544103697253,-0.7394662468772634,1.278172284013902,-1.0161329645585022,0
-0.634918112038349,0.9009088760241706,0.8491410419312149,-0.7922018855028183,-0.5733475201700994,0.9048055324001227,0.06203768688101271,-0.8828162337175963,0.15896425047687956,2.2964660716324943,-0.4814607612315388,1.1392780575943733,-1.0161329645585022,1
-0.9738162891597597,0.9009088760241706,1.5251962127575889,-0.6884143849027538,-0.911310674287764,0.9048055324001227,0.06203768688101271,-0.8828162337175963,0.001192415045823164,1.4937680486231246,-0.997471732522988,0.2463866020402601,-1.0161329645585022,1
-0.634918112038349,-1.1099901739376037,-0.502969299721533,-0.37272477184808356,-0.404365943111267,0.9048055324001227,0.06203768688101271,1.4316811360790147,0.7061304031420315,0.4617277333253637,-0.7394662468772634,1.734539027963782,-1.0161329645585022,0
-0.9738162891597597,-1.1099901739376037,0.8491410419312149,-0.10946584990604495,-0.5733475201700994,0.9048055324001227,0.06203768688101271,1.4316811360790147,0.15896425047687956,0.003043148748581378,-0.4814607612315388,-0.40840046536608954,0.9841231756854657,0
-0.9738162891597597,0.9009088760241706,0.8491410419312149,-0.4498073632097566,-0.911310674287764,-1.177851894974348,-1.042512820865339,0.2744324511807092,-1.6705176710108995,-0.9143260204049839,-0.997471732522988,-0.13061201252703214,-1.0161329645585022,0
-0.8043672005990544,-1.1099901739376037,-1.179024470547907,-0.01692252161688201,-0.7423290972289317,0.9048055324001227,0.06203768688101271,1.4316811360790147,-1.173704231781191,-0.11162799739561437,-0.997471732522988,0.6829113136444932,0.9841231756854657,0
-0.8043672005990544,0.9009088760241706,1.5251962127575889,-0.45468720765367326,-0.911310674287764,0.21058638994196582,-0.4882580857954851,1.4316811360790147,-1.6705176710108995,-0.11162799739561437,-0.997471732522988,0.9210157017922567,-1.0161329645585022,0
-0.9738162891597597,-1.1099901739376037,-0.502969299721533,0.11661781695191693,-0.911310674287764,0.9048055324001227,0.06203768688101271,1.4316811360790147,-0.005521280078902488,-0.34097028968400567,-0.7394662468772634,-0.3488743683291487,-1.0161329645585022,0
-0.9738162891597597,0.9009088760241706,1.5251962127575889,-0.45031271926867356,-0.911310674287764,0.21058638994196582,0.06599664927436881,0.853056793629862,-1.6705176710108995,0.5763988794695595,-0.997471732522988,-0.6266628211682062,0.9841231756854657,0
-0.46546902347764374,-1.1099901739376037,-1.179024470547907,-0.4487650663382405,-0.5733475201700994,-1.177851894974348,-0.07652599688645076,-0.8828162337175963,0.001192415045823164,0.4617277333253637,-0.7394662468772634,-1.3409759856114967,0.9841231756854657,0
-0.9738162891597597,-1.1099901739376037,0.8491410419312149,0.3245086656888693,-0.911310674287764,0.9048055324001227,0.06203768688101271,-1.461440576166749,0.001192415045823164,-0.45564143582820127,-0.7394662468772634,-0.8052411122790287,0.9841231756854657,0
-0.46546902347764374,0.9009088760241706,1.5251962127575889,-0.7370706979503494,-0.911310674287764,0.9048055324001227,-0.7416316789702754,1.4316811360790147,1.092167872813765,0.1177142948927768,-0.4814607612315388,0.008282213892496587,-1.0161329645585022,0
-1.143265377720465,0.9009088760241706,1.5251962127575889,-0.4496178546876628,-0.911310674287764,0.21058638994196582,-0.7257958293968509,-0.8828162337175963,2.17642963545698,-0.45564143582820127,-0.997471732522988,-0.8846092416616166,0.9841231756854657,0
-0.9738162891597597,0.9009088760241706,1.5251962127575889,-0.746861971591865,-0.911310674287764,0.9048055324001227,0.05016079970094441,-0.8828162337175963,0.23617174441122635,1.8377814870557112,-0.4814607612315388,1.1392780575943733,-1.0161329645585022,1
-0.9738162891597597,0.9009088760241706,-0.502969299721533,-0.6793495605959312,-0.911310674287764,0.9048055324001227,0.04620183730758831,1.4316811360790147,-1.2475548781531747,1.4937680486231246,-0.7394662468772634,0.2463866020402601,-1.0161329645585022,1
-0.8043672005990544,0.9009088760241706,0.8491410419312149,-0.45355015652111014,-0.911310674287764,-1.177851894974348,-0.2507203421941191,-0.8828162337175963,-0.005521280078902488,0.23238544103697253,-0.4814607612315388,-0.9441353386985575,0.9841231756854657,0
-0.2960199349169384,0.9009088760241706,-1.179024470547907,-0.7152614255327157,-0.5733475201700994,0.9048055324001227,0.034324950127520015,1.4316811360790147,-1.2475548781531747,1.6084391947673204,-0.4814607612315388,0.8416475724096689,-1.0161329645585022,1
-0.9738162891597597,-1.1099901739376037,-1.179024470547907,-0.6233024151866754,-0.911310674287764,0.9048055324001227,0.034324950127520015,-1.461440576166749,0.001192415045823164,1.1497546101905376,-0.997471732522988,0.5440170872249644,-1.0161329645585022,1
-0.46546902347764374,-1.1099901739376037,0.8491410419312149,-0.5621859168114091,-0.404365943111267,0.9048055324001227,0.034324950127520015,-0.8828162337175963,-0.21700267650776528,0.9204123179021463,-0.4814607612315388,0.16701847265767225,0.9841231756854657,0
-0.8043672005990544,0.9009088760241706,1.5251962127575889,-0.3391028015532665,-0.911310674287764,0.9048055324001227,0.034324950127520015,-1.461440576166749,-1.0495008719737637,0.3470565871811683,-0.4814607612315388,0.5241750548793175,-1.0161329645585022,0
-0.8043672005990544,0.9009088760241706,-1.179024470547907,-0.40838395875540945,-0.5733475201700994,0.9048055324001227,0.034324950127520015,-0.8828162337175963,-1.173704231781191,0.4617277333253637,-0.997471732522988,0.5837011519162584,-1.0161329645585022,1
-0.634918112038349,0.9009088760241706,-1.179024470547907,-0.44873348158455817,-0.911310674287764,-1.177851894974348,0.38271364074285674,-0.3041918912684436,-1.3482603050240614,1.035083464046342,-0.7394662468772634,-1.0433455004267922,0.9841231756854657,0
-0.8043672005990544,-1.1099901739376037,0.8491410419312149,-0.41230046821201566,-0.7423290972289317,0.9048055324001227,0.034324950127520015,0.2744324511807092,0.7061304031420315,0.4617277333253637,-0.997471732522988,0.4844909901880236,-1.0161329645585022,1
-0.634918112038349,-1.1099901739376037,0.8491410419312149,-0.45132343138650743,-0.7423290972289317,-1.177851894974348,-1.359229812333827,0.853056793629862,0.16232109803924238,-1.3730106049817663,-0.4814607612315388,-0.7853990799333818,-1.0161329645585022,0
-0.2960199349169384,-1.1099901739376037,-1.179024470547907,-0.5612699589546222,-0.911310674287764,-1.177851894974348,0.22435514500861276,-0.8828162337175963,-0.1397951825734185,1.2644257563347332,-0.4814607612315388,-1.0830295651180861,-1.0161329645585022,1
-0.634918112038349,-1.1099901739376037,-1.179024470547907,-0.23605754266473608,0.10257878806523006,0.9048055324001227,0.034324950127520015,-0.3041918912684436,-1.623521805137819,0.1177142948927768,-0.4814607612315388,-0.38855843302044263,-1.0161329645585022,0
-0.8043672005990544,-1.1099901739376037,1.5251962127575889,-0.11118721898173074,-0.911310674287764,0.9048055324001227,0.034324950127520015,-0.8828162337175963,0.8336906105118219,-0.11162799739561437,-0.997471732522988,1.4765926074703717,-1.0161329645585022,0
-0.9738162891597597,0.9009088760241706,-0.502969299721533,-0.10921317187658648,-0.7423290972289317,0.9048055324001227,0.034324950127520015,0.853056793629862,0.001192415045823164,-0.11162799739561437,-0.7394662468772634,1.5956448015442533,0.9841231756854657,0
-0.46546902347764374,0.9009088760241706,-0.502969299721533,-0.1094500575292038,-0.5733475201700994,0.9048055324001227,0.034324950127520015,0.853056793629862,0.001192415045823164,-0.11162799739561437,-0.7394662468772634,0.9805417988291976,0.9841231756854657,0
-0.634918112038349,-1.1099901739376037,-0.502969299721533,0.31555438801993496,-0.7423290972289317,0.9048055324001227,0.034324950127520015,0.2744324511807092,-1.173704231781191,-0.45564143582820127,-0.4814607612315388,-0.26950623894656084,-1.0161329645585022,0
-0.8043672005990544,-1.1099901739376037,0.8491410419312149,0.006908175036419502,-0.404365943111267,0.9048055324001227,0.034324950127520015,0.2744324511807092,1.575553921794022,-0.2262991435398101,-0.997471732522988,-0.6663468858595001,-1.0161329645585022,1
-0.9738162891597597,0.9009088760241706,-0.502969299721533,-0.4501863802539443,-0.911310674287764,0.21058638994196582,-0.4090788379283631,1.4316811360790147,0.001192415045823164,0.003043148748581378,-0.7394662468772634,-0.8449251769703227,-1.0161329645585022,0
-0.2960199349169384,0.9009088760241706,0.8491410419312149,0.5145383362184764,0.2715603651240624,0.9048055324001227,0.034324950127520015,-0.3041918912684436,-0.25392799969375696,-0.570312581972397,-0.4814607612315388,-1.678290535487495,0.9841231756854657,0
-0.46546902347764374,-1.1099901739376037,-0.502969299721533,-0.44416948467746464,-0.5733475201700994,-1.177851894974348,-0.3774071387815143,-0.8828162337175963,1.2700807936189982,0.003043148748581378,-0.997471732522988,0.782121475372728,0.9841231756854657,0
-0.2960199349169384,-1.1099901739376037,-1.179024470547907,0.7861198407558032,-0.7423290972289317,0.9048055324001227,0.034324950127520015,0.2744324511807092,-0.707102420612748,-0.6849837281165926,-0.7394662468772634,0.7424374106814341,0.9841231756854657,0
-0.8043672005990544,0.9009088760241706,-1.179024470547907,-0.5688502998383761,-0.06640278899360229,-1.177851894974348,-0.4526274242552802,-0.3041918912684436,0.16232109803924238,0.1177142948927768,-0.997471732522988,0.7424374106814341,-1.0161329645585022,1
-1.143265377720465,-1.1099901739376037,0.8491410419312149,-0.45070752868970243,-0.911310674287764,-1.177851894974348,-0.4090788379283631,-0.8828162337175963,1.417782086362966,0.003043148748581378,-0.4814607612315388,-0.686188918205147,0.9841231756854657,0
-0.8043672005990544,-1.1099901739376037,1.5251962127575889,-0.5568323010622579,-0.911310674287764,0.9048055324001227,-0.7416316789702754,-0.8828162337175963,0.561785957960427,-0.34097028968400567,-0.997471732522988,0.5440170872249644,0.9841231756854657,0
-0.46546902347764374,-1.1099901739376037,0.8491410419312149,-0.6333463668576494,-0.404365943111267,0.9048055324001227,-0.7416316789702754,0.2744324511807092,0.16232109803924238,-0.2262991435398101,-0.997471732522988,-0.9242933063529105,-1.0161329645585022,1
-0.8043672005990544,-1.1099901739376037,-0.502969299721533,-0.455176771335749,-0.23538436605243465,0.9048055324001227,-0.7416316789702754,-0.8828162337175963,1.2465828606824585,-0.45564143582820127,-0.4814607612315388,1.278172284013902,0.9841231756854657,0
-0.9738162891597597,0.9009088760241706,0.8491410419312149,-0.44656992595732004,-0.7423290972289317,-1.177851894974348,0.8181995040120276,-0.8828162337175963,0.665848232393677,1.7231103409115156,-0.4814607612315388,0.6233852166075523,-1.0161329645585022,0
-0.9738162891597597,0.9009088760241706,1.5251962127575889,-0.4524288977653882,-0.911310674287764,-1.177851894974348,-0.5674373336626071,-0.8828162337175963,0.665848232393677,-0.2262991435398101,-0.997471732522988,1.3773824457421369,0.9841231756854657,0
-0.9738162891597597,0.9009088760241706,1.5251962127575889,-0.4445958788521758,-0.911310674287764,-1.177851894974348,-0.7257958293968509,1.4316811360790147,-1.3482603050240614,-0.45564143582820127,-0.4814607612315388,0.06780831092943747,0.9841231756854657,0
-0.2960199349169384,-1.1099901739376037,-0.502969299721533,-0.5667183289648203,-0.23538436605243465,-1.177851894974348,-0.804975077263973,-0.3041918912684436,-0.1397951825734185,-0.45564143582820127,-0.997471732522988,0.801963507718375,-1.0161329645585022,1
-0.8043672005990544,0.9009088760241706,-1.179024470547907,-0.29546846434115775,-0.911310674287764,0.9048055324001227,-0.7416316789702754,-0.8828162337175963,-0.8447331706696268,-0.6849837281165926,-0.7394662468772634,-1.5393963090679663,0.9841231756854657,0
-1.143265377720465,0.9009088760241706,0.8491410419312149,-0.29769518947576046,-0.911310674287764,0.9048055324001227,-0.7416316789702754,-0.8828162337175963,-0.6936750303632967,-0.6849837281165926,-0.997471732522988,-0.9044512740072636,0.9841231756854657,0
-0.634918112038349,0.9009088760241706,-0.502969299721533,-0.26985322910480586,-0.911310674287764,0.9048055324001227,-0.7416316789702754,0.2744324511807092,-0.34120603631519225,-0.6849837281165926,-0.7394662468772634,-0.8846092416616166,-1.0161329645585022,0
-0.8043672005990544,0.9009088760241706,-1.179024470547907,-0.22304462414762513,-0.23538436605243465,0.9048055324001227,-0.7416316789702754,0.853056793629862,0.001192415045823164,-0.7996548742607882,-0.997471732522988,0.7424374106814341,-1.0161329645585022,0
-0.8043672005990544,0.9009088760241706,-0.502969299721533,-0.45024954976130893,-0.911310674287764,-1.177851894974348,-0.2507203421941191,1.4316811360790147,-1.8752853723150364,0.23238544103697253,-0.7394662468772634,-1.2616078562289088,0.9841231756854657,0
-0.634918112038349,0.9009088760241706,-0.502969299721533,0.0768684044427321,-0.404365943111267,0.9048055324001227,-0.7416316789702754,0.853056793629862,-0.34120603631519225,-0.9143260204049839,-0.997471732522988,0.9011736694466097,-1.0161329645585022,0
-0.8043672005990544,0.9009088760241706,-1.179024470547907,-0.45031271926867356,-0.911310674287764,-1.177851894974348,0.38271364074285674,0.853056793629862,1.417782086362966,1.035083464046342,-0.7394662468772634,-1.162397694500674,0.9841231756854657,0
-1.143265377720465,0.9009088760241706,0.8491410419312149,-0.4526341986643232,-0.911310674287764,0.21058638994196582,-0.2507203421941191,0.2744324511807092,-0.34120603631519225,0.23238544103697253,-0.4814607612315388,-1.2814498885745558,-1.0161329645585022,0
-0.634918112038349,0.9009088760241706,0.8491410419312149,0.15526176308222098,-0.911310674287764,0.9048055324001227,-0.7416316789702754,0.853056793629862,0.6255660616453219,-1.0289971665491795,-0.7394662468772634,0.6630692812988462,0.9841231756854657,0
-0.8043672005990544,0.9009088760241706,0.8491410419312149,0.7819348608928973,-0.5733475201700994,0.9048055324001227,-0.7416316789702754,-1.461440576166749,-0.6936750303632967,-1.143668312693375,-0.997471732522988,0.18686050500331922,-1.0161329645585022,0
-0.46546902347764374,0.9009088760241706,1.5251962127575889,-0.996018301014753,-0.06640278899360229,0.9048055324001227,-0.7337137541835632,-0.3041918912684436,-0.46205254856025635,1.7231103409115156,-0.7394662468772634,0.5440170872249644,-1.0161329645585022,1
-0.9738162891597597,-1.1099901739376037,-0.502969299721533,-0.9638650217661633,-0.911310674287764,0.9048055324001227,-0.7337137541835632,0.853056793629862,-0.707102420612748,1.379096902478929,-0.4814607612315388,0.9408577341379036,-1.0161329645585022,1
-0.634918112038349,-1.1099901739376037,-1.179024470547907,-0.4531079699695578,-0.7423290972289317,-1.177851894974348,0.22435514500861276,0.853056793629862,-1.8752853723150364,0.8057411717579506,-0.4814607612315388,0.8416475724096689,-1.0161329645585022,0
-0.634918112038349,-1.1099901739376037,1.5251962127575889,-0.449949494601327,-0.404365943111267,-1.177851894974348,0.06599664927436881,0.853056793629862,-1.1804179269059165,0.5763988794695595,-0.4814607612315388,0.14717644031202531,0.9841231756854657,0
-0.634918112038349,0.9009088760241706,-1.179024470547907,-0.5582220302242794,-0.911310674287764,-1.177851894974348,-0.8841543251310949,0.2744324511807092,1.417782086362966,-0.570312581972397,-0.7394662468772634,-0.09092794783573821,-1.0161329645585022,1
-0.9738162891597597,-1.1099901739376037,-1.179024470547907,-0.59969281180915,-0.7423290972289317,0.9048055324001227,-0.7297547917902071,-1.461440576166749,-1.173704231781191,-0.2262991435398101,-0.997471732522988,0.5837011519162584,-1.0161329645585022,1
-0.634918112038349,-1.1099901739376037,0.8491410419312149,0.17910825211236364,-0.06640278899360229,0.9048055324001227,-0.7297547917902071,-1.461440576166749,-1.4254677989584081,-1.0289971665491795,-0.4814607612315388,-2.114815247091728,0.9841231756854657,0
-0.9738162891597597,0.9009088760241706,0.8491410419312149,0.5521557778541054,-0.5733475201700994,0.9048055324001227,-0.7297547917902071,0.2744324511807092,-1.623521805137819,-1.143668312693375,-0.7394662468772634,-0.38855843302044263,0.9841231756854657,0
-0.8043672005990544,0.9009088760241706,-1.179024470547907,-0.4530605928390344,-0.911310674287764,0.21058638994196582,-0.5674373336626071,0.853056793629862,-1.8752853723150364,-0.2262991435398101,-0.997471732522988,-1.7378166325244357,0.9841231756854657,0
-0.8043672005990544,0.9009088760241706,-1.179024470547907,-0.7182935618862172,-0.404365943111267,0.9048055324001227,-0.7257958293968509,1.4316811360790147,-0.6936750303632967,0.1177142948927768,-0.7394662468772634,0.8416475724096689,0.9841231756854657,0
-0.9738162891597597,-1.1099901739376037,-1.179024470547907,-0.7136032259643945,-0.7423290972289317,0.9048055324001227,-0.7257958293968509,1.4316811360790147,2.183143330581707,0.003043148748581378,-0.4814607612315388,0.4448069254967297,-1.0161329645585022,1
-0.634918112038349,0.9009088760241706,-1.179024470547907,-0.44735954479937773,-0.5733475201700994,-1.177851894974348,-1.327558113186978,1.4316811360790147,0.16232109803924238,-1.3730106049817663,-0.7394662468772634,-0.4282424977117365,0.9841231756854657,0
-0.9738162891597597,-1.1099901739376037,0.8491410419312149,-0.7137927344864883,-0.911310674287764,0.9048055324001227,-0.7257958293968509,0.2744324511807092,0.001192415045823164,0.003043148748581378,-0.7394662468772634,0.22654456969461315,0.9841231756854657,0
-0.634918112038349,-1.1099901739376037,0.8491410419312149,-0.4526499910411644,-0.23538436605243465,-1.177851894974348,-1.121692068732461,-0.3041918912684436,1.4345663241747801,-1.0289971665491795,-0.997471732522988,-1.0036614357354983,0.9841231756854657,0
-0.8043672005990544,-1.1099901739376037,-1.179024470547907,-0.7208203421808019,-0.7423290972289317,0.9048055324001227,-0.7257958293968509,-1.461440576166749,0.9108981044461687,0.1177142948927768,-0.4814607612315388,-0.4877685947486774,-1.0161329645585022,1
-0.8043672005990544,0.9009088760241706,-0.502969299721533,-0.7192884816272099,-0.404365943111267,0.9048055324001227,-0.7257958293968509,0.2744324511807092,0.25966967734776614,0.1177142948927768,-0.4814607612315388,1.2186461869769611,-1.0161329645585022,0
-0.634918112038349,0.9009088760241706,1.5251962127575889,-0.7168880403473545,-0.911310674287764,0.9048055324001227,-0.7257958293968509,0.2744324511807092,-1.1166378232210217,0.003043148748581378,-0.7394662468772634,0.32575473142284794,-1.0161329645585022,0
-0.46546902347764374,0.9009088760241706,1.5251962127575889,-0.6999428199967962,-0.404365943111267,0.9048055324001227,-0.7257958293968509,-0.8828162337175963,-0.707102420612748,0.003043148748581378,-0.997471732522988,0.38528082845978884,-1.0161329645585022,0
-0.9738162891597597,-1.1099901739376037,-0.502969299721533,-0.7031644648723916,-0.911310674287764,0.9048055324001227,-0.7257958293968509,-0.8828162337175963,-1.3751150855229646,0.003043148748581378,-0.997471732522988,-1.4798702120310254,0.9841231756854657,0
-0.8043672005990544,0.9009088760241706,-0.502969299721533,-0.7033539733944855,-0.7423290972289317,0.9048055324001227,-0.7257958293968509,-0.8828162337175963,0.16232109803924238,0.003043148748581378,-0.997471732522988,0.06780831092943747,-1.0161329645585022,0
-0.8043672005990544,-1.1099901739376037,-1.179024470547907,-0.4490967062519047,-0.7423290972289317,-1.177851894974348,-0.3140637404878167,0.2744324511807092,-1.6805882136979884,0.1177142948927768,-0.997471732522988,0.38528082845978884,-1.0161329645585022,0
-0.9738162891597597,0.9009088760241706,-0.502969299721533,-0.4487966510919228,-0.911310674287764,-1.177851894974348,-0.40116091314165087,0.853056793629862,0.001192415045823164,0.003043148748581378,-0.4814607612315388,-0.5076106270943244,0.9841231756854657,0
-0.8043672005990544,-1.1099901739376037,-1.179024470547907,-0.6986794298495038,-0.7423290972289317,0.9048055324001227,-0.7257958293968509,1.4316811360790147,0.7061304031420315,0.003043148748581378,-0.7394662468772634,-1.3409759856114967,-1.0161329645585022,0
-0.8043672005990544,0.9009088760241706,1.5251962127575889,-0.7000849513883666,-0.7423290972289317,0.9048055324001227,-0.7257958293968509,-0.8828162337175963,1.286865031430813,0.003043148748581378,-0.997471732522988,1.0202258635204915,0.9841231756854657,0
-0.634918112038349,-1.1099901739376037,0.8491410419312149,-0.6955051621044319,-0.911310674287764,0.9048055324001227,-0.7257958293968509,-0.8828162337175963,-0.005521280078902488,0.003043148748581378,-0.4814607612315388,-0.15045404487267908,0.9841231756854657,0
-0.8043672005990544,0.9009088760241706,-0.502969299721533,-0.682697544486256,-0.911310674287764,0.9048055324001227,-0.7257958293968509,-1.461440576166749,-1.1233515183457474,0.003043148748581378,-0.4814607612315388,1.258330251668255,0.9841231756854657,0
-0.9738162891597597,-1.1099901739376037,-0.502969299721533,-0.6843083669240536,-0.5733475201700994,0.9048055324001227,-0.7257958293968509,-0.8828162337175963,0.03811773823181484,0.003043148748581378,-0.7394662468772634,-3.126758896719723,-1.0161329645585022,1
-1.143265377720465,0.9009088760241706,-1.179024470547907,-0.45168665605385394,-0.7423290972289317,-1.177851894974348,-1.121692068732461,-1.461440576166749,-1.2475548781531747,-1.0289971665491795,-0.4814607612315388,0.9606997664835506,0.9841231756854657,0
-0.2960199349169384,0.9009088760241706,-1.179024470547907,-0.6815131162231693,-0.06640278899360229,0.9048055324001227,-0.7257958293968509,-0.8828162337175963,0.4745079213389917,0.003043148748581378,-0.997471732522988,-1.7179746001787888,-1.0161329645585022,1
-0.46546902347764374,-1.1099901739376037,0.8491410419312149,-0.6814499467158047,0.10257878806523006,0.9048055324001227,-0.7257958293968509,-0.8828162337175963,-1.0427871768490378,0.003043148748581378,-0.7394662468772634,-0.5671367241312653,-1.0161329645585022,0
-0.634918112038349,0.9009088760241706,0.8491410419312149,-0.45138660089387206,-0.5733475201700994,-1.177851894974348,2.005888222018857,-1.461440576166749,0.03476089066945202,3.328506386930255,-0.7394662468772634,0.5241750548793175,0.9841231756854657,0
-0.634918112038349,-1.1099901739376037,-1.179024470547907,-0.6764279708803177,-0.5733475201700994,0.9048055324001227,-0.7257958293968509,-1.461440576166749,0.5651428055227898,-0.11162799739561437,-0.4814607612315388,-1.0433455004267922,-1.0161329645585022,1
-0.2960199349169384,-1.1099901739376037,-1.179024470547907,-0.6777545305349747,-0.404365943111267,0.9048055324001227,-0.7257958293968509,0.853056793629862,0.001192415045823164,0.003043148748581378,-0.997471732522988,-2.0156050853634935,0.9841231756854657,0
-0.8043672005990544,0.9009088760241706,-0.502969299721533,-0.5648548284975642,-0.911310674287764,-1.177851894974348,0.1847655210750518,-0.3041918912684436,0.001192415045823164,1.1497546101905376,-0.7394662468772634,-0.4877685947486774,-1.0161329645585022,1
-0.9738162891597597,0.9009088760241706,0.8491410419312149,-0.6788442045370143,-0.5733475201700994,0.9048055324001227,-0.7257958293968509,-0.8828162337175963,0.001192415045823164,0.003043148748581378,-0.997471732522988,0.16701847265767225,-1.0161329645585022,0
-0.8043672005990544,0.9009088760241706,-1.179024470547907,-0.677580814389722,-0.7423290972289317,0.9048055324001227,-0.7257958293968509,-0.3041918912684436,0.665848232393677,0.003043148748581378,-0.997471732522988,0.5440170872249644,-1.0161329645585022,1
-0.9738162891597597,0.9009088760241706,1.5251962127575889,-0.4493493842813632,-0.911310674287764,0.21058638994196582,-0.09236184645987515,1.4316811360790147,-1.1233515183457474,0.3470565871811683,-0.997471732522988,1.0400678958661385,0.9841231756854657,0
-0.2960199349169384,0.9009088760241706,0.8491410419312149,-0.6790021283054258,-0.404365943111267,0.9048055324001227,-0.7257958293968509,0.2744324511807092,0.001192415045823164,0.003043148748581378,-0.997471732522988,0.6432272489531993,-1.0161329645585022,0
-0.9738162891597597,0.9009088760241706,0.8491410419312149,-0.6801075946843067,-0.911310674287764,0.9048055324001227,-0.7257958293968509,-0.3041918912684436,-0.7138161157374736,0.003043148748581378,-0.7394662468772634,-0.36871640067479566,-1.0161329645585022,1
-0.8043672005990544,0.9009088760241706,0.8491410419312149,-0.6763016318655886,-0.911310674287764,0.9048055324001227,-0.7257958293968509,-0.8828162337175963,0.001192415045823164,-0.11162799739561437,-0.7394662468772634,-1.2814498885745558,0.9841231756854657,0
-0.46546902347764374,0.9009088760241706,-1.179024470547907,-0.6809919677874112,0.2715603651240624,0.9048055324001227,-0.7257958293968509,-0.8828162337175963,0.2865244578466693,0.003043148748581378,-0.997471732522988,0.4448069254967297,0.9841231756854657,0
-0.634918112038349,-1.1099901739376037,0.8491410419312149,-0.4535027793905867,-0.7423290972289317,0.21058638994196582,0.38271364074285674,1.4316811360790147,-1.1233515183457474,1.035083464046342,-0.7394662468772634,-0.8846092416616166,0.9841231756854657,0
-0.9738162891597597,0.9009088760241706,-0.502969299721533,-0.6776913610276101,-0.7423290972289317,0.9048055324001227,-0.7257958293968509,-0.8828162337175963,0.16232109803924238,0.003043148748581378,-0.997471732522988,-0.6068207888225592,-1.0161329645585022,0
-0.8043672005990544,0.9009088760241706,-1.179024470547907,-0.6788757892906966,-0.911310674287764,0.9048055324001227,-0.7257958293968509,0.853056793629862,0.2865244578466693,0.003043148748581378,-0.997471732522988,0.9606997664835506,0.9841231756854657,0
-1.143265377720465,-1.1099901739376037,0.8491410419312149,-0.682697544486256,-0.911310674287764,0.9048055324001227,-0.7257958293968509,1.4316811360790147,-0.811164695045998,0.003043148748581378,-0.997471732522988,-0.011559818453150373,0.9841231756854657,0
-1.143265377720465,0.9009088760241706,-1.179024470547907,-0.6762068776045416,-0.7423290972289317,0.9048055324001227,-0.7257958293968509,0.853056793629862,1.327147202179168,-0.11162799739561437,-0.997471732522988,0.008282213892496587,-1.0161329645585022,1
-0.46546902347764374,0.9009088760241706,1.5251962127575889,-0.4462382860436558,-0.7423290972289317,-1.177851894974348,-1.002923196931778,-0.3041918912684436,-0.33784918875282943,-0.9143260204049839,-0.7394662468772634,0.9408577341379036,-1.0161329645585022,0
-1.143265377720465,-1.1099901739376037,1.5251962127575889,-0.6763016318655886,-0.911310674287764,0.9048055324001227,-0.7257958293968509,1.4316811360790147,0.9780350556934264,-0.11162799739561437,-0.4814607612315388,-1.5989224061049072,0.9841231756854657,0
-0.634918112038349,0.9009088760241706,-1.179024470547907,-0.6800444251769421,-0.7423290972289317,0.9048055324001227,-0.7257958293968509,-0.8828162337175963,0.04483143335654109,0.003043148748581378,-0.997471732522988,-0.4877685947486774,0.9841231756854657,0
-1.143265377720465,-1.1099901739376037,-0.502969299721533,-0.5654391464406868,-0.404365943111267,-1.177851894974348,0.6994306322113446,-0.8828162337175963,-1.4993184453303918,2.0671237793441026,-0.4814607612315388,-0.15045404487267908,-1.0161329645585022,1
-0.2960199349169384,-1.1099901739376037,-0.502969299721533,-0.671437579798513,-0.23538436605243465,0.9048055324001227,-0.7257958293968509,-1.461440576166749,1.1458774338115711,-0.11162799739561437,-0.4814607612315388,-0.7060309505507939,-1.0161329645585022,1
-0.8043672005990544,-1.1099901739376037,0.8491410419312149,-0.6811972686863463,-0.7423290972289317,0.9048055324001227,-0.7257958293968509,0.853056793629862,0.19588957366287124,0.003043148748581378,-0.4814607612315388,0.38528082845978884,0.9841231756854657,0
-0.9738162891597597,0.9009088760241706,-1.179024470547907,-0.677580814389722,-0.911310674287764,0.9048055324001227,-0.7257958293968509,-0.8828162337175963,-0.22707321919485376,0.003043148748581378,-0.7394662468772634,-0.17029607721832604,-1.0161329645585022,0
-0.8043672005990544,0.9009088760241706,0.8491410419312149,-0.6694003631860042,-0.5733475201700994,0.9048055324001227,-0.7257958293968509,-0.8828162337175963,0.03811773823181484,-0.11162799739561437,-0.997471732522988,0.5440170872249644,-1.0161329645585022,0
-0.46546902347764374,-1.1099901739376037,-1.179024470547907,-0.45437136011685014,-0.911310674287764,-1.177851894974348,0.06599664927436881,-0.3041918912684436,-1.8752853723150364,0.6910700256137552,-0.997471732522988,0.16701847265767225,0.9841231756854657,0
-0.9738162891597597,0.9009088760241706,0.8491410419312149,-0.45156031703912475,-0.911310674287764,0.21058638994196582,0.38271364074285674,-0.8828162337175963,0.001192415045823164,1.035083464046342,-0.4814607612315388,0.18686050500331922,0.9841231756854657,0
-0.9738162891597597,0.9009088760241706,0.8491410419312149,-0.659751220936059,-0.911310674287764,0.9048055324001227,-0.7257958293968509,1.4316811360790147,-0.33784918875282943,-0.11162799739561437,-0.997471732522988,0.2463866020402601,0.9841231756854657,0
-0.8043672005990544,0.9009088760241706,1.5251962127575889,-0.44849659593194086,-0.5733475201700994,-1.177851894974348,-1.2800505644667048,1.4316811360790147,-1.623521805137819,-1.2583394588375707,-0.7394662468772634,-0.5076106270943244,0.9841231756854657,0
-0.2960199349169384,-1.1099901739376037,0.8491410419312149,-0.6631623743337484,0.10257878806523006,0.9048055324001227,-0.7257958293968509,-0.8828162337175963,1.327147202179168,-0.11162799739561437,-0.7394662468772634,0.9408577341379036,-1.0161329645585022,0
-0.9738162891597597,-1.1099901739376037,-1.179024470547907,-0.6610935729675571,-0.911310674287764,0.9048055324001227,-0.7257958293968509,0.2744324511807092,-0.12972463988633004,-0.11162799739561437,-0.4814607612315388,-0.22982217425526694,0.9841231756854657,0
-0.46546902347764374,-1.1099901739376037,-0.502969299721533,-0.6624517173758964,-0.5733475201700994,0.9048055324001227,-0.7257958293968509,0.853056793629862,-0.6936750303632967,-0.11162799739561437,-0.997471732522988,-1.3409759856114967,0.9841231756854657,0
-0.2960199349169384,-1.1099901739376037,-0.502969299721533,-0.6549345459995071,-0.7423290972289317,0.9048055324001227,-0.7257958293968509,-0.8828162337175963,-0.7977373047965461,-0.11162799739561437,-0.997471732522988,1.0202258635204915,0.9841231756854657,0
-0.9738162891597597,-1.1099901739376037,0.8491410419312149,-0.6519182020228466,-0.911310674287764,0.9048055324001227,-0.7257958293968509,0.853056793629862,-1.173704231781191,-0.11162799739561437,-0.7394662468772634,0.14717644031202531,0.9841231756854657,0
-0.46546902347764374,-1.1099901739376037,0.8491410419312149,-0.4544976991315794,-0.911310674287764,-1.177851894974348,-0.963333572998217,1.4316811360790147,-0.21700267650776528,-0.7996548742607882,-0.997471732522988,-1.4997122443766724,-1.0161329645585022,0
-0.8043672005990544,0.9009088760241706,-0.502969299721533,-0.6411635933940206,-0.5733475201700994,0.9048055324001227,-0.7257958293968509,-1.461440576166749,-1.0092187012254088,-0.11162799739561437,-0.7394662468772634,0.14717644031202531,0.9841231756854657,0
-0.8043672005990544,0.9009088760241706,0.8491410419312149,-0.4450538577805693,-0.23538436605243465,-1.177851894974348,0.22435514500861276,-0.8828162337175963,-1.4993184453303918,0.8057411717579506,-0.7394662468772634,-2.2140254088199627,0.9841231756854657,0
-1.143265377720465,-1.1099901739376037,0.8491410419312149,-0.45339223275269863,-0.404365943111267,0.21058638994196582,0.4223032646764177,1.4316811360790147,-0.7138161157374736,1.1497546101905376,-0.4814607612315388,-0.32903233598350173,0.9841231756854657,0
-0.46546902347764374,0.9009088760241706,0.8491410419312149,-0.6332674049734436,-0.911310674287764,0.9048055324001227,-0.7257958293968509,1.4316811360790147,1.0955247203761276,-0.11162799739561437,-0.4814607612315388,-0.20998014190961997,-1.0161329645585022,1
-0.8043672005990544,0.9009088760241706,0.8491410419312149,-0.6357941852680283,-0.911310674287764,0.9048055324001227,-0.7257958293968509,-0.3041918912684436,0.5651428055227898,-0.11162799739561437,-0.4814607612315388,1.1392780575943733,-1.0161329645585022,1
-0.2960199349169384,0.9009088760241706,-1.179024470547907,-0.6334727058723786,-0.06640278899360229,0.9048055324001227,-0.7257958293968509,1.4316811360790147,-1.6705176710108995,-0.11162799739561437,-0.997471732522988,0.5043330225336705,0.9841231756854657,0
-0.9738162891597597,0.9009088760241706,-0.502969299721533,-0.5595801746326187,-0.5733475201700994,-1.177851894974348,-0.4090788379283631,-1.461440576166749,1.286865031430813,0.23238544103697253,-0.7394662468772634,-0.7457150152420878,-1.0161329645585022,1
-0.8043672005990544,-1.1099901739376037,0.8491410419312149,-0.6433271490212588,-0.5733475201700994,0.9048055324001227,-0.7257958293968509,-1.461440576166749,1.2700807936189982,-0.11162799739561437,-0.997471732522988,-0.20998014190961997,0.9841231756854657,0
-0.634918112038349,0.9009088760241706,0.8491410419312149,-0.45007583361605624,-0.911310674287764,-1.177851894974348,-0.052772222526314166,1.4316811360790147,0.03811773823181484,0.4617277333253637,-0.4814607612315388,0.9210157017922567,0.9841231756854657,0
-0.2960199349169384,-1.1099901739376037,1.5251962127575889,-0.6406266525814215,0.10257878806523006,0.9048055324001227,-0.7257958293968509,-1.461440576166749,-1.1804179269059165,-0.11162799739561437,-0.997471732522988,1.5162766721616654,-1.0161329645585022,0
-0.634918112038349,0.9009088760241706,-0.502969299721533,-0.6377366476194902,-0.7423290972289317,0.9048055324001227,-0.7257958293968509,0.2744324511807092,0.001192415045823164,-0.11162799739561437,-0.7394662468772634,0.32575473142284794,-1.0161329645585022,0
-0.2960199349169384,0.9009088760241706,-0.502969299721533,-0.6444326154001395,0.10257878806523006,0.9048055324001227,-0.7257958293968509,0.853056793629862,0.5114332445249834,-0.11162799739561437,-0.7394662468772634,0.3654387961141419,-1.0161329645585022,0
-1.143265377720465,0.9009088760241706,-0.502969299721533,-0.6412741400319087,-0.911310674287764,0.9048055324001227,-0.7257958293968509,-0.8828162337175963,-1.1166378232210217,-0.11162799739561437,-0.4814607612315388,0.286070666731554,0.9841231756854657,0
-0.634918112038349,-1.1099901739376037,0.8491410419312149,-0.6418742503518726,-0.06640278899360229,0.9048055324001227,-0.7257958293968509,-1.461440576166749,0.7464125738903866,-0.11162799739561437,-0.997471732522988,-1.202081759191968,-1.0161329645585022,0
-0.46546902347764374,0.9009088760241706,-0.502969299721533,-0.6395685633330641,-0.7423290972289317,0.9048055324001227,-0.7257958293968509,-1.461440576166749,1.1223795008750308,-0.11162799739561437,-0.7394662468772634,-0.7853990799333818,-1.0161329645585022,0
-0.634918112038349,0.9009088760241706,-0.502969299721533,-0.45048643541392625,-0.5733475201700994,-1.177851894974348,0.38271364074285674,0.853056793629862,-0.21028898138303903,1.035083464046342,-0.4814607612315388,0.4844909901880236,-1.0161329645585022,0
-0.8043672005990544,0.9009088760241706,0.8491410419312149,-0.6374365924595083,-0.911310674287764,0.9048055324001227,-0.7257958293968509,0.2744324511807092,0.001192415045823164,-0.11162799739561437,-0.997471732522988,-0.17029607721832604,0.9841231756854657,0
-0.634918112038349,0.9009088760241706,-1.179024470547907,-0.4496810241950274,-0.5733475201700994,-1.177851894974348,-0.8524826259842462,0.2744324511807092,0.7464125738903866,-0.6849837281165926,-0.997471732522988,0.46464895784237664,0.9841231756854657,0
-0.634918112038349,-1.1099901739376037,0.8491410419312149,-0.5656444473396218,-0.23538436605243465,-1.177851894974348,-0.5674373336626071,-0.3041918912684436,-1.2979075915886182,0.003043148748581378,-0.4814607612315388,0.26622863438590705,-1.0161329645585022,1
-0.9738162891597597,-1.1099901739376037,0.8491410419312149,-0.6243762968118739,-0.911310674287764,0.9048055324001227,-0.7257958293968509,0.853056793629862,0.830333762949459,-0.2262991435398101,-0.7394662468772634,-0.3488743683291487,-1.0161329645585022,0
-0.9738162891597597,-1.1099901739376037,-1.179024470547907,-0.6218968936478126,-0.404365943111267,0.9048055324001227,-0.7257958293968509,-1.461440576166749,1.2096575374964662,-0.2262991435398101,-0.7394662468772634,-2.9481806056089,-1.0161329645585022,1
-0.2960199349169384,0.9009088760241706,-1.179024470547907,-0.62747160267274,-0.06640278899360229,0.9048055324001227,-0.7257958293968509,0.2744324511807092,0.5651428055227898,-0.2262991435398101,-0.4814607612315388,0.6432272489531993,-1.0161329645585022,0
-0.2960199349169384,0.9009088760241706,-1.179024470547907,-0.5640178325249829,-0.911310674287764,-1.177851894974348,-0.5674373336626071,-0.3041918912684436,0.16232109803924238,0.003043148748581378,-0.997471732522988,0.9805417988291976,-1.0161329645585022,1
-0.8043672005990544,-1.1099901739376037,0.8491410419312149,-0.6221495716772711,-0.7423290972289317,0.9048055324001227,-0.7257958293968509,0.853056793629862,-0.12972463988633004,-0.2262991435398101,-0.997471732522988,0.20670253734896618,0.9841231756854657,0
-0.8043672005990544,-1.1099901739376037,-0.502969299721533,-0.44802282462670623,-0.5733475201700994,-1.177851894974348,0.22435514500861276,-1.461440576166749,-1.0495008719737637,0.8057411717579506,-0.997471732522988,-0.03140185079879733,0.9841231756854657,0
-0.9738162891597597,-1.1099901739376037,0.8491410419312149,-0.6194016981069104,-0.911310674287764,0.9048055324001227,-0.7257958293968509,-1.461440576166749,-0.25392799969375696,-0.2262991435398101,-0.4814607612315388,-0.8449251769703227,0.9841231756854657,0
-0.634918112038349,-1.1099901739376037,0.8491410419312149,-0.618959511555358,-0.5733475201700994,0.9048055324001227,-0.7257958293968509,0.2744324511807092,0.001192415045823164,-0.2262991435398101,-0.7394662468772634,0.9805417988291976,-1.0161329645585022,0
-1.143265377720465,-1.1099901739376037,-0.502969299721533,-0.6255449326981193,-0.911310674287764,0.9048055324001227,-0.7257958293968509,-0.8828162337175963,0.6154955189582334,-0.2262991435398101,-0.997471732522988,-0.4282424977117365,0.9841231756854657,0
-0.634918112038349,-1.1099901739376037,-0.502969299721533,-0.44770697708988316,-0.404365943111267,0.21058638994196582,-1.042512820865339,0.2744324511807092,-1.173704231781191,-0.9143260204049839,-0.997471732522988,1.238488219322608,-1.0161329645585022,0
-0.8043672005990544,-1.1099901739376037,-0.502969299721533,-0.6196069990058454,-0.404365943111267,0.9048055324001227,-0.7257958293968509,0.853056793629862,0.001192415045823164,-0.2262991435398101,-0.4814607612315388,0.782121475372728,-1.0161329645585022,0
-0.2960199349169384,0.9009088760241706,-0.502969299721533,-0.6146324003008818,-0.06640278899360229,0.9048055324001227,-0.7257958293968509,-1.461440576166749,1.0418151593783211,-0.2262991435398101,-0.4814607612315388,0.5440170872249644,-1.0161329645585022,1
-0.8043672005990544,-1.1099901739376037,0.8491410419312149,-0.6043989401078139,-0.7423290972289317,0.9048055324001227,-0.7257958293968509,1.4316811360790147,0.8336906105118219,-0.2262991435398101,-0.4814607612315388,0.9606997664835506,-1.0161329645585022,0
-1.143265377720465,0.9009088760241706,0.8491410419312149,-0.6134321796609541,-0.911310674287764,0.9048055324001227,-0.7257958293968509,-0.8828162337175963,0.8336906105118219,-0.2262991435398101,-0.7394662468772634,-0.6663468858595001,0.9841231756854657,0
-1.143265377720465,0.9009088760241706,-1.179024470547907,-0.4518761645759478,-0.911310674287764,-1.177851894974348,0.6598410082777837,-0.8828162337175963,0.11868207972852446,1.4937680486231246,-0.4814607612315388,-0.7258729828964409,-1.0161329645585022,0
-1.143265377720465,0.9009088760241706,-0.502969299721533,-0.6063887795897994,-0.911310674287764,0.9048055324001227,-0.7257958293968509,0.853056793629862,0.3939435798422821,-0.2262991435398101,-0.7394662468772634,0.008282213892496587,-1.0161329645585022,0
-0.46546902347764374,-1.1099901739376037,0.8491410419312149,-0.6000718288533378,-0.06640278899360229,0.9048055324001227,-0.7257958293968509,1.4316811360790147,-0.5459737376193288,-0.2262991435398101,-0.7394662468772634,0.6035431842619053,-1.0161329645585022,0
-0.634918112038349,0.9009088760241706,-1.179024470547907,-0.45048643541392625,-0.911310674287764,-1.177851894974348,-0.17154109432699713,0.2744324511807092,-1.173704231781191,0.3470565871811683,-0.4814607612315388,0.32575473142284794,0.9841231756854657,0
-0.46546902347764374,0.9009088760241706,-0.502969299721533,-0.5969133534851069,-0.5733475201700994,0.9048055324001227,-0.7257958293968509,1.4316811360790147,0.001192415045823164,-0.2262991435398101,-0.997471732522988,1.0400678958661385,0.9841231756854657,0
-0.8043672005990544,0.9009088760241706,-1.179024470547907,-0.6019195369437528,-0.911310674287764,0.9048055324001227,-0.7257958293968509,1.4316811360790147,-1.0495008719737637,-0.2262991435398101,-0.4814607612315388,0.10749237562073138,-1.0161329645585022,0
-1.143265377720465,0.9009088760241706,0.8491410419312149,-0.45505043232101977,-0.911310674287764,-1.177851894974348,-0.963333572998217,-0.8828162337175963,-1.173704231781191,-0.7996548742607882,-0.997471732522988,0.14717644031202531,0.9841231756854657,0
-0.9738162891597597,-1.1099901739376037,-0.502969299721533,-0.6034987746278682,-0.911310674287764,0.9048055324001227,-0.7257958293968509,-1.461440576166749,-1.0092187012254088,-0.2262991435398101,-0.4814607612315388,-1.2219237915376149,0.9841231756854657,0
-0.46546902347764374,0.9009088760241706,1.5251962127575889,-0.5900752543128872,-0.404365943111267,0.9048055324001227,-0.7257958293968509,1.4316811360790147,0.8336906105118219,-0.2262991435398101,-0.4814607612315388,1.1789621222856672,0.9841231756854657,0
-0.9738162891597597,0.9009088760241706,1.5251962127575889,-0.5965185440640781,-0.911310674287764,0.9048055324001227,-0.7257958293968509,1.4316811360790147,0.001192415045823164,-0.2262991435398101,-0.4814607612315388,0.5043330225336705,0.9841231756854657,0
-0.8043672005990544,-1.1099901739376037,1.5251962127575889,-0.5864114228857394,-0.911310674287764,0.9048055324001227,-0.7257958293968509,-0.3041918912684436,-0.005521280078902488,-0.2262991435398101,-0.997471732522988,-0.6465048535138531,-1.0161329645585022,1
-0.8043672005990544,0.9009088760241706,1.5251962127575889,-0.4483544645403705,-0.404365943111267,-1.177851894974348,0.06599664927436881,-0.8828162337175963,1.2029438423717405,0.5763988794695595,-0.997471732522988,-0.8449251769703227,0.9841231756854657,0
-0.634918112038349,-1.1099901739376037,-1.179024470547907,-0.5885276013824541,-0.5733475201700994,0.9048055324001227,-0.7257958293968509,-1.461440576166749,0.16232109803924238,-0.2262991435398101,-0.7394662468772634,-1.0235034680811452,-1.0161329645585022,0
-0.9738162891597597,-1.1099901739376037,0.8491410419312149,-0.5832529475175087,-0.911310674287764,0.9048055324001227,-0.7257958293968509,0.853056793629862,0.001192415045823164,-0.2262991435398101,-0.7394662468772634,0.5241750548793175,0.9841231756854657,0
-0.634918112038349,0.9009088760241706,0.8491410419312149,-0.5874063426267322,-0.5733475201700994,0.9048055324001227,-0.7257958293968509,0.2744324511807092,0.23617174441122635,-0.2262991435398101,-0.7394662468772634,0.0479662785837905,0.9841231756854657,0
-0.46546902347764374,0.9009088760241706,1.5251962127575889,-0.5868536094372918,-0.911310674287764,0.9048055324001227,-0.7257958293968509,0.2744324511807092,0.23617174441122635,-0.2262991435398101,-0.997471732522988,-0.8647672093159696,0.9841231756854657,0
-1.143265377720465,0.9009088760241706,0.8491410419312149,-0.5852901641300176,-0.911310674287764,0.9048055324001227,-0.7257958293968509,0.2744324511807092,-0.11965409719924096,-0.2262991435398101,-0.7394662468772634,-0.8846092416616166,0.9841231756854657,0
-0.9738162891597597,-1.1099901739376037,-1.179024470547907,-0.5828581380964798,-0.5733475201700994,0.9048055324001227,-0.7257958293968509,0.2744324511807092,0.23617174441122635,-0.2262991435398101,-0.997471732522988,0.6829113136444932,0.9841231756854657,0
-0.8043672005990544,-1.1099901739376037,-1.179024470547907,-0.5829055152270033,-0.5733475201700994,0.9048055324001227,-0.7257958293968509,0.853056793629862,-1.3482603050240614,-0.2262991435398101,-0.997471732522988,0.5440170872249644,0.9841231756854657,0
-0.2960199349169384,0.9009088760241706,-0.502969299721533,-0.699611180083132,-0.23538436605243465,0.9048055324001227,-0.7257958293968509,0.2744324511807092,0.665848232393677,0.003043148748581378,-0.997471732522988,0.5638591195706114,-1.0161329645585022,1
-0.46546902347764374,0.9009088760241706,0.8491410419312149,-0.5641125867860299,-0.404365943111267,-1.177851894974348,0.06599664927436881,0.2744324511807092,0.001192415045823164,1.035083464046342,-0.997471732522988,-0.3488743683291487,-1.0161329645585022,1
-0.8043672005990544,0.9009088760241706,-0.502969299721533,-0.4479596551193416,-0.5733475201700994,-1.177851894974348,-0.6941241302500022,-0.8828162337175963,-0.25392799969375696,-0.45564143582820127,-0.4814607612315388,-0.8647672093159696,0.9841231756854657,0
-0.9738162891597597,-1.1099901739376037,-0.502969299721533,-0.5861271601025987,-0.911310674287764,0.9048055324001227,-0.7257958293968509,0.2744324511807092,0.001192415045823164,-0.2262991435398101,-0.4814607612315388,-0.17029607721832604,-1.0161329645585022,0
-0.8043672005990544,-1.1099901739376037,0.8491410419312149,-0.577141297679982,-0.7423290972289317,0.9048055324001227,-0.7257958293968509,0.2744324511807092,0.001192415045823164,-0.2262991435398101,-0.997471732522988,0.3654387961141419,0.9841231756854657,0
-0.46546902347764374,-1.1099901739376037,-1.179024470547907,-0.5790521752777616,0.2715603651240624,0.9048055324001227,-0.7257958293968509,0.2744324511807092,-0.21700267650776528,-0.2262991435398101,-0.7394662468772634,0.14717644031202531,0.9841231756854657,0
-0.9738162891597597,-1.1099901739376037,-1.179024470547907,-0.581136769020794,-0.7423290972289317,0.9048055324001227,-0.7257958293968509,-1.461440576166749,-1.0495008719737637,-0.2262991435398101,-0.7394662468772634,-0.6465048535138531,0.9841231756854657,0
-0.634918112038349,0.9009088760241706,-1.179024470547907,-0.5858113125657756,-0.911310674287764,0.9048055324001227,-0.7257958293968509,-1.461440576166749,-1.0495008719737637,-0.2262991435398101,-0.4814607612315388,0.801963507718375,0.9841231756854657,0
-0.9738162891597597,-1.1099901739376037,-0.502969299721533,-0.5854322955215879,-0.911310674287764,0.9048055324001227,-0.7257958293968509,0.853056793629862,0.7464125738903866,-0.2262991435398101,-0.997471732522988,1.35754041339649,0.9841231756854657,0
-0.46546902347764374,0.9009088760241706,-0.502969299721533,-0.4521920121127709,-0.23538436605243465,-1.177851894974348,-0.4090788379283631,-1.461440576166749,-0.811164695045998,0.003043148748581378,-0.7394662468772634,0.7424374106814341,0.9841231756854657,0
-0.46546902347764374,-1.1099901739376037,0.8491410419312149,-0.5696715034341161,-0.5733475201700994,-1.177851894974348,0.6598410082777837,-1.461440576166749,0.7430557263280237,1.952452633199907,-0.4814607612315388,-0.20998014190961997,-1.0161329645585022,1
-0.2960199349169384,-1.1099901739376037,0.17308587110484092,-0.44514861204161615,-0.23538436605243465,-1.177851894974348,-0.804975077263973,1.4316811360790147,0.15896425047687956,-0.570312581972397,-0.7394662468772634,-1.0036614357354983,0.9841231756854657,0
-0.46546902347764374,0.9009088760241706,0.8491410419312149,-0.695015598422356,-0.5733475201700994,0.9048055324001227,-0.7257958293968509,-1.461440576166749,1.575553921794022,0.003043148748581378,-0.7394662468772634,0.6829113136444932,-1.0161329645585022,1
-0.9738162891597597,-1.1099901739376037,-1.179024470547907,-0.4476122228288362,-0.911310674287764,-1.177851894974348,-0.7257958293968509,0.2744324511807092,-0.6936750303632967,-0.45564143582820127,-0.997471732522988,0.5043330225336705,0.9841231756854657,0
-0.8043672005990544,-1.1099901739376037,-1.179024470547907,-0.691825538300443,-0.7423290972289317,0.9048055324001227,-0.7257958293968509,0.2744324511807092,0.001192415045823164,0.003043148748581378,-0.7394662468772634,0.305912699077201,-1.0161329645585022,1
-0.634918112038349,-1.1099901739376037,1.5251962127575889,-0.6966895903675184,-0.911310674287764,0.9048055324001227,-0.7257958293968509,-0.8828162337175963,-1.371758237960602,0.003043148748581378,-0.7394662468772634,0.6432272489531993,-1.0161329645585022,1
-0.8043672005990544,0.9009088760241706,-1.179024470547907,-0.5828265533427975,-0.5733475201700994,0.9048055324001227,-0.7257958293968509,0.2744324511807092,1.2465828606824585,-0.2262991435398101,-0.7394662468772634,1.298014316359549,0.9841231756854657,0
-0.46546902347764374,0.9009088760241706,-1.179024470547907,-0.455587373133619,-0.23538436605243465,-1.177851894974348,-0.5674373336626071,0.853056793629862,-0.6936750303632967,-0.2262991435398101,-0.997471732522988,-2.154499311783022,0.9841231756854657,0
-0.634918112038349,0.9009088760241706,-0.502969299721533,-0.44949151567293355,-0.5733475201700994,-1.177851894974348,-0.4090788379283631,-0.3041918912684436,-0.811164695045998,0.003043148748581378,-0.997471732522988,0.7225953783357871,-1.0161329645585022,0
-0.46546902347764374,0.9009088760241706,1.5251962127575889,-0.5861745372331222,-0.911310674287764,0.9048055324001227,-0.7257958293968509,0.853056793629862,-0.6936750303632967,-0.2262991435398101,-0.997471732522988,-1.8370267942526706,0.9841231756854657,0
-0.8043672005990544,0.9009088760241706,-0.502969299721533,-0.5688187150846938,-0.7423290972289317,0.9048055324001227,-0.7257958293968509,-0.8828162337175963,0.860545391010725,-0.34097028968400567,-0.7394662468772634,0.46464895784237664,-1.0161329645585022,0
-1.143265377720465,-1.1099901739376037,-0.502969299721533,-0.5737775214128162,-0.911310674287764,0.9048055324001227,-0.7257958293968509,0.853056793629862,0.001192415045823164,-0.34097028968400567,-0.4814607612315388,1.1392780575943733,0.9841231756854657,0
-0.2960199349169384,-1.1099901739376037,-1.179024470547907,-0.5637019849881599,-0.23538436605243465,0.9048055324001227,-0.7257958293968509,1.4316811360790147,-1.1166378232210217,-0.34097028968400567,-0.4814607612315388,-0.38855843302044263,0.9841231756854657,0
-0.9738162891597597,-1.1099901739376037,-1.179024470547907,-0.6797917471474836,-0.911310674287764,0.9048055324001227,-0.7257958293968509,0.2744324511807092,2.431550050196561,0.003043148748581378,-0.997471732522988,0.8614896047553159,-1.0161329645585022,1
-1.143265377720465,-1.1099901739376037,-0.502969299721533,-0.44890719772981086,-0.911310674287764,-0.4836327525161911,0.38271364074285674,-1.461440576166749,1.092167872813765,1.035083464046342,-0.4814607612315388,-0.15045404487267908,-1.0161329645585022,0
-0.8043672005990544,0.9009088760241706,1.5251962127575889,-0.5630071204071491,-0.911310674287764,0.9048055324001227,-0.7257958293968509,-0.8828162337175963,1.2700807936189982,-0.34097028968400567,-0.997471732522988,-0.5076106270943244,0.9841231756854657,0
-1.143265377720465,-1.1099901739376037,-1.179024470547907,-0.5635124764660661,-0.911310674287764,0.9048055324001227,-0.7257958293968509,-0.8828162337175963,0.665848232393677,-0.34097028968400567,-0.4814607612315388,-0.7258729828964409,0.9841231756854657,0
-0.8043672005990544,-1.1099901739376037,-1.179024470547907,-0.6717850120890184,-0.5733475201700994,0.9048055324001227,-0.7257958293968509,0.853056793629862,1.0619562447524988,-0.11162799739561437,-0.7394662468772634,1.5559607368529593,-1.0161329645585022,1
-0.2960199349169384,0.9009088760241706,-1.179024470547907,-0.5671605155163726,-0.23538436605243465,0.9048055324001227,-0.7257958293968509,1.4316811360790147,-0.21364582894540246,-0.34097028968400567,-0.4814607612315388,0.8416475724096689,-1.0161329645585022,0
-0.8043672005990544,-1.1099901739376037,0.8491410419312149,-0.45089703721179625,-0.5733475201700994,-1.177851894974348,-0.607026957596168,0.853056793629862,0.860545391010725,-0.34097028968400567,-0.7394662468772634,-1.0235034680811452,0.9841231756854657,0
-0.9738162891597597,0.9009088760241706,0.8491410419312149,-0.6781809247096858,-0.911310674287764,0.9048055324001227,-0.7257958293968509,-1.461440576166749,1.1861596045599256,0.003043148748581378,-0.4814607612315388,0.26622863438590705,-1.0161329645585022,1
-0.8043672005990544,0.9009088760241706,1.5251962127575889,-0.5663393119206326,-0.404365943111267,0.9048055324001227,-0.7257958293968509,-0.8828162337175963,0.001192415045823164,-0.34097028968400567,-0.7394662468772634,-0.8846092416616166,-1.0161329645585022,0
-0.8043672005990544,0.9009088760241706,-1.179024470547907,-0.5600855306915355,-0.911310674287764,0.9048055324001227,-0.7257958293968509,-1.461440576166749,-1.623521805137819,-0.34097028968400567,-0.997471732522988,-0.40840046536608954,0.9841231756854657,0
-0.9738162891597597,-1.1099901739376037,-1.179024470547907,-0.6772965516065812,-0.911310674287764,0.9048055324001227,-0.7257958293968509,0.2744324511807092,2.1562885500828033,0.003043148748581378,-0.997471732522988,0.06780831092943747,-1.0161329645585022,1
-0.2960199349169384,-1.1099901739376037,0.8491410419312149,-0.44791227798881816,-0.06640278899360229,-1.177851894974348,0.8577891279455886,0.2744324511807092,0.0851136041048956,1.7231103409115156,-0.4814607612315388,-0.011559818453150373,-1.0161329645585022,0
-0.8043672005990544,0.9009088760241706,1.5251962127575889,-0.4490019519908578,-0.911310674287764,0.21058638994196582,-0.8208109268373974,0.853056793629862,0.2965950005337584,-0.570312581972397,-0.4814607612315388,1.238488219322608,-1.0161329645585022,0
-0.9738162891597597,0.9009088760241706,-1.179024470547907,-0.6805813659895412,-0.911310674287764,0.9048055324001227,-0.7257958293968509,1.4316811360790147,1.4110683912382405,0.003043148748581378,-0.7394662468772634,-0.5472946917856183,-1.0161329645585022,1
-0.634918112038349,0.9009088760241706,0.8491410419312149,-0.674611847543585,-0.404365943111267,0.9048055324001227,-0.7257958293968509,-0.3041918912684436,1.575553921794022,-0.11162799739561437,-0.4814607612315388,-1.2219237915376149,-1.0161329645585022,1
-0.9738162891597597,0.9009088760241706,-1.179024470547907,-0.5636861926113187,-0.7423290972289317,0.9048055324001227,-0.7257958293968509,0.2744324511807092,0.830333762949459,-0.34097028968400567,-0.7394662468772634,0.46464895784237664,-1.0161329645585022,0
-0.8043672005990544,-1.1099901739376037,-0.502969299721533,-0.5599433992999652,-0.911310674287764,0.9048055324001227,-0.7257958293968509,0.2744324511807092,0.7430557263280237,-0.34097028968400567,-0.4814607612315388,-0.07108591549009124,0.9841231756854657,0
-0.8043672005990544,0.9009088760241706,-1.179024470547907,-0.5662603500364268,-0.7423290972289317,0.9048055324001227,-0.7257958293968509,-0.8828162337175963,-1.1804179269059165,-0.34097028968400567,-0.4814607612315388,-0.09092794783573821,0.9841231756854657,0
-0.9738162891597597,-1.1099901739376037,-0.502969299721533,-0.4524920672727528,-0.911310674287764,-1.177851894974348,0.5410721364771007,-0.8828162337175963,0.001192415045823164,1.2644257563347332,-0.4814607612315388,0.22654456969461315,-1.0161329645585022,0
-0.46546902347764374,-1.1099901739376037,-1.179024470547907,-0.4494125537887278,0.2715603651240624,0.21058638994196582,-0.2507203421941191,-0.3041918912684436,-0.46205254856025635,0.23238544103697253,-0.997471732522988,0.46464895784237664,-1.0161329645585022,0
-0.2960199349169384,0.9009088760241706,1.5251962127575889,-0.5560584745970413,0.4405419421828948,0.9048055324001227,-0.7257958293968509,1.4316811360790147,0.6154955189582334,-0.34097028968400567,-0.4814607612315388,-0.5472946917856183,-1.0161329645585022,0
-0.634918112038349,-1.1099901739376037,0.8491410419312149,-0.5587589710368787,-0.404365943111267,0.9048055324001227,-0.7257958293968509,-1.461440576166749,-1.6705176710108995,-0.34097028968400567,-0.7394662468772634,0.286070666731554,0.9841231756854657,0
-0.2960199349169384,0.9009088760241706,0.8491410419312149,-0.5561058517275648,-0.404365943111267,0.9048055324001227,-0.7257958293968509,0.2744324511807092,-0.707102420612748,-0.34097028968400567,-0.4814607612315388,-1.7973427295613766,0.9841231756854657,0
-0.46546902347764374,0.9009088760241706,0.8491410419312149,-0.5553794023928716,-0.5733475201700994,0.9048055324001227,-0.7257958293968509,-1.461440576166749,-1.4993184453303918,-0.34097028968400567,-0.997471732522988,-0.4282424977117365,0.9841231756854657,0
-0.9738162891597597,0.9009088760241706,1.5251962127575889,-0.5486360574816989,-0.911310674287764,0.9048055324001227,-0.7257958293968509,1.4316811360790147,-0.34120603631519225,-0.34097028968400567,-0.7394662468772634,1.337698381050843,0.9841231756854657,0
-0.8043672005990544,-1.1099901739376037,1.5251962127575889,-0.4510549609802078,-0.911310674287764,-1.177851894974348,-0.6624524311031534,-0.8828162337175963,0.25966967734776614,-0.34097028968400567,-0.4814607612315388,0.9011736694466097,-1.0161329645585022,0
-0.634918112038349,0.9009088760241706,-0.502969299721533,-0.45141818564755437,-0.404365943111267,0.21058638994196582,-0.3298995900612411,1.4316811360790147,-0.16664996307232172,0.1177142948927768,-0.7394662468772634,-0.051243883144444294,-1.0161329645585022,0
-0.9738162891597597,0.9009088760241706,0.8491410419312149,-0.5462987857092081,-0.404365943111267,0.9048055324001227,-0.7257958293968509,0.2744324511807092,-1.8752853723150364,-0.34097028968400567,-0.997471732522988,0.9805417988291976,-1.0161329645585022,0
-0.634918112038349,-1.1099901739376037,-1.179024470547907,-0.4481649560182766,-0.5733475201700994,-1.177851894974348,-1.2008713165995828,0.853056793629862,0.09182729922962125,-1.143668312693375,-0.997471732522988,-0.7853990799333818,0.9841231756854657,0
-0.9738162891597597,0.9009088760241706,-1.179024470547907,-0.5511786301531247,-0.404365943111267,0.9048055324001227,-0.7257958293968509,0.853056793629862,-0.11965409719924096,-0.34097028968400567,-0.4814607612315388,-1.6187644384505542,0.9841231756854657,0
-0.2960199349169384,0.9009088760241706,-0.502969299721533,-0.5649495827586111,-0.5733475201700994,-1.177851894974348,-0.7257958293968509,-0.3041918912684436,0.4308689030282738,-0.34097028968400567,-0.7394662468772634,0.028124246238143545,-1.0161329645585022,1
-0.9738162891597597,-1.1099901739376037,-0.502969299721533,-0.5376603555770968,-0.23538436605243465,0.9048055324001227,-0.7257958293968509,0.853056793629862,0.007906110170548816,-0.34097028968400567,-0.7394662468772634,1.1591200899400202,-1.0161329645585022,0
-0.2960199349169384,0.9009088760241706,0.8491410419312149,-0.4492388376434751,0.10257878806523006,-1.177851894974348,0.8696660151256569,-0.8828162337175963,0.6423502994571366,1.7231103409115156,-0.997471732522988,1.278172284013902,0.9841231756854657,0
-0.8043672005990544,-1.1099901739376037,-0.502969299721533,-0.6489650275535508,-0.404365943111267,0.9048055324001227,-0.7257958293968509,-1.461440576166749,-0.3680608168140954,-0.11162799739561437,-0.4814607612315388,0.8614896047553159,-1.0161329645585022,1
-0.8043672005990544,0.9009088760241706,1.5251962127575889,-0.4520182959675182,-0.911310674287764,0.21058638994196582,-0.6624524311031534,0.853056793629862,0.001192415045823164,-0.34097028968400567,-0.997471732522988,1.0599099282117854,0.9841231756854657,0
-0.8043672005990544,0.9009088760241706,0.8491410419312149,-0.44698052775519004,-0.911310674287764,-1.177851894974348,-0.17154109432699713,-0.8828162337175963,-1.0964967378468442,0.23238544103697253,-0.7394662468772634,-0.7655570475877348,-1.0161329645585022,0
-0.8043672005990544,0.9009088760241706,0.8491410419312149,-0.6376576857352845,-0.911310674287764,0.9048055324001227,-0.7257958293968509,0.853056793629862,-0.3680608168140954,-0.11162799739561437,-0.7394662468772634,0.801963507718375,-1.0161329645585022,1
-0.634918112038349,0.9009088760241706,0.8491410419312149,-0.5236209325653108,-0.911310674287764,0.9048055324001227,-0.7257958293968509,0.2744324511807092,1.0015329886299666,-0.34097028968400567,-0.4814607612315388,0.14717644031202531,0.9841231756854657,0
-0.8043672005990544,-1.1099901739376037,-0.502969299721533,-0.6427112463244538,-0.911310674287764,0.9048055324001227,-0.7257958293968509,-0.3041918912684436,0.001192415045823164,-0.11162799739561437,-0.4814607612315388,2.0321695131484865,-1.0161329645585022,1
-0.9738162891597597,-1.1099901739376037,-1.179024470547907,-0.5243157971463216,-0.911310674287764,0.9048055324001227,-0.7257958293968509,-0.8828162337175963,-1.2475548781531747,-0.34097028968400567,-0.7394662468772634,-0.5671367241312653,0.9841231756854657,0
-1.143265377720465,0.9009088760241706,0.8491410419312149,-0.5285165693860686,-0.911310674287764,0.9048055324001227,-0.7257958293968509,-0.8828162337175963,0.001192415045823164,-0.34097028968400567,-0.4814607612315388,0.0479662785837905,0.9841231756854657,0
-0.8043672005990544,-1.1099901739376037,-1.179024470547907,-0.4448959340121577,-0.23538436605243465,-1.177851894974348,0.06599664927436881,-0.8828162337175963,-1.8752853723150364,0.5763988794695595,-0.4814607612315388,1.4964346398160184,-1.0161329645585022,0
-0.8043672005990544,-1.1099901739376037,-0.502969299721533,-0.5281375523418809,-0.404365943111267,0.9048055324001227,-0.7257958293968509,0.2744324511807092,0.19253272610050842,-0.34097028968400567,-0.7394662468772634,1.5162766721616654,-1.0161329645585022,0
-0.46546902347764374,0.9009088760241706,-0.502969299721533,-0.6410056696256091,-0.06640278899360229,0.9048055324001227,-0.7257958293968509,-0.8828162337175963,1.4647779522360462,-0.11162799739561437,-0.7394662468772634,-1.8370267942526706,-1.0161329645585022,1
-0.8043672005990544,0.9009088760241706,1.5251962127575889,-0.6430902633686415,-0.911310674287764,0.9048055324001227,-0.7257958293968509,1.4316811360790147,0.9813919032557892,-0.11162799739561437,-0.4814607612315388,1.278172284013902,-1.0161329645585022,1
-0.8043672005990544,0.9009088760241706,-1.179024470547907,-0.5295588662575847,-0.911310674287764,0.9048055324001227,-0.7257958293968509,1.4316811360790147,-1.3751150855229646,-0.34097028968400567,-0.997471732522988,-0.7457150152420878,0.9841231756854657,0
-0.46546902347764374,-1.1099901739376037,1.5251962127575889,-0.4461751165362912,-0.5733475201700994,0.21058638994196582,-0.2507203421941191,-0.3041918912684436,-1.4724636648314886,0.1177142948927768,-0.4814607612315388,0.5440170872249644,-1.0161329645585022,0
-0.8043672005990544,-1.1099901739376037,-1.179024470547907,-0.4464751716962731,-0.404365943111267,-1.177851894974348,-0.646616581529729,-0.8828162337175963,0.5785701957722418,-0.34097028968400567,-0.7394662468772634,1.0202258635204915,-1.0161329645585022,0
-0.634918112038349,-1.1099901739376037,-1.179024470547907,-0.44473801024374615,-0.911310674287764,-1.177851894974348,-0.2507203421941191,0.853056793629862,0.6154955189582334,0.1177142948927768,-0.997471732522988,0.2463866020402601,-1.0161329645585022,0
-0.2960199349169384,-1.1099901739376037,-1.179024470547907,-0.6398844108698872,-0.404365943111267,0.9048055324001227,-0.7257958293968509,1.4316811360790147,1.286865031430813,-0.11162799739561437,-0.4814607612315388,0.5638591195706114,-1.0161329645585022,1
-1.143265377720465,0.9009088760241706,-1.179024470547907,-0.5243631742768451,-0.7423290972289317,0.9048055324001227,-0.7257958293968509,0.853056793629862,-0.1397951825734185,-0.34097028968400567,-0.4814607612315388,-1.4203441149940845,0.9841231756854657,0
-0.46546902347764374,0.9009088760241706,0.8491410419312149,-0.440110843829288,-0.23538436605243465,-1.177851894974348,-0.2507203421941191,-1.461440576166749,0.001192415045823164,0.1177142948927768,-0.997471732522988,-1.0830295651180861,0.9841231756854657,0
-0.634918112038349,0.9009088760241706,-1.179024470547907,-0.5198939316307984,-0.23538436605243465,0.9048055324001227,-0.7257958293968509,0.2744324511807092,-0.005521280078902488,-0.34097028968400567,-0.997471732522988,-1.7378166325244357,0.9841231756854657,0
-0.634918112038349,-1.1099901739376037,-0.502969299721533,-0.5137191122859072,-0.7423290972289317,0.9048055324001227,-0.7257958293968509,-1.461440576166749,0.04483143335654109,-0.34097028968400567,-0.7394662468772634,0.06780831092943747,0.9841231756854657,0
-0.8043672005990544,0.9009088760241706,-0.502969299721533,-0.5092498696398606,-0.911310674287764,0.9048055324001227,-0.7257958293968509,-0.8828162337175963,0.5651428055227898,-0.45564143582820127,-0.7394662468772634,1.278172284013902,-1.0161329645585022,0
-0.9738162891597597,0.9009088760241706,-1.179024470547907,-0.5108133149471349,-0.911310674287764,0.9048055324001227,-0.7257958293968509,0.2744324511807092,-1.3482603050240614,-0.34097028968400567,-0.997471732522988,-0.26950623894656084,0.9841231756854657,0
-0.46546902347764374,0.9009088760241706,-1.179024470547907,-0.5118871965723334,-0.7423290972289317,0.9048055324001227,-0.7257958293968509,0.2744324511807092,-1.1804179269059165,-0.34097028968400567,-0.4814607612315388,0.40512286080543575,-1.0161329645585022,0
-0.634918112038349,-1.1099901739376037,0.8491410419312149,-0.6164327312607734,-0.5733475201700994,0.9048055324001227,-0.7257958293968509,0.2744324511807092,3.018998373610068,-0.2262991435398101,-0.997471732522988,0.8813316371009629,-1.0161329645585022,1
-0.634918112038349,-1.1099901739376037,0.8491410419312149,-0.4403477294819053,-0.911310674287764,-1.177851894974348,-0.7574675285436998,0.853056793629862,-1.173704231781191,-0.570312581972397,-0.997471732522988,-0.6068207888225592,-1.0161329645585022,0
-0.8043672005990544,-1.1099901739376037,-0.502969299721533,-0.4397792039156238,-0.7423290972289317,-1.177851894974348,-0.3298995900612411,-0.8828162337175963,-0.8447331706696268,0.003043148748581378,-0.7394662468772634,-0.190138109563973,-1.0161329645585022,0
-0.8043672005990544,-1.1099901739376037,0.8491410419312149,-0.4377419873031149,-0.23538436605243465,-1.177851894974348,0.4777287381834031,-0.8828162337175963,0.001192415045823164,1.1497546101905376,-0.4814607612315388,0.5440170872249644,-1.0161329645585022,0
-0.46546902347764374,0.9009088760241706,-1.179024470547907,-0.444722217866905,0.10257878806523006,-1.177851894974348,-1.2008713165995828,-0.8828162337175963,-1.8752853723150364,-1.143668312693375,-0.7394662468772634,0.06780831092943747,0.9841231756854657,0
-0.634918112038349,0.9009088760241706,-1.179024470547907,-0.4424323232249377,-0.911310674287764,-1.177851894974348,0.06599664927436881,-1.461440576166749,0.9377528849450718,0.5763988794695595,-0.997471732522988,-1.0036614357354983,0.9841231756854657,0
-0.2960199349169384,-1.1099901739376037,-0.502969299721533,-0.4915308228240857,-0.23538436605243465,0.9048055324001227,-0.7257958293968509,0.2744324511807092,-1.0964967378468442,-0.45564143582820127,-0.7394662468772634,-1.5790803737592602,0.9841231756854657,0
-0.634918112038349,-1.1099901739376037,-1.179024470547907,-0.49303109862399536,-0.911310674287764,0.9048055324001227,-0.7257958293968509,0.2744324511807092,1.0787404825643134,-0.45564143582820127,-0.4814607612315388,-1.0036614357354983,0.9841231756854657,0
-0.46546902347764374,0.9009088760241706,-0.502969299721533,-0.4896357376031472,-0.5733475201700994,0.9048055324001227,-0.7257958293968509,0.2744324511807092,-1.371758237960602,-0.45564143582820127,-0.7394662468772634,-1.3806600503027906,0.9841231756854657,0
-0.46546902347764374,0.9009088760241706,0.8491410419312149,-0.48729846583065645,0.10257878806523006,0.9048055324001227,-0.7257958293968509,-1.461440576166749,0.9108981044461687,-0.45564143582820127,-0.997471732522988,0.46464895784237664,0.9841231756854657,0
-1.143265377720465,0.9009088760241706,0.8491410419312149,-0.6081733181728498,-0.911310674287764,0.9048055324001227,-0.7257958293968509,0.853056793629862,-0.5896127559300467,-0.2262991435398101,-0.7394662468772634,-0.4282424977117365,-1.0161329645585022,1
-0.8043672005990544,0.9009088760241706,-1.179024470547907,-0.5967080525861719,-0.5733475201700994,0.9048055324001227,-0.7257958293968509,0.853056793629862,1.286865031430813,-0.2262991435398101,-0.997471732522988,0.8614896047553159,-1.0161329645585022,1
-0.634918112038349,-1.1099901739376037,-0.502969299721533,-0.6009404095796013,-0.5733475201700994,0.9048055324001227,-0.7257958293968509,-0.3041918912684436,1.327147202179168,-0.2262991435398101,-0.997471732522988,-0.2893482712922078,-1.0161329645585022,1
-0.46546902347764374,-1.1099901739376037,0.8491410419312149,-0.4861140375675699,-0.7423290972289317,0.9048055324001227,-0.7257958293968509,1.4316811360790147,0.6255660616453219,-0.45564143582820127,-0.997471732522988,-0.20998014190961997,-1.0161329645585022,0
-0.46546902347764374,0.9009088760241706,-0.502969299721533,-0.4896515299799884,-0.404365943111267,0.9048055324001227,-0.7257958293968509,-1.461440576166749,0.2965950005337584,-0.45564143582820127,-0.4814607612315388,0.20670253734896618,-1.0161329645585022,0
-0.8043672005990544,0.9009088760241706,-0.502969299721533,-0.49574738744067387,-0.911310674287764,0.9048055324001227,-0.7257958293968509,0.853056793629862,-0.2707122375055717,-0.45564143582820127,-0.997471732522988,-0.13061201252703214,-1.0161329645585022,0
-0.634918112038349,-1.1099901739376037,-0.502969299721533,-0.5989821548512981,-0.23538436605243465,0.9048055324001227,-0.7257958293968509,1.4316811360790147,0.6423502994571366,-0.2262991435398101,-0.4814607612315388,0.8416475724096689,-1.0161329645585022,1
-1.143265377720465,0.9009088760241706,0.8491410419312149,-0.4438694295174827,-0.911310674287764,-0.4836327525161911,-0.4090788379283631,-0.8828162337175963,1.2096575374964662,0.003043148748581378,-0.997471732522988,-1.3409759856114967,-1.0161329645585022,0
-0.8043672005990544,0.9009088760241706,-0.502969299721533,-0.4891303815442303,-0.911310674287764,0.9048055324001227,-0.7257958293968509,-0.8828162337175963,0.4745079213389917,-0.45564143582820127,-0.4814607612315388,-0.17029607721832604,0.9841231756854657,0
-0.2960199349169384,0.9009088760241706,-1.179024470547907,-0.4881828389337611,-0.23538436605243465,0.9048055324001227,-0.7257958293968509,-0.8828162337175963,-0.3680608168140954,-0.45564143582820127,-0.7394662468772634,-0.686188918205147,-1.0161329645585022,0
-0.9738162891597597,-1.1099901739376037,-0.502969299721533,-0.490125301285223,-0.911310674287764,0.9048055324001227,-0.7257958293968509,-0.8828162337175963,-0.707102420612748,-0.45564143582820127,-0.997471732522988,0.12733440796637835,0.9841231756854657,0
-0.634918112038349,0.9009088760241706,-0.502969299721533,-0.48767748287484414,-0.5733475201700994,0.9048055324001227,-0.7257958293968509,-1.461440576166749,0.4745079213389917,-0.45564143582820127,-0.7394662468772634,-1.162397694500674,0.9841231756854657,0
-0.46546902347764374,0.9009088760241706,-1.179024470547907,-0.43652597428634604,-0.404365943111267,-1.177851894974348,0.06599664927436881,0.2744324511807092,-1.2475548781531747,0.5763988794695595,-0.997471732522988,-0.2893482712922078,0.9841231756854657,0
-1.143265377720465,0.9009088760241706,-1.179024470547907,-0.48917775867475377,-0.911310674287764,0.9048055324001227,-0.7257958293968509,1.4316811360790147,-1.7510820125076092,-0.45564143582820127,-0.997471732522988,-0.686188918205147,0.9841231756854657,0
-1.143265377720465,-1.1099901739376037,-0.502969299721533,-0.5497099391068974,-0.911310674287764,-1.177851894974348,-1.359229812333827,-1.461440576166749,1.2096575374964662,-1.3730106049817663,-0.997471732522988,0.5043330225336705,-1.0161329645585022,1
-0.9738162891597597,-1.1099901739376037,-1.179024470547907,-0.6075574154760448,-0.911310674287764,0.9048055324001227,-0.7257958293968509,0.853056793629862,0.001192415045823164,-0.2262991435398101,-0.4814607612315388,-0.5274526594399713,-1.0161329645585022,1
-0.634918112038349,0.9009088760241706,-1.179024470547907,-0.4852770415949887,-0.5733475201700994,0.9048055324001227,-0.7257958293968509,0.2744324511807092,-1.623521805137819,-0.45564143582820127,-0.7394662468772634,-0.8846092416616166,0.9841231756854657,0
-1.143265377720465,-1.1099901739376037,1.5251962127575889,-0.4878196142664145,-0.911310674287764,0.9048055324001227,-0.7257958293968509,1.4316811360790147,-0.5896127559300467,-0.45564143582820127,-0.4814607612315388,-0.36871640067479566,0.9841231756854657,0
-0.634918112038349,0.9009088760241706,-1.179024470547907,-0.6029618338152689,-0.911310674287764,0.9048055324001227,-0.7257958293968509,-0.8828162337175963,0.4107278176540969,-0.2262991435398101,-0.997471732522988,-0.7853990799333818,-1.0161329645585022,1
-0.46546902347764374,0.9009088760241706,-1.179024470547907,-0.437236631244198,-0.404365943111267,0.21058638994196582,0.06599664927436881,-0.8828162337175963,1.5956950071681995,0.5763988794695595,-0.7394662468772634,-1.3806600503027906,0.9841231756854657,0
-0.9738162891597597,-1.1099901739376037,-0.502969299721533,-0.4900305470241761,-0.911310674287764,0.9048055324001227,-0.7257958293968509,-0.8828162337175963,-1.623521805137819,-0.45564143582820127,-0.997471732522988,1.0995939929030794,-1.0161329645585022,0
-0.8043672005990544,0.9009088760241706,0.8491410419312149,-0.48439266849188406,-0.06640278899360229,0.9048055324001227,-0.7257958293968509,0.2744324511807092,0.001192415045823164,-0.45564143582820127,-0.7394662468772634,1.1392780575943733,0.9841231756854657,0
-0.8043672005990544,-1.1099901739376037,1.5251962127575889,-0.4339518168612379,-0.23538436605243465,-1.177851894974348,-1.359229812333827,-0.8828162337175963,-1.173704231781191,-1.3730106049817663,-0.997471732522988,0.6035431842619053,-1.0161329645585022,0
-0.9738162891597597,-1.1099901739376037,-0.502969299721533,-0.594054933276858,-0.911310674287764,0.9048055324001227,-0.7257958293968509,-1.461440576166749,0.5785701957722418,-0.2262991435398101,-0.7394662468772634,-0.8250831446246757,-1.0161329645585022,1
-0.46546902347764374,-1.1099901739376037,1.5251962127575889,-0.4878196142664145,-0.5733475201700994,0.9048055324001227,-0.7257958293968509,-1.461440576166749,0.11868207972852446,-0.45564143582820127,-0.4814607612315388,1.5162766721616654,-1.0161329645585022,0
-0.2960199349169384,-1.1099901739376037,-0.502969299721533,-0.4879933304116672,-0.7423290972289317,0.9048055324001227,-0.7257958293968509,0.853056793629862,0.7061304031420315,-0.45564143582820127,-0.7394662468772634,-1.8965528912896115,0.9841231756854657,0
-1.143265377720465,-1.1099901739376037,-1.179024470547907,-0.6045252791225432,-0.7423290972289317,0.9048055324001227,-0.7257958293968509,0.853056793629862,1.2029438423717405,-0.2262991435398101,-0.4814607612315388,0.20670253734896618,-1.0161329645585022,1
-0.2960199349169384,0.9009088760241706,0.8491410419312149,-0.48421895234663137,-0.5733475201700994,0.9048055324001227,-0.7257958293968509,0.2744324511807092,1.092167872813765,-0.45564143582820127,-0.997471732522988,-2.03544711770914,0.9841231756854657,0
-0.9738162891597597,0.9009088760241706,-0.502969299721533,-0.43425187202121984,-0.5733475201700994,0.21058638994196582,-1.2008713165995828,-0.8828162337175963,-0.08944246913797492,-1.143668312693375,-0.4814607612315388,0.7622794430270811,0.9841231756854657,0
-0.8043672005990544,0.9009088760241706,-0.502969299721533,-0.43218307065502864,-0.911310674287764,0.21058638994196582,-1.359229812333827,0.2744324511807092,-1.4254677989584081,-1.3730106049817663,-0.7394662468772634,-0.36871640067479566,0.9841231756854657,0
-0.2960199349169384,0.9009088760241706,-1.179024470547907,-0.4853560034791945,-0.23538436605243465,0.9048055324001227,-0.7257958293968509,-1.461440576166749,-0.522475804682789,-0.45564143582820127,-0.7394662468772634,-0.17029607721832604,-1.0161329645585022,0
-0.9738162891597597,-1.1099901739376037,0.8491410419312149,-0.4902200555462699,-0.911310674287764,0.9048055324001227,-0.7257958293968509,0.2744324511807092,-1.2005590122800942,-0.45564143582820127,-0.4814607612315388,-0.4282424977117365,-1.0161329645585022,0
-0.46546902347764374,0.9009088760241706,-1.179024470547907,-0.4293246504467798,-0.06640278899360229,-1.177851894974348,0.38271364074285674,-0.3041918912684436,-1.623521805137819,1.035083464046342,-0.4814607612315388,0.6233852166075523,-1.0161329645585022,0
-0.9738162891597597,0.9009088760241706,-0.502969299721533,-0.5928547126369303,-0.911310674287764,0.9048055324001227,-0.7257958293968509,0.2744324511807092,1.9750187817152072,-0.2262991435398101,-0.7394662468772634,-0.5671367241312653,-1.0161329645585022,1
-0.8043672005990544,0.9009088760241706,1.5251962127575889,-0.42916672667836825,-0.5733475201700994,-1.177851894974348,-0.17154109432699713,1.4316811360790147,0.001192415045823164,0.23238544103697253,-0.4814607612315388,0.14717644031202531,-1.0161329645585022,0
-0.46546902347764374,-1.1099901739376037,0.8491410419312149,-0.5872800036120029,-0.911310674287764,0.9048055324001227,-0.7257958293968509,0.853056793629862,1.6829730437896346,-0.2262991435398101,-0.7394662468772634,-1.7378166325244357,-1.0161329645585022,1
-0.9738162891597597,-1.1099901739376037,1.5251962127575889,-0.5917018691275261,-0.911310674287764,0.9048055324001227,-0.7257958293968509,0.2744324511807092,1.4110683912382405,-0.2262991435398101,-0.997471732522988,-0.30919030363785477,-1.0161329645585022,1
-0.8043672005990544,-1.1099901739376037,0.8491410419312149,-0.46964258852224616,-0.911310674287764,0.9048055324001227,-0.7257958293968509,-0.8828162337175963,-0.005521280078902488,-0.45564143582820127,-0.997471732522988,-0.09092794783573821,-1.0161329645585022,0
-0.9738162891597597,-1.1099901739376037,0.8491410419312149,-0.5878801139319668,-0.911310674287764,0.9048055324001227,-0.7257958293968509,-0.8828162337175963,1.6628319584154578,-0.2262991435398101,-0.4814607612315388,-0.32903233598350173,-1.0161329645585022,1
-0.46546902347764374,-1.1099901739376037,-0.502969299721533,-0.4720272374252604,-0.5733475201700994,0.9048055324001227,-0.7257958293968509,0.2744324511807092,0.23617174441122635,-0.45564143582820127,-0.997471732522988,1.238488219322608,-1.0161329645585022,0
-0.46546902347764374,0.9009088760241706,0.8491410419312149,-0.43085651100037176,-0.7423290972289317,0.21058638994196582,-0.3774071387815143,1.4316811360790147,1.0418151593783211,0.003043148748581378,-0.4814607612315388,0.5837011519162584,0.9841231756854657,0
-1.143265377720465,0.9009088760241706,-0.502969299721533,-0.5813736546734113,-0.911310674287764,0.9048055324001227,-0.7257958293968509,0.853056793629862,1.2700807936189982,-0.2262991435398101,-0.997471732522988,-0.44808453005738347,-1.0161329645585022,1
-0.8043672005990544,0.9009088760241706,0.8491410419312149,-0.4629466207415968,-0.404365943111267,0.9048055324001227,-0.7257958293968509,-0.8828162337175963,-1.173704231781191,-0.45564143582820127,-0.997471732522988,0.38528082845978884,0.9841231756854657,0
-0.9738162891597597,0.9009088760241706,-0.502969299721533,-0.4737959836314697,-0.7423290972289317,0.9048055324001227,-0.7257958293968509,1.4316811360790147,0.001192415045823164,-0.45564143582820127,-0.997471732522988,1.1789621222856672,-1.0161329645585022,0
-0.8043672005990544,0.9009088760241706,-0.502969299721533,-0.46632618938560383,-0.911310674287764,0.9048055324001227,-0.7257958293968509,-1.461440576166749,0.001192415045823164,-0.45564143582820127,-0.997471732522988,0.08765034327508442,0.9841231756854657,0
-0.46546902347764374,-1.1099901739376037,-0.502969299721533,-0.5814684089344583,-0.404365943111267,0.9048055324001227,-0.7257958293968509,-0.3041918912684436,1.327147202179168,-0.2262991435398101,-0.7394662468772634,0.008282213892496587,-1.0161329645585022,1
-0.9738162891597597,0.9009088760241706,-0.502969299721533,-0.45086545245811394,-0.911310674287764,0.9048055324001227,-0.7257958293968509,-0.8828162337175963,-0.707102420612748,-0.45564143582820127,-0.4814607612315388,0.06780831092943747,0.9841231756854657,0
-0.634918112038349,0.9009088760241706,0.8491410419312149,-0.42957732847623825,-0.911310674287764,-1.177851894974348,-0.013182598592753173,-1.461440576166749,-1.4724636648314886,0.4617277333253637,-0.997471732522988,0.6630692812988462,-1.0161329645585022,0
-0.8043672005990544,-1.1099901739376037,1.5251962127575889,-0.42711371768901824,-0.5733475201700994,-1.177851894974348,0.952804225386135,1.4316811360790147,0.001192415045823164,1.8377814870557112,-0.4814607612315388,1.734539027963782,-1.0161329645585022,0
-0.634918112038349,0.9009088760241706,0.8491410419312149,-0.45075490582022587,-0.23538436605243465,0.9048055324001227,-0.7257958293968509,1.4316811360790147,-0.005521280078902488,-0.45564143582820127,-0.4814607612315388,-1.2616078562289088,0.9841231756854657,0
-0.2960199349169384,-1.1099901739376037,-0.502969299721533,-0.442669208877555,-0.5733475201700994,0.9048055324001227,-0.7257958293968509,-1.461440576166749,-1.2475548781531747,-0.45564143582820127,-0.4814607612315388,0.5241750548793175,0.9841231756854657,0
-0.9738162891597597,0.9009088760241706,0.8491410419312149,-0.570476914653015,-0.911310674287764,0.9048055324001227,-0.7257958293968509,-0.8828162337175963,0.561785957960427,-0.34097028968400567,-0.4814607612315388,-0.9639773710442044,-1.0161329645585022,1
-1.143265377720465,0.9009088760241706,1.5251962127575889,-0.4275874889942528,-0.5733475201700994,-1.177851894974348,-0.4090788379283631,0.853056793629862,-1.4724636648314886,-0.11162799739561437,-0.4814607612315388,0.6630692812988462,0.9841231756854657,0
-0.9738162891597597,0.9009088760241706,-0.502969299721533,-0.4259450818027728,-0.7423290972289317,-1.177851894974348,-0.47242223622206064,0.853056793629862,1.0955247203761276,-0.2262991435398101,-0.997471732522988,-0.9441353386985575,0.9841231756854657,0
-0.9738162891597597,-1.1099901739376037,0.8491410419312149,-0.43221465540871096,-0.7423290972289317,-1.177851894974348,-1.1058562191590364,1.4316811360790147,0.001192415045823164,-1.0289971665491795,-0.4814607612315388,-0.30919030363785477,0.9841231756854657,0
-0.9738162891597597,-1.1099901739376037,-0.502969299721533,-0.4268136625290363,-0.911310674287764,-1.177851894974348,-0.09236184645987515,-0.8828162337175963,0.23617174441122635,0.3470565871811683,-0.4814607612315388,-0.30919030363785477,0.9841231756854657,0
-0.634918112038349,0.9009088760241706,-0.502969299721533,-0.4475332609446304,-0.404365943111267,0.9048055324001227,-0.7257958293968509,0.2744324511807092,-1.8752853723150364,-0.45564143582820127,-0.997471732522988,0.782121475372728,0.9841231756854657,0
-0.9738162891597597,0.9009088760241706,-0.502969299721533,-0.426782077775354,-0.911310674287764,0.21058638994196582,2.0929853946726915,1.4316811360790147,0.5651428055227898,3.328506386930255,-0.997471732522988,-0.11076998018138517,-1.0161329645585022,0
-0.634918112038349,0.9009088760241706,0.8491410419312149,-0.43129869755192407,-0.404365943111267,-1.177851894974348,-0.5674373336626071,0.2744324511807092,-0.11965409719924096,-0.34097028968400567,-0.7394662468772634,-0.24966420660091387,0.9841231756854657,0
-0.9738162891597597,0.9009088760241706,-0.502969299721533,-0.5636072307271129,-0.911310674287764,0.9048055324001227,-0.7257958293968509,0.2744324511807092,1.7836784706605218,-0.34097028968400567,-0.4814607612315388,0.286070666731554,-1.0161329645585022,1
-0.634918112038349,-1.1099901739376037,-0.502969299721533,-0.4252186324680797,-0.404365943111267,-1.177851894974348,-0.5674373336626071,0.2744324511807092,0.8336906105118219,-0.34097028968400567,-0.7394662468772634,0.9011736694466097,-1.0161329645585022,0
-0.2960199349169384,0.9009088760241706,0.8491410419312149,-0.4389264155662015,0.10257878806523006,-1.177851894974348,0.8577891279455886,0.2744324511807092,0.3301634761573873,1.7231103409115156,-0.997471732522988,-0.13061201252703214,0.9841231756854657,0
-0.46546902347764374,0.9009088760241706,-1.179024470547907,-0.4508812448349551,-0.7423290972289317,0.9048055324001227,-0.7257958293968509,0.2744324511807092,-1.173704231781191,-0.45564143582820127,-0.7394662468772634,-1.4798702120310254,0.9841231756854657,0
-0.634918112038349,0.9009088760241706,-0.502969299721533,-0.566370896674315,-0.5733475201700994,0.9048055324001227,-0.7257958293968509,-1.461440576166749,1.2029438423717405,-0.34097028968400567,-0.997471732522988,0.5638591195706114,-1.0161329645585022,1
-0.9738162891597597,-1.1099901739376037,-0.502969299721533,-0.44595402326051503,-0.911310674287764,0.9048055324001227,-0.7257958293968509,0.2744324511807092,0.6255660616453219,-0.45564143582820127,-0.4814607612315388,-2.4322877646220795,0.9841231756854657,0
-0.634918112038349,-1.1099901739376037,-0.502969299721533,-0.43714187698315105,-0.404365943111267,-1.177851894974348,-1.121692068732461,-0.3041918912684436,0.8336906105118219,-1.0289971665491795,-0.4814607612315388,-0.3488743683291487,-1.0161329645585022,0
-0.8043672005990544,0.9009088760241706,-0.502969299721533,-0.5696083339267515,-0.7423290972289317,0.9048055324001227,-0.7257958293968509,1.4316811360790147,0.7430557263280237,-0.34097028968400567,-0.4814607612315388,-1.0235034680811452,-1.0161329645585022,1
-0.8043672005990544,0.9009088760241706,-1.179024470547907,-0.43079334149300713,-0.404365943111267,-1.177851894974348,-0.3774071387815143,-1.461440576166749,-0.1397951825734185,0.003043148748581378,-0.7394662468772634,0.8416475724096689,-1.0161329645585022,0
-1.143265377720465,-1.1099901739376037,-0.502969299721533,-0.45433977536316783,-0.5733475201700994,0.9048055324001227,-0.7257958293968509,-0.8828162337175963,-0.5661148229935064,-0.45564143582820127,-0.4814607612315388,0.38528082845978884,-1.0161329645585022,0
-0.634918112038349,-1.1099901739376037,-0.502969299721533,-0.5449248489240277,-0.06640278899360229,-1.177851894974348,0.06599664927436881,-0.3041918912684436,0.001192415045823164,0.9204123179021463,-0.997471732522988,0.7027533459901402,-1.0161329645585022,1
-0.2960199349169384,-1.1099901739376037,-0.502969299721533,-0.43221465540871096,-0.404365943111267,-1.177851894974348,-0.12403354560672394,0.853056793629862,-1.8752853723150364,0.3470565871811683,-0.7394662468772634,0.10749237562073138,0.9841231756854657,0
-0.2960199349169384,0.9009088760241706,-1.179024470547907,-0.4532816861148105,-0.06640278899360229,0.9048055324001227,-0.7257958293968509,1.4316811360790147,0.30330869565848406,-0.45564143582820127,-0.4814607612315388,-1.3409759856114967,0.9841231756854657,0
-0.8043672005990544,-1.1099901739376037,0.8491410419312149,-0.4319461850024114,-0.5733475201700994,-1.177851894974348,-0.9474977234247925,1.4316811360790147,1.5486991412951188,-0.7996548742607882,-0.7394662468772634,-0.9044512740072636,0.9841231756854657,0
-0.9738162891597597,0.9009088760241706,-0.502969299721533,-0.4362575038800464,-0.911310674287764,0.21058638994196582,-0.963333572998217,1.4316811360790147,0.16232109803924238,-0.7996548742607882,-0.7394662468772634,-0.5076106270943244,0.9841231756854657,0
-0.634918112038349,0.9009088760241706,-1.179024470547907,-0.5568954705696225,-0.404365943111267,0.9048055324001227,-0.7257958293968509,-1.461440576166749,0.6423502994571366,-0.34097028968400567,-0.7394662468772634,-0.30919030363785477,-1.0161329645585022,1
-0.46546902347764374,-1.1099901739376037,-1.179024470547907,-0.4466488878415258,-0.911310674287764,0.9048055324001227,-0.7257958293968509,-0.8828162337175963,-0.005521280078902488,-0.45564143582820127,-0.997471732522988,0.8813316371009629,0.9841231756854657,0
-0.9738162891597597,0.9009088760241706,-0.502969299721533,-0.43900537745040724,-0.911310674287764,0.9048055324001227,-0.7257958293968509,-1.461440576166749,0.4745079213389917,-0.45564143582820127,-0.4814607612315388,0.40512286080543575,-1.0161329645585022,0
-0.9738162891597597,-1.1099901739376037,-0.502969299721533,-0.44576451473842116,-0.23538436605243465,0.9048055324001227,-0.7257958293968509,-1.461440576166749,0.6624913848313142,-0.45564143582820127,-0.4814607612315388,0.6630692812988462,-1.0161329645585022,0
-0.634918112038349,-1.1099901739376037,0.8491410419312149,-0.4302406083035667,-0.404365943111267,0.9048055324001227,-0.7257958293968509,0.2744324511807092,-1.2979075915886182,-0.570312581972397,-0.4814607612315388,0.3455967637684949,0.9841231756854657,0
-0.46546902347764374,-1.1099901739376037,0.8491410419312149,-0.4310776042761479,-0.911310674287764,0.9048055324001227,-0.7257958293968509,-1.461440576166749,-0.21028898138303903,-0.45564143582820127,-0.997471732522988,-1.658448503141848,0.9841231756854657,0
-0.9738162891597597,-1.1099901739376037,-1.179024470547907,-0.4284876544741986,-0.911310674287764,-1.177851894974348,-0.4645043114353485,0.853056793629862,-0.21364582894540246,-0.11162799739561437,-0.7394662468772634,-1.4798702120310254,0.9841231756854657,0
-0.46546902347764374,0.9009088760241706,-0.502969299721533,-0.42902459528679787,-0.5733475201700994,0.9048055324001227,-0.7257958293968509,0.853056793629862,-1.173704231781191,-0.570312581972397,-0.7394662468772634,0.22654456969461315,-1.0161329645585022,0
-0.634918112038349,0.9009088760241706,0.8491410419312149,-0.5457302601429266,-0.404365943111267,0.9048055324001227,-0.7257958293968509,0.2744324511807092,1.8273174889712391,-0.34097028968400567,-0.7394662468772634,0.305912699077201,-1.0161329645585022,1
-0.9738162891597597,0.9009088760241706,1.5251962127575889,-0.426576776876419,-0.5733475201700994,0.21058638994196582,-0.2903099661276801,-0.8828162337175963,-1.1233515183457474,0.1177142948927768,-0.997471732522988,0.9805417988291976,-1.0161329645585022,0
-0.9738162891597597,0.9009088760241706,0.8491410419312149,-0.4233393396239824,-0.911310674287764,0.9048055324001227,-0.7257958293968509,-0.8828162337175963,0.5651428055227898,-0.570312581972397,-0.997471732522988,-1.0235034680811452,0.9841231756854657,0
-0.634918112038349,0.9009088760241706,-0.502969299721533,-0.436415427648458,-0.7423290972289317,-1.177851894974348,-0.4090788379283631,0.2744324511807092,-1.371758237960602,-0.11162799739561437,-0.7394662468772634,0.7622794430270811,-1.0161329645585022,0
-0.634918112038349,-1.1099901739376037,-0.502969299721533,-0.42711371768901824,0.10257878806523006,0.9048055324001227,-0.7257958293968509,-0.8828162337175963,1.0619562447524988,-0.570312581972397,-0.4814607612315388,-0.24966420660091387,0.9841231756854657,0
-0.8043672005990544,0.9009088760241706,-1.179024470547907,-0.42874033250365706,-0.7423290972289317,0.9048055324001227,-0.7257958293968509,0.2744324511807092,0.6255660616453219,-0.570312581972397,-0.7394662468772634,0.6035431842619053,0.9841231756854657,0
-0.2960199349169384,0.9009088760241706,-1.179024470547907,-0.4163591090601923,-0.06640278899360229,0.9048055324001227,-0.7257958293968509,0.2744324511807092,-0.11965409719924096,-0.570312581972397,-0.4814607612315388,0.20670253734896618,0.9841231756854657,0
-0.9738162891597597,0.9009088760241706,-0.502969299721533,-0.5307432945206713,-0.5733475201700994,0.9048055324001227,-0.7257958293968509,0.2744324511807092,0.3939435798422821,-0.34097028968400567,-0.997471732522988,0.028124246238143545,-1.0161329645585022,1
-0.9738162891597597,0.9009088760241706,1.5251962127575889,-0.42874033250365706,-0.911310674287764,-1.177851894974348,-0.8841543251310949,-1.461440576166749,-1.0495008719737637,-0.6849837281165926,-0.4814607612315388,1.5956448015442533,-1.0161329645585022,0
-0.2960199349169384,0.9009088760241706,1.5251962127575889,-0.4148904180139649,-0.404365943111267,0.9048055324001227,-0.7257958293968509,0.2744324511807092,-0.707102420612748,-0.570312581972397,-0.7394662468772634,0.6630692812988462,0.9841231756854657,0
-0.9738162891597597,0.9009088760241706,-1.179024470547907,-0.409773687917431,-0.911310674287764,0.9048055324001227,-0.7257958293968509,-0.8828162337175963,-0.707102420612748,-0.570312581972397,-0.7394662468772634,1.317856348705196,-1.0161329645585022,0
-0.634918112038349,0.9009088760241706,1.5251962127575889,-0.5157721212752573,-0.06640278899360229,0.9048055324001227,-0.7257958293968509,0.2744324511807092,1.286865031430813,-0.34097028968400567,-0.997471732522988,-0.40840046536608954,-1.0161329645585022,1
-0.9738162891597597,-1.1099901739376037,1.5251962127575889,-0.4306512101014367,-0.911310674287764,-1.177851894974348,-0.7257958293968509,-0.8828162337175963,-1.2979075915886182,-0.570312581972397,-0.997471732522988,-2.650550120424196,0.9841231756854657,0
-0.634918112038349,-1.1099901739376037,-1.179024470547907,-0.5505469350794785,-0.7423290972289317,-1.177851894974348,-0.527847709729046,-1.461440576166749,-1.2979075915886182,0.003043148748581378,-0.4814607612315388,0.20670253734896618,-1.0161329645585022,1
-0.9738162891597597,-1.1099901739376037,1.5251962127575889,-0.3868747414977576,-0.911310674287764,0.9048055324001227,-0.7257958293968509,1.4316811360790147,0.4745079213389917,-0.570312581972397,-0.997471732522988,0.8813316371009629,0.9841231756854657,0
-0.9738162891597597,-1.1099901739376037,-0.502969299721533,-0.4358153173284941,-0.911310674287764,-1.177851894974348,-1.2008713165995828,-0.8828162337175963,0.001192415045823164,-1.143668312693375,-0.7394662468772634,0.5440170872249644,-1.0161329645585022,0
-0.9738162891597597,-1.1099901739376037,0.8491410419312149,-0.3902069330112411,-0.911310674287764,0.9048055324001227,-0.7257958293968509,0.2744324511807092,-0.3680608168140954,-0.570312581972397,-0.7394662468772634,-0.5869787564769122,-1.0161329645585022,0
-0.46546902347764374,-1.1099901739376037,0.8491410419312149,-0.43202514688661714,-0.06640278899360229,-1.177851894974348,0.06599664927436881,-1.461440576166749,-1.0495008719737637,0.5763988794695595,-0.7394662468772634,-2.134657279437375,0.9841231756854657,0
-0.46546902347764374,-1.1099901739376037,-0.502969299721533,-0.39521311646988694,-0.23538436605243465,0.9048055324001227,-0.7257958293968509,0.2744324511807092,0.001192415045823164,-0.570312581972397,-0.4814607612315388,0.4448069254967297,0.9841231756854657,0
-0.46546902347764374,-1.1099901739376037,0.8491410419312149,-0.43486777471802485,-0.911310674287764,0.21058638994196582,-0.2507203421941191,1.4316811360790147,-1.2979075915886182,0.1177142948927768,-0.4814607612315388,-0.24966420660091387,-1.0161329645585022,0
-0.9738162891597597,-1.1099901739376037,0.8491410419312149,-0.4329411047434041,-0.7423290972289317,-1.177851894974348,-0.4090788379283631,0.2744324511807092,-0.12972463988633004,-0.11162799739561437,-0.4814607612315388,0.6035431842619053,0.9841231756854657,0
-0.634918112038349,0.9009088760241706,0.8491410419312149,-0.42810863743001093,-0.23538436605243465,-1.177851894974348,0.30353439287573475,0.853056793629862,-1.0495008719737637,0.9204123179021463,-0.997471732522988,0.5440170872249644,-1.0161329645585022,0
-0.634918112038349,-1.1099901739376037,-0.502969299721533,-0.4327358038444691,-0.7423290972289317,-1.177851894974348,-0.052772222526314166,-1.461440576166749,0.7061304031420315,0.4617277333253637,-0.997471732522988,0.26622863438590705,-1.0161329645585022,0
-0.634918112038349,0.9009088760241706,-1.179024470547907,-0.5017484906403125,-0.5733475201700994,0.9048055324001227,-0.7257958293968509,-1.461440576166749,1.934736610966852,-0.45564143582820127,-0.7394662468772634,-1.7378166325244357,-1.0161329645585022,1
-0.46546902347764374,0.9009088760241706,-1.179024470547907,-0.39398131107627693,-0.911310674287764,0.9048055324001227,-0.7257958293968509,0.853056793629862,-0.08944246913797492,-0.570312581972397,-0.4814607612315388,-1.142555662155027,-1.0161329645585022,0
-0.9738162891597597,0.9009088760241706,0.8491410419312149,-0.3940286882068004,-0.911310674287764,0.9048055324001227,-0.7257958293968509,0.853056793629862,0.03476089066945202,-0.570312581972397,-0.7394662468772634,0.305912699077201,-1.0161329645585022,0
-0.8043672005990544,0.9009088760241706,-0.502969299721533,-0.4325936724528987,-0.404365943111267,-1.177851894974348,0.034324950127520015,-1.461440576166749,-0.811164695045998,0.5763988794695595,-0.997471732522988,0.8614896047553159,0.9841231756854657,0
-0.9738162891597597,0.9009088760241706,0.8491410419312149,-0.507133691143146,-0.5733475201700994,0.9048055324001227,-0.7257958293968509,0.2744324511807092,0.4107278176540969,-0.45564143582820127,-0.7394662468772634,-1.678290535487495,-1.0161329645585022,1
-0.634918112038349,0.9009088760241706,0.8491410419312149,-0.39238628101532036,-0.911310674287764,0.9048055324001227,-0.7257958293968509,0.2744324511807092,-1.0495008719737637,-0.570312581972397,-0.7394662468772634,-0.8846092416616166,0.9841231756854657,0
-0.9738162891597597,0.9009088760241706,1.5251962127575889,-0.39450245951203505,-0.911310674287764,0.9048055324001227,-0.7257958293968509,-0.8828162337175963,0.11868207972852446,-0.570312581972397,-0.4814607612315388,0.8813316371009629,0.9841231756854657,0
-0.9738162891597597,-1.1099901739376037,1.5251962127575889,-0.4332727446570683,-0.911310674287764,0.21058638994196582,-0.5674373336626071,0.853056793629862,-1.0964967378468442,-0.34097028968400567,-0.4814607612315388,0.22654456969461315,-1.0161329645585022,0
-0.8043672005990544,0.9009088760241706,-0.502969299721533,-0.39287584469739617,-0.911310674287764,0.9048055324001227,-0.7257958293968509,-1.461440576166749,-0.5661148229935064,-0.570312581972397,-0.4814607612315388,0.7225953783357871,-1.0161329645585022,0
-0.8043672005990544,-1.1099901739376037,1.5251962127575889,-0.5097552256987775,-0.911310674287764,0.9048055324001227,-0.7257958293968509,-1.461440576166749,1.4647779522360462,-0.45564143582820127,-0.4814607612315388,0.305912699077201,-1.0161329645585022,1
-0.634918112038349,-1.1099901739376037,-0.502969299721533,-0.39279688281319036,-0.911310674287764,0.9048055324001227,-0.7257958293968509,0.2744324511807092,0.9343960373827085,-0.570312581972397,-0.997471732522988,-0.8846092416616166,-1.0161329645585022,0
-0.46546902347764374,-1.1099901739376037,0.8491410419312149,-0.38957523793759496,-0.911310674287764,0.9048055324001227,-0.7257958293968509,-1.461440576166749,0.2965950005337584,-0.570312581972397,-0.7394662468772634,-1.9560789883265524,0.9841231756854657,0
-0.8043672005990544,0.9009088760241706,-1.179024470547907,-0.3971871635750312,-0.911310674287764,0.9048055324001227,-0.7257958293968509,-0.8828162337175963,-1.0931398902844813,-0.570312581972397,-0.7394662468772634,-1.0631875327724392,0.9841231756854657,0
-0.46546902347764374,-1.1099901739376037,0.8491410419312149,-0.37839423513405784,-0.911310674287764,0.9048055324001227,-0.7257958293968509,-1.461440576166749,0.001192415045823164,-0.570312581972397,-0.997471732522988,-1.182239726846321,0.9841231756854657,0
-0.8043672005990544,0.9009088760241706,0.8491410419312149,-0.4942944887712877,-0.23538436605243465,0.9048055324001227,-0.7257958293968509,0.2744324511807092,1.286865031430813,-0.45564143582820127,-0.997471732522988,-1.102871597463733,-1.0161329645585022,1
-0.8043672005990544,0.9009088760241706,-1.179024470547907,-0.3822633674601406,-0.911310674287764,0.9048055324001227,-0.7257958293968509,1.4316811360790147,1.0787404825643134,-0.570312581972397,-0.4814607612315388,0.18686050500331922,-1.0161329645585022,0
-0.8043672005990544,-1.1099901739376037,0.8491410419312149,-0.37251947094914856,-0.5733475201700994,0.9048055324001227,-0.7257958293968509,1.4316811360790147,-1.2979075915886182,-0.570312581972397,-0.4814607612315388,0.9606997664835506,0.9841231756854657,0
-0.634918112038349,0.9009088760241706,0.8491410419312149,-0.4910570515188511,-0.23538436605243465,0.9048055324001227,-0.7257958293968509,1.4316811360790147,1.0418151593783211,-0.45564143582820127,-0.7394662468772634,-1.0631875327724392,-1.0161329645585022,1
-0.2960199349169384,-1.1099901739376037,0.8491410419312149,-0.48415578283926675,-0.06640278899360229,0.9048055324001227,-0.7257958293968509,0.853056793629862,1.6729025011025462,-0.45564143582820127,-0.997471732522988,0.6233852166075523,-1.0161329645585022,1
-0.9738162891597597,0.9009088760241706,-0.502969299721533,-0.3717772292376143,-0.911310674287764,0.9048055324001227,-0.7257958293968509,-0.8828162337175963,-1.0495008719737637,-0.570312581972397,-0.997471732522988,1.0003838311748445,0.9841231756854657,0
-0.8043672005990544,0.9009088760241706,0.8491410419312149,-0.42771382800898206,-0.06640278899360229,-1.177851894974348,-0.09236184645987515,0.853056793629862,-0.46205254856025635,0.3470565871811683,-0.997471732522988,-0.8052411122790287,0.9841231756854657,0
-0.634918112038349,0.9009088760241706,1.5251962127575889,-0.5459039762881792,-0.911310674287764,-1.177851894974348,-0.17154109432699713,0.2744324511807092,0.5114332445249834,0.5763988794695595,-0.997471732522988,-0.5671367241312653,-1.0161329645585022,1
-0.9738162891597597,0.9009088760241706,-0.502969299721533,-0.42851923922788093,-0.911310674287764,-1.177851894974348,-0.17154109432699713,-1.461440576166749,0.3637319517810161,0.23238544103697253,-0.4814607612315388,-0.051243883144444294,0.9841231756854657,0
-0.9738162891597597,-1.1099901739376037,-0.502969299721533,-0.3632809304970734,-0.911310674287764,0.9048055324001227,-0.7257958293968509,1.4316811360790147,-0.21364582894540246,-0.570312581972397,-0.4814607612315388,-1.8965528912896115,0.9841231756854657,0
-0.46546902347764374,-1.1099901739376037,-1.179024470547907,-0.35958551431624336,-0.06640278899360229,0.9048055324001227,-0.7257958293968509,0.2744324511807092,-1.4254677989584081,-0.570312581972397,-0.7394662468772634,0.10749237562073138,-1.0161329645585022,0
-1.143265377720465,-1.1099901739376037,-1.179024470547907,-0.35497414027862634,-0.911310674287764,0.9048055324001227,-0.7257958293968509,0.853056793629862,-0.5661148229935064,-0.570312581972397,-0.7394662468772634,-1.3409759856114967,0.9841231756854657,0
-1.143265377720465,-1.1099901739376037,-0.502969299721533,-0.4316619222192706,-0.911310674287764,-1.177851894974348,0.25602684415546156,1.4316811360790147,1.4446368668618692,0.8057411717579506,-0.7394662468772634,-2.194183376474316,0.9841231756854657,0
-0.634918112038349,0.9009088760241706,0.8491410419312149,-0.3622860107560807,-0.7423290972289317,0.9048055324001227,-0.7257958293968509,-1.461440576166749,0.3939435798422821,-0.570312581972397,-0.4814607612315388,0.14717644031202531,-1.0161329645585022,0
-0.46546902347764374,-1.1099901739376037,-1.179024470547907,-0.3553689496996552,-0.23538436605243465,0.9048055324001227,-0.7257958293968509,0.2744324511807092,0.4745079213389917,-0.570312581972397,-0.4814607612315388,-0.03140185079879733,-1.0161329645585022,0
-0.8043672005990544,-1.1099901739376037,-1.179024470547907,-0.35620594567223635,-0.911310674287764,0.9048055324001227,-0.7257958293968509,1.4316811360790147,-0.707102420612748,-0.570312581972397,-0.997471732522988,-1.5195542767223194,0.9841231756854657,0
-0.8043672005990544,0.9009088760241706,-0.502969299721533,-0.35693239500692947,-0.7423290972289317,0.9048055324001227,-0.7257958293968509,-0.8828162337175963,-0.34120603631519225,-0.570312581972397,-0.7394662468772634,-0.6663468858595001,0.9841231756854657,0
-0.2960199349169384,0.9009088760241706,-0.502969299721533,-0.3485624352811178,-0.23538436605243465,0.9048055324001227,-0.7257958293968509,-0.8828162337175963,-1.2979075915886182,-0.570312581972397,-0.4814607612315388,-0.7853990799333818,0.9841231756854657,0
-0.2960199349169384,0.9009088760241706,-1.179024470547907,-0.42937202757730325,-0.5733475201700994,0.21058638994196582,1.1745061194140765,-0.8828162337175963,0.8336906105118219,2.0671237793441026,-0.997471732522988,-0.09092794783573821,-1.0161329645585022,0
-0.9738162891597597,-1.1099901739376037,-0.502969299721533,-0.426987378674289,-0.911310674287764,-1.177851894974348,-0.18737694390042153,0.853056793629862,1.934736610966852,0.23238544103697253,-0.4814607612315388,0.26622863438590705,0.9841231756854657,0
-0.8043672005990544,-1.1099901739376037,-1.179024470547907,-0.4271768871963828,-0.911310674287764,-1.177851894974348,0.06599664927436881,1.4316811360790147,0.5651428055227898,0.5763988794695595,-0.7394662468772634,0.6630692812988462,0.9841231756854657,0
-0.8043672005990544,0.9009088760241706,0.8491410419312149,-0.3520999276935363,-0.911310674287764,0.9048055324001227,-0.7257958293968509,-1.461440576166749,-0.25392799969375696,-0.570312581972397,-0.997471732522988,0.9805417988291976,0.9841231756854657,0
-0.8043672005990544,0.9009088760241706,-0.502969299721533,-0.3489730370789878,-0.911310674287764,0.9048055324001227,-0.7257958293968509,0.2744324511807092,0.11868207972852446,-0.570312581972397,-0.7394662468772634,-0.5274526594399713,-1.0161329645585022,0
-0.634918112038349,-1.1099901739376037,0.8491410419312149,-0.42633989122380167,0.10257878806523006,-1.177851894974348,-0.5120118601556216,1.4316811360790147,-1.1804179269059165,-0.2262991435398101,-0.4814607612315388,-0.32903233598350173,0.9841231756854657,0
-0.46546902347764374,0.9009088760241706,-1.179024470547907,-0.46383099384470144,-0.23538436605243465,0.9048055324001227,-0.7257958293968509,-0.8828162337175963,-0.059230841076708896,-0.45564143582820127,-0.7394662468772634,-0.9639773710442044,-1.0161329645585022,1
-0.46546902347764374,-1.1099901739376037,1.5251962127575889,-0.4216179705482966,-0.404365943111267,-1.177851894974348,-0.9474977234247925,-0.8828162337175963,1.2700807936189982,-0.7996548742607882,-0.997471732522988,1.1392780575943733,0.9841231756854657,0
-0.2960199349169384,-1.1099901739376037,-0.502969299721533,-0.4251554629607151,-0.5733475201700994,-1.177851894974348,-0.5674373336626071,1.4316811360790147,0.6255660616453219,-0.34097028968400567,-0.7394662468772634,-0.7853990799333818,-1.0161329645585022,0
-0.2960199349169384,0.9009088760241706,-1.179024470547907,-0.4530132157085109,-0.5733475201700994,0.9048055324001227,-0.7257958293968509,0.853056793629862,1.0015329886299666,-0.45564143582820127,-0.7394662468772634,0.4249648931510827,-1.0161329645585022,1
-0.9738162891597597,-1.1099901739376037,-1.179024470547907,-0.3370497925639165,-0.7423290972289317,0.9048055324001227,-0.7257958293968509,1.4316811360790147,-1.3482603050240614,-0.570312581972397,-0.997471732522988,-0.8250831446246757,0.9841231756854657,0
-0.8043672005990544,0.9009088760241706,0.8491410419312149,-0.544340530980905,-0.911310674287764,-1.177851894974348,-0.4090788379283631,-0.3041918912684436,-0.1397951825734185,0.1177142948927768,-0.997471732522988,-0.30919030363785477,-1.0161329645585022,1
-0.9738162891597597,-1.1099901739376037,1.5251962127575889,-0.4287719172573394,-0.911310674287764,-1.177851894974348,-0.25467930458747523,1.4316811360790147,-1.1804179269059165,0.1177142948927768,-0.997471732522988,0.3654387961141419,0.9841231756854657,0
-1.143265377720465,0.9009088760241706,-0.502969299721533,-0.4515761094159659,-0.911310674287764,0.9048055324001227,-0.7257958293968509,0.853056793629862,0.001192415045823164,-0.45564143582820127,-0.4814607612315388,1.258330251668255,-1.0161329645585022,1
-0.8043672005990544,0.9009088760241706,-0.502969299721533,-0.5481149090459408,-0.7423290972289317,-1.177851894974348,-0.8841543251310949,-1.461440576166749,-1.1233515183457474,-0.570312581972397,-0.997471732522988,-1.8568688265983175,-1.0161329645585022,1
-0.8043672005990544,-1.1099901739376037,0.8491410419312149,-0.33573902528610067,-0.23538436605243465,0.9048055324001227,-0.7257958293968509,-1.461440576166749,-0.5896127559300467,-0.570312581972397,-0.997471732522988,-0.26950623894656084,0.9841231756854657,0
-0.634918112038349,0.9009088760241706,0.8491410419312149,-0.33654443650499954,-0.23538436605243465,0.9048055324001227,-0.7257958293968509,-1.461440576166749,-0.34120603631519225,-0.570312581972397,-0.4814607612315388,0.7225953783357871,0.9841231756854657,0
-0.8043672005990544,0.9009088760241706,-0.502969299721533,-0.33652864412815836,-0.911310674287764,0.9048055324001227,-0.7257958293968509,-1.461440576166749,-1.623521805137819,-0.570312581972397,-0.4814607612315388,0.6432272489531993,0.9841231756854657,0
-0.9738162891597597,0.9009088760241706,1.5251962127575889,-0.3313961216547833,-0.911310674287764,0.9048055324001227,-0.7257958293968509,0.853056793629862,0.03811773823181484,-0.6849837281165926,-0.997471732522988,0.7424374106814341,-1.0161329645585022,0
-0.634918112038349,0.9009088760241706,0.8491410419312149,-0.3338123553114799,-0.911310674287764,0.9048055324001227,-0.7257958293968509,-0.8828162337175963,0.7061304031420315,-0.570312581972397,-0.4814607612315388,-2.134657279437375,0.9841231756854657,0
-0.8043672005990544,-1.1099901739376037,1.5251962127575889,-0.4524604825190705,-0.7423290972289317,0.9048055324001227,-0.7257958293968509,-1.461440576166749,0.001192415045823164,-0.45564143582820127,-0.997471732522988,-1.4997122443766724,-1.0161329645585022,1
-1.143265377720465,-1.1099901739376037,0.8491410419312149,-0.5430771408336127,-0.911310674287764,-1.177851894974348,1.1428344202672278,0.2744324511807092,-1.623521805137819,2.640479510065081,-0.997471732522988,-1.142555662155027,-1.0161329645585022,1
-0.9738162891597597,-1.1099901739376037,-0.502969299721533,-0.4286455782426102,-0.5733475201700994,-1.177851894974348,0.22435514500861276,0.853056793629862,-1.8752853723150364,0.8057411717579506,-0.997471732522988,0.26622863438590705,0.9841231756854657,0
-0.634918112038349,0.9009088760241706,-1.179024470547907,-0.42588191229540817,0.10257878806523006,-1.177851894974348,1.0161476236798326,-0.3041918912684436,0.001192415045823164,1.8377814870557112,-0.997471732522988,1.0995939929030794,0.9841231756854657,0
-0.9738162891597597,-1.1099901739376037,-0.502969299721533,-0.33880274639328456,-0.911310674287764,0.9048055324001227,-0.7257958293968509,1.4316811360790147,0.001192415045823164,-0.570312581972397,-0.997471732522988,-1.0036614357354983,0.9841231756854657,0
-0.8043672005990544,-1.1099901739376037,0.8491410419312149,-0.4292298961857329,-0.911310674287764,0.21058638994196582,0.5410721364771007,1.4316811360790147,1.6594751108530943,1.2644257563347332,-0.997471732522988,-0.6266628211682062,0.9841231756854657,0
-0.8043672005990544,0.9009088760241706,0.8491410419312149,-0.4300984769119963,-0.911310674287764,0.21058638994196582,-1.2008713165995828,-0.8828162337175963,1.1223795008750308,-1.143668312693375,-0.4814607612315388,0.14717644031202531,-1.0161329645585022,0
-0.634918112038349,-1.1099901739376037,0.8491410419312149,-0.5420664287157788,-0.911310674287764,-1.177851894974348,-0.2507203421941191,0.2744324511807092,-1.0495008719737637,0.4617277333253637,-0.4814607612315388,-0.6663468858595001,-1.0161329645585022,1
-0.634918112038349,-1.1099901739376037,-0.502969299721533,-0.34066624686054076,-0.5733475201700994,0.9048055324001227,-0.7257958293968509,-0.8828162337175963,0.2965950005337584,-0.570312581972397,-0.997471732522988,0.06780831092943747,0.9841231756854657,0
-0.9738162891597597,-1.1099901739376037,-1.179024470547907,-0.428629785865769,-0.7423290972289317,-1.177851894974348,-0.5674373336626071,1.4316811360790147,-1.173704231781191,-0.34097028968400567,-0.7394662468772634,0.4249648931510827,-1.0161329645585022,0
-0.2960199349169384,0.9009088760241706,-0.502969299721533,-0.5420506363389377,-0.404365943111267,-1.177851894974348,1.0161476236798326,-1.461440576166749,0.7061304031420315,2.411137217776689,-0.997471732522988,0.6233852166075523,-1.0161329645585022,1
-0.9738162891597597,0.9009088760241706,0.8491410419312149,-0.33840793697225574,-0.911310674287764,0.9048055324001227,-0.7257958293968509,-1.461440576166749,0.2965950005337584,-0.570312581972397,-0.4814607612315388,-0.15045404487267908,-1.0161329645585022,0
-0.46546902347764374,-1.1099901739376037,-1.179024470547907,-0.3377604495217684,-0.404365943111267,0.9048055324001227,-0.7257958293968509,0.853056793629862,-0.46205254856025635,-0.570312581972397,-0.7394662468772634,-0.011559818453150373,0.9841231756854657,0
-0.8043672005990544,0.9009088760241706,-0.502969299721533,-0.33801312755122687,-0.911310674287764,0.9048055324001227,-0.7257958293968509,1.4316811360790147,-0.7742393718600064,-0.570312581972397,-0.7394662468772634,0.7027533459901402,-1.0161329645585022,0
-0.9738162891597597,0.9009088760241706,0.8491410419312149,-0.33610224995344723,-0.911310674287764,0.9048055324001227,-0.7257958293968509,0.2744324511807092,0.11868207972852446,-0.570312581972397,-0.4814607612315388,0.3654387961141419,-1.0161329645585022,0
-0.2960199349169384,0.9009088760241706,-1.179024470547907,-0.42671890826798936,-0.23538436605243465,-1.177851894974348,-1.121692068732461,-0.3041918912684436,-0.37813135950118393,-1.0289971665491795,-0.4814607612315388,0.801963507718375,-1.0161329645585022,0
-0.634918112038349,0.9009088760241706,-1.179024470547907,-0.3318698929600179,-0.7423290972289317,0.9048055324001227,-0.7257958293968509,0.2744324511807092,-0.21028898138303903,-0.6849837281165926,-0.997471732522988,-0.22982217425526694,-1.0161329645585022,0
-0.634918112038349,0.9009088760241706,-0.502969299721533,-0.42449218313338666,-0.911310674287764,-1.177851894974348,0.06599664927436881,-0.3041918912684436,1.092167872813765,0.5763988794695595,-0.4814607612315388,1.0003838311748445,-1.0161329645585022,0
-0.46546902347764374,0.9009088760241706,-1.179024470547907,-0.4317092993497941,-0.404365943111267,0.21058638994196582,0.6677589330644959,1.4316811360790147,0.15896425047687956,1.379096902478929,-0.997471732522988,-0.686188918205147,0.9841231756854657,0
-0.9738162891597597,0.9009088760241706,-0.502969299721533,-0.43387285497703215,-0.911310674287764,0.21058638994196582,0.06599664927436881,0.853056793629862,-0.46205254856025635,0.5763988794695595,-0.7394662468772634,0.286070666731554,-1.0161329645585022,0
-0.9738162891597597,0.9009088760241706,-0.502969299721533,-0.42810863743001093,-0.911310674287764,0.21058638994196582,-0.5674373336626071,-0.8828162337175963,-1.1166378232210217,-0.34097028968400567,-0.7394662468772634,-0.32903233598350173,0.9841231756854657,0
-0.2960199349169384,0.9009088760241706,-0.502969299721533,-0.3175619995419323,-0.23538436605243465,0.9048055324001227,-0.7257958293968509,-0.8828162337175963,-1.0495008719737637,-0.6849837281165926,-0.7394662468772634,0.2463866020402601,0.9841231756854657,0
-0.634918112038349,-1.1099901739376037,1.5251962127575889,-0.3185411269060839,-0.911310674287764,0.9048055324001227,-0.7257958293968509,0.2744324511807092,0.9343960373827085,-0.6849837281165926,-0.4814607612315388,-0.32903233598350173,0.9841231756854657,0
-0.8043672005990544,-1.1099901739376037,-1.179024470547907,-0.43016164641936094,-0.5733475201700994,0.21058638994196582,1.3328646151483206,1.4316811360790147,0.6255660616453219,2.2964660716324943,-0.997471732522988,-0.24966420660091387,0.9841231756854657,0
-0.634918112038349,0.9009088760241706,-1.179024470547907,-0.3202467036049285,-0.7423290972289317,0.9048055324001227,-0.7257958293968509,0.2744324511807092,-0.11965409719924096,-0.6849837281165926,-0.7394662468772634,0.821805540064022,-1.0161329645585022,0
-0.9738162891597597,0.9009088760241706,-1.179024470547907,-0.3161091008725461,-0.911310674287764,0.9048055324001227,-0.7257958293968509,1.4316811360790147,0.2865244578466693,-0.6849837281165926,-0.997471732522988,-2.0552891500547874,0.9841231756854657,0
-0.634918112038349,0.9009088760241706,0.8491410419312149,-0.31025012906447796,-0.06640278899360229,0.9048055324001227,-0.7257958293968509,-0.8828162337175963,-1.0495008719737637,-0.6849837281165926,-0.4814607612315388,-1.3409759856114967,0.9841231756854657,0
-0.9738162891597597,-1.1099901739376037,-0.502969299721533,-0.3120188752706872,-0.911310674287764,0.9048055324001227,-0.7257958293968509,-0.8828162337175963,-0.21700267650776528,-0.6849837281165926,-0.4814607612315388,-2.0552891500547874,0.9841231756854657,0
-0.634918112038349,-1.1099901739376037,0.8491410419312149,-0.42913514192468594,-0.911310674287764,-1.177851894974348,2.2830155895537843,-1.461440576166749,-0.12972463988633004,3.672519825362842,-0.997471732522988,-0.5671367241312653,0.9841231756854657,0
-0.8043672005990544,-1.1099901739376037,-0.502969299721533,-0.41046855249844183,-0.911310674287764,0.9048055324001227,-0.7257958293968509,-0.3041918912684436,1.934736610966852,-0.570312581972397,-0.997471732522988,-1.2616078562289088,-1.0161329645585022,1
-0.9738162891597597,0.9009088760241706,0.8491410419312149,-0.3014063980334317,-0.911310674287764,0.9048055324001227,-0.7257958293968509,-1.461440576166749,-1.8752853723150364,-0.6849837281165926,-0.7394662468772634,-1.8568688265983175,0.9841231756854657,0
-0.634918112038349,-1.1099901739376037,0.8491410419312149,-0.41568003685602267,-0.7423290972289317,0.9048055324001227,-0.7257958293968509,-0.8828162337175963,1.417782086362966,-0.570312581972397,-0.997471732522988,-0.190138109563973,-1.0161329645585022,1
-0.8043672005990544,0.9009088760241706,0.8491410419312149,-0.2955632186022047,-0.06640278899360229,0.9048055324001227,-0.7257958293968509,-0.8828162337175963,-0.1397951825734185,-0.6849837281165926,-0.997471732522988,-0.8250831446246757,-1.0161329645585022,0
-0.634918112038349,0.9009088760241706,-1.179024470547907,-0.2955790109790458,-0.911310674287764,0.9048055324001227,-0.7257958293968509,-0.3041918912684436,-1.1804179269059165,-0.6849837281165926,-0.997471732522988,-0.09092794783573821,0.9841231756854657,0
-0.634918112038349,0.9009088760241706,0.8491410419312149,-0.20170912303522595,-0.911310674287764,0.9048055324001227,-0.09236184645987515,-1.461440576166749,0.6255660616453219,-0.11162799739561437,-0.4814607612315388,-1.5393963090679663,0.9841231756854657,0
-0.46546902347764374,0.9009088760241706,-1.179024470547907,-0.4251238782070328,-0.23538436605243465,-1.177851894974348,-0.09236184645987515,-0.3041918912684436,-0.46205254856025635,0.3470565871811683,-0.4814607612315388,0.5837011519162584,0.9841231756854657,0
-0.2960199349169384,0.9009088760241706,0.8491410419312149,-0.20523082307080331,-0.23538436605243465,0.9048055324001227,-0.09236184645987515,-0.8828162337175963,1.9112386780303117,-0.11162799739561437,-0.7394662468772634,0.46464895784237664,-1.0161329645585022,0
-0.8043672005990544,-1.1099901739376037,-0.502969299721533,-0.4131848413151203,-0.7423290972289317,-1.177851894974348,-0.4090788379283631,-0.8828162337175963,-1.1804179269059165,-0.11162799739561437,-0.4814607612315388,-0.7655570475877348,0.9841231756854657,0
-0.8043672005990544,-1.1099901739376037,-1.179024470547907,-0.4187279655863654,-0.7423290972289317,0.21058638994196582,0.8577891279455886,-0.8828162337175963,0.001192415045823164,1.6084391947673204,-0.7394662468772634,-1.162397694500674,0.9841231756854657,0
-0.8043672005990544,-1.1099901739376037,-0.502969299721533,-0.31315592640325035,-0.7423290972289317,0.9048055324001227,-0.09236184645987515,0.2744324511807092,0.001192415045823164,0.1177142948927768,-0.997471732522988,-1.4005020826484376,-1.0161329645585022,1
-0.634918112038349,0.9009088760241706,1.5251962127575889,-0.18616942422353033,-0.7423290972289317,0.9048055324001227,-0.09236184645987515,-0.3041918912684436,0.001192415045823164,-0.11162799739561437,-0.997471732522988,0.3654387961141419,0.9841231756854657,0
-0.634918112038349,0.9009088760241706,-0.502969299721533,-0.18981746327383694,-0.911310674287764,0.9048055324001227,-0.09236184645987515,0.853056793629862,-1.2475548781531747,-0.11162799739561437,-0.997471732522988,-1.678290535487495,0.9841231756854657,0
-0.8043672005990544,-1.1099901739376037,0.8491410419312149,-0.1853955977583138,-0.911310674287764,0.9048055324001227,-0.09236184645987515,-0.8828162337175963,0.7866947446387411,-0.11162799739561437,-0.7394662468772634,-1.0631875327724392,0.9841231756854657,0
-0.8043672005990544,-1.1099901739376037,0.8491410419312149,-0.1622123885554996,-0.911310674287764,0.9048055324001227,-0.09236184645987515,0.853056793629862,-1.2979075915886182,-0.11162799739561437,-0.997471732522988,0.5440170872249644,-1.0161329645585022,0
-0.8043672005990544,0.9009088760241706,-0.502969299721533,-0.5300642223165017,-0.7423290972289317,-1.177851894974348,0.06599664927436881,-1.461440576166749,-0.46205254856025635,0.9204123179021463,-0.7394662468772634,0.26622863438590705,-1.0161329645585022,1
-0.46546902347764374,0.9009088760241706,-0.502969299721533,-0.529274603474444,-0.5733475201700994,-1.177851894974348,-0.09236184645987515,-0.8828162337175963,0.19253272610050842,0.5763988794695595,-0.997471732522988,1.278172284013902,-1.0161329645585022,1
-0.2960199349169384,-1.1099901739376037,-0.502969299721533,-0.1617702020039473,0.10257878806523006,0.9048055324001227,-0.09236184645987515,1.4316811360790147,-1.173704231781191,-0.11162799739561437,-0.7394662468772634,0.38528082845978884,-1.0161329645585022,0
-0.8043672005990544,-1.1099901739376037,1.5251962127575889,-0.15504264946961563,-0.911310674287764,0.9048055324001227,-0.09236184645987515,0.2744324511807092,-0.21364582894540246,-0.11162799739561437,-0.7394662468772634,1.1194360252487263,0.9841231756854657,0
-0.46546902347764374,0.9009088760241706,-1.179024470547907,-0.415711621609705,-0.911310674287764,-1.177851894974348,0.5410721364771007,-0.8828162337175963,-0.21028898138303903,1.1497546101905376,-0.4814607612315388,0.028124246238143545,-1.0161329645585022,0
-0.8043672005990544,0.9009088760241706,-0.502969299721533,-0.15497947996225103,-0.911310674287764,0.9048055324001227,-0.09236184645987515,-0.8828162337175963,-1.3751150855229646,-0.11162799739561437,-0.997471732522988,0.8416475724096689,-1.0161329645585022,0
-0.2960199349169384,-1.1099901739376037,-0.502969299721533,-0.5338543927583786,0.10257878806523006,-1.177851894974348,-0.4090788379283631,-0.3041918912684436,1.327147202179168,0.1177142948927768,-0.4814607612315388,0.5638591195706114,-1.0161329645585022,1
-0.46546902347764374,0.9009088760241706,1.5251962127575889,-0.14264563364930968,-0.911310674287764,0.9048055324001227,-0.09236184645987515,-1.461440576166749,0.27645391515958084,-0.11162799739561437,-0.4814607612315388,1.1988041546313142,-1.0161329645585022,0
-0.2960199349169384,0.9009088760241706,0.8491410419312149,-0.4128532014014561,-0.5733475201700994,0.21058638994196582,1.2536853672811985,-0.3041918912684436,1.7836784706605218,2.1817949254882985,-0.7394662468772634,0.6829113136444932,0.9841231756854657,0
-0.634918112038349,0.9009088760241706,-1.179024470547907,-0.14302465069349737,-0.5733475201700994,0.9048055324001227,-0.09236184645987515,-0.8828162337175963,-1.2475548781531747,-0.11162799739561437,-0.4814607612315388,0.6432272489531993,0.9841231756854657,0
-0.634918112038349,-1.1099901739376037,-0.502969299721533,-0.13339130082039338,-0.7423290972289317,0.9048055324001227,-0.09236184645987515,-0.8828162337175963,0.001192415045823164,-0.11162799739561437,-0.997471732522988,-0.4877685947486774,-1.0161329645585022,0
-1.143265377720465,0.9009088760241706,-0.502969299721533,-0.4147009094918711,-0.911310674287764,-1.177851894974348,-0.7891392276905486,0.853056793629862,-1.8752853723150364,-0.570312581972397,-0.4814607612315388,0.5837011519162584,-1.0161329645585022,0
-0.8043672005990544,0.9009088760241706,-1.179024470547907,-0.11219793109956461,-0.911310674287764,0.9048055324001227,-0.09236184645987515,-1.461440576166749,-1.173704231781191,-0.2262991435398101,-0.7394662468772634,0.286070666731554,0.9841231756854657,0
-0.9738162891597597,0.9009088760241706,-0.502969299721533,-0.4104369677447595,-0.7423290972289317,-1.177851894974348,0.06599664927436881,-0.8828162337175963,0.5651428055227898,0.5763988794695595,-0.997471732522988,0.8416475724096689,0.9841231756854657,0
-0.8043672005990544,0.9009088760241706,-0.502969299721533,-0.41170035789205184,-0.7423290972289317,0.21058638994196582,-0.5040939353689095,1.4316811360790147,-1.173704231781191,-0.2262991435398101,-0.7394662468772634,-0.44808453005738347,0.9841231756854657,0
-0.2960199349169384,0.9009088760241706,0.8491410419312149,-0.10682852297357222,-0.06640278899360229,0.9048055324001227,-0.09236184645987515,1.4316811360790147,-0.1397951825734185,-0.2262991435398101,-0.7394662468772634,-1.2219237915376149,0.9841231756854657,0
-0.9738162891597597,-1.1099901739376037,-0.502969299721533,-0.11406143156682079,-0.911310674287764,0.9048055324001227,-0.09236184645987515,0.853056793629862,-1.6839450612603513,-0.2262991435398101,-0.4814607612315388,-0.051243883144444294,0.9841231756854657,0
-0.2960199349169384,0.9009088760241706,0.8491410419312149,-0.11361924501526847,-0.06640278899360229,0.9048055324001227,-0.09236184645987515,-0.8828162337175963,0.561785957960427,-0.2262991435398101,-0.4814607612315388,0.6829113136444932,0.9841231756854657,0
-0.8043672005990544,0.9009088760241706,-1.179024470547907,-0.41320063369196147,-0.23538436605243465,-1.177851894974348,-1.01084112171849,-0.8828162337175963,-1.173704231781191,-0.9143260204049839,-0.4814607612315388,1.278172284013902,0.9841231756854657,0
-0.8043672005990544,0.9009088760241706,-1.179024470547907,-0.11098191808279574,-0.911310674287764,0.9048055324001227,-0.09236184645987515,0.2744324511807092,-1.623521805137819,-0.2262991435398101,-0.997471732522988,0.38528082845978884,0.9841231756854657,0
-0.634918112038349,0.9009088760241706,-0.502969299721533,-0.4124425996035861,-0.23538436605243465,-1.177851894974348,-0.8841543251310949,0.2744324511807092,0.001192415045823164,-0.7996548742607882,-0.7394662468772634,0.008282213892496587,0.9841231756854657,0
-0.634918112038349,-1.1099901739376037,-0.502969299721533,-0.4062519878818537,-0.5733475201700994,0.21058638994196582,-0.5674373336626071,1.4316811360790147,1.6628319584154578,-0.34097028968400567,-0.4814607612315388,0.6233852166075523,0.9841231756854657,0
-0.8043672005990544,0.9009088760241706,0.8491410419312149,-0.1051861157820922,-0.911310674287764,0.9048055324001227,-0.09236184645987515,1.4316811360790147,0.001192415045823164,-0.2262991435398101,-0.4814607612315388,-2.2933935382025505,0.9841231756854657,0
-0.8043672005990544,0.9009088760241706,-1.179024470547907,-0.4087313910459149,-0.911310674287764,-1.177851894974348,-0.8841543251310949,1.4316811360790147,1.4312094766124175,-0.7996548742607882,-0.997471732522988,-0.26950623894656084,0.9841231756854657,0
-0.46546902347764374,0.9009088760241706,-0.502969299721533,-0.4138797058961311,0.10257878806523006,-1.177851894974348,-0.4090788379283631,-0.3041918912684436,-1.6705176710108995,-0.11162799739561437,-0.7394662468772634,0.782121475372728,-1.0161329645585022,0
-1.143265377720465,0.9009088760241706,-0.502969299721533,-0.4137375745045607,-0.7423290972289317,-1.177851894974348,0.38271364074285674,-1.461440576166749,0.001192415045823164,0.9204123179021463,-0.997471732522988,0.3455967637684949,0.9841231756854657,0
-0.634918112038349,0.9009088760241706,-0.502969299721533,-0.41147926461627565,-0.911310674287764,-1.177851894974348,0.25602684415546156,0.853056793629862,-0.005521280078902488,0.8057411717579506,-0.4814607612315388,-0.24966420660091387,-1.0161329645585022,0
-0.8043672005990544,-1.1099901739376037,-0.502969299721533,-0.1108555790680665,-0.911310674287764,0.9048055324001227,-0.09236184645987515,-0.8828162337175963,0.8739727812601764,-0.2262991435398101,-0.4814607612315388,0.5241750548793175,0.9841231756854657,0
-0.9738162891597597,0.9009088760241706,0.8491410419312149,-0.10779185796088261,-0.911310674287764,0.9048055324001227,-0.09236184645987515,-1.461440576166749,0.2865244578466693,-0.2262991435398101,-0.4814607612315388,-3.4640734465957213,0.9841231756854657,0
-0.9738162891597597,-1.1099901739376037,0.8491410419312149,-0.11289279568057539,-0.7423290972289317,0.9048055324001227,-0.09236184645987515,-0.8828162337175963,-1.2979075915886182,-0.2262991435398101,-0.4814607612315388,-1.678290535487495,-1.0161329645585022,0
-0.9738162891597597,-1.1099901739376037,-0.502969299721533,-0.10703382387250722,-0.404365943111267,0.9048055324001227,-0.09236184645987515,-1.461440576166749,0.001192415045823164,-0.2262991435398101,-0.997471732522988,0.06780831092943747,0.9841231756854657,0
-0.634918112038349,0.9009088760241706,0.8491410419312149,-0.10856568442609917,-0.5733475201700994,0.9048055324001227,-0.09236184645987515,1.4316811360790147,0.19253272610050842,-0.2262991435398101,-0.7394662468772634,-0.011559818453150373,0.9841231756854657,0
-0.9738162891597597,0.9009088760241706,0.8491410419312149,-0.4066467973028825,-0.911310674287764,-1.177851894974348,-0.963333572998217,0.853056793629862,-1.6839450612603513,-0.9143260204049839,-0.997471732522988,-0.2893482712922078,0.9841231756854657,0
-0.634918112038349,-1.1099901739376037,-0.502969299721533,-0.41149505699311684,-0.5733475201700994,-1.177851894974348,0.06599664927436881,0.853056793629862,-0.34120603631519225,0.5763988794695595,-0.7394662468772634,1.5956448015442533,-1.0161329645585022,0
-0.8043672005990544,0.9009088760241706,0.8491410419312149,-0.09083084523348313,-0.7423290972289317,0.9048055324001227,-0.09236184645987515,0.853056793629862,0.11868207972852446,-0.2262991435398101,-0.997471732522988,-0.051243883144444294,-1.0161329645585022,0
-0.9738162891597597,-1.1099901739376037,0.8491410419312149,-0.06180445659944192,-0.911310674287764,0.9048055324001227,-0.09236184645987515,1.4316811360790147,-0.8447331706696268,-0.2262991435398101,-0.7394662468772634,-1.182239726846321,-1.0161329645585022,0
-0.46546902347764374,-1.1099901739376037,1.5251962127575889,-0.05851964221648187,-0.06640278899360229,0.9048055324001227,-0.09236184645987515,0.853056793629862,0.001192415045823164,-0.2262991435398101,-0.7394662468772634,-0.20998014190961997,0.9841231756854657,0
-0.2960199349169384,0.9009088760241706,-0.502969299721533,-0.03457839892529228,-0.404365943111267,0.9048055324001227,-0.09236184645987515,-1.461440576166749,-1.6705176710108995,-0.2262991435398101,-0.997471732522988,0.008282213892496587,-1.0161329645585022,0
-0.46546902347764374,-1.1099901739376037,0.8491410419312149,-0.4130269175467088,-0.911310674287764,-1.177851894974348,0.38271364074285674,1.4316811360790147,1.1861596045599256,0.9204123179021463,-0.997471732522988,0.10749237562073138,0.9841231756854657,0
-0.2960199349169384,-1.1099901739376037,1.5251962127575889,-0.41419555343295417,-0.911310674287764,-1.177851894974348,0.06599664927436881,0.853056793629862,2.0589399707742797,0.5763988794695595,-0.4814607612315388,-0.6068207888225592,0.9841231756854657,0
-0.634918112038349,-1.1099901739376037,-1.179024470547907,-0.018391212663109342,-0.911310674287764,0.9048055324001227,-0.09236184645987515,-0.3041918912684436,-1.6705176710108995,-0.34097028968400567,-0.4814607612315388,0.008282213892496587,0.9841231756854657,0
-0.46546902347764374,-1.1099901739376037,-0.502969299721533,-0.4105475143826476,-0.23538436605243465,-1.177851894974348,-0.8841543251310949,1.4316811360790147,-1.7510820125076092,-0.7996548742607882,-0.4814607612315388,-0.7060309505507939,0.9841231756854657,0
-0.9738162891597597,-1.1099901739376037,-1.179024470547907,-0.41492200276764724,-0.911310674287764,-1.177851894974348,-0.3774071387815143,-1.461440576166749,-1.2475548781531747,-0.11162799739561437,-0.7394662468772634,0.2463866020402601,0.9841231756854657,0
-0.634918112038349,-1.1099901739376037,-0.502969299721533,-0.41192145116782797,-0.5733475201700994,-1.177851894974348,-1.2008713165995828,-0.8828162337175963,-1.7510820125076092,-1.143668312693375,-0.7394662468772634,0.5440170872249644,-1.0161329645585022,0
-0.9738162891597597,0.9009088760241706,1.5251962127575889,-0.01246907134767656,-0.911310674287764,0.9048055324001227,-0.09236184645987515,-1.461440576166749,-0.3680608168140954,-0.34097028968400567,-0.4814607612315388,0.5837011519162584,0.9841231756854657,0
-0.634918112038349,-1.1099901739376037,-1.179024470547907,-0.40814707310279214,-0.7423290972289317,0.21058638994196582,0.7786098800784667,1.4316811360790147,-1.2475548781531747,1.4937680486231246,-0.997471732522988,0.7225953783357871,0.9841231756854657,0
-0.8043672005990544,-1.1099901739376037,0.8491410419312149,-0.4096789336563841,-0.911310674287764,-1.177851894974348,-0.5674373336626071,0.2744324511807092,-1.8752853723150364,-0.34097028968400567,-0.4814607612315388,0.16701847265767225,0.9841231756854657,0
-0.8043672005990544,-1.1099901739376037,1.5251962127575889,-0.12686904918499675,-0.911310674287764,0.9048055324001227,-0.09236184645987515,-0.3041918912684436,1.4345663241747801,-0.11162799739561437,-0.4814607612315388,0.5241750548793175,-1.0161329645585022,1
-0.2960199349169384,0.9009088760241706,-0.502969299721533,-0.016148695151665463,0.2715603651240624,0.9048055324001227,-0.09236184645987515,0.2744324511807092,0.2865244578466693,-0.34097028968400567,-0.4814607612315388,1.714696995618135,-1.0161329645585022,0
-0.634918112038349,0.9009088760241706,0.8491410419312149,-0.41558528259497574,-0.911310674287764,-1.177851894974348,0.1847655210750518,-1.461440576166749,-1.623521805137819,0.6910700256137552,-0.7394662468772634,0.6233852166075523,0.9841231756854657,0
-0.2960199349169384,-1.1099901739376037,-1.179024470547907,-0.4113371332247053,-0.5733475201700994,-1.177851894974348,-0.17550005672035324,-0.3041918912684436,-1.3751150855229646,0.23238544103697253,-0.4814607612315388,0.7027533459901402,0.9841231756854657,0
-0.8043672005990544,-1.1099901739376037,-1.179024470547907,-0.4132322184456438,-0.911310674287764,-1.177851894974348,-0.646616581529729,0.2744324511807092,-1.623521805137819,-0.45564143582820127,-0.4814607612315388,0.14717644031202531,0.9841231756854657,0
-0.8043672005990544,-1.1099901739376037,1.5251962127575889,0.06319220609829267,-0.911310674287764,0.9048055324001227,-0.09236184645987515,0.853056793629862,0.16232109803924238,-0.34097028968400567,-0.997471732522988,0.4249648931510827,0.9841231756854657,0
-0.634918112038349,-1.1099901739376037,-0.502969299721533,-0.4095841793953372,-0.23538436605243465,-1.177851894974348,-0.9474977234247925,0.2744324511807092,-1.7510820125076092,-0.7996548742607882,-0.997471732522988,1.4964346398160184,-1.0161329645585022,0
-0.9738162891597597,0.9009088760241706,-1.179024470547907,0.08545945744431992,-0.911310674287764,0.9048055324001227,-0.09236184645987515,1.4316811360790147,0.8336906105118219,-0.34097028968400567,-0.997471732522988,-0.190138109563973,-1.0161329645585022,0
-0.9738162891597597,0.9009088760241706,-0.502969299721533,0.080137426448851,-0.911310674287764,0.9048055324001227,-0.09236184645987515,-0.8828162337175963,0.001192415045823164,-0.34097028968400567,-0.997471732522988,0.6829113136444932,-1.0161329645585022,0
-0.8043672005990544,0.9009088760241706,-0.502969299721533,-0.4086840139153914,-0.7423290972289317,0.21058638994196582,-0.7257958293968509,1.4316811360790147,0.7464125738903866,-0.570312581972397,-0.997471732522988,0.46464895784237664,0.9841231756854657,0
-0.2960199349169384,0.9009088760241706,1.5251962127575889,-0.40843133588593294,-0.404365943111267,0.21058638994196582,-0.7257958293968509,1.4316811360790147,0.001192415045823164,-0.570312581972397,-0.997471732522988,0.9606997664835506,-1.0161329645585022,0
-0.2960199349169384,0.9009088760241706,-0.502969299721533,0.11560710483408307,-0.5733475201700994,0.9048055324001227,-0.09236184645987515,-1.461440576166749,-0.08944246913797492,-0.45564143582820127,-0.997471732522988,0.12733440796637835,0.9841231756854657,0
-0.634918112038349,-1.1099901739376037,1.5251962127575889,-0.5282007218492455,-0.911310674287764,-1.177851894974348,-1.121692068732461,0.853056793629862,1.575553921794022,-1.0289971665491795,-0.997471732522988,0.5638591195706114,-1.0161329645585022,1
-0.8043672005990544,0.9009088760241706,0.8491410419312149,0.11162742587011223,-0.7423290972289317,0.9048055324001227,-0.09236184645987515,1.4316811360790147,0.8269769153870962,-0.45564143582820127,-0.7394662468772634,0.3654387961141419,0.9841231756854657,0
-0.46546902347764374,0.9009088760241706,0.8491410419312149,0.12599848879556247,-0.5733475201700994,0.9048055324001227,-0.09236184645987515,-0.3041918912684436,-0.1397951825734185,-0.45564143582820127,-0.997471732522988,0.3455967637684949,0.9841231756854657,0
-0.2960199349169384,0.9009088760241706,-0.502969299721533,0.15895717926305103,-0.06640278899360229,0.9048055324001227,-0.09236184645987515,0.853056793629862,-0.33784918875282943,-0.45564143582820127,-0.7394662468772634,0.6630692812988462,0.9841231756854657,0
-0.46546902347764374,0.9009088760241706,-0.502969299721533,-0.4074522085217814,-0.23538436605243465,-1.177851894974348,0.06599664927436881,1.4316811360790147,0.6255660616453219,0.4617277333253637,-0.997471732522988,-0.190138109563973,-1.0161329645585022,0
-0.9738162891597597,0.9009088760241706,-1.179024470547907,0.18092437544909637,-0.911310674287764,0.9048055324001227,-0.09236184645987515,-1.461440576166749,-0.005521280078902488,-0.45564143582820127,-0.4814607612315388,-0.7258729828964409,-1.0161329645585022,0
-0.46546902347764374,-1.1099901739376037,0.8491410419312149,-0.4111792094562937,-0.404365943111267,-1.177851894974348,-0.7257958293968509,-0.3041918912684436,-1.2106295549671826,-0.570312581972397,-0.7394662468772634,-0.7258729828964409,-1.0161329645585022,0
-0.8043672005990544,0.9009088760241706,1.5251962127575889,-0.4090630309595791,-0.7423290972289317,-1.177851894974348,-1.2008713165995828,1.4316811360790147,-1.2106295549671826,-1.143668312693375,-0.4814607612315388,1.238488219322608,0.9841231756854657,0
-0.8043672005990544,0.9009088760241706,0.8491410419312149,0.06047591728161416,-0.911310674287764,0.9048055324001227,-0.09236184645987515,-0.8828162337175963,-0.46205254856025635,-0.34097028968400567,-0.4814607612315388,-1.142555662155027,-1.0161329645585022,1
-0.8043672005990544,-1.1099901739376037,-1.179024470547907,0.06057067154266108,-0.06640278899360229,0.9048055324001227,-0.09236184645987515,-0.8828162337175963,1.0351014642535956,-0.34097028968400567,-0.7394662468772634,-3.503757511287015,-1.0161329645585022,1
-0.634918112038349,0.9009088760241706,-1.179024470547907,-0.4082734121175214,-0.404365943111267,0.21058638994196582,-0.09236184645987515,0.853056793629862,1.4446368668618692,0.3470565871811683,-0.997471732522988,-1.9560789883265524,0.9841231756854657,0
-0.634918112038349,0.9009088760241706,-0.502969299721533,0.22170029245295622,-0.911310674287764,0.9048055324001227,-0.09236184645987515,1.4316811360790147,0.6154955189582334,-0.45564143582820127,-0.4814607612315388,0.7027533459901402,-1.0161329645585022,0
-0.46546902347764374,-1.1099901739376037,0.8491410419312149,-0.4193754530368527,-0.23538436605243465,-1.177851894974348,-0.9474977234247925,1.4316811360790147,-0.5661148229935064,-0.7996548742607882,-0.997471732522988,-1.9759210206721993,0.9841231756854657,0
-0.2960199349169384,0.9009088760241706,-1.179024470547907,0.2677666556986027,0.10257878806523006,0.9048055324001227,-0.09236184645987515,1.4316811360790147,-0.707102420612748,-0.570312581972397,-0.997471732522988,-1.4798702120310254,0.9841231756854657,0
-0.9738162891597597,0.9009088760241706,-1.179024470547907,0.2699933808332054,-0.911310674287764,0.9048055324001227,-0.09236184645987515,-1.461440576166749,-1.3751150855229646,-0.570312581972397,-0.7394662468772634,0.7027533459901402,-1.0161329645585022,0
-0.2960199349169384,-1.1099901739376037,-1.179024470547907,0.26653485030499263,-0.911310674287764,0.9048055324001227,-0.09236184645987515,1.4316811360790147,0.7229146409538463,-0.570312581972397,-0.997471732522988,-1.12271362980938,0.9841231756854657,0
-0.46546902347764374,-1.1099901739376037,-0.502969299721533,0.265239875404018,-0.911310674287764,0.9048055324001227,-0.09236184645987515,-0.8828162337175963,0.001192415045823164,-0.570312581972397,-0.997471732522988,1.1591200899400202,0.9841231756854657,0
-0.2960199349169384,0.9009088760241706,-0.502969299721533,0.27482584814659855,-0.23538436605243465,0.9048055324001227,-0.09236184645987515,-0.8828162337175963,-0.03237606057780569,-0.570312581972397,-0.7394662468772634,0.286070666731554,-1.0161329645585022,0
-0.8043672005990544,0.9009088760241706,1.5251962127575889,0.2790266203863455,-0.5733475201700994,0.9048055324001227,-0.09236184645987515,0.853056793629862,-1.173704231781191,-0.570312581972397,-0.997471732522988,-0.5274526594399713,0.9841231756854657,0
-0.8043672005990544,-1.1099901739376037,0.8491410419312149,0.3256615091982735,-0.911310674287764,0.9048055324001227,-0.09236184645987515,-1.461440576166749,-0.1397951825734185,-0.570312581972397,-0.4814607612315388,-1.0631875327724392,0.9841231756854657,0
-0.9738162891597597,-1.1099901739376037,-1.179024470547907,-0.4102000820921422,-0.911310674287764,-1.177851894974348,1.47538726130914,-1.461440576166749,-0.29085332287974863,2.411137217776689,-0.997471732522988,-1.9362369559809054,0.9841231756854657,0
-0.46546902347764374,-1.1099901739376037,-0.502969299721533,0.3505187103462501,0.10257878806523006,0.9048055324001227,-0.09236184645987515,-1.461440576166749,0.11868207972852446,-0.570312581972397,-0.997471732522988,-0.6068207888225592,0.9841231756854657,0
-0.9738162891597597,0.9009088760241706,1.5251962127575889,-0.5233682545358523,-0.911310674287764,-1.177851894974348,-0.9474977234247925,-1.461440576166749,2.102578989084997,-0.6849837281165926,-0.4814607612315388,-0.40840046536608954,-1.0161329645585022,1
-0.8043672005990544,0.9009088760241706,-0.502969299721533,-0.41149505699311684,-0.911310674287764,0.21058638994196582,1.1745061194140765,0.2744324511807092,-1.4724636648314886,2.0671237793441026,-0.997471732522988,0.6035431842619053,0.9841231756854657,0
-0.2960199349169384,-1.1099901739376037,-0.502969299721533,0.3572620552574229,-0.23538436605243465,0.9048055324001227,-0.09236184645987515,0.2744324511807092,0.0851136041048956,-0.570312581972397,-0.997471732522988,0.4844909901880236,-1.0161329645585022,0
-0.634918112038349,0.9009088760241706,-0.502969299721533,0.3623472006002745,-0.911310674287764,0.9048055324001227,-0.09236184645987515,0.2744324511807092,0.9780350556934264,-0.570312581972397,-0.4814607612315388,-0.8250831446246757,0.9841231756854657,0
-1.143265377720465,-1.1099901739376037,-1.179024470547907,-0.4068678905786587,-0.911310674287764,-1.177851894974348,-0.3774071387815143,1.4316811360790147,0.2965950005337584,-0.11162799739561437,-0.4814607612315388,0.5638591195706114,0.9841231756854657,0
-0.9738162891597597,0.9009088760241706,-1.179024470547907,-0.4105633067594887,-0.7423290972289317,-1.177851894974348,-0.5199297849423339,0.853056793629862,0.4308689030282738,-0.2262991435398101,-0.7394662468772634,-0.8846092416616166,0.9841231756854657,0
-0.634918112038349,-1.1099901739376037,0.8491410419312149,0.3899522753186118,-0.7423290972289317,0.9048055324001227,-0.09236184645987515,-0.3041918912684436,0.5651428055227898,-0.570312581972397,-0.997471732522988,0.4844909901880236,-1.0161329645585022,0
-0.46546902347764374,0.9009088760241706,-0.502969299721533,0.3960639251561385,0.2715603651240624,0.9048055324001227,-0.09236184645987515,0.2744324511807092,0.8336906105118219,-0.570312581972397,-0.4814607612315388,0.9408577341379036,0.9841231756854657,0
-0.8043672005990544,0.9009088760241706,0.8491410419312149,0.42087374917359155,-0.911310674287764,0.9048055324001227,-0.09236184645987515,0.2744324511807092,0.001192415045823164,-0.6849837281165926,-0.997471732522988,-0.09092794783573821,-1.0161329645585022,0
-0.9738162891597597,0.9009088760241706,-0.502969299721533,-0.4076890941743987,-0.911310674287764,-1.177851894974348,-1.042512820865339,1.4316811360790147,1.2700807936189982,-0.9143260204049839,-0.7394662468772634,-0.011559818453150373,0.9841231756854657,0
-0.634918112038349,0.9009088760241706,-0.502969299721533,-0.40516231387981405,-0.911310674287764,-0.4836327525161911,0.06599664927436881,0.2744324511807092,0.7430557263280237,0.4617277333253637,-0.4814607612315388,-0.22982217425526694,0.9841231756854657,0
-0.46546902347764374,-1.1099901739376037,0.8491410419312149,-0.40554133092400174,-0.5733475201700994,-1.177851894974348,-0.8841543251310949,-0.3041918912684436,-1.173704231781191,-0.7996548742607882,-0.7394662468772634,0.7225953783357871,-1.0161329645585022,0
-0.46546902347764374,0.9009088760241706,1.5251962127575889,0.4733202326630642,-0.404365943111267,0.9048055324001227,-0.09236184645987515,1.4316811360790147,0.7430557263280237,-0.6849837281165926,-0.7394662468772634,1.6551708985811941,-1.0161329645585022,0
-0.634918112038349,0.9009088760241706,0.8491410419312149,-0.4095052175111314,-0.23538436605243465,-1.177851894974348,-0.4090788379283631,1.4316811360790147,-1.173704231781191,-0.11162799739561437,-0.7394662468772634,0.22654456969461315,0.9841231756854657,0
-0.8043672005990544,0.9009088760241706,1.5251962127575889,0.49644027235851385,-0.5733475201700994,0.9048055324001227,-0.09236184645987515,-0.8828162337175963,-1.371758237960602,-0.6849837281165926,-0.997471732522988,0.305912699077201,0.9841231756854657,0
-0.634918112038349,0.9009088760241706,-1.179024470547907,0.3271144078676597,-0.5733475201700994,0.9048055324001227,-0.09236184645987515,0.853056793629862,1.357358830240434,-0.570312581972397,-0.7394662468772634,-0.30919030363785477,-1.0161329645585022,1
-0.8043672005990544,-1.1099901739376037,1.5251962127575889,-0.40505176724192593,-0.911310674287764,0.21058638994196582,-1.042512820865339,1.4316811360790147,0.6624913848313142,-0.9143260204049839,-0.7394662468772634,1.8535912220376638,-1.0161329645585022,0
-0.2960199349169384,0.9009088760241706,-1.179024470547907,-0.5204940419507623,0.10257878806523006,-1.177851894974348,-1.121692068732461,0.853056793629862,0.3939435798422821,-1.0289971665491795,-0.4814607612315388,1.337698381050843,-1.0161329645585022,1
-0.8043672005990544,-1.1099901739376037,-1.179024470547907,-0.4027460802231175,-0.06640278899360229,0.21058638994196582,0.7469381809316178,-0.8828162337175963,-0.005521280078902488,1.379096902478929,-0.997471732522988,-1.3608180179571436,0.9841231756854657,0
-0.8043672005990544,-1.1099901739376037,0.8491410419312149,-0.5213468303001846,-0.911310674287764,-1.177851894974348,0.8577891279455886,-1.461440576166749,2.102578989084997,2.0671237793441026,-0.7394662468772634,-1.102871597463733,-1.0161329645585022,1
-0.46546902347764374,-1.1099901739376037,0.8491410419312149,0.6438305254170049,0.10257878806523006,0.9048055324001227,-0.09236184645987515,0.2744324511807092,0.1119683846037988,-0.7996548742607882,-0.4814607612315388,-0.38855843302044263,0.9841231756854657,0
-0.46546902347764374,0.9009088760241706,0.8491410419312149,0.6556906004247116,-0.7423290972289317,0.9048055324001227,-0.09236184645987515,0.853056793629862,0.001192415045823164,-0.7996548742607882,-0.4814607612315388,0.5043330225336705,0.9841231756854657,0
-0.46546902347764374,-1.1099901739376037,1.5251962127575889,-0.4032514362820344,-0.23538436605243465,-1.177851894974348,-0.5674373336626071,-1.461440576166749,-1.6705176710108995,-0.34097028968400567,-0.997471732522988,0.5043330225336705,0.9841231756854657,0
-0.46546902347764374,-1.1099901739376037,-0.502969299721533,-0.4002982618127386,-0.7423290972289317,-1.177851894974348,0.7192254441781252,1.4316811360790147,0.665848232393677,1.379096902478929,-0.997471732522988,0.8813316371009629,0.9841231756854657,0
-0.9738162891597597,-1.1099901739376037,-0.502969299721533,0.8442042027775679,-0.911310674287764,0.9048055324001227,-0.09236184645987515,-0.8828162337175963,-1.7510820125076092,-0.7996548742607882,-0.4814607612315388,-0.5076106270943244,-1.0161329645585022,0
-0.46546902347764374,-1.1099901739376037,-0.502969299721533,0.9343312974100343,-0.404365943111267,0.9048055324001227,-0.09236184645987515,-0.3041918912684436,-1.173704231781191,-0.9143260204049839,-0.7394662468772634,0.7424374106814341,-1.0161329645585022,0
-0.8043672005990544,0.9009088760241706,-0.502969299721533,-0.4116056036310049,-0.5733475201700994,-1.177851894974348,-1.121692068732461,-0.8828162337175963,0.561785957960427,-1.0289971665491795,-0.7394662468772634,0.821805540064022,-1.0161329645585022,0
-0.2960199349169384,-1.1099901739376037,-1.179024470547907,-0.4051781062566552,-0.7423290972289317,-1.177851894974348,-0.4882580857954851,1.4316811360790147,1.1223795008750308,-0.2262991435398101,-0.997471732522988,0.38528082845978884,-1.0161329645585022,0
-0.8043672005990544,-1.1099901739376037,-1.179024470547907,-0.4081154883491098,-0.5733475201700994,-1.177851894974348,-0.4882580857954851,-0.8828162337175963,-1.173704231781191,-0.2262991435398101,-0.4814607612315388,-0.38855843302044263,-1.0161329645585022,0
-0.634918112038349,0.9009088760241706,-0.502969299721533,1.2915232768032574,-0.06640278899360229,0.9048055324001227,-0.09236184645987515,-1.461440576166749,-1.0427871768490378,-0.9143260204049839,-0.4814607612315388,1.2186461869769611,-1.0161329645585022,0
-0.8043672005990544,-1.1099901739376037,-0.502969299721533,1.413866820191678,-0.7423290972289317,0.9048055324001227,-0.09236184645987515,-0.8828162337175963,-1.2979075915886182,-1.0289971665491795,-0.7394662468772634,0.08765034327508442,0.9841231756854657,0
-0.46546902347764374,0.9009088760241706,-1.179024470547907,-0.40715215336179944,-0.5733475201700994,0.21058638994196582,-0.7257958293968509,0.853056793629862,0.5752133482098789,-0.570312581972397,-0.7394662468772634,0.0479662785837905,-1.0161329645585022,0
-0.634918112038349,-1.1099901739376037,-1.179024470547907,1.4604701242499238,-0.5733475201700994,0.9048055324001227,-0.09236184645987515,1.4316811360790147,1.8273174889712391,-1.0289971665491795,-0.4814607612315388,0.9408577341379036,-1.0161329645585022,1
-0.634918112038349,-1.1099901739376037,-0.502969299721533,-0.7916965294439015,-0.5733475201700994,0.9048055324001227,-0.09632080885323126,0.2744324511807092,0.27645391515958084,1.8377814870557112,-0.997471732522988,0.6630692812988462,-1.0161329645585022,1
-0.2960199349169384,0.9009088760241706,0.8491410419312149,-0.6192279819616576,-0.06640278899360229,0.9048055324001227,-0.09632080885323126,0.2744324511807092,1.6829730437896346,0.9204123179021463,-0.7394662468772634,-2.0156050853634935,0.9841231756854657,0
-0.2960199349169384,0.9009088760241706,-0.502969299721533,-0.40192487662737747,-0.06640278899360229,-1.177851894974348,-0.8841543251310949,-1.461440576166749,-1.4254677989584081,-0.7996548742607882,-0.997471732522988,0.286070666731554,-1.0161329645585022,0
-0.634918112038349,0.9009088760241706,-1.179024470547907,-0.40821024261015676,-0.7423290972289317,0.21058638994196582,-0.7257958293968509,1.4316811360790147,-0.11965409719924096,-0.570312581972397,-0.7394662468772634,0.5638591195706114,0.9841231756854657,0
-0.2960199349169384,-1.1099901739376037,1.5251962127575889,-0.24687532080092664,-0.911310674287764,0.9048055324001227,-0.09632080885323126,1.4316811360790147,-0.005521280078902488,0.003043148748581378,-0.997471732522988,1.337698381050843,-1.0161329645585022,0
-0.8043672005990544,0.9009088760241706,-0.502969299721533,-0.3971871635750312,-0.911310674287764,-1.177851894974348,-0.963333572998217,1.4316811360790147,0.001192415045823164,-0.9143260204049839,-0.4814607612315388,0.3654387961141419,0.9841231756854657,0
-0.46546902347764374,0.9009088760241706,0.8491410419312149,-0.5925546574769484,0.10257878806523006,0.9048055324001227,-0.10027977124658735,-0.8828162337175963,-1.623521805137819,0.8057411717579506,-0.4814607612315388,0.4249648931510827,-1.0161329645585022,0
-0.8043672005990544,0.9009088760241706,1.5251962127575889,-0.6225443810983,-0.911310674287764,0.9048055324001227,-0.10027977124658735,-0.8828162337175963,0.7430557263280237,0.9204123179021463,-0.7394662468772634,0.5837011519162584,-1.0161329645585022,1
-0.8043672005990544,0.9009088760241706,0.8491410419312149,-0.4028092497304821,-0.911310674287764,-1.177851894974348,-0.052772222526314166,-0.8828162337175963,-0.4654093961226198,0.3470565871811683,-0.7394662468772634,0.7225953783357871,-1.0161329645585022,0
-0.46546902347764374,0.9009088760241706,-1.179024470547907,-0.04956536454754751,0.10257878806523006,0.9048055324001227,-0.10819769603329955,0.2744324511807092,-1.2475548781531747,-0.2262991435398101,-0.7394662468772634,-2.3330776028938445,0.9841231756854657,0
-0.9738162891597597,-1.1099901739376037,0.8491410419312149,-0.4013879358147782,-0.911310674287764,-1.177851894974348,0.8577891279455886,0.853056793629862,0.860545391010725,1.6084391947673204,-0.4814607612315388,-1.3409759856114967,-1.0161329645585022,0
-0.46546902347764374,-1.1099901739376037,1.5251962127575889,-0.8850768537056455,0.10257878806523006,0.9048055324001227,-0.11215665842665565,-0.3041918912684436,-0.11965409719924096,2.640479510065081,-0.4814607612315388,-0.8846092416616166,-1.0161329645585022,1
-1.143265377720465,-1.1099901739376037,-0.502969299721533,-0.40184591474317166,-0.5733475201700994,0.21058638994196582,-0.7257958293968509,-0.8828162337175963,0.9612508178816116,-0.570312581972397,-0.7394662468772634,0.6035431842619053,0.9841231756854657,0
-0.2960199349169384,0.9009088760241706,-0.502969299721533,-0.8414741012472191,-0.06640278899360229,0.9048055324001227,-0.11215665842665565,0.853056793629862,-0.1397951825734185,2.1817949254882985,-0.997471732522988,0.4249648931510827,-1.0161329645585022,1
-0.8043672005990544,-1.1099901739376037,-0.502969299721533,-0.8152587556909033,-0.7423290972289317,0.9048055324001227,-0.11215665842665565,-0.8828162337175963,-0.707102420612748,1.952452633199907,-0.997471732522988,-0.190138109563973,-1.0161329645585022,1
-0.9738162891597597,0.9009088760241706,-1.179024470547907,-0.8092102753607413,-0.911310674287764,0.9048055324001227,-0.11215665842665565,-1.461440576166749,-0.08944246913797492,1.952452633199907,-0.4814607612315388,-1.3608180179571436,-1.0161329645585022,1
-0.634918112038349,0.9009088760241706,-1.179024470547907,-0.40044039320430896,-0.7423290972289317,-1.177851894974348,-0.6307807319563046,0.853056793629862,-1.1804179269059165,-0.45564143582820127,-0.997471732522988,0.9805417988291976,0.9841231756854657,0
-0.634918112038349,0.9009088760241706,-1.179024470547907,-0.39748721873501314,-0.404365943111267,-1.177851894974348,1.6495816066168083,0.2744324511807092,0.2965950005337584,2.640479510065081,-0.4814607612315388,-0.7258729828964409,-1.0161329645585022,0
-0.2960199349169384,0.9009088760241706,1.5251962127575889,-0.7824106118613028,-0.23538436605243465,0.9048055324001227,-0.11215665842665565,0.853056793629862,-0.33784918875282943,1.7231103409115156,-0.997471732522988,0.38528082845978884,-1.0161329645585022,1
-1.143265377720465,0.9009088760241706,-1.179024470547907,-0.7533842232272616,-0.911310674287764,0.9048055324001227,-0.11215665842665565,-0.8828162337175963,1.5486991412951188,1.6084391947673204,-0.7394662468772634,1.1591200899400202,-1.0161329645585022,1
-0.634918112038349,-1.1099901739376037,0.8491410419312149,-0.7475884209265581,-0.5733475201700994,0.9048055324001227,-0.11215665842665565,0.2744324511807092,-1.4724636648314886,1.4937680486231246,-0.4814607612315388,-1.2417658238832618,-1.0161329645585022,1
-0.634918112038349,-1.1099901739376037,-0.502969299721533,-0.7019484518556227,-0.5733475201700994,0.9048055324001227,-0.11215665842665565,0.853056793629862,0.001192415045823164,1.2644257563347332,-0.997471732522988,-0.5472946917856183,-1.0161329645585022,1
-0.46546902347764374,-1.1099901739376037,-0.502969299721533,-0.6763648013729532,0.10257878806523006,0.9048055324001227,-0.11215665842665565,-0.8828162337175963,-1.173704231781191,1.1497546101905376,-0.4814607612315388,1.9131173190746047,-1.0161329645585022,0
-0.634918112038349,0.9009088760241706,-1.179024470547907,-0.3997139438696159,-0.5733475201700994,0.21058638994196582,0.7627740305050422,0.2744324511807092,1.4647779522360462,1.379096902478929,-0.4814607612315388,-1.0036614357354983,0.9841231756854657,0
-0.9738162891597597,-1.1099901739376037,-1.179024470547907,-0.3960501124424681,-0.7423290972289317,-1.177851894974348,-0.5674373336626071,0.853056793629862,-1.0427871768490378,-0.34097028968400567,-0.997471732522988,0.801963507718375,-1.0161329645585022,0
-0.634918112038349,0.9009088760241706,-0.502969299721533,-0.6776123991434043,-0.911310674287764,0.9048055324001227,-0.11611562082001174,0.2744324511807092,0.001192415045823164,1.1497546101905376,-0.4814607612315388,-0.6266628211682062,0.9841231756854657,0
-0.634918112038349,0.9009088760241706,-0.502969299721533,-0.06911632707689626,-0.5733475201700994,0.9048055324001227,-0.11611562082001174,0.853056793629862,-1.4724636648314886,-0.2262991435398101,-0.7394662468772634,-0.30919030363785477,0.9841231756854657,0
-0.9738162891597597,0.9009088760241706,0.8491410419312149,-0.791854453212313,-0.5733475201700994,0.9048055324001227,-0.12403354560672394,1.4316811360790147,-0.5661148229935064,1.8377814870557112,-0.4814607612315388,-2.8886545085719595,-1.0161329645585022,1
-0.2960199349169384,-1.1099901739376037,-1.179024470547907,-0.39529207835409275,-0.5733475201700994,-1.177851894974348,0.06599664927436881,0.853056793629862,0.23617174441122635,0.4617277333253637,-0.997471732522988,0.9210157017922567,0.9841231756854657,0
-0.8043672005990544,0.9009088760241706,-0.502969299721533,-0.35620594567223635,-0.7423290972289317,0.9048055324001227,-0.12403354560672394,-0.8828162337175963,1.327147202179168,0.1177142948927768,-0.7394662468772634,-2.3529196352394917,0.9841231756854657,0
-0.9738162891597597,0.9009088760241706,-0.502969299721533,-0.3509944613146555,-0.911310674287764,0.9048055324001227,-0.12403354560672394,-0.8828162337175963,-1.1804179269059165,0.1177142948927768,-0.4814607612315388,0.7027533459901402,-1.0161329645585022,0
-0.9738162891597597,0.9009088760241706,-1.179024470547907,-0.33616541946081185,-0.911310674287764,0.9048055324001227,-0.12403354560672394,0.853056793629862,-1.4724636648314886,0.1177142948927768,-0.4814607612315388,-2.273551505856904,0.9841231756854657,0
-0.8043672005990544,-1.1099901739376037,-0.502969299721533,-0.39050698817122304,-0.7423290972289317,-1.177851894974348,-0.14778731996686054,-0.8828162337175963,1.0955247203761276,0.23238544103697253,-0.997471732522988,0.6432272489531993,-1.0161329645585022,0
-0.9738162891597597,0.9009088760241706,-0.502969299721533,-0.11096612570595459,-0.911310674287764,0.9048055324001227,-0.12403354560672394,0.2744324511807092,-0.707102420612748,-0.2262991435398101,-0.7394662468772634,-1.7973427295613766,-1.0161329645585022,0
-0.46546902347764374,0.9009088760241706,1.5251962127575889,-0.39221256487006767,-0.5733475201700994,-1.177851894974348,-0.09236184645987515,-0.8828162337175963,-1.4724636648314886,0.23238544103697253,-0.7394662468772634,0.40512286080543575,0.9841231756854657,0
-0.8043672005990544,-1.1099901739376037,0.8491410419312149,-0.39195988684060923,-0.7423290972289317,-1.177851894974348,0.06599664927436881,-1.461440576166749,0.23617174441122635,0.4617277333253637,-0.7394662468772634,0.4249648931510827,-1.0161329645585022,0
-0.9738162891597597,0.9009088760241706,1.5251962127575889,0.15276656754131862,-0.911310674287764,0.9048055324001227,-0.12403354560672394,-0.8828162337175963,2.4181226599471097,-0.45564143582820127,-0.7394662468772634,2.3297999983331907,-1.0161329645585022,0
-0.46546902347764374,0.9009088760241706,1.5251962127575889,0.1778922390955948,-0.5733475201700994,0.9048055324001227,-0.12403354560672394,1.4316811360790147,1.2029438423717405,-0.45564143582820127,-0.7394662468772634,1.4765926074703717,0.9841231756854657,0
-0.46546902347764374,-1.1099901739376037,-1.179024470547907,0.27672093336753706,-0.23538436605243465,0.9048055324001227,-0.12403354560672394,-1.461440576166749,-1.173704231781191,-0.570312581972397,-0.997471732522988,0.26622863438590705,0.9841231756854657,0
-0.634918112038349,0.9009088760241706,-0.502969299721533,0.8038704723252604,-0.5733475201700994,0.9048055324001227,-0.12403354560672394,-0.8828162337175963,-0.005521280078902488,-0.7996548742607882,-0.4814607612315388,0.3455967637684949,0.9841231756854657,0
-0.46546902347764374,0.9009088760241706,0.8491410419312149,-0.4047990892124675,-0.5733475201700994,-1.177851894974348,0.12934004756806639,1.4316811360790147,1.0955247203761276,0.5763988794695595,-0.997471732522988,1.0003838311748445,-1.0161329645585022,0
-0.8043672005990544,0.9009088760241706,0.8491410419312149,-0.40828920449436257,-0.911310674287764,0.9048055324001227,-0.7257958293968509,0.2744324511807092,1.0015329886299666,-0.570312581972397,-0.997471732522988,0.22654456969461315,-1.0161329645585022,1
-0.8043672005990544,-1.1099901739376037,-1.179024470547907,-0.4052728605177021,-0.911310674287764,0.9048055324001227,-0.7257958293968509,0.2744324511807092,1.3103629643673533,-0.570312581972397,-0.997471732522988,1.258330251668255,-1.0161329645585022,1
-0.634918112038349,0.9009088760241706,1.5251962127575889,-0.2966528926042443,-0.911310674287764,0.9048055324001227,-0.7257958293968509,0.2744324511807092,-1.4993184453303918,-0.6849837281165926,-0.997471732522988,1.5559607368529593,0.9841231756854657,0
-0.9738162891597597,0.9009088760241706,0.8491410419312149,-0.3946130061499231,-0.911310674287764,-1.177851894974348,-0.4882580857954851,0.2744324511807092,-0.11965409719924096,-0.2262991435398101,-0.4814607612315388,-0.4282424977117365,0.9841231756854657,0
-0.634918112038349,-1.1099901739376037,-0.502969299721533,-0.29423665894754775,-0.911310674287764,0.9048055324001227,-0.7257958293968509,0.2744324511807092,-0.5896127559300467,-0.6849837281165926,-0.7394662468772634,0.12733440796637835,-1.0161329645585022,0
-0.8043672005990544,-1.1099901739376037,1.5251962127575889,-0.3957816420361685,-0.5733475201700994,-1.177851894974348,0.7865278048651788,1.4316811360790147,0.23617174441122635,1.4937680486231246,-0.4814607612315388,0.06780831092943747,0.9841231756854657,0
-0.8043672005990544,0.9009088760241706,1.5251962127575889,-0.2943945827159593,-0.7423290972289317,0.9048055324001227,-0.7257958293968509,-0.8828162337175963,0.2865244578466693,-0.6849837281165926,-0.4814607612315388,-0.5671367241312653,0.9841231756854657,0
-0.46546902347764374,0.9009088760241706,-1.179024470547907,-0.3910597213606634,0.10257878806523006,-1.177851894974348,-0.7257958293968509,-0.8828162337175963,0.001192415045823164,-0.570312581972397,-0.7394662468772634,0.5837011519162584,0.9841231756854657,0
-0.9738162891597597,-1.1099901739376037,0.8491410419312149,-0.3029224662101825,-0.911310674287764,0.9048055324001227,-0.7257958293968509,-1.461440576166749,-1.0495008719737637,-0.6849837281165926,-0.4814607612315388,-1.0235034680811452,0.9841231756854657,0
-0.634918112038349,-1.1099901739376037,-0.502969299721533,-0.29608436703796276,-0.911310674287764,0.9048055324001227,-0.7257958293968509,1.4316811360790147,0.11868207972852446,-0.6849837281165926,-0.4814607612315388,-1.5195542767223194,0.9841231756854657,0
-0.46546902347764374,-1.1099901739376037,-0.502969299721533,-0.39582901916669194,-0.23538436605243465,-1.177851894974348,-1.042512820865339,1.4316811360790147,-1.4724636648314886,-1.0289971665491795,-0.997471732522988,1.1194360252487263,-1.0161329645585022,0
-0.8043672005990544,-1.1099901739376037,-1.179024470547907,-0.295800104254822,-0.7423290972289317,0.9048055324001227,-0.7257958293968509,-1.461440576166749,-0.25392799969375696,-0.6849837281165926,-0.997471732522988,1.0400678958661385,0.9841231756854657,0
-0.8043672005990544,0.9009088760241706,-1.179024470547907,-0.29677923161897357,-0.911310674287764,0.9048055324001227,-0.7257958293968509,-1.461440576166749,-1.2106295549671826,-0.6849837281165926,-0.997471732522988,-0.15045404487267908,-1.0161329645585022,0
-0.2960199349169384,0.9009088760241706,0.8491410419312149,-0.3931285227268546,-0.23538436605243465,-1.177851894974348,0.22435514500861276,0.853056793629862,-0.707102420612748,0.6910700256137552,-0.7394662468772634,-0.5076106270943244,0.9841231756854657,0
-0.46546902347764374,-1.1099901739376037,0.8491410419312149,-0.3021170549912836,-0.404365943111267,0.9048055324001227,-0.7257958293968509,0.853056793629862,0.001192415045823164,-0.6849837281165926,-0.997471732522988,-1.6187644384505542,0.9841231756854657,0
-0.634918112038349,-1.1099901739376037,-0.502969299721533,-0.30229077113653635,-0.911310674287764,0.9048055324001227,-0.7257958293968509,0.853056793629862,1.253296555807184,-0.6849837281165926,-0.4814607612315388,-2.4124457322764323,0.9841231756854657,0
-0.634918112038349,0.9009088760241706,0.8491410419312149,-0.3942024043520531,-0.7423290972289317,-1.177851894974348,-0.5674373336626071,1.4316811360790147,-1.173704231781191,-0.34097028968400567,-0.4814607612315388,-1.678290535487495,0.9841231756854657,0
-0.634918112038349,0.9009088760241706,1.5251962127575889,-0.30320672899332324,-0.5733475201700994,0.9048055324001227,-0.7257958293968509,-0.8828162337175963,0.007906110170548816,-0.6849837281165926,-0.997471732522988,-0.44808453005738347,0.9841231756854657,0
-0.634918112038349,0.9009088760241706,-1.179024470547907,-0.2990691262609409,-0.911310674287764,0.9048055324001227,-0.7257958293968509,1.4316811360790147,0.001192415045823164,-0.6849837281165926,-0.4814607612315388,-0.32903233598350173,0.9841231756854657,0
-0.634918112038349,-1.1099901739376037,-0.502969299721533,-0.2995113128124932,-0.911310674287764,0.9048055324001227,-0.7257958293968509,0.853056793629862,-1.2979075915886182,-0.6849837281165926,-0.7394662468772634,0.4249648931510827,0.9841231756854657,0
-1.143265377720465,-1.1099901739376037,1.5251962127575889,-0.2927363831476381,-0.911310674287764,0.9048055324001227,-0.7257958293968509,-1.461440576166749,0.1522505553521539,-0.6849837281165926,-0.997471732522988,-1.6981325678331418,0.9841231756854657,0
-0.8043672005990544,-1.1099901739376037,0.8491410419312149,-0.4009141645095436,-0.7423290972289317,0.9048055324001227,-0.7257958293968509,1.4316811360790147,1.7736079279734327,-0.570312581972397,-0.4814607612315388,-0.15045404487267908,-1.0161329645585022,1
-0.8043672005990544,0.9009088760241706,1.5251962127575889,-0.2890567593436492,-0.911310674287764,0.9048055324001227,-0.7257958293968509,1.4316811360790147,-0.21028898138303903,-0.6849837281165926,-0.997471732522988,1.734539027963782,-1.0161329645585022,0
-0.634918112038349,-1.1099901739376037,0.8491410419312149,-0.5113976328902575,-0.06640278899360229,-1.177851894974348,-0.8604005507709583,-1.461440576166749,2.206641263518246,-0.570312581972397,-0.997471732522988,-1.3806600503027906,-1.0161329645585022,1
-0.9738162891597597,-1.1099901739376037,-0.502969299721533,-0.284729648089173,-0.911310674287764,0.9048055324001227,-0.7257958293968509,1.4316811360790147,-0.0995130118250634,-0.6849837281165926,-0.4814607612315388,0.9606997664835506,0.9841231756854657,0
-1.143265377720465,0.9009088760241706,-0.502969299721533,-0.2898147934320246,-0.7423290972289317,0.9048055324001227,-0.7257958293968509,0.2744324511807092,-0.21364582894540246,-0.6849837281165926,-0.7394662468772634,0.38528082845978884,-1.0161329645585022,0
-0.634918112038349,0.9009088760241706,-1.179024470547907,-0.2816027574746245,-0.404365943111267,0.9048055324001227,-0.7257958293968509,0.853056793629862,-1.4724636648314886,-0.6849837281165926,-0.4814607612315388,0.6630692812988462,0.9841231756854657,0
-1.143265377720465,0.9009088760241706,0.8491410419312149,-0.3951025698319989,-0.911310674287764,0.21058638994196582,-0.5674373336626071,1.4316811360790147,0.001192415045823164,-0.34097028968400567,-0.997471732522988,0.22654456969461315,0.9841231756854657,0
-1.143265377720465,0.9009088760241706,-0.502969299721533,-0.37760461629200015,-0.911310674287764,0.9048055324001227,-0.7257958293968509,-1.461440576166749,0.001192415045823164,-0.570312581972397,-0.7394662468772634,-0.20998014190961997,-1.0161329645585022,1
-0.46546902347764374,0.9009088760241706,0.8491410419312149,-0.37261422521019544,0.2715603651240624,0.9048055324001227,-0.7257958293968509,-1.461440576166749,0.001192415045823164,-0.570312581972397,-0.4814607612315388,1.0797519605574324,-1.0161329645585022,1
-0.634918112038349,0.9009088760241706,-0.502969299721533,-0.39009638637335303,-0.911310674287764,-1.177851894974348,-1.042512820865339,0.2744324511807092,0.001192415045823164,-1.0289971665491795,-0.7394662468772634,-0.09092794783573821,-1.0161329645585022,0
-0.46546902347764374,0.9009088760241706,-0.502969299721533,-0.5112555014986871,-0.5733475201700994,-1.177851894974348,-0.17154109432699713,0.853056793629862,1.223084927745918,0.4617277333253637,-0.4814607612315388,0.7424374106814341,-1.0161329645585022,1
-0.9738162891597597,0.9009088760241706,-0.502969299721533,-0.39593956580458006,-0.911310674287764,0.21058638994196582,-0.4090788379283631,0.853056793629862,-1.4724636648314886,-0.11162799739561437,-0.7394662468772634,-0.011559818453150373,0.9841231756854657,0
-0.8043672005990544,0.9009088760241706,1.5251962127575889,-0.3900490092428296,-0.5733475201700994,-1.177851894974348,-0.6307807319563046,0.2744324511807092,0.23617174441122635,-0.45564143582820127,-0.7394662468772634,0.821805540064022,-1.0161329645585022,0
-0.9738162891597597,0.9009088760241706,-0.502969299721533,-0.842074211567183,-0.7423290972289317,0.9048055324001227,-0.17154109432699713,0.853056793629862,-1.173704231781191,2.0671237793441026,-0.4814607612315388,0.7622794430270811,-1.0161329645585022,1
-0.2960199349169384,-1.1099901739376037,1.5251962127575889,-0.39428136623625887,-0.23538436605243465,-1.177851894974348,-0.5674373336626071,0.2744324511807092,1.0955247203761276,-0.34097028968400567,-0.4814607612315388,0.22654456969461315,0.9841231756854657,0
-0.634918112038349,0.9009088760241706,1.5251962127575889,-0.7901962536439918,-0.911310674287764,0.9048055324001227,-0.17154109432699713,0.853056793629862,-1.0427871768490378,1.6084391947673204,-0.7394662468772634,0.0479662785837905,-1.0161329645585022,1
-0.46546902347764374,-1.1099901739376037,1.5251962127575889,-0.39676076940032007,-0.7423290972289317,-1.177851894974348,-0.9158260242779438,0.853056793629862,-0.11965409719924096,-0.7996548742607882,-0.997471732522988,0.2463866020402601,0.9841231756854657,0
-0.46546902347764374,-1.1099901739376037,0.8491410419312149,-0.7920913388649302,-0.911310674287764,0.9048055324001227,-0.17154109432699713,1.4316811360790147,-0.37813135950118393,1.7231103409115156,-0.4814607612315388,0.3455967637684949,-1.0161329645585022,1
-0.2960199349169384,-1.1099901739376037,-1.179024470547907,-0.7724298296976935,-0.404365943111267,0.9048055324001227,-0.17154109432699713,1.4316811360790147,-1.3751150855229646,1.4937680486231246,-0.4814607612315388,0.32575473142284794,-1.0161329645585022,1
-0.634918112038349,0.9009088760241706,0.8491410419312149,-0.7770727884889927,-0.404365943111267,0.9048055324001227,-0.17154109432699713,1.4316811360790147,0.23617174441122635,1.6084391947673204,-0.7394662468772634,0.305912699077201,-1.0161329645585022,1
-0.8043672005990544,-1.1099901739376037,-0.502969299721533,-0.766539273135943,-0.404365943111267,0.9048055324001227,-0.17154109432699713,-0.8828162337175963,-1.6705176710108995,1.4937680486231246,-0.7394662468772634,0.10749237562073138,-1.0161329645585022,1
-0.2960199349169384,0.9009088760241706,-0.502969299721533,-0.7698082951420618,0.10257878806523006,0.9048055324001227,-0.17154109432699713,0.2744324511807092,0.23617174441122635,1.4937680486231246,-0.997471732522988,-2.2933935382025505,-1.0161329645585022,1
-0.46546902347764374,0.9009088760241706,0.8491410419312149,-0.7747197243396607,-0.06640278899360229,0.9048055324001227,-0.17154109432699713,0.2744324511807092,0.5114332445249834,1.6084391947673204,-0.997471732522988,-0.11076998018138517,-1.0161329645585022,1
-0.634918112038349,-1.1099901739376037,1.5251962127575889,-0.7746249700786139,-0.7423290972289317,0.9048055324001227,-0.17154109432699713,-0.3041918912684436,0.4040141225293712,1.6084391947673204,-0.997471732522988,-0.5076106270943244,-1.0161329645585022,1
-0.634918112038349,0.9009088760241706,-0.502969299721533,-0.3939181415689123,-0.911310674287764,-1.177851894974348,-0.08444392167316296,1.4316811360790147,-1.4724636648314886,0.23238544103697253,-0.4814607612315388,-1.5195542767223194,0.9841231756854657,0
-0.46546902347764374,-1.1099901739376037,0.8491410419312149,-0.7725719610892638,-0.23538436605243465,0.9048055324001227,-0.17154109432699713,-1.461440576166749,0.0851136041048956,1.4937680486231246,-0.997471732522988,-0.9441353386985575,-1.0161329645585022,1
-1.143265377720465,-1.1099901739376037,-1.179024470547907,-0.7637913995655822,-0.911310674287764,0.9048055324001227,-0.17154109432699713,0.2744324511807092,0.8739727812601764,1.4937680486231246,-0.997471732522988,0.9210157017922567,-1.0161329645585022,1
-0.634918112038349,-1.1099901739376037,-0.502969299721533,-0.39549737925302775,-0.7423290972289317,-1.177851894974348,-0.7257958293968509,1.4316811360790147,-1.4724636648314886,-0.570312581972397,-0.7394662468772634,1.298014316359549,-1.0161329645585022,0
-0.9738162891597597,0.9009088760241706,-0.502969299721533,-0.7518681550505109,-0.911310674287764,0.9048055324001227,-0.17154109432699713,-0.8828162337175963,-1.623521805137819,1.379096902478929,-0.7394662468772634,-0.07108591549009124,-1.0161329645585022,1
-0.46546902347764374,0.9009088760241706,1.5251962127575889,-0.38843818680503184,-0.404365943111267,-1.177851894974348,-0.4407505370752119,-0.3041918912684436,-1.6705176710108995,-0.2262991435398101,-0.997471732522988,0.286070666731554,-1.0161329645585022,0
-0.9738162891597597,-1.1099901739376037,-1.179024470547907,-0.39707661693714313,-0.911310674287764,-1.177851894974348,-0.7257958293968509,0.853056793629862,-1.3482603050240614,-0.570312581972397,-0.7394662468772634,1.0995939929030794,0.9841231756854657,0
-0.2960199349169384,-1.1099901739376037,-1.179024470547907,-0.3912650222595984,-0.404365943111267,-1.177851894974348,-0.2507203421941191,-0.3041918912684436,-1.3482603050240614,0.1177142948927768,-0.997471732522988,1.4170665104334308,0.9841231756854657,0
-0.9738162891597597,0.9009088760241706,-1.179024470547907,-0.7300746750097181,-0.911310674287764,0.9048055324001227,-0.17154109432699713,-0.8828162337175963,0.4040141225293712,1.2644257563347332,-0.997471732522988,-0.38855843302044263,-1.0161329645585022,1
-0.634918112038349,0.9009088760241706,-0.502969299721533,-0.5055228687053482,-0.404365943111267,-1.177851894974348,-0.4090788379283631,-1.461440576166749,-1.1804179269059165,0.1177142948927768,-0.7394662468772634,-0.44808453005738347,-1.0161329645585022,1
-1.143265377720465,-1.1099901739376037,0.8491410419312149,-0.7362021172240859,-0.911310674287764,0.9048055324001227,-0.17154109432699713,-0.8828162337175963,-0.707102420612748,1.379096902478929,-0.997471732522988,0.46464895784237664,-1.0161329645585022,1
-0.46546902347764374,-1.1099901739376037,0.8491410419312149,-0.7058175841817055,-0.911310674287764,0.9048055324001227,-0.17154109432699713,0.2744324511807092,0.04483143335654109,1.1497546101905376,-0.7394662468772634,0.0479662785837905,-1.0161329645585022,0
-0.9738162891597597,0.9009088760241706,0.8491410419312149,-0.3919283020869269,-0.7423290972289317,-1.177851894974348,-0.7257958293968509,1.4316811360790147,-1.1804179269059165,-0.570312581972397,-0.4814607612315388,-0.8250831446246757,0.9841231756854657,0
-0.2960199349169384,0.9009088760241706,1.5251962127575889,-0.6978108491232404,-0.404365943111267,0.9048055324001227,-0.17154109432699713,0.2744324511807092,0.8538316958859994,1.1497546101905376,-0.7394662468772634,-0.7853990799333818,-1.0161329645585022,1
-0.634918112038349,-1.1099901739376037,-1.179024470547907,-0.7022642993924458,0.10257878806523006,0.9048055324001227,-0.17154109432699713,-1.461440576166749,0.001192415045823164,1.1497546101905376,-0.997471732522988,0.14717644031202531,0.9841231756854657,0
-0.46546902347764374,-1.1099901739376037,-0.502969299721533,-0.39898749453492277,0.2715603651240624,-1.177851894974348,-0.5991090328094558,0.2744324511807092,-1.3482603050240614,-0.34097028968400567,-0.997471732522988,0.286070666731554,-1.0161329645585022,0
-0.8043672005990544,-1.1099901739376037,0.8491410419312149,-0.6899146607026634,-0.7423290972289317,0.9048055324001227,-0.17154109432699713,-0.8828162337175963,1.4647779522360462,1.035083464046342,-0.997471732522988,-0.8647672093159696,-1.0161329645585022,0
-1.143265377720465,-1.1099901739376037,0.8491410419312149,-0.6847821382292882,-0.911310674287764,0.9048055324001227,-0.17154109432699713,-1.461440576166749,-0.12972463988633004,1.035083464046342,-0.997471732522988,-0.7853990799333818,0.9841231756854657,0
-0.8043672005990544,-1.1099901739376037,0.8491410419312149,-0.6782756789707328,-0.7423290972289317,0.9048055324001227,-0.17154109432699713,-0.8828162337175963,0.8336906105118219,1.035083464046342,-0.997471732522988,-0.46792656240303043,0.9841231756854657,0
-0.9738162891597597,0.9009088760241706,-0.502969299721533,-0.38895933524078996,-0.404365943111267,-1.177851894974348,-0.2507203421941191,-0.8828162337175963,1.8407448792206904,0.003043148748581378,-0.997471732522988,-1.7973427295613766,0.9841231756854657,0
-0.8043672005990544,0.9009088760241706,-1.179024470547907,-0.39646071424033813,-0.404365943111267,-1.177851894974348,0.6994306322113446,-0.8828162337175963,0.16232109803924238,1.379096902478929,-0.997471732522988,-0.7258729828964409,0.9841231756854657,0
-0.46546902347764374,0.9009088760241706,-1.179024470547907,-0.6739801524699388,-0.5733475201700994,0.9048055324001227,-0.17154109432699713,-0.8828162337175963,0.9981761410676039,1.035083464046342,-0.4814607612315388,-0.686188918205147,0.9841231756854657,0
-0.8043672005990544,0.9009088760241706,0.8491410419312149,-0.6384788893310245,-0.911310674287764,0.9048055324001227,-0.17154109432699713,0.2744324511807092,0.7229146409538463,0.9204123179021463,-0.4814607612315388,0.3455967637684949,0.9841231756854657,0
-0.46546902347764374,-1.1099901739376037,0.8491410419312149,-0.39753459586553663,-0.5733475201700994,-1.177851894974348,-1.2008713165995828,1.4316811360790147,1.5486991412951188,-1.143668312693375,-0.7394662468772634,0.3654387961141419,0.9841231756854657,0
-0.2960199349169384,-1.1099901739376037,1.5251962127575889,-0.6011457104785363,-0.23538436605243465,0.9048055324001227,-0.17154109432699713,0.2744324511807092,-1.0495008719737637,0.6910700256137552,-0.7394662468772634,0.20670253734896618,-1.0161329645585022,0
-0.9738162891597597,0.9009088760241706,1.5251962127575889,-0.6795706538717075,-0.911310674287764,0.9048055324001227,-0.17154109432699713,-0.3041918912684436,1.357358830240434,1.035083464046342,-0.4814607612315388,-0.24966420660091387,-1.0161329645585022,1
-0.8043672005990544,0.9009088760241706,1.5251962127575889,-0.39450245951203505,-0.404365943111267,-1.177851894974348,-0.7693444157237681,1.4316811360790147,0.3301634761573873,-0.570312581972397,-0.997471732522988,-0.24966420660091387,-1.0161329645585022,0
-0.9738162891597597,0.9009088760241706,-0.502969299721533,-0.5084444584209618,-0.911310674287764,-1.177851894974348,-0.646616581529729,-0.3041918912684436,-1.6839450612603513,-0.2262991435398101,-0.4814607612315388,1.0797519605574324,-1.0161329645585022,1
-0.46546902347764374,0.9009088760241706,-0.502969299721533,-0.5203992876897154,-0.7423290972289317,0.9048055324001227,-0.17154109432699713,1.4316811360790147,-0.005521280078902488,0.4617277333253637,-0.997471732522988,1.3972244780877838,0.9841231756854657,0
-0.9738162891597597,0.9009088760241706,-1.179024470547907,-0.4905043183294107,-0.911310674287764,0.9048055324001227,-0.17154109432699713,0.853056793629862,1.1223795008750308,0.3470565871811683,-0.997471732522988,1.2186461869769611,0.9841231756854657,0
-0.634918112038349,-1.1099901739376037,1.5251962127575889,-0.3931758998573781,-0.7423290972289317,-1.177851894974348,-0.8722774379510266,-0.3041918912684436,-1.8752853723150364,-0.7996548742607882,-0.7394662468772634,-1.2219237915376149,0.9841231756854657,0
-0.8043672005990544,-1.1099901739376037,0.8491410419312149,-0.6012404647395831,-0.911310674287764,0.9048055324001227,-0.17154109432699713,1.4316811360790147,0.9780350556934264,0.6910700256137552,-0.7394662468772634,-2.670392152769843,-1.0161329645585022,1
-0.2960199349169384,0.9009088760241706,-1.179024470547907,-0.392860052320555,0.10257878806523006,-1.177851894974348,0.7192254441781252,-0.3041918912684436,1.0015329886299666,1.379096902478929,-0.997471732522988,-0.9242933063529105,0.9841231756854657,0
-0.2960199349169384,-1.1099901739376037,-1.179024470547907,-0.47659123433235395,0.10257878806523006,0.9048055324001227,-0.17154109432699713,-1.461440576166749,-1.0495008719737637,0.3470565871811683,-0.997471732522988,0.18686050500331922,0.9841231756854657,0
-1.143265377720465,-1.1099901739376037,-1.179024470547907,-0.4544976991315794,-0.911310674287764,0.9048055324001227,-0.17154109432699713,-1.461440576166749,-1.173704231781191,0.3470565871811683,-0.4814607612315388,-1.4401861473397315,-1.0161329645585022,0
-0.2960199349169384,0.9009088760241706,-1.179024470547907,-0.5152825575931814,-0.404365943111267,-1.177851894974348,-0.6307807319563046,-1.461440576166749,1.8407448792206904,-0.2262991435398101,-0.7394662468772634,-0.15045404487267908,-1.0161329645585022,1
-0.46546902347764374,0.9009088760241706,-0.502969299721533,-0.3954026249919808,0.10257878806523006,-1.177851894974348,0.06599664927436881,-0.3041918912684436,-0.34120603631519225,0.4617277333253637,-0.4814607612315388,1.0995939929030794,0.9841231756854657,0
-0.8043672005990544,-1.1099901739376037,-0.502969299721533,-0.38869086483449033,-0.404365943111267,-1.177851894974348,0.5410721364771007,1.4316811360790147,-0.005521280078902488,1.1497546101905376,-0.997471732522988,-2.670392152769843,0.9841231756854657,0
-0.634918112038349,0.9009088760241706,1.5251962127575889,-0.5052701906758897,-0.911310674287764,-1.177851894974348,-0.7257958293968509,-0.3041918912684436,0.001192415045823164,-0.45564143582820127,-0.7394662468772634,0.0479662785837905,-1.0161329645585022,1
-0.8043672005990544,-1.1099901739376037,-1.179024470547907,-0.3968239389076847,-0.911310674287764,-1.177851894974348,-0.5674373336626071,-1.461440576166749,-1.1804179269059165,-0.34097028968400567,-0.7394662468772634,-2.5513399586959613,0.9841231756854657,0
-0.8043672005990544,-1.1099901739376037,1.5251962127575889,-0.4459382308836739,-0.7423290972289317,0.9048055324001227,-0.17154109432699713,-0.8828162337175963,-1.371758237960602,0.23238544103697253,-0.7394662468772634,0.5043330225336705,0.9841231756854657,0
-0.9738162891597597,-1.1099901739376037,-1.179024470547907,-0.44949151567293355,-0.911310674287764,0.9048055324001227,-0.17154109432699713,-0.8828162337175963,0.5114332445249834,0.3470565871811683,-0.4814607612315388,-2.0552891500547874,0.9841231756854657,0
-0.2960199349169384,0.9009088760241706,1.5251962127575889,-0.45151293990860125,-0.404365943111267,0.9048055324001227,-0.17154109432699713,0.2744324511807092,0.04483143335654109,0.3470565871811683,-0.4814607612315388,-1.0235034680811452,0.9841231756854657,0
-0.2960199349169384,0.9009088760241706,-0.502969299721533,-0.4322778249160756,-0.06640278899360229,0.9048055324001227,-0.17154109432699713,0.2744324511807092,-0.2707122375055717,0.23238544103697253,-0.997471732522988,0.10749237562073138,0.9841231756854657,0
-1.143265377720465,0.9009088760241706,-0.502969299721533,-0.4257713656575201,-0.911310674287764,0.9048055324001227,-0.17154109432699713,1.4316811360790147,1.5352717510456675,0.23238544103697253,-0.997471732522988,0.18686050500331922,0.9841231756854657,0
-0.2960199349169384,0.9009088760241706,1.5251962127575889,-0.3977872738949951,-0.911310674287764,-1.177851894974348,-0.7257958293968509,1.4316811360790147,-1.3482603050240614,-0.570312581972397,-0.997471732522988,-1.202081759191968,-1.0161329645585022,0
-0.9738162891597597,-1.1099901739376037,1.5251962127575889,-0.4132795955761672,-0.911310674287764,0.9048055324001227,-0.17154109432699713,1.4316811360790147,-1.8752853723150364,0.23238544103697253,-0.4814607612315388,1.794065125000723,0.9841231756854657,0
-0.634918112038349,0.9009088760241706,-1.179024470547907,-0.41417976105611304,-0.7423290972289317,0.9048055324001227,-0.17154109432699713,0.2744324511807092,-1.173704231781191,0.23238544103697253,-0.4814607612315388,0.4249648931510827,0.9841231756854657,0
-0.46546902347764374,0.9009088760241706,-0.502969299721533,-0.505696584850601,-0.7423290972289317,0.9048055324001227,-0.17154109432699713,1.4316811360790147,0.7464125738903866,0.4617277333253637,-0.4814607612315388,1.1194360252487263,-1.0161329645585022,1
-0.46546902347764374,-1.1099901739376037,-0.502969299721533,-0.3902069330112411,-0.911310674287764,-1.177851894974348,-0.8841543251310949,-1.461440576166749,-1.4724636648314886,-0.7996548742607882,-0.4814607612315388,-3.5235995436326624,0.9841231756854657,0
-0.46546902347764374,0.9009088760241706,0.8491410419312149,-0.352889546535594,-0.7423290972289317,0.9048055324001227,-0.17154109432699713,-0.8828162337175963,-0.707102420612748,0.1177142948927768,-0.4814607612315388,-0.26950623894656084,0.9841231756854657,0
-0.2960199349169384,-1.1099901739376037,-0.502969299721533,-0.39177037831851536,0.10257878806523006,-1.177851894974348,0.06599664927436881,1.4316811360790147,1.9750187817152072,0.4617277333253637,-0.4814607612315388,-0.3488743683291487,0.9841231756854657,0
-0.46546902347764374,0.9009088760241706,-1.179024470547907,-0.3569797721374529,-0.5733475201700994,0.9048055324001227,-0.17154109432699713,-1.461440576166749,-0.21364582894540246,0.1177142948927768,-0.4814607612315388,0.9408577341379036,0.9841231756854657,0
-0.8043672005990544,-1.1099901739376037,-1.179024470547907,-0.3975819729960601,-0.7423290972289317,0.21058638994196582,0.8577891279455886,-0.8828162337175963,1.2700807936189982,1.4937680486231246,-0.4814607612315388,0.10749237562073138,0.9841231756854657,0
-0.634918112038349,-1.1099901739376037,-1.179024470547907,-0.31356652820112035,-0.911310674287764,0.9048055324001227,-0.17154109432699713,-0.8828162337175963,-1.4993184453303918,0.003043148748581378,-0.4814607612315388,0.821805540064022,0.9841231756854657,0
-1.143265377720465,0.9009088760241706,0.8491410419312149,-0.3904754034175407,-0.911310674287764,-1.177851894974348,-1.042512820865339,0.2744324511807092,-0.005521280078902488,-1.0289971665491795,-0.4814607612315388,0.16701847265767225,0.9841231756854657,0
-0.46546902347764374,0.9009088760241706,-0.502969299721533,-0.4101527049616187,-0.404365943111267,0.9048055324001227,-0.17154109432699713,0.2744324511807092,1.0955247203761276,0.23238544103697253,-0.4814607612315388,0.5241750548793175,-1.0161329645585022,1
-1.143265377720465,0.9009088760241706,-1.179024470547907,-0.29914808814514665,-0.911310674287764,0.9048055324001227,-0.17154109432699713,1.4316811360790147,-0.11965409719924096,0.003043148748581378,-0.997471732522988,0.5241750548793175,0.9841231756854657,0
-1.143265377720465,0.9009088760241706,-0.502969299721533,-0.4138481211424488,-0.911310674287764,0.9048055324001227,-0.17154109432699713,-1.461440576166749,0.16232109803924238,0.23238544103697253,-0.997471732522988,-0.686188918205147,-1.0161329645585022,1
-0.2960199349169384,0.9009088760241706,-0.502969299721533,-0.39383917968470655,-0.5733475201700994,-1.177851894974348,0.8023636544386032,0.853056793629862,-1.1804179269059165,1.4937680486231246,-0.997471732522988,-0.11076998018138517,-1.0161329645585022,0
-0.46546902347764374,0.9009088760241706,-0.502969299721533,-0.3042332334879983,-0.23538436605243465,0.9048055324001227,-0.17154109432699713,-0.8828162337175963,1.575553921794022,0.003043148748581378,-0.4814607612315388,0.5440170872249644,0.9841231756854657,0
-0.634918112038349,-1.1099901739376037,-1.179024470547907,-0.249575817240764,-0.7423290972289317,0.9048055324001227,-0.17154109432699713,0.2744324511807092,-0.12972463988633004,-0.11162799739561437,-0.997471732522988,-2.194183376474316,0.9841231756854657,0
-0.9738162891597597,-1.1099901739376037,0.8491410419312149,-0.3557479667438429,-0.911310674287764,0.9048055324001227,-0.17154109432699713,0.853056793629862,0.001192415045823164,0.1177142948927768,-0.4814607612315388,-0.190138109563973,-1.0161329645585022,1
-0.634918112038349,0.9009088760241706,-1.179024470547907,-0.39717137119819007,-0.5733475201700994,-1.177851894974348,-0.8841543251310949,0.853056793629862,0.001192415045823164,-0.7996548742607882,-0.997471732522988,0.9408577341379036,0.9841231756854657,0
-0.634918112038349,-1.1099901739376037,-0.502969299721533,-0.39439191287414693,-0.7423290972289317,0.21058638994196582,0.22435514500861276,1.4316811360790147,-1.1804179269059165,0.6910700256137552,-0.997471732522988,-0.26950623894656084,0.9841231756854657,0
-0.634918112038349,-1.1099901739376037,-0.502969299721533,-0.20875252310638068,-0.5733475201700994,0.9048055324001227,-0.17154109432699713,-1.461440576166749,-0.37813135950118393,-0.11162799739561437,-0.997471732522988,-0.24966420660091387,0.9841231756854657,0
-0.46546902347764374,0.9009088760241706,-1.179024470547907,-0.20096688132369173,-0.404365943111267,0.9048055324001227,-0.17154109432699713,0.2744324511807092,1.0787404825643134,-0.11162799739561437,-0.997471732522988,-2.194183376474316,0.9841231756854657,0
-0.634918112038349,0.9009088760241706,-0.502969299721533,-0.39876640125914664,-0.911310674287764,-1.177851894974348,-0.3774071387815143,0.853056793629862,-1.2475548781531747,-0.11162799739561437,-0.4814607612315388,0.6829113136444932,-1.0161329645585022,0
-0.2960199349169384,0.9009088760241706,-1.179024470547907,-0.12480024781880557,-0.06640278899360229,0.9048055324001227,-0.17154109432699713,0.853056793629862,0.27645391515958084,-0.2262991435398101,-0.4814607612315388,0.8813316371009629,-1.0161329645585022,0
-1.143265377720465,0.9009088760241706,-0.502969299721533,-0.09076767572611852,-0.911310674287764,0.9048055324001227,-0.17154109432699713,1.4316811360790147,0.001192415045823164,-0.34097028968400567,-0.997471732522988,1.6154868338899002,0.9841231756854657,0
-0.8043672005990544,-1.1099901739376037,-1.179024470547907,-0.3918651325795623,-0.7423290972289317,-1.177851894974348,-0.4090788379283631,-1.461440576166749,-1.8752853723150364,-0.11162799739561437,-0.7394662468772634,-0.4877685947486774,-1.0161329645585022,0
-0.46546902347764374,-1.1099901739376037,-1.179024470547907,-0.06782135217592163,-0.7423290972289317,0.9048055324001227,-0.17154109432699713,-0.8828162337175963,-1.0495008719737637,-0.34097028968400567,-0.4814607612315388,0.4249648931510827,0.9841231756854657,0
-1.143265377720465,0.9009088760241706,-1.179024470547907,-0.3900648016196707,-0.911310674287764,-1.177851894974348,-0.527847709729046,-1.461440576166749,-1.8752853723150364,-0.34097028968400567,-0.7394662468772634,-1.4798702120310254,0.9841231756854657,0
-0.46546902347764374,-1.1099901739376037,0.8491410419312149,-0.035999712840996144,-0.5733475201700994,0.9048055324001227,-0.17154109432699713,1.4316811360790147,0.2965950005337584,-0.34097028968400567,-0.4814607612315388,-0.3488743683291487,0.9841231756854657,0
-0.9738162891597597,-1.1099901739376037,-1.179024470547907,-0.3968081465308435,-0.5733475201700994,-1.177851894974348,-1.042512820865339,-0.8828162337175963,0.001192415045823164,-1.0289971665491795,-0.4814607612315388,0.6233852166075523,0.9841231756854657,0
-0.8043672005990544,-1.1099901739376037,-0.502969299721533,-0.012927050276070029,-0.911310674287764,0.9048055324001227,-0.17154109432699713,-1.461440576166749,0.7866947446387411,-0.34097028968400567,-0.997471732522988,-0.190138109563973,0.9841231756854657,0
-0.8043672005990544,0.9009088760241706,0.8491410419312149,-0.01567492384643084,-0.911310674287764,0.9048055324001227,-0.17154109432699713,0.2744324511807092,0.4040141225293712,-0.34097028968400567,-0.997471732522988,-1.5989224061049072,-1.0161329645585022,0
-0.8043672005990544,0.9009088760241706,1.5251962127575889,0.014567477804379234,-0.911310674287764,0.9048055324001227,-0.17154109432699713,0.853056793629862,0.001192415045823164,-0.34097028968400567,-0.997471732522988,1.0995939929030794,0.9841231756854657,0
-0.46546902347764374,0.9009088760241706,-1.179024470547907,-0.39039644153333497,-0.404365943111267,-1.177851894974348,-1.042512820865339,0.2744324511807092,-1.371758237960602,-1.0289971665491795,-0.7394662468772634,1.4369085427790778,-1.0161329645585022,0
-0.9738162891597597,-1.1099901739376037,0.8491410419312149,0.15706209404211255,-0.911310674287764,0.9048055324001227,-0.17154109432699713,1.4316811360790147,0.23617174441122635,-0.570312581972397,-0.4814607612315388,0.3654387961141419,0.9841231756854657,0
-0.46546902347764374,-1.1099901739376037,-0.502969299721533,0.06069701055739032,-0.911310674287764,0.9048055324001227,-0.17154109432699713,-0.3041918912684436,-1.371758237960602,-0.45564143582820127,-0.4814607612315388,0.22654456969461315,-1.0161329645585022,1
-0.9738162891597597,0.9009088760241706,-1.179024470547907,-0.8493229125372727,-0.7423290972289317,0.9048055324001227,-0.17945901911370934,-0.8828162337175963,0.23617174441122635,2.0671237793441026,-0.4814607612315388,-0.32903233598350173,-1.0161329645585022,1
-0.8043672005990544,-1.1099901739376037,-0.502969299721533,-0.5154246889847518,-0.06640278899360229,0.9048055324001227,-0.17945901911370934,-0.8828162337175963,-0.12972463988633004,0.4617277333253637,-0.4814607612315388,-0.190138109563973,0.9841231756854657,0
-0.634918112038349,-1.1099901739376037,-1.179024470547907,-0.39267054379846117,-0.5733475201700994,-1.177851894974348,-0.7257958293968509,-0.8828162337175963,-1.7510820125076092,-0.570312581972397,-0.997471732522988,1.2186461869769611,-1.0161329645585022,0
-0.9738162891597597,-1.1099901739376037,-0.502969299721533,0.6498947981240081,-0.911310674287764,0.9048055324001227,-0.17945901911370934,-0.8828162337175963,0.665848232393677,-0.7996548742607882,-0.997471732522988,-2.23386744116561,0.9841231756854657,0
-0.634918112038349,-1.1099901739376037,-1.179024470547907,-0.39232311150795574,-0.7423290972289317,-1.177851894974348,0.8577891279455886,1.4316811360790147,0.6893461653302174,1.4937680486231246,-0.7394662468772634,-1.5393963090679663,-1.0161329645585022,0
-0.634918112038349,0.9009088760241706,0.8491410419312149,-0.39690290079189045,-0.911310674287764,-1.177851894974348,-0.7257958293968509,0.2744324511807092,-1.7510820125076092,-0.570312581972397,-0.7394662468772634,1.4369085427790778,0.9841231756854657,0
-0.9738162891597597,0.9009088760241706,0.8491410419312149,-0.7750829490070074,-0.23538436605243465,0.9048055324001227,-0.18737694390042153,-0.8828162337175963,-1.4724636648314886,1.4937680486231246,-0.997471732522988,0.38528082845978884,-1.0161329645585022,1
-0.9738162891597597,0.9009088760241706,1.5251962127575889,-0.3975977653729012,-0.911310674287764,-1.177851894974348,-0.07256703449309466,0.2744324511807092,-1.7510820125076092,0.3470565871811683,-0.7394662468772634,0.38528082845978884,0.9841231756854657,0
-0.8043672005990544,-1.1099901739376037,-1.179024470547907,-0.681986887528404,-0.5733475201700994,0.9048055324001227,-0.18737694390042153,0.2744324511807092,1.223084927745918,1.035083464046342,-0.7394662468772634,0.3654387961141419,-1.0161329645585022,0
-0.2960199349169384,0.9009088760241706,-0.502969299721533,-0.2623044729747342,-0.404365943111267,0.9048055324001227,-0.7257958293968509,0.853056793629862,-0.1397951825734185,-0.6849837281165926,-0.7394662468772634,0.26622863438590705,0.9841231756854657,0
-0.8043672005990544,-1.1099901739376037,0.8491410419312149,-0.26069365053693644,-0.911310674287764,0.9048055324001227,-0.7257958293968509,0.853056793629862,-1.1804179269059165,-0.6849837281165926,-0.7394662468772634,0.4249648931510827,0.9841231756854657,0
-0.9738162891597597,0.9009088760241706,-1.179024470547907,-0.2557980137161787,-0.911310674287764,0.9048055324001227,-0.7257958293968509,1.4316811360790147,-1.3482603050240614,-0.6849837281165926,-0.4814607612315388,1.4369085427790778,0.9841231756854657,0
-0.8043672005990544,0.9009088760241706,1.5251962127575889,-0.39573426490564506,-0.911310674287764,-1.177851894974348,0.06599664927436881,-0.8828162337175963,0.03476089066945202,0.4617277333253637,-0.7394662468772634,-1.162397694500674,0.9841231756854657,0
-0.634918112038349,-1.1099901739376037,-1.179024470547907,-0.24933893158814668,-0.7423290972289317,0.9048055324001227,-0.7257958293968509,0.853056793629862,-1.0964967378468442,-0.6849837281165926,-0.4814607612315388,0.12733440796637835,-1.0161329645585022,0
-0.9738162891597597,-1.1099901739376037,1.5251962127575889,-0.23335704622489875,-0.911310674287764,0.9048055324001227,-0.7257958293968509,-0.8828162337175963,-0.3680608168140954,-0.6849837281165926,-0.997471732522988,1.278172284013902,-1.0161329645585022,0
-0.9738162891597597,0.9009088760241706,0.8491410419312149,-0.2410479337465408,-0.911310674287764,0.9048055324001227,-0.7257958293968509,-0.8828162337175963,-1.0427871768490378,-0.6849837281165926,-0.4814607612315388,-1.8767108589439645,0.9841231756854657,0
-0.634918112038349,-1.1099901739376037,0.8491410419312149,-0.39150190791221573,-0.404365943111267,0.21058638994196582,0.06599664927436881,-0.3041918912684436,0.001192415045823164,0.4617277333253637,-0.7394662468772634,0.4844909901880236,-1.0161329645585022,0
-0.46546902347764374,0.9009088760241706,1.5251962127575889,-0.39529207835409275,-0.5733475201700994,-1.177851894974348,-1.042512820865339,-0.3041918912684436,-0.34120603631519225,-1.0289971665491795,-0.4814607612315388,1.1591200899400202,-1.0161329645585022,0
-0.46546902347764374,0.9009088760241706,0.8491410419312149,-0.39535524786145737,-0.23538436605243465,-1.177851894974348,-0.8326878140174657,-1.461440576166749,-1.3751150855229646,-0.6849837281165926,-0.7394662468772634,-0.5274526594399713,-1.0161329645585022,0
-0.8043672005990544,0.9009088760241706,1.5251962127575889,-0.3955921335140747,-0.911310674287764,-1.177851894974348,-1.2879684892534171,-1.461440576166749,0.001192415045823164,-1.2583394588375707,-0.997471732522988,0.801963507718375,-1.0161329645585022,0
-0.46546902347764374,-1.1099901739376037,0.8491410419312149,-0.39445508238151156,-0.23538436605243465,-1.177851894974348,-0.8841543251310949,-1.461440576166749,-0.5896127559300467,-0.7996548742607882,-0.7394662468772634,0.10749237562073138,0.9841231756854657,0
-0.46546902347764374,-1.1099901739376037,-1.179024470547907,-0.24807554144085436,-0.23538436605243465,0.9048055324001227,-0.7257958293968509,-0.3041918912684436,0.5114332445249834,-0.6849837281165926,-0.7394662468772634,0.6233852166075523,0.9841231756854657,0
-0.2960199349169384,0.9009088760241706,0.8491410419312149,-0.2306881345387437,0.10257878806523006,0.9048055324001227,-0.7257958293968509,0.853056793629862,0.3939435798422821,-0.6849837281165926,-0.7394662468772634,-0.24966420660091387,0.9841231756854657,0
-0.8043672005990544,-1.1099901739376037,0.8491410419312149,-0.22394478962757092,-0.911310674287764,0.9048055324001227,-0.7257958293968509,-0.8828162337175963,0.8135495251376443,-0.6849837281165926,-0.4814607612315388,0.3654387961141419,0.9841231756854657,0
-0.2960199349169384,0.9009088760241706,-0.502969299721533,-0.2157959231775354,-0.5733475201700994,0.9048055324001227,-0.7257958293968509,-0.8828162337175963,-0.33784918875282943,-0.6849837281165926,-0.997471732522988,-0.03140185079879733,-1.0161329645585022,0
-0.46546902347764374,0.9009088760241706,1.5251962127575889,-0.22397637438125323,-0.911310674287764,0.9048055324001227,-0.7257958293968509,0.853056793629862,0.4040141225293712,-0.6849837281165926,-0.4814607612315388,0.3654387961141419,-1.0161329645585022,0
-0.9738162891597597,0.9009088760241706,-0.502969299721533,-0.39568688777512157,-0.911310674287764,-1.177851894974348,-0.7257958293968509,-1.461440576166749,0.5382880250238866,-0.570312581972397,-0.997471732522988,-1.4997122443766724,0.9841231756854657,0
-0.634918112038349,-1.1099901739376037,1.5251962127575889,-0.39751880348869545,-0.911310674287764,-1.177851894974348,0.06599664927436881,0.853056793629862,-1.7510820125076092,0.4617277333253637,-0.4814607612315388,0.5043330225336705,0.9841231756854657,0
-0.8043672005990544,-1.1099901739376037,-1.179024470547907,-0.21009487513787878,-0.404365943111267,0.9048055324001227,-0.7257958293968509,0.853056793629862,1.0619562447524988,-0.6849837281165926,-0.4814607612315388,-1.4798702120310254,-1.0161329645585022,0
-0.2960199349169384,-1.1099901739376037,-0.502969299721533,-0.20429907283717522,-0.06640278899360229,0.9048055324001227,-0.7257958293968509,-0.3041918912684436,0.2865244578466693,-0.7996548742607882,-0.997471732522988,0.12733440796637835,0.9841231756854657,0
-0.2960199349169384,0.9009088760241706,-0.502969299721533,-0.3895910303144361,-0.06640278899360229,-1.177851894974348,0.06599664927436881,-1.461440576166749,-1.3751150855229646,0.4617277333253637,-0.4814607612315388,0.16701847265767225,0.9841231756854657,0
-0.9738162891597597,0.9009088760241706,0.8491410419312149,-0.20259349613833058,-0.911310674287764,0.9048055324001227,-0.7257958293968509,-0.8828162337175963,0.5147900920873463,-0.7996548742607882,-0.7394662468772634,0.286070666731554,0.9841231756854657,0
-0.634918112038349,0.9009088760241706,0.8491410419312149,-0.2012827288605148,-0.5733475201700994,0.9048055324001227,-0.7257958293968509,-0.3041918912684436,-0.2069321338206762,-0.7996548742607882,-0.997471732522988,-1.5592383414136133,0.9841231756854657,0
-0.9738162891597597,0.9009088760241706,-0.502969299721533,-0.31269794747485685,-0.911310674287764,0.9048055324001227,-0.7257958293968509,-0.8828162337175963,1.5486991412951188,-0.6849837281165926,-0.4814607612315388,-0.8846092416616166,-1.0161329645585022,1
-0.46546902347764374,0.9009088760241706,-0.502969299721533,-0.3885645258197611,0.10257878806523006,0.21058638994196582,-1.042512820865339,0.2744324511807092,-1.623521805137819,-1.0289971665491795,-0.4814607612315388,1.4170665104334308,-1.0161329645585022,0
-0.9738162891597597,0.9009088760241706,-1.179024470547907,-0.20677847600123642,-0.911310674287764,0.9048055324001227,-0.7257958293968509,-0.8828162337175963,-1.3751150855229646,-0.7996548742607882,-0.997471732522988,0.4844909901880236,-1.0161329645585022,0
-0.2960199349169384,-1.1099901739376037,-0.502969299721533,-0.2018038772962729,-0.5733475201700994,0.9048055324001227,-0.7257958293968509,1.4316811360790147,0.830333762949459,-0.7996548742607882,-0.4814607612315388,0.3455967637684949,0.9841231756854657,0
-0.46546902347764374,-1.1099901739376037,0.8491410419312149,-0.20188283918047864,-0.404365943111267,0.9048055324001227,-0.7257958293968509,-1.461440576166749,0.001192415045823164,-0.7996548742607882,-0.4814607612315388,-1.8568688265983175,0.9841231756854657,0
-0.9738162891597597,-1.1099901739376037,1.5251962127575889,-0.20106163558473863,-0.911310674287764,0.9048055324001227,-0.7257958293968509,-0.8828162337175963,0.001192415045823164,-0.7996548742607882,-0.7394662468772634,0.9408577341379036,0.9841231756854657,0
-0.634918112038349,0.9009088760241706,-1.179024470547907,-0.203146229327771,-0.5733475201700994,0.9048055324001227,-0.7257958293968509,1.4316811360790147,-1.0092187012254088,-0.7996548742607882,-0.7394662468772634,1.6353288662355472,0.9841231756854657,0
-1.143265377720465,0.9009088760241706,-0.502969299721533,-0.1936865955999197,-0.7423290972289317,0.9048055324001227,-0.7257958293968509,1.4316811360790147,-1.8752853723150364,-0.7996548742607882,-0.7394662468772634,-0.011559818453150373,-1.0161329645585022,0
-0.634918112038349,-1.1099901739376037,-1.179024470547907,-0.1842585466257507,-0.911310674287764,0.9048055324001227,-0.7257958293968509,0.853056793629862,1.0955247203761276,-0.7996548742607882,-0.4814607612315388,-0.17029607721832604,0.9841231756854657,0
-0.2960199349169384,-1.1099901739376037,1.5251962127575889,-0.1869748354424292,-0.5733475201700994,0.9048055324001227,-0.7257958293968509,0.853056793629862,-1.039430329286675,-0.7996548742607882,-0.997471732522988,0.40512286080543575,0.9841231756854657,0
-0.9738162891597597,0.9009088760241706,0.8491410419312149,-0.40205121564210666,-0.911310674287764,0.21058638994196582,-0.765385453330412,-0.8828162337175963,-1.5496711587658354,-0.570312581972397,-0.997471732522988,0.6035431842619053,-1.0161329645585022,0
-0.634918112038349,-1.1099901739376037,0.8491410419312149,-0.30101158861240285,-0.5733475201700994,0.9048055324001227,-0.7257958293968509,-0.3041918912684436,1.5486991412951188,-0.6849837281165926,-0.4814607612315388,0.305912699077201,-1.0161329645585022,1
-0.9738162891597597,-1.1099901739376037,0.8491410419312149,-0.3954342097456631,-0.911310674287764,0.21058638994196582,-0.5674373336626071,-0.8828162337175963,-1.4254677989584081,-0.34097028968400567,-0.997471732522988,0.6035431842619053,0.9841231756854657,0
-0.46546902347764374,0.9009088760241706,0.8491410419312149,-0.18207919862167143,-0.23538436605243465,0.9048055324001227,-0.7257958293968509,-1.461440576166749,0.001192415045823164,-0.7996548742607882,-0.4814607612315388,-0.03140185079879733,0.9841231756854657,0
-0.9738162891597597,-1.1099901739376037,-0.502969299721533,-0.3926231666679377,-0.7423290972289317,-1.177851894974348,0.06599664927436881,-0.8828162337175963,-1.0495008719737637,0.4617277333253637,-0.4814607612315388,1.1194360252487263,-1.0161329645585022,0
-0.8043672005990544,0.9009088760241706,-1.179024470547907,-0.18995959466540732,-0.911310674287764,0.9048055324001227,-0.7257958293968509,-0.8828162337175963,1.3842136107393372,-0.7996548742607882,-0.7394662468772634,-1.0433455004267922,0.9841231756854657,0
-1.143265377720465,-1.1099901739376037,-1.179024470547907,-0.38930676753129534,-0.911310674287764,-1.177851894974348,-0.8841543251310949,0.853056793629862,-1.2979075915886182,-0.7996548742607882,-0.7394662468772634,0.5638591195706114,0.9841231756854657,0
-0.2960199349169384,-1.1099901739376037,1.5251962127575889,-0.27883909152742253,-0.5733475201700994,0.9048055324001227,-0.7257958293968509,0.2744324511807092,0.4745079213389917,-0.6849837281165926,-0.4814607612315388,0.06780831092943747,-1.0161329645585022,1
-0.634918112038349,-1.1099901739376037,-1.179024470547907,-0.2787127525126933,-0.5733475201700994,0.9048055324001227,-0.7257958293968509,-1.461440576166749,1.253296555807184,-0.6849837281165926,-0.997471732522988,-1.0830295651180861,-1.0161329645585022,1
-0.2960199349169384,0.9009088760241706,1.5251962127575889,-0.271716729572062,-0.5733475201700994,0.9048055324001227,-0.7257958293968509,-0.3041918912684436,-0.6936750303632967,-0.6849837281165926,-0.997471732522988,0.2463866020402601,-1.0161329645585022,1
-0.634918112038349,0.9009088760241706,-0.502969299721533,-0.15131564853510326,-0.5733475201700994,0.9048055324001227,-0.7257958293968509,-0.3041918912684436,0.7464125738903866,-0.7996548742607882,-0.7394662468772634,0.821805540064022,-1.0161329645585022,0
-0.634918112038349,0.9009088760241706,1.5251962127575889,-0.14672006687432743,-0.5733475201700994,0.9048055324001227,-0.7257958293968509,-0.3041918912684436,-1.0092187012254088,-0.7996548742607882,-0.7394662468772634,0.6432272489531993,-1.0161329645585022,0
-0.634918112038349,0.9009088760241706,-0.502969299721533,-0.14424066371026625,-0.06640278899360229,0.9048055324001227,-0.7257958293968509,-0.3041918912684436,0.7497694214527494,-0.7996548742607882,-0.4814607612315388,-1.162397694500674,0.9841231756854657,0
-0.634918112038349,-1.1099901739376037,-0.502969299721533,-0.14619891843856936,-0.7423290972289317,0.9048055324001227,-0.7257958293968509,0.2744324511807092,-1.1804179269059165,-0.7996548742607882,-0.997471732522988,0.8416475724096689,-1.0161329645585022,0
-0.9738162891597597,-1.1099901739376037,-0.502969299721533,-0.14894679200893016,-0.911310674287764,0.9048055324001227,-0.7257958293968509,0.853056793629862,0.954537122756886,-0.7996548742607882,-0.997471732522988,-0.7853990799333818,-1.0161329645585022,0
-0.8043672005990544,0.9009088760241706,-1.179024470547907,-0.391217645129075,-0.911310674287764,-1.177851894974348,-0.3774071387815143,0.2744324511807092,0.2865244578466693,-0.11162799739561437,-0.997471732522988,-0.32903233598350173,0.9841231756854657,0
-1.143265377720465,-1.1099901739376037,0.8491410419312149,-0.39214939536270305,-0.911310674287764,-1.177851894974348,-0.804975077263973,0.2744324511807092,-1.2979075915886182,-0.6849837281165926,-0.997471732522988,0.5043330225336705,0.9841231756854657,0
-0.46546902347764374,0.9009088760241706,1.5251962127575889,-0.39259158191425536,-0.7423290972289317,-1.177851894974348,-0.7257958293968509,0.2744324511807092,-1.0495008719737637,-0.570312581972397,-0.7394662468772634,-1.0235034680811452,-1.0161329645585022,0
-0.8043672005990544,0.9009088760241706,-0.502969299721533,-0.1488678301247244,-0.911310674287764,0.9048055324001227,-0.7257958293968509,0.853056793629862,0.7229146409538463,-0.7996548742607882,-0.7394662468772634,1.238488219322608,-1.0161329645585022,0
-0.634918112038349,0.9009088760241706,0.8491410419312149,-0.39590798105089775,-0.911310674287764,-1.177851894974348,-0.7257958293968509,-0.8828162337175963,0.001192415045823164,-0.570312581972397,-0.4814607612315388,0.32575473142284794,0.9841231756854657,0
-0.634918112038349,0.9009088760241706,0.8491410419312149,-0.3924810352763673,-0.5733475201700994,-1.177851894974348,-0.5674373336626071,1.4316811360790147,-1.0495008719737637,-0.34097028968400567,-0.7394662468772634,1.298014316359549,0.9841231756854657,0
-1.143265377720465,-1.1099901739376037,1.5251962127575889,-0.3920704334784973,-0.911310674287764,-1.177851894974348,-0.7257958293968509,-0.8828162337175963,-1.2979075915886182,-0.570312581972397,-0.4814607612315388,1.2186461869769611,-1.0161329645585022,0
-0.46546902347764374,-1.1099901739376037,-0.502969299721533,-0.14430383321763085,-0.911310674287764,0.9048055324001227,-0.7257958293968509,-1.461440576166749,-1.623521805137819,-0.7996548742607882,-0.4814607612315388,0.5638591195706114,0.9841231756854657,0
-0.9738162891597597,0.9009088760241706,0.8491410419312149,-0.13503370801187342,-0.23538436605243465,0.9048055324001227,-0.7257958293968509,1.4316811360790147,0.4308689030282738,-0.7996548742607882,-0.7394662468772634,0.801963507718375,-1.0161329645585022,0
-0.2960199349169384,0.9009088760241706,-1.179024470547907,-0.39320748461106036,-0.7423290972289317,-1.177851894974348,-0.8841543251310949,-0.8828162337175963,1.1223795008750308,-0.7996548742607882,-0.997471732522988,0.38528082845978884,-1.0161329645585022,0
-0.634918112038349,-1.1099901739376037,-0.502969299721533,-0.12630052361871522,-0.23538436605243465,0.9048055324001227,-0.7257958293968509,-0.3041918912684436,-1.2475548781531747,-0.7996548742607882,-0.7394662468772634,-1.8370267942526706,0.9841231756854657,0
-0.46546902347764374,-1.1099901739376037,-0.502969299721533,-0.13522321653396727,-0.7423290972289317,0.9048055324001227,-0.7257958293968509,-0.8828162337175963,1.286865031430813,-0.7996548742607882,-0.997471732522988,-0.11076998018138517,0.9841231756854657,0
-0.9738162891597597,0.9009088760241706,-0.502969299721533,-0.24504340508735276,-0.7423290972289317,0.9048055324001227,-0.7257958293968509,0.2744324511807092,1.2029438423717405,-0.6849837281165926,-0.4814607612315388,-0.7457150152420878,-1.0161329645585022,1
-1.143265377720465,0.9009088760241706,-1.179024470547907,-0.3923389038847969,-0.7423290972289317,-1.177851894974348,1.3328646151483206,-0.8828162337175963,-1.0495008719737637,2.1817949254882985,-0.4814607612315388,-1.3806600503027906,0.9841231756854657,0
-0.2960199349169384,-1.1099901739376037,1.5251962127575889,-0.12181548859582744,-0.5733475201700994,0.9048055324001227,-0.7257958293968509,-1.461440576166749,-0.5661148229935064,-0.7996548742607882,-0.7394662468772634,-0.8052411122790287,0.9841231756854657,0
-0.2960199349169384,0.9009088760241706,-1.179024470547907,-0.24082684047076464,0.2715603651240624,0.9048055324001227,-0.7257958293968509,-1.461440576166749,1.6594751108530943,-0.6849837281165926,-0.997471732522988,0.7225953783357871,-1.0161329645585022,1
-0.9738162891597597,0.9009088760241706,-0.502969299721533,-0.1239948365999067,-0.911310674287764,0.9048055324001227,-0.7257958293968509,1.4316811360790147,0.15896425047687956,-0.7996548742607882,-0.4814607612315388,-0.6068207888225592,-1.0161329645585022,0
-1.143265377720465,-1.1099901739376037,-0.502969299721533,-0.11439307148048503,-0.911310674287764,0.9048055324001227,-0.7257958293968509,0.853056793629862,0.11868207972852446,-0.7996548742607882,-0.7394662468772634,0.12733440796637835,-1.0161329645585022,0
-0.634918112038349,0.9009088760241706,1.5251962127575889,-0.38978053883652997,-0.404365943111267,-1.177851894974348,-1.2800505644667048,0.2744324511807092,0.001192415045823164,-1.2583394588375707,-0.997471732522988,0.7027533459901402,-1.0161329645585022,0
-0.9738162891597597,0.9009088760241706,0.8491410419312149,-0.3900332168659884,-0.911310674287764,-1.177851894974348,0.8577891279455886,-0.8828162337175963,0.11868207972852446,1.4937680486231246,-0.997471732522988,0.5043330225336705,0.9841231756854657,0
-0.8043672005990544,0.9009088760241706,-0.502969299721533,-0.3879802078766384,-0.5733475201700994,-1.177851894974348,-0.7257958293968509,1.4316811360790147,-1.4254677989584081,-0.570312581972397,-0.7394662468772634,0.9408577341379036,0.9841231756854657,0
-0.2960199349169384,0.9009088760241706,-0.502969299721533,-0.3957658496593274,-0.23538436605243465,-1.177851894974348,-1.2800505644667048,0.853056793629862,-1.4254677989584081,-1.2583394588375707,-0.4814607612315388,1.35754041339649,-1.0161329645585022,0
-0.8043672005990544,0.9009088760241706,-1.179024470547907,-0.10532824717366258,-0.404365943111267,0.9048055324001227,-0.7257958293968509,-0.8828162337175963,0.8336906105118219,-0.7996548742607882,-0.997471732522988,-0.20998014190961997,0.9841231756854657,0
-0.9738162891597597,-1.1099901739376037,0.8491410419312149,-0.22503446362961055,-0.911310674287764,0.9048055324001227,-0.7257958293968509,-1.461440576166749,2.102578989084997,-0.6849837281165926,-0.997471732522988,-1.8568688265983175,-1.0161329645585022,1
-1.143265377720465,0.9009088760241706,-1.179024470547907,-0.3955131716298689,-0.911310674287764,-1.177851894974348,-0.2507203421941191,-1.461440576166749,-1.173704231781191,0.1177142948927768,-0.4814607612315388,0.7622794430270811,-1.0161329645585022,0
-0.8043672005990544,0.9009088760241706,-1.179024470547907,-0.10859726917978148,-0.7423290972289317,0.9048055324001227,-0.7257958293968509,1.4316811360790147,1.8407448792206904,-0.7996548742607882,-0.997471732522988,-1.142555662155027,0.9841231756854657,0
-0.634918112038349,-1.1099901739376037,-1.179024470547907,-0.10884994720923993,-0.06640278899360229,0.9048055324001227,-0.7257958293968509,0.2744324511807092,1.0015329886299666,-0.7996548742607882,-0.997471732522988,1.278172284013902,0.9841231756854657,0
-0.634918112038349,-1.1099901739376037,1.5251962127575889,-0.396239620964562,-0.404365943111267,-1.177851894974348,-0.8524826259842462,-0.3041918912684436,-1.2979075915886182,-0.6849837281165926,-0.997471732522988,0.9011736694466097,-1.0161329645585022,0
-0.8043672005990544,0.9009088760241706,1.5251962127575889,-0.11148727414171267,-0.23538436605243465,0.9048055324001227,-0.7257958293968509,-1.461440576166749,-1.3482603050240614,-0.7996548742607882,-0.7394662468772634,1.6551708985811941,-1.0161329645585022,0
-1.143265377720465,0.9009088760241706,0.8491410419312149,-0.11516689794570158,-0.7423290972289317,0.9048055324001227,-0.7257958293968509,0.2744324511807092,-0.8447331706696268,-0.7996548742607882,-0.4814607612315388,0.20670253734896618,0.9841231756854657,0
-0.2960199349169384,-1.1099901739376037,-1.179024470547907,-0.10763393419247108,-0.06640278899360229,0.9048055324001227,-0.7257958293968509,1.4316811360790147,-0.005521280078902488,-0.7996548742607882,-0.997471732522988,0.6035431842619053,0.9841231756854657,0
-0.8043672005990544,0.9009088760241706,0.8491410419312149,-0.1017433776307206,-0.5733475201700994,0.9048055324001227,-0.7257958293968509,-1.461440576166749,0.001192415045823164,-0.7996548742607882,-0.7394662468772634,-1.4600281796853785,0.9841231756854657,0
-1.143265377720465,0.9009088760241706,0.8491410419312149,-0.39211781060902073,-0.911310674287764,-1.177851894974348,0.06599664927436881,0.853056793629862,-1.173704231781191,0.4617277333253637,-0.997471732522988,0.38528082845978884,0.9841231756854657,0
-0.8043672005990544,-1.1099901739376037,-0.502969299721533,-0.10220135655911407,-0.911310674287764,0.9048055324001227,-0.7257958293968509,1.4316811360790147,-1.3751150855229646,-0.7996548742607882,-0.4814607612315388,-0.24966420660091387,0.9841231756854657,0
-0.46546902347764374,0.9009088760241706,0.8491410419312149,-0.1118189140553769,-0.911310674287764,0.9048055324001227,-0.7257958293968509,-0.3041918912684436,1.5319149034833046,-0.7996548742607882,-0.4814607612315388,-0.38855843302044263,-1.0161329645585022,0
-0.9738162891597597,0.9009088760241706,-1.179024470547907,-0.3957816420361685,-0.911310674287764,-1.177851894974348,-0.9950052721450657,-0.8828162337175963,-0.005521280078902488,-0.9143260204049839,-0.7394662468772634,-2.7696023144980777,0.9841231756854657,0
-0.9738162891597597,-1.1099901739376037,0.8491410419312149,-0.219649263126777,-0.911310674287764,0.9048055324001227,-0.7257958293968509,-1.461440576166749,-1.4993184453303918,-0.6849837281165926,-0.7394662468772634,-0.09092794783573821,-1.0161329645585022,1
-0.2960199349169384,0.9009088760241706,-0.502969299721533,-0.10548617094207412,-0.404365943111267,0.9048055324001227,-0.7257958293968509,0.853056793629862,-1.2979075915886182,-0.7996548742607882,-0.997471732522988,0.6432272489531993,0.9841231756854657,0
-0.8043672005990544,-1.1099901739376037,0.8491410419312149,-0.11014492211021458,-0.911310674287764,0.9048055324001227,-0.7257958293968509,0.853056793629862,0.9981761410676039,-0.7996548742607882,-0.997471732522988,-0.686188918205147,-1.0161329645585022,0
-0.634918112038349,0.9009088760241706,-1.179024470547907,-0.5104658826566295,-0.404365943111267,-1.177851894974348,1.0161476236798326,-0.3041918912684436,1.0787404825643134,2.2964660716324943,-0.4814607612315388,0.782121475372728,-1.0161329645585022,1
-0.8043672005990544,-1.1099901739376037,-0.502969299721533,-0.3933180312489485,-0.404365943111267,-1.177851894974348,0.7786098800784667,-0.8828162337175963,0.830333762949459,1.379096902478929,-0.997471732522988,0.028124246238143545,0.9841231756854657,0
-0.9738162891597597,0.9009088760241706,-1.179024470547907,-0.1118189140553769,-0.911310674287764,0.9048055324001227,-0.7257958293968509,0.853056793629862,1.0787404825643134,-0.7996548742607882,-0.4814607612315388,-2.194183376474316,0.9841231756854657,0
-0.46546902347764374,0.9009088760241706,0.8491410419312149,-0.3886276953271257,-0.911310674287764,0.21058638994196582,0.12934004756806639,1.4316811360790147,-0.25392799969375696,0.5763988794695595,-0.7394662468772634,0.0479662785837905,-1.0161329645585022,0
-0.9738162891597597,-1.1099901739376037,1.5251962127575889,-0.2243238066717586,-0.911310674287764,0.9048055324001227,-0.7257958293968509,-0.8828162337175963,1.7937490133476108,-0.6849837281165926,-0.7394662468772634,0.6432272489531993,-1.0161329645585022,1
-0.8043672005990544,-1.1099901739376037,-0.502969299721533,-0.22773496006944788,-0.911310674287764,0.9048055324001227,-0.7257958293968509,-0.8828162337175963,0.6154955189582334,-0.6849837281165926,-0.997471732522988,0.6432272489531993,-1.0161329645585022,1
-0.9738162891597597,-1.1099901739376037,0.8491410419312149,-0.39287584469739617,-0.911310674287764,-1.177851894974348,-0.7257958293968509,0.853056793629862,0.830333762949459,-0.570312581972397,-0.4814607612315388,-1.8767108589439645,0.9841231756854657,0
-0.634918112038349,-1.1099901739376037,-1.179024470547907,-0.08729335282106461,-0.5733475201700994,0.9048055324001227,-0.7257958293968509,-0.3041918912684436,0.001192415045823164,-0.7996548742607882,-0.997471732522988,-1.7576586648700827,0.9841231756854657,0
-0.9738162891597597,-1.1099901739376037,0.8491410419312149,-0.09059395958086582,-0.911310674287764,0.9048055324001227,-0.7257958293968509,0.2744324511807092,-0.34120603631519225,-0.7996548742607882,-0.997471732522988,-2.134657279437375,0.9841231756854657,0
-0.634918112038349,0.9009088760241706,-0.502969299721533,-0.3942971586131,0.10257878806523006,-1.177851894974348,0.5410721364771007,-0.3041918912684436,-0.12972463988633004,1.1497546101905376,-0.997471732522988,-0.20998014190961997,0.9841231756854657,0
-0.634918112038349,-1.1099901739376037,-1.179024470547907,-0.3990664564191286,-0.7423290972289317,-1.177851894974348,-1.3156812260069097,-0.8828162337175963,0.11868207972852446,-1.3730106049817663,-0.4814607612315388,-3.067232799682782,0.9841231756854657,0
-0.9738162891597597,0.9009088760241706,-1.179024470547907,-0.09327866364386202,-0.7423290972289317,0.9048055324001227,-0.7257958293968509,1.4316811360790147,-1.1233515183457474,-0.7996548742607882,-0.7394662468772634,-0.30919030363785477,0.9841231756854657,0
-0.46546902347764374,-1.1099901739376037,0.8491410419312149,-0.07522797691442289,-0.23538436605243465,0.9048055324001227,-0.7257958293968509,-0.8828162337175963,-1.1804179269059165,-0.7996548742607882,-0.7394662468772634,0.6432272489531993,-1.0161329645585022,0
-0.46546902347764374,-1.1099901739376037,-0.502969299721533,-0.07260644235879131,0.10257878806523006,0.9048055324001227,-0.7257958293968509,-1.461440576166749,0.001192415045823164,-0.7996548742607882,-0.997471732522988,0.6035431842619053,-1.0161329645585022,0
-0.9738162891597597,-1.1099901739376037,-1.179024470547907,-0.06418910550245618,-0.7423290972289317,0.9048055324001227,-0.7257958293968509,1.4316811360790147,0.5651428055227898,-0.7996548742607882,-0.7394662468772634,0.26622863438590705,0.9841231756854657,0
-0.46546902347764374,0.9009088760241706,-0.502969299721533,-0.06570517367920697,-0.5733475201700994,0.9048055324001227,-0.7257958293968509,1.4316811360790147,-1.173704231781191,-0.7996548742607882,-0.997471732522988,-0.26950623894656084,0.9841231756854657,0
-0.46546902347764374,0.9009088760241706,-1.179024470547907,-0.051097225101139454,-0.404365943111267,0.9048055324001227,-0.7257958293968509,-0.3041918912684436,-0.08944246913797492,-0.7996548742607882,-0.7394662468772634,0.10749237562073138,0.9841231756854657,0
-0.8043672005990544,0.9009088760241706,-0.502969299721533,-0.05258170852420793,-0.911310674287764,0.9048055324001227,-0.7257958293968509,-0.8828162337175963,0.7464125738903866,-0.7996548742607882,-0.4814607612315388,0.6432272489531993,-1.0161329645585022,0
-0.9738162891597597,0.9009088760241706,-0.502969299721533,-0.053592420642041796,-0.911310674287764,0.9048055324001227,-0.7257958293968509,-1.461440576166749,-1.0964967378468442,-0.7996548742607882,-0.7394662468772634,0.5241750548793175,-1.0161329645585022,0
-0.8043672005990544,-1.1099901739376037,0.8491410419312149,-0.39488147655622274,-0.911310674287764,-1.177851894974348,0.7786098800784667,-0.8828162337175963,0.15896425047687956,1.379096902478929,-0.997471732522988,-0.13061201252703214,0.9841231756854657,0
-0.634918112038349,-1.1099901739376037,1.5251962127575889,-0.04820722013920825,-0.911310674287764,0.9048055324001227,-0.7257958293968509,-0.8828162337175963,-0.5661148229935064,-0.7996548742607882,-0.4814607612315388,-0.22982217425526694,0.9841231756854657,0
-0.8043672005990544,0.9009088760241706,-1.179024470547907,-0.04121119719857699,-0.911310674287764,0.9048055324001227,-0.7257958293968509,-0.8828162337175963,-0.34120603631519225,-0.9143260204049839,-0.4814607612315388,0.9408577341379036,0.9841231756854657,0
-0.46546902347764374,-1.1099901739376037,1.5251962127575889,-0.03451522941792766,-0.911310674287764,0.9048055324001227,-0.7257958293968509,-0.8828162337175963,1.451350561986595,-0.9143260204049839,-0.4814607612315388,1.3972244780877838,-1.0161329645585022,0
-0.46546902347764374,0.9009088760241706,0.8491410419312149,-0.396034320065627,-0.06640278899360229,-1.177851894974348,-0.5674373336626071,-0.8828162337175963,0.27645391515958084,-0.34097028968400567,-0.997471732522988,-0.13061201252703214,0.9841231756854657,0
-0.634918112038349,-1.1099901739376037,1.5251962127575889,-0.02406067594908366,-0.5733475201700994,0.9048055324001227,-0.7257958293968509,1.4316811360790147,0.2865244578466693,-0.9143260204049839,-0.997471732522988,0.20670253734896618,0.9841231756854657,0
-1.143265377720465,0.9009088760241706,1.5251962127575889,-0.028450956710924492,-0.911310674287764,0.9048055324001227,-0.7257958293968509,0.853056793629862,-1.6705176710108995,-0.9143260204049839,-0.4814607612315388,-0.22982217425526694,0.9841231756854657,0
-0.2960199349169384,0.9009088760241706,-1.179024470547907,-0.3975030111118543,0.4405419421828948,-1.177851894974348,-0.8841543251310949,-0.3041918912684436,0.9780350556934264,-0.7996548742607882,-0.997471732522988,1.3972244780877838,0.9841231756854657,0
-0.634918112038349,-1.1099901739376037,-0.502969299721533,-0.02622423157632177,-0.5733475201700994,0.9048055324001227,-0.7257958293968509,-1.461440576166749,-1.0427871768490378,-0.9143260204049839,-0.4814607612315388,0.7225953783357871,-1.0161329645585022,0
-0.46546902347764374,0.9009088760241706,-0.502969299721533,-0.39202305634797385,-0.23538436605243465,0.21058638994196582,0.06599664927436881,0.853056793629862,0.6255660616453219,0.4617277333253637,-0.997471732522988,1.0202258635204915,0.9841231756854657,0
-0.8043672005990544,0.9009088760241706,0.8491410419312149,-0.39306535321949,-0.911310674287764,-1.177851894974348,-1.042512820865339,0.853056793629862,-1.328119219649884,-1.0289971665491795,-0.7394662468772634,-0.051243883144444294,-1.0161329645585022,0
-0.2960199349169384,0.9009088760241706,-0.502969299721533,-0.015595961962225069,0.2715603651240624,0.9048055324001227,-0.7257958293968509,0.853056793629862,-1.6839450612603513,-0.9143260204049839,-0.7394662468772634,-0.5472946917856183,0.9841231756854657,0
-0.9738162891597597,-1.1099901739376037,0.8491410419312149,-0.012611202739246947,-0.5733475201700994,0.9048055324001227,-0.7257958293968509,-0.8828162337175963,0.16232109803924238,-0.9143260204049839,-0.7394662468772634,-0.8052411122790287,0.9841231756854657,0
-0.46546902347764374,-1.1099901739376037,0.8491410419312149,-0.12489500207985249,-0.404365943111267,0.9048055324001227,-0.7257958293968509,0.2744324511807092,1.5486991412951188,-0.7996548742607882,-0.7394662468772634,-0.3488743683291487,-1.0161329645585022,1
-0.9738162891597597,-1.1099901739376037,-1.179024470547907,-0.38970157695232416,-0.911310674287764,-1.177851894974348,-0.8841543251310949,-0.8828162337175963,0.27645391515958084,-0.7996548742607882,-0.7394662468772634,-0.40840046536608954,0.9841231756854657,0
-0.46546902347764374,0.9009088760241706,0.8491410419312149,-0.3988769478970347,-0.06640278899360229,-1.177851894974348,-0.8841543251310949,-1.461440576166749,-0.811164695045998,-0.7996548742607882,-0.7394662468772634,0.10749237562073138,-1.0161329645585022,0
-0.9738162891597597,0.9009088760241706,0.8491410419312149,-0.3908386280848873,-0.911310674287764,-1.177851894974348,-0.4090788379283631,1.4316811360790147,-0.6936750303632967,-0.11162799739561437,-0.7394662468772634,0.028124246238143545,0.9841231756854657,0
-0.8043672005990544,0.9009088760241706,0.8491410419312149,-0.5098973570903479,-0.5733475201700994,-1.177851894974348,1.0161476236798326,1.4316811360790147,1.092167872813765,2.2964660716324943,-0.7394662468772634,0.028124246238143545,-1.0161329645585022,1
-0.46546902347764374,0.9009088760241706,-1.179024470547907,-0.39609748957299157,-0.404365943111267,-1.177851894974348,-0.5753552584493192,0.2744324511807092,-1.0964967378468442,-0.34097028968400567,-0.997471732522988,1.1988041546313142,-1.0161329645585022,0
-0.8043672005990544,0.9009088760241706,-0.502969299721533,-0.014427326075979666,-0.911310674287764,0.9048055324001227,-0.7257958293968509,1.4316811360790147,-1.8752853723150364,-0.9143260204049839,-0.997471732522988,0.6432272489531993,0.9841231756854657,0
-0.9738162891597597,0.9009088760241706,1.5251962127575889,-0.39546579449934544,-0.404365943111267,-1.177851894974348,0.7865278048651788,-0.8828162337175963,0.27645391515958084,1.4937680486231246,-0.4814607612315388,-0.8846092416616166,0.9841231756854657,0
-0.8043672005990544,-1.1099901739376037,0.8491410419312149,-0.01239010946347079,-0.5733475201700994,0.9048055324001227,-0.7257958293968509,0.2744324511807092,0.9981761410676039,-0.9143260204049839,-0.997471732522988,-0.44808453005738347,0.9841231756854657,0
-0.9738162891597597,0.9009088760241706,-0.502969299721533,-0.3934917473942012,-0.911310674287764,-1.177851894974348,-0.2507203421941191,-0.8828162337175963,0.5114332445249834,0.1177142948927768,-0.7394662468772634,-0.5869787564769122,0.9841231756854657,0
-1.143265377720465,0.9009088760241706,-0.502969299721533,-0.12538456576192827,-0.911310674287764,0.9048055324001227,-0.7257958293968509,0.2744324511807092,1.0787404825643134,-0.7996548742607882,-0.7394662468772634,1.6551708985811941,-1.0161329645585022,1
-0.46546902347764374,-1.1099901739376037,-0.502969299721533,-0.39500781557095194,-0.5733475201700994,-1.177851894974348,-1.01084112171849,-1.461440576166749,-1.0964967378468442,-0.9143260204049839,-0.7394662468772634,0.5638591195706114,0.9841231756854657,0
-0.2960199349169384,0.9009088760241706,0.8491410419312149,-0.39609748957299157,-0.404365943111267,-1.177851894974348,-1.2800505644667048,-1.461440576166749,-1.328119219649884,-1.2583394588375707,-0.997471732522988,1.0995939929030794,0.9841231756854657,0
-0.8043672005990544,-1.1099901739376037,-1.179024470547907,-0.39308114559633117,-0.911310674287764,-1.177851894974348,0.05411976209430051,-0.8828162337175963,0.15896425047687956,0.4617277333253637,-0.997471732522988,-0.8052411122790287,0.9841231756854657,0
-0.634918112038349,0.9009088760241706,-0.502969299721533,-0.01753842431368702,-0.7423290972289317,0.9048055324001227,-0.7257958293968509,-0.3041918912684436,-0.25392799969375696,-0.9143260204049839,-0.997471732522988,-0.8052411122790287,-1.0161329645585022,0
-0.8043672005990544,-1.1099901739376037,-1.179024470547907,-0.012437486593994252,-0.911310674287764,0.9048055324001227,-0.7257958293968509,-0.8828162337175963,0.8269769153870962,-0.9143260204049839,-0.997471732522988,0.06780831092943747,0.9841231756854657,0
-0.9738162891597597,0.9009088760241706,1.5251962127575889,-0.12836932498490639,-0.5733475201700994,0.9048055324001227,-0.7257958293968509,-0.8828162337175963,0.03476089066945202,-0.7996548742607882,-0.7394662468772634,0.18686050500331922,-1.0161329645585022,1
-0.8043672005990544,-1.1099901739376037,1.5251962127575889,-0.3960501124424681,-0.911310674287764,0.21058638994196582,-0.2507203421941191,1.4316811360790147,0.6154955189582334,0.1177142948927768,-0.997471732522988,0.4249648931510827,-1.0161329645585022,0
-0.46546902347764374,-1.1099901739376037,1.5251962127575889,-0.39996662189907434,0.2715603651240624,-1.177851894974348,-1.090020369585612,-0.3041918912684436,0.001192415045823164,-1.0289971665491795,-0.4814607612315388,-0.22982217425526694,0.9841231756854657,0
-0.8043672005990544,0.9009088760241706,0.8491410419312149,-0.5087287212041025,-0.7423290972289317,-1.177851894974348,-0.2507203421941191,0.2744324511807092,1.0418151593783211,0.3470565871811683,-0.7394662468772634,0.286070666731554,-1.0161329645585022,1
-0.8043672005990544,-1.1099901739376037,-0.502969299721533,-0.3906333271859523,-0.5733475201700994,-1.177851894974348,0.06599664927436881,0.2744324511807092,0.4040141225293712,0.4617277333253637,-0.997471732522988,1.734539027963782,-1.0161329645585022,0
-0.8043672005990544,0.9009088760241706,-1.179024470547907,-0.3957816420361685,-0.911310674287764,0.21058638994196582,-0.4090788379283631,0.2744324511807092,-0.46205254856025635,-0.11162799739561437,-0.7394662468772634,-0.13061201252703214,0.9841231756854657,0
-0.9738162891597597,0.9009088760241706,-1.179024470547907,-0.39439191287414693,-0.5733475201700994,-1.177851894974348,-0.7257958293968509,-0.8828162337175963,-1.0092187012254088,-0.570312581972397,-0.7394662468772634,0.8813316371009629,-1.0161329645585022,0
-0.8043672005990544,0.9009088760241706,1.5251962127575889,0.004570903263928698,-0.911310674287764,0.9048055324001227,-0.7257958293968509,1.4316811360790147,-0.2069321338206762,-0.9143260204049839,-0.7394662468772634,0.6630692812988462,0.9841231756854657,0
-0.2960199349169384,-1.1099901739376037,1.5251962127575889,-0.39669759989295544,-0.06640278899360229,-1.177851894974348,0.38271364074285674,1.4316811360790147,0.001192415045823164,0.9204123179021463,-0.7394662468772634,-0.7457150152420878,0.9841231756854657,0
-0.634918112038349,0.9009088760241706,-1.179024470547907,-0.39238628101532036,-0.404365943111267,-1.177851894974348,-0.06069014731302636,-0.8828162337175963,0.2965950005337584,0.3470565871811683,-0.7394662468772634,-0.7060309505507939,0.9841231756854657,0
-0.2960199349169384,0.9009088760241706,-1.179024470547907,-0.3882170935292557,-0.5733475201700994,-1.177851894974348,-0.8326878140174657,0.2744324511807092,0.001192415045823164,-0.6849837281165926,-0.4814607612315388,1.774223092655076,-1.0161329645585022,0
-0.634918112038349,-1.1099901739376037,-1.179024470547907,-0.5059176781263771,-0.911310674287764,-1.177851894974348,0.38271364074285674,-0.8828162337175963,1.0418151593783211,1.2644257563347332,-0.997471732522988,-0.03140185079879733,-1.0161329645585022,1
-0.634918112038349,-1.1099901739376037,1.5251962127575889,0.025558972085822477,-0.911310674287764,0.9048055324001227,-0.7257958293968509,-0.8828162337175963,0.001192415045823164,-0.9143260204049839,-0.4814607612315388,-0.11076998018138517,-1.0161329645585022,0
-0.9738162891597597,0.9009088760241706,-1.179024470547907,0.037419047093529195,-0.911310674287764,0.9048055324001227,-0.7257958293968509,-1.461440576166749,-1.0964967378468442,-0.9143260204049839,-0.4814607612315388,0.4448069254967297,0.9841231756854657,0
-0.2960199349169384,-1.1099901739376037,-0.502969299721533,0.03223914748963065,-0.7423290972289317,0.9048055324001227,-0.7257958293968509,0.2744324511807092,0.3939435798422821,-0.9143260204049839,-0.7394662468772634,0.305912699077201,0.9841231756854657,0
-0.46546902347764374,-1.1099901739376037,-0.502969299721533,-0.38496386389997794,0.10257878806523006,-1.177851894974348,1.1745061194140765,1.4316811360790147,0.2965950005337584,1.952452633199907,-0.997471732522988,-0.32903233598350173,0.9841231756854657,0
-0.8043672005990544,0.9009088760241706,1.5251962127575889,0.03129160487916141,-0.5733475201700994,0.9048055324001227,-0.7257958293968509,0.853056793629862,0.2865244578466693,-0.9143260204049839,-0.4814607612315388,0.6035431842619053,-1.0161329645585022,0
-0.634918112038349,-1.1099901739376037,-0.502969299721533,-0.3887382419650138,-0.23538436605243465,-1.177851894974348,-0.9474977234247925,1.4316811360790147,0.001192415045823164,-0.7996548742607882,-0.997471732522988,0.7225953783357871,-1.0161329645585022,0
-0.8043672005990544,0.9009088760241706,-1.179024470547907,-0.3948183070488581,-0.7423290972289317,-1.177851894974348,1.1349164954805155,-0.8828162337175963,0.5114332445249834,1.952452633199907,-0.7394662468772634,0.26622863438590705,0.9841231756854657,0
-0.2960199349169384,-1.1099901739376037,0.8491410419312149,-0.39153349266589804,0.4405419421828948,-1.177851894974348,-0.2903099661276801,0.2744324511807092,0.5114332445249834,0.003043148748581378,-0.4814607612315388,-0.051243883144444294,0.9841231756854657,0
-0.9738162891597597,0.9009088760241706,-1.179024470547907,0.041588234579593875,-0.5733475201700994,0.9048055324001227,-0.7257958293968509,0.853056793629862,-0.34120603631519225,-0.9143260204049839,-0.7394662468772634,0.6829113136444932,-1.0161329645585022,0
-0.634918112038349,-1.1099901739376037,-1.179024470547907,0.054506398835657915,-0.911310674287764,0.9048055324001227,-0.7257958293968509,1.4316811360790147,-0.005521280078902488,-0.9143260204049839,-0.997471732522988,-0.8647672093159696,-1.0161329645585022,0
-0.8043672005990544,0.9009088760241706,-0.502969299721533,-0.03768949716299963,-0.911310674287764,0.9048055324001227,-0.7257958293968509,-1.461440576166749,1.6729025011025462,-0.9143260204049839,-0.997471732522988,0.06780831092943747,-1.0161329645585022,1
-0.634918112038349,0.9009088760241706,-0.502969299721533,0.07816337934370673,-0.911310674287764,0.9048055324001227,-0.7257958293968509,-1.461440576166749,-0.21028898138303903,-0.9143260204049839,-0.4814607612315388,0.22654456969461315,-1.0161329645585022,0
-0.46546902347764374,0.9009088760241706,0.8491410419312149,0.08318535517919373,-0.7423290972289317,0.9048055324001227,-0.7257958293968509,-0.8828162337175963,0.23617174441122635,-0.9143260204049839,-0.7394662468772634,1.694854963272488,-1.0161329645585022,0
-0.2960199349169384,0.9009088760241706,1.5251962127575889,0.07412053087237129,-0.404365943111267,0.9048055324001227,-0.7257958293968509,0.853056793629862,0.001192415045823164,-0.9143260204049839,-0.7394662468772634,0.7622794430270811,-1.0161329645585022,0
-0.8043672005990544,-1.1099901739376037,0.8491410419312149,-0.21236897740300498,-0.911310674287764,0.9048055324001227,-0.7257958293968509,0.2744324511807092,1.8407448792206904,-0.6849837281165926,-0.4814607612315388,0.22654456969461315,-1.0161329645585022,1
-0.8043672005990544,0.9009088760241706,-1.179024470547907,-0.38998583973546497,-0.911310674287764,0.21058638994196582,-0.5040939353689095,0.853056793629862,0.001192415045823164,-0.2262991435398101,-0.7394662468772634,-0.2893482712922078,0.9841231756854657,0
-0.2960199349169384,-1.1099901739376037,-1.179024470547907,0.07909512957733482,0.2715603651240624,0.9048055324001227,-0.7257958293968509,-0.8828162337175963,2.142861159833352,-0.9143260204049839,-0.997471732522988,0.6432272489531993,0.9841231756854657,0
-0.9738162891597597,-1.1099901739376037,1.5251962127575889,0.08951809829249652,-0.911310674287764,0.9048055324001227,-0.7257958293968509,1.4316811360790147,0.04483143335654109,-0.9143260204049839,-0.4814607612315388,0.305912699077201,-1.0161329645585022,0
-0.9738162891597597,0.9009088760241706,-1.179024470547907,0.1013939656770444,-0.911310674287764,0.9048055324001227,-0.7257958293968509,0.2744324511807092,0.001192415045823164,-0.9143260204049839,-0.7394662468772634,0.9011736694466097,-1.0161329645585022,0
-0.8043672005990544,0.9009088760241706,1.5251962127575889,-0.19510790951562354,-0.911310674287764,0.9048055324001227,-0.7257958293968509,0.2744324511807092,1.4110683912382405,-0.7996548742607882,-0.997471732522988,-0.5076106270943244,-1.0161329645585022,1
-0.9738162891597597,0.9009088760241706,0.8491410419312149,0.10366806794217058,-0.5733475201700994,0.9048055324001227,-0.7257958293968509,1.4316811360790147,0.665848232393677,-0.9143260204049839,-0.4814607612315388,-2.650550120424196,0.9841231756854657,0
-0.9738162891597597,0.9009088760241706,0.8491410419312149,-0.5060598095179475,-0.911310674287764,-1.177851894974348,-0.7257958293968509,1.4316811360790147,2.4181226599471097,-0.45564143582820127,-0.4814607612315388,-0.20998014190961997,-1.0161329645585022,1
-0.2960199349169384,-1.1099901739376037,-0.502969299721533,0.11830760127392041,-0.7423290972289317,0.9048055324001227,-0.7257958293968509,1.4316811360790147,-1.1804179269059165,-0.9143260204049839,-0.4814607612315388,-1.2417658238832618,-1.0161329645585022,0
-0.9738162891597597,0.9009088760241706,0.8491410419312149,-0.3907280814469992,-0.911310674287764,-1.177851894974348,-0.3496944020280216,-0.8828162337175963,-0.5661148229935064,-0.11162799739561437,-0.4814607612315388,-0.44808453005738347,0.9841231756854657,0
-0.9738162891597597,-1.1099901739376037,-0.502969299721533,0.11762852906975078,-0.911310674287764,0.9048055324001227,-0.7257958293968509,0.2744324511807092,0.16232109803924238,-0.9143260204049839,-0.7394662468772634,-1.9560789883265524,0.9841231756854657,0
-0.2960199349169384,-1.1099901739376037,0.8491410419312149,-0.5093604162777486,0.10257878806523006,-1.177851894974348,-0.7257958293968509,-1.461440576166749,0.8941138666343539,-0.45564143582820127,-0.7394662468772634,-1.3211339532658497,-1.0161329645585022,1
-0.9738162891597597,-1.1099901739376037,1.5251962127575889,0.11650727031402885,-0.911310674287764,0.9048055324001227,-0.7257958293968509,0.853056793629862,0.001192415045823164,-0.9143260204049839,-0.7394662468772634,0.7027533459901402,0.9841231756854657,0
-0.634918112038349,0.9009088760241706,-0.502969299721533,0.12047115690115853,-0.7423290972289317,0.9048055324001227,-0.7257958293968509,0.2744324511807092,0.001192415045823164,-0.9143260204049839,-0.7394662468772634,0.5638591195706114,-1.0161329645585022,0
-0.8043672005990544,-1.1099901739376037,0.8491410419312149,-0.3955447563835512,-0.06640278899360229,-1.177851894974348,-0.2507203421941191,-0.8828162337175963,-0.16664996307232172,0.1177142948927768,-0.4814607612315388,-1.202081759191968,0.9841231756854657,0
-0.46546902347764374,0.9009088760241706,-0.502969299721533,-0.16593938949001197,-0.404365943111267,0.9048055324001227,-0.7257958293968509,0.2744324511807092,0.9780350556934264,-0.7996548742607882,-0.4814607612315388,-0.9639773710442044,-1.0161329645585022,1
-0.634918112038349,0.9009088760241706,0.8491410419312149,0.13893244542846764,-0.06640278899360229,0.9048055324001227,-0.7257958293968509,-1.461440576166749,-0.6701770974267564,-0.9143260204049839,-0.997471732522988,0.46464895784237664,-1.0161329645585022,0
-0.634918112038349,-1.1099901739376037,-1.179024470547907,0.1444913620765539,-0.5733475201700994,0.9048055324001227,-0.7257958293968509,-0.3041918912684436,0.665848232393677,-0.9143260204049839,-0.4814607612315388,0.5440170872249644,0.9841231756854657,0
-0.634918112038349,-1.1099901739376037,-0.502969299721533,0.15447214424016328,-0.23538436605243465,0.9048055324001227,-0.7257958293968509,0.2744324511807092,0.001192415045823164,-0.9143260204049839,-0.4814607612315388,1.4765926074703717,0.9841231756854657,0
-0.2960199349169384,0.9009088760241706,0.8491410419312149,0.16756402464148,-0.23538436605243465,0.9048055324001227,-0.7257958293968509,1.4316811360790147,0.11868207972852446,-0.9143260204049839,-0.997471732522988,0.028124246238143545,0.9841231756854657,0
-0.8043672005990544,0.9009088760241706,-1.179024470547907,0.17539704355469243,-0.7423290972289317,0.9048055324001227,-0.7257958293968509,1.4316811360790147,0.001192415045823164,-1.0289971665491795,-0.7394662468772634,0.3455967637684949,0.9841231756854657,0
-0.634918112038349,-1.1099901739376037,0.8491410419312149,-0.3960185276887858,-0.404365943111267,-0.4836327525161911,-0.3298995900612411,0.2744324511807092,-0.901799579229796,0.003043148748581378,-0.7394662468772634,-1.0235034680811452,0.9841231756854657,0
-0.46546902347764374,0.9009088760241706,-0.502969299721533,-0.39587639629721544,-0.404365943111267,-1.177851894974348,-0.3298995900612411,-0.8828162337175963,-1.0092187012254088,0.003043148748581378,-0.7394662468772634,1.0599099282117854,-1.0161329645585022,0
-0.8043672005990544,0.9009088760241706,-1.179024470547907,0.05486962350300446,-0.911310674287764,0.9048055324001227,-0.7257958293968509,0.853056793629862,-1.1804179269059165,-0.9143260204049839,-0.997471732522988,0.6233852166075523,-1.0161329645585022,1
-0.8043672005990544,-1.1099901739376037,1.5251962127575889,0.1738651830011005,-0.7423290972289317,0.9048055324001227,-0.7257958293968509,-0.8828162337175963,-1.1804179269059165,-1.0289971665491795,-0.7394662468772634,0.286070666731554,-1.0161329645585022,0
-0.9738162891597597,-1.1099901739376037,0.8491410419312149,0.177813277211389,-0.911310674287764,0.9048055324001227,-0.7257958293968509,1.4316811360790147,0.16232109803924238,-1.0289971665491795,-0.7394662468772634,-0.4877685947486774,0.9841231756854657,0
-0.9738162891597597,-1.1099901739376037,-0.502969299721533,0.17239649195487317,-0.23538436605243465,0.9048055324001227,-0.7257958293968509,1.4316811360790147,-0.005521280078902488,-0.9143260204049839,-0.997471732522988,0.8416475724096689,0.9841231756854657,0
-0.2960199349169384,0.9009088760241706,-1.179024470547907,-0.3909333823459342,0.10257878806523006,0.21058638994196582,-0.4090788379283631,0.2744324511807092,0.001192415045823164,-0.11162799739561437,-0.7394662468772634,-1.4203441149940845,0.9841231756854657,0
-0.9738162891597597,-1.1099901739376037,-0.502969299721533,-0.5084128736672794,-0.5733475201700994,0.21058638994196582,2.4413740852880284,-0.8828162337175963,1.7031141291638117,4.3605467022280155,-0.7394662468772634,1.0400678958661385,-1.0161329645585022,1
-0.8043672005990544,-1.1099901739376037,-0.502969299721533,-0.3842689993189672,-0.5733475201700994,0.21058638994196582,1.8079401023510524,1.4316811360790147,-0.41841353024953903,2.7551506562092767,-0.7394662468772634,-1.162397694500674,0.9841231756854657,0
-0.9738162891597597,0.9009088760241706,-1.179024470547907,0.17089621615496353,-0.911310674287764,0.9048055324001227,-0.7257958293968509,-1.461440576166749,-1.7510820125076092,-0.9143260204049839,-0.997471732522988,-0.5076106270943244,-1.0161329645585022,0
-0.46546902347764374,-1.1099901739376037,1.5251962127575889,-0.3931285227268546,-0.911310674287764,0.21058638994196582,-0.09236184645987515,-0.3041918912684436,0.007906110170548816,0.23238544103697253,-0.997471732522988,1.1789621222856672,0.9841231756854657,0
-0.46546902347764374,0.9009088760241706,1.5251962127575889,-0.39308114559633117,-0.5733475201700994,-1.177851894974348,-0.3298995900612411,1.4316811360790147,-0.2069321338206762,0.003043148748581378,-0.7394662468772634,0.9011736694466097,-1.0161329645585022,0
-0.634918112038349,-1.1099901739376037,-1.179024470547907,0.1752391197862809,0.10257878806523006,0.9048055324001227,-0.7257958293968509,0.853056793629862,0.25966967734776614,-1.0289971665491795,-0.997471732522988,0.782121475372728,-1.0161329645585022,0
-0.46546902347764374,-1.1099901739376037,-0.502969299721533,-0.3933180312489485,-0.23538436605243465,0.21058638994196582,-0.4882580857954851,-0.8828162337175963,-0.2438574570066685,-0.2262991435398101,-0.997471732522988,-0.26950623894656084,0.9841231756854657,0
-0.46546902347764374,-1.1099901739376037,1.5251962127575889,0.19281603521048538,-0.5733475201700994,0.9048055324001227,-0.7257958293968509,-1.461440576166749,-1.0427871768490378,-1.0289971665491795,-0.7394662468772634,0.9606997664835506,0.9841231756854657,0
-0.46546902347764374,0.9009088760241706,1.5251962127575889,0.19741161687126121,0.10257878806523006,0.9048055324001227,-0.7257958293968509,-1.461440576166749,-0.707102420612748,-1.0289971665491795,-0.997471732522988,0.4844909901880236,-1.0161329645585022,0
-0.46546902347764374,-1.1099901739376037,1.5251962127575889,0.20353905908562903,-0.5733475201700994,0.9048055324001227,-0.7257958293968509,-0.3041918912684436,-0.46205254856025635,-1.0289971665491795,-0.997471732522988,0.40512286080543575,-1.0161329645585022,0
-0.46546902347764374,0.9009088760241706,-1.179024470547907,-0.38580085987255913,-0.23538436605243465,-1.177851894974348,-0.09236184645987515,-0.8828162337175963,-1.7510820125076092,0.23238544103697253,-0.4814607612315388,0.5241750548793175,-1.0161329645585022,0
-0.46546902347764374,0.9009088760241706,-0.502969299721533,0.20118599493629705,-0.5733475201700994,0.9048055324001227,-0.7257958293968509,-1.461440576166749,0.5114332445249834,-1.0289971665491795,-0.7394662468772634,-0.17029607721832604,0.9841231756854657,0
-0.46546902347764374,-1.1099901739376037,0.8491410419312149,0.22917008669882208,0.10257878806523006,0.9048055324001227,-0.7257958293968509,-1.461440576166749,-1.1233515183457474,-1.0289971665491795,-0.7394662468772634,0.286070666731554,-1.0161329645585022,0
-1.143265377720465,0.9009088760241706,1.5251962127575889,-0.387427474687198,-0.911310674287764,-1.177851894974348,0.33520609202258356,0.853056793629862,-0.08944246913797492,0.8057411717579506,-0.997471732522988,0.9408577341379036,-1.0161329645585022,0
-0.634918112038349,0.9009088760241706,-0.502969299721533,0.24384120478425422,-0.5733475201700994,0.9048055324001227,-0.7257958293968509,-0.3041918912684436,-1.0964967378468442,-1.0289971665491795,-0.7394662468772634,0.5043330225336705,0.9841231756854657,0
-0.2960199349169384,0.9009088760241706,-1.179024470547907,-0.5023012238297528,-0.06640278899360229,-1.177851894974348,-0.8841543251310949,0.2744324511807092,1.357358830240434,-0.6849837281165926,-0.7394662468772634,-0.09092794783573821,-1.0161329645585022,1
-0.8043672005990544,-1.1099901739376037,-1.179024470547907,0.2689984610922127,-0.911310674287764,0.9048055324001227,-0.7257958293968509,1.4316811360790147,0.4745079213389917,-1.0289971665491795,-0.4814607612315388,-2.5116558940046674,0.9841231756854657,0
-0.8043672005990544,-1.1099901739376037,-1.179024470547907,-0.38458484685579025,-0.7423290972289317,-1.177851894974348,-0.765385453330412,-0.8828162337175963,0.4040141225293712,-0.570312581972397,-0.4814607612315388,-0.46792656240303043,0.9841231756854657,0
-0.634918112038349,0.9009088760241706,-0.502969299721533,0.15137683837929708,0.10257878806523006,0.9048055324001227,-0.7257958293968509,-0.8828162337175963,1.4312094766124175,-0.9143260204049839,-0.4814607612315388,0.4844909901880236,-1.0161329645585022,1
-0.9738162891597597,-1.1099901739376037,0.8491410419312149,0.15826231468204024,-0.911310674287764,0.9048055324001227,-0.7257958293968509,-1.461440576166749,0.8336906105118219,-0.9143260204049839,-0.4814607612315388,-0.051243883144444294,-1.0161329645585022,1
-0.8043672005990544,0.9009088760241706,-0.502969299721533,-0.3863851778156818,-0.5733475201700994,-1.177851894974348,1.7287608544839304,-1.461440576166749,-0.5896127559300467,2.640479510065081,-0.997471732522988,-0.17029607721832604,-1.0161329645585022,0
-0.8043672005990544,0.9009088760241706,-1.179024470547907,-0.49876373141733427,-0.404365943111267,-1.177851894974348,-1.002923196931778,0.853056793629862,0.001192415045823164,-0.7996548742607882,-0.4814607612315388,-0.38855843302044263,-1.0161329645585022,1
-0.8043672005990544,0.9009088760241706,-1.179024470547907,0.2638343538651553,-0.7423290972289317,0.9048055324001227,-0.7257958293968509,0.853056793629862,-1.8752853723150364,-1.0289971665491795,-0.997471732522988,0.6035431842619053,0.9841231756854657,0
-0.8043672005990544,0.9009088760241706,-1.179024470547907,-0.3920862258553385,-0.911310674287764,-1.177851894974348,-0.6386986567430168,-0.8828162337175963,1.4647779522360462,-0.45564143582820127,-0.7394662468772634,0.0479662785837905,0.9841231756854657,0
-0.8043672005990544,-1.1099901739376037,0.8491410419312149,-0.05717729018498378,-0.911310674287764,0.9048055324001227,-0.7257958293968509,0.2744324511807092,1.286865031430813,-0.7996548742607882,-0.4814607612315388,0.5638591195706114,-1.0161329645585022,1
-0.8043672005990544,-1.1099901739376037,-1.179024470547907,-0.5001060834488323,-0.06640278899360229,-1.177851894974348,-1.0741845200121878,-0.8828162337175963,0.6255660616453219,-0.9143260204049839,-0.4814607612315388,0.4844909901880236,-1.0161329645585022,1
-0.634918112038349,0.9009088760241706,-0.502969299721533,-0.3875222289482449,-0.7423290972289317,-1.177851894974348,0.06599664927436881,0.2744324511807092,-1.6839450612603513,0.4617277333253637,-0.997471732522988,0.821805540064022,-1.0161329645585022,0
-0.634918112038349,0.9009088760241706,-0.502969299721533,0.2878703514173918,-0.5733475201700994,0.9048055324001227,-0.7257958293968509,0.2744324511807092,-1.8752853723150364,-1.0289971665491795,-0.7394662468772634,-1.5989224061049072,0.9841231756854657,0
-0.8043672005990544,0.9009088760241706,-0.502969299721533,-0.3933338236257896,-0.404365943111267,-1.177851894974348,-0.5674373336626071,0.853056793629862,-1.7510820125076092,-0.34097028968400567,-0.997471732522988,-0.6465048535138531,0.9841231756854657,0
-1.143265377720465,-1.1099901739376037,-0.502969299721533,-0.38562714372730644,-0.911310674287764,-1.177851894974348,-0.7257958293968509,-0.8828162337175963,-0.37813135950118393,-0.570312581972397,-0.4814607612315388,0.38528082845978884,0.9841231756854657,0
-0.634918112038349,0.9009088760241706,1.5251962127575889,0.33150468862950055,-0.06640278899360229,0.9048055324001227,-0.7257958293968509,-0.3041918912684436,1.7937490133476108,-1.0289971665491795,-0.7394662468772634,-0.6068207888225592,-1.0161329645585022,0
-0.9738162891597597,0.9009088760241706,-1.179024470547907,0.36496873515590605,-0.911310674287764,0.9048055324001227,-0.7257958293968509,1.4316811360790147,0.4107278176540969,-1.0289971665491795,-0.7394662468772634,-0.09092794783573821,0.9841231756854657,0
-0.2960199349169384,0.9009088760241706,-0.502969299721533,0.14172769612935193,-0.06640278899360229,0.9048055324001227,-0.7257958293968509,-0.8828162337175963,1.4446368668618692,-0.9143260204049839,-0.997471732522988,0.5837011519162584,-1.0161329645585022,1
-0.8043672005990544,0.9009088760241706,-1.179024470547907,-0.38373205850636793,-0.7423290972289317,0.21058638994196582,0.6994306322113446,-0.8828162337175963,1.2465828606824585,1.2644257563347332,-0.997471732522988,-0.9242933063529105,0.9841231756854657,0
-0.2960199349169384,-1.1099901739376037,0.8491410419312149,-0.4993796341141393,-0.23538436605243465,-1.177851894974348,0.8973787518791496,0.2744324511807092,1.357358830240434,2.0671237793441026,-0.4814607612315388,0.2463866020402601,-1.0161329645585022,1
-0.8043672005990544,-1.1099901739376037,0.8491410419312149,0.36188922167188103,-0.7423290972289317,0.9048055324001227,-0.7257958293968509,-0.8828162337175963,0.19253272610050842,-1.0289971665491795,-0.4814607612315388,-0.3488743683291487,-1.0161329645585022,0
-1.143265377720465,-1.1099901739376037,1.5251962127575889,-0.3839057746516206,-0.911310674287764,-1.177851894974348,-0.5674373336626071,0.2744324511807092,-1.6705176710108995,-0.34097028968400567,-0.4814607612315388,0.20670253734896618,0.9841231756854657,0
-0.8043672005990544,0.9009088760241706,0.8491410419312149,-0.3793733624982094,-0.7423290972289317,0.21058638994196582,0.6994306322113446,-0.8828162337175963,-1.0427871768490378,1.2644257563347332,-0.7394662468772634,0.20670253734896618,-1.0161329645585022,0
-0.8043672005990544,-1.1099901739376037,-0.502969299721533,0.36970644820825227,-0.911310674287764,0.9048055324001227,-0.7257958293968509,1.4316811360790147,0.03476089066945202,-1.0289971665491795,-0.4814607612315388,1.0003838311748445,-1.0161329645585022,0
-0.8043672005990544,0.9009088760241706,-0.502969299721533,-0.3842689993189672,-0.911310674287764,-1.177851894974348,0.38271364074285674,1.4316811360790147,1.223084927745918,0.9204123179021463,-0.997471732522988,0.4844909901880236,-1.0161329645585022,0
-0.2960199349169384,-1.1099901739376037,-1.179024470547907,-0.37702029834887746,-0.5733475201700994,-1.177851894974348,0.06599664927436881,-0.8828162337175963,1.4312094766124175,0.4617277333253637,-0.7394662468772634,0.7424374106814341,-1.0161329645585022,0
-0.8043672005990544,-1.1099901739376037,-0.502969299721533,0.4240796016723458,-0.911310674287764,0.9048055324001227,-0.7257958293968509,1.4316811360790147,-0.005521280078902488,-1.0289971665491795,-0.4814607612315388,0.6829113136444932,0.9841231756854657,0
-0.8043672005990544,-1.1099901739376037,-0.502969299721533,-0.38227915983698174,-0.23538436605243465,-1.177851894974348,-1.042512820865339,0.2744324511807092,0.16232109803924238,-1.0289971665491795,-0.4814607612315388,0.7027533459901402,-1.0161329645585022,0
-0.8043672005990544,-1.1099901739376037,1.5251962127575889,-0.38479014775472525,-0.911310674287764,-1.177851894974348,0.06599664927436881,1.4316811360790147,1.7131846718509007,0.4617277333253637,-0.4814607612315388,0.5837011519162584,-1.0161329645585022,0
-0.46546902347764374,-1.1099901739376037,1.5251962127575889,-0.38043145174656673,-0.06640278899360229,-1.177851894974348,0.5410721364771007,0.2744324511807092,0.665848232393677,1.035083464046342,-0.4814607612315388,0.782121475372728,-1.0161329645585022,0
-0.46546902347764374,0.9009088760241706,1.5251962127575889,0.18926275042122573,-0.7423290972289317,0.9048055324001227,-0.7257958293968509,-1.461440576166749,2.0757242085860943,-1.0289971665491795,-0.7394662468772634,0.801963507718375,-1.0161329645585022,1
-0.2960199349169384,-1.1099901739376037,-0.502969299721533,0.45577490199254206,-0.23538436605243465,0.9048055324001227,-0.7257958293968509,0.853056793629862,1.934736610966852,-1.0289971665491795,-0.7394662468772634,-0.15045404487267908,0.9841231756854657,0
-0.8043672005990544,0.9009088760241706,-0.502969299721533,0.23204429928391213,-0.5733475201700994,0.9048055324001227,-0.7257958293968509,-0.3041918912684436,-1.4724636648314886,-1.0289971665491795,-0.4814607612315388,0.7424374106814341,-1.0161329645585022,1
-0.8043672005990544,0.9009088760241706,-0.502969299721533,0.4571646311545636,-0.911310674287764,0.9048055324001227,-0.7257958293968509,0.2744324511807092,1.6628319584154578,-1.0289971665491795,-0.7394662468772634,-0.9044512740072636,-1.0161329645585022,0
-0.634918112038349,0.9009088760241706,-1.179024470547907,0.45225320195696467,-0.5733475201700994,0.9048055324001227,-0.7257958293968509,-1.461440576166749,-0.1397951825734185,-1.0289971665491795,-0.997471732522988,0.8813316371009629,-1.0161329645585022,0
-0.634918112038349,-1.1099901739376037,-0.502969299721533,0.46152332716272215,-0.5733475201700994,0.9048055324001227,-0.7257958293968509,1.4316811360790147,-0.34120603631519225,-1.0289971665491795,-0.7394662468772634,0.32575473142284794,0.9841231756854657,0
-0.634918112038349,0.9009088760241706,0.8491410419312149,-0.38254763024328137,-0.404365943111267,-1.177851894974348,-0.3774071387815143,-1.461440576166749,-1.3751150855229646,-0.11162799739561437,-0.4814607612315388,-1.4401861473397315,0.9841231756854657,0
-0.46546902347764374,0.9009088760241706,0.8491410419312149,-0.3870800423966926,-0.7423290972289317,-1.177851894974348,0.8577891279455886,-0.3041918912684436,-1.7510820125076092,1.4937680486231246,-0.997471732522988,-0.686188918205147,0.9841231756854657,0
-1.143265377720465,-1.1099901739376037,0.8491410419312149,-0.4976266802847712,-0.911310674287764,-1.177851894974348,-0.5040939353689095,0.2744324511807092,-1.3751150855229646,-0.11162799739561437,-0.997471732522988,0.06780831092943747,-1.0161329645585022,1
-0.9738162891597597,0.9009088760241706,-0.502969299721533,0.45962824194178364,-0.911310674287764,0.9048055324001227,-0.7257958293968509,-0.8828162337175963,1.327147202179168,-1.0289971665491795,-0.4814607612315388,0.4448069254967297,-1.0161329645585022,0
-0.9738162891597597,0.9009088760241706,0.8491410419312149,-0.3819633123001587,-0.5733475201700994,-1.177851894974348,-1.2008713165995828,1.4316811360790147,-0.21700267650776528,-1.143668312693375,-0.997471732522988,-0.09092794783573821,-1.0161329645585022,0
-0.8043672005990544,-1.1099901739376037,1.5251962127575889,-0.382816100649581,-0.7423290972289317,0.21058638994196582,-1.359229812333827,0.2744324511807092,-0.4654093961226198,-1.3730106049817663,-0.4814607612315388,1.238488219322608,-1.0161329645585022,0
-0.46546902347764374,-1.1099901739376037,-0.502969299721533,0.2702302664858227,-0.7423290972289317,0.9048055324001227,-0.7257958293968509,-1.461440576166749,1.327147202179168,-1.0289971665491795,-0.4814607612315388,1.3773824457421369,-1.0161329645585022,1
-1.3127144662811705,0.9009088760241706,0.8491410419312149,0.5349262947204063,-0.911310674287764,0.9048055324001227,-0.7257958293968509,-0.8828162337175963,1.6829730437896346,-1.143668312693375,-0.7394662468772634,-2.23386744116561,0.9841231756854657,0
-0.9738162891597597,-1.1099901739376037,-0.502969299721533,-0.3802103584707906,-0.404365943111267,-1.177851894974348,-0.013182598592753173,1.4316811360790147,-0.21028898138303903,0.3470565871811683,-0.997471732522988,0.5837011519162584,-1.0161329645585022,0
-0.8043672005990544,-1.1099901739376037,-0.502969299721533,0.553750807915062,-0.911310674287764,0.9048055324001227,-0.7257958293968509,-0.8828162337175963,-0.46205254856025635,-1.143668312693375,-0.4814607612315388,-0.20998014190961997,0.9841231756854657,0
-0.9738162891597597,-1.1099901739376037,-0.502969299721533,-0.38516916479891294,-0.911310674287764,0.21058638994196582,-1.2325430157464317,0.2744324511807092,0.830333762949459,-1.2583394588375707,-0.4814607612315388,-0.38855843302044263,0.9841231756854657,0
-0.2960199349169384,0.9009088760241706,0.8491410419312149,0.59915389133338,-0.23538436605243465,0.9048055324001227,-0.7257958293968509,1.4316811360790147,2.478545916069642,-1.143668312693375,-0.4814607612315388,0.5638591195706114,0.9841231756854657,0
-0.9738162891597597,-1.1099901739376037,-0.502969299721533,-0.38130003247283023,-0.911310674287764,-1.177851894974348,-1.2642147148932805,1.4316811360790147,-1.0495008719737637,-1.2583394588375707,-0.997471732522988,-0.190138109563973,-1.0161329645585022,0
-0.8043672005990544,-1.1099901739376037,-1.179024470547907,0.3829878371316629,-0.404365943111267,0.9048055324001227,-0.7257958293968509,0.853056793629862,1.286865031430813,-1.0289971665491795,-0.997471732522988,-2.49181386165902,-1.0161329645585022,1
-0.9738162891597597,-1.1099901739376037,-1.179024470547907,-0.49279421297137804,-0.911310674287764,-1.177851894974348,-0.7812213029038364,-1.461440576166749,-0.2438574570066685,-0.45564143582820127,-0.4814607612315388,-0.8052411122790287,-1.0161329645585022,1
-0.2960199349169384,0.9009088760241706,-0.502969299721533,-0.38087363829811904,-0.5733475201700994,0.21058638994196582,0.22435514500861276,-0.3041918912684436,-1.4724636648314886,0.6910700256137552,-0.997471732522988,-0.03140185079879733,0.9841231756854657,0
-0.9738162891597597,0.9009088760241706,0.8491410419312149,-0.37826789611932865,-0.911310674287764,-1.177851894974348,-0.4090788379283631,-0.8828162337175963,-1.0495008719737637,-0.11162799739561437,-0.4814607612315388,-0.13061201252703214,-1.0161329645585022,0
-0.9738162891597597,0.9009088760241706,0.8491410419312149,-0.38480594013156644,-0.404365943111267,-1.177851894974348,-0.4090788379283631,1.4316811360790147,-1.2979075915886182,-0.11162799739561437,-0.997471732522988,0.3654387961141419,0.9841231756854657,0
-0.9738162891597597,-1.1099901739376037,-0.502969299721533,-0.4942944887712877,-0.7423290972289317,-1.177851894974348,0.7192254441781252,-0.8828162337175963,0.4745079213389917,1.7231103409115156,-0.4814607612315388,-0.2893482712922078,-1.0161329645585022,1
-0.8043672005990544,-1.1099901739376037,1.5251962127575889,0.6469574160315534,-0.404365943111267,0.9048055324001227,-0.7257958293968509,-0.8828162337175963,-1.6705176710108995,-1.143668312693375,-0.997471732522988,-0.22982217425526694,0.9841231756854657,0
-0.8043672005990544,0.9009088760241706,-0.502969299721533,0.6489472555135388,-0.911310674287764,0.9048055324001227,-0.7257958293968509,0.853056793629862,-0.8447331706696268,-1.143668312693375,-0.7394662468772634,-1.182239726846321,0.9841231756854657,0
-0.634918112038349,0.9009088760241706,1.5251962127575889,0.6509844721260477,-0.5733475201700994,0.9048055324001227,-0.7257958293968509,-1.461440576166749,0.001192415045823164,-1.143668312693375,-0.7394662468772634,-0.011559818453150373,0.9841231756854657,0
-0.8043672005990544,0.9009088760241706,1.5251962127575889,-0.37818893423512284,-0.5733475201700994,0.21058638994196582,0.22435514500861276,1.4316811360790147,0.23617174441122635,0.6910700256137552,-0.7394662468772634,-0.8846092416616166,0.9841231756854657,0
-0.9738162891597597,0.9009088760241706,-0.502969299721533,-0.49162557708513266,-0.23538436605243465,-1.177851894974348,-1.1375279183058853,-1.461440576166749,1.6829730437896346,-1.0289971665491795,-0.4814607612315388,0.5440170872249644,-1.0161329645585022,1
-0.9738162891597597,0.9009088760241706,0.8491410419312149,0.6905127913594564,-0.911310674287764,0.9048055324001227,-0.7257958293968509,0.853056793629862,2.6933841600608672,-1.143668312693375,-0.7394662468772634,0.12733440796637835,0.9841231756854657,0
-0.46546902347764374,0.9009088760241706,-0.502969299721533,-0.48587715191495257,-0.911310674287764,-1.177851894974348,-0.052772222526314166,0.2744324511807092,-0.46205254856025635,0.5763988794695595,-0.7394662468772634,0.6233852166075523,-1.0161329645585022,1
-0.9738162891597597,0.9009088760241706,-0.502969299721533,-0.3734512211827766,-0.911310674287764,-1.177851894974348,-0.5040939353689095,-1.461440576166749,-0.811164695045998,-0.34097028968400567,-0.7394662468772634,-2.3926036999307856,0.9841231756854657,0
-0.2960199349169384,0.9009088760241706,-1.179024470547907,0.7306096361591466,-0.23538436605243465,0.9048055324001227,-0.7257958293968509,1.4316811360790147,-1.0495008719737637,-1.143668312693375,-0.7394662468772634,0.7027533459901402,0.9841231756854657,0
-0.2960199349169384,0.9009088760241706,-0.502969299721533,-0.3755989844331736,-0.23538436605243465,-1.177851894974348,0.30353439287573475,0.853056793629862,0.9343960373827085,0.6910700256137552,-0.4814607612315388,1.0003838311748445,-1.0161329645585022,0
-0.8043672005990544,0.9009088760241706,0.8491410419312149,0.7629682163066713,-0.5733475201700994,0.9048055324001227,-0.7257958293968509,-0.8828162337175963,-1.0495008719737637,-1.143668312693375,-0.997471732522988,1.258330251668255,-1.0161329645585022,0
-0.9738162891597597,0.9009088760241706,-1.179024470547907,-0.37596220910052014,-0.911310674287764,-1.177851894974348,0.1253810851747103,0.2744324511807092,0.001192415045823164,0.4617277333253637,-0.4814607612315388,0.5837011519162584,0.9841231756854657,0
-0.46546902347764374,0.9009088760241706,-1.179024470547907,0.7625891992624836,0.10257878806523006,0.9048055324001227,-0.7257958293968509,0.853056793629862,0.001192415045823164,-1.143668312693375,-0.4814607612315388,-1.7179746001787888,0.9841231756854657,0
-0.8043672005990544,0.9009088760241706,0.8491410419312149,-0.37556739967949127,-0.911310674287764,-1.177851894974348,0.06599664927436881,1.4316811360790147,-1.8752853723150364,0.4617277333253637,-0.7394662468772634,0.8813316371009629,-1.0161329645585022,0
-0.46546902347764374,0.9009088760241706,0.8491410419312149,-0.4869826182938333,-0.23538436605243465,-1.177851894974348,-1.2800505644667048,-1.461440576166749,0.001192415045823164,-1.2583394588375707,-0.7394662468772634,-1.202081759191968,-1.0161329645585022,1
-0.634918112038349,-1.1099901739376037,-0.502969299721533,0.27754213696327706,-0.911310674287764,0.9048055324001227,-0.7257958293968509,0.2744324511807092,0.001192415045823164,-1.0289971665491795,-0.7394662468772634,-0.8250831446246757,-1.0161329645585022,1
-0.634918112038349,-1.1099901739376037,0.8491410419312149,0.7976640682266868,-0.7423290972289317,0.9048055324001227,-0.7257958293968509,-0.8828162337175963,0.5651428055227898,-1.143668312693375,-0.4814607612315388,0.5440170872249644,0.9841231756854657,0
-0.46546902347764374,-1.1099901739376037,0.8491410419312149,-0.3725036785723074,-0.5733475201700994,0.21058638994196582,-0.9079080994912315,-0.3041918912684436,0.001192415045823164,-0.7996548742607882,-0.997471732522988,-0.07108591549009124,0.9841231756854657,0
-1.143265377720465,-1.1099901739376037,-0.502969299721533,-0.3737828610964409,-0.911310674287764,0.21058638994196582,0.06599664927436881,1.4316811360790147,-1.7510820125076092,0.4617277333253637,-0.7394662468772634,0.8416475724096689,0.9841231756854657,0
-0.8043672005990544,0.9009088760241706,-0.502969299721533,0.8015332005527696,-0.7423290972289317,0.9048055324001227,-0.7257958293968509,-0.8828162337175963,-1.1233515183457474,-1.143668312693375,-0.4814607612315388,-2.8688124762263127,0.9841231756854657,0
-0.2960199349169384,0.9009088760241706,-1.179024470547907,-0.3736723144585528,-0.23538436605243465,0.21058638994196582,-0.05673118491967026,-0.3041918912684436,0.001192415045823164,0.23238544103697253,-0.997471732522988,0.9011736694466097,-1.0161329645585022,0
-0.634918112038349,-1.1099901739376037,0.8491410419312149,-0.3744303485469282,-0.5733475201700994,-1.177851894974348,-0.17154109432699713,-0.8828162337175963,0.001192415045823164,0.1177142948927768,-0.7394662468772634,1.0599099282117854,0.9841231756854657,0
-0.46546902347764374,-1.1099901739376037,1.5251962127575889,0.839292773579969,-0.7423290972289317,0.9048055324001227,-0.7257958293968509,1.4316811360790147,-0.34120603631519225,-1.143668312693375,-0.4814607612315388,1.694854963272488,-1.0161329645585022,0
-0.9738162891597597,0.9009088760241706,0.8491410419312149,0.8678611832856168,-0.7423290972289317,0.9048055324001227,-0.7257958293968509,-1.461440576166749,0.23617174441122635,-1.143668312693375,-0.4814607612315388,-1.8965528912896115,0.9841231756854657,0
-0.46546902347764374,-1.1099901739376037,-0.502969299721533,0.88008448296067,-0.5733475201700994,0.9048055324001227,-0.7257958293968509,-1.461440576166749,-0.25392799969375696,-1.143668312693375,-0.7394662468772634,0.4844909901880236,0.9841231756854657,0
-0.46546902347764374,-1.1099901739376037,-1.179024470547907,-0.37308799651543006,-0.911310674287764,0.21058638994196582,2.4413740852880284,0.853056793629862,0.3939435798422821,3.4431775330744507,-0.7394662468772634,0.2463866020402601,0.9841231756854657,0
-0.634918112038349,0.9009088760241706,1.5251962127575889,0.9339049032353232,-0.06640278899360229,0.9048055324001227,-0.7257958293968509,-0.3041918912684436,-0.707102420612748,-1.143668312693375,-0.7394662468772634,-0.15045404487267908,0.9841231756854657,0
-0.634918112038349,0.9009088760241706,-1.179024470547907,0.42660638196693046,-0.404365943111267,0.9048055324001227,-0.7257958293968509,0.2744324511807092,0.001192415045823164,-1.0289971665491795,-0.4814607612315388,-0.5472946917856183,-1.0161329645585022,1
-0.634918112038349,0.9009088760241706,1.5251962127575889,0.9548455949266934,-0.911310674287764,0.9048055324001227,-0.7257958293968509,-0.3041918912684436,1.327147202179168,-1.143668312693375,-0.4814607612315388,1.1392780575943733,0.9841231756854657,0
-0.8043672005990544,0.9009088760241706,0.8491410419312149,1.029401405993782,-0.911310674287764,0.9048055324001227,-0.7257958293968509,-0.8828162337175963,0.001192415045823164,-1.2583394588375707,-0.4814607612315388,-0.09092794783573821,0.9841231756854657,0
-0.8043672005990544,-1.1099901739376037,-0.502969299721533,-0.37660969655100746,-0.7423290972289317,0.21058638994196582,0.06599664927436881,-0.8828162337175963,0.7229146409538463,0.4617277333253637,-0.7394662468772634,1.1789621222856672,0.9841231756854657,0
-0.2960199349169384,0.9009088760241706,1.5251962127575889,1.0273957741349553,-0.06640278899360229,0.9048055324001227,-0.7257958293968509,-0.3041918912684436,-1.1166378232210217,-1.2583394588375707,-0.997471732522988,-0.7655570475877348,0.9841231756854657,0
-0.46546902347764374,-1.1099901739376037,-1.179024470547907,1.0333021230735469,-0.404365943111267,0.9048055324001227,-0.7257958293968509,0.853056793629862,0.9343960373827085,-1.2583394588375707,-0.7394662468772634,-1.658448503141848,0.9841231756854657,0
-0.9738162891597597,-1.1099901739376037,-0.502969299721533,0.9130747581818409,-0.5733475201700994,0.9048055324001227,-0.7257958293968509,1.4316811360790147,1.4446368668618692,-1.143668312693375,-0.7394662468772634,-0.03140185079879733,-1.0161329645585022,1
-0.2960199349169384,0.9009088760241706,-0.502969299721533,1.3147064860060715,-0.404365943111267,0.9048055324001227,-0.7257958293968509,0.2744324511807092,0.11868207972852446,-1.2583394588375707,-0.4814607612315388,0.9408577341379036,0.9841231756854657,0
-0.634918112038349,-1.1099901739376037,-1.179024470547907,1.3572195644624583,-0.23538436605243465,0.9048055324001227,-0.7257958293968509,1.4316811360790147,-0.005521280078902488,-1.2583394588375707,-0.7394662468772634,0.6432272489531993,0.9841231756854657,0
-0.634918112038349,0.9009088760241706,1.5251962127575889,-0.37637281089839014,-0.5733475201700994,-1.177851894974348,0.0778735364544371,-1.461440576166749,0.4745079213389917,0.4617277333253637,-0.997471732522988,1.5956448015442533,-1.0161329645585022,0
-0.8043672005990544,0.9009088760241706,-1.179024470547907,-0.37660969655100746,-0.7423290972289317,-1.177851894974348,-0.7257958293968509,0.853056793629862,-1.4724636648314886,-0.570312581972397,-0.7394662468772634,0.782121475372728,-1.0161329645585022,0
-0.8043672005990544,0.9009088760241706,-0.502969299721533,1.5966635821280366,-0.7423290972289317,0.9048055324001227,-0.7257958293968509,1.4316811360790147,-0.11965409719924096,-1.2583394588375707,-0.997471732522988,0.06780831092943747,0.9841231756854657,0
-0.634918112038349,0.9009088760241706,-0.502969299721533,1.5984797054647693,-0.911310674287764,0.9048055324001227,-0.7257958293968509,1.4316811360790147,0.001192415045823164,-1.2583394588375707,-0.4814607612315388,0.028124246238143545,0.9841231756854657,0
-0.8043672005990544,-1.1099901739376037,0.8491410419312149,1.3714011188658148,-0.911310674287764,0.9048055324001227,-0.7257958293968509,-1.461440576166749,1.3103629643673533,-1.2583394588375707,-0.4814607612315388,-0.44808453005738347,-1.0161329645585022,1
-0.634918112038349,-1.1099901739376037,-0.502969299721533,0.9747597821233888,-0.404365943111267,0.9048055324001227,-0.7257958293968509,0.2744324511807092,0.7464125738903866,-1.143668312693375,-0.7394662468772634,1.1591200899400202,-1.0161329645585022,1
-0.46546902347764374,0.9009088760241706,-0.502969299721533,1.7848297521903875,-0.5733475201700994,0.9048055324001227,-0.7257958293968509,0.853056793629862,1.0418151593783211,-1.2583394588375707,-0.4814607612315388,1.1789621222856672,-1.0161329645585022,0
-0.2960199349169384,0.9009088760241706,1.5251962127575889,-0.371745644483932,-0.23538436605243465,-1.177851894974348,0.22435514500861276,-0.3041918912684436,0.5651428055227898,0.6910700256137552,-0.997471732522988,-2.273551505856904,0.9841231756854657,0
-0.46546902347764374,-1.1099901739376037,0.8491410419312149,-0.8353940361633748,-0.23538436605243465,0.9048055324001227,-0.6941241302500022,0.2744324511807092,0.2865244578466693,0.5763988794695595,-0.7394662468772634,0.4448069254967297,-1.0161329645585022,1
-0.9738162891597597,0.9009088760241706,-1.179024470547907,-0.7933547290122226,-0.404365943111267,0.9048055324001227,-0.6941241302500022,-1.461440576166749,0.8336906105118219,0.4617277333253637,-0.997471732522988,-0.44808453005738347,0.9841231756854657,0
-0.46546902347764374,-1.1099901739376037,0.8491410419312149,-0.7691292229378922,0.10257878806523006,0.9048055324001227,-0.6941241302500022,-0.8828162337175963,0.5114332445249834,0.3470565871811683,-0.7394662468772634,0.305912699077201,0.9841231756854657,0
-0.46546902347764374,-1.1099901739376037,1.5251962127575889,-0.3739723696185347,-0.5733475201700994,-1.177851894974348,-1.1810765046328024,-0.8828162337175963,0.665848232393677,-1.143668312693375,-0.997471732522988,-0.7457150152420878,-1.0161329645585022,0
-0.8043672005990544,0.9009088760241706,-1.179024470547907,-0.3730248270080655,-0.7423290972289317,-1.177851894974348,-1.042512820865339,1.4316811360790147,-1.8752853723150364,-1.0289971665491795,-0.7394662468772634,-1.3409759856114967,-1.0161329645585022,0
-1.143265377720465,0.9009088760241706,-0.502969299721533,-0.7561005120439401,-0.911310674287764,0.9048055324001227,-0.6941241302500022,0.2744324511807092,0.5114332445249834,0.23238544103697253,-0.997471732522988,0.7027533459901402,-1.0161329645585022,0
-0.8043672005990544,-1.1099901739376037,0.8491410419312149,-0.677880869549704,-0.5733475201700994,0.9048055324001227,-0.6941241302500022,0.2744324511807092,1.6628319584154578,0.003043148748581378,-0.7394662468772634,-1.5393963090679663,0.9841231756854657,0
-0.8043672005990544,0.9009088760241706,0.8491410419312149,-0.37351439069014125,-0.911310674287764,-1.177851894974348,0.8577891279455886,0.853056793629862,-1.3482603050240614,1.4937680486231246,-0.7394662468772634,0.305912699077201,-1.0161329645585022,0
-0.46546902347764374,0.9009088760241706,-1.179024470547907,-0.6790810901896316,-0.23538436605243465,0.9048055324001227,-0.6941241302500022,-1.461440576166749,2.0757242085860943,0.003043148748581378,-0.4814607612315388,0.2463866020402601,-1.0161329645585022,1
-0.46546902347764374,-1.1099901739376037,1.5251962127575889,-0.6402002584067102,-0.5733475201700994,0.9048055324001227,-0.6941241302500022,-1.461440576166749,1.223084927745918,-0.11162799739561437,-0.4814607612315388,-1.5393963090679663,0.9841231756854657,0
-0.8043672005990544,-1.1099901739376037,0.8491410419312149,-0.5805840358313537,-0.7423290972289317,0.9048055324001227,-0.6941241302500022,-1.461440576166749,0.9780350556934264,-0.2262991435398101,-0.997471732522988,0.7622794430270811,0.9841231756854657,0
-0.9738162891597597,-1.1099901739376037,-1.179024470547907,-0.5531684696351101,-0.911310674287764,0.9048055324001227,-0.6941241302500022,-0.8828162337175963,0.4745079213389917,-0.2262991435398101,-0.4814607612315388,-1.0036614357354983,0.9841231756854657,0
-0.46546902347764374,0.9009088760241706,0.8491410419312149,-0.5263372213819894,-0.5733475201700994,0.9048055324001227,-0.6941241302500022,-1.461440576166749,-0.08944246913797492,-0.34097028968400567,-0.7394662468772634,0.6829113136444932,-1.0161329645585022,0
-0.8043672005990544,0.9009088760241706,0.8491410419312149,-0.5258476576999136,-0.911310674287764,0.9048055324001227,-0.6941241302500022,0.2744324511807092,-1.0495008719737637,-0.34097028968400567,-0.7394662468772634,0.6630692812988462,0.9841231756854657,0
-0.9738162891597597,-1.1099901739376037,-0.502969299721533,-0.3816474647633356,-0.911310674287764,-1.177851894974348,-0.5674373336626071,-0.8828162337175963,0.561785957960427,-0.34097028968400567,-0.4814607612315388,1.6353288662355472,-1.0161329645585022,0
-0.8043672005990544,-1.1099901739376037,-0.502969299721533,-0.7906542325723852,-0.7423290972289317,0.9048055324001227,-0.68620620546329,-0.8828162337175963,-1.1233515183457474,0.4617277333253637,-0.7394662468772634,1.3972244780877838,-1.0161329645585022,1
-0.634918112038349,0.9009088760241706,1.5251962127575889,-0.37082968662714505,-0.911310674287764,-1.177851894974348,-1.2008713165995828,0.2744324511807092,-1.1233515183457474,-1.143668312693375,-0.997471732522988,0.5241750548793175,-1.0161329645585022,0
-0.9738162891597597,0.9009088760241706,0.8491410419312149,-0.3787890445550867,-0.911310674287764,-1.177851894974348,-0.8841543251310949,0.853056793629862,-0.21364582894540246,-0.7996548742607882,-0.997471732522988,-1.4401861473397315,0.9841231756854657,0
-0.8043672005990544,0.9009088760241706,-0.502969299721533,-0.390807043331205,-0.911310674287764,0.9048055324001227,-0.6822472430699339,0.2744324511807092,-0.2069321338206762,-0.45564143582820127,-0.997471732522988,0.38528082845978884,0.9841231756854657,0
-0.634918112038349,0.9009088760241706,0.8491410419312149,-0.15401614497494062,-0.5733475201700994,0.9048055324001227,-0.6822472430699339,0.853056793629862,0.8336906105118219,-0.6849837281165926,-0.997471732522988,-2.075131182400434,0.9841231756854657,0
-0.8043672005990544,0.9009088760241706,-0.502969299721533,-0.37103498752608005,-0.911310674287764,-1.177851894974348,0.06599664927436881,0.2744324511807092,-0.21700267650776528,0.4617277333253637,-0.7394662468772634,-0.5076106270943244,0.9841231756854657,0
-0.8043672005990544,0.9009088760241706,-0.502969299721533,-0.8078837157060843,-0.911310674287764,0.9048055324001227,-0.6782882806765778,-0.8828162337175963,-1.0427871768490378,0.4617277333253637,-0.7394662468772634,-0.3488743683291487,-1.0161329645585022,0
-0.9738162891597597,0.9009088760241706,1.5251962127575889,-0.7718613041314119,-0.911310674287764,0.9048055324001227,-0.6782882806765778,0.853056793629862,1.417782086362966,0.3470565871811683,-0.4814607612315388,0.801963507718375,0.9841231756854657,0
-0.634918112038349,-1.1099901739376037,-0.502969299721533,-0.371745644483932,-0.911310674287764,-1.177851894974348,0.06599664927436881,-0.8828162337175963,-0.34120603631519225,0.4617277333253637,-0.997471732522988,-0.24966420660091387,0.9841231756854657,0
-0.46546902347764374,-1.1099901739376037,0.8491410419312149,-0.7496730146695904,-0.06640278899360229,0.9048055324001227,-0.6782882806765778,-0.8828162337175963,-0.8447331706696268,0.23238544103697253,-0.7394662468772634,0.7424374106814341,0.9841231756854657,0
-0.8043672005990544,-1.1099901739376037,0.8491410419312149,-0.37582007770894976,-0.5733475201700994,-1.177851894974348,-1.042512820865339,0.2744324511807092,-1.0495008719737637,-1.0289971665491795,-0.7394662468772634,0.7027533459901402,0.9841231756854657,0
-0.634918112038349,-1.1099901739376037,0.8491410419312149,-0.6984109594432042,-0.5733475201700994,0.9048055324001227,-0.6782882806765778,0.2744324511807092,1.4312094766124175,0.1177142948927768,-0.7394662468772634,0.22654456969461315,0.9841231756854657,0
-0.46546902347764374,-1.1099901739376037,0.8491410419312149,-0.6801075946843067,0.10257878806523006,0.9048055324001227,-0.6782882806765778,-0.8828162337175963,1.4312094766124175,0.003043148748581378,-0.7394662468772634,-2.610866055732902,0.9841231756854657,0
-0.9738162891597597,0.9009088760241706,-0.502969299721533,-0.6760963309666536,-0.23538436605243465,0.9048055324001227,-0.6782882806765778,-0.8828162337175963,2.344272013575125,0.003043148748581378,-0.4814607612315388,-0.8647672093159696,-1.0161329645585022,1
-0.634918112038349,-1.1099901739376037,-0.502969299721533,-0.677786115288657,-0.5733475201700994,0.9048055324001227,-0.6782882806765778,0.2744324511807092,1.4345663241747801,0.003043148748581378,-0.7394662468772634,0.14717644031202531,-1.0161329645585022,1
-0.46546902347764374,-1.1099901739376037,-1.179024470547907,-0.37984713380344404,-0.23538436605243465,-1.177851894974348,2.2038363416866624,-0.8828162337175963,-0.25392799969375696,3.213835240786059,-0.4814607612315388,1.0202258635204915,-1.0161329645585022,0
-1.143265377720465,0.9009088760241706,-1.179024470547907,-0.3520209658093305,-0.911310674287764,0.9048055324001227,-0.6782882806765778,0.2744324511807092,-1.1233515183457474,-0.570312581972397,-0.997471732522988,-1.8171847619070236,0.9841231756854657,0
-0.9738162891597597,-1.1099901739376037,1.5251962127575889,-0.3044227420100921,-0.5733475201700994,0.9048055324001227,-0.6782882806765778,0.853056793629862,1.1458774338115711,-0.570312581972397,-0.997471732522988,1.3972244780877838,0.9841231756854657,0
-0.9738162891597597,-1.1099901739376037,0.8491410419312149,-0.015027436395943521,-0.911310674287764,0.9048055324001227,-0.6782882806765778,-0.8828162337175963,-1.4724636648314886,-0.7996548742607882,-0.7394662468772634,-0.8250831446246757,0.9841231756854657,0
-0.46546902347764374,0.9009088760241706,-0.502969299721533,-0.48849868647058414,-0.5733475201700994,-1.177851894974348,0.8577891279455886,-0.3041918912684436,0.11868207972852446,1.952452633199907,-0.997471732522988,-0.7060309505507939,-1.0161329645585022,1
-1.143265377720465,0.9009088760241706,-1.179024470547907,-0.8230443974735923,-0.911310674287764,0.9048055324001227,-0.6743293182832217,0.853056793629862,0.4745079213389917,0.5763988794695595,-0.7394662468772634,0.782121475372728,-1.0161329645585022,1
-1.143265377720465,0.9009088760241706,0.8491410419312149,-0.6335200830029021,-0.911310674287764,0.9048055324001227,-0.6743293182832217,0.853056793629862,1.0955247203761276,-0.11162799739561437,-0.7394662468772634,0.06780831092943747,-1.0161329645585022,0
-0.8043672005990544,0.9009088760241706,1.5251962127575889,-0.3763096413910255,-0.5733475201700994,0.21058638994196582,-0.2507203421941191,-0.8828162337175963,0.15896425047687956,0.003043148748581378,-0.4814607612315388,0.821805540064022,-1.0161329645585022,0
-0.634918112038349,-1.1099901739376037,0.8491410419312149,-0.7964816196267711,-0.23538436605243465,0.9048055324001227,-0.6664113934965095,0.2744324511807092,-0.005521280078902488,0.4617277333253637,-0.7394662468772634,0.5837011519162584,-1.0161329645585022,0
-0.634918112038349,-1.1099901739376037,-1.179024470547907,-0.747777929448652,-0.404365943111267,0.9048055324001227,-0.6664113934965095,0.2744324511807092,0.8269769153870962,0.3470565871811683,-0.4814607612315388,0.782121475372728,0.9841231756854657,0
-0.634918112038349,-1.1099901739376037,0.8491410419312149,-0.9056859054833516,-0.5733475201700994,0.9048055324001227,-0.6624524311031534,0.2744324511807092,1.6729025011025462,1.1497546101905376,-0.7394662468772634,-1.9362369559809054,-1.0161329645585022,1
-0.9738162891597597,0.9009088760241706,-1.179024470547907,-0.8982319036143269,-0.911310674287764,0.9048055324001227,-0.6624524311031534,-1.461440576166749,1.417782086362966,1.035083464046342,-0.4814607612315388,0.18686050500331922,-1.0161329645585022,1
-0.46546902347764374,0.9009088760241706,0.8491410419312149,-0.3785521589024694,-0.5733475201700994,-1.177851894974348,-0.15570524475357272,-0.3041918912684436,0.001192415045823164,0.1177142948927768,-0.997471732522988,0.26622863438590705,0.9841231756854657,0
-0.9738162891597597,-1.1099901739376037,1.5251962127575889,-0.36778175789680234,-0.911310674287764,-1.177851894974348,-0.5674373336626071,-1.461440576166749,-1.1166378232210217,-0.34097028968400567,-0.997471732522988,1.1591200899400202,0.9841231756854657,0
-0.8043672005990544,-1.1099901739376037,0.8491410419312149,-0.8411898384640784,-0.404365943111267,0.9048055324001227,-0.6624524311031534,0.2744324511807092,0.001192415045823164,0.6910700256137552,-0.4814607612315388,-1.0433455004267922,0.9841231756854657,0
-0.2960199349169384,-1.1099901739376037,-1.179024470547907,-0.784890015025364,-0.5733475201700994,0.9048055324001227,-0.6624524311031534,-0.8828162337175963,0.16232109803924238,0.4617277333253637,-0.7394662468772634,-0.6068207888225592,0.9841231756854657,0
-0.2960199349169384,-1.1099901739376037,-0.502969299721533,-0.7642493784939756,-0.404365943111267,0.9048055324001227,-0.6624524311031534,-0.3041918912684436,1.6829730437896346,0.3470565871811683,-0.997471732522988,-0.9838194033898514,-1.0161329645585022,1
-1.143265377720465,0.9009088760241706,-1.179024470547907,-0.36921886418934735,-0.911310674287764,0.21058638994196582,0.06599664927436881,1.4316811360790147,1.253296555807184,0.4617277333253637,-0.7394662468772634,-3.5632836083239563,0.9841231756854657,0
-0.8043672005990544,0.9009088760241706,-1.179024470547907,-0.7490886967264677,-0.5733475201700994,0.9048055324001227,-0.6624524311031534,-0.8828162337175963,-0.21028898138303903,0.3470565871811683,-0.997471732522988,0.9011736694466097,0.9841231756854657,0
-1.143265377720465,-1.1099901739376037,0.8491410419312149,-0.37468302657638664,-0.911310674287764,-1.177851894974348,-0.8841543251310949,1.4316811360790147,0.001192415045823164,-0.7996548742607882,-0.7394662468772634,-0.5472946917856183,0.9841231756854657,0
-0.2960199349169384,0.9009088760241706,0.8491410419312149,-0.678496772246509,-0.404365943111267,0.9048055324001227,-0.6624524311031534,0.853056793629862,-0.33784918875282943,0.1177142948927768,-0.4814607612315388,0.782121475372728,-1.0161329645585022,0
-0.9738162891597597,-1.1099901739376037,-0.502969299721533,-0.6416689494529376,-0.911310674287764,0.9048055324001227,-0.6624524311031534,0.853056793629862,1.7736079279734327,0.003043148748581378,-0.997471732522988,1.5956448015442533,-1.0161329645585022,1
-0.2960199349169384,0.9009088760241706,0.8491410419312149,-0.6163063922460441,-0.06640278899360229,0.9048055324001227,-0.6624524311031534,0.853056793629862,0.001192415045823164,-0.11162799739561437,-0.4814607612315388,-1.142555662155027,0.9841231756854657,0
-0.8043672005990544,0.9009088760241706,0.8491410419312149,-0.5773781833325994,-0.911310674287764,0.9048055324001227,-0.6624524311031534,0.853056793629862,-0.1397951825734185,-0.2262991435398101,-0.997471732522988,-0.8449251769703227,0.9841231756854657,0
-0.8043672005990544,0.9009088760241706,-0.502969299721533,-0.3713034579323797,-0.404365943111267,-1.177851894974348,-0.09236184645987515,0.853056793629862,1.6729025011025462,0.23238544103697253,-0.4814607612315388,-0.38855843302044263,-1.0161329645585022,0
-0.46546902347764374,-1.1099901739376037,-0.502969299721533,-0.36986635163983467,-0.23538436605243465,-1.177851894974348,0.06599664927436881,-1.461440576166749,0.007906110170548816,0.4617277333253637,-0.7394662468772634,-0.5076106270943244,0.9841231756854657,0
-0.46546902347764374,-1.1099901739376037,-1.179024470547907,-0.3706717628587335,-0.5733475201700994,-1.177851894974348,-1.2800505644667048,-0.8828162337175963,-1.1804179269059165,-1.2583394588375707,-0.997471732522988,0.6035431842619053,-1.0161329645585022,0
-0.8043672005990544,0.9009088760241706,-1.179024470547907,-0.5789416286398735,-0.911310674287764,0.9048055324001227,-0.6624524311031534,0.2744324511807092,0.6154955189582334,-0.2262991435398101,-0.4814607612315388,-1.9362369559809054,0.9841231756854657,0
-0.2960199349169384,0.9009088760241706,-1.179024470547907,-0.5701294823625096,-0.06640278899360229,0.9048055324001227,-0.6624524311031534,1.4316811360790147,-0.707102420612748,-0.2262991435398101,-0.997471732522988,-0.38855843302044263,0.9841231756854657,0
-0.9738162891597597,0.9009088760241706,-0.502969299721533,-0.3957500572824862,-0.911310674287764,0.9048055324001227,-0.6624524311031534,-0.8828162337175963,-1.2475548781531747,-0.45564143582820127,-0.997471732522988,-1.5989224061049072,0.9841231756854657,0
-0.46546902347764374,0.9009088760241706,1.5251962127575889,-0.22258664521923166,-0.911310674287764,0.9048055324001227,-0.6624524311031534,-0.8828162337175963,-1.0495008719737637,-0.6849837281165926,-0.7394662468772634,1.0202258635204915,-1.0161329645585022,0
-0.8043672005990544,-1.1099901739376037,-0.502969299721533,-0.20382530153194062,-0.7423290972289317,0.9048055324001227,-0.6624524311031534,1.4316811360790147,0.3301634761573873,-0.6849837281165926,-0.997471732522988,-0.3488743683291487,0.9841231756854657,0
-0.634918112038349,0.9009088760241706,-1.179024470547907,-0.3644179816296365,-0.23538436605243465,-1.177851894974348,-0.9474977234247925,0.2744324511807092,-1.1166378232210217,-0.9143260204049839,-0.4814607612315388,1.5758027691986063,-1.0161329645585022,0
-0.9738162891597597,-1.1099901739376037,-0.502969299721533,-0.15829587909889337,-0.911310674287764,0.9048055324001227,-0.6624524311031534,0.2744324511807092,-1.8752853723150364,-0.6849837281165926,-0.4814607612315388,0.3455967637684949,0.9841231756854657,0
-0.46546902347764374,-1.1099901739376037,-0.502969299721533,-0.3664078211116219,-0.23538436605243465,-1.177851894974348,0.026407025340807817,1.4316811360790147,-0.33784918875282943,0.3470565871811683,-0.7394662468772634,-0.9242933063529105,0.9841231756854657,0
-0.8043672005990544,-1.1099901739376037,0.8491410419312149,-0.3663762363579396,-0.5733475201700994,-1.177851894974348,0.8577891279455886,0.2744324511807092,0.8269769153870962,1.379096902478929,-0.997471732522988,-2.5116558940046674,0.9841231756854657,0
-0.8043672005990544,-1.1099901739376037,-0.502969299721533,-0.10362267047481794,-0.911310674287764,0.9048055324001227,-0.6624524311031534,0.2744324511807092,-1.1804179269059165,-0.7996548742607882,-0.7394662468772634,1.0202258635204915,-1.0161329645585022,0
-0.8043672005990544,0.9009088760241706,1.5251962127575889,-0.05346608162731256,-0.404365943111267,0.9048055324001227,-0.6624524311031534,1.4316811360790147,1.1861596045599256,-0.7996548742607882,-0.997471732522988,-1.5195542767223194,0.9841231756854657,0
-0.8043672005990544,-1.1099901739376037,-0.502969299721533,-0.3674185332294558,-0.911310674287764,-1.177851894974348,0.06599664927436881,-0.8828162337175963,-1.8752853723150364,0.4617277333253637,-0.997471732522988,0.5837011519162584,0.9841231756854657,0
-0.2960199349169384,-1.1099901739376037,1.5251962127575889,-0.3672132323305208,-0.5733475201700994,-1.177851894974348,0.8577891279455886,1.4316811360790147,0.4040141225293712,1.379096902478929,-0.7394662468772634,0.4844909901880236,0.9841231756854657,0
-0.9738162891597597,-1.1099901739376037,-1.179024470547907,-0.13380190261826339,-0.7423290972289317,0.9048055324001227,-0.6624524311031534,0.2744324511807092,1.4110683912382405,-0.6849837281165926,-0.997471732522988,-0.13061201252703214,-1.0161329645585022,1
-0.9738162891597597,0.9009088760241706,-1.179024470547907,-0.36980318213247004,-0.911310674287764,-1.177851894974348,0.5410721364771007,1.4316811360790147,-1.2475548781531747,1.035083464046342,-0.7394662468772634,0.7027533459901402,0.9841231756854657,0
-0.9738162891597597,0.9009088760241706,-1.179024470547907,0.0697144577336893,-0.911310674287764,0.9048055324001227,-0.6624524311031534,0.853056793629862,1.6594751108530943,-0.9143260204049839,-0.997471732522988,0.12733440796637835,-1.0161329645585022,1
-0.634918112038349,0.9009088760241706,0.8491410419312149,0.8716829384811761,-0.404365943111267,0.9048055324001227,-0.6624524311031534,-1.461440576166749,1.4312094766124175,-1.143668312693375,-0.4814607612315388,0.028124246238143545,-1.0161329645585022,0
-0.9738162891597597,0.9009088760241706,0.8491410419312149,-0.8092418601144236,-0.911310674287764,0.9048055324001227,-0.6584934687097973,-0.8828162337175963,0.3301634761573873,0.5763988794695595,-0.997471732522988,-1.3012919209202027,-1.0161329645585022,0
-0.8043672005990544,0.9009088760241706,1.5251962127575889,-0.36583929554534034,-0.911310674287764,0.21058638994196582,-0.5674373336626071,-1.461440576166749,0.001192415045823164,-0.34097028968400567,-0.997471732522988,1.35754041339649,0.9841231756854657,0
-0.9738162891597597,-1.1099901739376037,-0.502969299721533,-0.36264923542342725,-0.911310674287764,-1.177851894974348,-0.8841543251310949,-0.8828162337175963,-0.12972463988633004,-0.7996548742607882,-0.7394662468772634,0.12733440796637835,0.9841231756854657,0
-0.634918112038349,0.9009088760241706,-1.179024470547907,-0.4823870366330575,-0.911310674287764,-1.177851894974348,-0.17154109432699713,-1.461440576166749,-0.005521280078902488,0.3470565871811683,-0.7394662468772634,0.4844909901880236,-1.0161329645585022,1
-1.143265377720465,-1.1099901739376037,1.5251962127575889,-0.36302825246761494,-0.911310674287764,-1.177851894974348,-1.3117222636135537,-0.8828162337175963,1.327147202179168,-1.3730106049817663,-0.997471732522988,0.6630692812988462,0.9841231756854657,0
-0.2960199349169384,0.9009088760241706,-0.502969299721533,0.3309519554400602,0.10257878806523006,0.9048055324001227,-0.6545345063164412,-0.8828162337175963,-1.0427871768490378,-1.0289971665491795,-0.4814607612315388,-1.102871597463733,0.9841231756854657,0
-0.634918112038349,-1.1099901739376037,0.8491410419312149,-0.36531814710958227,-0.5733475201700994,-1.177851894974348,1.0161476236798326,-0.3041918912684436,0.5114332445249834,1.6084391947673204,-0.7394662468772634,-0.7258729828964409,0.9841231756854657,0
-0.9738162891597597,-1.1099901739376037,0.8491410419312149,-0.3707823094966216,-0.5733475201700994,-1.177851894974348,0.38271364074285674,-0.8828162337175963,0.4040141225293712,0.8057411717579506,-0.7394662468772634,0.7622794430270811,-1.0161329645585022,0
-0.8043672005990544,-1.1099901739376037,0.8491410419312149,-0.36509705383380614,-0.911310674287764,-1.177851894974348,0.8577891279455886,1.4316811360790147,-0.12972463988633004,1.379096902478929,-0.4814607612315388,-0.9441353386985575,-1.0161329645585022,0
-0.9738162891597597,0.9009088760241706,1.5251962127575889,-1.0222968160784334,-0.911310674287764,0.9048055324001227,-0.646616581529729,-0.8828162337175963,-0.21700267650776528,2.525808363920885,-0.4814607612315388,-0.011559818453150373,-1.0161329645585022,1
-1.143265377720465,-1.1099901739376037,-1.179024470547907,-0.9808892040009274,-0.911310674287764,0.9048055324001227,-0.646616581529729,0.2744324511807092,0.15896425047687956,1.952452633199907,-0.7394662468772634,-1.2814498885745558,-1.0161329645585022,1
-1.143265377720465,-1.1099901739376037,1.5251962127575889,-0.9562846808824093,-0.404365943111267,0.9048055324001227,-0.646616581529729,0.853056793629862,0.7061304031420315,1.6084391947673204,-0.7394662468772634,-1.102871597463733,-1.0161329645585022,1
-0.2960199349169384,0.9009088760241706,-1.179024470547907,-0.9480410601713268,-0.911310674287764,0.9048055324001227,-0.646616581529729,-1.461440576166749,-1.0495008719737637,1.6084391947673204,-0.7394662468772634,0.8614896047553159,-1.0161329645585022,1
-0.46546902347764374,-1.1099901739376037,0.8491410419312149,-0.90224316733198,-0.404365943111267,0.9048055324001227,-0.646616581529729,0.853056793629862,0.23617174441122635,1.1497546101905376,-0.997471732522988,-0.13061201252703214,-1.0161329645585022,1
-0.8043672005990544,-1.1099901739376037,0.8491410419312149,-0.881744662192162,-0.911310674287764,0.9048055324001227,-0.646616581529729,-0.8828162337175963,2.3241309282009484,1.035083464046342,-0.7394662468772634,0.38528082845978884,-1.0161329645585022,1
-0.8043672005990544,0.9009088760241706,-1.179024470547907,-0.362317595509763,-0.911310674287764,0.21058638994196582,0.8577891279455886,-1.461440576166749,0.7497694214527494,1.379096902478929,-0.4814607612315388,-2.670392152769843,0.9841231756854657,0
-0.46546902347764374,0.9009088760241706,-0.502969299721533,-0.4722167459473543,-0.23538436605243465,0.21058638994196582,-0.4090788379283631,-0.3041918912684436,2.6933841600608672,0.003043148748581378,-0.4814607612315388,-1.6386064707962011,-1.0161329645585022,1
-0.2960199349169384,0.9009088760241706,-0.502969299721533,-0.3641179264696546,-0.23538436605243465,-1.177851894974348,0.4975235501501836,-0.3041918912684436,0.4745079213389917,0.9204123179021463,-0.997471732522988,-0.22982217425526694,0.9841231756854657,0
-0.8043672005990544,-1.1099901739376037,-1.179024470547907,-0.354942555524944,-0.911310674287764,-1.177851894974348,-0.7257958293968509,0.853056793629862,-1.3482603050240614,-0.570312581972397,-0.997471732522988,-0.20998014190961997,0.9841231756854657,0
-0.8043672005990544,0.9009088760241706,-0.502969299721533,-0.8535078924001785,-0.404365943111267,0.9048055324001227,-0.646616581529729,1.4316811360790147,0.001192415045823164,0.8057411717579506,-0.997471732522988,0.5440170872249644,0.9841231756854657,0
-0.634918112038349,-1.1099901739376037,-1.179024470547907,-0.3602487941435718,-0.5733475201700994,-1.177851894974348,0.38271364074285674,-1.461440576166749,-1.3482603050240614,0.8057411717579506,-0.997471732522988,-0.5869787564769122,-1.0161329645585022,0
-0.8043672005990544,-1.1099901739376037,1.5251962127575889,-0.8414741012472191,-0.911310674287764,0.9048055324001227,-0.646616581529729,-0.8828162337175963,-0.5896127559300467,0.8057411717579506,-0.4814607612315388,-0.6663468858595001,-1.0161329645585022,0
-0.2960199349169384,-1.1099901739376037,0.8491410419312149,-0.3581799927773806,-0.404365943111267,-1.177851894974348,-0.5674373336626071,-0.3041918912684436,1.3103629643673533,-0.45564143582820127,-0.997471732522988,-1.2417658238832618,-1.0161329645585022,0
-0.8043672005990544,0.9009088760241706,-1.179024470547907,-0.3563796618174891,-0.7423290972289317,0.21058638994196582,-0.09236184645987515,1.4316811360790147,0.001192415045823164,0.23238544103697253,-0.4814607612315388,0.14717644031202531,0.9841231756854657,0
-0.9738162891597597,0.9009088760241706,1.5251962127575889,-0.3563954541943302,-0.911310674287764,-1.177851894974348,-0.9474977234247925,0.2744324511807092,-1.2979075915886182,-0.9143260204049839,-0.7394662468772634,0.9606997664835506,0.9841231756854657,0
-1.143265377720465,0.9009088760241706,1.5251962127575889,-0.837462837529566,-0.911310674287764,0.9048055324001227,-0.646616581529729,-0.3041918912684436,1.3103629643673533,0.6910700256137552,-0.997471732522988,0.40512286080543575,-1.0161329645585022,1
-0.8043672005990544,0.9009088760241706,0.8491410419312149,-0.8355045828012628,-0.5733475201700994,0.9048055324001227,-0.646616581529729,-0.8828162337175963,0.6826324702054911,0.6910700256137552,-0.4814607612315388,-0.5274526594399713,0.9841231756854657,0
-0.634918112038349,-1.1099901739376037,0.8491410419312149,-0.8123371659752898,-0.7423290972289317,0.9048055324001227,-0.646616581529729,0.2744324511807092,-1.4993184453303918,0.5763988794695595,-0.7394662468772634,1.0003838311748445,0.9841231756854657,0
-1.143265377720465,-1.1099901739376037,0.8491410419312149,-0.3598066075920195,-0.911310674287764,-1.177851894974348,-0.7257958293968509,-1.461440576166749,-1.173704231781191,-0.570312581972397,-0.7394662468772634,-0.8449251769703227,0.9841231756854657,0
-0.9738162891597597,0.9009088760241706,1.5251962127575889,-0.8087207116786655,-0.7423290972289317,0.9048055324001227,-0.646616581529729,0.853056793629862,-1.7510820125076092,0.5763988794695595,-0.7394662468772634,0.7027533459901402,0.9841231756854657,0
-0.9738162891597597,0.9009088760241706,1.5251962127575889,-0.35926966677942024,-0.911310674287764,0.21058638994196582,0.30353439287573475,-0.8828162337175963,-1.173704231781191,0.6910700256137552,-0.4814607612315388,0.8416475724096689,-1.0161329645585022,0
-0.634918112038349,0.9009088760241706,0.8491410419312149,-0.7908595334713202,-0.404365943111267,0.9048055324001227,-0.646616581529729,0.853056793629862,1.0955247203761276,0.4617277333253637,-0.7394662468772634,-0.2893482712922078,-1.0161329645585022,0
-0.634918112038349,-1.1099901739376037,1.5251962127575889,-0.364165303600178,-0.5733475201700994,-1.177851894974348,-0.5674373336626071,1.4316811360790147,1.0787404825643134,-0.34097028968400567,-0.4814607612315388,0.22654456969461315,-1.0161329645585022,0
-0.8043672005990544,-1.1099901739376037,-1.179024470547907,-0.7906542325723852,-0.5733475201700994,0.9048055324001227,-0.646616581529729,0.853056793629862,1.0015329886299666,0.4617277333253637,-0.4814607612315388,0.7225953783357871,0.9841231756854657,0
-0.8043672005990544,0.9009088760241706,-1.179024470547907,-0.7934810680269518,-0.911310674287764,0.9048055324001227,-0.646616581529729,1.4316811360790147,-0.005521280078902488,0.5763988794695595,-0.4814607612315388,0.9210157017922567,-1.0161329645585022,0
-0.8043672005990544,0.9009088760241706,0.8491410419312149,-0.3582115775310629,-0.23538436605243465,-1.177851894974348,0.5410721364771007,0.853056793629862,-0.811164695045998,1.035083464046342,-0.997471732522988,0.782121475372728,-1.0161329645585022,0
-0.8043672005990544,-1.1099901739376037,0.8491410419312149,-0.7694924476052387,-0.911310674287764,0.9048055324001227,-0.646616581529729,0.853056793629862,-0.5661148229935064,0.4617277333253637,-0.4814607612315388,-0.36871640067479566,-1.0161329645585022,0
-0.8043672005990544,-1.1099901739376037,-1.179024470547907,-0.7701557274325672,-0.911310674287764,0.9048055324001227,-0.646616581529729,-0.8828162337175963,-1.0427871768490378,0.4617277333253637,-0.997471732522988,-0.44808453005738347,0.9841231756854657,0
-0.9738162891597597,-1.1099901739376037,-0.502969299721533,-0.7422348051774068,-0.911310674287764,0.9048055324001227,-0.646616581529729,-0.8828162337175963,0.9108981044461687,0.3470565871811683,-0.997471732522988,0.008282213892496587,0.9841231756854657,0
-0.8043672005990544,-1.1099901739376037,0.8491410419312149,-0.35893802686575604,-0.911310674287764,0.21058638994196582,-0.4090788379283631,-0.8828162337175963,-1.7510820125076092,-0.2262991435398101,-0.4814607612315388,-1.2219237915376149,0.9841231756854657,0
-0.9738162891597597,0.9009088760241706,-1.179024470547907,-0.35239998285351826,-0.911310674287764,0.21058638994196582,0.22435514500861276,0.853056793629862,1.092167872813765,0.5763988794695595,-0.997471732522988,-0.5274526594399713,0.9841231756854657,0
-0.9738162891597597,0.9009088760241706,-1.179024470547907,-0.7378287320387248,-0.5733475201700994,0.9048055324001227,-0.646616581529729,-1.461440576166749,1.253296555807184,0.3470565871811683,-0.4814607612315388,-0.38855843302044263,-1.0161329645585022,1
-0.8043672005990544,-1.1099901739376037,-0.502969299721533,-0.7187515408146107,-0.7423290972289317,0.9048055324001227,-0.646616581529729,0.2744324511807092,0.5114332445249834,0.23238544103697253,-0.997471732522988,0.008282213892496587,0.9841231756854657,0
-0.634918112038349,-1.1099901739376037,-0.502969299721533,-0.35565321248279597,-0.7423290972289317,-1.177851894974348,0.0026532509806712224,1.4316811360790147,1.6628319584154578,0.3470565871811683,-0.997471732522988,1.4765926074703717,-1.0161329645585022,0
-0.46546902347764374,-1.1099901739376037,1.5251962127575889,-0.6984583365737277,-0.23538436605243465,0.9048055324001227,-0.646616581529729,-1.461440576166749,-0.41841353024953903,0.1177142948927768,-0.4814607612315388,-1.2219237915376149,0.9841231756854657,0
-0.9738162891597597,0.9009088760241706,-1.179024470547907,-0.6793495605959312,-0.911310674287764,0.9048055324001227,-0.646616581529729,0.853056793629862,0.2865244578466693,0.1177142948927768,-0.7394662468772634,-1.6187644384505542,-1.0161329645585022,0
-0.9738162891597597,-1.1099901739376037,0.8491410419312149,-0.6816710399915809,-0.911310674287764,0.9048055324001227,-0.646616581529729,0.853056793629862,0.5114332445249834,0.1177142948927768,-0.4814607612315388,-0.7258729828964409,0.9841231756854657,0
-0.9738162891597597,-1.1099901739376037,0.8491410419312149,-0.46782646518551346,-0.911310674287764,-1.177851894974348,-0.4090788379283631,-1.461440576166749,-1.0427871768490378,0.003043148748581378,-0.4814607612315388,-0.7655570475877348,-1.0161329645585022,1
-0.46546902347764374,0.9009088760241706,0.8491410419312149,-0.6818447561368336,-0.5733475201700994,0.9048055324001227,-0.646616581529729,-0.8828162337175963,-1.0092187012254088,0.1177142948927768,-0.4814607612315388,0.4249648931510827,0.9841231756854657,0
-0.634918112038349,-1.1099901739376037,0.8491410419312149,-0.3608015273330122,-0.404365943111267,-1.177851894974348,0.38271364074285674,0.853056793629862,0.8336906105118219,0.8057411717579506,-0.7394662468772634,0.46464895784237664,-1.0161329645585022,0
-0.46546902347764374,-1.1099901739376037,0.8491410419312149,-0.35870114121313873,-0.5733475201700994,0.21058638994196582,-0.4090788379283631,0.853056793629862,-1.173704231781191,-0.2262991435398101,-0.4814607612315388,0.4448069254967297,0.9841231756854657,0
-0.634918112038349,0.9009088760241706,-1.179024470547907,-0.6259871192496717,-0.911310674287764,0.9048055324001227,-0.646616581529729,0.853056793629862,0.03476089066945202,0.003043148748581378,-0.4814607612315388,-1.0433455004267922,-1.0161329645585022,0
-0.9738162891597597,0.9009088760241706,-1.179024470547907,-0.6157378666797626,-0.7423290972289317,0.9048055324001227,-0.646616581529729,-1.461440576166749,0.001192415045823164,-0.11162799739561437,-0.7394662468772634,-0.26950623894656084,-1.0161329645585022,1
-0.634918112038349,0.9009088760241706,-1.179024470547907,-0.3558900981354133,-0.7423290972289317,-1.177851894974348,-1.042512820865339,0.853056793629862,0.5651428055227898,-1.0289971665491795,-0.7394662468772634,-1.9759210206721993,0.9841231756854657,0
-0.2960199349169384,-1.1099901739376037,0.8491410419312149,-0.3571850730363879,-0.06640278899360229,-1.177851894974348,-0.47242223622206064,0.2744324511807092,-1.0427871768490378,-0.2262991435398101,-0.997471732522988,-0.22982217425526694,-1.0161329645585022,0
-0.9738162891597597,0.9009088760241706,0.8491410419312149,-0.35522681830808484,-0.911310674287764,-1.177851894974348,0.1610117467149152,0.853056793629862,1.6628319584154578,0.4617277333253637,-0.4814607612315388,-0.15045404487267908,0.9841231756854657,0
-0.8043672005990544,0.9009088760241706,0.8491410419312149,-0.6219916479088596,-0.7423290972289317,0.9048055324001227,-0.646616581529729,0.853056793629862,1.1861596045599256,0.003043148748581378,-0.7394662468772634,-0.36871640067479566,0.9841231756854657,0
-0.8043672005990544,0.9009088760241706,0.8491410419312149,-0.3556847972364783,-0.404365943111267,-1.177851894974348,-0.2507203421941191,0.2744324511807092,-0.11965409719924096,0.003043148748581378,-0.7394662468772634,-0.07108591549009124,0.9841231756854657,0
-0.46546902347764374,-1.1099901739376037,-0.502969299721533,-0.6163063922460441,-0.5733475201700994,0.9048055324001227,-0.646616581529729,0.2744324511807092,0.001192415045823164,-0.11162799739561437,-0.4814607612315388,1.0003838311748445,0.9841231756854657,0
-0.8043672005990544,0.9009088760241706,-1.179024470547907,-0.6021090454658466,-0.5733475201700994,0.9048055324001227,-0.646616581529729,-1.461440576166749,0.001192415045823164,-0.11162799739561437,-0.7394662468772634,-0.7655570475877348,0.9841231756854657,0
-0.46546902347764374,-1.1099901739376037,-0.502969299721533,-0.3546425003649621,-0.911310674287764,0.21058638994196582,-0.8841543251310949,1.4316811360790147,-1.4724636648314886,-0.7996548742607882,-0.4814607612315388,0.6233852166075523,-1.0161329645585022,0
-1.143265377720465,0.9009088760241706,1.5251962127575889,-0.352889546535594,-0.911310674287764,-1.177851894974348,-0.6624524311031534,0.2744324511807092,-0.707102420612748,-0.570312581972397,-0.7394662468772634,1.1392780575943733,0.9841231756854657,0
-0.634918112038349,-1.1099901739376037,0.8491410419312149,-0.5992032481270743,-0.404365943111267,0.9048055324001227,-0.646616581529729,-0.8828162337175963,2.206641263518246,-0.11162799739561437,-0.997471732522988,-1.5592383414136133,0.9841231756854657,0
-0.8043672005990544,0.9009088760241706,0.8491410419312149,-0.6039567535562617,-0.911310674287764,0.9048055324001227,-0.646616581529729,-0.8828162337175963,0.8269769153870962,-0.11162799739561437,-0.997471732522988,-0.32903233598350173,0.9841231756854657,0
-0.2960199349169384,0.9009088760241706,-1.179024470547907,-0.5993611718954858,-0.06640278899360229,0.9048055324001227,-0.646616581529729,0.853056793629862,1.9750187817152072,-0.11162799739561437,-0.997471732522988,-1.182239726846321,0.9841231756854657,0
-0.2960199349169384,-1.1099901739376037,-0.502969299721533,-0.5970396924998361,-0.404365943111267,0.9048055324001227,-0.646616581529729,1.4316811360790147,0.7061304031420315,-0.11162799739561437,-0.7394662468772634,-0.22982217425526694,0.9841231756854657,0
-0.2960199349169384,0.9009088760241706,-1.179024470547907,-0.3554794963375433,-0.404365943111267,0.21058638994196582,0.4618928886099787,1.4316811360790147,-0.8447331706696268,0.9204123179021463,-0.997471732522988,-0.2893482712922078,0.9841231756854657,0
-0.46546902347764374,0.9009088760241706,1.5251962127575889,-0.3563480770638068,-0.06640278899360229,-1.177851894974348,0.12934004756806639,-0.8828162337175963,0.16232109803924238,0.4617277333253637,-0.997471732522988,-0.03140185079879733,0.9841231756854657,0
-0.2960199349169384,0.9009088760241706,1.5251962127575889,-0.5575429580201098,0.10257878806523006,0.9048055324001227,-0.646616581529729,0.853056793629862,-0.11965409719924096,-0.2262991435398101,-0.997471732522988,0.06780831092943747,0.9841231756854657,0
-0.8043672005990544,0.9009088760241706,-1.179024470547907,-0.5677922105900188,-0.911310674287764,0.9048055324001227,-0.646616581529729,-0.8828162337175963,2.0589399707742797,-0.11162799739561437,-0.7394662468772634,-3.7220198670891316,0.9841231756854657,0
-1.143265377720465,-1.1099901739376037,-1.179024470547907,-0.5544160674055613,-0.911310674287764,0.9048055324001227,-0.646616581529729,1.4316811360790147,-1.173704231781191,-0.2262991435398101,-0.997471732522988,0.821805540064022,0.9841231756854657,0
-0.634918112038349,0.9009088760241706,0.8491410419312149,-0.546804141768125,-0.06640278899360229,0.9048055324001227,-0.646616581529729,0.853056793629862,-0.6063969937418614,-0.2262991435398101,-0.997471732522988,-1.142555662155027,0.9841231756854657,0
-0.634918112038349,0.9009088760241706,-0.502969299721533,-0.5175408674814665,-0.7423290972289317,0.9048055324001227,-0.646616581529729,-1.461440576166749,-1.371758237960602,-0.2262991435398101,-0.7394662468772634,-0.13061201252703214,-1.0161329645585022,0
-0.8043672005990544,-1.1099901739376037,-1.179024470547907,-0.3512155545904317,-0.404365943111267,-1.177851894974348,-0.5674373336626071,1.4316811360790147,-1.6839450612603513,-0.45564143582820127,-0.997471732522988,0.5043330225336705,0.9841231756854657,0
-0.9738162891597597,0.9009088760241706,-0.502969299721533,-0.5175250751046253,-0.5733475201700994,0.9048055324001227,-0.646616581529729,0.853056793629862,-1.0964967378468442,-0.2262991435398101,-0.997471732522988,-1.7973427295613766,0.9841231756854657,0
-0.9738162891597597,-1.1099901739376037,0.8491410419312149,-0.35663233984694753,-0.7423290972289317,0.21058638994196582,-1.042512820865339,0.2744324511807092,-1.8752853723150364,-1.0289971665491795,-0.7394662468772634,-0.20998014190961997,0.9841231756854657,0
-0.46546902347764374,0.9009088760241706,0.8491410419312149,-0.489920000386288,-0.7423290972289317,0.9048055324001227,-0.646616581529729,1.4316811360790147,0.001192415045823164,-0.34097028968400567,-0.7394662468772634,-1.4600281796853785,0.9841231756854657,0
-0.634918112038349,-1.1099901739376037,-0.502969299721533,-0.3520999276935363,-0.06640278899360229,-1.177851894974348,0.8577891279455886,0.2744324511807092,-0.08944246913797492,1.379096902478929,-0.997471732522988,0.14717644031202531,0.9841231756854657,0
-0.634918112038349,-1.1099901739376037,-1.179024470547907,-0.35731141205111716,-0.911310674287764,-1.177851894974348,0.8577891279455886,0.2744324511807092,-1.1233515183457474,1.379096902478929,-0.7394662468772634,-1.0036614357354983,0.9841231756854657,0
-0.8043672005990544,-1.1099901739376037,-1.179024470547907,-0.4772703065365236,-0.7423290972289317,0.9048055324001227,-0.646616581529729,-0.8828162337175963,0.5785701957722418,-0.34097028968400567,-0.4814607612315388,-0.8647672093159696,-1.0161329645585022,0
-0.8043672005990544,0.9009088760241706,-1.179024470547907,-0.3512787240977963,-0.7423290972289317,-1.177851894974348,0.675676857851208,-1.461440576166749,0.561785957960427,1.1497546101905376,-0.4814607612315388,-1.2219237915376149,0.9841231756854657,0
-0.2960199349169384,-1.1099901739376037,-0.502969299721533,-0.3549583479017852,0.4405419421828948,-1.177851894974348,-1.042512820865339,0.853056793629862,-1.7510820125076092,-1.0289971665491795,-0.997471732522988,-0.24966420660091387,-1.0161329645585022,0
-0.8043672005990544,0.9009088760241706,-0.502969299721533,-0.545461789736627,-0.911310674287764,0.9048055324001227,-0.646616581529729,-1.461440576166749,1.4446368668618692,-0.2262991435398101,-0.997471732522988,-1.2417658238832618,-1.0161329645585022,1
-0.8043672005990544,0.9009088760241706,-0.502969299721533,-0.42957732847623825,-0.911310674287764,0.9048055324001227,-0.646616581529729,-1.461440576166749,0.2965950005337584,-0.45564143582820127,-0.4814607612315388,-0.20998014190961997,0.9841231756854657,0
-0.634918112038349,-1.1099901739376037,-1.179024470547907,-0.5437404206609411,0.10257878806523006,0.9048055324001227,-0.646616581529729,1.4316811360790147,1.357358830240434,-0.2262991435398101,-0.4814607612315388,1.258330251668255,-1.0161329645585022,1
-0.9738162891597597,0.9009088760241706,0.8491410419312149,-0.4099158193090014,-0.911310674287764,0.9048055324001227,-0.646616581529729,-0.8828162337175963,0.5785701957722418,-0.45564143582820127,-0.4814607612315388,-0.9838194033898514,0.9841231756854657,0
-0.9738162891597597,0.9009088760241706,1.5251962127575889,-0.3579431071247633,-0.911310674287764,-1.177851894974348,0.8577891279455886,0.2744324511807092,-1.1233515183457474,1.379096902478929,-0.997471732522988,0.6035431842619053,0.9841231756854657,0
-0.634918112038349,-1.1099901739376037,-1.179024470547907,-0.35543211920701984,-0.5733475201700994,0.21058638994196582,-0.5674373336626071,0.853056793629862,0.03476089066945202,-0.45564143582820127,-0.4814607612315388,0.40512286080543575,0.9841231756854657,0
-0.634918112038349,-1.1099901739376037,-1.179024470547907,-0.35255790662192976,-0.5733475201700994,-1.177851894974348,-0.5674373336626071,-0.3041918912684436,-1.1233515183457474,-0.45564143582820127,-0.7394662468772634,-1.182239726846321,0.9841231756854657,0
-0.9738162891597597,-1.1099901739376037,-1.179024470547907,-0.3903174796491292,-0.911310674287764,0.9048055324001227,-0.646616581529729,-0.8828162337175963,-0.21028898138303903,-0.45564143582820127,-0.997471732522988,0.9011736694466097,-1.0161329645585022,0
-0.9738162891597597,-1.1099901739376037,-1.179024470547907,-0.3376341105070392,-0.911310674287764,0.9048055324001227,-0.646616581529729,-0.8828162337175963,0.16232109803924238,-0.570312581972397,-0.4814607612315388,0.6233852166075523,0.9841231756854657,0
-0.46546902347764374,-1.1099901739376037,0.8491410419312149,-0.33469672841458453,-0.404365943111267,0.9048055324001227,-0.646616581529729,0.2744324511807092,-1.1804179269059165,-0.570312581972397,-0.4814607612315388,-0.30919030363785477,0.9841231756854657,0
-0.8043672005990544,0.9009088760241706,-0.502969299721533,-0.3193307457481416,-0.7423290972289317,0.9048055324001227,-0.646616581529729,-0.8828162337175963,-0.005521280078902488,-0.570312581972397,-0.7394662468772634,-0.15045404487267908,0.9841231756854657,0
-1.143265377720465,0.9009088760241706,1.5251962127575889,-0.4109739085573587,-0.911310674287764,0.9048055324001227,-0.646616581529729,0.853056793629862,1.4345663241747801,-0.45564143582820127,-0.7394662468772634,0.46464895784237664,-1.0161329645585022,1
-0.634918112038349,0.9009088760241706,1.5251962127575889,-0.35239998285351826,-0.7423290972289317,-1.177851894974348,-0.17154109432699713,-1.461440576166749,0.001192415045823164,0.1177142948927768,-0.7394662468772634,-2.134657279437375,-1.0161329645585022,0
-0.9738162891597597,0.9009088760241706,1.5251962127575889,-0.30224339400601286,-0.911310674287764,0.9048055324001227,-0.646616581529729,-1.461440576166749,-1.2979075915886182,-0.570312581972397,-0.7394662468772634,1.1392780575943733,-1.0161329645585022,0
-0.8043672005990544,0.9009088760241706,0.8491410419312149,-0.35029959673364475,-0.911310674287764,0.21058638994196582,-0.4090788379283631,0.2744324511807092,-1.173704231781191,-0.2262991435398101,-0.7394662468772634,0.0479662785837905,0.9841231756854657,0
-1.143265377720465,-1.1099901739376037,-1.179024470547907,-0.3605330569267126,-0.911310674287764,-1.177851894974348,-0.4090788379283631,0.853056793629862,-1.2979075915886182,-0.2262991435398101,-0.7394662468772634,-0.7655570475877348,-1.0161329645585022,0
-0.8043672005990544,-1.1099901739376037,0.8491410419312149,-0.35263686850613557,-0.911310674287764,-1.177851894974348,-0.3298995900612411,1.4316811360790147,-1.173704231781191,-0.11162799739561437,-0.4814607612315388,-1.0433455004267922,-1.0161329645585022,0
-0.9738162891597597,0.9009088760241706,0.8491410419312149,-0.4077048865512398,-0.7423290972289317,0.9048055324001227,-0.646616581529729,-1.461440576166749,0.001192415045823164,-0.45564143582820127,-0.997471732522988,-0.24966420660091387,-1.0161329645585022,1
-0.8043672005990544,-1.1099901739376037,-1.179024470547907,-0.22609255287796787,-0.911310674287764,0.9048055324001227,-0.646616581529729,1.4316811360790147,-0.6936750303632967,-0.6849837281165926,-0.7394662468772634,-0.4877685947486774,0.9841231756854657,0
-0.634918112038349,0.9009088760241706,-1.179024470547907,-0.22138642457930394,-0.911310674287764,0.9048055324001227,-0.646616581529729,-1.461440576166749,-0.9857207682888686,-0.6849837281165926,-0.997471732522988,-0.7655570475877348,0.9841231756854657,0
-0.8043672005990544,-1.1099901739376037,-0.502969299721533,-0.20065103378686863,-0.911310674287764,0.9048055324001227,-0.646616581529729,0.853056793629862,0.23617174441122635,-0.6849837281165926,-0.4814607612315388,0.22654456969461315,0.9841231756854657,0
-0.9738162891597597,-1.1099901739376037,-0.502969299721533,-0.18018411340073295,-0.911310674287764,0.9048055324001227,-0.646616581529729,-0.8828162337175963,-0.5459737376193288,-0.6849837281165926,-0.7394662468772634,1.5559607368529593,-1.0161329645585022,0
-0.634918112038349,-1.1099901739376037,-1.179024470547907,-0.35672709410799447,-0.911310674287764,-1.177851894974348,-0.09236184645987515,0.2744324511807092,-0.6936750303632967,0.23238544103697253,-0.7394662468772634,-1.8767108589439645,-1.0161329645585022,0
-0.2960199349169384,-1.1099901739376037,1.5251962127575889,-0.27757570138013016,0.2715603651240624,0.9048055324001227,-0.646616581529729,-0.3041918912684436,0.8336906105118219,-0.570312581972397,-0.997471732522988,0.16701847265767225,-1.0161329645585022,1
-0.46546902347764374,-1.1099901739376037,-1.179024470547907,-0.16391796525434424,-0.911310674287764,0.9048055324001227,-0.646616581529729,-0.3041918912684436,-0.005521280078902488,-0.6849837281165926,-0.4814607612315388,0.12733440796637835,0.9841231756854657,0
-0.2960199349169384,-1.1099901739376037,1.5251962127575889,-0.2722378780078201,-0.06640278899360229,0.9048055324001227,-0.646616581529729,-0.3041918912684436,0.3301634761573873,-0.570312581972397,-0.7394662468772634,0.4448069254967297,-1.0161329645585022,1
-1.143265377720465,0.9009088760241706,0.8491410419312149,-0.13392824163299263,-0.7423290972289317,0.9048055324001227,-0.646616581529729,-0.8828162337175963,-1.8752853723150364,-0.6849837281165926,-0.997471732522988,-1.7973427295613766,-1.0161329645585022,0
-0.9738162891597597,-1.1099901739376037,-0.502969299721533,-0.4628518664805499,-0.911310674287764,-1.177851894974348,0.06599664927436881,-0.8828162337175963,0.860545391010725,0.6910700256137552,-0.4814607612315388,1.298014316359549,-1.0161329645585022,1
-0.9738162891597597,-1.1099901739376037,-1.179024470547907,-0.10502819201368065,-0.911310674287764,0.9048055324001227,-0.646616581529729,0.2744324511807092,-1.0495008719737637,-0.6849837281165926,-0.997471732522988,-0.2893482712922078,0.9841231756854657,0
-0.634918112038349,-1.1099901739376037,1.5251962127575889,-0.3552741954386083,-0.7423290972289317,-1.177851894974348,0.06599664927436881,-1.461440576166749,0.9343960373827085,0.3470565871811683,-0.4814607612315388,0.5440170872249644,0.9841231756854657,0
-0.634918112038349,-1.1099901739376037,0.8491410419312149,-0.3571692806595468,-0.23538436605243465,-1.177851894974348,0.38271364074285674,-0.3041918912684436,0.4040141225293712,0.8057411717579506,-0.4814607612315388,0.5440170872249644,0.9841231756854657,0
-0.46546902347764374,-1.1099901739376037,-1.179024470547907,-0.46897930869491766,-0.5733475201700994,-1.177851894974348,-0.7257958293968509,-0.8828162337175963,0.25966967734776614,-0.45564143582820127,-0.7394662468772634,0.6233852166075523,-1.0161329645585022,1
-0.8043672005990544,-1.1099901739376037,1.5251962127575889,-0.07404354865133633,-0.911310674287764,0.9048055324001227,-0.646616581529729,1.4316811360790147,2.17642963545698,-0.7996548742607882,-0.7394662468772634,1.238488219322608,-1.0161329645585022,0
-0.2960199349169384,-1.1099901739376037,0.8491410419312149,-0.06489976246030812,-0.911310674287764,0.9048055324001227,-0.646616581529729,0.853056793629862,-0.41841353024953903,-0.7996548742607882,-0.4814607612315388,0.305912699077201,0.9841231756854657,0
-0.634918112038349,0.9009088760241706,1.5251962127575889,-0.4707480549011269,-0.7423290972289317,-1.177851894974348,-0.47242223622206064,0.2744324511807092,-0.0995130118250634,-0.11162799739561437,-0.997471732522988,1.6551708985811941,-1.0161329645585022,1
-0.634918112038349,0.9009088760241706,-0.502969299721533,-0.06624211449180623,-0.5733475201700994,0.9048055324001227,-0.646616581529729,-0.8828162337175963,0.5785701957722418,-0.7996548742607882,-0.997471732522988,0.6233852166075523,-1.0161329645585022,0
-0.634918112038349,0.9009088760241706,0.8491410419312149,-0.03762632765563502,-0.23538436605243465,0.9048055324001227,-0.646616581529729,-0.8828162337175963,-0.0860856215756121,-0.7996548742607882,-0.4814607612315388,-0.8647672093159696,0.9841231756854657,0
-0.634918112038349,-1.1099901739376037,-0.502969299721533,0.11548076581935383,-0.911310674287764,0.9048055324001227,-0.646616581529729,-0.8828162337175963,-0.3680608168140954,-0.9143260204049839,-0.7394662468772634,0.22654456969461315,0.9841231756854657,0
-0.634918112038349,0.9009088760241706,-1.179024470547907,0.13910616157372035,-0.7423290972289317,0.9048055324001227,-0.646616581529729,0.853056793629862,0.16232109803924238,-0.9143260204049839,-0.7394662468772634,-1.182239726846321,0.9841231756854657,0
-0.634918112038349,0.9009088760241706,0.8491410419312149,0.14332272619030847,-0.23538436605243465,0.9048055324001227,-0.646616581529729,1.4316811360790147,1.223084927745918,-0.9143260204049839,-0.7394662468772634,0.10749237562073138,0.9841231756854657,0
-0.2960199349169384,0.9009088760241706,-0.502969299721533,0.4570856692703578,-0.404365943111267,0.9048055324001227,-0.6426576191363729,-0.8828162337175963,0.11868207972852446,-1.0289971665491795,-0.4814607612315388,-1.5195542767223194,0.9841231756854657,0
-0.9738162891597597,0.9009088760241706,-1.179024470547907,-0.3467463119443851,-0.911310674287764,-1.177851894974348,0.06599664927436881,1.4316811360790147,0.001192415045823164,0.3470565871811683,-0.7394662468772634,-2.7299182498067838,0.9841231756854657,0
-0.634918112038349,-1.1099901739376037,-0.502969299721533,-0.35418452143656864,-0.911310674287764,-1.177851894974348,-0.8841543251310949,0.853056793629862,0.16232109803924238,-0.7996548742607882,-0.7394662468772634,0.286070666731554,0.9841231756854657,0
-0.634918112038349,0.9009088760241706,-1.179024470547907,-0.3575798824574168,-0.7423290972289317,-1.177851894974348,0.22435514500861276,0.853056793629862,-0.005521280078902488,0.5763988794695595,-0.4814607612315388,-0.5274526594399713,0.9841231756854657,0
-0.634918112038349,0.9009088760241706,1.5251962127575889,-0.8266450593933754,-0.911310674287764,0.9048055324001227,-0.6386986567430168,0.853056793629862,0.4711510737766289,0.6910700256137552,-0.7394662468772634,1.4567505751247247,-1.0161329645585022,1
-0.8043672005990544,0.9009088760241706,-0.502969299721533,-0.7883643379304179,-0.23538436605243465,0.9048055324001227,-0.6386986567430168,1.4316811360790147,0.5114332445249834,0.5763988794695595,-0.4814607612315388,-0.22982217425526694,-1.0161329645585022,0
-0.9738162891597597,0.9009088760241706,-0.502969299721533,-0.656766461713081,-0.5733475201700994,0.9048055324001227,-0.6386986567430168,0.2744324511807092,0.11868207972852446,0.003043148748581378,-0.7394662468772634,1.0599099282117854,-1.0161329645585022,1
-0.9738162891597597,0.9009088760241706,-1.179024470547907,-0.35178408015671325,-0.5733475201700994,0.9048055324001227,-0.6386986567430168,1.4316811360790147,-1.1804179269059165,-0.45564143582820127,-0.4814607612315388,0.028124246238143545,0.9841231756854657,0
-1.143265377720465,0.9009088760241706,-1.179024470547907,-0.35048910525573856,-0.911310674287764,-1.177851894974348,-0.4090788379283631,0.2744324511807092,0.7464125738903866,-0.2262991435398101,-0.4814607612315388,-0.2893482712922078,0.9841231756854657,0
-0.634918112038349,-1.1099901739376037,0.8491410419312149,-0.8567611220294562,-0.7423290972289317,0.9048055324001227,-0.6347396943496607,0.853056793629862,-1.0427871768490378,0.9204123179021463,-0.4814607612315388,-0.5671367241312653,0.9841231756854657,0
-0.634918112038349,0.9009088760241706,0.8491410419312149,-0.35334752546398746,-0.911310674287764,0.21058638994196582,0.06599664927436881,1.4316811360790147,0.27645391515958084,0.3470565871811683,-0.7394662468772634,-2.075131182400434,0.9841231756854657,0
-0.46546902347764374,0.9009088760241706,1.5251962127575889,-0.699816480982067,-0.404365943111267,0.9048055324001227,-0.6347396943496607,0.853056793629862,-1.4724636648314886,0.23238544103697253,-0.4814607612315388,-0.9044512740072636,0.9841231756854657,0
-0.9738162891597597,-1.1099901739376037,1.5251962127575889,-0.46446268891834763,-0.23538436605243465,-1.177851894974348,0.30353439287573475,-1.461440576166749,0.19253272610050842,1.035083464046342,-0.7394662468772634,0.5241750548793175,-1.0161329645585022,1
-0.9738162891597597,0.9009088760241706,-0.502969299721533,-0.9713664007657115,-0.911310674287764,0.9048055324001227,-0.6307807319563046,1.4316811360790147,1.2029438423717405,1.8377814870557112,-0.997471732522988,0.4249648931510827,-1.0161329645585022,1
-1.143265377720465,0.9009088760241706,-1.179024470547907,-0.9068071642390735,-0.911310674287764,0.9048055324001227,-0.6307807319563046,-0.3041918912684436,2.3778404891987543,1.2644257563347332,-0.4814607612315388,-0.8449251769703227,-1.0161329645585022,1
-0.2960199349169384,-1.1099901739376037,-1.179024470547907,-0.34974686354420437,-0.5733475201700994,-1.177851894974348,-0.5674373336626071,1.4316811360790147,0.5651428055227898,-0.45564143582820127,-0.4814607612315388,0.305912699077201,-1.0161329645585022,0
-0.634918112038349,0.9009088760241706,-0.502969299721533,-0.3558900981354133,-0.404365943111267,-1.177851894974348,-0.013182598592753173,0.853056793629862,-0.8447331706696268,0.3470565871811683,-0.997471732522988,1.298014316359549,-1.0161329645585022,0
-0.634918112038349,0.9009088760241706,-0.502969299721533,-0.8835765779057358,-0.911310674287764,0.9048055324001227,-0.6307807319563046,-1.461440576166749,-0.707102420612748,1.035083464046342,-0.997471732522988,0.782121475372728,-1.0161329645585022,1
-0.634918112038349,0.9009088760241706,-0.502969299721533,-0.8673893916435529,-0.5733475201700994,0.9048055324001227,-0.6307807319563046,-1.461440576166749,-1.7510820125076092,0.9204123179021463,-0.7394662468772634,-1.142555662155027,-1.0161329645585022,1
-1.143265377720465,-1.1099901739376037,-0.502969299721533,-0.875190825803083,-0.911310674287764,0.9048055324001227,-0.6307807319563046,0.2744324511807092,-0.0860856215756121,1.035083464046342,-0.4814607612315388,-0.8647672093159696,-1.0161329645585022,0
-0.46546902347764374,-1.1099901739376037,0.8491410419312149,-0.3469200280896378,-0.06640278899360229,-1.177851894974348,-0.4882580857954851,-0.8828162337175963,-0.811164695045998,-0.34097028968400567,-0.997471732522988,1.1392780575943733,0.9841231756854657,0
-0.9738162891597597,0.9009088760241706,-0.502969299721533,-0.3442984935340062,-0.5733475201700994,-1.177851894974348,1.6495816066168083,1.4316811360790147,0.27645391515958084,2.2964660716324943,-0.7394662468772634,-0.22982217425526694,-1.0161329645585022,0
-0.634918112038349,0.9009088760241706,-1.179024470547907,-0.7883169607998944,-0.911310674287764,0.9048055324001227,-0.6307807319563046,0.2744324511807092,0.5785701957722418,0.5763988794695595,-0.4814607612315388,-0.11076998018138517,0.9841231756854657,0
-0.9738162891597597,-1.1099901739376037,0.8491410419312149,-0.34251395495095577,-0.911310674287764,-1.177851894974348,-0.6743293182832217,-0.8828162337175963,-0.12972463988633004,-0.570312581972397,-0.4814607612315388,-0.5274526594399713,0.9841231756854657,0
-0.8043672005990544,-1.1099901739376037,1.5251962127575889,-0.7747828938470254,-0.911310674287764,0.9048055324001227,-0.6307807319563046,0.2744324511807092,0.03476089066945202,0.4617277333253637,-0.4814607612315388,0.16701847265767225,0.9841231756854657,0
-1.143265377720465,0.9009088760241706,0.8491410419312149,-0.7723192830598054,-0.911310674287764,0.9048055324001227,-0.6307807319563046,1.4316811360790147,-1.2475548781531747,0.4617277333253637,-0.997471732522988,0.4844909901880236,0.9841231756854657,0
-0.9738162891597597,-1.1099901739376037,0.8491410419312149,-0.7542370115766839,-0.911310674287764,0.9048055324001227,-0.6307807319563046,-1.461440576166749,-1.0092187012254088,0.3470565871811683,-0.997471732522988,-0.4877685947486774,0.9841231756854657,0
-0.634918112038349,0.9009088760241706,1.5251962127575889,-0.3436825908372012,-0.911310674287764,-1.177851894974348,0.38271364074285674,-1.461440576166749,-0.3680608168140954,0.8057411717579506,-0.7394662468772634,0.0479662785837905,0.9841231756854657,0
-0.9738162891597597,-1.1099901739376037,0.8491410419312149,-0.3508207451694028,-0.911310674287764,-1.177851894974348,-0.5674373336626071,1.4316811360790147,-1.0427871768490378,-0.45564143582820127,-0.7394662468772634,-2.4322877646220795,0.9841231756854657,0
-0.634918112038349,-1.1099901739376037,-0.502969299721533,-0.7169670022315603,-0.23538436605243465,0.9048055324001227,-0.6307807319563046,0.853056793629862,1.045172006940684,0.23238544103697253,-0.997471732522988,-0.6266628211682062,-1.0161329645585022,1
-0.634918112038349,-1.1099901739376037,0.8491410419312149,-0.3454355446665693,-0.5733475201700994,-1.177851894974348,0.6598410082777837,0.2744324511807092,0.23617174441122635,1.1497546101905376,-0.4814607612315388,-0.07108591549009124,0.9841231756854657,0
-1.143265377720465,0.9009088760241706,0.8491410419312149,-0.6775018525055162,-0.7423290972289317,0.9048055324001227,-0.6307807319563046,0.853056793629862,1.159304824061023,0.1177142948927768,-0.997471732522988,1.0400678958661385,-1.0161329645585022,1
-1.143265377720465,0.9009088760241706,-1.179024470547907,-0.6738380210783684,-0.911310674287764,0.9048055324001227,-0.6307807319563046,-0.8828162337175963,0.8739727812601764,0.1177142948927768,-0.997471732522988,-0.8449251769703227,0.9841231756854657,0
-0.8043672005990544,0.9009088760241706,0.8491410419312149,-0.6764753480108412,-0.911310674287764,0.9048055324001227,-0.6307807319563046,1.4316811360790147,0.001192415045823164,0.1177142948927768,-0.4814607612315388,0.22654456969461315,-1.0161329645585022,0
-0.46546902347764374,-1.1099901739376037,-1.179024470547907,-0.6731589488741988,-0.7423290972289317,0.9048055324001227,-0.6307807319563046,-0.3041918912684436,0.001192415045823164,0.1177142948927768,-0.4814607612315388,0.18686050500331922,-1.0161329645585022,1
-0.634918112038349,-1.1099901739376037,-1.179024470547907,-0.6597038438055356,-0.911310674287764,0.9048055324001227,-0.6307807319563046,0.2744324511807092,-1.1804179269059165,0.1177142948927768,-0.997471732522988,-1.2219237915376149,0.9841231756854657,0
-0.634918112038349,0.9009088760241706,1.5251962127575889,-0.3433983280540604,-0.404365943111267,-1.177851894974348,-0.4090788379283631,-0.3041918912684436,-1.0964967378468442,-0.2262991435398101,-0.7394662468772634,1.694854963272488,0.9841231756854657,0
-0.9738162891597597,-1.1099901739376037,1.5251962127575889,-0.6341517780765482,-0.911310674287764,0.9048055324001227,-0.6307807319563046,-1.461440576166749,-1.0427871768490378,0.003043148748581378,-0.7394662468772634,-0.5274526594399713,0.9841231756854657,0
-0.46546902347764374,0.9009088760241706,-0.502969299721533,-0.6020142912047997,-0.404365943111267,0.9048055324001227,-0.6307807319563046,0.2744324511807092,-0.5896127559300467,-0.11162799739561437,-0.7394662468772634,-0.30919030363785477,-1.0161329645585022,0
-0.9738162891597597,-1.1099901739376037,0.8491410419312149,-0.3460988244938978,-0.911310674287764,-1.177851894974348,0.4223032646764177,0.2744324511807092,-0.12972463988633004,0.8057411717579506,-0.997471732522988,0.18686050500331922,0.9841231756854657,0
-0.9738162891597597,-1.1099901739376037,0.8491410419312149,-0.34535658278236353,-0.911310674287764,-1.177851894974348,-0.8841543251310949,0.2744324511807092,-1.4724636648314886,-0.7996548742607882,-0.997471732522988,0.0479662785837905,0.9841231756854657,0
-1.143265377720465,0.9009088760241706,0.8491410419312149,-0.3491151684705582,-0.911310674287764,-1.177851894974348,0.6994306322113446,-0.8828162337175963,-1.6705176710108995,1.1497546101905376,-0.997471732522988,-0.686188918205147,0.9841231756854657,0
-0.46546902347764374,0.9009088760241706,-0.502969299721533,-0.6989005231252801,-0.911310674287764,0.9048055324001227,-0.6307807319563046,0.853056793629862,0.9343960373827085,0.23238544103697253,-0.4814607612315388,-0.20998014190961997,-1.0161329645585022,1
-0.8043672005990544,0.9009088760241706,-1.179024470547907,-0.5662287652827446,-0.7423290972289317,0.9048055324001227,-0.6307807319563046,0.2744324511807092,-1.0427871768490378,-0.11162799739561437,-0.4814607612315388,-0.5671367241312653,-1.0161329645585022,0
-0.2960199349169384,-1.1099901739376037,-0.502969299721533,-0.4509917914728432,-0.5733475201700994,-1.177851894974348,1.3328646151483206,-1.461440576166749,0.7430557263280237,2.411137217776689,-0.7394662468772634,-0.40840046536608954,-1.0161329645585022,1
-0.46546902347764374,0.9009088760241706,-0.502969299721533,-0.33949761097429537,-0.5733475201700994,-1.177851894974348,0.4420980766431982,-0.3041918912684436,-1.0427871768490378,0.8057411717579506,-0.4814607612315388,0.6233852166075523,0.9841231756854657,0
-0.46546902347764374,-1.1099901739376037,0.8491410419312149,-0.5587747634137198,-0.911310674287764,0.9048055324001227,-0.6307807319563046,-0.8828162337175963,-0.34120603631519225,-0.11162799739561437,-0.4814607612315388,-0.8052411122790287,0.9841231756854657,0
-0.634918112038349,-1.1099901739376037,-0.502969299721533,-0.5311696886953825,-0.7423290972289317,0.9048055324001227,-0.6307807319563046,-1.461440576166749,-1.4724636648314886,-0.2262991435398101,-0.4814607612315388,1.3972244780877838,0.9841231756854657,0
-0.9738162891597597,-1.1099901739376037,-1.179024470547907,-0.34079258587527,-0.7423290972289317,-1.177851894974348,-0.804975077263973,0.853056793629862,-1.5496711587658354,-0.6849837281165926,-0.4814607612315388,-0.8647672093159696,0.9841231756854657,0
-0.634918112038349,-1.1099901739376037,0.8491410419312149,-0.5285007770092275,-0.404365943111267,0.9048055324001227,-0.6307807319563046,1.4316811360790147,0.001192415045823164,-0.2262991435398101,-0.7394662468772634,-0.051243883144444294,0.9841231756854657,0
-1.143265377720465,0.9009088760241706,-1.179024470547907,-0.3442037392729593,-0.911310674287764,-1.177851894974348,0.8577891279455886,0.853056793629862,-1.6705176710108995,1.379096902478929,-0.997471732522988,0.38528082845978884,-1.0161329645585022,0
-0.9738162891597597,-1.1099901739376037,-0.502969299721533,-0.34161378947101,-0.911310674287764,-1.177851894974348,-1.2800505644667048,0.853056793629862,0.8135495251376443,-1.2583394588375707,-0.7394662468772634,0.7027533459901402,0.9841231756854657,0
-0.9738162891597597,-1.1099901739376037,1.5251962127575889,-0.3381394665659561,-0.7423290972289317,-1.177851894974348,0.8577891279455886,0.2744324511807092,0.2865244578466693,1.379096902478929,-0.4814607612315388,-0.051243883144444294,0.9841231756854657,0
-0.9738162891597597,-1.1099901739376037,0.8491410419312149,-0.6144270994019468,-0.7423290972289317,0.9048055324001227,-0.6307807319563046,0.2744324511807092,0.7464125738903866,0.003043148748581378,-0.4814607612315388,0.3455967637684949,-1.0161329645585022,1
-0.46546902347764374,-1.1099901739376037,1.5251962127575889,-0.48649305461175757,-0.5733475201700994,0.9048055324001227,-0.6307807319563046,-1.461440576166749,0.001192415045823164,-0.34097028968400567,-0.7394662468772634,-1.3806600503027906,-1.0161329645585022,0
-0.8043672005990544,0.9009088760241706,-0.502969299721533,-0.4914834456935623,-0.7423290972289317,0.9048055324001227,-0.6307807319563046,-0.8828162337175963,0.9377528849450718,-0.34097028968400567,-0.7394662468772634,-1.182239726846321,-1.0161329645585022,0
-0.46546902347764374,0.9009088760241706,-1.179024470547907,-0.4873932200917033,-0.7423290972289317,0.9048055324001227,-0.6307807319563046,0.2744324511807092,1.2096575374964662,-0.34097028968400567,-0.4814607612315388,0.0479662785837905,0.9841231756854657,0
-0.46546902347764374,0.9009088760241706,-0.502969299721533,-0.47308532667361775,-0.23538436605243465,0.9048055324001227,-0.6307807319563046,0.853056793629862,1.934736610966852,-0.34097028968400567,-0.7394662468772634,0.2463866020402601,-1.0161329645585022,0
-0.2960199349169384,-1.1099901739376037,-1.179024470547907,-0.4720114450484193,-0.5733475201700994,0.9048055324001227,-0.6307807319563046,-1.461440576166749,1.6628319584154578,-0.34097028968400567,-0.4814607612315388,0.8813316371009629,-1.0161329645585022,0
-0.46546902347764374,-1.1099901739376037,0.8491410419312149,-0.44784910848145354,-0.06640278899360229,0.9048055324001227,-0.6307807319563046,0.2744324511807092,-1.1804179269059165,-0.34097028968400567,-0.997471732522988,-0.9242933063529105,0.9841231756854657,0
-0.9738162891597597,0.9009088760241706,-0.502969299721533,-0.340587284976335,-0.911310674287764,-1.177851894974348,0.8577891279455886,-1.461440576166749,0.001192415045823164,1.379096902478929,-0.4814607612315388,-0.9044512740072636,0.9841231756854657,0
-0.9738162891597597,-1.1099901739376037,1.5251962127575889,-0.33275426606312253,-0.911310674287764,-1.177851894974348,0.8577891279455886,1.4316811360790147,-1.623521805137819,1.2644257563347332,-0.4814607612315388,-0.17029607721832604,0.9841231756854657,0
-0.2960199349169384,-1.1099901739376037,1.5251962127575889,-0.41537998169604073,-0.23538436605243465,0.9048055324001227,-0.6307807319563046,1.4316811360790147,-0.46205254856025635,-0.45564143582820127,-0.997471732522988,0.0479662785837905,0.9841231756854657,0
-0.2960199349169384,-1.1099901739376037,-0.502969299721533,-0.34335095092353696,-0.5733475201700994,-1.177851894974348,0.22435514500861276,-1.461440576166749,0.8336906105118219,0.5763988794695595,-0.7394662468772634,-1.0631875327724392,0.9841231756854657,0
-0.9738162891597597,0.9009088760241706,-0.502969299721533,-0.5051438516611605,-0.911310674287764,0.9048055324001227,-0.6307807319563046,-0.3041918912684436,1.327147202179168,-0.2262991435398101,-0.4814607612315388,0.3654387961141419,-1.0161329645585022,1
-1.143265377720465,0.9009088760241706,-0.502969299721533,-0.34022406030898844,-0.911310674287764,-1.177851894974348,-0.3536533644213777,1.4316811360790147,-0.11965409719924096,-0.11162799739561437,-0.997471732522988,0.8813316371009629,0.9841231756854657,0
-0.634918112038349,-1.1099901739376037,-0.502969299721533,-0.33629175847554105,-0.911310674287764,0.21058638994196582,-1.1691996174527342,1.4316811360790147,1.4312094766124175,-1.143668312693375,-0.4814607612315388,0.08765034327508442,0.9841231756854657,0
-0.634918112038349,0.9009088760241706,-0.502969299721533,-0.3465568034222912,-0.06640278899360229,0.9048055324001227,-0.6307807319563046,0.2744324511807092,-0.34120603631519225,-0.45564143582820127,-0.997471732522988,0.9606997664835506,0.9841231756854657,0
-0.634918112038349,-1.1099901739376037,0.8491410419312149,-0.33591274143135336,-0.404365943111267,0.9048055324001227,-0.6307807319563046,0.2744324511807092,0.04483143335654109,-0.45564143582820127,-0.7394662468772634,0.5638591195706114,-1.0161329645585022,0
-0.634918112038349,0.9009088760241706,-0.502969299721533,-0.34245078544359114,-0.7423290972289317,0.9048055324001227,-0.6307807319563046,0.853056793629862,-0.12972463988633004,-0.45564143582820127,-0.997471732522988,0.8614896047553159,-1.0161329645585022,0
-0.8043672005990544,0.9009088760241706,-0.502969299721533,-0.29963765182722246,-0.7423290972289317,0.9048055324001227,-0.6307807319563046,0.2744324511807092,0.16232109803924238,-0.570312581972397,-0.4814607612315388,0.028124246238143545,-1.0161329645585022,0
-0.634918112038349,-1.1099901739376037,0.8491410419312149,-0.30450170389429787,-0.7423290972289317,0.9048055324001227,-0.6307807319563046,-0.3041918912684436,0.001192415045823164,-0.570312581972397,-0.4814607612315388,-1.12271362980938,0.9841231756854657,0
-0.8043672005990544,0.9009088760241706,1.5251962127575889,-0.29365234100442505,-0.911310674287764,0.9048055324001227,-0.6307807319563046,0.2744324511807092,0.007906110170548816,-0.570312581972397,-0.4814607612315388,0.3654387961141419,0.9841231756854657,0
-0.8043672005990544,-1.1099901739376037,-0.502969299721533,-0.29995349936404553,-0.5733475201700994,0.9048055324001227,-0.6307807319563046,-0.8828162337175963,-0.1397951825734185,-0.570312581972397,-0.4814607612315388,-1.0433455004267922,0.9841231756854657,0
-0.2960199349169384,0.9009088760241706,0.8491410419312149,-0.28322937228926337,-0.23538436605243465,0.9048055324001227,-0.6307807319563046,0.853056793629862,-1.1804179269059165,-0.570312581972397,-0.997471732522988,0.4249648931510827,0.9841231756854657,0
-0.634918112038349,0.9009088760241706,0.8491410419312149,-0.25955659940437337,-0.5733475201700994,0.9048055324001227,-0.6307807319563046,0.2744324511807092,-1.2475548781531747,-0.570312581972397,-0.997471732522988,0.22654456969461315,0.9841231756854657,0
-0.9738162891597597,0.9009088760241706,0.8491410419312149,-0.452302558750659,-0.7423290972289317,-1.177851894974348,-1.01084112171849,0.853056793629862,-1.0427871768490378,-0.9143260204049839,-0.7394662468772634,-2.2537094735112566,-1.0161329645585022,1
-0.9738162891597597,0.9009088760241706,0.8491410419312149,-0.24340099789587274,-0.5733475201700994,0.9048055324001227,-0.6307807319563046,-0.8828162337175963,-1.2475548781531747,-0.570312581972397,-0.7394662468772634,-0.07108591549009124,0.9841231756854657,0
-0.634918112038349,0.9009088760241706,0.8491410419312149,-0.22323413266971898,-0.7423290972289317,0.9048055324001227,-0.6307807319563046,1.4316811360790147,-0.1397951825734185,-0.570312581972397,-0.4814607612315388,-0.32903233598350173,0.9841231756854657,0
-0.8043672005990544,-1.1099901739376037,-1.179024470547907,-0.3339544867030503,-0.911310674287764,-1.177851894974348,0.06599664927436881,-0.8828162337175963,-0.11965409719924096,0.3470565871811683,-0.4814607612315388,0.14717644031202531,-1.0161329645585022,0
-0.9738162891597597,0.9009088760241706,-1.179024470547907,-0.22107057704248087,-0.5733475201700994,0.9048055324001227,-0.6307807319563046,1.4316811360790147,-0.46205254856025635,-0.6849837281165926,-0.997471732522988,-0.5076106270943244,0.9841231756854657,0
-0.8043672005990544,-1.1099901739376037,-1.179024470547907,-0.33629175847554105,-0.911310674287764,0.21058638994196582,-1.1375279183058853,0.2744324511807092,0.5651428055227898,-1.143668312693375,-0.4814607612315388,0.08765034327508442,-1.0161329645585022,0
-1.143265377720465,-1.1099901739376037,-0.502969299721533,-0.19100189153692348,-0.911310674287764,0.9048055324001227,-0.6307807319563046,0.853056793629862,-1.4724636648314886,-0.6849837281165926,-0.997471732522988,-0.11076998018138517,0.9841231756854657,0
-0.634918112038349,0.9009088760241706,-1.179024470547907,-0.18206340624483028,-0.7423290972289317,0.9048055324001227,-0.6307807319563046,-0.8828162337175963,-1.6705176710108995,-0.6849837281165926,-0.7394662468772634,0.3654387961141419,0.9841231756854657,0
-0.2960199349169384,-1.1099901739376037,1.5251962127575889,-0.1862168013540538,-0.23538436605243465,0.9048055324001227,-0.6307807319563046,0.2744324511807092,-0.811164695045998,-0.6849837281165926,-0.4814607612315388,0.7027533459901402,0.9841231756854657,0
-0.9738162891597597,-1.1099901739376037,0.8491410419312149,-0.1842585466257507,-0.911310674287764,0.9048055324001227,-0.6307807319563046,0.2744324511807092,-0.901799579229796,-0.6849837281165926,-0.997471732522988,0.12733440796637835,0.9841231756854657,0
-0.46546902347764374,0.9009088760241706,-1.179024470547907,-0.3350283683282487,-0.23538436605243465,-1.177851894974348,2.2038363416866624,0.2744324511807092,0.8336906105118219,2.984492948497668,-0.4814607612315388,-0.26950623894656084,-1.0161329645585022,0
-0.8043672005990544,0.9009088760241706,-0.502969299721533,-0.17028229312132934,-0.7423290972289317,0.9048055324001227,-0.6307807319563046,-0.8828162337175963,0.001192415045823164,-0.6849837281165926,-0.997471732522988,-1.0433455004267922,0.9841231756854657,0
-0.9738162891597597,-1.1099901739376037,-1.179024470547907,-0.33076442658113714,-0.911310674287764,0.21058638994196582,0.38271364074285674,1.4316811360790147,-1.6705176710108995,0.6910700256137552,-0.7394662468772634,-0.6266628211682062,-1.0161329645585022,0
-0.9738162891597597,-1.1099901739376037,-0.502969299721533,-0.11504055893097234,-0.7423290972289317,0.9048055324001227,-0.6307807319563046,0.853056793629862,-0.11965409719924096,-0.6849837281165926,-0.4814607612315388,-0.8052411122790287,0.9841231756854657,0
-0.8043672005990544,0.9009088760241706,-1.179024470547907,-0.10881836245555764,-0.7423290972289317,0.9048055324001227,-0.6307807319563046,0.853056793629862,-1.2475548781531747,-0.6849837281165926,-0.997471732522988,-0.6663468858595001,0.9841231756854657,0
-1.143265377720465,-1.1099901739376037,0.8491410419312149,-0.10782344271456493,-0.911310674287764,0.9048055324001227,-0.6307807319563046,-1.461440576166749,-0.5896127559300467,-0.6849837281165926,-0.7394662468772634,-0.32903233598350173,0.9841231756854657,0
-0.8043672005990544,0.9009088760241706,-1.179024470547907,-0.06823195397379163,-0.911310674287764,0.9048055324001227,-0.6307807319563046,1.4316811360790147,-0.34120603631519225,-0.7996548742607882,-0.4814607612315388,-1.182239726846321,0.9841231756854657,0
-0.2960199349169384,0.9009088760241706,0.8491410419312149,-0.33018010863801445,-0.06640278899360229,-1.177851894974348,0.06599664927436881,0.2744324511807092,0.001192415045823164,0.3470565871811683,-0.7394662468772634,-0.36871640067479566,-1.0161329645585022,0
-0.9738162891597597,-1.1099901739376037,0.8491410419312149,-0.3429561415025081,-0.911310674287764,0.21058638994196582,-1.2800505644667048,1.4316811360790147,1.7736079279734327,-1.2583394588375707,-0.7394662468772634,0.5638591195706114,-1.0161329645585022,0
-0.8043672005990544,0.9009088760241706,0.8491410419312149,-0.050260229128558286,-0.911310674287764,0.9048055324001227,-0.6307807319563046,-1.461440576166749,-0.8447331706696268,-0.7996548742607882,-0.4814607612315388,-0.26950623894656084,-1.0161329645585022,0
-0.9738162891597597,0.9009088760241706,-1.179024470547907,-0.3354547625029599,-0.911310674287764,-1.177851894974348,0.8577891279455886,-0.8828162337175963,0.001192415045823164,1.379096902478929,-0.4814607612315388,1.1789621222856672,0.9841231756854657,0
-0.9738162891597597,0.9009088760241706,-0.502969299721533,-0.3374288096081042,-0.7423290972289317,-1.177851894974348,-1.042512820865339,0.853056793629862,0.001192415045823164,-1.0289971665491795,-0.7394662468772634,-0.22982217425526694,0.9841231756854657,0
-0.634918112038349,-1.1099901739376037,-1.179024470547907,-0.10641792117570222,-0.911310674287764,0.9048055324001227,-0.6307807319563046,0.853056793629862,1.3103629643673533,-0.6849837281165926,-0.7394662468772634,0.16701847265767225,-1.0161329645585022,1
-0.46546902347764374,-1.1099901739376037,1.5251962127575889,0.05475907686511638,-0.5733475201700994,0.9048055324001227,-0.6307807319563046,0.2744324511807092,0.5382880250238866,-0.7996548742607882,-0.7394662468772634,1.0599099282117854,0.9841231756854657,0
-0.634918112038349,0.9009088760241706,0.8491410419312149,-0.34188225987730964,-0.911310674287764,-1.177851894974348,-1.2008713165995828,-0.3041918912684436,0.5651428055227898,-1.2583394588375707,-0.4814607612315388,-0.6266628211682062,-1.0161329645585022,0
-0.634918112038349,-1.1099901739376037,1.5251962127575889,-0.32811130727182325,-0.404365943111267,-1.177851894974348,-0.18737694390042153,1.4316811360790147,0.001192415045823164,0.003043148748581378,-0.4814607612315388,-0.8846092416616166,0.9841231756854657,0
-0.634918112038349,0.9009088760241706,-0.502969299721533,0.0604285401510907,-0.404365943111267,0.9048055324001227,-0.6307807319563046,1.4316811360790147,-0.34120603631519225,-0.7996548742607882,-0.7394662468772634,0.6630692812988462,0.9841231756854657,0
-0.9738162891597597,-1.1099901739376037,-1.179024470547907,-0.3338123553114799,-0.911310674287764,-1.177851894974348,-0.7257958293968509,0.2744324511807092,-1.6705176710108995,-0.570312581972397,-0.4814607612315388,0.9805417988291976,-1.0161329645585022,0
-0.8043672005990544,-1.1099901739376037,1.5251962127575889,-0.3446617182013527,-0.5733475201700994,-1.177851894974348,-1.121692068732461,-1.461440576166749,0.23617174441122635,-1.143668312693375,-0.7394662468772634,-0.36871640067479566,0.9841231756854657,0
-0.8043672005990544,-1.1099901739376037,-1.179024470547907,0.07720004435639634,-0.911310674287764,0.9048055324001227,-0.6307807319563046,1.4316811360790147,0.7061304031420315,-0.7996548742607882,-0.997471732522988,0.821805540064022,0.9841231756854657,0
-0.46546902347764374,-1.1099901739376037,1.5251962127575889,0.08708607225895879,-0.404365943111267,0.9048055324001227,-0.6307807319563046,0.2744324511807092,-1.0427871768490378,-0.7996548742607882,-0.4814607612315388,0.22654456969461315,-1.0161329645585022,0
-0.8043672005990544,0.9009088760241706,-1.179024470547907,-0.334949406444043,-0.404365943111267,0.21058638994196582,1.6495816066168083,-0.8828162337175963,0.23617174441122635,2.2964660716324943,-0.4814607612315388,0.305912699077201,-1.0161329645585022,0
-0.2960199349169384,0.9009088760241706,-0.502969299721533,-0.3405399078458115,-0.911310674287764,-1.177851894974348,0.6677589330644959,1.4316811360790147,0.8336906105118219,1.1497546101905376,-0.997471732522988,0.782121475372728,0.9841231756854657,0
-0.9738162891597597,0.9009088760241706,-0.502969299721533,0.07851081163421213,-0.911310674287764,0.9048055324001227,-0.6307807319563046,0.853056793629862,0.04483143335654109,-0.7996548742607882,-0.7394662468772634,0.9606997664835506,0.9841231756854657,0
-0.8043672005990544,0.9009088760241706,-0.502969299721533,0.11830760127392041,-0.911310674287764,0.9048055324001227,-0.6307807319563046,1.4316811360790147,0.03811773823181484,-0.9143260204049839,-0.997471732522988,1.2186461869769611,0.9841231756854657,0
-0.8043672005990544,-1.1099901739376037,-1.179024470547907,-0.3387553692627611,-0.911310674287764,-1.177851894974348,0.1451758971414908,1.4316811360790147,-1.173704231781191,0.4617277333253637,-0.997471732522988,-0.9441353386985575,0.9841231756854657,0
-0.8043672005990544,-1.1099901739376037,0.8491410419312149,-0.3389290854080138,-0.5733475201700994,-1.177851894974348,0.06599664927436881,0.853056793629862,-0.11965409719924096,0.3470565871811683,-0.7394662468772634,0.4249648931510827,-1.0161329645585022,0
-0.46546902347764374,-1.1099901739376037,-0.502969299721533,-0.3319488548442237,-0.23538436605243465,0.21058638994196582,-0.5674373336626071,0.853056793629862,-0.11965409719924096,-0.45564143582820127,-0.997471732522988,-0.13061201252703214,-1.0161329645585022,0
-0.46546902347764374,0.9009088760241706,-0.502969299721533,-0.13140146133840797,0.10257878806523006,0.9048055324001227,-0.6307807319563046,0.2744324511807092,1.286865031430813,-0.6849837281165926,-0.4814607612315388,1.774223092655076,-1.0161329645585022,1
-0.8043672005990544,0.9009088760241706,-0.502969299721533,0.2515162999290551,-0.5733475201700994,0.9048055324001227,-0.6307807319563046,0.2744324511807092,0.03811773823181484,-0.9143260204049839,-0.4814607612315388,0.9408577341379036,0.9841231756854657,0
-0.46546902347764374,0.9009088760241706,0.8491410419312149,0.30874787360139755,-0.5733475201700994,0.9048055324001227,-0.6307807319563046,-0.8828162337175963,-1.6839450612603513,-0.9143260204049839,-0.4814607612315388,-0.051243883144444294,0.9841231756854657,0
-0.634918112038349,-1.1099901739376037,-1.179024470547907,-0.4522551816201355,-0.911310674287764,-1.177851894974348,1.4912231108825644,0.2744324511807092,-1.3482603050240614,2.640479510065081,-0.7394662468772634,-0.26950623894656084,-1.0161329645585022,1
-1.143265377720465,0.9009088760241706,-0.502969299721533,0.4586806993313144,-0.911310674287764,0.9048055324001227,-0.6307807319563046,-1.461440576166749,-1.4993184453303918,-1.0289971665491795,-0.4814607612315388,1.238488219322608,0.9841231756854657,0
-1.143265377720465,0.9009088760241706,0.8491410419312149,-0.34391947648981847,-0.911310674287764,0.21058638994196582,0.8577891279455886,1.4316811360790147,0.001192415045823164,1.379096902478929,-0.997471732522988,-0.2893482712922078,0.9841231756854657,0
-0.8043672005990544,-1.1099901739376037,-0.502969299721533,-0.3308118037116606,-0.911310674287764,0.21058638994196582,-1.121692068732461,0.2744324511807092,-1.8752853723150364,-1.143668312693375,-0.7394662468772634,1.2186461869769611,-1.0161329645585022,0
-0.2960199349169384,0.9009088760241706,-0.502969299721533,0.6967507802117122,-0.5733475201700994,0.9048055324001227,-0.6307807319563046,0.2744324511807092,-0.34120603631519225,-1.0289971665491795,-0.7394662468772634,0.10749237562073138,0.9841231756854657,0
-0.634918112038349,-1.1099901739376037,-0.502969299721533,-0.7685133202410872,-0.5733475201700994,0.9048055324001227,-0.6268217695629485,-1.461440576166749,0.561785957960427,0.4617277333253637,-0.4814607612315388,1.0797519605574324,-1.0161329645585022,0
-0.46546902347764374,0.9009088760241706,-1.179024470547907,-0.3345230122693318,-0.06640278899360229,-1.177851894974348,-0.963333572998217,0.2744324511807092,-1.8752853723150364,-0.9143260204049839,-0.4814607612315388,-0.44808453005738347,-1.0161329645585022,0
-0.2960199349169384,-1.1099901739376037,1.5251962127575889,-0.5644442266996942,-0.404365943111267,0.9048055324001227,-0.6228628071695924,-0.8828162337175963,0.001192415045823164,-0.11162799739561437,-0.7394662468772634,0.9606997664835506,-1.0161329645585022,0
-0.9738162891597597,0.9009088760241706,-1.179024470547907,-0.2783653202221879,-0.911310674287764,0.9048055324001227,-0.6228628071695924,1.4316811360790147,-0.3680608168140954,-0.570312581972397,-0.4814607612315388,-0.36871640067479566,0.9841231756854657,0
-0.2960199349169384,-1.1099901739376037,-1.179024470547907,-0.3372550934628515,-0.06640278899360229,-1.177851894974348,-1.2008713165995828,0.853056793629862,-0.005521280078902488,-1.2583394588375707,-0.997471732522988,0.7622794430270811,0.9841231756854657,0
-0.46546902347764374,0.9009088760241706,1.5251962127575889,-0.33427033423987335,-0.5733475201700994,-1.177851894974348,-1.2958864140401292,0.2744324511807092,1.2700807936189982,-1.3730106049817663,-0.4814607612315388,-1.8767108589439645,0.9841231756854657,0
-0.9738162891597597,-1.1099901739376037,-1.179024470547907,-0.33199623197474715,-0.911310674287764,-1.177851894974348,-0.8208109268373974,-1.461440576166749,-1.6839450612603513,-0.7996548742607882,-0.7394662468772634,0.5440170872249644,-1.0161329645585022,0
-0.8043672005990544,-1.1099901739376037,0.8491410419312149,0.025732688231075173,-0.7423290972289317,0.9048055324001227,-0.6228628071695924,-0.8828162337175963,0.8269769153870962,-0.7996548742607882,-0.997471732522988,-0.686188918205147,0.9841231756854657,0
-0.8043672005990544,-1.1099901739376037,0.8491410419312149,0.014204253137032689,-0.911310674287764,0.9048055324001227,-0.6189038447762363,1.4316811360790147,0.001192415045823164,-0.7996548742607882,-0.997471732522988,0.5638591195706114,0.9841231756854657,0
-0.2960199349169384,0.9009088760241706,-0.502969299721533,-0.3403188145700354,-0.23538436605243465,-1.177851894974348,0.38271364074285674,-1.461440576166749,0.001192415045823164,0.8057411717579506,-0.7394662468772634,-0.24966420660091387,0.9841231756854657,0
-0.634918112038349,0.9009088760241706,1.5251962127575889,-1.0296560636864112,-0.23538436605243465,0.9048055324001227,-0.6149448823828803,0.2744324511807092,-1.1804179269059165,2.869821802353472,-0.4814607612315388,0.6432272489531993,-1.0161329645585022,1
-0.9738162891597597,-1.1099901739376037,-0.502969299721533,-0.5823843667912452,-0.911310674287764,0.9048055324001227,-0.6149448823828803,-0.8828162337175963,0.665848232393677,-0.11162799739561437,-0.7394662468772634,0.801963507718375,-1.0161329645585022,0
-0.9738162891597597,-1.1099901739376037,-0.502969299721533,-0.5443089462272227,-0.911310674287764,0.9048055324001227,-0.6149448823828803,-0.8828162337175963,-1.8752853723150364,-0.11162799739561437,-0.4814607612315388,-0.686188918205147,0.9841231756854657,0
-0.9738162891597597,0.9009088760241706,-0.502969299721533,-0.332596342294711,-0.5733475201700994,-1.177851894974348,0.5410721364771007,1.4316811360790147,-0.005521280078902488,0.9204123179021463,-0.7394662468772634,0.10749237562073138,-1.0161329645585022,0
-0.634918112038349,0.9009088760241706,-0.502969299721533,-0.377178222117289,-0.5733475201700994,0.9048055324001227,-0.6149448823828803,-1.461440576166749,-1.1233515183457474,-0.45564143582820127,-0.7394662468772634,1.0003838311748445,-1.0161329645585022,0
-0.2960199349169384,-1.1099901739376037,-1.179024470547907,-0.33567585577873604,-0.5733475201700994,-1.177851894974348,-0.7257958293968509,-0.8828162337175963,-0.8447331706696268,-0.570312581972397,-0.4814607612315388,0.6829113136444932,0.9841231756854657,0
-0.2960199349169384,0.9009088760241706,-1.179024470547907,-0.24624362572728048,-0.911310674287764,0.9048055324001227,-0.6149448823828803,-1.461440576166749,0.03811773823181484,-0.570312581972397,-0.997471732522988,0.5043330225336705,0.9841231756854657,0
-1.143265377720465,0.9009088760241706,1.5251962127575889,-0.9195516123498849,-0.911310674287764,0.9048055324001227,-0.607026957596168,0.2744324511807092,-0.707102420612748,1.4937680486231246,-0.997471732522988,0.46464895784237664,-1.0161329645585022,1
-0.634918112038349,-1.1099901739376037,-0.502969299721533,-0.6049042961667309,-0.7423290972289317,0.9048055324001227,-0.607026957596168,1.4316811360790147,-0.0860856215756121,0.003043148748581378,-0.7394662468772634,-0.17029607721832604,0.9841231756854657,0
-0.634918112038349,0.9009088760241706,-0.502969299721533,-0.336386512736588,-0.5733475201700994,-1.177851894974348,0.06599664927436881,0.2744324511807092,-1.1804179269059165,0.3470565871811683,-0.7394662468772634,-0.3488743683291487,0.9841231756854657,0
-1.143265377720465,-1.1099901739376037,-1.179024470547907,-0.45100758384968437,-0.911310674287764,-1.177851894974348,-0.19925383108048983,-1.461440576166749,0.001192415045823164,0.23238544103697253,-0.997471732522988,-0.3488743683291487,-1.0161329645585022,1
-0.9738162891597597,0.9009088760241706,-0.502969299721533,-0.3763096413910255,-0.7423290972289317,0.9048055324001227,-0.607026957596168,-0.8828162337175963,-0.6936750303632967,-0.45564143582820127,-0.7394662468772634,0.40512286080543575,0.9841231756854657,0
-0.46546902347764374,-1.1099901739376037,0.8491410419312149,0.07990054079623368,-0.911310674287764,0.9048055324001227,-0.607026957596168,1.4316811360790147,-1.0092187012254088,-0.7996548742607882,-0.4814607612315388,0.4249648931510827,0.9841231756854657,0
-0.9738162891597597,0.9009088760241706,1.5251962127575889,-0.3358337795471476,-0.5733475201700994,-1.177851894974348,0.06599664927436881,-1.461440576166749,0.8336906105118219,0.3470565871811683,-0.4814607612315388,1.35754041339649,0.9841231756854657,0
-0.46546902347764374,-1.1099901739376037,0.8491410419312149,0.3677166087262669,-0.23538436605243465,0.9048055324001227,-0.607026957596168,-0.8828162337175963,-1.2475548781531747,-0.9143260204049839,-0.4814607612315388,-0.9838194033898514,0.9841231756854657,0
-0.9738162891597597,0.9009088760241706,-1.179024470547907,0.5564355119780582,-0.5733475201700994,0.9048055324001227,-0.607026957596168,-0.8828162337175963,0.001192415045823164,-1.0289971665491795,-0.7394662468772634,-2.531497926350314,0.9841231756854657,0
-0.634918112038349,0.9009088760241706,1.5251962127575889,-0.331569837800036,-0.5733475201700994,0.21058638994196582,-0.8208109268373974,1.4316811360790147,-1.6839450612603513,-0.7996548742607882,-0.4814607612315388,0.46464895784237664,0.9841231756854657,0
-0.46546902347764374,-1.1099901739376037,-1.179024470547907,1.5559508346315414,-0.911310674287764,0.9048055324001227,-0.607026957596168,-0.3041918912684436,-0.34120603631519225,-1.2583394588375707,-0.4814607612315388,-0.4282424977117365,0.9841231756854657,0
-0.8043672005990544,0.9009088760241706,-0.502969299721533,-0.6574771186709328,-0.7423290972289317,0.9048055324001227,-0.603067995202812,0.853056793629862,-0.46205254856025635,0.1177142948927768,-0.4814607612315388,-2.5116558940046674,-1.0161329645585022,1
-0.46546902347764374,0.9009088760241706,-0.502969299721533,-0.33371760105043297,-0.7423290972289317,-1.177851894974348,-1.042512820865339,1.4316811360790147,0.3301634761573873,-1.0289971665491795,-0.4814607612315388,0.5837011519162584,0.9841231756854657,0
-0.634918112038349,0.9009088760241706,0.8491410419312149,1.026937795206562,-0.911310674287764,0.9048055324001227,-0.603067995202812,1.4316811360790147,-1.623521805137819,-1.143668312693375,-0.997471732522988,-1.142555662155027,0.9841231756854657,0
-1.143265377720465,-1.1099901739376037,0.8491410419312149,-0.9065544862096151,-0.911310674287764,0.9048055324001227,-0.5991090328094558,-1.461440576166749,1.2465828606824585,1.379096902478929,-0.4814607612315388,0.3654387961141419,-1.0161329645585022,1
-0.46546902347764374,0.9009088760241706,-1.179024470547907,-0.33671815265025223,-0.404365943111267,-1.177851894974348,-1.01084112171849,1.4316811360790147,-1.3482603050240614,-1.0289971665491795,-0.997471732522988,0.12733440796637835,-1.0161329645585022,0
-0.9738162891597597,-1.1099901739376037,-0.502969299721533,-0.8612935341828675,-0.911310674287764,0.9048055324001227,-0.5991090328094558,-0.8828162337175963,-0.6936750303632967,1.035083464046342,-0.4814607612315388,0.4249648931510827,0.9841231756854657,0
-0.8043672005990544,0.9009088760241706,0.8491410419312149,-0.7702031045630907,-0.7423290972289317,0.9048055324001227,-0.5991090328094558,0.2744324511807092,-0.3680608168140954,0.5763988794695595,-0.4814607612315388,0.6630692812988462,0.9841231756854657,0
-0.634918112038349,-1.1099901739376037,1.5251962127575889,-0.34028722981635307,-0.23538436605243465,-1.177851894974348,-0.8524826259842462,0.2744324511807092,0.3301634761573873,-0.7996548742607882,-0.4814607612315388,-0.32903233598350173,0.9841231756854657,0
-0.8043672005990544,0.9009088760241706,0.8491410419312149,-0.34060307735317613,-0.911310674287764,-1.177851894974348,-0.7257958293968509,-0.8828162337175963,1.0015329886299666,-0.570312581972397,-0.997471732522988,-0.4877685947486774,0.9841231756854657,0
-0.2960199349169384,-1.1099901739376037,-1.179024470547907,-0.7339911844663244,-0.06640278899360229,0.9048055324001227,-0.5991090328094558,0.2744324511807092,-0.11965409719924096,0.3470565871811683,-0.7394662468772634,0.008282213892496587,-1.0161329645585022,0
-0.8043672005990544,0.9009088760241706,-0.502969299721533,-0.7285270220792851,-0.06640278899360229,0.9048055324001227,-0.5991090328094558,1.4316811360790147,0.6893461653302174,0.3470565871811683,-0.4814607612315388,-0.11076998018138517,0.9841231756854657,0
-0.2960199349169384,0.9009088760241706,-0.502969299721533,-0.3384868988564615,0.4405419421828948,-1.177851894974348,-0.8841543251310949,-0.3041918912684436,-1.8752853723150364,-0.7996548742607882,-0.997471732522988,1.8139071573463699,0.9841231756854657,0
-0.634918112038349,0.9009088760241706,-0.502969299721533,-0.5849901089700356,-0.404365943111267,0.9048055324001227,-0.5991090328094558,0.2744324511807092,-0.901799579229796,0.003043148748581378,-0.7394662468772634,1.6353288662355472,-1.0161329645585022,0
-0.9738162891597597,-1.1099901739376037,-0.502969299721533,-0.3411242257889342,-0.911310674287764,0.21058638994196582,-0.7574675285436998,1.4316811360790147,-0.8447331706696268,-0.6849837281165926,-0.4814607612315388,1.6551708985811941,0.9841231756854657,0
-0.9738162891597597,-1.1099901739376037,0.8491410419312149,-0.46266235795845606,-0.911310674287764,0.9048055324001227,-0.5991090328094558,1.4316811360790147,-1.2005590122800942,-0.34097028968400567,-0.7394662468772634,0.8614896047553159,-1.0161329645585022,0
-0.634918112038349,-1.1099901739376037,-0.502969299721533,-0.33815525894279724,-0.5733475201700994,-1.177851894974348,-0.7257958293968509,-0.8828162337175963,-1.6839450612603513,-0.570312581972397,-0.997471732522988,0.6035431842619053,0.9841231756854657,0
-0.634918112038349,-1.1099901739376037,-1.179024470547907,-0.3401450984247827,-0.911310674287764,-1.177851894974348,-1.01084112171849,0.853056793629862,-1.6839450612603513,-1.0289971665491795,-0.4814607612315388,-0.9044512740072636,0.9841231756854657,0
-0.46546902347764374,-1.1099901739376037,0.8491410419312149,-0.33389131719568566,-0.7423290972289317,-1.177851894974348,-1.359229812333827,-1.461440576166749,0.8336906105118219,-1.3730106049817663,-0.7394662468772634,0.4844909901880236,-1.0161329645585022,0
-0.9738162891597597,-1.1099901739376037,0.8491410419312149,-0.39298639133528424,-0.911310674287764,0.9048055324001227,-0.5991090328094558,0.2744324511807092,-1.0495008719737637,-0.34097028968400567,-0.7394662468772634,0.08765034327508442,0.9841231756854657,0
-0.2960199349169384,0.9009088760241706,-0.502969299721533,-0.33900804729221956,-0.5733475201700994,-1.177851894974348,-0.2507203421941191,0.853056793629862,-0.1397951825734185,0.003043148748581378,-0.4814607612315388,-0.5472946917856183,-1.0161329645585022,0
-0.8043672005990544,0.9009088760241706,-0.502969299721533,-0.4509917914728432,-0.911310674287764,-1.177851894974348,-1.2325430157464317,-1.461440576166749,0.665848232393677,-1.143668312693375,-0.7394662468772634,-2.094973214746081,-1.0161329645585022,1
-0.2960199349169384,-1.1099901739376037,-0.502969299721533,1.4802105953013664,-0.5733475201700994,0.9048055324001227,-0.5991090328094558,-1.461440576166749,-1.2475548781531747,-1.2583394588375707,-0.7394662468772634,-0.8250831446246757,0.9841231756854657,0
-0.2960199349169384,0.9009088760241706,-0.502969299721533,-0.3377288647680861,-0.06640278899360229,0.21058638994196582,-0.9474977234247925,1.4316811360790147,0.8336906105118219,-0.9143260204049839,-0.4814607612315388,-1.2616078562289088,0.9841231756854657,0
-0.8043672005990544,0.9009088760241706,0.8491410419312149,-1.015079699862026,-0.5733475201700994,0.9048055324001227,-0.5951500704160997,0.853056793629862,-1.4724636648314886,2.640479510065081,-0.4814607612315388,0.9408577341379036,-1.0161329645585022,1
-0.9738162891597597,-1.1099901739376037,-0.502969299721533,-0.7725719610892638,-0.911310674287764,0.9048055324001227,-0.5951500704160997,0.2744324511807092,1.0955247203761276,0.5763988794695595,-0.997471732522988,-0.07108591549009124,-1.0161329645585022,0
-0.2960199349169384,0.9009088760241706,0.8491410419312149,-0.7550424227955828,0.2715603651240624,0.9048055324001227,-0.5951500704160997,0.2744324511807092,1.0955247203761276,0.4617277333253637,-0.4814607612315388,-1.0433455004267922,0.9841231756854657,0
-0.8043672005990544,-1.1099901739376037,-1.179024470547907,-0.44906512149822236,-0.7423290972289317,-1.177851894974348,0.1451758971414908,-0.8828162337175963,-1.1233515183457474,0.6910700256137552,-0.997471732522988,0.7424374106814341,-1.0161329645585022,1
-0.8043672005990544,0.9009088760241706,0.8491410419312149,-0.29878486347780014,-0.911310674287764,0.9048055324001227,-0.5951500704160997,0.2744324511807092,-0.11965409719924096,-0.45564143582820127,-0.997471732522988,-0.07108591549009124,0.9841231756854657,0
-0.9738162891597597,-1.1099901739376037,1.5251962127575889,-0.33341754589045103,-0.911310674287764,-1.177851894974348,-0.8841543251310949,0.853056793629862,-0.46205254856025635,-0.7996548742607882,-0.997471732522988,0.6432272489531993,-1.0161329645585022,0
-0.8043672005990544,-1.1099901739376037,0.8491410419312149,-0.3313013673937364,-0.911310674287764,0.21058638994196582,-0.4090788379283631,1.4316811360790147,-0.08944246913797492,-0.2262991435398101,-0.4814607612315388,1.0599099282117854,0.9841231756854657,0
-0.634918112038349,-1.1099901739376037,0.8491410419312149,-0.3344124656314437,-0.7423290972289317,-1.177851894974348,-0.8841543251310949,0.2744324511807092,-1.8752853723150364,-0.7996548742607882,-0.4814607612315388,0.801963507718375,0.9841231756854657,0
-0.634918112038349,-1.1099901739376037,1.5251962127575889,-0.10384376375059409,-0.911310674287764,0.9048055324001227,-0.5911911080227437,1.4316811360790147,-1.1804179269059165,-0.6849837281165926,-0.7394662468772634,1.1988041546313142,-1.0161329645585022,0
-0.46546902347764374,0.9009088760241706,1.5251962127575889,-0.33406503334093834,-0.23538436605243465,-1.177851894974348,-0.7574675285436998,-1.461440576166749,-0.08944246913797492,-0.6849837281165926,-0.4814607612315388,-0.40840046536608954,0.9841231756854657,0
-0.46546902347764374,-1.1099901739376037,-0.502969299721533,-0.8844451586319994,-0.404365943111267,0.9048055324001227,-0.5872321456293875,-0.8828162337175963,1.0418151593783211,1.2644257563347332,-0.7394662468772634,1.5956448015442533,-1.0161329645585022,1
-0.2960199349169384,-1.1099901739376037,-0.502969299721533,-0.49010950890838184,-0.06640278899360229,0.9048055324001227,-0.5872321456293875,1.4316811360790147,0.5651428055227898,-0.2262991435398101,-0.997471732522988,0.5043330225336705,0.9841231756854657,0
-0.2960199349169384,0.9009088760241706,-0.502969299721533,-0.30180120745446054,-0.7423290972289317,0.9048055324001227,-0.5872321456293875,0.2744324511807092,0.665848232393677,-0.45564143582820127,-0.7394662468772634,0.14717644031202531,0.9841231756854657,0
-0.8043672005990544,0.9009088760241706,1.5251962127575889,-0.1835320972910576,-0.7423290972289317,0.9048055324001227,-0.5872321456293875,-0.8828162337175963,1.1861596045599256,-0.570312581972397,-0.997471732522988,0.8813316371009629,0.9841231756854657,0
-1.143265377720465,-1.1099901739376037,0.8491410419312149,-0.9668497809891413,-0.911310674287764,0.9048055324001227,-0.5832731832360314,-0.8828162337175963,0.4745079213389917,2.0671237793441026,-0.7394662468772634,1.0202258635204915,-1.0161329645585022,1
-0.634918112038349,0.9009088760241706,0.8491410419312149,-0.8069993426029797,-0.404365943111267,0.9048055324001227,-0.5832731832360314,0.853056793629862,-0.46205254856025635,0.6910700256137552,-0.4814607612315388,-1.182239726846321,0.9841231756854657,0
-0.8043672005990544,-1.1099901739376037,0.8491410419312149,-0.6804550269748121,-0.911310674287764,0.9048055324001227,-0.5832731832360314,-0.8828162337175963,-1.0495008719737637,0.23238544103697253,-0.997471732522988,-0.051243883144444294,-1.0161329645585022,0
-0.2960199349169384,-1.1099901739376037,0.8491410419312149,-0.5494098839469155,-0.404365943111267,0.9048055324001227,-0.5832731832360314,0.853056793629862,-0.0995130118250634,-0.11162799739561437,-0.7394662468772634,0.8416475724096689,0.9841231756854657,0
-0.46546902347764374,0.9009088760241706,-1.179024470547907,-0.597023900122995,0.2715603651240624,0.9048055324001227,-0.5793142208426754,-0.3041918912684436,0.03476089066945202,0.003043148748581378,-0.4814607612315388,-0.8449251769703227,-1.0161329645585022,1
-0.8043672005990544,0.9009088760241706,0.8491410419312149,-0.8614356655744378,-0.7423290972289317,0.9048055324001227,-0.5753552584493192,-1.461440576166749,0.8336906105118219,1.035083464046342,-0.7394662468772634,-0.6465048535138531,0.9841231756854657,0
-0.634918112038349,0.9009088760241706,0.8491410419312149,-0.3375235638691511,-0.911310674287764,0.21058638994196582,0.8577891279455886,-0.8828162337175963,0.6893461653302174,1.379096902478929,-0.4814607612315388,0.5638591195706114,0.9841231756854657,0
-0.8043672005990544,0.9009088760241706,-0.502969299721533,-0.6928046656645945,-0.5733475201700994,0.9048055324001227,-0.5753552584493192,1.4316811360790147,-1.1233515183457474,0.3470565871811683,-0.997471732522988,-0.190138109563973,0.9841231756854657,0
-0.8043672005990544,0.9009088760241706,-1.179024470547907,-0.337413017231263,-0.911310674287764,-1.177851894974348,0.7192254441781252,1.4316811360790147,0.001192415045823164,1.1497546101905376,-0.997471732522988,-2.3926036999307856,0.9841231756854657,0
-0.634918112038349,-1.1099901739376037,0.8491410419312149,-0.33692345354918724,-0.911310674287764,-1.177851894974348,0.38271364074285674,0.2744324511807092,-1.2475548781531747,0.6910700256137552,-0.7394662468772634,-0.15045404487267908,0.9841231756854657,0
-0.46546902347764374,-1.1099901739376037,-0.502969299721533,-0.33619700421449417,-0.5733475201700994,-1.177851894974348,-0.804975077263973,-0.3041918912684436,-1.8752853723150364,-0.6849837281165926,-0.997471732522988,-0.9044512740072636,0.9841231756854657,0
-0.46546902347764374,-1.1099901739376037,1.5251962127575889,0.22973861226510364,-0.404365943111267,0.9048055324001227,-0.5753552584493192,-0.3041918912684436,-1.2475548781531747,-0.9143260204049839,-0.7394662468772634,1.1392780575943733,0.9841231756854657,0
-0.634918112038349,0.9009088760241706,1.5251962127575889,-0.3762622642605021,-0.911310674287764,0.9048055324001227,-0.5713962960559631,-0.8828162337175963,1.159304824061023,-0.34097028968400567,-0.997471732522988,0.6432272489531993,-1.0161329645585022,1
-0.9738162891597597,0.9009088760241706,1.5251962127575889,-1.0172116707355818,-0.7423290972289317,0.9048055324001227,-0.5674373336626071,-1.461440576166749,-0.7138161157374736,2.869821802353472,-0.4814607612315388,1.4964346398160184,-1.0161329645585022,1
-0.46546902347764374,-1.1099901739376037,-0.502969299721533,-0.9908857785413779,-0.7423290972289317,0.9048055324001227,-0.5674373336626071,0.2744324511807092,-1.1804179269059165,2.411137217776689,-0.7394662468772634,-0.7853990799333818,-1.0161329645585022,1
-0.634918112038349,-1.1099901739376037,-1.179024470547907,-0.9672445904101702,-0.5733475201700994,0.9048055324001227,-0.5674373336626071,-0.8828162337175963,-0.33784918875282943,2.0671237793441026,-0.7394662468772634,-1.182239726846321,-1.0161329645585022,1
-0.9738162891597597,-1.1099901739376037,0.8491410419312149,-0.9647967719997913,-0.911310674287764,0.9048055324001227,-0.5674373336626071,0.2744324511807092,-1.6705176710108995,2.0671237793441026,-0.7394662468772634,-0.22982217425526694,-1.0161329645585022,1
-0.9738162891597597,0.9009088760241706,0.8491410419312149,-0.9618278051536544,-0.911310674287764,0.9048055324001227,-0.5674373336626071,-0.8828162337175963,1.2029438423717405,2.0671237793441026,-0.4814607612315388,-1.4203441149940845,-1.0161329645585022,1
-1.143265377720465,-1.1099901739376037,1.5251962127575889,-0.9486411704912907,-0.404365943111267,0.9048055324001227,-0.5674373336626071,1.4316811360790147,-0.46205254856025635,1.8377814870557112,-0.7394662468772634,1.0995939929030794,-1.0161329645585022,1
-0.634918112038349,0.9009088760241706,-0.502969299721533,-0.33941864909008956,-0.23538436605243465,-1.177851894974348,-0.7574675285436998,-1.461440576166749,-0.34120603631519225,-0.6849837281165926,-0.997471732522988,-0.4282424977117365,0.9841231756854657,0
-0.634918112038349,-1.1099901739376037,0.8491410419312149,-0.9314432721112739,-0.911310674287764,0.9048055324001227,-0.5674373336626071,-1.461440576166749,1.286865031430813,1.7231103409115156,-0.4814607612315388,-0.3488743683291487,-1.0161329645585022,1
-0.2960199349169384,0.9009088760241706,-1.179024470547907,-0.9150665773269971,-0.7423290972289317,0.9048055324001227,-0.5674373336626071,1.4316811360790147,-0.005521280078902488,1.4937680486231246,-0.7394662468772634,1.0797519605574324,-1.0161329645585022,1
-0.2960199349169384,-1.1099901739376037,1.5251962127575889,-0.3403030221931942,-0.23538436605243465,-1.177851894974348,0.06599664927436881,0.853056793629862,-1.7510820125076092,0.3470565871811683,-0.7394662468772634,-0.5869787564769122,-1.0161329645585022,0
-0.9738162891597597,0.9009088760241706,-0.502969299721533,-0.9020062816793627,-0.911310674287764,0.9048055324001227,-0.5674373336626071,1.4316811360790147,-1.4724636648314886,1.379096902478929,-0.997471732522988,-0.03140185079879733,-1.0161329645585022,1
-0.634918112038349,0.9009088760241706,0.8491410419312149,-0.33716033920180455,-0.5733475201700994,-1.177851894974348,0.38271364074285674,-1.461440576166749,0.001192415045823164,0.6910700256137552,-0.7394662468772634,0.3455967637684949,0.9841231756854657,0
-0.634918112038349,0.9009088760241706,0.8491410419312149,-0.9012956247215108,-0.7423290972289317,0.9048055324001227,-0.5674373336626071,0.853056793629862,0.4040141225293712,1.379096902478929,-0.997471732522988,-2.3330776028938445,-1.0161329645585022,1
-0.9738162891597597,-1.1099901739376037,0.8491410419312149,-0.9074862364432431,-0.404365943111267,0.9048055324001227,-0.5674373336626071,0.2744324511807092,0.001192415045823164,1.4937680486231246,-0.7394662468772634,0.6829113136444932,-1.0161329645585022,1
-0.9738162891597597,0.9009088760241706,1.5251962127575889,-0.8964473650312764,-0.911310674287764,0.9048055324001227,-0.5674373336626071,-0.3041918912684436,-1.1233515183457474,1.379096902478929,-0.7394662468772634,0.801963507718375,-1.0161329645585022,1
-0.9738162891597597,-1.1099901739376037,-0.502969299721533,-0.886971938926584,-0.911310674287764,0.9048055324001227,-0.5674373336626071,0.2744324511807092,1.253296555807184,1.2644257563347332,-0.7394662468772634,1.0003838311748445,-1.0161329645585022,1
-0.8043672005990544,0.9009088760241706,-1.179024470547907,-0.448717689207717,-0.5733475201700994,-1.177851894974348,-1.2008713165995828,-0.8828162337175963,1.407711543675877,-1.143668312693375,-0.997471732522988,0.9805417988291976,-1.0161329645585022,1
-0.9738162891597597,0.9009088760241706,-0.502969299721533,-0.3321541557431587,-0.5733475201700994,-1.177851894974348,-0.963333572998217,0.2744324511807092,-1.4993184453303918,-0.9143260204049839,-0.7394662468772634,-3.999808319928189,0.9841231756854657,0
-1.143265377720465,-1.1099901739376037,-0.502969299721533,-0.8849031375603928,-0.911310674287764,0.9048055324001227,-0.5674373336626071,-1.461440576166749,0.001192415045823164,1.2644257563347332,-0.4814607612315388,-0.9441353386985575,-1.0161329645585022,1
-0.8043672005990544,-1.1099901739376037,1.5251962127575889,-0.8867508456508079,-0.5733475201700994,0.9048055324001227,-0.5674373336626071,-0.8828162337175963,-0.1397951825734185,1.2644257563347332,-0.997471732522988,-0.5671367241312653,-1.0161329645585022,1
-0.9738162891597597,0.9009088760241706,1.5251962127575889,-0.3379973351743857,-0.911310674287764,-1.177851894974348,-0.9158260242779438,0.2744324511807092,0.001192415045823164,-0.9143260204049839,-0.997471732522988,0.9805417988291976,0.9841231756854657,0
-0.634918112038349,0.9009088760241706,-0.502969299721533,-0.8808602890890573,-0.911310674287764,0.9048055324001227,-0.5674373336626071,-0.8828162337175963,-0.1397951825734185,1.2644257563347332,-0.7394662468772634,0.40512286080543575,-1.0161329645585022,1
-0.46546902347764374,0.9009088760241706,-1.179024470547907,-0.8789967886218012,-0.911310674287764,0.9048055324001227,-0.5674373336626071,0.2744324511807092,-1.2979075915886182,1.2644257563347332,-0.7394662468772634,0.9210157017922567,-1.0161329645585022,1
-1.143265377720465,0.9009088760241706,-0.502969299721533,-0.8791862971438951,-0.911310674287764,0.9048055324001227,-0.5674373336626071,0.853056793629862,-0.37813135950118393,1.2644257563347332,-0.997471732522988,-0.4877685947486774,-1.0161329645585022,1
-0.46546902347764374,0.9009088760241706,-0.502969299721533,-0.8830554294699778,-0.5733475201700994,0.9048055324001227,-0.5674373336626071,-0.3041918912684436,0.7061304031420315,1.2644257563347332,-0.997471732522988,0.7424374106814341,-1.0161329645585022,1
-0.9738162891597597,0.9009088760241706,-1.179024470547907,-0.33987662801848306,-0.911310674287764,-1.177851894974348,-0.4882580857954851,0.853056793629862,-1.623521805137819,-0.34097028968400567,-0.997471732522988,-1.5592383414136133,0.9841231756854657,0
-0.634918112038349,0.9009088760241706,1.5251962127575889,-0.8642940857826867,-0.7423290972289317,0.9048055324001227,-0.5674373336626071,1.4316811360790147,-1.2979075915886182,1.1497546101905376,-0.997471732522988,-0.8052411122790287,0.9841231756854657,0
-0.634918112038349,-1.1099901739376037,-1.179024470547907,-0.3369708306797107,-0.7423290972289317,-1.177851894974348,1.1745061194140765,-0.3041918912684436,-1.3751150855229646,1.7231103409115156,-0.4814607612315388,1.0003838311748445,0.9841231756854657,0
-0.634918112038349,-1.1099901739376037,0.8491410419312149,-0.3444248325487354,-0.5733475201700994,0.21058638994196582,-1.042512820865339,-0.8828162337175963,-1.7510820125076092,-1.0289971665491795,-0.4814607612315388,0.5043330225336705,0.9841231756854657,0
-0.2960199349169384,-1.1099901739376037,-1.179024470547907,-0.8644993866816217,0.2715603651240624,0.9048055324001227,-0.5674373336626071,1.4316811360790147,-0.34120603631519225,1.1497546101905376,-0.997471732522988,1.0202258635204915,-1.0161329645585022,0
-0.9738162891597597,-1.1099901739376037,-1.179024470547907,-0.8440482586723272,-0.911310674287764,0.9048055324001227,-0.5674373336626071,-1.461440576166749,1.6628319584154578,1.035083464046342,-0.7394662468772634,1.0003838311748445,0.9841231756854657,0
-0.8043672005990544,-1.1099901739376037,-0.502969299721533,-0.3385184836101438,-0.911310674287764,0.21058638994196582,-1.1137741439457487,1.4316811360790147,0.2865244578466693,-1.143668312693375,-0.7394662468772634,0.6035431842619053,0.9841231756854657,0
-0.2960199349169384,-1.1099901739376037,-0.502969299721533,-0.8355519599317863,-0.911310674287764,0.9048055324001227,-0.5674373336626071,0.2744324511807092,-0.1397951825734185,0.9204123179021463,-0.4814607612315388,0.305912699077201,-1.0161329645585022,0
-0.8043672005990544,-1.1099901739376037,1.5251962127575889,-0.8414425164935367,-0.404365943111267,0.9048055324001227,-0.5674373336626071,0.2744324511807092,1.1458774338115711,1.035083464046342,-0.4814607612315388,0.26622863438590705,-1.0161329645585022,1
-0.634918112038349,0.9009088760241706,-1.179024470547907,-0.8354887904244217,-0.5733475201700994,0.9048055324001227,-0.5674373336626071,1.4316811360790147,-1.4724636648314886,0.9204123179021463,-0.4814607612315388,-0.051243883144444294,-1.0161329645585022,0
-0.46546902347764374,0.9009088760241706,-1.179024470547907,-0.8343359469150174,-0.5733475201700994,0.9048055324001227,-0.5674373336626071,-0.8828162337175963,1.2465828606824585,0.9204123179021463,-0.997471732522988,-1.3409759856114967,0.9841231756854657,0
-0.8043672005990544,-1.1099901739376037,-0.502969299721533,-0.8350623962497106,-0.23538436605243465,0.9048055324001227,-0.5674373336626071,1.4316811360790147,0.8269769153870962,0.9204123179021463,-0.7394662468772634,0.2463866020402601,0.9841231756854657,0
-0.9738162891597597,0.9009088760241706,1.5251962127575889,-0.3343492961240791,-0.911310674287764,-1.177851894974348,0.0026532509806712224,0.2744324511807092,0.2865244578466693,0.23238544103697253,-0.997471732522988,0.20670253734896618,0.9841231756854657,0
-1.143265377720465,-1.1099901739376037,-0.502969299721533,-0.8164747687076722,-0.911310674287764,0.9048055324001227,-0.5674373336626071,-0.8828162337175963,0.4107278176540969,0.8057411717579506,-0.4814607612315388,1.258330251668255,-1.0161329645585022,0
-0.46546902347764374,0.9009088760241706,-1.179024470547907,-0.8107895130448567,-0.5733475201700994,0.9048055324001227,-0.5674373336626071,0.2744324511807092,0.001192415045823164,0.8057411717579506,-0.7394662468772634,0.9210157017922567,0.9841231756854657,0
-0.46546902347764374,0.9009088760241706,-1.179024470547907,-0.813584763745741,-0.404365943111267,0.9048055324001227,-0.5674373336626071,0.2744324511807092,0.7866947446387411,0.8057411717579506,-0.4814607612315388,0.2463866020402601,-1.0161329645585022,1
-0.9738162891597597,-1.1099901739376037,-0.502969299721533,-0.3352178768503426,-0.911310674287764,-1.177851894974348,0.0026532509806712224,-0.8828162337175963,-1.173704231781191,0.23238544103697253,-0.4814607612315388,-0.30919030363785477,0.9841231756854657,0
-0.9738162891597597,-1.1099901739376037,-1.179024470547907,-0.8112316995964091,-0.911310674287764,0.9048055324001227,-0.5674373336626071,-1.461440576166749,0.860545391010725,0.8057411717579506,-0.4814607612315388,-0.6068207888225592,0.9841231756854657,0
-0.46546902347764374,-1.1099901739376037,0.8491410419312149,-0.33657602125868186,0.2715603651240624,-1.177851894974348,-0.7257958293968509,1.4316811360790147,0.001192415045823164,-0.570312581972397,-0.4814607612315388,-0.9639773710442044,0.9841231756854657,0
-0.8043672005990544,0.9009088760241706,0.8491410419312149,-0.8120844879458313,-0.7423290972289317,0.9048055324001227,-0.5674373336626071,-0.8828162337175963,0.16232109803924238,0.8057411717579506,-0.7394662468772634,0.5638591195706114,-1.0161329645585022,0
-1.143265377720465,-1.1099901739376037,1.5251962127575889,-0.8130162381794594,-0.7423290972289317,0.9048055324001227,-0.5674373336626071,-0.8828162337175963,-0.018948670328354386,0.8057411717579506,-0.997471732522988,-0.15045404487267908,0.9841231756854657,0
-0.9738162891597597,0.9009088760241706,0.8491410419312149,-0.33243841852629946,-0.404365943111267,-1.177851894974348,-0.8841543251310949,0.853056793629862,0.2865244578466693,-0.7996548742607882,-0.997471732522988,1.298014316359549,-1.0161329645585022,0
-1.143265377720465,-1.1099901739376037,-0.502969299721533,-0.8117686404090082,-0.911310674287764,0.9048055324001227,-0.5674373336626071,-0.3041918912684436,-1.0427871768490378,0.8057411717579506,-0.997471732522988,1.317856348705196,-1.0161329645585022,1
-0.46546902347764374,0.9009088760241706,-0.502969299721533,-0.8034144730600378,-0.23538436605243465,0.9048055324001227,-0.5674373336626071,1.4316811360790147,-1.0092187012254088,0.8057411717579506,-0.4814607612315388,0.3654387961141419,-1.0161329645585022,0
-0.9738162891597597,-1.1099901739376037,-0.502969299721533,-0.794112763100598,-0.7423290972289317,0.9048055324001227,-0.5674373336626071,0.853056793629862,0.001192415045823164,0.6910700256137552,-0.7394662468772634,0.5241750548793175,-1.0161329645585022,0
-0.9738162891597597,0.9009088760241706,-0.502969299721533,-0.7922176778796595,-0.911310674287764,0.9048055324001227,-0.5674373336626071,0.2744324511807092,-0.11965409719924096,0.6910700256137552,-0.4814607612315388,-0.686188918205147,0.9841231756854657,0
-0.46546902347764374,-1.1099901739376037,-0.502969299721533,-0.3377288647680861,-0.7423290972289317,-1.177851894974348,-0.8841543251310949,-1.461440576166749,-1.2979075915886182,-0.7996548742607882,-0.7394662468772634,-0.15045404487267908,-1.0161329645585022,0
-0.2960199349169384,0.9009088760241706,-0.502969299721533,-0.7942864792458507,-0.23538436605243465,0.9048055324001227,-0.5674373336626071,0.2744324511807092,-0.707102420612748,0.6910700256137552,-0.7394662468772634,0.40512286080543575,-1.0161329645585022,0
-0.46546902347764374,-1.1099901739376037,-0.502969299721533,-0.33853427598698493,-0.404365943111267,-1.177851894974348,-0.3536533644213777,0.853056793629862,0.03811773823181484,-0.11162799739561437,-0.997471732522988,0.40512286080543575,0.9841231756854657,0
-0.2960199349169384,0.9009088760241706,-0.502969299721533,-0.7838003410233244,-0.404365943111267,0.9048055324001227,-0.5674373336626071,-1.461440576166749,-1.4724636648314886,0.6910700256137552,-0.4814607612315388,-0.09092794783573821,0.9841231756854657,0
-0.634918112038349,-1.1099901739376037,1.5251962127575889,-0.33371760105043297,-0.7423290972289317,-1.177851894974348,-1.327558113186978,0.853056793629862,-1.4254677989584081,-1.3730106049817663,-0.7394662468772634,1.6551708985811941,0.9841231756854657,0
-0.8043672005990544,-1.1099901739376037,0.8491410419312149,-0.7920913388649302,-0.911310674287764,0.9048055324001227,-0.5674373336626071,-0.8828162337175963,-1.8752853723150364,0.6910700256137552,-0.4814607612315388,-0.17029607721832604,0.9841231756854657,0
-0.634918112038349,0.9009088760241706,0.8491410419312149,-0.7891855415261579,-0.911310674287764,0.9048055324001227,-0.5674373336626071,0.2744324511807092,0.3301634761573873,0.6910700256137552,-0.4814607612315388,-1.2616078562289088,0.9841231756854657,0
-0.8043672005990544,0.9009088760241706,0.8491410419312149,-0.3351704997198191,-0.5733475201700994,-1.177851894974348,-1.01084112171849,-0.8828162337175963,-1.173704231781191,-1.0289971665491795,-0.997471732522988,-1.142555662155027,0.9841231756854657,0
-0.634918112038349,-1.1099901739376037,0.8491410419312149,-0.4479596551193416,-0.7423290972289317,-1.177851894974348,1.3724542390818815,0.853056793629862,1.9515208487786668,2.411137217776689,-0.4814607612315388,-0.6068207888225592,-1.0161329645585022,1
-0.634918112038349,-1.1099901739376037,0.8491410419312149,-0.33949761097429537,-0.911310674287764,-1.177851894974348,0.0026532509806712224,1.4316811360790147,0.001192415045823164,0.23238544103697253,-0.4814607612315388,-2.5513399586959613,0.9841231756854657,0
-0.634918112038349,0.9009088760241706,1.5251962127575889,-0.7901804612671506,-0.7423290972289317,0.9048055324001227,-0.5674373336626071,0.2744324511807092,0.665848232393677,0.6910700256137552,-0.4814607612315388,0.14717644031202531,0.9841231756854657,0
-0.2960199349169384,-1.1099901739376037,-0.502969299721533,-0.3396871194963892,-0.404365943111267,0.21058638994196582,0.8577891279455886,1.4316811360790147,0.03811773823181484,1.379096902478929,-0.7394662468772634,1.4170665104334308,-1.0161329645585022,0
-0.8043672005990544,0.9009088760241706,0.8491410419312149,-0.7893592576714106,-0.404365943111267,0.9048055324001227,-0.5674373336626071,-1.461440576166749,0.001192415045823164,0.6910700256137552,-0.997471732522988,1.0797519605574324,0.9841231756854657,0
-0.46546902347764374,0.9009088760241706,-1.179024470547907,-0.33757094099967455,0.2715603651240624,-1.177851894974348,2.3226052134873454,-0.8828162337175963,-0.25392799969375696,3.0991640946418633,-0.7394662468772634,0.32575473142284794,-1.0161329645585022,0
-0.9738162891597597,0.9009088760241706,0.8491410419312149,-0.34107684865841076,-0.911310674287764,-1.177851894974348,-0.4090788379283631,-0.8828162337175963,0.830333762949459,-0.2262991435398101,-0.7394662468772634,-0.7060309505507939,0.9841231756854657,0
-0.9738162891597597,-1.1099901739376037,-0.502969299721533,-0.331159236002166,-0.911310674287764,-1.177851894974348,-0.7257958293968509,-0.8828162337175963,-1.0495008719737637,-0.6849837281165926,-0.997471732522988,0.8416475724096689,-1.0161329645585022,0
-1.143265377720465,0.9009088760241706,0.8491410419312149,-0.7951866447257965,-0.911310674287764,0.9048055324001227,-0.5674373336626071,0.2744324511807092,0.11868207972852446,0.6910700256137552,-0.7394662468772634,-0.15045404487267908,0.9841231756854657,0
-0.9738162891597597,-1.1099901739376037,-0.502969299721533,-0.7892645034103637,-0.404365943111267,0.9048055324001227,-0.5674373336626071,-0.3041918912684436,0.3939435798422821,0.6910700256137552,-0.7394662468772634,-0.7060309505507939,-1.0161329645585022,1
-1.143265377720465,0.9009088760241706,0.8491410419312149,-0.7678342480369176,-0.911310674287764,0.9048055324001227,-0.5674373336626071,-1.461440576166749,0.8739727812601764,0.5763988794695595,-0.997471732522988,0.5241750548793175,0.9841231756854657,0
-1.143265377720465,0.9009088760241706,-1.179024470547907,-0.7693503162136683,-0.911310674287764,0.9048055324001227,-0.5674373336626071,-0.8828162337175963,0.27645391515958084,0.5763988794695595,-0.7394662468772634,-2.0552891500547874,-1.0161329645585022,0
-0.8043672005990544,-1.1099901739376037,0.8491410419312149,-0.7715928337251122,-0.7423290972289317,0.9048055324001227,-0.5674373336626071,1.4316811360790147,-1.173704231781191,0.5763988794695595,-0.997471732522988,-0.2893482712922078,-1.0161329645585022,0
-0.46546902347764374,-1.1099901739376037,-1.179024470547907,-0.7699346341567911,-0.23538436605243465,0.9048055324001227,-0.5674373336626071,0.853056793629862,0.001192415045823164,0.5763988794695595,-0.997471732522988,0.8813316371009629,0.9841231756854657,0
-0.9738162891597597,-1.1099901739376037,-0.502969299721533,-0.3374761867386276,-0.7423290972289317,-1.177851894974348,-0.4882580857954851,1.4316811360790147,-0.12972463988633004,-0.34097028968400567,-0.7394662468772634,0.286070666731554,0.9841231756854657,0
-0.46546902347764374,-1.1099901739376037,-1.179024470547907,-0.7703136512009788,-0.06640278899360229,0.9048055324001227,-0.5674373336626071,-1.461440576166749,1.8105332511594245,0.5763988794695595,-0.997471732522988,0.782121475372728,-1.0161329645585022,1
-1.143265377720465,-1.1099901739376037,-0.502969299721533,-0.7652916753654918,-0.911310674287764,0.9048055324001227,-0.5674373336626071,-1.461440576166749,0.001192415045823164,0.5763988794695595,-0.4814607612315388,-0.9044512740072636,0.9841231756854657,0
-0.2960199349169384,-1.1099901739376037,-0.502969299721533,-0.7736458427144622,-0.5733475201700994,0.9048055324001227,-0.5674373336626071,-0.8828162337175963,-1.0092187012254088,0.5763988794695595,-0.997471732522988,-0.8052411122790287,-1.0161329645585022,0
-0.46546902347764374,-1.1099901739376037,-0.502969299721533,-0.34202439126888,-0.911310674287764,0.21058638994196582,0.8577891279455886,-0.8828162337175963,-0.25392799969375696,1.379096902478929,-0.4814607612315388,-0.09092794783573821,0.9841231756854657,0
-0.9738162891597597,0.9009088760241706,-0.502969299721533,-0.33962394998902456,-0.911310674287764,-1.177851894974348,0.8577891279455886,0.2744324511807092,-0.37813135950118393,1.379096902478929,-0.997471732522988,1.317856348705196,-1.0161329645585022,0
-0.634918112038349,0.9009088760241706,1.5251962127575889,-0.770124142678885,-0.911310674287764,0.9048055324001227,-0.5674373336626071,0.2744324511807092,-1.1804179269059165,0.5763988794695595,-0.997471732522988,0.16701847265767225,0.9841231756854657,0
-0.2960199349169384,0.9009088760241706,-0.502969299721533,-0.33695503830286955,-0.23538436605243465,-1.177851894974348,-0.8524826259842462,1.4316811360790147,-0.12972463988633004,-0.7996548742607882,-0.997471732522988,0.8416475724096689,-1.0161329645585022,0
-0.634918112038349,-1.1099901739376037,0.8491410419312149,-0.3378394114059742,-0.911310674287764,-1.177851894974348,-0.646616581529729,-0.8828162337175963,0.11868207972852446,-0.570312581972397,-0.7394662468772634,-1.4401861473397315,0.9841231756854657,0
-0.46546902347764374,0.9009088760241706,-0.502969299721533,-0.3411242257889342,-0.23538436605243465,-1.177851894974348,1.1349164954805155,-0.8828162337175963,0.001192415045823164,1.7231103409115156,-0.4814607612315388,1.337698381050843,0.9841231756854657,0
-0.2960199349169384,-1.1099901739376037,-0.502969299721533,-0.3381710513196384,0.10257878806523006,-1.177851894974348,-0.8841543251310949,1.4316811360790147,0.001192415045823164,-0.7996548742607882,-0.997471732522988,-0.051243883144444294,-1.0161329645585022,0
-1.143265377720465,0.9009088760241706,0.8491410419312149,-0.7684027736031991,-0.911310674287764,0.9048055324001227,-0.5674373336626071,-0.8828162337175963,-1.1804179269059165,0.5763988794695595,-0.7394662468772634,-3.622809705360897,0.9841231756854657,0
-0.8043672005990544,0.9009088760241706,-1.179024470547907,-0.7756830593269711,-0.911310674287764,0.9048055324001227,-0.5674373336626071,-0.3041918912684436,0.7464125738903866,0.5763988794695595,-0.4814607612315388,-0.6266628211682062,-1.0161329645585022,1
-0.8043672005990544,-1.1099901739376037,-0.502969299721533,-0.3310960664948014,-0.7423290972289317,-1.177851894974348,0.38271364074285674,1.4316811360790147,0.11868207972852446,0.6910700256137552,-0.7394662468772634,-0.5274526594399713,0.9841231756854657,0
-1.143265377720465,0.9009088760241706,1.5251962127575889,-0.7748776481080724,-0.911310674287764,0.9048055324001227,-0.5674373336626071,1.4316811360790147,-0.6936750303632967,0.5763988794695595,-0.7394662468772634,0.4844909901880236,0.9841231756854657,0
-0.46546902347764374,0.9009088760241706,-1.179024470547907,-0.7736774274681446,-0.7423290972289317,0.9048055324001227,-0.5674373336626071,-1.461440576166749,-0.41841353024953903,0.5763988794695595,-0.7394662468772634,0.7622794430270811,0.9841231756854657,0
-0.634918112038349,-1.1099901739376037,-1.179024470547907,-0.7601275681384344,-0.404365943111267,0.9048055324001227,-0.5674373336626071,0.2744324511807092,-1.2979075915886182,0.5763988794695595,-0.4814607612315388,0.18686050500331922,-1.0161329645585022,0
-0.8043672005990544,-1.1099901739376037,-0.502969299721533,-0.7497993536843196,-0.911310674287764,0.9048055324001227,-0.5674373336626071,1.4316811360790147,0.001192415045823164,0.5763988794695595,-0.7394662468772634,0.08765034327508442,-1.0161329645585022,0
-1.143265377720465,-1.1099901739376037,0.8491410419312149,-0.760301284283687,-0.7423290972289317,0.9048055324001227,-0.5674373336626071,-1.461440576166749,-1.1804179269059165,0.5763988794695595,-0.997471732522988,0.3654387961141419,0.9841231756854657,0
-0.2960199349169384,-1.1099901739376037,-0.502969299721533,-0.7465303316782007,-0.404365943111267,0.9048055324001227,-0.5674373336626071,0.853056793629862,-0.11965409719924096,0.4617277333253637,-0.997471732522988,0.4844909901880236,-1.0161329645585022,0
-0.46546902347764374,0.9009088760241706,-0.502969299721533,-0.34131373431102807,-0.5733475201700994,-1.177851894974348,-0.2823920413409679,-0.3041918912684436,-0.6936750303632967,-0.11162799739561437,-0.997471732522988,0.5440170872249644,0.9841231756854657,0
-0.2960199349169384,-1.1099901739376037,-0.502969299721533,-0.7384920118660533,-0.06640278899360229,0.9048055324001227,-0.5674373336626071,0.2744324511807092,-1.6805882136979884,0.4617277333253637,-0.4814607612315388,-0.9044512740072636,-1.0161329645585022,0
-0.9738162891597597,0.9009088760241706,-0.502969299721533,-0.7453932805456376,-0.911310674287764,0.9048055324001227,-0.5674373336626071,1.4316811360790147,-0.811164695045998,0.4617277333253637,-0.7394662468772634,0.6630692812988462,0.9841231756854657,0
-0.46546902347764374,-1.1099901739376037,-0.502969299721533,-0.7390605374323348,-0.7423290972289317,0.9048055324001227,-0.5674373336626071,0.853056793629862,0.4745079213389917,0.4617277333253637,-0.7394662468772634,-0.20998014190961997,0.9841231756854657,0
-0.46546902347764374,0.9009088760241706,1.5251962127575889,-0.333006944092581,-0.404365943111267,0.21058638994196582,-0.3298995900612411,1.4316811360790147,-1.328119219649884,-0.11162799739561437,-0.7394662468772634,0.5638591195706114,0.9841231756854657,0
-0.634918112038349,0.9009088760241706,-0.502969299721533,-0.7489939424654207,-0.911310674287764,0.9048055324001227,-0.5674373336626071,0.2744324511807092,0.9343960373827085,0.4617277333253637,-0.7394662468772634,0.32575473142284794,0.9841231756854657,0
-0.46546902347764374,0.9009088760241706,-0.502969299721533,-0.7412556778132553,-0.7423290972289317,0.9048055324001227,-0.5674373336626071,-1.461440576166749,-0.5896127559300467,0.4617277333253637,-0.4814607612315388,1.258330251668255,-1.0161329645585022,0
-0.46546902347764374,-1.1099901739376037,-0.502969299721533,-0.7382393338365948,-0.7423290972289317,0.9048055324001227,-0.5674373336626071,1.4316811360790147,0.2865244578466693,0.4617277333253637,-0.7394662468772634,-0.22982217425526694,-1.0161329645585022,0
-0.634918112038349,0.9009088760241706,-0.502969299721533,-0.449128291005587,-0.7423290972289317,-1.177851894974348,-0.963333572998217,-1.461440576166749,-0.6936750303632967,-0.7996548742607882,-0.7394662468772634,-1.4401861473397315,-1.0161329645585022,1
-0.8043672005990544,-1.1099901739376037,-0.502969299721533,-0.7316697050706747,-0.5733475201700994,0.9048055324001227,-0.5674373336626071,-0.8828162337175963,0.2193875065994116,0.4617277333253637,-0.7394662468772634,-0.32903233598350173,0.9841231756854657,0
-0.9738162891597597,-1.1099901739376037,1.5251962127575889,-0.34183488274678614,-0.404365943111267,-1.177851894974348,-1.0741845200121878,0.853056793629862,0.5114332445249834,-1.0289971665491795,-0.997471732522988,0.3455967637684949,0.9841231756854657,0
-0.2960199349169384,0.9009088760241706,-0.502969299721533,-0.7328541333337613,-0.06640278899360229,0.9048055324001227,-0.5674373336626071,1.4316811360790147,-0.34120603631519225,0.4617277333253637,-0.4814607612315388,1.238488219322608,0.9841231756854657,0
-0.634918112038349,0.9009088760241706,-1.179024470547907,-0.33905542442274306,-0.911310674287764,-1.177851894974348,-1.0266769712919146,-0.8828162337175963,-0.6936750303632967,-1.0289971665491795,-0.7394662468772634,0.3455967637684949,-1.0161329645585022,0
-0.46546902347764374,0.9009088760241706,-1.179024470547907,-0.7326488324348263,-0.23538436605243465,0.9048055324001227,-0.5674373336626071,0.853056793629862,-1.0427871768490378,0.4617277333253637,-0.997471732522988,-1.2814498885745558,0.9841231756854657,0
-0.8043672005990544,-1.1099901739376037,-0.502969299721533,-0.3366391907660465,-0.404365943111267,0.21058638994196582,0.9765579997462716,1.4316811360790147,1.7937490133476108,1.4937680486231246,-0.7394662468772634,-1.2219237915376149,0.9841231756854657,0
-0.9738162891597597,-1.1099901739376037,0.8491410419312149,-0.7241841184479677,-0.911310674287764,0.9048055324001227,-0.5674373336626071,-1.461440576166749,-0.21028898138303903,0.4617277333253637,-0.4814607612315388,-0.7258729828964409,-1.0161329645585022,0
-0.634918112038349,0.9009088760241706,-0.502969299721533,-0.3380762970585915,-0.404365943111267,-1.177851894974348,-0.8208109268373974,-0.8828162337175963,0.27645391515958084,-0.6849837281165926,-0.997471732522988,0.801963507718375,-1.0161329645585022,0
-0.2960199349169384,-1.1099901739376037,0.8491410419312149,-0.32686370950137206,-0.23538436605243465,-1.177851894974348,1.1349164954805155,-0.3041918912684436,1.092167872813765,1.6084391947673204,-0.7394662468772634,-1.4600281796853785,0.9841231756854657,0
-0.8043672005990544,-1.1099901739376037,-1.179024470547907,-0.33453880464617297,-0.5733475201700994,0.21058638994196582,-0.5674373336626071,-0.8828162337175963,0.6255660616453219,-0.45564143582820127,-0.997471732522988,0.18686050500331922,0.9841231756854657,0
-0.9738162891597597,-1.1099901739376037,-1.179024470547907,-0.34414056976559465,-0.911310674287764,-1.177851894974348,-0.2507203421941191,1.4316811360790147,0.5114332445249834,0.003043148748581378,-0.4814607612315388,-1.8767108589439645,-1.0161329645585022,0
-0.46546902347764374,0.9009088760241706,0.8491410419312149,-0.716430061418961,-0.7423290972289317,0.9048055324001227,-0.5674373336626071,0.853056793629862,-0.1397951825734185,0.3470565871811683,-0.4814607612315388,-0.11076998018138517,-1.0161329645585022,1
-0.8043672005990544,0.9009088760241706,-1.179024470547907,-0.7164932309263257,-0.911310674287764,0.9048055324001227,-0.5674373336626071,0.853056793629862,-0.46205254856025635,0.3470565871811683,-0.4814607612315388,0.6233852166075523,-1.0161329645585022,0
-0.9738162891597597,-1.1099901739376037,1.5251962127575889,-0.7213572829934011,-0.911310674287764,0.9048055324001227,-0.5674373336626071,-0.8828162337175963,0.6624913848313142,0.4617277333253637,-0.997471732522988,1.4567505751247247,-1.0161329645585022,0
-0.2960199349169384,-1.1099901739376037,-0.502969299721533,-0.33739722485442186,-0.404365943111267,-1.177851894974348,0.06599664927436881,-0.8828162337175963,-1.0964967378468442,0.3470565871811683,-0.997471732522988,0.5241750548793175,0.9841231756854657,0
-0.8043672005990544,-1.1099901739376037,-1.179024470547907,-0.7161300062589792,-0.5733475201700994,0.9048055324001227,-0.5674373336626071,-0.8828162337175963,-0.46205254856025635,0.3470565871811683,-0.4814607612315388,0.5837011519162584,0.9841231756854657,0
-0.8043672005990544,0.9009088760241706,-0.502969299721533,-0.7024380155376986,-0.911310674287764,0.9048055324001227,-0.5674373336626071,1.4316811360790147,-1.1233515183457474,0.3470565871811683,-0.4814607612315388,0.9805417988291976,-1.0161329645585022,0
-1.143265377720465,0.9009088760241706,-1.179024470547907,-0.3445669639403058,-0.911310674287764,-1.177851894974348,0.19268344586176397,-0.8828162337175963,0.6154955189582334,0.5763988794695595,-0.997471732522988,-1.202081759191968,-1.0161329645585022,0
-0.46546902347764374,-1.1099901739376037,-0.502969299721533,-0.7065282411395575,-0.23538436605243465,0.9048055324001227,-0.5674373336626071,-1.461440576166749,-0.707102420612748,0.3470565871811683,-0.7394662468772634,0.0479662785837905,0.9841231756854657,0
-0.8043672005990544,0.9009088760241706,1.5251962127575889,-0.7030223334808212,-0.911310674287764,0.9048055324001227,-0.5674373336626071,0.2744324511807092,0.001192415045823164,0.3470565871811683,-0.7394662468772634,-0.20998014190961997,0.9841231756854657,0
-1.143265377720465,0.9009088760241706,0.8491410419312149,-0.7037803675691966,-0.911310674287764,0.9048055324001227,-0.5674373336626071,-0.8828162337175963,0.9377528849450718,0.3470565871811683,-0.4814607612315388,-0.8846092416616166,0.9841231756854657,0
-1.143265377720465,0.9009088760241706,-1.179024470547907,-0.6928046656645945,-0.911310674287764,0.9048055324001227,-0.5674373336626071,-0.3041918912684436,-0.12972463988633004,0.3470565871811683,-0.7394662468772634,0.06780831092943747,-1.0161329645585022,1
-0.8043672005990544,-1.1099901739376037,0.8491410419312149,-0.6983793746895219,-0.06640278899360229,0.9048055324001227,-0.5674373336626071,-1.461440576166749,-0.6936750303632967,0.3470565871811683,-0.7394662468772634,-2.531497926350314,0.9841231756854657,0
-0.46546902347764374,0.9009088760241706,1.5251962127575889,-0.7028802020892508,-0.5733475201700994,0.9048055324001227,-0.5674373336626071,1.4316811360790147,2.02537149515065,0.3470565871811683,-0.4814607612315388,1.258330251668255,-1.0161329645585022,1
-0.634918112038349,-1.1099901739376037,1.5251962127575889,-0.6914781060099376,-0.7423290972289317,0.9048055324001227,-0.5674373336626071,0.2744324511807092,1.4312094766124175,0.3470565871811683,-0.997471732522988,-0.2893482712922078,0.9841231756854657,0
-0.8043672005990544,0.9009088760241706,-1.179024470547907,-0.6952524840749734,-0.911310674287764,0.9048055324001227,-0.5674373336626071,1.4316811360790147,-1.6839450612603513,0.3470565871811683,-0.7394662468772634,-2.154499311783022,0.9841231756854657,0
-0.8043672005990544,0.9009088760241706,0.8491410419312149,-0.6852085324039994,-0.911310674287764,0.9048055324001227,-0.5674373336626071,0.853056793629862,0.8739727812601764,0.23238544103697253,-0.4814607612315388,-0.4282424977117365,-1.0161329645585022,0
-0.9738162891597597,0.9009088760241706,1.5251962127575889,-0.6970686074117062,-0.911310674287764,0.9048055324001227,-0.5674373336626071,1.4316811360790147,-0.25392799969375696,0.3470565871811683,-0.997471732522988,-0.46792656240303043,-1.0161329645585022,0
-0.9738162891597597,-1.1099901739376037,0.8491410419312149,-0.6949524289149915,-0.911310674287764,0.9048055324001227,-0.5674373336626071,1.4316811360790147,0.1522505553521539,0.3470565871811683,-0.7394662468772634,-0.4282424977117365,0.9841231756854657,0
-0.634918112038349,-1.1099901739376037,1.5251962127575889,-0.33900804729221956,-0.7423290972289317,0.21058638994196582,-1.0741845200121878,-0.3041918912684436,0.5114332445249834,-1.0289971665491795,-0.4814607612315388,0.9210157017922567,0.9841231756854657,0
-0.8043672005990544,0.9009088760241706,0.8491410419312149,-0.6797127852632778,-0.911310674287764,0.9048055324001227,-0.5674373336626071,-0.8828162337175963,1.0787404825643134,0.23238544103697253,-0.7394662468772634,0.12733440796637835,0.9841231756854657,0
-0.9738162891597597,0.9009088760241706,0.8491410419312149,-0.6797601623938012,-0.911310674287764,0.9048055324001227,-0.5674373336626071,0.2744324511807092,0.4745079213389917,0.23238544103697253,-0.4814607612315388,0.3654387961141419,0.9841231756854657,0
-0.634918112038349,0.9009088760241706,0.8491410419312149,-0.33570744053241836,-0.404365943111267,0.21058638994196582,0.12934004756806639,1.4316811360790147,-1.2207000976542715,0.4617277333253637,-0.7394662468772634,0.5043330225336705,0.9841231756854657,0
-0.9738162891597597,0.9009088760241706,-0.502969299721533,-0.6755278054003719,-0.911310674287764,0.9048055324001227,-0.5674373336626071,-0.8828162337175963,-0.11965409719924096,0.23238544103697253,-0.997471732522988,-2.194183376474316,0.9841231756854657,0
-0.9738162891597597,-1.1099901739376037,-0.502969299721533,-0.6753698816319604,-0.911310674287764,0.9048055324001227,-0.5674373336626071,-0.8828162337175963,1.0955247203761276,0.23238544103697253,-0.7394662468772634,0.6035431842619053,-1.0161329645585022,1
-0.9738162891597597,0.9009088760241706,-1.179024470547907,-0.33821842845016187,-0.911310674287764,-1.177851894974348,0.05411976209430051,-0.8828162337175963,-0.46205254856025635,0.3470565871811683,-0.997471732522988,1.0003838311748445,0.9841231756854657,0
-0.634918112038349,0.9009088760241706,0.8491410419312149,-0.6740275296004623,-0.404365943111267,0.9048055324001227,-0.5674373336626071,0.2744324511807092,0.8336906105118219,0.23238544103697253,-0.997471732522988,-1.0433455004267922,0.9841231756854657,0
-0.634918112038349,0.9009088760241706,-1.179024470547907,-0.3349336140672018,-0.404365943111267,-0.4836327525161911,-0.2823920413409679,1.4316811360790147,0.2965950005337584,-0.11162799739561437,-0.4814607612315388,-0.5076106270943244,-1.0161329645585022,0
-0.634918112038349,0.9009088760241706,-0.502969299721533,-0.6779124543033862,-0.911310674287764,0.9048055324001227,-0.5674373336626071,0.2744324511807092,-1.173704231781191,0.23238544103697253,-0.7394662468772634,0.9210157017922567,-1.0161329645585022,0
-0.8043672005990544,0.9009088760241706,0.8491410419312149,-0.3330859059767868,-0.911310674287764,-1.177851894974348,0.06599664927436881,-0.8828162337175963,-0.5661148229935064,0.3470565871811683,-0.4814607612315388,0.5837011519162584,0.9841231756854657,0
-0.634918112038349,-1.1099901739376037,-0.502969299721533,-0.6812920229473932,-0.404365943111267,0.9048055324001227,-0.5674373336626071,-1.461440576166749,0.8336906105118219,0.23238544103697253,-0.7394662468772634,1.4369085427790778,0.9841231756854657,0
-0.9738162891597597,0.9009088760241706,-1.179024470547907,-0.6712796560301015,-0.911310674287764,0.9048055324001227,-0.5674373336626071,-0.8828162337175963,-1.173704231781191,0.23238544103697253,-0.4814607612315388,0.4844909901880236,-1.0161329645585022,0
-0.634918112038349,0.9009088760241706,-1.179024470547907,-0.6787336578991262,-0.911310674287764,0.9048055324001227,-0.5674373336626071,1.4316811360790147,0.4745079213389917,0.23238544103697253,-0.997471732522988,-1.0830295651180861,0.9841231756854657,0
-0.9738162891597597,0.9009088760241706,-1.179024470547907,-0.6798233319011658,-0.7423290972289317,0.9048055324001227,-0.5674373336626071,0.853056793629862,0.4745079213389917,0.23238544103697253,-0.4814607612315388,0.9606997664835506,-1.0161329645585022,0
-0.634918112038349,-1.1099901739376037,1.5251962127575889,-0.33660760601236417,-0.5733475201700994,0.21058638994196582,-1.3117222636135537,0.853056793629862,-0.6500360120525788,-1.3730106049817663,-0.4814607612315388,0.5043330225336705,0.9841231756854657,0
-0.9738162891597597,0.9009088760241706,1.5251962127575889,-0.3351862920966603,-0.911310674287764,-1.177851894974348,-0.7574675285436998,-1.461440576166749,-0.6500360120525788,-0.6849837281165926,-0.7394662468772634,-0.15045404487267908,0.9841231756854657,0
-0.9738162891597597,-1.1099901739376037,1.5251962127575889,-0.3378394114059742,-0.911310674287764,0.21058638994196582,-1.1375279183058853,0.853056793629862,0.1522505553521539,-1.143668312693375,-0.7394662468772634,0.9210157017922567,-1.0161329645585022,0
-0.46546902347764374,0.9009088760241706,0.8491410419312149,-0.33733405534705724,0.10257878806523006,-1.177851894974348,-0.4090788379283631,-0.8828162337175963,0.3637319517810161,-0.2262991435398101,-0.997471732522988,-0.011559818453150373,0.9841231756854657,0
-0.634918112038349,0.9009088760241706,-0.502969299721533,-0.6754172587624839,-0.5733475201700994,0.9048055324001227,-0.5674373336626071,-0.8828162337175963,0.23617174441122635,0.23238544103697253,-0.4814607612315388,1.1194360252487263,-1.0161329645585022,0
-0.8043672005990544,0.9009088760241706,-0.502969299721533,-0.6817184171221043,-0.911310674287764,0.9048055324001227,-0.5674373336626071,-1.461440576166749,0.23617174441122635,0.23238544103697253,-0.4814607612315388,-0.7258729828964409,0.9841231756854657,0
-0.8043672005990544,0.9009088760241706,0.8491410419312149,-0.33714454682496336,-0.911310674287764,0.21058638994196582,-0.7257958293968509,-0.8828162337175963,-0.3109944082539262,-0.570312581972397,-0.4814607612315388,0.16701847265767225,0.9841231756854657,0
-0.634918112038349,0.9009088760241706,1.5251962127575889,-0.3358337795471476,-0.7423290972289317,-1.177851894974348,-0.7257958293968509,-0.3041918912684436,-1.1166378232210217,-0.570312581972397,-0.4814607612315388,0.38528082845978884,0.9841231756854657,0
-0.8043672005990544,0.9009088760241706,0.8491410419312149,-0.681781586629469,-0.23538436605243465,0.9048055324001227,-0.5674373336626071,-0.8828162337175963,0.8336906105118219,0.23238544103697253,-0.7394662468772634,0.286070666731554,0.9841231756854657,0
-0.9738162891597597,-1.1099901739376037,-0.502969299721533,-0.6763016318655886,-0.911310674287764,0.9048055324001227,-0.5674373336626071,0.853056793629862,-0.005521280078902488,0.23238544103697253,-0.997471732522988,0.6233852166075523,-1.0161329645585022,1
-0.8043672005990544,0.9009088760241706,1.5251962127575889,-0.6814183619621225,-0.911310674287764,0.9048055324001227,-0.5674373336626071,-0.8828162337175963,-0.8447331706696268,0.23238544103697253,-0.7394662468772634,0.028124246238143545,-1.0161329645585022,0
-0.634918112038349,0.9009088760241706,-0.502969299721533,-0.6849716467513821,-0.911310674287764,0.9048055324001227,-0.5674373336626071,-0.3041918912684436,1.6729025011025462,0.23238544103697253,-0.7394662468772634,1.3972244780877838,-1.0161329645585022,1
-0.9738162891597597,0.9009088760241706,-1.179024470547907,-0.6793021834654078,-0.911310674287764,0.9048055324001227,-0.5674373336626071,0.853056793629862,-0.21364582894540246,0.23238544103697253,-0.997471732522988,0.286070666731554,0.9841231756854657,0
-0.2960199349169384,-1.1099901739376037,1.5251962127575889,-0.678496772246509,-0.06640278899360229,0.9048055324001227,-0.5674373336626071,0.2744324511807092,-1.4993184453303918,0.23238544103697253,-0.997471732522988,-0.40840046536608954,-1.0161329645585022,0
-0.8043672005990544,-1.1099901739376037,0.8491410419312149,-0.6768227803013466,-0.911310674287764,0.9048055324001227,-0.5674373336626071,0.853056793629862,1.2465828606824585,0.23238544103697253,-0.4814607612315388,-0.9838194033898514,0.9841231756854657,0
-1.143265377720465,0.9009088760241706,-0.502969299721533,-0.6719587282342712,-0.911310674287764,0.9048055324001227,-0.5674373336626071,0.2744324511807092,-1.173704231781191,0.23238544103697253,-0.7394662468772634,-0.686188918205147,0.9841231756854657,0
-0.634918112038349,0.9009088760241706,0.8491410419312149,-0.3354231777492776,-0.5733475201700994,-1.177851894974348,-0.963333572998217,0.2744324511807092,-0.2438574570066685,-0.9143260204049839,-0.4814607612315388,-0.7457150152420878,-1.0161329645585022,0
-0.2960199349169384,-1.1099901739376037,1.5251962127575889,-0.6758752376908773,-0.06640278899360229,0.9048055324001227,-0.5674373336626071,-1.461440576166749,0.001192415045823164,0.23238544103697253,-0.997471732522988,-0.46792656240303043,-1.0161329645585022,1
-1.143265377720465,0.9009088760241706,0.8491410419312149,-0.6755435977772131,-0.911310674287764,0.9048055324001227,-0.5674373336626071,0.2744324511807092,-0.6936750303632967,0.23238544103697253,-0.997471732522988,-0.6068207888225592,0.9841231756854657,0
-0.2960199349169384,0.9009088760241706,-0.502969299721533,-0.6762068776045416,-0.06640278899360229,0.9048055324001227,-0.5674373336626071,-1.461440576166749,-1.0964967378468442,0.23238544103697253,-0.7394662468772634,-1.7775006972157297,0.9841231756854657,0
-0.8043672005990544,-1.1099901739376037,0.8491410419312149,-0.33261213467155215,-0.7423290972289317,-1.177851894974348,-0.013182598592753173,0.2744324511807092,-1.2475548781531747,0.23238544103697253,-0.997471732522988,-0.3488743683291487,0.9841231756854657,0
-0.9738162891597597,-1.1099901739376037,-1.179024470547907,-0.3310960664948014,-0.911310674287764,-1.177851894974348,-1.042512820865339,-1.461440576166749,0.001192415045823164,-1.0289971665491795,-0.997471732522988,-2.03544711770914,0.9841231756854657,0
-1.143265377720465,-1.1099901739376037,0.8491410419312149,-0.6620727003317087,-0.911310674287764,0.9048055324001227,-0.5674373336626071,0.2744324511807092,-1.6705176710108995,0.23238544103697253,-0.7394662468772634,-1.4005020826484376,0.9841231756854657,0
-0.8043672005990544,0.9009088760241706,1.5251962127575889,-0.3337333934272741,-0.404365943111267,-1.177851894974348,1.6495816066168083,1.4316811360790147,0.3939435798422821,2.2964660716324943,-0.997471732522988,0.801963507718375,-1.0161329645585022,0
-0.46546902347764374,0.9009088760241706,0.8491410419312149,-0.335360008241913,-0.7423290972289317,-1.177851894974348,-0.5674373336626071,-0.8828162337175963,-1.1233515183457474,-0.45564143582820127,-0.7394662468772634,0.3654387961141419,-1.0161329645585022,0
-0.2960199349169384,-1.1099901739376037,0.8491410419312149,-0.6586457545571782,-0.911310674287764,0.9048055324001227,-0.5674373336626071,-1.461440576166749,1.417782086362966,0.23238544103697253,-0.7394662468772634,0.286070666731554,0.9841231756854657,0
-1.143265377720465,-1.1099901739376037,1.5251962127575889,-0.6584878307887667,-0.911310674287764,0.9048055324001227,-0.5674373336626071,-1.461440576166749,1.9750187817152072,0.23238544103697253,-0.7394662468772634,1.5361187045073124,-1.0161329645585022,1
-0.46546902347764374,0.9009088760241706,1.5251962127575889,-0.6510338289197419,0.2715603651240624,0.9048055324001227,-0.5674373336626071,-1.461440576166749,0.9377528849450718,0.23238544103697253,-0.4814607612315388,-1.8568688265983175,-1.0161329645585022,1
-0.9738162891597597,0.9009088760241706,-1.179024470547907,-0.6513812612102474,-0.5733475201700994,0.9048055324001227,-0.5674373336626071,-0.8828162337175963,0.7430557263280237,0.23238544103697253,-0.997471732522988,0.14717644031202531,0.9841231756854657,0
-0.8043672005990544,0.9009088760241706,-1.179024470547907,-0.32730589605292437,-0.7423290972289317,-1.177851894974348,-0.4882580857954851,1.4316811360790147,0.001192415045823164,-0.34097028968400567,-0.4814607612315388,0.6432272489531993,0.9841231756854657,0
-0.9738162891597597,0.9009088760241706,0.8491410419312149,-0.6458539293158434,-0.7423290972289317,0.9048055324001227,-0.5674373336626071,-0.8828162337175963,0.03811773823181484,0.1177142948927768,-0.4814607612315388,-0.15045404487267908,0.9841231756854657,0
-0.634918112038349,0.9009088760241706,0.8491410419312149,-0.6330305193208263,-0.911310674287764,0.9048055324001227,-0.5674373336626071,-0.3041918912684436,0.8336906105118219,0.1177142948927768,-0.7394662468772634,0.08765034327508442,-1.0161329645585022,1
-0.2960199349169384,0.9009088760241706,0.8491410419312149,-0.32927994315806863,-0.5733475201700994,-1.177851894974348,0.5410721364771007,-0.3041918912684436,-1.2475548781531747,0.9204123179021463,-0.7394662468772634,0.5241750548793175,-1.0161329645585022,0
-0.8043672005990544,-1.1099901739376037,0.8491410419312149,-0.32618463729720243,-0.911310674287764,-1.177851894974348,-0.5674373336626071,0.853056793629862,-0.25392799969375696,-0.45564143582820127,-0.997471732522988,0.3654387961141419,-1.0161329645585022,0
-1.143265377720465,0.9009088760241706,0.8491410419312149,-0.6373576305753026,-0.911310674287764,0.9048055324001227,-0.5674373336626071,-1.461440576166749,-1.8752853723150364,0.1177142948927768,-0.4814607612315388,0.3455967637684949,-1.0161329645585022,0
-0.46546902347764374,-1.1099901739376037,-0.502969299721533,-0.6395843557099052,-0.911310674287764,0.9048055324001227,-0.5674373336626071,0.2744324511807092,-0.12972463988633004,0.1177142948927768,-0.997471732522988,0.18686050500331922,-1.0161329645585022,1
-0.46546902347764374,0.9009088760241706,-0.502969299721533,-0.3256950736151267,-0.404365943111267,-0.4836327525161911,1.5704023587496865,-0.8828162337175963,1.5319149034833046,2.1817949254882985,-0.4814607612315388,0.6829113136444932,-1.0161329645585022,1
-0.9738162891597597,-1.1099901739376037,-0.502969299721533,-0.44120051783132763,-0.911310674287764,-1.177851894974348,-0.4090788379283631,0.2744324511807092,1.5319149034833046,-0.11162799739561437,-0.4814607612315388,0.9408577341379036,-1.0161329645585022,1
-0.46546902347764374,0.9009088760241706,-0.502969299721533,-0.6411320086403384,-0.5733475201700994,0.9048055324001227,-0.5674373336626071,0.853056793629862,0.6423502994571366,0.1177142948927768,-0.7394662468772634,-1.4997122443766724,-1.0161329645585022,1
-0.9738162891597597,0.9009088760241706,1.5251962127575889,-0.6403897669288041,-0.404365943111267,0.9048055324001227,-0.5674373336626071,1.4316811360790147,0.001192415045823164,0.1177142948927768,-0.7394662468772634,-1.2417658238832618,-1.0161329645585022,0
-0.9738162891597597,0.9009088760241706,-0.502969299721533,-0.33024327814537907,-0.911310674287764,-1.177851894974348,0.6202513843442227,-0.8828162337175963,0.04483143335654109,1.035083464046342,-0.7394662468772634,0.782121475372728,0.9841231756854657,0
-0.634918112038349,0.9009088760241706,0.8491410419312149,-0.6400107498846165,-0.911310674287764,0.9048055324001227,-0.5674373336626071,0.853056793629862,1.286865031430813,0.1177142948927768,-0.4814607612315388,-0.9441353386985575,-1.0161329645585022,1
-0.8043672005990544,-1.1099901739376037,-1.179024470547907,-0.32507917091832167,-0.404365943111267,0.21058638994196582,-0.7257958293968509,0.2744324511807092,-1.1804179269059165,-0.6849837281165926,-0.997471732522988,0.5837011519162584,0.9841231756854657,0
-0.8043672005990544,0.9009088760241706,0.8491410419312149,-0.6353362063396348,-0.911310674287764,0.9048055324001227,-0.5674373336626071,0.2744324511807092,1.934736610966852,0.1177142948927768,-0.7394662468772634,-1.0433455004267922,-1.0161329645585022,1
-0.9738162891597597,-1.1099901739376037,1.5251962127575889,-0.6296983278073428,-0.911310674287764,0.9048055324001227,-0.5674373336626071,0.853056793629862,0.6826324702054911,0.1177142948927768,-0.4814607612315388,1.5758027691986063,0.9841231756854657,0
-0.8043672005990544,-1.1099901739376037,1.5251962127575889,-0.3240368740468055,-0.911310674287764,-1.177851894974348,-0.5674373336626071,0.2744324511807092,0.2865244578466693,-0.45564143582820127,-0.4814607612315388,-0.051243883144444294,0.9841231756854657,0
-0.8043672005990544,-1.1099901739376037,-1.179024470547907,-0.3257424507456501,-0.5733475201700994,-1.177851894974348,1.4912231108825644,0.853056793629862,0.11868207972852446,2.0671237793441026,-0.4814607612315388,0.5837011519162584,0.9841231756854657,0
-0.2960199349169384,0.9009088760241706,0.17308587110484092,-0.6212494061973254,-0.06640278899360229,0.9048055324001227,-0.5674373336626071,1.4316811360790147,1.286865031430813,0.1177142948927768,-0.997471732522988,-0.32903233598350173,-1.0161329645585022,1
-0.9738162891597597,0.9009088760241706,-0.502969299721533,-0.6227338896203939,-0.7423290972289317,0.9048055324001227,-0.5674373336626071,0.853056793629862,0.954537122756886,0.1177142948927768,-0.4814607612315388,-1.182239726846321,0.9841231756854657,0
-0.634918112038349,0.9009088760241706,-0.502969299721533,-0.3208626063017335,-0.911310674287764,-1.177851894974348,-0.2507203421941191,-0.8828162337175963,2.206641263518246,-0.11162799739561437,-0.997471732522988,-0.46792656240303043,0.9841231756854657,0
-0.8043672005990544,0.9009088760241706,-1.179024470547907,-0.6179961765680476,-0.911310674287764,0.9048055324001227,-0.5674373336626071,-0.8828162337175963,0.007906110170548816,0.1177142948927768,-0.4814607612315388,0.4448069254967297,-1.0161329645585022,0
-1.143265377720465,0.9009088760241706,0.8491410419312149,-0.613005785486243,-0.911310674287764,0.9048055324001227,-0.5674373336626071,1.4316811360790147,0.7464125738903866,0.1177142948927768,-0.997471732522988,-0.686188918205147,0.9841231756854657,0
-0.2960199349169384,0.9009088760241706,0.8491410419312149,-0.6116634334547448,-0.5733475201700994,0.9048055324001227,-0.5674373336626071,-1.461440576166749,-0.0995130118250634,0.1177142948927768,-0.7394662468772634,-0.5274526594399713,0.9841231756854657,0
-0.9738162891597597,0.9009088760241706,0.8491410419312149,-0.606562495735052,-0.911310674287764,0.9048055324001227,-0.5674373336626071,-0.8828162337175963,0.622209214082959,0.003043148748581378,-0.4814607612315388,0.4448069254967297,-1.0161329645585022,1
-0.634918112038349,0.9009088760241706,-1.179024470547907,-0.32305774668265397,-0.7423290972289317,-0.4836327525161911,-0.963333572998217,0.2744324511807092,-0.5661148229935064,-0.9143260204049839,-0.4814607612315388,-1.102871597463733,0.9841231756854657,0
-0.634918112038349,0.9009088760241706,0.8491410419312149,-0.3179252242092789,-0.06640278899360229,-1.177851894974348,-0.09236184645987515,-1.461440576166749,-1.1804179269059165,0.1177142948927768,-0.997471732522988,0.8416475724096689,-1.0161329645585022,0
-1.143265377720465,-1.1099901739376037,0.8491410419312149,-0.6033566432362978,-0.911310674287764,0.9048055324001227,-0.5674373336626071,0.853056793629862,0.5114332445249834,0.003043148748581378,-0.7394662468772634,-0.5671367241312653,-1.0161329645585022,0
-0.634918112038349,-1.1099901739376037,0.8491410419312149,-0.3257582431224913,-0.911310674287764,-1.177851894974348,0.113504197994642,1.4316811360790147,-1.3482603050240614,0.3470565871811683,-0.997471732522988,0.14717644031202531,0.9841231756854657,0
-0.634918112038349,0.9009088760241706,1.5251962127575889,-0.599076909112345,-0.06640278899360229,0.9048055324001227,-0.5674373336626071,0.853056793629862,-0.707102420612748,0.003043148748581378,-0.4814607612315388,1.4369085427790778,0.9841231756854657,0
-0.2960199349169384,0.9009088760241706,1.5251962127575889,-0.6017300284216589,-0.5733475201700994,0.9048055324001227,-0.5674373336626071,-1.461440576166749,0.5651428055227898,0.003043148748581378,-0.4814607612315388,0.305912699077201,-1.0161329645585022,0
-0.634918112038349,-1.1099901739376037,-0.502969299721533,-0.31931495337130045,-0.7423290972289317,-1.177851894974348,0.06599664927436881,1.4316811360790147,2.478545916069642,0.3470565871811683,-0.7394662468772634,-0.4282424977117365,0.9841231756854657,0
-0.8043672005990544,-1.1099901739376037,-1.179024470547907,-0.6031197575836805,-0.5733475201700994,0.9048055324001227,-0.5674373336626071,-1.461440576166749,1.0351014642535956,0.003043148748581378,-0.4814607612315388,-1.4005020826484376,-1.0161329645585022,1
-0.9738162891597597,0.9009088760241706,1.5251962127575889,-0.3213995471143328,-0.911310674287764,-1.177851894974348,-0.7257958293968509,0.2744324511807092,-1.0427871768490378,-0.6849837281165926,-0.4814607612315388,0.46464895784237664,0.9841231756854657,0
-0.9738162891597597,0.9009088760241706,1.5251962127575889,-0.6013825961311535,-0.911310674287764,0.9048055324001227,-0.5674373336626071,0.853056793629862,-1.0427871768490378,0.003043148748581378,-0.997471732522988,0.26622863438590705,-1.0161329645585022,0
-0.8043672005990544,-1.1099901739376037,-0.502969299721533,-0.32027828835861083,-0.911310674287764,-1.177851894974348,0.1491348595348469,-0.8828162337175963,0.8739727812601764,0.4617277333253637,-0.997471732522988,0.0479662785837905,0.9841231756854657,0
-0.46546902347764374,-1.1099901739376037,0.8491410419312149,-0.6969738531506592,-0.06640278899360229,0.9048055324001227,-0.5674373336626071,0.2744324511807092,0.8336906105118219,0.3470565871811683,-0.7394662468772634,0.0479662785837905,-1.0161329645585022,1
-0.9738162891597597,-1.1099901739376037,-0.502969299721533,-0.5789574210167148,-0.911310674287764,0.9048055324001227,-0.5674373336626071,0.2744324511807092,-1.1804179269059165,0.003043148748581378,-0.997471732522988,0.4844909901880236,0.9841231756854657,0
-0.9738162891597597,-1.1099901739376037,0.8491410419312149,-0.4306985872319602,-0.404365943111267,-1.177851894974348,0.38271364074285674,-0.3041918912684436,0.9343960373827085,1.035083464046342,-0.4814607612315388,-1.7179746001787888,-1.0161329645585022,1
-0.8043672005990544,0.9009088760241706,1.5251962127575889,-0.6972265311801177,-0.911310674287764,0.9048055324001227,-0.5674373336626071,-0.8828162337175963,-1.0495008719737637,0.3470565871811683,-0.7394662468772634,-0.15045404487267908,-1.0161329645585022,1
-0.634918112038349,0.9009088760241706,-0.502969299721533,-0.5878011520477611,-0.911310674287764,0.9048055324001227,-0.5674373336626071,1.4316811360790147,0.9981761410676039,0.003043148748581378,-0.4814607612315388,0.18686050500331922,-1.0161329645585022,0
-0.9738162891597597,-1.1099901739376037,-1.179024470547907,-0.5800786797724367,-0.7423290972289317,0.9048055324001227,-0.5674373336626071,-0.8828162337175963,0.001192415045823164,0.003043148748581378,-0.997471732522988,0.5043330225336705,0.9841231756854657,0
-0.634918112038349,0.9009088760241706,0.8491410419312149,-0.5871694569741148,-0.23538436605243465,0.9048055324001227,-0.5674373336626071,1.4316811360790147,-0.1397951825734185,0.003043148748581378,-0.7394662468772634,0.32575473142284794,0.9841231756854657,0
-0.634918112038349,0.9009088760241706,-0.502969299721533,-0.7006692693314893,-0.911310674287764,0.9048055324001227,-0.5674373336626071,1.4316811360790147,1.5486991412951188,0.3470565871811683,-0.7394662468772634,0.782121475372728,-1.0161329645585022,1
-0.8043672005990544,0.9009088760241706,1.5251962127575889,-0.5829213076038444,-0.5733475201700994,0.9048055324001227,-0.5674373336626071,-0.8828162337175963,0.001192415045823164,0.003043148748581378,-0.997471732522988,0.5440170872249644,0.9841231756854657,0
-0.2960199349169384,-1.1099901739376037,1.5251962127575889,-0.6988689383715977,0.10257878806523006,0.9048055324001227,-0.5674373336626071,0.853056793629862,1.0418151593783211,0.3470565871811683,-0.4814607612315388,0.801963507718375,-1.0161329645585022,1
-0.8043672005990544,-1.1099901739376037,-0.502969299721533,-0.3148772954789361,-0.911310674287764,-1.177851894974348,0.0026532509806712224,-1.461440576166749,-1.8752853723150364,0.23238544103697253,-0.7394662468772634,-1.182239726846321,0.9841231756854657,0
-0.634918112038349,-1.1099901739376037,1.5251962127575889,-0.43392023210755565,-0.5733475201700994,-1.177851894974348,-0.8841543251310949,0.853056793629862,2.17642963545698,-0.6849837281165926,-0.7394662468772634,-0.11076998018138517,-1.0161329645585022,1
-0.8043672005990544,0.9009088760241706,-1.179024470547907,-0.3209415681859393,-0.404365943111267,-1.177851894974348,-0.963333572998217,-0.8828162337175963,-1.8752853723150364,-0.9143260204049839,-0.997471732522988,0.26622863438590705,0.9841231756854657,0
-1.143265377720465,0.9009088760241706,-1.179024470547907,-0.5802681882945305,-0.911310674287764,0.9048055324001227,-0.5674373336626071,0.2744324511807092,0.001192415045823164,0.003043148748581378,-0.4814607612315388,-0.8250831446246757,0.9841231756854657,0
-0.634918112038349,0.9009088760241706,-1.179024470547907,-0.437441932143133,-0.911310674287764,-1.177851894974348,0.06599664927436881,-1.461440576166749,1.9750187817152072,0.5763988794695595,-0.997471732522988,0.028124246238143545,-1.0161329645585022,1
-0.2960199349169384,-1.1099901739376037,-0.502969299721533,-0.6890460799763999,-0.23538436605243465,0.9048055324001227,-0.5674373336626071,-0.3041918912684436,0.7866947446387411,0.3470565871811683,-0.4814607612315388,0.14717644031202531,-1.0161329645585022,1
-0.46546902347764374,0.9009088760241706,-1.179024470547907,-0.31868325829765426,-0.23538436605243465,0.21058638994196582,-1.042512820865339,1.4316811360790147,0.001192415045823164,-1.0289971665491795,-0.7394662468772634,0.22654456969461315,-1.0161329645585022,0
-0.634918112038349,-1.1099901739376037,-1.179024470547907,-0.43504149086327754,-0.7423290972289317,-1.177851894974348,-1.042512820865339,-1.461440576166749,-0.005521280078902488,-0.9143260204049839,-0.7394662468772634,0.5241750548793175,-1.0161329645585022,1
-0.8043672005990544,-1.1099901739376037,-0.502969299721533,-0.3150194268705065,-0.911310674287764,-1.177851894974348,-0.8841543251310949,1.4316811360790147,1.0015329886299666,-0.7996548742607882,-0.4814607612315388,-0.30919030363785477,-1.0161329645585022,0
-0.46546902347764374,0.9009088760241706,0.8491410419312149,-0.5806787900924005,-0.404365943111267,0.9048055324001227,-0.5674373336626071,-0.8828162337175963,-1.2106295549671826,0.003043148748581378,-0.7394662468772634,0.9210157017922567,0.9841231756854657,0
-0.46546902347764374,0.9009088760241706,0.8491410419312149,-0.3192044067334123,-0.06640278899360229,-1.177851894974348,-0.4090788379283631,-1.461440576166749,-1.3482603050240614,-0.2262991435398101,-0.7394662468772634,1.0400678958661385,-1.0161329645585022,0
-0.9738162891597597,0.9009088760241706,-0.502969299721533,-0.6772491744760578,-0.23538436605243465,0.9048055324001227,-0.5674373336626071,0.853056793629862,1.5587696839822078,0.23238544103697253,-0.997471732522988,0.46464895784237664,-1.0161329645585022,1
-0.46546902347764374,-1.1099901739376037,0.8491410419312149,-0.5682028123878888,-0.404365943111267,0.9048055324001227,-0.5674373336626071,0.2744324511807092,0.001192415045823164,0.003043148748581378,-0.4814607612315388,0.5837011519162584,0.9841231756854657,0
-0.634918112038349,0.9009088760241706,0.8491410419312149,-0.3226629372616251,-0.7423290972289317,-1.177851894974348,-1.090020369585612,-0.3041918912684436,-1.371758237960602,-1.0289971665491795,-0.4814607612315388,-1.2616078562289088,0.9841231756854657,0
-0.9738162891597597,0.9009088760241706,-0.502969299721533,-0.321115284331192,-0.911310674287764,-1.177851894974348,-1.1375279183058853,-0.8828162337175963,-1.7510820125076092,-1.143668312693375,-0.4814607612315388,0.2463866020402601,0.9841231756854657,0
-0.8043672005990544,-1.1099901739376037,0.8491410419312149,-0.3202309112280874,-0.911310674287764,-1.177851894974348,-1.1375279183058853,0.2744324511807092,-1.1233515183457474,-1.143668312693375,-0.7394662468772634,0.38528082845978884,0.9841231756854657,0
-0.46546902347764374,-1.1099901739376037,-0.502969299721533,-0.31669341881566887,-0.7423290972289317,-1.177851894974348,1.3684952766885254,-0.3041918912684436,-0.33784918875282943,1.8377814870557112,-0.4814607612315388,-1.3409759856114967,0.9841231756854657,0
-0.2960199349169384,0.9009088760241706,-1.179024470547907,-0.3173409062661562,-0.23538436605243465,-1.177851894974348,1.6495816066168083,-0.8828162337175963,-0.33784918875282943,2.1817949254882985,-0.997471732522988,0.9011736694466097,0.9841231756854657,0
-0.9738162891597597,0.9009088760241706,-0.502969299721533,-0.6757015215456247,-0.911310674287764,0.9048055324001227,-0.5674373336626071,-0.8828162337175963,1.2700807936189982,0.23238544103697253,-0.4814607612315388,0.38528082845978884,-1.0161329645585022,1
-0.9738162891597597,0.9009088760241706,1.5251962127575889,-0.6739643600930977,-0.911310674287764,0.9048055324001227,-0.5674373336626071,-1.461440576166749,2.8142306723059316,0.23238544103697253,-0.4814607612315388,0.06780831092943747,-1.0161329645585022,1
-0.9738162891597597,-1.1099901739376037,-0.502969299721533,-0.5642231334239179,-0.7423290972289317,0.9048055324001227,-0.5674373336626071,-1.461440576166749,0.561785957960427,0.003043148748581378,-0.4814607612315388,0.6630692812988462,-1.0161329645585022,0
-0.9738162891597597,-1.1099901739376037,0.8491410419312149,-0.31543002866837655,-0.7423290972289317,-1.177851894974348,1.1349164954805155,0.853056793629862,-1.3751150855229646,1.6084391947673204,-0.4814607612315388,-0.7457150152420878,0.9841231756854657,0
-0.2960199349169384,0.9009088760241706,-0.502969299721533,-0.6767438184171408,-0.7423290972289317,0.9048055324001227,-0.5674373336626071,-1.461440576166749,1.934736610966852,0.23238544103697253,-0.997471732522988,0.7424374106814341,-1.0161329645585022,1
-0.8043672005990544,0.9009088760241706,-1.179024470547907,-0.3202309112280874,-0.911310674287764,-1.177851894974348,-0.5674373336626071,1.4316811360790147,-1.0495008719737637,-0.45564143582820127,-0.4814607612315388,0.821805540064022,0.9841231756854657,0
-0.2960199349169384,0.9009088760241706,0.8491410419312149,-0.3183200336303077,-0.06640278899360229,-1.177851894974348,0.6994306322113446,-0.8828162337175963,-1.0495008719737637,1.035083464046342,-0.997471732522988,-0.7853990799333818,0.9841231756854657,0
-0.9738162891597597,-1.1099901739376037,1.5251962127575889,-0.5619964082893153,-0.911310674287764,0.9048055324001227,-0.5674373336626071,-0.8828162337175963,-0.33784918875282943,0.003043148748581378,-0.7394662468772634,0.9805417988291976,-1.0161329645585022,0
-0.634918112038349,0.9009088760241706,-0.502969299721533,-0.31552478292942343,0.10257878806523006,-1.177851894974348,-0.963333572998217,0.2744324511807092,-1.0495008719737637,-0.9143260204049839,-0.7394662468772634,-1.12271362980938,0.9841231756854657,0
-0.46546902347764374,-1.1099901739376037,0.8491410419312149,-0.31269794747485685,-0.5733475201700994,0.21058638994196582,-1.121692068732461,-0.3041918912684436,-1.4254677989584081,-1.143668312693375,-0.4814607612315388,-1.2417658238832618,0.9841231756854657,0
-0.9738162891597597,-1.1099901739376037,1.5251962127575889,-0.5635440612197483,-0.911310674287764,0.9048055324001227,-0.5674373336626071,-0.8828162337175963,-0.21700267650776528,0.003043148748581378,-0.7394662468772634,-0.11076998018138517,-1.0161329645585022,0
-0.8043672005990544,-1.1099901739376037,1.5251962127575889,-0.5639072858870949,-0.911310674287764,0.9048055324001227,-0.5674373336626071,0.2744324511807092,0.2865244578466693,0.003043148748581378,-0.4814607612315388,0.782121475372728,0.9841231756854657,0
-0.46546902347764374,0.9009088760241706,1.5251962127575889,-0.5584747082537379,-0.06640278899360229,0.9048055324001227,-0.5674373336626071,-1.461440576166749,1.2465828606824585,-0.11162799739561437,-0.997471732522988,1.5162766721616654,-1.0161329645585022,0
-0.9738162891597597,0.9009088760241706,-0.502969299721533,-0.3191886143565712,-0.911310674287764,-1.177851894974348,-0.8841543251310949,1.4316811360790147,-0.6936750303632967,-0.7996548742607882,-0.997471732522988,0.6233852166075523,-1.0161329645585022,0
-0.9738162891597597,-1.1099901739376037,0.8491410419312149,-0.32338938659631816,-0.404365943111267,-1.177851894974348,-0.17154109432699713,-1.461440576166749,0.5114332445249834,0.003043148748581378,-0.997471732522988,-1.3409759856114967,0.9841231756854657,0
-0.9738162891597597,-1.1099901739376037,0.8491410419312149,-0.5608751495335933,-0.911310674287764,0.9048055324001227,-0.5674373336626071,-0.8828162337175963,-0.0860856215756121,0.003043148748581378,-0.7394662468772634,-0.5472946917856183,-1.0161329645585022,0
-1.143265377720465,-1.1099901739376037,0.8491410419312149,-0.31972555516917045,-0.7423290972289317,-1.177851894974348,0.6994306322113446,1.4316811360790147,0.001192415045823164,1.035083464046342,-0.7394662468772634,-0.26950623894656084,0.9841231756854657,0
-1.143265377720465,0.9009088760241706,1.5251962127575889,-0.5641599639165533,-0.7423290972289317,0.9048055324001227,-0.5674373336626071,-0.8828162337175963,0.2865244578466693,0.003043148748581378,-0.7394662468772634,0.4844909901880236,-1.0161329645585022,0
-0.9738162891597597,0.9009088760241706,-0.502969299721533,-0.318967521080795,-0.7423290972289317,-1.177851894974348,-0.4090788379283631,1.4316811360790147,-0.5661148229935064,-0.2262991435398101,-0.997471732522988,1.5758027691986063,0.9841231756854657,0
-0.8043672005990544,0.9009088760241706,-0.502969299721533,-0.6742802076299208,-0.23538436605243465,0.9048055324001227,-0.5674373336626071,-1.461440576166749,1.7836784706605218,0.23238544103697253,-0.7394662468772634,0.6829113136444932,-1.0161329645585022,1
-0.8043672005990544,0.9009088760241706,-1.179024470547907,-0.5607646028957052,-0.911310674287764,0.9048055324001227,-0.5674373336626071,0.853056793629862,-1.173704231781191,0.003043148748581378,-0.7394662468772634,-0.9242933063529105,0.9841231756854657,0
-0.634918112038349,0.9009088760241706,-0.502969299721533,-0.3154774057989,-0.911310674287764,-1.177851894974348,1.6495816066168083,1.4316811360790147,1.5319149034833046,2.1817949254882985,-0.4814607612315388,0.9408577341379036,-1.0161329645585022,0
-0.634918112038349,0.9009088760241706,0.8491410419312149,-0.31723035962826807,-0.911310674287764,-1.177851894974348,-0.4090788379283631,1.4316811360790147,0.726271488516209,-0.2262991435398101,-0.4814607612315388,-1.6981325678331418,0.9841231756854657,0
-0.9738162891597597,-1.1099901739376037,-0.502969299721533,-0.568834507461535,-0.911310674287764,0.9048055324001227,-0.5674373336626071,-1.461440576166749,-1.173704231781191,0.003043148748581378,-0.997471732522988,0.10749237562073138,-1.0161329645585022,0
-0.9738162891597597,0.9009088760241706,-1.179024470547907,-0.31707243585985656,-0.911310674287764,-1.177851894974348,-1.1375279183058853,-0.8828162337175963,0.2865244578466693,-1.143668312693375,-0.997471732522988,0.305912699077201,-1.0161329645585022,0
-0.9738162891597597,-1.1099901739376037,0.8491410419312149,-0.31800418609348463,-0.911310674287764,0.21058638994196582,-1.042512820865339,-0.8828162337175963,0.7229146409538463,-1.0289971665491795,-0.997471732522988,0.14717644031202531,-1.0161329645585022,0
-0.46546902347764374,-1.1099901739376037,-0.502969299721533,-0.32032566548913427,-0.7423290972289317,-1.177851894974348,-1.042512820865339,0.2744324511807092,0.23617174441122635,-1.0289971665491795,-0.997471732522988,0.26622863438590705,-1.0161329645585022,0
-0.634918112038349,-1.1099901739376037,1.5251962127575889,-0.5612383742009398,-0.404365943111267,0.9048055324001227,-0.5674373336626071,0.2744324511807092,1.327147202179168,0.003043148748581378,-0.997471732522988,0.0479662785837905,0.9841231756854657,0
-0.634918112038349,-1.1099901739376037,1.5251962127575889,-0.6766806489097762,-0.7423290972289317,0.9048055324001227,-0.5674373336626071,0.853056793629862,1.0418151593783211,0.23238544103697253,-0.4814607612315388,-0.6465048535138531,-1.0161329645585022,1
-0.46546902347764374,0.9009088760241706,0.8491410419312149,-0.6743907542678089,-0.404365943111267,0.9048055324001227,-0.5674373336626071,-0.8828162337175963,1.253296555807184,0.23238544103697253,-0.4814607612315388,0.32575473142284794,-1.0161329645585022,1
-1.143265377720465,0.9009088760241706,-1.179024470547907,-0.6761910852277004,-0.911310674287764,0.9048055324001227,-0.5674373336626071,-0.8828162337175963,0.7229146409538463,0.23238544103697253,-0.4814607612315388,-1.6386064707962011,-1.0161329645585022,1
-0.9738162891597597,-1.1099901739376037,-0.502969299721533,-0.3178778470787554,-0.911310674287764,-1.177851894974348,1.8079401023510524,-1.461440576166749,-1.173704231781191,2.411137217776689,-0.4814607612315388,1.1789621222856672,0.9841231756854657,0
-0.9738162891597597,0.9009088760241706,-0.502969299721533,-0.3116240658496584,-0.23538436605243465,-1.177851894974348,-0.7574675285436998,1.4316811360790147,-1.173704231781191,-0.6849837281165926,-0.7394662468772634,-1.5592383414136133,0.9841231756854657,0
-0.46546902347764374,0.9009088760241706,-1.179024470547907,-0.31249264657592185,-0.23538436605243465,-1.177851894974348,-0.6307807319563046,0.2744324511807092,-1.1804179269059165,-0.570312581972397,-0.997471732522988,-1.0830295651180861,0.9841231756854657,0
-0.2960199349169384,-1.1099901739376037,1.5251962127575889,-0.6786862807686028,-0.5733475201700994,0.9048055324001227,-0.5674373336626071,0.2744324511807092,1.4916327327349495,0.23238544103697253,-0.4814607612315388,2.0321695131484865,-1.0161329645585022,1
-0.46546902347764374,0.9009088760241706,0.8491410419312149,-0.3154931981757411,-0.23538436605243465,-1.177851894974348,-0.5674373336626071,-0.8828162337175963,-0.33784918875282943,-0.45564143582820127,-0.997471732522988,-0.7060309505507939,-1.0161329645585022,0
-0.634918112038349,0.9009088760241706,-0.502969299721533,-0.31411926139056073,-0.06640278899360229,0.21058638994196582,-0.8841543251310949,-0.8828162337175963,0.6893461653302174,-0.7996548742607882,-0.4814607612315388,0.5440170872249644,0.9841231756854657,0
-0.2960199349169384,-1.1099901739376037,-0.502969299721533,-0.31844637264503695,-0.7423290972289317,0.21058638994196582,0.1847655210750518,-0.3041918912684436,0.03476089066945202,0.4617277333253637,-0.7394662468772634,0.26622863438590705,0.9841231756854657,0
-0.2960199349169384,0.9009088760241706,-0.502969299721533,-0.31642494840936924,0.2715603651240624,-1.177851894974348,-0.7574675285436998,-0.8828162337175963,-1.623521805137819,-0.6849837281165926,-0.7394662468772634,0.7424374106814341,-1.0161329645585022,0
-0.8043672005990544,0.9009088760241706,-0.502969299721533,-0.5612857513314633,-0.404365943111267,0.9048055324001227,-0.5674373336626071,-0.8828162337175963,-0.37813135950118393,0.003043148748581378,-0.997471732522988,-0.6068207888225592,0.9841231756854657,0
-0.9738162891597597,0.9009088760241706,-0.502969299721533,-0.5599591916768064,-0.911310674287764,0.9048055324001227,-0.5674373336626071,-0.8828162337175963,1.0787404825643134,-0.11162799739561437,-0.7394662468772634,1.2186461869769611,-1.0161329645585022,0
-1.143265377720465,-1.1099901739376037,-1.179024470547907,-0.5563901145107055,-0.911310674287764,0.9048055324001227,-0.5674373336626071,-0.8828162337175963,-0.7977373047965461,-0.11162799739561437,-0.7394662468772634,-0.15045404487267908,0.9841231756854657,0
-0.9738162891597597,0.9009088760241706,-1.179024470547907,-0.5541633893761029,-0.911310674287764,0.9048055324001227,-0.5674373336626071,-0.8828162337175963,0.2865244578466693,-0.11162799739561437,-0.4814607612315388,1.0003838311748445,0.9841231756854657,0
-0.46546902347764374,0.9009088760241706,1.5251962127575889,-0.5470726121744246,-0.7423290972289317,0.9048055324001227,-0.5674373336626071,-0.8828162337175963,0.4745079213389917,-0.11162799739561437,-0.997471732522988,-2.134657279437375,0.9841231756854657,0
-0.8043672005990544,-1.1099901739376037,-1.179024470547907,-0.6586931316877017,-0.911310674287764,0.9048055324001227,-0.5674373336626071,-1.461440576166749,0.23617174441122635,0.23238544103697253,-0.997471732522988,0.9805417988291976,-1.0161329645585022,1
-0.634918112038349,0.9009088760241706,-0.502969299721533,-0.5387816143328188,-0.911310674287764,0.9048055324001227,-0.5674373336626071,-1.461440576166749,-1.1233515183457474,-0.11162799739561437,-0.997471732522988,0.9805417988291976,-1.0161329645585022,0
-0.634918112038349,-1.1099901739376037,0.8491410419312149,-0.30784968778462257,-0.5733475201700994,-1.177851894974348,-0.17154109432699713,-1.461440576166749,-0.34120603631519225,0.003043148748581378,-0.4814607612315388,0.5638591195706114,0.9841231756854657,0
-0.634918112038349,-1.1099901739376037,0.8491410419312149,-0.5437877977914646,-0.911310674287764,0.9048055324001227,-0.5674373336626071,0.2744324511807092,-1.4254677989584081,-0.11162799739561437,-0.4814607612315388,-0.22982217425526694,0.9841231756854657,0
-0.9738162891597597,-1.1099901739376037,-1.179024470547907,-0.5515576471973124,-0.911310674287764,0.9048055324001227,-0.5674373336626071,-0.8828162337175963,0.27645391515958084,-0.11162799739561437,-0.4814607612315388,1.2186461869769611,0.9841231756854657,0
-0.2960199349169384,0.9009088760241706,-0.502969299721533,-0.3123505151843515,-0.7423290972289317,0.21058638994196582,0.38271364074285674,-0.3041918912684436,-1.3482603050240614,0.6910700256137552,-0.4814607612315388,-0.7853990799333818,0.9841231756854657,0
-1.143265377720465,-1.1099901739376037,-1.179024470547907,-0.543929929183035,-0.911310674287764,0.9048055324001227,-0.5674373336626071,-1.461440576166749,0.23617174441122635,-0.11162799739561437,-0.4814607612315388,-0.03140185079879733,-1.0161329645585022,0
-0.634918112038349,-1.1099901739376037,-0.502969299721533,-0.5407714538148042,-0.404365943111267,0.9048055324001227,-0.5674373336626071,0.853056793629862,-0.34120603631519225,-0.11162799739561437,-0.7394662468772634,0.40512286080543575,-1.0161329645585022,0
-0.9738162891597597,0.9009088760241706,-1.179024470547907,-0.5356073465877468,-0.911310674287764,0.9048055324001227,-0.5674373336626071,0.2744324511807092,0.4745079213389917,-0.11162799739561437,-0.997471732522988,0.12733440796637835,0.9841231756854657,0
-0.634918112038349,0.9009088760241706,0.8491410419312149,-0.5345650497162306,-0.404365943111267,0.9048055324001227,-0.5674373336626071,-1.461440576166749,-1.3482603050240614,-0.11162799739561437,-0.7394662468772634,-0.22982217425526694,-1.0161329645585022,0
-0.9738162891597597,-1.1099901739376037,-1.179024470547907,-0.3044701191406156,-0.911310674287764,-1.177851894974348,0.06599664927436881,1.4316811360790147,-0.21700267650776528,0.23238544103697253,-0.7394662468772634,-1.162397694500674,0.9841231756854657,0
-0.46546902347764374,0.9009088760241706,0.8491410419312149,-0.6411320086403384,-0.5733475201700994,0.9048055324001227,-0.5674373336626071,-1.461440576166749,0.665848232393677,0.1177142948927768,-0.997471732522988,-0.13061201252703214,-1.0161329645585022,1
-0.46546902347764374,0.9009088760241706,-1.179024470547907,-0.3044385343869333,-0.911310674287764,-1.177851894974348,-1.1375279183058853,-1.461440576166749,-1.173704231781191,-1.143668312693375,-0.997471732522988,-0.07108591549009124,0.9841231756854657,0
-0.46546902347764374,0.9009088760241706,1.5251962127575889,-0.5229892374916647,-0.911310674287764,0.9048055324001227,-0.5674373336626071,0.853056793629862,-1.3482603050240614,-0.11162799739561437,-0.4814607612315388,-0.17029607721832604,0.9841231756854657,0
-0.9738162891597597,-1.1099901739376037,0.8491410419312149,-0.5247106065673505,-0.5733475201700994,0.9048055324001227,-0.5674373336626071,-0.8828162337175963,0.860545391010725,-0.11162799739561437,-0.4814607612315388,-1.102871597463733,0.9841231756854657,0
-0.46546902347764374,-1.1099901739376037,-0.502969299721533,-0.30655471288364794,-0.5733475201700994,-1.177851894974348,-0.052772222526314166,-1.461440576166749,0.9343960373827085,0.1177142948927768,-0.997471732522988,-0.5076106270943244,0.9841231756854657,0
-0.634918112038349,0.9009088760241706,-0.502969299721533,-0.524663229436827,-0.7423290972289317,0.9048055324001227,-0.5674373336626071,-1.461440576166749,-0.2069321338206762,-0.11162799739561437,-0.997471732522988,-0.22982217425526694,0.9841231756854657,0
-0.8043672005990544,0.9009088760241706,-0.502969299721533,-0.5317224218848229,-0.5733475201700994,0.9048055324001227,-0.5674373336626071,-0.8828162337175963,-0.18343420088413584,-0.11162799739561437,-0.997471732522988,-1.5393963090679663,0.9841231756854657,0
-0.9738162891597597,-1.1099901739376037,-0.502969299721533,-0.30284350432597673,-0.911310674287764,-1.177851894974348,-0.6941241302500022,-1.461440576166749,-1.4724636648314886,-0.570312581972397,-0.997471732522988,0.7622794430270811,0.9841231756854657,0
-0.46546902347764374,0.9009088760241706,-1.179024470547907,-0.5264793527735597,-0.911310674287764,0.9048055324001227,-0.5674373336626071,-1.461440576166749,0.2965950005337584,-0.11162799739561437,-0.997471732522988,-1.7179746001787888,0.9841231756854657,0
-0.634918112038349,0.9009088760241706,0.8491410419312149,-0.41826998665797194,0.10257878806523006,-1.177851894974348,-0.2507203421941191,0.2744324511807092,0.27645391515958084,0.1177142948927768,-0.7394662468772634,0.46464895784237664,-1.0161329645585022,1
-0.8043672005990544,-1.1099901739376037,0.8491410419312149,-0.42032299564732195,-0.911310674287764,-1.177851894974348,2.4413740852880284,-1.461440576166749,0.001192415045823164,3.7871909715070364,-0.7394662468772634,0.9408577341379036,-1.0161329645585022,1
-0.9738162891597597,-1.1099901739376037,-1.179024470547907,-0.3029540509638648,-0.911310674287764,-1.177851894974348,0.06599664927436881,1.4316811360790147,1.327147202179168,0.23238544103697253,-0.7394662468772634,-0.09092794783573821,0.9841231756854657,0
-0.634918112038349,-1.1099901739376037,0.8491410419312149,-0.30589143305631944,-0.5733475201700994,-1.177851894974348,-1.121692068732461,-0.3041918912684436,-1.2106295549671826,-1.143668312693375,-0.997471732522988,-1.202081759191968,0.9841231756854657,0
-0.46546902347764374,0.9009088760241706,-0.502969299721533,-0.30279612719545324,-0.5733475201700994,-1.177851894974348,0.06599664927436881,0.2744324511807092,0.2193875065994116,0.23238544103697253,-0.4814607612315388,0.4249648931510827,0.9841231756854657,0
-0.46546902347764374,-1.1099901739376037,1.5251962127575889,-0.42087572883676233,-0.23538436605243465,-1.177851894974348,-0.09236184645987515,-1.461440576166749,1.5486991412951188,0.3470565871811683,-0.7394662468772634,1.0400678958661385,-1.0161329645585022,1
-0.634918112038349,-1.1099901739376037,1.5251962127575889,-0.622339080199365,-0.23538436605243465,0.9048055324001227,-0.5674373336626071,-1.461440576166749,1.5486991412951188,0.1177142948927768,-0.997471732522988,1.0995939929030794,-1.0161329645585022,1
-0.9738162891597597,0.9009088760241706,0.8491410419312149,-0.6228602286351231,-0.911310674287764,0.9048055324001227,-0.5674373336626071,-0.3041918912684436,0.001192415045823164,0.1177142948927768,-0.4814607612315388,-0.7258729828964409,-1.0161329645585022,1
-0.46546902347764374,0.9009088760241706,0.8491410419312149,-0.306870560420471,-0.7423290972289317,-1.177851894974348,0.38271364074285674,-1.461440576166749,0.2865244578466693,0.6910700256137552,-0.997471732522988,-1.4798702120310254,0.9841231756854657,0
-0.46546902347764374,0.9009088760241706,0.8491410419312149,-0.30424902586483943,-0.7423290972289317,-1.177851894974348,-0.2507203421941191,0.2744324511807092,-0.5661148229935064,-0.11162799739561437,-0.997471732522988,-0.07108591549009124,-1.0161329645585022,0
-1.143265377720465,-1.1099901739376037,1.5251962127575889,-0.5115239719049868,-0.911310674287764,0.9048055324001227,-0.5674373336626071,-0.8828162337175963,-0.21028898138303903,-0.11162799739561437,-0.7394662468772634,0.10749237562073138,0.9841231756854657,0
-0.9738162891597597,-1.1099901739376037,-1.179024470547907,-0.6218811012709715,-0.7423290972289317,0.9048055324001227,-0.5674373336626071,-0.8828162337175963,0.001192415045823164,0.1177142948927768,-0.4814607612315388,-2.2933935382025505,-1.0161329645585022,1
-0.9738162891597597,0.9009088760241706,0.8491410419312149,-0.5062019409095179,-0.911310674287764,0.9048055324001227,-0.5674373336626071,-0.8828162337175963,-1.0092187012254088,-0.11162799739561437,-0.7394662468772634,-2.134657279437375,0.9841231756854657,0
-0.46546902347764374,0.9009088760241706,-0.502969299721533,-0.6073679069539509,-0.23538436605243465,0.9048055324001227,-0.5674373336626071,-1.461440576166749,1.5352717510456675,0.003043148748581378,-0.997471732522988,1.8337491896920168,-1.0161329645585022,1
-1.143265377720465,0.9009088760241706,-1.179024470547907,-0.489098796790548,-0.911310674287764,0.9048055324001227,-0.5674373336626071,-1.461440576166749,0.16232109803924238,-0.2262991435398101,-0.7394662468772634,-0.4282424977117365,0.9841231756854657,0
-0.8043672005990544,0.9009088760241706,-1.179024470547907,-0.49198880175247917,-0.5733475201700994,0.9048055324001227,-0.5674373336626071,-1.461440576166749,-1.173704231781191,-0.2262991435398101,-0.7394662468772634,0.46464895784237664,0.9841231756854657,0
-0.46546902347764374,0.9009088760241706,0.8491410419312149,-0.4871721268159272,0.10257878806523006,0.9048055324001227,-0.5674373336626071,1.4316811360790147,-0.43855461562371656,-0.2262991435398101,-0.4814607612315388,-0.6266628211682062,0.9841231756854657,0
-0.8043672005990544,0.9009088760241706,0.8491410419312149,-0.48794595328114376,-0.404365943111267,0.9048055324001227,-0.5674373336626071,-0.8828162337175963,0.2193875065994116,-0.2262991435398101,-0.7394662468772634,-2.49181386165902,0.9841231756854657,0
-0.46546902347764374,-1.1099901739376037,0.8491410419312149,-0.30045885542296247,-0.5733475201700994,-1.177851894974348,-0.9910463097517096,-1.461440576166749,-1.8752853723150364,-1.0289971665491795,-0.7394662468772634,-0.6068207888225592,0.9841231756854657,0
-0.46546902347764374,-1.1099901739376037,-1.179024470547907,-0.48728267345381526,-0.911310674287764,0.9048055324001227,-0.5674373336626071,0.2744324511807092,-0.11965409719924096,-0.2262991435398101,-0.7394662468772634,0.028124246238143545,-1.0161329645585022,0
-0.9738162891597597,-1.1099901739376037,-0.502969299721533,-0.48082359132578323,-0.911310674287764,0.9048055324001227,-0.5674373336626071,0.2744324511807092,0.5651428055227898,-0.2262991435398101,-0.4814607612315388,-3.087074832028429,0.9841231756854657,0
-0.9738162891597597,-1.1099901739376037,-1.179024470547907,-0.2986427320862297,-0.7423290972289317,-1.177851894974348,0.06599664927436881,-0.8828162337175963,0.5114332445249834,0.23238544103697253,-0.7394662468772634,-2.49181386165902,0.9841231756854657,0
-0.634918112038349,-1.1099901739376037,0.8491410419312149,-0.4885934407316311,-0.23538436605243465,0.9048055324001227,-0.5674373336626071,0.2744324511807092,0.001192415045823164,-0.2262991435398101,-0.7394662468772634,0.0479662785837905,0.9841231756854657,0
-0.2960199349169384,-1.1099901739376037,1.5251962127575889,-0.29856377020202396,-0.404365943111267,-1.177851894974348,-0.5674373336626071,-1.461440576166749,-0.005521280078902488,-0.45564143582820127,-0.997471732522988,0.6829113136444932,0.9841231756854657,0
-0.2960199349169384,0.9009088760241706,-1.179024470547907,-0.2948999387748762,-0.404365943111267,-1.177851894974348,0.06599664927436881,-0.8828162337175963,0.23617174441122635,0.23238544103697253,-0.7394662468772634,-0.190138109563973,0.9841231756854657,0
-0.634918112038349,0.9009088760241706,0.8491410419312149,-0.4869352411633099,-0.911310674287764,0.9048055324001227,-0.5674373336626071,-0.8828162337175963,-1.4724636648314886,-0.2262991435398101,-0.7394662468772634,1.1392780575943733,-1.0161329645585022,0
-0.8043672005990544,-1.1099901739376037,0.8491410419312149,-0.29666868498108545,-0.911310674287764,0.21058638994196582,0.06599664927436881,-0.8828162337175963,0.23617174441122635,0.23238544103697253,-0.7394662468772634,-2.630708088078549,0.9841231756854657,0
-0.634918112038349,-1.1099901739376037,-0.502969299721533,-0.4895883604726238,-0.06640278899360229,0.9048055324001227,-0.5674373336626071,0.853056793629862,1.0015329886299666,-0.2262991435398101,-0.7394662468772634,-1.3409759856114967,0.9841231756854657,0
-0.46546902347764374,0.9009088760241706,-0.502969299721533,-0.48756693623695607,-0.06640278899360229,0.9048055324001227,-0.5674373336626071,-0.8828162337175963,-1.1233515183457474,-0.2262991435398101,-0.7394662468772634,0.5440170872249644,0.9841231756854657,0
-0.2960199349169384,0.9009088760241706,-1.179024470547907,-0.4875511438601149,0.4405419421828948,0.9048055324001227,-0.5674373336626071,-0.8828162337175963,0.001192415045823164,-0.2262991435398101,-0.997471732522988,0.38528082845978884,0.9841231756854657,0
-0.9738162891597597,-1.1099901739376037,-0.502969299721533,-0.29891120249252934,-0.911310674287764,-1.177851894974348,1.9662985980852963,-0.8828162337175963,-0.3680608168140954,2.525808363920885,-0.997471732522988,0.9011736694466097,-1.0161329645585022,0
-0.9738162891597597,-1.1099901739376037,1.5251962127575889,-0.4859403214223172,-0.911310674287764,0.9048055324001227,-0.5674373336626071,1.4316811360790147,-1.1233515183457474,-0.2262991435398101,-0.997471732522988,-1.658448503141848,0.9841231756854657,0
-0.46546902347764374,-1.1099901739376037,-0.502969299721533,-0.3046754200395506,-0.911310674287764,-1.177851894974348,0.06599664927436881,-0.8828162337175963,0.8336906105118219,0.23238544103697253,-0.4814607612315388,0.16701847265767225,0.9841231756854657,0
-0.8043672005990544,0.9009088760241706,-0.502969299721533,-0.48467693127502487,-0.911310674287764,0.9048055324001227,-0.5674373336626071,-0.8828162337175963,-1.7510820125076092,-0.2262991435398101,-0.4814607612315388,0.5241750548793175,0.9841231756854657,0
-0.46546902347764374,0.9009088760241706,0.8491410419312149,-0.49010950890838184,-0.404365943111267,0.9048055324001227,-0.5674373336626071,0.853056793629862,-1.0495008719737637,-0.2262991435398101,-0.4814607612315388,-0.17029607721832604,0.9841231756854657,0
-0.46546902347764374,-1.1099901739376037,-1.179024470547907,-0.30037989353875666,-0.23538436605243465,-1.177851894974348,1.6495816066168083,0.853056793629862,1.4312094766124175,2.1817949254882985,-0.4814607612315388,-1.12271362980938,0.9841231756854657,0
-0.9738162891597597,0.9009088760241706,1.5251962127575889,-0.4937575479586884,-0.911310674287764,0.9048055324001227,-0.5674373336626071,1.4316811360790147,-1.173704231781191,-0.2262991435398101,-0.4814607612315388,1.4170665104334308,0.9841231756854657,0
-0.8043672005990544,-1.1099901739376037,-0.502969299721533,-0.4820711890962344,-0.5733475201700994,0.9048055324001227,-0.5674373336626071,0.2744324511807092,-0.6936750303632967,-0.2262991435398101,-0.7394662468772634,-0.6266628211682062,0.9841231756854657,0
-0.634918112038349,-1.1099901739376037,0.8491410419312149,-0.2928943069160496,0.10257878806523006,-1.177851894974348,-0.5674373336626071,0.853056793629862,-1.173704231781191,-0.45564143582820127,-0.7394662468772634,0.08765034327508442,0.9841231756854657,0
-0.9738162891597597,0.9009088760241706,1.5251962127575889,-0.2988006558546413,-0.5733475201700994,-1.177851894974348,0.5410721364771007,-0.8828162337175963,-0.11965409719924096,0.8057411717579506,-0.7394662468772634,-0.32903233598350173,0.9841231756854657,0
-0.9738162891597597,-1.1099901739376037,-1.179024470547907,-0.49094650488096303,-0.911310674287764,0.9048055324001227,-0.5674373336626071,-0.8828162337175963,0.6255660616453219,-0.2262991435398101,-0.7394662468772634,-1.5989224061049072,0.9841231756854657,0
-0.9738162891597597,0.9009088760241706,-0.502969299721533,-0.6100052338864237,-0.911310674287764,0.9048055324001227,-0.5674373336626071,0.853056793629862,0.001192415045823164,0.1177142948927768,-0.997471732522988,-0.22982217425526694,-1.0161329645585022,1
-0.8043672005990544,0.9009088760241706,0.8491410419312149,-0.48398206669401406,-0.911310674287764,0.9048055324001227,-0.5674373336626071,0.853056793629862,-1.1166378232210217,-0.2262991435398101,-0.997471732522988,-0.24966420660091387,-1.0161329645585022,0
-1.143265377720465,0.9009088760241706,-0.502969299721533,-0.29818475315783627,-0.911310674287764,-1.177851894974348,-0.09236184645987515,-0.8828162337175963,0.8336906105118219,0.1177142948927768,-0.4814607612315388,0.0479662785837905,0.9841231756854657,0
-0.9738162891597597,0.9009088760241706,0.8491410419312149,-0.48810387704955527,-0.5733475201700994,0.9048055324001227,-0.5674373336626071,1.4316811360790147,-0.901799579229796,-0.2262991435398101,-0.7394662468772634,-0.7853990799333818,0.9841231756854657,0
-1.143265377720465,-1.1099901739376037,-1.179024470547907,-0.49344170042186536,-0.911310674287764,0.9048055324001227,-0.5674373336626071,-0.8828162337175963,-0.3109944082539262,-0.2262991435398101,-0.7394662468772634,0.4448069254967297,-1.0161329645585022,0
-0.8043672005990544,-1.1099901739376037,-1.179024470547907,-0.5975766333124354,-0.911310674287764,0.9048055324001227,-0.5674373336626071,1.4316811360790147,3.018998373610068,0.003043148748581378,-0.7394662468772634,0.9606997664835506,-1.0161329645585022,1
-0.8043672005990544,-1.1099901739376037,-1.179024470547907,-0.2978373208673309,-0.7423290972289317,0.21058638994196582,-0.4090788379283631,1.4316811360790147,-0.707102420612748,-0.34097028968400567,-0.4814607612315388,-0.5869787564769122,-1.0161329645585022,0
-0.634918112038349,0.9009088760241706,-0.502969299721533,-0.4678422575623546,-0.23538436605243465,0.9048055324001227,-0.5674373336626071,-0.8828162337175963,-0.707102420612748,-0.2262991435398101,-0.7394662468772634,0.5440170872249644,-1.0161329645585022,0
-0.634918112038349,-1.1099901739376037,1.5251962127575889,-0.29279955265500274,-0.5733475201700994,-1.177851894974348,1.435797637375579,-0.8828162337175963,-0.3680608168140954,1.8377814870557112,-0.7394662468772634,-0.6266628211682062,0.9841231756854657,0
-0.9738162891597597,-1.1099901739376037,0.8491410419312149,-0.3021644321218071,-0.911310674287764,-1.177851894974348,-0.7574675285436998,-0.8828162337175963,-1.6705176710108995,-0.6849837281165926,-0.7394662468772634,0.46464895784237664,0.9841231756854657,0
-0.8043672005990544,0.9009088760241706,-1.179024470547907,-0.4765754419555128,-0.911310674287764,0.9048055324001227,-0.5674373336626071,0.2744324511807092,-0.005521280078902488,-0.2262991435398101,-0.997471732522988,-0.4282424977117365,0.9841231756854657,0
-0.2960199349169384,-1.1099901739376037,-0.502969299721533,-0.4126163157488388,-0.5733475201700994,-1.177851894974348,1.6495816066168083,0.853056793629862,2.102578989084997,2.640479510065081,-0.997471732522988,0.18686050500331922,-1.0161329645585022,1
-0.634918112038349,0.9009088760241706,0.8491410419312149,-0.47802834062489896,0.10257878806523006,0.9048055324001227,-0.5674373336626071,-0.8828162337175963,-1.1166378232210217,-0.2262991435398101,-0.4814607612315388,-0.13061201252703214,-1.0161329645585022,0
-0.8043672005990544,-1.1099901739376037,0.8491410419312149,-0.465631324804593,-0.7423290972289317,0.9048055324001227,-0.5674373336626071,-1.461440576166749,-1.1804179269059165,-0.2262991435398101,-0.4814607612315388,-2.03544711770914,-1.0161329645585022,0
-0.9738162891597597,0.9009088760241706,-0.502969299721533,-0.30249607203547135,-0.911310674287764,-1.177851894974348,-0.5674373336626071,1.4316811360790147,0.5651428055227898,-0.45564143582820127,-0.4814607612315388,-1.0433455004267922,0.9841231756854657,0
-0.634918112038349,-1.1099901739376037,0.8491410419312149,-0.41621697766862187,-0.911310674287764,-1.177851894974348,-1.1691996174527342,-0.3041918912684436,-0.707102420612748,-1.143668312693375,-0.4814607612315388,-0.44808453005738347,-1.0161329645585022,1
-0.46546902347764374,-1.1099901739376037,0.8491410419312149,-0.5766991111284298,-0.404365943111267,0.9048055324001227,-0.5674373336626071,0.2744324511807092,1.1861596045599256,0.003043148748581378,-0.7394662468772634,-1.3409759856114967,-1.0161329645585022,1
-0.46546902347764374,0.9009088760241706,-1.179024470547907,-0.30595460256368406,-0.5733475201700994,-1.177851894974348,1.435797637375579,1.4316811360790147,-1.0427871768490378,1.952452633199907,-0.4814607612315388,-0.24966420660091387,0.9841231756854657,0
-0.46546902347764374,0.9009088760241706,-0.502969299721533,-0.45445032200105595,-0.06640278899360229,0.9048055324001227,-0.5674373336626071,0.2744324511807092,0.4745079213389917,-0.2262991435398101,-0.997471732522988,0.3455967637684949,-1.0161329645585022,0
-0.9738162891597597,0.9009088760241706,-1.179024470547907,-0.44927042239715737,-0.23538436605243465,0.9048055324001227,-0.5674373336626071,-1.461440576166749,-0.11965409719924096,-0.2262991435398101,-0.997471732522988,0.3654387961141419,0.9841231756854657,0
-0.8043672005990544,0.9009088760241706,0.8491410419312149,-0.4521130502285651,-0.911310674287764,0.9048055324001227,-0.5674373336626071,1.4316811360790147,-0.34120603631519225,-0.2262991435398101,-0.4814607612315388,-0.6266628211682062,0.9841231756854657,0
-0.2960199349169384,0.9009088760241706,1.5251962127575889,-0.45069173631286125,-0.911310674287764,0.9048055324001227,-0.5674373336626071,-0.8828162337175963,-1.2475548781531747,-0.2262991435398101,-0.997471732522988,0.6233852166075523,0.9841231756854657,0
-0.8043672005990544,-1.1099901739376037,-0.502969299721533,-0.3016748684397313,-0.911310674287764,-1.177851894974348,1.1745061194140765,-0.8828162337175963,0.4745079213389917,1.6084391947673204,-0.7394662468772634,-1.4005020826484376,0.9841231756854657,0
-0.8043672005990544,0.9009088760241706,-0.502969299721533,-0.29730038005473164,-0.911310674287764,-1.177851894974348,-1.042512820865339,-0.8828162337175963,-1.6705176710108995,-1.0289971665491795,-0.4814607612315388,-0.5274526594399713,0.9841231756854657,0
-0.46546902347764374,-1.1099901739376037,-0.502969299721533,-0.29527895581906394,-0.911310674287764,-1.177851894974348,0.25602684415546156,-0.3041918912684436,1.0955247203761276,0.4617277333253637,-0.4814607612315388,0.7225953783357871,-1.0161329645585022,0
-0.634918112038349,-1.1099901739376037,-0.502969299721533,-0.4454486672015981,-0.911310674287764,0.9048055324001227,-0.5674373336626071,-1.461440576166749,0.561785957960427,-0.2262991435398101,-0.4814607612315388,-1.9362369559809054,0.9841231756854657,0
-0.46546902347764374,-1.1099901739376037,1.5251962127575889,-0.295184201558017,-0.06640278899360229,-1.177851894974348,0.4618928886099787,-1.461440576166749,-0.11965409719924096,0.6910700256137552,-0.4814607612315388,0.20670253734896618,0.9841231756854657,0
-0.46546902347764374,-1.1099901739376037,0.8491410419312149,-0.44802282462670623,-0.404365943111267,0.9048055324001227,-0.5674373336626071,0.2744324511807092,0.001192415045823164,-0.2262991435398101,-0.4814607612315388,-0.6663468858595001,0.9841231756854657,0
-0.634918112038349,0.9009088760241706,1.5251962127575889,-0.2941419046865008,-0.404365943111267,0.21058638994196582,0.8577891279455886,-1.461440576166749,1.7736079279734327,1.1497546101905376,-0.4814607612315388,-0.24966420660091387,-1.0161329645585022,0
-0.2960199349169384,-1.1099901739376037,-1.179024470547907,-0.4400792590756057,-0.06640278899360229,0.9048055324001227,-0.5674373336626071,1.4316811360790147,0.03811773823181484,-0.2262991435398101,-0.4814607612315388,1.1591200899400202,0.9841231756854657,0
-0.2960199349169384,-1.1099901739376037,-0.502969299721533,-0.4522551816201355,-0.06640278899360229,0.9048055324001227,-0.5674373336626071,0.2744324511807092,0.5785701957722418,-0.2262991435398101,-0.4814607612315388,-0.5671367241312653,0.9841231756854657,0
-0.46546902347764374,0.9009088760241706,-0.502969299721533,-0.2984058464336124,-0.7423290972289317,0.21058638994196582,1.6495816066168083,-0.3041918912684436,0.23617174441122635,2.1817949254882985,-0.4814607612315388,0.6233852166075523,0.9841231756854657,0
-0.9738162891597597,0.9009088760241706,1.5251962127575889,-0.4490019519908578,-0.5733475201700994,0.9048055324001227,-0.5674373336626071,-0.8828162337175963,0.001192415045823164,-0.2262991435398101,-0.7394662468772634,0.7225953783357871,0.9841231756854657,0
-0.8043672005990544,0.9009088760241706,-1.179024470547907,-0.43060383297091326,-0.911310674287764,0.9048055324001227,-0.5674373336626071,-0.8828162337175963,0.6154955189582334,-0.34097028968400567,-0.997471732522988,1.0400678958661385,0.9841231756854657,0
-0.46546902347764374,0.9009088760241706,1.5251962127575889,-0.29444195984648275,-0.5733475201700994,-1.177851894974348,1.1745061194140765,-1.461440576166749,-1.6705176710108995,1.6084391947673204,-0.997471732522988,1.1591200899400202,0.9841231756854657,0
-0.46546902347764374,-1.1099901739376037,-0.502969299721533,-0.41457457047714186,-0.5733475201700994,-1.177851894974348,0.8577891279455886,-1.461440576166749,0.001192415045823164,1.6084391947673204,-0.997471732522988,0.9210157017922567,-1.0161329645585022,1
-0.9738162891597597,0.9009088760241706,-0.502969299721533,-0.29218364995819773,-0.5733475201700994,-1.177851894974348,0.06599664927436881,1.4316811360790147,0.5651428055227898,0.23238544103697253,-0.4814607612315388,-0.7258729828964409,-1.0161329645585022,0
-0.2960199349169384,-1.1099901739376037,1.5251962127575889,-0.3011695123808144,-0.7423290972289317,-1.177851894974348,-0.2507203421941191,-1.461440576166749,-1.4724636648314886,-0.11162799739561437,-0.4814607612315388,-0.8052411122790287,0.9841231756854657,0
-0.46546902347764374,-1.1099901739376037,0.8491410419312149,-0.2931154001918258,-0.7423290972289317,-1.177851894974348,-0.2507203421941191,1.4316811360790147,2.8243012149930204,-0.11162799739561437,-0.997471732522988,-0.17029607721832604,-1.0161329645585022,0
-0.8043672005990544,0.9009088760241706,-0.502969299721533,-0.30465962766270943,-0.911310674287764,-1.177851894974348,-1.2008713165995828,-1.461440576166749,-1.4724636648314886,-1.2583394588375707,-0.4814607612315388,0.9210157017922567,-1.0161329645585022,0
-1.143265377720465,-1.1099901739376037,-0.502969299721533,-0.2939208114107247,-0.911310674287764,-1.177851894974348,-0.963333572998217,1.4316811360790147,-1.6705176710108995,-0.9143260204049839,-0.4814607612315388,-1.0631875327724392,-1.0161329645585022,0
-0.46546902347764374,-1.1099901739376037,0.8491410419312149,-0.30118530475765554,-0.404365943111267,-1.177851894974348,-1.1058562191590364,-1.461440576166749,-1.6705176710108995,-1.143668312693375,-0.7394662468772634,0.305912699077201,-1.0161329645585022,0
-0.2960199349169384,0.9009088760241706,1.5251962127575889,-0.4138639135192899,-0.911310674287764,-1.177851894974348,-0.963333572998217,-1.461440576166749,1.7736079279734327,-0.7996548742607882,-0.7394662468772634,-1.4600281796853785,-1.0161329645585022,1
-0.46546902347764374,0.9009088760241706,0.8491410419312149,-0.4137059897508784,-0.5733475201700994,0.9048055324001227,-0.5674373336626071,-0.8828162337175963,0.5651428055227898,-0.34097028968400567,-0.4814607612315388,0.4844909901880236,0.9841231756854657,0
-0.8043672005990544,-1.1099901739376037,0.8491410419312149,-0.4106422686436945,-0.7423290972289317,0.9048055324001227,-0.5674373336626071,0.2744324511807092,1.0787404825643134,-0.34097028968400567,-0.4814607612315388,1.0797519605574324,-1.0161329645585022,0
-0.9738162891597597,0.9009088760241706,-0.502969299721533,-0.29935338904408165,-0.911310674287764,-1.177851894974348,-0.2507203421941191,0.853056793629862,-1.6705176710108995,-0.11162799739561437,-0.7394662468772634,-0.190138109563973,0.9841231756854657,0
-0.634918112038349,0.9009088760241706,1.5251962127575889,-0.413153256561438,-0.911310674287764,0.9048055324001227,-0.5674373336626071,0.2744324511807092,-1.0092187012254088,-0.34097028968400567,-0.997471732522988,-0.07108591549009124,-1.0161329645585022,0
-0.8043672005990544,0.9009088760241706,0.8491410419312149,-0.3000324612482513,-0.911310674287764,0.21058638994196582,0.4777287381834031,0.853056793629862,0.23617174441122635,0.8057411717579506,-0.4814607612315388,-0.8846092416616166,0.9841231756854657,0
-0.634918112038349,0.9009088760241706,-1.179024470547907,-0.3022276016291717,-0.5733475201700994,0.21058638994196582,-0.7257958293968509,1.4316811360790147,0.5651428055227898,-0.6849837281165926,-0.7394662468772634,-1.4798702120310254,0.9841231756854657,0
-0.46546902347764374,0.9009088760241706,-0.502969299721533,-0.3054176617510848,-0.5733475201700994,-1.177851894974348,0.06599664927436881,1.4316811360790147,-1.0427871768490378,0.3470565871811683,-0.997471732522988,1.694854963272488,-1.0161329645585022,0
-0.2960199349169384,0.9009088760241706,-0.502969299721533,-0.39426557385941774,-0.911310674287764,0.9048055324001227,-0.5674373336626071,-0.8828162337175963,-0.3680608168140954,-0.34097028968400567,-0.997471732522988,0.305912699077201,0.9841231756854657,0
-0.634918112038349,0.9009088760241706,-0.502969299721533,-0.30303301284807055,-0.911310674287764,-1.177851894974348,-0.3298995900612411,1.4316811360790147,0.23617174441122635,-0.2262991435398101,-0.4814607612315388,0.8614896047553159,0.9841231756854657,0
-0.634918112038349,-1.1099901739376037,-0.502969299721533,-0.29916388052198783,-0.404365943111267,0.21058638994196582,1.6495816066168083,-0.3041918912684436,0.5651428055227898,2.1817949254882985,-0.997471732522988,-0.7258729828964409,0.9841231756854657,0
-0.2960199349169384,0.9009088760241706,-1.179024470547907,-0.3903806491564938,-0.23538436605243465,0.9048055324001227,-0.5674373336626071,1.4316811360790147,0.23617174441122635,-0.34097028968400567,-0.997471732522988,0.008282213892496587,-1.0161329645585022,0
-0.634918112038349,-1.1099901739376037,-0.502969299721533,-0.30266978818072404,-0.5733475201700994,-1.177851894974348,0.6519230834910714,1.4316811360790147,-1.6705176710108995,1.035083464046342,-0.7394662468772634,-0.24966420660091387,0.9841231756854657,0
-0.46546902347764374,-1.1099901739376037,1.5251962127575889,-0.5072600301578752,-0.7423290972289317,0.9048055324001227,-0.5674373336626071,1.4316811360790147,0.8336906105118219,-0.11162799739561437,-0.997471732522988,-0.09092794783573821,-1.0161329645585022,1
-0.9738162891597597,-1.1099901739376037,0.8491410419312149,-0.2954526719643166,-0.911310674287764,-1.177851894974348,0.8577891279455886,0.853056793629862,-1.0427871768490378,1.2644257563347332,-0.7394662468772634,0.5241750548793175,-1.0161329645585022,0
-0.8043672005990544,-1.1099901739376037,0.8491410419312149,-0.5072758225347164,-0.5733475201700994,0.9048055324001227,-0.5674373336626071,-0.8828162337175963,1.6729025011025462,-0.11162799739561437,-0.7394662468772634,0.286070666731554,-1.0161329645585022,1
-0.8043672005990544,0.9009088760241706,0.8491410419312149,-0.29777415135996627,-0.23538436605243465,-1.177851894974348,0.06599664927436881,-0.8828162337175963,-1.6705176710108995,0.23238544103697253,-0.4814607612315388,0.20670253734896618,0.9841231756854657,0
-0.634918112038349,-1.1099901739376037,-1.179024470547907,-0.29488414639803506,-0.23538436605243465,-1.177851894974348,0.38271364074285674,0.2744324511807092,-1.4724636648314886,0.6910700256137552,-0.4814607612315388,0.7027533459901402,-1.0161329645585022,0
-0.2960199349169384,0.9009088760241706,0.17308587110484092,-0.30025355452402747,-0.404365943111267,0.21058638994196582,0.038283912520876116,1.4316811360790147,-1.0427871768490378,0.23238544103697253,-0.4814607612315388,1.1988041546313142,0.9841231756854657,0
-0.9738162891597597,0.9009088760241706,-1.179024470547907,-0.2984848083178182,-0.5733475201700994,-1.177851894974348,0.06599664927436881,1.4316811360790147,0.001192415045823164,0.23238544103697253,-0.4814607612315388,0.821805540064022,0.9841231756854657,0
-0.2960199349169384,0.9009088760241706,-1.179024470547907,-0.3969186931687316,0.10257878806523006,0.9048055324001227,-0.5674373336626071,0.2744324511807092,-1.1804179269059165,-0.34097028968400567,-0.997471732522988,0.782121475372728,0.9841231756854657,0
-0.634918112038349,-1.1099901739376037,1.5251962127575889,-0.3950236079477931,-0.911310674287764,0.9048055324001227,-0.5674373336626071,-0.8828162337175963,0.001192415045823164,-0.34097028968400567,-0.7394662468772634,0.08765034327508442,0.9841231756854657,0
-0.2960199349169384,0.9009088760241706,-1.179024470547907,-0.2994639356819697,-0.404365943111267,-1.177851894974348,1.2061778185609253,1.4316811360790147,-1.173704231781191,1.6084391947673204,-0.4814607612315388,-1.182239726846321,0.9841231756854657,0
-0.46546902347764374,0.9009088760241706,1.5251962127575889,-0.29774256660628395,-0.23538436605243465,0.21058638994196582,-0.06464910970638246,-0.8828162337175963,2.8243012149930204,0.1177142948927768,-0.4814607612315388,1.0995939929030794,0.9841231756854657,0
-0.8043672005990544,-1.1099901739376037,1.5251962127575889,-0.5062809027937236,-0.911310674287764,0.9048055324001227,-0.5674373336626071,0.2744324511807092,1.0351014642535956,-0.11162799739561437,-0.7394662468772634,1.1988041546313142,-1.0161329645585022,1
-0.2960199349169384,0.9009088760241706,-1.179024470547907,-0.39777148151815395,-0.404365943111267,0.9048055324001227,-0.5674373336626071,-0.8828162337175963,-1.7510820125076092,-0.34097028968400567,-0.997471732522988,-0.9044512740072636,0.9841231756854657,0
-0.9738162891597597,0.9009088760241706,-1.179024470547907,-0.39713978644450776,-0.911310674287764,0.9048055324001227,-0.5674373336626071,0.853056793629862,0.7464125738903866,-0.34097028968400567,-0.4814607612315388,0.6035431842619053,-1.0161329645585022,0
-0.8043672005990544,0.9009088760241706,-1.179024470547907,-0.39211781060902073,-0.23538436605243465,0.9048055324001227,-0.5674373336626071,1.4316811360790147,0.2865244578466693,-0.34097028968400567,-0.7394662468772634,-0.44808453005738347,-1.0161329645585022,0
-0.8043672005990544,0.9009088760241706,-0.502969299721533,-0.3967449770234789,-0.7423290972289317,0.9048055324001227,-0.5674373336626071,1.4316811360790147,0.16232109803924238,-0.34097028968400567,-0.997471732522988,0.3455967637684949,0.9841231756854657,0
-0.9738162891597597,0.9009088760241706,1.5251962127575889,-0.29488414639803506,-0.911310674287764,-1.177851894974348,0.38271364074285674,-1.461440576166749,-1.0427871768490378,0.6910700256137552,-0.4814607612315388,-0.9044512740072636,0.9841231756854657,0
-0.9738162891597597,-1.1099901739376037,-1.179024470547907,-0.2963844221979447,-0.911310674287764,-1.177851894974348,-0.2823920413409679,0.853056793629862,-1.4724636648314886,-0.11162799739561437,-0.7394662468772634,0.12733440796637835,0.9841231756854657,0
-0.2960199349169384,0.9009088760241706,-1.179024470547907,-0.29630546031373894,-0.404365943111267,-1.177851894974348,-0.6624524311031534,-1.461440576166749,-0.707102420612748,-0.570312581972397,-0.997471732522988,1.0202258635204915,0.9841231756854657,0
-0.9738162891597597,0.9009088760241706,1.5251962127575889,-0.5022854314529116,-0.5733475201700994,0.9048055324001227,-0.5674373336626071,-0.3041918912684436,0.7430557263280237,-0.2262991435398101,-0.997471732522988,-0.24966420660091387,-1.0161329645585022,1
-0.634918112038349,-1.1099901739376037,-0.502969299721533,-0.3993980963327928,-0.5733475201700994,0.9048055324001227,-0.5674373336626071,0.853056793629862,0.001192415045823164,-0.34097028968400567,-0.7394662468772634,-1.3012919209202027,0.9841231756854657,0
-0.8043672005990544,-1.1099901739376037,-1.179024470547907,-0.3902543101417646,-0.404365943111267,0.9048055324001227,-0.5674373336626071,-1.461440576166749,0.5114332445249834,-0.34097028968400567,-0.997471732522988,0.8614896047553159,0.9841231756854657,0
-1.143265377720465,0.9009088760241706,-1.179024470547907,-0.3940286882068004,-0.911310674287764,0.9048055324001227,-0.5674373336626071,0.2744324511807092,-0.5459737376193288,-0.34097028968400567,-0.4814607612315388,-0.13061201252703214,-1.0161329645585022,0
-0.46546902347764374,0.9009088760241706,-0.502969299721533,-0.4987163542868108,-0.404365943111267,0.9048055324001227,-0.5674373336626071,1.4316811360790147,1.4446368668618692,-0.2262991435398101,-0.7394662468772634,0.3654387961141419,-1.0161329645585022,1
-0.2960199349169384,-1.1099901739376037,0.8491410419312149,-0.29911650339146434,-0.404365943111267,0.21058638994196582,-1.042512820865339,-0.8828162337175963,-0.3680608168140954,-1.0289971665491795,-0.997471732522988,-0.09092794783573821,0.9841231756854657,0
-0.2960199349169384,0.9009088760241706,-1.179024470547907,-0.295800104254822,-0.23538436605243465,-1.177851894974348,-0.3774071387815143,1.4316811360790147,-1.4724636648314886,-0.2262991435398101,-0.997471732522988,0.9011736694466097,0.9841231756854657,0
-0.2960199349169384,-1.1099901739376037,0.8491410419312149,-0.4960158578469735,-0.404365943111267,0.9048055324001227,-0.5674373336626071,0.853056793629862,0.4745079213389917,-0.2262991435398101,-0.7394662468772634,0.4249648931510827,-1.0161329645585022,1
-0.634918112038349,0.9009088760241706,-0.502969299721533,-0.3038226316901283,-0.5733475201700994,-1.177851894974348,0.8577891279455886,1.4316811360790147,-0.707102420612748,1.2644257563347332,-0.997471732522988,-0.190138109563973,-1.0161329645585022,0
-0.9738162891597597,0.9009088760241706,0.8491410419312149,-0.2947893921369881,-0.911310674287764,0.21058638994196582,-1.359229812333827,-0.8828162337175963,-0.3680608168140954,-1.3730106049817663,-0.997471732522988,-2.114815247091728,0.9841231756854657,0
-0.8043672005990544,0.9009088760241706,0.8491410419312149,-0.3003167240313921,-0.404365943111267,-1.177851894974348,-0.5516014840891826,1.4316811360790147,0.001192415045823164,-0.45564143582820127,-0.4814607612315388,0.22654456969461315,-1.0161329645585022,0
-0.46546902347764374,-1.1099901739376037,-1.179024470547907,-0.3661393507053223,-0.7423290972289317,0.9048055324001227,-0.5674373336626071,0.853056793629862,1.2465828606824585,-0.34097028968400567,-0.4814607612315388,0.286070666731554,0.9841231756854657,0
-0.634918112038349,-1.1099901739376037,0.8491410419312149,-0.2979952446357424,-0.5733475201700994,-1.177851894974348,2.0929853946726915,0.853056793629862,2.102578989084997,2.640479510065081,-0.997471732522988,-0.5671367241312653,0.9841231756854657,0
-0.46546902347764374,0.9009088760241706,0.8491410419312149,-0.29592644326955125,-0.404365943111267,-1.177851894974348,-0.09236184645987515,-1.461440576166749,-1.6705176710108995,0.1177142948927768,-0.997471732522988,-2.075131182400434,0.9841231756854657,0
-0.634918112038349,-1.1099901739376037,0.8491410419312149,-0.3684450377241308,-0.06640278899360229,0.9048055324001227,-0.5674373336626071,-1.461440576166749,-0.1397951825734185,-0.34097028968400567,-0.4814607612315388,0.8813316371009629,0.9841231756854657,0
-1.143265377720465,0.9009088760241706,-0.502969299721533,-0.3735617678206647,-0.5733475201700994,0.9048055324001227,-0.5674373336626071,-0.8828162337175963,0.001192415045823164,-0.34097028968400567,-0.4814607612315388,1.1591200899400202,0.9841231756854657,0
-0.46546902347764374,-1.1099901739376037,-1.179024470547907,-0.2988322406083236,-0.911310674287764,-1.177851894974348,-0.2507203421941191,-1.461440576166749,-1.8752853723150364,-0.11162799739561437,-0.4814607612315388,1.298014316359549,0.9841231756854657,0
-0.8043672005990544,0.9009088760241706,0.8491410419312149,-0.36838186821676616,-0.911310674287764,0.9048055324001227,-0.5674373336626071,-0.8828162337175963,-1.0427871768490378,-0.34097028968400567,-0.4814607612315388,-1.658448503141848,0.9841231756854657,0
-0.2960199349169384,-1.1099901739376037,0.8491410419312149,-0.2914414082466635,-0.23538436605243465,0.21058638994196582,-0.8524826259842462,0.853056793629862,0.665848232393677,-0.7996548742607882,-0.4814607612315388,-0.8647672093159696,0.9841231756854657,0
-0.634918112038349,0.9009088760241706,-0.502969299721533,-0.29834267692624783,-0.7423290972289317,-1.177851894974348,-0.2507203421941191,0.853056793629862,-0.005521280078902488,-0.11162799739561437,-0.7394662468772634,0.38528082845978884,-1.0161329645585022,0
-0.46546902347764374,-1.1099901739376037,0.8491410419312149,-0.36222284124871607,-0.404365943111267,0.9048055324001227,-0.5674373336626071,-0.8828162337175963,-0.7138161157374736,-0.34097028968400567,-0.997471732522988,-0.9441353386985575,0.9841231756854657,0
-0.9738162891597597,0.9009088760241706,-0.502969299721533,-0.4746803567345743,-0.911310674287764,0.9048055324001227,-0.5674373336626071,-0.3041918912684436,0.11868207972852446,-0.2262991435398101,-0.4814607612315388,-0.07108591549009124,-1.0161329645585022,1
-0.634918112038349,0.9009088760241706,0.8491410419312149,-0.3546740851186444,-0.911310674287764,0.9048055324001227,-0.5674373336626071,1.4316811360790147,-0.707102420612748,-0.45564143582820127,-0.7394662468772634,0.5837011519162584,0.9841231756854657,0
-0.8043672005990544,-1.1099901739376037,-0.502969299721533,-0.30270137293440635,-0.5733475201700994,-1.177851894974348,-0.5040939353689095,1.4316811360790147,-0.8447331706696268,-0.34097028968400567,-0.4814607612315388,1.1988041546313142,-1.0161329645585022,0
-0.46546902347764374,0.9009088760241706,0.8491410419312149,-0.3555426658449079,-0.911310674287764,0.9048055324001227,-0.5674373336626071,1.4316811360790147,0.23617174441122635,-0.45564143582820127,-0.997471732522988,0.7622794430270811,-1.0161329645585022,0
-0.634918112038349,0.9009088760241706,0.8491410419312149,-0.36016983225936605,-0.911310674287764,0.9048055324001227,-0.5674373336626071,-1.461440576166749,-0.005521280078902488,-0.34097028968400567,-0.4814607612315388,-0.7258729828964409,0.9841231756854657,0
-0.634918112038349,0.9009088760241706,-1.179024470547907,-0.3556847972364783,-0.404365943111267,0.9048055324001227,-0.5674373336626071,0.853056793629862,-1.1233515183457474,-0.45564143582820127,-0.997471732522988,0.08765034327508442,0.9841231756854657,0
-0.9738162891597597,0.9009088760241706,-1.179024470547907,-0.3508681222999263,-0.911310674287764,0.9048055324001227,-0.5674373336626071,0.2744324511807092,-1.8752853723150364,-0.45564143582820127,-0.7394662468772634,1.0202258635204915,0.9841231756854657,0
-0.46546902347764374,0.9009088760241706,-0.502969299721533,-0.3550688945396733,-0.5733475201700994,0.9048055324001227,-0.5674373336626071,-0.8828162337175963,0.6255660616453219,-0.45564143582820127,-0.7394662468772634,1.0202258635204915,-1.0161329645585022,0
-0.2960199349169384,-1.1099901739376037,0.8491410419312149,-0.35255790662192976,-0.23538436605243465,0.9048055324001227,-0.5674373336626071,-1.461440576166749,-0.22707321919485376,-0.45564143582820127,-0.4814607612315388,0.7424374106814341,-1.0161329645585022,0
-0.8043672005990544,-1.1099901739376037,-0.502969299721533,-0.45831945432713866,-0.404365943111267,0.9048055324001227,-0.5674373336626071,-0.8828162337175963,1.9112386780303117,-0.2262991435398101,-0.997471732522988,0.46464895784237664,-1.0161329645585022,1
-0.2960199349169384,0.9009088760241706,1.5251962127575889,-0.30001666887141015,0.2715603651240624,0.21058638994196582,0.7627740305050422,0.853056793629862,-1.1804179269059165,1.1497546101905376,-0.4814607612315388,-0.7853990799333818,0.9841231756854657,0
-0.634918112038349,-1.1099901739376037,-1.179024470547907,-0.4584142085881856,-0.5733475201700994,0.9048055324001227,-0.5674373336626071,-1.461440576166749,0.09182729922962125,-0.2262991435398101,-0.997471732522988,-0.7853990799333818,-1.0161329645585022,1
-0.634918112038349,0.9009088760241706,-1.179024470547907,-0.3393712719595661,-0.404365943111267,0.9048055324001227,-0.5674373336626071,0.2744324511807092,0.5114332445249834,-0.45564143582820127,-0.997471732522988,0.12733440796637835,0.9841231756854657,0
-0.8043672005990544,0.9009088760241706,-0.502969299721533,-0.41001057357004833,-0.911310674287764,-1.177851894974348,-0.6624524311031534,0.2744324511807092,-0.005521280078902488,-0.45564143582820127,-0.997471732522988,0.6829113136444932,-1.0161329645585022,1
-0.634918112038349,-1.1099901739376037,-0.502969299721533,-0.33322803736835716,-0.404365943111267,0.9048055324001227,-0.5674373336626071,-0.8828162337175963,0.001192415045823164,-0.45564143582820127,-0.7394662468772634,1.6750129309268411,-1.0161329645585022,0
-0.2960199349169384,0.9009088760241706,0.8491410419312149,-0.41357965073614916,-0.5733475201700994,-1.177851894974348,0.06599664927436881,-0.8828162337175963,-1.8752853723150364,0.5763988794695595,-0.4814607612315388,-1.0036614357354983,-1.0161329645585022,1
-0.8043672005990544,0.9009088760241706,-0.502969299721533,-0.2958316890085043,-0.5733475201700994,0.21058638994196582,-1.0741845200121878,1.4316811360790147,-0.1397951825734185,-1.0289971665491795,-0.997471732522988,0.9210157017922567,0.9841231756854657,0
-0.8043672005990544,-1.1099901739376037,0.8491410419312149,-0.45100758384968437,-0.404365943111267,0.9048055324001227,-0.5674373336626071,-0.3041918912684436,0.665848232393677,-0.2262991435398101,-0.4814607612315388,-1.12271362980938,-1.0161329645585022,1
-0.2960199349169384,-1.1099901739376037,-0.502969299721533,-0.3029224662101825,-0.23538436605243465,-1.177851894974348,-0.2507203421941191,1.4316811360790147,-0.1397951825734185,-0.11162799739561437,-0.997471732522988,1.258330251668255,-1.0161329645585022,0
-0.46546902347764374,0.9009088760241706,0.8491410419312149,-0.33881853877012574,-0.404365943111267,0.9048055324001227,-0.5674373336626071,0.2744324511807092,0.665848232393677,-0.45564143582820127,-0.7394662468772634,-0.07108591549009124,0.9841231756854657,0
-0.9738162891597597,-1.1099901739376037,-0.502969299721533,-0.3368760764186638,-0.404365943111267,0.9048055324001227,-0.5674373336626071,1.4316811360790147,-1.1804179269059165,-0.45564143582820127,-0.4814607612315388,1.754381060309429,-1.0161329645585022,0
-0.46546902347764374,0.9009088760241706,1.5251962127575889,-0.33000639249276176,-0.23538436605243465,0.9048055324001227,-0.5674373336626071,0.853056793629862,-0.21364582894540246,-0.45564143582820127,-0.4814607612315388,0.5638591195706114,0.9841231756854657,0
-0.634918112038349,-1.1099901739376037,0.8491410419312149,-0.29707928677895545,-0.911310674287764,-1.177851894974348,0.22435514500861276,1.4316811360790147,1.9750187817152072,0.4617277333253637,-0.7394662468772634,-0.7457150152420878,0.9841231756854657,0
-0.2960199349169384,0.9009088760241706,-1.179024470547907,-0.29090446743406423,-0.06640278899360229,-1.177851894974348,0.4420980766431982,-0.3041918912684436,-0.005521280078902488,0.6910700256137552,-0.7394662468772634,-1.182239726846321,0.9841231756854657,0
-0.8043672005990544,0.9009088760241706,0.8491410419312149,-0.29550004909484007,-0.404365943111267,-1.177851894974348,-0.9474977234247925,1.4316811360790147,-1.6839450612603513,-0.9143260204049839,-0.997471732522988,-1.4798702120310254,0.9841231756854657,0
-1.143265377720465,0.9009088760241706,1.5251962127575889,-0.33714454682496336,-0.7423290972289317,0.9048055324001227,-0.5674373336626071,1.4316811360790147,0.830333762949459,-0.45564143582820127,-0.4814607612315388,0.9408577341379036,-1.0161329645585022,0
-0.9738162891597597,-1.1099901739376037,-1.179024470547907,-0.30025355452402747,-0.911310674287764,-1.177851894974348,-0.3774071387815143,1.4316811360790147,0.001192415045823164,-0.2262991435398101,-0.7394662468772634,0.06780831092943747,-1.0161329645585022,0
-0.9738162891597597,-1.1099901739376037,-1.179024470547907,-0.4062993650123771,-0.911310674287764,-1.177851894974348,-0.5040939353689095,1.4316811360790147,1.6729025011025462,-0.2262991435398101,-0.997471732522988,0.6630692812988462,-1.0161329645585022,1
-0.46546902347764374,0.9009088760241706,-1.179024470547907,-0.4148904180139649,-0.911310674287764,-1.177851894974348,0.034324950127520015,-1.461440576166749,-1.1804179269059165,0.4617277333253637,-0.4814607612315388,0.8614896047553159,-1.0161329645585022,1
-0.634918112038349,0.9009088760241706,0.8491410419312149,-0.4475174685677893,-0.911310674287764,0.9048055324001227,-0.5674373336626071,-0.3041918912684436,1.327147202179168,-0.2262991435398101,-0.7394662468772634,-0.4877685947486774,-1.0161329645585022,1
-0.2960199349169384,0.9009088760241706,0.8491410419312149,-0.32972212970962095,-0.404365943111267,0.9048055324001227,-0.5674373336626071,-0.8828162337175963,-0.811164695045998,-0.45564143582820127,-0.4814607612315388,-0.5869787564769122,-1.0161329645585022,0
-0.2960199349169384,0.9009088760241706,-0.502969299721533,-0.2955474262253635,-0.5733475201700994,0.21058638994196582,-0.3298995900612411,0.853056793629862,-1.6839450612603513,-0.2262991435398101,-0.997471732522988,0.14717644031202531,-1.0161329645585022,0
-0.8043672005990544,0.9009088760241706,0.8491410419312149,-0.29835846930308896,-0.06640278899360229,-1.177851894974348,0.06599664927436881,0.2744324511807092,-0.005521280078902488,0.23238544103697253,-0.7394662468772634,0.06780831092943747,-1.0161329645585022,0
-0.9738162891597597,0.9009088760241706,1.5251962127575889,-0.30039568591559784,-0.911310674287764,-1.177851894974348,-0.09236184645987515,-1.461440576166749,-0.8447331706696268,0.1177142948927768,-0.997471732522988,-1.678290535487495,0.9841231756854657,0
-0.8043672005990544,-1.1099901739376037,-1.179024470547907,-0.33382814768832103,-0.7423290972289317,0.9048055324001227,-0.5674373336626071,-0.8828162337175963,0.2965950005337584,-0.45564143582820127,-0.7394662468772634,-1.3012919209202027,-1.0161329645585022,0
-0.8043672005990544,0.9009088760241706,1.5251962127575889,-0.4497126089487097,-0.23538436605243465,0.9048055324001227,-0.5674373336626071,-1.461440576166749,1.1458774338115711,-0.2262991435398101,-0.4814607612315388,0.008282213892496587,-1.0161329645585022,1
-0.8043672005990544,-1.1099901739376037,-1.179024470547907,-0.2912203149708873,-0.7423290972289317,0.21058638994196582,-1.1929533918128707,1.4316811360790147,-1.1804179269059165,-1.2583394588375707,-0.997471732522988,0.782121475372728,0.9841231756854657,0
-0.8043672005990544,0.9009088760241706,1.5251962127575889,-0.44702790488571353,-0.5733475201700994,0.9048055324001227,-0.5674373336626071,0.853056793629862,0.4711510737766289,-0.2262991435398101,-0.4814607612315388,-0.07108591549009124,-1.0161329645585022,1
-0.634918112038349,-1.1099901739376037,-0.502969299721533,-0.3339544867030503,-0.911310674287764,0.9048055324001227,-0.5674373336626071,0.2744324511807092,0.40737097009173406,-0.45564143582820127,-0.4814607612315388,-2.134657279437375,0.9841231756854657,0
-0.8043672005990544,-1.1099901739376037,0.8491410419312149,-0.32545818796250936,-0.911310674287764,0.9048055324001227,-0.5674373336626071,0.2744324511807092,-0.5661148229935064,-0.45564143582820127,-0.7394662468772634,-1.102871597463733,0.9841231756854657,0
-0.8043672005990544,-1.1099901739376037,-1.179024470547907,-0.4177488382222138,-0.7423290972289317,-1.177851894974348,0.06599664927436881,0.853056793629862,-0.8447331706696268,0.5763988794695595,-0.4814607612315388,-0.190138109563973,-1.0161329645585022,1
-0.9738162891597597,-1.1099901739376037,-0.502969299721533,-0.3216522251437912,-0.404365943111267,0.9048055324001227,-0.5674373336626071,0.853056793629862,0.001192415045823164,-0.45564143582820127,-0.997471732522988,0.8813316371009629,-1.0161329645585022,0
-0.8043672005990544,0.9009088760241706,-1.179024470547907,-0.3205941358954339,-0.7423290972289317,0.9048055324001227,-0.5674373336626071,-1.461440576166749,-1.0427871768490378,-0.45564143582820127,-0.7394662468772634,0.4249648931510827,0.9841231756854657,0
-0.9738162891597597,0.9009088760241706,0.8491410419312149,-0.30448591151745674,-0.911310674287764,0.21058638994196582,-0.9474977234247925,0.2744324511807092,0.001192415045823164,-0.9143260204049839,-0.997471732522988,0.06780831092943747,0.9841231756854657,0
-0.634918112038349,-1.1099901739376037,1.5251962127575889,-0.29834267692624783,-0.911310674287764,-1.177851894974348,-0.5674373336626071,-0.3041918912684436,1.0015329886299666,-0.45564143582820127,-0.4814607612315388,0.5837011519162584,-1.0161329645585022,0
-0.46546902347764374,0.9009088760241706,-1.179024470547907,-0.3187780125587012,-0.5733475201700994,0.9048055324001227,-0.5674373336626071,-0.8828162337175963,0.001192415045823164,-0.45564143582820127,-0.997471732522988,0.8813316371009629,-1.0161329645585022,0
-0.8043672005990544,0.9009088760241706,-1.179024470547907,-0.3196308009081235,-0.7423290972289317,0.9048055324001227,-0.5674373336626071,0.853056793629862,-1.0427871768490378,-0.45564143582820127,-0.7394662468772634,-2.2140254088199627,0.9841231756854657,0
-1.143265377720465,0.9009088760241706,0.8491410419312149,-0.3130927568958857,-0.911310674287764,0.9048055324001227,-0.5674373336626071,-0.8828162337175963,0.9108981044461687,-0.45564143582820127,-0.7394662468772634,-0.09092794783573821,-1.0161329645585022,0
-0.9738162891597597,-1.1099901739376037,1.5251962127575889,-0.28927785261942535,-0.7423290972289317,-1.177851894974348,-0.2507203421941191,0.2744324511807092,-0.1397951825734185,-0.11162799739561437,-0.4814607612315388,1.1789621222856672,-1.0161329645585022,0
-0.634918112038349,-1.1099901739376037,0.8491410419312149,-0.3054176617510848,-0.911310674287764,0.9048055324001227,-0.5674373336626071,-0.8828162337175963,1.6997572816014495,-0.45564143582820127,-0.4814607612315388,0.6233852166075523,0.9841231756854657,0
-1.143265377720465,-1.1099901739376037,-0.502969299721533,-0.29897437199989396,-0.911310674287764,-1.177851894974348,-0.6664113934965095,-1.461440576166749,-1.1804179269059165,-0.570312581972397,-0.7394662468772634,-1.2814498885745558,0.9841231756854657,0
-0.9738162891597597,0.9009088760241706,0.8491410419312149,-0.3042174411111571,-0.911310674287764,0.9048055324001227,-0.5674373336626071,0.2744324511807092,-0.11965409719924096,-0.45564143582820127,-0.997471732522988,0.3455967637684949,0.9841231756854657,0
-0.8043672005990544,0.9009088760241706,0.8491410419312149,-0.2990691262609409,-0.5733475201700994,0.9048055324001227,-0.5674373336626071,-1.461440576166749,0.16232109803924238,-0.45564143582820127,-0.7394662468772634,0.782121475372728,-1.0161329645585022,0
-0.8043672005990544,0.9009088760241706,-0.502969299721533,-0.3031751442396409,-0.911310674287764,-1.177851894974348,0.8577891279455886,-1.461440576166749,-0.34120603631519225,1.2644257563347332,-0.4814607612315388,-0.09092794783573821,0.9841231756854657,0
-0.634918112038349,0.9009088760241706,-1.179024470547907,-0.29996929174088666,-0.7423290972289317,0.9048055324001227,-0.5674373336626071,0.853056793629862,-1.1804179269059165,-0.45564143582820127,-0.4814607612315388,0.8813316371009629,0.9841231756854657,0
-0.634918112038349,0.9009088760241706,-1.179024470547907,-0.40899986145221445,-0.404365943111267,-1.177851894974348,-0.7257958293968509,0.2744324511807092,0.3301634761573873,-0.570312581972397,-0.7394662468772634,-0.7655570475877348,-1.0161329645585022,1
-0.634918112038349,0.9009088760241706,-0.502969299721533,-0.29715824866316126,0.10257878806523006,0.9048055324001227,-0.5674373336626071,0.2744324511807092,1.2700807936189982,-0.45564143582820127,-0.4814607612315388,0.20670253734896618,-1.0161329645585022,0
-0.9738162891597597,0.9009088760241706,-1.179024470547907,-0.303996347835381,-0.911310674287764,0.9048055324001227,-0.5674373336626071,-1.461440576166749,0.8336906105118219,-0.45564143582820127,-0.997471732522988,-0.6465048535138531,-1.0161329645585022,0
-0.46546902347764374,0.9009088760241706,1.5251962127575889,-0.296005405153757,-0.5733475201700994,0.9048055324001227,-0.5674373336626071,0.2744324511807092,1.2700807936189982,-0.45564143582820127,-0.7394662468772634,-0.9044512740072636,0.9841231756854657,0
-0.634918112038349,-1.1099901739376037,-1.179024470547907,-0.3016748684397313,-0.7423290972289317,-1.177851894974348,0.0026532509806712224,-0.8828162337175963,-1.3482603050240614,0.23238544103697253,-0.7394662468772634,-0.36871640067479566,0.9841231756854657,0
-0.8043672005990544,-1.1099901739376037,-0.502969299721533,-0.2994639356819697,-0.23538436605243465,0.9048055324001227,-0.5674373336626071,1.4316811360790147,0.8336906105118219,-0.45564143582820127,-0.7394662468772634,0.9606997664835506,-1.0161329645585022,0
-0.46546902347764374,0.9009088760241706,0.8491410419312149,-0.2968108163726559,-0.7423290972289317,0.9048055324001227,-0.5674373336626071,-0.3041918912684436,0.665848232393677,-0.45564143582820127,-0.7394662468772634,0.9606997664835506,0.9841231756854657,0
-0.9738162891597597,0.9009088760241706,0.8491410419312149,-0.2959580280232335,-0.911310674287764,0.21058638994196582,-0.7257958293968509,0.853056793629862,0.5416448725862495,-0.6849837281165926,-0.7394662468772634,-0.26950623894656084,0.9841231756854657,0
-0.2960199349169384,-1.1099901739376037,-0.502969299721533,-0.2962422908063743,-0.06640278899360229,0.9048055324001227,-0.5674373336626071,0.853056793629862,0.001192415045823164,-0.45564143582820127,-0.7394662468772634,-1.0830295651180861,-1.0161329645585022,0
-0.634918112038349,-1.1099901739376037,0.8491410419312149,-0.30326989850068786,-0.5733475201700994,-1.177851894974348,-0.963333572998217,0.853056793629862,-0.005521280078902488,-0.9143260204049839,-0.997471732522988,-0.9441353386985575,-1.0161329645585022,0
-0.634918112038349,0.9009088760241706,-1.179024470547907,-0.2955158414716812,-0.911310674287764,0.9048055324001227,-0.5674373336626071,0.2744324511807092,-1.7510820125076092,-0.45564143582820127,-0.4814607612315388,-0.32903233598350173,-1.0161329645585022,0
-0.2960199349169384,0.9009088760241706,0.8491410419312149,-0.29420507419386543,-0.23538436605243465,0.21058638994196582,0.38271364074285674,0.2744324511807092,-0.8447331706696268,0.6910700256137552,-0.4814607612315388,0.4249648931510827,0.9841231756854657,0
-0.8043672005990544,-1.1099901739376037,1.5251962127575889,-0.3014695675407963,-0.7423290972289317,0.9048055324001227,-0.5674373336626071,-1.461440576166749,-1.7510820125076092,-0.45564143582820127,-0.997471732522988,-0.44808453005738347,0.9841231756854657,0
-1.143265377720465,0.9009088760241706,0.8491410419312149,-0.2979952446357424,-0.7423290972289317,-1.177851894974348,-0.4090788379283631,0.853056793629862,-0.1397951825734185,-0.34097028968400567,-0.7394662468772634,1.1988041546313142,0.9841231756854657,0
-0.46546902347764374,0.9009088760241706,-1.179024470547907,-0.30107475811976747,-0.5733475201700994,0.9048055324001227,-0.5674373336626071,-0.3041918912684436,1.0619562447524988,-0.45564143582820127,-0.7394662468772634,-0.5076106270943244,0.9841231756854657,0
-1.143265377720465,-1.1099901739376037,0.8491410419312149,-0.29979557559563397,-0.911310674287764,0.9048055324001227,-0.5674373336626071,0.2744324511807092,-0.0860856215756121,-0.45564143582820127,-0.997471732522988,-0.9441353386985575,0.9841231756854657,0
-0.9738162891597597,0.9009088760241706,-0.502969299721533,-0.2973951343157786,-0.911310674287764,0.9048055324001227,-0.5674373336626071,-1.461440576166749,-0.25392799969375696,-0.45564143582820127,-0.7394662468772634,0.5241750548793175,0.9841231756854657,0
-0.634918112038349,0.9009088760241706,-1.179024470547907,-0.30306459760175286,-0.911310674287764,-1.177851894974348,0.8577891279455886,-0.8828162337175963,-0.34120603631519225,1.2644257563347332,-0.7394662468772634,1.0400678958661385,-1.0161329645585022,0
-0.8043672005990544,0.9009088760241706,0.8491410419312149,-0.29586327376218663,-0.404365943111267,0.9048055324001227,-0.5674373336626071,0.853056793629862,0.15896425047687956,-0.45564143582820127,-0.7394662468772634,-1.4005020826484376,0.9841231756854657,0
-0.9738162891597597,-1.1099901739376037,-1.179024470547907,-0.4120004130520338,-0.911310674287764,-1.177851894974348,-0.7257958293968509,0.2744324511807092,-1.8752853723150364,-0.570312581972397,-0.4814607612315388,0.38528082845978884,-1.0161329645585022,1
-0.2960199349169384,0.9009088760241706,-1.179024470547907,-0.29666868498108545,0.10257878806523006,-1.177851894974348,0.19268344586176397,-1.461440576166749,-0.005521280078902488,0.4617277333253637,-0.4814607612315388,1.3972244780877838,0.9841231756854657,0
-0.8043672005990544,0.9009088760241706,-0.502969299721533,-0.2982479226652009,-0.23538436605243465,0.21058638994196582,-0.7574675285436998,1.4316811360790147,-1.6839450612603513,-0.6849837281165926,-0.7394662468772634,-0.20998014190961997,0.9841231756854657,0
-0.9738162891597597,0.9009088760241706,1.5251962127575889,-0.3027487500649298,-0.911310674287764,0.9048055324001227,-0.5674373336626071,0.853056793629862,0.2965950005337584,-0.45564143582820127,-0.997471732522988,0.821805540064022,-1.0161329645585022,0
-0.8043672005990544,0.9009088760241706,0.8491410419312149,-0.30022196977034515,-0.911310674287764,-1.177851894974348,-0.4090788379283631,1.4316811360790147,-1.6839450612603513,-0.34097028968400567,-0.7394662468772634,0.5241750548793175,0.9841231756854657,0
-0.9738162891597597,0.9009088760241706,0.8491410419312149,-0.3064915433762833,-0.404365943111267,0.9048055324001227,-0.5674373336626071,-1.461440576166749,-0.18343420088413584,-0.45564143582820127,-0.4814607612315388,-0.32903233598350173,-1.0161329645585022,0
-0.9738162891597597,-1.1099901739376037,0.8491410419312149,-0.2999219146103632,-0.911310674287764,-1.177851894974348,-0.5040939353689095,-1.461440576166749,-1.2475548781531747,-0.34097028968400567,-0.4814607612315388,-0.7853990799333818,-1.0161329645585022,0
-0.2960199349169384,-1.1099901739376037,-0.502969299721533,-0.4105317220058064,-0.5733475201700994,-1.177851894974348,0.30353439287573475,0.853056793629862,-0.46205254856025635,0.8057411717579506,-0.7394662468772634,1.0599099282117854,-1.0161329645585022,1
-0.9738162891597597,0.9009088760241706,1.5251962127575889,-0.28825134812475034,-0.23538436605243465,0.9048055324001227,-0.5674373336626071,1.4316811360790147,-1.8752853723150364,-0.45564143582820127,-0.7394662468772634,-1.3409759856114967,-1.0161329645585022,0
-0.634918112038349,0.9009088760241706,0.8491410419312149,-0.30390159357433405,-0.911310674287764,-1.177851894974348,-0.7257958293968509,-1.461440576166749,-0.33784918875282943,-0.6849837281165926,-0.4814607612315388,-0.6465048535138531,0.9841231756854657,0
-0.8043672005990544,0.9009088760241706,1.5251962127575889,-0.29979557559563397,-0.5733475201700994,-1.177851894974348,-0.5674373336626071,0.853056793629862,-1.371758237960602,-0.45564143582820127,-0.997471732522988,-0.40840046536608954,0.9841231756854657,0
-0.9738162891597597,0.9009088760241706,0.8491410419312149,-0.28292931712928143,-0.404365943111267,0.9048055324001227,-0.5674373336626071,-1.461440576166749,0.2865244578466693,-0.45564143582820127,-0.997471732522988,-0.5671367241312653,-1.0161329645585022,0
-0.634918112038349,0.9009088760241706,0.8491410419312149,-0.3004746477998036,-0.7423290972289317,-1.177851894974348,-1.042512820865339,-0.8828162337175963,-1.1233515183457474,-1.0289971665491795,-0.997471732522988,0.10749237562073138,0.9841231756854657,0
-0.634918112038349,0.9009088760241706,-0.502969299721533,-0.28337150368083375,-0.404365943111267,0.9048055324001227,-0.5674373336626071,0.2744324511807092,-0.46205254856025635,-0.45564143582820127,-0.7394662468772634,-0.09092794783573821,0.9841231756854657,0
-0.634918112038349,-1.1099901739376037,-0.502969299721533,-0.3908544204617284,-0.911310674287764,0.9048055324001227,-0.5674373336626071,0.2744324511807092,2.0757242085860943,-0.34097028968400567,-0.7394662468772634,-1.9759210206721993,-1.0161329645585022,1
-0.46546902347764374,-1.1099901739376037,-1.179024470547907,-0.29602119753059813,-0.5733475201700994,-1.177851894974348,0.06599664927436881,0.853056793629862,-1.371758237960602,0.23238544103697253,-0.997471732522988,0.8813316371009629,-1.0161329645585022,0
-0.2960199349169384,0.9009088760241706,0.8491410419312149,-0.27129033539735087,-0.7423290972289317,0.9048055324001227,-0.5674373336626071,-1.461440576166749,-1.7510820125076092,-0.45564143582820127,-0.4814607612315388,-0.17029607721832604,0.9841231756854657,0
-0.2960199349169384,0.9009088760241706,0.8491410419312149,-0.268021313391232,0.10257878806523006,0.9048055324001227,-0.5674373336626071,0.2744324511807092,-0.0860856215756121,-0.45564143582820127,-0.7394662468772634,0.4448069254967297,0.9841231756854657,0
-0.46546902347764374,0.9009088760241706,-0.502969299721533,-0.2648154608924777,-0.5733475201700994,0.9048055324001227,-0.5674373336626071,-1.461440576166749,0.3939435798422821,-0.45564143582820127,-0.4814607612315388,-1.3211339532658497,0.9841231756854657,0
-0.2960199349169384,0.9009088760241706,-1.179024470547907,-0.3762148871299786,-0.06640278899360229,0.9048055324001227,-0.5674373336626071,-0.3041918912684436,-1.0427871768490378,-0.34097028968400567,-0.4814607612315388,0.32575473142284794,-1.0161329645585022,1
-0.8043672005990544,0.9009088760241706,0.8491410419312149,-0.2575193827918645,-0.7423290972289317,0.9048055324001227,-0.5674373336626071,-1.461440576166749,1.0787404825643134,-0.570312581972397,-0.4814607612315388,-0.38855843302044263,0.9841231756854657,0
-0.46546902347764374,-1.1099901739376037,-0.502969299721533,-0.29502627778960544,-0.23538436605243465,-1.177851894974348,-0.2507203421941191,-0.3041918912684436,-0.33784918875282943,-0.11162799739561437,-0.997471732522988,0.8813316371009629,-1.0161329645585022,0
-0.46546902347764374,0.9009088760241706,0.8491410419312149,-0.2579299845897345,-0.911310674287764,0.9048055324001227,-0.5674373336626071,1.4316811360790147,0.6255660616453219,-0.570312581972397,-0.4814607612315388,-0.8449251769703227,0.9841231756854657,0
-0.46546902347764374,-1.1099901739376037,-0.502969299721533,-0.2536344580889406,-0.404365943111267,0.9048055324001227,-0.5674373336626071,1.4316811360790147,1.327147202179168,-0.570312581972397,-0.997471732522988,0.7027533459901402,0.9841231756854657,0
-0.2960199349169384,-1.1099901739376037,-0.502969299721533,-0.2600461630864491,-0.5733475201700994,0.9048055324001227,-0.5674373336626071,-0.3041918912684436,1.5688402266692962,-0.570312581972397,-0.7394662468772634,0.2463866020402601,-1.0161329645585022,0
-0.634918112038349,0.9009088760241706,0.8491410419312149,-0.24722275309143202,-0.23538436605243465,0.9048055324001227,-0.5674373336626071,-0.3041918912684436,-0.3680608168140954,-0.570312581972397,-0.4814607612315388,-0.4282424977117365,0.9841231756854657,0
-0.9738162891597597,-1.1099901739376037,-1.179024470547907,-0.2956263881095693,-0.7423290972289317,0.21058638994196582,-0.5040939353689095,1.4316811360790147,-1.371758237960602,-0.45564143582820127,-0.4814607612315388,0.38528082845978884,-1.0161329645585022,0
-0.46546902347764374,-1.1099901739376037,-1.179024470547907,-0.23912126377191997,-0.5733475201700994,0.9048055324001227,-0.5674373336626071,-0.3041918912684436,-1.0427871768490378,-0.570312581972397,-0.4814607612315388,1.0202258635204915,-1.0161329645585022,0
-0.9738162891597597,0.9009088760241706,-1.179024470547907,-0.30248027965863017,-0.911310674287764,0.21058638994196582,-0.7257958293968509,-0.8828162337175963,-1.2475548781531747,-0.6849837281165926,-0.4814607612315388,-0.20998014190961997,0.9841231756854657,0
-0.634918112038349,0.9009088760241706,1.5251962127575889,-0.23948448843926654,-0.911310674287764,0.9048055324001227,-0.5674373336626071,-0.8828162337175963,0.16232109803924238,-0.570312581972397,-0.997471732522988,1.238488219322608,0.9841231756854657,0
-0.8043672005990544,-1.1099901739376037,-0.502969299721533,-0.2982321302883597,-0.911310674287764,-1.177851894974348,-0.5674373336626071,-1.461440576166749,-1.1233515183457474,-0.45564143582820127,-0.4814607612315388,-0.5076106270943244,-1.0161329645585022,0
-0.9738162891597597,0.9009088760241706,-1.179024470547907,-0.22637681566110865,-0.911310674287764,0.9048055324001227,-0.5674373336626071,-0.8828162337175963,-1.2039158598424569,-0.570312581972397,-0.7394662468772634,-0.190138109563973,-1.0161329645585022,0
-0.2960199349169384,0.9009088760241706,-1.179024470547907,-0.3021012626144425,-0.23538436605243465,-1.177851894974348,0.06599664927436881,-1.461440576166749,0.001192415045823164,0.23238544103697253,-0.7394662468772634,-0.7853990799333818,-1.0161329645585022,0
-0.9738162891597597,0.9009088760241706,0.8491410419312149,-0.2955316338485224,-0.911310674287764,-1.177851894974348,-0.4407505370752119,1.4316811360790147,-1.371758237960602,-0.34097028968400567,-0.4814607612315388,-1.182239726846321,-1.0161329645585022,0
-0.9738162891597597,-1.1099901739376037,0.8491410419312149,-0.2989269948693705,-0.911310674287764,-1.177851894974348,-0.5674373336626071,0.853056793629862,0.03476089066945202,-0.45564143582820127,-0.7394662468772634,-1.202081759191968,0.9841231756854657,0
-0.9738162891597597,-1.1099901739376037,-0.502969299721533,-0.21724882184692157,-0.911310674287764,0.9048055324001227,-0.5674373336626071,0.853056793629862,0.6624913848313142,-0.570312581972397,-0.7394662468772634,1.278172284013902,0.9841231756854657,0
-0.634918112038349,0.9009088760241706,1.5251962127575889,-0.2249081246148813,-0.06640278899360229,0.9048055324001227,-0.5674373336626071,-0.8828162337175963,-1.2979075915886182,-0.570312581972397,-0.7394662468772634,0.9408577341379036,-1.0161329645585022,0
-0.2960199349169384,0.9009088760241706,-0.502969299721533,-0.3386921997553965,-0.5733475201700994,0.9048055324001227,-0.5674373336626071,0.853056793629862,1.8273174889712391,-0.45564143582820127,-0.4814607612315388,-0.30919030363785477,-1.0161329645585022,1
-0.2960199349169384,0.9009088760241706,-1.179024470547907,-0.3021328473681248,-0.23538436605243465,-1.177851894974348,-0.5674373336626071,-0.3041918912684436,0.001192415045823164,-0.45564143582820127,-0.7394662468772634,0.4844909901880236,0.9841231756854657,0
-0.46546902347764374,0.9009088760241706,-0.502969299721533,-0.2250502560064517,-0.5733475201700994,0.9048055324001227,-0.5674373336626071,-0.3041918912684436,-0.811164695045998,-0.570312581972397,-0.4814607612315388,0.7622794430270811,-1.0161329645585022,0
-0.8043672005990544,0.9009088760241706,1.5251962127575889,-0.22042308959199355,-0.7423290972289317,0.9048055324001227,-0.5674373336626071,-0.8828162337175963,0.5114332445249834,-0.570312581972397,-0.4814607612315388,0.9606997664835506,0.9841231756854657,0
-0.8043672005990544,-1.1099901739376037,-0.502969299721533,-0.210015913253673,-0.911310674287764,0.9048055324001227,-0.5674373336626071,1.4316811360790147,-0.3680608168140954,-0.570312581972397,-0.7394662468772634,0.286070666731554,0.9841231756854657,0
-0.9738162891597597,0.9009088760241706,0.8491410419312149,-0.29996929174088666,-0.911310674287764,-1.177851894974348,-0.12403354560672394,1.4316811360790147,0.03476089066945202,0.003043148748581378,-0.4814607612315388,0.40512286080543575,0.9841231756854657,0
-0.9738162891597597,0.9009088760241706,-0.502969299721533,-0.2930522306844612,-0.911310674287764,-1.177851894974348,0.38271364074285674,-0.8828162337175963,-1.2475548781531747,0.6910700256137552,-0.7394662468772634,0.5638591195706114,-1.0161329645585022,0
-0.46546902347764374,0.9009088760241706,-0.502969299721533,-0.2994797280588109,-0.23538436605243465,-1.177851894974348,-0.8841543251310949,-0.8828162337175963,0.8135495251376443,-0.7996548742607882,-0.7394662468772634,0.16701847265767225,0.9841231756854657,0
-0.2960199349169384,-1.1099901739376037,-1.179024470547907,-0.3254108108319859,-0.911310674287764,0.9048055324001227,-0.5674373336626071,0.2744324511807092,1.2029438423717405,-0.45564143582820127,-0.7394662468772634,0.6035431842619053,-1.0161329645585022,1
-0.9738162891597597,-1.1099901739376037,0.8491410419312149,-0.2013143136141971,-0.404365943111267,0.9048055324001227,-0.5674373336626071,1.4316811360790147,-0.0860856215756121,-0.570312581972397,-0.7394662468772634,-1.2616078562289088,0.9841231756854657,0
-0.2960199349169384,-1.1099901739376037,1.5251962127575889,-0.3021486397449659,-0.06640278899360229,-1.177851894974348,0.8577891279455886,1.4316811360790147,-0.21364582894540246,1.2644257563347332,-0.997471732522988,1.714696995618135,-1.0161329645585022,0
-0.46546902347764374,0.9009088760241706,0.8491410419312149,-0.2973793419389374,-0.23538436605243465,-1.177851894974348,0.38271364074285674,0.853056793629862,0.001192415045823164,0.6910700256137552,-0.997471732522988,0.5241750548793175,-1.0161329645585022,0
-0.46546902347764374,-1.1099901739376037,0.8491410419312149,-0.20673109887071295,-0.404365943111267,0.9048055324001227,-0.5674373336626071,-1.461440576166749,-0.11965409719924096,-0.570312581972397,-0.997471732522988,0.5043330225336705,-1.0161329645585022,0
-0.9738162891597597,0.9009088760241706,-1.179024470547907,-0.20387267866246406,-0.911310674287764,0.9048055324001227,-0.5674373336626071,-0.8828162337175963,1.0955247203761276,-0.570312581972397,-0.997471732522988,-0.03140185079879733,0.9841231756854657,0
-0.8043672005990544,-1.1099901739376037,1.5251962127575889,-0.29712666390947895,-0.5733475201700994,-1.177851894974348,0.7627740305050422,-1.461440576166749,-0.33784918875282943,1.1497546101905376,-0.997471732522988,-2.0552891500547874,0.9841231756854657,0
-0.9738162891597597,-1.1099901739376037,-0.502969299721533,-0.20363579300984674,-0.911310674287764,0.9048055324001227,-0.5674373336626071,-0.8828162337175963,-0.707102420612748,-0.570312581972397,-0.7394662468772634,-0.11076998018138517,0.9841231756854657,0
-0.46546902347764374,0.9009088760241706,-0.502969299721533,-0.2006668261637098,0.10257878806523006,0.9048055324001227,-0.5674373336626071,-0.3041918912684436,0.001192415045823164,-0.570312581972397,-0.7394662468772634,-1.9163949236352584,0.9841231756854657,0
-0.634918112038349,-1.1099901739376037,-0.502969299721533,-0.2112635110241242,-0.7423290972289317,0.9048055324001227,-0.5674373336626071,-1.461440576166749,-1.6705176710108995,-0.570312581972397,-0.4814607612315388,0.6630692812988462,0.9841231756854657,0
-0.9738162891597597,0.9009088760241706,-1.179024470547907,-0.20235661048571327,-0.5733475201700994,0.9048055324001227,-0.5674373336626071,-0.8828162337175963,-1.4724636648314886,-0.570312581972397,-0.997471732522988,-1.2616078562289088,0.9841231756854657,0
-0.634918112038349,0.9009088760241706,0.8491410419312149,-0.2972530029242082,-0.7423290972289317,-1.177851894974348,-0.4090788379283631,0.853056793629862,-1.8752853723150364,-0.34097028968400567,-0.4814607612315388,-0.5671367241312653,0.9841231756854657,0
-0.8043672005990544,0.9009088760241706,-1.179024470547907,-0.20042994051109247,-0.911310674287764,0.9048055324001227,-0.5674373336626071,-0.8828162337175963,-0.005521280078902488,-0.570312581972397,-0.997471732522988,-0.17029607721832604,0.9841231756854657,0
-0.9738162891597597,0.9009088760241706,0.8491410419312149,-0.204378034721381,-0.911310674287764,0.9048055324001227,-0.5674373336626071,-1.461440576166749,-1.3482603050240614,-0.570312581972397,-0.7394662468772634,0.6630692812988462,-1.0161329645585022,0
-1.143265377720465,0.9009088760241706,-1.179024470547907,-0.31424560040529,-0.911310674287764,0.9048055324001227,-0.5674373336626071,1.4316811360790147,1.6729025011025462,-0.45564143582820127,-0.4814607612315388,0.14717644031202531,-1.0161329645585022,1
-0.2960199349169384,0.9009088760241706,0.8491410419312149,-0.20521503069396216,-0.23538436605243465,0.9048055324001227,-0.5674373336626071,0.2744324511807092,-1.8752853723150364,-0.570312581972397,-0.4814607612315388,-0.011559818453150373,-1.0161329645585022,0
-0.9738162891597597,-1.1099901739376037,0.8491410419312149,-0.20422011095296946,-0.911310674287764,0.9048055324001227,-0.5674373336626071,-0.8828162337175963,-0.5896127559300467,-0.570312581972397,-0.7394662468772634,-1.12271362980938,-1.0161329645585022,0
-0.9738162891597597,0.9009088760241706,-0.502969299721533,-0.3058124711721137,-0.911310674287764,-1.177851894974348,-0.7020420550367144,-1.461440576166749,-0.7138161157374736,-0.570312581972397,-0.997471732522988,-1.12271362980938,0.9841231756854657,0
-0.634918112038349,0.9009088760241706,0.8491410419312149,-0.29990612223352203,-0.911310674287764,-1.177851894974348,0.38271364074285674,0.2744324511807092,-1.8752853723150364,0.6910700256137552,-0.997471732522988,-0.4282424977117365,-1.0161329645585022,0
-1.143265377720465,0.9009088760241706,0.8491410419312149,-0.3173882833966796,-0.911310674287764,0.9048055324001227,-0.5674373336626071,-1.461440576166749,1.286865031430813,-0.45564143582820127,-0.4814607612315388,-1.2814498885745558,-1.0161329645585022,1
-0.2960199349169384,-1.1099901739376037,1.5251962127575889,-0.2031778140814533,-0.5733475201700994,0.9048055324001227,-0.5674373336626071,-0.3041918912684436,-1.2979075915886182,-0.570312581972397,-0.4814607612315388,-1.6981325678331418,0.9841231756854657,0
-1.143265377720465,-1.1099901739376037,0.8491410419312149,-0.19720829563549705,-0.7423290972289317,0.9048055324001227,-0.5674373336626071,-0.8828162337175963,-0.005521280078902488,-0.570312581972397,-0.7394662468772634,-0.8846092416616166,0.9841231756854657,0
-0.9738162891597597,0.9009088760241706,-1.179024470547907,-0.20548350110026178,-0.911310674287764,0.9048055324001227,-0.5674373336626071,-1.461440576166749,-1.173704231781191,-0.570312581972397,-0.7394662468772634,-0.7655570475877348,-1.0161329645585022,0
-0.9738162891597597,0.9009088760241706,1.5251962127575889,-0.3019591312228721,-0.7423290972289317,-1.177851894974348,-0.4090788379283631,0.853056793629862,-0.5896127559300467,-0.2262991435398101,-0.7394662468772634,0.5638591195706114,0.9841231756854657,0
-0.2960199349169384,0.9009088760241706,0.17308587110484092,-0.3105343918476188,-0.23538436605243465,0.9048055324001227,-0.5674373336626071,0.2744324511807092,1.8407448792206904,-0.45564143582820127,-0.997471732522988,0.7622794430270811,-1.0161329645585022,1
-0.46546902347764374,0.9009088760241706,-1.179024470547907,-0.3021170549912836,-0.7423290972289317,-1.177851894974348,0.38271364074285674,-0.8828162337175963,0.001192415045823164,0.6910700256137552,-0.997471732522988,-0.7853990799333818,-1.0161329645585022,0
-1.143265377720465,-1.1099901739376037,0.8491410419312149,-0.19139670095795233,-0.911310674287764,0.9048055324001227,-0.5674373336626071,0.2744324511807092,0.001192415045823164,-0.570312581972397,-0.4814607612315388,-0.6465048535138531,-1.0161329645585022,0
-0.8043672005990544,-1.1099901739376037,-1.179024470547907,-0.18275827082584106,-0.911310674287764,0.9048055324001227,-0.5674373336626071,-0.8828162337175963,-1.1804179269059165,-0.570312581972397,-0.4814607612315388,0.7225953783357871,-1.0161329645585022,0
-0.46546902347764374,0.9009088760241706,0.8491410419312149,-0.301643283686049,-0.06640278899360229,-1.177851894974348,-0.47242223622206064,0.853056793629862,0.5382880250238866,-0.34097028968400567,-0.7394662468772634,-0.40840046536608954,0.9841231756854657,0
-0.634918112038349,0.9009088760241706,1.5251962127575889,-0.2990217491304174,-0.5733475201700994,-1.177851894974348,-0.5674373336626071,0.853056793629862,-1.623521805137819,-0.45564143582820127,-0.997471732522988,0.5440170872249644,-1.0161329645585022,0
-0.46546902347764374,-1.1099901739376037,-0.502969299721533,-0.18681691167401765,-0.7423290972289317,0.9048055324001227,-0.5674373336626071,-0.3041918912684436,-0.08944246913797492,-0.570312581972397,-0.997471732522988,1.0599099282117854,0.9841231756854657,0
-0.46546902347764374,-1.1099901739376037,-1.179024470547907,-0.3010589657429263,-0.7423290972289317,-1.177851894974348,-0.7257958293968509,-0.8828162337175963,-1.7510820125076092,-0.6849837281165926,-0.997471732522988,-0.5671367241312653,0.9841231756854657,0
-0.2960199349169384,0.9009088760241706,-1.179024470547907,-0.4100263659468895,-0.911310674287764,-1.177851894974348,2.0454778459524183,-0.8828162337175963,0.001192415045823164,3.213835240786059,-0.7394662468772634,0.008282213892496587,-1.0161329645585022,1
-0.9738162891597597,0.9009088760241706,0.8491410419312149,-0.3017538303239371,-0.911310674287764,-1.177851894974348,0.5094004373302519,-1.461440576166749,-1.7510820125076092,0.8057411717579506,-0.997471732522988,-2.0156050853634935,0.9841231756854657,0
-0.8043672005990544,0.9009088760241706,0.8491410419312149,-0.3000798383787748,-0.7423290972289317,0.9048055324001227,-0.5674373336626071,-1.461440576166749,0.15896425047687956,-0.45564143582820127,-0.4814607612315388,1.1392780575943733,-1.0161329645585022,1
-0.634918112038349,-1.1099901739376037,-1.179024470547907,-0.1637284567322504,-0.404365943111267,0.9048055324001227,-0.5674373336626071,1.4316811360790147,-1.0427871768490378,-0.570312581972397,-0.7394662468772634,0.7027533459901402,-1.0161329645585022,0
-0.46546902347764374,0.9009088760241706,-0.502969299721533,-0.16399692713855,0.2715603651240624,0.9048055324001227,-0.5674373336626071,0.853056793629862,-1.0092187012254088,-0.570312581972397,-0.7394662468772634,0.3654387961141419,0.9841231756854657,0
-0.9738162891597597,-1.1099901739376037,0.8491410419312149,-0.143293121099797,-0.5733475201700994,0.9048055324001227,-0.5674373336626071,0.853056793629862,-1.371758237960602,-0.6849837281165926,-0.4814607612315388,-0.8250831446246757,-1.0161329645585022,0
-0.46546902347764374,-1.1099901739376037,0.8491410419312149,-0.1496890337204644,-0.23538436605243465,0.9048055324001227,-0.5674373336626071,0.2744324511807092,0.3939435798422821,-0.570312581972397,-0.4814607612315388,-1.102871597463733,0.9841231756854657,0
-1.143265377720465,-1.1099901739376037,0.8491410419312149,-0.3009010419745148,-0.7423290972289317,-1.177851894974348,0.8577891279455886,0.2744324511807092,-1.4993184453303918,1.2644257563347332,-0.4814607612315388,0.305912699077201,-1.0161329645585022,0
-0.8043672005990544,0.9009088760241706,-0.502969299721533,-0.2953421253264285,-0.911310674287764,-1.177851894974348,0.8973787518791496,1.4316811360790147,1.6594751108530943,1.2644257563347332,-0.7394662468772634,-0.8250831446246757,0.9841231756854657,0
-0.9738162891597597,0.9009088760241706,0.8491410419312149,-0.29140982349298117,-0.911310674287764,0.21058638994196582,0.12934004756806639,0.2744324511807092,0.001192415045823164,0.3470565871811683,-0.4814607612315388,0.14717644031202531,-1.0161329645585022,0
-0.634918112038349,-1.1099901739376037,1.5251962127575889,-0.14188759956093427,-0.5733475201700994,0.9048055324001227,-0.5674373336626071,1.4316811360790147,0.6255660616453219,-0.6849837281165926,-0.997471732522988,0.5837011519162584,0.9841231756854657,0
-0.46546902347764374,0.9009088760241706,0.8491410419312149,-0.29368392575810737,-0.7423290972289317,0.21058638994196582,0.06599664927436881,0.2744324511807092,0.001192415045823164,0.23238544103697253,-0.7394662468772634,-1.2417658238832618,0.9841231756854657,0
-0.9738162891597597,-1.1099901739376037,-0.502969299721533,-0.24515395172524085,-0.7423290972289317,0.9048055324001227,-0.5674373336626071,-0.8828162337175963,0.3234497810326616,-0.570312581972397,-0.997471732522988,0.6035431842619053,-1.0161329645585022,1
-0.9738162891597597,0.9009088760241706,-0.502969299721533,-0.29818475315783627,-0.911310674287764,-1.177851894974348,0.06599664927436881,1.4316811360790147,-0.21700267650776528,0.23238544103697253,-0.7394662468772634,0.7622794430270811,-1.0161329645585022,0
-0.9738162891597597,0.9009088760241706,1.5251962127575889,-0.29748988857682546,-0.911310674287764,-1.177851894974348,-0.2507203421941191,0.853056793629862,0.03811773823181484,-0.11162799739561437,-0.7394662468772634,0.9210157017922567,0.9841231756854657,0
-0.46546902347764374,0.9009088760241706,-1.179024470547907,-0.11807269528447392,-0.404365943111267,0.9048055324001227,-0.5674373336626071,0.2744324511807092,0.03476089066945202,-0.6849837281165926,-0.997471732522988,-0.17029607721832604,0.9841231756854657,0
-0.634918112038349,0.9009088760241706,-0.502969299721533,-0.12396325184622439,-0.06640278899360229,0.9048055324001227,-0.5674373336626071,-1.461440576166749,-1.0427871768490378,-0.6849837281165926,-0.7394662468772634,0.8813316371009629,-1.0161329645585022,0
-0.634918112038349,0.9009088760241706,-0.502969299721533,-0.30022196977034515,-0.911310674287764,-1.177851894974348,2.4413740852880284,-0.8828162337175963,1.5352717510456675,3.0991640946418633,-0.7394662468772634,0.7027533459901402,-1.0161329645585022,0
-0.8043672005990544,0.9009088760241706,-1.179024470547907,-0.10929213376079225,-0.911310674287764,0.9048055324001227,-0.5674373336626071,-0.8828162337175963,-0.6936750303632967,-0.6849837281165926,-0.7394662468772634,-2.749760282152431,0.9841231756854657,0
-0.8043672005990544,-1.1099901739376037,1.5251962127575889,-0.10968694318182111,-0.911310674287764,0.9048055324001227,-0.5674373336626071,-1.461440576166749,0.001192415045823164,-0.6849837281165926,-0.997471732522988,-0.051243883144444294,0.9841231756854657,0
-0.9738162891597597,-1.1099901739376037,0.8491410419312149,-0.3042648182416806,-0.911310674287764,-1.177851894974348,0.5094004373302519,-0.8828162337175963,-1.0495008719737637,0.8057411717579506,-0.7394662468772634,-0.9242933063529105,0.9841231756854657,0
-0.46546902347764374,0.9009088760241706,-0.502969299721533,-0.30331727563121136,-0.404365943111267,-1.177851894974348,-1.121692068732461,0.853056793629862,0.8739727812601764,-1.143668312693375,-0.7394662468772634,0.8614896047553159,-1.0161329645585022,0
-0.9738162891597597,-1.1099901739376037,1.5251962127575889,-0.11068186292281382,-0.911310674287764,0.9048055324001227,-0.5674373336626071,-0.8828162337175963,0.16232109803924238,-0.6849837281165926,-0.4814607612315388,-1.9163949236352584,0.9841231756854657,0
-0.9738162891597597,0.9009088760241706,-0.502969299721533,-0.29938497379776396,-0.7423290972289317,0.21058638994196582,-0.6307807319563046,-0.8828162337175963,0.2865244578466693,-0.570312581972397,-0.997471732522988,-0.6068207888225592,0.9841231756854657,0
-0.9738162891597597,0.9009088760241706,-0.502969299721533,-0.1119610454469473,-0.7423290972289317,0.9048055324001227,-0.5674373336626071,0.2744324511807092,0.3301634761573873,-0.6849837281165926,-0.7394662468772634,0.5638591195706114,0.9841231756854657,0
-0.8043672005990544,-1.1099901739376037,0.8491410419312149,-0.2289035959556933,-0.06640278899360229,0.9048055324001227,-0.5674373336626071,-1.461440576166749,1.5486991412951188,-0.570312581972397,-0.4814607612315388,0.20670253734896618,-1.0161329645585022,1
-0.634918112038349,-1.1099901739376037,0.8491410419312149,-0.3006957410755798,-0.7423290972289317,-1.177851894974348,-0.8841543251310949,0.2744324511807092,0.001192415045823164,-0.7996548742607882,-0.997471732522988,0.0479662785837905,-1.0161329645585022,0
-0.634918112038349,0.9009088760241706,0.8491410419312149,-0.22148117884035087,-0.404365943111267,0.9048055324001227,-0.5674373336626071,-0.3041918912684436,-0.005521280078902488,-0.570312581972397,-0.997471732522988,-1.12271362980938,-1.0161329645585022,1
-1.143265377720465,0.9009088760241706,1.5251962127575889,-0.11235585486797614,-0.911310674287764,0.9048055324001227,-0.5674373336626071,0.2744324511807092,0.001192415045823164,-0.6849837281165926,-0.4814607612315388,0.4844909901880236,0.9841231756854657,0
-0.46546902347764374,-1.1099901739376037,-0.502969299721533,-0.1105871086617669,-0.23538436605243465,0.9048055324001227,-0.5674373336626071,0.853056793629862,1.1861596045599256,-0.6849837281165926,-0.7394662468772634,-1.0036614357354983,-1.0161329645585022,0
-0.8043672005990544,0.9009088760241706,-1.179024470547907,-0.22182861113085625,-0.404365943111267,0.9048055324001227,-0.5674373336626071,-1.461440576166749,1.0351014642535956,-0.570312581972397,-0.7394662468772634,0.7225953783357871,-1.0161329645585022,1
-0.2960199349169384,-1.1099901739376037,0.8491410419312149,-0.30066415632189747,0.10257878806523006,0.21058638994196582,-1.2325430157464317,-0.3041918912684436,0.16232109803924238,-1.2583394588375707,-0.4814607612315388,-1.7775006972157297,0.9841231756854657,0
-0.2960199349169384,0.9009088760241706,0.8491410419312149,-0.301027380989244,-0.5733475201700994,-1.177851894974348,0.06599664927436881,0.853056793629862,-1.173704231781191,0.23238544103697253,-0.7394662468772634,0.38528082845978884,0.9841231756854657,0
-0.634918112038349,0.9009088760241706,-1.179024470547907,-0.2958316890085043,-0.5733475201700994,-1.177851894974348,-0.09236184645987515,-0.3041918912684436,-1.2979075915886182,0.1177142948927768,-0.997471732522988,-0.44808453005738347,0.9841231756854657,0
-0.46546902347764374,-1.1099901739376037,-1.179024470547907,-0.3023223558902186,-0.404365943111267,-1.177851894974348,-0.7574675285436998,-0.3041918912684436,0.8739727812601764,-0.6849837281165926,-0.997471732522988,0.028124246238143545,0.9841231756854657,0
-0.634918112038349,0.9009088760241706,-0.502969299721533,-0.10896049384712801,-0.911310674287764,0.9048055324001227,-0.5674373336626071,0.2744324511807092,-1.173704231781191,-0.6849837281165926,-0.7394662468772634,-0.32903233598350173,-1.0161329645585022,0
-0.46546902347764374,-1.1099901739376037,-1.179024470547907,-0.29756885046103126,0.10257878806523006,-1.177851894974348,-0.8841543251310949,-1.461440576166749,0.001192415045823164,-0.7996548742607882,-0.4814607612315388,0.5638591195706114,-1.0161329645585022,0
-0.8043672005990544,-1.1099901739376037,-1.179024470547907,-0.297647812345237,-0.911310674287764,0.21058638994196582,-1.2800505644667048,0.853056793629862,0.16232109803924238,-1.3730106049817663,-0.997471732522988,-1.4203441149940845,0.9841231756854657,0
-0.8043672005990544,0.9009088760241706,-0.502969299721533,-0.3000956307556159,-0.911310674287764,-1.177851894974348,-0.2507203421941191,-0.8828162337175963,0.8739727812601764,-0.11162799739561437,-0.997471732522988,0.12733440796637835,0.9841231756854657,0
-0.8043672005990544,-1.1099901739376037,-1.179024470547907,-0.2247344084696286,-0.911310674287764,0.9048055324001227,-0.5674373336626071,-0.3041918912684436,1.8273174889712391,-0.570312581972397,-0.997471732522988,0.8813316371009629,-1.0161329645585022,1
-0.634918112038349,0.9009088760241706,-0.502969299721533,-0.10351212383692986,-0.5733475201700994,0.9048055324001227,-0.5674373336626071,-0.3041918912684436,0.15896425047687956,-0.6849837281165926,-0.997471732522988,1.0995939929030794,0.9841231756854657,0
-0.9738162891597597,0.9009088760241706,1.5251962127575889,-0.29878486347780014,-0.911310674287764,-1.177851894974348,-0.7257958293968509,-0.8828162337175963,-1.173704231781191,-0.6849837281165926,-0.997471732522988,0.16701847265767225,0.9841231756854657,0
-0.8043672005990544,0.9009088760241706,-0.502969299721533,-0.09493686321218318,-0.911310674287764,0.9048055324001227,-0.5674373336626071,0.2744324511807092,0.001192415045823164,-0.6849837281165926,-0.7394662468772634,-1.9362369559809054,0.9841231756854657,0
-0.2960199349169384,0.9009088760241706,0.8491410419312149,-0.30325410612384673,0.2715603651240624,0.21058638994196582,-1.002923196931778,0.2744324511807092,-1.173704231781191,-1.0289971665491795,-0.997471732522988,0.5440170872249644,0.9841231756854657,0
-0.46546902347764374,0.9009088760241706,0.8491410419312149,-0.0901517730293135,-0.06640278899360229,0.9048055324001227,-0.5674373336626071,-0.8828162337175963,0.001192415045823164,-0.6849837281165926,-0.4814607612315388,0.26622863438590705,0.9841231756854657,0
-0.8043672005990544,0.9009088760241706,-1.179024470547907,-0.41819102477376613,-0.404365943111267,-1.177851894974348,-0.17154109432699713,0.853056793629862,-1.2979075915886182,0.23238544103697253,-0.7394662468772634,-0.5076106270943244,-1.0161329645585022,1
-0.9738162891597597,-1.1099901739376037,-1.179024470547907,-0.09076767572611852,-0.911310674287764,0.9048055324001227,-0.5674373336626071,-0.8828162337175963,0.001192415045823164,-0.6849837281165926,-0.4814607612315388,-0.9242933063529105,0.9841231756854657,0
-0.8043672005990544,0.9009088760241706,-1.179024470547907,-0.2976636047220782,-0.7423290972289317,-1.177851894974348,-0.8841543251310949,0.853056793629862,0.2865244578466693,-0.7996548742607882,-0.7394662468772634,0.08765034327508442,0.9841231756854657,0
-0.46546902347764374,0.9009088760241706,-0.502969299721533,-0.2982005455346774,-0.06640278899360229,0.21058638994196582,0.38271364074285674,1.4316811360790147,0.9981761410676039,0.6910700256137552,-0.997471732522988,0.7225953783357871,0.9841231756854657,0
-1.143265377720465,0.9009088760241706,-0.502969299721533,-0.07489633700075865,-0.911310674287764,0.9048055324001227,-0.5674373336626071,-0.8828162337175963,-0.25392799969375696,-0.6849837281165926,-0.4814607612315388,-1.8568688265983175,0.9841231756854657,0
-0.46546902347764374,-1.1099901739376037,0.8491410419312149,-0.07143780647254591,-0.404365943111267,0.9048055324001227,-0.5674373336626071,1.4316811360790147,0.001192415045823164,-0.6849837281165926,-0.7394662468772634,-1.5592383414136133,0.9841231756854657,0
-0.9738162891597597,0.9009088760241706,-0.502969299721533,-0.7955814541468254,-0.404365943111267,0.9048055324001227,-0.38928402596158257,-1.461440576166749,-0.448625158310805,1.1497546101905376,-0.7394662468772634,-2.075131182400434,0.9841231756854657,0
-0.9738162891597597,0.9009088760241706,1.5251962127575889,-0.2938418495265189,-0.7423290972289317,-1.177851894974348,0.8577891279455886,-0.8828162337175963,-0.25392799969375696,1.1497546101905376,-0.7394662468772634,-0.8449251769703227,0.9841231756854657,0
-0.8043672005990544,-1.1099901739376037,-0.502969299721533,-0.7661286713380729,-0.7423290972289317,0.9048055324001227,-0.38928402596158257,0.853056793629862,2.206641263518246,1.035083464046342,-0.4814607612315388,-0.4877685947486774,0.9841231756854657,0
-0.9738162891597597,0.9009088760241706,-1.179024470547907,-0.7523261339789042,-0.911310674287764,0.9048055324001227,-0.38928402596158257,-0.8828162337175963,-1.7510820125076092,0.9204123179021463,-0.997471732522988,-0.5869787564769122,-1.0161329645585022,0
-0.9738162891597597,0.9009088760241706,-0.502969299721533,-0.710476335349846,-0.911310674287764,0.9048055324001227,-0.38928402596158257,-1.461440576166749,0.001192415045823164,0.6910700256137552,-0.4814607612315388,0.46464895784237664,-1.0161329645585022,0
-0.634918112038349,0.9009088760241706,0.8491410419312149,0.08531732605274954,-0.911310674287764,0.9048055324001227,-0.38928402596158257,1.4316811360790147,-1.371758237960602,-0.6849837281165926,-0.997471732522988,0.7225953783357871,-1.0161329645585022,0
-0.9738162891597597,0.9009088760241706,0.8491410419312149,-0.29808999889678933,-0.911310674287764,-1.177851894974348,0.06599664927436881,-1.461440576166749,-0.37813135950118393,0.23238544103697253,-0.4814607612315388,-0.5869787564769122,-1.0161329645585022,0
-0.2960199349169384,-1.1099901739376037,-0.502969299721533,-0.9605486226295209,0.10257878806523006,0.9048055324001227,-0.3932429883549387,0.2744324511807092,-0.34120603631519225,2.640479510065081,-0.4814607612315388,0.9011736694466097,-1.0161329645585022,1
-0.8043672005990544,-1.1099901739376037,1.5251962127575889,-0.7670446291948599,-0.911310674287764,0.9048055324001227,-0.3932429883549387,0.853056793629862,-1.0427871768490378,1.035083464046342,-0.997471732522988,0.028124246238143545,0.9841231756854657,0
-0.46546902347764374,0.9009088760241706,-1.179024470547907,-0.3031593518627998,-0.404365943111267,-1.177851894974348,-0.7257958293968509,-1.461440576166749,0.11868207972852446,-0.6849837281165926,-0.997471732522988,-0.17029607721832604,-1.0161329645585022,0
-0.46546902347764374,0.9009088760241706,1.5251962127575889,-0.6237919788687512,-0.404365943111267,0.9048055324001227,-0.3932429883549387,1.4316811360790147,1.223084927745918,0.4617277333253637,-0.4814607612315388,-1.3012919209202027,-1.0161329645585022,1
-0.8043672005990544,0.9009088760241706,-0.502969299721533,-0.29815316840415396,-0.911310674287764,-1.177851894974348,1.6495816066168083,-0.8828162337175963,-0.12972463988633004,2.1817949254882985,-0.4814607612315388,0.06780831092943747,-1.0161329645585022,0
-0.8043672005990544,0.9009088760241706,-0.502969299721533,-0.4087155986690737,-0.404365943111267,0.9048055324001227,-0.3932429883549387,-1.461440576166749,-1.3482603050240614,-0.11162799739561437,-0.7394662468772634,-1.182239726846321,-1.0161329645585022,1
-0.46546902347764374,0.9009088760241706,-1.179024470547907,0.5517609684330765,-0.23538436605243465,0.9048055324001227,-0.3932429883549387,-1.461440576166749,-1.3482603050240614,-0.9143260204049839,-0.997471732522988,-1.3806600503027906,0.9841231756854657,0
-0.46546902347764374,0.9009088760241706,0.8491410419312149,0.572812206762335,-0.7423290972289317,0.9048055324001227,-0.3972019507482948,-0.3041918912684436,-1.6839450612603513,-0.9143260204049839,-0.4814607612315388,0.4844909901880236,-1.0161329645585022,0
-0.9738162891597597,0.9009088760241706,0.8491410419312149,-0.29772677422944277,-0.911310674287764,-1.177851894974348,-1.121692068732461,-0.8828162337175963,-1.173704231781191,-1.143668312693375,-0.4814607612315388,0.46464895784237664,-1.0161329645585022,0
-0.9738162891597597,-1.1099901739376037,1.5251962127575889,-0.6631149972032249,-0.911310674287764,0.9048055324001227,-0.405119875535007,-0.8828162337175963,-1.4993184453303918,0.5763988794695595,-0.4814607612315388,0.801963507718375,-1.0161329645585022,1
-0.9738162891597597,0.9009088760241706,1.5251962127575889,-1.0520180692934853,-0.911310674287764,0.9048055324001227,-0.4090788379283631,-0.3041918912684436,0.4040141225293712,4.475217848372211,-0.997471732522988,0.38528082845978884,-1.0161329645585022,1
-0.46546902347764374,-1.1099901739376037,-0.502969299721533,-0.29832688454940665,-0.7423290972289317,-1.177851894974348,1.3328646151483206,-1.461440576166749,-1.0495008719737637,1.7231103409115156,-0.997471732522988,0.7027533459901402,0.9841231756854657,0
-0.9738162891597597,-1.1099901739376037,1.5251962127575889,-0.30469121241639174,-0.911310674287764,0.21058638994196582,-0.5674373336626071,1.4316811360790147,1.0787404825643134,-0.45564143582820127,-0.997471732522988,0.7225953783357871,0.9841231756854657,0
-0.9738162891597597,0.9009088760241706,0.8491410419312149,-0.9580218423349363,-0.911310674287764,0.9048055324001227,-0.4090788379283631,-0.8828162337175963,-0.6936750303632967,2.525808363920885,-0.4814607612315388,0.5241750548793175,-1.0161329645585022,1
-1.143265377720465,0.9009088760241706,-0.502969299721533,-0.9552739687645754,-0.911310674287764,0.9048055324001227,-0.4090788379283631,-0.8828162337175963,-1.173704231781191,2.525808363920885,-0.997471732522988,1.1194360252487263,-1.0161329645585022,1
-1.143265377720465,0.9009088760241706,0.8491410419312149,-0.9250315671137653,-0.911310674287764,0.9048055324001227,-0.4090788379283631,-1.461440576166749,-0.12972463988633004,2.1817949254882985,-0.997471732522988,0.14717644031202531,-1.0161329645585022,1
-0.9738162891597597,0.9009088760241706,0.8491410419312149,-0.9060965072812216,-0.7423290972289317,0.9048055324001227,-0.4090788379283631,-0.3041918912684436,-0.11965409719924096,1.952452633199907,-0.997471732522988,-1.8171847619070236,-1.0161329645585022,1
-0.46546902347764374,-1.1099901739376037,-0.502969299721533,-0.2982795074188832,-0.404365943111267,-1.177851894974348,-0.5674373336626071,0.853056793629862,-1.4254677989584081,-0.45564143582820127,-0.7394662468772634,-0.6465048535138531,0.9841231756854657,0
-0.8043672005990544,0.9009088760241706,1.5251962127575889,-0.9075809907042901,-0.911310674287764,0.9048055324001227,-0.4090788379283631,0.853056793629862,-1.0495008719737637,1.952452633199907,-0.4814607612315388,-1.9759210206721993,-1.0161329645585022,1
-1.143265377720465,-1.1099901739376037,0.8491410419312149,-0.9017220188962219,-0.5733475201700994,0.9048055324001227,-0.4090788379283631,-0.3041918912684436,0.04483143335654109,1.952452633199907,-0.4814607612315388,0.305912699077201,-1.0161329645585022,1
-0.9738162891597597,0.9009088760241706,-1.179024470547907,-0.30066415632189747,-0.911310674287764,-1.177851894974348,-0.527847709729046,0.853056793629862,-1.0495008719737637,-0.45564143582820127,-0.997471732522988,-0.3488743683291487,0.9841231756854657,0
-0.8043672005990544,0.9009088760241706,0.8491410419312149,-0.8933520591704103,-0.5733475201700994,0.9048055324001227,-0.4090788379283631,-0.8828162337175963,-1.1233515183457474,1.8377814870557112,-0.4814607612315388,-0.011559818453150373,-1.0161329645585022,1
-1.143265377720465,-1.1099901739376037,-1.179024470547907,-0.8804181025375051,-0.911310674287764,0.9048055324001227,-0.4090788379283631,-0.3041918912684436,1.1223795008750308,1.7231103409115156,-0.997471732522988,1.3773824457421369,-1.0161329645585022,1
-0.46546902347764374,-1.1099901739376037,0.8491410419312149,-0.8839240101962412,-0.911310674287764,0.9048055324001227,-0.4090788379283631,1.4316811360790147,1.9515208487786668,1.7231103409115156,-0.7394662468772634,0.40512286080543575,-1.0161329645585022,1
-0.634918112038349,0.9009088760241706,1.5251962127575889,-0.30289088145650017,-0.911310674287764,0.21058638994196582,1.8079401023510524,1.4316811360790147,-0.12972463988633004,2.411137217776689,-0.4814607612315388,1.2186461869769611,-1.0161329645585022,0
-0.8043672005990544,0.9009088760241706,0.8491410419312149,-0.8367995577022375,-0.5733475201700994,0.9048055324001227,-0.4090788379283631,1.4316811360790147,-1.4724636648314886,1.379096902478929,-0.997471732522988,-2.0156050853634935,-1.0161329645585022,1
-1.143265377720465,0.9009088760241706,-1.179024470547907,-0.8324092769403967,-0.911310674287764,0.9048055324001227,-0.4090788379283631,-0.8828162337175963,0.9981761410676039,1.379096902478929,-0.7394662468772634,0.8416475724096689,-1.0161329645585022,1
-0.2960199349169384,0.9009088760241706,0.8491410419312149,-0.8142164588193871,-0.06640278899360229,0.9048055324001227,-0.4090788379283631,-0.3041918912684436,-1.0092187012254088,1.2644257563347332,-0.4814607612315388,-0.20998014190961997,-1.0161329645585022,1
-0.9738162891597597,-1.1099901739376037,-0.502969299721533,-0.8195069050611737,-0.7423290972289317,0.9048055324001227,-0.4090788379283631,-1.461440576166749,-0.21028898138303903,1.2644257563347332,-0.7394662468772634,0.32575473142284794,-1.0161329645585022,1
-0.634918112038349,-1.1099901739376037,-1.179024470547907,-0.8189541718717334,-0.404365943111267,0.9048055324001227,-0.4090788379283631,-1.461440576166749,-0.12972463988633004,1.2644257563347332,-0.7394662468772634,0.32575473142284794,-1.0161329645585022,1
-0.46546902347764374,0.9009088760241706,-0.502969299721533,-0.814706022501463,-0.911310674287764,0.9048055324001227,-0.4090788379283631,-0.3041918912684436,-0.3680608168140954,1.2644257563347332,-0.4814607612315388,0.9408577341379036,-1.0161329645585022,1
-0.46546902347764374,0.9009088760241706,0.8491410419312149,-0.8091944829839002,-0.911310674287764,0.9048055324001227,-0.4090788379283631,1.4316811360790147,0.001192415045823164,1.1497546101905376,-0.7394662468772634,0.40512286080543575,-1.0161329645585022,1
-0.8043672005990544,-1.1099901739376037,-0.502969299721533,-0.3013274361492259,-0.911310674287764,-1.177851894974348,-0.4090788379283631,1.4316811360790147,0.830333762949459,-0.2262991435398101,-0.997471732522988,1.0995939929030794,-1.0161329645585022,0
-0.2960199349169384,0.9009088760241706,-1.179024470547907,-0.8150850395456506,-0.7423290972289317,0.9048055324001227,-0.4090788379283631,0.2744324511807092,-1.173704231781191,1.2644257563347332,-0.4814607612315388,0.6035431842619053,-1.0161329645585022,1
-0.8043672005990544,0.9009088760241706,-1.179024470547907,-0.41051592962896527,-0.911310674287764,-1.177851894974348,-1.2008713165995828,0.2744324511807092,2.7269526356844955,-1.143668312693375,-0.7394662468772634,-1.9560789883265524,-1.0161329645585022,1
-0.8043672005990544,-1.1099901739376037,0.8491410419312149,-0.30205388548391904,-0.7423290972289317,-1.177851894974348,-0.09236184645987515,0.853056793629862,0.04483143335654109,0.1177142948927768,-0.997471732522988,0.0479662785837905,0.9841231756854657,0
-0.2960199349169384,0.9009088760241706,0.8491410419312149,-0.29625808318321545,-0.23538436605243465,-1.177851894974348,0.06599664927436881,-0.8828162337175963,-1.0964967378468442,0.23238544103697253,-0.997471732522988,0.22654456969461315,0.9841231756854657,0
-0.46546902347764374,-1.1099901739376037,0.8491410419312149,-0.8158272812571848,-0.5733475201700994,0.9048055324001227,-0.4090788379283631,-1.461440576166749,0.4980058542755321,1.2644257563347332,-0.4814607612315388,-2.2933935382025505,-1.0161329645585022,1
-0.9738162891597597,-1.1099901739376037,-1.179024470547907,-0.30304880522491173,-0.911310674287764,-1.177851894974348,-1.121692068732461,0.853056793629862,0.3939435798422821,-1.143668312693375,-0.4814607612315388,-0.15045404487267908,0.9841231756854657,0
-0.8043672005990544,-1.1099901739376037,-1.179024470547907,-0.29523157868854044,-0.404365943111267,-1.177851894974348,-0.09236184645987515,0.853056793629862,0.001192415045823164,0.1177142948927768,-0.997471732522988,-2.094973214746081,0.9841231756854657,0
-0.46546902347764374,-1.1099901739376037,0.8491410419312149,-0.7962289415973126,-0.7423290972289317,0.9048055324001227,-0.4090788379283631,0.2744324511807092,0.001192415045823164,1.1497546101905376,-0.997471732522988,-1.142555662155027,0.9841231756854657,0
-0.9738162891597597,0.9009088760241706,-0.502969299721533,-0.7946339115363561,-0.5733475201700994,0.9048055324001227,-0.4090788379283631,1.4316811360790147,0.4745079213389917,1.1497546101905376,-0.997471732522988,-0.17029607721832604,-1.0161329645585022,0
-0.2960199349169384,0.9009088760241706,-0.502969299721533,-0.7892171262798402,-0.06640278899360229,0.9048055324001227,-0.4090788379283631,0.853056793629862,0.665848232393677,1.035083464046342,-0.7394662468772634,0.6035431842619053,-1.0161329645585022,0
-0.634918112038349,0.9009088760241706,-1.179024470547907,-0.7925809025470061,-0.7423290972289317,0.9048055324001227,-0.4090788379283631,0.853056793629862,1.5486991412951188,1.1497546101905376,-0.997471732522988,-1.3608180179571436,-1.0161329645585022,1
-0.9738162891597597,-1.1099901739376037,-0.502969299721533,-0.30022196977034515,-0.7423290972289317,-1.177851894974348,-1.2008713165995828,0.853056793629862,0.3939435798422821,-1.2583394588375707,-0.7394662468772634,-0.6068207888225592,-1.0161329645585022,0
-0.8043672005990544,-1.1099901739376037,-1.179024470547907,-0.2948683540211939,-0.911310674287764,0.21058638994196582,-0.7257958293968509,1.4316811360790147,-0.6936750303632967,-0.6849837281165926,-0.7394662468772634,0.08765034327508442,0.9841231756854657,0
-0.9738162891597597,0.9009088760241706,-1.179024470547907,-0.2966528926042443,-0.5733475201700994,0.21058638994196582,-0.5674373336626071,-0.8828162337175963,-0.6936750303632967,-0.45564143582820127,-0.997471732522988,0.3654387961141419,0.9841231756854657,0
-0.2960199349169384,0.9009088760241706,-0.502969299721533,-0.29684240112633814,-0.23538436605243465,-1.177851894974348,-0.7257958293968509,-0.8828162337175963,-1.2106295549671826,-0.6849837281165926,-0.997471732522988,1.4170665104334308,-1.0161329645585022,0
-0.634918112038349,0.9009088760241706,0.8491410419312149,-0.41833315616533656,-0.7423290972289317,-1.177851894974348,0.8577891279455886,-0.8828162337175963,1.4446368668618692,1.6084391947673204,-0.997471732522988,0.3654387961141419,-1.0161329645585022,1
-0.46546902347764374,0.9009088760241706,-0.502969299721533,-0.7921071312417715,0.10257878806523006,0.9048055324001227,-0.4090788379283631,1.4316811360790147,1.8273174889712391,1.1497546101905376,-0.997471732522988,-2.49181386165902,-1.0161329645585022,1
-0.9738162891597597,-1.1099901739376037,1.5251962127575889,-0.7715454565945888,-0.7423290972289317,0.9048055324001227,-0.4090788379283631,-1.461440576166749,0.2865244578466693,1.035083464046342,-0.997471732522988,0.46464895784237664,0.9841231756854657,0
-1.143265377720465,-1.1099901739376037,1.5251962127575889,-0.7692871467063037,-0.7423290972289317,0.9048055324001227,-0.4090788379283631,-0.8828162337175963,0.5651428055227898,0.9204123179021463,-0.997471732522988,-0.5076106270943244,0.9841231756854657,0
-0.9738162891597597,-1.1099901739376037,-0.502969299721533,-0.30224339400601286,-0.911310674287764,-1.177851894974348,0.1451758971414908,1.4316811360790147,1.092167872813765,0.3470565871811683,-0.997471732522988,0.8614896047553159,0.9841231756854657,0
-0.9738162891597597,-1.1099901739376037,-1.179024470547907,-0.05392406055570603,-0.911310674287764,0.9048055324001227,-0.5674373336626071,0.853056793629862,0.16232109803924238,-0.6849837281165926,-0.997471732522988,-0.9838194033898514,0.9841231756854657,0
-0.2960199349169384,0.9009088760241706,1.5251962127575889,-0.05240799237895524,-0.06640278899360229,0.9048055324001227,-0.5674373336626071,-0.3041918912684436,0.7464125738903866,-0.6849837281165926,-0.997471732522988,1.5559607368529593,0.9841231756854657,0
-0.8043672005990544,-1.1099901739376037,1.5251962127575889,-0.04435388018996666,-0.911310674287764,0.9048055324001227,-0.5674373336626071,-1.461440576166749,0.7430557263280237,-0.6849837281165926,-0.4814607612315388,-0.8250831446246757,0.9841231756854657,0
-0.46546902347764374,0.9009088760241706,0.8491410419312149,-0.15783790017049992,-0.23538436605243465,0.9048055324001227,-0.5674373336626071,1.4316811360790147,0.09182729922962125,-0.570312581972397,-0.997471732522988,-0.24966420660091387,-1.0161329645585022,1
-0.634918112038349,-1.1099901739376037,1.5251962127575889,-0.13347026270459916,-0.5733475201700994,0.9048055324001227,-0.5674373336626071,0.2744324511807092,1.357358830240434,-0.6849837281165926,-0.4814607612315388,-0.20998014190961997,-1.0161329645585022,1
-0.8043672005990544,0.9009088760241706,0.8491410419312149,-0.012753334130817333,-0.06640278899360229,0.9048055324001227,-0.5674373336626071,-0.8828162337175963,1.417782086362966,-0.6849837281165926,-0.7394662468772634,-0.24966420660091387,0.9841231756854657,0
-0.8043672005990544,-1.1099901739376037,-0.502969299721533,-0.013227105436051956,-0.911310674287764,0.9048055324001227,-0.5674373336626071,-0.8828162337175963,0.3301634761573873,-0.6849837281165926,-0.997471732522988,-0.11076998018138517,0.9841231756854657,0
-0.2960199349169384,0.9009088760241706,-0.502969299721533,-0.01660667408005893,-0.404365943111267,0.9048055324001227,-0.5674373336626071,-0.8828162337175963,1.8407448792206904,-0.6849837281165926,-0.997471732522988,1.2186461869769611,-1.0161329645585022,0
-0.46546902347764374,-1.1099901739376037,0.8491410419312149,-0.1294274142332637,-0.7423290972289317,0.9048055324001227,-0.5674373336626071,1.4316811360790147,1.417782086362966,-0.6849837281165926,-0.7394662468772634,-0.44808453005738347,-1.0161329645585022,1
-0.8043672005990544,-1.1099901739376037,0.8491410419312149,-0.41337434983721416,-0.7423290972289317,-1.177851894974348,0.8577891279455886,0.853056793629862,0.3939435798422821,1.6084391947673204,-0.7394662468772634,-2.2140254088199627,-1.0161329645585022,1
-0.634918112038349,-1.1099901739376037,-0.502969299721533,-0.29777415135996627,-0.911310674287764,-1.177851894974348,0.38271364074285674,-0.3041918912684436,0.001192415045823164,0.6910700256137552,-0.7394662468772634,0.028124246238143545,-1.0161329645585022,0
-0.9738162891597597,-1.1099901739376037,-1.179024470547907,-0.29447354460016506,-0.5733475201700994,-1.177851894974348,0.22435514500861276,-1.461440576166749,-0.6936750303632967,0.4617277333253637,-0.4814607612315388,0.4844909901880236,0.9841231756854657,0
-0.46546902347764374,-1.1099901739376037,1.5251962127575889,-0.008157752470041494,-0.23538436605243465,0.9048055324001227,-0.5674373336626071,-0.8828162337175963,0.6893461653302174,-0.6849837281165926,-0.7394662468772634,-0.3488743683291487,0.9841231756854657,0
-0.634918112038349,-1.1099901739376037,-1.179024470547907,-0.01235852470978848,-0.5733475201700994,0.9048055324001227,-0.5674373336626071,0.2744324511807092,0.001192415045823164,-0.6849837281165926,-0.997471732522988,0.8813316371009629,-1.0161329645585022,0
-0.634918112038349,0.9009088760241706,0.8491410419312149,-0.1289852276817114,-0.5733475201700994,0.9048055324001227,-0.5674373336626071,-1.461440576166749,1.676259348664909,-0.6849837281165926,-0.4814607612315388,-0.5076106270943244,-1.0161329645585022,1
-0.8043672005990544,0.9009088760241706,1.5251962127575889,-0.016069733267459693,-0.911310674287764,0.9048055324001227,-0.5674373336626071,-0.8828162337175963,-0.46205254856025635,-0.6849837281165926,-0.7394662468772634,-1.0830295651180861,0.9841231756854657,0
-0.46546902347764374,-1.1099901739376037,-1.179024470547907,-0.01569071622327199,-0.5733475201700994,0.9048055324001227,-0.5674373336626071,-1.461440576166749,0.6255660616453219,-0.6849837281165926,-0.4814607612315388,-2.134657279437375,-1.0161329645585022,0
-1.143265377720465,0.9009088760241706,-1.179024470547907,-0.01289546552238772,-0.911310674287764,0.9048055324001227,-0.5674373336626071,0.853056793629862,-1.1166378232210217,-0.6849837281165926,-0.7394662468772634,-0.30919030363785477,0.9841231756854657,0
-0.9738162891597597,-1.1099901739376037,-1.179024470547907,-0.3057808864184314,-0.7423290972289317,-1.177851894974348,1.6495816066168083,-0.8828162337175963,0.15896425047687956,2.1817949254882985,-0.997471732522988,0.782121475372728,0.9841231756854657,0
-0.9738162891597597,0.9009088760241706,1.5251962127575889,-0.013306067320257726,-0.911310674287764,0.9048055324001227,-0.5674373336626071,-0.8828162337175963,1.7433962999121668,-0.6849837281165926,-0.4814607612315388,1.0995939929030794,0.9841231756854657,0
-0.9738162891597597,0.9009088760241706,-0.502969299721533,0.0037970767987121476,-0.911310674287764,0.9048055324001227,-0.5674373336626071,-0.8828162337175963,-0.34120603631519225,-0.7996548742607882,-0.4814607612315388,0.5638591195706114,-1.0161329645585022,0
-0.46546902347764374,-1.1099901739376037,-0.502969299721533,-0.4140060449108603,-0.06640278899360229,-1.177851894974348,-0.6386986567430168,0.2744324511807092,1.0418151593783211,-0.45564143582820127,-0.4814607612315388,0.5837011519162584,-1.0161329645585022,1
-0.2960199349169384,-1.1099901739376037,-1.179024470547907,0.01556239754537194,-0.7423290972289317,0.9048055324001227,-0.5674373336626071,0.2744324511807092,-1.2475548781531747,-0.7996548742607882,-0.4814607612315388,0.9606997664835506,-1.0161329645585022,0
-0.634918112038349,-1.1099901739376037,-0.502969299721533,0.03928254756078538,-0.5733475201700994,0.9048055324001227,-0.5674373336626071,-1.461440576166749,-1.3482603050240614,-0.7996548742607882,-0.7394662468772634,-1.3806600503027906,0.9841231756854657,0
-0.634918112038349,-1.1099901739376037,-1.179024470547907,-0.29382605714967774,0.10257878806523006,-1.177851894974348,-1.042512820865339,-0.8828162337175963,0.8269769153870962,-1.0289971665491795,-0.997471732522988,-0.190138109563973,0.9841231756854657,0
-0.2960199349169384,-1.1099901739376037,-0.502969299721533,-0.06742654275489278,-0.06640278899360229,0.9048055324001227,-0.5674373336626071,0.853056793629862,0.03811773823181484,-0.6849837281165926,-0.7394662468772634,0.26622863438590705,-1.0161329645585022,1
-0.2960199349169384,-1.1099901739376037,-0.502969299721533,-0.411005493311041,-0.7423290972289317,-1.177851894974348,0.38271364074285674,0.2744324511807092,2.629604056375972,0.9204123179021463,-0.7394662468772634,1.0995939929030794,-1.0161329645585022,1
-0.9738162891597597,0.9009088760241706,-0.502969299721533,0.045346820267788544,-0.911310674287764,0.9048055324001227,-0.5674373336626071,-0.8828162337175963,2.7269526356844955,-0.7996548742607882,-0.7394662468772634,-0.44808453005738347,-1.0161329645585022,0
-0.634918112038349,-1.1099901739376037,0.8491410419312149,-0.29854797782518283,-0.404365943111267,-1.177851894974348,0.4618928886099787,1.4316811360790147,-0.5661148229935064,0.6910700256137552,-0.997471732522988,-3.5632836083239563,0.9841231756854657,0
-0.46546902347764374,-1.1099901739376037,1.5251962127575889,0.04771567679396166,-0.7423290972289317,0.9048055324001227,-0.5674373336626071,1.4316811360790147,-1.0092187012254088,-0.7996548742607882,-0.7394662468772634,0.26622863438590705,-1.0161329645585022,0
-0.9738162891597597,-1.1099901739376037,-0.502969299721533,0.06306586708356343,-0.911310674287764,0.9048055324001227,-0.5674373336626071,1.4316811360790147,-1.1804179269059165,-0.7996548742607882,-0.4814607612315388,-0.30919030363785477,0.9841231756854657,0
-0.9738162891597597,0.9009088760241706,-0.502969299721533,-0.41501675702869417,-0.911310674287764,-1.177851894974348,1.0161476236798326,0.2744324511807092,1.253296555807184,1.8377814870557112,-0.7394662468772634,0.4844909901880236,-1.0161329645585022,1
-0.8043672005990544,0.9009088760241706,-1.179024470547907,0.06336592224354536,-0.5733475201700994,0.9048055324001227,-0.5674373336626071,0.2744324511807092,-1.0495008719737637,-0.7996548742607882,-0.997471732522988,-0.17029607721832604,0.9841231756854657,0
-0.2960199349169384,-1.1099901739376037,-1.179024470547907,-0.04367480798579703,-0.404365943111267,0.9048055324001227,-0.5674373336626071,0.853056793629862,1.4110683912382405,-0.6849837281165926,-0.997471732522988,0.10749237562073138,-1.0161329645585022,1
-0.9738162891597597,-1.1099901739376037,-0.502969299721533,0.0722254456514328,-0.5733475201700994,0.9048055324001227,-0.5674373336626071,-1.461440576166749,-0.11965409719924096,-0.7996548742607882,-0.4814607612315388,0.008282213892496587,0.9841231756854657,0
-0.9738162891597597,0.9009088760241706,0.8491410419312149,-0.29730038005473164,-0.5733475201700994,-1.177851894974348,0.034324950127520015,0.853056793629862,1.7836784706605218,0.23238544103697253,-0.7394662468772634,-0.686188918205147,0.9841231756854657,0
-0.9738162891597597,-1.1099901739376037,-1.179024470547907,0.07292031023244358,-0.404365943111267,0.9048055324001227,-0.5674373336626071,0.853056793629862,0.665848232393677,-0.7996548742607882,-0.7394662468772634,-0.11076998018138517,0.9841231756854657,0
-0.2960199349169384,0.9009088760241706,-1.179024470547907,0.07584189994805708,-0.7423290972289317,0.9048055324001227,-0.5674373336626071,0.853056793629862,-0.5661148229935064,-0.7996548742607882,-0.7394662468772634,-1.3211339532658497,0.9841231756854657,0
-0.634918112038349,-1.1099901739376037,-0.502969299721533,0.08140081659614332,-0.404365943111267,0.9048055324001227,-0.5674373336626071,-0.3041918912684436,0.6893461653302174,-0.7996548742607882,-0.997471732522988,0.6233852166075523,0.9841231756854657,0
-0.2960199349169384,-1.1099901739376037,-0.502969299721533,0.08053223586987984,-0.06640278899360229,0.9048055324001227,-0.5674373336626071,0.853056793629862,-0.8447331706696268,-0.7996548742607882,-0.4814607612315388,-1.0830295651180861,-1.0161329645585022,0
-1.143265377720465,0.9009088760241706,-0.502969299721533,-0.4144482314624126,-0.911310674287764,-1.177851894974348,0.8577891279455886,-1.461440576166749,1.676259348664909,1.6084391947673204,-0.997471732522988,1.1591200899400202,-1.0161329645585022,1
-0.8043672005990544,0.9009088760241706,0.8491410419312149,0.07641042551433863,-0.7423290972289317,0.9048055324001227,-0.5674373336626071,-0.8828162337175963,-1.1804179269059165,-0.7996548742607882,-0.997471732522988,0.38528082845978884,-1.0161329645585022,0
-0.8043672005990544,-1.1099901739376037,-1.179024470547907,-0.29728458767789046,-0.911310674287764,-1.177851894974348,-0.4882580857954851,0.853056793629862,0.001192415045823164,-0.34097028968400567,-0.4814607612315388,-0.6465048535138531,0.9841231756854657,0
-0.9738162891597597,0.9009088760241706,0.8491410419312149,-0.29981136797247515,-0.911310674287764,-1.177851894974348,-0.5040939353689095,-0.8828162337175963,-1.0092187012254088,-0.34097028968400567,-0.997471732522988,1.0003838311748445,-1.0161329645585022,0
-0.2960199349169384,-1.1099901739376037,1.5251962127575889,-0.30323831374700555,-0.23538436605243465,-1.177851894974348,0.8577891279455886,-0.3041918912684436,1.676259348664909,1.2644257563347332,-0.7394662468772634,0.40512286080543575,-1.0161329645585022,0
-0.46546902347764374,0.9009088760241706,-1.179024470547907,0.0832327323097172,-0.911310674287764,0.9048055324001227,-0.5674373336626071,-0.8828162337175963,-0.5896127559300467,-0.7996548742607882,-0.4814607612315388,0.32575473142284794,0.9841231756854657,0
-0.2960199349169384,0.9009088760241706,0.8491410419312149,0.0855384193285257,0.10257878806523006,0.9048055324001227,-0.5674373336626071,0.2744324511807092,-1.623521805137819,-0.7996548742607882,-0.4814607612315388,0.7424374106814341,0.9841231756854657,0
-0.634918112038349,0.9009088760241706,1.5251962127575889,-0.29899016437673515,-0.5733475201700994,-1.177851894974348,-0.5674373336626071,-0.3041918912684436,-0.46205254856025635,-0.45564143582820127,-0.7394662468772634,0.26622863438590705,-1.0161329645585022,0
-0.634918112038349,-1.1099901739376037,0.8491410419312149,-0.3013116437723848,-0.911310674287764,-1.177851894974348,0.28769854330231037,0.853056793629862,0.5114332445249834,0.5763988794695595,-0.997471732522988,0.6233852166075523,0.9841231756854657,0
-0.8043672005990544,0.9009088760241706,-1.179024470547907,0.08362754173074605,-0.911310674287764,0.9048055324001227,-0.5674373336626071,-0.8828162337175963,0.16232109803924238,-0.7996548742607882,-0.4814607612315388,1.3773824457421369,0.9841231756854657,0
-0.9738162891597597,-1.1099901739376037,0.8491410419312149,0.08032693497094484,-0.911310674287764,0.9048055324001227,-0.5674373336626071,-0.8828162337175963,0.2965950005337584,-0.7996548742607882,-0.997471732522988,0.8614896047553159,0.9841231756854657,0
-0.9738162891597597,-1.1099901739376037,0.8491410419312149,-0.297442511446302,-0.404365943111267,-1.177851894974348,-0.8841543251310949,-0.8828162337175963,-0.018948670328354386,-0.7996548742607882,-0.4814607612315388,-0.190138109563973,0.9841231756854657,0
-0.8043672005990544,0.9009088760241706,1.5251962127575889,-0.3020854702376013,-0.911310674287764,-1.177851894974348,-0.15570524475357272,1.4316811360790147,0.0851136041048956,0.003043148748581378,-0.7394662468772634,0.3455967637684949,0.9841231756854657,0
-0.2960199349169384,-1.1099901739376037,1.5251962127575889,-0.298469015940977,-0.06640278899360229,0.21058638994196582,0.06599664927436881,-0.3041918912684436,0.8269769153870962,0.23238544103697253,-0.997471732522988,0.22654456969461315,0.9841231756854657,0
-0.8043672005990544,0.9009088760241706,1.5251962127575889,-0.300822080090309,-0.7423290972289317,0.21058638994196582,0.0976683484212176,0.2744324511807092,-0.46205254856025635,0.3470565871811683,-0.4814607612315388,0.4448069254967297,0.9841231756854657,0
-0.634918112038349,0.9009088760241706,0.8491410419312149,-0.30034830878507435,-0.5733475201700994,-1.177851894974348,-1.359229812333827,1.4316811360790147,1.1458774338115711,-1.3730106049817663,-0.7394662468772634,0.4249648931510827,-1.0161329645585022,0
-0.9738162891597597,0.9009088760241706,-0.502969299721533,0.10264156344749556,-0.911310674287764,0.9048055324001227,-0.5674373336626071,0.2744324511807092,0.001192415045823164,-0.7996548742607882,-0.4814607612315388,-0.44808453005738347,-1.0161329645585022,0
-0.8043672005990544,-1.1099901739376037,-1.179024470547907,-0.011805791520348089,-0.911310674287764,0.9048055324001227,-0.5674373336626071,-0.8828162337175963,1.1458774338115711,-0.6849837281165926,-0.7394662468772634,-1.3409759856114967,-1.0161329645585022,1
-0.634918112038349,0.9009088760241706,-0.502969299721533,-0.30036410116191553,-0.404365943111267,-0.4836327525161911,-0.7257958293968509,-0.3041918912684436,-1.1166378232210217,-0.6849837281165926,-0.7394662468772634,0.6432272489531993,0.9841231756854657,0
-0.46546902347764374,0.9009088760241706,1.5251962127575889,-0.2994639356819697,-0.911310674287764,-1.177851894974348,-0.3298995900612411,0.853056793629862,0.9377528849450718,-0.2262991435398101,-0.4814607612315388,0.3455967637684949,-1.0161329645585022,0
-0.634918112038349,-1.1099901739376037,1.5251962127575889,-0.41746457543907306,-0.404365943111267,-1.177851894974348,-0.3298995900612411,-0.8828162337175963,1.7870353182228842,0.003043148748581378,-0.997471732522988,-0.011559818453150373,-1.0161329645585022,1
-0.2960199349169384,0.9009088760241706,0.8491410419312149,-0.00021418691894099,-0.404365943111267,0.9048055324001227,-0.5674373336626071,1.4316811360790147,0.8336906105118219,-0.6849837281165926,-0.997471732522988,-2.2537094735112566,-1.0161329645585022,1
-0.8043672005990544,0.9009088760241706,-0.502969299721533,-0.2997481984651105,-0.911310674287764,0.21058638994196582,0.6994306322113446,1.4316811360790147,-0.22707321919485376,1.035083464046342,-0.997471732522988,0.286070666731554,0.9841231756854657,0
-1.143265377720465,0.9009088760241706,-1.179024470547907,0.11843394028864965,-0.911310674287764,0.9048055324001227,-0.5674373336626071,-0.8828162337175963,-1.8752853723150364,-0.7996548742607882,-0.4814607612315388,-0.9441353386985575,-1.0161329645585022,0
-0.634918112038349,0.9009088760241706,-1.179024470547907,0.11713896538767501,-0.911310674287764,0.9048055324001227,-0.5674373336626071,-0.8828162337175963,-1.1233515183457474,-0.7996548742607882,-0.7394662468772634,-0.11076998018138517,0.9841231756854657,0
-0.46546902347764374,0.9009088760241706,-1.179024470547907,-0.4123636377193803,-0.7423290972289317,-1.177851894974348,-0.3298995900612411,0.853056793629862,-0.3109944082539262,0.003043148748581378,-0.997471732522988,-1.6981325678331418,-1.0161329645585022,1
-1.143265377720465,0.9009088760241706,0.8491410419312149,-0.4082734121175214,-0.911310674287764,-1.177851894974348,-0.3298995900612411,1.4316811360790147,0.6423502994571366,0.003043148748581378,-0.4814607612315388,0.2463866020402601,-1.0161329645585022,1
-0.46546902347764374,0.9009088760241706,0.8491410419312149,0.11546497344251268,-0.911310674287764,0.9048055324001227,-0.5674373336626071,1.4316811360790147,0.2865244578466693,-0.7996548742607882,-0.7394662468772634,1.1591200899400202,-1.0161329645585022,0
-0.9738162891597597,0.9009088760241706,1.5251962127575889,-0.2945525064843708,-0.911310674287764,0.21058638994196582,1.0161476236798326,1.4316811360790147,-0.522475804682789,1.379096902478929,-0.4814607612315388,0.5638591195706114,-1.0161329645585022,0
-0.8043672005990544,-1.1099901739376037,-1.179024470547907,0.13940621673370227,-0.7423290972289317,0.9048055324001227,-0.5674373336626071,0.2744324511807092,0.5114332445249834,-0.7996548742607882,-0.4814607612315388,-1.7775006972157297,0.9841231756854657,0
-0.2960199349169384,0.9009088760241706,-0.502969299721533,-0.2986111473325474,-0.06640278899360229,-1.177851894974348,0.5410721364771007,0.2744324511807092,0.3234497810326616,0.8057411717579506,-0.7394662468772634,-0.32903233598350173,-1.0161329645585022,0
-0.8043672005990544,0.9009088760241706,0.8491410419312149,0.14641803205117468,-0.404365943111267,0.9048055324001227,-0.5674373336626071,0.853056793629862,1.327147202179168,-0.7996548742607882,-0.4814607612315388,-0.24966420660091387,-1.0161329645585022,0
-0.9738162891597597,-1.1099901739376037,-0.502969299721533,-0.29895857962305283,-0.911310674287764,0.21058638994196582,0.8577891279455886,0.2744324511807092,-0.7977373047965461,1.2644257563347332,-0.997471732522988,-1.3211339532658497,0.9841231756854657,0
-0.8043672005990544,-1.1099901739376037,-1.179024470547907,-0.1465621431059159,-0.7423290972289317,0.9048055324001227,-0.5674373336626071,0.2744324511807092,-0.005521280078902488,-0.6849837281165926,-0.4814607612315388,-0.24966420660091387,-1.0161329645585022,1
-0.634918112038349,0.9009088760241706,0.8491410419312149,-0.293747095265472,-0.06640278899360229,-1.177851894974348,-0.09236184645987515,0.853056793629862,0.001192415045823164,0.1177142948927768,-0.7394662468772634,-0.09092794783573821,-1.0161329645585022,0
-1.143265377720465,-1.1099901739376037,0.8491410419312149,-0.4133901422140553,-0.911310674287764,-1.177851894974348,-0.5674373336626071,0.2744324511807092,0.5382880250238866,-0.34097028968400567,-0.7394662468772634,0.08765034327508442,-1.0161329645585022,1
-0.46546902347764374,-1.1099901739376037,1.5251962127575889,-0.2988638253620059,-0.5733475201700994,-1.177851894974348,-0.5040939353689095,-0.8828162337175963,-0.901799579229796,-0.45564143582820127,-0.7394662468772634,0.12733440796637835,0.9841231756854657,0
-0.2960199349169384,0.9009088760241706,0.8491410419312149,-0.30270137293440635,-0.404365943111267,-1.177851894974348,1.6495816066168083,0.853056793629862,0.769910506826927,2.1817949254882985,-0.7394662468772634,-0.190138109563973,0.9841231756854657,0
-0.8043672005990544,-1.1099901739376037,-1.179024470547907,0.1523243809897663,-0.404365943111267,0.9048055324001227,-0.5674373336626071,-0.8828162337175963,-1.7510820125076092,-0.7996548742607882,-0.7394662468772634,-0.36871640067479566,0.9841231756854657,0
-0.46546902347764374,-1.1099901739376037,1.5251962127575889,0.16427921025851996,0.10257878806523006,0.9048055324001227,-0.5674373336626071,0.2744324511807092,-0.34120603631519225,-0.7996548742607882,-0.4814607612315388,-0.8846092416616166,0.9841231756854657,0
-0.2960199349169384,-1.1099901739376037,-1.179024470547907,0.16806938070039693,-0.404365943111267,0.9048055324001227,-0.5674373336626071,0.2744324511807092,-1.0495008719737637,-0.7996548742607882,-0.997471732522988,0.5241750548793175,0.9841231756854657,0
-0.8043672005990544,-1.1099901739376037,-1.179024470547907,0.17542862830837475,-0.911310674287764,0.9048055324001227,-0.5674373336626071,1.4316811360790147,0.4745079213389917,-0.7996548742607882,-0.7394662468772634,-0.36871640067479566,0.9841231756854657,0
-0.634918112038349,-1.1099901739376037,0.8491410419312149,-0.2986585244630709,-0.7423290972289317,-1.177851894974348,-0.646616581529729,-0.3041918912684436,0.001192415045823164,-0.570312581972397,-0.7394662468772634,-1.202081759191968,0.9841231756854657,0
-0.9738162891597597,0.9009088760241706,0.8491410419312149,-0.3004904401766448,-0.911310674287764,-1.177851894974348,-0.7337137541835632,0.853056793629862,0.001192415045823164,-0.6849837281165926,-0.997471732522988,0.22654456969461315,-1.0161329645585022,0
-0.8043672005990544,-1.1099901739376037,-1.179024470547907,0.17797120097980054,-0.7423290972289317,0.9048055324001227,-0.5674373336626071,0.853056793629862,-1.6705176710108995,-0.7996548742607882,-0.4814607612315388,1.1789621222856672,0.9841231756854657,0
-0.8043672005990544,-1.1099901739376037,-0.502969299721533,0.17288605563694892,-0.404365943111267,0.9048055324001227,-0.5674373336626071,1.4316811360790147,-1.3482603050240614,-0.7996548742607882,-0.4814607612315388,-0.6465048535138531,0.9841231756854657,0
-0.8043672005990544,-1.1099901739376037,0.8491410419312149,-0.2860877924975122,-0.5733475201700994,-1.177851894974348,-1.090020369585612,-0.8828162337175963,-1.6839450612603513,-1.143668312693375,-0.997471732522988,0.6035431842619053,-1.0161329645585022,0
-0.8043672005990544,-1.1099901739376037,-0.502969299721533,0.06047591728161416,-0.404365943111267,0.9048055324001227,-0.5674373336626071,-1.461440576166749,1.6829730437896346,-0.7996548742607882,-0.997471732522988,0.5043330225336705,-1.0161329645585022,1
-0.9738162891597597,0.9009088760241706,-1.179024470547907,-0.29608436703796276,-0.911310674287764,-1.177851894974348,-0.527847709729046,-1.461440576166749,0.001192415045823164,-0.45564143582820127,-0.4814607612315388,0.6630692812988462,0.9841231756854657,0
-0.46546902347764374,0.9009088760241706,1.5251962127575889,-0.30303301284807055,-0.5733475201700994,0.21058638994196582,0.06599664927436881,1.4316811360790147,-1.2475548781531747,0.23238544103697253,-0.7394662468772634,2.0718535778397804,-1.0161329645585022,0
-0.8043672005990544,0.9009088760241706,0.8491410419312149,0.1690485080645485,-0.911310674287764,0.9048055324001227,-0.5674373336626071,0.853056793629862,0.9981761410676039,-0.7996548742607882,-0.997471732522988,-3.087074832028429,0.9841231756854657,0
-0.8043672005990544,-1.1099901739376037,-1.179024470547907,0.17640775567252628,-0.7423290972289317,0.9048055324001227,-0.5674373336626071,0.2744324511807092,0.15896425047687956,-0.7996548742607882,-0.997471732522988,1.0797519605574324,-1.0161329645585022,0
-0.634918112038349,-1.1099901739376037,0.8491410419312149,-0.2996218594503813,-0.5733475201700994,0.21058638994196582,0.06599664927436881,0.2744324511807092,0.03811773823181484,0.23238544103697253,-0.997471732522988,-1.0036614357354983,0.9841231756854657,0
-0.9738162891597597,0.9009088760241706,0.8491410419312149,-0.30124847426502016,-0.911310674287764,-1.177851894974348,0.6994306322113446,-0.8828162337175963,1.5352717510456675,1.035083464046342,-0.4814607612315388,0.40512286080543575,0.9841231756854657,0
-0.8043672005990544,-1.1099901739376037,-0.502969299721533,0.227622433768389,-0.911310674287764,0.9048055324001227,-0.5674373336626071,0.2744324511807092,-0.34120603631519225,-0.9143260204049839,-0.997471732522988,0.12733440796637835,0.9841231756854657,0
-0.9738162891597597,0.9009088760241706,0.8491410419312149,-0.3021328473681248,-0.911310674287764,-1.177851894974348,-0.3774071387815143,1.4316811360790147,0.001192415045823164,-0.2262991435398101,-0.997471732522988,-0.36871640067479566,0.9841231756854657,0
-0.46546902347764374,-1.1099901739376037,1.5251962127575889,0.22918587907566323,-0.404365943111267,0.9048055324001227,-0.5674373336626071,0.853056793629862,-0.46205254856025635,-0.9143260204049839,-0.4814607612315388,0.4249648931510827,-1.0161329645585022,0
-0.8043672005990544,0.9009088760241706,1.5251962127575889,-0.2948999387748762,-0.911310674287764,-1.177851894974348,1.0161476236798326,0.853056793629862,0.27645391515958084,1.379096902478929,-0.997471732522988,-1.6386064707962011,0.9841231756854657,0
-0.9738162891597597,0.9009088760241706,0.8491410419312149,-0.29709507915579664,-0.911310674287764,0.21058638994196582,-0.7257958293968509,1.4316811360790147,1.092167872813765,-0.6849837281165926,-0.4814607612315388,-1.4005020826484376,0.9841231756854657,0
-0.9738162891597597,-1.1099901739376037,1.5251962127575889,0.27179371179309697,-0.911310674287764,0.9048055324001227,-0.5674373336626071,-0.8828162337175963,0.001192415045823164,-0.9143260204049839,-0.997471732522988,0.782121475372728,-1.0161329645585022,0
-0.2960199349169384,-1.1099901739376037,0.8491410419312149,-0.29196255668242155,-0.404365943111267,-1.177851894974348,-0.7257958293968509,0.853056793629862,-0.5661148229935064,-0.6849837281165926,-0.997471732522988,0.46464895784237664,-1.0161329645585022,0
-0.9738162891597597,-1.1099901739376037,-1.179024470547907,-0.4166591642201742,-0.911310674287764,-1.177851894974348,-0.09236184645987515,1.4316811360790147,1.0418151593783211,0.3470565871811683,-0.7394662468772634,-0.26950623894656084,-1.0161329645585022,1
-0.46546902347764374,0.9009088760241706,0.8491410419312149,0.2673560539007327,-0.7423290972289317,0.9048055324001227,-0.5674373336626071,1.4316811360790147,-1.0092187012254088,-0.9143260204049839,-0.4814607612315388,0.5638591195706114,0.9841231756854657,0
-0.634918112038349,0.9009088760241706,0.8491410419312149,0.2782054167906055,-0.23538436605243465,0.9048055324001227,-0.5674373336626071,-0.3041918912684436,-0.1397951825734185,-0.9143260204049839,-0.7394662468772634,-3.4640734465957213,0.9841231756854657,0
-0.9738162891597597,-1.1099901739376037,-1.179024470547907,-0.3052439456058321,-0.911310674287764,-1.177851894974348,0.38271364074285674,-0.8828162337175963,-1.2207000976542715,0.6910700256137552,-0.997471732522988,0.9011736694466097,0.9841231756854657,0
-0.9738162891597597,0.9009088760241706,1.5251962127575889,-0.41801730862851344,-0.7423290972289317,-1.177851894974348,0.22435514500861276,-1.461440576166749,1.5688402266692962,0.8057411717579506,-0.4814607612315388,-0.7853990799333818,-1.0161329645585022,1
-0.8043672005990544,0.9009088760241706,-0.502969299721533,0.2839854267144679,-0.23538436605243465,0.9048055324001227,-0.5674373336626071,0.2744324511807092,0.4040141225293712,-0.9143260204049839,-0.997471732522988,0.5638591195706114,0.9841231756854657,0
-0.46546902347764374,0.9009088760241706,0.8491410419312149,0.30547885159527866,-0.7423290972289317,0.9048055324001227,-0.5674373336626071,0.2744324511807092,0.001192415045823164,-0.9143260204049839,-0.7394662468772634,-1.7576586648700827,0.9841231756854657,0
-0.8043672005990544,0.9009088760241706,-1.179024470547907,-0.29797945225890127,-0.7423290972289317,-1.177851894974348,-0.5674373336626071,0.853056793629862,0.001192415045823164,-0.45564143582820127,-0.7394662468772634,-0.20998014190961997,0.9841231756854657,0
-0.9738162891597597,0.9009088760241706,-0.502969299721533,-0.29876907110095896,-0.5733475201700994,-1.177851894974348,-1.121692068732461,-0.8828162337175963,0.5114332445249834,-1.143668312693375,-0.997471732522988,0.6829113136444932,-1.0161329645585022,0
-0.2960199349169384,-1.1099901739376037,-1.179024470547907,-0.3010905504966086,-0.06640278899360229,-1.177851894974348,-0.7257958293968509,-0.8828162337175963,-0.5661148229935064,-0.6849837281165926,-0.997471732522988,0.305912699077201,0.9841231756854657,0
-0.46546902347764374,0.9009088760241706,0.8491410419312149,0.3110377682433649,-0.7423290972289317,0.9048055324001227,-0.5674373336626071,0.853056793629862,-0.3680608168140954,-0.9143260204049839,-0.997471732522988,-1.678290535487495,0.9841231756854657,0
-0.2960199349169384,0.9009088760241706,-0.502969299721533,0.3113694081570291,-0.7423290972289317,0.9048055324001227,-0.5674373336626071,-0.3041918912684436,-1.0495008719737637,-0.9143260204049839,-0.7394662468772634,-0.051243883144444294,0.9841231756854657,0
-0.8043672005990544,0.9009088760241706,0.8491410419312149,-0.29570534999377507,-0.7423290972289317,-1.177851894974348,-1.2008713165995828,-0.8828162337175963,0.30330869565848406,-1.2583394588375707,-0.997471732522988,0.8614896047553159,0.9841231756854657,0
-0.2960199349169384,-1.1099901739376037,-1.179024470547907,-0.29630546031373894,0.2715603651240624,0.21058638994196582,0.22435514500861276,-0.3041918912684436,0.9612508178816116,0.4617277333253637,-0.4814607612315388,0.8614896047553159,-1.0161329645585022,0
-0.8043672005990544,0.9009088760241706,-1.179024470547907,0.3516873462324955,-0.911310674287764,0.9048055324001227,-0.5674373336626071,-0.8828162337175963,0.001192415045823164,-0.9143260204049839,-0.997471732522988,-0.190138109563973,0.9841231756854657,0
-0.8043672005990544,0.9009088760241706,0.8491410419312149,0.3471865188327666,-0.5733475201700994,0.9048055324001227,-0.5674373336626071,1.4316811360790147,-1.3482603050240614,-0.9143260204049839,-0.7394662468772634,0.801963507718375,-1.0161329645585022,0
-1.143265377720465,-1.1099901739376037,0.8491410419312149,-0.2928943069160496,-0.911310674287764,-1.177851894974348,-1.2008713165995828,0.853056793629862,-1.6839450612603513,-1.2583394588375707,-0.997471732522988,-1.8965528912896115,-1.0161329645585022,0
-0.46546902347764374,0.9009088760241706,1.5251962127575889,0.3431436703614311,-0.23538436605243465,0.9048055324001227,-0.5674373336626071,1.4316811360790147,-0.6936750303632967,-0.9143260204049839,-0.997471732522988,-1.0631875327724392,0.9841231756854657,0
-0.8043672005990544,0.9009088760241706,-0.502969299721533,-0.3021328473681248,-0.911310674287764,0.21058638994196582,0.8577891279455886,0.853056793629862,-0.46205254856025635,1.2644257563347332,-0.4814607612315388,-0.09092794783573821,-1.0161329645585022,0
-0.634918112038349,0.9009088760241706,0.8491410419312149,0.36271042526762104,-0.404365943111267,0.9048055324001227,-0.5674373336626071,0.2744324511807092,-1.6705176710108995,-0.9143260204049839,-0.7394662468772634,-1.4203441149940845,0.9841231756854657,0
-0.634918112038349,-1.1099901739376037,-0.502969299721533,-0.2928785145392085,-0.911310674287764,0.21058638994196582,-1.359229812333827,0.853056793629862,-1.8752853723150364,-1.3730106049817663,-0.997471732522988,-0.5076106270943244,0.9841231756854657,0
-0.8043672005990544,-1.1099901739376037,-0.502969299721533,-0.29398398091808925,-0.404365943111267,-1.177851894974348,0.28769854330231037,1.4316811360790147,-1.2475548781531747,0.5763988794695595,-0.997471732522988,1.1789621222856672,-1.0161329645585022,0
-0.46546902347764374,-1.1099901739376037,1.5251962127575889,0.36229982346975104,-0.23538436605243465,0.9048055324001227,-0.5674373336626071,0.2744324511807092,-0.33784918875282943,-0.9143260204049839,-0.7394662468772634,0.5440170872249644,-1.0161329645585022,0
-0.8043672005990544,-1.1099901739376037,0.8491410419312149,-0.2918362176676923,-0.911310674287764,-1.177851894974348,-0.6782882806765778,-1.461440576166749,-1.8752853723150364,-0.570312581972397,-0.4814607612315388,-1.8767108589439645,-1.0161329645585022,0
-0.46546902347764374,-1.1099901739376037,0.8491410419312149,0.1419803741588104,-0.404365943111267,0.9048055324001227,-0.5674373336626071,-1.461440576166749,1.327147202179168,-0.7996548742607882,-0.4814607612315388,0.7225953783357871,-1.0161329645585022,1
-1.143265377720465,-1.1099901739376037,0.8491410419312149,0.3858620497167529,-0.911310674287764,0.9048055324001227,-0.5674373336626071,-0.8828162337175963,-0.33784918875282943,-0.9143260204049839,-0.4814607612315388,-0.09092794783573821,-1.0161329645585022,0
-0.46546902347764374,-1.1099901739376037,1.5251962127575889,-0.29096763694142885,-0.911310674287764,-1.177851894974348,0.06599664927436881,-0.3041918912684436,-0.46205254856025635,0.23238544103697253,-0.997471732522988,1.1988041546313142,0.9841231756854657,0
-0.9738162891597597,0.9009088760241706,1.5251962127575889,-0.29949552043565203,-0.7423290972289317,-1.177851894974348,-0.4090788379283631,-1.461440576166749,0.7061304031420315,-0.34097028968400567,-0.4814607612315388,1.8337491896920168,-1.0161329645585022,0
-0.46546902347764374,0.9009088760241706,1.5251962127575889,-0.2865457714259057,-0.23538436605243465,-1.177851894974348,-1.359229812333827,-0.3041918912684436,2.478545916069642,-1.3730106049817663,-0.7394662468772634,-0.5472946917856183,0.9841231756854657,0
-0.9738162891597597,-1.1099901739376037,-1.179024470547907,0.38887839369341337,-0.404365943111267,0.9048055324001227,-0.5674373336626071,0.2744324511807092,-1.8752853723150364,-0.9143260204049839,-0.7394662468772634,-0.07108591549009124,-1.0161329645585022,0
-0.9738162891597597,0.9009088760241706,0.8491410419312149,-0.2894673611415192,-0.5733475201700994,-1.177851894974348,-0.5674373336626071,-0.8828162337175963,-1.6705176710108995,-0.45564143582820127,-0.7394662468772634,-1.5790803737592602,0.9841231756854657,0
-0.8043672005990544,0.9009088760241706,0.8491410419312149,-0.29327332396023736,-0.911310674287764,-1.177851894974348,-0.19133590629377764,-0.8828162337175963,-1.173704231781191,0.003043148748581378,-0.997471732522988,-0.44808453005738347,-1.0161329645585022,0
-0.2960199349169384,0.9009088760241706,-1.179024470547907,-0.293952396164407,-0.23538436605243465,-1.177851894974348,2.2830155895537843,-0.3041918912684436,-0.3680608168140954,2.869821802353472,-0.7394662468772634,0.5638591195706114,0.9841231756854657,0
-0.9738162891597597,-1.1099901739376037,0.8491410419312149,-0.2920888956971508,-0.911310674287764,-1.177851894974348,0.38271364074285674,1.4316811360790147,-1.0427871768490378,0.6910700256137552,-0.7394662468772634,-0.2893482712922078,0.9841231756854657,0
-0.46546902347764374,-1.1099901739376037,0.8491410419312149,-0.29177304816032773,-0.23538436605243465,-1.177851894974348,-1.042512820865339,1.4316811360790147,1.223084927745918,-1.0289971665491795,-0.7394662468772634,0.46464895784237664,0.9841231756854657,0
-0.9738162891597597,0.9009088760241706,0.8491410419312149,0.17786065434191248,-0.23538436605243465,0.9048055324001227,-0.5674373336626071,-0.8828162337175963,0.001192415045823164,-0.7996548742607882,-0.997471732522988,-2.075131182400434,-1.0161329645585022,1
-0.634918112038349,0.9009088760241706,1.5251962127575889,0.44980538354658584,-0.06640278899360229,0.9048055324001227,-0.5674373336626071,0.2744324511807092,0.9780350556934264,-0.9143260204049839,-0.7394662468772634,-0.8846092416616166,0.9841231756854657,0
-0.46546902347764374,0.9009088760241706,-0.502969299721533,0.46316573435420216,-0.911310674287764,0.9048055324001227,-0.5674373336626071,-0.3041918912684436,0.8336906105118219,-1.0289971665491795,-0.4814607612315388,-0.6068207888225592,-1.0161329645585022,0
-0.2960199349169384,0.9009088760241706,0.8491410419312149,0.23025976070086174,0.4405419421828948,0.9048055324001227,-0.5674373336626071,0.853056793629862,0.561785957960427,-0.9143260204049839,-0.997471732522988,-1.4798702120310254,-1.0161329645585022,1
-0.46546902347764374,0.9009088760241706,-1.179024470547907,-0.3996665667390924,-0.5733475201700994,-1.177851894974348,-0.5674373336626071,1.4316811360790147,0.665848232393677,-0.34097028968400567,-0.4814607612315388,-1.6187644384505542,-1.0161329645585022,1
-0.8043672005990544,0.9009088760241706,-1.179024470547907,-0.2959422356463924,-0.7423290972289317,0.21058638994196582,-0.4090788379283631,-0.8828162337175963,1.6729025011025462,-0.34097028968400567,-0.997471732522988,-0.7457150152420878,0.9841231756854657,0
-0.8043672005990544,0.9009088760241706,0.8491410419312149,-0.2828345628682345,-0.06640278899360229,-1.177851894974348,-1.121692068732461,-0.8828162337175963,-0.005521280078902488,-1.143668312693375,-0.4814607612315388,-0.32903233598350173,0.9841231756854657,0
-0.8043672005990544,0.9009088760241706,-0.502969299721533,-0.29447354460016506,-0.7423290972289317,-1.177851894974348,0.25602684415546156,1.4316811360790147,-1.2039158598424569,0.4617277333253637,-0.7394662468772634,0.12733440796637835,-1.0161329645585022,0
-0.46546902347764374,0.9009088760241706,-1.179024470547907,0.4585859450702675,-0.911310674287764,0.9048055324001227,-0.5674373336626071,-0.3041918912684436,-1.0495008719737637,-0.9143260204049839,-0.7394662468772634,0.4844909901880236,-1.0161329645585022,0
-0.8043672005990544,-1.1099901739376037,1.5251962127575889,0.4582700975334444,-0.911310674287764,0.9048055324001227,-0.5674373336626071,0.853056793629862,-0.25392799969375696,-0.9143260204049839,-0.7394662468772634,0.9606997664835506,-1.0161329645585022,0
-0.634918112038349,-1.1099901739376037,0.8491410419312149,0.2644818413156426,-0.5733475201700994,0.9048055324001227,-0.5674373336626071,0.853056793629862,1.7937490133476108,-0.9143260204049839,-0.7394662468772634,0.26622863438590705,-1.0161329645585022,1
-0.8043672005990544,0.9009088760241706,-1.179024470547907,0.49435567861548146,-0.404365943111267,0.9048055324001227,-0.5674373336626071,1.4316811360790147,0.4745079213389917,-1.0289971665491795,-0.7394662468772634,-1.7179746001787888,0.9841231756854657,0
-0.2960199349169384,-1.1099901739376037,-0.502969299721533,0.2864332451248468,0.10257878806523006,0.9048055324001227,-0.5674373336626071,0.853056793629862,-1.173704231781191,-0.9143260204049839,-0.997471732522988,0.9606997664835506,-1.0161329645585022,1
-0.46546902347764374,-1.1099901739376037,-0.502969299721533,-0.29343124772864887,-0.5733475201700994,-1.177851894974348,0.38271364074285674,-0.3041918912684436,-0.4654093961226198,0.6910700256137552,-0.4814607612315388,0.8416475724096689,0.9841231756854657,0
-0.9738162891597597,-1.1099901739376037,-1.179024470547907,-0.2914887853771869,-0.911310674287764,-1.177851894974348,0.38271364074285674,-0.8828162337175963,1.0351014642535956,0.6910700256137552,-0.997471732522988,-0.20998014190961997,0.9841231756854657,0
-0.46546902347764374,-1.1099901739376037,0.8491410419312149,-0.29292589166973193,-0.7423290972289317,-1.177851894974348,-0.5674373336626071,-0.3041918912684436,-1.2979075915886182,-0.45564143582820127,-0.4814607612315388,-2.23386744116561,0.9841231756854657,0
-0.2960199349169384,0.9009088760241706,-0.502969299721533,0.5558985711654589,-0.911310674287764,0.9048055324001227,-0.5674373336626071,0.2744324511807092,-0.005521280078902488,-1.0289971665491795,-0.997471732522988,0.20670253734896618,-1.0161329645585022,0
-0.634918112038349,0.9009088760241706,0.8491410419312149,0.5600361738978413,-0.5733475201700994,0.9048055324001227,-0.5674373336626071,-0.3041918912684436,-0.005521280078902488,-1.0289971665491795,-0.4814607612315388,1.1392780575943733,0.9841231756854657,0
-0.46546902347764374,-1.1099901739376037,-0.502969299721533,-0.28945156876467804,-0.23538436605243465,0.21058638994196582,-0.5674373336626071,-0.3041918912684436,1.2029438423717405,-0.45564143582820127,-0.997471732522988,0.8614896047553159,-1.0161329645585022,0
-0.2960199349169384,-1.1099901739376037,1.5251962127575889,-0.2914414082466635,-0.404365943111267,0.21058638994196582,-0.4526274242552802,1.4316811360790147,-0.12972463988633004,-0.34097028968400567,-0.4814607612315388,0.305912699077201,-1.0161329645585022,0
-0.46546902347764374,0.9009088760241706,-1.179024470547907,0.5749441776358908,-0.911310674287764,0.9048055324001227,-0.5674373336626071,-0.3041918912684436,-1.3482603050240614,-1.0289971665491795,-0.4814607612315388,0.46464895784237664,0.9841231756854657,0
-0.634918112038349,-1.1099901739376037,0.8491410419312149,0.5831088364627675,-0.7423290972289317,0.9048055324001227,-0.5674373336626071,-1.461440576166749,-1.1233515183457474,-1.0289971665491795,-0.997471732522988,-1.142555662155027,0.9841231756854657,0
-0.2960199349169384,-1.1099901739376037,0.8491410419312149,0.6089609573517367,-0.23538436605243465,0.9048055324001227,-0.5674373336626071,-1.461440576166749,-0.005521280078902488,-1.0289971665491795,-0.7394662468772634,0.801963507718375,0.9841231756854657,0
-0.46546902347764374,-1.1099901739376037,-1.179024470547907,0.6481260519177988,-0.911310674287764,0.9048055324001227,-0.5674373336626071,0.853056793629862,-1.8752853723150364,-1.0289971665491795,-0.4814607612315388,0.6035431842619053,0.9841231756854657,0
-1.143265377720465,-1.1099901739376037,0.8491410419312149,-0.2863404705269707,-0.911310674287764,0.21058638994196582,-0.5674373336626071,1.4316811360790147,0.8336906105118219,-0.45564143582820127,-0.7394662468772634,-1.12271362980938,0.9841231756854657,0
-0.634918112038349,0.9009088760241706,-1.179024470547907,-0.28810921673317996,-0.911310674287764,-1.177851894974348,-1.042512820865339,0.853056793629862,0.3301634761573873,-1.0289971665491795,-0.7394662468772634,-1.182239726846321,0.9841231756854657,0
-0.9738162891597597,0.9009088760241706,1.5251962127575889,0.6532427820143327,-0.911310674287764,0.9048055324001227,-0.5674373336626071,-0.8828162337175963,0.3301634761573873,-1.0289971665491795,-0.4814607612315388,0.08765034327508442,0.9841231756854657,0
-0.9738162891597597,0.9009088760241706,1.5251962127575889,0.6497052896019142,-0.911310674287764,0.9048055324001227,-0.5674373336626071,-0.8828162337175963,0.6624913848313142,-1.0289971665491795,-0.997471732522988,1.5758027691986063,0.9841231756854657,0
-0.46546902347764374,0.9009088760241706,-0.502969299721533,0.6466257761178892,-0.7423290972289317,0.9048055324001227,-0.5674373336626071,0.853056793629862,1.1458774338115711,-1.0289971665491795,-0.7394662468772634,0.9011736694466097,0.9841231756854657,0
-0.2960199349169384,0.9009088760241706,1.5251962127575889,0.4923974238871784,-0.404365943111267,0.9048055324001227,-0.5674373336626071,1.4316811360790147,1.5352717510456675,-1.0289971665491795,-0.7394662468772634,0.10749237562073138,-1.0161329645585022,1
-0.9738162891597597,0.9009088760241706,-0.502969299721533,0.7418538084700483,-0.911310674287764,0.9048055324001227,-0.5674373336626071,1.4316811360790147,-0.34120603631519225,-1.0289971665491795,-0.997471732522988,0.8416475724096689,-1.0161329645585022,0
-0.9738162891597597,0.9009088760241706,-1.179024470547907,-0.2843032539144618,-0.911310674287764,0.21058638994196582,-0.5674373336626071,1.4316811360790147,0.27645391515958084,-0.45564143582820127,-0.997471732522988,1.238488219322608,0.9841231756854657,0
-0.9738162891597597,0.9009088760241706,-0.502969299721533,0.5159912348878626,-0.911310674287764,0.9048055324001227,-0.5674373336626071,-0.3041918912684436,-0.6936750303632967,-1.0289971665491795,-0.4814607612315388,0.305912699077201,-1.0161329645585022,1
-0.9738162891597597,0.9009088760241706,-0.502969299721533,0.7480286278149395,-0.911310674287764,0.9048055324001227,-0.5674373336626071,-0.8828162337175963,0.3301634761573873,-1.0289971665491795,-0.4814607612315388,-0.6663468858595001,0.9841231756854657,0
-0.8043672005990544,0.9009088760241706,-1.179024470547907,0.5496763746900443,-0.404365943111267,0.9048055324001227,-0.5674373336626071,-1.461440576166749,1.8407448792206904,-1.0289971665491795,-0.4814607612315388,-1.0631875327724392,-1.0161329645585022,1
-0.8043672005990544,-1.1099901739376037,0.8491410419312149,-0.29261004413290886,-0.911310674287764,0.21058638994196582,-0.3298995900612411,0.853056793629862,-0.059230841076708896,-0.2262991435398101,-0.4814607612315388,0.9606997664835506,-1.0161329645585022,0
-0.634918112038349,0.9009088760241706,-0.502969299721533,0.8376187816348066,-0.5733475201700994,0.9048055324001227,-0.5674373336626071,0.853056793629862,0.001192415045823164,-1.0289971665491795,-0.4814607612315388,1.317856348705196,0.9841231756854657,0
-0.46546902347764374,0.9009088760241706,-1.179024470547907,-0.27983401126841523,-0.23538436605243465,0.21058638994196582,-1.042512820865339,0.853056793629862,-1.173704231781191,-1.0289971665491795,-0.997471732522988,0.6630692812988462,0.9841231756854657,0
-0.2960199349169384,-1.1099901739376037,-1.179024470547907,-0.28705112748482264,-0.404365943111267,-1.177851894974348,-0.2507203421941191,0.853056793629862,-1.4254677989584081,-0.11162799739561437,-0.4814607612315388,-3.0077067026458413,0.9841231756854657,0
-0.634918112038349,-1.1099901739376037,0.8491410419312149,-0.2783969049758702,-0.911310674287764,-1.177851894974348,-0.804975077263973,-0.8828162337175963,-0.707102420612748,-0.7996548742607882,-0.4814607612315388,0.8614896047553159,0.9841231756854657,0
-0.634918112038349,0.9009088760241706,-1.179024470547907,1.0332389535661823,-0.5733475201700994,0.9048055324001227,-0.5674373336626071,0.853056793629862,-0.005521280078902488,-1.143668312693375,-0.7394662468772634,-0.6068207888225592,-1.0161329645585022,0
-0.2960199349169384,-1.1099901739376037,-0.502969299721533,1.0279011301938723,-0.911310674287764,0.9048055324001227,-0.5674373336626071,1.4316811360790147,-0.37813135950118393,-1.143668312693375,-0.997471732522988,1.0797519605574324,0.9841231756854657,0
-0.2960199349169384,-1.1099901739376037,-1.179024470547907,1.1240609127796595,0.10257878806523006,0.9048055324001227,-0.5674373336626071,-0.8828162337175963,0.5114332445249834,-1.143668312693375,-0.997471732522988,-0.4877685947486774,0.9841231756854657,0
-0.2960199349169384,-1.1099901739376037,-1.179024470547907,1.4077393779773102,-0.23538436605243465,0.9048055324001227,-0.5674373336626071,-1.461440576166749,0.11868207972852446,-1.143668312693375,-0.4814607612315388,-0.8052411122790287,0.9841231756854657,0
-0.46546902347764374,0.9009088760241706,-0.502969299721533,1.5928576193093185,-0.911310674287764,0.9048055324001227,-0.5674373336626071,-0.3041918912684436,0.830333762949459,-1.2583394588375707,-0.997471732522988,-2.69023418511549,0.9841231756854657,0
-0.9738162891597597,-1.1099901739376037,0.8491410419312149,-0.28436642342182644,-0.911310674287764,-1.177851894974348,0.06599664927436881,0.2744324511807092,-0.46205254856025635,0.23238544103697253,-0.4814607612315388,-1.0631875327724392,-1.0161329645585022,0
-0.2960199349169384,0.9009088760241706,-0.502969299721533,-0.5285955312702744,-0.23538436605243465,0.9048055324001227,-0.5634783712692509,-1.461440576166749,-0.005521280078902488,-0.11162799739561437,-0.7394662468772634,0.6233852166075523,0.9841231756854657,0
-0.8043672005990544,0.9009088760241706,-1.179024470547907,-0.4511655076180959,-0.911310674287764,0.9048055324001227,-0.5634783712692509,-0.8828162337175963,-0.46205254856025635,-0.2262991435398101,-0.4814607612315388,-1.2417658238832618,0.9841231756854657,0
-0.9738162891597597,-1.1099901739376037,1.5251962127575889,-0.28463489382812607,-0.911310674287764,-1.177851894974348,1.9662985980852963,-1.461440576166749,0.001192415045823164,2.525808363920885,-0.7394662468772634,1.794065125000723,0.9841231756854657,0
-0.9738162891597597,0.9009088760241706,0.8491410419312149,-0.10722333239460106,-0.911310674287764,0.9048055324001227,-0.5634783712692509,1.4316811360790147,0.001192415045823164,-0.6849837281165926,-0.7394662468772634,-1.2814498885745558,0.9841231756854657,0
-0.46546902347764374,0.9009088760241706,-0.502969299721533,-0.30098000385872054,-0.7423290972289317,0.9048055324001227,-0.5555604464825388,-0.3041918912684436,-0.33784918875282943,-0.45564143582820127,-0.997471732522988,0.8614896047553159,-1.0161329645585022,0
-0.46546902347764374,-1.1099901739376037,-1.179024470547907,-0.27572799328971515,-0.5733475201700994,0.21058638994196582,-0.8524826259842462,-0.3041918912684436,-0.34120603631519225,-0.7996548742607882,-0.7394662468772634,0.2463866020402601,0.9841231756854657,0
-0.9738162891597597,-1.1099901739376037,1.5251962127575889,-0.27735460810435403,-0.7423290972289317,0.21058638994196582,1.0161476236798326,1.4316811360790147,-1.0427871768490378,1.379096902478929,-0.7394662468772634,1.0003838311748445,0.9841231756854657,0
-0.46546902347764374,-1.1099901739376037,1.5251962127575889,-0.8834502388910066,-0.404365943111267,0.9048055324001227,-0.5436835593024705,-1.461440576166749,0.1522505553521539,1.379096902478929,-0.7394662468772634,1.337698381050843,-1.0161329645585022,1
-0.634918112038349,-1.1099901739376037,-1.179024470547907,-0.5684396980405061,-0.404365943111267,0.9048055324001227,-0.5436835593024705,0.2744324511807092,0.007906110170548816,0.003043148748581378,-0.7394662468772634,0.3455967637684949,0.9841231756854657,0
-0.634918112038349,0.9009088760241706,-0.502969299721533,-0.3920704334784973,-0.5733475201700994,-1.177851894974348,0.16497070910827127,1.4316811360790147,1.0955247203761276,0.5763988794695595,-0.997471732522988,-0.8846092416616166,-1.0161329645585022,1
-0.634918112038349,-1.1099901739376037,1.5251962127575889,0.2200894700151585,-0.5733475201700994,0.9048055324001227,-0.5436835593024705,-1.461440576166749,-1.6839450612603513,-0.7996548742607882,-0.4814607612315388,0.40512286080543575,-1.0161329645585022,0
-0.8043672005990544,-1.1099901739376037,-1.179024470547907,-0.28349784269556294,-0.23538436605243465,-1.177851894974348,-0.8841543251310949,-1.461440576166749,-1.6705176710108995,-0.9143260204049839,-0.997471732522988,-1.7775006972157297,0.9841231756854657,0
-0.8043672005990544,-1.1099901739376037,0.8491410419312149,-0.28128690993780137,-0.7423290972289317,-1.177851894974348,0.06599664927436881,1.4316811360790147,-1.6705176710108995,0.23238544103697253,-0.7394662468772634,-0.011559818453150373,-1.0161329645585022,0
-0.8043672005990544,0.9009088760241706,-1.179024470547907,-0.8802128016385701,-0.911310674287764,0.9048055324001227,-0.5357656345157582,0.2744324511807092,2.958575117487536,1.379096902478929,-0.7394662468772634,0.7622794430270811,-1.0161329645585022,1
-0.2960199349169384,0.9009088760241706,-1.179024470547907,-0.2793444475863394,0.10257878806523006,-1.177851894974348,-0.09236184645987515,-0.3041918912684436,-0.34120603631519225,0.003043148748581378,-0.7394662468772634,0.38528082845978884,0.9841231756854657,0
-0.2960199349169384,0.9009088760241706,-0.502969299721533,-0.8675946925424879,-0.5733475201700994,0.9048055324001227,-0.5357656345157582,-0.8828162337175963,-1.6839450612603513,1.2644257563347332,-0.4814607612315388,-0.13061201252703214,-1.0161329645585022,1
-0.8043672005990544,0.9009088760241706,-0.502969299721533,-0.2789654305421517,-0.911310674287764,0.21058638994196582,-0.5674373336626071,0.853056793629862,-1.8752853723150364,-0.45564143582820127,-0.4814607612315388,-0.17029607721832604,0.9841231756854657,0
-0.634918112038349,0.9009088760241706,0.8491410419312149,-0.7496888070464316,-0.7423290972289317,0.9048055324001227,-0.5357656345157582,-0.3041918912684436,1.0418151593783211,0.5763988794695595,-0.4814607612315388,-0.5869787564769122,-1.0161329645585022,1
-0.9738162891597597,0.9009088760241706,-0.502969299721533,-0.2747488659255636,-0.911310674287764,-1.177851894974348,0.06599664927436881,-1.461440576166749,-0.8447331706696268,0.23238544103697253,-0.7394662468772634,0.5837011519162584,0.9841231756854657,0
-0.9738162891597597,0.9009088760241706,0.8491410419312149,-0.6981109042832223,-0.7423290972289317,0.9048055324001227,-0.5357656345157582,-1.461440576166749,1.417782086362966,0.3470565871811683,-0.4814607612315388,0.0479662785837905,0.9841231756854657,0
-0.9738162891597597,-1.1099901739376037,-0.502969299721533,-0.6790968825664728,-0.5733475201700994,0.9048055324001227,-0.5357656345157582,-0.8828162337175963,0.001192415045823164,0.3470565871811683,-0.7394662468772634,0.7027533459901402,-1.0161329645585022,0
-1.143265377720465,0.9009088760241706,1.5251962127575889,-0.2787601296432167,-0.911310674287764,-1.177851894974348,0.5410721364771007,-0.8828162337175963,0.001192415045823164,0.8057411717579506,-0.7394662468772634,-1.182239726846321,0.9841231756854657,0
-0.2960199349169384,-1.1099901739376037,-1.179024470547907,-0.4910254667651688,-0.404365943111267,0.9048055324001227,-0.5357656345157582,-1.461440576166749,0.9343960373827085,-0.11162799739561437,-0.997471732522988,0.9210157017922567,0.9841231756854657,0
-0.9738162891597597,-1.1099901739376037,1.5251962127575889,-0.48477168553607175,-0.911310674287764,0.9048055324001227,-0.5357656345157582,-0.8828162337175963,0.5651428055227898,-0.11162799739561437,-0.7394662468772634,0.286070666731554,0.9841231756854657,0
-0.8043672005990544,-1.1099901739376037,-0.502969299721533,-0.4399213353071942,-0.911310674287764,0.9048055324001227,-0.5357656345157582,0.853056793629862,0.9780350556934264,-0.2262991435398101,-0.997471732522988,1.278172284013902,0.9841231756854657,0
-0.9738162891597597,0.9009088760241706,-0.502969299721533,-0.3859271988872884,-0.911310674287764,0.9048055324001227,-0.5357656345157582,-0.8828162337175963,0.9343960373827085,-0.34097028968400567,-0.7394662468772634,0.6432272489531993,0.9841231756854657,0
-0.8043672005990544,0.9009088760241706,-0.502969299721533,-0.2855192669312307,-0.5733475201700994,-1.177851894974348,-0.2507203421941191,0.853056793629862,-1.1804179269059165,-0.11162799739561437,-0.7394662468772634,-1.4798702120310254,0.9841231756854657,0
-0.2960199349169384,0.9009088760241706,1.5251962127575889,-0.281760681243036,-0.06640278899360229,-1.177851894974348,-0.8841543251310949,0.2744324511807092,-1.6839450612603513,-0.9143260204049839,-0.4814607612315388,-0.7258729828964409,0.9841231756854657,0
-0.9738162891597597,0.9009088760241706,-0.502969299721533,-0.37594641672367896,-0.404365943111267,0.9048055324001227,-0.5357656345157582,-0.8828162337175963,0.4745079213389917,-0.34097028968400567,-0.7394662468772634,0.10749237562073138,-1.0161329645585022,0
-0.46546902347764374,-1.1099901739376037,-1.179024470547907,-0.28643522478801764,-0.911310674287764,0.9048055324001227,-0.5357656345157582,0.2744324511807092,0.001192415045823164,-0.45564143582820127,-0.4814607612315388,1.0599099282117854,0.9841231756854657,0
-0.2960199349169384,0.9009088760241706,-0.502969299721533,-0.2797550493842094,-0.23538436605243465,-1.177851894974348,0.9884348869263399,0.2744324511807092,-1.3482603050240614,1.2644257563347332,-0.7394662468772634,0.6035431842619053,0.9841231756854657,0
-0.46546902347764374,-1.1099901739376037,-0.502969299721533,-0.2842558767839384,-0.404365943111267,-1.177851894974348,-1.042512820865339,-0.8828162337175963,1.0015329886299666,-1.0289971665491795,-0.997471732522988,-0.22982217425526694,0.9841231756854657,0
-0.8043672005990544,0.9009088760241706,-0.502969299721533,-0.2848244023502199,-0.911310674287764,-1.177851894974348,-1.1375279183058853,-1.461440576166749,-1.1804179269059165,-1.143668312693375,-0.7394662468772634,-0.5869787564769122,0.9841231756854657,0
-0.9738162891597597,0.9009088760241706,0.8491410419312149,-0.3741934628943109,-0.911310674287764,0.9048055324001227,-0.5357656345157582,-1.461440576166749,0.001192415045823164,-0.34097028968400567,-0.4814607612315388,0.18686050500331922,-1.0161329645585022,1
-0.8043672005990544,0.9009088760241706,-0.502969299721533,-0.1772783160619606,-0.7423290972289317,0.9048055324001227,-0.5357656345157582,0.853056793629862,-0.8447331706696268,-0.570312581972397,-0.997471732522988,-0.4282424977117365,0.9841231756854657,0
-0.8043672005990544,0.9009088760241706,-0.502969299721533,-0.10731808665564799,-0.5733475201700994,0.9048055324001227,-0.5357656345157582,-1.461440576166749,-0.11965409719924096,-0.6849837281165926,-0.7394662468772634,0.18686050500331922,0.9841231756854657,0
-0.46546902347764374,-1.1099901739376037,-0.502969299721533,-0.27969187987684485,-0.404365943111267,-1.177851894974348,-0.8524826259842462,0.853056793629862,-1.2475548781531747,-0.7996548742607882,-0.997471732522988,0.3654387961141419,0.9841231756854657,0
-0.2960199349169384,0.9009088760241706,-1.179024470547907,-0.28044991396522023,-0.23538436605243465,-1.177851894974348,0.38271364074285674,-1.461440576166749,-1.2475548781531747,0.5763988794695595,-0.4814607612315388,-0.5076106270943244,-1.0161329645585022,0
-0.8043672005990544,-1.1099901739376037,-1.179024470547907,-0.3968397312845258,-0.7423290972289317,-1.177851894974348,-0.7257958293968509,0.2744324511807092,-0.08944246913797492,-0.570312581972397,-0.997471732522988,0.286070666731554,-1.0161329645585022,1
-0.8043672005990544,0.9009088760241706,-1.179024470547907,-0.012216393318218095,-0.911310674287764,0.9048055324001227,-0.5357656345157582,0.853056793629862,0.001192415045823164,-0.6849837281165926,-0.997471732522988,-1.4798702120310254,0.9841231756854657,0
-0.46546902347764374,-1.1099901739376037,-1.179024470547907,-0.27356443766247707,-0.5733475201700994,-1.177851894974348,1.1349164954805155,0.853056793629862,1.8105332511594245,1.4937680486231246,-0.4814607612315388,0.9805417988291976,-1.0161329645585022,0
-0.634918112038349,0.9009088760241706,-1.179024470547907,-0.01235852470978848,-0.5733475201700994,0.9048055324001227,-0.5357656345157582,1.4316811360790147,-0.707102420612748,-0.6849837281165926,-0.997471732522988,-1.162397694500674,0.9841231756854657,0
-0.2960199349169384,-1.1099901739376037,-0.502969299721533,0.060033730730061845,-0.5733475201700994,0.9048055324001227,-0.5357656345157582,-0.8828162337175963,-1.0495008719737637,-0.7996548742607882,-0.7394662468772634,-0.09092794783573821,-1.0161329645585022,0
-0.9738162891597597,-1.1099901739376037,0.8491410419312149,-0.28556664406175414,-0.911310674287764,-1.177851894974348,-0.5674373336626071,0.2744324511807092,-1.7510820125076092,-0.45564143582820127,-0.997471732522988,-1.3806600503027906,0.9841231756854657,0
-0.2960199349169384,0.9009088760241706,-0.502969299721533,-0.27906018480319866,-0.5733475201700994,-1.177851894974348,0.38271364074285674,-1.461440576166749,-1.623521805137819,0.5763988794695595,-0.4814607612315388,0.2463866020402601,0.9841231756854657,0
-0.9738162891597597,0.9009088760241706,-0.502969299721533,0.11931831339175428,-0.911310674287764,0.9048055324001227,-0.5357656345157582,0.853056793629862,-1.6839450612603513,-0.7996548742607882,-0.997471732522988,0.821805540064022,0.9841231756854657,0
-0.46546902347764374,0.9009088760241706,-1.179024470547907,-0.2815237955904187,-0.911310674287764,-1.177851894974348,-0.3140637404878167,-1.461440576166749,0.4107278176540969,-0.2262991435398101,-0.7394662468772634,-0.9838194033898514,0.9841231756854657,0
-0.8043672005990544,-1.1099901739376037,-0.502969299721533,-0.39466038328044656,-0.911310674287764,0.9048055324001227,-0.5318066721224022,1.4316811360790147,0.1791053358510565,-0.34097028968400567,-0.4814607612315388,1.4567505751247247,0.9841231756854657,0
-1.143265377720465,-1.1099901739376037,0.8491410419312149,-0.05120777173902753,-0.911310674287764,0.9048055324001227,-0.5318066721224022,0.853056793629862,-0.005521280078902488,-0.6849837281165926,-0.4814607612315388,-1.7973427295613766,0.9841231756854657,0
-0.9738162891597597,-1.1099901739376037,-0.502969299721533,-0.27948657897790985,-0.911310674287764,-1.177851894974348,-0.4090788379283631,0.853056793629862,0.03811773823181484,-0.34097028968400567,-0.7394662468772634,1.0400678958661385,-1.0161329645585022,0
-0.8043672005990544,0.9009088760241706,-0.502969299721533,-0.2760122560728559,-0.5733475201700994,-1.177851894974348,0.06599664927436881,0.2744324511807092,-1.2979075915886182,0.23238544103697253,-0.997471732522988,0.22654456969461315,-1.0161329645585022,0
-0.8043672005990544,0.9009088760241706,0.8491410419312149,-0.9693291841532026,-0.911310674287764,0.9048055324001227,-0.527847709729046,1.4316811360790147,1.4312094766124175,2.2964660716324943,-0.997471732522988,-0.22982217425526694,-1.0161329645585022,1
-0.9738162891597597,0.9009088760241706,-1.179024470547907,-0.942940122451634,-0.911310674287764,0.9048055324001227,-0.527847709729046,1.4316811360790147,-0.3680608168140954,1.952452633199907,-0.997471732522988,0.286070666731554,-1.0161329645585022,1
-0.634918112038349,0.9009088760241706,0.8491410419312149,-0.27590170943496783,-0.7423290972289317,0.21058638994196582,-0.09236184645987515,-0.3041918912684436,-1.2979075915886182,0.003043148748581378,-0.7394662468772634,0.6829113136444932,0.9841231756854657,0
-0.9738162891597597,0.9009088760241706,1.5251962127575889,-0.8841293110951762,-0.911310674287764,0.9048055324001227,-0.527847709729046,-1.461440576166749,-1.173704231781191,1.379096902478929,-0.7394662468772634,-1.0631875327724392,-1.0161329645585022,1
-0.46546902347764374,0.9009088760241706,1.5251962127575889,-0.8761699531672346,-0.23538436605243465,0.9048055324001227,-0.527847709729046,-0.8828162337175963,1.4446368668618692,1.379096902478929,-0.997471732522988,1.694854963272488,-1.0161329645585022,1
-0.634918112038349,0.9009088760241706,-0.502969299721533,-0.28188702025776524,-0.7423290972289317,0.21058638994196582,-0.5674373336626071,1.4316811360790147,-0.0860856215756121,-0.45564143582820127,-0.997471732522988,-2.0552891500547874,0.9841231756854657,0
-0.8043672005990544,0.9009088760241706,-1.179024470547907,-0.883481823644689,-0.911310674287764,0.9048055324001227,-0.527847709729046,-0.3041918912684436,1.9515208487786668,1.379096902478929,-0.4814607612315388,0.8614896047553159,-1.0161329645585022,1
-0.9738162891597597,0.9009088760241706,1.5251962127575889,-0.2779547184243179,-0.911310674287764,-1.177851894974348,0.5410721364771007,1.4316811360790147,0.830333762949459,0.8057411717579506,-0.7394662468772634,0.2463866020402601,0.9841231756854657,0
-0.9738162891597597,-1.1099901739376037,-0.502969299721533,-0.8724429522327223,-0.911310674287764,0.9048055324001227,-0.527847709729046,-0.8828162337175963,0.001192415045823164,1.2644257563347332,-0.7394662468772634,-0.38855843302044263,-1.0161329645585022,1
-1.143265377720465,-1.1099901739376037,0.8491410419312149,-0.8542817188653951,-0.911310674287764,0.9048055324001227,-0.527847709729046,-0.8828162337175963,0.954537122756886,1.1497546101905376,-0.7394662468772634,-1.0830295651180861,-1.0161329645585022,0
-1.143265377720465,0.9009088760241706,-0.502969299721533,-0.8106789664069686,-0.7423290972289317,0.9048055324001227,-0.527847709729046,0.853056793629862,0.830333762949459,0.9204123179021463,-0.7394662468772634,0.801963507718375,-1.0161329645585022,0
-0.9738162891597597,0.9009088760241706,-0.502969299721533,-0.8106473816532863,-0.911310674287764,0.9048055324001227,-0.527847709729046,0.2744324511807092,0.5785701957722418,0.9204123179021463,-0.997471732522988,-2.134657279437375,-1.0161329645585022,0
-0.46546902347764374,-1.1099901739376037,-0.502969299721533,-0.27984980364525636,-0.911310674287764,-1.177851894974348,-0.4090788379283631,-1.461440576166749,-1.0495008719737637,-0.34097028968400567,-0.4814607612315388,0.7622794430270811,-1.0161329645585022,0
-0.8043672005990544,-1.1099901739376037,0.8491410419312149,-0.2787443372663756,-0.911310674287764,-1.177851894974348,1.0161476236798326,0.853056793629862,0.7061304031420315,1.379096902478929,-0.7394662468772634,0.5043330225336705,0.9841231756854657,0
-0.46546902347764374,-1.1099901739376037,-1.179024470547907,-0.7887591473514467,-0.5733475201700994,0.9048055324001227,-0.527847709729046,-1.461440576166749,0.9108981044461687,0.8057411717579506,-0.7394662468772634,0.3455967637684949,0.9841231756854657,0
-0.8043672005990544,0.9009088760241706,-0.502969299721533,-0.7875905114652013,-0.404365943111267,0.9048055324001227,-0.527847709729046,-0.8828162337175963,0.5114332445249834,0.8057411717579506,-0.7394662468772634,-0.2893482712922078,0.9841231756854657,0
-0.634918112038349,-1.1099901739376037,1.5251962127575889,-0.7526577738925685,-0.7423290972289317,0.9048055324001227,-0.527847709729046,0.2744324511807092,-1.3751150855229646,0.5763988794695595,-0.4814607612315388,0.9011736694466097,0.9841231756854657,0
-1.143265377720465,0.9009088760241706,-0.502969299721533,-0.27943920184738635,-0.911310674287764,-1.177851894974348,-0.5674373336626071,0.853056793629862,-1.0495008719737637,-0.45564143582820127,-0.997471732522988,-0.7853990799333818,0.9841231756854657,0
-0.9738162891597597,0.9009088760241706,0.8491410419312149,-0.7395816858680929,-0.7423290972289317,0.9048055324001227,-0.527847709729046,0.2744324511807092,1.6729025011025462,0.5763988794695595,-0.4814607612315388,-0.2893482712922078,-1.0161329645585022,1
-0.9738162891597597,-1.1099901739376037,-1.179024470547907,-0.20643104371073104,-0.911310674287764,0.9048055324001227,-0.4090788379283631,1.4316811360790147,-1.3751150855229646,-0.45564143582820127,-0.4814607612315388,-0.8052411122790287,0.9841231756854657,0
-0.634918112038349,0.9009088760241706,0.8491410419312149,-0.27618597221810864,-0.5733475201700994,-1.177851894974348,-0.9474977234247925,-0.3041918912684436,-1.2979075915886182,-0.9143260204049839,-0.997471732522988,1.0400678958661385,0.9841231756854657,0
-0.634918112038349,0.9009088760241706,-1.179024470547907,-0.1988349104501359,-0.911310674287764,0.9048055324001227,-0.4090788379283631,0.2744324511807092,-1.0495008719737637,-0.45564143582820127,-0.4814607612315388,0.20670253734896618,0.9841231756854657,0
-0.9738162891597597,0.9009088760241706,-0.502969299721533,-0.2816975117356714,-0.911310674287764,-1.177851894974348,0.8894608270924373,-0.8828162337175963,-0.005521280078902488,1.1497546101905376,-0.4814607612315388,-2.4322877646220795,0.9841231756854657,0
-0.634918112038349,0.9009088760241706,-1.179024470547907,-0.28024461306628523,-0.911310674287764,0.21058638994196582,0.06599664927436881,1.4316811360790147,1.4446368668618692,0.23238544103697253,-0.997471732522988,-1.0036614357354983,0.9841231756854657,0
-0.2960199349169384,-1.1099901739376037,0.8491410419312149,-0.2855824364385953,-0.23538436605243465,-1.177851894974348,0.06599664927436881,-0.3041918912684436,-1.0964967378468442,0.23238544103697253,-0.7394662468772634,-1.8370267942526706,0.9841231756854657,0
-0.9738162891597597,0.9009088760241706,0.8491410419312149,-0.18293198697109375,-0.23538436605243465,0.9048055324001227,-0.4090788379283631,-1.461440576166749,0.11868207972852446,-0.45564143582820127,-0.997471732522988,-0.6663468858595001,-1.0161329645585022,0
-1.143265377720465,-1.1099901739376037,1.5251962127575889,-0.39036485677965266,-0.911310674287764,-1.177851894974348,-0.2507203421941191,-1.461440576166749,1.4446368668618692,0.003043148748581378,-0.7394662468772634,-2.154499311783022,-1.0161329645585022,1
-0.634918112038349,0.9009088760241706,-1.179024470547907,-0.18596412332459533,-0.911310674287764,0.9048055324001227,-0.4090788379283631,1.4316811360790147,-0.811164695045998,-0.45564143582820127,-0.7394662468772634,1.3972244780877838,0.9841231756854657,0
-0.634918112038349,-1.1099901739376037,1.5251962127575889,-0.2819028126346064,-0.911310674287764,-1.177851894974348,-0.17154109432699713,-0.3041918912684436,-0.6936750303632967,0.003043148748581378,-0.7394662468772634,1.0202258635204915,-1.0161329645585022,0
-0.2960199349169384,-1.1099901739376037,-0.502969299721533,-0.18413220761102145,-0.23538436605243465,0.9048055324001227,-0.4090788379283631,0.853056793629862,-0.6500360120525788,-0.45564143582820127,-0.7394662468772634,-0.6068207888225592,0.9841231756854657,0
-0.46546902347764374,-1.1099901739376037,-0.502969299721533,-0.2941103199328185,-0.911310674287764,0.9048055324001227,-0.4090788379283631,0.2744324511807092,1.5319149034833046,-0.34097028968400567,-0.7394662468772634,0.18686050500331922,-1.0161329645585022,1
-0.46546902347764374,0.9009088760241706,0.8491410419312149,-0.18226870714376528,-0.23538436605243465,0.9048055324001227,-0.4090788379283631,0.2744324511807092,1.0787404825643134,-0.45564143582820127,-0.4814607612315388,-0.8647672093159696,0.9841231756854657,0
-0.8043672005990544,0.9009088760241706,-0.502969299721533,-0.144319625594472,-0.911310674287764,0.9048055324001227,-0.4090788379283631,0.853056793629862,0.6826324702054911,-0.45564143582820127,-0.4814607612315388,0.8614896047553159,-1.0161329645585022,0
-0.8043672005990544,-1.1099901739376037,-0.502969299721533,-0.25805632360446373,-0.7423290972289317,0.9048055324001227,-0.4090788379283631,0.2744324511807092,0.954537122756886,-0.34097028968400567,-0.4814607612315388,0.08765034327508442,-1.0161329645585022,1
-0.634918112038349,-1.1099901739376037,-1.179024470547907,-0.27983401126841523,-0.23538436605243465,-1.177851894974348,-0.2507203421941191,-0.8828162337175963,-0.015591822765990965,-0.11162799739561437,-0.7394662468772634,0.7027533459901402,0.9841231756854657,0
-0.2960199349169384,-1.1099901739376037,-0.502969299721533,-0.11301913469530461,-0.5733475201700994,0.9048055324001227,-0.4090788379283631,-1.461440576166749,0.8336906105118219,-0.45564143582820127,-0.997471732522988,0.46464895784237664,-1.0161329645585022,0
-0.634918112038349,0.9009088760241706,1.5251962127575889,-0.2746699040413578,-0.911310674287764,-1.177851894974348,-1.2008713165995828,-0.3041918912684436,0.665848232393677,-1.2583394588375707,-0.4814607612315388,0.9805417988291976,0.9841231756854657,0
-0.8043672005990544,0.9009088760241706,0.8491410419312149,-0.27882329915058135,-0.23538436605243465,-1.177851894974348,0.8577891279455886,-0.8828162337175963,0.7229146409538463,1.1497546101905376,-0.4814607612315388,-0.4877685947486774,-1.0161329645585022,0
-0.9738162891597597,-1.1099901739376037,-1.179024470547907,-0.11518269032254273,-0.7423290972289317,0.9048055324001227,-0.4090788379283631,0.853056793629862,1.223084927745918,-0.45564143582820127,-0.997471732522988,-0.22982217425526694,0.9841231756854657,0
-0.8043672005990544,0.9009088760241706,-0.502969299721533,-0.11012912973337342,-0.7423290972289317,0.9048055324001227,-0.4090788379283631,-1.461440576166749,-1.6705176710108995,-0.45564143582820127,-0.7394662468772634,-0.7060309505507939,-1.0161329645585022,0
-0.634918112038349,0.9009088760241706,-1.179024470547907,-0.27496995920133976,-0.5733475201700994,-1.177851894974348,0.5410721364771007,-0.8828162337175963,-0.018948670328354386,0.8057411717579506,-0.997471732522988,-0.2893482712922078,-1.0161329645585022,0
-0.46546902347764374,-1.1099901739376037,1.5251962127575889,-0.2267716250821375,0.10257878806523006,0.9048055324001227,-0.4090788379283631,-1.461440576166749,3.018998373610068,-0.34097028968400567,-0.7394662468772634,-0.6266628211682062,-1.0161329645585022,1
-0.9738162891597597,0.9009088760241706,0.8491410419312149,-0.2756016542749859,-0.5733475201700994,-1.177851894974348,0.9369683758127106,1.4316811360790147,-0.005521280078902488,1.2644257563347332,-0.7394662468772634,-0.22982217425526694,-1.0161329645585022,0
-0.634918112038349,-1.1099901739376037,0.8491410419312149,-0.22569774345693902,-0.404365943111267,0.9048055324001227,-0.4090788379283631,-1.461440576166749,1.6729025011025462,-0.34097028968400567,-0.7394662468772634,0.801963507718375,-1.0161329645585022,1
-0.46546902347764374,0.9009088760241706,-1.179024470547907,-0.10763393419247108,-0.404365943111267,0.9048055324001227,-0.4090788379283631,1.4316811360790147,1.5486991412951188,-0.45564143582820127,-0.4814607612315388,1.0797519605574324,0.9841231756854657,0
-0.46546902347764374,0.9009088760241706,-1.179024470547907,-0.10648109068306683,-0.5733475201700994,0.9048055324001227,-0.4090788379283631,-0.3041918912684436,-1.371758237960602,-0.45564143582820127,-0.997471732522988,-0.22982217425526694,0.9841231756854657,0
-0.8043672005990544,-1.1099901739376037,-1.179024470547907,-0.1048386834915868,-0.911310674287764,0.9048055324001227,-0.4090788379283631,-1.461440576166749,-1.7510820125076092,-0.45564143582820127,-0.7394662468772634,1.1789621222856672,-1.0161329645585022,0
-0.2960199349169384,0.9009088760241706,-0.502969299721533,-0.10725491714828338,-0.23538436605243465,0.9048055324001227,-0.4090788379283631,0.2744324511807092,-1.3751150855229646,-0.45564143582820127,-0.997471732522988,0.286070666731554,0.9841231756854657,0
-0.46546902347764374,-1.1099901739376037,-0.502969299721533,-0.27528580673816283,-0.5733475201700994,-1.177851894974348,0.22435514500861276,1.4316811360790147,-1.6839450612603513,0.4617277333253637,-0.7394662468772634,0.3654387961141419,0.9841231756854657,0
-0.46546902347764374,0.9009088760241706,-1.179024470547907,-0.10845513778821109,-0.7423290972289317,0.9048055324001227,-0.4090788379283631,0.2744324511807092,-0.5896127559300467,-0.45564143582820127,-0.997471732522988,0.4844909901880236,0.9841231756854657,0
-0.634918112038349,-1.1099901739376037,0.8491410419312149,-0.11292438043425769,-0.404365943111267,0.9048055324001227,-0.4090788379283631,-0.8828162337175963,-1.4993184453303918,-0.45564143582820127,-0.4814607612315388,0.16701847265767225,-1.0161329645585022,0
-0.9738162891597597,-1.1099901739376037,0.8491410419312149,-0.27242738652991394,-0.404365943111267,0.21058638994196582,0.25602684415546156,0.853056793629862,1.4446368668618692,0.4617277333253637,-0.7394662468772634,-0.6068207888225592,0.9841231756854657,0
-0.46546902347764374,0.9009088760241706,-1.179024470547907,-0.1112030113585719,-0.5733475201700994,0.9048055324001227,-0.4090788379283631,0.2744324511807092,-0.21700267650776528,-0.45564143582820127,-0.4814607612315388,0.46464895784237664,0.9841231756854657,0
-0.8043672005990544,0.9009088760241706,-0.502969299721533,-0.2787759220200579,-0.911310674287764,-1.177851894974348,1.6495816066168083,1.4316811360790147,-0.21364582894540246,2.0671237793441026,-0.7394662468772634,0.46464895784237664,0.9841231756854657,0
-0.9738162891597597,-1.1099901739376037,0.8491410419312149,-0.1104449772701965,-0.7423290972289317,0.9048055324001227,-0.4090788379283631,-0.8828162337175963,-1.3751150855229646,-0.45564143582820127,-0.997471732522988,1.1392780575943733,-1.0161329645585022,0
-0.9738162891597597,0.9009088760241706,0.8491410419312149,-0.10730229427880685,-0.911310674287764,0.9048055324001227,-0.4090788379283631,0.2744324511807092,-0.34120603631519225,-0.45564143582820127,-0.4814607612315388,-2.789444346843725,0.9841231756854657,0
-0.9738162891597597,0.9009088760241706,-0.502969299721533,-0.22280773849500782,-0.911310674287764,0.9048055324001227,-0.4090788379283631,0.2744324511807092,1.327147202179168,-0.34097028968400567,-0.4814607612315388,0.821805540064022,-1.0161329645585022,1
-0.634918112038349,-1.1099901739376037,-1.179024470547907,-0.11175574454801229,-0.5733475201700994,0.9048055324001227,-0.4090788379283631,1.4316811360790147,-1.0495008719737637,-0.45564143582820127,-0.7394662468772634,-1.6386064707962011,-1.0161329645585022,0
-0.9738162891597597,0.9009088760241706,0.8491410419312149,-0.22312358603183088,-0.911310674287764,0.9048055324001227,-0.4090788379283631,0.853056793629862,1.327147202179168,-0.34097028968400567,-0.7394662468772634,-3.8807561258543073,-1.0161329645585022,1
-0.634918112038349,0.9009088760241706,-1.179024470547907,-0.10894470147028687,-0.5733475201700994,0.9048055324001227,-0.4090788379283631,-0.8828162337175963,-0.5661148229935064,-0.45564143582820127,-0.7394662468772634,0.7027533459901402,0.9841231756854657,0
-0.634918112038349,-1.1099901739376037,-1.179024470547907,-0.10243824221173138,-0.06640278899360229,0.9048055324001227,-0.4090788379283631,1.4316811360790147,-0.811164695045998,-0.45564143582820127,-0.7394662468772634,-0.8250831446246757,-1.0161329645585022,0
-0.634918112038349,0.9009088760241706,-0.502969299721533,-0.2656366644882177,-0.911310674287764,-1.177851894974348,0.38271364074285674,0.2744324511807092,-1.0495008719737637,0.5763988794695595,-0.997471732522988,-1.8965528912896115,-1.0161329645585022,0
-0.9738162891597597,0.9009088760241706,0.8491410419312149,-0.2698848138584881,-0.911310674287764,-1.177851894974348,-1.042512820865339,0.2744324511807092,0.27645391515958084,-1.0289971665491795,-0.997471732522988,0.26622863438590705,0.9841231756854657,0
-0.8043672005990544,-1.1099901739376037,0.8491410419312149,-0.38523233430627757,-0.911310674287764,-1.177851894974348,-0.8208109268373974,-1.461440576166749,0.7229146409538463,-0.6849837281165926,-0.7394662468772634,-2.4521297969677263,-1.0161329645585022,1
-0.46546902347764374,0.9009088760241706,-1.179024470547907,-0.2643258972104019,-0.404365943111267,-1.177851894974348,0.6677589330644959,-0.8828162337175963,-0.21028898138303903,0.9204123179021463,-0.4814607612315388,-0.7457150152420878,0.9841231756854657,0
-0.9738162891597597,0.9009088760241706,0.8491410419312149,-0.09948506774243557,-0.23538436605243465,0.9048055324001227,-0.4090788379283631,-1.461440576166749,0.6154955189582334,-0.45564143582820127,-0.997471732522988,-1.12271362980938,-1.0161329645585022,0
-0.2960199349169384,-1.1099901739376037,0.8491410419312149,-0.27514367534659245,-0.23538436605243465,0.21058638994196582,0.8577891279455886,-0.3041918912684436,-1.371758237960602,1.1497546101905376,-0.997471732522988,-0.2893482712922078,0.9841231756854657,0
-0.634918112038349,-1.1099901739376037,-0.502969299721533,-0.2681792371596435,-0.23538436605243465,-1.177851894974348,-0.5199297849423339,1.4316811360790147,-1.7510820125076092,-0.45564143582820127,-0.7394662468772634,-2.134657279437375,0.9841231756854657,0
-0.8043672005990544,0.9009088760241706,0.8491410419312149,-0.07235376432933285,-0.911310674287764,0.9048055324001227,-0.4090788379283631,0.853056793629862,-0.3680608168140954,-0.570312581972397,-0.4814607612315388,-1.2814498885745558,0.9841231756854657,0
-0.2960199349169384,0.9009088760241706,-0.502969299721533,-0.2724115941530728,0.10257878806523006,-1.177851894974348,0.22435514500861276,1.4316811360790147,0.001192415045823164,0.4617277333253637,-0.7394662468772634,0.38528082845978884,0.9841231756854657,0
-0.2960199349169384,0.9009088760241706,1.5251962127575889,-0.26740541069442697,-0.06640278899360229,-1.177851894974348,0.0026532509806712224,-0.3041918912684436,1.4110683912382405,0.1177142948927768,-0.4814607612315388,-1.7378166325244357,0.9841231756854657,0
-0.634918112038349,0.9009088760241706,-0.502969299721533,-0.2656050797345354,-0.5733475201700994,-1.177851894974348,-0.8841543251310949,0.2744324511807092,-1.173704231781191,-0.9143260204049839,-0.997471732522988,0.5837011519162584,-1.0161329645585022,0
-0.9738162891597597,-1.1099901739376037,-1.179024470547907,-0.27021645377215237,-0.911310674287764,-1.177851894974348,-0.3298995900612411,-0.8828162337175963,-0.37813135950118393,-0.2262991435398101,-0.7394662468772634,0.5043330225336705,0.9841231756854657,0
-0.46546902347764374,-1.1099901739376037,-0.502969299721533,-0.07557540920492828,-0.7423290972289317,0.9048055324001227,-0.4090788379283631,-1.461440576166749,-1.1804179269059165,-0.570312581972397,-0.4814607612315388,-0.6465048535138531,0.9841231756854657,0
-0.8043672005990544,0.9009088760241706,0.8491410419312149,-0.07132725983465783,-0.911310674287764,0.9048055324001227,-0.4090788379283631,0.2744324511807092,0.001192415045823164,-0.570312581972397,-0.997471732522988,-1.142555662155027,-1.0161329645585022,0
-0.8043672005990544,-1.1099901739376037,0.8491410419312149,-0.26775284298493235,-0.911310674287764,-1.177851894974348,-0.3774071387815143,-0.8828162337175963,-0.11965409719924096,-0.34097028968400567,-0.7394662468772634,-2.194183376474316,0.9841231756854657,0
-0.2960199349169384,0.9009088760241706,-1.179024470547907,-0.05076558518747522,-0.06640278899360229,0.9048055324001227,-0.4090788379283631,1.4316811360790147,1.286865031430813,-0.570312581972397,-0.997471732522988,1.5758027691986063,-1.0161329645585022,0
-0.9738162891597597,-1.1099901739376037,-0.502969299721533,-0.033646648691664185,-0.7423290972289317,0.9048055324001227,-0.4090788379283631,-0.8828162337175963,-1.7510820125076092,-0.570312581972397,-0.7394662468772634,0.4844909901880236,-1.0161329645585022,0
-0.9738162891597597,-1.1099901739376037,-0.502969299721533,-0.26699480889655697,-0.23538436605243465,-1.177851894974348,-0.8524826259842462,-0.8828162337175963,-0.1397951825734185,-0.7996548742607882,-0.7394662468772634,0.5440170872249644,-1.0161329645585022,0
-0.8043672005990544,0.9009088760241706,0.8491410419312149,-0.26173594740845263,-0.7423290972289317,-1.177851894974348,-0.7257958293968509,-1.461440576166749,-0.1397951825734185,-0.6849837281165926,-0.7394662468772634,-2.114815247091728,-1.0161329645585022,0
-0.8043672005990544,0.9009088760241706,-1.179024470547907,-0.01965460281040167,-0.7423290972289317,0.9048055324001227,-0.4090788379283631,0.2744324511807092,0.2865244578466693,-0.570312581972397,-0.7394662468772634,-0.5472946917856183,-1.0161329645585022,0
-0.46546902347764374,0.9009088760241706,-1.179024470547907,-0.01807536512628626,-0.5733475201700994,0.9048055324001227,-0.4090788379283631,0.853056793629862,0.5785701957722418,-0.570312581972397,-0.997471732522988,0.4844909901880236,0.9841231756854657,0
-0.9738162891597597,-1.1099901739376037,0.8491410419312149,-0.013574537726557345,-0.911310674287764,0.9048055324001227,-0.4090788379283631,-0.8828162337175963,1.0955247203761276,-0.570312581972397,-0.4814607612315388,-0.20998014190961997,0.9841231756854657,0
-0.9738162891597597,-1.1099901739376037,0.8491410419312149,-0.2690951950164304,-0.911310674287764,-1.177851894974348,-0.4090788379283631,1.4316811360790147,0.6624913848313142,-0.34097028968400567,-0.997471732522988,-0.4877685947486774,-1.0161329645585022,0
-0.9738162891597597,-1.1099901739376037,0.8491410419312149,-0.016053940890618536,-0.5733475201700994,0.9048055324001227,-0.4090788379283631,-0.8828162337175963,1.6729025011025462,-0.570312581972397,-0.7394662468772634,-0.5671367241312653,-1.0161329645585022,0
-0.46546902347764374,0.9009088760241706,-0.502969299721533,-0.2655734949808531,-0.23538436605243465,0.21058638994196582,-0.5674373336626071,1.4316811360790147,0.001192415045823164,-0.45564143582820127,-0.4814607612315388,-0.011559818453150373,0.9841231756854657,0
-0.9738162891597597,-1.1099901739376037,-1.179024470547907,-0.016243449412712385,-0.7423290972289317,0.9048055324001227,-0.4090788379283631,-1.461440576166749,0.665848232393677,-0.570312581972397,-0.997471732522988,-2.23386744116561,0.9841231756854657,0
-0.2960199349169384,0.9009088760241706,-1.179024470547907,-0.2654155712124415,-0.911310674287764,0.21058638994196582,0.8577891279455886,-0.3041918912684436,-0.37813135950118393,1.1497546101905376,-0.7394662468772634,-1.7775006972157297,0.9841231756854657,0
-0.634918112038349,0.9009088760241706,-0.502969299721533,-0.2643732743409254,0.10257878806523006,0.21058638994196582,1.6495816066168083,1.4316811360790147,0.6255660616453219,2.0671237793441026,-0.4814607612315388,-0.051243883144444294,0.9841231756854657,0
-0.2960199349169384,-1.1099901739376037,-1.179024470547907,-0.008726278036323042,-0.404365943111267,0.9048055324001227,-0.4090788379283631,-0.8828162337175963,0.001192415045823164,-0.570312581972397,-0.997471732522988,0.5043330225336705,-1.0161329645585022,0
-0.8043672005990544,-1.1099901739376037,-0.502969299721533,-0.016117110397983154,-0.7423290972289317,0.9048055324001227,-0.4090788379283631,-0.8828162337175963,-0.0860856215756121,-0.570312581972397,-0.4814607612315388,-2.4124457322764323,0.9841231756854657,0
-0.46546902347764374,0.9009088760241706,-1.179024470547907,-0.27394345470666476,0.10257878806523006,-1.177851894974348,0.38271364074285674,-0.3041918912684436,-0.21364582894540246,0.5763988794695595,-0.4814607612315388,0.38528082845978884,-1.0161329645585022,0
-0.46546902347764374,0.9009088760241706,1.5251962127575889,-0.26325201558520345,-0.404365943111267,-1.177851894974348,-0.8841543251310949,0.853056793629862,1.6729025011025462,-0.9143260204049839,-0.4814607612315388,0.8614896047553159,0.9841231756854657,0
-0.2960199349169384,0.9009088760241706,-0.502969299721533,-0.2628887909178569,-0.7423290972289317,0.21058638994196582,0.5727438356239495,-0.3041918912684436,-1.173704231781191,0.8057411717579506,-0.4814607612315388,1.1392780575943733,-1.0161329645585022,0
-0.9738162891597597,0.9009088760241706,-1.179024470547907,-0.2661736053008169,-0.911310674287764,-1.177851894974348,-0.3774071387815143,-0.8828162337175963,0.23617174441122635,-0.34097028968400567,-0.7394662468772634,0.40512286080543575,0.9841231756854657,0
-1.143265377720465,-1.1099901739376037,-1.179024470547907,-0.26791076675334385,-0.911310674287764,-1.177851894974348,-0.7257958293968509,1.4316811360790147,-0.34120603631519225,-0.6849837281165926,-0.7394662468772634,1.317856348705196,0.9841231756854657,0
-0.634918112038349,0.9009088760241706,-1.179024470547907,-0.013764046248651195,-0.5733475201700994,0.9048055324001227,-0.4090788379283631,-1.461440576166749,0.27645391515958084,-0.570312581972397,-0.997471732522988,0.7027533459901402,-1.0161329645585022,0
-0.8043672005990544,-1.1099901739376037,-1.179024470547907,-0.26571562637242346,-0.911310674287764,-1.177851894974348,0.06599664927436881,0.2744324511807092,-0.811164695045998,0.23238544103697253,-0.997471732522988,0.40512286080543575,0.9841231756854657,0
-0.8043672005990544,-1.1099901739376037,-1.179024470547907,-0.0164803350653297,-0.911310674287764,0.9048055324001227,-0.4090788379283631,1.4316811360790147,-0.0995130118250634,-0.570312581972397,-0.997471732522988,0.821805540064022,0.9841231756854657,0
-1.143265377720465,0.9009088760241706,0.8491410419312149,-0.018249081271538955,-0.911310674287764,0.9048055324001227,-0.4090788379283631,1.4316811360790147,0.001192415045823164,-0.570312581972397,-0.4814607612315388,-1.2616078562289088,-1.0161329645585022,0
-0.9738162891597597,-1.1099901739376037,0.8491410419312149,-0.2670106012733981,-0.911310674287764,-1.177851894974348,0.715266481784769,1.4316811360790147,0.16232109803924238,0.9204123179021463,-0.997471732522988,0.4249648931510827,0.9841231756854657,0
-0.8043672005990544,0.9009088760241706,-0.502969299721533,0.006276479962773339,-0.911310674287764,0.9048055324001227,-0.4090788379283631,-0.8828162337175963,-1.1233515183457474,-0.570312581972397,-0.7394662468772634,-2.075131182400434,0.9841231756854657,0
-0.634918112038349,-1.1099901739376037,0.8491410419312149,-0.25969873079594374,-0.911310674287764,-1.177851894974348,0.8577891279455886,0.853056793629862,0.9981761410676039,1.1497546101905376,-0.7394662468772634,-0.6068207888225592,-1.0161329645585022,0
-0.9738162891597597,0.9009088760241706,-1.179024470547907,0.006829213152213732,-0.5733475201700994,0.9048055324001227,-0.4090788379283631,-0.8828162337175963,-0.34120603631519225,-0.570312581972397,-0.4814607612315388,-0.40840046536608954,-1.0161329645585022,0
-0.634918112038349,0.9009088760241706,-0.502969299721533,-0.2633309774694092,-0.911310674287764,-1.177851894974348,-0.4090788379283631,0.853056793629862,-1.1804179269059165,-0.34097028968400567,-0.7394662468772634,0.9606997664835506,-1.0161329645585022,0
-0.634918112038349,0.9009088760241706,-0.502969299721533,0.00038592340102286524,-0.7423290972289317,0.9048055324001227,-0.4090788379283631,1.4316811360790147,0.16232109803924238,-0.570312581972397,-0.7394662468772634,0.801963507718375,0.9841231756854657,0
-0.634918112038349,0.9009088760241706,-0.502969299721533,-0.1119926302006296,-0.911310674287764,0.9048055324001227,-0.4090788379283631,-0.8828162337175963,-1.173704231781191,-0.45564143582820127,-0.4814607612315388,0.5837011519162584,-1.0161329645585022,1
-1.143265377720465,0.9009088760241706,0.8491410419312149,-0.26077261242114225,-0.911310674287764,-1.177851894974348,1.3328646151483206,-0.8828162337175963,-0.8447331706696268,1.6084391947673204,-0.997471732522988,-0.30919030363785477,0.9841231756854657,0
-0.2960199349169384,0.9009088760241706,-1.179024470547907,-0.2548978482362329,-0.404365943111267,-1.177851894974348,1.3328646151483206,-1.461440576166749,-0.8447331706696268,1.6084391947673204,-0.7394662468772634,-1.5195542767223194,0.9841231756854657,0
-0.8043672005990544,0.9009088760241706,0.8491410419312149,-0.2643416895872431,-0.911310674287764,-1.177851894974348,-0.7257958293968509,0.853056793629862,-1.371758237960602,-0.6849837281165926,-0.7394662468772634,-0.051243883144444294,0.9841231756854657,0
-0.634918112038349,-1.1099901739376037,0.8491410419312149,-0.2620202101915934,-0.7423290972289317,-1.177851894974348,0.38271364074285674,0.853056793629862,-0.08944246913797492,0.5763988794695595,-0.7394662468772634,-0.46792656240303043,-1.0161329645585022,0
-0.46546902347764374,-1.1099901739376037,0.8491410419312149,0.018989343319902378,-0.911310674287764,0.9048055324001227,-0.4090788379283631,-0.8828162337175963,-0.6936750303632967,-0.570312581972397,-0.4814607612315388,0.782121475372728,-1.0161329645585022,0
-0.46546902347764374,-1.1099901739376037,-1.179024470547907,-0.3738144458501232,-0.7423290972289317,-1.177851894974348,0.22435514500861276,-0.3041918912684436,0.561785957960427,0.6910700256137552,-0.997471732522988,-0.9639773710442044,-1.0161329645585022,1
-0.2960199349169384,-1.1099901739376037,-0.502969299721533,0.024737768490082464,-0.23538436605243465,0.9048055324001227,-0.4090788379283631,0.2744324511807092,-0.707102420612748,-0.570312581972397,-0.997471732522988,0.8416475724096689,-1.0161329645585022,0
-0.8043672005990544,-1.1099901739376037,0.8491410419312149,0.039866865503908076,-0.911310674287764,0.9048055324001227,-0.4090788379283631,-0.8828162337175963,-1.4724636648314886,-0.6849837281165926,-0.4814607612315388,-0.20998014190961997,-1.0161329645585022,0
-0.9738162891597597,-1.1099901739376037,-1.179024470547907,-0.25663500968875985,-0.911310674287764,0.21058638994196582,-0.18737694390042153,1.4316811360790147,0.6624913848313142,-0.11162799739561437,-0.4814607612315388,-0.4282424977117365,0.9841231756854657,0
-0.8043672005990544,-1.1099901739376037,-1.179024470547907,0.05306929254311289,-0.911310674287764,0.9048055324001227,-0.4090788379283631,1.4316811360790147,0.5114332445249834,-0.6849837281165926,-0.4814607612315388,-1.202081759191968,0.9841231756854657,0
-0.46546902347764374,0.9009088760241706,-0.502969299721533,0.06925647880529583,-0.5733475201700994,0.9048055324001227,-0.4090788379283631,0.2744324511807092,-0.07601507888852362,-0.6849837281165926,-0.7394662468772634,1.337698381050843,0.9841231756854657,0
-0.9738162891597597,-1.1099901739376037,0.8491410419312149,-0.2175172922532212,-0.911310674287764,0.9048055324001227,-0.4090788379283631,0.2744324511807092,0.001192415045823164,-0.34097028968400567,-0.997471732522988,0.9606997664835506,-1.0161329645585022,1
-0.46546902347764374,-1.1099901739376037,0.8491410419312149,-0.2611042523348065,-0.23538436605243465,-1.177851894974348,-0.4090788379283631,1.4316811360790147,0.001192415045823164,-0.34097028968400567,-0.7394662468772634,0.7424374106814341,-1.0161329645585022,0
-0.46546902347764374,-1.1099901739376037,-0.502969299721533,0.07893720580892329,-0.7423290972289317,0.9048055324001227,-0.4090788379283631,0.2744324511807092,0.9343960373827085,-0.6849837281165926,-0.7394662468772634,-1.2219237915376149,0.9841231756854657,0
-0.9738162891597597,0.9009088760241706,0.8491410419312149,-0.261467477002153,-0.911310674287764,-1.177851894974348,-0.5674373336626071,0.853056793629862,-1.0495008719737637,-0.570312581972397,-0.4814607612315388,0.008282213892496587,0.9841231756854657,0
-0.46546902347764374,-1.1099901739376037,-1.179024470547907,0.085570004082208,-0.911310674287764,0.9048055324001227,-0.4090788379283631,-0.3041918912684436,-1.2475548781531747,-0.6849837281165926,-0.4814607612315388,-0.07108591549009124,0.9841231756854657,0
-0.9738162891597597,-1.1099901739376037,0.8491410419312149,-0.2587669805623157,-0.911310674287764,0.21058638994196582,-0.5674373336626071,1.4316811360790147,-0.0860856215756121,-0.570312581972397,-0.997471732522988,-0.26950623894656084,0.9841231756854657,0
-0.9738162891597597,0.9009088760241706,-1.179024470547907,-0.25767730656027604,-0.911310674287764,-1.177851894974348,0.0026532509806712224,-0.8828162337175963,-1.2979075915886182,0.1177142948927768,-0.4814607612315388,-0.03140185079879733,0.9841231756854657,0
-0.8043672005990544,0.9009088760241706,1.5251962127575889,0.1174548129244981,-0.404365943111267,0.9048055324001227,-0.4090788379283631,0.2744324511807092,-1.0427871768490378,-0.6849837281165926,-0.997471732522988,0.22654456969461315,0.9841231756854657,0
-0.8043672005990544,0.9009088760241706,0.8491410419312149,0.12105547484428122,-0.911310674287764,0.9048055324001227,-0.4090788379283631,-0.8828162337175963,0.7061304031420315,-0.6849837281165926,-0.4814607612315388,0.6035431842619053,-1.0161329645585022,0
-0.2960199349169384,0.9009088760241706,0.8491410419312149,0.11911301249281928,-0.06640278899360229,0.9048055324001227,-0.4090788379283631,0.853056793629862,-0.5661148229935064,-0.6849837281165926,-0.997471732522988,-0.7060309505507939,0.9841231756854657,0
-0.8043672005990544,0.9009088760241706,-1.179024470547907,0.010319328434108785,-0.7423290972289317,0.9048055324001227,-0.4090788379283631,1.4316811360790147,2.02537149515065,-0.570312581972397,-0.4814607612315388,0.4448069254967297,-1.0161329645585022,1
-1.143265377720465,-1.1099901739376037,-0.502969299721533,-0.37477778083743357,-0.911310674287764,-1.177851894974348,1.1745061194140765,-0.8828162337175963,0.7229146409538463,1.8377814870557112,-0.4814607612315388,-1.7576586648700827,-1.0161329645585022,1
-0.46546902347764374,-1.1099901739376037,0.8491410419312149,0.13379992295509258,-0.5733475201700994,0.9048055324001227,-0.4090788379283631,-0.3041918912684436,1.286865031430813,-0.6849837281165926,-0.997471732522988,-0.5671367241312653,-1.0161329645585022,0
-0.2960199349169384,0.9009088760241706,0.8491410419312149,-0.26446802860197227,-0.23538436605243465,-1.177851894974348,-1.2800505644667048,0.853056793629862,-0.43855461562371656,-1.3730106049817663,-0.7394662468772634,-2.3330776028938445,0.9841231756854657,0
-0.8043672005990544,0.9009088760241706,-0.502969299721533,0.17557075969994512,-0.911310674287764,0.9048055324001227,-0.4090788379283631,0.853056793629862,-1.6805882136979884,-0.6849837281165926,-0.7394662468772634,1.278172284013902,0.9841231756854657,0
-0.2960199349169384,-1.1099901739376037,-1.179024470547907,0.17463900946631702,0.10257878806523006,0.9048055324001227,-0.4090788379283631,-1.461440576166749,-0.707102420612748,-0.6849837281165926,-0.4814607612315388,0.821805540064022,-1.0161329645585022,0
-0.46546902347764374,-1.1099901739376037,0.8491410419312149,0.17301239465167817,-0.911310674287764,0.9048055324001227,-0.4090788379283631,0.2744324511807092,-1.1804179269059165,-0.6849837281165926,-0.997471732522988,-0.5274526594399713,-1.0161329645585022,0
-0.634918112038349,-1.1099901739376037,-0.502969299721533,0.177197374514584,-0.23538436605243465,0.9048055324001227,-0.4090788379283631,-0.3041918912684436,-0.08944246913797492,-0.6849837281165926,-0.7394662468772634,0.46464895784237664,0.9841231756854657,0
-0.8043672005990544,0.9009088760241706,-0.502969299721533,-0.37517259025846245,-0.5733475201700994,-1.177851894974348,-0.013182598592753173,0.853056793629862,0.5651428055227898,0.3470565871811683,-0.4814607612315388,-0.8250831446246757,-1.0161329645585022,1
-0.9738162891597597,0.9009088760241706,-0.502969299721533,0.17620245477359128,-0.911310674287764,0.9048055324001227,-0.4090788379283631,-0.8828162337175963,-0.005521280078902488,-0.6849837281165926,-0.997471732522988,0.782121475372728,0.9841231756854657,0
-0.9738162891597597,-1.1099901739376037,-1.179024470547907,-0.2582300397497164,-0.911310674287764,-1.177851894974348,0.38271364074285674,1.4316811360790147,-1.4724636648314886,0.5763988794695595,-0.7394662468772634,-0.9044512740072636,0.9841231756854657,0
-0.8043672005990544,-1.1099901739376037,0.8491410419312149,0.1896891445959369,-0.7423290972289317,0.9048055324001227,-0.4090788379283631,0.853056793629862,-1.4993184453303918,-0.6849837281165926,-0.997471732522988,0.7622794430270811,-1.0161329645585022,0
-0.9738162891597597,0.9009088760241706,-1.179024470547907,0.19861183751118894,-0.911310674287764,0.9048055324001227,-0.4090788379283631,-0.8828162337175963,0.03811773823181484,-0.6849837281165926,-0.997471732522988,0.5837011519162584,-1.0161329645585022,0
-0.9738162891597597,0.9009088760241706,-0.502969299721533,-0.26509972367561846,-0.911310674287764,-1.177851894974348,-0.5674373336626071,-0.8828162337175963,-1.0427871768490378,-0.45564143582820127,-0.4814607612315388,0.22654456969461315,0.9841231756854657,0
-0.634918112038349,-1.1099901739376037,1.5251962127575889,0.24183557292542768,-0.911310674287764,0.9048055324001227,-0.4090788379283631,1.4316811360790147,-1.6705176710108995,-0.7996548742607882,-0.7394662468772634,-1.162397694500674,0.9841231756854657,0
-0.634918112038349,0.9009088760241706,0.8491410419312149,-0.261878078800023,-0.911310674287764,-1.177851894974348,1.3328646151483206,-0.8828162337175963,0.23617174441122635,1.6084391947673204,-0.7394662468772634,0.12733440796637835,-1.0161329645585022,0
-0.634918112038349,-1.1099901739376037,-1.179024470547907,0.2529534062216001,-0.23538436605243465,0.9048055324001227,-0.4090788379283631,0.853056793629862,0.5147900920873463,-0.7996548742607882,-0.7394662468772634,0.08765034327508442,-1.0161329645585022,0
-0.9738162891597597,0.9009088760241706,0.8491410419312149,0.26740343103125613,-0.7423290972289317,0.9048055324001227,-0.4090788379283631,-1.461440576166749,-1.4724636648314886,-0.7996548742607882,-0.7394662468772634,-2.829128411535019,0.9841231756854657,0
-0.8043672005990544,0.9009088760241706,0.8491410419312149,0.1646424349258665,-0.911310674287764,0.9048055324001227,-0.4090788379283631,-0.3041918912684436,-1.6705176710108995,-0.6849837281165926,-0.7394662468772634,-1.3608180179571436,-1.0161329645585022,1
-0.9738162891597597,0.9009088760241706,-1.179024470547907,0.27011971984793465,-0.911310674287764,0.9048055324001227,-0.4090788379283631,0.853056793629862,-1.173704231781191,-0.7996548742607882,-0.997471732522988,0.3455967637684949,-1.0161329645585022,0
-0.8043672005990544,-1.1099901739376037,0.8491410419312149,0.26970911805006464,-0.911310674287764,0.9048055324001227,-0.4090788379283631,1.4316811360790147,-1.2979075915886182,-0.7996548742607882,-0.997471732522988,0.782121475372728,-1.0161329645585022,0
-0.2960199349169384,0.9009088760241706,-1.179024470547907,0.27504694142237474,0.10257878806523006,0.9048055324001227,-0.4090788379283631,1.4316811360790147,-0.11965409719924096,-0.7996548742607882,-0.997471732522988,-0.9441353386985575,-1.0161329645585022,0
-0.8043672005990544,0.9009088760241706,-0.502969299721533,-0.2629203756715392,-0.911310674287764,-1.177851894974348,0.5094004373302519,-0.8828162337175963,-0.11965409719924096,0.6910700256137552,-0.997471732522988,-0.686188918205147,0.9841231756854657,0
-0.8043672005990544,-1.1099901739376037,-1.179024470547907,-0.26355207074518533,-0.5733475201700994,0.21058638994196582,-0.5674373336626071,-0.8828162337175963,0.001192415045823164,-0.570312581972397,-0.7394662468772634,-0.32903233598350173,-1.0161329645585022,0
-0.634918112038349,0.9009088760241706,-1.179024470547907,0.30895317450033255,-0.06640278899360229,0.9048055324001227,-0.4090788379283631,-0.8828162337175963,-0.33784918875282943,-0.7996548742607882,-0.4814607612315388,0.305912699077201,0.9841231756854657,0
-0.46546902347764374,0.9009088760241706,0.8491410419312149,-0.2598092774338318,-0.404365943111267,-1.177851894974348,0.7786098800784667,-0.3041918912684436,-0.11965409719924096,1.035083464046342,-0.4814607612315388,0.06780831092943747,0.9841231756854657,0
-0.8043672005990544,-1.1099901739376037,-1.179024470547907,0.19714314646496162,-0.911310674287764,0.9048055324001227,-0.4090788379283631,0.853056793629862,1.327147202179168,-0.6849837281165926,-0.4814607612315388,-0.5869787564769122,-1.0161329645585022,1
-0.8043672005990544,0.9009088760241706,0.8491410419312149,-0.26200441781475226,-0.7423290972289317,-1.177851894974348,1.9662985980852963,-0.8828162337175963,-1.173704231781191,2.411137217776689,-0.997471732522988,0.7424374106814341,0.9841231756854657,0
-0.2960199349169384,0.9009088760241706,-0.502969299721533,0.3240191020067935,0.2715603651240624,0.9048055324001227,-0.4090788379283631,0.2744324511807092,0.8336906105118219,-0.7996548742607882,-0.7394662468772634,0.7622794430270811,-1.0161329645585022,0
-0.8043672005990544,-1.1099901739376037,-1.179024470547907,-0.26389950303569076,-0.911310674287764,-1.177851894974348,-0.18737694390042153,-0.8828162337175963,-0.707102420612748,-0.11162799739561437,-0.997471732522988,0.16701847265767225,-1.0161329645585022,0
-1.143265377720465,-1.1099901739376037,0.8491410419312149,-0.25998299357908455,-0.911310674287764,0.21058638994196582,0.5727438356239495,-0.8828162337175963,0.4745079213389917,0.8057411717579506,-0.997471732522988,0.305912699077201,0.9841231756854657,0
-0.2960199349169384,0.9009088760241706,-1.179024470547907,-0.2625413586273515,-0.5733475201700994,-1.177851894974348,-0.5674373336626071,-0.8828162337175963,-0.707102420612748,-0.570312581972397,-0.4814607612315388,-0.3488743683291487,-1.0161329645585022,0
-0.2960199349169384,-1.1099901739376037,0.8491410419312149,-0.2607094429137776,-0.23538436605243465,0.21058638994196582,0.06599664927436881,0.853056793629862,-0.707102420612748,0.23238544103697253,-0.7394662468772634,-1.2219237915376149,0.9841231756854657,0
-0.634918112038349,0.9009088760241706,-1.179024470547907,-0.263315185092568,-0.911310674287764,-1.177851894974348,0.27186269372888594,1.4316811360790147,0.001192415045823164,0.4617277333253637,-0.7394662468772634,-1.7576586648700827,0.9841231756854657,0
-0.8043672005990544,0.9009088760241706,-1.179024470547907,0.3372689061765218,-0.7423290972289317,0.9048055324001227,-0.4090788379283631,-0.8828162337175963,-1.371758237960602,-0.7996548742607882,-0.997471732522988,-2.094973214746081,0.9841231756854657,0
-1.143265377720465,-1.1099901739376037,-0.502969299721533,-0.25704561148662985,-0.911310674287764,-1.177851894974348,-0.7257958293968509,-1.461440576166749,-1.0427871768490378,-0.6849837281165926,-0.7394662468772634,1.5559607368529593,-1.0161329645585022,0
-0.46546902347764374,0.9009088760241706,-1.179024470547907,0.014299007398079613,-0.404365943111267,0.9048055324001227,-0.4090788379283631,0.2744324511807092,-0.5896127559300467,-0.570312581972397,-0.7394662468772634,-0.7655570475877348,-1.0161329645585022,1
-1.143265377720465,-1.1099901739376037,-1.179024470547907,-0.2652102703135065,-0.911310674287764,-1.177851894974348,-1.2008713165995828,0.853056793629862,1.5486991412951188,-1.2583394588375707,-0.4814607612315388,-0.15045404487267908,-1.0161329645585022,0
-0.46546902347764374,-1.1099901739376037,0.8491410419312149,-0.2587669805623157,-0.404365943111267,-1.177851894974348,-0.8999901747045194,-0.8828162337175963,0.001192415045823164,-0.9143260204049839,-0.4814607612315388,-0.40840046536608954,-1.0161329645585022,0
-1.143265377720465,0.9009088760241706,-1.179024470547907,-0.2651471008061419,-0.911310674287764,-1.177851894974348,0.5806617604106616,-1.461440576166749,-1.6839450612603513,0.8057411717579506,-0.997471732522988,0.028124246238143545,0.9841231756854657,0
-0.2960199349169384,0.9009088760241706,-1.179024470547907,-0.26214654920632263,-0.23538436605243465,-1.177851894974348,-0.9950052721450657,0.853056793629862,-0.005521280078902488,-1.0289971665491795,-0.997471732522988,0.7424374106814341,0.9841231756854657,0
-0.2960199349169384,-1.1099901739376037,1.5251962127575889,0.3668954051305269,-0.5733475201700994,0.9048055324001227,-0.4090788379283631,-0.8828162337175963,0.4745079213389917,-0.7996548742607882,-0.4814607612315388,1.238488219322608,-1.0161329645585022,0
-0.634918112038349,0.9009088760241706,-0.502969299721533,-0.731290688026487,-0.404365943111267,0.9048055324001227,-0.527847709729046,0.2744324511807092,0.6255660616453219,0.5763988794695595,-0.4814607612315388,-1.4401861473397315,0.9841231756854657,0
-0.46546902347764374,-1.1099901739376037,0.8491410419312149,-0.25712457337083566,-0.911310674287764,-1.177851894974348,-0.5674373336626071,0.853056793629862,-0.8447331706696268,-0.570312581972397,-0.7394662468772634,-0.03140185079879733,0.9841231756854657,0
-0.9738162891597597,0.9009088760241706,0.8491410419312149,-0.7042857236281136,-0.404365943111267,0.9048055324001227,-0.527847709729046,-0.3041918912684436,1.286865031430813,0.4617277333253637,-0.4814607612315388,-0.15045404487267908,-1.0161329645585022,1
-0.634918112038349,0.9009088760241706,-1.179024470547907,-0.6962947809464896,-0.5733475201700994,0.9048055324001227,-0.527847709729046,-1.461440576166749,-0.005521280078902488,0.3470565871811683,-0.997471732522988,0.6829113136444932,-1.0161329645585022,0
-0.9738162891597597,0.9009088760241706,0.8491410419312149,-0.6960263105401899,-0.911310674287764,0.9048055324001227,-0.527847709729046,0.853056793629862,1.6997572816014495,0.3470565871811683,-0.7394662468772634,0.2463866020402601,-1.0161329645585022,1
-0.46546902347764374,-1.1099901739376037,1.5251962127575889,-0.6989794850094858,-0.23538436605243465,0.9048055324001227,-0.527847709729046,1.4316811360790147,1.6628319584154578,0.4617277333253637,-0.7394662468772634,0.4844909901880236,-1.0161329645585022,0
-0.2960199349169384,-1.1099901739376037,-0.502969299721533,-0.3789311759466571,-0.23538436605243465,-1.177851894974348,-0.4090788379283631,-0.3041918912684436,-0.34120603631519225,-0.11162799739561437,-0.7394662468772634,-0.5076106270943244,-1.0161329645585022,1
-0.634918112038349,-1.1099901739376037,1.5251962127575889,-0.381378994357036,-0.911310674287764,-1.177851894974348,0.06599664927436881,0.2744324511807092,1.6729025011025462,0.4617277333253637,-0.7394662468772634,0.4844909901880236,-1.0161329645585022,1
-0.46546902347764374,0.9009088760241706,-0.502969299721533,-0.3723931319344193,-0.5733475201700994,-1.177851894974348,-0.5674373336626071,0.2744324511807092,-0.005521280078902488,-0.34097028968400567,-0.7394662468772634,-1.6187644384505542,-1.0161329645585022,1
-0.8043672005990544,-1.1099901739376037,0.8491410419312149,-0.5235261783042638,-0.7423290972289317,0.9048055324001227,-0.527847709729046,-1.461440576166749,-0.707102420612748,-0.11162799739561437,-0.4814607612315388,-0.15045404487267908,0.9841231756854657,0
-0.2960199349169384,0.9009088760241706,1.5251962127575889,-0.258593264417063,-0.404365943111267,0.21058638994196582,-0.2507203421941191,1.4316811360790147,-0.8447331706696268,-0.11162799739561437,-0.7394662468772634,-0.20998014190961997,0.9841231756854657,0
-0.8043672005990544,-1.1099901739376037,-1.179024470547907,-0.22681900221266096,-0.404365943111267,0.9048055324001227,-0.527847709729046,-1.461440576166749,-1.3482603050240614,-0.45564143582820127,-0.7394662468772634,0.821805540064022,0.9841231756854657,0
-0.634918112038349,-1.1099901739376037,-1.179024470547907,-1.0063938925993912,-0.911310674287764,0.9048055324001227,-0.5199297849423339,1.4316811360790147,0.954537122756886,2.869821802353472,-0.7394662468772634,-0.03140185079879733,-1.0161329645585022,1
-1.143265377720465,-1.1099901739376037,-1.179024470547907,-0.6760331614592889,-0.911310674287764,0.9048055324001227,-0.5199297849423339,-1.461440576166749,0.23617174441122635,0.3470565871811683,-0.7394662468772634,-0.20998014190961997,-1.0161329645585022,0
-0.634918112038349,0.9009088760241706,-0.502969299721533,0.46502923482145836,-0.911310674287764,0.9048055324001227,-0.4090788379283631,0.2744324511807092,1.0015329886299666,-0.9143260204049839,-0.4814607612315388,-1.102871597463733,-1.0161329645585022,0
-0.9738162891597597,0.9009088760241706,-1.179024470547907,0.4559328257609536,-0.911310674287764,0.9048055324001227,-0.4090788379283631,0.853056793629862,-0.7138161157374736,-0.9143260204049839,-0.7394662468772634,-0.7853990799333818,0.9841231756854657,0
-0.634918112038349,0.9009088760241706,-1.179024470547907,-0.3779204638288232,0.10257878806523006,-1.177851894974348,3.090643917798429,0.853056793629862,0.665848232393677,4.3605467022280155,-0.997471732522988,-0.6266628211682062,-1.0161329645585022,1
-0.9738162891597597,0.9009088760241706,-1.179024470547907,-0.2632678079620446,-0.5733475201700994,-1.177851894974348,1.6495816066168083,-0.8828162337175963,1.0015329886299666,2.0671237793441026,-0.7394662468772634,0.6035431842619053,0.9841231756854657,0
-0.9738162891597597,0.9009088760241706,-0.502969299721533,-0.25908282809913874,-0.911310674287764,-1.177851894974348,-1.0979382943723244,1.4316811360790147,0.665848232393677,-1.143668312693375,-0.7394662468772634,0.4249648931510827,0.9841231756854657,0
-0.46546902347764374,-1.1099901739376037,0.8491410419312149,0.4592334325207548,-0.06640278899360229,0.9048055324001227,-0.4090788379283631,0.853056793629862,0.7229146409538463,-0.9143260204049839,-0.997471732522988,-0.8846092416616166,0.9841231756854657,0
-0.46546902347764374,0.9009088760241706,-1.179024470547907,0.5492341881384919,-0.911310674287764,0.9048055324001227,-0.4090788379283631,-1.461440576166749,-1.3482603050240614,-0.9143260204049839,-0.997471732522988,0.32575473142284794,0.9841231756854657,0
-0.9738162891597597,0.9009088760241706,0.8491410419312149,0.09643515934892201,-0.911310674287764,0.9048055324001227,-0.4090788379283631,0.2744324511807092,1.6359771779165546,-0.6849837281165926,-0.7394662468772634,-0.6465048535138531,-1.0161329645585022,1
-0.634918112038349,-1.1099901739376037,-1.179024470547907,0.5689588668130934,-0.23538436605243465,0.9048055324001227,-0.4090788379283631,-1.461440576166749,-0.3680608168140954,-0.9143260204049839,-0.997471732522988,0.2463866020402601,-1.0161329645585022,0
-0.2960199349169384,0.9009088760241706,-0.502969299721533,0.5945898944262865,-0.911310674287764,0.9048055324001227,-0.4090788379283631,-1.461440576166749,-1.039430329286675,-0.9143260204049839,-0.4814607612315388,-1.12271362980938,0.9841231756854657,0
-0.2960199349169384,0.9009088760241706,-0.502969299721533,0.6313229629588109,-0.06640278899360229,0.9048055324001227,-0.4090788379283631,0.853056793629862,-1.1804179269059165,-0.9143260204049839,-0.7394662468772634,-0.4877685947486774,0.9841231756854657,0
-0.2960199349169384,0.9009088760241706,-1.179024470547907,0.6652449884136098,-0.23538436605243465,0.9048055324001227,-0.4090788379283631,-1.461440576166749,-0.34120603631519225,-0.9143260204049839,-0.7394662468772634,0.40512286080543575,-1.0161329645585022,0
-0.634918112038349,-1.1099901739376037,1.5251962127575889,-0.26153064650951763,0.10257878806523006,-1.177851894974348,-0.09236184645987515,1.4316811360790147,-1.7510820125076092,0.003043148748581378,-0.997471732522988,-1.2814498885745558,0.9841231756854657,0
-0.9738162891597597,0.9009088760241706,0.8491410419312149,0.742327579775283,-0.404365943111267,0.9048055324001227,-0.4090788379283631,0.2744324511807092,-1.0964967378468442,-0.9143260204049839,-0.7394662468772634,0.4249648931510827,-1.0161329645585022,0
-0.634918112038349,0.9009088760241706,0.8491410419312149,0.8382030995779294,-0.7423290972289317,0.9048055324001227,-0.4090788379283631,0.2744324511807092,-1.173704231781191,-1.0289971665491795,-0.997471732522988,-0.22982217425526694,0.9841231756854657,0
-0.634918112038349,-1.1099901739376037,0.8491410419312149,-0.2590196585917741,-0.5733475201700994,-1.177851894974348,-1.042512820865339,-0.8828162337175963,-1.1233515183457474,-1.0289971665491795,-0.4814607612315388,0.4249648931510827,0.9841231756854657,0
-0.634918112038349,0.9009088760241706,0.8491410419312149,-0.2647680837619542,-0.7423290972289317,-1.177851894974348,0.8577891279455886,-0.3041918912684436,-0.33784918875282943,1.1497546101905376,-0.997471732522988,0.16701847265767225,0.9841231756854657,0
-0.8043672005990544,0.9009088760241706,1.5251962127575889,0.8578804011220074,-0.911310674287764,0.9048055324001227,-0.4090788379283631,-0.8828162337175963,-1.0092187012254088,-1.0289971665491795,-0.7394662468772634,-0.9838194033898514,-1.0161329645585022,0
-0.634918112038349,-1.1099901739376037,0.8491410419312149,-0.25788260745921104,-0.23538436605243465,-1.177851894974348,0.7786098800784667,0.2744324511807092,-1.2475548781531747,1.035083464046342,-0.4814607612315388,-0.3488743683291487,0.9841231756854657,0
-0.9738162891597597,0.9009088760241706,0.8491410419312149,0.940964095683319,-0.911310674287764,0.9048055324001227,-0.4090788379283631,-1.461440576166749,-1.1233515183457474,-1.0289971665491795,-0.997471732522988,-2.4322877646220795,0.9841231756854657,0
-0.46546902347764374,0.9009088760241706,-0.502969299721533,-0.25911441285282105,-0.06640278899360229,-1.177851894974348,-0.17154109432699713,-1.461440576166749,-0.08944246913797492,-0.11162799739561437,-0.7394662468772634,0.6035431842619053,-1.0161329645585022,0
-0.9738162891597597,0.9009088760241706,-0.502969299721533,-0.25785102270552873,-0.911310674287764,-1.177851894974348,0.026407025340807817,-0.8828162337175963,0.6893461653302174,0.1177142948927768,-0.7394662468772634,-0.07108591549009124,0.9841231756854657,0
-0.2960199349169384,-1.1099901739376037,-1.179024470547907,-0.25728249713924717,-0.06640278899360229,0.21058638994196582,-0.7257958293968509,-0.8828162337175963,1.5587696839822078,-0.6849837281165926,-0.4814607612315388,0.9805417988291976,0.9841231756854657,0
-0.634918112038349,0.9009088760241706,-0.502969299721533,0.9926367527075751,-0.911310674287764,0.9048055324001227,-0.4090788379283631,-0.3041918912684436,-0.8447331706696268,-1.0289971665491795,-0.997471732522988,0.20670253734896618,0.9841231756854657,0
-0.2960199349169384,-1.1099901739376037,1.5251962127575889,-0.2546767549604568,0.2715603651240624,-1.177851894974348,-0.4882580857954851,1.4316811360790147,-0.08944246913797492,-0.45564143582820127,-0.997471732522988,0.6630692812988462,0.9841231756854657,0
-0.8043672005990544,0.9009088760241706,-1.179024470547907,1.0234003027941434,-0.911310674287764,0.9048055324001227,-0.4090788379283631,0.853056793629862,-0.0860856215756121,-1.0289971665491795,-0.997471732522988,-0.011559818453150373,0.9841231756854657,0
-0.46546902347764374,0.9009088760241706,-1.179024470547907,-0.2639310877893731,-0.7423290972289317,-1.177851894974348,-0.5674373336626071,0.2744324511807092,-1.1233515183457474,-0.570312581972397,-0.997471732522988,0.06780831092943747,0.9841231756854657,0
-0.46546902347764374,-1.1099901739376037,1.5251962127575889,-0.2688898941174954,-0.404365943111267,-1.177851894974348,2.362194837420906,-0.3041918912684436,-1.623521805137819,2.869821802353472,-0.7394662468772634,0.3455967637684949,0.9841231756854657,0
-0.2960199349169384,-1.1099901739376037,-0.502969299721533,1.5944842341239573,-0.06640278899360229,0.9048055324001227,-0.4090788379283631,0.2744324511807092,-0.46205254856025635,-1.143668312693375,-0.4814607612315388,-0.13061201252703214,0.9841231756854657,0
-0.9738162891597597,0.9009088760241706,-0.502969299721533,-0.7194779901493038,-0.911310674287764,0.9048055324001227,-0.41303780032171916,-0.8828162337175963,0.4308689030282738,0.6910700256137552,-0.4814607612315388,0.8813316371009629,-1.0161329645585022,0
-0.2960199349169384,-1.1099901739376037,1.5251962127575889,-0.26113583708848875,-0.404365943111267,-1.177851894974348,0.1847655210750518,-0.3041918912684436,-0.4654093961226198,0.3470565871811683,-0.997471732522988,1.258330251668255,0.9841231756854657,0
-0.634918112038349,0.9009088760241706,0.8491410419312149,-0.778336178636285,-0.911310674287764,0.9048055324001227,-0.4169967627150753,0.2744324511807092,1.1458774338115711,1.035083464046342,-0.7394662468772634,0.7225953783357871,-1.0161329645585022,1
-0.8043672005990544,0.9009088760241706,-0.502969299721533,-0.6722271986405708,-0.7423290972289317,0.9048055324001227,-0.5199297849423339,-0.8828162337175963,1.1223795008750308,0.3470565871811683,-0.4814607612315388,-0.9838194033898514,-1.0161329645585022,0
-0.634918112038349,-1.1099901739376037,-0.502969299721533,-0.2632993927157269,-0.911310674287764,0.21058638994196582,-0.4090788379283631,-1.461440576166749,1.0351014642535956,-0.34097028968400567,-0.4814607612315388,0.9210157017922567,0.9841231756854657,0
-0.9738162891597597,-1.1099901739376037,0.8491410419312149,-0.6841504431556421,-0.911310674287764,0.9048055324001227,-0.5199297849423339,1.4316811360790147,0.7430557263280237,0.3470565871811683,-0.7394662468772634,0.08765034327508442,0.9841231756854657,0
-0.2960199349169384,-1.1099901739376037,-0.502969299721533,-0.5451459421998038,-0.5733475201700994,0.9048055324001227,-0.5199297849423339,0.853056793629862,-0.005521280078902488,0.003043148748581378,-0.7394662468772634,0.26622863438590705,-1.0161329645585022,0
-1.143265377720465,0.9009088760241706,0.8491410419312149,-0.44105838643975726,-0.911310674287764,0.9048055324001227,-0.5199297849423339,-0.8828162337175963,-1.3482603050240614,-0.2262991435398101,-0.7394662468772634,-0.8647672093159696,0.9841231756854657,0
-0.634918112038349,-1.1099901739376037,-0.502969299721533,-0.3764201880289136,-0.911310674287764,-1.177851894974348,0.38271364074285674,-1.461440576166749,1.2835081838684501,0.8057411717579506,-0.7394662468772634,1.0995939929030794,-1.0161329645585022,1
-0.9738162891597597,0.9009088760241706,0.8491410419312149,-0.27700717581384865,-0.911310674287764,0.9048055324001227,-0.5199297849423339,-0.8828162337175963,1.6628319584154578,-0.45564143582820127,-0.4814607612315388,0.06780831092943747,-1.0161329645585022,0
-0.634918112038349,-1.1099901739376037,1.5251962127575889,-0.25459779307625097,-0.7423290972289317,-1.177851894974348,-1.327558113186978,-0.8828162337175963,0.9981761410676039,-1.3730106049817663,-0.997471732522988,1.4369085427790778,-1.0161329645585022,0
-0.634918112038349,-1.1099901739376037,-0.502969299721533,-0.3791996463529567,-0.911310674287764,-1.177851894974348,0.38271364074285674,-0.8828162337175963,-1.0495008719737637,0.8057411717579506,-0.4814607612315388,-0.051243883144444294,-1.0161329645585022,1
-0.46546902347764374,-1.1099901739376037,1.5251962127575889,-0.2583721711412868,-0.911310674287764,-1.177851894974348,0.38271364074285674,-0.3041918912684436,-1.0495008719737637,0.5763988794695595,-0.7394662468772634,0.7424374106814341,0.9841231756854657,0
-0.9738162891597597,0.9009088760241706,0.8491410419312149,-0.2654313635892827,-0.5733475201700994,-1.177851894974348,-1.042512820865339,1.4316811360790147,1.1223795008750308,-1.0289971665491795,-0.997471732522988,-0.32903233598350173,0.9841231756854657,0
-0.46546902347764374,0.9009088760241706,-1.179024470547907,-0.2132849352597919,-0.911310674287764,0.9048055324001227,-0.5199297849423339,-0.8828162337175963,-1.173704231781191,-0.570312581972397,-0.997471732522988,0.6035431842619053,0.9841231756854657,0
-0.634918112038349,0.9009088760241706,1.5251962127575889,-0.13530217841817302,-0.06640278899360229,0.9048055324001227,-0.5199297849423339,0.2744324511807092,1.3103629643673533,-0.570312581972397,-0.997471732522988,0.5043330225336705,-1.0161329645585022,1
-0.46546902347764374,0.9009088760241706,-0.502969299721533,0.34224350488148536,-0.7423290972289317,0.9048055324001227,-0.5199297849423339,1.4316811360790147,-1.0495008719737637,-0.9143260204049839,-0.7394662468772634,-1.12271362980938,0.9841231756854657,0
-0.46546902347764374,-1.1099901739376037,0.8491410419312149,-0.7706610834914842,-0.7423290972289317,0.9048055324001227,-0.5159708225489777,0.2744324511807092,-0.707102420612748,0.6910700256137552,-0.4814607612315388,-0.9044512740072636,0.9841231756854657,0
-0.2960199349169384,-1.1099901739376037,0.17308587110484092,-0.20076158042475672,-0.06640278899360229,0.9048055324001227,-0.5159708225489777,0.853056793629862,-0.11965409719924096,-0.570312581972397,-0.4814607612315388,0.06780831092943747,0.9841231756854657,0
-0.9738162891597597,0.9009088760241706,-0.502969299721533,-0.102706712618031,-0.911310674287764,0.9048055324001227,-0.5159708225489777,-1.461440576166749,-1.173704231781191,-0.570312581972397,-0.7394662468772634,0.18686050500331922,0.9841231756854657,0
-0.8043672005990544,0.9009088760241706,-1.179024470547907,0.16183139184814108,-0.911310674287764,0.9048055324001227,-0.5120118601556216,0.853056793629862,0.6423502994571366,-0.7996548742607882,-0.7394662468772634,0.9606997664835506,-1.0161329645585022,1
-0.2960199349169384,0.9009088760241706,-0.502969299721533,-0.6367733126321798,-0.404365943111267,0.9048055324001227,-0.5080528977622656,-1.461440576166749,-0.08944246913797492,0.23238544103697253,-0.997471732522988,0.7622794430270811,0.9841231756854657,0
-0.46546902347764374,0.9009088760241706,0.8491410419312149,-0.4119846206751926,-0.23538436605243465,0.9048055324001227,-0.5080528977622656,-0.8828162337175963,0.001192415045823164,-0.2262991435398101,-0.997471732522988,-3.106916864374076,0.9841231756854657,0
-0.8043672005990544,-1.1099901739376037,1.5251962127575889,-0.25829320925708105,-0.911310674287764,0.21058638994196582,-0.5674373336626071,-0.8828162337175963,-0.0860856215756121,-0.570312581972397,-0.4814607612315388,-1.0433455004267922,0.9841231756854657,0
-0.634918112038349,0.9009088760241706,0.8491410419312149,-0.2623202653515753,-0.5733475201700994,-1.177851894974348,-0.7574675285436998,0.2744324511807092,0.001192415045823164,-0.6849837281165926,-0.997471732522988,-0.13061201252703214,0.9841231756854657,0
-0.46546902347764374,0.9009088760241706,0.8491410419312149,-0.904801532380247,-0.5733475201700994,0.9048055324001227,-0.4882580857954851,0.2744324511807092,0.001192415045823164,1.7231103409115156,-0.7394662468772634,0.32575473142284794,-1.0161329645585022,1
-0.9738162891597597,-1.1099901739376037,-0.502969299721533,-0.8672630526288237,-0.911310674287764,0.9048055324001227,-0.4882580857954851,-1.461440576166749,-0.005521280078902488,1.379096902478929,-0.997471732522988,1.4170665104334308,-1.0161329645585022,1
-0.634918112038349,0.9009088760241706,1.5251962127575889,-0.2643574819640842,-0.911310674287764,-1.177851894974348,0.38271364074285674,-0.8828162337175963,0.954537122756886,0.5763988794695595,-0.4814607612315388,1.6353288662355472,-1.0161329645585022,0
-1.143265377720465,-1.1099901739376037,1.5251962127575889,-0.8507600188298177,-0.911310674287764,0.9048055324001227,-0.4882580857954851,-0.8828162337175963,0.2965950005337584,1.2644257563347332,-0.4814607612315388,0.5241750548793175,-1.0161329645585022,1
-0.9738162891597597,-1.1099901739376037,1.5251962127575889,-0.26217813396000494,-0.7423290972289317,-1.177851894974348,1.3328646151483206,0.2744324511807092,-0.37813135950118393,1.6084391947673204,-0.4814607612315388,-0.686188918205147,-1.0161329645585022,0
-0.634918112038349,-1.1099901739376037,1.5251962127575889,-0.8334515738119128,-0.7423290972289317,0.9048055324001227,-0.4882580857954851,1.4316811360790147,1.2700807936189982,1.1497546101905376,-0.4814607612315388,0.6432272489531993,-1.0161329645585022,1
-0.634918112038349,0.9009088760241706,-0.502969299721533,-0.26265190526523957,-0.23538436605243465,-1.177851894974348,-0.7257958293968509,0.2744324511807092,1.0787404825643134,-0.6849837281165926,-0.997471732522988,-1.2814498885745558,0.9841231756854657,0
-0.2960199349169384,0.9009088760241706,0.8491410419312149,-0.2608989514358715,0.10257878806523006,-1.177851894974348,0.06599664927436881,-0.3041918912684436,-0.37813135950118393,0.23238544103697253,-0.4814607612315388,-2.094973214746081,0.9841231756854657,0
-0.2960199349169384,-1.1099901739376037,0.17308587110484092,-0.26059889627588956,-0.23538436605243465,-1.177851894974348,-0.4882580857954851,0.853056793629862,-1.4254677989584081,-0.45564143582820127,-0.4814607612315388,0.305912699077201,-1.0161329645585022,0
-0.634918112038349,-1.1099901739376037,-1.179024470547907,-0.25786681508236986,-0.5733475201700994,0.21058638994196582,-0.8841543251310949,-0.8828162337175963,-0.12972463988633004,-0.9143260204049839,-0.4814607612315388,-0.24966420660091387,-1.0161329645585022,0
-0.2960199349169384,-1.1099901739376037,-0.502969299721533,-0.261672777901088,-0.404365943111267,-1.177851894974348,-1.121692068732461,-0.3041918912684436,1.2029438423717405,-1.143668312693375,-0.4814607612315388,-0.7258729828964409,0.9841231756854657,0
-0.634918112038349,-1.1099901739376037,-0.502969299721533,-0.7930704662290818,-0.7423290972289317,0.9048055324001227,-0.4882580857954851,-0.8828162337175963,0.11868207972852446,0.9204123179021463,-0.997471732522988,0.4448069254967297,0.9841231756854657,0
-0.9738162891597597,-1.1099901739376037,-1.179024470547907,-0.2629519604252215,-0.911310674287764,-1.177851894974348,-0.8999901747045194,1.4316811360790147,-1.173704231781191,-0.9143260204049839,-0.7394662468772634,-0.15045404487267908,-1.0161329645585022,0
-0.634918112038349,0.9009088760241706,0.8491410419312149,-0.26569983399558234,-0.7423290972289317,-1.177851894974348,-0.2823920413409679,1.4316811360790147,0.11868207972852446,-0.2262991435398101,-0.7394662468772634,0.32575473142284794,0.9841231756854657,0
-0.634918112038349,0.9009088760241706,-1.179024470547907,-0.25721932763188254,-0.404365943111267,-1.177851894974348,-0.7257958293968509,0.853056793629862,-0.005521280078902488,-0.6849837281165926,-0.7394662468772634,-1.0235034680811452,0.9841231756854657,0
-1.143265377720465,-1.1099901739376037,-0.502969299721533,-0.79523402185632,-0.911310674287764,0.9048055324001227,-0.4882580857954851,1.4316811360790147,0.5114332445249834,0.9204123179021463,-0.997471732522988,0.7027533459901402,0.9841231756854657,0
-0.2960199349169384,0.9009088760241706,-0.502969299721533,-0.7712296090577657,-0.06640278899360229,0.9048055324001227,-0.4882580857954851,0.2744324511807092,1.0351014642535956,0.8057411717579506,-0.997471732522988,1.3972244780877838,-1.0161329645585022,1
-0.634918112038349,-1.1099901739376037,-1.179024470547907,-0.26446802860197227,-0.5733475201700994,-1.177851894974348,-0.963333572998217,1.4316811360790147,-1.4254677989584081,-0.9143260204049839,-0.7394662468772634,-1.5989224061049072,0.9841231756854657,0
-0.9738162891597597,0.9009088760241706,-1.179024470547907,-0.25783523032868755,-0.911310674287764,-1.177851894974348,0.06599664927436881,-0.8828162337175963,-1.0495008719737637,0.23238544103697253,-0.7394662468772634,0.3654387961141419,0.9841231756854657,0
-0.2960199349169384,-1.1099901739376037,0.8491410419312149,-0.7606487165741925,-0.23538436605243465,0.9048055324001227,-0.4882580857954851,0.2744324511807092,-0.34120603631519225,0.6910700256137552,-0.4814607612315388,0.4448069254967297,0.9841231756854657,0
-0.634918112038349,0.9009088760241706,0.8491410419312149,-0.25867222630126874,-0.911310674287764,-1.177851894974348,-0.18737694390042153,1.4316811360790147,-0.005521280078902488,-0.11162799739561437,-0.4814607612315388,-1.3806600503027906,0.9841231756854657,0
-0.46546902347764374,-1.1099901739376037,-0.502969299721533,-0.37433559428588126,-0.404365943111267,0.21058638994196582,1.6099919826832474,-1.461440576166749,1.9112386780303117,2.411137217776689,-0.4814607612315388,0.9408577341379036,-1.0161329645585022,1
-0.9738162891597597,-1.1099901739376037,0.8491410419312149,-0.3707823094966216,-0.911310674287764,-1.177851894974348,-0.2507203421941191,0.2744324511807092,0.5114332445249834,0.003043148748581378,-0.7394662468772634,-1.5790803737592602,-1.0161329645585022,1
-0.8043672005990544,-1.1099901739376037,-0.502969299721533,-0.26675792324393965,-0.7423290972289317,0.21058638994196582,0.06599664927436881,0.853056793629862,0.04483143335654109,0.23238544103697253,-0.997471732522988,0.6035431842619053,-1.0161329645585022,0
-0.634918112038349,0.9009088760241706,1.5251962127575889,-0.26431010483356077,-0.911310674287764,0.21058638994196582,-0.7257958293968509,0.853056793629862,-1.2106295549671826,-0.6849837281165926,-0.997471732522988,-0.32903233598350173,0.9841231756854657,0
-0.2960199349169384,-1.1099901739376037,-1.179024470547907,-0.7163195147810729,-0.404365943111267,0.9048055324001227,-0.4882580857954851,0.2744324511807092,-1.173704231781191,0.5763988794695595,-0.7394662468772634,1.238488219322608,0.9841231756854657,0
-0.634918112038349,-1.1099901739376037,0.8491410419312149,-0.673790643947845,-0.7423290972289317,0.9048055324001227,-0.4882580857954851,1.4316811360790147,-0.005521280078902488,0.3470565871811683,-0.7394662468772634,-0.8647672093159696,0.9841231756854657,0
-0.9738162891597597,0.9009088760241706,1.5251962127575889,-0.6741696609920327,-0.911310674287764,0.9048055324001227,-0.4882580857954851,-0.8828162337175963,0.954537122756886,0.3470565871811683,-0.7394662468772634,-0.3488743683291487,-1.0161329645585022,0
-0.9738162891597597,-1.1099901739376037,-0.502969299721533,-0.26299933755574495,-0.911310674287764,-1.177851894974348,-1.042512820865339,-1.461440576166749,-1.328119219649884,-1.0289971665491795,-0.997471732522988,1.0003838311748445,0.9841231756854657,0
-0.9738162891597597,0.9009088760241706,-1.179024470547907,-0.6529604988943628,-0.911310674287764,0.9048055324001227,-0.4882580857954851,-0.8828162337175963,-0.901799579229796,0.3470565871811683,-0.7394662468772634,0.5043330225336705,0.9841231756854657,0
-0.2960199349169384,-1.1099901739376037,1.5251962127575889,-0.6403265974214395,-0.5733475201700994,0.9048055324001227,-0.4882580857954851,0.2744324511807092,1.0787404825643134,0.3470565871811683,-0.997471732522988,0.6630692812988462,0.9841231756854657,0
-0.8043672005990544,0.9009088760241706,-1.179024470547907,-0.6347203036428298,-0.911310674287764,0.9048055324001227,-0.4882580857954851,-0.8828162337175963,-1.0495008719737637,0.23238544103697253,-0.4814607612315388,-0.5274526594399713,-1.0161329645585022,0
-0.9738162891597597,0.9009088760241706,-0.502969299721533,-0.6375313467205552,-0.5733475201700994,0.9048055324001227,-0.4882580857954851,0.853056793629862,0.27645391515958084,0.23238544103697253,-0.997471732522988,-0.5869787564769122,0.9841231756854657,0
-0.9738162891597597,0.9009088760241706,1.5251962127575889,-0.6216600079951954,-0.7423290972289317,0.9048055324001227,-0.4882580857954851,0.2744324511807092,-1.623521805137819,0.23238544103697253,-0.4814607612315388,0.3654387961141419,-1.0161329645585022,0
-0.8043672005990544,-1.1099901739376037,-0.502969299721533,-0.620696673007885,-0.911310674287764,0.9048055324001227,-0.4882580857954851,-0.8828162337175963,-1.173704231781191,0.23238544103697253,-0.997471732522988,0.5638591195706114,0.9841231756854657,0
-0.634918112038349,0.9009088760241706,-1.179024470547907,-0.37613592524577283,-0.7423290972289317,-1.177851894974348,0.8973787518791496,0.853056793629862,0.5114332445249834,1.4937680486231246,-0.997471732522988,-1.2219237915376149,-1.0161329645585022,1
-0.46546902347764374,-1.1099901739376037,-1.179024470547907,-0.5808840909913355,-0.06640278899360229,0.9048055324001227,-0.4882580857954851,0.2744324511807092,0.561785957960427,0.1177142948927768,-0.997471732522988,-1.4600281796853785,0.9841231756854657,0
-0.9738162891597597,-1.1099901739376037,0.8491410419312149,-0.26072523529061875,-0.911310674287764,-1.177851894974348,-0.7574675285436998,0.853056793629862,-0.811164695045998,-0.6849837281165926,-0.997471732522988,0.32575473142284794,0.9841231756854657,0
-1.143265377720465,-1.1099901739376037,-0.502969299721533,-0.26007774784013143,-0.911310674287764,-1.177851894974348,1.0161476236798326,-0.8828162337175963,0.6255660616453219,1.2644257563347332,-0.4814607612315388,-0.5671367241312653,0.9841231756854657,0
-0.9738162891597597,0.9009088760241706,-1.179024470547907,-0.5636704002344776,-0.911310674287764,0.9048055324001227,-0.4882580857954851,0.853056793629862,0.001192415045823164,0.1177142948927768,-0.7394662468772634,-1.3409759856114967,-1.0161329645585022,0
-0.2960199349169384,-1.1099901739376037,-0.502969299721533,-0.3699137287703581,-0.23538436605243465,-1.177851894974348,-0.7257958293968509,-0.8828162337175963,2.737023178371585,-0.570312581972397,-0.7394662468772634,0.8416475724096689,-1.0161329645585022,1
-0.634918112038349,-1.1099901739376037,-0.502969299721533,-0.5298115442870432,-0.5733475201700994,0.9048055324001227,-0.4882580857954851,0.853056793629862,0.1119683846037988,0.003043148748581378,-0.7394662468772634,0.4844909901880236,0.9841231756854657,0
-0.2960199349169384,0.9009088760241706,1.5251962127575889,-0.2655892873576942,-0.404365943111267,-1.177851894974348,-0.9474977234247925,-0.8828162337175963,0.2965950005337584,-0.9143260204049839,-0.997471732522988,-0.11076998018138517,0.9841231756854657,0
-0.46546902347764374,-1.1099901739376037,-1.179024470547907,-0.2561454460066841,-0.911310674287764,-1.177851894974348,-0.5674373336626071,0.2744324511807092,-0.5661148229935064,-0.570312581972397,-0.997471732522988,0.286070666731554,0.9841231756854657,0
-0.2960199349169384,0.9009088760241706,-1.179024470547907,-0.2608989514358715,-0.23538436605243465,-1.177851894974348,-1.042512820865339,0.853056793629862,-0.46205254856025635,-1.0289971665491795,-0.7394662468772634,0.08765034327508442,0.9841231756854657,0
-1.143265377720465,0.9009088760241706,-1.179024470547907,-0.2624781891199869,-0.911310674287764,-1.177851894974348,-0.4090788379283631,-0.8828162337175963,0.8269769153870962,-0.34097028968400567,-0.7394662468772634,-1.202081759191968,0.9841231756854657,0
-0.8043672005990544,0.9009088760241706,0.8491410419312149,-0.26265190526523957,-0.911310674287764,0.21058638994196582,-0.052772222526314166,0.2744324511807092,0.7229146409538463,0.1177142948927768,-0.7394662468772634,-1.7378166325244357,0.9841231756854657,0
-0.9738162891597597,-1.1099901739376037,0.8491410419312149,-0.6011457104785363,-0.911310674287764,0.9048055324001227,-0.4882580857954851,0.853056793629862,0.7430557263280237,0.23238544103697253,-0.7394662468772634,-0.5076106270943244,-1.0161329645585022,1
-0.2960199349169384,-1.1099901739376037,-1.179024470547907,-0.2516604109837963,-0.5733475201700994,-1.177851894974348,-0.9474977234247925,-1.461440576166749,-0.16664996307232172,-0.9143260204049839,-0.7394662468772634,-0.07108591549009124,-1.0161329645585022,0
-0.46546902347764374,0.9009088760241706,-0.502969299721533,-0.4880564999190318,-0.404365943111267,0.9048055324001227,-0.4882580857954851,-1.461440576166749,0.2965950005337584,-0.11162799739561437,-0.4814607612315388,0.286070666731554,0.9841231756854657,0
-0.2960199349169384,-1.1099901739376037,-0.502969299721533,-0.49118339053358034,0.10257878806523006,0.9048055324001227,-0.4882580857954851,1.4316811360790147,0.001192415045823164,-0.11162799739561437,-0.4814607612315388,1.2186461869769611,-1.0161329645585022,0
-1.143265377720465,0.9009088760241706,0.8491410419312149,-0.4886566102389957,-0.911310674287764,0.9048055324001227,-0.4882580857954851,1.4316811360790147,-1.7510820125076092,-0.11162799739561437,-0.7394662468772634,-0.4282424977117365,0.9841231756854657,0
-0.634918112038349,-1.1099901739376037,1.5251962127575889,-0.25815107786551067,-0.06640278899360229,-1.177851894974348,-0.7257958293968509,0.853056793629862,-0.901799579229796,-0.6849837281165926,-0.997471732522988,0.7622794430270811,-1.0161329645585022,0
-0.9738162891597597,0.9009088760241706,-1.179024470547907,-0.25706140386347104,-0.5733475201700994,-1.177851894974348,-0.5040939353689095,-0.8828162337175963,0.1119683846037988,-0.45564143582820127,-0.4814607612315388,-1.102871597463733,0.9841231756854657,0
-0.9738162891597597,-1.1099901739376037,-1.179024470547907,-0.5794469846987905,-0.7423290972289317,0.9048055324001227,-0.4882580857954851,-0.3041918912684436,1.6594751108530943,0.1177142948927768,-0.997471732522988,0.14717644031202531,-1.0161329645585022,1
-1.3127144662811705,-1.1099901739376037,0.8491410419312149,-0.4503758887760382,-0.911310674287764,0.9048055324001227,-0.4882580857954851,1.4316811360790147,0.23617174441122635,-0.11162799739561437,-0.997471732522988,-0.051243883144444294,-1.0161329645585022,0
-0.46546902347764374,0.9009088760241706,1.5251962127575889,-0.4524288977653882,-0.7423290972289317,0.9048055324001227,-0.4882580857954851,0.2744324511807092,0.8336906105118219,-0.11162799739561437,-0.7394662468772634,0.5440170872249644,0.9841231756854657,0
-0.8043672005990544,0.9009088760241706,0.8491410419312149,-0.561254166577781,-0.06640278899360229,0.9048055324001227,-0.4882580857954851,-1.461440576166749,2.17642963545698,0.1177142948927768,-0.997471732522988,0.8614896047553159,-1.0161329645585022,1
-0.9738162891597597,0.9009088760241706,-0.502969299721533,-0.4427639631386019,-0.911310674287764,0.9048055324001227,-0.4882580857954851,-0.8828162337175963,-1.6839450612603513,-0.11162799739561437,-0.997471732522988,0.6829113136444932,0.9841231756854657,0
-0.8043672005990544,-1.1099901739376037,0.8491410419312149,-0.44762801520567735,-0.06640278899360229,0.9048055324001227,-0.4882580857954851,0.853056793629862,-0.21364582894540246,-0.11162799739561437,-0.7394662468772634,0.14717644031202531,0.9841231756854657,0
-0.46546902347764374,-1.1099901739376037,0.8491410419312149,-0.24944947822603475,-0.911310674287764,-1.177851894974348,-1.240460940533144,-0.3041918912684436,0.2965950005337584,-1.2583394588375707,-0.997471732522988,-0.13061201252703214,0.9841231756854657,0
-0.8043672005990544,0.9009088760241706,-0.502969299721533,-0.25350811907421134,-0.5733475201700994,-1.177851894974348,-0.3298995900612411,-0.8828162337175963,-0.1397951825734185,-0.2262991435398101,-0.7394662468772634,-0.17029607721832604,0.9841231756854657,0
-1.143265377720465,0.9009088760241706,-0.502969299721533,-0.4345993043117252,-0.911310674287764,0.9048055324001227,-0.4882580857954851,-0.8828162337175963,0.5785701957722418,-0.2262991435398101,-0.7394662468772634,-0.38855843302044263,0.9841231756854657,0
-0.8043672005990544,0.9009088760241706,1.5251962127575889,-0.2592723366212326,-0.911310674287764,-1.177851894974348,-0.765385453330412,1.4316811360790147,0.7866947446387411,-0.7996548742607882,-0.4814607612315388,-0.44808453005738347,0.9841231756854657,0
-0.8043672005990544,-1.1099901739376037,-1.179024470547907,-0.39976132100013934,-0.06640278899360229,0.9048055324001227,-0.4882580857954851,1.4316811360790147,-0.015591822765990965,-0.2262991435398101,-0.7394662468772634,0.8614896047553159,0.9841231756854657,0
-1.143265377720465,-1.1099901739376037,0.8491410419312149,-0.3957974344130097,-0.911310674287764,0.9048055324001227,-0.4882580857954851,1.4316811360790147,-0.08944246913797492,-0.2262991435398101,-0.997471732522988,0.06780831092943747,-1.0161329645585022,0
-0.2960199349169384,-1.1099901739376037,1.5251962127575889,-0.38521654192943644,-0.7423290972289317,0.9048055324001227,-0.4882580857954851,0.2744324511807092,-0.005521280078902488,-0.2262991435398101,-0.4814607612315388,0.5638591195706114,0.9841231756854657,0
-0.9738162891597597,0.9009088760241706,1.5251962127575889,-0.3616859004361168,-0.911310674287764,-1.177851894974348,0.8577891279455886,-1.461440576166749,0.622209214082959,1.379096902478929,-0.4814607612315388,-0.20998014190961997,-1.0161329645585022,1
-0.8043672005990544,-1.1099901739376037,-0.502969299721533,-0.25750359041502335,-0.911310674287764,-1.177851894974348,0.8577891279455886,1.4316811360790147,1.8407448792206904,1.1497546101905376,-0.997471732522988,-0.4282424977117365,-1.0161329645585022,0
-0.9738162891597597,-1.1099901739376037,-1.179024470547907,-0.3687450928841127,-0.911310674287764,-1.177851894974348,-0.013182598592753173,-1.461440576166749,0.5651428055227898,0.3470565871811683,-0.4814607612315388,-0.32903233598350173,-1.0161329645585022,1
-0.9738162891597597,0.9009088760241706,-0.502969299721533,-0.2525289917100598,-0.911310674287764,-1.177851894974348,-0.8841543251310949,-1.461440576166749,-0.11965409719924096,-0.9143260204049839,-0.4814607612315388,-1.8965528912896115,-1.0161329645585022,0
-0.9738162891597597,-1.1099901739376037,0.8491410419312149,-0.39235469626163805,-0.911310674287764,0.9048055324001227,-0.4882580857954851,0.2744324511807092,1.0015329886299666,-0.2262991435398101,-0.997471732522988,0.305912699077201,-1.0161329645585022,1
-0.9738162891597597,-1.1099901739376037,1.5251962127575889,-0.2499548342849517,-0.911310674287764,-1.177851894974348,-0.2507203421941191,-1.461440576166749,1.417782086362966,-0.2262991435398101,-0.7394662468772634,-0.8647672093159696,-1.0161329645585022,0
-0.8043672005990544,0.9009088760241706,1.5251962127575889,-0.3671658551999973,-0.911310674287764,-1.177851894974348,-0.7257958293968509,0.2744324511807092,-1.1804179269059165,-0.570312581972397,-0.7394662468772634,-0.4877685947486774,-1.0161329645585022,1
-0.9738162891597597,-1.1099901739376037,-1.179024470547907,-0.2414585355444108,-0.404365943111267,0.9048055324001227,-0.4882580857954851,-0.8828162337175963,-0.11965409719924096,-0.45564143582820127,-0.4814607612315388,-0.40840046536608954,0.9841231756854657,0
-1.143265377720465,0.9009088760241706,1.5251962127575889,-0.19191784939371043,-0.911310674287764,0.9048055324001227,-0.4882580857954851,-1.461440576166749,0.9981761410676039,-0.45564143582820127,-0.4814607612315388,0.5241750548793175,0.9841231756854657,0
-0.9738162891597597,0.9009088760241706,-1.179024470547907,-0.12968009226272217,-0.911310674287764,0.9048055324001227,-0.4882580857954851,-0.8828162337175963,-0.018948670328354386,-0.570312581972397,-0.7394662468772634,0.6829113136444932,0.9841231756854657,0
-0.2960199349169384,0.9009088760241706,-0.502969299721533,-0.2515972414764317,-0.23538436605243465,-1.177851894974348,0.8973787518791496,0.853056793629862,-0.46205254856025635,1.1497546101905376,-0.997471732522988,0.6233852166075523,-1.0161329645585022,0
-0.46546902347764374,-1.1099901739376037,-1.179024470547907,-0.25300276301529445,-0.06640278899360229,-1.177851894974348,-0.4090788379283631,-0.3041918912684436,-1.7510820125076092,-0.34097028968400567,-0.4814607612315388,0.5440170872249644,-1.0161329645585022,0
-0.9738162891597597,0.9009088760241706,-1.179024470547907,-0.10648109068306683,-0.911310674287764,0.9048055324001227,-0.4882580857954851,0.853056793629862,-0.5896127559300467,-0.570312581972397,-0.997471732522988,0.8813316371009629,-1.0161329645585022,0
-0.46546902347764374,0.9009088760241706,-0.502969299721533,-0.25317647916054714,-0.911310674287764,-1.177851894974348,-0.09236184645987515,-1.461440576166749,-1.0495008719737637,0.003043148748581378,-0.4814607612315388,-0.6068207888225592,0.9841231756854657,0
-1.143265377720465,0.9009088760241706,-1.179024470547907,-0.06897419568532588,-0.911310674287764,0.9048055324001227,-0.4882580857954851,0.2744324511807092,0.001192415045823164,-0.570312581972397,-0.4814607612315388,-2.2140254088199627,0.9841231756854657,0
-0.9738162891597597,0.9009088760241706,-0.502969299721533,-0.04977066544648251,-0.911310674287764,0.9048055324001227,-0.4882580857954851,-1.461440576166749,0.2865244578466693,-0.6849837281165926,-0.997471732522988,0.782121475372728,-1.0161329645585022,0
-0.46546902347764374,-1.1099901739376037,-0.502969299721533,0.003891831059759072,-0.06640278899360229,0.9048055324001227,-0.4882580857954851,-1.461440576166749,-0.25392799969375696,-0.6849837281165926,-0.7394662468772634,1.8337491896920168,-1.0161329645585022,0
-0.9738162891597597,-1.1099901739376037,-1.179024470547907,-0.2512024320554029,-0.7423290972289317,-1.177851894974348,-0.5040939353689095,0.853056793629862,1.1861596045599256,-0.45564143582820127,-0.4814607612315388,0.20670253734896618,-1.0161329645585022,0
-0.46546902347764374,-1.1099901739376037,-0.502969299721533,-0.3606436035646007,-0.5733475201700994,-1.177851894974348,-1.2008713165995828,0.853056793629862,0.5651428055227898,-1.143668312693375,-0.7394662468772634,-1.8370267942526706,-1.0161329645585022,1
-0.8043672005990544,-1.1099901739376037,-0.502969299721533,0.07487856496074669,-0.911310674287764,0.9048055324001227,-0.4882580857954851,1.4316811360790147,0.7464125738903866,-0.6849837281165926,-0.7394662468772634,-0.17029607721832604,0.9841231756854657,0
-0.46546902347764374,-1.1099901739376037,-0.502969299721533,0.1278777816396598,-0.404365943111267,0.9048055324001227,-0.4882580857954851,-0.3041918912684436,-1.0964967378468442,-0.7996548742607882,-0.997471732522988,1.0003838311748445,-1.0161329645585022,0
-0.634918112038349,0.9009088760241706,1.5251962127575889,0.13250494805411794,-0.911310674287764,0.9048055324001227,-0.4882580857954851,-1.461440576166749,0.001192415045823164,-0.7996548742607882,-0.4814607612315388,1.3972244780877838,0.9841231756854657,0
-0.2960199349169384,0.9009088760241706,-0.502969299721533,-0.24971794863233437,-0.5733475201700994,-1.177851894974348,-0.8841543251310949,0.853056793629862,-1.2106295549671826,-0.9143260204049839,-0.7394662468772634,0.18686050500331922,0.9841231756854657,0
-0.9738162891597597,0.9009088760241706,-0.502969299721533,-0.25237106794164826,-0.5733475201700994,-1.177851894974348,-0.7257958293968509,-0.8828162337175963,-0.46205254856025635,-0.6849837281165926,-0.4814607612315388,-0.5076106270943244,-1.0161329645585022,0
-0.46546902347764374,0.9009088760241706,-0.502969299721533,-0.24611728671255123,-0.404365943111267,-1.177851894974348,0.22435514500861276,-1.461440576166749,-0.6936750303632967,0.3470565871811683,-0.7394662468772634,-0.44808453005738347,0.9841231756854657,0
-0.634918112038349,0.9009088760241706,-0.502969299721533,-0.24703324456933817,-0.7423290972289317,-1.177851894974348,-0.2507203421941191,-0.3041918912684436,-0.5459737376193288,-0.2262991435398101,-0.997471732522988,-0.26950623894656084,0.9841231756854657,0
-0.8043672005990544,0.9009088760241706,-1.179024470547907,-0.2408426328476058,-0.911310674287764,-1.177851894974348,-0.2507203421941191,0.853056793629862,-1.173704231781191,-0.2262991435398101,-0.997471732522988,0.6035431842619053,0.9841231756854657,0
-0.46546902347764374,-1.1099901739376037,0.8491410419312149,0.1733440345653424,-0.404365943111267,0.9048055324001227,-0.4882580857954851,-0.8828162337175963,0.860545391010725,-0.7996548742607882,-0.997471732522988,-0.686188918205147,0.9841231756854657,0
-0.8043672005990544,0.9009088760241706,-1.179024470547907,-0.24952844011024053,-0.911310674287764,-1.177851894974348,-1.1018972567656804,-0.8828162337175963,0.23617174441122635,-1.143668312693375,-0.7394662468772634,0.4844909901880236,-1.0161329645585022,0
-0.8043672005990544,-1.1099901739376037,-0.502969299721533,0.2741151911887466,-0.23538436605243465,0.9048055324001227,-0.4882580857954851,1.4316811360790147,-1.173704231781191,-0.7996548742607882,-0.7394662468772634,0.7424374106814341,-1.0161329645585022,0
-0.8043672005990544,-1.1099901739376037,0.8491410419312149,0.34477028517607,-0.7423290972289317,0.9048055324001227,-0.4882580857954851,1.4316811360790147,0.001192415045823164,-0.9143260204049839,-0.7394662468772634,0.10749237562073138,0.9841231756854657,0
-0.46546902347764374,-1.1099901739376037,-1.179024470547907,0.34772345964536583,-0.404365943111267,0.9048055324001227,-0.4882580857954851,-0.8828162337175963,0.2965950005337584,-0.9143260204049839,-0.4814607612315388,-0.38855843302044263,0.9841231756854657,0
-0.634918112038349,0.9009088760241706,-0.502969299721533,-0.24698586743881473,-0.5733475201700994,-1.177851894974348,-0.9474977234247925,-1.461440576166749,-1.0427871768490378,-0.9143260204049839,-0.7394662468772634,-0.22982217425526694,0.9841231756854657,0
-0.46546902347764374,0.9009088760241706,0.8491410419312149,0.3765603397573132,-0.404365943111267,0.9048055324001227,-0.4882580857954851,-1.461440576166749,0.6624913848313142,-0.9143260204049839,-0.4814607612315388,0.008282213892496587,0.9841231756854657,0
-0.46546902347764374,-1.1099901739376037,0.8491410419312149,-0.35955392956256105,-0.5733475201700994,-1.177851894974348,-0.5674373336626071,0.2744324511807092,-1.8752853723150364,-0.34097028968400567,-0.4814607612315388,-0.26950623894656084,-1.0161329645585022,1
-0.9738162891597597,-1.1099901739376037,-0.502969299721533,-0.24417482436108928,-0.5733475201700994,-1.177851894974348,-0.8841543251310949,1.4316811360790147,-0.005521280078902488,-0.9143260204049839,-0.997471732522988,1.0202258635204915,0.9841231756854657,0
-0.9738162891597597,0.9009088760241706,-0.502969299721533,-0.24556455352311085,-0.5733475201700994,0.21058638994196582,-0.7574675285436998,-0.8828162337175963,2.17642963545698,-0.7996548742607882,-0.7394662468772634,-0.07108591549009124,-1.0161329645585022,0
-0.634918112038349,-1.1099901739376037,-1.179024470547907,0.49432409386179915,-0.404365943111267,0.9048055324001227,-0.4882580857954851,-0.8828162337175963,-0.37813135950118393,-0.9143260204049839,-0.7394662468772634,-0.7457150152420878,-1.0161329645585022,0
-0.8043672005990544,-1.1099901739376037,0.8491410419312149,0.4965508189964019,-0.911310674287764,0.9048055324001227,-0.4882580857954851,0.853056793629862,-1.0092187012254088,-0.9143260204049839,-0.997471732522988,0.008282213892496587,-1.0161329645585022,0
-0.9738162891597597,0.9009088760241706,1.5251962127575889,-0.2492283849502586,-0.911310674287764,0.21058638994196582,-0.4090788379283631,0.2744324511807092,-1.3482603050240614,-0.34097028968400567,-0.4814607612315388,-1.0631875327724392,0.9841231756854657,0
-0.634918112038349,-1.1099901739376037,-1.179024470547907,0.5527558881740693,-0.7423290972289317,0.9048055324001227,-0.4882580857954851,0.853056793629862,-0.8447331706696268,-0.9143260204049839,-0.997471732522988,-1.0830295651180861,0.9841231756854657,0
-0.2960199349169384,0.9009088760241706,-1.179024470547907,-0.23948448843926654,-0.23538436605243465,-1.177851894974348,-1.212748203779651,0.2744324511807092,-1.4254677989584081,-1.2583394588375707,-0.4814607612315388,1.298014316359549,0.9841231756854657,0
-0.9738162891597597,-1.1099901739376037,0.8491410419312149,-0.24314831986641428,-0.911310674287764,-1.177851894974348,-0.4090788379283631,0.853056793629862,-1.4254677989584081,-0.34097028968400567,-0.997471732522988,-0.5076106270943244,0.9841231756854657,0
-0.634918112038349,-1.1099901739376037,-0.502969299721533,-0.24325886650430237,-0.23538436605243465,-1.177851894974348,-0.8841543251310949,-0.8828162337175963,-1.0495008719737637,-0.9143260204049839,-0.4814607612315388,-1.9163949236352584,0.9841231756854657,0
-0.9738162891597597,-1.1099901739376037,0.8491410419312149,-0.24242187053172118,-0.911310674287764,-1.177851894974348,-0.5674373336626071,0.853056793629862,0.9981761410676039,-0.570312581972397,-0.7394662468772634,0.18686050500331922,0.9841231756854657,0
-0.9738162891597597,-1.1099901739376037,1.5251962127575889,-0.35274741514402363,-0.7423290972289317,0.9048055324001227,-0.48034016100877286,1.4316811360790147,-0.11965409719924096,-0.34097028968400567,-0.997471732522988,1.0599099282117854,-1.0161329645585022,0
-0.8043672005990544,-1.1099901739376037,0.8491410419312149,-0.39341278550999537,-0.911310674287764,0.9048055324001227,-0.4763811986154168,0.2744324511807092,-1.0092187012254088,-0.2262991435398101,-0.4814607612315388,-2.8489704438806656,0.9841231756854657,0
-0.634918112038349,0.9009088760241706,-0.502969299721533,0.387409702647186,-0.5733475201700994,0.9048055324001227,-0.4763811986154168,-0.8828162337175963,-1.3482603050240614,-0.9143260204049839,-0.7394662468772634,-1.3012919209202027,0.9841231756854657,0
-0.634918112038349,0.9009088760241706,1.5251962127575889,-0.8396579779104864,-0.7423290972289317,0.9048055324001227,-0.47242223622206064,-0.8828162337175963,0.561785957960427,1.2644257563347332,-0.4814607612315388,-0.9242933063529105,-1.0161329645585022,1
-0.2960199349169384,-1.1099901739376037,1.5251962127575889,-0.3572008654132291,-0.911310674287764,-1.177851894974348,-0.7257958293968509,0.2744324511807092,0.6255660616453219,-0.570312581972397,-0.4814607612315388,0.7622794430270811,-1.0161329645585022,1
-0.8043672005990544,0.9009088760241706,1.5251962127575889,-0.8336094975803243,-0.911310674287764,0.9048055324001227,-0.47242223622206064,-0.8828162337175963,0.03476089066945202,1.1497546101905376,-0.997471732522988,-2.3926036999307856,0.9841231756854657,0
-0.2960199349169384,-1.1099901739376037,0.8491410419312149,-0.699611180083132,-0.7423290972289317,0.9048055324001227,-0.47242223622206064,-0.8828162337175963,0.001192415045823164,0.5763988794695595,-0.7394662468772634,0.18686050500331922,-1.0161329645585022,0
-0.634918112038349,0.9009088760241706,-1.179024470547907,-0.6795706538717075,-0.23538436605243465,0.9048055324001227,-0.47242223622206064,-0.3041918912684436,0.6893461653302174,0.4617277333253637,-0.997471732522988,0.18686050500331922,-1.0161329645585022,1
-0.9738162891597597,0.9009088760241706,0.8491410419312149,-0.6765227251413647,-0.5733475201700994,0.9048055324001227,-0.47242223622206064,0.2744324511807092,-0.22707321919485376,0.4617277333253637,-0.997471732522988,0.16701847265767225,-1.0161329645585022,0
-0.8043672005990544,-1.1099901739376037,-0.502969299721533,-0.5892856354708295,-0.911310674287764,0.9048055324001227,-0.47242223622206064,-0.8828162337175963,-1.1804179269059165,0.1177142948927768,-0.7394662468772634,-0.32903233598350173,0.9841231756854657,0
-0.2960199349169384,-1.1099901739376037,1.5251962127575889,-0.5827317990817505,-0.23538436605243465,0.9048055324001227,-0.47242223622206064,0.2744324511807092,-0.811164695045998,0.1177142948927768,-0.4814607612315388,0.10749237562073138,-1.0161329645585022,0
-0.46546902347764374,0.9009088760241706,-0.502969299721533,-0.5546529530581786,-0.911310674287764,0.9048055324001227,-0.47242223622206064,0.2744324511807092,0.16232109803924238,0.1177142948927768,-0.4814607612315388,0.9210157017922567,0.9841231756854657,0
-0.46546902347764374,0.9009088760241706,0.8491410419312149,-0.2418691373422808,-0.06640278899360229,0.21058638994196582,-0.3774071387815143,-0.3041918912684436,-0.3680608168140954,-0.34097028968400567,-0.7394662468772634,-0.24966420660091387,0.9841231756854657,0
-0.9738162891597597,-1.1099901739376037,1.5251962127575889,-0.5067072969684348,-0.404365943111267,0.9048055324001227,-0.47242223622206064,0.2744324511807092,0.001192415045823164,0.003043148748581378,-0.997471732522988,0.286070666731554,-1.0161329645585022,0
-0.46546902347764374,0.9009088760241706,1.5251962127575889,-0.24074787858655886,-0.06640278899360229,-1.177851894974348,-0.5674373336626071,-0.3041918912684436,-1.4724636648314886,-0.570312581972397,-0.7394662468772634,0.9606997664835506,-1.0161329645585022,0
-0.2960199349169384,0.9009088760241706,-1.179024470547907,-0.47273789438311237,-0.404365943111267,0.9048055324001227,-0.47242223622206064,-1.461440576166749,0.954537122756886,-0.11162799739561437,-0.4814607612315388,0.10749237562073138,0.9841231756854657,0
-0.2960199349169384,-1.1099901739376037,-1.179024470547907,-0.46839499075179497,-0.23538436605243465,0.9048055324001227,-0.47242223622206064,-1.461440576166749,-1.0092187012254088,-0.11162799739561437,-0.997471732522988,-0.5472946917856183,0.9841231756854657,0
-0.46546902347764374,0.9009088760241706,0.8491410419312149,-0.4510233762265255,0.2715603651240624,0.9048055324001227,-0.47242223622206064,0.2744324511807092,-0.11965409719924096,-0.11162799739561437,-0.4814607612315388,0.14717644031202531,0.9841231756854657,0
-0.9738162891597597,-1.1099901739376037,-0.502969299721533,-0.4502653421381501,-0.911310674287764,0.9048055324001227,-0.47242223622206064,0.2744324511807092,1.9750187817152072,-0.11162799739561437,-0.7394662468772634,-0.4877685947486774,-1.0161329645585022,1
-0.8043672005990544,-1.1099901739376037,0.8491410419312149,-0.3333701687599276,-0.5733475201700994,0.9048055324001227,-0.47242223622206064,-0.8828162337175963,0.03476089066945202,-0.34097028968400567,-0.997471732522988,-0.22982217425526694,0.9841231756854657,0
-0.2960199349169384,-1.1099901739376037,1.5251962127575889,-0.24087421760128808,-0.7423290972289317,0.21058638994196582,-1.121692068732461,-0.3041918912684436,-0.3680608168140954,-1.143668312693375,-0.997471732522988,0.286070666731554,-1.0161329645585022,0
-0.8043672005990544,0.9009088760241706,0.8491410419312149,-0.2594460527664853,-0.7423290972289317,0.9048055324001227,-0.47242223622206064,-1.461440576166749,-1.1804179269059165,-0.45564143582820127,-0.7394662468772634,0.8813316371009629,0.9841231756854657,0
-0.634918112038349,0.9009088760241706,1.5251962127575889,-0.24297460372116159,-0.23538436605243465,-1.177851894974348,-0.2507203421941191,-0.3041918912684436,-1.6705176710108995,-0.2262991435398101,-0.997471732522988,0.38528082845978884,-1.0161329645585022,0
-0.46546902347764374,0.9009088760241706,-0.502969299721533,-0.35418452143656864,-0.06640278899360229,-1.177851894974348,0.38271364074285674,-0.8828162337175963,-1.4724636648314886,0.8057411717579506,-0.997471732522988,0.14717644031202531,-1.0161329645585022,1
-0.9738162891597597,0.9009088760241706,-0.502969299721533,-0.24250083241592696,-0.911310674287764,-1.177851894974348,-1.359229812333827,-1.461440576166749,1.4312094766124175,-1.3730106049817663,-0.4814607612315388,-0.13061201252703214,0.9841231756854657,0
-0.634918112038349,-1.1099901739376037,-1.179024470547907,-0.2622255110905284,-0.911310674287764,0.9048055324001227,-0.47242223622206064,-0.3041918912684436,0.001192415045823164,-0.45564143582820127,-0.7394662468772634,-0.6663468858595001,0.9841231756854657,0
-1.143265377720465,-1.1099901739376037,-1.179024470547907,-0.24667001990199164,-0.7423290972289317,0.21058638994196582,-1.042512820865339,0.2744324511807092,-1.173704231781191,-1.0289971665491795,-0.4814607612315388,-2.789444346843725,0.9841231756854657,0
-0.2960199349169384,0.9009088760241706,1.5251962127575889,-0.245990947697822,-0.23538436605243465,-1.177851894974348,0.30353439287573475,0.2744324511807092,1.223084927745918,0.4617277333253637,-0.4814607612315388,1.5956448015442533,-1.0161329645585022,0
-0.2960199349169384,-1.1099901739376037,0.8491410419312149,-0.22094423802775162,-0.5733475201700994,0.9048055324001227,-0.47242223622206064,0.853056793629862,0.3234497810326616,-0.45564143582820127,-0.4814607612315388,-0.6266628211682062,-1.0161329645585022,0
-0.9738162891597597,0.9009088760241706,0.8491410419312149,-0.10520190815893335,-0.911310674287764,0.9048055324001227,-0.47242223622206064,-1.461440576166749,-0.1397951825734185,-0.570312581972397,-0.997471732522988,1.0599099282117854,-1.0161329645585022,0
-0.46546902347764374,-1.1099901739376037,-1.179024470547907,-0.2416954211970281,-0.404365943111267,-1.177851894974348,0.19268344586176397,1.4316811360790147,-1.173704231781191,0.3470565871811683,-0.997471732522988,-0.11076998018138517,0.9841231756854657,0
-0.9738162891597597,0.9009088760241706,0.8491410419312149,-0.1057704337252149,-0.911310674287764,0.9048055324001227,-0.47242223622206064,0.853056793629862,-0.005521280078902488,-0.570312581972397,-0.997471732522988,-1.9163949236352584,0.9841231756854657,0
-0.2960199349169384,-1.1099901739376037,-0.502969299721533,-0.23904230188771422,-0.5733475201700994,-1.177851894974348,-1.0741845200121878,-0.3041918912684436,-1.6705176710108995,-1.143668312693375,-0.4814607612315388,0.9011736694466097,-1.0161329645585022,0
-0.9738162891597597,0.9009088760241706,1.5251962127575889,-0.03791059043877579,-0.911310674287764,0.9048055324001227,-0.47242223622206064,0.2744324511807092,-0.707102420612748,-0.570312581972397,-0.7394662468772634,-1.202081759191968,-1.0161329645585022,0
-0.2960199349169384,-1.1099901739376037,1.5251962127575889,-0.245990947697822,-0.23538436605243465,-1.177851894974348,0.38271364074285674,1.4316811360790147,-1.6839450612603513,0.5763988794695595,-0.4814607612315388,-0.8052411122790287,0.9841231756854657,0
-0.9738162891597597,0.9009088760241706,0.8491410419312149,-0.23864749246668537,-0.911310674287764,-1.177851894974348,-0.7218368670034949,-1.461440576166749,-1.1804179269059165,-0.6849837281165926,-0.7394662468772634,0.305912699077201,-1.0161329645585022,0
-0.8043672005990544,-1.1099901739376037,-1.179024470547907,0.08121130807404947,-0.7423290972289317,0.9048055324001227,-0.47242223622206064,1.4316811360790147,0.6154955189582334,-0.6849837281165926,-0.7394662468772634,0.26622863438590705,0.9841231756854657,0
-0.2960199349169384,-1.1099901739376037,0.8491410419312149,-0.23534688570688417,0.2715603651240624,0.21058638994196582,-0.5674373336626071,1.4316811360790147,-0.34120603631519225,-0.570312581972397,-0.997471732522988,0.5241750548793175,-1.0161329645585022,0
-0.46546902347764374,-1.1099901739376037,-0.502969299721533,0.5884624522119187,-0.23538436605243465,0.9048055324001227,-0.47242223622206064,1.4316811360790147,0.001192415045823164,-0.9143260204049839,-0.997471732522988,0.26622863438590705,-1.0161329645585022,0
-0.46546902347764374,-1.1099901739376037,-0.502969299721533,0.6817480222126159,-0.404365943111267,0.9048055324001227,-0.47242223622206064,1.4316811360790147,-0.005521280078902488,-1.0289971665491795,-0.997471732522988,1.1591200899400202,0.9841231756854657,0
-0.46546902347764374,0.9009088760241706,0.8491410419312149,-0.24562772303047548,0.10257878806523006,-1.177851894974348,0.4420980766431982,1.4316811360790147,0.8336906105118219,0.5763988794695595,-0.7394662468772634,-0.26950623894656084,-1.0161329645585022,0
-0.634918112038349,-1.1099901739376037,1.5251962127575889,-0.24237449340119774,-0.911310674287764,-1.177851894974348,0.8577891279455886,1.4316811360790147,0.001192415045823164,1.035083464046342,-0.997471732522988,0.305912699077201,-1.0161329645585022,0
-0.9738162891597597,0.9009088760241706,1.5251962127575889,-0.24365367592533121,-0.404365943111267,-1.177851894974348,-0.3536533644213777,1.4316811360790147,1.2700807936189982,-0.34097028968400567,-0.4814607612315388,0.782121475372728,0.9841231756854657,0
-0.46546902347764374,-1.1099901739376037,-1.179024470547907,-0.9936336521117387,-0.5733475201700994,0.9048055324001227,-0.46846327382870456,-1.461440576166749,-0.7977373047965461,2.869821802353472,-0.7394662468772634,-0.3488743683291487,-1.0161329645585022,1
-0.8043672005990544,0.9009088760241706,0.8491410419312149,-0.9229785581244153,-0.911310674287764,0.9048055324001227,-0.46846327382870456,-0.8828162337175963,-1.6705176710108995,1.952452633199907,-0.7394662468772634,-0.7457150152420878,-1.0161329645585022,1
-1.143265377720465,0.9009088760241706,0.8491410419312149,-0.7146139380822283,-0.911310674287764,0.9048055324001227,-0.46846327382870456,-1.461440576166749,0.6893461653302174,0.5763988794695595,-0.997471732522988,0.8416475724096689,-1.0161329645585022,1
-0.9738162891597597,0.9009088760241706,0.8491410419312149,-0.356679716977471,-0.7423290972289317,-1.177851894974348,2.2830155895537843,0.2744324511807092,-0.21364582894540246,3.213835240786059,-0.4814607612315388,0.26622863438590705,-1.0161329645585022,1
-0.2960199349169384,0.9009088760241706,-0.502969299721533,-0.7110132761624451,-0.404365943111267,0.9048055324001227,-0.46846327382870456,-0.8828162337175963,0.6423502994571366,0.5763988794695595,-0.997471732522988,-0.24966420660091387,0.9841231756854657,0
-0.634918112038349,0.9009088760241706,-0.502969299721533,-0.24316411224325543,-0.7423290972289317,-1.177851894974348,-0.4328326122884997,1.4316811360790147,-1.371758237960602,-0.34097028968400567,-0.997471732522988,1.4567505751247247,0.9841231756854657,0
-0.9738162891597597,0.9009088760241706,0.8491410419312149,-0.24674898178619742,-0.911310674287764,-1.177851894974348,-0.7257958293968509,0.853056793629862,-1.8752853723150364,-0.6849837281165926,-0.7394662468772634,-0.3488743683291487,0.9841231756854657,0
-0.634918112038349,0.9009088760241706,-0.502969299721533,-0.29688977825686164,-0.404365943111267,0.9048055324001227,-0.46846327382870456,0.2744324511807092,0.0716862138554443,-0.34097028968400567,-0.997471732522988,0.801963507718375,0.9841231756854657,0
-0.634918112038349,0.9009088760241706,-0.502969299721533,-0.24240607815488002,-0.7423290972289317,-1.177851894974348,0.06599664927436881,-0.3041918912684436,1.3103629643673533,0.1177142948927768,-0.4814607612315388,-0.011559818453150373,0.9841231756854657,0
-0.634918112038349,0.9009088760241706,-1.179024470547907,-0.16819769937829698,-0.911310674287764,0.9048055324001227,-0.46846327382870456,1.4316811360790147,0.0716862138554443,-0.45564143582820127,-0.4814607612315388,0.06780831092943747,-1.0161329645585022,0
-0.46546902347764374,-1.1099901739376037,-1.179024470547907,-0.6062782329519113,-0.404365943111267,0.9048055324001227,-0.4645043114353485,1.4316811360790147,-0.707102420612748,0.23238544103697253,-0.7394662468772634,0.5638591195706114,0.9841231756854657,0
-0.634918112038349,-1.1099901739376037,0.8491410419312149,-0.18307411836266413,-0.911310674287764,0.9048055324001227,-0.4645043114353485,1.4316811360790147,0.5651428055227898,-0.45564143582820127,-0.997471732522988,-0.20998014190961997,-1.0161329645585022,0
-1.143265377720465,-1.1099901739376037,-1.179024470547907,-0.2470964140767028,-0.911310674287764,-1.177851894974348,1.3328646151483206,1.4316811360790147,0.9377528849450718,1.6084391947673204,-0.7394662468772634,0.6035431842619053,-1.0161329645585022,0
-0.9738162891597597,-1.1099901739376037,-1.179024470547907,0.12824100630700633,-0.7423290972289317,0.9048055324001227,-0.4645043114353485,0.853056793629862,0.001192415045823164,-0.6849837281165926,-0.4814607612315388,0.6829113136444932,0.9841231756854657,0
-0.9738162891597597,0.9009088760241706,-0.502969299721533,-1.0276030546970611,-0.7423290972289317,0.9048055324001227,-0.45658638664863627,-0.8828162337175963,-1.1233515183457474,3.5578486792186466,-0.4814607612315388,-1.7775006972157297,-1.0161329645585022,1
-1.143265377720465,0.9009088760241706,-0.502969299721533,-0.8407002747820025,-0.911310674287764,0.9048055324001227,-0.45658638664863627,-1.461440576166749,-1.371758237960602,1.2644257563347332,-0.4814607612315388,-1.6386064707962011,-1.0161329645585022,1
-0.8043672005990544,-1.1099901739376037,-0.502969299721533,-0.7712138166809246,-0.5733475201700994,0.9048055324001227,-0.45658638664863627,-0.8828162337175963,0.9377528849450718,0.9204123179021463,-0.7394662468772634,0.801963507718375,-1.0161329645585022,0
-0.9738162891597597,0.9009088760241706,-0.502969299721533,-0.2390896790182377,-0.404365943111267,-1.177851894974348,-0.47242223622206064,1.4316811360790147,1.159304824061023,-0.45564143582820127,-0.4814607612315388,1.0599099282117854,0.9841231756854657,0
-0.2960199349169384,-1.1099901739376037,-1.179024470547907,-0.24251662479276812,-0.06640278899360229,-1.177851894974348,-0.2507203421941191,-1.461440576166749,0.001192415045823164,-0.2262991435398101,-0.997471732522988,-0.5671367241312653,0.9841231756854657,0
-0.9738162891597597,0.9009088760241706,-0.502969299721533,-0.7222890332270292,-0.911310674287764,0.9048055324001227,-0.45658638664863627,1.4316811360790147,1.4446368668618692,0.6910700256137552,-0.7394662468772634,1.258330251668255,-1.0161329645585022,1
-0.9738162891597597,0.9009088760241706,-0.502969299721533,-0.5643336800618061,-0.911310674287764,0.9048055324001227,-0.45658638664863627,0.853056793629862,1.0418151593783211,0.1177142948927768,-0.4814607612315388,1.2186461869769611,-1.0161329645585022,1
-0.9738162891597597,0.9009088760241706,-0.502969299721533,-0.2415532898054577,-0.911310674287764,-1.177851894974348,-0.2507203421941191,1.4316811360790147,1.9515208487786668,-0.2262991435398101,-0.4814607612315388,-1.4997122443766724,0.9841231756854657,0
-0.9738162891597597,-1.1099901739376037,-0.502969299721533,-0.33512312258929566,-0.911310674287764,0.9048055324001227,-0.45658638664863627,-1.461440576166749,0.3301634761573873,-0.34097028968400567,-0.7394662468772634,1.0400678958661385,0.9841231756854657,0
-0.9738162891597597,-1.1099901739376037,0.8491410419312149,0.1213081528737397,-0.911310674287764,0.9048055324001227,-0.45658638664863627,0.853056793629862,0.8269769153870962,-0.6849837281165926,-0.7394662468772634,0.2463866020402601,0.9841231756854657,0
-0.2960199349169384,0.9009088760241706,1.5251962127575889,-0.2402109377739596,-0.23538436605243465,-1.177851894974348,-0.2507203421941191,-1.461440576166749,-1.0495008719737637,-0.2262991435398101,-0.997471732522988,-0.22982217425526694,-1.0161329645585022,0
-0.8043672005990544,0.9009088760241706,0.8491410419312149,0.37054344418083346,-0.06640278899360229,0.9048055324001227,-0.45658638664863627,0.2744324511807092,1.417782086362966,-0.9143260204049839,-0.997471732522988,-0.190138109563973,-1.0161329645585022,0
-0.8043672005990544,0.9009088760241706,-0.502969299721533,-0.3577693909795106,-0.911310674287764,-1.177851894974348,1.0161476236798326,0.2744324511807092,1.1223795008750308,1.6084391947673204,-0.7394662468772634,1.0797519605574324,-1.0161329645585022,1
-0.9738162891597597,0.9009088760241706,-0.502969299721533,-0.2398319207297719,-0.911310674287764,-1.177851894974348,-0.2903099661276801,-1.461440576166749,-1.2979075915886182,-0.2262991435398101,-0.4814607612315388,0.06780831092943747,0.9841231756854657,0
-1.143265377720465,0.9009088760241706,0.8491410419312149,-0.23855273820563844,-0.911310674287764,0.21058638994196582,0.7627740305050422,0.853056793629862,0.11868207972852446,0.9204123179021463,-0.7394662468772634,-0.15045404487267908,0.9841231756854657,0
-0.9738162891597597,0.9009088760241706,-1.179024470547907,-0.24174279832755155,-0.911310674287764,-1.177851894974348,-0.2507203421941191,0.853056793629862,1.6997572816014495,-0.2262991435398101,-0.4814607612315388,-0.9639773710442044,-1.0161329645585022,0
-0.8043672005990544,-1.1099901739376037,-0.502969299721533,0.08605956776428378,-0.911310674287764,0.9048055324001227,-0.4526274242552802,-1.461440576166749,-1.4724636648314886,-0.6849837281165926,-0.997471732522988,-0.15045404487267908,-1.0161329645585022,0
-0.2960199349169384,0.9009088760241706,-1.179024470547907,-0.4668157530676796,-0.06640278899360229,0.9048055324001227,-0.44866846186192405,-0.8828162337175963,-1.6839450612603513,-0.11162799739561437,-0.7394662468772634,-2.4124457322764323,0.9841231756854657,0
-0.46546902347764374,0.9009088760241706,-0.502969299721533,-0.45200250359067706,-0.404365943111267,0.9048055324001227,-0.44866846186192405,0.2744324511807092,2.102578989084997,-0.11162799739561437,-0.997471732522988,-2.5910240233872552,-1.0161329645585022,1
-0.46546902347764374,-1.1099901739376037,0.8491410419312149,0.17569709871467437,-0.404365943111267,0.9048055324001227,-0.44470949946856797,1.4316811360790147,-1.0427871768490378,-0.7996548742607882,-0.4814607612315388,0.5638591195706114,-1.0161329645585022,0
-0.2960199349169384,0.9009088760241706,1.5251962127575889,-0.2376683651025338,-0.404365943111267,0.21058638994196582,1.0161476236798326,0.853056793629862,-0.25392799969375696,1.2644257563347332,-0.997471732522988,0.0479662785837905,-1.0161329645585022,0
-0.634918112038349,0.9009088760241706,1.5251962127575889,-0.2409373871086527,-0.404365943111267,0.21058638994196582,0.034324950127520015,-0.3041918912684436,-1.173704231781191,0.1177142948927768,-0.4814607612315388,0.22654456969461315,-1.0161329645585022,0
-0.8043672005990544,-1.1099901739376037,0.8491410419312149,-0.7233471224753866,-0.911310674287764,0.9048055324001227,-0.4407505370752119,-0.8828162337175963,-0.707102420612748,0.6910700256137552,-0.7394662468772634,-0.38855843302044263,0.9841231756854657,0
-0.9738162891597597,-1.1099901739376037,-1.179024470547907,-0.24460121853580044,-0.911310674287764,0.21058638994196582,-1.1612816926660219,1.4316811360790147,-0.12972463988633004,-1.2583394588375707,-0.7394662468772634,-0.6663468858595001,0.9841231756854657,0
-0.9738162891597597,-1.1099901739376037,-0.502969299721533,-0.7193674435114157,-0.5733475201700994,0.9048055324001227,-0.4407505370752119,0.2744324511807092,-0.8447331706696268,0.6910700256137552,-0.7394662468772634,0.7424374106814341,-1.0161329645585022,0
-0.634918112038349,-1.1099901739376037,-0.502969299721533,-0.24243766290856233,-0.7423290972289317,0.21058638994196582,-0.9870873473583536,0.2744324511807092,-1.4254677989584081,-1.0289971665491795,-0.997471732522988,1.4964346398160184,0.9841231756854657,0
-0.46546902347764374,0.9009088760241706,-1.179024470547907,-0.7000849513883666,-0.911310674287764,0.9048055324001227,-0.4407505370752119,-0.8828162337175963,-0.46205254856025635,0.5763988794695595,-0.7394662468772634,0.5638591195706114,0.9841231756854657,0
-0.9738162891597597,-1.1099901739376037,-1.179024470547907,-0.696752759874883,-0.911310674287764,0.9048055324001227,-0.4407505370752119,1.4316811360790147,-0.1397951825734185,0.5763988794695595,-0.997471732522988,-0.4877685947486774,-1.0161329645585022,0
-0.9738162891597597,0.9009088760241706,-0.502969299721533,-0.2366734453615411,-0.7423290972289317,-1.177851894974348,0.06599664927436881,-0.8828162337175963,2.142861159833352,0.1177142948927768,-0.7394662468772634,1.0599099282117854,-1.0161329645585022,0
-0.634918112038349,0.9009088760241706,1.5251962127575889,-0.667947464516618,-0.7423290972289317,0.9048055324001227,-0.4407505370752119,-0.8828162337175963,3.018998373610068,0.4617277333253637,-0.7394662468772634,-0.40840046536608954,-1.0161329645585022,1
-0.9738162891597597,-1.1099901739376037,1.5251962127575889,-0.5466462179997135,-0.911310674287764,0.9048055324001227,-0.4407505370752119,0.853056793629862,-1.2979075915886182,0.1177142948927768,-0.997471732522988,-1.5592383414136133,0.9841231756854657,0
-0.9738162891597597,-1.1099901739376037,-0.502969299721533,-0.24777548628087243,-0.911310674287764,-1.177851894974348,-1.121692068732461,-0.8828162337175963,-1.2106295549671826,-1.143668312693375,-0.7394662468772634,0.12733440796637835,0.9841231756854657,0
-0.46546902347764374,-1.1099901739376037,1.5251962127575889,-0.240558370064465,-0.23538436605243465,-1.177851894974348,0.1847655210750518,1.4316811360790147,0.04483143335654109,0.3470565871811683,-0.997471732522988,-1.3012919209202027,0.9841231756854657,0
-0.46546902347764374,0.9009088760241706,0.8491410419312149,-0.24480651943473544,-0.23538436605243465,-1.177851894974348,1.0161476236798326,0.2744324511807092,0.5114332445249834,1.2644257563347332,-0.997471732522988,-0.5869787564769122,0.9841231756854657,0
-0.9738162891597597,0.9009088760241706,0.8491410419312149,-0.6435324499201938,-0.911310674287764,0.9048055324001227,-0.4407505370752119,1.4316811360790147,1.0418151593783211,0.3470565871811683,-0.997471732522988,-1.4600281796853785,-1.0161329645585022,1
-0.634918112038349,-1.1099901739376037,-1.179024470547907,-0.5240631191168631,-0.911310674287764,0.9048055324001227,-0.4407505370752119,0.853056793629862,-1.1166378232210217,0.1177142948927768,-0.7394662468772634,-1.182239726846321,0.9841231756854657,0
-0.634918112038349,0.9009088760241706,0.8491410419312149,-0.24003722162870691,-0.7423290972289317,-1.177851894974348,-0.3774071387815143,-0.3041918912684436,1.1458774338115711,-0.34097028968400567,-0.7394662468772634,0.4249648931510827,0.9841231756854657,0
-0.9738162891597597,0.9009088760241706,0.8491410419312149,-0.46779488043183115,-0.7423290972289317,0.9048055324001227,-0.4407505370752119,0.853056793629862,0.19588957366287124,0.003043148748581378,-0.997471732522988,0.38528082845978884,0.9841231756854657,0
-1.143265377720465,-1.1099901739376037,1.5251962127575889,-0.39464459090360543,-0.911310674287764,0.9048055324001227,-0.4407505370752119,0.853056793629862,-1.7510820125076092,-0.2262991435398101,-0.7394662468772634,-1.678290535487495,0.9841231756854657,0
-0.634918112038349,-1.1099901739376037,-1.179024470547907,-0.24305356560536734,-0.911310674287764,-1.177851894974348,-0.5040939353689095,-0.8828162337175963,0.8941138666343539,-0.45564143582820127,-0.997471732522988,0.14717644031202531,0.9841231756854657,0
-0.8043672005990544,0.9009088760241706,0.8491410419312149,-0.3748409503447982,-0.911310674287764,0.9048055324001227,-0.4407505370752119,1.4316811360790147,1.5587696839822078,-0.2262991435398101,-0.4814607612315388,0.6630692812988462,-1.0161329645585022,1
-0.8043672005990544,-1.1099901739376037,0.8491410419312149,-0.3565533779627418,-0.7423290972289317,0.9048055324001227,-0.4407505370752119,-0.3041918912684436,-0.11965409719924096,-0.2262991435398101,-0.997471732522988,-1.9362369559809054,-1.0161329645585022,1
-0.9738162891597597,0.9009088760241706,0.8491410419312149,-0.23596278840368917,-0.911310674287764,-1.177851894974348,-0.8841543251310949,-1.461440576166749,-0.2069321338206762,-0.9143260204049839,-0.997471732522988,-1.3012919209202027,0.9841231756854657,0
-0.2960199349169384,-1.1099901739376037,-0.502969299721533,-0.24010039113607154,-0.06640278899360229,0.9048055324001227,-0.4407505370752119,-0.8828162337175963,-0.3680608168140954,-0.34097028968400567,-0.4814607612315388,-0.7853990799333818,0.9841231756854657,0
-1.143265377720465,0.9009088760241706,1.5251962127575889,-0.24347995978007853,-0.7423290972289317,-1.177851894974348,0.38271364074285674,0.853056793629862,0.7497694214527494,0.5763988794695595,-0.997471732522988,-2.03544711770914,0.9841231756854657,0
-0.634918112038349,-1.1099901739376037,0.8491410419312149,-0.23700508527520533,-0.911310674287764,-1.177851894974348,1.8079401023510524,1.4316811360790147,-0.11965409719924096,2.0671237793441026,-0.4814607612315388,0.9606997664835506,0.9841231756854657,0
-0.46546902347764374,-1.1099901739376037,-0.502969299721533,-0.23937394180137844,-0.7423290972289317,-1.177851894974348,-0.7574675285436998,1.4316811360790147,-1.8752853723150364,-0.7996548742607882,-0.997471732522988,1.0797519605574324,-1.0161329645585022,0
-0.2960199349169384,0.9009088760241706,-0.502969299721533,-0.24336941314219043,-0.7423290972289317,-1.177851894974348,-0.7257958293968509,-1.461440576166749,-0.33784918875282943,-0.6849837281165926,-0.4814607612315388,-0.17029607721832604,0.9841231756854657,0
-0.634918112038349,0.9009088760241706,-1.179024470547907,-0.22263402234975513,-0.7423290972289317,0.9048055324001227,-0.4407505370752119,-0.3041918912684436,-0.1397951825734185,-0.45564143582820127,-0.7394662468772634,-0.15045404487267908,0.9841231756854657,0
-0.8043672005990544,-1.1099901739376037,0.8491410419312149,-0.2476175625124609,-0.5733475201700994,-1.177851894974348,0.06599664927436881,0.853056793629862,-1.7510820125076092,0.23238544103697253,-0.7394662468772634,0.26622863438590705,0.9841231756854657,0
-0.634918112038349,-1.1099901739376037,0.8491410419312149,-0.24254820954645043,-0.06640278899360229,-1.177851894974348,-1.1375279183058853,-1.461440576166749,-0.21700267650776528,-1.143668312693375,-0.997471732522988,-0.686188918205147,0.9841231756854657,0
-0.46546902347764374,0.9009088760241706,-1.179024470547907,-0.24077946334024117,-0.7423290972289317,0.21058638994196582,-1.2008713165995828,-0.8828162337175963,-0.0860856215756121,-1.2583394588375707,-0.4814607612315388,1.0003838311748445,0.9841231756854657,0
-0.8043672005990544,0.9009088760241706,-0.502969299721533,-0.3278902139960471,-0.7423290972289317,0.9048055324001227,-0.4407505370752119,0.853056793629862,-1.4993184453303918,-0.34097028968400567,-0.4814607612315388,-1.162397694500674,-1.0161329645585022,1
-0.9738162891597597,0.9009088760241706,-1.179024470547907,-0.23662606823101764,-0.911310674287764,-1.177851894974348,-1.2800505644667048,-0.8828162337175963,0.9343960373827085,-1.3730106049817663,-0.997471732522988,0.782121475372728,-1.0161329645585022,0
-0.8043672005990544,0.9009088760241706,-1.179024470547907,-0.20140906787524404,-0.911310674287764,0.9048055324001227,-0.4407505370752119,1.4316811360790147,0.16232109803924238,-0.45564143582820127,-0.997471732522988,0.5837011519162584,-1.0161329645585022,0
-0.9738162891597597,0.9009088760241706,0.8491410419312149,-0.20363579300984674,-0.911310674287764,0.9048055324001227,-0.4407505370752119,-0.8828162337175963,0.3301634761573873,-0.45564143582820127,-0.997471732522988,-0.190138109563973,0.9841231756854657,0
-0.634918112038349,-1.1099901739376037,-1.179024470547907,-0.10820245975875262,-0.404365943111267,0.9048055324001227,-0.4407505370752119,1.4316811360790147,-1.173704231781191,-0.570312581972397,-0.997471732522988,-1.162397694500674,-1.0161329645585022,0
-0.9738162891597597,0.9009088760241706,-0.502969299721533,-0.0018092169798975526,-0.911310674287764,0.9048055324001227,-0.4407505370752119,0.853056793629862,-0.21364582894540246,-0.570312581972397,-0.7394662468772634,-0.5869787564769122,0.9841231756854657,0
-0.2960199349169384,-1.1099901739376037,-0.502969299721533,-0.2337834403996099,-0.23538436605243465,0.21058638994196582,0.5410721364771007,1.4316811360790147,-1.0427871768490378,0.6910700256137552,-0.7394662468772634,0.5638591195706114,0.9841231756854657,0
-0.46546902347764374,0.9009088760241706,-0.502969299721533,0.04455720142573084,-0.911310674287764,0.9048055324001227,-0.4407505370752119,-1.461440576166749,-0.8447331706696268,-0.6849837281165926,-0.4814607612315388,-0.30919030363785477,0.9841231756854657,0
-0.9738162891597597,-1.1099901739376037,0.8491410419312149,-0.24089000997812923,-0.911310674287764,-1.177851894974348,-0.4882580857954851,-0.8828162337175963,0.8739727812601764,-0.45564143582820127,-0.7394662468772634,1.0003838311748445,0.9841231756854657,0
-0.8043672005990544,0.9009088760241706,1.5251962127575889,-0.3547056698723267,-0.911310674287764,-1.177851894974348,2.4413740852880284,0.2744324511807092,-1.1804179269059165,3.4431775330744507,-0.7394662468772634,1.4369085427790778,-1.0161329645585022,1
-0.2960199349169384,0.9009088760241706,-0.502969299721533,-0.23420983457432107,-0.404365943111267,-1.177851894974348,-0.8841543251310949,0.2744324511807092,-1.4254677989584081,-0.9143260204049839,-0.7394662468772634,-0.07108591549009124,0.9841231756854657,0
-0.8043672005990544,-1.1099901739376037,-0.502969299721533,-0.24033727678868885,-0.911310674287764,-1.177851894974348,-0.4090788379283631,-1.461440576166749,-1.1804179269059165,-0.34097028968400567,-0.7394662468772634,-1.182239726846321,0.9841231756854657,0
-0.634918112038349,-1.1099901739376037,0.8491410419312149,-0.23867907722036766,-0.404365943111267,-1.177851894974348,0.6202513843442227,0.853056793629862,-0.005521280078902488,0.8057411717579506,-0.4814607612315388,0.4249648931510827,0.9841231756854657,0
-0.46546902347764374,0.9009088760241706,0.8491410419312149,0.08193775740874255,-0.404365943111267,0.9048055324001227,-0.4407505370752119,-0.3041918912684436,-1.8752853723150364,-0.6849837281165926,-0.997471732522988,-0.2893482712922078,0.9841231756854657,0
-0.9738162891597597,0.9009088760241706,0.8491410419312149,0.2116563407819822,-0.911310674287764,0.9048055324001227,-0.4407505370752119,-0.8828162337175963,0.7430557263280237,-0.7996548742607882,-0.7394662468772634,-0.15045404487267908,0.9841231756854657,0
-0.46546902347764374,-1.1099901739376037,1.5251962127575889,0.5759233050000423,-0.911310674287764,0.9048055324001227,-0.4882580857954851,0.2744324511807092,1.2096575374964662,-0.9143260204049839,-0.997471732522988,0.4448069254967297,-1.0161329645585022,1
-0.8043672005990544,-1.1099901739376037,0.8491410419312149,-0.7781150853605089,-0.911310674287764,0.9048055324001227,-0.49221704818884116,-1.461440576166749,-0.3680608168140954,0.8057411717579506,-0.7394662468772634,-2.9481806056089,0.9841231756854657,0
-0.46546902347764374,0.9009088760241706,0.8491410419312149,-0.24273771806854427,-0.23538436605243465,0.9048055324001227,-0.49221704818884116,0.853056793629862,-0.1397951825734185,-0.45564143582820127,-0.4814607612315388,0.38528082845978884,0.9841231756854657,0
-0.8043672005990544,0.9009088760241706,-0.502969299721533,0.26517670589665343,-0.5733475201700994,0.9048055324001227,-0.49221704818884116,0.853056793629862,-1.3482603050240614,-0.7996548742607882,-0.7394662468772634,-2.710076217461137,-1.0161329645585022,1
-0.2960199349169384,0.9009088760241706,-1.179024470547907,-0.3443616630413708,-0.7423290972289317,-1.177851894974348,-0.5674373336626071,-0.3041918912684436,1.2096575374964662,-0.45564143582820127,-0.7394662468772634,0.782121475372728,-1.0161329645585022,1
-0.9738162891597597,0.9009088760241706,0.8491410419312149,-0.6925835723888184,-0.911310674287764,0.9048055324001227,-0.49617601058219724,-0.3041918912684436,0.001192415045823164,0.4617277333253637,-0.7394662468772634,0.08765034327508442,-1.0161329645585022,1
-0.2960199349169384,-1.1099901739376037,0.8491410419312149,-0.22847720178098213,-0.23538436605243465,0.21058638994196582,0.6360872339176471,-0.8828162337175963,-0.005521280078902488,0.8057411717579506,-0.4814607612315388,1.298014316359549,0.9841231756854657,0
-0.46546902347764374,0.9009088760241706,0.8491410419312149,-0.6579824747298498,-0.404365943111267,0.9048055324001227,-0.49617601058219724,-0.3041918912684436,1.1458774338115711,0.3470565871811683,-0.7394662468772634,1.1591200899400202,-1.0161329645585022,1
-0.46546902347764374,-1.1099901739376037,-0.502969299721533,-0.23026174036403255,-0.911310674287764,0.21058638994196582,0.8577891279455886,-0.8828162337175963,-1.6705176710108995,1.035083464046342,-0.7394662468772634,-0.8647672093159696,0.9841231756854657,0
-0.634918112038349,0.9009088760241706,0.8491410419312149,0.08125868520457294,-0.5733475201700994,0.9048055324001227,-0.5001349729755533,0.2744324511807092,0.9108981044461687,-0.6849837281165926,-0.997471732522988,-0.03140185079879733,-1.0161329645585022,0
-0.8043672005990544,-1.1099901739376037,-1.179024470547907,-0.23076709642294949,-0.911310674287764,-1.177851894974348,-1.2008713165995828,-1.461440576166749,-0.4654093961226198,-1.2583394588375707,-0.4814607612315388,-0.8449251769703227,-1.0161329645585022,0
-1.143265377720465,0.9009088760241706,0.8491410419312149,-0.8705320746349426,-0.911310674287764,0.9048055324001227,-0.5040939353689095,0.853056793629862,-0.005521280078902488,1.379096902478929,-0.7394662468772634,-2.194183376474316,-1.0161329645585022,1
-0.9738162891597597,-1.1099901739376037,1.5251962127575889,-0.7891223720187933,-0.911310674287764,0.9048055324001227,-0.5040939353689095,-0.8828162337175963,0.001192415045823164,0.8057411717579506,-0.7394662468772634,-1.5989224061049072,-1.0161329645585022,0
-1.143265377720465,-1.1099901739376037,-0.502969299721533,-0.7959762635678541,-0.911310674287764,0.9048055324001227,-0.5040939353689095,-0.8828162337175963,-0.018948670328354386,0.9204123179021463,-0.7394662468772634,0.4448069254967297,0.9841231756854657,0
-0.8043672005990544,-1.1099901739376037,1.5251962127575889,-0.7750987413838485,-0.911310674287764,0.9048055324001227,-0.5040939353689095,-0.8828162337175963,0.6154955189582334,0.8057411717579506,-0.7394662468772634,0.06780831092943747,-1.0161329645585022,0
-0.634918112038349,0.9009088760241706,-1.179024470547907,-0.7440825132678218,-0.911310674287764,0.9048055324001227,-0.5040939353689095,0.2744324511807092,-0.21364582894540246,0.6910700256137552,-0.7394662468772634,0.0479662785837905,0.9841231756854657,0
-0.634918112038349,0.9009088760241706,-1.179024470547907,-0.7198412148166503,-0.911310674287764,0.9048055324001227,-0.5040939353689095,1.4316811360790147,1.256653403369547,0.5763988794695595,-0.997471732522988,-0.26950623894656084,-1.0161329645585022,0
-0.9738162891597597,0.9009088760241706,-0.502969299721533,-0.6945418271171215,-0.404365943111267,0.9048055324001227,-0.5040939353689095,-0.8828162337175963,0.001192415045823164,0.4617277333253637,-0.4814607612315388,1.5361187045073124,-1.0161329645585022,0
-0.46546902347764374,0.9009088760241706,-1.179024470547907,-0.694399695725551,0.10257878806523006,0.9048055324001227,-0.5040939353689095,-0.3041918912684436,1.7736079279734327,0.4617277333253637,-0.997471732522988,-2.4124457322764323,-1.0161329645585022,1
-0.8043672005990544,-1.1099901739376037,-1.179024470547907,-0.6747539789351554,-0.911310674287764,0.9048055324001227,-0.5040939353689095,-0.8828162337175963,-1.3482603050240614,0.3470565871811683,-0.4814607612315388,-0.13061201252703214,-1.0161329645585022,0
-0.2960199349169384,0.9009088760241706,-0.502969299721533,-0.22964583766722754,-0.06640278899360229,-1.177851894974348,-0.5674373336626071,0.853056793629862,-1.0495008719737637,-0.570312581972397,-0.997471732522988,-0.40840046536608954,0.9841231756854657,0
-0.9738162891597597,0.9009088760241706,1.5251962127575889,-0.6769807040697582,-0.7423290972289317,0.9048055324001227,-0.5040939353689095,-0.3041918912684436,1.6729025011025462,0.3470565871811683,-0.997471732522988,-0.7060309505507939,-1.0161329645585022,1
-0.8043672005990544,0.9009088760241706,1.5251962127575889,-0.6781651323328447,-0.7423290972289317,0.9048055324001227,-0.5040939353689095,1.4316811360790147,0.001192415045823164,0.3470565871811683,-0.7394662468772634,0.16701847265767225,0.9841231756854657,0
-0.8043672005990544,0.9009088760241706,-0.502969299721533,-0.6790810901896316,-0.911310674287764,0.9048055324001227,-0.5040939353689095,0.2744324511807092,0.001192415045823164,0.3470565871811683,-0.7394662468772634,1.0797519605574324,0.9841231756854657,0
-0.8043672005990544,-1.1099901739376037,-0.502969299721533,-0.2296616300440687,-0.911310674287764,-1.177851894974348,0.8577891279455886,-0.8828162337175963,-0.0860856215756121,1.035083464046342,-0.4814607612315388,0.4844909901880236,0.9841231756854657,0
-1.143265377720465,-1.1099901739376037,-1.179024470547907,-0.2335465547469926,-0.911310674287764,-1.177851894974348,1.0161476236798326,-0.8828162337175963,1.5587696839822078,1.2644257563347332,-0.4814607612315388,0.14717644031202531,0.9841231756854657,0
-0.9738162891597597,0.9009088760241706,-0.502969299721533,-0.6746908094277908,-0.5733475201700994,0.9048055324001227,-0.5040939353689095,-1.461440576166749,1.676259348664909,0.3470565871811683,-0.7394662468772634,-0.7258729828964409,-1.0161329645585022,1
-0.8043672005990544,-1.1099901739376037,-1.179024470547907,-0.2249397093685636,-0.911310674287764,-1.177851894974348,-0.15570524475357272,-0.8828162337175963,-1.6705176710108995,-0.11162799739561437,-0.7394662468772634,-0.5869787564769122,-1.0161329645585022,0
-0.46546902347764374,0.9009088760241706,1.5251962127575889,-0.22557140444220977,-0.5733475201700994,-1.177851894974348,0.1847655210750518,-0.3041918912684436,-1.7510820125076092,0.23238544103697253,-0.997471732522988,0.6829113136444932,0.9841231756854657,0
-0.46546902347764374,0.9009088760241706,-0.502969299721533,-0.6607935178075752,-0.23538436605243465,0.9048055324001227,-0.5040939353689095,0.2744324511807092,0.16232109803924238,0.3470565871811683,-0.4814607612315388,-1.8171847619070236,-1.0161329645585022,0
-0.2960199349169384,-1.1099901739376037,-0.502969299721533,-0.6510496212965832,-0.911310674287764,0.9048055324001227,-0.5040939353689095,1.4316811360790147,-1.173704231781191,0.3470565871811683,-0.7394662468772634,-0.3488743683291487,-1.0161329645585022,0
-0.634918112038349,-1.1099901739376037,-0.502969299721533,-0.2259504214863975,-0.5733475201700994,-1.177851894974348,-0.5674373336626071,-1.461440576166749,-0.005521280078902488,-0.570312581972397,-0.997471732522988,-0.17029607721832604,0.9841231756854657,0
-0.8043672005990544,0.9009088760241706,-1.179024470547907,-0.3446617182013527,-0.911310674287764,-1.177851894974348,1.3328646151483206,0.2744324511807092,-0.018948670328354386,1.952452633199907,-0.7394662468772634,-0.46792656240303043,-1.0161329645585022,1
-0.9738162891597597,-1.1099901739376037,-1.179024470547907,-0.22097582278143393,-0.7423290972289317,-1.177851894974348,-0.5674373336626071,0.853056793629862,-0.707102420612748,-0.570312581972397,-0.997471732522988,0.22654456969461315,-1.0161329645585022,0
-0.9738162891597597,0.9009088760241706,-1.179024470547907,-0.6550766773910774,-0.911310674287764,0.9048055324001227,-0.5040939353689095,0.2744324511807092,-0.5661148229935064,0.3470565871811683,-0.4814607612315388,0.18686050500331922,0.9841231756854657,0
-0.9738162891597597,-1.1099901739376037,0.8491410419312149,-0.22928261299988098,-0.911310674287764,-1.177851894974348,0.33520609202258356,0.2744324511807092,0.6255660616453219,0.4617277333253637,-0.997471732522988,-0.5869787564769122,0.9841231756854657,0
-1.143265377720465,-1.1099901739376037,1.5251962127575889,-0.23035649462507946,-0.911310674287764,-1.177851894974348,0.38271364074285674,-1.461440576166749,-0.33784918875282943,0.4617277333253637,-0.997471732522988,-0.7060309505507939,0.9841231756854657,0
-1.143265377720465,0.9009088760241706,0.8491410419312149,-0.2271506421263252,-0.911310674287764,-1.177851894974348,-1.090020369585612,0.853056793629862,1.2465828606824585,-1.143668312693375,-0.4814607612315388,0.9011736694466097,0.9841231756854657,0
-0.9738162891597597,0.9009088760241706,-0.502969299721533,-0.2233604716844482,-0.7423290972289317,-1.177851894974348,0.30353439287573475,1.4316811360790147,-1.6839450612603513,0.3470565871811683,-0.4814607612315388,0.028124246238143545,0.9841231756854657,0
-0.9738162891597597,0.9009088760241706,0.8491410419312149,-0.22241292907397897,-0.911310674287764,0.21058638994196582,-0.5040939353689095,0.853056793629862,-0.4654093961226198,-0.45564143582820127,-0.4814607612315388,-0.40840046536608954,-1.0161329645585022,0
-0.8043672005990544,0.9009088760241706,-1.179024470547907,-0.2248133703538344,-0.911310674287764,-1.177851894974348,-1.2008713165995828,-0.8828162337175963,-0.08944246913797492,-1.2583394588375707,-0.7394662468772634,0.08765034327508442,0.9841231756854657,0
-0.2960199349169384,0.9009088760241706,-0.502969299721533,-0.6431850176296884,-0.23538436605243465,0.9048055324001227,-0.5040939353689095,1.4316811360790147,1.1223795008750308,0.23238544103697253,-0.4814607612315388,0.6233852166075523,0.9841231756854657,0
-0.9738162891597597,-1.1099901739376037,0.8491410419312149,-0.22268139948027857,-0.911310674287764,-1.177851894974348,-0.7257958293968509,0.2744324511807092,-1.6705176710108995,-0.6849837281165926,-0.997471732522988,-0.26950623894656084,0.9841231756854657,0
-0.8043672005990544,-1.1099901739376037,-1.179024470547907,-0.6442115221243634,-0.911310674287764,0.9048055324001227,-0.5040939353689095,-0.8828162337175963,-0.707102420612748,0.23238544103697253,-0.4814607612315388,1.0797519605574324,0.9841231756854657,0
-0.634918112038349,-1.1099901739376037,-0.502969299721533,-0.620396617847903,-0.404365943111267,0.9048055324001227,-0.5040939353689095,0.2744324511807092,-0.34120603631519225,0.23238544103697253,-0.997471732522988,-0.5472946917856183,-1.0161329645585022,0
-0.2960199349169384,-1.1099901739376037,0.8491410419312149,-0.5967712220935365,0.4405419421828948,0.9048055324001227,-0.5040939353689095,-0.3041918912684436,2.17642963545698,0.1177142948927768,-0.7394662468772634,-1.5790803737592602,-1.0161329645585022,1
-0.2960199349169384,-1.1099901739376037,0.8491410419312149,-0.21911232231417777,-0.7423290972289317,-1.177851894974348,-0.7257958293968509,-0.8828162337175963,-1.4724636648314886,-0.6849837281165926,-0.997471732522988,0.26622863438590705,-1.0161329645585022,0
-1.143265377720465,0.9009088760241706,-1.179024470547907,-0.579604908467202,-0.911310674287764,0.9048055324001227,-0.5040939353689095,0.2744324511807092,0.5651428055227898,0.1177142948927768,-0.4814607612315388,0.782121475372728,-1.0161329645585022,0
-0.9738162891597597,0.9009088760241706,0.8491410419312149,-0.6965316665991069,-0.5733475201700994,0.9048055324001227,-0.5040939353689095,-1.461440576166749,1.6594751108530943,0.4617277333253637,-0.4814607612315388,0.8614896047553159,-1.0161329645585022,1
-0.9738162891597597,0.9009088760241706,-0.502969299721533,-0.21728040660060388,-0.911310674287764,-1.177851894974348,0.9765579997462716,0.853056793629862,-1.4724636648314886,1.1497546101905376,-0.4814607612315388,0.5837011519162584,0.9841231756854657,0
-0.8043672005990544,0.9009088760241706,-0.502969299721533,-0.5855586345363172,-0.911310674287764,0.9048055324001227,-0.5040939353689095,-0.8828162337175963,0.001192415045823164,0.1177142948927768,-0.4814607612315388,0.008282213892496587,0.9841231756854657,0
-0.2960199349169384,-1.1099901739376037,-1.179024470547907,-0.22075472950565778,-0.06640278899360229,-1.177851894974348,0.0026532509806712224,0.853056793629862,-1.4724636648314886,0.1177142948927768,-0.7394662468772634,-0.8449251769703227,0.9841231756854657,0
-0.8043672005990544,-1.1099901739376037,0.8491410419312149,-0.22024937344674086,-0.5733475201700994,-1.177851894974348,-0.7574675285436998,-0.8828162337175963,0.4745079213389917,-0.7996548742607882,-0.997471732522988,-0.22982217425526694,0.9841231756854657,0
-0.2960199349169384,0.9009088760241706,-1.179024470547907,-0.5592801194726368,-0.404365943111267,0.9048055324001227,-0.5040939353689095,0.2744324511807092,-1.6839450612603513,0.003043148748581378,-0.7394662468772634,0.22654456969461315,0.9841231756854657,0
-0.8043672005990544,-1.1099901739376037,-1.179024470547907,-0.5465356713618253,-0.5733475201700994,0.9048055324001227,-0.5040939353689095,-1.461440576166749,0.001192415045823164,0.003043148748581378,-0.4814607612315388,0.3455967637684949,0.9841231756854657,0
-0.8043672005990544,0.9009088760241706,-0.502969299721533,-0.2277665448231302,-0.911310674287764,-1.177851894974348,-0.5674373336626071,0.2744324511807092,-1.6705176710108995,-0.570312581972397,-0.4814607612315388,0.18686050500331922,-1.0161329645585022,0
-0.2960199349169384,0.9009088760241706,-1.179024470547907,-0.5328910577710683,-0.5733475201700994,0.9048055324001227,-0.5040939353689095,0.853056793629862,-0.37813135950118393,0.003043148748581378,-0.997471732522988,-0.2893482712922078,-1.0161329645585022,0
-0.8043672005990544,0.9009088760241706,0.8491410419312149,-0.22602938337060324,-0.5733475201700994,-1.177851894974348,-0.4090788379283631,1.4316811360790147,-1.4724636648314886,-0.34097028968400567,-0.7394662468772634,0.0479662785837905,0.9841231756854657,0
-0.46546902347764374,0.9009088760241706,0.8491410419312149,-0.2215443483477155,-0.404365943111267,0.21058638994196582,0.8577891279455886,-0.8828162337175963,0.001192415045823164,1.035083464046342,-0.4814607612315388,0.14717644031202531,-1.0161329645585022,0
-0.9738162891597597,-1.1099901739376037,-1.179024470547907,-0.22268139948027857,-0.7423290972289317,-1.177851894974348,-0.4090788379283631,0.2744324511807092,-0.11965409719924096,-0.34097028968400567,-0.4814607612315388,0.9210157017922567,-1.0161329645585022,0
-0.8043672005990544,-1.1099901739376037,-0.502969299721533,-0.22402375151177667,-0.404365943111267,-1.177851894974348,-0.17154109432699713,1.4316811360790147,0.4745079213389917,-0.11162799739561437,-0.997471732522988,-0.8052411122790287,-1.0161329645585022,0
-0.46546902347764374,-1.1099901739376037,0.8491410419312149,-0.5273005563692997,-0.911310674287764,0.9048055324001227,-0.5040939353689095,1.4316811360790147,-1.0495008719737637,0.003043148748581378,-0.7394662468772634,-0.4877685947486774,0.9841231756854657,0
-0.634918112038349,0.9009088760241706,1.5251962127575889,-0.4974529641395185,-0.06640278899360229,0.9048055324001227,-0.5040939353689095,0.853056793629862,-0.21700267650776528,-0.11162799739561437,-0.997471732522988,-0.26950623894656084,0.9841231756854657,0
-0.46546902347764374,0.9009088760241706,-0.502969299721533,-0.45877743325553216,-0.911310674287764,0.9048055324001227,-0.5040939353689095,0.2744324511807092,1.2700807936189982,-0.11162799739561437,-0.7394662468772634,-0.36871640067479566,0.9841231756854657,0
-0.9738162891597597,0.9009088760241706,-1.179024470547907,-0.22228659005924972,-0.911310674287764,0.21058638994196582,2.4413740852880284,0.853056793629862,0.001192415045823164,2.7551506562092767,-0.7394662468772634,1.1392780575943733,0.9841231756854657,0
-0.9738162891597597,-1.1099901739376037,-0.502969299721533,-0.5252159626262674,-0.5733475201700994,0.9048055324001227,-0.5040939353689095,-1.461440576166749,3.018998373610068,0.003043148748581378,-0.7394662468772634,0.6233852166075523,-1.0161329645585022,1
-0.46546902347764374,-1.1099901739376037,1.5251962127575889,-0.22200232727610897,-0.23538436605243465,-1.177851894974348,-0.4090788379283631,1.4316811360790147,2.562467105128714,-0.34097028968400567,-0.7394662468772634,1.0995939929030794,-1.0161329645585022,0
-0.2960199349169384,-1.1099901739376037,1.5251962127575889,-0.37567794631737933,-0.06640278899360229,0.9048055324001227,-0.5040939353689095,0.2744324511807092,-0.448625158310805,-0.34097028968400567,-0.4814607612315388,0.9805417988291976,-1.0161329645585022,0
-0.9738162891597597,-1.1099901739376037,-0.502969299721533,-0.36653416012635115,-0.911310674287764,0.9048055324001227,-0.5040939353689095,-0.8828162337175963,0.001192415045823164,-0.34097028968400567,-0.4814607612315388,0.9408577341379036,0.9841231756854657,0
-0.9738162891597597,0.9009088760241706,-0.502969299721533,-0.22438697617912323,-0.5733475201700994,-1.177851894974348,0.8577891279455886,0.2744324511807092,0.3301634761573873,1.035083464046342,-0.997471732522988,-0.7060309505507939,0.9841231756854657,0
-0.8043672005990544,-1.1099901739376037,-1.179024470547907,-0.22661370131372596,-0.911310674287764,-1.177851894974348,-0.7257958293968509,-1.461440576166749,-0.34120603631519225,-0.6849837281165926,-0.7394662468772634,-0.9044512740072636,-1.0161329645585022,0
-0.2960199349169384,-1.1099901739376037,-1.179024470547907,-0.3335912620357037,-0.06640278899360229,-1.177851894974348,0.8577891279455886,-0.8828162337175963,-1.6839450612603513,1.379096902478929,-0.997471732522988,-0.11076998018138517,-1.0161329645585022,1
-0.634918112038349,-1.1099901739376037,-1.179024470547907,-0.2208494837667047,-0.911310674287764,-1.177851894974348,-0.7257958293968509,0.853056793629862,-1.8752853723150364,-0.6849837281165926,-0.4814607612315388,0.20670253734896618,-1.0161329645585022,0
-0.9738162891597597,-1.1099901739376037,-0.502969299721533,-0.3385026912333026,-0.7423290972289317,-1.177851894974348,-0.4882580857954851,1.4316811360790147,1.6729025011025462,-0.34097028968400567,-0.997471732522988,-1.9362369559809054,-1.0161329645585022,1
-0.46546902347764374,0.9009088760241706,0.8491410419312149,-0.21808581781950273,-0.5733475201700994,-1.177851894974348,-0.646616581529729,-0.8828162337175963,-0.1397951825734185,-0.6849837281165926,-0.4814607612315388,-0.17029607721832604,0.9841231756854657,0
-0.2960199349169384,0.9009088760241706,-1.179024470547907,-0.3345703893998553,-0.7423290972289317,0.9048055324001227,-0.5040939353689095,-1.461440576166749,0.8269769153870962,-0.34097028968400567,-0.7394662468772634,-0.2893482712922078,0.9841231756854657,0
-0.8043672005990544,0.9009088760241706,0.8491410419312149,-0.22373948872863592,-0.911310674287764,-1.177851894974348,-1.2958864140401292,-1.461440576166749,-1.8752853723150364,-1.3730106049817663,-0.4814607612315388,0.06780831092943747,-1.0161329645585022,0
-0.46546902347764374,0.9009088760241706,0.8491410419312149,-0.3021644321218071,-0.06640278899360229,0.9048055324001227,-0.5040939353689095,-0.3041918912684436,-0.3680608168140954,-0.34097028968400567,-0.4814607612315388,-0.011559818453150373,-1.0161329645585022,0
-0.46546902347764374,0.9009088760241706,-0.502969299721533,-0.3351704997198191,-0.23538436605243465,-1.177851894974348,-1.1612816926660219,0.853056793629862,-0.8447331706696268,-1.143668312693375,-0.7394662468772634,0.8416475724096689,-1.0161329645585022,1
-0.8043672005990544,-1.1099901739376037,0.8491410419312149,-0.29357337912021925,-0.7423290972289317,0.9048055324001227,-0.5040939353689095,-0.8828162337175963,3.018998373610068,-0.45564143582820127,-0.997471732522988,-0.9242933063529105,-1.0161329645585022,0
-0.634918112038349,-1.1099901739376037,-1.179024470547907,-0.22152855597087434,-0.404365943111267,-1.177851894974348,0.5410721364771007,0.853056793629862,-1.1804179269059165,0.6910700256137552,-0.997471732522988,-1.4997122443766724,0.9841231756854657,0
-1.143265377720465,0.9009088760241706,0.8491410419312149,-0.34001875941005344,-0.911310674287764,-1.177851894974348,1.3328646151483206,-1.461440576166749,1.5486991412951188,1.952452633199907,-0.7394662468772634,-0.8647672093159696,-1.0161329645585022,1
-0.8043672005990544,0.9009088760241706,-0.502969299721533,-0.3015801141786844,-0.911310674287764,0.9048055324001227,-0.5040939353689095,1.4316811360790147,-1.3751150855229646,-0.34097028968400567,-0.997471732522988,-0.5274526594399713,-1.0161329645585022,0
-0.634918112038349,0.9009088760241706,-1.179024470547907,-0.2266294936905671,-0.911310674287764,-1.177851894974348,-0.17154109432699713,-0.3041918912684436,-0.005521280078902488,-0.11162799739561437,-0.7394662468772634,0.40512286080543575,0.9841231756854657,0
-0.46546902347764374,-1.1099901739376037,0.8491410419312149,-0.2036515853866879,-0.5733475201700994,0.9048055324001227,-0.5040939353689095,-0.8828162337175963,-0.0995130118250634,-0.45564143582820127,-0.7394662468772634,0.7424374106814341,0.9841231756854657,0
-0.9738162891597597,0.9009088760241706,-0.502969299721533,-0.2245291075706936,-0.404365943111267,-1.177851894974348,-0.7257958293968509,-0.8828162337175963,1.5486991412951188,-0.6849837281165926,-0.997471732522988,-2.2933935382025505,0.9841231756854657,0
-0.634918112038349,-1.1099901739376037,-0.502969299721533,-0.3116556506033407,-0.7423290972289317,0.9048055324001227,-0.5040939353689095,0.2744324511807092,0.001192415045823164,-0.34097028968400567,-0.7394662468772634,0.782121475372728,-1.0161329645585022,1
-0.9738162891597597,0.9009088760241706,-1.179024470547907,-0.22857195604202907,-0.911310674287764,0.21058638994196582,-1.2008713165995828,1.4316811360790147,-0.005521280078902488,-1.2583394588375707,-0.7394662468772634,0.9011736694466097,-1.0161329645585022,0
-0.46546902347764374,0.9009088760241706,-0.502969299721533,-0.22729277351789556,-0.404365943111267,-1.177851894974348,0.38271364074285674,0.853056793629862,1.8407448792206904,0.4617277333253637,-0.7394662468772634,1.4567505751247247,-1.0161329645585022,0
-0.634918112038349,0.9009088760241706,-1.179024470547907,-0.22399216675809439,-0.911310674287764,-1.177851894974348,-0.2507203421941191,0.853056793629862,-1.1804179269059165,-0.2262991435398101,-0.4814607612315388,-0.03140185079879733,0.9841231756854657,0
-0.634918112038349,0.9009088760241706,-1.179024470547907,-0.22591883673271518,-0.5733475201700994,-1.177851894974348,-0.2507203421941191,0.853056793629862,-0.005521280078902488,-0.2262991435398101,-0.7394662468772634,0.26622863438590705,-1.0161329645585022,0
-0.634918112038349,0.9009088760241706,-0.502969299721533,-0.10588098036310298,-0.06640278899360229,0.9048055324001227,-0.5040939353689095,-1.461440576166749,0.001192415045823164,-0.570312581972397,-0.4814607612315388,1.8932752867289577,-1.0161329645585022,0
-0.8043672005990544,0.9009088760241706,0.8491410419312149,-0.22478178560015208,-0.911310674287764,-1.177851894974348,-0.12403354560672394,0.2744324511807092,-0.005521280078902488,-0.11162799739561437,-0.4814607612315388,-0.8052411122790287,0.9841231756854657,0
-0.9738162891597597,-1.1099901739376037,1.5251962127575889,-0.06205713462890038,-0.5733475201700994,0.9048055324001227,-0.5040939353689095,0.853056793629862,0.23617174441122635,-0.6849837281165926,-0.7394662468772634,1.317856348705196,0.9841231756854657,0
-0.9738162891597597,-1.1099901739376037,-0.502969299721533,-0.0547610565282872,-0.7423290972289317,0.9048055324001227,-0.5040939353689095,-0.8828162337175963,-0.8447331706696268,-0.6849837281165926,-0.7394662468772634,-0.9242933063529105,0.9841231756854657,0
-0.634918112038349,0.9009088760241706,-0.502969299721533,-0.22396058200441207,-0.5733475201700994,-1.177851894974348,-0.8841543251310949,1.4316811360790147,-1.8752853723150364,-0.9143260204049839,-0.997471732522988,1.0202258635204915,-1.0161329645585022,0
-0.8043672005990544,-1.1099901739376037,-0.502969299721533,-0.21582750793121772,-0.911310674287764,-1.177851894974348,-1.2008713165995828,0.853056793629862,-1.8752853723150364,-1.2583394588375707,-0.997471732522988,-0.4282424977117365,0.9841231756854657,0
-0.634918112038349,0.9009088760241706,0.8491410419312149,-0.2248133703538344,-0.911310674287764,-1.177851894974348,0.22435514500861276,1.4316811360790147,-1.8752853723150364,0.3470565871811683,-0.997471732522988,0.7424374106814341,-1.0161329645585022,0
-0.634918112038349,0.9009088760241706,-0.502969299721533,-0.021691819422910544,-0.06640278899360229,0.9048055324001227,-0.5040939353689095,-1.461440576166749,-0.11965409719924096,-0.6849837281165926,-0.997471732522988,-0.36871640067479566,-1.0161329645585022,0
-0.634918112038349,-1.1099901739376037,-1.179024470547907,-0.012516448478200022,-0.23538436605243465,0.9048055324001227,-0.5040939353689095,1.4316811360790147,-0.34120603631519225,-0.6849837281165926,-0.4814607612315388,0.3654387961141419,0.9841231756854657,0
-0.8043672005990544,-1.1099901739376037,0.8491410419312149,-0.2283192780125706,-0.7423290972289317,-1.177851894974348,-1.042512820865339,1.4316811360790147,-1.8752853723150364,-1.0289971665491795,-0.997471732522988,-1.6187644384505542,0.9841231756854657,0
-1.143265377720465,-1.1099901739376037,-0.502969299721533,0.07683681968904979,-0.911310674287764,0.9048055324001227,-0.5040939353689095,0.853056793629862,2.17642963545698,-0.6849837281165926,-0.4814607612315388,-0.7853990799333818,-1.0161329645585022,0
-0.9738162891597597,0.9009088760241706,0.8491410419312149,-0.21769100839847388,-0.23538436605243465,-1.177851894974348,-1.042512820865339,-1.461440576166749,-0.33784918875282943,-1.0289971665491795,-0.7394662468772634,-0.11076998018138517,0.9841231756854657,0
-0.46546902347764374,-1.1099901739376037,-1.179024470547907,-0.22394478962757092,-0.5733475201700994,-1.177851894974348,0.5410721364771007,-0.3041918912684436,-1.371758237960602,0.6910700256137552,-0.4814607612315388,0.12733440796637835,-1.0161329645585022,0
-0.9738162891597597,-1.1099901739376037,-1.179024470547907,0.10930594647446258,-0.911310674287764,0.9048055324001227,-0.5040939353689095,-0.8828162337175963,0.7061304031420315,-0.7996548742607882,-0.997471732522988,-1.2814498885745558,-1.0161329645585022,0
-0.9738162891597597,0.9009088760241706,-0.502969299721533,0.12031323313274699,-0.911310674287764,0.9048055324001227,-0.5040939353689095,-0.8828162337175963,-1.3751150855229646,-0.7996548742607882,-0.997471732522988,0.14717644031202531,-1.0161329645585022,0
-0.2960199349169384,0.9009088760241706,-0.502969299721533,-0.21573275367017078,-0.7423290972289317,-1.177851894974348,-0.7257958293968509,0.2744324511807092,-1.7510820125076092,-0.6849837281165926,-0.7394662468772634,0.38528082845978884,0.9841231756854657,0
-0.46546902347764374,-1.1099901739376037,1.5251962127575889,0.1741968229147647,-0.911310674287764,0.9048055324001227,-0.5040939353689095,0.853056793629862,1.6729025011025462,-0.7996548742607882,-0.997471732522988,-2.8489704438806656,0.9841231756854657,0
-0.2960199349169384,0.9009088760241706,0.8491410419312149,0.060618048673184544,-0.23538436605243465,0.9048055324001227,-0.5040939353689095,-0.8828162337175963,1.8105332511594245,-0.6849837281165926,-0.4814607612315388,-0.8449251769703227,-1.0161329645585022,1
-0.2960199349169384,0.9009088760241706,0.8491410419312149,-0.22268139948027857,-0.06640278899360229,-1.177851894974348,-0.3774071387815143,-0.3041918912684436,-1.8752853723150364,-0.34097028968400567,-0.997471732522988,-0.46792656240303043,0.9841231756854657,0
-0.46546902347764374,0.9009088760241706,-1.179024470547907,-0.2218444035076974,-0.404365943111267,-1.177851894974348,-0.8841543251310949,0.853056793629862,0.03476089066945202,-0.9143260204049839,-0.7394662468772634,-0.4282424977117365,0.9841231756854657,0
-0.634918112038349,-1.1099901739376037,-1.179024470547907,0.17940830727234558,-0.404365943111267,0.9048055324001227,-0.5040939353689095,1.4316811360790147,-0.21700267650776528,-0.7996548742607882,-0.4814607612315388,-0.26950623894656084,0.9841231756854657,0
-0.634918112038349,0.9009088760241706,0.8491410419312149,0.2041707541592752,-0.23538436605243465,0.9048055324001227,-0.5040939353689095,-0.8828162337175963,-1.173704231781191,-0.7996548742607882,-0.7394662468772634,-0.4282424977117365,0.9841231756854657,0
-0.46546902347764374,-1.1099901739376037,-1.179024470547907,-0.2262820614000617,-0.7423290972289317,-1.177851894974348,-0.2507203421941191,1.4316811360790147,-1.371758237960602,-0.2262991435398101,-0.4814607612315388,0.6630692812988462,0.9841231756854657,0
-0.46546902347764374,0.9009088760241706,0.8491410419312149,-0.2263610232842675,-0.23538436605243465,-1.177851894974348,-0.18737694390042153,0.2744324511807092,0.03476089066945202,-0.11162799739561437,-0.4814607612315388,-0.3488743683291487,0.9841231756854657,0
-0.634918112038349,-1.1099901739376037,-0.502969299721533,0.27196742793834966,-0.404365943111267,0.9048055324001227,-0.5040939353689095,0.2744324511807092,-1.1804179269059165,-0.7996548742607882,-0.4814607612315388,0.3455967637684949,0.9841231756854657,0
-1.143265377720465,0.9009088760241706,0.8491410419312149,-0.219854564025712,-0.5733475201700994,0.21058638994196582,1.6495816066168083,1.4316811360790147,-0.08944246913797492,1.8377814870557112,-0.997471732522988,0.5043330225336705,-1.0161329645585022,0
-0.46546902347764374,0.9009088760241706,-1.179024470547907,-0.22492391699172246,-0.23538436605243465,-1.177851894974348,-0.7099599798234266,-1.461440576166749,-0.4654093961226198,-0.6849837281165926,-0.4814607612315388,0.3455967637684949,-1.0161329645585022,0
-0.634918112038349,-1.1099901739376037,-0.502969299721533,0.5225134865232592,-0.5733475201700994,0.9048055324001227,-0.5040939353689095,1.4316811360790147,0.7464125738903866,-0.9143260204049839,-0.7394662468772634,-1.9560789883265524,0.9841231756854657,0
-0.9738162891597597,-1.1099901739376037,-1.179024470547907,0.8345550605276227,-0.7423290972289317,0.9048055324001227,-0.5040939353689095,0.2744324511807092,-0.5661148229935064,-1.0289971665491795,-0.4814607612315388,-1.2814498885745558,0.9841231756854657,0
-0.46546902347764374,-1.1099901739376037,-1.179024470547907,-0.2221286662908382,-0.23538436605243465,-1.177851894974348,-0.5674373336626071,-0.8828162337175963,-1.623521805137819,-0.570312581972397,-0.4814607612315388,0.6233852166075523,-1.0161329645585022,0
-0.46546902347764374,0.9009088760241706,-0.502969299721533,0.8509001705582172,-0.404365943111267,0.9048055324001227,-0.5040939353689095,1.4316811360790147,0.8941138666343539,-1.0289971665491795,-0.7394662468772634,0.4448069254967297,-1.0161329645585022,0
-0.634918112038349,0.9009088760241706,0.8491410419312149,0.8782683596239372,-0.404365943111267,0.9048055324001227,-0.5040939353689095,-0.3041918912684436,-1.4724636648314886,-1.0289971665491795,-0.997471732522988,0.782121475372728,0.9841231756854657,0
-0.9738162891597597,-1.1099901739376037,0.8491410419312149,-0.22906151972410482,-0.911310674287764,-1.177851894974348,0.5727438356239495,-1.461440576166749,-0.34120603631519225,0.6910700256137552,-0.4814607612315388,0.40512286080543575,-1.0161329645585022,0
-0.9738162891597597,0.9009088760241706,-0.502969299721533,-0.22498708649908708,-0.911310674287764,-1.177851894974348,0.38271364074285674,-0.8828162337175963,0.4107278176540969,0.4617277333253637,-0.7394662468772634,1.1988041546313142,-1.0161329645585022,0
-0.8043672005990544,0.9009088760241706,-0.502969299721533,-0.33469672841458453,-0.23538436605243465,-1.177851894974348,-1.2958864140401292,0.2744324511807092,1.2835081838684501,-1.3730106049817663,-0.997471732522988,1.35754041339649,-1.0161329645585022,1
-0.634918112038349,-1.1099901739376037,-1.179024470547907,0.22457450503804624,0.10257878806523006,0.9048055324001227,-0.4407505370752119,-1.461440576166749,-0.005521280078902488,-0.7996548742607882,-0.7394662468772634,-0.7060309505507939,0.9841231756854657,0
-0.634918112038349,-1.1099901739376037,0.8491410419312149,-0.220059864924647,-0.5733475201700994,-1.177851894974348,-0.8841543251310949,-0.3041918912684436,-0.34120603631519225,-0.9143260204049839,-0.4814607612315388,-0.4282424977117365,0.9841231756854657,0
-0.2960199349169384,0.9009088760241706,-0.502969299721533,-0.2218444035076974,-0.23538436605243465,-1.177851894974348,0.06599664927436881,-0.8828162337175963,-0.7138161157374736,0.1177142948927768,-0.4814607612315388,0.38528082845978884,0.9841231756854657,0
-0.634918112038349,0.9009088760241706,0.8491410419312149,0.1606153788313722,-0.5733475201700994,0.9048055324001227,-0.4407505370752119,-1.461440576166749,3.018998373610068,-0.6849837281165926,-0.997471732522988,0.6630692812988462,-1.0161329645585022,1
-0.2960199349169384,0.9009088760241706,-1.179024470547907,-0.33175934632212983,0.2715603651240624,-1.177851894974348,-0.7257958293968509,0.2744324511807092,-1.2979075915886182,-0.6849837281165926,-0.997471732522988,-1.0631875327724392,-1.0161329645585022,1
-0.2960199349169384,-1.1099901739376037,-1.179024470547907,0.4110193060247114,-0.23538436605243465,0.9048055324001227,-0.4407505370752119,-0.8828162337175963,0.665848232393677,-0.9143260204049839,-0.7394662468772634,0.9606997664835506,0.9841231756854657,0
-0.8043672005990544,0.9009088760241706,0.8491410419312149,-0.2177225931521562,-0.7423290972289317,-1.177851894974348,-1.090020369585612,0.2744324511807092,0.2865244578466693,-1.143668312693375,-0.7394662468772634,-0.6465048535138531,0.9841231756854657,0
-0.9738162891597597,-1.1099901739376037,-1.179024470547907,-0.22111795417300434,-0.7423290972289317,-1.177851894974348,-0.8841543251310949,0.2744324511807092,0.9981761410676039,-0.9143260204049839,-0.4814607612315388,-0.9044512740072636,-1.0161329645585022,0
-0.8043672005990544,0.9009088760241706,-1.179024470547907,1.1017304919262676,-0.7423290972289317,0.9048055324001227,-0.4407505370752119,-1.461440576166749,-1.6705176710108995,-1.0289971665491795,-0.997471732522988,0.7622794430270811,-1.0161329645585022,0
-0.634918112038349,0.9009088760241706,-0.502969299721533,-0.7903541774124033,-0.911310674287764,0.9048055324001227,-0.43679157468185575,0.2744324511807092,-1.8752853723150364,1.035083464046342,-0.4814607612315388,0.22654456969461315,0.9841231756854657,0
-0.2960199349169384,0.9009088760241706,-1.179024470547907,-0.5528368297214459,-0.5733475201700994,0.9048055324001227,-0.43679157468185575,1.4316811360790147,-1.1804179269059165,0.1177142948927768,-0.997471732522988,-0.46792656240303043,-1.0161329645585022,0
-0.8043672005990544,-1.1099901739376037,-1.179024470547907,0.1437964974955431,-0.5733475201700994,0.9048055324001227,-0.43679157468185575,-1.461440576166749,-0.005521280078902488,-0.6849837281165926,-0.7394662468772634,-0.8846092416616166,0.9841231756854657,0
-0.46546902347764374,-1.1099901739376037,1.5251962127575889,-0.4534554022600632,-0.5733475201700994,0.9048055324001227,-0.4328326122884997,1.4316811360790147,0.001192415045823164,-0.11162799739561437,-0.4814607612315388,0.6829113136444932,-1.0161329645585022,0
-0.9738162891597597,0.9009088760241706,-1.179024470547907,-0.35274741514402363,-0.404365943111267,0.9048055324001227,-0.4328326122884997,-1.461440576166749,-0.11965409719924096,-0.2262991435398101,-0.4814607612315388,0.7027533459901402,-1.0161329645585022,1
-0.46546902347764374,0.9009088760241706,0.8491410419312149,-0.16293883789019267,-0.23538436605243465,0.9048055324001227,-0.4328326122884997,0.2744324511807092,0.001192415045823164,-0.45564143582820127,-0.4814607612315388,-1.162397694500674,0.9841231756854657,0
-0.8043672005990544,-1.1099901739376037,-0.502969299721533,-0.22088106852038702,-0.23538436605243465,-1.177851894974348,0.06599664927436881,-0.8828162337175963,0.16232109803924238,0.1177142948927768,-0.4814607612315388,0.6829113136444932,-1.0161329645585022,0
-0.9738162891597597,-1.1099901739376037,0.8491410419312149,-0.10872360819451071,-0.911310674287764,0.9048055324001227,-0.4328326122884997,-0.8828162337175963,-1.2979075915886182,-0.570312581972397,-0.997471732522988,-0.051243883144444294,-1.0161329645585022,0
-0.46546902347764374,0.9009088760241706,-0.502969299721533,0.2752206575676274,-0.404365943111267,0.9048055324001227,-0.4288736498951436,0.2744324511807092,0.2865244578466693,-0.7996548742607882,-0.997471732522988,-0.8449251769703227,0.9841231756854657,0
-0.634918112038349,0.9009088760241706,0.8491410419312149,-0.22302883177078398,-0.404365943111267,-1.177851894974348,0.952804225386135,0.2744324511807092,0.8739727812601764,1.1497546101905376,-0.4814607612315388,-1.0235034680811452,0.9841231756854657,0
-0.9738162891597597,-1.1099901739376037,-0.502969299721533,-0.7183093542630584,-0.5733475201700994,0.9048055324001227,-0.42491468750178746,-1.461440576166749,-0.34120603631519225,0.6910700256137552,-0.7394662468772634,0.12733440796637835,-1.0161329645585022,0
-0.634918112038349,-1.1099901739376037,-0.502969299721533,-0.626745153338047,-0.5733475201700994,0.9048055324001227,-0.42491468750178746,-0.3041918912684436,2.1999275683935204,0.3470565871811683,-0.7394662468772634,-0.9838194033898514,-1.0161329645585022,1
-0.634918112038349,0.9009088760241706,0.8491410419312149,-0.3483571343821828,-0.23538436605243465,0.9048055324001227,-0.42491468750178746,0.2744324511807092,-0.37813135950118393,-0.2262991435398101,-0.997471732522988,-1.8568688265983175,0.9841231756854657,0
-0.46546902347764374,0.9009088760241706,0.8491410419312149,-0.14499869779864163,-0.404365943111267,0.9048055324001227,-0.42491468750178746,1.4316811360790147,-1.1233515183457474,-0.45564143582820127,-0.4814607612315388,-1.6981325678331418,0.9841231756854657,0
-0.8043672005990544,0.9009088760241706,-1.179024470547907,-0.2283824475199352,-0.5733475201700994,0.21058638994196582,-0.5674373336626071,1.4316811360790147,-1.173704231781191,-0.570312581972397,-0.7394662468772634,-0.07108591549009124,-1.0161329645585022,0
-0.8043672005990544,0.9009088760241706,0.8491410419312149,-0.3360706651997649,-0.911310674287764,-1.177851894974348,1.1428344202672278,-1.461440576166749,1.2029438423717405,1.7231103409115156,-0.997471732522988,-0.5869787564769122,-1.0161329645585022,1
-0.2960199349169384,0.9009088760241706,0.8491410419312149,-0.22482916273067555,-0.23538436605243465,-1.177851894974348,0.06599664927436881,-0.3041918912684436,-1.173704231781191,0.1177142948927768,-0.7394662468772634,-0.44808453005738347,0.9841231756854657,0
-0.46546902347764374,-1.1099901739376037,1.5251962127575889,-0.2265979089368848,-0.7423290972289317,-1.177851894974348,1.0161476236798326,0.853056793629862,0.001192415045823164,1.1497546101905376,-0.4814607612315388,0.5440170872249644,-1.0161329645585022,0
-0.8043672005990544,-1.1099901739376037,-0.502969299721533,-0.22249189095818472,-0.7423290972289317,-1.177851894974348,0.06599664927436881,1.4316811360790147,-0.37813135950118393,0.1177142948927768,-0.997471732522988,-0.011559818453150373,-1.0161329645585022,0
-1.143265377720465,0.9009088760241706,-1.179024470547907,-0.7766148095605993,-0.911310674287764,0.9048055324001227,-0.4209557251084314,-0.8828162337175963,0.23617174441122635,1.035083464046342,-0.7394662468772634,-0.07108591549009124,-1.0161329645585022,0
-0.2960199349169384,-1.1099901739376037,1.5251962127575889,-0.2208178990130224,-0.404365943111267,-1.177851894974348,0.6994306322113446,0.853056793629862,-1.0495008719737637,0.8057411717579506,-0.7394662468772634,0.18686050500331922,-1.0161329645585022,0
-0.2960199349169384,0.9009088760241706,-1.179024470547907,-0.6064203643434817,-0.7423290972289317,0.9048055324001227,-0.4209557251084314,-1.461440576166749,1.6729025011025462,0.3470565871811683,-0.7394662468772634,-1.4203441149940845,-1.0161329645585022,1
-0.9738162891597597,-1.1099901739376037,0.8491410419312149,0.23447632531744986,-0.911310674287764,0.9048055324001227,-0.4209557251084314,1.4316811360790147,-0.4654093961226198,-0.7996548742607882,-0.4814607612315388,-0.15045404487267908,0.9841231756854657,0
-1.143265377720465,0.9009088760241706,-1.179024470547907,-0.33883433114696687,-0.911310674287764,-1.177851894974348,-0.963333572998217,-0.8828162337175963,-0.25392799969375696,-0.9143260204049839,-0.7394662468772634,-0.2893482712922078,-1.0161329645585022,1
-1.143265377720465,-1.1099901739376037,0.8491410419312149,-0.22479757797699323,-0.911310674287764,-1.177851894974348,0.06599664927436881,0.853056793629862,0.001192415045823164,0.1177142948927768,-0.4814607612315388,0.46464895784237664,0.9841231756854657,0
-0.2960199349169384,0.9009088760241706,-1.179024470547907,-0.2234710183223363,-0.23538436605243465,-1.177851894974348,0.19268344586176397,0.853056793629862,-1.0495008719737637,0.23238544103697253,-0.7394662468772634,1.1591200899400202,0.9841231756854657,0
-0.9738162891597597,0.9009088760241706,-1.179024470547907,-0.7724614144513757,-0.911310674287764,0.9048055324001227,-0.4090788379283631,0.853056793629862,0.954537122756886,1.035083464046342,-0.7394662468772634,-1.0036614357354983,0.9841231756854657,0
-0.634918112038349,0.9009088760241706,-0.502969299721533,-0.2171066904553512,-0.7423290972289317,0.21058638994196582,-1.327558113186978,-0.8828162337175963,0.7061304031420315,-1.3730106049817663,-0.7394662468772634,1.0599099282117854,-1.0161329645585022,0
-1.143265377720465,-1.1099901739376037,0.8491410419312149,-0.22964583766722754,-0.911310674287764,-1.177851894974348,0.5410721364771007,1.4316811360790147,-1.173704231781191,0.6910700256137552,-0.4814607612315388,-1.0433455004267922,0.9841231756854657,0
-0.9738162891597597,-1.1099901739376037,-0.502969299721533,-0.7723350754366465,-0.911310674287764,0.9048055324001227,-0.4090788379283631,0.2744324511807092,0.6255660616453219,1.035083464046342,-0.997471732522988,1.0400678958661385,0.9841231756854657,0
-0.46546902347764374,0.9009088760241706,-0.502969299721533,-0.7526261891388862,-0.404365943111267,0.9048055324001227,-0.4090788379283631,-1.461440576166749,-1.371758237960602,0.9204123179021463,-0.7394662468772634,0.9011736694466097,0.9841231756854657,0
-0.634918112038349,-1.1099901739376037,-1.179024470547907,-0.21841745773316698,-0.911310674287764,0.21058638994196582,0.06599664927436881,0.853056793629862,-0.005521280078902488,0.1177142948927768,-0.7394662468772634,0.6432272489531993,-1.0161329645585022,0
-0.9738162891597597,0.9009088760241706,0.8491410419312149,-0.22486074748435786,-0.7423290972289317,-1.177851894974348,-0.09236184645987515,0.853056793629862,-1.173704231781191,0.003043148748581378,-0.7394662468772634,-2.9283385732632534,0.9841231756854657,0
-0.46546902347764374,0.9009088760241706,-1.179024470547907,-0.22264981472659628,-0.06640278899360229,0.21058638994196582,-0.2507203421941191,-0.3041918912684436,0.27645391515958084,-0.2262991435398101,-0.7394662468772634,0.5043330225336705,-1.0161329645585022,0
-0.634918112038349,0.9009088760241706,0.8491410419312149,-0.22096003040459278,-0.7423290972289317,-1.177851894974348,-0.16758213193364102,0.2744324511807092,-0.811164695045998,-0.11162799739561437,-0.4814607612315388,-0.5472946917856183,0.9841231756854657,0
-1.143265377720465,0.9009088760241706,-1.179024470547907,-0.7497835613074785,-0.911310674287764,0.9048055324001227,-0.4090788379283631,0.853056793629862,1.286865031430813,0.9204123179021463,-0.7394662468772634,0.10749237562073138,-1.0161329645585022,1
-0.634918112038349,-1.1099901739376037,-0.502969299721533,-0.2194755469815243,-0.06640278899360229,-1.177851894974348,-0.13986939518014835,1.4316811360790147,-1.328119219649884,-0.11162799739561437,-0.4814607612315388,1.1392780575943733,-1.0161329645585022,0
-0.8043672005990544,0.9009088760241706,-1.179024470547907,-0.7488360186970092,-0.911310674287764,0.9048055324001227,-0.4090788379283631,0.2744324511807092,-1.2106295549671826,0.9204123179021463,-0.997471732522988,-1.0830295651180861,0.9841231756854657,0
-0.8043672005990544,0.9009088760241706,-0.502969299721533,-0.7360126087019921,-0.911310674287764,0.9048055324001227,-0.4090788379283631,0.853056793629862,0.9343960373827085,0.8057411717579506,-0.997471732522988,-0.7655570475877348,0.9841231756854657,0
-0.634918112038349,-1.1099901739376037,0.8491410419312149,-0.22126008556457472,-0.911310674287764,-1.177851894974348,-0.09236184645987515,0.2744324511807092,0.04483143335654109,0.003043148748581378,-0.4814607612315388,0.40512286080543575,-1.0161329645585022,0
-1.143265377720465,0.9009088760241706,1.5251962127575889,-0.7241525336942853,-0.911310674287764,0.9048055324001227,-0.4090788379283631,-0.8828162337175963,-1.6839450612603513,0.8057411717579506,-0.997471732522988,0.3455967637684949,0.9841231756854657,0
-0.634918112038349,-1.1099901739376037,1.5251962127575889,-0.2233920564381305,-0.23538436605243465,-1.177851894974348,-1.042512820865339,-1.461440576166749,-1.328119219649884,-1.0289971665491795,-0.997471732522988,1.5162766721616654,0.9841231756854657,0
-0.9738162891597597,-1.1099901739376037,-1.179024470547907,-0.21945975460468314,-0.7423290972289317,-1.177851894974348,-0.4090788379283631,0.853056793629862,-0.6936750303632967,-0.34097028968400567,-0.997471732522988,-1.102871597463733,-1.0161329645585022,0
-0.634918112038349,-1.1099901739376037,0.8491410419312149,-0.7205202870208199,-0.5733475201700994,0.9048055324001227,-0.4090788379283631,0.853056793629862,1.5486991412951188,0.6910700256137552,-0.4814607612315388,-0.8449251769703227,-1.0161329645585022,1
-0.9738162891597597,0.9009088760241706,0.8491410419312149,-0.3374288096081042,-0.911310674287764,-1.177851894974348,0.38271364074285674,-0.8828162337175963,1.676259348664909,0.6910700256137552,-0.4814607612315388,-1.2219237915376149,-1.0161329645585022,1
-0.8043672005990544,0.9009088760241706,-1.179024470547907,-0.22110216179616318,-0.404365943111267,-1.177851894974348,-1.042512820865339,-1.461440576166749,0.001192415045823164,-1.0289971665491795,-0.7394662468772634,1.337698381050843,0.9841231756854657,0
-0.2960199349169384,0.9009088760241706,1.5251962127575889,-0.22377107348231823,-0.23538436605243465,-1.177851894974348,-0.09236184645987515,-1.461440576166749,-0.6936750303632967,0.003043148748581378,-0.4814607612315388,1.4567505751247247,0.9841231756854657,0
-0.46546902347764374,0.9009088760241706,0.8491410419312149,-0.7281322126582562,-0.5733475201700994,0.9048055324001227,-0.4090788379283631,0.2744324511807092,-0.41841353024953903,0.8057411717579506,-0.4814607612315388,0.4249648931510827,0.9841231756854657,0
-0.8043672005990544,-1.1099901739376037,0.8491410419312149,-0.7213099058628777,-0.911310674287764,0.9048055324001227,-0.4090788379283631,-0.8828162337175963,-0.12972463988633004,0.6910700256137552,-0.997471732522988,-0.24966420660091387,0.9841231756854657,0
-0.8043672005990544,-1.1099901739376037,0.8491410419312149,-0.22726118876421328,-0.911310674287764,-1.177851894974348,0.6440051587043593,-0.8828162337175963,0.001192415045823164,0.8057411717579506,-0.997471732522988,-0.46792656240303043,-1.0161329645585022,0
-0.8043672005990544,-1.1099901739376037,-0.502969299721533,-0.7149455779958925,-0.911310674287764,0.9048055324001227,-0.4090788379283631,-1.461440576166749,-1.0495008719737637,0.6910700256137552,-0.4814607612315388,-0.7655570475877348,0.9841231756854657,0
-0.8043672005990544,0.9009088760241706,-0.502969299721533,-0.2161749402217231,-0.911310674287764,0.21058638994196582,-1.0741845200121878,-1.461440576166749,1.1458774338115711,-1.143668312693375,-0.7394662468772634,0.38528082845978884,0.9841231756854657,0
-0.46546902347764374,0.9009088760241706,-0.502969299721533,-0.7108395600171925,-0.06640278899360229,0.9048055324001227,-0.4090788379283631,-1.461440576166749,-0.33784918875282943,0.6910700256137552,-0.7394662468772634,0.028124246238143545,0.9841231756854657,0
-0.2960199349169384,-1.1099901739376037,-1.179024470547907,-0.7004797608093954,-0.06640278899360229,0.9048055324001227,-0.4090788379283631,0.2744324511807092,-1.371758237960602,0.6910700256137552,-0.7394662468772634,-1.2814498885745558,0.9841231756854657,0
-0.8043672005990544,0.9009088760241706,-1.179024470547907,-0.2227445689876432,-0.911310674287764,-1.177851894974348,0.6202513843442227,0.2744324511807092,-0.46205254856025635,0.8057411717579506,-0.997471732522988,-1.6386064707962011,0.9841231756854657,0
-0.8043672005990544,-1.1099901739376037,-1.179024470547907,-0.7043804778891605,-0.7423290972289317,0.9048055324001227,-0.4090788379283631,-1.461440576166749,0.5785701957722418,0.6910700256137552,-0.997471732522988,0.4844909901880236,0.9841231756854657,0
-0.2960199349169384,-1.1099901739376037,-0.502969299721533,-0.7025011850450631,-0.911310674287764,0.9048055324001227,-0.4090788379283631,0.2744324511807092,-1.8752853723150364,0.6910700256137552,-0.4814607612315388,-0.38855843302044263,-1.0161329645585022,0
-0.8043672005990544,-1.1099901739376037,0.8491410419312149,-0.7059913003269582,-0.5733475201700994,0.9048055324001227,-0.4090788379283631,0.2744324511807092,-1.1804179269059165,0.6910700256137552,-0.4814607612315388,-0.8846092416616166,0.9841231756854657,0
-0.8043672005990544,-1.1099901739376037,-0.502969299721533,-0.6761910852277004,-0.911310674287764,0.9048055324001227,-0.4090788379283631,1.4316811360790147,0.5651428055227898,0.5763988794695595,-0.997471732522988,-0.9639773710442044,0.9841231756854657,0
-0.9738162891597597,0.9009088760241706,-1.179024470547907,-0.6790968825664728,-0.911310674287764,0.9048055324001227,-0.4090788379283631,0.2744324511807092,-0.707102420612748,0.5763988794695595,-0.4814607612315388,0.5043330225336705,0.9841231756854657,0
-1.143265377720465,-1.1099901739376037,1.5251962127575889,-0.6720692748721592,-0.911310674287764,0.9048055324001227,-0.4090788379283631,0.853056793629862,-0.005521280078902488,0.5763988794695595,-0.997471732522988,-0.4877685947486774,-1.0161329645585022,1
-1.143265377720465,-1.1099901739376037,1.5251962127575889,-0.22716643450316634,-0.911310674287764,-1.177851894974348,-0.2507203421941191,0.2744324511807092,0.11868207972852446,-0.2262991435398101,-0.997471732522988,1.238488219322608,0.9841231756854657,0
-0.9738162891597597,0.9009088760241706,1.5251962127575889,-0.682397489326274,-0.911310674287764,0.9048055324001227,-0.4090788379283631,-1.461440576166749,1.8407448792206904,0.5763988794695595,-0.7394662468772634,0.10749237562073138,-1.0161329645585022,1
-0.2960199349169384,0.9009088760241706,1.5251962127575889,-0.2196808478804593,0.10257878806523006,0.21058638994196582,-0.7257958293968509,-0.8828162337175963,-1.173704231781191,-0.6849837281165926,-0.7394662468772634,0.3654387961141419,0.9841231756854657,0
-0.634918112038349,0.9009088760241706,1.5251962127575889,-0.21461149491444884,-0.06640278899360229,-1.177851894974348,-0.2507203421941191,0.853056793629862,-0.7977373047965461,-0.2262991435398101,-0.4814607612315388,-0.13061201252703214,-1.0161329645585022,0
-0.9738162891597597,-1.1099901739376037,-0.502969299721533,-0.6783704332317797,-0.404365943111267,0.9048055324001227,-0.4090788379283631,0.2744324511807092,-0.4654093961226198,0.5763988794695595,-0.4814607612315388,0.286070666731554,-1.0161329645585022,1
-0.46546902347764374,-1.1099901739376037,-1.179024470547907,-0.674201245745715,-0.7423290972289317,0.9048055324001227,-0.4090788379283631,0.2744324511807092,-0.12972463988633004,0.5763988794695595,-0.7394662468772634,0.4249648931510827,-1.0161329645585022,0
-0.2960199349169384,0.9009088760241706,1.5251962127575889,-0.219854564025712,-0.404365943111267,-1.177851894974348,-0.4090788379283631,-0.3041918912684436,-1.1804179269059165,-0.34097028968400567,-0.7394662468772634,-1.162397694500674,0.9841231756854657,0
-0.46546902347764374,0.9009088760241706,0.8491410419312149,-0.6723851224089823,-0.23538436605243465,0.9048055324001227,-0.4090788379283631,0.2744324511807092,-1.0964967378468442,0.5763988794695595,-0.997471732522988,-1.2219237915376149,-1.0161329645585022,0
-0.9738162891597597,0.9009088760241706,0.8491410419312149,-0.6795548614948662,-0.5733475201700994,0.9048055324001227,-0.4090788379283631,0.2744324511807092,2.206641263518246,0.5763988794695595,-0.997471732522988,-2.154499311783022,-1.0161329645585022,1
-0.9738162891597597,0.9009088760241706,-1.179024470547907,-0.2205020514761993,-0.911310674287764,-1.177851894974348,-0.963333572998217,-1.461440576166749,-1.5496711587658354,-1.0289971665491795,-0.997471732522988,-1.5592383414136133,0.9841231756854657,0
-0.2960199349169384,0.9009088760241706,-1.179024470547907,-0.6744697161520147,-0.5733475201700994,0.9048055324001227,-0.4090788379283631,0.2744324511807092,-0.0995130118250634,0.5763988794695595,-0.4814607612315388,0.821805540064022,0.9841231756854657,0
-0.46546902347764374,0.9009088760241706,0.8491410419312149,-0.21898598329944852,-0.911310674287764,-1.177851894974348,-0.2507203421941191,0.853056793629862,-1.371758237960602,-0.2262991435398101,-0.4814607612315388,-1.162397694500674,-1.0161329645585022,0
-1.143265377720465,0.9009088760241706,-0.502969299721533,-0.6644889339884053,-0.911310674287764,0.9048055324001227,-0.4090788379283631,-1.461440576166749,-1.2475548781531747,0.5763988794695595,-0.997471732522988,-0.44808453005738347,0.9841231756854657,0
-0.634918112038349,-1.1099901739376037,-0.502969299721533,-0.6614252128812214,-0.5733475201700994,0.9048055324001227,-0.4090788379283631,1.4316811360790147,1.8877407450937713,0.4617277333253637,-0.4814607612315388,0.26622863438590705,0.9841231756854657,0
-0.46546902347764374,-1.1099901739376037,-0.502969299721533,-0.659340619138189,-0.5733475201700994,0.9048055324001227,-0.4090788379283631,-0.8828162337175963,-1.173704231781191,0.4617277333253637,-0.4814607612315388,0.3654387961141419,0.9841231756854657,0
-0.2960199349169384,0.9009088760241706,1.5251962127575889,-0.6561663513931171,-0.404365943111267,0.9048055324001227,-0.4090788379283631,-0.8828162337175963,0.001192415045823164,0.4617277333253637,-0.997471732522988,0.8416475724096689,0.9841231756854657,0
-0.46546902347764374,-1.1099901739376037,1.5251962127575889,-0.6599565218349941,-0.404365943111267,0.9048055324001227,-0.4090788379283631,-0.8828162337175963,-1.0495008719737637,0.4617277333253637,-0.997471732522988,0.9408577341379036,0.9841231756854657,0
-0.9738162891597597,-1.1099901739376037,-0.502969299721533,-0.6510180365429008,-0.911310674287764,0.9048055324001227,-0.4090788379283631,-0.8828162337175963,0.27645391515958084,0.4617277333253637,-0.4814607612315388,-1.182239726846321,0.9841231756854657,0
-1.143265377720465,0.9009088760241706,-0.502969299721533,-0.640579275450898,-0.911310674287764,0.9048055324001227,-0.4090788379283631,1.4316811360790147,0.16232109803924238,0.4617277333253637,-0.997471732522988,0.38528082845978884,0.9841231756854657,0
-0.634918112038349,0.9009088760241706,1.5251962127575889,-0.2123216002724815,-0.911310674287764,-1.177851894974348,0.38271364074285674,-1.461440576166749,0.001192415045823164,0.4617277333253637,-0.4814607612315388,1.337698381050843,0.9841231756854657,0
-0.634918112038349,0.9009088760241706,-1.179024470547907,-0.21312701149138036,-0.5733475201700994,-1.177851894974348,-0.9950052721450657,-0.3041918912684436,-1.1233515183457474,-1.0289971665491795,-0.997471732522988,0.5241750548793175,-1.0161329645585022,0
-0.634918112038349,-1.1099901739376037,0.8491410419312149,-0.32831660817075825,-0.5733475201700994,-1.177851894974348,0.034324950127520015,-1.461440576166749,1.575553921794022,0.3470565871811683,-0.997471732522988,-1.7378166325244357,-1.0161329645585022,1
-0.46546902347764374,-1.1099901739376037,1.5251962127575889,-0.2136639523039796,-0.5733475201700994,-1.177851894974348,0.38271364074285674,-0.3041918912684436,-0.46205254856025635,0.4617277333253637,-0.4814607612315388,-0.190138109563973,-1.0161329645585022,0
-0.9738162891597597,0.9009088760241706,1.5251962127575889,-0.2074733405822472,-0.911310674287764,-1.177851894974348,-0.3298995900612411,-0.8828162337175963,-0.1397951825734185,-0.34097028968400567,-0.7394662468772634,1.0995939929030794,0.9841231756854657,0
-0.8043672005990544,0.9009088760241706,0.8491410419312149,-0.6378314018805372,-0.7423290972289317,0.9048055324001227,-0.4090788379283631,-0.3041918912684436,1.092167872813765,0.4617277333253637,-0.4814607612315388,-0.190138109563973,-1.0161329645585022,1
-0.9738162891597597,0.9009088760241706,-0.502969299721533,-0.6356362614996167,-0.911310674287764,0.9048055324001227,-0.4090788379283631,-1.461440576166749,-1.4724636648314886,0.4617277333253637,-0.997471732522988,1.5559607368529593,0.9841231756854657,0
-0.634918112038349,0.9009088760241706,-0.502969299721533,-0.6338043457860428,-0.911310674287764,0.9048055324001227,-0.4090788379283631,0.2744324511807092,0.9981761410676039,0.4617277333253637,-0.997471732522988,-1.162397694500674,0.9841231756854657,0
-0.9738162891597597,-1.1099901739376037,-1.179024470547907,-0.6238235636224335,-0.7423290972289317,0.9048055324001227,-0.4090788379283631,1.4316811360790147,-1.2475548781531747,0.3470565871811683,-0.7394662468772634,-0.6266628211682062,-1.0161329645585022,0
-0.2960199349169384,0.9009088760241706,-1.179024470547907,-0.21251110879457535,0.10257878806523006,-1.177851894974348,0.06599664927436881,-0.3041918912684436,-0.6936750303632967,0.1177142948927768,-0.7394662468772634,1.1789621222856672,0.9841231756854657,0
-0.9738162891597597,-1.1099901739376037,-1.179024470547907,-0.21314280386822151,-0.404365943111267,-1.177851894974348,-0.8841543251310949,0.853056793629862,0.5114332445249834,-0.9143260204049839,-0.997471732522988,0.9210157017922567,0.9841231756854657,0
-0.2960199349169384,-1.1099901739376037,0.8491410419312149,-0.21573275367017078,-0.7423290972289317,0.21058638994196582,2.3226052134873454,-0.3041918912684436,0.3939435798422821,2.640479510065081,-0.4814607612315388,-3.126758896719723,0.9841231756854657,0
-0.8043672005990544,0.9009088760241706,0.8491410419312149,-0.6172855196101957,-0.911310674287764,0.9048055324001227,-0.4090788379283631,-0.8828162337175963,-1.4724636648314886,0.3470565871811683,-0.997471732522988,-1.5790803737592602,0.9841231756854657,0
-0.8043672005990544,-1.1099901739376037,-0.502969299721533,-0.6218653088941304,-0.5733475201700994,0.9048055324001227,-0.4090788379283631,1.4316811360790147,-1.0427871768490378,0.3470565871811683,-0.997471732522988,1.1789621222856672,0.9841231756854657,0
-0.8043672005990544,-1.1099901739376037,-0.502969299721533,-0.6224022497067296,-0.911310674287764,0.9048055324001227,-0.4090788379283631,-1.461440576166749,0.8739727812601764,0.3470565871811683,-0.4814607612315388,0.008282213892496587,0.9841231756854657,0
-0.9738162891597597,-1.1099901739376037,-1.179024470547907,-0.3306065028127256,-0.911310674287764,-1.177851894974348,0.38271364074285674,-0.8828162337175963,0.4745079213389917,0.6910700256137552,-0.4814607612315388,0.26622863438590705,-1.0161329645585022,1
-0.2960199349169384,0.9009088760241706,0.8491410419312149,-0.21285854108508073,0.10257878806523006,-1.177851894974348,-0.7574675285436998,0.853056793629862,0.001192415045823164,-0.7996548742607882,-0.997471732522988,-0.686188918205147,-1.0161329645585022,0
-0.634918112038349,0.9009088760241706,1.5251962127575889,-0.3296431678254152,-0.911310674287764,-1.177851894974348,-0.2507203421941191,-0.8828162337175963,0.001192415045823164,0.003043148748581378,-0.4814607612315388,1.317856348705196,-1.0161329645585022,1
-0.9738162891597597,-1.1099901739376037,0.8491410419312149,-0.6147429469387699,-0.911310674287764,0.9048055324001227,-0.4090788379283631,-1.461440576166749,0.001192415045823164,0.3470565871811683,-0.997471732522988,-1.4997122443766724,-1.0161329645585022,0
-0.634918112038349,-1.1099901739376037,0.8491410419312149,-0.6156115276650334,-0.23538436605243465,0.9048055324001227,-0.4090788379283631,0.2744324511807092,1.0955247203761276,0.3470565871811683,-0.7394662468772634,0.2463866020402601,-1.0161329645585022,1
-0.634918112038349,-1.1099901739376037,-1.179024470547907,-0.6117581877157918,-0.7423290972289317,0.9048055324001227,-0.4090788379283631,0.853056793629862,0.8739727812601764,0.3470565871811683,-0.4814607612315388,0.7027533459901402,-1.0161329645585022,0
-0.2960199349169384,-1.1099901739376037,-1.179024470547907,-0.605836046400359,0.10257878806523006,0.9048055324001227,-0.4090788379283631,1.4316811360790147,-1.0092187012254088,0.3470565871811683,-0.997471732522988,0.782121475372728,-1.0161329645585022,0
-0.634918112038349,0.9009088760241706,1.5251962127575889,-0.6011930876090597,-0.911310674287764,0.9048055324001227,-0.4090788379283631,-1.461440576166749,0.7229146409538463,0.3470565871811683,-0.7394662468772634,1.4964346398160184,-1.0161329645585022,1
-0.8043672005990544,-1.1099901739376037,-0.502969299721533,-0.5921124709253961,-0.5733475201700994,0.9048055324001227,-0.4090788379283631,0.853056793629862,-0.005521280078902488,0.3470565871811683,-0.4814607612315388,0.5440170872249644,-1.0161329645585022,0
-0.8043672005990544,0.9009088760241706,-1.179024470547907,-0.5841846977511367,-0.7423290972289317,0.9048055324001227,-0.4090788379283631,0.2744324511807092,0.3301634761573873,0.23238544103697253,-0.997471732522988,0.3455967637684949,-1.0161329645585022,1
-1.3127144662811705,-1.1099901739376037,-1.179024470547907,-0.5880380377003783,-0.911310674287764,0.9048055324001227,-0.4090788379283631,0.2744324511807092,0.8739727812601764,0.23238544103697253,-0.997471732522988,0.06780831092943747,0.9841231756854657,0
-0.9738162891597597,-1.1099901739376037,-0.502969299721533,-0.20862618409165146,-0.911310674287764,0.21058638994196582,-0.2507203421941191,-0.8828162337175963,0.001192415045823164,-0.2262991435398101,-0.997471732522988,1.0202258635204915,-1.0161329645585022,0
-0.634918112038349,0.9009088760241706,-0.502969299721533,-0.5807419595997652,-0.911310674287764,0.9048055324001227,-0.4090788379283631,0.2744324511807092,0.5651428055227898,0.23238544103697253,-0.997471732522988,-1.0036614357354983,-1.0161329645585022,0
-0.2960199349169384,-1.1099901739376037,-1.179024470547907,-0.20584672576760832,-0.5733475201700994,-1.177851894974348,-0.7257958293968509,-0.8828162337175963,1.9515208487786668,-0.7996548742607882,-0.4814607612315388,0.5241750548793175,-1.0161329645585022,0
-0.8043672005990544,-1.1099901739376037,1.5251962127575889,-0.5788942515093501,-0.911310674287764,0.9048055324001227,-0.4090788379283631,-1.461440576166749,-1.6705176710108995,0.23238544103697253,-0.997471732522988,-1.3608180179571436,0.9841231756854657,0
-0.634918112038349,-1.1099901739376037,-0.502969299721533,-0.20325677596565905,-0.5733475201700994,0.21058638994196582,-1.359229812333827,1.4316811360790147,-0.811164695045998,-1.487681751125962,-0.997471732522988,-0.7060309505507939,0.9841231756854657,0
-0.46546902347764374,-1.1099901739376037,0.8491410419312149,-0.20753651008961183,-0.23538436605243465,-1.177851894974348,-1.042512820865339,-0.3041918912684436,-0.005521280078902488,-1.143668312693375,-0.997471732522988,-0.03140185079879733,0.9841231756854657,0
-0.46546902347764374,0.9009088760241706,0.8491410419312149,-0.3184305802681958,-0.7423290972289317,-1.177851894974348,-0.5674373336626071,0.853056793629862,1.417782086362966,-0.45564143582820127,-0.7394662468772634,0.26622863438590705,-1.0161329645585022,1
-0.634918112038349,-1.1099901739376037,1.5251962127575889,-0.5775361071010109,-0.911310674287764,0.9048055324001227,-0.4090788379283631,0.853056793629862,-1.6839450612603513,0.23238544103697253,-0.997471732522988,-0.17029607721832604,0.9841231756854657,0
-0.2960199349169384,0.9009088760241706,-1.179024470547907,-0.5805366587008302,-0.23538436605243465,0.9048055324001227,-0.4090788379283631,1.4316811360790147,-0.005521280078902488,0.23238544103697253,-0.4814607612315388,0.7424374106814341,0.9841231756854657,0
-0.8043672005990544,-1.1099901739376037,-1.179024470547907,-0.20486759840345678,-0.911310674287764,-1.177851894974348,-0.646616581529729,-0.8828162337175963,-1.6705176710108995,-0.6849837281165926,-0.7394662468772634,-1.3806600503027906,0.9841231756854657,0
-0.8043672005990544,-1.1099901739376037,0.8491410419312149,-0.5849901089700356,-0.911310674287764,0.9048055324001227,-0.4090788379283631,-0.8828162337175963,-0.005521280078902488,0.23238544103697253,-0.7394662468772634,0.22654456969461315,-1.0161329645585022,0
-0.9738162891597597,0.9009088760241706,-0.502969299721533,-0.20562563249183216,-0.5733475201700994,-1.177851894974348,2.4413740852880284,-1.461440576166749,0.4745079213389917,2.640479510065081,-0.997471732522988,0.8416475724096689,-1.0161329645585022,0
-0.46546902347764374,0.9009088760241706,-1.179024470547907,-0.5857323506815698,-0.23538436605243465,0.9048055324001227,-0.4090788379283631,0.853056793629862,-0.6936750303632967,0.23238544103697253,-0.7394662468772634,0.5638591195706114,0.9841231756854657,0
-0.8043672005990544,0.9009088760241706,1.5251962127575889,-0.20178808491943173,-0.404365943111267,-1.177851894974348,-1.1850354670261585,-0.8828162337175963,0.16232109803924238,-1.2583394588375707,-0.7394662468772634,1.1591200899400202,-1.0161329645585022,0
-1.143265377720465,-1.1099901739376037,0.8491410419312149,-0.5863482533783748,-0.911310674287764,0.9048055324001227,-0.4090788379283631,1.4316811360790147,0.1119683846037988,0.23238544103697253,-0.7394662468772634,-0.190138109563973,-1.0161329645585022,0
-1.143265377720465,0.9009088760241706,0.8491410419312149,-0.6969896455275003,-0.911310674287764,0.9048055324001227,-0.4090788379283631,0.2744324511807092,0.5382880250238866,0.6910700256137552,-0.997471732522988,-0.9838194033898514,-1.0161329645585022,1
-0.8043672005990544,-1.1099901739376037,-0.502969299721533,-0.2072364549296299,-0.911310674287764,-1.177851894974348,-1.212748203779651,0.2744324511807092,-0.1397951825734185,-1.2583394588375707,-0.4814607612315388,0.20670253734896618,0.9841231756854657,0
-0.9738162891597597,0.9009088760241706,0.8491410419312149,-0.5752620048358846,-0.911310674287764,0.9048055324001227,-0.4090788379283631,-1.461440576166749,-0.34120603631519225,0.23238544103697253,-0.7394662468772634,-0.09092794783573821,0.9841231756854657,0
-0.634918112038349,0.9009088760241706,1.5251962127575889,-0.19990879207533438,-0.5733475201700994,-1.177851894974348,-0.646616581529729,1.4316811360790147,-1.6839450612603513,-0.6849837281165926,-0.4814607612315388,1.1194360252487263,0.9841231756854657,0
-0.9738162891597597,0.9009088760241706,-0.502969299721533,-0.6875142194228079,-0.911310674287764,0.9048055324001227,-0.4090788379283631,-0.8828162337175963,1.0787404825643134,0.5763988794695595,-0.7394662468772634,-0.17029607721832604,-1.0161329645585022,1
-0.634918112038349,0.9009088760241706,-0.502969299721533,-0.5648232437438818,-0.7423290972289317,0.9048055324001227,-0.4090788379283631,0.2744324511807092,-1.6705176710108995,0.23238544103697253,-0.7394662468772634,0.7027533459901402,-1.0161329645585022,0
-0.8043672005990544,-1.1099901739376037,-1.179024470547907,-0.5606856410114994,-0.911310674287764,0.9048055324001227,-0.4090788379283631,-0.8828162337175963,-1.0427871768490378,0.23238544103697253,-0.4814607612315388,-2.650550120424196,0.9841231756854657,0
-0.8043672005990544,0.9009088760241706,-1.179024470547907,-0.565249637918593,-0.7423290972289317,0.9048055324001227,-0.4090788379283631,1.4316811360790147,-0.11965409719924096,0.23238544103697253,-0.997471732522988,-0.011559818453150373,-1.0161329645585022,0
-0.8043672005990544,-1.1099901739376037,0.8491410419312149,-0.5639704553944596,-0.911310674287764,0.9048055324001227,-0.4090788379283631,-0.8828162337175963,-0.34120603631519225,0.23238544103697253,-0.7394662468772634,-0.17029607721832604,0.9841231756854657,0
-0.8043672005990544,0.9009088760241706,-1.179024470547907,-0.2015196145131321,-0.7423290972289317,-1.177851894974348,0.8577891279455886,-1.461440576166749,0.001192415045823164,0.9204123179021463,-0.997471732522988,0.6829113136444932,0.9841231756854657,0
-0.9738162891597597,-1.1099901739376037,0.8491410419312149,-0.2032409835888179,-0.911310674287764,-1.177851894974348,0.38271364074285674,-0.8828162337175963,-0.46205254856025635,0.4617277333253637,-0.997471732522988,-2.4719718293133734,-1.0161329645585022,0
-0.634918112038349,-1.1099901739376037,-1.179024470547907,-0.2018038772962729,-0.911310674287764,0.21058638994196582,0.06599664927436881,-0.8828162337175963,-0.21364582894540246,0.1177142948927768,-0.4814607612315388,-0.20998014190961997,0.9841231756854657,0
-0.46546902347764374,-1.1099901739376037,-0.502969299721533,-0.6785599417538736,-0.911310674287764,0.9048055324001227,-0.4090788379283631,-0.8828162337175963,0.001192415045823164,0.5763988794695595,-0.997471732522988,-2.650550120424196,-1.0161329645585022,1
-0.2960199349169384,-1.1099901739376037,-0.502969299721533,-0.5607014333883407,-0.7423290972289317,0.9048055324001227,-0.4090788379283631,1.4316811360790147,-0.6936750303632967,0.23238544103697253,-0.7394662468772634,0.8813316371009629,-1.0161329645585022,0
-0.2960199349169384,0.9009088760241706,-0.502969299721533,-0.5583167844853264,-0.404365943111267,0.9048055324001227,-0.4090788379283631,0.853056793629862,1.0787404825643134,0.23238544103697253,-0.4814607612315388,0.305912699077201,0.9841231756854657,0
-0.8043672005990544,0.9009088760241706,-1.179024470547907,-0.6582193603824671,-0.911310674287764,0.9048055324001227,-0.4090788379283631,-0.3041918912684436,0.001192415045823164,0.4617277333253637,-0.7394662468772634,-0.4282424977117365,-1.0161329645585022,1
-0.634918112038349,0.9009088760241706,0.8491410419312149,-0.5466778027533958,-0.404365943111267,0.9048055324001227,-0.4090788379283631,0.853056793629862,-0.34120603631519225,0.1177142948927768,-0.997471732522988,-0.32903233598350173,0.9841231756854657,0
-0.634918112038349,-1.1099901739376037,0.8491410419312149,-0.5477990615091177,-0.404365943111267,0.9048055324001227,-0.4090788379283631,0.2744324511807092,-1.173704231781191,0.1177142948927768,-0.4814607612315388,-1.4203441149940845,0.9841231756854657,0
-0.9738162891597597,-1.1099901739376037,-1.179024470547907,-0.19990879207533438,-0.911310674287764,-1.177851894974348,-0.7257958293968509,-0.8828162337175963,-0.0860856215756121,-0.7996548742607882,-0.7394662468772634,-1.8370267942526706,0.9841231756854657,0
-0.9738162891597597,-1.1099901739376037,1.5251962127575889,-0.5415294879031796,-0.5733475201700994,0.9048055324001227,-0.4090788379283631,0.853056793629862,-0.018948670328354386,0.1177142948927768,-0.4814607612315388,0.18686050500331922,0.9841231756854657,0
-0.46546902347764374,-1.1099901739376037,1.5251962127575889,-0.539429101783306,-0.23538436605243465,0.9048055324001227,-0.4090788379283631,-1.461440576166749,0.4745079213389917,0.1177142948927768,-0.7394662468772634,-0.5274526594399713,0.9841231756854657,0
-0.46546902347764374,0.9009088760241706,1.5251962127575889,-0.5410873013516272,0.2715603651240624,0.9048055324001227,-0.4090788379283631,1.4316811360790147,-1.2979075915886182,0.1177142948927768,-0.4814607612315388,0.32575473142284794,-1.0161329645585022,0
-1.143265377720465,-1.1099901739376037,-1.179024470547907,-0.3169618892219685,-0.911310674287764,-1.177851894974348,0.8577891279455886,1.4316811360790147,1.5352717510456675,1.2644257563347332,-0.7394662468772634,-0.44808453005738347,-1.0161329645585022,1
-1.143265377720465,0.9009088760241706,-0.502969299721533,-0.5429192170652011,-0.5733475201700994,0.9048055324001227,-0.4090788379283631,-1.461440576166749,-0.005521280078902488,0.1177142948927768,-0.7394662468772634,0.5440170872249644,0.9841231756854657,0
-0.8043672005990544,-1.1099901739376037,-0.502969299721533,-0.20778918811907027,-0.911310674287764,-1.177851894974348,-0.2507203421941191,0.853056793629862,1.1223795008750308,-0.2262991435398101,-0.4814607612315388,-0.44808453005738347,0.9841231756854657,0
-0.46546902347764374,0.9009088760241706,-0.502969299721533,-0.31711981299038,-0.911310674287764,-1.177851894974348,-0.7257958293968509,0.853056793629862,-0.37813135950118393,-0.6849837281165926,-0.997471732522988,-0.7457150152420878,-1.0161329645585022,1
-0.8043672005990544,0.9009088760241706,-1.179024470547907,-0.5366022663287395,-0.404365943111267,0.9048055324001227,-0.4090788379283631,0.853056793629862,0.5651428055227898,0.1177142948927768,-0.4814607612315388,-1.3012919209202027,0.9841231756854657,0
-0.9738162891597597,-1.1099901739376037,-0.502969299721533,-0.534912482006736,-0.7423290972289317,0.9048055324001227,-0.4090788379283631,0.2744324511807092,0.001192415045823164,0.1177142948927768,-0.7394662468772634,-0.44808453005738347,0.9841231756854657,0
-0.46546902347764374,0.9009088760241706,0.8491410419312149,-0.2118004518367234,-0.911310674287764,-1.177851894974348,0.06599664927436881,1.4316811360790147,-0.6936750303632967,0.1177142948927768,-0.997471732522988,-1.8965528912896115,0.9841231756854657,0
-0.9738162891597597,0.9009088760241706,-1.179024470547907,-0.6390947920278295,-0.911310674287764,0.9048055324001227,-0.4090788379283631,0.853056793629862,0.001192415045823164,0.4617277333253637,-0.4814607612315388,0.5440170872249644,-1.0161329645585022,1
-0.2960199349169384,-1.1099901739376037,-0.502969299721533,-0.5233524621590112,-0.5733475201700994,0.9048055324001227,-0.4090788379283631,-0.8828162337175963,-1.173704231781191,0.1177142948927768,-0.7394662468772634,-0.051243883144444294,-1.0161329645585022,0
-0.46546902347764374,0.9009088760241706,1.5251962127575889,-0.517698791249878,-0.5733475201700994,0.9048055324001227,-0.4090788379283631,-1.461440576166749,-0.34120603631519225,0.1177142948927768,-0.997471732522988,0.9408577341379036,-1.0161329645585022,0
-0.8043672005990544,-1.1099901739376037,-0.502969299721533,-0.5167038715088853,-0.911310674287764,0.9048055324001227,-0.4090788379283631,0.2744324511807092,0.04483143335654109,0.1177142948927768,-0.997471732522988,-2.075131182400434,0.9841231756854657,0
-1.143265377720465,0.9009088760241706,-1.179024470547907,-0.49093071250412185,-0.911310674287764,0.9048055324001227,-0.4090788379283631,-0.8828162337175963,1.327147202179168,0.003043148748581378,-0.997471732522988,1.0995939929030794,-1.0161329645585022,0
-0.9738162891597597,0.9009088760241706,-1.179024470547907,-0.49241519592719035,-0.911310674287764,0.9048055324001227,-0.4090788379283631,0.853056793629862,-0.46205254856025635,0.003043148748581378,-0.4814607612315388,0.40512286080543575,0.9841231756854657,0
-0.9738162891597597,-1.1099901739376037,-1.179024470547907,-0.3240368740468055,-0.911310674287764,-0.4836327525161911,0.06599664927436881,-1.461440576166749,1.0418151593783211,0.3470565871811683,-0.4814607612315388,-1.2616078562289088,-1.0161329645585022,1
-0.634918112038349,-1.1099901739376037,-0.502969299721533,-0.20505710692555063,-0.911310674287764,0.21058638994196582,0.38271364074285674,1.4316811360790147,0.0851136041048956,0.4617277333253637,-0.7394662468772634,-0.46792656240303043,-1.0161329645585022,0
-0.634918112038349,-1.1099901739376037,0.8491410419312149,-0.20453595848979253,-0.911310674287764,-1.177851894974348,1.4912231108825644,0.2744324511807092,-0.059230841076708896,1.6084391947673204,-0.7394662468772634,-0.03140185079879733,0.9841231756854657,0
-0.634918112038349,-1.1099901739376037,-0.502969299721533,-0.493710170828165,-0.06640278899360229,0.9048055324001227,-0.4090788379283631,0.2744324511807092,0.7061304031420315,0.003043148748581378,-0.7394662468772634,0.6035431842619053,0.9841231756854657,0
-0.9738162891597597,0.9009088760241706,-1.179024470547907,-0.49178350085354416,-0.911310674287764,0.9048055324001227,-0.4090788379283631,-1.461440576166749,-0.11965409719924096,0.003043148748581378,-0.997471732522988,1.278172284013902,-1.0161329645585022,0
-0.9738162891597597,0.9009088760241706,0.8491410419312149,-0.49235202641982573,-0.911310674287764,0.9048055324001227,-0.4090788379283631,0.2744324511807092,-1.0427871768490378,0.003043148748581378,-0.997471732522988,-2.8489704438806656,0.9841231756854657,0
-0.9738162891597597,0.9009088760241706,0.8491410419312149,-0.4918782551145911,-0.7423290972289317,0.9048055324001227,-0.4090788379283631,-0.8828162337175963,0.3301634761573873,0.003043148748581378,-0.4814607612315388,0.6035431842619053,-1.0161329645585022,0
-0.9738162891597597,-1.1099901739376037,-1.179024470547907,-0.49514727712071,-0.911310674287764,0.9048055324001227,-0.4090788379283631,-1.461440576166749,0.03476089066945202,0.003043148748581378,-0.7394662468772634,0.6630692812988462,-1.0161329645585022,0
-1.143265377720465,0.9009088760241706,0.8491410419312149,-0.4880564999190318,-0.911310674287764,0.9048055324001227,-0.4090788379283631,-0.8828162337175963,1.159304824061023,0.003043148748581378,-0.7394662468772634,0.8614896047553159,0.9841231756854657,0
-0.634918112038349,-1.1099901739376037,0.8491410419312149,-0.48567185101601756,-0.06640278899360229,0.9048055324001227,-0.4090788379283631,1.4316811360790147,-1.0495008719737637,0.003043148748581378,-0.4814607612315388,-0.5869787564769122,0.9841231756854657,0
-0.9738162891597597,0.9009088760241706,0.8491410419312149,-0.4877248600053676,-0.911310674287764,0.9048055324001227,-0.4090788379283631,-0.8828162337175963,0.04483143335654109,0.003043148748581378,-0.4814607612315388,-2.670392152769843,0.9841231756854657,0
-0.9738162891597597,-1.1099901739376037,0.8491410419312149,-0.2037937167782583,-0.911310674287764,-1.177851894974348,1.6495816066168083,0.2744324511807092,0.23617174441122635,1.8377814870557112,-0.997471732522988,-1.3608180179571436,0.9841231756854657,0
-0.46546902347764374,0.9009088760241706,-1.179024470547907,-0.4963948748911612,-0.5733475201700994,0.9048055324001227,-0.4090788379283631,-1.461440576166749,-0.6936750303632967,0.003043148748581378,-0.7394662468772634,0.9408577341379036,-1.0161329645585022,0
-0.634918112038349,-1.1099901739376037,0.8491410419312149,-0.6033250584826155,-0.7423290972289317,0.9048055324001227,-0.4090788379283631,-0.8828162337175963,2.02537149515065,0.3470565871811683,-0.997471732522988,-0.15045404487267908,-1.0161329645585022,1
-0.8043672005990544,-1.1099901739376037,-0.502969299721533,-0.2065415903486191,-0.911310674287764,-1.177851894974348,-0.3774071387815143,1.4316811360790147,0.23617174441122635,-0.34097028968400567,-0.7394662468772634,1.4567505751247247,-1.0161329645585022,0
-0.8043672005990544,0.9009088760241706,0.8491410419312149,-0.2020407629488902,-0.06640278899360229,-1.177851894974348,-0.3298995900612411,0.853056793629862,-1.173704231781191,-0.34097028968400567,-0.997471732522988,0.821805540064022,-1.0161329645585022,0
-0.8043672005990544,-1.1099901739376037,-0.502969299721533,-0.4860350756833641,-0.5733475201700994,0.9048055324001227,-0.4090788379283631,0.2744324511807092,0.19253272610050842,0.003043148748581378,-0.7394662468772634,1.0400678958661385,-1.0161329645585022,0
-0.634918112038349,0.9009088760241706,1.5251962127575889,-0.4853875882328768,0.10257878806523006,0.9048055324001227,-0.4090788379283631,-0.8828162337175963,0.1119683846037988,0.003043148748581378,-0.997471732522988,-0.26950623894656084,-1.0161329645585022,0
-0.634918112038349,0.9009088760241706,-0.502969299721533,-0.48876715687688377,-0.7423290972289317,0.9048055324001227,-0.4090788379283631,0.2744324511807092,0.7464125738903866,0.003043148748581378,-0.7394662468772634,-2.194183376474316,-1.0161329645585022,0
-0.8043672005990544,-1.1099901739376037,-1.179024470547907,-0.5955236243230854,-0.404365943111267,0.9048055324001227,-0.4090788379283631,-1.461440576166749,2.448334288008376,0.3470565871811683,-0.7394662468772634,-0.011559818453150373,-1.0161329645585022,1
-0.634918112038349,0.9009088760241706,0.8491410419312149,-0.20889465449795105,-0.5733475201700994,-1.177851894974348,0.8577891279455886,0.2744324511807092,-0.3680608168140954,0.9204123179021463,-0.7394662468772634,-1.8767108589439645,0.9841231756854657,0
-0.46546902347764374,-1.1099901739376037,1.5251962127575889,-0.20415694144560484,-0.7423290972289317,-1.177851894974348,0.8577891279455886,0.853056793629862,1.4312094766124175,0.9204123179021463,-0.7394662468772634,-0.5076106270943244,0.9841231756854657,0
-0.634918112038349,0.9009088760241706,1.5251962127575889,-0.47248521635365387,-0.404365943111267,0.9048055324001227,-0.4090788379283631,0.2744324511807092,0.2865244578466693,0.003043148748581378,-0.997471732522988,0.7027533459901402,0.9841231756854657,0
-1.143265377720465,0.9009088760241706,0.8491410419312149,-0.469216194347535,-0.911310674287764,0.9048055324001227,-0.4090788379283631,-0.8828162337175963,-1.7510820125076092,0.003043148748581378,-0.7394662468772634,-0.26950623894656084,0.9841231756854657,0
-0.9738162891597597,-1.1099901739376037,-0.502969299721533,-0.20488339078029794,-0.7423290972289317,-1.177851894974348,0.24019099458203716,-0.8828162337175963,1.934736610966852,0.3470565871811683,-0.997471732522988,-0.9242933063529105,0.9841231756854657,0
-0.8043672005990544,-1.1099901739376037,0.8491410419312149,-0.20701536165385373,-0.911310674287764,-1.177851894974348,-1.0741845200121878,0.2744324511807092,0.001192415045823164,-1.143668312693375,-0.997471732522988,-2.3727616675851384,0.9841231756854657,0
-0.634918112038349,-1.1099901739376037,-0.502969299721533,-0.1993244741322117,-0.7423290972289317,-1.177851894974348,-1.0266769712919146,0.853056793629862,0.23617174441122635,-1.0289971665491795,-0.997471732522988,0.6630692812988462,0.9841231756854657,0
-0.9738162891597597,-1.1099901739376037,1.5251962127575889,-0.20873673072953952,-0.911310674287764,-1.177851894974348,-1.2958864140401292,-0.8828162337175963,0.8336906105118219,-1.3730106049817663,-0.7394662468772634,-0.22982217425526694,0.9841231756854657,0
-0.9738162891597597,0.9009088760241706,1.5251962127575889,-0.5773308062020759,-0.911310674287764,0.9048055324001227,-0.4090788379283631,0.2744324511807092,2.3778404891987543,0.23238544103697253,-0.997471732522988,0.782121475372728,-1.0161329645585022,1
-0.8043672005990544,0.9009088760241706,0.8491410419312149,-0.20140906787524404,-0.06640278899360229,-1.177851894974348,-0.6941241302500022,1.4316811360790147,-0.707102420612748,-0.6849837281165926,-0.4814607612315388,-1.9163949236352584,0.9841231756854657,0
-0.2960199349169384,-1.1099901739376037,-0.502969299721533,-0.20576776388340257,-0.06640278899360229,-1.177851894974348,0.30353439287573475,-0.8828162337175963,-0.707102420612748,0.3470565871811683,-0.4814607612315388,0.7622794430270811,-1.0161329645585022,0
-0.634918112038349,-1.1099901739376037,-0.502969299721533,-0.4628518664805499,-0.911310674287764,0.9048055324001227,-0.4090788379283631,0.2744324511807092,0.5114332445249834,0.003043148748581378,-0.997471732522988,0.6233852166075523,0.9841231756854657,0
-0.46546902347764374,0.9009088760241706,-0.502969299721533,-0.20769443385802336,-0.5733475201700994,-1.177851894974348,-0.2507203421941191,-1.461440576166749,-1.6705176710108995,-0.2262991435398101,-0.4814607612315388,-2.0156050853634935,0.9841231756854657,0
-0.9738162891597597,0.9009088760241706,0.8491410419312149,-0.20271983515305983,-0.7423290972289317,-1.177851894974348,-1.002923196931778,0.853056793629862,0.8336906105118219,-1.0289971665491795,-0.4814607612315388,-1.9362369559809054,0.9841231756854657,0
-0.634918112038349,0.9009088760241706,-0.502969299721533,-0.2003193938732044,-0.5733475201700994,-1.177851894974348,-0.6901651678566461,0.2744324511807092,-0.3680608168140954,-0.6849837281165926,-0.4814607612315388,0.9408577341379036,0.9841231756854657,0
-0.9738162891597597,0.9009088760241706,-0.502969299721533,-0.45132343138650743,-0.7423290972289317,0.9048055324001227,-0.4090788379283631,-0.8828162337175963,1.0955247203761276,0.003043148748581378,-0.997471732522988,0.5638591195706114,-1.0161329645585022,0
-0.2960199349169384,0.9009088760241706,0.8491410419312149,-0.20518344594027985,-0.911310674287764,-1.177851894974348,-0.9197849866712998,0.853056793629862,0.23617174441122635,-0.9143260204049839,-0.7394662468772634,-0.22982217425526694,0.9841231756854657,0
-0.2960199349169384,0.9009088760241706,-1.179024470547907,-0.4551136018283844,0.10257878806523006,0.9048055324001227,-0.4090788379283631,-1.461440576166749,0.001192415045823164,0.003043148748581378,-0.997471732522988,-1.7973427295613766,0.9841231756854657,0
-0.46546902347764374,0.9009088760241706,1.5251962127575889,-0.20452016611295137,-0.23538436605243465,-1.177851894974348,-0.5040939353689095,-0.8828162337175963,-1.6705176710108995,-0.45564143582820127,-0.7394662468772634,-1.658448503141848,0.9841231756854657,0
-0.9738162891597597,0.9009088760241706,-0.502969299721533,-0.4510549609802078,-0.5733475201700994,0.9048055324001227,-0.4090788379283631,-1.461440576166749,0.561785957960427,0.003043148748581378,-0.997471732522988,-0.9639773710442044,0.9841231756854657,0
-0.8043672005990544,-1.1099901739376037,-1.179024470547907,-0.2060994037970668,-0.5733475201700994,-1.177851894974348,-0.3298995900612411,-1.461440576166749,-1.173704231781191,-0.34097028968400567,-0.4814607612315388,-0.44808453005738347,0.9841231756854657,0
-0.46546902347764374,0.9009088760241706,-0.502969299721533,-0.4518287874454244,-0.5733475201700994,0.9048055324001227,-0.4090788379283631,0.2744324511807092,-1.7510820125076092,0.003043148748581378,-0.997471732522988,1.0202258635204915,0.9841231756854657,0
-0.8043672005990544,-1.1099901739376037,0.8491410419312149,-0.20050890239529826,-0.911310674287764,-1.177851894974348,-0.4882580857954851,1.4316811360790147,-1.0427871768490378,-0.45564143582820127,-0.7394662468772634,0.38528082845978884,-1.0161329645585022,0
-0.8043672005990544,0.9009088760241706,-0.502969299721533,-0.20433065759085753,-0.911310674287764,-1.177851894974348,-0.46846327382870456,0.853056793629862,1.934736610966852,-0.45564143582820127,-0.7394662468772634,-0.8250831446246757,-1.0161329645585022,0
-0.2960199349169384,-1.1099901739376037,0.8491410419312149,-0.5661498033985388,-0.5733475201700994,0.9048055324001227,-0.4090788379283631,0.2744324511807092,0.9981761410676039,0.23238544103697253,-0.997471732522988,-0.40840046536608954,-1.0161329645585022,1
-0.8043672005990544,-1.1099901739376037,1.5251962127575889,-0.20635208182652526,-0.911310674287764,-1.177851894974348,-1.2008713165995828,0.853056793629862,0.001192415045823164,-1.2583394588375707,-0.997471732522988,1.5162766721616654,0.9841231756854657,0
-0.9738162891597597,0.9009088760241706,-1.179024470547907,-0.44908091387506355,-0.911310674287764,0.9048055324001227,-0.4090788379283631,0.2744324511807092,0.8739727812601764,0.003043148748581378,-0.997471732522988,0.5440170872249644,0.9841231756854657,0
-0.2960199349169384,-1.1099901739376037,-0.502969299721533,-0.5653128074259576,-0.23538436605243465,0.9048055324001227,-0.4090788379283631,-1.461440576166749,1.327147202179168,0.23238544103697253,-0.4814607612315388,-0.09092794783573821,-1.0161329645585022,1
-0.8043672005990544,-1.1099901739376037,0.8491410419312149,-0.4539291735652978,-0.06640278899360229,0.9048055324001227,-0.4090788379283631,-0.8828162337175963,-1.0495008719737637,0.003043148748581378,-0.7394662468772634,0.20670253734896618,-1.0161329645585022,0
-0.46546902347764374,0.9009088760241706,0.8491410419312149,-0.20121955935315017,-0.23538436605243465,-1.177851894974348,-0.7257958293968509,1.4316811360790147,-0.3680608168140954,-0.7996548742607882,-0.4814607612315388,0.6035431842619053,-1.0161329645585022,0
-0.9738162891597597,-1.1099901739376037,-0.502969299721533,-0.44987053271712124,-0.911310674287764,0.9048055324001227,-0.4090788379283631,-0.8828162337175963,-0.7977373047965461,0.003043148748581378,-0.4814607612315388,-1.9560789883265524,0.9841231756854657,0
-0.634918112038349,0.9009088760241706,0.8491410419312149,-0.20080895755528017,-0.5733475201700994,-1.177851894974348,0.8577891279455886,0.853056793629862,-1.4724636648314886,0.9204123179021463,-0.7394662468772634,-1.2417658238832618,0.9841231756854657,0
-0.9738162891597597,0.9009088760241706,0.8491410419312149,-0.5551898938707779,-0.7423290972289317,0.9048055324001227,-0.4090788379283631,0.2744324511807092,-0.34120603631519225,0.23238544103697253,-0.4814607612315388,-0.8846092416616166,-1.0161329645585022,1
-0.2960199349169384,-1.1099901739376037,-0.502969299721533,-0.20832612893166952,-0.5733475201700994,-1.177851894974348,-0.804975077263973,1.4316811360790147,-0.8447331706696268,-0.7996548742607882,-0.7394662468772634,-1.0036614357354983,0.9841231756854657,0
-0.8043672005990544,-1.1099901739376037,1.5251962127575889,-0.19943502077009978,-0.911310674287764,-1.177851894974348,0.4420980766431982,-0.8828162337175963,-0.3680608168140954,0.4617277333253637,-0.7394662468772634,-0.07108591549009124,0.9841231756854657,0
-0.2960199349169384,-1.1099901739376037,0.8491410419312149,-0.42826656119842244,-0.404365943111267,0.9048055324001227,-0.4090788379283631,0.2744324511807092,-0.34120603631519225,-0.11162799739561437,-0.7394662468772634,-1.0631875327724392,0.9841231756854657,0
-0.8043672005990544,0.9009088760241706,-0.502969299721533,-0.4337149312086206,-0.5733475201700994,0.9048055324001227,-0.4090788379283631,-0.8828162337175963,0.001192415045823164,-0.11162799739561437,-0.4814607612315388,0.6630692812988462,0.9841231756854657,0
-0.46546902347764374,0.9009088760241706,-0.502969299721533,-0.3218417336658851,-0.911310674287764,-1.177851894974348,1.3645363142951692,0.2744324511807092,0.3301634761573873,1.952452633199907,-0.4814607612315388,0.5837011519162584,-1.0161329645585022,1
-0.46546902347764374,-1.1099901739376037,-0.502969299721533,-0.2068890226391245,-0.404365943111267,-1.177851894974348,-0.4882580857954851,-0.3041918912684436,-0.005521280078902488,-0.45564143582820127,-0.997471732522988,-0.8647672093159696,0.9841231756854657,0
-0.46546902347764374,-1.1099901739376037,1.5251962127575889,-0.20627311994231948,-0.5733475201700994,-1.177851894974348,-0.5199297849423339,-0.8828162337175963,0.16232109803924238,-0.570312581972397,-0.7394662468772634,0.286070666731554,0.9841231756854657,0
-0.8043672005990544,0.9009088760241706,0.8491410419312149,-0.20121955935315017,-0.911310674287764,-1.177851894974348,-0.8208109268373974,-0.8828162337175963,-0.1397951825734185,-0.7996548742607882,-0.7394662468772634,0.20670253734896618,0.9841231756854657,0
-0.2960199349169384,-1.1099901739376037,-0.502969299721533,-0.4347888128338191,-0.5733475201700994,0.9048055324001227,-0.4090788379283631,0.2744324511807092,-1.2475548781531747,-0.11162799739561437,-0.4814607612315388,0.9210157017922567,-1.0161329645585022,0
-1.143265377720465,0.9009088760241706,0.8491410419312149,-0.20387267866246406,-0.911310674287764,-1.177851894974348,0.38271364074285674,0.853056793629862,-1.8752853723150364,0.4617277333253637,-0.997471732522988,-0.46792656240303043,0.9841231756854657,0
-0.9738162891597597,0.9009088760241706,-1.179024470547907,-0.5447353404019338,-0.911310674287764,0.9048055324001227,-0.4090788379283631,-1.461440576166749,-1.0427871768490378,0.1177142948927768,-0.4814607612315388,-1.2219237915376149,-1.0161329645585022,1
-0.9738162891597597,-1.1099901739376037,0.8491410419312149,-0.20223027147098405,-0.911310674287764,0.21058638994196582,-0.7574675285436998,0.2744324511807092,0.3301634761573873,-0.7996548742607882,-0.997471732522988,0.40512286080543575,-1.0161329645585022,0
-0.8043672005990544,0.9009088760241706,1.5251962127575889,-0.20673109887071295,-0.911310674287764,0.21058638994196582,0.8577891279455886,1.4316811360790147,0.8336906105118219,0.9204123179021463,-0.997471732522988,1.4369085427790778,0.9841231756854657,0
-0.8043672005990544,0.9009088760241706,-0.502969299721533,-0.32212599644902584,-0.911310674287764,-1.177851894974348,0.28769854330231037,1.4316811360790147,2.344272013575125,0.5763988794695595,-0.4814607612315388,-0.7060309505507939,-1.0161329645585022,1
-0.46546902347764374,-1.1099901739376037,-1.179024470547907,-0.20001933871322247,-0.7423290972289317,-1.177851894974348,-0.7257958293968509,-0.8828162337175963,1.6729025011025462,-0.7996548742607882,-0.4814607612315388,-1.5790803737592602,0.9841231756854657,0
-0.9738162891597597,0.9009088760241706,-1.179024470547907,-0.20188283918047864,-0.7423290972289317,0.21058638994196582,0.06599664927436881,1.4316811360790147,-0.005521280078902488,0.1177142948927768,-0.7394662468772634,0.4448069254967297,0.9841231756854657,0
-0.46546902347764374,0.9009088760241706,-0.502969299721533,-0.2059256876518141,-0.06640278899360229,-1.177851894974348,-0.4882580857954851,1.4316811360790147,-1.1804179269059165,-0.45564143582820127,-0.7394662468772634,0.305912699077201,0.9841231756854657,0
-0.9738162891597597,0.9009088760241706,-0.502969299721533,-0.20693639976964795,-0.5733475201700994,-1.177851894974348,-0.013182598592753173,0.2744324511807092,-1.1804179269059165,0.003043148748581378,-0.7394662468772634,1.317856348705196,-1.0161329645585022,0
-0.8043672005990544,0.9009088760241706,0.8491410419312149,-0.4038199618483159,-0.911310674287764,0.9048055324001227,-0.4090788379283631,-0.8828162337175963,-1.0092187012254088,-0.11162799739561437,-0.997471732522988,-2.9084965409176062,0.9841231756854657,0
-0.2960199349169384,-1.1099901739376037,-0.502969299721533,-0.3923389038847969,-0.404365943111267,0.9048055324001227,-0.4090788379283631,-1.461440576166749,-0.707102420612748,-0.11162799739561437,-0.4814607612315388,0.8813316371009629,0.9841231756854657,0
-0.9738162891597597,0.9009088760241706,-1.179024470547907,-0.5082075727683444,-0.911310674287764,0.9048055324001227,-0.4090788379283631,0.853056793629862,-0.707102420612748,0.1177142948927768,-0.7394662468772634,-0.13061201252703214,-1.0161329645585022,1
-0.634918112038349,0.9009088760241706,-1.179024470547907,-0.20300409793620058,-0.23538436605243465,-1.177851894974348,-1.2325430157464317,1.4316811360790147,-1.1804179269059165,-1.2583394588375707,-0.4814607612315388,0.18686050500331922,0.9841231756854657,0
-0.46546902347764374,0.9009088760241706,-0.502969299721533,-0.20717328542226526,-0.404365943111267,-1.177851894974348,2.314687288700633,-1.461440576166749,-0.8447331706696268,2.525808363920885,-0.7394662468772634,0.305912699077201,0.9841231756854657,0
-0.46546902347764374,0.9009088760241706,0.8491410419312149,-0.3222523354637551,-0.5733475201700994,-1.177851894974348,-0.4090788379283631,-0.8828162337175963,0.001192415045823164,-0.2262991435398101,-0.4814607612315388,-1.0235034680811452,-1.0161329645585022,1
-0.8043672005990544,0.9009088760241706,0.8491410419312149,-0.5041173471664855,-0.911310674287764,0.9048055324001227,-0.4090788379283631,1.4316811360790147,1.934736610966852,0.1177142948927768,-0.7394662468772634,-0.44808453005738347,-1.0161329645585022,1
-0.2960199349169384,0.9009088760241706,1.5251962127575889,-0.39071228907015804,-0.06640278899360229,0.9048055324001227,-0.4090788379283631,1.4316811360790147,-1.173704231781191,-0.11162799739561437,-0.7394662468772634,0.5837011519162584,0.9841231756854657,0
-0.9738162891597597,-1.1099901739376037,-1.179024470547907,-0.20243557236991905,-0.911310674287764,-1.177851894974348,-1.042512820865339,1.4316811360790147,-1.6839450612603513,-1.143668312693375,-0.4814607612315388,-0.03140185079879733,0.9841231756854657,0
-0.2960199349169384,-1.1099901739376037,1.5251962127575889,-0.20684164550860104,-0.5733475201700994,-1.177851894974348,0.06599664927436881,1.4316811360790147,-1.1804179269059165,0.1177142948927768,-0.997471732522988,0.40512286080543575,0.9841231756854657,0
-1.143265377720465,-1.1099901739376037,0.8491410419312149,-0.3180515632240081,-0.911310674287764,-1.177851894974348,-1.2008713165995828,0.2744324511807092,0.3301634761573873,-1.2583394588375707,-0.997471732522988,-0.44808453005738347,-1.0161329645585022,1
-0.2960199349169384,-1.1099901739376037,1.5251962127575889,-0.20801028139484642,-0.23538436605243465,-1.177851894974348,-1.0741845200121878,1.4316811360790147,0.8336906105118219,-1.143668312693375,-0.997471732522988,0.7622794430270811,-1.0161329645585022,0
-0.634918112038349,0.9009088760241706,-0.502969299721533,-0.2044885813592691,-0.404365943111267,-1.177851894974348,-0.8524826259842462,-0.3041918912684436,1.417782086362966,-0.9143260204049839,-0.7394662468772634,0.7424374106814341,0.9841231756854657,0
-1.143265377720465,0.9009088760241706,0.8491410419312149,-0.3937286330468185,-0.911310674287764,0.9048055324001227,-0.4090788379283631,-0.8828162337175963,-1.173704231781191,-0.11162799739561437,-0.4814607612315388,-0.686188918205147,0.9841231756854657,0
-0.8043672005990544,-1.1099901739376037,-0.502969299721533,-0.20218289434046058,-0.911310674287764,-1.177851894974348,-0.8841543251310949,-1.461440576166749,-1.8752853723150364,-0.9143260204049839,-0.7394662468772634,-2.3132355705481977,0.9841231756854657,0
-0.46546902347764374,0.9009088760241706,-0.502969299721533,-0.3954342097456631,-0.7423290972289317,0.9048055324001227,-0.4090788379283631,-0.8828162337175963,-0.005521280078902488,-0.11162799739561437,-0.997471732522988,1.5162766721616654,-1.0161329645585022,0
-0.8043672005990544,-1.1099901739376037,-1.179024470547907,-0.20121955935315017,-0.7423290972289317,-1.177851894974348,0.23623203218868105,-0.8828162337175963,0.8336906105118219,0.23238544103697253,-0.7394662468772634,0.22654456969461315,0.9841231756854657,0
-0.634918112038349,0.9009088760241706,-1.179024470547907,-0.3963975447329735,-0.23538436605243465,0.9048055324001227,-0.4090788379283631,1.4316811360790147,-1.8752853723150364,-0.11162799739561437,-0.4814607612315388,-0.686188918205147,-1.0161329645585022,0
-0.634918112038349,0.9009088760241706,0.8491410419312149,-0.20488339078029794,-0.911310674287764,0.21058638994196582,-0.09236184645987515,1.4316811360790147,1.8407448792206904,-0.11162799739561437,-0.997471732522988,-2.3529196352394917,0.9841231756854657,0
-0.634918112038349,0.9009088760241706,-0.502969299721533,-0.5070547292589402,-0.06640278899360229,0.9048055324001227,-0.4090788379283631,0.853056793629862,1.1458774338115711,0.1177142948927768,-0.4814607612315388,-0.7258729828964409,-1.0161329645585022,1
-0.2960199349169384,0.9009088760241706,-1.179024470547907,-0.37839423513405784,0.10257878806523006,0.9048055324001227,-0.4090788379283631,0.2744324511807092,-0.34120603631519225,-0.11162799739561437,-0.7394662468772634,-0.09092794783573821,-1.0161329645585022,0
-0.46546902347764374,-1.1099901739376037,0.8491410419312149,-0.3723299624270547,-0.404365943111267,0.9048055324001227,-0.4090788379283631,0.2744324511807092,-0.8447331706696268,-0.2262991435398101,-0.7394662468772634,-1.7378166325244357,0.9841231756854657,0
-0.46546902347764374,0.9009088760241706,-1.179024470547907,-0.3725826404565132,-0.5733475201700994,0.9048055324001227,-0.4090788379283631,-0.8828162337175963,-0.25392799969375696,-0.2262991435398101,-0.7394662468772634,-0.11076998018138517,0.9841231756854657,0
-0.8043672005990544,0.9009088760241706,-1.179024470547907,-0.37059280097452774,-0.911310674287764,0.9048055324001227,-0.4090788379283631,-0.8828162337175963,-1.2106295549671826,-0.2262991435398101,-0.4814607612315388,0.6035431842619053,0.9841231756854657,0
-0.9738162891597597,0.9009088760241706,0.8491410419312149,-0.1984243086522659,-0.23538436605243465,-1.177851894974348,0.6202513843442227,0.2744324511807092,-0.448625158310805,0.6910700256137552,-0.997471732522988,0.4249648931510827,-1.0161329645585022,0
-0.8043672005990544,0.9009088760241706,1.5251962127575889,-0.203351530226706,-0.911310674287764,-1.177851894974348,0.8577891279455886,-0.8828162337175963,0.001192415045823164,0.9204123179021463,-0.4814607612315388,0.14717644031202531,0.9841231756854657,0
-0.46546902347764374,-1.1099901739376037,-0.502969299721533,-0.3744303485469282,-0.23538436605243465,0.9048055324001227,-0.4090788379283631,-1.461440576166749,-0.6500360120525788,-0.2262991435398101,-0.7394662468772634,-1.7775006972157297,0.9841231756854657,0
-0.46546902347764374,-1.1099901739376037,-1.179024470547907,-0.35938021341730836,-0.23538436605243465,0.9048055324001227,-0.4090788379283631,-1.461440576166749,-0.7977373047965461,-0.2262991435398101,-0.7394662468772634,0.9210157017922567,0.9841231756854657,0
-0.8043672005990544,-1.1099901739376037,0.8491410419312149,-0.20093529657000941,-0.5733475201700994,-1.177851894974348,-0.9079080994912315,-1.461440576166749,-1.8752853723150364,-0.9143260204049839,-0.997471732522988,0.46464895784237664,0.9841231756854657,0
-0.634918112038349,-1.1099901739376037,0.8491410419312149,-0.3548635936407383,-0.5733475201700994,0.9048055324001227,-0.4090788379283631,1.4316811360790147,-1.4724636648314886,-0.2262991435398101,-0.7394662468772634,-1.2417658238832618,0.9841231756854657,0
-0.634918112038349,0.9009088760241706,1.5251962127575889,-0.200382563380569,-0.5733475201700994,-1.177851894974348,-0.2507203421941191,-1.461440576166749,-0.8447331706696268,-0.2262991435398101,-0.7394662468772634,-0.03140185079879733,-1.0161329645585022,0
-0.8043672005990544,0.9009088760241706,0.8491410419312149,-0.20433065759085753,-0.911310674287764,-1.177851894974348,-1.2800505644667048,1.4316811360790147,0.16232109803924238,-1.3730106049817663,-0.7394662468772634,-0.3488743683291487,0.9841231756854657,0
-0.634918112038349,-1.1099901739376037,-1.179024470547907,-0.3634862313960084,-0.911310674287764,0.9048055324001227,-0.4090788379283631,0.2744324511807092,-1.4993184453303918,-0.2262991435398101,-0.4814607612315388,-0.44808453005738347,0.9841231756854657,0
-0.46546902347764374,0.9009088760241706,-0.502969299721533,-0.19910338085643553,-0.23538436605243465,0.21058638994196582,-0.5674373336626071,0.853056793629862,1.417782086362966,-0.570312581972397,-0.7394662468772634,0.6630692812988462,-1.0161329645585022,0
-0.8043672005990544,0.9009088760241706,-1.179024470547907,-0.2064468360875722,-0.911310674287764,-1.177851894974348,-0.2507203421941191,-0.8828162337175963,-1.1804179269059165,-0.2262991435398101,-0.4814607612315388,-0.07108591549009124,0.9841231756854657,0
-1.143265377720465,0.9009088760241706,-0.502969299721533,-0.3559374752659368,-0.7423290972289317,0.9048055324001227,-0.4090788379283631,1.4316811360790147,1.327147202179168,-0.2262991435398101,-0.7394662468772634,0.40512286080543575,-1.0161329645585022,0
-0.8043672005990544,-1.1099901739376037,-1.179024470547907,-0.20319360645829443,-0.911310674287764,-1.177851894974348,-0.2507203421941191,0.2744324511807092,-1.1804179269059165,-0.2262991435398101,-0.4814607612315388,0.18686050500331922,-1.0161329645585022,0
-0.8043672005990544,-1.1099901739376037,0.8491410419312149,-0.20339890735722946,-0.911310674287764,-1.177851894974348,0.06599664927436881,0.2744324511807092,1.0015329886299666,0.1177142948927768,-0.7394662468772634,-0.3488743683291487,-1.0161329645585022,0
-0.9738162891597597,0.9009088760241706,-0.502969299721533,-0.45816153055872716,-0.911310674287764,0.9048055324001227,-0.4090788379283631,1.4316811360790147,1.575553921794022,0.003043148748581378,-0.7394662468772634,0.9805417988291976,-1.0161329645585022,1
-0.2960199349169384,0.9009088760241706,-0.502969299721533,-0.3343177113703968,0.10257878806523006,0.9048055324001227,-0.4090788379283631,0.2744324511807092,0.5651428055227898,-0.2262991435398101,-0.997471732522988,0.06780831092943747,0.9841231756854657,0
-0.2960199349169384,-1.1099901739376037,1.5251962127575889,-0.33881853877012574,-0.06640278899360229,0.9048055324001227,-0.4090788379283631,0.2744324511807092,-1.7510820125076092,-0.2262991435398101,-0.7394662468772634,0.008282213892496587,0.9841231756854657,0
-0.8043672005990544,0.9009088760241706,0.8491410419312149,-0.33862903024803187,-0.5733475201700994,0.9048055324001227,-0.4090788379283631,-0.8828162337175963,-0.6936750303632967,-0.2262991435398101,-0.7394662468772634,-0.30919030363785477,-1.0161329645585022,0
-0.2960199349169384,-1.1099901739376037,0.8491410419312149,-0.33573902528610067,-0.23538436605243465,0.9048055324001227,-0.4090788379283631,0.2744324511807092,-0.46205254856025635,-0.2262991435398101,-0.997471732522988,1.0003838311748445,0.9841231756854657,0
-0.8043672005990544,-1.1099901739376037,0.8491410419312149,-0.1992455122480059,-0.7423290972289317,-1.177851894974348,-0.7257958293968509,-0.8828162337175963,0.03476089066945202,-0.7996548742607882,-0.997471732522988,-0.46792656240303043,-1.0161329645585022,0
-0.46546902347764374,-1.1099901739376037,-1.179024470547907,-0.3294378669264802,-0.404365943111267,0.9048055324001227,-0.4090788379283631,0.2744324511807092,-1.0427871768490378,-0.2262991435398101,-0.7394662468772634,0.14717644031202531,0.9841231756854657,0
-0.8043672005990544,0.9009088760241706,1.5251962127575889,-0.30308038997859404,-0.911310674287764,0.9048055324001227,-0.4090788379283631,0.2744324511807092,0.001192415045823164,-0.2262991435398101,-0.4814607612315388,0.8813316371009629,0.9841231756854657,0
-1.143265377720465,0.9009088760241706,0.8491410419312149,-0.2957527271242985,-0.911310674287764,0.9048055324001227,-0.4090788379283631,0.2744324511807092,1.4312094766124175,-0.34097028968400567,-0.4814607612315388,-0.30919030363785477,0.9841231756854657,0
-0.634918112038349,-1.1099901739376037,1.5251962127575889,-0.20824716704746374,-0.404365943111267,-1.177851894974348,0.0026532509806712224,-0.8828162337175963,0.001192415045823164,0.003043148748581378,-0.7394662468772634,0.20670253734896618,-1.0161329645585022,0
-0.634918112038349,-1.1099901739376037,0.8491410419312149,-0.30308038997859404,-0.7423290972289317,0.9048055324001227,-0.4090788379283631,-1.461440576166749,0.23617174441122635,-0.2262991435398101,-0.7394662468772634,0.5638591195706114,0.9841231756854657,0
-0.2960199349169384,0.9009088760241706,-1.179024470547907,-0.20679426837807757,-0.7423290972289317,-1.177851894974348,0.27186269372888594,0.2744324511807092,-1.2475548781531747,0.3470565871811683,-0.4814607612315388,-1.5989224061049072,0.9841231756854657,0
-0.9738162891597597,-1.1099901739376037,-1.179024470547907,-0.2003193938732044,-0.911310674287764,-1.177851894974348,-0.7257958293968509,0.853056793629862,-1.1233515183457474,-0.7996548742607882,-0.997471732522988,-0.22982217425526694,0.9841231756854657,0
-0.8043672005990544,0.9009088760241706,-1.179024470547907,-0.29929021953671703,-0.7423290972289317,0.9048055324001227,-0.4090788379283631,1.4316811360790147,0.001192415045823164,-0.34097028968400567,-0.997471732522988,0.7027533459901402,0.9841231756854657,0
-0.2960199349169384,0.9009088760241706,0.8491410419312149,-0.19981403781428747,-0.23538436605243465,-1.177851894974348,-0.7257958293968509,1.4316811360790147,-1.371758237960602,-0.7996548742607882,-0.7394662468772634,-0.6068207888225592,0.9841231756854657,0
-1.143265377720465,-1.1099901739376037,0.8491410419312149,-0.297237210547367,-0.911310674287764,0.9048055324001227,-0.4090788379283631,0.2744324511807092,-0.21364582894540246,-0.34097028968400567,-0.4814607612315388,-1.658448503141848,0.9841231756854657,0
-0.9738162891597597,0.9009088760241706,0.8491410419312149,-0.2973477571852551,-0.911310674287764,0.9048055324001227,-0.4090788379283631,1.4316811360790147,-1.1233515183457474,-0.34097028968400567,-0.7394662468772634,-0.686188918205147,0.9841231756854657,0
-0.2960199349169384,-1.1099901739376037,-0.502969299721533,-0.20707853116121835,0.2715603651240624,-1.177851894974348,0.06599664927436881,-0.8828162337175963,-0.33784918875282943,0.1177142948927768,-0.997471732522988,-1.12271362980938,0.9841231756854657,0
-0.9738162891597597,0.9009088760241706,0.8491410419312149,-0.2011090127152621,-0.911310674287764,-1.177851894974348,0.38271364074285674,-0.8828162337175963,-0.46205254856025635,0.4617277333253637,-0.4814607612315388,-1.2616078562289088,0.9841231756854657,0
-0.634918112038349,-1.1099901739376037,-0.502969299721533,-0.20794711188748183,-0.7423290972289317,-1.177851894974348,0.06599664927436881,-1.461440576166749,-1.7510820125076092,0.1177142948927768,-0.7394662468772634,-1.0235034680811452,0.9841231756854657,0
-0.9738162891597597,0.9009088760241706,0.8491410419312149,-0.2084366755695576,-0.404365943111267,0.21058638994196582,2.4413740852880284,-0.8828162337175963,-0.08944246913797492,2.640479510065081,-0.997471732522988,0.7225953783357871,0.9841231756854657,0
-0.8043672005990544,0.9009088760241706,0.8491410419312149,-0.30279612719545324,-0.7423290972289317,0.9048055324001227,-0.4090788379283631,-0.8828162337175963,-1.173704231781191,-0.2262991435398101,-0.4814607612315388,0.5241750548793175,0.9841231756854657,0
-0.46546902347764374,-1.1099901739376037,1.5251962127575889,-0.2066521369865072,-0.911310674287764,-1.177851894974348,-0.17154109432699713,-0.3041918912684436,0.001192415045823164,-0.11162799739561437,-0.997471732522988,-1.2814498885745558,0.9841231756854657,0
-0.9738162891597597,-1.1099901739376037,-0.502969299721533,-0.20474125938872753,-0.911310674287764,-1.177851894974348,0.38271364074285674,1.4316811360790147,-0.34120603631519225,0.4617277333253637,-0.4814607612315388,0.4249648931510827,0.9841231756854657,0
-0.2960199349169384,0.9009088760241706,1.5251962127575889,-0.2980426217662659,-0.404365943111267,0.9048055324001227,-0.4090788379283631,1.4316811360790147,-0.46205254856025635,-0.34097028968400567,-0.997471732522988,0.7622794430270811,-1.0161329645585022,0
-0.8043672005990544,-1.1099901739376037,-0.502969299721533,-0.3008852495976736,-0.911310674287764,0.9048055324001227,-0.4090788379283631,-0.8828162337175963,-0.5661148229935064,-0.2262991435398101,-0.7394662468772634,-0.5076106270943244,0.9841231756854657,0
-0.8043672005990544,0.9009088760241706,0.8491410419312149,-0.20366737776352906,-0.404365943111267,-1.177851894974348,0.8577891279455886,0.853056793629862,-1.623521805137819,0.9204123179021463,-0.997471732522988,-0.8449251769703227,-1.0161329645585022,0
-0.9738162891597597,0.9009088760241706,0.8491410419312149,-0.3226313525079428,-0.911310674287764,-1.177851894974348,0.06599664927436881,0.853056793629862,-1.7510820125076092,0.3470565871811683,-0.4814607612315388,0.06780831092943747,-1.0161329645585022,1
-1.143265377720465,-1.1099901739376037,0.8491410419312149,-0.41719610503277343,-0.911310674287764,0.9048055324001227,-0.4090788379283631,-0.3041918912684436,0.1522505553521539,-0.11162799739561437,-0.997471732522988,-0.26950623894656084,-1.0161329645585022,1
-0.2960199349169384,0.9009088760241706,-0.502969299721533,-0.30249607203547135,-0.404365943111267,0.9048055324001227,-0.4090788379283631,0.853056793629862,0.001192415045823164,-0.2262991435398101,-0.4814607612315388,1.278172284013902,-1.0161329645585022,0
-0.8043672005990544,0.9009088760241706,-0.502969299721533,-0.20564142486867332,-0.5733475201700994,-1.177851894974348,-0.2903099661276801,0.853056793629862,-1.623521805137819,-0.2262991435398101,-0.4814607612315388,0.028124246238143545,0.9841231756854657,0
-0.8043672005990544,0.9009088760241706,0.8491410419312149,-0.28236079156299987,-0.5733475201700994,0.9048055324001227,-0.4090788379283631,0.2744324511807092,-1.3482603050240614,-0.34097028968400567,-0.7394662468772634,0.22654456969461315,0.9841231756854657,0
-1.143265377720465,-1.1099901739376037,-0.502969299721533,-0.3949920231941108,-0.911310674287764,0.9048055324001227,-0.4090788379283631,0.853056793629862,1.327147202179168,-0.11162799739561437,-0.4814607612315388,0.5837011519162584,-1.0161329645585022,1
-0.9738162891597597,0.9009088760241706,-1.179024470547907,-0.2833083341734691,-0.911310674287764,0.9048055324001227,-0.4090788379283631,1.4316811360790147,0.3939435798422821,-0.34097028968400567,-0.997471732522988,-1.0631875327724392,-1.0161329645585022,0
-0.8043672005990544,-1.1099901739376037,-0.502969299721533,-0.26244660436630457,-0.7423290972289317,0.9048055324001227,-0.4090788379283631,-0.8828162337175963,-0.11965409719924096,-0.34097028968400567,-0.997471732522988,-1.142555662155027,-1.0161329645585022,0
-0.634918112038349,0.9009088760241706,0.8491410419312149,-0.20309885219724752,-0.911310674287764,-1.177851894974348,-0.5674373336626071,-0.3041918912684436,-1.8752853723150364,-0.570312581972397,-0.7394662468772634,-0.6465048535138531,-1.0161329645585022,0
-0.46546902347764374,0.9009088760241706,1.5251962127575889,-0.26096212094323606,-0.911310674287764,0.9048055324001227,-0.4090788379283631,-0.3041918912684436,-0.1397951825734185,-0.34097028968400567,-0.997471732522988,0.7622794430270811,-1.0161329645585022,0
-0.9738162891597597,-1.1099901739376037,1.5251962127575889,-0.20158278402049673,-0.911310674287764,-1.177851894974348,-0.7574675285436998,0.2744324511807092,0.6624913848313142,-0.7996548742607882,-0.4814607612315388,1.1591200899400202,0.9841231756854657,0
-0.9738162891597597,0.9009088760241706,-0.502969299721533,-0.2063047046960018,-0.7423290972289317,-1.177851894974348,0.38271364074285674,-0.8828162337175963,-1.4993184453303918,0.4617277333253637,-0.4814607612315388,1.0797519605574324,-1.0161329645585022,0
-1.143265377720465,0.9009088760241706,-0.502969299721533,-0.26667896135973385,-0.911310674287764,0.9048055324001227,-0.4090788379283631,-0.8828162337175963,-1.1804179269059165,-0.34097028968400567,-0.4814607612315388,0.6233852166075523,-1.0161329645585022,0
-0.2960199349169384,0.9009088760241706,-0.502969299721533,-0.2590354509686153,-0.23538436605243465,0.9048055324001227,-0.4090788379283631,-0.8828162337175963,-1.0495008719737637,-0.34097028968400567,-0.7394662468772634,0.5440170872249644,-1.0161329645585022,0
-0.2960199349169384,-1.1099901739376037,-1.179024470547907,-0.20298830555935943,-0.06640278899360229,-1.177851894974348,0.1451758971414908,-1.461440576166749,-1.7510820125076092,0.23238544103697253,-0.997471732522988,1.1194360252487263,0.9841231756854657,0
-0.634918112038349,0.9009088760241706,-0.502969299721533,-0.26096212094323606,-0.404365943111267,0.9048055324001227,-0.4090788379283631,0.2744324511807092,-1.0964967378468442,-0.34097028968400567,-0.4814607612315388,0.46464895784237664,0.9841231756854657,0
-0.9738162891597597,-1.1099901739376037,0.8491410419312149,-0.20567300962235563,-0.7423290972289317,0.21058638994196582,-1.1691996174527342,-0.8828162337175963,-1.8752853723150364,-1.2583394588375707,-0.7394662468772634,-1.2219237915376149,0.9841231756854657,0
-0.46546902347764374,-1.1099901739376037,-0.502969299721533,-0.26830557617437273,-0.911310674287764,0.9048055324001227,-0.4090788379283631,-1.461440576166749,0.5114332445249834,-0.34097028968400567,-0.7394662468772634,-0.8250831446246757,0.9841231756854657,0
-0.9738162891597597,-1.1099901739376037,-1.179024470547907,-0.20104584320789748,-0.911310674287764,0.21058638994196582,-1.3156812260069097,1.4316811360790147,-1.3751150855229646,-1.3730106049817663,-0.7394662468772634,0.4844909901880236,0.9841231756854657,0
-0.9738162891597597,0.9009088760241706,-1.179024470547907,-0.24469597279684738,-0.7423290972289317,0.9048055324001227,-0.4090788379283631,0.853056793629862,2.206641263518246,-0.34097028968400567,-0.7394662468772634,-0.15045404487267908,0.9841231756854657,0
-0.46546902347764374,0.9009088760241706,0.8491410419312149,-0.20831033655482836,0.2715603651240624,-1.177851894974348,1.1745061194140765,-1.461440576166749,-1.3751150855229646,1.2644257563347332,-0.4814607612315388,-0.38855843302044263,0.9841231756854657,0
-0.2960199349169384,-1.1099901739376037,-1.179024470547907,-0.32116266146171546,-0.23538436605243465,-1.177851894974348,0.5410721364771007,-1.461440576166749,1.8273174889712391,0.9204123179021463,-0.7394662468772634,0.305912699077201,-1.0161329645585022,1
-0.8043672005990544,0.9009088760241706,-1.179024470547907,-0.1982190077533309,-0.911310674287764,0.21058638994196582,-1.359229812333827,1.4316811360790147,0.16232109803924238,-1.487681751125962,-0.4814607612315388,0.028124246238143545,-1.0161329645585022,0
-0.9738162891597597,-1.1099901739376037,-1.179024470547907,-0.2194755469815243,-0.911310674287764,0.9048055324001227,-0.4090788379283631,-1.461440576166749,0.8739727812601764,-0.34097028968400567,-0.4814607612315388,0.4249648931510827,0.9841231756854657,0
-0.46546902347764374,0.9009088760241706,-1.179024470547907,-0.20753651008961183,-0.404365943111267,-1.177851894974348,0.8577891279455886,0.2744324511807092,-1.0495008719737637,0.9204123179021463,-0.997471732522988,0.305912699077201,0.9841231756854657,0
-0.9738162891597597,0.9009088760241706,1.5251962127575889,-0.2217812340003328,-0.23538436605243465,0.9048055324001227,-0.4090788379283631,-0.8828162337175963,0.8269769153870962,-0.34097028968400567,-0.997471732522988,1.278172284013902,-1.0161329645585022,0
-0.634918112038349,-1.1099901739376037,-1.179024470547907,-0.20393584816982868,-0.06640278899360229,-1.177851894974348,-1.042512820865339,-1.461440576166749,0.03811773823181484,-1.143668312693375,-0.997471732522988,-1.5393963090679663,-1.0161329645585022,0
-0.8043672005990544,0.9009088760241706,-0.502969299721533,-0.22392899725072976,-0.911310674287764,0.9048055324001227,-0.4090788379283631,-1.461440576166749,-0.3680608168140954,-0.34097028968400567,-0.7394662468772634,-0.9044512740072636,0.9841231756854657,0
-0.634918112038349,0.9009088760241706,-1.179024470547907,-0.31827265649978426,-0.5733475201700994,0.9048055324001227,-0.4090788379283631,-0.8828162337175963,-1.1804179269059165,-0.2262991435398101,-0.7394662468772634,-1.2814498885745558,-1.0161329645585022,1
-0.8043672005990544,0.9009088760241706,-0.502969299721533,-0.20456754324347484,-0.911310674287764,-1.177851894974348,0.06599664927436881,-0.8828162337175963,-0.0860856215756121,0.1177142948927768,-0.4814607612315388,0.4844909901880236,0.9841231756854657,0
-0.8043672005990544,0.9009088760241706,0.8491410419312149,-0.20548350110026178,-0.7423290972289317,0.21058638994196582,0.22435514500861276,-0.8828162337175963,-0.21028898138303903,0.23238544103697253,-0.7394662468772634,0.46464895784237664,0.9841231756854657,0
-0.634918112038349,0.9009088760241706,0.8491410419312149,-0.1980452916080782,-0.7423290972289317,0.21058638994196582,1.0161476236798326,0.2744324511807092,0.001192415045823164,1.1497546101905376,-0.7394662468772634,-2.075131182400434,0.9841231756854657,0
-1.143265377720465,0.9009088760241706,-0.502969299721533,-0.2020407629488902,-0.911310674287764,-1.177851894974348,0.06599664927436881,-0.8828162337175963,1.2465828606824585,0.1177142948927768,-0.997471732522988,-0.13061201252703214,-1.0161329645585022,0
-0.8043672005990544,0.9009088760241706,-1.179024470547907,0.36661114234738607,-0.911310674287764,0.9048055324001227,-0.4090788379283631,-0.8828162337175963,-0.08944246913797492,-0.7996548742607882,-0.7394662468772634,0.6233852166075523,0.9841231756854657,0
-0.8043672005990544,0.9009088760241706,0.8491410419312149,-0.3177830928177085,-0.911310674287764,-1.177851894974348,-0.7257958293968509,0.2744324511807092,1.4110683912382405,-0.6849837281165926,-0.997471732522988,-0.09092794783573821,-1.0161329645585022,1
-0.46546902347764374,0.9009088760241706,0.8491410419312149,0.4413090848060449,-0.06640278899360229,0.9048055324001227,-0.4090788379283631,-0.8828162337175963,-0.005521280078902488,-0.9143260204049839,-0.7394662468772634,-1.5989224061049072,-1.0161329645585022,0
-0.2960199349169384,-1.1099901739376037,-0.502969299721533,-0.20039835575741016,-0.404365943111267,-1.177851894974348,0.034324950127520015,-0.3041918912684436,-1.0495008719737637,0.1177142948927768,-0.7394662468772634,0.18686050500331922,0.9841231756854657,0
-0.8043672005990544,0.9009088760241706,0.8491410419312149,0.4402667879345287,-0.5733475201700994,0.9048055324001227,-0.4090788379283631,-0.8828162337175963,0.001192415045823164,-0.9143260204049839,-0.7394662468772634,0.16701847265767225,0.9841231756854657,0
-0.634918112038349,-1.1099901739376037,0.8491410419312149,-0.20027201674268094,0.10257878806523006,-1.177851894974348,-0.3298995900612411,-0.8828162337175963,1.286865031430813,-0.34097028968400567,-0.997471732522988,-1.0830295651180861,0.9841231756854657,0
-0.8043672005990544,-1.1099901739376037,-1.179024470547907,0.46021255988490634,-0.5733475201700994,0.9048055324001227,-0.4090788379283631,0.2744324511807092,-0.11965409719924096,-0.9143260204049839,-0.997471732522988,0.4448069254967297,0.9841231756854657,0
-0.2960199349169384,0.9009088760241706,1.5251962127575889,0.4581437585187152,-0.911310674287764,0.9048055324001227,-0.4090788379283631,0.853056793629862,0.8336906105118219,-0.9143260204049839,-0.7394662468772634,-0.30919030363785477,-1.0161329645585022,0
-0.2960199349169384,-1.1099901739376037,-1.179024470547907,-0.3016906608165725,0.10257878806523006,0.9048055324001227,-0.3853250635682265,-1.461440576166749,0.5651428055227898,-0.2262991435398101,-0.997471732522988,0.7424374106814341,0.9841231756854657,0
-0.2960199349169384,0.9009088760241706,-0.502969299721533,-0.20455175086663369,-0.5733475201700994,-1.177851894974348,0.5410721364771007,-1.461440576166749,0.9981761410676039,0.5763988794695595,-0.7394662468772634,-0.7655570475877348,-1.0161329645585022,0
-0.2960199349169384,0.9009088760241706,0.8491410419312149,-0.0843085935980865,-0.23538436605243465,0.9048055324001227,-0.3853250635682265,-0.3041918912684436,-1.3482603050240614,-0.45564143582820127,-0.997471732522988,-1.6981325678331418,0.9841231756854657,0
-0.8043672005990544,0.9009088760241706,0.8491410419312149,-0.20652579797177795,-0.7423290972289317,-1.177851894974348,-0.4090788379283631,1.4316811360790147,0.7464125738903866,-0.45564143582820127,-0.997471732522988,0.38528082845978884,0.9841231756854657,0
-0.2960199349169384,0.9009088760241706,-0.502969299721533,-0.20439382709822215,-0.5733475201700994,-1.177851894974348,-1.042512820865339,0.2744324511807092,-1.4254677989584081,-1.143668312693375,-0.997471732522988,0.3455967637684949,-1.0161329645585022,0
-0.8043672005990544,-1.1099901739376037,-0.502969299721533,0.35967828891411946,-0.7423290972289317,0.9048055324001227,-0.38136610117487035,-1.461440576166749,-1.1804179269059165,-0.7996548742607882,-0.4814607612315388,0.008282213892496587,0.9841231756854657,0
-0.9738162891597597,-1.1099901739376037,0.8491410419312149,-0.9757882662812346,-0.911310674287764,0.9048055324001227,-0.3774071387815143,-1.461440576166749,0.23617174441122635,2.984492948497668,-0.4814607612315388,-0.4282424977117365,-1.0161329645585022,1
-0.634918112038349,-1.1099901739376037,-0.502969299721533,-0.20834192130851067,-0.404365943111267,-1.177851894974348,-0.7257958293968509,1.4316811360790147,-1.0495008719737637,-0.7996548742607882,-0.4814607612315388,-1.4005020826484376,0.9841231756854657,0
-0.9738162891597597,0.9009088760241706,-0.502969299721533,-0.8507916035835,-0.23538436605243465,0.9048055324001227,-0.3774071387815143,-1.461440576166749,-1.3751150855229646,1.6084391947673204,-0.4814607612315388,-1.8568688265983175,-1.0161329645585022,1
-1.143265377720465,-1.1099901739376037,-0.502969299721533,-0.19978245306060516,-0.911310674287764,-1.177851894974348,0.1451758971414908,-0.8828162337175963,-1.173704231781191,0.23238544103697253,-0.7394662468772634,-1.9560789883265524,0.9841231756854657,0
-0.2960199349169384,0.9009088760241706,-0.502969299721533,-0.8318723361277974,0.2715603651240624,0.9048055324001227,-0.3774071387815143,1.4316811360790147,-0.21028898138303903,1.379096902478929,-0.7394662468772634,-0.17029607721832604,-1.0161329645585022,1
-0.46546902347764374,0.9009088760241706,1.5251962127575889,-0.821480952166318,-0.23538436605243465,0.9048055324001227,-0.3774071387815143,1.4316811360790147,-1.7510820125076092,1.379096902478929,-0.997471732522988,0.46464895784237664,-1.0161329645585022,1
-0.634918112038349,-1.1099901739376037,-1.179024470547907,-0.8044093928010304,-0.06640278899360229,0.9048055324001227,-0.3774071387815143,-1.461440576166749,0.5651428055227898,1.2644257563347332,-0.997471732522988,-0.17029607721832604,-1.0161329645585022,1
-0.8043672005990544,-1.1099901739376037,-1.179024470547907,-0.20115638984578557,-0.911310674287764,-1.177851894974348,-0.2507203421941191,-1.461440576166749,0.954537122756886,-0.2262991435398101,-0.4814607612315388,0.6233852166075523,0.9841231756854657,0
-0.8043672005990544,0.9009088760241706,-1.179024470547907,-0.7738353512365561,-0.5733475201700994,0.9048055324001227,-0.3774071387815143,-0.8828162337175963,0.561785957960427,1.035083464046342,-0.4814607612315388,0.7027533459901402,0.9841231756854657,0
-1.143265377720465,0.9009088760241706,0.8491410419312149,-0.1983611391449013,-0.5733475201700994,-1.177851894974348,0.06599664927436881,0.853056793629862,-0.25392799969375696,0.1177142948927768,-0.997471732522988,-0.20998014190961997,-1.0161329645585022,0
-0.9738162891597597,-1.1099901739376037,-0.502969299721533,-0.20679426837807757,-0.911310674287764,-1.177851894974348,0.06599664927436881,0.853056793629862,-0.12972463988633004,0.1177142948927768,-0.997471732522988,1.337698381050843,0.9841231756854657,0
-0.8043672005990544,0.9009088760241706,-1.179024470547907,-0.767976379428488,-0.5733475201700994,0.9048055324001227,-0.3774071387815143,-0.8828162337175963,0.2865244578466693,1.035083464046342,-0.4814607612315388,0.7424374106814341,-1.0161329645585022,1
-0.2960199349169384,0.9009088760241706,-0.502969299721533,-0.20275141990674211,-0.7423290972289317,0.21058638994196582,0.7786098800784667,1.4316811360790147,0.5785701957722418,0.9204123179021463,-0.997471732522988,-1.3211339532658497,0.9841231756854657,0
-0.8043672005990544,-1.1099901739376037,1.5251962127575889,-0.7174723582904772,-0.911310674287764,0.9048055324001227,-0.3774071387815143,0.853056793629862,-0.34120603631519225,0.8057411717579506,-0.997471732522988,-0.24966420660091387,-1.0161329645585022,0
-0.9738162891597597,0.9009088760241706,-1.179024470547907,-0.7189094645830222,-0.5733475201700994,0.9048055324001227,-0.3774071387815143,0.2744324511807092,-0.1397951825734185,0.8057411717579506,-0.7394662468772634,-1.4600281796853785,-1.0161329645585022,0
-0.9738162891597597,-1.1099901739376037,0.8491410419312149,-0.3161564780030696,-0.7423290972289317,-1.177851894974348,-0.2507203421941191,-0.8828162337175963,-0.25392799969375696,-0.11162799739561437,-0.4814607612315388,-0.24966420660091387,-1.0161329645585022,1
-0.634918112038349,0.9009088760241706,-1.179024470547907,-0.20538874683921485,-0.911310674287764,-1.177851894974348,-0.5674373336626071,0.853056793629862,-1.173704231781191,-0.570312581972397,-0.4814607612315388,0.821805540064022,0.9841231756854657,0
-0.8043672005990544,0.9009088760241706,0.8491410419312149,-0.20761547197381758,-0.404365943111267,-1.177851894974348,-0.2507203421941191,-0.8828162337175963,-0.37813135950118393,-0.2262991435398101,-0.7394662468772634,-2.710076217461137,0.9841231756854657,0
-0.9738162891597597,0.9009088760241706,-1.179024470547907,-0.6819553027747217,-0.911310674287764,0.9048055324001227,-0.3774071387815143,1.4316811360790147,0.23617174441122635,0.6910700256137552,-0.7394662468772634,0.5241750548793175,-1.0161329645585022,0
-0.9738162891597597,-1.1099901739376037,0.8491410419312149,-0.6821448112968155,-0.911310674287764,0.9048055324001227,-0.3774071387815143,0.2744324511807092,-0.707102420612748,0.6910700256137552,-0.997471732522988,0.008282213892496587,-1.0161329645585022,1
-0.9738162891597597,0.9009088760241706,-0.502969299721533,-0.20655738272546026,-0.23538436605243465,-1.177851894974348,0.5410721364771007,0.853056793629862,0.954537122756886,0.5763988794695595,-0.7394662468772634,0.5043330225336705,0.9841231756854657,0
-1.143265377720465,0.9009088760241706,-1.179024470547907,-0.6450327257201034,-0.911310674287764,0.9048055324001227,-0.3774071387815143,-1.461440576166749,0.23617174441122635,0.4617277333253637,-0.4814607612315388,0.9011736694466097,-1.0161329645585022,1
-0.634918112038349,-1.1099901739376037,0.8491410419312149,-0.6452696113727208,-0.911310674287764,0.9048055324001227,-0.3774071387815143,0.2744324511807092,0.9343960373827085,0.4617277333253637,-0.997471732522988,-1.12271362980938,0.9841231756854657,0
-1.143265377720465,0.9009088760241706,-0.502969299721533,-0.6393790548109702,-0.911310674287764,0.9048055324001227,-0.3774071387815143,-0.8828162337175963,-1.8752853723150364,0.4617277333253637,-0.4814607612315388,0.4249648931510827,0.9841231756854657,0
-0.46546902347764374,0.9009088760241706,-0.502969299721533,-0.6341991552070717,-0.06640278899360229,0.9048055324001227,-0.3774071387815143,0.2744324511807092,0.6154955189582334,0.4617277333253637,-0.4814607612315388,1.258330251668255,-1.0161329645585022,0
-0.46546902347764374,-1.1099901739376037,-0.502969299721533,-0.20576776388340257,-0.404365943111267,-1.177851894974348,0.8577891279455886,-0.8828162337175963,0.001192415045823164,0.9204123179021463,-0.7394662468772634,-0.13061201252703214,0.9841231756854657,0
-0.46546902347764374,-1.1099901739376037,1.5251962127575889,-0.6305037390262417,-0.5733475201700994,0.9048055324001227,-0.3774071387815143,0.2744324511807092,-0.5023347193086114,0.4617277333253637,-0.4814607612315388,-0.6068207888225592,0.9841231756854657,0
-0.9738162891597597,0.9009088760241706,0.8491410419312149,-0.2134902361587269,-0.911310674287764,0.21058638994196582,-0.7257958293968509,-1.461440576166749,1.2096575374964662,-0.6849837281165926,-0.997471732522988,-0.6663468858595001,-1.0161329645585022,0
-0.9738162891597597,-1.1099901739376037,-0.502969299721533,-0.20559404773814988,-0.911310674287764,0.21058638994196582,-1.359229812333827,1.4316811360790147,-0.811164695045998,-1.487681751125962,-0.7394662468772634,-1.4005020826484376,0.9841231756854657,0
-0.9738162891597597,0.9009088760241706,0.8491410419312149,-0.5955078319462442,-0.911310674287764,0.9048055324001227,-0.3774071387815143,1.4316811360790147,-1.0427871768490378,0.3470565871811683,-0.4814607612315388,-0.9242933063529105,0.9841231756854657,0
-0.8043672005990544,0.9009088760241706,-1.179024470547907,-0.31841478789135463,-0.911310674287764,-1.177851894974348,0.8577891279455886,0.853056793629862,2.958575117487536,1.2644257563347332,-0.997471732522988,0.08765034327508442,-1.0161329645585022,1
-0.2960199349169384,0.9009088760241706,1.5251962127575889,-0.5992506252575978,-0.23538436605243465,0.9048055324001227,-0.3774071387815143,0.2744324511807092,0.5785701957722418,0.3470565871811683,-0.7394662468772634,1.3773824457421369,0.9841231756854657,0
-0.46546902347764374,0.9009088760241706,0.8491410419312149,-0.5793838151914259,-0.7423290972289317,0.9048055324001227,-0.3774071387815143,0.2744324511807092,-0.707102420612748,0.3470565871811683,-0.7394662468772634,0.6630692812988462,-1.0161329645585022,0
-0.8043672005990544,0.9009088760241706,1.5251962127575889,-0.20284617416778905,-0.911310674287764,-1.177851894974348,-0.4090788379283631,-0.8828162337175963,-0.811164695045998,-0.45564143582820127,-0.997471732522988,1.3773824457421369,-1.0161329645585022,0
-0.634918112038349,-1.1099901739376037,1.5251962127575889,-0.20859459933796914,-0.5733475201700994,-1.177851894974348,-0.646616581529729,1.4316811360790147,-0.811164695045998,-0.6849837281165926,-0.7394662468772634,0.305912699077201,-1.0161329645585022,0
-0.46546902347764374,0.9009088760241706,-0.502969299721533,-0.20603623428970216,-0.06640278899360229,-1.177851894974348,0.0976683484212176,0.853056793629862,-0.6936750303632967,0.1177142948927768,-0.7394662468772634,-0.5869787564769122,0.9841231756854657,0
-0.46546902347764374,-1.1099901739376037,0.8491410419312149,-0.20845246794639874,-0.404365943111267,0.21058638994196582,0.06599664927436881,-0.8828162337175963,0.860545391010725,0.1177142948927768,-0.997471732522988,-1.0433455004267922,-1.0161329645585022,0
-0.9738162891597597,0.9009088760241706,-1.179024470547907,-0.20140906787524404,-0.5733475201700994,0.21058638994196582,-1.2008713165995828,0.853056793629862,-1.2106295549671826,-1.2583394588375707,-0.7394662468772634,-1.4798702120310254,-1.0161329645585022,0
-1.143265377720465,0.9009088760241706,-1.179024470547907,-0.582273820153357,-0.911310674287764,0.9048055324001227,-0.3774071387815143,-1.461440576166749,0.5651428055227898,0.3470565871811683,-0.7394662468772634,0.286070666731554,-1.0161329645585022,0
-0.46546902347764374,0.9009088760241706,1.5251962127575889,-0.5780572555367689,-0.7423290972289317,0.9048055324001227,-0.3774071387815143,0.853056793629862,-0.34120603631519225,0.3470565871811683,-0.4814607612315388,-0.3488743683291487,0.9841231756854657,0
-0.634918112038349,-1.1099901739376037,-0.502969299721533,-0.5791153447851263,-0.911310674287764,0.9048055324001227,-0.3774071387815143,0.2744324511807092,0.001192415045823164,0.3470565871811683,-0.997471732522988,-0.22982217425526694,0.9841231756854657,0
-0.8043672005990544,0.9009088760241706,-1.179024470547907,-0.6607777254307341,-0.911310674287764,0.9048055324001227,-0.3774071387815143,-1.461440576166749,1.1861596045599256,0.5763988794695595,-0.7394662468772634,0.305912699077201,-1.0161329645585022,1
-0.2960199349169384,0.9009088760241706,-0.502969299721533,-0.2035884158793233,0.2715603651240624,-1.177851894974348,0.4618928886099787,0.2744324511807092,0.001192415045823164,0.5763988794695595,-0.7394662468772634,0.5440170872249644,0.9841231756854657,0
-0.46546902347764374,0.9009088760241706,-0.502969299721533,-0.5472621206965185,-0.5733475201700994,0.9048055324001227,-0.3774071387815143,-1.461440576166749,0.1119683846037988,0.23238544103697253,-0.997471732522988,-0.7457150152420878,0.9841231756854657,0
-0.634918112038349,0.9009088760241706,1.5251962127575889,-0.5395396484211942,-0.23538436605243465,0.9048055324001227,-0.3774071387815143,-0.8828162337175963,-1.0427871768490378,0.23238544103697253,-0.997471732522988,1.258330251668255,0.9841231756854657,0
-0.634918112038349,0.9009088760241706,-0.502969299721533,-0.5392080085075299,-0.7423290972289317,0.9048055324001227,-0.3774071387815143,-0.8828162337175963,-0.707102420612748,0.23238544103697253,-0.4814607612315388,-0.9639773710442044,-1.0161329645585022,0
-0.8043672005990544,-1.1099901739376037,-0.502969299721533,-0.5232577078979643,-0.7423290972289317,0.9048055324001227,-0.3774071387815143,-1.461440576166749,-1.0427871768490378,0.1177142948927768,-0.4814607612315388,1.6750129309268411,-1.0161329645585022,0
-0.634918112038349,-1.1099901739376037,-0.502969299721533,-0.3228682381605601,-0.23538436605243465,-1.177851894974348,-0.7257958293968509,0.2744324511807092,0.3939435798422821,-0.6849837281165926,-0.7394662468772634,-0.7060309505507939,-1.0161329645585022,1
-0.2960199349169384,0.9009088760241706,-0.502969299721533,-0.5227839365927297,0.10257878806523006,0.9048055324001227,-0.3774071387815143,0.2744324511807092,-0.3680608168140954,0.1177142948927768,-0.997471732522988,-0.6465048535138531,-1.0161329645585022,0
-0.8043672005990544,0.9009088760241706,0.8491410419312149,-0.5122030441091564,-0.7423290972289317,0.9048055324001227,-0.3774071387815143,0.853056793629862,0.830333762949459,0.1177142948927768,-0.7394662468772634,0.20670253734896618,0.9841231756854657,0
-0.9738162891597597,0.9009088760241706,-0.502969299721533,-0.4873932200917033,-0.911310674287764,0.9048055324001227,-0.3774071387815143,-0.8828162337175963,2.206641263518246,0.1177142948927768,-0.997471732522988,1.5361187045073124,-1.0161329645585022,0
-0.9738162891597597,-1.1099901739376037,1.5251962127575889,-0.48742480484538564,-0.911310674287764,0.9048055324001227,-0.3774071387815143,0.853056793629862,2.6128198185641573,0.1177142948927768,-0.7394662468772634,1.1591200899400202,0.9841231756854657,0
-0.2960199349169384,-1.1099901739376037,0.17308587110484092,-0.20529399257816794,-0.06640278899360229,-1.177851894974348,-0.4090788379283631,1.4316811360790147,0.5114332445249834,-0.45564143582820127,-0.4814607612315388,-1.3211339532658497,-1.0161329645585022,0
-0.2960199349169384,-1.1099901739376037,-1.179024470547907,-0.20019305485847516,0.10257878806523006,-1.177851894974348,0.4618928886099787,1.4316811360790147,-0.6936750303632967,0.5763988794695595,-0.997471732522988,-0.40840046536608954,0.9841231756854657,0
-0.46546902347764374,0.9009088760241706,-0.502969299721533,-0.4826555070393571,0.2715603651240624,0.9048055324001227,-0.3774071387815143,-0.8828162337175963,-0.37813135950118393,0.1177142948927768,-0.4814607612315388,-0.09092794783573821,0.9841231756854657,0
-0.46546902347764374,-1.1099901739376037,-1.179024470547907,-0.20527820020132678,-0.7423290972289317,-1.177851894974348,-1.2008713165995828,-1.461440576166749,0.7430557263280237,-1.2583394588375707,-0.997471732522988,-1.182239726846321,-1.0161329645585022,0
-0.634918112038349,-1.1099901739376037,0.8491410419312149,-0.4752804670545382,-0.7423290972289317,0.9048055324001227,-0.3774071387815143,-0.8828162337175963,0.5114332445249834,0.003043148748581378,-0.997471732522988,0.5638591195706114,0.9841231756854657,0
-0.9738162891597597,-1.1099901739376037,0.8491410419312149,-0.20602044191286104,-0.5733475201700994,0.21058638994196582,-0.8841543251310949,-0.8828162337175963,-0.5661148229935064,-0.9143260204049839,-0.4814607612315388,-1.5790803737592602,0.9841231756854657,0
-1.143265377720465,-1.1099901739376037,-0.502969299721533,-0.4528079148095759,-0.911310674287764,0.9048055324001227,-0.3774071387815143,-0.8828162337175963,-1.8752853723150364,0.003043148748581378,-0.4814607612315388,-0.6266628211682062,0.9841231756854657,0
-0.8043672005990544,-1.1099901739376037,0.8491410419312149,-0.20276721228358327,-0.911310674287764,0.21058638994196582,1.4120438630154424,0.2744324511807092,0.7229146409538463,1.6084391947673204,-0.4814607612315388,-1.4005020826484376,-1.0161329645585022,0
-0.8043672005990544,-1.1099901739376037,0.8491410419312149,-0.4295299513457148,-0.5733475201700994,0.9048055324001227,-0.3774071387815143,1.4316811360790147,-1.0092187012254088,0.003043148748581378,-0.997471732522988,-0.051243883144444294,0.9841231756854657,0
-0.634918112038349,0.9009088760241706,0.8491410419312149,-0.2047570517655687,-0.911310674287764,-1.177851894974348,-0.2507203421941191,-0.3041918912684436,-1.0092187012254088,-0.2262991435398101,-0.997471732522988,-2.3926036999307856,0.9841231756854657,0
-0.634918112038349,0.9009088760241706,-0.502969299721533,-0.42254972078192465,-0.404365943111267,0.9048055324001227,-0.3774071387815143,0.2744324511807092,0.8336906105118219,0.003043148748581378,-0.4814607612315388,0.782121475372728,-1.0161329645585022,0
-0.634918112038349,-1.1099901739376037,-1.179024470547907,-0.20044573288793363,0.10257878806523006,-1.177851894974348,-0.5674373336626071,1.4316811360790147,-1.0092187012254088,-0.570312581972397,-0.997471732522988,0.5043330225336705,0.9841231756854657,0
-0.2960199349169384,-1.1099901739376037,-1.179024470547907,-0.20382530153194062,-0.404365943111267,-1.177851894974348,-0.17154109432699713,-0.3041918912684436,0.4040141225293712,-0.11162799739561437,-0.997471732522988,0.782121475372728,0.9841231756854657,0
-0.634918112038349,0.9009088760241706,0.8491410419312149,-0.39259158191425536,-0.7423290972289317,0.9048055324001227,-0.3774071387815143,-1.461440576166749,-0.11965409719924096,-0.11162799739561437,-0.4814607612315388,0.6630692812988462,0.9841231756854657,0
-1.143265377720465,0.9009088760241706,0.8491410419312149,-0.3957816420361685,-0.911310674287764,0.9048055324001227,-0.3774071387815143,0.853056793629862,-0.5459737376193288,-0.11162799739561437,-0.4814607612315388,-3.6029676730152502,0.9841231756854657,0
-0.9738162891597597,0.9009088760241706,-1.179024470547907,-0.5068810131136875,-0.7423290972289317,0.9048055324001227,-0.3774071387815143,-0.3041918912684436,-0.522475804682789,0.1177142948927768,-0.7394662468772634,-1.202081759191968,-1.0161329645585022,1
-0.46546902347764374,-1.1099901739376037,-0.502969299721533,-0.3766570736815309,-0.911310674287764,0.9048055324001227,-0.3774071387815143,-1.461440576166749,0.001192415045823164,-0.11162799739561437,-0.7394662468772634,0.2463866020402601,0.9841231756854657,0
-0.9738162891597597,-1.1099901739376037,-1.179024470547907,-0.33589694905451223,-0.911310674287764,0.9048055324001227,-0.3774071387815143,-0.8828162337175963,0.4745079213389917,-0.2262991435398101,-0.4814607612315388,-2.114815247091728,0.9841231756854657,0
-0.8043672005990544,0.9009088760241706,-1.179024470547907,-0.33922914056799575,-0.23538436605243465,0.9048055324001227,-0.3774071387815143,0.853056793629862,1.0955247203761276,-0.2262991435398101,-0.7394662468772634,0.3455967637684949,0.9841231756854657,0
-0.8043672005990544,0.9009088760241706,-1.179024470547907,-0.3380762970585915,-0.911310674287764,0.9048055324001227,-0.3774071387815143,0.853056793629862,0.23617174441122635,-0.2262991435398101,-0.997471732522988,-1.0235034680811452,-1.0161329645585022,0
-0.46546902347764374,0.9009088760241706,1.5251962127575889,-0.20954214194843837,-0.911310674287764,-1.177851894974348,0.6994306322113446,-0.8828162337175963,1.5688402266692962,0.8057411717579506,-0.4814607612315388,0.6829113136444932,-1.0161329645585022,0
-0.9738162891597597,-1.1099901739376037,-0.502969299721533,-0.33512312258929566,-0.911310674287764,0.9048055324001227,-0.3774071387815143,0.853056793629862,0.5651428055227898,-0.2262991435398101,-0.997471732522988,-1.5195542767223194,0.9841231756854657,0
-0.9738162891597597,0.9009088760241706,-0.502969299721533,-0.34083996300579344,-0.911310674287764,0.9048055324001227,-0.3774071387815143,0.2744324511807092,-0.4654093961226198,-0.2262991435398101,-0.4814607612315388,0.2463866020402601,0.9841231756854657,0
-0.9738162891597597,-1.1099901739376037,0.8491410419312149,-0.3194255000091885,-0.911310674287764,-1.177851894974348,0.06599664927436881,-0.8828162337175963,-1.0092187012254088,0.3470565871811683,-0.997471732522988,-0.7060309505507939,-1.0161329645585022,1
-0.46546902347764374,-1.1099901739376037,1.5251962127575889,-0.33348071539781565,-0.911310674287764,0.9048055324001227,-0.3774071387815143,-1.461440576166749,0.11868207972852446,-0.2262991435398101,-0.7394662468772634,1.0995939929030794,0.9841231756854657,0
-0.634918112038349,-1.1099901739376037,-1.179024470547907,-0.20215130958677827,-0.5733475201700994,-1.177851894974348,0.8577891279455886,0.853056793629862,0.001192415045823164,0.9204123179021463,-0.7394662468772634,-1.162397694500674,0.9841231756854657,0
-0.634918112038349,0.9009088760241706,0.8491410419312149,-0.20941580293370915,-0.911310674287764,-1.177851894974348,-1.2642147148932805,-1.461440576166749,0.9343960373827085,-1.3730106049817663,-0.997471732522988,-2.2933935382025505,0.9841231756854657,0
-0.634918112038349,-1.1099901739376037,0.8491410419312149,-0.30221180925233054,-0.404365943111267,0.9048055324001227,-0.3774071387815143,0.2744324511807092,0.6893461653302174,-0.2262991435398101,-0.7394662468772634,-0.5472946917856183,0.9841231756854657,0
-0.8043672005990544,-1.1099901739376037,-1.179024470547907,-0.2066837217401895,-0.7423290972289317,-0.4836327525161911,-0.8841543251310949,1.4316811360790147,-0.5661148229935064,-0.9143260204049839,-0.997471732522988,1.1194360252487263,-1.0161329645585022,0
-0.634918112038349,-1.1099901739376037,-0.502969299721533,-0.2950736549201289,-0.7423290972289317,0.9048055324001227,-0.3774071387815143,1.4316811360790147,0.23617174441122635,-0.2262991435398101,-0.997471732522988,-0.2893482712922078,0.9841231756854657,0
-0.9738162891597597,0.9009088760241706,-0.502969299721533,-0.2972056257936847,-0.911310674287764,0.9048055324001227,-0.3774071387815143,-1.461440576166749,0.001192415045823164,-0.2262991435398101,-0.4814607612315388,-0.6465048535138531,0.9841231756854657,0
-0.9738162891597597,0.9009088760241706,1.5251962127575889,-0.3201993264744051,-0.404365943111267,-1.177851894974348,-0.7257958293968509,1.4316811360790147,0.09182729922962125,-0.6849837281165926,-0.4814607612315388,1.0797519605574324,-1.0161329645585022,1
-0.46546902347764374,0.9009088760241706,-0.502969299721533,-0.2927047983939558,-0.911310674287764,0.9048055324001227,-0.3774071387815143,0.853056793629862,-0.8447331706696268,-0.2262991435398101,-0.997471732522988,-0.03140185079879733,0.9841231756854657,0
-0.46546902347764374,-1.1099901739376037,0.8491410419312149,-0.29911650339146434,-0.911310674287764,0.9048055324001227,-0.3774071387815143,0.2744324511807092,-1.2475548781531747,-0.2262991435398101,-0.4814607612315388,-0.3488743683291487,0.9841231756854657,0
-0.634918112038349,-1.1099901739376037,1.5251962127575889,-0.29587906613902776,-0.404365943111267,0.9048055324001227,-0.3774071387815143,-1.461440576166749,0.6154955189582334,-0.2262991435398101,-0.7394662468772634,-0.46792656240303043,-1.0161329645585022,0
-0.46546902347764374,0.9009088760241706,-1.179024470547907,-0.20133010599103826,-0.7423290972289317,-1.177851894974348,-0.9474977234247925,1.4316811360790147,0.1119683846037988,-1.0289971665491795,-0.4814607612315388,-1.4600281796853785,0.9841231756854657,0
-0.634918112038349,-1.1099901739376037,-0.502969299721533,-0.3179568089629612,-0.5733475201700994,-0.4836327525161911,1.6495816066168083,0.853056793629862,0.1119683846037988,2.1817949254882985,-0.4814607612315388,0.7027533459901402,-1.0161329645585022,1
-0.8043672005990544,0.9009088760241706,1.5251962127575889,-0.20177229254259058,-0.911310674287764,-1.177851894974348,0.8577891279455886,-1.461440576166749,-0.6063969937418614,0.9204123179021463,-0.4814607612315388,1.0797519605574324,0.9841231756854657,0
-0.46546902347764374,0.9009088760241706,-0.502969299721533,-0.2627308671494453,-0.911310674287764,0.9048055324001227,-0.3774071387815143,-0.8828162337175963,0.5651428055227898,-0.34097028968400567,-0.7394662468772634,-1.12271362980938,0.9841231756854657,0
-0.634918112038349,-1.1099901739376037,0.8491410419312149,-0.20444120422874562,-0.7423290972289317,-1.177851894974348,-0.6822472430699339,-0.3041918912684436,-0.9857207682888686,-0.6849837281165926,-0.4814607612315388,-0.8647672093159696,0.9841231756854657,0
-0.634918112038349,-1.1099901739376037,1.5251962127575889,-0.21183203659040573,-0.911310674287764,0.9048055324001227,-0.3774071387815143,-0.8828162337175963,0.5114332445249834,-0.34097028968400567,-0.997471732522988,0.20670253734896618,0.9841231756854657,0
-0.8043672005990544,-1.1099901739376037,0.8491410419312149,-0.20243557236991905,-0.911310674287764,-1.177851894974348,0.0026532509806712224,-0.8828162337175963,1.253296555807184,0.003043148748581378,-0.997471732522988,-0.7853990799333818,0.9841231756854657,0
-0.46546902347764374,-1.1099901739376037,0.8491410419312149,-0.19870857143540668,-0.404365943111267,0.9048055324001227,-0.3774071387815143,-1.461440576166749,1.4312094766124175,-0.34097028968400567,-0.7394662468772634,-0.7060309505507939,0.9841231756854657,0
-0.8043672005990544,-1.1099901739376037,-0.502969299721533,-0.200587864279504,-0.911310674287764,0.21058638994196582,0.1451758971414908,0.2744324511807092,0.7229146409538463,0.23238544103697253,-0.4814607612315388,-0.8052411122790287,0.9841231756854657,0
-0.634918112038349,0.9009088760241706,0.8491410419312149,-0.199766660683764,-0.404365943111267,0.9048055324001227,-0.3774071387815143,-0.8828162337175963,0.001192415045823164,-0.34097028968400567,-0.7394662468772634,-0.17029607721832604,0.9841231756854657,0
-0.9738162891597597,-1.1099901739376037,-1.179024470547907,-0.20632049707284295,-0.911310674287764,0.9048055324001227,-0.3774071387815143,-1.461440576166749,-1.1233515183457474,-0.34097028968400567,-0.997471732522988,0.7622794430270811,0.9841231756854657,0
-0.46546902347764374,-1.1099901739376037,0.8491410419312149,-0.1993876436395763,-0.7423290972289317,0.9048055324001227,-0.3774071387815143,0.2744324511807092,-1.0427871768490378,-0.34097028968400567,-0.997471732522988,-1.5592383414136133,0.9841231756854657,0
-0.46546902347764374,-1.1099901739376037,1.5251962127575889,-0.30617569583946025,0.2715603651240624,0.9048055324001227,-0.3774071387815143,0.853056793629862,-0.21028898138303903,-0.2262991435398101,-0.997471732522988,0.6233852166075523,-1.0161329645585022,1
-0.8043672005990544,-1.1099901739376037,1.5251962127575889,-0.3011063428734498,-0.7423290972289317,0.9048055324001227,-0.3774071387815143,0.2744324511807092,2.206641263518246,-0.2262991435398101,-0.997471732522988,-1.8568688265983175,-1.0161329645585022,1
-0.8043672005990544,-1.1099901739376037,-0.502969299721533,-0.28498232611863145,-0.5733475201700994,0.9048055324001227,-0.3774071387815143,-1.461440576166749,1.2297986228706437,-0.2262991435398101,-0.7394662468772634,0.26622863438590705,-1.0161329645585022,1
-0.9738162891597597,-1.1099901739376037,0.8491410419312149,-0.1293958294795814,-0.911310674287764,0.9048055324001227,-0.3774071387815143,-0.8828162337175963,-1.0092187012254088,-0.45564143582820127,-0.7394662468772634,0.32575473142284794,0.9841231756854657,0
-0.634918112038349,-1.1099901739376037,-1.179024470547907,-0.19483943910932394,-0.7423290972289317,-1.177851894974348,1.0161476236798326,0.853056793629862,0.16232109803924238,1.1497546101905376,-0.997471732522988,0.782121475372728,-1.0161329645585022,0
-0.634918112038349,0.9009088760241706,1.5251962127575889,-0.11060290103860804,-0.911310674287764,0.9048055324001227,-0.3774071387815143,1.4316811360790147,-0.8447331706696268,-0.45564143582820127,-0.997471732522988,0.6630692812988462,-1.0161329645585022,0
-0.46546902347764374,0.9009088760241706,0.8491410419312149,-0.20232502573203096,-0.23538436605243465,-1.177851894974348,-0.84852366359089,-0.8828162337175963,0.4745079213389917,-0.9143260204049839,-0.997471732522988,-1.2417658238832618,-1.0161329645585022,0
-0.2960199349169384,0.9009088760241706,0.8491410419312149,-0.11270328715848153,-0.911310674287764,0.9048055324001227,-0.3774071387815143,1.4316811360790147,0.04483143335654109,-0.45564143582820127,-0.997471732522988,0.6829113136444932,-1.0161329645585022,0
-0.46546902347764374,0.9009088760241706,1.5251962127575889,-0.11245060912902308,-0.06640278899360229,0.9048055324001227,-0.3774071387815143,-0.3041918912684436,0.830333762949459,-0.45564143582820127,-0.4814607612315388,-0.4282424977117365,-1.0161329645585022,0
-0.9738162891597597,-1.1099901739376037,-0.502969299721533,-0.11077661718386074,-0.911310674287764,0.9048055324001227,-0.3774071387815143,-0.8828162337175963,0.6255660616453219,-0.45564143582820127,-0.7394662468772634,0.305912699077201,-1.0161329645585022,0
-0.9738162891597597,-1.1099901739376037,0.8491410419312149,-0.31655128742409844,-0.911310674287764,-1.177851894974348,-0.4882580857954851,0.2744324511807092,0.561785957960427,-0.34097028968400567,-0.997471732522988,0.0479662785837905,-1.0161329645585022,1
-0.8043672005990544,0.9009088760241706,1.5251962127575889,-0.10736546378617146,-0.23538436605243465,0.9048055324001227,-0.3774071387815143,-0.8828162337175963,0.7430557263280237,-0.45564143582820127,-0.4814607612315388,0.6035431842619053,-1.0161329645585022,0
-1.143265377720465,0.9009088760241706,-0.502969299721533,-0.19930868175537053,-0.911310674287764,-1.177851894974348,-0.10819769603329955,1.4316811360790147,-1.623521805137819,-0.11162799739561437,-0.997471732522988,0.7424374106814341,-1.0161329645585022,0
-0.8043672005990544,-1.1099901739376037,1.5251962127575889,-0.10794978172929416,-0.5733475201700994,0.9048055324001227,-0.3774071387815143,0.2744324511807092,-0.3680608168140954,-0.45564143582820127,-0.4814607612315388,1.1392780575943733,0.9841231756854657,0
-0.634918112038349,0.9009088760241706,1.5251962127575889,-0.3124294770685572,-0.5733475201700994,-1.177851894974348,-1.121692068732461,0.2744324511807092,0.001192415045823164,-1.143668312693375,-0.997471732522988,0.9408577341379036,-1.0161329645585022,1
-1.143265377720465,-1.1099901739376037,0.8491410419312149,-0.09572648205424089,-0.911310674287764,0.9048055324001227,-0.3774071387815143,0.853056793629862,1.2465828606824585,-0.45564143582820127,-0.997471732522988,-2.094973214746081,0.9841231756854657,0
-1.143265377720465,0.9009088760241706,-1.179024470547907,-0.08855674296835694,-0.911310674287764,0.9048055324001227,-0.3774071387815143,-0.8828162337175963,-0.005521280078902488,-0.45564143582820127,-0.7394662468772634,0.3654387961141419,-1.0161329645585022,0
-0.8043672005990544,0.9009088760241706,-0.502969299721533,-0.2039990176771933,-0.911310674287764,-1.177851894974348,-1.2008713165995828,-1.461440576166749,0.2865244578466693,-1.2583394588375707,-0.7394662468772634,0.2463866020402601,-1.0161329645585022,0
-0.8043672005990544,0.9009088760241706,1.5251962127575889,-0.1991191732332767,-0.5733475201700994,-1.177851894974348,-0.8841543251310949,-0.8828162337175963,-0.3109944082539262,-0.9143260204049839,-0.4814607612315388,0.8813316371009629,0.9841231756854657,0
-0.46546902347764374,0.9009088760241706,-0.502969299721533,-0.04899683898126596,-0.911310674287764,0.9048055324001227,-0.3774071387815143,-0.8828162337175963,-1.0495008719737637,-0.570312581972397,-0.7394662468772634,-0.3488743683291487,0.9841231756854657,0
-0.8043672005990544,-1.1099901739376037,-0.502969299721533,-0.03232008903700725,-0.911310674287764,0.9048055324001227,-0.3774071387815143,0.2744324511807092,1.6628319584154578,-0.570312581972397,-0.7394662468772634,-0.6068207888225592,0.9841231756854657,0
-0.2960199349169384,-1.1099901739376037,0.8491410419312149,-0.19632392253239242,-0.7423290972289317,0.21058638994196582,-0.5674373336626071,-0.3041918912684436,-1.8752853723150364,-0.570312581972397,-0.7394662468772634,0.008282213892496587,0.9841231756854657,0
-0.46546902347764374,-1.1099901739376037,0.8491410419312149,0.033881554681110676,-0.404365943111267,0.9048055324001227,-0.3774071387815143,-0.8828162337175963,-1.0495008719737637,-0.570312581972397,-0.4814607612315388,-1.142555662155027,0.9841231756854657,0
-0.634918112038349,-1.1099901739376037,-1.179024470547907,-0.1983611391449013,-0.911310674287764,-1.177851894974348,0.22435514500861276,1.4316811360790147,-1.2475548781531747,0.23238544103697253,-0.7394662468772634,0.9210157017922567,0.9841231756854657,0
-0.8043672005990544,0.9009088760241706,1.5251962127575889,-0.06976381452738357,-0.404365943111267,0.9048055324001227,-0.3774071387815143,-0.8828162337175963,-1.0427871768490378,-0.45564143582820127,-0.7394662468772634,0.8614896047553159,-1.0161329645585022,1
-0.8043672005990544,0.9009088760241706,-1.179024470547907,0.05063726650957516,-0.404365943111267,0.9048055324001227,-0.3774071387815143,-0.8828162337175963,1.2465828606824585,-0.570312581972397,-0.997471732522988,0.2463866020402601,-1.0161329645585022,0
-0.2960199349169384,0.9009088760241706,-0.502969299721533,-0.3033330680080525,-0.404365943111267,-1.177851894974348,0.8973787518791496,1.4316811360790147,0.7061304031420315,1.2644257563347332,-0.7394662468772634,0.4249648931510827,-1.0161329645585022,1
-0.46546902347764374,0.9009088760241706,-0.502969299721533,0.1105377518680726,-0.7423290972289317,0.9048055324001227,-0.3774071387815143,-0.8828162337175963,-0.018948670328354386,-0.6849837281165926,-0.4814607612315388,0.26622863438590705,0.9841231756854657,0
-0.9738162891597597,0.9009088760241706,0.8491410419312149,0.1696959955150358,-0.911310674287764,0.9048055324001227,-0.3774071387815143,1.4316811360790147,0.8739727812601764,-0.6849837281165926,-0.4814607612315388,-1.658448503141848,0.9841231756854657,0
-0.9738162891597597,0.9009088760241706,0.8491410419312149,-0.19592911311136357,-0.911310674287764,-1.177851894974348,-1.042512820865339,0.2744324511807092,-1.2207000976542715,-1.143668312693375,-0.997471732522988,0.22654456969461315,0.9841231756854657,0
-0.634918112038349,-1.1099901739376037,-0.502969299721533,-0.1937497651072843,-0.5733475201700994,-1.177851894974348,-0.2507203421941191,-0.3041918912684436,-1.6839450612603513,-0.2262991435398101,-0.4814607612315388,-1.182239726846321,0.9841231756854657,0
-1.143265377720465,-1.1099901739376037,0.8491410419312149,-0.19858223242067746,-0.911310674287764,-1.177851894974348,-1.01084112171849,-0.8828162337175963,-1.4724636648314886,-1.0289971665491795,-0.4814607612315388,0.7622794430270811,0.9841231756854657,0
-0.8043672005990544,0.9009088760241706,1.5251962127575889,-0.3017538303239371,-0.911310674287764,-1.177851894974348,1.0161476236798326,-1.461440576166749,1.1861596045599256,1.379096902478929,-0.997471732522988,1.8139071573463699,-1.0161329645585022,1
-0.2960199349169384,-1.1099901739376037,-1.179024470547907,0.20513408914658557,0.10257878806523006,0.9048055324001227,-0.3774071387815143,-0.8828162337175963,-0.46205254856025635,-0.6849837281165926,-0.7394662468772634,-0.40840046536608954,0.9841231756854657,0
-0.8043672005990544,0.9009088760241706,-0.502969299721533,0.2724411992435843,-0.5733475201700994,0.9048055324001227,-0.3774071387815143,-1.461440576166749,-0.707102420612748,-0.7996548742607882,-0.997471732522988,0.3455967637684949,-1.0161329645585022,0
-0.8043672005990544,0.9009088760241706,-1.179024470547907,0.2816797396956594,-0.06640278899360229,0.9048055324001227,-0.3774071387815143,-1.461440576166749,-0.5896127559300467,-0.7996548742607882,-0.4814607612315388,0.0479662785837905,-1.0161329645585022,0
-1.143265377720465,0.9009088760241706,-1.179024470547907,0.34857624799478815,-0.911310674287764,0.9048055324001227,-0.3774071387815143,1.4316811360790147,-0.8447331706696268,-0.7996548742607882,-0.997471732522988,0.7225953783357871,0.9841231756854657,0
-0.634918112038349,0.9009088760241706,0.8491410419312149,-0.19480785435564163,-0.911310674287764,-1.177851894974348,0.33520609202258356,-0.3041918912684436,0.860545391010725,0.3470565871811683,-0.997471732522988,-0.4877685947486774,-1.0161329645585022,0
-0.634918112038349,-1.1099901739376037,-1.179024470547907,-0.18806450944446884,-0.911310674287764,-1.177851894974348,-0.4882580857954851,0.2744324511807092,-0.005521280078902488,-0.45564143582820127,-0.997471732522988,-0.3488743683291487,0.9841231756854657,0
-0.8043672005990544,-1.1099901739376037,-0.502969299721533,-0.3058756406794783,-0.911310674287764,-1.177851894974348,0.38271364074285674,0.853056793629862,-1.2475548781531747,0.6910700256137552,-0.7394662468772634,-1.5393963090679663,-1.0161329645585022,1
-0.634918112038349,0.9009088760241706,-0.502969299721533,-0.18874358164863844,-0.7423290972289317,-1.177851894974348,-0.2705151541608996,-1.461440576166749,-0.11965409719924096,-0.2262991435398101,-0.7394662468772634,0.7622794430270811,-1.0161329645585022,0
-0.46546902347764374,-1.1099901739376037,-0.502969299721533,0.1446966629754889,-0.911310674287764,0.9048055324001227,-0.3774071387815143,0.853056793629862,1.327147202179168,-0.6849837281165926,-0.7394662468772634,-0.4282424977117365,-1.0161329645585022,1
-0.46546902347764374,0.9009088760241706,-1.179024470547907,0.4295911411899086,-0.7423290972289317,0.9048055324001227,-0.3774071387815143,-1.461440576166749,0.8269769153870962,-0.7996548742607882,-0.7394662468772634,-0.686188918205147,0.9841231756854657,0
-0.46546902347764374,0.9009088760241706,-0.502969299721533,-0.18632734799194187,-0.7423290972289317,-1.177851894974348,-0.963333572998217,0.2744324511807092,1.0619562447524988,-1.0289971665491795,-0.7394662468772634,1.1789621222856672,0.9841231756854657,0
-0.46546902347764374,-1.1099901739376037,0.8491410419312149,-0.18727489060241112,-0.5733475201700994,-1.177851894974348,-0.8841543251310949,0.853056793629862,-0.0860856215756121,-0.9143260204049839,-0.997471732522988,-0.5671367241312653,0.9841231756854657,0
-0.634918112038349,0.9009088760241706,-0.502969299721533,-0.18901205205493807,-0.911310674287764,-1.177851894974348,-1.01084112171849,1.4316811360790147,-1.1166378232210217,-1.0289971665491795,-0.7394662468772634,0.6233852166075523,-1.0161329645585022,0
-0.8043672005990544,-1.1099901739376037,-1.179024470547907,-0.1931970319178439,-0.7423290972289317,-1.177851894974348,1.9385858613318037,0.2744324511807092,0.11868207972852446,2.0671237793441026,-0.997471732522988,-0.6663468858595001,0.9841231756854657,0
-0.2960199349169384,0.9009088760241706,-0.502969299721533,0.4593439791586429,0.10257878806523006,0.9048055324001227,-0.3774071387815143,-1.461440576166749,-0.3680608168140954,-0.7996548742607882,-0.997471732522988,-1.4005020826484376,0.9841231756854657,0
-0.2960199349169384,0.9009088760241706,-0.502969299721533,-0.18842773411181538,-0.404365943111267,-1.177851894974348,1.3645363142951692,0.853056793629862,1.092167872813765,1.4937680486231246,-0.4814607612315388,1.694854963272488,0.9841231756854657,0
-0.46546902347764374,-1.1099901739376037,0.8491410419312149,-0.29581589663166313,-0.404365943111267,-1.177851894974348,-1.1850354670261585,-0.8828162337175963,0.16232109803924238,-1.2583394588375707,-0.7394662468772634,-0.8449251769703227,-1.0161329645585022,1
-0.8043672005990544,0.9009088760241706,0.8491410419312149,-0.2926890060171146,-0.06640278899360229,-1.177851894974348,-0.7574675285436998,0.2744324511807092,-0.21364582894540246,-0.6849837281165926,-0.997471732522988,-0.7258729828964409,-1.0161329645585022,1
-0.634918112038349,0.9009088760241706,0.8491410419312149,-0.19204418840843965,-0.5733475201700994,-1.177851894974348,0.38271364074285674,-1.461440576166749,0.001192415045823164,0.4617277333253637,-0.7394662468772634,0.008282213892496587,0.9841231756854657,0
-0.8043672005990544,0.9009088760241706,0.8491410419312149,0.5191655026329346,-0.911310674287764,0.9048055324001227,-0.3774071387815143,-1.461440576166749,-1.371758237960602,-0.9143260204049839,-0.997471732522988,-2.194183376474316,0.9841231756854657,0
-0.8043672005990544,0.9009088760241706,-1.179024470547907,0.7432119528783876,-0.7423290972289317,0.9048055324001227,-0.3774071387815143,0.853056793629862,0.23617174441122635,-0.9143260204049839,-0.4814607612315388,1.0003838311748445,0.9841231756854657,0
-0.9738162891597597,0.9009088760241706,-0.502969299721533,-0.1806736770828087,-0.911310674287764,-1.177851894974348,0.0778735364544371,-0.8828162337175963,1.7736079279734327,0.1177142948927768,-0.4814607612315388,0.22654456969461315,0.9841231756854657,0
-0.46546902347764374,0.9009088760241706,-1.179024470547907,-0.18984904802751923,-0.5733475201700994,-1.177851894974348,0.10558627320792979,0.853056793629862,1.223084927745918,0.1177142948927768,-0.4814607612315388,-0.03140185079879733,-1.0161329645585022,0
-0.2960199349169384,0.9009088760241706,-0.502969299721533,0.8546271714927296,-0.5733475201700994,0.9048055324001227,-0.3774071387815143,-0.3041918912684436,0.3939435798422821,-1.0289971665491795,-0.7394662468772634,-0.15045404487267908,-1.0161329645585022,0
-0.2960199349169384,0.9009088760241706,1.5251962127575889,-0.19101768391376464,0.2715603651240624,-1.177851894974348,0.06599664927436881,-0.3041918912684436,0.4745079213389917,0.1177142948927768,-0.997471732522988,0.40512286080543575,0.9841231756854657,0
-0.8043672005990544,-1.1099901739376037,0.8491410419312149,-0.1848744493225557,-0.911310674287764,-1.177851894974348,-0.3774071387815143,1.4316811360790147,-1.6705176710108995,-0.34097028968400567,-0.997471732522988,-1.0830295651180861,0.9841231756854657,0
-0.634918112038349,0.9009088760241706,-0.502969299721533,-0.18380056769735723,-0.5733475201700994,-1.177851894974348,0.4223032646764177,0.2744324511807092,-1.6705176710108995,0.4617277333253637,-0.4814607612315388,-0.8647672093159696,0.9841231756854657,0
-0.46546902347764374,0.9009088760241706,1.5251962127575889,1.3080105182254222,-0.911310674287764,0.9048055324001227,-0.3774071387815143,-0.3041918912684436,-0.3680608168140954,-1.143668312693375,-0.7394662468772634,1.1988041546313142,0.9841231756854657,0
-0.46546902347764374,-1.1099901739376037,1.5251962127575889,1.577333712874464,-0.7423290972289317,0.9048055324001227,-0.3774071387815143,0.2744324511807092,0.001192415045823164,-1.143668312693375,-0.997471732522988,0.40512286080543575,-1.0161329645585022,0
-0.46546902347764374,-1.1099901739376037,-0.502969299721533,-0.06568938130236583,-0.5733475201700994,0.9048055324001227,-0.36948921399480206,-0.3041918912684436,-0.11965409719924096,-0.45564143582820127,-0.4814607612315388,-0.8052411122790287,-1.0161329645585022,0
-0.2960199349169384,-1.1099901739376037,-1.179024470547907,-0.1820949909985126,-0.06640278899360229,-1.177851894974348,-0.5674373336626071,-1.461440576166749,1.417782086362966,-0.570312581972397,-0.4814607612315388,0.821805540064022,-1.0161329645585022,0
-0.634918112038349,-1.1099901739376037,1.5251962127575889,0.27149365663311503,-0.911310674287764,0.9048055324001227,-0.36948921399480206,1.4316811360790147,-1.8752853723150364,-0.7996548742607882,-0.997471732522988,0.7622794430270811,0.9841231756854657,0
-0.634918112038349,0.9009088760241706,-0.502969299721533,-0.1878592085455338,-0.7423290972289317,0.21058638994196582,-1.2008713165995828,1.4316811360790147,-1.3482603050240614,-1.2583394588375707,-0.7394662468772634,0.3455967637684949,0.9841231756854657,0
-0.46546902347764374,0.9009088760241706,0.8491410419312149,-0.7428507078742118,-0.404365943111267,0.9048055324001227,-0.3615712892080899,0.2744324511807092,0.04483143335654109,0.9204123179021463,-0.7394662468772634,0.821805540064022,-1.0161329645585022,0
-0.8043672005990544,0.9009088760241706,-1.179024470547907,-0.18596412332459533,-0.404365943111267,-1.177851894974348,0.6360872339176471,-1.461440576166749,1.417782086362966,0.6910700256137552,-0.4814607612315388,0.305912699077201,0.9841231756854657,0
-0.634918112038349,0.9009088760241706,-0.502969299721533,-0.1869432506887469,-0.404365943111267,-1.177851894974348,-1.2008713165995828,1.4316811360790147,-0.005521280078902488,-1.2583394588375707,-0.4814607612315388,0.5837011519162584,0.9841231756854657,0
-0.634918112038349,0.9009088760241706,-0.502969299721533,-0.17855749858609407,-0.404365943111267,-1.177851894974348,1.511017922849345,-0.3041918912684436,1.0015329886299666,1.6084391947673204,-0.7394662468772634,0.5043330225336705,-1.0161329645585022,0
-0.46546902347764374,-1.1099901739376037,0.8491410419312149,-0.3049912675763737,-0.404365943111267,-1.177851894974348,0.5094004373302519,0.853056793629862,-1.1804179269059165,0.8057411717579506,-0.4814607612315388,0.782121475372728,-1.0161329645585022,1
-0.9738162891597597,0.9009088760241706,1.5251962127575889,-0.18395849146576876,-0.7423290972289317,-1.177851894974348,-0.09236184645987515,0.2744324511807092,-0.1397951825734185,-0.11162799739561437,-0.997471732522988,0.4448069254967297,-1.0161329645585022,0
-0.2960199349169384,-1.1099901739376037,0.8491410419312149,-0.5385289363033603,-0.404365943111267,0.9048055324001227,-0.3615712892080899,-1.461440576166749,-1.0495008719737637,0.23238544103697253,-0.4814607612315388,0.12733440796637835,0.9841231756854657,0
-0.8043672005990544,-1.1099901739376037,-1.179024470547907,-0.5261319204830543,-0.911310674287764,0.9048055324001227,-0.3615712892080899,0.2744324511807092,0.001192415045823164,0.23238544103697253,-0.997471732522988,-1.0631875327724392,0.9841231756854657,0
-0.634918112038349,0.9009088760241706,0.8491410419312149,-0.18733806010977574,-0.404365943111267,-1.177851894974348,0.8577891279455886,-0.8828162337175963,-0.8447331706696268,0.9204123179021463,-0.997471732522988,-0.7258729828964409,-1.0161329645585022,0
-0.2960199349169384,-1.1099901739376037,-0.502969299721533,-0.4623780951753153,-0.7423290972289317,0.9048055324001227,-0.3615712892080899,-1.461440576166749,-0.522475804682789,0.003043148748581378,-0.4814607612315388,-0.2893482712922078,0.9841231756854657,0
-0.634918112038349,0.9009088760241706,0.8491410419312149,-0.18479548743834992,-0.911310674287764,-1.177851894974348,0.06599664927436881,-0.8828162337175963,-1.1804179269059165,0.1177142948927768,-0.7394662468772634,-1.8767108589439645,0.9841231756854657,0
-0.9738162891597597,0.9009088760241706,0.8491410419312149,-0.3752673445195093,-0.5733475201700994,0.9048055324001227,-0.3615712892080899,1.4316811360790147,-1.0495008719737637,-0.11162799739561437,-0.997471732522988,-0.03140185079879733,-1.0161329645585022,0
-0.8043672005990544,0.9009088760241706,-1.179024470547907,-0.29112556070984036,-0.06640278899360229,-1.177851894974348,-0.3298995900612411,0.2744324511807092,1.5486991412951188,-0.2262991435398101,-0.7394662468772634,1.1988041546313142,-1.0161329645585022,1
-0.46546902347764374,-1.1099901739376037,-1.179024470547907,-0.18103690175015527,-0.23538436605243465,-1.177851894974348,-0.7257958293968509,-0.8828162337175963,-1.8752853723150364,-0.7996548742607882,-0.7394662468772634,-1.0235034680811452,0.9841231756854657,0
-0.46546902347764374,-1.1099901739376037,-1.179024470547907,-0.18923314533071423,-0.911310674287764,-1.177851894974348,0.4420980766431982,1.4316811360790147,0.16232109803924238,0.4617277333253637,-0.4814607612315388,0.7622794430270811,0.9841231756854657,0
-1.143265377720465,-1.1099901739376037,0.8491410419312149,-0.28989375531623035,-0.7423290972289317,0.9048055324001227,-0.3615712892080899,-0.8828162337175963,0.23617174441122635,-0.2262991435398101,-0.7394662468772634,0.26622863438590705,0.9841231756854657,0
-0.634918112038349,0.9009088760241706,-0.502969299721533,-0.18830139509708613,-0.7423290972289317,-1.177851894974348,-0.68620620546329,-0.8828162337175963,0.6255660616453219,-0.6849837281165926,-0.997471732522988,-0.2893482712922078,-1.0161329645585022,0
-0.634918112038349,-1.1099901739376037,-0.502969299721533,-0.18433750850995648,-0.5733475201700994,-1.177851894974348,1.2378495177077742,0.2744324511807092,-1.6839450612603513,1.2644257563347332,-0.997471732522988,0.7225953783357871,0.9841231756854657,0
-0.46546902347764374,-1.1099901739376037,-0.502969299721533,-0.22740332015578366,-0.23538436605243465,0.9048055324001227,-0.3615712892080899,-0.8828162337175963,-1.0092187012254088,-0.34097028968400567,-0.4814607612315388,-0.9639773710442044,-1.0161329645585022,0
-0.8043672005990544,-1.1099901739376037,0.8491410419312149,0.574865215751685,-0.5733475201700994,0.9048055324001227,-0.3615712892080899,-0.8828162337175963,-0.8447331706696268,-0.9143260204049839,-0.4814607612315388,-0.5472946917856183,-1.0161329645585022,0
-0.8043672005990544,0.9009088760241706,-0.502969299721533,-0.188285602720245,-0.911310674287764,-1.177851894974348,-0.5674373336626071,1.4316811360790147,-1.6839450612603513,-0.570312581972397,-0.997471732522988,-0.6663468858595001,-1.0161329645585022,0
-0.9738162891597597,0.9009088760241706,-1.179024470547907,-0.1833583811458049,-0.911310674287764,-1.177851894974348,1.6495816066168083,-1.461440576166749,-0.005521280078902488,1.7231103409115156,-0.4814607612315388,0.305912699077201,-1.0161329645585022,0
-0.8043672005990544,-1.1099901739376037,-1.179024470547907,-0.45176561793805975,-0.7423290972289317,0.9048055324001227,-0.35761232681473376,1.4316811360790147,0.5651428055227898,0.003043148748581378,-0.7394662468772634,-0.11076998018138517,0.9841231756854657,0
-0.634918112038349,-1.1099901739376037,-0.502969299721533,-1.0103104020559974,-0.5733475201700994,0.9048055324001227,-0.3536533644213777,1.4316811360790147,-1.371758237960602,3.672519825362842,-0.997471732522988,1.5361187045073124,-1.0161329645585022,1
-0.46546902347764374,-1.1099901739376037,-0.502969299721533,-0.626034496380195,-0.23538436605243465,0.9048055324001227,-0.3536533644213777,0.2744324511807092,0.8135495251376443,0.4617277333253637,-0.7394662468772634,-0.9441353386985575,0.9841231756854657,0
-0.634918112038349,-1.1099901739376037,0.8491410419312149,-0.6210283129215493,-0.404365943111267,0.9048055324001227,-0.3536533644213777,0.2744324511807092,0.23617174441122635,0.4617277333253637,-0.7394662468772634,0.7424374106814341,-1.0161329645585022,0
-0.8043672005990544,0.9009088760241706,-0.502969299721533,-0.18643789462982996,-0.06640278899360229,0.21058638994196582,1.6495816066168083,-0.8828162337175963,0.001192415045823164,1.7231103409115156,-0.7394662468772634,0.5043330225336705,-1.0161329645585022,0
-0.8043672005990544,0.9009088760241706,-0.502969299721533,-0.44848080355509967,-0.7423290972289317,0.9048055324001227,-0.34573543963466546,-0.8828162337175963,0.001192415045823164,0.003043148748581378,-0.7394662468772634,0.7622794430270811,-1.0161329645585022,0
-0.46546902347764374,-1.1099901739376037,0.8491410419312149,-0.4509917914728432,-0.23538436605243465,0.9048055324001227,-0.34573543963466546,-0.8828162337175963,1.7836784706605218,0.003043148748581378,-0.4814607612315388,1.0599099282117854,-1.0161329645585022,1
-0.634918112038349,-1.1099901739376037,-0.502969299721533,-0.4093315013658787,-0.911310674287764,0.9048055324001227,-0.34573543963466546,0.853056793629862,1.0015329886299666,0.003043148748581378,-0.4814607612315388,-0.17029607721832604,-1.0161329645585022,1
-1.143265377720465,-1.1099901739376037,0.8491410419312149,-0.18354788966789876,-0.911310674287764,-1.177851894974348,-0.6307807319563046,0.2744324511807092,-0.21364582894540246,-0.6849837281165926,-0.4814607612315388,0.6233852166075523,-1.0161329645585022,0
-0.46546902347764374,-1.1099901739376037,-0.502969299721533,-0.14262984127246853,0.2715603651240624,0.9048055324001227,-0.34573543963466546,-0.8828162337175963,-0.21700267650776528,-0.45564143582820127,-0.997471732522988,0.08765034327508442,-1.0161329645585022,0
-0.46546902347764374,0.9009088760241706,-0.502969299721533,-0.07049026386207667,-0.404365943111267,0.9048055324001227,-0.34573543963466546,-1.461440576166749,-1.3482603050240614,-0.45564143582820127,-0.997471732522988,-1.4997122443766724,0.9841231756854657,0
-0.2960199349169384,0.9009088760241706,-0.502969299721533,-0.18567986054145455,-0.404365943111267,-1.177851894974348,-0.5674373336626071,-0.8828162337175963,-1.8752853723150364,-0.570312581972397,-0.4814607612315388,-0.8846092416616166,0.9841231756854657,0
-0.634918112038349,0.9009088760241706,-1.179024470547907,0.11837077078128504,-0.23538436605243465,0.9048055324001227,-0.34573543963466546,-0.8828162337175963,1.5587696839822078,-0.6849837281165926,-0.7394662468772634,-0.2893482712922078,0.9841231756854657,0
-0.2960199349169384,-1.1099901739376037,-0.502969299721533,-0.18451122465520917,-0.404365943111267,-1.177851894974348,0.8577891279455886,-0.8828162337175963,1.1223795008750308,0.9204123179021463,-0.997471732522988,-0.22982217425526694,0.9841231756854657,0
-0.9738162891597597,0.9009088760241706,-1.179024470547907,-0.5968343916009011,-0.911310674287764,0.9048055324001227,-0.33385855245459717,-0.8828162337175963,-0.46205254856025635,0.4617277333253637,-0.997471732522988,0.028124246238143545,0.9841231756854657,0
-1.143265377720465,0.9009088760241706,1.5251962127575889,-1.0069940029193551,-0.911310674287764,0.9048055324001227,-0.3298995900612411,-0.8828162337175963,-1.328119219649884,3.672519825362842,-0.4814607612315388,-2.2140254088199627,-1.0161329645585022,1
-0.8043672005990544,-1.1099901739376037,1.5251962127575889,-0.18501658071412608,-0.911310674287764,-1.177851894974348,-1.042512820865339,-0.8828162337175963,-1.4254677989584081,-1.143668312693375,-0.7394662468772634,-1.0036614357354983,0.9841231756854657,0
-0.634918112038349,0.9009088760241706,1.5251962127575889,-0.18305832598582297,-0.911310674287764,0.21058638994196582,-1.2008713165995828,-0.8828162337175963,0.16232109803924238,-1.2583394588375707,-0.997471732522988,0.14717644031202531,0.9841231756854657,0
-0.9738162891597597,0.9009088760241706,-1.179024470547907,-0.18447963990152685,-0.911310674287764,-1.177851894974348,-0.765385453330412,0.853056793629862,-1.2979075915886182,-0.7996548742607882,-0.997471732522988,0.16701847265767225,-1.0161329645585022,0
-0.634918112038349,0.9009088760241706,-1.179024470547907,-0.8508705654677058,-0.911310674287764,0.9048055324001227,-0.3298995900612411,1.4316811360790147,-1.0495008719737637,1.7231103409115156,-0.7394662468772634,0.6630692812988462,-1.0161329645585022,1
-0.8043672005990544,0.9009088760241706,0.8491410419312149,-0.1835005125373753,-0.404365943111267,-1.177851894974348,-0.646616581529729,-1.461440576166749,-1.173704231781191,-0.6849837281165926,-0.4814607612315388,-0.9044512740072636,0.9841231756854657,0
-0.9738162891597597,0.9009088760241706,0.8491410419312149,-0.18173176633116603,-0.5733475201700994,-1.177851894974348,0.38271364074285674,0.2744324511807092,-0.005521280078902488,0.4617277333253637,-0.997471732522988,-1.8965528912896115,0.9841231756854657,0
-0.8043672005990544,-1.1099901739376037,0.8491410419312149,-0.8557504099116224,-0.911310674287764,0.9048055324001227,-0.3298995900612411,-1.461440576166749,-1.3751150855229646,1.7231103409115156,-0.4814607612315388,-2.4322877646220795,-1.0161329645585022,1
-0.8043672005990544,0.9009088760241706,0.8491410419312149,-0.18635893274562418,-0.5733475201700994,0.21058638994196582,0.8577891279455886,0.2744324511807092,-0.12972463988633004,0.9204123179021463,-0.7394662468772634,-1.9163949236352584,0.9841231756854657,0
-0.8043672005990544,0.9009088760241706,-0.502969299721533,-0.8439850891649626,-0.911310674287764,0.9048055324001227,-0.3298995900612411,0.853056793629862,-1.2979075915886182,1.6084391947673204,-0.7394662468772634,-0.46792656240303043,-1.0161329645585022,1
-0.46546902347764374,0.9009088760241706,-1.179024470547907,-0.8384735496473998,-0.911310674287764,0.9048055324001227,-0.3298995900612411,0.2744324511807092,0.1119683846037988,1.6084391947673204,-0.997471732522988,-1.6187644384505542,-1.0161329645585022,1
-0.9738162891597597,-1.1099901739376037,0.8491410419312149,-0.8141848740657048,-0.911310674287764,0.9048055324001227,-0.3298995900612411,0.2744324511807092,-0.41841353024953903,1.379096902478929,-0.4814607612315388,-0.8846092416616166,-1.0161329645585022,1
-0.634918112038349,0.9009088760241706,0.8491410419312149,-0.8061623466303985,-0.23538436605243465,0.9048055324001227,-0.3298995900612411,-0.8828162337175963,0.7497694214527494,1.379096902478929,-0.997471732522988,1.337698381050843,-1.0161329645585022,1
-0.46546902347764374,0.9009088760241706,-1.179024470547907,-0.7734563341923685,-0.7423290972289317,0.9048055324001227,-0.3298995900612411,-0.8828162337175963,0.6624913848313142,1.1497546101905376,-0.7394662468772634,-1.9759210206721993,-1.0161329645585022,0
-0.2960199349169384,0.9009088760241706,-0.502969299721533,-0.18994380228856617,-0.404365943111267,-1.177851894974348,-0.2507203421941191,-0.3041918912684436,0.04483143335654109,-0.2262991435398101,-0.4814607612315388,0.028124246238143545,0.9841231756854657,0
-0.9738162891597597,-1.1099901739376037,1.5251962127575889,-0.7748144786007077,-0.911310674287764,0.9048055324001227,-0.3298995900612411,0.853056793629862,-1.173704231781191,1.1497546101905376,-0.4814607612315388,1.0995939929030794,-1.0161329645585022,0
-0.634918112038349,-1.1099901739376037,0.8491410419312149,-0.18485865694571454,-0.7423290972289317,-1.177851894974348,0.5410721364771007,1.4316811360790147,-0.6936750303632967,0.5763988794695595,-0.7394662468772634,-2.9680226379545473,0.9841231756854657,0
-0.9738162891597597,0.9009088760241706,1.5251962127575889,-0.7646757726686868,-0.911310674287764,0.9048055324001227,-0.3298995900612411,0.2744324511807092,1.327147202179168,1.1497546101905376,-0.7394662468772634,-2.4322877646220795,-1.0161329645585022,1
-0.2960199349169384,0.9009088760241706,-1.179024470547907,-0.7542370115766839,-0.911310674287764,0.9048055324001227,-0.3298995900612411,0.853056793629862,0.3939435798422821,1.035083464046342,-0.997471732522988,-0.40840046536608954,0.9841231756854657,0
-0.8043672005990544,-1.1099901739376037,0.8491410419312149,-0.1860115004551188,-0.911310674287764,-1.177851894974348,0.06599664927436881,0.2744324511807092,-0.811164695045998,0.1177142948927768,-0.7394662468772634,-1.0433455004267922,0.9841231756854657,0
-0.8043672005990544,0.9009088760241706,-1.179024470547907,-0.18757494576239306,-0.911310674287764,-1.177851894974348,0.6598410082777837,0.853056793629862,2.491973306319093,0.6910700256137552,-0.997471732522988,0.7225953783357871,-1.0161329645585022,0
-0.8043672005990544,-1.1099901739376037,-1.179024470547907,-0.7449195092404031,-0.5733475201700994,0.9048055324001227,-0.3298995900612411,1.4316811360790147,0.5785701957722418,1.035083464046342,-0.4814607612315388,0.286070666731554,-1.0161329645585022,0
-1.143265377720465,0.9009088760241706,1.5251962127575889,-0.7183883161472642,-0.911310674287764,0.9048055324001227,-0.3298995900612411,-0.8828162337175963,-1.4254677989584081,0.9204123179021463,-0.4814607612315388,-3.1862849937566637,0.9841231756854657,0
-0.46546902347764374,-1.1099901739376037,-1.179024470547907,-0.7130820775286364,-0.911310674287764,0.9048055324001227,-0.3298995900612411,-0.8828162337175963,1.451350561986595,0.9204123179021463,-0.7394662468772634,-0.5671367241312653,-1.0161329645585022,1
-1.143265377720465,0.9009088760241706,-1.179024470547907,-0.6751961654867077,-0.911310674287764,0.9048055324001227,-0.3298995900612411,1.4316811360790147,-0.34120603631519225,0.6910700256137552,-0.4814607612315388,-0.36871640067479566,-1.0161329645585022,0
-0.8043672005990544,0.9009088760241706,-0.502969299721533,-0.6773281363602636,-0.23538436605243465,0.9048055324001227,-0.3298995900612411,-1.461440576166749,0.001192415045823164,0.6910700256137552,-0.4814607612315388,1.0995939929030794,-1.0161329645585022,0
-0.634918112038349,-1.1099901739376037,-0.502969299721533,-0.6762542547350651,-0.06640278899360229,0.9048055324001227,-0.3298995900612411,-0.8828162337175963,-1.7510820125076092,0.6910700256137552,-0.997471732522988,-1.5592383414136133,0.9841231756854657,0
-0.8043672005990544,-1.1099901739376037,0.8491410419312149,-0.18515871210569648,-0.911310674287764,-1.177851894974348,-0.804975077263973,0.853056793629862,0.27645391515958084,-0.7996548742607882,-0.4814607612315388,-0.2893482712922078,0.9841231756854657,0
-0.2960199349169384,0.9009088760241706,-0.502969299721533,-0.18179493583853065,-0.23538436605243465,-1.177851894974348,0.38271364074285674,0.2744324511807092,0.2965950005337584,0.4617277333253637,-0.7394662468772634,0.6432272489531993,0.9841231756854657,0
-1.143265377720465,-1.1099901739376037,-0.502969299721533,-0.6772017973455343,-0.911310674287764,0.9048055324001227,-0.3298995900612411,-0.8828162337175963,0.27645391515958084,0.6910700256137552,-0.4814607612315388,0.6630692812988462,-1.0161329645585022,0
-0.2960199349169384,-1.1099901739376037,0.8491410419312149,-0.6795864462485486,-0.911310674287764,0.9048055324001227,-0.3298995900612411,0.853056793629862,1.256653403369547,0.6910700256137552,-0.7394662468772634,-0.46792656240303043,-1.0161329645585022,1
-0.8043672005990544,-1.1099901739376037,1.5251962127575889,-0.6772491744760578,-0.5733475201700994,0.9048055324001227,-0.3298995900612411,0.853056793629862,0.7497694214527494,0.6910700256137552,-0.7394662468772634,-1.2616078562289088,-1.0161329645585022,1
-0.8043672005990544,0.9009088760241706,-0.502969299721533,-0.18781183141501037,-0.7423290972289317,-1.177851894974348,-0.3298995900612411,0.2744324511807092,0.9343960373827085,-0.34097028968400567,-0.7394662468772634,-2.1743413441286688,0.9841231756854657,0
-1.143265377720465,-1.1099901739376037,0.8491410419312149,-0.6807392897579528,-0.911310674287764,0.9048055324001227,-0.3298995900612411,0.2744324511807092,-0.0860856215756121,0.6910700256137552,-0.4814607612315388,-0.22982217425526694,-1.0161329645585022,0
-0.9738162891597597,0.9009088760241706,1.5251962127575889,-0.6577613814540736,-0.7423290972289317,0.9048055324001227,-0.3298995900612411,0.853056793629862,-0.3680608168140954,0.6910700256137552,-0.4814607612315388,0.46464895784237664,0.9841231756854657,0
-0.9738162891597597,0.9009088760241706,0.8491410419312149,-0.6408477458571976,-0.911310674287764,0.9048055324001227,-0.3298995900612411,-0.8828162337175963,0.7061304031420315,0.5763988794695595,-0.997471732522988,-0.9441353386985575,-1.0161329645585022,0
-0.2960199349169384,-1.1099901739376037,1.5251962127575889,-0.6462329463600311,-0.23538436605243465,0.9048055324001227,-0.3298995900612411,0.2744324511807092,0.9343960373827085,0.5763988794695595,-0.7394662468772634,1.238488219322608,-1.0161329645585022,0
-0.9738162891597597,-1.1099901739376037,0.8491410419312149,-0.6244710510729208,-0.911310674287764,0.9048055324001227,-0.3298995900612411,-0.8828162337175963,0.001192415045823164,0.5763988794695595,-0.4814607612315388,-1.0830295651180861,0.9841231756854657,0
-0.2960199349169384,0.9009088760241706,-0.502969299721533,-0.6048253342825252,-0.5733475201700994,0.9048055324001227,-0.3298995900612411,-1.461440576166749,-1.0427871768490378,0.4617277333253637,-0.7394662468772634,-0.5671367241312653,-1.0161329645585022,1
-0.8043672005990544,-1.1099901739376037,1.5251962127575889,-0.1829161945942526,-0.911310674287764,-1.177851894974348,0.06599664927436881,-0.8828162337175963,0.8739727812601764,0.1177142948927768,-0.4814607612315388,0.7424374106814341,0.9841231756854657,0
-0.9738162891597597,0.9009088760241706,-0.502969299721533,-0.18462177129309723,-0.911310674287764,-1.177851894974348,-0.5674373336626071,0.2744324511807092,0.2865244578466693,-0.570312581972397,-0.7394662468772634,-0.8250831446246757,0.9841231756854657,0
-0.9738162891597597,-1.1099901739376037,-1.179024470547907,-0.19228107406105696,-0.7423290972289317,-1.177851894974348,-0.5674373336626071,0.2744324511807092,-1.0495008719737637,-0.570312581972397,-0.4814607612315388,-0.011559818453150373,0.9841231756854657,0
-0.9738162891597597,-1.1099901739376037,-1.179024470547907,-0.19087555252219426,-0.911310674287764,0.21058638994196582,0.38271364074285674,-0.8828162337175963,0.9981761410676039,0.4617277333253637,-0.7394662468772634,-1.0631875327724392,-1.0161329645585022,0
-0.9738162891597597,0.9009088760241706,1.5251962127575889,-0.18684849642769996,-0.7423290972289317,-1.177851894974348,-1.2008713165995828,-1.461440576166749,-1.173704231781191,-1.2583394588375707,-0.4814607612315388,-0.011559818453150373,0.9841231756854657,0
-0.9738162891597597,-1.1099901739376037,-1.179024470547907,-0.5918440005190965,-0.911310674287764,0.9048055324001227,-0.3298995900612411,-0.3041918912684436,1.357358830240434,0.4617277333253637,-0.997471732522988,-0.30919030363785477,-1.0161329645585022,1
-0.2960199349169384,-1.1099901739376037,-0.502969299721533,-0.18296357172477606,-0.404365943111267,-1.177851894974348,1.6495816066168083,-0.8828162337175963,0.860545391010725,1.7231103409115156,-0.4814607612315388,0.7225953783357871,-1.0161329645585022,0
-0.2960199349169384,0.9009088760241706,-0.502969299721533,-0.18594833094775418,0.10257878806523006,-1.177851894974348,0.5410721364771007,-0.8828162337175963,-0.811164695045998,0.5763988794695595,-0.7394662468772634,0.0479662785837905,0.9841231756854657,0
-0.2960199349169384,-1.1099901739376037,1.5251962127575889,-0.17784684162824213,-0.23538436605243465,0.21058638994196582,0.06599664927436881,0.2744324511807092,-0.5661148229935064,0.1177142948927768,-0.7394662468772634,1.754381060309429,-1.0161329645585022,0
-0.8043672005990544,0.9009088760241706,0.8491410419312149,-0.5856060116668406,-0.911310674287764,0.9048055324001227,-0.3298995900612411,0.853056793629862,0.5382880250238866,0.4617277333253637,-0.4814607612315388,0.5241750548793175,0.9841231756854657,0
-0.46546902347764374,0.9009088760241706,-1.179024470547907,-0.579399607568267,-0.911310674287764,0.9048055324001227,-0.3298995900612411,-1.461440576166749,-0.005521280078902488,0.3470565871811683,-0.997471732522988,-0.6663468858595001,0.9841231756854657,0
-1.143265377720465,0.9009088760241706,-0.502969299721533,-0.6985688832116158,-0.911310674287764,0.9048055324001227,-0.3298995900612411,0.2744324511807092,0.001192415045823164,0.8057411717579506,-0.997471732522988,-0.26950623894656084,-1.0161329645585022,1
-0.634918112038349,-1.1099901739376037,0.8491410419312149,-0.2922626118424035,-0.06640278899360229,-1.177851894974348,-0.5674373336626071,-0.8828162337175963,1.5486991412951188,-0.45564143582820127,-0.997471732522988,0.821805540064022,-1.0161329645585022,1
-0.8043672005990544,0.9009088760241706,1.5251962127575889,-0.18318466500055222,-0.7423290972289317,-1.177851894974348,-1.0345948960786266,0.853056793629862,-0.1397951825734185,-1.143668312693375,-0.997471732522988,-2.4124457322764323,0.9841231756854657,0
-0.46546902347764374,0.9009088760241706,1.5251962127575889,-0.5595012127484129,-0.911310674287764,0.9048055324001227,-0.3298995900612411,-1.461440576166749,0.8336906105118219,0.3470565871811683,-0.4814607612315388,-0.5472946917856183,-1.0161329645585022,0
-0.2960199349169384,-1.1099901739376037,-1.179024470547907,-0.5596749288936655,-0.06640278899360229,0.9048055324001227,-0.3298995900612411,1.4316811360790147,-0.1397951825734185,0.3470565871811683,-0.7394662468772634,-0.7457150152420878,0.9841231756854657,0
-0.2960199349169384,0.9009088760241706,-1.179024470547907,-0.6745013009056969,0.10257878806523006,0.9048055324001227,-0.3298995900612411,0.853056793629862,0.3939435798422821,0.6910700256137552,-0.7394662468772634,0.3455967637684949,-1.0161329645585022,1
-0.9738162891597597,-1.1099901739376037,0.8491410419312149,-0.17816268916506522,-0.911310674287764,-1.177851894974348,-0.5674373336626071,-0.8828162337175963,0.665848232393677,-0.570312581972397,-0.997471732522988,-1.8370267942526706,0.9841231756854657,0
-0.9738162891597597,-1.1099901739376037,0.8491410419312149,-0.5480991166690996,-0.23538436605243465,0.9048055324001227,-0.3298995900612411,-0.8828162337175963,1.286865031430813,0.3470565871811683,-0.7394662468772634,-0.7258729828964409,-1.0161329645585022,0
-0.46546902347764374,0.9009088760241706,0.8491410419312149,-0.2920257261897862,-0.7423290972289317,-1.177851894974348,0.38271364074285674,-1.461440576166749,1.9750187817152072,0.6910700256137552,-0.4814607612315388,0.14717644031202531,-1.0161329645585022,1
-0.9738162891597597,-1.1099901739376037,-1.179024470547907,-0.18024728290809755,-0.911310674287764,-1.177851894974348,1.2220136681343496,-0.8828162337175963,1.5486991412951188,1.2644257563347332,-0.4814607612315388,-0.8647672093159696,0.9841231756854657,0
-1.143265377720465,-1.1099901739376037,0.8491410419312149,-0.17473574339053477,-0.911310674287764,0.21058638994196582,-0.7257958293968509,1.4316811360790147,-1.4993184453303918,-0.7996548742607882,-0.997471732522988,-1.7179746001787888,0.9841231756854657,0
-0.8043672005990544,-1.1099901739376037,0.8491410419312149,-0.18286881746372913,-0.5733475201700994,-1.177851894974348,-0.8841543251310949,-0.8828162337175963,0.16232109803924238,-0.9143260204049839,-0.4814607612315388,-0.190138109563973,0.9841231756854657,0
-0.46546902347764374,0.9009088760241706,-0.502969299721533,-0.5333174519457794,-0.5733475201700994,0.9048055324001227,-0.3298995900612411,0.853056793629862,-0.901799579229796,0.23238544103697253,-0.4814607612315388,0.6035431842619053,-1.0161329645585022,0
-0.9738162891597597,0.9009088760241706,0.8491410419312149,-0.5286113236471155,-0.7423290972289317,0.9048055324001227,-0.3298995900612411,0.853056793629862,-1.7510820125076092,0.23238544103697253,-0.4814607612315388,0.12733440796637835,-1.0161329645585022,0
-0.8043672005990544,0.9009088760241706,0.8491410419312149,-0.5268267850640651,-0.5733475201700994,0.9048055324001227,-0.3298995900612411,0.2744324511807092,-1.0495008719737637,0.23238544103697253,-0.4814607612315388,0.38528082845978884,-1.0161329645585022,0
-0.2960199349169384,0.9009088760241706,0.8491410419312149,-0.5204782495739212,0.2715603651240624,0.9048055324001227,-0.3298995900612411,0.2744324511807092,2.206641263518246,0.23238544103697253,-0.997471732522988,-0.6068207888225592,0.9841231756854657,0
-0.9738162891597597,-1.1099901739376037,1.5251962127575889,-0.6279611663548159,-0.5733475201700994,0.9048055324001227,-0.3298995900612411,1.4316811360790147,1.0955247203761276,0.5763988794695595,-0.997471732522988,0.7225953783357871,-1.0161329645585022,1
-0.8043672005990544,-1.1099901739376037,-1.179024470547907,-0.17464098912948786,-0.7423290972289317,-1.177851894974348,0.034324950127520015,0.2744324511807092,0.001192415045823164,0.003043148748581378,-0.997471732522988,-0.3488743683291487,-1.0161329645585022,0
-0.8043672005990544,-1.1099901739376037,-1.179024470547907,-0.4828292231846098,-0.911310674287764,0.9048055324001227,-0.3298995900612411,0.853056793629862,0.001192415045823164,0.1177142948927768,-0.997471732522988,0.6432272489531993,0.9841231756854657,0
-0.9738162891597597,0.9009088760241706,-1.179024470547907,-0.48459796939081906,-0.404365943111267,0.9048055324001227,-0.3298995900612411,0.853056793629862,0.2865244578466693,0.1177142948927768,-0.7394662468772634,0.3455967637684949,-1.0161329645585022,0
-0.8043672005990544,-1.1099901739376037,1.5251962127575889,-0.48745638959906795,-0.911310674287764,0.9048055324001227,-0.3298995900612411,1.4316811360790147,0.5651428055227898,0.1177142948927768,-0.997471732522988,1.3972244780877838,-1.0161329645585022,0
-1.143265377720465,0.9009088760241706,-0.502969299721533,-0.17497262904315208,-0.7423290972289317,-1.177851894974348,1.0161476236798326,-0.8828162337175963,-1.0495008719737637,1.035083464046342,-0.7394662468772634,-0.09092794783573821,0.9841231756854657,0
-0.634918112038349,0.9009088760241706,0.8491410419312149,-0.17563590887048056,-0.5733475201700994,-1.177851894974348,1.6495816066168083,-0.3041918912684436,0.03476089066945202,1.7231103409115156,-0.997471732522988,-0.20998014190961997,0.9841231756854657,0
-0.8043672005990544,-1.1099901739376037,-0.502969299721533,-0.17636235820517365,-0.404365943111267,0.21058638994196582,0.38271364074285674,0.2744324511807092,-0.21028898138303903,0.3470565871811683,-0.997471732522988,-0.5869787564769122,0.9841231756854657,0
-0.634918112038349,-1.1099901739376037,-0.502969299721533,-0.48977786899471765,-0.404365943111267,0.9048055324001227,-0.3298995900612411,0.853056793629862,-1.7510820125076092,0.1177142948927768,-0.4814607612315388,0.5241750548793175,0.9841231756854657,0
-0.9738162891597597,-1.1099901739376037,0.8491410419312149,-0.17268273440118476,-0.911310674287764,-1.177851894974348,-0.4882580857954851,0.2744324511807092,-0.11965409719924096,-0.570312581972397,-0.997471732522988,-0.4877685947486774,0.9841231756854657,0
-0.46546902347764374,-1.1099901739376037,1.5251962127575889,-0.1729669971843255,-0.404365943111267,-1.177851894974348,1.6495816066168083,1.4316811360790147,0.8739727812601764,1.7231103409115156,-0.997471732522988,0.8416475724096689,0.9841231756854657,0
-0.8043672005990544,0.9009088760241706,0.8491410419312149,-0.17599913353782712,-0.404365943111267,-1.177851894974348,0.38271364074285674,-0.8828162337175963,-1.8752853723150364,0.3470565871811683,-0.997471732522988,-1.5195542767223194,-1.0161329645585022,0
-0.2960199349169384,-1.1099901739376037,-0.502969299721533,-0.17301437431484898,-0.5733475201700994,-1.177851894974348,-0.5674373336626071,-1.461440576166749,-0.46205254856025635,-0.570312581972397,-0.4814607612315388,1.3972244780877838,-1.0161329645585022,0
-0.634918112038349,-1.1099901739376037,1.5251962127575889,-0.4843137066076783,-0.5733475201700994,0.9048055324001227,-0.3298995900612411,-1.461440576166749,0.11868207972852446,0.1177142948927768,-0.4814607612315388,-1.8370267942526706,0.9841231756854657,0
-0.2960199349169384,0.9009088760241706,0.8491410419312149,-0.17309333619905476,-0.404365943111267,-1.177851894974348,-1.121692068732461,-1.461440576166749,0.001192415045823164,-1.143668312693375,-0.7394662468772634,0.2463866020402601,-1.0161329645585022,0
-0.9738162891597597,0.9009088760241706,-0.502969299721533,-0.5982241207629228,-0.911310674287764,0.9048055324001227,-0.3298995900612411,0.2744324511807092,0.5114332445249834,0.4617277333253637,-0.4814607612315388,-0.051243883144444294,-1.0161329645585022,1
-0.46546902347764374,-1.1099901739376037,-0.502969299721533,-0.1666816312015462,0.10257878806523006,-1.177851894974348,2.4413740852880284,0.853056793629862,-1.173704231781191,2.525808363920885,-0.7394662468772634,1.4369085427790778,0.9841231756854657,0
-0.8043672005990544,-1.1099901739376037,-1.179024470547907,-0.16473916885008424,-0.911310674287764,-1.177851894974348,0.25602684415546156,0.2744324511807092,0.001192415045823164,0.23238544103697253,-0.7394662468772634,0.5241750548793175,0.9841231756854657,0
-0.9738162891597597,-1.1099901739376037,-1.179024470547907,-0.16788185184147392,-0.7423290972289317,-1.177851894974348,0.38271364074285674,-1.461440576166749,-1.2979075915886182,0.3470565871811683,-0.4814607612315388,0.0479662785837905,0.9841231756854657,0
-0.8043672005990544,0.9009088760241706,0.8491410419312149,-0.1632073082964923,-0.911310674287764,0.21058638994196582,-0.0013057114126848765,1.4316811360790147,-0.46205254856025635,0.003043148748581378,-0.4814607612315388,-1.2814498885745558,0.9841231756854657,0
-0.9738162891597597,0.9009088760241706,-1.179024470547907,-0.4689003468107119,-0.911310674287764,0.9048055324001227,-0.3298995900612411,1.4316811360790147,-0.46205254856025635,0.1177142948927768,-0.997471732522988,0.0479662785837905,-1.0161329645585022,0
-0.2960199349169384,0.9009088760241706,0.8491410419312149,-0.44949151567293355,-0.06640278899360229,0.9048055324001227,-0.3298995900612411,-1.461440576166749,-0.25392799969375696,0.1177142948927768,-0.4814607612315388,-0.7457150152420878,-1.0161329645585022,0
-1.143265377720465,-1.1099901739376037,-0.502969299721533,-0.16371266435540924,-0.5733475201700994,0.21058638994196582,-0.2507203421941191,0.853056793629862,-0.11965409719924096,-0.2262991435398101,-0.7394662468772634,-0.011559818453150373,-1.0161329645585022,0
-0.9738162891597597,-1.1099901739376037,-0.502969299721533,-0.16679217783943429,-0.911310674287764,-1.177851894974348,0.5212773245103202,-0.8828162337175963,-1.0427871768490378,0.5763988794695595,-0.997471732522988,0.46464895784237664,0.9841231756854657,0
-0.634918112038349,0.9009088760241706,-1.179024470547907,-0.1646444145890373,-0.7423290972289317,-1.177851894974348,-1.1375279183058853,0.2744324511807092,0.5651428055227898,-1.2583394588375707,-0.4814607612315388,-0.4877685947486774,0.9841231756854657,0
-0.8043672005990544,-1.1099901739376037,1.5251962127575889,-0.45317113947692245,-0.23538436605243465,0.9048055324001227,-0.3298995900612411,0.853056793629862,-0.22707321919485376,0.1177142948927768,-0.4814607612315388,1.0599099282117854,0.9841231756854657,0
-0.8043672005990544,0.9009088760241706,-0.502969299721533,-0.5619648235356329,-0.911310674287764,0.9048055324001227,-0.3298995900612411,0.853056793629862,0.5382880250238866,0.3470565871811683,-0.997471732522988,0.46464895784237664,-1.0161329645585022,1
-0.9738162891597597,-1.1099901739376037,-0.502969299721533,-0.1659235971131708,-0.911310674287764,-1.177851894974348,0.29165750569566645,0.853056793629862,-0.3680608168140954,0.23238544103697253,-0.4814607612315388,1.1789621222856672,0.9841231756854657,0
-0.9738162891597597,0.9009088760241706,-1.179024470547907,-0.43756827115786223,-0.911310674287764,0.9048055324001227,-0.3298995900612411,-0.8828162337175963,-1.0427871768490378,0.003043148748581378,-0.997471732522988,0.0479662785837905,0.9841231756854657,0
-1.143265377720465,0.9009088760241706,0.8491410419312149,-0.5437246282841,-0.911310674287764,0.9048055324001227,-0.3298995900612411,-0.3041918912684436,1.286865031430813,0.23238544103697253,-0.997471732522988,0.5043330225336705,-1.0161329645585022,1
-0.46546902347764374,0.9009088760241706,-0.502969299721533,-0.16849775453827892,-0.06640278899360229,-1.177851894974348,0.5410721364771007,0.853056793629862,-0.707102420612748,0.5763988794695595,-0.997471732522988,1.5162766721616654,-1.0161329645585022,0
-0.9738162891597597,0.9009088760241706,-1.179024470547907,-0.41086336191947065,-0.911310674287764,0.9048055324001227,-0.3298995900612411,0.853056793629862,-0.901799579229796,0.003043148748581378,-0.7394662468772634,-1.6187644384505542,0.9841231756854657,0
-0.9738162891597597,0.9009088760241706,0.8491410419312149,-0.1636494948480446,-0.911310674287764,-1.177851894974348,-0.3774071387815143,1.4316811360790147,0.001192415045823164,-0.45564143582820127,-0.997471732522988,-1.5393963090679663,0.9841231756854657,0
-0.46546902347764374,0.9009088760241706,0.8491410419312149,-0.28003931216735023,-0.23538436605243465,-1.177851894974348,-0.646616581529729,-1.461440576166749,1.934736610966852,-0.570312581972397,-0.997471732522988,0.7424374106814341,-1.0161329645585022,1
-0.9738162891597597,0.9009088760241706,-0.502969299721533,-0.17241426399488513,-0.911310674287764,-1.177851894974348,-0.5753552584493192,0.2744324511807092,0.8336906105118219,-0.570312581972397,-0.7394662468772634,-1.0830295651180861,0.9841231756854657,0
-0.46546902347764374,-1.1099901739376037,-1.179024470547907,-0.5028855417728755,-0.404365943111267,0.9048055324001227,-0.3298995900612411,0.2744324511807092,1.5486991412951188,0.23238544103697253,-0.997471732522988,-1.7775006972157297,-1.0161329645585022,1
-0.2960199349169384,0.9009088760241706,1.5251962127575889,-0.16502343163322503,0.4405419421828948,-1.177851894974348,-0.09236184645987515,0.2744324511807092,0.665848232393677,-0.11162799739561437,-0.4814607612315388,1.35754041339649,-1.0161329645585022,0
-0.2960199349169384,-1.1099901739376037,-0.502969299721533,-0.1617702020039473,-0.404365943111267,-1.177851894974348,0.6994306322113446,1.4316811360790147,-1.8752853723150364,0.6910700256137552,-0.4814607612315388,0.4844909901880236,0.9841231756854657,0
-1.143265377720465,0.9009088760241706,0.8491410419312149,-0.16685534734679888,-0.5733475201700994,-1.177851894974348,0.7627740305050422,1.4316811360790147,0.001192415045823164,0.8057411717579506,-0.997471732522988,-1.4600281796853785,0.9841231756854657,0
-0.634918112038349,0.9009088760241706,-0.502969299721533,-0.16715540250678082,-0.404365943111267,-1.177851894974348,1.6060330202898914,-0.3041918912684436,-0.34120603631519225,1.6084391947673204,-0.997471732522988,0.6432272489531993,0.9841231756854657,0
-0.8043672005990544,-1.1099901739376037,-0.502969299721533,-0.3958132267898508,-0.911310674287764,0.9048055324001227,-0.3298995900612411,-0.8828162337175963,1.4647779522360462,0.003043148748581378,-0.4814607612315388,-0.17029607721832604,-1.0161329645585022,0
-0.9738162891597597,0.9009088760241706,0.8491410419312149,-0.5016537363792655,-0.5733475201700994,0.9048055324001227,-0.3298995900612411,1.4316811360790147,0.001192415045823164,0.23238544103697253,-0.4814607612315388,-1.2616078562289088,-1.0161329645585022,1
-0.634918112038349,-1.1099901739376037,0.8491410419312149,-0.16633419891104081,-0.5733475201700994,-1.177851894974348,-0.5674373336626071,-0.8828162337175963,-1.6839450612603513,-0.570312581972397,-0.7394662468772634,-1.678290535487495,0.9841231756854657,0
-0.2960199349169384,-1.1099901739376037,1.5251962127575889,-0.16676059308575197,-0.23538436605243465,-1.177851894974348,0.38271364074285674,-0.8828162337175963,0.8336906105118219,0.3470565871811683,-0.997471732522988,1.337698381050843,0.9841231756854657,0
-0.9738162891597597,-1.1099901739376037,-0.502969299721533,-0.16461282983535502,-0.911310674287764,-1.177851894974348,-1.01084112171849,1.4316811360790147,-1.6839450612603513,-1.0289971665491795,-0.4814607612315388,-0.9639773710442044,0.9841231756854657,0
-0.2960199349169384,0.9009088760241706,-1.179024470547907,-0.3875222289482449,-0.23538436605243465,0.9048055324001227,-0.3298995900612411,0.2744324511807092,0.04483143335654109,0.003043148748581378,-0.7394662468772634,-0.4282424977117365,0.9841231756854657,0
-0.9738162891597597,0.9009088760241706,0.8491410419312149,-0.3865588939609345,-0.911310674287764,0.9048055324001227,-0.3298995900612411,-0.8828162337175963,0.001192415045823164,0.003043148748581378,-0.4814607612315388,-0.8647672093159696,0.9841231756854657,0
-0.8043672005990544,-1.1099901739376037,-0.502969299721533,-0.16249665133864036,-0.911310674287764,-1.177851894974348,1.6495816066168083,1.4316811360790147,0.3301634761573873,1.7231103409115156,-0.997471732522988,1.337698381050843,0.9841231756854657,0
-0.2960199349169384,0.9009088760241706,-1.179024470547907,-0.35824316228474523,-0.404365943111267,0.9048055324001227,-0.3298995900612411,-1.461440576166749,-0.34120603631519225,-0.11162799739561437,-0.7394662468772634,-1.7775006972157297,0.9841231756854657,0
-1.143265377720465,-1.1099901739376037,-0.502969299721533,-0.34720429087277854,-0.911310674287764,0.9048055324001227,-0.3298995900612411,-1.461440576166749,-0.005521280078902488,-0.11162799739561437,-0.997471732522988,-1.142555662155027,0.9841231756854657,0
-0.8043672005990544,-1.1099901739376037,1.5251962127575889,-0.16511818589427193,-0.23538436605243465,-1.177851894974348,-0.052772222526314166,0.853056793629862,-1.6839450612603513,-0.11162799739561437,-0.4814607612315388,0.7622794430270811,-1.0161329645585022,0
-0.46546902347764374,-1.1099901739376037,-1.179024470547907,-0.1611700916839834,-0.7423290972289317,0.21058638994196582,0.38271364074285674,0.2744324511807092,-0.1397951825734185,0.3470565871811683,-0.7394662468772634,-1.3012919209202027,-1.0161329645585022,0
-0.8043672005990544,0.9009088760241706,-0.502969299721533,-0.33935547958272494,-0.5733475201700994,0.9048055324001227,-0.3298995900612411,0.2744324511807092,-1.7510820125076092,-0.11162799739561437,-0.4814607612315388,0.821805540064022,0.9841231756854657,0
-0.9738162891597597,-1.1099901739376037,-0.502969299721533,-0.4497599860792332,-0.911310674287764,0.9048055324001227,-0.3298995900612411,-1.461440576166749,2.02537149515065,0.1177142948927768,-0.997471732522988,0.9011736694466097,-1.0161329645585022,1
-0.46546902347764374,0.9009088760241706,0.8491410419312149,-0.3388975006543315,0.10257878806523006,0.9048055324001227,-0.3298995900612411,-1.461440576166749,0.5114332445249834,-0.11162799739561437,-0.7394662468772634,-1.182239726846321,0.9841231756854657,0
-0.8043672005990544,0.9009088760241706,0.8491410419312149,-0.17051917877394665,-0.5733475201700994,-1.177851894974348,-0.8524826259842462,0.2744324511807092,0.561785957960427,-0.9143260204049839,-0.4814607612315388,-2.5513399586959613,0.9841231756854657,0
-0.634918112038349,0.9009088760241706,-0.502969299721533,-0.16535507154688925,-0.404365943111267,-1.177851894974348,-0.2507203421941191,-0.8828162337175963,-1.8752853723150364,-0.2262991435398101,-0.7394662468772634,0.9408577341379036,-1.0161329645585022,0
-0.634918112038349,0.9009088760241706,-1.179024470547907,-0.16974535230873009,-0.7423290972289317,-1.177851894974348,0.6994306322113446,1.4316811360790147,1.3103629643673533,0.6910700256137552,-0.4814607612315388,-0.051243883144444294,-1.0161329645585022,0
-0.8043672005990544,-1.1099901739376037,0.8491410419312149,-0.17274590390854935,-0.911310674287764,-1.177851894974348,1.3328646151483206,1.4316811360790147,0.03476089066945202,1.379096902478929,-0.997471732522988,-2.2537094735112566,0.9841231756854657,0
-0.46546902347764374,-1.1099901739376037,1.5251962127575889,-0.33024327814537907,-0.06640278899360229,0.9048055324001227,-0.3298995900612411,-0.8828162337175963,0.001192415045823164,-0.11162799739561437,-0.4814607612315388,0.6035431842619053,0.9841231756854657,0
-0.8043672005990544,-1.1099901739376037,0.8491410419312149,-0.1617702020039473,-0.911310674287764,-1.177851894974348,-0.4090788379283631,0.853056793629862,0.001192415045823164,-0.45564143582820127,-0.997471732522988,-0.6663468858595001,0.9841231756854657,0
-0.9738162891597597,0.9009088760241706,-1.179024470547907,-0.32005719508283464,-0.911310674287764,0.9048055324001227,-0.3298995900612411,0.853056793629862,-1.4724636648314886,-0.11162799739561437,-0.7394662468772634,-0.9441353386985575,0.9841231756854657,0
-0.46546902347764374,0.9009088760241706,-0.502969299721533,-0.1630020073975573,0.10257878806523006,-1.177851894974348,0.25602684415546156,-0.3041918912684436,1.159304824061023,0.23238544103697253,-0.4814607612315388,0.6829113136444932,0.9841231756854657,0
-0.9738162891597597,0.9009088760241706,1.5251962127575889,-0.4352152070085303,-0.404365943111267,0.9048055324001227,-0.3298995900612411,1.4316811360790147,1.327147202179168,0.003043148748581378,-0.7394662468772634,-0.5274526594399713,-1.0161329645585022,1
-1.143265377720465,-1.1099901739376037,1.5251962127575889,-0.4114318874857522,-0.911310674287764,0.9048055324001227,-0.3298995900612411,0.2744324511807092,-1.0427871768490378,0.003043148748581378,-0.7394662468772634,-0.6465048535138531,-1.0161329645585022,1
-0.46546902347764374,-1.1099901739376037,-0.502969299721533,-0.2978057361136486,-0.911310674287764,0.9048055324001227,-0.3298995900612411,0.853056793629862,-0.005521280078902488,-0.2262991435398101,-0.997471732522988,0.4448069254967297,0.9841231756854657,0
-0.8043672005990544,-1.1099901739376037,-1.179024470547907,-0.16336523206490383,-0.911310674287764,-1.177851894974348,1.2536853672811985,-0.8828162337175963,1.0351014642535956,1.2644257563347332,-0.7394662468772634,1.1194360252487263,0.9841231756854657,0
-0.2960199349169384,-1.1099901739376037,-1.179024470547907,-0.4119530359215103,-0.5733475201700994,0.9048055324001227,-0.3298995900612411,-0.3041918912684436,1.8105332511594245,0.003043148748581378,-0.7394662468772634,-0.11076998018138517,-1.0161329645585022,1
-0.9738162891597597,0.9009088760241706,-0.502969299721533,-0.3023697330207421,-0.911310674287764,0.9048055324001227,-0.3298995900612411,0.2744324511807092,-0.6936750303632967,-0.2262991435398101,-0.7394662468772634,-1.182239726846321,0.9841231756854657,0
-0.46546902347764374,-1.1099901739376037,0.8491410419312149,-0.41457457047714186,-0.404365943111267,0.9048055324001227,-0.3298995900612411,0.2744324511807092,0.9780350556934264,0.003043148748581378,-0.7394662468772634,-0.6663468858595001,-1.0161329645585022,1
-0.8043672005990544,0.9009088760241706,-0.502969299721533,-0.41517468079710573,-0.404365943111267,0.9048055324001227,-0.3298995900612411,1.4316811360790147,1.676259348664909,0.003043148748581378,-0.4814607612315388,0.2463866020402601,-1.0161329645585022,1
-0.9738162891597597,0.9009088760241706,1.5251962127575889,-0.27692821392964284,-0.911310674287764,-1.177851894974348,0.38271364074285674,-0.3041918912684436,0.2865244578466693,0.5763988794695595,-0.7394662468772634,0.7027533459901402,-1.0161329645585022,1
-0.634918112038349,0.9009088760241706,0.8491410419312149,-0.30279612719545324,-0.7423290972289317,0.9048055324001227,-0.3298995900612411,-0.3041918912684436,-0.33449234119046656,-0.2262991435398101,-0.7394662468772634,-0.190138109563973,-1.0161329645585022,0
-0.9738162891597597,-1.1099901739376037,-1.179024470547907,-0.16672900833206966,-0.7423290972289317,-1.177851894974348,-0.4090788379283631,-0.8828162337175963,-1.2979075915886182,-0.45564143582820127,-0.7394662468772634,0.286070666731554,-1.0161329645585022,0
-0.46546902347764374,-1.1099901739376037,-0.502969299721533,-0.16695010160784582,-0.7423290972289317,0.21058638994196582,0.38271364074285674,0.853056793629862,0.7464125738903866,0.3470565871811683,-0.7394662468772634,0.5241750548793175,0.9841231756854657,0
-0.9738162891597597,0.9009088760241706,-0.502969299721533,-0.3006799486987386,-0.911310674287764,0.9048055324001227,-0.3298995900612411,0.853056793629862,-0.901799579229796,-0.2262991435398101,-0.4814607612315388,0.6829113136444932,0.9841231756854657,0
-0.2960199349169384,0.9009088760241706,-0.502969299721533,-0.27351706053195357,-0.404365943111267,-1.177851894974348,-0.4090788379283631,0.2744324511807092,1.4110683912382405,-0.34097028968400567,-0.4814607612315388,1.337698381050843,-1.0161329645585022,1
-0.9738162891597597,0.9009088760241706,0.8491410419312149,-0.16410747377643808,-0.911310674287764,-1.177851894974348,-0.3298995900612411,0.853056793629862,0.2865244578466693,-0.34097028968400567,-0.7394662468772634,0.8813316371009629,-1.0161329645585022,0
-0.9738162891597597,-1.1099901739376037,-0.502969299721533,-0.4000455837832801,-0.7423290972289317,0.9048055324001227,-0.3298995900612411,-1.461440576166749,-0.8447331706696268,0.003043148748581378,-0.4814607612315388,-0.07108591549009124,-1.0161329645585022,1
-0.9738162891597597,-1.1099901739376037,0.8491410419312149,-0.16900311059719586,-0.911310674287764,-1.177851894974348,-0.3298995900612411,0.853056793629862,-0.25392799969375696,-0.34097028968400567,-0.997471732522988,-0.03140185079879733,0.9841231756854657,0
-0.9738162891597597,0.9009088760241706,-0.502969299721533,-0.2900200943309596,-0.911310674287764,0.9048055324001227,-0.3298995900612411,-1.461440576166749,0.7430557263280237,-0.2262991435398101,-0.7394662468772634,0.6035431842619053,0.9841231756854657,0
-0.2960199349169384,-1.1099901739376037,-1.179024470547907,-0.27920231619476904,-0.06640278899360229,-1.177851894974348,0.5410721364771007,0.2744324511807092,1.451350561986595,0.8057411717579506,-0.7394662468772634,-0.7060309505507939,-1.0161329645585022,1
-0.9738162891597597,0.9009088760241706,-1.179024470547907,-0.2786969601358521,-0.911310674287764,0.9048055324001227,-0.3298995900612411,0.853056793629862,-1.6839450612603513,-0.2262991435398101,-0.997471732522988,0.9805417988291976,0.9841231756854657,0
-0.9738162891597597,-1.1099901739376037,-1.179024470547907,-0.16409168139959693,-0.911310674287764,-1.177851894974348,0.28769854330231037,-0.8828162337175963,0.5114332445249834,0.23238544103697253,-0.7394662468772634,-0.7060309505507939,0.9841231756854657,0
-0.9738162891597597,-1.1099901739376037,-1.179024470547907,-0.2768808367991194,-0.911310674287764,0.9048055324001227,-0.3298995900612411,-0.8828162337175963,0.001192415045823164,-0.2262991435398101,-0.4814607612315388,-0.8647672093159696,0.9841231756854657,0
-0.8043672005990544,0.9009088760241706,1.5251962127575889,-0.2565876325582364,-0.404365943111267,0.9048055324001227,-0.3298995900612411,1.4316811360790147,-0.21028898138303903,-0.2262991435398101,-0.997471732522988,1.1392780575943733,-1.0161329645585022,0
-0.46546902347764374,0.9009088760241706,0.8491410419312149,-0.23585224176580108,-0.404365943111267,0.9048055324001227,-0.3298995900612411,-0.8828162337175963,-0.2069321338206762,-0.2262991435398101,-0.4814607612315388,0.12733440796637835,0.9841231756854657,0
-0.634918112038349,0.9009088760241706,-0.502969299721533,-0.2073627939443591,-0.404365943111267,0.9048055324001227,-0.3298995900612411,-0.8828162337175963,-1.6705176710108995,-0.34097028968400567,-0.7394662468772634,0.6035431842619053,0.9841231756854657,0
-0.634918112038349,-1.1099901739376037,-0.502969299721533,-0.28319778753558106,-0.7423290972289317,-1.177851894974348,0.38271364074285674,-1.461440576166749,0.001192415045823164,0.5763988794695595,-0.7394662468772634,-0.17029607721832604,-1.0161329645585022,1
-0.9738162891597597,0.9009088760241706,-1.179024470547907,-0.20791552713379952,-0.911310674287764,0.9048055324001227,-0.3298995900612411,-1.461440576166749,-1.6705176710108995,-0.34097028968400567,-0.997471732522988,-1.162397694500674,0.9841231756854657,0
-0.2960199349169384,0.9009088760241706,0.8491410419312149,-0.1656551267068712,-0.7423290972289317,-1.177851894974348,-1.121692068732461,1.4316811360790147,0.19253272610050842,-1.143668312693375,-0.7394662468772634,-0.32903233598350173,-1.0161329645585022,0
-0.634918112038349,0.9009088760241706,-0.502969299721533,-0.16832403839302623,-0.404365943111267,0.21058638994196582,-0.09236184645987515,-0.8828162337175963,-1.0092187012254088,-0.11162799739561437,-0.4814607612315388,1.337698381050843,-1.0161329645585022,0
-1.143265377720465,0.9009088760241706,-0.502969299721533,-0.2015985763973379,-0.911310674287764,0.9048055324001227,-0.3298995900612411,-0.8828162337175963,-1.0495008719737637,-0.34097028968400567,-0.997471732522988,1.1591200899400202,0.9841231756854657,0
-0.634918112038349,0.9009088760241706,1.5251962127575889,-0.16511818589427193,-0.5733475201700994,-1.177851894974348,-0.646616581529729,1.4316811360790147,-1.0092187012254088,-0.6849837281165926,-0.7394662468772634,0.9408577341379036,-1.0161329645585022,0
-0.8043672005990544,0.9009088760241706,1.5251962127575889,-0.16582884285212388,-0.911310674287764,0.21058638994196582,-0.8524826259842462,-0.8828162337175963,-0.16664996307232172,-0.9143260204049839,-0.7394662468772634,1.317856348705196,0.9841231756854657,0
-0.634918112038349,0.9009088760241706,-0.502969299721533,-0.2128743334619219,-0.23538436605243465,0.9048055324001227,-0.3298995900612411,-0.3041918912684436,0.5114332445249834,-0.34097028968400567,-0.997471732522988,-0.8449251769703227,-1.0161329645585022,0
-0.46546902347764374,-1.1099901739376037,-1.179024470547907,-0.16653949980997582,-0.5733475201700994,0.21058638994196582,-1.3750656619072512,0.2744324511807092,-0.7977373047965461,-1.487681751125962,-0.4814607612315388,-0.26950623894656084,-1.0161329645585022,0
-0.9738162891597597,-1.1099901739376037,1.5251962127575889,-0.16426539754484962,-0.7423290972289317,-1.177851894974348,2.4413740852880284,-0.8828162337175963,-0.6701770974267564,2.525808363920885,-0.997471732522988,-1.0235034680811452,0.9841231756854657,0
-0.46546902347764374,-1.1099901739376037,-1.179024470547907,-0.15948030736197993,-0.404365943111267,-1.177851894974348,-0.36948921399480206,1.4316811360790147,-0.1397951825734185,-0.45564143582820127,-0.4814607612315388,0.22654456969461315,0.9841231756854657,0
-0.2960199349169384,-1.1099901739376037,-1.179024470547907,-0.16510239351743078,-0.5733475201700994,-1.177851894974348,-0.5674373336626071,-1.461440576166749,-1.623521805137819,-0.570312581972397,-0.997471732522988,-0.44808453005738347,0.9841231756854657,0
-0.8043672005990544,0.9009088760241706,0.8491410419312149,-0.16942950477190702,-0.5733475201700994,0.9048055324001227,-0.3298995900612411,-0.8828162337175963,0.3234497810326616,-0.34097028968400567,-0.4814607612315388,1.0202258635204915,0.9841231756854657,0
-0.8043672005990544,0.9009088760241706,0.8491410419312149,-0.15764839164840605,-0.911310674287764,0.9048055324001227,-0.3298995900612411,0.2744324511807092,0.954537122756886,-0.34097028968400567,-0.7394662468772634,-0.9838194033898514,0.9841231756854657,0
-0.2960199349169384,0.9009088760241706,1.5251962127575889,-0.16293883789019267,-0.404365943111267,0.21058638994196582,-1.2642147148932805,1.4316811360790147,1.417782086362966,-1.3730106049817663,-0.4814607612315388,0.8416475724096689,0.9841231756854657,0
-0.9738162891597597,0.9009088760241706,-1.179024470547907,-0.253271233421594,-0.911310674287764,0.9048055324001227,-0.3298995900612411,-0.3041918912684436,0.001192415045823164,-0.2262991435398101,-0.4814607612315388,0.6233852166075523,-1.0161329645585022,1
-0.46546902347764374,-1.1099901739376037,1.5251962127575889,-0.1641706432838027,-0.7423290972289317,-1.177851894974348,2.4413740852880284,0.2744324511807092,-0.005521280078902488,2.525808363920885,-0.4814607612315388,0.5241750548793175,0.9841231756854657,0
-0.8043672005990544,0.9009088760241706,-1.179024470547907,-0.15959085399986803,-0.5733475201700994,-1.177851894974348,1.2457674424944862,1.4316811360790147,-1.4724636648314886,1.2644257563347332,-0.7394662468772634,-0.8846092416616166,0.9841231756854657,0
-1.143265377720465,0.9009088760241706,-1.179024470547907,-0.15741150599578874,-0.911310674287764,-1.177851894974348,-0.2507203421941191,0.2744324511807092,-1.1804179269059165,-0.34097028968400567,-0.7394662468772634,-0.20998014190961997,-1.0161329645585022,0
-0.8043672005990544,-1.1099901739376037,-0.502969299721533,-0.1259530913282098,-0.911310674287764,0.9048055324001227,-0.3298995900612411,-0.8828162337175963,-1.4993184453303918,-0.45564143582820127,-0.997471732522988,0.782121475372728,0.9841231756854657,0
-0.46546902347764374,0.9009088760241706,-1.179024470547907,-0.24191651447280427,-0.404365943111267,0.9048055324001227,-0.3298995900612411,0.2744324511807092,0.6423502994571366,-0.2262991435398101,-0.4814607612315388,-0.44808453005738347,-1.0161329645585022,1
-1.143265377720465,-1.1099901739376037,0.8491410419312149,-0.15924342170936262,-0.911310674287764,-1.177851894974348,-0.2507203421941191,-1.461440576166749,-1.6705176710108995,-0.34097028968400567,-0.997471732522988,-0.13061201252703214,0.9841231756854657,0
-0.9738162891597597,-1.1099901739376037,-0.502969299721533,-0.1607594898861134,-0.911310674287764,-1.177851894974348,-0.3298995900612411,-1.461440576166749,-1.173704231781191,-0.34097028968400567,-0.7394662468772634,-1.2616078562289088,0.9841231756854657,0
-0.46546902347764374,0.9009088760241706,-1.179024470547907,-0.16371266435540924,-0.911310674287764,-1.177851894974348,-1.1375279183058853,-0.8828162337175963,-1.1804179269059165,-1.2583394588375707,-0.997471732522988,-0.8250831446246757,0.9841231756854657,0
-0.9738162891597597,-1.1099901739376037,-0.502969299721533,-0.16109112979977766,-0.404365943111267,-1.177851894974348,-0.4090788379283631,-0.8828162337175963,-1.173704231781191,-0.45564143582820127,-0.997471732522988,-0.03140185079879733,0.9841231756854657,0
-0.46546902347764374,-1.1099901739376037,0.8491410419312149,-0.11276645666584616,-0.5733475201700994,0.9048055324001227,-0.3298995900612411,0.2744324511807092,1.0955247203761276,-0.45564143582820127,-0.997471732522988,-1.3608180179571436,0.9841231756854657,0
-0.9738162891597597,-1.1099901739376037,0.8491410419312149,-0.15834325622941683,-0.911310674287764,-1.177851894974348,-0.09236184645987515,-0.8828162337175963,1.5352717510456675,-0.11162799739561437,-0.7394662468772634,-1.202081759191968,0.9841231756854657,0
-0.9738162891597597,0.9009088760241706,-1.179024470547907,-0.10382797137375294,-0.911310674287764,0.9048055324001227,-0.3298995900612411,0.2744324511807092,-0.34120603631519225,-0.45564143582820127,-0.7394662468772634,-0.5671367241312653,0.9841231756854657,0
-0.8043672005990544,0.9009088760241706,-0.502969299721533,-0.10954481179025072,-0.23538436605243465,0.9048055324001227,-0.3298995900612411,0.853056793629862,-1.1233515183457474,-0.45564143582820127,-0.997471732522988,-2.2140254088199627,0.9841231756854657,0
-0.46546902347764374,-1.1099901739376037,-1.179024470547907,-0.1585959342588753,-0.23538436605243465,-1.177851894974348,-0.17550005672035324,-1.461440576166749,-1.3482603050240614,-0.2262991435398101,-0.997471732522988,0.10749237562073138,0.9841231756854657,0
-0.9738162891597597,-1.1099901739376037,-0.502969299721533,-0.15572172167378526,-0.911310674287764,-1.177851894974348,0.1451758971414908,-0.8828162337175963,-1.0931398902844813,0.1177142948927768,-0.7394662468772634,-1.9362369559809054,0.9841231756854657,0
-0.634918112038349,0.9009088760241706,-0.502969299721533,-0.15873806565044568,-0.911310674287764,-1.177851894974348,-0.8841543251310949,0.853056793629862,-1.4254677989584081,-0.9143260204049839,-0.7394662468772634,-0.03140185079879733,-1.0161329645585022,0
-0.9738162891597597,0.9009088760241706,-0.502969299721533,-0.11050814677756111,-0.911310674287764,0.9048055324001227,-0.3298995900612411,0.853056793629862,-1.623521805137819,-0.45564143582820127,-0.7394662468772634,0.6630692812988462,-1.0161329645585022,0
-0.9738162891597597,0.9009088760241706,-0.502969299721533,-0.10722333239460106,-0.7423290972289317,0.9048055324001227,-0.3298995900612411,1.4316811360790147,0.001192415045823164,-0.45564143582820127,-0.4814607612315388,0.0479662785837905,0.9841231756854657,0
-0.8043672005990544,0.9009088760241706,-0.502969299721533,-0.1632073082964923,-0.911310674287764,-1.177851894974348,0.7113075193914129,-0.8828162337175963,-0.3680608168140954,0.6910700256137552,-0.997471732522988,0.12733440796637835,0.9841231756854657,0
-0.8043672005990544,-1.1099901739376037,1.5251962127575889,-0.11000279071864419,-0.7423290972289317,0.9048055324001227,-0.3298995900612411,1.4316811360790147,-0.6500360120525788,-0.45564143582820127,-0.997471732522988,-0.22982217425526694,0.9841231756854657,0
-1.143265377720465,0.9009088760241706,-0.502969299721533,-0.1560533615874495,-0.911310674287764,-1.177851894974348,-0.8841543251310949,1.4316811360790147,-1.0427871768490378,-0.9143260204049839,-0.7394662468772634,0.5043330225336705,0.9841231756854657,0
-0.9738162891597597,-1.1099901739376037,-1.179024470547907,-0.11268749478164038,-0.911310674287764,0.9048055324001227,-0.3298995900612411,-0.8828162337175963,0.1119683846037988,-0.45564143582820127,-0.4814607612315388,-1.162397694500674,0.9841231756854657,0
-1.143265377720465,-1.1099901739376037,0.8491410419312149,-0.09556855828582936,-0.911310674287764,0.9048055324001227,-0.3298995900612411,-0.8828162337175963,-0.2069321338206762,-0.45564143582820127,-0.997471732522988,-2.4719718293133734,0.9841231756854657,0
-0.2960199349169384,-1.1099901739376037,0.8491410419312149,-0.029840685872946054,-0.5733475201700994,0.9048055324001227,-0.3298995900612411,-1.461440576166749,-0.39491559731299863,-0.45564143582820127,-0.7394662468772634,-0.9639773710442044,0.9841231756854657,0
-0.46546902347764374,-1.1099901739376037,-0.502969299721533,-0.15647975576216067,-0.404365943111267,-1.177851894974348,0.4262622270697738,0.2744324511807092,0.001192415045823164,0.4617277333253637,-0.7394662468772634,1.0003838311748445,-1.0161329645585022,0
-0.2960199349169384,0.9009088760241706,-1.179024470547907,-0.15428461538124025,-0.404365943111267,-1.177851894974348,-0.2903099661276801,-1.461440576166749,-1.4254677989584081,-0.34097028968400567,-0.7394662468772634,-0.5274526594399713,0.9841231756854657,0
-0.46546902347764374,0.9009088760241706,-0.502969299721533,-0.2698848138584881,-0.404365943111267,-0.4836327525161911,0.5410721364771007,0.2744324511807092,1.6997572816014495,0.8057411717579506,-0.997471732522988,0.18686050500331922,-1.0161329645585022,1
-0.2960199349169384,-1.1099901739376037,0.8491410419312149,0.004791996539704855,-0.06640278899360229,0.9048055324001227,-0.3298995900612411,-0.8828162337175963,-1.4724636648314886,-0.570312581972397,-0.997471732522988,0.5043330225336705,0.9841231756854657,0
-0.46546902347764374,0.9009088760241706,-0.502969299721533,0.026080120521580562,-0.5733475201700994,0.9048055324001227,-0.3298995900612411,0.2744324511807092,0.3939435798422821,-0.570312581972397,-0.4814607612315388,0.16701847265767225,0.9841231756854657,0
-0.8043672005990544,0.9009088760241706,0.8491410419312149,-0.1567482261684603,-0.7423290972289317,-1.177851894974348,-0.09236184645987515,-1.461440576166749,-1.4993184453303918,-0.11162799739561437,-0.7394662468772634,-0.190138109563973,0.9841231756854657,0
-0.8043672005990544,-1.1099901739376037,0.8491410419312149,-0.15943293023145647,-0.911310674287764,-1.177851894974348,0.06599664927436881,0.853056793629862,-0.811164695045998,0.003043148748581378,-0.997471732522988,0.18686050500331922,-1.0161329645585022,0
-0.2960199349169384,0.9009088760241706,1.5251962127575889,-0.1602541338271965,-0.7423290972289317,-1.177851894974348,-0.963333572998217,-1.461440576166749,-1.8752853723150364,-1.0289971665491795,-0.4814607612315388,0.3455967637684949,-1.0161329645585022,0
-0.9738162891597597,0.9009088760241706,0.8491410419312149,-0.15753784501051799,-0.911310674287764,-1.177851894974348,1.8079401023510524,0.2744324511807092,0.15896425047687956,1.8377814870557112,-0.7394662468772634,0.18686050500331922,0.9841231756854657,0
-0.9738162891597597,0.9009088760241706,0.8491410419312149,0.031860130445442954,-0.911310674287764,0.9048055324001227,-0.3298995900612411,1.4316811360790147,-0.41841353024953903,-0.570312581972397,-0.997471732522988,1.278172284013902,0.9841231756854657,0
-0.634918112038349,0.9009088760241706,-0.502969299721533,0.043578074061579285,-0.911310674287764,0.9048055324001227,-0.3298995900612411,0.853056793629862,0.3301634761573873,-0.570312581972397,-0.997471732522988,1.1392780575943733,-1.0161329645585022,0
-0.8043672005990544,0.9009088760241706,0.8491410419312149,0.043309603655279666,-0.7423290972289317,0.9048055324001227,-0.3298995900612411,-0.8828162337175963,0.16232109803924238,-0.570312581972397,-0.7394662468772634,-0.7258729828964409,0.9841231756854657,0
-0.634918112038349,-1.1099901739376037,-0.502969299721533,-0.1546004629180633,0.10257878806523006,-1.177851894974348,0.1451758971414908,-0.3041918912684436,-1.4724636648314886,0.1177142948927768,-0.7394662468772634,-1.4401861473397315,0.9841231756854657,0
-0.2960199349169384,0.9009088760241706,-0.502969299721533,-0.14998908888044632,-0.06640278899360229,-1.177851894974348,-1.2325430157464317,0.2744324511807092,0.4745079213389917,-1.2583394588375707,-0.7394662468772634,0.5440170872249644,0.9841231756854657,0
-0.8043672005990544,0.9009088760241706,-0.502969299721533,-0.15535849700643872,-0.911310674287764,-1.177851894974348,0.06599664927436881,-1.461440576166749,-1.6705176710108995,0.003043148748581378,-0.4814607612315388,0.2463866020402601,-1.0161329645585022,0
-0.9738162891597597,0.9009088760241706,0.8491410419312149,-0.15297384810342446,-0.911310674287764,0.21058638994196582,-0.4882580857954851,1.4316811360790147,-1.1804179269059165,-0.570312581972397,-0.7394662468772634,0.3455967637684949,0.9841231756854657,0
-0.9738162891597597,0.9009088760241706,-0.502969299721533,-0.1572219974736949,-0.7423290972289317,0.21058638994196582,-1.2800505644667048,-0.8828162337175963,-1.6839450612603513,-1.3730106049817663,-0.7394662468772634,0.5043330225336705,0.9841231756854657,0
-0.8043672005990544,0.9009088760241706,0.8491410419312149,-0.2641363886883081,-0.911310674287764,-1.177851894974348,-0.7574675285436998,0.853056793629862,-0.005521280078902488,-0.6849837281165926,-0.7394662468772634,-0.15045404487267908,-1.0161329645585022,1
-0.634918112038349,-1.1099901739376037,0.8491410419312149,-0.15627445486322566,-0.7423290972289317,-1.177851894974348,-0.9950052721450657,-0.3041918912684436,-1.8752853723150364,-1.0289971665491795,-0.4814607612315388,0.5837011519162584,-1.0161329645585022,0
-0.8043672005990544,0.9009088760241706,-1.179024470547907,-0.05825117181018225,-0.7423290972289317,0.9048055324001227,-0.3298995900612411,-0.3041918912684436,0.3234497810326616,-0.45564143582820127,-0.4814607612315388,-1.0631875327724392,-1.0161329645585022,1
-0.9738162891597597,0.9009088760241706,1.5251962127575889,-0.1500364660109698,-0.911310674287764,-1.177851894974348,-0.5674373336626071,1.4316811360790147,-0.08944246913797492,-0.570312581972397,-0.7394662468772634,-1.12271362980938,0.9841231756854657,0
-0.634918112038349,-1.1099901739376037,1.5251962127575889,-0.1503838983014752,-0.911310674287764,-1.177851894974348,-0.4882580857954851,1.4316811360790147,0.001192415045823164,-0.570312581972397,-0.997471732522988,-1.182239726846321,0.9841231756854657,0
-0.634918112038349,-1.1099901739376037,-0.502969299721533,0.08388021976020452,0.10257878806523006,0.9048055324001227,-0.3298995900612411,1.4316811360790147,-1.1804179269059165,-0.570312581972397,-0.997471732522988,0.7622794430270811,0.9841231756854657,0
-0.8043672005990544,0.9009088760241706,0.8491410419312149,-0.03372561057586996,-0.911310674287764,0.9048055324001227,-0.3298995900612411,-0.3041918912684436,0.8538316958859994,-0.45564143582820127,-0.7394662468772634,0.16701847265767225,-1.0161329645585022,1
-0.9738162891597597,0.9009088760241706,1.5251962127575889,-0.14953110995205285,-0.404365943111267,-1.177851894974348,-0.5674373336626071,0.853056793629862,-0.33784918875282943,-0.570312581972397,-0.997471732522988,0.5638591195706114,0.9841231756854657,0
-0.9738162891597597,0.9009088760241706,1.5251962127575889,-0.15148936468035598,-0.7423290972289317,-1.177851894974348,-0.8841543251310949,-1.461440576166749,0.001192415045823164,-0.9143260204049839,-0.997471732522988,0.14717644031202531,0.9841231756854657,0
-0.8043672005990544,0.9009088760241706,1.5251962127575889,-0.1550900266001391,-0.7423290972289317,-1.177851894974348,-0.8841543251310949,-1.461440576166749,-1.8752853723150364,-0.9143260204049839,-0.997471732522988,-1.3608180179571436,0.9841231756854657,0
-0.8043672005990544,-1.1099901739376037,0.8491410419312149,-0.15828008672205224,-0.7423290972289317,-1.177851894974348,-0.7257958293968509,0.853056793629862,-1.7510820125076092,-0.7996548742607882,-0.7394662468772634,0.305912699077201,-1.0161329645585022,0
-1.143265377720465,0.9009088760241706,0.8491410419312149,0.12506673856193437,-0.911310674287764,0.9048055324001227,-0.3298995900612411,-0.8828162337175963,0.7430557263280237,-0.570312581972397,-0.7394662468772634,-2.3132355705481977,-1.0161329645585022,0
-0.8043672005990544,-1.1099901739376037,-1.179024470547907,-0.15308439474131252,-0.911310674287764,-1.177851894974348,-0.8841543251310949,-1.461440576166749,0.001192415045823164,-0.9143260204049839,-0.7394662468772634,-0.32903233598350173,-1.0161329645585022,0
-0.9738162891597597,-1.1099901739376037,0.8491410419312149,0.11942886002964236,-0.911310674287764,0.9048055324001227,-0.3298995900612411,-0.8828162337175963,0.1354663175403392,-0.570312581972397,-0.7394662468772634,0.26622863438590705,-1.0161329645585022,0
-0.8043672005990544,-1.1099901739376037,-1.179024470547907,0.18038743463649712,-0.911310674287764,0.9048055324001227,-0.3298995900612411,-0.8828162337175963,0.830333762949459,-0.6849837281165926,-0.7394662468772634,-2.194183376474316,0.9841231756854657,0
-0.8043672005990544,0.9009088760241706,-0.502969299721533,0.17171741975070354,-0.7423290972289317,0.9048055324001227,-0.3298995900612411,-0.8828162337175963,0.27645391515958084,-0.6849837281165926,-0.997471732522988,0.6035431842619053,0.9841231756854657,0
-0.46546902347764374,0.9009088760241706,-1.179024470547907,-0.15734833648842414,-0.5733475201700994,-1.177851894974348,-0.4090788379283631,0.853056793629862,-1.0495008719737637,-0.45564143582820127,-0.7394662468772634,0.801963507718375,-1.0161329645585022,0
-0.8043672005990544,-1.1099901739376037,-0.502969299721533,-0.15289488621921868,-0.7423290972289317,-1.177851894974348,0.06599664927436881,-0.8828162337175963,0.7061304031420315,0.003043148748581378,-0.7394662468772634,-0.7853990799333818,-1.0161329645585022,0
-0.46546902347764374,-1.1099901739376037,-0.502969299721533,-0.1345599367066388,-0.23538436605243465,0.9048055324001227,-0.3298995900612411,0.2744324511807092,1.4647779522360462,-0.34097028968400567,-0.4814607612315388,0.782121475372728,-1.0161329645585022,1
-0.634918112038349,0.9009088760241706,1.5251962127575889,0.26560310007136456,-0.404365943111267,0.9048055324001227,-0.3298995900612411,-1.461440576166749,-0.0995130118250634,-0.6849837281165926,-0.4814607612315388,0.5837011519162584,0.9841231756854657,0
-0.8043672005990544,0.9009088760241706,-0.502969299721533,-0.15888019704201609,-0.911310674287764,-1.177851894974348,-1.359229812333827,1.4316811360790147,0.001192415045823164,-1.487681751125962,-0.997471732522988,-0.051243883144444294,0.9841231756854657,0
-0.8043672005990544,0.9009088760241706,0.8491410419312149,-0.15019438977938132,-0.911310674287764,-1.177851894974348,0.06599664927436881,-0.8828162337175963,-1.4724636648314886,0.003043148748581378,-0.4814607612315388,0.8416475724096689,0.9841231756854657,0
-0.46546902347764374,0.9009088760241706,-1.179024470547907,0.1620998622544407,-0.5733475201700994,0.9048055324001227,-0.3298995900612411,-1.461440576166749,0.5382880250238866,-0.6849837281165926,-0.4814607612315388,-0.3488743683291487,-1.0161329645585022,1
-0.8043672005990544,-1.1099901739376037,1.5251962127575889,-0.15049444493936326,-0.911310674287764,-1.177851894974348,-0.963333572998217,0.853056793629862,-0.11965409719924096,-1.0289971665491795,-0.4814607612315388,1.1591200899400202,0.9841231756854657,0
-1.143265377720465,-1.1099901739376037,-0.502969299721533,-0.14932580905311785,-0.911310674287764,-1.177851894974348,0.6202513843442227,1.4316811360790147,-0.3680608168140954,0.5763988794695595,-0.997471732522988,-0.09092794783573821,0.9841231756854657,0
-0.46546902347764374,0.9009088760241706,-1.179024470547907,-0.1573641288652653,-0.06640278899360229,-1.177851894974348,-0.09236184645987515,-0.3041918912684436,0.001192415045823164,-0.11162799739561437,-0.7394662468772634,0.286070666731554,-1.0161329645585022,0
-0.9738162891597597,-1.1099901739376037,-0.502969299721533,0.2018176900099432,-0.911310674287764,0.9048055324001227,-0.3298995900612411,-0.3041918912684436,0.7497694214527494,-0.6849837281165926,-0.4814607612315388,-0.8052411122790287,-1.0161329645585022,1
-0.8043672005990544,0.9009088760241706,0.8491410419312149,-0.15682718805266604,-0.23538436605243465,-1.177851894974348,-0.4090788379283631,-0.8828162337175963,-1.2979075915886182,-0.45564143582820127,-0.4814607612315388,0.12733440796637835,-1.0161329645585022,0
-0.8043672005990544,0.9009088760241706,0.8491410419312149,-0.14771498661532015,-0.911310674287764,-1.177851894974348,-1.121692068732461,0.853056793629862,-0.21364582894540246,-1.143668312693375,-0.997471732522988,0.305912699077201,0.9841231756854657,0
-0.8043672005990544,0.9009088760241706,-0.502969299721533,0.40133857902108394,-0.5733475201700994,0.9048055324001227,-0.3298995900612411,-1.461440576166749,-0.22707321919485376,-0.7996548742607882,-0.997471732522988,0.5837011519162584,0.9841231756854657,0
-0.8043672005990544,0.9009088760241706,-0.502969299721533,0.45473260512102587,-0.404365943111267,0.9048055324001227,-0.3298995900612411,1.4316811360790147,1.5352717510456675,-0.7996548742607882,-0.7394662468772634,-0.15045404487267908,0.9841231756854657,0
-0.9738162891597597,-1.1099901739376037,0.8491410419312149,0.016399393517953106,-0.911310674287764,0.9048055324001227,-0.3298995900612411,0.2744324511807092,1.327147202179168,-0.570312581972397,-0.997471732522988,0.028124246238143545,-1.0161329645585022,1
-0.8043672005990544,0.9009088760241706,0.8491410419312149,0.4652503280972345,-0.7423290972289317,0.9048055324001227,-0.3298995900612411,-0.8828162337175963,0.007906110170548816,-0.7996548742607882,-0.4814607612315388,-0.36871640067479566,0.9841231756854657,0
-0.8043672005990544,0.9009088760241706,-1.179024470547907,-0.14812558841319015,-0.7423290972289317,-1.177851894974348,-0.8841543251310949,-0.8828162337175963,-0.005521280078902488,-0.9143260204049839,-0.997471732522988,0.0479662785837905,0.9841231756854657,0
-0.9738162891597597,0.9009088760241706,0.8491410419312149,-0.15134723328878558,-0.911310674287764,-1.177851894974348,1.6495816066168083,-0.8828162337175963,0.1354663175403392,1.6084391947673204,-0.7394662468772634,-0.11076998018138517,0.9841231756854657,0
-0.9738162891597597,-1.1099901739376037,0.8491410419312149,-0.1452513758281001,-0.911310674287764,-1.177851894974348,-0.7495496037569875,-0.8828162337175963,-0.8447331706696268,-0.7996548742607882,-0.997471732522988,0.22654456969461315,0.9841231756854657,0
-0.634918112038349,0.9009088760241706,-0.502969299721533,0.26001259866959603,-0.911310674287764,0.9048055324001227,-0.3298995900612411,1.4316811360790147,1.9750187817152072,-0.6849837281165926,-0.4814607612315388,1.1988041546313142,-1.0161329645585022,1
-0.9738162891597597,-1.1099901739376037,-0.502969299721533,-0.14570935475649358,-0.911310674287764,-1.177851894974348,1.8475297262846133,1.4316811360790147,-1.3751150855229646,1.8377814870557112,-0.4814607612315388,-0.8647672093159696,0.9841231756854657,0
-0.634918112038349,-1.1099901739376037,0.8491410419312149,0.6537007609427262,-0.404365943111267,0.9048055324001227,-0.3298995900612411,0.2744324511807092,0.16232109803924238,-0.9143260204049839,-0.4814607612315388,-2.2537094735112566,0.9841231756854657,0
-0.8043672005990544,0.9009088760241706,-0.502969299721533,-0.14503028255232395,-0.911310674287764,-1.177851894974348,-0.12403354560672394,-0.8828162337175963,-1.173704231781191,-0.2262991435398101,-0.997471732522988,0.12733440796637835,0.9841231756854657,0
-0.8043672005990544,0.9009088760241706,0.8491410419312149,0.9365896072983193,-0.911310674287764,0.9048055324001227,-0.3298995900612411,-1.461440576166749,0.09182729922962125,-1.0289971665491795,-0.4814607612315388,-0.190138109563973,-1.0161329645585022,0
-0.2960199349169384,0.9009088760241706,-0.502969299721533,0.9621732577809889,-0.06640278899360229,0.9048055324001227,-0.3298995900612411,-0.3041918912684436,0.19588957366287124,-1.0289971665491795,-0.7394662468772634,0.3654387961141419,0.9841231756854657,0
-0.8043672005990544,0.9009088760241706,-0.502969299721533,0.9659950129765482,-0.911310674287764,0.9048055324001227,-0.3298995900612411,-0.8828162337175963,0.001192415045823164,-1.0289971665491795,-0.4814607612315388,1.3773824457421369,0.9841231756854657,0
-0.9738162891597597,0.9009088760241706,-0.502969299721533,-0.1512998561582621,-0.7423290972289317,-1.177851894974348,-1.121692068732461,1.4316811360790147,0.5114332445249834,-1.143668312693375,-0.7394662468772634,-0.051243883144444294,0.9841231756854657,0
-0.2960199349169384,-1.1099901739376037,-0.502969299721533,0.7997012848391957,-0.06640278899360229,0.9048055324001227,-0.3298995900612411,-1.461440576166749,1.934736610966852,-0.9143260204049839,-0.7394662468772634,1.1988041546313142,-1.0161329645585022,1
-0.634918112038349,-1.1099901739376037,0.8491410419312149,-0.14146120538622312,-0.404365943111267,-1.177851894974348,-1.1375279183058853,-0.3041918912684436,0.2965950005337584,-1.2583394588375707,-0.4814607612315388,0.4249648931510827,-1.0161329645585022,0
-0.46546902347764374,-1.1099901739376037,0.8491410419312149,1.1210919459335225,-0.5733475201700994,0.9048055324001227,-0.3298995900612411,-0.3041918912684436,0.5651428055227898,-1.0289971665491795,-0.4814607612315388,0.40512286080543575,-1.0161329645585022,0
-0.2960199349169384,0.9009088760241706,-1.179024470547907,-0.2655892873576942,-0.23538436605243465,-1.177851894974348,-0.4882580857954851,0.2744324511807092,1.5688402266692962,-0.45564143582820127,-0.4814607612315388,0.801963507718375,-1.0161329645585022,1
-0.8043672005990544,0.9009088760241706,0.8491410419312149,-0.1440827399418547,-0.911310674287764,-1.177851894974348,-0.3774071387815143,-1.461440576166749,0.001192415045823164,-0.45564143582820127,-0.997471732522988,0.10749237562073138,-1.0161329645585022,0
-0.2960199349169384,0.9009088760241706,1.5251962127575889,3.113347661575634,-0.23538436605243465,0.9048055324001227,-0.3298995900612411,-0.8828162337175963,-1.0092187012254088,-1.2583394588375707,-0.997471732522988,-0.15045404487267908,0.9841231756854657,0
-0.2960199349169384,0.9009088760241706,0.17308587110484092,-0.14964165658994094,-0.06640278899360229,-1.177851894974348,3.4390326084137652,0.2744324511807092,0.23617174441122635,3.4431775330744507,-0.7394662468772634,1.1988041546313142,0.9841231756854657,0
-0.2960199349169384,-1.1099901739376037,1.5251962127575889,-0.30063257156821516,-0.5733475201700994,0.9048055324001227,-0.325940627667885,-0.8828162337175963,0.16232109803924238,-0.2262991435398101,-0.997471732522988,-0.051243883144444294,0.9841231756854657,0
-0.634918112038349,0.9009088760241706,1.5251962127575889,-0.8621147377786075,-0.911310674287764,0.9048055324001227,-0.32198166527452887,1.4316811360790147,1.2700807936189982,1.8377814870557112,-0.4814607612315388,-0.190138109563973,-1.0161329645585022,1
-0.46546902347764374,0.9009088760241706,-0.502969299721533,-0.14469864263865972,-0.7423290972289317,-1.177851894974348,-0.3774071387815143,-1.461440576166749,0.23617174441122635,-0.45564143582820127,-0.7394662468772634,-0.9639773710442044,0.9841231756854657,0
-0.634918112038349,0.9009088760241706,-1.179024470547907,-0.14405115518817238,-0.911310674287764,-1.177851894974348,0.9686400749595594,-1.461440576166749,-1.0427871768490378,0.9204123179021463,-0.7394662468772634,-0.011559818453150373,0.9841231756854657,0
-0.634918112038349,0.9009088760241706,-1.179024470547907,-0.1512366866508975,-0.911310674287764,-1.177851894974348,0.22435514500861276,-0.8828162337175963,1.934736610966852,0.23238544103697253,-0.4814607612315388,-0.03140185079879733,-1.0161329645585022,0
-0.9738162891597597,-1.1099901739376037,-0.502969299721533,0.07811600221318327,-0.911310674287764,0.9048055324001227,-0.32198166527452887,1.4316811360790147,-1.173704231781191,-0.570312581972397,-0.997471732522988,1.4567505751247247,0.9841231756854657,0
-0.2960199349169384,0.9009088760241706,-1.179024470547907,-0.1655761648226654,-0.06640278899360229,0.9048055324001227,-0.32198166527452887,0.2744324511807092,-0.34120603631519225,-0.34097028968400567,-0.7394662468772634,1.0400678958661385,-1.0161329645585022,1
-0.634918112038349,-1.1099901739376037,-1.179024470547907,-0.1508892543603921,-0.404365943111267,-1.177851894974348,0.8577891279455886,0.853056793629862,0.001192415045823164,0.8057411717579506,-0.4814607612315388,0.16701847265767225,-1.0161329645585022,0
-0.46546902347764374,0.9009088760241706,-0.502969299721533,-0.2265979089368848,-0.7423290972289317,0.9048055324001227,-0.3180227028811728,-0.3041918912684436,-1.3482603050240614,-0.2262991435398101,-0.4814607612315388,0.18686050500331922,-1.0161329645585022,0
-0.9738162891597597,-1.1099901739376037,-1.179024470547907,-0.15071553821513942,-0.404365943111267,0.21058638994196582,1.6495816066168083,0.2744324511807092,0.3301634761573873,1.6084391947673204,-0.4814607612315388,-0.40840046536608954,0.9841231756854657,0
-0.2960199349169384,-1.1099901739376037,1.5251962127575889,-0.1456619776259701,0.10257878806523006,-1.177851894974348,0.3193702424491591,1.4316811360790147,0.3301634761573873,0.23238544103697253,-0.7394662468772634,-0.03140185079879733,0.9841231756854657,0
-0.9738162891597597,-1.1099901739376037,1.5251962127575889,-0.25685610296453604,-0.5733475201700994,-1.177851894974348,0.8300763911920959,-1.461440576166749,1.5486991412951188,1.035083464046342,-0.7394662468772634,-0.9838194033898514,-1.0161329645585022,1
-0.46546902347764374,0.9009088760241706,0.8491410419312149,-0.4592669969376079,0.10257878806523006,0.9048055324001227,-0.3140637404878167,0.2744324511807092,0.03811773823181484,0.1177142948927768,-0.7394662468772634,-1.0433455004267922,0.9841231756854657,0
-0.46546902347764374,0.9009088760241706,0.8491410419312149,-0.5086655516967379,-0.23538436605243465,0.9048055324001227,-0.3140637404878167,0.2744324511807092,0.6154955189582334,0.23238544103697253,-0.7394662468772634,-1.102871597463733,-1.0161329645585022,1
-0.9738162891597597,0.9009088760241706,-1.179024470547907,-0.31374024434637304,-0.911310674287764,0.9048055324001227,-0.3140637404878167,-0.8828162337175963,1.5486991412951188,-0.11162799739561437,-0.4814607612315388,-0.24966420660091387,-1.0161329645585022,1
-0.46546902347764374,-1.1099901739376037,-0.502969299721533,-0.10804453599034108,-0.5733475201700994,0.9048055324001227,-0.3140637404878167,-0.3041918912684436,0.4040141225293712,-0.45564143582820127,-0.4814607612315388,1.0400678958661385,0.9841231756854657,0
-0.2960199349169384,0.9009088760241706,0.8491410419312149,0.021216068454505105,-0.5733475201700994,0.9048055324001227,-0.3140637404878167,1.4316811360790147,-0.33784918875282943,-0.570312581972397,-0.4814607612315388,-1.3608180179571436,0.9841231756854657,0
-0.634918112038349,-1.1099901739376037,0.8491410419312149,-0.152515869175031,-0.7423290972289317,-1.177851894974348,-0.4090788379283631,-1.461440576166749,-1.3482603050240614,-0.45564143582820127,-0.4814607612315388,-0.4282424977117365,0.9841231756854657,0
-0.46546902347764374,-1.1099901739376037,-1.179024470547907,-0.07878126170368256,-0.5733475201700994,0.9048055324001227,-0.3140637404878167,1.4316811360790147,0.7464125738903866,-0.45564143582820127,-0.4814607612315388,0.14717644031202531,-1.0161329645585022,1
-0.2960199349169384,0.9009088760241706,0.8491410419312149,-0.15428461538124025,-0.23538436605243465,-1.177851894974348,0.06599664927436881,0.853056793629862,0.001192415045823164,0.003043148748581378,-0.4814607612315388,-1.9759210206721993,0.9841231756854657,0
-0.634918112038349,0.9009088760241706,1.5251962127575889,-0.1475886476005909,-0.404365943111267,-1.177851894974348,-0.5674373336626071,-0.3041918912684436,-1.8752853723150364,-0.570312581972397,-0.4814607612315388,0.0479662785837905,0.9841231756854657,0
-0.634918112038349,-1.1099901739376037,1.5251962127575889,-0.14880466061735978,-0.7423290972289317,-1.177851894974348,-1.042512820865339,-1.461440576166749,-1.8752853723150364,-1.143668312693375,-0.4814607612315388,0.6035431842619053,0.9841231756854657,0
-1.143265377720465,0.9009088760241706,-1.179024470547907,-0.14757285522374974,-0.911310674287764,-1.177851894974348,-0.804975077263973,-0.8828162337175963,-1.371758237960602,-0.9143260204049839,-0.4814607612315388,0.10749237562073138,-1.0161329645585022,0
-0.634918112038349,0.9009088760241706,-0.502969299721533,0.20737660665802946,-0.404365943111267,0.9048055324001227,-0.3140637404878167,-0.3041918912684436,0.5382880250238866,-0.6849837281165926,-0.997471732522988,0.22654456969461315,-1.0161329645585022,0
-0.8043672005990544,0.9009088760241706,0.8491410419312149,-0.1680555679867266,-0.911310674287764,0.9048055324001227,-0.3061458157011045,1.4316811360790147,0.23617174441122635,-0.34097028968400567,-0.4814607612315388,0.3654387961141419,-1.0161329645585022,0
-0.2960199349169384,-1.1099901739376037,-0.502969299721533,-0.14596203278595204,-0.23538436605243465,-1.177851894974348,-1.042512820865339,0.853056793629862,-1.371758237960602,-1.143668312693375,-0.4814607612315388,-0.03140185079879733,-1.0161329645585022,0
-0.46546902347764374,0.9009088760241706,1.5251962127575889,-0.011947922911918474,-0.7423290972289317,0.9048055324001227,-0.3021868533077484,0.853056793629862,1.451350561986595,-0.45564143582820127,-0.7394662468772634,0.16701847265767225,-1.0161329645585022,0
-0.9738162891597597,-1.1099901739376037,-1.179024470547907,-0.8011719555485939,-0.911310674287764,0.9048055324001227,-0.2982278909143923,-0.8828162337175963,-1.6839450612603513,1.379096902478929,-0.997471732522988,-0.8846092416616166,-1.0161329645585022,1
-0.634918112038349,-1.1099901739376037,-0.502969299721533,-0.25933550612859724,0.10257878806523006,-1.177851894974348,-0.7257958293968509,-0.8828162337175963,1.4345663241747801,-0.6849837281165926,-0.4814607612315388,-1.0235034680811452,-1.0161329645585022,1
-0.46546902347764374,0.9009088760241706,-1.179024470547907,-0.790117291759786,0.2715603651240624,0.9048055324001227,-0.2982278909143923,0.853056793629862,-0.707102420612748,1.379096902478929,-0.7394662468772634,1.1392780575943733,-1.0161329645585022,1
-0.634918112038349,0.9009088760241706,0.8491410419312149,-0.149546902328894,-0.5733475201700994,-1.177851894974348,-0.2507203421941191,-0.8828162337175963,0.8135495251376443,-0.34097028968400567,-0.4814607612315388,0.7622794430270811,-1.0161329645585022,0
-0.9738162891597597,-1.1099901739376037,1.5251962127575889,-0.14803083415214321,-0.911310674287764,-1.177851894974348,-0.8841543251310949,1.4316811360790147,-1.2475548781531747,-0.9143260204049839,-0.7394662468772634,-1.0235034680811452,0.9841231756854657,0
-0.8043672005990544,0.9009088760241706,1.5251962127575889,-0.6818763408905159,-0.23538436605243465,0.9048055324001227,-0.2982278909143923,0.853056793629862,1.934736610966852,0.8057411717579506,-0.4814607612315388,0.286070666731554,-1.0161329645585022,1
-0.9738162891597597,-1.1099901739376037,1.5251962127575889,-0.14754127047006746,-0.911310674287764,0.21058638994196582,0.06599664927436881,-0.8828162337175963,1.2835081838684501,0.003043148748581378,-0.997471732522988,-0.011559818453150373,0.9841231756854657,0
-0.9738162891597597,0.9009088760241706,0.8491410419312149,-0.14921526241522978,-0.911310674287764,-1.177851894974348,0.23227306979532497,0.2744324511807092,-1.4993184453303918,0.23238544103697253,-0.4814607612315388,0.2463866020402601,-1.0161329645585022,0
-0.46546902347764374,-1.1099901739376037,1.5251962127575889,-0.1459778251627932,-0.911310674287764,-1.177851894974348,-0.17154109432699713,0.2744324511807092,-1.2979075915886182,-0.2262991435398101,-0.7394662468772634,0.7424374106814341,0.9841231756854657,0
-0.634918112038349,-1.1099901739376037,-1.179024470547907,0.5770129790020819,-0.5733475201700994,0.9048055324001227,-0.2982278909143923,-0.8828162337175963,0.5114332445249834,-0.7996548742607882,-0.4814607612315388,0.2463866020402601,-1.0161329645585022,0
-0.9738162891597597,-1.1099901739376037,0.8491410419312149,-0.869552947270791,-0.911310674287764,0.9048055324001227,-0.2903099661276801,-0.8828162337175963,1.2835081838684501,1.952452633199907,-0.7394662468772634,-0.9838194033898514,-1.0161329645585022,1
-0.9738162891597597,0.9009088760241706,0.8491410419312149,-0.8124003354826544,-0.911310674287764,0.9048055324001227,-0.2903099661276801,-0.8828162337175963,0.001192415045823164,1.4937680486231246,-0.4814607612315388,-1.0036614357354983,-1.0161329645585022,1
-0.634918112038349,-1.1099901739376037,-1.179024470547907,-0.7903699697892445,-0.911310674287764,0.9048055324001227,-0.2903099661276801,-0.3041918912684436,2.102578989084997,1.379096902478929,-0.7394662468772634,0.5638591195706114,-1.0161329645585022,1
-0.8043672005990544,0.9009088760241706,-1.179024470547907,-0.14424066371026625,-0.911310674287764,-1.177851894974348,-0.2507203421941191,1.4316811360790147,0.8739727812601764,-0.34097028968400567,-0.7394662468772634,0.08765034327508442,0.9841231756854657,0
-0.2960199349169384,0.9009088760241706,-0.502969299721533,-0.7862639518105444,-0.911310674287764,0.9048055324001227,-0.2903099661276801,-1.461440576166749,1.1223795008750308,1.379096902478929,-0.7394662468772634,0.46464895784237664,-1.0161329645585022,1
-0.8043672005990544,-1.1099901739376037,0.8491410419312149,-0.15052602969304557,-0.404365943111267,0.21058638994196582,-0.5040939353689095,0.2744324511807092,0.830333762949459,-0.570312581972397,-0.7394662468772634,0.6035431842619053,-1.0161329645585022,0
-1.143265377720465,0.9009088760241706,0.8491410419312149,-0.7497677689306373,-0.5733475201700994,0.9048055324001227,-0.2903099661276801,0.2744324511807092,1.9112386780303117,1.1497546101905376,-0.997471732522988,0.6035431842619053,-1.0161329645585022,1
-0.46546902347764374,-1.1099901739376037,0.8491410419312149,-0.14882045299420094,-0.7423290972289317,-1.177851894974348,1.2536853672811985,-0.3041918912684436,0.7061304031420315,1.2644257563347332,-0.4814607612315388,-0.13061201252703214,0.9841231756854657,0
-1.143265377720465,0.9009088760241706,-1.179024470547907,-0.7548687066503301,-0.911310674287764,0.9048055324001227,-0.2903099661276801,-0.8828162337175963,0.7229146409538463,1.1497546101905376,-0.7394662468772634,-2.075131182400434,0.9841231756854657,0
-0.8043672005990544,-1.1099901739376037,-1.179024470547907,-0.1520263054929552,-0.7423290972289317,0.21058638994196582,0.8577891279455886,0.2744324511807092,-0.25392799969375696,0.8057411717579506,-0.7394662468772634,-0.09092794783573821,0.9841231756854657,0
-0.2960199349169384,-1.1099901739376037,0.8491410419312149,-0.14774657136900246,-0.5733475201700994,-1.177851894974348,-0.7257958293968509,1.4316811360790147,-0.12972463988633004,-0.7996548742607882,-0.997471732522988,0.7424374106814341,0.9841231756854657,0
-0.8043672005990544,-1.1099901739376037,-1.179024470547907,-0.1479360798910963,-0.7423290972289317,-1.177851894974348,-0.7257958293968509,-1.461440576166749,-1.2979075915886182,-0.7996548742607882,-0.997471732522988,-0.24966420660091387,0.9841231756854657,0
-0.2960199349169384,-1.1099901739376037,1.5251962127575889,-0.6842925745472125,0.2715603651240624,0.9048055324001227,-0.2903099661276801,0.2744324511807092,-0.4654093961226198,0.8057411717579506,-0.4814607612315388,1.5162766721616654,-1.0161329645585022,0
-0.634918112038349,-1.1099901739376037,-1.179024470547907,-0.6748329408193612,-0.5733475201700994,0.9048055324001227,-0.2903099661276801,-0.8828162337175963,0.001192415045823164,0.8057411717579506,-0.997471732522988,-0.8647672093159696,0.9841231756854657,0
-0.634918112038349,-1.1099901739376037,1.5251962127575889,-0.6141428366188061,-0.5733475201700994,0.9048055324001227,-0.2903099661276801,1.4316811360790147,0.001192415045823164,0.5763988794695595,-0.997471732522988,1.3972244780877838,-1.0161329645585022,1
-0.8043672005990544,-1.1099901739376037,-0.502969299721533,-0.696136857178078,-0.23538436605243465,0.9048055324001227,-0.2903099661276801,0.2744324511807092,1.2029438423717405,0.9204123179021463,-0.7394662468772634,-0.7258729828964409,-1.0161329645585022,1
-0.8043672005990544,-1.1099901739376037,-0.502969299721533,-0.1550900266001391,-0.911310674287764,-1.177851894974348,0.0026532509806712224,-0.8828162337175963,-1.173704231781191,0.003043148748581378,-0.7394662468772634,0.286070666731554,-1.0161329645585022,0
-0.46546902347764374,0.9009088760241706,0.8491410419312149,-0.15381084407600562,-0.911310674287764,-1.177851894974348,0.12934004756806639,0.2744324511807092,0.3939435798422821,0.1177142948927768,-0.997471732522988,-0.6465048535138531,0.9841231756854657,0
-0.9738162891597597,-1.1099901739376037,-1.179024470547907,-0.2612779684800592,-0.911310674287764,-1.177851894974348,-0.5674373336626071,1.4316811360790147,0.001192415045823164,-0.570312581972397,-0.7394662468772634,0.7027533459901402,-1.0161329645585022,1
-0.8043672005990544,-1.1099901739376037,-0.502969299721533,-0.25587697560038447,-0.911310674287764,-1.177851894974348,-0.7257958293968509,0.853056793629862,0.15896425047687956,-0.6849837281165926,-0.997471732522988,-0.11076998018138517,-1.0161329645585022,1
-0.9738162891597597,-1.1099901739376037,1.5251962127575889,-0.3403346069468765,-0.911310674287764,0.9048055324001227,-0.2903099661276801,0.853056793629862,-1.0964967378468442,-0.11162799739561437,-0.997471732522988,0.46464895784237664,-1.0161329645585022,0
-0.46546902347764374,0.9009088760241706,-0.502969299721533,-0.31721456725142694,-0.7423290972289317,0.9048055324001227,-0.2903099661276801,0.2744324511807092,-0.46205254856025635,-0.11162799739561437,-0.4814607612315388,0.9011736694466097,-1.0161329645585022,0
-0.46546902347764374,0.9009088760241706,1.5251962127575889,0.645283424086391,-0.7423290972289317,0.9048055324001227,-0.2903099661276801,0.853056793629862,-0.34120603631519225,-0.9143260204049839,-0.4814607612315388,-0.8250831446246757,-1.0161329645585022,1
-0.634918112038349,-1.1099901739376037,-0.502969299721533,-0.14351421437557316,-0.911310674287764,-1.177851894974348,-1.1691996174527342,-1.461440576166749,-1.2106295549671826,-1.2583394588375707,-0.7394662468772634,-0.26950623894656084,0.9841231756854657,0
-0.9738162891597597,-1.1099901739376037,0.8491410419312149,-0.6222917030688415,-0.911310674287764,0.9048055324001227,-0.2823920413409679,-1.461440576166749,-0.005521280078902488,0.5763988794695595,-0.7394662468772634,-0.7060309505507939,0.9841231756854657,0
-0.634918112038349,-1.1099901739376037,0.8491410419312149,-0.14900996151629478,-0.911310674287764,-1.177851894974348,-0.963333572998217,-0.3041918912684436,-1.1166378232210217,-1.0289971665491795,-0.997471732522988,0.20670253734896618,-1.0161329645585022,0
-0.8043672005990544,-1.1099901739376037,-0.502969299721533,-0.6229233981424878,-0.7423290972289317,0.9048055324001227,-0.2823920413409679,0.853056793629862,-0.018948670328354386,0.5763988794695595,-0.997471732522988,0.286070666731554,-1.0161329645585022,1
-0.634918112038349,-1.1099901739376037,0.8491410419312149,-0.6115213020631745,-0.06640278899360229,0.9048055324001227,-0.2823920413409679,0.853056793629862,1.8407448792206904,0.5763988794695595,-0.4814607612315388,0.32575473142284794,-1.0161329645585022,1
-0.46546902347764374,0.9009088760241706,-0.502969299721533,-0.149752203227829,-0.23538436605243465,-1.177851894974348,1.1745061194140765,0.2744324511807092,-0.018948670328354386,1.1497546101905376,-0.4814607612315388,0.18686050500331922,0.9841231756854657,0
-0.9738162891597597,0.9009088760241706,0.8491410419312149,-0.14705170678799168,-0.911310674287764,0.21058638994196582,-0.804975077263973,-0.8828162337175963,0.7229146409538463,-0.9143260204049839,-0.997471732522988,-1.5195542767223194,0.9841231756854657,0
-1.143265377720465,0.9009088760241706,-0.502969299721533,-0.6000560364764966,-0.911310674287764,0.9048055324001227,-0.2823920413409679,-1.461440576166749,0.9343960373827085,0.5763988794695595,-0.997471732522988,-0.40840046536608954,-1.0161329645585022,1
-0.2960199349169384,0.9009088760241706,-0.502969299721533,-0.5553794023928716,-0.06640278899360229,0.9048055324001227,-0.2823920413409679,1.4316811360790147,1.0955247203761276,0.3470565871811683,-0.997471732522988,0.9408577341379036,0.9841231756854657,0
-0.8043672005990544,-1.1099901739376037,0.8491410419312149,-0.14888362250156553,-0.911310674287764,-0.4836327525161911,1.0161476236798326,1.4316811360790147,0.4040141225293712,1.035083464046342,-0.4814607612315388,-0.13061201252703214,-1.0161329645585022,0
-0.9738162891597597,-1.1099901739376037,0.8491410419312149,-0.15060499157725135,-0.404365943111267,-0.4836327525161911,0.8577891279455886,-1.461440576166749,0.9343960373827085,0.8057411717579506,-0.4814607612315388,0.7225953783357871,-1.0161329645585022,0
-0.2960199349169384,-1.1099901739376037,-0.502969299721533,-0.5200360630223688,-0.7423290972289317,0.9048055324001227,-0.2823920413409679,1.4316811360790147,0.5114332445249834,0.3470565871811683,-0.4814607612315388,0.6829113136444932,0.9841231756854657,0
-0.2960199349169384,-1.1099901739376037,-0.502969299721533,-0.1479992493984609,-0.7423290972289317,-1.177851894974348,0.38271364074285674,0.2744324511807092,0.7229146409538463,0.3470565871811683,-0.4814607612315388,0.8614896047553159,0.9841231756854657,0
-0.634918112038349,-1.1099901739376037,0.8491410419312149,-0.48598769855284063,-0.5733475201700994,0.9048055324001227,-0.2823920413409679,0.2744324511807092,0.001192415045823164,0.23238544103697253,-0.997471732522988,1.0599099282117854,0.9841231756854657,0
-0.46546902347764374,0.9009088760241706,0.8491410419312149,-0.14510924443652973,-0.911310674287764,-1.177851894974348,-1.0821024447988998,0.853056793629862,0.622209214082959,-1.143668312693375,-0.4814607612315388,-0.36871640067479566,0.9841231756854657,0
-0.46546902347764374,-1.1099901739376037,0.8491410419312149,-0.1431194049545443,-0.7423290972289317,-1.177851894974348,0.06599664927436881,-0.3041918912684436,0.7497694214527494,0.003043148748581378,-0.4814607612315388,-2.114815247091728,0.9841231756854657,0
-0.9738162891597597,-1.1099901739376037,1.5251962127575889,-0.2575193827918645,-0.911310674287764,-1.177851894974348,0.06599664927436881,-0.8828162337175963,0.9612508178816116,0.23238544103697253,-0.997471732522988,0.6432272489531993,-1.0161329645585022,1
-0.46546902347764374,0.9009088760241706,-1.179024470547907,-0.4300826845351552,-0.06640278899360229,0.9048055324001227,-0.2823920413409679,1.4316811360790147,-1.2979075915886182,0.1177142948927768,-0.7394662468772634,-0.11076998018138517,0.9841231756854657,0
-0.46546902347764374,0.9009088760241706,0.8491410419312149,-0.14220344709775737,-0.5733475201700994,-1.177851894974348,-1.0187590465052023,-0.8828162337175963,-1.623521805137819,-1.143668312693375,-0.4814607612315388,0.06780831092943747,0.9841231756854657,0
-0.2960199349169384,0.9009088760241706,0.8491410419312149,-0.42482382304705085,0.10257878806523006,0.9048055324001227,-0.2823920413409679,0.2744324511807092,-1.0495008719737637,0.1177142948927768,-0.997471732522988,-0.44808453005738347,0.9841231756854657,0
-0.8043672005990544,-1.1099901739376037,0.8491410419312149,-0.41492200276764724,-0.911310674287764,0.9048055324001227,-0.2823920413409679,-0.8828162337175963,1.5486991412951188,0.1177142948927768,-0.7394662468772634,-0.09092794783573821,0.9841231756854657,0
-0.8043672005990544,0.9009088760241706,0.8491410419312149,-0.3978504434023597,-0.911310674287764,0.9048055324001227,-0.2823920413409679,-1.461440576166749,0.5651428055227898,0.003043148748581378,-0.4814607612315388,0.6829113136444932,0.9841231756854657,0
-0.634918112038349,-1.1099901739376037,-0.502969299721533,-0.392038848724815,-0.5733475201700994,0.9048055324001227,-0.2823920413409679,0.853056793629862,-1.173704231781191,0.003043148748581378,-0.7394662468772634,-0.44808453005738347,0.9841231756854657,0
-0.634918112038349,0.9009088760241706,0.8491410419312149,-0.22602938337060324,-0.911310674287764,0.9048055324001227,-0.2823920413409679,-1.461440576166749,-1.0427871768490378,-0.2262991435398101,-0.4814607612315388,0.7027533459901402,0.9841231756854657,0
-0.2960199349169384,0.9009088760241706,-1.179024470547907,-0.14354579912925547,-0.5733475201700994,-1.177851894974348,-0.5674373336626071,1.4316811360790147,-0.25392799969375696,-0.6849837281165926,-0.997471732522988,0.32575473142284794,-1.0161329645585022,0
-0.634918112038349,0.9009088760241706,0.8491410419312149,-0.3216522251437912,-0.7423290972289317,0.9048055324001227,-0.2823920413409679,1.4316811360790147,1.5486991412951188,-0.11162799739561437,-0.997471732522988,-2.075131182400434,-1.0161329645585022,1
-0.46546902347764374,0.9009088760241706,-0.502969299721533,-0.12505292584826402,-0.911310674287764,0.9048055324001227,-0.2823920413409679,1.4316811360790147,0.4040141225293712,-0.34097028968400567,-0.997471732522988,-1.4203441149940845,0.9841231756854657,0
-0.9738162891597597,0.9009088760241706,-1.179024470547907,-0.10877098532503417,-0.911310674287764,0.9048055324001227,-0.2823920413409679,1.4316811360790147,1.4110683912382405,-0.34097028968400567,-0.4814607612315388,0.2463866020402601,-1.0161329645585022,0
-0.9738162891597597,-1.1099901739376037,-1.179024470547907,-0.14155595964727005,-0.7423290972289317,-1.177851894974348,0.06599664927436881,-0.8828162337175963,0.5114332445249834,0.003043148748581378,-0.997471732522988,-1.3012919209202027,0.9841231756854657,0
-0.8043672005990544,0.9009088760241706,0.8491410419312149,-0.1400240990936781,-0.911310674287764,-1.177851894974348,0.5410721364771007,-1.461440576166749,0.001192415045823164,0.4617277333253637,-0.997471732522988,0.028124246238143545,0.9841231756854657,0
-0.8043672005990544,0.9009088760241706,1.5251962127575889,-0.12754812138916638,-0.7423290972289317,0.9048055324001227,-0.2823920413409679,-1.461440576166749,1.6729025011025462,-0.34097028968400567,-0.7394662468772634,-0.07108591549009124,-1.0161329645585022,1
-0.2960199349169384,0.9009088760241706,-1.179024470547907,0.23780851683093338,-0.404365943111267,0.9048055324001227,-0.2823920413409679,1.4316811360790147,1.934736610966852,-0.6849837281165926,-0.7394662468772634,-1.658448503141848,0.9841231756854657,0
-0.8043672005990544,-1.1099901739376037,0.8491410419312149,0.27709995041172475,-0.911310674287764,0.9048055324001227,-0.2823920413409679,1.4316811360790147,-0.34120603631519225,-0.6849837281165926,-0.997471732522988,0.7225953783357871,0.9841231756854657,0
-0.2960199349169384,-1.1099901739376037,0.8491410419312149,0.3807769043739013,0.4405419421828948,0.9048055324001227,-0.2823920413409679,0.2744324511807092,0.27645391515958084,-0.7996548742607882,-0.7394662468772634,1.3972244780877838,0.9841231756854657,0
-1.143265377720465,-1.1099901739376037,-0.502969299721533,0.6488840860061742,-0.911310674287764,0.9048055324001227,-0.2823920413409679,-1.461440576166749,-1.0495008719737637,-0.9143260204049839,-0.997471732522988,0.18686050500331922,0.9841231756854657,0
-0.634918112038349,-1.1099901739376037,-1.179024470547907,-0.7471620267518468,-0.23538436605243465,0.9048055324001227,-0.2744741165542557,0.2744324511807092,-0.3512765790022807,1.1497546101905376,-0.997471732522988,0.6829113136444932,-1.0161329645585022,0
-0.9738162891597597,-1.1099901739376037,1.5251962127575889,-0.6419216274823961,-0.404365943111267,0.9048055324001227,-0.2705151541608996,0.853056793629862,1.3103629643673533,0.6910700256137552,-0.997471732522988,0.6829113136444932,-1.0161329645585022,1
-0.8043672005990544,0.9009088760241706,0.8491410419312149,-0.137655242567505,-0.911310674287764,-1.177851894974348,-0.8841543251310949,0.2744324511807092,-1.0092187012254088,-0.9143260204049839,-0.997471732522988,-1.0235034680811452,0.9841231756854657,0
-0.46546902347764374,0.9009088760241706,1.5251962127575889,-0.13285436000779416,-0.06640278899360229,-1.177851894974348,-0.7257958293968509,-1.461440576166749,-0.1397951825734185,-0.7996548742607882,-0.4814607612315388,-0.8449251769703227,0.9841231756854657,0
-0.8043672005990544,-1.1099901739376037,1.5251962127575889,-0.13144883846893143,-0.7423290972289317,-1.177851894974348,-0.2507203421941191,0.2744324511807092,0.4040141225293712,-0.34097028968400567,-0.7394662468772634,1.794065125000723,0.9841231756854657,0
-0.8043672005990544,-1.1099901739376037,-1.179024470547907,-0.13326496180566416,-0.5733475201700994,-1.177851894974348,-0.2823920413409679,0.853056793629862,-1.0427871768490378,-0.34097028968400567,-0.4814607612315388,-0.9242933063529105,-1.0161329645585022,0
-0.9738162891597597,0.9009088760241706,-1.179024470547907,-0.7096709241309471,-0.911310674287764,0.9048055324001227,-0.2665561917675435,1.4316811360790147,-0.34120603631519225,1.035083464046342,-0.997471732522988,-0.07108591549009124,0.9841231756854657,0
-0.9738162891597597,-1.1099901739376037,-1.179024470547907,-0.13683403897176497,-0.7423290972289317,-1.177851894974348,0.38271364074285674,-0.8828162337175963,-1.6705176710108995,0.3470565871811683,-0.4814607612315388,-1.0631875327724392,0.9841231756854657,0
-0.9738162891597597,-1.1099901739376037,-1.179024470547907,-0.2467805665398797,-0.911310674287764,-1.177851894974348,1.5228948100294133,-1.461440576166749,2.0992221415226346,1.8377814870557112,-0.4814607612315388,0.8416475724096689,-1.0161329645585022,1
-0.8043672005990544,-1.1099901739376037,1.5251962127575889,-0.6806129507432236,-0.404365943111267,0.9048055324001227,-0.2625972293741874,-1.461440576166749,1.4312094766124175,0.9204123179021463,-0.4814607612315388,0.5440170872249644,-1.0161329645585022,0
-0.2960199349169384,-1.1099901739376037,-1.179024470547907,-0.2500180037923163,-0.06640278899360229,-1.177851894974348,-1.042512820865339,-0.3041918912684436,-0.018948670328354386,-1.0289971665491795,-0.4814607612315388,0.8416475724096689,-1.0161329645585022,1
-0.46546902347764374,0.9009088760241706,0.8491410419312149,-0.13144883846893143,-0.7423290972289317,-1.177851894974348,-0.5674373336626071,-0.3041918912684436,1.451350561986595,-0.6849837281165926,-0.7394662468772634,0.7027533459901402,0.9841231756854657,0
-1.143265377720465,-1.1099901739376037,-1.179024470547907,-0.28700375035429915,-0.911310674287764,0.9048055324001227,-0.2586382669808313,1.4316811360790147,-0.005521280078902488,-0.11162799739561437,-0.7394662468772634,-1.12271362980938,-1.0161329645585022,0
-0.9738162891597597,0.9009088760241706,0.8491410419312149,-0.1363128905360069,-0.911310674287764,-1.177851894974348,-0.7099599798234266,-0.8828162337175963,-0.005521280078902488,-0.7996548742607882,-0.4814607612315388,-2.0552891500547874,-1.0161329645585022,0
-0.9738162891597597,0.9009088760241706,-1.179024470547907,-0.9710663456057295,-0.911310674287764,0.9048055324001227,-0.2507203421941191,-0.3041918912684436,-0.34120603631519225,3.328506386930255,-0.4814607612315388,-0.46792656240303043,-1.0161329645585022,1
-1.143265377720465,-1.1099901739376037,-0.502969299721533,-0.9472040641987457,-0.911310674287764,0.9048055324001227,-0.2507203421941191,-0.3041918912684436,-1.173704231781191,2.984492948497668,-0.4814607612315388,0.8416475724096689,-1.0161329645585022,1
-0.634918112038349,0.9009088760241706,-1.179024470547907,-0.9486885476218142,-0.7423290972289317,0.9048055324001227,-0.2507203421941191,-0.3041918912684436,0.860545391010725,2.984492948497668,-0.997471732522988,0.8416475724096689,-1.0161329645585022,1
-1.143265377720465,0.9009088760241706,-1.179024470547907,-0.12699538819972597,-0.911310674287764,-1.177851894974348,2.4413740852880284,-0.8828162337175963,1.0351014642535956,2.411137217776689,-0.997471732522988,-1.12271362980938,0.9841231756854657,0
-0.9738162891597597,-1.1099901739376037,-1.179024470547907,-0.8796126913186062,-0.911310674287764,0.9048055324001227,-0.2507203421941191,-0.3041918912684436,1.7736079279734327,2.1817949254882985,-0.7394662468772634,0.6035431842619053,-1.0161329645585022,1
-0.9738162891597597,-1.1099901739376037,0.8491410419312149,-0.13151200797629606,-0.911310674287764,-1.177851894974348,-0.013182598592753173,0.853056793629862,-1.4254677989584081,-0.11162799739561437,-0.7394662468772634,-1.142555662155027,-1.0161329645585022,0
-0.634918112038349,-1.1099901739376037,-1.179024470547907,-0.8797548227101766,-0.911310674287764,0.9048055324001227,-0.2507203421941191,-0.3041918912684436,0.8739727812601764,2.1817949254882985,-0.7394662468772634,0.6233852166075523,-1.0161329645585022,1
-0.2960199349169384,0.9009088760241706,1.5251962127575889,-0.12789555367967176,-0.911310674287764,-1.177851894974348,-0.5040939353689095,0.853056793629862,-0.7977373047965461,-0.570312581972397,-0.7394662468772634,0.8813316371009629,0.9841231756854657,0
-0.9738162891597597,-1.1099901739376037,-1.179024470547907,-0.8689686293276684,-0.404365943111267,0.9048055324001227,-0.2507203421941191,0.2744324511807092,0.001192415045823164,2.0671237793441026,-0.4814607612315388,0.4844909901880236,-1.0161329645585022,1
-1.143265377720465,-1.1099901739376037,-1.179024470547907,-0.1262689388650329,-0.911310674287764,-1.177851894974348,-1.042512820865339,0.2744324511807092,-1.173704231781191,-1.143668312693375,-0.4814607612315388,-0.24966420660091387,0.9841231756854657,0
-0.634918112038349,-1.1099901739376037,0.8491410419312149,-0.871700710521188,-0.5733475201700994,0.9048055324001227,-0.2507203421941191,-0.8828162337175963,-0.005521280078902488,2.0671237793441026,-0.4814607612315388,0.8813316371009629,-1.0161329645585022,1
-1.143265377720465,0.9009088760241706,-1.179024470547907,-0.8697266634160438,-0.404365943111267,0.9048055324001227,-0.2507203421941191,0.2744324511807092,0.4040141225293712,2.0671237793441026,-0.4814607612315388,1.238488219322608,-1.0161329645585022,1
-0.9738162891597597,0.9009088760241706,1.5251962127575889,-0.1262689388650329,-0.911310674287764,-1.177851894974348,-0.5674373336626071,0.2744324511807092,0.001192415045823164,-0.6849837281165926,-0.997471732522988,0.9210157017922567,0.9841231756854657,0
-0.2960199349169384,-1.1099901739376037,-1.179024470547907,-0.12926949046485217,-0.404365943111267,-1.177851894974348,-0.5674373336626071,0.853056793629862,-1.173704231781191,-0.6849837281165926,-0.4814607612315388,-1.3211339532658497,0.9841231756854657,0
-0.634918112038349,-1.1099901739376037,-1.179024470547907,-0.8580560969304308,-0.23538436605243465,0.9048055324001227,-0.2507203421941191,0.2744324511807092,0.4711510737766289,1.952452633199907,-0.4814607612315388,-0.11076998018138517,-1.0161329645585022,1
-0.8043672005990544,-1.1099901739376037,-1.179024470547907,-0.1299169779153395,-0.5733475201700994,-1.177851894974348,-0.9474977234247925,0.853056793629862,-1.173704231781191,-1.0289971665491795,-0.997471732522988,0.8813316371009629,0.9841231756854657,0
-0.8043672005990544,-1.1099901739376037,0.8491410419312149,-0.24141115841388733,-0.911310674287764,-1.177851894974348,-0.5674373336626071,-1.461440576166749,-0.11965409719924096,-0.570312581972397,-0.7394662468772634,0.286070666731554,-1.0161329645585022,1
-0.46546902347764374,-1.1099901739376037,-1.179024470547907,-0.12999593979954527,-0.06640278899360229,-1.177851894974348,-0.5674373336626071,-0.3041918912684436,-1.3482603050240614,-0.6849837281165926,-0.7394662468772634,0.38528082845978884,-1.0161329645585022,0
-0.9738162891597597,0.9009088760241706,-0.502969299721533,-0.12889047342066448,-0.911310674287764,-1.177851894974348,0.06599664927436881,-0.8828162337175963,-0.005521280078902488,0.003043148748581378,-0.4814607612315388,0.7424374106814341,0.9841231756854657,0
-0.9738162891597597,0.9009088760241706,1.5251962127575889,-0.8466382084742765,-0.911310674287764,0.9048055324001227,-0.2507203421941191,-0.8828162337175963,1.934736610966852,1.8377814870557112,-0.997471732522988,0.7424374106814341,-1.0161329645585022,1
-0.8043672005990544,0.9009088760241706,-1.179024470547907,-0.13317020754461723,-0.911310674287764,-1.177851894974348,0.5410721364771007,-0.8828162337175963,-1.8752853723150364,0.4617277333253637,-0.4814607612315388,-1.4203441149940845,-1.0161329645585022,0
-0.8043672005990544,0.9009088760241706,0.8491410419312149,-0.1260952227197802,-0.7423290972289317,-1.177851894974348,-1.2008713165995828,1.4316811360790147,-1.8752853723150364,-1.2583394588375707,-0.997471732522988,0.4448069254967297,0.9841231756854657,0
-0.2960199349169384,0.9009088760241706,-1.179024470547907,-0.12649003214080906,-0.404365943111267,-1.177851894974348,-0.2823920413409679,1.4316811360790147,-1.3482603050240614,-0.34097028968400567,-0.997471732522988,0.2463866020402601,-1.0161329645585022,0
-0.9738162891597597,-1.1099901739376037,-1.179024470547907,-0.1286062106375237,-0.911310674287764,-1.177851894974348,0.8577891279455886,0.2744324511807092,-1.6839450612603513,0.8057411717579506,-0.7394662468772634,-0.9242933063529105,0.9841231756854657,0
-0.46546902347764374,0.9009088760241706,-1.179024470547907,-0.23801579739303919,-0.404365943111267,-1.177851894974348,0.16497070910827127,0.2744324511807092,0.001192415045823164,0.23238544103697253,-0.4814607612315388,-0.9639773710442044,-1.0161329645585022,1
-0.9738162891597597,-1.1099901739376037,0.8491410419312149,-0.1382395605106277,-0.911310674287764,-1.177851894974348,-0.5040939353689095,-1.461440576166749,0.001192415045823164,-0.570312581972397,-0.4814607612315388,-0.7060309505507939,0.9841231756854657,0
-0.9738162891597597,0.9009088760241706,-0.502969299721533,-0.8364205406580498,-0.911310674287764,0.9048055324001227,-0.2507203421941191,0.2744324511807092,0.16232109803924238,1.8377814870557112,-0.7394662468772634,-0.7060309505507939,-1.0161329645585022,1
-0.634918112038349,-1.1099901739376037,-1.179024470547907,-0.23948448843926654,-0.911310674287764,-1.177851894974348,-0.7257958293968509,0.2744324511807092,1.5486991412951188,-0.6849837281165926,-0.4814607612315388,0.6233852166075523,-1.0161329645585022,1
-0.8043672005990544,0.9009088760241706,0.8491410419312149,-0.13024861782900374,-0.911310674287764,-1.177851894974348,-0.09236184645987515,-0.8828162337175963,-0.8447331706696268,-0.11162799739561437,-0.7394662468772634,-1.0631875327724392,0.9841231756854657,0
-1.143265377720465,-1.1099901739376037,-0.502969299721533,-0.24218498487910387,-0.911310674287764,-1.177851894974348,0.7627740305050422,0.853056793629862,-1.1804179269059165,0.9204123179021463,-0.997471732522988,0.305912699077201,-1.0161329645585022,1
-0.46546902347764374,0.9009088760241706,1.5251962127575889,-0.8318407513741151,0.10257878806523006,0.9048055324001227,-0.2507203421941191,-0.3041918912684436,0.9981761410676039,1.7231103409115156,-0.997471732522988,-0.7060309505507939,-1.0161329645585022,1
-0.634918112038349,0.9009088760241706,0.8491410419312149,-0.8262660423491877,-0.7423290972289317,0.9048055324001227,-0.2507203421941191,-0.8828162337175963,0.7464125738903866,1.7231103409115156,-0.997471732522988,-1.6386064707962011,-1.0161329645585022,1
-0.9738162891597597,0.9009088760241706,-1.179024470547907,-0.1262373541113506,-0.7423290972289317,-1.177851894974348,0.6004565723774422,-0.8828162337175963,-1.371758237960602,0.5763988794695595,-0.4814607612315388,0.5241750548793175,0.9841231756854657,0
-0.9738162891597597,-1.1099901739376037,-0.502969299721533,-0.24395373108531312,-0.7423290972289317,-1.177851894974348,2.4413740852880284,-0.8828162337175963,0.9377528849450718,2.869821802353472,-0.7394662468772634,-0.03140185079879733,-1.0161329645585022,1
-0.634918112038349,0.9009088760241706,-0.502969299721533,-0.8140743274278167,-0.404365943111267,0.9048055324001227,-0.2507203421941191,-0.3041918912684436,0.8336906105118219,1.6084391947673204,-0.4814607612315388,-0.17029607721832604,-1.0161329645585022,1
-0.46546902347764374,-1.1099901739376037,-1.179024470547907,-0.8173275570570945,-0.404365943111267,0.9048055324001227,-0.2507203421941191,-0.3041918912684436,1.159304824061023,1.6084391947673204,-0.997471732522988,-1.3409759856114967,-1.0161329645585022,1
-0.8043672005990544,-1.1099901739376037,1.5251962127575889,-0.8072836053861205,-0.23538436605243465,0.9048055324001227,-0.2507203421941191,-1.461440576166749,0.001192415045823164,1.6084391947673204,-0.4814607612315388,-0.051243883144444294,-1.0161329645585022,1
-0.9738162891597597,0.9009088760241706,-1.179024470547907,-0.8069519654724563,-0.5733475201700994,0.9048055324001227,-0.2507203421941191,0.2744324511807092,-0.811164695045998,1.6084391947673204,-0.997471732522988,0.3455967637684949,-1.0161329645585022,1
-0.9738162891597597,0.9009088760241706,0.8491410419312149,-0.13039074922057411,-0.911310674287764,-1.177851894974348,1.6495816066168083,-0.8828162337175963,-1.3751150855229646,1.6084391947673204,-0.4814607612315388,-0.22982217425526694,0.9841231756854657,0
-0.9738162891597597,0.9009088760241706,0.8491410419312149,-0.7867693078694613,-0.5733475201700994,0.9048055324001227,-0.2507203421941191,-0.8828162337175963,0.001192415045823164,1.4937680486231246,-0.997471732522988,-2.154499311783022,-1.0161329645585022,1
-0.634918112038349,0.9009088760241706,-0.502969299721533,-0.12693221869236138,-0.7423290972289317,-1.177851894974348,-0.2507203421941191,0.853056793629862,-1.4993184453303918,-0.34097028968400567,-0.4814607612315388,0.8813316371009629,0.9841231756854657,0
-0.46546902347764374,-1.1099901739376037,0.8491410419312149,-0.12677429492394982,-0.5733475201700994,0.21058638994196582,-0.7257958293968509,-0.3041918912684436,-1.623521805137819,-0.7996548742607882,-0.997471732522988,0.028124246238143545,-1.0161329645585022,0
-0.8043672005990544,0.9009088760241706,-0.502969299721533,-0.7946339115363561,-0.06640278899360229,0.9048055324001227,-0.2507203421941191,0.853056793629862,-1.2475548781531747,1.4937680486231246,-0.997471732522988,-0.26950623894656084,-1.0161329645585022,1
-1.143265377720465,0.9009088760241706,-1.179024470547907,-0.1273744052439137,-0.7423290972289317,-1.177851894974348,-0.6307807319563046,0.853056793629862,0.16232109803924238,-0.6849837281165926,-0.4814607612315388,-0.03140185079879733,0.9841231756854657,0
-0.46546902347764374,0.9009088760241706,-0.502969299721533,-0.12795872318703638,-0.7423290972289317,-1.177851894974348,2.4413740852880284,-0.8828162337175963,-0.12972463988633004,2.411137217776689,-0.7394662468772634,-0.8250831446246757,0.9841231756854657,0
-0.2960199349169384,0.9009088760241706,1.5251962127575889,-0.13141725371524912,-0.06640278899360229,-1.177851894974348,-0.963333572998217,-0.8828162337175963,-0.005521280078902488,-1.0289971665491795,-0.997471732522988,0.6035431842619053,-1.0161329645585022,0
-0.2960199349169384,-1.1099901739376037,0.8491410419312149,-0.7734879189460507,-0.5733475201700994,0.9048055324001227,-0.2507203421941191,0.2744324511807092,0.23617174441122635,1.379096902478929,-0.4814607612315388,0.38528082845978884,-1.0161329645585022,1
-0.46546902347764374,-1.1099901739376037,-1.179024470547907,-0.7777044835626389,-0.23538436605243465,0.9048055324001227,-0.2507203421941191,-0.3041918912684436,0.4745079213389917,1.379096902478929,-0.7394662468772634,-0.20998014190961997,-1.0161329645585022,1
-0.9738162891597597,0.9009088760241706,0.8491410419312149,-0.7713085709419715,-0.911310674287764,0.9048055324001227,-0.2507203421941191,1.4316811360790147,-0.08944246913797492,1.379096902478929,-0.4814607612315388,0.7424374106814341,-1.0161329645585022,1
-0.8043672005990544,0.9009088760241706,1.5251962127575889,-0.1297116770164045,-0.5733475201700994,-1.177851894974348,1.9029551997915988,-0.8828162337175963,0.2965950005337584,1.8377814870557112,-0.997471732522988,0.4448069254967297,0.9841231756854657,0
-0.8043672005990544,0.9009088760241706,-0.502969299721533,-0.7694450704747153,-0.7423290972289317,0.9048055324001227,-0.2507203421941191,0.853056793629862,0.8739727812601764,1.379096902478929,-0.4814607612315388,-1.102871597463733,-1.0161329645585022,1
-0.9738162891597597,0.9009088760241706,0.8491410419312149,-0.77402485975865,-0.7423290972289317,0.9048055324001227,-0.2507203421941191,-0.8828162337175963,0.11868207972852446,1.379096902478929,-0.997471732522988,-0.2893482712922078,-1.0161329645585022,1
-0.2960199349169384,-1.1099901739376037,-0.502969299721533,-0.1315909698605018,0.10257878806523006,-1.177851894974348,-1.4384090602009487,-0.3041918912684436,-0.41841353024953903,-1.487681751125962,-0.997471732522988,-1.3409759856114967,0.9841231756854657,0
-0.46546902347764374,-1.1099901739376037,-1.179024470547907,-0.1249581715872171,-0.5733475201700994,-1.177851894974348,-0.7099599798234266,0.2744324511807092,-0.901799579229796,-0.7996548742607882,-0.7394662468772634,0.801963507718375,0.9841231756854657,0
-0.8043672005990544,0.9009088760241706,-0.502969299721533,-0.12941162185642255,-0.5733475201700994,0.21058638994196582,-0.8841543251310949,1.4316811360790147,-1.3482603050240614,-0.9143260204049839,-0.7394662468772634,0.6233852166075523,0.9841231756854657,0
-0.8043672005990544,0.9009088760241706,0.8491410419312149,-0.7720981897840292,-0.911310674287764,0.9048055324001227,-0.2507203421941191,-1.461440576166749,0.5785701957722418,1.379096902478929,-0.4814607612315388,-0.5472946917856183,-1.0161329645585022,1
-0.2960199349169384,0.9009088760241706,1.5251962127575889,-0.12607943034293906,-0.404365943111267,-1.177851894974348,-0.4090788379283631,0.853056793629862,-0.33784918875282943,-0.45564143582820127,-0.997471732522988,-0.9441353386985575,-1.0161329645585022,0
-0.9738162891597597,-1.1099901739376037,-1.179024470547907,-0.7558636263913228,-0.23538436605243465,0.9048055324001227,-0.2507203421941191,-0.8828162337175963,0.3301634761573873,1.2644257563347332,-0.4814607612315388,0.782121475372728,-1.0161329645585022,1
-0.46546902347764374,0.9009088760241706,-0.502969299721533,-0.753526354618832,-0.7423290972289317,0.9048055324001227,-0.2507203421941191,0.2744324511807092,0.6255660616453219,1.2644257563347332,-0.4814607612315388,-2.23386744116561,-1.0161329645585022,1
-0.634918112038349,0.9009088760241706,1.5251962127575889,-0.7385393889965768,-0.911310674287764,0.9048055324001227,-0.2507203421941191,1.4316811360790147,-0.707102420612748,1.1497546101905376,-0.4814607612315388,-0.9441353386985575,0.9841231756854657,0
-0.2960199349169384,-1.1099901739376037,-0.502969299721533,-0.7338964302052775,-0.7423290972289317,0.9048055324001227,-0.2507203421941191,1.4316811360790147,0.03476089066945202,1.1497546101905376,-0.4814607612315388,1.1392780575943733,0.9841231756854657,0
-1.143265377720465,-1.1099901739376037,0.8491410419312149,-0.7339438073358009,-0.911310674287764,0.9048055324001227,-0.2507203421941191,-0.8828162337175963,-0.8447331706696268,1.1497546101905376,-0.7394662468772634,0.12733440796637835,0.9841231756854657,0
-0.8043672005990544,-1.1099901739376037,-0.502969299721533,-0.7159089129832029,-0.7423290972289317,0.9048055324001227,-0.2507203421941191,-0.3041918912684436,2.206641263518246,1.035083464046342,-0.4814607612315388,0.286070666731554,-1.0161329645585022,1
-0.634918112038349,0.9009088760241706,-0.502969299721533,-0.1198730262443655,-0.911310674287764,-1.177851894974348,-1.1375279183058853,-1.461440576166749,0.5651428055227898,-1.2583394588375707,-0.4814607612315388,0.028124246238143545,0.9841231756854657,0
-0.46546902347764374,-1.1099901739376037,0.8491410419312149,-0.11883072937284932,-0.5733475201700994,-1.177851894974348,1.4120438630154424,-0.8828162337175963,0.5785701957722418,1.379096902478929,-0.997471732522988,-2.3926036999307856,-1.0161329645585022,0
-0.46546902347764374,0.9009088760241706,-1.179024470547907,-0.11723569931189276,-0.911310674287764,-1.177851894974348,-0.3298995900612411,-1.461440576166749,-1.4254677989584081,-0.45564143582820127,-0.7394662468772634,-0.03140185079879733,0.9841231756854657,0
-0.46546902347764374,0.9009088760241706,-1.179024470547907,-0.7104921277266871,-0.7423290972289317,0.9048055324001227,-0.2507203421941191,-1.461440576166749,1.223084927745918,1.035083464046342,-0.4814607612315388,0.4448069254967297,0.9841231756854657,0
-0.2960199349169384,0.9009088760241706,-0.502969299721533,-0.12077319172431128,-0.23538436605243465,-1.177851894974348,0.38271364074285674,1.4316811360790147,-1.4724636648314886,0.3470565871811683,-0.7394662468772634,0.7027533459901402,0.9841231756854657,0
-0.634918112038349,-1.1099901739376037,-0.502969299721533,-0.12124696302954589,-0.5733475201700994,-1.177851894974348,-0.8524826259842462,-0.8828162337175963,-0.1397951825734185,-0.9143260204049839,-0.997471732522988,-0.11076998018138517,0.9841231756854657,0
-0.2960199349169384,-1.1099901739376037,1.5251962127575889,-0.11979406436015971,-0.23538436605243465,-1.177851894974348,-0.7099599798234266,0.853056793629862,-0.21364582894540246,-0.7996548742607882,-0.4814607612315388,0.7027533459901402,-1.0161329645585022,0
-1.143265377720465,0.9009088760241706,0.8491410419312149,-0.7137295649791237,-0.5733475201700994,0.9048055324001227,-0.2507203421941191,-1.461440576166749,-1.173704231781191,1.035083464046342,-0.4814607612315388,0.40512286080543575,-1.0161329645585022,0
-1.143265377720465,0.9009088760241706,-0.502969299721533,-0.7120871577876436,-0.911310674287764,0.9048055324001227,-0.2507203421941191,-0.8828162337175963,-0.005521280078902488,1.035083464046342,-0.997471732522988,0.286070666731554,-1.0161329645585022,1
-0.8043672005990544,-1.1099901739376037,1.5251962127575889,-0.714076997269629,-0.404365943111267,0.9048055324001227,-0.2507203421941191,-1.461440576166749,-1.0964967378468442,1.035083464046342,-0.4814607612315388,0.6630692812988462,0.9841231756854657,0
-0.634918112038349,0.9009088760241706,1.5251962127575889,-0.7133347555580949,-0.5733475201700994,0.9048055324001227,-0.2507203421941191,-1.461440576166749,0.6154955189582334,1.035083464046342,-0.4814607612315388,-2.03544711770914,0.9841231756854657,0
-0.9738162891597597,0.9009088760241706,-0.502969299721533,-0.1139193001752504,-0.911310674287764,-1.177851894974348,-0.5674373336626071,0.853056793629862,-1.8752853723150364,-0.6849837281165926,-0.7394662468772634,1.0003838311748445,0.9841231756854657,0
-0.46546902347764374,-1.1099901739376037,1.5251962127575889,-0.11962034821490702,-0.404365943111267,-1.177851894974348,0.06599664927436881,0.853056793629862,0.8739727812601764,0.003043148748581378,-0.997471732522988,-0.8449251769703227,-1.0161329645585022,0
-0.634918112038349,-1.1099901739376037,1.5251962127575889,-0.6985530908347746,-0.23538436605243465,0.9048055324001227,-0.2507203421941191,0.2744324511807092,1.5587696839822078,0.9204123179021463,-0.997471732522988,0.4448069254967297,0.9841231756854657,0
-0.2960199349169384,0.9009088760241706,-1.179024470547907,-0.11481946565519618,-0.5733475201700994,-1.177851894974348,0.8577891279455886,1.4316811360790147,-0.005521280078902488,0.8057411717579506,-0.4814607612315388,0.6432272489531993,0.9841231756854657,0
-0.2960199349169384,0.9009088760241706,0.17308587110484092,-0.11728307644241621,-0.23538436605243465,-1.177851894974348,-0.5674373336626071,-0.3041918912684436,-0.34120603631519225,-0.6849837281165926,-0.997471732522988,1.6551708985811941,0.9841231756854657,0
-0.9738162891597597,0.9009088760241706,0.8491410419312149,-0.2238816201202063,-0.7423290972289317,-1.177851894974348,-0.15570524475357272,-1.461440576166749,2.8243012149930204,-0.11162799739561437,-0.997471732522988,-0.9838194033898514,-1.0161329645585022,1
-0.9738162891597597,-1.1099901739376037,0.8491410419312149,-0.7043488931354782,-0.911310674287764,0.9048055324001227,-0.2507203421941191,-0.8828162337175963,0.16232109803924238,1.035083464046342,-0.997471732522988,1.2186461869769611,0.9841231756854657,0
-0.46546902347764374,0.9009088760241706,-1.179024470547907,-0.10981328219655034,-0.404365943111267,-1.177851894974348,-0.4090788379283631,-0.3041918912684436,-0.46205254856025635,-0.45564143582820127,-0.997471732522988,0.6432272489531993,0.9841231756854657,0
-0.8043672005990544,0.9009088760241706,-1.179024470547907,-0.1112030113585719,-0.911310674287764,-1.177851894974348,0.8577891279455886,1.4316811360790147,1.6628319584154578,0.8057411717579506,-0.7394662468772634,0.40512286080543575,0.9841231756854657,0
-0.9738162891597597,0.9009088760241706,1.5251962127575889,-0.6958210096412549,-0.911310674287764,0.9048055324001227,-0.2507203421941191,0.2744324511807092,0.9108981044461687,0.9204123179021463,-0.997471732522988,0.26622863438590705,0.9841231756854657,0
-0.2960199349169384,0.9009088760241706,-0.502969299721533,-0.22512921789065746,-0.7423290972289317,-1.177851894974348,-0.17154109432699713,1.4316811360790147,1.2700807936189982,-0.11162799739561437,-0.7394662468772634,0.20670253734896618,-1.0161329645585022,1
-0.634918112038349,-1.1099901739376037,1.5251962127575889,-0.696752759874883,0.10257878806523006,0.9048055324001227,-0.2507203421941191,0.2744324511807092,0.001192415045823164,0.9204123179021463,-0.997471732522988,1.337698381050843,0.9841231756854657,0
-0.8043672005990544,-1.1099901739376037,0.8491410419312149,-0.10875519294819301,-0.5733475201700994,0.21058638994196582,1.3328646151483206,-0.8828162337175963,-1.3751150855229646,1.2644257563347332,-0.7394662468772634,-1.5195542767223194,0.9841231756854657,0
-0.8043672005990544,-1.1099901739376037,0.8491410419312149,-0.22517659502118093,-0.7423290972289317,-1.177851894974348,0.8577891279455886,-0.8828162337175963,1.8877407450937713,1.035083464046342,-0.997471732522988,-0.4877685947486774,-1.0161329645585022,1
-0.9738162891597597,0.9009088760241706,0.8491410419312149,-0.11031863825546727,-0.404365943111267,-1.177851894974348,-0.5674373336626071,-0.8828162337175963,0.001192415045823164,-0.6849837281165926,-0.7394662468772634,0.4844909901880236,0.9841231756854657,0
-0.2960199349169384,0.9009088760241706,-0.502969299721533,-0.7002586675336193,-0.23538436605243465,0.9048055324001227,-0.2507203421941191,-0.8828162337175963,0.001192415045823164,0.9204123179021463,-0.7394662468772634,-1.0433455004267922,0.9841231756854657,0
-1.143265377720465,-1.1099901739376037,-1.179024470547907,-0.7006850617083304,-0.5733475201700994,0.9048055324001227,-0.2507203421941191,0.2744324511807092,-0.37813135950118393,1.035083464046342,-0.997471732522988,-2.3926036999307856,0.9841231756854657,0
-0.8043672005990544,-1.1099901739376037,-0.502969299721533,-0.6760647462129712,-0.911310674287764,0.9048055324001227,-0.2507203421941191,-0.8828162337175963,0.4745079213389917,0.9204123179021463,-0.997471732522988,0.4844909901880236,-1.0161329645585022,0
-0.2960199349169384,-1.1099901739376037,-1.179024470547907,-0.6752277502403901,-0.404365943111267,0.9048055324001227,-0.2507203421941191,-0.8828162337175963,-0.3680608168140954,0.9204123179021463,-0.997471732522988,-0.32903233598350173,-1.0161329645585022,1
-0.634918112038349,0.9009088760241706,-0.502969299721533,-0.6831713157914906,-0.911310674287764,0.9048055324001227,-0.2507203421941191,0.2744324511807092,0.001192415045823164,0.9204123179021463,-0.997471732522988,0.16701847265767225,0.9841231756854657,0
-0.8043672005990544,0.9009088760241706,-0.502969299721533,-0.6832976548062197,-0.404365943111267,0.9048055324001227,-0.2507203421941191,0.2744324511807092,0.8336906105118219,0.9204123179021463,-0.997471732522988,-1.4600281796853785,-1.0161329645585022,0
-0.9738162891597597,0.9009088760241706,0.8491410419312149,-0.6761437080971769,-0.911310674287764,0.9048055324001227,-0.2507203421941191,0.2744324511807092,-1.8752853723150364,0.9204123179021463,-0.4814607612315388,-1.12271362980938,0.9841231756854657,0
-0.2960199349169384,0.9009088760241706,0.8491410419312149,-0.22015461918569393,0.2715603651240624,-1.177851894974348,-0.9474977234247925,-0.3041918912684436,0.5651428055227898,-1.0289971665491795,-0.4814607612315388,1.0202258635204915,-1.0161329645585022,1
-0.2960199349169384,-1.1099901739376037,0.8491410419312149,-0.6762700471119062,-0.404365943111267,0.9048055324001227,-0.2507203421941191,0.853056793629862,0.665848232393677,0.9204123179021463,-0.997471732522988,-0.44808453005738347,0.9841231756854657,0
-0.8043672005990544,0.9009088760241706,-1.179024470547907,-0.10355950096745332,-0.7423290972289317,-1.177851894974348,0.06599664927436881,-1.461440576166749,0.23617174441122635,0.003043148748581378,-0.4814607612315388,-2.1743413441286688,0.9841231756854657,0
-0.9738162891597597,0.9009088760241706,-1.179024470547907,-0.6736643049331158,-0.911310674287764,0.9048055324001227,-0.2507203421941191,1.4316811360790147,0.001192415045823164,0.8057411717579506,-0.7394662468772634,-1.5790803737592602,-1.0161329645585022,1
-0.2960199349169384,-1.1099901739376037,-0.502969299721533,-0.1117873293016946,0.4405419421828948,-1.177851894974348,-0.3774071387815143,0.853056793629862,0.8336906105118219,-0.45564143582820127,-0.997471732522988,-1.5592383414136133,0.9841231756854657,0
-0.46546902347764374,0.9009088760241706,0.8491410419312149,-0.6726062156847584,-0.23538436605243465,0.9048055324001227,-0.2507203421941191,-1.461440576166749,-0.08944246913797492,0.8057411717579506,-0.7394662468772634,0.12733440796637835,0.9841231756854657,0
-0.2960199349169384,-1.1099901739376037,-0.502969299721533,-0.6761595004740182,-0.404365943111267,0.9048055324001227,-0.2507203421941191,0.2744324511807092,-0.33784918875282943,0.9204123179021463,-0.7394662468772634,-1.6386064707962011,0.9841231756854657,0
-0.634918112038349,0.9009088760241706,1.5251962127575889,-0.678907374044379,-0.404365943111267,0.9048055324001227,-0.2507203421941191,0.853056793629862,-0.5896127559300467,0.9204123179021463,-0.997471732522988,1.1789621222856672,-1.0161329645585022,0
-0.2960199349169384,0.9009088760241706,-1.179024470547907,-0.679017920682267,-0.404365943111267,0.9048055324001227,-0.2507203421941191,-0.8828162337175963,0.5382880250238866,0.9204123179021463,-0.4814607612315388,-0.36871640067479566,0.9841231756854657,0
-0.634918112038349,0.9009088760241706,0.8491410419312149,-0.10886573958608109,-0.7423290972289317,-1.177851894974348,1.3328646151483206,0.853056793629862,-1.0427871768490378,1.2644257563347332,-0.7394662468772634,-2.0552891500547874,0.9841231756854657,0
-0.8043672005990544,0.9009088760241706,0.8491410419312149,-0.1091026252386984,-0.404365943111267,-1.177851894974348,2.5759788066621354,-0.8828162337175963,-1.0427871768490378,2.411137217776689,-0.4814607612315388,-0.22982217425526694,0.9841231756854657,0
-0.634918112038349,0.9009088760241706,-0.502969299721533,-0.6790495054359493,-0.5733475201700994,0.9048055324001227,-0.2507203421941191,0.2744324511807092,0.8739727812601764,0.9204123179021463,-0.7394662468772634,0.9408577341379036,0.9841231756854657,0
-0.2960199349169384,-1.1099901739376037,0.8491410419312149,-0.6787968274064908,-0.404365943111267,0.9048055324001227,-0.2507203421941191,0.2744324511807092,0.9981761410676039,0.9204123179021463,-0.997471732522988,0.6829113136444932,-1.0161329645585022,0
-0.9738162891597597,0.9009088760241706,-0.502969299721533,-0.10670218395884298,-0.404365943111267,-1.177851894974348,0.38271364074285674,-0.8828162337175963,-1.173704231781191,0.23238544103697253,-0.7394662468772634,-0.6266628211682062,0.9841231756854657,0
-0.634918112038349,0.9009088760241706,-0.502969299721533,-0.670411075303838,-0.5733475201700994,0.9048055324001227,-0.2507203421941191,1.4316811360790147,1.092167872813765,0.8057411717579506,-0.997471732522988,-1.142555662155027,-1.0161329645585022,0
-0.9738162891597597,-1.1099901739376037,0.8491410419312149,-0.6784809798696678,-0.911310674287764,0.9048055324001227,-0.2507203421941191,1.4316811360790147,0.5114332445249834,0.9204123179021463,-0.997471732522988,-0.7060309505507939,0.9841231756854657,0
-0.46546902347764374,-1.1099901739376037,-1.179024470547907,-0.6735221735415454,-0.5733475201700994,0.9048055324001227,-0.2507203421941191,0.853056793629862,0.6255660616453219,0.8057411717579506,-0.4814607612315388,0.5638591195706114,0.9841231756854657,0
-0.8043672005990544,0.9009088760241706,-1.179024470547907,-0.6775018525055162,-0.06640278899360229,0.9048055324001227,-0.2507203421941191,0.2744324511807092,0.3939435798422821,0.9204123179021463,-0.997471732522988,-0.5472946917856183,0.9841231756854657,0
-0.46546902347764374,0.9009088760241706,1.5251962127575889,-0.10190130139913214,-0.5733475201700994,-1.177851894974348,-1.327558113186978,-1.461440576166749,0.8336906105118219,-1.3730106049817663,-0.4814607612315388,0.305912699077201,0.9841231756854657,0
-0.634918112038349,-1.1099901739376037,-0.502969299721533,-0.10932371851447456,-0.23538436605243465,-1.177851894974348,0.06599664927436881,-0.8828162337175963,-1.6705176710108995,0.003043148748581378,-0.7394662468772634,-0.24966420660091387,0.9841231756854657,0
-0.8043672005990544,-1.1099901739376037,0.8491410419312149,-0.10783923509140608,-0.911310674287764,-1.177851894974348,0.06599664927436881,-0.8828162337175963,-1.6705176710108995,0.003043148748581378,-0.7394662468772634,-0.03140185079879733,-1.0161329645585022,0
-0.9738162891597597,-1.1099901739376037,-0.502969299721533,-0.6784178103623032,-0.404365943111267,0.9048055324001227,-0.2507203421941191,0.853056793629862,-0.5661148229935064,0.9204123179021463,-0.4814607612315388,-0.7060309505507939,-1.0161329645585022,0
-0.8043672005990544,-1.1099901739376037,0.8491410419312149,-0.11365082976895079,-0.06640278899360229,-1.177851894974348,1.8079401023510524,-1.461440576166749,0.23617174441122635,1.7231103409115156,-0.4814607612315388,-0.36871640067479566,0.9841231756854657,0
-1.143265377720465,-1.1099901739376037,1.5251962127575889,-0.6776281915202454,-0.911310674287764,0.9048055324001227,-0.2507203421941191,-0.8828162337175963,0.001192415045823164,0.9204123179021463,-0.997471732522988,-0.5076106270943244,-1.0161329645585022,0
-0.8043672005990544,-1.1099901739376037,-1.179024470547907,-0.6729852327289462,-0.911310674287764,0.9048055324001227,-0.2507203421941191,0.853056793629862,1.223084927745918,0.8057411717579506,-0.997471732522988,-0.36871640067479566,0.9841231756854657,0
-0.9738162891597597,0.9009088760241706,-1.179024470547907,-0.6575560805551386,-0.7423290972289317,0.9048055324001227,-0.2507203421941191,-1.461440576166749,0.16232109803924238,0.8057411717579506,-0.997471732522988,-0.7655570475877348,0.9841231756854657,0
-0.8043672005990544,0.9009088760241706,-1.179024470547907,-0.10548617094207412,-0.23538436605243465,-1.177851894974348,0.38271364074285674,0.853056793629862,1.4312094766124175,0.23238544103697253,-0.4814607612315388,1.4567505751247247,0.9841231756854657,0
-0.2960199349169384,-1.1099901739376037,1.5251962127575889,-0.10700223911882491,0.10257878806523006,-1.177851894974348,1.3328646151483206,0.2744324511807092,0.8336906105118219,1.2644257563347332,-0.4814607612315388,1.0797519605574324,0.9841231756854657,0
-0.2960199349169384,0.9009088760241706,-0.502969299721533,-0.6646310653799756,-0.911310674287764,0.9048055324001227,-0.2507203421941191,-0.3041918912684436,1.0955247203761276,0.8057411717579506,-0.7394662468772634,0.40512286080543575,-1.0161329645585022,1
-0.2960199349169384,0.9009088760241706,-0.502969299721533,-0.10826562926611724,-0.23538436605243465,-1.177851894974348,1.6495816066168083,1.4316811360790147,0.5651428055227898,1.4937680486231246,-0.997471732522988,0.8614896047553159,0.9841231756854657,0
-0.634918112038349,-1.1099901739376037,-0.502969299721533,-0.6613620433738567,-0.5733475201700994,0.9048055324001227,-0.2507203421941191,0.2744324511807092,0.16232109803924238,0.8057411717579506,-0.997471732522988,0.38528082845978884,-1.0161329645585022,0
-0.8043672005990544,0.9009088760241706,1.5251962127575889,-0.652265634313352,-0.911310674287764,0.9048055324001227,-0.2507203421941191,1.4316811360790147,0.16232109803924238,0.8057411717579506,-0.4814607612315388,0.5837011519162584,-1.0161329645585022,0
-0.46546902347764374,0.9009088760241706,0.8491410419312149,-0.6453485732569265,-0.911310674287764,0.9048055324001227,-0.2507203421941191,0.853056793629862,0.5382880250238866,0.6910700256137552,-0.4814607612315388,-3.543441575978309,0.9841231756854657,0
-0.8043672005990544,-1.1099901739376037,-0.502969299721533,-0.22467123896226399,-0.911310674287764,-1.177851894974348,1.8396118014979013,-0.8828162337175963,0.4745079213389917,2.0671237793441026,-0.997471732522988,-0.6465048535138531,-1.0161329645585022,1
-0.2960199349169384,-1.1099901739376037,-1.179024470547907,-0.10744442567037722,-0.911310674287764,-1.177851894974348,0.38271364074285674,-0.3041918912684436,-0.11965409719924096,0.23238544103697253,-0.997471732522988,-2.4124457322764323,-1.0161329645585022,0
-0.8043672005990544,0.9009088760241706,-1.179024470547907,-0.11172415979432998,-0.404365943111267,0.21058638994196582,1.0161476236798326,-0.8828162337175963,1.0955247203761276,0.9204123179021463,-0.4814607612315388,0.14717644031202531,0.9841231756854657,0
-0.46546902347764374,-1.1099901739376037,-0.502969299721533,-0.6375155543437141,-0.911310674287764,0.9048055324001227,-0.2507203421941191,-1.461440576166749,-0.12972463988633004,0.6910700256137552,-0.7394662468772634,0.38528082845978884,0.9841231756854657,0
-0.634918112038349,-1.1099901739376037,1.5251962127575889,-0.1060073193778322,-0.7423290972289317,-1.177851894974348,1.6495816066168083,0.2744324511807092,-1.0427871768490378,1.4937680486231246,-0.4814607612315388,-0.24966420660091387,0.9841231756854657,0
-0.9738162891597597,-1.1099901739376037,0.8491410419312149,-0.6318618834345809,-0.911310674287764,0.9048055324001227,-0.2507203421941191,-0.8828162337175963,-1.0427871768490378,0.6910700256137552,-0.997471732522988,0.8614896047553159,0.9841231756854657,0
-0.8043672005990544,-1.1099901739376037,-1.179024470547907,-0.6192911514690222,-0.911310674287764,0.9048055324001227,-0.2507203421941191,-0.8828162337175963,0.001192415045823164,0.6910700256137552,-0.4814607612315388,-1.162397694500674,0.9841231756854657,0
-0.2960199349169384,-1.1099901739376037,0.8491410419312149,-0.10821825213559377,-0.404365943111267,-1.177851894974348,0.06599664927436881,-0.8828162337175963,-1.6705176710108995,0.003043148748581378,-0.4814607612315388,0.008282213892496587,0.9841231756854657,0
-0.634918112038349,0.9009088760241706,1.5251962127575889,-0.22541348067379824,-0.911310674287764,-1.177851894974348,-0.5199297849423339,-0.3041918912684436,1.223084927745918,-0.45564143582820127,-0.997471732522988,0.5241750548793175,-1.0161329645585022,1
-0.9738162891597597,0.9009088760241706,0.8491410419312149,-0.6029460414384278,-0.911310674287764,0.9048055324001227,-0.2507203421941191,-1.461440576166749,-0.16664996307232172,0.5763988794695595,-0.7394662468772634,-1.5195542767223194,-1.0161329645585022,1
-0.9738162891597597,0.9009088760241706,0.8491410419312149,-0.605125389442507,-0.404365943111267,0.9048055324001227,-0.2507203421941191,-1.461440576166749,-0.3680608168140954,0.5763988794695595,-0.4814607612315388,-3.3251792201761927,0.9841231756854657,0
-0.8043672005990544,-1.1099901739376037,-0.502969299721533,-0.11221372347640576,-0.911310674287764,-1.177851894974348,-0.4090788379283631,0.2744324511807092,-1.0427871768490378,-0.45564143582820127,-0.4814607612315388,-0.8449251769703227,-1.0161329645585022,0
-0.46546902347764374,-1.1099901739376037,0.8491410419312149,-0.1092763413839511,-0.5733475201700994,-1.177851894974348,0.38271364074285674,-0.8828162337175963,-1.0427871768490378,0.23238544103697253,-0.7394662468772634,-1.12271362980938,0.9841231756854657,0
-0.634918112038349,0.9009088760241706,-1.179024470547907,-0.10834459115032301,-0.911310674287764,-1.177851894974348,-0.4090788379283631,-0.8828162337175963,0.23617174441122635,-0.45564143582820127,-0.997471732522988,1.1988041546313142,0.9841231756854657,0
-0.634918112038349,-1.1099901739376037,1.5251962127575889,-0.6955525392349553,-0.911310674287764,0.9048055324001227,-0.2507203421941191,-0.3041918912684436,0.4745079213389917,0.9204123179021463,-0.997471732522988,-0.09092794783573821,-1.0161329645585022,1
-0.8043672005990544,0.9009088760241706,-0.502969299721533,-0.10973432031234456,-0.404365943111267,-1.177851894974348,-1.042512820865339,0.2744324511807092,-0.707102420612748,-1.143668312693375,-0.4814607612315388,0.08765034327508442,-1.0161329645585022,0
-0.8043672005990544,0.9009088760241706,0.8491410419312149,-0.10548617094207412,-0.911310674287764,-1.177851894974348,0.38271364074285674,0.853056793629862,-0.11965409719924096,0.23238544103697253,-0.997471732522988,1.3773824457421369,-1.0161329645585022,0
-0.8043672005990544,0.9009088760241706,1.5251962127575889,-0.11041339251651419,-0.911310674287764,-1.177851894974348,2.5363891827285747,-0.8828162337175963,0.001192415045823164,2.411137217776689,-0.4814607612315388,0.821805540064022,-1.0161329645585022,0
-0.9738162891597597,-1.1099901739376037,0.8491410419312149,-0.11510372843833695,-0.5733475201700994,-1.177851894974348,0.06599664927436881,0.853056793629862,-0.707102420612748,0.003043148748581378,-0.4814607612315388,0.6233852166075523,-1.0161329645585022,0
-0.8043672005990544,-1.1099901739376037,-1.179024470547907,-0.10616524314624375,-0.911310674287764,-1.177851894974348,-0.2507203421941191,0.853056793629862,-1.173704231781191,-0.34097028968400567,-0.997471732522988,-0.40840046536608954,0.9841231756854657,0
-0.9738162891597597,0.9009088760241706,-1.179024470547907,-0.5856691811742052,-0.911310674287764,0.9048055324001227,-0.2507203421941191,-1.461440576166749,1.0955247203761276,0.5763988794695595,-0.7394662468772634,0.286070666731554,0.9841231756854657,0
-0.634918112038349,-1.1099901739376037,0.8491410419312149,-0.5845637147953244,-0.911310674287764,0.9048055324001227,-0.2507203421941191,-0.8828162337175963,-1.6705176710108995,0.5763988794695595,-0.997471732522988,-0.9242933063529105,0.9841231756854657,0
-0.2960199349169384,-1.1099901739376037,1.5251962127575889,-0.1081077054977057,-0.5733475201700994,-1.177851894974348,3.2331665639592484,-0.8828162337175963,1.0955247203761276,3.0991640946418633,-0.4814607612315388,0.12733440796637835,0.9841231756854657,0
-0.46546902347764374,-1.1099901739376037,-0.502969299721533,-0.11227689298377037,-0.5733475201700994,-1.177851894974348,0.06599664927436881,1.4316811360790147,1.934736610966852,0.003043148748581378,-0.7394662468772634,-0.22982217425526694,0.9841231756854657,0
-0.46546902347764374,-1.1099901739376037,0.8491410419312149,-0.10809191312086454,-0.23538436605243465,-1.177851894974348,0.38271364074285674,-0.8828162337175963,1.934736610966852,0.23238544103697253,-0.4814607612315388,0.9805417988291976,0.9841231756854657,0
-0.2960199349169384,0.9009088760241706,-1.179024470547907,-0.5822422353996748,-0.23538436605243465,0.9048055324001227,-0.2507203421941191,0.853056793629862,0.001192415045823164,0.5763988794695595,-0.7394662468772634,-1.0235034680811452,0.9841231756854657,0
-0.9738162891597597,0.9009088760241706,0.8491410419312149,-0.5786415734798916,-0.911310674287764,0.9048055324001227,-0.2507203421941191,-0.8828162337175963,-1.2475548781531747,0.4617277333253637,-0.997471732522988,-0.32903233598350173,-1.0161329645585022,0
-0.8043672005990544,0.9009088760241706,1.5251962127575889,-0.10450704357792256,-0.911310674287764,0.21058638994196582,-0.7257958293968509,0.2744324511807092,-1.6705176710108995,-0.7996548742607882,-0.7394662468772634,1.8337491896920168,0.9841231756854657,0
-0.634918112038349,0.9009088760241706,-1.179024470547907,-0.11033443063230843,-0.7423290972289317,-1.177851894974348,0.38271364074285674,1.4316811360790147,-1.0427871768490378,0.23238544103697253,-0.7394662468772634,-2.3926036999307856,0.9841231756854657,0
-0.8043672005990544,0.9009088760241706,0.8491410419312149,-0.10717595526407761,-0.5733475201700994,-1.177851894974348,0.8577891279455886,-0.8828162337175963,-1.0427871768490378,0.8057411717579506,-0.7394662468772634,-2.5910240233872552,-1.0161329645585022,0
-0.8043672005990544,-1.1099901739376037,-1.179024470547907,-0.6989163155021212,-0.7423290972289317,0.9048055324001227,-0.2507203421941191,1.4316811360790147,2.448334288008376,0.9204123179021463,-0.997471732522988,-0.6068207888225592,-1.0161329645585022,1
-0.8043672005990544,-1.1099901739376037,-0.502969299721533,-0.6940680558118869,-0.23538436605243465,0.9048055324001227,-0.2507203421941191,-0.8828162337175963,0.5785701957722418,0.9204123179021463,-0.7394662468772634,-2.2140254088199627,-1.0161329645585022,1
-0.9738162891597597,0.9009088760241706,1.5251962127575889,-0.1083130063966407,-0.911310674287764,-1.177851894974348,0.06599664927436881,0.2744324511807092,-1.0427871768490378,0.003043148748581378,-0.4814607612315388,-0.9441353386985575,0.9841231756854657,0
-0.9738162891597597,0.9009088760241706,0.8491410419312149,-0.5780414631599278,-0.911310674287764,0.9048055324001227,-0.2507203421941191,1.4316811360790147,0.4711510737766289,0.4617277333253637,-0.7394662468772634,-0.9441353386985575,0.9841231756854657,0
-0.2960199349169384,0.9009088760241706,-1.179024470547907,-0.10749180280090069,-0.404365943111267,-1.177851894974348,-0.2507203421941191,0.853056793629862,1.934736610966852,-0.34097028968400567,-0.997471732522988,-1.5989224061049072,0.9841231756854657,0
-0.46546902347764374,0.9009088760241706,0.8491410419312149,-0.11159782077960075,-0.5733475201700994,-1.177851894974348,0.6994306322113446,1.4316811360790147,-1.0427871768490378,0.5763988794695595,-0.997471732522988,-0.46792656240303043,0.9841231756854657,0
-0.46546902347764374,0.9009088760241706,-1.179024470547907,-0.10952901941340956,-0.911310674287764,-1.177851894974348,-0.8841543251310949,-0.3041918912684436,0.5651428055227898,-1.0289971665491795,-0.997471732522988,-0.6068207888225592,-1.0161329645585022,0
-0.9738162891597597,-1.1099901739376037,-0.502969299721533,-0.5854796726521114,-0.911310674287764,0.9048055324001227,-0.2507203421941191,-0.8828162337175963,-0.6063969937418614,0.5763988794695595,-0.7394662468772634,-1.202081759191968,0.9841231756854657,0
-0.634918112038349,-1.1099901739376037,-0.502969299721533,-0.10161703861599136,-0.23538436605243465,-1.177851894974348,0.06599664927436881,-1.461440576166749,-0.707102420612748,0.003043148748581378,-0.997471732522988,1.4170665104334308,0.9841231756854657,0
-0.8043672005990544,-1.1099901739376037,0.8491410419312149,-0.5852743717531763,-0.911310674287764,0.9048055324001227,-0.2507203421941191,1.4316811360790147,0.001192415045823164,0.5763988794695595,-0.7394662468772634,-2.2140254088199627,0.9841231756854657,0
-0.9738162891597597,0.9009088760241706,-0.502969299721533,-0.6913833517488907,-0.911310674287764,0.9048055324001227,-0.2507203421941191,-1.461440576166749,1.1458774338115711,0.9204123179021463,-0.4814607612315388,-0.5076106270943244,-1.0161329645585022,1
-0.9738162891597597,-1.1099901739376037,1.5251962127575889,-0.10981328219655034,-0.911310674287764,-1.177851894974348,-0.8920722499178072,-0.8828162337175963,-0.11965409719924096,-1.0289971665491795,-0.997471732522988,-0.20998014190961997,-1.0161329645585022,0
-0.9738162891597597,0.9009088760241706,-1.179024470547907,-0.11072924005333727,-0.911310674287764,-1.177851894974348,-0.7257958293968509,1.4316811360790147,-1.0427871768490378,-0.7996548742607882,-0.997471732522988,-1.5790803737592602,0.9841231756854657,0
-0.2960199349169384,-1.1099901739376037,-0.502969299721533,-0.1081077054977057,-0.06640278899360229,-1.177851894974348,1.0161476236798326,-0.8828162337175963,-1.0427871768490378,0.9204123179021463,-0.997471732522988,-1.4401861473397315,0.9841231756854657,0
-0.2960199349169384,0.9009088760241706,-1.179024470547907,-0.6756225596614189,-0.7423290972289317,0.9048055324001227,-0.2507203421941191,-0.3041918912684436,0.001192415045823164,0.9204123179021463,-0.7394662468772634,0.5043330225336705,-1.0161329645585022,1
-0.8043672005990544,0.9009088760241706,-1.179024470547907,-0.5611752046935753,-0.404365943111267,0.9048055324001227,-0.2507203421941191,-0.8828162337175963,-1.173704231781191,0.4617277333253637,-0.997471732522988,-0.3488743683291487,0.9841231756854657,0
-0.9738162891597597,0.9009088760241706,1.5251962127575889,-0.6788442045370143,-0.911310674287764,0.9048055324001227,-0.2507203421941191,-1.461440576166749,0.03476089066945202,0.9204123179021463,-0.7394662468772634,1.0202258635204915,-1.0161329645585022,1
-0.46546902347764374,0.9009088760241706,-1.179024470547907,-0.10839196828084648,-0.5733475201700994,0.21058638994196582,-0.09236184645987515,1.4316811360790147,-0.3680608168140954,-0.2262991435398101,-0.7394662468772634,-1.3211339532658497,0.9841231756854657,0
-0.634918112038349,-1.1099901739376037,-1.179024470547907,-0.10864464631030493,-0.911310674287764,-1.177851894974348,-1.042512820865339,-0.8828162337175963,-0.11965409719924096,-1.143668312693375,-0.997471732522988,-2.134657279437375,0.9841231756854657,0
-0.8043672005990544,-1.1099901739376037,-1.179024470547907,-0.5601013230683768,-0.7423290972289317,0.9048055324001227,-0.2507203421941191,1.4316811360790147,0.001192415045823164,0.4617277333253637,-0.997471732522988,-1.7973427295613766,0.9841231756854657,0
-1.143265377720465,-1.1099901739376037,-0.502969299721533,-0.6765069327645236,-0.911310674287764,0.9048055324001227,-0.2507203421941191,1.4316811360790147,1.8273174889712391,0.9204123179021463,-0.997471732522988,0.8813316371009629,-1.0161329645585022,1
-0.8043672005990544,0.9009088760241706,1.5251962127575889,-0.11009754497969111,-0.911310674287764,0.21058638994196582,0.30353439287573475,1.4316811360790147,0.001192415045823164,0.23238544103697253,-0.4814607612315388,-0.38855843302044263,0.9841231756854657,0
-0.634918112038349,-1.1099901739376037,0.8491410419312149,-0.10973432031234456,-0.911310674287764,-1.177851894974348,-1.2800505644667048,-0.3041918912684436,0.4745079213389917,-1.3730106049817663,-0.997471732522988,-1.0631875327724392,0.9841231756854657,0
-0.9738162891597597,0.9009088760241706,0.8491410419312149,-0.5620122006661564,-0.911310674287764,0.9048055324001227,-0.2507203421941191,-0.8828162337175963,1.451350561986595,0.4617277333253637,-0.997471732522988,-0.051243883144444294,0.9841231756854657,0
-0.46546902347764374,0.9009088760241706,0.8491410419312149,-0.10943426515236264,-0.404365943111267,-1.177851894974348,2.1682056801464573,-1.461440576166749,0.4745079213389917,2.0671237793441026,-0.7394662468772634,-2.094973214746081,0.9841231756854657,0
-0.9738162891597597,0.9009088760241706,-0.502969299721533,-0.10968694318182111,-0.911310674287764,-1.177851894974348,-0.5674373336626071,-0.8828162337175963,-0.3680608168140954,-0.6849837281165926,-0.4814607612315388,0.5638591195706114,0.9841231756854657,0
-0.634918112038349,-1.1099901739376037,-1.179024470547907,-0.1117873293016946,-0.404365943111267,-1.177851894974348,0.06599664927436881,-1.461440576166749,0.23617174441122635,0.003043148748581378,-0.997471732522988,-0.4877685947486774,0.9841231756854657,0
-0.634918112038349,0.9009088760241706,1.5251962127575889,-0.11041339251651419,-0.5733475201700994,-1.177851894974348,-1.042512820865339,1.4316811360790147,-1.173704231781191,-1.143668312693375,-0.4814607612315388,0.3455967637684949,0.9841231756854657,0
-0.46546902347764374,0.9009088760241706,-0.502969299721533,-0.11039760013967304,0.10257878806523006,-1.177851894974348,-0.7257958293968509,-0.3041918912684436,1.4312094766124175,-0.7996548742607882,-0.997471732522988,-0.3488743683291487,0.9841231756854657,0
-0.634918112038349,0.9009088760241706,1.5251962127575889,-0.5618226921440626,-0.911310674287764,0.9048055324001227,-0.2507203421941191,1.4316811360790147,0.15896425047687956,0.4617277333253637,-0.4814607612315388,0.14717644031202531,0.9841231756854657,0
-0.46546902347764374,0.9009088760241706,-0.502969299721533,-0.11251377863638769,-0.5733475201700994,-1.177851894974348,0.0026532509806712224,-1.461440576166749,-1.6705176710108995,-0.11162799739561437,-0.7394662468772634,0.9210157017922567,0.9841231756854657,0
-0.634918112038349,0.9009088760241706,-0.502969299721533,-0.11031863825546727,-0.911310674287764,-1.177851894974348,-0.8841543251310949,-0.8828162337175963,-1.0427871768490378,-1.0289971665491795,-0.7394662468772634,-0.190138109563973,0.9841231756854657,0
-0.2960199349169384,0.9009088760241706,-1.179024470547907,-0.5484939260901285,-0.911310674287764,0.9048055324001227,-0.2507203421941191,-1.461440576166749,0.4040141225293712,0.4617277333253637,-0.997471732522988,0.7225953783357871,-1.0161329645585022,0
-0.9738162891597597,0.9009088760241706,1.5251962127575889,-0.6591984877466186,-0.911310674287764,0.9048055324001227,-0.2507203421941191,-0.8828162337175963,-1.2979075915886182,0.8057411717579506,-0.4814607612315388,0.286070666731554,-1.0161329645585022,1
-0.46546902347764374,0.9009088760241706,-0.502969299721533,-0.10989224408075611,-0.7423290972289317,-1.177851894974348,-0.14778731996686054,0.2744324511807092,-1.173704231781191,-0.2262991435398101,-0.997471732522988,0.821805540064022,-1.0161329645585022,0
-0.9738162891597597,0.9009088760241706,-0.502969299721533,-0.5499626171363559,-0.911310674287764,0.9048055324001227,-0.2507203421941191,-0.8828162337175963,-0.6936750303632967,0.4617277333253637,-0.997471732522988,0.18686050500331922,0.9841231756854657,0
-0.8043672005990544,0.9009088760241706,-1.179024470547907,-0.10499660725999835,-0.911310674287764,-1.177851894974348,-0.5674373336626071,0.853056793629862,-0.707102420612748,-0.6849837281165926,-0.4814607612315388,0.9606997664835506,0.9841231756854657,0
-0.9738162891597597,0.9009088760241706,1.5251962127575889,-0.10569147184100912,-0.7423290972289317,0.21058638994196582,0.5806617604106616,1.4316811360790147,-1.0427871768490378,0.4617277333253637,-0.7394662468772634,1.298014316359549,-1.0161329645585022,0
-0.46546902347764374,-1.1099901739376037,-1.179024470547907,-0.6561031818857525,-0.06640278899360229,0.9048055324001227,-0.2507203421941191,0.2744324511807092,0.001192415045823164,0.8057411717579506,-0.7394662468772634,0.9011736694466097,-1.0161329645585022,1
-0.8043672005990544,-1.1099901739376037,-1.179024470547907,-0.10843934541136993,-0.7423290972289317,-1.177851894974348,-1.327558113186978,-0.8828162337175963,-1.6705176710108995,-1.3730106049817663,-0.7394662468772634,0.9606997664835506,-1.0161329645585022,0
-0.9738162891597597,-1.1099901739376037,-1.179024470547907,-0.6544291899405901,-0.7423290972289317,0.9048055324001227,-0.2507203421941191,0.853056793629862,1.1055952630632166,0.8057411717579506,-0.7394662468772634,0.46464895784237664,-1.0161329645585022,1
-0.8043672005990544,0.9009088760241706,-1.179024470547907,-0.5331595281773679,-0.911310674287764,0.9048055324001227,-0.2507203421941191,-0.8828162337175963,1.0653130923148617,0.3470565871811683,-0.997471732522988,-3.2656531231392516,0.9841231756854657,0
-0.8043672005990544,-1.1099901739376037,-0.502969299721533,-0.5399660425959053,-0.7423290972289317,0.9048055324001227,-0.2507203421941191,1.4316811360790147,1.092167872813765,0.3470565871811683,-0.4814607612315388,0.028124246238143545,0.9841231756854657,0
-0.634918112038349,0.9009088760241706,-0.502969299721533,-0.5342176174257253,-0.404365943111267,0.9048055324001227,-0.2507203421941191,0.2744324511807092,-1.2475548781531747,0.3470565871811683,-0.997471732522988,-0.051243883144444294,0.9841231756854657,0
-0.9738162891597597,-1.1099901739376037,-0.502969299721533,-0.11475629614783156,-0.911310674287764,0.21058638994196582,-1.359229812333827,0.2744324511807092,-0.005521280078902488,-1.487681751125962,-0.997471732522988,0.32575473142284794,-1.0161329645585022,0
-0.9738162891597597,0.9009088760241706,-0.502969299721533,-0.1091026252386984,-0.911310674287764,0.21058638994196582,0.8577891279455886,1.4316811360790147,1.8407448792206904,0.8057411717579506,-0.997471732522988,-0.7655570475877348,0.9841231756854657,0
-0.634918112038349,0.9009088760241706,-0.502969299721533,-0.2270085107347548,-0.911310674287764,-1.177851894974348,-1.2800505644667048,-1.461440576166749,-1.8752853723150364,-1.3730106049817663,-0.7394662468772634,-0.22982217425526694,-1.0161329645585022,1
-0.9738162891597597,-1.1099901739376037,1.5251962127575889,-0.11445624098784964,-0.911310674287764,-1.177851894974348,1.1428344202672278,-0.8828162337175963,0.3301634761573873,1.035083464046342,-0.7394662468772634,1.0400678958661385,0.9841231756854657,0
-0.634918112038349,-1.1099901739376037,-1.179024470547907,-0.5268425774409062,-0.5733475201700994,0.9048055324001227,-0.2507203421941191,0.2744324511807092,-0.46205254856025635,0.3470565871811683,-0.997471732522988,0.7622794430270811,-1.0161329645585022,0
-0.8043672005990544,0.9009088760241706,0.8491410419312149,-0.10990803645759727,-0.911310674287764,-1.177851894974348,0.38271364074285674,-0.8828162337175963,-1.6839450612603513,0.23238544103697253,-0.7394662468772634,-0.5076106270943244,0.9841231756854657,0
-0.9738162891597597,0.9009088760241706,-1.179024470547907,-0.10896049384712801,-0.911310674287764,-1.177851894974348,1.3328646151483206,-1.461440576166749,0.665848232393677,1.2644257563347332,-0.997471732522988,-2.2140254088199627,0.9841231756854657,0
-0.9738162891597597,-1.1099901739376037,-0.502969299721533,-0.11213476159219998,-0.911310674287764,-1.177851894974348,-1.121692068732461,-0.8828162337175963,1.6729025011025462,-1.2583394588375707,-0.7394662468772634,0.3455967637684949,0.9841231756854657,0
-0.9738162891597597,0.9009088760241706,-1.179024470547907,-0.11262432527427577,-0.911310674287764,-1.177851894974348,-0.44866846186192405,0.2744324511807092,-0.005521280078902488,-0.570312581972397,-0.4814607612315388,-1.9759210206721993,0.9841231756854657,0
-0.46546902347764374,-1.1099901739376037,1.5251962127575889,-0.10654426019043144,-0.911310674287764,-1.177851894974348,-0.18737694390042153,1.4316811360790147,1.9750187817152072,-0.34097028968400567,-0.7394662468772634,1.1392780575943733,0.9841231756854657,0
-0.8043672005990544,0.9009088760241706,-1.179024470547907,-0.5266846536724947,-0.911310674287764,0.9048055324001227,-0.2507203421941191,0.853056793629862,-0.11965409719924096,0.3470565871811683,-0.7394662468772634,-0.051243883144444294,-1.0161329645585022,0
-0.8043672005990544,0.9009088760241706,1.5251962127575889,-0.11387192304472694,-0.911310674287764,-1.177851894974348,1.0161476236798326,-0.8828162337175963,-1.1804179269059165,0.9204123179021463,-0.7394662468772634,0.10749237562073138,0.9841231756854657,0
-0.2960199349169384,0.9009088760241706,0.8491410419312149,-0.5241262886242277,-0.911310674287764,0.9048055324001227,-0.2507203421941191,0.2744324511807092,0.5651428055227898,0.3470565871811683,-0.4814607612315388,0.40512286080543575,0.9841231756854657,0
-0.634918112038349,0.9009088760241706,-1.179024470547907,-0.5226260128243181,-0.911310674287764,0.9048055324001227,-0.2507203421941191,0.2744324511807092,0.16232109803924238,0.3470565871811683,-0.997471732522988,-0.6068207888225592,0.9841231756854657,0
-0.8043672005990544,-1.1099901739376037,-1.179024470547907,-0.10712857813355414,-0.7423290972289317,-1.177851894974348,1.8079401023510524,-0.8828162337175963,0.001192415045823164,1.7231103409115156,-0.7394662468772634,-0.22982217425526694,0.9841231756854657,0
-0.46546902347764374,-1.1099901739376037,1.5251962127575889,-0.10460179783896949,-0.911310674287764,-1.177851894974348,-0.42491468750178746,0.853056793629862,-0.34120603631519225,-0.570312581972397,-0.7394662468772634,0.10749237562073138,-1.0161329645585022,0
-0.46546902347764374,-1.1099901739376037,0.8491410419312149,-0.10777606558404146,-0.5733475201700994,-1.177851894974348,0.06599664927436881,-1.461440576166749,0.16232109803924238,0.003043148748581378,-0.997471732522988,-0.6266628211682062,0.9841231756854657,0
-0.2960199349169384,-1.1099901739376037,-1.179024470547907,-0.10799715885981762,-0.404365943111267,-1.177851894974348,-1.2008713165995828,-0.3041918912684436,0.001192415045823164,-1.2583394588375707,-0.4814607612315388,0.9011736694466097,0.9841231756854657,0
-0.9738162891597597,0.9009088760241706,0.8491410419312149,-0.10826562926611724,-0.7423290972289317,-1.177851894974348,-0.2507203421941191,-1.461440576166749,-1.3482603050240614,-0.34097028968400567,-0.4814607612315388,0.4448069254967297,0.9841231756854657,0
-0.8043672005990544,0.9009088760241706,-1.179024470547907,-0.10941847277552148,-0.5733475201700994,-1.177851894974348,-0.11611562082001174,-0.8828162337175963,-1.3482603050240614,-0.2262991435398101,-0.7394662468772634,-2.134657279437375,0.9841231756854657,0
-0.2960199349169384,0.9009088760241706,-0.502969299721533,-0.21546428326387115,0.2715603651240624,-1.177851894974348,-0.17154109432699713,-0.8828162337175963,-1.8752853723150364,-0.11162799739561437,-0.7394662468772634,-1.9163949236352584,-1.0161329645585022,1
-0.8043672005990544,-1.1099901739376037,-1.179024470547907,-0.5216784702138488,-0.5733475201700994,0.9048055324001227,-0.2507203421941191,0.2744324511807092,-1.623521805137819,0.3470565871811683,-0.997471732522988,0.6630692812988462,-1.0161329645585022,0
-0.9738162891597597,-1.1099901739376037,0.8491410419312149,-0.5288482092997329,-0.911310674287764,0.9048055324001227,-0.2507203421941191,-1.461440576166749,0.11868207972852446,0.3470565871811683,-0.7394662468772634,-1.162397694500674,0.9841231756854657,0
-0.9738162891597597,-1.1099901739376037,0.8491410419312149,-0.524868530335762,-0.911310674287764,0.9048055324001227,-0.2507203421941191,-0.8828162337175963,-1.0495008719737637,0.3470565871811683,-0.4814607612315388,-0.8250831446246757,-1.0161329645585022,0
-0.8043672005990544,-1.1099901739376037,-0.502969299721533,-0.627976958731657,-0.911310674287764,0.9048055324001227,-0.2507203421941191,-1.461440576166749,2.491973306319093,0.6910700256137552,-0.7394662468772634,-0.8449251769703227,-1.0161329645585022,1
-0.8043672005990544,-1.1099901739376037,-0.502969299721533,-0.11376137640683887,-0.911310674287764,-1.177851894974348,-0.4090788379283631,-1.461440576166749,0.665848232393677,-0.45564143582820127,-0.4814607612315388,-0.40840046536608954,0.9841231756854657,0
-0.2960199349169384,0.9009088760241706,0.8491410419312149,-0.5038804615138682,-0.06640278899360229,0.9048055324001227,-0.2507203421941191,-1.461440576166749,-1.4724636648314886,0.3470565871811683,-0.997471732522988,-0.051243883144444294,0.9841231756854657,0
-0.46546902347764374,-1.1099901739376037,-1.179024470547907,-0.11131355799645998,-0.06640278899360229,-1.177851894974348,0.8577891279455886,1.4316811360790147,-0.8447331706696268,0.8057411717579506,-0.7394662468772634,-2.075131182400434,0.9841231756854657,0
-0.8043672005990544,-1.1099901739376037,-1.179024470547907,-0.21859117387841967,-0.7423290972289317,-1.177851894974348,-0.8841543251310949,1.4316811360790147,1.5486991412951188,-0.9143260204049839,-0.7394662468772634,0.9210157017922567,-1.0161329645585022,1
-0.8043672005990544,0.9009088760241706,0.8491410419312149,-0.10681273059673106,-0.7423290972289317,-1.177851894974348,-0.2507203421941191,-0.8828162337175963,0.8336906105118219,-0.34097028968400567,-0.997471732522988,0.4249648931510827,0.9841231756854657,0
-0.2960199349169384,0.9009088760241706,-1.179024470547907,-0.22773496006944788,-0.7423290972289317,-1.177851894974348,-0.7574675285436998,-1.461440576166749,0.16232109803924238,-0.7996548742607882,-0.997471732522988,-0.6068207888225592,-1.0161329645585022,1
-0.9738162891597597,0.9009088760241706,-1.179024470547907,-0.11311388895635154,-0.911310674287764,-1.177851894974348,-0.963333572998217,-0.8828162337175963,-0.34120603631519225,-1.0289971665491795,-0.997471732522988,0.22654456969461315,0.9841231756854657,0
-0.9738162891597597,-1.1099901739376037,-1.179024470547907,-0.49165716183881497,-0.7423290972289317,0.9048055324001227,-0.2507203421941191,0.853056793629862,0.03476089066945202,0.23238544103697253,-0.7394662468772634,0.8614896047553159,0.9841231756854657,0
-0.9738162891597597,0.9009088760241706,0.8491410419312149,-0.4883407627021726,-0.911310674287764,0.9048055324001227,-0.2507203421941191,0.853056793629862,-1.2979075915886182,0.23238544103697253,-0.4814607612315388,0.821805540064022,0.9841231756854657,0
-0.634918112038349,0.9009088760241706,-1.179024470547907,-0.11039760013967304,-0.5733475201700994,-1.177851894974348,1.1745061194140765,0.2744324511807092,-1.1804179269059165,1.035083464046342,-0.997471732522988,-1.102871597463733,0.9841231756854657,0
-0.9738162891597597,0.9009088760241706,0.8491410419312149,-0.10818666738191146,-0.23538436605243465,-1.177851894974348,-0.6941241302500022,0.853056793629862,-1.6839450612603513,-0.7996548742607882,-0.997471732522988,0.9011736694466097,-1.0161329645585022,0
-0.8043672005990544,0.9009088760241706,0.8491410419312149,-0.5992980023881211,-0.911310674287764,0.9048055324001227,-0.2507203421941191,0.853056793629862,-0.018948670328354386,0.5763988794695595,-0.7394662468772634,-2.4124457322764323,-1.0161329645585022,1
-0.46546902347764374,-1.1099901739376037,-1.179024470547907,-0.4877564447590499,-0.911310674287764,0.9048055324001227,-0.2507203421941191,-1.461440576166749,0.4745079213389917,0.23238544103697253,-0.997471732522988,-0.40840046536608954,0.9841231756854657,0
-0.2960199349169384,-1.1099901739376037,1.5251962127575889,-0.11080820193754305,-0.23538436605243465,-1.177851894974348,-0.7257958293968509,-0.3041918912684436,-0.34120603631519225,-0.7996548742607882,-0.997471732522988,0.0479662785837905,0.9841231756854657,0
-0.9738162891597597,-1.1099901739376037,-0.502969299721533,-0.4882144236874434,-0.5733475201700994,0.9048055324001227,-0.2507203421941191,1.4316811360790147,-1.0427871768490378,0.23238544103697253,-0.4814607612315388,0.2463866020402601,0.9841231756854657,0
-0.46546902347764374,0.9009088760241706,-1.179024470547907,-0.11510372843833695,-0.5733475201700994,-1.177851894974348,-0.9474977234247925,0.853056793629862,-1.6839450612603513,-1.0289971665491795,-0.7394662468772634,-1.9362369559809054,0.9841231756854657,0
-0.9738162891597597,-1.1099901739376037,-0.502969299721533,-0.4820711890962344,-0.911310674287764,0.9048055324001227,-0.2507203421941191,-0.8828162337175963,0.665848232393677,0.23238544103697253,-0.997471732522988,0.821805540064022,-1.0161329645585022,0
-0.9738162891597597,-1.1099901739376037,0.8491410419312149,-0.11284541855005192,-0.911310674287764,-1.177851894974348,-0.6307807319563046,1.4316811360790147,-1.1804179269059165,-0.6849837281165926,-0.7394662468772634,0.8614896047553159,-1.0161329645585022,0
-0.634918112038349,0.9009088760241706,0.8491410419312149,-0.6057097073856298,0.10257878806523006,0.9048055324001227,-0.2507203421941191,1.4316811360790147,1.8407448792206904,0.5763988794695595,-0.7394662468772634,-0.20998014190961997,-1.0161329645585022,1
-0.8043672005990544,-1.1099901739376037,0.8491410419312149,-0.48339774875089137,-0.911310674287764,0.9048055324001227,-0.2507203421941191,-0.8828162337175963,0.16232109803924238,0.23238544103697253,-0.7394662468772634,0.3455967637684949,0.9841231756854657,0
-0.8043672005990544,-1.1099901739376037,1.5251962127575889,-0.11088716382174882,-0.5733475201700994,-1.177851894974348,-0.6307807319563046,-0.8828162337175963,-0.005521280078902488,-0.6849837281165926,-0.997471732522988,-0.011559818453150373,-1.0161329645585022,0
-1.143265377720465,-1.1099901739376037,0.8491410419312149,-0.4906464497209811,-0.7423290972289317,0.9048055324001227,-0.2507203421941191,-1.461440576166749,-0.46205254856025635,0.23238544103697253,-0.997471732522988,-0.44808453005738347,0.9841231756854657,0
-0.8043672005990544,0.9009088760241706,-0.502969299721533,-0.2218444035076974,-0.7423290972289317,-1.177851894974348,-0.6941241302500022,0.2744324511807092,1.0015329886299666,-0.6849837281165926,-0.7394662468772634,0.4249648931510827,-1.0161329645585022,1
-0.634918112038349,0.9009088760241706,0.8491410419312149,-0.4945787515544285,-0.5733475201700994,0.9048055324001227,-0.2507203421941191,0.2744324511807092,-0.46205254856025635,0.23238544103697253,-0.7394662468772634,0.008282213892496587,-1.0161329645585022,0
-0.634918112038349,-1.1099901739376037,-0.502969299721533,-0.4892093434284361,-0.5733475201700994,0.9048055324001227,-0.2507203421941191,0.853056793629862,-1.623521805137819,0.23238544103697253,-0.997471732522988,-0.44808453005738347,0.9841231756854657,0
-0.9738162891597597,0.9009088760241706,-0.502969299721533,-0.48628775371282257,-0.911310674287764,0.9048055324001227,-0.2507203421941191,-1.461440576166749,0.11868207972852446,0.23238544103697253,-0.4814607612315388,1.694854963272488,0.9841231756854657,0
-0.8043672005990544,0.9009088760241706,1.5251962127575889,-0.1053914166810272,-0.5733475201700994,0.21058638994196582,1.6495816066168083,-0.8828162337175963,-1.1804179269059165,1.4937680486231246,-0.7394662468772634,0.5638591195706114,-1.0161329645585022,0
-0.634918112038349,0.9009088760241706,-1.179024470547907,-0.4861456223212522,-0.23538436605243465,0.9048055324001227,-0.2507203421941191,1.4316811360790147,-0.25392799969375696,0.23238544103697253,-0.4814607612315388,0.3654387961141419,-1.0161329645585022,0
-0.46546902347764374,-1.1099901739376037,-1.179024470547907,-0.11096612570595459,0.2715603651240624,-1.177851894974348,-0.7257958293968509,1.4316811360790147,0.001192415045823164,-0.7996548742607882,-0.4814607612315388,0.9210157017922567,-1.0161329645585022,0
-0.634918112038349,-1.1099901739376037,0.8491410419312149,-0.10400168751900564,-0.06640278899360229,0.21058638994196582,0.8577891279455886,1.4316811360790147,1.9750187817152072,0.6910700256137552,-0.997471732522988,-0.011559818453150373,0.9841231756854657,0
-0.9738162891597597,-1.1099901739376037,1.5251962127575889,-0.48728267345381526,-0.911310674287764,0.9048055324001227,-0.2507203421941191,-0.8828162337175963,0.3939435798422821,0.23238544103697253,-0.4814607612315388,-0.6068207888225592,0.9841231756854657,0
-0.634918112038349,0.9009088760241706,-0.502969299721533,-0.1082814216429584,-0.7423290972289317,-1.177851894974348,-0.8841543251310949,-0.8828162337175963,-1.8752853723150364,-1.0289971665491795,-0.997471732522988,0.46464895784237664,-1.0161329645585022,0
-0.634918112038349,0.9009088760241706,-1.179024470547907,-0.48175534155941135,-0.911310674287764,0.9048055324001227,-0.2507203421941191,1.4316811360790147,-1.1233515183457474,0.23238544103697253,-0.997471732522988,0.6630692812988462,0.9841231756854657,0
-0.46546902347764374,0.9009088760241706,0.8491410419312149,-0.10799715885981762,-0.23538436605243465,0.21058638994196582,0.06599664927436881,-1.461440576166749,1.8407448792206904,0.003043148748581378,-0.7394662468772634,0.286070666731554,-1.0161329645585022,0
-0.634918112038349,-1.1099901739376037,-1.179024470547907,-0.11087137144490766,-0.23538436605243465,-1.177851894974348,-0.5674373336626071,-1.461440576166749,-1.8752853723150364,-0.6849837281165926,-0.7394662468772634,-0.07108591549009124,-1.0161329645585022,0
-0.46546902347764374,0.9009088760241706,0.8491410419312149,-0.46476274407832957,-0.911310674287764,0.9048055324001227,-0.2507203421941191,1.4316811360790147,-0.005521280078902488,0.23238544103697253,-0.4814607612315388,-1.0631875327724392,0.9841231756854657,0
-1.143265377720465,-1.1099901739376037,-0.502969299721533,-0.5864430076394218,-0.911310674287764,0.9048055324001227,-0.2507203421941191,0.853056793629862,2.948504574800447,0.5763988794695595,-0.4814607612315388,-0.7457150152420878,-1.0161329645585022,1
-0.46546902347764374,0.9009088760241706,-1.179024470547907,-0.10701803149566606,-0.5733475201700994,-1.177851894974348,0.1332990099614225,0.853056793629862,-0.8447331706696268,0.003043148748581378,-0.4814607612315388,1.0995939929030794,0.9841231756854657,0
-0.2960199349169384,-1.1099901739376037,1.5251962127575889,-0.5777256156231048,-0.404365943111267,0.9048055324001227,-0.2507203421941191,-1.461440576166749,1.4446368668618692,0.4617277333253637,-0.997471732522988,0.028124246238143545,-1.0161329645585022,1
-0.9738162891597597,0.9009088760241706,-0.502969299721533,-0.108139290251388,-0.911310674287764,-1.177851894974348,0.06599664927436881,-0.8828162337175963,-1.6839450612603513,0.003043148748581378,-0.997471732522988,0.5837011519162584,0.9841231756854657,0
-0.46546902347764374,-1.1099901739376037,-0.502969299721533,-0.11268749478164038,-0.06640278899360229,-1.177851894974348,0.4618928886099787,0.2744324511807092,0.16232109803924238,0.3470565871811683,-0.997471732522988,1.238488219322608,-1.0161329645585022,0
-0.634918112038349,0.9009088760241706,-0.502969299721533,-0.1121663463458823,-0.7423290972289317,-1.177851894974348,-0.17154109432699713,1.4316811360790147,-0.1397951825734185,-0.2262991435398101,-0.7394662468772634,-0.2893482712922078,0.9841231756854657,0
-0.46546902347764374,-1.1099901739376037,-1.179024470547907,-0.4538660040579332,-0.7423290972289317,0.9048055324001227,-0.2507203421941191,1.4316811360790147,0.9780350556934264,0.23238544103697253,-0.7394662468772634,-1.142555662155027,0.9841231756854657,0
-0.2960199349169384,0.9009088760241706,-1.179024470547907,-0.21991773353307661,-0.23538436605243465,-1.177851894974348,-0.7257958293968509,0.2744324511807092,1.5486991412951188,-0.6849837281165926,-0.4814607612315388,0.008282213892496587,-1.0161329645585022,1
-0.634918112038349,0.9009088760241706,-1.179024470547907,-0.4565980852514529,-0.5733475201700994,0.9048055324001227,-0.2507203421941191,0.2744324511807092,-0.1397951825734185,0.23238544103697253,-0.4814607612315388,-0.8647672093159696,0.9841231756854657,0
-0.634918112038349,0.9009088760241706,0.8491410419312149,-0.10633895929149643,-0.23538436605243465,-1.177851894974348,0.0026532509806712224,0.853056793629862,0.665848232393677,-0.11162799739561437,-0.997471732522988,-0.32903233598350173,0.9841231756854657,0
-0.8043672005990544,0.9009088760241706,-1.179024470547907,-0.11439307148048503,-0.911310674287764,-1.177851894974348,-0.7257958293968509,0.2744324511807092,0.665848232393677,-0.7996548742607882,-0.997471732522988,-1.8171847619070236,0.9841231756854657,0
-0.8043672005990544,0.9009088760241706,0.8491410419312149,-0.5632124213060841,-0.911310674287764,0.9048055324001227,-0.2507203421941191,0.2744324511807092,-1.173704231781191,0.4617277333253637,-0.997471732522988,-1.3608180179571436,-1.0161329645585022,1
-0.46546902347764374,-1.1099901739376037,0.8491410419312149,-0.10303835253169524,-0.23538436605243465,-1.177851894974348,-0.8841543251310949,-0.8828162337175963,0.001192415045823164,-1.0289971665491795,-0.4814607612315388,-0.15045404487267908,0.9841231756854657,0
-1.143265377720465,-1.1099901739376037,-0.502969299721533,-0.10494923012947488,-0.911310674287764,-1.177851894974348,0.06599664927436881,-1.461440576166749,-1.6839450612603513,0.003043148748581378,-0.997471732522988,1.0995939929030794,0.9841231756854657,0
-0.46546902347764374,-1.1099901739376037,0.8491410419312149,-0.09871124127721902,0.10257878806523006,-1.177851894974348,-1.2325430157464317,0.853056793629862,-0.8447331706696268,-1.3730106049817663,-0.4814607612315388,0.8813316371009629,-1.0161329645585022,0
-0.634918112038349,0.9009088760241706,1.5251962127575889,-0.45500305519049633,-0.5733475201700994,0.9048055324001227,-0.2507203421941191,-0.8828162337175963,0.001192415045823164,0.23238544103697253,-0.4814607612315388,-0.22982217425526694,-1.0161329645585022,0
-0.634918112038349,-1.1099901739376037,0.8491410419312149,-0.5697346729414807,-0.06640278899360229,0.9048055324001227,-0.2507203421941191,0.853056793629862,0.3738024944681046,0.4617277333253637,-0.4814607612315388,0.5043330225336705,-1.0161329645585022,1
-0.46546902347764374,0.9009088760241706,0.8491410419312149,-0.21838587297948467,-0.911310674287764,-1.177851894974348,0.06599664927436881,-1.461440576166749,1.9750187817152072,0.1177142948927768,-0.997471732522988,0.10749237562073138,-1.0161329645585022,1
-0.46546902347764374,0.9009088760241706,-0.502969299721533,-0.4502179650076266,-0.7423290972289317,0.9048055324001227,-0.2507203421941191,1.4316811360790147,-1.6839450612603513,0.23238544103697253,-0.997471732522988,-2.3330776028938445,0.9841231756854657,0
-0.46546902347764374,0.9009088760241706,-0.502969299721533,-0.11221372347640576,-0.404365943111267,-1.177851894974348,-0.8841543251310949,-1.461440576166749,-1.6839450612603513,-1.0289971665491795,-0.4814607612315388,-0.190138109563973,0.9841231756854657,0
-0.9738162891597597,0.9009088760241706,0.8491410419312149,-0.10565988708732682,-0.911310674287764,-1.177851894974348,-1.0741845200121878,-0.8828162337175963,-0.005521280078902488,-1.143668312693375,-0.4814607612315388,-0.5274526594399713,0.9841231756854657,0
-0.634918112038349,0.9009088760241706,1.5251962127575889,-0.5655339007017338,-0.911310674287764,0.9048055324001227,-0.2507203421941191,0.853056793629862,1.4345663241747801,0.4617277333253637,-0.7394662468772634,0.0479662785837905,-1.0161329645585022,1
-0.9738162891597597,-1.1099901739376037,-0.502969299721533,-0.11177153692485345,-0.911310674287764,-1.177851894974348,-0.7257958293968509,-1.461440576166749,-1.6839450612603513,-0.7996548742607882,-0.4814607612315388,-0.24966420660091387,0.9841231756854657,0
-0.9738162891597597,0.9009088760241706,0.8491410419312149,-0.11352449075422155,-0.5733475201700994,-1.177851894974348,0.06599664927436881,0.2744324511807092,0.001192415045823164,0.003043148748581378,-0.997471732522988,1.298014316359549,-1.0161329645585022,0
-0.9738162891597597,-1.1099901739376037,0.8491410419312149,-0.10701803149566606,-0.911310674287764,-1.177851894974348,-0.5674373336626071,-0.8828162337175963,-1.4724636648314886,-0.6849837281165926,-0.7394662468772634,-0.15045404487267908,0.9841231756854657,0
-0.8043672005990544,-1.1099901739376037,0.8491410419312149,-0.10774448083035916,-0.5733475201700994,-1.177851894974348,0.06599664927436881,1.4316811360790147,-1.8752853723150364,0.003043148748581378,-0.4814607612315388,-0.13061201252703214,-1.0161329645585022,0
-0.634918112038349,0.9009088760241706,-0.502969299721533,-0.44952310042661586,-0.911310674287764,0.9048055324001227,-0.2507203421941191,1.4316811360790147,-0.5896127559300467,0.23238544103697253,-0.7394662468772634,0.6829113136444932,0.9841231756854657,0
-0.46546902347764374,0.9009088760241706,0.8491410419312149,-0.4515761094159659,-0.911310674287764,0.9048055324001227,-0.2507203421941191,-0.8828162337175963,0.001192415045823164,0.23238544103697253,-0.4814607612315388,-1.9560789883265524,0.9841231756854657,0
-0.46546902347764374,0.9009088760241706,0.8491410419312149,-0.5665288204427265,-0.404365943111267,0.9048055324001227,-0.2507203421941191,0.853056793629862,0.5785701957722418,0.4617277333253637,-0.997471732522988,-0.9441353386985575,-1.0161329645585022,1
-0.9738162891597597,0.9009088760241706,-1.179024470547907,-0.10591256511678528,-0.7423290972289317,-1.177851894974348,-0.7574675285436998,-0.8828162337175963,-1.1804179269059165,-0.7996548742607882,-0.7394662468772634,-0.5671367241312653,0.9841231756854657,0
-0.8043672005990544,0.9009088760241706,-1.179024470547907,-0.10913420999238072,-0.911310674287764,-1.177851894974348,-1.2008713165995828,0.853056793629862,1.417782086362966,-1.2583394588375707,-0.997471732522988,0.305912699077201,-1.0161329645585022,0
-0.634918112038349,0.9009088760241706,-1.179024470547907,-0.5652654302954342,-0.5733475201700994,0.9048055324001227,-0.2507203421941191,1.4316811360790147,1.327147202179168,0.4617277333253637,-0.997471732522988,1.0003838311748445,-1.0161329645585022,1
-0.8043672005990544,0.9009088760241706,0.8491410419312149,-0.45282370718641707,-0.5733475201700994,0.9048055324001227,-0.2507203421941191,1.4316811360790147,0.6154955189582334,0.23238544103697253,-0.4814607612315388,-1.7179746001787888,0.9841231756854657,0
-0.46546902347764374,0.9009088760241706,1.5251962127575889,-0.4396370725240534,-0.911310674287764,0.9048055324001227,-0.2507203421941191,0.853056793629862,0.001192415045823164,0.1177142948927768,-0.4814607612315388,-0.5869787564769122,-1.0161329645585022,0
-0.634918112038349,0.9009088760241706,0.8491410419312149,-0.5429192170652011,-0.23538436605243465,0.9048055324001227,-0.2507203421941191,0.853056793629862,-0.11965409719924096,0.4617277333253637,-0.4814607612315388,-1.4600281796853785,-1.0161329645585022,1
-0.634918112038349,0.9009088760241706,-1.179024470547907,-0.10390693325795872,-0.911310674287764,-1.177851894974348,1.8079401023510524,0.2744324511807092,0.001192415045823164,1.7231103409115156,-0.4814607612315388,0.782121475372728,0.9841231756854657,0
-0.8043672005990544,0.9009088760241706,0.8491410419312149,-0.4291035571710036,-0.404365943111267,0.9048055324001227,-0.2507203421941191,0.853056793629862,0.03476089066945202,0.1177142948927768,-0.997471732522988,-0.2893482712922078,0.9841231756854657,0
-0.8043672005990544,0.9009088760241706,0.8491410419312149,-0.4360364106042703,-0.7423290972289317,0.9048055324001227,-0.2507203421941191,-1.461440576166749,-0.21364582894540246,0.1177142948927768,-0.4814607612315388,0.6630692812988462,0.9841231756854657,0
-0.9738162891597597,-1.1099901739376037,-0.502969299721533,-0.11249798625954653,-0.911310674287764,-1.177851894974348,-1.121692068732461,-0.8828162337175963,-1.3482603050240614,-1.2583394588375707,-0.7394662468772634,0.38528082845978884,0.9841231756854657,0
-0.9738162891597597,-1.1099901739376037,0.8491410419312149,-0.21611177071435847,-0.911310674287764,-1.177851894974348,-0.5674373336626071,-1.461440576166749,0.001192415045823164,-0.570312581972397,-0.7394662468772634,-0.07108591549009124,-1.0161329645585022,1
-0.46546902347764374,0.9009088760241706,-1.179024470547907,-0.11265591002795808,-0.404365943111267,-1.177851894974348,-1.042512820865339,-1.461440576166749,-1.6839450612603513,-1.143668312693375,-0.4814607612315388,-1.4798702120310254,0.9841231756854657,0
-0.634918112038349,-1.1099901739376037,0.8491410419312149,-0.10932371851447456,-0.7423290972289317,-1.177851894974348,0.38271364074285674,0.2744324511807092,-0.34120603631519225,0.23238544103697253,-0.997471732522988,0.028124246238143545,-1.0161329645585022,0
-0.2960199349169384,-1.1099901739376037,-1.179024470547907,-0.42744535760268243,-0.23538436605243465,0.9048055324001227,-0.2507203421941191,0.2744324511807092,0.6255660616453219,0.1177142948927768,-0.7394662468772634,-0.4282424977117365,0.9841231756854657,0
-0.9738162891597597,0.9009088760241706,-0.502969299721533,-0.43226203253923445,-0.911310674287764,0.9048055324001227,-0.2507203421941191,-0.8828162337175963,-1.6839450612603513,0.1177142948927768,-0.7394662468772634,-0.5671367241312653,0.9841231756854657,0
-0.9738162891597597,0.9009088760241706,-1.179024470547907,-0.10769710369983569,-0.911310674287764,-1.177851894974348,0.06599664927436881,0.853056793629862,-1.8752853723150364,0.003043148748581378,-0.997471732522988,-0.40840046536608954,0.9841231756854657,0
-0.46546902347764374,-1.1099901739376037,-1.179024470547907,-0.4273821880953178,-0.911310674287764,0.9048055324001227,-0.2507203421941191,1.4316811360790147,0.001192415045823164,0.1177142948927768,-0.7394662468772634,-0.17029607721832604,0.9841231756854657,0
-0.634918112038349,0.9009088760241706,1.5251962127575889,-0.4235288481460762,-0.404365943111267,0.9048055324001227,-0.2507203421941191,0.2744324511807092,-1.2475548781531747,0.1177142948927768,-0.4814607612315388,-0.46792656240303043,0.9841231756854657,0
-0.8043672005990544,0.9009088760241706,-1.179024470547907,-0.4182384019042896,-0.404365943111267,0.9048055324001227,-0.2507203421941191,1.4316811360790147,2.3241309282009484,0.1177142948927768,-0.7394662468772634,-1.9957630530178463,0.9841231756854657,0
-0.9738162891597597,-1.1099901739376037,-0.502969299721533,-0.10515453102840988,-0.911310674287764,-1.177851894974348,0.8577891279455886,-1.461440576166749,-1.1804179269059165,0.6910700256137552,-0.4814607612315388,1.0797519605574324,-1.0161329645585022,0
-0.2960199349169384,0.9009088760241706,0.8491410419312149,-0.4161696005380984,-0.404365943111267,0.9048055324001227,-0.2507203421941191,0.853056793629862,0.9377528849450718,0.1177142948927768,-0.7394662468772634,-1.0830295651180861,-1.0161329645585022,0
-0.9738162891597597,0.9009088760241706,1.5251962127575889,-0.4000613761601213,-0.911310674287764,0.9048055324001227,-0.2507203421941191,-1.461440576166749,0.3469477139692014,0.1177142948927768,-0.997471732522988,1.5162766721616654,0.9841231756854657,0
-0.9738162891597597,-1.1099901739376037,-1.179024470547907,-0.11009754497969111,-0.911310674287764,-1.177851894974348,0.38271364074285674,0.853056793629862,1.0015329886299666,0.23238544103697253,-0.7394662468772634,-0.22982217425526694,0.9841231756854657,0
-0.46546902347764374,0.9009088760241706,1.5251962127575889,-0.21922286895206583,-0.06640278899360229,-1.177851894974348,0.38271364074285674,-0.8828162337175963,2.17642963545698,0.4617277333253637,-0.4814607612315388,-2.2537094735112566,-1.0161329645585022,1
-0.2960199349169384,-1.1099901739376037,-1.179024470547907,-0.39567109539828044,0.10257878806523006,0.9048055324001227,-0.2507203421941191,-0.8828162337175963,2.431550050196561,0.1177142948927768,-0.997471732522988,0.40512286080543575,0.9841231756854657,0
-0.46546902347764374,-1.1099901739376037,0.8491410419312149,-0.11282962617321077,-0.06640278899360229,-1.177851894974348,-1.01084112171849,-1.461440576166749,-1.8752853723150364,-1.143668312693375,-0.4814607612315388,0.4249648931510827,0.9841231756854657,0
-0.8043672005990544,0.9009088760241706,-1.179024470547907,-0.5057123772274421,-0.911310674287764,0.9048055324001227,-0.2507203421941191,-1.461440576166749,1.8407448792206904,0.3470565871811683,-0.7394662468772634,-0.24966420660091387,-1.0161329645585022,1
-0.634918112038349,0.9009088760241706,-1.179024470547907,-0.5121082898481095,-0.7423290972289317,0.9048055324001227,-0.2507203421941191,-1.461440576166749,0.001192415045823164,0.3470565871811683,-0.997471732522988,1.337698381050843,-1.0161329645585022,1
-0.8043672005990544,-1.1099901739376037,-0.502969299721533,-0.1117873293016946,-0.7423290972289317,-1.177851894974348,-0.9158260242779438,0.853056793629862,-1.8752853723150364,-1.0289971665491795,-0.7394662468772634,0.7622794430270811,0.9841231756854657,0
-0.46546902347764374,-1.1099901739376037,-0.502969299721533,-0.39734508734344276,-0.404365943111267,0.9048055324001227,-0.2507203421941191,0.853056793629862,-0.21028898138303903,0.1177142948927768,-0.7394662468772634,1.258330251668255,0.9841231756854657,0
-0.2960199349169384,-1.1099901739376037,0.8491410419312149,-0.10908683286185725,-0.23538436605243465,-1.177851894974348,-0.2705151541608996,-0.8828162337175963,-1.1233515183457474,-0.34097028968400567,-0.7394662468772634,-0.8052411122790287,0.9841231756854657,0
-0.2960199349169384,0.9009088760241706,1.5251962127575889,-0.39606590481930926,0.10257878806523006,0.9048055324001227,-0.2507203421941191,0.853056793629862,1.451350561986595,0.1177142948927768,-0.4814607612315388,-0.7457150152420878,0.9841231756854657,0
-0.8043672005990544,0.9009088760241706,0.8491410419312149,-0.5032803511939044,-0.5733475201700994,0.9048055324001227,-0.2507203421941191,-0.3041918912684436,0.11868207972852446,0.3470565871811683,-0.7394662468772634,-2.3926036999307856,-1.0161329645585022,1
-0.634918112038349,0.9009088760241706,-1.179024470547907,-0.39263895904477886,-0.404365943111267,0.9048055324001227,-0.2507203421941191,0.2744324511807092,0.5785701957722418,0.1177142948927768,-0.4814607612315388,-0.4282424977117365,0.9841231756854657,0
-0.9738162891597597,-1.1099901739376037,0.8491410419312149,-0.10782344271456493,-0.7423290972289317,-1.177851894974348,0.21643722022190057,-0.8828162337175963,0.03476089066945202,0.1177142948927768,-0.7394662468772634,-3.4243893819044273,0.9841231756854657,0
-0.634918112038349,0.9009088760241706,1.5251962127575889,-0.1061810355230849,-0.404365943111267,-1.177851894974348,0.5410721364771007,0.2744324511807092,-1.2475548781531747,0.4617277333253637,-0.997471732522988,1.0400678958661385,0.9841231756854657,0
-0.8043672005990544,-1.1099901739376037,-1.179024470547907,-0.10884994720923993,-0.911310674287764,0.21058638994196582,0.06599664927436881,0.2744324511807092,-1.371758237960602,0.003043148748581378,-0.4814607612315388,0.0479662785837905,0.9841231756854657,0
-0.9738162891597597,-1.1099901739376037,-1.179024470547907,-0.10987645170391495,-0.404365943111267,-1.177851894974348,-0.12403354560672394,-0.8828162337175963,-0.21364582894540246,-0.2262991435398101,-0.4814607612315388,1.1194360252487263,-1.0161329645585022,0
-0.8043672005990544,0.9009088760241706,-1.179024470547907,-0.11368241452263309,-0.23538436605243465,-1.177851894974348,-0.8841543251310949,0.2744324511807092,-1.1233515183457474,-0.9143260204049839,-0.997471732522988,0.6233852166075523,-1.0161329645585022,0
-0.9738162891597597,0.9009088760241706,0.8491410419312149,-0.3922915267542735,-0.5733475201700994,0.9048055324001227,-0.2507203421941191,-1.461440576166749,0.6154955189582334,0.1177142948927768,-0.7394662468772634,-0.7457150152420878,-1.0161329645585022,0
-0.46546902347764374,-1.1099901739376037,0.8491410419312149,-0.3969502779224139,-0.5733475201700994,0.9048055324001227,-0.2507203421941191,-0.8828162337175963,0.8269769153870962,0.1177142948927768,-0.4814607612315388,-0.3488743683291487,0.9841231756854657,0
-1.143265377720465,-1.1099901739376037,-0.502969299721533,-0.3931601074805369,-0.911310674287764,0.9048055324001227,-0.2507203421941191,-0.8828162337175963,0.001192415045823164,0.1177142948927768,-0.997471732522988,-2.2933935382025505,0.9841231756854657,0
-0.46546902347764374,-1.1099901739376037,-1.179024470547907,-0.5022222619455471,-0.5733475201700994,0.9048055324001227,-0.2507203421941191,0.853056793629862,0.1119683846037988,0.3470565871811683,-0.997471732522988,0.26622863438590705,-1.0161329645585022,1
-0.8043672005990544,0.9009088760241706,0.8491410419312149,-0.3944077052509881,-0.7423290972289317,0.9048055324001227,-0.2507203421941191,0.853056793629862,-1.2475548781531747,0.1177142948927768,-0.4814607612315388,-1.678290535487495,0.9841231756854657,0
-0.9738162891597597,0.9009088760241706,-0.502969299721533,-0.3741934628943109,-0.911310674287764,0.9048055324001227,-0.2507203421941191,-0.8828162337175963,-1.173704231781191,0.003043148748581378,-0.7394662468772634,1.0797519605574324,-1.0161329645585022,0
-0.46546902347764374,0.9009088760241706,0.8491410419312149,-0.10948164228288611,-0.5733475201700994,-1.177851894974348,-0.4882580857954851,-0.3041918912684436,-1.7510820125076092,-0.570312581972397,-0.4814607612315388,0.32575473142284794,-1.0161329645585022,0
-0.9738162891597597,-1.1099901739376037,0.8491410419312149,-0.37698871359519515,-0.911310674287764,0.9048055324001227,-0.2507203421941191,-1.461440576166749,-1.623521805137819,0.003043148748581378,-0.997471732522988,-0.7060309505507939,0.9841231756854657,0
-0.46546902347764374,-1.1099901739376037,-1.179024470547907,-0.1052492852894568,-0.404365943111267,-1.177851894974348,-0.7257958293968509,1.4316811360790147,-1.2475548781531747,-0.7996548742607882,-0.997471732522988,0.5043330225336705,0.9841231756854657,0
-0.2960199349169384,-1.1099901739376037,-1.179024470547907,-0.10630737453781414,0.10257878806523006,-1.177851894974348,-0.7257958293968509,0.2744324511807092,-1.371758237960602,-0.7996548742607882,-0.4814607612315388,0.9011736694466097,-1.0161329645585022,0
-0.8043672005990544,-1.1099901739376037,-1.179024470547907,-0.10578622610205604,-0.7423290972289317,-1.177851894974348,0.38271364074285674,-1.461440576166749,-1.2475548781531747,0.23238544103697253,-0.7394662468772634,-1.3211339532658497,0.9841231756854657,0
-0.8043672005990544,0.9009088760241706,-1.179024470547907,-0.10728650190196569,-0.06640278899360229,-1.177851894974348,1.9662985980852963,0.2744324511807092,0.6893461653302174,1.8377814870557112,-0.7394662468772634,-3.9402822228912484,0.9841231756854657,0
-0.634918112038349,0.9009088760241706,-1.179024470547907,-0.4829397698224979,-0.911310674287764,0.9048055324001227,-0.2507203421941191,-0.8828162337175963,-0.37813135950118393,0.23238544103697253,-0.997471732522988,0.9805417988291976,-1.0161329645585022,1
-0.2960199349169384,0.9009088760241706,-0.502969299721533,-0.11063448579229035,-0.23538436605243465,-1.177851894974348,0.4618928886099787,1.4316811360790147,-1.371758237960602,0.3470565871811683,-0.997471732522988,0.7027533459901402,0.9841231756854657,0
-0.8043672005990544,-1.1099901739376037,1.5251962127575889,-0.36910831755145923,-0.5733475201700994,0.9048055324001227,-0.2507203421941191,0.853056793629862,-0.11965409719924096,0.003043148748581378,-0.4814607612315388,0.9606997664835506,0.9841231756854657,0
-0.634918112038349,-1.1099901739376037,-1.179024470547907,-0.3607067730719653,-0.23538436605243465,0.9048055324001227,-0.2507203421941191,-0.8828162337175963,1.5587696839822078,0.003043148748581378,-0.7394662468772634,1.1988041546313142,0.9841231756854657,0
-1.143265377720465,-1.1099901739376037,-1.179024470547907,-0.46814231272233653,-0.911310674287764,0.9048055324001227,-0.2507203421941191,-1.461440576166749,-0.3680608168140954,0.23238544103697253,-0.4814607612315388,0.286070666731554,-1.0161329645585022,1
-0.2960199349169384,0.9009088760241706,-0.502969299721533,-0.3523052285924713,-0.23538436605243465,0.9048055324001227,-0.2507203421941191,0.853056793629862,-0.33784918875282943,0.003043148748581378,-0.4814607612315388,0.286070666731554,-1.0161329645585022,0
-0.9738162891597597,-1.1099901739376037,-1.179024470547907,-0.35770622147214604,-0.911310674287764,0.9048055324001227,-0.2507203421941191,-0.8828162337175963,0.3939435798422821,0.003043148748581378,-0.4814607612315388,-0.9441353386985575,0.9841231756854657,0
-0.9738162891597597,-1.1099901739376037,-1.179024470547907,-0.10812349787454685,-0.911310674287764,-1.177851894974348,0.06599664927436881,0.853056793629862,0.001192415045823164,0.003043148748581378,-0.4814607612315388,0.305912699077201,0.9841231756854657,0
-0.8043672005990544,-1.1099901739376037,1.5251962127575889,-0.11041339251651419,-0.5733475201700994,-1.177851894974348,0.8577891279455886,0.2744324511807092,-0.21364582894540246,0.8057411717579506,-0.4814607612315388,0.801963507718375,0.9841231756854657,0
-0.46546902347764374,-1.1099901739376037,-0.502969299721533,-0.10940268039868033,-0.06640278899360229,-1.177851894974348,0.5410721364771007,0.2744324511807092,1.0619562447524988,0.4617277333253637,-0.7394662468772634,1.1591200899400202,-1.0161329645585022,0
-0.634918112038349,0.9009088760241706,-0.502969299721533,-0.1077602732072003,-0.911310674287764,0.21058638994196582,0.06599664927436881,0.853056793629862,-0.21364582894540246,0.003043148748581378,-0.4814607612315388,-0.9044512740072636,0.9841231756854657,0
-0.2960199349169384,-1.1099901739376037,-1.179024470547907,-0.10763393419247108,-0.23538436605243465,-1.177851894974348,-1.0345948960786266,0.853056793629862,-1.2475548781531747,-1.143668312693375,-0.7394662468772634,-2.1743413441286688,0.9841231756854657,0
-0.2960199349169384,0.9009088760241706,-0.502969299721533,-0.10276988212539562,-0.23538436605243465,-1.177851894974348,1.6495816066168083,-0.8828162337175963,-0.08944246913797492,1.4937680486231246,-0.4814607612315388,-2.4124457322764323,0.9841231756854657,0
-0.9738162891597597,-1.1099901739376037,-0.502969299721533,-0.11276645666584616,-0.911310674287764,-1.177851894974348,-0.2823920413409679,1.4316811360790147,-1.2475548781531747,-0.34097028968400567,-0.997471732522988,0.286070666731554,-1.0161329645585022,0
-0.46546902347764374,0.9009088760241706,-1.179024470547907,-0.3547530470028502,-0.7423290972289317,0.9048055324001227,-0.2507203421941191,-1.461440576166749,0.5114332445249834,0.003043148748581378,-0.4814607612315388,1.0599099282117854,0.9841231756854657,0
-0.8043672005990544,-1.1099901739376037,-1.179024470547907,-0.33739722485442186,-0.911310674287764,0.9048055324001227,-0.2507203421941191,1.4316811360790147,0.001192415045823164,0.003043148748581378,-0.997471732522988,-0.24966420660091387,0.9841231756854657,0
-0.634918112038349,0.9009088760241706,0.8491410419312149,-0.45602955968517134,-0.7423290972289317,0.9048055324001227,-0.2507203421941191,0.2744324511807092,1.7736079279734327,0.23238544103697253,-0.4814607612315388,-0.3488743683291487,-1.0161329645585022,1
-0.8043672005990544,0.9009088760241706,0.8491410419312149,-0.3280639301412998,-0.911310674287764,0.9048055324001227,-0.2507203421941191,-1.461440576166749,-0.8447331706696268,0.003043148748581378,-0.997471732522988,-0.13061201252703214,0.9841231756854657,0
-0.9738162891597597,0.9009088760241706,0.8491410419312149,-0.33626017372185873,-0.404365943111267,0.9048055324001227,-0.2507203421941191,-1.461440576166749,0.665848232393677,0.003043148748581378,-0.7394662468772634,0.18686050500331922,0.9841231756854657,0
-0.634918112038349,-1.1099901739376037,0.8491410419312149,-0.11314547371003385,-0.911310674287764,-1.177851894974348,0.992393849319696,1.4316811360790147,0.03476089066945202,0.9204123179021463,-0.7394662468772634,0.20670253734896618,0.9841231756854657,0
-0.9738162891597597,-1.1099901739376037,0.8491410419312149,-0.11627236432458236,-0.911310674287764,-1.177851894974348,0.25602684415546156,1.4316811360790147,-1.7510820125076092,0.1177142948927768,-0.4814607612315388,-1.3211339532658497,-1.0161329645585022,0
-0.46546902347764374,-1.1099901739376037,0.8491410419312149,-0.3382500132038442,-0.06640278899360229,0.9048055324001227,-0.2507203421941191,1.4316811360790147,-0.1397951825734185,0.003043148748581378,-0.4814607612315388,0.5241750548793175,0.9841231756854657,0
-0.8043672005990544,0.9009088760241706,-0.502969299721533,-0.3395765728585011,-0.911310674287764,0.9048055324001227,-0.2507203421941191,1.4316811360790147,0.665848232393677,0.003043148748581378,-0.4814607612315388,0.6035431842619053,-1.0161329645585022,0
-0.8043672005990544,-1.1099901739376037,0.8491410419312149,-0.10764972656931222,-0.911310674287764,-1.177851894974348,-0.3774071387815143,-1.461440576166749,0.001192415045823164,-0.45564143582820127,-0.997471732522988,-0.4282424977117365,-1.0161329645585022,0
-0.46546902347764374,0.9009088760241706,0.8491410419312149,-0.10915000236922187,-0.7423290972289317,0.21058638994196582,-0.7257958293968509,-0.3041918912684436,-1.2475548781531747,-0.7996548742607882,-0.4814607612315388,0.4448069254967297,0.9841231756854657,0
-0.9738162891597597,-1.1099901739376037,-1.179024470547907,-0.11420356295839118,-0.911310674287764,-1.177851894974348,0.38271364074285674,0.853056793629862,-0.33784918875282943,0.3470565871811683,-0.7394662468772634,-0.9242933063529105,-1.0161329645585022,0
-0.634918112038349,-1.1099901739376037,1.5251962127575889,-0.33820263607332074,-0.06640278899360229,0.9048055324001227,-0.2507203421941191,-1.461440576166749,-1.173704231781191,0.003043148748581378,-0.4814607612315388,1.3773824457421369,-1.0161329645585022,0
-0.46546902347764374,-1.1099901739376037,1.5251962127575889,-0.3331174907304691,-0.23538436605243465,0.9048055324001227,-0.2507203421941191,-0.8828162337175963,1.1223795008750308,0.003043148748581378,-0.997471732522988,0.22654456969461315,-1.0161329645585022,0
-0.8043672005990544,-1.1099901739376037,-1.179024470547907,-0.4518287874454244,-0.911310674287764,0.9048055324001227,-0.2507203421941191,-0.3041918912684436,1.5352717510456675,0.23238544103697253,-0.997471732522988,0.3455967637684949,-1.0161329645585022,1
-0.46546902347764374,-1.1099901739376037,1.5251962127575889,-0.10780765033772377,-0.5733475201700994,-1.177851894974348,-0.646616581529729,-0.3041918912684436,-0.08944246913797492,-0.6849837281165926,-0.997471732522988,-0.24966420660091387,0.9841231756854657,0
-0.46546902347764374,0.9009088760241706,-1.179024470547907,-0.3374761867386276,0.10257878806523006,0.9048055324001227,-0.2507203421941191,0.853056793629862,0.7061304031420315,0.003043148748581378,-0.4814607612315388,0.821805540064022,-1.0161329645585022,0
-0.2960199349169384,-1.1099901739376037,-1.179024470547907,-0.33490202931351953,-0.404365943111267,0.9048055324001227,-0.2507203421941191,-1.461440576166749,-0.3512765790022807,0.003043148748581378,-0.7394662468772634,0.3654387961141419,-1.0161329645585022,0
-0.634918112038349,0.9009088760241706,-0.502969299721533,-0.3235157256110474,-0.7423290972289317,0.9048055324001227,-0.2507203421941191,0.2744324511807092,1.6628319584154578,-0.11162799739561437,-0.7394662468772634,-0.07108591549009124,0.9841231756854657,0
-0.9738162891597597,-1.1099901739376037,0.8491410419312149,-0.10989224408075611,-0.5733475201700994,-1.177851894974348,-0.5476425216958265,1.4316811360790147,-1.623521805137819,-0.6849837281165926,-0.7394662468772634,-0.2893482712922078,0.9841231756854657,0
-0.2960199349169384,0.9009088760241706,-1.179024470547907,-0.3235157256110474,-0.06640278899360229,0.9048055324001227,-0.2507203421941191,0.2744324511807092,0.15896425047687956,-0.11162799739561437,-0.4814607612315388,1.1392780575943733,0.9841231756854657,0
-0.46546902347764374,0.9009088760241706,-1.179024470547907,-0.3097605653824022,-0.911310674287764,0.9048055324001227,-0.2507203421941191,-0.8828162337175963,-1.0092187012254088,-0.11162799739561437,-0.7394662468772634,-2.094973214746081,0.9841231756854657,0
-0.634918112038349,-1.1099901739376037,-0.502969299721533,-0.29592644326955125,-0.7423290972289317,0.9048055324001227,-0.2507203421941191,1.4316811360790147,1.6594751108530943,-0.11162799739561437,-0.997471732522988,-1.3409759856114967,0.9841231756854657,0
-1.143265377720465,-1.1099901739376037,-1.179024470547907,-0.41334276508353185,-0.5733475201700994,0.9048055324001227,-0.2507203421941191,1.4316811360790147,1.7736079279734327,0.1177142948927768,-0.7394662468772634,0.9408577341379036,-1.0161329645585022,1
-0.634918112038349,0.9009088760241706,-1.179024470547907,-0.2972056257936847,-0.5733475201700994,0.9048055324001227,-0.2507203421941191,0.853056793629862,1.6628319584154578,-0.11162799739561437,-0.7394662468772634,-1.202081759191968,0.9841231756854657,0
-0.634918112038349,-1.1099901739376037,-0.502969299721533,-0.29695294776422626,-0.7423290972289317,0.9048055324001227,-0.2507203421941191,0.2744324511807092,0.4745079213389917,-0.11162799739561437,-0.997471732522988,1.278172284013902,0.9841231756854657,0
-0.8043672005990544,0.9009088760241706,-1.179024470547907,-0.2943156208317535,-0.911310674287764,0.9048055324001227,-0.2507203421941191,-0.8828162337175963,1.0955247203761276,-0.11162799739561437,-0.4814607612315388,-1.6981325678331418,-1.0161329645585022,0
-0.9738162891597597,0.9009088760241706,0.8491410419312149,-0.2996850289577459,-0.911310674287764,0.9048055324001227,-0.2507203421941191,-0.8828162337175963,-1.4724636648314886,-0.11162799739561437,-0.7394662468772634,0.286070666731554,0.9841231756854657,0
-0.8043672005990544,0.9009088760241706,1.5251962127575889,-0.2984848083178182,-0.5733475201700994,0.9048055324001227,-0.2507203421941191,-0.8828162337175963,-1.4724636648314886,-0.11162799739561437,-0.7394662468772634,0.38528082845978884,0.9841231756854657,0
-0.9738162891597597,-1.1099901739376037,-0.502969299721533,-0.10861306155662263,-0.911310674287764,-1.177851894974348,-0.7257958293968509,-0.8828162337175963,-1.4993184453303918,-0.7996548742607882,-0.4814607612315388,0.5638591195706114,-1.0161329645585022,0
-0.634918112038349,-1.1099901739376037,-0.502969299721533,-0.10821825213559377,-0.5733475201700994,-1.177851894974348,-0.09236184645987515,1.4316811360790147,0.001192415045823164,-0.2262991435398101,-0.4814607612315388,-0.32903233598350173,0.9841231756854657,0
-0.46546902347764374,-1.1099901739376037,1.5251962127575889,-0.29897437199989396,-0.7423290972289317,0.9048055324001227,-0.2507203421941191,1.4316811360790147,-1.0427871768490378,-0.11162799739561437,-0.4814607612315388,-0.8250831446246757,0.9841231756854657,0
-0.8043672005990544,0.9009088760241706,-1.179024470547907,-0.4109423238036764,-0.23538436605243465,0.9048055324001227,-0.2507203421941191,-0.8828162337175963,0.8336906105118219,0.1177142948927768,-0.997471732522988,0.08765034327508442,-1.0161329645585022,1
-0.46546902347764374,0.9009088760241706,1.5251962127575889,-0.11169257504064767,-0.5733475201700994,0.21058638994196582,-0.4882580857954851,-0.3041918912684436,-1.623521805137819,-0.570312581972397,-0.7394662468772634,-1.5195542767223194,-1.0161329645585022,0
-0.9738162891597597,-1.1099901739376037,-0.502969299721533,-0.11221372347640576,-0.911310674287764,-1.177851894974348,-1.2008713165995828,-0.8828162337175963,0.5382880250238866,-1.2583394588375707,-0.997471732522988,-0.03140185079879733,0.9841231756854657,0
-0.2960199349169384,0.9009088760241706,1.5251962127575889,-0.11147148176487151,-0.404365943111267,-1.177851894974348,-0.09236184645987515,-0.8828162337175963,-1.3751150855229646,-0.2262991435398101,-0.7394662468772634,1.1392780575943733,-1.0161329645585022,0
-0.8043672005990544,-1.1099901739376037,-1.179024470547907,-0.2990691262609409,-0.911310674287764,0.9048055324001227,-0.2507203421941191,-0.8828162337175963,-1.1804179269059165,-0.11162799739561437,-0.4814607612315388,0.08765034327508442,0.9841231756854657,0
-0.634918112038349,0.9009088760241706,-1.179024470547907,-0.2947104302527824,-0.7423290972289317,0.9048055324001227,-0.2507203421941191,-1.461440576166749,-0.34120603631519225,-0.11162799739561437,-0.997471732522988,-1.3409759856114967,0.9841231756854657,0
-0.634918112038349,0.9009088760241706,-1.179024470547907,-0.11281383379636961,-0.911310674287764,0.21058638994196582,-0.7257958293968509,-0.8828162337175963,-1.7510820125076092,-0.7996548742607882,-0.7394662468772634,-0.17029607721832604,0.9841231756854657,0
-0.8043672005990544,0.9009088760241706,-0.502969299721533,-0.10453862833160488,-0.911310674287764,-1.177851894974348,0.06599664927436881,0.2744324511807092,0.001192415045823164,0.003043148748581378,-0.7394662468772634,0.305912699077201,-1.0161329645585022,0
-1.143265377720465,-1.1099901739376037,-0.502969299721533,-0.4128532014014561,-0.911310674287764,0.9048055324001227,-0.2507203421941191,-0.8828162337175963,1.4110683912382405,0.1177142948927768,-0.997471732522988,0.6630692812988462,-1.0161329645585022,1
-0.634918112038349,0.9009088760241706,0.8491410419312149,-0.11145568938803037,-0.06640278899360229,-1.177851894974348,0.38271364074285674,1.4316811360790147,-0.4654093961226198,0.23238544103697253,-0.4814607612315388,-0.7853990799333818,0.9841231756854657,0
-1.143265377720465,-1.1099901739376037,0.8491410419312149,-0.10602311175467335,-0.911310674287764,-1.177851894974348,-0.2507203421941191,-0.8828162337175963,0.4107278176540969,-0.34097028968400567,-0.7394662468772634,0.5241750548793175,0.9841231756854657,0
-0.8043672005990544,-1.1099901739376037,0.8491410419312149,-0.10747601042405953,-0.5733475201700994,-1.177851894974348,0.38271364074285674,0.853056793629862,0.001192415045823164,0.23238544103697253,-0.4814607612315388,0.9011736694466097,-1.0161329645585022,0
-1.143265377720465,0.9009088760241706,0.8491410419312149,-0.10856568442609917,-0.5733475201700994,-1.177851894974348,-0.2823920413409679,-1.461440576166749,-0.34120603631519225,-0.34097028968400567,-0.997471732522988,-0.9044512740072636,-1.0161329645585022,0
-0.9738162891597597,-1.1099901739376037,-0.502969299721533,-0.10744442567037722,-0.404365943111267,-1.177851894974348,-1.2008713165995828,0.853056793629862,-1.4993184453303918,-1.2583394588375707,-0.7394662468772634,0.5440170872249644,-1.0161329645585022,0
-0.46546902347764374,-1.1099901739376037,1.5251962127575889,-0.29932180429039934,-0.911310674287764,0.9048055324001227,-0.2507203421941191,-1.461440576166749,0.954537122756886,-0.11162799739561437,-0.7394662468772634,0.32575473142284794,0.9841231756854657,0
-0.634918112038349,0.9009088760241706,-1.179024470547907,-0.11063448579229035,-0.911310674287764,-1.177851894974348,0.018489100554095618,0.2744324511807092,-0.7138161157374736,-0.11162799739561437,-0.7394662468772634,0.08765034327508442,-1.0161329645585022,0
-0.2960199349169384,0.9009088760241706,0.8491410419312149,-0.10760234943878877,0.10257878806523006,-1.177851894974348,-0.3774071387815143,-1.461440576166749,0.001192415045823164,-0.45564143582820127,-0.4814607612315388,-1.0433455004267922,0.9841231756854657,0
-0.8043672005990544,-1.1099901739376037,0.8491410419312149,-0.3085287599887922,-0.911310674287764,0.9048055324001227,-0.2507203421941191,1.4316811360790147,0.001192415045823164,-0.11162799739561437,-0.4814607612315388,-3.285495155484899,0.9841231756854657,0
-0.9738162891597597,-1.1099901739376037,-0.502969299721533,-0.29499469303592313,-0.7423290972289317,0.9048055324001227,-0.2507203421941191,0.853056793629862,0.3939435798422821,-0.11162799739561437,-0.4814607612315388,-1.0036614357354983,-1.0161329645585022,0
-0.8043672005990544,0.9009088760241706,-0.502969299721533,-0.10771289607667685,-0.911310674287764,-1.177851894974348,-1.2008713165995828,0.853056793629862,-0.21700267650776528,-1.2583394588375707,-0.997471732522988,-0.22982217425526694,-1.0161329645585022,0
-0.634918112038349,-1.1099901739376037,-1.179024470547907,-0.2994165585514463,-0.7423290972289317,0.9048055324001227,-0.2507203421941191,-0.8828162337175963,-1.0964967378468442,-0.11162799739561437,-0.4814607612315388,-0.7457150152420878,-1.0161329645585022,0
-0.8043672005990544,-1.1099901739376037,-1.179024470547907,-0.10989224408075611,-0.5733475201700994,-1.177851894974348,-0.4090788379283631,-0.8828162337175963,-1.4993184453303918,-0.45564143582820127,-0.7394662468772634,0.6035431842619053,-1.0161329645585022,0
-0.9738162891597597,-1.1099901739376037,0.8491410419312149,-0.301643283686049,-0.911310674287764,0.9048055324001227,-0.2507203421941191,0.853056793629862,0.7229146409538463,-0.11162799739561437,-0.997471732522988,-0.40840046536608954,0.9841231756854657,0
-0.46546902347764374,-1.1099901739376037,-1.179024470547907,-0.41372178212771954,-0.404365943111267,0.9048055324001227,-0.2507203421941191,0.2744324511807092,0.6423502994571366,0.1177142948927768,-0.4814607612315388,-1.7378166325244357,-1.0161329645585022,1
-1.143265377720465,-1.1099901739376037,-0.502969299721533,-0.11046076964703766,-0.911310674287764,-1.177851894974348,-0.5674373336626071,0.853056793629862,-1.3751150855229646,-0.6849837281165926,-0.4814607612315388,-0.17029607721832604,-1.0161329645585022,0
-0.8043672005990544,0.9009088760241706,-1.179024470547907,-0.11200842257747076,-0.911310674287764,-1.177851894974348,1.6495816066168083,0.853056793629862,-1.4993184453303918,1.4937680486231246,-0.7394662468772634,0.7622794430270811,-1.0161329645585022,0
-0.46546902347764374,-1.1099901739376037,-1.179024470547907,-0.10826562926611724,-0.06640278899360229,-1.177851894974348,-0.2507203421941191,-1.461440576166749,-1.7510820125076092,-0.34097028968400567,-0.997471732522988,0.6035431842619053,0.9841231756854657,0
-0.8043672005990544,0.9009088760241706,0.8491410419312149,-0.10935530326815687,-0.7423290972289317,-1.177851894974348,-0.3774071387815143,-1.461440576166749,0.001192415045823164,-0.45564143582820127,-0.4814607612315388,-1.5989224061049072,-1.0161329645585022,0
-0.8043672005990544,0.9009088760241706,-1.179024470547907,-0.2957843118779808,-0.911310674287764,0.9048055324001227,-0.2507203421941191,0.2744324511807092,0.5785701957722418,-0.11162799739561437,-0.4814607612315388,1.238488219322608,-1.0161329645585022,0
-0.2960199349169384,0.9009088760241706,-1.179024470547907,-0.29622649842953314,-0.06640278899360229,0.9048055324001227,-0.2507203421941191,-1.461440576166749,0.665848232393677,-0.11162799739561437,-0.7394662468772634,-1.3409759856114967,0.9841231756854657,0
-1.143265377720465,-1.1099901739376037,-0.502969299721533,-0.2940787351791362,-0.911310674287764,0.9048055324001227,-0.2507203421941191,1.4316811360790147,1.5486991412951188,-0.11162799739561437,-0.997471732522988,-1.162397694500674,0.9841231756854657,0
-0.2960199349169384,0.9009088760241706,-0.502969299721533,-0.10821825213559377,0.4405419421828948,-1.177851894974348,-0.4090788379283631,-0.8828162337175963,-0.4654093961226198,-0.45564143582820127,-0.7394662468772634,0.4448069254967297,0.9841231756854657,0
-0.8043672005990544,-1.1099901739376037,-1.179024470547907,-0.11053973153124343,-0.5733475201700994,-1.177851894974348,0.5410721364771007,-0.8828162337175963,-1.3751150855229646,0.4617277333253637,-0.997471732522988,-0.8052411122790287,0.9841231756854657,0
-0.2960199349169384,0.9009088760241706,0.8491410419312149,-0.09798479194252593,-0.06640278899360229,-1.177851894974348,-0.7257958293968509,0.2744324511807092,0.001192415045823164,-0.7996548742607882,-0.4814607612315388,-1.9759210206721993,-1.0161329645585022,0
-0.46546902347764374,0.9009088760241706,0.8491410419312149,-0.10746021804721838,-0.23538436605243465,-1.177851894974348,0.06599664927436881,-0.8828162337175963,-0.21700267650776528,0.003043148748581378,-0.4814607612315388,-2.9680226379545473,0.9841231756854657,0
-0.46546902347764374,0.9009088760241706,1.5251962127575889,-0.2552452805267383,-0.7423290972289317,0.9048055324001227,-0.2507203421941191,0.2744324511807092,-0.21364582894540246,-0.11162799739561437,-0.997471732522988,-0.20998014190961997,0.9841231756854657,0
-0.634918112038349,-1.1099901739376037,0.8491410419312149,-0.25680872583401254,-0.06640278899360229,0.9048055324001227,-0.2507203421941191,-0.3041918912684436,-0.005521280078902488,-0.11162799739561437,-0.4814607612315388,-1.8370267942526706,0.9841231756854657,0
-0.634918112038349,-1.1099901739376037,0.8491410419312149,-0.2606778581600953,-0.404365943111267,0.9048055324001227,-0.2507203421941191,0.2744324511807092,-1.173704231781191,-0.11162799739561437,-0.4814607612315388,-0.7060309505507939,0.9841231756854657,0
-0.2960199349169384,0.9009088760241706,-0.502969299721533,-0.2610884599579653,-0.06640278899360229,0.9048055324001227,-0.2507203421941191,-0.8828162337175963,-0.25392799969375696,-0.11162799739561437,-0.4814607612315388,-0.3488743683291487,-1.0161329645585022,0
-0.8043672005990544,0.9009088760241706,-0.502969299721533,-0.26134113798742376,-0.911310674287764,0.9048055324001227,-0.2507203421941191,-1.461440576166749,0.7430557263280237,-0.11162799739561437,-0.997471732522988,-0.8647672093159696,0.9841231756854657,0
-0.2960199349169384,-1.1099901739376037,-1.179024470547907,-0.37932598536768597,-0.5733475201700994,0.9048055324001227,-0.2507203421941191,0.853056793629862,1.1458774338115711,0.003043148748581378,-0.997471732522988,0.5638591195706114,-1.0161329645585022,1
-0.9738162891597597,0.9009088760241706,-0.502969299721533,-0.11317705846371616,-0.911310674287764,0.21058638994196582,-0.13986939518014835,0.853056793629862,1.5352717510456675,-0.2262991435398101,-0.4814607612315388,0.7225953783357871,-1.0161329645585022,0
-0.634918112038349,0.9009088760241706,-1.179024470547907,-0.2559717298614314,-0.7423290972289317,0.9048055324001227,-0.2507203421941191,-0.8828162337175963,0.25966967734776614,-0.11162799739561437,-0.7394662468772634,-1.202081759191968,0.9841231756854657,0
-0.8043672005990544,-1.1099901739376037,-1.179024470547907,-0.3667552534021273,-0.911310674287764,0.9048055324001227,-0.2507203421941191,-0.8828162337175963,0.2865244578466693,0.003043148748581378,-0.7394662468772634,-0.09092794783573821,-1.0161329645585022,1
-0.46546902347764374,0.9009088760241706,-0.502969299721533,-0.10861306155662263,-0.7423290972289317,-1.177851894974348,0.06599664927436881,1.4316811360790147,0.16232109803924238,0.003043148748581378,-0.4814607612315388,0.9210157017922567,-1.0161329645585022,0
-0.634918112038349,-1.1099901739376037,0.8491410419312149,-0.10796557410613532,-0.404365943111267,-1.177851894974348,1.6495816066168083,1.4316811360790147,-1.0495008719737637,1.4937680486231246,-0.997471732522988,-0.8647672093159696,0.9841231756854657,0
-0.46546902347764374,0.9009088760241706,-0.502969299721533,-0.10801295123665877,-0.7423290972289317,0.21058638994196582,1.0161476236798326,0.2744324511807092,-1.0495008719737637,0.9204123179021463,-0.4814607612315388,-0.9639773710442044,0.9841231756854657,0
-0.634918112038349,0.9009088760241706,-0.502969299721533,-0.3623491802634453,-0.404365943111267,0.9048055324001227,-0.2507203421941191,-0.3041918912684436,1.417782086362966,0.003043148748581378,-0.997471732522988,-0.5274526594399713,-1.0161329645585022,1
-0.634918112038349,0.9009088760241706,-0.502969299721533,-0.24477493468105316,-0.404365943111267,0.9048055324001227,-0.2507203421941191,0.2744324511807092,0.6255660616453219,-0.2262991435398101,-0.7394662468772634,0.9011736694466097,0.9841231756854657,0
-1.143265377720465,0.9009088760241706,-0.502969299721533,-0.10419119604109948,-0.911310674287764,0.21058638994196582,1.0161476236798326,1.4316811360790147,0.001192415045823164,0.9204123179021463,-0.997471732522988,1.4170665104334308,0.9841231756854657,0
-0.634918112038349,0.9009088760241706,0.8491410419312149,-0.10648109068306683,-0.7423290972289317,-1.177851894974348,0.6994306322113446,-1.461440576166749,0.001192415045823164,0.5763988794695595,-0.997471732522988,-0.6266628211682062,0.9841231756854657,0
-0.46546902347764374,-1.1099901739376037,0.8491410419312149,-0.23792104313199228,-0.23538436605243465,0.9048055324001227,-0.2507203421941191,-0.8828162337175963,0.4107278176540969,-0.2262991435398101,-0.7394662468772634,0.286070666731554,0.9841231756854657,0
-0.8043672005990544,-1.1099901739376037,-0.502969299721533,-0.23239371123758834,-0.911310674287764,0.9048055324001227,-0.2507203421941191,0.2744324511807092,1.092167872813765,-0.2262991435398101,-0.4814607612315388,-0.5472946917856183,-1.0161329645585022,0
-0.8043672005990544,0.9009088760241706,-1.179024470547907,-0.10954481179025072,-0.911310674287764,-1.177851894974348,0.38271364074285674,-0.8828162337175963,-1.0495008719737637,0.23238544103697253,-0.997471732522988,-0.8647672093159696,-1.0161329645585022,0
-0.9738162891597597,-1.1099901739376037,1.5251962127575889,-0.11481946565519618,-0.911310674287764,0.21058638994196582,1.6495816066168083,-0.8828162337175963,0.03811773823181484,1.6084391947673204,-0.7394662468772634,1.3773824457421369,-1.0161329645585022,0
-0.2960199349169384,0.9009088760241706,-1.179024470547907,-0.22385003536652398,0.4405419421828948,0.9048055324001227,-0.2507203421941191,-1.461440576166749,-1.8752853723150364,-0.2262991435398101,-0.4814607612315388,-1.2616078562289088,0.9841231756854657,0
-0.8043672005990544,-1.1099901739376037,-1.179024470547907,-0.22228659005924972,-0.23538436605243465,0.9048055324001227,-0.2507203421941191,-1.461440576166749,-0.005521280078902488,-0.2262991435398101,-0.4814607612315388,-0.13061201252703214,0.9841231756854657,0
-0.8043672005990544,-1.1099901739376037,-0.502969299721533,-0.3386764073785553,-0.7423290972289317,0.9048055324001227,-0.2507203421941191,-1.461440576166749,1.5352717510456675,0.003043148748581378,-0.997471732522988,1.0995939929030794,-1.0161329645585022,1
-0.634918112038349,-1.1099901739376037,0.8491410419312149,-0.22111795417300434,0.10257878806523006,0.9048055324001227,-0.2507203421941191,0.2744324511807092,-1.0495008719737637,-0.2262991435398101,-0.7394662468772634,0.4249648931510827,0.9841231756854657,0
-0.9738162891597597,-1.1099901739376037,-1.179024470547907,-0.10929213376079225,-0.911310674287764,-1.177851894974348,1.2536853672811985,0.2744324511807092,-1.0495008719737637,1.1497546101905376,-0.4814607612315388,-1.3211339532658497,0.9841231756854657,0
-0.634918112038349,0.9009088760241706,1.5251962127575889,-0.22403954388861783,-0.23538436605243465,0.9048055324001227,-0.2507203421941191,0.2744324511807092,-0.9857207682888686,-0.2262991435398101,-0.4814607612315388,0.5638591195706114,-1.0161329645585022,0
-0.8043672005990544,-1.1099901739376037,1.5251962127575889,-0.2294563291451337,-0.7423290972289317,-1.177851894974348,0.06599664927436881,-1.461440576166749,1.8273174889712391,0.1177142948927768,-0.7394662468772634,0.06780831092943747,-1.0161329645585022,1
-0.8043672005990544,0.9009088760241706,0.8491410419312149,-0.21380608369555,-0.5733475201700994,0.9048055324001227,-0.2507203421941191,-1.461440576166749,0.001192415045823164,-0.2262991435398101,-0.997471732522988,0.5043330225336705,-1.0161329645585022,0
-0.9738162891597597,-1.1099901739376037,-0.502969299721533,-0.20584672576760832,-0.404365943111267,0.9048055324001227,-0.2507203421941191,-1.461440576166749,-1.173704231781191,-0.2262991435398101,-0.997471732522988,1.0400678958661385,0.9841231756854657,0
-0.2960199349169384,0.9009088760241706,-1.179024470547907,-0.21421668549342,-0.911310674287764,0.9048055324001227,-0.2507203421941191,-0.3041918912684436,0.9377528849450718,-0.2262991435398101,-0.4814607612315388,0.6035431842619053,0.9841231756854657,0
-0.9738162891597597,-1.1099901739376037,0.8491410419312149,-0.32068889015648083,-0.911310674287764,0.9048055324001227,-0.2507203421941191,0.853056793629862,1.327147202179168,-0.11162799739561437,-0.997471732522988,-1.2417658238832618,-1.0161329645585022,1
-0.8043672005990544,0.9009088760241706,1.5251962127575889,-0.11232427011429384,-0.911310674287764,-1.177851894974348,0.8577891279455886,0.853056793629862,1.4110683912382405,0.8057411717579506,-0.7394662468772634,0.9408577341379036,0.9841231756854657,0
-0.8043672005990544,0.9009088760241706,0.8491410419312149,-0.2264557775453144,-0.911310674287764,-1.177851894974348,-0.3298995900612411,0.2744324511807092,1.5352717510456675,-0.34097028968400567,-0.997471732522988,-0.15045404487267908,-1.0161329645585022,1
-0.8043672005990544,0.9009088760241706,0.8491410419312149,-0.2086419764684926,-0.7423290972289317,0.9048055324001227,-0.2507203421941191,0.853056793629862,-0.11965409719924096,-0.2262991435398101,-0.997471732522988,-1.202081759191968,0.9841231756854657,0
-0.8043672005990544,-1.1099901739376037,0.8491410419312149,-0.22249189095818472,-0.404365943111267,-1.177851894974348,-0.2903099661276801,-0.8828162337175963,-0.21028898138303903,-0.2262991435398101,-0.4814607612315388,-3.999808319928189,-1.0161329645585022,1
-0.9738162891597597,-1.1099901739376037,-0.502969299721533,-0.2072364549296299,-0.7423290972289317,0.9048055324001227,-0.2507203421941191,0.853056793629862,0.23617174441122635,-0.2262991435398101,-0.7394662468772634,0.5638591195706114,0.9841231756854657,0
-0.8043672005990544,-1.1099901739376037,-0.502969299721533,-0.20395164054666984,-0.7423290972289317,0.9048055324001227,-0.2507203421941191,0.2744324511807092,-1.8752853723150364,-0.2262991435398101,-0.4814607612315388,-0.38855843302044263,0.9841231756854657,0
-0.2960199349169384,0.9009088760241706,-1.179024470547907,-0.22246030620450244,0.10257878806523006,-1.177851894974348,-0.5674373336626071,-0.3041918912684436,0.9981761410676039,-0.570312581972397,-0.7394662468772634,-2.075131182400434,-1.0161329645585022,1
-0.8043672005990544,0.9009088760241706,-1.179024470547907,-0.10573884897153259,-0.911310674287764,0.21058638994196582,-1.2008713165995828,1.4316811360790147,0.03811773823181484,-1.2583394588375707,-0.4814607612315388,0.286070666731554,-1.0161329645585022,0
-0.634918112038349,0.9009088760241706,-0.502969299721533,-0.11262432527427577,-0.404365943111267,-1.177851894974348,0.6994306322113446,-1.461440576166749,-1.173704231781191,0.5763988794695595,-0.997471732522988,-0.44808453005738347,0.9841231756854657,0
-0.9738162891597597,0.9009088760241706,0.8491410419312149,-0.10599152700099106,-0.911310674287764,0.21058638994196582,-0.5832731832360314,-0.8828162337175963,0.03811773823181484,-0.6849837281165926,-0.997471732522988,-0.13061201252703214,-1.0161329645585022,0
-0.634918112038349,-1.1099901739376037,0.8491410419312149,-0.20909995539688608,-0.404365943111267,0.9048055324001227,-0.2507203421941191,-0.3041918912684436,0.9377528849450718,-0.2262991435398101,-0.997471732522988,-0.44808453005738347,-1.0161329645585022,0
-0.8043672005990544,-1.1099901739376037,-0.502969299721533,-0.19730304989654396,-0.7423290972289317,0.9048055324001227,-0.2507203421941191,-0.8828162337175963,-0.5896127559300467,-0.2262991435398101,-0.997471732522988,-1.9560789883265524,0.9841231756854657,0
-0.46546902347764374,0.9009088760241706,0.8491410419312149,-0.10777606558404146,-0.404365943111267,-1.177851894974348,-0.4090788379283631,1.4316811360790147,0.001192415045823164,-0.45564143582820127,-0.7394662468772634,0.12733440796637835,-1.0161329645585022,0
-0.9738162891597597,-1.1099901739376037,-0.502969299721533,-0.10731808665564799,-0.911310674287764,-1.177851894974348,-0.4090788379283631,1.4316811360790147,0.8739727812601764,-0.45564143582820127,-0.7394662468772634,1.0003838311748445,0.9841231756854657,0
-0.634918112038349,-1.1099901739376037,-0.502969299721533,-0.10782344271456493,-0.5733475201700994,-1.177851894974348,-1.1375279183058853,0.853056793629862,0.8739727812601764,-1.2583394588375707,-0.4814607612315388,-0.07108591549009124,0.9841231756854657,0
-0.9738162891597597,0.9009088760241706,0.8491410419312149,-0.3132664730411384,-0.911310674287764,0.9048055324001227,-0.2507203421941191,-0.8828162337175963,-1.3751150855229646,-0.11162799739561437,-0.997471732522988,-0.24966420660091387,-1.0161329645585022,1
-0.8043672005990544,0.9009088760241706,0.8491410419312149,-0.2076786414811822,-0.5733475201700994,0.9048055324001227,-0.2507203421941191,1.4316811360790147,0.7061304031420315,-0.2262991435398101,-0.7394662468772634,0.40512286080543575,-1.0161329645585022,0
-0.9738162891597597,-1.1099901739376037,1.5251962127575889,-0.11106087996700151,-0.911310674287764,-1.177851894974348,-0.2507203421941191,-0.8828162337175963,-1.2979075915886182,-0.34097028968400567,-0.997471732522988,1.317856348705196,0.9841231756854657,0
-0.46546902347764374,-1.1099901739376037,1.5251962127575889,-0.10728650190196569,-0.911310674287764,0.21058638994196582,-0.8841543251310949,0.2744324511807092,-1.5496711587658354,-1.0289971665491795,-0.4814607612315388,-0.5076106270943244,0.9841231756854657,0
-0.634918112038349,-1.1099901739376037,0.8491410419312149,-0.11183470643221806,-0.23538436605243465,-1.177851894974348,-1.1058562191590364,0.853056793629862,0.16232109803924238,-1.143668312693375,-0.4814607612315388,0.40512286080543575,-1.0161329645585022,0
-0.8043672005990544,-1.1099901739376037,-0.502969299721533,-0.32250501349321353,-0.911310674287764,0.9048055324001227,-0.2507203421941191,-0.3041918912684436,0.726271488516209,-0.11162799739561437,-0.4814607612315388,-1.6187644384505542,-1.0161329645585022,1
-0.8043672005990544,0.9009088760241706,-1.179024470547907,-0.19365501084623737,-0.911310674287764,0.9048055324001227,-0.2507203421941191,-1.461440576166749,0.001192415045823164,-0.2262991435398101,-0.7394662468772634,1.1591200899400202,0.9841231756854657,0
-0.2960199349169384,-1.1099901739376037,-1.179024470547907,-0.10993962121127956,-0.23538436605243465,0.21058638994196582,0.034324950127520015,1.4316811360790147,0.001192415045823164,-0.11162799739561437,-0.4814607612315388,0.028124246238143545,0.9841231756854657,0
-0.46546902347764374,0.9009088760241706,1.5251962127575889,-0.18706958970347612,-0.7423290972289317,0.9048055324001227,-0.2507203421941191,1.4316811360790147,-1.6839450612603513,-0.2262991435398101,-0.997471732522988,-0.5869787564769122,-1.0161329645585022,0
-0.46546902347764374,0.9009088760241706,0.8491410419312149,-0.11365082976895079,-0.404365943111267,0.21058638994196582,0.6994306322113446,-0.8828162337175963,0.03811773823181484,0.5763988794695595,-0.997471732522988,-0.011559818453150373,0.9841231756854657,0
-0.8043672005990544,0.9009088760241706,-0.502969299721533,-0.2978057361136486,-0.911310674287764,0.9048055324001227,-0.2507203421941191,-1.461440576166749,1.6829730437896346,-0.11162799739561437,-0.7394662468772634,-0.4877685947486774,-1.0161329645585022,1
-0.9738162891597597,0.9009088760241706,1.5251962127575889,-0.10902366335449264,-0.911310674287764,-1.177851894974348,-0.5674373336626071,1.4316811360790147,-0.21028898138303903,-0.6849837281165926,-0.997471732522988,0.3455967637684949,0.9841231756854657,0
-0.8043672005990544,0.9009088760241706,-0.502969299721533,-0.18692745831190574,-0.5733475201700994,0.9048055324001227,-0.2507203421941191,-0.8828162337175963,-0.33784918875282943,-0.2262991435398101,-0.7394662468772634,0.821805540064022,0.9841231756854657,0
-0.634918112038349,0.9009088760241706,0.8491410419312149,-0.1837058134363103,-0.5733475201700994,0.9048055324001227,-0.2507203421941191,0.2744324511807092,-1.173704231781191,-0.2262991435398101,-0.7394662468772634,-0.9044512740072636,0.9841231756854657,0
-0.9738162891597597,-1.1099901739376037,0.8491410419312149,-0.21941237747415968,-0.911310674287764,-1.177851894974348,1.0161476236798326,-0.3041918912684436,-1.173704231781191,1.1497546101905376,-0.997471732522988,0.6432272489531993,-1.0161329645585022,1
-0.8043672005990544,0.9009088760241706,0.8491410419312149,-0.11327181272476308,-0.23538436605243465,-1.177851894974348,0.1451758971414908,-0.8828162337175963,0.001192415045823164,0.003043148748581378,-0.4814607612315388,-0.46792656240303043,-1.0161329645585022,0
-0.634918112038349,-1.1099901739376037,-1.179024470547907,-0.1116136131564419,-0.7423290972289317,-1.177851894974348,-0.8841543251310949,-0.3041918912684436,0.2865244578466693,-1.0289971665491795,-0.997471732522988,-0.7655570475877348,-1.0161329645585022,0
-0.634918112038349,0.9009088760241706,-0.502969299721533,-0.11076082480701958,-0.23538436605243465,-1.177851894974348,-0.4090788379283631,-1.461440576166749,-1.2979075915886182,-0.45564143582820127,-0.997471732522988,0.5440170872249644,0.9841231756854657,0
-0.634918112038349,-1.1099901739376037,1.5251962127575889,-0.10201184803702022,-0.5733475201700994,-1.177851894974348,-0.7257958293968509,0.853056793629862,-1.0495008719737637,-0.7996548742607882,-0.4814607612315388,-1.0631875327724392,0.9841231756854657,0
-0.8043672005990544,-1.1099901739376037,-0.502969299721533,-0.10878677770187532,-0.5733475201700994,-1.177851894974348,1.6495816066168083,-0.8828162337175963,-1.0495008719737637,1.4937680486231246,-0.4814607612315388,-0.30919030363785477,0.9841231756854657,0
-0.46546902347764374,-1.1099901739376037,1.5251962127575889,-0.15425303062755794,-0.404365943111267,0.9048055324001227,-0.2507203421941191,-0.3041918912684436,-1.1233515183457474,-0.34097028968400567,-0.997471732522988,-0.09092794783573821,0.9841231756854657,0
-0.8043672005990544,0.9009088760241706,-1.179024470547907,-0.15073133059198057,-0.7423290972289317,0.9048055324001227,-0.2507203421941191,-0.8828162337175963,-1.1804179269059165,-0.34097028968400567,-0.7394662468772634,0.06780831092943747,0.9841231756854657,0
-0.8043672005990544,0.9009088760241706,-0.502969299721533,-0.1475570628469086,-0.911310674287764,0.9048055324001227,-0.2507203421941191,-1.461440576166749,-1.2979075915886182,-0.34097028968400567,-0.997471732522988,0.286070666731554,-1.0161329645585022,0
-0.46546902347764374,-1.1099901739376037,-1.179024470547907,-0.11164519791012421,-0.7423290972289317,-1.177851894974348,-1.042512820865339,-0.3041918912684436,1.2029438423717405,-1.143668312693375,-0.7394662468772634,-0.8250831446246757,0.9841231756854657,0
-0.46546902347764374,-1.1099901739376037,-0.502969299721533,-0.11333498223212769,-0.06640278899360229,-1.177851894974348,0.38271364074285674,1.4316811360790147,-0.005521280078902488,0.23238544103697253,-0.997471732522988,1.3972244780877838,-1.0161329645585022,0
-0.46546902347764374,-1.1099901739376037,-1.179024470547907,-0.11382454591420348,-0.23538436605243465,0.21058638994196582,-1.2958864140401292,-0.3041918912684436,1.0787404825643134,-1.3730106049817663,-0.7394662468772634,0.821805540064022,0.9841231756854657,0
-0.634918112038349,-1.1099901739376037,-1.179024470547907,-0.26401004967357883,-0.23538436605243465,0.9048055324001227,-0.2507203421941191,-0.8828162337175963,1.0015329886299666,-0.11162799739561437,-0.997471732522988,-0.13061201252703214,-1.0161329645585022,1
-0.8043672005990544,0.9009088760241706,0.8491410419312149,-0.1470043296574682,-0.06640278899360229,0.9048055324001227,-0.2507203421941191,-0.8828162337175963,-0.21364582894540246,-0.34097028968400567,-0.4814607612315388,-1.0433455004267922,-1.0161329645585022,0
-0.9738162891597597,0.9009088760241706,-0.502969299721533,-0.2593039213749149,-0.5733475201700994,0.9048055324001227,-0.2507203421941191,1.4316811360790147,1.5352717510456675,-0.11162799739561437,-0.7394662468772634,-1.2616078562289088,-1.0161329645585022,1
-0.9738162891597597,-1.1099901739376037,0.8491410419312149,-0.1088973243397634,-0.7423290972289317,0.21058638994196582,0.06599664927436881,0.2744324511807092,0.001192415045823164,0.003043148748581378,-0.7394662468772634,0.10749237562073138,0.9841231756854657,0
-0.46546902347764374,0.9009088760241706,-0.502969299721533,-0.10937109564499803,-0.06640278899360229,0.21058638994196582,2.4413740852880284,0.2744324511807092,-0.005521280078902488,2.2964660716324943,-0.7394662468772634,1.1789621222856672,-1.0161329645585022,0
-0.634918112038349,-1.1099901739376037,-1.179024470547907,-0.1500364660109698,-0.7423290972289317,0.9048055324001227,-0.2507203421941191,1.4316811360790147,-0.12972463988633004,-0.34097028968400567,-0.997471732522988,-0.24966420660091387,0.9841231756854657,0
-0.9738162891597597,0.9009088760241706,0.8491410419312149,-0.11020809161757919,-0.911310674287764,0.21058638994196582,0.6994306322113446,-0.8828162337175963,-1.0495008719737637,0.5763988794695595,-0.997471732522988,-0.26950623894656084,0.9841231756854657,0
-0.8043672005990544,-1.1099901739376037,0.8491410419312149,-0.1362023438981188,-0.06640278899360229,0.9048055324001227,-0.2507203421941191,0.2744324511807092,0.001192415045823164,-0.34097028968400567,-0.7394662468772634,-0.011559818453150373,0.9841231756854657,0
-0.2960199349169384,0.9009088760241706,-1.179024470547907,-0.2237079039749536,-0.5733475201700994,-1.177851894974348,0.06599664927436881,0.2744324511807092,0.001192415045823164,0.1177142948927768,-0.7394662468772634,-1.4005020826484376,-1.0161329645585022,1
-1.143265377720465,0.9009088760241706,-0.502969299721533,-0.10570726421785027,-0.911310674287764,-1.177851894974348,-0.5674373336626071,1.4316811360790147,-0.12972463988633004,-0.6849837281165926,-0.4814607612315388,0.008282213892496587,0.9841231756854657,0
-0.46546902347764374,0.9009088760241706,0.8491410419312149,-0.22197074252242666,0.10257878806523006,0.9048055324001227,-0.2507203421941191,-0.3041918912684436,-0.3680608168140954,-0.2262991435398101,-0.997471732522988,0.8813316371009629,-1.0161329645585022,1
-0.9738162891597597,0.9009088760241706,-0.502969299721533,-0.10862885393346378,-0.7423290972289317,0.9048055324001227,-0.2507203421941191,-1.461440576166749,0.8336906105118219,-0.34097028968400567,-0.7394662468772634,-1.3211339532658497,0.9841231756854657,0
-0.9738162891597597,-1.1099901739376037,-1.179024470547907,-0.11025546874810266,-0.911310674287764,0.9048055324001227,-0.2507203421941191,-0.8828162337175963,-0.33784918875282943,-0.34097028968400567,-0.4814607612315388,0.5043330225336705,0.9841231756854657,0
-0.46546902347764374,0.9009088760241706,0.8491410419312149,-0.11387192304472694,-0.23538436605243465,0.9048055324001227,-0.2507203421941191,1.4316811360790147,-1.8752853723150364,-0.34097028968400567,-0.997471732522988,-0.051243883144444294,-1.0161329645585022,0
-0.46546902347764374,0.9009088760241706,0.8491410419312149,-0.11339815173949232,-0.23538436605243465,0.9048055324001227,-0.2507203421941191,0.853056793629862,-0.46205254856025635,-0.34097028968400567,-0.7394662468772634,-0.09092794783573821,-1.0161329645585022,0
-1.143265377720465,-1.1099901739376037,1.5251962127575889,-0.10722333239460106,-0.5733475201700994,-1.177851894974348,0.06599664927436881,0.2744324511807092,0.001192415045823164,0.003043148748581378,-0.4814607612315388,-0.9639773710442044,0.9841231756854657,0
-0.46546902347764374,-1.1099901739376037,-0.502969299721533,-0.10423857317162295,0.2715603651240624,0.9048055324001227,-0.2507203421941191,0.2744324511807092,0.2865244578466693,-0.34097028968400567,-0.4814607612315388,-0.9242933063529105,0.9841231756854657,0
-0.8043672005990544,0.9009088760241706,-0.502969299721533,-0.10785502746824724,-0.5733475201700994,-1.177851894974348,0.5410721364771007,0.853056793629862,-1.0495008719737637,0.4617277333253637,-0.4814607612315388,-0.6068207888225592,0.9841231756854657,0
-0.2960199349169384,0.9009088760241706,-0.502969299721533,-0.10766551894615338,0.10257878806523006,0.9048055324001227,-0.2507203421941191,0.2744324511807092,0.8739727812601764,-0.34097028968400567,-0.4814607612315388,-1.4005020826484376,0.9841231756854657,0
-0.9738162891597597,0.9009088760241706,-1.179024470547907,-0.11294017281109885,-0.23538436605243465,0.9048055324001227,-0.2507203421941191,0.2744324511807092,1.2465828606824585,-0.34097028968400567,-0.997471732522988,-0.5274526594399713,0.9841231756854657,0
-0.46546902347764374,0.9009088760241706,1.5251962127575889,-0.2248449551075167,-0.7423290972289317,0.9048055324001227,-0.2507203421941191,-0.3041918912684436,0.16232109803924238,-0.2262991435398101,-0.4814607612315388,1.317856348705196,-1.0161329645585022,1
-0.8043672005990544,0.9009088760241706,-0.502969299721533,-0.10427015792530525,-0.7423290972289317,0.9048055324001227,-0.2507203421941191,-0.8828162337175963,-0.25392799969375696,-0.34097028968400567,-0.7394662468772634,-0.051243883144444294,0.9841231756854657,0
-0.9738162891597597,-1.1099901739376037,-1.179024470547907,-0.11289279568057539,-0.911310674287764,0.9048055324001227,-0.2507203421941191,0.2744324511807092,-1.0495008719737637,-0.34097028968400567,-0.997471732522988,-0.30919030363785477,-1.0161329645585022,0
-0.9738162891597597,0.9009088760241706,1.5251962127575889,-0.21887543666156045,-0.911310674287764,0.9048055324001227,-0.2507203421941191,-0.8828162337175963,0.830333762949459,-0.2262991435398101,-0.7394662468772634,-1.102871597463733,-1.0161329645585022,1
-0.9738162891597597,0.9009088760241706,-1.179024470547907,-0.10753917993142414,-0.5733475201700994,-1.177851894974348,-1.042512820865339,1.4316811360790147,-1.4254677989584081,-1.143668312693375,-0.4814607612315388,-0.9242933063529105,0.9841231756854657,0
-0.8043672005990544,0.9009088760241706,0.8491410419312149,-0.11036601538599074,-0.911310674287764,0.9048055324001227,-0.2507203421941191,-1.461440576166749,0.001192415045823164,-0.34097028968400567,-0.7394662468772634,-0.9838194033898514,-1.0161329645585022,0
-0.46546902347764374,0.9009088760241706,1.5251962127575889,-0.22249189095818472,-0.404365943111267,-1.177851894974348,-0.18737694390042153,-1.461440576166749,1.2029438423717405,-0.11162799739561437,-0.997471732522988,0.8813316371009629,-1.0161329645585022,1
-0.634918112038349,-1.1099901739376037,0.8491410419312149,-0.11458258000257887,-0.404365943111267,0.9048055324001227,-0.2507203421941191,-0.3041918912684436,1.2029438423717405,-0.34097028968400567,-0.7394662468772634,-2.3330776028938445,0.9841231756854657,0
-0.8043672005990544,0.9009088760241706,-0.502969299721533,-0.10836038352716416,-0.404365943111267,0.9048055324001227,-0.2507203421941191,-0.8828162337175963,-0.6936750303632967,-0.34097028968400567,-0.7394662468772634,-1.4997122443766724,-1.0161329645585022,0
-0.8043672005990544,0.9009088760241706,-0.502969299721533,-0.1092763413839511,-0.5733475201700994,0.9048055324001227,-0.2507203421941191,1.4316811360790147,0.04483143335654109,-0.34097028968400567,-0.7394662468772634,0.46464895784237664,-1.0161329645585022,0
-1.143265377720465,-1.1099901739376037,-1.179024470547907,-0.10763393419247108,-0.911310674287764,-1.177851894974348,0.38271364074285674,-0.8828162337175963,0.11868207972852446,0.23238544103697253,-0.7394662468772634,-0.3488743683291487,0.9841231756854657,0
-0.8043672005990544,0.9009088760241706,-0.502969299721533,-0.11200842257747076,-0.911310674287764,-1.177851894974348,-0.8841543251310949,-1.461440576166749,-1.2979075915886182,-1.0289971665491795,-0.7394662468772634,0.8614896047553159,0.9841231756854657,0
-1.143265377720465,-1.1099901739376037,1.5251962127575889,-0.11240323199849961,-0.911310674287764,0.9048055324001227,-0.2507203421941191,-0.8828162337175963,0.0851136041048956,-0.34097028968400567,-0.7394662468772634,1.0797519605574324,-1.0161329645585022,0
-0.634918112038349,0.9009088760241706,0.8491410419312149,-0.10498081488315719,-0.911310674287764,-1.177851894974348,-0.7257958293968509,0.2744324511807092,-1.2979075915886182,-0.7996548742607882,-0.997471732522988,-0.5076106270943244,-1.0161329645585022,0
-0.8043672005990544,-1.1099901739376037,-1.179024470547907,-0.112340062491135,-0.404365943111267,0.9048055324001227,-0.2507203421941191,1.4316811360790147,0.4040141225293712,-0.34097028968400567,-0.4814607612315388,0.12733440796637835,0.9841231756854657,0
-0.9738162891597597,-1.1099901739376037,-0.502969299721533,-0.11238743962165845,-0.911310674287764,0.9048055324001227,-0.2507203421941191,0.853056793629862,0.04483143335654109,-0.34097028968400567,-0.7394662468772634,-0.2893482712922078,0.9841231756854657,0
-0.8043672005990544,0.9009088760241706,-0.502969299721533,-0.102706712618031,-0.911310674287764,0.9048055324001227,-0.2507203421941191,0.2744324511807092,0.6624913848313142,-0.34097028968400567,-0.997471732522988,-1.4005020826484376,0.9841231756854657,0
-0.8043672005990544,-1.1099901739376037,0.8491410419312149,-0.09856910988564863,-0.911310674287764,0.9048055324001227,-0.2507203421941191,1.4316811360790147,-0.5896127559300467,-0.34097028968400567,-0.4814607612315388,0.7225953783357871,-1.0161329645585022,0
-0.8043672005990544,-1.1099901739376037,-0.502969299721533,-0.21129509577780647,-0.911310674287764,0.9048055324001227,-0.2507203421941191,0.853056793629862,-0.11965409719924096,-0.2262991435398101,-0.4814607612315388,-1.678290535487495,-1.0161329645585022,1
-0.8043672005990544,0.9009088760241706,0.8491410419312149,-0.10880257007871648,-0.911310674287764,-1.177851894974348,0.1847655210750518,-0.8828162337175963,-1.0495008719737637,0.1177142948927768,-0.7394662468772634,-0.26950623894656084,-1.0161329645585022,0
-0.46546902347764374,0.9009088760241706,1.5251962127575889,-0.22530293403591017,-0.5733475201700994,-1.177851894974348,0.38271364074285674,-1.461440576166749,0.5785701957722418,0.4617277333253637,-0.4814607612315388,0.008282213892496587,-1.0161329645585022,1
-0.8043672005990544,-1.1099901739376037,-0.502969299721533,-0.09282068471546855,-0.911310674287764,0.9048055324001227,-0.2507203421941191,1.4316811360790147,0.7430557263280237,-0.34097028968400567,-0.997471732522988,-0.2893482712922078,0.9841231756854657,0
-0.9738162891597597,-1.1099901739376037,-1.179024470547907,-0.2071574930454241,-0.23538436605243465,0.9048055324001227,-0.2507203421941191,0.853056793629862,1.4446368668618692,-0.2262991435398101,-0.4814607612315388,0.4448069254967297,-1.0161329645585022,1
-0.634918112038349,-1.1099901739376037,-0.502969299721533,-0.20412535669192253,-0.5733475201700994,0.9048055324001227,-0.2507203421941191,-0.3041918912684436,1.2096575374964662,-0.2262991435398101,-0.997471732522988,0.5837011519162584,-1.0161329645585022,1
-0.9738162891597597,0.9009088760241706,1.5251962127575889,-0.11132935037330113,-0.911310674287764,-1.177851894974348,-1.002923196931778,0.2744324511807092,0.5785701957722418,-1.143668312693375,-0.4814607612315388,-1.4203441149940845,0.9841231756854657,0
-0.9738162891597597,-1.1099901739376037,0.8491410419312149,-0.1109977104596369,-0.911310674287764,-1.177851894974348,0.4618928886099787,-1.461440576166749,0.7061304031420315,0.3470565871811683,-0.997471732522988,-2.5910240233872552,0.9841231756854657,0
-0.46546902347764374,0.9009088760241706,-1.179024470547907,-0.08187656756454877,-0.06640278899360229,0.9048055324001227,-0.2507203421941191,1.4316811360790147,-0.21700267650776528,-0.34097028968400567,-0.4814607612315388,0.028124246238143545,0.9841231756854657,0
-0.2960199349169384,0.9009088760241706,-1.179024470547907,-0.19076500588430617,-0.7423290972289317,0.9048055324001227,-0.2507203421941191,-0.3041918912684436,0.8336906105118219,-0.2262991435398101,-0.4814607612315388,-1.3012919209202027,-1.0161329645585022,1
-0.46546902347764374,0.9009088760241706,-0.502969299721533,-0.07230638719880939,-0.06640278899360229,0.9048055324001227,-0.2507203421941191,1.4316811360790147,-0.34120603631519225,-0.34097028968400567,-0.4814607612315388,0.8416475724096689,0.9841231756854657,0
-1.143265377720465,-1.1099901739376037,0.8491410419312149,-0.37255105570283087,-0.911310674287764,0.9048055324001227,-0.6941241302500022,1.4316811360790147,2.102578989084997,-0.570312581972397,-0.4814607612315388,0.40512286080543575,-1.0161329645585022,1
-0.8043672005990544,-1.1099901739376037,1.5251962127575889,-0.21448515589971962,-0.7423290972289317,-1.177851894974348,-0.7257958293968509,-1.461440576166749,1.327147202179168,-0.6849837281165926,-0.997471732522988,-0.4282424977117365,-1.0161329645585022,1
-0.9738162891597597,0.9009088760241706,0.8491410419312149,-0.26007774784013143,-0.911310674287764,0.9048055324001227,-0.6941241302500022,-0.8828162337175963,0.001192415045823164,-0.6849837281165926,-0.4814607612315388,0.08765034327508442,0.9841231756854657,0
-0.8043672005990544,0.9009088760241706,-0.502969299721533,-0.2214338017098274,-0.7423290972289317,0.9048055324001227,-0.6941241302500022,0.2744324511807092,0.23617174441122635,-0.6849837281165926,-0.997471732522988,-1.678290535487495,0.9841231756854657,0
-0.634918112038349,-1.1099901739376037,1.5251962127575889,-0.21797527118161467,-0.911310674287764,0.9048055324001227,-0.6941241302500022,0.853056793629862,-0.21364582894540246,-0.6849837281165926,-0.7394662468772634,1.238488219322608,-1.0161329645585022,1
-0.9738162891597597,-1.1099901739376037,0.8491410419312149,-0.10799715885981762,-0.7423290972289317,-1.177851894974348,-0.4090788379283631,1.4316811360790147,-1.2979075915886182,-0.45564143582820127,-0.7394662468772634,1.0797519605574324,0.9841231756854657,0
-0.2960199349169384,-1.1099901739376037,-0.502969299721533,-0.07320655267875517,-0.7423290972289317,0.9048055324001227,-0.6941241302500022,0.2744324511807092,1.6628319584154578,-0.7996548742607882,-0.4814607612315388,0.9805417988291976,0.9841231756854657,0
-0.9738162891597597,0.9009088760241706,-0.502969299721533,-0.22189178063822088,-0.7423290972289317,-1.177851894974348,0.38271364074285674,-0.3041918912684436,0.830333762949459,0.4617277333253637,-0.997471732522988,0.2463866020402601,-1.0161329645585022,1
-0.9738162891597597,0.9009088760241706,1.5251962127575889,-0.10888153196292225,-0.911310674287764,0.21058638994196582,0.30353439287573475,1.4316811360790147,-1.0495008719737637,0.23238544103697253,-0.997471732522988,1.317856348705196,-1.0161329645585022,0
-0.46546902347764374,-1.1099901739376037,-1.179024470547907,-0.016906729240040858,-0.23538436605243465,0.9048055324001227,-0.6941241302500022,0.853056793629862,-0.34120603631519225,-0.7996548742607882,-0.7394662468772634,-0.8250831446246757,0.9841231756854657,0
-0.8043672005990544,-1.1099901739376037,-1.179024470547907,-0.11128197324277767,-0.911310674287764,-1.177851894974348,0.06599664927436881,-0.8828162337175963,0.001192415045823164,0.003043148748581378,-0.4814607612315388,-0.38855843302044263,0.9841231756854657,0
-0.8043672005990544,-1.1099901739376037,-1.179024470547907,-0.9649231110145206,-0.404365943111267,0.9048055324001227,-0.6980830926433583,-1.461440576166749,0.3939435798422821,1.6084391947673204,-0.997471732522988,-0.7853990799333818,-1.0161329645585022,1
-0.46546902347764374,-1.1099901739376037,-0.502969299721533,-0.8499546076109188,-0.06640278899360229,0.9048055324001227,-0.6980830926433583,-1.461440576166749,0.5114332445249834,0.6910700256137552,-0.997471732522988,0.8614896047553159,-1.0161329645585022,1
-0.46546902347764374,0.9009088760241706,1.5251962127575889,-0.10796557410613532,-0.06640278899360229,0.21058638994196582,-1.327558113186978,1.4316811360790147,0.954537122756886,-1.3730106049817663,-0.997471732522988,-1.5790803737592602,0.9841231756854657,0
-1.143265377720465,-1.1099901739376037,1.5251962127575889,-0.21993352590991777,-0.911310674287764,0.9048055324001227,-0.7060010174300705,-1.461440576166749,-1.6839450612603513,-0.6849837281165926,-0.4814607612315388,-1.0036614357354983,-1.0161329645585022,1
-1.143265377720465,-1.1099901739376037,0.8491410419312149,-0.10856568442609917,-0.911310674287764,-1.177851894974348,-0.7257958293968509,-1.461440576166749,0.830333762949459,-0.7996548742607882,-0.997471732522988,1.317856348705196,0.9841231756854657,0
-0.9738162891597597,0.9009088760241706,0.8491410419312149,-0.10046419510658712,-0.911310674287764,-1.177851894974348,-0.5674373336626071,-1.461440576166749,0.7061304031420315,-0.6849837281165926,-0.4814607612315388,-1.7378166325244357,0.9841231756854657,0
-0.9738162891597597,0.9009088760241706,0.8491410419312149,-0.10534403955050373,-0.911310674287764,0.9048055324001227,-0.7060010174300705,0.2744324511807092,0.2865244578466693,-0.7996548742607882,-0.7394662468772634,-1.3012919209202027,0.9841231756854657,0
-0.2960199349169384,-1.1099901739376037,0.8491410419312149,-0.7177092439430945,0.10257878806523006,0.9048055324001227,-0.7099599798234266,-0.8828162337175963,0.2965950005337584,0.1177142948927768,-0.4814607612315388,0.32575473142284794,-1.0161329645585022,0
-0.8043672005990544,-1.1099901739376037,1.5251962127575889,-0.1053914166810272,-0.911310674287764,0.21058638994196582,1.4120438630154424,0.2744324511807092,1.451350561986595,1.2644257563347332,-0.997471732522988,0.3455967637684949,0.9841231756854657,0
-0.46546902347764374,0.9009088760241706,0.8491410419312149,-0.11076082480701958,-0.404365943111267,0.21058638994196582,-0.646616581529729,-0.8828162337175963,-0.005521280078902488,-0.6849837281165926,-0.997471732522988,0.305912699077201,-1.0161329645585022,0
-0.46546902347764374,0.9009088760241706,-0.502969299721533,-0.641400479046638,-0.5733475201700994,0.9048055324001227,-0.7099599798234266,1.4316811360790147,-0.8816584938556186,-0.11162799739561437,-0.7394662468772634,0.7225953783357871,-1.0161329645585022,0
-1.143265377720465,0.9009088760241706,1.5251962127575889,-0.5806472053387183,-0.911310674287764,0.9048055324001227,-0.7099599798234266,-1.461440576166749,0.665848232393677,-0.2262991435398101,-0.997471732522988,1.4170665104334308,0.9841231756854657,0
-1.143265377720465,-1.1099901739376037,0.8491410419312149,-0.5431876874715007,-0.7423290972289317,0.9048055324001227,-0.7099599798234266,0.2744324511807092,-1.1804179269059165,-0.34097028968400567,-0.4814607612315388,-1.678290535487495,0.9841231756854657,0
-0.2960199349169384,0.9009088760241706,-0.502969299721533,-0.10842355303452877,-0.23538436605243465,-1.177851894974348,0.30353439287573475,0.853056793629862,-1.0495008719737637,0.23238544103697253,-0.997471732522988,1.0202258635204915,0.9841231756854657,0
-0.46546902347764374,0.9009088760241706,0.8491410419312149,-0.39301797608896655,-0.911310674287764,0.9048055324001227,-0.7099599798234266,0.2744324511807092,-0.33784918875282943,-0.570312581972397,-0.4814607612315388,-0.38855843302044263,-1.0161329645585022,0
-0.9738162891597597,-1.1099901739376037,-0.502969299721533,-0.10540720905786835,-0.911310674287764,-1.177851894974348,-0.7257958293968509,0.2744324511807092,0.27645391515958084,-0.7996548742607882,-0.4814607612315388,0.782121475372728,0.9841231756854657,0
-0.9738162891597597,-1.1099901739376037,0.8491410419312149,-0.11167678266380653,-0.911310674287764,-1.177851894974348,2.3226052134873454,1.4316811360790147,1.4446368668618692,2.1817949254882985,-0.997471732522988,-0.09092794783573821,-1.0161329645585022,0
-0.634918112038349,-1.1099901739376037,-0.502969299721533,-0.24294301896747927,-0.911310674287764,0.9048055324001227,-0.7099599798234266,-0.8828162337175963,-1.0427871768490378,-0.6849837281165926,-0.997471732522988,0.9011736694466097,0.9841231756854657,0
-0.2960199349169384,-1.1099901739376037,1.5251962127575889,-0.18176335108484834,-0.06640278899360229,0.9048055324001227,-0.7099599798234266,0.853056793629862,-1.0092187012254088,-0.7996548742607882,-0.4814607612315388,0.8813316371009629,0.9841231756854657,0
-0.8043672005990544,0.9009088760241706,-1.179024470547907,-0.10929213376079225,-0.404365943111267,-1.177851894974348,-1.129609993519173,1.4316811360790147,0.15896425047687956,-1.2583394588375707,-0.997471732522988,-0.3488743683291487,-1.0161329645585022,0
-0.8043672005990544,0.9009088760241706,-1.179024470547907,-0.11071344767649612,-0.23538436605243465,-1.177851894974348,-1.042512820865339,1.4316811360790147,2.7269526356844955,-1.143668312693375,-0.997471732522988,-0.46792656240303043,-1.0161329645585022,0
-0.46546902347764374,0.9009088760241706,-0.502969299721533,-0.6076521697370917,-0.7423290972289317,0.9048055324001227,-0.7139189422167826,0.853056793629862,-1.7510820125076092,-0.2262991435398101,-0.997471732522988,0.20670253734896618,0.9841231756854657,0
-0.9738162891597597,-1.1099901739376037,-1.179024470547907,-0.5592959118494779,-0.404365943111267,0.9048055324001227,-0.7139189422167826,-1.461440576166749,0.001192415045823164,-0.34097028968400567,-0.997471732522988,-1.6386064707962011,0.9841231756854657,0
-0.8043672005990544,0.9009088760241706,-1.179024470547907,-0.10812349787454685,-0.911310674287764,0.21058638994196582,-0.2507203421941191,0.853056793629862,0.5114332445249834,-0.34097028968400567,-0.997471732522988,-0.24966420660091387,0.9841231756854657,0
-0.2960199349169384,0.9009088760241706,1.5251962127575889,-0.6013668037543124,-0.404365943111267,0.9048055324001227,-0.7178779046101388,0.2744324511807092,1.9750187817152072,-0.2262991435398101,-0.4814607612315388,-0.6068207888225592,-1.0161329645585022,1
-0.46546902347764374,-1.1099901739376037,0.8491410419312149,0.007366153964812971,-0.911310674287764,0.9048055324001227,-0.7178779046101388,-0.3041918912684436,0.16232109803924238,-0.9143260204049839,-0.997471732522988,-2.3330776028938445,-1.0161329645585022,0
-0.634918112038349,0.9009088760241706,0.8491410419312149,-0.10731808665564799,-0.5733475201700994,0.21058638994196582,0.8577891279455886,0.2744324511807092,0.27645391515958084,0.8057411717579506,-0.4814607612315388,0.26622863438590705,-1.0161329645585022,0
-0.8043672005990544,-1.1099901739376037,-1.179024470547907,-0.1093079261376334,-0.911310674287764,-1.177851894974348,-0.804975077263973,0.2744324511807092,-1.2106295549671826,-0.9143260204049839,-0.7394662468772634,-1.4005020826484376,0.9841231756854657,0
-0.9738162891597597,0.9009088760241706,-1.179024470547907,0.1565567379831956,-0.911310674287764,0.9048055324001227,-0.7178779046101388,0.853056793629862,-1.8752853723150364,-0.9143260204049839,-0.7394662468772634,0.9606997664835506,-1.0161329645585022,0
-0.9738162891597597,0.9009088760241706,0.8491410419312149,-0.49015688603890534,-0.911310674287764,0.9048055324001227,-0.7218368670034949,-1.461440576166749,0.8135495251376443,-0.45564143582820127,-0.997471732522988,0.305912699077201,0.9841231756854657,0
-1.143265377720465,0.9009088760241706,-1.179024470547907,-1.0621567752255063,-0.911310674287764,0.9048055324001227,-0.7257958293968509,0.853056793629862,0.3905867322799193,2.984492948497668,-0.997471732522988,-1.7576586648700827,-1.0161329645585022,1
-0.9738162891597597,-1.1099901739376037,1.5251962127575889,-0.11072924005333727,-0.911310674287764,-1.177851894974348,-1.2008713165995828,0.2744324511807092,-1.2106295549671826,-1.2583394588375707,-0.997471732522988,1.337698381050843,-1.0161329645585022,0
-0.634918112038349,0.9009088760241706,-1.179024470547907,-1.0426373974498397,-0.911310674287764,0.9048055324001227,-0.7257958293968509,-0.3041918912684436,-1.0495008719737637,2.525808363920885,-0.7394662468772634,1.1591200899400202,-1.0161329645585022,1
-0.634918112038349,0.9009088760241706,-1.179024470547907,-1.0410739521425656,-0.404365943111267,0.9048055324001227,-0.7257958293968509,1.4316811360790147,-1.0495008719737637,2.525808363920885,-0.997471732522988,0.10749237562073138,-1.0161329645585022,1
-0.8043672005990544,0.9009088760241706,1.5251962127575889,-0.10564409471048566,-0.23538436605243465,-1.177851894974348,-0.7257958293968509,0.2744324511807092,0.001192415045823164,-0.7996548742607882,-0.997471732522988,-0.190138109563973,-1.0161329645585022,0
-1.143265377720465,-1.1099901739376037,-1.179024470547907,-1.0174959335187226,-0.911310674287764,0.9048055324001227,-0.7257958293968509,1.4316811360790147,0.16232109803924238,2.0671237793441026,-0.997471732522988,0.18686050500331922,-1.0161329645585022,1
-0.2960199349169384,-1.1099901739376037,-0.502969299721533,-1.015900903457766,-0.06640278899360229,0.9048055324001227,-0.7257958293968509,1.4316811360790147,-1.371758237960602,2.0671237793441026,-0.4814607612315388,-1.8370267942526706,-1.0161329645585022,1
-1.143265377720465,-1.1099901739376037,-1.179024470547907,-1.0053673881047163,-0.7423290972289317,0.9048055324001227,-0.7257958293968509,1.4316811360790147,-0.0860856215756121,1.952452633199907,-0.4814607612315388,-0.5274526594399713,-1.0161329645585022,1
-0.8043672005990544,-1.1099901739376037,-1.179024470547907,-0.11025546874810266,-0.5733475201700994,-1.177851894974348,1.6495816066168083,-0.8828162337175963,0.3939435798422821,1.4937680486231246,-0.4814607612315388,-0.5274526594399713,-1.0161329645585022,0
-0.634918112038349,-1.1099901739376037,-1.179024470547907,-1.0004559589071174,-0.404365943111267,0.9048055324001227,-0.7257958293968509,-1.461440576166749,-1.0092187012254088,1.8377814870557112,-0.997471732522988,-0.7258729828964409,-1.0161329645585022,1
-0.8043672005990544,-1.1099901739376037,0.8491410419312149,-0.10528087004313912,-0.404365943111267,-1.177851894974348,-1.2008713165995828,0.853056793629862,1.092167872813765,-1.2583394588375707,-0.7394662468772634,0.7027533459901402,-1.0161329645585022,0
-1.143265377720465,0.9009088760241706,-1.179024470547907,-0.9690133366163795,-0.911310674287764,0.9048055324001227,-0.7257958293968509,1.4316811360790147,0.9108981044461687,1.4937680486231246,-0.4814607612315388,-0.5869787564769122,-1.0161329645585022,1
-0.8043672005990544,0.9009088760241706,-1.179024470547907,-0.9746827999023538,-0.5733475201700994,0.9048055324001227,-0.7257958293968509,1.4316811360790147,-1.3751150855229646,1.4937680486231246,-0.7394662468772634,1.0202258635204915,-1.0161329645585022,1
-0.2960199349169384,0.9009088760241706,-1.179024470547907,-0.11245060912902308,-0.23538436605243465,-1.177851894974348,-1.327558113186978,0.853056793629862,-1.2106295549671826,-1.3730106049817663,-0.4814607612315388,-0.03140185079879733,0.9841231756854657,0
-0.46546902347764374,-1.1099901739376037,-0.502969299721533,-0.10870781581766956,-0.404365943111267,0.21058638994196582,1.0161476236798326,0.853056793629862,0.860545391010725,0.9204123179021463,-0.4814607612315388,-0.7853990799333818,-1.0161329645585022,0
-0.9738162891597597,0.9009088760241706,0.8491410419312149,-0.9604222836147916,-0.911310674287764,0.9048055324001227,-0.7257958293968509,1.4316811360790147,0.001192415045823164,1.379096902478929,-0.4814607612315388,-1.0631875327724392,-1.0161329645585022,1
-0.46546902347764374,-1.1099901739376037,-1.179024470547907,-0.10902366335449264,-0.06640278899360229,-1.177851894974348,0.0976683484212176,0.853056793629862,0.9780350556934264,0.003043148748581378,-0.4814607612315388,0.9210157017922567,0.9841231756854657,0
-0.8043672005990544,-1.1099901739376037,-1.179024470547907,-0.10787081984508838,-0.7423290972289317,0.21058638994196582,0.06599664927436881,1.4316811360790147,0.7430557263280237,0.003043148748581378,-0.4814607612315388,-0.09092794783573821,0.9841231756854657,0
-0.634918112038349,-1.1099901739376037,0.8491410419312149,-0.11036601538599074,-0.911310674287764,-1.177851894974348,-0.8841543251310949,1.4316811360790147,0.3939435798422821,-1.0289971665491795,-0.997471732522988,-0.5671367241312653,-1.0161329645585022,0
-0.9738162891597597,-1.1099901739376037,-1.179024470547907,-0.2246080694548994,-0.911310674287764,-1.177851894974348,0.06599664927436881,-0.3041918912684436,1.2096575374964662,0.1177142948927768,-0.4814607612315388,0.5043330225336705,-1.0161329645585022,1
-0.2960199349169384,-1.1099901739376037,-0.502969299721533,-0.9542158795162181,-0.911310674287764,0.9048055324001227,-0.7257958293968509,-1.461440576166749,-1.6839450612603513,1.379096902478929,-0.7394662468772634,-0.20998014190961997,-1.0161329645585022,1
-0.9738162891597597,-1.1099901739376037,1.5251962127575889,-0.2242922219180763,-0.911310674287764,-1.177851894974348,2.0850674698859795,-1.461440576166749,0.001192415045823164,2.411137217776689,-0.997471732522988,-1.4600281796853785,-1.0161329645585022,1
-0.9738162891597597,0.9009088760241706,-1.179024470547907,-0.11287700330373424,-0.911310674287764,-1.177851894974348,-0.7257958293968509,-0.8828162337175963,1.2096575374964662,-0.7996548742607882,-0.7394662468772634,-0.5671367241312653,-1.0161329645585022,0
-0.9738162891597597,-1.1099901739376037,0.8491410419312149,-0.1086920234408284,-0.911310674287764,-0.4836327525161911,-0.2507203421941191,1.4316811360790147,1.676259348664909,-0.34097028968400567,-0.997471732522988,1.0003838311748445,0.9841231756854657,0
-0.46546902347764374,0.9009088760241706,-1.179024470547907,-0.9507257642343231,-0.404365943111267,0.9048055324001227,-0.7257958293968509,0.2744324511807092,-0.0860856215756121,1.2644257563347332,-0.7394662468772634,-2.094973214746081,-1.0161329645585022,1
-0.8043672005990544,-1.1099901739376037,0.8491410419312149,-0.11112404947436613,-0.23538436605243465,-1.177851894974348,-0.9870873473583536,0.853056793629862,0.001192415045823164,-1.0289971665491795,-0.4814607612315388,-0.38855843302044263,0.9841231756854657,0
-0.8043672005990544,-1.1099901739376037,-1.179024470547907,-0.10785502746824724,-0.5733475201700994,-1.177851894974348,-0.013182598592753173,0.853056793629862,0.5114332445249834,-0.11162799739561437,-0.997471732522988,0.8416475724096689,0.9841231756854657,0
-0.2960199349169384,-1.1099901739376037,0.8491410419312149,-0.9421820883632587,-0.06640278899360229,0.9048055324001227,-0.7257958293968509,0.853056793629862,0.19253272610050842,1.2644257563347332,-0.7394662468772634,-1.6981325678331418,-1.0161329645585022,1
-0.2960199349169384,0.9009088760241706,0.8491410419312149,-0.11137672750382459,-0.7423290972289317,-1.177851894974348,-0.5674373336626071,-1.461440576166749,-0.6936750303632967,-0.6849837281165926,-0.4814607612315388,-2.154499311783022,0.9841231756854657,0
-0.9738162891597597,-1.1099901739376037,-0.502969299721533,-0.9401290793739087,-0.911310674287764,0.9048055324001227,-0.7257958293968509,-1.461440576166749,0.5114332445249834,1.2644257563347332,-0.997471732522988,0.18686050500331922,-1.0161329645585022,1
-0.634918112038349,-1.1099901739376037,0.8491410419312149,-0.11518269032254273,-0.7423290972289317,-1.177851894974348,-0.2507203421941191,-0.8828162337175963,1.5587696839822078,-0.34097028968400567,-0.7394662468772634,0.782121475372728,0.9841231756854657,0
-0.634918112038349,-1.1099901739376037,1.5251962127575889,-0.10940268039868033,0.10257878806523006,-1.177851894974348,0.6994306322113446,-0.3041918912684436,-0.6936750303632967,0.5763988794695595,-0.997471732522988,-0.36871640067479566,0.9841231756854657,0
-0.2960199349169384,-1.1099901739376037,-0.502969299721533,-0.10455442070844603,-0.404365943111267,-1.177851894974348,-0.5674373336626071,-0.8828162337175963,0.27645391515958084,-0.6849837281165926,-0.997471732522988,0.6829113136444932,0.9841231756854657,0
-0.2960199349169384,0.9009088760241706,-0.502969299721533,-0.9293270936145592,-0.06640278899360229,0.9048055324001227,-0.7257958293968509,-0.8828162337175963,0.001192415045823164,1.1497546101905376,-0.4814607612315388,0.10749237562073138,-1.0161329645585022,1
-0.634918112038349,-1.1099901739376037,-1.179024470547907,-0.9320433824312377,-0.911310674287764,0.9048055324001227,-0.7257958293968509,-0.8828162337175963,1.0787404825643134,1.1497546101905376,-0.4814607612315388,0.18686050500331922,-1.0161329645585022,1
-0.9738162891597597,0.9009088760241706,-0.502969299721533,-0.21887543666156045,-0.911310674287764,-1.177851894974348,-0.8841543251310949,-0.8828162337175963,0.04483143335654109,-0.9143260204049839,-0.7394662468772634,-0.8846092416616166,-1.0161329645585022,1
-0.46546902347764374,-1.1099901739376037,-1.179024470547907,-0.2252239721517044,-0.911310674287764,-1.177851894974348,0.38271364074285674,-1.461440576166749,0.5114332445249834,0.4617277333253637,-0.4814607612315388,-1.3409759856114967,-1.0161329645585022,1
-0.8043672005990544,-1.1099901739376037,0.8491410419312149,-0.9270056142189096,-0.911310674287764,0.9048055324001227,-0.7257958293968509,0.2744324511807092,-1.4993184453303918,1.1497546101905376,-0.997471732522988,0.12733440796637835,-1.0161329645585022,1
-1.143265377720465,0.9009088760241706,0.8491410419312149,-0.9178460356510403,-0.911310674287764,0.9048055324001227,-0.7257958293968509,-1.461440576166749,-0.21364582894540246,1.035083464046342,-0.7394662468772634,0.0479662785837905,-1.0161329645585022,1
-0.46546902347764374,-1.1099901739376037,0.8491410419312149,-0.11324022797108077,0.2715603651240624,-0.4836327525161911,-0.7257958293968509,-1.461440576166749,0.04483143335654109,-0.7996548742607882,-0.7394662468772634,-0.7060309505507939,0.9841231756854657,0
-0.9738162891597597,0.9009088760241706,-1.179024470547907,-0.9065071090790916,-0.911310674287764,0.9048055324001227,-0.7257958293968509,-0.3041918912684436,-0.4654093961226198,0.9204123179021463,-0.4814607612315388,0.9408577341379036,-1.0161329645585022,1
-0.9738162891597597,0.9009088760241706,-0.502969299721533,-0.11001858309548534,-0.7423290972289317,-1.177851894974348,0.5252362869036763,0.853056793629862,0.04483143335654109,0.4617277333253637,-0.4814607612315388,-0.6465048535138531,0.9841231756854657,0
-0.8043672005990544,0.9009088760241706,-0.502969299721533,-0.9030643709277201,-0.911310674287764,0.9048055324001227,-0.7257958293968509,-0.8828162337175963,-0.811164695045998,0.9204123179021463,-0.4814607612315388,1.1392780575943733,-1.0161329645585022,1
-1.143265377720465,0.9009088760241706,0.8491410419312149,-0.8940311313745799,-0.911310674287764,0.9048055324001227,-0.7257958293968509,-0.8828162337175963,0.6423502994571366,0.8057411717579506,-0.7394662468772634,0.5638591195706114,-1.0161329645585022,1
-0.8043672005990544,0.9009088760241706,1.5251962127575889,-0.10804453599034108,-0.7423290972289317,-1.177851894974348,0.5727438356239495,0.2744324511807092,0.7229146409538463,0.4617277333253637,-0.997471732522988,-0.4877685947486774,-1.0161329645585022,0
-0.8043672005990544,-1.1099901739376037,-1.179024470547907,-0.8926887793430818,-0.911310674287764,0.9048055324001227,-0.7257958293968509,-1.461440576166749,1.7836784706605218,0.8057411717579506,-0.7394662468772634,0.6630692812988462,-1.0161329645585022,1
-1.143265377720465,-1.1099901739376037,-1.179024470547907,-0.8885985537412229,-0.911310674287764,0.9048055324001227,-0.7257958293968509,1.4316811360790147,-0.8447331706696268,0.8057411717579506,-0.4814607612315388,0.08765034327508442,-1.0161329645585022,1
-0.46546902347764374,-1.1099901739376037,-0.502969299721533,-0.10812349787454685,-0.7423290972289317,-1.177851894974348,-1.2325430157464317,0.853056793629862,0.4040141225293712,-1.3730106049817663,-0.997471732522988,0.782121475372728,0.9841231756854657,0
-0.46546902347764374,0.9009088760241706,0.8491410419312149,-0.8828975057015662,-0.911310674287764,0.9048055324001227,-0.7257958293968509,1.4316811360790147,-0.005521280078902488,0.8057411717579506,-0.7394662468772634,-1.8171847619070236,-1.0161329645585022,1
-0.9738162891597597,-1.1099901739376037,-0.502969299721533,-0.10054315699079289,-0.7423290972289317,-1.177851894974348,1.6495816066168083,1.4316811360790147,0.4040141225293712,1.4937680486231246,-0.7394662468772634,0.5638591195706114,-1.0161329645585022,0
-0.634918112038349,0.9009088760241706,-1.179024470547907,-0.8805918186827577,-0.911310674287764,0.9048055324001227,-0.7257958293968509,-1.461440576166749,0.001192415045823164,0.8057411717579506,-0.7394662468772634,1.0003838311748445,-1.0161329645585022,1
-0.46546902347764374,0.9009088760241706,0.8491410419312149,-0.8823921496426493,-0.911310674287764,0.9048055324001227,-0.7257958293968509,-0.3041918912684436,-0.4654093961226198,0.8057411717579506,-0.997471732522988,-2.03544711770914,-1.0161329645585022,1
-0.9738162891597597,0.9009088760241706,0.8491410419312149,-0.10592835749362643,-0.911310674287764,-1.177851894974348,0.06599664927436881,-0.8828162337175963,0.001192415045823164,0.003043148748581378,-0.7394662468772634,-0.011559818453150373,-1.0161329645585022,0
-0.46546902347764374,-1.1099901739376037,-0.502969299721533,-0.8693792311255384,-0.5733475201700994,0.9048055324001227,-0.7257958293968509,-1.461440576166749,0.8336906105118219,0.6910700256137552,-0.4814607612315388,-1.9957630530178463,-1.0161329645585022,1
-0.8043672005990544,0.9009088760241706,-0.502969299721533,-0.10896049384712801,-0.911310674287764,-1.177851894974348,0.30353439287573475,-0.8828162337175963,0.0851136041048956,0.23238544103697253,-0.997471732522988,0.6630692812988462,-1.0161329645585022,0
-1.143265377720465,-1.1099901739376037,-0.502969299721533,-0.8654785140457733,-0.911310674287764,0.9048055324001227,-0.7257958293968509,0.2744324511807092,0.001192415045823164,0.6910700256137552,-0.7394662468772634,0.06780831092943747,-1.0161329645585022,1
-0.634918112038349,0.9009088760241706,-1.179024470547907,-0.10880257007871648,-0.911310674287764,-1.177851894974348,0.06599664927436881,0.853056793629862,1.1458774338115711,0.003043148748581378,-0.4814607612315388,-1.162397694500674,0.9841231756854657,0
-0.634918112038349,0.9009088760241706,-1.179024470547907,-0.10960798129761534,-0.7423290972289317,-1.177851894974348,0.06599664927436881,0.853056793629862,-0.46205254856025635,0.003043148748581378,-0.997471732522988,-2.5116558940046674,0.9841231756854657,0
-0.634918112038349,-1.1099901739376037,-1.179024470547907,-0.11205579970799422,-0.7423290972289317,-1.177851894974348,-1.0741845200121878,1.4316811360790147,-0.5661148229935064,-1.143668312693375,-0.4814607612315388,-0.5472946917856183,0.9841231756854657,0
-0.46546902347764374,0.9009088760241706,1.5251962127575889,-0.10984486695023264,-0.23538436605243465,0.21058638994196582,-1.042512820865339,-0.3041918912684436,0.9343960373827085,-1.143668312693375,-0.997471732522988,-1.5195542767223194,0.9841231756854657,0
-0.9738162891597597,0.9009088760241706,0.8491410419312149,-0.10687590010409567,-0.5733475201700994,-1.177851894974348,-0.09236184645987515,0.2744324511807092,0.9343960373827085,-0.2262991435398101,-0.997471732522988,1.2186461869769611,-1.0161329645585022,0
-0.9738162891597597,0.9009088760241706,0.8491410419312149,-0.8638676916079756,-0.404365943111267,0.9048055324001227,-0.7257958293968509,-1.461440576166749,0.2865244578466693,0.6910700256137552,-0.4814607612315388,0.801963507718375,0.9841231756854657,0
-1.143265377720465,0.9009088760241706,-0.502969299721533,-0.8692055149802856,-0.911310674287764,0.9048055324001227,-0.7257958293968509,-1.461440576166749,-0.2069321338206762,0.6910700256137552,-0.997471732522988,0.4844909901880236,0.9841231756854657,0
-0.634918112038349,0.9009088760241706,-0.502969299721533,-0.22034412770778777,-0.5733475201700994,-1.177851894974348,-1.2800505644667048,1.4316811360790147,1.1458774338115711,-1.3730106049817663,-0.997471732522988,1.0599099282117854,-1.0161329645585022,1
-0.9738162891597597,0.9009088760241706,-1.179024470547907,-0.10299097540117177,-0.911310674287764,-1.177851894974348,1.1349164954805155,-0.8828162337175963,0.5114332445249834,1.035083464046342,-0.997471732522988,-0.8647672093159696,0.9841231756854657,0
-0.9738162891597597,0.9009088760241706,0.8491410419312149,-0.10712857813355414,-0.911310674287764,-1.177851894974348,0.06599664927436881,1.4316811360790147,-1.0092187012254088,0.003043148748581378,-0.4814607612315388,-0.190138109563973,-1.0161329645585022,0
-0.9738162891597597,0.9009088760241706,-0.502969299721533,-0.8614198731975967,-0.5733475201700994,0.9048055324001227,-0.7257958293968509,0.853056793629862,0.4745079213389917,0.6910700256137552,-0.997471732522988,0.6233852166075523,-1.0161329645585022,0
-1.143265377720465,0.9009088760241706,-1.179024470547907,-0.8502388703940597,-0.911310674287764,0.9048055324001227,-0.7257958293968509,0.2744324511807092,3.018998373610068,0.5763988794695595,-0.997471732522988,-0.9242933063529105,-1.0161329645585022,1
-0.46546902347764374,-1.1099901739376037,-1.179024470547907,-0.10858147680294032,-0.404365943111267,-1.177851894974348,-0.2507203421941191,-0.8828162337175963,0.001192415045823164,-0.34097028968400567,-0.7394662468772634,1.4369085427790778,-1.0161329645585022,0
-0.634918112038349,-1.1099901739376037,1.5251962127575889,-0.22795605334522404,-0.5733475201700994,-1.177851894974348,0.06599664927436881,0.2744324511807092,-0.46205254856025635,0.1177142948927768,-0.997471732522988,0.3455967637684949,-1.0161329645585022,1
-0.2960199349169384,-1.1099901739376037,0.8491410419312149,-0.8425479828724176,-0.7423290972289317,0.9048055324001227,-0.7257958293968509,0.853056793629862,-1.3482603050240614,0.5763988794695595,-0.7394662468772634,0.20670253734896618,-1.0161329645585022,0
-1.143265377720465,0.9009088760241706,0.8491410419312149,-0.8503494170319477,-0.911310674287764,0.9048055324001227,-0.7257958293968509,1.4316811360790147,-1.3751150855229646,0.5763988794695595,-0.4814607612315388,-0.40840046536608954,0.9841231756854657,0
-0.8043672005990544,-1.1099901739376037,-1.179024470547907,-0.22037571246147009,-0.5733475201700994,-0.4836327525161911,1.0161476236798326,-0.3041918912684436,1.7836784706605218,1.1497546101905376,-0.7394662468772634,-2.3926036999307856,-1.0161329645585022,1
-0.634918112038349,0.9009088760241706,-1.179024470547907,-0.8512337901350523,-0.7423290972289317,0.9048055324001227,-0.7257958293968509,-1.461440576166749,-0.7977373047965461,0.5763988794695595,-0.997471732522988,0.14717644031202531,0.9841231756854657,0
-0.634918112038349,0.9009088760241706,-0.502969299721533,-0.8513601291497815,-0.404365943111267,0.9048055324001227,-0.7257958293968509,0.853056793629862,0.23617174441122635,0.5763988794695595,-0.997471732522988,0.46464895784237664,-1.0161329645585022,1
-0.46546902347764374,-1.1099901739376037,-1.179024470547907,-0.8391999989820929,-0.7423290972289317,0.9048055324001227,-0.7257958293968509,1.4316811360790147,2.206641263518246,0.5763988794695595,-0.7394662468772634,0.20670253734896618,-1.0161329645585022,1
-0.634918112038349,-1.1099901739376037,-0.502969299721533,-0.11008175260284996,-0.911310674287764,-1.177851894974348,0.8577891279455886,0.853056793629862,0.2965950005337584,0.8057411717579506,-0.997471732522988,0.9210157017922567,0.9841231756854657,0
-0.2960199349169384,0.9009088760241706,-1.179024470547907,-0.8373522908916778,-0.5733475201700994,0.9048055324001227,-0.7257958293968509,-1.461440576166749,-0.34120603631519225,0.5763988794695595,-0.4814607612315388,0.7027533459901402,0.9841231756854657,0
-0.46546902347764374,0.9009088760241706,0.8491410419312149,-0.10722333239460106,-0.7423290972289317,-1.177851894974348,0.06599664927436881,0.853056793629862,0.4040141225293712,0.003043148748581378,-0.7394662468772634,-0.3488743683291487,-1.0161329645585022,0
-0.8043672005990544,0.9009088760241706,-1.179024470547907,-0.8402265034767679,-0.911310674287764,0.9048055324001227,-0.7257958293968509,0.853056793629862,0.6893461653302174,0.5763988794695595,-0.4814607612315388,-0.4282424977117365,-1.0161329645585022,1
-0.634918112038349,0.9009088760241706,-0.502969299721533,-0.8406055205209556,-0.5733475201700994,0.9048055324001227,-0.7257958293968509,-0.8828162337175963,-1.3482603050240614,0.5763988794695595,-0.7394662468772634,-0.5671367241312653,-1.0161329645585022,0
-0.2960199349169384,0.9009088760241706,-0.502969299721533,-0.22667687082109056,-0.5733475201700994,-1.177851894974348,-0.2507203421941191,-1.461440576166749,0.2965950005337584,-0.2262991435398101,-0.997471732522988,1.4964346398160184,-1.0161329645585022,1
-0.9738162891597597,0.9009088760241706,1.5251962127575889,-0.10761814181562993,-0.23538436605243465,-1.177851894974348,-1.042512820865339,0.853056793629862,0.7229146409538463,-1.143668312693375,-0.997471732522988,1.337698381050843,-1.0161329645585022,0
-0.8043672005990544,0.9009088760241706,-0.502969299721533,-0.10725491714828338,-0.911310674287764,-1.177851894974348,0.06599664927436881,0.853056793629862,0.0851136041048956,0.003043148748581378,-0.7394662468772634,0.801963507718375,0.9841231756854657,0
-1.143265377720465,0.9009088760241706,-0.502969299721533,-0.8319670903888443,-0.911310674287764,0.9048055324001227,-0.7257958293968509,0.853056793629862,1.575553921794022,0.4617277333253637,-0.7394662468772634,0.14717644031202531,-1.0161329645585022,0
-0.9738162891597597,0.9009088760241706,-1.179024470547907,-0.10975011268918572,-0.7423290972289317,-1.177851894974348,-1.359229812333827,-0.8828162337175963,-0.46205254856025635,-1.487681751125962,-0.7394662468772634,-2.610866055732902,0.9841231756854657,0
-0.46546902347764374,0.9009088760241706,-1.179024470547907,-0.8256185548987004,-0.23538436605243465,0.9048055324001227,-0.7257958293968509,0.853056793629862,1.7836784706605218,0.4617277333253637,-0.7394662468772634,-1.3211339532658497,-1.0161329645585022,1
-0.46546902347764374,0.9009088760241706,1.5251962127575889,-0.10992382883443842,-0.911310674287764,-1.177851894974348,0.06599664927436881,-0.3041918912684436,-0.059230841076708896,0.003043148748581378,-0.4814607612315388,0.0479662785837905,0.9841231756854657,0
-0.9738162891597597,0.9009088760241706,0.8491410419312149,-0.8139164036594052,-0.911310674287764,0.9048055324001227,-0.7257958293968509,-0.8828162337175963,0.954537122756886,0.4617277333253637,-0.997471732522988,-0.9639773710442044,0.9841231756854657,0
-0.2960199349169384,-1.1099901739376037,-0.502969299721533,-0.814405967341481,-0.23538436605243465,0.9048055324001227,-0.7257958293968509,-1.461440576166749,0.860545391010725,0.4617277333253637,-0.4814607612315388,0.9210157017922567,-1.0161329645585022,0
-0.8043672005990544,-1.1099901739376037,0.8491410419312149,-0.8123055812216075,-0.5733475201700994,0.9048055324001227,-0.7257958293968509,-0.8828162337175963,0.03476089066945202,0.4617277333253637,-0.7394662468772634,-1.3608180179571436,0.9841231756854657,0
-0.634918112038349,0.9009088760241706,0.8491410419312149,-0.8157956965035026,-0.5733475201700994,0.9048055324001227,-0.7257958293968509,-0.3041918912684436,0.6893461653302174,0.4617277333253637,-0.7394662468772634,-2.134657279437375,-1.0161329645585022,1
-0.634918112038349,-1.1099901739376037,-1.179024470547907,-0.8058149143398932,-0.911310674287764,0.9048055324001227,-0.7257958293968509,0.853056793629862,0.001192415045823164,0.3470565871811683,-0.997471732522988,0.18686050500331922,0.9841231756854657,0
-0.634918112038349,0.9009088760241706,0.8491410419312149,-0.8100472713333224,-0.911310674287764,0.9048055324001227,-0.7257958293968509,-0.8828162337175963,0.001192415045823164,0.3470565871811683,-0.4814607612315388,-1.202081759191968,0.9841231756854657,0
-0.2960199349169384,0.9009088760241706,-1.179024470547907,-0.7996400949950019,0.10257878806523006,0.9048055324001227,-0.7257958293968509,1.4316811360790147,-1.1804179269059165,0.3470565871811683,-0.997471732522988,0.3455967637684949,0.9841231756854657,0
-0.8043672005990544,0.9009088760241706,0.8491410419312149,-0.7873062486820606,-0.911310674287764,0.9048055324001227,-0.7257958293968509,-0.3041918912684436,1.0955247203761276,0.3470565871811683,-0.997471732522988,-1.0830295651180861,-1.0161329645585022,1
-0.9738162891597597,0.9009088760241706,-0.502969299721533,-0.10850251491873456,-0.911310674287764,-1.177851894974348,-1.2642147148932805,-0.8828162337175963,0.2193875065994116,-1.3730106049817663,-0.4814607612315388,-1.0830295651180861,0.9841231756854657,0
-0.2960199349169384,0.9009088760241706,0.8491410419312149,-0.791033249616573,-0.7423290972289317,0.9048055324001227,-0.7257958293968509,1.4316811360790147,-0.707102420612748,0.3470565871811683,-0.997471732522988,-2.094973214746081,0.9841231756854657,0
-0.634918112038349,0.9009088760241706,-0.502969299721533,-0.7901014993829448,-0.7423290972289317,0.9048055324001227,-0.7257958293968509,-1.461440576166749,-1.173704231781191,0.3470565871811683,-0.997471732522988,-1.4600281796853785,0.9841231756854657,0
-0.8043672005990544,-1.1099901739376037,-1.179024470547907,-0.7919807922270422,-0.7423290972289317,0.9048055324001227,-0.7257958293968509,0.853056793629862,-1.4724636648314886,0.3470565871811683,-0.4814607612315388,-1.2219237915376149,0.9841231756854657,0
-0.9738162891597597,-1.1099901739376037,-0.502969299721533,-0.7921387159954537,-0.7423290972289317,0.9048055324001227,-0.7257958293968509,-0.8828162337175963,1.8407448792206904,0.3470565871811683,-0.4814607612315388,0.9210157017922567,-1.0161329645585022,0
-0.8043672005990544,0.9009088760241706,0.8491410419312149,-0.22137063220246278,-0.911310674287764,-1.177851894974348,-0.3298995900612411,0.2744324511807092,0.007906110170548816,-0.34097028968400567,-0.7394662468772634,0.5043330225336705,-1.0161329645585022,1
-0.8043672005990544,0.9009088760241706,-0.502969299721533,-0.11365082976895079,-0.06640278899360229,-1.177851894974348,-0.3298995900612411,-1.461440576166749,-1.0092187012254088,-0.45564143582820127,-0.997471732522988,-0.07108591549009124,0.9841231756854657,0
-1.143265377720465,0.9009088760241706,-1.179024470547907,-0.7898804061071687,-0.911310674287764,0.9048055324001227,-0.7257958293968509,-0.8828162337175963,0.001192415045823164,0.3470565871811683,-0.4814607612315388,0.6829113136444932,0.9841231756854657,0
-1.143265377720465,0.9009088760241706,-0.502969299721533,-0.7964500348730887,-0.911310674287764,0.9048055324001227,-0.7257958293968509,-0.3041918912684436,0.001192415045823164,0.3470565871811683,-0.997471732522988,0.3455967637684949,-1.0161329645585022,1
-0.8043672005990544,0.9009088760241706,1.5251962127575889,-0.10824983688927609,-0.5733475201700994,-1.177851894974348,0.05016079970094441,0.853056793629862,-0.41841353024953903,0.003043148748581378,-0.7394662468772634,-0.13061201252703214,0.9841231756854657,0
-0.9738162891597597,-1.1099901739376037,0.8491410419312149,-0.10908683286185725,-0.911310674287764,-1.177851894974348,-0.3298995900612411,-0.8828162337175963,0.2193875065994116,-0.45564143582820127,-0.997471732522988,-0.07108591549009124,0.9841231756854657,0
-0.8043672005990544,0.9009088760241706,-0.502969299721533,-0.11096612570595459,-0.911310674287764,-1.177851894974348,-0.5674373336626071,-1.461440576166749,-0.522475804682789,-0.6849837281165926,-0.997471732522988,-2.3529196352394917,0.9841231756854657,0
-0.46546902347764374,0.9009088760241706,-0.502969299721533,-0.7886486007135587,-0.23538436605243465,0.9048055324001227,-0.7257958293968509,-0.8828162337175963,-1.371758237960602,0.3470565871811683,-0.4814607612315388,0.4249648931510827,0.9841231756854657,0
-0.9738162891597597,-1.1099901739376037,0.8491410419312149,-0.11319285084055732,-0.7423290972289317,-1.177851894974348,1.1745061194140765,-0.8828162337175963,-0.522475804682789,1.035083464046342,-0.4814607612315388,-1.5592383414136133,0.9841231756854657,0
-0.2960199349169384,-1.1099901739376037,1.5251962127575889,-0.11376137640683887,-0.5733475201700994,-1.177851894974348,0.034324950127520015,0.853056793629862,-1.0931398902844813,-0.11162799739561437,-0.7394662468772634,0.06780831092943747,0.9841231756854657,0
-0.9738162891597597,-1.1099901739376037,-0.502969299721533,-0.10719174764091877,-0.911310674287764,-1.177851894974348,-0.2507203421941191,0.2744324511807092,-0.9857207682888686,-0.34097028968400567,-0.4814607612315388,1.0797519605574324,-1.0161329645585022,0
-1.143265377720465,0.9009088760241706,0.8491410419312149,-0.793702161302728,-0.911310674287764,0.9048055324001227,-0.7257958293968509,0.2744324511807092,0.6624913848313142,0.3470565871811683,-0.997471732522988,-3.3648632848674866,0.9841231756854657,0
-0.46546902347764374,-1.1099901739376037,-1.179024470547907,-0.7955182846394607,-0.911310674287764,0.9048055324001227,-0.7257958293968509,-1.461440576166749,0.5382880250238866,0.3470565871811683,-0.7394662468772634,1.337698381050843,-1.0161329645585022,0
-0.8043672005990544,-1.1099901739376037,0.8491410419312149,-0.7951550599721141,-0.911310674287764,0.9048055324001227,-0.7257958293968509,0.853056793629862,-0.0860856215756121,0.3470565871811683,-0.7394662468772634,1.278172284013902,-1.0161329645585022,0
-0.8043672005990544,-1.1099901739376037,-0.502969299721533,-0.7883959226841002,-0.911310674287764,0.9048055324001227,-0.7257958293968509,-1.461440576166749,-0.12972463988633004,0.3470565871811683,-0.4814607612315388,0.10749237562073138,0.9841231756854657,0
-0.8043672005990544,0.9009088760241706,-1.179024470547907,-0.7834687011096602,-0.404365943111267,0.9048055324001227,-0.7257958293968509,1.4316811360790147,0.15896425047687956,0.3470565871811683,-0.4814607612315388,-0.38855843302044263,-1.0161329645585022,0
-0.9738162891597597,0.9009088760241706,-1.179024470547907,-0.7966869205257061,-0.911310674287764,0.9048055324001227,-0.7257958293968509,0.853056793629862,-0.6936750303632967,0.3470565871811683,-0.7394662468772634,-1.4600281796853785,-1.0161329645585022,0
-0.9738162891597597,-1.1099901739376037,0.8491410419312149,-0.7867535154926202,-0.911310674287764,0.9048055324001227,-0.7257958293968509,0.853056793629862,-0.707102420612748,0.3470565871811683,-0.7394662468772634,-3.285495155484899,0.9841231756854657,0
-0.634918112038349,-1.1099901739376037,-1.179024470547907,-0.10959218892077419,-0.404365943111267,-1.177851894974348,0.06599664927436881,0.853056793629862,-1.1804179269059165,0.003043148748581378,-0.4814607612315388,0.3654387961141419,0.9841231756854657,0
-1.143265377720465,0.9009088760241706,0.8491410419312149,-0.7741354063965381,-0.911310674287764,0.9048055324001227,-0.7257958293968509,-1.461440576166749,0.001192415045823164,0.23238544103697253,-0.7394662468772634,-2.075131182400434,-1.0161329645585022,1
-1.143265377720465,0.9009088760241706,-1.179024470547907,-0.7765200552995524,-0.911310674287764,0.9048055324001227,-0.7257958293968509,-0.8828162337175963,1.8273174889712391,0.23238544103697253,-0.4814607612315388,0.20670253734896618,-1.0161329645585022,1
-0.9738162891597597,-1.1099901739376037,-1.179024470547907,-0.7712769861882892,-0.404365943111267,0.9048055324001227,-0.7257958293968509,0.2744324511807092,0.001192415045823164,0.23238544103697253,-0.7394662468772634,1.0400678958661385,-1.0161329645585022,1
-1.143265377720465,-1.1099901739376037,-0.502969299721533,-0.7715770413482711,-0.7423290972289317,0.9048055324001227,-0.7257958293968509,-1.461440576166749,0.001192415045823164,0.23238544103697253,-0.7394662468772634,-0.46792656240303043,0.9841231756854657,0
-0.2960199349169384,-1.1099901739376037,1.5251962127575889,-0.7728720162492457,-0.23538436605243465,0.9048055324001227,-0.7257958293968509,0.2744324511807092,0.5651428055227898,0.23238544103697253,-0.7394662468772634,0.008282213892496587,-1.0161329645585022,0
-0.9738162891597597,0.9009088760241706,-0.502969299721533,-0.09825326234882555,-0.911310674287764,-1.177851894974348,2.2830155895537843,-0.8828162337175963,-1.4993184453303918,2.1817949254882985,-0.7394662468772634,-0.9838194033898514,0.9841231756854657,0
-0.634918112038349,0.9009088760241706,-0.502969299721533,-0.1017433776307206,-0.911310674287764,0.21058638994196582,-0.646616581529729,1.4316811360790147,-1.0092187012254088,-0.7996548742607882,-0.997471732522988,0.6233852166075523,-1.0161329645585022,0
-0.634918112038349,-1.1099901739376037,-0.502969299721533,-0.20886306974426877,-0.7423290972289317,-1.177851894974348,-0.009223636199397074,0.2744324511807092,0.2193875065994116,0.003043148748581378,-0.7394662468772634,1.278172284013902,-1.0161329645585022,1
-0.8043672005990544,0.9009088760241706,-0.502969299721533,-0.7767569409521696,-0.7423290972289317,0.9048055324001227,-0.7257958293968509,-0.8828162337175963,-0.005521280078902488,0.23238544103697253,-0.4814607612315388,-2.1743413441286688,0.9841231756854657,0
-0.634918112038349,0.9009088760241706,-1.179024470547907,-0.770534744476755,-0.911310674287764,0.9048055324001227,-0.7257958293968509,1.4316811360790147,0.001192415045823164,0.23238544103697253,-0.4814607612315388,1.5956448015442533,-1.0161329645585022,0
-0.46546902347764374,0.9009088760241706,0.8491410419312149,-0.10632316691465529,-0.404365943111267,0.21058638994196582,1.1745061194140765,0.853056793629862,0.4745079213389917,1.035083464046342,-0.997471732522988,0.32575473142284794,-1.0161329645585022,0
-0.8043672005990544,0.9009088760241706,-0.502969299721533,-0.10161703861599136,-0.911310674287764,-1.177851894974348,-0.7257958293968509,-0.8828162337175963,1.0955247203761276,-0.7996548742607882,-0.7394662468772634,-0.15045404487267908,-1.0161329645585022,0
-0.8043672005990544,0.9009088760241706,0.8491410419312149,-0.7733457875544804,-0.911310674287764,0.9048055324001227,-0.7257958293968509,-1.461440576166749,-1.3751150855229646,0.23238544103697253,-0.7394662468772634,-1.7775006972157297,-1.0161329645585022,0
-0.634918112038349,0.9009088760241706,1.5251962127575889,-0.21189520609777035,-0.404365943111267,-1.177851894974348,-0.2507203421941191,0.2744324511807092,2.17642963545698,-0.2262991435398101,-0.4814607612315388,-0.9441353386985575,-1.0161329645585022,1
-0.634918112038349,0.9009088760241706,0.8491410419312149,-0.7745618005712492,-0.911310674287764,0.9048055324001227,-0.7257958293968509,1.4316811360790147,-1.2979075915886182,0.23238544103697253,-0.997471732522988,-1.0036614357354983,0.9841231756854657,0
-0.9738162891597597,-1.1099901739376037,-1.179024470547907,-0.10281725925591909,-0.911310674287764,-1.177851894974348,0.38271364074285674,-0.8828162337175963,-0.6936750303632967,0.23238544103697253,-0.7394662468772634,-0.36871640067479566,-1.0161329645585022,0
-0.8043672005990544,-1.1099901739376037,0.8491410419312149,-0.7681500955737407,-0.911310674287764,0.9048055324001227,-0.7257958293968509,-0.8828162337175963,-0.12972463988633004,0.23238544103697253,-0.7394662468772634,-0.26950623894656084,0.9841231756854657,0
-0.634918112038349,-1.1099901739376037,-0.502969299721533,-0.09634238475104591,-0.404365943111267,-1.177851894974348,-0.5674373336626071,-0.8828162337175963,-1.1166378232210217,-0.6849837281165926,-0.4814607612315388,0.4249648931510827,-1.0161329645585022,0
-0.634918112038349,0.9009088760241706,-0.502969299721533,-0.7744828386870435,-0.404365943111267,0.9048055324001227,-0.7257958293968509,-1.461440576166749,-0.6936750303632967,0.23238544103697253,-0.997471732522988,-0.38855843302044263,-1.0161329645585022,1
-0.9738162891597597,0.9009088760241706,0.8491410419312149,-0.09665823228786899,-0.911310674287764,-1.177851894974348,1.3328646151483206,0.2744324511807092,0.9108981044461687,1.1497546101905376,-0.7394662468772634,0.40512286080543575,0.9841231756854657,0
-0.9738162891597597,-1.1099901739376037,-0.502969299721533,-0.09845856324776055,-0.911310674287764,-1.177851894974348,-0.6782882806765778,0.853056793629862,0.001192415045823164,-0.7996548742607882,-0.4814607612315388,-2.075131182400434,0.9841231756854657,0
-1.143265377720465,0.9009088760241706,-1.179024470547907,-0.7708190072598957,-0.911310674287764,0.9048055324001227,-0.7257958293968509,-1.461440576166749,0.622209214082959,0.23238544103697253,-0.997471732522988,0.18686050500331922,-1.0161329645585022,1
-0.46546902347764374,-1.1099901739376037,1.5251962127575889,-0.08855674296835694,-0.404365943111267,-1.177851894974348,-1.121692068732461,-1.461440576166749,-1.371758237960602,-1.2583394588375707,-0.7394662468772634,1.0003838311748445,0.9841231756854657,0
-0.9738162891597597,-1.1099901739376037,0.8491410419312149,-0.09615287622895205,-0.911310674287764,-1.177851894974348,-0.4407505370752119,-0.8828162337175963,0.8336906105118219,-0.570312581972397,-0.997471732522988,-0.20998014190961997,0.9841231756854657,0
-0.8043672005990544,-1.1099901739376037,-0.502969299721533,-0.09417882912380779,-0.911310674287764,-1.177851894974348,0.16497070910827127,-1.461440576166749,1.0015329886299666,0.003043148748581378,-0.997471732522988,-0.15045404487267908,0.9841231756854657,0
-0.9738162891597597,0.9009088760241706,1.5251962127575889,-0.7512364599768646,-0.911310674287764,0.9048055324001227,-0.7257958293968509,0.853056793629862,0.3301634761573873,0.1177142948927768,-0.997471732522988,1.2186461869769611,0.9841231756854657,0
-0.2960199349169384,0.9009088760241706,-0.502969299721533,-0.08896734476622695,-0.06640278899360229,-1.177851894974348,0.38271364074285674,0.853056793629862,0.4040141225293712,0.23238544103697253,-0.4814607612315388,-1.162397694500674,0.9841231756854657,0
-0.634918112038349,0.9009088760241706,-0.502969299721533,-0.7464829545476772,-0.5733475201700994,0.9048055324001227,-0.7257958293968509,0.2744324511807092,-1.0427871768490378,0.1177142948927768,-0.4814607612315388,1.4765926074703717,0.9841231756854657,0
-1.143265377720465,0.9009088760241706,0.8491410419312149,-0.7459460137350781,-0.911310674287764,0.9048055324001227,-0.7257958293968509,-0.8828162337175963,0.8336906105118219,0.1177142948927768,-0.997471732522988,-3.067232799682782,0.9841231756854657,0
-0.46546902347764374,-1.1099901739376037,-0.502969299721533,-0.0901517730293135,-0.5733475201700994,0.21058638994196582,0.8577891279455886,-0.8828162337175963,1.223084927745918,0.6910700256137552,-0.7394662468772634,-0.8250831446246757,0.9841231756854657,0
-0.8043672005990544,0.9009088760241706,-1.179024470547907,-0.7497203918001139,-0.911310674287764,0.9048055324001227,-0.7257958293968509,-0.8828162337175963,1.6729025011025462,0.1177142948927768,-0.7394662468772634,-0.20998014190961997,0.9841231756854657,0
-0.9738162891597597,-1.1099901739376037,-1.179024470547907,-0.09493686321218318,-0.911310674287764,-1.177851894974348,0.38271364074285674,0.2744324511807092,0.8336906105118219,0.23238544103697253,-0.997471732522988,1.317856348705196,-1.0161329645585022,0
-1.143265377720465,-1.1099901739376037,0.8491410419312149,-0.7340859387273713,-0.911310674287764,0.9048055324001227,-0.7257958293968509,1.4316811360790147,-1.8752853723150364,0.1177142948927768,-0.7394662468772634,-2.49181386165902,0.9841231756854657,0
-0.46546902347764374,-1.1099901739376037,1.5251962127575889,-0.203146229327771,0.10257878806523006,-1.177851894974348,-0.09236184645987515,0.2744324511807092,1.934736610966852,-0.11162799739561437,-0.997471732522988,-1.0433455004267922,-1.0161329645585022,1
-0.8043672005990544,-1.1099901739376037,-0.502969299721533,-0.08915685328832079,-0.911310674287764,0.21058638994196582,0.38271364074285674,0.853056793629862,0.23617174441122635,0.23238544103697253,-0.997471732522988,0.286070666731554,0.9841231756854657,0
-0.8043672005990544,0.9009088760241706,-0.502969299721533,-0.7340069768431655,-0.911310674287764,0.9048055324001227,-0.7257958293968509,0.2744324511807092,1.934736610966852,0.1177142948927768,-0.997471732522988,1.1591200899400202,-1.0161329645585022,1
-0.9738162891597597,0.9009088760241706,0.8491410419312149,-0.09000964163774311,-0.911310674287764,-1.177851894974348,-1.1850354670261585,-0.8828162337175963,-1.4724636648314886,-1.2583394588375707,-0.7394662468772634,-0.9441353386985575,0.9841231756854657,0
-0.634918112038349,0.9009088760241706,1.5251962127575889,-0.203146229327771,-0.911310674287764,-1.177851894974348,-0.5674373336626071,-0.8828162337175963,0.3301634761573873,-0.570312581972397,-0.997471732522988,-0.22982217425526694,-1.0161329645585022,1
-1.143265377720465,0.9009088760241706,0.8491410419312149,-0.08907789140411503,-0.911310674287764,-1.177851894974348,-0.5674373336626071,0.853056793629862,0.001192415045823164,-0.6849837281165926,-0.7394662468772634,0.6233852166075523,0.9841231756854657,0
-0.9738162891597597,0.9009088760241706,-1.179024470547907,-0.7328699257106025,-0.911310674287764,0.9048055324001227,-0.7257958293968509,1.4316811360790147,0.001192415045823164,0.1177142948927768,-0.997471732522988,0.286070666731554,-1.0161329645585022,1
-0.9738162891597597,-1.1099901739376037,-0.502969299721533,-0.7317328745780394,-0.911310674287764,0.9048055324001227,-0.7257958293968509,-1.461440576166749,-0.5661148229935064,0.1177142948927768,-0.997471732522988,1.0003838311748445,0.9841231756854657,0
-0.9738162891597597,0.9009088760241706,-1.179024470547907,-0.734464955771559,-0.911310674287764,0.9048055324001227,-0.7257958293968509,1.4316811360790147,-0.3109944082539262,0.1177142948927768,-0.997471732522988,-2.9481806056089,0.9841231756854657,0
-0.46546902347764374,-1.1099901739376037,1.5251962127575889,-0.7316854974475159,-0.404365943111267,0.9048055324001227,-0.7257958293968509,-1.461440576166749,-1.0427871768490378,0.1177142948927768,-0.997471732522988,-0.3488743683291487,-1.0161329645585022,1
-1.143265377720465,0.9009088760241706,1.5251962127575889,-0.7334700360305663,-0.911310674287764,0.9048055324001227,-0.7257958293968509,0.2744324511807092,0.001192415045823164,0.1177142948927768,-0.7394662468772634,0.5638591195706114,-1.0161329645585022,0
-0.9738162891597597,-1.1099901739376037,1.5251962127575889,-0.08828827256205732,-0.911310674287764,-1.177851894974348,-0.2507203421941191,-1.461440576166749,0.16232109803924238,-0.34097028968400567,-0.997471732522988,1.6353288662355472,-1.0161329645585022,0
-0.8043672005990544,-1.1099901739376037,-0.502969299721533,-0.08749865371999961,-0.5733475201700994,-1.177851894974348,1.396208013442018,1.4316811360790147,2.780662196682302,1.2644257563347332,-0.997471732522988,1.6750129309268411,0.9841231756854657,0
-0.2960199349169384,0.9009088760241706,-0.502969299721533,-0.09064133671138928,-0.404365943111267,-1.177851894974348,0.38271364074285674,0.853056793629862,-0.005521280078902488,0.23238544103697253,-0.7394662468772634,-0.09092794783573821,0.9841231756854657,0
-0.9738162891597597,-1.1099901739376037,-1.179024470547907,-0.0885725353451981,-0.404365943111267,-1.177851894974348,0.38271364074285674,-0.8828162337175963,-1.1804179269059165,0.23238544103697253,-0.997471732522988,-1.9957630530178463,0.9841231756854657,0
-0.2960199349169384,0.9009088760241706,-0.502969299721533,-0.09495265558902434,-0.23538436605243465,-1.177851894974348,-0.2507203421941191,0.853056793629862,-1.1804179269059165,-0.34097028968400567,-0.997471732522988,0.38528082845978884,-1.0161329645585022,0
-0.9738162891597597,-1.1099901739376037,1.5251962127575889,-0.7289534162539962,-0.911310674287764,0.9048055324001227,-0.7257958293968509,-0.8828162337175963,0.7061304031420315,0.1177142948927768,-0.7394662468772634,1.278172284013902,-1.0161329645585022,0
-0.634918112038349,0.9009088760241706,-1.179024470547907,-0.08640897971795998,-0.911310674287764,-1.177851894974348,-1.042512820865339,0.853056793629862,1.5486991412951188,-1.143668312693375,-0.7394662468772634,-0.09092794783573821,-1.0161329645585022,0
-0.8043672005990544,-1.1099901739376037,0.8491410419312149,-0.09428937576169587,-0.404365943111267,-1.177851894974348,0.06599664927436881,0.853056793629862,-1.3482603050240614,0.003043148748581378,-0.997471732522988,-1.12271362980938,-1.0161329645585022,0
-0.9738162891597597,0.9009088760241706,-0.502969299721533,-0.7263318816983646,-0.911310674287764,0.9048055324001227,-0.7257958293968509,-0.8828162337175963,-1.173704231781191,0.1177142948927768,-0.997471732522988,0.2463866020402601,0.9841231756854657,0
-0.634918112038349,-1.1099901739376037,0.8491410419312149,-0.7237103471427331,-0.5733475201700994,0.9048055324001227,-0.7257958293968509,0.853056793629862,1.3640725253651598,0.1177142948927768,-0.4814607612315388,0.9408577341379036,-1.0161329645585022,1
-0.2960199349169384,0.9009088760241706,-0.502969299721533,-0.09443150715326626,-0.404365943111267,-1.177851894974348,-0.8524826259842462,0.853056793629862,-1.2475548781531747,-0.9143260204049839,-0.4814607612315388,-0.5869787564769122,-1.0161329645585022,0
-0.9738162891597597,-1.1099901739376037,-0.502969299721533,-0.08982013311564926,-0.23538436605243465,-1.177851894974348,0.38271364074285674,-1.461440576166749,-1.2475548781531747,0.23238544103697253,-0.7394662468772634,-0.36871640067479566,0.9841231756854657,0
-0.9738162891597597,0.9009088760241706,0.8491410419312149,-0.07074294189153513,-0.5733475201700994,0.9048055324001227,-0.2507203421941191,0.853056793629862,-1.8752853723150364,-0.34097028968400567,-0.7394662468772634,0.3455967637684949,0.9841231756854657,0
-0.634918112038349,-1.1099901739376037,0.8491410419312149,-0.08958324746303195,-0.404365943111267,-1.177851894974348,0.06599664927436881,0.853056793629862,1.5587696839822078,-0.11162799739561437,-0.7394662468772634,-2.03544711770914,0.9841231756854657,0
-0.46546902347764374,0.9009088760241706,0.8491410419312149,-0.08539826760012613,0.2715603651240624,-1.177851894974348,-0.4090788379283631,-0.8828162337175963,-1.7510820125076092,-0.570312581972397,-0.4814607612315388,0.305912699077201,-1.0161329645585022,0
-0.9738162891597597,-1.1099901739376037,0.8491410419312149,-0.08970958647776119,-0.404365943111267,-1.177851894974348,-0.2507203421941191,0.2744324511807092,-1.7510820125076092,-0.34097028968400567,-0.4814607612315388,0.2463866020402601,0.9841231756854657,0
-0.2960199349169384,-1.1099901739376037,1.5251962127575889,-0.0731591755482317,0.10257878806523006,0.9048055324001227,-0.2507203421941191,0.853056793629862,0.665848232393677,-0.34097028968400567,-0.4814607612315388,0.7622794430270811,-1.0161329645585022,0
-0.2960199349169384,-1.1099901739376037,-1.179024470547907,-0.08901472189675042,-0.7423290972289317,-1.177851894974348,1.8079401023510524,0.2744324511807092,0.001192415045823164,1.6084391947673204,-0.997471732522988,0.5241750548793175,-1.0161329645585022,0
-0.2960199349169384,0.9009088760241706,-0.502969299721533,-0.19934026650905284,0.4405419421828948,-1.177851894974348,0.06599664927436881,-1.461440576166749,-1.173704231781191,0.1177142948927768,-0.7394662468772634,0.12733440796637835,-1.0161329645585022,1
-0.9738162891597597,0.9009088760241706,-0.502969299721533,-0.09141516317660583,-0.911310674287764,-1.177851894974348,1.3645363142951692,0.2744324511807092,-1.173704231781191,1.2644257563347332,-0.4814607612315388,0.4844909901880236,-1.0161329645585022,0
-0.9738162891597597,0.9009088760241706,0.8491410419312149,-0.0688636490474378,-0.911310674287764,0.9048055324001227,-0.2507203421941191,-0.8828162337175963,0.561785957960427,-0.34097028968400567,-0.4814607612315388,0.32575473142284794,0.9841231756854657,0
-0.8043672005990544,-1.1099901739376037,-0.502969299721533,-0.20308305982040636,-0.7423290972289317,-1.177851894974348,0.06599664927436881,-1.461440576166749,1.451350561986595,0.1177142948927768,-0.997471732522988,-1.3806600503027906,-1.0161329645585022,1
-0.46546902347764374,-1.1099901739376037,0.8491410419312149,-0.09067292146507158,-0.23538436605243465,-1.177851894974348,0.8577891279455886,-0.3041918912684436,-0.37813135950118393,0.6910700256137552,-0.997471732522988,-0.26950623894656084,0.9841231756854657,0
-0.634918112038349,0.9009088760241706,-0.502969299721533,-0.20251453425412483,-0.5733475201700994,-1.177851894974348,-0.4090788379283631,-0.3041918912684436,-1.2979075915886182,-0.45564143582820127,-0.7394662468772634,-1.0235034680811452,-1.0161329645585022,1
-0.2960199349169384,0.9009088760241706,-1.179024470547907,-0.09623183811315783,-0.5733475201700994,-1.177851894974348,-0.3298995900612411,0.853056793629862,-0.25392799969375696,-0.45564143582820127,-0.4814607612315388,0.22654456969461315,0.9841231756854657,0
-0.634918112038349,0.9009088760241706,-0.502969299721533,-0.06670009342019968,-0.404365943111267,0.9048055324001227,-0.2507203421941191,1.4316811360790147,0.04483143335654109,-0.34097028968400567,-0.4814607612315388,-0.13061201252703214,-1.0161329645585022,0
-0.9738162891597597,0.9009088760241706,0.8491410419312149,-0.08926739992620887,-0.7423290972289317,-1.177851894974348,1.8079401023510524,-1.461440576166749,1.092167872813765,1.6084391947673204,-0.4814607612315388,-0.13061201252703214,0.9841231756854657,0
-0.634918112038349,0.9009088760241706,0.8491410419312149,-0.17648869721990287,-0.7423290972289317,0.9048055324001227,-0.2507203421941191,0.2744324511807092,1.327147202179168,-0.2262991435398101,-0.997471732522988,-0.7060309505507939,-1.0161329645585022,1
-0.2960199349169384,-1.1099901739376037,1.5251962127575889,-0.09106773088610044,-0.06640278899360229,-1.177851894974348,1.5228948100294133,1.4316811360790147,0.15896425047687956,1.379096902478929,-0.7394662468772634,-0.7060309505507939,-1.0161329645585022,0
-0.2960199349169384,-1.1099901739376037,-0.502969299721533,-0.04695962236875708,-0.404365943111267,0.9048055324001227,-0.2507203421941191,1.4316811360790147,0.5114332445249834,-0.45564143582820127,-0.997471732522988,0.305912699077201,-1.0161329645585022,0
-0.46546902347764374,0.9009088760241706,0.8491410419312149,-0.02950904595928182,-0.5733475201700994,0.9048055324001227,-0.2507203421941191,1.4316811360790147,-1.6705176710108995,-0.45564143582820127,-0.997471732522988,0.08765034327508442,0.9841231756854657,0
-0.634918112038349,-1.1099901739376037,-0.502969299721533,-0.02816669392778372,-0.5733475201700994,0.9048055324001227,-0.2507203421941191,-0.3041918912684436,-1.0427871768490378,-0.45564143582820127,-0.997471732522988,0.028124246238143545,-1.0161329645585022,0
-0.634918112038349,-1.1099901739376037,0.8491410419312149,-0.09389456634066702,-0.911310674287764,-1.177851894974348,2.4413740852880284,1.4316811360790147,-0.1397951825734185,2.2964660716324943,-0.7394662468772634,-0.36871640067479566,0.9841231756854657,0
-0.8043672005990544,-1.1099901739376037,-0.502969299721533,-0.03186211010861378,-0.404365943111267,0.9048055324001227,-0.2507203421941191,1.4316811360790147,-0.33784918875282943,-0.45564143582820127,-0.997471732522988,-0.09092794783573821,0.9841231756854657,0
-0.634918112038349,-1.1099901739376037,-0.502969299721533,-0.08858832772203924,-0.7423290972289317,-1.177851894974348,1.1745061194140765,0.2744324511807092,-1.6705176710108995,1.035083464046342,-0.4814607612315388,-0.8052411122790287,0.9841231756854657,0
-0.8043672005990544,-1.1099901739376037,0.8491410419312149,-0.012753334130817333,-0.7423290972289317,0.9048055324001227,-0.2507203421941191,-0.8828162337175963,-1.4724636648314886,-0.45564143582820127,-0.4814607612315388,-0.09092794783573821,0.9841231756854657,0
-0.634918112038349,-1.1099901739376037,-1.179024470547907,-0.08708805192212961,0.10257878806523006,-1.177851894974348,-0.5040939353689095,-0.8828162337175963,-0.811164695045998,-0.570312581972397,-0.7394662468772634,0.6630692812988462,0.9841231756854657,0
-0.634918112038349,-1.1099901739376037,0.8491410419312149,-0.016164487528506615,-0.5733475201700994,0.9048055324001227,-0.2507203421941191,-0.8828162337175963,0.5651428055227898,-0.45564143582820127,-0.7394662468772634,0.22654456969461315,0.9841231756854657,0
-0.9738162891597597,0.9009088760241706,-1.179024470547907,-0.012705957000293871,-0.911310674287764,0.9048055324001227,-0.2507203421941191,1.4316811360790147,-0.1397951825734185,-0.45564143582820127,-0.997471732522988,-1.7775006972157297,0.9841231756854657,0
-0.2960199349169384,0.9009088760241706,-1.179024470547907,-0.015959186629571614,-0.911310674287764,0.9048055324001227,-0.2507203421941191,0.853056793629862,-1.371758237960602,-0.45564143582820127,-0.4814607612315388,0.5837011519162584,-1.0161329645585022,0
-0.8043672005990544,-1.1099901739376037,-0.502969299721533,-0.08729335282106461,-0.911310674287764,-1.177851894974348,-0.09236184645987515,1.4316811360790147,0.001192415045823164,-0.2262991435398101,-0.997471732522988,0.5043330225336705,0.9841231756854657,0
-0.634918112038349,-1.1099901739376037,-0.502969299721533,-0.01703306825477009,-0.23538436605243465,0.9048055324001227,-0.2507203421941191,0.853056793629862,-0.46205254856025635,-0.45564143582820127,-0.7394662468772634,0.7622794430270811,-1.0161329645585022,0
-0.46546902347764374,0.9009088760241706,0.8491410419312149,-0.0860931321811369,-0.911310674287764,-1.177851894974348,-0.6228628071695924,0.853056793629862,-1.1233515183457474,-0.6849837281165926,-0.4814607612315388,-1.182239726846321,0.9841231756854657,0
-0.46546902347764374,-1.1099901739376037,-1.179024470547907,-0.08808297166312232,-0.5733475201700994,-1.177851894974348,-0.6941241302500022,0.2744324511807092,-1.8752853723150364,-0.7996548742607882,-0.4814607612315388,0.22654456969461315,0.9841231756854657,0
-0.9738162891597597,0.9009088760241706,1.5251962127575889,-0.015864432368524688,-0.23538436605243465,0.9048055324001227,-0.2507203421941191,-0.8828162337175963,-1.4993184453303918,-0.45564143582820127,-0.4814607612315388,0.286070666731554,0.9841231756854657,0
-0.8043672005990544,0.9009088760241706,-0.502969299721533,-0.08944111607146157,-0.5733475201700994,-1.177851894974348,0.06599664927436881,-1.461440576166749,-1.0495008719737637,-0.11162799739561437,-0.7394662468772634,-0.9838194033898514,0.9841231756854657,0
-0.8043672005990544,-1.1099901739376037,1.5251962127575889,-0.19714512612813243,-0.5733475201700994,-1.177851894974348,0.8973787518791496,0.853056793629862,1.5688402266692962,1.035083464046342,-0.997471732522988,-0.36871640067479566,-1.0161329645585022,1
-0.634918112038349,-1.1099901739376037,-0.502969299721533,-0.19795053734703127,-0.23538436605243465,-1.177851894974348,-0.5674373336626071,0.2744324511807092,1.1458774338115711,-0.570312581972397,-0.997471732522988,-0.44808453005738347,-1.0161329645585022,1
-0.2960199349169384,0.9009088760241706,0.8491410419312149,-0.09064133671138928,-0.404365943111267,0.21058638994196582,-1.2800505644667048,-0.3041918912684436,0.6154955189582334,-1.3730106049817663,-0.997471732522988,-0.190138109563973,-1.0161329645585022,0
-0.634918112038349,0.9009088760241706,-0.502969299721533,-0.09062554433454813,-0.5733475201700994,-1.177851894974348,-0.7099599798234266,-0.8828162337175963,-0.16664996307232172,-0.7996548742607882,-0.997471732522988,-0.011559818453150373,0.9841231756854657,0
-0.9738162891597597,0.9009088760241706,-0.502969299721533,-0.20166174590470248,-0.7423290972289317,-1.177851894974348,-0.3774071387815143,-0.3041918912684436,0.001192415045823164,-0.34097028968400567,-0.4814607612315388,-0.20998014190961997,-1.0161329645585022,1
-0.634918112038349,0.9009088760241706,0.8491410419312149,-0.20194600868784326,-0.5733475201700994,-1.177851894974348,0.0026532509806712224,-0.8828162337175963,-0.07601507888852362,0.003043148748581378,-0.4814607612315388,-0.7457150152420878,-1.0161329645585022,1
-0.8043672005990544,0.9009088760241706,-1.179024470547907,-0.015501207701178145,-0.7423290972289317,0.9048055324001227,-0.2507203421941191,-1.461440576166749,1.2465828606824585,-0.45564143582820127,-0.997471732522988,-0.6068207888225592,-1.0161329645585022,0
-0.8043672005990544,-1.1099901739376037,-0.502969299721533,-0.02221296785866863,-0.911310674287764,0.9048055324001227,-0.2507203421941191,0.853056793629862,-0.5661148229935064,-0.45564143582820127,-0.7394662468772634,-0.26950623894656084,-1.0161329645585022,0
-0.634918112038349,0.9009088760241706,0.8491410419312149,-0.08531930571592035,-0.5733475201700994,-1.177851894974348,-1.2008713165995828,0.853056793629862,0.16232109803924238,-1.2583394588375707,-0.4814607612315388,-1.4600281796853785,-1.0161329645585022,0
-0.8043672005990544,0.9009088760241706,0.8491410419312149,-0.08628264070323076,-0.5733475201700994,0.21058638994196582,-0.09236184645987515,-0.8828162337175963,1.8407448792206904,-0.2262991435398101,-0.7394662468772634,-2.571181991041608,0.9841231756854657,0
-0.9738162891597597,0.9009088760241706,0.8491410419312149,-0.07808639712267178,-0.911310674287764,-1.177851894974348,0.5410721364771007,1.4316811360790147,-0.46205254856025635,0.3470565871811683,-0.7394662468772634,-1.9362369559809054,0.9841231756854657,0
-0.8043672005990544,-1.1099901739376037,0.8491410419312149,-0.08154492765088453,-0.911310674287764,0.21058638994196582,-0.5476425216958265,0.2744324511807092,-0.811164695045998,-0.6849837281165926,-0.4814607612315388,-0.4282424977117365,0.9841231756854657,0
-0.8043672005990544,0.9009088760241706,0.8491410419312149,-0.19697140998287974,-0.911310674287764,-1.177851894974348,2.4413740852880284,0.853056793629862,2.6967410076232294,2.640479510065081,-0.4814607612315388,0.286070666731554,-1.0161329645585022,1
-0.634918112038349,0.9009088760241706,-1.179024470547907,-0.012800711261340796,-0.404365943111267,0.9048055324001227,-0.2507203421941191,0.853056793629862,-0.8447331706696268,-0.45564143582820127,-0.997471732522988,0.7424374106814341,-1.0161329645585022,0
-1.143265377720465,-1.1099901739376037,-0.502969299721533,-0.19570801983558742,-0.911310674287764,-1.177851894974348,-0.7257958293968509,-0.3041918912684436,1.0955247203761276,-0.7996548742607882,-0.4814607612315388,0.9210157017922567,-1.0161329645585022,1
-0.8043672005990544,-1.1099901739376037,-0.502969299721533,-0.1952658332840351,-0.911310674287764,-1.177851894974348,-0.646616581529729,0.2744324511807092,1.2096575374964662,-0.6849837281165926,-0.997471732522988,0.9805417988291976,-1.0161329645585022,1
-0.9738162891597597,0.9009088760241706,-0.502969299721533,-0.08085006306987375,-0.7423290972289317,-1.177851894974348,0.19268344586176397,-0.8828162337175963,-0.34120603631519225,0.003043148748581378,-0.997471732522988,1.1988041546313142,0.9841231756854657,0
-0.8043672005990544,-1.1099901739376037,-0.502969299721533,-0.07675983746801483,-0.5733475201700994,0.21058638994196582,-1.121692068732461,0.853056793629862,0.001192415045823164,-1.2583394588375707,-0.7394662468772634,0.46464895784237664,-1.0161329645585022,0
-1.143265377720465,-1.1099901739376037,-1.179024470547907,-0.00841043049949996,-0.7423290972289317,0.9048055324001227,-0.2507203421941191,-0.8828162337175963,0.6154955189582334,-0.45564143582820127,-0.997471732522988,-1.0235034680811452,0.9841231756854657,0
-0.8043672005990544,-1.1099901739376037,-1.179024470547907,-0.07893918547209411,-0.911310674287764,-1.177851894974348,-0.7257958293968509,0.853056793629862,0.11868207972852446,-0.7996548742607882,-0.997471732522988,0.06780831092943747,0.9841231756854657,0
-0.9738162891597597,0.9009088760241706,-1.179024470547907,-0.08018678324254527,-0.404365943111267,-1.177851894974348,3.2331665639592484,1.4316811360790147,-1.4724636648314886,2.984492948497668,-0.7394662468772634,0.821805540064022,-1.0161329645585022,0
-0.2960199349169384,-1.1099901739376037,0.8491410419312149,0.02653809944997403,-0.5733475201700994,0.9048055324001227,-0.2507203421941191,1.4316811360790147,-1.2979075915886182,-0.45564143582820127,-0.997471732522988,0.028124246238143545,-1.0161329645585022,0
-0.634918112038349,0.9009088760241706,0.8491410419312149,-0.08367689852444032,-0.7423290972289317,-1.177851894974348,-1.01084112171849,1.4316811360790147,0.16232109803924238,-1.143668312693375,-0.997471732522988,0.16701847265767225,0.9841231756854657,0
-0.8043672005990544,0.9009088760241706,0.8491410419312149,0.025211539795317088,-0.5733475201700994,0.9048055324001227,-0.2507203421941191,1.4316811360790147,0.001192415045823164,-0.45564143582820127,-0.7394662468772634,0.0479662785837905,0.9841231756854657,0
-0.9738162891597597,0.9009088760241706,-0.502969299721533,-0.07971301193731065,-0.7423290972289317,0.21058638994196582,2.3226052134873454,-0.8828162337175963,1.327147202179168,2.0671237793441026,-0.7394662468772634,-0.6068207888225592,0.9841231756854657,0
-0.8043672005990544,0.9009088760241706,0.8491410419312149,-0.0773599477879787,-0.911310674287764,-1.177851894974348,0.5410721364771007,0.853056793629862,-0.12972463988633004,0.3470565871811683,-0.4814607612315388,-1.0830295651180861,-1.0161329645585022,0
-0.634918112038349,0.9009088760241706,-0.502969299721533,-0.07737574016481985,-0.7423290972289317,-1.177851894974348,-0.4882580857954851,-0.3041918912684436,-1.6705176710108995,-0.570312581972397,-0.4814607612315388,-0.30919030363785477,0.9841231756854657,0
-0.46546902347764374,-1.1099901739376037,0.8491410419312149,0.08225360494556565,-0.7423290972289317,0.9048055324001227,-0.2507203421941191,0.853056793629862,1.6628319584154578,-0.570312581972397,-0.7394662468772634,-0.32903233598350173,0.9841231756854657,0
-0.634918112038349,-1.1099901739376037,0.8491410419312149,-0.07308021366402594,-0.5733475201700994,0.21058638994196582,-1.01084112171849,0.853056793629862,-1.1166378232210217,-1.143668312693375,-0.4814607612315388,-0.6663468858595001,-1.0161329645585022,0
-0.634918112038349,-1.1099901739376037,0.8491410419312149,-0.07459628184077673,-0.404365943111267,-1.177851894974348,1.3011929160014717,-0.8828162337175963,-0.25392799969375696,1.1497546101905376,-0.7394662468772634,-2.2933935382025505,0.9841231756854657,0
-0.634918112038349,-1.1099901739376037,-1.179024470547907,0.07849501925737097,-0.06640278899360229,0.9048055324001227,-0.2507203421941191,-1.461440576166749,0.23617174441122635,-0.570312581972397,-0.7394662468772634,-0.26950623894656084,0.9841231756854657,0
-0.634918112038349,0.9009088760241706,1.5251962127575889,-0.07645978230803291,-0.23538436605243465,-1.177851894974348,-1.2800505644667048,0.2744324511807092,-1.4993184453303918,-1.3730106049817663,-0.997471732522988,-0.8647672093159696,0.9841231756854657,0
-0.46546902347764374,-1.1099901739376037,1.5251962127575889,-0.07421726479658904,-0.911310674287764,0.21058638994196582,-0.8841543251310949,1.4316811360790147,-1.0931398902844813,-1.0289971665491795,-0.4814607612315388,0.5837011519162584,-1.0161329645585022,0
-0.2960199349169384,0.9009088760241706,-1.179024470547907,0.08110076143616139,-0.5733475201700994,0.9048055324001227,-0.2507203421941191,-0.3041918912684436,-1.0427871768490378,-0.570312581972397,-0.4814607612315388,-0.07108591549009124,-1.0161329645585022,0
-0.2960199349169384,0.9009088760241706,-0.502969299721533,0.08358016460022258,-0.23538436605243465,0.9048055324001227,-0.2507203421941191,-0.8828162337175963,1.6628319584154578,-0.570312581972397,-0.7394662468772634,-0.03140185079879733,0.9841231756854657,0
-0.9738162891597597,0.9009088760241706,0.8491410419312149,0.07838447261948289,-0.911310674287764,0.9048055324001227,-0.2507203421941191,-0.8828162337175963,-1.3482603050240614,-0.570312581972397,-0.997471732522988,-2.2933935382025505,0.9841231756854657,0
-0.8043672005990544,0.9009088760241706,0.8491410419312149,0.08177983364033102,-0.404365943111267,0.9048055324001227,-0.2507203421941191,0.2744324511807092,0.3301634761573873,-0.570312581972397,-0.4814607612315388,-0.17029607721832604,-1.0161329645585022,0
-0.46546902347764374,0.9009088760241706,-1.179024470547907,-0.034531021794768815,-0.404365943111267,0.9048055324001227,-0.2507203421941191,-1.461440576166749,1.4345663241747801,-0.45564143582820127,-0.4814607612315388,-0.4877685947486774,-1.0161329645585022,1
-0.8043672005990544,0.9009088760241706,1.5251962127575889,0.07317298826190204,-0.911310674287764,0.9048055324001227,-0.2507203421941191,-0.8828162337175963,1.6829730437896346,-0.570312581972397,-0.997471732522988,-0.4877685947486774,0.9841231756854657,0
-0.2960199349169384,-1.1099901739376037,1.5251962127575889,-0.07459628184077673,-0.06640278899360229,-1.177851894974348,0.38271364074285674,0.853056793629862,-1.0427871768490378,0.23238544103697253,-0.997471732522988,-0.7655570475877348,-1.0161329645585022,0
-0.9738162891597597,0.9009088760241706,1.5251962127575889,0.08225360494556565,-0.7423290972289317,0.9048055324001227,-0.2507203421941191,-0.8828162337175963,-1.1233515183457474,-0.570312581972397,-0.4814607612315388,0.46464895784237664,-1.0161329645585022,0
-0.8043672005990544,-1.1099901739376037,-1.179024470547907,-0.07145359884938707,-0.5733475201700994,-1.177851894974348,-0.8841543251310949,1.4316811360790147,-0.707102420612748,-1.0289971665491795,-0.997471732522988,-2.114815247091728,0.9841231756854657,0
-0.9738162891597597,0.9009088760241706,0.8491410419312149,-0.02747182934677294,-0.7423290972289317,0.9048055324001227,-0.2507203421941191,0.853056793629862,1.286865031430813,-0.45564143582820127,-0.997471732522988,-0.5472946917856183,-1.0161329645585022,1
-0.634918112038349,-1.1099901739376037,-0.502969299721533,0.08125868520457294,-0.7423290972289317,0.9048055324001227,-0.2507203421941191,-0.8828162337175963,1.2465828606824585,-0.570312581972397,-0.7394662468772634,-0.011559818453150373,0.9841231756854657,0
-0.46546902347764374,0.9009088760241706,1.5251962127575889,0.0867702247221357,-0.404365943111267,0.9048055324001227,-0.2507203421941191,0.853056793629862,1.092167872813765,-0.570312581972397,-0.4814607612315388,0.10749237562073138,0.9841231756854657,0
-0.2960199349169384,0.9009088760241706,0.8491410419312149,-0.0708534885294232,-0.404365943111267,-1.177851894974348,-0.18737694390042153,-1.461440576166749,-1.4724636648314886,-0.34097028968400567,-0.4814607612315388,0.286070666731554,0.9841231756854657,0
-0.2960199349169384,0.9009088760241706,0.8491410419312149,0.0961982736963047,-0.06640278899360229,0.9048055324001227,-0.2507203421941191,-0.3041918912684436,0.8336906105118219,-0.570312581972397,-0.4814607612315388,-0.5076106270943244,0.9841231756854657,0
-0.634918112038349,0.9009088760241706,-1.179024470547907,-0.07083769615258206,-0.5733475201700994,-1.177851894974348,-0.5357656345157582,0.853056793629862,0.001192415045823164,-0.6849837281165926,-0.7394662468772634,-0.20998014190961997,-1.0161329645585022,0
-0.8043672005990544,0.9009088760241706,-1.179024470547907,-0.06963747551265434,-0.911310674287764,-1.177851894974348,-1.2325430157464317,-0.8828162337175963,0.23617174441122635,-1.3730106049817663,-0.7394662468772634,-0.8647672093159696,0.9841231756854657,0
-0.9738162891597597,0.9009088760241706,-0.502969299721533,-0.07486475224707635,-0.911310674287764,-1.177851894974348,0.5410721364771007,-1.461440576166749,1.4312094766124175,0.3470565871811683,-0.997471732522988,0.8813316371009629,-1.0161329645585022,0
-0.46546902347764374,0.9009088760241706,-0.502969299721533,0.11758115193922733,-0.7423290972289317,0.9048055324001227,-0.2507203421941191,-1.461440576166749,-1.0427871768490378,-0.570312581972397,-0.4814607612315388,-0.30919030363785477,0.9841231756854657,0
-0.9738162891597597,0.9009088760241706,-0.502969299721533,0.12023427124854122,-0.911310674287764,0.9048055324001227,-0.2507203421941191,-0.8828162337175963,-1.0427871768490378,-0.570312581972397,-0.4814607612315388,-1.3806600503027906,-1.0161329645585022,0
-0.9738162891597597,-1.1099901739376037,0.8491410419312149,-0.07451731995657096,-0.7423290972289317,-1.177851894974348,0.8696660151256569,-0.8828162337175963,-1.6705176710108995,0.6910700256137552,-0.997471732522988,-0.5671367241312653,0.9841231756854657,0
-0.9738162891597597,-1.1099901739376037,-1.179024470547907,0.011014193015119564,-0.911310674287764,0.9048055324001227,-0.2507203421941191,-0.3041918912684436,1.223084927745918,-0.45564143582820127,-0.4814607612315388,0.5241750548793175,-1.0161329645585022,1
-0.634918112038349,0.9009088760241706,1.5251962127575889,-0.07105878942835822,-0.23538436605243465,-1.177851894974348,-0.5872321456293875,0.853056793629862,-1.6705176710108995,-0.6849837281165926,-0.997471732522988,-0.3488743683291487,-1.0161329645585022,0
-0.9738162891597597,-1.1099901739376037,1.5251962127575889,0.11791279185289157,-0.911310674287764,0.9048055324001227,-0.2507203421941191,0.2744324511807092,-1.0427871768490378,-0.570312581972397,-0.4814607612315388,0.32575473142284794,-1.0161329645585022,0
-1.143265377720465,-1.1099901739376037,-0.502969299721533,-0.06632107637601199,-0.5733475201700994,-1.177851894974348,-0.5674373336626071,-1.461440576166749,-1.173704231781191,-0.6849837281165926,-0.997471732522988,0.26622863438590705,-1.0161329645585022,0
-0.9738162891597597,-1.1099901739376037,1.5251962127575889,-0.06684222481177007,-0.23538436605243465,-1.177851894974348,-1.2008713165995828,-0.8828162337175963,-1.6705176710108995,-1.2583394588375707,-0.7394662468772634,0.16701847265767225,0.9841231756854657,0
-0.8043672005990544,-1.1099901739376037,-0.502969299721533,-0.07747049442586677,-0.404365943111267,-1.177851894974348,0.06599664927436881,0.2744324511807092,-1.0427871768490378,-0.11162799739561437,-0.7394662468772634,0.5241750548793175,0.9841231756854657,0
-0.9738162891597597,0.9009088760241706,-1.179024470547907,-0.077186231642726,-0.911310674287764,-1.177851894974348,-0.7257958293968509,0.853056793629862,-1.6705176710108995,-0.7996548742607882,-0.4814607612315388,-0.2893482712922078,-1.0161329645585022,0
-0.634918112038349,-1.1099901739376037,0.8491410419312149,-0.07135884458834015,-0.911310674287764,-1.177851894974348,0.06599664927436881,-0.8828162337175963,1.0015329886299666,-0.11162799739561437,-0.4814607612315388,-1.6386064707962011,0.9841231756854657,0
-0.46546902347764374,0.9009088760241706,1.5251962127575889,-0.07469103610182365,-0.404365943111267,-1.177851894974348,0.38271364074285674,1.4316811360790147,-1.8752853723150364,0.23238544103697253,-0.997471732522988,-0.5076106270943244,0.9841231756854657,0
-0.634918112038349,-1.1099901739376037,-1.179024470547907,0.11829180889707926,-0.7423290972289317,0.9048055324001227,-0.2507203421941191,-0.3041918912684436,-0.33784918875282943,-0.570312581972397,-0.7394662468772634,0.4448069254967297,0.9841231756854657,0
-0.46546902347764374,-1.1099901739376037,0.8491410419312149,-0.07480158273971173,-0.23538436605243465,-1.177851894974348,-0.17154109432699713,1.4316811360790147,-0.005521280078902488,-0.34097028968400567,-0.997471732522988,-0.5472946917856183,0.9841231756854657,0
-0.8043672005990544,-1.1099901739376037,-1.179024470547907,-0.0733328916934844,-0.911310674287764,0.21058638994196582,-0.6347396943496607,1.4316811360790147,0.001192415045823164,-0.7996548742607882,-0.7394662468772634,-0.5869787564769122,-1.0161329645585022,0
-0.634918112038349,0.9009088760241706,-1.179024470547907,0.1566356998674014,-0.23538436605243465,0.9048055324001227,-0.2507203421941191,-0.8828162337175963,1.5486991412951188,-0.570312581972397,-0.997471732522988,-0.13061201252703214,0.9841231756854657,0
-0.2960199349169384,-1.1099901739376037,1.5251962127575889,0.1582781070588814,-0.5733475201700994,0.9048055324001227,-0.2507203421941191,-0.8828162337175963,0.9780350556934264,-0.570312581972397,-0.7394662468772634,0.286070666731554,-1.0161329645585022,0
-0.8043672005990544,-1.1099901739376037,-0.502969299721533,-0.0740909257818598,-0.5733475201700994,-1.177851894974348,-0.7257958293968509,1.4316811360790147,-1.8752853723150364,-0.7996548742607882,-0.7394662468772634,0.782121475372728,-1.0161329645585022,0
-0.8043672005990544,0.9009088760241706,-1.179024470547907,0.1735493354642774,-0.404365943111267,0.9048055324001227,-0.2507203421941191,0.2744324511807092,-1.0427871768490378,-0.570312581972397,-0.4814607612315388,0.782121475372728,0.9841231756854657,0
-0.634918112038349,0.9009088760241706,-0.502969299721533,-0.06884785667059665,-0.911310674287764,-1.177851894974348,0.06599664927436881,-1.461440576166749,-1.1804179269059165,-0.11162799739561437,-0.7394662468772634,1.0599099282117854,0.9841231756854657,0
-0.9738162891597597,-1.1099901739376037,0.8491410419312149,0.1727281318685374,-0.7423290972289317,0.9048055324001227,-0.2507203421941191,-1.461440576166749,-1.6839450612603513,-0.570312581972397,-0.7394662468772634,0.12733440796637835,-1.0161329645585022,0
-0.8043672005990544,0.9009088760241706,0.8491410419312149,0.17756059918193054,-0.911310674287764,0.9048055324001227,-0.2507203421941191,-1.461440576166749,-0.08944246913797492,-0.570312581972397,-0.7394662468772634,-0.38855843302044263,0.9841231756854657,0
-0.46546902347764374,-1.1099901739376037,-1.179024470547907,-0.06935321272951357,-0.404365943111267,-1.177851894974348,-1.042512820865339,-0.3041918912684436,0.665848232393677,-1.143668312693375,-0.997471732522988,0.8416475724096689,-1.0161329645585022,0
-0.8043672005990544,0.9009088760241706,0.8491410419312149,-0.0717852387630513,-0.911310674287764,-1.177851894974348,-0.09236184645987515,0.2744324511807092,0.001192415045823164,-0.2262991435398101,-0.4814607612315388,-0.36871640067479566,-1.0161329645585022,0
-0.8043672005990544,0.9009088760241706,-0.502969299721533,0.17604453100517975,-0.404365943111267,0.9048055324001227,-0.2507203421941191,0.853056793629862,0.9343960373827085,-0.570312581972397,-0.7394662468772634,-0.8647672093159696,-1.0161329645585022,0
-0.634918112038349,-1.1099901739376037,0.8491410419312149,0.1764393404262086,-0.5733475201700994,0.9048055324001227,-0.2507203421941191,1.4316811360790147,1.4647779522360462,-0.570312581972397,-0.7394662468772634,-1.6386064707962011,0.9841231756854657,0
-0.9738162891597597,-1.1099901739376037,-1.179024470547907,-0.06968485264317781,-0.911310674287764,-1.177851894974348,0.06599664927436881,-0.8828162337175963,-1.6839450612603513,-0.11162799739561437,-0.4814607612315388,0.7027533459901402,0.9841231756854657,0
-0.46546902347764374,0.9009088760241706,0.8491410419312149,0.05954416704798607,-0.23538436605243465,0.9048055324001227,-0.2507203421941191,-0.3041918912684436,1.0015329886299666,-0.45564143582820127,-0.997471732522988,0.5241750548793175,-1.0161329645585022,1
-0.8043672005990544,0.9009088760241706,0.8491410419312149,0.1915052679326696,-0.911310674287764,0.9048055324001227,-0.2507203421941191,0.853056793629862,-1.6839450612603513,-0.570312581972397,-0.4814607612315388,-0.5869787564769122,0.9841231756854657,0
-0.2960199349169384,0.9009088760241706,-1.179024470547907,0.20109124067525014,-0.06640278899360229,0.9048055324001227,-0.2507203421941191,0.853056793629862,0.7061304031420315,-0.570312581972397,-0.7394662468772634,0.3455967637684949,0.9841231756854657,0
-0.46546902347764374,0.9009088760241706,-1.179024470547907,0.1967641294207739,-0.7423290972289317,0.9048055324001227,-0.2507203421941191,0.2744324511807092,-1.6705176710108995,-0.570312581972397,-0.7394662468772634,-0.051243883144444294,-1.0161329645585022,0
-0.634918112038349,0.9009088760241706,-1.179024470547907,0.21893662650575424,-0.06640278899360229,0.9048055324001227,-0.2507203421941191,-1.461440576166749,-1.173704231781191,-0.570312581972397,-0.7394662468772634,-1.3806600503027906,0.9841231756854657,0
-0.9738162891597597,0.9009088760241706,0.8491410419312149,-0.07582808723438675,-0.7423290972289317,-1.177851894974348,-0.09236184645987515,-0.8828162337175963,-0.33784918875282943,-0.2262991435398101,-0.997471732522988,0.26622863438590705,0.9841231756854657,0
-0.9738162891597597,0.9009088760241706,-0.502969299721533,0.22929642571355133,-0.7423290972289317,0.9048055324001227,-0.2507203421941191,0.2744324511807092,0.9343960373827085,-0.6849837281165926,-0.4814607612315388,0.8416475724096689,0.9841231756854657,0
-0.2960199349169384,0.9009088760241706,-1.179024470547907,-0.06764763603066894,-0.23538436605243465,-1.177851894974348,0.06599664927436881,1.4316811360790147,0.8135495251376443,-0.11162799739561437,-0.997471732522988,-2.03544711770914,0.9841231756854657,0
-0.8043672005990544,-1.1099901739376037,1.5251962127575889,-0.18247400804270028,-0.911310674287764,-1.177851894974348,-0.2507203421941191,1.4316811360790147,1.1861596045599256,-0.2262991435398101,-0.997471732522988,0.821805540064022,-1.0161329645585022,1
-0.634918112038349,0.9009088760241706,-0.502969299721533,0.2531587071205351,-0.911310674287764,0.9048055324001227,-0.2507203421941191,0.2744324511807092,0.16232109803924238,-0.6849837281165926,-0.997471732522988,0.18686050500331922,-1.0161329645585022,0
-0.8043672005990544,-1.1099901739376037,-1.179024470547907,0.26519249827349456,-0.911310674287764,0.9048055324001227,-0.2507203421941191,-0.8828162337175963,-1.0427871768490378,-0.6849837281165926,-0.7394662468772634,-2.531497926350314,0.9841231756854657,0
-0.634918112038349,0.9009088760241706,-0.502969299721533,-0.06720544947911662,-0.911310674287764,-1.177851894974348,0.06599664927436881,-0.3041918912684436,-0.08944246913797492,-0.11162799739561437,-0.997471732522988,-0.9441353386985575,0.9841231756854657,0
-0.634918112038349,-1.1099901739376037,-1.179024470547907,-0.07139042934202244,-0.5733475201700994,-1.177851894974348,-0.2903099661276801,-0.8828162337175963,-0.33784918875282943,-0.45564143582820127,-0.997471732522988,-1.9957630530178463,-1.0161329645585022,0
-0.9738162891597597,0.9009088760241706,-0.502969299721533,0.27056190639948696,-0.7423290972289317,0.9048055324001227,-0.2507203421941191,1.4316811360790147,2.478545916069642,-0.6849837281165926,-0.7394662468772634,-2.3926036999307856,-1.0161329645585022,0
-0.2960199349169384,-1.1099901739376037,-1.179024470547907,0.26925113912167115,-0.5733475201700994,0.9048055324001227,-0.2507203421941191,-0.3041918912684436,-1.6839450612603513,-0.6849837281165926,-0.997471732522988,0.2463866020402601,0.9841231756854657,0
-0.634918112038349,0.9009088760241706,1.5251962127575889,-0.07412251053554211,-0.911310674287764,-1.177851894974348,1.6495816066168083,0.2744324511807092,0.001192415045823164,1.4937680486231246,-0.4814607612315388,-0.2893482712922078,-1.0161329645585022,0
-0.46546902347764374,-1.1099901739376037,-1.179024470547907,0.1538404491665171,-0.5733475201700994,0.9048055324001227,-0.2507203421941191,-0.3041918912684436,-1.2475548781531747,-0.570312581972397,-0.7394662468772634,-0.20998014190961997,-1.0161329645585022,1
-0.8043672005990544,0.9009088760241706,-0.502969299721533,-0.07308021366402594,-0.7423290972289317,-1.177851894974348,1.3328646151483206,1.4316811360790147,1.159304824061023,1.1497546101905376,-0.7394662468772634,-0.011559818453150373,-1.0161329645585022,0
-0.8043672005990544,0.9009088760241706,-0.502969299721533,-0.07317496792507286,-0.404365943111267,-1.177851894974348,0.06599664927436881,0.853056793629862,0.001192415045823164,-0.11162799739561437,-0.997471732522988,0.4249648931510827,0.9841231756854657,0
-0.9738162891597597,-1.1099901739376037,-1.179024470547907,-0.0754332778133579,-0.911310674287764,-1.177851894974348,-1.2800505644667048,-0.8828162337175963,-1.3751150855229646,-1.3730106049817663,-0.997471732522988,0.14717644031202531,0.9841231756854657,0
-0.2960199349169384,-1.1099901739376037,0.8491410419312149,0.2710514700815627,-0.06640278899360229,0.9048055324001227,-0.2507203421941191,0.2744324511807092,0.5785701957722418,-0.6849837281165926,-0.7394662468772634,-0.09092794783573821,0.9841231756854657,0
-0.9738162891597597,0.9009088760241706,-0.502969299721533,-0.06797927594433317,-0.911310674287764,-1.177851894974348,1.1745061194140765,-0.8828162337175963,-1.3751150855229646,0.9204123179021463,-0.7394662468772634,0.46464895784237664,0.9841231756854657,0
-0.634918112038349,0.9009088760241706,0.8491410419312149,0.29841965914728275,-0.911310674287764,0.9048055324001227,-0.2507203421941191,1.4316811360790147,0.6154955189582334,-0.6849837281165926,-0.997471732522988,0.5043330225336705,0.9841231756854657,0
-0.2960199349169384,0.9009088760241706,-0.502969299721533,0.30598420765419554,-0.23538436605243465,0.9048055324001227,-0.2507203421941191,1.4316811360790147,-0.005521280078902488,-0.6849837281165926,-0.7394662468772634,-0.46792656240303043,0.9841231756854657,0
-0.2960199349169384,-1.1099901739376037,1.5251962127575889,-0.06712648759491084,-0.5733475201700994,-1.177851894974348,0.06599664927436881,0.2744324511807092,-1.0495008719737637,-0.11162799739561437,-0.997471732522988,-0.03140185079879733,-1.0161329645585022,0
-0.2960199349169384,0.9009088760241706,-0.502969299721533,0.19388991683568388,-0.404365943111267,0.9048055324001227,-0.2507203421941191,-0.3041918912684436,0.830333762949459,-0.570312581972397,-0.4814607612315388,-1.9957630530178463,-1.0161329645585022,1
-0.46546902347764374,-1.1099901739376037,0.8491410419312149,-0.18748019150134612,-0.23538436605243465,-1.177851894974348,-1.2008713165995828,-0.3041918912684436,0.16232109803924238,-1.2583394588375707,-0.7394662468772634,-0.9441353386985575,-1.0161329645585022,1
-0.9738162891597597,-1.1099901739376037,-1.179024470547907,-0.07355398496926056,-0.911310674287764,0.21058638994196582,-0.8841543251310949,-0.8828162337175963,-1.4254677989584081,-1.0289971665491795,-0.4814607612315388,-0.38855843302044263,0.9841231756854657,0
-0.2960199349169384,-1.1099901739376037,-0.502969299721533,-0.07255906522826785,-0.5733475201700994,-1.177851894974348,1.6495816066168083,0.2744324511807092,-0.21028898138303903,1.4937680486231246,-0.4814607612315388,1.0797519605574324,0.9841231756854657,0
-0.46546902347764374,-1.1099901739376037,-1.179024470547907,-0.06842146249588549,-0.911310674287764,-1.177851894974348,-1.1850354670261585,-0.8828162337175963,0.2865244578466693,-1.2583394588375707,-0.997471732522988,0.0479662785837905,0.9841231756854657,0
-0.634918112038349,0.9009088760241706,-0.502969299721533,-0.18124220264909027,-0.06640278899360229,-1.177851894974348,0.06599664927436881,1.4316811360790147,1.1223795008750308,0.1177142948927768,-0.4814607612315388,-0.11076998018138517,-1.0161329645585022,1
-0.9738162891597597,0.9009088760241706,1.5251962127575889,0.013477803802339601,-0.911310674287764,0.9048055324001227,-0.2507203421941191,0.2744324511807092,2.478545916069642,-0.45564143582820127,-0.4814607612315388,1.1988041546313142,-1.0161329645585022,1
-0.9738162891597597,0.9009088760241706,-1.179024470547907,0.3644949638506714,-0.911310674287764,0.9048055324001227,-0.2507203421941191,0.853056793629862,0.9780350556934264,-0.6849837281165926,-0.7394662468772634,-0.6465048535138531,0.9841231756854657,0
-0.46546902347764374,0.9009088760241706,0.8491410419312149,-0.07129567508097552,-0.5733475201700994,-1.177851894974348,-0.5674373336626071,-1.461440576166749,-1.0495008719737637,-0.6849837281165926,-0.4814607612315388,-1.3608180179571436,0.9841231756854657,0
-0.634918112038349,-1.1099901739376037,-0.502969299721533,0.36087850955404716,-0.23538436605243465,0.9048055324001227,-0.2507203421941191,-0.3041918912684436,0.6893461653302174,-0.6849837281165926,-0.997471732522988,-0.011559818453150373,-1.0161329645585022,0
-0.46546902347764374,0.9009088760241706,-1.179024470547907,-0.06736337324752815,-0.5733475201700994,-1.177851894974348,0.06599664927436881,-1.461440576166749,-1.0495008719737637,-0.11162799739561437,-0.7394662468772634,0.08765034327508442,0.9841231756854657,0
-0.8043672005990544,0.9009088760241706,0.8491410419312149,-0.06723703423279892,-0.911310674287764,-1.177851894974348,0.25602684415546156,1.4316811360790147,-1.0495008719737637,0.1177142948927768,-0.4814607612315388,-1.2417658238832618,0.9841231756854657,0
-1.143265377720465,0.9009088760241706,-0.502969299721533,-0.18795396280658075,-0.911310674287764,-1.177851894974348,1.3328646151483206,-0.8828162337175963,-0.25392799969375696,1.379096902478929,-0.997471732522988,0.12733440796637835,-1.0161329645585022,1
-0.9738162891597597,0.9009088760241706,-0.502969299721533,0.38038209495287245,-0.404365943111267,0.9048055324001227,-0.2507203421941191,-0.8828162337175963,0.9780350556934264,-0.6849837281165926,-0.997471732522988,-0.13061201252703214,0.9841231756854657,0
-0.2960199349169384,-1.1099901739376037,-1.179024470547907,0.395195344429875,-0.404365943111267,0.9048055324001227,-0.2507203421941191,0.853056793629862,-0.21700267650776528,-0.6849837281165926,-0.7394662468772634,-0.7060309505507939,0.9841231756854657,0
-0.9738162891597597,0.9009088760241706,-1.179024470547907,-0.07112195893572283,-0.911310674287764,-1.177851894974348,-0.7257958293968509,1.4316811360790147,-0.811164695045998,-0.7996548742607882,-0.4814607612315388,0.5043330225336705,0.9841231756854657,0
-0.46546902347764374,-1.1099901739376037,1.5251962127575889,0.40538142749241934,0.10257878806523006,0.9048055324001227,-0.2507203421941191,0.2744324511807092,-0.21364582894540246,-0.6849837281165926,-0.997471732522988,-0.17029607721832604,-1.0161329645585022,0
-0.46546902347764374,-1.1099901739376037,-0.502969299721533,-0.07608076526384522,-0.404365943111267,0.21058638994196582,-0.963333572998217,1.4316811360790147,0.860545391010725,-1.0289971665491795,-0.4814607612315388,0.40512286080543575,0.9841231756854657,0
-0.8043672005990544,0.9009088760241706,1.5251962127575889,-0.07303283653350247,-0.5733475201700994,-1.177851894974348,0.06599664927436881,0.2744324511807092,0.3939435798422821,-0.11162799739561437,-0.997471732522988,0.9210157017922567,-1.0161329645585022,0
-0.9738162891597597,-1.1099901739376037,-1.179024470547907,-0.07317496792507286,-0.7423290972289317,-1.177851894974348,-0.5674373336626071,-0.8828162337175963,0.9780350556934264,-0.6849837281165926,-0.4814607612315388,-1.4997122443766724,-1.0161329645585022,0
-0.8043672005990544,0.9009088760241706,1.5251962127575889,-0.07001649255684204,-0.911310674287764,-1.177851894974348,-0.7257958293968509,1.4316811360790147,0.860545391010725,-0.7996548742607882,-0.7394662468772634,-2.114815247091728,0.9841231756854657,0
-0.8043672005990544,0.9009088760241706,-0.502969299721533,0.2015176348499613,-0.5733475201700994,0.9048055324001227,-0.2507203421941191,-1.461440576166749,1.092167872813765,-0.570312581972397,-0.4814607612315388,-0.44808453005738347,-1.0161329645585022,1
-0.2960199349169384,0.9009088760241706,-0.502969299721533,-0.07173786163252784,0.10257878806523006,-1.177851894974348,0.38271364074285674,0.853056793629862,0.001192415045823164,0.23238544103697253,-0.4814607612315388,0.6035431842619053,0.9841231756854657,0
-0.2960199349169384,-1.1099901739376037,-0.502969299721533,0.4601967675080652,0.2715603651240624,0.9048055324001227,-0.2507203421941191,-0.8828162337175963,1.0955247203761276,-0.7996548742607882,-0.7394662468772634,0.10749237562073138,0.9841231756854657,0
-0.634918112038349,0.9009088760241706,1.5251962127575889,-0.07454890471025327,-0.5733475201700994,-1.177851894974348,1.6495816066168083,1.4316811360790147,1.9112386780303117,1.4937680486231246,-0.997471732522988,0.40512286080543575,0.9841231756854657,0
-0.9738162891597597,-1.1099901739376037,0.8491410419312149,0.456074957152524,-0.911310674287764,0.9048055324001227,-0.2507203421941191,-0.8828162337175963,-1.1804179269059165,-0.7996548742607882,-0.7394662468772634,-0.17029607721832604,0.9841231756854657,0
-0.8043672005990544,0.9009088760241706,-1.179024470547907,-0.0744383580723652,-0.7423290972289317,-1.177851894974348,-0.4882580857954851,0.853056793629862,-0.018948670328354386,-0.570312581972397,-0.7394662468772634,-1.0631875327724392,0.9841231756854657,0
-0.9738162891597597,0.9009088760241706,1.5251962127575889,-0.07113775131256399,-0.911310674287764,0.21058638994196582,0.06599664927436881,1.4316811360790147,0.19253272610050842,-0.11162799739561437,-0.997471732522988,-0.09092794783573821,0.9841231756854657,0
-0.8043672005990544,-1.1099901739376037,-1.179024470547907,0.4583174746639679,-0.7423290972289317,0.9048055324001227,-0.2507203421941191,0.2744324511807092,-1.371758237960602,-0.7996548742607882,-0.7394662468772634,-1.3211339532658497,0.9841231756854657,0
-0.8043672005990544,0.9009088760241706,0.8491410419312149,0.45271118088535817,-0.7423290972289317,0.9048055324001227,-0.2507203421941191,-1.461440576166749,0.7866947446387411,-0.7996548742607882,-0.7394662468772634,-0.46792656240303043,-1.0161329645585022,0
-0.9738162891597597,-1.1099901739376037,-1.179024470547907,0.46476076441515873,-0.911310674287764,0.9048055324001227,-0.2507203421941191,0.853056793629862,0.001192415045823164,-0.7996548742607882,-0.7394662468772634,-1.182239726846321,0.9841231756854657,0
-0.9738162891597597,0.9009088760241706,1.5251962127575889,-0.18316887262371107,-0.7423290972289317,-1.177851894974348,0.8577891279455886,0.2744324511807092,1.676259348664909,0.9204123179021463,-0.4814607612315388,-1.12271362980938,-1.0161329645585022,1
-0.9738162891597597,0.9009088760241706,-1.179024470547907,0.4809637430541828,-0.7423290972289317,0.9048055324001227,-0.2507203421941191,0.853056793629862,-1.371758237960602,-0.7996548742607882,-0.4814607612315388,-1.102871597463733,0.9841231756854657,0
-0.9738162891597597,-1.1099901739376037,-0.502969299721533,0.4739835124903927,-0.911310674287764,0.9048055324001227,-0.2507203421941191,0.853056793629862,0.2865244578466693,-0.7996548742607882,-0.7394662468772634,-0.17029607721832604,0.9841231756854657,0
-0.8043672005990544,0.9009088760241706,-1.179024470547907,0.4994724087120154,-0.7423290972289317,0.9048055324001227,-0.2507203421941191,-1.461440576166749,0.16232109803924238,-0.7996548742607882,-0.4814607612315388,0.7225953783357871,0.9841231756854657,0
-0.9738162891597597,0.9009088760241706,0.8491410419312149,-0.06723703423279892,-0.911310674287764,-1.177851894974348,-0.3298995900612411,-0.8828162337175963,0.9612508178816116,-0.45564143582820127,-0.7394662468772634,-1.2616078562289088,0.9841231756854657,0
-0.8043672005990544,-1.1099901739376037,-1.179024470547907,-0.0706481876304882,-0.911310674287764,-1.177851894974348,-0.5040939353689095,-1.461440576166749,-0.3109944082539262,-0.6849837281165926,-0.997471732522988,-0.13061201252703214,-1.0161329645585022,0
-0.634918112038349,0.9009088760241706,0.8491410419312149,-0.07167469212516323,-0.5733475201700994,-1.177851894974348,-0.2507203421941191,-0.3041918912684436,-0.3109944082539262,-0.34097028968400567,-0.7394662468772634,0.4844909901880236,-1.0161329645585022,0
-0.8043672005990544,0.9009088760241706,-0.502969299721533,-0.067142279971752,-0.911310674287764,-1.177851894974348,0.0026532509806712224,1.4316811360790147,-0.6063969937418614,-0.11162799739561437,-0.997471732522988,0.14717644031202531,0.9841231756854657,0
-0.46546902347764374,-1.1099901739376037,-0.502969299721533,0.5552037065844482,-0.911310674287764,0.9048055324001227,-0.2507203421941191,0.853056793629862,1.417782086362966,-0.7996548742607882,-0.4814607612315388,-1.12271362980938,0.9841231756854657,0
-0.46546902347764374,-1.1099901739376037,0.8491410419312149,0.5571303765590689,-0.7423290972289317,0.9048055324001227,-0.2507203421941191,0.853056793629862,-0.005521280078902488,-0.7996548742607882,-0.7394662468772634,-0.7258729828964409,0.9841231756854657,0
-0.46546902347764374,0.9009088760241706,-1.179024470547907,0.5506081249236723,-0.5733475201700994,0.9048055324001227,-0.2507203421941191,-0.3041918912684436,0.9377528849450718,-0.7996548742607882,-0.7394662468772634,0.26622863438590705,-1.0161329645585022,0
-0.46546902347764374,0.9009088760241706,-0.502969299721533,0.5550773675697189,-0.5733475201700994,0.9048055324001227,-0.2507203421941191,-1.461440576166749,-0.21700267650776528,-0.7996548742607882,-0.7394662468772634,-0.5869787564769122,0.9841231756854657,0
-0.9738162891597597,-1.1099901739376037,0.8491410419312149,-0.06797927594433317,-0.911310674287764,-1.177851894974348,-1.042512820865339,0.2744324511807092,-0.7742393718600064,-1.143668312693375,-0.7394662468772634,-0.5076106270943244,0.9841231756854657,0
-0.9738162891597597,0.9009088760241706,0.8491410419312149,0.5491710186311273,-0.5733475201700994,0.9048055324001227,-0.2507203421941191,-0.8828162337175963,0.5382880250238866,-0.7996548742607882,-0.4814607612315388,0.6630692812988462,-1.0161329645585022,0
-0.2960199349169384,0.9009088760241706,-0.502969299721533,0.3482288157042827,-0.5733475201700994,0.9048055324001227,-0.2507203421941191,-0.3041918912684436,0.5382880250238866,-0.6849837281165926,-0.4814607612315388,0.028124246238143545,-1.0161329645585022,1
-0.46546902347764374,-1.1099901739376037,-0.502969299721533,-0.18391111433524532,-0.7423290972289317,-1.177851894974348,-0.2507203421941191,-1.461440576166749,0.23617174441122635,-0.2262991435398101,-0.7394662468772634,-0.5869787564769122,-1.0161329645585022,1
-0.46546902347764374,0.9009088760241706,-0.502969299721533,0.3438069501887596,-0.7423290972289317,0.9048055324001227,-0.2507203421941191,1.4316811360790147,1.8273174889712391,-0.6849837281165926,-0.997471732522988,-0.17029607721832604,-1.0161329645585022,1
-0.2960199349169384,0.9009088760241706,1.5251962127575889,0.5833299297385436,-0.404365943111267,0.9048055324001227,-0.2507203421941191,-1.461440576166749,0.8739727812601764,-0.7996548742607882,-0.7394662468772634,1.4170665104334308,0.9841231756854657,0
-0.634918112038349,-1.1099901739376037,-1.179024470547907,-0.18861724263390922,-0.5733475201700994,-1.177851894974348,-0.5674373336626071,-1.461440576166749,-0.33784918875282943,-0.570312581972397,-0.7394662468772634,-0.5076106270943244,-1.0161329645585022,1
-0.634918112038349,-1.1099901739376037,-0.502969299721533,0.5971008823440299,-0.23538436605243465,0.9048055324001227,-0.2507203421941191,-0.8828162337175963,1.4446368668618692,-0.7996548742607882,-0.7394662468772634,0.9011736694466097,0.9841231756854657,0
-0.2960199349169384,-1.1099901739376037,0.8491410419312149,-0.06917949658426088,0.2715603651240624,-1.177851894974348,-0.8841543251310949,0.2744324511807092,-0.34120603631519225,-1.0289971665491795,-0.997471732522988,-0.22982217425526694,-1.0161329645585022,0
-0.2960199349169384,0.9009088760241706,1.5251962127575889,0.6488367088756507,0.10257878806523006,0.9048055324001227,-0.2507203421941191,0.853056793629862,1.7836784706605218,-0.7996548742607882,-0.7394662468772634,-0.22982217425526694,0.9841231756854657,0
-1.143265377720465,0.9009088760241706,-0.502969299721533,0.6487735393682861,-0.911310674287764,0.9048055324001227,-0.2507203421941191,1.4316811360790147,-1.2979075915886182,-0.7996548742607882,-0.4814607612315388,0.5440170872249644,-1.0161329645585022,0
-0.8043672005990544,-1.1099901739376037,-1.179024470547907,-0.18455860178573263,-0.7423290972289317,-1.177851894974348,0.8577891279455886,0.853056793629862,0.0851136041048956,0.9204123179021463,-0.997471732522988,-0.5076106270943244,-1.0161329645585022,1
-0.8043672005990544,0.9009088760241706,1.5251962127575889,-0.07600180337963944,-0.7423290972289317,-1.177851894974348,0.0026532509806712224,-1.461440576166749,-0.018948670328354386,-0.11162799739561437,-0.7394662468772634,-1.9362369559809054,0.9841231756854657,0
-0.2960199349169384,0.9009088760241706,0.8491410419312149,0.6498474209934846,-0.7423290972289317,0.9048055324001227,-0.2507203421941191,0.2744324511807092,-1.4993184453303918,-0.7996548742607882,-0.7394662468772634,-1.8171847619070236,0.9841231756854657,0
-0.46546902347764374,0.9009088760241706,-1.179024470547907,-0.0698585687884305,-0.5733475201700994,-1.177851894974348,0.8577891279455886,-0.3041918912684436,0.8269769153870962,0.6910700256137552,-0.4814607612315388,0.38528082845978884,0.9841231756854657,0
-0.9738162891597597,0.9009088760241706,-0.502969299721533,-0.07156414548727515,-0.911310674287764,-1.177851894974348,-0.9474977234247925,-0.8828162337175963,-1.2207000976542715,-1.0289971665491795,-0.997471732522988,1.35754041339649,-1.0161329645585022,0
-0.8043672005990544,-1.1099901739376037,1.5251962127575889,-0.07218004818408015,-0.911310674287764,-1.177851894974348,0.06599664927436881,0.2744324511807092,-0.6500360120525788,-0.11162799739561437,-0.4814607612315388,-0.26950623894656084,-1.0161329645585022,0
-0.8043672005990544,-1.1099901739376037,-1.179024470547907,0.44625209875732613,-0.7423290972289317,0.9048055324001227,-0.2507203421941191,-1.461440576166749,1.253296555807184,-0.7996548742607882,-0.7394662468772634,-1.5989224061049072,-1.0161329645585022,1
-0.2960199349169384,0.9009088760241706,0.8491410419312149,-0.06785293692960394,-0.7423290972289317,-1.177851894974348,0.0026532509806712224,-0.8828162337175963,0.23617174441122635,-0.11162799739561437,-0.4814607612315388,-0.9044512740072636,0.9841231756854657,0
-0.634918112038349,0.9009088760241706,0.8491410419312149,0.7402903631627741,-0.911310674287764,0.9048055324001227,-0.2507203421941191,-1.461440576166749,-1.173704231781191,-0.9143260204049839,-0.7394662468772634,0.5440170872249644,0.9841231756854657,0
-0.2960199349169384,0.9009088760241706,-0.502969299721533,-0.07000070018000089,-0.23538436605243465,-1.177851894974348,-1.2642147148932805,0.853056793629862,0.5382880250238866,-1.3730106049817663,-0.4814607612315388,0.5440170872249644,0.9841231756854657,0
-0.634918112038349,0.9009088760241706,-1.179024470547907,-0.07582808723438675,-0.7423290972289317,-1.177851894974348,-0.5674373336626071,-0.8828162337175963,0.5114332445249834,-0.6849837281165926,-0.997471732522988,0.20670253734896618,0.9841231756854657,0
-0.2960199349169384,0.9009088760241706,1.5251962127575889,0.2987197143072647,-0.7423290972289317,0.9048055324001227,-0.2507203421941191,0.2744324511807092,1.7736079279734327,-0.6849837281165926,-0.7394662468772634,-0.5671367241312653,-1.0161329645585022,1
-0.634918112038349,0.9009088760241706,-0.502969299721533,0.8011383911317408,-0.5733475201700994,0.9048055324001227,-0.2507203421941191,-1.461440576166749,-0.37813135950118393,-0.9143260204049839,-0.4814607612315388,-0.5472946917856183,0.9841231756854657,0
-0.2960199349169384,0.9009088760241706,0.8491410419312149,-0.06802665307485663,-0.5733475201700994,-1.177851894974348,1.3328646151483206,0.853056793629862,1.8877407450937713,1.1497546101905376,-0.7394662468772634,-2.2537094735112566,0.9841231756854657,0
-0.634918112038349,-1.1099901739376037,0.8491410419312149,0.8377924977800594,0.10257878806523006,0.9048055324001227,-0.2507203421941191,0.853056793629862,-1.6839450612603513,-0.9143260204049839,-0.7394662468772634,1.0995939929030794,0.9841231756854657,0
-0.46546902347764374,0.9009088760241706,1.5251962127575889,0.9312675763028504,-0.06640278899360229,0.9048055324001227,-0.2507203421941191,1.4316811360790147,0.23617174441122635,-0.9143260204049839,-0.4814607612315388,1.35754041339649,0.9841231756854657,0
-0.9738162891597597,-1.1099901739376037,-0.502969299721533,-0.18176335108484834,-0.911310674287764,-1.177851894974348,0.38271364074285674,-1.461440576166749,1.7736079279734327,0.4617277333253637,-0.997471732522988,0.8614896047553159,-1.0161329645585022,1
-0.634918112038349,-1.1099901739376037,0.8491410419312149,0.9615731474610251,-0.911310674287764,0.9048055324001227,-0.2507203421941191,1.4316811360790147,1.8407448792206904,-0.9143260204049839,-0.7394662468772634,-2.23386744116561,0.9841231756854657,0
-0.9738162891597597,-1.1099901739376037,-1.179024470547907,-0.06903736519269049,-0.911310674287764,0.21058638994196582,-0.7257958293968509,0.2744324511807092,-0.34120603631519225,-0.7996548742607882,-0.4814607612315388,1.0797519605574324,-1.0161329645585022,0
-0.9738162891597597,0.9009088760241706,-1.179024470547907,0.7946635166268675,-0.911310674287764,0.9048055324001227,-0.2507203421941191,0.853056793629862,1.7736079279734327,-0.9143260204049839,-0.997471732522988,-0.4282424977117365,-1.0161329645585022,1
-0.46546902347764374,0.9009088760241706,0.8491410419312149,0.8053391633714877,-0.7423290972289317,0.9048055324001227,-0.2507203421941191,-1.461440576166749,1.934736610966852,-0.9143260204049839,-0.7394662468772634,0.6630692812988462,-1.0161329645585022,1
-0.46546902347764374,0.9009088760241706,-0.502969299721533,1.0329231060293593,-0.7423290972289317,0.9048055324001227,-0.2507203421941191,-0.8828162337175963,0.001192415045823164,-0.9143260204049839,-0.7394662468772634,-0.26950623894656084,-1.0161329645585022,0
-1.143265377720465,0.9009088760241706,-1.179024470547907,-0.06339948666039848,-0.911310674287764,-1.177851894974348,0.06599664927436881,0.2744324511807092,-1.1233515183457474,-0.11162799739561437,-0.4814607612315388,0.305912699077201,0.9841231756854657,0
-0.8043672005990544,-1.1099901739376037,0.8491410419312149,-0.061520193816301146,-0.911310674287764,0.21058638994196582,3.2014948648123993,-0.8828162337175963,-0.11965409719924096,2.869821802353472,-0.7394662468772634,0.26622863438590705,0.9841231756854657,0
-0.2960199349169384,-1.1099901739376037,-0.502969299721533,-0.0688636490474378,-0.06640278899360229,-1.177851894974348,1.910873124578311,0.853056793629862,0.5651428055227898,1.7231103409115156,-0.4814607612315388,-0.20998014190961997,0.9841231756854657,0
-0.8043672005990544,0.9009088760241706,-0.502969299721533,1.030443702865298,-0.7423290972289317,0.9048055324001227,-0.2507203421941191,-0.8828162337175963,1.2096575374964662,-0.9143260204049839,-0.4814607612315388,-0.190138109563973,0.9841231756854657,0
-0.46546902347764374,0.9009088760241706,-0.502969299721533,1.0863803016366658,-0.404365943111267,0.9048055324001227,-0.2507203421941191,0.2744324511807092,0.5114332445249834,-1.0289971665491795,-0.7394662468772634,-0.5472946917856183,0.9841231756854657,0
-0.46546902347764374,0.9009088760241706,0.8491410419312149,-0.05949876958063342,-0.23538436605243465,0.21058638994196582,0.8577891279455886,0.2744324511807092,2.206641263518246,0.6910700256137552,-0.4814607612315388,1.1392780575943733,0.9841231756854657,0
-0.2960199349169384,0.9009088760241706,1.5251962127575889,1.1265561083205617,-0.404365943111267,0.9048055324001227,-0.2507203421941191,0.2744324511807092,-0.46205254856025635,-1.0289971665491795,-0.7394662468772634,0.286070666731554,0.9841231756854657,0
-0.8043672005990544,0.9009088760241706,-1.179024470547907,1.1421273918859398,-0.911310674287764,0.9048055324001227,-0.2507203421941191,0.853056793629862,0.7464125738903866,-1.0289971665491795,-0.7394662468772634,0.5043330225336705,0.9841231756854657,0
-0.8043672005990544,-1.1099901739376037,0.8491410419312149,-0.06932162797583126,-0.23538436605243465,-1.177851894974348,-0.3774071387815143,1.4316811360790147,-0.707102420612748,-0.45564143582820127,-0.4814607612315388,-0.190138109563973,0.9841231756854657,0
-0.634918112038349,-1.1099901739376037,-0.502969299721533,-0.06873731003270857,-0.5733475201700994,-1.177851894974348,-0.8841543251310949,0.853056793629862,-0.707102420612748,-1.0289971665491795,-0.4814607612315388,1.5956448015442533,-1.0161329645585022,0
-0.8043672005990544,-1.1099901739376037,-1.179024470547907,1.2187835890729017,-0.911310674287764,0.9048055324001227,-0.2507203421941191,0.2744324511807092,0.3301634761573873,-1.0289971665491795,-0.7394662468772634,0.8416475724096689,0.9841231756854657,0
-0.2960199349169384,-1.1099901739376037,-1.179024470547907,-0.05867756598489341,-0.404365943111267,-1.177851894974348,0.22435514500861276,-1.461440576166749,0.001192415045823164,0.003043148748581378,-0.7394662468772634,0.38528082845978884,-1.0161329645585022,0
-0.46546902347764374,-1.1099901739376037,0.8491410419312149,1.31331675684405,-0.5733475201700994,0.9048055324001227,-0.2507203421941191,1.4316811360790147,0.001192415045823164,-1.0289971665491795,-0.7394662468772634,-0.6663468858595001,0.9841231756854657,0
-0.8043672005990544,0.9009088760241706,-0.502969299721533,-0.06908474232321396,-0.911310674287764,-1.177851894974348,-0.4090788379283631,0.2744324511807092,0.6893461653302174,-0.570312581972397,-0.4814607612315388,-0.4282424977117365,-1.0161329645585022,0
-0.9738162891597597,0.9009088760241706,-0.502969299721533,-0.17465678150632902,-0.7423290972289317,-1.177851894974348,-0.18737694390042153,-0.8828162337175963,1.3103629643673533,-0.2262991435398101,-0.997471732522988,0.6829113136444932,-1.0161329645585022,1
-0.9738162891597597,0.9009088760241706,-1.179024470547907,-0.18436909326363876,-0.7423290972289317,-1.177851894974348,2.4413740852880284,0.853056793629862,1.8105332511594245,2.640479510065081,-0.7394662468772634,-0.011559818453150373,-1.0161329645585022,1
-0.634918112038349,0.9009088760241706,0.8491410419312149,1.2487733126942533,-0.404365943111267,0.9048055324001227,-0.2507203421941191,-1.461440576166749,1.6729025011025462,-1.0289971665491795,-0.997471732522988,-0.44808453005738347,-1.0161329645585022,1
-0.634918112038349,-1.1099901739376037,-0.502969299721533,-0.06526298712765466,-0.911310674287764,-1.177851894974348,-0.013182598592753173,-0.8828162337175963,-1.4993184453303918,-0.11162799739561437,-0.997471732522988,0.7424374106814341,-1.0161329645585022,0
-0.9738162891597597,-1.1099901739376037,-0.502969299721533,-0.06319418576146348,-0.911310674287764,-1.177851894974348,-1.1375279183058853,-0.8828162337175963,1.159304824061023,-1.2583394588375707,-0.997471732522988,-0.22982217425526694,-1.0161329645585022,0
-0.9738162891597597,-1.1099901739376037,1.5251962127575889,-0.06595785170866544,-0.404365943111267,-1.177851894974348,0.4777287381834031,1.4316811360790147,0.954537122756886,0.3470565871811683,-0.997471732522988,-0.40840046536608954,0.9841231756854657,0
-0.46546902347764374,0.9009088760241706,1.5251962127575889,-0.06369954182038041,-0.5733475201700994,-1.177851894974348,0.4618928886099787,-0.8828162337175963,1.327147202179168,0.23238544103697253,-0.7394662468772634,0.9805417988291976,-1.0161329645585022,0
-0.46546902347764374,-1.1099901739376037,1.5251962127575889,-0.058077455664929556,-0.06640278899360229,-1.177851894974348,-1.2008713165995828,-0.3041918912684436,-0.005521280078902488,-1.2583394588375707,-0.4814607612315388,1.0995939929030794,0.9841231756854657,0
-0.2960199349169384,-1.1099901739376037,-0.502969299721533,2.2372181791820873,-0.23538436605243465,0.9048055324001227,-0.2507203421941191,0.853056793629862,1.5486991412951188,-1.143668312693375,-0.4814607612315388,-1.7378166325244357,-1.0161329645585022,1
-0.9738162891597597,0.9009088760241706,1.5251962127575889,-0.6778492847960216,-0.911310674287764,0.9048055324001227,-0.2428024174074069,-0.8828162337175963,0.5651428055227898,0.9204123179021463,-0.997471732522988,0.821805540064022,-1.0161329645585022,1
-0.9738162891597597,0.9009088760241706,-1.179024470547907,-0.33534421586507185,-0.7423290972289317,0.9048055324001227,-0.2428024174074069,-0.8828162337175963,-0.33784918875282943,0.003043148748581378,-0.997471732522988,-2.69023418511549,0.9841231756854657,0
-1.143265377720465,0.9009088760241706,-1.179024470547907,-0.298469015940977,-0.911310674287764,0.9048055324001227,-0.23884345501405083,-1.461440576166749,-1.623521805137819,-0.11162799739561437,-0.997471732522988,-2.23386744116561,0.9841231756854657,0
-0.9738162891597597,0.9009088760241706,-1.179024470547907,-0.2242922219180763,-0.7423290972289317,0.9048055324001227,-0.23884345501405083,0.853056793629862,0.6893461653302174,-0.2262991435398101,-0.7394662468772634,-0.3488743683291487,0.9841231756854657,0
-0.8043672005990544,0.9009088760241706,-0.502969299721533,-0.06523140237397236,-0.911310674287764,-1.177851894974348,0.38271364074285674,-0.8828162337175963,-1.3751150855229646,0.23238544103697253,-0.997471732522988,0.5638591195706114,0.9841231756854657,0
-0.8043672005990544,0.9009088760241706,1.5251962127575889,0.23024396832402058,-0.7423290972289317,0.9048055324001227,-0.23488449262069472,-1.461440576166749,-1.2475548781531747,-0.570312581972397,-0.997471732522988,-1.9560789883265524,0.9841231756854657,0
-0.634918112038349,-1.1099901739376037,0.8491410419312149,0.3652845826927292,-0.5733475201700994,0.9048055324001227,-0.23488449262069472,-0.3041918912684436,0.001192415045823164,-0.6849837281165926,-0.997471732522988,0.782121475372728,0.9841231756854657,0
-1.143265377720465,0.9009088760241706,-1.179024470547907,-0.7784151405204909,-0.911310674287764,0.9048055324001227,-0.2309255302273386,-0.8828162337175963,-1.0427871768490378,1.4937680486231246,-0.7394662468772634,0.5837011519162584,-1.0161329645585022,1
-0.46546902347764374,0.9009088760241706,-1.179024470547907,-0.0630836391235754,-0.911310674287764,-1.177851894974348,-0.2507203421941191,-0.3041918912684436,-1.173704231781191,-0.34097028968400567,-0.997471732522988,-0.9044512740072636,0.9841231756854657,0
-0.8043672005990544,0.9009088760241706,1.5251962127575889,-0.6815131162231693,-0.7423290972289317,0.9048055324001227,-0.2309255302273386,-0.8828162337175963,0.561785957960427,0.9204123179021463,-0.7394662468772634,-1.162397694500674,0.9841231756854657,0
-1.143265377720465,-1.1099901739376037,-1.179024470547907,-0.06635266112969429,-0.911310674287764,-1.177851894974348,-0.7257958293968509,-0.8828162337175963,0.5114332445249834,-0.7996548742607882,-0.7394662468772634,-0.6266628211682062,0.9841231756854657,0
-1.143265377720465,-1.1099901739376037,-1.179024470547907,-0.06489976246030812,-0.911310674287764,-1.177851894974348,0.5727438356239495,-0.8828162337175963,-1.0427871768490378,0.3470565871811683,-0.7394662468772634,0.4448069254967297,0.9841231756854657,0
-0.8043672005990544,0.9009088760241706,-0.502969299721533,-0.06046210456794383,-0.911310674287764,-1.177851894974348,2.2077953040800185,-1.461440576166749,-1.0427871768490378,1.952452633199907,-0.7394662468772634,-0.38855843302044263,0.9841231756854657,0
-0.2960199349169384,-1.1099901739376037,-0.502969299721533,-0.1844638475246857,-0.23538436605243465,0.9048055324001227,-0.22696656783398253,-0.3041918912684436,0.6255660616453219,-0.2262991435398101,-0.4814607612315388,1.1988041546313142,0.9841231756854657,0
-0.634918112038349,-1.1099901739376037,-0.502969299721533,-0.09626342286684013,-0.911310674287764,0.9048055324001227,-0.22696656783398253,-1.461440576166749,2.102578989084997,-0.34097028968400567,-0.7394662468772634,0.08765034327508442,-1.0161329645585022,1
-0.2960199349169384,0.9009088760241706,-0.502969299721533,-0.06336790190671618,-0.404365943111267,-1.177851894974348,-0.2507203421941191,0.2744324511807092,0.16232109803924238,-0.34097028968400567,-0.997471732522988,-1.2219237915376149,0.9841231756854657,0
-0.9738162891597597,0.9009088760241706,0.8491410419312149,-0.057351006330236466,-0.911310674287764,-1.177851894974348,0.06599664927436881,0.853056793629862,-1.6839450612603513,-0.11162799739561437,-0.7394662468772634,-0.5671367241312653,0.9841231756854657,0
-0.46546902347764374,0.9009088760241706,-1.179024470547907,-0.6054570293561713,-0.23538436605243465,0.9048055324001227,-0.2190486430472703,1.4316811360790147,0.4040141225293712,0.6910700256137552,-0.4814607612315388,1.6154868338899002,0.9841231756854657,0
-0.634918112038349,0.9009088760241706,1.5251962127575889,-0.058393303201752636,-0.911310674287764,-1.177851894974348,-0.5674373336626071,1.4316811360790147,-1.7510820125076092,-0.6849837281165926,-0.997471732522988,-0.5274526594399713,0.9841231756854657,0
-0.2960199349169384,0.9009088760241706,0.8491410419312149,-0.4867299402643749,-0.23538436605243465,0.9048055324001227,-0.2190486430472703,1.4316811360790147,-1.4724636648314886,0.3470565871811683,-0.4814607612315388,-0.6068207888225592,0.9841231756854657,0
-0.634918112038349,0.9009088760241706,0.8491410419312149,-0.46182536198587487,-0.911310674287764,0.9048055324001227,-0.2190486430472703,0.2744324511807092,0.11868207972852446,0.23238544103697253,-0.997471732522988,-1.7378166325244357,0.9841231756854657,0
-0.8043672005990544,0.9009088760241706,0.8491410419312149,-0.20109322033842095,-0.7423290972289317,0.9048055324001227,-0.2190486430472703,0.853056793629862,0.7061304031420315,-0.2262991435398101,-0.7394662468772634,-0.5076106270943244,0.9841231756854657,0
-0.634918112038349,0.9009088760241706,-0.502969299721533,-0.05634029421240261,-0.7423290972289317,-1.177851894974348,1.0161476236798326,-1.461440576166749,-0.21028898138303903,0.8057411717579506,-0.7394662468772634,0.3654387961141419,0.9841231756854657,0
-0.9738162891597597,0.9009088760241706,-1.179024470547907,1.5928734116861596,-0.911310674287764,0.9048055324001227,-0.2190486430472703,-0.8828162337175963,-1.3482603050240614,-1.0289971665491795,-0.7394662468772634,0.7225953783357871,0.9841231756854657,0
-1.143265377720465,-1.1099901739376037,0.8491410419312149,-0.7703768207083433,-0.911310674287764,0.9048055324001227,-0.21113071826055813,-0.8828162337175963,-1.1804179269059165,1.4937680486231246,-0.4814607612315388,-2.3529196352394917,-1.0161329645585022,1
-0.8043672005990544,-1.1099901739376037,1.5251962127575889,-0.6820816417894509,-0.911310674287764,0.9048055324001227,-0.21113071826055813,0.2744324511807092,-1.173704231781191,0.9204123179021463,-0.4814607612315388,-0.190138109563973,0.9841231756854657,0
-0.8043672005990544,-1.1099901739376037,-0.502969299721533,-0.0603673503068969,-0.911310674287764,-1.177851894974348,0.0026532509806712224,0.2744324511807092,0.7430557263280237,-0.11162799739561437,-0.7394662468772634,0.821805540064022,-1.0161329645585022,0
-0.634918112038349,-1.1099901739376037,-0.502969299721533,-0.0642206902561385,-0.23538436605243465,0.21058638994196582,-0.4882580857954851,0.853056793629862,0.7430557263280237,-0.570312581972397,-0.997471732522988,0.4249648931510827,0.9841231756854657,0
-0.46546902347764374,-1.1099901739376037,-1.179024470547907,-0.05793532427335917,-0.5733475201700994,-1.177851894974348,0.8577891279455886,-1.461440576166749,-1.6805882136979884,0.6910700256137552,-0.7394662468772634,-0.9242933063529105,0.9841231756854657,0
-0.8043672005990544,-1.1099901739376037,-1.179024470547907,-0.06816878446642702,-0.911310674287764,-1.177851894974348,-0.8841543251310949,1.4316811360790147,-1.2005590122800942,-1.0289971665491795,-0.7394662468772634,-0.8647672093159696,0.9841231756854657,0
-1.143265377720465,-1.1099901739376037,-0.502969299721533,-0.6257660259738954,-0.911310674287764,0.9048055324001227,-0.21113071826055813,0.853056793629862,0.001192415045823164,0.6910700256137552,-0.997471732522988,0.6233852166075523,-1.0161329645585022,0
-0.8043672005990544,0.9009088760241706,1.5251962127575889,-0.06968485264317781,-0.7423290972289317,-1.177851894974348,0.38271364074285674,-0.8828162337175963,-0.08944246913797492,0.23238544103697253,-0.4814607612315388,0.286070666731554,-1.0161329645585022,0
-0.9738162891597597,0.9009088760241706,-0.502969299721533,-0.06008308752375612,-0.911310674287764,0.21058638994196582,-0.4090788379283631,1.4316811360790147,0.7866947446387411,-0.570312581972397,-0.997471732522988,-0.09092794783573821,0.9841231756854657,0
-0.46546902347764374,0.9009088760241706,-0.502969299721533,0.08119551569720831,-0.23538436605243465,0.9048055324001227,-0.21113071826055813,-0.8828162337175963,0.8739727812601764,-0.45564143582820127,-0.4814607612315388,0.9606997664835506,-1.0161329645585022,1
-0.634918112038349,-1.1099901739376037,0.8491410419312149,-0.056719311256590306,-0.5733475201700994,-1.177851894974348,-0.5674373336626071,0.2744324511807092,-0.2707122375055717,-0.6849837281165926,-0.997471732522988,-1.4600281796853785,0.9841231756854657,0
-0.2960199349169384,-1.1099901739376037,1.5251962127575889,-0.05779319288178878,-0.23538436605243465,-1.177851894974348,-0.8208109268373974,0.2744324511807092,0.001192415045823164,-0.9143260204049839,-0.4814607612315388,0.286070666731554,0.9841231756854657,0
-0.8043672005990544,-1.1099901739376037,0.8491410419312149,-0.7514575532526409,-0.911310674287764,0.9048055324001227,-0.20321279347384594,-0.8828162337175963,-0.34120603631519225,1.379096902478929,-0.4814607612315388,0.9011736694466097,-1.0161329645585022,1
-0.46546902347764374,-1.1099901739376037,-1.179024470547907,-0.6762068776045416,-0.06640278899360229,0.9048055324001227,-0.20321279347384594,-0.3041918912684436,-0.707102420612748,0.9204123179021463,-0.7394662468772634,-0.8449251769703227,-1.0161329645585022,1
-0.9738162891597597,0.9009088760241706,0.8491410419312149,-0.39142294602801,-0.911310674287764,0.9048055324001227,-0.20321279347384594,-0.8828162337175963,-0.005521280078902488,0.1177142948927768,-0.4814607612315388,-2.075131182400434,0.9841231756854657,0
-1.143265377720465,-1.1099901739376037,1.5251962127575889,-0.29565797286325163,-0.911310674287764,0.9048055324001227,-0.20321279347384594,-1.461440576166749,-0.707102420612748,0.003043148748581378,-0.4814607612315388,0.3654387961141419,-1.0161329645585022,0
-0.634918112038349,-1.1099901739376037,1.5251962127575889,0.32476134371832777,-0.911310674287764,0.9048055324001227,-0.20321279347384594,-0.3041918912684436,-1.0495008719737637,-0.6849837281165926,-0.997471732522988,0.6829113136444932,0.9841231756854657,0
-0.9738162891597597,0.9009088760241706,0.8491410419312149,-0.05392406055570603,-0.911310674287764,-1.177851894974348,0.0026532509806712224,-1.461440576166749,0.007906110170548816,-0.11162799739561437,-0.4814607612315388,-0.8449251769703227,-1.0161329645585022,0
-1.143265377720465,-1.1099901739376037,1.5251962127575889,-0.046248965410905146,-0.911310674287764,-1.177851894974348,0.8577891279455886,-0.8828162337175963,0.16232109803924238,0.5763988794695595,-0.4814607612315388,1.1194360252487263,0.9841231756854657,0
-0.9738162891597597,-1.1099901739376037,1.5251962127575889,-0.16799239847936198,-0.911310674287764,-1.177851894974348,0.06599664927436881,1.4316811360790147,1.2029438423717405,0.003043148748581378,-0.997471732522988,-0.8250831446246757,-1.0161329645585022,1
-0.634918112038349,0.9009088760241706,1.5251962127575889,-0.16731332627519235,-0.404365943111267,0.21058638994196582,0.8577891279455886,-1.461440576166749,1.8105332511594245,0.9204123179021463,-0.4814607612315388,1.238488219322608,-1.0161329645585022,1
-0.46546902347764374,0.9009088760241706,0.8491410419312149,-0.04730705465926247,-0.7423290972289317,-1.177851894974348,0.6994306322113446,0.853056793629862,0.4745079213389917,0.4617277333253637,-0.997471732522988,-1.5790803737592602,0.9841231756854657,0
-0.2960199349169384,0.9009088760241706,-1.179024470547907,-0.6567348769593986,-0.5733475201700994,0.9048055324001227,-0.19925383108048983,0.853056793629862,0.8336906105118219,0.9204123179021463,-0.7394662468772634,-1.202081759191968,0.9841231756854657,0
-0.2960199349169384,-1.1099901739376037,-0.502969299721533,0.22362696242757701,-0.911310674287764,0.9048055324001227,-0.19529486868713372,-1.461440576166749,-1.3482603050240614,-0.570312581972397,-0.7394662468772634,-2.710076217461137,0.9841231756854657,0
-1.143265377720465,0.9009088760241706,-0.502969299721533,-0.6718008044658595,-0.911310674287764,0.9048055324001227,-0.18737694390042153,-0.8828162337175963,-1.6705176710108995,0.9204123179021463,-0.7394662468772634,0.3654387961141419,-1.0161329645585022,0
-0.8043672005990544,0.9009088760241706,-0.502969299721533,-0.052818594176825245,-0.5733475201700994,-1.177851894974348,1.6495816066168083,-0.8828162337175963,-1.0427871768490378,1.379096902478929,-0.997471732522988,-0.30919030363785477,-1.0161329645585022,0
-0.634918112038349,0.9009088760241706,0.8491410419312149,-0.053339742612583334,-0.5733475201700994,-1.177851894974348,-0.5674373336626071,1.4316811360790147,-0.3680608168140954,-0.6849837281165926,-0.4814607612315388,0.32575473142284794,-1.0161329645585022,0
-0.634918112038349,-1.1099901739376037,-0.502969299721533,-0.6584246612814021,-0.5733475201700994,0.9048055324001227,-0.18737694390042153,1.4316811360790147,0.7464125738903866,0.9204123179021463,-0.7394662468772634,0.8813316371009629,0.9841231756854657,0
-1.143265377720465,0.9009088760241706,-0.502969299721533,-0.6364416727185156,-0.911310674287764,0.9048055324001227,-0.18737694390042153,-1.461440576166749,1.934736610966852,0.8057411717579506,-0.4814607612315388,-0.22982217425526694,-1.0161329645585022,1
-0.46546902347764374,-1.1099901739376037,0.8491410419312149,-0.052976517945236785,-0.911310674287764,-1.177851894974348,1.6495816066168083,0.2744324511807092,-0.8447331706696268,1.379096902478929,-0.4814607612315388,0.12733440796637835,0.9841231756854657,0
-0.9738162891597597,0.9009088760241706,-0.502969299721533,-0.6413215171624322,-0.911310674287764,0.9048055324001227,-0.18737694390042153,-0.8828162337175963,0.16232109803924238,0.8057411717579506,-0.4814607612315388,0.18686050500331922,0.9841231756854657,0
-0.634918112038349,0.9009088760241706,-0.502969299721533,-0.05079716994115752,-0.404365943111267,-1.177851894974348,1.6495816066168083,1.4316811360790147,0.16232109803924238,1.379096902478929,-0.7394662468772634,0.6630692812988462,-1.0161329645585022,0
-0.8043672005990544,0.9009088760241706,-0.502969299721533,-0.05387668342518257,-0.7423290972289317,-1.177851894974348,0.06599664927436881,0.853056793629862,-0.1397951825734185,-0.11162799739561437,-0.997471732522988,-1.0433455004267922,0.9841231756854657,0
-0.46546902347764374,0.9009088760241706,-0.502969299721533,-0.05754051485233032,0.10257878806523006,-1.177851894974348,0.22435514500861276,1.4316811360790147,0.001192415045823164,0.003043148748581378,-0.7394662468772634,0.14717644031202531,0.9841231756854657,0
-0.8043672005990544,0.9009088760241706,-0.502969299721533,-0.047701864080291326,-0.404365943111267,-1.177851894974348,-0.3615712892080899,-0.8828162337175963,-1.1804179269059165,-0.570312581972397,-0.997471732522988,1.774223092655076,0.9841231756854657,0
-1.143265377720465,-1.1099901739376037,0.8491410419312149,-0.04923372463388327,-0.911310674287764,-1.177851894974348,0.06599664927436881,0.853056793629862,-0.1397951825734185,-0.11162799739561437,-0.997471732522988,0.4844909901880236,0.9841231756854657,0
-0.46546902347764374,-1.1099901739376037,-1.179024470547907,-0.5953972853083561,-0.23538436605243465,0.9048055324001227,-0.18737694390042153,0.853056793629862,0.001192415045823164,0.6910700256137552,-0.4814607612315388,0.6035431842619053,-1.0161329645585022,0
-0.46546902347764374,0.9009088760241706,-0.502969299721533,-0.049217932257042116,-0.5733475201700994,-1.177851894974348,1.6495816066168083,-0.3041918912684436,-0.34120603631519225,1.379096902478929,-0.997471732522988,0.3455967637684949,0.9841231756854657,0
-0.634918112038349,0.9009088760241706,-1.179024470547907,-0.5796364932208844,-0.911310674287764,0.9048055324001227,-0.18737694390042153,1.4316811360790147,0.6255660616453219,0.5763988794695595,-0.4814607612315388,-0.9044512740072636,-1.0161329645585022,0
-0.8043672005990544,-1.1099901739376037,1.5251962127575889,-0.04972328831595905,-0.911310674287764,-1.177851894974348,0.018489100554095618,0.2744324511807092,-1.6839450612603513,-0.11162799739561437,-0.4814607612315388,0.32575473142284794,0.9841231756854657,0
-1.143265377720465,0.9009088760241706,-0.502969299721533,-0.05817220992597648,-0.911310674287764,-1.177851894974348,0.25602684415546156,-1.461440576166749,-0.005521280078902488,0.1177142948927768,-0.4814607612315388,-0.11076998018138517,0.9841231756854657,0
-0.2960199349169384,-1.1099901739376037,0.8491410419312149,-0.5646653199754703,0.10257878806523006,0.9048055324001227,-0.18737694390042153,0.2744324511807092,0.16232109803924238,0.5763988794695595,-0.7394662468772634,0.38528082845978884,-1.0161329645585022,0
-0.46546902347764374,0.9009088760241706,-0.502969299721533,-0.5615542217377629,-0.911310674287764,0.9048055324001227,-0.18737694390042153,0.853056793629862,2.562467105128714,0.5763988794695595,-0.4814607612315388,-3.9204401905456012,0.9841231756854657,0
-0.9738162891597597,0.9009088760241706,-0.502969299721533,-0.053244988351536404,-0.911310674287764,-1.177851894974348,0.19268344586176397,0.2744324511807092,-1.6839450612603513,0.003043148748581378,-0.997471732522988,-1.5592383414136133,-1.0161329645585022,0
-0.8043672005990544,-1.1099901739376037,0.8491410419312149,-0.6732694955120869,-0.911310674287764,0.9048055324001227,-0.18737694390042153,-0.8828162337175963,0.001192415045823164,1.035083464046342,-0.7394662468772634,-0.6663468858595001,-1.0161329645585022,1
-0.634918112038349,0.9009088760241706,0.8491410419312149,-0.5651548836575461,-0.404365943111267,0.9048055324001227,-0.18737694390042153,-0.8828162337175963,0.0851136041048956,0.5763988794695595,-0.4814607612315388,0.4448069254967297,0.9841231756854657,0
-0.8043672005990544,0.9009088760241706,1.5251962127575889,-0.053339742612583334,-0.911310674287764,-1.177851894974348,-0.4407505370752119,0.853056793629862,-1.1233515183457474,-0.570312581972397,-0.4814607612315388,1.1392780575943733,-1.0161329645585022,0
-0.9738162891597597,-1.1099901739376037,0.8491410419312149,-0.4702900759727335,-0.911310674287764,0.9048055324001227,-0.18737694390042153,-0.8828162337175963,-0.6936750303632967,0.3470565871811683,-0.997471732522988,0.08765034327508442,-1.0161329645585022,0
-0.9738162891597597,-1.1099901739376037,-1.179024470547907,-0.054855810789334124,-0.911310674287764,-1.177851894974348,-0.18737694390042153,1.4316811360790147,-1.2475548781531747,-0.34097028968400567,-0.4814607612315388,0.6233852166075523,0.9841231756854657,0
-0.9738162891597597,0.9009088760241706,-1.179024470547907,-0.05649821798081415,-0.7423290972289317,0.21058638994196582,-0.09236184645987515,-0.8828162337175963,0.001192415045823164,-0.2262991435398101,-0.4814607612315388,0.9011736694466097,0.9841231756854657,0
-0.9738162891597597,0.9009088760241706,-0.502969299721533,-0.05097088608641022,-0.911310674287764,-1.177851894974348,0.8577891279455886,0.2744324511807092,0.001192415045823164,0.6910700256137552,-0.7394662468772634,0.9011736694466097,0.9841231756854657,0
-0.9738162891597597,0.9009088760241706,-0.502969299721533,-0.05253433139368447,-0.911310674287764,-1.177851894974348,0.38271364074285674,0.2744324511807092,-1.1233515183457474,0.23238544103697253,-0.7394662468772634,-2.114815247091728,0.9841231756854657,0
-0.2960199349169384,0.9009088760241706,1.5251962127575889,-0.04956536454754751,-0.404365943111267,-1.177851894974348,0.06599664927436881,0.2744324511807092,-1.3751150855229646,-0.11162799739561437,-0.997471732522988,0.7027533459901402,-1.0161329645585022,0
-0.2960199349169384,-1.1099901739376037,-1.179024470547907,-0.5745355555011916,-0.23538436605243465,0.9048055324001227,-0.18737694390042153,-1.461440576166749,2.102578989084997,0.5763988794695595,-0.4814607612315388,1.0400678958661385,-1.0161329645585022,1
-0.9738162891597597,0.9009088760241706,0.8491410419312149,-0.0504971147811756,-0.911310674287764,-1.177851894974348,-0.804975077263973,-0.8828162337175963,-1.8752853723150364,-0.9143260204049839,-0.997471732522988,-0.2893482712922078,-1.0161329645585022,0
-0.9738162891597597,0.9009088760241706,0.8491410419312149,-0.4512444695023016,-0.911310674287764,0.9048055324001227,-0.18737694390042153,0.2744324511807092,1.1223795008750308,0.23238544103697253,-0.4814607612315388,0.06780831092943747,0.9841231756854657,0
-0.2960199349169384,0.9009088760241706,-1.179024470547907,-0.046501643440363616,-0.911310674287764,-1.177851894974348,0.06599664927436881,-0.3041918912684436,-0.5896127559300467,-0.11162799739561437,-0.7394662468772634,-1.162397694500674,0.9841231756854657,0
-0.9738162891597597,0.9009088760241706,-0.502969299721533,-0.049944381591735205,-0.911310674287764,-1.177851894974348,-0.9316618738513681,-0.8828162337175963,-1.8752853723150364,-1.0289971665491795,-0.4814607612315388,-1.6981325678331418,0.9841231756854657,0
-0.46546902347764374,-1.1099901739376037,-0.502969299721533,-0.05144465739164484,-0.404365943111267,-1.177851894974348,2.4413740852880284,-0.8828162337175963,0.16232109803924238,2.1817949254882985,-0.997471732522988,-0.8449251769703227,0.9841231756854657,0
-0.634918112038349,-1.1099901739376037,-0.502969299721533,-0.05529799734088644,-0.5733475201700994,-1.177851894974348,-0.5199297849423339,1.4316811360790147,0.16232109803924238,-0.6849837281165926,-0.4814607612315388,-0.2893482712922078,0.9841231756854657,0
-0.634918112038349,-1.1099901739376037,-0.502969299721533,-0.39243365814584386,-0.7423290972289317,0.9048055324001227,-0.18737694390042153,-0.8828162337175963,-1.0427871768490378,0.1177142948927768,-0.7394662468772634,0.8614896047553159,-1.0161329645585022,0
-0.8043672005990544,-1.1099901739376037,0.8491410419312149,-0.5043858175727851,-0.7423290972289317,0.9048055324001227,-0.18737694390042153,0.853056793629862,0.9343960373827085,0.4617277333253637,-0.997471732522988,-1.162397694500674,-1.0161329645585022,1
-1.143265377720465,0.9009088760241706,-0.502969299721533,-0.04924951701072442,-0.911310674287764,-1.177851894974348,-0.7574675285436998,1.4316811360790147,0.001192415045823164,-0.9143260204049839,-0.4814607612315388,-0.03140185079879733,-1.0161329645585022,0
-0.2960199349169384,0.9009088760241706,-0.502969299721533,-0.35315801694189364,0.4405419421828948,0.9048055324001227,-0.18737694390042153,1.4316811360790147,0.27645391515958084,0.1177142948927768,-0.4814607612315388,-0.051243883144444294,0.9841231756854657,0
-0.9738162891597597,0.9009088760241706,-0.502969299721533,-0.046849075730869,-0.911310674287764,-1.177851894974348,-0.18737694390042153,0.2744324511807092,0.5785701957722418,-0.34097028968400567,-0.4814607612315388,-1.162397694500674,0.9841231756854657,0
-0.2960199349169384,-1.1099901739376037,-0.502969299721533,-0.33864482262487305,-0.23538436605243465,0.9048055324001227,-0.18737694390042153,-1.461440576166749,0.03811773823181484,0.003043148748581378,-0.997471732522988,-2.3132355705481977,0.9841231756854657,0
-0.2960199349169384,-1.1099901739376037,0.8491410419312149,-0.3082918743361749,-0.06640278899360229,0.9048055324001227,-0.18737694390042153,-0.3041918912684436,1.2465828606824585,0.003043148748581378,-0.7394662468772634,1.4765926074703717,-1.0161329645585022,0
-0.9738162891597597,0.9009088760241706,1.5251962127575889,-0.054160946208323346,-0.911310674287764,-1.177851894974348,-0.10027977124658735,0.853056793629862,-0.005521280078902488,-0.2262991435398101,-0.4814607612315388,-1.0036614357354983,-1.0161329645585022,0
-0.46546902347764374,0.9009088760241706,-0.502969299721533,-0.2963212526905801,-0.06640278899360229,0.9048055324001227,-0.18737694390042153,0.2744324511807092,0.7430557263280237,0.003043148748581378,-0.7394662468772634,0.3455967637684949,-1.0161329645585022,0
-0.2960199349169384,0.9009088760241706,0.8491410419312149,-0.4122057139509688,-0.404365943111267,0.9048055324001227,-0.18737694390042153,0.2744324511807092,1.1727322143104744,0.23238544103697253,-0.7394662468772634,-0.4282424977117365,-1.0161329645585022,1
-0.2960199349169384,0.9009088760241706,0.8491410419312149,-0.27121137351314506,-0.5733475201700994,0.9048055324001227,-0.18737694390042153,-1.461440576166749,0.3301634761573873,-0.11162799739561437,-0.7394662468772634,-1.678290535487495,0.9841231756854657,0
-0.9738162891597597,0.9009088760241706,1.5251962127575889,-0.26775284298493235,-0.911310674287764,0.9048055324001227,-0.18737694390042153,0.853056793629862,0.3234497810326616,-0.11162799739561437,-0.7394662468772634,-0.15045404487267908,-1.0161329645585022,0
-0.2960199349169384,0.9009088760241706,1.5251962127575889,-0.2551031491351679,-0.404365943111267,0.9048055324001227,-0.18737694390042153,0.2744324511807092,1.0015329886299666,-0.11162799739561437,-0.997471732522988,1.317856348705196,0.9841231756854657,0
-0.634918112038349,0.9009088760241706,1.5251962127575889,-0.05038656814328752,-0.5733475201700994,0.21058638994196582,1.2695212168546228,-0.3041918912684436,-0.6936750303632967,1.035083464046342,-0.4814607612315388,1.0202258635204915,0.9841231756854657,0
-0.8043672005990544,0.9009088760241706,-1.179024470547907,-0.2581984549960341,-0.404365943111267,0.9048055324001227,-0.18737694390042153,-0.8828162337175963,-1.623521805137819,-0.11162799739561437,-0.7394662468772634,0.32575473142284794,0.9841231756854657,0
-0.8043672005990544,0.9009088760241706,0.8491410419312149,-0.3663920287347808,-0.5733475201700994,0.9048055324001227,-0.18737694390042153,0.2744324511807092,1.9750187817152072,0.1177142948927768,-0.7394662468772634,-0.190138109563973,-1.0161329645585022,1
-0.9738162891597597,0.9009088760241706,0.8491410419312149,-0.04809667350132017,-0.911310674287764,-1.177851894974348,0.06599664927436881,0.853056793629862,-0.6936750303632967,-0.11162799739561437,-0.4814607612315388,-0.09092794783573821,0.9841231756854657,0
-0.9738162891597597,-1.1099901739376037,0.8491410419312149,-0.05059186904222252,-0.911310674287764,-1.177851894974348,-0.8841543251310949,-1.461440576166749,0.001192415045823164,-1.0289971665491795,-0.997471732522988,-2.630708088078549,0.9841231756854657,0
-0.634918112038349,0.9009088760241706,0.8491410419312149,-0.054634717513557966,-0.911310674287764,-1.177851894974348,1.6495816066168083,0.853056793629862,2.7269526356844955,1.379096902478929,-0.7394662468772634,-0.190138109563973,0.9841231756854657,0
-0.2960199349169384,0.9009088760241706,0.8491410419312149,-0.31659866455462193,-0.23538436605243465,0.9048055324001227,-0.18737694390042153,1.4316811360790147,2.431550050196561,0.003043148748581378,-0.4814607612315388,0.32575473142284794,-1.0161329645585022,1
-0.46546902347764374,-1.1099901739376037,0.8491410419312149,-0.053860891048341415,-0.5733475201700994,-1.177851894974348,0.3193702424491591,-1.461440576166749,0.001192415045823164,0.1177142948927768,-0.4814607612315388,0.38528082845978884,0.9841231756854657,0
-0.46546902347764374,0.9009088760241706,-1.179024470547907,-0.05103405559377484,-0.23538436605243465,-1.177851894974348,-0.286351003734324,-1.461440576166749,0.001192415045823164,-0.45564143582820127,-0.7394662468772634,1.0400678958661385,0.9841231756854657,0
-0.46546902347764374,-1.1099901739376037,-1.179024470547907,-0.20230923335518983,-0.23538436605243465,0.9048055324001227,-0.18737694390042153,-0.8828162337175963,0.9108981044461687,-0.11162799739561437,-0.7394662468772634,0.8813316371009629,-1.0161329645585022,0
-0.9738162891597597,-1.1099901739376037,0.8491410419312149,-0.20080895755528017,-0.911310674287764,0.9048055324001227,-0.18737694390042153,1.4316811360790147,-1.0495008719737637,-0.11162799739561437,-0.997471732522988,1.1591200899400202,0.9841231756854657,0
-0.46546902347764374,-1.1099901739376037,0.8491410419312149,-0.051570996406374074,-0.7423290972289317,-1.177851894974348,-1.042512820865339,-0.8828162337175963,0.8269769153870962,-1.143668312693375,-0.997471732522988,0.6630692812988462,0.9841231756854657,0
-0.2960199349169384,-1.1099901739376037,1.5251962127575889,-0.20941580293370915,-0.7423290972289317,0.9048055324001227,-0.18737694390042153,0.2744324511807092,-0.6936750303632967,-0.11162799739561437,-0.7394662468772634,-0.5869787564769122,0.9841231756854657,0
-0.2960199349169384,-1.1099901739376037,-0.502969299721533,-0.04711754613716862,0.4405419421828948,-1.177851894974348,-0.963333572998217,0.2744324511807092,-1.1166378232210217,-1.0289971665491795,-0.4814607612315388,0.008282213892496587,0.9841231756854657,0
-0.8043672005990544,-1.1099901739376037,1.5251962127575889,-0.18381636007419838,-0.5733475201700994,0.9048055324001227,-0.18737694390042153,-1.461440576166749,-0.005521280078902488,-0.2262991435398101,-0.997471732522988,0.4844909901880236,0.9841231756854657,0
-0.634918112038349,-1.1099901739376037,-0.502969299721533,-0.053134441713648325,-0.5733475201700994,-1.177851894974348,0.28769854330231037,0.853056793629862,0.9343960373827085,0.1177142948927768,-0.4814607612315388,0.8614896047553159,0.9841231756854657,0
-0.9738162891597597,-1.1099901739376037,0.8491410419312149,-0.05133411075375676,-0.404365943111267,-1.177851894974348,0.715266481784769,-0.8828162337175963,-1.0092187012254088,0.4617277333253637,-0.997471732522988,-0.26950623894656084,-1.0161329645585022,0
-0.634918112038349,0.9009088760241706,0.8491410419312149,-0.05488739554301643,-0.7423290972289317,-1.177851894974348,0.8577891279455886,0.2744324511807092,0.8269769153870962,0.6910700256137552,-0.4814607612315388,0.7424374106814341,0.9841231756854657,0
-0.46546902347764374,0.9009088760241706,-0.502969299721533,-0.11166099028696537,-0.911310674287764,0.9048055324001227,-0.18737694390042153,0.2744324511807092,1.0015329886299666,-0.2262991435398101,-0.7394662468772634,0.14717644031202531,0.9841231756854657,0
-0.8043672005990544,0.9009088760241706,0.8491410419312149,-0.11319285084055732,-0.911310674287764,0.9048055324001227,-0.18737694390042153,1.4316811360790147,-1.1804179269059165,-0.2262991435398101,-0.7394662468772634,-0.36871640067479566,0.9841231756854657,0
-0.2960199349169384,0.9009088760241706,-1.179024470547907,-0.04710175376032747,-0.5733475201700994,-1.177851894974348,2.2830155895537843,-0.3041918912684436,0.1522505553521539,1.952452633199907,-0.4814607612315388,0.16701847265767225,0.9841231756854657,0
-0.46546902347764374,-1.1099901739376037,1.5251962127575889,-0.1084867225418934,-0.5733475201700994,0.9048055324001227,-0.18737694390042153,1.4316811360790147,-1.2475548781531747,-0.2262991435398101,-0.997471732522988,0.9011736694466097,-1.0161329645585022,0
-0.634918112038349,0.9009088760241706,-1.179024470547907,-0.16494446974901925,-0.5733475201700994,-1.177851894974348,-0.4882580857954851,0.2744324511807092,0.6826324702054911,-0.570312581972397,-0.4814607612315388,0.0479662785837905,-1.0161329645585022,1
-0.634918112038349,-1.1099901739376037,-0.502969299721533,-0.05465050989039912,-0.7423290972289317,-1.177851894974348,-0.4090788379283631,-1.461440576166749,0.001192415045823164,-0.570312581972397,-0.7394662468772634,0.9408577341379036,-1.0161329645585022,0
-0.46546902347764374,-1.1099901739376037,1.5251962127575889,-0.053339742612583334,-0.404365943111267,-1.177851894974348,2.4413740852880284,-0.8828162337175963,0.9612508178816116,2.1817949254882985,-0.997471732522988,0.6233852166075523,0.9841231756854657,0
-0.634918112038349,-1.1099901739376037,1.5251962127575889,-0.10640212879886106,-0.23538436605243465,0.9048055324001227,-0.18737694390042153,0.853056793629862,-1.623521805137819,-0.34097028968400567,-0.7394662468772634,0.3455967637684949,0.9841231756854657,0
-0.2960199349169384,0.9009088760241706,-0.502969299721533,-0.05491898029669874,-0.23538436605243465,-1.177851894974348,-0.9158260242779438,-0.3041918912684436,0.3469477139692014,-1.0289971665491795,-0.4814607612315388,-2.1743413441286688,0.9841231756854657,0
-0.2960199349169384,0.9009088760241706,-1.179024470547907,-0.0530081026989191,-0.23538436605243465,-1.177851894974348,-0.8524826259842462,-0.3041918912684436,-1.6839450612603513,-1.0289971665491795,-0.7394662468772634,-1.4401861473397315,0.9841231756854657,0
-0.9738162891597597,0.9009088760241706,-0.502969299721533,-0.07014283157157128,-0.911310674287764,0.9048055324001227,-0.18737694390042153,0.2744324511807092,0.8269769153870962,-0.34097028968400567,-0.997471732522988,0.6035431842619053,-1.0161329645585022,0
-0.9738162891597597,-1.1099901739376037,1.5251962127575889,-0.04252196447639278,-0.911310674287764,-1.177851894974348,0.06599664927436881,-1.461440576166749,-1.6705176710108995,-0.11162799739561437,-0.7394662468772634,0.46464895784237664,0.9841231756854657,0
-0.8043672005990544,0.9009088760241706,-0.502969299721533,-0.05195001345056177,-0.5733475201700994,-1.177851894974348,0.38271364074285674,0.2744324511807092,-0.3680608168140954,0.23238544103697253,-0.997471732522988,0.38528082845978884,0.9841231756854657,0
-0.9738162891597597,-1.1099901739376037,0.8491410419312149,-0.07518059978389943,-0.911310674287764,0.9048055324001227,-0.18737694390042153,-0.8828162337175963,1.5486991412951188,-0.34097028968400567,-0.4814607612315388,-0.24966420660091387,-1.0161329645585022,0
-0.2960199349169384,0.9009088760241706,0.8491410419312149,-0.05179208968215023,-0.404365943111267,0.21058638994196582,-0.5951500704160997,-0.3041918912684436,0.8135495251376443,-0.6849837281165926,-0.997471732522988,0.5440170872249644,0.9841231756854657,0
-0.8043672005990544,0.9009088760241706,-0.502969299721533,-0.047559732688720935,-0.911310674287764,-1.177851894974348,-0.2507203421941191,1.4316811360790147,-0.08944246913797492,-0.45564143582820127,-0.997471732522988,-0.09092794783573821,-1.0161329645585022,0
-0.46546902347764374,0.9009088760241706,-1.179024470547907,-0.04732284703610363,-0.911310674287764,-1.177851894974348,2.7976807006900772,1.4316811360790147,-0.707102420612748,2.411137217776689,-0.4814607612315388,0.14717644031202531,0.9841231756854657,0
-0.8043672005990544,0.9009088760241706,-1.179024470547907,-0.047512355558197474,-0.7423290972289317,-0.4836327525161911,-0.7574675285436998,-1.461440576166749,0.5114332445249834,-0.9143260204049839,-0.4814607612315388,0.6829113136444932,0.9841231756854657,0
-0.2960199349169384,0.9009088760241706,1.5251962127575889,-0.015880224745365844,-0.06640278899360229,0.9048055324001227,-0.18737694390042153,1.4316811360790147,-1.173704231781191,-0.34097028968400567,-0.7394662468772634,0.9011736694466097,0.9841231756854657,0
-0.634918112038349,0.9009088760241706,-1.179024470547907,0.0023125933756436637,-0.404365943111267,0.9048055324001227,-0.18737694390042153,-0.3041918912684436,0.001192415045823164,-0.45564143582820127,-0.997471732522988,0.6829113136444932,0.9841231756854657,0
-0.8043672005990544,0.9009088760241706,0.8491410419312149,-0.09384718921014355,-0.911310674287764,0.9048055324001227,-0.18737694390042153,0.853056793629862,1.286865031430813,-0.34097028968400567,-0.997471732522988,-0.11076998018138517,-1.0161329645585022,1
-0.634918112038349,-1.1099901739376037,0.8491410419312149,0.04327801890159736,-0.7423290972289317,0.9048055324001227,-0.18737694390042153,1.4316811360790147,-1.0495008719737637,-0.45564143582820127,-0.7394662468772634,-0.44808453005738347,0.9841231756854657,0
-0.2960199349169384,0.9009088760241706,-0.502969299721533,0.06275001954674035,-0.23538436605243465,0.9048055324001227,-0.18737694390042153,0.853056793629862,2.102578989084997,-0.45564143582820127,-0.997471732522988,0.20670253734896618,0.9841231756854657,0
-0.46546902347764374,-1.1099901739376037,-1.179024470547907,-0.04253775685323394,-0.404365943111267,-1.177851894974348,1.2695212168546228,-0.8828162337175963,0.5114332445249834,1.035083464046342,-0.4814607612315388,0.008282213892496587,0.9841231756854657,0
-0.9738162891597597,0.9009088760241706,-1.179024470547907,-0.04977066544648251,-0.911310674287764,-1.177851894974348,0.1451758971414908,0.853056793629862,-0.34120603631519225,0.003043148748581378,-0.997471732522988,0.26622863438590705,-1.0161329645585022,0
-0.2960199349169384,0.9009088760241706,1.5251962127575889,-0.044385464943648964,-0.23538436605243465,0.21058638994196582,1.6495816066168083,1.4316811360790147,-0.4654093961226198,1.379096902478929,-0.7394662468772634,0.5043330225336705,0.9841231756854657,0
-0.9738162891597597,0.9009088760241706,-0.502969299721533,0.14979760069518167,-0.911310674287764,0.9048055324001227,-0.18737694390042153,0.2744324511807092,-1.4993184453303918,-0.570312581972397,-0.4814607612315388,-1.4798702120310254,0.9841231756854657,0
-0.634918112038349,0.9009088760241706,-0.502969299721533,0.17095938566232813,-0.7423290972289317,0.9048055324001227,-0.18737694390042153,-0.8828162337175963,0.5651428055227898,-0.570312581972397,-0.4814607612315388,1.35754041339649,0.9841231756854657,0
-0.46546902347764374,0.9009088760241706,-0.502969299721533,0.2404458437634061,-0.7423290972289317,0.9048055324001227,-0.18737694390042153,-1.461440576166749,0.830333762949459,-0.570312581972397,-0.7394662468772634,-1.9163949236352584,0.9841231756854657,0
-0.2960199349169384,-1.1099901739376037,0.8491410419312149,0.4625656240342383,-0.23538436605243465,0.9048055324001227,-0.18737694390042153,0.853056793629862,0.001192415045823164,-0.6849837281165926,-0.997471732522988,0.9210157017922567,-1.0161329645585022,0
-0.634918112038349,-1.1099901739376037,1.5251962127575889,0.6499737600082138,-0.23538436605243465,0.9048055324001227,-0.18737694390042153,0.2744324511807092,0.6893461653302174,-0.7996548742607882,-0.4814607612315388,-0.9838194033898514,-1.0161329645585022,0
-0.9738162891597597,0.9009088760241706,0.8491410419312149,-0.03817906084507541,-0.911310674287764,-1.177851894974348,-0.3774071387815143,-0.8828162337175963,0.001192415045823164,-0.570312581972397,-0.7394662468772634,0.4448069254967297,-1.0161329645585022,0
-0.9738162891597597,-1.1099901739376037,1.5251962127575889,-0.038242230352440024,-0.911310674287764,-1.177851894974348,-0.4090788379283631,-0.8828162337175963,0.001192415045823164,-0.570312581972397,-0.997471732522988,-0.15045404487267908,0.9841231756854657,0
-0.8043672005990544,0.9009088760241706,1.5251962127575889,1.2195574155381181,-0.404365943111267,0.9048055324001227,-0.18737694390042153,0.2744324511807092,0.001192415045823164,-1.0289971665491795,-0.4814607612315388,-0.40840046536608954,0.9841231756854657,0
-0.8043672005990544,0.9009088760241706,0.8491410419312149,0.6607441610138809,-0.5733475201700994,0.9048055324001227,-0.18737694390042153,0.2744324511807092,1.286865031430813,-0.7996548742607882,-0.997471732522988,-0.6465048535138531,-1.0161329645585022,1
-0.2960199349169384,-1.1099901739376037,1.5251962127575889,1.407818339861516,-0.23538436605243465,0.9048055324001227,-0.18737694390042153,1.4316811360790147,0.5114332445249834,-1.0289971665491795,-0.997471732522988,1.3972244780877838,-1.0161329645585022,0
-0.2960199349169384,0.9009088760241706,-0.502969299721533,-0.9039487440308247,-0.5733475201700994,0.9048055324001227,-0.17154109432699713,-1.461440576166749,1.0955247203761276,2.640479510065081,-0.7394662468772634,0.9011736694466097,-1.0161329645585022,1
-0.8043672005990544,-1.1099901739376037,-0.502969299721533,-0.9087812113442177,-0.911310674287764,0.9048055324001227,-0.17154109432699713,-0.3041918912684436,0.001192415045823164,2.7551506562092767,-0.7394662468772634,0.22654456969461315,-1.0161329645585022,1
-0.634918112038349,-1.1099901739376037,0.8491410419312149,-0.04147966760487661,-0.911310674287764,-1.177851894974348,-1.121692068732461,-1.461440576166749,-1.173704231781191,-1.2583394588375707,-0.997471732522988,-2.610866055732902,0.9841231756854657,0
-0.46546902347764374,0.9009088760241706,-0.502969299721533,-0.902337921593027,-0.5733475201700994,0.9048055324001227,-0.17154109432699713,1.4316811360790147,-0.2438574570066685,2.640479510065081,-0.997471732522988,-1.0433455004267922,-1.0161329645585022,1
-0.2960199349169384,-1.1099901739376037,0.8491410419312149,-0.8847610061688225,-0.5733475201700994,0.9048055324001227,-0.17154109432699713,-1.461440576166749,-0.34120603631519225,2.525808363920885,-0.997471732522988,0.08765034327508442,-1.0161329645585022,1
-0.8043672005990544,0.9009088760241706,1.5251962127575889,-0.0429641510279451,-0.5733475201700994,-1.177851894974348,-1.125651031125817,1.4316811360790147,-1.7510820125076092,-1.2583394588375707,-0.7394662468772634,0.286070666731554,0.9841231756854657,0
-0.9738162891597597,0.9009088760241706,-0.502969299721533,-0.04149545998171777,-0.911310674287764,0.21058638994196582,-0.8841543251310949,1.4316811360790147,-1.4254677989584081,-1.0289971665491795,-0.997471732522988,-0.8647672093159696,-1.0161329645585022,0
-0.634918112038349,0.9009088760241706,-1.179024470547907,-0.15775893828629414,-0.911310674287764,-1.177851894974348,0.05411976209430051,0.2744324511807092,1.5352717510456675,0.003043148748581378,-0.997471732522988,-0.32903233598350173,-1.0161329645585022,1
-0.46546902347764374,0.9009088760241706,-0.502969299721533,-0.043848524131049726,-0.5733475201700994,-1.177851894974348,0.4618928886099787,-0.3041918912684436,-1.173704231781191,0.23238544103697253,-0.7394662468772634,-0.3488743683291487,0.9841231756854657,0
-0.9738162891597597,0.9009088760241706,1.5251962127575889,-0.04293256627426279,-0.911310674287764,-1.177851894974348,2.4413740852880284,-1.461440576166749,0.11868207972852446,2.0671237793441026,-0.4814607612315388,-1.2417658238832618,0.9841231756854657,0
-0.9738162891597597,-1.1099901739376037,1.5251962127575889,-0.44742271430674235,-0.911310674287764,0.9048055324001227,-0.16362316954028494,0.2744324511807092,0.3301634761573873,0.3470565871811683,-0.997471732522988,0.801963507718375,0.9841231756854657,0
-0.2960199349169384,0.9009088760241706,1.5251962127575889,-0.5632440060597664,0.10257878806523006,0.9048055324001227,-0.16362316954028494,0.2744324511807092,-0.25392799969375696,0.5763988794695595,-0.997471732522988,-1.12271362980938,-1.0161329645585022,1
-0.8043672005990544,0.9009088760241706,1.5251962127575889,0.00809260329950606,-0.911310674287764,0.9048055324001227,-0.16362316954028494,-0.8828162337175963,-1.0495008719737637,-0.34097028968400567,-0.4814607612315388,0.9606997664835506,-1.0161329645585022,0
-0.2960199349169384,-1.1099901739376037,0.8491410419312149,-0.03574703481153768,-0.06640278899360229,-1.177851894974348,1.1745061194140765,0.2744324511807092,0.03811773823181484,0.9204123179021463,-0.7394662468772634,-0.7853990799333818,0.9841231756854657,0
-0.46546902347764374,-1.1099901739376037,1.5251962127575889,-0.6399159956235695,-0.404365943111267,0.9048055324001227,-0.15966420714692883,-1.461440576166749,1.5486991412951188,0.9204123179021463,-0.997471732522988,1.298014316359549,-1.0161329645585022,1
-0.9738162891597597,-1.1099901739376037,-0.502969299721533,-0.03903184919449773,-0.7423290972289317,-1.177851894974348,-0.8841543251310949,-1.461440576166749,-1.8752853723150364,-1.0289971665491795,-0.4814607612315388,-0.36871640067479566,0.9841231756854657,0
-0.634918112038349,0.9009088760241706,0.8491410419312149,-0.03080402086025645,-0.06640278899360229,-1.177851894974348,-0.5674373336626071,1.4316811360790147,-0.0860856215756121,-0.6849837281165926,-0.7394662468772634,1.1591200899400202,0.9841231756854657,0
-0.9738162891597597,-1.1099901739376037,0.8491410419312149,-0.0394898281228912,-0.911310674287764,-1.177851894974348,-1.002923196931778,-0.8828162337175963,-1.0495008719737637,-1.143668312693375,-0.4814607612315388,0.305912699077201,0.9841231756854657,0
-0.46546902347764374,-1.1099901739376037,0.8491410419312149,-0.2072996244369945,-0.23538436605243465,0.9048055324001227,-0.15966420714692883,-1.461440576166749,1.223084927745918,-0.11162799739561437,-0.7394662468772634,-0.24966420660091387,0.9841231756854657,0
-0.634918112038349,-1.1099901739376037,-1.179024470547907,-0.034799492201068434,-0.404365943111267,-1.177851894974348,0.7627740305050422,0.2744324511807092,-0.46205254856025635,0.5763988794695595,-0.4814607612315388,-0.09092794783573821,-1.0161329645585022,0
-0.8043672005990544,-1.1099901739376037,-1.179024470547907,-0.1458672785249051,-0.911310674287764,-1.177851894974348,1.0953268715469546,0.853056793629862,0.001192415045823164,1.035083464046342,-0.4814607612315388,0.46464895784237664,-1.0161329645585022,1
-0.2960199349169384,0.9009088760241706,0.8491410419312149,-0.03372561057586996,-0.7423290972289317,-1.177851894974348,-0.7257958293968509,-0.3041918912684436,-1.4724636648314886,-0.9143260204049839,-0.997471732522988,-1.5989224061049072,0.9841231756854657,0
-0.2960199349169384,0.9009088760241706,0.8491410419312149,-0.67112173226169,-0.404365943111267,0.9048055324001227,-0.15570524475357272,0.853056793629862,1.327147202179168,1.035083464046342,-0.4814607612315388,0.20670253734896618,-1.0161329645585022,1
-0.9738162891597597,0.9009088760241706,-0.502969299721533,-0.49096229725780416,-0.911310674287764,0.9048055324001227,-0.15570524475357272,1.4316811360790147,-1.1233515183457474,0.4617277333253637,-0.997471732522988,0.5043330225336705,-1.0161329645585022,0
-0.2960199349169384,0.9009088760241706,-1.179024470547907,-0.03460998367897459,-0.5733475201700994,-1.177851894974348,0.38271364074285674,-0.8828162337175963,0.23617174441122635,0.1177142948927768,-0.7394662468772634,-1.4203441149940845,0.9841231756854657,0
-0.634918112038349,-1.1099901739376037,-0.502969299721533,-0.02950904595928182,-0.7423290972289317,-1.177851894974348,0.38271364074285674,1.4316811360790147,1.934736610966852,0.1177142948927768,-0.997471732522988,0.6035431842619053,0.9841231756854657,0
-0.46546902347764374,0.9009088760241706,0.8491410419312149,0.5511608581131128,0.2715603651240624,0.9048055324001227,-0.15570524475357272,-0.3041918912684436,-0.811164695045998,-0.7996548742607882,-0.997471732522988,-0.32903233598350173,0.9841231756854657,0
-0.9738162891597597,-1.1099901739376037,-1.179024470547907,-0.03696304782830655,-0.7423290972289317,-1.177851894974348,-0.46846327382870456,-1.461440576166749,-1.4724636648314886,-0.570312581972397,-0.997471732522988,0.32575473142284794,0.9841231756854657,0
-0.8043672005990544,-1.1099901739376037,1.5251962127575889,-0.09733730449203862,-0.911310674287764,0.9048055324001227,-0.15174628236021664,-0.8828162337175963,-1.0427871768490378,-0.2262991435398101,-0.4814607612315388,-0.38855843302044263,0.9841231756854657,0
-0.634918112038349,0.9009088760241706,1.5251962127575889,-0.0335045173000938,-0.7423290972289317,0.21058638994196582,-1.042512820865339,-0.8828162337175963,0.001192415045823164,-1.143668312693375,-0.4814607612315388,0.7424374106814341,0.9841231756854657,0
-0.9738162891597597,-1.1099901739376037,-0.502969299721533,0.0631448289677692,-0.911310674287764,0.9048055324001227,-0.14778731996686054,0.2744324511807092,0.16232109803924238,-0.45564143582820127,-0.7394662468772634,1.317856348705196,-1.0161329645585022,0
-0.46546902347764374,-1.1099901739376037,0.8491410419312149,-0.4492072528897928,-0.23538436605243465,0.9048055324001227,-0.14382835757350443,-0.8828162337175963,1.6729025011025462,0.3470565871811683,-0.997471732522988,0.8614896047553159,-1.0161329645585022,0
-0.8043672005990544,0.9009088760241706,-0.502969299721533,-0.7128293994991779,-0.5733475201700994,0.9048055324001227,-0.13986939518014835,-0.8828162337175963,-1.6705176710108995,1.2644257563347332,-0.997471732522988,-0.3488743683291487,-1.0161329645585022,1
-0.8043672005990544,-1.1099901739376037,0.8491410419312149,-0.0354311872747146,-0.911310674287764,-1.177851894974348,-1.1850354670261585,-0.8828162337175963,-1.6705176710108995,-1.2583394588375707,-0.997471732522988,-0.15045404487267908,0.9841231756854657,0
-0.634918112038349,0.9009088760241706,-1.179024470547907,-0.03219375002227801,-0.7423290972289317,-1.177851894974348,-0.6941241302500022,-1.461440576166749,-1.0427871768490378,-0.7996548742607882,-0.7394662468772634,0.12733440796637835,-1.0161329645585022,0
-0.46546902347764374,0.9009088760241706,0.8491410419312149,-0.031072491266556073,-0.23538436605243465,-1.177851894974348,-0.09236184645987515,-0.3041918912684436,-1.6839450612603513,-0.2262991435398101,-0.997471732522988,-2.49181386165902,0.9841231756854657,0
-0.9738162891597597,-1.1099901739376037,-1.179024470547907,-0.031767355847566854,-0.7423290972289317,-1.177851894974348,-0.5674373336626071,1.4316811360790147,-0.005521280078902488,-0.6849837281165926,-0.7394662468772634,0.16701847265767225,0.9841231756854657,0
-0.8043672005990544,0.9009088760241706,-1.179024470547907,-0.03252538993594225,-0.911310674287764,-1.177851894974348,-0.2507203421941191,-1.461440576166749,-0.005521280078902488,-0.45564143582820127,-0.997471732522988,0.0479662785837905,-1.0161329645585022,0
-0.9738162891597597,0.9009088760241706,-0.502969299721533,-0.03475211507054497,-0.911310674287764,0.21058638994196582,0.8577891279455886,-0.8828162337175963,2.17642963545698,0.5763988794695595,-0.4814607612315388,-0.4877685947486774,0.9841231756854657,0
-0.9738162891597597,-1.1099901739376037,-1.179024470547907,-0.03960037476077928,-0.911310674287764,-1.177851894974348,-0.5674373336626071,-0.8828162337175963,0.001192415045823164,-0.6849837281165926,-0.4814607612315388,-1.4203441149940845,0.9841231756854657,0
-0.634918112038349,0.9009088760241706,-1.179024470547907,-0.033488724923252645,-0.911310674287764,-1.177851894974348,-0.2507203421941191,1.4316811360790147,0.001192415045823164,-0.45564143582820127,-0.7394662468772634,-0.8449251769703227,0.9841231756854657,0
-0.9738162891597597,0.9009088760241706,-0.502969299721533,-0.03705780208935347,-0.911310674287764,-1.177851894974348,0.0026532509806712224,0.853056793629862,-0.8447331706696268,-0.2262991435398101,-0.7394662468772634,1.317856348705196,0.9841231756854657,0
-0.634918112038349,-1.1099901739376037,1.5251962127575889,-0.6957894248875727,-0.911310674287764,0.9048055324001227,-0.13591043278679224,0.2744324511807092,0.3939435798422821,1.1497546101905376,-0.997471732522988,0.2463866020402601,0.9841231756854657,0
-0.634918112038349,0.9009088760241706,-0.502969299721533,-0.024771332906935593,-0.5733475201700994,-1.177851894974348,-0.8841543251310949,1.4316811360790147,-0.33784918875282943,-1.0289971665491795,-0.997471732522988,-1.3012919209202027,0.9841231756854657,0
-0.8043672005990544,-1.1099901739376037,-1.179024470547907,-0.0362208061167723,-0.911310674287764,-1.177851894974348,-0.6386986567430168,1.4316811360790147,-1.2475548781531747,-0.7996548742607882,-0.4814607612315388,-0.686188918205147,-1.0161329645585022,0
-1.143265377720465,-1.1099901739376037,-1.179024470547907,-0.03173577109388454,-0.911310674287764,0.21058638994196582,0.06599664927436881,0.2744324511807092,-1.1233515183457474,-0.11162799739561437,-0.7394662468772634,1.1194360252487263,0.9841231756854657,0
-0.46546902347764374,0.9009088760241706,0.8491410419312149,1.5932366363535062,-0.404365943111267,0.9048055324001227,-0.13195147039343613,-0.3041918912684436,-1.0964967378468442,-1.0289971665491795,-0.4814607612315388,0.4249648931510827,0.9841231756854657,0
-0.634918112038349,0.9009088760241706,-0.502969299721533,-0.035525941535761524,-0.06640278899360229,-1.177851894974348,0.5767027980173056,0.2744324511807092,-0.21364582894540246,0.3470565871811683,-0.7394662468772634,-2.69023418511549,0.9841231756854657,0
-0.46546902347764374,0.9009088760241706,-0.502969299721533,-0.03159363970231416,-0.911310674287764,-1.177851894974348,-0.7257958293968509,0.2744324511807092,-1.2475548781531747,-0.9143260204049839,-0.997471732522988,-0.190138109563973,0.9841231756854657,0
-0.634918112038349,-1.1099901739376037,0.8491410419312149,-0.03595233571047268,-0.7423290972289317,-1.177851894974348,-1.327558113186978,1.4316811360790147,-0.08944246913797492,-1.3730106049817663,-0.4814607612315388,-0.5869787564769122,0.9841231756854657,0
-0.9738162891597597,0.9009088760241706,-1.179024470547907,-0.03538381014419114,-0.911310674287764,-1.177851894974348,-0.4090788379283631,0.2744324511807092,-0.21028898138303903,-0.570312581972397,-0.4814607612315388,0.5638591195706114,0.9841231756854657,0
-0.2960199349169384,0.9009088760241706,-1.179024470547907,-0.02976172398874028,-0.5733475201700994,-1.177851894974348,0.8577891279455886,-0.3041918912684436,-0.21028898138303903,0.5763988794695595,-0.7394662468772634,0.4844909901880236,-1.0161329645585022,0
-0.9738162891597597,0.9009088760241706,-1.179024470547907,-0.3770676754794009,-0.7423290972289317,0.9048055324001227,-0.12799250800008005,-0.8828162337175963,-1.2475548781531747,0.23238544103697253,-0.997471732522988,-1.9957630530178463,0.9841231756854657,0
-0.9738162891597597,0.9009088760241706,0.8491410419312149,-0.038115891337710796,-0.911310674287764,-1.177851894974348,0.8577891279455886,1.4316811360790147,0.7464125738903866,0.5763988794695595,-0.7394662468772634,-0.8449251769703227,0.9841231756854657,0
-0.9738162891597597,0.9009088760241706,0.8491410419312149,-0.029919647757151824,-0.911310674287764,-1.177851894974348,0.6994306322113446,0.853056793629862,0.7464125738903866,0.4617277333253637,-0.7394662468772634,-0.15045404487267908,0.9841231756854657,0
-0.8043672005990544,-1.1099901739376037,-0.502969299721533,-0.9007744762857527,-0.911310674287764,0.9048055324001227,-0.09236184645987515,1.4316811360790147,0.1119683846037988,2.869821802353472,-0.7394662468772634,0.18686050500331922,-1.0161329645585022,1
-0.8043672005990544,-1.1099901739376037,-0.502969299721533,-0.03214637289175455,-0.911310674287764,-1.177851894974348,-0.646616581529729,-1.461440576166749,-1.2979075915886182,-0.7996548742607882,-0.7394662468772634,-1.9560789883265524,0.9841231756854657,0
-1.143265377720465,0.9009088760241706,-1.179024470547907,-0.8669472050920006,-0.911310674287764,0.9048055324001227,-0.09236184645987515,0.2744324511807092,-1.173704231781191,2.525808363920885,-0.4814607612315388,-0.8449251769703227,-1.0161329645585022,1
-0.9738162891597597,0.9009088760241706,-0.502969299721533,-0.8394842617652337,-0.911310674287764,0.9048055324001227,-0.09236184645987515,1.4316811360790147,-0.39491559731299863,2.2964660716324943,-0.4814607612315388,-0.8052411122790287,-1.0161329645585022,1
-0.9738162891597597,-1.1099901739376037,0.8491410419312149,-0.7935758222879987,-0.404365943111267,0.9048055324001227,-0.09236184645987515,0.853056793629862,0.001192415045823164,1.8377814870557112,-0.997471732522988,-0.7457150152420878,-1.0161329645585022,1
-0.46546902347764374,0.9009088760241706,-0.502969299721533,-0.7707242529988488,-0.911310674287764,0.9048055324001227,-0.09236184645987515,0.2744324511807092,0.16232109803924238,1.7231103409115156,-0.997471732522988,-1.658448503141848,-1.0161329645585022,1
-0.9738162891597597,0.9009088760241706,-1.179024470547907,-0.034215174257945735,-0.911310674287764,-1.177851894974348,2.4413740852880284,-0.8828162337175963,0.27645391515958084,2.0671237793441026,-0.4814607612315388,-0.07108591549009124,-1.0161329645585022,0
-0.634918112038349,-1.1099901739376037,0.8491410419312149,-0.02631898583736869,-0.911310674287764,-1.177851894974348,0.38271364074285674,-0.8828162337175963,-0.811164695045998,0.1177142948927768,-0.7394662468772634,0.5241750548793175,0.9841231756854657,0
-0.634918112038349,-1.1099901739376037,-0.502969299721533,-0.77648847054587,-0.404365943111267,0.9048055324001227,-0.09236184645987515,0.2744324511807092,0.15896425047687956,1.7231103409115156,-0.997471732522988,-1.9163949236352584,-1.0161329645585022,1
-0.9738162891597597,0.9009088760241706,-1.179024470547907,-0.7638703614497879,-0.5733475201700994,0.9048055324001227,-0.09236184645987515,1.4316811360790147,-0.707102420612748,1.7231103409115156,-0.4814607612315388,-0.6465048535138531,-1.0161329645585022,1
-0.634918112038349,0.9009088760241706,-1.179024470547907,-0.03685250119041847,-0.911310674287764,-1.177851894974348,0.06599664927436881,-1.461440576166749,0.001192415045823164,-0.11162799739561437,-0.4814607612315388,0.782121475372728,0.9841231756854657,0
-0.9738162891597597,0.9009088760241706,1.5251962127575889,-0.7527367357767742,-0.7423290972289317,0.9048055324001227,-0.09236184645987515,0.2744324511807092,-0.1397951825734185,1.6084391947673204,-0.997471732522988,-0.6068207888225592,-1.0161329645585022,1
-0.9738162891597597,0.9009088760241706,-0.502969299721533,-0.7580745591490844,-0.911310674287764,0.9048055324001227,-0.09236184645987515,-1.461440576166749,0.5785701957722418,1.6084391947673204,-0.4814607612315388,-2.23386744116561,-1.0161329645585022,1
-0.2960199349169384,0.9009088760241706,1.5251962127575889,-0.027803469260437176,-0.911310674287764,-1.177851894974348,-0.2507203421941191,0.853056793629862,1.327147202179168,-0.45564143582820127,-0.997471732522988,-0.4282424977117365,0.9841231756854657,0
-0.634918112038349,0.9009088760241706,-1.179024470547907,-0.7408924531459087,-0.404365943111267,0.9048055324001227,-0.09236184645987515,-0.3041918912684436,0.16232109803924238,1.4937680486231246,-0.7394662468772634,0.12733440796637835,-1.0161329645585022,1
-0.634918112038349,0.9009088760241706,-1.179024470547907,-0.03535222539050883,-0.7423290972289317,-1.177851894974348,-0.7574675285436998,1.4316811360790147,0.4040141225293712,-0.9143260204049839,-0.4814607612315388,-0.6465048535138531,-1.0161329645585022,0
-0.9738162891597597,0.9009088760241706,0.8491410419312149,-0.03751578101774694,-0.5733475201700994,-1.177851894974348,-1.2008713165995828,0.2744324511807092,-0.5661148229935064,-1.2583394588375707,-0.4814607612315388,-2.3529196352394917,0.9841231756854657,0
-1.143265377720465,0.9009088760241706,0.8491410419312149,-0.7392184612007464,-0.911310674287764,0.9048055324001227,-0.09236184645987515,0.2744324511807092,-1.0427871768490378,1.4937680486231246,-0.4814607612315388,-1.102871597463733,-1.0161329645585022,1
-0.2960199349169384,-1.1099901739376037,0.8491410419312149,-0.14555143098808204,0.10257878806523006,-1.177851894974348,2.4413740852880284,0.2744324511807092,0.8538316958859994,2.411137217776689,-0.4814607612315388,0.782121475372728,-1.0161329645585022,1
-0.8043672005990544,0.9009088760241706,-1.179024470547907,-0.1448723587839124,-0.5733475201700994,-1.177851894974348,-0.3774071387815143,0.2744324511807092,0.3234497810326616,-0.45564143582820127,-0.7394662468772634,-0.13061201252703214,-1.0161329645585022,1
-0.8043672005990544,0.9009088760241706,-0.502969299721533,-0.7350176889609994,-0.23538436605243465,0.9048055324001227,-0.09236184645987515,0.853056793629862,-1.173704231781191,1.4937680486231246,-0.4814607612315388,-0.5671367241312653,-1.0161329645585022,1
-0.8043672005990544,0.9009088760241706,1.5251962127575889,-0.7217363000375888,-0.911310674287764,0.9048055324001227,-0.09236184645987515,1.4316811360790147,0.9981761410676039,1.379096902478929,-0.7394662468772634,-0.7457150152420878,-1.0161329645585022,1
-0.9738162891597597,0.9009088760241706,-0.502969299721533,-0.7001954980262547,-0.911310674287764,0.9048055324001227,-0.09236184645987515,0.2744324511807092,-0.005521280078902488,1.2644257563347332,-0.997471732522988,1.5162766721616654,-1.0161329645585022,1
-0.9738162891597597,0.9009088760241706,-1.179024470547907,-0.6751803731098666,-0.7423290972289317,0.9048055324001227,-0.09236184645987515,-0.3041918912684436,0.8336906105118219,1.1497546101905376,-0.4814607612315388,1.1591200899400202,-1.0161329645585022,1
-0.46546902347764374,-1.1099901739376037,0.8491410419312149,-0.6830291843999201,-0.7423290972289317,0.9048055324001227,-0.09236184645987515,-1.461440576166749,2.206641263518246,1.2644257563347332,-0.4814607612315388,0.782121475372728,-1.0161329645585022,1
-0.9738162891597597,-1.1099901739376037,0.8491410419312149,-0.6796022386253897,-0.911310674287764,0.9048055324001227,-0.09236184645987515,-0.8828162337175963,0.001192415045823164,1.1497546101905376,-0.7394662468772634,0.16701847265767225,-1.0161329645585022,0
-1.143265377720465,0.9009088760241706,0.8491410419312149,-0.678702073145444,-0.911310674287764,0.9048055324001227,-0.09236184645987515,0.2744324511807092,0.665848232393677,1.1497546101905376,-0.997471732522988,-0.15045404487267908,-1.0161329645585022,0
-0.2960199349169384,0.9009088760241706,1.5251962127575889,-0.6815447009768517,-0.404365943111267,0.9048055324001227,-0.09236184645987515,-0.8828162337175963,-1.6839450612603513,1.1497546101905376,-0.997471732522988,0.9011736694466097,-1.0161329645585022,1
-0.2960199349169384,-1.1099901739376037,1.5251962127575889,-0.023286849483867108,-0.23538436605243465,-1.177851894974348,0.0026532509806712224,0.853056793629862,1.0955247203761276,-0.2262991435398101,-0.997471732522988,0.9210157017922567,-1.0161329645585022,0
-0.9738162891597597,0.9009088760241706,-1.179024470547907,-0.030788228483415298,-0.23538436605243465,-1.177851894974348,-0.06069014731302636,0.853056793629862,0.8135495251376443,-0.2262991435398101,-0.7394662468772634,-0.20998014190961997,0.9841231756854657,0
-0.2960199349169384,0.9009088760241706,-1.179024470547907,-0.029161613668776426,-0.23538436605243465,-1.177851894974348,-0.804975077263973,0.2744324511807092,-0.6936750303632967,-0.9143260204049839,-0.997471732522988,-2.23386744116561,0.9841231756854657,0
-0.9738162891597597,0.9009088760241706,-0.502969299721533,-0.02928795268350566,-0.911310674287764,-1.177851894974348,-0.7257958293968509,1.4316811360790147,1.3103629643673533,-0.9143260204049839,-0.4814607612315388,1.0797519605574324,-1.0161329645585022,0
-0.8043672005990544,0.9009088760241706,-1.179024470547907,-0.6724956690468704,-0.911310674287764,0.9048055324001227,-0.09236184645987515,0.2744324511807092,1.2096575374964662,1.1497546101905376,-0.4814607612315388,-1.9759210206721993,-1.0161329645585022,1
-0.634918112038349,-1.1099901739376037,0.8491410419312149,-0.6571454787572686,-0.06640278899360229,0.9048055324001227,-0.09236184645987515,0.853056793629862,-0.21028898138303903,1.035083464046342,-0.4814607612315388,-0.03140185079879733,0.9841231756854657,0
-0.8043672005990544,-1.1099901739376037,1.5251962127575889,-0.022402476380762478,-0.911310674287764,-1.177851894974348,0.06599664927436881,0.2744324511807092,0.001192415045823164,-0.11162799739561437,-0.4814607612315388,1.5361187045073124,0.9841231756854657,0
-0.8043672005990544,-1.1099901739376037,1.5251962127575889,-0.023476358005960957,-0.911310674287764,-1.177851894974348,-0.4090788379283631,0.2744324511807092,-0.005521280078902488,-0.570312581972397,-0.997471732522988,0.0479662785837905,0.9841231756854657,0
-0.8043672005990544,0.9009088760241706,-1.179024470547907,-0.01655929694953547,-0.7423290972289317,-1.177851894974348,-0.7257958293968509,-0.8828162337175963,0.001192415045823164,-0.9143260204049839,-0.997471732522988,-1.202081759191968,-1.0161329645585022,0
-0.634918112038349,-1.1099901739376037,1.5251962127575889,-0.02507138806691752,-0.404365943111267,-1.177851894974348,-1.327558113186978,-0.8828162337175963,1.2465828606824585,-1.3730106049817663,-0.997471732522988,1.2186461869769611,-1.0161329645585022,0
-0.46546902347764374,-1.1099901739376037,-0.502969299721533,-0.019259793389372816,-0.911310674287764,0.21058638994196582,0.38271364074285674,0.853056793629862,0.830333762949459,0.1177142948927768,-0.4814607612315388,1.1789621222856672,-1.0161329645585022,0
-0.8043672005990544,0.9009088760241706,-0.502969299721533,-0.026492701982621387,-0.7423290972289317,-1.177851894974348,0.06599664927436881,-0.8828162337175963,0.3939435798422821,-0.11162799739561437,-0.4814607612315388,-0.8250831446246757,0.9841231756854657,0
-1.143265377720465,0.9009088760241706,-0.502969299721533,-0.021802366060798623,-0.5733475201700994,-1.177851894974348,0.8577891279455886,-0.8828162337175963,0.27645391515958084,0.5763988794695595,-0.997471732522988,1.0797519605574324,-1.0161329645585022,0
-1.143265377720465,-1.1099901739376037,-0.502969299721533,-0.620191316948968,-0.7423290972289317,0.9048055324001227,-0.09236184645987515,-0.8828162337175963,0.5651428055227898,0.9204123179021463,-0.7394662468772634,-1.8767108589439645,-1.0161329645585022,0
-0.9738162891597597,0.9009088760241706,-1.179024470547907,-0.624897445247632,-0.911310674287764,0.9048055324001227,-0.09236184645987515,-0.8828162337175963,0.3301634761573873,0.9204123179021463,-0.4814607612315388,0.008282213892496587,0.9841231756854657,0
-0.46546902347764374,-1.1099901739376037,-1.179024470547907,-0.6301720991125774,0.10257878806523006,0.9048055324001227,-0.09236184645987515,0.853056793629862,-1.7510820125076092,0.9204123179021463,-0.7394662468772634,-0.5671367241312653,0.9841231756854657,0
-0.46546902347764374,0.9009088760241706,0.8491410419312149,-0.6240920340287331,-0.5733475201700994,0.9048055324001227,-0.09236184645987515,0.2744324511807092,-1.2979075915886182,0.9204123179021463,-0.997471732522988,0.38528082845978884,0.9841231756854657,0
-1.143265377720465,0.9009088760241706,-0.502969299721533,-0.6082838648107378,-0.911310674287764,0.9048055324001227,-0.09236184645987515,0.853056793629862,0.2865244578466693,0.9204123179021463,-0.4814607612315388,0.38528082845978884,-1.0161329645585022,1
-0.9738162891597597,0.9009088760241706,-1.179024470547907,-0.6072415679392217,-0.5733475201700994,0.9048055324001227,-0.09236184645987515,0.853056793629862,0.001192415045823164,0.9204123179021463,-0.4814607612315388,-0.46792656240303043,-1.0161329645585022,1
-0.634918112038349,0.9009088760241706,1.5251962127575889,-0.5971660315145654,-0.5733475201700994,0.9048055324001227,-0.09236184645987515,-1.461440576166749,0.27645391515958084,0.8057411717579506,-0.4814607612315388,1.35754041339649,-1.0161329645585022,0
-0.634918112038349,-1.1099901739376037,-0.502969299721533,-0.022765701048109023,-0.911310674287764,-1.177851894974348,0.7786098800784667,-0.8828162337175963,-0.005521280078902488,0.4617277333253637,-0.4814607612315388,-0.8052411122790287,-1.0161329645585022,0
-0.634918112038349,0.9009088760241706,0.8491410419312149,-0.5994243414028504,-0.404365943111267,0.9048055324001227,-0.09236184645987515,-1.461440576166749,0.7229146409538463,0.8057411717579506,-0.7394662468772634,0.008282213892496587,0.9841231756854657,0
-0.2960199349169384,-1.1099901739376037,-1.179024470547907,-0.5949550987568039,-0.7423290972289317,0.9048055324001227,-0.09236184645987515,-0.8828162337175963,-1.4724636648314886,0.8057411717579506,-0.997471732522988,0.9408577341379036,-1.0161329645585022,1
-0.8043672005990544,0.9009088760241706,-0.502969299721533,-0.7016957738261643,-0.911310674287764,0.9048055324001227,-0.09236184645987515,-0.8828162337175963,0.23617174441122635,1.2644257563347332,-0.997471732522988,1.734539027963782,-1.0161329645585022,1
-0.2960199349169384,-1.1099901739376037,1.5251962127575889,-0.019986242724065906,-0.23538436605243465,-1.177851894974348,1.2536853672811985,-0.3041918912684436,0.001192415045823164,0.9204123179021463,-0.997471732522988,0.14717644031202531,0.9841231756854657,0
-0.46546902347764374,0.9009088760241706,-1.179024470547907,-0.017206784400022785,-0.5733475201700994,-1.177851894974348,-0.804975077263973,-0.8828162337175963,-0.11965409719924096,-0.9143260204049839,-0.997471732522988,-0.5274526594399713,0.9841231756854657,0
-1.143265377720465,0.9009088760241706,-0.502969299721533,-0.5850690708542413,-0.7423290972289317,0.9048055324001227,-0.09236184645987515,0.2744324511807092,-0.6936750303632967,0.8057411717579506,-0.7394662468772634,0.08765034327508442,-1.0161329645585022,0
-0.2960199349169384,0.9009088760241706,0.8491410419312149,-0.02173919655343401,-0.404365943111267,-1.177851894974348,-1.2008713165995828,0.2744324511807092,0.3301634761573873,-1.2583394588375707,-0.4814607612315388,0.821805540064022,0.9841231756854657,0
-0.9738162891597597,0.9009088760241706,1.5251962127575889,-0.6987583917337096,-0.911310674287764,0.9048055324001227,-0.09236184645987515,0.2744324511807092,0.001192415045823164,1.2644257563347332,-0.997471732522988,-1.0631875327724392,-1.0161329645585022,1
-0.8043672005990544,-1.1099901739376037,-0.502969299721533,-0.019907280839860132,-0.911310674287764,-1.177851894974348,-0.8841543251310949,0.853056793629862,1.0015329886299666,-1.0289971665491795,-0.997471732522988,-0.8250831446246757,0.9841231756854657,0
-0.8043672005990544,-1.1099901739376037,-1.179024470547907,-0.5676342868216072,-0.404365943111267,0.9048055324001227,-0.09236184645987515,-0.8828162337175963,-0.34120603631519225,0.6910700256137552,-0.997471732522988,-1.142555662155027,0.9841231756854657,0
-0.634918112038349,0.9009088760241706,0.8491410419312149,-0.023034171454408642,-0.7423290972289317,-1.177851894974348,0.22435514500861276,1.4316811360790147,-1.7510820125076092,0.003043148748581378,-0.7394662468772634,0.38528082845978884,0.9841231756854657,0
-0.8043672005990544,-1.1099901739376037,0.8491410419312149,-0.5623912177103441,-0.7423290972289317,0.9048055324001227,-0.09236184645987515,-1.461440576166749,0.03476089066945202,0.6910700256137552,-0.7394662468772634,0.2463866020402601,0.9841231756854657,0
-0.8043672005990544,-1.1099901739376037,0.8491410419312149,-0.02226034498919209,-0.911310674287764,-1.177851894974348,-1.1375279183058853,-1.461440576166749,0.7464125738903866,-1.2583394588375707,-0.997471732522988,0.38528082845978884,0.9841231756854657,0
-0.2960199349169384,0.9009088760241706,-0.502969299721533,-0.01409568616231543,-0.23538436605243465,0.21058638994196582,-1.042512820865339,0.2744324511807092,0.001192415045823164,-1.143668312693375,-0.4814607612315388,-0.2893482712922078,0.9841231756854657,0
-0.9738162891597597,0.9009088760241706,-1.179024470547907,-0.12926949046485217,-0.911310674287764,-1.177851894974348,2.2038363416866624,0.853056793629862,1.451350561986595,2.1817949254882985,-0.997471732522988,1.35754041339649,-1.0161329645585022,1
-0.9738162891597597,-1.1099901739376037,0.8491410419312149,-0.5655181083248926,-0.911310674287764,0.9048055324001227,-0.09236184645987515,-0.8828162337175963,0.001192415045823164,0.6910700256137552,-0.997471732522988,-3.067232799682782,0.9841231756854657,0
-0.634918112038349,-1.1099901739376037,1.5251962127575889,-0.680139179437989,-0.23538436605243465,0.9048055324001227,-0.09236184645987515,-0.8828162337175963,1.5352717510456675,1.1497546101905376,-0.7394662468772634,-2.03544711770914,-1.0161329645585022,1
-0.2960199349169384,0.9009088760241706,1.5251962127575889,-0.017443670052640095,-0.7423290972289317,-1.177851894974348,-0.3298995900612411,-1.461440576166749,0.8269769153870962,-0.45564143582820127,-0.7394662468772634,-0.09092794783573821,0.9841231756854657,0
-0.2960199349169384,-1.1099901739376037,-0.502969299721533,-0.015374868686448911,-0.23538436605243465,-1.177851894974348,-0.8841543251310949,-1.461440576166749,-0.46205254856025635,-1.0289971665491795,-0.4814607612315388,0.4844909901880236,0.9841231756854657,0
-0.2960199349169384,-1.1099901739376037,-1.179024470547907,-0.008268299107929573,-0.23538436605243465,-1.177851894974348,0.8577891279455886,1.4316811360790147,-0.005521280078902488,0.5763988794695595,-0.997471732522988,0.46464895784237664,-1.0161329645585022,0
-0.2960199349169384,0.9009088760241706,-0.502969299721533,-0.013337652073940035,-0.06640278899360229,0.21058638994196582,0.06599664927436881,1.4316811360790147,0.9981761410676039,-0.11162799739561437,-0.7394662468772634,-0.9639773710442044,0.9841231756854657,0
-0.9738162891597597,0.9009088760241706,-0.502969299721533,-0.017064653008452398,-0.7423290972289317,-1.177851894974348,-1.121692068732461,1.4316811360790147,1.2096575374964662,-1.2583394588375707,-0.997471732522988,1.317856348705196,-1.0161329645585022,0
-0.2960199349169384,0.9009088760241706,1.5251962127575889,-0.012595410362405792,0.10257878806523006,-1.177851894974348,-1.042512820865339,0.853056793629862,2.431550050196561,-1.143668312693375,-0.4814607612315388,0.7424374106814341,-1.0161329645585022,0
-0.2960199349169384,0.9009088760241706,0.8491410419312149,-0.6773123439834223,-0.911310674287764,0.9048055324001227,-0.09236184645987515,-1.461440576166749,1.5587696839822078,1.1497546101905376,-0.4814607612315388,-0.4877685947486774,-1.0161329645585022,1
-0.8043672005990544,0.9009088760241706,0.8491410419312149,-0.5591221957042252,-0.404365943111267,0.9048055324001227,-0.09236184645987515,1.4316811360790147,-0.07601507888852362,0.6910700256137552,-0.4814607612315388,-0.5472946917856183,0.9841231756854657,0
-0.8043672005990544,0.9009088760241706,-1.179024470547907,-0.01347978346551042,-0.911310674287764,-1.177851894974348,0.1451758971414908,-0.8828162337175963,-1.6705176710108995,-0.11162799739561437,-0.4814607612315388,0.9210157017922567,-1.0161329645585022,0
-1.143265377720465,0.9009088760241706,1.5251962127575889,-0.5618384845209037,-0.911310674287764,0.9048055324001227,-0.09236184645987515,1.4316811360790147,-0.2069321338206762,0.6910700256137552,-0.997471732522988,0.0479662785837905,0.9841231756854657,0
-0.46546902347764374,0.9009088760241706,-0.502969299721533,-0.13116457568579065,-0.23538436605243465,-1.177851894974348,-1.042512820865339,0.853056793629862,1.7736079279734327,-1.143668312693375,-0.7394662468772634,0.801963507718375,-1.0161329645585022,1
-0.634918112038349,0.9009088760241706,0.8491410419312149,-0.5434245731241181,0.10257878806523006,0.9048055324001227,-0.09236184645987515,1.4316811360790147,-1.2979075915886182,0.6910700256137552,-0.997471732522988,-1.6187644384505542,0.9841231756854657,0
-0.2960199349169384,-1.1099901739376037,1.5251962127575889,-0.009958083429933061,-0.23538436605243465,-1.177851894974348,0.06599664927436881,-0.3041918912684436,-1.4724636648314886,-0.11162799739561437,-0.7394662468772634,1.337698381050843,0.9841231756854657,0
-0.9738162891597597,-1.1099901739376037,0.8491410419312149,-0.5348335201225303,-0.911310674287764,0.9048055324001227,-0.09236184645987515,0.2744324511807092,-0.46205254856025635,0.6910700256137552,-0.4814607612315388,0.8614896047553159,0.9841231756854657,0
-0.634918112038349,-1.1099901739376037,0.8491410419312149,-0.011489943983525007,-0.404365943111267,-1.177851894974348,0.38271364074285674,1.4316811360790147,0.5651428055227898,0.1177142948927768,-0.4814607612315388,-0.8250831446246757,0.9841231756854657,0
-0.8043672005990544,0.9009088760241706,-0.502969299721533,-0.015106398280149293,-0.5733475201700994,-1.177851894974348,-0.2190486430472703,-0.8828162337175963,-1.4724636648314886,-0.45564143582820127,-0.4814607612315388,1.2186461869769611,0.9841231756854657,0
-0.46546902347764374,0.9009088760241706,1.5251962127575889,-0.019244001012531663,-0.911310674287764,-1.177851894974348,0.38271364074285674,1.4316811360790147,-1.0427871768490378,0.1177142948927768,-0.4814607612315388,-0.5274526594399713,-1.0161329645585022,0
-0.8043672005990544,0.9009088760241706,0.8491410419312149,-0.0135903301033985,-0.911310674287764,0.21058638994196582,-0.5674373336626071,0.853056793629862,-0.11965409719924096,-0.6849837281165926,-0.997471732522988,-0.40840046536608954,0.9841231756854657,0
-0.8043672005990544,-1.1099901739376037,0.8491410419312149,-0.01976514944828975,-0.911310674287764,-1.177851894974348,0.0976683484212176,0.2744324511807092,-1.0427871768490378,-0.11162799739561437,-0.7394662468772634,-0.4877685947486774,0.9841231756854657,0
-0.634918112038349,0.9009088760241706,0.8491410419312149,-0.520667758096015,-0.911310674287764,0.9048055324001227,-0.09236184645987515,-1.461440576166749,-1.0427871768490378,0.5763988794695595,-0.997471732522988,-0.36871640067479566,0.9841231756854657,0
-0.9738162891597597,0.9009088760241706,-0.502969299721533,-0.5182357320624773,-0.911310674287764,0.9048055324001227,-0.09236184645987515,0.2744324511807092,-0.059230841076708896,0.5763988794695595,-0.997471732522988,0.028124246238143545,-1.0161329645585022,0
-0.8043672005990544,-1.1099901739376037,0.8491410419312149,-0.6160379218397445,-0.7423290972289317,0.9048055324001227,-0.09236184645987515,-0.8828162337175963,0.001192415045823164,0.9204123179021463,-0.4814607612315388,0.46464895784237664,-1.0161329645585022,1
-0.8043672005990544,-1.1099901739376037,0.8491410419312149,-0.4904569411988872,-0.911310674287764,0.9048055324001227,-0.09236184645987515,0.853056793629862,0.3301634761573873,0.4617277333253637,-0.7394662468772634,-1.182239726846321,-1.0161329645585022,0
-0.634918112038349,0.9009088760241706,-1.179024470547907,-0.5996454346786266,-0.911310674287764,0.9048055324001227,-0.09236184645987515,-0.8828162337175963,1.676259348664909,0.8057411717579506,-0.997471732522988,-0.8250831446246757,-1.0161329645585022,1
-0.2960199349169384,-1.1099901739376037,-0.502969299721533,-0.013874592886539274,0.2715603651240624,-1.177851894974348,1.1745061194140765,-0.3041918912684436,-0.3680608168140954,0.9204123179021463,-0.997471732522988,-0.6465048535138531,0.9841231756854657,0
-0.634918112038349,0.9009088760241706,-0.502969299721533,-0.4878196142664145,-0.911310674287764,0.9048055324001227,-0.09236184645987515,1.4316811360790147,0.3301634761573873,0.4617277333253637,-0.4814607612315388,1.4765926074703717,0.9841231756854657,0
-0.9738162891597597,-1.1099901739376037,-1.179024470547907,-0.4835240877656206,-0.911310674287764,0.9048055324001227,-0.09236184645987515,-0.8828162337175963,-0.1397951825734185,0.4617277333253637,-0.4814607612315388,-0.686188918205147,0.9841231756854657,0
-0.634918112038349,-1.1099901739376037,0.8491410419312149,-0.013385029204463496,-0.7423290972289317,-1.177851894974348,0.38271364074285674,0.853056793629862,-0.3680608168140954,0.1177142948927768,-0.7394662468772634,-1.2616078562289088,0.9841231756854657,0
-0.8043672005990544,-1.1099901739376037,-1.179024470547907,-0.4872037115696095,-0.23538436605243465,0.9048055324001227,-0.09236184645987515,1.4316811360790147,-1.1804179269059165,0.4617277333253637,-0.7394662468772634,-1.2616078562289088,0.9841231756854657,0
-0.8043672005990544,-1.1099901739376037,-0.502969299721533,-0.4935364546829123,-0.911310674287764,0.9048055324001227,-0.09236184645987515,-0.8828162337175963,0.5382880250238866,0.4617277333253637,-0.997471732522988,-0.8250831446246757,0.9841231756854657,0
-0.8043672005990544,-1.1099901739376037,-0.502969299721533,-0.6043673553541317,-0.911310674287764,0.9048055324001227,-0.09236184645987515,0.2744324511807092,2.032085190275376,0.9204123179021463,-0.4814607612315388,1.734539027963782,-1.0161329645585022,1
-0.634918112038349,-1.1099901739376037,0.8491410419312149,-0.020412636898777065,-0.23538436605243465,-1.177851894974348,-0.5199297849423339,0.853056793629862,0.23617174441122635,-0.6849837281165926,-0.997471732522988,0.38528082845978884,-1.0161329645585022,0
-0.9738162891597597,-1.1099901739376037,0.8491410419312149,-0.01212163905717117,-0.911310674287764,-1.177851894974348,-0.3774071387815143,0.853056793629862,-0.707102420612748,-0.570312581972397,-0.997471732522988,0.7622794430270811,-1.0161329645585022,0
-0.46546902347764374,-1.1099901739376037,1.5251962127575889,-0.49063065734413996,-0.23538436605243465,0.9048055324001227,-0.09236184645987515,0.853056793629862,0.5114332445249834,0.4617277333253637,-0.997471732522988,0.0479662785837905,-1.0161329645585022,0
-0.2960199349169384,-1.1099901739376037,1.5251962127575889,-0.014206232800203509,-0.23538436605243465,-1.177851894974348,0.38271364074285674,1.4316811360790147,-1.0427871768490378,0.1177142948927768,-0.997471732522988,0.801963507718375,-1.0161329645585022,0
-0.8043672005990544,0.9009088760241706,0.8491410419312149,-0.021770781307116314,-0.911310674287764,-1.177851894974348,0.38271364074285674,0.853056793629862,-1.0427871768490378,0.1177142948927768,-0.7394662468772634,-0.2893482712922078,-1.0161329645585022,0
-0.634918112038349,-1.1099901739376037,-0.502969299721533,-0.014806343120167363,-0.7423290972289317,-1.177851894974348,-0.5674373336626071,-0.8828162337175963,-1.6705176710108995,-0.6849837281165926,-0.7394662468772634,0.782121475372728,0.9841231756854657,0
-0.8043672005990544,-1.1099901739376037,1.5251962127575889,-0.5756094371263901,-0.911310674287764,0.9048055324001227,-0.09236184645987515,-0.3041918912684436,1.6729025011025462,0.8057411717579506,-0.997471732522988,-0.3488743683291487,-1.0161329645585022,1
-0.634918112038349,0.9009088760241706,1.5251962127575889,-0.010984587924608076,-0.7423290972289317,-1.177851894974348,-0.47242223622206064,-1.461440576166749,-0.11965409719924096,-0.6849837281165926,-0.997471732522988,0.028124246238143545,0.9841231756854657,0
-0.634918112038349,0.9009088760241706,-0.502969299721533,-0.01703306825477009,-0.404365943111267,-1.177851894974348,-0.3774071387815143,1.4316811360790147,2.206641263518246,-0.570312581972397,-0.4814607612315388,-1.162397694500674,-1.0161329645585022,0
-0.46546902347764374,-1.1099901739376037,-1.179024470547907,-0.1258267523134806,-0.06640278899360229,-1.177851894974348,-0.7257958293968509,-1.461440576166749,-1.6705176710108995,-0.7996548742607882,-0.997471732522988,-0.051243883144444294,-1.0161329645585022,1
-0.2960199349169384,0.9009088760241706,-1.179024470547907,-0.012958635029752336,-0.404365943111267,-1.177851894974348,-0.7257958293968509,-0.8828162337175963,-1.173704231781191,-0.9143260204049839,-0.997471732522988,-2.134657279437375,-1.0161329645585022,0
-1.143265377720465,0.9009088760241706,-0.502969299721533,-0.012832296015023104,-0.911310674287764,-1.177851894974348,0.06599664927436881,1.4316811360790147,-1.6705176710108995,-0.11162799739561437,-0.7394662468772634,-0.4877685947486774,0.9841231756854657,0
-0.8043672005990544,0.9009088760241706,0.8491410419312149,-0.4469647353783489,-0.7423290972289317,0.9048055324001227,-0.09236184645987515,1.4316811360790147,-0.8447331706696268,0.3470565871811683,-0.4814607612315388,0.5638591195706114,-1.0161329645585022,0
-0.634918112038349,-1.1099901739376037,-0.502969299721533,-0.01428519468440928,-0.911310674287764,-1.177851894974348,-0.2507203421941191,0.853056793629862,0.5651428055227898,-0.45564143582820127,-0.997471732522988,0.16701847265767225,0.9841231756854657,0
-1.143265377720465,-1.1099901739376037,0.8491410419312149,-0.015027436395943521,-0.911310674287764,-1.177851894974348,-1.1691996174527342,-1.461440576166749,0.4745079213389917,-1.2583394588375707,-0.7394662468772634,0.26622863438590705,0.9841231756854657,0
-0.8043672005990544,-1.1099901739376037,1.5251962127575889,-0.44846501117825854,-0.7423290972289317,0.9048055324001227,-0.09236184645987515,-1.461440576166749,-1.173704231781191,0.3470565871811683,-0.4814607612315388,1.5758027691986063,0.9841231756854657,0
-0.8043672005990544,-1.1099901739376037,0.8491410419312149,-0.010163384328868064,-0.7423290972289317,-1.177851894974348,-0.3417764772413094,-1.461440576166749,-1.6705176710108995,-0.570312581972397,-0.4814607612315388,0.32575473142284794,0.9841231756854657,0
-1.143265377720465,-1.1099901739376037,0.8491410419312149,-0.5591853652115898,-0.911310674287764,0.9048055324001227,-0.09236184645987515,-0.8828162337175963,-0.6936750303632967,0.6910700256137552,-0.997471732522988,-1.12271362980938,-1.0161329645585022,1
-0.2960199349169384,-1.1099901739376037,-0.502969299721533,-0.433035859004451,-0.06640278899360229,0.9048055324001227,-0.09236184645987515,0.853056793629862,1.327147202179168,0.3470565871811683,-0.997471732522988,-1.4798702120310254,0.9841231756854657,0
-0.46546902347764374,0.9009088760241706,0.8491410419312149,-0.4338254778465087,-0.5733475201700994,0.9048055324001227,-0.09236184645987515,0.2744324511807092,-1.4254677989584081,0.3470565871811683,-0.4814607612315388,0.2463866020402601,-1.0161329645585022,0
-0.634918112038349,-1.1099901739376037,-0.502969299721533,-0.01123726595406654,-0.7423290972289317,-1.177851894974348,-0.8524826259842462,0.853056793629862,1.4312094766124175,-1.0289971665491795,-0.997471732522988,-0.24966420660091387,0.9841231756854657,0
-0.2960199349169384,0.9009088760241706,0.8491410419312149,-0.016306618920077003,-0.5733475201700994,-1.177851894974348,-0.2507203421941191,1.4316811360790147,2.102578989084997,-0.45564143582820127,-0.7394662468772634,-0.9639773710442044,-1.0161329645585022,0
-0.2960199349169384,0.9009088760241706,-0.502969299721533,-0.4315197908277002,0.10257878806523006,0.9048055324001227,-0.09236184645987515,0.853056793629862,0.954537122756886,0.3470565871811683,-0.4814607612315388,1.8734332543833108,0.9841231756854657,0
-0.9738162891597597,-1.1099901739376037,0.8491410419312149,-0.4337149312086206,-0.7423290972289317,0.9048055324001227,-0.09236184645987515,-0.8828162337175963,1.1861596045599256,0.3470565871811683,-0.4814607612315388,-0.051243883144444294,0.9841231756854657,0
-0.8043672005990544,-1.1099901739376037,-0.502969299721533,-0.015453830570654681,-0.404365943111267,-1.177851894974348,-0.4090788379283631,0.2744324511807092,-1.0427871768490378,-0.570312581972397,-0.4814607612315388,0.5241750548793175,-1.0161329645585022,0
-0.8043672005990544,0.9009088760241706,-1.179024470547907,-0.4294667818383502,-0.911310674287764,0.9048055324001227,-0.09236184645987515,-0.8828162337175963,-1.623521805137819,0.3470565871811683,-0.7394662468772634,0.4844909901880236,-1.0161329645585022,0
-0.634918112038349,0.9009088760241706,1.5251962127575889,-0.014506287960185436,-0.911310674287764,-1.177851894974348,-0.9950052721450657,0.853056793629862,-1.173704231781191,-1.143668312693375,-0.4814607612315388,-0.7655570475877348,-1.0161329645585022,0
-0.2960199349169384,-1.1099901739376037,-0.502969299721533,-0.4092683318585141,-0.404365943111267,0.9048055324001227,-0.09236184645987515,-1.461440576166749,-0.005521280078902488,0.3470565871811683,-0.997471732522988,1.0995939929030794,-1.0161329645585022,0
-0.46546902347764374,0.9009088760241706,-0.502969299721533,-0.4146851171150299,-0.7423290972289317,0.9048055324001227,-0.09236184645987515,0.2744324511807092,-1.2475548781531747,0.3470565871811683,-0.7394662468772634,-0.09092794783573821,0.9841231756854657,0
-0.46546902347764374,0.9009088760241706,0.8491410419312149,-0.4100263659468895,-0.404365943111267,0.9048055324001227,-0.09236184645987515,0.2744324511807092,-0.6936750303632967,0.3470565871811683,-0.7394662468772634,-2.3926036999307856,0.9841231756854657,0
-0.46546902347764374,0.9009088760241706,1.5251962127575889,-0.402493402193659,-0.911310674287764,0.9048055324001227,-0.09236184645987515,0.853056793629862,-0.11965409719924096,0.3470565871811683,-0.4814607612315388,-2.1743413441286688,0.9841231756854657,0
-0.8043672005990544,0.9009088760241706,-1.179024470547907,-0.39325486174158386,-0.911310674287764,0.9048055324001227,-0.09236184645987515,-0.8828162337175963,-0.11965409719924096,0.23238544103697253,-0.997471732522988,-0.011559818453150373,0.9841231756854657,0
-0.46546902347764374,0.9009088760241706,-1.179024470547907,-0.01807536512628626,-0.5733475201700994,-1.177851894974348,0.06599664927436881,-0.8828162337175963,0.665848232393677,-0.11162799739561437,-0.997471732522988,0.40512286080543575,-1.0161329645585022,0
-0.9738162891597597,0.9009088760241706,-0.502969299721533,-0.39529207835409275,-0.911310674287764,0.9048055324001227,-0.09236184645987515,0.853056793629862,-1.0427871768490378,0.23238544103697253,-0.7394662468772634,-0.7258729828964409,-1.0161329645585022,0
-0.8043672005990544,-1.1099901739376037,-0.502969299721533,-0.39096496709961653,-0.5733475201700994,0.9048055324001227,-0.09236184645987515,-0.8828162337175963,-1.6839450612603513,0.23238544103697253,-0.7394662468772634,-0.8250831446246757,0.9841231756854657,0
-1.143265377720465,0.9009088760241706,0.8491410419312149,-0.3933812007563131,-0.404365943111267,0.9048055324001227,-0.09236184645987515,0.2744324511807092,-0.8447331706696268,0.23238544103697253,-0.7394662468772634,0.5241750548793175,0.9841231756854657,0
-0.9738162891597597,-1.1099901739376037,0.8491410419312149,-0.39480251467201694,-0.7423290972289317,0.9048055324001227,-0.09236184645987515,-0.8828162337175963,1.092167872813765,0.23238544103697253,-0.7394662468772634,0.4249648931510827,-1.0161329645585022,0
-0.9738162891597597,0.9009088760241706,1.5251962127575889,-0.01888077634518512,-0.911310674287764,-1.177851894974348,0.5094004373302519,-0.8828162337175963,-1.6839450612603513,0.23238544103697253,-0.4814607612315388,-0.17029607721832604,0.9841231756854657,0
-0.8043672005990544,0.9009088760241706,-0.502969299721533,-0.010747702271990765,-0.23538436605243465,-1.177851894974348,-0.4090788379283631,1.4316811360790147,-0.8447331706696268,-0.570312581972397,-0.4814607612315388,1.5758027691986063,0.9841231756854657,0
-0.2960199349169384,-1.1099901739376037,-1.179024470547907,-0.016622466456900083,-0.5733475201700994,0.21058638994196582,-0.7574675285436998,-0.3041918912684436,0.8336906105118219,-0.9143260204049839,-0.997471732522988,0.008282213892496587,0.9841231756854657,0
-0.9738162891597597,0.9009088760241706,1.5251962127575889,-0.39178617069535654,-0.7423290972289317,0.9048055324001227,-0.09236184645987515,-0.8828162337175963,0.15896425047687956,0.23238544103697253,-0.4814607612315388,-1.6187644384505542,0.9841231756854657,0
-0.2960199349169384,0.9009088760241706,1.5251962127575889,-0.1287167572754118,-0.911310674287764,-1.177851894974348,-0.2507203421941191,0.2744324511807092,1.6729025011025462,-0.34097028968400567,-0.997471732522988,0.40512286080543575,-1.0161329645585022,1
-0.2960199349169384,0.9009088760241706,0.8491410419312149,-0.399113833549652,-0.404365943111267,0.9048055324001227,-0.09236184645987515,-1.461440576166749,-0.2069321338206762,0.23238544103697253,-0.997471732522988,1.3972244780877838,-1.0161329645585022,0
-0.9738162891597597,0.9009088760241706,0.8491410419312149,-0.39450245951203505,-0.911310674287764,0.9048055324001227,-0.09236184645987515,0.853056793629862,1.1223795008750308,0.23238544103697253,-0.4814607612315388,-0.686188918205147,0.9841231756854657,0
-0.2960199349169384,0.9009088760241706,-1.179024470547907,-0.01873864495361473,-0.06640278899360229,-1.177851894974348,-0.7257958293968509,-1.461440576166749,-1.8752853723150364,-0.9143260204049839,-0.4814607612315388,0.18686050500331922,0.9841231756854657,0
-0.46546902347764374,-1.1099901739376037,-1.179024470547907,-0.4994901807520274,0.10257878806523006,0.9048055324001227,-0.09236184645987515,1.4316811360790147,1.417782086362966,0.5763988794695595,-0.4814607612315388,-0.38855843302044263,-1.0161329645585022,1
-0.8043672005990544,0.9009088760241706,-1.179024470547907,-0.016543504572694313,-0.911310674287764,-1.177851894974348,-0.8841543251310949,-0.8828162337175963,0.16232109803924238,-1.0289971665491795,-0.4814607612315388,0.3455967637684949,0.9841231756854657,0
-0.634918112038349,0.9009088760241706,-0.502969299721533,-0.016432957934806234,-0.7423290972289317,0.21058638994196582,-0.8208109268373974,0.853056793629862,1.9750187817152072,-0.9143260204049839,-0.997471732522988,-0.5869787564769122,-1.0161329645585022,0
-0.8043672005990544,-1.1099901739376037,-0.502969299721533,-0.011205681200384234,-0.911310674287764,-1.177851894974348,1.0953268715469546,1.4316811360790147,-1.1804179269059165,0.8057411717579506,-0.7394662468772634,-2.075131182400434,-1.0161329645585022,0
-0.8043672005990544,0.9009088760241706,-1.179024470547907,-0.008868409427893428,-0.5733475201700994,-1.177851894974348,-0.9474977234247925,1.4316811360790147,-1.1804179269059165,-1.0289971665491795,-0.7394662468772634,0.5837011519162584,0.9841231756854657,0
-0.634918112038349,-1.1099901739376037,0.8491410419312149,-0.3702295763071812,-0.911310674287764,0.9048055324001227,-0.09236184645987515,0.2744324511807092,-1.7510820125076092,0.23238544103697253,-0.7394662468772634,-0.15045404487267908,0.9841231756854657,0
-0.2960199349169384,0.9009088760241706,0.17308587110484092,-0.37313537364595356,-0.404365943111267,0.9048055324001227,-0.09236184645987515,0.853056793629862,-1.2979075915886182,0.23238544103697253,-0.7394662468772634,0.9606997664835506,0.9841231756854657,0
-0.634918112038349,0.9009088760241706,-0.502969299721533,-0.3706085933513689,-0.911310674287764,0.9048055324001227,-0.09236184645987515,0.853056793629862,0.7430557263280237,0.23238544103697253,-0.7394662468772634,-0.7457150152420878,-1.0161329645585022,0
-0.8043672005990544,0.9009088760241706,-1.179024470547907,-0.3725036785723074,-0.5733475201700994,0.9048055324001227,-0.09236184645987515,0.853056793629862,-0.34120603631519225,0.23238544103697253,-0.7394662468772634,-0.22982217425526694,-1.0161329645585022,0
-0.46546902347764374,-1.1099901739376037,0.8491410419312149,-0.3604225102888245,-0.7423290972289317,0.9048055324001227,-0.09236184645987515,0.2744324511807092,0.001192415045823164,0.23238544103697253,-0.7394662468772634,-1.3608180179571436,-1.0161329645585022,0
-0.634918112038349,0.9009088760241706,-1.179024470547907,-0.3643548121222719,0.10257878806523006,0.9048055324001227,-0.09236184645987515,-0.8828162337175963,0.16232109803924238,0.23238544103697253,-0.4814607612315388,0.286070666731554,0.9841231756854657,0
-0.46546902347764374,-1.1099901739376037,0.8491410419312149,-0.3549899326554675,-0.23538436605243465,0.9048055324001227,-0.09236184645987515,-1.461440576166749,-1.173704231781191,0.23238544103697253,-0.7394662468772634,-2.610866055732902,0.9841231756854657,0
-0.9738162891597597,0.9009088760241706,1.5251962127575889,-0.3393081024522015,-0.911310674287764,0.9048055324001227,-0.09236184645987515,-0.8828162337175963,0.5114332445249834,0.1177142948927768,-0.4814607612315388,-0.15045404487267908,0.9841231756854657,0
-0.8043672005990544,-1.1099901739376037,0.8491410419312149,-0.017222576776863938,-0.5733475201700994,-1.177851894974348,1.3328646151483206,-1.461440576166749,-0.34120603631519225,1.035083464046342,-0.4814607612315388,-0.5472946917856183,0.9841231756854657,0
-0.9738162891597597,-1.1099901739376037,-1.179024470547907,-0.3308749732190252,-0.404365943111267,0.9048055324001227,-0.09236184645987515,-1.461440576166749,-1.0495008719737637,0.1177142948927768,-0.997471732522988,0.38528082845978884,0.9841231756854657,0
-0.9738162891597597,0.9009088760241706,0.8491410419312149,-0.01692252161688201,-0.911310674287764,0.21058638994196582,-0.4090788379283631,1.4316811360790147,0.16232109803924238,-0.570312581972397,-0.4814607612315388,-0.13061201252703214,0.9841231756854657,0
-0.2960199349169384,-1.1099901739376037,-0.502969299721533,-0.013795631002333502,-0.5733475201700994,-1.177851894974348,1.7287608544839304,-0.8828162337175963,-1.3482603050240614,1.379096902478929,-0.997471732522988,0.4448069254967297,-1.0161329645585022,0
-0.2960199349169384,0.9009088760241706,-0.502969299721533,-0.3367655297807757,0.10257878806523006,0.9048055324001227,-0.09236184645987515,0.853056793629862,-0.6936750303632967,0.1177142948927768,-0.7394662468772634,-0.13061201252703214,0.9841231756854657,0
-0.46546902347764374,0.9009088760241706,-0.502969299721533,-0.3341755799788264,-0.404365943111267,0.9048055324001227,-0.09236184645987515,0.853056793629862,0.9343960373827085,0.1177142948927768,-0.997471732522988,0.5043330225336705,-1.0161329645585022,0
-0.9738162891597597,0.9009088760241706,0.8491410419312149,-0.3087656456414095,-0.911310674287764,0.9048055324001227,-0.09236184645987515,0.853056793629862,1.1223795008750308,0.1177142948927768,-0.4814607612315388,-0.9242933063529105,-1.0161329645585022,0
-0.634918112038349,-1.1099901739376037,-0.502969299721533,-0.020096789361953984,0.10257878806523006,-1.177851894974348,0.0026532509806712224,-0.8828162337175963,0.3301634761573873,-0.2262991435398101,-0.7394662468772634,-1.4798702120310254,0.9841231756854657,0
-0.46546902347764374,-1.1099901739376037,-0.502969299721533,-0.3027487500649298,-0.06640278899360229,0.9048055324001227,-0.09236184645987515,-1.461440576166749,0.5651428055227898,0.1177142948927768,-0.7394662468772634,0.8416475724096689,-1.0161329645585022,0
-0.46546902347764374,-1.1099901739376037,-0.502969299721533,-0.01804378037260395,-0.23538436605243465,-1.177851894974348,0.38271364074285674,0.853056793629862,-1.1804179269059165,0.1177142948927768,-0.4814607612315388,1.3972244780877838,-1.0161329645585022,0
-0.634918112038349,-1.1099901739376037,-1.179024470547907,-0.015659131469589686,-0.23538436605243465,-1.177851894974348,-0.5674373336626071,0.853056793629862,-0.005521280078902488,-0.6849837281165926,-0.997471732522988,0.14717644031202531,0.9841231756854657,0
-0.2960199349169384,0.9009088760241706,-0.502969299721533,-0.008157752470041494,-0.23538436605243465,-1.177851894974348,-0.2507203421941191,-0.3041918912684436,-1.3482603050240614,-0.45564143582820127,-0.7394662468772634,-0.36871640067479566,0.9841231756854657,0
-1.3127144662811705,0.9009088760241706,-1.179024470547907,-0.016938313993723166,-0.911310674287764,-1.177851894974348,-0.7574675285436998,-0.8828162337175963,-0.34120603631519225,-0.9143260204049839,-0.997471732522988,-0.686188918205147,0.9841231756854657,0
-0.8043672005990544,0.9009088760241706,0.8491410419312149,-0.3003167240313921,-0.911310674287764,0.9048055324001227,-0.09236184645987515,0.853056793629862,0.3939435798422821,0.1177142948927768,-0.4814607612315388,1.1789621222856672,-1.0161329645585022,0
-0.2960199349169384,0.9009088760241706,-1.179024470547907,-0.3044227420100921,-0.23538436605243465,0.9048055324001227,-0.09236184645987515,-0.8828162337175963,-1.623521805137819,0.1177142948927768,-0.4814607612315388,-1.0631875327724392,-1.0161329645585022,0
-0.2960199349169384,-1.1099901739376037,-1.179024470547907,-0.29592644326955125,-0.5733475201700994,0.9048055324001227,-0.09236184645987515,-0.3041918912684436,-1.1233515183457474,0.1177142948927768,-0.7394662468772634,-1.8370267942526706,0.9841231756854657,0
-0.2960199349169384,0.9009088760241706,-1.179024470547907,-0.2775441166264479,-0.06640278899360229,0.9048055324001227,-0.09236184645987515,-1.461440576166749,-0.6936750303632967,0.003043148748581378,-0.997471732522988,-1.5592383414136133,0.9841231756854657,0
-0.634918112038349,-1.1099901739376037,-0.502969299721533,-0.01888077634518512,-0.911310674287764,-1.177851894974348,0.6994306322113446,-0.8828162337175963,-0.8447331706696268,0.4617277333253637,-0.7394662468772634,-0.4282424977117365,-1.0161329645585022,0
-0.8043672005990544,0.9009088760241706,-1.179024470547907,-0.018754437330455887,-0.404365943111267,-1.177851894974348,-1.1573227302726659,-1.461440576166749,0.001192415045823164,-1.2583394588375707,-0.997471732522988,0.3654387961141419,0.9841231756854657,0
-0.46546902347764374,-1.1099901739376037,-1.179024470547907,-0.012184808564535786,-0.23538436605243465,-1.177851894974348,-1.327558113186978,-0.3041918912684436,-0.005521280078902488,-1.3730106049817663,-0.997471732522988,0.9408577341379036,0.9841231756854657,0
-0.634918112038349,-1.1099901739376037,0.8491410419312149,-0.01976514944828975,-0.5733475201700994,-1.177851894974348,-0.2507203421941191,0.2744324511807092,-0.005521280078902488,-0.45564143582820127,-0.7394662468772634,-0.17029607721832604,0.9841231756854657,0
-0.8043672005990544,-1.1099901739376037,-0.502969299721533,-0.28147641845989524,-0.7423290972289317,0.9048055324001227,-0.09236184645987515,-0.8828162337175963,-0.005521280078902488,0.003043148748581378,-0.997471732522988,-1.142555662155027,0.9841231756854657,0
-0.634918112038349,-1.1099901739376037,-1.179024470547907,-0.28185543550408293,-0.404365943111267,0.9048055324001227,-0.09236184645987515,0.2744324511807092,-1.7510820125076092,0.1177142948927768,-0.7394662468772634,1.0797519605574324,-1.0161329645585022,0
-0.9738162891597597,0.9009088760241706,-0.502969299721533,-0.2754279381297332,-0.5733475201700994,0.9048055324001227,-0.09236184645987515,-0.8828162337175963,1.451350561986595,0.003043148748581378,-0.4814607612315388,-1.182239726846321,-1.0161329645585022,0
-0.8043672005990544,0.9009088760241706,-0.502969299721533,-0.017017275877928936,-0.5733475201700994,-1.177851894974348,-0.17154109432699713,-0.8828162337175963,1.417782086362966,-0.34097028968400567,-0.7394662468772634,0.16701847265767225,-1.0161329645585022,0
-0.2960199349169384,-1.1099901739376037,0.8491410419312149,-0.2774967394959244,-0.7423290972289317,0.9048055324001227,-0.09236184645987515,-1.461440576166749,0.8739727812601764,0.003043148748581378,-0.997471732522988,-1.3211339532658497,-1.0161329645585022,0
-0.8043672005990544,0.9009088760241706,0.8491410419312149,-0.015706508600113148,-0.911310674287764,-1.177851894974348,-0.4090788379283631,0.2744324511807092,-1.3482603050240614,-0.570312581972397,-0.4814607612315388,0.8813316371009629,0.9841231756854657,0
-0.2960199349169384,0.9009088760241706,-1.179024470547907,-0.021912912698686702,-0.404365943111267,-1.177851894974348,0.38271364074285674,-0.3041918912684436,-0.005521280078902488,0.1177142948927768,-0.4814607612315388,0.40512286080543575,0.9841231756854657,0
-0.2960199349169384,-1.1099901739376037,-0.502969299721533,-0.26031463349274875,0.4405419421828948,0.9048055324001227,-0.09236184645987515,-0.8828162337175963,-1.0092187012254088,0.003043148748581378,-0.4814607612315388,0.7225953783357871,0.9841231756854657,0
-0.8043672005990544,0.9009088760241706,0.8491410419312149,-0.2608989514358715,-0.5733475201700994,0.9048055324001227,-0.09236184645987515,1.4316811360790147,0.5651428055227898,0.003043148748581378,-0.997471732522988,0.305912699077201,-1.0161329645585022,0
-0.634918112038349,-1.1099901739376037,1.5251962127575889,-0.017949026111557027,-0.5733475201700994,-1.177851894974348,-0.2507203421941191,-0.8828162337175963,-1.6839450612603513,-0.45564143582820127,-0.997471732522988,0.7622794430270811,-1.0161329645585022,0
-0.9738162891597597,-1.1099901739376037,-1.179024470547907,-0.2600619554632903,-0.5733475201700994,0.9048055324001227,-0.09236184645987515,0.2744324511807092,-0.11965409719924096,0.003043148748581378,-0.7394662468772634,-0.03140185079879733,0.9841231756854657,0
-0.9738162891597597,0.9009088760241706,-0.502969299721533,-0.014127270915997739,-0.911310674287764,-1.177851894974348,-0.2507203421941191,-1.461440576166749,-1.3482603050240614,-0.45564143582820127,-0.7394662468772634,-0.6663468858595001,0.9841231756854657,0
-0.2960199349169384,0.9009088760241706,-0.502969299721533,-0.012595410362405792,-0.404365943111267,-1.177851894974348,0.7627740305050422,-0.3041918912684436,-0.34120603631519225,0.4617277333253637,-0.7394662468772634,-0.30919030363785477,0.9841231756854657,0
-0.8043672005990544,0.9009088760241706,-1.179024470547907,-0.015659131469589686,-0.911310674287764,-1.177851894974348,-0.6624524311031534,-1.461440576166749,-0.707102420612748,-0.7996548742607882,-0.7394662468772634,-0.4282424977117365,0.9841231756854657,0
-0.8043672005990544,-1.1099901739376037,0.8491410419312149,-0.00864731615211727,-0.7423290972289317,-1.177851894974348,0.06599664927436881,-0.8828162337175963,-1.1804179269059165,-0.11162799739561437,-0.997471732522988,-0.7655570475877348,-1.0161329645585022,0
-0.8043672005990544,0.9009088760241706,-0.502969299721533,-0.016211864659030076,-0.7423290972289317,-1.177851894974348,0.6360872339176471,-0.8828162337175963,1.5486991412951188,0.3470565871811683,-0.997471732522988,-0.8250831446246757,0.9841231756854657,0
-1.143265377720465,0.9009088760241706,-1.179024470547907,-0.25791419221289336,-0.911310674287764,0.9048055324001227,-0.09236184645987515,-0.8828162337175963,0.27645391515958084,0.003043148748581378,-0.4814607612315388,0.3455967637684949,0.9841231756854657,0
-0.9738162891597597,-1.1099901739376037,1.5251962127575889,-0.2593986756359618,-0.5733475201700994,0.9048055324001227,-0.09236184645987515,0.853056793629862,1.0418151593783211,0.003043148748581378,-0.7394662468772634,-0.9044512740072636,-1.0161329645585022,0
-0.634918112038349,-1.1099901739376037,0.8491410419312149,-0.015359076309607757,-0.5733475201700994,-1.177851894974348,-1.2760916020733488,0.853056793629862,-1.8752853723150364,-1.3730106049817663,-0.7394662468772634,-1.9957630530178463,0.9841231756854657,0
-0.634918112038349,0.9009088760241706,1.5251962127575889,-0.24804395668717205,-0.7423290972289317,0.9048055324001227,-0.09236184645987515,1.4316811360790147,-1.0427871768490378,0.003043148748581378,-0.997471732522988,0.782121475372728,0.9841231756854657,0
-0.634918112038349,-1.1099901739376037,1.5251962127575889,-0.2477123167735078,-0.404365943111267,0.9048055324001227,-0.09236184645987515,-1.461440576166749,-1.1804179269059165,0.003043148748581378,-0.4814607612315388,0.40512286080543575,0.9841231756854657,0
-0.8043672005990544,-1.1099901739376037,-1.179024470547907,-0.24095317948549386,-0.5733475201700994,0.9048055324001227,-0.09236184645987515,1.4316811360790147,0.3637319517810161,0.003043148748581378,-0.7394662468772634,-0.686188918205147,0.9841231756854657,0
-0.8043672005990544,0.9009088760241706,-0.502969299721533,-0.22397637438125323,-0.5733475201700994,0.9048055324001227,-0.09236184645987515,-1.461440576166749,0.4040141225293712,0.003043148748581378,-0.4814607612315388,-0.5076106270943244,0.9841231756854657,0
-0.8043672005990544,0.9009088760241706,-1.179024470547907,-0.013179728305528493,-0.7423290972289317,-1.177851894974348,-0.4090788379283631,-1.461440576166749,-0.8447331706696268,-0.570312581972397,-0.7394662468772634,1.0003838311748445,0.9841231756854657,0
-0.634918112038349,-1.1099901739376037,1.5251962127575889,-0.01673301309478816,-0.911310674287764,0.21058638994196582,-0.5674373336626071,0.853056793629862,-1.3482603050240614,-0.6849837281165926,-0.997471732522988,1.0995939929030794,0.9841231756854657,0
-0.9738162891597597,0.9009088760241706,-0.502969299721533,-0.22456069232437592,-0.911310674287764,0.9048055324001227,-0.09236184645987515,-1.461440576166749,1.6628319584154578,0.003043148748581378,-0.7394662468772634,0.20670253734896618,-1.0161329645585022,0
-0.2960199349169384,0.9009088760241706,0.8491410419312149,-0.019212416258849355,-0.911310674287764,-1.177851894974348,-0.8841543251310949,-1.461440576166749,-1.8752853723150364,-1.0289971665491795,-0.7394662468772634,0.0479662785837905,0.9841231756854657,0
-0.634918112038349,-1.1099901739376037,1.5251962127575889,-0.023602697020690188,-0.7423290972289317,-1.177851894974348,0.06599664927436881,0.853056793629862,0.3301634761573873,-0.11162799739561437,-0.4814607612315388,0.7424374106814341,-1.0161329645585022,0
-0.2960199349169384,0.9009088760241706,1.5251962127575889,-0.012863880768705411,-0.911310674287764,-1.177851894974348,0.30353439287573475,-0.3041918912684436,-1.1804179269059165,0.1177142948927768,-0.4814607612315388,0.4844909901880236,0.9841231756854657,0
-0.46546902347764374,-1.1099901739376037,1.5251962127575889,-0.33584957192398873,-0.5733475201700994,0.9048055324001227,-0.09236184645987515,-0.3041918912684436,1.357358830240434,0.1177142948927768,-0.7394662468772634,-1.658448503141848,-1.0161329645585022,1
-0.634918112038349,-1.1099901739376037,1.5251962127575889,-0.012058469549806553,-0.5733475201700994,-1.177851894974348,-1.2008713165995828,-0.3041918912684436,-1.8752853723150364,-1.2583394588375707,-0.7394662468772634,-0.03140185079879733,0.9841231756854657,0
-0.9738162891597597,-1.1099901739376037,0.8491410419312149,-0.1269638034460437,-0.5733475201700994,-1.177851894974348,-0.7416316789702754,-0.3041918912684436,1.5486991412951188,-0.7996548742607882,-0.4814607612315388,-0.03140185079879733,-1.0161329645585022,1
-0.46546902347764374,-1.1099901739376037,-0.502969299721533,-0.20155119926681442,-0.7423290972289317,0.9048055324001227,-0.09236184645987515,-0.8828162337175963,-0.005521280078902488,-0.11162799739561437,-0.4814607612315388,1.278172284013902,0.9841231756854657,0
-0.634918112038349,-1.1099901739376037,1.5251962127575889,-0.011110926939337308,-0.911310674287764,-1.177851894974348,1.6495816066168083,-1.461440576166749,0.001192415045823164,1.2644257563347332,-0.7394662468772634,1.0003838311748445,0.9841231756854657,0
-0.46546902347764374,-1.1099901739376037,1.5251962127575889,-0.20248294950044252,-0.404365943111267,0.9048055324001227,-0.09236184645987515,-0.3041918912684436,0.03476089066945202,-0.11162799739561437,-0.997471732522988,-0.051243883144444294,0.9841231756854657,0
-1.143265377720465,0.9009088760241706,-0.502969299721533,-0.12491079445669365,-0.911310674287764,-1.177851894974348,-0.7257958293968509,-0.3041918912684436,-0.34120603631519225,-0.7996548742607882,-0.997471732522988,0.5638591195706114,-1.0161329645585022,1
-0.634918112038349,0.9009088760241706,0.8491410419312149,-0.01131622783827231,-0.7423290972289317,-1.177851894974348,-0.646616581529729,-0.3041918912684436,-1.7510820125076092,-0.7996548742607882,-0.7394662468772634,-0.46792656240303043,0.9841231756854657,0
-0.2960199349169384,0.9009088760241706,-0.502969299721533,-0.2046149203739983,-0.23538436605243465,0.9048055324001227,-0.09236184645987515,1.4316811360790147,0.001192415045823164,-0.11162799739561437,-0.997471732522988,-0.5671367241312653,0.9841231756854657,0
-0.2960199349169384,-1.1099901739376037,-0.502969299721533,-0.016859352109517396,0.4405419421828948,-1.177851894974348,0.06599664927436881,1.4316811360790147,-1.2475548781531747,-0.11162799739561437,-0.7394662468772634,1.1194360252487263,-1.0161329645585022,0
-0.634918112038349,0.9009088760241706,1.5251962127575889,-0.00945272737101613,-0.911310674287764,-1.177851894974348,0.06599664927436881,0.2744324511807092,-1.7510820125076092,-0.11162799739561437,-0.997471732522988,0.7225953783357871,0.9841231756854657,0
-0.634918112038349,-1.1099901739376037,-1.179024470547907,-0.20232502573203096,-0.911310674287764,0.9048055324001227,-0.09236184645987515,-0.3041918912684436,1.2465828606824585,-0.11162799739561437,-0.997471732522988,-0.40840046536608954,0.9841231756854657,0
-0.8043672005990544,-1.1099901739376037,-0.502969299721533,-0.010273930966756143,-0.5733475201700994,-1.177851894974348,0.19268344586176397,0.853056793629862,-0.33784918875282943,0.003043148748581378,-0.4814607612315388,-0.9838194033898514,0.9841231756854657,0
-0.2960199349169384,0.9009088760241706,0.8491410419312149,-0.39650809137086157,-0.404365943111267,0.9048055324001227,-0.08444392167316296,-1.461440576166749,-1.2475548781531747,0.3470565871811683,-0.7394662468772634,0.7027533459901402,0.9841231756854657,0
-0.2960199349169384,0.9009088760241706,-0.502969299721533,-0.5225944280706358,-0.5733475201700994,0.9048055324001227,-0.07652599688645076,1.4316811360790147,1.4647779522360462,0.5763988794695595,-0.997471732522988,0.782121475372728,0.9841231756854657,0
-0.8043672005990544,-1.1099901739376037,0.8491410419312149,-0.43208831639398176,-0.911310674287764,0.9048055324001227,-0.07652599688645076,1.4316811360790147,0.7497694214527494,0.3470565871811683,-0.997471732522988,0.22654456969461315,-1.0161329645585022,1
-0.634918112038349,0.9009088760241706,0.8491410419312149,-0.2001140929742694,-0.5733475201700994,0.9048055324001227,-0.07652599688645076,0.2744324511807092,0.001192415045823164,0.003043148748581378,-0.997471732522988,0.38528082845978884,0.9841231756854657,0
-0.9738162891597597,0.9009088760241706,0.8491410419312149,-0.1554058741369622,-0.911310674287764,0.9048055324001227,-0.07652599688645076,-1.461440576166749,0.16232109803924238,-0.11162799739561437,-0.4814607612315388,0.18686050500331922,0.9841231756854657,0
-0.46546902347764374,0.9009088760241706,-0.502969299721533,-0.013542952972875038,-0.23538436605243465,-1.177851894974348,-0.7257958293968509,0.853056793629862,-1.2475548781531747,-0.9143260204049839,-0.4814607612315388,-0.9441353386985575,-1.0161329645585022,0
-0.9738162891597597,0.9009088760241706,1.5251962127575889,-0.6790337130591082,-0.404365943111267,0.9048055324001227,-0.06860807209973856,0.2744324511807092,-0.1397951825734185,1.2644257563347332,-0.997471732522988,-0.7853990799333818,0.9841231756854657,0
-0.634918112038349,0.9009088760241706,-1.179024470547907,-0.01908607724412012,-0.7423290972289317,0.21058638994196582,-0.09236184645987515,-0.8828162337175963,-1.2475548781531747,-0.34097028968400567,-0.4814607612315388,-0.9838194033898514,0.9841231756854657,0
-0.9738162891597597,0.9009088760241706,0.8491410419312149,-0.8156219803582498,-0.911310674287764,0.9048055324001227,-0.06069014731302636,0.853056793629862,-0.37813135950118393,2.1817949254882985,-0.997471732522988,0.22654456969461315,-1.0161329645585022,1
-0.634918112038349,0.9009088760241706,0.8491410419312149,-0.01490109738121429,-0.911310674287764,-1.177851894974348,0.06599664927436881,-0.3041918912684436,-1.1233515183457474,-0.11162799739561437,-0.4814607612315388,0.16701847265767225,0.9841231756854657,0
-0.9738162891597597,0.9009088760241706,1.5251962127575889,-0.01633820367375931,-0.5733475201700994,-1.177851894974348,0.06599664927436881,1.4316811360790147,0.03476089066945202,-0.11162799739561437,-0.7394662468772634,0.9606997664835506,0.9841231756854657,0
-0.2960199349169384,-1.1099901739376037,1.5251962127575889,-0.6955683316117965,-0.404365943111267,0.9048055324001227,-0.06069014731302636,-1.461440576166749,-1.1804179269059165,1.379096902478929,-0.7394662468772634,-0.38855843302044263,-1.0161329645585022,1
-1.143265377720465,-1.1099901739376037,-1.179024470547907,-0.6811340991789817,-0.911310674287764,0.9048055324001227,-0.06069014731302636,-1.461440576166749,-1.4724636648314886,1.2644257563347332,-0.7394662468772634,-1.3608180179571436,-1.0161329645585022,1
-0.634918112038349,-1.1099901739376037,-0.502969299721533,-0.014648419351755823,-0.7423290972289317,-1.177851894974348,-0.5674373336626071,1.4316811360790147,-1.8752853723150364,-0.6849837281165926,-0.7394662468772634,1.317856348705196,0.9841231756854657,0
-1.143265377720465,0.9009088760241706,-1.179024470547907,-0.4335727998170502,-0.911310674287764,0.9048055324001227,-0.06069014731302636,0.2744324511807092,-0.6936750303632967,0.4617277333253637,-0.997471732522988,-0.3488743683291487,-1.0161329645585022,0
-0.8043672005990544,0.9009088760241706,-0.502969299721533,-0.019212416258849355,-0.5733475201700994,0.21058638994196582,0.0026532509806712224,0.853056793629862,1.0619562447524988,-0.2262991435398101,-0.4814607612315388,-1.0036614357354983,0.9841231756854657,0
-0.9738162891597597,-1.1099901739376037,-0.502969299721533,-0.3018169998313017,-0.5733475201700994,0.9048055324001227,-0.06069014731302636,-0.8828162337175963,-1.371758237960602,0.1177142948927768,-0.4814607612315388,-1.2219237915376149,0.9841231756854657,0
-0.8043672005990544,0.9009088760241706,-0.502969299721533,-0.2984532235641359,-0.23538436605243465,0.9048055324001227,-0.06069014731302636,-0.8828162337175963,1.5688402266692962,0.1177142948927768,-0.997471732522988,-3.3648632848674866,0.9841231756854657,0
-0.8043672005990544,0.9009088760241706,-0.502969299721533,-0.013274482566575417,-0.911310674287764,-1.177851894974348,0.6598410082777837,1.4316811360790147,-0.4654093961226198,0.3470565871811683,-0.7394662468772634,1.4170665104334308,-1.0161329645585022,0
-0.634918112038349,0.9009088760241706,1.5251962127575889,-0.012326939956106174,-0.06640278899360229,-1.177851894974348,1.6495816066168083,-0.8828162337175963,1.0351014642535956,1.2644257563347332,-0.7394662468772634,-0.07108591549009124,-1.0161329645585022,0
-0.8043672005990544,0.9009088760241706,-0.502969299721533,-0.016590881703217777,-0.23538436605243465,-1.177851894974348,-0.3615712892080899,1.4316811360790147,-0.34120603631519225,-0.570312581972397,-0.7394662468772634,0.3654387961141419,-1.0161329645585022,0
-0.9738162891597597,0.9009088760241706,-0.502969299721533,-0.07440677331868288,-0.911310674287764,0.9048055324001227,-0.06069014731302636,0.853056793629862,0.6624913848313142,-0.2262991435398101,-0.7394662468772634,-0.8449251769703227,0.9841231756854657,0
-0.8043672005990544,0.9009088760241706,-1.179024470547907,-0.0030883995040310334,-0.911310674287764,0.9048055324001227,-0.06069014731302636,0.2744324511807092,0.2865244578466693,-0.2262991435398101,-0.997471732522988,-1.8171847619070236,0.9841231756854657,0
-0.634918112038349,0.9009088760241706,-1.179024470547907,0.21863657134577233,0.10257878806523006,0.9048055324001227,-0.06069014731302636,-1.461440576166749,-1.6705176710108995,-0.45564143582820127,-0.7394662468772634,0.26622863438590705,-1.0161329645585022,0
-0.9738162891597597,0.9009088760241706,1.5251962127575889,-0.014032516654950814,-0.911310674287764,-1.177851894974348,-1.042512820865339,0.2744324511807092,-0.21700267650776528,-1.143668312693375,-0.7394662468772634,0.9606997664835506,0.9841231756854657,0
-0.46546902347764374,-1.1099901739376037,0.8491410419312149,-0.1276428756502133,-0.911310674287764,-1.177851894974348,-0.9474977234247925,-0.3041918912684436,0.6624913848313142,-1.0289971665491795,-0.7394662468772634,-0.15045404487267908,-1.0161329645585022,1
-1.143265377720465,0.9009088760241706,1.5251962127575889,-0.12423172225252402,-0.911310674287764,-1.177851894974348,2.4413740852880284,0.2744324511807092,-0.34120603631519225,2.411137217776689,-0.4814607612315388,-0.17029607721832604,-1.0161329645585022,1
-0.46546902347764374,-1.1099901739376037,-0.502969299721533,0.3049103260289971,-0.5733475201700994,0.9048055324001227,-0.06069014731302636,0.2744324511807092,-1.6705176710108995,-0.570312581972397,-0.7394662468772634,1.0003838311748445,-1.0161329645585022,0
-0.9738162891597597,-1.1099901739376037,0.8491410419312149,-0.04686486810771016,-0.911310674287764,0.9048055324001227,-0.05673118491967026,-0.8828162337175963,-1.6839450612603513,-0.2262991435398101,-0.4814607612315388,-1.12271362980938,-1.0161329645585022,0
-0.634918112038349,-1.1099901739376037,-0.502969299721533,-0.015611754339066223,-0.911310674287764,0.21058638994196582,0.38271364074285674,1.4316811360790147,-1.623521805137819,0.1177142948927768,-0.4814607612315388,-2.4322877646220795,0.9841231756854657,0
-1.143265377720465,0.9009088760241706,1.5251962127575889,-1.002777438302767,-0.911310674287764,0.9048055324001227,-0.052772222526314166,-1.461440576166749,0.5114332445249834,4.819231286804798,-0.7394662468772634,1.4765926074703717,-1.0161329645585022,1
-0.46546902347764374,0.9009088760241706,-1.179024470547907,-0.016464542688488543,-0.06640278899360229,0.21058638994196582,0.38271364074285674,1.4316811360790147,0.5382880250238866,0.1177142948927768,-0.4814607612315388,-2.5513399586959613,0.9841231756854657,0
-0.8043672005990544,-1.1099901739376037,1.5251962127575889,-0.7891223720187933,-0.7423290972289317,0.9048055324001227,-0.052772222526314166,1.4316811360790147,-1.4993184453303918,1.952452633199907,-0.7394662468772634,0.3455967637684949,-1.0161329645585022,1
-0.9738162891597597,-1.1099901739376037,-0.502969299721533,-0.7908595334713202,-0.911310674287764,0.9048055324001227,-0.052772222526314166,-0.3041918912684436,-0.6936750303632967,1.952452633199907,-0.997471732522988,0.32575473142284794,-1.0161329645585022,1
-0.46546902347764374,-1.1099901739376037,-0.502969299721533,-0.7751145337606896,-0.5733475201700994,0.9048055324001227,-0.052772222526314166,-0.8828162337175963,-0.811164695045998,1.8377814870557112,-0.4814607612315388,0.9805417988291976,-1.0161329645585022,1
-0.46546902347764374,-1.1099901739376037,-0.502969299721533,-0.7704241978388668,-0.23538436605243465,0.9048055324001227,-0.052772222526314166,1.4316811360790147,-0.0860856215756121,1.8377814870557112,-0.7394662468772634,0.7622794430270811,-1.0161329645585022,1
-0.46546902347764374,0.9009088760241706,-1.179024470547907,-0.7600801910079109,-0.404365943111267,0.9048055324001227,-0.052772222526314166,0.2744324511807092,-1.4993184453303918,1.7231103409115156,-0.7394662468772634,-1.7378166325244357,-1.0161329645585022,1
-1.143265377720465,0.9009088760241706,1.5251962127575889,-0.012153223810853478,-0.911310674287764,0.21058638994196582,-0.7257958293968509,0.2744324511807092,-1.7510820125076092,-0.9143260204049839,-0.4814607612315388,0.8813316371009629,0.9841231756854657,0
-0.9738162891597597,-1.1099901739376037,0.8491410419312149,-0.014332571814932742,-0.7423290972289317,-1.177851894974348,0.06599664927436881,-0.8828162337175963,0.7866947446387411,-0.11162799739561437,-0.4814607612315388,-0.17029607721832604,-1.0161329645585022,0
-0.634918112038349,-1.1099901739376037,-0.502969299721533,-0.01575388573063661,-0.23538436605243465,-1.177851894974348,-1.2008713165995828,0.2744324511807092,-0.4654093961226198,-1.2583394588375707,-0.7394662468772634,0.5241750548793175,0.9841231756854657,0
-0.8043672005990544,0.9009088760241706,-1.179024470547907,-0.012090054303488862,-0.911310674287764,-1.177851894974348,-0.09236184645987515,-0.8828162337175963,-1.0495008719737637,-0.34097028968400567,-0.7394662468772634,0.3654387961141419,-1.0161329645585022,0
-0.9738162891597597,-1.1099901739376037,-0.502969299721533,-0.7332015656242666,-0.911310674287764,0.9048055324001227,-0.052772222526314166,-1.461440576166749,0.7061304031420315,1.6084391947673204,-0.4814607612315388,0.5241750548793175,-1.0161329645585022,1
-1.143265377720465,-1.1099901739376037,0.8491410419312149,-0.007383926004824944,-0.5733475201700994,-1.177851894974348,-0.18737694390042153,1.4316811360790147,0.2865244578466693,-0.34097028968400567,-0.4814607612315388,-0.7457150152420878,0.9841231756854657,0
-0.634918112038349,0.9009088760241706,1.5251962127575889,-0.01741208529895779,-0.7423290972289317,0.21058638994196582,-0.963333572998217,-0.8828162337175963,-1.4254677989584081,-1.143668312693375,-0.4814607612315388,1.8139071573463699,-1.0161329645585022,0
-0.8043672005990544,0.9009088760241706,-0.502969299721533,-0.014111478539156584,-0.404365943111267,-1.177851894974348,-0.527847709729046,1.4316811360790147,-1.4254677989584081,-0.6849837281165926,-0.997471732522988,-0.8846092416616166,0.9841231756854657,0
-0.634918112038349,-1.1099901739376037,-0.502969299721533,-0.7243262498395381,-0.5733475201700994,0.9048055324001227,-0.052772222526314166,0.2744324511807092,0.6255660616453219,1.4937680486231246,-0.7394662468772634,0.305912699077201,-1.0161329645585022,1
-0.8043672005990544,0.9009088760241706,0.8491410419312149,-0.007257586990095712,-0.7423290972289317,0.21058638994196582,0.06599664927436881,0.2744324511807092,0.9981761410676039,-0.11162799739561437,-0.4814607612315388,0.821805540064022,0.9841231756854657,0
-0.46546902347764374,0.9009088760241706,1.5251962127575889,-0.010447647112008837,0.2715603651240624,-1.177851894974348,0.06599664927436881,0.2744324511807092,-0.0860856215756121,-0.11162799739561437,-0.4814607612315388,0.06780831092943747,0.9841231756854657,0
-0.46546902347764374,0.9009088760241706,0.8491410419312149,-0.012374317086629635,-0.7423290972289317,-1.177851894974348,-0.4090788379283631,1.4316811360790147,1.2465828606824585,-0.570312581972397,-0.7394662468772634,-2.9084965409176062,0.9841231756854657,0
-0.46546902347764374,0.9009088760241706,-1.179024470547907,-0.01676459784847047,-0.911310674287764,-1.177851894974348,0.8577891279455886,0.853056793629862,0.03811773823181484,0.5763988794695595,-0.4814607612315388,-0.9044512740072636,-1.0161329645585022,0
-0.8043672005990544,-1.1099901739376037,-1.179024470547907,-0.7020589984935108,-0.7423290972289317,0.9048055324001227,-0.052772222526314166,1.4316811360790147,1.1223795008750308,1.379096902478929,-0.7394662468772634,-1.162397694500674,-1.0161329645585022,1
-0.634918112038349,-1.1099901739376037,0.8491410419312149,-0.016069733267459693,-0.23538436605243465,-1.177851894974348,-0.4090788379283631,-1.461440576166749,0.8739727812601764,-0.570312581972397,-0.7394662468772634,0.2463866020402601,-1.0161329645585022,0
-0.634918112038349,0.9009088760241706,-0.502969299721533,-0.6983319975589984,-0.911310674287764,0.9048055324001227,-0.052772222526314166,-1.461440576166749,0.860545391010725,1.379096902478929,-0.7394662468772634,-0.4282424977117365,-1.0161329645585022,1
-0.9738162891597597,0.9009088760241706,-1.179024470547907,-0.013906177640221581,-0.7423290972289317,-1.177851894974348,0.5410721364771007,-1.461440576166749,-0.21028898138303903,0.23238544103697253,-0.997471732522988,-0.46792656240303043,0.9841231756854657,0
-0.9738162891597597,-1.1099901739376037,0.8491410419312149,-0.014222025177044663,-0.911310674287764,-1.177851894974348,0.5410721364771007,0.853056793629862,1.1223795008750308,0.23238544103697253,-0.4814607612315388,-0.8250831446246757,0.9841231756854657,0
-0.9738162891597597,0.9009088760241706,-0.502969299721533,-0.6609830263296691,-0.7423290972289317,0.9048055324001227,-0.052772222526314166,0.2744324511807092,1.0418151593783211,1.1497546101905376,-0.4814607612315388,-1.4600281796853785,-1.0161329645585022,1
-0.9738162891597597,-1.1099901739376037,-0.502969299721533,-0.6245658053339678,-0.911310674287764,0.9048055324001227,-0.052772222526314166,0.2744324511807092,1.159304824061023,1.035083464046342,-0.4814607612315388,0.5837011519162584,-1.0161329645585022,1
-0.8043672005990544,-1.1099901739376037,0.8491410419312149,-0.5509259521236662,-0.5733475201700994,0.9048055324001227,-0.052772222526314166,0.853056793629862,1.7836784706605218,0.8057411717579506,-0.4814607612315388,0.4448069254967297,0.9841231756854657,0
-0.634918112038349,0.9009088760241706,-1.179024470547907,-0.013779838625492348,-0.404365943111267,-1.177851894974348,0.22435514500861276,0.853056793629862,0.16232109803924238,0.003043148748581378,-0.997471732522988,-0.051243883144444294,-1.0161329645585022,0
-1.143265377720465,0.9009088760241706,0.8491410419312149,-0.5061703561558356,-0.911310674287764,0.9048055324001227,-0.052772222526314166,0.853056793629862,-0.3680608168140954,0.5763988794695595,-0.4814607612315388,-1.5393963090679663,0.9841231756854657,0
-0.8043672005990544,0.9009088760241706,1.5251962127575889,-0.021565480408181313,-0.7423290972289317,-1.177851894974348,0.7627740305050422,1.4316811360790147,-1.173704231781191,0.4617277333253637,-0.7394662468772634,0.4249648931510827,0.9841231756854657,0
-0.8043672005990544,0.9009088760241706,-0.502969299721533,-0.015232737294878524,-0.911310674287764,-1.177851894974348,-0.646616581529729,-0.8828162337175963,-1.0495008719737637,-0.7996548742607882,-0.7394662468772634,1.5162766721616654,-1.0161329645585022,0
-0.8043672005990544,-1.1099901739376037,-1.179024470547907,-0.4944208277860169,-0.7423290972289317,0.9048055324001227,-0.052772222526314166,-0.8828162337175963,1.6997572816014495,0.5763988794695595,-0.997471732522988,-0.46792656240303043,0.9841231756854657,0
-0.2960199349169384,0.9009088760241706,0.8491410419312149,-0.015264322048560833,0.10257878806523006,-1.177851894974348,0.21643722022190057,-0.3041918912684436,-1.0495008719737637,0.003043148748581378,-0.997471732522988,0.286070666731554,-1.0161329645585022,0
-0.9738162891597597,0.9009088760241706,-0.502969299721533,-0.011395189722478083,-0.911310674287764,-1.177851894974348,-0.9158260242779438,0.2744324511807092,0.03811773823181484,-1.0289971665491795,-0.4814607612315388,-0.03140185079879733,0.9841231756854657,0
-0.2960199349169384,-1.1099901739376037,-0.502969299721533,-0.011632075375095393,0.10257878806523006,-1.177851894974348,1.9662985980852963,1.4316811360790147,2.0757242085860943,1.6084391947673204,-0.997471732522988,-0.40840046536608954,0.9841231756854657,0
-0.9738162891597597,0.9009088760241706,-0.502969299721533,0.020031640191418548,-0.911310674287764,0.9048055324001227,-0.044854297739601964,-1.461440576166749,0.001192415045823164,-0.34097028968400567,-0.7394662468772634,-0.20998014190961997,0.9841231756854657,0
-0.2960199349169384,-1.1099901739376037,0.8491410419312149,-0.13250692771728875,-0.404365943111267,-1.177851894974348,0.034324950127520015,-0.8828162337175963,0.16232109803924238,0.003043148748581378,-0.4814607612315388,-0.9838194033898514,-1.0161329645585022,1
-0.46546902347764374,0.9009088760241706,1.5251962127575889,-0.017285746284228555,-0.7423290972289317,-1.177851894974348,0.8577891279455886,0.2744324511807092,0.2865244578466693,0.5763988794695595,-0.7394662468772634,-1.7775006972157297,0.9841231756854657,0
-0.46546902347764374,0.9009088760241706,-1.179024470547907,-0.014695796482279287,-0.5733475201700994,0.21058638994196582,-0.13986939518014835,1.4316811360790147,-1.0495008719737637,-0.34097028968400567,-0.7394662468772634,0.9805417988291976,0.9841231756854657,0
-0.9738162891597597,0.9009088760241706,-1.179024470547907,-0.014079893785474277,-0.911310674287764,-1.177851894974348,0.06599664927436881,-0.8828162337175963,-1.0495008719737637,-0.11162799739561437,-0.997471732522988,-0.17029607721832604,0.9841231756854657,0
-0.8043672005990544,-1.1099901739376037,0.8491410419312149,0.08767039020208149,-0.911310674287764,0.9048055324001227,-0.04089533534624586,0.2744324511807092,-0.03237606057780569,-0.34097028968400567,-0.7394662468772634,-0.09092794783573821,0.9841231756854657,0
-0.8043672005990544,-1.1099901739376037,-0.502969299721533,-0.014000931901268505,-0.911310674287764,-1.177851894974348,-0.4090788379283631,0.2744324511807092,-1.2979075915886182,-0.570312581972397,-0.7394662468772634,-0.32903233598350173,0.9841231756854657,0
-0.9738162891597597,0.9009088760241706,-1.179024470547907,-0.3031909366164821,-0.911310674287764,0.9048055324001227,-0.03693637295288977,-0.8828162337175963,-1.1804179269059165,0.1177142948927768,-0.7394662468772634,0.8614896047553159,0.9841231756854657,0
-0.634918112038349,0.9009088760241706,-0.502969299721533,-0.019449301911466665,-0.911310674287764,-1.177851894974348,-0.2507203421941191,1.4316811360790147,-1.173704231781191,-0.45564143582820127,-0.4814607612315388,1.258330251668255,-1.0161329645585022,0
-0.9738162891597597,0.9009088760241706,0.8491410419312149,-0.6810551372947758,-0.911310674287764,0.9048055324001227,-0.03297741055953367,0.853056793629862,0.23617174441122635,1.2644257563347332,-0.997471732522988,-1.8171847619070236,-1.0161329645585022,1
-0.9738162891597597,-1.1099901739376037,0.8491410419312149,-0.01636978842744162,-0.5733475201700994,-1.177851894974348,-0.23488449262069472,-1.461440576166749,0.7061304031420315,-0.45564143582820127,-0.4814607612315388,0.4448069254967297,-1.0161329645585022,0
-0.9738162891597597,0.9009088760241706,-1.179024470547907,-0.010937210794084613,-0.7423290972289317,-1.177851894974348,-0.5674373336626071,1.4316811360790147,0.001192415045823164,-0.6849837281165926,-0.997471732522988,-0.15045404487267908,-1.0161329645585022,0
-0.46546902347764374,0.9009088760241706,1.5251962127575889,-0.12465811642723518,-0.404365943111267,-1.177851894974348,1.6495816066168083,-0.8828162337175963,0.11868207972852446,1.6084391947673204,-0.997471732522988,-0.09092794783573821,-1.0161329645585022,1
-0.2960199349169384,0.9009088760241706,-1.179024470547907,-0.12699538819972597,0.10257878806523006,-1.177851894974348,1.6495816066168083,-0.3041918912684436,0.830333762949459,1.6084391947673204,-0.7394662468772634,1.1392780575943733,-1.0161329645585022,1
-0.634918112038349,-1.1099901739376037,0.8491410419312149,-0.014853720250690827,-0.911310674287764,-1.177851894974348,-1.121692068732461,0.853056793629862,-1.5496711587658354,-1.2583394588375707,-0.7394662468772634,0.801963507718375,0.9841231756854657,0
-0.2960199349169384,0.9009088760241706,0.8491410419312149,-0.3855008047125772,-0.404365943111267,0.9048055324001227,-0.02901844816617757,-0.8828162337175963,-0.3680608168140954,0.3470565871811683,-0.997471732522988,-0.36871640067479566,0.9841231756854657,0
-0.8043672005990544,0.9009088760241706,-1.179024470547907,-0.41454298572345954,-0.911310674287764,0.9048055324001227,-0.02901844816617757,1.4316811360790147,1.7836784706605218,0.4617277333253637,-0.7394662468772634,0.5043330225336705,-1.0161329645585022,1
-0.2960199349169384,-1.1099901739376037,1.5251962127575889,-0.010289723343597295,-0.5733475201700994,-1.177851894974348,-0.5674373336626071,-0.8828162337175963,0.11868207972852446,-0.6849837281165926,-0.4814607612315388,0.10749237562073138,0.9841231756854657,0
-0.634918112038349,-1.1099901739376037,-1.179024470547907,-0.01548541532433699,-0.5733475201700994,0.21058638994196582,-0.5674373336626071,0.853056793629862,0.11868207972852446,-0.6849837281165926,-0.997471732522988,1.1591200899400202,0.9841231756854657,0
-0.634918112038349,-1.1099901739376037,-0.502969299721533,-0.00771556591848918,-0.911310674287764,-1.177851894974348,-1.042512820865339,-1.461440576166749,0.5785701957722418,-1.143668312693375,-0.7394662468772634,0.5837011519162584,0.9841231756854657,0
-0.8043672005990544,0.9009088760241706,-1.179024470547907,-0.2863246781501295,-0.7423290972289317,0.9048055324001227,-0.02901844816617757,-0.8828162337175963,-0.34120603631519225,0.1177142948927768,-0.4814607612315388,0.8614896047553159,-1.0161329645585022,0
-0.9738162891597597,-1.1099901739376037,0.8491410419312149,-0.4037725847177925,-0.911310674287764,0.9048055324001227,-0.02505948577282147,0.2744324511807092,0.8336906105118219,0.3470565871811683,-0.997471732522988,0.26622863438590705,0.9841231756854657,0
-0.8043672005990544,-1.1099901739376037,-1.179024470547907,-0.014964266888578905,-0.404365943111267,-1.177851894974348,-0.8208109268373974,-1.461440576166749,0.11868207972852446,-0.9143260204049839,-0.4814607612315388,-0.5472946917856183,0.9841231756854657,0
-0.634918112038349,0.9009088760241706,-0.502969299721533,-0.768592282125293,-0.911310674287764,0.9048055324001227,-0.021100523379465372,0.2744324511807092,-1.4724636648314886,1.8377814870557112,-0.4814607612315388,0.286070666731554,-1.0161329645585022,1
-0.8043672005990544,0.9009088760241706,-1.179024470547907,-0.01738050054527548,-0.5733475201700994,-1.177851894974348,-0.2507203421941191,0.853056793629862,-1.2979075915886182,-0.45564143582820127,-0.4814607612315388,0.20670253734896618,0.9841231756854657,0
-1.143265377720465,-1.1099901739376037,-0.502969299721533,-0.7503836716274424,-0.911310674287764,0.9048055324001227,-0.021100523379465372,-1.461440576166749,1.934736610966852,1.7231103409115156,-0.997471732522988,-1.6981325678331418,-1.0161329645585022,1
-0.634918112038349,0.9009088760241706,0.8491410419312149,-0.013542952972875038,-0.911310674287764,-1.177851894974348,-0.17154109432699713,-0.8828162337175963,-1.173704231781191,-0.34097028968400567,-0.997471732522988,-0.7853990799333818,0.9841231756854657,0
-0.634918112038349,0.9009088760241706,-0.502969299721533,-0.6083312419412613,-0.404365943111267,0.9048055324001227,-0.021100523379465372,0.853056793629862,-1.1233515183457474,1.035083464046342,-0.997471732522988,0.3654387961141419,-1.0161329645585022,1
-0.634918112038349,-1.1099901739376037,-0.502969299721533,-0.014048309031791969,-0.5733475201700994,-1.177851894974348,0.6994306322113446,1.4316811360790147,1.4446368668618692,0.4617277333253637,-0.4814607612315388,-1.9560789883265524,0.9841231756854657,0
-0.2960199349169384,-1.1099901739376037,-0.502969299721533,-0.5959500184977965,0.4405419421828948,0.9048055324001227,-0.021100523379465372,0.2744324511807092,1.5486991412951188,0.9204123179021463,-0.7394662468772634,-1.9560789883265524,-1.0161329645585022,1
-0.46546902347764374,0.9009088760241706,-0.502969299721533,-0.8835765779057358,-0.06640278899360229,0.9048055324001227,-0.013182598592753173,1.4316811360790147,-1.0495008719737637,2.984492948497668,-0.4814607612315388,-0.9639773710442044,-1.0161329645585022,1
-0.2960199349169384,-1.1099901739376037,0.8491410419312149,-0.010321308097279604,-0.7423290972289317,0.21058638994196582,-0.4090788379283631,0.2744324511807092,0.9780350556934264,-0.570312581972397,-0.7394662468772634,0.5241750548793175,-1.0161329645585022,0
-0.9738162891597597,-1.1099901739376037,-0.502969299721533,-0.010273930966756143,-0.5733475201700994,0.21058638994196582,-1.042512820865339,0.2744324511807092,0.9780350556934264,-1.143668312693375,-0.4814607612315388,0.20670253734896618,0.9841231756854657,0
-1.143265377720465,0.9009088760241706,-0.502969299721533,-0.8614830427049613,-0.911310674287764,0.9048055324001227,-0.013182598592753173,1.4316811360790147,-0.707102420612748,2.640479510065081,-0.4814607612315388,-0.20998014190961997,-1.0161329645585022,1
-0.8043672005990544,0.9009088760241706,-0.502969299721533,-0.01853334405467973,-0.404365943111267,-1.177851894974348,-0.5674373336626071,-0.8828162337175963,0.15896425047687956,-0.6849837281165926,-0.4814607612315388,0.5043330225336705,0.9841231756854657,0
-0.8043672005990544,-1.1099901739376037,0.8491410419312149,-0.016432957934806234,-0.5733475201700994,-1.177851894974348,-0.3298995900612411,-0.8828162337175963,-0.811164695045998,-0.45564143582820127,-0.7394662468772634,0.38528082845978884,0.9841231756854657,0
-0.634918112038349,0.9009088760241706,-0.502969299721533,-0.8063992322830159,-0.404365943111267,0.9048055324001227,-0.013182598592753173,-1.461440576166749,2.6967410076232294,2.1817949254882985,-0.4814607612315388,0.5043330225336705,-1.0161329645585022,1
-0.9738162891597597,0.9009088760241706,-1.179024470547907,-0.7400712495501687,-0.404365943111267,0.9048055324001227,-0.013182598592753173,-1.461440576166749,1.451350561986595,1.7231103409115156,-0.7394662468772634,0.46464895784237664,-1.0161329645585022,1
-0.634918112038349,0.9009088760241706,0.8491410419312149,-0.7125451367160371,-0.5733475201700994,0.9048055324001227,-0.013182598592753173,0.2744324511807092,-1.6839450612603513,1.4937680486231246,-0.7394662468772634,-0.7853990799333818,-1.0161329645585022,1
-0.2960199349169384,0.9009088760241706,-1.179024470547907,-0.7161931757663438,-0.5733475201700994,0.9048055324001227,-0.013182598592753173,0.2744324511807092,-0.6936750303632967,1.4937680486231246,-0.4814607612315388,-2.5513399586959613,-1.0161329645585022,1
-0.634918112038349,0.9009088760241706,0.8491410419312149,-0.6784809798696678,-0.911310674287764,0.9048055324001227,-0.013182598592753173,1.4316811360790147,0.9780350556934264,1.379096902478929,-0.997471732522988,0.9408577341379036,-1.0161329645585022,1
-0.9738162891597597,0.9009088760241706,-1.179024470547907,-0.6480964468272873,-0.911310674287764,0.9048055324001227,-0.013182598592753173,0.853056793629862,0.860545391010725,1.1497546101905376,-0.7394662468772634,1.5559607368529593,-1.0161329645585022,0
-0.8043672005990544,0.9009088760241706,-1.179024470547907,-0.014490495583344283,-0.7423290972289317,-1.177851894974348,1.6495816066168083,-0.8828162337175963,0.3939435798422821,1.2644257563347332,-0.4814607612315388,0.4448069254967297,-1.0161329645585022,0
-0.634918112038349,-1.1099901739376037,0.8491410419312149,-0.5397133645664468,-0.7423290972289317,0.9048055324001227,-0.013182598592753173,0.2744324511807092,-0.005521280078902488,0.8057411717579506,-0.997471732522988,-1.0235034680811452,-1.0161329645585022,0
-0.634918112038349,-1.1099901739376037,0.8491410419312149,-0.017064653008452398,-0.23538436605243465,-1.177851894974348,0.06599664927436881,0.2744324511807092,-0.811164695045998,-0.11162799739561437,-0.7394662468772634,-1.0830295651180861,0.9841231756854657,0
-0.8043672005990544,0.9009088760241706,-0.502969299721533,-0.5982399131397639,-0.7423290972289317,0.9048055324001227,-0.013182598592753173,1.4316811360790147,0.001192415045823164,1.035083464046342,-0.7394662468772634,1.0400678958661385,-1.0161329645585022,1
-0.634918112038349,-1.1099901739376037,-0.502969299721533,-0.12917473620380523,-0.5733475201700994,0.21058638994196582,0.38271364074285674,0.2744324511807092,2.2603508245160526,0.3470565871811683,-0.997471732522988,0.4448069254967297,-1.0161329645585022,1
-0.9738162891597597,-1.1099901739376037,-0.502969299721533,-0.12590571419768634,-0.911310674287764,-0.4836327525161911,0.38271364074285674,0.2744324511807092,0.001192415045823164,0.3470565871811683,-0.7394662468772634,-2.0552891500547874,-1.0161329645585022,1
-0.9738162891597597,0.9009088760241706,0.8491410419312149,-0.012579617985564638,-0.911310674287764,-1.177851894974348,1.1745061194140765,1.4316811360790147,-0.6936750303632967,0.8057411717579506,-0.997471732522988,-2.0156050853634935,0.9841231756854657,0
-0.8043672005990544,0.9009088760241706,-1.179024470547907,-0.46736848625711996,-0.911310674287764,0.9048055324001227,-0.013182598592753173,-0.8828162337175963,-1.0495008719737637,0.5763988794695595,-0.997471732522988,0.18686050500331922,0.9841231756854657,0
-0.8043672005990544,0.9009088760241706,1.5251962127575889,-0.411005493311041,-0.5733475201700994,0.9048055324001227,-0.013182598592753173,-0.8828162337175963,0.0851136041048956,0.4617277333253637,-0.997471732522988,0.6829113136444932,0.9841231756854657,0
-0.46546902347764374,0.9009088760241706,-0.502969299721533,-0.3760095862310436,-0.23538436605243465,0.9048055324001227,-0.013182598592753173,0.2744324511807092,0.001192415045823164,0.3470565871811683,-0.7394662468772634,0.22654456969461315,0.9841231756854657,0
-0.46546902347764374,0.9009088760241706,-0.502969299721533,-0.36324934574339107,-0.5733475201700994,0.9048055324001227,-0.013182598592753173,-0.8828162337175963,-1.4254677989584081,0.3470565871811683,-0.7394662468772634,0.5440170872249644,0.9841231756854657,0
-0.8043672005990544,0.9009088760241706,-1.179024470547907,-0.4801445191216136,-0.7423290972289317,0.9048055324001227,-0.013182598592753173,-0.3041918912684436,1.253296555807184,0.5763988794695595,-0.4814607612315388,0.14717644031202531,-1.0161329645585022,1
-0.2960199349169384,0.9009088760241706,-0.502969299721533,-0.35896961161943836,0.10257878806523006,0.9048055324001227,-0.013182598592753173,0.853056793629862,0.6255660616453219,0.3470565871811683,-0.4814607612315388,-0.8250831446246757,0.9841231756854657,0
-0.46546902347764374,0.9009088760241706,1.5251962127575889,-0.013463991088669268,-0.23538436605243465,-1.177851894974348,0.8577891279455886,-0.3041918912684436,0.15896425047687956,0.5763988794695595,-0.4814607612315388,-0.5274526594399713,0.9841231756854657,0
-0.9738162891597597,0.9009088760241706,0.8491410419312149,-0.018264873648380107,-0.911310674287764,0.21058638994196582,-0.7257958293968509,1.4316811360790147,1.4647779522360462,-0.9143260204049839,-0.4814607612315388,-0.5869787564769122,0.9841231756854657,0
-0.9738162891597597,0.9009088760241706,-0.502969299721533,-0.12720068909866097,-0.911310674287764,-0.4836327525161911,0.8577891279455886,-1.461440576166749,0.001192415045823164,0.8057411717579506,-0.997471732522988,0.7027533459901402,-1.0161329645585022,1
-0.634918112038349,0.9009088760241706,0.8491410419312149,-0.32277348389951316,-0.5733475201700994,0.9048055324001227,-0.013182598592753173,0.2744324511807092,0.5785701957722418,0.23238544103697253,-0.4814607612315388,-0.011559818453150373,0.9841231756854657,0
-0.634918112038349,0.9009088760241706,0.8491410419312149,-0.12817981646281254,-0.911310674287764,-1.177851894974348,-0.4407505370752119,-1.461440576166749,0.5114332445249834,-0.570312581972397,-0.4814607612315388,-0.24966420660091387,-1.0161329645585022,1
-0.9738162891597597,0.9009088760241706,0.8491410419312149,-0.012911257899228874,-0.911310674287764,-1.177851894974348,-1.2800505644667048,1.4316811360790147,-0.5661148229935064,-1.3730106049817663,-0.997471732522988,-2.5513399586959613,-1.0161329645585022,0
-0.9738162891597597,0.9009088760241706,1.5251962127575889,-0.30448591151745674,-0.911310674287764,0.9048055324001227,-0.013182598592753173,0.2744324511807092,-1.3482603050240614,0.23238544103697253,-0.997471732522988,-1.3211339532658497,0.9841231756854657,0
-0.634918112038349,-1.1099901739376037,0.8491410419312149,-0.24777548628087243,-0.7423290972289317,0.9048055324001227,-0.013182598592753173,-0.8828162337175963,1.2700807936189982,0.1177142948927768,-0.7394662468772634,-1.4203441149940845,0.9841231756854657,0
-0.2960199349169384,0.9009088760241706,-1.179024470547907,-0.01498005926542006,-0.911310674287764,-1.177851894974348,-0.052772222526314166,0.2744324511807092,0.001192415045823164,-0.2262991435398101,-0.997471732522988,-1.102871597463733,0.9841231756854657,0
-0.8043672005990544,0.9009088760241706,-1.179024470547907,-0.22476599322331092,-0.7423290972289317,0.9048055324001227,-0.013182598592753173,0.2744324511807092,1.223084927745918,0.003043148748581378,-0.997471732522988,-0.5472946917856183,0.9841231756854657,0
-0.2960199349169384,-1.1099901739376037,1.5251962127575889,-0.21612756309119963,-0.404365943111267,0.9048055324001227,-0.013182598592753173,-0.8828162337175963,1.7736079279734327,0.003043148748581378,-0.997471732522988,-1.102871597463733,0.9841231756854657,0
-0.634918112038349,0.9009088760241706,-1.179024470547907,-0.20771022623486451,-0.5733475201700994,0.9048055324001227,-0.013182598592753173,1.4316811360790147,-0.46205254856025635,0.003043148748581378,-0.4814607612315388,0.18686050500331922,0.9841231756854657,0
-0.8043672005990544,0.9009088760241706,0.8491410419312149,-0.014269402307568126,-0.911310674287764,-1.177851894974348,0.8577891279455886,-0.8828162337175963,-0.018948670328354386,0.5763988794695595,-0.7394662468772634,0.821805540064022,-1.0161329645585022,0
-0.46546902347764374,0.9009088760241706,-1.179024470547907,-0.01807536512628626,0.10257878806523006,-1.177851894974348,-0.3298995900612411,0.853056793629862,0.8269769153870962,-0.45564143582820127,-0.4814607612315388,0.2463866020402601,-1.0161329645585022,0
-0.9738162891597597,0.9009088760241706,-1.179024470547907,-0.17869962997766445,-0.7423290972289317,0.9048055324001227,-0.013182598592753173,-1.461440576166749,-0.707102420612748,0.003043148748581378,-0.4814607612315388,-0.7853990799333818,0.9841231756854657,0
-0.9738162891597597,0.9009088760241706,0.8491410419312149,-0.12217871326317399,-0.911310674287764,-1.177851894974348,1.6099919826832474,-1.461440576166749,1.0418151593783211,1.4937680486231246,-0.7394662468772634,0.4844909901880236,-1.0161329645585022,1
-0.46546902347764374,0.9009088760241706,-1.179024470547907,-0.16676059308575197,-0.23538436605243465,0.9048055324001227,-0.013182598592753173,-0.8828162337175963,-1.623521805137819,0.003043148748581378,-0.4814607612315388,0.8813316371009629,0.9841231756854657,0
-0.46546902347764374,0.9009088760241706,-0.502969299721533,-0.16214921904813498,-0.7423290972289317,0.9048055324001227,-0.013182598592753173,-0.3041918912684436,0.5114332445249834,0.003043148748581378,-0.4814607612315388,-1.162397694500674,0.9841231756854657,0
-0.46546902347764374,0.9009088760241706,0.8491410419312149,-0.01556437720854276,-0.5733475201700994,-1.177851894974348,-1.2008713165995828,-1.461440576166749,-1.2207000976542715,-1.2583394588375707,-0.997471732522988,-0.4877685947486774,-1.0161329645585022,0
-0.9738162891597597,0.9009088760241706,1.5251962127575889,-0.013448198711828114,-0.911310674287764,-1.177851894974348,-0.09236184645987515,-0.8828162337175963,-0.46205254856025635,-0.34097028968400567,-0.7394662468772634,-0.46792656240303043,-1.0161329645585022,0
-0.46546902347764374,0.9009088760241706,-0.502969299721533,-0.0885725353451981,-0.5733475201700994,0.9048055324001227,-0.013182598592753173,1.4316811360790147,-1.173704231781191,-0.11162799739561437,-0.997471732522988,0.8416475724096689,0.9841231756854657,0
-0.46546902347764374,0.9009088760241706,-0.502969299721533,0.044304523396272374,-0.5733475201700994,0.9048055324001227,-0.013182598592753173,-1.461440576166749,-1.2979075915886182,-0.34097028968400567,-0.7394662468772634,0.5043330225336705,-1.0161329645585022,0
-0.2960199349169384,-1.1099901739376037,-1.179024470547907,-0.020223128376683216,-0.7423290972289317,-1.177851894974348,-0.7257958293968509,-0.8828162337175963,0.2965950005337584,-0.9143260204049839,-0.4814607612315388,0.6630692812988462,-1.0161329645585022,0
-0.8043672005990544,0.9009088760241706,1.5251962127575889,-0.013811423379174657,-0.404365943111267,-1.177851894974348,1.2695212168546228,1.4316811360790147,0.5752133482098789,0.9204123179021463,-0.7394662468772634,1.0400678958661385,-1.0161329645585022,0
-0.634918112038349,-1.1099901739376037,-1.179024470547907,-0.13099085954053796,-0.911310674287764,0.9048055324001227,-0.013182598592753173,0.2744324511807092,1.8407448792206904,-0.11162799739561437,-0.7394662468772634,0.305912699077201,-1.0161329645585022,1
-0.9738162891597597,0.9009088760241706,-1.179024470547907,0.06237100250255265,-0.7423290972289317,0.9048055324001227,-0.013182598592753173,-0.3041918912684436,1.451350561986595,-0.34097028968400567,-0.4814607612315388,0.06780831092943747,-1.0161329645585022,1
-0.2960199349169384,0.9009088760241706,-0.502969299721533,-0.015580169585383915,0.2715603651240624,-1.177851894974348,-0.5674373336626071,-0.8828162337175963,-0.6500360120525788,-0.6849837281165926,-0.7394662468772634,1.1194360252487263,0.9841231756854657,0
-0.634918112038349,-1.1099901739376037,0.8491410419312149,0.08617011440217186,-0.911310674287764,0.9048055324001227,-0.005264673806040975,0.853056793629862,-1.1804179269059165,-0.34097028968400567,-0.7394662468772634,-0.011559818453150373,0.9841231756854657,0
-0.9738162891597597,0.9009088760241706,-0.502969299721533,-0.013969347147586198,-0.911310674287764,-1.177851894974348,-0.3298995900612411,0.853056793629862,-0.3109944082539262,-0.570312581972397,-0.4814607612315388,0.16701847265767225,-1.0161329645585022,0
-0.8043672005990544,0.9009088760241706,1.5251962127575889,-0.009579066385745362,-0.911310674287764,-1.177851894974348,-0.7060010174300705,-0.8828162337175963,-0.0995130118250634,-0.9143260204049839,-0.4814607612315388,-0.6068207888225592,-1.0161329645585022,0
-0.46546902347764374,0.9009088760241706,-1.179024470547907,-0.01753842431368702,0.2715603651240624,0.21058638994196582,-0.4090788379283631,0.853056793629862,0.2193875065994116,-0.570312581972397,-0.4814607612315388,0.18686050500331922,-1.0161329645585022,0
-0.9738162891597597,-1.1099901739376037,0.8491410419312149,-0.4259450818027728,-0.911310674287764,0.9048055324001227,-0.0013057114126848765,-1.461440576166749,-1.4724636648314886,0.4617277333253637,-0.7394662468772634,-1.0631875327724392,0.9841231756854657,0
-0.9738162891597597,0.9009088760241706,-0.502969299721533,-0.8358835998454506,-0.911310674287764,0.9048055324001227,0.0026532509806712224,-0.8828162337175963,-1.1804179269059165,2.525808363920885,-0.997471732522988,-0.8647672093159696,-1.0161329645585022,1
-0.8043672005990544,-1.1099901739376037,0.8491410419312149,-0.830293098443682,-0.06640278899360229,0.9048055324001227,0.0026532509806712224,-0.8828162337175963,0.7229146409538463,2.411137217776689,-0.997471732522988,0.7622794430270811,-1.0161329645585022,1
-0.46546902347764374,-1.1099901739376037,-0.502969299721533,-0.7874010029431076,-0.404365943111267,0.9048055324001227,0.0026532509806712224,0.853056793629862,0.23617174441122635,2.0671237793441026,-0.4814607612315388,-0.9639773710442044,-1.0161329645585022,1
-1.143265377720465,0.9009088760241706,1.5251962127575889,-0.7924545635322768,-0.911310674287764,0.9048055324001227,0.0026532509806712224,-0.3041918912684436,1.0955247203761276,2.0671237793441026,-0.4814607612315388,0.7622794430270811,-1.0161329645585022,1
-0.8043672005990544,0.9009088760241706,0.8491410419312149,-0.7864692527094794,-0.5733475201700994,0.9048055324001227,0.0026532509806712224,0.853056793629862,-0.34120603631519225,2.0671237793441026,-0.4814607612315388,0.2463866020402601,-1.0161329645585022,1
-0.8043672005990544,-1.1099901739376037,-0.502969299721533,-0.013006012160275799,-0.404365943111267,-1.177851894974348,0.8577891279455886,-0.8828162337175963,1.1727322143104744,0.5763988794695595,-0.4814607612315388,-1.4203441149940845,-1.0161329645585022,0
-0.8043672005990544,-1.1099901739376037,-0.502969299721533,-0.01644875031164739,-0.911310674287764,-1.177851894974348,-0.8841543251310949,-0.8828162337175963,-1.0931398902844813,-1.0289971665491795,-0.997471732522988,0.5043330225336705,-1.0161329645585022,0
-0.8043672005990544,-1.1099901739376037,1.5251962127575889,-0.01347978346551042,-0.911310674287764,-1.177851894974348,0.5094004373302519,0.853056793629862,-0.8816584938556186,0.23238544103697253,-0.997471732522988,0.26622863438590705,0.9841231756854657,0
-0.8043672005990544,-1.1099901739376037,-1.179024470547907,-0.009421142617333822,-0.911310674287764,-1.177851894974348,-0.7257958293968509,0.853056793629862,-1.2005590122800942,-0.9143260204049839,-0.4814607612315388,0.06780831092943747,0.9841231756854657,0
-0.9738162891597597,-1.1099901739376037,-1.179024470547907,-0.010258138589914988,-0.404365943111267,-1.177851894974348,0.4618928886099787,1.4316811360790147,-1.6705176710108995,0.23238544103697253,-0.4814607612315388,-1.3806600503027906,0.9841231756854657,0
-0.9738162891597597,-1.1099901739376037,0.8491410419312149,-0.015627546715907378,-0.911310674287764,-1.177851894974348,-0.646616581529729,0.2744324511807092,-1.6705176710108995,-0.7996548742607882,-0.997471732522988,0.20670253734896618,-1.0161329645585022,0
-0.634918112038349,-1.1099901739376037,0.8491410419312149,-0.01970197994092513,-0.5733475201700994,-1.177851894974348,-0.9474977234247925,-0.3041918912684436,0.8336906105118219,-1.0289971665491795,-0.4814607612315388,-1.9362369559809054,0.9841231756854657,0
-1.143265377720465,0.9009088760241706,-0.502969299721533,-0.6954893697275907,-0.911310674287764,0.9048055324001227,0.0026532509806712224,-0.8828162337175963,-0.21364582894540246,1.4937680486231246,-0.7394662468772634,0.801963507718375,-1.0161329645585022,1
-0.9738162891597597,-1.1099901739376037,-0.502969299721533,-0.008899994181575737,-0.404365943111267,0.21058638994196582,-0.8841543251310949,1.4316811360790147,-0.005521280078902488,-1.0289971665491795,-0.7394662468772634,-0.17029607721832604,0.9841231756854657,0
-1.143265377720465,-1.1099901739376037,1.5251962127575889,-0.015927601875889305,-0.7423290972289317,-1.177851894974348,-0.7257958293968509,-1.461440576166749,-0.34120603631519225,-0.9143260204049839,-0.7394662468772634,0.0479662785837905,0.9841231756854657,0
-0.8043672005990544,-1.1099901739376037,-1.179024470547907,-0.6107316832211167,-0.7423290972289317,0.9048055324001227,0.0026532509806712224,1.4316811360790147,0.001192415045823164,1.035083464046342,-0.4814607612315388,0.2463866020402601,-1.0161329645585022,0
-0.2960199349169384,0.9009088760241706,1.5251962127575889,-0.5998823203312439,-0.5733475201700994,0.9048055324001227,0.0026532509806712224,0.2744324511807092,-0.37813135950118393,1.035083464046342,-0.997471732522988,-0.5869787564769122,-1.0161329645585022,0
-0.46546902347764374,0.9009088760241706,0.8491410419312149,-0.015517000078019299,-0.7423290972289317,-1.177851894974348,-0.804975077263973,0.2744324511807092,-1.371758237960602,-0.9143260204049839,-0.997471732522988,-0.13061201252703214,0.9841231756854657,0
-0.9738162891597597,-1.1099901739376037,-0.502969299721533,-0.01385880050969812,-0.911310674287764,-1.177851894974348,-0.4882580857954851,-0.8828162337175963,0.001192415045823164,-0.6849837281165926,-0.997471732522988,-2.23386744116561,0.9841231756854657,0
-0.9738162891597597,-1.1099901739376037,-0.502969299721533,-0.015074813526466984,-0.911310674287764,-1.177851894974348,-0.4882580857954851,0.2744324511807092,-0.5896127559300467,-0.6849837281165926,-0.4814607612315388,0.32575473142284794,-1.0161329645585022,0
-0.2960199349169384,0.9009088760241706,1.5251962127575889,-0.011047757431972692,-0.911310674287764,-1.177851894974348,1.6495816066168083,-0.3041918912684436,-0.21700267650776528,1.2644257563347332,-0.7394662468772634,-1.6981325678331418,0.9841231756854657,0
-0.46546902347764374,0.9009088760241706,0.8491410419312149,-0.6047937495288428,-0.404365943111267,0.9048055324001227,0.0026532509806712224,0.2744324511807092,-1.0495008719737637,1.035083464046342,-0.4814607612315388,-1.8568688265983175,0.9841231756854657,0
-0.8043672005990544,-1.1099901739376037,-1.179024470547907,-0.5894119744855587,-0.911310674287764,0.9048055324001227,0.0026532509806712224,-1.461440576166749,1.6829730437896346,1.035083464046342,-0.7394662468772634,0.22654456969461315,-1.0161329645585022,1
-0.9738162891597597,-1.1099901739376037,-0.502969299721533,-0.5841689053742956,-0.5733475201700994,0.9048055324001227,0.0026532509806712224,0.853056793629862,2.737023178371585,0.9204123179021463,-0.997471732522988,-0.13061201252703214,-1.0161329645585022,1
-0.46546902347764374,0.9009088760241706,0.8491410419312149,-0.5866009314078333,0.2715603651240624,0.9048055324001227,0.0026532509806712224,1.4316811360790147,-0.3680608168140954,0.9204123179021463,-0.997471732522988,1.3773824457421369,0.9841231756854657,0
-0.8043672005990544,-1.1099901739376037,-1.179024470547907,-0.01888077634518512,-0.7423290972289317,-1.177851894974348,0.8577891279455886,0.853056793629862,-1.0495008719737637,0.5763988794695595,-0.7394662468772634,-0.5274526594399713,0.9841231756854657,0
-0.9738162891597597,-1.1099901739376037,0.8491410419312149,-0.5875484740183026,-0.911310674287764,0.9048055324001227,0.0026532509806712224,-0.8828162337175963,0.3301634761573873,0.9204123179021463,-0.4814607612315388,0.22654456969461315,0.9841231756854657,0
-0.8043672005990544,-1.1099901739376037,0.8491410419312149,-0.5762095474463539,-0.5733475201700994,0.9048055324001227,0.0026532509806712224,1.4316811360790147,0.2965950005337584,0.9204123179021463,-0.997471732522988,-0.8052411122790287,-1.0161329645585022,0
-1.143265377720465,-1.1099901739376037,-0.502969299721533,-0.017980610865239336,-0.911310674287764,-1.177851894974348,-1.2800505644667048,0.2744324511807092,-1.0495008719737637,-1.3730106049817663,-0.4814607612315388,-0.8052411122790287,-1.0161329645585022,0
-0.634918112038349,0.9009088760241706,-1.179024470547907,-0.6832818624293786,-0.911310674287764,0.9048055324001227,0.0026532509806712224,0.2744324511807092,1.3103629643673533,1.379096902478929,-0.4814607612315388,-0.9639773710442044,-1.0161329645585022,1
-0.9738162891597597,0.9009088760241706,-1.179024470547907,-0.013969347147586198,-0.911310674287764,-1.177851894974348,0.5410721364771007,-0.8828162337175963,0.7464125738903866,0.23238544103697253,-0.997471732522988,-0.7853990799333818,0.9841231756854657,0
-0.2960199349169384,-1.1099901739376037,0.8491410419312149,-0.548130701422782,-0.404365943111267,0.9048055324001227,0.0026532509806712224,0.853056793629862,0.3234497810326616,0.8057411717579506,-0.4814607612315388,0.20670253734896618,0.9841231756854657,0
-0.46546902347764374,-1.1099901739376037,1.5251962127575889,-0.6623411707380084,-0.23538436605243465,0.9048055324001227,0.0026532509806712224,-1.461440576166749,1.934736610966852,1.2644257563347332,-0.7394662468772634,0.821805540064022,-1.0161329645585022,1
-0.8043672005990544,-1.1099901739376037,1.5251962127575889,-0.013463991088669268,-0.404365943111267,0.21058638994196582,-0.4090788379283631,1.4316811360790147,0.6255660616453219,-0.570312581972397,-0.997471732522988,0.782121475372728,-1.0161329645585022,0
-1.143265377720465,-1.1099901739376037,0.8491410419312149,-0.5292114339670794,-0.911310674287764,0.9048055324001227,0.0026532509806712224,-1.461440576166749,0.7061304031420315,0.8057411717579506,-0.4814607612315388,-0.5472946917856183,0.9841231756854657,0
-0.2960199349169384,-1.1099901739376037,-1.179024470547907,-0.016101318021141998,-0.06640278899360229,-1.177851894974348,-0.7257958293968509,-0.3041918912684436,0.19253272610050842,-0.9143260204049839,-0.7394662468772634,0.5241750548793175,0.9841231756854657,0
-0.8043672005990544,0.9009088760241706,0.8491410419312149,-0.6420795512508076,-0.911310674287764,0.9048055324001227,0.0026532509806712224,0.853056793629862,0.830333762949459,1.1497546101905376,-0.7394662468772634,-0.5869787564769122,-1.0161329645585022,1
-0.46546902347764374,0.9009088760241706,1.5251962127575889,-0.015264322048560833,-0.5733475201700994,-1.177851894974348,-0.7257958293968509,0.2744324511807092,0.8269769153870962,-0.9143260204049839,-0.7394662468772634,0.8614896047553159,0.9841231756854657,0
-0.634918112038349,-1.1099901739376037,-0.502969299721533,-0.4863825079738695,-0.5733475201700994,0.9048055324001227,0.0026532509806712224,1.4316811360790147,1.223084927745918,0.6910700256137552,-0.4814607612315388,1.35754041339649,-1.0161329645585022,0
-0.2960199349169384,-1.1099901739376037,-0.502969299721533,-0.4914360685630388,-0.404365943111267,0.9048055324001227,0.0026532509806712224,1.4316811360790147,1.0955247203761276,0.6910700256137552,-0.4814607612315388,-0.5869787564769122,0.9841231756854657,0
-0.46546902347764374,-1.1099901739376037,-0.502969299721533,-0.5981925360092404,-0.5733475201700994,0.9048055324001227,0.0026532509806712224,0.853056793629862,1.1861596045599256,1.035083464046342,-0.997471732522988,1.0400678958661385,-1.0161329645585022,1
-0.8043672005990544,-1.1099901739376037,-0.502969299721533,-0.010368685227803067,-0.911310674287764,-1.177851894974348,-0.09236184645987515,0.2744324511807092,1.2700807936189982,-0.34097028968400567,-0.4814607612315388,-0.7655570475877348,0.9841231756854657,0
-0.634918112038349,0.9009088760241706,0.8491410419312149,-0.014427326075979666,-0.5733475201700994,-1.177851894974348,1.3328646151483206,1.4316811360790147,-0.25392799969375696,1.035083464046342,-0.4814607612315388,1.238488219322608,0.9841231756854657,0
-0.9738162891597597,0.9009088760241706,-0.502969299721533,-0.4964896291522081,-0.911310674287764,0.9048055324001227,0.0026532509806712224,0.2744324511807092,1.2465828606824585,0.6910700256137552,-0.997471732522988,-0.9044512740072636,0.9841231756854657,0
-0.9738162891597597,0.9009088760241706,-1.179024470547907,-0.017159407269499324,-0.911310674287764,-1.177851894974348,-0.8841543251310949,-1.461440576166749,-1.2979075915886182,-1.0289971665491795,-0.4814607612315388,-0.17029607721832604,0.9841231756854657,0
-0.634918112038349,-1.1099901739376037,-1.179024470547907,-0.012453278970835405,-0.911310674287764,-1.177851894974348,-1.042512820865339,0.2744324511807092,0.0851136041048956,-1.143668312693375,-0.7394662468772634,0.8813316371009629,0.9841231756854657,0
-1.143265377720465,0.9009088760241706,-1.179024470547907,-0.008821032297369967,-0.7423290972289317,-1.177851894974348,1.0280245108599009,1.4316811360790147,0.001192415045823164,0.6910700256137552,-0.7394662468772634,-0.36871640067479566,-1.0161329645585022,0
-0.8043672005990544,-1.1099901739376037,-1.179024470547907,-0.008473600006864576,-0.7423290972289317,0.21058638994196582,1.3328646151483206,0.2744324511807092,-0.005521280078902488,1.035083464046342,-0.4814607612315388,-0.22982217425526694,-1.0161329645585022,0
-0.9738162891597597,0.9009088760241706,0.8491410419312149,-0.009863329168886137,-0.5733475201700994,-1.177851894974348,-0.4882580857954851,-0.8828162337175963,0.23617174441122635,-0.6849837281165926,-0.4814607612315388,-0.9838194033898514,-1.0161329645585022,0
-0.8043672005990544,0.9009088760241706,-0.502969299721533,-0.009405350240492667,-0.911310674287764,-1.177851894974348,1.6495816066168083,1.4316811360790147,1.357358830240434,1.2644257563347332,-0.4814607612315388,-1.0036614357354983,0.9841231756854657,0
-0.9738162891597597,-1.1099901739376037,-1.179024470547907,-0.5639862477713007,-0.911310674287764,0.9048055324001227,0.0026532509806712224,-0.8828162337175963,2.102578989084997,0.9204123179021463,-0.4814607612315388,-1.0631875327724392,-1.0161329645585022,1
-0.9738162891597597,0.9009088760241706,0.8491410419312149,-0.00022997929578214409,-0.911310674287764,-1.177851894974348,-0.2507203421941191,-0.8828162337175963,-1.371758237960602,-0.45564143582820127,-0.997471732522988,0.20670253734896618,0.9841231756854657,0
-0.46546902347764374,0.9009088760241706,0.8491410419312149,-0.009152672211034203,-0.23538436605243465,-1.177851894974348,-0.18737694390042153,-1.461440576166749,0.3301634761573873,-0.34097028968400567,-0.997471732522988,0.12733440796637835,0.9841231756854657,0
-1.143265377720465,0.9009088760241706,-1.179024470547907,-0.0016670855883271659,-0.911310674287764,-1.177851894974348,0.5806617604106616,1.4316811360790147,-0.21364582894540246,0.3470565871811683,-0.4814607612315388,-0.2893482712922078,-1.0161329645585022,0
-0.9738162891597597,0.9009088760241706,0.8491410419312149,-0.4442642389385115,-0.911310674287764,0.9048055324001227,0.0026532509806712224,-0.8828162337175963,0.0716862138554443,0.5763988794695595,-0.997471732522988,-1.3211339532658497,0.9841231756854657,0
-0.8043672005990544,0.9009088760241706,-0.502969299721533,-0.010937210794084613,-0.911310674287764,-1.177851894974348,1.1428344202672278,0.853056793629862,0.001192415045823164,0.8057411717579506,-0.997471732522988,0.7424374106814341,0.9841231756854657,0
-0.46546902347764374,-1.1099901739376037,-0.502969299721533,-0.5411188861053096,-0.911310674287764,0.9048055324001227,0.0026532509806712224,-0.3041918912684436,-1.6839450612603513,0.8057411717579506,-0.4814607612315388,0.028124246238143545,-1.0161329645585022,1
-0.9738162891597597,0.9009088760241706,-1.179024470547907,-0.5069599749978932,-0.911310674287764,0.9048055324001227,0.0026532509806712224,0.853056793629862,1.934736610966852,0.6910700256137552,-0.997471732522988,-1.5592383414136133,-1.0161329645585022,1
-0.9738162891597597,0.9009088760241706,0.8491410419312149,-0.3931758998573781,-0.5733475201700994,0.9048055324001227,0.0026532509806712224,-0.8828162337175963,0.5785701957722418,0.3470565871811683,-0.7394662468772634,-1.9957630530178463,0.9841231756854657,0
-0.634918112038349,-1.1099901739376037,-0.502969299721533,-0.003198946141919112,-0.911310674287764,0.21058638994196582,-0.7257958293968509,-0.8828162337175963,-0.08944246913797492,-0.9143260204049839,-0.997471732522988,1.3773824457421369,-1.0161329645585022,0
-1.143265377720465,0.9009088760241706,1.5251962127575889,-0.001319653297821776,-0.911310674287764,-1.177851894974348,-0.9474977234247925,-0.8828162337175963,1.6729025011025462,-1.0289971665491795,-0.7394662468772634,0.4249648931510827,-1.0161329645585022,0
-0.8043672005990544,-1.1099901739376037,-0.502969299721533,-0.3951025698319989,-0.911310674287764,0.9048055324001227,0.0026532509806712224,-0.8828162337175963,-0.25392799969375696,0.3470565871811683,-0.997471732522988,-0.7060309505507939,-1.0161329645585022,0
-1.143265377720465,0.9009088760241706,-1.179024470547907,-0.38878561909553727,-0.911310674287764,0.9048055324001227,0.0026532509806712224,0.2744324511807092,0.3939435798422821,0.3470565871811683,-0.7394662468772634,0.14717644031202531,0.9841231756854657,0
-0.46546902347764374,0.9009088760241706,1.5251962127575889,-0.11565646162777735,-0.404365943111267,-1.177851894974348,-0.5674373336626071,-0.8828162337175963,1.8273174889712391,-0.6849837281165926,-0.4814607612315388,1.317856348705196,-1.0161329645585022,1
-0.2960199349169384,0.9009088760241706,0.8491410419312149,-0.11848329708234392,0.4405419421828948,-1.177851894974348,1.8079401023510524,1.4316811360790147,1.8273174889712391,1.7231103409115156,-0.997471732522988,0.9011736694466097,-1.0161329645585022,1
-0.634918112038349,-1.1099901739376037,0.8491410419312149,-0.0061521206112149255,-0.911310674287764,-1.177851894974348,0.06599664927436881,1.4316811360790147,0.001192415045823164,-0.11162799739561437,-0.7394662468772634,0.3455967637684949,0.9841231756854657,0
-0.46546902347764374,-1.1099901739376037,-0.502969299721533,-0.0011775219062513892,-0.5733475201700994,-1.177851894974348,0.06599664927436881,0.2744324511807092,0.25966967734776614,-0.11162799739561437,-0.997471732522988,0.9210157017922567,0.9841231756854657,0
-0.46546902347764374,0.9009088760241706,0.8491410419312149,-0.0001036402810529114,-0.5733475201700994,-1.177851894974348,-1.2008713165995828,-0.8828162337175963,1.2029438423717405,-1.2583394588375707,-0.7394662468772634,-1.9362369559809054,0.9841231756854657,0
-0.9738162891597597,-1.1099901739376037,0.8491410419312149,-0.37798363333618784,-0.911310674287764,0.9048055324001227,0.0026532509806712224,-1.461440576166749,-0.005521280078902488,0.3470565871811683,-0.4814607612315388,-0.13061201252703214,-1.0161329645585022,0
-0.8043672005990544,0.9009088760241706,-1.179024470547907,0.0033706826240009874,-0.911310674287764,-1.177851894974348,-0.12403354560672394,-0.8828162337175963,-0.46205254856025635,-0.34097028968400567,-0.7394662468772634,0.40512286080543575,0.9841231756854657,0
-0.9738162891597597,0.9009088760241706,-1.179024470547907,0.003102212217701368,-0.911310674287764,-1.177851894974348,1.1428344202672278,0.2744324511807092,0.9780350556934264,0.8057411717579506,-0.997471732522988,1.754381060309429,0.9841231756854657,0
-0.2960199349169384,0.9009088760241706,-1.179024470547907,-0.3371129620712811,-0.23538436605243465,0.9048055324001227,0.0026532509806712224,-0.8828162337175963,0.5785701957722418,0.23238544103697253,-0.7394662468772634,0.4448069254967297,-1.0161329645585022,0
-0.634918112038349,0.9009088760241706,-0.502969299721533,-0.296621307850562,-0.911310674287764,0.9048055324001227,0.0026532509806712224,-0.3041918912684436,-1.173704231781191,0.23238544103697253,-0.7394662468772634,1.3773824457421369,-1.0161329645585022,0
-0.634918112038349,0.9009088760241706,1.5251962127575889,-0.11335077460896885,-0.23538436605243465,-1.177851894974348,-1.3156812260069097,-1.461440576166749,-0.005521280078902488,-1.3730106049817663,-0.4814607612315388,0.16701847265767225,-1.0161329645585022,1
-0.8043672005990544,0.9009088760241706,0.8491410419312149,-0.2967634392421324,-0.7423290972289317,0.9048055324001227,0.0026532509806712224,-0.8828162337175963,1.092167872813765,0.23238544103697253,-0.7394662468772634,-0.46792656240303043,0.9841231756854657,0
-0.634918112038349,0.9009088760241706,-1.179024470547907,-0.29343124772864887,-0.06640278899360229,0.9048055324001227,0.0026532509806712224,-0.3041918912684436,0.001192415045823164,0.23238544103697253,-0.997471732522988,0.46464895784237664,0.9841231756854657,0
-0.46546902347764374,0.9009088760241706,-1.179024470547907,-0.28133428706832486,-0.5733475201700994,0.9048055324001227,0.0026532509806712224,0.2744324511807092,0.001192415045823164,0.1177142948927768,-0.997471732522988,-1.3806600503027906,-1.0161329645585022,0
-0.634918112038349,0.9009088760241706,-1.179024470547907,0.0047604117860225465,-0.7423290972289317,-1.177851894974348,0.8577891279455886,0.853056793629862,2.431550050196561,0.5763988794695595,-0.4814607612315388,0.26622863438590705,0.9841231756854657,0
-0.634918112038349,-1.1099901739376037,-0.502969299721533,-0.3949288536867462,-0.23538436605243465,0.9048055324001227,0.0026532509806712224,-1.461440576166749,1.4446368668618692,0.3470565871811683,-0.7394662468772634,-0.2893482712922078,-1.0161329645585022,1
-0.2960199349169384,-1.1099901739376037,-1.179024470547907,0.007192437819560276,-0.23538436605243465,0.21058638994196582,1.3328646151483206,-0.3041918912684436,0.8336906105118219,0.9204123179021463,-0.7394662468772634,-0.7258729828964409,0.9841231756854657,0
-0.2960199349169384,-1.1099901739376037,1.5251962127575889,-0.11262432527427577,-0.7423290972289317,-1.177851894974348,-0.7257958293968509,0.2744324511807092,-1.0427871768490378,-0.7996548742607882,-0.997471732522988,1.0003838311748445,-1.0161329645585022,1
-0.2960199349169384,0.9009088760241706,-0.502969299721533,-0.24119006513811117,0.10257878806523006,0.9048055324001227,0.0026532509806712224,1.4316811360790147,0.23617174441122635,0.1177142948927768,-0.997471732522988,1.5956448015442533,0.9841231756854657,0
-1.143265377720465,0.9009088760241706,0.8491410419312149,-0.2434483750263962,-0.911310674287764,0.9048055324001227,0.0026532509806712224,0.853056793629862,0.001192415045823164,0.1177142948927768,-0.4814607612315388,0.5837011519162584,-1.0161329645585022,0
-0.9738162891597597,0.9009088760241706,1.5251962127575889,-0.2428008875759089,-0.7423290972289317,0.9048055324001227,0.0026532509806712224,1.4316811360790147,-1.1233515183457474,0.1177142948927768,-0.4814607612315388,0.12733440796637835,0.9841231756854657,0
-0.8043672005990544,-1.1099901739376037,-1.179024470547907,0.0043971871186760025,-0.911310674287764,-1.177851894974348,0.8577891279455886,1.4316811360790147,-1.6705176710108995,0.5763988794695595,-0.4814607612315388,-0.5076106270943244,0.9841231756854657,0
-0.9738162891597597,0.9009088760241706,0.8491410419312149,-0.0008458819925871534,-0.911310674287764,-1.177851894974348,-0.5674373336626071,-0.8828162337175963,-1.0427871768490378,-0.6849837281165926,-0.7394662468772634,0.3654387961141419,-1.0161329645585022,0
-0.9738162891597597,-1.1099901739376037,-1.179024470547907,-0.22348681069917745,-0.911310674287764,0.9048055324001227,0.0026532509806712224,0.853056793629862,-1.0427871768490378,0.1177142948927768,-0.4814607612315388,0.5837011519162584,0.9841231756854657,0
-0.9738162891597597,0.9009088760241706,0.8491410419312149,0.006939759790101811,-0.911310674287764,-1.177851894974348,-0.5674373336626071,-0.8828162337175963,-1.173704231781191,-0.7996548742607882,-0.997471732522988,-0.46792656240303043,-1.0161329645585022,0
-0.9738162891597597,-1.1099901739376037,-0.502969299721533,0.007397738718495279,-0.911310674287764,0.21058638994196582,-0.7257958293968509,-0.8828162337175963,-1.0427871768490378,-0.9143260204049839,-0.4814607612315388,-2.1743413441286688,0.9841231756854657,0
-0.9738162891597597,-1.1099901739376037,-0.502969299721533,-0.0007985048620636912,-0.7423290972289317,0.21058638994196582,-0.3298995900612411,-1.461440576166749,2.206641263518246,-0.570312581972397,-0.4814607612315388,0.06780831092943747,0.9841231756854657,0
-0.46546902347764374,0.9009088760241706,-1.179024470547907,-0.10842355303452877,0.10257878806523006,-1.177851894974348,-0.2507203421941191,-0.3041918912684436,1.0955247203761276,-0.34097028968400567,-0.7394662468772634,0.5837011519162584,-1.0161329645585022,1
-0.8043672005990544,-1.1099901739376037,-1.179024470547907,0.009055938286816457,-0.911310674287764,-1.177851894974348,-0.5674373336626071,1.4316811360790147,-1.4724636648314886,-0.7996548742607882,-0.997471732522988,0.08765034327508442,0.9841231756854657,0
-0.46546902347764374,0.9009088760241706,-1.179024470547907,-0.31794101658612,-0.7423290972289317,0.9048055324001227,0.0026532509806712224,-0.8828162337175963,-1.173704231781191,0.23238544103697253,-0.997471732522988,-0.9639773710442044,-1.0161329645585022,1
-0.9738162891597597,0.9009088760241706,-0.502969299721533,-0.2032409835888179,-0.911310674287764,0.9048055324001227,0.0026532509806712224,0.2744324511807092,-0.707102420612748,0.003043148748581378,-0.4814607612315388,0.9805417988291976,-1.0161329645585022,0
-0.8043672005990544,-1.1099901739376037,0.8491410419312149,-0.20453595848979253,-0.911310674287764,0.9048055324001227,0.0026532509806712224,1.4316811360790147,-1.1804179269059165,0.003043148748581378,-0.997471732522988,-0.051243883144444294,-1.0161329645585022,0
-0.2960199349169384,0.9009088760241706,-0.502969299721533,-0.20393584816982868,-0.404365943111267,0.9048055324001227,0.0026532509806712224,1.4316811360790147,-1.1233515183457474,0.003043148748581378,-0.997471732522988,1.0400678958661385,-1.0161329645585022,0
-0.9738162891597597,-1.1099901739376037,1.5251962127575889,-0.3120346676475284,-0.404365943111267,0.9048055324001227,0.0026532509806712224,-1.461440576166749,0.001192415045823164,0.23238544103697253,-0.997471732522988,-1.0433455004267922,-1.0161329645585022,1
-0.8043672005990544,0.9009088760241706,1.5251962127575889,0.003528606392412528,-0.7423290972289317,-1.177851894974348,-1.042512820865339,1.4316811360790147,0.001192415045823164,-1.143668312693375,-0.4814607612315388,-0.09092794783573821,0.9841231756854657,0
-0.9738162891597597,-1.1099901739376037,-0.502969299721533,-0.1123716472448173,-0.7423290972289317,-1.177851894974348,0.6994306322113446,-0.8828162337175963,-1.1804179269059165,0.5763988794695595,-0.997471732522988,1.4964346398160184,-1.0161329645585022,1
-0.46546902347764374,0.9009088760241706,-1.179024470547907,0.0007491480683694091,-0.5733475201700994,0.21058638994196582,0.8577891279455886,0.853056793629862,-1.1804179269059165,0.5763988794695595,-0.4814607612315388,0.16701847265767225,0.9841231756854657,0
-0.9738162891597597,0.9009088760241706,0.8491410419312149,0.006150140948044106,-0.911310674287764,0.21058638994196582,0.8577891279455886,1.4316811360790147,1.2700807936189982,0.5763988794695595,-0.7394662468772634,-0.5472946917856183,0.9841231756854657,0
-0.2960199349169384,-1.1099901739376037,-1.179024470547907,-0.15422144587387562,-0.5733475201700994,0.9048055324001227,0.0026532509806712224,-0.8828162337175963,1.0015329886299666,0.003043148748581378,-0.4814607612315388,-3.3251792201761927,0.9841231756854657,0
-0.8043672005990544,0.9009088760241706,-0.502969299721533,-0.10335420006851832,-0.7423290972289317,0.9048055324001227,0.0026532509806712224,-0.8828162337175963,1.223084927745918,-0.11162799739561437,-0.997471732522988,1.0003838311748445,-1.0161329645585022,0
-0.9738162891597597,0.9009088760241706,-0.502969299721533,-0.1051861157820922,-0.911310674287764,0.9048055324001227,0.0026532509806712224,0.853056793629862,-1.0427871768490378,-0.11162799739561437,-0.7394662468772634,0.821805540064022,-1.0161329645585022,0
-0.46546902347764374,0.9009088760241706,-1.179024470547907,-0.1065916373209549,-0.7423290972289317,0.9048055324001227,0.0026532509806712224,-1.461440576166749,-1.0427871768490378,-0.11162799739561437,-0.997471732522988,0.0479662785837905,0.9841231756854657,0
-0.2960199349169384,0.9009088760241706,1.5251962127575889,0.0032759283629540626,0.10257878806523006,-1.177851894974348,-0.8841543251310949,0.853056793629862,0.3301634761573873,-1.0289971665491795,-0.997471732522988,1.8139071573463699,0.9841231756854657,0
-0.8043672005990544,-1.1099901739376037,-1.179024470547907,0.001823029693567887,-0.911310674287764,-1.177851894974348,-0.13195147039343613,-0.8828162337175963,-0.34120603631519225,-0.34097028968400567,-0.997471732522988,-1.3608180179571436,0.9841231756854657,0
-0.8043672005990544,0.9009088760241706,-0.502969299721533,-0.22752965917051288,-0.911310674287764,0.9048055324001227,0.0026532509806712224,0.853056793629862,3.018998373610068,0.1177142948927768,-0.997471732522988,0.38528082845978884,-1.0161329645585022,1
-0.46546902347764374,0.9009088760241706,0.8491410419312149,-0.2241974676570294,-0.23538436605243465,0.9048055324001227,0.0026532509806712224,-0.3041918912684436,1.5486991412951188,0.1177142948927768,-0.997471732522988,1.278172284013902,-1.0161329645585022,1
-0.46546902347764374,-1.1099901739376037,0.8491410419312149,0.0068134207753725775,-0.404365943111267,-1.177851894974348,-0.47242223622206064,0.2744324511807092,0.16232109803924238,-0.6849837281165926,-0.4814607612315388,-0.07108591549009124,0.9841231756854657,0
-0.9738162891597597,-1.1099901739376037,-1.179024470547907,0.01142479481298957,-0.911310674287764,-1.177851894974348,0.06599664927436881,-1.461440576166749,0.16232109803924238,-0.2262991435398101,-0.7394662468772634,-1.2616078562289088,0.9841231756854657,0
-0.8043672005990544,0.9009088760241706,-1.179024470547907,0.009466540084686463,-0.911310674287764,-1.177851894974348,0.06599664927436881,0.853056793629862,-1.8752853723150364,-0.2262991435398101,-0.7394662468772634,-0.6068207888225592,-1.0161329645585022,0
-0.2960199349169384,0.9009088760241706,1.5251962127575889,0.0038128691755533015,-0.7423290972289317,-1.177851894974348,0.9369683758127106,-1.461440576166749,-1.1804179269059165,0.5763988794695595,-0.997471732522988,0.5241750548793175,-1.0161329645585022,0
-0.634918112038349,0.9009088760241706,0.8491410419312149,0.0030232503334955974,-0.06640278899360229,-1.177851894974348,0.25602684415546156,1.4316811360790147,1.0015329886299666,0.003043148748581378,-0.997471732522988,0.12733440796637835,-1.0161329645585022,0
-1.143265377720465,0.9009088760241706,-1.179024470547907,0.005455276367033327,-0.7423290972289317,-1.177851894974348,-0.804975077263973,-0.8828162337175963,-1.1804179269059165,-0.9143260204049839,-0.997471732522988,-0.11076998018138517,0.9841231756854657,0
-0.46546902347764374,0.9009088760241706,0.8491410419312149,-0.04669115196245746,-0.7423290972289317,0.9048055324001227,0.0026532509806712224,-0.8828162337175963,1.159304824061023,-0.2262991435398101,-0.4814607612315388,0.4249648931510827,0.9841231756854657,0
-0.8043672005990544,-1.1099901739376037,0.8491410419312149,0.004791996539704855,-0.911310674287764,-1.177851894974348,-1.090020369585612,1.4316811360790147,-0.08944246913797492,-1.2583394588375707,-0.7394662468772634,-2.0156050853634935,0.9841231756854657,0
-0.9738162891597597,0.9009088760241706,-0.502969299721533,0.007239814950083738,-0.911310674287764,-1.177851894974348,0.38271364074285674,0.853056793629862,-1.7510820125076092,0.1177142948927768,-0.7394662468772634,1.2186461869769611,-1.0161329645585022,0
-0.9738162891597597,0.9009088760241706,-0.502969299721533,-0.01655929694953547,-0.911310674287764,0.9048055324001227,0.0026532509806712224,0.853056793629862,0.665848232393677,-0.2262991435398101,-0.4814607612315388,-0.40840046536608954,-1.0161329645585022,0
-0.2960199349169384,0.9009088760241706,1.5251962127575889,-0.1328069828772707,-0.23538436605243465,0.9048055324001227,0.0026532509806712224,-0.8828162337175963,-1.1804179269059165,-0.11162799739561437,-0.7394662468772634,-0.5869787564769122,-1.0161329645585022,1
-0.8043672005990544,0.9009088760241706,-0.502969299721533,0.008534789851058372,-0.911310674287764,-1.177851894974348,0.06599664927436881,0.853056793629862,-0.46205254856025635,-0.2262991435398101,-0.4814607612315388,0.6035431842619053,-1.0161329645585022,0
-0.9738162891597597,0.9009088760241706,-0.502969299721533,-0.018391212663109342,-0.911310674287764,0.9048055324001227,0.0026532509806712224,0.2744324511807092,0.3234497810326616,-0.2262991435398101,-0.997471732522988,-0.190138109563973,0.9841231756854657,0
-0.2960199349169384,0.9009088760241706,-0.502969299721533,0.000528054792593252,0.2715603651240624,-1.177851894974348,-0.4090788379283631,-1.461440576166749,-0.46205254856025635,-0.570312581972397,-0.997471732522988,-0.17029607721832604,-1.0161329645585022,0
-0.634918112038349,0.9009088760241706,-1.179024470547907,-0.006925947076431476,-0.7423290972289317,0.9048055324001227,0.0026532509806712224,-1.461440576166749,-0.8447331706696268,-0.2262991435398101,-0.997471732522988,0.3654387961141419,-1.0161329645585022,0
-0.634918112038349,0.9009088760241706,-0.502969299721533,-0.0006563734704933044,-0.404365943111267,0.9048055324001227,0.0026532509806712224,0.853056793629862,0.0851136041048956,-0.2262991435398101,-0.7394662468772634,1.258330251668255,0.9841231756854657,0
-1.143265377720465,0.9009088760241706,-0.502969299721533,0.007729378632159514,-0.5733475201700994,-1.177851894974348,1.3328646151483206,0.2744324511807092,-1.3751150855229646,0.9204123179021463,-0.7394662468772634,-0.38855843302044263,-1.0161329645585022,0
-0.9738162891597597,0.9009088760241706,0.8491410419312149,0.0436412435689439,-0.5733475201700994,0.9048055324001227,0.0026532509806712224,-1.461440576166749,-1.173704231781191,-0.2262991435398101,-0.997471732522988,0.7027533459901402,-1.0161329645585022,0
-0.634918112038349,-1.1099901739376037,-1.179024470547907,-0.0049045228407637535,-0.5733475201700994,-1.177851894974348,0.8577891279455886,0.2744324511807092,-1.4993184453303918,0.5763988794695595,-0.4814607612315388,0.801963507718375,-1.0161329645585022,0
-0.634918112038349,-1.1099901739376037,1.5251962127575889,0.08144819372666678,-0.5733475201700994,0.9048055324001227,0.0026532509806712224,-0.8828162337175963,0.23617174441122635,-0.34097028968400567,-0.4814607612315388,1.1789621222856672,-1.0161329645585022,0
-0.9738162891597597,-1.1099901739376037,1.5251962127575889,0.00272319517351367,-0.911310674287764,-1.177851894974348,-1.1375279183058853,1.4316811360790147,0.001192415045823164,-1.2583394588375707,-0.997471732522988,1.4369085427790778,0.9841231756854657,0
-0.2960199349169384,0.9009088760241706,0.8491410419312149,-0.03825802272928118,0.2715603651240624,0.9048055324001227,0.0026532509806712224,-0.8828162337175963,0.3234497810326616,-0.2262991435398101,-0.4814607612315388,0.305912699077201,-1.0161329645585022,1
-0.9738162891597597,0.9009088760241706,-0.502969299721533,0.0032443436092717544,-0.7423290972289317,-1.177851894974348,-1.090020369585612,-1.461440576166749,-1.4254677989584081,-1.2583394588375707,-0.7394662468772634,0.7225953783357871,0.9841231756854657,0
-0.8043672005990544,0.9009088760241706,1.5251962127575889,0.08634383054742455,-0.911310674287764,0.9048055324001227,0.0026532509806712224,0.2744324511807092,-1.0427871768490378,-0.34097028968400567,-0.4814607612315388,-0.36871640067479566,0.9841231756854657,0
-0.46546902347764374,0.9009088760241706,0.8491410419312149,-0.002851513851413722,-0.5733475201700994,-1.177851894974348,0.8577891279455886,-0.3041918912684436,1.1223795008750308,0.5763988794695595,-0.4814607612315388,-0.5076106270943244,0.9841231756854657,0
-0.9738162891597597,0.9009088760241706,-1.179024470547907,0.004855166047069471,-0.5733475201700994,-1.177851894974348,-0.17154109432699713,-1.461440576166749,-1.173704231781191,-0.34097028968400567,-0.997471732522988,-0.5076106270943244,0.9841231756854657,0
-0.8043672005990544,0.9009088760241706,0.8491410419312149,0.000701770937845947,-0.7423290972289317,-1.177851894974348,-0.5674373336626071,1.4316811360790147,-1.0495008719737637,-0.6849837281165926,-0.997471732522988,0.5638591195706114,0.9841231756854657,0
-0.9738162891597597,0.9009088760241706,0.8491410419312149,0.002881118941925211,-0.5733475201700994,-1.177851894974348,-1.042512820865339,1.4316811360790147,-1.173704231781191,-1.143668312693375,-0.7394662468772634,-0.9044512740072636,0.9841231756854657,0
-0.8043672005990544,-1.1099901739376037,-0.502969299721533,0.006181725701726415,-0.5733475201700994,-1.177851894974348,-0.2823920413409679,0.853056793629862,-1.0495008719737637,-0.45564143582820127,-0.7394662468772634,-2.075131182400434,-1.0161329645585022,0
-0.46546902347764374,0.9009088760241706,1.5251962127575889,0.10324167376745942,-0.7423290972289317,0.9048055324001227,0.0026532509806712224,-0.3041918912684436,-1.7510820125076092,-0.34097028968400567,-0.4814607612315388,0.821805540064022,0.9841231756854657,0
-0.9738162891597597,-1.1099901739376037,-1.179024470547907,0.1315574054436487,-0.911310674287764,0.9048055324001227,0.0026532509806712224,-0.8828162337175963,-1.2475548781531747,-0.34097028968400567,-0.7394662468772634,0.4249648931510827,0.9841231756854657,0
-0.634918112038349,-1.1099901739376037,-1.179024470547907,0.13771643241169879,-0.911310674287764,0.9048055324001227,0.0026532509806712224,0.2744324511807092,0.9780350556934264,-0.34097028968400567,-0.7394662468772634,0.5043330225336705,0.9841231756854657,0
-0.46546902347764374,0.9009088760241706,-0.502969299721533,0.17149632647492738,-0.911310674287764,0.9048055324001227,0.0026532509806712224,0.853056793629862,0.5651428055227898,-0.34097028968400567,-0.7394662468772634,0.32575473142284794,0.9841231756854657,0
-0.2960199349169384,-1.1099901739376037,1.5251962127575889,0.17065933050234622,-0.06640278899360229,0.9048055324001227,0.0026532509806712224,0.853056793629862,-0.33784918875282943,-0.34097028968400567,-0.4814607612315388,0.7622794430270811,0.9841231756854657,0
-0.634918112038349,0.9009088760241706,-0.502969299721533,0.0016335211714740379,-0.23538436605243465,-1.177851894974348,0.5410721364771007,-1.461440576166749,-0.25392799969375696,0.23238544103697253,-0.997471732522988,1.794065125000723,-1.0161329645585022,0
-0.8043672005990544,0.9009088760241706,-0.502969299721533,0.005707954396491792,-0.911310674287764,-1.177851894974348,-0.7257958293968509,1.4316811360790147,-0.37813135950118393,-0.9143260204049839,-0.4814607612315388,-0.20998014190961997,0.9841231756854657,0
-1.143265377720465,-1.1099901739376037,0.8491410419312149,0.23523435940582527,-0.911310674287764,0.9048055324001227,0.0026532509806712224,-1.461440576166749,0.001192415045823164,-0.45564143582820127,-0.7394662468772634,0.0479662785837905,0.9841231756854657,0
-1.143265377720465,0.9009088760241706,0.8491410419312149,0.0052815602217806314,-0.911310674287764,-1.177851894974348,-0.4090788379283631,-1.461440576166749,-1.0495008719737637,-0.570312581972397,-0.997471732522988,0.305912699077201,-1.0161329645585022,0
-0.9738162891597597,-1.1099901739376037,0.8491410419312149,0.007808340516365285,-0.404365943111267,-1.177851894974348,1.6495816066168083,0.853056793629862,-0.25392799969375696,1.2644257563347332,-0.4814607612315388,0.06780831092943747,0.9841231756854657,0
-0.2960199349169384,-1.1099901739376037,-1.179024470547907,-0.10599152700099106,-0.23538436605243465,-1.177851894974348,0.8577891279455886,-0.8828162337175963,1.2029438423717405,0.6910700256137552,-0.4814607612315388,-0.4282424977117365,-1.0161329645585022,1
-0.8043672005990544,-1.1099901739376037,-0.502969299721533,-0.10594414987046759,-0.911310674287764,-1.177851894974348,-0.6307807319563046,-1.461440576166749,1.0787404825643134,-0.6849837281165926,-0.4814607612315388,0.18686050500331922,-1.0161329645585022,1
-0.8043672005990544,0.9009088760241706,-1.179024470547907,0.2680667108585846,-0.5733475201700994,0.9048055324001227,0.0026532509806712224,0.853056793629862,-1.0495008719737637,-0.45564143582820127,-0.4814607612315388,-2.0156050853634935,0.9841231756854657,0
-0.2960199349169384,-1.1099901739376037,0.8491410419312149,0.000701770937845947,-0.404365943111267,-1.177851894974348,0.8577891279455886,0.2744324511807092,-0.37813135950118393,0.5763988794695595,-0.4814607612315388,0.12733440796637835,0.9841231756854657,0
-0.2960199349169384,0.9009088760241706,-1.179024470547907,0.2773684208180244,-0.06640278899360229,0.9048055324001227,0.0026532509806712224,-0.8828162337175963,0.001192415045823164,-0.45564143582820127,-0.997471732522988,0.40512286080543575,-1.0161329645585022,0
-0.8043672005990544,0.9009088760241706,-1.179024470547907,0.0038444539292356097,-0.404365943111267,-1.177851894974348,0.5727438356239495,-0.8828162337175963,0.04483143335654109,0.23238544103697253,-0.4814607612315388,0.7622794430270811,-1.0161329645585022,0
-0.46546902347764374,0.9009088760241706,0.8491410419312149,0.2691879696143065,-0.404365943111267,0.9048055324001227,0.0026532509806712224,-0.8828162337175963,0.4040141225293712,-0.45564143582820127,-0.4814607612315388,-0.011559818453150373,0.9841231756854657,0
-0.9738162891597597,-1.1099901739376037,0.8491410419312149,0.005518445874397942,-0.7423290972289317,-1.177851894974348,1.2536853672811985,-0.8828162337175963,0.15896425047687956,0.9204123179021463,-0.7394662468772634,0.6233852166075523,-1.0161329645585022,0
-0.9738162891597597,0.9009088760241706,-0.502969299721533,0.3084004413108921,-0.911310674287764,0.9048055324001227,0.0026532509806712224,0.853056793629862,-1.2475548781531747,-0.45564143582820127,-0.997471732522988,-0.051243883144444294,0.9841231756854657,0
-0.46546902347764374,0.9009088760241706,0.8491410419312149,0.32946747201699167,-0.7423290972289317,0.9048055324001227,0.0026532509806712224,-0.8828162337175963,-0.005521280078902488,-0.45564143582820127,-0.997471732522988,-0.4282424977117365,0.9841231756854657,0
-0.634918112038349,0.9009088760241706,-0.502969299721533,0.23333927418488676,-0.911310674287764,0.9048055324001227,0.0026532509806712224,-1.461440576166749,1.1458774338115711,-0.45564143582820127,-0.997471732522988,-0.8250831446246757,-1.0161329645585022,1
-0.8043672005990544,0.9009088760241706,-1.179024470547907,0.36490556564854143,-0.911310674287764,0.9048055324001227,0.0026532509806712224,0.2744324511807092,-0.005521280078902488,-0.570312581972397,-0.4814607612315388,0.5440170872249644,-1.0161329645585022,0
-0.2960199349169384,-1.1099901739376037,-1.179024470547907,-0.11565646162777735,-0.06640278899360229,-1.177851894974348,0.06599664927436881,0.853056793629862,0.4040141225293712,0.003043148748581378,-0.4814607612315388,0.008282213892496587,-1.0161329645585022,1
-0.46546902347764374,-1.1099901739376037,-1.179024470547907,0.003939208190282534,-0.7423290972289317,-1.177851894974348,1.4120438630154424,-0.3041918912684436,0.4040141225293712,1.035083464046342,-0.997471732522988,-0.190138109563973,-1.0161329645585022,0
-0.9738162891597597,-1.1099901739376037,0.8491410419312149,0.1397062718936842,-0.911310674287764,0.9048055324001227,0.0026532509806712224,0.853056793629862,-0.6936750303632967,-0.34097028968400567,-0.7394662468772634,0.5837011519162584,-1.0161329645585022,1
-0.634918112038349,0.9009088760241706,-0.502969299721533,0.3682219647851838,-0.911310674287764,0.9048055324001227,0.0026532509806712224,-0.8828162337175963,-1.2475548781531747,-0.570312581972397,-0.7394662468772634,-0.46792656240303043,0.9841231756854657,0
-0.8043672005990544,-1.1099901739376037,-1.179024470547907,0.42826458153525165,-0.911310674287764,0.9048055324001227,0.0026532509806712224,0.853056793629862,-1.7510820125076092,-0.570312581972397,-0.7394662468772634,0.6630692812988462,0.9841231756854657,0
-0.9738162891597597,-1.1099901739376037,-0.502969299721533,0.009813972375191854,-0.911310674287764,-1.177851894974348,0.8577891279455886,-0.8828162337175963,0.23952859197358917,0.5763988794695595,-0.997471732522988,1.1591200899400202,0.9841231756854657,0
-0.46546902347764374,0.9009088760241706,-1.179024470547907,0.007524077733224511,-0.404365943111267,-1.177851894974348,-0.5872321456293875,0.2744324511807092,-0.03237606057780569,-0.7996548742607882,-0.4814607612315388,-0.4877685947486774,-1.0161329645585022,0
-0.2960199349169384,0.9009088760241706,-0.502969299721533,0.46378163705100717,-0.23538436605243465,0.9048055324001227,0.0026532509806712224,-1.461440576166749,0.954537122756886,-0.570312581972397,-0.4814607612315388,0.8813316371009629,0.9841231756854657,0
-0.46546902347764374,0.9009088760241706,0.8491410419312149,0.009577086722574542,-0.06640278899360229,-1.177851894974348,-0.8841543251310949,-0.8828162337175963,0.5114332445249834,-1.0289971665491795,-0.4814607612315388,-0.9044512740072636,0.9841231756854657,0
-0.46546902347764374,0.9009088760241706,-0.502969299721533,0.23111254905028406,-0.23538436605243465,0.9048055324001227,0.0026532509806712224,-1.461440576166749,1.0418151593783211,-0.45564143582820127,-0.4814607612315388,0.10749237562073138,-1.0161329645585022,1
-0.634918112038349,-1.1099901739376037,-1.179024470547907,0.530693937726977,-0.7423290972289317,0.9048055324001227,0.0026532509806712224,0.853056793629862,0.665848232393677,-0.6849837281165926,-0.997471732522988,-0.5472946917856183,0.9841231756854657,0
-0.634918112038349,0.9009088760241706,0.8491410419312149,0.5534823375087624,-0.911310674287764,0.9048055324001227,0.0026532509806712224,-0.3041918912684436,0.3301634761573873,-0.6849837281165926,-0.997471732522988,-0.4877685947486774,0.9841231756854657,0
-0.9738162891597597,0.9009088760241706,-0.502969299721533,0.008566374604740681,-0.911310674287764,-1.177851894974348,-0.13986939518014835,0.2744324511807092,-1.371758237960602,-0.34097028968400567,-0.7394662468772634,-0.8846092416616166,-1.0161329645585022,0
-0.46546902347764374,0.9009088760241706,1.5251962127575889,0.01305140962762844,-0.06640278899360229,0.21058638994196582,-0.7257958293968509,0.2744324511807092,0.5114332445249834,-0.9143260204049839,-0.4814607612315388,1.4765926074703717,-1.0161329645585022,0
-0.2960199349169384,-1.1099901739376037,-0.502969299721533,0.011298455798260339,-0.5733475201700994,-1.177851894974348,0.06599664927436881,1.4316811360790147,-1.0495008719737637,-0.2262991435398101,-0.4814607612315388,-0.051243883144444294,0.9841231756854657,0
-0.9738162891597597,0.9009088760241706,-0.502969299721533,0.008850637387881454,-0.7423290972289317,-1.177851894974348,0.8577891279455886,-0.8828162337175963,0.830333762949459,0.5763988794695595,-0.997471732522988,0.305912699077201,-1.0161329645585022,0
-0.8043672005990544,0.9009088760241706,-0.502969299721533,0.6029598541520981,-0.911310674287764,0.9048055324001227,0.0026532509806712224,-1.461440576166749,-0.21364582894540246,-0.6849837281165926,-0.7394662468772634,-1.142555662155027,0.9841231756854657,0
-0.46546902347764374,-1.1099901739376037,-0.502969299721533,0.007729378632159514,-0.7423290972289317,-1.177851894974348,-0.8841543251310949,0.2744324511807092,0.3939435798422821,-1.0289971665491795,-0.7394662468772634,-0.24966420660091387,0.9841231756854657,0
-0.8043672005990544,-1.1099901739376037,0.8491410419312149,0.010366705564632248,-0.911310674287764,0.21058638994196582,-0.8841543251310949,-0.8828162337175963,-0.901799579229796,-1.0289971665491795,-0.997471732522988,0.18686050500331922,-1.0161329645585022,0
-0.46546902347764374,0.9009088760241706,-1.179024470547907,0.014867532964361161,0.10257878806523006,-1.177851894974348,-0.7257958293968509,-1.461440576166749,-0.46205254856025635,-0.9143260204049839,-0.7394662468772634,1.1789621222856672,0.9841231756854657,0
-0.2960199349169384,-1.1099901739376037,-1.179024470547907,1.0394769424184382,-0.404365943111267,0.9048055324001227,0.0026532509806712224,-0.8828162337175963,1.0787404825643134,-0.7996548742607882,-0.4814607612315388,-1.5790803737592602,0.9841231756854657,0
-1.143265377720465,-1.1099901739376037,0.8491410419312149,-0.7151192941411453,-0.911310674287764,0.9048055324001227,0.018489100554095618,-0.3041918912684436,0.1119683846037988,1.6084391947673204,-0.997471732522988,-2.8489704438806656,-1.0161329645585022,1
-0.634918112038349,-1.1099901739376037,-1.179024470547907,0.01881562717464968,-0.7423290972289317,-1.177851894974348,-0.12403354560672394,-0.3041918912684436,-0.811164695045998,-0.34097028968400567,-0.4814607612315388,0.6829113136444932,0.9841231756854657,0
-0.634918112038349,0.9009088760241706,0.8491410419312149,0.013683104701274604,-0.911310674287764,-1.177851894974348,-1.2958864140401292,1.4316811360790147,0.5114332445249834,-1.3730106049817663,-0.4814607612315388,-2.094973214746081,0.9841231756854657,0
-1.143265377720465,0.9009088760241706,1.5251962127575889,0.07915829908469944,-0.5733475201700994,0.9048055324001227,0.018489100554095618,0.2744324511807092,0.5114332445249834,-0.34097028968400567,-0.4814607612315388,-0.22982217425526694,0.9841231756854657,0
-0.2960199349169384,-1.1099901739376037,-0.502969299721533,0.015262342385390013,-0.5733475201700994,-1.177851894974348,0.38271364074285674,-0.8828162337175963,0.5114332445249834,0.1177142948927768,-0.7394662468772634,0.22654456969461315,-1.0161329645585022,0
-0.634918112038349,0.9009088760241706,0.8491410419312149,-0.09367347306489086,-0.7423290972289317,-0.4836327525161911,1.3328646151483206,-1.461440576166749,0.0851136041048956,1.1497546101905376,-0.4814607612315388,0.4448069254967297,-1.0161329645585022,1
-0.634918112038349,-1.1099901739376037,-1.179024470547907,0.0175364446505162,-0.7423290972289317,0.21058638994196582,-0.3774071387815143,1.4316811360790147,-0.11965409719924096,-0.570312581972397,-0.4814607612315388,1.0599099282117854,0.9841231756854657,0
-0.8043672005990544,0.9009088760241706,0.8491410419312149,0.01169326521928919,-0.5733475201700994,-1.177851894974348,-1.2800505644667048,0.2744324511807092,0.16232109803924238,-1.3730106049817663,-0.7394662468772634,-0.38855843302044263,-1.0161329645585022,0
-0.634918112038349,-1.1099901739376037,-1.179024470547907,0.019494699378819307,-0.911310674287764,-1.177851894974348,-0.09236184645987515,-0.3041918912684436,-1.3482603050240614,-0.34097028968400567,-0.997471732522988,-0.3488743683291487,0.9841231756854657,0
-0.2960199349169384,-1.1099901739376037,-0.502969299721533,0.020331695351400475,-0.911310674287764,-1.177851894974348,-1.121692068732461,0.853056793629862,0.16232109803924238,-1.2583394588375707,-0.4814607612315388,0.9408577341379036,-1.0161329645585022,0
-0.2960199349169384,-1.1099901739376037,-0.502969299721533,0.025085200780587853,-0.23538436605243465,-1.177851894974348,0.38271364074285674,0.2744324511807092,-1.8752853723150364,0.1177142948927768,-0.7394662468772634,0.12733440796637835,0.9841231756854657,0
-0.8043672005990544,0.9009088760241706,0.8491410419312149,0.0190840975809493,-0.7423290972289317,-1.177851894974348,1.0161476236798326,0.853056793629862,0.5785701957722418,0.6910700256137552,-0.7394662468772634,-2.9680226379545473,0.9841231756854657,0
-0.46546902347764374,-1.1099901739376037,-0.502969299721533,-0.6723377452784588,-0.23538436605243465,0.9048055324001227,0.05807872448765661,-0.8828162337175963,-0.8447331706696268,1.4937680486231246,-0.4814607612315388,1.774223092655076,-1.0161329645585022,1
-0.2960199349169384,0.9009088760241706,0.8491410419312149,0.021263445585028566,-0.404365943111267,0.21058638994196582,1.6495816066168083,0.853056793629862,-0.018948670328354386,1.2644257563347332,-0.4814607612315388,-1.4600281796853785,0.9841231756854657,0
-0.9738162891597597,0.9009088760241706,-0.502969299721533,0.019352567987248923,-0.404365943111267,-1.177851894974348,-0.5674373336626071,-0.8828162337175963,-0.21364582894540246,-0.7996548742607882,-0.7394662468772634,-1.6187644384505542,-1.0161329645585022,0
-0.634918112038349,0.9009088760241706,-1.179024470547907,0.025006238896382083,-0.911310674287764,-1.177851894974348,0.06599664927436881,-0.8828162337175963,-0.4654093961226198,-0.2262991435398101,-0.997471732522988,-1.182239726846321,0.9841231756854657,0
-0.634918112038349,-1.1099901739376037,-0.502969299721533,-0.902448468230915,-0.7423290972289317,0.9048055324001227,0.06599664927436881,-0.3041918912684436,-1.2475548781531747,3.4431775330744507,-0.4814607612315388,0.5638591195706114,-1.0161329645585022,1
-0.9738162891597597,-1.1099901739376037,-1.179024470547907,0.02221098819549781,-0.404365943111267,0.21058638994196582,-0.4090788379283631,1.4316811360790147,1.2465828606824585,-0.570312581972397,-0.7394662468772634,0.46464895784237664,0.9841231756854657,0
-1.143265377720465,-1.1099901739376037,1.5251962127575889,-0.8841924806025409,-0.911310674287764,0.9048055324001227,0.06599664927436881,-0.3041918912684436,-0.005521280078902488,3.213835240786059,-0.7394662468772634,-0.03140185079879733,-1.0161329645585022,1
-0.8043672005990544,0.9009088760241706,0.8491410419312149,0.0210107675555701,-0.911310674287764,-1.177851894974348,-0.4090788379283631,-1.461440576166749,-1.0495008719737637,-0.570312581972397,-0.4814607612315388,0.6035431842619053,0.9841231756854657,0
-0.8043672005990544,-1.1099901739376037,-0.502969299721533,0.025716895854234017,-0.911310674287764,-1.177851894974348,0.06599664927436881,0.2744324511807092,-0.5661148229935064,-0.2262991435398101,-0.7394662468772634,0.6432272489531993,0.9841231756854657,0
-0.9738162891597597,0.9009088760241706,0.8491410419312149,-0.8644362171742571,-0.911310674287764,0.9048055324001227,0.06599664927436881,1.4316811360790147,-1.4724636648314886,2.984492948497668,-0.997471732522988,-1.4401861473397315,-1.0161329645585022,1
-0.634918112038349,0.9009088760241706,-0.502969299721533,0.02622225191315095,-0.404365943111267,-1.177851894974348,-1.359229812333827,0.2744324511807092,-0.5661148229935064,-1.487681751125962,-0.4814607612315388,-0.190138109563973,-1.0161329645585022,0
-0.9738162891597597,-1.1099901739376037,0.8491410419312149,-0.8681000486014049,-0.911310674287764,0.9048055324001227,0.06599664927436881,-0.8828162337175963,-1.1804179269059165,2.984492948497668,-0.4814607612315388,-3.8410720611630134,-1.0161329645585022,1
-0.9738162891597597,0.9009088760241706,1.5251962127575889,-0.8681948028624518,-0.404365943111267,0.9048055324001227,0.06599664927436881,-0.8828162337175963,-0.018948670328354386,2.984492948497668,-0.997471732522988,0.4249648931510827,-1.0161329645585022,1
-1.143265377720465,0.9009088760241706,0.8491410419312149,-0.8456590811101249,-0.911310674287764,0.9048055324001227,0.06599664927436881,-0.8828162337175963,0.23617174441122635,2.7551506562092767,-0.997471732522988,0.6233852166075523,-1.0161329645585022,1
-0.634918112038349,0.9009088760241706,-0.502969299721533,0.0210107675555701,-0.911310674287764,0.21058638994196582,1.0161476236798326,0.2744324511807092,0.5651428055227898,0.6910700256137552,-0.4814607612315388,1.3773824457421369,-1.0161329645585022,0
-0.9738162891597597,-1.1099901739376037,0.8491410419312149,-0.8492281582762258,-0.911310674287764,0.9048055324001227,0.06599664927436881,-0.8828162337175963,0.9108981044461687,2.7551506562092767,-0.997471732522988,0.008282213892496587,-1.0161329645585022,1
-0.9738162891597597,-1.1099901739376037,-0.502969299721533,-0.8466224160974353,-0.911310674287764,0.9048055324001227,0.06599664927436881,-1.461440576166749,0.5785701957722418,2.7551506562092767,-0.4814607612315388,0.8614896047553159,-1.0161329645585022,1
-0.9738162891597597,0.9009088760241706,-1.179024470547907,0.02491148463533516,-0.7423290972289317,0.21058638994196582,-0.3298995900612411,-0.8828162337175963,1.7736079279734327,-0.570312581972397,-0.7394662468772634,0.6233852166075523,-1.0161329645585022,0
-0.46546902347764374,-1.1099901739376037,-0.502969299721533,0.0287490322077356,-0.911310674287764,-1.177851894974348,-1.042512820865339,0.853056793629862,-1.0427871768490378,-1.143668312693375,-0.7394662468772634,1.4765926074703717,-1.0161329645585022,0
-0.2960199349169384,0.9009088760241706,1.5251962127575889,0.022637382370208972,-0.23538436605243465,-1.177851894974348,3.0748080682250043,1.4316811360790147,-1.173704231781191,2.525808363920885,-0.997471732522988,-1.3608180179571436,0.9841231756854657,0
-0.8043672005990544,0.9009088760241706,0.8491410419312149,0.03253920264961258,-0.7423290972289317,-1.177851894974348,-1.121692068732461,0.2744324511807092,0.23617174441122635,-1.2583394588375707,-0.7394662468772634,0.9805417988291976,0.9841231756854657,0
-0.2960199349169384,0.9009088760241706,0.8491410419312149,0.022953229907032052,-0.23538436605243465,-1.177851894974348,0.12934004756806639,0.2744324511807092,-0.707102420612748,-0.11162799739561437,-0.4814607612315388,-0.17029607721832604,0.9841231756854657,0
-0.8043672005990544,0.9009088760241706,-0.502969299721533,-0.8519918242234277,-0.911310674287764,0.9048055324001227,0.06599664927436881,0.2744324511807092,0.7229146409538463,2.869821802353472,-0.4814607612315388,0.32575473142284794,-1.0161329645585022,1
-0.8043672005990544,-1.1099901739376037,-1.179024470547907,-0.8516601843097634,-0.911310674287764,0.9048055324001227,0.06599664927436881,0.853056793629862,0.4040141225293712,2.7551506562092767,-0.4814607612315388,-0.09092794783573821,-1.0161329645585022,1
-0.8043672005990544,-1.1099901739376037,-1.179024470547907,0.02285847564598513,-0.404365943111267,-1.177851894974348,0.06599664927436881,1.4316811360790147,0.001192415045823164,-0.2262991435398101,-0.7394662468772634,-1.6187644384505542,0.9841231756854657,0
-0.634918112038349,0.9009088760241706,-0.502969299721533,-0.8392789608662987,-0.911310674287764,0.9048055324001227,0.06599664927436881,0.2744324511807092,-0.3680608168140954,2.640479510065081,-0.7394662468772634,-0.09092794783573821,-1.0161329645585022,1
-0.2960199349169384,0.9009088760241706,0.8491410419312149,-0.8260133643197293,-0.5733475201700994,0.9048055324001227,0.06599664927436881,1.4316811360790147,-0.46205254856025635,2.525808363920885,-0.4814607612315388,-2.3926036999307856,-1.0161329645585022,1
-0.2960199349169384,0.9009088760241706,1.5251962127575889,-0.8318407513741151,-0.06640278899360229,0.9048055324001227,0.06599664927436881,0.2744324511807092,1.2029438423717405,2.640479510065081,-0.997471732522988,-0.5869787564769122,-1.0161329645585022,1
-0.634918112038349,0.9009088760241706,0.8491410419312149,0.02611170527526287,-0.06640278899360229,-1.177851894974348,0.12934004756806639,-0.8828162337175963,-1.6839450612603513,-0.11162799739561437,-0.997471732522988,-0.6663468858595001,0.9841231756854657,0
-0.9738162891597597,0.9009088760241706,-1.179024470547907,0.022811098515461665,-0.7423290972289317,-1.177851894974348,0.38271364074285674,-0.8828162337175963,0.3301634761573873,0.1177142948927768,-0.4814607612315388,0.46464895784237664,0.9841231756854657,0
-0.8043672005990544,0.9009088760241706,0.8491410419312149,0.01895775856622007,-0.911310674287764,-1.177851894974348,-0.6307807319563046,-1.461440576166749,-1.1804179269059165,-0.7996548742607882,-0.997471732522988,0.10749237562073138,0.9841231756854657,0
-0.9738162891597597,-1.1099901739376037,1.5251962127575889,-0.8116896785248024,-0.911310674287764,0.9048055324001227,0.06599664927436881,0.2744324511807092,-0.37813135950118393,2.411137217776689,-0.997471732522988,0.5440170872249644,-1.0161329645585022,1
-0.634918112038349,0.9009088760241706,-1.179024470547907,0.023569132603837063,-0.5733475201700994,-1.177851894974348,-0.8841543251310949,-1.461440576166749,-1.1804179269059165,-1.0289971665491795,-0.7394662468772634,0.008282213892496587,0.9841231756854657,0
-0.46546902347764374,-1.1099901739376037,-0.502969299721533,-0.7984872514855976,-0.06640278899360229,0.9048055324001227,0.06599664927436881,0.853056793629862,-1.173704231781191,2.2964660716324943,-0.4814607612315388,0.7027533459901402,-1.0161329645585022,1
-0.2960199349169384,-1.1099901739376037,-0.502969299721533,-0.7952024371026376,-0.06640278899360229,0.9048055324001227,0.06599664927436881,0.853056793629862,-0.37813135950118393,2.2964660716324943,-0.997471732522988,-0.24966420660091387,-1.0161329645585022,1
-0.634918112038349,-1.1099901739376037,-1.179024470547907,-0.7958973016836484,-0.911310674287764,0.9048055324001227,0.06599664927436881,1.4316811360790147,-0.5661148229935064,2.2964660716324943,-0.4814607612315388,-2.5910240233872552,-1.0161329645585022,1
-0.46546902347764374,-1.1099901739376037,-0.502969299721533,-0.7900383298755802,-0.23538436605243465,0.9048055324001227,0.06599664927436881,-0.3041918912684436,-0.3680608168140954,2.1817949254882985,-0.4814607612315388,0.5638591195706114,-1.0161329645585022,1
-1.143265377720465,-1.1099901739376037,-0.502969299721533,-0.7952024371026376,-0.911310674287764,0.9048055324001227,0.06599664927436881,-0.8828162337175963,0.001192415045823164,2.2964660716324943,-0.997471732522988,0.26622863438590705,-1.0161329645585022,1
-0.2960199349169384,0.9009088760241706,-0.502969299721533,-0.7889802406272229,0.2715603651240624,0.9048055324001227,0.06599664927436881,0.2744324511807092,0.001192415045823164,2.1817949254882985,-0.997471732522988,0.5837011519162584,-1.0161329645585022,1
-0.634918112038349,-1.1099901739376037,-1.179024470547907,-0.7937179536795691,-0.23538436605243465,0.9048055324001227,0.06599664927436881,-1.461440576166749,-0.21028898138303903,2.2964660716324943,-0.4814607612315388,-0.22982217425526694,-1.0161329645585022,1
-0.634918112038349,-1.1099901739376037,0.8491410419312149,0.02306377654492013,-0.23538436605243465,-1.177851894974348,0.40646741510299333,-0.3041918912684436,-0.21364582894540246,0.1177142948927768,-0.7394662468772634,0.5837011519162584,0.9841231756854657,0
-0.8043672005990544,-1.1099901739376037,0.8491410419312149,0.023111153675443592,-0.404365943111267,-1.177851894974348,-0.052772222526314166,-1.461440576166749,-1.7510820125076092,-0.34097028968400567,-0.997471732522988,-0.5869787564769122,0.9841231756854657,0
-0.9738162891597597,-1.1099901739376037,0.8491410419312149,0.028227883771977515,-0.7423290972289317,-1.177851894974348,-0.12403354560672394,-1.461440576166749,-1.173704231781191,-0.34097028968400567,-0.997471732522988,-0.09092794783573821,0.9841231756854657,0
-0.9738162891597597,-1.1099901739376037,-1.179024470547907,0.02007901732194201,-0.911310674287764,-1.177851894974348,-0.8841543251310949,1.4316811360790147,-1.4254677989584081,-1.0289971665491795,-0.7394662468772634,-2.571181991041608,0.9841231756854657,0
-1.143265377720465,-1.1099901739376037,-0.502969299721533,-0.7940338012163922,-0.911310674287764,0.9048055324001227,0.06599664927436881,-1.461440576166749,0.830333762949459,2.2964660716324943,-0.997471732522988,0.9408577341379036,-1.0161329645585022,1
-0.8043672005990544,-1.1099901739376037,-1.179024470547907,0.0231427384291259,-0.7423290972289317,0.21058638994196582,-1.002923196931778,1.4316811360790147,-1.4254677989584081,-1.143668312693375,-0.997471732522988,-0.9639773710442044,-1.0161329645585022,0
-0.634918112038349,0.9009088760241706,-1.179024470547907,-0.7862797441873856,-0.06640278899360229,0.9048055324001227,0.06599664927436881,-1.461440576166749,-0.005521280078902488,2.1817949254882985,-0.4814607612315388,1.4170665104334308,-1.0161329645585022,1
-0.9738162891597597,0.9009088760241706,1.5251962127575889,-0.7952971913636846,-0.911310674287764,0.9048055324001227,0.06599664927436881,-1.461440576166749,0.001192415045823164,2.2964660716324943,-0.7394662468772634,0.008282213892496587,-1.0161329645585022,1
-0.9738162891597597,0.9009088760241706,1.5251962127575889,0.01996847068405393,-0.911310674287764,0.21058638994196582,0.38271364074285674,-0.8828162337175963,-0.811164695045998,0.1177142948927768,-0.997471732522988,-0.7853990799333818,-1.0161329645585022,0
-0.634918112038349,0.9009088760241706,0.8491410419312149,-0.791443851414443,-0.06640278899360229,0.9048055324001227,0.06599664927436881,1.4316811360790147,-0.7742393718600064,2.2964660716324943,-0.997471732522988,-1.9560789883265524,-1.0161329645585022,1
-1.143265377720465,-1.1099901739376037,0.8491410419312149,0.020489619119812015,-0.911310674287764,-1.177851894974348,2.4413740852880284,-0.8828162337175963,1.5587696839822078,1.952452633199907,-0.997471732522988,-0.09092794783573821,0.9841231756854657,0
-0.8043672005990544,-1.1099901739376037,-0.502969299721533,0.02653809944997403,-0.911310674287764,0.21058638994196582,-0.5040939353689095,0.853056793629862,0.001192415045823164,-0.6849837281165926,-0.7394662468772634,0.46464895784237664,0.9841231756854657,0
-0.8043672005990544,0.9009088760241706,-0.502969299721533,-0.7729036010029281,-0.404365943111267,0.9048055324001227,0.06599664927436881,0.853056793629862,-0.45869570099789353,2.0671237793441026,-0.4814607612315388,-0.7060309505507939,-1.0161329645585022,1
-0.2960199349169384,0.9009088760241706,-1.179024470547907,-0.7704715749693903,-0.7423290972289317,0.9048055324001227,0.06599664927436881,0.853056793629862,0.001192415045823164,2.0671237793441026,-0.4814607612315388,0.286070666731554,-1.0161329645585022,1
-0.634918112038349,0.9009088760241706,-0.502969299721533,0.02020535633667124,-0.06640278899360229,0.21058638994196582,0.5410721364771007,1.4316811360790147,0.001192415045823164,0.23238544103697253,-0.7394662468772634,-0.7853990799333818,0.9841231756854657,0
-0.9738162891597597,0.9009088760241706,0.8491410419312149,-0.7721929440450761,-0.911310674287764,0.9048055324001227,0.06599664927436881,0.2744324511807092,-0.6936750303632967,2.0671237793441026,-0.4814607612315388,-1.4401861473397315,-1.0161329645585022,1
-1.143265377720465,0.9009088760241706,1.5251962127575889,-0.7717033803630003,-0.911310674287764,0.9048055324001227,0.06599664927436881,0.853056793629862,0.001192415045823164,2.0671237793441026,-0.4814607612315388,-1.3806600503027906,-1.0161329645585022,1
-0.8043672005990544,0.9009088760241706,0.8491410419312149,0.020679127641905864,-0.911310674287764,-1.177851894974348,-0.5674373336626071,1.4316811360790147,-0.5661148229935064,-0.7996548742607882,-0.997471732522988,-0.26950623894656084,0.9841231756854657,0
-0.2960199349169384,0.9009088760241706,-1.179024470547907,0.021184483700822796,-0.404365943111267,-1.177851894974348,0.06599664927436881,0.853056793629862,0.4040141225293712,-0.2262991435398101,-0.7394662468772634,-0.8647672093159696,0.9841231756854657,0
-0.8043672005990544,-1.1099901739376037,-0.502969299721533,0.027943620988836744,-0.7423290972289317,-1.177851894974348,1.0161476236798326,-0.8828162337175963,1.7836784706605218,0.6910700256137552,-0.997471732522988,0.5241750548793175,-1.0161329645585022,0
-0.8043672005990544,0.9009088760241706,1.5251962127575889,-0.08888838288202118,-0.911310674287764,-1.177851894974348,1.3328646151483206,-0.3041918912684436,0.3637319517810161,1.1497546101905376,-0.7394662468772634,0.782121475372728,-1.0161329645585022,1
-0.46546902347764374,-1.1099901739376037,1.5251962127575889,0.020489619119812015,-0.5733475201700994,-1.177851894974348,-0.4090788379283631,-0.8828162337175963,-0.7977373047965461,-0.570312581972397,-0.7394662468772634,-0.03140185079879733,0.9841231756854657,0
-0.46546902347764374,-1.1099901739376037,-0.502969299721533,-0.7678816251674411,-0.911310674287764,0.9048055324001227,0.06599664927436881,-1.461440576166749,-1.1233515183457474,2.0671237793441026,-0.4814607612315388,-0.46792656240303043,-1.0161329645585022,1
-0.634918112038349,0.9009088760241706,0.8491410419312149,-0.7745618005712492,-0.7423290972289317,0.9048055324001227,0.06599664927436881,1.4316811360790147,0.11868207972852446,2.0671237793441026,-0.997471732522988,0.2463866020402601,-1.0161329645585022,1
-0.8043672005990544,0.9009088760241706,0.8491410419312149,-0.7674552309927299,-0.5733475201700994,0.9048055324001227,0.06599664927436881,1.4316811360790147,0.27645391515958084,2.0671237793441026,-0.7394662468772634,-0.5869787564769122,-1.0161329645585022,1
-0.634918112038349,0.9009088760241706,0.8491410419312149,-0.09026231966720158,-0.7423290972289317,-1.177851894974348,2.4413740852880284,-1.461440576166749,2.17642963545698,2.2964660716324943,-0.7394662468772634,-0.9838194033898514,-1.0161329645585022,1
-0.9738162891597597,0.9009088760241706,1.5251962127575889,0.0266170613341798,-0.911310674287764,-1.177851894974348,0.06599664927436881,-0.8828162337175963,-0.12972463988633004,-0.2262991435398101,-0.4814607612315388,0.6035431842619053,0.9841231756854657,0
-0.9738162891597597,0.9009088760241706,-0.502969299721533,-0.7773728436489746,-0.911310674287764,0.9048055324001227,0.06599664927436881,0.853056793629862,-0.811164695045998,2.1817949254882985,-0.997471732522988,0.16701847265767225,-1.0161329645585022,1
-0.46546902347764374,-1.1099901739376037,-1.179024470547907,0.02642755281208595,-0.7423290972289317,-1.177851894974348,0.8577891279455886,-0.3041918912684436,0.001192415045823164,0.4617277333253637,-0.4814607612315388,-1.3211339532658497,0.9841231756854657,0
-0.46546902347764374,0.9009088760241706,0.8491410419312149,-0.7734247494386861,-0.911310674287764,0.9048055324001227,0.06599664927436881,0.853056793629862,1.0418151593783211,2.0671237793441026,-0.997471732522988,-0.4877685947486774,-1.0161329645585022,1
-0.8043672005990544,0.9009088760241706,0.8491410419312149,0.025716895854234017,-0.7423290972289317,-1.177851894974348,1.0161476236798326,1.4316811360790147,-1.6705176710108995,0.6910700256137552,-0.997471732522988,0.4249648931510827,0.9841231756854657,0
-0.8043672005990544,-1.1099901739376037,0.8491410419312149,0.024595637098512077,-0.06640278899360229,-1.177851894974348,-0.6426576191363729,-0.8828162337175963,-1.3482603050240614,-0.7996548742607882,-0.4814607612315388,1.1392780575943733,0.9841231756854657,0
-0.9738162891597597,0.9009088760241706,-0.502969299721533,0.02975974432556946,-0.7423290972289317,-1.177851894974348,-0.7257958293968509,0.853056793629862,-0.34120603631519225,-0.9143260204049839,-0.997471732522988,-1.5790803737592602,0.9841231756854657,0
-0.46546902347764374,-1.1099901739376037,-0.502969299721533,0.031323189632843716,-0.7423290972289317,-1.177851894974348,-0.7257958293968509,0.2744324511807092,0.9377528849450718,-0.9143260204049839,-0.997471732522988,1.0003838311748445,-1.0161329645585022,0
-0.8043672005990544,0.9009088760241706,-0.502969299721533,-0.7557688721302759,-0.7423290972289317,0.9048055324001227,0.06599664927436881,-0.8828162337175963,1.5352717510456675,1.952452633199907,-0.997471732522988,0.6233852166075523,-1.0161329645585022,1
-0.634918112038349,-1.1099901739376037,-1.179024470547907,-0.0853350980927615,-0.911310674287764,-1.177851894974348,-1.121692068732461,-0.8828162337175963,0.001192415045823164,-1.2583394588375707,-0.4814607612315388,-0.38855843302044263,-1.0161329645585022,1
-0.46546902347764374,0.9009088760241706,1.5251962127575889,0.025022031273223236,0.10257878806523006,-1.177851894974348,-1.002923196931778,-0.3041918912684436,0.16232109803924238,-1.143668312693375,-0.997471732522988,1.8932752867289577,-1.0161329645585022,0
-0.9738162891597597,0.9009088760241706,1.5251962127575889,-0.7571743936691386,-0.5733475201700994,0.9048055324001227,0.06599664927436881,-1.461440576166749,-0.11965409719924096,1.952452633199907,-0.7394662468772634,0.16701847265767225,-1.0161329645585022,1
-0.2960199349169384,0.9009088760241706,-1.179024470547907,0.025874819622645557,-0.23538436605243465,-1.177851894974348,-0.4882580857954851,-0.3041918912684436,-1.2979075915886182,-0.6849837281165926,-0.997471732522988,-1.6187644384505542,-1.0161329645585022,0
-0.634918112038349,-1.1099901739376037,-0.502969299721533,-0.7534473927346262,-0.911310674287764,0.9048055324001227,0.06599664927436881,0.853056793629862,-0.005521280078902488,1.952452633199907,-0.4814607612315388,0.305912699077201,-1.0161329645585022,1
-0.8043672005990544,0.9009088760241706,-0.502969299721533,-0.2646733295009073,-0.911310674287764,-1.177851894974348,-0.963333572998217,0.2744324511807092,-0.0860856215756121,-0.9143260204049839,-0.7394662468772634,-0.7853990799333818,-1.0161329645585022,1
-0.9738162891597597,0.9009088760241706,-0.502969299721533,0.029159634005605607,-0.7423290972289317,-1.177851894974348,-0.8999901747045194,-0.8828162337175963,1.1223795008750308,-1.0289971665491795,-0.4814607612315388,0.821805540064022,-1.0161329645585022,0
-0.634918112038349,-1.1099901739376037,-1.179024470547907,-0.7554530245934528,-0.5733475201700994,0.9048055324001227,0.06599664927436881,-0.8828162337175963,1.8877407450937713,1.952452633199907,-0.997471732522988,0.782121475372728,-1.0161329645585022,1
-0.9738162891597597,0.9009088760241706,0.8491410419312149,0.037308500455641116,-0.911310674287764,-1.177851894974348,0.0026532509806712224,-0.8828162337175963,1.327147202179168,-0.2262991435398101,-0.4814607612315388,0.46464895784237664,-1.0161329645585022,0
-0.634918112038349,-1.1099901739376037,1.5251962127575889,0.033676253782175675,-0.7423290972289317,-1.177851894974348,0.38271364074285674,0.2744324511807092,0.6255660616453219,0.1177142948927768,-0.4814607612315388,1.1392780575943733,-1.0161329645585022,0
-0.9738162891597597,0.9009088760241706,0.8491410419312149,0.030770456443403326,-0.911310674287764,-1.177851894974348,-0.646616581529729,-0.8828162337175963,-0.25392799969375696,-0.7996548742607882,-0.4814607612315388,-1.2417658238832618,-1.0161329645585022,0
-0.9738162891597597,0.9009088760241706,0.8491410419312149,-0.7463882002866303,-0.7423290972289317,0.9048055324001227,0.06599664927436881,1.4316811360790147,0.8336906105118219,1.952452633199907,-0.7394662468772634,-0.11076998018138517,-1.0161329645585022,1
-1.143265377720465,0.9009088760241706,0.8491410419312149,-0.2524658222026952,-0.911310674287764,-1.177851894974348,-0.8841543251310949,0.2744324511807092,0.001192415045823164,-0.9143260204049839,-0.997471732522988,0.06780831092943747,-1.0161329645585022,1
-0.634918112038349,-1.1099901739376037,0.8491410419312149,-0.07884443121104717,-0.7423290972289317,-1.177851894974348,1.5862382083231108,-1.461440576166749,1.5587696839822078,1.379096902478929,-0.997471732522988,-1.8568688265983175,-1.0161329645585022,1
-0.9738162891597597,-1.1099901739376037,1.5251962127575889,-0.7413662244511433,-0.911310674287764,0.9048055324001227,0.06599664927436881,-0.8828162337175963,-1.1804179269059165,1.8377814870557112,-0.7394662468772634,0.38528082845978884,-1.0161329645585022,1
-0.634918112038349,0.9009088760241706,0.8491410419312149,0.02704345550889096,-0.911310674287764,-1.177851894974348,0.7627740305050422,-0.8828162337175963,0.23617174441122635,0.4617277333253637,-0.997471732522988,0.10749237562073138,0.9841231756854657,0
-0.9738162891597597,0.9009088760241706,0.8491410419312149,-0.7444931150656918,-0.911310674287764,0.9048055324001227,0.06599664927436881,0.853056793629862,1.6829730437896346,1.952452633199907,-0.997471732522988,-0.9838194033898514,-1.0161329645585022,1
-1.143265377720465,-1.1099901739376037,0.8491410419312149,-0.7479990227244281,-0.911310674287764,0.9048055324001227,0.06599664927436881,0.2744324511807092,0.001192415045823164,1.952452633199907,-0.997471732522988,1.317856348705196,-1.0161329645585022,1
-0.634918112038349,-1.1099901739376037,-1.179024470547907,-0.7445404921962153,-0.23538436605243465,0.9048055324001227,0.06599664927436881,0.2744324511807092,-1.4993184453303918,1.952452633199907,-0.4814607612315388,-0.9242933063529105,-1.0161329645585022,1
-0.634918112038349,-1.1099901739376037,-0.502969299721533,0.0337710080432226,0.10257878806523006,-1.177851894974348,-1.042512820865339,0.853056793629862,-1.0495008719737637,-1.143668312693375,-0.4814607612315388,-0.44808453005738347,-1.0161329645585022,0
-0.9738162891597597,0.9009088760241706,1.5251962127575889,-0.7452353567772261,-0.911310674287764,0.9048055324001227,0.06599664927436881,0.853056793629862,-0.37813135950118393,1.952452633199907,-0.997471732522988,-2.3926036999307856,-1.0161329645585022,1
-0.8043672005990544,0.9009088760241706,0.8491410419312149,-0.7365653418914325,-0.911310674287764,0.9048055324001227,0.06599664927436881,0.2744324511807092,-0.11965409719924096,1.8377814870557112,-0.7394662468772634,-0.22982217425526694,-1.0161329645585022,1
-0.8043672005990544,-1.1099901739376037,0.8491410419312149,-0.7313064804033282,-0.7423290972289317,0.9048055324001227,0.06599664927436881,0.2744324511807092,0.001192415045823164,1.8377814870557112,-0.997471732522988,-0.40840046536608954,-1.0161329645585022,1
-0.634918112038349,0.9009088760241706,-0.502969299721533,-0.7274373480772455,-0.404365943111267,0.9048055324001227,0.06599664927436881,-1.461440576166749,0.5785701957722418,1.8377814870557112,-0.997471732522988,0.46464895784237664,-1.0161329645585022,1
-0.9738162891597597,-1.1099901739376037,-1.179024470547907,-0.7315749508096279,-0.911310674287764,0.9048055324001227,0.06599664927436881,-0.8828162337175963,0.5382880250238866,1.8377814870557112,-0.4814607612315388,-0.8250831446246757,-1.0161329645585022,1
-0.9738162891597597,0.9009088760241706,0.8491410419312149,-0.7192884816272099,-0.5733475201700994,0.9048055324001227,0.06599664927436881,-0.8828162337175963,-0.2438574570066685,1.7231103409115156,-0.7394662468772634,0.18686050500331922,-1.0161329645585022,1
-0.8043672005990544,-1.1099901739376037,-0.502969299721533,-0.7135242640801887,-0.7423290972289317,0.9048055324001227,0.06599664927436881,-1.461440576166749,0.001192415045823164,1.7231103409115156,-0.997471732522988,-1.8370267942526706,-1.0161329645585022,1
-0.9738162891597597,-1.1099901739376037,1.5251962127575889,-0.7152614255327157,-0.7423290972289317,0.9048055324001227,0.06599664927436881,-0.8828162337175963,-1.8752853723150364,1.7231103409115156,-0.7394662468772634,-1.678290535487495,-1.0161329645585022,1
-0.634918112038349,-1.1099901739376037,-1.179024470547907,-0.7129557385139071,-0.5733475201700994,0.9048055324001227,0.06599664927436881,0.2744324511807092,-1.3751150855229646,1.7231103409115156,-0.7394662468772634,-0.9044512740072636,-1.0161329645585022,1
-0.46546902347764374,0.9009088760241706,0.8491410419312149,0.03465538114632723,-0.5733475201700994,-1.177851894974348,-1.042512820865339,0.2744324511807092,1.1223795008750308,-1.143668312693375,-0.7394662468772634,-1.5195542767223194,0.9841231756854657,0
-1.143265377720465,0.9009088760241706,-0.502969299721533,-0.7048068720638716,-0.911310674287764,0.9048055324001227,0.06599664927436881,0.853056793629862,0.1119683846037988,1.6084391947673204,-0.7394662468772634,0.3455967637684949,-1.0161329645585022,1
-0.46546902347764374,-1.1099901739376037,-0.502969299721533,-0.6944312804792334,-0.7423290972289317,0.9048055324001227,0.06599664927436881,1.4316811360790147,-1.1804179269059165,1.6084391947673204,-0.997471732522988,-0.4877685947486774,-1.0161329645585022,1
-0.9738162891597597,-1.1099901739376037,0.8491410419312149,-0.6992163706621031,-0.911310674287764,0.9048055324001227,0.06599664927436881,0.2744324511807092,-1.2475548781531747,1.6084391947673204,-0.7394662468772634,0.7027533459901402,-1.0161329645585022,1
-0.9738162891597597,-1.1099901739376037,-0.502969299721533,0.034765927784215306,-0.911310674287764,-1.177851894974348,0.0026532509806712224,-0.8828162337175963,1.2700807936189982,-0.2262991435398101,-0.4814607612315388,0.2463866020402601,0.9841231756854657,0
-0.634918112038349,-1.1099901739376037,1.5251962127575889,-0.7019010747250993,-0.23538436605243465,0.9048055324001227,0.06599664927436881,1.4316811360790147,-0.08944246913797492,1.6084391947673204,-0.997471732522988,0.9606997664835506,-1.0161329645585022,1
-1.143265377720465,0.9009088760241706,0.8491410419312149,-0.6977476796158758,-0.911310674287764,0.9048055324001227,0.06599664927436881,-1.461440576166749,-0.33784918875282943,1.6084391947673204,-0.4814607612315388,-0.17029607721832604,-1.0161329645585022,1
-0.9738162891597597,0.9009088760241706,-1.179024470547907,0.04304113324898005,-0.7423290972289317,-1.177851894974348,-0.5040939353689095,1.4316811360790147,-1.2979075915886182,-0.6849837281165926,-0.7394662468772634,-1.0235034680811452,-1.0161329645585022,0
-0.8043672005990544,0.9009088760241706,-1.179024470547907,-0.08097640208460298,-0.911310674287764,-1.177851894974348,-1.248378865319856,-1.461440576166749,1.934736610966852,-1.3730106049817663,-0.4814607612315388,-2.4521297969677263,-1.0161329645585022,1
-0.2960199349169384,0.9009088760241706,1.5251962127575889,0.034734343030533,-0.404365943111267,-1.177851894974348,-1.1375279183058853,-1.461440576166749,-0.8447331706696268,-1.2583394588375707,-0.4814607612315388,-0.36871640067479566,-1.0161329645585022,0
-0.2960199349169384,-1.1099901739376037,1.5251962127575889,-0.6918413306772841,-0.23538436605243465,0.9048055324001227,0.06599664927436881,-0.3041918912684436,0.23617174441122635,1.6084391947673204,-0.4814607612315388,-1.4005020826484376,-1.0161329645585022,1
-0.634918112038349,-1.1099901739376037,-0.502969299721533,0.041635611710117336,-0.911310674287764,-1.177851894974348,0.38271364074285674,-1.461440576166749,-0.0860856215756121,0.1177142948927768,-0.997471732522988,1.1194360252487263,-1.0161329645585022,0
-0.8043672005990544,0.9009088760241706,-0.502969299721533,0.03972473411233769,-0.23538436605243465,-1.177851894974348,0.38271364074285674,1.4316811360790147,-1.173704231781191,0.1177142948927768,-0.7394662468772634,-0.09092794783573821,0.9841231756854657,0
-0.46546902347764374,-1.1099901739376037,0.8491410419312149,0.04964234676858246,-0.7423290972289317,-1.177851894974348,-0.4882580857954851,-0.3041918912684436,1.7736079279734327,-0.6849837281165926,-0.7394662468772634,0.20670253734896618,-1.0161329645585022,0
-0.8043672005990544,0.9009088760241706,0.8491410419312149,-0.680755082134794,-0.5733475201700994,0.9048055324001227,0.06599664927436881,-0.3041918912684436,1.4312094766124175,1.4937680486231246,-0.4814607612315388,-0.4877685947486774,-1.0161329645585022,1
-0.9738162891597597,0.9009088760241706,0.8491410419312149,0.03778227176087574,-0.911310674287764,-1.177851894974348,1.6495816066168083,-0.8828162337175963,1.934736610966852,1.1497546101905376,-0.4814607612315388,-0.22982217425526694,0.9841231756854657,0
-0.9738162891597597,-1.1099901739376037,0.8491410419312149,0.037419047093529195,-0.5733475201700994,-1.177851894974348,1.0161476236798326,-1.461440576166749,-1.0427871768490378,0.5763988794695595,-0.4814607612315388,-0.09092794783573821,-1.0161329645585022,0
-0.8043672005990544,0.9009088760241706,-0.502969299721533,-0.6764911403876823,-0.7423290972289317,0.9048055324001227,0.06599664927436881,-0.8828162337175963,1.0015329886299666,1.4937680486231246,-0.997471732522988,1.0400678958661385,-1.0161329645585022,1
-1.143265377720465,-1.1099901739376037,0.8491410419312149,-0.6765701022718882,-0.404365943111267,0.9048055324001227,0.06599664927436881,1.4316811360790147,0.3301634761573873,1.4937680486231246,-0.4814607612315388,-0.5274526594399713,-1.0161329645585022,1
-0.634918112038349,0.9009088760241706,-0.502969299721533,-0.6804550269748121,-0.06640278899360229,0.9048055324001227,0.06599664927436881,0.853056793629862,2.780662196682302,1.4937680486231246,-0.7394662468772634,1.238488219322608,-1.0161329645585022,1
-0.8043672005990544,0.9009088760241706,0.8491410419312149,-0.6766964412866173,-0.23538436605243465,0.9048055324001227,0.06599664927436881,-1.461440576166749,-1.1804179269059165,1.4937680486231246,-0.997471732522988,-0.32903233598350173,-1.0161329645585022,1
-0.2960199349169384,-1.1099901739376037,-1.179024470547907,-0.6755120130235308,-0.5733475201700994,0.9048055324001227,0.06599664927436881,-1.461440576166749,-1.3482603050240614,1.4937680486231246,-0.4814607612315388,0.028124246238143545,-1.0161329645585022,1
-0.9738162891597597,-1.1099901739376037,-1.179024470547907,0.04376758258367314,-0.7423290972289317,-1.177851894974348,-0.09236184645987515,-0.8828162337175963,1.4312094766124175,-0.34097028968400567,-0.997471732522988,1.1591200899400202,-1.0161329645585022,0
-0.8043672005990544,0.9009088760241706,1.5251962127575889,-0.24725433784511433,-0.5733475201700994,-1.177851894974348,-0.2507203421941191,0.2744324511807092,1.7736079279734327,-0.2262991435398101,-0.997471732522988,-2.670392152769843,-1.0161329645585022,1
-0.46546902347764374,0.9009088760241706,-1.179024470547907,0.04229889153744581,-0.911310674287764,0.21058638994196582,-0.5674373336626071,-0.3041918912684436,0.4745079213389917,-0.7996548742607882,-0.4814607612315388,-0.24966420660091387,0.9841231756854657,0
-0.8043672005990544,-1.1099901739376037,-1.179024470547907,0.04730507499609165,-0.911310674287764,-1.177851894974348,0.06599664927436881,0.2744324511807092,-0.3680608168140954,-0.2262991435398101,-0.4814607612315388,-1.3806600503027906,0.9841231756854657,0
-1.143265377720465,-1.1099901739376037,-1.179024470547907,-0.2480913338176955,-0.911310674287764,-1.177851894974348,2.66307597931597,0.2744324511807092,1.8407448792206904,3.0991640946418633,-0.7394662468772634,-0.44808453005738347,-1.0161329645585022,1
-0.9738162891597597,-1.1099901739376037,-1.179024470547907,0.042377853421651575,-0.5733475201700994,-1.177851894974348,0.22435514500861276,-0.8828162337175963,-1.3482603050240614,-0.11162799739561437,-0.4814607612315388,0.16701847265767225,0.9841231756854657,0
-0.8043672005990544,-1.1099901739376037,1.5251962127575889,0.040909162375424246,-0.5733475201700994,-1.177851894974348,0.30353439287573475,-0.8828162337175963,-0.34120603631519225,0.003043148748581378,-0.7394662468772634,1.337698381050843,-1.0161329645585022,0
-0.9738162891597597,-1.1099901739376037,-1.179024470547907,-0.6791600520738375,-0.911310674287764,0.9048055324001227,0.06599664927436881,-1.461440576166749,-0.21364582894540246,1.4937680486231246,-0.4814607612315388,0.12733440796637835,-1.0161329645585022,1
-0.634918112038349,0.9009088760241706,-0.502969299721533,-0.6820658494126097,-0.5733475201700994,0.9048055324001227,0.06599664927436881,0.2744324511807092,-1.7510820125076092,1.4937680486231246,-0.4814607612315388,-0.8846092416616166,-1.0161329645585022,1
-0.634918112038349,-1.1099901739376037,-1.179024470547907,0.04424135388890776,-0.911310674287764,-1.177851894974348,-0.2507203421941191,0.2744324511807092,-1.1804179269059165,-0.45564143582820127,-0.4814607612315388,0.4844909901880236,0.9841231756854657,0
-0.46546902347764374,-1.1099901739376037,-0.502969299721533,-0.6737590591941627,-0.7423290972289317,0.9048055324001227,0.06599664927436881,0.2744324511807092,-1.173704231781191,1.4937680486231246,-0.997471732522988,0.06780831092943747,-1.0161329645585022,1
-0.9738162891597597,-1.1099901739376037,0.8491410419312149,0.044604578556254305,-0.5733475201700994,-1.177851894974348,-0.4882580857954851,1.4316811360790147,-1.6839450612603513,-0.6849837281165926,-0.4814607612315388,-1.12271362980938,0.9841231756854657,0
-0.9738162891597597,0.9009088760241706,-1.179024470547907,-0.6804550269748121,-0.911310674287764,0.9048055324001227,0.06599664927436881,-0.8828162337175963,0.2865244578466693,1.4937680486231246,-0.997471732522988,1.1789621222856672,-1.0161329645585022,1
-0.9738162891597597,-1.1099901739376037,-1.179024470547907,0.04193566687009926,-0.911310674287764,-1.177851894974348,0.06599664927436881,0.853056793629862,-1.1804179269059165,-0.2262991435398101,-0.997471732522988,-0.2893482712922078,-1.0161329645585022,0
-0.46546902347764374,0.9009088760241706,0.8491410419312149,0.043578074061579285,0.2715603651240624,-1.177851894974348,-0.4882580857954851,1.4316811360790147,0.665848232393677,-0.6849837281165926,-0.7394662468772634,0.38528082845978884,0.9841231756854657,0
-0.9738162891597597,0.9009088760241706,1.5251962127575889,-0.6720850672490004,-0.911310674287764,0.9048055324001227,0.06599664927436881,-0.8828162337175963,1.1223795008750308,1.4937680486231246,-0.7394662468772634,-0.7258729828964409,-1.0161329645585022,1
-0.9738162891597597,-1.1099901739376037,1.5251962127575889,-0.6784178103623032,-0.7423290972289317,0.9048055324001227,0.06599664927436881,0.853056793629862,0.9981761410676039,1.4937680486231246,-0.997471732522988,-0.051243883144444294,-1.0161329645585022,1
-0.46546902347764374,0.9009088760241706,0.8491410419312149,0.04646807902351049,0.10257878806523006,-1.177851894974348,-0.2507203421941191,-1.461440576166749,0.001192415045823164,-0.45564143582820127,-0.7394662468772634,-0.8647672093159696,0.9841231756854657,0
-0.634918112038349,0.9009088760241706,-0.502969299721533,-0.675022449341455,-0.7423290972289317,0.9048055324001227,0.06599664927436881,-1.461440576166749,0.001192415045823164,1.4937680486231246,-0.7394662468772634,-0.6663468858595001,-1.0161329645585022,1
-0.2960199349169384,0.9009088760241706,1.5251962127575889,0.039772111242861154,-0.23538436605243465,-1.177851894974348,0.06599664927436881,-0.8828162337175963,-0.8447331706696268,-0.2262991435398101,-0.7394662468772634,0.9606997664835506,0.9841231756854657,0
-0.9738162891597597,-1.1099901739376037,-0.502969299721533,0.04073544623017155,-0.911310674287764,-1.177851894974348,0.06599664927436881,0.853056793629862,-0.08944246913797492,-0.2262991435398101,-0.997471732522988,1.1789621222856672,0.9841231756854657,0
-0.2960199349169384,-1.1099901739376037,0.17308587110484092,0.04191987449325811,-0.404365943111267,-1.177851894974348,0.06599664927436881,-1.461440576166749,-1.7510820125076092,-0.2262991435398101,-0.997471732522988,1.694854963272488,-1.0161329645585022,0
-0.46546902347764374,-1.1099901739376037,0.8491410419312149,-0.6803918574674475,-0.23538436605243465,0.9048055324001227,0.06599664927436881,0.2744324511807092,-1.173704231781191,1.4937680486231246,-0.7394662468772634,0.3455967637684949,-1.0161329645585022,1
-0.634918112038349,0.9009088760241706,1.5251962127575889,0.0480789014613082,-0.7423290972289317,-1.177851894974348,-0.5674373336626071,1.4316811360790147,0.001192415045823164,-0.7996548742607882,-0.997471732522988,1.317856348705196,0.9841231756854657,0
-0.8043672005990544,0.9009088760241706,-0.502969299721533,0.039708941735496536,-0.911310674287764,-1.177851894974348,0.026407025340807817,1.4316811360790147,-0.21364582894540246,-0.2262991435398101,-0.7394662468772634,1.4964346398160184,-1.0161329645585022,0
-0.8043672005990544,0.9009088760241706,-1.179024470547907,-0.6836766718504075,-0.911310674287764,0.9048055324001227,0.06599664927436881,0.853056793629862,0.15896425047687956,1.4937680486231246,-0.4814607612315388,-0.7060309505507939,-1.0161329645585022,1
-0.8043672005990544,0.9009088760241706,0.8491410419312149,-0.6805813659895412,-0.404365943111267,0.9048055324001227,0.06599664927436881,0.2744324511807092,0.3939435798422821,1.4937680486231246,-0.7394662468772634,0.46464895784237664,-1.0161329645585022,1
-0.8043672005990544,0.9009088760241706,-1.179024470547907,0.044620370933095455,-0.911310674287764,-1.177851894974348,0.06599664927436881,1.4316811360790147,-0.21364582894540246,-0.2262991435398101,-0.997471732522988,-1.102871597463733,0.9841231756854657,0
-1.143265377720465,-1.1099901739376037,-0.502969299721533,-0.6763332166192708,-0.911310674287764,0.9048055324001227,0.06599664927436881,0.2744324511807092,0.04483143335654109,1.4937680486231246,-0.997471732522988,0.40512286080543575,-1.0161329645585022,1
-0.9738162891597597,0.9009088760241706,-0.502969299721533,-0.6795864462485486,-0.911310674287764,0.9048055324001227,0.06599664927436881,1.4316811360790147,0.04483143335654109,1.4937680486231246,-0.997471732522988,-0.03140185079879733,-1.0161329645585022,1
-0.8043672005990544,0.9009088760241706,0.8491410419312149,0.041319764173294256,-0.911310674287764,-1.177851894974348,0.38271364074285674,0.853056793629862,-1.8752853723150364,0.1177142948927768,-0.4814607612315388,0.12733440796637835,0.9841231756854657,0
-0.8043672005990544,0.9009088760241706,-0.502969299721533,-0.6769333269392347,-0.7423290972289317,0.9048055324001227,0.06599664927436881,0.853056793629862,0.04483143335654109,1.4937680486231246,-0.997471732522988,0.3654387961141419,-1.0161329645585022,1
-0.634918112038349,0.9009088760241706,0.8491410419312149,-0.678196717086527,-0.911310674287764,0.9048055324001227,0.06599664927436881,0.2744324511807092,1.2096575374964662,1.4937680486231246,-0.7394662468772634,-0.5076106270943244,-1.0161329645585022,1
-0.8043672005990544,-1.1099901739376037,0.8491410419312149,-0.6894250970205875,-0.911310674287764,0.9048055324001227,0.06599664927436881,0.853056793629862,0.001192415045823164,1.6084391947673204,-0.4814607612315388,-1.2616078562289088,-1.0161329645585022,1
-0.2960199349169384,-1.1099901739376037,0.8491410419312149,0.04379916733735544,-0.404365943111267,-1.177851894974348,-0.9474977234247925,0.2744324511807092,-1.4993184453303918,-1.143668312693375,-0.7394662468772634,0.6035431842619053,0.9841231756854657,0
-0.9738162891597597,-1.1099901739376037,-1.179024470547907,0.03735587758616458,-0.911310674287764,-1.177851894974348,0.06599664927436881,-0.8828162337175963,0.001192415045823164,-0.2262991435398101,-0.997471732522988,-0.40840046536608954,0.9841231756854657,0
-0.9738162891597597,0.9009088760241706,0.8491410419312149,0.04496780322360085,-0.911310674287764,-1.177851894974348,0.5410721364771007,0.2744324511807092,-1.0495008719737637,0.23238544103697253,-0.997471732522988,-2.789444346843725,0.9841231756854657,0
-0.9738162891597597,-1.1099901739376037,0.8491410419312149,-0.6723219529016177,-0.911310674287764,0.9048055324001227,0.06599664927436881,0.2744324511807092,-0.46205254856025635,1.4937680486231246,-0.4814607612315388,1.298014316359549,-1.0161329645585022,1
-0.634918112038349,0.9009088760241706,-0.502969299721533,0.04501518035412431,-0.06640278899360229,-1.177851894974348,-0.5674373336626071,-0.8828162337175963,-1.0495008719737637,-0.7996548742607882,-0.997471732522988,-0.11076998018138517,-1.0161329645585022,0
-0.9738162891597597,-1.1099901739376037,0.8491410419312149,-0.6775334372591986,-0.911310674287764,0.9048055324001227,0.06599664927436881,0.2744324511807092,0.5114332445249834,1.4937680486231246,-0.4814607612315388,-0.7258729828964409,-1.0161329645585022,1
-0.9738162891597597,0.9009088760241706,-0.502969299721533,0.042519984813221966,-0.911310674287764,-1.177851894974348,-0.963333572998217,0.2744324511807092,-1.5496711587658354,-1.143668312693375,-0.4814607612315388,1.258330251668255,-1.0161329645585022,0
-0.634918112038349,0.9009088760241706,-1.179024470547907,-0.6813236077010755,-0.911310674287764,0.9048055324001227,0.06599664927436881,-1.461440576166749,0.2193875065994116,1.4937680486231246,-0.997471732522988,-1.5592383414136133,-1.0161329645585022,1
-0.634918112038349,0.9009088760241706,1.5251962127575889,-0.6758120681835127,-0.06640278899360229,0.9048055324001227,0.06599664927436881,0.853056793629862,-0.8816584938556186,1.4937680486231246,-0.997471732522988,-0.7457150152420878,-1.0161329645585022,1
-0.8043672005990544,-1.1099901739376037,0.8491410419312149,0.044146599627860834,-0.7423290972289317,0.21058638994196582,0.6994306322113446,1.4316811360790147,0.001192415045823164,0.3470565871811683,-0.7394662468772634,0.2463866020402601,0.9841231756854657,0
-0.8043672005990544,-1.1099901739376037,-0.502969299721533,-0.6713112407837838,-0.911310674287764,0.9048055324001227,0.06599664927436881,-1.461440576166749,-0.21364582894540246,1.4937680486231246,-0.4814607612315388,0.0479662785837905,-1.0161329645585022,1
-0.2960199349169384,-1.1099901739376037,1.5251962127575889,-0.6613936281275391,-0.7423290972289317,0.9048055324001227,0.06599664927436881,-1.461440576166749,0.16232109803924238,1.379096902478929,-0.7394662468772634,0.26622863438590705,-1.0161329645585022,1
-0.46546902347764374,-1.1099901739376037,0.8491410419312149,-0.6635729761316184,-0.06640278899360229,0.9048055324001227,0.06599664927436881,-0.8828162337175963,-0.21364582894540246,1.379096902478929,-0.997471732522988,-0.686188918205147,-1.0161329645585022,1
-0.9738162891597597,-1.1099901739376037,1.5251962127575889,0.04416239200470199,-0.911310674287764,-1.177851894974348,0.8261174287987398,-0.8828162337175963,-0.37813135950118393,0.4617277333253637,-0.4814607612315388,-0.22982217425526694,0.9841231756854657,0
-0.2960199349169384,0.9009088760241706,1.5251962127575889,-0.6628465267969252,-0.911310674287764,0.9048055324001227,0.06599664927436881,-1.461440576166749,-1.0495008719737637,1.379096902478929,-0.997471732522988,-0.190138109563973,-1.0161329645585022,1
-0.2960199349169384,0.9009088760241706,-0.502969299721533,0.04424135388890776,0.10257878806523006,-1.177851894974348,-0.4882580857954851,-0.8828162337175963,0.001192415045823164,-0.6849837281165926,-0.997471732522988,-1.0036614357354983,-1.0161329645585022,0
-0.9738162891597597,-1.1099901739376037,-1.179024470547907,-0.6605566321549579,-0.911310674287764,0.9048055324001227,0.06599664927436881,0.853056793629862,-0.707102420612748,1.379096902478929,-0.4814607612315388,0.8614896047553159,-1.0161329645585022,1
-0.2960199349169384,-1.1099901739376037,1.5251962127575889,0.041019709013312325,-0.23538436605243465,0.21058638994196582,2.3226052134873454,0.853056793629862,0.3939435798422821,1.7231103409115156,-0.4814607612315388,1.3773824457421369,0.9841231756854657,0
-0.634918112038349,0.9009088760241706,-0.502969299721533,0.03808232692085767,-0.7423290972289317,-1.177851894974348,-0.9474977234247925,-0.3041918912684436,-1.0964967378468442,-1.143668312693375,-0.4814607612315388,0.4448069254967297,0.9841231756854657,0
-0.634918112038349,-1.1099901739376037,-1.179024470547907,-0.6609198568223045,-0.23538436605243465,0.9048055324001227,0.06599664927436881,1.4316811360790147,1.223084927745918,1.379096902478929,-0.997471732522988,-0.8052411122790287,-1.0161329645585022,1
-0.2960199349169384,-1.1099901739376037,0.8491410419312149,0.04004058164916077,0.10257878806523006,0.21058638994196582,1.8079401023510524,0.853056793629862,0.9780350556934264,1.2644257563347332,-0.4814607612315388,0.8614896047553159,-1.0161329645585022,0
-0.9738162891597597,0.9009088760241706,-1.179024470547907,-0.6527078208649043,-0.5733475201700994,0.9048055324001227,0.06599664927436881,1.4316811360790147,2.8243012149930204,1.379096902478929,-0.997471732522988,0.4448069254967297,-1.0161329645585022,1
-0.9738162891597597,0.9009088760241706,-0.502969299721533,-0.6601934074876114,-0.5733475201700994,0.9048055324001227,0.06599664927436881,0.853056793629862,0.001192415045823164,1.379096902478929,-0.4814607612315388,0.46464895784237664,-1.0161329645585022,1
-0.8043672005990544,-1.1099901739376037,-0.502969299721533,-0.6518234477617997,-0.7423290972289317,0.9048055324001227,0.06599664927436881,0.2744324511807092,-1.173704231781191,1.379096902478929,-0.997471732522988,-0.5076106270943244,-1.0161329645585022,1
-0.46546902347764374,-1.1099901739376037,0.8491410419312149,-0.06921108133794318,-0.7423290972289317,-1.177851894974348,1.6495816066168083,-0.3041918912684436,2.02537149515065,1.379096902478929,-0.7394662468772634,-0.5671367241312653,-1.0161329645585022,1
-0.46546902347764374,0.9009088760241706,-0.502969299721533,-0.6514918078481354,-0.5733475201700994,0.9048055324001227,0.06599664927436881,0.2744324511807092,-0.3680608168140954,1.379096902478929,-0.4814607612315388,-1.102871597463733,-1.0161329645585022,1
-0.8043672005990544,-1.1099901739376037,-1.179024470547907,0.04225151440692235,-0.911310674287764,-1.177851894974348,-0.8841543251310949,-0.8828162337175963,0.001192415045823164,-1.0289971665491795,-0.4814607612315388,0.7622794430270811,0.9841231756854657,0
-0.634918112038349,-1.1099901739376037,-0.502969299721533,0.04288320948056851,-0.5733475201700994,-1.177851894974348,-0.646616581529729,0.853056793629862,1.5688402266692962,-0.7996548742607882,-0.4814607612315388,-1.142555662155027,0.9841231756854657,0
-0.2960199349169384,-1.1099901739376037,1.5251962127575889,0.04274107808899812,-0.7423290972289317,-1.177851894974348,0.38271364074285674,-0.8828162337175963,0.001192415045823164,0.1177142948927768,-0.7394662468772634,-0.7457150152420878,-1.0161329645585022,0
-0.8043672005990544,0.9009088760241706,-0.502969299721533,0.04488884133939507,-0.06640278899360229,-1.177851894974348,-1.359229812333827,-0.8828162337175963,-1.0092187012254088,-1.487681751125962,-0.7394662468772634,1.238488219322608,-1.0161329645585022,0
-0.9738162891597597,0.9009088760241706,-1.179024470547907,-0.6603039541254995,-0.911310674287764,0.9048055324001227,0.06599664927436881,0.853056793629862,0.5785701957722418,1.379096902478929,-0.4814607612315388,0.38528082845978884,-1.0161329645585022,1
-0.8043672005990544,0.9009088760241706,-1.179024470547907,0.03912462379237384,-0.911310674287764,-1.177851894974348,1.8079401023510524,-1.461440576166749,0.6154955189582334,1.2644257563347332,-0.997471732522988,-1.182239726846321,0.9841231756854657,0
-0.2960199349169384,0.9009088760241706,1.5251962127575889,-0.246196248596757,-0.23538436605243465,-1.177851894974348,-0.3298995900612411,0.2744324511807092,0.9377528849450718,-0.2262991435398101,-0.997471732522988,-0.44808453005738347,-1.0161329645585022,1
-0.8043672005990544,0.9009088760241706,1.5251962127575889,-0.0712009208199286,-0.911310674287764,-1.177851894974348,-0.09236184645987515,-0.3041918912684436,0.007906110170548816,-0.2262991435398101,-0.997471732522988,0.9011736694466097,-1.0161329645585022,1
-0.634918112038349,-1.1099901739376037,-1.179024470547907,0.04525206600674162,-0.404365943111267,-1.177851894974348,-0.8524826259842462,-0.3041918912684436,-1.8752853723150364,-1.0289971665491795,-0.4814607612315388,-1.7576586648700827,0.9841231756854657,0
-0.2960199349169384,0.9009088760241706,1.5251962127575889,-0.6356520538764578,0.10257878806523006,0.9048055324001227,0.06599664927436881,0.853056793629862,-1.3482603050240614,1.2644257563347332,-0.7394662468772634,1.1194360252487263,-1.0161329645585022,1
-0.634918112038349,-1.1099901739376037,0.8491410419312149,0.04853688038970167,-0.404365943111267,-1.177851894974348,-0.8841543251310949,-0.8828162337175963,-1.5496711587658354,-1.0289971665491795,-0.7394662468772634,1.2186461869769611,-1.0161329645585022,0
-0.2960199349169384,-1.1099901739376037,-0.502969299721533,-0.24624362572728048,-0.06640278899360229,-1.177851894974348,-0.8841543251310949,0.2744324511807092,0.2965950005337584,-0.9143260204049839,-0.4814607612315388,0.5043330225336705,-1.0161329645585022,1
-1.143265377720465,0.9009088760241706,-1.179024470547907,0.047162943604521265,-0.911310674287764,-1.177851894974348,1.0161476236798326,-0.8828162337175963,0.0851136041048956,0.5763988794695595,-0.7394662468772634,-0.9639773710442044,-1.0161329645585022,0
-0.8043672005990544,-1.1099901739376037,1.5251962127575889,-0.6445115772843454,-0.7423290972289317,0.9048055324001227,0.06599664927436881,0.2744324511807092,-1.2475548781531747,1.379096902478929,-0.7394662468772634,0.5837011519162584,-1.0161329645585022,1
-0.8043672005990544,0.9009088760241706,0.8491410419312149,-0.6431218481223238,-0.5733475201700994,0.9048055324001227,0.06599664927436881,1.4316811360790147,0.7061304031420315,1.379096902478929,-0.4814607612315388,1.0599099282117854,-1.0161329645585022,1
-0.634918112038349,0.9009088760241706,-0.502969299721533,0.045078349861488926,-0.404365943111267,-1.177851894974348,-0.23488449262069472,1.4316811360790147,0.001192415045823164,-0.45564143582820127,-0.4814607612315388,-0.13061201252703214,0.9841231756854657,0
-0.9738162891597597,-1.1099901739376037,1.5251962127575889,-0.6343412865986421,-0.7423290972289317,0.9048055324001227,0.06599664927436881,1.4316811360790147,1.6997572816014495,1.2644257563347332,-0.997471732522988,0.0479662785837905,-1.0161329645585022,1
-0.9738162891597597,0.9009088760241706,0.8491410419312149,-0.6375155543437141,-0.23538436605243465,0.9048055324001227,0.06599664927436881,1.4316811360790147,0.7430557263280237,1.2644257563347332,-0.7394662468772634,0.7622794430270811,-1.0161329645585022,1
-0.46546902347764374,0.9009088760241706,1.5251962127575889,0.04624698574773433,-0.5733475201700994,-1.177851894974348,1.1745061194140765,-0.8828162337175963,0.001192415045823164,0.8057411717579506,-0.7394662468772634,1.5956448015442533,-1.0161329645585022,0
-0.8043672005990544,0.9009088760241706,0.8491410419312149,-0.6352098673249056,-0.911310674287764,0.9048055324001227,0.06599664927436881,0.2744324511807092,0.9343960373827085,1.2644257563347332,-0.7394662468772634,-1.4203441149940845,-1.0161329645585022,1
-0.9738162891597597,0.9009088760241706,0.8491410419312149,-0.6367733126321798,-0.911310674287764,0.9048055324001227,0.06599664927436881,-0.8828162337175963,0.8739727812601764,1.2644257563347332,-0.4814607612315388,-0.20998014190961997,-1.0161329645585022,1
-1.143265377720465,0.9009088760241706,0.8491410419312149,-0.6317829215503752,-0.911310674287764,0.9048055324001227,0.06599664927436881,-0.8828162337175963,0.15896425047687956,1.2644257563347332,-0.997471732522988,0.4844909901880236,-1.0161329645585022,1
-0.2960199349169384,0.9009088760241706,1.5251962127575889,0.05082677503166901,-0.404365943111267,-1.177851894974348,0.1451758971414908,0.853056793629862,-1.3751150855229646,-0.11162799739561437,-0.7394662468772634,0.5638591195706114,0.9841231756854657,0
-0.46546902347764374,0.9009088760241706,-1.179024470547907,-0.06805823782853894,-0.06640278899360229,0.21058638994196582,-0.8841543251310949,0.853056793629862,2.478545916069642,-1.0289971665491795,-0.997471732522988,-0.8449251769703227,-1.0161329645585022,1
-0.634918112038349,0.9009088760241706,-1.179024470547907,0.05068464364009863,-0.06640278899360229,-1.177851894974348,-1.042512820865339,0.853056793629862,-1.8752853723150364,-1.143668312693375,-0.4814607612315388,1.6551708985811941,-1.0161329645585022,0
-0.8043672005990544,0.9009088760241706,0.8491410419312149,-0.6300931372283717,-0.5733475201700994,0.9048055324001227,0.06599664927436881,0.853056793629862,0.04483143335654109,1.2644257563347332,-0.7394662468772634,-2.4521297969677263,-1.0161329645585022,1
-0.9738162891597597,0.9009088760241706,-0.502969299721533,-0.6284507300368917,-0.911310674287764,0.9048055324001227,0.06599664927436881,1.4316811360790147,0.15896425047687956,1.2644257563347332,-0.7394662468772634,-2.5513399586959613,-1.0161329645585022,1
-0.634918112038349,-1.1099901739376037,0.8491410419312149,0.04714715122768011,-0.5733475201700994,0.21058638994196582,-0.5674373336626071,0.2744324511807092,-1.4993184453303918,-0.7996548742607882,-0.4814607612315388,0.18686050500331922,0.9841231756854657,0
-0.8043672005990544,-1.1099901739376037,0.8491410419312149,0.05163218625056787,-0.911310674287764,-1.177851894974348,-1.2325430157464317,1.4316811360790147,-0.7138161157374736,-1.3730106049817663,-0.4814607612315388,-0.13061201252703214,0.9841231756854657,0
-0.46546902347764374,0.9009088760241706,0.8491410419312149,-0.6260029116265128,-0.911310674287764,0.9048055324001227,0.06599664927436881,1.4316811360790147,-1.173704231781191,1.2644257563347332,-0.4814607612315388,-1.3806600503027906,0.9841231756854657,0
-0.2960199349169384,-1.1099901739376037,0.8491410419312149,-0.6193385285995457,0.4405419421828948,0.9048055324001227,0.06599664927436881,0.853056793629862,0.23617174441122635,1.2644257563347332,-0.7394662468772634,-0.2893482712922078,0.9841231756854657,0
-0.8043672005990544,-1.1099901739376037,1.5251962127575889,-0.6228444362582819,-0.911310674287764,0.9048055324001227,0.06599664927436881,-0.8828162337175963,1.223084927745918,1.2644257563347332,-0.7394662468772634,0.8614896047553159,-1.0161329645585022,0
-0.8043672005990544,0.9009088760241706,0.8491410419312149,-0.6138743662125065,-0.7423290972289317,0.9048055324001227,0.06599664927436881,-0.8828162337175963,0.3301634761573873,1.1497546101905376,-0.4814607612315388,-0.03140185079879733,-1.0161329645585022,0
-0.8043672005990544,0.9009088760241706,-0.502969299721533,-0.6179961765680476,-0.7423290972289317,0.9048055324001227,0.06599664927436881,0.2744324511807092,-1.8752853723150364,1.2644257563347332,-0.7394662468772634,-0.13061201252703214,-1.0161329645585022,0
-1.143265377720465,0.9009088760241706,0.8491410419312149,-0.61720655772599,-0.7423290972289317,0.9048055324001227,0.06599664927436881,-1.461440576166749,0.001192415045823164,1.1497546101905376,-0.4814607612315388,-1.8568688265983175,-1.0161329645585022,1
-0.2960199349169384,-1.1099901739376037,-1.179024470547907,-0.621928478401495,-0.7423290972289317,0.9048055324001227,0.06599664927436881,0.2744324511807092,0.16232109803924238,1.2644257563347332,-0.997471732522988,-1.5393963090679663,0.9841231756854657,0
-0.9738162891597597,-1.1099901739376037,-0.502969299721533,0.052737652629448656,-0.911310674287764,-1.177851894974348,0.38271364074285674,0.853056793629862,0.001192415045823164,0.003043148748581378,-0.4814607612315388,-0.5076106270943244,0.9841231756854657,0
-1.143265377720465,0.9009088760241706,-0.502969299721533,-0.6150272097219107,-0.911310674287764,0.9048055324001227,0.06599664927436881,-1.461440576166749,0.27645391515958084,1.1497546101905376,-0.7394662468772634,1.1194360252487263,0.9841231756854657,0
-0.8043672005990544,-1.1099901739376037,-1.179024470547907,-0.6132426711388602,-0.7423290972289317,0.9048055324001227,0.06599664927436881,-0.8828162337175963,-1.173704231781191,1.1497546101905376,-0.4814607612315388,0.26622863438590705,-1.0161329645585022,0
-0.2960199349169384,0.9009088760241706,-0.502969299721533,0.054253720806199446,-0.5733475201700994,-1.177851894974348,-0.09236184645987515,0.2744324511807092,-1.0495008719737637,-0.34097028968400567,-0.4814607612315388,-0.6266628211682062,0.9841231756854657,0
-0.9738162891597597,0.9009088760241706,-1.179024470547907,-0.6193859057300692,-0.911310674287764,0.9048055324001227,0.06599664927436881,1.4316811360790147,0.5114332445249834,1.2644257563347332,-0.4814607612315388,0.38528082845978884,0.9841231756854657,0
-0.8043672005990544,0.9009088760241706,-0.502969299721533,-0.06110959201843114,-0.7423290972289317,-1.177851894974348,0.06599664927436881,-1.461440576166749,1.575553921794022,-0.11162799739561437,-0.7394662468772634,1.278172284013902,-1.0161329645585022,1
-0.46546902347764374,0.9009088760241706,-1.179024470547907,-0.6109685688737341,-0.404365943111267,0.9048055324001227,0.06599664927436881,1.4316811360790147,-0.25392799969375696,1.1497546101905376,-0.7394662468772634,0.821805540064022,0.9841231756854657,0
-0.2960199349169384,0.9009088760241706,0.17308587110484092,0.05480645399563984,-0.404365943111267,-1.177851894974348,-0.4882580857954851,-0.8828162337175963,0.04483143335654109,-0.6849837281165926,-0.997471732522988,0.22654456969461315,0.9841231756854657,0
-0.8043672005990544,-1.1099901739376037,1.5251962127575889,0.05468011498091061,-0.911310674287764,-1.177851894974348,-0.8524826259842462,-0.8828162337175963,0.2193875065994116,-1.0289971665491795,-0.4814607612315388,1.5758027691986063,0.9841231756854657,0
-0.634918112038349,0.9009088760241706,1.5251962127575889,-0.6149956249682283,-0.911310674287764,0.9048055324001227,0.06599664927436881,1.4316811360790147,0.7229146409538463,1.1497546101905376,-0.7394662468772634,0.4249648931510827,0.9841231756854657,0
-0.9738162891597597,0.9009088760241706,0.8491410419312149,-0.6008456553185543,-0.5733475201700994,0.9048055324001227,0.06599664927436881,0.2744324511807092,0.001192415045823164,1.1497546101905376,-0.4814607612315388,-0.11076998018138517,0.9841231756854657,0
-0.634918112038349,0.9009088760241706,-1.179024470547907,-0.6151851334903222,-0.404365943111267,0.9048055324001227,0.06599664927436881,-1.461440576166749,-0.37813135950118393,1.1497546101905376,-0.4814607612315388,0.46464895784237664,-1.0161329645585022,1
-0.9738162891597597,0.9009088760241706,-0.502969299721533,-0.6063414024592759,-0.5733475201700994,0.9048055324001227,0.06599664927436881,-0.8828162337175963,-0.25392799969375696,1.1497546101905376,-0.7394662468772634,-2.3132355705481977,0.9841231756854657,0
-0.46546902347764374,0.9009088760241706,0.8491410419312149,-0.6075732078528859,-0.404365943111267,0.9048055324001227,0.06599664927436881,0.2744324511807092,0.007906110170548816,1.1497546101905376,-0.4814607612315388,-0.6465048535138531,0.9841231756854657,0
-0.9738162891597597,-1.1099901739376037,-1.179024470547907,-0.0584406803322761,-0.911310674287764,-1.177851894974348,-0.5674373336626071,-0.3041918912684436,1.253296555807184,-0.6849837281165926,-0.4814607612315388,-0.4282424977117365,-1.0161329645585022,1
-0.9738162891597597,0.9009088760241706,-0.502969299721533,0.05567503472190331,-0.911310674287764,-1.177851894974348,1.6495816066168083,-0.8828162337175963,-1.3751150855229646,1.1497546101905376,-0.7394662468772634,-0.09092794783573821,0.9841231756854657,0
-0.8043672005990544,0.9009088760241706,1.5251962127575889,0.05469590735775176,-0.911310674287764,-1.177851894974348,-0.5674373336626071,-1.461440576166749,0.001192415045823164,-0.7996548742607882,-0.997471732522988,0.46464895784237664,-1.0161329645585022,0
-0.46546902347764374,0.9009088760241706,-0.502969299721533,-0.5992506252575978,0.10257878806523006,0.9048055324001227,0.06599664927436881,-0.3041918912684436,0.5114332445249834,1.1497546101905376,-0.997471732522988,1.1392780575943733,-1.0161329645585022,1
-1.143265377720465,0.9009088760241706,1.5251962127575889,-0.6060097625456117,-0.911310674287764,0.9048055324001227,0.06599664927436881,-0.8828162337175963,-0.3680608168140954,1.1497546101905376,-0.4814607612315388,0.12733440796637835,-1.0161329645585022,0
-1.143265377720465,-1.1099901739376037,-0.502969299721533,-0.6083154495644202,-0.911310674287764,0.9048055324001227,0.06599664927436881,-0.8828162337175963,0.8739727812601764,1.1497546101905376,-0.4814607612315388,0.821805540064022,-1.0161329645585022,0
-0.9738162891597597,0.9009088760241706,-1.179024470547907,-0.5939917637694935,-0.911310674287764,0.9048055324001227,0.06599664927436881,-1.461440576166749,0.9343960373827085,1.1497546101905376,-0.997471732522988,0.5837011519162584,0.9841231756854657,0
-0.634918112038349,-1.1099901739376037,0.8491410419312149,0.05063726650957516,-0.404365943111267,-1.177851894974348,1.5704023587496865,-0.3041918912684436,0.27645391515958084,1.035083464046342,-0.997471732522988,0.26622863438590705,0.9841231756854657,0
-0.46546902347764374,0.9009088760241706,-0.502969299721533,-0.23259901213652334,-0.911310674287764,-1.177851894974348,2.4413740852880284,0.2744324511807092,1.575553921794022,2.7551506562092767,-0.4814607612315388,-0.36871640067479566,-1.0161329645585022,1
-0.2960199349169384,0.9009088760241706,-0.502969299721533,-0.5804419044397833,-0.23538436605243465,0.9048055324001227,0.06599664927436881,-0.8828162337175963,-1.0495008719737637,1.035083464046342,-0.997471732522988,0.028124246238143545,0.9841231756854657,0
-0.634918112038349,-1.1099901739376037,-1.179024470547907,-0.5802050187871659,-0.5733475201700994,0.9048055324001227,0.06599664927436881,-1.461440576166749,0.001192415045823164,1.035083464046342,-0.4814607612315388,1.238488219322608,0.9841231756854657,0
-1.143265377720465,0.9009088760241706,-0.502969299721533,0.05802809887123527,-0.911310674287764,-1.177851894974348,0.5806617604106616,0.853056793629862,-1.4724636648314886,0.23238544103697253,-0.997471732522988,0.2463866020402601,0.9841231756854657,0
-0.2960199349169384,0.9009088760241706,0.8491410419312149,-0.054745264151446045,-0.7423290972289317,-1.177851894974348,0.38271364074285674,-0.8828162337175963,1.4312094766124175,0.23238544103697253,-0.997471732522988,0.286070666731554,-1.0161329645585022,1
-0.46546902347764374,0.9009088760241706,-1.179024470547907,0.05622776791134371,-0.911310674287764,-1.177851894974348,2.4413740852880284,0.2744324511807092,-1.3482603050240614,1.8377814870557112,-0.997471732522988,0.12733440796637835,0.9841231756854657,0
-0.9738162891597597,-1.1099901739376037,0.8491410419312149,0.05692263249235449,-0.911310674287764,-1.177851894974348,0.8577891279455886,-0.8828162337175963,-0.8447331706696268,0.4617277333253637,-0.997471732522988,-1.0433455004267922,0.9841231756854657,0
-0.8043672005990544,0.9009088760241706,0.8491410419312149,-0.578578403972527,-0.7423290972289317,0.9048055324001227,0.06599664927436881,1.4316811360790147,-1.2475548781531747,1.035083464046342,-0.4814607612315388,0.7225953783357871,-1.0161329645585022,0
-1.143265377720465,-1.1099901739376037,0.8491410419312149,-0.5795891160903609,-0.911310674287764,0.9048055324001227,0.06599664927436881,1.4316811360790147,-1.1233515183457474,1.035083464046342,-0.7394662468772634,0.5638591195706114,0.9841231756854657,0
-0.8043672005990544,0.9009088760241706,-1.179024470547907,-0.5867430627994037,-0.404365943111267,0.9048055324001227,0.06599664927436881,-0.8828162337175963,-1.7510820125076092,1.035083464046342,-0.997471732522988,-1.2814498885745558,0.9841231756854657,0
-0.8043672005990544,-1.1099901739376037,-1.179024470547907,-0.694810297523421,-0.911310674287764,0.9048055324001227,0.06599664927436881,-0.8828162337175963,2.3241309282009484,1.6084391947673204,-0.7394662468772634,0.8813316371009629,-1.0161329645585022,1
-0.634918112038349,-1.1099901739376037,-0.502969299721533,-0.5804576968166244,-0.7423290972289317,0.9048055324001227,0.06599664927436881,-1.461440576166749,0.830333762949459,1.035083464046342,-0.4814607612315388,0.9805417988291976,-1.0161329645585022,0
-0.9738162891597597,0.9009088760241706,-0.502969299721533,0.05916515000379837,-0.911310674287764,-1.177851894974348,-0.4882580857954851,0.2744324511807092,-1.6839450612603513,-0.6849837281165926,-0.997471732522988,-1.12271362980938,0.9841231756854657,0
-0.8043672005990544,-1.1099901739376037,-0.502969299721533,0.06502412181186654,-0.911310674287764,0.21058638994196582,-0.09236184645987515,0.2744324511807092,-1.6839450612603513,-0.34097028968400567,-0.7394662468772634,-1.5195542767223194,0.9841231756854657,0
-0.46546902347764374,-1.1099901739376037,-0.502969299721533,0.0655136854939423,-0.7423290972289317,-1.177851894974348,0.0026532509806712224,-0.3041918912684436,-1.1804179269059165,-0.34097028968400567,-0.7394662468772634,-0.46792656240303043,0.9841231756854657,0
-0.2960199349169384,-1.1099901739376037,0.8491410419312149,0.0590861881195926,-0.23538436605243465,-1.177851894974348,0.8577891279455886,0.853056793629862,-1.1804179269059165,0.4617277333253637,-0.7394662468772634,-2.5116558940046674,0.9841231756854657,0
-0.8043672005990544,-1.1099901739376037,-1.179024470547907,0.06546630836341885,-0.911310674287764,-1.177851894974348,-0.19925383108048983,0.2744324511807092,0.8336906105118219,-0.45564143582820127,-0.4814607612315388,0.18686050500331922,-1.0161329645585022,0
-0.2960199349169384,-1.1099901739376037,0.8491410419312149,0.059891599338491454,-0.7423290972289317,-1.177851894974348,-0.7257958293968509,0.853056793629862,1.0619562447524988,-0.9143260204049839,-0.4814607612315388,0.4844909901880236,0.9841231756854657,0
-0.634918112038349,-1.1099901739376037,0.8491410419312149,0.059307281395368755,-0.23538436605243465,-1.177851894974348,-1.042512820865339,-1.461440576166749,0.03476089066945202,-1.143668312693375,-0.997471732522988,-0.5472946917856183,0.9841231756854657,0
-0.634918112038349,-1.1099901739376037,1.5251962127575889,-0.582779176212274,-0.23538436605243465,0.9048055324001227,0.06599664927436881,-1.461440576166749,0.5785701957722418,1.035083464046342,-0.4814607612315388,0.06780831092943747,0.9841231756854657,0
-0.9738162891597597,-1.1099901739376037,-0.502969299721533,-0.5829370999806855,-0.911310674287764,0.9048055324001227,0.06599664927436881,1.4316811360790147,0.001192415045823164,1.035083464046342,-0.997471732522988,-2.789444346843725,0.9841231756854657,0
-0.8043672005990544,-1.1099901739376037,1.5251962127575889,-0.5862219143636456,-0.404365943111267,0.9048055324001227,0.06599664927436881,-1.461440576166749,0.7430557263280237,1.035083464046342,-0.997471732522988,0.782121475372728,0.9841231756854657,0
-0.634918112038349,-1.1099901739376037,1.5251962127575889,-0.580315565425054,-0.911310674287764,0.9048055324001227,0.06599664927436881,0.853056793629862,0.6154955189582334,1.035083464046342,-0.4814607612315388,1.2186461869769611,0.9841231756854657,0
-0.46546902347764374,-1.1099901739376037,1.5251962127575889,0.06552947787078346,-0.404365943111267,-1.177851894974348,1.6495816066168083,0.853056793629862,-0.0860856215756121,1.1497546101905376,-0.997471732522988,-1.9560789883265524,0.9841231756854657,0
-0.634918112038349,0.9009088760241706,1.5251962127575889,0.06470827427504346,-0.5733475201700994,-1.177851894974348,-0.3774071387815143,0.2744324511807092,-1.0495008719737637,-0.570312581972397,-0.997471732522988,-0.6266628211682062,0.9841231756854657,0
-0.2960199349169384,0.9009088760241706,-1.179024470547907,0.059417828033256834,-0.23538436605243465,-1.177851894974348,-0.5674373336626071,0.2744324511807092,-1.2979075915886182,-0.7996548742607882,-0.7394662468772634,0.38528082845978884,0.9841231756854657,0
-1.143265377720465,0.9009088760241706,-1.179024470547907,-0.5761779626926716,-0.911310674287764,0.9048055324001227,0.06599664927436881,1.4316811360790147,0.001192415045823164,1.035083464046342,-0.4814607612315388,-0.4282424977117365,-1.0161329645585022,0
-0.46546902347764374,0.9009088760241706,-1.179024470547907,-0.572214076105542,-0.404365943111267,0.9048055324001227,0.06599664927436881,-0.8828162337175963,-0.5661148229935064,1.035083464046342,-0.7394662468772634,-1.12271362980938,0.9841231756854657,0
-0.634918112038349,0.9009088760241706,-1.179024470547907,0.059717883193238765,-0.7423290972289317,-1.177851894974348,0.22435514500861276,0.853056793629862,-0.12972463988633004,-0.11162799739561437,-0.7394662468772634,0.6630692812988462,-1.0161329645585022,0
-0.2960199349169384,0.9009088760241706,-0.502969299721533,0.06166034554470071,0.10257878806523006,-1.177851894974348,1.0161476236798326,1.4316811360790147,1.575553921794022,0.5763988794695595,-0.4814607612315388,0.8813316371009629,-1.0161329645585022,0
-0.46546902347764374,-1.1099901739376037,-1.179024470547907,0.060081107860585306,-0.7423290972289317,-1.177851894974348,-0.5674373336626071,1.4316811360790147,-1.0495008719737637,-0.7996548742607882,-0.997471732522988,-1.6187644384505542,0.9841231756854657,0
-0.2960199349169384,-1.1099901739376037,0.8491410419312149,0.060965480963689936,-0.06640278899360229,-1.177851894974348,0.22435514500861276,-1.461440576166749,0.001192415045823164,-0.11162799739561437,-0.997471732522988,0.08765034327508442,0.9841231756854657,0
-0.2960199349169384,0.9009088760241706,0.8491410419312149,0.06033378589004377,-0.404365943111267,-1.177851894974348,1.3328646151483206,1.4316811360790147,1.0787404825643134,0.8057411717579506,-0.4814607612315388,0.46464895784237664,-1.0161329645585022,0
-0.634918112038349,-1.1099901739376037,0.8491410419312149,0.0590861881195926,-0.7423290972289317,-1.177851894974348,-0.6941241302500022,-0.3041918912684436,2.0757242085860943,-0.9143260204049839,-0.997471732522988,-2.49181386165902,0.9841231756854657,0
-0.46546902347764374,0.9009088760241706,-1.179024470547907,0.05600667463556755,-0.7423290972289317,-1.177851894974348,1.0003117741064083,-0.3041918912684436,0.7430557263280237,0.5763988794695595,-0.7394662468772634,0.028124246238143545,0.9841231756854657,0
-0.2960199349169384,-1.1099901739376037,1.5251962127575889,-0.5698452195793688,-0.5733475201700994,0.9048055324001227,0.06599664927436881,1.4316811360790147,0.001192415045823164,1.035083464046342,-0.7394662468772634,-0.051243883144444294,0.9841231756854657,0
-0.9738162891597597,0.9009088760241706,-1.179024470547907,0.0637291469108919,-0.911310674287764,-1.177851894974348,-1.359229812333827,-0.8828162337175963,-1.2106295549671826,-1.487681751125962,-0.997471732522988,0.5837011519162584,0.9841231756854657,0
-0.8043672005990544,0.9009088760241706,0.8491410419312149,0.06249734151728188,-0.7423290972289317,-1.177851894974348,0.8577891279455886,1.4316811360790147,0.19253272610050842,0.4617277333253637,-0.7394662468772634,-0.5274526594399713,0.9841231756854657,0
-0.9738162891597597,0.9009088760241706,0.8491410419312149,0.06109181997841917,-0.911310674287764,-1.177851894974348,0.8577891279455886,-0.8828162337175963,1.1458774338115711,0.4617277333253637,-0.997471732522988,-0.22982217425526694,0.9841231756854657,0
-0.46546902347764374,-1.1099901739376037,0.8491410419312149,-0.560748810518864,-0.23538436605243465,0.9048055324001227,0.06599664927436881,-1.461440576166749,0.4745079213389917,1.035083464046342,-0.4814607612315388,0.0479662785837905,0.9841231756854657,0
-0.8043672005990544,0.9009088760241706,0.8491410419312149,0.06363439264984498,-0.5733475201700994,-1.177851894974348,-0.2507203421941191,-0.8828162337175963,-0.018948670328354386,-0.45564143582820127,-0.997471732522988,-0.03140185079879733,0.9841231756854657,0
-0.9738162891597597,0.9009088760241706,-1.179024470547907,0.06260788815516996,-0.911310674287764,-1.177851894974348,-0.2823920413409679,0.853056793629862,0.4711510737766289,-0.570312581972397,-0.7394662468772634,-1.7378166325244357,0.9841231756854657,0
-0.9738162891597597,0.9009088760241706,-1.179024470547907,-0.5670815536321668,-0.5733475201700994,0.9048055324001227,0.06599664927436881,0.853056793629862,-1.6705176710108995,1.035083464046342,-0.7394662468772634,0.5043330225336705,0.9841231756854657,0
-0.8043672005990544,0.9009088760241706,0.8491410419312149,0.06115498948578378,-0.911310674287764,-1.177851894974348,1.4912231108825644,1.4316811360790147,-0.5023347193086114,1.035083464046342,-0.997471732522988,0.3455967637684949,0.9841231756854657,0
-0.2960199349169384,0.9009088760241706,-0.502969299721533,0.06028640875952031,-0.5733475201700994,-1.177851894974348,-0.46846327382870456,-0.3041918912684436,-1.1233515183457474,-0.6849837281165926,-0.4814607612315388,-1.7576586648700827,0.9841231756854657,0
-0.9738162891597597,-1.1099901739376037,-1.179024470547907,0.06267105766253457,-0.7423290972289317,-1.177851894974348,0.06599664927436881,0.853056793629862,-1.173704231781191,-0.2262991435398101,-0.7394662468772634,-1.3211339532658497,0.9841231756854657,0
-0.8043672005990544,-1.1099901739376037,0.8491410419312149,-0.5654865235712103,-0.911310674287764,0.9048055324001227,0.06599664927436881,0.2744324511807092,-0.34120603631519225,1.035083464046342,-0.4814607612315388,0.5638591195706114,0.9841231756854657,0
-0.634918112038349,-1.1099901739376037,0.8491410419312149,-0.5658339558617157,-0.404365943111267,0.9048055324001227,0.06599664927436881,-0.8828162337175963,-1.6839450612603513,1.035083464046342,-0.7394662468772634,-0.40840046536608954,0.9841231756854657,0
-0.9738162891597597,0.9009088760241706,1.5251962127575889,0.06841948283271466,-0.911310674287764,-1.177851894974348,-0.17154109432699713,0.853056793629862,0.001192415045823164,-0.45564143582820127,-0.7394662468772634,0.26622863438590705,0.9841231756854657,0
-0.9738162891597597,-1.1099901739376037,0.8491410419312149,-0.5611752046935753,-0.404365943111267,0.9048055324001227,0.06599664927436881,0.2744324511807092,0.8336906105118219,1.035083464046342,-0.997471732522988,-1.658448503141848,0.9841231756854657,0
-0.46546902347764374,0.9009088760241706,0.8491410419312149,-0.5625333491019144,-0.5733475201700994,0.9048055324001227,0.06599664927436881,0.2744324511807092,-1.1804179269059165,1.035083464046342,-0.4814607612315388,-1.678290535487495,0.9841231756854657,0
-0.8043672005990544,-1.1099901739376037,-1.179024470547907,0.06295532044567535,-0.911310674287764,0.21058638994196582,1.1428344202672278,1.4316811360790147,-1.173704231781191,0.6910700256137552,-0.7394662468772634,0.5241750548793175,0.9841231756854657,0
-0.9738162891597597,0.9009088760241706,0.8491410419312149,0.06350805363511575,-0.404365943111267,-1.177851894974348,-0.5674373336626071,1.4316811360790147,0.830333762949459,-0.7996548742607882,-0.997471732522988,0.46464895784237664,0.9841231756854657,0
-0.46546902347764374,-1.1099901739376037,0.8491410419312149,-0.565249637918593,-0.911310674287764,0.9048055324001227,0.06599664927436881,0.853056793629862,0.03476089066945202,1.035083464046342,-0.997471732522988,-2.2933935382025505,0.9841231756854657,0
-0.9738162891597597,0.9009088760241706,-0.502969299721533,-0.5616963531293333,-0.7423290972289317,0.9048055324001227,0.06599664927436881,-0.8828162337175963,1.2465828606824585,1.035083464046342,-0.997471732522988,0.22654456969461315,-1.0161329645585022,0
-0.634918112038349,-1.1099901739376037,-1.179024470547907,0.06900380077583737,-0.7423290972289317,-1.177851894974348,0.06599664927436881,1.4316811360790147,-1.1233515183457474,-0.2262991435398101,-0.4814607612315388,-0.32903233598350173,0.9841231756854657,0
-0.634918112038349,-1.1099901739376037,-1.179024470547907,-0.04462235059626628,-0.5733475201700994,-1.177851894974348,-1.121692068732461,-0.3041918912684436,0.04483143335654109,-1.2583394588375707,-0.4814607612315388,-1.8965528912896115,-1.0161329645585022,1
-0.46546902347764374,0.9009088760241706,-0.502969299721533,0.06949336445791314,-0.404365943111267,0.21058638994196582,-1.2800505644667048,0.853056793629862,-1.0964967378468442,-1.3730106049817663,-0.997471732522988,1.317856348705196,0.9841231756854657,0
-0.634918112038349,0.9009088760241706,1.5251962127575889,-0.04525404566991244,-0.911310674287764,-1.177851894974348,0.6994306322113446,-0.3041918912684436,0.954537122756886,0.4617277333253637,-0.7394662468772634,0.4448069254967297,-1.0161329645585022,1
-0.46546902347764374,0.9009088760241706,0.8491410419312149,-0.5683923209099827,-0.5733475201700994,0.9048055324001227,0.06599664927436881,0.853056793629862,0.001192415045823164,1.035083464046342,-0.997471732522988,1.2186461869769611,0.9841231756854657,0
-0.8043672005990544,-1.1099901739376037,-1.179024470547907,0.07576293806385132,-0.911310674287764,0.21058638994196582,-1.212748203779651,1.4316811360790147,-0.3680608168140954,-1.3730106049817663,-0.4814607612315388,1.0599099282117854,-1.0161329645585022,0
-1.143265377720465,-1.1099901739376037,1.5251962127575889,-0.5646969047291526,-0.911310674287764,0.9048055324001227,0.06599664927436881,-0.8828162337175963,-0.12972463988633004,1.035083464046342,-0.7394662468772634,-2.749760282152431,0.9841231756854657,0
-0.9738162891597597,0.9009088760241706,0.8491410419312149,-0.5647600742365172,-0.5733475201700994,0.9048055324001227,0.06599664927436881,-0.8828162337175963,0.830333762949459,1.035083464046342,-0.4814607612315388,-0.2893482712922078,0.9841231756854657,0
-0.46546902347764374,-1.1099901739376037,0.8491410419312149,0.07020402141576508,-0.7423290972289317,-1.177851894974348,-0.4090788379283631,1.4316811360790147,0.16232109803924238,-0.6849837281165926,-0.997471732522988,0.14717644031202531,-1.0161329645585022,0
-0.8043672005990544,0.9009088760241706,-0.502969299721533,0.07434162414814745,-0.7423290972289317,-1.177851894974348,-1.327558113186978,-1.461440576166749,-1.3482603050240614,-1.487681751125962,-0.7394662468772634,0.6630692812988462,-1.0161329645585022,0
-0.8043672005990544,0.9009088760241706,1.5251962127575889,-0.044543388712060504,-0.404365943111267,-1.177851894974348,1.6495816066168083,-1.461440576166749,-0.005521280078902488,1.379096902478929,-0.7394662468772634,-1.7576586648700827,-1.0161329645585022,1
-1.143265377720465,-1.1099901739376037,1.5251962127575889,-0.5651390912807049,-0.911310674287764,0.9048055324001227,0.06599664927436881,0.2744324511807092,0.7430557263280237,1.035083464046342,-0.4814607612315388,-0.3488743683291487,-1.0161329645585022,0
-0.2960199349169384,0.9009088760241706,0.8491410419312149,0.07178325909988048,-0.911310674287764,-1.177851894974348,-0.7257958293968509,1.4316811360790147,0.2193875065994116,-0.9143260204049839,-0.4814607612315388,0.7027533459901402,0.9841231756854657,0
-1.143265377720465,-1.1099901739376037,0.8491410419312149,-0.5680922657500007,-0.911310674287764,0.9048055324001227,0.06599664927436881,0.853056793629862,0.15896425047687956,1.035083464046342,-0.4814607612315388,-0.38855843302044263,0.9841231756854657,0
-0.2960199349169384,0.9009088760241706,-0.502969299721533,0.07318878063874319,-0.23538436605243465,-1.177851894974348,-0.3298995900612411,0.2744324511807092,0.001192415045823164,-0.570312581972397,-0.7394662468772634,0.4249648931510827,0.9841231756854657,0
-0.634918112038349,0.9009088760241706,-1.179024470547907,0.06848265234007928,-0.7423290972289317,-1.177851894974348,-1.1375279183058853,0.2744324511807092,0.001192415045823164,-1.2583394588375707,-0.4814607612315388,-0.38855843302044263,0.9841231756854657,0
-0.9738162891597597,0.9009088760241706,-0.502969299721533,-0.5635440612197483,-0.911310674287764,0.9048055324001227,0.06599664927436881,1.4316811360790147,0.04483143335654109,1.035083464046342,-0.7394662468772634,-0.8250831446246757,-1.0161329645585022,0
-0.8043672005990544,0.9009088760241706,-1.179024470547907,0.0726360474493028,-0.5733475201700994,-1.177851894974348,-1.359229812333827,0.853056793629862,1.0418151593783211,-1.487681751125962,-0.7394662468772634,0.08765034327508442,-1.0161329645585022,0
-0.8043672005990544,0.9009088760241706,-1.179024470547907,-0.6685159900828995,-0.911310674287764,0.9048055324001227,0.06599664927436881,-0.3041918912684436,1.4446368668618692,1.4937680486231246,-0.4814607612315388,-0.46792656240303043,-1.0161329645585022,1
-0.8043672005990544,0.9009088760241706,0.8491410419312149,-0.5596749288936655,-0.5733475201700994,0.9048055324001227,0.06599664927436881,-0.8828162337175963,-0.811164695045998,0.9204123179021463,-0.997471732522988,0.20670253734896618,0.9841231756854657,0
-0.8043672005990544,0.9009088760241706,-1.179024470547907,-0.6782756789707328,-0.911310674287764,0.9048055324001227,0.06599664927436881,-1.461440576166749,1.676259348664909,1.4937680486231246,-0.4814607612315388,-1.5195542767223194,-1.0161329645585022,1
-0.9738162891597597,-1.1099901739376037,0.8491410419312149,0.08220622781504218,-0.7423290972289317,-1.177851894974348,0.5410721364771007,-0.8828162337175963,0.04483143335654109,0.1177142948927768,-0.997471732522988,0.3455967637684949,0.9841231756854657,0
-0.46546902347764374,-1.1099901739376037,-0.502969299721533,0.07893720580892329,-0.404365943111267,-1.177851894974348,-0.7178779046101388,1.4316811360790147,-1.8752853723150364,-0.9143260204049839,-0.997471732522988,0.22654456969461315,0.9841231756854657,0
-0.2960199349169384,-1.1099901739376037,1.5251962127575889,0.07903196006997021,-0.23538436605243465,-1.177851894974348,-0.2507203421941191,1.4316811360790147,-1.3482603050240614,-0.570312581972397,-0.997471732522988,-0.4282424977117365,-1.0161329645585022,0
-0.8043672005990544,-1.1099901739376037,1.5251962127575889,0.07855818876473558,-0.5733475201700994,-1.177851894974348,-0.3774071387815143,0.2744324511807092,-1.1804179269059165,-0.6849837281165926,-0.7394662468772634,-0.46792656240303043,0.9841231756854657,0
-0.9738162891597597,0.9009088760241706,0.8491410419312149,0.07795807844477173,-0.911310674287764,-1.177851894974348,0.026407025340807817,-0.8828162337175963,1.223084927745918,-0.34097028968400567,-0.997471732522988,0.14717644031202531,-1.0161329645585022,0
-0.634918112038349,-1.1099901739376037,0.8491410419312149,-0.5631018746681961,-0.23538436605243465,0.9048055324001227,0.06599664927436881,-1.461440576166749,0.1522505553521539,1.035083464046342,-0.4814607612315388,-0.5274526594399713,0.9841231756854657,0
-0.9738162891597597,-1.1099901739376037,0.8491410419312149,-0.5660392567606507,-0.911310674287764,0.9048055324001227,0.06599664927436881,-0.8828162337175963,-1.8752853723150364,1.035083464046342,-0.7394662468772634,0.3455967637684949,-1.0161329645585022,0
-0.9738162891597597,0.9009088760241706,-1.179024470547907,-0.6705689990722495,-0.911310674287764,0.9048055324001227,0.06599664927436881,1.4316811360790147,0.6020681287087821,1.4937680486231246,-0.997471732522988,-0.6663468858595001,-1.0161329645585022,1
-0.9738162891597597,0.9009088760241706,1.5251962127575889,-0.6625780563906256,-0.911310674287764,0.9048055324001227,0.06599664927436881,-1.461440576166749,1.5587696839822078,1.379096902478929,-0.4814607612315388,-0.4877685947486774,-1.0161329645585022,1
-0.2960199349169384,0.9009088760241706,0.17308587110484092,0.07767381566163095,-0.7423290972289317,-1.177851894974348,0.6994306322113446,-1.461440576166749,0.8336906105118219,0.3470565871811683,-0.997471732522988,0.821805540064022,0.9841231756854657,0
-0.9738162891597597,0.9009088760241706,0.8491410419312149,-0.5455091668671503,-0.5733475201700994,0.9048055324001227,0.06599664927436881,-0.8828162337175963,-1.173704231781191,0.9204123179021463,-0.4814607612315388,-0.38855843302044263,0.9841231756854657,0
-0.9738162891597597,0.9009088760241706,0.8491410419312149,-0.5448143022861396,-0.911310674287764,0.9048055324001227,0.06599664927436881,-1.461440576166749,0.001192415045823164,0.9204123179021463,-0.997471732522988,-0.5076106270943244,0.9841231756854657,0
-0.9738162891597597,0.9009088760241706,-1.179024470547907,0.06822997431062082,-0.7423290972289317,-1.177851894974348,0.06599664927436881,1.4316811360790147,-0.33784918875282943,-0.2262991435398101,-0.4814607612315388,0.2463866020402601,-1.0161329645585022,0
-0.8043672005990544,-1.1099901739376037,1.5251962127575889,-0.5457302601429266,-0.911310674287764,0.9048055324001227,0.06599664927436881,0.853056793629862,0.7464125738903866,0.9204123179021463,-0.7394662468772634,1.6551708985811941,-1.0161329645585022,0
-0.634918112038349,0.9009088760241706,-0.502969299721533,0.0826799991202768,-0.23538436605243465,0.21058638994196582,0.06599664927436881,0.2744324511807092,0.001192415045823164,-0.2262991435398101,-0.997471732522988,-1.142555662155027,0.9841231756854657,0
-0.8043672005990544,0.9009088760241706,1.5251962127575889,0.08350120271601681,-0.911310674287764,-1.177851894974348,0.38271364074285674,1.4316811360790147,0.03476089066945202,0.003043148748581378,-0.997471732522988,-0.2893482712922078,-1.0161329645585022,0
-0.9738162891597597,0.9009088760241706,0.8491410419312149,-0.5491887906711392,-0.7423290972289317,0.9048055324001227,0.06599664927436881,-0.8828162337175963,-0.811164695045998,0.9204123179021463,-0.997471732522988,0.6233852166075523,0.9841231756854657,0
-0.8043672005990544,0.9009088760241706,-1.179024470547907,0.07595244658594516,-0.5733475201700994,-1.177851894974348,-1.042512820865339,1.4316811360790147,-1.5496711587658354,-1.143668312693375,-0.4814607612315388,0.3654387961141419,-1.0161329645585022,0
-0.9738162891597597,-1.1099901739376037,0.8491410419312149,-0.5390027076085949,-0.911310674287764,0.9048055324001227,0.06599664927436881,-0.8828162337175963,-1.371758237960602,0.9204123179021463,-0.7394662468772634,0.6432272489531993,-1.0161329645585022,0
-0.634918112038349,0.9009088760241706,-1.179024470547907,-0.534612426846754,-0.911310674287764,0.9048055324001227,0.06599664927436881,0.2744324511807092,0.6423502994571366,0.9204123179021463,-0.4814607612315388,-0.4282424977117365,0.9841231756854657,0
-0.8043672005990544,0.9009088760241706,-1.179024470547907,0.07588927707858055,-0.911310674287764,0.21058638994196582,0.06599664927436881,-0.8828162337175963,0.001192415045823164,-0.2262991435398101,-0.4814607612315388,-1.4798702120310254,0.9841231756854657,0
-0.46546902347764374,-1.1099901739376037,1.5251962127575889,-0.5347703506151656,-0.23538436605243465,0.9048055324001227,0.06599664927436881,0.2744324511807092,1.6628319584154578,0.9204123179021463,-0.4814607612315388,-0.9044512740072636,0.9841231756854657,0
-0.2960199349169384,-1.1099901739376037,0.17308587110484092,-0.5286271160239566,-0.5733475201700994,0.9048055324001227,0.06599664927436881,-0.8828162337175963,1.3103629643673533,0.9204123179021463,-0.7394662468772634,1.1789621222856672,-1.0161329645585022,0
-0.2960199349169384,0.9009088760241706,0.8491410419312149,-0.5370128681266095,0.10257878806523006,0.9048055324001227,0.06599664927436881,-1.461440576166749,-0.6936750303632967,0.9204123179021463,-0.7394662468772634,0.9210157017922567,0.9841231756854657,0
-0.8043672005990544,-1.1099901739376037,0.8491410419312149,-0.6475910907683704,-0.404365943111267,0.9048055324001227,0.06599664927436881,-1.461440576166749,1.451350561986595,1.379096902478929,-0.4814607612315388,-0.40840046536608954,-1.0161329645585022,1
-0.634918112038349,0.9009088760241706,0.8491410419312149,0.07631567125329171,-0.404365943111267,-1.177851894974348,-1.042512820865339,-0.8828162337175963,-1.5496711587658354,-1.143668312693375,-0.7394662468772634,0.20670253734896618,-1.0161329645585022,0
-0.9738162891597597,-1.1099901739376037,-0.502969299721533,-0.5268425774409062,-0.911310674287764,0.9048055324001227,0.06599664927436881,0.853056793629862,0.8336906105118219,0.8057411717579506,-0.997471732522988,-0.190138109563973,-1.0161329645585022,0
-0.46546902347764374,0.9009088760241706,-0.502969299721533,0.08152715561087255,-0.06640278899360229,-1.177851894974348,2.4413740852880284,0.853056793629862,-0.12972463988633004,1.7231103409115156,-0.7394662468772634,0.4844909901880236,0.9841231756854657,0
-0.634918112038349,-1.1099901739376037,-0.502969299721533,-0.5286113236471155,-0.7423290972289317,0.9048055324001227,0.06599664927436881,-0.8828162337175963,0.001192415045823164,0.9204123179021463,-0.4814607612315388,-0.22982217425526694,-1.0161329645585022,0
-0.46546902347764374,0.9009088760241706,-0.502969299721533,-0.6353204139627937,-0.5733475201700994,0.9048055324001227,0.06599664927436881,1.4316811360790147,0.665848232393677,1.2644257563347332,-0.997471732522988,-1.3608180179571436,-1.0161329645585022,1
-0.8043672005990544,0.9009088760241706,-0.502969299721533,-0.5296694128954729,-0.404365943111267,0.9048055324001227,0.06599664927436881,0.853056793629862,-0.005521280078902488,0.9204123179021463,-0.997471732522988,-0.17029607721832604,0.9841231756854657,0
-0.9738162891597597,0.9009088760241706,-0.502969299721533,0.07870032015630597,-0.911310674287764,0.21058638994196582,-0.2507203421941191,0.2744324511807092,0.6154955189582334,-0.570312581972397,-0.4814607612315388,-0.9044512740072636,0.9841231756854657,0
-0.46546902347764374,-1.1099901739376037,-1.179024470547907,-0.5300642223165017,-0.5733475201700994,0.9048055324001227,0.06599664927436881,-0.8828162337175963,-1.1804179269059165,0.9204123179021463,-0.4814607612315388,-1.182239726846321,0.9841231756854657,0
-0.634918112038349,-1.1099901739376037,0.8491410419312149,0.08179562601717218,-0.5733475201700994,-1.177851894974348,0.38271364074285674,1.4316811360790147,0.001192415045823164,0.003043148748581378,-0.997471732522988,-1.0235034680811452,0.9841231756854657,0
-0.8043672005990544,0.9009088760241706,0.8491410419312149,0.07904775244681136,-0.5733475201700994,-1.177851894974348,-0.8841543251310949,1.4316811360790147,-1.0092187012254088,-1.0289971665491795,-0.997471732522988,-1.202081759191968,0.9841231756854657,0
-0.2960199349169384,0.9009088760241706,0.8491410419312149,-0.5236051401884697,-0.7423290972289317,0.9048055324001227,0.06599664927436881,0.853056793629862,-1.1233515183457474,0.8057411717579506,-0.7394662468772634,0.6829113136444932,0.9841231756854657,0
-0.8043672005990544,-1.1099901739376037,-0.502969299721533,-0.5242842123926393,-0.911310674287764,0.9048055324001227,0.06599664927436881,1.4316811360790147,-1.173704231781191,0.8057411717579506,-0.4814607612315388,-0.15045404487267908,0.9841231756854657,0
-0.8043672005990544,0.9009088760241706,-0.502969299721533,0.08138502421930216,-0.911310674287764,-1.177851894974348,0.8577891279455886,0.853056793629862,0.8269769153870962,0.4617277333253637,-0.4814607612315388,-1.3409759856114967,0.9841231756854657,0
-0.2960199349169384,0.9009088760241706,-0.502969299721533,-0.5282638913566101,0.10257878806523006,0.9048055324001227,0.06599664927436881,1.4316811360790147,0.001192415045823164,0.9204123179021463,-0.7394662468772634,-0.5472946917856183,0.9841231756854657,0
-0.9738162891597597,0.9009088760241706,0.8491410419312149,0.07925305334574637,-0.911310674287764,-1.177851894974348,0.8577891279455886,-1.461440576166749,0.4040141225293712,0.4617277333253637,-0.997471732522988,0.5241750548793175,-1.0161329645585022,0
-0.634918112038349,-1.1099901739376037,-1.179024470547907,0.07906354482365252,-0.911310674287764,-1.177851894974348,-0.7257958293968509,-0.3041918912684436,-0.2707122375055717,-0.9143260204049839,-0.997471732522988,0.4844909901880236,-1.0161329645585022,0
-1.143265377720465,-1.1099901739376037,-1.179024470547907,-0.5238262334642458,-0.911310674287764,0.9048055324001227,0.06599664927436881,0.853056793629862,0.3939435798422821,0.8057411717579506,-0.7394662468772634,0.22654456969461315,-1.0161329645585022,0
-0.8043672005990544,0.9009088760241706,-0.502969299721533,0.0857437202274607,-0.7423290972289317,-1.177851894974348,0.06599664927436881,0.853056793629862,-1.4724636648314886,-0.2262991435398101,-0.4814607612315388,-0.36871640067479566,0.9841231756854657,0
-0.2960199349169384,-1.1099901739376037,-1.179024470547907,0.07685261206589095,-0.06640278899360229,-1.177851894974348,1.6495816066168083,-0.3041918912684436,1.0955247203761276,1.1497546101905376,-0.4814607612315388,-0.5274526594399713,0.9841231756854657,0
-0.9738162891597597,0.9009088760241706,0.8491410419312149,-0.5287060779081625,-0.911310674287764,0.9048055324001227,0.06599664927436881,1.4316811360790147,-0.08944246913797492,0.9204123179021463,-0.7394662468772634,1.0003838311748445,0.9841231756854657,0
-0.2960199349169384,-1.1099901739376037,-1.179024470547907,0.07922146859206405,0.2715603651240624,-1.177851894974348,-0.7257958293968509,0.853056793629862,0.001192415045823164,-0.9143260204049839,-0.4814607612315388,0.9408577341379036,0.9841231756854657,0
-0.9738162891597597,-1.1099901739376037,-1.179024470547907,-0.5292430187207616,-0.911310674287764,0.9048055324001227,0.06599664927436881,0.853056793629862,-0.21364582894540246,0.9204123179021463,-0.4814607612315388,-1.9163949236352584,0.9841231756854657,0
-0.9738162891597597,-1.1099901739376037,1.5251962127575889,-0.5326225873647686,-0.911310674287764,0.9048055324001227,0.06599664927436881,-0.8828162337175963,-0.0860856215756121,0.9204123179021463,-0.997471732522988,0.20670253734896618,0.9841231756854657,0
-0.2960199349169384,-1.1099901739376037,1.5251962127575889,-0.5232892926516466,-0.7423290972289317,0.9048055324001227,0.06599664927436881,0.2744324511807092,0.830333762949459,0.8057411717579506,-0.7394662468772634,0.2463866020402601,-1.0161329645585022,0
-0.46546902347764374,-1.1099901739376037,-1.179024470547907,-0.6353362063396348,-0.5733475201700994,0.9048055324001227,0.06599664927436881,1.4316811360790147,1.934736610966852,1.2644257563347332,-0.4814607612315388,0.782121475372728,-1.0161329645585022,1
-0.634918112038349,0.9009088760241706,0.8491410419312149,-0.5231787460137585,-0.5733475201700994,0.9048055324001227,0.06599664927436881,0.853056793629862,-1.0495008719737637,0.8057411717579506,-0.7394662468772634,-0.36871640067479566,-1.0161329645585022,0
-0.8043672005990544,-1.1099901739376037,0.8491410419312149,0.07840026499632405,-0.911310674287764,-1.177851894974348,2.2830155895537843,-0.8828162337175963,-0.707102420612748,1.6084391947673204,-0.4814607612315388,-1.9362369559809054,-1.0161329645585022,0
-0.8043672005990544,0.9009088760241706,-0.502969299721533,-0.6321461462177217,-0.911310674287764,0.9048055324001227,0.06599664927436881,-0.8828162337175963,-0.8447331706696268,1.2644257563347332,-0.7394662468772634,-0.36871640067479566,-1.0161329645585022,1
-1.143265377720465,0.9009088760241706,1.5251962127575889,-0.513292718111196,-0.911310674287764,0.9048055324001227,0.06599664927436881,-0.8828162337175963,-1.1233515183457474,0.8057411717579506,-0.4814607612315388,1.3773824457421369,0.9841231756854657,0
-0.634918112038349,0.9009088760241706,-0.502969299721533,-0.5161037611889214,-0.23538436605243465,0.9048055324001227,0.06599664927436881,-1.461440576166749,-0.21028898138303903,0.8057411717579506,-0.7394662468772634,-0.6068207888225592,0.9841231756854657,0
-0.634918112038349,0.9009088760241706,-1.179024470547907,-0.029114236538252965,-0.7423290972289317,-1.177851894974348,1.0161476236798326,-0.3041918912684436,1.223084927745918,0.6910700256137552,-0.997471732522988,0.4249648931510827,-1.0161329645585022,1
-1.143265377720465,0.9009088760241706,0.8491410419312149,-0.6239025255066393,-0.911310674287764,0.9048055324001227,0.06599664927436881,0.2744324511807092,0.7464125738903866,1.2644257563347332,-0.4814607612315388,0.5440170872249644,-1.0161329645585022,1
-0.9738162891597597,0.9009088760241706,-1.179024470547907,0.07527337438177553,-0.911310674287764,-1.177851894974348,-0.2507203421941191,-1.461440576166749,0.8336906105118219,-0.570312581972397,-0.997471732522988,0.9805417988291976,0.9841231756854657,0
-0.8043672005990544,-1.1099901739376037,-0.502969299721533,0.08140081659614332,-0.911310674287764,-1.177851894974348,-0.963333572998217,1.4316811360790147,-1.6705176710108995,-1.143668312693375,-0.7394662468772634,0.6829113136444932,0.9841231756854657,0
-0.634918112038349,-1.1099901739376037,-0.502969299721533,-0.5111765396144814,-0.06640278899360229,0.9048055324001227,0.06599664927436881,0.2744324511807092,0.001192415045823164,0.8057411717579506,-0.7394662468772634,-0.03140185079879733,0.9841231756854657,0
-0.9738162891597597,0.9009088760241706,0.8491410419312149,0.07639463313749748,-0.5733475201700994,-1.177851894974348,-0.5674373336626071,0.2744324511807092,-1.6705176710108995,-0.7996548742607882,-0.997471732522988,0.5837011519162584,0.9841231756854657,0
-0.8043672005990544,-1.1099901739376037,-1.179024470547907,0.07794228606793058,-0.911310674287764,-1.177851894974348,-1.2008713165995828,-0.8828162337175963,0.8336906105118219,-1.3730106049817663,-0.997471732522988,-0.9441353386985575,0.9841231756854657,0
-0.2960199349169384,-1.1099901739376037,0.8491410419312149,-0.5081917803915033,-0.404365943111267,0.9048055324001227,0.06599664927436881,-1.461440576166749,-0.21364582894540246,0.8057411717579506,-0.997471732522988,0.06780831092943747,0.9841231756854657,0
-0.9738162891597597,-1.1099901739376037,-0.502969299721533,-0.6268872847296174,-0.7423290972289317,0.9048055324001227,0.06599664927436881,0.853056793629862,0.4745079213389917,1.2644257563347332,-0.7394662468772634,-1.3012919209202027,-1.0161329645585022,1
-0.46546902347764374,0.9009088760241706,-0.502969299721533,0.08249049059818295,-0.404365943111267,-1.177851894974348,0.27186269372888594,-1.461440576166749,1.223084927745918,-0.11162799739561437,-0.997471732522988,-2.9084965409176062,0.9841231756854657,0
-0.46546902347764374,0.9009088760241706,0.8491410419312149,-0.6227023048667115,-0.23538436605243465,0.9048055324001227,0.06599664927436881,1.4316811360790147,1.6628319584154578,1.2644257563347332,-0.7394662468772634,0.7622794430270811,-1.0161329645585022,1
-0.634918112038349,0.9009088760241706,-0.502969299721533,-0.03295178411065341,-0.911310674287764,0.21058638994196582,-0.5516014840891826,1.4316811360790147,2.562467105128714,-0.6849837281165926,-0.4814607612315388,0.6432272489531993,-1.0161329645585022,1
-0.46546902347764374,0.9009088760241706,-0.502969299721533,0.07487856496074669,-0.5733475201700994,-1.177851894974348,-1.359229812333827,0.853056793629862,0.5651428055227898,-1.487681751125962,-0.997471732522988,1.0797519605574324,-1.0161329645585022,0
-0.46546902347764374,-1.1099901739376037,-0.502969299721533,0.08031114259410368,-0.911310674287764,-1.177851894974348,0.952804225386135,-1.461440576166749,0.23617174441122635,0.4617277333253637,-0.7394662468772634,-1.0631875327724392,-1.0161329645585022,0
-0.634918112038349,0.9009088760241706,0.8491410419312149,0.07701053583430248,-0.911310674287764,-1.177851894974348,-0.2903099661276801,-0.8828162337175963,-1.4724636648314886,-0.570312581972397,-0.7394662468772634,1.278172284013902,-1.0161329645585022,0
-0.2960199349169384,0.9009088760241706,-1.179024470547907,-0.0356364881736496,-0.06640278899360229,-1.177851894974348,-0.09236184645987515,-1.461440576166749,2.562467105128714,-0.2262991435398101,-0.4814607612315388,-0.6663468858595001,-1.0161329645585022,1
-0.9738162891597597,0.9009088760241706,-0.502969299721533,0.07887403630155866,-0.911310674287764,-1.177851894974348,-0.7257958293968509,-0.8828162337175963,-1.6705176710108995,-0.9143260204049839,-0.997471732522988,0.6829113136444932,0.9841231756854657,0
-0.2960199349169384,-1.1099901739376037,-0.502969299721533,0.07918988383838174,-0.23538436605243465,-1.177851894974348,4.024959042630468,1.4316811360790147,-1.0427871768490378,3.0991640946418633,-0.997471732522988,-0.40840046536608954,0.9841231756854657,0
-0.46546902347764374,0.9009088760241706,0.8491410419312149,-0.49757930315424775,-0.7423290972289317,0.9048055324001227,0.06599664927436881,0.2744324511807092,-1.6839450612603513,0.8057411717579506,-0.997471732522988,-1.8965528912896115,0.9841231756854657,0
-0.9738162891597597,-1.1099901739376037,-1.179024470547907,-0.49423131926392305,-0.911310674287764,0.9048055324001227,0.06599664927436881,-0.8828162337175963,-0.34120603631519225,0.8057411717579506,-0.997471732522988,-1.7378166325244357,0.9841231756854657,0
-0.9738162891597597,-1.1099901739376037,-0.502969299721533,-0.49416814975655843,-0.911310674287764,0.9048055324001227,0.06599664927436881,-1.461440576166749,0.23617174441122635,0.8057411717579506,-0.997471732522988,-0.4877685947486774,-1.0161329645585022,0
-0.9738162891597597,-1.1099901739376037,-1.179024470547907,-0.6031197575836805,-0.911310674287764,0.9048055324001227,0.06599664927436881,0.2744324511807092,-0.901799579229796,1.1497546101905376,-0.997471732522988,-2.0156050853634935,-1.0161329645585022,1
-0.2960199349169384,0.9009088760241706,-0.502969299721533,0.0776580232847898,0.10257878806523006,0.21058638994196582,0.06599664927436881,0.853056793629862,0.4745079213389917,-0.2262991435398101,-0.4814607612315388,0.5241750548793175,0.9841231756854657,0
-0.46546902347764374,-1.1099901739376037,0.8491410419312149,-0.48605086806020525,0.10257878806523006,0.9048055324001227,0.06599664927436881,1.4316811360790147,-0.005521280078902488,0.6910700256137552,-0.4814607612315388,-0.15045404487267908,0.9841231756854657,0
-0.8043672005990544,0.9009088760241706,-0.502969299721533,-0.4956210484259446,-0.911310674287764,0.9048055324001227,0.06599664927436881,0.2744324511807092,0.001192415045823164,0.8057411717579506,-0.997471732522988,0.008282213892496587,0.9841231756854657,0
-0.634918112038349,0.9009088760241706,-0.502969299721533,-0.03325183927063534,-0.5733475201700994,-1.177851894974348,-0.8841543251310949,1.4316811360790147,3.018998373610068,-1.0289971665491795,-0.997471732522988,-0.11076998018138517,-1.0161329645585022,1
-0.46546902347764374,0.9009088760241706,0.8491410419312149,0.07828971835843597,-0.06640278899360229,0.21058638994196582,0.06599664927436881,-0.3041918912684436,0.001192415045823164,-0.2262991435398101,-0.997471732522988,-1.9362369559809054,0.9841231756854657,0
-1.143265377720465,-1.1099901739376037,-1.179024470547907,-0.4905043183294107,-0.911310674287764,0.9048055324001227,0.06599664927436881,-0.8828162337175963,-0.811164695045998,0.6910700256137552,-0.4814607612315388,-2.3330776028938445,0.9841231756854657,0
-0.9738162891597597,0.9009088760241706,-1.179024470547907,0.07885824392471752,-0.911310674287764,-1.177851894974348,-1.2008713165995828,-0.8828162337175963,-1.0427871768490378,-1.3730106049817663,-0.7394662468772634,0.2463866020402601,-1.0161329645585022,0
-0.634918112038349,-1.1099901739376037,-1.179024470547907,0.07851081163421213,-0.911310674287764,-1.177851894974348,0.06599664927436881,0.2744324511807092,0.8336906105118219,-0.2262991435398101,-0.4814607612315388,-3.3053371878305455,0.9841231756854657,0
-1.143265377720465,0.9009088760241706,-1.179024470547907,-0.48521387208762407,-0.5733475201700994,0.9048055324001227,0.06599664927436881,0.2744324511807092,0.23617174441122635,0.6910700256137552,-0.4814607612315388,0.6630692812988462,0.9841231756854657,0
-0.634918112038349,0.9009088760241706,0.8491410419312149,0.0811323461898437,-0.404365943111267,-1.177851894974348,1.1745061194140765,0.853056793629862,-1.173704231781191,0.6910700256137552,-0.4814607612315388,-1.202081759191968,0.9841231756854657,0
-0.9738162891597597,-1.1099901739376037,0.8491410419312149,-0.03457839892529228,-0.911310674287764,-1.177851894974348,0.7627740305050422,-1.461440576166749,0.23617174441122635,0.5763988794695595,-0.997471732522988,0.028124246238143545,-1.0161329645585022,1
-0.8043672005990544,0.9009088760241706,-0.502969299721533,0.07723162911007864,-0.23538436605243465,-1.177851894974348,0.1451758971414908,-0.8828162337175963,-1.173704231781191,-0.2262991435398101,-0.997471732522988,0.305912699077201,-1.0161329645585022,0
-0.9738162891597597,0.9009088760241706,-1.179024470547907,-0.48769327525168527,-0.911310674287764,0.9048055324001227,0.06599664927436881,-0.8828162337175963,1.0955247203761276,0.6910700256137552,-0.7394662468772634,1.1194360252487263,-1.0161329645585022,0
-0.634918112038349,0.9009088760241706,-0.502969299721533,0.08196934216242487,0.10257878806523006,-1.177851894974348,-0.7257958293968509,-1.461440576166749,-1.6705176710108995,-0.9143260204049839,-0.7394662468772634,-0.17029607721832604,-1.0161329645585022,0
-0.9738162891597597,-1.1099901739376037,0.8491410419312149,-0.483255617359321,-0.7423290972289317,0.9048055324001227,0.06599664927436881,-0.8828162337175963,0.001192415045823164,0.6910700256137552,-0.4814607612315388,-0.46792656240303043,0.9841231756854657,0
-0.9738162891597597,-1.1099901739376037,1.5251962127575889,0.08198513453926602,-0.911310674287764,-1.177851894974348,-0.7218368670034949,1.4316811360790147,0.001192415045823164,-0.9143260204049839,-0.997471732522988,0.008282213892496587,0.9841231756854657,0
-1.143265377720465,-1.1099901739376037,-1.179024470547907,0.08012163407200984,-0.5733475201700994,-1.177851894974348,-0.4090788379283631,0.2744324511807092,-1.6705176710108995,-0.6849837281165926,-0.7394662468772634,-0.7060309505507939,-1.0161329645585022,0
-0.8043672005990544,-1.1099901739376037,-1.179024470547907,0.07500490397547592,-0.7423290972289317,-1.177851894974348,1.0161476236798326,-0.8828162337175963,0.001192415045823164,0.5763988794695595,-0.4814607612315388,-0.9044512740072636,0.9841231756854657,0
-0.8043672005990544,-1.1099901739376037,-1.179024470547907,-0.4836504267803498,-0.911310674287764,0.9048055324001227,0.06599664927436881,-0.8828162337175963,0.001192415045823164,0.6910700256137552,-0.997471732522988,0.32575473142284794,-1.0161329645585022,0
-0.8043672005990544,0.9009088760241706,-1.179024470547907,0.07705791296482595,-0.404365943111267,-1.177851894974348,0.5410721364771007,-0.8828162337175963,-1.8752853723150364,0.1177142948927768,-0.7394662468772634,0.028124246238143545,0.9841231756854657,0
-0.634918112038349,0.9009088760241706,0.8491410419312149,-0.6040041306867852,-0.911310674287764,0.9048055324001227,0.06599664927436881,-0.3041918912684436,0.5651428055227898,1.1497546101905376,-0.997471732522988,0.5837011519162584,-1.0161329645585022,1
-0.8043672005990544,-1.1099901739376037,-1.179024470547907,-0.48769327525168527,-0.404365943111267,0.9048055324001227,0.06599664927436881,1.4316811360790147,-1.0427871768490378,0.6910700256137552,-0.7394662468772634,0.7424374106814341,-1.0161329645585022,0
-0.46546902347764374,-1.1099901739376037,0.8491410419312149,-0.6081101486654852,-0.911310674287764,0.9048055324001227,0.06599664927436881,0.853056793629862,-1.4724636648314886,1.1497546101905376,-0.4814607612315388,-0.03140185079879733,-1.0161329645585022,1
-0.9738162891597597,0.9009088760241706,-0.502969299721533,0.07056724608311161,-0.911310674287764,0.21058638994196582,-1.3196401884002658,1.4316811360790147,-1.8752853723150364,-1.487681751125962,-0.4814607612315388,-2.3926036999307856,0.9841231756854657,0
-1.143265377720465,-1.1099901739376037,0.8491410419312149,0.08249049059818295,-0.911310674287764,-1.177851894974348,-1.121692068732461,0.853056793629862,1.8407448792206904,-1.2583394588375707,-0.7394662468772634,0.06780831092943747,-1.0161329645585022,0
-0.634918112038349,-1.1099901739376037,-1.179024470547907,0.08114813856668486,-0.911310674287764,-1.177851894974348,-0.4090788379283631,-1.461440576166749,-0.34120603631519225,-0.6849837281165926,-0.4814607612315388,-0.22982217425526694,-1.0161329645585022,0
-0.2960199349169384,0.9009088760241706,0.8491410419312149,-0.4883881398326961,-0.23538436605243465,0.9048055324001227,0.06599664927436881,1.4316811360790147,1.9750187817152072,0.6910700256137552,-0.7394662468772634,0.782121475372728,0.9841231756854657,0
-0.8043672005990544,0.9009088760241706,-1.179024470547907,-0.21334810476715652,-0.911310674287764,-1.177851894974348,0.38271364074285674,0.2744324511807092,1.5486991412951188,0.4617277333253637,-0.7394662468772634,0.2463866020402601,-1.0161329645585022,1
-0.634918112038349,0.9009088760241706,-1.179024470547907,-0.49083595824307497,-0.5733475201700994,0.9048055324001227,0.06599664927436881,-1.461440576166749,0.3301634761573873,0.6910700256137552,-0.7394662468772634,-1.5393963090679663,0.9841231756854657,0
-0.634918112038349,0.9009088760241706,0.8491410419312149,-0.030172325786610287,-0.404365943111267,-1.177851894974348,0.7786098800784667,0.853056793629862,-1.8752853723150364,0.5763988794695595,-0.997471732522988,0.5241750548793175,-1.0161329645585022,1
-0.46546902347764374,-1.1099901739376037,-0.502969299721533,0.07996371030359829,-0.5733475201700994,-1.177851894974348,0.6994306322113446,1.4316811360790147,-1.8752853723150364,0.23238544103697253,-0.7394662468772634,0.028124246238143545,-1.0161329645585022,0
-0.46546902347764374,-1.1099901739376037,-1.179024470547907,0.07994791792675715,-0.23538436605243465,-1.177851894974348,-0.7574675285436998,1.4316811360790147,-1.3482603050240614,-0.9143260204049839,-0.4814607612315388,0.7027533459901402,-1.0161329645585022,0
-0.634918112038349,0.9009088760241706,0.8491410419312149,-0.4849296093044833,-0.911310674287764,0.9048055324001227,0.06599664927436881,0.853056793629862,-0.8447331706696268,0.6910700256137552,-0.7394662468772634,-0.051243883144444294,0.9841231756854657,0
-0.9738162891597597,0.9009088760241706,-0.502969299721533,0.08037431210146831,-0.911310674287764,-1.177851894974348,0.026407025340807817,-0.8828162337175963,-0.8447331706696268,-0.34097028968400567,-0.4814607612315388,1.1591200899400202,0.9841231756854657,0
-0.9738162891597597,0.9009088760241706,0.8491410419312149,-0.6042726010930848,-0.7423290972289317,0.9048055324001227,0.06599664927436881,0.2744324511807092,1.4345663241747801,1.1497546101905376,-0.7394662468772634,-0.24966420660091387,-1.0161329645585022,1
-0.8043672005990544,0.9009088760241706,-0.502969299721533,0.07735796812480787,-0.7423290972289317,-1.177851894974348,0.8577891279455886,1.4316811360790147,-0.8447331706696268,0.4617277333253637,-0.997471732522988,0.14717644031202531,0.9841231756854657,0
-0.9738162891597597,-1.1099901739376037,1.5251962127575889,-0.48949360621157684,-0.5733475201700994,0.9048055324001227,0.06599664927436881,-0.8828162337175963,-0.21364582894540246,0.6910700256137552,-0.997471732522988,0.06780831092943747,0.9841231756854657,0
-0.634918112038349,0.9009088760241706,-0.502969299721533,-0.48763010574432064,0.10257878806523006,0.9048055324001227,0.06599664927436881,0.2744324511807092,-1.7510820125076092,0.6910700256137552,-0.997471732522988,1.2186461869769611,-1.0161329645585022,0
-0.46546902347764374,-1.1099901739376037,-0.502969299721533,-0.48233965950253405,-0.911310674287764,0.9048055324001227,0.06599664927436881,0.2744324511807092,-0.33784918875282943,0.6910700256137552,-0.4814607612315388,-0.190138109563973,0.9841231756854657,0
-0.8043672005990544,0.9009088760241706,-1.179024470547907,-0.6000086593459731,-0.23538436605243465,0.9048055324001227,0.06599664927436881,-0.8828162337175963,-0.21700267650776528,1.1497546101905376,-0.4814607612315388,0.38528082845978884,-1.0161329645585022,1
-1.143265377720465,-1.1099901739376037,-0.502969299721533,-0.48807229229587296,-0.911310674287764,0.9048055324001227,0.06599664927436881,-0.8828162337175963,0.001192415045823164,0.6910700256137552,-0.997471732522988,-0.5274526594399713,0.9841231756854657,0
-0.8043672005990544,0.9009088760241706,0.8491410419312149,-0.4879775380348261,-0.911310674287764,0.9048055324001227,0.06599664927436881,-0.8828162337175963,-0.0860856215756121,0.6910700256137552,-0.4814607612315388,-0.5472946917856183,0.9841231756854657,0
-0.634918112038349,-1.1099901739376037,1.5251962127575889,0.07718425197955518,-0.5733475201700994,-1.177851894974348,-0.5674373336626071,-0.8828162337175963,1.417782086362966,-0.7996548742607882,-0.4814607612315388,-2.194183376474316,0.9841231756854657,0
-0.46546902347764374,-1.1099901739376037,1.5251962127575889,0.08007425694148637,-0.7423290972289317,-1.177851894974348,-0.2507203421941191,0.2744324511807092,-1.3482603050240614,-0.570312581972397,-0.4814607612315388,0.7225953783357871,-1.0161329645585022,0
-0.634918112038349,0.9009088760241706,-1.179024470547907,-0.48870398736951914,-0.5733475201700994,0.9048055324001227,0.06599664927436881,0.853056793629862,-1.0495008719737637,0.6910700256137552,-0.7394662468772634,-0.7457150152420878,0.9841231756854657,0
-0.2960199349169384,-1.1099901739376037,-0.502969299721533,0.08176404126348986,-0.06640278899360229,-1.177851894974348,-0.8841543251310949,-0.3041918912684436,-0.8447331706696268,-1.0289971665491795,-0.997471732522988,1.2186461869769611,0.9841231756854657,0
-0.9738162891597597,-1.1099901739376037,-1.179024470547907,0.08365912648442836,-0.7423290972289317,-1.177851894974348,-0.804975077263973,-1.461440576166749,-1.8752853723150364,-1.0289971665491795,-0.997471732522988,-0.32903233598350173,0.9841231756854657,0
-0.2960199349169384,0.9009088760241706,1.5251962127575889,0.07596823896278632,-0.23538436605243465,-1.177851894974348,-0.2507203421941191,-1.461440576166749,0.001192415045823164,-0.570312581972397,-0.997471732522988,0.5440170872249644,-1.0161329645585022,0
-0.9738162891597597,0.9009088760241706,-0.502969299721533,-0.485308626348671,-0.5733475201700994,0.9048055324001227,0.06599664927436881,-0.8828162337175963,-1.2979075915886182,0.6910700256137552,-0.4814607612315388,-0.7655570475877348,-1.0161329645585022,0
-1.143265377720465,-1.1099901739376037,0.8491410419312149,-0.49028322505363453,-0.911310674287764,0.9048055324001227,0.06599664927436881,1.4316811360790147,-1.173704231781191,0.6910700256137552,-0.4814607612315388,-1.2417658238832618,0.9841231756854657,0
-0.2960199349169384,0.9009088760241706,-1.179024470547907,-0.599787566070197,-0.911310674287764,0.9048055324001227,0.06599664927436881,1.4316811360790147,0.7061304031420315,1.1497546101905376,-0.7394662468772634,0.20670253734896618,-1.0161329645585022,1
-0.9738162891597597,0.9009088760241706,1.5251962127575889,0.07857398114157674,-0.911310674287764,-1.177851894974348,-0.2507203421941191,-0.8828162337175963,-1.1804179269059165,-0.570312581972397,-0.7394662468772634,0.7027533459901402,-1.0161329645585022,0
-0.46546902347764374,-1.1099901739376037,0.8491410419312149,-0.48733005058433876,-0.5733475201700994,0.9048055324001227,0.06599664927436881,1.4316811360790147,0.830333762949459,0.6910700256137552,-0.7394662468772634,0.6035431842619053,0.9841231756854657,0
-0.634918112038349,-1.1099901739376037,0.8491410419312149,-0.4875195591064326,-0.404365943111267,0.9048055324001227,0.06599664927436881,1.4316811360790147,0.001192415045823164,0.6910700256137552,-0.997471732522988,0.9606997664835506,-1.0161329645585022,0
-0.8043672005990544,0.9009088760241706,0.8491410419312149,-0.4871721268159272,-0.911310674287764,0.9048055324001227,0.06599664927436881,-1.461440576166749,0.7430557263280237,0.6910700256137552,-0.4814607612315388,0.10749237562073138,-1.0161329645585022,0
-0.46546902347764374,-1.1099901739376037,0.8491410419312149,-0.4806656675573717,-0.911310674287764,0.9048055324001227,0.06599664927436881,-0.8828162337175963,0.3939435798422821,0.6910700256137552,-0.7394662468772634,-1.4600281796853785,-1.0161329645585022,0
-0.9738162891597597,0.9009088760241706,-1.179024470547907,0.08045327398567408,-0.5733475201700994,-1.177851894974348,-0.5674373336626071,-1.461440576166749,-1.8752853723150364,-0.7996548742607882,-0.997471732522988,1.1392780575943733,-1.0161329645585022,0
-0.9738162891597597,-1.1099901739376037,0.8491410419312149,-0.484692723651866,-0.7423290972289317,0.9048055324001227,0.06599664927436881,0.2744324511807092,0.4040141225293712,0.6910700256137552,-0.997471732522988,0.3455967637684949,-1.0161329645585022,0
-0.8043672005990544,0.9009088760241706,-0.502969299721533,0.0787950744173529,-0.06640278899360229,-1.177851894974348,2.4413740852880284,0.853056793629862,-0.1397951825734185,1.7231103409115156,-0.7394662468772634,0.9210157017922567,0.9841231756854657,0
-0.8043672005990544,-1.1099901739376037,0.8491410419312149,0.07740534525533134,-0.911310674287764,-1.177851894974348,0.06599664927436881,0.2744324511807092,1.2700807936189982,-0.2262991435398101,-0.997471732522988,-0.30919030363785477,-1.0161329645585022,0
-0.9738162891597597,-1.1099901739376037,-0.502969299721533,0.08136923184246102,-0.7423290972289317,-1.177851894974348,-1.2008713165995828,0.2744324511807092,0.16232109803924238,-1.3730106049817663,-0.4814607612315388,-0.4877685947486774,-1.0161329645585022,0
-0.9738162891597597,0.9009088760241706,0.8491410419312149,0.07413632324921245,-0.23538436605243465,-1.177851894974348,-0.5674373336626071,1.4316811360790147,0.16232109803924238,-0.7996548742607882,-0.997471732522988,-0.8052411122790287,0.9841231756854657,0
-0.2960199349169384,0.9009088760241706,-1.179024470547907,-0.49344170042186536,-0.404365943111267,0.9048055324001227,0.06599664927436881,-0.8828162337175963,-0.46205254856025635,0.8057411717579506,-0.4814607612315388,-2.2140254088199627,0.9841231756854657,0
-0.8043672005990544,-1.1099901739376037,-1.179024470547907,-0.4875827286137972,-0.911310674287764,0.9048055324001227,0.06599664927436881,-1.461440576166749,0.6154955189582334,0.6910700256137552,-0.4814607612315388,-1.8767108589439645,0.9841231756854657,0
-0.9738162891597597,0.9009088760241706,-0.502969299721533,-0.5990295319818216,-0.404365943111267,0.9048055324001227,0.06599664927436881,-0.8828162337175963,0.001192415045823164,1.1497546101905376,-0.7394662468772634,0.40512286080543575,-1.0161329645585022,1
-0.46546902347764374,0.9009088760241706,1.5251962127575889,0.08544366506747876,-0.5733475201700994,0.21058638994196582,-0.8841543251310949,0.853056793629862,-1.2039158598424569,-1.0289971665491795,-0.997471732522988,1.5162766721616654,0.9841231756854657,0
-0.46546902347764374,-1.1099901739376037,0.8491410419312149,-0.6078258858823444,0.10257878806523006,0.9048055324001227,0.06599664927436881,-0.3041918912684436,0.9343960373827085,1.1497546101905376,-0.4814607612315388,-0.32903233598350173,-1.0161329645585022,1
-0.9738162891597597,-1.1099901739376037,0.8491410419312149,0.0772158367332375,-0.911310674287764,-1.177851894974348,-0.18737694390042153,-1.461440576166749,-1.3482603050240614,-0.45564143582820127,-0.4814607612315388,-1.182239726846321,-1.0161329645585022,0
-0.9738162891597597,-1.1099901739376037,0.8491410419312149,-0.4894146443273711,-0.23538436605243465,0.9048055324001227,0.06599664927436881,-0.8828162337175963,-1.0092187012254088,0.6910700256137552,-0.4814607612315388,-0.051243883144444294,0.9841231756854657,0
-0.46546902347764374,-1.1099901739376037,-1.179024470547907,0.0815113632340314,-0.5733475201700994,-1.177851894974348,0.06599664927436881,0.2744324511807092,-1.8752853723150364,-0.2262991435398101,-0.4814607612315388,-1.658448503141848,0.9841231756854657,0
-0.634918112038349,-1.1099901739376037,-0.502969299721533,0.08080070627617947,-0.5733475201700994,0.21058638994196582,-0.5674373336626071,0.853056793629862,-1.8752853723150364,-0.7996548742607882,-0.997471732522988,-1.5195542767223194,0.9841231756854657,0
-0.634918112038349,-1.1099901739376037,1.5251962127575889,0.0743574165249886,-0.5733475201700994,-1.177851894974348,1.8079401023510524,-0.8828162337175963,0.3301634761573873,1.2644257563347332,-0.4814607612315388,-0.8250831446246757,0.9841231756854657,0
-0.634918112038349,-1.1099901739376037,0.8491410419312149,-0.4691530248401704,-0.404365943111267,0.9048055324001227,0.06599664927436881,-0.8828162337175963,-1.3482603050240614,0.6910700256137552,-0.4814607612315388,-0.7060309505507939,0.9841231756854657,0
-0.9738162891597597,-1.1099901739376037,-0.502969299721533,0.07696315870377902,-0.911310674287764,-1.177851894974348,-0.4407505370752119,-0.8828162337175963,0.001192415045823164,-0.6849837281165926,-0.4814607612315388,1.0202258635204915,0.9841231756854657,0
-0.634918112038349,-1.1099901739376037,1.5251962127575889,-0.468805592549665,-0.911310674287764,0.9048055324001227,0.06599664927436881,-1.461440576166749,0.04483143335654109,0.6910700256137552,-0.997471732522988,1.1789621222856672,-1.0161329645585022,0
-0.9738162891597597,0.9009088760241706,-1.179024470547907,-0.029730139235057976,-0.911310674287764,-1.177851894974348,-0.5674373336626071,-1.461440576166749,0.001192415045823164,-0.6849837281165926,-0.997471732522988,-1.9957630530178463,-1.0161329645585022,1
-0.46546902347764374,-1.1099901739376037,0.8491410419312149,0.08005846456464523,-0.23538436605243465,-1.177851894974348,1.6495816066168083,1.4316811360790147,-0.1397951825734185,1.1497546101905376,-0.997471732522988,-0.9639773710442044,-1.0161329645585022,0
-0.8043672005990544,-1.1099901739376037,-0.502969299721533,0.0830590161644645,-0.7423290972289317,-1.177851894974348,-1.121692068732461,-0.8828162337175963,0.3301634761573873,-1.2583394588375707,-0.997471732522988,0.801963507718375,0.9841231756854657,0
-0.634918112038349,-1.1099901739376037,-0.502969299721533,0.07678944255852632,-0.404365943111267,-1.177851894974348,-1.2642147148932805,0.2744324511807092,-0.005521280078902488,-1.3730106049817663,-0.7394662468772634,-1.4600281796853785,0.9841231756854657,0
-0.8043672005990544,-1.1099901739376037,-1.179024470547907,-0.45152873228544244,-0.5733475201700994,0.9048055324001227,0.06599664927436881,1.4316811360790147,0.001192415045823164,0.5763988794695595,-0.997471732522988,-0.6465048535138531,0.9841231756854657,0
-0.8043672005990544,0.9009088760241706,0.8491410419312149,0.07933201522995213,-0.7423290972289317,0.21058638994196582,-0.9474977234247925,-0.8828162337175963,-0.1397951825734185,-1.143668312693375,-0.4814607612315388,-0.6068207888225592,0.9841231756854657,0
-0.9738162891597597,0.9009088760241706,-1.179024470547907,-0.5656286549627807,-0.7423290972289317,0.9048055324001227,0.06599664927436881,1.4316811360790147,1.4312094766124175,1.035083464046342,-0.997471732522988,-0.8449251769703227,-1.0161329645585022,1
-0.9738162891597597,0.9009088760241706,-0.502969299721533,-0.44584347662262697,-0.7423290972289317,0.9048055324001227,0.06599664927436881,-0.8828162337175963,0.4745079213389917,0.5763988794695595,-0.4814607612315388,-0.30919030363785477,-1.0161329645585022,0
-0.9738162891597597,0.9009088760241706,0.8491410419312149,-0.44784910848145354,-0.5733475201700994,0.9048055324001227,0.06599664927436881,-0.8828162337175963,0.8336906105118219,0.5763988794695595,-0.4814607612315388,-3.106916864374076,0.9841231756854657,0
-0.46546902347764374,-1.1099901739376037,-0.502969299721533,-0.454971470436814,-0.404365943111267,0.9048055324001227,0.06599664927436881,0.2744324511807092,1.0955247203761276,0.6910700256137552,-0.997471732522988,-0.5472946917856183,-1.0161329645585022,0
-0.46546902347764374,-1.1099901739376037,0.8491410419312149,-0.45475037716103783,0.2715603651240624,0.9048055324001227,0.06599664927436881,-0.8828162337175963,0.665848232393677,0.6910700256137552,-0.997471732522988,-0.07108591549009124,-1.0161329645585022,0
-0.9738162891597597,0.9009088760241706,0.8491410419312149,0.07963207038993406,-0.911310674287764,-1.177851894974348,0.06599664927436881,-1.461440576166749,-1.2475548781531747,-0.2262991435398101,-0.7394662468772634,0.5241750548793175,0.9841231756854657,0
-0.8043672005990544,0.9009088760241706,-0.502969299721533,-0.4496020623108216,-0.911310674287764,0.9048055324001227,0.06599664927436881,0.853056793629862,-1.8752853723150364,0.5763988794695595,-0.7394662468772634,0.305912699077201,0.9841231756854657,0
-0.8043672005990544,0.9009088760241706,-0.502969299721533,-0.4499968717318505,-0.911310674287764,0.9048055324001227,0.06599664927436881,0.2744324511807092,0.001192415045823164,0.5763988794695595,-0.4814607612315388,-0.686188918205147,-1.0161329645585022,0
-0.9738162891597597,0.9009088760241706,-0.502969299721533,0.08099021479827331,-0.911310674287764,-1.177851894974348,-1.2008713165995828,1.4316811360790147,-0.08944246913797492,-1.3730106049817663,-0.997471732522988,0.4249648931510827,0.9841231756854657,0
-0.9738162891597597,-1.1099901739376037,0.8491410419312149,-0.4518287874454244,-0.911310674287764,0.9048055324001227,0.06599664927436881,0.853056793629862,0.001192415045823164,0.5763988794695595,-0.4814607612315388,-1.3608180179571436,0.9841231756854657,0
-0.9738162891597597,0.9009088760241706,-0.502969299721533,-0.4479912398730239,-0.911310674287764,0.9048055324001227,0.06599664927436881,-0.8828162337175963,-0.005521280078902488,0.5763988794695595,-0.4814607612315388,1.35754041339649,-1.0161329645585022,0
-0.9738162891597597,0.9009088760241706,-1.179024470547907,-0.4561558986999006,-0.911310674287764,0.9048055324001227,0.06599664927436881,-0.8828162337175963,-1.371758237960602,0.6910700256137552,-0.997471732522988,0.5241750548793175,-1.0161329645585022,0
-0.2960199349169384,-1.1099901739376037,0.8491410419312149,0.08236415158345373,-0.404365943111267,-1.177851894974348,-0.7574675285436998,0.2744324511807092,0.001192415045823164,-0.9143260204049839,-0.4814607612315388,-0.7258729828964409,0.9841231756854657,0
-0.634918112038349,0.9009088760241706,0.8491410419312149,0.07667889592063824,-0.7423290972289317,-1.177851894974348,2.4413740852880284,-0.3041918912684436,0.001192415045823164,1.7231103409115156,-0.7394662468772634,1.1194360252487263,-1.0161329645585022,0
-0.8043672005990544,-1.1099901739376037,-0.502969299721533,0.08247469822134179,-0.911310674287764,-1.177851894974348,-0.963333572998217,-1.461440576166749,-1.8752853723150364,-1.143668312693375,-0.997471732522988,0.7622794430270811,0.9841231756854657,0
-0.2960199349169384,-1.1099901739376037,-1.179024470547907,-0.4551609789589079,0.10257878806523006,0.9048055324001227,0.06599664927436881,0.2744324511807092,-1.4993184453303918,0.6910700256137552,-0.4814607612315388,1.1988041546313142,-1.0161329645585022,0
-0.9738162891597597,0.9009088760241706,0.8491410419312149,-0.45424502110212095,-0.7423290972289317,0.9048055324001227,0.06599664927436881,-1.461440576166749,-1.623521805137819,0.6910700256137552,-0.7394662468772634,-0.36871640067479566,0.9841231756854657,0
-0.9738162891597597,-1.1099901739376037,0.8491410419312149,-0.4535659488979513,-0.911310674287764,0.9048055324001227,0.06599664927436881,0.853056793629862,0.9981761410676039,0.6910700256137552,-0.997471732522988,0.305912699077201,-1.0161329645585022,0
-0.9738162891597597,0.9009088760241706,-0.502969299721533,-0.5675237401837192,-0.5733475201700994,0.9048055324001227,0.06599664927436881,0.853056793629862,0.11868207972852446,1.035083464046342,-0.997471732522988,-0.3488743683291487,-1.0161329645585022,1
-0.46546902347764374,-1.1099901739376037,-1.179024470547907,0.0778317394300425,-0.5733475201700994,-1.177851894974348,-0.5199297849423339,1.4316811360790147,-0.21364582894540246,-0.7996548742607882,-0.4814607612315388,-0.44808453005738347,-1.0161329645585022,0
-0.46546902347764374,-1.1099901739376037,-1.179024470547907,-0.45857213235659716,-0.23538436605243465,0.9048055324001227,0.06599664927436881,1.4316811360790147,-0.005521280078902488,0.6910700256137552,-0.997471732522988,-0.9044512740072636,-1.0161329645585022,0
-0.634918112038349,0.9009088760241706,1.5251962127575889,-0.44846501117825854,-0.911310674287764,0.9048055324001227,0.06599664927436881,-0.8828162337175963,-1.0495008719737637,0.5763988794695595,-0.7394662468772634,-0.4282424977117365,0.9841231756854657,0
-0.2960199349169384,0.9009088760241706,0.8491410419312149,-0.4353415460232595,-0.911310674287764,0.9048055324001227,0.06599664927436881,0.853056793629862,0.001192415045823164,0.5763988794695595,-0.7394662468772634,0.18686050500331922,0.9841231756854657,0
-0.634918112038349,-1.1099901739376037,-0.502969299721533,0.075320751512299,0.10257878806523006,-1.177851894974348,2.4413740852880284,0.2744324511807092,0.001192415045823164,1.8377814870557112,-0.997471732522988,0.028124246238143545,0.9841231756854657,0
-0.46546902347764374,0.9009088760241706,0.8491410419312149,-0.43325695228022715,-0.404365943111267,0.9048055324001227,0.06599664927436881,-0.8828162337175963,2.431550050196561,0.5763988794695595,-0.7394662468772634,0.008282213892496587,0.9841231756854657,0
-0.46546902347764374,-1.1099901739376037,0.8491410419312149,0.08021638833305676,-0.404365943111267,-1.177851894974348,0.38271364074285674,0.2744324511807092,-0.21364582894540246,0.003043148748581378,-0.4814607612315388,0.286070666731554,0.9841231756854657,0
-0.46546902347764374,0.9009088760241706,1.5251962127575889,0.07956890088256945,-0.911310674287764,-1.177851894974348,-0.8841543251310949,-1.461440576166749,-1.371758237960602,-1.0289971665491795,-0.997471732522988,1.1194360252487263,0.9841231756854657,0
-1.143265377720465,-1.1099901739376037,-0.502969299721533,-0.42891404864890975,-0.911310674287764,0.9048055324001227,0.06599664927436881,0.853056793629862,0.001192415045823164,0.5763988794695595,-0.4814607612315388,0.4844909901880236,0.9841231756854657,0
-0.2960199349169384,-1.1099901739376037,1.5251962127575889,0.07486277258390553,0.4405419421828948,-1.177851894974348,-0.2507203421941191,0.853056793629862,-0.33784918875282943,-0.570312581972397,-0.997471732522988,1.4170665104334308,-1.0161329645585022,0
-0.2960199349169384,0.9009088760241706,1.5251962127575889,-0.43013006166567863,-0.404365943111267,0.9048055324001227,0.06599664927436881,-0.8828162337175963,1.223084927745918,0.5763988794695595,-0.4814607612315388,0.32575473142284794,0.9841231756854657,0
-0.9738162891597597,0.9009088760241706,-1.179024470547907,0.08204830404663063,-0.5733475201700994,-1.177851894974348,-0.2507203421941191,1.4316811360790147,0.7866947446387411,-0.570312581972397,-0.997471732522988,-0.8449251769703227,0.9841231756854657,0
-0.8043672005990544,-1.1099901739376037,-0.502969299721533,0.07808441745950097,-0.5733475201700994,-1.177851894974348,-0.9593746106048608,-1.461440576166749,-1.3751150855229646,-1.143668312693375,-0.7394662468772634,-1.4798702120310254,0.9841231756854657,0
-0.634918112038349,0.9009088760241706,-1.179024470547907,-0.42502912394598585,-0.7423290972289317,0.9048055324001227,0.06599664927436881,-0.8828162337175963,-1.7510820125076092,0.5763988794695595,-0.997471732522988,1.0995939929030794,-1.0161329645585022,0
-0.46546902347764374,-1.1099901739376037,-0.502969299721533,-0.43200935450977596,-0.23538436605243465,0.9048055324001227,0.06599664927436881,-0.8828162337175963,-1.1233515183457474,0.5763988794695595,-0.7394662468772634,-0.11076998018138517,0.9841231756854657,0
-0.634918112038349,0.9009088760241706,0.8491410419312149,-0.4318672231182056,-0.5733475201700994,0.9048055324001227,0.06599664927436881,0.2744324511807092,-0.46205254856025635,0.5763988794695595,-0.7394662468772634,0.3654387961141419,0.9841231756854657,0
-1.143265377720465,0.9009088760241706,-1.179024470547907,0.0818903802782191,-0.911310674287764,-1.177851894974348,-0.5674373336626071,-1.461440576166749,-1.8752853723150364,-0.7996548742607882,-0.7394662468772634,-0.26950623894656084,0.9841231756854657,0
-0.8043672005990544,0.9009088760241706,0.8491410419312149,-0.43180405361084095,-0.7423290972289317,0.9048055324001227,0.06599664927436881,-0.8828162337175963,-0.5896127559300467,0.5763988794695595,-0.7394662468772634,-0.7457150152420878,0.9841231756854657,0
-0.634918112038349,-1.1099901739376037,0.8491410419312149,-0.42911934954784475,-0.23538436605243465,0.9048055324001227,0.06599664927436881,0.2744324511807092,0.7229146409538463,0.5763988794695595,-0.4814607612315388,-0.051243883144444294,-1.0161329645585022,0
-0.9738162891597597,0.9009088760241706,-1.179024470547907,0.08121130807404947,-0.404365943111267,-1.177851894974348,0.06599664927436881,-1.461440576166749,-0.21700267650776528,-0.2262991435398101,-0.997471732522988,-2.03544711770914,0.9841231756854657,0
-0.634918112038349,-1.1099901739376037,-1.179024470547907,0.08335907132444642,-0.5733475201700994,-1.177851894974348,2.4413740852880284,1.4316811360790147,-0.4654093961226198,1.7231103409115156,-0.997471732522988,-1.3608180179571436,0.9841231756854657,0
-0.9738162891597597,0.9009088760241706,0.8491410419312149,-0.5416242421642264,-0.5733475201700994,0.9048055324001227,0.06599664927436881,0.853056793629862,0.001192415045823164,0.9204123179021463,-0.997471732522988,1.1194360252487263,-1.0161329645585022,1
-0.9738162891597597,0.9009088760241706,1.5251962127575889,0.07462588693128822,-0.911310674287764,0.21058638994196582,-0.2507203421941191,0.2744324511807092,-1.7510820125076092,-0.570312581972397,-0.7394662468772634,0.028124246238143545,-1.0161329645585022,0
-0.9738162891597597,-1.1099901739376037,0.8491410419312149,-0.41230046821201566,-0.911310674287764,0.9048055324001227,0.06599664927436881,0.2744324511807092,-0.11965409719924096,0.5763988794695595,-0.4814607612315388,0.801963507718375,-1.0161329645585022,0
-0.9738162891597597,-1.1099901739376037,1.5251962127575889,0.0787950744173529,-0.911310674287764,-1.177851894974348,1.8079401023510524,1.4316811360790147,-0.7138161157374736,1.2644257563347332,-0.7394662468772634,-0.6266628211682062,0.9841231756854657,0
-0.46546902347764374,-1.1099901739376037,-0.502969299721533,0.07909512957733482,-0.23538436605243465,-1.177851894974348,0.38271364074285674,0.853056793629862,-1.7510820125076092,0.003043148748581378,-0.997471732522988,1.5559607368529593,0.9841231756854657,0
-0.634918112038349,-1.1099901739376037,-1.179024470547907,-0.4130427099235499,-0.7423290972289317,0.9048055324001227,0.06599664927436881,0.853056793629862,-1.1804179269059165,0.5763988794695595,-0.997471732522988,-0.5869787564769122,0.9841231756854657,0
-0.8043672005990544,0.9009088760241706,-0.502969299721533,0.08010584169516868,-0.911310674287764,-1.177851894974348,1.6495816066168083,-0.8828162337175963,-1.623521805137819,1.1497546101905376,-0.997471732522988,0.7027533459901402,-1.0161329645585022,0
-0.634918112038349,-1.1099901739376037,1.5251962127575889,0.08309060091814681,-0.06640278899360229,-1.177851894974348,0.22435514500861276,-1.461440576166749,0.001192415045823164,-0.11162799739561437,-0.7394662468772634,0.6630692812988462,0.9841231756854657,0
-0.46546902347764374,-1.1099901739376037,-0.502969299721533,-0.4134217269677376,-0.5733475201700994,0.9048055324001227,0.06599664927436881,0.2744324511807092,0.561785957960427,0.5763988794695595,-0.4814607612315388,-0.4877685947486774,-1.0161329645585022,0
-0.2960199349169384,-1.1099901739376037,-0.502969299721533,0.0776264385311075,-0.7423290972289317,-1.177851894974348,-1.01084112171849,0.2744324511807092,-0.5896127559300467,-1.143668312693375,-0.4814607612315388,1.0995939929030794,-1.0161329645585022,0
-0.9738162891597597,0.9009088760241706,-0.502969299721533,-0.4109265314268353,-0.7423290972289317,0.9048055324001227,0.06599664927436881,-0.8828162337175963,1.6594751108530943,0.5763988794695595,-0.4814607612315388,0.6432272489531993,0.9841231756854657,0
-1.143265377720465,0.9009088760241706,-0.502969299721533,-0.4119846206751926,-0.911310674287764,0.9048055324001227,0.06599664927436881,0.853056793629862,1.253296555807184,0.5763988794695595,-0.4814607612315388,0.18686050500331922,-1.0161329645585022,0
-0.8043672005990544,0.9009088760241706,-0.502969299721533,-0.40945784038060795,-0.7423290972289317,0.9048055324001227,0.06599664927436881,-0.8828162337175963,1.0955247203761276,0.5763988794695595,-0.7394662468772634,-1.9759210206721993,0.9841231756854657,0
-0.8043672005990544,-1.1099901739376037,-0.502969299721533,-0.3891488437628838,-0.404365943111267,0.9048055324001227,0.06599664927436881,-1.461440576166749,0.15896425047687956,0.4617277333253637,-0.997471732522988,-0.6266628211682062,0.9841231756854657,0
-0.8043672005990544,0.9009088760241706,1.5251962127575889,0.08211147355399526,-0.911310674287764,0.21058638994196582,0.22435514500861276,1.4316811360790147,-1.2979075915886182,-0.11162799739561437,-0.4814607612315388,0.40512286080543575,-1.0161329645585022,0
-0.2960199349169384,0.9009088760241706,-0.502969299721533,-0.03044079619290991,-0.5733475201700994,-1.177851894974348,-0.4090788379283631,-1.461440576166749,1.6594751108530943,-0.570312581972397,-0.997471732522988,-1.202081759191968,-1.0161329645585022,1
-1.143265377720465,0.9009088760241706,-0.502969299721533,-0.3939339339457535,-0.7423290972289317,0.9048055324001227,0.06599664927436881,1.4316811360790147,-1.4724636648314886,0.4617277333253637,-0.4814607612315388,0.5043330225336705,0.9841231756854657,0
-0.46546902347764374,0.9009088760241706,1.5251962127575889,-0.3925126200300496,-0.06640278899360229,0.9048055324001227,0.06599664927436881,0.2744324511807092,0.5651428055227898,0.4617277333253637,-0.997471732522988,1.0003838311748445,-1.0161329645585022,0
-0.9738162891597597,0.9009088760241706,0.8491410419312149,-0.3984505537223235,-0.911310674287764,0.9048055324001227,0.06599664927436881,-0.8828162337175963,-0.11965409719924096,0.4617277333253637,-0.7394662468772634,-1.8370267942526706,0.9841231756854657,0
-0.46546902347764374,-1.1099901739376037,-0.502969299721533,0.07907933720049366,-0.911310674287764,-1.177851894974348,-0.2507203421941191,0.853056793629862,-1.0495008719737637,-0.570312581972397,-0.4814607612315388,-1.202081759191968,-1.0161329645585022,0
-0.634918112038349,-1.1099901739376037,0.8491410419312149,-0.3930969379731723,-0.5733475201700994,0.9048055324001227,0.06599664927436881,0.853056793629862,-1.4724636648314886,0.4617277333253637,-0.7394662468772634,0.7027533459901402,0.9841231756854657,0
-0.634918112038349,-1.1099901739376037,-1.179024470547907,-0.03339397066220572,-0.911310674287764,-1.177851894974348,-0.7257958293968509,-0.8828162337175963,-1.0495008719737637,-0.9143260204049839,-0.4814607612315388,1.4369085427790778,-1.0161329645585022,1
-0.8043672005990544,0.9009088760241706,-0.502969299721533,0.07838447261948289,-0.911310674287764,-1.177851894974348,-0.8841543251310949,-0.8828162337175963,0.001192415045823164,-1.0289971665491795,-0.4814607612315388,1.1591200899400202,0.9841231756854657,0
-0.2960199349169384,-1.1099901739376037,-1.179024470547907,0.08386442738336336,-0.5733475201700994,-1.177851894974348,-0.8841543251310949,-0.8828162337175963,0.9981761410676039,-1.0289971665491795,-0.4814607612315388,-0.5076106270943244,0.9841231756854657,0
-0.2960199349169384,-1.1099901739376037,-1.179024470547907,-0.39161245455010385,-0.5733475201700994,0.9048055324001227,0.06599664927436881,0.853056793629862,0.001192415045823164,0.4617277333253637,-0.7394662468772634,-0.03140185079879733,0.9841231756854657,0
-0.9738162891597597,-1.1099901739376037,1.5251962127575889,-0.39426557385941774,-0.911310674287764,0.9048055324001227,0.06599664927436881,0.2744324511807092,-0.3680608168140954,0.4617277333253637,-0.997471732522988,-0.13061201252703214,0.9841231756854657,0
-0.634918112038349,-1.1099901739376037,-0.502969299721533,0.08198513453926602,-0.911310674287764,-1.177851894974348,-0.5674373336626071,1.4316811360790147,-1.0495008719737637,-0.7996548742607882,-0.7394662468772634,0.38528082845978884,-1.0161329645585022,0
-0.46546902347764374,-1.1099901739376037,-0.502969299721533,0.08042168923199176,-0.06640278899360229,-1.177851894974348,0.38271364074285674,0.853056793629862,-1.173704231781191,0.003043148748581378,-0.4814607612315388,1.734539027963782,0.9841231756854657,0
-0.8043672005990544,-1.1099901739376037,0.8491410419312149,-0.39214939536270305,-0.404365943111267,0.9048055324001227,0.06599664927436881,-0.8828162337175963,-1.4724636648314886,0.4617277333253637,-0.4814607612315388,-1.2219237915376149,0.9841231756854657,0
-0.2960199349169384,0.9009088760241706,1.5251962127575889,0.07363096719029551,-0.23538436605243465,-1.177851894974348,-0.963333572998217,-0.8828162337175963,1.1223795008750308,-1.143668312693375,-0.7394662468772634,-1.4997122443766724,0.9841231756854657,0
-0.8043672005990544,0.9009088760241706,-0.502969299721533,0.08260103723607103,-0.911310674287764,0.21058638994196582,1.0161476236798326,-0.8828162337175963,1.1223795008750308,0.5763988794695595,-0.7394662468772634,-1.6981325678331418,0.9841231756854657,0
-0.9738162891597597,0.9009088760241706,0.8491410419312149,0.08249049059818295,-0.911310674287764,-1.177851894974348,0.6598410082777837,1.4316811360790147,-0.0860856215756121,0.23238544103697253,-0.7394662468772634,-0.22982217425526694,0.9841231756854657,0
-0.9738162891597597,0.9009088760241706,-0.502969299721533,-0.3891488437628838,-0.7423290972289317,0.9048055324001227,0.06599664927436881,-0.8828162337175963,-1.173704231781191,0.4617277333253637,-0.7394662468772634,1.4567505751247247,-1.0161329645585022,0
-0.8043672005990544,-1.1099901739376037,-1.179024470547907,-0.5075285005641748,-0.7423290972289317,0.9048055324001227,0.06599664927436881,0.853056793629862,0.3301634761573873,0.8057411717579506,-0.7394662468772634,0.4844909901880236,-1.0161329645585022,1
-0.8043672005990544,-1.1099901739376037,0.8491410419312149,0.07912671433101713,-0.5733475201700994,-1.177851894974348,-0.8208109268373974,-1.461440576166749,-1.4254677989584081,-1.0289971665491795,-0.4814607612315388,-1.162397694500674,0.9841231756854657,0
-0.2960199349169384,0.9009088760241706,1.5251962127575889,0.07876348966367058,-0.23538436605243465,-1.177851894974348,-0.2507203421941191,0.853056793629862,1.286865031430813,-0.570312581972397,-0.7394662468772634,0.5241750548793175,0.9841231756854657,0
-0.9738162891597597,-1.1099901739376037,0.8491410419312149,0.08159032511823718,-0.7423290972289317,-1.177851894974348,1.0161476236798326,-0.8828162337175963,1.7836784706605218,0.5763988794695595,-0.997471732522988,0.9011736694466097,-1.0161329645585022,0
-0.8043672005990544,-1.1099901739376037,0.8491410419312149,0.07805283270581866,-0.911310674287764,-1.177851894974348,-0.7257958293968509,0.853056793629862,0.03811773823181484,-0.9143260204049839,-0.7394662468772634,0.40512286080543575,0.9841231756854657,0
-0.2960199349169384,-1.1099901739376037,-0.502969299721533,0.08070595201513255,-0.5733475201700994,-1.177851894974348,2.4413740852880284,1.4316811360790147,0.001192415045823164,1.7231103409115156,-0.4814607612315388,-0.26950623894656084,0.9841231756854657,0
-0.46546902347764374,0.9009088760241706,0.8491410419312149,0.07595244658594516,-0.911310674287764,-1.177851894974348,-0.2507203421941191,-1.461440576166749,0.03811773823181484,-0.570312581972397,-0.7394662468772634,-1.9163949236352584,0.9841231756854657,0
-0.46546902347764374,0.9009088760241706,0.8491410419312149,-0.3951657393393635,-0.5733475201700994,0.9048055324001227,0.06599664927436881,1.4316811360790147,0.6624913848313142,0.4617277333253637,-0.997471732522988,-1.0830295651180861,0.9841231756854657,0
-1.143265377720465,-1.1099901739376037,1.5251962127575889,0.08359595697706373,-0.911310674287764,-1.177851894974348,0.034324950127520015,-0.8828162337175963,-1.2979075915886182,-0.2262991435398101,-0.4814607612315388,1.1194360252487263,0.9841231756854657,0
-0.9738162891597597,-1.1099901739376037,1.5251962127575889,0.0844013681959626,-0.911310674287764,-1.177851894974348,-0.18737694390042153,0.2744324511807092,-1.0495008719737637,-0.45564143582820127,-0.997471732522988,-0.26950623894656084,-1.0161329645585022,0
-0.634918112038349,0.9009088760241706,0.8491410419312149,0.08320114755603489,-0.911310674287764,0.21058638994196582,-0.2507203421941191,1.4316811360790147,1.6594751108530943,-0.570312581972397,-0.997471732522988,-1.7973427295613766,0.9841231756854657,0
-0.8043672005990544,-1.1099901739376037,-0.502969299721533,0.08351699509285797,-0.404365943111267,-1.177851894974348,-0.5674373336626071,0.853056793629862,-1.173704231781191,-0.7996548742607882,-0.997471732522988,0.3654387961141419,0.9841231756854657,0
-0.8043672005990544,-1.1099901739376037,-1.179024470547907,-0.5093288315240664,-0.7423290972289317,0.9048055324001227,0.06599664927436881,0.853056793629862,1.407711543675877,0.8057411717579506,-0.7394662468772634,1.1988041546313142,-1.0161329645585022,1
-0.634918112038349,0.9009088760241706,-1.179024470547907,-0.38932255990813647,-0.911310674287764,0.9048055324001227,0.06599664927436881,-0.8828162337175963,-1.4993184453303918,0.4617277333253637,-0.7394662468772634,-0.38855843302044263,0.9841231756854657,0
-0.634918112038349,0.9009088760241706,-1.179024470547907,0.07497331922179361,-0.5733475201700994,-1.177851894974348,0.38271364074285674,-1.461440576166749,0.11868207972852446,0.003043148748581378,-0.4814607612315388,0.9408577341379036,-1.0161329645585022,0
-0.2960199349169384,-1.1099901739376037,-1.179024470547907,0.0834696179623345,-0.404365943111267,-1.177851894974348,-1.121692068732461,-1.461440576166749,-0.005521280078902488,-1.2583394588375707,-0.7394662468772634,0.10749237562073138,-1.0161329645585022,0
-0.9738162891597597,0.9009088760241706,0.8491410419312149,-0.39180196307219767,-0.7423290972289317,0.9048055324001227,0.06599664927436881,-0.8828162337175963,-1.173704231781191,0.4617277333253637,-0.997471732522988,0.7424374106814341,-1.0161329645585022,0
-0.634918112038349,-1.1099901739376037,-0.502969299721533,-0.3906333271859523,-0.7423290972289317,0.9048055324001227,0.06599664927436881,-1.461440576166749,-1.173704231781191,0.4617277333253637,-0.997471732522988,1.4170665104334308,-1.0161329645585022,0
-0.2960199349169384,-1.1099901739376037,-1.179024470547907,0.07890562105524097,-0.06640278899360229,-1.177851894974348,-0.7257958293968509,-0.8828162337175963,-0.37813135950118393,-0.9143260204049839,-0.4814607612315388,1.3972244780877838,0.9841231756854657,0
-0.9738162891597597,-1.1099901739376037,0.8491410419312149,-0.5034224825854747,-0.911310674287764,0.9048055324001227,0.06599664927436881,0.853056793629862,1.6997572816014495,0.8057411717579506,-0.997471732522988,-3.0077067026458413,-1.0161329645585022,1
-0.2960199349169384,-1.1099901739376037,0.8491410419312149,0.07821075647423019,-0.23538436605243465,-1.177851894974348,0.06599664927436881,-0.3041918912684436,0.001192415045823164,-0.2262991435398101,-0.4814607612315388,0.26622863438590705,0.9841231756854657,0
-0.9738162891597597,-1.1099901739376037,-1.179024470547907,0.08059540537724447,-0.7423290972289317,-1.177851894974348,-0.5674373336626071,-0.8828162337175963,-1.2979075915886182,-0.7996548742607882,-0.4814607612315388,-0.44808453005738347,0.9841231756854657,0
-0.46546902347764374,-1.1099901739376037,0.8491410419312149,0.0772790062406021,-0.5733475201700994,0.21058638994196582,0.38271364074285674,-0.3041918912684436,1.2029438423717405,0.003043148748581378,-0.997471732522988,-0.051243883144444294,-1.0161329645585022,0
-0.2960199349169384,0.9009088760241706,1.5251962127575889,0.07974261702782214,0.10257878806523006,-1.177851894974348,-0.804975077263973,0.853056793629862,-1.173704231781191,-1.0289971665491795,-0.4814607612315388,-0.4877685947486774,0.9841231756854657,0
-0.9738162891597597,0.9009088760241706,-0.502969299721533,-0.40099312639374934,-0.911310674287764,0.9048055324001227,0.06599664927436881,0.853056793629862,2.3241309282009484,0.4617277333253637,-0.997471732522988,-0.15045404487267908,0.9841231756854657,0
-1.143265377720465,-1.1099901739376037,0.8491410419312149,-0.39467617565728774,-0.7423290972289317,0.9048055324001227,0.06599664927436881,-0.8828162337175963,-0.25392799969375696,0.4617277333253637,-0.997471732522988,-0.7853990799333818,0.9841231756854657,0
-0.634918112038349,0.9009088760241706,-1.179024470547907,0.08187458790137794,-0.911310674287764,-1.177851894974348,1.0161476236798326,-1.461440576166749,-0.12972463988633004,0.5763988794695595,-0.997471732522988,-1.182239726846321,-1.0161329645585022,0
-0.634918112038349,-1.1099901739376037,-0.502969299721533,0.08629645341690109,-0.911310674287764,-1.177851894974348,2.4413740852880284,1.4316811360790147,-0.12972463988633004,1.7231103409115156,-0.997471732522988,0.7622794430270811,0.9841231756854657,0
-0.634918112038349,-1.1099901739376037,-1.179024470547907,0.0745627174239236,-0.404365943111267,-1.177851894974348,0.38271364074285674,0.853056793629862,2.1999275683935204,0.003043148748581378,-0.7394662468772634,-0.03140185079879733,0.9841231756854657,0
-0.634918112038349,0.9009088760241706,-0.502969299721533,0.08089546053722639,-0.911310674287764,-1.177851894974348,-0.7574675285436998,-0.3041918912684436,0.11868207972852446,-0.9143260204049839,-0.997471732522988,-1.4005020826484376,0.9841231756854657,0
-0.634918112038349,0.9009088760241706,-0.502969299721533,-0.3992559649412224,-0.404365943111267,0.9048055324001227,0.06599664927436881,1.4316811360790147,0.7061304031420315,0.4617277333253637,-0.4814607612315388,1.0202258635204915,0.9841231756854657,0
-0.46546902347764374,-1.1099901739376037,-0.502969299721533,0.0802005959562156,-0.5733475201700994,-1.177851894974348,0.5094004373302519,0.2744324511807092,0.7061304031420315,0.1177142948927768,-0.4814607612315388,0.3455967637684949,-1.0161329645585022,0
-0.9738162891597597,-1.1099901739376037,-0.502969299721533,0.08648596193899494,-0.7423290972289317,-1.177851894974348,0.22435514500861276,0.2744324511807092,0.11868207972852446,-0.11162799739561437,-0.7394662468772634,0.3654387961141419,0.9841231756854657,0
-0.634918112038349,0.9009088760241706,-0.502969299721533,0.0793793923604756,-0.404365943111267,-1.177851894974348,-0.5674373336626071,1.4316811360790147,-1.0495008719737637,-0.7996548742607882,-0.7394662468772634,0.6233852166075523,0.9841231756854657,0
-0.46546902347764374,0.9009088760241706,1.5251962127575889,-0.3981189138086593,-0.23538436605243465,0.9048055324001227,0.06599664927436881,0.2744324511807092,0.6255660616453219,0.4617277333253637,-0.7394662468772634,-1.4600281796853785,0.9841231756854657,0
-0.9738162891597597,0.9009088760241706,0.8491410419312149,-0.5046227032254025,-0.911310674287764,0.9048055324001227,0.06599664927436881,-0.8828162337175963,0.001192415045823164,0.8057411717579506,-0.7394662468772634,-1.2616078562289088,-1.0161329645585022,1
-1.143265377720465,-1.1099901739376037,1.5251962127575889,-0.3963659599792912,-0.911310674287764,0.9048055324001227,0.06599664927436881,-0.8828162337175963,0.001192415045823164,0.4617277333253637,-0.997471732522988,-0.03140185079879733,-1.0161329645585022,0
-0.634918112038349,-1.1099901739376037,0.8491410419312149,-0.5050333050232725,-0.404365943111267,0.9048055324001227,0.06599664927436881,-1.461440576166749,1.0418151593783211,0.8057411717579506,-0.7394662468772634,-0.13061201252703214,-1.0161329645585022,1
-0.46546902347764374,-1.1099901739376037,0.8491410419312149,-0.3997455286232982,-0.5733475201700994,0.9048055324001227,0.06599664927436881,-1.461440576166749,0.2965950005337584,0.4617277333253637,-0.7394662468772634,-1.0036614357354983,-1.0161329645585022,0
-0.2960199349169384,0.9009088760241706,1.5251962127575889,0.07991633317307484,-0.06640278899360229,-1.177851894974348,-0.4090788379283631,-0.8828162337175963,-1.0495008719737637,-0.6849837281165926,-0.4814607612315388,1.1591200899400202,-1.0161329645585022,0
-0.46546902347764374,0.9009088760241706,-1.179024470547907,0.08215885068451871,-0.911310674287764,-1.177851894974348,0.6994306322113446,-1.461440576166749,-0.25392799969375696,0.23238544103697253,-0.4814607612315388,-0.051243883144444294,-1.0161329645585022,0
-0.8043672005990544,0.9009088760241706,0.8491410419312149,0.0785897735184179,-0.911310674287764,-1.177851894974348,-1.042512820865339,0.853056793629862,-1.173704231781191,-1.143668312693375,-0.4814607612315388,-0.9838194033898514,0.9841231756854657,0
-0.8043672005990544,-1.1099901739376037,-0.502969299721533,0.0807217443919737,-0.911310674287764,-1.177851894974348,0.06599664927436881,1.4316811360790147,-0.005521280078902488,-0.2262991435398101,-0.4814607612315388,1.1591200899400202,-1.0161329645585022,0
-0.2960199349169384,0.9009088760241706,0.8491410419312149,-0.39748721873501314,-0.5733475201700994,0.9048055324001227,0.06599664927436881,0.2744324511807092,1.0418151593783211,0.4617277333253637,-0.997471732522988,-1.5989224061049072,0.9841231756854657,0
-0.634918112038349,-1.1099901739376037,-1.179024470547907,0.08686497898318263,-0.911310674287764,0.21058638994196582,0.8577891279455886,-0.8828162337175963,0.3939435798422821,0.4617277333253637,-0.997471732522988,-0.6663468858595001,0.9841231756854657,0
-0.46546902347764374,-1.1099901739376037,0.8491410419312149,0.07530495913545784,-0.911310674287764,0.21058638994196582,-0.7257958293968509,-0.3041918912684436,-0.811164695045998,-0.9143260204049839,-0.7394662468772634,-0.011559818453150373,0.9841231756854657,0
-0.8043672005990544,0.9009088760241706,-0.502969299721533,-0.8081837708660663,-0.911310674287764,0.9048055324001227,-0.8326878140174657,0.853056793629862,0.03476089066945202,0.1177142948927768,-0.7394662468772634,0.305912699077201,-1.0161329645585022,0
-0.8043672005990544,0.9009088760241706,-0.502969299721533,-0.33982925088795957,-0.911310674287764,0.9048055324001227,-0.8326878140174657,1.4316811360790147,-1.8752853723150364,-0.7996548742607882,-0.4814607612315388,-0.190138109563973,-1.0161329645585022,0
-0.46546902347764374,-1.1099901739376037,-0.502969299721533,-0.8140743274278167,-0.23538436605243465,0.9048055324001227,-0.8366467764108217,0.2744324511807092,0.2865244578466693,0.1177142948927768,-0.7394662468772634,1.1591200899400202,0.9841231756854657,0
-0.634918112038349,0.9009088760241706,0.8491410419312149,-0.6776913610276101,-0.5733475201700994,0.9048055324001227,-0.8366467764108217,0.2744324511807092,-0.46205254856025635,-0.2262991435398101,-0.4814607612315388,-0.03140185079879733,-1.0161329645585022,0
-0.9738162891597597,0.9009088760241706,0.8491410419312149,-0.25853009490969836,-0.911310674287764,0.9048055324001227,-0.8366467764108217,-1.461440576166749,0.001192415045823164,-0.7996548742607882,-0.997471732522988,-2.0552891500547874,0.9841231756854657,0
-0.9738162891597597,0.9009088760241706,-1.179024470547907,0.08039010447830947,-0.404365943111267,0.21058638994196582,0.38271364074285674,0.2744324511807092,0.5114332445249834,0.003043148748581378,-0.997471732522988,-2.134657279437375,0.9841231756854657,0
-0.8043672005990544,-1.1099901739376037,1.5251962127575889,0.8026228745548092,-0.911310674287764,0.9048055324001227,-0.8366467764108217,1.4316811360790147,0.27645391515958084,-1.2583394588375707,-0.4814607612315388,1.0797519605574324,0.9841231756854657,0
-0.8043672005990544,-1.1099901739376037,-0.502969299721533,-0.6743749618909677,-0.23538436605243465,0.9048055324001227,-0.8406057388041779,-0.8828162337175963,0.2865244578466693,-0.34097028968400567,-0.4814607612315388,0.3654387961141419,-1.0161329645585022,0
-0.9738162891597597,0.9009088760241706,0.8491410419312149,-0.7254159238415777,-0.7423290972289317,0.9048055324001227,-0.844564701197534,1.4316811360790147,-0.005521280078902488,-0.11162799739561437,-0.997471732522988,0.9805417988291976,0.9841231756854657,0
-0.46546902347764374,-1.1099901739376037,-0.502969299721533,0.08247469822134179,-0.23538436605243465,-1.177851894974348,1.0161476236798326,-0.3041918912684436,0.3939435798422821,0.5763988794695595,-0.4814607612315388,-2.749760282152431,0.9841231756854657,0
-0.634918112038349,-1.1099901739376037,0.8491410419312149,-0.5814210318039348,-0.404365943111267,0.9048055324001227,-0.844564701197534,0.853056793629862,-1.3482603050240614,-0.45564143582820127,-0.997471732522988,1.5559607368529593,0.9841231756854657,0
-0.634918112038349,-1.1099901739376037,0.8491410419312149,0.080137426448851,-0.404365943111267,0.21058638994196582,2.3226052134873454,0.853056793629862,0.3939435798422821,1.7231103409115156,-0.997471732522988,-0.20998014190961997,0.9841231756854657,0
-0.8043672005990544,0.9009088760241706,1.5251962127575889,-0.3812210705886244,-0.911310674287764,0.9048055324001227,-0.844564701197534,0.2744324511807092,0.001192415045823164,-0.6849837281165926,-0.997471732522988,-0.9838194033898514,0.9841231756854657,0
-0.9738162891597597,0.9009088760241706,0.8491410419312149,-0.2982005455346774,-0.7423290972289317,0.9048055324001227,-0.844564701197534,0.2744324511807092,0.5651428055227898,-0.7996548742607882,-0.4814607612315388,-0.11076998018138517,0.9841231756854657,0
-0.8043672005990544,-1.1099901739376037,-1.179024470547907,0.07655255690590902,-0.23538436605243465,-1.177851894974348,0.8577891279455886,-1.461440576166749,0.04483143335654109,0.4617277333253637,-0.4814607612315388,-0.4282424977117365,0.9841231756854657,0
-0.2960199349169384,0.9009088760241706,-0.502969299721533,0.08184300314769563,-0.06640278899360229,-1.177851894974348,0.38271364074285674,-0.3041918912684436,-0.6936750303632967,0.003043148748581378,-0.997471732522988,1.2186461869769611,-1.0161329645585022,0
-0.2960199349169384,0.9009088760241706,0.8491410419312149,-0.3407294163679054,0.2715603651240624,0.9048055324001227,-0.84852366359089,0.853056793629862,-0.39491559731299863,-0.7996548742607882,-0.997471732522988,-0.03140185079879733,-1.0161329645585022,0
-0.9738162891597597,0.9009088760241706,-0.502969299721533,0.08272737625080026,-0.7423290972289317,-1.177851894974348,2.4413740852880284,0.853056793629862,1.4446368668618692,1.7231103409115156,-0.4814607612315388,0.18686050500331922,0.9841231756854657,0
-0.9738162891597597,-1.1099901739376037,-0.502969299721533,0.07682102731220863,-0.911310674287764,-1.177851894974348,0.8577891279455886,-1.461440576166749,0.9780350556934264,0.4617277333253637,-0.997471732522988,0.40512286080543575,0.9841231756854657,0
-0.9738162891597597,0.9009088760241706,-0.502969299721533,-0.38493227914629563,-0.911310674287764,0.9048055324001227,0.06599664927436881,1.4316811360790147,-1.6839450612603513,0.4617277333253637,-0.4814607612315388,-0.7457150152420878,-1.0161329645585022,0
-0.2960199349169384,-1.1099901739376037,1.5251962127575889,0.08301163903394104,-0.404365943111267,-1.177851894974348,-0.4090788379283631,0.2744324511807092,1.092167872813765,-0.6849837281165926,-0.4814607612315388,-0.2893482712922078,-1.0161329645585022,0
-0.634918112038349,-1.1099901739376037,-1.179024470547907,-0.4933627385376596,-0.911310674287764,0.9048055324001227,0.06599664927436881,-0.3041918912684436,-0.21700267650776528,0.8057411717579506,-0.7394662468772634,-0.46792656240303043,-1.0161329645585022,1
-0.634918112038349,-1.1099901739376037,-0.502969299721533,0.08449612245700952,-0.911310674287764,-1.177851894974348,-0.09236184645987515,-0.8828162337175963,0.27645391515958084,-0.34097028968400567,-0.7394662468772634,1.4765926074703717,-1.0161329645585022,0
-0.634918112038349,-1.1099901739376037,0.8491410419312149,0.07792649369108942,-0.911310674287764,-1.177851894974348,0.06599664927436881,1.4316811360790147,-1.0964967378468442,-0.2262991435398101,-0.7394662468772634,0.16701847265767225,0.9841231756854657,0
-0.9738162891597597,0.9009088760241706,-0.502969299721533,-0.3791996463529567,-0.911310674287764,0.9048055324001227,0.06599664927436881,1.4316811360790147,1.2096575374964662,0.4617277333253637,-0.4814607612315388,-0.09092794783573821,-1.0161329645585022,0
-0.8043672005990544,0.9009088760241706,0.8491410419312149,-0.3827845158958987,-0.911310674287764,0.9048055324001227,0.06599664927436881,0.2744324511807092,-1.2475548781531747,0.4617277333253637,-0.997471732522988,-1.0631875327724392,-1.0161329645585022,0
-0.2960199349169384,0.9009088760241706,-1.179024470547907,0.08359595697706373,-0.404365943111267,-1.177851894974348,-0.6624524311031534,0.853056793629862,0.5114332445249834,-0.9143260204049839,-0.4814607612315388,0.12733440796637835,0.9841231756854657,0
-0.2960199349169384,0.9009088760241706,0.8491410419312149,0.08078491389933831,-0.06640278899360229,-1.177851894974348,0.38271364074285674,-0.3041918912684436,0.0851136041048956,0.003043148748581378,-0.4814607612315388,0.6829113136444932,0.9841231756854657,0
-0.9738162891597597,0.9009088760241706,-0.502969299721533,0.08200092691610718,-0.911310674287764,0.21058638994196582,0.8577891279455886,0.2744324511807092,0.0851136041048956,0.4617277333253637,-0.7394662468772634,1.258330251668255,0.9841231756854657,0
-0.8043672005990544,0.9009088760241706,1.5251962127575889,0.08309060091814681,-0.911310674287764,-1.177851894974348,1.6495816066168083,-0.8828162337175963,0.4040141225293712,1.035083464046342,-0.4814607612315388,0.7622794430270811,0.9841231756854657,0
-0.8043672005990544,0.9009088760241706,0.8491410419312149,0.08070595201513255,-0.911310674287764,-1.177851894974348,-0.5674373336626071,1.4316811360790147,0.7229146409538463,-0.7996548742607882,-0.4814607612315388,-0.011559818453150373,0.9841231756854657,0
-0.9738162891597597,0.9009088760241706,0.8491410419312149,0.07720004435639634,-0.911310674287764,-1.177851894974348,0.0026532509806712224,-0.8828162337175963,1.4647779522360462,-0.34097028968400567,-0.997471732522988,0.0479662785837905,-1.0161329645585022,0
-0.9738162891597597,0.9009088760241706,0.8491410419312149,-0.37182460636813774,-0.911310674287764,0.9048055324001227,0.06599664927436881,1.4316811360790147,-1.2475548781531747,0.4617277333253637,-0.7394662468772634,-2.23386744116561,0.9841231756854657,0
-0.634918112038349,-1.1099901739376037,1.5251962127575889,-0.36839766059360735,-0.7423290972289317,0.9048055324001227,0.06599664927436881,-0.8828162337175963,0.15896425047687956,0.4617277333253637,-0.7394662468772634,1.4567505751247247,-1.0161329645585022,0
-0.8043672005990544,0.9009088760241706,-0.502969299721533,-0.36672366864844497,-0.5733475201700994,0.9048055324001227,0.06599664927436881,0.2744324511807092,0.860545391010725,0.4617277333253637,-0.4814607612315388,-0.7457150152420878,0.9841231756854657,0
-0.8043672005990544,0.9009088760241706,-0.502969299721533,0.08136923184246102,-0.911310674287764,-1.177851894974348,-0.18737694390042153,-0.8828162337175963,-1.0092187012254088,-0.45564143582820127,-0.7394662468772634,0.305912699077201,0.9841231756854657,0
-0.9738162891597597,-1.1099901739376037,-0.502969299721533,0.07683681968904979,-0.911310674287764,-1.177851894974348,1.0161476236798326,-0.8828162337175963,1.8877407450937713,0.5763988794695595,-0.7394662468772634,0.4448069254967297,0.9841231756854657,0
-0.9738162891597597,0.9009088760241706,0.8491410419312149,0.08418027492018644,-0.404365943111267,-1.177851894974348,1.3328646151483206,-0.8828162337175963,1.1458774338115711,0.8057411717579506,-0.7394662468772634,0.782121475372728,0.9841231756854657,0
-1.143265377720465,-1.1099901739376037,0.8491410419312149,-0.6764437632571589,-0.911310674287764,0.9048055324001227,-0.8524826259842462,-0.8828162337175963,-1.371758237960602,-0.34097028968400567,-0.4814607612315388,-2.23386744116561,-1.0161329645585022,0
-0.46546902347764374,0.9009088760241706,0.8491410419312149,-0.6788442045370143,-0.06640278899360229,0.9048055324001227,-0.8524826259842462,0.2744324511807092,0.4107278176540969,-0.34097028968400567,-0.4814607612315388,-1.6981325678331418,0.9841231756854657,0
-0.634918112038349,0.9009088760241706,-1.179024470547907,0.0760787856006744,-0.23538436605243465,-0.4836327525161911,-0.09236184645987515,0.853056793629862,-0.46205254856025635,-0.34097028968400567,-0.997471732522988,-0.24966420660091387,0.9841231756854657,0
-0.9738162891597597,-1.1099901739376037,0.8491410419312149,-0.6742802076299208,-0.911310674287764,0.9048055324001227,-0.8524826259842462,1.4316811360790147,1.4446368668618692,-0.34097028968400567,-0.997471732522988,-2.2933935382025505,-1.0161329645585022,1
-0.634918112038349,-1.1099901739376037,-0.502969299721533,0.08288530001921181,-0.911310674287764,-1.177851894974348,-0.10027977124658735,0.853056793629862,0.2965950005337584,-0.34097028968400567,-0.7394662468772634,0.18686050500331922,-1.0161329645585022,0
-0.46546902347764374,-1.1099901739376037,0.8491410419312149,-0.6565769531909871,-0.23538436605243465,0.9048055324001227,-0.8524826259842462,0.2744324511807092,-0.707102420612748,-0.34097028968400567,-0.7394662468772634,-2.03544711770914,-1.0161329645585022,0
-0.9738162891597597,0.9009088760241706,0.8491410419312149,-0.6588668478329543,-0.7423290972289317,0.9048055324001227,-0.8524826259842462,1.4316811360790147,0.860545391010725,-0.34097028968400567,-0.997471732522988,1.0202258635204915,0.9841231756854657,0
-0.2960199349169384,0.9009088760241706,-1.179024470547907,-0.6010825409711716,-0.7423290972289317,0.9048055324001227,-0.8524826259842462,0.853056793629862,1.9515208487786668,-0.45564143582820127,-0.7394662468772634,-3.8212300288173666,-1.0161329645585022,1
-0.634918112038349,-1.1099901739376037,-1.179024470547907,0.08196934216242487,-0.404365943111267,-1.177851894974348,0.8577891279455886,1.4316811360790147,0.1522505553521539,0.4617277333253637,-0.997471732522988,-2.1743413441286688,0.9841231756854657,0
-0.2960199349169384,0.9009088760241706,-0.502969299721533,-0.5968659763545835,-0.5733475201700994,0.9048055324001227,-0.8524826259842462,0.2744324511807092,-0.707102420612748,-0.45564143582820127,-0.7394662468772634,0.08765034327508442,0.9841231756854657,0
-0.634918112038349,-1.1099901739376037,-0.502969299721533,0.07966365514361637,-0.23538436605243465,-1.177851894974348,-0.3298995900612411,0.2744324511807092,-0.901799579229796,-0.570312581972397,-0.997471732522988,-0.20998014190961997,-1.0161329645585022,0
-0.9738162891597597,-1.1099901739376037,1.5251962127575889,-0.6985372984579334,-0.911310674287764,0.9048055324001227,-0.8524826259842462,-0.3041918912684436,-1.4724636648314886,-0.2262991435398101,-0.997471732522988,1.6353288662355472,-1.0161329645585022,1
-1.143265377720465,-1.1099901739376037,-1.179024470547907,-0.7035592742934205,-0.911310674287764,0.9048055324001227,-0.8524826259842462,0.2744324511807092,1.5486991412951188,-0.2262991435398101,-0.7394662468772634,0.38528082845978884,-1.0161329645585022,1
-0.634918112038349,0.9009088760241706,0.8491410419312149,-0.5841057358669309,-0.5733475201700994,0.9048055324001227,-0.8524826259842462,0.853056793629862,-0.21364582894540246,-0.45564143582820127,-0.4814607612315388,0.10749237562073138,0.9841231756854657,0
-0.9738162891597597,0.9009088760241706,0.8491410419312149,-0.6947155432623742,-0.911310674287764,0.9048055324001227,-0.8524826259842462,-0.3041918912684436,0.001192415045823164,-0.2262991435398101,-0.997471732522988,0.08765034327508442,-1.0161329645585022,1
-0.9738162891597597,0.9009088760241706,-1.179024470547907,-0.562075370173521,-0.5733475201700994,0.9048055324001227,-0.8524826259842462,0.853056793629862,0.001192415045823164,-0.570312581972397,-0.4814607612315388,0.8614896047553159,-1.0161329645585022,0
-1.143265377720465,0.9009088760241706,-0.502969299721533,-0.5432824417325477,-0.911310674287764,0.9048055324001227,-0.8524826259842462,0.2744324511807092,-0.5661148229935064,-0.570312581972397,-0.7394662468772634,0.305912699077201,-1.0161329645585022,0
-0.2960199349169384,-1.1099901739376037,-0.502969299721533,-0.031088283643397226,-0.404365943111267,-1.177851894974348,-0.2507203421941191,-1.461440576166749,0.3905867322799193,-0.45564143582820127,-0.4814607612315388,1.1392780575943733,-1.0161329645585022,1
-0.46546902347764374,0.9009088760241706,-1.179024470547907,-0.5443089462272227,-0.404365943111267,0.9048055324001227,-0.8524826259842462,0.2744324511807092,0.03476089066945202,-0.570312581972397,-0.7394662468772634,-0.36871640067479566,0.9841231756854657,0
-0.634918112038349,0.9009088760241706,1.5251962127575889,-0.509802602829301,-0.911310674287764,0.9048055324001227,-0.8524826259842462,1.4316811360790147,-1.4254677989584081,-0.570312581972397,-0.4814607612315388,0.6829113136444932,-1.0161329645585022,0
-1.143265377720465,0.9009088760241706,-0.502969299721533,-0.4852770415949887,-0.5733475201700994,0.9048055324001227,-0.8524826259842462,0.2744324511807092,-1.173704231781191,-0.570312581972397,-0.4814607612315388,-0.26950623894656084,0.9841231756854657,0
-0.46546902347764374,-1.1099901739376037,-1.179024470547907,-0.4887513645000426,-0.7423290972289317,0.9048055324001227,-0.8524826259842462,-0.8828162337175963,-0.46205254856025635,-0.570312581972397,-0.997471732522988,-1.4401861473397315,0.9841231756854657,0
-0.634918112038349,0.9009088760241706,-0.502969299721533,0.08193775740874255,-0.5733475201700994,-1.177851894974348,0.6915127074246324,-1.461440576166749,0.04483143335654109,0.23238544103697253,-0.997471732522988,-0.22982217425526694,0.9841231756854657,0
-0.8043672005990544,-1.1099901739376037,-0.502969299721533,-0.4697215504064519,-0.911310674287764,0.9048055324001227,-0.8524826259842462,-0.8828162337175963,1.1861596045599256,-0.6849837281165926,-0.7394662468772634,-0.20998014190961997,0.9841231756854657,0
-0.8043672005990544,0.9009088760241706,-1.179024470547907,0.08350120271601681,-0.911310674287764,-1.177851894974348,-0.7257958293968509,0.2744324511807092,-1.2979075915886182,-0.9143260204049839,-0.997471732522988,0.3455967637684949,0.9841231756854657,0
-0.634918112038349,0.9009088760241706,-0.502969299721533,-0.44663309546468466,-0.7423290972289317,0.9048055324001227,-0.8524826259842462,-0.8828162337175963,-1.0427871768490378,-0.6849837281165926,-0.997471732522988,-0.051243883144444294,0.9841231756854657,0
-0.46546902347764374,0.9009088760241706,-0.502969299721533,0.08940755165460844,-0.5733475201700994,-1.177851894974348,1.8079401023510524,-0.8828162337175963,0.7430557263280237,1.2644257563347332,-0.4814607612315388,0.7225953783357871,-1.0161329645585022,0
-0.8043672005990544,-1.1099901739376037,0.8491410419312149,0.08105338430563792,-0.911310674287764,-1.177851894974348,-0.13986939518014835,-0.8828162337175963,0.8269769153870962,-0.45564143582820127,-0.4814607612315388,-0.8647672093159696,0.9841231756854657,0
-0.9738162891597597,0.9009088760241706,0.8491410419312149,-0.566276142413268,-0.404365943111267,0.9048055324001227,-0.8524826259842462,0.2744324511807092,-0.3680608168140954,-0.45564143582820127,-0.997471732522988,0.008282213892496587,-1.0161329645585022,1
-0.46546902347764374,0.9009088760241706,0.8491410419312149,-0.5572113181064455,-0.404365943111267,0.9048055324001227,-0.8524826259842462,-0.3041918912684436,-0.005521280078902488,-0.570312581972397,-0.4814607612315388,-2.4322877646220795,-1.0161329645585022,1
-0.9738162891597597,-1.1099901739376037,-0.502969299721533,0.08823891576836304,-0.911310674287764,-1.177851894974348,0.7113075193914129,-0.8828162337175963,1.253296555807184,0.23238544103697253,-0.4814607612315388,-0.190138109563973,-1.0161329645585022,0
-0.46546902347764374,-1.1099901739376037,-1.179024470547907,-0.5423506914989196,-0.404365943111267,0.9048055324001227,-0.8524826259842462,-1.461440576166749,0.001192415045823164,-0.570312581972397,-0.997471732522988,1.1789621222856672,-1.0161329645585022,1
-0.634918112038349,0.9009088760241706,1.5251962127575889,-0.34617778637810354,-0.911310674287764,0.9048055324001227,-0.8524826259842462,0.853056793629862,-0.707102420612748,-0.7996548742607882,-0.4814607612315388,-0.8846092416616166,0.9841231756854657,0
-0.8043672005990544,0.9009088760241706,0.8491410419312149,0.09273974316809196,-0.7423290972289317,0.21058638994196582,0.1451758971414908,-0.8828162337175963,0.9780350556934264,-0.2262991435398101,-0.4814607612315388,0.801963507718375,-1.0161329645585022,0
-0.2960199349169384,-1.1099901739376037,-0.502969299721533,-0.33322803736835716,-0.7423290972289317,0.9048055324001227,-0.8524826259842462,0.2744324511807092,-1.371758237960602,-0.7996548742607882,-0.7394662468772634,1.1789621222856672,0.9841231756854657,0
-0.8043672005990544,0.9009088760241706,-1.179024470547907,0.0886653099430742,-0.5733475201700994,-1.177851894974348,0.7786098800784667,-0.8828162337175963,-1.6839450612603513,0.3470565871811683,-0.7394662468772634,0.46464895784237664,0.9841231756854657,0
-0.9738162891597597,0.9009088760241706,-1.179024470547907,0.08708607225895879,-0.911310674287764,-1.177851894974348,-0.3378175148479533,0.2744324511807092,0.6893461653302174,-0.570312581972397,-0.4814607612315388,0.46464895784237664,-1.0161329645585022,0
-0.2960199349169384,0.9009088760241706,1.5251962127575889,-0.2022144790941429,-0.23538436605243465,-1.177851894974348,-1.121692068732461,0.2744324511807092,-1.1233515183457474,-1.143668312693375,-0.7394662468772634,1.1591200899400202,-1.0161329645585022,1
-0.2960199349169384,0.9009088760241706,0.8491410419312149,0.1006675163423513,-0.5733475201700994,-1.177851894974348,-0.17154109432699713,-0.8828162337175963,-1.4993184453303918,-0.45564143582820127,-0.7394662468772634,-0.46792656240303043,0.9841231756854657,0
-0.8043672005990544,0.9009088760241706,0.8491410419312149,0.09484012928796545,-0.7423290972289317,-1.177851894974348,0.0026532509806712224,-0.8828162337175963,0.001192415045823164,-0.34097028968400567,-0.4814607612315388,0.6630692812988462,0.9841231756854657,0
-0.2960199349169384,-1.1099901739376037,0.8491410419312149,0.09610351943525777,-0.06640278899360229,-1.177851894974348,-1.359229812333827,-1.461440576166749,-1.5496711587658354,-1.487681751125962,-0.4814607612315388,-0.686188918205147,0.9841231756854657,0
-0.634918112038349,0.9009088760241706,1.5251962127575889,-0.20177229254259058,-0.911310674287764,-1.177851894974348,-1.0583486704387632,0.2744324511807092,-0.4654093961226198,-1.143668312693375,-0.997471732522988,0.028124246238143545,-1.0161329645585022,1
-0.2960199349169384,0.9009088760241706,0.17308587110484092,-0.2407320862097177,-0.911310674287764,0.9048055324001227,-0.8524826259842462,-0.8828162337175963,1.0787404825643134,-0.9143260204049839,-0.4814607612315388,0.9805417988291976,-1.0161329645585022,0
-0.46546902347764374,-1.1099901739376037,1.5251962127575889,0.09973576610872321,-0.06640278899360229,-1.177851894974348,-0.3774071387815143,-1.461440576166749,-1.4724636648314886,-0.6849837281165926,-0.4814607612315388,1.5162766721616654,0.9841231756854657,0
-0.8043672005990544,0.9009088760241706,-0.502969299721533,-0.20403060243087562,-0.911310674287764,0.9048055324001227,-0.8524826259842462,0.2744324511807092,-0.3680608168140954,-0.9143260204049839,-0.7394662468772634,-2.2537094735112566,0.9841231756854657,0
-0.8043672005990544,0.9009088760241706,-0.502969299721533,0.09848816833827204,-0.911310674287764,-1.177851894974348,0.0026532509806712224,-0.8828162337175963,-1.173704231781191,-0.34097028968400567,-0.4814607612315388,0.6630692812988462,-1.0161329645585022,0
-0.46546902347764374,-1.1099901739376037,-0.502969299721533,-0.016148695151665463,-0.911310674287764,-1.177851894974348,-0.5674373336626071,0.853056793629862,-0.707102420612748,-0.6849837281165926,-0.997471732522988,-1.678290535487495,-1.0161329645585022,1
-0.2960199349169384,-1.1099901739376037,0.8491410419312149,0.09918303291928282,-0.7423290972289317,-1.177851894974348,-0.8208109268373974,-1.461440576166749,-1.8752853723150364,-1.0289971665491795,-0.4814607612315388,0.8813316371009629,-1.0161329645585022,0
-0.8043672005990544,-1.1099901739376037,-0.502969299721533,0.09954625758662937,-0.23538436605243465,-1.177851894974348,-0.3298995900612411,-1.461440576166749,-0.34120603631519225,-0.570312581972397,-0.7394662468772634,0.12733440796637835,0.9841231756854657,0
-0.46546902347764374,-1.1099901739376037,0.8491410419312149,0.09992527463081706,-0.911310674287764,-1.177851894974348,-0.7574675285436998,1.4316811360790147,0.8336906105118219,-0.9143260204049839,-0.7394662468772634,0.12733440796637835,0.9841231756854657,0
-1.143265377720465,0.9009088760241706,-1.179024470547907,0.10058855445814553,-0.911310674287764,-1.177851894974348,-0.5674373336626071,1.4316811360790147,0.001192415045823164,-0.7996548742607882,-0.4814607612315388,-0.5274526594399713,-1.0161329645585022,0
-0.9738162891597597,0.9009088760241706,-1.179024470547907,0.09965680422451745,-0.911310674287764,-1.177851894974348,-1.2800505644667048,1.4316811360790147,1.417782086362966,-1.3730106049817663,-0.997471732522988,0.6630692812988462,-1.0161329645585022,0
-0.8043672005990544,-1.1099901739376037,1.5251962127575889,-0.2160012240764704,-0.7423290972289317,0.9048055324001227,-0.8524826259842462,0.2744324511807092,-0.005521280078902488,-0.9143260204049839,-0.997471732522988,0.4844909901880236,-1.0161329645585022,1
-0.2960199349169384,-1.1099901739376037,-0.502969299721533,0.09844079120774858,-0.404365943111267,-1.177851894974348,-0.5674373336626071,-0.3041918912684436,1.5486991412951188,-0.7996548742607882,-0.7394662468772634,1.3972244780877838,0.9841231756854657,0
-0.634918112038349,0.9009088760241706,-0.502969299721533,0.09507701494058275,-0.911310674287764,0.21058638994196582,0.6994306322113446,0.853056793629862,-0.005521280078902488,0.23238544103697253,-0.7394662468772634,0.6829113136444932,-1.0161329645585022,0
-0.8043672005990544,-1.1099901739376037,-1.179024470547907,-0.0889831371430681,-0.7423290972289317,0.9048055324001227,-0.8524826259842462,0.853056793629862,-1.6705176710108995,-0.9143260204049839,-0.4814607612315388,0.5837011519162584,0.9841231756854657,0
-0.8043672005990544,-1.1099901739376037,-1.179024470547907,0.10057276208130438,-0.911310674287764,-1.177851894974348,-0.17154109432699713,1.4316811360790147,-1.7510820125076092,-0.45564143582820127,-0.997471732522988,-0.7258729828964409,0.9841231756854657,0
-0.8043672005990544,-1.1099901739376037,0.8491410419312149,-0.0681056149590624,-0.911310674287764,0.9048055324001227,-0.8524826259842462,0.2744324511807092,-1.8752853723150364,-0.9143260204049839,-0.7394662468772634,0.008282213892496587,0.9841231756854657,0
-0.46546902347764374,-1.1099901739376037,-1.179024470547907,-0.05913554491328688,-0.7423290972289317,0.9048055324001227,-0.8524826259842462,1.4316811360790147,1.0787404825643134,-0.9143260204049839,-0.4814607612315388,0.7424374106814341,-1.0161329645585022,0
-0.46546902347764374,-1.1099901739376037,1.5251962127575889,0.09965680422451745,-0.404365943111267,0.21058638994196582,-1.002923196931778,1.4316811360790147,-1.7510820125076092,-1.143668312693375,-0.997471732522988,1.6353288662355472,-1.0161329645585022,0
-0.634918112038349,-1.1099901739376037,0.8491410419312149,0.09537707010056469,-0.404365943111267,-1.177851894974348,0.06599664927436881,0.2744324511807092,-0.21700267650776528,-0.2262991435398101,-0.4814607612315388,-0.17029607721832604,0.9841231756854657,0
-0.634918112038349,0.9009088760241706,-0.502969299721533,0.10035166880552822,-0.911310674287764,0.21058638994196582,0.06599664927436881,-0.3041918912684436,-1.7510820125076092,-0.2262991435398101,-0.7394662468772634,0.46464895784237664,0.9841231756854657,0
-0.634918112038349,0.9009088760241706,-0.502969299721533,0.09926199480348859,-0.911310674287764,-1.177851894974348,-0.963333572998217,-0.8828162337175963,0.16232109803924238,-1.143668312693375,-0.997471732522988,-1.3012919209202027,0.9841231756854657,0
-0.2960199349169384,-1.1099901739376037,1.5251962127575889,-0.012500656101358868,-0.23538436605243465,0.9048055324001227,-0.8524826259842462,-0.3041918912684436,-1.2475548781531747,-1.0289971665491795,-0.997471732522988,0.4448069254967297,0.9841231756854657,0
-0.46546902347764374,0.9009088760241706,-1.179024470547907,-0.010858248909878843,-0.7423290972289317,0.9048055324001227,-0.8524826259842462,-1.461440576166749,0.001192415045823164,-1.0289971665491795,-0.997471732522988,-2.829128411535019,0.9841231756854657,0
-0.8043672005990544,-1.1099901739376037,1.5251962127575889,-0.09749522826045015,-0.911310674287764,0.9048055324001227,-0.8524826259842462,0.853056793629862,1.5352717510456675,-0.9143260204049839,-0.997471732522988,0.6630692812988462,-1.0161329645585022,1
-0.9738162891597597,0.9009088760241706,-0.502969299721533,-0.19633971490923358,-0.911310674287764,-1.177851894974348,-0.34573543963466546,0.2744324511807092,1.286865031430813,-0.34097028968400567,-0.997471732522988,1.0995939929030794,-1.0161329645585022,1
-0.2960199349169384,0.9009088760241706,0.8491410419312149,0.06208673971941187,-0.404365943111267,0.9048055324001227,-0.8524826259842462,-0.3041918912684436,-1.4724636648314886,-1.0289971665491795,-0.7394662468772634,-0.15045404487267908,0.9841231756854657,0
-0.634918112038349,0.9009088760241706,0.8491410419312149,0.09629302795735162,-0.911310674287764,-1.177851894974348,1.6495816066168083,-0.8828162337175963,0.11868207972852446,1.035083464046342,-0.997471732522988,-1.3012919209202027,-1.0161329645585022,0
-0.9738162891597597,-1.1099901739376037,-1.179024470547907,0.09578767189843469,-0.911310674287764,-1.177851894974348,-1.01084112171849,0.853056793629862,-1.2106295549671826,-1.143668312693375,-0.997471732522988,0.5837011519162584,0.9841231756854657,0
-0.9738162891597597,-1.1099901739376037,0.8491410419312149,0.12978865923743943,-0.911310674287764,0.9048055324001227,-0.8524826259842462,-1.461440576166749,0.23617174441122635,-1.0289971665491795,-0.7394662468772634,-0.190138109563973,0.9841231756854657,0
-1.143265377720465,-1.1099901739376037,0.8491410419312149,-0.6801075946843067,-0.911310674287764,0.9048055324001227,-0.8604005507709583,0.2744324511807092,-1.4254677989584081,-0.34097028968400567,-0.7394662468772634,0.9210157017922567,0.9841231756854657,0
-0.8043672005990544,-1.1099901739376037,-0.502969299721533,0.6518214680986288,-0.7423290972289317,0.9048055324001227,-0.8604005507709583,1.4316811360790147,-0.11965409719924096,-1.2583394588375707,-0.997471732522988,1.8535912220376638,0.9841231756854657,0
-0.46546902347764374,-1.1099901739376037,1.5251962127575889,-0.8154640565898383,-0.23538436605243465,0.9048055324001227,-0.8643595131643145,-0.8828162337175963,1.1861596045599256,0.1177142948927768,-0.997471732522988,1.4369085427790778,0.9841231756854657,0
-0.8043672005990544,-1.1099901739376037,-0.502969299721533,-0.8673262221361884,-0.911310674287764,0.9048055324001227,-0.8683184755576706,-0.8828162337175963,0.8336906105118219,0.23238544103697253,-0.4814607612315388,1.0400678958661385,-1.0161329645585022,0
-0.9738162891597597,-1.1099901739376037,-1.179024470547907,-0.6781177552023212,-0.911310674287764,0.9048055324001227,-0.8683184755576706,-0.8828162337175963,1.092167872813765,-0.34097028968400567,-0.7394662468772634,-1.2814498885745558,0.9841231756854657,0
-0.8043672005990544,-1.1099901739376037,-0.502969299721533,0.10328905089798288,-0.5733475201700994,0.21058638994196582,0.8577891279455886,-0.8828162337175963,0.8269769153870962,0.3470565871811683,-0.7394662468772634,-0.30919030363785477,0.9841231756854657,0
-0.9738162891597597,0.9009088760241706,0.8491410419312149,-0.5233366697821701,-0.911310674287764,0.9048055324001227,-0.8683184755576706,0.2744324511807092,0.16232109803924238,-0.570312581972397,-0.4814607612315388,-0.9838194033898514,0.9841231756854657,0
-0.8043672005990544,-1.1099901739376037,-1.179024470547907,-0.44885982059928736,-0.404365943111267,0.9048055324001227,-0.8683184755576706,0.2744324511807092,-1.0495008719737637,-0.6849837281165926,-0.997471732522988,0.46464895784237664,-1.0161329645585022,0
-0.8043672005990544,-1.1099901739376037,-0.502969299721533,-0.5238262334642458,-0.911310674287764,0.9048055324001227,-0.8683184755576706,0.2744324511807092,0.001192415045823164,-0.570312581972397,-0.4814607612315388,-1.0830295651180861,-1.0161329645585022,1
-0.2960199349169384,-1.1099901739376037,1.5251962127575889,0.09586663378264046,-0.06640278899360229,-1.177851894974348,-1.042512820865339,-1.461440576166749,-1.7510820125076092,-1.2583394588375707,-0.997471732522988,0.9805417988291976,-1.0161329645585022,0
-0.2960199349169384,0.9009088760241706,0.8491410419312149,0.09956204996347051,-0.7423290972289317,-1.177851894974348,-0.4882580857954851,-1.461440576166749,-0.005521280078902488,-0.6849837281165926,-0.4814607612315388,0.7622794430270811,-1.0161329645585022,0
-0.9738162891597597,-1.1099901739376037,1.5251962127575889,-0.3383131827112088,-0.911310674287764,0.9048055324001227,-0.8683184755576706,-1.461440576166749,0.3301634761573873,-0.7996548742607882,-0.7394662468772634,1.0599099282117854,-1.0161329645585022,0
-0.2960199349169384,-1.1099901739376037,1.5251962127575889,-0.16026992620403763,-0.23538436605243465,0.9048055324001227,-0.8683184755576706,0.2744324511807092,-0.1397951825734185,-0.9143260204049839,-0.7394662468772634,-0.44808453005738347,0.9841231756854657,0
-0.9738162891597597,0.9009088760241706,0.8491410419312149,0.0998778975002936,-0.911310674287764,-1.177851894974348,0.38271364074285674,0.2744324511807092,0.23617174441122635,0.003043148748581378,-0.4814607612315388,-0.7457150152420878,-1.0161329645585022,0
-0.2960199349169384,0.9009088760241706,-1.179024470547907,0.07115156402623432,-0.23538436605243465,0.9048055324001227,-0.8722774379510266,0.853056793629862,-1.8752853723150364,-1.0289971665491795,-0.7394662468772634,-0.6465048535138531,-1.0161329645585022,0
-0.634918112038349,-1.1099901739376037,0.8491410419312149,-0.9773517115885089,-0.911310674287764,0.9048055324001227,-0.8762364003443828,0.2744324511807092,-1.3751150855229646,0.9204123179021463,-0.4814607612315388,0.10749237562073138,-1.0161329645585022,1
-0.2960199349169384,0.9009088760241706,0.8491410419312149,-0.28731959789112227,-0.7423290972289317,0.9048055324001227,-0.8762364003443828,-0.3041918912684436,-1.0495008719737637,-0.7996548742607882,-0.4814607612315388,-0.9242933063529105,-1.0161329645585022,0
-0.46546902347764374,0.9009088760241706,-1.179024470547907,0.10681075093356024,-0.911310674287764,-1.177851894974348,2.4413740852880284,-0.8828162337175963,1.327147202179168,1.7231103409115156,-0.7394662468772634,0.2463866020402601,0.9841231756854657,0
-0.9738162891597597,0.9009088760241706,-1.179024470547907,0.11049037473754915,-0.911310674287764,-1.177851894974348,-1.042512820865339,-0.8828162337175963,-0.005521280078902488,-1.2583394588375707,-0.7394662468772634,-0.07108591549009124,0.9841231756854657,0
-0.46546902347764374,0.9009088760241706,-0.502969299721533,0.3078635004982929,-0.404365943111267,0.9048055324001227,-0.8762364003443828,1.4316811360790147,-0.34120603631519225,-1.143668312693375,-0.997471732522988,-0.190138109563973,0.9841231756854657,0
-0.8043672005990544,0.9009088760241706,0.8491410419312149,-0.7697609180115383,-0.23538436605243465,0.9048055324001227,-0.8801953627377389,1.4316811360790147,-0.3680608168140954,-0.11162799739561437,-0.4814607612315388,-0.8647672093159696,0.9841231756854657,0
-0.634918112038349,-1.1099901739376037,1.5251962127575889,-0.22812976949047675,-0.404365943111267,0.9048055324001227,-0.8801953627377389,-0.8828162337175963,-1.4254677989584081,-0.9143260204049839,-0.997471732522988,0.0479662785837905,0.9841231756854657,0
-0.634918112038349,0.9009088760241706,-1.179024470547907,0.11227491332059955,-0.911310674287764,-1.177851894974348,0.8577891279455886,0.853056793629862,1.6594751108530943,0.3470565871811683,-0.7394662468772634,-0.011559818453150373,0.9841231756854657,0
-0.2960199349169384,0.9009088760241706,-1.179024470547907,0.11338037969948034,-0.23538436605243465,-1.177851894974348,-0.3298995900612411,-0.3041918912684436,-0.005521280078902488,-0.570312581972397,-0.7394662468772634,0.5638591195706114,-1.0161329645585022,0
-1.143265377720465,0.9009088760241706,-0.502969299721533,-1.0237655071246607,-0.5733475201700994,0.9048055324001227,-0.8841543251310949,0.2744324511807092,-0.11965409719924096,1.4937680486231246,-0.4814607612315388,-2.531497926350314,-1.0161329645585022,1
-0.46546902347764374,-1.1099901739376037,-1.179024470547907,0.11235387520480533,-0.5733475201700994,-1.177851894974348,-0.052772222526314166,-0.8828162337175963,0.5114332445249834,-0.34097028968400567,-0.4814607612315388,0.7027533459901402,0.9841231756854657,0
-0.634918112038349,0.9009088760241706,0.8491410419312149,-1.018680361781809,-0.23538436605243465,0.9048055324001227,-0.8841543251310949,0.853056793629862,0.9377528849450718,1.379096902478929,-0.7394662468772634,1.1591200899400202,-1.0161329645585022,1
-1.143265377720465,-1.1099901739376037,1.5251962127575889,-1.0192173025944082,-0.911310674287764,0.9048055324001227,-0.8841543251310949,-0.3041918912684436,-0.005521280078902488,1.379096902478929,-0.7394662468772634,0.6233852166075523,-1.0161329645585022,1
-1.143265377720465,0.9009088760241706,0.8491410419312149,0.10557894553995023,-0.911310674287764,-1.177851894974348,-0.3298995900612411,-0.8828162337175963,0.726271488516209,-0.570312581972397,-0.4814607612315388,-0.26950623894656084,0.9841231756854657,0
-0.2960199349169384,0.9009088760241706,-1.179024470547907,-0.3581484080236983,-0.06640278899360229,0.9048055324001227,0.06599664927436881,-1.461440576166749,-1.8752853723150364,0.3470565871811683,-0.997471732522988,0.9011736694466097,-1.0161329645585022,0
-0.46546902347764374,-1.1099901739376037,-1.179024470547907,0.11568606671828884,-0.5733475201700994,-1.177851894974348,-0.7574675285436998,-0.8828162337175963,0.001192415045823164,-0.9143260204049839,-0.7394662468772634,-1.7775006972157297,0.9841231756854657,0
-0.2960199349169384,0.9009088760241706,0.8491410419312149,0.11486486312254883,-0.404365943111267,-1.177851894974348,-1.042512820865339,0.853056793629862,2.988786745548802,-1.2583394588375707,-0.7394662468772634,0.38528082845978884,0.9841231756854657,0
-0.2960199349169384,0.9009088760241706,-1.179024470547907,-0.35500572503230865,0.10257878806523006,0.9048055324001227,0.06599664927436881,1.4316811360790147,-0.005521280078902488,0.3470565871811683,-0.7394662468772634,0.7027533459901402,-1.0161329645585022,0
-0.2960199349169384,0.9009088760241706,0.17308587110484092,-0.3578483528637164,-0.23538436605243465,0.9048055324001227,0.06599664927436881,0.853056793629862,1.357358830240434,0.3470565871811683,-0.997471732522988,1.774223092655076,0.9841231756854657,0
-0.634918112038349,-1.1099901739376037,0.8491410419312149,0.11031665859229645,-0.911310674287764,-1.177851894974348,1.3328646151483206,0.853056793629862,-1.0427871768490378,0.8057411717579506,-0.997471732522988,-1.4600281796853785,0.9841231756854657,0
-1.143265377720465,0.9009088760241706,1.5251962127575889,-0.33952919572797763,-0.911310674287764,0.9048055324001227,0.06599664927436881,0.853056793629862,-1.6705176710108995,0.3470565871811683,-0.7394662468772634,1.1392780575943733,-1.0161329645585022,0
-0.8043672005990544,0.9009088760241706,-0.502969299721533,0.11969733043594198,-0.911310674287764,-1.177851894974348,0.38271364074285674,0.853056793629862,1.7736079279734327,0.003043148748581378,-0.997471732522988,1.0599099282117854,-1.0161329645585022,0
-0.8043672005990544,0.9009088760241706,-1.179024470547907,-0.34147165807943963,-0.911310674287764,0.9048055324001227,0.06599664927436881,1.4316811360790147,1.5486991412951188,0.3470565871811683,-0.997471732522988,-0.4877685947486774,0.9841231756854657,0
-0.9738162891597597,0.9009088760241706,0.8491410419312149,-0.33423874948619103,-0.911310674287764,0.9048055324001227,0.06599664927436881,1.4316811360790147,0.8336906105118219,0.3470565871811683,-0.4814607612315388,-2.094973214746081,0.9841231756854657,0
-0.46546902347764374,0.9009088760241706,0.8491410419312149,0.1150069945141192,-0.404365943111267,-1.177851894974348,0.6994306322113446,-0.8828162337175963,0.4745079213389917,0.23238544103697253,-0.997471732522988,-0.7258729828964409,0.9841231756854657,0
-0.46546902347764374,-1.1099901739376037,0.8491410419312149,-0.4489545748603343,-0.5733475201700994,0.9048055324001227,0.06599664927436881,1.4316811360790147,0.9377528849450718,0.5763988794695595,-0.7394662468772634,0.305912699077201,-1.0161329645585022,1
-0.634918112038349,0.9009088760241706,-0.502969299721533,0.1176601138234331,-0.7423290972289317,0.21058638994196582,1.0161476236798326,1.4316811360790147,0.4745079213389917,0.4617277333253637,-0.7394662468772634,-1.5195542767223194,0.9841231756854657,0
-0.634918112038349,0.9009088760241706,0.8491410419312149,0.12010793223381198,-0.23538436605243465,-1.177851894974348,-0.7257958293968509,-0.3041918912684436,-1.6705176710108995,-0.9143260204049839,-0.7394662468772634,-0.6068207888225592,0.9841231756854657,0
-0.9738162891597597,0.9009088760241706,-1.179024470547907,0.1195867837980539,-0.911310674287764,-1.177851894974348,-0.7257958293968509,0.853056793629862,0.5651428055227898,-0.9143260204049839,-0.7394662468772634,0.5241750548793175,-1.0161329645585022,0
-0.46546902347764374,0.9009088760241706,0.8491410419312149,-0.44906512149822236,-0.7423290972289317,0.9048055324001227,0.06599664927436881,-1.461440576166749,1.3103629643673533,0.5763988794695595,-0.7394662468772634,0.6630692812988462,-1.0161329645585022,1
-0.8043672005990544,0.9009088760241706,0.8491410419312149,-0.3380447123049092,-0.911310674287764,0.9048055324001227,0.06599664927436881,-1.461440576166749,-1.2475548781531747,0.3470565871811683,-0.997471732522988,-1.202081759191968,-1.0161329645585022,0
-0.8043672005990544,-1.1099901739376037,-1.179024470547907,0.11938148289911889,-0.5733475201700994,-1.177851894974348,-0.7257958293968509,-0.8828162337175963,0.001192415045823164,-0.9143260204049839,-0.7394662468772634,-0.2893482712922078,0.9841231756854657,0
-0.8043672005990544,-1.1099901739376037,-0.502969299721533,0.11977629232014775,-0.911310674287764,-1.177851894974348,-0.8524826259842462,1.4316811360790147,0.4745079213389917,-1.0289971665491795,-0.7394662468772634,0.9210157017922567,-1.0161329645585022,0
-0.46546902347764374,-1.1099901739376037,1.5251962127575889,0.11813388512866772,-0.911310674287764,-1.177851894974348,-0.7257958293968509,0.2744324511807092,-1.6705176710108995,-0.9143260204049839,-0.7394662468772634,-1.7378166325244357,0.9841231756854657,0
-1.143265377720465,0.9009088760241706,0.8491410419312149,-0.33712875444812224,-0.911310674287764,0.9048055324001227,0.06599664927436881,-1.461440576166749,-1.7510820125076092,0.3470565871811683,-0.997471732522988,-0.9838194033898514,0.9841231756854657,0
-0.8043672005990544,0.9009088760241706,-1.179024470547907,-0.33757094099967455,-0.911310674287764,0.9048055324001227,0.06599664927436881,1.4316811360790147,-0.5896127559300467,0.3470565871811683,-0.7394662468772634,-0.32903233598350173,-1.0161329645585022,0
-0.8043672005990544,-1.1099901739376037,-0.502969299721533,0.12045536452431738,-0.5733475201700994,-1.177851894974348,-1.1375279183058853,1.4316811360790147,0.5651428055227898,-1.2583394588375707,-0.997471732522988,-0.32903233598350173,-1.0161329645585022,0
-0.8043672005990544,0.9009088760241706,-1.179024470547907,-0.45138660089387206,-0.911310674287764,0.9048055324001227,0.06599664927436881,-0.3041918912684436,1.5352717510456675,0.5763988794695595,-0.7394662468772634,0.028124246238143545,-1.0161329645585022,1
-0.634918112038349,0.9009088760241706,-0.502969299721533,0.11672836358980501,-0.5733475201700994,-1.177851894974348,0.38271364074285674,0.853056793629862,-1.6705176710108995,0.003043148748581378,-0.997471732522988,0.06780831092943747,-1.0161329645585022,0
-0.9738162891597597,0.9009088760241706,-0.502969299721533,0.12061328829272891,-0.911310674287764,-1.177851894974348,-0.3774071387815143,-1.461440576166749,-1.0427871768490378,-0.6849837281165926,-0.7394662468772634,0.7027533459901402,0.9841231756854657,0
-0.2960199349169384,-1.1099901739376037,-0.502969299721533,0.11448584607836113,-0.06640278899360229,-1.177851894974348,1.1745061194140765,0.2744324511807092,-0.11965409719924096,0.6910700256137552,-0.4814607612315388,-2.5116558940046674,0.9841231756854657,0
-0.634918112038349,-1.1099901739376037,-1.179024470547907,-0.17955241832708677,-0.911310674287764,-1.177851894974348,-0.5674373336626071,0.2744324511807092,0.23617174441122635,-0.570312581972397,-0.4814607612315388,-0.6068207888225592,-1.0161329645585022,1
-0.634918112038349,-1.1099901739376037,-0.502969299721533,0.11298557027845149,-0.5733475201700994,-1.177851894974348,1.1745061194140765,1.4316811360790147,0.001192415045823164,0.6910700256137552,-0.4814607612315388,0.7027533459901402,-1.0161329645585022,0
-0.9738162891597597,0.9009088760241706,-1.179024470547907,0.1176601138234331,-0.911310674287764,0.21058638994196582,0.8577891279455886,0.2744324511807092,-1.0427871768490378,0.3470565871811683,-0.997471732522988,-0.686188918205147,0.9841231756854657,0
-0.46546902347764374,-1.1099901739376037,-0.502969299721533,0.11660202457507578,-0.5733475201700994,-1.177851894974348,1.3328646151483206,0.853056793629862,3.018998373610068,0.8057411717579506,-0.4814607612315388,-1.678290535487495,0.9841231756854657,0
-0.46546902347764374,0.9009088760241706,-0.502969299721533,-0.33984504326480075,-0.404365943111267,0.9048055324001227,0.06599664927436881,-0.8828162337175963,0.2865244578466693,0.3470565871811683,-0.7394662468772634,1.3972244780877838,-1.0161329645585022,0
-0.46546902347764374,0.9009088760241706,-0.502969299721533,0.11838656315812619,0.10257878806523006,-1.177851894974348,-0.7574675285436998,-1.461440576166749,-0.11965409719924096,-1.0289971665491795,-0.7394662468772634,-0.22982217425526694,0.9841231756854657,0
-0.634918112038349,-1.1099901739376037,-1.179024470547907,-0.33940285671324844,-0.911310674287764,0.9048055324001227,0.06599664927436881,0.853056793629862,1.0787404825643134,0.3470565871811683,-0.4814607612315388,1.0400678958661385,-1.0161329645585022,0
-0.634918112038349,-1.1099901739376037,0.8491410419312149,0.11257496848058149,-0.7423290972289317,-1.177851894974348,-1.359229812333827,-0.8828162337175963,1.417782086362966,-1.487681751125962,-0.7394662468772634,0.40512286080543575,0.9841231756854657,0
-0.634918112038349,0.9009088760241706,-0.502969299721533,0.11794437660657388,-0.911310674287764,-1.177851894974348,-0.5674373336626071,-1.461440576166749,-1.1804179269059165,-0.7996548742607882,-0.4814607612315388,-0.7060309505507939,-1.0161329645585022,0
-0.2960199349169384,0.9009088760241706,-1.179024470547907,0.12102389009059891,-0.911310674287764,-1.177851894974348,-0.7257958293968509,0.2744324511807092,-0.8447331706696268,-0.9143260204049839,-0.7394662468772634,1.35754041339649,0.9841231756854657,0
-0.2960199349169384,-1.1099901739376037,1.5251962127575889,-0.3347756902987903,-0.5733475201700994,0.9048055324001227,0.06599664927436881,-0.8828162337175963,-0.6936750303632967,0.3470565871811683,-0.4814607612315388,1.1194360252487263,0.9841231756854657,0
-0.2960199349169384,0.9009088760241706,-0.502969299721533,0.11797596136025618,0.10257878806523006,-1.177851894974348,1.0161476236798326,-0.8828162337175963,0.001192415045823164,0.4617277333253637,-0.7394662468772634,0.7622794430270811,0.9841231756854657,0
-1.143265377720465,-1.1099901739376037,1.5251962127575889,0.11173797250800031,-0.7423290972289317,-1.177851894974348,2.2830155895537843,-1.461440576166749,-1.1804179269059165,1.6084391947673204,-0.7394662468772634,0.9805417988291976,0.9841231756854657,0
-0.2960199349169384,0.9009088760241706,0.8491410419312149,-0.33564427102505373,-0.404365943111267,0.9048055324001227,0.06599664927436881,0.2744324511807092,0.4040141225293712,0.3470565871811683,-0.7394662468772634,-1.2814498885745558,0.9841231756854657,0
-0.8043672005990544,-1.1099901739376037,0.8491410419312149,-0.33714454682496336,-0.911310674287764,0.9048055324001227,0.06599664927436881,-0.8828162337175963,0.6154955189582334,0.3470565871811683,-0.4814607612315388,-0.26950623894656084,0.9841231756854657,0
-0.9738162891597597,0.9009088760241706,-1.179024470547907,-0.4553504874810017,-0.404365943111267,0.9048055324001227,0.06599664927436881,0.2744324511807092,1.7836784706605218,0.6910700256137552,-0.4814607612315388,0.286070666731554,-1.0161329645585022,1
-0.8043672005990544,0.9009088760241706,-0.502969299721533,0.11780224521500349,-0.404365943111267,-1.177851894974348,1.6495816066168083,-0.8828162337175963,-1.1804179269059165,1.035083464046342,-0.997471732522988,0.9408577341379036,-1.0161329645585022,0
-0.8043672005990544,0.9009088760241706,-0.502969299721533,0.11638093129929962,-0.911310674287764,0.21058638994196582,0.8577891279455886,0.853056793629862,-1.3482603050240614,0.3470565871811683,-0.997471732522988,-0.20998014190961997,-1.0161329645585022,0
-0.8043672005990544,0.9009088760241706,-1.179024470547907,-0.33858165311750843,-0.911310674287764,0.9048055324001227,0.06599664927436881,0.853056793629862,0.9343960373827085,0.3470565871811683,-0.7394662468772634,-0.5869787564769122,-1.0161329645585022,0
-0.8043672005990544,0.9009088760241706,-0.502969299721533,-0.4457329299847389,-0.911310674287764,0.9048055324001227,0.06599664927436881,-1.461440576166749,0.001192415045823164,0.5763988794695595,-0.7394662468772634,-1.3806600503027906,-1.0161329645585022,1
-0.8043672005990544,-1.1099901739376037,-0.502969299721533,0.0013018812578098021,-0.7423290972289317,-1.177851894974348,-0.8841543251310949,-1.461440576166749,1.5486991412951188,-1.0289971665491795,-0.4814607612315388,0.4249648931510827,-1.0161329645585022,1
-0.8043672005990544,0.9009088760241706,-1.179024470547907,-0.18954899286753732,-0.911310674287764,-1.177851894974348,-0.6228628071695924,0.2744324511807092,-0.005521280078902488,-0.6849837281165926,-0.7394662468772634,-1.4005020826484376,-1.0161329645585022,1
-0.9738162891597597,0.9009088760241706,-1.179024470547907,-0.3344598427619672,-0.911310674287764,0.9048055324001227,0.06599664927436881,0.2744324511807092,0.23617174441122635,0.3470565871811683,-0.4814607612315388,-1.4997122443766724,0.9841231756854657,0
-0.46546902347764374,0.9009088760241706,-0.502969299721533,0.12028164837906467,0.2715603651240624,-1.177851894974348,-0.09236184645987515,-0.8828162337175963,1.5486991412951188,-0.45564143582820127,-0.4814607612315388,1.238488219322608,-1.0161329645585022,0
-0.8043672005990544,0.9009088760241706,-0.502969299721533,-0.4354205079074653,-0.911310674287764,0.9048055324001227,0.06599664927436881,-0.8828162337175963,1.9750187817152072,0.5763988794695595,-0.4814607612315388,-0.9639773710442044,-1.0161329645585022,1
-0.634918112038349,0.9009088760241706,-0.502969299721533,-0.32343676372684166,-0.911310674287764,0.9048055324001227,0.06599664927436881,0.853056793629862,0.954537122756886,0.3470565871811683,-0.4814607612315388,-0.5869787564769122,-1.0161329645585022,0
-0.9738162891597597,-1.1099901739376037,0.8491410419312149,-0.3135823205779615,-0.911310674287764,0.9048055324001227,0.06599664927436881,-0.8828162337175963,0.6255660616453219,0.3470565871811683,-0.997471732522988,0.32575473142284794,0.9841231756854657,0
-0.9738162891597597,0.9009088760241706,-0.502969299721533,-0.4297984217520144,-0.404365943111267,0.9048055324001227,0.06599664927436881,0.2744324511807092,1.934736610966852,0.5763988794695595,-0.997471732522988,0.46464895784237664,-1.0161329645585022,1
-0.9738162891597597,0.9009088760241706,-0.502969299721533,0.11878137257915504,-0.7423290972289317,-1.177851894974348,-0.18737694390042153,-0.8828162337175963,-1.8752853723150364,-0.45564143582820127,-0.997471732522988,0.5837011519162584,0.9841231756854657,0
-0.634918112038349,-1.1099901739376037,-1.179024470547907,-0.3114503497044057,-0.911310674287764,0.9048055324001227,0.06599664927436881,1.4316811360790147,0.8336906105118219,0.3470565871811683,-0.7394662468772634,0.20670253734896618,0.9841231756854657,0
-0.634918112038349,-1.1099901739376037,-0.502969299721533,0.11990263133487698,-0.06640278899360229,-1.177851894974348,-0.5674373336626071,0.2744324511807092,0.8336906105118219,-0.7996548742607882,-0.997471732522988,-0.5076106270943244,0.9841231756854657,0
-0.634918112038349,0.9009088760241706,0.8491410419312149,-0.42750852711004705,0.10257878806523006,0.9048055324001227,0.06599664927436881,0.2744324511807092,0.8773296288225392,0.5763988794695595,-0.7394662468772634,0.9011736694466097,-1.0161329645585022,1
-0.634918112038349,0.9009088760241706,-0.502969299721533,0.11884454208651965,-0.404365943111267,0.21058638994196582,-0.09236184645987515,-0.3041918912684436,-1.1804179269059165,-0.45564143582820127,-0.4814607612315388,0.7424374106814341,-1.0161329645585022,0
-0.2960199349169384,-1.1099901739376037,1.5251962127575889,-0.3073127469720233,0.2715603651240624,0.9048055324001227,0.06599664927436881,1.4316811360790147,0.7061304031420315,0.3470565871811683,-0.7394662468772634,-0.8250831446246757,0.9841231756854657,0
-0.634918112038349,0.9009088760241706,0.8491410419312149,-0.30293825858702367,0.10257878806523006,0.9048055324001227,0.06599664927436881,0.2744324511807092,0.001192415045823164,0.23238544103697253,-0.7394662468772634,1.5162766721616654,0.9841231756854657,0
-0.2960199349169384,0.9009088760241706,-1.179024470547907,0.11470693935413728,-0.23538436605243465,-1.177851894974348,1.0161476236798326,1.4316811360790147,-0.1397951825734185,0.4617277333253637,-0.7394662468772634,0.782121475372728,-1.0161329645585022,0
-0.9738162891597597,0.9009088760241706,0.8491410419312149,-0.292009933812945,-0.911310674287764,0.9048055324001227,0.06599664927436881,-1.461440576166749,0.04483143335654109,0.23238544103697253,-0.997471732522988,-1.4005020826484376,-1.0161329645585022,0
-0.634918112038349,0.9009088760241706,-0.502969299721533,0.1199658008422416,-0.404365943111267,-1.177851894974348,0.38271364074285674,0.853056793629862,-1.8752853723150364,0.003043148748581378,-0.997471732522988,0.9210157017922567,-1.0161329645585022,0
-0.634918112038349,0.9009088760241706,-1.179024470547907,0.11968153805910083,-0.404365943111267,-1.177851894974348,0.25602684415546156,0.2744324511807092,-1.2475548781531747,-0.11162799739561437,-0.4814607612315388,-0.2893482712922078,0.9841231756854657,0
-0.9738162891597597,-1.1099901739376037,-0.502969299721533,-0.29854797782518283,-0.911310674287764,0.9048055324001227,0.06599664927436881,0.853056793629862,0.23617174441122635,0.23238544103697253,-0.7394662468772634,0.9408577341379036,-1.0161329645585022,0
-0.2960199349169384,-1.1099901739376037,-0.502969299721533,0.11718634251819848,0.2715603651240624,-1.177851894974348,0.1451758971414908,-0.3041918912684436,1.4345663241747801,-0.2262991435398101,-0.997471732522988,0.3654387961141419,-1.0161329645585022,0
-0.634918112038349,-1.1099901739376037,-1.179024470547907,0.11486486312254883,-0.911310674287764,-1.177851894974348,-1.042512820865339,0.853056793629862,0.001192415045823164,-1.2583394588375707,-0.997471732522988,0.9805417988291976,-1.0161329645585022,0
-0.8043672005990544,-1.1099901739376037,-1.179024470547907,-0.29853218544834165,-0.911310674287764,0.9048055324001227,0.06599664927436881,-0.8828162337175963,-1.173704231781191,0.23238544103697253,-0.7394662468772634,0.7622794430270811,0.9841231756854657,0
-0.46546902347764374,-1.1099901739376037,-1.179024470547907,0.11224332856691725,-0.5733475201700994,-1.177851894974348,-1.1850354670261585,-0.3041918912684436,-1.1233515183457474,-1.3730106049817663,-0.7394662468772634,-1.7378166325244357,0.9841231756854657,0
-0.46546902347764374,0.9009088760241706,0.8491410419312149,0.11995000846540044,-0.7423290972289317,0.21058638994196582,1.3328646151483206,-0.8828162337175963,-1.1233515183457474,0.8057411717579506,-0.7394662468772634,0.22654456969461315,0.9841231756854657,0
-0.634918112038349,0.9009088760241706,1.5251962127575889,0.11709158825715155,-0.5733475201700994,-1.177851894974348,-0.5674373336626071,-0.8828162337175963,1.934736610966852,-0.7996548742607882,-0.7394662468772634,0.8416475724096689,-1.0161329645585022,0
-0.8043672005990544,-1.1099901739376037,-1.179024470547907,-0.2934944172360135,-0.911310674287764,0.9048055324001227,0.06599664927436881,-0.8828162337175963,-0.3680608168140954,0.23238544103697253,-0.7394662468772634,-1.7973427295613766,0.9841231756854657,0
-0.8043672005990544,-1.1099901739376037,-1.179024470547907,-0.3007431182061032,-0.5733475201700994,0.9048055324001227,0.06599664927436881,-1.461440576166749,0.001192415045823164,0.23238544103697253,-0.997471732522988,0.5638591195706114,-1.0161329645585022,0
-0.46546902347764374,-1.1099901739376037,1.5251962127575889,0.11565448196460654,-0.911310674287764,0.21058638994196582,1.0161476236798326,1.4316811360790147,2.0589399707742797,0.4617277333253637,-0.7394662468772634,1.3773824457421369,0.9841231756854657,0
-1.143265377720465,0.9009088760241706,0.8491410419312149,-0.3078654801614637,-0.911310674287764,0.9048055324001227,0.06599664927436881,-1.461440576166749,0.23617174441122635,0.3470565871811683,-0.7394662468772634,-0.5869787564769122,0.9841231756854657,0
-1.143265377720465,0.9009088760241706,-1.179024470547907,-0.29815316840415396,-0.911310674287764,0.9048055324001227,0.06599664927436881,-0.8828162337175963,-1.6705176710108995,0.23238544103697253,-0.4814607612315388,0.6035431842619053,0.9841231756854657,0
-0.634918112038349,-1.1099901739376037,-1.179024470547907,-0.2946946378759412,-0.5733475201700994,0.9048055324001227,0.06599664927436881,-1.461440576166749,-1.173704231781191,0.23238544103697253,-0.4814607612315388,0.3654387961141419,0.9841231756854657,0
-0.634918112038349,-1.1099901739376037,-1.179024470547907,-0.29589485851586894,-0.911310674287764,0.9048055324001227,0.06599664927436881,-0.3041918912684436,1.0955247203761276,0.23238544103697253,-0.4814607612315388,-2.2933935382025505,0.9841231756854657,0
-0.9738162891597597,-1.1099901739376037,-0.502969299721533,0.11437529944047305,-0.911310674287764,0.21058638994196582,1.0161476236798326,1.4316811360790147,-0.21364582894540246,0.4617277333253637,-0.7394662468772634,1.4567505751247247,0.9841231756854657,0
-0.634918112038349,-1.1099901739376037,-0.502969299721533,0.11863924118758465,-0.911310674287764,-1.177851894974348,-1.1850354670261585,1.4316811360790147,0.001192415045823164,-1.3730106049817663,-0.997471732522988,0.6233852166075523,-1.0161329645585022,0
-0.46546902347764374,0.9009088760241706,0.8491410419312149,0.12056591116220546,-0.7423290972289317,-1.177851894974348,-1.2008713165995828,-0.3041918912684436,-1.1233515183457474,-1.3730106049817663,-0.4814607612315388,-0.5076106270943244,-1.0161329645585022,0
-0.9738162891597597,0.9009088760241706,0.8491410419312149,0.11571765147197115,-0.911310674287764,-1.177851894974348,0.06599664927436881,-0.8828162337175963,0.001192415045823164,-0.34097028968400567,-0.997471732522988,-1.0830295651180861,0.9841231756854657,0
-0.634918112038349,0.9009088760241706,-0.502969299721533,-0.3009326267281971,-0.7423290972289317,0.9048055324001227,0.06599664927436881,0.853056793629862,0.23617174441122635,0.23238544103697253,-0.997471732522988,-1.8370267942526706,0.9841231756854657,0
-0.2960199349169384,0.9009088760241706,1.5251962127575889,-0.29527895581906394,-0.911310674287764,0.9048055324001227,0.06599664927436881,0.853056793629862,-0.8447331706696268,0.23238544103697253,-0.7394662468772634,-1.9560789883265524,0.9841231756854657,0
-1.143265377720465,0.9009088760241706,0.8491410419312149,-0.29977978321879284,-0.911310674287764,0.9048055324001227,0.06599664927436881,-1.461440576166749,-1.3482603050240614,0.23238544103697253,-0.4814607612315388,-1.0036614357354983,0.9841231756854657,0
-0.634918112038349,-1.1099901739376037,1.5251962127575889,-0.2995428975661755,-0.911310674287764,0.9048055324001227,0.06599664927436881,0.853056793629862,-1.1804179269059165,0.23238544103697253,-0.997471732522988,0.18686050500331922,-1.0161329645585022,0
-0.9738162891597597,0.9009088760241706,-0.502969299721533,-0.3006799486987386,-0.404365943111267,0.9048055324001227,0.06599664927436881,0.2744324511807092,0.665848232393677,0.23238544103697253,-0.4814607612315388,1.337698381050843,0.9841231756854657,0
-0.46546902347764374,0.9009088760241706,0.8491410419312149,-0.29343124772864887,-0.5733475201700994,0.9048055324001227,0.06599664927436881,-0.8828162337175963,-1.1804179269059165,0.23238544103697253,-0.7394662468772634,1.3972244780877838,0.9841231756854657,0
-0.9738162891597597,0.9009088760241706,0.8491410419312149,-0.2969687401410674,-0.404365943111267,0.9048055324001227,0.06599664927436881,-0.8828162337175963,-0.005521280078902488,0.23238544103697253,-0.997471732522988,-0.9441353386985575,-1.0161329645585022,0
-0.9738162891597597,-1.1099901739376037,1.5251962127575889,-0.2967634392421324,-0.911310674287764,0.9048055324001227,0.06599664927436881,-1.461440576166749,1.0015329886299666,0.23238544103697253,-0.997471732522988,0.6035431842619053,0.9841231756854657,0
-0.634918112038349,-1.1099901739376037,-0.502969299721533,0.11685470260453425,-0.5733475201700994,-1.177851894974348,0.06599664927436881,-0.8828162337175963,0.6624913848313142,-0.34097028968400567,-0.4814607612315388,1.317856348705196,0.9841231756854657,0
-0.9738162891597597,0.9009088760241706,-1.179024470547907,0.11889191921704312,-0.7423290972289317,-1.177851894974348,-0.7257958293968509,-0.8828162337175963,-1.4993184453303918,-0.9143260204049839,-0.4814607612315388,0.6035431842619053,-1.0161329645585022,0
-1.143265377720465,0.9009088760241706,-1.179024470547907,0.11729688915608656,-0.911310674287764,-1.177851894974348,-1.2008713165995828,-1.461440576166749,-1.4993184453303918,-1.3730106049817663,-0.997471732522988,0.9606997664835506,0.9841231756854657,0
-0.9738162891597597,0.9009088760241706,0.8491410419312149,0.12061328829272891,-0.911310674287764,-1.177851894974348,0.19268344586176397,0.853056793629862,-1.3751150855229646,-0.2262991435398101,-0.7394662468772634,-0.7853990799333818,-1.0161329645585022,0
-0.634918112038349,0.9009088760241706,-0.502969299721533,0.11587557524038268,-0.404365943111267,-1.177851894974348,-0.7257958293968509,0.2744324511807092,-0.5896127559300467,-0.9143260204049839,-0.997471732522988,0.5440170872249644,0.9841231756854657,0
-0.634918112038349,0.9009088760241706,1.5251962127575889,-0.2923099889729269,-0.7423290972289317,0.9048055324001227,0.06599664927436881,-1.461440576166749,-1.2475548781531747,0.23238544103697253,-0.4814607612315388,0.5837011519162584,0.9841231756854657,0
-0.46546902347764374,-1.1099901739376037,-0.502969299721533,-0.41135292560154646,-0.404365943111267,0.9048055324001227,0.06599664927436881,0.2744324511807092,1.5587696839822078,0.5763988794695595,-0.4814607612315388,-1.3608180179571436,-1.0161329645585022,1
-0.9738162891597597,-1.1099901739376037,-0.502969299721533,0.12170296229476854,-0.911310674287764,-1.177851894974348,-0.963333572998217,-1.461440576166749,-1.8752853723150364,-1.143668312693375,-0.4814607612315388,1.0400678958661385,0.9841231756854657,0
-0.8043672005990544,0.9009088760241706,-0.502969299721533,-0.2967950239958147,-0.7423290972289317,0.9048055324001227,0.06599664927436881,-0.8828162337175963,-0.46205254856025635,0.23238544103697253,-0.7394662468772634,-0.03140185079879733,0.9841231756854657,0
-0.8043672005990544,0.9009088760241706,1.5251962127575889,-0.2957527271242985,-0.911310674287764,0.9048055324001227,0.06599664927436881,-0.8828162337175963,-1.371758237960602,0.23238544103697253,-0.997471732522988,0.6035431842619053,-1.0161329645585022,0
-0.8043672005990544,-1.1099901739376037,-0.502969299721533,0.12099230533691661,-0.7423290972289317,-1.177851894974348,-0.4090788379283631,-0.8828162337175963,-1.623521805137819,-0.6849837281165926,-0.7394662468772634,0.4448069254967297,0.9841231756854657,0
-0.8043672005990544,0.9009088760241706,-1.179024470547907,0.11998159321908275,-0.7423290972289317,-1.177851894974348,-0.5674373336626071,-1.461440576166749,-1.623521805137819,-0.7996548742607882,-0.7394662468772634,0.0479662785837905,0.9841231756854657,0
-0.634918112038349,0.9009088760241706,0.8491410419312149,0.11423316804890266,-0.06640278899360229,-1.177851894974348,-0.5674373336626071,1.4316811360790147,-0.34120603631519225,-0.7996548742607882,-0.997471732522988,-0.22982217425526694,0.9841231756854657,0
-0.8043672005990544,0.9009088760241706,-1.179024470547907,-0.2945051293538474,-0.911310674287764,0.9048055324001227,0.06599664927436881,0.2744324511807092,0.001192415045823164,0.23238544103697253,-0.997471732522988,-1.3012919209202027,0.9841231756854657,0
-0.2960199349169384,-1.1099901739376037,-1.179024470547907,-0.30056940206085053,-0.06640278899360229,0.9048055324001227,0.06599664927436881,-0.3041918912684436,-1.3751150855229646,0.23238544103697253,-0.997471732522988,0.3654387961141419,0.9841231756854657,0
-0.634918112038349,-1.1099901739376037,-0.502969299721533,-0.1858377843098661,-0.7423290972289317,-1.177851894974348,-0.7416316789702754,0.2744324511807092,1.6594751108530943,-0.7996548742607882,-0.4814607612315388,-1.9163949236352584,-1.0161329645585022,1
-0.8043672005990544,0.9009088760241706,0.8491410419312149,0.11382256625103265,-0.911310674287764,-1.177851894974348,-0.7257958293968509,0.853056793629862,0.2865244578466693,-0.9143260204049839,-0.997471732522988,-0.6068207888225592,0.9841231756854657,0
-0.46546902347764374,-1.1099901739376037,1.5251962127575889,0.1180391308676208,-0.06640278899360229,-1.177851894974348,0.8577891279455886,-1.461440576166749,-1.0495008719737637,0.3470565871811683,-0.7394662468772634,-0.11076998018138517,0.9841231756854657,0
-0.8043672005990544,0.9009088760241706,-1.179024470547907,0.12383493316832435,-0.404365943111267,-1.177851894974348,-0.13986939518014835,0.853056793629862,-1.4254677989584081,-0.45564143582820127,-0.4814607612315388,-1.2417658238832618,0.9841231756854657,0
-0.8043672005990544,-1.1099901739376037,-0.502969299721533,0.12366121702307165,-0.911310674287764,-1.177851894974348,-0.2507203421941191,0.2744324511807092,0.8739727812601764,-0.570312581972397,-0.997471732522988,-0.11076998018138517,0.9841231756854657,0
-0.8043672005990544,0.9009088760241706,0.8491410419312149,0.11298557027845149,-0.7423290972289317,-1.177851894974348,-0.09236184645987515,1.4316811360790147,-1.4254677989584081,-0.45564143582820127,-0.997471732522988,-0.8846092416616166,0.9841231756854657,0
-0.9738162891597597,0.9009088760241706,0.8491410419312149,-0.2932575315833962,-0.911310674287764,0.9048055324001227,0.06599664927436881,0.2744324511807092,-1.623521805137819,0.23238544103697253,-0.997471732522988,-1.202081759191968,0.9841231756854657,0
-0.634918112038349,0.9009088760241706,-1.179024470547907,-0.4078786026964925,-0.911310674287764,0.9048055324001227,0.06599664927436881,1.4316811360790147,0.001192415045823164,0.4617277333253637,-0.7394662468772634,-0.5869787564769122,-1.0161329645585022,1
-0.8043672005990544,-1.1099901739376037,0.8491410419312149,0.11238545995848763,-0.404365943111267,-1.177851894974348,-0.5040939353689095,-0.8828162337175963,-1.173704231781191,-0.7996548742607882,-0.997471732522988,1.1392780575943733,-1.0161329645585022,0
-0.634918112038349,-1.1099901739376037,-0.502969299721533,0.12197143270106817,-0.06640278899360229,-1.177851894974348,-0.2507203421941191,1.4316811360790147,-1.0495008719737637,-0.570312581972397,-0.4814607612315388,0.4448069254967297,-1.0161329645585022,0
-0.9738162891597597,-1.1099901739376037,-0.502969299721533,-0.4132795955761672,-0.911310674287764,0.9048055324001227,0.06599664927436881,1.4316811360790147,1.5352717510456675,0.5763988794695595,-0.7394662468772634,0.028124246238143545,-1.0161329645585022,1
-0.9738162891597597,0.9009088760241706,-0.502969299721533,-0.3012958513955436,-0.911310674287764,0.9048055324001227,0.06599664927436881,0.2744324511807092,-1.0495008719737637,0.23238544103697253,-0.7394662468772634,-0.36871640067479566,0.9841231756854657,0
-0.634918112038349,-1.1099901739376037,-0.502969299721533,0.1178654147223681,-0.7423290972289317,-1.177851894974348,1.3328646151483206,1.4316811360790147,0.2865244578466693,0.8057411717579506,-0.4814607612315388,-0.5869787564769122,0.9841231756854657,0
-0.8043672005990544,0.9009088760241706,-0.502969299721533,0.11770749095395656,-0.404365943111267,-1.177851894974348,-0.5713962960559631,0.2744324511807092,0.001192415045823164,-0.7996548742607882,-0.7394662468772634,1.1194360252487263,0.9841231756854657,0
-0.9738162891597597,0.9009088760241706,0.8491410419312149,0.11525967254357768,-0.911310674287764,-1.177851894974348,0.8577891279455886,0.853056793629862,1.7836784706605218,0.3470565871811683,-0.4814607612315388,0.16701847265767225,0.9841231756854657,0
-0.2960199349169384,-1.1099901739376037,1.5251962127575889,0.11638093129929962,-0.23538436605243465,-1.177851894974348,0.06599664927436881,-0.3041918912684436,0.001192415045823164,-0.34097028968400567,-0.7394662468772634,-0.38855843302044263,-1.0161329645585022,0
-0.46546902347764374,0.9009088760241706,-1.179024470547907,-0.2945840912380531,-0.911310674287764,0.9048055324001227,0.06599664927436881,-0.8828162337175963,1.9515208487786668,0.23238544103697253,-0.997471732522988,-0.03140185079879733,0.9841231756854657,0
-0.8043672005990544,0.9009088760241706,0.8491410419312149,0.11933410576859543,-0.404365943111267,-1.177851894974348,0.36291882877607623,-0.8828162337175963,-0.21028898138303903,0.003043148748581378,-0.7394662468772634,-0.32903233598350173,0.9841231756854657,0
-0.9738162891597597,-1.1099901739376037,0.8491410419312149,-0.2984058464336124,-0.5733475201700994,0.9048055324001227,0.06599664927436881,0.853056793629862,-1.0495008719737637,0.23238544103697253,-0.7394662468772634,0.20670253734896618,-1.0161329645585022,0
-0.9738162891597597,-1.1099901739376037,-0.502969299721533,-0.2953579177032697,-0.911310674287764,0.9048055324001227,0.06599664927436881,-0.8828162337175963,0.860545391010725,0.23238544103697253,-0.7394662468772634,-0.9242933063529105,0.9841231756854657,0
-0.9738162891597597,-1.1099901739376037,-1.179024470547907,0.12498777667772859,-0.911310674287764,-1.177851894974348,0.38271364074285674,1.4316811360790147,1.286865031430813,0.003043148748581378,-0.4814607612315388,0.26622863438590705,0.9841231756854657,0
-0.46546902347764374,0.9009088760241706,-0.502969299721533,0.11685470260453425,-0.23538436605243465,0.21058638994196582,-0.5674373336626071,1.4316811360790147,-1.2979075915886182,-0.7996548742607882,-0.4814607612315388,0.40512286080543575,-1.0161329645585022,0
-0.8043672005990544,-1.1099901739376037,1.5251962127575889,-0.2973951343157786,-0.911310674287764,0.9048055324001227,0.06599664927436881,0.2744324511807092,-0.6936750303632967,0.23238544103697253,-0.7394662468772634,-0.11076998018138517,0.9841231756854657,0
-0.2960199349169384,-1.1099901739376037,1.5251962127575889,-0.2982005455346774,-0.23538436605243465,0.9048055324001227,0.06599664927436881,0.2744324511807092,-0.018948670328354386,0.23238544103697253,-0.4814607612315388,1.298014316359549,-1.0161329645585022,0
-0.9738162891597597,0.9009088760241706,-0.502969299721533,0.12516149282298128,-0.911310674287764,-1.177851894974348,-0.7257958293968509,-0.8828162337175963,0.001192415045823164,-0.9143260204049839,-0.997471732522988,0.801963507718375,0.9841231756854657,0
-0.46546902347764374,0.9009088760241706,-0.502969299721533,-0.30039568591559784,-0.5733475201700994,0.9048055324001227,0.06599664927436881,-1.461440576166749,-0.018948670328354386,0.23238544103697253,-0.7394662468772634,-1.5989224061049072,0.9841231756854657,0
-0.9738162891597597,0.9009088760241706,0.8491410419312149,-0.29769518947576046,-0.404365943111267,0.9048055324001227,0.06599664927436881,-0.8828162337175963,-0.5661148229935064,0.23238544103697253,-0.997471732522988,-0.24966420660091387,0.9841231756854657,0
-0.46546902347764374,-1.1099901739376037,1.5251962127575889,0.1172810967792454,-0.404365943111267,-1.177851894974348,0.06599664927436881,-0.3041918912684436,1.327147202179168,-0.34097028968400567,-0.7394662468772634,-0.9441353386985575,0.9841231756854657,0
-0.8043672005990544,-1.1099901739376037,-1.179024470547907,-0.29728458767789046,-0.404365943111267,0.9048055324001227,0.06599664927436881,-0.8828162337175963,-1.623521805137819,0.23238544103697253,-0.4814607612315388,-0.6068207888225592,0.9841231756854657,0
-0.46546902347764374,-1.1099901739376037,0.8491410419312149,0.11983946182751236,-0.5733475201700994,-1.177851894974348,-1.01084112171849,-0.8828162337175963,-1.5496711587658354,-1.143668312693375,-0.7394662468772634,0.14717644031202531,0.9841231756854657,0
-0.9738162891597597,-1.1099901739376037,-0.502969299721533,0.11668098645928154,-0.404365943111267,-1.177851894974348,-0.2507203421941191,-0.8828162337175963,1.8273174889712391,-0.570312581972397,-0.4814607612315388,-0.2893482712922078,-1.0161329645585022,0
-0.9738162891597597,0.9009088760241706,-0.502969299721533,-0.3031277671091175,-0.911310674287764,0.9048055324001227,0.06599664927436881,0.853056793629862,0.4040141225293712,0.23238544103697253,-0.997471732522988,-2.9084965409176062,0.9841231756854657,0
-0.634918112038349,-1.1099901739376037,-1.179024470547907,-0.29354179436653693,-0.911310674287764,0.9048055324001227,0.06599664927436881,1.4316811360790147,0.9343960373827085,0.23238544103697253,-0.4814607612315388,0.3654387961141419,0.9841231756854657,0
-0.8043672005990544,0.9009088760241706,1.5251962127575889,-0.18244242328901797,-0.7423290972289317,-1.177851894974348,1.3328646151483206,0.2744324511807092,1.0787404825643134,1.379096902478929,-0.997471732522988,-0.4282424977117365,-1.0161329645585022,1
-0.46546902347764374,-1.1099901739376037,0.8491410419312149,0.11361726535209765,-0.404365943111267,0.21058638994196582,1.3328646151483206,-0.3041918912684436,1.9515208487786668,0.8057411717579506,-0.997471732522988,-0.03140185079879733,0.9841231756854657,0
-0.9738162891597597,-1.1099901739376037,-0.502969299721533,-0.4044200721682798,-0.911310674287764,0.9048055324001227,0.06599664927436881,-0.3041918912684436,0.11868207972852446,0.4617277333253637,-0.997471732522988,-2.49181386165902,-1.0161329645585022,1
-0.46546902347764374,0.9009088760241706,-0.502969299721533,-0.28703533510798146,-0.23538436605243465,0.9048055324001227,0.06599664927436881,-1.461440576166749,0.954537122756886,0.23238544103697253,-0.997471732522988,1.1392780575943733,0.9841231756854657,0
-0.634918112038349,0.9009088760241706,0.8491410419312149,0.12032902550958814,-0.5733475201700994,-1.177851894974348,1.0161476236798326,-0.8828162337175963,-0.25392799969375696,0.4617277333253637,-0.7394662468772634,-1.5195542767223194,0.9841231756854657,0
-0.9738162891597597,-1.1099901739376037,0.8491410419312149,-0.3942971586131,-0.911310674287764,0.9048055324001227,0.06599664927436881,-0.3041918912684436,1.6628319584154578,0.4617277333253637,-0.997471732522988,0.6829113136444932,-1.0161329645585022,1
-0.9738162891597597,0.9009088760241706,0.8491410419312149,0.11576502860249462,-0.911310674287764,0.21058638994196582,0.8577891279455886,0.853056793629862,-0.25392799969375696,0.3470565871811683,-0.7394662468772634,-0.32903233598350173,0.9841231756854657,0
-0.634918112038349,0.9009088760241706,0.8491410419312149,0.11497540976043691,-0.7423290972289317,-1.177851894974348,-0.2190486430472703,-0.3041918912684436,-1.0495008719737637,-0.570312581972397,-0.4814607612315388,0.22654456969461315,0.9841231756854657,0
-0.2960199349169384,-1.1099901739376037,0.8491410419312149,0.11734426628661002,-0.404365943111267,-1.177851894974348,-0.47242223622206064,-0.3041918912684436,0.001192415045823164,-0.6849837281165926,-0.997471732522988,-1.4203441149940845,0.9841231756854657,0
-0.2960199349169384,0.9009088760241706,-0.502969299721533,-0.39039644153333497,-0.911310674287764,0.9048055324001227,0.06599664927436881,0.853056793629862,0.2865244578466693,0.4617277333253637,-0.4814607612315388,0.821805540064022,-1.0161329645585022,1
-0.634918112038349,-1.1099901739376037,1.5251962127575889,-0.2793602399631806,-0.23538436605243465,0.9048055324001227,0.06599664927436881,-0.8828162337175963,0.27645391515958084,0.23238544103697253,-0.997471732522988,-1.4997122443766724,0.9841231756854657,0
-0.8043672005990544,-1.1099901739376037,0.8491410419312149,0.11694945686558117,-0.404365943111267,-1.177851894974348,1.0161476236798326,0.2744324511807092,-1.2106295549671826,0.4617277333253637,-0.7394662468772634,1.1789621222856672,0.9841231756854657,0
-0.2960199349169384,-1.1099901739376037,-0.502969299721533,0.11639672367614078,-0.404365943111267,0.21058638994196582,0.06599664927436881,0.2744324511807092,-1.0964967378468442,-0.34097028968400567,-0.4814607612315388,-0.3488743683291487,-1.0161329645585022,0
-0.634918112038349,0.9009088760241706,-0.502969299721533,0.11857607168022004,0.10257878806523006,-1.177851894974348,-0.09236184645987515,-0.8828162337175963,0.001192415045823164,-0.45564143582820127,-0.997471732522988,0.9408577341379036,-1.0161329645585022,0
-0.9738162891597597,0.9009088760241706,1.5251962127575889,-0.39120185275223385,-0.5733475201700994,0.9048055324001227,0.06599664927436881,1.4316811360790147,0.001192415045823164,0.4617277333253637,-0.997471732522988,-0.8846092416616166,-1.0161329645585022,1
-0.634918112038349,0.9009088760241706,-1.179024470547907,-0.2734065138940655,-0.911310674287764,0.9048055324001227,0.06599664927436881,-1.461440576166749,-0.0860856215756121,0.23238544103697253,-0.7394662468772634,-0.5671367241312653,0.9841231756854657,0
-0.2960199349169384,0.9009088760241706,-1.179024470547907,0.0057237467733329455,0.10257878806523006,-1.177851894974348,0.38271364074285674,-0.3041918912684436,0.001192415045823164,0.1177142948927768,-0.7394662468772634,0.4448069254967297,-1.0161329645585022,1
-0.9738162891597597,0.9009088760241706,-0.502969299721533,-0.2685266694501489,-0.7423290972289317,0.9048055324001227,0.06599664927436881,-0.8828162337175963,0.001192415045823164,0.23238544103697253,-0.997471732522988,1.278172284013902,-1.0161329645585022,0
-0.46546902347764374,0.9009088760241706,0.8491410419312149,0.1194130676528012,-0.7423290972289317,-1.177851894974348,1.6495816066168083,-1.461440576166749,0.27645391515958084,1.035083464046342,-0.4814607612315388,-2.9084965409176062,0.9841231756854657,0
-0.634918112038349,0.9009088760241706,-0.502969299721533,0.12127656812005738,-0.7423290972289317,-1.177851894974348,1.6495816066168083,0.853056793629862,0.860545391010725,1.035083464046342,-0.7394662468772634,-1.5989224061049072,0.9841231756854657,0
-0.8043672005990544,0.9009088760241706,-1.179024470547907,-0.2725221407909609,-0.911310674287764,0.9048055324001227,0.06599664927436881,0.853056793629862,-0.11965409719924096,0.23238544103697253,-0.7394662468772634,-0.051243883144444294,0.9841231756854657,0
-0.9738162891597597,0.9009088760241706,-0.502969299721533,-0.2682424066670081,-0.911310674287764,0.9048055324001227,0.06599664927436881,0.853056793629862,-0.5023347193086114,0.23238544103697253,-0.7394662468772634,-0.44808453005738347,-1.0161329645585022,0
-0.46546902347764374,-1.1099901739376037,0.8491410419312149,0.12141869951162777,0.2715603651240624,-1.177851894974348,-0.7257958293968509,0.853056793629862,0.3939435798422821,-0.9143260204049839,-0.7394662468772634,-2.2140254088199627,0.9841231756854657,0
-0.2960199349169384,-1.1099901739376037,-0.502969299721533,-0.25905124334545643,-0.404365943111267,0.9048055324001227,0.06599664927436881,0.853056793629862,0.7464125738903866,0.23238544103697253,-0.4814607612315388,1.1392780575943733,0.9841231756854657,0
-0.634918112038349,-1.1099901739376037,0.8491410419312149,-0.26224130346736957,-0.7423290972289317,0.9048055324001227,0.06599664927436881,-1.461440576166749,-0.3680608168140954,0.23238544103697253,-0.997471732522988,-1.3608180179571436,-1.0161329645585022,0
-0.634918112038349,0.9009088760241706,0.8491410419312149,-0.2579615693434168,-0.911310674287764,0.9048055324001227,0.06599664927436881,-0.8828162337175963,0.4745079213389917,0.23238544103697253,-0.997471732522988,-2.8489704438806656,0.9841231756854657,0
-0.46546902347764374,-1.1099901739376037,-0.502969299721533,0.12362963226938935,-0.5733475201700994,-1.177851894974348,2.4413740852880284,-0.8828162337175963,0.2965950005337584,1.6084391947673204,-0.997471732522988,1.4567505751247247,0.9841231756854657,0
-0.46546902347764374,0.9009088760241706,-1.179024470547907,-0.25973031554962606,-0.23538436605243465,0.9048055324001227,0.06599664927436881,-0.8828162337175963,0.001192415045823164,0.23238544103697253,-0.997471732522988,0.7622794430270811,-1.0161329645585022,0
-0.634918112038349,0.9009088760241706,-0.502969299721533,0.12163979278740393,-0.23538436605243465,-1.177851894974348,-0.2507203421941191,-1.461440576166749,0.4040141225293712,-0.570312581972397,-0.4814607612315388,1.0797519605574324,0.9841231756854657,0
-0.9738162891597597,0.9009088760241706,-1.179024470547907,-0.26018829447801956,-0.911310674287764,0.9048055324001227,0.06599664927436881,1.4316811360790147,0.23617174441122635,0.23238544103697253,-0.7394662468772634,-0.3488743683291487,0.9841231756854657,0
-0.634918112038349,0.9009088760241706,-0.502969299721533,-0.2549452253667564,-0.7423290972289317,0.9048055324001227,0.06599664927436881,-0.3041918912684436,0.3301634761573873,0.23238544103697253,-0.4814607612315388,0.8614896047553159,0.9841231756854657,0
-0.8043672005990544,0.9009088760241706,-0.502969299721533,-0.37763620104568246,-0.911310674287764,0.9048055324001227,0.06599664927436881,-0.3041918912684436,0.8135495251376443,0.4617277333253637,-0.4814607612315388,0.6829113136444932,-1.0161329645585022,1
-0.2960199349169384,0.9009088760241706,0.8491410419312149,-0.0029620604893018008,-0.23538436605243465,-1.177851894974348,0.8577891279455886,-1.461440576166749,1.1458774338115711,0.5763988794695595,-0.997471732522988,-1.4203441149940845,-1.0161329645585022,1
-0.46546902347764374,-1.1099901739376037,0.8491410419312149,-0.2674843725786327,-0.7423290972289317,0.9048055324001227,0.06599664927436881,-0.3041918912684436,-1.3751150855229646,0.23238544103697253,-0.997471732522988,-0.8846092416616166,0.9841231756854657,0
-0.46546902347764374,0.9009088760241706,-0.502969299721533,-0.25846692540233374,-0.7423290972289317,0.9048055324001227,0.06599664927436881,1.4316811360790147,-1.7510820125076092,0.23238544103697253,-0.7394662468772634,0.6035431842619053,0.9841231756854657,0
-0.9738162891597597,0.9009088760241706,-1.179024470547907,0.11830760127392041,-0.911310674287764,-0.4836327525161911,0.8577891279455886,1.4316811360790147,0.19253272610050842,0.3470565871811683,-0.997471732522988,-0.20998014190961997,0.9841231756854657,0
-0.2960199349169384,0.9009088760241706,1.5251962127575889,0.116112460893,-0.404365943111267,-1.177851894974348,-0.8841543251310949,-0.8828162337175963,-0.5661148229935064,-1.0289971665491795,-0.4814607612315388,1.0003838311748445,0.9841231756854657,0
-0.8043672005990544,-1.1099901739376037,-1.179024470547907,-0.260646273406413,-0.5733475201700994,0.9048055324001227,0.06599664927436881,1.4316811360790147,-1.4993184453303918,0.23238544103697253,-0.997471732522988,0.6432272489531993,0.9841231756854657,0
-0.634918112038349,0.9009088760241706,-1.179024470547907,-0.26544715596612384,-0.7423290972289317,0.9048055324001227,0.06599664927436881,-1.461440576166749,-1.0495008719737637,0.23238544103697253,-0.4814607612315388,0.18686050500331922,-1.0161329645585022,0
-0.9738162891597597,0.9009088760241706,-1.179024470547907,0.12249258113682625,-0.911310674287764,-1.177851894974348,2.4413740852880284,1.4316811360790147,-0.39491559731299863,1.7231103409115156,-0.7394662468772634,0.7225953783357871,-1.0161329645585022,0
-0.634918112038349,0.9009088760241706,-0.502969299721533,0.11867082594126696,-0.7423290972289317,-1.177851894974348,-0.7257958293968509,-0.3041918912684436,0.9813919032557892,-0.9143260204049839,-0.997471732522988,-0.6663468858595001,0.9841231756854657,0
-0.8043672005990544,0.9009088760241706,0.8491410419312149,-0.37021378393034005,-0.911310674287764,0.9048055324001227,0.06599664927436881,-1.461440576166749,0.5382880250238866,0.4617277333253637,-0.997471732522988,0.5241750548793175,-1.0161329645585022,1
-0.8043672005990544,-1.1099901739376037,-1.179024470547907,-0.36542869374747033,-0.5733475201700994,0.9048055324001227,0.06599664927436881,0.853056793629862,1.092167872813765,0.4617277333253637,-0.7394662468772634,0.5638591195706114,-1.0161329645585022,1
-0.9738162891597597,-1.1099901739376037,1.5251962127575889,0.11622300753088807,-0.911310674287764,-1.177851894974348,-0.646616581529729,-0.8828162337175963,0.23617174441122635,-0.9143260204049839,-0.7394662468772634,-0.15045404487267908,0.9841231756854657,0
-0.9738162891597597,0.9009088760241706,1.5251962127575889,-0.24199547635701002,-0.911310674287764,0.9048055324001227,0.06599664927436881,0.2744324511807092,-0.34120603631519225,0.1177142948927768,-0.4814607612315388,1.1789621222856672,0.9841231756854657,0
-1.143265377720465,-1.1099901739376037,0.8491410419312149,-0.23937394180137844,-0.7423290972289317,0.9048055324001227,0.06599664927436881,-0.8828162337175963,-1.173704231781191,0.1177142948927768,-0.4814607612315388,-0.6465048535138531,0.9841231756854657,0
-0.9738162891597597,0.9009088760241706,1.5251962127575889,0.11589136761722384,-0.911310674287764,-1.177851894974348,0.5410721364771007,-0.8828162337175963,0.001192415045823164,0.1177142948927768,-0.7394662468772634,-0.9838194033898514,-1.0161329645585022,0
-1.143265377720465,0.9009088760241706,-0.502969299721533,-0.24520132885576432,-0.911310674287764,0.9048055324001227,0.06599664927436881,-1.461440576166749,-0.12972463988633004,0.23238544103697253,-0.7394662468772634,-3.642651737706544,0.9841231756854657,0
-0.634918112038349,0.9009088760241706,-0.502969299721533,0.11950782191384812,-0.911310674287764,-1.177851894974348,1.0161476236798326,-0.8828162337175963,-0.25392799969375696,0.4617277333253637,-0.4814607612315388,-0.36871640067479566,0.9841231756854657,0
-0.2960199349169384,0.9009088760241706,1.5251962127575889,-0.23878962385825575,-0.23538436605243465,0.9048055324001227,0.06599664927436881,-1.461440576166749,-0.811164695045998,0.1177142948927768,-0.4814607612315388,0.6432272489531993,0.9841231756854657,0
-0.9738162891597597,-1.1099901739376037,-0.502969299721533,0.1230611067031078,-0.7423290972289317,-0.4836327525161911,1.3328646151483206,1.4316811360790147,0.5114332445249834,0.8057411717579506,-0.7394662468772634,1.694854963272488,0.9841231756854657,0
-1.143265377720465,-1.1099901739376037,-1.179024470547907,0.1211660214821693,-0.911310674287764,-1.177851894974348,-0.2507203421941191,1.4316811360790147,-1.3482603050240614,-0.570312581972397,-0.997471732522988,-0.17029607721832604,0.9841231756854657,0
-0.46546902347764374,-1.1099901739376037,1.5251962127575889,-0.24343258264955506,-0.911310674287764,0.9048055324001227,0.06599664927436881,0.2744324511807092,-0.5661148229935064,0.23238544103697253,-0.4814607612315388,1.1194360252487263,0.9841231756854657,0
-0.634918112038349,-1.1099901739376037,-0.502969299721533,-0.3454513370434104,-0.911310674287764,0.9048055324001227,0.06599664927436881,0.2744324511807092,1.7836784706605218,0.3470565871811683,-0.7394662468772634,0.14717644031202531,-1.0161329645585022,1
-0.9738162891597597,0.9009088760241706,0.8491410419312149,-0.22950370627565714,-0.7423290972289317,0.9048055324001227,0.06599664927436881,-0.8828162337175963,-0.34120603631519225,0.1177142948927768,-0.7394662468772634,0.3455967637684949,0.9841231756854657,0
-0.8043672005990544,0.9009088760241706,0.8491410419312149,-0.17999460487863908,-0.911310674287764,-1.177851894974348,3.2331665639592484,0.2744324511807092,1.8407448792206904,3.4431775330744507,-0.997471732522988,0.4448069254967297,-1.0161329645585022,1
-0.634918112038349,-1.1099901739376037,-1.179024470547907,0.12609324305660938,-0.404365943111267,-1.177851894974348,4.024959042630468,-0.3041918912684436,1.0015329886299666,2.984492948497668,-0.4814607612315388,-1.9957630530178463,0.9841231756854657,0
-0.634918112038349,-1.1099901739376037,0.8491410419312149,0.12836734532173558,-0.404365943111267,-1.177851894974348,2.4413740852880284,0.853056793629862,2.344272013575125,1.6084391947673204,-0.997471732522988,0.22654456969461315,-1.0161329645585022,0
-0.46546902347764374,0.9009088760241706,1.5251962127575889,0.12926751080168136,-0.5733475201700994,-1.177851894974348,-0.2507203421941191,1.4316811360790147,2.142861159833352,-0.570312581972397,-0.7394662468772634,-2.194183376474316,0.9841231756854657,0
-0.634918112038349,0.9009088760241706,-0.502969299721533,0.1234717085009778,-0.5733475201700994,-1.177851894974348,0.8577891279455886,-0.3041918912684436,0.001192415045823164,0.3470565871811683,-0.7394662468772634,-1.2814498885745558,0.9841231756854657,0
-0.634918112038349,0.9009088760241706,-0.502969299721533,0.12446662824197051,-0.7423290972289317,-1.177851894974348,2.4413740852880284,-0.3041918912684436,-0.08944246913797492,1.6084391947673204,-0.4814607612315388,0.9408577341379036,0.9841231756854657,0
-1.143265377720465,0.9009088760241706,-0.502969299721533,-0.34963631690631625,-0.911310674287764,0.9048055324001227,0.06599664927436881,0.2744324511807092,1.451350561986595,0.3470565871811683,-0.4814607612315388,1.6353288662355472,-1.0161329645585022,1
-0.9738162891597597,-1.1099901739376037,-0.502969299721533,-0.2302775327408737,-0.911310674287764,0.9048055324001227,0.06599664927436881,1.4316811360790147,-1.4724636648314886,0.1177142948927768,-0.4814607612315388,-0.5076106270943244,-1.0161329645585022,0
-0.2960199349169384,0.9009088760241706,-0.502969299721533,-0.22803501522942982,-0.06640278899360229,0.9048055324001227,0.06599664927436881,-0.8828162337175963,-1.0427871768490378,0.1177142948927768,-0.997471732522988,0.8614896047553159,0.9841231756854657,0
-0.9738162891597597,0.9009088760241706,1.5251962127575889,-0.3343650885009203,-0.911310674287764,0.9048055324001227,0.06599664927436881,-1.461440576166749,2.344272013575125,0.3470565871811683,-0.4814607612315388,0.9805417988291976,-1.0161329645585022,1
-0.9738162891597597,0.9009088760241706,0.8491410419312149,0.1302782229195152,-0.911310674287764,-1.177851894974348,0.5727438356239495,-0.8828162337175963,-1.2475548781531747,0.1177142948927768,-0.7394662468772634,-0.9639773710442044,0.9841231756854657,0
-0.8043672005990544,-1.1099901739376037,-0.502969299721533,0.014235837890714998,-0.7423290972289317,-1.177851894974348,1.9662985980852963,-1.461440576166749,-0.7138161157374736,1.4937680486231246,-0.997471732522988,-1.3211339532658497,-1.0161329645585022,1
-0.634918112038349,-1.1099901739376037,-1.179024470547907,-0.22354998020654207,-0.23538436605243465,0.9048055324001227,0.06599664927436881,0.853056793629862,0.7866947446387411,0.1177142948927768,-0.4814607612315388,0.40512286080543575,0.9841231756854657,0
-0.46546902347764374,0.9009088760241706,0.8491410419312149,-0.21990194115623546,-0.7423290972289317,0.9048055324001227,0.06599664927436881,0.853056793629862,0.1522505553521539,0.1177142948927768,-0.4814607612315388,-0.11076998018138517,0.9841231756854657,0
-0.2960199349169384,0.9009088760241706,1.5251962127575889,-0.2181647797037085,-0.06640278899360229,0.9048055324001227,0.06599664927436881,0.2744324511807092,0.2865244578466693,0.1177142948927768,-0.997471732522988,-0.36871640067479566,-1.0161329645585022,0
-0.634918112038349,-1.1099901739376037,0.8491410419312149,-0.21271640969351036,-0.06640278899360229,0.9048055324001227,0.06599664927436881,-0.3041918912684436,0.2965950005337584,0.1177142948927768,-0.7394662468772634,0.5043330225336705,0.9841231756854657,0
-0.2960199349169384,0.9009088760241706,0.17308587110484092,0.13078357897843215,-0.7423290972289317,-1.177851894974348,-0.804975077263973,0.2744324511807092,-1.0964967378468442,-1.0289971665491795,-0.997471732522988,0.3455967637684949,0.9841231756854657,0
-0.2960199349169384,-1.1099901739376037,-0.502969299721533,0.12929909555536365,0.2715603651240624,0.21058638994196582,0.38271364074285674,1.4316811360790147,0.001192415045823164,0.003043148748581378,-0.997471732522988,-0.9639773710442044,0.9841231756854657,0
-0.634918112038349,-1.1099901739376037,-0.502969299721533,-0.20120376697630904,-0.7423290972289317,0.9048055324001227,0.06599664927436881,0.2744324511807092,0.665848232393677,0.1177142948927768,-0.997471732522988,0.0479662785837905,-1.0161329645585022,0
-0.46546902347764374,-1.1099901739376037,-0.502969299721533,-0.3208626063017335,-0.404365943111267,0.9048055324001227,0.06599664927436881,0.2744324511807092,1.1861596045599256,0.3470565871811683,-0.997471732522988,0.14717644031202531,-1.0161329645585022,1
-0.8043672005990544,0.9009088760241706,-0.502969299721533,-0.20632049707284295,-0.7423290972289317,0.9048055324001227,0.06599664927436881,0.853056793629862,-1.173704231781191,0.1177142948927768,-0.7394662468772634,0.5440170872249644,0.9841231756854657,0
-0.634918112038349,0.9009088760241706,0.8491410419312149,0.13195221486467754,-0.7423290972289317,-1.177851894974348,-1.1533637678793096,-0.3041918912684436,-0.12972463988633004,-1.2583394588375707,-0.4814607612315388,0.5440170872249644,-1.0161329645585022,0
-0.46546902347764374,0.9009088760241706,-1.179024470547907,0.020568581004017785,-0.5733475201700994,-1.177851894974348,0.38271364074285674,-1.461440576166749,-0.46205254856025635,0.1177142948927768,-0.4814607612315388,0.06780831092943747,-1.0161329645585022,1
-0.634918112038349,0.9009088760241706,1.5251962127575889,0.13342090591090489,-0.7423290972289317,-1.177851894974348,0.25602684415546156,0.853056793629862,0.9343960373827085,-0.11162799739561437,-0.997471732522988,1.3773824457421369,0.9841231756854657,0
-0.46546902347764374,0.9009088760241706,-0.502969299721533,0.13680047455491184,-0.5733475201700994,-1.177851894974348,1.6495816066168083,0.853056793629862,0.7430557263280237,1.035083464046342,-0.997471732522988,-0.46792656240303043,-1.0161329645585022,0
-0.46546902347764374,0.9009088760241706,0.8491410419312149,0.13781118667274572,-0.911310674287764,-1.177851894974348,0.06599664927436881,0.853056793629862,0.665848232393677,-0.34097028968400567,-0.7394662468772634,0.4448069254967297,-1.0161329645585022,0
-0.634918112038349,0.9009088760241706,-1.179024470547907,0.13934304722633767,-0.911310674287764,-1.177851894974348,0.38271364074285674,0.853056793629862,0.001192415045823164,0.003043148748581378,-0.4814607612315388,-0.686188918205147,-1.0161329645585022,0
-0.2960199349169384,0.9009088760241706,0.8491410419312149,0.14169611137566962,-0.06640278899360229,-1.177851894974348,0.8577891279455886,-0.8828162337175963,-0.21028898138303903,0.3470565871811683,-0.4814607612315388,-0.7655570475877348,0.9841231756854657,0
-0.9738162891597597,0.9009088760241706,-1.179024470547907,-0.20477284414240984,-0.911310674287764,0.9048055324001227,0.06599664927436881,1.4316811360790147,1.4312094766124175,0.1177142948927768,-0.7394662468772634,0.3654387961141419,0.9841231756854657,0
-0.9738162891597597,0.9009088760241706,-0.502969299721533,0.1386797673990092,-0.911310674287764,-1.177851894974348,1.9662985980852963,-1.461440576166749,1.6628319584154578,1.2644257563347332,-0.4814607612315388,0.4448069254967297,0.9841231756854657,0
-0.46546902347764374,0.9009088760241706,-0.502969299721533,-0.3280007606339352,-0.23538436605243465,0.9048055324001227,0.06599664927436881,-0.3041918912684436,-1.4724636648314886,0.3470565871811683,-0.4814607612315388,-0.13061201252703214,-1.0161329645585022,1
-0.2960199349169384,0.9009088760241706,0.8491410419312149,0.1348895969571322,0.10257878806523006,-1.177851894974348,0.16497070910827127,-0.8828162337175963,-1.6705176710108995,-0.2262991435398101,-0.4814607612315388,-1.4600281796853785,0.9841231756854657,0
-0.46546902347764374,0.9009088760241706,0.8491410419312149,0.13842708936955073,-0.23538436605243465,-1.177851894974348,-0.4882580857954851,1.4316811360790147,-1.6705176710108995,-0.7996548742607882,-0.7394662468772634,0.9011736694466097,0.9841231756854657,0
-0.8043672005990544,-1.1099901739376037,0.8491410419312149,-0.20537295446237372,-0.911310674287764,0.9048055324001227,0.06599664927436881,0.853056793629862,-0.1397951825734185,0.1177142948927768,-0.4814607612315388,-0.8052411122790287,0.9841231756854657,0
-0.9738162891597597,0.9009088760241706,-0.502969299721533,0.14055906024310652,-0.911310674287764,-1.177851894974348,-0.4090788379283631,1.4316811360790147,-1.1804179269059165,-0.6849837281165926,-0.997471732522988,-0.24966420660091387,0.9841231756854657,0
-0.9738162891597597,0.9009088760241706,1.5251962127575889,0.1342421095066449,-0.911310674287764,-1.177851894974348,-0.4090788379283631,-0.8828162337175963,-0.1397951825734185,-0.6849837281165926,-0.997471732522988,0.3455967637684949,-1.0161329645585022,0
-0.9738162891597597,0.9009088760241706,-1.179024470547907,0.1422172598114277,-0.911310674287764,-1.177851894974348,0.38271364074285674,1.4316811360790147,1.9750187817152072,-0.11162799739561437,-0.997471732522988,-0.22982217425526694,0.9841231756854657,0
-0.634918112038349,-1.1099901739376037,1.5251962127575889,0.13724266110646416,0.10257878806523006,-1.177851894974348,0.06599664927436881,0.2744324511807092,0.3301634761573873,-0.34097028968400567,-0.997471732522988,0.3654387961141419,-1.0161329645585022,0
-0.46546902347764374,0.9009088760241706,0.8491410419312149,-0.20611519617390794,-0.911310674287764,0.9048055324001227,0.06599664927436881,0.853056793629862,-1.8752853723150364,0.1177142948927768,-0.4814607612315388,-0.8647672093159696,0.9841231756854657,0
-0.8043672005990544,0.9009088760241706,0.8491410419312149,-0.205199238317121,-0.911310674287764,0.9048055324001227,0.06599664927436881,-0.8828162337175963,-0.1397951825734185,0.1177142948927768,-0.997471732522988,0.5837011519162584,0.9841231756854657,0
-0.8043672005990544,0.9009088760241706,1.5251962127575889,-0.20336732260354715,-0.5733475201700994,0.9048055324001227,0.06599664927436881,-0.8828162337175963,-0.21364582894540246,0.1177142948927768,-0.4814607612315388,-0.6465048535138531,0.9841231756854657,0
-0.9738162891597597,-1.1099901739376037,-0.502969299721533,-0.20557825536130872,-0.5733475201700994,0.9048055324001227,0.06599664927436881,0.2744324511807092,-0.21364582894540246,0.1177142948927768,-0.997471732522988,-0.6266628211682062,0.9841231756854657,0
-0.9738162891597597,-1.1099901739376037,-0.502969299721533,0.13790594093379263,-0.911310674287764,-1.177851894974348,-0.7257958293968509,0.2744324511807092,-1.1804179269059165,-0.9143260204049839,-0.997471732522988,-2.2537094735112566,0.9841231756854657,0
-0.9738162891597597,0.9009088760241706,0.8491410419312149,0.13525282162447874,-0.911310674287764,-1.177851894974348,1.1745061194140765,0.2744324511807092,0.3301634761573873,0.5763988794695595,-0.7394662468772634,-1.8171847619070236,0.9841231756854657,0
-0.634918112038349,0.9009088760241706,-1.179024470547907,0.13910616157372035,-0.5733475201700994,-1.177851894974348,0.06599664927436881,0.2744324511807092,-1.1804179269059165,-0.34097028968400567,-0.7394662468772634,1.1194360252487263,-1.0161329645585022,0
-0.8043672005990544,0.9009088760241706,0.8491410419312149,-0.20393584816982868,-0.911310674287764,0.9048055324001227,0.06599664927436881,-0.8828162337175963,-1.7510820125076092,0.1177142948927768,-0.7394662468772634,0.08765034327508442,0.9841231756854657,0
-0.634918112038349,0.9009088760241706,-0.502969299721533,-0.1974925584186378,-0.911310674287764,0.9048055324001227,0.06599664927436881,-0.3041918912684436,-1.8752853723150364,0.1177142948927768,-0.997471732522988,1.4964346398160184,0.9841231756854657,0
-0.634918112038349,0.9009088760241706,0.8491410419312149,-0.164202228037485,-0.5733475201700994,-1.177851894974348,-0.804975077263973,0.2744324511807092,-0.33784918875282943,-0.9143260204049839,-0.7394662468772634,0.7027533459901402,-1.0161329645585022,1
-0.634918112038349,-1.1099901739376037,-0.502969299721533,0.14142764096937,-0.404365943111267,-1.177851894974348,-0.4882580857954851,-0.8828162337175963,-1.8752853723150364,-0.7996548742607882,-0.997471732522988,-0.44808453005738347,0.9841231756854657,0
-0.8043672005990544,-1.1099901739376037,1.5251962127575889,0.13119418077630216,-0.23538436605243465,-1.177851894974348,-0.4090788379283631,1.4316811360790147,-0.08944246913797492,-0.6849837281165926,-0.7394662468772634,-0.22982217425526694,-1.0161329645585022,0
-0.9738162891597597,0.9009088760241706,1.5251962127575889,-0.31584063046624655,-0.5733475201700994,0.9048055324001227,0.06599664927436881,0.853056793629862,1.8273174889712391,0.3470565871811683,-0.997471732522988,0.782121475372728,-1.0161329645585022,1
-0.46546902347764374,0.9009088760241706,-1.179024470547907,0.13348407541826948,-0.7423290972289317,-1.177851894974348,-0.963333572998217,-1.461440576166749,0.7464125738903866,-1.143668312693375,-0.997471732522988,-0.3488743683291487,-1.0161329645585022,0
-0.46546902347764374,-1.1099901739376037,-0.502969299721533,0.1375427162664461,-0.911310674287764,-1.177851894974348,-0.09236184645987515,-1.461440576166749,0.2865244578466693,-0.45564143582820127,-0.4814607612315388,0.3654387961141419,-1.0161329645585022,0
-0.2960199349169384,0.9009088760241706,0.8491410419312149,0.13735320774435225,-0.911310674287764,-1.177851894974348,0.7627740305050422,0.2744324511807092,0.8739727812601764,0.23238544103697253,-0.4814607612315388,-0.44808453005738347,0.9841231756854657,0
-0.2960199349169384,0.9009088760241706,-0.502969299721533,-0.20223027147098405,-0.5733475201700994,0.9048055324001227,0.06599664927436881,0.2744324511807092,-0.811164695045998,0.1177142948927768,-0.7394662468772634,1.258330251668255,-1.0161329645585022,0
-0.634918112038349,-1.1099901739376037,1.5251962127575889,0.13177849871942485,-0.5733475201700994,-1.177851894974348,-0.2507203421941191,-0.8828162337175963,0.7464125738903866,-0.570312581972397,-0.997471732522988,0.4844909901880236,0.9841231756854657,0
-0.634918112038349,0.9009088760241706,-0.502969299721533,-0.20240398761623674,-0.06640278899360229,0.9048055324001227,0.06599664927436881,-1.461440576166749,-0.6936750303632967,0.1177142948927768,-0.7394662468772634,-1.6386064707962011,-1.0161329645585022,0
-0.9738162891597597,-1.1099901739376037,-1.179024470547907,0.1367846821780707,-0.7423290972289317,-1.177851894974348,-1.042512820865339,0.2744324511807092,0.001192415045823164,-1.2583394588375707,-0.4814607612315388,0.801963507718375,0.9841231756854657,0
-0.2960199349169384,-1.1099901739376037,1.5251962127575889,0.02453246759114746,-0.06640278899360229,0.21058638994196582,-0.7257958293968509,-1.461440576166749,1.8273174889712391,-0.9143260204049839,-0.7394662468772634,1.258330251668255,-1.0161329645585022,1
-0.634918112038349,0.9009088760241706,-0.502969299721533,0.13308926599724064,-0.7423290972289317,-1.177851894974348,1.0161476236798326,-0.8828162337175963,-1.0495008719737637,0.4617277333253637,-0.4814607612315388,0.0479662785837905,0.9841231756854657,0
-0.634918112038349,0.9009088760241706,-0.502969299721533,-0.20357262350248215,-0.911310674287764,0.9048055324001227,0.06599664927436881,1.4316811360790147,1.3170766594920789,0.1177142948927768,-0.7394662468772634,-0.9838194033898514,0.9841231756854657,0
-0.46546902347764374,0.9009088760241706,1.5251962127575889,-0.20662055223282488,-0.23538436605243465,0.9048055324001227,0.06599664927436881,1.4316811360790147,0.7229146409538463,0.1177142948927768,-0.997471732522988,-1.658448503141848,0.9841231756854657,0
-0.2960199349169384,0.9009088760241706,-1.179024470547907,-0.19793474497019012,-0.404365943111267,0.9048055324001227,0.06599664927436881,0.2744324511807092,0.001192415045823164,0.1177142948927768,-0.4814607612315388,0.9408577341379036,0.9841231756854657,0
-0.634918112038349,-1.1099901739376037,0.8491410419312149,-0.18441647039416223,-0.911310674287764,0.9048055324001227,0.06599664927436881,-0.8828162337175963,-1.6705176710108995,0.1177142948927768,-0.4814607612315388,1.1988041546313142,-1.0161329645585022,0
-0.8043672005990544,0.9009088760241706,0.8491410419312149,0.13650041939492993,-0.7423290972289317,-1.177851894974348,-0.3298995900612411,-0.8828162337175963,0.7430557263280237,-0.6849837281165926,-0.997471732522988,0.7027533459901402,-1.0161329645585022,0
-0.634918112038349,0.9009088760241706,0.8491410419312149,0.1346842960581972,-0.911310674287764,-1.177851894974348,0.7627740305050422,-1.461440576166749,-0.6936750303632967,0.23238544103697253,-0.997471732522988,-1.2616078562289088,0.9841231756854657,0
-0.634918112038349,-1.1099901739376037,0.8491410419312149,-0.18547455964251955,-0.911310674287764,0.9048055324001227,0.06599664927436881,0.2744324511807092,0.4040141225293712,0.1177142948927768,-0.997471732522988,-0.15045404487267908,0.9841231756854657,0
-0.2960199349169384,-1.1099901739376037,1.5251962127575889,0.023427001212266676,0.2715603651240624,-1.177851894974348,-0.4882580857954851,-1.461440576166749,1.0418151593783211,-0.6849837281165926,-0.997471732522988,1.5361187045073124,-1.0161329645585022,1
-0.8043672005990544,0.9009088760241706,1.5251962127575889,-0.1883487722276096,-0.5733475201700994,0.9048055324001227,0.06599664927436881,0.853056793629862,0.27645391515958084,0.1177142948927768,-0.7394662468772634,0.9210157017922567,0.9841231756854657,0
-0.46546902347764374,-1.1099901739376037,-0.502969299721533,-0.17040863213605856,-0.7423290972289317,-1.177851894974348,2.4413740852880284,0.2744324511807092,-0.03237606057780569,2.525808363920885,-0.7394662468772634,0.6630692812988462,-1.0161329645585022,1
-0.634918112038349,0.9009088760241706,0.8491410419312149,-0.17323546759062514,-0.5733475201700994,0.9048055324001227,0.06599664927436881,-0.3041918912684436,0.001192415045823164,0.1177142948927768,-0.4814607612315388,0.4249648931510827,0.9841231756854657,0
-0.9738162891597597,0.9009088760241706,-1.179024470547907,0.14065381450415346,-0.911310674287764,-1.177851894974348,0.25602684415546156,0.853056793629862,0.001192415045823164,-0.11162799739561437,-0.997471732522988,-0.07108591549009124,0.9841231756854657,0
-0.46546902347764374,-1.1099901739376037,0.8491410419312149,0.14611797689119277,-0.7423290972289317,-1.177851894974348,2.4413740852880284,1.4316811360790147,1.8273174889712391,1.6084391947673204,-0.7394662468772634,-1.12271362980938,0.9841231756854657,0
-0.8043672005990544,-1.1099901739376037,-0.502969299721533,0.1430858405376912,-0.404365943111267,-1.177851894974348,-1.359229812333827,1.4316811360790147,-0.21700267650776528,-1.487681751125962,-0.997471732522988,-0.7853990799333818,-1.0161329645585022,0
-0.2960199349169384,-1.1099901739376037,1.5251962127575889,-0.16308096928176308,-0.23538436605243465,0.9048055324001227,0.06599664927436881,1.4316811360790147,-1.0427871768490378,0.003043148748581378,-0.4814607612315388,1.298014316359549,-1.0161329645585022,0
-0.46546902347764374,0.9009088760241706,-1.179024470547907,0.14010108131471305,-0.5733475201700994,-1.177851894974348,-0.7257958293968509,-1.461440576166749,0.001192415045823164,-0.9143260204049839,-0.997471732522988,-0.5076106270943244,0.9841231756854657,0
-0.2960199349169384,0.9009088760241706,1.5251962127575889,0.14401759077131926,0.4405419421828948,-1.177851894974348,1.2536853672811985,1.4316811360790147,0.001192415045823164,0.6910700256137552,-0.7394662468772634,1.4765926074703717,0.9841231756854657,0
-0.46546902347764374,0.9009088760241706,-1.179024470547907,-0.16499184687954271,-0.7423290972289317,0.9048055324001227,0.06599664927436881,0.853056793629862,1.0955247203761276,0.003043148748581378,-0.4814607612315388,-0.8052411122790287,-1.0161329645585022,0
-1.143265377720465,0.9009088760241706,1.5251962127575889,0.0291280492519233,-0.404365943111267,-1.177851894974348,1.6495816066168083,1.4316811360790147,2.2603508245160526,1.1497546101905376,-0.997471732522988,1.6353288662355472,-1.0161329645585022,1
-0.8043672005990544,-1.1099901739376037,0.8491410419312149,0.14232780644931578,-0.7423290972289317,-1.177851894974348,-0.3298995900612411,-0.8828162337175963,0.001192415045823164,-0.6849837281165926,-0.997471732522988,0.4249648931510827,0.9841231756854657,0
-0.2960199349169384,0.9009088760241706,0.8491410419312149,0.14539152755649967,-0.23538436605243465,0.21058638994196582,4.024959042630468,0.853056793629862,-0.3680608168140954,2.869821802353472,-0.997471732522988,0.6829113136444932,0.9841231756854657,0
-0.634918112038349,-1.1099901739376037,-0.502969299721533,0.1445229468302362,-0.911310674287764,-1.177851894974348,-0.4090788379283631,-0.8828162337175963,-1.3482603050240614,-0.6849837281165926,-0.997471732522988,0.6035431842619053,-1.0161329645585022,0
-0.8043672005990544,-1.1099901739376037,-0.502969299721533,0.038208665935586895,-0.911310674287764,-1.177851894974348,2.4413740852880284,-0.3041918912684436,0.8336906105118219,1.8377814870557112,-0.7394662468772634,-0.9242933063529105,-1.0161329645585022,1
-0.9738162891597597,-1.1099901739376037,0.8491410419312149,-0.28360838933345106,-0.7423290972289317,0.9048055324001227,0.06599664927436881,-0.8828162337175963,-1.8752853723150364,0.23238544103697253,-0.4814607612315388,-1.0235034680811452,-1.0161329645585022,1
-0.634918112038349,0.9009088760241706,1.5251962127575889,-0.2812079480535956,-0.911310674287764,0.9048055324001227,0.06599664927436881,-1.461440576166749,2.0757242085860943,0.23238544103697253,-0.997471732522988,-0.051243883144444294,-1.0161329645585022,1
-0.8043672005990544,-1.1099901739376037,-0.502969299721533,0.147476121299532,-0.911310674287764,-1.177851894974348,0.06599664927436881,1.4316811360790147,-1.371758237960602,-0.34097028968400567,-0.4814607612315388,0.14717644031202531,0.9841231756854657,0
-0.8043672005990544,-1.1099901739376037,-1.179024470547907,-0.1709455729486578,-0.23538436605243465,0.9048055324001227,0.06599664927436881,-1.461440576166749,0.15896425047687956,0.003043148748581378,-0.4814607612315388,-0.8846092416616166,0.9841231756854657,0
-0.2960199349169384,0.9009088760241706,-0.502969299721533,-0.15556379790537372,-0.5733475201700994,0.9048055324001227,0.06599664927436881,-0.3041918912684436,-1.4724636648314886,0.003043148748581378,-0.4814607612315388,0.32575473142284794,-1.0161329645585022,0
-0.8043672005990544,0.9009088760241706,0.8491410419312149,-0.15905391318726878,-0.911310674287764,0.9048055324001227,0.06599664927436881,1.4316811360790147,1.5352717510456675,0.003043148748581378,-0.4814607612315388,0.305912699077201,0.9841231756854657,0
-1.143265377720465,-1.1099901739376037,-0.502969299721533,-0.14787291038373168,-0.911310674287764,0.9048055324001227,0.06599664927436881,-0.8828162337175963,-0.5896127559300467,0.003043148748581378,-0.4814607612315388,-0.17029607721832604,-1.0161329645585022,0
-0.8043672005990544,-1.1099901739376037,1.5251962127575889,-0.14599361753963436,-0.5733475201700994,0.9048055324001227,0.06599664927436881,-0.8828162337175963,0.7464125738903866,0.003043148748581378,-0.7394662468772634,0.22654456969461315,0.9841231756854657,0
-0.634918112038349,0.9009088760241706,0.8491410419312149,0.03523969908944993,-0.5733475201700994,-1.177851894974348,0.06599664927436881,0.853056793629862,-0.34120603631519225,-0.2262991435398101,-0.997471732522988,-0.32903233598350173,-1.0161329645585022,1
-0.634918112038349,-1.1099901739376037,-0.502969299721533,0.152087495337149,-0.5733475201700994,-1.177851894974348,2.2830155895537843,-0.3041918912684436,0.11868207972852446,1.4937680486231246,-0.997471732522988,-1.4203441149940845,0.9841231756854657,0
-0.9738162891597597,-1.1099901739376037,1.5251962127575889,-0.14394060855028432,-0.911310674287764,0.9048055324001227,0.06599664927436881,-1.461440576166749,-1.4993184453303918,0.003043148748581378,-0.997471732522988,0.40512286080543575,0.9841231756854657,0
-0.8043672005990544,0.9009088760241706,1.5251962127575889,0.03555554662627301,-0.911310674287764,-1.177851894974348,0.8577891279455886,-0.8828162337175963,1.0418151593783211,0.4617277333253637,-0.7394662468772634,-0.15045404487267908,-1.0161329645585022,1
-0.8043672005990544,0.9009088760241706,0.8491410419312149,-0.14202973095250468,-0.7423290972289317,0.9048055324001227,0.06599664927436881,-1.461440576166749,-1.0495008719737637,0.003043148748581378,-0.997471732522988,0.10749237562073138,0.9841231756854657,0
-0.634918112038349,-1.1099901739376037,1.5251962127575889,0.15535651734326789,-0.5733475201700994,-1.177851894974348,-0.8999901747045194,-1.461440576166749,-1.6839450612603513,-1.143668312693375,-0.4814607612315388,-0.3488743683291487,0.9841231756854657,0
-0.9738162891597597,0.9009088760241706,-1.179024470547907,0.1574884882168237,-0.7423290972289317,-1.177851894974348,-0.09236184645987515,-0.8828162337175963,0.001192415045823164,-0.45564143582820127,-0.997471732522988,0.028124246238143545,0.9841231756854657,0
-0.8043672005990544,0.9009088760241706,1.5251962127575889,-0.1412243197336058,-0.911310674287764,0.9048055324001227,0.06599664927436881,0.2744324511807092,-1.1804179269059165,0.003043148748581378,-0.4814607612315388,0.8813316371009629,0.9841231756854657,0
-0.9738162891597597,-1.1099901739376037,-0.502969299721533,-0.13274381336990607,-0.5733475201700994,0.9048055324001227,0.06599664927436881,0.853056793629862,-1.173704231781191,0.003043148748581378,-0.4814607612315388,-0.40840046536608954,0.9841231756854657,0
-0.2960199349169384,-1.1099901739376037,-0.502969299721533,-0.24360629879480775,-0.911310674287764,0.9048055324001227,0.06599664927436881,1.4316811360790147,0.6020681287087821,0.23238544103697253,-0.7394662468772634,-0.4282424977117365,-1.0161329645585022,1
-0.46546902347764374,0.9009088760241706,0.8491410419312149,-0.12683746443131444,-0.23538436605243465,0.9048055324001227,0.06599664927436881,1.4316811360790147,1.0619562447524988,0.003043148748581378,-0.7394662468772634,-0.44808453005738347,0.9841231756854657,0
-0.46546902347764374,0.9009088760241706,-1.179024470547907,0.15526176308222098,-0.5733475201700994,-1.177851894974348,0.38271364074285674,1.4316811360790147,-1.6705176710108995,-0.11162799739561437,-0.7394662468772634,0.12733440796637835,0.9841231756854657,0
-0.8043672005990544,0.9009088760241706,1.5251962127575889,-0.13083293577212643,-0.7423290972289317,0.9048055324001227,0.06599664927436881,-0.8828162337175963,0.001192415045823164,0.003043148748581378,-0.7394662468772634,-1.4997122443766724,0.9841231756854657,0
-0.2960199349169384,-1.1099901739376037,0.8491410419312149,0.15650936085267214,-0.5733475201700994,-1.177851894974348,0.06599664927436881,-0.3041918912684436,-1.4724636648314886,-0.34097028968400567,-0.4814607612315388,-2.7299182498067838,0.9841231756854657,0
-1.143265377720465,0.9009088760241706,0.8491410419312149,0.16053641694716644,-0.911310674287764,-1.177851894974348,2.4413740852880284,1.4316811360790147,0.5651428055227898,1.6084391947673204,-0.7394662468772634,-1.3409759856114967,0.9841231756854657,0
-0.2960199349169384,0.9009088760241706,1.5251962127575889,0.15761482723155293,-0.06640278899360229,-1.177851894974348,-1.327558113186978,-1.461440576166749,0.5651428055227898,-1.487681751125962,-0.997471732522988,-1.202081759191968,0.9841231756854657,0
-0.634918112038349,0.9009088760241706,-0.502969299721533,-0.13016965594479796,-0.7423290972289317,0.9048055324001227,0.06599664927436881,-0.8828162337175963,0.001192415045823164,0.003043148748581378,-0.4814607612315388,0.5440170872249644,0.9841231756854657,0
-0.9738162891597597,0.9009088760241706,1.5251962127575889,0.15775695862312333,-0.911310674287764,-1.177851894974348,-1.121692068732461,0.2744324511807092,-1.4724636648314886,-1.2583394588375707,-0.7394662468772634,-0.4877685947486774,0.9841231756854657,0
-1.143265377720465,-1.1099901739376037,0.8491410419312149,0.15292449130973018,-0.911310674287764,-1.177851894974348,0.8577891279455886,-1.461440576166749,0.3301634761573873,0.3470565871811683,-0.7394662468772634,0.38528082845978884,0.9841231756854657,0
-0.9738162891597597,-1.1099901739376037,0.8491410419312149,0.15568815725693214,-0.911310674287764,-1.177851894974348,-0.8841543251310949,0.2744324511807092,-1.3482603050240614,-1.143668312693375,-0.4814607612315388,0.8416475724096689,0.9841231756854657,0
-0.634918112038349,0.9009088760241706,1.5251962127575889,-0.11895706838757855,-0.06640278899360229,0.9048055324001227,0.06599664927436881,-0.3041918912684436,-1.6839450612603513,0.003043148748581378,-0.7394662468772634,0.4844909901880236,0.9841231756854657,0
-0.46546902347764374,0.9009088760241706,-0.502969299721533,0.15571974201061445,-0.7423290972289317,0.21058638994196582,1.0161476236798326,1.4316811360790147,-0.8447331706696268,0.4617277333253637,-0.7394662468772634,0.9606997664835506,0.9841231756854657,0
-0.2960199349169384,-1.1099901739376037,0.8491410419312149,0.15729897969472986,-0.404365943111267,-1.177851894974348,-0.808934039657329,1.4316811360790147,-0.34120603631519225,-1.0289971665491795,-0.4814607612315388,0.0479662785837905,0.9841231756854657,0
-0.8043672005990544,0.9009088760241706,0.8491410419312149,0.15412471194965788,-0.911310674287764,0.21058638994196582,0.8577891279455886,0.853056793629862,1.6729025011025462,0.3470565871811683,-0.4814607612315388,0.7225953783357871,-1.0161329645585022,0
-0.8043672005990544,0.9009088760241706,-0.502969299721533,0.15551444111167945,-0.7423290972289317,-1.177851894974348,0.06599664927436881,-0.8828162337175963,0.001192415045823164,-0.34097028968400567,-0.997471732522988,0.7225953783357871,-1.0161329645585022,0
-0.2960199349169384,0.9009088760241706,-0.502969299721533,0.1538404491665171,-0.404365943111267,-1.177851894974348,-0.963333572998217,1.4316811360790147,0.001192415045823164,-1.143668312693375,-0.4814607612315388,0.18686050500331922,-1.0161329645585022,0
-0.46546902347764374,0.9009088760241706,-1.179024470547907,-0.11226110060692922,-0.06640278899360229,0.9048055324001227,0.06599664927436881,1.4316811360790147,-0.3680608168140954,0.003043148748581378,-0.7394662468772634,0.16701847265767225,-1.0161329645585022,0
-0.634918112038349,-1.1099901739376037,-0.502969299721533,-0.11173995217117114,-0.7423290972289317,0.9048055324001227,0.06599664927436881,0.2744324511807092,0.001192415045823164,0.003043148748581378,-0.7394662468772634,1.1789621222856672,-1.0161329645585022,0
-0.9738162891597597,0.9009088760241706,0.8491410419312149,0.15688837789685983,-0.911310674287764,-1.177851894974348,0.06599664927436881,-0.8828162337175963,-1.0495008719737637,-0.34097028968400567,-0.997471732522988,0.06780831092943747,0.9841231756854657,0
-0.9738162891597597,-1.1099901739376037,-0.502969299721533,-0.10565988708732682,-0.911310674287764,0.9048055324001227,0.06599664927436881,0.2744324511807092,0.23617174441122635,0.003043148748581378,-0.997471732522988,0.8416475724096689,0.9841231756854657,0
-0.2960199349169384,0.9009088760241706,0.8491410419312149,0.16393177796801456,-0.06640278899360229,-1.177851894974348,-1.042512820865339,0.2744324511807092,-1.4254677989584081,-1.2583394588375707,-0.7394662468772634,-1.0631875327724392,-1.0161329645585022,0
-0.46546902347764374,-1.1099901739376037,-0.502969299721533,0.15117153748036208,-0.911310674287764,-1.177851894974348,0.06599664927436881,-0.3041918912684436,1.2029438423717405,-0.34097028968400567,-0.4814607612315388,-1.7973427295613766,0.9841231756854657,0
-0.2960199349169384,-1.1099901739376037,-0.502969299721533,-0.10859726917978148,-0.404365943111267,0.9048055324001227,0.06599664927436881,-1.461440576166749,1.0955247203761276,0.003043148748581378,-0.4814607612315388,-0.7853990799333818,0.9841231756854657,0
-0.46546902347764374,0.9009088760241706,-1.179024470547907,0.1601416075261376,-0.23538436605243465,-1.177851894974348,0.06599664927436881,-0.8828162337175963,0.001192415045823164,-0.34097028968400567,-0.7394662468772634,1.4170665104334308,-1.0161329645585022,0
-0.2960199349169384,-1.1099901739376037,-1.179024470547907,-0.14774657136900246,0.4405419421828948,-1.177851894974348,0.8577891279455886,0.2744324511807092,0.001192415045823164,0.8057411717579506,-0.7394662468772634,0.5638591195706114,-1.0161329645585022,1
-0.8043672005990544,0.9009088760241706,-0.502969299721533,0.15368252539810556,-0.911310674287764,-1.177851894974348,1.2536853672811985,-1.461440576166749,0.001192415045823164,0.6910700256137552,-0.997471732522988,0.2463866020402601,-1.0161329645585022,0
-0.2960199349169384,0.9009088760241706,0.8491410419312149,0.14941858365099397,-0.5733475201700994,-1.177851894974348,-1.327558113186978,-0.3041918912684436,0.7430557263280237,-1.487681751125962,-0.4814607612315388,-1.102871597463733,-1.0161329645585022,0
-0.634918112038349,0.9009088760241706,1.5251962127575889,-0.10894470147028687,-0.404365943111267,0.9048055324001227,0.06599664927436881,-0.8828162337175963,1.9750187817152072,0.003043148748581378,-0.4814607612315388,0.20670253734896618,0.9841231756854657,0
-0.8043672005990544,0.9009088760241706,-1.179024470547907,0.15788329763785255,-0.06640278899360229,-1.177851894974348,1.6495816066168083,1.4316811360790147,0.15896425047687956,0.9204123179021463,-0.4814607612315388,-1.7775006972157297,0.9841231756854657,0
-0.2960199349169384,-1.1099901739376037,-0.502969299721533,-0.11000279071864419,-0.404365943111267,0.9048055324001227,0.06599664927436881,0.853056793629862,0.8336906105118219,0.003043148748581378,-0.7394662468772634,1.0400678958661385,0.9841231756854657,0
-0.9738162891597597,0.9009088760241706,-1.179024470547907,-0.11115563422804843,-0.911310674287764,0.9048055324001227,0.06599664927436881,0.853056793629862,-1.6839450612603513,0.003043148748581378,-0.997471732522988,0.10749237562073138,0.9841231756854657,0
-0.8043672005990544,-1.1099901739376037,-1.179024470547907,0.15063459666776283,-0.7423290972289317,-1.177851894974348,0.38271364074285674,-0.8828162337175963,0.19253272610050842,-0.11162799739561437,-0.997471732522988,0.2463866020402601,0.9841231756854657,0
-0.634918112038349,-1.1099901739376037,0.8491410419312149,-0.11147148176487151,-0.7423290972289317,0.9048055324001227,0.06599664927436881,0.2744324511807092,-1.1804179269059165,0.003043148748581378,-0.4814607612315388,-0.6663468858595001,0.9841231756854657,0
-0.46546902347764374,0.9009088760241706,-0.502969299721533,-0.21912811469101892,-0.911310674287764,0.9048055324001227,0.06599664927436881,-0.3041918912684436,1.417782086362966,0.1177142948927768,-0.4814607612315388,0.20670253734896618,-1.0161329645585022,1
-0.634918112038349,-1.1099901739376037,-0.502969299721533,0.15740952633261793,-0.911310674287764,-1.177851894974348,-0.7257958293968509,0.2744324511807092,0.4040141225293712,-0.9143260204049839,-0.997471732522988,-0.13061201252703214,-1.0161329645585022,0
-0.634918112038349,-1.1099901739376037,0.8491410419312149,-0.22124429318773356,-0.5733475201700994,0.9048055324001227,0.06599664927436881,0.853056793629862,-0.21364582894540246,0.1177142948927768,-0.997471732522988,-1.8767108589439645,-1.0161329645585022,1
-0.9738162891597597,0.9009088760241706,-1.179024470547907,0.15630405995373714,-0.7423290972289317,-1.177851894974348,0.38271364074285674,-0.8828162337175963,0.001192415045823164,-0.11162799739561437,-0.4814607612315388,1.5559607368529593,-1.0161329645585022,0
-0.9738162891597597,-1.1099901739376037,0.8491410419312149,0.15609875905480214,-0.911310674287764,0.21058638994196582,-1.042512820865339,0.2744324511807092,-1.4993184453303918,-1.2583394588375707,-0.4814607612315388,-0.8449251769703227,0.9841231756854657,0
-0.634918112038349,0.9009088760241706,1.5251962127575889,0.15379307203599366,-0.23538436605243465,0.21058638994196582,-0.7257958293968509,-0.8828162337175963,1.0351014642535956,-0.9143260204049839,-0.4814607612315388,0.6035431842619053,0.9841231756854657,0
-0.634918112038349,-1.1099901739376037,1.5251962127575889,-0.10742863329353607,-0.911310674287764,0.9048055324001227,0.06599664927436881,0.2744324511807092,-1.4993184453303918,0.003043148748581378,-0.997471732522988,-1.182239726846321,0.9841231756854657,0
-0.46546902347764374,-1.1099901739376037,-1.179024470547907,-0.10619682789992606,-0.404365943111267,0.9048055324001227,0.06599664927436881,0.853056793629862,0.001192415045823164,0.003043148748581378,-0.4814607612315388,0.38528082845978884,0.9841231756854657,0
-1.143265377720465,0.9009088760241706,0.8491410419312149,0.04289900185740966,-0.911310674287764,-1.177851894974348,1.2536853672811985,-1.461440576166749,2.0757242085860943,0.8057411717579506,-0.4814607612315388,-0.07108591549009124,-1.0161329645585022,1
-0.8043672005990544,0.9009088760241706,-0.502969299721533,0.15633564470741945,-0.911310674287764,-1.177851894974348,1.1745061194140765,1.4316811360790147,0.0851136041048956,0.5763988794695595,-0.4814607612315388,-0.5076106270943244,0.9841231756854657,0
-0.9738162891597597,-1.1099901739376037,-1.179024470547907,-0.21819636445739082,-0.911310674287764,0.9048055324001227,0.06599664927436881,1.4316811360790147,1.6594751108530943,0.1177142948927768,-0.4814607612315388,-0.03140185079879733,-1.0161329645585022,1
-0.9738162891597597,0.9009088760241706,-0.502969299721533,0.1638528160838088,-0.7423290972289317,-1.177851894974348,0.30353439287573475,0.2744324511807092,-0.34120603631519225,-0.11162799739561437,-0.7394662468772634,0.5638591195706114,-1.0161329645585022,0
-0.8043672005990544,0.9009088760241706,0.8491410419312149,-0.22283932324869013,-0.911310674287764,0.9048055324001227,0.06599664927436881,-0.8828162337175963,2.3241309282009484,0.1177142948927768,-0.4814607612315388,-0.20998014190961997,-1.0161329645585022,1
-0.634918112038349,-1.1099901739376037,1.5251962127575889,0.16304740486490993,-0.911310674287764,0.21058638994196582,2.4413740852880284,1.4316811360790147,0.001192415045823164,1.6084391947673204,-0.4814607612315388,-2.650550120424196,0.9841231756854657,0
-0.2960199349169384,0.9009088760241706,1.5251962127575889,0.16118390439765376,-0.23538436605243465,-1.177851894974348,0.8577891279455886,-1.461440576166749,-1.4993184453303918,0.3470565871811683,-0.4814607612315388,-1.5592383414136133,0.9841231756854657,0
-0.9738162891597597,0.9009088760241706,0.8491410419312149,0.04968972389910592,-0.5733475201700994,-1.177851894974348,0.06599664927436881,-1.461440576166749,1.6594751108530943,-0.2262991435398101,-0.4814607612315388,-1.5790803737592602,-1.0161329645585022,1
-0.8043672005990544,-1.1099901739376037,1.5251962127575889,0.1648161510711192,-0.7423290972289317,-1.177851894974348,-0.7257958293968509,0.853056793629862,0.001192415045823164,-0.9143260204049839,-0.7394662468772634,1.1988041546313142,-1.0161329645585022,0
-0.634918112038349,-1.1099901739376037,-0.502969299721533,0.1670112914520396,-0.5733475201700994,-1.177851894974348,-0.8841543251310949,-0.8828162337175963,0.001192415045823164,-1.143668312693375,-0.997471732522988,0.8416475724096689,-1.0161329645585022,0
-0.9738162891597597,-1.1099901739376037,0.8491410419312149,0.16099439587555991,-0.7423290972289317,-1.177851894974348,-0.2507203421941191,1.4316811360790147,1.6628319584154578,-0.570312581972397,-0.7394662468772634,0.14717644031202531,0.9841231756854657,0
-0.8043672005990544,0.9009088760241706,0.8491410419312149,-0.10837617590400532,-0.911310674287764,0.9048055324001227,0.06599664927436881,-1.461440576166749,-1.2979075915886182,0.003043148748581378,-0.997471732522988,-1.6981325678331418,0.9841231756854657,0
-0.8043672005990544,-1.1099901739376037,0.8491410419312149,0.05265869074524289,-0.911310674287764,-1.177851894974348,0.034324950127520015,0.853056793629862,1.286865031430813,-0.2262991435398101,-0.997471732522988,-0.8052411122790287,-1.0161329645585022,1
-0.46546902347764374,0.9009088760241706,-0.502969299721533,-0.10956060416709187,-0.7423290972289317,0.9048055324001227,0.06599664927436881,-0.3041918912684436,-1.2979075915886182,0.003043148748581378,-0.4814607612315388,-1.6187644384505542,0.9841231756854657,0
-0.2960199349169384,-1.1099901739376037,0.8491410419312149,0.16647435063944038,0.10257878806523006,-1.177851894974348,-0.2507203421941191,-1.461440576166749,-0.37813135950118393,-0.570312581972397,-0.7394662468772634,0.12733440796637835,-1.0161329645585022,0
-0.8043672005990544,0.9009088760241706,0.8491410419312149,-0.10651267543674914,-0.911310674287764,0.9048055324001227,0.06599664927436881,1.4316811360790147,-0.37813135950118393,0.003043148748581378,-0.4814607612315388,-1.2219237915376149,0.9841231756854657,0
-0.634918112038349,-1.1099901739376037,0.8491410419312149,-0.11308230420266924,-0.23538436605243465,0.9048055324001227,0.06599664927436881,0.2744324511807092,0.5785701957722418,0.003043148748581378,-0.997471732522988,0.9805417988291976,0.9841231756854657,0
-0.2960199349169384,0.9009088760241706,0.8491410419312149,0.05022666471170516,-0.06640278899360229,-1.177851894974348,-0.8841543251310949,-0.8828162337175963,1.0787404825643134,-1.0289971665491795,-0.997471732522988,0.22654456969461315,-1.0161329645585022,1
-0.9738162891597597,0.9009088760241706,-1.179024470547907,-0.1054545861883918,-0.911310674287764,0.9048055324001227,0.06599664927436881,0.2744324511807092,0.04483143335654109,0.003043148748581378,-0.4814607612315388,0.32575473142284794,0.9841231756854657,0
-1.143265377720465,0.9009088760241706,0.8491410419312149,-0.1071443705103953,-0.911310674287764,0.9048055324001227,0.06599664927436881,-0.8828162337175963,0.3939435798422821,0.003043148748581378,-0.997471732522988,0.4448069254967297,-1.0161329645585022,0
-0.46546902347764374,0.9009088760241706,-1.179024470547907,-0.13481261473609726,-0.7423290972289317,-1.177851894974348,-0.6782882806765778,0.2744324511807092,2.988786745548802,-0.7996548742607882,-0.997471732522988,-1.12271362980938,-1.0161329645585022,1
-0.46546902347764374,-1.1099901739376037,-1.179024470547907,0.17185955114227391,0.2715603651240624,-1.177851894974348,-0.8841543251310949,-1.461440576166749,-0.12972463988633004,-1.143668312693375,-0.997471732522988,0.4249648931510827,0.9841231756854657,0
-0.634918112038349,0.9009088760241706,-0.502969299721533,0.17189113589595623,-0.911310674287764,-1.177851894974348,0.38271364074285674,-0.8828162337175963,-1.8752853723150364,-0.11162799739561437,-0.4814607612315388,-0.7258729828964409,0.9841231756854657,0
-0.634918112038349,-1.1099901739376037,-1.179024470547907,0.17015397444342928,-0.7423290972289317,-1.177851894974348,1.6099919826832474,1.4316811360790147,0.03811773823181484,0.9204123179021463,-0.7394662468772634,-0.011559818453150373,0.9841231756854657,0
-0.8043672005990544,0.9009088760241706,0.8491410419312149,0.17239649195487317,-0.23538436605243465,-1.177851894974348,0.23227306979532497,-1.461440576166749,-0.21364582894540246,-0.2262991435398101,-0.7394662468772634,0.028124246238143545,-1.0161329645585022,0
-1.143265377720465,0.9009088760241706,1.5251962127575889,-0.1065284678135903,-0.911310674287764,0.9048055324001227,0.06599664927436881,0.2744324511807092,0.3939435798422821,0.003043148748581378,-0.997471732522988,-1.5393963090679663,0.9841231756854657,0
-0.8043672005990544,-1.1099901739376037,0.8491410419312149,-0.10747601042405953,-0.5733475201700994,0.9048055324001227,0.06599664927436881,-0.8828162337175963,0.001192415045823164,0.003043148748581378,-0.997471732522988,-1.5195542767223194,-1.0161329645585022,0
-0.8043672005990544,-1.1099901739376037,-0.502969299721533,-0.22688217172002556,-0.911310674287764,0.9048055324001227,0.06599664927436881,-0.8828162337175963,1.1458774338115711,0.1177142948927768,-0.7394662468772634,0.821805540064022,-1.0161329645585022,1
-1.143265377720465,0.9009088760241706,0.8491410419312149,0.17151211885176854,-0.911310674287764,-1.177851894974348,-0.17154109432699713,0.853056793629862,-1.2979075915886182,-0.570312581972397,-0.997471732522988,-0.190138109563973,0.9841231756854657,0
-0.634918112038349,0.9009088760241706,0.8491410419312149,0.17800278573348285,-0.5733475201700994,-1.177851894974348,1.3803721638685937,1.4316811360790147,-0.005521280078902488,0.6910700256137552,-0.997471732522988,-0.6266628211682062,0.9841231756854657,0
-0.634918112038349,0.9009088760241706,-0.502969299721533,0.1725228309696024,-0.5733475201700994,-1.177851894974348,-0.963333572998217,1.4316811360790147,-1.5496711587658354,-1.143668312693375,-0.997471732522988,0.4448069254967297,0.9841231756854657,0
-0.634918112038349,0.9009088760241706,-1.179024470547907,-0.22234975956661435,-0.23538436605243465,0.9048055324001227,0.06599664927436881,-1.461440576166749,1.0418151593783211,0.1177142948927768,-0.4814607612315388,0.5837011519162584,-1.0161329645585022,1
-0.9738162891597597,0.9009088760241706,-1.179024470547907,-0.22571353583378018,-0.911310674287764,0.9048055324001227,0.06599664927436881,-0.8828162337175963,0.9343960373827085,0.1177142948927768,-0.4814607612315388,0.6630692812988462,-1.0161329645585022,1
-0.634918112038349,-1.1099901739376037,0.8491410419312149,-0.10884994720923993,-0.911310674287764,0.9048055324001227,0.06599664927436881,1.4316811360790147,-0.5661148229935064,0.003043148748581378,-0.997471732522988,-0.6465048535138531,0.9841231756854657,0
-0.8043672005990544,0.9009088760241706,-0.502969299721533,0.17154370360545085,-0.23538436605243465,-1.177851894974348,3.5221708186742435,-0.8828162337175963,-1.0427871768490378,2.411137217776689,-0.997471732522988,-1.8171847619070236,0.9841231756854657,0
-0.8043672005990544,-1.1099901739376037,0.8491410419312149,-0.22276036136448435,-0.23538436605243465,0.9048055324001227,0.06599664927436881,0.853056793629862,1.0418151593783211,0.1177142948927768,-0.997471732522988,-0.6266628211682062,-1.0161329645585022,1
-0.46546902347764374,0.9009088760241706,-1.179024470547907,-0.11155044364907729,-0.7423290972289317,0.9048055324001227,0.06599664927436881,-0.3041918912684436,0.3637319517810161,0.003043148748581378,-0.997471732522988,0.4844909901880236,0.9841231756854657,0
-0.9738162891597597,-1.1099901739376037,0.8491410419312149,-0.22108636941932203,-0.911310674287764,0.9048055324001227,0.06599664927436881,0.2744324511807092,0.790051592201104,0.1177142948927768,-0.7394662468772634,-0.09092794783573821,-1.0161329645585022,1
-0.8043672005990544,-1.1099901739376037,-1.179024470547907,-0.21701193619430426,-0.7423290972289317,0.9048055324001227,0.06599664927436881,-0.8828162337175963,0.8941138666343539,0.1177142948927768,-0.7394662468772634,0.7424374106814341,-1.0161329645585022,1
-0.46546902347764374,0.9009088760241706,-0.502969299721533,0.17519174265575743,0.10257878806523006,-1.177851894974348,-0.7574675285436998,0.2744324511807092,1.4312094766124175,-1.0289971665491795,-0.7394662468772634,-0.5671367241312653,0.9841231756854657,0
-0.8043672005990544,0.9009088760241706,-0.502969299721533,0.17495485700314012,-0.911310674287764,0.21058638994196582,2.2830155895537843,1.4316811360790147,-1.0427871768490378,1.379096902478929,-0.7394662468772634,-0.190138109563973,0.9841231756854657,0
-0.8043672005990544,-1.1099901739376037,-1.179024470547907,0.1744810856979055,-0.911310674287764,-1.177851894974348,-0.6624524311031534,1.4316811360790147,0.5651428055227898,-0.9143260204049839,-0.997471732522988,-1.0235034680811452,0.9841231756854657,0
-0.634918112038349,-1.1099901739376037,-0.502969299721533,-0.09746364350676784,-0.7423290972289317,0.9048055324001227,0.06599664927436881,-0.3041918912684436,-1.173704231781191,0.003043148748581378,-0.997471732522988,-0.09092794783573821,-1.0161329645585022,0
-0.2960199349169384,0.9009088760241706,-0.502969299721533,0.17302818702851933,-0.404365943111267,-1.177851894974348,-0.7257958293968509,1.4316811360790147,-0.3680608168140954,-0.9143260204049839,-0.7394662468772634,1.0400678958661385,-1.0161329645585022,0
-0.9738162891597597,0.9009088760241706,0.8491410419312149,-0.08078689356250914,-0.911310674287764,0.9048055324001227,0.06599664927436881,0.2744324511807092,1.0787404825643134,-0.11162799739561437,-0.997471732522988,-0.20998014190961997,0.9841231756854657,0
-0.8043672005990544,0.9009088760241706,-0.502969299721533,-0.06644741539074123,-0.7423290972289317,0.9048055324001227,0.06599664927436881,-0.8828162337175963,0.8336906105118219,-0.11162799739561437,-0.4814607612315388,0.7622794430270811,0.9841231756854657,0
-0.8043672005990544,-1.1099901739376037,0.8491410419312149,0.17456004758211127,-0.911310674287764,-1.177851894974348,0.0976683484212176,0.853056793629862,-1.6705176710108995,-0.34097028968400567,-0.997471732522988,-0.30919030363785477,0.9841231756854657,0
-0.8043672005990544,0.9009088760241706,0.8491410419312149,-0.071958954908304,-0.7423290972289317,0.9048055324001227,0.06599664927436881,0.2744324511807092,1.0955247203761276,-0.11162799739561437,-0.7394662468772634,0.4249648931510827,0.9841231756854657,0
-0.2960199349169384,0.9009088760241706,1.5251962127575889,-0.1825371775500649,-0.5733475201700994,0.9048055324001227,0.06599664927436881,-0.3041918912684436,0.5651428055227898,0.1177142948927768,-0.997471732522988,0.028124246238143545,-1.0161329645585022,1
-0.2960199349169384,-1.1099901739376037,-0.502969299721533,0.16961703363083003,0.10257878806523006,-1.177851894974348,-0.4882580857954851,-1.461440576166749,-0.707102420612748,-0.7996548742607882,-0.4814607612315388,0.3455967637684949,0.9841231756854657,0
-0.9738162891597597,-1.1099901739376037,0.8491410419312149,0.05889667959749875,-0.404365943111267,-1.177851894974348,0.8577891279455886,0.853056793629862,-0.11965409719924096,0.4617277333253637,-0.4814607612315388,0.821805540064022,-1.0161329645585022,1
-0.2960199349169384,0.9009088760241706,1.5251962127575889,0.17479693323472859,-0.5733475201700994,-1.177851894974348,0.06599664927436881,0.853056793629862,0.8336906105118219,-0.34097028968400567,-0.4814607612315388,0.6829113136444932,0.9841231756854657,0
-0.9738162891597597,-1.1099901739376037,0.8491410419312149,-0.42441322124918085,-0.404365943111267,0.9048055324001227,-0.8841543251310949,-0.8828162337175963,0.03476089066945202,-0.6849837281165926,-0.997471732522988,-0.5869787564769122,-1.0161329645585022,0
-0.8043672005990544,0.9009088760241706,-0.502969299721533,0.1725544157232847,-0.911310674287764,0.21058638994196582,-0.7257958293968509,-0.8828162337175963,1.223084927745918,-0.9143260204049839,-0.4814607612315388,-0.24966420660091387,0.9841231756854657,0
-0.634918112038349,-1.1099901739376037,-0.502969299721533,-0.4103422134837126,-0.404365943111267,0.9048055324001227,-0.8841543251310949,-0.8828162337175963,-0.7742393718600064,-0.7996548742607882,-0.997471732522988,0.4844909901880236,0.9841231756854657,0
-0.8043672005990544,-1.1099901739376037,-1.179024470547907,0.17339141169586586,-0.23538436605243465,-1.177851894974348,0.38271364074285674,1.4316811360790147,-0.3680608168140954,-0.11162799739561437,-0.997471732522988,0.3455967637684949,-1.0161329645585022,0
-0.634918112038349,-1.1099901739376037,-0.502969299721533,0.17277550899906086,-0.5733475201700994,-1.177851894974348,0.24414995697539327,0.853056793629862,0.8336906105118219,-0.2262991435398101,-0.4814607612315388,-2.194183376474316,0.9841231756854657,0
-0.46546902347764374,-1.1099901739376037,0.8491410419312149,0.17724475164510747,-0.911310674287764,-1.177851894974348,-0.2507203421941191,1.4316811360790147,1.7736079279734327,-0.570312581972397,-0.7394662468772634,0.8614896047553159,-1.0161329645585022,0
-0.9738162891597597,-1.1099901739376037,-1.179024470547907,-0.402288101294724,-0.7423290972289317,0.9048055324001227,-0.8841543251310949,-0.8828162337175963,1.0015329886299666,-0.7996548742607882,-0.7394662468772634,0.9210157017922567,0.9841231756854657,0
-0.9738162891597597,-1.1099901739376037,-0.502969299721533,-0.39815049856234164,-0.7423290972289317,0.9048055324001227,-0.8841543251310949,0.853056793629862,-1.0427871768490378,-0.7996548742607882,-0.997471732522988,0.9606997664835506,-1.0161329645585022,0
-0.634918112038349,0.9009088760241706,-0.502969299721533,0.17765535344297748,-0.404365943111267,-1.177851894974348,0.952804225386135,1.4316811360790147,0.001192415045823164,0.3470565871811683,-0.4814607612315388,0.4249648931510827,0.9841231756854657,0
-1.143265377720465,0.9009088760241706,0.8491410419312149,-0.3937918025541831,-0.911310674287764,0.9048055324001227,-0.8841543251310949,0.2744324511807092,-1.0427871768490378,-0.7996548742607882,-0.7394662468772634,-0.6663468858595001,-1.0161329645585022,0
-0.46546902347764374,0.9009088760241706,0.8491410419312149,0.17473376372736396,-0.404365943111267,-1.177851894974348,2.2830155895537843,1.4316811360790147,-0.3680608168140954,1.379096902478929,-0.997471732522988,0.14717644031202531,0.9841231756854657,0
-0.9738162891597597,0.9009088760241706,-0.502969299721533,0.17702365836933132,-0.7423290972289317,-1.177851894974348,0.8498712031588764,-0.8828162337175963,-0.3680608168140954,0.23238544103697253,-0.4814607612315388,-1.2814498885745558,0.9841231756854657,0
-0.634918112038349,-1.1099901739376037,-1.179024470547907,0.17823967138610017,-0.06640278899360229,-1.177851894974348,1.0161476236798326,1.4316811360790147,0.4745079213389917,0.4617277333253637,-0.997471732522988,1.0202258635204915,0.9841231756854657,0
-0.9738162891597597,-1.1099901739376037,0.8491410419312149,0.17958202341759827,-0.404365943111267,-1.177851894974348,0.8577891279455886,0.2744324511807092,1.0955247203761276,0.23238544103697253,-0.997471732522988,0.5241750548793175,0.9841231756854657,0
-0.634918112038349,0.9009088760241706,-0.502969299721533,-0.5094709629156368,-0.404365943111267,0.9048055324001227,-0.8841543251310949,-1.461440576166749,0.001192415045823164,-0.6849837281165926,-0.4814607612315388,0.6035431842619053,-1.0161329645585022,1
-0.46546902347764374,-1.1099901739376037,-0.502969299721533,0.1722385681864616,-0.23538436605243465,-1.177851894974348,-0.3774071387815143,-0.3041918912684436,0.001192415045823164,-0.6849837281165926,-0.4814607612315388,-0.17029607721832604,0.9841231756854657,0
-1.143265377720465,0.9009088760241706,0.8491410419312149,-0.3973608797202839,-0.911310674287764,0.9048055324001227,-0.8841543251310949,1.4316811360790147,0.6255660616453219,-0.7996548742607882,-0.997471732522988,-0.22982217425526694,-1.0161329645585022,0
-0.46546902347764374,-1.1099901739376037,-1.179024470547907,-0.3937128406699773,-0.404365943111267,0.9048055324001227,-0.8841543251310949,0.2744324511807092,0.9377528849450718,-0.7996548742607882,-0.4814607612315388,0.3654387961141419,0.9841231756854657,0
-0.9738162891597597,0.9009088760241706,-0.502969299721533,-0.3947867222951758,-0.7423290972289317,0.9048055324001227,-0.8841543251310949,-0.8828162337175963,0.6624913848313142,-0.7996548742607882,-0.7394662468772634,-0.11076998018138517,-1.0161329645585022,0
-0.2960199349169384,0.9009088760241706,0.8491410419312149,0.0658611177844477,-0.911310674287764,-1.177851894974348,0.7627740305050422,0.853056793629862,-0.11965409719924096,0.3470565871811683,-0.7394662468772634,-1.102871597463733,-1.0161329645585022,1
-0.8043672005990544,0.9009088760241706,-0.502969299721533,-0.39439191287414693,-0.7423290972289317,0.9048055324001227,-0.8841543251310949,1.4316811360790147,1.7836784706605218,-0.7996548742607882,-0.997471732522988,-0.6068207888225592,0.9841231756854657,0
-0.634918112038349,-1.1099901739376037,-0.502969299721533,0.1788081969523817,-0.911310674287764,-1.177851894974348,-0.4090788379283631,-1.461440576166749,-1.0427871768490378,-0.6849837281165926,-0.4814607612315388,0.8416475724096689,0.9841231756854657,0
-0.634918112038349,-1.1099901739376037,-0.502969299721533,-0.39447087475835274,-0.7423290972289317,0.9048055324001227,-0.8841543251310949,0.853056793629862,0.7464125738903866,-0.7996548742607882,-0.7394662468772634,0.9408577341379036,0.9841231756854657,0
-0.8043672005990544,0.9009088760241706,0.8491410419312149,0.17498644175682243,-0.911310674287764,-1.177851894974348,0.7627740305050422,1.4316811360790147,-1.6705176710108995,0.23238544103697253,-0.4814607612315388,0.7424374106814341,0.9841231756854657,0
-0.8043672005990544,-1.1099901739376037,-1.179024470547907,0.17615507764306784,-0.7423290972289317,-1.177851894974348,0.6994306322113446,0.2744324511807092,-0.11965409719924096,0.1177142948927768,-0.7394662468772634,0.821805540064022,0.9841231756854657,0
-0.8043672005990544,0.9009088760241706,0.8491410419312149,-0.39546579449934544,-0.7423290972289317,0.9048055324001227,-0.8841543251310949,-0.8828162337175963,1.327147202179168,-0.7996548742607882,-0.4814607612315388,1.0995939929030794,0.9841231756854657,0
-0.46546902347764374,-1.1099901739376037,-0.502969299721533,-0.5054754915748247,-0.23538436605243465,0.9048055324001227,-0.8841543251310949,-0.3041918912684436,2.2603508245160526,-0.6849837281165926,-0.997471732522988,0.4249648931510827,-1.0161329645585022,1
-0.634918112038349,0.9009088760241706,1.5251962127575889,0.17501802651050474,-0.5733475201700994,-1.177851894974348,-0.2507203421941191,-0.8828162337175963,1.7736079279734327,-0.570312581972397,-0.4814607612315388,-0.5274526594399713,-1.0161329645585022,0
-0.2960199349169384,-1.1099901739376037,-0.502969299721533,0.1750022341336636,0.10257878806523006,0.21058638994196582,-0.052772222526314166,0.2744324511807092,0.5651428055227898,-0.45564143582820127,-0.4814607612315388,-1.7378166325244357,0.9841231756854657,0
-0.634918112038349,0.9009088760241706,0.8491410419312149,-0.39137556889748654,-0.23538436605243465,0.9048055324001227,-0.8841543251310949,0.2744324511807092,0.27645391515958084,-0.7996548742607882,-0.997471732522988,-0.24966420660091387,0.9841231756854657,0
-0.8043672005990544,0.9009088760241706,-1.179024470547907,0.17534966642416897,-0.7423290972289317,0.21058638994196582,1.8079401023510524,0.853056793629862,0.4745079213389917,1.035083464046342,-0.997471732522988,0.4448069254967297,0.9841231756854657,0
-1.143265377720465,0.9009088760241706,1.5251962127575889,-0.3918651325795623,-0.7423290972289317,0.9048055324001227,-0.8841543251310949,-0.8828162337175963,0.001192415045823164,-0.7996548742607882,-0.7394662468772634,0.6829113136444932,-1.0161329645585022,0
-0.9738162891597597,-1.1099901739376037,-0.502969299721533,-0.39627120571824426,-0.23538436605243465,0.9048055324001227,-0.8841543251310949,-1.461440576166749,0.001192415045823164,-0.7996548742607882,-0.4814607612315388,1.5162766721616654,-1.0161329645585022,0
-0.46546902347764374,-1.1099901739376037,-0.502969299721533,0.1730755641590428,-0.404365943111267,-1.177851894974348,0.38271364074285674,-0.3041918912684436,0.8336906105118219,-0.11162799739561437,-0.4814607612315388,-2.1743413441286688,0.9841231756854657,0
-0.2960199349169384,-1.1099901739376037,-1.179024470547907,-0.396444921863497,-0.23538436605243465,0.9048055324001227,-0.8841543251310949,-1.461440576166749,0.4040141225293712,-0.7996548742607882,-0.7394662468772634,-1.102871597463733,0.9841231756854657,0
-0.634918112038349,0.9009088760241706,-0.502969299721533,0.17402310676951202,-0.23538436605243465,-1.177851894974348,0.8577891279455886,-0.3041918912684436,-1.6705176710108995,0.23238544103697253,-0.997471732522988,-0.4282424977117365,0.9841231756854657,0
-0.8043672005990544,0.9009088760241706,-0.502969299721533,0.1748285179884109,-0.5733475201700994,-1.177851894974348,0.38271364074285674,1.4316811360790147,-1.173704231781191,-0.11162799739561437,-0.7394662468772634,1.0202258635204915,0.9841231756854657,0
-0.9738162891597597,-1.1099901739376037,1.5251962127575889,0.17364408972532433,-0.911310674287764,-1.177851894974348,0.8300763911920959,-0.8828162337175963,0.5651428055227898,0.23238544103697253,-0.7394662468772634,0.6035431842619053,0.9841231756854657,0
-0.634918112038349,0.9009088760241706,0.8491410419312149,-0.07080611139889975,-0.5733475201700994,0.9048055324001227,0.06599664927436881,-0.3041918912684436,0.8336906105118219,-0.11162799739561437,-0.7394662468772634,-1.142555662155027,0.9841231756854657,0
-0.9738162891597597,-1.1099901739376037,-0.502969299721533,0.17576026822203897,-0.911310674287764,-1.177851894974348,-0.22696656783398253,0.2744324511807092,-1.173704231781191,-0.570312581972397,-0.4814607612315388,-0.3488743683291487,0.9841231756854657,0
-0.8043672005990544,-1.1099901739376037,-1.179024470547907,-0.0706166028768059,-0.911310674287764,0.9048055324001227,0.06599664927436881,-1.461440576166749,-0.6936750303632967,-0.11162799739561437,-0.997471732522988,1.0003838311748445,-1.0161329645585022,0
-0.8043672005990544,-1.1099901739376037,1.5251962127575889,0.17146474172124507,-0.404365943111267,-1.177851894974348,1.031983473253257,-0.8828162337175963,-1.0427871768490378,0.4617277333253637,-0.7394662468772634,1.5758027691986063,0.9841231756854657,0
-0.9738162891597597,0.9009088760241706,-0.502969299721533,-0.07702830787431446,-0.911310674287764,0.9048055324001227,0.06599664927436881,-1.461440576166749,0.001192415045823164,-0.11162799739561437,-0.4814607612315388,-0.03140185079879733,-1.0161329645585022,0
-0.9738162891597597,0.9009088760241706,1.5251962127575889,0.06560843975498924,-0.911310674287764,-1.177851894974348,1.1745061194140765,-0.8828162337175963,1.4312094766124175,0.6910700256137552,-0.7394662468772634,1.0797519605574324,-1.0161329645585022,1
-0.2960199349169384,0.9009088760241706,-1.179024470547907,-0.07121671319676975,-0.23538436605243465,0.9048055324001227,0.06599664927436881,-1.461440576166749,0.0851136041048956,-0.11162799739561437,-0.997471732522988,-1.8370267942526706,0.9841231756854657,0
-0.634918112038349,0.9009088760241706,-0.502969299721533,0.17580764535256244,-0.404365943111267,-1.177851894974348,1.0161476236798326,1.4316811360790147,-1.4724636648314886,0.4617277333253637,-0.997471732522988,0.821805540064022,0.9841231756854657,0
-0.9738162891597597,-1.1099901739376037,-1.179024470547907,-0.06096746062686075,-0.7423290972289317,0.9048055324001227,0.06599664927436881,-0.8828162337175963,0.001192415045823164,-0.11162799739561437,-0.997471732522988,0.5638591195706114,0.9841231756854657,0
-0.9738162891597597,-1.1099901739376037,1.5251962127575889,-0.06347844854460426,-0.7423290972289317,0.9048055324001227,0.06599664927436881,-0.8828162337175963,-0.005521280078902488,-0.11162799739561437,-0.997471732522988,0.7424374106814341,-1.0161329645585022,0
-0.46546902347764374,-1.1099901739376037,0.8491410419312149,-0.062088719382582695,-0.5733475201700994,0.9048055324001227,0.06599664927436881,-0.8828162337175963,-0.6936750303632967,-0.11162799739561437,-0.997471732522988,0.16701847265767225,0.9841231756854657,0
-0.8043672005990544,-1.1099901739376037,-1.179024470547907,0.1742757847989705,-0.7423290972289317,-1.177851894974348,-0.7257958293968509,-0.8828162337175963,-1.6705176710108995,-1.0289971665491795,-0.4814607612315388,0.305912699077201,0.9841231756854657,0
-0.8043672005990544,-1.1099901739376037,-1.179024470547907,-0.06185183372996538,-0.911310674287764,0.9048055324001227,0.06599664927436881,-1.461440576166749,0.6255660616453219,-0.11162799739561437,-0.4814607612315388,0.286070666731554,0.9841231756854657,0
-0.46546902347764374,0.9009088760241706,0.8491410419312149,0.06456614288347307,-0.911310674287764,-1.177851894974348,-0.804975077263973,-0.8828162337175963,1.223084927745918,-1.0289971665491795,-0.997471732522988,-0.26950623894656084,-1.0161329645585022,1
-0.634918112038349,0.9009088760241706,0.8491410419312149,0.17775010770402438,-0.23538436605243465,-1.177851894974348,0.38271364074285674,-0.3041918912684436,0.8336906105118219,-0.11162799739561437,-0.4814607612315388,0.6035431842619053,-1.0161329645585022,0
-0.9738162891597597,-1.1099901739376037,-1.179024470547907,0.17365988210216549,-0.911310674287764,-1.177851894974348,2.91644957249076,1.4316811360790147,1.5486991412951188,1.952452633199907,-0.4814607612315388,0.10749237562073138,-1.0161329645585022,0
-0.2960199349169384,0.9009088760241706,0.8491410419312149,0.17335982694218355,-0.911310674287764,-1.177851894974348,0.8577891279455886,1.4316811360790147,-0.8447331706696268,0.3470565871811683,-0.7394662468772634,0.782121475372728,0.9841231756854657,0
-0.2960199349169384,-1.1099901739376037,-0.502969299721533,0.17359671259480086,-0.23538436605243465,0.21058638994196582,-0.4090788379283631,1.4316811360790147,-0.1397951825734185,-0.6849837281165926,-0.4814607612315388,-0.051243883144444294,0.9841231756854657,0
-1.143265377720465,-1.1099901739376037,-0.502969299721533,0.17459163233579358,-0.911310674287764,-1.177851894974348,-0.38928402596158257,-0.8828162337175963,-0.34120603631519225,-0.6849837281165926,-0.4814607612315388,-0.686188918205147,0.9841231756854657,0
-0.2960199349169384,0.9009088760241706,-1.179024470547907,0.1730755641590428,-0.06640278899360229,-1.177851894974348,-0.3774071387815143,-1.461440576166749,1.417782086362966,-0.6849837281165926,-0.4814607612315388,0.6035431842619053,0.9841231756854657,0
-0.634918112038349,-1.1099901739376037,0.8491410419312149,0.17332824218850124,-0.5733475201700994,-1.177851894974348,-0.17154109432699713,-0.8828162337175963,-1.3482603050240614,-0.570312581972397,-0.7394662468772634,-0.686188918205147,0.9841231756854657,0
-0.46546902347764374,-1.1099901739376037,0.8491410419312149,0.17457583995895243,-0.5733475201700994,0.21058638994196582,0.22435514500861276,0.2744324511807092,-0.8447331706696268,-0.2262991435398101,-0.7394662468772634,-0.6068207888225592,-1.0161329645585022,0
-0.46546902347764374,0.9009088760241706,-0.502969299721533,0.17470217897368165,-0.5733475201700994,-1.177851894974348,-0.5991090328094558,-0.8828162337175963,0.001192415045823164,-0.9143260204049839,-0.997471732522988,0.9210157017922567,-1.0161329645585022,0
-0.634918112038349,0.9009088760241706,1.5251962127575889,0.1728702632601078,-0.404365943111267,0.21058638994196582,3.2014948648123993,-0.3041918912684436,0.001192415045823164,2.1817949254882985,-0.4814607612315388,0.4844909901880236,-1.0161329645585022,0
-0.8043672005990544,-1.1099901739376037,-0.502969299721533,0.17636037854200284,-0.23538436605243465,-1.177851894974348,-0.8524826259842462,-1.461440576166749,-1.1804179269059165,-1.0289971665491795,-0.4814607612315388,-0.5869787564769122,0.9841231756854657,0
-0.2960199349169384,0.9009088760241706,-0.502969299721533,0.17437053906001743,-0.404365943111267,-1.177851894974348,-0.5080528977622656,0.2744324511807092,-1.6839450612603513,-0.7996548742607882,-0.7394662468772634,0.08765034327508442,-1.0161329645585022,0
-0.46546902347764374,0.9009088760241706,-0.502969299721533,0.16592161744999998,-0.7423290972289317,-1.177851894974348,0.8577891279455886,-1.461440576166749,-0.34120603631519225,0.3470565871811683,-0.4814607612315388,0.0479662785837905,0.9841231756854657,0
-1.143265377720465,0.9009088760241706,0.8491410419312149,0.17629720903463822,-0.911310674287764,-1.177851894974348,0.7192254441781252,1.4316811360790147,-0.005521280078902488,0.23238544103697253,-0.997471732522988,0.3654387961141419,0.9841231756854657,0
-0.2960199349169384,0.9009088760241706,1.5251962127575889,0.17178058925806816,0.10257878806523006,-1.177851894974348,-0.8841543251310949,-0.8828162337175963,0.665848232393677,-1.143668312693375,-0.997471732522988,1.0400678958661385,-1.0161329645585022,0
-0.8043672005990544,0.9009088760241706,-1.179024470547907,0.17865027318397017,-0.911310674287764,-1.177851894974348,-0.4090788379283631,0.853056793629862,-0.8447331706696268,-0.6849837281165926,-0.997471732522988,0.6432272489531993,-1.0161329645585022,0
-0.2960199349169384,0.9009088760241706,-0.502969299721533,0.17615507764306784,-0.23538436605243465,-1.177851894974348,0.4618928886099787,-0.3041918912684436,-1.6839450612603513,0.003043148748581378,-0.997471732522988,-0.8846092416616166,-1.0161329645585022,0
-0.46546902347764374,-1.1099901739376037,-1.179024470547907,-0.0201599588693186,-0.7423290972289317,0.9048055324001227,0.06599664927436881,-0.3041918912684436,-1.0495008719737637,-0.11162799739561437,-0.4814607612315388,-0.17029607721832604,-1.0161329645585022,0
-0.8043672005990544,-1.1099901739376037,-0.502969299721533,0.1728702632601078,-0.911310674287764,0.21058638994196582,-0.7257958293968509,0.853056793629862,-0.8447331706696268,-0.9143260204049839,-0.4814607612315388,0.008282213892496587,0.9841231756854657,0
-0.2960199349169384,-1.1099901739376037,-0.502969299721533,0.06137608276155994,-0.404365943111267,-1.177851894974348,-0.5357656345157582,-0.3041918912684436,1.6729025011025462,-0.7996548742607882,-0.997471732522988,-0.03140185079879733,-1.0161329645585022,1
-0.9738162891597597,0.9009088760241706,0.8491410419312149,0.0641397487087619,-0.911310674287764,-1.177851894974348,0.06599664927436881,-1.461440576166749,1.5486991412951188,-0.2262991435398101,-0.997471732522988,-1.142555662155027,-1.0161329645585022,1
-0.634918112038349,0.9009088760241706,0.8491410419312149,0.17397572963898855,-0.911310674287764,-1.177851894974348,0.25602684415546156,-1.461440576166749,1.0015329886299666,-0.2262991435398101,-0.4814607612315388,-0.7853990799333818,0.9841231756854657,0
-0.9738162891597597,0.9009088760241706,-1.179024470547907,0.1706909152560285,-0.7423290972289317,-1.177851894974348,0.22435514500861276,-0.8828162337175963,-1.8752853723150364,-0.2262991435398101,-0.997471732522988,0.3654387961141419,0.9841231756854657,0
-0.634918112038349,0.9009088760241706,-0.502969299721533,-0.01687514448635855,-0.7423290972289317,0.9048055324001227,0.06599664927436881,0.853056793629862,0.4745079213389917,-0.11162799739561437,-0.997471732522988,0.3654387961141419,-1.0161329645585022,0
-0.2960199349169384,0.9009088760241706,0.17308587110484092,0.17476534848104627,0.2715603651240624,-1.177851894974348,-0.4090788379283631,-0.3041918912684436,-1.3482603050240614,-0.6849837281165926,-0.997471732522988,-0.9838194033898514,0.9841231756854657,0
-0.2960199349169384,-1.1099901739376037,1.5251962127575889,-0.01169524488246001,-0.911310674287764,0.9048055324001227,0.06599664927436881,-0.3041918912684436,1.0955247203761276,-0.11162799739561437,-0.4814607612315388,-0.22982217425526694,0.9841231756854657,0
-0.8043672005990544,0.9009088760241706,0.8491410419312149,-0.016069733267459693,-0.911310674287764,0.9048055324001227,0.06599664927436881,-0.8828162337175963,0.16232109803924238,-0.11162799739561437,-0.4814607612315388,0.9408577341379036,0.9841231756854657,0
-0.634918112038349,0.9009088760241706,-0.502969299721533,0.17711841263037822,-0.911310674287764,-1.177851894974348,-0.2507203421941191,0.2744324511807092,1.417782086362966,-0.570312581972397,-0.7394662468772634,0.8614896047553159,0.9841231756854657,0
-1.143265377720465,0.9009088760241706,-1.179024470547907,-0.013969347147586198,-0.5733475201700994,0.9048055324001227,0.06599664927436881,-0.8828162337175963,-0.34120603631519225,-0.11162799739561437,-0.997471732522988,0.20670253734896618,0.9841231756854657,0
-0.2960199349169384,0.9009088760241706,-0.502969299721533,-0.014474703206503129,-0.404365943111267,0.9048055324001227,0.06599664927436881,0.853056793629862,-1.1233515183457474,-0.11162799739561437,-0.7394662468772634,1.8337491896920168,0.9841231756854657,0
-1.143265377720465,0.9009088760241706,-0.502969299721533,0.17746584492088363,-0.911310674287764,-1.177851894974348,-0.09236184645987515,0.853056793629862,-1.6839450612603513,-0.45564143582820127,-0.4814607612315388,-1.162397694500674,0.9841231756854657,0
-0.634918112038349,0.9009088760241706,-0.502969299721533,-0.01783847947366895,-0.404365943111267,0.9048055324001227,0.06599664927436881,-0.3041918912684436,1.5587696839822078,-0.11162799739561437,-0.4814607612315388,0.4844909901880236,-1.0161329645585022,0
-0.9738162891597597,0.9009088760241706,1.5251962127575889,-0.01289546552238772,-0.911310674287764,0.9048055324001227,0.06599664927436881,-1.461440576166749,-0.33784918875282943,-0.11162799739561437,-0.997471732522988,-0.8250831446246757,0.9841231756854657,0
-0.2960199349169384,0.9009088760241706,-0.502969299721533,0.17770273057350092,-0.404365943111267,-1.177851894974348,0.5410721364771007,0.2744324511807092,-1.3482603050240614,0.003043148748581378,-0.997471732522988,-0.26950623894656084,0.9841231756854657,0
-0.2960199349169384,-1.1099901739376037,0.8491410419312149,0.17280709375274317,0.10257878806523006,-1.177851894974348,-0.963333572998217,1.4316811360790147,0.665848232393677,-1.143668312693375,-0.7394662468772634,-0.8846092416616166,-1.0161329645585022,0
-0.634918112038349,-1.1099901739376037,0.8491410419312149,0.17050140673393466,-0.404365943111267,-1.177851894974348,-0.4090788379283631,-0.8828162337175963,0.3301634761573873,-0.6849837281165926,-0.7394662468772634,-3.245811090793605,0.9841231756854657,0
-0.8043672005990544,0.9009088760241706,-0.502969299721533,-0.019512471418831282,-0.7423290972289317,0.9048055324001227,0.06599664927436881,0.853056793629862,-1.7510820125076092,-0.11162799739561437,-0.7394662468772634,-1.2814498885745558,-1.0161329645585022,0
-0.8043672005990544,-1.1099901739376037,0.8491410419312149,-0.12680587967763213,-0.911310674287764,0.9048055324001227,0.06599664927436881,-0.8828162337175963,1.5352717510456675,0.003043148748581378,-0.7394662468772634,-1.162397694500674,-1.0161329645585022,1
-0.9738162891597597,-1.1099901739376037,0.8491410419312149,-0.01769634808209856,-0.911310674287764,0.9048055324001227,0.06599664927436881,-0.8828162337175963,-0.37813135950118393,-0.11162799739561437,-0.997471732522988,0.6233852166075523,0.9841231756854657,0
-0.9738162891597597,0.9009088760241706,-0.502969299721533,0.17517595027891628,-0.5733475201700994,-1.177851894974348,-0.09236184645987515,0.2744324511807092,-1.3482603050240614,-0.45564143582820127,-0.997471732522988,0.7622794430270811,0.9841231756854657,0
-0.8043672005990544,-1.1099901739376037,-0.502969299721533,0.17102255516969275,-0.911310674287764,-1.177851894974348,-0.7337137541835632,0.853056793629862,-0.005521280078902488,-1.0289971665491795,-0.7394662468772634,0.305912699077201,-1.0161329645585022,0
-0.2960199349169384,0.9009088760241706,-1.179024470547907,0.1692538089634835,-0.5733475201700994,-1.177851894974348,0.06599664927436881,1.4316811360790147,-1.1804179269059165,-0.34097028968400567,-0.997471732522988,-0.190138109563973,0.9841231756854657,0
-0.634918112038349,0.9009088760241706,-1.179024470547907,0.18305634632265216,-0.5733475201700994,-1.177851894974348,1.4912231108825644,1.4316811360790147,0.3301634761573873,0.8057411717579506,-0.7394662468772634,-1.5393963090679663,0.9841231756854657,0
-0.634918112038349,-1.1099901739376037,0.8491410419312149,-0.01791744135787472,-0.911310674287764,0.9048055324001227,0.06599664927436881,0.2744324511807092,-0.25392799969375696,-0.11162799739561437,-0.7394662468772634,-1.162397694500674,0.9841231756854657,0
-0.2960199349169384,-1.1099901739376037,-1.179024470547907,0.1758550224830859,-0.5733475201700994,-1.177851894974348,3.185659015238975,-0.3041918912684436,0.665848232393677,2.1817949254882985,-0.4814607612315388,-0.190138109563973,0.9841231756854657,0
-0.46546902347764374,0.9009088760241706,0.8491410419312149,-0.015943394252730458,-0.7423290972289317,0.9048055324001227,0.06599664927436881,-0.8828162337175963,-0.018948670328354386,-0.11162799739561437,-0.997471732522988,-0.7258729828964409,-1.0161329645585022,0
-0.46546902347764374,0.9009088760241706,0.8491410419312149,0.17784486196507132,-0.5733475201700994,-1.177851894974348,-1.359229812333827,1.4316811360790147,-0.34120603631519225,-1.487681751125962,-0.4814607612315388,0.2463866020402601,0.9841231756854657,0
-0.46546902347764374,0.9009088760241706,0.8491410419312149,-0.013258690189734265,-0.404365943111267,0.9048055324001227,0.06599664927436881,-0.8828162337175963,0.9343960373827085,-0.11162799739561437,-0.7394662468772634,-1.2814498885745558,-1.0161329645585022,0
-1.143265377720465,-1.1099901739376037,0.8491410419312149,-0.015517000078019299,-0.911310674287764,0.9048055324001227,0.06599664927436881,1.4316811360790147,0.8269769153870962,-0.11162799739561437,-0.7394662468772634,-0.26950623894656084,0.9841231756854657,0
-0.9738162891597597,0.9009088760241706,-1.179024470547907,-0.009626443516268825,-0.911310674287764,0.9048055324001227,0.06599664927436881,0.853056793629862,-0.522475804682789,-0.11162799739561437,-0.7394662468772634,1.1988041546313142,0.9841231756854657,0
-0.8043672005990544,0.9009088760241706,1.5251962127575889,-0.0052677475081102975,-0.5733475201700994,0.9048055324001227,0.06599664927436881,-1.461440576166749,0.2865244578466693,-0.11162799739561437,-0.7394662468772634,1.1591200899400202,0.9841231756854657,0
-0.9738162891597597,0.9009088760241706,1.5251962127575889,0.0015545592872682674,-0.404365943111267,0.9048055324001227,0.06599664927436881,1.4316811360790147,0.03476089066945202,-0.2262991435398101,-0.4814607612315388,1.0400678958661385,0.9841231756854657,0
-0.634918112038349,0.9009088760241706,-0.502969299721533,0.1762656242809559,-0.06640278899360229,-1.177851894974348,-1.042512820865339,-0.8828162337175963,-1.8752853723150364,-1.2583394588375707,-0.7394662468772634,-1.4203441149940845,0.9841231756854657,0
-0.634918112038349,0.9009088760241706,-1.179024470547907,0.17558655207678628,-0.5733475201700994,-1.177851894974348,0.38271364074285674,-0.3041918912684436,-1.6839450612603513,-0.11162799739561437,-0.997471732522988,0.6035431842619053,-1.0161329645585022,0
-0.2960199349169384,-1.1099901739376037,1.5251962127575889,-0.007004908960637247,-0.5733475201700994,0.9048055324001227,0.06599664927436881,-1.461440576166749,-1.173704231781191,-0.11162799739561437,-0.4814607612315388,0.4448069254967297,0.9841231756854657,0
-0.46546902347764374,0.9009088760241706,0.8491410419312149,0.00434980998815254,-0.23538436605243465,0.9048055324001227,0.06599664927436881,-1.461440576166749,-0.8447331706696268,-0.2262991435398101,-0.997471732522988,-0.46792656240303043,-1.0161329645585022,0
-0.2960199349169384,0.9009088760241706,-0.502969299721533,0.1761392852662267,-0.7423290972289317,-1.177851894974348,-0.7257958293968509,-0.8828162337175963,-1.1233515183457474,-1.0289971665491795,-0.997471732522988,0.5837011519162584,0.9841231756854657,0
-0.8043672005990544,0.9009088760241706,-1.179024470547907,-0.001872386487262169,-0.911310674287764,0.9048055324001227,0.06599664927436881,0.2744324511807092,-0.5661148229935064,-0.11162799739561437,-0.4814607612315388,0.7027533459901402,0.9841231756854657,0
-0.2960199349169384,-1.1099901739376037,1.5251962127575889,0.17621824715043244,0.2715603651240624,-1.177851894974348,0.38271364074285674,-0.3041918912684436,-1.371758237960602,-0.11162799739561437,-0.7394662468772634,-1.5393963090679663,0.9841231756854657,0
-0.8043672005990544,0.9009088760241706,-1.179024470547907,0.17302818702851933,-0.911310674287764,0.21058638994196582,0.06599664927436881,1.4316811360790147,-1.371758237960602,-0.34097028968400567,-0.997471732522988,0.5241750548793175,-1.0161329645585022,0
-0.46546902347764374,-1.1099901739376037,0.8491410419312149,0.17397572963898855,0.10257878806523006,-1.177851894974348,0.06599664927436881,-1.461440576166749,-0.08944246913797492,-0.34097028968400567,-0.4814607612315388,-1.7973427295613766,0.9841231756854657,0
-0.46546902347764374,-1.1099901739376037,0.8491410419312149,0.02325328506701398,-0.404365943111267,0.9048055324001227,0.06599664927436881,0.2744324511807092,0.9780350556934264,-0.2262991435398101,-0.7394662468772634,-0.03140185079879733,0.9841231756854657,0
-0.46546902347764374,-1.1099901739376037,-1.179024470547907,0.06049170965845531,-0.911310674287764,-1.177851894974348,0.8577891279455886,-1.461440576166749,1.1861596045599256,0.4617277333253637,-0.7394662468772634,0.7027533459901402,-1.0161329645585022,1
-0.8043672005990544,0.9009088760241706,0.8491410419312149,0.17686573460091976,-0.5733475201700994,-1.177851894974348,0.38271364074285674,-1.461440576166749,-1.371758237960602,-0.11162799739561437,-0.4814607612315388,-0.5869787564769122,0.9841231756854657,0
-0.634918112038349,-1.1099901739376037,-0.502969299721533,0.17452846282842896,-0.404365943111267,-1.177851894974348,0.38271364074285674,-0.3041918912684436,-1.371758237960602,-0.11162799739561437,-0.4814607612315388,0.5043330225336705,0.9841231756854657,0
-0.634918112038349,0.9009088760241706,-1.179024470547907,0.17771852295034207,-0.23538436605243465,-1.177851894974348,-1.042512820865339,-0.3041918912684436,0.03476089066945202,-1.2583394588375707,-0.7394662468772634,-0.7655570475877348,0.9841231756854657,0
-0.9738162891597597,-1.1099901739376037,-0.502969299721533,0.17486010274209318,-0.5733475201700994,-1.177851894974348,0.1610117467149152,-0.8828162337175963,-1.7510820125076092,-0.2262991435398101,-0.997471732522988,1.4765926074703717,0.9841231756854657,0
-0.634918112038349,0.9009088760241706,0.8491410419312149,0.02221098819549781,-0.7423290972289317,0.9048055324001227,0.06599664927436881,0.2744324511807092,-0.45869570099789353,-0.2262991435398101,-0.4814607612315388,-1.9560789883265524,-1.0161329645585022,0
-0.634918112038349,-1.1099901739376037,-0.502969299721533,0.1788081969523817,-0.7423290972289317,-1.177851894974348,-0.4090788379283631,-0.3041918912684436,-1.1233515183457474,-0.6849837281165926,-0.4814607612315388,-2.134657279437375,0.9841231756854657,0
-1.143265377720465,0.9009088760241706,0.8491410419312149,0.1739283525084651,-0.404365943111267,-1.177851894974348,-0.6624524311031534,-0.8828162337175963,-1.2475548781531747,-0.9143260204049839,-0.7394662468772634,-0.40840046536608954,0.9841231756854657,0
-0.634918112038349,-1.1099901739376037,-0.502969299721533,0.029080672121399836,-0.911310674287764,0.9048055324001227,0.06599664927436881,-0.3041918912684436,1.6829730437896346,-0.2262991435398101,-0.997471732522988,-0.051243883144444294,-1.0161329645585022,0
-0.634918112038349,0.9009088760241706,-1.179024470547907,0.043625451192102746,-0.7423290972289317,0.9048055324001227,0.06599664927436881,1.4316811360790147,-1.3482603050240614,-0.2262991435398101,-0.7394662468772634,0.8416475724096689,0.9841231756854657,0
-0.634918112038349,0.9009088760241706,1.5251962127575889,0.04545736690567662,-0.7423290972289317,0.9048055324001227,0.06599664927436881,0.853056793629862,1.6829730437896346,-0.2262991435398101,-0.997471732522988,1.714696995618135,0.9841231756854657,0
-0.46546902347764374,0.9009088760241706,-1.179024470547907,0.1720016825338443,-0.404365943111267,-1.177851894974348,0.38271364074285674,-0.3041918912684436,-1.2475548781531747,-0.11162799739561437,-0.7394662468772634,0.20670253734896618,0.9841231756854657,0
-0.634918112038349,-1.1099901739376037,0.8491410419312149,0.17797120097980054,-0.23538436605243465,-1.177851894974348,2.4413740852880284,1.4316811360790147,2.931720336988632,1.4937680486231246,-0.4814607612315388,-0.4877685947486774,0.9841231756854657,0
-0.9738162891597597,0.9009088760241706,-0.502969299721533,0.17425999242212933,-0.7423290972289317,-1.177851894974348,-0.09236184645987515,-0.8828162337175963,-1.7510820125076092,-0.45564143582820127,-0.997471732522988,0.2463866020402601,0.9841231756854657,0
-0.46546902347764374,0.9009088760241706,-0.502969299721533,0.04542578215199432,-0.5733475201700994,0.9048055324001227,0.06599664927436881,-1.461440576166749,1.092167872813765,-0.2262991435398101,-0.4814607612315388,0.26622863438590705,0.9841231756854657,0
-0.2960199349169384,0.9009088760241706,-0.502969299721533,0.045188896499377004,-0.7423290972289317,0.9048055324001227,0.06599664927436881,-0.8828162337175963,1.357358830240434,-0.2262991435398101,-0.4814607612315388,0.801963507718375,-1.0161329645585022,0
-1.143265377720465,-1.1099901739376037,-1.179024470547907,0.042267306783763496,-0.911310674287764,0.9048055324001227,0.06599664927436881,-1.461440576166749,0.03476089066945202,-0.2262991435398101,-0.4814607612315388,-0.8250831446246757,-1.0161329645585022,0
-0.8043672005990544,0.9009088760241706,1.5251962127575889,0.18048218889754405,-0.911310674287764,-1.177851894974348,0.0976683484212176,1.4316811360790147,0.561785957960427,-0.34097028968400567,-0.997471732522988,1.1789621222856672,-1.0161329645585022,0
-0.9738162891597597,-1.1099901739376037,0.8491410419312149,-0.06295730010884616,-0.911310674287764,0.9048055324001227,0.06599664927436881,0.853056793629862,0.2965950005337584,-0.11162799739561437,-0.7394662468772634,0.5043330225336705,-1.0161329645585022,1
-0.634918112038349,0.9009088760241706,-1.179024470547907,0.05387470376201175,-0.911310674287764,0.9048055324001227,0.06599664927436881,-1.461440576166749,-1.623521805137819,-0.2262991435398101,-0.4814607612315388,-2.4322877646220795,0.9841231756854657,0
-0.2960199349169384,-1.1099901739376037,-0.502969299721533,-0.051302526000074455,-0.5733475201700994,0.9048055324001227,0.06599664927436881,1.4316811360790147,1.8105332511594245,-0.11162799739561437,-0.997471732522988,0.7225953783357871,-1.0161329645585022,1
-0.46546902347764374,-1.1099901739376037,0.8491410419312149,0.1704224448497289,-0.404365943111267,-1.177851894974348,-0.5674373336626071,0.853056793629862,-1.371758237960602,-0.7996548742607882,-0.997471732522988,0.26622863438590705,-1.0161329645585022,0
-0.634918112038349,-1.1099901739376037,-1.179024470547907,0.07255708556509703,-0.23538436605243465,0.9048055324001227,0.06599664927436881,0.853056793629862,-0.8816584938556186,-0.2262991435398101,-0.997471732522988,0.32575473142284794,-1.0161329645585022,0
-0.9738162891597597,0.9009088760241706,0.8491410419312149,-0.033488724923252645,-0.911310674287764,0.9048055324001227,0.06599664927436881,-1.461440576166749,0.5651428055227898,-0.11162799739561437,-0.4814607612315388,0.18686050500331922,-1.0161329645585022,1
-0.8043672005990544,-1.1099901739376037,0.8491410419312149,0.17508119601786934,-0.7423290972289317,-1.177851894974348,0.38271364074285674,-0.8828162337175963,-0.4654093961226198,-0.11162799739561437,-0.997471732522988,-3.1862849937566637,0.9841231756854657,0
-0.8043672005990544,0.9009088760241706,-0.502969299721533,0.17149632647492738,-0.911310674287764,-1.177851894974348,-0.5040939353689095,1.4316811360790147,-1.8752853723150364,-0.7996548742607882,-0.7394662468772634,-0.40840046536608954,0.9841231756854657,0
-0.634918112038349,0.9009088760241706,0.8491410419312149,0.08166928700244294,-0.911310674287764,0.9048055324001227,0.06599664927436881,-0.8828162337175963,0.23617174441122635,-0.2262991435398101,-0.997471732522988,-0.2893482712922078,0.9841231756854657,0
-1.143265377720465,-1.1099901739376037,0.8491410419312149,0.1723491148243497,-0.911310674287764,-1.177851894974348,-0.16362316954028494,-0.8828162337175963,-1.3751150855229646,-0.570312581972397,-0.7394662468772634,0.5440170872249644,-1.0161329645585022,0
-0.9738162891597597,-1.1099901739376037,-1.179024470547907,0.08081649865302062,-0.911310674287764,0.9048055324001227,0.06599664927436881,-0.8828162337175963,0.5651428055227898,-0.2262991435398101,-0.4814607612315388,0.6233852166075523,-1.0161329645585022,0
-0.2960199349169384,0.9009088760241706,0.8491410419312149,-0.13612338201391305,-0.5733475201700994,-1.177851894974348,0.6994306322113446,0.2744324511807092,-1.623521805137819,0.6910700256137552,-0.4814607612315388,0.3654387961141419,-1.0161329645585022,1
-0.634918112038349,0.9009088760241706,0.8491410419312149,0.17714999738406054,-0.5733475201700994,-1.177851894974348,0.38271364074285674,-1.461440576166749,0.5382880250238866,-0.11162799739561437,-0.4814607612315388,1.0797519605574324,0.9841231756854657,0
-0.634918112038349,-1.1099901739376037,-1.179024470547907,0.17729212877563091,-0.7423290972289317,0.21058638994196582,-0.46054534904199235,0.853056793629862,-1.4993184453303918,-0.7996548742607882,-0.7394662468772634,0.6829113136444932,-1.0161329645585022,0
-0.9738162891597597,-1.1099901739376037,-1.179024470547907,0.07956890088256945,-0.911310674287764,0.9048055324001227,0.06599664927436881,0.853056793629862,-1.6705176710108995,-0.2262991435398101,-0.7394662468772634,0.5440170872249644,0.9841231756854657,0
-0.46546902347764374,-1.1099901739376037,-0.502969299721533,-0.13010648643743333,-0.23538436605243465,-1.177851894974348,-0.6941241302500022,0.2744324511807092,-1.4993184453303918,-0.7996548742607882,-0.997471732522988,0.8416475724096689,-1.0161329645585022,1
-0.8043672005990544,-1.1099901739376037,-0.502969299721533,-0.034799492201068434,-0.911310674287764,0.9048055324001227,0.06599664927436881,1.4316811360790147,0.001192415045823164,-0.11162799739561437,-0.7394662468772634,0.6829113136444932,-1.0161329645585022,1
-0.8043672005990544,-1.1099901739376037,-1.179024470547907,0.08203251166978949,-0.5733475201700994,0.9048055324001227,0.06599664927436881,-0.8828162337175963,0.001192415045823164,-0.2262991435398101,-0.7394662468772634,0.38528082845978884,0.9841231756854657,0
-0.2960199349169384,-1.1099901739376037,1.5251962127575889,0.17343878882638933,-0.404365943111267,-1.177851894974348,-0.8841543251310949,1.4316811360790147,-1.7510820125076092,-1.143668312693375,-0.7394662468772634,0.9805417988291976,-1.0161329645585022,0
-0.2960199349169384,-1.1099901739376037,-1.179024470547907,-0.029951232510834133,-0.404365943111267,0.9048055324001227,0.06599664927436881,1.4316811360790147,1.8105332511594245,-0.11162799739561437,-0.7394662468772634,-0.5274526594399713,-1.0161329645585022,1
-0.634918112038349,0.9009088760241706,1.5251962127575889,0.17208064441805007,-0.911310674287764,-1.177851894974348,0.30353439287573475,-0.3041918912684436,-1.8752853723150364,-0.11162799739561437,-0.997471732522988,-0.4282424977117365,-1.0161329645585022,0
-0.46546902347764374,-1.1099901739376037,-0.502969299721533,0.17054878386445813,-0.23538436605243465,-1.177851894974348,1.6495816066168083,1.4316811360790147,1.0351014642535956,0.9204123179021463,-0.4814607612315388,-0.4877685947486774,0.9841231756854657,0
-0.634918112038349,0.9009088760241706,-0.502969299721533,0.07906354482365252,-0.911310674287764,0.9048055324001227,0.06599664927436881,-0.8828162337175963,-1.2475548781531747,-0.2262991435398101,-0.4814607612315388,0.9606997664835506,0.9841231756854657,0
-0.634918112038349,-1.1099901739376037,-0.502969299721533,0.05861241681435798,-0.7423290972289317,-1.177851894974348,2.4413740852880284,-1.461440576166749,1.5319149034833046,1.8377814870557112,-0.997471732522988,0.4448069254967297,-1.0161329645585022,1
-1.143265377720465,-1.1099901739376037,1.5251962127575889,0.1775763915587717,-0.911310674287764,-1.177851894974348,0.06599664927436881,-1.461440576166749,0.001192415045823164,-0.34097028968400567,-0.7394662468772634,1.4170665104334308,0.9841231756854657,0
-0.46546902347764374,0.9009088760241706,0.8491410419312149,0.16808517307723808,-0.7423290972289317,-1.177851894974348,-1.2800505644667048,0.2744324511807092,-1.4993184453303918,-1.3730106049817663,-0.4814607612315388,0.32575473142284794,-1.0161329645585022,0
-0.2960199349169384,-1.1099901739376037,1.5251962127575889,0.17872923506817595,0.10257878806523006,-1.177851894974348,0.0026532509806712224,-0.8828162337175963,-1.8752853723150364,-0.34097028968400567,-0.7394662468772634,0.22654456969461315,0.9841231756854657,0
-0.46546902347764374,0.9009088760241706,-1.179024470547907,0.17443370856738202,-0.7423290972289317,-1.177851894974348,0.0026532509806712224,-1.461440576166749,-1.8752853723150364,-0.34097028968400567,-0.4814607612315388,0.9805417988291976,-1.0161329645585022,0
-0.46546902347764374,0.9009088760241706,-0.502969299721533,0.17233332244750854,-0.7423290972289317,-1.177851894974348,0.38271364074285674,-1.461440576166749,0.001192415045823164,-0.11162799739561437,-0.7394662468772634,0.5837011519162584,0.9841231756854657,0
-0.2960199349169384,0.9009088760241706,0.17308587110484092,0.16817992733828502,0.10257878806523006,-1.177851894974348,0.913214601452574,-1.461440576166749,-1.623521805137819,0.3470565871811683,-0.4814607612315388,1.0797519605574324,-1.0161329645585022,0
-0.8043672005990544,0.9009088760241706,0.8491410419312149,0.07797387082161289,-0.911310674287764,0.9048055324001227,0.06599664927436881,0.2744324511807092,-0.34120603631519225,-0.2262991435398101,-0.4814607612315388,0.18686050500331922,-1.0161329645585022,0
-0.8043672005990544,0.9009088760241706,1.5251962127575889,0.17724475164510747,-0.911310674287764,0.21058638994196582,-0.2507203421941191,-0.8828162337175963,-1.623521805137819,-0.570312581972397,-0.997471732522988,-1.8568688265983175,0.9841231756854657,0
-0.9738162891597597,-1.1099901739376037,-0.502969299721533,0.18027688799860905,-0.7423290972289317,-1.177851894974348,2.4413740852880284,0.2744324511807092,-0.5896127559300467,1.4937680486231246,-0.997471732522988,0.4844909901880236,0.9841231756854657,0
-0.634918112038349,-1.1099901739376037,-0.502969299721533,0.08100600717511447,-0.911310674287764,0.9048055324001227,0.06599664927436881,1.4316811360790147,1.8273174889712391,-0.2262991435398101,-0.997471732522988,0.008282213892496587,0.9841231756854657,0
-0.8043672005990544,0.9009088760241706,-0.502969299721533,0.18065590504279674,-0.911310674287764,-1.177851894974348,-0.3932429883549387,-0.8828162337175963,-0.5896127559300467,-0.6849837281165926,-0.997471732522988,-0.5274526594399713,0.9841231756854657,0
-0.9738162891597597,0.9009088760241706,-1.179024470547907,0.17345458120323048,-0.7423290972289317,-1.177851894974348,1.3328646151483206,-1.461440576166749,-1.7510820125076092,0.6910700256137552,-0.997471732522988,0.8813316371009629,0.9841231756854657,0
-0.9738162891597597,-1.1099901739376037,0.8491410419312149,0.17558655207678628,-0.7423290972289317,-1.177851894974348,1.6179099074699597,0.853056793629862,1.5319149034833046,0.9204123179021463,-0.997471732522988,0.2463866020402601,0.9841231756854657,0
-0.634918112038349,-1.1099901739376037,0.8491410419312149,0.07724742148691979,-0.23538436605243465,0.9048055324001227,0.06599664927436881,-0.8828162337175963,-0.37813135950118393,-0.2262991435398101,-0.997471732522988,0.9606997664835506,0.9841231756854657,0
-0.46546902347764374,0.9009088760241706,1.5251962127575889,0.08163770224876063,-0.23538436605243465,0.9048055324001227,0.06599664927436881,0.2744324511807092,-0.018948670328354386,-0.2262991435398101,-0.7394662468772634,-0.26950623894656084,0.9841231756854657,0
-0.8043672005990544,0.9009088760241706,0.8491410419312149,0.07830551073527713,-0.404365943111267,0.9048055324001227,0.06599664927436881,-1.461440576166749,-0.46205254856025635,-0.2262991435398101,-0.7394662468772634,-1.5790803737592602,0.9841231756854657,0
-0.8043672005990544,0.9009088760241706,1.5251962127575889,-0.032967576487494564,-0.7423290972289317,0.9048055324001227,0.06599664927436881,-0.8828162337175963,0.001192415045823164,-0.11162799739561437,-0.4814607612315388,-0.8647672093159696,-1.0161329645585022,1
-0.634918112038349,0.9009088760241706,0.8491410419312149,0.07983737128886907,-0.404365943111267,0.9048055324001227,0.06599664927436881,1.4316811360790147,0.4711510737766289,-0.2262991435398101,-0.997471732522988,-0.9639773710442044,0.9841231756854657,0
-0.2960199349169384,0.9009088760241706,0.8491410419312149,0.07682102731220863,-0.7423290972289317,0.9048055324001227,0.06599664927436881,-0.3041918912684436,-0.522475804682789,-0.2262991435398101,-0.7394662468772634,-1.0433455004267922,0.9841231756854657,0
-0.9738162891597597,0.9009088760241706,-0.502969299721533,0.09496646830269467,-0.911310674287764,0.9048055324001227,0.06599664927436881,-0.8828162337175963,0.5382880250238866,-0.2262991435398101,-0.997471732522988,1.1194360252487263,-1.0161329645585022,0
-0.46546902347764374,0.9009088760241706,0.8491410419312149,0.17710262025353707,0.2715603651240624,-1.177851894974348,-1.042512820865339,-0.3041918912684436,-1.173704231781191,-1.2583394588375707,-0.4814607612315388,0.38528082845978884,0.9841231756854657,0
-0.8043672005990544,0.9009088760241706,0.8491410419312149,0.1004622154434163,-0.23538436605243465,0.9048055324001227,0.06599664927436881,-1.461440576166749,0.001192415045823164,-0.2262991435398101,-0.997471732522988,-0.5076106270943244,-1.0161329645585022,0
-0.9738162891597597,-1.1099901739376037,-0.502969299721533,0.09821969793197242,-0.911310674287764,0.9048055324001227,0.06599664927436881,0.2744324511807092,-1.2475548781531747,-0.2262991435398101,-0.997471732522988,0.821805540064022,0.9841231756854657,0
-0.8043672005990544,0.9009088760241706,1.5251962127575889,0.10970075589549144,-0.5733475201700994,0.9048055324001227,0.06599664927436881,-0.8828162337175963,-1.173704231781191,-0.2262991435398101,-0.997471732522988,1.4170665104334308,0.9841231756854657,0
-0.9738162891597597,0.9009088760241706,-1.179024470547907,0.1713226103296747,-0.911310674287764,-1.177851894974348,-0.09236184645987515,0.853056793629862,-1.2979075915886182,-0.45564143582820127,-0.997471732522988,-0.6266628211682062,-1.0161329645585022,0
-0.634918112038349,-1.1099901739376037,-1.179024470547907,0.17253862334644354,-0.5733475201700994,-1.177851894974348,0.38271364074285674,-0.3041918912684436,0.2865244578466693,-0.11162799739561437,-0.7394662468772634,1.0797519605574324,0.9841231756854657,0
-0.2960199349169384,0.9009088760241706,-0.502969299721533,-0.0052677475081102975,-0.911310674287764,0.9048055324001227,0.06599664927436881,-0.8828162337175963,0.8538316958859994,-0.11162799739561437,-0.997471732522988,-1.0036614357354983,-1.0161329645585022,1
-0.8043672005990544,-1.1099901739376037,-0.502969299721533,0.17072250000971081,-0.911310674287764,-1.177851894974348,0.8577891279455886,1.4316811360790147,-0.21028898138303903,0.3470565871811683,-0.7394662468772634,0.4844909901880236,-1.0161329645585022,0
-0.9738162891597597,-1.1099901739376037,-0.502969299721533,0.11546497344251268,-0.7423290972289317,0.9048055324001227,0.06599664927436881,0.853056793629862,2.102578989084997,-0.34097028968400567,-0.997471732522988,-0.46792656240303043,0.9841231756854657,0
-0.8043672005990544,0.9009088760241706,-1.179024470547907,0.178429179908194,-0.911310674287764,-1.177851894974348,-0.7257958293968509,1.4316811360790147,0.03811773823181484,-1.0289971665491795,-0.7394662468772634,-1.8965528912896115,0.9841231756854657,0
-0.9738162891597597,-1.1099901739376037,0.8491410419312149,-0.1380342596116927,-0.7423290972289317,-1.177851894974348,-0.052772222526314166,0.2744324511807092,1.4110683912382405,-0.11162799739561437,-0.4814607612315388,-0.9639773710442044,-1.0161329645585022,1
-0.2960199349169384,0.9009088760241706,-0.502969299721533,0.1758550224830859,-0.911310674287764,0.21058638994196582,-0.3774071387815143,-0.8828162337175963,0.001192415045823164,-0.6849837281165926,-0.7394662468772634,0.286070666731554,-1.0161329645585022,0
-0.634918112038349,-1.1099901739376037,-1.179024470547907,0.17277550899906086,-0.23538436605243465,-1.177851894974348,-1.327558113186978,0.853056793629862,0.16232109803924238,-1.487681751125962,-0.997471732522988,-0.8647672093159696,0.9841231756854657,0
-0.9738162891597597,0.9009088760241706,0.8491410419312149,0.17037506771920544,-0.7423290972289317,-1.177851894974348,0.8577891279455886,-0.8828162337175963,0.8739727812601764,0.3470565871811683,-0.4814607612315388,0.028124246238143545,0.9841231756854657,0
-0.8043672005990544,-1.1099901739376037,0.8491410419312149,0.12168716991792738,-0.7423290972289317,0.9048055324001227,0.06599664927436881,0.853056793629862,-0.1397951825734185,-0.34097028968400567,-0.4814607612315388,0.6829113136444932,0.9841231756854657,0
-0.8043672005990544,0.9009088760241706,-0.502969299721533,0.17555496732310397,-0.5733475201700994,-1.177851894974348,1.1745061194140765,1.4316811360790147,0.03811773823181484,0.5763988794695595,-0.997471732522988,0.9011736694466097,-1.0161329645585022,0
-0.9738162891597597,0.9009088760241706,-0.502969299721533,0.18111388397119021,-0.911310674287764,-1.177851894974348,1.0161476236798326,-0.8828162337175963,0.8739727812601764,0.4617277333253637,-0.997471732522988,-0.09092794783573821,0.9841231756854657,0
-0.46546902347764374,0.9009088760241706,-0.502969299721533,0.11634934654561731,-0.23538436605243465,0.9048055324001227,0.06599664927436881,1.4316811360790147,-0.21364582894540246,-0.34097028968400567,-0.7394662468772634,0.8813316371009629,-1.0161329645585022,0
-0.8043672005990544,0.9009088760241706,-1.179024470547907,0.12069225017693469,-0.404365943111267,0.9048055324001227,0.06599664927436881,0.853056793629862,-1.3751150855229646,-0.34097028968400567,-0.997471732522988,-0.8250831446246757,0.9841231756854657,0
-0.634918112038349,0.9009088760241706,0.8491410419312149,0.17969257005548633,-0.911310674287764,-1.177851894974348,-0.646616581529729,0.853056793629862,0.2865244578466693,-0.9143260204049839,-0.4814607612315388,-1.7378166325244357,-1.0161329645585022,0
-0.46546902347764374,0.9009088760241706,-1.179024470547907,0.17388097537794164,-0.5733475201700994,-1.177851894974348,0.38271364074285674,-1.461440576166749,0.16232109803924238,-0.11162799739561437,-0.7394662468772634,0.08765034327508442,-1.0161329645585022,0
-0.2960199349169384,-1.1099901739376037,-0.502969299721533,0.12100809771375777,-0.23538436605243465,0.9048055324001227,0.06599664927436881,-1.461440576166749,-1.7510820125076092,-0.34097028968400567,-0.7394662468772634,0.2463866020402601,-1.0161329645585022,0
-0.634918112038349,-1.1099901739376037,0.8491410419312149,0.17465480184315818,-0.7423290972289317,-1.177851894974348,0.8577891279455886,0.2744324511807092,-1.173704231781191,0.23238544103697253,-0.997471732522988,0.6035431842619053,-1.0161329645585022,0
-1.143265377720465,0.9009088760241706,-0.502969299721533,0.1762656242809559,-0.911310674287764,-1.177851894974348,2.4413740852880284,0.2744324511807092,0.001192415045823164,1.4937680486231246,-0.997471732522988,0.10749237562073138,0.9841231756854657,0
-0.634918112038349,0.9009088760241706,0.8491410419312149,0.12242941162946164,-0.5733475201700994,0.9048055324001227,0.06599664927436881,0.853056793629862,0.001192415045823164,-0.34097028968400567,-0.4814607612315388,0.5043330225336705,0.9841231756854657,0
-0.8043672005990544,-1.1099901739376037,0.8491410419312149,0.12246099638314394,-0.7423290972289317,0.9048055324001227,0.06599664927436881,0.2744324511807092,0.954537122756886,-0.34097028968400567,-0.7394662468772634,0.5638591195706114,0.9841231756854657,0
-0.46546902347764374,-1.1099901739376037,-0.502969299721533,0.12448242061881166,-0.06640278899360229,0.9048055324001227,0.06599664927436881,-0.8828162337175963,0.665848232393677,-0.34097028968400567,-0.4814607612315388,1.6551708985811941,-1.0161329645585022,0
-0.9738162891597597,-1.1099901739376037,1.5251962127575889,0.011330040551942646,-0.911310674287764,0.9048055324001227,0.06599664927436881,1.4316811360790147,1.0418151593783211,-0.2262991435398101,-0.997471732522988,-1.0830295651180861,-1.0161329645585022,1
-0.2960199349169384,0.9009088760241706,-1.179024470547907,0.12803570540807133,-0.23538436605243465,0.9048055324001227,0.06599664927436881,1.4316811360790147,-0.3512765790022807,-0.34097028968400567,-0.7394662468772634,-0.26950623894656084,-1.0161329645585022,0
-0.8043672005990544,0.9009088760241706,-1.179024470547907,0.13163636732785447,-0.911310674287764,0.9048055324001227,0.06599664927436881,-1.461440576166749,0.15896425047687956,-0.34097028968400567,-0.7394662468772634,0.6233852166075523,-1.0161329645585022,0
-0.46546902347764374,0.9009088760241706,-0.502969299721533,0.14205933604301615,-0.7423290972289317,0.9048055324001227,0.06599664927436881,0.2744324511807092,0.23617174441122635,-0.34097028968400567,-0.7394662468772634,-0.5472946917856183,0.9841231756854657,0
-0.2960199349169384,-1.1099901739376037,-1.179024470547907,0.13689522881595878,-0.404365943111267,0.9048055324001227,0.06599664927436881,0.853056793629862,-1.2475548781531747,-0.34097028968400567,-0.7394662468772634,0.7424374106814341,-1.0161329645585022,0
-0.46546902347764374,-1.1099901739376037,-1.179024470547907,0.13961151763263727,-0.404365943111267,0.9048055324001227,0.06599664927436881,1.4316811360790147,-1.0495008719737637,-0.34097028968400567,-0.4814607612315388,1.1591200899400202,0.9841231756854657,0
-0.2960199349169384,0.9009088760241706,-1.179024470547907,0.17775010770402438,-0.404365943111267,-1.177851894974348,-0.5674373336626071,1.4316811360790147,1.327147202179168,-0.7996548742607882,-0.7394662468772634,1.4964346398160184,-1.0161329645585022,0
-0.8043672005990544,0.9009088760241706,0.8491410419312149,0.1751285731483928,-0.911310674287764,-1.177851894974348,-0.5674373336626071,0.2744324511807092,-0.005521280078902488,-0.7996548742607882,-0.7394662468772634,0.06780831092943747,0.9841231756854657,0
-0.634918112038349,-1.1099901739376037,0.8491410419312149,0.177402675413519,-0.5733475201700994,-1.177851894974348,2.4413740852880284,1.4316811360790147,-0.005521280078902488,1.4937680486231246,-0.997471732522988,0.6233852166075523,-1.0161329645585022,0
-0.8043672005990544,-1.1099901739376037,-1.179024470547907,0.06060225629634339,-0.7423290972289317,-1.177851894974348,0.8577891279455886,-0.3041918912684436,1.327147202179168,0.4617277333253637,-0.997471732522988,-0.5274526594399713,-1.0161329645585022,1
-0.634918112038349,0.9009088760241706,-1.179024470547907,0.1365162117717711,-0.5733475201700994,0.9048055324001227,0.06599664927436881,0.853056793629862,0.0851136041048956,-0.34097028968400567,-0.7394662468772634,-1.3409759856114967,-1.0161329645585022,0
-1.143265377720465,0.9009088760241706,0.8491410419312149,0.17187534351911507,-0.911310674287764,-1.177851894974348,1.6495816066168083,0.853056793629862,0.7061304031420315,0.9204123179021463,-0.997471732522988,-0.7457150152420878,0.9841231756854657,0
-0.46546902347764374,-1.1099901739376037,-1.179024470547907,0.17710262025353707,-0.5733475201700994,-1.177851894974348,1.6495816066168083,1.4316811360790147,-0.12972463988633004,0.9204123179021463,-0.7394662468772634,-2.49181386165902,0.9841231756854657,0
-0.2960199349169384,0.9009088760241706,-1.179024470547907,0.16363172280803265,-0.404365943111267,-1.177851894974348,0.06599664927436881,-0.8828162337175963,-1.0495008719737637,-0.34097028968400567,-0.7394662468772634,-0.5869787564769122,0.9841231756854657,0
-0.634918112038349,0.9009088760241706,-1.179024470547907,-0.1313224994542022,-0.404365943111267,0.9048055324001227,0.06599664927436881,0.2744324511807092,2.431550050196561,0.003043148748581378,-0.4814607612315388,0.4448069254967297,-1.0161329645585022,1
-0.634918112038349,0.9009088760241706,1.5251962127575889,0.17249124621592007,-0.7423290972289317,0.9048055324001227,0.06599664927436881,1.4316811360790147,-1.4724636648314886,-0.34097028968400567,-0.4814607612315388,-0.6663468858595001,0.9841231756854657,0
-0.46546902347764374,0.9009088760241706,-1.179024470547907,0.171764796881227,-0.404365943111267,-1.177851894974348,-0.2507203421941191,0.2744324511807092,-1.173704231781191,-0.570312581972397,-0.7394662468772634,-1.5790803737592602,0.9841231756854657,0
-0.634918112038349,0.9009088760241706,-0.502969299721533,0.17294922514431355,-0.404365943111267,0.9048055324001227,0.06599664927436881,0.853056793629862,-0.3680608168140954,-0.34097028968400567,-0.7394662468772634,-0.051243883144444294,-1.0161329645585022,0
-0.634918112038349,0.9009088760241706,-0.502969299721533,0.17397572963898855,-0.911310674287764,-1.177851894974348,-0.7257958293968509,-0.8828162337175963,-1.4254677989584081,-1.0289971665491795,-0.4814607612315388,0.3455967637684949,-1.0161329645585022,0
-0.8043672005990544,0.9009088760241706,-1.179024470547907,0.17808174761768863,-0.7423290972289317,-1.177851894974348,0.22435514500861276,0.2744324511807092,0.954537122756886,-0.2262991435398101,-0.997471732522988,-2.154499311783022,0.9841231756854657,0
-0.634918112038349,-1.1099901739376037,0.8491410419312149,0.17280709375274317,-0.911310674287764,0.21058638994196582,0.8577891279455886,-0.8828162337175963,0.001192415045823164,0.3470565871811683,-0.997471732522988,-1.12271362980938,0.9841231756854657,0
-0.46546902347764374,0.9009088760241706,0.8491410419312149,0.17730792115247207,-0.23538436605243465,0.21058638994196582,-0.6307807319563046,-0.8828162337175963,-0.12972463988633004,-0.9143260204049839,-0.997471732522988,0.4844909901880236,-1.0161329645585022,0
-0.9738162891597597,-1.1099901739376037,-0.502969299721533,0.17689731935460207,-0.911310674287764,0.9048055324001227,0.06599664927436881,-1.461440576166749,-1.173704231781191,-0.34097028968400567,-0.4814607612315388,-2.8489704438806656,0.9841231756854657,0
-0.8043672005990544,-1.1099901739376037,1.5251962127575889,0.17365988210216549,-0.911310674287764,0.21058638994196582,0.4618928886099787,1.4316811360790147,1.451350561986595,0.003043148748581378,-0.7394662468772634,0.6829113136444932,0.9841231756854657,0
-0.634918112038349,-1.1099901739376037,0.8491410419312149,0.17474955610420512,-0.404365943111267,0.21058638994196582,-0.17154109432699713,0.853056793629862,0.11868207972852446,-0.570312581972397,-0.4814607612315388,-1.8171847619070236,-1.0161329645585022,0
-0.2960199349169384,-1.1099901739376037,-0.502969299721533,-0.13200157165837184,-0.23538436605243465,-1.177851894974348,1.2536853672811985,0.2744324511807092,0.001192415045823164,1.1497546101905376,-0.4814607612315388,0.9408577341379036,-1.0161329645585022,1
-0.8043672005990544,0.9009088760241706,-0.502969299721533,0.17978732431653327,-0.911310674287764,0.9048055324001227,0.06599664927436881,0.853056793629862,0.16232109803924238,-0.34097028968400567,-0.997471732522988,0.6035431842619053,-1.0161329645585022,0
-0.2960199349169384,-1.1099901739376037,1.5251962127575889,0.17263337760749048,-0.5733475201700994,-1.177851894974348,1.8079401023510524,-1.461440576166749,0.15896425047687956,1.035083464046342,-0.4814607612315388,0.2463866020402601,-1.0161329645585022,0
-0.8043672005990544,-1.1099901739376037,1.5251962127575889,-0.13328075418250532,-0.7423290972289317,-1.177851894974348,-0.7257958293968509,0.2744324511807092,-0.811164695045998,-0.7996548742607882,-0.7394662468772634,0.6829113136444932,-1.0161329645585022,1
-0.2960199349169384,0.9009088760241706,-1.179024470547907,0.17457583995895243,-0.06640278899360229,0.9048055324001227,0.06599664927436881,-0.8828162337175963,-1.1804179269059165,-0.34097028968400567,-0.4814607612315388,-0.7457150152420878,0.9841231756854657,0
-0.8043672005990544,0.9009088760241706,0.8491410419312149,0.17593398436729168,-0.5733475201700994,-1.177851894974348,-0.2507203421941191,-0.8828162337175963,-1.328119219649884,-0.570312581972397,-0.997471732522988,-2.194183376474316,0.9841231756854657,0
-0.46546902347764374,-1.1099901739376037,0.8491410419312149,0.17580764535256244,-0.06640278899360229,0.9048055324001227,0.06599664927436881,0.853056793629862,-1.1804179269059165,-0.34097028968400567,-0.7394662468772634,0.8416475724096689,0.9841231756854657,0
-0.8043672005990544,-1.1099901739376037,-0.502969299721533,0.17411786103055896,-0.911310674287764,0.21058638994196582,1.712925004910506,1.4316811360790147,-1.0964967378468442,0.9204123179021463,-0.4814607612315388,-0.32903233598350173,0.9841231756854657,0
-0.9738162891597597,-1.1099901739376037,-0.502969299721533,0.1720016825338443,-0.7423290972289317,-1.177851894974348,2.2830155895537843,-1.461440576166749,0.27645391515958084,1.379096902478929,-0.4814607612315388,-0.6068207888225592,0.9841231756854657,0
-0.8043672005990544,0.9009088760241706,0.8491410419312149,0.16746927038043308,-0.911310674287764,-1.177851894974348,-0.6624524311031534,0.853056793629862,-0.6936750303632967,-0.9143260204049839,-0.7394662468772634,-1.162397694500674,0.9841231756854657,0
-0.634918112038349,-1.1099901739376037,0.8491410419312149,0.06714030030858119,-0.06640278899360229,0.9048055324001227,0.06599664927436881,0.853056793629862,2.0589399707742797,-0.2262991435398101,-0.4814607612315388,0.06780831092943747,-1.0161329645585022,1
-0.46546902347764374,-1.1099901739376037,-1.179024470547907,0.17449687807474665,0.10257878806523006,-1.177851894974348,-0.17154109432699713,-1.461440576166749,0.7430557263280237,-0.570312581972397,-0.4814607612315388,-0.190138109563973,-1.0161329645585022,0
-0.8043672005990544,0.9009088760241706,0.8491410419312149,0.16761140177200348,-0.911310674287764,-1.177851894974348,-0.7416316789702754,-0.8828162337175963,-1.0964967378468442,-1.0289971665491795,-0.4814607612315388,-1.5790803737592602,0.9841231756854657,0
-0.634918112038349,0.9009088760241706,0.8491410419312149,0.17727633639878976,-0.911310674287764,0.21058638994196582,0.0026532509806712224,0.2744324511807092,-0.6936750303632967,-0.34097028968400567,-0.7394662468772634,-1.0830295651180861,0.9841231756854657,0
-0.634918112038349,-1.1099901739376037,0.8491410419312149,0.17876081982185826,-0.5733475201700994,-0.4836327525161911,0.38271364074285674,-0.3041918912684436,1.092167872813765,-0.11162799739561437,-0.7394662468772634,0.6035431842619053,0.9841231756854657,0
-0.8043672005990544,0.9009088760241706,-1.179024470547907,0.17721316689142516,-0.7423290972289317,-1.177851894974348,-0.2507203421941191,-0.8828162337175963,-0.811164695045998,-0.570312581972397,-0.997471732522988,-0.5671367241312653,-1.0161329645585022,0
-0.2960199349169384,0.9009088760241706,-1.179024470547907,0.1702803134581585,-0.7423290972289317,0.9048055324001227,0.06599664927436881,-0.3041918912684436,-1.623521805137819,-0.34097028968400567,-0.4814607612315388,-1.0036614357354983,0.9841231756854657,0
-0.9738162891597597,-1.1099901739376037,1.5251962127575889,0.1753022892936455,-0.7423290972289317,0.9048055324001227,0.06599664927436881,1.4316811360790147,-1.7510820125076092,-0.34097028968400567,-0.7394662468772634,0.7027533459901402,0.9841231756854657,0
-0.46546902347764374,-1.1099901739376037,1.5251962127575889,0.06072859531107262,-0.7423290972289317,0.9048055324001227,0.06599664927436881,-0.3041918912684436,1.0351014642535956,-0.2262991435398101,-0.997471732522988,-0.7655570475877348,-1.0161329645585022,1
-0.634918112038349,-1.1099901739376037,-0.502969299721533,0.1740704839000355,-0.23538436605243465,-1.177851894974348,2.4413740852880284,-0.3041918912684436,0.27645391515958084,1.4937680486231246,-0.997471732522988,-2.075131182400434,0.9841231756854657,0
-0.9738162891597597,-1.1099901739376037,-1.179024470547907,0.1731387336664074,-0.911310674287764,0.9048055324001227,0.06599664927436881,1.4316811360790147,-1.4993184453303918,-0.34097028968400567,-0.4814607612315388,-0.9242933063529105,0.9841231756854657,0
-0.8043672005990544,0.9009088760241706,-0.502969299721533,0.17402310676951202,-0.911310674287764,0.21058638994196582,-0.3140637404878167,1.4316811360790147,-0.811164695045998,-0.6849837281165926,-0.4814607612315388,-0.5472946917856183,0.9841231756854657,0
-0.2960199349169384,-1.1099901739376037,-1.179024470547907,0.17568130633783322,-0.404365943111267,0.9048055324001227,0.06599664927436881,-0.8828162337175963,1.5352717510456675,-0.34097028968400567,-0.997471732522988,-2.194183376474316,0.9841231756854657,0
-0.9738162891597597,-1.1099901739376037,0.8491410419312149,0.17291764039063123,-0.404365943111267,-1.177851894974348,-0.7257958293968509,-0.8828162337175963,-1.0964967378468442,-0.9143260204049839,-0.4814607612315388,0.12733440796637835,0.9841231756854657,0
-0.8043672005990544,-1.1099901739376037,-1.179024470547907,0.16685336768362807,-0.911310674287764,0.9048055324001227,0.06599664927436881,0.853056793629862,0.2865244578466693,-0.34097028968400567,-0.4814607612315388,-0.8052411122790287,0.9841231756854657,0
-0.2960199349169384,-1.1099901739376037,-0.502969299721533,0.18120863823223712,-0.7423290972289317,0.9048055324001227,0.06599664927436881,-0.3041918912684436,0.04483143335654109,-0.34097028968400567,-0.7394662468772634,1.258330251668255,0.9841231756854657,0
-0.634918112038349,0.9009088760241706,-1.179024470547907,0.1733756193190247,-0.7423290972289317,-1.177851894974348,-1.2008713165995828,-0.8828162337175963,-0.6936750303632967,-1.3730106049817663,-0.4814607612315388,-1.0036614357354983,0.9841231756854657,0
-0.8043672005990544,-1.1099901739376037,-0.502969299721533,0.17381780587057702,-0.911310674287764,0.9048055324001227,0.06599664927436881,-1.461440576166749,-0.46205254856025635,-0.34097028968400567,-0.997471732522988,0.028124246238143545,0.9841231756854657,0
-0.9738162891597597,0.9009088760241706,-1.179024470547907,0.17437053906001743,-0.7423290972289317,-1.177851894974348,-0.5674373336626071,-1.461440576166749,-1.0964967378468442,-0.7996548742607882,-0.4814607612315388,-1.5989224061049072,0.9841231756854657,0
-0.9738162891597597,0.9009088760241706,0.8491410419312149,-0.13626551340548343,-0.7423290972289317,-1.177851894974348,2.4413740852880284,0.2744324511807092,1.327147202179168,2.411137217776689,-0.997471732522988,0.305912699077201,-1.0161329645585022,1
-0.634918112038349,0.9009088760241706,0.8491410419312149,0.16993288116765312,-0.5733475201700994,0.21058638994196582,1.0953268715469546,0.2744324511807092,0.3939435798422821,0.4617277333253637,-0.997471732522988,0.305912699077201,0.9841231756854657,0
-0.9738162891597597,-1.1099901739376037,-0.502969299721533,0.17697628123880785,-0.911310674287764,0.9048055324001227,0.06599664927436881,-0.8828162337175963,0.0851136041048956,-0.34097028968400567,-0.4814607612315388,1.4170665104334308,-1.0161329645585022,0
-0.2960199349169384,0.9009088760241706,-0.502969299721533,0.16985391928344734,-0.23538436605243465,-1.177851894974348,-0.2507203421941191,-0.3041918912684436,0.9780350556934264,-0.570312581972397,-0.4814607612315388,0.6233852166075523,0.9841231756854657,0
-0.8043672005990544,-1.1099901739376037,0.8491410419312149,0.17345458120323048,-0.911310674287764,0.9048055324001227,0.06599664927436881,0.853056793629862,0.8269769153870962,-0.34097028968400567,-0.4814607612315388,-0.8250831446246757,0.9841231756854657,0
-0.8043672005990544,0.9009088760241706,-1.179024470547907,0.19441106527144195,-0.7423290972289317,0.9048055324001227,0.06599664927436881,-0.8828162337175963,1.4647779522360462,-0.34097028968400567,-0.7394662468772634,0.26622863438590705,-1.0161329645585022,0
-0.8043672005990544,0.9009088760241706,-0.502969299721533,0.17519174265575743,-0.911310674287764,-1.177851894974348,-0.804975077263973,-0.8828162337175963,0.001192415045823164,-1.0289971665491795,-0.4814607612315388,1.238488219322608,-1.0161329645585022,0
-0.2960199349169384,-1.1099901739376037,-0.502969299721533,0.17403889914635318,-0.404365943111267,-1.177851894974348,0.06599664927436881,-1.461440576166749,-0.6936750303632967,-0.34097028968400567,-0.997471732522988,0.22654456969461315,-1.0161329645585022,0
-0.2960199349169384,-1.1099901739376037,1.5251962127575889,0.1988645155406474,-0.404365943111267,0.9048055324001227,0.06599664927436881,-1.461440576166749,-0.0995130118250634,-0.34097028968400567,-0.7394662468772634,-0.24966420660091387,0.9841231756854657,0
-0.634918112038349,0.9009088760241706,-0.502969299721533,0.1742757847989705,-0.23538436605243465,-1.177851894974348,-0.3774071387815143,-0.8828162337175963,0.001192415045823164,-0.6849837281165926,-0.7394662468772634,0.38528082845978884,0.9841231756854657,0
-0.634918112038349,0.9009088760241706,-1.179024470547907,0.176992073615649,-0.911310674287764,-1.177851894974348,-0.09236184645987515,0.2744324511807092,-0.811164695045998,-0.45564143582820127,-0.4814607612315388,0.38528082845978884,-1.0161329645585022,0
-0.9738162891597597,-1.1099901739376037,-0.502969299721533,0.23063877774504943,-0.7423290972289317,0.9048055324001227,0.06599664927436881,1.4316811360790147,0.4745079213389917,-0.34097028968400567,-0.997471732522988,-1.3806600503027906,0.9841231756854657,0
-1.143265377720465,-1.1099901739376037,-1.179024470547907,0.23100200241239596,-0.7423290972289317,0.9048055324001227,0.06599664927436881,1.4316811360790147,-1.6839450612603513,-0.34097028968400567,-0.997471732522988,-0.20998014190961997,0.9841231756854657,0
-0.8043672005990544,-1.1099901739376037,0.8491410419312149,0.2344289481869264,-0.911310674287764,0.9048055324001227,0.06599664927436881,-1.461440576166749,-1.7510820125076092,-0.34097028968400567,-0.7394662468772634,-1.4600281796853785,0.9841231756854657,0
-0.8043672005990544,-1.1099901739376037,-0.502969299721533,0.23727157601833412,-0.7423290972289317,0.9048055324001227,0.06599664927436881,-0.8828162337175963,-1.1804179269059165,-0.34097028968400567,-0.997471732522988,-0.22982217425526694,-1.0161329645585022,0
-0.2960199349169384,0.9009088760241706,-0.502969299721533,0.24118808547494036,-0.7423290972289317,0.9048055324001227,0.06599664927436881,0.2744324511807092,-0.6936750303632967,-0.34097028968400567,-0.4814607612315388,-0.2893482712922078,0.9841231756854657,0
-0.634918112038349,0.9009088760241706,-1.179024470547907,0.17691311173144322,-0.7423290972289317,-1.177851894974348,0.06599664927436881,1.4316811360790147,0.0851136041048956,-0.34097028968400567,-0.4814607612315388,0.06780831092943747,0.9841231756854657,0
-0.634918112038349,0.9009088760241706,-0.502969299721533,0.172380699578032,-0.23538436605243465,-1.177851894974348,0.8577891279455886,0.853056793629862,0.19253272610050842,0.3470565871811683,-0.7394662468772634,0.18686050500331922,0.9841231756854657,0
-0.2960199349169384,-1.1099901739376037,-1.179024470547907,0.1724438690853966,0.2715603651240624,-1.177851894974348,-1.042512820865339,-0.3041918912684436,-0.46205254856025635,-1.2583394588375707,-0.7394662468772634,0.4844909901880236,-1.0161329645585022,0
-0.46546902347764374,-1.1099901739376037,-0.502969299721533,0.17032769058868197,-0.23538436605243465,-1.177851894974348,-0.5674373336626071,1.4316811360790147,-0.46205254856025635,-0.7996548742607882,-0.4814607612315388,0.32575473142284794,0.9841231756854657,0
-0.46546902347764374,-1.1099901739376037,1.5251962127575889,0.17361250497164202,-0.911310674287764,-1.177851894974348,0.8577891279455886,-1.461440576166749,-0.46205254856025635,0.3470565871811683,-0.7394662468772634,0.14717644031202531,0.9841231756854657,0
-0.9738162891597597,0.9009088760241706,-1.179024470547907,0.17467059421999934,-0.7423290972289317,-1.177851894974348,-0.6307807319563046,0.853056793629862,-1.0092187012254088,-0.9143260204049839,-0.997471732522988,-0.03140185079879733,-1.0161329645585022,0
-0.9738162891597597,0.9009088760241706,0.8491410419312149,0.25289023671423555,-0.911310674287764,0.9048055324001227,0.06599664927436881,-1.461440576166749,-1.0495008719737637,-0.45564143582820127,-0.997471732522988,-0.6266628211682062,-1.0161329645585022,0
-0.9738162891597597,0.9009088760241706,-0.502969299721533,0.15249809713501902,-0.911310674287764,0.9048055324001227,0.06599664927436881,0.853056793629862,-1.173704231781191,-0.34097028968400567,-0.997471732522988,-0.15045404487267908,-1.0161329645585022,1
-0.634918112038349,0.9009088760241706,-0.502969299721533,0.2671033758712742,-0.7423290972289317,0.9048055324001227,0.06599664927436881,-0.8828162337175963,0.001192415045823164,-0.45564143582820127,-0.4814607612315388,1.298014316359549,-1.0161329645585022,0
-0.8043672005990544,0.9009088760241706,0.8491410419312149,0.17208064441805007,-0.7423290972289317,-1.177851894974348,-1.01084112171849,-0.8828162337175963,-1.0092187012254088,-1.143668312693375,-0.7394662468772634,-0.44808453005738347,-1.0161329645585022,0
-0.9738162891597597,-1.1099901739376037,1.5251962127575889,0.26722971488600344,-0.7423290972289317,0.9048055324001227,0.06599664927436881,-0.8828162337175963,1.0955247203761276,-0.45564143582820127,-0.997471732522988,-2.23386744116561,0.9841231756854657,0
-0.8043672005990544,-1.1099901739376037,-1.179024470547907,0.17481272561156974,-0.7423290972289317,-1.177851894974348,-1.042512820865339,-0.8828162337175963,1.0418151593783211,-1.2583394588375707,-0.7394662468772634,-1.5592383414136133,0.9841231756854657,0
-0.8043672005990544,0.9009088760241706,0.8491410419312149,0.1722385681864616,-0.911310674287764,-1.177851894974348,1.1428344202672278,0.2744324511807092,0.8269769153870962,0.4617277333253637,-0.4814607612315388,0.14717644031202531,0.9841231756854657,0
-0.46546902347764374,-1.1099901739376037,0.8491410419312149,0.1740704839000355,-0.06640278899360229,-1.177851894974348,-0.7257958293968509,1.4316811360790147,0.9343960373827085,-1.0289971665491795,-0.4814607612315388,-0.26950623894656084,0.9841231756854657,0
-0.8043672005990544,-1.1099901739376037,-0.502969299721533,0.2703408131237108,-0.911310674287764,0.9048055324001227,0.06599664927436881,0.853056793629862,-0.8447331706696268,-0.45564143582820127,-0.997471732522988,0.9606997664835506,0.9841231756854657,0
-0.9738162891597597,-1.1099901739376037,0.8491410419312149,0.17986628620073905,-0.911310674287764,-1.177851894974348,-0.2507203421941191,-1.461440576166749,0.4040141225293712,-0.570312581972397,-0.997471732522988,-0.4877685947486774,0.9841231756854657,0
-0.9738162891597597,0.9009088760241706,-0.502969299721533,0.26933010100587695,-0.7423290972289317,0.9048055324001227,0.06599664927436881,0.853056793629862,-0.8447331706696268,-0.45564143582820127,-0.4814607612315388,-1.4401861473397315,0.9841231756854657,0
-0.634918112038349,-1.1099901739376037,-1.179024470547907,0.17129102557599238,-0.5733475201700994,-1.177851894974348,0.8577891279455886,-1.461440576166749,0.4040141225293712,0.3470565871811683,-0.7394662468772634,0.801963507718375,-1.0161329645585022,0
-0.2960199349169384,0.9009088760241706,1.5251962127575889,0.2671033758712742,-0.404365943111267,0.9048055324001227,0.06599664927436881,-0.8828162337175963,-0.8447331706696268,-0.45564143582820127,-0.4814607612315388,-1.3806600503027906,0.9841231756854657,0
-0.46546902347764374,-1.1099901739376037,0.8491410419312149,0.2730571019403893,-0.404365943111267,0.9048055324001227,0.06599664927436881,0.2744324511807092,-0.21364582894540246,-0.45564143582820127,-0.997471732522988,0.5837011519162584,0.9841231756854657,0
-0.634918112038349,0.9009088760241706,0.8491410419312149,0.15731477207157102,-0.911310674287764,0.9048055324001227,0.06599664927436881,-0.3041918912684436,1.1861596045599256,-0.34097028968400567,-0.997471732522988,0.5440170872249644,-1.0161329645585022,1
-0.46546902347764374,0.9009088760241706,-0.502969299721533,0.27217272883728466,-0.404365943111267,0.9048055324001227,0.06599664927436881,1.4316811360790147,0.03811773823181484,-0.45564143582820127,-0.7394662468772634,-0.36871640067479566,0.9841231756854657,0
-0.9738162891597597,0.9009088760241706,0.8491410419312149,0.17869765031449364,-0.5733475201700994,0.21058638994196582,-0.7574675285436998,-0.8828162337175963,-1.0092187012254088,-1.0289971665491795,-0.997471732522988,0.028124246238143545,0.9841231756854657,0
-0.2960199349169384,-1.1099901739376037,-1.179024470547907,0.27256753825831354,-0.23538436605243465,0.9048055324001227,0.06599664927436881,0.853056793629862,0.5785701957722418,-0.45564143582820127,-0.4814607612315388,-0.8846092416616166,0.9841231756854657,0
-0.8043672005990544,-1.1099901739376037,0.8491410419312149,0.17247545383907892,-0.911310674287764,0.21058638994196582,0.8577891279455886,-0.8828162337175963,0.04483143335654109,0.3470565871811683,-0.4814607612315388,1.0797519605574324,-1.0161329645585022,0
-0.634918112038349,-1.1099901739376037,-0.502969299721533,0.06336592224354536,-0.911310674287764,-1.177851894974348,-0.7416316789702754,-0.8828162337175963,-0.015591822765990965,-0.9143260204049839,-0.997471732522988,-0.20998014190961997,-1.0161329645585022,1
-0.46546902347764374,0.9009088760241706,-0.502969299721533,0.1755075901925805,-0.404365943111267,-1.177851894974348,-0.3298995900612411,1.4316811360790147,0.5382880250238866,-0.6849837281165926,-0.4814607612315388,-0.22982217425526694,-1.0161329645585022,0
-0.8043672005990544,-1.1099901739376037,1.5251962127575889,0.1763445861651617,-0.911310674287764,-1.177851894974348,-0.5674373336626071,-0.8828162337175963,-1.0092187012254088,-0.7996548742607882,-0.997471732522988,0.8416475724096689,-1.0161329645585022,0
-0.46546902347764374,-1.1099901739376037,0.8491410419312149,0.15587766577902598,-0.23538436605243465,0.9048055324001227,0.06599664927436881,1.4316811360790147,2.491973306319093,-0.34097028968400567,-0.7394662468772634,0.12733440796637835,-1.0161329645585022,1
-0.634918112038349,0.9009088760241706,-0.502969299721533,0.2687931601932777,-0.7423290972289317,0.9048055324001227,0.06599664927436881,1.4316811360790147,0.04483143335654109,-0.45564143582820127,-0.4814607612315388,1.0003838311748445,0.9841231756854657,0
-0.8043672005990544,0.9009088760241706,0.8491410419312149,0.17670781083250822,-0.911310674287764,-1.177851894974348,1.5862382083231108,1.4316811360790147,1.3842136107393372,0.9204123179021463,-0.7394662468772634,-0.36871640067479566,0.9841231756854657,0
-0.8043672005990544,-1.1099901739376037,-1.179024470547907,0.17388097537794164,-0.23538436605243465,-1.177851894974348,-0.013182598592753173,0.2744324511807092,0.001192415045823164,-0.45564143582820127,-0.4814607612315388,0.9805417988291976,0.9841231756854657,0
-0.46546902347764374,0.9009088760241706,1.5251962127575889,0.1739283525084651,-0.404365943111267,-1.177851894974348,0.06599664927436881,0.853056793629862,0.1119683846037988,-0.34097028968400567,-0.997471732522988,0.7027533459901402,-1.0161329645585022,0
-0.2960199349169384,0.9009088760241706,-0.502969299721533,0.06298690519935765,-0.404365943111267,-1.177851894974348,2.4413740852880284,-0.3041918912684436,0.001192415045823164,1.8377814870557112,-0.7394662468772634,1.1194360252487263,-1.0161329645585022,1
-0.634918112038349,-1.1099901739376037,1.5251962127575889,0.2705934911531693,-0.23538436605243465,0.9048055324001227,0.06599664927436881,-0.8828162337175963,-1.4724636648314886,-0.45564143582820127,-0.997471732522988,0.7622794430270811,0.9841231756854657,0
-0.634918112038349,0.9009088760241706,-0.502969299721533,0.26828780413436076,-0.404365943111267,0.9048055324001227,0.06599664927436881,-0.3041918912684436,-1.0427871768490378,-0.45564143582820127,-0.4814607612315388,0.8614896047553159,-1.0161329645585022,0
-0.46546902347764374,0.9009088760241706,0.8491410419312149,0.2748890176539632,-0.404365943111267,0.9048055324001227,0.06599664927436881,-0.8828162337175963,-0.4654093961226198,-0.45564143582820127,-0.4814607612315388,0.08765034327508442,0.9841231756854657,0
-0.8043672005990544,0.9009088760241706,-0.502969299721533,0.0606338410500257,-0.5733475201700994,-1.177851894974348,-1.121692068732461,0.853056793629862,-0.45869570099789353,-1.2583394588375707,-0.7394662468772634,-3.245811090793605,-1.0161329645585022,1
-0.8043672005990544,-1.1099901739376037,0.8491410419312149,0.1721438139254147,-0.5733475201700994,0.21058638994196582,0.38271364074285674,-0.8828162337175963,0.4980058542755321,-0.11162799739561437,-0.4814607612315388,0.6630692812988462,0.9841231756854657,0
-0.8043672005990544,0.9009088760241706,1.5251962127575889,0.2736730046371943,-0.7423290972289317,0.9048055324001227,0.06599664927436881,0.853056793629862,-0.1397951825734185,-0.45564143582820127,-0.997471732522988,0.38528082845978884,0.9841231756854657,0
-0.46546902347764374,-1.1099901739376037,-0.502969299721533,0.17948726915655133,-0.23538436605243465,-1.177851894974348,-0.5674373336626071,0.2744324511807092,-1.173704231781191,-0.7996548742607882,-0.4814607612315388,0.3455967637684949,0.9841231756854657,0
-0.634918112038349,0.9009088760241706,0.8491410419312149,0.1828036682931937,-0.404365943111267,0.21058638994196582,-0.4882580857954851,-0.8828162337175963,-1.2979075915886182,-0.7996548742607882,-0.997471732522988,-2.789444346843725,0.9841231756854657,0
-0.634918112038349,-1.1099901739376037,-0.502969299721533,0.18217197321954753,-0.06640278899360229,0.21058638994196582,-0.4090788379283631,1.4316811360790147,-1.1804179269059165,-0.6849837281165926,-0.7394662468772634,-0.9242933063529105,0.9841231756854657,0
-0.2960199349169384,0.9009088760241706,-1.179024470547907,0.3088268354856033,-0.7423290972289317,0.9048055324001227,0.06599664927436881,0.2744324511807092,-1.2475548781531747,-0.45564143582820127,-0.4814607612315388,-0.5472946917856183,0.9841231756854657,0
-0.634918112038349,0.9009088760241706,1.5251962127575889,0.31792324454610804,-0.7423290972289317,0.9048055324001227,0.06599664927436881,-0.8828162337175963,0.4040141225293712,-0.45564143582820127,-0.4814607612315388,1.2186461869769611,-1.0161329645585022,0
-0.9738162891597597,0.9009088760241706,0.8491410419312149,0.18450924499203833,-0.911310674287764,-1.177851894974348,0.38271364074285674,1.4316811360790147,0.001192415045823164,-0.11162799739561437,-0.4814607612315388,0.305912699077201,-1.0161329645585022,0
-0.46546902347764374,-1.1099901739376037,1.5251962127575889,0.18649908447402375,-0.7423290972289317,-1.177851894974348,-0.4090788379283631,-0.8828162337175963,0.11868207972852446,-0.6849837281165926,-0.997471732522988,-0.5274526594399713,0.9841231756854657,0
-0.8043672005990544,0.9009088760241706,-0.502969299721533,0.31632821448515147,-0.911310674287764,0.9048055324001227,0.06599664927436881,0.853056793629862,0.4040141225293712,-0.45564143582820127,-0.7394662468772634,-0.7258729828964409,-1.0161329645585022,0
-0.2960199349169384,0.9009088760241706,1.5251962127575889,0.19120521277268768,-0.7423290972289317,-1.177851894974348,0.06599664927436881,0.2744324511807092,-0.2069321338206762,-0.34097028968400567,-0.997471732522988,0.7225953783357871,0.9841231756854657,0
-0.634918112038349,0.9009088760241706,-0.502969299721533,0.3222029786700608,-0.911310674287764,0.9048055324001227,0.06599664927436881,-1.461440576166749,-0.1397951825734185,-0.45564143582820127,-0.7394662468772634,0.9408577341379036,0.9841231756854657,0
-0.9738162891597597,0.9009088760241706,-0.502969299721533,0.18812569928866263,-0.911310674287764,-1.177851894974348,0.1728886338949835,0.853056793629862,-1.4724636648314886,-0.2262991435398101,-0.7394662468772634,-0.46792656240303043,0.9841231756854657,0
-0.634918112038349,0.9009088760241706,0.8491410419312149,0.1872097414318757,-0.06640278899360229,-1.177851894974348,-0.3774071387815143,1.4316811360790147,-1.6839450612603513,-0.6849837281165926,-0.997471732522988,-0.17029607721832604,0.9841231756854657,0
-0.46546902347764374,0.9009088760241706,-1.179024470547907,0.18646749972034143,-0.23538436605243465,-1.177851894974348,0.8577891279455886,0.2744324511807092,0.561785957960427,0.23238544103697253,-0.997471732522988,-1.7775006972157297,0.9841231756854657,0
-0.8043672005990544,-1.1099901739376037,-1.179024470547907,0.3302255061053671,-0.911310674287764,0.9048055324001227,0.06599664927436881,0.2744324511807092,-1.4993184453303918,-0.45564143582820127,-0.7394662468772634,-1.9957630530178463,0.9841231756854657,0
-0.9738162891597597,0.9009088760241706,-0.502969299721533,0.1861358598066772,-0.911310674287764,-1.177851894974348,0.06599664927436881,-0.8828162337175963,0.001192415045823164,-0.34097028968400567,-0.4814607612315388,-1.4203441149940845,0.9841231756854657,0
-0.9738162891597597,-1.1099901739376037,0.8491410419312149,0.3304150146274609,-0.911310674287764,0.9048055324001227,0.06599664927436881,-0.8828162337175963,1.7736079279734327,-0.45564143582820127,-0.4814607612315388,-0.8846092416616166,0.9841231756854657,0
-0.46546902347764374,0.9009088760241706,0.8491410419312149,0.19145789080214615,0.10257878806523006,-1.177851894974348,0.7786098800784667,0.853056793629862,-0.46205254856025635,0.23238544103697253,-0.4814607612315388,-1.0631875327724392,0.9841231756854657,0
-0.8043672005990544,0.9009088760241706,-1.179024470547907,0.18545678760250758,-0.911310674287764,-1.177851894974348,2.4413740852880284,-1.461440576166749,0.03811773823181484,1.4937680486231246,-0.4814607612315388,-0.17029607721832604,-1.0161329645585022,0
-0.634918112038349,0.9009088760241706,0.8491410419312149,0.19125258990321115,-0.5733475201700994,-1.177851894974348,0.8577891279455886,0.853056793629862,-0.21028898138303903,0.23238544103697253,-0.997471732522988,-0.4877685947486774,0.9841231756854657,0
-0.9738162891597597,-1.1099901739376037,-1.179024470547907,0.18670438537295875,-0.911310674287764,-1.177851894974348,-0.45658638664863627,1.4316811360790147,0.27645391515958084,-0.7996548742607882,-0.997471732522988,-0.6068207888225592,0.9841231756854657,0
-0.46546902347764374,0.9009088760241706,-1.179024470547907,0.34364902642034806,-0.404365943111267,0.9048055324001227,0.06599664927436881,-1.461440576166749,0.001192415045823164,-0.45564143582820127,-0.4814607612315388,-1.2814498885745558,0.9841231756854657,0
-0.46546902347764374,0.9009088760241706,-0.502969299721533,0.3481024766895535,-0.06640278899360229,0.9048055324001227,0.06599664927436881,-0.3041918912684436,0.8336906105118219,-0.45564143582820127,-0.997471732522988,1.5956448015442533,0.9841231756854657,0
-0.8043672005990544,0.9009088760241706,-0.502969299721533,0.34162760218468036,-0.911310674287764,0.9048055324001227,0.06599664927436881,-1.461440576166749,-1.6839450612603513,-0.45564143582820127,-0.997471732522988,0.6829113136444932,-1.0161329645585022,0
-0.8043672005990544,0.9009088760241706,0.8491410419312149,0.34139071653206304,-0.911310674287764,0.9048055324001227,0.06599664927436881,1.4316811360790147,-1.1804179269059165,-0.45564143582820127,-0.4814607612315388,-1.8767108589439645,-1.0161329645585022,0
-0.2960199349169384,0.9009088760241706,-1.179024470547907,0.188883733377038,-0.404365943111267,-1.177851894974348,-1.327558113186978,0.853056793629862,-0.25392799969375696,-1.487681751125962,-0.997471732522988,0.5837011519162584,-1.0161329645585022,0
-0.8043672005990544,0.9009088760241706,0.8491410419312149,0.19910140119326472,-0.911310674287764,-1.177851894974348,-1.042512820865339,0.2744324511807092,0.007906110170548816,-1.2583394588375707,-0.4814607612315388,0.5241750548793175,0.9841231756854657,0
-0.46546902347764374,0.9009088760241706,-0.502969299721533,0.19388991683568388,-0.23538436605243465,-1.177851894974348,2.029641996378994,-0.3041918912684436,-0.34120603631519225,1.1497546101905376,-0.4814607612315388,0.9408577341379036,0.9841231756854657,0
-0.46546902347764374,-1.1099901739376037,-1.179024470547907,0.19403204822725426,-0.404365943111267,-1.177851894974348,0.06599664927436881,-1.461440576166749,0.3301634761573873,-0.34097028968400567,-0.7394662468772634,-1.182239726846321,0.9841231756854657,0
-0.2960199349169384,0.9009088760241706,0.8491410419312149,-0.12072581459378781,-0.404365943111267,0.21058638994196582,-0.4090788379283631,0.2744324511807092,2.3073466903891333,-0.45564143582820127,-0.997471732522988,0.14717644031202531,-1.0161329645585022,1
-0.8043672005990544,0.9009088760241706,0.8491410419312149,0.1960850572166043,-0.23538436605243465,-1.177851894974348,0.8577891279455886,0.2744324511807092,-0.12972463988633004,0.23238544103697253,-0.997471732522988,-0.8449251769703227,-1.0161329645585022,0
-0.46546902347764374,-1.1099901739376037,-1.179024470547907,0.19925932496167625,-0.7423290972289317,-1.177851894974348,-0.09236184645987515,0.2744324511807092,-1.0964967378468442,-0.45564143582820127,-0.7394662468772634,-0.8250831446246757,0.9841231756854657,0
-0.2960199349169384,-1.1099901739376037,1.5251962127575889,0.1908261957285,-0.404365943111267,0.21058638994196582,-0.2507203421941191,1.4316811360790147,0.27645391515958084,-0.570312581972397,-0.7394662468772634,-1.162397694500674,0.9841231756854657,0
-0.8043672005990544,0.9009088760241706,1.5251962127575889,0.25448526677519206,-0.404365943111267,0.9048055324001227,0.06599664927436881,-0.3041918912684436,1.0015329886299666,-0.45564143582820127,-0.7394662468772634,1.2186461869769611,-1.0161329645585022,1
-0.634918112038349,0.9009088760241706,-0.502969299721533,0.3669269898842092,-0.7423290972289317,0.9048055324001227,0.06599664927436881,-0.3041918912684436,1.4110683912382405,-0.45564143582820127,-0.4814607612315388,0.4448069254967297,0.9841231756854657,0
-1.143265377720465,0.9009088760241706,-0.502969299721533,0.19213696300631578,-0.7423290972289317,-1.177851894974348,0.6994306322113446,0.2744324511807092,0.5651428055227898,0.1177142948927768,-0.7394662468772634,0.32575473142284794,0.9841231756854657,0
-0.8043672005990544,0.9009088760241706,-0.502969299721533,0.1946005737935358,-0.7423290972289317,-1.177851894974348,-0.9474977234247925,0.2744324511807092,-0.11965409719924096,-1.143668312693375,-0.7394662468772634,1.298014316359549,0.9841231756854657,0
-0.634918112038349,-1.1099901739376037,-1.179024470547907,0.19575341730294005,-0.911310674287764,-1.177851894974348,-0.5674373336626071,-1.461440576166749,-0.707102420612748,-0.7996548742607882,-0.7394662468772634,0.2463866020402601,0.9841231756854657,0
-0.634918112038349,-1.1099901739376037,-0.502969299721533,0.1901945006548538,-0.911310674287764,-1.177851894974348,0.38271364074285674,0.853056793629862,-1.6705176710108995,-0.11162799739561437,-0.997471732522988,-3.3847053172131334,0.9841231756854657,0
-0.9738162891597597,-1.1099901739376037,-1.179024470547907,0.13710052971489378,-0.911310674287764,0.9048055324001227,0.06599664927436881,0.853056793629862,2.431550050196561,-0.34097028968400567,-0.997471732522988,0.7027533459901402,-1.0161329645585022,1
-0.634918112038349,-1.1099901739376037,-0.502969299721533,0.19041559393062996,-0.404365943111267,-1.177851894974348,0.6202513843442227,1.4316811360790147,-0.8447331706696268,0.1177142948927768,-0.4814607612315388,1.1789621222856672,-1.0161329645585022,0
-0.634918112038349,0.9009088760241706,1.5251962127575889,0.19292658184837347,-0.404365943111267,-1.177851894974348,0.6202513843442227,-1.461440576166749,-0.34120603631519225,0.1177142948927768,-0.7394662468772634,0.06780831092943747,-1.0161329645585022,0
-0.2960199349169384,-1.1099901739376037,-0.502969299721533,0.19099991187375268,-0.404365943111267,-1.177851894974348,-0.6584934687097973,-0.3041918912684436,-0.8447331706696268,-0.9143260204049839,-0.7394662468772634,-0.03140185079879733,0.9841231756854657,0
-0.9738162891597597,0.9009088760241706,0.8491410419312149,0.1927054885725973,-0.911310674287764,-1.177851894974348,2.2830155895537843,1.4316811360790147,-0.005521280078902488,1.379096902478929,-0.997471732522988,0.12733440796637835,0.9841231756854657,0
-0.9738162891597597,-1.1099901739376037,-1.179024470547907,0.36470026474960643,-0.911310674287764,0.9048055324001227,0.06599664927436881,-1.461440576166749,-1.1233515183457474,-0.45564143582820127,-0.7394662468772634,-0.13061201252703214,-1.0161329645585022,0
-0.9738162891597597,0.9009088760241706,-0.502969299721533,0.1997962657742755,-0.911310674287764,-1.177851894974348,0.8577891279455886,-0.8828162337175963,-0.005521280078902488,0.23238544103697253,-0.7394662468772634,0.801963507718375,0.9841231756854657,0
-0.634918112038349,-1.1099901739376037,1.5251962127575889,0.18889952575387917,-0.5733475201700994,-1.177851894974348,1.6574995314035206,-1.461440576166749,-0.1397951825734185,0.9204123179021463,-0.997471732522988,0.9210157017922567,0.9841231756854657,0
-0.634918112038349,0.9009088760241706,-1.179024470547907,0.36517403605484106,-0.911310674287764,0.9048055324001227,0.06599664927436881,0.853056793629862,-0.21364582894540246,-0.45564143582820127,-0.4814607612315388,-0.9044512740072636,0.9841231756854657,0
-0.8043672005990544,0.9009088760241706,1.5251962127575889,0.36806404101677226,-0.06640278899360229,0.9048055324001227,0.06599664927436881,-1.461440576166749,-1.623521805137819,-0.45564143582820127,-0.4814607612315388,1.4170665104334308,0.9841231756854657,0
-0.2960199349169384,-1.1099901739376037,-0.502969299721533,0.3610364333224587,-0.23538436605243465,0.9048055324001227,0.06599664927436881,-0.3041918912684436,0.001192415045823164,-0.45564143582820127,-0.997471732522988,0.5837011519162584,0.9841231756854657,0
-0.634918112038349,0.9009088760241706,0.8491410419312149,0.3649213580253826,-0.7423290972289317,0.9048055324001227,0.06599664927436881,0.853056793629862,0.9108981044461687,-0.45564143582820127,-0.997471732522988,-0.8846092416616166,0.9841231756854657,0
-0.46546902347764374,-1.1099901739376037,-1.179024470547907,0.193084505616785,-0.911310674287764,-1.177851894974348,0.6994306322113446,-0.3041918912684436,-1.1233515183457474,0.1177142948927768,-0.7394662468772634,-0.40840046536608954,0.9841231756854657,0
-0.46546902347764374,-1.1099901739376037,0.8491410419312149,0.1913631365410992,-0.23538436605243465,-1.177851894974348,-0.5674373336626071,0.853056793629862,0.6624913848313142,-0.7996548742607882,-0.997471732522988,0.0479662785837905,0.9841231756854657,0
-0.46546902347764374,-1.1099901739376037,1.5251962127575889,0.19488483657667657,-0.7423290972289317,-1.177851894974348,1.6495816066168083,0.853056793629862,-1.4993184453303918,0.9204123179021463,-0.4814607612315388,1.2186461869769611,0.9841231756854657,0
-0.634918112038349,0.9009088760241706,0.8491410419312149,0.36168392077294603,-0.5733475201700994,0.9048055324001227,0.06599664927436881,0.853056793629862,1.676259348664909,-0.45564143582820127,-0.7394662468772634,-0.6266628211682062,0.9841231756854657,0
-0.8043672005990544,0.9009088760241706,0.8491410419312149,0.1409380772872942,-0.5733475201700994,0.9048055324001227,0.06599664927436881,-0.8828162337175963,1.0418151593783211,-0.34097028968400567,-0.7394662468772634,0.18686050500331922,-1.0161329645585022,1
-0.8043672005990544,0.9009088760241706,-0.502969299721533,0.3657109768674403,-0.23538436605243465,0.9048055324001227,0.06599664927436881,0.2744324511807092,0.2965950005337584,-0.45564143582820127,-0.4814607612315388,0.8813316371009629,-1.0161329645585022,0
-0.8043672005990544,-1.1099901739376037,-1.179024470547907,0.19799593481438393,-0.911310674287764,-1.177851894974348,1.6495816066168083,-1.461440576166749,0.001192415045823164,0.9204123179021463,-0.4814607612315388,0.0479662785837905,-1.0161329645585022,0
-0.2960199349169384,0.9009088760241706,-0.502969299721533,0.3692010921493354,-0.911310674287764,0.9048055324001227,0.06599664927436881,-0.8828162337175963,0.001192415045823164,-0.45564143582820127,-0.997471732522988,0.8416475724096689,-1.0161329645585022,0
-0.2960199349169384,0.9009088760241706,-1.179024470547907,0.3798609465171144,-0.5733475201700994,0.9048055324001227,0.06599664927436881,-0.8828162337175963,0.8336906105118219,-0.45564143582820127,-0.7394662468772634,0.5043330225336705,0.9841231756854657,0
-0.46546902347764374,-1.1099901739376037,-1.179024470547907,0.38325630753796247,-0.06640278899360229,0.9048055324001227,0.06599664927436881,-0.3041918912684436,0.001192415045823164,-0.45564143582820127,-0.997471732522988,-0.3488743683291487,0.9841231756854657,0
-0.9738162891597597,-1.1099901739376037,-0.502969299721533,0.4061868387113182,-0.23538436605243465,0.9048055324001227,0.06599664927436881,-0.8828162337175963,0.0851136041048956,-0.570312581972397,-0.7394662468772634,-0.38855843302044263,-1.0161329645585022,0
-0.8043672005990544,0.9009088760241706,-1.179024470547907,0.19911719357010588,-0.911310674287764,0.21058638994196582,1.3328646151483206,-0.8828162337175963,-0.005521280078902488,0.5763988794695595,-0.997471732522988,0.8416475724096689,0.9841231756854657,0
-0.634918112038349,-1.1099901739376037,-1.179024470547907,0.19385833208200157,-0.5733475201700994,0.9048055324001227,0.06599664927436881,-1.461440576166749,1.676259348664909,-0.34097028968400567,-0.997471732522988,0.286070666731554,-1.0161329645585022,1
-0.2960199349169384,0.9009088760241706,1.5251962127575889,0.42002096082416923,-0.5733475201700994,0.9048055324001227,0.06599664927436881,1.4316811360790147,0.5651428055227898,-0.570312581972397,-0.997471732522988,0.801963507718375,0.9841231756854657,0
-0.8043672005990544,0.9009088760241706,-0.502969299721533,-0.11504055893097234,-0.7423290972289317,-1.177851894974348,1.6495816066168083,0.2744324511807092,0.27645391515958084,1.6084391947673204,-0.4814607612315388,-1.7378166325244357,-1.0161329645585022,1
-0.9738162891597597,-1.1099901739376037,-1.179024470547907,0.0826484143665945,-0.911310674287764,-1.177851894974348,2.4413740852880284,-1.461440576166749,0.9343960373827085,1.7231103409115156,-0.7394662468772634,-1.2616078562289088,-1.0161329645585022,1
-0.8043672005990544,0.9009088760241706,-1.179024470547907,0.45967561907230714,-0.7423290972289317,0.9048055324001227,0.06599664927436881,-0.8828162337175963,0.5651428055227898,-0.570312581972397,-0.4814607612315388,-2.9680226379545473,0.9841231756854657,0
-0.46546902347764374,-1.1099901739376037,0.8491410419312149,0.07691578157325556,-0.23538436605243465,-1.177851894974348,0.8577891279455886,0.853056793629862,0.7229146409538463,0.4617277333253637,-0.7394662468772634,1.5559607368529593,-1.0161329645585022,1
-0.634918112038349,-1.1099901739376037,0.8491410419312149,0.4620918527290037,-0.7423290972289317,0.9048055324001227,0.06599664927436881,-1.461440576166749,0.001192415045823164,-0.570312581972397,-0.997471732522988,0.028124246238143545,0.9841231756854657,0
-0.46546902347764374,0.9009088760241706,0.8491410419312149,-0.1158775549035535,-0.911310674287764,-1.177851894974348,-0.9791694225716413,0.2744324511807092,0.001192415045823164,-1.0289971665491795,-0.997471732522988,0.7027533459901402,-1.0161329645585022,1
-0.2960199349169384,0.9009088760241706,-1.179024470547907,0.193495107414655,-0.404365943111267,-1.177851894974348,-0.34573543963466546,-0.8828162337175963,-1.173704231781191,-0.6849837281165926,-0.997471732522988,0.4844909901880236,0.9841231756854657,0
-0.46546902347764374,-1.1099901739376037,-0.502969299721533,0.19755374826283162,-0.23538436605243465,-1.177851894974348,-1.042512820865339,-1.461440576166749,0.001192415045823164,-1.2583394588375707,-0.4814607612315388,0.4448069254967297,0.9841231756854657,0
-0.46546902347764374,0.9009088760241706,0.8491410419312149,0.46087583971223484,-0.911310674287764,0.9048055324001227,0.06599664927436881,-1.461440576166749,0.4745079213389917,-0.570312581972397,-0.997471732522988,-1.658448503141848,0.9841231756854657,0
-0.46546902347764374,0.9009088760241706,-0.502969299721533,0.45711725402404013,-0.23538436605243465,0.9048055324001227,0.06599664927436881,0.853056793629862,-1.1804179269059165,-0.570312581972397,-0.997471732522988,0.6035431842619053,0.9841231756854657,0
-0.9738162891597597,-1.1099901739376037,-1.179024470547907,0.20022265994898666,-0.911310674287764,-1.177851894974348,1.3328646151483206,1.4316811360790147,-1.0495008719737637,0.5763988794695595,-0.7394662468772634,-1.0433455004267922,0.9841231756854657,0
-0.46546902347764374,-1.1099901739376037,-0.502969299721533,0.19436368814091848,-0.911310674287764,-1.177851894974348,-1.042512820865339,-0.3041918912684436,0.2865244578466693,-1.2583394588375707,-0.997471732522988,-0.26950623894656084,-1.0161329645585022,0
-0.8043672005990544,-1.1099901739376037,-1.179024470547907,0.45887020785340826,-0.911310674287764,0.9048055324001227,0.06599664927436881,-1.461440576166749,-1.1804179269059165,-0.570312581972397,-0.7394662468772634,-0.5671367241312653,0.9841231756854657,0
-0.9738162891597597,-1.1099901739376037,0.8491410419312149,-0.11401405443629732,-0.7423290972289317,-1.177851894974348,1.6495816066168083,0.2744324511807092,2.2603508245160526,1.6084391947673204,-0.7394662468772634,-0.011559818453150373,-1.0161329645585022,1
-0.2960199349169384,0.9009088760241706,-1.179024470547907,0.4564065970661882,-0.23538436605243465,0.9048055324001227,0.06599664927436881,0.853056793629862,-1.1804179269059165,-0.570312581972397,-0.4814607612315388,-0.26950623894656084,0.9841231756854657,0
-0.634918112038349,0.9009088760241706,1.5251962127575889,0.45699091500931094,-0.23538436605243465,0.9048055324001227,0.06599664927436881,-0.3041918912684436,0.001192415045823164,-0.570312581972397,-0.997471732522988,0.5837011519162584,-1.0161329645585022,0
-0.2960199349169384,0.9009088760241706,0.17308587110484092,0.20371277523088172,0.10257878806523006,-1.177851894974348,-0.5674373336626071,-0.3041918912684436,-1.0427871768490378,-0.9143260204049839,-0.4814607612315388,-0.2893482712922078,0.9841231756854657,0
-0.634918112038349,0.9009088760241706,-0.502969299721533,0.20177031287941977,-0.404365943111267,-1.177851894974348,0.38271364074285674,-1.461440576166749,0.001192415045823164,-0.11162799739561437,-0.7394662468772634,0.7225953783357871,-1.0161329645585022,0
-0.2960199349169384,0.9009088760241706,0.8491410419312149,0.08781252159365188,-0.404365943111267,-1.177851894974348,0.7786098800784667,0.853056793629862,-1.1804179269059165,0.3470565871811683,-0.7394662468772634,-1.162397694500674,-1.0161329645585022,1
-1.143265377720465,-1.1099901739376037,0.8491410419312149,0.23575550784158333,-0.911310674287764,0.9048055324001227,0.06599664927436881,-1.461440576166749,1.5319149034833046,-0.34097028968400567,-0.4814607612315388,-0.8250831446246757,-1.0161329645585022,1
-0.8043672005990544,-1.1099901739376037,-0.502969299721533,0.20783458558642293,-0.7423290972289317,-1.177851894974348,-0.7574675285436998,-0.8828162337175963,-1.173704231781191,-1.0289971665491795,-0.4814607612315388,0.782121475372728,0.9841231756854657,0
-0.9738162891597597,0.9009088760241706,-1.179024470547907,0.2028599868814594,-0.911310674287764,-1.177851894974348,0.8577891279455886,-1.461440576166749,0.001192415045823164,0.23238544103697253,-0.4814607612315388,0.5043330225336705,0.9841231756854657,0
-0.8043672005990544,0.9009088760241706,0.8491410419312149,0.45797004237346245,-0.7423290972289317,0.9048055324001227,0.06599664927436881,1.4316811360790147,-1.173704231781191,-0.570312581972397,-0.997471732522988,0.9805417988291976,-1.0161329645585022,0
-0.2960199349169384,0.9009088760241706,-1.179024470547907,0.20301791064987093,0.2715603651240624,-1.177851894974348,2.2830155895537843,-0.8828162337175963,0.5785701957722418,1.379096902478929,-0.7394662468772634,-0.7853990799333818,0.9841231756854657,0
-0.634918112038349,-1.1099901739376037,0.8491410419312149,0.4558538638767478,-0.911310674287764,0.9048055324001227,0.06599664927436881,-0.3041918912684436,0.2965950005337584,-0.570312581972397,-0.4814607612315388,-0.3488743683291487,-1.0161329645585022,0
-0.2960199349169384,-1.1099901739376037,-1.179024470547907,0.4793529206163851,-0.06640278899360229,0.9048055324001227,0.06599664927436881,-1.461440576166749,0.001192415045823164,-0.570312581972397,-0.4814607612315388,-0.9242933063529105,0.9841231756854657,0
-0.46546902347764374,-1.1099901739376037,-0.502969299721533,0.20126495682050283,0.2715603651240624,-1.177851894974348,0.8261174287987398,1.4316811360790147,2.8243012149930204,0.23238544103697253,-0.4814607612315388,0.5440170872249644,-1.0161329645585022,0
-0.8043672005990544,0.9009088760241706,-1.179024470547907,0.48056893363315395,-0.911310674287764,0.9048055324001227,0.06599664927436881,-0.8828162337175963,-0.2707122375055717,-0.570312581972397,-0.997471732522988,-0.24966420660091387,0.9841231756854657,0
-0.9738162891597597,0.9009088760241706,1.5251962127575889,0.21110360759254182,-0.7423290972289317,-1.177851894974348,-0.5674373336626071,-1.461440576166749,-1.4724636648314886,-0.9143260204049839,-0.4814607612315388,-0.44808453005738347,0.9841231756854657,0
-0.9738162891597597,-1.1099901739376037,1.5251962127575889,0.2066343649464952,-0.911310674287764,-1.177851894974348,0.38271364074285674,0.853056793629862,-0.707102420612748,-0.11162799739561437,-0.997471732522988,0.5241750548793175,0.9841231756854657,0
-0.2960199349169384,-1.1099901739376037,-1.179024470547907,0.20559206807497904,0.10257878806523006,-1.177851894974348,0.5094004373302519,0.853056793629862,-1.371758237960602,0.003043148748581378,-0.4814607612315388,1.1988041546313142,0.9841231756854657,0
-0.46546902347764374,0.9009088760241706,0.8491410419312149,0.20764507706432908,-0.06640278899360229,-1.177851894974348,-0.4882580857954851,-0.8828162337175963,-1.7510820125076092,-0.7996548742607882,-0.4814607612315388,0.9606997664835506,0.9841231756854657,0
-0.46546902347764374,0.9009088760241706,-1.179024470547907,0.20999814121366103,-0.404365943111267,-1.177851894974348,1.6495816066168083,0.853056793629862,0.001192415045823164,0.8057411717579506,-0.997471732522988,-1.5989224061049072,0.9841231756854657,0
-1.143265377720465,-1.1099901739376037,-0.502969299721533,0.20999814121366103,-0.911310674287764,-1.177851894974348,-0.2507203421941191,0.853056793629862,1.327147202179168,-0.570312581972397,-0.7394662468772634,-0.7060309505507939,-1.0161329645585022,0
-0.8043672005990544,-1.1099901739376037,1.5251962127575889,0.2069817972370006,-0.23538436605243465,-1.177851894974348,0.06599664927436881,1.4316811360790147,-0.46205254856025635,-0.34097028968400567,-0.4814607612315388,1.0003838311748445,-1.0161329645585022,0
-0.8043672005990544,0.9009088760241706,-1.179024470547907,0.49662978088060766,-0.911310674287764,0.9048055324001227,0.06599664927436881,1.4316811360790147,0.23617174441122635,-0.570312581972397,-0.4814607612315388,0.7027533459901402,0.9841231756854657,0
-0.9738162891597597,-1.1099901739376037,0.8491410419312149,0.20785037796326408,-0.5733475201700994,-1.177851894974348,0.6598410082777837,0.2744324511807092,0.001192415045823164,0.1177142948927768,-0.4814607612315388,-0.30919030363785477,-1.0161329645585022,0
-0.8043672005990544,-1.1099901739376037,1.5251962127575889,0.21050349727257797,-0.5733475201700994,-1.177851894974348,2.4413740852880284,-0.8828162337175963,0.23617174441122635,1.4937680486231246,-0.997471732522988,0.008282213892496587,0.9841231756854657,0
-0.634918112038349,0.9009088760241706,-0.502969299721533,0.21143524750620604,-0.5733475201700994,-1.177851894974348,0.38271364074285674,-1.461440576166749,0.4745079213389917,-0.11162799739561437,-0.997471732522988,-0.44808453005738347,-1.0161329645585022,0
-0.2960199349169384,0.9009088760241706,-0.502969299721533,0.5085846101493613,-0.06640278899360229,0.9048055324001227,0.06599664927436881,1.4316811360790147,0.7464125738903866,-0.570312581972397,-0.997471732522988,1.4369085427790778,-1.0161329645585022,0
-0.46546902347764374,0.9009088760241706,1.5251962127575889,0.208150433123246,-0.23538436605243465,-1.177851894974348,0.38271364074285674,-0.8828162337175963,-1.0427871768490378,-0.11162799739561437,-0.4814607612315388,1.0797519605574324,-1.0161329645585022,0
-0.9738162891597597,0.9009088760241706,0.8491410419312149,0.20726606002014136,-0.7423290972289317,-1.177851894974348,0.4460570390365543,0.2744324511807092,-1.173704231781191,-0.11162799739561437,-0.4814607612315388,0.5241750548793175,-1.0161329645585022,0
-0.8043672005990544,-1.1099901739376037,1.5251962127575889,0.5193234264013461,-0.06640278899360229,0.9048055324001227,0.06599664927436881,-0.8828162337175963,1.092167872813765,-0.570312581972397,-0.997471732522988,-0.32903233598350173,0.9841231756854657,0
-0.46546902347764374,0.9009088760241706,-1.179024470547907,0.21479902377337187,-0.911310674287764,-1.177851894974348,-0.09236184645987515,-0.3041918912684436,-1.6705176710108995,-0.45564143582820127,-0.7394662468772634,-0.36871640067479566,-1.0161329645585022,0
-0.634918112038349,-1.1099901739376037,-1.179024470547907,0.5347209938214713,-0.911310674287764,0.9048055324001227,0.06599664927436881,-0.3041918912684436,2.562467105128714,-0.570312581972397,-0.997471732522988,-0.686188918205147,0.9841231756854657,0
-0.2960199349169384,-1.1099901739376037,-0.502969299721533,0.09708264679940933,-0.06640278899360229,-1.177851894974348,-0.5674373336626071,-1.461440576166749,1.5486991412951188,-0.7996548742607882,-0.4814607612315388,0.20670253734896618,-1.0161329645585022,1
-0.8043672005990544,-1.1099901739376037,1.5251962127575889,0.21863657134577233,-0.911310674287764,0.21058638994196582,-0.963333572998217,1.4316811360790147,-1.6839450612603513,-1.143668312693375,-0.997471732522988,-1.2417658238832618,0.9841231756854657,0
-0.46546902347764374,-1.1099901739376037,0.8491410419312149,0.21134049324515913,-0.911310674287764,-1.177851894974348,-1.042512820865339,-1.461440576166749,-1.1804179269059165,-1.2583394588375707,-0.7394662468772634,-1.9362369559809054,0.9841231756854657,0
-0.634918112038349,0.9009088760241706,-0.502969299721533,0.21724684218375076,-0.7423290972289317,-1.177851894974348,-0.8841543251310949,-0.3041918912684436,0.3301634761573873,-1.143668312693375,-0.997471732522988,1.0995939929030794,0.9841231756854657,0
-0.9738162891597597,0.9009088760241706,0.8491410419312149,-0.1013327758328506,-0.911310674287764,-1.177851894974348,4.024959042630468,0.2744324511807092,1.9750187817152072,3.9018621176512323,-0.7394662468772634,-0.32903233598350173,-1.0161329645585022,1
-0.8043672005990544,0.9009088760241706,0.8491410419312149,0.5339313749794137,-0.7423290972289317,0.9048055324001227,0.06599664927436881,0.2744324511807092,-0.522475804682789,-0.570312581972397,-0.7394662468772634,-2.03544711770914,0.9841231756854657,0
-0.634918112038349,-1.1099901739376037,0.8491410419312149,0.21631509195012266,-0.23538436605243465,-1.177851894974348,-0.9079080994912315,-0.8828162337175963,0.03476089066945202,-1.143668312693375,-0.997471732522988,-1.7179746001787888,0.9841231756854657,0
-0.46546902347764374,-1.1099901739376037,-1.179024470547907,0.09373466290908467,-0.7423290972289317,0.9048055324001227,0.06599664927436881,0.2744324511807092,1.934736610966852,-0.2262991435398101,-0.7394662468772634,-0.07108591549009124,-1.0161329645585022,1
-0.8043672005990544,-1.1099901739376037,-1.179024470547907,0.55345075275508,-0.5733475201700994,0.9048055324001227,0.06599664927436881,0.853056793629862,-1.623521805137819,-0.570312581972397,-0.7394662468772634,1.0400678958661385,-1.0161329645585022,0
-0.634918112038349,0.9009088760241706,-1.179024470547907,0.5537034307845385,-0.23538436605243465,0.9048055324001227,0.06599664927436881,-1.461440576166749,0.001192415045823164,-0.570312581972397,-0.997471732522988,-2.3529196352394917,0.9841231756854657,0
-0.46546902347764374,0.9009088760241706,-0.502969299721533,-0.3945182518888762,-0.06640278899360229,0.9048055324001227,0.0699556116677249,0.2744324511807092,-1.8752853723150364,0.4617277333253637,-0.4814607612315388,1.1392780575943733,0.9841231756854657,0
-0.8043672005990544,-1.1099901739376037,-1.179024470547907,-0.007541849773236485,-0.404365943111267,0.9048055324001227,0.0778735364544371,-1.461440576166749,0.9981761410676039,-0.11162799739561437,-0.997471732522988,-1.5393963090679663,-1.0161329645585022,0
-0.2960199349169384,-1.1099901739376037,-0.502969299721533,-0.6894250970205875,-0.06640278899360229,0.9048055324001227,0.0818324988477932,0.853056793629862,0.8538316958859994,1.6084391947673204,-0.4814607612315388,1.1789621222856672,-1.0161329645585022,1
-0.9738162891597597,0.9009088760241706,-1.179024470547907,0.10147292756125016,-0.911310674287764,-1.177851894974348,-1.01084112171849,-1.461440576166749,-0.25392799969375696,-1.143668312693375,-0.7394662468772634,-3.106916864374076,-1.0161329645585022,1
-0.8043672005990544,0.9009088760241706,-0.502969299721533,0.21151420939041182,-0.911310674287764,-1.177851894974348,0.06599664927436881,-0.8828162337175963,-1.0495008719737637,-0.34097028968400567,-0.4814607612315388,-0.5076106270943244,0.9841231756854657,0
-0.634918112038349,-1.1099901739376037,0.8491410419312149,0.07871611253314713,-0.911310674287764,0.9048055324001227,0.08579146124114931,1.4316811360790147,1.223084927745918,-0.2262991435398101,-0.7394662468772634,0.801963507718375,0.9841231756854657,0
-0.46546902347764374,-1.1099901739376037,0.8491410419312149,0.21077196767887757,-0.5733475201700994,-1.177851894974348,-0.2507203421941191,-0.8828162337175963,1.451350561986595,-0.570312581972397,-0.997471732522988,-1.0830295651180861,0.9841231756854657,0
-0.9738162891597597,0.9009088760241706,1.5251962127575889,0.21153000176725298,-0.911310674287764,-1.177851894974348,1.8079401023510524,-0.8828162337175963,0.15896425047687956,1.035083464046342,-0.7394662468772634,-1.0433455004267922,0.9841231756854657,0
-0.8043672005990544,-1.1099901739376037,0.8491410419312149,0.057364819043906806,-0.5733475201700994,0.9048055324001227,0.0897504236345054,-1.461440576166749,0.3301634761573873,-0.2262991435398101,-0.7394662468772634,0.3455967637684949,-1.0161329645585022,0
-0.634918112038349,0.9009088760241706,-1.179024470547907,0.21298290043663914,-0.5733475201700994,-1.177851894974348,0.6994306322113446,0.2744324511807092,-0.6936750303632967,0.1177142948927768,-0.7394662468772634,-1.0433455004267922,0.9841231756854657,0
-1.3127144662811705,0.9009088760241706,-0.502969299721533,0.2112773237377945,-0.911310674287764,-1.177851894974348,-0.5674373336626071,1.4316811360790147,-1.0092187012254088,-0.9143260204049839,-0.997471732522988,1.317856348705196,0.9841231756854657,0
-0.2960199349169384,0.9009088760241706,-0.502969299721533,0.20996655645997872,-0.23538436605243465,-1.177851894974348,-0.6624524311031534,-1.461440576166749,0.6826324702054911,-0.9143260204049839,-0.7394662468772634,-1.3608180179571436,0.9841231756854657,0
-0.634918112038349,-1.1099901739376037,-0.502969299721533,0.09583504902895815,-0.404365943111267,-1.177851894974348,-0.7257958293968509,-0.8828162337175963,-0.2069321338206762,-0.9143260204049839,-0.997471732522988,-0.03140185079879733,-1.0161329645585022,1
-0.8043672005990544,0.9009088760241706,-0.502969299721533,0.10223096164962556,-0.5733475201700994,-1.177851894974348,1.6495816066168083,-1.461440576166749,1.3842136107393372,1.035083464046342,-0.997471732522988,0.5638591195706114,-1.0161329645585022,1
-0.2960199349169384,-1.1099901739376037,-1.179024470547907,-0.4924309883040315,-0.7423290972289317,0.9048055324001227,0.0976683484212176,0.2744324511807092,0.001192415045823164,0.8057411717579506,-0.7394662468772634,-0.38855843302044263,-1.0161329645585022,0
-0.2960199349169384,0.9009088760241706,-0.502969299721533,0.2094296156473795,-0.06640278899360229,-1.177851894974348,-0.5674373336626071,0.2744324511807092,0.3301634761573873,-0.9143260204049839,-0.4814607612315388,-1.0830295651180861,0.9841231756854657,0
-0.46546902347764374,-1.1099901739376037,0.8491410419312149,0.21541492647017688,-0.7423290972289317,-1.177851894974348,0.8577891279455886,0.853056793629862,-0.46205254856025635,0.23238544103697253,-0.997471732522988,0.46464895784237664,0.9841231756854657,0
-0.8043672005990544,-1.1099901739376037,0.8491410419312149,0.21882607986786617,-0.911310674287764,-1.177851894974348,0.38271364074285674,0.2744324511807092,-1.7510820125076092,-0.11162799739561437,-0.7394662468772634,-0.11076998018138517,0.9841231756854657,0
-0.634918112038349,-1.1099901739376037,0.8491410419312149,-0.4485755578161466,-0.5733475201700994,0.9048055324001227,0.0976683484212176,-0.8828162337175963,-1.1804179269059165,0.6910700256137552,-0.4814607612315388,-2.749760282152431,0.9841231756854657,0
-0.8043672005990544,-1.1099901739376037,0.8491410419312149,0.20413916940559287,-0.911310674287764,-1.177851894974348,-0.5674373336626071,1.4316811360790147,-1.0495008719737637,-0.9143260204049839,-0.997471732522988,-0.8846092416616166,0.9841231756854657,0
-0.634918112038349,0.9009088760241706,1.5251962127575889,0.09798281227935511,-0.911310674287764,-1.177851894974348,-0.7257958293968509,-1.461440576166749,1.327147202179168,-0.9143260204049839,-0.7394662468772634,0.6035431842619053,-1.0161329645585022,1
-0.46546902347764374,0.9009088760241706,-1.179024470547907,0.09397154856170198,0.10257878806523006,-1.177851894974348,-1.1375279183058853,-1.461440576166749,2.02537149515065,-1.2583394588375707,-0.7394662468772634,-2.7696023144980777,-1.0161329645585022,1
-0.46546902347764374,0.9009088760241706,0.8491410419312149,0.2141673286997257,-0.23538436605243465,-1.177851894974348,1.0161476236798326,-1.461440576166749,0.9780350556934264,0.3470565871811683,-0.997471732522988,0.9805417988291976,0.9841231756854657,0
-1.3127144662811705,0.9009088760241706,0.8491410419312149,0.21618875293539344,-0.911310674287764,-1.177851894974348,2.3226052134873454,-0.8828162337175963,0.11868207972852446,1.379096902478929,-0.997471732522988,-0.07108591549009124,0.9841231756854657,0
-0.46546902347764374,-1.1099901739376037,-0.502969299721533,0.2152412103249242,-0.911310674287764,-1.177851894974348,-0.9752104601782853,-1.461440576166749,0.3939435798422821,-1.143668312693375,-0.997471732522988,0.7225953783357871,0.9841231756854657,0
-0.9738162891597597,0.9009088760241706,-1.179024470547907,-0.2977583589831251,-0.404365943111267,0.9048055324001227,0.0976683484212176,-0.8828162337175963,1.4110683912382405,0.3470565871811683,-0.4814607612315388,0.32575473142284794,0.9841231756854657,0
-0.8043672005990544,0.9009088760241706,0.8491410419312149,-0.20632049707284295,-0.911310674287764,0.9048055324001227,0.0976683484212176,0.853056793629862,0.5785701957722418,0.1177142948927768,-0.997471732522988,0.20670253734896618,0.9841231756854657,0
-0.9738162891597597,0.9009088760241706,-1.179024470547907,0.21757848209741498,-0.911310674287764,-1.177851894974348,-0.5872321456293875,0.2744324511807092,-1.623521805137819,-0.9143260204049839,-0.7394662468772634,0.06780831092943747,-1.0161329645585022,0
-0.634918112038349,0.9009088760241706,0.8491410419312149,0.22138444491613313,-0.7423290972289317,-1.177851894974348,0.8577891279455886,0.2744324511807092,-1.623521805137819,0.23238544103697253,-0.7394662468772634,-0.17029607721832604,-1.0161329645585022,0
-0.8043672005990544,-1.1099901739376037,0.8491410419312149,0.37013284238296346,-0.404365943111267,0.9048055324001227,0.0976683484212176,-1.461440576166749,0.001192415045823164,-0.45564143582820127,-0.7394662468772634,-0.30919030363785477,0.9841231756854657,0
-0.9738162891597597,-1.1099901739376037,-0.502969299721533,0.4632289038615668,-0.7423290972289317,0.9048055324001227,0.0976683484212176,0.2744324511807092,0.23617174441122635,-0.570312581972397,-0.7394662468772634,-0.5076106270943244,0.9841231756854657,0
-0.634918112038349,0.9009088760241706,1.5251962127575889,0.22045269468250503,-0.5733475201700994,-1.177851894974348,-0.7574675285436998,-1.461440576166749,0.9343960373827085,-1.0289971665491795,-0.4814607612315388,0.38528082845978884,0.9841231756854657,0
-0.634918112038349,-1.1099901739376037,1.5251962127575889,0.6538586847111377,-0.911310674287764,0.9048055324001227,0.0976683484212176,0.853056793629862,0.665848232393677,-0.6849837281165926,-0.4814607612315388,0.6829113136444932,-1.0161329645585022,0
-0.634918112038349,-1.1099901739376037,-0.502969299721533,-0.8332936500435013,-0.7423290972289317,0.9048055324001227,0.22435514500861276,-0.8828162337175963,-1.173704231781191,3.0991640946418633,-0.997471732522988,-1.2417658238832618,-1.0161329645585022,1
-0.2960199349169384,0.9009088760241706,0.17308587110484092,-0.7316854974475159,-0.7423290972289317,0.9048055324001227,0.22435514500861276,-1.461440576166749,-0.707102420612748,2.1817949254882985,-0.7394662468772634,0.5043330225336705,-1.0161329645585022,1
-0.8043672005990544,0.9009088760241706,-0.502969299721533,-0.7303431454160177,-0.7423290972289317,0.9048055324001227,0.22435514500861276,-1.461440576166749,-0.811164695045998,2.1817949254882985,-0.4814607612315388,-0.4877685947486774,-1.0161329645585022,1
-0.9738162891597597,0.9009088760241706,1.5251962127575889,-0.733438451276884,-0.911310674287764,0.9048055324001227,0.22435514500861276,0.2744324511807092,0.15896425047687956,2.1817949254882985,-0.4814607612315388,0.26622863438590705,-1.0161329645585022,1
-1.143265377720465,0.9009088760241706,-1.179024470547907,-0.6942101872034573,-0.911310674287764,0.9048055324001227,0.22435514500861276,0.2744324511807092,0.8336906105118219,1.952452633199907,-0.997471732522988,-1.7179746001787888,-1.0161329645585022,1
-1.143265377720465,-1.1099901739376037,-0.502969299721533,-0.6949208441613092,-0.911310674287764,0.9048055324001227,0.22435514500861276,0.2744324511807092,1.0787404825643134,1.952452633199907,-0.997471732522988,-0.9441353386985575,-1.0161329645585022,1
-0.8043672005990544,-1.1099901739376037,-1.179024470547907,-0.6888091943237825,-0.911310674287764,0.9048055324001227,0.22435514500861276,-1.461440576166749,0.8336906105118219,1.8377814870557112,-0.4814607612315388,0.028124246238143545,-1.0161329645585022,1
-0.46546902347764374,-1.1099901739376037,-0.502969299721533,-0.6622780012306437,-0.5733475201700994,0.9048055324001227,0.22435514500861276,-0.3041918912684436,0.9108981044461687,1.7231103409115156,-0.997471732522988,-1.8370267942526706,-1.0161329645585022,1
-0.2960199349169384,-1.1099901739376037,-0.502969299721533,0.22062641082775772,-0.23538436605243465,-1.177851894974348,-0.4407505370752119,-1.461440576166749,0.6893461653302174,-0.7996548742607882,-0.4814607612315388,0.7622794430270811,0.9841231756854657,0
-0.8043672005990544,-1.1099901739376037,-0.502969299721533,-0.6408635382340387,-0.7423290972289317,0.9048055324001227,0.22435514500861276,-0.8828162337175963,-0.3680608168140954,1.6084391947673204,-0.7394662468772634,0.40512286080543575,-1.0161329645585022,1
-0.46546902347764374,-1.1099901739376037,-0.502969299721533,-0.6368048973858621,-0.7423290972289317,0.9048055324001227,0.22435514500861276,-1.461440576166749,-1.1233515183457474,1.6084391947673204,-0.7394662468772634,-0.011559818453150373,-1.0161329645585022,1
-0.8043672005990544,-1.1099901739376037,-0.502969299721533,0.21841547806999617,-0.911310674287764,-1.177851894974348,-0.8841543251310949,-0.8828162337175963,1.934736610966852,-1.143668312693375,-0.4814607612315388,0.06780831092943747,0.9841231756854657,0
-0.8043672005990544,0.9009088760241706,-0.502969299721533,0.22403756422544702,-0.911310674287764,-1.177851894974348,0.33520609202258356,-1.461440576166749,-1.623521805137819,-0.2262991435398101,-0.7394662468772634,0.5440170872249644,0.9841231756854657,0
-0.8043672005990544,0.9009088760241706,-1.179024470547907,-0.6251501232770904,-0.7423290972289317,0.9048055324001227,0.22435514500861276,-1.461440576166749,-1.1233515183457474,1.4937680486231246,-0.997471732522988,-0.9441353386985575,-1.0161329645585022,1
-0.46546902347764374,-1.1099901739376037,0.8491410419312149,0.2310651719197606,-0.404365943111267,-1.177851894974348,3.2331665639592484,0.853056793629862,0.001192415045823164,2.0671237793441026,-0.4814607612315388,-1.9957630530178463,0.9841231756854657,0
-0.8043672005990544,0.9009088760241706,-1.179024470547907,0.23076511675977865,-0.7423290972289317,-1.177851894974348,0.8577891279455886,-0.8828162337175963,0.665848232393677,0.23238544103697253,-0.4814607612315388,0.14717644031202531,-1.0161329645585022,0
-0.8043672005990544,0.9009088760241706,-0.502969299721533,-0.6109843612505752,-0.5733475201700994,0.9048055324001227,0.22435514500861276,0.2744324511807092,1.5587696839822078,1.4937680486231246,-0.7394662468772634,0.028124246238143545,-1.0161329645585022,1
-0.46546902347764374,0.9009088760241706,-1.179024470547907,-0.694494449986598,0.10257878806523006,0.9048055324001227,0.22435514500861276,0.853056793629862,-0.8447331706696268,1.952452633199907,-0.997471732522988,-1.202081759191968,-1.0161329645585022,1
-0.634918112038349,0.9009088760241706,1.5251962127575889,0.23108096429660174,-0.5733475201700994,-1.177851894974348,-1.1533637678793096,1.4316811360790147,0.001192415045823164,-1.3730106049817663,-0.4814607612315388,-0.03140185079879733,0.9841231756854657,0
-0.8043672005990544,0.9009088760241706,-1.179024470547907,0.23390779975116832,-0.911310674287764,-1.177851894974348,-1.1375279183058853,-0.8828162337175963,0.4745079213389917,-1.2583394588375707,-0.997471732522988,-1.182239726846321,0.9841231756854657,0
-0.634918112038349,-1.1099901739376037,-0.502969299721533,0.11950782191384812,-0.911310674287764,-1.177851894974348,0.6994306322113446,-0.8828162337175963,1.223084927745918,0.23238544103697253,-0.4814607612315388,-0.7853990799333818,-1.0161329645585022,1
-0.46546902347764374,0.9009088760241706,0.8491410419312149,0.11843394028864965,-0.911310674287764,-1.177851894974348,0.06599664927436881,-1.461440576166749,1.0955247203761276,-0.34097028968400567,-0.7394662468772634,-2.2140254088199627,-1.0161329645585022,1
-0.634918112038349,-1.1099901739376037,-1.179024470547907,-0.6995953877062908,-0.911310674287764,0.9048055324001227,0.22435514500861276,-0.8828162337175963,1.357358830240434,1.952452633199907,-0.4814607612315388,0.4448069254967297,-1.0161329645585022,1
-0.634918112038349,-1.1099901739376037,1.5251962127575889,0.233876214997486,-0.7423290972289317,0.21058638994196582,-0.804975077263973,-0.3041918912684436,0.5651428055227898,-1.0289971665491795,-0.7394662468772634,0.4249648931510827,-1.0161329645585022,0
-0.8043672005990544,0.9009088760241706,-0.502969299721533,-0.16701327111521044,-0.911310674287764,0.9048055324001227,0.23227306979532497,-0.8828162337175963,1.253296555807184,0.23238544103697253,-0.4814607612315388,1.0599099282117854,-1.0161329645585022,1
-0.8043672005990544,0.9009088760241706,1.5251962127575889,0.22703811582526628,-0.7423290972289317,-1.177851894974348,0.06599664927436881,0.2744324511807092,-1.4724636648314886,-0.34097028968400567,-0.997471732522988,0.6035431842619053,-1.0161329645585022,0
-0.46546902347764374,0.9009088760241706,0.8491410419312149,0.2284120526104467,-0.5733475201700994,-1.177851894974348,-0.2507203421941191,-0.8828162337175963,-1.0427871768490378,-0.6849837281165926,-0.4814607612315388,-0.6266628211682062,0.9841231756854657,0
-0.9738162891597597,0.9009088760241706,-0.502969299721533,-0.6758436529371951,-0.911310674287764,0.9048055324001227,0.24019099458203716,0.853056793629862,-1.4724636648314886,1.8377814870557112,-0.4814607612315388,1.1194360252487263,-1.0161329645585022,1
-0.8043672005990544,-1.1099901739376037,-1.179024470547907,0.22947014185880402,-0.7423290972289317,-1.177851894974348,-0.7257958293968509,-0.8828162337175963,0.23617174441122635,-1.0289971665491795,-0.997471732522988,1.0003838311748445,0.9841231756854657,0
-0.2960199349169384,-1.1099901739376037,1.5251962127575889,0.23507643563741373,-0.404365943111267,-1.177851894974348,-0.3774071387815143,0.853056793629862,-1.4724636648314886,-0.6849837281165926,-0.997471732522988,0.2463866020402601,0.9841231756854657,0
-0.634918112038349,-1.1099901739376037,-0.502969299721533,0.2311283414271252,-0.5733475201700994,-1.177851894974348,-0.7257958293968509,-0.3041918912684436,-1.4724636648314886,-1.0289971665491795,-0.4814607612315388,0.20670253734896618,0.9841231756854657,0
-0.634918112038349,-1.1099901739376037,-0.502969299721533,0.22855418400201707,-0.404365943111267,-1.177851894974348,-0.17154109432699713,-1.461440576166749,-1.173704231781191,-0.570312581972397,-0.4814607612315388,-0.5274526594399713,0.9841231756854657,0
-0.9738162891597597,-1.1099901739376037,-1.179024470547907,0.22664330640423744,-0.911310674287764,-1.177851894974348,-1.240460940533144,-0.8828162337175963,-0.11965409719924096,-1.3730106049817663,-0.4814607612315388,-1.7576586648700827,0.9841231756854657,0
-0.9738162891597597,0.9009088760241706,-0.502969299721533,0.11743902054765694,-0.911310674287764,-1.177851894974348,-0.17154109432699713,0.853056793629862,1.6628319584154578,-0.45564143582820127,-0.997471732522988,-0.9441353386985575,-1.0161329645585022,1
-0.9738162891597597,0.9009088760241706,0.8491410419312149,-0.6348624350344002,-0.7423290972289317,0.9048055324001227,0.24019099458203716,1.4316811360790147,0.4040141225293712,1.6084391947673204,-0.7394662468772634,-0.03140185079879733,-1.0161329645585022,1
-0.46546902347764374,-1.1099901739376037,0.8491410419312149,-0.38936993703865996,0.2715603651240624,0.9048055324001227,0.24019099458203716,-1.461440576166749,0.7061304031420315,0.6910700256137552,-0.997471732522988,0.32575473142284794,0.9841231756854657,0
-0.8043672005990544,0.9009088760241706,-1.179024470547907,0.2294069723514394,-0.7423290972289317,-1.177851894974348,0.8577891279455886,0.853056793629862,-0.8447331706696268,0.23238544103697253,-0.997471732522988,-0.24966420660091387,-1.0161329645585022,0
-0.9738162891597597,0.9009088760241706,-1.179024470547907,-0.06319418576146348,-0.7423290972289317,0.9048055324001227,0.24019099458203716,0.853056793629862,0.001192415045823164,0.1177142948927768,-0.7394662468772634,1.0400678958661385,0.9841231756854657,0
-0.8043672005990544,0.9009088760241706,-0.502969299721533,0.23277074861860522,-0.911310674287764,-1.177851894974348,2.4413740852880284,0.2744324511807092,0.001192415045823164,1.379096902478929,-0.4814607612315388,-0.46792656240303043,0.9841231756854657,0
-0.2960199349169384,-1.1099901739376037,1.5251962127575889,0.2351869822753018,-0.06640278899360229,-1.177851894974348,-1.042512820865339,-0.3041918912684436,0.16232109803924238,-1.2583394588375707,-0.997471732522988,1.0003838311748445,0.9841231756854657,0
-0.2960199349169384,0.9009088760241706,0.8491410419312149,0.22733817098524822,0.2715603651240624,-1.177851894974348,-0.19925383108048983,-0.8828162337175963,-1.3482603050240614,-0.570312581972397,-0.4814607612315388,-0.5869787564769122,-1.0161329645585022,0
-0.8043672005990544,-1.1099901739376037,-0.502969299721533,0.23365512172170985,-0.7423290972289317,-1.177851894974348,-0.5674373336626071,-1.461440576166749,0.665848232393677,-0.9143260204049839,-0.7394662468772634,0.5638591195706114,0.9841231756854657,0
-1.143265377720465,-1.1099901739376037,-0.502969299721533,-0.4865246393654399,-0.911310674287764,0.21058638994196582,0.38271364074285674,0.2744324511807092,-0.707102420612748,1.1497546101905376,-0.997471732522988,0.26622863438590705,0.9841231756854657,0
-0.9738162891597597,-1.1099901739376037,1.5251962127575889,-0.7527841129072977,-0.7423290972289317,0.9048055324001227,0.25602684415546156,0.853056793629862,1.9750187817152072,2.411137217776689,-0.7394662468772634,-1.4005020826484376,-1.0161329645585022,1
-0.634918112038349,0.9009088760241706,-1.179024470547907,-0.6624990945064199,-0.7423290972289317,0.9048055324001227,0.25602684415546156,0.2744324511807092,-1.7510820125076092,1.8377814870557112,-0.4814607612315388,-0.4282424977117365,-1.0161329645585022,1
-0.8043672005990544,-1.1099901739376037,0.8491410419312149,0.23226539255968828,-0.911310674287764,-1.177851894974348,-0.8524826259842462,-0.8828162337175963,0.6893461653302174,-1.143668312693375,-0.7394662468772634,-0.46792656240303043,-1.0161329645585022,0
-0.634918112038349,-1.1099901739376037,-0.502969299721533,0.22909112481461633,-0.404365943111267,-1.177851894974348,1.6495816066168083,-1.461440576166749,-0.21364582894540246,0.8057411717579506,-0.997471732522988,0.6035431842619053,-1.0161329645585022,0
-0.46546902347764374,0.9009088760241706,-0.502969299721533,0.23973518680555417,-0.404365943111267,-1.177851894974348,-0.2507203421941191,-0.8828162337175963,-1.7510820125076092,-0.6849837281165926,-0.997471732522988,0.14717644031202531,-1.0161329645585022,0
-0.46546902347764374,0.9009088760241706,0.8491410419312149,0.23447632531744986,-0.23538436605243465,-1.177851894974348,-0.5674373336626071,1.4316811360790147,0.001192415045823164,-0.9143260204049839,-0.4814607612315388,0.06780831092943747,-1.0161329645585022,0
-0.9738162891597597,0.9009088760241706,0.8491410419312149,-0.4886092331084722,-0.911310674287764,0.21058638994196582,-0.7257958293968509,-0.8828162337175963,1.7736079279734327,-0.45564143582820127,-0.4814607612315388,0.6630692812988462,0.9841231756854657,0
-0.8043672005990544,-1.1099901739376037,1.5251962127575889,0.23359195221434523,-0.5733475201700994,-1.177851894974348,-0.7891392276905486,-0.8828162337175963,-1.1233515183457474,-1.0289971665491795,-0.997471732522988,-0.4877685947486774,0.9841231756854657,0
-0.634918112038349,0.9009088760241706,0.8491410419312149,-0.48499277881184794,-0.911310674287764,0.21058638994196582,0.38271364074285674,1.4316811360790147,-1.6705176710108995,1.1497546101905376,-0.4814607612315388,-0.7853990799333818,0.9841231756854657,0
-0.634918112038349,-1.1099901739376037,-1.179024470547907,0.23242331632809984,-0.23538436605243465,-1.177851894974348,-0.9474977234247925,-1.461440576166749,-1.8752853723150364,-1.143668312693375,-0.4814607612315388,-0.190138109563973,0.9841231756854657,0
-0.8043672005990544,-1.1099901739376037,-0.502969299721533,0.23204429928391213,-0.404365943111267,-1.177851894974348,0.4460570390365543,-0.8828162337175963,-1.2475548781531747,-0.11162799739561437,-0.7394662468772634,-0.4877685947486774,0.9841231756854657,0
-0.2960199349169384,0.9009088760241706,-0.502969299721533,-0.5663866890511561,-0.911310674287764,0.9048055324001227,0.25602684415546156,0.2744324511807092,0.001192415045823164,1.2644257563347332,-0.7394662468772634,-1.102871597463733,-1.0161329645585022,1
-0.2960199349169384,0.9009088760241706,0.8491410419312149,0.22929642571355133,-0.23538436605243465,-1.177851894974348,0.38271364074285674,0.853056793629862,0.8135495251376443,-0.11162799739561437,-0.4814607612315388,-0.32903233598350173,0.9841231756854657,0
-0.46546902347764374,0.9009088760241706,1.5251962127575889,-0.6586773393108606,-0.06640278899360229,0.9048055324001227,0.25602684415546156,1.4316811360790147,2.102578989084997,1.7231103409115156,-0.4814607612315388,0.5241750548793175,-1.0161329645585022,1
-0.9738162891597597,-1.1099901739376037,-1.179024470547907,-0.4830029393298625,-0.911310674287764,0.9048055324001227,0.25602684415546156,1.4316811360790147,-1.0495008719737637,1.035083464046342,-0.997471732522988,-0.03140185079879733,0.9841231756854657,0
-0.634918112038349,0.9009088760241706,-0.502969299721533,-0.45849317047239135,-0.23538436605243465,0.9048055324001227,0.25602684415546156,0.2744324511807092,-0.12972463988633004,0.9204123179021463,-0.7394662468772634,-1.4203441149940845,0.9841231756854657,0
-0.9738162891597597,-1.1099901739376037,-0.502969299721533,0.23663988094468796,-0.911310674287764,-1.177851894974348,0.38271364074285674,-0.8828162337175963,-1.4993184453303918,-0.11162799739561437,-0.7394662468772634,0.9606997664835506,0.9841231756854657,0
-1.143265377720465,-1.1099901739376037,-0.502969299721533,-0.45092862196547856,-0.911310674287764,0.9048055324001227,0.25602684415546156,1.4316811360790147,1.934736610966852,0.9204123179021463,-0.4814607612315388,1.0599099282117854,-1.0161329645585022,0
-0.46546902347764374,-1.1099901739376037,1.5251962127575889,0.23629244865418259,-0.7423290972289317,-1.177851894974348,0.06599664927436881,-1.461440576166749,-1.7510820125076092,-0.34097028968400567,-0.997471732522988,0.18686050500331922,0.9841231756854657,0
-0.8043672005990544,0.9009088760241706,0.8491410419312149,0.23206009166075328,-0.911310674287764,-1.177851894974348,-0.5674373336626071,1.4316811360790147,-1.3751150855229646,-0.9143260204049839,-0.4814607612315388,0.40512286080543575,0.9841231756854657,0
-0.9738162891597597,-1.1099901739376037,-1.179024470547907,-0.44906512149822236,-0.911310674287764,0.9048055324001227,0.25602684415546156,-0.8828162337175963,0.001192415045823164,0.9204123179021463,-0.4814607612315388,1.1789621222856672,-1.0161329645585022,0
-0.2960199349169384,0.9009088760241706,-1.179024470547907,0.2296122732503744,-0.7423290972289317,-1.177851894974348,-1.240460940533144,0.853056793629862,-0.21700267650776528,-1.3730106049817663,-0.997471732522988,0.6432272489531993,0.9841231756854657,0
-0.8043672005990544,0.9009088760241706,0.8491410419312149,-0.39447087475835274,-0.06640278899360229,0.9048055324001227,0.25602684415546156,0.853056793629862,-0.1397951825734185,0.6910700256137552,-0.997471732522988,1.1789621222856672,-1.0161329645585022,0
-0.46546902347764374,-1.1099901739376037,1.5251962127575889,0.23123888806501328,-0.23538436605243465,-1.177851894974348,0.6994306322113446,1.4316811360790147,-1.173704231781191,0.1177142948927768,-0.7394662468772634,-0.03140185079879733,0.9841231756854657,0
-0.8043672005990544,0.9009088760241706,1.5251962127575889,0.12165558516424509,-0.911310674287764,-1.177851894974348,0.38271364074285674,1.4316811360790147,0.8739727812601764,0.003043148748581378,-0.997471732522988,0.10749237562073138,-1.0161329645585022,1
-0.634918112038349,0.9009088760241706,-0.502969299721533,-0.3923073191311146,-0.5733475201700994,0.9048055324001227,0.25602684415546156,0.2744324511807092,0.3469477139692014,0.6910700256137552,-0.7394662468772634,-0.17029607721832604,-1.0161329645585022,0
-0.2960199349169384,-1.1099901739376037,-0.502969299721533,0.23071773962925518,0.10257878806523006,0.21058638994196582,-1.1375279183058853,1.4316811360790147,1.2465828606824585,-1.2583394588375707,-0.7394662468772634,-1.7576586648700827,0.9841231756854657,0
-0.9738162891597597,0.9009088760241706,0.8491410419312149,0.23471321097006717,-0.5733475201700994,-1.177851894974348,0.8577891279455886,-1.461440576166749,-1.0495008719737637,0.23238544103697253,-0.7394662468772634,0.14717644031202531,-1.0161329645585022,0
-0.8043672005990544,0.9009088760241706,-1.179024470547907,0.23248648583546444,-0.911310674287764,-1.177851894974348,2.4413740852880284,1.4316811360790147,1.5352717510456675,1.379096902478929,-0.7394662468772634,-0.17029607721832604,0.9841231756854657,0
-0.46546902347764374,0.9009088760241706,0.8491410419312149,0.2295806884966921,-0.06640278899360229,-1.177851894974348,-1.1375279183058853,-1.461440576166749,0.2865244578466693,-1.2583394588375707,-0.4814607612315388,0.9606997664835506,-1.0161329645585022,0
-0.634918112038349,0.9009088760241706,1.5251962127575889,0.22948593423564517,-0.7423290972289317,-1.177851894974348,0.034324950127520015,-0.3041918912684436,-0.005521280078902488,-0.45564143582820127,-0.7394662468772634,-0.6465048535138531,0.9841231756854657,0
-0.8043672005990544,-1.1099901739376037,-1.179024470547907,0.23956147066030148,-0.911310674287764,-1.177851894974348,-1.359229812333827,-0.8828162337175963,-0.37813135950118393,-1.487681751125962,-0.7394662468772634,-0.24966420660091387,0.9841231756854657,0
-0.634918112038349,-1.1099901739376037,-0.502969299721533,-0.2974583038231432,0.10257878806523006,0.9048055324001227,0.25602684415546156,1.4316811360790147,0.954537122756886,0.4617277333253637,-0.7394662468772634,1.4369085427790778,0.9841231756854657,0
-0.8043672005990544,0.9009088760241706,-0.502969299721533,0.11350671871420957,-0.404365943111267,-1.177851894974348,1.4912231108825644,-0.8828162337175963,0.001192415045823164,0.9204123179021463,-0.997471732522988,1.4369085427790778,-1.0161329645585022,1
-0.9738162891597597,0.9009088760241706,0.8491410419312149,-0.2591933747370268,-0.5733475201700994,0.9048055324001227,0.25602684415546156,0.2744324511807092,-1.4724636648314886,0.4617277333253637,-0.4814607612315388,-0.17029607721832604,-1.0161329645585022,0
-0.8043672005990544,-1.1099901739376037,1.5251962127575889,0.23692414372782875,-0.5733475201700994,-1.177851894974348,-0.5436835593024705,-0.8828162337175963,-1.0495008719737637,-0.9143260204049839,-0.997471732522988,-0.7457150152420878,0.9841231756854657,0
-0.8043672005990544,0.9009088760241706,0.8491410419312149,-0.22001248779412355,-0.911310674287764,0.9048055324001227,0.25602684415546156,-0.8828162337175963,1.0015329886299666,0.3470565871811683,-0.997471732522988,0.46464895784237664,-1.0161329645585022,0
-0.9738162891597597,-1.1099901739376037,1.5251962127575889,0.2310967566734429,-0.911310674287764,-1.177851894974348,1.3328646151483206,-0.8828162337175963,-0.005521280078902488,0.5763988794695595,-0.7394662468772634,-0.4282424977117365,-1.0161329645585022,0
-0.9738162891597597,0.9009088760241706,-0.502969299721533,0.23084407864398443,-0.911310674287764,-1.177851894974348,-0.2903099661276801,0.2744324511807092,-1.173704231781191,-0.6849837281165926,-0.4814607612315388,0.9011736694466097,0.9841231756854657,0
-0.9738162891597597,0.9009088760241706,0.8491410419312149,0.23221801542916484,-0.911310674287764,-1.177851894974348,1.0161476236798326,-0.8828162337175963,1.8273174889712391,0.3470565871811683,-0.997471732522988,-0.3488743683291487,-1.0161329645585022,0
-0.9738162891597597,0.9009088760241706,0.8491410419312149,0.22684860730317244,-0.7423290972289317,-1.177851894974348,1.0161476236798326,-0.8828162337175963,1.8273174889712391,0.3470565871811683,-0.7394662468772634,0.7622794430270811,-1.0161329645585022,0
-0.634918112038349,0.9009088760241706,1.5251962127575889,0.22842784498728785,-0.23538436605243465,-1.177851894974348,0.7786098800784667,0.853056793629862,-1.173704231781191,0.1177142948927768,-0.4814607612315388,-0.32903233598350173,-1.0161329645585022,0
-0.8043672005990544,0.9009088760241706,1.5251962127575889,-0.11083978669122535,-0.23538436605243465,0.9048055324001227,0.25602684415546156,-0.8828162337175963,-0.07601507888852362,0.1177142948927768,-0.7394662468772634,0.4448069254967297,0.9841231756854657,0
-0.634918112038349,0.9009088760241706,0.8491410419312149,0.23190216789234175,-0.7423290972289317,0.21058638994196582,2.4413740852880284,-0.8828162337175963,0.3939435798422821,1.379096902478929,-0.4814607612315388,-1.0631875327724392,0.9841231756854657,0
-0.634918112038349,-1.1099901739376037,0.8491410419312149,-0.08874625149045079,-0.7423290972289317,0.9048055324001227,0.25602684415546156,0.853056793629862,-0.34120603631519225,0.1177142948927768,-0.7394662468772634,-0.24966420660091387,0.9841231756854657,0
-0.9738162891597597,0.9009088760241706,1.5251962127575889,-0.08628264070323076,-0.911310674287764,0.9048055324001227,0.25602684415546156,0.853056793629862,-1.4724636648314886,0.1177142948927768,-0.4814607612315388,-0.8250831446246757,0.9841231756854657,0
-0.9738162891597597,0.9009088760241706,1.5251962127575889,0.23382883786696254,-0.911310674287764,0.21058638994196582,-0.8841543251310949,0.853056793629862,-1.0964967378468442,-1.143668312693375,-0.4814607612315388,0.5837011519162584,0.9841231756854657,0
-0.46546902347764374,0.9009088760241706,0.8491410419312149,0.23994048770448917,-0.404365943111267,-1.177851894974348,0.7311023313581935,-0.3041918912684436,0.15896425047687956,0.1177142948927768,-0.7394662468772634,-0.5076106270943244,0.9841231756854657,0
-0.9738162891597597,-1.1099901739376037,0.8491410419312149,-0.14921526241522978,-0.5733475201700994,0.9048055324001227,0.25602684415546156,-1.461440576166749,0.7229146409538463,0.23238544103697253,-0.7394662468772634,0.5638591195706114,-1.0161329645585022,1
-0.634918112038349,0.9009088760241706,0.8491410419312149,0.23100200241239596,-0.06640278899360229,-1.177851894974348,-0.2507203421941191,-1.461440576166749,0.7430557263280237,-0.6849837281165926,-0.997471732522988,-0.5274526594399713,-1.0161329645585022,0
-0.8043672005990544,0.9009088760241706,0.8491410419312149,0.23108096429660174,-0.911310674287764,-1.177851894974348,1.0161476236798326,-0.8828162337175963,0.2965950005337584,0.3470565871811683,-0.7394662468772634,-1.5195542767223194,-1.0161329645585022,0
-0.9738162891597597,-1.1099901739376037,0.8491410419312149,0.23052823110716134,-0.23538436605243465,-1.177851894974348,0.0026532509806712224,-1.461440576166749,-0.018948670328354386,-0.45564143582820127,-0.997471732522988,0.6829113136444932,-1.0161329645585022,0
-0.46546902347764374,-1.1099901739376037,-0.502969299721533,-0.08407170794546918,-0.404365943111267,-1.177851894974348,1.6495816066168083,0.2744324511807092,1.253296555807184,1.4937680486231246,-0.997471732522988,0.32575473142284794,-1.0161329645585022,1
-0.46546902347764374,-1.1099901739376037,-0.502969299721533,0.04602589247195817,-0.404365943111267,0.9048055324001227,0.25602684415546156,0.853056793629862,0.3301634761573873,0.003043148748581378,-0.997471732522988,-0.9639773710442044,-1.0161329645585022,0
-0.9738162891597597,-1.1099901739376037,0.8491410419312149,0.06775620300538619,-0.911310674287764,0.9048055324001227,0.25602684415546156,1.4316811360790147,0.001192415045823164,-0.11162799739561437,-0.997471732522988,-0.32903233598350173,0.9841231756854657,0
-0.634918112038349,0.9009088760241706,0.8491410419312149,0.09840920645406627,-0.7423290972289317,0.9048055324001227,0.25602684415546156,1.4316811360790147,0.11868207972852446,-0.11162799739561437,-0.7394662468772634,-0.6465048535138531,-1.0161329645585022,0
-0.634918112038349,-1.1099901739376037,-1.179024470547907,-0.08103957159196759,-0.911310674287764,-1.177851894974348,0.6202513843442227,0.2744324511807092,-0.059230841076708896,0.4617277333253637,-0.997471732522988,-0.38855843302044263,-1.0161329645585022,1
-0.9738162891597597,0.9009088760241706,-0.502969299721533,0.23529752891318986,-0.7423290972289317,-0.4836327525161911,-0.6307807319563046,0.853056793629862,0.001192415045823164,-0.9143260204049839,-0.997471732522988,0.7027533459901402,0.9841231756854657,0
-0.46546902347764374,-1.1099901739376037,-1.179024470547907,0.1120538200448234,-0.7423290972289317,0.9048055324001227,0.25602684415546156,0.853056793629862,-0.21700267650776528,-0.11162799739561437,-0.997471732522988,1.337698381050843,-1.0161329645585022,0
-0.46546902347764374,0.9009088760241706,0.8491410419312149,0.2289332010462048,-0.23538436605243465,-1.177851894974348,2.4413740852880284,-0.3041918912684436,-0.45869570099789353,1.379096902478929,-0.4814607612315388,-0.17029607721832604,-1.0161329645585022,0
-0.2960199349169384,-1.1099901739376037,-1.179024470547907,0.23791906346882147,-0.7423290972289317,0.9048055324001227,0.25602684415546156,1.4316811360790147,0.23617174441122635,-0.2262991435398101,-0.7394662468772634,-0.09092794783573821,-1.0161329645585022,0
-0.46546902347764374,0.9009088760241706,-0.502969299721533,0.2726622925193604,-0.5733475201700994,0.9048055324001227,0.25602684415546156,-0.3041918912684436,0.001192415045823164,-0.2262991435398101,-0.7394662468772634,-0.03140185079879733,-1.0161329645585022,0
-0.46546902347764374,-1.1099901739376037,-1.179024470547907,0.24005103434237726,-0.7423290972289317,-1.177851894974348,-0.5674373336626071,0.2744324511807092,-1.4993184453303918,-0.9143260204049839,-0.7394662468772634,0.9210157017922567,0.9841231756854657,0
-0.46546902347764374,0.9009088760241706,-0.502969299721533,0.30623688568365404,-0.911310674287764,0.9048055324001227,0.25602684415546156,0.853056793629862,-1.8752853723150364,-0.34097028968400567,-0.4814607612315388,0.7424374106814341,-1.0161329645585022,0
-0.8043672005990544,-1.1099901739376037,1.5251962127575889,-0.08514558957066766,-0.23538436605243465,-1.177851894974348,0.8577891279455886,0.2744324511807092,1.9515208487786668,0.6910700256137552,-0.7394662468772634,0.801963507718375,-1.0161329645585022,1
-0.634918112038349,0.9009088760241706,-0.502969299721533,0.4051287494629609,-0.5733475201700994,0.9048055324001227,0.25602684415546156,-0.8828162337175963,0.001192415045823164,-0.34097028968400567,-0.4814607612315388,-0.6663468858595001,0.9841231756854657,0
-0.634918112038349,-1.1099901739376037,-0.502969299721533,0.2446782007568354,-0.911310674287764,0.21058638994196582,-0.8841543251310949,-0.8828162337175963,-1.8752853723150364,-1.143668312693375,-0.7394662468772634,0.2463866020402601,0.9841231756854657,0
-0.9738162891597597,-1.1099901739376037,-0.502969299721533,0.2373189531488576,-0.911310674287764,-1.177851894974348,-0.7257958293968509,1.4316811360790147,2.17642963545698,-1.0289971665491795,-0.7394662468772634,-1.4401861473397315,0.9841231756854657,0
-0.634918112038349,-1.1099901739376037,-0.502969299721533,0.2392772078771607,-0.404365943111267,-1.177851894974348,1.2378495177077742,1.4316811360790147,0.830333762949459,0.4617277333253637,-0.997471732522988,0.5440170872249644,0.9841231756854657,0
-0.2960199349169384,-1.1099901739376037,1.5251962127575889,0.6490420097745857,-0.5733475201700994,0.9048055324001227,0.25602684415546156,-0.8828162337175963,0.9981761410676039,-0.570312581972397,-0.997471732522988,1.258330251668255,-1.0161329645585022,0
-0.9738162891597597,0.9009088760241706,0.8491410419312149,0.23878764419508494,-0.911310674287764,-1.177851894974348,1.2536853672811985,-0.8828162337175963,-0.11965409719924096,0.4617277333253637,-0.997471732522988,-0.22982217425526694,0.9841231756854657,0
-0.2960199349169384,-1.1099901739376037,-0.502969299721533,0.23864551280351454,-0.404365943111267,-1.177851894974348,-0.2507203421941191,-0.3041918912684436,0.16232109803924238,-0.6849837281165926,-0.4814607612315388,-1.7973427295613766,0.9841231756854657,0
-0.634918112038349,-1.1099901739376037,-1.179024470547907,0.23799802535302722,-0.23538436605243465,-1.177851894974348,-0.5674373336626071,1.4316811360790147,-1.1804179269059165,-0.9143260204049839,-0.4814607612315388,0.26622863438590705,0.9841231756854657,0
-0.8043672005990544,0.9009088760241706,0.8491410419312149,0.24415705232107732,-0.404365943111267,-1.177851894974348,-0.3774071387815143,-0.8828162337175963,-1.1804179269059165,-0.6849837281165926,-0.7394662468772634,-1.2814498885745558,0.9841231756854657,0
-0.46546902347764374,0.9009088760241706,0.8491410419312149,0.126772315260779,-0.06640278899360229,-1.177851894974348,1.0161476236798326,1.4316811360790147,1.4345663241747801,0.4617277333253637,-0.4814607612315388,-0.5076106270943244,-1.0161329645585022,1
-0.8043672005990544,-1.1099901739376037,-1.179024470547907,0.24366748863900153,-0.911310674287764,-1.177851894974348,-0.7574675285436998,-1.461440576166749,-1.2979075915886182,-1.0289971665491795,-0.4814607612315388,-1.5989224061049072,0.9841231756854657,0
-0.634918112038349,-1.1099901739376037,0.8491410419312149,0.8365133152559259,-0.911310674287764,0.9048055324001227,0.25602684415546156,-0.8828162337175963,-1.1804179269059165,-0.6849837281165926,-0.4814607612315388,-0.11076998018138517,0.9841231756854657,0
-0.46546902347764374,0.9009088760241706,-1.179024470547907,0.23581867734894796,-0.23538436605243465,-1.177851894974348,1.0161476236798326,-1.461440576166749,-1.0495008719737637,0.3470565871811683,-0.997471732522988,0.305912699077201,-1.0161329645585022,0
-0.634918112038349,0.9009088760241706,1.5251962127575889,2.168189700009403,-0.5733475201700994,0.9048055324001227,0.25602684415546156,0.853056793629862,-1.7510820125076092,-1.0289971665491795,-0.4814607612315388,-0.5472946917856183,0.9841231756854657,0
-0.46546902347764374,-1.1099901739376037,0.8491410419312149,-0.39388655681523,-0.5733475201700994,0.9048055324001227,0.2639447689421738,-1.461440576166749,-0.5459737376193288,0.6910700256137552,-0.997471732522988,-0.051243883144444294,0.9841231756854657,0
-0.46546902347764374,-1.1099901739376037,-0.502969299721533,0.1735809202179597,-0.404365943111267,0.9048055324001227,0.2639447689421738,-0.3041918912684436,0.001192415045823164,-0.2262991435398101,-0.7394662468772634,0.40512286080543575,0.9841231756854657,0
-0.9738162891597597,-1.1099901739376037,-0.502969299721533,0.1272934636965371,-0.7423290972289317,-1.177851894974348,-0.5832731832360314,0.853056793629862,-1.1804179269059165,-0.7996548742607882,-0.7394662468772634,-0.44808453005738347,-1.0161329645585022,1
-0.2960199349169384,0.9009088760241706,-0.502969299721533,-0.07672825271433253,-0.5733475201700994,-1.177851894974348,0.06599664927436881,0.2744324511807092,1.2835081838684501,-0.11162799739561437,-0.4814607612315388,-1.142555662155027,-1.0161329645585022,1
-1.143265377720465,-1.1099901739376037,1.5251962127575889,-0.5846742614332125,-0.7423290972289317,0.9048055324001227,0.27186269372888594,0.2744324511807092,0.8336906105118219,1.379096902478929,-0.7394662468772634,1.298014316359549,-1.0161329645585022,1
-0.2960199349169384,-1.1099901739376037,-1.179024470547907,-0.45192354170647125,-0.404365943111267,0.9048055324001227,0.27186269372888594,-0.8828162337175963,0.7430557263280237,0.9204123179021463,-0.4814607612315388,-0.30919030363785477,0.9841231756854657,0
-0.46546902347764374,-1.1099901739376037,0.8491410419312149,0.24338322585586078,-0.404365943111267,-1.177851894974348,0.06599664927436881,0.2744324511807092,-0.4654093961226198,-0.45564143582820127,-0.997471732522988,-2.630708088078549,0.9841231756854657,0
-0.9738162891597597,0.9009088760241706,-1.179024470547907,0.24445710748105925,-0.911310674287764,-1.177851894974348,-0.646616581529729,-0.8828162337175963,1.2096575374964662,-0.9143260204049839,-0.4814607612315388,0.4844909901880236,-1.0161329645585022,0
-0.8043672005990544,-1.1099901739376037,0.8491410419312149,0.24731552768930815,-0.911310674287764,0.21058638994196582,1.6495816066168083,1.4316811360790147,0.4745079213389917,0.8057411717579506,-0.7394662468772634,0.286070666731554,-1.0161329645585022,0
-0.2960199349169384,0.9009088760241706,-1.179024470547907,0.24551519672941657,-0.7423290972289317,-1.177851894974348,1.2536853672811985,0.2744324511807092,0.27645391515958084,0.4617277333253637,-0.997471732522988,-0.40840046536608954,-1.0161329645585022,0
-0.9738162891597597,-1.1099901739376037,0.8491410419312149,0.13171532921206022,-0.911310674287764,-1.177851894974348,-0.3298995900612411,0.853056793629862,0.001192415045823164,-0.6849837281165926,-0.997471732522988,-1.4203441149940845,-1.0161329645585022,1
-0.9738162891597597,0.9009088760241706,-1.179024470547907,-0.3863693854388407,-0.5733475201700994,0.9048055324001227,0.27186269372888594,-0.8828162337175963,0.830333762949459,0.6910700256137552,-0.997471732522988,1.0599099282117854,0.9841231756854657,0
-0.9738162891597597,-1.1099901739376037,-0.502969299721533,0.24483612452524695,-0.911310674287764,0.21058638994196582,0.06599664927436881,0.2744324511807092,0.03476089066945202,-0.45564143582820127,-0.997471732522988,0.14717644031202531,0.9841231756854657,0
-0.8043672005990544,-1.1099901739376037,-0.502969299721533,0.10062013921182784,-0.7423290972289317,0.9048055324001227,0.27186269372888594,0.2744324511807092,-1.1804179269059165,-0.11162799739561437,-0.997471732522988,-0.8250831446246757,-1.0161329645585022,0
-1.143265377720465,0.9009088760241706,0.8491410419312149,-0.6966422132369949,-0.911310674287764,0.9048055324001227,0.2758216561222421,-1.461440576166749,-0.3680608168140954,2.0671237793441026,-0.7394662468772634,-2.094973214746081,-1.0161329645585022,1
-0.9738162891597597,0.9009088760241706,-0.502969299721533,0.2502213250280805,-0.7423290972289317,-1.177851894974348,0.1253810851747103,0.2744324511807092,-1.4724636648314886,-0.34097028968400567,-0.4814607612315388,0.008282213892496587,-1.0161329645585022,0
-0.8043672005990544,-1.1099901739376037,-1.179024470547907,0.25225854164058936,-0.911310674287764,-1.177851894974348,1.3051518783948277,-0.8828162337175963,-1.4724636648314886,0.5763988794695595,-0.997471732522988,-0.8846092416616166,0.9841231756854657,0
-0.46546902347764374,0.9009088760241706,-0.502969299721533,-0.5686923760699646,-0.5733475201700994,0.9048055324001227,0.2758216561222421,0.2744324511807092,0.5651428055227898,1.379096902478929,-0.4814607612315388,-0.5076106270943244,-1.0161329645585022,1
-0.634918112038349,0.9009088760241706,1.5251962127575889,0.248736841605012,-0.7423290972289317,-1.177851894974348,-0.2507203421941191,0.853056793629862,-1.6839450612603513,-0.6849837281165926,-0.7394662468772634,0.32575473142284794,0.9841231756854657,0
-0.46546902347764374,0.9009088760241706,-1.179024470547907,-0.6776597762739278,-0.7423290972289317,0.9048055324001227,0.28769854330231037,1.4316811360790147,-1.173704231781191,1.952452633199907,-0.4814607612315388,-0.11076998018138517,-1.0161329645585022,1
-0.2960199349169384,-1.1099901739376037,0.8491410419312149,-0.454355567740009,-0.7423290972289317,0.9048055324001227,0.28769854330231037,-0.8828162337175963,-1.1233515183457474,0.9204123179021463,-0.7394662468772634,-2.3330776028938445,0.9841231756854657,0
-0.634918112038349,0.9009088760241706,1.5251962127575889,-0.43241995630764596,-0.23538436605243465,0.9048055324001227,0.28769854330231037,0.2744324511807092,0.001192415045823164,0.9204123179021463,-0.997471732522988,-0.011559818453150373,-1.0161329645585022,0
-0.46546902347764374,0.9009088760241706,-0.502969299721533,0.24627323081779195,-0.404365943111267,0.21058638994196582,0.6994306322113446,1.4316811360790147,-1.371758237960602,0.1177142948927768,-0.997471732522988,1.298014316359549,-1.0161329645585022,0
-0.9738162891597597,0.9009088760241706,-1.179024470547907,0.2518005627121959,-0.911310674287764,-1.177851894974348,4.024959042630468,1.4316811360790147,0.9377528849450718,2.640479510065081,-0.997471732522988,0.6035431842619053,0.9841231756854657,0
-0.9738162891597597,-1.1099901739376037,1.5251962127575889,-0.30165907606289016,-0.911310674287764,0.9048055324001227,0.28769854330231037,-0.8828162337175963,2.206641263518246,0.5763988794695595,-0.4814607612315388,0.6233852166075523,0.9841231756854657,0
-0.8043672005990544,0.9009088760241706,0.8491410419312149,-0.11215055396904114,-0.5733475201700994,0.9048055324001227,0.28769854330231037,0.853056793629862,1.417782086362966,0.23238544103697253,-0.4814607612315388,0.18686050500331922,-1.0161329645585022,0
-0.46546902347764374,-1.1099901739376037,-0.502969299721533,0.25123203714591436,-0.404365943111267,-1.177851894974348,0.06599664927436881,-1.461440576166749,-1.7510820125076092,-0.45564143582820127,-0.997471732522988,0.16701847265767225,0.9841231756854657,0
-0.46546902347764374,-1.1099901739376037,0.8491410419312149,0.25405887260048093,-0.7423290972289317,-1.177851894974348,1.6495816066168083,-0.3041918912684436,-1.3751150855229646,0.8057411717579506,-0.7394662468772634,-0.8449251769703227,-1.0161329645585022,0
-0.9738162891597597,0.9009088760241706,-0.502969299721533,-0.0760491805101629,-0.7423290972289317,-1.177851894974348,-1.2008713165995828,0.2744324511807092,0.7866947446387411,-1.2583394588375707,-0.4814607612315388,-1.0631875327724392,-1.0161329645585022,1
-0.634918112038349,0.9009088760241706,1.5251962127575889,-0.018391212663109342,-0.5733475201700994,0.9048055324001227,0.28769854330231037,-0.3041918912684436,0.2965950005337584,0.003043148748581378,-0.7394662468772634,1.5559607368529593,-1.0161329645585022,0
-0.634918112038349,0.9009088760241706,1.5251962127575889,0.13575817768339568,-0.404365943111267,0.9048055324001227,0.28769854330231037,-1.461440576166749,1.286865031430813,-0.11162799739561437,-0.4814607612315388,-1.102871597463733,-1.0161329645585022,1
-0.46546902347764374,0.9009088760241706,0.8491410419312149,0.24737869719667274,0.10257878806523006,-1.177851894974348,-0.09236184645987515,-1.461440576166749,-1.4254677989584081,-0.570312581972397,-0.4814607612315388,-2.2140254088199627,0.9841231756854657,0
-0.46546902347764374,-1.1099901739376037,0.8491410419312149,-0.07578071010386328,-0.7423290972289317,-1.177851894974348,1.3803721638685937,0.2744324511807092,-0.12972463988633004,1.1497546101905376,-0.7394662468772634,-3.206127026102311,-1.0161329645585022,1
-0.9738162891597597,0.9009088760241706,-1.179024470547907,0.2572331403455529,-0.911310674287764,-1.177851894974348,0.06599664927436881,-0.8828162337175963,-0.005521280078902488,-0.45564143582820127,-0.997471732522988,0.08765034327508442,0.9841231756854657,0
-0.8043672005990544,-1.1099901739376037,-1.179024470547907,0.25077405821752086,-0.911310674287764,-1.177851894974348,-1.01084112171849,-0.8828162337175963,-1.0495008719737637,-1.2583394588375707,-0.997471732522988,-0.36871640067479566,0.9841231756854657,0
-0.8043672005990544,-1.1099901739376037,-0.502969299721533,0.7968270722541057,-0.404365943111267,0.9048055324001227,0.29165750569566645,1.4316811360790147,-0.21364582894540246,-0.570312581972397,-0.7394662468772634,0.9011736694466097,0.9841231756854657,0
-0.8043672005990544,0.9009088760241706,0.8491410419312149,0.2531587071205351,-0.7423290972289317,-1.177851894974348,1.0161476236798326,-0.8828162337175963,0.5785701957722418,0.3470565871811683,-0.4814607612315388,1.35754041339649,-1.0161329645585022,0
-0.9738162891597597,-1.1099901739376037,-1.179024470547907,0.25374302506365787,-0.911310674287764,-1.177851894974348,0.22435514500861276,1.4316811360790147,0.7061304031420315,-0.34097028968400567,-0.4814607612315388,-0.2893482712922078,-1.0161329645585022,0
-0.2960199349169384,0.9009088760241706,0.17308587110484092,0.2512478295227555,-0.23538436605243465,-1.177851894974348,0.6994306322113446,0.853056793629862,0.860545391010725,0.1177142948927768,-0.7394662468772634,1.0003838311748445,-1.0161329645585022,0
-0.46546902347764374,0.9009088760241706,-0.502969299721533,0.2518005627121959,-0.5733475201700994,0.21058638994196582,0.7786098800784667,1.4316811360790147,0.15896425047687956,0.1177142948927768,-0.7394662468772634,-1.8171847619070236,-1.0161329645585022,0
-0.2960199349169384,0.9009088760241706,1.5251962127575889,0.25672778428663595,0.10257878806523006,-1.177851894974348,1.4120438630154424,-1.461440576166749,0.001192415045823164,0.5763988794695595,-0.7394662468772634,1.3972244780877838,-1.0161329645585022,0
-0.46546902347764374,0.9009088760241706,0.8491410419312149,0.2523690882784774,-0.404365943111267,-1.177851894974348,0.8577891279455886,0.2744324511807092,0.9343960373827085,0.23238544103697253,-0.997471732522988,-0.15045404487267908,0.9841231756854657,0
-0.46546902347764374,-1.1099901739376037,1.5251962127575889,0.24641536220936236,0.10257878806523006,-1.177851894974348,-0.3298995900612411,0.853056793629862,-0.33449234119046656,-0.6849837281165926,-0.7394662468772634,-0.5274526594399713,0.9841231756854657,0
-0.8043672005990544,0.9009088760241706,1.5251962127575889,0.25488007619622094,-0.911310674287764,-1.177851894974348,-0.9950052721450657,1.4316811360790147,-1.8752853723150364,-1.2583394588375707,-0.7394662468772634,0.9408577341379036,0.9841231756854657,0
-0.634918112038349,0.9009088760241706,-0.502969299721533,-0.7947444581742441,-0.7423290972289317,0.9048055324001227,0.30353439287573475,-0.8828162337175963,-1.173704231781191,2.869821802353472,-0.7394662468772634,-0.6663468858595001,-1.0161329645585022,1
-0.2960199349169384,-1.1099901739376037,0.8491410419312149,0.25325346138158206,-0.5733475201700994,-1.177851894974348,-0.5555604464825388,0.2744324511807092,-1.6705176710108995,-0.9143260204049839,-0.997471732522988,-0.6465048535138531,0.9841231756854657,0
-0.634918112038349,-1.1099901739376037,-1.179024470547907,0.25448526677519206,-0.911310674287764,0.21058638994196582,-0.9158260242779438,1.4316811360790147,-1.4724636648314886,-1.143668312693375,-0.4814607612315388,-0.8250831446246757,0.9841231756854657,0
-0.8043672005990544,0.9009088760241706,-1.179024470547907,0.26151287446950566,-0.911310674287764,-1.177851894974348,-0.7257958293968509,-0.8828162337175963,-1.8752853723150364,-1.0289971665491795,-0.7394662468772634,-1.5195542767223194,0.9841231756854657,0
-0.8043672005990544,-1.1099901739376037,0.8491410419312149,0.25838598385495715,-0.911310674287764,-1.177851894974348,-0.2507203421941191,-0.8828162337175963,-1.0495008719737637,-0.6849837281165926,-0.4814607612315388,-1.5393963090679663,0.9841231756854657,0
-0.9738162891597597,-1.1099901739376037,-0.502969299721533,0.24962121470811663,-0.911310674287764,-1.177851894974348,-0.765385453330412,1.4316811360790147,-0.25392799969375696,-1.0289971665491795,-0.7394662468772634,-0.7655570475877348,0.9841231756854657,0
-0.2960199349169384,0.9009088760241706,-0.502969299721533,0.2546431905436036,-0.7423290972289317,-1.177851894974348,0.06599664927436881,-0.8828162337175963,0.4107278176540969,-0.45564143582820127,-0.7394662468772634,0.26622863438590705,0.9841231756854657,0
-0.634918112038349,0.9009088760241706,-0.502969299721533,0.261955061021058,-0.7423290972289317,-1.177851894974348,0.38271364074285674,-0.3041918912684436,-0.37813135950118393,-0.2262991435398101,-0.4814607612315388,-1.2616078562289088,0.9841231756854657,0
-0.46546902347764374,0.9009088760241706,0.8491410419312149,-0.06414172837193273,0.2715603651240624,-0.4836327525161911,1.6495816066168083,0.2744324511807092,1.357358830240434,1.379096902478929,-0.7394662468772634,-1.3608180179571436,-1.0161329645585022,1
-0.2960199349169384,-1.1099901739376037,0.17308587110484092,0.25612767396667213,-0.23538436605243465,-1.177851894974348,-0.5674373336626071,-0.8828162337175963,0.11868207972852446,-0.9143260204049839,-0.997471732522988,0.286070666731554,0.9841231756854657,0
-0.2960199349169384,-1.1099901739376037,-1.179024470547907,0.2612128193095237,-0.23538436605243465,-1.177851894974348,-0.2507203421941191,-1.461440576166749,0.5114332445249834,-0.6849837281165926,-0.4814607612315388,-2.154499311783022,0.9841231756854657,0
-0.2960199349169384,-1.1099901739376037,-1.179024470547907,-0.6007824858111896,0.10257878806523006,0.9048055324001227,0.30353439287573475,-1.461440576166749,-1.4724636648314886,1.4937680486231246,-0.7394662468772634,-1.6187644384505542,-1.0161329645585022,1
-0.9738162891597597,0.9009088760241706,-1.179024470547907,0.26043899284430716,-0.911310674287764,-1.177851894974348,-0.4090788379283631,-0.8828162337175963,-1.0964967378468442,-0.7996548742607882,-0.7394662468772634,-1.678290535487495,0.9841231756854657,0
-1.143265377720465,0.9009088760241706,1.5251962127575889,-0.5986189301839516,-0.5733475201700994,0.9048055324001227,0.30353439287573475,-0.3041918912684436,1.4446368668618692,1.4937680486231246,-0.997471732522988,-1.8965528912896115,-1.0161329645585022,1
-0.634918112038349,-1.1099901739376037,-0.502969299721533,0.2623814551957691,-0.404365943111267,-1.177851894974348,-0.3774071387815143,-0.8828162337175963,1.0619562447524988,-0.7996548742607882,-0.7394662468772634,-0.7853990799333818,0.9841231756854657,0
-0.2960199349169384,-1.1099901739376037,-0.502969299721533,0.2566646147792713,-0.06640278899360229,-1.177851894974348,-0.3774071387815143,-1.461440576166749,-0.34120603631519225,-0.7996548742607882,-0.7394662468772634,0.40512286080543575,-1.0161329645585022,0
-0.46546902347764374,-1.1099901739376037,-0.502969299721533,0.2636606377199026,-0.06640278899360229,-1.177851894974348,0.06599664927436881,-0.3041918912684436,0.001192415045823164,-0.45564143582820127,-0.4814607612315388,0.46464895784237664,-1.0161329645585022,0
-0.634918112038349,-1.1099901739376037,1.5251962127575889,0.2708145844289454,0.10257878806523006,0.21058638994196582,0.38271364074285674,-0.8828162337175963,0.8336906105118219,-0.2262991435398101,-0.4814607612315388,1.1789621222856672,-1.0161329645585022,0
-0.8043672005990544,0.9009088760241706,0.8491410419312149,-0.4882302160642845,-0.404365943111267,0.21058638994196582,0.5410721364771007,-0.8828162337175963,-1.2475548781531747,1.4937680486231246,-0.4814607612315388,-1.102871597463733,0.9841231756854657,0
-0.46546902347764374,-1.1099901739376037,-1.179024470547907,0.27176212703941466,-0.23538436605243465,-1.177851894974348,0.06599664927436881,-0.8828162337175963,-1.6705176710108995,-0.45564143582820127,-0.997471732522988,-0.6663468858595001,0.9841231756854657,0
-0.8043672005990544,-1.1099901739376037,-0.502969299721533,0.2642291632861842,-0.7423290972289317,-1.177851894974348,-0.5674373336626071,-1.461440576166749,0.001192415045823164,-0.9143260204049839,-0.7394662468772634,-1.2219237915376149,0.9841231756854657,0
-0.8043672005990544,-1.1099901739376037,0.8491410419312149,-0.6035619441352328,-0.404365943111267,0.9048055324001227,0.30353439287573475,-1.461440576166749,0.16232109803924238,1.6084391947673204,-0.997471732522988,-1.4600281796853785,-1.0161329645585022,1
-0.8043672005990544,0.9009088760241706,-0.502969299721533,0.27198322031519084,-0.7423290972289317,-1.177851894974348,2.2830155895537843,-0.8828162337175963,1.7836784706605218,1.2644257563347332,-0.7394662468772634,-1.658448503141848,0.9841231756854657,0
-0.8043672005990544,0.9009088760241706,-1.179024470547907,-0.49031480980731684,-0.911310674287764,0.21058638994196582,-1.042512820865339,-0.8828162337175963,-1.1233515183457474,-0.9143260204049839,-0.7394662468772634,-1.182239726846321,0.9841231756854657,0
-0.2960199349169384,-1.1099901739376037,0.8491410419312149,0.15204011820662555,0.10257878806523006,-1.177851894974348,0.8577891279455886,-0.8828162337175963,-0.3680608168140954,0.3470565871811683,-0.7394662468772634,-0.03140185079879733,-1.0161329645585022,1
-0.2960199349169384,-1.1099901739376037,0.17308587110484092,-0.4522867663738178,-0.5733475201700994,0.9048055324001227,0.30353439287573475,-0.8828162337175963,-0.018948670328354386,0.9204123179021463,-0.4814607612315388,0.286070666731554,0.9841231756854657,0
-0.2960199349169384,0.9009088760241706,1.5251962127575889,0.2682404270038373,-0.404365943111267,-1.177851894974348,0.38271364074285674,1.4316811360790147,1.7736079279734327,-0.2262991435398101,-0.997471732522988,1.2186461869769611,-1.0161329645585022,0
-0.634918112038349,0.9009088760241706,-0.502969299721533,-0.44788069323513585,-0.23538436605243465,0.9048055324001227,0.30353439287573475,-1.461440576166749,-1.0495008719737637,0.9204123179021463,-0.997471732522988,0.9011736694466097,-1.0161329645585022,0
-0.46546902347764374,0.9009088760241706,-1.179024470547907,0.26782982520596726,-0.5733475201700994,-1.177851894974348,-0.8841543251310949,1.4316811360790147,2.6933841600608672,-1.143668312693375,-0.7394662468772634,-0.17029607721832604,-1.0161329645585022,0
-0.46546902347764374,0.9009088760241706,1.5251962127575889,0.2681456727427904,-0.5733475201700994,-1.177851894974348,-0.5674373336626071,-0.3041918912684436,-1.0427871768490378,-0.9143260204049839,-0.7394662468772634,-2.8489704438806656,0.9841231756854657,0
-0.46546902347764374,0.9009088760241706,-1.179024470547907,-0.455997974931489,-0.7423290972289317,0.9048055324001227,0.30353439287573475,1.4316811360790147,0.9343960373827085,1.035083464046342,-0.7394662468772634,0.7027533459901402,0.9841231756854657,0
-0.634918112038349,0.9009088760241706,0.8491410419312149,0.26828780413436076,-0.911310674287764,-1.177851894974348,0.06599664927436881,0.2744324511807092,0.001192415045823164,-0.45564143582820127,-0.997471732522988,-0.26950623894656084,-1.0161329645585022,0
-0.2960199349169384,0.9009088760241706,-1.179024470547907,-0.3777467476835705,-0.5733475201700994,0.9048055324001227,0.30353439287573475,-1.461440576166749,0.25966967734776614,0.8057411717579506,-0.4814607612315388,0.9210157017922567,0.9841231756854657,0
-0.46546902347764374,0.9009088760241706,-0.502969299721533,-0.37575690820158514,-0.23538436605243465,0.9048055324001227,0.30353439287573475,1.4316811360790147,0.5114332445249834,0.6910700256137552,-0.4814607612315388,-0.11076998018138517,0.9841231756854657,0
-0.8043672005990544,0.9009088760241706,0.8491410419312149,0.27319923333195967,-0.06640278899360229,-1.177851894974348,0.8577891279455886,-0.8828162337175963,0.4745079213389917,0.1177142948927768,-0.997471732522988,-0.8250831446246757,0.9841231756854657,0
-0.2960199349169384,0.9009088760241706,-1.179024470547907,-0.05226586098738485,-0.404365943111267,-1.177851894974348,0.22435514500861276,0.2744324511807092,-1.0427871768490378,0.003043148748581378,-0.7394662468772634,0.9408577341379036,-1.0161329645585022,1
-0.2960199349169384,0.9009088760241706,-0.502969299721533,-0.16807136036356776,-0.23538436605243465,0.9048055324001227,0.30353439287573475,-0.3041918912684436,-1.173704231781191,0.3470565871811683,-0.7394662468772634,1.6750129309268411,0.9841231756854657,0
-0.46546902347764374,0.9009088760241706,0.8491410419312149,0.2675455624228265,-0.7423290972289317,-1.177851894974348,2.4413740852880284,0.2744324511807092,0.8336906105118219,1.379096902478929,-0.997471732522988,0.6432272489531993,-1.0161329645585022,0
-0.9738162891597597,0.9009088760241706,1.5251962127575889,-0.4926047044492842,-0.911310674287764,0.21058638994196582,-0.2507203421941191,-0.8828162337175963,-1.7510820125076092,0.23238544103697253,-0.997471732522988,1.5162766721616654,0.9841231756854657,0
-0.634918112038349,0.9009088760241706,1.5251962127575889,-0.06371533419722157,-0.7423290972289317,0.9048055324001227,0.30353439287573475,-0.8828162337175963,-1.7510820125076092,0.1177142948927768,-0.7394662468772634,-0.32903233598350173,0.9841231756854657,0
-0.8043672005990544,-1.1099901739376037,-0.502969299721533,0.2651135363892888,-0.5733475201700994,-1.177851894974348,2.2830155895537843,-1.461440576166749,0.23617174441122635,1.2644257563347332,-0.7394662468772634,0.3455967637684949,-1.0161329645585022,0
-0.634918112038349,0.9009088760241706,-1.179024470547907,0.2718410889236204,-0.5733475201700994,-1.177851894974348,1.3328646151483206,-0.3041918912684436,-1.0427871768490378,0.5763988794695595,-0.997471732522988,1.0003838311748445,-1.0161329645585022,0
-0.634918112038349,0.9009088760241706,-0.502969299721533,-0.051618373536897535,-0.23538436605243465,0.9048055324001227,0.30353439287573475,1.4316811360790147,1.2700807936189982,0.1177142948927768,-0.997471732522988,0.5638591195706114,-1.0161329645585022,0
-0.634918112038349,-1.1099901739376037,-0.502969299721533,0.050763605524304395,-0.404365943111267,0.9048055324001227,0.30353439287573475,1.4316811360790147,0.001192415045823164,0.003043148748581378,-0.997471732522988,1.1789621222856672,0.9841231756854657,0
-0.8043672005990544,-1.1099901739376037,1.5251962127575889,0.07964786276677521,-0.7423290972289317,0.9048055324001227,0.30353439287573475,1.4316811360790147,0.2865244578466693,0.003043148748581378,-0.7394662468772634,0.821805540064022,0.9841231756854657,0
-0.634918112038349,0.9009088760241706,-0.502969299721533,0.27280442391093085,-0.404365943111267,-1.177851894974348,-0.2507203421941191,0.853056793629862,0.001192415045823164,-0.6849837281165926,-0.4814607612315388,-0.6266628211682062,-1.0161329645585022,0
-0.634918112038349,0.9009088760241706,1.5251962127575889,0.2722990678520139,-0.23538436605243465,-1.177851894974348,0.06599664927436881,-0.8828162337175963,-0.707102420612748,-0.45564143582820127,-0.4814607612315388,1.0797519605574324,-1.0161329645585022,0
-0.634918112038349,0.9009088760241706,-0.502969299721533,0.1501292406088459,-0.5733475201700994,0.9048055324001227,0.30353439287573475,-0.8828162337175963,-0.08944246913797492,-0.11162799739561437,-0.7394662468772634,-0.9838194033898514,0.9841231756854657,0
-0.46546902347764374,-1.1099901739376037,1.5251962127575889,0.2707987920521043,-0.911310674287764,-1.177851894974348,-0.8841543251310949,-1.461440576166749,-1.4724636648314886,-1.143668312693375,-0.997471732522988,-0.6266628211682062,0.9841231756854657,0
-0.634918112038349,-1.1099901739376037,-1.179024470547907,0.2657294390860938,-0.911310674287764,-1.177851894974348,0.38271364074285674,1.4316811360790147,-1.4724636648314886,-0.2262991435398101,-0.997471732522988,0.06780831092943747,-1.0161329645585022,0
-0.2960199349169384,-1.1099901739376037,1.5251962127575889,0.2492895747944524,-0.404365943111267,0.9048055324001227,0.30353439287573475,-0.3041918912684436,0.3301634761573873,-0.2262991435398101,-0.7394662468772634,-0.5274526594399713,0.9841231756854657,0
-0.46546902347764374,0.9009088760241706,-1.179024470547907,0.15800963665258178,-0.404365943111267,-1.177851894974348,1.3328646151483206,-0.8828162337175963,-1.0427871768490378,0.6910700256137552,-0.997471732522988,-0.09092794783573821,-1.0161329645585022,1
-0.634918112038349,-1.1099901739376037,0.8491410419312149,1.1221974123124032,-0.7423290972289317,0.9048055324001227,0.30353439287573475,1.4316811360790147,-0.21028898138303903,-0.6849837281165926,-0.997471732522988,-0.5076106270943244,-1.0161329645585022,0
-0.634918112038349,-1.1099901739376037,1.5251962127575889,-0.4629150359879145,-0.5733475201700994,0.9048055324001227,0.30749335526909083,0.2744324511807092,0.665848232393677,1.035083464046342,-0.7394662468772634,1.4170665104334308,-1.0161329645585022,0
-0.46546902347764374,-1.1099901739376037,-0.502969299721533,0.23161790510920097,-0.5733475201700994,0.9048055324001227,0.31145231766244696,-1.461440576166749,1.934736610966852,-0.2262991435398101,-0.997471732522988,0.22654456969461315,-1.0161329645585022,1
-0.9738162891597597,0.9009088760241706,-0.502969299721533,-0.49238361117350804,-0.23538436605243465,0.9048055324001227,0.31541128005580304,0.853056793629862,0.001192415045823164,1.1497546101905376,-0.7394662468772634,0.8416475724096689,0.9841231756854657,0
-0.46546902347764374,0.9009088760241706,-0.502969299721533,0.26945644002060615,-0.06640278899360229,0.21058638994196582,0.5094004373302519,1.4316811360790147,0.001192415045823164,-0.11162799739561437,-0.7394662468772634,0.0479662785837905,0.9841231756854657,0
-0.9738162891597597,0.9009088760241706,0.8491410419312149,0.27173054228573235,-0.911310674287764,-1.177851894974348,-0.013182598592753173,0.2744324511807092,0.23617174441122635,-0.45564143582820127,-0.997471732522988,0.4249648931510827,-1.0161329645585022,0
-0.2960199349169384,-1.1099901739376037,-1.179024470547907,0.08040589685515061,0.4405419421828948,0.9048055324001227,0.3193702424491591,-1.461440576166749,-1.3482603050240614,0.003043148748581378,-0.7394662468772634,0.7622794430270811,0.9841231756854657,0
-0.2960199349169384,-1.1099901739376037,-0.502969299721533,0.2746363396245047,-0.06640278899360229,-1.177851894974348,-0.8524826259842462,-0.3041918912684436,1.0955247203761276,-1.143668312693375,-0.4814607612315388,-0.15045404487267908,0.9841231756854657,0
-0.2960199349169384,0.9009088760241706,-1.179024470547907,0.1031785042600948,-0.23538436605243465,0.9048055324001227,0.3193702424491591,0.2744324511807092,-0.005521280078902488,-0.11162799739561437,-0.997471732522988,0.821805540064022,-1.0161329645585022,0
-0.8043672005990544,0.9009088760241706,-0.502969299721533,-0.48485064742027756,-0.911310674287764,0.9048055324001227,0.32728816723587134,-0.8828162337175963,0.3301634761573873,1.1497546101905376,-0.4814607612315388,-1.2616078562289088,0.9841231756854657,0
-0.9738162891597597,0.9009088760241706,-1.179024470547907,0.264829273606148,-0.911310674287764,-1.177851894974348,1.0161476236798326,1.4316811360790147,0.4745079213389917,0.3470565871811683,-0.4814607612315388,-2.49181386165902,0.9841231756854657,0
-0.8043672005990544,-1.1099901739376037,0.8491410419312149,-0.14379847715871394,-0.404365943111267,0.9048055324001227,0.32728816723587134,0.2744324511807092,0.8269769153870962,0.23238544103697253,-0.997471732522988,0.18686050500331922,0.9841231756854657,0
-0.2960199349169384,0.9009088760241706,1.5251962127575889,-0.6750698264719786,-0.5733475201700994,0.9048055324001227,0.33520609202258356,0.2744324511807092,0.23617174441122635,1.952452633199907,-0.997471732522988,-0.44808453005738347,-1.0161329645585022,1
-0.634918112038349,0.9009088760241706,-1.179024470547907,0.26882474494696,-0.23538436605243465,-1.177851894974348,-0.4090788379283631,-0.3041918912684436,1.223084927745918,-0.7996548742607882,-0.4814607612315388,-2.075131182400434,0.9841231756854657,0
-0.46546902347764374,-1.1099901739376037,-0.502969299721533,0.2706250759068516,-0.5733475201700994,-1.177851894974348,-0.5674373336626071,1.4316811360790147,-1.6705176710108995,-0.9143260204049839,-0.4814607612315388,0.8614896047553159,-1.0161329645585022,0
-0.46546902347764374,-1.1099901739376037,0.8491410419312149,0.26416599377881955,-0.911310674287764,-1.177851894974348,-0.7416316789702754,0.853056793629862,1.4312094766124175,-1.0289971665491795,-0.4814607612315388,-0.30919030363785477,0.9841231756854657,0
-0.2960199349169384,0.9009088760241706,-0.502969299721533,0.26743501578493845,-0.06640278899360229,-1.177851894974348,-0.4090788379283631,-0.3041918912684436,-1.6705176710108995,-0.7996548742607882,-0.4814607612315388,-0.07108591549009124,-1.0161329645585022,0
-0.9738162891597597,-1.1099901739376037,-1.179024470547907,0.15840444607361065,-0.911310674287764,-1.177851894974348,-0.8841543251310949,-0.8828162337175963,-1.173704231781191,-1.143668312693375,-0.7394662468772634,-1.9163949236352584,-1.0161329645585022,1
-0.46546902347764374,0.9009088760241706,-0.502969299721533,0.2743678692182051,-0.911310674287764,-1.177851894974348,1.3645363142951692,0.853056793629862,-1.0427871768490378,0.5763988794695595,-0.997471732522988,-0.051243883144444294,0.9841231756854657,0
-0.9738162891597597,0.9009088760241706,-0.502969299721533,0.00025958438629363254,-0.911310674287764,0.9048055324001227,0.3431240168092957,-1.461440576166749,2.0589399707742797,0.1177142948927768,-0.997471732522988,-0.32903233598350173,-1.0161329645585022,1
-0.46546902347764374,0.9009088760241706,-0.502969299721533,0.2724569916204254,-0.23538436605243465,-1.177851894974348,-0.7257958293968509,0.2744324511807092,-1.173704231781191,-1.0289971665491795,-0.7394662468772634,-0.44808453005738347,0.9841231756854657,0
-0.9738162891597597,0.9009088760241706,-0.502969299721533,-0.4031724743978286,-0.7423290972289317,0.9048055324001227,0.34708297920265185,0.853056793629862,0.8336906105118219,0.9204123179021463,-0.4814607612315388,-1.0830295651180861,0.9841231756854657,0
-0.9738162891597597,-1.1099901739376037,-1.179024470547907,-0.5858586896962991,-0.911310674287764,0.9048055324001227,0.35104194159600793,1.4316811360790147,-0.018948670328354386,1.6084391947673204,-0.997471732522988,0.8614896047553159,-1.0161329645585022,1
-0.46546902347764374,-1.1099901739376037,0.8491410419312149,0.2713673176183858,-0.06640278899360229,-1.177851894974348,0.06599664927436881,1.4316811360790147,0.001192415045823164,-0.45564143582820127,-0.4814607612315388,-0.5274526594399713,0.9841231756854657,0
-0.634918112038349,-1.1099901739376037,-0.502969299721533,-0.4873142582074976,-0.23538436605243465,0.9048055324001227,0.35104194159600793,1.4316811360790147,-1.371758237960602,1.1497546101905376,-0.4814607612315388,-1.6386064707962011,0.9841231756854657,0
-0.46546902347764374,0.9009088760241706,-0.502969299721533,0.27263070776567816,-0.911310674287764,-1.177851894974348,-1.042512820865339,0.2744324511807092,-1.6705176710108995,-1.2583394588375707,-0.997471732522988,0.7225953783357871,-1.0161329645585022,0
-0.8043672005990544,0.9009088760241706,0.8491410419312149,-0.45302900808535207,-0.23538436605243465,0.9048055324001227,0.35104194159600793,-0.8828162337175963,0.5651428055227898,1.035083464046342,-0.997471732522988,-0.03140185079879733,0.9841231756854657,0
-0.2960199349169384,0.9009088760241706,-0.502969299721533,0.1953901926355935,-0.23538436605243465,0.9048055324001227,0.35104194159600793,-1.461440576166749,0.7061304031420315,-0.11162799739561437,-0.7394662468772634,0.14717644031202531,-1.0161329645585022,0
-0.9738162891597597,-1.1099901739376037,-0.502969299721533,0.5356685364319406,-0.7423290972289317,0.9048055324001227,0.35104194159600793,1.4316811360790147,1.0015329886299666,-0.45564143582820127,-0.4814607612315388,-0.46792656240303043,-1.0161329645585022,0
-0.8043672005990544,0.9009088760241706,-0.502969299721533,0.2699617960795231,-0.06640278899360229,-1.177851894974348,-0.4090788379283631,-0.8828162337175963,1.7736079279734327,-0.7996548742607882,-0.7394662468772634,0.6035431842619053,0.9841231756854657,0
-0.9738162891597597,0.9009088760241706,-0.502969299721533,-0.4394001868714361,-0.911310674287764,0.9048055324001227,0.35895986638272015,0.2744324511807092,1.0418151593783211,1.035083464046342,-0.997471732522988,1.317856348705196,-1.0161329645585022,1
-0.46546902347764374,-1.1099901739376037,0.8491410419312149,-0.29646338408215045,-0.5733475201700994,0.9048055324001227,0.36291882877607623,0.853056793629862,-0.11965409719924096,0.5763988794695595,-0.997471732522988,0.10749237562073138,-1.0161329645585022,0
-0.8043672005990544,-1.1099901739376037,-0.502969299721533,-0.5859850287110283,-0.404365943111267,0.9048055324001227,0.3668777911694323,-1.461440576166749,-1.1233515183457474,1.6084391947673204,-0.7394662468772634,0.46464895784237664,-1.0161329645585022,1
-0.46546902347764374,-1.1099901739376037,1.5251962127575889,0.2714778642562739,-0.404365943111267,-1.177851894974348,0.22435514500861276,0.853056793629862,-1.4724636648314886,-0.34097028968400567,-0.7394662468772634,-0.40840046536608954,-1.0161329645585022,0
-1.143265377720465,-1.1099901739376037,-0.502969299721533,-0.298674316839912,-0.911310674287764,0.9048055324001227,0.3787546783495006,-1.461440576166749,0.001192415045823164,0.6910700256137552,-0.7394662468772634,-0.6266628211682062,0.9841231756854657,0
-0.8043672005990544,-1.1099901739376037,-1.179024470547907,0.267798240452285,-0.911310674287764,-1.177851894974348,1.9662985980852963,1.4316811360790147,-0.11965409719924096,1.035083464046342,-0.997471732522988,-0.11076998018138517,-1.0161329645585022,0
-0.8043672005990544,-1.1099901739376037,1.5251962127575889,0.2720463898225554,-0.911310674287764,-1.177851894974348,-1.2008713165995828,1.4316811360790147,-1.0427871768490378,-1.3730106049817663,-0.4814607612315388,-0.17029607721832604,0.9841231756854657,0
-0.634918112038349,0.9009088760241706,-1.179024470547907,0.2740993988119055,-0.911310674287764,-1.177851894974348,-1.2008713165995828,0.853056793629862,1.4312094766124175,-1.3730106049817663,-0.7394662468772634,-0.686188918205147,0.9841231756854657,0
-0.46546902347764374,0.9009088760241706,-1.179024470547907,-0.8651152893784267,-0.911310674287764,0.9048055324001227,0.38271364074285674,1.4316811360790147,-0.9857207682888686,3.9018621176512323,-0.4814607612315388,-0.7853990799333818,-1.0161329645585022,1
-0.9738162891597597,0.9009088760241706,-0.502969299721533,0.27648404771491975,-0.911310674287764,-1.177851894974348,4.024959042630468,-0.8828162337175963,0.001192415045823164,2.525808363920885,-0.997471732522988,-1.2219237915376149,0.9841231756854657,0
-0.46546902347764374,0.9009088760241706,1.5251962127575889,0.27610503067073205,-0.7423290972289317,-1.177851894974348,0.38271364074285674,1.4316811360790147,-1.6839450612603513,-0.2262991435398101,-0.997471732522988,-0.36871640067479566,0.9841231756854657,0
-0.634918112038349,0.9009088760241706,-0.502969299721533,0.26577681621661725,-0.7423290972289317,0.21058638994196582,-1.1691996174527342,-0.8828162337175963,0.8336906105118219,-1.3730106049817663,-0.4814607612315388,-0.13061201252703214,-1.0161329645585022,0
-0.8043672005990544,0.9009088760241706,1.5251962127575889,0.15344563974548825,-0.911310674287764,-1.177851894974348,2.5957736186289164,-1.461440576166749,0.001192415045823164,1.7231103409115156,-0.997471732522988,0.028124246238143545,-1.0161329645585022,1
-0.9738162891597597,0.9009088760241706,-1.179024470547907,-0.7960078483215365,-0.911310674287764,0.9048055324001227,0.38271364074285674,0.853056793629862,1.2700807936189982,3.0991640946418633,-0.997471732522988,-0.190138109563973,-1.0161329645585022,1
-0.634918112038349,-1.1099901739376037,0.8491410419312149,-0.7935916146648399,-0.404365943111267,0.9048055324001227,0.38271364074285674,0.853056793629862,-0.21700267650776528,2.984492948497668,-0.4814607612315388,0.305912699077201,-1.0161329645585022,1
-0.46546902347764374,0.9009088760241706,1.5251962127575889,-0.7923124321407065,-0.911310674287764,0.9048055324001227,0.38271364074285674,-1.461440576166749,0.3905867322799193,2.984492948497668,-0.4814607612315388,0.9606997664835506,-1.0161329645585022,1
-0.634918112038349,-1.1099901739376037,-1.179024470547907,0.274873225277122,-0.911310674287764,-1.177851894974348,-0.7257958293968509,-0.3041918912684436,-1.3482603050240614,-1.0289971665491795,-0.4814607612315388,-1.2616078562289088,0.9841231756854657,0
-0.9738162891597597,0.9009088760241706,0.8491410419312149,-0.7799943782046063,-0.911310674287764,0.9048055324001227,0.38271364074285674,0.853056793629862,-0.46205254856025635,2.869821802353472,-0.7394662468772634,0.7225953783357871,-1.0161329645585022,1
-0.8043672005990544,0.9009088760241706,0.8491410419312149,0.26640851129026344,-0.911310674287764,-1.177851894974348,0.06599664927436881,-0.8828162337175963,0.001192415045823164,-0.45564143582820127,-0.997471732522988,-1.8370267942526706,0.9841231756854657,0
-0.634918112038349,-1.1099901739376037,-0.502969299721533,-0.7519787016883989,-0.7423290972289317,0.9048055324001227,0.38271364074285674,0.2744324511807092,-1.0427871768490378,2.640479510065081,-0.997471732522988,-0.011559818453150373,-1.0161329645585022,1
-0.46546902347764374,-1.1099901739376037,1.5251962127575889,-0.7540790878082724,-0.7423290972289317,0.9048055324001227,0.38271364074285674,0.2744324511807092,0.3301634761573873,2.640479510065081,-0.7394662468772634,0.286070666731554,-1.0161329645585022,1
-0.46546902347764374,0.9009088760241706,-1.179024470547907,0.27092513106683347,-0.5733475201700994,-1.177851894974348,0.6994306322113446,1.4316811360790147,1.5486991412951188,0.003043148748581378,-0.4814607612315388,0.7424374106814341,0.9841231756854657,0
-0.634918112038349,-1.1099901739376037,0.8491410419312149,-0.7490886967264677,-0.911310674287764,0.9048055324001227,0.38271364074285674,1.4316811360790147,1.092167872813765,2.640479510065081,-0.7394662468772634,-2.1743413441286688,-1.0161329645585022,1
-0.634918112038349,-1.1099901739376037,0.8491410419312149,0.27234644498253735,-0.5733475201700994,-1.177851894974348,-0.6386986567430168,-0.3041918912684436,-0.8447331706696268,-0.9143260204049839,-0.997471732522988,1.1789621222856672,-1.0161329645585022,0
-1.143265377720465,-1.1099901739376037,1.5251962127575889,0.2725359535046312,-0.911310674287764,-1.177851894974348,0.38271364074285674,-0.8828162337175963,-1.6839450612603513,-0.2262991435398101,-0.997471732522988,0.7225953783357871,-1.0161329645585022,0
-0.634918112038349,0.9009088760241706,0.8491410419312149,0.26647168079762806,-0.404365943111267,-1.177851894974348,-1.121692068732461,0.2744324511807092,0.16232109803924238,-1.2583394588375707,-0.997471732522988,0.0479662785837905,0.9841231756854657,0
-0.8043672005990544,0.9009088760241706,1.5251962127575889,-0.7219258085596827,-0.23538436605243465,0.9048055324001227,0.38271364074285674,-0.8828162337175963,1.0955247203761276,2.411137217776689,-0.4814607612315388,1.774223092655076,-1.0161329645585022,1
-0.634918112038349,0.9009088760241706,0.8491410419312149,0.2637711843577907,-0.911310674287764,-1.177851894974348,-1.042512820865339,1.4316811360790147,-1.3482603050240614,-1.2583394588375707,-0.997471732522988,0.14717644031202531,-1.0161329645585022,0
-0.9738162891597597,-1.1099901739376037,0.8491410419312149,0.269440647643765,-0.911310674287764,-1.177851894974348,1.0161476236798326,-0.8828162337175963,0.3301634761573873,0.23238544103697253,-0.7394662468772634,-2.194183376474316,0.9841231756854657,0
-0.634918112038349,-1.1099901739376037,-0.502969299721533,-0.6962474038159662,-0.911310674287764,0.9048055324001227,0.38271364074285674,0.2744324511807092,1.357358830240434,2.1817949254882985,-0.997471732522988,-0.2893482712922078,-1.0161329645585022,1
-0.8043672005990544,0.9009088760241706,1.5251962127575889,0.2720779745762377,-0.7423290972289317,-1.177851894974348,-0.09236184645987515,-0.8828162337175963,-1.1804179269059165,-0.570312581972397,-0.4814607612315388,0.6233852166075523,0.9841231756854657,0
-0.8043672005990544,0.9009088760241706,-0.502969299721533,0.27149365663311503,-0.911310674287764,-1.177851894974348,-0.2507203421941191,0.2744324511807092,-0.005521280078902488,-0.6849837281165926,-0.7394662468772634,-0.5274526594399713,-1.0161329645585022,0
-0.634918112038349,-1.1099901739376037,-0.502969299721533,-0.6857138884629164,-0.911310674287764,0.9048055324001227,0.38271364074285674,1.4316811360790147,-1.1233515183457474,2.1817949254882985,-0.7394662468772634,0.06780831092943747,-1.0161329645585022,1
-0.2960199349169384,0.9009088760241706,-1.179024470547907,0.27525224232130974,0.2715603651240624,-1.177851894974348,-0.7257958293968509,0.2744324511807092,0.001192415045823164,-1.0289971665491795,-0.7394662468772634,-0.26950623894656084,0.9841231756854657,0
-0.46546902347764374,-1.1099901739376037,-1.179024470547907,0.2749206024076455,-0.06640278899360229,-1.177851894974348,0.9369683758127106,0.2744324511807092,0.001192415045823164,0.23238544103697253,-0.7394662468772634,0.821805540064022,0.9841231756854657,0
-0.9738162891597597,0.9009088760241706,-0.502969299721533,-0.6803760650906062,-0.911310674287764,0.9048055324001227,0.38271364074285674,-0.8828162337175963,-0.005521280078902488,2.1817949254882985,-0.7394662468772634,0.8813316371009629,-1.0161329645585022,1
-0.634918112038349,-1.1099901739376037,-0.502969299721533,0.272409614489902,-0.5733475201700994,-1.177851894974348,-0.7257958293968509,1.4316811360790147,1.5486991412951188,-1.0289971665491795,-0.997471732522988,1.238488219322608,0.9841231756854657,0
-1.143265377720465,-1.1099901739376037,-0.502969299721533,-0.6789389587980612,-0.911310674287764,0.9048055324001227,0.38271364074285674,1.4316811360790147,-1.7510820125076092,2.1817949254882985,-0.7394662468772634,0.6432272489531993,-1.0161329645585022,1
-0.634918112038349,-1.1099901739376037,0.8491410419312149,-0.678196717086527,-0.911310674287764,0.9048055324001227,0.38271364074285674,-0.8828162337175963,-1.3751150855229646,2.0671237793441026,-0.7394662468772634,-2.2933935382025505,-1.0161329645585022,1
-0.8043672005990544,-1.1099901739376037,-0.502969299721533,0.2712409786036566,-0.404365943111267,-1.177851894974348,-1.042512820865339,0.853056793629862,-1.6839450612603513,-1.2583394588375707,-0.7394662468772634,-1.5790803737592602,0.9841231756854657,0
-0.46546902347764374,0.9009088760241706,0.8491410419312149,0.26866682117854845,-0.404365943111267,0.21058638994196582,-1.090020369585612,0.853056793629862,-0.1397951825734185,-1.2583394588375707,-0.4814607612315388,0.20670253734896618,-1.0161329645585022,0
-0.634918112038349,-1.1099901739376037,-0.502969299721533,0.27214114408360235,-0.7423290972289317,0.21058638994196582,0.38271364074285674,1.4316811360790147,-1.1804179269059165,-0.2262991435398101,-0.7394662468772634,0.5440170872249644,-1.0161329645585022,0
-0.8043672005990544,0.9009088760241706,-0.502969299721533,0.2703881902542343,-0.911310674287764,-1.177851894974348,-0.8841543251310949,1.4316811360790147,1.417782086362966,-1.143668312693375,-0.7394662468772634,-1.0631875327724392,0.9841231756854657,0
-0.9738162891597597,0.9009088760241706,-0.502969299721533,-0.6739011905857331,-0.911310674287764,0.9048055324001227,0.38271364074285674,-0.8828162337175963,0.9108981044461687,2.0671237793441026,-0.997471732522988,-1.6187644384505542,-1.0161329645585022,1
-0.8043672005990544,0.9009088760241706,0.8491410419312149,0.26912480010694195,-0.5733475201700994,-1.177851894974348,-0.646616581529729,1.4316811360790147,-1.8752853723150364,-0.9143260204049839,-0.997471732522988,0.4448069254967297,-1.0161329645585022,0
-0.9738162891597597,0.9009088760241706,0.8491410419312149,-0.6802181413221947,-0.911310674287764,0.9048055324001227,0.38271364074285674,1.4316811360790147,1.159304824061023,2.1817949254882985,-0.997471732522988,-1.0631875327724392,-1.0161329645585022,1
-0.634918112038349,0.9009088760241706,-1.179024470547907,0.27342032660773585,-0.404365943111267,-1.177851894974348,0.38271364074285674,1.4316811360790147,1.0015329886299666,-0.2262991435398101,-0.7394662468772634,-1.4798702120310254,0.9841231756854657,0
-0.9738162891597597,-1.1099901739376037,0.8491410419312149,-0.6772649668528989,-0.7423290972289317,0.9048055324001227,0.38271364074285674,-0.8828162337175963,-0.12972463988633004,2.0671237793441026,-0.7394662468772634,-2.710076217461137,-1.0161329645585022,1
-0.634918112038349,-1.1099901739376037,-0.502969299721533,0.2680667108585846,-0.404365943111267,-1.177851894974348,-0.09236184645987515,0.2744324511807092,0.001192415045823164,-0.570312581972397,-0.4814607612315388,1.258330251668255,-1.0161329645585022,0
-0.8043672005990544,-1.1099901739376037,0.8491410419312149,0.27275704678040735,-0.911310674287764,0.21058638994196582,-0.8841543251310949,1.4316811360790147,-1.6839450612603513,-1.143668312693375,-0.4814607612315388,-0.9242933063529105,-1.0161329645585022,0
-0.634918112038349,0.9009088760241706,1.5251962127575889,-0.6776281915202454,-0.911310674287764,0.9048055324001227,0.38271364074285674,0.853056793629862,0.15896425047687956,2.0671237793441026,-0.7394662468772634,-0.9441353386985575,-1.0161329645585022,1
-0.46546902347764374,0.9009088760241706,-0.502969299721533,-0.6791442596969962,-0.404365943111267,0.9048055324001227,0.38271364074285674,1.4316811360790147,0.15896425047687956,2.1817949254882985,-0.4814607612315388,-1.4203441149940845,-1.0161329645585022,1
-0.9738162891597597,-1.1099901739376037,0.8491410419312149,-0.6773123439834223,-0.404365943111267,0.9048055324001227,0.38271364074285674,0.2744324511807092,-0.5661148229935064,2.0671237793441026,-0.7394662468772634,-0.9838194033898514,-1.0161329645585022,1
-0.9738162891597597,0.9009088760241706,0.8491410419312149,0.267798240452285,-0.911310674287764,0.21058638994196582,-0.7574675285436998,-0.8828162337175963,-0.005521280078902488,-1.0289971665491795,-0.4814607612315388,-0.011559818453150373,0.9841231756854657,0
-0.46546902347764374,0.9009088760241706,-1.179024470547907,0.26967753329638233,-0.5733475201700994,-1.177851894974348,0.06599664927436881,1.4316811360790147,-1.1804179269059165,-0.45564143582820127,-0.4814607612315388,1.4369085427790778,-1.0161329645585022,0
-0.8043672005990544,-1.1099901739376037,-0.502969299721533,0.2654925534334765,-0.7423290972289317,-1.177851894974348,-0.5674373336626071,-0.8828162337175963,-1.6839450612603513,-0.9143260204049839,-0.4814607612315388,0.5638591195706114,-1.0161329645585022,0
-0.2960199349169384,0.9009088760241706,1.5251962127575889,0.2704197750079166,-0.404365943111267,-1.177851894974348,0.19268344586176397,-1.461440576166749,0.3301634761573873,-0.34097028968400567,-0.7394662468772634,-0.7655570475877348,0.9841231756854657,0
-1.143265377720465,-1.1099901739376037,-0.502969299721533,0.27330977996984773,-0.911310674287764,-1.177851894974348,-0.7257958293968509,-0.8828162337175963,0.665848232393677,-1.0289971665491795,-0.997471732522988,-1.3012919209202027,0.9841231756854657,0
-0.9738162891597597,-1.1099901739376037,-0.502969299721533,-0.6555504486963121,-0.911310674287764,0.9048055324001227,0.38271364074285674,-1.461440576166749,-0.25392799969375696,1.952452633199907,-0.4814607612315388,1.3773824457421369,-1.0161329645585022,1
-0.46546902347764374,-1.1099901739376037,-1.179024470547907,0.27299393243302467,-0.404365943111267,-1.177851894974348,1.6495816066168083,-0.8828162337175963,1.5486991412951188,0.8057411717579506,-0.7394662468772634,-0.6465048535138531,-1.0161329645585022,0
-0.634918112038349,-1.1099901739376037,-0.502969299721533,0.1590993106546214,-0.5733475201700994,0.21058638994196582,4.024959042630468,-1.461440576166749,3.018998373610068,2.869821802353472,-0.7394662468772634,0.12733440796637835,-1.0161329645585022,1
-0.46546902347764374,-1.1099901739376037,0.8491410419312149,0.2730571019403893,-0.7423290972289317,-1.177851894974348,0.10558627320792979,-1.461440576166749,-1.8752853723150364,-0.34097028968400567,-0.4814607612315388,-2.2140254088199627,0.9841231756854657,0
-0.9738162891597597,0.9009088760241706,1.5251962127575889,-0.645506497025338,-0.5733475201700994,0.9048055324001227,0.38271364074285674,-0.8828162337175963,-0.2069321338206762,1.952452633199907,-0.997471732522988,-1.3211339532658497,-1.0161329645585022,1
-0.9738162891597597,-1.1099901739376037,-0.502969299721533,-0.6488544809156627,-0.911310674287764,0.9048055324001227,0.38271364074285674,-1.461440576166749,-1.8752853723150364,1.952452633199907,-0.997471732522988,-0.5671367241312653,-1.0161329645585022,1
-0.9738162891597597,-1.1099901739376037,0.8491410419312149,0.27076720729842196,-0.911310674287764,-1.177851894974348,-1.2800505644667048,-0.8828162337175963,-0.21364582894540246,-1.3730106049817663,-0.997471732522988,0.20670253734896618,0.9841231756854657,0
-0.2960199349169384,0.9009088760241706,-1.179024470547907,0.1530192455707771,-0.23538436605243465,-1.177851894974348,2.2830155895537843,-0.8828162337175963,-0.08944246913797492,1.4937680486231246,-0.7394662468772634,-0.9441353386985575,-1.0161329645585022,1
-0.634918112038349,0.9009088760241706,0.8491410419312149,-0.6468014719263127,-0.7423290972289317,0.9048055324001227,0.38271364074285674,0.2744324511807092,-1.173704231781191,1.952452633199907,-0.997471732522988,0.40512286080543575,-1.0161329645585022,1
-0.9738162891597597,0.9009088760241706,-0.502969299721533,0.15613034380848445,-0.911310674287764,-1.177851894974348,1.4912231108825644,1.4316811360790147,3.018998373610068,0.8057411717579506,-0.997471732522988,0.7424374106814341,-1.0161329645585022,1
-0.8043672005990544,0.9009088760241706,-0.502969299721533,0.15294028368657134,-0.911310674287764,-1.177851894974348,-1.1850354670261585,0.853056793629862,0.001192415045823164,-1.3730106049817663,-0.4814607612315388,1.1392780575943733,-1.0161329645585022,1
-0.8043672005990544,-1.1099901739376037,0.8491410419312149,0.2661716256376461,-0.911310674287764,-1.177851894974348,-0.7574675285436998,1.4316811360790147,-1.2475548781531747,-1.0289971665491795,-0.4814607612315388,0.9606997664835506,0.9841231756854657,0
-0.634918112038349,0.9009088760241706,-1.179024470547907,-0.6371681220532087,-0.404365943111267,0.9048055324001227,0.38271364074285674,0.2744324511807092,-1.2475548781531747,1.8377814870557112,-0.997471732522988,-1.5592383414136133,-1.0161329645585022,1
-0.9738162891597597,-1.1099901739376037,0.8491410419312149,0.2716673727783677,-0.911310674287764,-1.177851894974348,-0.36948921399480206,0.853056793629862,0.001192415045823164,-0.7996548742607882,-0.7394662468772634,-1.4798702120310254,0.9841231756854657,0
-0.634918112038349,-1.1099901739376037,0.8491410419312149,-0.640373974551963,-0.404365943111267,0.9048055324001227,0.38271364074285674,-0.8828162337175963,0.954537122756886,1.8377814870557112,-0.7394662468772634,0.9408577341379036,-1.0161329645585022,1
-0.2960199349169384,0.9009088760241706,1.5251962127575889,0.1552933478359033,-0.5733475201700994,-1.177851894974348,1.1428344202672278,-1.461440576166749,1.8105332511594245,0.5763988794695595,-0.4814607612315388,-0.46792656240303043,-1.0161329645585022,1
-0.634918112038349,0.9009088760241706,0.8491410419312149,-0.6454433275179734,-0.911310674287764,0.9048055324001227,0.38271364074285674,-1.461440576166749,0.6255660616453219,1.952452633199907,-0.997471732522988,0.7027533459901402,-1.0161329645585022,1
-0.2960199349169384,0.9009088760241706,-0.502969299721533,-0.6393632624341291,-0.23538436605243465,0.9048055324001227,0.38271364074285674,0.2744324511807092,-0.6936750303632967,1.8377814870557112,-0.7394662468772634,-1.0830295651180861,-1.0161329645585022,1
-1.143265377720465,-1.1099901739376037,-1.179024470547907,-0.6342149475839128,-0.911310674287764,0.9048055324001227,0.38271364074285674,0.853056793629862,0.001192415045823164,1.8377814870557112,-0.4814607612315388,0.9606997664835506,-1.0161329645585022,1
-0.46546902347764374,-1.1099901739376037,0.8491410419312149,0.2701986817321404,-0.23538436605243465,-1.177851894974348,0.7984046920452471,-0.3041918912684436,0.561785957960427,0.1177142948927768,-0.4814607612315388,-0.5076106270943244,-1.0161329645585022,0
-0.9738162891597597,-1.1099901739376037,1.5251962127575889,-0.6284823147905739,-0.5733475201700994,0.9048055324001227,0.38271364074285674,0.2744324511807092,0.16232109803924238,1.8377814870557112,-0.997471732522988,1.1591200899400202,-1.0161329645585022,1
-0.8043672005990544,0.9009088760241706,0.8491410419312149,-0.6239025255066393,-0.911310674287764,0.9048055324001227,0.38271364074285674,-1.461440576166749,-0.8447331706696268,1.8377814870557112,-0.7394662468772634,-0.40840046536608954,-1.0161329645585022,1
-0.46546902347764374,0.9009088760241706,0.8491410419312149,0.2697880799342704,-0.404365943111267,-1.177851894974348,0.38271364074285674,-0.3041918912684436,-0.33784918875282943,-0.2262991435398101,-0.4814607612315388,-1.658448503141848,0.9841231756854657,0
-0.9738162891597597,0.9009088760241706,1.5251962127575889,-0.6101473652779941,-0.404365943111267,0.9048055324001227,0.38271364074285674,0.853056793629862,0.9981761410676039,1.7231103409115156,-0.7394662468772634,1.6750129309268411,-1.0161329645585022,1
-0.634918112038349,-1.1099901739376037,-1.179024470547907,0.26950381715112964,-0.23538436605243465,-1.177851894974348,2.4413740852880284,0.853056793629862,1.159304824061023,1.379096902478929,-0.997471732522988,-0.26950623894656084,0.9841231756854657,0
-0.8043672005990544,0.9009088760241706,-0.502969299721533,-0.6068783432718752,-0.911310674287764,0.9048055324001227,0.38271364074285674,1.4316811360790147,0.7061304031420315,1.7231103409115156,-0.4814607612315388,0.26622863438590705,-1.0161329645585022,1
-0.9738162891597597,-1.1099901739376037,-0.502969299721533,-0.614442891778788,-0.911310674287764,0.9048055324001227,0.38271364074285674,0.853056793629862,-0.3680608168140954,1.7231103409115156,-0.4814607612315388,-0.5671367241312653,-1.0161329645585022,1
-1.143265377720465,-1.1099901739376037,0.8491410419312149,-0.6127846922104668,-0.911310674287764,0.9048055324001227,0.38271364074285674,0.2744324511807092,0.03811773823181484,1.7231103409115156,-0.7394662468772634,0.5241750548793175,-1.0161329645585022,1
-0.2960199349169384,0.9009088760241706,-0.502969299721533,0.2717147499088912,-0.404365943111267,-1.177851894974348,-0.5199297849423339,-0.8828162337175963,-1.7510820125076092,-0.9143260204049839,-0.4814607612315388,0.0479662785837905,-1.0161329645585022,0
-0.634918112038349,-1.1099901739376037,-0.502969299721533,-0.6061361015603409,-0.06640278899360229,0.9048055324001227,0.38271364074285674,0.2744324511807092,0.23617174441122635,1.7231103409115156,-0.4814607612315388,-0.7258729828964409,-1.0161329645585022,1
-0.634918112038349,-1.1099901739376037,-0.502969299721533,0.26887212207748346,-0.7423290972289317,-1.177851894974348,1.6495816066168083,0.853056793629862,-1.4993184453303918,0.8057411717579506,-0.4814607612315388,-0.5472946917856183,0.9841231756854657,0
-0.8043672005990544,0.9009088760241706,-0.502969299721533,0.2632500359220326,-0.911310674287764,0.21058638994196582,-0.09236184645987515,0.853056793629862,-0.4654093961226198,-0.570312581972397,-0.997471732522988,-1.4401861473397315,0.9841231756854657,0
-0.46546902347764374,0.9009088760241706,1.5251962127575889,0.2712093938499743,-0.5733475201700994,-1.177851894974348,0.5410721364771007,-1.461440576166749,-1.4993184453303918,-0.11162799739561437,-0.7394662468772634,-0.38855843302044263,0.9841231756854657,0
-0.2960199349169384,-1.1099901739376037,-1.179024470547907,-0.6033882279899802,0.10257878806523006,0.9048055324001227,0.38271364074285674,0.853056793629862,1.327147202179168,1.7231103409115156,-0.7394662468772634,-0.30919030363785477,-1.0161329645585022,1
-0.634918112038349,-1.1099901739376037,-0.502969299721533,0.2705776987763281,-0.7423290972289317,0.21058638994196582,1.0161476236798326,-0.8828162337175963,-1.623521805137819,0.23238544103697253,-0.4814607612315388,-1.4798702120310254,0.9841231756854657,0
-0.46546902347764374,0.9009088760241706,1.5251962127575889,0.2740204369276997,-0.06640278899360229,-1.177851894974348,0.38271364074285674,1.4316811360790147,-1.3751150855229646,-0.2262991435398101,-0.997471732522988,-0.3488743683291487,0.9841231756854657,0
-0.2960199349169384,-1.1099901739376037,-0.502969299721533,0.2673244691470504,-0.23538436605243465,-1.177851894974348,1.3328646151483206,-0.8828162337175963,-1.7510820125076092,0.5763988794695595,-0.4814607612315388,0.06780831092943747,0.9841231756854657,0
-0.8043672005990544,0.9009088760241706,0.8491410419312149,-0.6017300284216589,-0.7423290972289317,0.9048055324001227,0.38271364074285674,-1.461440576166749,0.6154955189582334,1.7231103409115156,-0.4814607612315388,-0.40840046536608954,-1.0161329645585022,1
-0.46546902347764374,0.9009088760241706,-1.179024470547907,0.2701986817321404,-0.23538436605243465,-1.177851894974348,1.3328646151483206,-1.461440576166749,-1.7510820125076092,0.5763988794695595,-0.997471732522988,0.5837011519162584,0.9841231756854657,0
-0.2960199349169384,0.9009088760241706,-1.179024470547907,0.2691721772374654,-0.23538436605243465,-1.177851894974348,-1.2008713165995828,0.2744324511807092,-1.3751150855229646,-1.3730106049817663,-0.7394662468772634,0.7225953783357871,0.9841231756854657,0
-0.46546902347764374,0.9009088760241706,0.8491410419312149,0.272614915388837,-0.06640278899360229,-1.177851894974348,-1.042512820865339,0.2744324511807092,-1.623521805137819,-1.2583394588375707,-0.4814607612315388,-0.5274526594399713,0.9841231756854657,0
-0.46546902347764374,-1.1099901739376037,0.8491410419312149,0.2651135363892888,-0.7423290972289317,-1.177851894974348,2.4413740852880284,-0.8828162337175963,-0.21700267650776528,1.379096902478929,-0.7394662468772634,-0.7655570475877348,0.9841231756854657,0
-0.46546902347764374,-1.1099901739376037,-1.179024470547907,0.2705934911531693,-0.7423290972289317,-1.177851894974348,0.06599664927436881,0.2744324511807092,-1.7510820125076092,-0.45564143582820127,-0.4814607612315388,-0.13061201252703214,-1.0161329645585022,0
-0.634918112038349,-1.1099901739376037,-0.502969299721533,-0.6054412369793302,-0.7423290972289317,0.9048055324001227,0.38271364074285674,-0.8828162337175963,-0.12972463988633004,1.7231103409115156,-0.7394662468772634,0.8813316371009629,-1.0161329645585022,1
-0.9738162891597597,0.9009088760241706,-0.502969299721533,-0.4858613595381114,-0.911310674287764,0.21058638994196582,-0.5674373336626071,-0.8828162337175963,-1.0092187012254088,-0.2262991435398101,-0.7394662468772634,0.5043330225336705,-1.0161329645585022,0
-0.2960199349169384,0.9009088760241706,1.5251962127575889,-0.6029460414384278,-0.404365943111267,0.9048055324001227,0.38271364074285674,-1.461440576166749,-0.2069321338206762,1.7231103409115156,-0.997471732522988,0.26622863438590705,-1.0161329645585022,1
-0.9738162891597597,0.9009088760241706,0.8491410419312149,-0.5944813274515692,-0.7423290972289317,0.9048055324001227,0.38271364074285674,-0.8828162337175963,1.286865031430813,1.6084391947673204,-0.997471732522988,0.22654456969461315,-1.0161329645585022,1
-0.634918112038349,0.9009088760241706,1.5251962127575889,-0.5907385341402157,-0.911310674287764,0.9048055324001227,0.38271364074285674,0.2744324511807092,-0.21028898138303903,1.6084391947673204,-0.997471732522988,-0.6266628211682062,-1.0161329645585022,1
-0.8043672005990544,-1.1099901739376037,-0.502969299721533,0.26454501082300724,-0.911310674287764,0.21058638994196582,2.4413740852880284,1.4316811360790147,-0.34120603631519225,1.379096902478929,-0.7394662468772634,0.3455967637684949,-1.0161329645585022,0
-0.46546902347764374,-1.1099901739376037,0.8491410419312149,0.2773210436875009,-0.7423290972289317,-1.177851894974348,0.8577891279455886,1.4316811360790147,0.5382880250238866,0.1177142948927768,-0.4814607612315388,0.5440170872249644,0.9841231756854657,0
-0.634918112038349,-1.1099901739376037,1.5251962127575889,0.27569442887286205,-0.23538436605243465,-1.177851894974348,1.0161476236798326,0.853056793629862,-1.0495008719737637,0.23238544103697253,-0.997471732522988,1.754381060309429,-1.0161329645585022,0
-0.9738162891597597,0.9009088760241706,-0.502969299721533,0.26601370186923456,-0.911310674287764,-1.177851894974348,-1.2008713165995828,0.2744324511807092,1.2465828606824585,-1.3730106049817663,-0.7394662468772634,1.2186461869769611,0.9841231756854657,0
-0.9738162891597597,0.9009088760241706,-1.179024470547907,-0.5780730479136101,-0.7423290972289317,0.9048055324001227,0.38271364074285674,0.853056793629862,0.001192415045823164,1.6084391947673204,-0.997471732522988,0.18686050500331922,-1.0161329645585022,1
-0.46546902347764374,0.9009088760241706,0.8491410419312149,-0.4925731196956019,-0.7423290972289317,0.21058638994196582,-0.5674373336626071,-0.8828162337175963,0.8269769153870962,-0.2262991435398101,-0.7394662468772634,-0.011559818453150373,0.9841231756854657,0
-1.143265377720465,-1.1099901739376037,0.8491410419312149,-0.4875195591064326,-0.911310674287764,0.21058638994196582,0.8577891279455886,-0.8828162337175963,0.7229146409538463,1.952452633199907,-0.997471732522988,-0.09092794783573821,0.9841231756854657,0
-0.8043672005990544,-1.1099901739376037,-1.179024470547907,0.1595888743366972,-0.911310674287764,-1.177851894974348,0.06599664927436881,1.4316811360790147,0.001192415045823164,-0.34097028968400567,-0.7394662468772634,-0.011559818453150373,-1.0161329645585022,1
-0.9738162891597597,0.9009088760241706,-0.502969299721533,-0.5866009314078333,-0.911310674287764,0.9048055324001227,0.38271364074285674,-1.461440576166749,0.23617174441122635,1.6084391947673204,-0.4814607612315388,-0.9639773710442044,-1.0161329645585022,1
-0.8043672005990544,0.9009088760241706,-0.502969299721533,-0.5809156757450178,-0.911310674287764,0.9048055324001227,0.38271364074285674,-1.461440576166749,-0.33784918875282943,1.6084391947673204,-0.4814607612315388,0.6829113136444932,-1.0161329645585022,1
-0.634918112038349,0.9009088760241706,-0.502969299721533,-0.5856849735510464,-0.911310674287764,0.9048055324001227,0.38271364074285674,1.4316811360790147,-1.4993184453303918,1.6084391947673204,-0.997471732522988,0.08765034327508442,-1.0161329645585022,1
-0.2960199349169384,0.9009088760241706,-1.179024470547907,-0.5861903296099633,-0.06640278899360229,0.9048055324001227,0.38271364074285674,-0.8828162337175963,-0.03237606057780569,1.6084391947673204,-0.997471732522988,-1.2814498885745558,-1.0161329645585022,1
-0.8043672005990544,-1.1099901739376037,0.8491410419312149,0.27689464951278975,-0.911310674287764,-1.177851894974348,-0.2507203421941191,-0.8828162337175963,1.5352717510456675,-0.6849837281165926,-0.4814607612315388,-0.24966420660091387,0.9841231756854657,0
-0.634918112038349,0.9009088760241706,0.8491410419312149,0.2728675934182954,-0.911310674287764,-1.177851894974348,2.2830155895537843,-1.461440576166749,1.1223795008750308,1.2644257563347332,-0.7394662468772634,-0.38855843302044263,-1.0161329645585022,0
-0.2960199349169384,0.9009088760241706,-1.179024470547907,0.26705599874075076,-0.06640278899360229,-1.177851894974348,-0.7416316789702754,1.4316811360790147,-1.4254677989584081,-1.0289971665491795,-0.7394662468772634,1.317856348705196,0.9841231756854657,0
-0.46546902347764374,-1.1099901739376037,0.8491410419312149,-0.6980635271526988,-0.911310674287764,0.9048055324001227,0.38271364074285674,0.853056793629862,0.6154955189582334,2.2964660716324943,-0.4814607612315388,-1.4600281796853785,-1.0161329645585022,1
-0.634918112038349,-1.1099901739376037,0.8491410419312149,-0.5757831532716428,0.10257878806523006,0.9048055324001227,0.38271364074285674,1.4316811360790147,-1.2475548781531747,1.6084391947673204,-0.4814607612315388,-1.162397694500674,-1.0161329645585022,1
-0.46546902347764374,-1.1099901739376037,1.5251962127575889,0.26296577313889186,-0.911310674287764,0.21058638994196582,0.06599664927436881,-0.8828162337175963,1.2465828606824585,-0.45564143582820127,-0.7394662468772634,-0.15045404487267908,-1.0161329645585022,0
-0.634918112038349,-1.1099901739376037,0.8491410419312149,-0.4863035460896637,-0.911310674287764,0.21058638994196582,-1.2008713165995828,-0.8828162337175963,0.5114332445249834,-1.143668312693375,-0.4814607612315388,-0.26950623894656084,-1.0161329645585022,0
-0.46546902347764374,0.9009088760241706,-0.502969299721533,-0.5658339558617157,0.2715603651240624,0.9048055324001227,0.38271364074285674,0.2744324511807092,-0.3680608168140954,1.4937680486231246,-0.7394662468772634,1.2186461869769611,-1.0161329645585022,1
-0.2960199349169384,-1.1099901739376037,0.8491410419312149,-0.6730010251057873,0.2715603651240624,0.9048055324001227,0.38271364074285674,-1.461440576166749,0.03476089066945202,2.0671237793441026,-0.7394662468772634,-1.0235034680811452,-1.0161329645585022,1
-0.8043672005990544,-1.1099901739376037,0.8491410419312149,0.2701986817321404,-0.7423290972289317,-1.177851894974348,-0.8841543251310949,0.853056793629862,-1.173704231781191,-1.143668312693375,-0.7394662468772634,0.3455967637684949,0.9841231756854657,0
-0.634918112038349,0.9009088760241706,0.8491410419312149,0.268208842250155,-0.911310674287764,-1.177851894974348,1.3328646151483206,-0.8828162337175963,-1.173704231781191,0.5763988794695595,-0.7394662468772634,-1.8965528912896115,0.9841231756854657,0
-0.8043672005990544,-1.1099901739376037,-0.502969299721533,-0.49178350085354416,-0.911310674287764,0.21058638994196582,-0.5040939353689095,1.4316811360790147,-0.901799579229796,-0.11162799739561437,-0.7394662468772634,0.14717644031202531,-1.0161329645585022,0
-0.634918112038349,-1.1099901739376037,-0.502969299721533,-0.5624701795945499,-0.911310674287764,0.9048055324001227,0.38271364074285674,0.2744324511807092,-0.7138161157374736,1.4937680486231246,-0.4814607612315388,-0.20998014190961997,-1.0161329645585022,1
-0.2960199349169384,0.9009088760241706,-0.502969299721533,0.27193584318466735,-0.23538436605243465,-1.177851894974348,-0.4090788379283631,-1.461440576166749,-1.173704231781191,-0.7996548742607882,-0.997471732522988,-0.7060309505507939,0.9841231756854657,0
-0.46546902347764374,0.9009088760241706,-0.502969299721533,-0.5618068997672214,-0.5733475201700994,0.9048055324001227,0.38271364074285674,-0.8828162337175963,-1.7510820125076092,1.4937680486231246,-0.7394662468772634,-0.03140185079879733,-1.0161329645585022,1
-0.9738162891597597,0.9009088760241706,1.5251962127575889,-0.5637177773650011,-0.7423290972289317,0.9048055324001227,0.38271364074285674,1.4316811360790147,0.16232109803924238,1.4937680486231246,-0.997471732522988,-0.7655570475877348,-1.0161329645585022,1
-0.8043672005990544,0.9009088760241706,1.5251962127575889,0.26612424850712263,-0.23538436605243465,-1.177851894974348,0.22435514500861276,0.853056793629862,0.5785701957722418,-0.34097028968400567,-0.7394662468772634,-0.6266628211682062,0.9841231756854657,0
-0.8043672005990544,-1.1099901739376037,-1.179024470547907,0.26615583326080494,-0.911310674287764,-1.177851894974348,2.4413740852880284,-0.8828162337175963,-0.25392799969375696,1.379096902478929,-0.4814607612315388,0.8416475724096689,-1.0161329645585022,0
-0.46546902347764374,-1.1099901739376037,-1.179024470547907,-0.05392406055570603,-0.23538436605243465,-1.177851894974348,-0.12007458321336785,0.2744324511807092,1.575553921794022,-0.2262991435398101,-0.7394662468772634,1.1194360252487263,-1.0161329645585022,1
-1.143265377720465,-1.1099901739376037,-1.179024470547907,-0.5518892871109766,-0.911310674287764,0.9048055324001227,0.38271364074285674,-1.461440576166749,0.16232109803924238,1.4937680486231246,-0.4814607612315388,-0.32903233598350173,-1.0161329645585022,1
-0.46546902347764374,-1.1099901739376037,-1.179024470547907,-0.6573665720330447,-0.5733475201700994,0.9048055324001227,0.38271364074285674,-1.461440576166749,0.9343960373827085,1.952452633199907,-0.4814607612315388,-0.8052411122790287,-1.0161329645585022,1
-0.634918112038349,-1.1099901739376037,0.8491410419312149,0.26974070280374696,-0.404365943111267,-1.177851894974348,1.3328646151483206,-0.8828162337175963,-0.12972463988633004,0.5763988794695595,-0.997471732522988,-0.15045404487267908,0.9841231756854657,0
-0.8043672005990544,0.9009088760241706,-1.179024470547907,0.26497140499771843,-0.911310674287764,-1.177851894974348,0.38271364074285674,-0.8828162337175963,0.830333762949459,-0.2262991435398101,-0.4814607612315388,-0.17029607721832604,0.9841231756854657,0
-0.634918112038349,0.9009088760241706,0.8491410419312149,0.2724727839972666,-0.23538436605243465,-1.177851894974348,0.38271364074285674,0.853056793629862,0.830333762949459,-0.2262991435398101,-0.4814607612315388,0.6035431842619053,-1.0161329645585022,0
-0.9738162891597597,-1.1099901739376037,-0.502969299721533,0.2722674830983316,-0.911310674287764,-1.177851894974348,0.06599664927436881,-1.461440576166749,-1.2979075915886182,-0.45564143582820127,-0.4814607612315388,-0.4282424977117365,-1.0161329645585022,0
-0.8043672005990544,0.9009088760241706,-1.179024470547907,0.27004075796372884,-0.911310674287764,-1.177851894974348,0.8577891279455886,-0.8828162337175963,-0.37813135950118393,0.1177142948927768,-0.4814607612315388,0.7027533459901402,0.9841231756854657,0
-0.2960199349169384,-1.1099901739376037,-1.179024470547907,0.2728833857951366,-0.23538436605243465,-1.177851894974348,0.8577891279455886,-0.8828162337175963,1.6997572816014495,0.1177142948927768,-0.997471732522988,1.1392780575943733,0.9841231756854657,0
-0.2960199349169384,-1.1099901739376037,1.5251962127575889,0.269030045845895,-0.23538436605243465,-1.177851894974348,2.4413740852880284,1.4316811360790147,0.001192415045823164,1.379096902478929,-0.7394662468772634,0.26622863438590705,0.9841231756854657,0
-0.46546902347764374,-1.1099901739376037,-1.179024470547907,0.27269387727304273,-0.5733475201700994,-1.177851894974348,0.38271364074285674,1.4316811360790147,-1.0495008719737637,-0.2262991435398101,-0.7394662468772634,0.3654387961141419,0.9841231756854657,0
-0.2960199349169384,-1.1099901739376037,0.8491410419312149,-0.05491898029669874,-0.23538436605243465,0.21058638994196582,2.3226052134873454,0.2744324511807092,0.001192415045823164,2.0671237793441026,-0.997471732522988,-0.9242933063529105,-1.0161329645585022,1
-0.9738162891597597,0.9009088760241706,-1.179024470547907,-0.6509548670355362,-0.911310674287764,0.9048055324001227,0.38271364074285674,-0.8828162337175963,-0.005521280078902488,1.952452633199907,-0.997471732522988,-1.0830295651180861,-1.0161329645585022,1
-0.9738162891597597,0.9009088760241706,-1.179024470547907,0.27173054228573235,-0.5733475201700994,-1.177851894974348,-0.7257958293968509,1.4316811360790147,0.11868207972852446,-1.0289971665491795,-0.7394662468772634,-1.5393963090679663,0.9841231756854657,0
-0.46546902347764374,0.9009088760241706,-1.179024470547907,0.2708461691826277,-0.06640278899360229,-1.177851894974348,-0.17154109432699713,-1.461440576166749,-1.173704231781191,-0.570312581972397,-0.997471732522988,0.028124246238143545,-1.0161329645585022,0
-0.8043672005990544,0.9009088760241706,-1.179024470547907,0.2675771471765088,-0.5733475201700994,-1.177851894974348,2.4413740852880284,-0.8828162337175963,0.001192415045823164,1.379096902478929,-0.4814607612315388,0.801963507718375,0.9841231756854657,0
-0.634918112038349,0.9009088760241706,0.8491410419312149,0.26653485030499263,-0.5733475201700994,-1.177851894974348,2.4413740852880284,0.2744324511807092,0.001192415045823164,1.379096902478929,-0.997471732522988,0.10749237562073138,0.9841231756854657,0
-0.9738162891597597,-1.1099901739376037,1.5251962127575889,-0.5367917748508333,-0.911310674287764,0.9048055324001227,0.38271364074285674,-0.8828162337175963,-0.12972463988633004,1.379096902478929,-0.997471732522988,0.5638591195706114,-1.0161329645585022,1
-0.2960199349169384,0.9009088760241706,0.17308587110484092,0.2800689172578617,-0.404365943111267,-1.177851894974348,2.4413740852880284,0.853056793629862,-0.12972463988633004,1.379096902478929,-0.4814607612315388,1.1194360252487263,0.9841231756854657,0
-0.9738162891597597,0.9009088760241706,-1.179024470547907,0.27362562750667085,-0.911310674287764,-1.177851894974348,-0.7257958293968509,0.853056793629862,-1.2979075915886182,-1.0289971665491795,-0.997471732522988,-1.0830295651180861,0.9841231756854657,0
-1.143265377720465,0.9009088760241706,-1.179024470547907,-0.6419374198592372,-0.911310674287764,0.9048055324001227,0.38271364074285674,0.2744324511807092,0.001192415045823164,1.952452633199907,-0.997471732522988,-0.24966420660091387,-1.0161329645585022,1
-0.2960199349169384,-1.1099901739376037,-0.502969299721533,0.26967753329638233,-0.5733475201700994,-1.177851894974348,-0.7257958293968509,0.853056793629862,1.327147202179168,-1.0289971665491795,-0.7394662468772634,0.08765034327508442,0.9841231756854657,0
-0.8043672005990544,0.9009088760241706,-1.179024470547907,0.2730571019403893,-0.911310674287764,-1.177851894974348,1.6495816066168083,1.4316811360790147,1.327147202179168,0.8057411717579506,-0.7394662468772634,-2.3330776028938445,0.9841231756854657,0
-0.8043672005990544,0.9009088760241706,-0.502969299721533,-0.5229418603611412,-0.5733475201700994,0.9048055324001227,0.38271364074285674,0.853056793629862,0.23617174441122635,1.379096902478929,-0.997471732522988,1.4567505751247247,-1.0161329645585022,1
-0.9738162891597597,-1.1099901739376037,-0.502969299721533,-0.05482422603565182,-0.911310674287764,-1.177851894974348,0.38271364074285674,0.2744324511807092,1.7937490133476108,0.23238544103697253,-0.997471732522988,-0.46792656240303043,-1.0161329645585022,1
-0.8043672005990544,-1.1099901739376037,1.5251962127575889,0.2716199956478443,-0.06640278899360229,0.21058638994196582,-0.5674373336626071,-0.8828162337175963,2.7269526356844955,-0.9143260204049839,-0.4814607612315388,-0.6266628211682062,-1.0161329645585022,0
-0.9738162891597597,-1.1099901739376037,-0.502969299721533,0.15437738997911635,-0.911310674287764,-1.177851894974348,0.06599664927436881,0.853056793629862,0.27645391515958084,-0.34097028968400567,-0.7394662468772634,0.0479662785837905,-1.0161329645585022,1
-1.143265377720465,-1.1099901739376037,1.5251962127575889,-0.5308064640280359,-0.911310674287764,0.9048055324001227,0.38271364074285674,-0.8828162337175963,-0.21364582894540246,1.379096902478929,-0.4814607612315388,0.5241750548793175,-1.0161329645585022,1
-0.2960199349169384,0.9009088760241706,0.8491410419312149,-0.5212362836622966,-0.404365943111267,0.9048055324001227,0.38271364074285674,0.853056793629862,0.001192415045823164,1.379096902478929,-0.4814607612315388,1.278172284013902,-1.0161329645585022,1
-0.634918112038349,-1.1099901739376037,1.5251962127575889,-0.5281375523418809,-0.06640278899360229,0.9048055324001227,0.38271364074285674,0.853056793629862,0.7464125738903866,1.379096902478929,-0.7394662468772634,0.5241750548793175,-1.0161329645585022,1
-0.8043672005990544,0.9009088760241706,1.5251962127575889,0.27234644498253735,-0.911310674287764,-1.177851894974348,0.06599664927436881,-1.461440576166749,-1.0964967378468442,-0.45564143582820127,-0.7394662468772634,0.38528082845978884,0.9841231756854657,0
-0.634918112038349,0.9009088760241706,0.8491410419312149,-0.5283112684871336,-0.7423290972289317,0.9048055324001227,0.38271364074285674,1.4316811360790147,0.2965950005337584,1.379096902478929,-0.7394662468772634,-0.9838194033898514,-1.0161329645585022,1
-0.9738162891597597,-1.1099901739376037,-1.179024470547907,0.2692037619911477,-0.911310674287764,-1.177851894974348,-0.5674373336626071,-1.461440576166749,-1.2106295549671826,-0.9143260204049839,-0.7394662468772634,0.4448069254967297,0.9841231756854657,0
-0.634918112038349,0.9009088760241706,-1.179024470547907,-0.5266846536724947,-0.404365943111267,0.9048055324001227,0.38271364074285674,-0.8828162337175963,0.1119683846037988,1.379096902478929,-0.7394662468772634,-0.011559818453150373,-1.0161329645585022,1
-0.46546902347764374,0.9009088760241706,0.8491410419312149,0.2693932705132415,-0.7423290972289317,-1.177851894974348,-0.5674373336626071,0.2744324511807092,-1.0964967378468442,-0.9143260204049839,-0.4814607612315388,0.40512286080543575,0.9841231756854657,0
-0.634918112038349,0.9009088760241706,-1.179024470547907,-0.5283902303713394,-0.911310674287764,0.9048055324001227,0.38271364074285674,-1.461440576166749,-1.623521805137819,1.379096902478929,-0.7394662468772634,-1.3012919209202027,-1.0161329645585022,1
-0.46546902347764374,0.9009088760241706,1.5251962127575889,0.26740343103125613,0.2715603651240624,-1.177851894974348,2.4413740852880284,-0.8828162337175963,1.4446368668618692,1.379096902478929,-0.997471732522988,0.7622794430270811,-1.0161329645585022,0
-0.634918112038349,0.9009088760241706,-1.179024470547907,0.2703881902542343,-0.5733475201700994,-1.177851894974348,-0.5674373336626071,0.853056793629862,-0.811164695045998,-0.9143260204049839,-0.4814607612315388,-0.32903233598350173,0.9841231756854657,0
-0.46546902347764374,0.9009088760241706,-0.502969299721533,0.2745257929866166,-0.5733475201700994,0.21058638994196582,2.4413740852880284,-0.8828162337175963,0.15896425047687956,1.379096902478929,-0.4814607612315388,0.38528082845978884,0.9841231756854657,0
-0.9738162891597597,-1.1099901739376037,-0.502969299721533,-0.5255476025399316,-0.911310674287764,0.9048055324001227,0.38271364074285674,-0.8828162337175963,-0.0860856215756121,1.379096902478929,-0.7394662468772634,0.5638591195706114,-1.0161329645585022,1
-0.46546902347764374,-1.1099901739376037,0.8491410419312149,-0.6439904288485873,-0.06640278899360229,0.9048055324001227,0.38271364074285674,0.2744324511807092,1.327147202179168,1.952452633199907,-0.7394662468772634,0.7424374106814341,-1.0161329645585022,1
-0.9738162891597597,-1.1099901739376037,-1.179024470547907,0.27400464455085854,-0.5733475201700994,-1.177851894974348,-1.2008713165995828,-0.8828162337175963,0.001192415045823164,-1.3730106049817663,-0.4814607612315388,0.6035431842619053,0.9841231756854657,0
-0.634918112038349,0.9009088760241706,-1.179024470547907,0.2685878592943427,-0.911310674287764,0.21058638994196582,-0.646616581529729,1.4316811360790147,-0.6936750303632967,-0.9143260204049839,-0.997471732522988,-0.17029607721832604,-1.0161329645585022,0
-0.2960199349169384,0.9009088760241706,-1.179024470547907,0.2665032655513104,-0.23538436605243465,-1.177851894974348,0.8577891279455886,0.853056793629862,0.5114332445249834,0.1177142948927768,-0.7394662468772634,-0.07108591549009124,0.9841231756854657,0
-0.46546902347764374,0.9009088760241706,-1.179024470547907,-0.5182515244393184,-0.911310674287764,0.9048055324001227,0.38271364074285674,0.2744324511807092,0.23617174441122635,1.2644257563347332,-0.997471732522988,-2.3330776028938445,-1.0161329645585022,1
-0.8043672005990544,-1.1099901739376037,0.8491410419312149,0.2656978543324115,-0.23538436605243465,-1.177851894974348,-0.17154109432699713,0.853056793629862,0.04483143335654109,-0.570312581972397,-0.997471732522988,0.028124246238143545,0.9841231756854657,0
-0.8043672005990544,-1.1099901739376037,-0.502969299721533,0.15936778106092103,-0.7423290972289317,-1.177851894974348,2.4413740852880284,-0.3041918912684436,0.3939435798422821,1.6084391947673204,-0.997471732522988,-0.051243883144444294,-1.0161329645585022,1
-0.2960199349169384,0.9009088760241706,-1.179024470547907,-0.5220890720117188,-0.23538436605243465,0.9048055324001227,0.38271364074285674,-0.8828162337175963,-0.707102420612748,1.379096902478929,-0.4814607612315388,-0.26950623894656084,-1.0161329645585022,1
-0.2960199349169384,-1.1099901739376037,1.5251962127575889,0.26929851625219464,-0.23538436605243465,0.21058638994196582,-0.4090788379283631,0.853056793629862,0.7430557263280237,-0.7996548742607882,-0.997471732522988,0.6233852166075523,0.9841231756854657,0
-0.46546902347764374,-1.1099901739376037,0.8491410419312149,0.27259912301199585,-0.5733475201700994,-1.177851894974348,1.9662985980852963,-0.8828162337175963,0.15896425047687956,1.035083464046342,-0.7394662468772634,0.4448069254967297,0.9841231756854657,0
-0.46546902347764374,0.9009088760241706,-0.502969299721533,-0.4922256874050965,-0.7423290972289317,0.21058638994196582,0.38271364074285674,1.4316811360790147,-0.6936750303632967,1.2644257563347332,-0.7394662468772634,-1.3608180179571436,0.9841231756854657,0
-0.2960199349169384,-1.1099901739376037,-1.179024470547907,-0.526605691788289,-0.23538436605243465,0.9048055324001227,0.38271364074285674,0.2744324511807092,-1.6839450612603513,1.379096902478929,-0.997471732522988,-0.190138109563973,-1.0161329645585022,1
-0.46546902347764374,-1.1099901739376037,-1.179024470547907,-0.5138928284311599,-0.5733475201700994,0.9048055324001227,0.38271364074285674,0.2744324511807092,-0.21028898138303903,1.2644257563347332,-0.4814607612315388,0.26622863438590705,-1.0161329645585022,1
-0.9738162891597597,-1.1099901739376037,0.8491410419312149,0.2716515804015266,-0.911310674287764,-1.177851894974348,0.8577891279455886,-0.8828162337175963,0.15896425047687956,0.1177142948927768,-0.7394662468772634,0.0479662785837905,0.9841231756854657,0
-0.8043672005990544,-1.1099901739376037,0.8491410419312149,-0.5081444032609799,-0.23538436605243465,0.9048055324001227,0.38271364074285674,-0.8828162337175963,-0.005521280078902488,1.2644257563347332,-0.4814607612315388,-0.11076998018138517,-1.0161329645585022,1
-0.9738162891597597,0.9009088760241706,0.8491410419312149,-0.5041331395433267,-0.911310674287764,0.9048055324001227,0.38271364074285674,-0.8828162337175963,0.03476089066945202,1.2644257563347332,-0.7394662468772634,-1.658448503141848,-1.0161329645585022,1
-0.2960199349169384,0.9009088760241706,-1.179024470547907,0.26680332071129226,-0.404365943111267,-1.177851894974348,-1.042512820865339,1.4316811360790147,-1.0092187012254088,-1.2583394588375707,-0.4814607612315388,-0.7060309505507939,-1.0161329645585022,0
-0.8043672005990544,-1.1099901739376037,1.5251962127575889,-0.5039278386443917,-0.911310674287764,0.9048055324001227,0.38271364074285674,0.2744324511807092,-0.059230841076708896,1.2644257563347332,-0.7394662468772634,-1.9362369559809054,-1.0161329645585022,1
-0.634918112038349,-1.1099901739376037,1.5251962127575889,-0.49423131926392305,-0.23538436605243465,0.9048055324001227,0.38271364074285674,1.4316811360790147,-0.707102420612748,1.2644257563347332,-0.4814607612315388,1.4170665104334308,-1.0161329645585022,0
-0.634918112038349,0.9009088760241706,-0.502969299721533,-0.48167637967520555,-0.404365943111267,0.21058638994196582,-1.042512820865339,1.4316811360790147,-1.2207000976542715,-0.9143260204049839,-0.4814607612315388,-0.15045404487267908,0.9841231756854657,0
-0.46546902347764374,-1.1099901739376037,-0.502969299721533,-0.4906464497209811,-0.7423290972289317,0.9048055324001227,0.38271364074285674,0.2744324511807092,-0.005521280078902488,1.2644257563347332,-0.997471732522988,-0.5076106270943244,0.9841231756854657,0
-0.8043672005990544,-1.1099901739376037,-0.502969299721533,0.27357825037614736,-0.5733475201700994,-1.177851894974348,-0.2507203421941191,1.4316811360790147,1.5688402266692962,-0.6849837281165926,-0.4814607612315388,-1.12271362980938,0.9841231756854657,0
-0.46546902347764374,-1.1099901739376037,-0.502969299721533,-0.4949103914680927,-0.7423290972289317,0.9048055324001227,0.38271364074285674,1.4316811360790147,-1.7510820125076092,1.2644257563347332,-0.997471732522988,0.7027533459901402,-1.0161329645585022,0
-0.8043672005990544,-1.1099901739376037,-1.179024470547907,0.27173054228573235,-0.5733475201700994,-1.177851894974348,1.1745061194140765,-0.8828162337175963,0.4040141225293712,0.4617277333253637,-0.997471732522988,-2.2140254088199627,0.9841231756854657,0
-0.9738162891597597,-1.1099901739376037,1.5251962127575889,0.15472482226962173,-0.911310674287764,-1.177851894974348,0.8577891279455886,0.853056793629862,1.357358830240434,0.3470565871811683,-0.7394662468772634,-0.6465048535138531,-1.0161329645585022,1
-1.143265377720465,-1.1099901739376037,-1.179024470547907,-0.49326798427661267,-0.911310674287764,0.9048055324001227,0.38271364074285674,1.4316811360790147,-1.0427871768490378,1.2644257563347332,-0.7394662468772634,-1.0631875327724392,0.9841231756854657,0
-0.46546902347764374,0.9009088760241706,0.8491410419312149,-0.4908833353735984,-0.404365943111267,0.9048055324001227,0.38271364074285674,-0.8828162337175963,-0.37813135950118393,1.2644257563347332,-0.4814607612315388,-0.22982217425526694,-1.0161329645585022,0
-0.2960199349169384,0.9009088760241706,0.8491410419312149,0.15884663262516296,-0.23538436605243465,-1.177851894974348,-0.3298995900612411,-0.8828162337175963,-0.3109944082539262,-0.6849837281165926,-0.4814607612315388,0.08765034327508442,-1.0161329645585022,1
-0.634918112038349,0.9009088760241706,-0.502969299721533,0.2704039826310754,-0.5733475201700994,-1.177851894974348,-0.3298995900612411,-0.8828162337175963,-0.7977373047965461,-0.6849837281165926,-0.4814607612315388,0.9408577341379036,0.9841231756854657,0
-0.634918112038349,0.9009088760241706,-0.502969299721533,-0.4874405972222268,-0.911310674287764,0.9048055324001227,0.38271364074285674,-1.461440576166749,0.5651428055227898,1.1497546101905376,-0.7394662468772634,0.8614896047553159,0.9841231756854657,0
-0.9738162891597597,-1.1099901739376037,0.8491410419312149,0.2650503668819242,-0.911310674287764,-1.177851894974348,0.06599664927436881,-1.461440576166749,-0.901799579229796,-0.45564143582820127,-0.997471732522988,0.40512286080543575,0.9841231756854657,0
-0.8043672005990544,0.9009088760241706,1.5251962127575889,-0.4871405420622449,-0.911310674287764,0.9048055324001227,0.38271364074285674,0.853056793629862,-0.46205254856025635,1.1497546101905376,-0.997471732522988,-1.4798702120310254,0.9841231756854657,0
-0.634918112038349,-1.1099901739376037,0.8491410419312149,0.2672770920165269,-0.7423290972289317,0.21058638994196582,1.6495816066168083,0.2744324511807092,-0.5023347193086114,0.8057411717579506,-0.997471732522988,-1.9362369559809054,0.9841231756854657,0
-0.9738162891597597,0.9009088760241706,-1.179024470547907,0.15854657746518103,-0.911310674287764,-1.177851894974348,0.25602684415546156,-0.3041918912684436,0.001192415045823164,-0.2262991435398101,-0.997471732522988,0.5837011519162584,-1.0161329645585022,1
-0.9738162891597597,0.9009088760241706,1.5251962127575889,0.15534072496642676,-0.5733475201700994,-1.177851894974348,2.4413740852880284,1.4316811360790147,1.1324500435621199,1.6084391947673204,-0.7394662468772634,1.3773824457421369,-1.0161329645585022,1
-0.2960199349169384,0.9009088760241706,1.5251962127575889,-0.4823870366330575,-0.06640278899360229,0.9048055324001227,0.38271364074285674,1.4316811360790147,0.001192415045823164,1.1497546101905376,-0.4814607612315388,-0.9044512740072636,0.9841231756854657,0
-0.634918112038349,0.9009088760241706,-1.179024470547907,-0.4900305470241761,-0.23538436605243465,0.9048055324001227,0.38271364074285674,0.2744324511807092,0.8336906105118219,1.2644257563347332,-0.997471732522988,-0.4282424977117365,0.9841231756854657,0
-0.634918112038349,-1.1099901739376037,0.8491410419312149,0.27441524634872855,-0.7423290972289317,0.21058638994196582,-1.1335689559125293,-0.3041918912684436,1.4312094766124175,-1.3730106049817663,-0.4814607612315388,-0.5274526594399713,0.9841231756854657,0
-0.46546902347764374,-1.1099901739376037,0.8491410419312149,0.2716673727783677,-0.911310674287764,-1.177851894974348,-0.9474977234247925,-1.461440576166749,-1.1804179269059165,-1.143668312693375,-0.4814607612315388,0.40512286080543575,0.9841231756854657,0
-0.634918112038349,0.9009088760241706,-1.179024470547907,0.2724727839972666,-0.404365943111267,-1.177851894974348,-0.5674373336626071,-0.3041918912684436,-1.623521805137819,-0.9143260204049839,-0.7394662468772634,-0.2893482712922078,0.9841231756854657,0
-0.634918112038349,-1.1099901739376037,-0.502969299721533,0.1548037841538275,-0.7423290972289317,-1.177851894974348,2.4413740852880284,-1.461440576166749,1.5319149034833046,1.6084391947673204,-0.7394662468772634,-0.30919030363785477,-1.0161329645585022,1
-0.2960199349169384,0.9009088760241706,1.5251962127575889,-0.4895883604726238,0.10257878806523006,0.9048055324001227,0.38271364074285674,-1.461440576166749,-0.34120603631519225,1.2644257563347332,-0.7394662468772634,-0.07108591549009124,-1.0161329645585022,0
-0.634918112038349,0.9009088760241706,0.8491410419312149,0.274462623479252,-0.23538436605243465,0.21058638994196582,2.4413740852880284,-0.3041918912684436,-0.21700267650776528,1.379096902478929,-0.7394662468772634,-0.20998014190961997,0.9841231756854657,0
-0.2960199349169384,-1.1099901739376037,-1.179024470547907,-0.49037797931468147,-0.06640278899360229,0.9048055324001227,0.38271364074285674,0.2744324511807092,-1.173704231781191,1.2644257563347332,-0.997471732522988,-2.3132355705481977,0.9841231756854657,0
-0.2960199349169384,0.9009088760241706,1.5251962127575889,0.26749818529230307,0.10257878806523006,-1.177851894974348,0.8577891279455886,0.853056793629862,0.2865244578466693,0.1177142948927768,-0.7394662468772634,0.0479662785837905,-1.0161329645585022,0
-0.9738162891597597,0.9009088760241706,1.5251962127575889,-0.4886566102389957,-0.911310674287764,0.9048055324001227,0.38271364074285674,-1.461440576166749,-0.005521280078902488,1.2644257563347332,-0.997471732522988,0.26622863438590705,-1.0161329645585022,0
-0.2960199349169384,-1.1099901739376037,-0.502969299721533,-0.4858297747844291,-0.404365943111267,0.9048055324001227,0.38271364074285674,0.2744324511807092,-1.0495008719737637,1.1497546101905376,-0.997471732522988,-2.194183376474316,0.9841231756854657,0
-0.8043672005990544,0.9009088760241706,-1.179024470547907,0.27179371179309697,-0.911310674287764,-1.177851894974348,1.4912231108825644,1.4316811360790147,-0.12972463988633004,0.6910700256137552,-0.997471732522988,0.38528082845978884,-1.0161329645585022,0
-0.9738162891597597,-1.1099901739376037,-1.179024470547907,-0.48112364648576517,-0.911310674287764,0.9048055324001227,0.38271364074285674,-1.461440576166749,0.7430557263280237,1.1497546101905376,-0.4814607612315388,-0.20998014190961997,0.9841231756854657,0
-0.2960199349169384,0.9009088760241706,1.5251962127575889,0.27256753825831354,-0.404365943111267,-1.177851894974348,-0.5674373336626071,-0.3041918912684436,-1.0092187012254088,-0.9143260204049839,-0.4814607612315388,1.0599099282117854,-1.0161329645585022,0
-0.9738162891597597,0.9009088760241706,0.8491410419312149,-0.4892567205589595,-0.911310674287764,0.9048055324001227,0.38271364074285674,1.4316811360790147,0.001192415045823164,1.2644257563347332,-0.7394662468772634,0.16701847265767225,-1.0161329645585022,0
-0.8043672005990544,0.9009088760241706,-0.502969299721533,-0.48709316493172145,-0.7423290972289317,0.9048055324001227,0.38271364074285674,-1.461440576166749,0.3939435798422821,1.1497546101905376,-0.4814607612315388,-0.7457150152420878,0.9841231756854657,0
-0.2960199349169384,-1.1099901739376037,-0.502969299721533,-0.4938049250892119,-0.5733475201700994,0.9048055324001227,0.38271364074285674,0.853056793629862,0.19253272610050842,1.2644257563347332,-0.997471732522988,1.6551708985811941,0.9841231756854657,0
-0.9738162891597597,-1.1099901739376037,-0.502969299721533,-0.4896831147336707,-0.911310674287764,0.9048055324001227,0.38271364074285674,-0.8828162337175963,0.2965950005337584,1.2644257563347332,-0.7394662468772634,0.38528082845978884,-1.0161329645585022,0
-0.634918112038349,-1.1099901739376037,-0.502969299721533,0.27503114904553355,-0.23538436605243465,-1.177851894974348,-0.5674373336626071,1.4316811360790147,-0.7977373047965461,-0.9143260204049839,-0.4814607612315388,-0.6068207888225592,-1.0161329645585022,0
-0.8043672005990544,0.9009088760241706,-0.502969299721533,-0.4844558379992487,-0.911310674287764,0.9048055324001227,0.38271364074285674,0.2744324511807092,-0.3680608168140954,1.1497546101905376,-0.997471732522988,1.3773824457421369,-1.0161329645585022,0
-0.9738162891597597,-1.1099901739376037,0.8491410419312149,0.27155682614047966,-0.404365943111267,-1.177851894974348,2.8412292870169944,-0.8828162337175963,-0.08944246913797492,1.6084391947673204,-0.7394662468772634,0.32575473142284794,-1.0161329645585022,0
-0.46546902347764374,-1.1099901739376037,0.8491410419312149,0.2691563848606242,0.2715603651240624,-1.177851894974348,0.27186269372888594,-1.461440576166749,-0.21364582894540246,-0.2262991435398101,-0.997471732522988,0.7622794430270811,0.9841231756854657,0
-0.8043672005990544,0.9009088760241706,-0.502969299721533,0.2720148050688731,-0.404365943111267,0.21058638994196582,3.2331665639592484,1.4316811360790147,-0.3680608168140954,1.952452633199907,-0.7394662468772634,-0.07108591549009124,0.9841231756854657,0
-0.46546902347764374,-1.1099901739376037,0.8491410419312149,0.275283827074992,-0.5733475201700994,-1.177851894974348,-0.8841543251310949,-0.3041918912684436,-1.8752853723150364,-1.143668312693375,-0.4814607612315388,0.16701847265767225,-1.0161329645585022,0
-0.9738162891597597,-1.1099901739376037,0.8491410419312149,-0.47635434867973664,-0.911310674287764,0.9048055324001227,0.38271364074285674,-1.461440576166749,1.0955247203761276,1.1497546101905376,-0.7394662468772634,0.38528082845978884,0.9841231756854657,0
-0.9738162891597597,-1.1099901739376037,-0.502969299721533,0.2736887970140355,-0.404365943111267,0.21058638994196582,-0.4090788379283631,-0.8828162337175963,-1.2979075915886182,-0.7996548742607882,-0.7394662468772634,0.9805417988291976,-1.0161329645585022,0
-0.2960199349169384,0.9009088760241706,-1.179024470547907,-0.4724536315999716,-0.5733475201700994,0.9048055324001227,0.38271364074285674,0.853056793629862,0.001192415045823164,1.1497546101905376,-0.997471732522988,-0.36871640067479566,0.9841231756854657,0
-0.46546902347764374,0.9009088760241706,0.8491410419312149,-0.4742065854293397,-0.23538436605243465,0.9048055324001227,0.38271364074285674,-1.461440576166749,0.23617174441122635,1.1497546101905376,-0.7394662468772634,-0.011559818453150373,0.9841231756854657,0
-0.46546902347764374,0.9009088760241706,-0.502969299721533,0.277226289426454,-0.7423290972289317,-1.177851894974348,-1.359229812333827,-1.461440576166749,-1.8752853723150364,-1.487681751125962,-0.7394662468772634,-1.0631875327724392,0.9841231756854657,0
-0.46546902347764374,-1.1099901739376037,0.8491410419312149,0.2787739423568871,-0.911310674287764,-1.177851894974348,2.4413740852880284,1.4316811360790147,2.17642963545698,1.379096902478929,-0.4814607612315388,-2.3132355705481977,0.9841231756854657,0
-0.634918112038349,0.9009088760241706,0.8491410419312149,0.2757733907570678,-0.7423290972289317,-1.177851894974348,0.38271364074285674,1.4316811360790147,-1.7510820125076092,-0.2262991435398101,-0.7394662468772634,-0.11076998018138517,0.9841231756854657,0
-0.634918112038349,0.9009088760241706,0.8491410419312149,-0.5628807813924199,-0.911310674287764,0.9048055324001227,0.38271364074285674,0.853056793629862,-0.3680608168140954,1.4937680486231246,-0.7394662468772634,0.4448069254967297,-1.0161329645585022,1
-0.8043672005990544,0.9009088760241706,1.5251962127575889,-0.44600140039103847,-0.911310674287764,0.9048055324001227,0.38271364074285674,-0.8828162337175963,0.8336906105118219,1.035083464046342,-0.997471732522988,0.305912699077201,0.9841231756854657,0
-0.46546902347764374,-1.1099901739376037,0.8491410419312149,-0.4471384515236016,-0.5733475201700994,0.9048055324001227,0.38271364074285674,-0.8828162337175963,-1.0427871768490378,1.035083464046342,-0.4814607612315388,0.028124246238143545,-1.0161329645585022,0
-0.9738162891597597,0.9009088760241706,0.8491410419312149,0.16919063945611887,-0.7423290972289317,-1.177851894974348,-0.7257958293968509,-0.8828162337175963,-0.8447331706696268,-0.9143260204049839,-0.4814607612315388,-0.5472946917856183,-1.0161329645585022,1
-0.2960199349169384,-1.1099901739376037,-0.502969299721533,0.2779843235148294,-0.5733475201700994,-1.177851894974348,2.2830155895537843,1.4316811360790147,2.206641263518246,1.2644257563347332,-0.7394662468772634,1.4765926074703717,0.9841231756854657,0
-0.8043672005990544,0.9009088760241706,-0.502969299721533,-0.4592512045607668,-0.911310674287764,0.9048055324001227,0.38271364074285674,-0.8828162337175963,-0.11965409719924096,1.1497546101905376,-0.4814607612315388,-0.4877685947486774,0.9841231756854657,0
-0.2960199349169384,0.9009088760241706,1.5251962127575889,-0.4509917914728432,-0.23538436605243465,0.9048055324001227,0.38271364074285674,1.4316811360790147,-0.8447331706696268,1.035083464046342,-0.7394662468772634,0.40512286080543575,-1.0161329645585022,0
-0.2960199349169384,0.9009088760241706,-0.502969299721533,0.2767367257443782,-0.23538436605243465,-1.177851894974348,0.22435514500861276,-0.3041918912684436,0.5114332445249834,-0.34097028968400567,-0.7394662468772634,0.3654387961141419,-1.0161329645585022,0
-0.9738162891597597,-1.1099901739376037,0.8491410419312149,0.16634801162471113,-0.911310674287764,-1.177851894974348,-0.3298995900612411,-1.461440576166749,0.726271488516209,-0.6849837281165926,-0.997471732522988,-1.0830295651180861,-1.0161329645585022,1
-0.2960199349169384,0.9009088760241706,-0.502969299721533,0.28390646483026216,-0.23538436605243465,-1.177851894974348,0.0026532509806712224,-0.3041918912684436,0.001192415045823164,-0.45564143582820127,-0.7394662468772634,-1.0433455004267922,-1.0161329645585022,0
-0.634918112038349,0.9009088760241706,0.8491410419312149,0.1681483425846027,-0.911310674287764,-1.177851894974348,1.6495816066168083,-1.461440576166749,2.183143330581707,0.9204123179021463,-0.7394662468772634,0.801963507718375,-1.0161329645585022,1
-0.634918112038349,-1.1099901739376037,-0.502969299721533,-0.45192354170647125,-0.7423290972289317,0.9048055324001227,0.38271364074285674,1.4316811360790147,-1.1233515183457474,1.035083464046342,-0.4814607612315388,0.8416475724096689,-1.0161329645585022,0
-0.634918112038349,-1.1099901739376037,1.5251962127575889,0.28325897737977485,0.10257878806523006,-1.177851894974348,1.0161476236798326,-1.461440576166749,0.7430557263280237,0.23238544103697253,-0.997471732522988,1.238488219322608,-1.0161329645585022,0
-0.2960199349169384,-1.1099901739376037,0.8491410419312149,0.29129729719192227,0.2715603651240624,-1.177851894974348,0.0026532509806712224,-0.3041918912684436,-1.2475548781531747,-0.45564143582820127,-0.997471732522988,-1.7378166325244357,0.9841231756854657,0
-0.8043672005990544,-1.1099901739376037,1.5251962127575889,0.2876334657647745,-0.7423290972289317,-1.177851894974348,-0.7257958293968509,0.2744324511807092,0.001192415045823164,-1.0289971665491795,-0.7394662468772634,-0.2893482712922078,0.9841231756854657,0
-1.143265377720465,-1.1099901739376037,-0.502969299721533,-0.45478196191472015,-0.911310674287764,0.9048055324001227,0.38271364074285674,-0.8828162337175963,0.7464125738903866,1.035083464046342,-0.997471732522988,1.774223092655076,-1.0161329645585022,0
-0.8043672005990544,-1.1099901739376037,-0.502969299721533,0.28627532135643524,-0.911310674287764,0.21058638994196582,0.8577891279455886,0.2744324511807092,1.5587696839822078,0.1177142948927768,-0.997471732522988,-0.8647672093159696,-1.0161329645585022,0
-0.9738162891597597,0.9009088760241706,1.5251962127575889,0.2883283303457853,-0.911310674287764,-1.177851894974348,-0.07652599688645076,-0.8828162337175963,0.4745079213389917,-0.570312581972397,-0.7394662468772634,0.6233852166075523,0.9841231756854657,0
-0.46546902347764374,0.9009088760241706,-1.179024470547907,-0.4440115609090531,-0.23538436605243465,0.9048055324001227,0.38271364074285674,-1.461440576166749,0.5651428055227898,1.035083464046342,-0.7394662468772634,-0.8052411122790287,0.9841231756854657,0
-0.2960199349169384,0.9009088760241706,-0.502969299721533,0.28545411776069524,0.10257878806523006,-1.177851894974348,0.1847655210750518,-1.461440576166749,-0.8447331706696268,-0.34097028968400567,-0.997471732522988,-0.03140185079879733,-1.0161329645585022,0
-0.8043672005990544,0.9009088760241706,-0.502969299721533,-0.4415795348755154,-0.911310674287764,0.9048055324001227,0.38271364074285674,-0.8828162337175963,0.7866947446387411,1.035083464046342,-0.7394662468772634,-1.4401861473397315,0.9841231756854657,0
-0.634918112038349,0.9009088760241706,-1.179024470547907,-0.4354205079074653,-0.404365943111267,0.9048055324001227,0.38271364074285674,0.853056793629862,0.11868207972852446,1.035083464046342,-0.997471732522988,-0.46792656240303043,0.9841231756854657,0
-0.46546902347764374,0.9009088760241706,0.8491410419312149,-0.43144082894349445,-0.911310674287764,0.9048055324001227,0.38271364074285674,-0.8828162337175963,-0.707102420612748,1.035083464046342,-0.997471732522988,-0.6663468858595001,-1.0161329645585022,0
-0.46546902347764374,0.9009088760241706,1.5251962127575889,-0.43404657112228484,-0.7423290972289317,0.9048055324001227,0.38271364074285674,1.4316811360790147,0.7229146409538463,1.035083464046342,-0.997471732522988,0.18686050500331922,0.9841231756854657,0
-0.9738162891597597,0.9009088760241706,-1.179024470547907,0.17187534351911507,-0.404365943111267,-1.177851894974348,2.4413740852880284,1.4316811360790147,1.5319149034833046,1.6084391947673204,-0.4814607612315388,-0.051243883144444294,-1.0161329645585022,1
-0.8043672005990544,0.9009088760241706,-0.502969299721533,0.288091444693168,-0.7423290972289317,-1.177851894974348,0.06599664927436881,0.853056793629862,-0.7138161157374736,-0.45564143582820127,-0.4814607612315388,0.801963507718375,0.9841231756854657,0
-0.46546902347764374,0.9009088760241706,-1.179024470547907,0.28692280880692256,-0.5733475201700994,0.21058638994196582,0.38271364074285674,1.4316811360790147,0.001192415045823164,-0.2262991435398101,-0.997471732522988,0.16701847265767225,-1.0161329645585022,0
-0.2960199349169384,-1.1099901739376037,0.8491410419312149,0.28343269352502753,-0.06640278899360229,-1.177851894974348,-0.7257958293968509,0.2744324511807092,-0.0860856215756121,-1.0289971665491795,-0.7394662468772634,0.5241750548793175,0.9841231756854657,0
-0.9738162891597597,-1.1099901739376037,1.5251962127575889,0.2892916653330957,-0.911310674287764,-1.177851894974348,-0.47242223622206064,-0.8828162337175963,-1.0495008719737637,-0.7996548742607882,-0.4814607612315388,1.6551708985811941,0.9841231756854657,0
-0.634918112038349,0.9009088760241706,-1.179024470547907,-0.42463431452495703,-0.23538436605243465,0.9048055324001227,0.38271364074285674,1.4316811360790147,-0.21700267650776528,1.035083464046342,-0.4814607612315388,-2.194183376474316,-1.0161329645585022,0
-0.634918112038349,0.9009088760241706,-0.502969299721533,0.29328713667390766,-0.7423290972289317,-1.177851894974348,1.6495816066168083,-0.3041918912684436,0.16232109803924238,0.6910700256137552,-0.4814607612315388,0.2463866020402601,0.9841231756854657,0
-0.2960199349169384,0.9009088760241706,-1.179024470547907,-0.41705397364120306,-0.23538436605243465,0.9048055324001227,0.38271364074285674,0.853056793629862,-0.21364582894540246,0.9204123179021463,-0.997471732522988,0.22654456969461315,-1.0161329645585022,0
-0.9738162891597597,0.9009088760241706,-1.179024470547907,-0.5055702458358717,-0.404365943111267,0.21058638994196582,-1.359229812333827,0.2744324511807092,0.001192415045823164,-1.3730106049817663,-0.7394662468772634,0.9805417988291976,-1.0161329645585022,0
-0.9738162891597597,-1.1099901739376037,-0.502969299721533,0.28854942362156144,-0.911310674287764,-1.177851894974348,2.2830155895537843,-0.8828162337175963,-0.37813135950118393,1.1497546101905376,-0.997471732522988,-1.8370267942526706,-1.0161329645585022,0
-0.46546902347764374,-1.1099901739376037,1.5251962127575889,-0.4112265865868172,-0.911310674287764,0.9048055324001227,0.38271364074285674,0.2744324511807092,1.8273174889712391,0.9204123179021463,-0.4814607612315388,-1.0235034680811452,0.9841231756854657,0
-0.9738162891597597,-1.1099901739376037,1.5251962127575889,-0.4126479005025211,-0.911310674287764,0.9048055324001227,0.38271364074285674,1.4316811360790147,0.7497694214527494,0.9204123179021463,-0.997471732522988,1.4964346398160184,-1.0161329645585022,0
-0.8043672005990544,-1.1099901739376037,-1.179024470547907,-0.40239864793261204,-0.5733475201700994,0.9048055324001227,0.38271364074285674,-0.8828162337175963,1.2700807936189982,0.9204123179021463,-0.4814607612315388,0.305912699077201,0.9841231756854657,0
-0.9738162891597597,-1.1099901739376037,-0.502969299721533,0.284506575150226,-0.7423290972289317,0.21058638994196582,0.06599664927436881,-0.8828162337175963,1.4446368668618692,-0.45564143582820127,-0.7394662468772634,-0.9242933063529105,0.9841231756854657,0
-0.9738162891597597,0.9009088760241706,-1.179024470547907,-0.40614144124396556,-0.911310674287764,0.9048055324001227,0.38271364074285674,0.853056793629862,0.7061304031420315,0.9204123179021463,-0.997471732522988,0.9606997664835506,-1.0161329645585022,0
-0.634918112038349,0.9009088760241706,-0.502969299721533,0.28919691107204876,-0.5733475201700994,-1.177851894974348,0.8577891279455886,-1.461440576166749,0.3939435798422821,0.1177142948927768,-0.4814607612315388,-1.8171847619070236,0.9841231756854657,0
-0.46546902347764374,0.9009088760241706,-0.502969299721533,0.2848066303102079,-0.911310674287764,-1.177851894974348,-0.6941241302500022,0.2744324511807092,-0.018948670328354386,-1.0289971665491795,-0.997471732522988,-1.4005020826484376,0.9841231756854657,0
-1.143265377720465,0.9009088760241706,0.8491410419312149,0.2882809532152618,-0.911310674287764,0.21058638994196582,-0.18737694390042153,-0.8828162337175963,0.5114332445249834,-0.570312581972397,-0.7394662468772634,-0.24966420660091387,-1.0161329645585022,0
-0.634918112038349,-1.1099901739376037,-1.179024470547907,0.2930660433981315,-0.911310674287764,-1.177851894974348,-1.01084112171849,0.853056793629862,0.001192415045823164,-1.2583394588375707,-0.997471732522988,-0.5671367241312653,0.9841231756854657,0
-0.8043672005990544,0.9009088760241706,0.8491410419312149,-0.39377601017734193,-0.5733475201700994,0.9048055324001227,0.38271364074285674,-0.8828162337175963,0.5651428055227898,0.9204123179021463,-0.4814607612315388,0.06780831092943747,0.9841231756854657,0
-0.8043672005990544,0.9009088760241706,-1.179024470547907,0.29783534120416005,-0.911310674287764,-1.177851894974348,0.8577891279455886,0.853056793629862,-0.25392799969375696,0.1177142948927768,-0.4814607612315388,-0.15045404487267908,0.9841231756854657,0
-0.46546902347764374,-1.1099901739376037,-0.502969299721533,-0.5055702458358717,-0.7423290972289317,0.21058638994196582,-0.8208109268373974,-0.3041918912684436,1.286865031430813,-0.570312581972397,-0.997471732522988,-0.07108591549009124,0.9841231756854657,0
-0.9738162891597597,0.9009088760241706,-1.179024470547907,-0.3949446460635873,-0.911310674287764,0.9048055324001227,0.38271364074285674,-0.8828162337175963,-1.4724636648314886,0.9204123179021463,-0.997471732522988,-0.7655570475877348,0.9841231756854657,0
-0.2960199349169384,-1.1099901739376037,0.8491410419312149,0.29372932322545997,0.10257878806523006,-1.177851894974348,-0.07652599688645076,-0.8828162337175963,-0.018948670328354386,-0.570312581972397,-0.4814607612315388,-0.8846092416616166,0.9841231756854657,0
-0.2960199349169384,0.9009088760241706,-0.502969299721533,0.2991934856124993,-0.06640278899360229,-1.177851894974348,-0.5674373336626071,-0.3041918912684436,-1.0427871768490378,-0.9143260204049839,-0.4814607612315388,1.3773824457421369,-1.0161329645585022,0
-0.46546902347764374,0.9009088760241706,1.5251962127575889,-0.5073231996652398,-0.404365943111267,0.21058638994196582,-0.9474977234247925,0.2744324511807092,0.2865244578466693,-0.6849837281165926,-0.997471732522988,1.1591200899400202,-1.0161329645585022,0
-0.46546902347764374,-1.1099901739376037,1.5251962127575889,-0.507749593839951,-0.7423290972289317,0.21058638994196582,-0.17154109432699713,0.2744324511807092,1.1223795008750308,0.4617277333253637,-0.7394662468772634,0.6630692812988462,-1.0161329645585022,0
-0.9738162891597597,0.9009088760241706,0.8491410419312149,0.2939662088780773,-0.7423290972289317,-1.177851894974348,-0.17154109432699713,0.2744324511807092,0.001192415045823164,-0.570312581972397,-0.997471732522988,-1.0036614357354983,0.9841231756854657,0
-0.8043672005990544,-1.1099901739376037,-1.179024470547907,0.29717206137683155,-0.7423290972289317,-1.177851894974348,0.8577891279455886,-1.461440576166749,-0.33784918875282943,0.1177142948927768,-0.4814607612315388,0.6630692812988462,-1.0161329645585022,0
-0.9738162891597597,-1.1099901739376037,-0.502969299721533,0.29295549676024346,-0.5733475201700994,-1.177851894974348,-0.3180227028811728,-0.8828162337175963,-1.4993184453303918,-0.6849837281165926,-0.7394662468772634,0.821805540064022,-1.0161329645585022,0
-0.9738162891597597,-1.1099901739376037,1.5251962127575889,0.29395041650123616,-0.911310674287764,-1.177851894974348,1.6495816066168083,0.853056793629862,-1.4993184453303918,0.6910700256137552,-0.997471732522988,-1.202081759191968,0.9841231756854657,0
-0.8043672005990544,0.9009088760241706,-0.502969299721533,-0.5054596991979836,-0.911310674287764,0.21058638994196582,-1.042512820865339,0.2744324511807092,-0.12972463988633004,-0.9143260204049839,-0.997471732522988,1.0995939929030794,0.9841231756854657,0
-0.8043672005990544,-1.1099901739376037,1.5251962127575889,0.2997620111787809,-0.911310674287764,-1.177851894974348,-1.1375279183058853,-1.461440576166749,-1.371758237960602,-1.3730106049817663,-0.4814607612315388,-1.0433455004267922,0.9841231756854657,0
-0.2960199349169384,-1.1099901739376037,0.8491410419312149,0.2999988968313982,-0.7423290972289317,-1.177851894974348,-0.3774071387815143,-1.461440576166749,0.3301634761573873,-0.7996548742607882,-0.7394662468772634,0.10749237562073138,0.9841231756854657,0
-0.8043672005990544,0.9009088760241706,0.8491410419312149,0.30884262786244443,-0.911310674287764,-1.177851894974348,-0.09236184645987515,-1.461440576166749,-1.1804179269059165,-0.570312581972397,-0.4814607612315388,-0.011559818453150373,0.9841231756854657,0
-1.143265377720465,0.9009088760241706,-0.502969299721533,0.3009938165723909,-0.911310674287764,-1.177851894974348,0.7627740305050422,-0.8828162337175963,-1.371758237960602,0.1177142948927768,-0.4814607612315388,-0.22982217425526694,-1.0161329645585022,0
-0.46546902347764374,0.9009088760241706,1.5251962127575889,0.300599007151362,0.10257878806523006,-1.177851894974348,0.5410721364771007,-0.8828162337175963,0.7464125738903866,-0.11162799739561437,-0.4814607612315388,-0.4282424977117365,0.9841231756854657,0
-0.9738162891597597,0.9009088760241706,0.8491410419312149,0.29786692595784237,-0.911310674287764,-1.177851894974348,-1.3117222636135537,0.853056793629862,-1.5496711587658354,-1.487681751125962,-0.7394662468772634,-0.17029607721832604,0.9841231756854657,0
-0.634918112038349,0.9009088760241706,0.8491410419312149,-0.39308114559633117,-0.7423290972289317,0.9048055324001227,0.38271364074285674,1.4316811360790147,-0.005521280078902488,0.9204123179021463,-0.7394662468772634,-1.2616078562289088,0.9841231756854657,0
-0.46546902347764374,-1.1099901739376037,0.8491410419312149,0.2987197143072647,-0.911310674287764,-1.177851894974348,1.6495816066168083,-0.3041918912684436,0.3939435798422821,0.6910700256137552,-0.997471732522988,0.22654456969461315,0.9841231756854657,0
-0.8043672005990544,-1.1099901739376037,1.5251962127575889,-0.3951341545856812,-0.911310674287764,0.9048055324001227,0.38271364074285674,0.853056793629862,-1.7510820125076092,0.9204123179021463,-0.7394662468772634,-1.2219237915376149,-1.0161329645585022,0
-0.46546902347764374,0.9009088760241706,1.5251962127575889,-0.393681255916295,-0.404365943111267,0.9048055324001227,0.38271364074285674,0.2744324511807092,-1.1233515183457474,0.9204123179021463,-0.4814607612315388,-0.5274526594399713,0.9841231756854657,0
-0.9738162891597597,0.9009088760241706,-1.179024470547907,0.30317316457647014,-0.7423290972289317,-1.177851894974348,-1.121692068732461,-0.8828162337175963,-1.5496711587658354,-1.2583394588375707,-0.997471732522988,-0.17029607721832604,-1.0161329645585022,0
-0.46546902347764374,-1.1099901739376037,-1.179024470547907,-0.3898121235902123,-0.5733475201700994,0.9048055324001227,0.38271364074285674,-1.461440576166749,-0.4654093961226198,0.9204123179021463,-0.7394662468772634,-0.2893482712922078,-1.0161329645585022,0
-0.8043672005990544,-1.1099901739376037,1.5251962127575889,-0.3890225047481546,-0.404365943111267,0.9048055324001227,0.38271364074285674,0.853056793629862,0.27645391515958084,0.9204123179021463,-0.4814607612315388,1.3972244780877838,-1.0161329645585022,0
-0.9738162891597597,0.9009088760241706,0.8491410419312149,0.30645797895943017,-0.404365943111267,-1.177851894974348,-0.4090788379283631,-0.8828162337175963,1.2465828606824585,-0.7996548742607882,-0.4814607612315388,-0.051243883144444294,0.9841231756854657,0
-0.634918112038349,-1.1099901739376037,-0.502969299721533,0.3085741574561448,-0.7423290972289317,-1.177851894974348,0.6994306322113446,-0.8828162337175963,-1.0495008719737637,0.003043148748581378,-0.7394662468772634,0.12733440796637835,0.9841231756854657,0
-1.143265377720465,-1.1099901739376037,-1.179024470547907,-0.39388655681523,-0.7423290972289317,0.9048055324001227,0.38271364074285674,-0.8828162337175963,0.3234497810326616,0.9204123179021463,-0.7394662468772634,0.4844909901880236,-1.0161329645585022,0
-0.2960199349169384,0.9009088760241706,-1.179024470547907,0.30914268302242637,-0.404365943111267,-1.177851894974348,-0.4090788379283631,1.4316811360790147,0.4745079213389917,-0.7996548742607882,-0.7394662468772634,0.7225953783357871,0.9841231756854657,0
-0.634918112038349,-1.1099901739376037,1.5251962127575889,0.30791087762881636,-0.7423290972289317,0.21058638994196582,2.4413740852880284,-0.8828162337175963,1.4312094766124175,1.2644257563347332,-0.7394662468772634,1.1392780575943733,-1.0161329645585022,0
-1.143265377720465,0.9009088760241706,-1.179024470547907,-0.3912334375059161,-0.911310674287764,0.9048055324001227,0.38271364074285674,0.2744324511807092,0.16232109803924238,0.9204123179021463,-0.7394662468772634,0.16701847265767225,0.9841231756854657,0
-0.634918112038349,0.9009088760241706,-0.502969299721533,-0.3853270885673245,-0.911310674287764,0.9048055324001227,0.38271364074285674,0.2744324511807092,-1.173704231781191,0.9204123179021463,-0.4814607612315388,-1.3211339532658497,0.9841231756854657,0
-0.46546902347764374,-1.1099901739376037,1.5251962127575889,-0.38107893919705405,-0.404365943111267,0.9048055324001227,0.38271364074285674,0.2744324511807092,0.7464125738903866,0.9204123179021463,-0.4814607612315388,0.2463866020402601,0.9841231756854657,0
-1.143265377720465,-1.1099901739376037,-1.179024470547907,-0.4936785860744827,-0.911310674287764,0.9048055324001227,0.38271364074285674,0.853056793629862,1.6997572816014495,1.2644257563347332,-0.997471732522988,0.4249648931510827,-1.0161329645585022,1
-0.2960199349169384,0.9009088760241706,1.5251962127575889,-0.3787258750477221,-0.7423290972289317,0.9048055324001227,0.38271364074285674,-0.8828162337175963,1.286865031430813,0.8057411717579506,-0.7394662468772634,0.801963507718375,-1.0161329645585022,0
-0.2960199349169384,-1.1099901739376037,-0.502969299721533,-0.37389340773432894,0.2715603651240624,0.9048055324001227,0.38271364074285674,0.853056793629862,-0.2069321338206762,0.8057411717579506,-0.7394662468772634,-1.7378166325244357,0.9841231756854657,0
-0.2960199349169384,-1.1099901739376037,-0.502969299721533,0.30898475925401486,-0.7423290972289317,-1.177851894974348,-1.359229812333827,-0.8828162337175963,1.0955247203761276,-1.487681751125962,-0.997471732522988,0.305912699077201,-1.0161329645585022,0
-0.2960199349169384,0.9009088760241706,-0.502969299721533,0.30639480945206554,-0.23538436605243465,-1.177851894974348,1.5030999980626327,0.853056793629862,-1.0427871768490378,0.5763988794695595,-0.997471732522988,0.8813316371009629,-1.0161329645585022,0
-0.8043672005990544,0.9009088760241706,0.8491410419312149,0.3056683601173725,-0.911310674287764,-1.177851894974348,-0.7257958293968509,0.853056793629862,1.934736610966852,-1.0289971665491795,-0.7394662468772634,0.7225953783357871,0.9841231756854657,0
-0.634918112038349,-1.1099901739376037,-0.502969299721533,-0.37286690323965394,-0.911310674287764,0.9048055324001227,0.38271364074285674,-0.8828162337175963,1.5688402266692962,0.8057411717579506,-0.7394662468772634,-0.17029607721832604,0.9841231756854657,0
-0.634918112038349,-1.1099901739376037,-1.179024470547907,0.30153075738499013,-0.5733475201700994,-1.177851894974348,-0.6743293182832217,1.4316811360790147,0.001192415045823164,-1.0289971665491795,-0.7394662468772634,0.9805417988291976,0.9841231756854657,0
-0.9738162891597597,0.9009088760241706,-0.502969299721533,-0.380147188963426,-0.911310674287764,0.9048055324001227,0.38271364074285674,-0.8828162337175963,0.23617174441122635,0.8057411717579506,-0.7394662468772634,0.9011736694466097,0.9841231756854657,0
-0.46546902347764374,0.9009088760241706,0.8491410419312149,-0.3771150526099244,-0.06640278899360229,0.9048055324001227,0.38271364074285674,0.853056793629862,-1.8752853723150364,0.8057411717579506,-0.7394662468772634,-0.190138109563973,0.9841231756854657,0
-0.2960199349169384,-1.1099901739376037,1.5251962127575889,0.3106113740686537,-0.404365943111267,-1.177851894974348,-1.01084112171849,0.853056793629862,-1.6839450612603513,-1.2583394588375707,-0.7394662468772634,0.8614896047553159,-1.0161329645585022,0
-0.8043672005990544,-1.1099901739376037,1.5251962127575889,0.3108640520981122,-0.404365943111267,-1.177851894974348,-0.09236184645987515,0.853056793629862,0.001192415045823164,-0.570312581972397,-0.997471732522988,-0.5671367241312653,0.9841231756854657,0
-0.9738162891597597,0.9009088760241706,-1.179024470547907,-0.3764201880289136,-0.911310674287764,0.9048055324001227,0.38271364074285674,1.4316811360790147,0.561785957960427,0.8057411717579506,-0.7394662468772634,0.7027533459901402,-1.0161329645585022,0
-0.9738162891597597,-1.1099901739376037,0.8491410419312149,-0.377999425713029,-0.5733475201700994,0.9048055324001227,0.38271364074285674,0.2744324511807092,0.6154955189582334,0.8057411717579506,-0.7394662468772634,0.9408577341379036,-1.0161329645585022,0
-0.634918112038349,-1.1099901739376037,0.8491410419312149,0.29946195601879894,-0.06640278899360229,-1.177851894974348,-0.963333572998217,-0.8828162337175963,0.001192415045823164,-1.143668312693375,-0.4814607612315388,0.26622863438590705,-1.0161329645585022,0
-1.143265377720465,0.9009088760241706,-0.502969299721533,-0.3638336636865138,-0.911310674287764,0.9048055324001227,0.38271364074285674,0.853056793629862,1.4110683912382405,0.8057411717579506,-0.7394662468772634,0.286070666731554,-1.0161329645585022,0
-0.46546902347764374,0.9009088760241706,0.8491410419312149,0.3088110431087621,-0.23538436605243465,-1.177851894974348,0.8577891279455886,-0.3041918912684436,-0.21364582894540246,0.1177142948927768,-0.997471732522988,0.3654387961141419,0.9841231756854657,0
-0.46546902347764374,0.9009088760241706,-0.502969299721533,-0.3574219586890052,-0.7423290972289317,0.9048055324001227,0.38271364074285674,0.2744324511807092,1.6628319584154578,0.8057411717579506,-0.997471732522988,0.14717644031202531,0.9841231756854657,0
-0.8043672005990544,0.9009088760241706,-0.502969299721533,0.3081635556582748,-0.911310674287764,-1.177851894974348,0.0026532509806712224,0.853056793629862,-0.33784918875282943,-0.45564143582820127,-0.997471732522988,-1.4203441149940845,0.9841231756854657,0
-0.9738162891597597,-1.1099901739376037,-1.179024470547907,-0.3608646968403768,-0.911310674287764,0.9048055324001227,0.38271364074285674,-1.461440576166749,-1.6705176710108995,0.8057411717579506,-0.7394662468772634,-0.40840046536608954,-1.0161329645585022,0
-0.46546902347764374,0.9009088760241706,0.8491410419312149,-0.3570271492679764,-0.7423290972289317,0.9048055324001227,0.38271364074285674,0.2744324511807092,-0.21364582894540246,0.8057411717579506,-0.997471732522988,-0.5671367241312653,0.9841231756854657,0
-0.8043672005990544,0.9009088760241706,-0.502969299721533,0.30892158974665024,-0.911310674287764,-1.177851894974348,0.7627740305050422,0.2744324511807092,0.001192415045823164,0.003043148748581378,-0.997471732522988,0.6630692812988462,0.9841231756854657,0
-0.9738162891597597,0.9009088760241706,0.8491410419312149,0.3086057422098271,-0.7423290972289317,-1.177851894974348,0.1847655210750518,-0.8828162337175963,-0.5896127559300467,-0.34097028968400567,-0.997471732522988,-0.24966420660091387,0.9841231756854657,0
-0.634918112038349,-1.1099901739376037,-0.502969299721533,0.304799779391109,-0.23538436605243465,-1.177851894974348,-0.2507203421941191,0.853056793629862,-1.7510820125076092,-0.6849837281165926,-0.7394662468772634,0.8614896047553159,0.9841231756854657,0
-0.634918112038349,0.9009088760241706,-1.179024470547907,0.30025157486085663,-0.911310674287764,-1.177851894974348,1.6495816066168083,0.2744324511807092,-1.4993184453303918,0.6910700256137552,-0.4814607612315388,0.8614896047553159,-1.0161329645585022,0
-0.46546902347764374,-1.1099901739376037,1.5251962127575889,-0.4631203368868495,-0.23538436605243465,0.9048055324001227,0.38271364074285674,0.853056793629862,-0.33784918875282943,1.1497546101905376,-0.7394662468772634,-0.09092794783573821,-1.0161329645585022,1
-0.8043672005990544,0.9009088760241706,0.8491410419312149,0.1941899719956658,-0.5733475201700994,-1.177851894974348,-0.5674373336626071,-1.461440576166749,0.16232109803924238,-0.7996548742607882,-0.997471732522988,-1.6187644384505542,-1.0161329645585022,1
-0.2960199349169384,-1.1099901739376037,-0.502969299721533,-0.5201624020370981,-0.5733475201700994,0.21058638994196582,-0.4090788379283631,-0.3041918912684436,0.5651428055227898,0.1177142948927768,-0.997471732522988,1.1194360252487263,-1.0161329645585022,0
-0.8043672005990544,0.9009088760241706,-0.502969299721533,-0.33878695401644343,-0.911310674287764,0.9048055324001227,0.38271364074285674,0.2744324511807092,0.5651428055227898,0.8057411717579506,-0.4814607612315388,1.3773824457421369,0.9841231756854657,0
-0.8043672005990544,0.9009088760241706,0.8491410419312149,-0.3400977212942592,-0.23538436605243465,0.9048055324001227,0.38271364074285674,0.853056793629862,-1.6705176710108995,0.8057411717579506,-0.997471732522988,-1.4203441149940845,-1.0161329645585022,0
-0.634918112038349,-1.1099901739376037,0.8491410419312149,0.3095848695739787,-0.06640278899360229,-1.177851894974348,-0.5674373336626071,0.853056793629862,-1.4254677989584081,-0.9143260204049839,-0.7394662468772634,-0.2893482712922078,0.9841231756854657,0
-0.634918112038349,-1.1099901739376037,0.8491410419312149,-0.33505995308193104,-0.911310674287764,0.9048055324001227,0.38271364074285674,0.853056793629862,1.934736610966852,0.6910700256137552,-0.7394662468772634,-1.0433455004267922,0.9841231756854657,0
-0.46546902347764374,-1.1099901739376037,-0.502969299721533,-0.34066624686054076,-0.5733475201700994,0.9048055324001227,0.38271364074285674,0.2744324511807092,0.8336906105118219,0.8057411717579506,-0.997471732522988,0.10749237562073138,0.9841231756854657,0
-0.9738162891597597,0.9009088760241706,1.5251962127575889,0.3114799547949172,-0.911310674287764,-1.177851894974348,1.6495816066168083,-0.8828162337175963,-0.37813135950118393,0.6910700256137552,-0.4814607612315388,0.38528082845978884,0.9841231756854657,0
-0.9738162891597597,0.9009088760241706,-0.502969299721533,-0.4518129950685832,-0.911310674287764,0.9048055324001227,0.38271364074285674,0.2744324511807092,1.5587696839822078,1.035083464046342,-0.7394662468772634,0.9408577341379036,-1.0161329645585022,1
-0.9738162891597597,0.9009088760241706,0.8491410419312149,0.3048787412753148,-0.911310674287764,-1.177851894974348,0.06599664927436881,-1.461440576166749,0.6255660616453219,-0.45564143582820127,-0.997471732522988,0.286070666731554,0.9841231756854657,0
-0.2960199349169384,0.9009088760241706,-1.179024470547907,0.3092216449066321,-0.911310674287764,-1.177851894974348,1.6495816066168083,-0.3041918912684436,0.860545391010725,0.6910700256137552,-0.997471732522988,-0.9242933063529105,0.9841231756854657,0
-0.9738162891597597,-1.1099901739376037,-0.502969299721533,0.30647377133627135,-0.911310674287764,-1.177851894974348,-0.5674373336626071,-1.461440576166749,0.001192415045823164,-0.9143260204049839,-0.997471732522988,1.1392780575943733,0.9841231756854657,0
-0.2960199349169384,-1.1099901739376037,1.5251962127575889,0.192673903818915,-0.404365943111267,-1.177851894974348,-0.3774071387815143,-1.461440576166749,1.7937490133476108,-0.6849837281165926,-0.997471732522988,-1.0036614357354983,-1.0161329645585022,1
-0.634918112038349,-1.1099901739376037,-0.502969299721533,0.3028099399091236,-0.404365943111267,-0.4836327525161911,0.8102815792253154,0.853056793629862,-0.46205254856025635,0.1177142948927768,-0.7394662468772634,0.5837011519162584,-1.0161329645585022,0
-0.2960199349169384,0.9009088760241706,-1.179024470547907,-0.33163300730740064,-0.7423290972289317,0.9048055324001227,0.38271364074285674,0.2744324511807092,0.2193875065994116,0.6910700256137552,-0.7394662468772634,0.2463866020402601,-1.0161329645585022,0
-0.2960199349169384,-1.1099901739376037,0.17308587110484092,0.30241513048809476,-0.06640278899360229,-1.177851894974348,-0.804975077263973,0.853056793629862,1.357358830240434,-1.0289971665491795,-0.4814607612315388,1.4369085427790778,-1.0161329645585022,0
-0.2960199349169384,-1.1099901739376037,0.8491410419312149,0.308179348035116,-0.404365943111267,-1.177851894974348,-0.7257958293968509,1.4316811360790147,0.8269769153870962,-1.0289971665491795,-0.997471732522988,-1.4005020826484376,0.9841231756854657,0
-1.143265377720465,0.9009088760241706,-0.502969299721533,0.30833727180352755,-0.5733475201700994,-1.177851894974348,0.22435514500861276,0.853056793629862,0.001192415045823164,-0.34097028968400567,-0.7394662468772634,1.1789621222856672,0.9841231756854657,0
-0.9738162891597597,-1.1099901739376037,-0.502969299721533,0.3090953058919029,-0.911310674287764,-1.177851894974348,-0.20321279347384594,0.853056793629862,0.1522505553521539,-0.6849837281165926,-0.7394662468772634,-0.7258729828964409,0.9841231756854657,0
-0.46546902347764374,0.9009088760241706,-0.502969299721533,0.2986091676693766,-0.5733475201700994,-1.177851894974348,0.06599664927436881,-0.3041918912684436,1.3170766594920789,-0.45564143582820127,-0.7394662468772634,-2.194183376474316,0.9841231756854657,0
-0.46546902347764374,0.9009088760241706,-1.179024470547907,0.30833727180352755,-0.23538436605243465,-1.177851894974348,-0.3298995900612411,0.853056793629862,0.5752133482098789,-0.6849837281165926,-0.4814607612315388,0.2463866020402601,0.9841231756854657,0
-0.634918112038349,0.9009088760241706,0.8491410419312149,0.30851098794878024,-0.06640278899360229,-1.177851894974348,-0.3298995900612411,-0.8828162337175963,-0.901799579229796,-0.6849837281165926,-0.7394662468772634,0.8614896047553159,-1.0161329645585022,0
-0.46546902347764374,-1.1099901739376037,-1.179024470547907,-0.33564427102505373,-0.911310674287764,0.9048055324001227,0.38271364074285674,-0.8828162337175963,0.954537122756886,0.6910700256137552,-0.4814607612315388,-0.9242933063529105,0.9841231756854657,0
-0.634918112038349,0.9009088760241706,0.8491410419312149,0.19764850252387853,-0.911310674287764,-1.177851894974348,-0.4090788379283631,-1.461440576166749,0.6423502994571366,-0.6849837281165926,-0.7394662468772634,0.801963507718375,-1.0161329645585022,1
-0.2960199349169384,-1.1099901739376037,-1.179024470547907,-0.11191366831642383,-0.404365943111267,0.9048055324001227,0.38271364074285674,-0.3041918912684436,-0.11965409719924096,0.23238544103697253,-0.7394662468772634,-0.22982217425526694,0.9841231756854657,0
-1.143265377720465,-1.1099901739376037,0.8491410419312149,-0.112750664289005,-0.5733475201700994,0.9048055324001227,0.38271364074285674,0.853056793629862,-1.173704231781191,0.23238544103697253,-0.7394662468772634,-0.22982217425526694,-1.0161329645585022,0
-0.8043672005990544,-1.1099901739376037,0.8491410419312149,-0.21606439358383503,-0.911310674287764,0.9048055324001227,0.38271364074285674,-1.461440576166749,0.4745079213389917,0.4617277333253637,-0.997471732522988,-0.6663468858595001,-1.0161329645585022,1
-0.46546902347764374,-1.1099901739376037,-0.502969299721533,0.20112282542893245,-0.7423290972289317,-1.177851894974348,0.026407025340807817,-1.461440576166749,1.0955247203761276,-0.34097028968400567,-0.7394662468772634,1.2186461869769611,-1.0161329645585022,1
-0.8043672005990544,-1.1099901739376037,-0.502969299721533,-0.10671797633568414,-0.911310674287764,0.9048055324001227,0.38271364074285674,-1.461440576166749,0.5651428055227898,0.23238544103697253,-0.997471732522988,0.7225953783357871,0.9841231756854657,0
-0.2960199349169384,0.9009088760241706,-0.502969299721533,0.3139593579589784,-0.404365943111267,-1.177851894974348,1.427879712588867,-1.461440576166749,-1.3482603050240614,0.5763988794695595,-0.997471732522988,-0.40840046536608954,0.9841231756854657,0
-0.8043672005990544,0.9009088760241706,-0.502969299721533,-0.10785502746824724,-0.911310674287764,0.9048055324001227,0.38271364074285674,0.2744324511807092,-1.6705176710108995,0.23238544103697253,-0.7394662468772634,1.5162766721616654,-1.0161329645585022,0
-0.46546902347764374,-1.1099901739376037,0.8491410419312149,-0.22647156992215556,-0.5733475201700994,0.9048055324001227,0.38271364074285674,0.853056793629862,1.934736610966852,0.4617277333253637,-0.4814607612315388,1.0599099282117854,-1.0161329645585022,1
-0.2960199349169384,0.9009088760241706,1.5251962127575889,-0.11147148176487151,-0.23538436605243465,0.9048055324001227,0.38271364074285674,-1.461440576166749,-1.4724636648314886,0.23238544103697253,-0.997471732522988,-1.8370267942526706,0.9841231756854657,0
-0.46546902347764374,0.9009088760241706,0.8491410419312149,-0.10992382883443842,-0.404365943111267,0.9048055324001227,0.38271364074285674,-0.8828162337175963,-1.0427871768490378,0.23238544103697253,-0.997471732522988,-0.7060309505507939,-1.0161329645585022,0
-0.8043672005990544,0.9009088760241706,0.8491410419312149,0.3159965745714873,-0.911310674287764,-1.177851894974348,-0.7257958293968509,-0.8828162337175963,-0.8447331706696268,-1.0289971665491795,-0.4814607612315388,0.8614896047553159,0.9841231756854657,0
-0.634918112038349,-1.1099901739376037,-0.502969299721533,0.31857073199659536,0.10257878806523006,0.21058638994196582,0.06599664927436881,1.4316811360790147,-1.7510820125076092,-0.45564143582820127,-0.4814607612315388,0.5440170872249644,-1.0161329645585022,0
-0.8043672005990544,0.9009088760241706,1.5251962127575889,-0.01644875031164739,-0.911310674287764,-1.177851894974348,1.0161476236798326,0.2744324511807092,1.1223795008750308,0.6910700256137552,-0.7394662468772634,0.8614896047553159,-1.0161329645585022,1
-0.634918112038349,0.9009088760241706,-1.179024470547907,-0.10723912477144222,-0.23538436605243465,0.9048055324001227,0.38271364074285674,-0.8828162337175963,-0.707102420612748,0.23238544103697253,-0.4814607612315388,-0.7655570475877348,0.9841231756854657,0
-0.634918112038349,-1.1099901739376037,1.5251962127575889,-0.10959218892077419,-0.23538436605243465,0.9048055324001227,0.38271364074285674,-0.8828162337175963,-0.34120603631519225,0.23238544103697253,-0.4814607612315388,0.5043330225336705,0.9841231756854657,0
-0.634918112038349,-1.1099901739376037,0.8491410419312149,-0.10971852793550342,-0.5733475201700994,0.9048055324001227,0.38271364074285674,-0.8828162337175963,-0.005521280078902488,0.23238544103697253,-0.4814607612315388,0.06780831092943747,-1.0161329645585022,0
-0.9738162891597597,-1.1099901739376037,0.8491410419312149,0.3185233548660719,-0.911310674287764,-1.177851894974348,0.7627740305050422,0.2744324511807092,-0.5661148229935064,0.003043148748581378,-0.7394662468772634,0.14717644031202531,-1.0161329645585022,0
-0.9738162891597597,0.9009088760241706,-0.502969299721533,-0.107728688453518,-0.911310674287764,0.9048055324001227,0.38271364074285674,0.2744324511807092,-0.21364582894540246,0.23238544103697253,-0.7394662468772634,-0.30919030363785477,-1.0161329645585022,0
-0.634918112038349,0.9009088760241706,0.8491410419312149,-0.10700223911882491,-0.23538436605243465,0.9048055324001227,0.38271364074285674,-1.461440576166749,-0.21700267650776528,0.23238544103697253,-0.7394662468772634,0.6233852166075523,0.9841231756854657,0
-0.2960199349169384,0.9009088760241706,0.8491410419312149,-0.11328760510160424,0.10257878806523006,0.9048055324001227,0.38271364074285674,0.2744324511807092,0.001192415045823164,0.23238544103697253,-0.7394662468772634,0.9805417988291976,-1.0161329645585022,0
-0.8043672005990544,-1.1099901739376037,-0.502969299721533,-0.2259504214863975,-0.911310674287764,0.9048055324001227,0.38271364074285674,-1.461440576166749,0.6624913848313142,0.4617277333253637,-0.7394662468772634,-0.15045404487267908,-1.0161329645585022,1
-0.8043672005990544,-1.1099901739376037,-0.502969299721533,-0.11170836741748882,-0.911310674287764,0.9048055324001227,0.38271364074285674,-0.8828162337175963,0.001192415045823164,0.23238544103697253,-0.7394662468772634,-0.6266628211682062,0.9841231756854657,0
-0.46546902347764374,-1.1099901739376037,-0.502969299721533,-0.10649688305990798,-0.7423290972289317,0.9048055324001227,0.38271364074285674,1.4316811360790147,-1.8752853723150364,0.23238544103697253,-0.7394662468772634,-1.2417658238832618,-1.0161329645585022,0
-0.634918112038349,0.9009088760241706,-0.502969299721533,0.32472975896464545,-0.23538436605243465,-1.177851894974348,1.6495816066168083,-0.8828162337175963,0.001192415045823164,0.6910700256137552,-0.4814607612315388,0.782121475372728,0.9841231756854657,0
-0.46546902347764374,-1.1099901739376037,1.5251962127575889,0.3217292073648262,-0.404365943111267,0.21058638994196582,-0.7574675285436998,1.4316811360790147,-1.623521805137819,-1.0289971665491795,-0.7394662468772634,1.734539027963782,-1.0161329645585022,0
-0.46546902347764374,0.9009088760241706,0.8491410419312149,-0.1098606593270738,-0.404365943111267,0.9048055324001227,0.38271364074285674,1.4316811360790147,0.2865244578466693,0.23238544103697253,-0.4814607612315388,0.5241750548793175,0.9841231756854657,0
-0.634918112038349,0.9009088760241706,0.8491410419312149,0.32185554637955543,-0.911310674287764,-1.177851894974348,0.4618928886099787,1.4316811360790147,0.001192415045823164,-0.2262991435398101,-0.7394662468772634,-0.8846092416616166,0.9841231756854657,0
-0.8043672005990544,-1.1099901739376037,-0.502969299721533,-0.11063448579229035,-0.911310674287764,0.9048055324001227,0.38271364074285674,0.853056793629862,-1.0495008719737637,0.23238544103697253,-0.997471732522988,-0.5472946917856183,0.9841231756854657,0
-0.9738162891597597,0.9009088760241706,-1.179024470547907,-0.10981328219655034,-0.5733475201700994,0.9048055324001227,0.38271364074285674,-0.8828162337175963,-0.005521280078902488,0.23238544103697253,-0.997471732522988,-0.32903233598350173,-1.0161329645585022,0
-0.2960199349169384,0.9009088760241706,-0.502969299721533,-0.10588098036310298,-0.23538436605243465,0.9048055324001227,0.38271364074285674,0.853056793629862,-0.12972463988633004,0.23238544103697253,-0.4814607612315388,-0.3488743683291487,0.9841231756854657,0
-0.9738162891597597,0.9009088760241706,1.5251962127575889,0.32738287827395934,-0.7423290972289317,-1.177851894974348,-0.646616581529729,-1.461440576166749,0.3301634761573873,-1.0289971665491795,-0.4814607612315388,1.0400678958661385,-1.0161329645585022,0
-0.2960199349169384,0.9009088760241706,-1.179024470547907,-0.11131355799645998,-0.23538436605243465,0.9048055324001227,0.38271364074285674,-0.3041918912684436,0.6255660616453219,0.23238544103697253,-0.4814607612315388,-0.36871640067479566,0.9841231756854657,0
-0.46546902347764374,-1.1099901739376037,-1.179024470547907,-0.10567567946416796,-0.06640278899360229,0.9048055324001227,0.38271364074285674,0.853056793629862,1.092167872813765,0.23238544103697253,-0.4814607612315388,0.16701847265767225,-1.0161329645585022,0
-1.143265377720465,-1.1099901739376037,-0.502969299721533,0.3313783496147713,-0.911310674287764,-1.177851894974348,0.6994306322113446,1.4316811360790147,-0.8447331706696268,0.003043148748581378,-0.997471732522988,-0.011559818453150373,0.9841231756854657,0
-0.634918112038349,0.9009088760241706,-0.502969299721533,0.324682381834122,-0.7423290972289317,-1.177851894974348,-0.603067995202812,1.4316811360790147,-0.34120603631519225,-0.9143260204049839,-0.4814607612315388,-0.30919030363785477,0.9841231756854657,0
-0.634918112038349,-1.1099901739376037,-0.502969299721533,-0.10644950592938451,-0.404365943111267,0.9048055324001227,0.38271364074285674,0.2744324511807092,-0.46205254856025635,0.23238544103697253,-0.997471732522988,-0.5671367241312653,0.9841231756854657,0
-0.46546902347764374,-1.1099901739376037,0.8491410419312149,-0.10630737453781414,-0.404365943111267,0.9048055324001227,0.38271364074285674,-0.8828162337175963,0.4040141225293712,0.23238544103697253,-0.7394662468772634,-0.24966420660091387,0.9841231756854657,0
-0.634918112038349,-1.1099901739376037,1.5251962127575889,-0.11125038848909537,-0.911310674287764,0.9048055324001227,0.38271364074285674,0.853056793629862,0.4040141225293712,0.23238544103697253,-0.997471732522988,-0.9242933063529105,0.9841231756854657,0
-0.46546902347764374,-1.1099901739376037,-0.502969299721533,0.3267195984466309,-0.5733475201700994,-1.177851894974348,0.5410721364771007,-0.3041918912684436,-0.005521280078902488,-0.11162799739561437,-0.997471732522988,0.46464895784237664,-1.0161329645585022,0
-0.634918112038349,0.9009088760241706,-1.179024470547907,0.3290094930885982,-0.7423290972289317,-1.177851894974348,0.12934004756806639,-0.3041918912684436,-1.7510820125076092,-0.45564143582820127,-0.7394662468772634,-0.8647672093159696,-1.0161329645585022,0
-0.8043672005990544,0.9009088760241706,0.8491410419312149,-0.5224522966790655,-0.911310674287764,0.21058638994196582,-0.18737694390042153,1.4316811360790147,0.9377528849450718,0.4617277333253637,-0.997471732522988,1.0400678958661385,0.9841231756854657,0
-0.8043672005990544,-1.1099901739376037,-1.179024470547907,0.33311551106729825,-0.911310674287764,-1.177851894974348,1.6495816066168083,1.4316811360790147,1.1861596045599256,0.6910700256137552,-0.4814607612315388,-0.9044512740072636,0.9841231756854657,0
-0.8043672005990544,0.9009088760241706,-0.502969299721533,0.3264827127940136,-0.911310674287764,-1.177851894974348,0.06599664927436881,-1.461440576166749,-1.1233515183457474,-0.45564143582820127,-0.4814607612315388,-1.0631875327724392,0.9841231756854657,0
-0.9738162891597597,0.9009088760241706,1.5251962127575889,-0.10599152700099106,-0.5733475201700994,0.9048055324001227,0.38271364074285674,-0.8828162337175963,0.8269769153870962,0.23238544103697253,-0.7394662468772634,0.3654387961141419,0.9841231756854657,0
-0.2960199349169384,-1.1099901739376037,0.17308587110484092,0.32968856529276785,0.10257878806523006,-1.177851894974348,2.4413740852880284,-1.461440576166749,0.001192415045823164,1.2644257563347332,-0.7394662468772634,1.9329593514202517,0.9841231756854657,0
-0.8043672005990544,0.9009088760241706,-1.179024470547907,-0.11221372347640576,-0.911310674287764,0.9048055324001227,0.38271364074285674,0.853056793629862,-0.46205254856025635,0.23238544103697253,-0.997471732522988,0.7225953783357871,0.9841231756854657,0
-0.634918112038349,-1.1099901739376037,0.8491410419312149,0.33110987920847174,-0.7423290972289317,-1.177851894974348,0.8577891279455886,0.2744324511807092,-1.3751150855229646,0.1177142948927768,-0.4814607612315388,0.6829113136444932,0.9841231756854657,0
-0.9738162891597597,0.9009088760241706,-0.502969299721533,-0.5240947038705455,-0.911310674287764,0.21058638994196582,-0.7574675285436998,0.2744324511807092,-0.34120603631519225,-0.45564143582820127,-0.997471732522988,0.5043330225336705,0.9841231756854657,0
-0.8043672005990544,0.9009088760241706,0.8491410419312149,0.3217765844953496,-0.5733475201700994,-1.177851894974348,-1.2800505644667048,-0.8828162337175963,0.03811773823181484,-1.487681751125962,-0.997471732522988,-1.7775006972157297,0.9841231756854657,0
-0.9738162891597597,-1.1099901739376037,-0.502969299721533,0.3283146285075874,-0.911310674287764,0.21058638994196582,2.4413740852880284,-1.461440576166749,1.6594751108530943,1.2644257563347332,-0.4814607612315388,1.298014316359549,0.9841231756854657,0
-0.634918112038349,-1.1099901739376037,1.5251962127575889,-0.1001641399466052,-0.5733475201700994,0.9048055324001227,0.38271364074285674,-0.8828162337175963,1.8407448792206904,0.23238544103697253,-0.997471732522988,1.0400678958661385,-1.0161329645585022,0
-0.2960199349169384,-1.1099901739376037,0.17308587110484092,0.32744604778132397,-0.06640278899360229,-1.177851894974348,2.4413740852880284,0.2744324511807092,-0.005521280078902488,1.2644257563347332,-0.7394662468772634,0.8813316371009629,-1.0161329645585022,0
-1.143265377720465,0.9009088760241706,-1.179024470547907,0.329909658568544,-0.7423290972289317,-1.177851894974348,-0.4090788379283631,1.4316811360790147,0.5785701957722418,-0.7996548742607882,-0.997471732522988,0.6630692812988462,-1.0161329645585022,0
-0.2960199349169384,-1.1099901739376037,1.5251962127575889,0.32569309395195584,0.10257878806523006,-1.177851894974348,1.1745061194140765,0.853056793629862,-0.25392799969375696,0.3470565871811683,-0.7394662468772634,1.4369085427790778,0.9841231756854657,0
-1.143265377720465,0.9009088760241706,-1.179024470547907,0.3233716145563062,-0.911310674287764,-1.177851894974348,-0.17154109432699713,0.2744324511807092,-1.0092187012254088,-0.6849837281165926,-0.4814607612315388,0.20670253734896618,0.9841231756854657,0
-0.634918112038349,-1.1099901739376037,-0.502969299721533,-0.09072029859559505,-0.23538436605243465,0.9048055324001227,0.38271364074285674,1.4316811360790147,0.001192415045823164,0.23238544103697253,-0.7394662468772634,1.278172284013902,0.9841231756854657,0
-0.46546902347764374,0.9009088760241706,-1.179024470547907,0.21381989640922033,-0.404365943111267,-1.177851894974348,-0.3774071387815143,-1.461440576166749,2.5255417819427226,-0.6849837281165926,-0.7394662468772634,0.22654456969461315,-1.0161329645585022,1
-0.2960199349169384,0.9009088760241706,0.8491410419312149,-0.004636052434464134,-0.911310674287764,-1.177851894974348,0.19268344586176397,0.2744324511807092,0.4040141225293712,0.003043148748581378,-0.7394662468772634,0.5638591195706114,-1.0161329645585022,1
-0.46546902347764374,0.9009088760241706,-0.502969299721533,-0.09051499769666005,0.10257878806523006,0.9048055324001227,0.38271364074285674,-1.461440576166749,-1.2475548781531747,0.23238544103697253,-0.7394662468772634,0.9606997664835506,0.9841231756854657,0
-0.8043672005990544,0.9009088760241706,0.8491410419312149,-0.8014878030854169,-0.5733475201700994,0.9048055324001227,-1.042512820865339,-0.8828162337175963,0.7464125738903866,-0.45564143582820127,-0.997471732522988,1.1392780575943733,-1.0161329645585022,0
-0.8043672005990544,-1.1099901739376037,-1.179024470547907,0.3305571460190313,-0.5733475201700994,-1.177851894974348,-0.963333572998217,1.4316811360790147,0.5382880250238866,-1.2583394588375707,-0.997471732522988,-0.2893482712922078,0.9841231756854657,0
-0.9738162891597597,0.9009088760241706,1.5251962127575889,0.32289784325107157,-0.911310674287764,-1.177851894974348,2.2830155895537843,-0.8828162337175963,-1.0495008719737637,1.1497546101905376,-0.997471732522988,0.782121475372728,0.9841231756854657,0
-0.634918112038349,-1.1099901739376037,-1.179024470547907,0.32919900161069204,-0.404365943111267,-1.177851894974348,2.4413740852880284,-1.461440576166749,0.001192415045823164,1.2644257563347332,-0.997471732522988,0.4249648931510827,-1.0161329645585022,0
-0.46546902347764374,0.9009088760241706,-0.502969299721533,0.32536145403829164,-0.404365943111267,-1.177851894974348,-0.7257958293968509,0.853056793629862,-1.4254677989584081,-1.0289971665491795,-0.4814607612315388,0.3455967637684949,-1.0161329645585022,0
-0.9738162891597597,0.9009088760241706,1.5251962127575889,-0.7906700249492264,-0.5733475201700994,0.9048055324001227,-1.042512820865339,0.853056793629862,0.001192415045823164,-0.45564143582820127,-0.4814607612315388,-1.0631875327724392,0.9841231756854657,0
-0.634918112038349,0.9009088760241706,-1.179024470547907,0.32262937284477194,-0.404365943111267,-1.177851894974348,0.06599664927436881,-0.8828162337175963,0.8336906105118219,-0.45564143582820127,-0.7394662468772634,0.008282213892496587,0.9841231756854657,0
-0.634918112038349,-1.1099901739376037,-0.502969299721533,-0.5244263437842097,0.10257878806523006,0.21058638994196582,-1.042512820865339,-0.8828162337175963,0.7866947446387411,-0.9143260204049839,-0.997471732522988,-0.15045404487267908,0.9841231756854657,0
-0.8043672005990544,-1.1099901739376037,-0.502969299721533,0.33291021016836325,-0.911310674287764,-1.177851894974348,0.7627740305050422,-1.461440576166749,-1.8752853723150364,0.003043148748581378,-0.7394662468772634,0.10749237562073138,0.9841231756854657,0
-0.8043672005990544,-1.1099901739376037,-0.502969299721533,0.33191529042737056,-0.5733475201700994,-1.177851894974348,-0.8841543251310949,-0.8828162337175963,-1.1804179269059165,-1.143668312693375,-0.4814607612315388,-0.40840046536608954,-1.0161329645585022,0
-0.9738162891597597,-1.1099901739376037,-0.502969299721533,-0.7934021061427461,-0.911310674287764,0.9048055324001227,-1.042512820865339,-1.461440576166749,0.001192415045823164,-0.45564143582820127,-0.4814607612315388,0.3455967637684949,-1.0161329645585022,1
-0.2960199349169384,-1.1099901739376037,1.5251962127575889,-0.7716875879861592,-0.7423290972289317,0.9048055324001227,-1.042512820865339,-1.461440576166749,-0.5661148229935064,-0.45564143582820127,-0.4814607612315388,-0.07108591549009124,0.9841231756854657,0
-0.8043672005990544,0.9009088760241706,0.8491410419312149,0.2197104529709708,-0.7423290972289317,-1.177851894974348,1.9662985980852963,-0.8828162337175963,0.7464125738903866,1.035083464046342,-0.997471732522988,-1.4798702120310254,-1.0161329645585022,1
-1.143265377720465,-1.1099901739376037,-1.179024470547907,-0.7733773723081627,-0.911310674287764,0.9048055324001227,-1.042512820865339,-1.461440576166749,0.16232109803924238,-0.45564143582820127,-0.7394662468772634,0.06780831092943747,-1.0161329645585022,0
-0.9738162891597597,0.9009088760241706,-0.502969299721533,-0.7730457323944985,-0.5733475201700994,0.9048055324001227,-1.042512820865339,-0.8828162337175963,0.5651428055227898,-0.45564143582820127,-0.7394662468772634,1.5162766721616654,0.9841231756854657,0
-0.46546902347764374,-1.1099901739376037,-0.502969299721533,0.3386428429617022,-0.404365943111267,-1.177851894974348,0.06599664927436881,-1.461440576166749,0.7061304031420315,-0.45564143582820127,-0.7394662468772634,0.26622863438590705,-1.0161329645585022,0
-0.46546902347764374,0.9009088760241706,1.5251962127575889,-0.7766306019374404,-0.23538436605243465,0.9048055324001227,-1.042512820865339,-1.461440576166749,0.03811773823181484,-0.45564143582820127,-0.4814607612315388,-0.7258729828964409,0.9841231756854657,0
-0.9738162891597597,0.9009088760241706,-0.502969299721533,-0.524252627638957,-0.404365943111267,0.21058638994196582,-1.042512820865339,1.4316811360790147,0.6423502994571366,-0.9143260204049839,-0.7394662468772634,0.3455967637684949,-1.0161329645585022,0
-0.2960199349169384,0.9009088760241706,-0.502969299721533,0.33608447791343526,0.10257878806523006,-1.177851894974348,-1.2642147148932805,0.2744324511807092,-1.4254677989584081,-1.3730106049817663,-0.7394662468772634,-0.4282424977117365,0.9841231756854657,0
-0.2960199349169384,-1.1099901739376037,-1.179024470547907,0.33474212588193714,-0.911310674287764,-1.177851894974348,-0.4882580857954851,0.2744324511807092,-0.811164695045998,-0.9143260204049839,-0.997471732522988,-0.24966420660091387,0.9841231756854657,0
-0.2960199349169384,-1.1099901739376037,-0.502969299721533,0.3409169452268284,0.10257878806523006,-1.177851894974348,0.6360872339176471,-0.3041918912684436,-1.1233515183457474,-0.11162799739561437,-0.7394662468772634,-0.8052411122790287,0.9841231756854657,0
-0.9738162891597597,0.9009088760241706,0.8491410419312149,0.34323842462247806,-0.7423290972289317,0.21058638994196582,-0.3298995900612411,1.4316811360790147,0.7061304031420315,-0.7996548742607882,-0.4814607612315388,-0.03140185079879733,0.9841231756854657,0
-0.634918112038349,-1.1099901739376037,-1.179024470547907,-0.7728562238724046,-0.404365943111267,0.9048055324001227,-1.042512820865339,0.2744324511807092,-0.018948670328354386,-0.45564143582820127,-0.997471732522988,0.4844909901880236,0.9841231756854657,0
-0.634918112038349,0.9009088760241706,0.8491410419312149,-0.7680395489358526,-0.911310674287764,0.9048055324001227,-1.042512820865339,-0.8828162337175963,-0.901799579229796,-0.45564143582820127,-0.997471732522988,-1.142555662155027,0.9841231756854657,0
-0.2960199349169384,0.9009088760241706,-0.502969299721533,0.3442965138708354,-0.06640278899360229,-1.177851894974348,-1.042512820865339,0.2744324511807092,-0.6936750303632967,-1.2583394588375707,-0.7394662468772634,0.028124246238143545,-1.0161329645585022,0
-0.2960199349169384,0.9009088760241706,0.8491410419312149,-0.7729036010029281,-0.23538436605243465,0.9048055324001227,-1.042512820865339,0.2744324511807092,1.1223795008750308,-0.45564143582820127,-0.7394662468772634,-0.20998014190961997,-1.0161329645585022,0
-0.46546902347764374,-1.1099901739376037,-0.502969299721533,0.3490658116768639,-0.5733475201700994,-1.177851894974348,-0.17154109432699713,-1.461440576166749,-1.4724636648314886,-0.6849837281165926,-0.4814607612315388,0.16701847265767225,-1.0161329645585022,0
-0.8043672005990544,-1.1099901739376037,-0.502969299721533,0.3463179381065031,-0.911310674287764,0.21058638994196582,1.2536853672811985,-0.8828162337175963,-0.707102420612748,0.3470565871811683,-0.7394662468772634,-2.630708088078549,0.9841231756854657,0
-0.8043672005990544,0.9009088760241706,0.8491410419312149,0.3456230735254923,-0.06640278899360229,-1.177851894974348,1.0161476236798326,-0.8828162337175963,-1.6705176710108995,0.23238544103697253,-0.997471732522988,-1.182239726846321,0.9841231756854657,0
-0.46546902347764374,0.9009088760241706,-0.502969299721533,0.3525085498282355,-0.06640278899360229,-1.177851894974348,1.6495816066168083,0.2744324511807092,1.4312094766124175,0.6910700256137552,-0.7394662468772634,0.782121475372728,0.9841231756854657,0
-0.2960199349169384,-1.1099901739376037,-0.502969299721533,0.34574941254022157,-0.5733475201700994,-1.177851894974348,-0.3298995900612411,0.853056793629862,0.5651428055227898,-0.7996548742607882,-0.7394662468772634,1.278172284013902,-1.0161329645585022,0
-0.634918112038349,0.9009088760241706,0.8491410419312149,-0.7442562294130746,-0.06640278899360229,0.9048055324001227,-1.042512820865339,0.2744324511807092,0.001192415045823164,-0.570312581972397,-0.997471732522988,-1.8767108589439645,-1.0161329645585022,0
-0.9738162891597597,0.9009088760241706,1.5251962127575889,0.3445965690308173,-0.404365943111267,-1.177851894974348,-0.8999901747045194,0.853056793629862,0.23617174441122635,-1.143668312693375,-0.4814607612315388,0.2463866020402601,-1.0161329645585022,0
-0.46546902347764374,-1.1099901739376037,-1.179024470547907,-0.7474462895349877,-0.23538436605243465,0.9048055324001227,-1.042512820865339,0.2744324511807092,-0.12972463988633004,-0.570312581972397,-0.7394662468772634,0.5241750548793175,0.9841231756854657,0
-0.8043672005990544,0.9009088760241706,0.8491410419312149,-0.739597478244934,-0.7423290972289317,0.9048055324001227,-1.042512820865339,-1.461440576166749,0.4107278176540969,-0.570312581972397,-0.997471732522988,-0.9044512740072636,0.9841231756854657,0
-0.8043672005990544,-1.1099901739376037,-1.179024470547907,0.3451177174665754,-0.911310674287764,-1.177851894974348,-0.8524826259842462,0.853056793629862,-1.8752853723150364,-1.143668312693375,-0.4814607612315388,0.18686050500331922,-1.0161329645585022,0
-0.634918112038349,-1.1099901739376037,-0.502969299721533,-0.7297588274728951,-0.23538436605243465,0.9048055324001227,-1.042512820865339,1.4316811360790147,0.04483143335654109,-0.570312581972397,-0.997471732522988,-0.09092794783573821,0.9841231756854657,0
-0.46546902347764374,0.9009088760241706,-0.502969299721533,0.34592312868547426,-0.06640278899360229,-1.177851894974348,-0.7257958293968509,1.4316811360790147,-0.005521280078902488,-1.0289971665491795,-0.997471732522988,1.4369085427790778,0.9841231756854657,0
-1.143265377720465,0.9009088760241706,1.5251962127575889,-0.7235524233743216,-0.911310674287764,0.9048055324001227,-1.042512820865339,-0.8828162337175963,0.16232109803924238,-0.570312581972397,-0.4814607612315388,0.5043330225336705,0.9841231756854657,0
-1.143265377720465,0.9009088760241706,-0.502969299721533,0.3412485851404926,-0.911310674287764,-1.177851894974348,-1.121692068732461,-0.8828162337175963,-0.34120603631519225,-1.3730106049817663,-0.4814607612315388,-0.32903233598350173,0.9841231756854657,0
-0.46546902347764374,-1.1099901739376037,-1.179024470547907,0.3447071156687054,-0.404365943111267,-1.177851894974348,-0.4882580857954851,0.2744324511807092,-0.005521280078902488,-0.9143260204049839,-0.7394662468772634,-2.829128411535019,0.9841231756854657,0
-0.8043672005990544,-1.1099901739376037,0.8491410419312149,0.34671274752753195,-0.23538436605243465,-1.177851894974348,2.91644957249076,0.853056793629862,-0.8447331706696268,1.4937680486231246,-0.4814607612315388,-0.32903233598350173,-1.0161329645585022,0
-0.9738162891597597,-1.1099901739376037,-0.502969299721533,-0.720014930961903,-0.911310674287764,0.9048055324001227,-1.042512820865339,0.2744324511807092,0.001192415045823164,-0.570312581972397,-0.997471732522988,0.8614896047553159,-1.0161329645585022,0
-0.9738162891597597,-1.1099901739376037,0.8491410419312149,-0.715814158722156,-0.7423290972289317,0.9048055324001227,-1.042512820865339,-0.8828162337175963,-0.1397951825734185,-0.570312581972397,-0.7394662468772634,-1.7775006972157297,0.9841231756854657,0
-0.634918112038349,-1.1099901739376037,-0.502969299721533,-0.7148666161116868,0.10257878806523006,0.9048055324001227,-1.042512820865339,0.2744324511807092,-0.25392799969375696,-0.570312581972397,-0.7394662468772634,0.26622863438590705,-1.0161329645585022,0
-0.8043672005990544,-1.1099901739376037,0.8491410419312149,-0.7150561246337807,-0.7423290972289317,0.9048055324001227,-1.042512820865339,-1.461440576166749,-0.25392799969375696,-0.570312581972397,-0.4814607612315388,0.028124246238143545,-1.0161329645585022,0
-0.8043672005990544,-1.1099901739376037,-0.502969299721533,0.3432858017530015,-0.911310674287764,-1.177851894974348,2.12465709381954,-0.8828162337175963,0.3301634761573873,1.035083464046342,-0.997471732522988,0.8813316371009629,-1.0161329645585022,0
-0.634918112038349,0.9009088760241706,0.8491410419312149,0.35163996910197204,-0.5733475201700994,-1.177851894974348,1.3328646151483206,-0.8828162337175963,-0.34120603631519225,0.4617277333253637,-0.997471732522988,1.337698381050843,0.9841231756854657,0
-0.9738162891597597,-1.1099901739376037,1.5251962127575889,0.348260400457965,-0.23538436605243465,-1.177851894974348,0.38271364074285674,0.853056793629862,0.3301634761573873,-0.2262991435398101,-0.7394662468772634,0.782121475372728,0.9841231756854657,0
-0.46546902347764374,0.9009088760241706,-0.502969299721533,-0.7015062653040705,-0.911310674287764,0.9048055324001227,-1.042512820865339,-1.461440576166749,0.4745079213389917,-0.6849837281165926,-0.997471732522988,1.0202258635204915,-1.0161329645585022,0
-0.9738162891597597,0.9009088760241706,0.8491410419312149,0.3402536653994999,-0.7423290972289317,-1.177851894974348,-1.0702255576188315,-1.461440576166749,-1.6839450612603513,-1.2583394588375707,-0.4814607612315388,-1.2616078562289088,-1.0161329645585022,0
-0.9738162891597597,0.9009088760241706,-1.179024470547907,0.3533455458008167,-0.911310674287764,-1.177851894974348,0.06599664927436881,0.853056793629862,0.001192415045823164,-0.45564143582820127,-0.997471732522988,1.35754041339649,-1.0161329645585022,0
-0.2960199349169384,-1.1099901739376037,0.8491410419312149,0.3453546031191927,0.10257878806523006,-1.177851894974348,1.8079401023510524,-0.8828162337175963,0.8336906105118219,0.8057411717579506,-0.997471732522988,-1.12271362980938,0.9841231756854657,0
-0.46546902347764374,-1.1099901739376037,0.8491410419312149,-0.6987899764873919,-0.404365943111267,0.9048055324001227,-1.042512820865339,1.4316811360790147,0.03811773823181484,-0.6849837281165926,-0.7394662468772634,-1.182239726846321,0.9841231756854657,0
-0.8043672005990544,0.9009088760241706,0.8491410419312149,0.34458077665397613,-0.911310674287764,-1.177851894974348,-0.4090788379283631,-1.461440576166749,-1.371758237960602,-0.7996548742607882,-0.997471732522988,-1.0830295651180861,0.9841231756854657,0
-0.46546902347764374,-1.1099901739376037,-0.502969299721533,-0.6973528701948469,-0.911310674287764,0.9048055324001227,-1.042512820865339,-0.3041918912684436,3.018998373610068,-0.6849837281165926,-0.997471732522988,-1.8767108589439645,-1.0161329645585022,1
-0.9738162891597597,-1.1099901739376037,1.5251962127575889,0.3466495780201673,-0.911310674287764,-1.177851894974348,-0.3774071387815143,-1.461440576166749,-1.7510820125076092,-0.7996548742607882,-0.997471732522988,0.08765034327508442,-1.0161329645585022,0
-0.9738162891597597,0.9009088760241706,-1.179024470547907,0.33480529538930176,-0.911310674287764,-1.177851894974348,2.12465709381954,-1.461440576166749,0.561785957960427,1.035083464046342,-0.4814607612315388,0.9408577341379036,0.9841231756854657,0
-0.8043672005990544,0.9009088760241706,0.8491410419312149,-0.6820026799052451,-0.7423290972289317,0.9048055324001227,-1.042512820865339,-1.461440576166749,0.5651428055227898,-0.6849837281165926,-0.4814607612315388,0.26622863438590705,-1.0161329645585022,1
-0.46546902347764374,-1.1099901739376037,-1.179024470547907,-0.6765227251413647,-0.7423290972289317,0.9048055324001227,-1.042512820865339,0.853056793629862,0.23617174441122635,-0.6849837281165926,-0.7394662468772634,-0.4282424977117365,-1.0161329645585022,0
-0.2960199349169384,0.9009088760241706,-0.502969299721533,-0.6745170932825381,0.10257878806523006,0.9048055324001227,-1.042512820865339,-1.461440576166749,0.8336906105118219,-0.6849837281165926,-0.4814607612315388,0.38528082845978884,-1.0161329645585022,0
-0.46546902347764374,-1.1099901739376037,-0.502969299721533,0.3429383694624961,-0.911310674287764,-1.177851894974348,-0.8524826259842462,-1.461440576166749,-0.5896127559300467,-1.143668312693375,-0.4814607612315388,0.40512286080543575,-1.0161329645585022,0
-0.634918112038349,0.9009088760241706,0.8491410419312149,0.3404115891679115,-0.911310674287764,-1.177851894974348,-0.2507203421941191,-0.3041918912684436,-1.173704231781191,-0.6849837281165926,-0.997471732522988,-0.9838194033898514,0.9841231756854657,0
-0.9738162891597597,0.9009088760241706,1.5251962127575889,0.3408379833426226,-0.911310674287764,-1.177851894974348,-0.2507203421941191,-0.8828162337175963,-1.0495008719737637,-0.6849837281165926,-0.4814607612315388,-0.7655570475877348,0.9841231756854657,0
-0.2960199349169384,0.9009088760241706,0.8491410419312149,-0.06774239029171586,-0.404365943111267,0.9048055324001227,0.38271364074285674,1.4316811360790147,0.5651428055227898,0.23238544103697253,-0.7394662468772634,-1.4401861473397315,0.9841231756854657,0
-0.9738162891597597,0.9009088760241706,0.8491410419312149,0.3471391417022431,-0.7423290972289317,-1.177851894974348,0.06599664927436881,-0.8828162337175963,-0.21028898138303903,-0.45564143582820127,-0.7394662468772634,1.298014316359549,0.9841231756854657,0
-0.9738162891597597,0.9009088760241706,1.5251962127575889,0.34559148877181,-0.911310674287764,-1.177851894974348,0.06599664927436881,0.2744324511807092,-1.0495008719737637,-0.45564143582820127,-0.7394662468772634,-0.5869787564769122,0.9841231756854657,0
-0.46546902347764374,0.9009088760241706,0.8491410419312149,0.34729706547065464,-0.404365943111267,-1.177851894974348,-0.5674373336626071,1.4316811360790147,-0.12972463988633004,-0.9143260204049839,-0.4814607612315388,-0.11076998018138517,0.9841231756854657,0
-0.46546902347764374,-1.1099901739376037,0.8491410419312149,0.011724849972971498,-0.7423290972289317,-1.177851894974348,-1.248378865319856,0.2744324511807092,-1.4254677989584081,-1.3730106049817663,-0.4814607612315388,0.9210157017922567,-1.0161329645585022,1
-0.8043672005990544,0.9009088760241706,0.8491410419312149,-0.06951113649792512,-0.911310674287764,0.9048055324001227,0.38271364074285674,-1.461440576166749,-1.7510820125076092,0.23238544103697253,-0.997471732522988,-0.5869787564769122,-1.0161329645585022,0
-0.8043672005990544,0.9009088760241706,0.8491410419312149,0.34595471343915657,-0.911310674287764,-1.177851894974348,2.4413740852880284,0.853056793629862,-0.25392799969375696,1.2644257563347332,-0.997471732522988,0.06780831092943747,0.9841231756854657,0
-0.46546902347764374,-1.1099901739376037,0.8491410419312149,0.34178552595309186,-0.404365943111267,-1.177851894974348,0.8577891279455886,-1.461440576166749,-1.0495008719737637,0.1177142948927768,-0.4814607612315388,0.305912699077201,-1.0161329645585022,0
-0.46546902347764374,0.9009088760241706,0.8491410419312149,-0.06720544947911662,-0.23538436605243465,0.9048055324001227,0.38271364074285674,1.4316811360790147,1.0418151593783211,0.23238544103697253,-0.997471732522988,-0.07108591549009124,0.9841231756854657,0
-0.46546902347764374,-1.1099901739376037,-1.179024470547907,0.35126095205778435,-0.7423290972289317,-1.177851894974348,-0.17154109432699713,0.853056793629862,0.27645391515958084,-0.6849837281165926,-0.7394662468772634,-1.182239726846321,-1.0161329645585022,0
-0.46546902347764374,-1.1099901739376037,-1.179024470547907,-0.061946587991012304,0.2715603651240624,0.9048055324001227,0.38271364074285674,0.2744324511807092,-1.0427871768490378,0.23238544103697253,-0.4814607612315388,0.32575473142284794,-1.0161329645585022,0
-0.8043672005990544,-1.1099901739376037,0.8491410419312149,0.34090115284998723,-0.7423290972289317,-1.177851894974348,2.4413740852880284,1.4316811360790147,0.5114332445249834,1.2644257563347332,-0.997471732522988,0.7622794430270811,0.9841231756854657,0
-0.634918112038349,-1.1099901739376037,0.8491410419312149,0.2340499311427387,-0.404365943111267,-1.177851894974348,0.8577891279455886,0.853056793629862,0.001192415045823164,0.23238544103697253,-0.997471732522988,-0.4877685947486774,-1.0161329645585022,1
-1.143265377720465,-1.1099901739376037,-1.179024470547907,0.34399645871085344,-0.5733475201700994,-1.177851894974348,0.06599664927436881,-1.461440576166749,0.5114332445249834,-0.45564143582820127,-0.4814607612315388,-3.2656531231392516,0.9841231756854657,0
-0.634918112038349,0.9009088760241706,-0.502969299721533,0.35272964310401167,-0.911310674287764,0.21058638994196582,1.6495816066168083,0.853056793629862,0.27645391515958084,0.6910700256137552,-0.7394662468772634,-0.9838194033898514,-1.0161329645585022,0
-0.8043672005990544,-1.1099901739376037,0.8491410419312149,0.23823491100564453,-0.23538436605243465,-1.177851894974348,-0.2507203421941191,1.4316811360790147,0.6255660616453219,-0.6849837281165926,-0.997471732522988,0.12733440796637835,-1.0161329645585022,1
-0.8043672005990544,-1.1099901739376037,-0.502969299721533,-0.06404697411088581,-0.911310674287764,0.9048055324001227,0.38271364074285674,0.853056793629862,-1.2475548781531747,0.23238544103697253,-0.4814607612315388,-2.49181386165902,0.9841231756854657,0
-0.8043672005990544,0.9009088760241706,0.8491410419312149,-0.06245194404992924,-0.911310674287764,0.9048055324001227,0.38271364074285674,1.4316811360790147,-1.3751150855229646,0.23238544103697253,-0.7394662468772634,-2.0156050853634935,0.9841231756854657,0
-0.2960199349169384,-1.1099901739376037,-0.502969299721533,0.34908160405370503,-0.404365943111267,-1.177851894974348,-1.042512820865339,-1.461440576166749,-0.46205254856025635,-1.2583394588375707,-0.7394662468772634,0.305912699077201,0.9841231756854657,0
-0.2960199349169384,0.9009088760241706,1.5251962127575889,0.34548094213392194,-0.23538436605243465,-1.177851894974348,-1.1771175422394462,-0.3041918912684436,0.8269769153870962,-1.3730106049817663,-0.997471732522988,-0.44808453005738347,0.9841231756854657,0
-0.634918112038349,0.9009088760241706,0.8491410419312149,0.3371583595386337,-0.5733475201700994,-1.177851894974348,2.4413740852880284,1.4316811360790147,0.0851136041048956,1.2644257563347332,-0.4814607612315388,1.1591200899400202,0.9841231756854657,0
-0.2960199349169384,-1.1099901739376037,-0.502969299721533,-0.06327314764566926,0.2715603651240624,0.9048055324001227,0.38271364074285674,1.4316811360790147,0.4107278176540969,0.23238544103697253,-0.4814607612315388,-2.23386744116561,0.9841231756854657,0
-0.9738162891597597,0.9009088760241706,-0.502969299721533,0.3459862981928389,-0.911310674287764,-1.177851894974348,-0.3298995900612411,-1.461440576166749,-0.7977373047965461,-0.7996548742607882,-0.997471732522988,0.5638591195706114,-1.0161329645585022,0
-0.634918112038349,0.9009088760241706,-1.179024470547907,-0.04688066048455131,-0.404365943111267,0.9048055324001227,0.38271364074285674,1.4316811360790147,-0.11965409719924096,0.23238544103697253,-0.7394662468772634,0.20670253734896618,0.9841231756854657,0
-0.8043672005990544,0.9009088760241706,0.8491410419312149,0.34976067625787466,-0.911310674287764,-1.177851894974348,1.6495816066168083,-0.8828162337175963,0.5382880250238866,0.6910700256137552,-0.997471732522988,0.5837011519162584,0.9841231756854657,0
-0.2960199349169384,-1.1099901739376037,-0.502969299721533,0.34306470847722537,-0.5733475201700994,-1.177851894974348,-0.7376727165769192,0.853056793629862,-0.3512765790022807,-1.0289971665491795,-0.7394662468772634,-0.22982217425526694,0.9841231756854657,0
-0.46546902347764374,-1.1099901739376037,-1.179024470547907,-0.050118097736987895,-0.404365943111267,0.9048055324001227,0.38271364074285674,-1.461440576166749,1.092167872813765,0.23238544103697253,-0.7394662468772634,-0.17029607721832604,0.9841231756854657,0
-0.2960199349169384,-1.1099901739376037,-1.179024470547907,0.3471707264559254,-0.7423290972289317,-1.177851894974348,-0.09236184645987515,0.2744324511807092,-1.4724636648314886,-0.570312581972397,-0.4814607612315388,0.8614896047553159,-1.0161329645585022,0
-0.8043672005990544,0.9009088760241706,-1.179024470547907,-0.044543388712060504,-0.911310674287764,0.9048055324001227,0.38271364074285674,-0.8828162337175963,0.001192415045823164,0.23238544103697253,-0.997471732522988,-1.0433455004267922,0.9841231756854657,0
-1.143265377720465,-1.1099901739376037,-0.502969299721533,0.3519400242619539,-0.911310674287764,0.21058638994196582,0.38271364074285674,1.4316811360790147,-0.6936750303632967,-0.2262991435398101,-0.7394662468772634,0.9805417988291976,-1.0161329645585022,0
-1.143265377720465,0.9009088760241706,0.8491410419312149,-0.03153047019494954,-0.911310674287764,0.9048055324001227,0.38271364074285674,1.4316811360790147,0.9343960373827085,0.1177142948927768,-0.4814607612315388,0.5837011519162584,-1.0161329645585022,0
-0.9738162891597597,0.9009088760241706,-0.502969299721533,-0.1461515413080459,-0.911310674287764,0.9048055324001227,0.38271364074285674,0.2744324511807092,0.001192415045823164,0.3470565871811683,-0.7394662468772634,-1.3211339532658497,-1.0161329645585022,1
-0.8043672005990544,0.9009088760241706,-1.179024470547907,0.3506608417378205,-0.911310674287764,-1.177851894974348,0.06599664927436881,1.4316811360790147,-1.173704231781191,-0.45564143582820127,-0.4814607612315388,0.18686050500331922,0.9841231756854657,0
-0.634918112038349,0.9009088760241706,-0.502969299721533,-0.5208256818644266,-0.5733475201700994,0.21058638994196582,-0.7257958293968509,-0.3041918912684436,0.5114332445249834,-0.34097028968400567,-0.7394662468772634,-1.658448503141848,0.9841231756854657,0
-0.8043672005990544,0.9009088760241706,0.8491410419312149,-0.03476790744738613,-0.911310674287764,0.9048055324001227,0.38271364074285674,0.853056793629862,0.7229146409538463,0.1177142948927768,-0.997471732522988,-0.190138109563973,-1.0161329645585022,0
-0.8043672005990544,-1.1099901739376037,-0.502969299721533,0.35760948754792826,-0.911310674287764,-1.177851894974348,-0.9474977234247925,-1.461440576166749,-1.6705176710108995,-1.143668312693375,-0.997471732522988,0.8416475724096689,0.9841231756854657,0
-0.9738162891597597,0.9009088760241706,0.8491410419312149,0.35879391581101483,-0.911310674287764,-1.177851894974348,-0.5674373336626071,0.853056793629862,0.001192415045823164,-0.9143260204049839,-0.4814607612315388,-2.2537094735112566,0.9841231756854657,0
-0.2960199349169384,-1.1099901739376037,-1.179024470547907,-0.026350570591051,-0.23538436605243465,0.9048055324001227,0.38271364074285674,-0.8828162337175963,0.2965950005337584,0.1177142948927768,-0.997471732522988,0.20670253734896618,0.9841231756854657,0
-0.9738162891597597,0.9009088760241706,-0.502969299721533,0.2442675989589654,-0.911310674287764,-1.177851894974348,-0.4090788379283631,-1.461440576166749,-1.1166378232210217,-0.7996548742607882,-0.7394662468772634,0.028124246238143545,-1.0161329645585022,1
-0.2960199349169384,-1.1099901739376037,1.5251962127575889,-0.01981252657881321,-0.404365943111267,0.9048055324001227,0.38271364074285674,-1.461440576166749,-0.005521280078902488,0.1177142948927768,-0.4814607612315388,0.38528082845978884,-1.0161329645585022,0
-0.634918112038349,0.9009088760241706,-0.502969299721533,-0.017333123414752016,-0.5733475201700994,0.9048055324001227,0.38271364074285674,0.853056793629862,-1.2475548781531747,0.1177142948927768,-0.4814607612315388,1.2186461869769611,0.9841231756854657,0
-0.634918112038349,-1.1099901739376037,0.8491410419312149,-0.019591433303037052,-0.23538436605243465,0.9048055324001227,0.38271364074285674,-1.461440576166749,-0.707102420612748,0.1177142948927768,-0.997471732522988,-0.3488743683291487,-1.0161329645585022,0
-1.143265377720465,0.9009088760241706,1.5251962127575889,-0.01340082158130465,-0.911310674287764,0.9048055324001227,0.38271364074285674,-1.461440576166749,0.23617174441122635,0.1177142948927768,-0.4814607612315388,0.7424374106814341,0.9841231756854657,0
-0.634918112038349,-1.1099901739376037,-0.502969299721533,-0.5267952003103827,-0.5733475201700994,0.21058638994196582,-1.359229812333827,0.2744324511807092,-0.3109944082539262,-1.3730106049817663,-0.4814607612315388,0.7027533459901402,0.9841231756854657,0
-0.2960199349169384,0.9009088760241706,-0.502969299721533,0.37092246122502115,-0.06640278899360229,-1.177851894974348,-1.2800505644667048,-0.8828162337175963,0.4107278176540969,-1.487681751125962,-0.4814607612315388,0.32575473142284794,-1.0161329645585022,0
-0.634918112038349,0.9009088760241706,1.5251962127575889,0.36597944727373993,-0.23538436605243465,0.21058638994196582,-0.2507203421941191,0.853056793629862,1.5319149034833046,-0.6849837281165926,-0.997471732522988,-0.5472946917856183,-1.0161329645585022,0
-0.8043672005990544,-1.1099901739376037,1.5251962127575889,0.36198397593292797,-0.7423290972289317,-1.177851894974348,0.6994306322113446,0.853056793629862,0.001192415045823164,0.003043148748581378,-0.7394662468772634,0.5043330225336705,0.9841231756854657,0
-0.8043672005990544,0.9009088760241706,1.5251962127575889,0.3619997683097691,-0.7423290972289317,-1.177851894974348,1.1349164954805155,-0.8828162337175963,1.1223795008750308,0.23238544103697253,-0.997471732522988,1.0003838311748445,0.9841231756854657,0
-0.634918112038349,-1.1099901739376037,-0.502969299721533,-0.12893785055118795,-0.5733475201700994,0.9048055324001227,0.38271364074285674,0.2744324511807092,1.4345663241747801,0.3470565871811683,-0.997471732522988,-0.40840046536608954,-1.0161329645585022,1
-0.2960199349169384,0.9009088760241706,1.5251962127575889,-0.020444221652459373,0.10257878806523006,0.9048055324001227,0.38271364074285674,1.4316811360790147,0.001192415045823164,0.1177142948927768,-0.4814607612315388,0.8614896047553159,0.9841231756854657,0
-0.46546902347764374,0.9009088760241706,0.8491410419312149,0.3627893871518268,-0.404365943111267,-1.177851894974348,-1.042512820865339,1.4316811360790147,0.001192415045823164,-1.2583394588375707,-0.997471732522988,-1.0830295651180861,0.9841231756854657,0
-0.9738162891597597,-1.1099901739376037,0.8491410419312149,-0.012516448478200022,-0.5733475201700994,0.9048055324001227,0.38271364074285674,-1.461440576166749,0.001192415045823164,0.1177142948927768,-0.7394662468772634,-0.46792656240303043,-1.0161329645585022,0
-0.9738162891597597,0.9009088760241706,0.8491410419312149,-0.017190992023181632,-0.7423290972289317,0.9048055324001227,0.38271364074285674,-0.8828162337175963,-0.6936750303632967,0.1177142948927768,-0.4814607612315388,0.18686050500331922,-1.0161329645585022,0
-0.9738162891597597,0.9009088760241706,-1.179024470547907,0.3636421755012491,-0.911310674287764,-0.4836327525161911,0.8577891279455886,-1.461440576166749,0.15896425047687956,0.1177142948927768,-0.997471732522988,1.1392780575943733,0.9841231756854657,0
-0.8043672005990544,0.9009088760241706,-0.502969299721533,0.36291572616655604,-0.911310674287764,-1.177851894974348,0.06599664927436881,0.2744324511807092,-0.018948670328354386,-0.45564143582820127,-0.4814607612315388,-0.8647672093159696,0.9841231756854657,0
-0.9738162891597597,-1.1099901739376037,-0.502969299721533,-0.12423172225252402,-0.911310674287764,0.9048055324001227,0.38271364074285674,-1.461440576166749,2.206641263518246,0.3470565871811683,-0.4814607612315388,0.286070666731554,-1.0161329645585022,1
-0.8043672005990544,-1.1099901739376037,-1.179024470547907,0.3619365988024045,-0.911310674287764,-1.177851894974348,-0.7257958293968509,0.2744324511807092,-0.018948670328354386,-1.0289971665491795,-0.7394662468772634,-2.23386744116561,0.9841231756854657,0
-1.143265377720465,-1.1099901739376037,-1.179024470547907,-0.01892815347570858,-0.7423290972289317,0.9048055324001227,0.38271364074285674,0.853056793629862,1.1055952630632166,0.1177142948927768,-0.7394662468772634,-0.09092794783573821,-1.0161329645585022,0
-0.2960199349169384,-1.1099901739376037,-0.502969299721533,-0.13335971606671107,-0.404365943111267,0.9048055324001227,0.38271364074285674,-0.3041918912684436,0.001192415045823164,0.3470565871811683,-0.4814607612315388,0.6432272489531993,-1.0161329645585022,1
-0.9738162891597597,-1.1099901739376037,-1.179024470547907,-0.005931027335438769,-0.911310674287764,0.9048055324001227,0.38271364074285674,-0.8828162337175963,0.6893461653302174,0.1177142948927768,-0.997471732522988,0.10749237562073138,0.9841231756854657,0
-0.8043672005990544,-1.1099901739376037,1.5251962127575889,0.003986585320805996,-0.911310674287764,0.9048055324001227,0.38271364074285674,-0.8828162337175963,1.223084927745918,0.1177142948927768,-0.997471732522988,0.0479662785837905,0.9841231756854657,0
-0.8043672005990544,0.9009088760241706,-0.502969299721533,0.0009702413441455664,-0.911310674287764,0.9048055324001227,0.38271364074285674,1.4316811360790147,0.001192415045823164,0.1177142948927768,-0.4814607612315388,0.7622794430270811,-1.0161329645585022,0
-0.634918112038349,0.9009088760241706,-1.179024470547907,-0.06812140733590355,-0.7423290972289317,-1.177851894974348,-0.6307807319563046,0.2744324511807092,1.223084927745918,-0.7996548742607882,-0.4814607612315388,-2.0156050853634935,-1.0161329645585022,1
-0.2960199349169384,-1.1099901739376037,-0.502969299721533,0.005328937352304094,-0.23538436605243465,0.9048055324001227,0.38271364074285674,0.2744324511807092,0.27645391515958084,0.1177142948927768,-0.997471732522988,1.0400678958661385,-1.0161329645585022,0
-0.46546902347764374,0.9009088760241706,0.8491410419312149,0.02990187571713985,-0.7423290972289317,0.9048055324001227,0.38271364074285674,-0.3041918912684436,0.8336906105118219,0.1177142948927768,-0.4814607612315388,0.5241750548793175,0.9841231756854657,0
-0.2960199349169384,-1.1099901739376037,1.5251962127575889,0.04629436287825779,-0.23538436605243465,0.9048055324001227,0.38271364074285674,1.4316811360790147,-1.2475548781531747,0.003043148748581378,-0.4814607612315388,-0.32903233598350173,0.9841231756854657,0
-0.46546902347764374,-1.1099901739376037,0.8491410419312149,0.3681903800315015,0.10257878806523006,-1.177851894974348,0.38271364074285674,-0.8828162337175963,1.223084927745918,-0.2262991435398101,-0.4814607612315388,-0.190138109563973,0.9841231756854657,0
-0.9738162891597597,-1.1099901739376037,1.5251962127575889,0.05161639387372672,-0.911310674287764,0.9048055324001227,0.38271364074285674,0.853056793629862,1.4446368668618692,0.003043148748581378,-0.7394662468772634,1.0797519605574324,-1.0161329645585022,0
-0.46546902347764374,0.9009088760241706,0.8491410419312149,-0.060841121612131524,-0.23538436605243465,0.9048055324001227,0.38271364074285674,1.4316811360790147,1.934736610966852,0.23238544103697253,-0.997471732522988,-0.190138109563973,-1.0161329645585022,1
-1.143265377720465,0.9009088760241706,-0.502969299721533,0.06598745679917693,-0.911310674287764,0.9048055324001227,0.38271364074285674,-1.461440576166749,-1.0495008719737637,0.003043148748581378,-0.4814607612315388,-0.22982217425526694,0.9841231756854657,0
-0.634918112038349,0.9009088760241706,-0.502969299721533,0.3667690661157976,-0.911310674287764,-1.177851894974348,0.8577891279455886,1.4316811360790147,-1.0427871768490378,0.1177142948927768,-0.997471732522988,1.3773824457421369,-1.0161329645585022,0
-0.9738162891597597,0.9009088760241706,-1.179024470547907,0.3719015885891727,-0.911310674287764,-1.177851894974348,1.6495816066168083,-0.8828162337175963,0.8336906105118219,0.5763988794695595,-0.997471732522988,0.20670253734896618,-1.0161329645585022,0
-0.634918112038349,0.9009088760241706,-1.179024470547907,0.07478381069969976,-0.5733475201700994,0.9048055324001227,0.38271364074285674,0.853056793629862,-0.11965409719924096,0.003043148748581378,-0.997471732522988,-2.134657279437375,0.9841231756854657,0
-0.2960199349169384,0.9009088760241706,-0.502969299721533,0.3597414584214841,-0.404365943111267,-1.177851894974348,2.2830155895537843,0.2744324511807092,-0.707102420612748,1.035083464046342,-0.7394662468772634,-0.09092794783573821,0.9841231756854657,0
-0.634918112038349,0.9009088760241706,-1.179024470547907,0.3634842517328376,-0.7423290972289317,-1.177851894974348,-0.4090788379283631,-1.461440576166749,0.5651428055227898,-0.7996548742607882,-0.7394662468772634,-0.4877685947486774,0.9841231756854657,0
-0.634918112038349,0.9009088760241706,0.8491410419312149,0.36416332393700723,-0.7423290972289317,0.21058638994196582,0.06599664927436881,1.4316811360790147,-1.4724636648314886,-0.45564143582820127,-0.4814607612315388,-0.44808453005738347,-1.0161329645585022,0
-0.9738162891597597,-1.1099901739376037,-1.179024470547907,0.07124631828728124,-0.7423290972289317,0.9048055324001227,0.38271364074285674,0.853056793629862,-1.2475548781531747,0.003043148748581378,-0.4814607612315388,0.3654387961141419,0.9841231756854657,0
-0.8043672005990544,-1.1099901739376037,-0.502969299721533,0.3654425064611407,-0.911310674287764,0.21058638994196582,0.6994306322113446,0.853056793629862,1.7736079279734327,0.003043148748581378,-0.4814607612315388,1.734539027963782,0.9841231756854657,0
-1.143265377720465,0.9009088760241706,0.8491410419312149,-0.5380709573749668,-0.911310674287764,0.21058638994196582,-0.5674373336626071,1.4316811360790147,0.16232109803924238,-0.11162799739561437,-0.7394662468772634,-1.0631875327724392,0.9841231756854657,0
-0.634918112038349,-1.1099901739376037,-0.502969299721533,0.07922146859206405,-0.5733475201700994,0.9048055324001227,0.38271364074285674,0.853056793629862,-0.11965409719924096,0.003043148748581378,-0.7394662468772634,-0.4877685947486774,0.9841231756854657,0
-0.46546902347764374,0.9009088760241706,-0.502969299721533,0.08122710045089063,-0.404365943111267,0.9048055324001227,0.38271364074285674,1.4316811360790147,-0.707102420612748,0.003043148748581378,-0.997471732522988,-0.32903233598350173,0.9841231756854657,0
-0.8043672005990544,0.9009088760241706,-1.179024470547907,0.07930043047626982,-0.5733475201700994,0.9048055324001227,0.38271364074285674,1.4316811360790147,-1.0427871768490378,0.003043148748581378,-0.997471732522988,0.38528082845978884,0.9841231756854657,0
-0.9738162891597597,0.9009088760241706,0.8491410419312149,0.36782715536415495,-0.911310674287764,-1.177851894974348,0.8577891279455886,1.4316811360790147,-1.6705176710108995,0.1177142948927768,-0.997471732522988,-0.9639773710442044,0.9841231756854657,0
-0.8043672005990544,0.9009088760241706,1.5251962127575889,0.36435283245910105,-0.911310674287764,-1.177851894974348,0.22435514500861276,-0.8828162337175963,1.0955247203761276,-0.34097028968400567,-0.4814607612315388,0.5837011519162584,-1.0161329645585022,0
-0.46546902347764374,-1.1099901739376037,1.5251962127575889,0.07974261702782214,-0.404365943111267,0.9048055324001227,0.38271364074285674,-0.8828162337175963,0.3301634761573873,0.003043148748581378,-0.997471732522988,0.08765034327508442,0.9841231756854657,0
-0.634918112038349,0.9009088760241706,-1.179024470547907,0.36245774723816254,-0.911310674287764,-1.177851894974348,0.06599664927436881,0.2744324511807092,0.001192415045823164,-0.45564143582820127,-0.4814607612315388,0.16701847265767225,0.9841231756854657,0
-0.2960199349169384,-1.1099901739376037,0.8491410419312149,0.07890562105524097,-0.7423290972289317,0.9048055324001227,0.38271364074285674,-0.8828162337175963,-1.6839450612603513,0.003043148748581378,-0.4814607612315388,-1.12271362980938,-1.0161329645585022,0
-0.8043672005990544,-1.1099901739376037,0.8491410419312149,0.3659162777663753,-0.5733475201700994,-1.177851894974348,-1.042512820865339,-0.8828162337175963,-1.6705176710108995,-1.2583394588375707,-0.7394662468772634,0.6630692812988462,0.9841231756854657,0
-0.2960199349169384,-1.1099901739376037,1.5251962127575889,0.07939518473731676,-0.5733475201700994,0.9048055324001227,0.38271364074285674,-0.3041918912684436,-1.3482603050240614,0.003043148748581378,-0.7394662468772634,0.40512286080543575,0.9841231756854657,0
-1.143265377720465,0.9009088760241706,-0.502969299721533,0.0832327323097172,-0.911310674287764,0.9048055324001227,0.38271364074285674,0.853056793629862,-1.3482603050240614,0.003043148748581378,-0.7394662468772634,-0.03140185079879733,-1.0161329645585022,0
-0.9738162891597597,-1.1099901739376037,-1.179024470547907,0.08163770224876063,-0.911310674287764,0.9048055324001227,0.38271364074285674,-0.8828162337175963,-1.2475548781531747,0.003043148748581378,-0.4814607612315388,0.12733440796637835,-1.0161329645585022,0
-0.46546902347764374,-1.1099901739376037,0.8491410419312149,0.08012163407200984,-0.404365943111267,0.9048055324001227,0.38271364074285674,0.2744324511807092,-0.21364582894540246,0.003043148748581378,-0.7394662468772634,-0.2893482712922078,0.9841231756854657,0
-0.2960199349169384,-1.1099901739376037,-1.179024470547907,0.3644791714738303,-0.23538436605243465,-1.177851894974348,-0.3774071387815143,0.853056793629862,-0.707102420612748,-0.7996548742607882,-0.4814607612315388,-0.7258729828964409,0.9841231756854657,0
-0.9738162891597597,-1.1099901739376037,1.5251962127575889,0.132615494692006,-0.7423290972289317,-1.177851894974348,-0.5674373336626071,-0.3041918912684436,0.8336906105118219,-0.7996548742607882,-0.997471732522988,-0.20998014190961997,-1.0161329645585022,1
-0.634918112038349,-1.1099901739376037,-0.502969299721533,0.3636737602549314,-0.23538436605243465,-1.177851894974348,2.5363891827285747,0.2744324511807092,0.5651428055227898,1.2644257563347332,-0.4814607612315388,0.16701847265767225,0.9841231756854657,0
-0.8043672005990544,0.9009088760241706,-0.502969299721533,0.3674007611894438,-0.911310674287764,-1.177851894974348,0.6994306322113446,-0.8828162337175963,-1.6705176710108995,0.003043148748581378,-0.4814607612315388,0.7027533459901402,-1.0161329645585022,0
-0.46546902347764374,-1.1099901739376037,-1.179024470547907,0.07792649369108942,-0.911310674287764,0.9048055324001227,0.38271364074285674,1.4316811360790147,0.3939435798422821,0.003043148748581378,-0.7394662468772634,-3.245811090793605,0.9841231756854657,0
-0.9738162891597597,-1.1099901739376037,-1.179024470547907,-0.03457839892529228,-0.7423290972289317,0.9048055324001227,0.38271364074285674,-0.8828162337175963,0.6255660616453219,0.1177142948927768,-0.997471732522988,1.4369085427790778,-1.0161329645585022,1
-0.8043672005990544,0.9009088760241706,1.5251962127575889,0.07852660401105328,-0.911310674287764,0.9048055324001227,0.38271364074285674,0.2744324511807092,0.001192415045823164,0.003043148748581378,-0.997471732522988,0.028124246238143545,0.9841231756854657,0
-0.2960199349169384,0.9009088760241706,0.8491410419312149,0.3670217441452561,0.10257878806523006,-1.177851894974348,0.38271364074285674,0.853056793629862,1.0955247203761276,-0.2262991435398101,-0.4814607612315388,0.32575473142284794,0.9841231756854657,0
-0.46546902347764374,0.9009088760241706,0.8491410419312149,0.36800087150940763,-0.5733475201700994,-1.177851894974348,-0.646616581529729,0.853056793629862,0.8336906105118219,-1.0289971665491795,-0.7394662468772634,-1.2417658238832618,0.9841231756854657,0
-0.634918112038349,-1.1099901739376037,1.5251962127575889,0.3613838656129641,-0.404365943111267,-1.177851894974348,4.024959042630468,0.853056793629862,0.001192415045823164,2.2964660716324943,-0.997471732522988,-1.9163949236352584,0.9841231756854657,0
-0.9738162891597597,0.9009088760241706,-0.502969299721533,0.3597572507983252,-0.911310674287764,-1.177851894974348,0.4618928886099787,0.853056793629862,0.001192415045823164,-0.2262991435398101,-0.997471732522988,-1.102871597463733,0.9841231756854657,0
-0.2960199349169384,-1.1099901739376037,1.5251962127575889,0.3653319598232526,-0.5733475201700994,-1.177851894974348,0.38271364074285674,0.853056793629862,-1.4724636648314886,-0.2262991435398101,-0.7394662468772634,0.9210157017922567,0.9841231756854657,0
-0.634918112038349,0.9009088760241706,-0.502969299721533,0.07914250670785829,-0.06640278899360229,0.9048055324001227,0.38271364074285674,1.4316811360790147,0.19253272610050842,0.003043148748581378,-0.7394662468772634,-2.2140254088199627,0.9841231756854657,0
-0.46546902347764374,0.9009088760241706,-0.502969299721533,0.0813376470887787,-0.06640278899360229,0.9048055324001227,0.38271364074285674,-0.8828162337175963,0.8538316958859994,0.003043148748581378,-0.7394662468772634,0.7424374106814341,-1.0161329645585022,0
-0.9738162891597597,-1.1099901739376037,0.8491410419312149,-0.20226185622466636,-0.911310674287764,0.9048055324001227,0.38271364074285674,0.2744324511807092,0.001192415045823164,0.4617277333253637,-0.7394662468772634,-0.44808453005738347,-1.0161329645585022,1
-0.8043672005990544,0.9009088760241706,-1.179024470547907,0.3637211373854549,-0.911310674287764,-1.177851894974348,2.2830155895537843,-0.8828162337175963,-1.1804179269059165,1.035083464046342,-0.4814607612315388,-0.22982217425526694,-1.0161329645585022,0
-0.634918112038349,-1.1099901739376037,1.5251962127575889,0.10101494863285669,-0.911310674287764,0.9048055324001227,0.38271364074285674,1.4316811360790147,-1.4724636648314886,0.003043148748581378,-0.4814607612315388,1.1789621222856672,0.9841231756854657,0
-0.634918112038349,-1.1099901739376037,-0.502969299721533,0.37174366482076115,-0.7423290972289317,-1.177851894974348,0.06599664927436881,1.4316811360790147,0.665848232393677,-0.45564143582820127,-0.4814607612315388,0.782121475372728,0.9841231756854657,0
-0.2960199349169384,0.9009088760241706,0.8491410419312149,0.366500595709498,0.4405419421828948,-1.177851894974348,-0.7812213029038364,-1.461440576166749,0.8336906105118219,-1.0289971665491795,-0.7394662468772634,-1.3012919209202027,0.9841231756854657,0
-0.634918112038349,-1.1099901739376037,-1.179024470547907,0.36293151854339717,-0.404365943111267,-1.177851894974348,-0.3298995900612411,0.853056793629862,1.0015329886299666,-0.7996548742607882,-0.997471732522988,-0.5076106270943244,0.9841231756854657,0
-1.143265377720465,0.9009088760241706,-0.502969299721533,-0.5391448390001653,-0.911310674287764,0.21058638994196582,-0.4090788379283631,1.4316811360790147,-0.8447331706696268,0.1177142948927768,-0.4814607612315388,0.46464895784237664,0.9841231756854657,0
-0.634918112038349,0.9009088760241706,-1.179024470547907,0.11544918106567152,-0.7423290972289317,0.9048055324001227,0.38271364074285674,-0.3041918912684436,1.0015329886299666,0.003043148748581378,-0.4814607612315388,0.08765034327508442,-1.0161329645585022,0
-0.9738162891597597,-1.1099901739376037,-0.502969299721533,0.11995000846540044,-0.911310674287764,0.9048055324001227,0.38271364074285674,0.2744324511807092,0.665848232393677,0.003043148748581378,-0.7394662468772634,-1.658448503141848,-1.0161329645585022,0
-0.634918112038349,0.9009088760241706,-0.502969299721533,0.3663584643179276,-0.911310674287764,-1.177851894974348,0.38271364074285674,1.4316811360790147,-1.6839450612603513,-0.2262991435398101,-0.997471732522988,1.4765926074703717,0.9841231756854657,0
-0.2960199349169384,0.9009088760241706,1.5251962127575889,0.3596624965372783,-0.23538436605243465,-1.177851894974348,0.3193702424491591,0.2744324511807092,-1.8752853723150364,-0.34097028968400567,-0.4814607612315388,-1.142555662155027,-1.0161329645585022,0
-0.8043672005990544,0.9009088760241706,0.8491410419312149,0.3646370952422418,-0.7423290972289317,-1.177851894974348,0.06599664927436881,-0.8828162337175963,-0.005521280078902488,-0.45564143582820127,-0.997471732522988,-0.11076998018138517,0.9841231756854657,0
-0.9738162891597597,0.9009088760241706,-1.179024470547907,0.3667216889852742,-0.911310674287764,-1.177851894974348,0.06599664927436881,0.853056793629862,-1.6839450612603513,-0.45564143582820127,-0.997471732522988,-2.03544711770914,0.9841231756854657,0
-0.8043672005990544,0.9009088760241706,-0.502969299721533,0.36195239117924566,-0.911310674287764,-1.177851894974348,1.87128350064475,1.4316811360790147,0.8336906105118219,0.8057411717579506,-0.4814607612315388,0.3654387961141419,-1.0161329645585022,0
-0.9738162891597597,0.9009088760241706,-0.502969299721533,0.11769169857711541,-0.911310674287764,0.9048055324001227,0.38271364074285674,0.2744324511807092,-0.005521280078902488,0.003043148748581378,-0.4814607612315388,1.298014316359549,-1.0161329645585022,0
-0.46546902347764374,-1.1099901739376037,1.5251962127575889,-0.6575087034246152,-0.23538436605243465,0.21058638994196582,-0.8841543251310949,-0.3041918912684436,2.0757242085860943,-0.45564143582820127,-0.4814607612315388,0.6035431842619053,-1.0161329645585022,1
-0.46546902347764374,0.9009088760241706,0.8491410419312149,0.0047604117860225465,-0.911310674287764,0.9048055324001227,0.38271364074285674,0.853056793629862,1.9750187817152072,0.1177142948927768,-0.997471732522988,-0.7457150152420878,-1.0161329645585022,1
-0.46546902347764374,0.9009088760241706,-0.502969299721533,0.36522141318536455,-0.404365943111267,-1.177851894974348,-1.0741845200121878,-0.8828162337175963,-1.1804179269059165,-1.2583394588375707,-0.7394662468772634,0.7622794430270811,0.9841231756854657,0
-0.634918112038349,-1.1099901739376037,-0.502969299721533,0.3706381984418804,-0.5733475201700994,0.21058638994196582,2.8372703246236384,-0.8828162337175963,0.3301634761573873,1.4937680486231246,-0.997471732522988,0.7225953783357871,-1.0161329645585022,0
-0.9738162891597597,-1.1099901739376037,1.5251962127575889,0.3688378674819888,-0.911310674287764,-1.177851894974348,0.06599664927436881,1.4316811360790147,1.0015329886299666,-0.45564143582820127,-0.4814607612315388,-2.154499311783022,0.9841231756854657,0
-0.8043672005990544,-1.1099901739376037,-1.179024470547907,0.12228728023789125,-0.911310674287764,0.9048055324001227,0.38271364074285674,1.4316811360790147,-0.34120603631519225,0.003043148748581378,-0.7394662468772634,0.6630692812988462,0.9841231756854657,0
-0.2960199349169384,0.9009088760241706,0.8491410419312149,0.3648266037643357,-0.5733475201700994,-1.177851894974348,0.22435514500861276,-0.3041918912684436,0.3301634761573873,-0.34097028968400567,-0.4814607612315388,-0.17029607721832604,0.9841231756854657,0
-0.9738162891597597,0.9009088760241706,1.5251962127575889,0.36109960282982334,-0.911310674287764,0.21058638994196582,-0.8366467764108217,-0.8828162337175963,0.001192415045823164,-1.143668312693375,-0.4814607612315388,-0.26950623894656084,0.9841231756854657,0
-0.634918112038349,0.9009088760241706,-1.179024470547907,0.11236966758164649,-0.911310674287764,0.9048055324001227,0.38271364074285674,0.2744324511807092,-1.0495008719737637,0.003043148748581378,-0.4814607612315388,-0.7655570475877348,0.9841231756854657,0
-0.46546902347764374,-1.1099901739376037,-0.502969299721533,0.36725862979787344,-0.404365943111267,-1.177851894974348,2.2830155895537843,-1.461440576166749,-0.005521280078902488,1.035083464046342,-0.4814607612315388,1.6551708985811941,0.9841231756854657,0
-0.2960199349169384,0.9009088760241706,-0.502969299721533,0.3638474764001841,-0.7423290972289317,-1.177851894974348,-0.7812213029038364,-0.8828162337175963,-0.8447331706696268,-1.0289971665491795,-0.997471732522988,0.20670253734896618,0.9841231756854657,0
-0.9738162891597597,0.9009088760241706,1.5251962127575889,0.36061003914774753,-0.7423290972289317,-1.177851894974348,0.38271364074285674,-0.8828162337175963,0.3301634761573873,-0.2262991435398101,-0.7394662468772634,0.2463866020402601,-1.0161329645585022,0
-1.143265377720465,-1.1099901739376037,-0.502969299721533,0.1223030726147324,-0.7423290972289317,0.9048055324001227,0.38271364074285674,0.853056793629862,-1.7510820125076092,0.003043148748581378,-0.997471732522988,-1.8370267942526706,0.9841231756854657,0
-0.46546902347764374,0.9009088760241706,-0.502969299721533,0.3663268795642453,-0.7423290972289317,-1.177851894974348,1.0161476236798326,1.4316811360790147,-0.005521280078902488,0.23238544103697253,-0.997471732522988,-0.20998014190961997,-1.0161329645585022,0
-0.8043672005990544,-1.1099901739376037,-0.502969299721533,0.12345591612413664,-0.404365943111267,0.9048055324001227,0.38271364074285674,1.4316811360790147,-0.005521280078902488,0.003043148748581378,-0.7394662468772634,-0.6465048535138531,-1.0161329645585022,0
-0.46546902347764374,0.9009088760241706,-0.502969299721533,0.3694063930482704,-0.404365943111267,-1.177851894974348,-1.2800505644667048,-1.461440576166749,0.6893461653302174,-1.487681751125962,-0.997471732522988,0.08765034327508442,-1.0161329645585022,0
-0.634918112038349,-1.1099901739376037,-1.179024470547907,0.36338949747179067,-0.7423290972289317,-1.177851894974348,0.06599664927436881,0.853056793629862,-0.33784918875282943,-0.45564143582820127,-0.4814607612315388,0.12733440796637835,0.9841231756854657,0
-0.8043672005990544,0.9009088760241706,0.8491410419312149,0.366500595709498,-0.5733475201700994,-1.177851894974348,-0.3774071387815143,-0.8828162337175963,-1.371758237960602,-0.7996548742607882,-0.4814607612315388,0.5440170872249644,0.9841231756854657,0
-0.46546902347764374,0.9009088760241706,1.5251962127575889,0.14468087059864773,-0.5733475201700994,0.9048055324001227,0.38271364074285674,-0.8828162337175963,-1.1804179269059165,-0.11162799739561437,-0.7394662468772634,1.1789621222856672,0.9841231756854657,0
-0.634918112038349,-1.1099901739376037,1.5251962127575889,0.3662637100568807,-0.404365943111267,0.21058638994196582,-0.527847709729046,-0.3041918912684436,1.3103629643673533,-0.9143260204049839,-0.997471732522988,-1.7576586648700827,0.9841231756854657,0
-0.46546902347764374,-1.1099901739376037,1.5251962127575889,-0.16088582890084266,-0.5733475201700994,0.9048055324001227,0.38271364074285674,0.2744324511807092,1.4446368668618692,0.3470565871811683,-0.4814607612315388,-1.5393963090679663,-1.0161329645585022,1
-0.2960199349169384,0.9009088760241706,-1.179024470547907,0.363215781326538,-0.23538436605243465,-1.177851894974348,1.6495816066168083,1.4316811360790147,-0.21364582894540246,0.5763988794695595,-0.997471732522988,-0.7853990799333818,-1.0161329645585022,0
-0.46546902347764374,-1.1099901739376037,0.8491410419312149,0.1590361411472568,-0.404365943111267,0.9048055324001227,0.38271364074285674,1.4316811360790147,-1.0495008719737637,-0.11162799739561437,-0.7394662468772634,-1.3608180179571436,0.9841231756854657,0
-0.8043672005990544,-1.1099901739376037,-0.502969299721533,0.3613680732361229,-0.911310674287764,-1.177851894974348,-0.8841543251310949,-0.8828162337175963,-1.7510820125076092,-1.143668312693375,-0.7394662468772634,-0.051243883144444294,-1.0161329645585022,0
-0.634918112038349,-1.1099901739376037,0.8491410419312149,0.3628525566591914,-0.5733475201700994,-1.177851894974348,0.12934004756806639,0.853056793629862,-1.7510820125076092,-0.45564143582820127,-0.4814607612315388,-1.102871597463733,0.9841231756854657,0
-0.634918112038349,0.9009088760241706,0.8491410419312149,-0.483050316460386,-0.06640278899360229,0.9048055324001227,-1.042512820865339,0.853056793629862,0.001192415045823164,-0.9143260204049839,-0.4814607612315388,0.9210157017922567,-1.0161329645585022,0
-0.9738162891597597,0.9009088760241706,-1.179024470547907,0.36789032487151957,-0.911310674287764,-1.177851894974348,0.06599664927436881,-0.8828162337175963,0.001192415045823164,-0.45564143582820127,-0.997471732522988,-1.162397694500674,0.9841231756854657,0
-0.46546902347764374,-1.1099901739376037,-0.502969299721533,0.36511086654747643,-0.911310674287764,-1.177851894974348,-0.3536533644213777,-1.461440576166749,-1.7510820125076092,-0.7996548742607882,-0.4814607612315388,-0.3488743683291487,-1.0161329645585022,0
-0.634918112038349,-1.1099901739376037,-1.179024470547907,0.36779557061047263,-0.5733475201700994,-1.177851894974348,0.0026532509806712224,0.853056793629862,-0.21364582894540246,-0.570312581972397,-0.4814607612315388,-0.5869787564769122,0.9841231756854657,0
-0.8043672005990544,0.9009088760241706,-0.502969299721533,0.36902737600408264,-0.7423290972289317,-1.177851894974348,2.2830155895537843,-0.8828162337175963,-0.08944246913797492,1.035083464046342,-0.997471732522988,0.26622863438590705,-1.0161329645585022,0
-0.2960199349169384,0.9009088760241706,0.8491410419312149,-0.4705901311327154,-0.23538436605243465,0.9048055324001227,-1.042512820865339,-1.461440576166749,0.4745079213389917,-0.9143260204049839,-0.7394662468772634,-1.8370267942526706,0.9841231756854657,0
-0.46546902347764374,0.9009088760241706,1.5251962127575889,-0.47308532667361775,-0.5733475201700994,0.9048055324001227,-1.042512820865339,1.4316811360790147,0.001192415045823164,-0.9143260204049839,-0.7394662468772634,-0.9242933063529105,0.9841231756854657,0
-0.2960199349169384,-1.1099901739376037,-0.502969299721533,0.36133648848244065,-0.06640278899360229,-1.177851894974348,-1.1691996174527342,1.4316811360790147,0.8135495251376443,-1.3730106049817663,-0.7394662468772634,0.5241750548793175,0.9841231756854657,0
-0.8043672005990544,-1.1099901739376037,-0.502969299721533,0.3632789508339026,-0.911310674287764,-1.177851894974348,0.8577891279455886,-0.8828162337175963,-0.33784918875282943,0.1177142948927768,-0.997471732522988,-1.3409759856114967,0.9841231756854657,0
-0.2960199349169384,-1.1099901739376037,-0.502969299721533,0.13446320278242105,-0.404365943111267,-1.177851894974348,0.7627740305050422,-0.3041918912684436,0.9377528849450718,0.23238544103697253,-0.7394662468772634,0.16701847265767225,-1.0161329645585022,1
-0.8043672005990544,-1.1099901739376037,1.5251962127575889,0.36008889071198946,-0.23538436605243465,-1.177851894974348,-0.7257958293968509,-0.8828162337175963,-1.8752853723150364,-1.0289971665491795,-0.997471732522988,0.18686050500331922,-1.0161329645585022,0
-0.8043672005990544,-1.1099901739376037,-0.502969299721533,-0.47027428359589235,-0.404365943111267,0.9048055324001227,-1.042512820865339,-1.461440576166749,0.007906110170548816,-0.9143260204049839,-0.4814607612315388,0.9011736694466097,0.9841231756854657,0
-0.634918112038349,-1.1099901739376037,0.8491410419312149,0.36272621764446217,-0.911310674287764,-1.177851894974348,1.6495816066168083,-0.8828162337175963,0.03476089066945202,0.5763988794695595,-0.4814607612315388,0.6035431842619053,0.9841231756854657,0
-0.9738162891597597,-1.1099901739376037,-0.502969299721533,0.36500031990958837,-0.5733475201700994,-1.177851894974348,-0.4090788379283631,1.4316811360790147,-1.3751150855229646,-0.7996548742607882,-0.7394662468772634,0.5043330225336705,-1.0161329645585022,0
-0.2960199349169384,0.9009088760241706,-0.502969299721533,0.13860080551480342,-0.404365943111267,-1.177851894974348,0.06599664927436881,-1.461440576166749,1.0351014642535956,-0.34097028968400567,-0.7394662468772634,0.6035431842619053,-1.0161329645585022,1
-0.2960199349169384,0.9009088760241706,-1.179024470547907,0.3682219647851838,-0.911310674287764,-1.177851894974348,-0.2507203421941191,-1.461440576166749,0.001192415045823164,-0.6849837281165926,-0.7394662468772634,-0.9838194033898514,0.9841231756854657,0
-0.9738162891597597,0.9009088760241706,0.8491410419312149,0.3675113078273319,-0.7423290972289317,-1.177851894974348,0.5094004373302519,1.4316811360790147,-1.4993184453303918,-0.2262991435398101,-0.7394662468772634,0.305912699077201,0.9841231756854657,0
-0.2960199349169384,-1.1099901739376037,-1.179024470547907,-0.4664683207771742,-0.7423290972289317,0.9048055324001227,-1.042512820865339,0.2744324511807092,0.04483143335654109,-0.9143260204049839,-0.997471732522988,-0.07108591549009124,0.9841231756854657,0
-0.9738162891597597,-1.1099901739376037,-0.502969299721533,-0.44777014659724773,-0.7423290972289317,0.9048055324001227,-1.042512820865339,-1.461440576166749,0.5651428055227898,-0.9143260204049839,-0.997471732522988,0.2463866020402601,0.9841231756854657,0
-0.634918112038349,0.9009088760241706,-0.502969299721533,0.13340511353406373,-0.911310674287764,-1.177851894974348,2.4413740852880284,-0.8828162337175963,1.7836784706605218,1.6084391947673204,-0.997471732522988,0.3455967637684949,-1.0161329645585022,1
-0.8043672005990544,0.9009088760241706,-0.502969299721533,0.363831684023343,-0.23538436605243465,-1.177851894974348,2.4413740852880284,1.4316811360790147,-0.21700267650776528,1.1497546101905376,-0.4814607612315388,-0.7655570475877348,0.9841231756854657,0
-0.8043672005990544,0.9009088760241706,0.8491410419312149,-0.45048643541392625,-0.911310674287764,0.9048055324001227,-1.042512820865339,0.2744324511807092,-1.4724636648314886,-0.9143260204049839,-0.7394662468772634,-1.3608180179571436,0.9841231756854657,0
-0.46546902347764374,0.9009088760241706,-1.179024470547907,0.366500595709498,-0.06640278899360229,-1.177851894974348,-0.8841543251310949,-0.3041918912684436,-1.4993184453303918,-1.143668312693375,-0.7394662468772634,0.5440170872249644,0.9841231756854657,0
-0.634918112038349,-1.1099901739376037,0.8491410419312149,0.3628683490360326,-0.911310674287764,-1.177851894974348,-1.359229812333827,-0.8828162337175963,-0.34120603631519225,-1.487681751125962,-0.4814607612315388,-1.7775006972157297,0.9841231756854657,0
-0.46546902347764374,-1.1099901739376037,-1.179024470547907,0.35970987366780177,-0.7423290972289317,-1.177851894974348,0.6994306322113446,-0.8828162337175963,-1.7510820125076092,0.003043148748581378,-0.997471732522988,-0.03140185079879733,0.9841231756854657,0
-0.634918112038349,0.9009088760241706,0.8491410419312149,0.3635790059938845,-0.7423290972289317,-1.177851894974348,2.4413740852880284,0.2744324511807092,-0.21700267650776528,1.1497546101905376,-0.7394662468772634,-1.4203441149940845,0.9841231756854657,0
-0.9738162891597597,0.9009088760241706,0.8491410419312149,-0.5618068997672214,-0.5733475201700994,0.9048055324001227,-1.042512820865339,0.2744324511807092,0.16232109803924238,-0.7996548742607882,-0.4814607612315388,0.3455967637684949,-1.0161329645585022,1
-0.8043672005990544,-1.1099901739376037,1.5251962127575889,0.3624261624844803,-0.5733475201700994,-1.177851894974348,0.06599664927436881,1.4316811360790147,-0.21700267650776528,-0.45564143582820127,-0.4814607612315388,-0.5274526594399713,-1.0161329645585022,0
-1.143265377720465,-1.1099901739376037,0.8491410419312149,-0.5491098287869335,-0.5733475201700994,0.21058638994196582,-0.052772222526314166,1.4316811360790147,0.4107278176540969,0.6910700256137552,-0.4814607612315388,0.5638591195706114,0.9841231756854657,0
-0.8043672005990544,-1.1099901739376037,-0.502969299721533,0.3665479728400215,-0.404365943111267,-1.177851894974348,-0.4090788379283631,-0.8828162337175963,-0.5896127559300467,-0.7996548742607882,-0.4814607612315388,1.3972244780877838,0.9841231756854657,0
-0.2960199349169384,0.9009088760241706,-1.179024470547907,0.36583731588216956,-0.404365943111267,-1.177851894974348,-0.8841543251310949,-1.461440576166749,-0.5896127559300467,-1.143668312693375,-0.997471732522988,1.4170665104334308,-1.0161329645585022,0
-0.9738162891597597,-1.1099901739376037,-1.179024470547907,0.3560618346174952,-0.911310674287764,-1.177851894974348,0.38271364074285674,1.4316811360790147,-1.3751150855229646,-0.2262991435398101,-0.7394662468772634,0.305912699077201,0.9841231756854657,0
-0.9738162891597597,-1.1099901739376037,0.8491410419312149,0.3644317943433068,-0.5733475201700994,-1.177851894974348,-0.7257958293968509,-0.8828162337175963,0.5382880250238866,-1.0289971665491795,-0.997471732522988,0.46464895784237664,0.9841231756854657,0
-0.9738162891597597,-1.1099901739376037,-1.179024470547907,-0.4500126641086916,-0.23538436605243465,0.9048055324001227,-1.042512820865339,0.853056793629862,0.16232109803924238,-0.9143260204049839,-0.997471732522988,1.238488219322608,0.9841231756854657,0
-0.9738162891597597,-1.1099901739376037,-0.502969299721533,-0.5680290962426361,-0.911310674287764,0.9048055324001227,-1.042512820865339,-0.3041918912684436,-0.21364582894540246,-0.7996548742607882,-0.7394662468772634,-0.2893482712922078,-1.0161329645585022,1
-0.634918112038349,-1.1099901739376037,0.8491410419312149,0.35723047050374057,-0.7423290972289317,0.21058638994196582,1.9662985980852963,1.4316811360790147,-1.4993184453303918,0.8057411717579506,-0.4814607612315388,-0.44808453005738347,-1.0161329645585022,0
-0.8043672005990544,-1.1099901739376037,0.8491410419312149,-0.54618823907132,-0.5733475201700994,0.21058638994196582,-1.3394350003670463,0.2744324511807092,-1.7510820125076092,-1.3730106049817663,-0.7394662468772634,0.7027533459901402,-1.0161329645585022,0
-0.46546902347764374,-1.1099901739376037,0.8491410419312149,0.3691221302651296,-0.404365943111267,-1.177851894974348,-0.7257958293968509,-0.3041918912684436,-1.623521805137819,-1.0289971665491795,-0.997471732522988,0.305912699077201,0.9841231756854657,0
-0.8043672005990544,0.9009088760241706,-1.179024470547907,0.37141202490709696,-0.911310674287764,0.21058638994196582,0.0026532509806712224,-0.8828162337175963,0.8739727812601764,-0.570312581972397,-0.7394662468772634,0.821805540064022,0.9841231756854657,0
-1.143265377720465,0.9009088760241706,-0.502969299721533,-0.5492993373090274,-0.911310674287764,0.21058638994196582,-0.3774071387815143,-0.8828162337175963,0.8739727812601764,0.23238544103697253,-0.4814607612315388,-1.2814498885745558,0.9841231756854657,0
-0.8043672005990544,-1.1099901739376037,0.8491410419312149,-0.5632282136829253,-0.7423290972289317,0.9048055324001227,-1.042512820865339,0.853056793629862,0.001192415045823164,-0.7996548742607882,-0.4814607612315388,-0.9441353386985575,-1.0161329645585022,1
-0.46546902347764374,0.9009088760241706,0.8491410419312149,-0.06835829298852086,-0.404365943111267,-1.177851894974348,-0.6624524311031534,0.2744324511807092,1.4110683912382405,-0.7996548742607882,-0.7394662468772634,0.40512286080543575,-1.0161329645585022,1
-0.634918112038349,-1.1099901739376037,-1.179024470547907,0.363831684023343,-0.911310674287764,-1.177851894974348,0.38271364074285674,-1.461440576166749,-1.0495008719737637,-0.2262991435398101,-0.7394662468772634,0.9210157017922567,-1.0161329645585022,0
-0.9738162891597597,-1.1099901739376037,0.8491410419312149,0.3645107562275126,-0.23538436605243465,-1.177851894974348,-0.5674373336626071,1.4316811360790147,-1.0495008719737637,-0.9143260204049839,-0.997471732522988,0.16701847265767225,-1.0161329645585022,0
-0.8043672005990544,-1.1099901739376037,0.8491410419312149,0.3716647029365554,-0.7423290972289317,-1.177851894974348,2.4413740852880284,0.853056793629862,-0.0860856215756121,1.1497546101905376,-0.4814607612315388,0.9606997664835506,0.9841231756854657,0
-0.634918112038349,0.9009088760241706,0.8491410419312149,0.3681587952778192,-0.911310674287764,-1.177851894974348,-0.2507203421941191,0.853056793629862,0.001192415045823164,-0.6849837281165926,-0.4814607612315388,0.10749237562073138,0.9841231756854657,0
-0.46546902347764374,-1.1099901739376037,-0.502969299721533,-0.5406609071769161,-0.23538436605243465,0.21058638994196582,-0.09236184645987515,0.2744324511807092,-0.25392799969375696,0.6910700256137552,-0.7394662468772634,-0.44808453005738347,0.9841231756854657,0
-0.634918112038349,0.9009088760241706,-1.179024470547907,0.3665163880863392,-0.7423290972289317,-1.177851894974348,-1.121692068732461,0.2744324511807092,-0.21028898138303903,-1.3730106049817663,-0.4814607612315388,-0.011559818453150373,0.9841231756854657,0
-0.8043672005990544,0.9009088760241706,-1.179024470547907,0.3640211925454368,-0.5733475201700994,-1.177851894974348,-0.7257958293968509,-1.461440576166749,1.1223795008750308,-1.0289971665491795,-0.997471732522988,0.801963507718375,-1.0161329645585022,0
-0.46546902347764374,-1.1099901739376037,1.5251962127575889,0.3597730431751664,-0.5733475201700994,-1.177851894974348,-1.2008713165995828,0.853056793629862,0.001192415045823164,-1.3730106049817663,-0.997471732522988,0.12733440796637835,-1.0161329645585022,0
-0.8043672005990544,0.9009088760241706,-0.502969299721533,-0.45056539729813205,-0.911310674287764,0.9048055324001227,-1.042512820865339,-0.8828162337175963,2.3241309282009484,-0.9143260204049839,-0.997471732522988,-2.69023418511549,0.9841231756854657,0
-0.634918112038349,0.9009088760241706,-1.179024470547907,-0.4505969820518143,-0.5733475201700994,0.9048055324001227,-1.042512820865339,0.2744324511807092,0.5785701957722418,-0.9143260204049839,-0.4814607612315388,0.821805540064022,0.9841231756854657,0
-0.634918112038349,-1.1099901739376037,-1.179024470547907,0.36823775716202495,-0.404365943111267,-1.177851894974348,-0.2903099661276801,0.2744324511807092,0.03811773823181484,-0.6849837281165926,-0.4814607612315388,-0.5076106270943244,0.9841231756854657,0
-0.46546902347764374,0.9009088760241706,-0.502969299721533,0.36373692976229605,-0.7423290972289317,-1.177851894974348,-0.8841543251310949,1.4316811360790147,-1.0495008719737637,-1.143668312693375,-0.997471732522988,1.0995939929030794,-1.0161329645585022,0
-0.634918112038349,-1.1099901739376037,-0.502969299721533,0.36642163382529225,-0.5733475201700994,-1.177851894974348,0.38271364074285674,-0.3041918912684436,-1.173704231781191,-0.2262991435398101,-0.4814607612315388,0.7424374106814341,-1.0161329645585022,0
-0.2960199349169384,0.9009088760241706,-0.502969299721533,-0.4493493842813632,0.10257878806523006,0.9048055324001227,-1.042512820865339,0.2744324511807092,0.27645391515958084,-0.9143260204049839,-0.997471732522988,0.6630692812988462,0.9841231756854657,0
-0.46546902347764374,0.9009088760241706,1.5251962127575889,0.3640211925454368,-0.06640278899360229,-1.177851894974348,0.0026532509806712224,-0.3041918912684436,0.954537122756886,-0.570312581972397,-0.4814607612315388,1.5956448015442533,0.9841231756854657,0
-0.8043672005990544,-1.1099901739376037,-1.179024470547907,0.371522571544985,-0.911310674287764,-1.177851894974348,-0.8841543251310949,-0.8828162337175963,-1.4254677989584081,-1.143668312693375,-0.4814607612315388,-1.0036614357354983,0.9841231756854657,0
-0.2960199349169384,0.9009088760241706,1.5251962127575889,0.3652845826927292,-0.06640278899360229,-1.177851894974348,0.8577891279455886,-0.3041918912684436,0.5785701957722418,0.1177142948927768,-0.4814607612315388,-3.027548734991488,0.9841231756854657,0
-0.8043672005990544,0.9009088760241706,1.5251962127575889,0.36149441225085216,-0.06640278899360229,-1.177851894974348,1.6495816066168083,-0.8828162337175963,0.001192415045823164,0.5763988794695595,-0.4814607612315388,0.46464895784237664,0.9841231756854657,0
-0.46546902347764374,0.9009088760241706,-0.502969299721533,0.3639896077917545,-0.23538436605243465,-1.177851894974348,1.3328646151483206,1.4316811360790147,-0.37813135950118393,0.3470565871811683,-0.7394662468772634,0.32575473142284794,0.9841231756854657,0
-0.634918112038349,0.9009088760241706,-0.502969299721533,0.36455813335803605,-0.5733475201700994,-1.177851894974348,-0.3298995900612411,-0.3041918912684436,0.001192415045823164,-0.7996548742607882,-0.997471732522988,0.4448069254967297,-1.0161329645585022,0
-0.8043672005990544,-1.1099901739376037,-0.502969299721533,0.36111539520666447,-0.911310674287764,-1.177851894974348,-0.2507203421941191,-0.8828162337175963,-1.2979075915886182,-0.6849837281165926,-0.997471732522988,0.32575473142284794,0.9841231756854657,0
-0.2960199349169384,-1.1099901739376037,1.5251962127575889,0.36536354457693493,-0.7423290972289317,-1.177851894974348,0.8577891279455886,0.2744324511807092,-1.0495008719737637,0.1177142948927768,-0.4814607612315388,-0.24966420660091387,0.9841231756854657,0
-0.2960199349169384,-1.1099901739376037,-1.179024470547907,0.3595203651457079,-0.06640278899360229,-1.177851894974348,-0.5674373336626071,-0.8828162337175963,-0.37813135950118393,-0.9143260204049839,-0.7394662468772634,0.4249648931510827,-1.0161329645585022,0
-1.143265377720465,-1.1099901739376037,-0.502969299721533,0.3609574714382529,-0.911310674287764,-1.177851894974348,2.4413740852880284,-0.8828162337175963,-0.005521280078902488,1.1497546101905376,-0.997471732522988,1.1392780575943733,-1.0161329645585022,0
-0.8043672005990544,0.9009088760241706,-1.179024470547907,-0.5625965186092791,-0.911310674287764,0.9048055324001227,-1.042512820865339,-0.8828162337175963,0.4308689030282738,-0.7996548742607882,-0.997471732522988,0.782121475372728,-1.0161329645585022,1
-0.9738162891597597,0.9009088760241706,-1.179024470547907,-0.4445958788521758,-0.911310674287764,0.9048055324001227,-1.042512820865339,-1.461440576166749,0.830333762949459,-0.9143260204049839,-0.997471732522988,0.9011736694466097,-1.0161329645585022,0
-0.8043672005990544,0.9009088760241706,-0.502969299721533,0.36271042526762104,-0.404365943111267,0.21058638994196582,0.8577891279455886,0.2744324511807092,1.451350561986595,0.1177142948927768,-0.997471732522988,-1.162397694500674,-1.0161329645585022,0
-0.46546902347764374,0.9009088760241706,-0.502969299721533,-0.44000029719139994,-0.7423290972289317,0.9048055324001227,-1.042512820865339,-1.461440576166749,-0.0995130118250634,-0.9143260204049839,-0.997471732522988,1.5758027691986063,0.9841231756854657,0
-0.634918112038349,0.9009088760241706,0.8491410419312149,-0.5511154606457601,-0.404365943111267,0.9048055324001227,-1.042512820865339,-0.3041918912684436,1.451350561986595,-0.7996548742607882,-0.7394662468772634,-0.8449251769703227,-1.0161329645585022,1
-0.634918112038349,0.9009088760241706,-0.502969299721533,0.3624419548613214,-0.911310674287764,-1.177851894974348,0.8577891279455886,-1.461440576166749,-0.37813135950118393,0.1177142948927768,-0.7394662468772634,0.32575473142284794,-1.0161329645585022,0
-0.9738162891597597,0.9009088760241706,0.8491410419312149,0.36229982346975104,-0.911310674287764,-1.177851894974348,0.38271364074285674,1.4316811360790147,0.001192415045823164,-0.2262991435398101,-0.7394662468772634,0.9408577341379036,0.9841231756854657,0
-0.8043672005990544,0.9009088760241706,-1.179024470547907,0.1572516025642064,-0.5733475201700994,0.9048055324001227,0.38271364074285674,0.2744324511807092,0.5114332445249834,-0.11162799739561437,-0.4814607612315388,0.22654456969461315,0.9841231756854657,0
-0.46546902347764374,-1.1099901739376037,0.8491410419312149,0.055122301532462926,-0.06640278899360229,0.9048055324001227,0.38271364074285674,-0.8828162337175963,0.7229146409538463,0.003043148748581378,-0.997471732522988,-0.22982217425526694,-1.0161329645585022,1
-0.46546902347764374,0.9009088760241706,-1.179024470547907,0.36534775220009374,-0.911310674287764,-1.177851894974348,-0.3774071387815143,1.4316811360790147,0.860545391010725,-0.7996548742607882,-0.7394662468772634,0.801963507718375,0.9841231756854657,0
-0.9738162891597597,-1.1099901739376037,-0.502969299721533,0.36245774723816254,-0.7423290972289317,-1.177851894974348,0.33520609202258356,-0.8828162337175963,-0.811164695045998,-0.34097028968400567,-0.7394662468772634,1.4567505751247247,0.9841231756854657,0
-0.8043672005990544,-1.1099901739376037,-1.179024470547907,0.16879583003509002,-0.7423290972289317,0.9048055324001227,0.38271364074285674,-1.461440576166749,0.19253272610050842,-0.11162799739561437,-0.7394662468772634,0.8813316371009629,0.9841231756854657,0
-0.9738162891597597,-1.1099901739376037,0.8491410419312149,0.3661531634189926,-0.911310674287764,-1.177851894974348,1.3328646151483206,-0.8828162337175963,0.3939435798422821,0.3470565871811683,-0.4814607612315388,-0.9242933063529105,0.9841231756854657,0
-0.8043672005990544,-1.1099901739376037,-0.502969299721533,0.17624983190411475,-0.06640278899360229,0.9048055324001227,0.38271364074285674,-0.8828162337175963,1.0955247203761276,-0.11162799739561437,-0.997471732522988,-0.6465048535138531,0.9841231756854657,0
-0.2960199349169384,-1.1099901739376037,-0.502969299721533,0.35836752163630364,-0.23538436605243465,0.21058638994196582,0.06599664927436881,-0.8828162337175963,0.3939435798422821,-0.45564143582820127,-0.997471732522988,-1.202081759191968,0.9841231756854657,0
-0.8043672005990544,-1.1099901739376037,1.5251962127575889,0.17670781083250822,-0.7423290972289317,0.9048055324001227,0.38271364074285674,0.2744324511807092,-1.6705176710108995,-0.11162799739561437,-0.7394662468772634,0.7424374106814341,0.9841231756854657,0
-0.9738162891597597,0.9009088760241706,0.8491410419312149,0.1685273596287904,-0.911310674287764,0.9048055324001227,0.38271364074285674,0.853056793629862,0.8336906105118219,-0.11162799739561437,-0.997471732522988,-0.5472946917856183,-1.0161329645585022,0
-0.634918112038349,0.9009088760241706,1.5251962127575889,0.1729334327674724,-0.404365943111267,0.9048055324001227,0.38271364074285674,1.4316811360790147,-1.4724636648314886,-0.11162799739561437,-0.997471732522988,0.6432272489531993,0.9841231756854657,0
-0.634918112038349,0.9009088760241706,0.8491410419312149,0.17373884398637127,-0.911310674287764,0.9048055324001227,0.38271364074285674,0.853056793629862,0.001192415045823164,-0.11162799739561437,-0.4814607612315388,0.38528082845978884,0.9841231756854657,0
-0.9738162891597597,-1.1099901739376037,0.8491410419312149,0.17607611575886206,-0.7423290972289317,0.9048055324001227,0.38271364074285674,0.853056793629862,0.16232109803924238,-0.11162799739561437,-0.7394662468772634,-0.5076106270943244,0.9841231756854657,0
-0.634918112038349,0.9009088760241706,-0.502969299721533,0.3677481934799492,-0.7423290972289317,-1.177851894974348,-0.8208109268373974,-1.461440576166749,-1.2106295549671826,-1.143668312693375,-0.997471732522988,-0.051243883144444294,-1.0161329645585022,0
-0.2960199349169384,-1.1099901739376037,0.8491410419312149,0.3639896077917545,-0.06640278899360229,-1.177851894974348,-0.2507203421941191,0.2744324511807092,0.04483143335654109,-0.6849837281165926,-0.7394662468772634,-0.7853990799333818,0.9841231756854657,0
-0.9738162891597597,0.9009088760241706,-1.179024470547907,0.1713226103296747,-0.7423290972289317,0.9048055324001227,0.38271364074285674,1.4316811360790147,-0.08944246913797492,-0.11162799739561437,-0.7394662468772634,1.5758027691986063,-1.0161329645585022,0
-0.2960199349169384,-1.1099901739376037,1.5251962127575889,0.17365988210216549,0.2715603651240624,0.9048055324001227,0.38271364074285674,1.4316811360790147,-0.21364582894540246,-0.11162799739561437,-0.4814607612315388,0.7424374106814341,-1.0161329645585022,0
-0.8043672005990544,-1.1099901739376037,-1.179024470547907,0.061281328500513016,-0.911310674287764,0.9048055324001227,0.38271364074285674,1.4316811360790147,0.561785957960427,0.003043148748581378,-0.7394662468772634,0.5043330225336705,-1.0161329645585022,1
-0.46546902347764374,0.9009088760241706,0.8491410419312149,0.3667374813621153,-0.404365943111267,-1.177851894974348,1.6495816066168083,1.4316811360790147,0.9780350556934264,0.5763988794695595,-0.7394662468772634,-0.051243883144444294,0.9841231756854657,0
-0.9738162891597597,-1.1099901739376037,-1.179024470547907,0.17707103549985476,-0.911310674287764,0.9048055324001227,0.38271364074285674,1.4316811360790147,0.001192415045823164,-0.11162799739561437,-0.7394662468772634,-0.9639773710442044,0.9841231756854657,0
-0.634918112038349,0.9009088760241706,1.5251962127575889,0.3618102597876752,-0.911310674287764,-1.177851894974348,0.38271364074285674,-0.3041918912684436,0.04483143335654109,-0.2262991435398101,-0.7394662468772634,-0.03140185079879733,0.9841231756854657,0
-0.9738162891597597,0.9009088760241706,-1.179024470547907,0.17631300141147938,-0.911310674287764,0.9048055324001227,0.38271364074285674,-0.8828162337175963,0.001192415045823164,-0.11162799739561437,-0.997471732522988,-3.4640734465957213,0.9841231756854657,0
-0.8043672005990544,0.9009088760241706,-0.502969299721533,0.3624103701076391,-0.5733475201700994,-1.177851894974348,1.6495816066168083,-0.8828162337175963,0.7430557263280237,0.5763988794695595,-0.4814607612315388,-1.12271362980938,0.9841231756854657,0
-1.143265377720465,0.9009088760241706,-1.179024470547907,-0.5506574817173666,-0.911310674287764,0.21058638994196582,1.3328646151483206,1.4316811360790147,-0.25392799969375696,2.984492948497668,-0.4814607612315388,0.32575473142284794,0.9841231756854657,0
-0.8043672005990544,-1.1099901739376037,-0.502969299721533,0.1715279112286097,-0.911310674287764,0.9048055324001227,0.38271364074285674,0.853056793629862,0.6624913848313142,-0.11162799739561437,-0.997471732522988,0.9011736694466097,0.9841231756854657,0
-0.2960199349169384,-1.1099901739376037,-0.502969299721533,0.17568130633783322,-0.23538436605243465,0.9048055324001227,0.38271364074285674,0.2744324511807092,-0.21028898138303903,-0.11162799739561437,-0.7394662468772634,-0.6068207888225592,-1.0161329645585022,0
-0.634918112038349,-1.1099901739376037,0.8491410419312149,0.17487589511893434,-0.404365943111267,0.9048055324001227,0.38271364074285674,0.853056793629862,0.001192415045823164,-0.11162799739561437,-0.7394662468772634,-1.4401861473397315,0.9841231756854657,0
-0.8043672005990544,0.9009088760241706,-0.502969299721533,0.1389798225589911,-0.911310674287764,-0.4836327525161911,2.4413740852880284,0.853056793629862,2.314060385513859,1.6084391947673204,-0.997471732522988,-1.5592383414136133,-1.0161329645585022,1
-0.46546902347764374,0.9009088760241706,-1.179024470547907,0.36143124274348754,-0.7423290972289317,-1.177851894974348,-1.359229812333827,0.853056793629862,-0.5661148229935064,-1.487681751125962,-0.997471732522988,-0.051243883144444294,-1.0161329645585022,0
-0.8043672005990544,0.9009088760241706,-0.502969299721533,0.17945568440286902,-0.911310674287764,0.9048055324001227,0.38271364074285674,0.853056793629862,0.5114332445249834,-0.11162799739561437,-0.7394662468772634,1.0797519605574324,-1.0161329645585022,0
-0.9738162891597597,0.9009088760241706,-0.502969299721533,-0.07679142222169714,-0.7423290972289317,-1.177851894974348,-0.5674373336626071,0.2744324511807092,1.253296555807184,-0.6849837281165926,-0.997471732522988,-1.5790803737592602,-1.0161329645585022,1
-0.634918112038349,0.9009088760241706,-0.502969299721533,0.06516625320343693,-0.911310674287764,0.9048055324001227,0.38271364074285674,-1.461440576166749,-0.2707122375055717,0.003043148748581378,-0.4814607612315388,-0.38855843302044263,-1.0161329645585022,1
-1.143265377720465,0.9009088760241706,0.8491410419312149,0.1712120636917866,-0.911310674287764,0.9048055324001227,0.38271364074285674,0.853056793629862,0.3637319517810161,-0.11162799739561437,-0.997471732522988,-1.0235034680811452,0.9841231756854657,0
-0.8043672005990544,0.9009088760241706,0.8491410419312149,0.367527100204173,-0.911310674287764,-1.177851894974348,0.8577891279455886,0.853056793629862,0.6154955189582334,0.1177142948927768,-0.7394662468772634,0.5241750548793175,-1.0161329645585022,0
-0.9738162891597597,-1.1099901739376037,-0.502969299721533,0.19118942039584652,-0.911310674287764,0.9048055324001227,0.38271364074285674,-0.8828162337175963,-1.0427871768490378,-0.11162799739561437,-0.4814607612315388,1.6353288662355472,-1.0161329645585022,0
-0.9738162891597597,0.9009088760241706,-1.179024470547907,0.3637843068928195,-0.5733475201700994,-1.177851894974348,2.4413740852880284,0.2744324511807092,0.5114332445249834,1.1497546101905376,-0.4814607612315388,0.32575473142284794,0.9841231756854657,0
-0.2960199349169384,-1.1099901739376037,-0.502969299721533,0.20995076408313756,-0.5733475201700994,0.9048055324001227,0.38271364074285674,-1.461440576166749,0.23617174441122635,-0.11162799739561437,-0.997471732522988,-1.4203441149940845,0.9841231756854657,0
-0.634918112038349,-1.1099901739376037,-1.179024470547907,0.13068882471738522,-0.7423290972289317,-1.177851894974348,-0.04089533534624586,-0.3041918912684436,0.5114332445249834,-0.34097028968400567,-0.997471732522988,-1.0433455004267922,-1.0161329645585022,1
-0.46546902347764374,-1.1099901739376037,-1.179024470547907,0.3646844723727653,-0.911310674287764,0.21058638994196582,-0.7257958293968509,-0.3041918912684436,0.9343960373827085,-1.0289971665491795,-0.997471732522988,0.8813316371009629,0.9841231756854657,0
-0.634918112038349,0.9009088760241706,1.5251962127575889,0.2084978654137514,-0.911310674287764,0.9048055324001227,0.38271364074285674,0.2744324511807092,0.16232109803924238,-0.11162799739561437,-0.4814607612315388,-0.4282424977117365,0.9841231756854657,0
-0.2960199349169384,-1.1099901739376037,-1.179024470547907,0.23097041765871365,-0.7423290972289317,0.9048055324001227,0.38271364074285674,-1.461440576166749,-1.2979075915886182,-0.11162799739561437,-0.997471732522988,-0.6068207888225592,0.9841231756854657,0
-0.46546902347764374,0.9009088760241706,-0.502969299721533,0.22681702254949013,-0.404365943111267,0.9048055324001227,0.38271364074285674,-0.3041918912684436,0.5114332445249834,-0.11162799739561437,-0.997471732522988,-0.24966420660091387,-1.0161329645585022,0
-0.46546902347764374,0.9009088760241706,-0.502969299721533,0.24159868727281036,-0.5733475201700994,0.9048055324001227,0.38271364074285674,0.2744324511807092,-0.005521280078902488,-0.11162799739561437,-0.997471732522988,0.9805417988291976,-1.0161329645585022,0
-0.2960199349169384,-1.1099901739376037,-0.502969299721533,0.36686382037684456,-0.7423290972289317,-1.177851894974348,-0.7574675285436998,-0.3041918912684436,0.19588957366287124,-1.0289971665491795,-0.997471732522988,0.38528082845978884,0.9841231756854657,0
-0.46546902347764374,-1.1099901739376037,-1.179024470547907,0.3603099839877656,-0.404365943111267,-1.177851894974348,-0.3298995900612411,-1.461440576166749,0.007906110170548816,-0.7996548742607882,-0.7394662468772634,0.32575473142284794,-1.0161329645585022,0
-0.8043672005990544,0.9009088760241706,1.5251962127575889,0.36236299297711566,-0.5733475201700994,-1.177851894974348,-0.4090788379283631,-1.461440576166749,-0.7977373047965461,-0.7996548742607882,-0.997471732522988,-0.11076998018138517,-1.0161329645585022,0
-0.8043672005990544,0.9009088760241706,-0.502969299721533,0.14714448138586778,-0.911310674287764,0.9048055324001227,0.38271364074285674,1.4316811360790147,0.665848232393677,-0.11162799739561437,-0.997471732522988,0.6035431842619053,-1.0161329645585022,1
-0.634918112038349,0.9009088760241706,0.8491410419312149,0.26950381715112964,-0.5733475201700994,0.9048055324001227,0.38271364074285674,1.4316811360790147,-0.3680608168140954,-0.2262991435398101,-0.997471732522988,0.4844909901880236,0.9841231756854657,0
-0.8043672005990544,-1.1099901739376037,-0.502969299721533,0.36252091674552717,-0.404365943111267,-1.177851894974348,-0.09236184645987515,-0.8828162337175963,0.4543668359648142,-0.570312581972397,-0.997471732522988,1.2186461869769611,0.9841231756854657,0
-0.46546902347764374,-1.1099901739376037,-0.502969299721533,0.13776380954222225,-0.911310674287764,-1.177851894974348,1.6495816066168083,0.853056793629862,0.7094872507043943,1.035083464046342,-0.4814607612315388,0.4448069254967297,-1.0161329645585022,1
-0.2960199349169384,0.9009088760241706,-0.502969299721533,0.36109960282982334,-0.06640278899360229,-1.177851894974348,-0.17154109432699713,-0.8828162337175963,0.001192415045823164,-0.6849837281165926,-0.4814607612315388,-0.9441353386985575,0.9841231756854657,0
-0.8043672005990544,0.9009088760241706,0.8491410419312149,0.3640843620528014,-0.911310674287764,-1.177851894974348,-0.6822472430699339,-0.8828162337175963,-1.2005590122800942,-1.0289971665491795,-0.7394662468772634,0.6630692812988462,-1.0161329645585022,0
-0.634918112038349,-1.1099901739376037,1.5251962127575889,0.2727096696498839,-0.23538436605243465,0.9048055324001227,0.38271364074285674,0.2744324511807092,0.5651428055227898,-0.2262991435398101,-0.997471732522988,1.2186461869769611,0.9841231756854657,0
-0.2960199349169384,-1.1099901739376037,1.5251962127575889,0.13597927095917184,-0.404365943111267,-1.177851894974348,0.8577891279455886,-1.461440576166749,1.5688402266692962,0.3470565871811683,-0.7394662468772634,0.18686050500331922,-1.0161329645585022,1
-0.46546902347764374,0.9009088760241706,1.5251962127575889,0.36128911135191716,-0.911310674287764,-1.177851894974348,-0.804975077263973,0.853056793629862,-1.5496711587658354,-1.143668312693375,-0.7394662468772634,0.06780831092943747,-1.0161329645585022,0
-0.2960199349169384,-1.1099901739376037,0.8491410419312149,0.37093825360186233,-0.911310674287764,-1.177851894974348,-0.2507203421941191,-0.3041918912684436,-1.6705176710108995,-0.6849837281165926,-0.4814607612315388,-0.7258729828964409,0.9841231756854657,0
-0.9738162891597597,-1.1099901739376037,0.8491410419312149,0.26249200183365723,-0.5733475201700994,0.9048055324001227,0.38271364074285674,-0.8828162337175963,0.23617174441122635,-0.2262991435398101,-0.4814607612315388,0.2463866020402601,0.9841231756854657,0
-0.46546902347764374,-1.1099901739376037,0.8491410419312149,0.14005370418418958,-0.911310674287764,-1.177851894974348,0.38271364074285674,-0.3041918912684436,0.03476089066945202,0.003043148748581378,-0.4814607612315388,-0.8449251769703227,-1.0161329645585022,1
-1.143265377720465,0.9009088760241706,-1.179024470547907,-0.5610330733020048,-0.7423290972289317,0.21058638994196582,0.38271364074285674,0.853056793629862,-0.34120603631519225,1.4937680486231246,-0.4814607612315388,-0.8052411122790287,0.9841231756854657,0
-0.8043672005990544,0.9009088760241706,-1.179024470547907,0.26947223239744733,-0.911310674287764,0.9048055324001227,0.38271364074285674,0.2744324511807092,0.4745079213389917,-0.2262991435398101,-0.997471732522988,0.5837011519162584,0.9841231756854657,0
-0.8043672005990544,0.9009088760241706,1.5251962127575889,0.27263070776567816,-0.5733475201700994,0.9048055324001227,0.38271364074285674,0.2744324511807092,-1.4724636648314886,-0.2262991435398101,-0.4814607612315388,0.46464895784237664,-1.0161329645585022,0
-0.46546902347764374,-1.1099901739376037,1.5251962127575889,0.26353429870517336,-0.5733475201700994,0.9048055324001227,0.38271364074285674,-0.8828162337175963,0.665848232393677,-0.2262991435398101,-0.7394662468772634,-0.8052411122790287,0.9841231756854657,0
-0.634918112038349,0.9009088760241706,1.5251962127575889,-0.05142886501480369,-0.404365943111267,0.9048055324001227,0.38271364074285674,0.2744324511807092,1.5486991412951188,0.23238544103697253,-0.997471732522988,0.08765034327508442,-1.0161329645585022,1
-0.9738162891597597,-1.1099901739376037,-0.502969299721533,0.37054344418083346,-0.911310674287764,-1.177851894974348,1.3328646151483206,1.4316811360790147,0.001192415045823164,0.3470565871811683,-0.4814607612315388,0.9011736694466097,0.9841231756854657,0
-0.8043672005990544,-1.1099901739376037,0.8491410419312149,0.2647345193451011,-0.7423290972289317,0.9048055324001227,0.38271364074285674,1.4316811360790147,-0.1397951825734185,-0.2262991435398101,-0.4814607612315388,-0.11076998018138517,0.9841231756854657,0
-0.634918112038349,0.9009088760241706,0.8491410419312149,0.37523378010265623,-0.7423290972289317,-1.177851894974348,1.756473591237423,-0.8828162337175963,-0.33784918875282943,0.6910700256137552,-0.997471732522988,0.46464895784237664,0.9841231756854657,0
-0.634918112038349,-1.1099901739376037,0.8491410419312149,0.3733229025048766,-0.911310674287764,-1.177851894974348,0.38271364074285674,-0.3041918912684436,0.16232109803924238,-0.2262991435398101,-0.4814607612315388,-0.8052411122790287,0.9841231756854657,0
-0.8043672005990544,-1.1099901739376037,1.5251962127575889,0.3769709415551832,-0.911310674287764,-1.177851894974348,-0.5674373336626071,-0.8828162337175963,-0.33784918875282943,-0.9143260204049839,-0.7394662468772634,0.26622863438590705,-1.0161329645585022,0
-0.634918112038349,0.9009088760241706,0.8491410419312149,0.2734992884919416,-0.7423290972289317,0.9048055324001227,0.38271364074285674,0.853056793629862,0.8739727812601764,-0.2262991435398101,-0.7394662468772634,-0.9441353386985575,0.9841231756854657,0
-1.143265377720465,0.9009088760241706,-1.179024470547907,0.37941875996556207,-0.911310674287764,-1.177851894974348,1.47538726130914,1.4316811360790147,0.001192415045823164,0.4617277333253637,-0.997471732522988,-1.2616078562289088,0.9841231756854657,0
-0.2960199349169384,-1.1099901739376037,0.8491410419312149,0.37790269178881125,0.10257878806523006,-1.177851894974348,1.6495816066168083,-0.8828162337175963,0.001192415045823164,0.5763988794695595,-0.4814607612315388,0.9210157017922567,0.9841231756854657,0
-1.3127144662811705,-1.1099901739376037,-1.179024470547907,0.38382483310424403,-0.911310674287764,-1.177851894974348,0.38271364074285674,-1.461440576166749,-0.8447331706696268,-0.2262991435398101,-0.997471732522988,0.16701847265767225,0.9841231756854657,0
-0.8043672005990544,-1.1099901739376037,0.8491410419312149,-0.05326078072837756,-0.7423290972289317,0.9048055324001227,0.38271364074285674,0.2744324511807092,1.327147202179168,0.23238544103697253,-0.4814607612315388,-1.8767108589439645,-1.0161329645585022,1
-0.2960199349169384,0.9009088760241706,0.8491410419312149,0.2667559435807688,-0.5733475201700994,0.9048055324001227,0.38271364074285674,1.4316811360790147,0.27645391515958084,-0.2262991435398101,-0.7394662468772634,-1.9163949236352584,-1.0161329645585022,0
-0.9738162891597597,-1.1099901739376037,-0.502969299721533,0.3856251640641356,-0.911310674287764,-1.177851894974348,2.2830155895537843,0.853056793629862,-1.173704231781191,1.035083464046342,-0.997471732522988,0.9210157017922567,0.9841231756854657,0
-0.8043672005990544,0.9009088760241706,0.8491410419312149,0.38041367970655476,-0.911310674287764,-1.177851894974348,0.8577891279455886,0.853056793629862,-1.6705176710108995,0.003043148748581378,-0.997471732522988,0.4249648931510827,0.9841231756854657,0
-0.8043672005990544,0.9009088760241706,0.8491410419312149,0.3817402393612117,-0.911310674287764,-1.177851894974348,0.06599664927436881,1.4316811360790147,0.001192415045823164,-0.45564143582820127,-0.7394662468772634,1.0202258635204915,0.9841231756854657,0
-0.9738162891597597,0.9009088760241706,1.5251962127575889,0.27338874185405354,-0.5733475201700994,0.9048055324001227,0.38271364074285674,-0.8828162337175963,0.8269769153870962,-0.2262991435398101,-0.7394662468772634,0.9408577341379036,-1.0161329645585022,0
-0.46546902347764374,0.9009088760241706,0.8491410419312149,0.15584608102534367,-0.7423290972289317,0.9048055324001227,0.38271364074285674,1.4316811360790147,1.0418151593783211,-0.11162799739561437,-0.997471732522988,-0.7258729828964409,-1.0161329645585022,1
-0.8043672005990544,0.9009088760241706,1.5251962127575889,0.38502505374417173,-0.7423290972289317,-1.177851894974348,1.8079401023510524,-0.8828162337175963,-0.707102420612748,0.6910700256137552,-0.4814607612315388,0.20670253734896618,0.9841231756854657,0
-0.634918112038349,0.9009088760241706,-1.179024470547907,0.2677350709449204,-0.911310674287764,0.9048055324001227,0.38271364074285674,1.4316811360790147,-1.2475548781531747,-0.2262991435398101,-0.7394662468772634,0.8614896047553159,0.9841231756854657,0
-0.46546902347764374,-1.1099901739376037,0.8491410419312149,0.2725359535046312,-0.5733475201700994,0.9048055324001227,0.38271364074285674,-0.3041918912684436,-0.21700267650776528,-0.2262991435398101,-0.7394662468772634,0.7622794430270811,-1.0161329645585022,0
-1.143265377720465,0.9009088760241706,0.8491410419312149,0.3866042914282872,-0.911310674287764,-1.177851894974348,-0.18737694390042153,1.4316811360790147,0.001192415045823164,-0.6849837281165926,-0.4814607612315388,-1.3012919209202027,0.9841231756854657,0
-0.9738162891597597,0.9009088760241706,1.5251962127575889,0.3794977218497678,-0.911310674287764,-1.177851894974348,0.06599664927436881,-0.8828162337175963,0.16232109803924238,-0.45564143582820127,-0.997471732522988,0.32575473142284794,-1.0161329645585022,0
-0.8043672005990544,0.9009088760241706,0.8491410419312149,0.28385908769973867,-0.911310674287764,0.9048055324001227,0.38271364074285674,0.853056793629862,-0.707102420612748,-0.2262991435398101,-0.7394662468772634,-1.7775006972157297,0.9841231756854657,0
-0.8043672005990544,-1.1099901739376037,-0.502969299721533,0.28697018593744605,-0.911310674287764,0.9048055324001227,0.38271364074285674,0.853056793629862,1.7736079279734327,-0.2262991435398101,-0.4814607612315388,0.06780831092943747,0.9841231756854657,0
-0.46546902347764374,0.9009088760241706,-0.502969299721533,0.3827509514790456,-0.06640278899360229,-1.177851894974348,0.5410721364771007,1.4316811360790147,-0.8447331706696268,-0.2262991435398101,-0.4814607612315388,0.6630692812988462,0.9841231756854657,0
-0.634918112038349,-1.1099901739376037,1.5251962127575889,-0.56780800296686,-0.5733475201700994,0.21058638994196582,-0.7257958293968509,0.853056793629862,0.8336906105118219,-0.34097028968400567,-0.4814607612315388,0.7027533459901402,-1.0161329645585022,0
-0.46546902347764374,-1.1099901739376037,-0.502969299721533,0.38902052508498375,-0.06640278899360229,-1.177851894974348,-0.2507203421941191,-0.8828162337175963,-1.2475548781531747,-0.6849837281165926,-0.997471732522988,0.12733440796637835,-1.0161329645585022,0
-1.143265377720465,0.9009088760241706,0.8491410419312149,0.30884262786244443,-0.911310674287764,0.9048055324001227,0.38271364074285674,1.4316811360790147,1.4110683912382405,-0.2262991435398101,-0.4814607612315388,-0.36871640067479566,-1.0161329645585022,0
-0.9738162891597597,-1.1099901739376037,0.8491410419312149,0.29931982462722856,-0.911310674287764,0.9048055324001227,0.38271364074285674,-0.8828162337175963,0.8538316958859994,-0.2262991435398101,-0.4814607612315388,-2.1743413441286688,0.9841231756854657,0
-0.634918112038349,0.9009088760241706,1.5251962127575889,0.3835879474516267,-0.5733475201700994,-1.177851894974348,0.8577891279455886,-0.8828162337175963,-1.7510820125076092,0.003043148748581378,-0.7394662468772634,0.5638591195706114,-1.0161329645585022,0
-0.2960199349169384,0.9009088760241706,1.5251962127575889,0.3831931380305979,-0.7423290972289317,-1.177851894974348,-0.7257958293968509,1.4316811360790147,0.03811773823181484,-1.0289971665491795,-0.997471732522988,-0.6465048535138531,-1.0161329645585022,0
-0.634918112038349,-1.1099901739376037,0.8491410419312149,0.385561994556771,-0.23538436605243465,-1.177851894974348,1.0161476236798326,-0.3041918912684436,0.03811773823181484,0.1177142948927768,-0.7394662468772634,-0.9242933063529105,0.9841231756854657,0
-0.46546902347764374,0.9009088760241706,1.5251962127575889,0.314433129264213,-0.5733475201700994,0.9048055324001227,0.38271364074285674,-0.8828162337175963,-0.005521280078902488,-0.2262991435398101,-0.7394662468772634,1.0202258635204915,0.9841231756854657,0
-0.2960199349169384,0.9009088760241706,-0.502969299721533,0.3866042914282872,0.10257878806523006,-1.177851894974348,-0.052772222526314166,-1.461440576166749,0.03811773823181484,-0.570312581972397,-0.4814607612315388,0.9805417988291976,-1.0161329645585022,0
-0.2960199349169384,-1.1099901739376037,-0.502969299721533,0.32209243203217275,-0.23538436605243465,0.9048055324001227,0.38271364074285674,-0.3041918912684436,-1.3751150855229646,-0.2262991435398101,-0.4814607612315388,0.8416475724096689,0.9841231756854657,0
-0.8043672005990544,-1.1099901739376037,1.5251962127575889,0.32346636881735313,-0.911310674287764,0.9048055324001227,0.38271364074285674,1.4316811360790147,-1.173704231781191,-0.2262991435398101,-0.7394662468772634,-1.2417658238832618,0.9841231756854657,0
-0.9738162891597597,-1.1099901739376037,-1.179024470547907,0.3736861271722231,-0.5733475201700994,-1.177851894974348,2.4413740852880284,-0.8828162337175963,0.27645391515958084,1.1497546101905376,-0.4814607612315388,0.08765034327508442,0.9841231756854657,0
-0.9738162891597597,0.9009088760241706,-0.502969299721533,0.3866674609356518,-0.911310674287764,-1.177851894974348,0.06599664927436881,-1.461440576166749,-0.6936750303632967,-0.45564143582820127,-0.4814607612315388,1.0599099282117854,-1.0161329645585022,0
-0.2960199349169384,0.9009088760241706,-1.179024470547907,0.3887204699250018,-0.404365943111267,-1.177851894974348,1.0161476236798326,1.4316811360790147,1.092167872813765,0.1177142948927768,-0.4814607612315388,0.6630692812988462,-1.0161329645585022,0
-0.8043672005990544,0.9009088760241706,-1.179024470547907,0.3893363726218068,-0.7423290972289317,-1.177851894974348,2.4413740852880284,0.2744324511807092,0.001192415045823164,1.1497546101905376,-0.7394662468772634,0.4249648931510827,0.9841231756854657,0
-0.9738162891597597,-1.1099901739376037,0.8491410419312149,-0.5685344523015531,-0.911310674287764,0.21058638994196582,-0.5674373336626071,1.4316811360790147,-0.707102420612748,0.003043148748581378,-0.7394662468772634,-1.7775006972157297,0.9841231756854657,0
-0.9738162891597597,0.9009088760241706,1.5251962127575889,0.3225662033374074,-0.911310674287764,0.9048055324001227,0.38271364074285674,-1.461440576166749,0.23617174441122635,-0.2262991435398101,-0.4814607612315388,0.06780831092943747,-1.0161329645585022,0
-0.2960199349169384,-1.1099901739376037,1.5251962127575889,0.32946747201699167,-0.23538436605243465,0.9048055324001227,0.38271364074285674,-1.461440576166749,-0.34120603631519225,-0.2262991435398101,-0.7394662468772634,0.38528082845978884,0.9841231756854657,0
-0.634918112038349,-1.1099901739376037,-0.502969299721533,-0.04842831341498441,-0.7423290972289317,-1.177851894974348,0.6994306322113446,0.2744324511807092,2.206641263518246,0.4617277333253637,-0.4814607612315388,1.1988041546313142,-1.0161329645585022,1
-0.8043672005990544,-1.1099901739376037,-0.502969299721533,0.38677800757353986,-0.911310674287764,-1.177851894974348,1.0161476236798326,0.853056793629862,0.4040141225293712,0.1177142948927768,-0.7394662468772634,-2.114815247091728,0.9841231756854657,0
-0.634918112038349,0.9009088760241706,1.5251962127575889,0.32738287827395934,-0.5733475201700994,0.9048055324001227,0.38271364074285674,0.853056793629862,0.7464125738903866,-0.2262991435398101,-0.7394662468772634,-0.03140185079879733,-1.0161329645585022,0
-0.634918112038349,-1.1099901739376037,-1.179024470547907,0.38327209991480365,-0.404365943111267,-1.177851894974348,0.8577891279455886,1.4316811360790147,0.7229146409538463,0.003043148748581378,-0.7394662468772634,0.5043330225336705,0.9841231756854657,0
-0.46546902347764374,-1.1099901739376037,0.8491410419312149,-0.05738259108391878,-0.404365943111267,-1.177851894974348,-1.042512820865339,0.2744324511807092,-0.11965409719924096,-1.143668312693375,-0.997471732522988,0.9606997664835506,-1.0161329645585022,1
-0.634918112038349,0.9009088760241706,0.8491410419312149,0.15466165276225713,-0.404365943111267,-1.177851894974348,-0.2507203421941191,-1.461440576166749,1.4110683912382405,-0.570312581972397,-0.7394662468772634,-0.03140185079879733,-1.0161329645585022,1
-0.2960199349169384,-1.1099901739376037,0.8491410419312149,0.3441070053487415,-0.911310674287764,0.9048055324001227,0.38271364074285674,-0.8828162337175963,0.001192415045823164,-0.2262991435398101,-0.997471732522988,-1.3012919209202027,-1.0161329645585022,0
-0.634918112038349,-1.1099901739376037,0.8491410419312149,0.34279623807092574,-0.5733475201700994,0.9048055324001227,0.38271364074285674,0.853056793629862,-1.3751150855229646,-0.2262991435398101,-0.997471732522988,-0.24966420660091387,0.9841231756854657,0
-0.46546902347764374,0.9009088760241706,0.8491410419312149,0.389968067695453,0.10257878806523006,-1.177851894974348,-0.2507203421941191,-0.8828162337175963,0.23617174441122635,-0.6849837281165926,-0.4814607612315388,-0.07108591549009124,0.9841231756854657,0
-0.8043672005990544,-1.1099901739376037,-1.179024470547907,0.23269178673439944,-0.911310674287764,0.9048055324001227,0.38271364074285674,-0.3041918912684436,1.327147202179168,-0.11162799739561437,-0.4814607612315388,0.5638591195706114,-1.0161329645585022,1
-0.8043672005990544,-1.1099901739376037,0.8491410419312149,0.3884204147650199,-0.5733475201700994,-1.177851894974348,1.6495816066168083,1.4316811360790147,-1.3751150855229646,0.5763988794695595,-0.997471732522988,-0.9242933063529105,0.9841231756854657,0
-0.634918112038349,-1.1099901739376037,1.5251962127575889,0.39251064036687877,-0.7423290972289317,-1.177851894974348,1.6495816066168083,0.2744324511807092,-1.2475548781531747,0.5763988794695595,-0.7394662468772634,1.4369085427790778,-1.0161329645585022,0
-0.634918112038349,0.9009088760241706,-0.502969299721533,0.38505663849785404,-0.404365943111267,-1.177851894974348,1.0478193228266814,0.853056793629862,0.001192415045823164,0.23238544103697253,-0.4814607612315388,-1.0830295651180861,-1.0161329645585022,0
-0.9738162891597597,-1.1099901739376037,-0.502969299721533,0.25085302010172666,-0.911310674287764,0.9048055324001227,0.38271364074285674,-1.461440576166749,1.6594751108530943,-0.11162799739561437,-0.7394662468772634,-0.4282424977117365,-1.0161329645585022,1
-0.46546902347764374,-1.1099901739376037,1.5251962127575889,0.3648897732717003,-0.7423290972289317,0.9048055324001227,0.38271364074285674,-1.461440576166749,0.4745079213389917,-0.2262991435398101,-0.4814607612315388,1.5162766721616654,-1.0161329645585022,0
-0.8043672005990544,0.9009088760241706,0.8491410419312149,0.16138920529658876,-0.7423290972289317,-1.177851894974348,-0.09236184645987515,-0.3041918912684436,-1.1233515183457474,-0.45564143582820127,-0.997471732522988,-0.7258729828964409,-1.0161329645585022,1
-0.634918112038349,-1.1099901739376037,0.8491410419312149,0.38963642778178875,-0.7423290972289317,-1.177851894974348,0.4143853398897055,-1.461440576166749,-1.2475548781531747,-0.2262991435398101,-0.7394662468772634,-1.5195542767223194,0.9841231756854657,0
-0.9738162891597597,0.9009088760241706,0.8491410419312149,0.3948163273856873,-0.911310674287764,-1.177851894974348,2.2830155895537843,0.853056793629862,0.954537122756886,1.035083464046342,-0.997471732522988,-0.011559818453150373,-1.0161329645585022,0
-0.8043672005990544,-1.1099901739376037,0.8491410419312149,0.3843617739168433,-0.7423290972289317,0.21058638994196582,1.0161476236798326,-0.8828162337175963,0.2865244578466693,0.1177142948927768,-0.7394662468772634,0.3455967637684949,0.9841231756854657,0
-0.8043672005990544,-1.1099901739376037,0.8491410419312149,0.3880729824745145,-0.404365943111267,-1.177851894974348,0.6994306322113446,1.4316811360790147,-1.2475548781531747,-0.11162799739561437,-0.7394662468772634,-1.2616078562289088,0.9841231756854657,0
-0.2960199349169384,0.9009088760241706,0.8491410419312149,0.3942320094425646,-0.23538436605243465,-1.177851894974348,-0.8366467764108217,-0.3041918912684436,-1.1233515183457474,-1.143668312693375,-0.997471732522988,-0.09092794783573821,-1.0161329645585022,0
-0.634918112038349,0.9009088760241706,1.5251962127575889,0.3936318991226007,-0.5733475201700994,-1.177851894974348,-0.13195147039343613,-0.8828162337175963,0.5752133482098789,-0.6849837281165926,-0.997471732522988,-1.7378166325244357,0.9841231756854657,0
-0.8043672005990544,0.9009088760241706,0.8491410419312149,0.39492687402357535,-0.7423290972289317,-1.177851894974348,1.6495816066168083,0.853056793629862,0.5114332445249834,0.5763988794695595,-0.997471732522988,-0.8250831446246757,-1.0161329645585022,0
-0.46546902347764374,-1.1099901739376037,0.8491410419312149,0.3652845826927292,-0.911310674287764,0.9048055324001227,0.38271364074285674,-0.8828162337175963,0.001192415045823164,-0.2262991435398101,-0.997471732522988,-0.03140185079879733,0.9841231756854657,0
-0.8043672005990544,0.9009088760241706,-1.179024470547907,0.4024440453999647,-0.7423290972289317,-1.177851894974348,0.06599664927436881,0.853056793629862,-0.8447331706696268,-0.570312581972397,-0.4814607612315388,-1.0433455004267922,0.9841231756854657,0
-0.8043672005990544,0.9009088760241706,0.8491410419312149,-0.037610535278793863,-0.06640278899360229,-1.177851894974348,-0.963333572998217,0.2744324511807092,-1.0427871768490378,-1.0289971665491795,-0.7394662468772634,0.5241750548793175,-1.0161329645585022,1
-0.634918112038349,-1.1099901739376037,0.8491410419312149,0.4042443763598563,-0.911310674287764,-1.177851894974348,-0.5674373336626071,0.853056793629862,-0.11965409719924096,-0.9143260204049839,-0.4814607612315388,0.286070666731554,0.9841231756854657,0
-0.634918112038349,0.9009088760241706,0.8491410419312149,0.4022545368778709,-0.5733475201700994,-1.177851894974348,-0.8841543251310949,1.4316811360790147,-1.6705176710108995,-1.143668312693375,-0.997471732522988,-1.7179746001787888,0.9841231756854657,0
-0.634918112038349,-1.1099901739376037,-0.502969299721533,-0.03950562049973235,-0.7423290972289317,-1.177851894974348,4.024959042630468,0.2744324511807092,0.001192415045823164,3.5578486792186466,-0.7394662468772634,0.5638591195706114,-1.0161329645585022,1
-0.8043672005990544,0.9009088760241706,-0.502969299721533,0.3644949638506714,-0.911310674287764,0.9048055324001227,0.38271364074285674,0.853056793629862,-0.21364582894540246,-0.2262991435398101,-0.4814607612315388,0.10749237562073138,-1.0161329645585022,0
-0.8043672005990544,-1.1099901739376037,-1.179024470547907,0.40441809250510896,-0.06640278899360229,-1.177851894974348,1.1745061194140765,0.2744324511807092,-1.173704231781191,0.23238544103697253,-0.7394662468772634,-2.0552891500547874,0.9841231756854657,0
-0.8043672005990544,-1.1099901739376037,-0.502969299721533,0.36455813335803605,-0.404365943111267,0.9048055324001227,0.38271364074285674,0.2744324511807092,0.001192415045823164,-0.2262991435398101,-0.997471732522988,0.286070666731554,0.9841231756854657,0
-0.9738162891597597,-1.1099901739376037,0.8491410419312149,0.17702365836933132,-0.7423290972289317,-1.177851894974348,-0.2507203421941191,0.853056793629862,1.6729025011025462,-0.570312581972397,-0.4814607612315388,-2.2140254088199627,-1.0161329645585022,1
-0.8043672005990544,0.9009088760241706,-1.179024470547907,0.4033126261262282,-0.23538436605243465,-1.177851894974348,-0.2507203421941191,-0.8828162337175963,-1.6839450612603513,-0.6849837281165926,-0.4814607612315388,-2.69023418511549,0.9841231756854657,0
-0.46546902347764374,-1.1099901739376037,0.8491410419312149,0.13226806240150063,-0.06640278899360229,0.9048055324001227,0.38271364074285674,1.4316811360790147,0.001192415045823164,0.003043148748581378,-0.997471732522988,-0.7258729828964409,-1.0161329645585022,1
-0.9738162891597597,-1.1099901739376037,-1.179024470547907,0.4062026310881594,-0.911310674287764,-1.177851894974348,-1.240460940533144,-1.461440576166749,-1.1804179269059165,-1.3730106049817663,-0.4814607612315388,-2.5910240233872552,0.9841231756854657,0
-0.8043672005990544,-1.1099901739376037,-1.179024470547907,0.17918721399656942,-0.911310674287764,-1.177851894974348,-0.2507203421941191,0.853056793629862,-1.1804179269059165,-0.570312581972397,-0.4814607612315388,0.16701847265767225,-1.0161329645585022,1
-0.634918112038349,-1.1099901739376037,-1.179024470547907,0.3987960063496581,-0.404365943111267,-1.177851894974348,0.8577891279455886,1.4316811360790147,0.001192415045823164,0.003043148748581378,-0.997471732522988,1.0202258635204915,-1.0161329645585022,0
-0.2960199349169384,-1.1099901739376037,1.5251962127575889,0.4009753543537374,0.2715603651240624,-1.177851894974348,0.06599664927436881,-1.461440576166749,-0.34120603631519225,-0.570312581972397,-0.7394662468772634,1.258330251668255,0.9841231756854657,0
-0.9738162891597597,0.9009088760241706,-0.502969299721533,0.4096611616163721,-0.911310674287764,-1.177851894974348,0.25602684415546156,0.853056793629862,-0.8447331706696268,-0.34097028968400567,-0.4814607612315388,1.1194360252487263,0.9841231756854657,0
-0.9738162891597597,-1.1099901739376037,-1.179024470547907,0.36108381045298216,-0.911310674287764,0.9048055324001227,0.38271364074285674,-0.8828162337175963,0.6154955189582334,-0.2262991435398101,-0.4814607612315388,-0.03140185079879733,-1.0161329645585022,0
-0.8043672005990544,0.9009088760241706,0.8491410419312149,0.3675744773346965,-0.911310674287764,0.9048055324001227,0.38271364074285674,0.2744324511807092,-0.46205254856025635,-0.2262991435398101,-0.997471732522988,-1.4005020826484376,0.9841231756854657,0
-0.8043672005990544,0.9009088760241706,1.5251962127575889,0.3636579678780903,-0.911310674287764,0.9048055324001227,0.38271364074285674,1.4316811360790147,0.7229146409538463,-0.2262991435398101,-0.4814607612315388,1.6154868338899002,0.9841231756854657,0
-0.9738162891597597,0.9009088760241706,-1.179024470547907,0.4046865629114086,-0.911310674287764,-1.177851894974348,-0.2507203421941191,1.4316811360790147,-1.7510820125076092,-0.6849837281165926,-0.7394662468772634,-0.9044512740072636,0.9841231756854657,0
-1.143265377720465,-1.1099901739376037,-0.502969299721533,0.3618102597876752,-0.911310674287764,0.9048055324001227,0.38271364074285674,1.4316811360790147,0.3234497810326616,-0.2262991435398101,-0.997471732522988,0.7027533459901402,0.9841231756854657,0
-0.8043672005990544,-1.1099901739376037,1.5251962127575889,0.4115562468373106,-0.7423290972289317,-1.177851894974348,0.06599664927436881,-0.8828162337175963,-1.2475548781531747,-0.570312581972397,-0.4814607612315388,0.38528082845978884,0.9841231756854657,0
-0.634918112038349,0.9009088760241706,1.5251962127575889,0.38390379498844984,-0.23538436605243465,0.9048055324001227,0.38271364074285674,-0.3041918912684436,-0.11965409719924096,-0.2262991435398101,-0.7394662468772634,1.9131173190746047,-1.0161329645585022,0
-0.634918112038349,0.9009088760241706,1.5251962127575889,0.40054896017902625,-0.7423290972289317,-1.177851894974348,0.06599664927436881,0.2744324511807092,-0.21700267650776528,-0.570312581972397,-0.7394662468772634,0.6432272489531993,-1.0161329645585022,0
-0.2960199349169384,-1.1099901739376037,-0.502969299721533,0.3880729824745145,-0.5733475201700994,0.9048055324001227,0.38271364074285674,-0.8828162337175963,0.665848232393677,-0.34097028968400567,-0.997471732522988,0.5241750548793175,0.9841231756854657,0
-0.46546902347764374,0.9009088760241706,0.8491410419312149,0.4029020243283582,-0.06640278899360229,-1.177851894974348,-0.4090788379283631,-0.3041918912684436,-1.173704231781191,-0.7996548742607882,-0.4814607612315388,-1.0830295651180861,0.9841231756854657,0
-0.8043672005990544,0.9009088760241706,-0.502969299721533,0.4002489050190443,-0.5733475201700994,-1.177851894974348,0.8577891279455886,-1.461440576166749,1.1223795008750308,0.003043148748581378,-0.997471732522988,-1.4600281796853785,0.9841231756854657,0
-0.634918112038349,0.9009088760241706,0.8491410419312149,0.4061868387113182,-0.7423290972289317,0.9048055324001227,0.38271364074285674,1.4316811360790147,-0.7138161157374736,-0.34097028968400567,-0.7394662468772634,-0.26950623894656084,0.9841231756854657,0
-0.634918112038349,0.9009088760241706,-0.502969299721533,0.4122826961720037,-0.404365943111267,0.9048055324001227,0.38271364074285674,-1.461440576166749,0.561785957960427,-0.34097028968400567,-0.4814607612315388,0.7027533459901402,0.9841231756854657,0
-0.8043672005990544,0.9009088760241706,1.5251962127575889,0.39930136240857506,-0.911310674287764,-1.177851894974348,0.38271364074285674,-0.8828162337175963,0.5785701957722418,-0.34097028968400567,-0.997471732522988,-0.7060309505507939,0.9841231756854657,0
-0.2960199349169384,0.9009088760241706,0.8491410419312149,0.4224056097271835,-0.23538436605243465,0.9048055324001227,0.38271364074285674,0.853056793629862,0.4745079213389917,-0.34097028968400567,-0.997471732522988,-2.134657279437375,0.9841231756854657,0
-0.9738162891597597,0.9009088760241706,-0.502969299721533,0.40467077053456746,-0.911310674287764,-1.177851894974348,-1.2800505644667048,-0.8828162337175963,-0.005521280078902488,-1.487681751125962,-0.4814607612315388,0.9805417988291976,0.9841231756854657,0
-0.2960199349169384,0.9009088760241706,-0.502969299721533,0.4026651386757409,0.10257878806523006,-1.177851894974348,2.4413740852880284,-1.461440576166749,0.5785701957722418,1.1497546101905376,-0.997471732522988,1.2186461869769611,0.9841231756854657,0
-0.2960199349169384,0.9009088760241706,-0.502969299721533,0.4022387445010297,-0.404365943111267,-1.177851894974348,0.8577891279455886,-1.461440576166749,-0.12972463988633004,0.003043148748581378,-0.997471732522988,0.782121475372728,0.9841231756854657,0
-0.634918112038349,0.9009088760241706,0.8491410419312149,0.40583940642081284,-0.911310674287764,-1.177851894974348,2.4413740852880284,-0.3041918912684436,-0.005521280078902488,1.1497546101905376,-0.997471732522988,-0.44808453005738347,0.9841231756854657,0
-0.634918112038349,0.9009088760241706,-0.502969299721533,0.4022861216315532,-0.7423290972289317,-1.177851894974348,0.38271364074285674,-0.3041918912684436,-0.811164695045998,-0.34097028968400567,-0.7394662468772634,-0.46792656240303043,0.9841231756854657,0
-0.9738162891597597,-1.1099901739376037,-0.502969299721533,-0.5613331284619868,-0.911310674287764,0.21058638994196582,0.7786098800784667,-0.8828162337175963,-0.005521280078902488,2.1817949254882985,-0.7394662468772634,0.9011736694466097,0.9841231756854657,0
-0.8043672005990544,0.9009088760241706,0.8491410419312149,0.39619026417086767,-0.5733475201700994,-1.177851894974348,2.4413740852880284,0.853056793629862,1.327147202179168,1.1497546101905376,-0.997471732522988,-1.8568688265983175,-1.0161329645585022,0
-0.634918112038349,0.9009088760241706,0.8491410419312149,-0.5622017091882503,-0.7423290972289317,0.21058638994196582,0.38271364074285674,0.2744324511807092,0.001192415045823164,1.4937680486231246,-0.7394662468772634,-0.11076998018138517,0.9841231756854657,0
-0.8043672005990544,-1.1099901739376037,0.8491410419312149,-0.040990103922800836,-0.911310674287764,-1.177851894974348,0.8577891279455886,0.2744324511807092,0.6255660616453219,0.5763988794695595,-0.4814607612315388,-0.6663468858595001,-1.0161329645585022,1
-0.46546902347764374,0.9009088760241706,-0.502969299721533,0.40361268128621014,-0.911310674287764,0.21058638994196582,-0.646616581529729,-0.8828162337175963,1.2096575374964662,-1.0289971665491795,-0.997471732522988,-2.5116558940046674,0.9841231756854657,0
-0.9738162891597597,-1.1099901739376037,0.8491410419312149,0.40342317276411627,-0.911310674287764,0.21058638994196582,0.06599664927436881,-0.8828162337175963,-0.811164695045998,-0.570312581972397,-0.7394662468772634,-1.8965528912896115,-1.0161329645585022,0
-0.46546902347764374,0.9009088760241706,-0.502969299721533,0.4006121296863908,-0.404365943111267,-1.177851894974348,0.5410721364771007,0.2744324511807092,0.0851136041048956,-0.2262991435398101,-0.7394662468772634,0.5440170872249644,0.9841231756854657,0
-0.8043672005990544,0.9009088760241706,-0.502969299721533,0.40362847366305127,-0.911310674287764,-1.177851894974348,0.06599664927436881,-0.8828162337175963,0.001192415045823164,-0.570312581972397,-0.4814607612315388,0.38528082845978884,0.9841231756854657,0
-0.2960199349169384,0.9009088760241706,1.5251962127575889,0.40277568531362895,-0.23538436605243465,-1.177851894974348,-1.359229812333827,1.4316811360790147,0.2965950005337584,-1.487681751125962,-0.7394662468772634,0.5043330225336705,0.9841231756854657,0
-0.9738162891597597,-1.1099901739376037,-1.179024470547907,0.4085399028606502,-0.911310674287764,-1.177851894974348,-0.2507203421941191,0.853056793629862,0.4040141225293712,-0.6849837281165926,-0.4814607612315388,0.7424374106814341,0.9841231756854657,0
-0.634918112038349,0.9009088760241706,0.8491410419312149,-0.5632597984366076,-0.911310674287764,0.21058638994196582,-0.8841543251310949,1.4316811360790147,0.6893461653302174,-0.570312581972397,-0.7394662468772634,1.1591200899400202,-1.0161329645585022,0
-0.634918112038349,-1.1099901739376037,0.8491410419312149,0.4615391195395633,-0.911310674287764,0.9048055324001227,0.38271364074285674,0.853056793629862,-0.3680608168140954,-0.34097028968400567,-0.997471732522988,0.10749237562073138,-1.0161329645585022,0
-0.8043672005990544,0.9009088760241706,-0.502969299721533,0.412108980026751,-0.911310674287764,-1.177851894974348,-0.963333572998217,-0.8828162337175963,-0.5661148229935064,-1.2583394588375707,-0.7394662468772634,0.8813316371009629,0.9841231756854657,0
-0.2960199349169384,0.9009088760241706,1.5251962127575889,0.4053656351155782,-0.404365943111267,-1.177851894974348,0.8577891279455886,-0.3041918912684436,1.253296555807184,0.003043148748581378,-0.7394662468772634,1.317856348705196,-1.0161329645585022,0
-0.8043672005990544,0.9009088760241706,1.5251962127575889,0.3997277565832862,-0.911310674287764,-1.177851894974348,-0.3298995900612411,0.853056793629862,0.09182729922962125,-0.7996548742607882,-0.997471732522988,1.238488219322608,-1.0161329645585022,0
-0.2960199349169384,0.9009088760241706,0.8491410419312149,0.4634657895141841,-0.23538436605243465,0.9048055324001227,0.38271364074285674,-0.8828162337175963,0.001192415045823164,-0.34097028968400567,-0.7394662468772634,0.12733440796637835,0.9841231756854657,0
-0.8043672005990544,-1.1099901739376037,1.5251962127575889,0.4565013513272351,-0.5733475201700994,0.9048055324001227,0.38271364074285674,0.2744324511807092,-0.707102420612748,-0.34097028968400567,-0.7394662468772634,0.38528082845978884,0.9841231756854657,0
-0.8043672005990544,0.9009088760241706,0.8491410419312149,-0.5646495275986292,-0.5733475201700994,0.21058638994196582,-0.646616581529729,-0.8828162337175963,-1.8752853723150364,-0.2262991435398101,-0.997471732522988,-0.09092794783573821,-1.0161329645585022,0
-0.8043672005990544,0.9009088760241706,1.5251962127575889,0.40274410055994664,-0.911310674287764,-1.177851894974348,0.06599664927436881,1.4316811360790147,-1.371758237960602,-0.570312581972397,-0.7394662468772634,-0.7258729828964409,-1.0161329645585022,0
-0.634918112038349,0.9009088760241706,-1.179024470547907,0.4144146670455595,-0.911310674287764,-1.177851894974348,0.38271364074285674,1.4316811360790147,-1.8752853723150364,-0.34097028968400567,-0.997471732522988,-1.5393963090679663,0.9841231756854657,0
-0.2960199349169384,0.9009088760241706,1.5251962127575889,0.40493924094086703,-0.5733475201700994,-1.177851894974348,0.0026532509806712224,0.2744324511807092,-1.6839450612603513,-0.570312581972397,-0.4814607612315388,1.6750129309268411,-1.0161329645585022,0
-0.2960199349169384,-1.1099901739376037,-0.502969299721533,0.41185630199729256,-0.404365943111267,-1.177851894974348,-0.5674373336626071,1.4316811360790147,-0.2438574570066685,-0.9143260204049839,-0.4814607612315388,0.0479662785837905,-1.0161329645585022,0
-0.9738162891597597,0.9009088760241706,0.8491410419312149,0.4611916872490579,-0.5733475201700994,0.9048055324001227,0.38271364074285674,0.853056793629862,0.4745079213389917,-0.34097028968400567,-0.4814607612315388,0.3455967637684949,0.9841231756854657,0
-0.8043672005990544,-1.1099901739376037,-1.179024470547907,-0.5628807813924199,-0.911310674287764,0.21058638994196582,-0.2507203421941191,1.4316811360790147,1.5587696839822078,0.4617277333253637,-0.4814607612315388,-2.4719718293133734,0.9841231756854657,0
-1.143265377720465,0.9009088760241706,-0.502969299721533,0.41405144237821295,-0.911310674287764,0.21058638994196582,0.38271364074285674,-0.8828162337175963,0.001192415045823164,-0.34097028968400567,-0.997471732522988,-0.36871640067479566,-1.0161329645585022,0
-0.46546902347764374,0.9009088760241706,-1.179024470547907,0.23166528223972443,-0.06640278899360229,0.9048055324001227,0.38271364074285674,0.853056793629862,1.0351014642535956,-0.11162799739561437,-0.7394662468772634,0.3654387961141419,-1.0161329645585022,1
-0.9738162891597597,-1.1099901739376037,-1.179024470547907,0.45743310156086325,-0.7423290972289317,0.9048055324001227,0.38271364074285674,1.4316811360790147,-1.7510820125076092,-0.34097028968400567,-0.997471732522988,-0.2893482712922078,-1.0161329645585022,0
-0.9738162891597597,0.9009088760241706,-1.179024470547907,0.4585859450702675,-0.911310674287764,0.9048055324001227,0.38271364074285674,1.4316811360790147,0.001192415045823164,-0.34097028968400567,-0.4814607612315388,1.0797519605574324,-1.0161329645585022,0
-0.634918112038349,-1.1099901739376037,1.5251962127575889,0.40838197909223867,-0.404365943111267,-1.177851894974348,0.06599664927436881,0.2744324511807092,-1.623521805137819,-0.570312581972397,-0.4814607612315388,1.0599099282117854,0.9841231756854657,0
-1.143265377720465,0.9009088760241706,-1.179024470547907,0.41406723475505414,-0.911310674287764,-1.177851894974348,2.4413740852880284,0.853056793629862,0.9981761410676039,1.1497546101905376,-0.7394662468772634,0.782121475372728,0.9841231756854657,0
-0.8043672005990544,-1.1099901739376037,-0.502969299721533,0.41858385453162417,-0.7423290972289317,-1.177851894974348,-1.2642147148932805,0.853056793629862,-0.37813135950118393,-1.3730106049817663,-0.997471732522988,1.3773824457421369,-1.0161329645585022,0
-0.2960199349169384,0.9009088760241706,1.5251962127575889,0.4103244414437006,-0.404365943111267,-0.4836327525161911,-0.3298995900612411,1.4316811360790147,1.357358830240434,-0.7996548742607882,-0.997471732522988,0.028124246238143545,0.9841231756854657,0
-0.634918112038349,0.9009088760241706,-0.502969299721533,0.413340785420361,-0.06640278899360229,0.21058638994196582,-0.4090788379283631,1.4316811360790147,-0.7138161157374736,-0.7996548742607882,-0.7394662468772634,-2.5910240233872552,0.9841231756854657,0
-1.143265377720465,0.9009088760241706,-0.502969299721533,0.41038761095106524,-0.911310674287764,-1.177851894974348,0.38271364074285674,-0.8828162337175963,-1.6839450612603513,-0.34097028968400567,-0.997471732522988,-2.5910240233872552,0.9841231756854657,0
-0.634918112038349,0.9009088760241706,0.8491410419312149,0.4098348777616248,-0.404365943111267,-1.177851894974348,-0.9474977234247925,-0.8828162337175963,0.2865244578466693,-1.2583394588375707,-0.4814607612315388,-1.3211339532658497,0.9841231756854657,0
-0.634918112038349,0.9009088760241706,-1.179024470547907,0.4072607203365167,-0.911310674287764,-1.177851894974348,0.06599664927436881,1.4316811360790147,0.8336906105118219,-0.570312581972397,-0.7394662468772634,0.32575473142284794,0.9841231756854657,0
-0.634918112038349,0.9009088760241706,-0.502969299721533,0.4128670141151264,-0.23538436605243465,-1.177851894974348,-1.042512820865339,-0.8828162337175963,-1.6839450612603513,-1.2583394588375707,-0.997471732522988,-1.2814498885745558,0.9841231756854657,0
-0.8043672005990544,-1.1099901739376037,-0.502969299721533,0.4077502840185925,-0.5733475201700994,-1.177851894974348,1.6495816066168083,0.2744324511807092,0.7866947446387411,0.5763988794695595,-0.4814607612315388,0.6233852166075523,-1.0161329645585022,0
-0.634918112038349,0.9009088760241706,0.8491410419312149,0.4101191405447656,-0.911310674287764,-1.177851894974348,0.7627740305050422,-0.3041918912684436,0.001192415045823164,0.003043148748581378,-0.997471732522988,0.8416475724096689,-1.0161329645585022,0
-0.634918112038349,0.9009088760241706,-0.502969299721533,0.41897866395265304,-0.23538436605243465,-1.177851894974348,2.4413740852880284,-0.3041918912684436,-0.25392799969375696,1.035083464046342,-0.4814607612315388,-0.2893482712922078,0.9841231756854657,0
-0.2960199349169384,0.9009088760241706,0.8491410419312149,0.42272145726400656,-0.23538436605243465,-1.177851894974348,0.38271364074285674,-0.8828162337175963,-1.7510820125076092,-0.34097028968400567,-0.4814607612315388,-1.0433455004267922,0.9841231756854657,0
-0.634918112038349,0.9009088760241706,-0.502969299721533,0.4194998123884111,-0.5733475201700994,-1.177851894974348,-0.4090788379283631,0.853056793629862,0.3301634761573873,-0.7996548742607882,-0.4814607612315388,-0.24966420660091387,0.9841231756854657,0
-0.2960199349169384,0.9009088760241706,-0.502969299721533,0.42112642720305,-0.911310674287764,-1.177851894974348,-0.2507203421941191,-1.461440576166749,-1.3751150855229646,-0.6849837281165926,-0.7394662468772634,1.298014316359549,-1.0161329645585022,0
-0.9738162891597597,0.9009088760241706,-0.502969299721533,0.4583016822871267,-0.911310674287764,0.9048055324001227,0.38271364074285674,-1.461440576166749,-0.6936750303632967,-0.34097028968400567,-0.7394662468772634,0.8614896047553159,0.9841231756854657,0
-0.46546902347764374,0.9009088760241706,-0.502969299721533,0.4583174746639679,-0.23538436605243465,0.9048055324001227,0.38271364074285674,-0.3041918912684436,0.15896425047687956,-0.34097028968400567,-0.7394662468772634,-0.3488743683291487,-1.0161329645585022,0
-0.9738162891597597,-1.1099901739376037,1.5251962127575889,0.42272145726400656,-0.911310674287764,-1.177851894974348,1.0161476236798326,0.853056793629862,0.23617174441122635,0.1177142948927768,-0.7394662468772634,0.801963507718375,-1.0161329645585022,0
-0.634918112038349,0.9009088760241706,1.5251962127575889,0.4174310110222199,-0.23538436605243465,-1.177851894974348,-0.5674373336626071,0.2744324511807092,-0.3680608168140954,-0.9143260204049839,-0.997471732522988,0.14717644031202531,-1.0161329645585022,0
-0.2960199349169384,0.9009088760241706,0.8491410419312149,0.4560433723988417,-0.06640278899360229,0.9048055324001227,0.38271364074285674,0.2744324511807092,-0.5459737376193288,-0.34097028968400567,-0.7394662468772634,0.40512286080543575,-1.0161329645585022,0
-0.8043672005990544,0.9009088760241706,1.5251962127575889,0.421331728101985,-0.911310674287764,-1.177851894974348,0.38271364074285674,0.2744324511807092,0.001192415045823164,-0.34097028968400567,-0.997471732522988,0.801963507718375,0.9841231756854657,0
-0.8043672005990544,-1.1099901739376037,-0.502969299721533,0.42106325769568537,-0.404365943111267,-1.177851894974348,0.4579339262166226,1.4316811360790147,-1.6705176710108995,-0.2262991435398101,-0.4814607612315388,-0.2893482712922078,-1.0161329645585022,0
-0.8043672005990544,-1.1099901739376037,-0.502969299721533,0.4231478514387177,-0.911310674287764,-1.177851894974348,-1.090020369585612,1.4316811360790147,-1.0427871768490378,-1.2583394588375707,-0.4814607612315388,0.4448069254967297,0.9841231756854657,0
-0.8043672005990544,0.9009088760241706,-0.502969299721533,0.42161599088512575,-0.7423290972289317,-1.177851894974348,0.8577891279455886,1.4316811360790147,0.4745079213389917,0.003043148748581378,-0.997471732522988,0.32575473142284794,0.9841231756854657,0
-0.8043672005990544,0.9009088760241706,-0.502969299721533,0.4873280709211679,-0.7423290972289317,0.9048055324001227,0.38271364074285674,-1.461440576166749,-1.8752853723150364,-0.34097028968400567,-0.7394662468772634,0.6630692812988462,0.9841231756854657,0
-0.634918112038349,-1.1099901739376037,0.8491410419312149,0.41589915046862796,-0.5733475201700994,-1.177851894974348,-0.2507203421941191,0.853056793629862,-1.6839450612603513,-0.6849837281165926,-0.4814607612315388,-0.3488743683291487,-1.0161329645585022,0
-0.46546902347764374,0.9009088760241706,1.5251962127575889,0.4938661149334057,-0.404365943111267,0.9048055324001227,0.38271364074285674,-0.3041918912684436,0.8135495251376443,-0.34097028968400567,-0.7394662468772634,-1.7378166325244357,0.9841231756854657,0
-0.634918112038349,-1.1099901739376037,0.8491410419312149,0.18659383873507068,-0.5733475201700994,-1.177851894974348,0.38271364074285674,1.4316811360790147,0.001192415045823164,-0.11162799739561437,-0.4814607612315388,-1.7179746001787888,-1.0161329645585022,1
-0.634918112038349,0.9009088760241706,1.5251962127575889,0.5029783163707516,-0.5733475201700994,0.9048055324001227,0.38271364074285674,1.4316811360790147,1.159304824061023,-0.34097028968400567,-0.997471732522988,-0.3488743683291487,0.9841231756854657,0
-0.634918112038349,0.9009088760241706,0.8491410419312149,0.5082687626125383,-0.404365943111267,0.9048055324001227,0.38271364074285674,-0.3041918912684436,-1.173704231781191,-0.34097028968400567,-0.7394662468772634,1.0003838311748445,-1.0161329645585022,0
-0.9738162891597597,0.9009088760241706,-0.502969299721533,0.42002096082416923,-0.911310674287764,-1.177851894974348,-0.7257958293968509,-0.8828162337175963,0.03476089066945202,-1.0289971665491795,-0.4814607612315388,-0.9639773710442044,0.9841231756854657,0
-0.2960199349169384,0.9009088760241706,-0.502969299721533,0.501793888107665,-0.5733475201700994,0.9048055324001227,0.38271364074285674,-1.461440576166749,0.23617174441122635,-0.34097028968400567,-0.7394662468772634,-1.12271362980938,0.9841231756854657,0
-0.8043672005990544,-1.1099901739376037,0.8491410419312149,0.41653084554227415,-0.911310674287764,-1.177851894974348,1.3566183895084571,0.2744324511807092,0.561785957960427,0.3470565871811683,-0.997471732522988,-0.7060309505507939,0.9841231756854657,0
-0.46546902347764374,-1.1099901739376037,-1.179024470547907,0.5126274586206968,-0.23538436605243465,0.9048055324001227,0.38271364074285674,-0.8828162337175963,0.001192415045823164,-0.34097028968400567,-0.7394662468772634,-2.650550120424196,0.9841231756854657,0
-0.634918112038349,-1.1099901739376037,0.8491410419312149,0.42044735499888036,-0.7423290972289317,-1.177851894974348,2.4413740852880284,-0.3041918912684436,1.1861596045599256,1.035083464046342,-0.997471732522988,-2.273551505856904,0.9841231756854657,0
-0.2960199349169384,0.9009088760241706,-1.179024470547907,0.4199419989399634,-0.5733475201700994,-1.177851894974348,-0.9158260242779438,-0.3041918912684436,-1.4993184453303918,-1.143668312693375,-0.997471732522988,-0.8846092416616166,-1.0161329645585022,0
-0.634918112038349,-1.1099901739376037,-1.179024470547907,0.54975533657425,-0.911310674287764,0.9048055324001227,0.38271364074285674,-0.8828162337175963,0.2965950005337584,-0.45564143582820127,-0.4814607612315388,0.8813316371009629,-1.0161329645585022,0
-0.8043672005990544,0.9009088760241706,-0.502969299721533,0.3275250096655297,-0.404365943111267,0.9048055324001227,0.38271364074285674,-1.461440576166749,2.102578989084997,-0.2262991435398101,-0.4814607612315388,-0.22982217425526694,-1.0161329645585022,1
-0.2960199349169384,-1.1099901739376037,0.8491410419312149,0.4203368083609923,0.10257878806523006,-1.177851894974348,0.06599664927436881,-0.8828162337175963,-1.0495008719737637,-0.570312581972397,-0.997471732522988,-0.20998014190961997,-1.0161329645585022,0
-0.8043672005990544,-1.1099901739376037,-1.179024470547907,0.55221894736147,-0.5733475201700994,0.9048055324001227,0.38271364074285674,-1.461440576166749,0.23617174441122635,-0.45564143582820127,-0.7394662468772634,-1.0830295651180861,0.9841231756854657,0
-0.8043672005990544,-1.1099901739376037,0.8491410419312149,0.41940505812736417,-0.7423290972289317,-1.177851894974348,0.06599664927436881,-0.8828162337175963,-1.173704231781191,-0.570312581972397,-0.997471732522988,0.2463866020402601,0.9841231756854657,0
-0.2960199349169384,-1.1099901739376037,0.8491410419312149,0.5560564949338705,-0.404365943111267,0.9048055324001227,0.38271364074285674,-1.461440576166749,-0.11965409719924096,-0.45564143582820127,-0.4814607612315388,-0.686188918205147,0.9841231756854657,0
-0.2960199349169384,-1.1099901739376037,-1.179024470547907,0.5529769814498454,-0.911310674287764,0.9048055324001227,0.38271364074285674,1.4316811360790147,-0.8447331706696268,-0.45564143582820127,-0.4814607612315388,0.5241750548793175,-1.0161329645585022,0
-0.8043672005990544,-1.1099901739376037,-1.179024470547907,0.5492026033848096,-0.404365943111267,0.9048055324001227,0.38271364074285674,-0.8828162337175963,-0.46205254856025635,-0.45564143582820127,-0.4814607612315388,-2.1743413441286688,0.9841231756854657,0
-0.8043672005990544,-1.1099901739376037,-0.502969299721533,0.4217107451461727,-0.911310674287764,-1.177851894974348,0.06599664927436881,0.2744324511807092,-0.6936750303632967,-0.570312581972397,-0.997471732522988,-0.686188918205147,0.9841231756854657,0
-0.634918112038349,0.9009088760241706,0.8491410419312149,0.5530717357108924,-0.911310674287764,0.9048055324001227,0.38271364074285674,0.853056793629862,-1.0495008719737637,-0.45564143582820127,-0.7394662468772634,0.7225953783357871,-1.0161329645585022,0
-0.9738162891597597,0.9009088760241706,1.5251962127575889,0.41983145230207536,-0.5733475201700994,-1.177851894974348,0.8577891279455886,1.4316811360790147,0.27645391515958084,0.003043148748581378,-0.4814607612315388,0.6035431842619053,-1.0161329645585022,0
-0.46546902347764374,-1.1099901739376037,-1.179024470547907,0.4193260962431584,-0.404365943111267,-1.177851894974348,0.22435514500861276,0.2744324511807092,0.04483143335654109,-0.45564143582820127,-0.4814607612315388,-0.03140185079879733,-1.0161329645585022,0
-0.9738162891597597,0.9009088760241706,0.8491410419312149,0.08639120767794801,-0.911310674287764,0.9048055324001227,0.38271364074285674,0.2744324511807092,1.5688402266692962,0.003043148748581378,-0.7394662468772634,0.5241750548793175,-1.0161329645585022,1
-0.46546902347764374,-1.1099901739376037,-0.502969299721533,0.5714224776003134,-0.23538436605243465,0.9048055324001227,0.38271364074285674,-0.3041918912684436,-0.34120603631519225,-0.45564143582820127,-0.4814607612315388,0.6233852166075523,-1.0161329645585022,0
-0.46546902347764374,-1.1099901739376037,-1.179024470547907,0.5767918857263058,-0.7423290972289317,0.9048055324001227,0.38271364074285674,1.4316811360790147,0.3301634761573873,-0.45564143582820127,-0.7394662468772634,0.5440170872249644,0.9841231756854657,0
-0.8043672005990544,0.9009088760241706,0.8491410419312149,0.4190260410831765,-0.911310674287764,-1.177851894974348,-0.46846327382870456,0.2744324511807092,0.0716862138554443,-0.9143260204049839,-0.7394662468772634,-1.3012919209202027,0.9841231756854657,0
-0.9738162891597597,-1.1099901739376037,-0.502969299721533,0.5745019910843384,-0.911310674287764,0.9048055324001227,0.38271364074285674,-1.461440576166749,0.8739727812601764,-0.45564143582820127,-0.7394662468772634,1.317856348705196,-1.0161329645585022,0
-0.46546902347764374,-1.1099901739376037,-1.179024470547907,0.42417435593339275,-0.7423290972289317,-1.177851894974348,0.8577891279455886,-0.8828162337175963,0.8336906105118219,0.003043148748581378,-0.7394662468772634,-2.2537094735112566,0.9841231756854657,0
-0.2960199349169384,0.9009088760241706,0.17308587110484092,0.42210555456720156,-0.404365943111267,-1.177851894974348,-1.042512820865339,-0.3041918912684436,-0.1397951825734185,-1.2583394588375707,-0.4814607612315388,1.5162766721616654,-1.0161329645585022,0
-0.9738162891597597,0.9009088760241706,1.5251962127575889,0.4228477962787358,-0.911310674287764,-1.177851894974348,1.8079401023510524,-1.461440576166749,-1.623521805137819,0.6910700256137552,-0.997471732522988,-0.8846092416616166,0.9841231756854657,0
-0.9738162891597597,-1.1099901739376037,0.8491410419312149,0.4285488443183924,-0.404365943111267,-1.177851894974348,1.4912231108825644,1.4316811360790147,1.2096575374964662,0.4617277333253637,-0.7394662468772634,-0.8052411122790287,0.9841231756854657,0
-0.8043672005990544,0.9009088760241706,-0.502969299721533,0.20001735905005166,-0.911310674287764,-1.177851894974348,0.8577891279455886,-1.461440576166749,0.2965950005337584,0.23238544103697253,-0.997471732522988,-0.5472946917856183,-1.0161329645585022,1
-0.634918112038349,0.9009088760241706,0.8491410419312149,0.4328601631960275,-0.911310674287764,0.21058638994196582,2.2830155895537843,0.2744324511807092,0.001192415045823164,0.9204123179021463,-0.997471732522988,-0.6465048535138531,0.9841231756854657,0
-0.8043672005990544,0.9009088760241706,-1.179024470547907,0.42488501289124464,-0.7423290972289317,-1.177851894974348,-0.7257958293968509,-0.8828162337175963,1.0015329886299666,-1.0289971665491795,-0.4814607612315388,0.6432272489531993,-1.0161329645585022,0
-0.8043672005990544,-1.1099901739376037,0.8491410419312149,0.42794873399842853,-0.911310674287764,-1.177851894974348,0.38271364074285674,-0.8828162337175963,-1.173704231781191,-0.34097028968400567,-0.4814607612315388,-0.7853990799333818,0.9841231756854657,0
-0.634918112038349,-1.1099901739376037,-1.179024470547907,0.6502580227913546,-0.7423290972289317,0.9048055324001227,0.38271364074285674,-0.3041918912684436,-1.0427871768490378,-0.45564143582820127,-0.997471732522988,-0.6266628211682062,-1.0161329645585022,0
-0.2960199349169384,0.9009088760241706,-0.502969299721533,0.4288015223478509,0.10257878806523006,-1.177851894974348,0.06599664927436881,-0.8828162337175963,-0.811164695045998,-0.570312581972397,-0.4814607612315388,0.10749237562073138,-1.0161329645585022,0
-0.46546902347764374,-1.1099901739376037,1.5251962127575889,0.650084306646102,-0.23538436605243465,0.9048055324001227,0.38271364074285674,1.4316811360790147,-0.3680608168140954,-0.45564143582820127,-0.7394662468772634,-0.26950623894656084,0.9841231756854657,0
-0.9738162891597597,-1.1099901739376037,0.8491410419312149,0.4310124551056124,-0.911310674287764,-1.177851894974348,-1.042512820865339,0.853056793629862,-1.7510820125076092,-1.2583394588375707,-0.7394662468772634,-0.7258729828964409,0.9841231756854657,0
-0.634918112038349,0.9009088760241706,-1.179024470547907,0.433223387863374,0.10257878806523006,-1.177851894974348,0.06599664927436881,0.853056793629862,0.16232109803924238,-0.570312581972397,-0.4814607612315388,0.3654387961141419,0.9841231756854657,0
-0.9738162891597597,-1.1099901739376037,0.8491410419312149,0.43233901476026937,-0.911310674287764,-1.177851894974348,2.2830155895537843,-1.461440576166749,-1.4724636648314886,0.9204123179021463,-0.7394662468772634,-1.9362369559809054,-1.0161329645585022,0
-0.46546902347764374,0.9009088760241706,-1.179024470547907,0.43518164259167713,-0.7423290972289317,-1.177851894974348,-1.042512820865339,0.2744324511807092,-1.4724636648314886,-1.2583394588375707,-0.997471732522988,0.06780831092943747,0.9841231756854657,0
-0.8043672005990544,-1.1099901739376037,1.5251962127575889,0.20638168691703676,-0.911310674287764,-1.177851894974348,-0.3774071387815143,-0.8828162337175963,3.018998373610068,-0.6849837281165926,-0.997471732522988,0.26622863438590705,-1.0161329645585022,1
-0.2960199349169384,0.9009088760241706,0.8491410419312149,0.43311284122548593,-0.5733475201700994,-1.177851894974348,0.06599664927436881,0.2744324511807092,0.11868207972852446,-0.570312581972397,-0.7394662468772634,-1.8965528912896115,0.9841231756854657,0
-0.46546902347764374,0.9009088760241706,-0.502969299721533,0.21192481118828183,-0.06640278899360229,-1.177851894974348,0.8577891279455886,-1.461440576166749,1.327147202179168,0.23238544103697253,-0.997471732522988,-0.4877685947486774,-1.0161329645585022,1
-0.9738162891597597,-1.1099901739376037,0.8491410419312149,0.4371872744505037,-0.911310674287764,-1.177851894974348,3.0748080682250043,-0.8828162337175963,1.5587696839822078,1.4937680486231246,-0.997471732522988,0.4448069254967297,0.9841231756854657,0
-0.9738162891597597,-1.1099901739376037,1.5251962127575889,0.43977722425245297,-0.911310674287764,-1.177851894974348,0.4777287381834031,-1.461440576166749,-1.1233515183457474,-0.2262991435398101,-0.7394662468772634,1.258330251668255,-1.0161329645585022,0
-0.2960199349169384,0.9009088760241706,-1.179024470547907,0.43393404482122594,-0.7423290972289317,-1.177851894974348,1.5228948100294133,0.2744324511807092,1.223084927745918,0.4617277333253637,-0.4814607612315388,0.9408577341379036,-1.0161329645585022,0
-0.2960199349169384,0.9009088760241706,-0.502969299721533,0.4402667879345287,-0.404365943111267,0.21058638994196582,-0.7257958293968509,0.2744324511807092,0.27645391515958084,-1.0289971665491795,-0.4814607612315388,0.5241750548793175,0.9841231756854657,0
-0.634918112038349,0.9009088760241706,0.8491410419312149,-0.009136879834193048,-0.911310674287764,-1.177851894974348,-0.7257958293968509,0.2744324511807092,1.934736610966852,-0.9143260204049839,-0.4814607612315388,-0.6266628211682062,-1.0161329645585022,1
-0.634918112038349,0.9009088760241706,1.5251962127575889,0.4402825803113699,-0.7423290972289317,0.21058638994196582,0.8577891279455886,-0.3041918912684436,2.206641263518246,0.003043148748581378,-0.4814607612315388,-0.09092794783573821,0.9841231756854657,0
-0.8043672005990544,0.9009088760241706,-0.502969299721533,0.6504791160671307,-0.5733475201700994,0.9048055324001227,0.38271364074285674,-0.8828162337175963,0.860545391010725,-0.45564143582820127,-0.7394662468772634,-1.0036614357354983,-1.0161329645585022,0
-0.8043672005990544,0.9009088760241706,-0.502969299721533,0.42245298685770694,-0.911310674287764,0.9048055324001227,0.38271364074285674,0.853056793629862,1.2096575374964662,-0.34097028968400567,-0.4814607612315388,0.32575473142284794,-1.0161329645585022,1
-0.46546902347764374,-1.1099901739376037,-0.502969299721533,0.4418776103723265,-0.5733475201700994,-1.177851894974348,0.6994306322113446,0.2744324511807092,-1.1804179269059165,-0.11162799739561437,-0.997471732522988,0.4249648931510827,0.9841231756854657,0
-0.46546902347764374,0.9009088760241706,0.8491410419312149,0.2321232611681179,-0.5733475201700994,0.9048055324001227,0.38271364074285674,0.2744324511807092,1.8105332511594245,-0.11162799739561437,-0.4814607612315388,0.6432272489531993,-1.0161329645585022,1
-0.9738162891597597,0.9009088760241706,-0.502969299721533,0.44483078484162225,-0.911310674287764,-1.177851894974348,1.6495816066168083,1.4316811360790147,-0.005521280078902488,0.5763988794695595,-0.4814607612315388,0.782121475372728,-1.0161329645585022,0
-0.2960199349169384,0.9009088760241706,0.8491410419312149,0.7212605490691834,-0.404365943111267,0.9048055324001227,0.38271364074285674,0.853056793629862,0.4040141225293712,-0.45564143582820127,-0.7394662468772634,-2.3926036999307856,0.9841231756854657,0
-0.46546902347764374,0.9009088760241706,-0.502969299721533,0.20775562370221715,-0.23538436605243465,-1.177851894974348,0.7786098800784667,-0.3041918912684436,1.6594751108530943,0.23238544103697253,-0.997471732522988,0.32575473142284794,-1.0161329645585022,1
-0.2960199349169384,-1.1099901739376037,-1.179024470547907,0.4402509955576876,-0.23538436605243465,-1.177851894974348,-0.2507203421941191,-0.3041918912684436,-0.005521280078902488,-0.7996548742607882,-0.997471732522988,0.6233852166075523,-1.0161329645585022,0
-0.8043672005990544,0.9009088760241706,-1.179024470547907,0.7407325497143263,-0.5733475201700994,0.9048055324001227,0.38271364074285674,-0.8828162337175963,0.5382880250238866,-0.570312581972397,-0.997471732522988,2.0321695131484865,-1.0161329645585022,0
-0.634918112038349,0.9009088760241706,-0.502969299721533,0.4342656847348902,-0.911310674287764,-1.177851894974348,2.4413740852880284,0.2744324511807092,0.7061304031420315,1.035083464046342,-0.7394662468772634,-0.09092794783573821,0.9841231756854657,0
-0.46546902347764374,0.9009088760241706,0.8491410419312149,0.5107165810229172,-0.404365943111267,0.9048055324001227,0.38271364074285674,-1.461440576166749,0.7094872507043943,-0.34097028968400567,-0.997471732522988,0.4448069254967297,-1.0161329645585022,1
-0.634918112038349,-1.1099901739376037,-1.179024470547907,0.8415668758450952,-0.7423290972289317,0.9048055324001227,0.38271364074285674,0.853056793629862,-1.0427871768490378,-0.570312581972397,-0.997471732522988,0.06780831092943747,-1.0161329645585022,0
-0.9738162891597597,0.9009088760241706,-1.179024470547907,0.4423355893007199,-0.911310674287764,-1.177851894974348,1.0161476236798326,0.853056793629862,0.7430557263280237,0.1177142948927768,-0.4814607612315388,-1.4005020826484376,0.9841231756854657,0
-0.46546902347764374,0.9009088760241706,-1.179024470547907,0.8356921116601859,0.10257878806523006,0.9048055324001227,0.38271364074285674,-0.3041918912684436,0.4107278176540969,-0.570312581972397,-0.997471732522988,-0.17029607721832604,-1.0161329645585022,0
-0.2960199349169384,0.9009088760241706,1.5251962127575889,0.8343339672518466,-0.7423290972289317,0.9048055324001227,0.38271364074285674,-0.3041918912684436,-1.0495008719737637,-0.570312581972397,-0.997471732522988,0.06780831092943747,-1.0161329645585022,0
-0.2960199349169384,0.9009088760241706,-1.179024470547907,0.8320598649867205,-0.911310674287764,0.9048055324001227,0.38271364074285674,1.4316811360790147,0.001192415045823164,-0.570312581972397,-0.997471732522988,0.3455967637684949,0.9841231756854657,0
-0.46546902347764374,-1.1099901739376037,1.5251962127575889,0.4381821941914964,-0.911310674287764,-1.177851894974348,-0.804975077263973,0.2744324511807092,0.001192415045823164,-1.143668312693375,-0.7394662468772634,-0.30919030363785477,0.9841231756854657,0
-0.2960199349169384,0.9009088760241706,-0.502969299721533,0.44584149695945613,0.10257878806523006,-1.177851894974348,-0.5991090328094558,-0.8828162337175963,0.3234497810326616,-1.0289971665491795,-0.997471732522988,0.7424374106814341,-1.0161329645585022,0
-1.143265377720465,0.9009088760241706,1.5251962127575889,0.8569960280189027,-0.911310674287764,0.9048055324001227,0.38271364074285674,0.853056793629862,0.7061304031420315,-0.570312581972397,-0.997471732522988,-0.22982217425526694,0.9841231756854657,0
-0.2960199349169384,0.9009088760241706,-1.179024470547907,0.8833061278362654,-0.5733475201700994,0.9048055324001227,0.38271364074285674,-0.8828162337175963,0.8336906105118219,-0.570312581972397,-0.4814607612315388,-1.4997122443766724,0.9841231756854657,0
-0.8043672005990544,0.9009088760241706,-1.179024470547907,0.4478313364414416,-0.7423290972289317,-1.177851894974348,1.3328646151483206,-0.8828162337175963,-1.0427871768490378,0.3470565871811683,-0.4814607612315388,0.7027533459901402,0.9841231756854657,0
-0.634918112038349,0.9009088760241706,-0.502969299721533,0.8919919350989002,-0.5733475201700994,0.9048055324001227,0.38271364074285674,-1.461440576166749,-1.1804179269059165,-0.570312581972397,-0.997471732522988,-0.8647672093159696,-1.0161329645585022,0
-0.9738162891597597,-1.1099901739376037,-0.502969299721533,0.44631526826469076,-0.7423290972289317,-1.177851894974348,-0.2507203421941191,1.4316811360790147,-1.7510820125076092,-0.7996548742607882,-0.4814607612315388,-1.7576586648700827,0.9841231756854657,0
-0.2960199349169384,-1.1099901739376037,-1.179024470547907,0.9398744216812793,-0.404365943111267,0.9048055324001227,0.38271364074285674,1.4316811360790147,-0.005521280078902488,-0.570312581972397,-0.7394662468772634,0.06780831092943747,-1.0161329645585022,0
-0.634918112038349,0.9009088760241706,-0.502969299721533,0.930509542214475,-0.7423290972289317,0.9048055324001227,0.38271364074285674,-0.8828162337175963,-1.4993184453303918,-0.570312581972397,-0.7394662468772634,-1.202081759191968,0.9841231756854657,0
-0.9738162891597597,0.9009088760241706,0.8491410419312149,1.0112875497569782,-0.911310674287764,0.9048055324001227,0.38271364074285674,-1.461440576166749,-0.21700267650776528,-0.6849837281165926,-0.997471732522988,-1.3211339532658497,0.9841231756854657,0
-0.8043672005990544,-1.1099901739376037,-1.179024470547907,1.0281064310928072,-0.7423290972289317,0.9048055324001227,0.38271364074285674,-0.8828162337175963,0.23617174441122635,-0.6849837281165926,-0.4814607612315388,-0.40840046536608954,0.9841231756854657,0
-0.46546902347764374,0.9009088760241706,-0.502969299721533,1.0254375194066523,-0.7423290972289317,0.9048055324001227,0.38271364074285674,1.4316811360790147,0.001192415045823164,-0.6849837281165926,-0.4814607612315388,0.2463866020402601,-1.0161329645585022,0
-0.46546902347764374,-1.1099901739376037,-0.502969299721533,0.455048452657849,-0.7423290972289317,-1.177851894974348,-0.09236184645987515,1.4316811360790147,0.03476089066945202,-0.6849837281165926,-0.4814607612315388,0.6630692812988462,-1.0161329645585022,0
-0.9738162891597597,0.9009088760241706,-1.179024470547907,0.4562486732977767,-0.7423290972289317,-1.177851894974348,1.6495816066168083,-1.461440576166749,0.5114332445249834,0.4617277333253637,-0.997471732522988,0.6829113136444932,0.9841231756854657,0
-0.634918112038349,-1.1099901739376037,-0.502969299721533,0.23114413380396634,-0.23538436605243465,-1.177851894974348,2.2830155895537843,1.4316811360790147,1.6628319584154578,1.2644257563347332,-0.4814607612315388,1.4964346398160184,-1.0161329645585022,1
-0.46546902347764374,-1.1099901739376037,1.5251962127575889,1.0300015163137457,-0.911310674287764,0.9048055324001227,0.38271364074285674,0.853056793629862,-0.6701770974267564,-0.6849837281165926,-0.997471732522988,1.4964346398160184,-1.0161329645585022,0
-0.46546902347764374,-1.1099901739376037,-0.502969299721533,1.0900599254406547,-0.06640278899360229,0.9048055324001227,0.38271364074285674,-0.8828162337175963,-0.46205254856025635,-0.6849837281165926,-0.997471732522988,1.337698381050843,0.9841231756854657,0
-0.46546902347764374,-1.1099901739376037,1.5251962127575889,1.0856222675482905,-0.404365943111267,0.9048055324001227,0.38271364074285674,0.2744324511807092,-0.0860856215756121,-0.6849837281165926,-0.997471732522988,0.7424374106814341,-1.0161329645585022,0
-0.8043672005990544,-1.1099901739376037,-1.179024470547907,0.466940112419238,-0.404365943111267,-1.177851894974348,1.6495816066168083,0.853056793629862,1.223084927745918,0.4617277333253637,-0.7394662468772634,-0.8449251769703227,0.9841231756854657,0
-0.2960199349169384,-1.1099901739376037,-0.502969299721533,1.1175228687674217,0.10257878806523006,0.9048055324001227,0.38271364074285674,0.2744324511807092,-1.3482603050240614,-0.6849837281165926,-0.4814607612315388,-0.011559818453150373,0.9841231756854657,0
-0.46546902347764374,0.9009088760241706,0.8491410419312149,-0.5687397532004881,-0.5733475201700994,0.21058638994196582,-1.1375279183058853,1.4316811360790147,0.4040141225293712,-1.0289971665491795,-0.997471732522988,-0.24966420660091387,-1.0161329645585022,0
-0.9738162891597597,-1.1099901739376037,1.5251962127575889,-0.57027161375408,-0.911310674287764,0.21058638994196582,0.6994306322113446,-0.8828162337175963,0.0851136041048956,2.0671237793441026,-0.4814607612315388,-1.182239726846321,0.9841231756854657,0
-0.8043672005990544,-1.1099901739376037,0.8491410419312149,0.896066368323918,-0.7423290972289317,0.9048055324001227,0.38271364074285674,0.853056793629862,1.4345663241747801,-0.570312581972397,-0.7394662468772634,0.9606997664835506,-1.0161329645585022,1
-0.2960199349169384,-1.1099901739376037,-1.179024470547907,0.456280258051459,0.10257878806523006,-1.177851894974348,-0.5674373336626071,-0.8828162337175963,-0.3680608168140954,-0.9143260204049839,-0.7394662468772634,0.4249648931510827,-1.0161329645585022,0
-0.634918112038349,0.9009088760241706,-1.179024470547907,0.007950471907935672,-0.404365943111267,-1.177851894974348,3.2331665639592484,0.2744324511807092,2.8243012149930204,2.640479510065081,-0.7394662468772634,-0.4282424977117365,-1.0161329645585022,1
-0.8043672005990544,-1.1099901739376037,-0.502969299721533,-0.5629913280303079,-0.7423290972289317,0.21058638994196582,0.38271364074285674,0.2744324511807092,0.5114332445249834,1.4937680486231246,-0.997471732522988,0.821805540064022,0.9841231756854657,0
-0.46546902347764374,0.9009088760241706,-1.179024470547907,0.46537666711196374,-0.23538436605243465,-1.177851894974348,-0.2903099661276801,-0.8828162337175963,-1.173704231781191,-0.7996548742607882,-0.4814607612315388,0.7225953783357871,0.9841231756854657,0
-0.8043672005990544,0.9009088760241706,1.5251962127575889,0.4544483423378851,-0.911310674287764,-1.177851894974348,-0.8841543251310949,-1.461440576166749,-0.11965409719924096,-1.143668312693375,-0.7394662468772634,1.5956448015442533,0.9841231756854657,0
-0.46546902347764374,0.9009088760241706,-1.179024470547907,0.46041786078384134,-0.06640278899360229,-1.177851894974348,0.8577891279455886,0.2744324511807092,0.4745079213389917,0.003043148748581378,-0.997471732522988,-0.9639773710442044,-1.0161329645585022,0
-0.8043672005990544,0.9009088760241706,1.5251962127575889,1.1622784647352524,-0.5733475201700994,0.9048055324001227,0.38271364074285674,1.4316811360790147,-0.21364582894540246,-0.6849837281165926,-0.4814607612315388,0.4249648931510827,-1.0161329645585022,0
-0.8043672005990544,-1.1099901739376037,-0.502969299721533,0.4649344805604114,-0.911310674287764,-1.177851894974348,-0.9474977234247925,-1.461440576166749,0.5651428055227898,-1.2583394588375707,-0.7394662468772634,0.5440170872249644,-1.0161329645585022,0
-0.9738162891597597,-1.1099901739376037,0.8491410419312149,0.45571173248517743,-0.911310674287764,-1.177851894974348,0.7469381809316178,0.853056793629862,-1.6705176710108995,-0.11162799739561437,-0.4814607612315388,-0.13061201252703214,0.9841231756854657,0
-0.2960199349169384,0.9009088760241706,-0.502969299721533,0.23003866742508558,-0.5733475201700994,-1.177851894974348,0.6994306322113446,-0.8828162337175963,-0.3680608168140954,0.1177142948927768,-0.4814607612315388,-1.3409759856114967,-1.0161329645585022,1
-0.634918112038349,-1.1099901739376037,0.8491410419312149,0.4553800925715132,-0.911310674287764,-1.177851894974348,4.024959042630468,-0.8828162337175963,-0.11965409719924096,2.0671237793441026,-0.7394662468772634,-1.9163949236352584,0.9841231756854657,0
-0.46546902347764374,0.9009088760241706,-0.502969299721533,-0.5668446679795496,-0.404365943111267,0.21058638994196582,0.25602684415546156,-0.8828162337175963,-0.41841353024953903,1.2644257563347332,-0.4814607612315388,0.801963507718375,-1.0161329645585022,0
-0.46546902347764374,-1.1099901739376037,0.8491410419312149,0.46106534823432865,-0.911310674287764,-1.177851894974348,-0.013182598592753173,0.2744324511807092,0.23617174441122635,-0.570312581972397,-0.4814607612315388,-0.07108591549009124,-1.0161329645585022,0
-0.2960199349169384,0.9009088760241706,0.8491410419312149,1.218088724491891,-0.404365943111267,0.9048055324001227,0.38271364074285674,-0.8828162337175963,1.0787404825643134,-0.6849837281165926,-0.997471732522988,-2.3330776028938445,0.9841231756854657,0
-0.46546902347764374,-1.1099901739376037,-0.502969299721533,0.4654872137498518,-0.7423290972289317,-1.177851894974348,1.3328646151483206,-0.3041918912684436,-0.3680608168140954,0.23238544103697253,-0.997471732522988,0.06780831092943747,-1.0161329645585022,0
-0.2960199349169384,0.9009088760241706,-1.179024470547907,1.3353629149143011,0.2715603651240624,0.9048055324001227,0.38271364074285674,0.853056793629862,1.2465828606824585,-0.7996548742607882,-0.997471732522988,1.0797519605574324,0.9841231756854657,0
-0.9738162891597597,0.9009088760241706,-0.502969299721533,0.23149156609447175,-0.911310674287764,-1.177851894974348,2.4413740852880284,-0.3041918912684436,1.934736610966852,1.379096902478929,-0.997471732522988,0.821805540064022,-1.0161329645585022,1
-0.8043672005990544,-1.1099901739376037,-1.179024470547907,1.403507020983881,-0.7423290972289317,0.9048055324001227,0.38271364074285674,-1.461440576166749,0.03811773823181484,-0.7996548742607882,-0.7394662468772634,0.821805540064022,0.9841231756854657,0
-0.9738162891597597,0.9009088760241706,1.5251962127575889,-0.5625175567250733,-0.911310674287764,0.21058638994196582,-1.002923196931778,-0.8828162337175963,-1.0931398902844813,-0.7996548742607882,-0.4814607612315388,0.821805540064022,0.9841231756854657,0
-0.46546902347764374,0.9009088760241706,-1.179024470547907,0.45718042353140476,-0.7423290972289317,-1.177851894974348,-0.9474977234247925,0.853056793629862,-1.0427871768490378,-1.2583394588375707,-0.997471732522988,0.305912699077201,0.9841231756854657,0
-0.634918112038349,-1.1099901739376037,1.5251962127575889,0.4619497213374333,-0.23538436605243465,-1.177851894974348,0.5410721364771007,0.2744324511807092,0.4745079213389917,-0.2262991435398101,-0.7394662468772634,-0.32903233598350173,-1.0161329645585022,0
-0.2960199349169384,-1.1099901739376037,0.17308587110484092,1.602743647211881,-0.06640278899360229,0.9048055324001227,0.38271364074285674,0.853056793629862,-1.0427871768490378,-0.7996548742607882,-0.7394662468772634,1.5758027691986063,-1.0161329645585022,0
-0.8043672005990544,0.9009088760241706,1.5251962127575889,0.46052840742172946,-0.911310674287764,-1.177851894974348,-1.042512820865339,0.853056793629862,-1.6705176710108995,-1.2583394588375707,-0.4814607612315388,0.5638591195706114,-1.0161329645585022,0
-0.634918112038349,0.9009088760241706,1.5251962127575889,0.4595492800575779,0.10257878806523006,-1.177851894974348,0.38271364074285674,1.4316811360790147,-1.173704231781191,-0.34097028968400567,-0.7394662468772634,1.317856348705196,-1.0161329645585022,0
-0.8043672005990544,-1.1099901739376037,0.8491410419312149,0.45939135628916633,-0.911310674287764,-1.177851894974348,0.8577891279455886,0.853056793629862,-1.6705176710108995,0.003043148748581378,-0.7394662468772634,0.10749237562073138,-1.0161329645585022,0
-0.634918112038349,0.9009088760241706,-0.502969299721533,1.1277247442068072,-0.5733475201700994,0.9048055324001227,0.38271364074285674,0.2744324511807092,1.0955247203761276,-0.6849837281165926,-0.997471732522988,1.3972244780877838,-1.0161329645585022,1
-0.634918112038349,0.9009088760241706,-1.179024470547907,0.4624708697731914,-0.911310674287764,-1.177851894974348,-0.2507203421941191,0.853056793629862,-0.3680608168140954,-0.7996548742607882,-0.4814607612315388,0.40512286080543575,0.9841231756854657,0
-0.8043672005990544,-1.1099901739376037,1.5251962127575889,0.4591070935060256,-0.911310674287764,-1.177851894974348,0.38271364074285674,-1.461440576166749,0.001192415045823164,-0.34097028968400567,-0.7394662468772634,0.6432272489531993,0.9841231756854657,0
-0.634918112038349,0.9009088760241706,0.8491410419312149,-0.5701294823625096,-0.404365943111267,0.21058638994196582,0.5410721364771007,-0.8828162337175963,-1.7510820125076092,1.8377814870557112,-0.997471732522988,-0.09092794783573821,0.9841231756854657,0
-0.9738162891597597,-1.1099901739376037,1.5251962127575889,0.46082846258171134,-0.7423290972289317,-1.177851894974348,1.0161476236798326,-0.8828162337175963,-1.6705176710108995,0.1177142948927768,-0.4814607612315388,-0.26950623894656084,0.9841231756854657,0
-0.8043672005990544,-1.1099901739376037,1.5251962127575889,1.974891007473677,-0.5733475201700994,0.9048055324001227,0.38271364074285674,-0.8828162337175963,0.03476089066945202,-0.9143260204049839,-0.997471732522988,-0.4282424977117365,0.9841231756854657,0
-0.46546902347764374,0.9009088760241706,0.8491410419312149,0.4587596612155202,0.2715603651240624,-1.177851894974348,-0.09236184645987515,-0.8828162337175963,0.5651428055227898,-0.6849837281165926,-0.7394662468772634,-2.094973214746081,-1.0161329645585022,0
-0.634918112038349,-1.1099901739376037,-0.502969299721533,0.4579542499966213,-0.911310674287764,-1.177851894974348,1.6495816066168083,1.4316811360790147,-1.0427871768490378,0.4617277333253637,-0.7394662468772634,-1.0830295651180861,0.9841231756854657,0
-0.46546902347764374,0.9009088760241706,-1.179024470547907,0.007745171009000669,-0.7423290972289317,-1.177851894974348,1.6495816066168083,0.2744324511807092,1.4312094766124175,1.2644257563347332,-0.4814607612315388,-0.7655570475877348,-1.0161329645585022,1
-0.2960199349169384,-1.1099901739376037,-0.502969299721533,0.45939135628916633,-0.911310674287764,-1.177851894974348,0.06599664927436881,-1.461440576166749,-1.4724636648314886,-0.570312581972397,-0.4814607612315388,1.0995939929030794,-1.0161329645585022,0
-0.8043672005990544,-1.1099901739376037,-1.179024470547907,2.7330830196174847,-0.911310674287764,0.9048055324001227,0.38271364074285674,-0.8828162337175963,-0.1397951825734185,-1.0289971665491795,-0.997471732522988,-0.24966420660091387,0.9841231756854657,0
-0.46546902347764374,-1.1099901739376037,1.5251962127575889,3.0184038920066154,-0.7423290972289317,0.9048055324001227,0.38271364074285674,-0.8828162337175963,1.8407448792206904,-1.143668312693375,-0.997471732522988,0.3654387961141419,-1.0161329645585022,0
-0.8043672005990544,0.9009088760241706,0.8491410419312149,0.4622497764974152,-0.911310674287764,0.21058638994196582,4.024959042630468,0.2744324511807092,-0.707102420612748,2.0671237793441026,-0.4814607612315388,-1.12271362980938,0.9841231756854657,0
-0.634918112038349,-1.1099901739376037,-0.502969299721533,0.45432200332315587,-0.404365943111267,-1.177851894974348,-0.8366467764108217,-0.3041918912684436,-1.0427871768490378,-1.143668312693375,-0.4814607612315388,0.5043330225336705,-1.0161329645585022,0
-0.9738162891597597,0.9009088760241706,0.8491410419312149,0.4631973191078845,-0.911310674287764,-1.177851894974348,-0.4090788379283631,0.2744324511807092,0.001192415045823164,-0.9143260204049839,-0.997471732522988,0.06780831092943747,0.9841231756854657,0
-1.143265377720465,0.9009088760241706,-0.502969299721533,0.4611758948722168,-0.911310674287764,0.21058638994196582,0.38271364074285674,0.2744324511807092,-1.6705176710108995,-0.34097028968400567,-0.7394662468772634,-0.4877685947486774,0.9841231756854657,0
-0.8043672005990544,0.9009088760241706,0.8491410419312149,-0.5649179980049287,-0.06640278899360229,0.21058638994196582,-0.4090788379283631,1.4316811360790147,1.253296555807184,0.23238544103697253,-0.4814607612315388,-0.5869787564769122,0.9841231756854657,0
-0.8043672005990544,0.9009088760241706,-1.179024470547907,0.46150753478588097,-0.911310674287764,-1.177851894974348,1.8079401023510524,0.2744324511807092,0.4745079213389917,0.5763988794695595,-0.997471732522988,0.22654456969461315,-1.0161329645585022,0
-0.46546902347764374,0.9009088760241706,1.5251962127575889,-0.5748671954148559,-0.911310674287764,0.21058638994196582,-0.7257958293968509,0.853056793629862,0.001192415045823164,-0.34097028968400567,-0.4814607612315388,0.782121475372728,-1.0161329645585022,0
-0.9738162891597597,0.9009088760241706,-0.502969299721533,-0.577757200376787,-0.7423290972289317,0.21058638994196582,-0.2507203421941191,-0.8828162337175963,-1.6705176710108995,0.4617277333253637,-0.997471732522988,0.06780831092943747,0.9841231756854657,0
-0.2960199349169384,0.9009088760241706,0.8491410419312149,0.741822223716366,-0.5733475201700994,0.9048055324001227,0.3985494903162811,-0.3041918912684436,0.001192415045823164,-0.45564143582820127,-0.997471732522988,-0.8250831446246757,0.9841231756854657,0
-0.634918112038349,0.9009088760241706,-0.502969299721533,-0.4477227694667243,-0.7423290972289317,0.9048055324001227,0.4025084527096372,-1.461440576166749,0.001192415045823164,1.1497546101905376,-0.7394662468772634,-0.38855843302044263,-1.0161329645585022,0
-0.2960199349169384,0.9009088760241706,-1.179024470547907,0.4592018477670725,-0.404365943111267,-1.177851894974348,-0.2507203421941191,-0.8828162337175963,-1.8752853723150364,-0.7996548742607882,-0.7394662468772634,-0.17029607721832604,0.9841231756854657,0
-0.8043672005990544,-1.1099901739376037,-1.179024470547907,0.00832948895212337,-0.911310674287764,-1.177851894974348,0.6994306322113446,0.2744324511807092,0.001192415045823164,0.3470565871811683,-0.7394662468772634,-0.011559818453150373,-1.0161329645585022,1
-0.9738162891597597,-1.1099901739376037,0.8491410419312149,0.46248666215003253,-0.7423290972289317,-1.177851894974348,-0.5040939353689095,0.853056793629862,-1.6839450612603513,-0.9143260204049839,-0.997471732522988,-1.8767108589439645,0.9841231756854657,0
-0.634918112038349,-1.1099901739376037,-1.179024470547907,0.46289726394790254,-0.404365943111267,-1.177851894974348,0.8577891279455886,0.2744324511807092,-0.34120603631519225,0.003043148748581378,-0.4814607612315388,0.6829113136444932,-1.0161329645585022,0
-0.9738162891597597,0.9009088760241706,-0.502969299721533,-0.5658813329922392,-0.911310674287764,0.9048055324001227,0.4143853398897055,0.853056793629862,0.16232109803924238,1.6084391947673204,-0.7394662468772634,0.9210157017922567,-1.0161329645585022,1
-0.46546902347764374,-1.1099901739376037,0.8491410419312149,0.4580332118808271,-0.404365943111267,-1.177851894974348,-0.5674373336626071,0.2744324511807092,-1.3482603050240614,-0.9143260204049839,-0.7394662468772634,-1.9163949236352584,0.9841231756854657,0
-1.143265377720465,0.9009088760241706,-0.502969299721533,0.311874764215946,-0.911310674287764,0.9048055324001227,0.4143853398897055,0.853056793629862,-1.6705176710108995,-0.2262991435398101,-0.997471732522988,0.9011736694466097,-1.0161329645585022,0
-0.8043672005990544,0.9009088760241706,0.8491410419312149,-0.796781674786753,-0.5733475201700994,0.9048055324001227,0.4223032646764177,-0.8828162337175963,0.7229146409538463,3.213835240786059,-0.4814607612315388,0.2463866020402601,-1.0161329645585022,1
-0.8043672005990544,-1.1099901739376037,0.8491410419312149,-0.748393832145457,-0.911310674287764,0.9048055324001227,0.4223032646764177,1.4316811360790147,-0.21364582894540246,2.7551506562092767,-0.4814607612315388,-0.8449251769703227,-1.0161329645585022,1
-0.2960199349169384,0.9009088760241706,0.8491410419312149,0.4617917975690218,-0.404365943111267,-1.177851894974348,0.5410721364771007,0.853056793629862,-0.1397951825734185,-0.2262991435398101,-0.7394662468772634,-0.3488743683291487,0.9841231756854657,0
-0.634918112038349,0.9009088760241706,-1.179024470547907,-0.7548687066503301,-0.7423290972289317,0.9048055324001227,0.4223032646764177,0.2744324511807092,0.16232109803924238,2.7551506562092767,-0.997471732522988,0.7622794430270811,-1.0161329645585022,1
-0.634918112038349,0.9009088760241706,0.8491410419312149,0.45942294104284864,-0.7423290972289317,-1.177851894974348,-0.2507203421941191,-1.461440576166749,0.665848232393677,-0.7996548742607882,-0.997471732522988,-0.3488743683291487,0.9841231756854657,0
-0.634918112038349,0.9009088760241706,-0.502969299721533,-0.7005429303167601,-0.911310674287764,0.9048055324001227,0.4223032646764177,0.2744324511807092,-0.34120603631519225,2.2964660716324943,-0.4814607612315388,-0.44808453005738347,-1.0161329645585022,1
-0.8043672005990544,-1.1099901739376037,-0.502969299721533,0.44961587502449196,-0.7423290972289317,-1.177851894974348,1.9662985980852963,0.853056793629862,-1.3482603050240614,0.6910700256137552,-0.4814607612315388,1.0797519605574324,-1.0161329645585022,0
-0.8043672005990544,0.9009088760241706,1.5251962127575889,0.4587912459692025,-0.7423290972289317,-1.177851894974348,-0.7416316789702754,1.4316811360790147,-1.3482603050240614,-1.143668312693375,-0.997471732522988,1.0995939929030794,-1.0161329645585022,0
-0.9738162891597597,0.9009088760241706,-0.502969299721533,0.45722780066192825,-0.911310674287764,-1.177851894974348,0.38271364074285674,-0.8828162337175963,-0.005521280078902488,-0.34097028968400567,-0.997471732522988,-0.190138109563973,0.9841231756854657,0
-1.143265377720465,0.9009088760241706,-0.502969299721533,-0.6769333269392347,-0.911310674287764,0.9048055324001227,0.4223032646764177,-1.461440576166749,1.2029438423717405,2.1817949254882985,-0.7394662468772634,0.4844909901880236,-1.0161329645585022,1
-0.9738162891597597,0.9009088760241706,0.8491410419312149,-0.6781651323328447,-0.7423290972289317,0.9048055324001227,0.4223032646764177,-0.3041918912684436,0.8941138666343539,2.1817949254882985,-0.4814607612315388,-1.3409759856114967,-1.0161329645585022,1
-0.2960199349169384,0.9009088760241706,-0.502969299721533,-0.6359521090364398,-0.06640278899360229,0.9048055324001227,0.4223032646764177,-1.461440576166749,0.001192415045823164,1.952452633199907,-0.997471732522988,0.4844909901880236,-1.0161329645585022,1
-0.46546902347764374,-1.1099901739376037,0.8491410419312149,0.45965982669546596,-0.7423290972289317,-1.177851894974348,0.06599664927436881,0.853056793629862,-1.8752853723150364,-0.570312581972397,-0.997471732522988,-1.7179746001787888,0.9841231756854657,0
-0.46546902347764374,-1.1099901739376037,-0.502969299721533,0.4580332118808271,-0.911310674287764,-1.177851894974348,-1.042512820865339,0.853056793629862,0.16232109803924238,-1.2583394588375707,-0.4814607612315388,0.9606997664835506,0.9841231756854657,0
-1.143265377720465,-1.1099901739376037,1.5251962127575889,-0.6933889836077173,-0.911310674287764,0.9048055324001227,0.4223032646764177,1.4316811360790147,0.8739727812601764,2.2964660716324943,-0.4814607612315388,0.7027533459901402,-1.0161329645585022,1
-0.634918112038349,0.9009088760241706,-1.179024470547907,0.46079687782802903,-0.06640278899360229,-1.177851894974348,0.8577891279455886,0.2744324511807092,-0.8447331706696268,0.003043148748581378,-0.7394662468772634,0.06780831092943747,0.9841231756854657,0
-0.46546902347764374,0.9009088760241706,0.8491410419312149,0.45702249976299325,-0.5733475201700994,-1.177851894974348,0.8577891279455886,-1.461440576166749,-0.8447331706696268,0.003043148748581378,-0.997471732522988,0.22654456969461315,0.9841231756854657,0
-0.8043672005990544,0.9009088760241706,0.8491410419312149,0.4599914666091302,-0.911310674287764,-1.177851894974348,0.6479641210977154,-0.8828162337175963,-1.1804179269059165,-0.11162799739561437,-0.4814607612315388,0.4249648931510827,0.9841231756854657,0
-0.634918112038349,-1.1099901739376037,1.5251962127575889,-0.5624070100871853,-0.23538436605243465,0.9048055324001227,0.4223032646764177,-1.461440576166749,0.16232109803924238,1.6084391947673204,-0.997471732522988,0.7424374106814341,-1.0161329645585022,1
-0.634918112038349,0.9009088760241706,0.8491410419312149,0.4583490594176502,-0.23538436605243465,-1.177851894974348,-0.4090788379283631,1.4316811360790147,-0.005521280078902488,-0.9143260204049839,-0.7394662468772634,0.305912699077201,0.9841231756854657,0
-0.8043672005990544,0.9009088760241706,-1.179024470547907,-0.5688660922152172,-0.5733475201700994,0.9048055324001227,0.4223032646764177,0.2744324511807092,-0.08944246913797492,1.6084391947673204,-0.7394662468772634,0.3455967637684949,-1.0161329645585022,1
-0.8043672005990544,0.9009088760241706,0.8491410419312149,-0.5672552697774196,-0.911310674287764,0.9048055324001227,0.4223032646764177,0.853056793629862,0.001192415045823164,1.6084391947673204,-0.7394662468772634,0.14717644031202531,-1.0161329645585022,1
-0.46546902347764374,-1.1099901739376037,1.5251962127575889,0.23296025714069907,-0.911310674287764,-1.177851894974348,-0.5674373336626071,-1.461440576166749,1.5486991412951188,-0.9143260204049839,-0.7394662468772634,-0.7258729828964409,-1.0161329645585022,1
-0.9738162891597597,0.9009088760241706,1.5251962127575889,-0.4139428754034957,-0.5733475201700994,0.9048055324001227,0.4223032646764177,0.2744324511807092,1.6729025011025462,1.035083464046342,-0.997471732522988,1.258330251668255,-1.0161329645585022,1
-0.46546902347764374,-1.1099901739376037,0.8491410419312149,0.45740151680718094,-0.23538436605243465,-1.177851894974348,-0.6307807319563046,1.4316811360790147,-0.34120603631519225,-1.0289971665491795,-0.4814607612315388,-0.7853990799333818,0.9841231756854657,0
-0.634918112038349,-1.1099901739376037,-0.502969299721533,-0.3022276016291717,-0.911310674287764,0.9048055324001227,0.4223032646764177,-0.3041918912684436,1.2465828606824585,0.6910700256137552,-0.7394662468772634,1.3972244780877838,0.9841231756854657,0
-0.46546902347764374,0.9009088760241706,0.8491410419312149,-0.38396894415898525,-0.404365943111267,0.9048055324001227,0.4223032646764177,0.2744324511807092,1.286865031430813,0.9204123179021463,-0.7394662468772634,-0.4877685947486774,-1.0161329645585022,1
-0.8043672005990544,-1.1099901739376037,0.8491410419312149,-0.10862885393346378,-0.911310674287764,0.9048055324001227,0.4223032646764177,-0.8828162337175963,-0.1397951825734185,0.3470565871811683,-0.7394662468772634,0.4844909901880236,0.9841231756854657,0
-0.8043672005990544,-1.1099901739376037,-1.179024470547907,0.4609548015964406,-0.911310674287764,-1.177851894974348,-0.8841543251310949,-0.8828162337175963,-1.8752853723150364,-1.143668312693375,-0.7394662468772634,1.0400678958661385,-1.0161329645585022,0
-0.634918112038349,0.9009088760241706,-0.502969299721533,-0.08285569492870032,-0.23538436605243465,0.9048055324001227,0.4223032646764177,1.4316811360790147,0.4107278176540969,0.23238544103697253,-0.4814607612315388,0.8416475724096689,-1.0161329645585022,0
-0.2960199349169384,0.9009088760241706,0.8491410419312149,0.46392376844257754,0.10257878806523006,-1.177851894974348,-0.6980830926433583,-0.3041918912684436,0.3301634761573873,-1.0289971665491795,-0.997471732522988,0.286070666731554,-1.0161329645585022,0
-0.634918112038349,0.9009088760241706,0.8491410419312149,-0.6797759547706425,-0.5733475201700994,0.9048055324001227,0.4302211894631299,-0.8828162337175963,-0.08944246913797492,2.1817949254882985,-0.997471732522988,-0.5671367241312653,-1.0161329645585022,1
-0.8043672005990544,-1.1099901739376037,0.8491410419312149,-0.6314512816367109,-0.7423290972289317,0.9048055324001227,0.4302211894631299,-0.8828162337175963,0.001192415045823164,1.952452633199907,-0.7394662468772634,-1.8965528912896115,-1.0161329645585022,1
-0.8043672005990544,-1.1099901739376037,-0.502969299721533,0.4658820231708807,-0.23538436605243465,-1.177851894974348,1.8079401023510524,1.4316811360790147,-1.1804179269059165,0.5763988794695595,-0.4814607612315388,0.8813316371009629,0.9841231756854657,0
-0.8043672005990544,-1.1099901739376037,-1.179024470547907,-0.5112239167450049,-0.06640278899360229,0.9048055324001227,0.4302211894631299,0.2744324511807092,0.001192415045823164,1.379096902478929,-0.997471732522988,-1.3608180179571436,-1.0161329645585022,1
-0.46546902347764374,0.9009088760241706,1.5251962127575889,0.45945452579653095,-0.911310674287764,-1.177851894974348,0.06599664927436881,1.4316811360790147,1.4345663241747801,-0.570312581972397,-0.997471732522988,-0.8250831446246757,-1.0161329645585022,0
-0.8043672005990544,0.9009088760241706,-1.179024470547907,-0.19370238797676084,-0.7423290972289317,0.9048055324001227,0.4302211894631299,1.4316811360790147,0.001192415045823164,0.4617277333253637,-0.4814607612315388,-1.102871597463733,0.9841231756854657,0
-0.634918112038349,0.9009088760241706,1.5251962127575889,0.4618075899458629,-0.7423290972289317,-1.177851894974348,4.024959042630468,-0.8828162337175963,0.561785957960427,2.0671237793441026,-0.997471732522988,-0.11076998018138517,0.9841231756854657,0
-0.46546902347764374,0.9009088760241706,1.5251962127575889,0.45793845761978014,-0.911310674287764,-1.177851894974348,0.06599664927436881,1.4316811360790147,-0.33784918875282943,-0.570312581972397,-0.997471732522988,-0.5869787564769122,0.9841231756854657,0
-0.634918112038349,0.9009088760241706,0.8491410419312149,0.4550010755273255,-0.23538436605243465,-1.177851894974348,2.2830155895537843,-1.461440576166749,0.6893461653302174,0.9204123179021463,-0.997471732522988,0.782121475372728,-1.0161329645585022,0
-0.2960199349169384,-1.1099901739376037,0.8491410419312149,-0.45130763900966625,-0.404365943111267,0.9048055324001227,0.4420980766431982,0.853056793629862,-1.173704231781191,1.1497546101905376,-0.7394662468772634,0.028124246238143545,0.9841231756854657,0
-1.143265377720465,-1.1099901739376037,1.5251962127575889,0.45473260512102587,-0.911310674287764,-1.177851894974348,1.8079401023510524,0.853056793629862,0.001192415045823164,0.5763988794695595,-0.4814607612315388,0.8416475724096689,-1.0161329645585022,0
-0.46546902347764374,-1.1099901739376037,0.8491410419312149,-0.4475174685677893,-0.911310674287764,0.9048055324001227,0.4420980766431982,-1.461440576166749,-1.2475548781531747,1.1497546101905376,-0.4814607612315388,-0.051243883144444294,-1.0161329645585022,0
-0.46546902347764374,0.9009088760241706,-0.502969299721533,0.26375539198094955,-0.23538436605243465,0.9048055324001227,0.4420980766431982,0.853056793629862,-0.03237606057780569,-0.11162799739561437,-0.4814607612315388,-0.2893482712922078,0.9841231756854657,0
-0.9738162891597597,0.9009088760241706,1.5251962127575889,-0.5905490256181218,-0.5733475201700994,0.9048055324001227,0.4460570390365543,-0.8828162337175963,0.001192415045823164,1.7231103409115156,-0.4814607612315388,-2.69023418511549,-1.0161329645585022,1
-0.634918112038349,-1.1099901739376037,-0.502969299721533,0.4654714213730107,-0.404365943111267,-1.177851894974348,-1.042512820865339,0.2744324511807092,0.001192415045823164,-1.2583394588375707,-0.4814607612315388,1.0003838311748445,-1.0161329645585022,0
-0.8043672005990544,-1.1099901739376037,-0.502969299721533,0.4578594957355744,-0.911310674287764,-1.177851894974348,-0.7574675285436998,0.2744324511807092,-0.21700267650776528,-1.143668312693375,-0.4814607612315388,1.0599099282117854,-1.0161329645585022,0
-0.9738162891597597,0.9009088760241706,-0.502969299721533,-0.1829161945942526,-0.911310674287764,0.9048055324001227,0.4460570390365543,-0.8828162337175963,-0.08944246913797492,0.4617277333253637,-0.4814607612315388,-0.5274526594399713,0.9841231756854657,0
-0.9738162891597597,0.9009088760241706,0.8491410419312149,0.45980195808703633,-0.7423290972289317,-1.177851894974348,-0.013182598592753173,-1.461440576166749,0.001192415045823164,-0.570312581972397,-0.7394662468772634,0.14717644031202531,-1.0161329645585022,0
-0.46546902347764374,-1.1099901739376037,-1.179024470547907,-0.5440404758209231,-0.23538436605243465,0.9048055324001227,0.4539749638232665,-0.8828162337175963,1.7836784706605218,1.4937680486231246,-0.997471732522988,-2.114815247091728,-1.0161329645585022,1
-0.8043672005990544,0.9009088760241706,-0.502969299721533,-0.6572086482646332,-0.5733475201700994,0.9048055324001227,0.4618928886099787,-1.461440576166749,-0.11965409719924096,2.1817949254882985,-0.4814607612315388,1.2186461869769611,-1.0161329645585022,1
-0.46546902347764374,0.9009088760241706,0.8491410419312149,0.45350079972741586,-0.911310674287764,-1.177851894974348,1.6495816066168083,-0.8828162337175963,-1.4993184453303918,0.4617277333253637,-0.7394662468772634,0.5043330225336705,-1.0161329645585022,0
-0.2960199349169384,0.9009088760241706,-0.502969299721533,0.4592650172744371,-0.7423290972289317,-1.177851894974348,-1.359229812333827,-0.8828162337175963,-1.623521805137819,-1.487681751125962,-0.4814607612315388,0.9210157017922567,0.9841231756854657,0
-0.634918112038349,0.9009088760241706,-1.179024470547907,0.45965982669546596,-0.404365943111267,0.21058638994196582,0.38271364074285674,0.2744324511807092,0.7866947446387411,-0.34097028968400567,-0.7394662468772634,0.8614896047553159,0.9841231756854657,0
-0.8043672005990544,0.9009088760241706,-1.179024470547907,0.008692713619469914,-0.5733475201700994,-1.177851894974348,0.8577891279455886,0.2744324511807092,1.2835081838684501,0.5763988794695595,-0.4814607612315388,-1.8965528912896115,-1.0161329645585022,1
-0.634918112038349,-1.1099901739376037,1.5251962127575889,0.45678561411037594,-0.06640278899360229,-1.177851894974348,-0.5674373336626071,1.4316811360790147,-1.7510820125076092,-0.9143260204049839,-0.4814607612315388,0.9606997664835506,0.9841231756854657,0
-0.46546902347764374,0.9009088760241706,-0.502969299721533,-0.5674131935458311,-0.404365943111267,0.9048055324001227,0.4618928886099787,1.4316811360790147,0.23952859197358917,1.6084391947673204,-0.4814607612315388,-0.36871640067479566,-1.0161329645585022,1
-0.634918112038349,-1.1099901739376037,-0.502969299721533,-0.6401212965225045,-0.7423290972289317,0.9048055324001227,0.4618928886099787,0.2744324511807092,0.6255660616453219,2.0671237793441026,-0.7394662468772634,-0.5076106270943244,-1.0161329645585022,1
-0.8043672005990544,0.9009088760241706,-0.502969299721533,0.4599125047249244,-0.911310674287764,-1.177851894974348,-0.7257958293968509,-0.8828162337175963,-1.8752853723150364,-1.0289971665491795,-0.4814607612315388,0.7622794430270811,0.9841231756854657,0
-0.2960199349169384,0.9009088760241706,-1.179024470547907,-0.4845032151297722,-0.5733475201700994,0.9048055324001227,0.4618928886099787,-0.8828162337175963,-1.371758237960602,1.2644257563347332,-0.997471732522988,-0.5869787564769122,-1.0161329645585022,1
-0.9738162891597597,-1.1099901739376037,-1.179024470547907,-0.6779440390570686,-0.7423290972289317,0.9048055324001227,-1.0741845200121878,-1.461440576166749,-1.4993184453303918,-0.6849837281165926,-0.7394662468772634,0.5638591195706114,0.9841231756854657,0
-0.9738162891597597,-1.1099901739376037,0.8491410419312149,0.4601493903775417,-0.404365943111267,-1.177851894974348,-0.5674373336626071,0.2744324511807092,-0.5896127559300467,-0.9143260204049839,-0.997471732522988,-0.9838194033898514,0.9841231756854657,0
-0.8043672005990544,0.9009088760241706,1.5251962127575889,0.4629130563247437,-0.911310674287764,0.21058638994196582,-0.17154109432699713,0.2744324511807092,-1.7510820125076092,-0.6849837281165926,-0.4814607612315388,-0.03140185079879733,0.9841231756854657,0
-0.8043672005990544,-1.1099901739376037,0.8491410419312149,0.45965982669546596,-0.911310674287764,-1.177851894974348,-0.2507203421941191,-0.8828162337175963,-0.21700267650776528,-0.7996548742607882,-0.7394662468772634,1.1591200899400202,-1.0161329645585022,0
-0.46546902347764374,-1.1099901739376037,-0.502969299721533,0.4603546912764767,-0.06640278899360229,-1.177851894974348,0.06599664927436881,1.4316811360790147,0.5382880250238866,-0.570312581972397,-0.7394662468772634,1.4369085427790778,-1.0161329645585022,0
-0.9738162891597597,-1.1099901739376037,1.5251962127575889,-0.6187384182795819,-0.5733475201700994,0.9048055324001227,-1.0741845200121878,-0.8828162337175963,1.5486991412951188,-0.7996548742607882,-0.7394662468772634,0.6829113136444932,-1.0161329645585022,1
-0.9738162891597597,0.9009088760241706,0.8491410419312149,0.4612548567564225,-0.7423290972289317,-1.177851894974348,-0.963333572998217,1.4316811360790147,-0.5896127559300467,-1.2583394588375707,-0.997471732522988,-1.0036614357354983,-1.0161329645585022,0
-0.634918112038349,0.9009088760241706,-0.502969299721533,-0.6156115276650334,-0.911310674287764,0.9048055324001227,-1.0741845200121878,0.853056793629862,1.676259348664909,-0.7996548742607882,-0.7394662468772634,-1.0235034680811452,-1.0161329645585022,1
-0.9738162891597597,-1.1099901739376037,1.5251962127575889,-0.5807577519766063,-0.911310674287764,0.9048055324001227,-1.0741845200121878,1.4316811360790147,-0.21364582894540246,-0.9143260204049839,-0.4814607612315388,0.9011736694466097,0.9841231756854657,0
-1.143265377720465,0.9009088760241706,0.8491410419312149,-0.5355915542109057,-0.911310674287764,0.9048055324001227,-1.0741845200121878,1.4316811360790147,-1.0495008719737637,-0.9143260204049839,-0.4814607612315388,-0.22982217425526694,-1.0161329645585022,0
-0.2960199349169384,0.9009088760241706,-1.179024470547907,-0.5070231445052579,-0.5733475201700994,0.9048055324001227,-1.0741845200121878,0.2744324511807092,-0.33784918875282943,-0.9143260204049839,-0.997471732522988,0.3455967637684949,0.9841231756854657,0
-0.9738162891597597,0.9009088760241706,-0.502969299721533,-0.4845505922602956,-0.5733475201700994,0.9048055324001227,-1.0741845200121878,-1.461440576166749,-1.1804179269059165,-0.9143260204049839,-0.4814607612315388,1.5162766721616654,0.9841231756854657,0
-0.9738162891597597,0.9009088760241706,0.8491410419312149,-0.48867240261583683,-0.911310674287764,0.9048055324001227,-1.0741845200121878,-0.8828162337175963,-1.1804179269059165,-0.9143260204049839,-0.997471732522988,0.8416475724096689,-1.0161329645585022,0
-0.634918112038349,0.9009088760241706,0.8491410419312149,-0.4920519712598438,-0.404365943111267,0.9048055324001227,-1.0741845200121878,0.2744324511807092,-0.25392799969375696,-0.9143260204049839,-0.997471732522988,-1.202081759191968,-1.0161329645585022,0
-0.46546902347764374,-1.1099901739376037,-0.502969299721533,0.46744546847815494,-0.404365943111267,-1.177851894974348,0.8577891279455886,0.2744324511807092,0.8739727812601764,0.003043148748581378,-0.7394662468772634,0.9606997664835506,0.9841231756854657,0
-0.634918112038349,-1.1099901739376037,1.5251962127575889,-0.47866003569854515,-0.911310674287764,0.9048055324001227,-1.0741845200121878,1.4316811360790147,-1.3482603050240614,-0.9143260204049839,-0.4814607612315388,-0.5869787564769122,0.9841231756854657,0
-1.143265377720465,0.9009088760241706,-1.179024470547907,0.45616971141357093,-0.911310674287764,-1.177851894974348,-1.2800505644667048,-0.8828162337175963,-0.0860856215756121,-1.487681751125962,-0.4814607612315388,-3.2259690584479577,0.9841231756854657,0
-0.634918112038349,0.9009088760241706,-1.179024470547907,0.4576541948366394,-0.7423290972289317,-1.177851894974348,1.6099919826832474,-1.461440576166749,0.8739727812601764,0.4617277333253637,-0.997471732522988,1.0995939929030794,-1.0161329645585022,0
-0.46546902347764374,-1.1099901739376037,-1.179024470547907,0.458333267040809,-0.23538436605243465,-1.177851894974348,-0.3298995900612411,-1.461440576166749,-1.4254677989584081,-0.7996548742607882,-0.4814607612315388,0.4249648931510827,-1.0161329645585022,0
-0.46546902347764374,0.9009088760241706,1.5251962127575889,0.45697512263246975,-0.5733475201700994,-1.177851894974348,-0.5674373336626071,0.2744324511807092,0.001192415045823164,-0.9143260204049839,-0.4814607612315388,1.5559607368529593,0.9841231756854657,0
-0.2960199349169384,0.9009088760241706,0.8491410419312149,-0.5575271656432687,-0.06640278899360229,0.9048055324001227,-1.0741845200121878,0.2744324511807092,0.7866947446387411,-0.9143260204049839,-0.4814607612315388,-1.3409759856114967,-1.0161329645585022,1
-0.46546902347764374,-1.1099901739376037,-0.502969299721533,-0.5417032040484322,-0.404365943111267,0.9048055324001227,-1.0741845200121878,-0.3041918912684436,1.7736079279734327,-0.9143260204049839,-0.7394662468772634,-0.09092794783573821,-1.0161329645585022,1
-0.46546902347764374,0.9009088760241706,0.8491410419312149,0.4587596612155202,-0.5733475201700994,-1.177851894974348,-0.17154109432699713,0.853056793629862,1.4110683912382405,-0.6849837281165926,-0.7394662468772634,-1.5393963090679663,0.9841231756854657,0
-0.634918112038349,0.9009088760241706,-0.502969299721533,0.4600230513628125,-0.911310674287764,-1.177851894974348,-1.248378865319856,1.4316811360790147,-0.0860856215756121,-1.3730106049817663,-0.7394662468772634,0.6432272489531993,-1.0161329645585022,0
-0.46546902347764374,0.9009088760241706,0.8491410419312149,-0.41515888842026455,0.10257878806523006,0.9048055324001227,-1.0741845200121878,-0.8828162337175963,-1.371758237960602,-1.0289971665491795,-0.7394662468772634,0.06780831092943747,-1.0161329645585022,0
-0.9738162891597597,0.9009088760241706,0.8491410419312149,0.4584438136786971,-0.7423290972289317,-1.177851894974348,-0.7257958293968509,1.4316811360790147,-0.0860856215756121,-1.0289971665491795,-0.4814607612315388,-0.5671367241312653,0.9841231756854657,0
-0.9738162891597597,0.9009088760241706,-1.179024470547907,-0.3886119029502845,-0.911310674287764,0.9048055324001227,-1.0741845200121878,0.853056793629862,0.8336906105118219,-1.0289971665491795,-0.997471732522988,0.26622863438590705,0.9841231756854657,0
-0.9738162891597597,0.9009088760241706,-1.179024470547907,0.46187075945322753,-0.7423290972289317,0.21058638994196582,-0.4090788379283631,1.4316811360790147,-1.2979075915886182,-0.9143260204049839,-0.4814607612315388,0.14717644031202531,-1.0161329645585022,0
-0.9738162891597597,0.9009088760241706,0.8491410419312149,-0.3648285834275065,-0.911310674287764,0.9048055324001227,-1.0741845200121878,-1.461440576166749,-0.21364582894540246,-1.0289971665491795,-0.7394662468772634,0.46464895784237664,-1.0161329645585022,0
-0.9738162891597597,0.9009088760241706,0.8491410419312149,0.46337103525313716,-0.911310674287764,-1.177851894974348,2.4413740852880284,-0.8828162337175963,0.5785701957722418,1.035083464046342,-0.4814607612315388,-0.8449251769703227,0.9841231756854657,0
-0.2960199349169384,-1.1099901739376037,-0.502969299721533,-0.5792258914230144,-0.404365943111267,0.21058638994196582,-0.3298995900612411,0.853056793629862,-1.0427871768490378,0.3470565871811683,-0.7394662468772634,0.9011736694466097,-1.0161329645585022,0
-0.9738162891597597,0.9009088760241706,0.8491410419312149,0.4623603231353033,-0.911310674287764,-1.177851894974348,-0.5040939353689095,-0.8828162337175963,-0.37813135950118393,-0.9143260204049839,-0.7394662468772634,-0.8449251769703227,0.9841231756854657,0
-0.2960199349169384,0.9009088760241706,-1.179024470547907,0.4587596612155202,-0.5733475201700994,-1.177851894974348,-0.4882580857954851,-1.461440576166749,-1.2979075915886182,-0.9143260204049839,-0.7394662468772634,0.9408577341379036,0.9841231756854657,0
-0.634918112038349,-1.1099901739376037,1.5251962127575889,-0.29818475315783627,-0.7423290972289317,0.9048055324001227,-1.0741845200121878,-1.461440576166749,-1.7510820125076092,-1.0289971665491795,-0.997471732522988,-0.36871640067479566,0.9841231756854657,0
-0.46546902347764374,-1.1099901739376037,1.5251962127575889,0.4522216172032824,-0.7423290972289317,-1.177851894974348,-0.5674373336626071,0.853056793629862,-1.2979075915886182,-0.9143260204049839,-0.7394662468772634,0.6829113136444932,0.9841231756854657,0
-0.46546902347764374,-1.1099901739376037,-0.502969299721533,0.46100217872696403,-0.7423290972289317,0.21058638994196582,-0.7257958293968509,1.4316811360790147,-1.4254677989584081,-1.0289971665491795,-0.4814607612315388,-0.5274526594399713,0.9841231756854657,0
-0.634918112038349,0.9009088760241706,-0.502969299721533,0.4599598818554479,-0.23538436605243465,-1.177851894974348,2.2830155895537843,-0.3041918912684436,2.1999275683935204,0.9204123179021463,-0.7394662468772634,-0.6266628211682062,0.9841231756854657,0
-0.634918112038349,0.9009088760241706,0.8491410419312149,-0.4205125041694158,-0.911310674287764,0.9048055324001227,-1.0741845200121878,0.853056793629862,1.0619562447524988,-1.0289971665491795,-0.997471732522988,0.5638591195706114,-1.0161329645585022,1
-0.2960199349169384,0.9009088760241706,0.8491410419312149,-0.29850060069465933,-0.23538436605243465,0.9048055324001227,-1.0741845200121878,0.2744324511807092,0.8739727812601764,-1.0289971665491795,-0.7394662468772634,-0.051243883144444294,-1.0161329645585022,0
-0.8043672005990544,-1.1099901739376037,-1.179024470547907,-0.29850060069465933,-0.911310674287764,0.9048055324001227,-1.0741845200121878,0.2744324511807092,0.2865244578466693,-1.0289971665491795,-0.997471732522988,0.7225953783357871,-1.0161329645585022,0
-0.9738162891597597,-1.1099901739376037,-0.502969299721533,0.45880703834604364,-0.911310674287764,-1.177851894974348,0.06599664927436881,-0.8828162337175963,-1.0495008719737637,-0.570312581972397,-0.7394662468772634,0.5241750548793175,-1.0161329645585022,0
-0.2960199349169384,0.9009088760241706,-0.502969299721533,-0.249575817240764,-0.06640278899360229,0.9048055324001227,-1.0741845200121878,1.4316811360790147,0.8269769153870962,-1.143668312693375,-0.4814607612315388,0.5043330225336705,0.9841231756854657,0
-1.143265377720465,0.9009088760241706,0.8491410419312149,-0.336797114534458,-0.911310674287764,0.9048055324001227,-1.0741845200121878,0.853056793629862,-0.707102420612748,-1.0289971665491795,-0.997471732522988,0.7027533459901402,-1.0161329645585022,1
-0.9738162891597597,0.9009088760241706,0.8491410419312149,-0.18035782954598564,-0.911310674287764,0.9048055324001227,-1.0741845200121878,1.4316811360790147,1.4446368668618692,-1.143668312693375,-0.997471732522988,0.4844909901880236,0.9841231756854657,0
-0.46546902347764374,-1.1099901739376037,-1.179024470547907,0.4587912459692025,-0.404365943111267,-1.177851894974348,1.6495816066168083,0.853056793629862,0.001192415045823164,0.4617277333253637,-0.7394662468772634,-0.22982217425526694,0.9841231756854657,0
-0.8043672005990544,0.9009088760241706,-0.502969299721533,0.1504766728993513,-0.5733475201700994,0.9048055324001227,-1.0741845200121878,1.4316811360790147,1.4110683912382405,-1.2583394588375707,-0.997471732522988,0.028124246238143545,-1.0161329645585022,1
-0.8043672005990544,-1.1099901739376037,-1.179024470547907,0.2362134867699768,-0.5733475201700994,-1.177851894974348,0.8577891279455886,-1.461440576166749,1.4446368668618692,0.23238544103697253,-0.4814607612315388,0.0479662785837905,-1.0161329645585022,1
-0.634918112038349,0.9009088760241706,-0.502969299721533,0.400422621164297,-0.5733475201700994,0.9048055324001227,-1.0741845200121878,-1.461440576166749,1.223084927745918,-1.2583394588375707,-0.4814607612315388,-0.17029607721832604,0.9841231756854657,0
-1.143265377720465,-1.1099901739376037,-1.179024470547907,-0.5869167789446564,-0.7423290972289317,0.21058638994196582,-0.3774071387815143,1.4316811360790147,1.417782086362966,0.3470565871811683,-0.4814607612315388,-0.32903233598350173,0.9841231756854657,0
-0.46546902347764374,0.9009088760241706,1.5251962127575889,0.4622023993668918,-0.06640278899360229,-1.177851894974348,0.8577891279455886,-1.461440576166749,0.3939435798422821,0.003043148748581378,-0.997471732522988,-0.051243883144444294,0.9841231756854657,0
-0.8043672005990544,0.9009088760241706,0.8491410419312149,1.0913864850953117,-0.911310674287764,0.9048055324001227,-1.0741845200121878,-1.461440576166749,0.8336906105118219,-1.3730106049817663,-0.7394662468772634,1.0797519605574324,-1.0161329645585022,0
-0.46546902347764374,-1.1099901739376037,-0.502969299721533,0.4642869931099241,-0.404365943111267,-1.177851894974348,-0.5674373336626071,0.853056793629862,-1.0964967378468442,-1.0289971665491795,-0.4814607612315388,0.7622794430270811,-1.0161329645585022,0
-0.634918112038349,0.9009088760241706,-0.502969299721533,0.23975097918239532,-0.7423290972289317,-1.177851894974348,1.5704023587496865,-1.461440576166749,1.4446368668618692,0.8057411717579506,-0.4814607612315388,-0.051243883144444294,-1.0161329645585022,1
-0.9738162891597597,-1.1099901739376037,0.8491410419312149,-0.579604908467202,-0.911310674287764,0.21058638994196582,1.4120438630154424,-0.8828162337175963,-1.1804179269059165,3.328506386930255,-0.7394662468772634,-0.4877685947486774,-1.0161329645585022,0
-0.8043672005990544,0.9009088760241706,0.8491410419312149,-0.8951839748839842,-0.911310674287764,0.9048055324001227,-1.0781434824055438,0.853056793629862,-1.1166378232210217,-0.2262991435398101,-0.997471732522988,0.2463866020402601,-1.0161329645585022,0
-0.8043672005990544,-1.1099901739376037,0.8491410419312149,-0.9295481868903355,-0.404365943111267,0.9048055324001227,-1.0821024447988998,0.2744324511807092,1.934736610966852,-0.11162799739561437,-0.997471732522988,0.9805417988291976,-1.0161329645585022,1
-0.46546902347764374,0.9009088760241706,-1.179024470547907,0.23269178673439944,-0.5733475201700994,-1.177851894974348,-1.042512820865339,-1.461440576166749,0.15896425047687956,-1.2583394588375707,-0.7394662468772634,-0.6663468858595001,-1.0161329645585022,1
-0.46546902347764374,0.9009088760241706,-0.502969299721533,0.23070194725241402,-0.5733475201700994,-1.177851894974348,-0.2507203421941191,-1.461440576166749,1.676259348664909,-0.6849837281165926,-0.997471732522988,1.238488219322608,-1.0161329645585022,1
-0.2960199349169384,0.9009088760241706,1.5251962127575889,0.45986512759440096,-0.5733475201700994,-1.177851894974348,-1.01084112171849,0.853056793629862,0.7430557263280237,-1.2583394588375707,-0.4814607612315388,-0.051243883144444294,0.9841231756854657,0
-0.9738162891597597,-1.1099901739376037,0.8491410419312149,0.4583174746639679,-0.7423290972289317,-1.177851894974348,-1.121692068732461,-0.8828162337175963,0.7430557263280237,-1.3730106049817663,-0.997471732522988,1.1194360252487263,-1.0161329645585022,0
-0.2960199349169384,0.9009088760241706,-1.179024470547907,0.4609548015964406,-0.404365943111267,-1.177851894974348,1.6495816066168083,0.853056793629862,0.001192415045823164,0.4617277333253637,-0.7394662468772634,-0.5869787564769122,-1.0161329645585022,0
-0.8043672005990544,0.9009088760241706,0.8491410419312149,-0.10657584494411375,-0.5733475201700994,0.9048055324001227,-1.0821024447988998,-0.8828162337175963,1.417782086362966,-1.143668312693375,-0.4814607612315388,-0.6663468858595001,0.9841231756854657,0
-0.8043672005990544,0.9009088760241706,1.5251962127575889,0.464476501632018,-0.911310674287764,-1.177851894974348,0.38271364074285674,-0.8828162337175963,0.3939435798422821,-0.34097028968400567,-0.4814607612315388,0.9408577341379036,0.9841231756854657,0
-0.46546902347764374,0.9009088760241706,-0.502969299721533,0.458949169737614,-0.23538436605243465,0.21058638994196582,0.06599664927436881,-0.3041918912684436,-1.0092187012254088,-0.570312581972397,-0.4814607612315388,1.317856348705196,0.9841231756854657,0
-0.634918112038349,0.9009088760241706,-0.502969299721533,-0.6580298518603732,-0.911310674287764,0.9048055324001227,-1.086061407192256,0.853056793629862,-0.08944246913797492,-0.7996548742607882,-0.997471732522988,-1.3806600503027906,0.9841231756854657,0
-0.9738162891597597,0.9009088760241706,-1.179024470547907,0.45760681770611594,-0.911310674287764,-1.177851894974348,1.6495816066168083,-0.8828162337175963,0.0851136041048956,0.4617277333253637,-0.997471732522988,-0.686188918205147,0.9841231756854657,0
-1.143265377720465,-1.1099901739376037,1.5251962127575889,0.4617444204384983,-0.911310674287764,-0.4836327525161911,1.0161476236798326,0.2744324511807092,0.0851136041048956,0.1177142948927768,-0.4814607612315388,-2.3132355705481977,0.9841231756854657,0
-0.8043672005990544,-1.1099901739376037,-0.502969299721533,0.4629130563247437,-0.5733475201700994,-1.177851894974348,-0.5674373336626071,0.853056793629862,0.2965950005337584,-1.0289971665491795,-0.4814607612315388,1.0995939929030794,0.9841231756854657,0
-0.8043672005990544,0.9009088760241706,-0.502969299721533,0.23412889302694448,-0.911310674287764,-1.177851894974348,0.8973787518791496,0.853056793629862,0.001192415045823164,0.23238544103697253,-0.997471732522988,0.40512286080543575,-1.0161329645585022,1
-1.143265377720465,0.9009088760241706,-1.179024470547907,-0.9521470781500269,-0.911310674287764,0.9048055324001227,-1.090020369585612,1.4316811360790147,3.018998373610068,0.003043148748581378,-0.7394662468772634,-0.4282424977117365,-1.0161329645585022,1
-0.634918112038349,0.9009088760241706,1.5251962127575889,0.4628340944405379,-0.5733475201700994,-1.177851894974348,-1.042512820865339,-0.8828162337175963,0.9343960373827085,-1.2583394588375707,-0.4814607612315388,0.9606997664835506,-1.0161329645585022,0
-0.8043672005990544,0.9009088760241706,0.8491410419312149,0.46027572939227096,-0.7423290972289317,-1.177851894974348,-1.2800505644667048,-1.461440576166749,0.6154955189582334,-1.487681751125962,-0.997471732522988,0.6035431842619053,0.9841231756854657,0
-0.8043672005990544,-1.1099901739376037,0.8491410419312149,0.45773315672084514,-0.911310674287764,-1.177851894974348,0.8577891279455886,-0.8828162337175963,1.7836784706605218,0.003043148748581378,-0.997471732522988,-0.190138109563973,-1.0161329645585022,0
-0.2960199349169384,0.9009088760241706,1.5251962127575889,0.23509222801425486,-0.404365943111267,-1.177851894974348,0.06599664927436881,-0.8828162337175963,-0.46205254856025635,-0.34097028968400567,-0.4814607612315388,0.18686050500331922,-1.0161329645585022,1
-0.46546902347764374,0.9009088760241706,0.8491410419312149,0.4560907495293651,0.10257878806523006,-1.177851894974348,0.22435514500861276,1.4316811360790147,-0.5661148229935064,-0.45564143582820127,-0.7394662468772634,0.38528082845978884,0.9841231756854657,0
-0.8043672005990544,0.9009088760241706,-1.179024470547907,-0.7876536809725659,-0.5733475201700994,0.9048055324001227,-1.090020369585612,-1.461440576166749,-0.0860856215756121,-0.570312581972397,-0.997471732522988,-0.6663468858595001,-1.0161329645585022,1
-0.46546902347764374,0.9009088760241706,-1.179024470547907,0.23313397328595176,-0.911310674287764,-1.177851894974348,-0.09236184645987515,1.4316811360790147,0.25966967734776614,-0.45564143582820127,-0.997471732522988,0.22654456969461315,-1.0161329645585022,1
-0.634918112038349,-1.1099901739376037,0.8491410419312149,0.45405353291685624,-0.911310674287764,-1.177851894974348,-0.7257958293968509,-0.3041918912684436,-1.0092187012254088,-1.0289971665491795,-0.4814607612315388,0.305912699077201,0.9841231756854657,0
-0.634918112038349,-1.1099901739376037,-1.179024470547907,0.458538567939744,-0.911310674287764,-1.177851894974348,0.38271364074285674,0.853056793629862,0.001192415045823164,-0.34097028968400567,-0.4814607612315388,0.38528082845978884,-1.0161329645585022,0
-0.634918112038349,0.9009088760241706,0.8491410419312149,0.46436595499412986,-0.404365943111267,-1.177851894974348,-0.3298995900612411,-0.8828162337175963,0.001192415045823164,-0.7996548742607882,-0.7394662468772634,0.9011736694466097,-1.0161329645585022,0
-0.8043672005990544,0.9009088760241706,-1.179024470547907,-0.7589747246290302,-0.911310674287764,0.9048055324001227,-1.090020369585612,-1.461440576166749,-1.2475548781531747,-0.6849837281165926,-0.7394662468772634,0.028124246238143545,0.9841231756854657,0
-0.634918112038349,-1.1099901739376037,-1.179024470547907,0.4572435930387694,-0.911310674287764,-1.177851894974348,-0.7257958293968509,0.853056793629862,0.1119683846037988,-1.0289971665491795,-0.4814607612315388,-1.3806600503027906,0.9841231756854657,0
-0.46546902347764374,-1.1099901739376037,-0.502969299721533,0.45691195312510513,-0.404365943111267,-1.177851894974348,2.4413740852880284,1.4316811360790147,-0.2069321338206762,1.035083464046342,-0.7394662468772634,0.5837011519162584,-1.0161329645585022,0
-0.2960199349169384,-1.1099901739376037,1.5251962127575889,-0.6849400619976997,-0.23538436605243465,0.9048055324001227,-1.090020369585612,-0.8828162337175963,-0.0860856215756121,-0.7996548742607882,-0.997471732522988,1.6750129309268411,-1.0161329645585022,0
-0.9738162891597597,0.9009088760241706,0.8491410419312149,-0.6527078208649043,-0.911310674287764,0.9048055324001227,-1.090020369585612,-1.461440576166749,-1.3751150855229646,-0.7996548742607882,-0.4814607612315388,-0.9441353386985575,0.9841231756854657,0
-0.634918112038349,0.9009088760241706,1.5251962127575889,-0.6390316225204649,-0.23538436605243465,0.9048055324001227,-1.090020369585612,1.4316811360790147,0.001192415045823164,-0.7996548742607882,-0.7394662468772634,1.258330251668255,-1.0161329645585022,0
-0.2960199349169384,0.9009088760241706,-1.179024470547907,0.4570698768935167,-0.7423290972289317,-1.177851894974348,2.4413740852880284,-0.8828162337175963,0.02804719554472637,1.035083464046342,-0.4814607612315388,1.0797519605574324,-1.0161329645585022,0
-0.46546902347764374,-1.1099901739376037,-0.502969299721533,-0.5784204802041155,-0.06640278899360229,0.9048055324001227,-1.090020369585612,-0.8828162337175963,-1.0495008719737637,-0.9143260204049839,-0.997471732522988,0.5241750548793175,0.9841231756854657,0
-0.2960199349169384,-1.1099901739376037,1.5251962127575889,0.4559959952683182,-0.404365943111267,0.21058638994196582,-0.013182598592753173,1.4316811360790147,-0.9857207682888686,-0.570312581972397,-0.997471732522988,-1.4600281796853785,0.9841231756854657,0
-0.46546902347764374,0.9009088760241706,-1.179024470547907,0.46318152673104335,-0.404365943111267,-1.177851894974348,0.8577891279455886,0.853056793629862,-1.0495008719737637,0.003043148748581378,-0.4814607612315388,-0.011559818453150373,0.9841231756854657,0
-0.8043672005990544,-1.1099901739376037,-1.179024470547907,0.4663873792297976,-0.5733475201700994,-1.177851894974348,0.0897504236345054,-0.8828162337175963,0.3234497810326616,-0.570312581972397,-0.7394662468772634,-0.190138109563973,0.9841231756854657,0
-0.8043672005990544,0.9009088760241706,0.8491410419312149,0.234286816795356,-0.911310674287764,-1.177851894974348,-1.327558113186978,0.853056793629862,0.001192415045823164,-1.487681751125962,-0.7394662468772634,-1.12271362980938,-1.0161329645585022,1
-0.9738162891597597,0.9009088760241706,0.8491410419312149,0.2393877545150488,-0.911310674287764,-1.177851894974348,0.22435514500861276,-1.461440576166749,2.344272013575125,-0.2262991435398101,-0.7394662468772634,0.20670253734896618,-1.0161329645585022,1
-0.634918112038349,0.9009088760241706,0.8491410419312149,0.46379742942784835,-0.7423290972289317,-1.177851894974348,0.8577891279455886,-0.8828162337175963,-0.21028898138303903,0.003043148748581378,-0.7394662468772634,0.2463866020402601,0.9841231756854657,0
-0.46546902347764374,0.9009088760241706,-1.179024470547907,-0.2838294826092272,-0.5733475201700994,0.9048055324001227,-1.090020369585612,-1.461440576166749,-0.43855461562371656,-1.143668312693375,-0.997471732522988,-1.0036614357354983,0.9841231756854657,0
-0.634918112038349,-1.1099901739376037,1.5251962127575889,0.47485209321665617,-0.911310674287764,-1.177851894974348,-0.2507203421941191,-0.3041918912684436,0.001192415045823164,-0.7996548742607882,-0.997471732522988,1.0202258635204915,-1.0161329645585022,0
-0.46546902347764374,0.9009088760241706,-1.179024470547907,-0.37409870863326394,-0.911310674287764,0.9048055324001227,-1.090020369585612,-1.461440576166749,1.6628319584154578,-1.0289971665491795,-0.997471732522988,-2.0552891500547874,-1.0161329645585022,1
-0.9738162891597597,-1.1099901739376037,-0.502969299721533,0.48167440001203476,-0.5733475201700994,-1.177851894974348,0.5727438356239495,-0.8828162337175963,1.2700807936189982,-0.2262991435398101,-0.4814607612315388,0.22654456969461315,-1.0161329645585022,0
-0.634918112038349,-1.1099901739376037,-1.179024470547907,0.6227161175803819,-0.7423290972289317,0.9048055324001227,-1.090020369585612,-0.8828162337175963,0.8336906105118219,-1.3730106049817663,-0.4814607612315388,-0.20998014190961997,-1.0161329645585022,0
-0.634918112038349,0.9009088760241706,0.8491410419312149,0.47832641612171006,-0.06640278899360229,-1.177851894974348,-0.18737694390042153,-0.8828162337175963,-0.005521280078902488,-0.6849837281165926,-0.997471732522988,-1.0433455004267922,-1.0161329645585022,0
-1.143265377720465,-1.1099901739376037,0.8491410419312149,0.4789739035721974,-0.911310674287764,-1.177851894974348,-0.5674373336626071,0.853056793629862,-0.34120603631519225,-1.0289971665491795,-0.997471732522988,1.337698381050843,-1.0161329645585022,0
-0.634918112038349,0.9009088760241706,0.8491410419312149,0.47954242913847894,-0.23538436605243465,-1.177851894974348,1.6495816066168083,-0.3041918912684436,1.7836784706605218,0.4617277333253637,-0.4814607612315388,-2.8688124762263127,0.9841231756854657,0
-0.2960199349169384,0.9009088760241706,-0.502969299721533,-0.8970000982207168,-0.911310674287764,0.9048055324001227,-1.0939793319789681,0.853056793629862,-0.3680608168140954,-0.2262991435398101,-0.4814607612315388,-0.5274526594399713,0.9841231756854657,0
-0.634918112038349,0.9009088760241706,-0.502969299721533,0.4787054331658978,-0.404365943111267,-1.177851894974348,1.0161476236798326,-0.8828162337175963,-1.0495008719737637,0.1177142948927768,-0.7394662468772634,-2.1743413441286688,0.9841231756854657,0
-0.8043672005990544,-1.1099901739376037,1.5251962127575889,-0.4855455120012883,-0.5733475201700994,0.9048055324001227,-1.0939793319789681,0.853056793629862,-0.9857207682888686,-1.0289971665491795,-0.4814607612315388,-1.6981325678331418,0.9841231756854657,0
-0.8043672005990544,0.9009088760241706,0.8491410419312149,0.48074264977840664,-0.911310674287764,-1.177851894974348,-1.359229812333827,-0.8828162337175963,0.23617174441122635,-1.487681751125962,-0.7394662468772634,-0.7655570475877348,0.9841231756854657,0
-0.634918112038349,-1.1099901739376037,-1.179024470547907,0.4817059847657171,-0.5733475201700994,-1.177851894974348,0.8577891279455886,-0.8828162337175963,-1.6705176710108995,0.003043148748581378,-0.4814607612315388,0.9805417988291976,-1.0161329645585022,0
-0.634918112038349,0.9009088760241706,-1.179024470547907,0.47485209321665617,-0.404365943111267,-1.177851894974348,-1.1375279183058853,-1.461440576166749,-0.3680608168140954,-1.3730106049817663,-0.4814607612315388,-0.38855843302044263,-1.0161329645585022,0
-0.634918112038349,-1.1099901739376037,-1.179024470547907,0.4804268022415836,-0.911310674287764,-1.177851894974348,0.06599664927436881,-0.3041918912684436,-0.005521280078902488,-0.570312581972397,-0.4814607612315388,-0.8250831446246757,0.9841231756854657,0
-0.8043672005990544,-1.1099901739376037,-0.502969299721533,0.4813743448520528,-0.06640278899360229,-1.177851894974348,-1.2800505644667048,0.853056793629862,1.1861596045599256,-1.487681751125962,-0.4814607612315388,-2.3330776028938445,0.9841231756854657,0
-1.143265377720465,-1.1099901739376037,-0.502969299721533,-0.8229654355893865,-0.911310674287764,0.9048055324001227,-1.0979382943723244,0.2744324511807092,-0.37813135950118393,-0.45564143582820127,-0.7394662468772634,0.6233852166075523,0.9841231756854657,0
-0.8043672005990544,0.9009088760241706,-0.502969299721533,0.2483578245608243,-0.911310674287764,-1.177851894974348,1.0161476236798326,-1.461440576166749,1.0351014642535956,0.3470565871811683,-0.7394662468772634,-0.44808453005738347,-1.0161329645585022,1
-0.8043672005990544,0.9009088760241706,0.8491410419312149,0.4813427600983705,-0.5733475201700994,-1.177851894974348,0.06599664927436881,1.4316811360790147,1.7836784706605218,-0.570312581972397,-0.7394662468772634,-0.26950623894656084,-1.0161329645585022,0
-0.8043672005990544,0.9009088760241706,-0.502969299721533,-0.364370604499113,-0.404365943111267,0.9048055324001227,-1.0979382943723244,0.853056793629862,-0.1397951825734185,-1.0289971665491795,-0.997471732522988,1.4170665104334308,0.9841231756854657,0
-0.9738162891597597,0.9009088760241706,-0.502969299721533,0.4806636878942009,-0.911310674287764,0.21058638994196582,0.8577891279455886,-0.8828162337175963,-1.0495008719737637,0.003043148748581378,-0.997471732522988,0.4249648931510827,0.9841231756854657,0
-0.8043672005990544,-1.1099901739376037,-1.179024470547907,0.4754048264060966,-0.911310674287764,-1.177851894974348,0.06599664927436881,0.853056793629862,0.8739727812601764,-0.570312581972397,-0.4814607612315388,0.6035431842619053,-1.0161329645585022,0
-0.634918112038349,-1.1099901739376037,-0.502969299721533,0.25023711740492166,-0.23538436605243465,-1.177851894974348,-0.7257958293968509,-0.3041918912684436,1.451350561986595,-1.0289971665491795,-0.997471732522988,0.4448069254967297,-1.0161329645585022,1
-0.8043672005990544,0.9009088760241706,0.8491410419312149,0.4790686578332443,-0.7423290972289317,-1.177851894974348,-0.2507203421941191,1.4316811360790147,2.0757242085860943,-0.7996548742607882,-0.4814607612315388,0.22654456969461315,-1.0161329645585022,0
-1.143265377720465,0.9009088760241706,0.8491410419312149,0.4796687681532082,-0.911310674287764,-1.177851894974348,1.6495816066168083,1.4316811360790147,-0.12972463988633004,0.4617277333253637,-0.997471732522988,-2.7696023144980777,0.9841231756854657,0
-0.634918112038349,-1.1099901739376037,-1.179024470547907,0.47624182237867774,-0.404365943111267,-1.177851894974348,0.8577891279455886,0.2744324511807092,-1.0495008719737637,0.003043148748581378,-0.4814607612315388,0.6630692812988462,-1.0161329645585022,0
-0.634918112038349,0.9009088760241706,-0.502969299721533,-0.9466355386324642,-0.5733475201700994,0.9048055324001227,-1.1058562191590364,-0.3041918912684436,0.001192415045823164,-0.11162799739561437,-0.997471732522988,0.2463866020402601,-1.0161329645585022,1
-0.9738162891597597,-1.1099901739376037,-0.502969299721533,-0.8632833736648529,-0.911310674287764,0.9048055324001227,-1.1058562191590364,-0.8828162337175963,-1.371758237960602,-0.45564143582820127,-0.4814607612315388,0.0479662785837905,0.9841231756854657,0
-1.143265377720465,-1.1099901739376037,1.5251962127575889,-0.5869167789446564,-0.911310674287764,0.21058638994196582,0.22435514500861276,0.2744324511807092,-1.0495008719737637,1.379096902478929,-0.997471732522988,-0.9044512740072636,0.9841231756854657,0
-0.8043672005990544,-1.1099901739376037,0.8491410419312149,0.4850065915255183,-0.5733475201700994,-1.177851894974348,0.38271364074285674,0.853056793629862,0.001192415045823164,-0.34097028968400567,-0.7394662468772634,-1.2417658238832618,0.9841231756854657,0
-0.634918112038349,-1.1099901739376037,-0.502969299721533,-0.8357730532075625,-0.5733475201700994,0.9048055324001227,-1.1058562191590364,-0.8828162337175963,2.780662196682302,-0.45564143582820127,-0.4814607612315388,1.5956448015442533,-1.0161329645585022,1
-0.634918112038349,0.9009088760241706,0.8491410419312149,0.4847854982497421,-0.7423290972289317,-1.177851894974348,-1.359229812333827,-0.3041918912684436,-1.1166378232210217,-1.487681751125962,-0.7394662468772634,0.18686050500331922,0.9841231756854657,0
-0.2960199349169384,-1.1099901739376037,0.8491410419312149,0.029775536702410618,-0.23538436605243465,-1.177851894974348,0.8577891279455886,0.2744324511807092,1.0418151593783211,0.4617277333253637,-0.4814607612315388,0.12733440796637835,-1.0161329645585022,1
-1.143265377720465,0.9009088760241706,-0.502969299721533,-0.7395185163607283,-0.911310674287764,0.9048055324001227,-1.1058562191590364,0.853056793629862,0.7430557263280237,-0.6849837281165926,-0.997471732522988,0.7622794430270811,0.9841231756854657,0
-0.634918112038349,-1.1099901739376037,-1.179024470547907,0.47448886854930966,-0.404365943111267,-1.177851894974348,-0.4090788379283631,1.4316811360790147,-1.0092187012254088,-0.9143260204049839,-0.7394662468772634,-0.20998014190961997,0.9841231756854657,0
-0.634918112038349,0.9009088760241706,-1.179024470547907,0.47808953046909275,-0.404365943111267,-1.177851894974348,-0.3298995900612411,-1.461440576166749,-0.2069321338206762,-0.7996548742607882,-0.997471732522988,-0.4877685947486774,0.9841231756854657,0
-0.8043672005990544,-1.1099901739376037,-0.502969299721533,0.47940029774690857,-0.911310674287764,-1.177851894974348,-0.3298995900612411,-1.461440576166749,0.3234497810326616,-0.7996548742607882,-0.997471732522988,0.6630692812988462,0.9841231756854657,0
-0.8043672005990544,-1.1099901739376037,0.8491410419312149,0.48349052334876746,-0.404365943111267,-1.177851894974348,0.06599664927436881,0.853056793629862,0.8135495251376443,-0.570312581972397,-0.997471732522988,0.14717644031202531,0.9841231756854657,0
-0.46546902347764374,-1.1099901739376037,-0.502969299721533,0.2576911192739464,-0.404365943111267,-1.177851894974348,0.25602684415546156,0.853056793629862,1.2700807936189982,-0.2262991435398101,-0.7394662468772634,-0.7060309505507939,-1.0161329645585022,1
-1.143265377720465,-1.1099901739376037,-1.179024470547907,-0.580836713860812,-0.911310674287764,0.21058638994196582,-0.4090788379283631,1.4316811360790147,1.2029438423717405,0.23238544103697253,-0.7394662468772634,0.18686050500331922,0.9841231756854657,0
-0.46546902347764374,0.9009088760241706,0.8491410419312149,-0.5834898331701259,-0.404365943111267,0.21058638994196582,-0.8841543251310949,0.853056793629862,0.7061304031420315,-0.570312581972397,-0.997471732522988,-0.07108591549009124,0.9841231756854657,0
-0.8043672005990544,-1.1099901739376037,-0.502969299721533,0.4884967068074133,-0.911310674287764,-1.177851894974348,-1.042512820865339,-1.461440576166749,-0.7138161157374736,-1.2583394588375707,-0.997471732522988,1.258330251668255,0.9841231756854657,0
-0.9738162891597597,0.9009088760241706,1.5251962127575889,0.47936871299322625,-0.5733475201700994,0.21058638994196582,-0.7257958293968509,0.853056793629862,0.15896425047687956,-1.0289971665491795,-0.997471732522988,0.12733440796637835,0.9841231756854657,0
-0.46546902347764374,0.9009088760241706,0.8491410419312149,0.48636473593385754,-0.404365943111267,-1.177851894974348,-0.5674373336626071,0.853056793629862,-1.1166378232210217,-1.0289971665491795,-0.4814607612315388,0.5043330225336705,0.9841231756854657,0
-0.634918112038349,-1.1099901739376037,1.5251962127575889,0.25619084347403676,-0.7423290972289317,-1.177851894974348,-0.4882580857954851,1.4316811360790147,0.25966967734776614,-0.7996548742607882,-0.7394662468772634,0.8614896047553159,-1.0161329645585022,1
-0.634918112038349,-1.1099901739376037,1.5251962127575889,0.47747362777228775,-0.911310674287764,-1.177851894974348,0.38271364074285674,0.2744324511807092,-1.1804179269059165,-0.34097028968400567,-0.7394662468772634,0.7622794430270811,0.9841231756854657,0
-0.9738162891597597,-1.1099901739376037,0.8491410419312149,0.4807110650247244,-0.911310674287764,-1.177851894974348,0.38271364074285674,0.853056793629862,0.27645391515958084,-0.34097028968400567,-0.997471732522988,-0.9044512740072636,-1.0161329645585022,0
-0.8043672005990544,0.9009088760241706,1.5251962127575889,-0.5846426766795302,-0.911310674287764,0.21058638994196582,0.06599664927436881,0.2744324511807092,-0.25392799969375696,1.035083464046342,-0.997471732522988,0.7622794430270811,0.9841231756854657,0
-0.9738162891597597,-1.1099901739376037,-0.502969299721533,-0.5851480327384472,-0.23538436605243465,0.21058638994196582,0.5727438356239495,1.4316811360790147,0.830333762949459,1.952452633199907,-0.7394662468772634,1.4170665104334308,0.9841231756854657,0
-0.9738162891597597,-1.1099901739376037,-1.179024470547907,-0.33712875444812224,-0.911310674287764,0.9048055324001227,-1.1058562191590364,-0.8828162337175963,0.03811773823181484,-1.143668312693375,-0.7394662468772634,-1.6187644384505542,0.9841231756854657,0
-1.143265377720465,0.9009088760241706,-0.502969299721533,0.49007594449152875,-0.911310674287764,-1.177851894974348,-0.2507203421941191,0.853056793629862,0.8739727812601764,-0.7996548742607882,-0.997471732522988,-0.40840046536608954,0.9841231756854657,0
-0.8043672005990544,0.9009088760241706,-0.502969299721533,0.15606717430111983,-0.911310674287764,0.9048055324001227,-1.1058562191590364,-1.461440576166749,1.4312094766124175,-1.2583394588375707,-0.7394662468772634,-0.38855843302044263,0.9841231756854657,0
-0.46546902347764374,-1.1099901739376037,-0.502969299721533,0.6539534389721847,-0.5733475201700994,0.9048055324001227,-1.1058562191590364,-1.461440576166749,-1.0427871768490378,-1.3730106049817663,-0.7394662468772634,0.40512286080543575,0.9841231756854657,0
-0.2960199349169384,-1.1099901739376037,1.5251962127575889,-0.5868220246836094,-0.5733475201700994,0.21058638994196582,-0.8564415883776023,1.4316811360790147,-1.0964967378468442,-0.45564143582820127,-0.4814607612315388,-0.4282424977117365,0.9841231756854657,0
-0.2960199349169384,0.9009088760241706,0.8491410419312149,0.036376750222013025,-0.23538436605243465,-1.177851894974348,0.8577891279455886,0.2744324511807092,1.8407448792206904,0.4617277333253637,-0.7394662468772634,-0.5671367241312653,-1.0161329645585022,1
-0.8043672005990544,-1.1099901739376037,0.8491410419312149,0.492049991596673,-0.911310674287764,-1.177851894974348,0.8577891279455886,-1.461440576166749,-0.3680608168140954,0.003043148748581378,-0.997471732522988,-1.2219237915376149,0.9841231756854657,0
-0.8043672005990544,0.9009088760241706,1.5251962127575889,0.49666136563429,-0.911310674287764,-1.177851894974348,0.38271364074285674,0.853056793629862,-1.4724636648314886,-0.34097028968400567,-0.7394662468772634,-0.4877685947486774,0.9841231756854657,0
-1.143265377720465,-1.1099901739376037,-0.502969299721533,-0.9997453019492654,-0.911310674287764,0.9048055324001227,-1.1177331063391047,1.4316811360790147,0.001192415045823164,0.1177142948927768,-0.997471732522988,1.0202258635204915,-1.0161329645585022,1
-0.634918112038349,-1.1099901739376037,-1.179024470547907,-0.15603756921060835,-0.911310674287764,0.9048055324001227,-1.1177331063391047,-1.461440576166749,0.001192415045823164,-1.143668312693375,-0.4814607612315388,-1.0433455004267922,0.9841231756854657,0
-0.8043672005990544,0.9009088760241706,-0.502969299721533,-1.061619834412907,-0.911310674287764,0.9048055324001227,-1.121692068732461,-0.3041918912684436,1.2029438423717405,0.6910700256137552,-0.7394662468772634,0.2463866020402601,-1.0161329645585022,1
-0.8043672005990544,0.9009088760241706,1.5251962127575889,0.5037047657054448,-0.911310674287764,-1.177851894974348,-1.1375279183058853,-0.8828162337175963,0.5651428055227898,-1.3730106049817663,-0.997471732522988,1.278172284013902,0.9841231756854657,0
-0.9738162891597597,0.9009088760241706,-0.502969299721533,0.49579278490802653,-0.911310674287764,-1.177851894974348,-1.2958864140401292,1.4316811360790147,0.001192415045823164,-1.487681751125962,-0.7394662468772634,-0.40840046536608954,0.9841231756854657,0
-0.8043672005990544,0.9009088760241706,1.5251962127575889,0.4967561198953369,-0.404365943111267,-1.177851894974348,-0.7574675285436998,-0.8828162337175963,-1.1804179269059165,-1.143668312693375,-0.997471732522988,1.1591200899400202,-1.0161329645585022,0
-0.9738162891597597,0.9009088760241706,1.5251962127575889,-0.5888592412961183,-0.911310674287764,0.21058638994196582,-0.7257958293968509,0.2744324511807092,0.04483143335654109,-0.2262991435398101,-0.997471732522988,-1.6187644384505542,0.9841231756854657,0
-0.634918112038349,-1.1099901739376037,1.5251962127575889,0.4969930055479542,-0.7423290972289317,-1.177851894974348,0.22435514500861276,1.4316811360790147,-0.005521280078902488,-0.45564143582820127,-0.7394662468772634,-2.03544711770914,0.9841231756854657,0
-0.2960199349169384,0.9009088760241706,1.5251962127575889,0.4955243145017269,-0.06640278899360229,0.21058638994196582,2.0454778459524183,-0.3041918912684436,-0.005521280078902488,0.6910700256137552,-0.997471732522988,0.8416475724096689,-1.0161329645585022,0
-0.8043672005990544,0.9009088760241706,-0.502969299721533,-0.4670842234739792,-0.404365943111267,0.9048055324001227,0.4618928886099787,-1.461440576166749,0.860545391010725,1.2644257563347332,-0.4814607612315388,-2.3529196352394917,0.9841231756854657,0
-1.143265377720465,0.9009088760241706,0.8491410419312149,-0.45339223275269863,-0.911310674287764,0.9048055324001227,0.4618928886099787,-0.8828162337175963,-0.6936750303632967,1.1497546101905376,-0.997471732522988,0.18686050500331922,0.9841231756854657,0
-0.2960199349169384,0.9009088760241706,-1.179024470547907,0.03438691074002761,-0.06640278899360229,-1.177851894974348,2.4413740852880284,0.2744324511807092,1.5587696839822078,1.8377814870557112,-0.997471732522988,0.008282213892496587,-1.0161329645585022,1
-0.8043672005990544,0.9009088760241706,-0.502969299721533,0.4949399965586042,-0.7423290972289317,-1.177851894974348,1.3328646151483206,0.2744324511807092,0.561785957960427,0.23238544103697253,-0.997471732522988,1.0400678958661385,0.9841231756854657,0
-0.634918112038349,0.9009088760241706,0.8491410419312149,0.5020307737602824,-0.911310674287764,-1.177851894974348,0.8577891279455886,0.853056793629862,0.03476089066945202,-0.11162799739561437,-0.4814607612315388,-1.7179746001787888,0.9841231756854657,0
-0.46546902347764374,0.9009088760241706,-0.502969299721533,-0.5444194928651107,-0.23538436605243465,0.9048055324001227,0.4618928886099787,-1.461440576166749,1.2096575374964662,1.6084391947673204,-0.4814607612315388,0.7622794430270811,-1.0161329645585022,1
-0.9738162891597597,0.9009088760241706,0.8491410419312149,-0.9953708135642656,-0.911310674287764,0.9048055324001227,-1.121692068732461,1.4316811360790147,-0.3680608168140954,0.1177142948927768,-0.4814607612315388,-0.24966420660091387,-1.0161329645585022,1
-0.9738162891597597,0.9009088760241706,-1.179024470547907,-0.9656179755955313,-0.911310674287764,0.9048055324001227,-1.121692068732461,0.853056793629862,0.001192415045823164,-0.11162799739561437,-0.997471732522988,-0.7258729828964409,-1.0161329645585022,1
-0.634918112038349,0.9009088760241706,0.8491410419312149,0.49452939476073415,-0.911310674287764,-1.177851894974348,2.4413740852880284,0.853056793629862,2.3241309282009484,0.9204123179021463,-0.997471732522988,-0.9242933063529105,-1.0161329645585022,0
-0.2960199349169384,0.9009088760241706,1.5251962127575889,-0.9665655182060006,-0.23538436605243465,0.9048055324001227,-1.121692068732461,1.4316811360790147,0.8269769153870962,-0.11162799739561437,-0.4814607612315388,0.9606997664835506,-1.0161329645585022,1
-0.634918112038349,-1.1099901739376037,0.8491410419312149,0.49579278490802653,-0.911310674287764,-1.177851894974348,1.9662985980852963,-1.461440576166749,-0.005521280078902488,0.6910700256137552,-0.4814607612315388,-1.2616078562289088,0.9841231756854657,0
-0.8043672005990544,0.9009088760241706,0.8491410419312149,-0.95123112029324,-0.911310674287764,0.9048055324001227,-1.121692068732461,-0.8828162337175963,-0.11965409719924096,-0.11162799739561437,-0.997471732522988,0.18686050500331922,-1.0161329645585022,1
-0.634918112038349,-1.1099901739376037,-1.179024470547907,0.49702459030163654,-0.404365943111267,0.21058638994196582,-0.3774071387815143,0.2744324511807092,-0.37813135950118393,-0.9143260204049839,-0.997471732522988,1.1591200899400202,-1.0161329645585022,0
-0.8043672005990544,-1.1099901739376037,-0.502969299721533,0.04220413727639888,-0.7423290972289317,-1.177851894974348,-0.2507203421941191,0.2744324511807092,1.451350561986595,-0.45564143582820127,-0.7394662468772634,1.1591200899400202,-1.0161329645585022,1
-0.8043672005990544,-1.1099901739376037,-0.502969299721533,-0.951025819394305,-0.911310674287764,0.9048055324001227,-1.121692068732461,-1.461440576166749,-1.2475548781531747,-0.11162799739561437,-0.7394662468772634,-0.011559818453150373,-1.0161329645585022,1
-0.8043672005990544,0.9009088760241706,0.8491410419312149,0.4960770476911673,-0.5733475201700994,-1.177851894974348,0.06599664927436881,1.4316811360790147,1.9112386780303117,-0.570312581972397,-0.997471732522988,-0.8647672093159696,0.9841231756854657,0
-0.8043672005990544,0.9009088760241706,1.5251962127575889,0.4951452974575392,-0.911310674287764,-1.177851894974348,0.952804225386135,-0.8828162337175963,1.7937490133476108,0.003043148748581378,-0.7394662468772634,1.337698381050843,-1.0161329645585022,0
-0.8043672005990544,0.9009088760241706,0.8491410419312149,0.4926974790471603,-0.911310674287764,-1.177851894974348,0.8577891279455886,0.853056793629862,0.0851136041048956,0.003043148748581378,-0.997471732522988,-2.273551505856904,0.9841231756854657,0
-0.8043672005990544,0.9009088760241706,1.5251962127575889,0.4899180207231172,-0.911310674287764,-1.177851894974348,-0.4090788379283631,-0.8828162337175963,0.8269769153870962,-0.9143260204049839,-0.4814607612315388,1.278172284013902,0.9841231756854657,0
-0.46546902347764374,0.9009088760241706,0.8491410419312149,0.4977510396363296,-0.5733475201700994,-1.177851894974348,0.5410721364771007,0.2744324511807092,0.0851136041048956,-0.2262991435398101,-0.997471732522988,-0.3488743683291487,-1.0161329645585022,0
-0.2960199349169384,-1.1099901739376037,0.8491410419312149,0.49970929436463274,0.2715603651240624,-1.177851894974348,-0.6307807319563046,-1.461440576166749,0.1522505553521539,-1.0289971665491795,-0.7394662468772634,0.2463866020402601,0.9841231756854657,0
-0.9738162891597597,-1.1099901739376037,-1.179024470547907,0.4955558992554092,-0.911310674287764,-0.4836327525161911,-0.5674373336626071,0.2744324511807092,0.40737097009173406,-1.0289971665491795,-0.997471732522988,-0.8647672093159696,0.9841231756854657,0
-0.8043672005990544,0.9009088760241706,0.8491410419312149,0.491844690697738,-0.5733475201700994,-1.177851894974348,0.5331542116903885,-0.8828162337175963,-0.3512765790022807,-0.2262991435398101,-0.997471732522988,0.9606997664835506,-1.0161329645585022,0
-0.46546902347764374,0.9009088760241706,-1.179024470547907,-0.9151139544575206,-0.06640278899360229,0.9048055324001227,-1.121692068732461,0.853056793629862,0.5114332445249834,-0.34097028968400567,-0.4814607612315388,0.4448069254967297,-1.0161329645585022,0
-1.143265377720465,0.9009088760241706,-1.179024470547907,-0.9023695063467092,-0.911310674287764,0.9048055324001227,-1.121692068732461,-0.8828162337175963,-1.0495008719737637,-0.34097028968400567,-0.997471732522988,-1.12271362980938,0.9841231756854657,0
-0.2960199349169384,-1.1099901739376037,-0.502969299721533,0.2687299906859131,-0.06640278899360229,-1.177851894974348,-0.3298995900612411,-1.461440576166749,1.417782086362966,-0.6849837281165926,-0.997471732522988,-1.142555662155027,-1.0161329645585022,1
-0.9738162891597597,0.9009088760241706,1.5251962127575889,-0.9057648673675573,-0.911310674287764,0.9048055324001227,-1.121692068732461,-1.461440576166749,0.2965950005337584,-0.34097028968400567,-0.4814607612315388,1.1988041546313142,-1.0161329645585022,0
-0.8043672005990544,-1.1099901739376037,0.8491410419312149,0.4969930055479542,-0.7423290972289317,-1.177851894974348,2.3226052134873454,1.4316811360790147,0.03811773823181484,0.9204123179021463,-0.4814607612315388,-0.30919030363785477,-1.0161329645585022,0
-0.9738162891597597,-1.1099901739376037,-0.502969299721533,-0.8844135738783171,-0.911310674287764,0.9048055324001227,-1.121692068732461,-0.3041918912684436,1.0787404825643134,-0.45564143582820127,-0.997471732522988,-1.3806600503027906,-1.0161329645585022,1
-0.634918112038349,0.9009088760241706,-0.502969299721533,-0.8788862419839131,-0.911310674287764,0.9048055324001227,-1.121692068732461,0.853056793629862,0.9511802751945232,-0.45564143582820127,-0.7394662468772634,-1.3409759856114967,-1.0161329645585022,1
-0.2960199349169384,-1.1099901739376037,1.5251962127575889,0.49694562841743073,-0.911310674287764,-1.177851894974348,2.3226052134873454,0.2744324511807092,1.2465828606824585,0.9204123179021463,-0.4814607612315388,0.5638591195706114,-1.0161329645585022,0
-0.46546902347764374,-1.1099901739376037,-1.179024470547907,0.27094092344367465,-0.404365943111267,-1.177851894974348,-0.5674373336626071,0.853056793629862,-1.0092187012254088,-0.9143260204049839,-0.997471732522988,-0.5076106270943244,-1.0161329645585022,1
-0.2960199349169384,-1.1099901739376037,-1.179024470547907,0.27283600866461316,-0.23538436605243465,-1.177851894974348,0.06599664927436881,0.853056793629862,0.001192415045823164,-0.45564143582820127,-0.997471732522988,0.7424374106814341,-1.0161329645585022,1
-0.46546902347764374,0.9009088760241706,1.5251962127575889,-0.8582929825830482,-0.23538436605243465,0.9048055324001227,-1.121692068732461,0.853056793629862,1.575553921794022,-0.45564143582820127,-0.997471732522988,0.8614896047553159,-1.0161329645585022,1
-0.634918112038349,0.9009088760241706,-1.179024470547907,0.5056156433032244,-0.911310674287764,-1.177851894974348,-0.5674373336626071,-0.3041918912684436,0.001192415045823164,-1.0289971665491795,-0.4814607612315388,0.20670253734896618,0.9841231756854657,0
-1.143265377720465,-1.1099901739376037,1.5251962127575889,-0.8680842562245638,-0.911310674287764,0.9048055324001227,-1.121692068732461,0.853056793629862,0.9343960373827085,-0.45564143582820127,-0.7394662468772634,1.0797519605574324,-1.0161329645585022,0
-0.46546902347764374,0.9009088760241706,-0.502969299721533,-0.534912482006736,-0.5733475201700994,0.9048055324001227,0.4618928886099787,-1.461440576166749,2.5557534100039887,1.4937680486231246,-0.7394662468772634,0.20670253734896618,-1.0161329645585022,1
-0.2960199349169384,-1.1099901739376037,-0.502969299721533,0.507637067538892,-0.404365943111267,-1.177851894974348,0.7786098800784667,0.2744324511807092,-1.0495008719737637,-0.11162799739561437,-0.4814607612315388,1.238488219322608,-1.0161329645585022,0
-0.634918112038349,0.9009088760241706,-0.502969299721533,0.2802742181567967,-0.404365943111267,-1.177851894974348,0.06599664927436881,0.853056793629862,0.2193875065994116,-0.45564143582820127,-0.997471732522988,0.2463866020402601,-1.0161329645585022,1
-0.46546902347764374,0.9009088760241706,0.8491410419312149,-0.397471426358172,-0.911310674287764,0.9048055324001227,0.4618928886099787,0.2744324511807092,-0.21364582894540246,1.035083464046342,-0.7394662468772634,-0.03140185079879733,0.9841231756854657,0
-0.9738162891597597,0.9009088760241706,0.8491410419312149,0.5098164155429713,-0.911310674287764,-1.177851894974348,0.0976683484212176,-0.8828162337175963,0.001192415045823164,-0.570312581972397,-0.4814607612315388,0.7424374106814341,0.9841231756854657,0
-0.8043672005990544,0.9009088760241706,1.5251962127575889,-0.37725718400149477,-0.911310674287764,0.9048055324001227,0.4618928886099787,-0.8828162337175963,0.03476089066945202,0.9204123179021463,-0.997471732522988,0.26622863438590705,0.9841231756854657,0
-0.2960199349169384,-1.1099901739376037,0.8491410419312149,-0.35549528871438446,-0.404365943111267,0.9048055324001227,0.4618928886099787,-0.8828162337175963,0.2865244578466693,0.9204123179021463,-0.7394662468772634,-1.182239726846321,0.9841231756854657,0
-1.143265377720465,0.9009088760241706,1.5251962127575889,-0.3200414027059935,-0.911310674287764,0.9048055324001227,0.4618928886099787,1.4316811360790147,-1.1804179269059165,0.8057411717579506,-0.4814607612315388,0.6630692812988462,0.9841231756854657,0
-0.2960199349169384,0.9009088760241706,-0.502969299721533,-0.4110212856878822,-0.23538436605243465,0.9048055324001227,0.4618928886099787,-0.3041918912684436,3.018998373610068,1.035083464046342,-0.997471732522988,1.2186461869769611,-1.0161329645585022,1
-0.8043672005990544,0.9009088760241706,-0.502969299721533,0.5092163052230074,-0.7423290972289317,-1.177851894974348,-1.121692068732461,-0.8828162337175963,0.001192415045823164,-1.3730106049817663,-0.997471732522988,0.7027533459901402,0.9841231756854657,0
-0.9738162891597597,0.9009088760241706,-0.502969299721533,-0.29262583650975005,-0.911310674287764,0.9048055324001227,0.4618928886099787,0.2744324511807092,-1.2475548781531747,0.6910700256137552,-0.997471732522988,1.0995939929030794,-1.0161329645585022,0
-0.46546902347764374,-1.1099901739376037,-0.502969299721533,0.5084898558883144,-0.5733475201700994,-1.177851894974348,-1.2800505644667048,1.4316811360790147,1.223084927745918,-1.487681751125962,-0.997471732522988,-0.32903233598350173,0.9841231756854657,0
-0.9738162891597597,0.9009088760241706,0.8491410419312149,0.5158017263657687,-0.911310674287764,-1.177851894974348,-0.052772222526314166,1.4316811360790147,-1.0427871768490378,-0.6849837281165926,-0.7394662468772634,0.6233852166075523,0.9841231756854657,0
-0.634918112038349,-1.1099901739376037,-0.502969299721533,-0.29976399084195166,-0.5733475201700994,0.9048055324001227,0.4618928886099787,-1.461440576166749,-1.0495008719737637,0.8057411717579506,-0.7394662468772634,-1.9560789883265524,0.9841231756854657,0
-0.2960199349169384,0.9009088760241706,-1.179024470547907,0.5088372881788198,-0.5733475201700994,-1.177851894974348,-1.2800505644667048,-0.8828162337175963,-0.46205254856025635,-1.487681751125962,-0.997471732522988,-1.6187644384505542,0.9841231756854657,0
-0.8043672005990544,-1.1099901739376037,0.8491410419312149,0.5106376191387113,-0.911310674287764,-1.177851894974348,2.4413740852880284,1.4316811360790147,-0.005521280078902488,0.9204123179021463,-0.4814607612315388,-0.13061201252703214,-1.0161329645585022,0
-0.634918112038349,0.9009088760241706,-0.502969299721533,-0.5860639905952341,-0.5733475201700994,0.21058638994196582,-1.248378865319856,1.4316811360790147,-0.21028898138303903,-1.143668312693375,-0.997471732522988,0.782121475372728,-1.0161329645585022,0
-0.9738162891597597,0.9009088760241706,-1.179024470547907,-0.5855744269131583,-0.911310674287764,0.21058638994196582,-0.3536533644213777,0.2744324511807092,1.0787404825643134,0.3470565871811683,-0.997471732522988,0.10749237562073138,0.9841231756854657,0
-0.8043672005990544,0.9009088760241706,0.8491410419312149,0.5144751667111118,-0.404365943111267,-1.177851894974348,-0.7257958293968509,-0.8828162337175963,-0.6936750303632967,-1.143668312693375,-0.4814607612315388,-0.5472946917856183,-1.0161329645585022,0
-0.2960199349169384,-1.1099901739376037,0.8491410419312149,0.5163860443088915,0.10257878806523006,-1.177851894974348,1.4912231108825644,0.2744324511807092,-0.21364582894540246,0.3470565871811683,-0.4814607612315388,1.1194360252487263,0.9841231756854657,0
-0.2960199349169384,-1.1099901739376037,-0.502969299721533,-0.5950656453946919,-0.5733475201700994,0.21058638994196582,-0.646616581529729,0.853056793629862,-1.173704231781191,-0.11162799739561437,-0.997471732522988,-0.7060309505507939,-1.0161329645585022,0
-0.46546902347764374,-1.1099901739376037,-1.179024470547907,0.517365171673043,-0.06640278899360229,-1.177851894974348,0.38271364074285674,1.4316811360790147,1.934736610966852,-0.34097028968400567,-0.4814607612315388,0.5241750548793175,-1.0161329645585022,0
-1.143265377720465,-1.1099901739376037,-0.502969299721533,-0.26378895639780264,-0.911310674287764,0.9048055324001227,0.4618928886099787,0.2744324511807092,0.001192415045823164,0.6910700256137552,-0.7394662468772634,-1.142555662155027,0.9841231756854657,0
-0.46546902347764374,-1.1099901739376037,-1.179024470547907,0.5165123833236207,-0.23538436605243465,-1.177851894974348,0.38271364074285674,1.4316811360790147,-1.4724636648314886,-0.34097028968400567,-0.997471732522988,0.008282213892496587,0.9841231756854657,0
-0.634918112038349,0.9009088760241706,0.8491410419312149,-0.199971961582699,-0.7423290972289317,0.9048055324001227,0.4618928886099787,0.2744324511807092,0.6255660616453219,0.5763988794695595,-0.997471732522988,-2.531497926350314,0.9841231756854657,0
-0.8043672005990544,0.9009088760241706,0.8491410419312149,0.5163702519320503,-0.5733475201700994,-1.177851894974348,-1.2008713165995828,-1.461440576166749,-1.0427871768490378,-1.3730106049817663,-0.4814607612315388,0.8614896047553159,-1.0161329645585022,0
-0.2960199349169384,0.9009088760241706,1.5251962127575889,-0.2787285448895344,-0.404365943111267,0.9048055324001227,0.4618928886099787,-1.461440576166749,1.0653130923148617,0.6910700256137552,-0.4814607612315388,0.801963507718375,-1.0161329645585022,1
-0.9738162891597597,-1.1099901739376037,0.8491410419312149,0.5190865407487287,-0.911310674287764,-1.177851894974348,-0.9474977234247925,0.2744324511807092,-1.0427871768490378,-1.2583394588375707,-0.7394662468772634,1.4170665104334308,-1.0161329645585022,0
-0.2960199349169384,0.9009088760241706,-1.179024470547907,0.515722764481563,-0.7423290972289317,-1.177851894974348,-0.2507203421941191,-1.461440576166749,-1.3482603050240614,-0.7996548742607882,-0.997471732522988,-1.3409759856114967,0.9841231756854657,0
-0.2960199349169384,0.9009088760241706,-1.179024470547907,0.5145067514647941,0.10257878806523006,-1.177851894974348,-0.5674373336626071,-1.461440576166749,-0.005521280078902488,-1.0289971665491795,-0.7394662468772634,1.5162766721616654,0.9841231756854657,0
-0.46546902347764374,0.9009088760241706,-0.502969299721533,0.5203183461423389,-0.06640278899360229,-1.177851894974348,-1.2008713165995828,-1.461440576166749,1.417782086362966,-1.3730106049817663,-0.4814607612315388,0.7027533459901402,0.9841231756854657,0
-0.634918112038349,-1.1099901739376037,-0.502969299721533,-0.5912123054454503,-0.5733475201700994,0.21058638994196582,-1.2008713165995828,-0.8828162337175963,0.23617174441122635,-1.0289971665491795,-0.7394662468772634,0.6829113136444932,-1.0161329645585022,0
-0.8043672005990544,0.9009088760241706,1.5251962127575889,0.2851540626007133,-0.911310674287764,-1.177851894974348,1.0161476236798326,-1.461440576166749,0.3301634761573873,0.23238544103697253,-0.7394662468772634,0.7225953783357871,-1.0161329645585022,1
-0.9738162891597597,0.9009088760241706,0.8491410419312149,-0.10757076468510646,-0.404365943111267,0.9048055324001227,0.4618928886099787,0.853056793629862,-0.1397951825734185,0.3470565871811683,-0.4814607612315388,-1.9163949236352584,0.9841231756854657,0
-0.634918112038349,0.9009088760241706,0.8491410419312149,-0.10798136648297646,-0.911310674287764,0.9048055324001227,0.4618928886099787,-0.8828162337175963,0.16232109803924238,0.3470565871811683,-0.997471732522988,-2.094973214746081,0.9841231756854657,0
-0.8043672005990544,-1.1099901739376037,0.8491410419312149,-0.11088716382174882,-0.911310674287764,0.9048055324001227,0.4618928886099787,0.853056793629862,-0.25392799969375696,0.3470565871811683,-0.7394662468772634,-0.36871640067479566,0.9841231756854657,0
-0.46546902347764374,0.9009088760241706,-1.179024470547907,-0.10866043868714609,-0.911310674287764,0.9048055324001227,0.4618928886099787,-0.8828162337175963,0.2965950005337584,0.3470565871811683,-0.997471732522988,0.9805417988291976,0.9841231756854657,0
-0.634918112038349,0.9009088760241706,0.8491410419312149,-0.22413429814966476,-0.911310674287764,0.9048055324001227,0.4618928886099787,1.4316811360790147,1.1727322143104744,0.5763988794695595,-0.4814607612315388,-0.38855843302044263,-1.0161329645585022,1
-0.9738162891597597,0.9009088760241706,0.8491410419312149,-0.06767922078435124,-0.5733475201700994,0.9048055324001227,0.4618928886099787,0.2744324511807092,-1.2475548781531747,0.3470565871811683,-0.997471732522988,-1.3211339532658497,0.9841231756854657,0
-0.9738162891597597,-1.1099901739376037,0.8491410419312149,-0.05332395023574218,-0.404365943111267,0.9048055324001227,0.4618928886099787,-0.8828162337175963,-0.25392799969375696,0.23238544103697253,-0.7394662468772634,-1.3608180179571436,-1.0161329645585022,0
-0.2960199349169384,0.9009088760241706,0.8491410419312149,0.519212879763458,-0.5733475201700994,-1.177851894974348,-0.6307807319563046,0.853056793629862,0.001192415045823164,-1.0289971665491795,-0.4814607612315388,-0.2893482712922078,-1.0161329645585022,0
-0.9738162891597597,-1.1099901739376037,0.8491410419312149,-0.007304964120619174,-0.404365943111267,0.9048055324001227,0.4618928886099787,-0.8828162337175963,-1.3751150855229646,0.23238544103697253,-0.997471732522988,1.278172284013902,0.9841231756854657,0
-0.2960199349169384,-1.1099901739376037,-1.179024470547907,0.5191497102560934,-0.06640278899360229,-1.177851894974348,1.2536853672811985,0.2744324511807092,-1.173704231781191,0.23238544103697253,-0.4814607612315388,0.20670253734896618,-1.0161329645585022,0
-0.8043672005990544,-1.1099901739376037,-0.502969299721533,-0.011095134562496155,-0.911310674287764,0.9048055324001227,0.4618928886099787,-0.8828162337175963,0.15896425047687956,0.23238544103697253,-0.4814607612315388,0.38528082845978884,0.9841231756854657,0
-0.8043672005990544,0.9009088760241706,1.5251962127575889,0.5185180151824472,-0.06640278899360229,0.21058638994196582,2.4413740852880284,1.4316811360790147,0.5785701957722418,0.9204123179021463,-0.7394662468772634,2.0321695131484865,0.9841231756854657,0
-0.46546902347764374,-1.1099901739376037,-1.179024470547907,0.5112535218355163,-0.5733475201700994,-1.177851894974348,0.38271364074285674,0.2744324511807092,-1.0495008719737637,-0.34097028968400567,-0.4814607612315388,0.6035431842619053,0.9841231756854657,0
-0.8043672005990544,0.9009088760241706,-1.179024470547907,0.5164176290625737,-0.23538436605243465,0.21058638994196582,0.06599664927436881,1.4316811360790147,-0.37813135950118393,-0.570312581972397,-0.7394662468772634,0.22654456969461315,0.9841231756854657,0
-1.143265377720465,0.9009088760241706,-0.502969299721533,0.5135434164774837,-0.911310674287764,-1.177851894974348,0.034324950127520015,-0.8828162337175963,0.5785701957722418,-0.570312581972397,-0.7394662468772634,0.32575473142284794,0.9841231756854657,0
-0.634918112038349,0.9009088760241706,0.8491410419312149,0.07915829908469944,-0.23538436605243465,0.9048055324001227,0.4618928886099787,-0.3041918912684436,-1.0495008719737637,0.1177142948927768,-0.7394662468772634,-1.5393963090679663,-1.0161329645585022,0
-0.46546902347764374,-1.1099901739376037,-1.179024470547907,0.27891607374845745,-0.911310674287764,0.9048055324001227,0.4618928886099787,1.4316811360790147,-0.5459737376193288,-0.11162799739561437,-0.997471732522988,-0.5869787564769122,-1.0161329645585022,0
-0.8043672005990544,-1.1099901739376037,-0.502969299721533,0.3457336201633804,-0.911310674287764,0.9048055324001227,0.4618928886099787,-1.461440576166749,-1.4993184453303918,-0.2262991435398101,-0.4814607612315388,0.801963507718375,0.9841231756854657,0
-0.634918112038349,0.9009088760241706,-1.179024470547907,0.1354423301465726,-0.404365943111267,0.9048055324001227,0.4618928886099787,-1.461440576166749,-1.6805882136979884,0.003043148748581378,-0.997471732522988,1.1988041546313142,-1.0161329645585022,1
-0.8043672005990544,-1.1099901739376037,-0.502969299721533,-0.6024880625100343,-0.7423290972289317,0.21058638994196582,-1.01084112171849,1.4316811360790147,-1.2979075915886182,-0.6849837281165926,-0.7394662468772634,-2.3529196352394917,0.9841231756854657,0
-0.2960199349169384,-1.1099901739376037,-0.502969299721533,0.5541140325824085,-0.404365943111267,0.9048055324001227,0.4618928886099787,0.2744324511807092,0.5382880250238866,-0.34097028968400567,-0.997471732522988,0.305912699077201,0.9841231756854657,0
-0.634918112038349,-1.1099901739376037,0.8491410419312149,0.5189602017339996,-0.7423290972289317,-1.177851894974348,1.3328646151483206,1.4316811360790147,0.25966967734776614,0.23238544103697253,-0.7394662468772634,1.238488219322608,-1.0161329645585022,0
-0.8043672005990544,-1.1099901739376037,1.5251962127575889,0.5188496550961115,-0.7423290972289317,-1.177851894974348,-1.042512820865339,1.4316811360790147,-1.3046212867133438,-1.2583394588375707,-0.7394662468772634,-1.4005020826484376,0.9841231756854657,0
-0.9738162891597597,-1.1099901739376037,-1.179024470547907,0.5194813501697576,-0.911310674287764,-1.177851894974348,-0.3298995900612411,1.4316811360790147,0.001192415045823164,-0.7996548742607882,-0.4814607612315388,-1.6386064707962011,0.9841231756854657,0
-0.46546902347764374,0.9009088760241706,-1.179024470547907,0.5172862097888372,-0.7423290972289317,-1.177851894974348,-0.17945901911370934,-1.461440576166749,0.8336906105118219,-0.6849837281165926,-0.997471732522988,-2.194183376474316,0.9841231756854657,0
-0.634918112038349,0.9009088760241706,0.8491410419312149,0.8351709632244277,-0.5733475201700994,0.9048055324001227,0.4618928886099787,-1.461440576166749,-0.4654093961226198,-0.570312581972397,-0.4814607612315388,1.3972244780877838,0.9841231756854657,0
-0.46546902347764374,0.9009088760241706,1.5251962127575889,0.5231609739737465,-0.404365943111267,-1.177851894974348,2.4413740852880284,-0.8828162337175963,1.5352717510456675,0.9204123179021463,-0.4814607612315388,-0.03140185079879733,0.9841231756854657,0
-0.9738162891597597,0.9009088760241706,-1.179024470547907,0.5146488828563645,-0.911310674287764,-1.177851894974348,0.38271364074285674,0.2744324511807092,0.16232109803924238,-0.34097028968400567,-0.7394662468772634,-0.7655570475877348,0.9841231756854657,0
-0.9738162891597597,0.9009088760241706,-1.179024470547907,0.5203499308960211,-0.911310674287764,-1.177851894974348,-0.4090788379283631,0.853056793629862,-0.46205254856025635,-0.9143260204049839,-0.997471732522988,0.821805540064022,0.9841231756854657,0
-0.2960199349169384,-1.1099901739376037,-1.179024470547907,0.5257193390220135,-0.5733475201700994,-1.177851894974348,0.38271364074285674,-0.3041918912684436,0.0851136041048956,-0.34097028968400567,-0.997471732522988,0.46464895784237664,0.9841231756854657,0
-0.9738162891597597,0.9009088760241706,-1.179024470547907,-0.6769017421855523,-0.911310674287764,0.9048055324001227,0.4777287381834031,0.2744324511807092,0.3301634761573873,2.2964660716324943,-0.4814607612315388,-0.26950623894656084,-1.0161329645585022,1
-0.46546902347764374,-1.1099901739376037,-1.179024470547907,-0.4368576142000103,-0.911310674287764,0.9048055324001227,0.4777287381834031,0.2744324511807092,0.0851136041048956,1.1497546101905376,-0.7394662468772634,0.6035431842619053,-1.0161329645585022,0
-0.46546902347764374,-1.1099901739376037,-0.502969299721533,0.5244085717441977,-0.404365943111267,-1.177851894974348,0.6994306322113446,-0.3041918912684436,0.4107278176540969,-0.2262991435398101,-0.4814607612315388,0.9606997664835506,0.9841231756854657,0
-0.2960199349169384,-1.1099901739376037,1.5251962127575889,0.5249297201799558,-0.06640278899360229,-1.177851894974348,-0.527847709729046,1.4316811360790147,1.2835081838684501,-0.9143260204049839,-0.7394662468772634,1.337698381050843,0.9841231756854657,0
-0.634918112038349,-1.1099901739376037,1.5251962127575889,-0.34541975228972815,-0.23538436605243465,0.9048055324001227,0.4777287381834031,-0.8828162337175963,0.27645391515958084,0.9204123179021463,-0.997471732522988,-0.8449251769703227,0.9841231756854657,0
-0.9738162891597597,0.9009088760241706,-0.502969299721533,0.15426684334122825,-0.5733475201700994,0.9048055324001227,0.4777287381834031,0.853056793629862,-0.11965409719924096,0.003043148748581378,-0.7394662468772634,0.305912699077201,0.9841231756854657,0
-0.9738162891597597,-1.1099901739376037,-1.179024470547907,0.8375398197506009,-0.911310674287764,0.9048055324001227,0.4777287381834031,-1.461440576166749,-0.0860856215756121,-0.570312581972397,-0.997471732522988,0.305912699077201,-1.0161329645585022,0
-0.8043672005990544,0.9009088760241706,0.8491410419312149,0.0656558168855127,-0.5733475201700994,-1.177851894974348,0.0026532509806712224,0.2744324511807092,0.001192415045823164,-0.34097028968400567,-0.4814607612315388,0.16701847265767225,-1.0161329645585022,1
-0.634918112038349,-1.1099901739376037,-1.179024470547907,0.5299043188849193,-0.911310674287764,-1.177851894974348,-0.9474977234247925,0.2744324511807092,-1.8752853723150364,-1.2583394588375707,-0.997471732522988,-2.630708088078549,0.9841231756854657,0
-0.9738162891597597,0.9009088760241706,-0.502969299721533,2.350181050726863,-0.911310674287764,0.9048055324001227,0.4777287381834031,-0.8828162337175963,-1.371758237960602,-0.9143260204049839,-0.4814607612315388,-0.5671367241312653,-1.0161329645585022,0
-0.9738162891597597,0.9009088760241706,-1.179024470547907,0.5275828394892697,-0.911310674287764,-1.177851894974348,-0.7257958293968509,-0.8828162337175963,-0.34120603631519225,-1.143668312693375,-0.997471732522988,-0.9242933063529105,0.9841231756854657,0
-1.143265377720465,-1.1099901739376037,-1.179024470547907,0.5176020573256603,-0.911310674287764,-1.177851894974348,2.4413740852880284,-0.8828162337175963,-0.21700267650776528,0.9204123179021463,-0.7394662468772634,-0.13061201252703214,-1.0161329645585022,0
-0.46546902347764374,-1.1099901739376037,-0.502969299721533,0.07391522997343629,-0.404365943111267,-1.177851894974348,1.9662985980852963,0.2744324511807092,2.948504574800447,1.379096902478929,-0.7394662468772634,-0.03140185079879733,-1.0161329645585022,1
-0.46546902347764374,0.9009088760241706,-0.502969299721533,0.5236663300326635,-0.5733475201700994,-1.177851894974348,1.6495816066168083,-1.461440576166749,-0.12972463988633004,0.4617277333253637,-0.7394662468772634,-3.2259690584479577,0.9841231756854657,0
-0.8043672005990544,0.9009088760241706,0.8491410419312149,-0.8139479884130875,-0.911310674287764,0.9048055324001227,0.4935645877568275,-0.8828162337175963,1.0955247203761276,3.5578486792186466,-0.4814607612315388,0.12733440796637835,-1.0161329645585022,1
-0.9738162891597597,0.9009088760241706,-0.502969299721533,0.5259246399209485,-0.911310674287764,-1.177851894974348,-0.5674373336626071,-1.461440576166749,0.001192415045823164,-1.0289971665491795,-0.997471732522988,0.8416475724096689,0.9841231756854657,0
-0.9738162891597597,0.9009088760241706,-0.502969299721533,0.3116378785633287,-0.404365943111267,-1.177851894974348,0.06599664927436881,0.853056793629862,0.1522505553521539,-0.45564143582820127,-0.7394662468772634,0.4844909901880236,-1.0161329645585022,1
-0.8043672005990544,-1.1099901739376037,-1.179024470547907,0.07822654885107135,-0.911310674287764,0.9048055324001227,0.4935645877568275,1.4316811360790147,0.001192415045823164,0.1177142948927768,-0.997471732522988,-1.0433455004267922,-1.0161329645585022,0
-0.9738162891597597,-1.1099901739376037,0.8491410419312149,-0.2588143576928391,-0.404365943111267,0.9048055324001227,0.5014825125435397,0.2744324511807092,2.431550050196561,0.6910700256137552,-0.4814607612315388,-0.7457150152420878,-1.0161329645585022,1
-0.46546902347764374,0.9009088760241706,-1.179024470547907,0.5344525234151717,-0.23538436605243465,-1.177851894974348,3.2331665639592484,-0.3041918912684436,-0.11965409719924096,1.379096902478929,-0.4814607612315388,-1.2616078562289088,0.9841231756854657,0
-0.8043672005990544,0.9009088760241706,-1.179024470547907,0.5322889677879336,-0.7423290972289317,-1.177851894974348,0.5410721364771007,0.853056793629862,-1.6705176710108995,-0.34097028968400567,-0.4814607612315388,-0.190138109563973,0.9841231756854657,0
-0.9738162891597597,0.9009088760241706,1.5251962127575889,0.5392060288443591,-0.911310674287764,-1.177851894974348,4.024959042630468,0.853056793629862,1.417782086362966,1.952452633199907,-0.4814607612315388,0.5043330225336705,-1.0161329645585022,0
-0.634918112038349,0.9009088760241706,-1.179024470547907,-0.6410056696256091,-0.911310674287764,0.9048055324001227,0.5094004373302519,-0.3041918912684436,0.4745079213389917,2.1817949254882985,-0.7394662468772634,1.0202258635204915,-1.0161329645585022,1
-0.8043672005990544,0.9009088760241706,-1.179024470547907,-0.5215521311991196,-0.5733475201700994,0.9048055324001227,0.5094004373302519,-1.461440576166749,-0.707102420612748,1.4937680486231246,-0.4814607612315388,1.1194360252487263,-1.0161329645585022,1
-0.2960199349169384,-1.1099901739376037,-1.179024470547907,0.5352737270109117,0.10257878806523006,-1.177851894974348,0.8577891279455886,0.853056793629862,-1.623521805137819,-0.11162799739561437,-0.997471732522988,-0.15045404487267908,-1.0161329645585022,0
-0.634918112038349,-1.1099901739376037,-0.502969299721533,0.5301254121606955,-0.5733475201700994,-1.177851894974348,2.4413740852880284,-0.8828162337175963,0.16232109803924238,0.9204123179021463,-0.4814607612315388,0.028124246238143545,0.9841231756854657,0
-0.9738162891597597,-1.1099901739376037,-1.179024470547907,-0.4898410385020822,-0.7423290972289317,0.9048055324001227,0.5094004373302519,0.2744324511807092,-0.707102420612748,1.379096902478929,-0.997471732522988,-2.03544711770914,-1.0161329645585022,1
-1.143265377720465,0.9009088760241706,0.8491410419312149,-0.48560868150865294,-0.911310674287764,0.9048055324001227,0.5094004373302519,1.4316811360790147,0.5651428055227898,1.379096902478929,-0.997471732522988,-0.7853990799333818,-1.0161329645585022,1
-0.8043672005990544,0.9009088760241706,-0.502969299721533,-0.49464192106179306,-0.23538436605243465,0.9048055324001227,0.5094004373302519,-0.8828162337175963,1.676259348664909,1.379096902478929,-0.7394662468772634,-0.07108591549009124,-1.0161329645585022,1
-0.46546902347764374,-1.1099901739376037,-0.502969299721533,0.5423802965894311,0.2715603651240624,-1.177851894974348,1.6495816066168083,0.2744324511807092,0.001192415045823164,0.4617277333253637,-0.4814607612315388,1.6551708985811941,-1.0161329645585022,0
-0.2960199349169384,0.9009088760241706,-1.179024470547907,-0.4499179098476447,-0.7423290972289317,0.9048055324001227,0.5094004373302519,-0.8828162337175963,-0.1397951825734185,1.2644257563347332,-0.997471732522988,-0.24966420660091387,0.9841231756854657,0
-0.9738162891597597,-1.1099901739376037,0.8491410419312149,-0.40181432998948935,-0.911310674287764,0.9048055324001227,0.5094004373302519,-0.8828162337175963,0.5785701957722418,1.1497546101905376,-0.997471732522988,-1.2814498885745558,0.9841231756854657,0
-0.2960199349169384,-1.1099901739376037,0.17308587110484092,0.5348789175898828,-0.06640278899360229,-1.177851894974348,-0.7257958293968509,-1.461440576166749,-1.1166378232210217,-1.143668312693375,-0.7394662468772634,0.06780831092943747,0.9841231756854657,0
-0.9738162891597597,0.9009088760241706,-1.179024470547907,-0.4520340883443594,-0.911310674287764,0.9048055324001227,0.5094004373302519,1.4316811360790147,1.4110683912382405,1.2644257563347332,-0.997471732522988,0.6233852166075523,-1.0161329645585022,1
-0.8043672005990544,0.9009088760241706,1.5251962127575889,-0.37427242477851663,-0.911310674287764,0.9048055324001227,0.5094004373302519,-0.8828162337175963,2.820944367430657,1.035083464046342,-0.7394662468772634,-0.5869787564769122,-1.0161329645585022,1
-0.2960199349169384,0.9009088760241706,0.8491410419312149,-0.24278509519906774,-0.5733475201700994,0.9048055324001227,0.5094004373302519,-0.3041918912684436,-1.8752853723150364,0.6910700256137552,-0.4814607612315388,-2.3529196352394917,0.9841231756854657,0
-0.9738162891597597,0.9009088760241706,0.8491410419312149,0.5391112745833122,-0.911310674287764,-1.177851894974348,1.6495816066168083,0.853056793629862,-0.7138161157374736,0.4617277333253637,-0.997471732522988,-1.202081759191968,0.9841231756854657,0
-0.8043672005990544,-1.1099901739376037,0.8491410419312149,0.5402483257158752,-0.5733475201700994,-1.177851894974348,1.3328646151483206,-0.8828162337175963,-1.4993184453303918,0.23238544103697253,-0.7394662468772634,0.7027533459901402,0.9841231756854657,0
-0.9738162891597597,-1.1099901739376037,-0.502969299721533,0.5423960889662722,-0.7423290972289317,-1.177851894974348,-1.1375279183058853,-0.8828162337175963,-0.1397951825734185,-1.3730106049817663,-0.4814607612315388,-0.22982217425526694,0.9841231756854657,0
-0.46546902347764374,-1.1099901739376037,0.8491410419312149,0.5389691431917418,0.2715603651240624,-1.177851894974348,4.024959042630468,0.853056793629862,-1.1804179269059165,1.952452633199907,-0.7394662468772634,-0.7060309505507939,0.9841231756854657,0
-0.634918112038349,0.9009088760241706,-0.502969299721533,-0.1874486067476638,-0.404365943111267,0.9048055324001227,0.5094004373302519,-0.8828162337175963,0.001192415045823164,0.5763988794695595,-0.4814607612315388,-0.13061201252703214,0.9841231756854657,0
-0.2960199349169384,-1.1099901739376037,0.8491410419312149,0.5417170167621026,-0.404365943111267,0.21058638994196582,-1.2008713165995828,1.4316811360790147,-1.8752853723150364,-1.3730106049817663,-0.997471732522988,0.305912699077201,0.9841231756854657,0
-0.46546902347764374,0.9009088760241706,1.5251962127575889,0.5455229795808207,-0.404365943111267,-1.177851894974348,0.6202513843442227,-0.3041918912684436,-0.33784918875282943,-0.2262991435398101,-0.997471732522988,1.3773824457421369,-1.0161329645585022,0
-0.8043672005990544,0.9009088760241706,1.5251962127575889,-0.14602520229331664,-0.404365943111267,0.9048055324001227,0.5094004373302519,0.2744324511807092,0.4745079213389917,0.4617277333253637,-0.997471732522988,1.258330251668255,-1.0161329645585022,0
-0.8043672005990544,0.9009088760241706,-0.502969299721533,-0.11344552887001577,-0.911310674287764,0.9048055324001227,0.5094004373302519,-1.461440576166749,-0.1397951825734185,0.4617277333253637,-0.4814607612315388,0.8813316371009629,0.9841231756854657,0
-0.9738162891597597,-1.1099901739376037,0.8491410419312149,0.5515398751573004,-0.911310674287764,-1.177851894974348,1.6495816066168083,-0.8828162337175963,0.16232109803924238,0.3470565871811683,-0.4814607612315388,-2.3529196352394917,0.9841231756854657,0
-0.2960199349169384,-1.1099901739376037,0.8491410419312149,-0.11137672750382459,0.2715603651240624,0.9048055324001227,0.5094004373302519,1.4316811360790147,0.6154955189582334,0.4617277333253637,-0.997471732522988,0.7622794430270811,0.9841231756854657,0
-0.8043672005990544,-1.1099901739376037,-1.179024470547907,0.54688112398916,-0.911310674287764,-1.177851894974348,-0.5674373336626071,-1.461440576166749,1.0955247203761276,-1.0289971665491795,-0.7394662468772634,-0.26950623894656084,0.9841231756854657,0
-0.2960199349169384,-1.1099901739376037,0.8491410419312149,0.5544614648729139,-0.404365943111267,-1.177851894974348,0.6994306322113446,-1.461440576166749,-1.6705176710108995,-0.2262991435398101,-0.4814607612315388,0.8813316371009629,0.9841231756854657,0
-0.8043672005990544,0.9009088760241706,0.8491410419312149,0.32883577694334554,-0.911310674287764,-1.177851894974348,0.38271364074285674,-0.3041918912684436,-0.41841353024953903,-0.2262991435398101,-0.997471732522988,-2.03544711770914,-1.0161329645585022,1
-0.8043672005990544,0.9009088760241706,-0.502969299721533,0.55304015095721,-0.911310674287764,-1.177851894974348,-1.2008713165995828,1.4316811360790147,-1.8752853723150364,-1.3730106049817663,-0.7394662468772634,-0.4877685947486774,0.9841231756854657,0
-0.8043672005990544,-1.1099901739376037,-0.502969299721533,0.5598624577525886,-0.911310674287764,-1.177851894974348,-0.2507203421941191,-0.8828162337175963,0.7430557263280237,-0.7996548742607882,-0.997471732522988,-2.9283385732632534,0.9841231756854657,0
-0.46546902347764374,0.9009088760241706,-1.179024470547907,0.5565934357464697,-0.23538436605243465,-1.177851894974348,1.6495816066168083,-1.461440576166749,-0.08944246913797492,0.3470565871811683,-0.7394662468772634,-1.2616078562289088,0.9841231756854657,0
-0.8043672005990544,0.9009088760241706,-1.179024470547907,-0.03669457742200693,-0.911310674287764,0.9048055324001227,0.5094004373302519,-0.8828162337175963,1.1223795008750308,0.23238544103697253,-0.4814607612315388,-0.686188918205147,-1.0161329645585022,0
-0.8043672005990544,-1.1099901739376037,-1.179024470547907,0.5528822271887985,-0.7423290972289317,-1.177851894974348,0.06599664927436881,1.4316811360790147,-0.3680608168140954,-0.570312581972397,-0.7394662468772634,-1.9957630530178463,0.9841231756854657,0
-0.8043672005990544,0.9009088760241706,0.8491410419312149,0.5507660486920839,-0.911310674287764,-1.177851894974348,1.4912231108825644,-0.8828162337175963,-1.173704231781191,0.3470565871811683,-0.4814607612315388,0.7424374106814341,-1.0161329645585022,0
-1.143265377720465,0.9009088760241706,-1.179024470547907,0.09720898581413856,-0.911310674287764,0.9048055324001227,0.5094004373302519,1.4316811360790147,1.327147202179168,0.1177142948927768,-0.4814607612315388,0.08765034327508442,0.9841231756854657,0
-0.8043672005990544,-1.1099901739376037,0.8491410419312149,0.5524716253909285,-0.404365943111267,-1.177851894974348,-0.8208109268373974,0.2744324511807092,-1.0427871768490378,-1.143668312693375,-0.7394662468772634,-0.36871640067479566,-1.0161329645585022,0
-0.634918112038349,-1.1099901739376037,-1.179024470547907,0.22410073373281164,-0.911310674287764,0.9048055324001227,0.5094004373302519,0.2744324511807092,0.001192415045823164,0.003043148748581378,-0.4814607612315388,-2.094973214746081,0.9841231756854657,0
-0.8043672005990544,-1.1099901739376037,0.8491410419312149,0.08722820365052918,-0.911310674287764,-1.177851894974348,0.8577891279455886,0.2744324511807092,-0.707102420612748,0.4617277333253637,-0.4814607612315388,0.9011736694466097,-1.0161329645585022,1
-0.8043672005990544,-1.1099901739376037,-1.179024470547907,0.5591044236642132,-0.911310674287764,-1.177851894974348,4.024959042630468,-0.8828162337175963,-1.0427871768490378,1.8377814870557112,-0.4814607612315388,-2.789444346843725,0.9841231756854657,0
-0.634918112038349,0.9009088760241706,-1.179024470547907,0.23924562312347838,-0.404365943111267,0.9048055324001227,0.5094004373302519,-0.3041918912684436,1.0418151593783211,-0.11162799739561437,-0.4814607612315388,0.3455967637684949,-1.0161329645585022,1
-0.46546902347764374,-1.1099901739376037,-1.179024470547907,0.7098584529898702,-0.404365943111267,0.9048055324001227,0.5094004373302519,-0.3041918912684436,1.575553921794022,-0.45564143582820127,-0.4814607612315388,-1.0235034680811452,0.9841231756854657,0
-0.634918112038349,0.9009088760241706,1.5251962127575889,0.55427195635082,-0.911310674287764,-1.177851894974348,-0.3378175148479533,0.853056793629862,0.5651428055227898,-0.9143260204049839,-0.4814607612315388,0.5043330225336705,0.9841231756854657,0
-0.9738162891597597,-1.1099901739376037,0.8491410419312149,0.5508292181994485,-0.911310674287764,-1.177851894974348,2.2830155895537843,-1.461440576166749,-1.0427871768490378,0.8057411717579506,-0.4814607612315388,0.3654387961141419,-1.0161329645585022,0
-0.9738162891597597,-1.1099901739376037,-0.502969299721533,0.5532296594793039,-0.911310674287764,-1.177851894974348,-0.5040939353689095,-0.8828162337175963,-1.0427871768490378,-0.9143260204049839,-0.4814607612315388,0.008282213892496587,0.9841231756854657,0
-0.634918112038349,-1.1099901739376037,-1.179024470547907,0.5490762643700804,-0.5733475201700994,-1.177851894974348,0.06599664927436881,-0.3041918912684436,-0.11965409719924096,-0.570312581972397,-0.4814607612315388,-0.8250831446246757,0.9841231756854657,0
-0.634918112038349,-1.1099901739376037,-0.502969299721533,0.5509397648373365,-0.5733475201700994,-1.177851894974348,0.8577891279455886,-1.461440576166749,0.5651428055227898,-0.11162799739561437,-0.997471732522988,0.32575473142284794,0.9841231756854657,0
-0.2960199349169384,0.9009088760241706,0.17308587110484092,-0.5757989456484839,-0.7423290972289317,0.9048055324001227,0.5212773245103202,0.2744324511807092,0.001192415045823164,1.8377814870557112,-0.997471732522988,-1.0036614357354983,-1.0161329645585022,1
-0.2960199349169384,0.9009088760241706,-1.179024470547907,0.5507186715615604,-0.911310674287764,-1.177851894974348,-0.47242223622206064,0.853056793629862,-1.173704231781191,-0.9143260204049839,-0.4814607612315388,-0.07108591549009124,-1.0161329645585022,0
-0.9738162891597597,-1.1099901739376037,-1.179024470547907,-0.637499761966873,-0.911310674287764,0.9048055324001227,0.5212773245103202,0.853056793629862,0.5114332445249834,2.1817949254882985,-0.4814607612315388,-0.30919030363785477,-1.0161329645585022,1
-0.2960199349169384,0.9009088760241706,-0.502969299721533,0.548428776919593,-0.23538436605243465,-1.177851894974348,0.8577891279455886,1.4316811360790147,1.6628319584154578,-0.11162799739561437,-0.997471732522988,-0.5869787564769122,-1.0161329645585022,0
-1.143265377720465,-1.1099901739376037,1.5251962127575889,-0.41804889338219575,-0.911310674287764,0.9048055324001227,0.5212773245103202,-0.8828162337175963,1.4446368668618692,1.1497546101905376,-0.997471732522988,0.9011736694466097,-1.0161329645585022,1
-0.9738162891597597,0.9009088760241706,0.8491410419312149,0.554066655451885,-0.7423290972289317,-1.177851894974348,-0.3774071387815143,-1.461440576166749,0.16232109803924238,-0.9143260204049839,-0.997471732522988,-1.102871597463733,0.9841231756854657,0
-0.634918112038349,0.9009088760241706,0.8491410419312149,-0.14593044803226973,-0.7423290972289317,0.9048055324001227,0.5331542116903885,-0.3041918912684436,0.001192415045823164,0.4617277333253637,-0.4814607612315388,0.7424374106814341,-1.0161329645585022,0
-0.9738162891597597,0.9009088760241706,-0.502969299721533,-0.2984374311872947,-0.911310674287764,0.9048055324001227,0.5410721364771007,-1.461440576166749,0.4745079213389917,0.8057411717579506,-0.997471732522988,-1.4798702120310254,0.9841231756854657,0
-0.8043672005990544,-1.1099901739376037,-0.502969299721533,0.5571619613127513,-0.911310674287764,-1.177851894974348,-0.3774071387815143,0.2744324511807092,1.2700807936189982,-0.9143260204049839,-0.4814607612315388,-0.38855843302044263,-1.0161329645585022,0
-0.8043672005990544,0.9009088760241706,1.5251962127575889,-0.4147324942455534,-0.911310674287764,0.9048055324001227,0.5410721364771007,-0.8828162337175963,2.478545916069642,1.1497546101905376,-0.7394662468772634,0.9210157017922567,-1.0161329645585022,1
-0.9738162891597597,-1.1099901739376037,0.8491410419312149,-0.2996218594503813,-0.911310674287764,0.9048055324001227,0.5410721364771007,0.2744324511807092,0.4107278176540969,0.8057411717579506,-0.7394662468772634,0.008282213892496587,-1.0161329645585022,0
-0.2960199349169384,-1.1099901739376037,0.8491410419312149,-0.30060098681453284,-0.5733475201700994,0.9048055324001227,0.5410721364771007,-0.3041918912684436,0.001192415045823164,0.8057411717579506,-0.7394662468772634,-0.46792656240303043,0.9841231756854657,0
-0.9738162891597597,0.9009088760241706,0.8491410419312149,-0.6046200333835902,-0.911310674287764,0.21058638994196582,0.6598410082777837,-0.8828162337175963,-1.371758237960602,2.1817949254882985,-0.997471732522988,0.6432272489531993,-1.0161329645585022,0
-0.2960199349169384,-1.1099901739376037,1.5251962127575889,0.5550773675697189,-0.23538436605243465,-1.177851894974348,2.2830155895537843,0.853056793629862,-0.005521280078902488,0.8057411717579506,-0.7394662468772634,1.238488219322608,0.9841231756854657,0
-0.8043672005990544,-1.1099901739376037,1.5251962127575889,-0.41127396371734065,-0.911310674287764,0.9048055324001227,0.5410721364771007,-0.3041918912684436,2.0992221415226346,1.1497546101905376,-0.7394662468772634,-0.4282424977117365,-1.0161329645585022,1
-0.8043672005990544,-1.1099901739376037,1.5251962127575889,0.55468255814869,-0.404365943111267,-1.177851894974348,0.38271364074285674,1.4316811360790147,0.3301634761573873,-0.45564143582820127,-0.7394662468772634,1.0202258635204915,-1.0161329645585022,0
-0.2960199349169384,-1.1099901739376037,0.8491410419312149,-0.301437982787114,-0.404365943111267,0.9048055324001227,0.5410721364771007,0.2744324511807092,0.3637319517810161,0.8057411717579506,-0.7394662468772634,-0.7060309505507939,0.9841231756854657,0
-0.2960199349169384,-1.1099901739376037,1.5251962127575889,0.5495816204289973,-0.7423290972289317,-1.177851894974348,2.4413740852880284,-0.8828162337175963,1.9750187817152072,0.9204123179021463,-0.997471732522988,1.4567505751247247,0.9841231756854657,0
-0.634918112038349,-1.1099901739376037,0.8491410419312149,-0.372772148978607,-0.404365943111267,0.9048055324001227,0.5410721364771007,0.2744324511807092,0.8269769153870962,1.035083464046342,-0.997471732522988,-0.09092794783573821,-1.0161329645585022,1
-0.634918112038349,0.9009088760241706,0.8491410419312149,0.3291358321033275,-0.911310674287764,-1.177851894974348,2.91644957249076,-1.461440576166749,1.8407448792206904,1.6084391947673204,-0.7394662468772634,0.9408577341379036,-1.0161329645585022,1
-0.634918112038349,-1.1099901739376037,-0.502969299721533,0.5548562742939428,-0.23538436605243465,-1.177851894974348,4.024959042630468,-1.461440576166749,0.3301634761573873,1.8377814870557112,-0.997471732522988,-0.24966420660091387,0.9841231756854657,0
-0.46546902347764374,0.9009088760241706,1.5251962127575889,-0.25826162450339873,-0.23538436605243465,0.9048055324001227,0.5410721364771007,0.853056793629862,1.4446368668618692,0.6910700256137552,-0.997471732522988,0.22654456969461315,0.9841231756854657,0
-0.46546902347764374,0.9009088760241706,0.8491410419312149,0.5504659935321019,0.10257878806523006,-1.177851894974348,1.3328646151483206,1.4316811360790147,-0.005521280078902488,0.23238544103697253,-0.7394662468772634,0.10749237562073138,-1.0161329645585022,0
-0.9738162891597597,-1.1099901739376037,-1.179024470547907,0.5545404267571197,-0.5733475201700994,-1.177851894974348,0.12934004756806639,-0.8828162337175963,-1.8752853723150364,-0.570312581972397,-0.4814607612315388,1.0202258635204915,0.9841231756854657,0
-0.9738162891597597,-1.1099901739376037,-0.502969299721533,-0.25766151418343486,-0.911310674287764,0.9048055324001227,0.5410721364771007,1.4316811360790147,-0.6936750303632967,0.6910700256137552,-0.997471732522988,-0.20998014190961997,-1.0161329645585022,0
-0.8043672005990544,-1.1099901739376037,-0.502969299721533,0.5541140325824085,-0.911310674287764,-1.177851894974348,0.05807872448765661,0.2744324511807092,-0.8447331706696268,-0.570312581972397,-0.4814607612315388,-0.15045404487267908,0.9841231756854657,0
-0.634918112038349,0.9009088760241706,1.5251962127575889,0.55139774376573,-0.5733475201700994,-1.177851894974348,-0.607026957596168,0.2744324511807092,0.001192415045823164,-1.0289971665491795,-0.4814607612315388,-0.26950623894656084,0.9841231756854657,0
-0.9738162891597597,0.9009088760241706,-0.502969299721533,-0.33853427598698493,-0.911310674287764,0.9048055324001227,0.5410721364771007,-0.3041918912684436,-1.0495008719737637,0.9204123179021463,-0.7394662468772634,-0.17029607721832604,-1.0161329645585022,1
-0.9738162891597597,0.9009088760241706,1.5251962127575889,0.5543193334813435,-0.911310674287764,-1.177851894974348,-0.7257958293968509,0.2744324511807092,-0.1397951825734185,-1.143668312693375,-0.997471732522988,-0.36871640067479566,0.9841231756854657,0
-0.46546902347764374,0.9009088760241706,0.8491410419312149,0.5525347948982932,0.10257878806523006,-1.177851894974348,0.8577891279455886,-1.461440576166749,0.16232109803924238,-0.11162799739561437,-0.7394662468772634,0.2463866020402601,0.9841231756854657,0
-0.634918112038349,0.9009088760241706,0.8491410419312149,0.5493605271532211,-0.06640278899360229,0.21058638994196582,0.06599664927436881,-0.3041918912684436,1.417782086362966,-0.570312581972397,-0.7394662468772634,-0.7853990799333818,0.9841231756854657,0
-0.2960199349169384,0.9009088760241706,-0.502969299721533,-0.21585909268490003,-0.404365943111267,0.9048055324001227,0.5410721364771007,-0.3041918912684436,2.3241309282009484,0.6910700256137552,-0.997471732522988,1.2186461869769611,0.9841231756854657,0
-0.9738162891597597,-1.1099901739376037,-1.179024470547907,0.5609047546241048,-0.911310674287764,-1.177851894974348,-0.09236184645987515,0.2744324511807092,-0.8447331706696268,-0.6849837281165926,-0.997471732522988,1.0797519605574324,0.9841231756854657,0
-0.46546902347764374,0.9009088760241706,-0.502969299721533,-0.20301989031304174,-0.5733475201700994,0.9048055324001227,0.5410721364771007,-0.3041918912684436,-1.173704231781191,0.5763988794695595,-0.4814607612315388,-0.5869787564769122,0.9841231756854657,0
-0.8043672005990544,-1.1099901739376037,-0.502969299721533,0.5530717357108924,-0.911310674287764,-1.177851894974348,1.6495816066168083,-0.8828162337175963,1.0619562447524988,0.3470565871811683,-0.4814607612315388,-0.8052411122790287,0.9841231756854657,0
-0.9738162891597597,-1.1099901739376037,-1.179024470547907,-0.6092629921748894,-0.911310674287764,0.21058638994196582,0.38271364074285674,0.853056793629862,0.6893461653302174,1.7231103409115156,-0.4814607612315388,0.38528082845978884,0.9841231756854657,0
-0.8043672005990544,0.9009088760241706,-0.502969299721533,0.3281093276086524,-0.06640278899360229,-1.177851894974348,2.310728326307277,-0.8828162337175963,0.03476089066945202,1.1497546101905376,-0.997471732522988,0.22654456969461315,-1.0161329645585022,1
-0.2960199349169384,-1.1099901739376037,-1.179024470547907,0.5508134258226073,-0.23538436605243465,-1.177851894974348,0.8577891279455886,1.4316811360790147,-0.21364582894540246,-0.11162799739561437,-0.4814607612315388,-1.4203441149940845,0.9841231756854657,0
-0.634918112038349,-1.1099901739376037,-1.179024470547907,-0.18399007621945107,-0.7423290972289317,0.9048055324001227,0.5410721364771007,-1.461440576166749,0.27645391515958084,0.5763988794695595,-0.4814607612315388,0.0479662785837905,0.9841231756854657,0
-0.634918112038349,0.9009088760241706,-1.179024470547907,0.5570829994285456,0.10257878806523006,0.21058638994196582,-0.7574675285436998,0.853056793629862,0.8135495251376443,-1.143668312693375,-0.7394662468772634,-0.7060309505507939,0.9841231756854657,0
-0.8043672005990544,0.9009088760241706,-0.502969299721533,-0.6116318487010626,-0.7423290972289317,0.21058638994196582,-0.8841543251310949,1.4316811360790147,-1.7510820125076092,-0.45564143582820127,-0.4814607612315388,1.2186461869769611,0.9841231756854657,0
-0.8043672005990544,-1.1099901739376037,1.5251962127575889,0.5475444038164884,-0.911310674287764,-1.177851894974348,-0.804975077263973,-1.461440576166749,-1.371758237960602,-1.143668312693375,-0.7394662468772634,1.1789621222856672,-1.0161329645585022,0
-0.2960199349169384,-1.1099901739376037,-1.179024470547907,0.5500553917342319,-0.5733475201700994,-1.177851894974348,1.1745061194140765,1.4316811360790147,1.5587696839822078,0.1177142948927768,-0.997471732522988,-0.40840046536608954,0.9841231756854657,0
-0.46546902347764374,0.9009088760241706,-1.179024470547907,0.5530717357108924,-0.5733475201700994,-1.177851894974348,-0.4407505370752119,-0.8828162337175963,-0.46205254856025635,-0.9143260204049839,-0.4814607612315388,-2.7299182498067838,0.9841231756854657,0
-0.9738162891597597,-1.1099901739376037,1.5251962127575889,-0.10712857813355414,-0.911310674287764,0.9048055324001227,0.5410721364771007,1.4316811360790147,-0.34120603631519225,0.4617277333253637,-0.4814607612315388,-2.650550120424196,0.9841231756854657,0
-1.143265377720465,-1.1099901739376037,1.5251962127575889,-0.607273152692904,-0.911310674287764,0.21058638994196582,0.0026532509806712224,0.853056793629862,0.9981761410676039,1.035083464046342,-0.4814607612315388,1.6353288662355472,0.9841231756854657,0
-0.634918112038349,0.9009088760241706,-1.179024470547907,0.5558196092812532,-0.911310674287764,-1.177851894974348,0.38271364074285674,0.2744324511807092,-0.21700267650776528,-0.45564143582820127,-0.4814607612315388,0.6432272489531993,-1.0161329645585022,0
-0.9738162891597597,0.9009088760241706,0.8491410419312149,0.5601309281588882,-0.911310674287764,-1.177851894974348,-0.4288736498951436,0.2744324511807092,-1.4993184453303918,-0.9143260204049839,-0.997471732522988,1.0003838311748445,-1.0161329645585022,0
-0.9738162891597597,0.9009088760241706,1.5251962127575889,-0.10643371355254336,-0.911310674287764,0.9048055324001227,0.5410721364771007,-1.461440576166749,-0.6936750303632967,0.4617277333253637,-0.997471732522988,0.6035431842619053,0.9841231756854657,0
-0.46546902347764374,-1.1099901739376037,0.8491410419312149,-0.07063239525364705,-0.911310674287764,0.9048055324001227,0.5410721364771007,-0.3041918912684436,-1.3751150855229646,0.3470565871811683,-0.997471732522988,-0.9838194033898514,0.9841231756854657,0
-0.634918112038349,0.9009088760241706,1.5251962127575889,-0.611473924932651,-0.911310674287764,0.21058638994196582,-1.121692068732461,1.4316811360790147,-1.5496711587658354,-0.9143260204049839,-0.7394662468772634,0.7225953783357871,0.9841231756854657,0
-0.9738162891597597,-1.1099901739376037,-1.179024470547907,0.5547299352792135,-0.911310674287764,-1.177851894974348,-0.3774071387815143,-0.8828162337175963,0.4107278176540969,-0.9143260204049839,-0.4814607612315388,-2.3529196352394917,0.9841231756854657,0
-1.143265377720465,0.9009088760241706,-0.502969299721533,-0.6111896621495102,-0.911310674287764,0.21058638994196582,0.06599664927436881,0.2744324511807092,-1.0495008719737637,1.1497546101905376,-0.997471732522988,0.8614896047553159,0.9841231756854657,0
-0.2960199349169384,-1.1099901739376037,0.17308587110484092,0.5540982402055674,-0.7423290972289317,-1.177851894974348,-0.365530251601446,-0.8828162337175963,-1.3751150855229646,-0.9143260204049839,-0.4814607612315388,-0.09092794783573821,-1.0161329645585022,0
-0.9738162891597597,-1.1099901739376037,-0.502969299721533,-0.036726162175689234,-0.911310674287764,0.9048055324001227,0.5410721364771007,-0.8828162337175963,1.0418151593783211,0.3470565871811683,-0.7394662468772634,-0.40840046536608954,0.9841231756854657,0
-0.634918112038349,0.9009088760241706,-1.179024470547907,0.5539245240603147,0.10257878806523006,0.21058638994196582,2.4413740852880284,-0.8828162337175963,1.7836784706605218,0.9204123179021463,-0.7394662468772634,0.2463866020402601,-1.0161329645585022,0
-1.143265377720465,0.9009088760241706,1.5251962127575889,-0.6054254446024889,-0.911310674287764,0.21058638994196582,-1.042512820865339,1.4316811360790147,0.27645391515958084,-0.7996548742607882,-0.4814607612315388,-1.0036614357354983,0.9841231756854657,0
-0.634918112038349,0.9009088760241706,-0.502969299721533,-0.01100038030144923,-0.7423290972289317,0.9048055324001227,0.5410721364771007,-0.8828162337175963,0.8336906105118219,0.23238544103697253,-0.997471732522988,1.0599099282117854,0.9841231756854657,0
-0.8043672005990544,-1.1099901739376037,-1.179024470547907,0.5542561639739789,-0.23538436605243465,-1.177851894974348,-0.8841543251310949,1.4316811360790147,-1.0495008719737637,-1.2583394588375707,-0.7394662468772634,0.3654387961141419,-1.0161329645585022,0
-0.9738162891597597,-1.1099901739376037,0.8491410419312149,-0.013163935928687339,-0.911310674287764,0.9048055324001227,0.5410721364771007,-0.8828162337175963,0.001192415045823164,0.23238544103697253,-0.4814607612315388,0.6035431842619053,0.9841231756854657,0
-0.9738162891597597,0.9009088760241706,1.5251962127575889,0.5528032653045928,-0.911310674287764,-1.177851894974348,0.38271364074285674,0.2744324511807092,-1.173704231781191,-0.45564143582820127,-0.7394662468772634,-0.7655570475877348,-1.0161329645585022,0
-0.634918112038349,0.9009088760241706,-1.179024470547907,-0.015169567787513908,-0.23538436605243465,0.9048055324001227,0.5410721364771007,1.4316811360790147,0.001192415045823164,0.23238544103697253,-0.997471732522988,-1.0631875327724392,0.9841231756854657,0
-0.634918112038349,-1.1099901739376037,-0.502969299721533,0.5564039272243759,-0.06640278899360229,-1.177851894974348,1.3328646151483206,-0.3041918912684436,-1.0495008719737637,0.23238544103697253,-0.997471732522988,-1.2616078562289088,-1.0161329645585022,0
-0.46546902347764374,-1.1099901739376037,0.8491410419312149,0.5553774227297009,-0.7423290972289317,-1.177851894974348,-0.4882580857954851,-0.8828162337175963,-1.2979075915886182,-0.9143260204049839,-0.7394662468772634,-1.9163949236352584,0.9841231756854657,0
-0.8043672005990544,0.9009088760241706,1.5251962127575889,-0.10782344271456493,-0.911310674287764,0.9048055324001227,0.5410721364771007,0.2744324511807092,-1.1233515183457474,0.4617277333253637,-0.4814607612315388,-0.38855843302044263,-1.0161329645585022,1
-1.143265377720465,0.9009088760241706,1.5251962127575889,0.5493921119069035,-0.7423290972289317,-1.177851894974348,0.8577891279455886,1.4316811360790147,0.001192415045823164,-0.11162799739561437,-0.997471732522988,1.4567505751247247,-1.0161329645585022,0
-0.634918112038349,-1.1099901739376037,-0.502969299721533,0.031907507575966415,-0.7423290972289317,0.9048055324001227,0.5410721364771007,1.4316811360790147,0.9981761410676039,0.23238544103697253,-0.7394662468772634,0.286070666731554,-1.0161329645585022,0
-0.2960199349169384,0.9009088760241706,1.5251962127575889,0.5540034859445204,-0.404365943111267,-1.177851894974348,1.6495816066168083,-0.8828162337175963,1.327147202179168,0.3470565871811683,-0.7394662468772634,1.6154868338899002,-1.0161329645585022,0
-0.2960199349169384,0.9009088760241706,-1.179024470547907,0.5503870316478962,-0.911310674287764,-1.177851894974348,-0.7257958293968509,1.4316811360790147,-0.37813135950118393,-1.143668312693375,-0.997471732522988,-1.9759210206721993,0.9841231756854657,0
-0.634918112038349,0.9009088760241706,-1.179024470547907,0.5523452863761993,-0.06640278899360229,-1.177851894974348,1.0161476236798326,1.4316811360790147,1.451350561986595,0.003043148748581378,-0.7394662468772634,-0.8250831446246757,-1.0161329645585022,0
-0.8043672005990544,0.9009088760241706,0.8491410419312149,0.5514767056499358,-0.7423290972289317,-1.177851894974348,0.8577891279455886,-0.8828162337175963,0.5785701957722418,-0.11162799739561437,-0.4814607612315388,-0.3488743683291487,0.9841231756854657,0
-0.634918112038349,0.9009088760241706,0.8491410419312149,0.5522663244919935,-0.404365943111267,-1.177851894974348,1.6495816066168083,1.4316811360790147,-0.12972463988633004,0.3470565871811683,-0.4814607612315388,-1.8767108589439645,0.9841231756854657,0
-0.634918112038349,0.9009088760241706,-0.502969299721533,0.5538455621761089,-0.7423290972289317,-1.177851894974348,-0.7257958293968509,-0.8828162337175963,-1.0495008719737637,-1.143668312693375,-0.7394662468772634,-0.011559818453150373,-1.0161329645585022,0
-0.8043672005990544,0.9009088760241706,0.8491410419312149,0.07963207038993406,-0.7423290972289317,0.9048055324001227,0.5410721364771007,-0.8828162337175963,0.19253272610050842,0.1177142948927768,-0.7394662468772634,-0.9838194033898514,0.9841231756854657,0
-0.9738162891597597,0.9009088760241706,-0.502969299721533,0.55468255814869,-0.911310674287764,-1.177851894974348,0.38271364074285674,-1.461440576166749,-0.005521280078902488,-0.45564143582820127,-0.4814607612315388,-1.2616078562289088,0.9841231756854657,0
-0.8043672005990544,0.9009088760241706,-0.502969299721533,0.5529611890730043,-0.404365943111267,0.21058638994196582,0.20851929543518838,-0.8828162337175963,-1.0964967378468442,-0.570312581972397,-0.4814607612315388,-0.6266628211682062,0.9841231756854657,0
-0.634918112038349,0.9009088760241706,-0.502969299721533,0.08496989376224415,-0.404365943111267,0.9048055324001227,0.5410721364771007,-0.3041918912684436,-1.0427871768490378,0.1177142948927768,-0.7394662468772634,-1.142555662155027,0.9841231756854657,0
-0.2960199349169384,-1.1099901739376037,0.8491410419312149,0.5503396545173728,-0.5733475201700994,0.21058638994196582,-1.359229812333827,0.2744324511807092,-0.6936750303632967,-1.487681751125962,-0.4814607612315388,-0.22982217425526694,-1.0161329645585022,0
-0.8043672005990544,-1.1099901739376037,1.5251962127575889,0.5576357326179859,-0.7423290972289317,-1.177851894974348,2.4413740852880284,0.853056793629862,2.609462971001795,0.9204123179021463,-0.4814607612315388,-1.8171847619070236,0.9841231756854657,0
-0.634918112038349,-1.1099901739376037,-1.179024470547907,0.08237994396029487,-0.911310674287764,0.9048055324001227,0.5410721364771007,-1.461440576166749,-0.33784918875282943,0.1177142948927768,-0.997471732522988,1.3773824457421369,-1.0161329645585022,0
-0.2960199349169384,0.9009088760241706,0.8491410419312149,0.5512240276204774,-0.06640278899360229,0.21058638994196582,-0.2507203421941191,-0.8828162337175963,0.001192415045823164,-0.7996548742607882,-0.997471732522988,1.0003838311748445,0.9841231756854657,0
-0.8043672005990544,0.9009088760241706,-0.502969299721533,0.547907628483835,-0.404365943111267,-1.177851894974348,0.7627740305050422,-0.8828162337175963,0.27645391515958084,-0.11162799739561437,-0.7394662468772634,1.4765926074703717,-1.0161329645585022,0
-0.8043672005990544,0.9009088760241706,-0.502969299721533,0.3266406365624251,-0.5733475201700994,-1.177851894974348,1.6495816066168083,-0.8828162337175963,0.27645391515958084,0.6910700256137552,-0.4814607612315388,1.0797519605574324,-1.0161329645585022,1
-0.8043672005990544,0.9009088760241706,-0.502969299721533,0.3266090518087428,-0.911310674287764,-1.177851894974348,-0.7257958293968509,-1.461440576166749,1.2096575374964662,-1.0289971665491795,-0.997471732522988,-0.9441353386985575,-1.0161329645585022,1
-0.634918112038349,-1.1099901739376037,1.5251962127575889,0.1739283525084651,-0.23538436605243465,0.9048055324001227,0.5410721364771007,-0.3041918912684436,-0.005521280078902488,0.003043148748581378,-0.4814607612315388,-1.8370267942526706,0.9841231756854657,0
-1.143265377720465,0.9009088760241706,-1.179024470547907,0.33316288819782175,-0.911310674287764,-1.177851894974348,0.8577891279455886,0.853056793629862,0.6154955189582334,0.1177142948927768,-0.4814607612315388,-1.142555662155027,-1.0161329645585022,1
-0.8043672005990544,-1.1099901739376037,-1.179024470547907,0.5528032653045928,-0.911310674287764,-1.177851894974348,-0.5674373336626071,0.853056793629862,-1.1166378232210217,-1.0289971665491795,-0.7394662468772634,0.9408577341379036,-1.0161329645585022,0
-0.46546902347764374,0.9009088760241706,-0.502969299721533,0.555187914207607,-0.23538436605243465,-1.177851894974348,-0.8841543251310949,1.4316811360790147,-1.0092187012254088,-1.2583394588375707,-0.4814607612315388,0.14717644031202531,-1.0161329645585022,0
-0.8043672005990544,-1.1099901739376037,-0.502969299721533,0.1775763915587717,-0.911310674287764,0.9048055324001227,0.5410721364771007,-1.461440576166749,-1.3751150855229646,0.003043148748581378,-0.997471732522988,0.8416475724096689,-1.0161329645585022,0
-1.143265377720465,-1.1099901739376037,0.8491410419312149,-0.6187857954101054,-0.911310674287764,0.21058638994196582,0.38271364074285674,1.4316811360790147,0.15896425047687956,1.7231103409115156,-0.4814607612315388,-2.134657279437375,0.9841231756854657,0
-0.8043672005990544,-1.1099901739376037,1.5251962127575889,-0.6166538245365495,-0.911310674287764,0.21058638994196582,-0.7257958293968509,-0.8828162337175963,-0.811164695045998,-0.2262991435398101,-0.4814607612315388,1.278172284013902,0.9841231756854657,0
-0.46546902347764374,-1.1099901739376037,1.5251962127575889,0.17888715883658748,-0.23538436605243465,0.9048055324001227,0.5410721364771007,-1.461440576166749,0.15896425047687956,0.003043148748581378,-0.4814607612315388,1.1392780575943733,0.9841231756854657,0
-0.8043672005990544,0.9009088760241706,0.8491410419312149,0.19799593481438393,-0.404365943111267,0.9048055324001227,0.5410721364771007,0.2744324511807092,0.001192415045823164,0.003043148748581378,-0.997471732522988,1.317856348705196,0.9841231756854657,0
-0.9738162891597597,0.9009088760241706,-0.502969299721533,0.5613785259293395,-0.5733475201700994,-1.177851894974348,0.06599664927436881,0.853056793629862,-0.6500360120525788,-0.570312581972397,-0.7394662468772634,-1.0631875327724392,0.9841231756854657,0
-0.634918112038349,0.9009088760241706,-0.502969299721533,0.5583148048221556,-0.404365943111267,-1.177851894974348,2.4413740852880284,0.853056793629862,-0.3109944082539262,0.9204123179021463,-0.4814607612315388,-1.8171847619070236,0.9841231756854657,0
-0.46546902347764374,-1.1099901739376037,-0.502969299721533,0.3346473716208902,-0.5733475201700994,0.9048055324001227,0.5410721364771007,0.853056793629862,0.23617174441122635,-0.11162799739561437,-0.7394662468772634,-2.114815247091728,0.9841231756854657,0
-0.634918112038349,0.9009088760241706,-0.502969299721533,0.34587575155495076,-0.23538436605243465,0.9048055324001227,0.5410721364771007,0.2744324511807092,0.27645391515958084,-0.11162799739561437,-0.7394662468772634,-2.4322877646220795,0.9841231756854657,0
-0.46546902347764374,0.9009088760241706,0.8491410419312149,0.5558985711654589,-0.911310674287764,-1.177851894974348,-0.7257958293968509,0.853056793629862,-1.2005590122800942,-1.143668312693375,-0.997471732522988,0.3654387961141419,0.9841231756854657,0
-0.46546902347764374,-1.1099901739376037,0.8491410419312149,0.551603044664665,-0.5733475201700994,0.21058638994196582,-1.0741845200121878,-0.8828162337175963,-0.3680608168140954,-1.3730106049817663,-0.7394662468772634,-0.5869787564769122,0.9841231756854657,0
-0.8043672005990544,0.9009088760241706,-0.502969299721533,0.38365111695899135,-0.911310674287764,0.9048055324001227,0.5410721364771007,-0.8828162337175963,-0.12972463988633004,-0.2262991435398101,-0.7394662468772634,0.9011736694466097,0.9841231756854657,0
-1.143265377720465,0.9009088760241706,-0.502969299721533,0.3311730487158363,-0.5733475201700994,-1.177851894974348,0.06599664927436881,-1.461440576166749,1.4345663241747801,-0.45564143582820127,-0.4814607612315388,0.305912699077201,-1.0161329645585022,1
-0.634918112038349,-1.1099901739376037,-0.502969299721533,0.5583779743295202,-0.911310674287764,-1.177851894974348,1.3328646151483206,0.2744324511807092,0.7866947446387411,0.23238544103697253,-0.7394662468772634,0.6630692812988462,0.9841231756854657,0
-0.46546902347764374,0.9009088760241706,1.5251962127575889,0.39903289200227543,-0.404365943111267,0.9048055324001227,0.5410721364771007,-1.461440576166749,-1.2475548781531747,-0.2262991435398101,-0.997471732522988,-0.6663468858595001,-1.0161329645585022,0
-0.2960199349169384,-1.1099901739376037,-1.179024470547907,0.5518873074478058,-0.06640278899360229,-1.177851894974348,2.3226052134873454,-0.3041918912684436,-0.7138161157374736,0.8057411717579506,-0.7394662468772634,0.5837011519162584,0.9841231756854657,0
-0.634918112038349,0.9009088760241706,-0.502969299721533,0.5572725079506393,-0.5733475201700994,-1.177851894974348,1.0161476236798326,1.4316811360790147,-1.7510820125076092,0.003043148748581378,-0.4814607612315388,-1.7775006972157297,0.9841231756854657,0
-0.8043672005990544,-1.1099901739376037,-0.502969299721533,0.45841222892501476,-0.7423290972289317,0.9048055324001227,0.5410721364771007,-1.461440576166749,0.5785701957722418,-0.2262991435398101,-0.997471732522988,-1.4798702120310254,0.9841231756854657,0
-0.46546902347764374,0.9009088760241706,1.5251962127575889,0.5622155219019206,-0.23538436605243465,-1.177851894974348,1.3328646151483206,-0.8828162337175963,-1.173704231781191,0.23238544103697253,-0.4814607612315388,0.2463866020402601,0.9841231756854657,0
-0.8043672005990544,-1.1099901739376037,-1.179024470547907,0.5532138671024628,-0.5733475201700994,-1.177851894974348,0.06599664927436881,1.4316811360790147,-1.173704231781191,-0.570312581972397,-0.4814607612315388,-1.7179746001787888,0.9841231756854657,0
-0.9738162891597597,-1.1099901739376037,0.8491410419312149,0.5518557226941235,-0.911310674287764,0.21058638994196582,-0.3774071387815143,-0.8828162337175963,-0.018948670328354386,-0.9143260204049839,-0.4814607612315388,0.26622863438590705,-1.0161329645585022,0
-0.634918112038349,-1.1099901739376037,-1.179024470547907,0.4618549670763864,-0.06640278899360229,0.9048055324001227,0.5410721364771007,0.853056793629862,-0.6936750303632967,-0.2262991435398101,-0.4814607612315388,-0.8846092416616166,-1.0161329645585022,0
-0.46546902347764374,-1.1099901739376037,0.8491410419312149,0.5545404267571197,-0.404365943111267,-1.177851894974348,1.3328646151483206,0.853056793629862,1.2465828606824585,0.23238544103697253,-0.4814607612315388,-2.49181386165902,0.9841231756854657,0
-0.634918112038349,-1.1099901739376037,1.5251962127575889,0.33313130344413944,-0.911310674287764,-1.177851894974348,-0.5674373336626071,-1.461440576166749,-0.5661148229935064,-0.9143260204049839,-0.7394662468772634,-0.686188918205147,-1.0161329645585022,1
-0.8043672005990544,-1.1099901739376037,-1.179024470547907,0.5575725631106213,-0.7423290972289317,0.21058638994196582,-0.8326878140174657,1.4316811360790147,-1.0964967378468442,-1.143668312693375,-0.997471732522988,-0.6266628211682062,-1.0161329645585022,0
-1.143265377720465,0.9009088760241706,-1.179024470547907,0.5638737214702417,-0.911310674287764,-1.177851894974348,0.38271364074285674,0.853056793629862,-1.8752853723150364,-0.45564143582820127,-0.997471732522988,-1.5790803737592602,0.9841231756854657,0
-0.2960199349169384,-1.1099901739376037,-0.502969299721533,0.5627208779608375,-0.404365943111267,-1.177851894974348,-0.7257958293968509,0.853056793629862,0.561785957960427,-1.143668312693375,-0.7394662468772634,-1.142555662155027,0.9841231756854657,0
-0.2960199349169384,0.9009088760241706,-1.179024470547907,0.07961627801309291,-0.7423290972289317,0.9048055324001227,0.5410721364771007,0.2744324511807092,1.1458774338115711,0.1177142948927768,-0.997471732522988,-1.5592383414136133,-1.0161329645585022,1
-0.634918112038349,-1.1099901739376037,-1.179024470547907,0.8395296592325863,-0.911310674287764,0.9048055324001227,0.5410721364771007,-1.461440576166749,-0.707102420612748,-0.45564143582820127,-0.997471732522988,-1.5790803737592602,0.9841231756854657,0
-0.2960199349169384,-1.1099901739376037,-0.502969299721533,0.8490524624678022,0.10257878806523006,0.9048055324001227,0.5410721364771007,-0.8828162337175963,-1.0427871768490378,-0.45564143582820127,-0.7394662468772634,-0.7457150152420878,0.9841231756854657,0
-0.634918112038349,-1.1099901739376037,0.8491410419312149,0.5658635609522272,-0.5733475201700994,-1.177851894974348,-0.5674373336626071,1.4316811360790147,-0.005521280078902488,-1.0289971665491795,-0.4814607612315388,-1.142555662155027,-1.0161329645585022,0
-0.8043672005990544,0.9009088760241706,-0.502969299721533,0.5668426883163787,-0.911310674287764,-1.177851894974348,0.6202513843442227,-0.8828162337175963,1.327147202179168,-0.2262991435398101,-0.4814607612315388,1.0797519605574324,-1.0161329645585022,0
-0.634918112038349,0.9009088760241706,-1.179024470547907,0.4655187985035341,-0.404365943111267,0.9048055324001227,0.5410721364771007,0.2744324511807092,0.5651428055227898,-0.2262991435398101,-0.4814607612315388,-0.9044512740072636,-1.0161329645585022,1
-0.634918112038349,-1.1099901739376037,-1.179024470547907,-0.6205703339931558,-0.23538436605243465,0.21058638994196582,0.6994306322113446,1.4316811360790147,0.001192415045823164,2.2964660716324943,-0.997471732522988,0.9805417988291976,-1.0161329645585022,0
-0.8043672005990544,0.9009088760241706,0.8491410419312149,1.0283591091222657,-0.7423290972289317,0.9048055324001227,0.5410721364771007,0.853056793629862,0.23617174441122635,-0.570312581972397,-0.4814607612315388,-0.30919030363785477,-1.0161329645585022,0
-0.2960199349169384,0.9009088760241706,-1.179024470547907,0.7986589879676795,-0.06640278899360229,0.9048055324001227,0.5410721364771007,-0.3041918912684436,1.6729025011025462,-0.45564143582820127,-0.7394662468772634,1.1591200899400202,-1.0161329645585022,1
-0.634918112038349,0.9009088760241706,0.8491410419312149,0.33867442771538453,-0.911310674287764,-1.177851894974348,1.0161476236798326,-1.461440576166749,1.6997572816014495,0.23238544103697253,-0.4814607612315388,0.3654387961141419,-1.0161329645585022,1
-0.46546902347764374,0.9009088760241706,0.8491410419312149,0.569637939017263,-0.911310674287764,-1.177851894974348,1.8079401023510524,-0.3041918912684436,1.223084927745918,0.4617277333253637,-0.7394662468772634,-0.07108591549009124,0.9841231756854657,0
-0.634918112038349,0.9009088760241706,-1.179024470547907,0.5701275026993388,-0.911310674287764,-1.177851894974348,4.024959042630468,-0.3041918912684436,-1.0427871768490378,1.8377814870557112,-0.4814607612315388,-0.5671367241312653,-1.0161329645585022,0
-0.46546902347764374,0.9009088760241706,-0.502969299721533,0.574975762389573,0.2715603651240624,-1.177851894974348,0.21247825782854446,1.4316811360790147,0.5651428055227898,-0.570312581972397,-0.4814607612315388,0.14717644031202531,0.9841231756854657,0
-0.9738162891597597,-1.1099901739376037,-0.502969299721533,0.10535785226417407,-0.911310674287764,-1.177851894974348,1.9029551997915988,0.2744324511807092,1.4312094766124175,1.2644257563347332,-0.997471732522988,-0.32903233598350173,-1.0161329645585022,1
-0.9738162891597597,0.9009088760241706,1.5251962127575889,0.5673480443752956,-0.911310674287764,-1.177851894974348,-1.042512820865339,-0.8828162337175963,-1.0427871768490378,-1.2583394588375707,-0.7394662468772634,1.0599099282117854,0.9841231756854657,0
-0.9738162891597597,0.9009088760241706,0.8491410419312149,0.5713908928466311,-0.911310674287764,-1.177851894974348,-0.646616581529729,-0.8828162337175963,0.5651428055227898,-1.0289971665491795,-0.7394662468772634,0.16701847265767225,0.9841231756854657,0
-0.46546902347764374,-1.1099901739376037,-1.179024470547907,0.5785290471788328,-0.7423290972289317,-1.177851894974348,4.024959042630468,0.853056793629862,2.431550050196561,1.8377814870557112,-0.997471732522988,0.9606997664835506,0.9841231756854657,0
-0.9738162891597597,0.9009088760241706,1.5251962127575889,0.573128054299158,-0.911310674287764,-1.177851894974348,-0.5674373336626071,-0.8828162337175963,0.8336906105118219,-1.0289971665491795,-0.7394662468772634,1.794065125000723,0.9841231756854657,0
-0.8043672005990544,0.9009088760241706,1.5251962127575889,0.5733017704444108,-0.911310674287764,-1.177851894974348,-0.09236184645987515,0.853056793629862,-1.4724636648314886,-0.6849837281165926,-0.4814607612315388,-1.182239726846321,-1.0161329645585022,0
-0.46546902347764374,0.9009088760241706,-1.179024470547907,0.5684850955078588,-0.06640278899360229,-1.177851894974348,0.6994306322113446,0.2744324511807092,-1.6705176710108995,-0.2262991435398101,-0.7394662468772634,0.16701847265767225,-1.0161329645585022,0
-0.8043672005990544,-1.1099901739376037,-0.502969299721533,0.5669216502005845,-0.7423290972289317,-1.177851894974348,-1.2800505644667048,0.853056793629862,-1.4724636648314886,-1.487681751125962,-0.7394662468772634,1.0995939929030794,0.9841231756854657,0
-0.2960199349169384,-1.1099901739376037,-1.179024470547907,0.5700643331919741,-0.5733475201700994,-1.177851894974348,2.2830155895537843,-0.3041918912684436,2.8243012149930204,0.8057411717579506,-0.4814607612315388,0.5043330225336705,0.9841231756854657,0
-0.46546902347764374,-1.1099901739376037,-0.502969299721533,-0.14937318618364132,-0.5733475201700994,0.9048055324001227,0.6360872339176471,0.2744324511807092,-0.34120603631519225,0.5763988794695595,-0.997471732522988,-0.7853990799333818,0.9841231756854657,0
-0.634918112038349,-1.1099901739376037,0.8491410419312149,0.5683113793626061,-0.5733475201700994,-1.177851894974348,-0.7257958293968509,-1.461440576166749,-0.707102420612748,-1.143668312693375,-0.4814607612315388,0.9408577341379036,0.9841231756854657,0
-0.46546902347764374,0.9009088760241706,-0.502969299721533,0.5754179489411254,-0.5733475201700994,-1.177851894974348,4.024959042630468,-1.461440576166749,-1.1804179269059165,1.8377814870557112,-0.7394662468772634,-0.09092794783573821,-1.0161329645585022,0
-0.46546902347764374,-1.1099901739376037,1.5251962127575889,0.04304113324898005,0.10257878806523006,0.9048055324001227,0.6360872339176471,-1.461440576166749,-0.33784918875282943,0.23238544103697253,-0.7394662468772634,-0.8052411122790287,-1.0161329645585022,0
-0.9738162891597597,0.9009088760241706,0.8491410419312149,0.08411710541282182,-0.911310674287764,0.9048055324001227,0.6360872339176471,0.853056793629862,-1.2475548781531747,0.23238544103697253,-0.4814607612315388,-1.678290535487495,0.9841231756854657,0
-0.634918112038349,0.9009088760241706,-0.502969299721533,0.5737755417496454,-0.911310674287764,-1.177851894974348,-0.7574675285436998,-0.3041918912684436,0.3301634761573873,-1.143668312693375,-0.7394662468772634,-0.051243883144444294,-1.0161329645585022,0
-0.2960199349169384,0.9009088760241706,-0.502969299721533,0.5763812839284358,-0.5733475201700994,-1.177851894974348,0.06599664927436881,0.853056793629862,-1.8752853723150364,-0.570312581972397,-0.7394662468772634,1.1591200899400202,-1.0161329645585022,0
-0.9738162891597597,0.9009088760241706,-0.502969299721533,0.08015321882569215,-0.911310674287764,0.9048055324001227,0.6360872339176471,0.853056793629862,0.4040141225293712,0.23238544103697253,-0.4814607612315388,-1.3806600503027906,0.9841231756854657,0
-0.46546902347764374,-1.1099901739376037,-0.502969299721533,0.140401136474695,0.2715603651240624,0.9048055324001227,0.6360872339176471,0.853056793629862,0.3301634761573873,0.1177142948927768,-0.997471732522988,-0.24966420660091387,-1.0161329645585022,0
-0.8043672005990544,0.9009088760241706,0.8491410419312149,0.24294103930430846,-0.7423290972289317,0.9048055324001227,0.6360872339176471,0.853056793629862,-0.37813135950118393,0.003043148748581378,-0.7394662468772634,-0.40840046536608954,0.9841231756854657,0
-0.46546902347764374,0.9009088760241706,0.8491410419312149,0.5709487062950788,-0.404365943111267,-1.177851894974348,1.6495816066168083,1.4316811360790147,-1.3482603050240614,0.3470565871811683,-0.7394662468772634,0.5241750548793175,0.9841231756854657,0
-0.8043672005990544,-1.1099901739376037,1.5251962127575889,0.574770461490638,-0.911310674287764,-1.177851894974348,0.38271364074285674,0.2744324511807092,-1.1804179269059165,-0.45564143582820127,-0.4814607612315388,-1.0631875327724392,0.9841231756854657,0
-0.634918112038349,0.9009088760241706,0.8491410419312149,0.5751968556653493,-0.911310674287764,-1.177851894974348,0.22435514500861276,-0.3041918912684436,-1.6839450612603513,-0.570312581972397,-0.997471732522988,0.06780831092943747,0.9841231756854657,0
-0.8043672005990544,0.9009088760241706,-0.502969299721533,0.36522141318536455,-0.911310674287764,0.9048055324001227,0.6360872339176471,0.853056793629862,-1.6705176710108995,-0.11162799739561437,-0.7394662468772634,0.9011736694466097,-1.0161329645585022,0
-0.634918112038349,0.9009088760241706,0.8491410419312149,0.5764286610589593,-0.911310674287764,-1.177851894974348,0.38271364074285674,1.4316811360790147,-1.8752853723150364,-0.45564143582820127,-0.4814607612315388,-0.051243883144444294,0.9841231756854657,0
-0.46546902347764374,0.9009088760241706,0.8491410419312149,-0.6167327864207554,-0.7423290972289317,0.21058638994196582,-0.2507203421941191,1.4316811360790147,-0.21028898138303903,0.6910700256137552,-0.997471732522988,0.5440170872249644,-1.0161329645585022,0
-0.8043672005990544,-1.1099901739376037,-0.502969299721533,0.5795397592966666,-0.404365943111267,0.21058638994196582,-0.2507203421941191,0.2744324511807092,0.8336906105118219,-0.7996548742607882,-0.7394662468772634,0.7027533459901402,-1.0161329645585022,0
-0.634918112038349,0.9009088760241706,-1.179024470547907,0.5726542829939234,-0.7423290972289317,-1.177851894974348,-0.8524826259842462,1.4316811360790147,-1.6839450612603513,-1.143668312693375,-0.7394662468772634,-2.3926036999307856,0.9841231756854657,0
-0.2960199349169384,0.9009088760241706,-0.502969299721533,-0.018296458402062416,-0.404365943111267,0.9048055324001227,0.6400461963110031,0.2744324511807092,0.001192415045823164,0.3470565871811683,-0.7394662468772634,-0.4877685947486774,0.9841231756854657,0
-0.8043672005990544,-1.1099901739376037,0.8491410419312149,0.5739334655180569,-0.23538436605243465,-1.177851894974348,-0.8841543251310949,-0.8828162337175963,-1.8752853723150364,-1.2583394588375707,-0.997471732522988,-0.8846092416616166,0.9841231756854657,0
-0.8043672005990544,-1.1099901739376037,-1.179024470547907,0.5676638919121187,-0.911310674287764,-1.177851894974348,0.06599664927436881,-0.8828162337175963,-1.1804179269059165,-0.570312581972397,-0.7394662468772634,-0.36871640067479566,-1.0161329645585022,0
-0.9738162891597597,-1.1099901739376037,-1.179024470547907,0.5716435708760895,-0.911310674287764,-1.177851894974348,-0.09236184645987515,-0.8828162337175963,-1.1804179269059165,-0.6849837281165926,-0.4814607612315388,-0.7060309505507939,0.9841231756854657,0
-0.46546902347764374,-1.1099901739376037,1.5251962127575889,-0.6220232326625419,-0.404365943111267,0.9048055324001227,0.6440051587043593,-1.461440576166749,1.7937490133476108,2.2964660716324943,-0.4814607612315388,0.6035431842619053,-1.0161329645585022,1
-1.143265377720465,0.9009088760241706,-1.179024470547907,-0.6227338896203939,-0.911310674287764,0.21058638994196582,0.22435514500861276,-0.8828162337175963,0.7061304031420315,1.4937680486231246,-0.7394662468772634,1.0599099282117854,0.9841231756854657,0
-0.634918112038349,0.9009088760241706,-1.179024470547907,0.567695476665801,-0.5733475201700994,-1.177851894974348,-0.8524826259842462,1.4316811360790147,0.001192415045823164,-1.143668312693375,-0.4814607612315388,0.3455967637684949,0.9841231756854657,0
-0.634918112038349,0.9009088760241706,1.5251962127575889,-0.6201281474416034,-0.5733475201700994,0.21058638994196582,-0.2507203421941191,1.4316811360790147,1.092167872813765,0.6910700256137552,-0.7394662468772634,0.6432272489531993,0.9841231756854657,0
-1.143265377720465,-1.1099901739376037,0.8491410419312149,-0.6124372599199613,-0.911310674287764,0.21058638994196582,-0.7257958293968509,-0.8828162337175963,1.2096575374964662,-0.2262991435398101,-0.7394662468772634,0.6233852166075523,-1.0161329645585022,0
-0.46546902347764374,0.9009088760241706,-0.502969299721533,0.34887630315477003,-0.5733475201700994,-1.177851894974348,-0.7257958293968509,-1.461440576166749,1.6829730437896346,-1.0289971665491795,-0.7394662468772634,1.4170665104334308,-1.0161329645585022,1
-0.2960199349169384,0.9009088760241706,-1.179024470547907,0.5752916099263962,-0.5733475201700994,-1.177851894974348,1.6495816066168083,0.2744324511807092,0.03476089066945202,0.3470565871811683,-0.4814607612315388,-0.22982217425526694,0.9841231756854657,0
-0.8043672005990544,-1.1099901739376037,-1.179024470547907,0.5718330793981834,-0.911310674287764,-1.177851894974348,-0.4090788379283631,0.853056793629862,-1.7510820125076092,-0.9143260204049839,-0.7394662468772634,-0.9441353386985575,-1.0161329645585022,0
-0.2960199349169384,0.9009088760241706,0.8491410419312149,0.5724173973413061,-0.06640278899360229,-1.177851894974348,0.32332920484251526,1.4316811360790147,-0.33784918875282943,-0.45564143582820127,-0.7394662468772634,-2.8688124762263127,0.9841231756854657,0
-0.2960199349169384,0.9009088760241706,-0.502969299721533,0.5701117103224976,-0.5733475201700994,-1.177851894974348,-0.2507203421941191,1.4316811360790147,-1.2475548781531747,-0.7996548742607882,-0.4814607612315388,-1.0036614357354983,0.9841231756854657,0
-0.9738162891597597,0.9009088760241706,0.8491410419312149,0.5742808978085623,-0.911310674287764,-1.177851894974348,2.4413740852880284,1.4316811360790147,0.9377528849450718,0.9204123179021463,-0.4814607612315388,0.4249648931510827,0.9841231756854657,0
-0.8043672005990544,0.9009088760241706,1.5251962127575889,0.5688799049288876,-0.404365943111267,-1.177851894974348,1.6495816066168083,1.4316811360790147,0.03476089066945202,0.3470565871811683,-0.997471732522988,0.7027533459901402,-1.0161329645585022,0
-0.8043672005990544,-1.1099901739376037,0.8491410419312149,-0.62829280626848,-0.911310674287764,0.21058638994196582,-0.9474977234247925,1.4316811360790147,0.19253272610050842,-0.570312581972397,-0.4814607612315388,-0.9044512740072636,0.9841231756854657,0
-0.46546902347764374,-1.1099901739376037,1.5251962127575889,-0.39197567921745036,-0.5733475201700994,0.9048055324001227,0.6440051587043593,0.2744324511807092,2.6128198185641573,1.2644257563347332,-0.997471732522988,-0.17029607721832604,-1.0161329645585022,1
-0.46546902347764374,0.9009088760241706,1.5251962127575889,0.5725279439791942,-0.06640278899360229,-1.177851894974348,1.3724542390818815,-1.461440576166749,0.03476089066945202,0.23238544103697253,-0.4814607612315388,-1.4203441149940845,0.9841231756854657,0
-0.46546902347764374,0.9009088760241706,0.8491410419312149,0.10535785226417407,-0.404365943111267,-1.177851894974348,2.4413740852880284,0.2744324511807092,1.0351014642535956,1.7231103409115156,-0.997471732522988,0.9606997664835506,-1.0161329645585022,1
-0.9738162891597597,0.9009088760241706,0.8491410419312149,0.5718804565287069,-0.911310674287764,-1.177851894974348,0.38271364074285674,-0.8828162337175963,0.001192415045823164,-0.45564143582820127,-0.7394662468772634,-0.15045404487267908,-1.0161329645585022,0
-0.2960199349169384,0.9009088760241706,-1.179024470547907,0.5774235807999519,-0.7423290972289317,-1.177851894974348,1.0161476236798326,-0.3041918912684436,-1.7510820125076092,0.003043148748581378,-0.997471732522988,0.028124246238143545,0.9841231756854657,0
-1.143265377720465,0.9009088760241706,-1.179024470547907,-0.6818289637599925,-0.5733475201700994,0.9048055324001227,0.6598410082777837,-1.461440576166749,1.357358830240434,2.640479510065081,-0.4814607612315388,0.9011736694466097,-1.0161329645585022,1
-0.46546902347764374,0.9009088760241706,0.8491410419312149,-0.5794469846987905,-0.06640278899360229,0.9048055324001227,0.6598410082777837,-1.461440576166749,-1.173704231781191,2.0671237793441026,-0.4814607612315388,-1.5592383414136133,-1.0161329645585022,1
-0.46546902347764374,-1.1099901739376037,0.8491410419312149,0.342922577085655,-0.911310674287764,-1.177851894974348,-0.963333572998217,0.853056793629862,1.286865031430813,-1.2583394588375707,-0.997471732522988,-1.4798702120310254,-1.0161329645585022,1
-0.9738162891597597,-1.1099901739376037,-0.502969299721533,0.5653424125164691,-0.911310674287764,-1.177851894974348,1.6495816066168083,-0.8828162337175963,-1.0495008719737637,0.3470565871811683,-0.7394662468772634,0.0479662785837905,-1.0161329645585022,0
-0.2960199349169384,-1.1099901739376037,-0.502969299721533,-0.6238551483761158,-0.23538436605243465,0.21058638994196582,0.06599664927436881,0.2744324511807092,-0.8447331706696268,1.2644257563347332,-0.7394662468772634,0.22654456969461315,0.9841231756854657,0
-0.9738162891597597,-1.1099901739376037,-0.502969299721533,-0.2315093381344837,-0.911310674287764,0.9048055324001227,0.6598410082777837,-0.8828162337175963,1.327147202179168,0.8057411717579506,-0.997471732522988,-0.4282424977117365,0.9841231756854657,0
-0.8043672005990544,-1.1099901739376037,-1.179024470547907,0.5742651054317212,-0.911310674287764,-1.177851894974348,-0.7257958293968509,1.4316811360790147,-0.21028898138303903,-1.143668312693375,-0.4814607612315388,-1.2814498885745558,-1.0161329645585022,0
-1.143265377720465,0.9009088760241706,-0.502969299721533,-0.6217073851257189,-0.911310674287764,0.21058638994196582,-1.121692068732461,1.4316811360790147,0.8739727812601764,-0.9143260204049839,-0.7394662468772634,0.3654387961141419,0.9841231756854657,0
-0.8043672005990544,0.9009088760241706,0.8491410419312149,-0.6251343309002493,-0.23538436605243465,0.21058638994196582,-0.2507203421941191,1.4316811360790147,-1.2475548781531747,0.6910700256137552,-0.7394662468772634,-3.5632836083239563,0.9841231756854657,0
-0.9738162891597597,0.9009088760241706,0.8491410419312149,0.571991003166595,-0.911310674287764,-1.177851894974348,-0.2507203421941191,1.4316811360790147,-1.0495008719737637,-0.7996548742607882,-0.4814607612315388,-0.9441353386985575,0.9841231756854657,0
-0.634918112038349,0.9009088760241706,0.8491410419312149,0.5696221466404219,-0.7423290972289317,-1.177851894974348,0.8577891279455886,-1.461440576166749,-1.173704231781191,-0.11162799739561437,-0.4814607612315388,-1.4401861473397315,-1.0161329645585022,0
-0.9738162891597597,-1.1099901739376037,1.5251962127575889,-0.6278190349632454,-0.5733475201700994,0.21058638994196582,-0.4090788379283631,1.4316811360790147,0.25966967734776614,0.3470565871811683,-0.4814607612315388,1.5361187045073124,-1.0161329645585022,0
-0.8043672005990544,0.9009088760241706,-0.502969299721533,0.5783711234104212,-0.911310674287764,-1.177851894974348,-0.7257958293968509,-1.461440576166749,-1.173704231781191,-1.143668312693375,-0.997471732522988,0.7622794430270811,0.9841231756854657,0
-0.634918112038349,-1.1099901739376037,-1.179024470547907,-0.6309775103314763,-0.911310674287764,0.21058638994196582,-0.8524826259842462,-0.8828162337175963,-1.2475548781531747,-0.34097028968400567,-0.997471732522988,-0.44808453005738347,0.9841231756854657,0
-0.634918112038349,0.9009088760241706,0.8491410419312149,0.5751652709116669,-0.911310674287764,-1.177851894974348,-1.2008713165995828,0.2744324511807092,-0.21028898138303903,-1.3730106049817663,-0.7394662468772634,0.2463866020402601,0.9841231756854657,0
-0.634918112038349,-1.1099901739376037,-0.502969299721533,0.2509003972322501,-0.5733475201700994,0.9048055324001227,0.6677589330644959,-0.3041918912684436,-0.8447331706696268,0.003043148748581378,-0.997471732522988,1.8337491896920168,-1.0161329645585022,0
-0.46546902347764374,0.9009088760241706,0.8491410419312149,0.2813007226514717,-0.404365943111267,0.9048055324001227,0.6677589330644959,0.853056793629862,0.3301634761573873,0.003043148748581378,-0.7394662468772634,-1.7179746001787888,0.9841231756854657,0
-0.46546902347764374,-1.1099901739376037,0.8491410419312149,0.5778657673515043,-0.23538436605243465,-1.177851894974348,1.6495816066168083,-0.8828162337175963,0.001192415045823164,0.3470565871811683,-0.997471732522988,-1.0433455004267922,0.9841231756854657,0
-0.46546902347764374,-1.1099901739376037,0.8491410419312149,0.5757811736084719,-0.23538436605243465,0.21058638994196582,-0.8841543251310949,-0.8828162337175963,-0.37813135950118393,-1.2583394588375707,-0.7394662468772634,-2.2140254088199627,0.9841231756854657,0
-0.634918112038349,0.9009088760241706,0.8491410419312149,0.7464809748845065,-0.911310674287764,0.9048055324001227,0.6677589330644959,1.4316811360790147,-1.1233515183457474,-0.34097028968400567,-0.997471732522988,-1.5790803737592602,-1.0161329645585022,0
-0.9738162891597597,0.9009088760241706,-0.502969299721533,0.5726700753707646,-0.911310674287764,-1.177851894974348,-0.7257958293968509,1.4316811360790147,-0.005521280078902488,-1.143668312693375,-0.4814607612315388,-2.0156050853634935,0.9841231756854657,0
-0.2960199349169384,-1.1099901739376037,-1.179024470547907,0.5672532901142487,-0.7423290972289317,-1.177851894974348,0.38271364074285674,-0.8828162337175963,0.7061304031420315,-0.45564143582820127,-0.4814607612315388,-1.5790803737592602,0.9841231756854657,0
-0.8043672005990544,-1.1099901739376037,1.5251962127575889,0.5756232498400604,-0.5733475201700994,-1.177851894974348,1.6495816066168083,-0.8828162337175963,-0.005521280078902488,0.3470565871811683,-0.7394662468772634,0.32575473142284794,0.9841231756854657,0
-0.8043672005990544,-1.1099901739376037,-0.502969299721533,-0.6311512264767289,-0.7423290972289317,0.21058638994196582,-0.7257958293968509,1.4316811360790147,1.0015329886299666,-0.11162799739561437,-0.7394662468772634,-0.7060309505507939,0.9841231756854657,0
-0.46546902347764374,-1.1099901739376037,0.8491410419312149,-0.6293824802705197,-0.5733475201700994,0.21058638994196582,-0.9474977234247925,0.2744324511807092,0.001192415045823164,-0.570312581972397,-0.4814607612315388,-2.194183376474316,-1.0161329645585022,0
-0.2960199349169384,-1.1099901739376037,0.8491410419312149,0.5699695789309273,-0.404365943111267,-1.177851894974348,0.06599664927436881,-0.3041918912684436,-0.005521280078902488,-0.570312581972397,-0.4814607612315388,-1.3409759856114967,0.9841231756854657,0
-0.9738162891597597,-1.1099901739376037,1.5251962127575889,0.10327325852114173,-0.911310674287764,-1.177851894974348,0.8577891279455886,0.2744324511807092,1.327147202179168,0.3470565871811683,-0.7394662468772634,1.298014316359549,-1.0161329645585022,1
-0.2960199349169384,-1.1099901739376037,-1.179024470547907,0.10286265672327172,0.10257878806523006,0.21058638994196582,1.0953268715469546,0.2744324511807092,1.8273174889712391,0.5763988794695595,-0.7394662468772634,0.08765034327508442,-1.0161329645585022,1
-0.2960199349169384,0.9009088760241706,0.8491410419312149,0.9799396817272873,0.10257878806523006,0.9048055324001227,0.6677589330644959,1.4316811360790147,-1.1804179269059165,-0.45564143582820127,-0.7394662468772634,-0.7060309505507939,0.9841231756854657,0
-0.634918112038349,0.9009088760241706,-1.179024470547907,-0.6275347721801047,-0.911310674287764,0.21058638994196582,-0.6307807319563046,-0.8828162337175963,1.1458774338115711,0.003043148748581378,-0.7394662468772634,-0.7060309505507939,-1.0161329645585022,0
-0.2960199349169384,0.9009088760241706,0.8491410419312149,0.568816735421523,-0.23538436605243465,-1.177851894974348,1.6495816066168083,-0.3041918912684436,1.9112386780303117,0.3470565871811683,-0.4814607612315388,0.10749237562073138,0.9841231756854657,0
-0.46546902347764374,-1.1099901739376037,-0.502969299721533,0.5682166251015591,-0.7423290972289317,-1.177851894974348,-0.7257958293968509,1.4316811360790147,0.27645391515958084,-1.143668312693375,-0.4814607612315388,0.32575473142284794,0.9841231756854657,0
-0.46546902347764374,-1.1099901739376037,0.8491410419312149,0.20341272007089978,-0.404365943111267,0.9048055324001227,0.6835947826379203,1.4316811360790147,-0.12972463988633004,0.1177142948927768,-0.4814607612315388,0.26622863438590705,-1.0161329645585022,0
-1.143265377720465,0.9009088760241706,-0.502969299721533,0.5749125928822084,-0.911310674287764,0.21058638994196582,-0.4090788379283631,-0.8828162337175963,0.5114332445249834,-0.9143260204049839,-0.4814607612315388,0.5043330225336705,-1.0161329645585022,0
-0.634918112038349,0.9009088760241706,0.8491410419312149,0.5685956421457469,-0.7423290972289317,-1.177851894974348,-0.5674373336626071,-0.3041918912684436,0.9780350556934264,-1.0289971665491795,-0.4814607612315388,-3.047390767337135,0.9841231756854657,0
-0.2960199349169384,0.9009088760241706,1.5251962127575889,-0.4503916811528793,-0.06640278899360229,0.9048055324001227,0.6994306322113446,1.4316811360790147,-1.371758237960602,1.4937680486231246,-0.997471732522988,0.8416475724096689,-1.0161329645585022,1
-0.8043672005990544,0.9009088760241706,0.8491410419312149,0.5731754314296815,-0.911310674287764,-0.4836327525161911,0.38271364074285674,-0.8828162337175963,0.001192415045823164,-0.45564143582820127,-0.997471732522988,0.4249648931510827,-1.0161329645585022,0
-0.2960199349169384,0.9009088760241706,0.8491410419312149,-0.4526973681716878,0.4405419421828948,0.9048055324001227,0.6994306322113446,-1.461440576166749,-0.522475804682789,1.4937680486231246,-0.997471732522988,0.6233852166075523,-1.0161329645585022,1
-0.9738162891597597,0.9009088760241706,0.8491410419312149,0.5715172318613604,-0.911310674287764,-1.177851894974348,0.28769854330231037,-0.8828162337175963,0.6826324702054911,-0.45564143582820127,-0.997471732522988,-3.106916864374076,0.9841231756854657,0
-0.46546902347764374,0.9009088760241706,-0.502969299721533,0.34938165921368697,-0.7423290972289317,-1.177851894974348,-1.1810765046328024,-0.8828162337175963,1.343931439990982,-1.3730106049817663,-0.4814607612315388,0.9011736694466097,-1.0161329645585022,1
-0.634918112038349,0.9009088760241706,-0.502969299721533,-0.42496595443862123,0.10257878806523006,0.9048055324001227,0.6994306322113446,0.2744324511807092,-1.173704231781191,1.379096902478929,-0.997471732522988,1.8734332543833108,-1.0161329645585022,1
-0.8043672005990544,0.9009088760241706,-1.179024470547907,0.5787501404546089,-0.06640278899360229,-1.177851894974348,0.06599664927436881,0.2744324511807092,-1.8752853723150364,-0.570312581972397,-0.997471732522988,1.0202258635204915,0.9841231756854657,0
-0.634918112038349,-1.1099901739376037,0.8491410419312149,0.5808031494439589,-0.5733475201700994,-1.177851894974348,0.7627740305050422,1.4316811360790147,-1.0495008719737637,-0.2262991435398101,-0.4814607612315388,0.2463866020402601,0.9841231756854657,0
-0.8043672005990544,-1.1099901739376037,-0.502969299721533,0.5774709579304754,-0.7423290972289317,-1.177851894974348,2.473045784434877,-0.8828162337175963,1.5587696839822078,0.9204123179021463,-0.997471732522988,-0.686188918205147,-1.0161329645585022,0
-0.2960199349169384,-1.1099901739376037,-1.179024470547907,0.5849407521763413,0.10257878806523006,-1.177851894974348,0.8577891279455886,0.853056793629862,-1.623521805137819,-0.11162799739561437,-0.7394662468772634,-0.7258729828964409,0.9841231756854657,0
-0.9738162891597597,0.9009088760241706,-1.179024470547907,0.5898837661276225,-0.911310674287764,-1.177851894974348,1.3328646151483206,1.4316811360790147,-0.25392799969375696,0.1177142948927768,-0.7394662468772634,-0.6266628211682062,-1.0161329645585022,0
-0.46546902347764374,0.9009088760241706,1.5251962127575889,0.5835194382606375,-0.06640278899360229,-1.177851894974348,0.06599664927436881,0.853056793629862,-1.623521805137819,-0.570312581972397,-0.997471732522988,2.0123274808028393,-1.0161329645585022,0
-0.2960199349169384,0.9009088760241706,-1.179024470547907,0.5893626176918645,-0.7423290972289317,-1.177851894974348,1.3328646151483206,1.4316811360790147,-1.173704231781191,0.1177142948927768,-0.4814607612315388,-0.8449251769703227,0.9841231756854657,0
-0.634918112038349,0.9009088760241706,-1.179024470547907,0.585619824380511,-0.911310674287764,-1.177851894974348,0.6994306322113446,-0.8828162337175963,2.0757242085860943,-0.2262991435398101,-0.4814607612315388,0.4448069254967297,0.9841231756854657,0
-0.2960199349169384,-1.1099901739376037,1.5251962127575889,0.587262231571991,-0.7423290972289317,-0.4836327525161911,2.4413740852880284,-0.8828162337175963,0.19253272610050842,0.8057411717579506,-0.997471732522988,-0.9838194033898514,-1.0161329645585022,0
-0.46546902347764374,-1.1099901739376037,-1.179024470547907,0.588904638763471,-0.06640278899360229,-1.177851894974348,1.3328646151483206,-0.8828162337175963,-1.0427871768490378,0.1177142948927768,-0.4814607612315388,-0.7853990799333818,0.9841231756854657,0
-0.46546902347764374,0.9009088760241706,0.8491410419312149,-0.5045437413411967,-0.911310674287764,0.9048055324001227,0.6994306322113446,0.853056793629862,1.8407448792206904,1.7231103409115156,-0.7394662468772634,-0.11076998018138517,-1.0161329645585022,1
-0.634918112038349,0.9009088760241706,-1.179024470547907,0.592900110104283,-0.911310674287764,-1.177851894974348,-0.044854297739601964,-1.461440576166749,-1.623521805137819,-0.6849837281165926,-0.997471732522988,-2.075131182400434,0.9841231756854657,0
-0.8043672005990544,-1.1099901739376037,-0.502969299721533,0.5991223065796977,-0.404365943111267,-1.177851894974348,0.38271364074285674,-0.8828162337175963,-0.3680608168140954,-0.45564143582820127,-0.997471732522988,-0.686188918205147,-1.0161329645585022,0
-0.46546902347764374,-1.1099901739376037,1.5251962127575889,0.5919525674938138,-0.23538436605243465,-1.177851894974348,-0.2507203421941191,0.853056793629862,0.001192415045823164,-0.7996548742607882,-0.4814607612315388,1.4170665104334308,-1.0161329645585022,0
-0.634918112038349,-1.1099901739376037,-0.502969299721533,0.5868990069046445,-0.5733475201700994,-1.177851894974348,-0.5040939353689095,-1.461440576166749,1.6628319584154578,-1.0289971665491795,-0.997471732522988,-2.650550120424196,0.9841231756854657,0
-0.2960199349169384,0.9009088760241706,-0.502969299721533,0.5913524571738499,-0.23538436605243465,-1.177851894974348,-0.8841543251310949,-1.461440576166749,-1.4724636648314886,-1.2583394588375707,-0.4814607612315388,-1.0631875327724392,0.9841231756854657,0
-0.8043672005990544,-1.1099901739376037,0.8491410419312149,0.11612825326984115,-0.911310674287764,-1.177851894974348,4.024959042630468,0.2744324511807092,1.6729025011025462,2.984492948497668,-0.997471732522988,-1.2219237915376149,-1.0161329645585022,1
-0.9738162891597597,0.9009088760241706,1.5251962127575889,0.5995013236238854,-0.911310674287764,-1.177851894974348,-0.7257958293968509,0.853056793629862,-1.3482603050240614,-1.143668312693375,-0.4814607612315388,0.6233852166075523,-1.0161329645585022,0
-0.9738162891597597,0.9009088760241706,1.5251962127575889,-0.37413029338694626,-0.7423290972289317,0.9048055324001227,0.6994306322113446,-0.8828162337175963,-0.8447331706696268,1.2644257563347332,-0.4814607612315388,-0.7258729828964409,0.9841231756854657,0
-0.8043672005990544,-1.1099901739376037,1.5251962127575889,0.5908155163612506,-0.911310674287764,-1.177851894974348,1.0161476236798326,-1.461440576166749,-1.4724636648314886,0.003043148748581378,-0.997471732522988,1.4964346398160184,-1.0161329645585022,0
-0.634918112038349,-1.1099901739376037,0.8491410419312149,-0.49262049682612535,-0.911310674287764,0.9048055324001227,0.6994306322113446,0.2744324511807092,1.5352717510456675,1.7231103409115156,-0.7394662468772634,-0.051243883144444294,-1.0161329645585022,1
-0.634918112038349,-1.1099901739376037,-0.502969299721533,0.5863620660920452,-0.23538436605243465,-1.177851894974348,-0.2507203421941191,0.853056793629862,0.03476089066945202,-0.7996548742607882,-0.4814607612315388,-0.22982217425526694,0.9841231756854657,0
-0.8043672005990544,-1.1099901739376037,0.8491410419312149,-0.35835370892263335,-0.5733475201700994,0.9048055324001227,0.6994306322113446,-0.8828162337175963,-0.21364582894540246,1.1497546101905376,-0.7394662468772634,-2.075131182400434,0.9841231756854657,0
-0.8043672005990544,0.9009088760241706,0.8491410419312149,0.5890941472855649,-0.911310674287764,0.21058638994196582,0.8577891279455886,0.2744324511807092,-0.46205254856025635,-0.11162799739561437,-0.4814607612315388,-0.03140185079879733,0.9841231756854657,0
-0.634918112038349,-1.1099901739376037,-1.179024470547907,0.5935791823084526,-0.911310674287764,-1.177851894974348,1.9662985980852963,-1.461440576166749,0.561785957960427,0.5763988794695595,-0.7394662468772634,1.317856348705196,0.9841231756854657,0
-0.8043672005990544,0.9009088760241706,-0.502969299721533,0.5931527881337414,-0.7423290972289317,-1.177851894974348,0.8577891279455886,0.853056793629862,1.8105332511594245,-0.11162799739561437,-0.7394662468772634,0.305912699077201,-1.0161329645585022,0
-0.634918112038349,0.9009088760241706,1.5251962127575889,-0.36178065469716375,-0.911310674287764,0.9048055324001227,0.6994306322113446,-1.461440576166749,-1.0495008719737637,1.2644257563347332,-0.4814607612315388,-0.6266628211682062,0.9841231756854657,0
-0.9738162891597597,-1.1099901739376037,0.8491410419312149,0.5914787961885791,-0.911310674287764,-1.177851894974348,0.5371131740837446,-0.8828162337175963,-1.3751150855229646,-0.34097028968400567,-0.4814607612315388,-2.194183376474316,0.9841231756854657,0
-0.2960199349169384,0.9009088760241706,-0.502969299721533,0.5954900599062323,-0.404365943111267,-1.177851894974348,-0.5674373336626071,0.2744324511807092,0.8739727812601764,-1.0289971665491795,-0.7394662468772634,0.6035431842619053,0.9841231756854657,0
-0.8043672005990544,-1.1099901739376037,-0.502969299721533,0.5977325774176762,-0.911310674287764,-1.177851894974348,-0.7257958293968509,0.853056793629862,-1.173704231781191,-1.143668312693375,-0.7394662468772634,0.6829113136444932,0.9841231756854657,0
-0.634918112038349,-1.1099901739376037,0.8491410419312149,0.5905628383317921,-0.911310674287764,-1.177851894974348,-0.4407505370752119,-0.3041918912684436,0.8739727812601764,-0.9143260204049839,-0.4814607612315388,-0.011559818453150373,-1.0161329645585022,0
-0.8043672005990544,-1.1099901739376037,-1.179024470547907,-0.45500305519049633,-0.404365943111267,0.9048055324001227,0.6994306322113446,0.853056793629862,1.9750187817152072,1.4937680486231246,-0.7394662468772634,0.46464895784237664,-1.0161329645585022,1
-0.46546902347764374,0.9009088760241706,-1.179024470547907,0.5914787961885791,-0.06640278899360229,-1.177851894974348,2.4413740852880284,-0.3041918912684436,1.2029438423717405,0.8057411717579506,-0.997471732522988,-1.102871597463733,0.9841231756854657,0
-0.8043672005990544,0.9009088760241706,0.8491410419312149,0.5955848141672792,-0.404365943111267,-1.177851894974348,-0.7574675285436998,-0.8828162337175963,0.001192415045823164,-1.143668312693375,-0.997471732522988,-0.4877685947486774,0.9841231756854657,0
-0.9738162891597597,0.9009088760241706,0.8491410419312149,0.5963112635019723,-0.7423290972289317,-1.177851894974348,0.06599664927436881,0.2744324511807092,0.860545391010725,-0.6849837281165926,-0.7394662468772634,-0.686188918205147,0.9841231756854657,0
-0.634918112038349,-1.1099901739376037,-0.502969299721533,-0.31642494840936924,-0.911310674287764,0.9048055324001227,0.6994306322113446,-0.8828162337175963,0.23617174441122635,1.035083464046342,-0.7394662468772634,-0.051243883144444294,0.9841231756854657,0
-0.8043672005990544,-1.1099901739376037,-1.179024470547907,0.5877833800077491,-0.911310674287764,-1.177851894974348,-0.8841543251310949,0.853056793629862,1.7836784706605218,-1.2583394588375707,-0.7394662468772634,-0.44808453005738347,0.9841231756854657,0
-0.2960199349169384,-1.1099901739376037,-1.179024470547907,-0.4074522085217814,0.10257878806523006,0.9048055324001227,0.6994306322113446,-1.461440576166749,1.2835081838684501,1.379096902478929,-0.997471732522988,-1.9163949236352584,-1.0161329645585022,1
-0.8043672005990544,-1.1099901739376037,0.8491410419312149,0.5954900599062323,-0.911310674287764,-1.177851894974348,-1.2325430157464317,1.4316811360790147,0.001192415045823164,-1.3730106049817663,-0.997471732522988,-0.190138109563973,0.9841231756854657,0
-0.9738162891597597,-1.1099901739376037,-0.502969299721533,0.590341745056016,-0.911310674287764,-1.177851894974348,-0.3298995900612411,-0.8828162337175963,0.1119683846037988,-0.9143260204049839,-0.4814607612315388,-1.162397694500674,0.9841231756854657,0
-0.634918112038349,0.9009088760241706,1.5251962127575889,0.5960743778493549,-0.7423290972289317,-1.177851894974348,0.38271364074285674,-0.3041918912684436,-0.2438574570066685,-0.45564143582820127,-0.997471732522988,-0.44808453005738347,-1.0161329645585022,0
-0.2960199349169384,0.9009088760241706,-1.179024470547907,0.37381246618695235,-0.06640278899360229,-1.177851894974348,0.6994306322113446,-0.3041918912684436,0.001192415045823164,0.003043148748581378,-0.997471732522988,-1.3211339532658497,-1.0161329645585022,1
-0.2960199349169384,-1.1099901739376037,1.5251962127575889,0.6038442272552027,-0.5733475201700994,0.21058638994196582,0.06599664927436881,-0.3041918912684436,-1.6839450612603513,-0.6849837281165926,-0.997471732522988,0.7424374106814341,-1.0161329645585022,0
-0.634918112038349,-1.1099901739376037,1.5251962127575889,-0.29674764686529126,-0.404365943111267,0.9048055324001227,0.6994306322113446,-0.3041918912684436,-0.37813135950118393,1.035083464046342,-0.997471732522988,-1.142555662155027,0.9841231756854657,0
-0.634918112038349,0.9009088760241706,0.8491410419312149,-0.2984058464336124,-0.7423290972289317,0.9048055324001227,0.6994306322113446,-0.8828162337175963,0.4040141225293712,1.035083464046342,-0.7394662468772634,-2.5116558940046674,0.9841231756854657,0
-0.46546902347764374,0.9009088760241706,1.5251962127575889,0.37460208502901005,-0.5733475201700994,-1.177851894974348,2.2830155895537843,-1.461440576166749,2.0757242085860943,1.035083464046342,-0.997471732522988,-0.2893482712922078,-1.0161329645585022,1
-0.8043672005990544,-1.1099901739376037,-0.502969299721533,0.6001172263206904,-0.404365943111267,-1.177851894974348,0.7786098800784667,0.2744324511807092,-1.173704231781191,-0.2262991435398101,-0.997471732522988,-1.0235034680811452,0.9841231756854657,0
-0.46546902347764374,0.9009088760241706,-1.179024470547907,0.6024071209626577,-0.06640278899360229,-1.177851894974348,-0.2507203421941191,0.853056793629862,-1.1804179269059165,-0.7996548742607882,-0.997471732522988,0.3455967637684949,0.9841231756854657,0
-0.634918112038349,0.9009088760241706,-1.179024470547907,0.6055498039540474,-0.911310674287764,-1.177851894974348,2.4413740852880284,1.4316811360790147,0.03811773823181484,0.8057411717579506,-0.7394662468772634,-0.13061201252703214,-1.0161329645585022,0
-0.2960199349169384,0.9009088760241706,0.8491410419312149,0.6084240165391375,-0.7423290972289317,-1.177851894974348,0.12934004756806639,-1.461440576166749,-0.5661148229935064,-0.570312581972397,-0.7394662468772634,-1.5592383414136133,0.9841231756854657,0
-0.8043672005990544,-1.1099901739376037,0.8491410419312149,0.6051707869098597,-0.911310674287764,-1.177851894974348,-0.6347396943496607,0.2744324511807092,-1.4993184453303918,-1.0289971665491795,-0.7394662468772634,-1.2616078562289088,0.9841231756854657,0
-0.8043672005990544,0.9009088760241706,-0.502969299721533,0.609197843004354,-0.911310674287764,-1.177851894974348,0.8577891279455886,1.4316811360790147,-1.4993184453303918,-0.11162799739561437,-0.7394662468772634,-0.9242933063529105,0.9841231756854657,0
-0.8043672005990544,0.9009088760241706,-0.502969299721533,-0.25543478904883216,-0.911310674287764,0.9048055324001227,0.6994306322113446,-0.8828162337175963,-1.3751150855229646,0.9204123179021463,-0.7394662468772634,-0.6663468858595001,0.9841231756854657,0
-0.8043672005990544,0.9009088760241706,0.8491410419312149,-0.638226211301566,-0.5733475201700994,0.21058638994196582,-0.963333572998217,-0.8828162337175963,1.4312094766124175,-0.570312581972397,-0.7394662468772634,-0.7457150152420878,0.9841231756854657,0
-0.9738162891597597,-1.1099901739376037,0.8491410419312149,0.3821350487822406,-0.911310674287764,-1.177851894974348,-0.963333572998217,-1.461440576166749,1.253296555807184,-1.2583394588375707,-0.7394662468772634,0.32575473142284794,-1.0161329645585022,1
-0.634918112038349,-1.1099901739376037,-1.179024470547907,0.6121352250968086,-0.911310674287764,0.21058638994196582,0.38271364074285674,-0.3041918912684436,-1.6705176710108995,-0.45564143582820127,-0.7394662468772634,0.6035431842619053,0.9841231756854657,0
-0.8043672005990544,0.9009088760241706,-1.179024470547907,-0.2442379938684539,-0.911310674287764,0.9048055324001227,0.6994306322113446,1.4316811360790147,1.0955247203761276,0.9204123179021463,-0.7394662468772634,0.46464895784237664,0.9841231756854657,0
-0.634918112038349,-1.1099901739376037,1.5251962127575889,0.6064499694339932,-0.5733475201700994,-1.177851894974348,0.06599664927436881,-0.3041918912684436,0.23617174441122635,-0.6849837281165926,-0.7394662468772634,-0.5671367241312653,-1.0161329645585022,0
-0.634918112038349,-1.1099901739376037,-0.502969299721533,0.6186574767322053,-0.23538436605243465,-1.177851894974348,0.06599664927436881,1.4316811360790147,-1.4724636648314886,-0.6849837281165926,-0.7394662468772634,-0.5076106270943244,0.9841231756854657,0
-1.143265377720465,0.9009088760241706,-1.179024470547907,-0.24387476920110737,-0.911310674287764,0.9048055324001227,0.6994306322113446,-0.8828162337175963,1.223084927745918,0.9204123179021463,-0.7394662468772634,1.1789621222856672,0.9841231756854657,0
-0.46546902347764374,-1.1099901739376037,-0.502969299721533,0.6129722210693899,-0.911310674287764,-1.177851894974348,-1.2008713165995828,-0.8828162337175963,-1.8752853723150364,-1.3730106049817663,-0.4814607612315388,0.7225953783357871,-1.0161329645585022,0
-0.634918112038349,0.9009088760241706,1.5251962127575889,0.6096716143095886,-0.23538436605243465,0.21058638994196582,0.38271364074285674,1.4316811360790147,-1.1804179269059165,-0.45564143582820127,-0.997471732522988,0.9606997664835506,0.9841231756854657,0
-0.9738162891597597,-1.1099901739376037,1.5251962127575889,-0.639758071855158,-0.911310674287764,0.21058638994196582,-1.042512820865339,0.2744324511807092,-1.3482603050240614,-0.6849837281165926,-0.4814607612315388,0.40512286080543575,0.9841231756854657,0
-0.2960199349169384,-1.1099901739376037,0.8491410419312149,0.607350134913939,-0.06640278899360229,-1.177851894974348,0.38271364074285674,0.2744324511807092,-0.8447331706696268,-0.45564143582820127,-0.7394662468772634,0.16701847265767225,-1.0161329645585022,0
-0.8043672005990544,0.9009088760241706,-0.502969299721533,0.6159569802923679,-0.911310674287764,0.21058638994196582,0.06599664927436881,-0.8828162337175963,2.371126794074029,-0.6849837281165926,-0.7394662468772634,-0.5472946917856183,0.9841231756854657,0
-1.143265377720465,-1.1099901739376037,0.8491410419312149,0.6104454407748051,-0.911310674287764,-1.177851894974348,-0.5674373336626071,0.853056793629862,-0.1397951825734185,-1.0289971665491795,-0.4814607612315388,-0.09092794783573821,0.9841231756854657,0
-0.634918112038349,-1.1099901739376037,-0.502969299721533,0.6142356112166821,-0.5733475201700994,-1.177851894974348,-0.4882580857954851,0.853056793629862,0.03476089066945202,-1.0289971665491795,-0.7394662468772634,-0.36871640067479566,0.9841231756854657,0
-0.46546902347764374,-1.1099901739376037,-1.179024470547907,-0.22321834029287782,-0.5733475201700994,0.9048055324001227,0.6994306322113446,0.853056793629862,-0.005521280078902488,0.8057411717579506,-0.4814607612315388,0.7225953783357871,-1.0161329645585022,0
-0.46546902347764374,0.9009088760241706,-1.179024470547907,0.3782975012098401,-0.911310674287764,-1.177851894974348,-0.7257958293968509,-0.3041918912684436,-0.21700267650776528,-1.0289971665491795,-0.997471732522988,-0.011559818453150373,-1.0161329645585022,1
-0.9738162891597597,0.9009088760241706,0.8491410419312149,-0.22598200624007977,-0.7423290972289317,0.9048055324001227,0.6994306322113446,0.2744324511807092,-1.2979075915886182,0.8057411717579506,-0.997471732522988,0.32575473142284794,-1.0161329645585022,0
-0.9738162891597597,0.9009088760241706,-0.502969299721533,0.6091030887433071,-0.7423290972289317,-1.177851894974348,2.4413740852880284,-0.8828162337175963,1.159304824061023,0.8057411717579506,-0.7394662468772634,-0.4282424977117365,0.9841231756854657,0
-0.634918112038349,-1.1099901739376037,-1.179024470547907,0.6095294829180182,-0.06640278899360229,-1.177851894974348,-0.7257958293968509,0.2744324511807092,-1.7510820125076092,-1.143668312693375,-0.997471732522988,0.8614896047553159,-1.0161329645585022,0
-0.8043672005990544,0.9009088760241706,-1.179024470547907,0.6126089964020432,-0.23538436605243465,-1.177851894974348,0.06599664927436881,1.4316811360790147,0.001192415045823164,-0.6849837281165926,-0.4814607612315388,0.305912699077201,0.9841231756854657,0
-0.9738162891597597,0.9009088760241706,0.8491410419312149,-0.3352178768503426,-0.5733475201700994,0.9048055324001227,0.6994306322113446,0.853056793629862,0.9780350556934264,1.1497546101905376,-0.7394662468772634,-0.03140185079879733,-1.0161329645585022,1
-0.46546902347764374,0.9009088760241706,-0.502969299721533,0.3839985492494967,-0.23538436605243465,-1.177851894974348,2.2830155895537843,-1.461440576166749,0.001192415045823164,1.035083464046342,-0.997471732522988,-2.094973214746081,-1.0161329645585022,1
-0.9738162891597597,0.9009088760241706,-0.502969299721533,0.3823245573043344,-0.7423290972289317,-1.177851894974348,1.3328646151483206,-0.8828162337175963,0.830333762949459,0.3470565871811683,-0.997471732522988,0.6035431842619053,-1.0161329645585022,1
-0.2960199349169384,-1.1099901739376037,0.8491410419312149,0.6104138560211229,-0.23538436605243465,-1.177851894974348,0.6994306322113446,1.4316811360790147,-1.0495008719737637,-0.2262991435398101,-0.7394662468772634,0.028124246238143545,0.9841231756854657,0
-0.634918112038349,0.9009088760241706,0.8491410419312149,0.3829246676242983,-0.5733475201700994,-1.177851894974348,1.6495816066168083,0.853056793629862,-0.005521280078902488,0.5763988794695595,-0.4814607612315388,0.4844909901880236,-1.0161329645585022,1
-1.3127144662811705,-1.1099901739376037,1.5251962127575889,0.6090872963664659,-0.911310674287764,-1.177851894974348,2.3226052134873454,-0.8828162337175963,0.001192415045823164,0.6910700256137552,-0.4814607612315388,-0.7655570475877348,-1.0161329645585022,0
-0.46546902347764374,0.9009088760241706,0.8491410419312149,-0.2018038772962729,-0.404365943111267,0.9048055324001227,0.6994306322113446,-0.3041918912684436,-1.4724636648314886,0.8057411717579506,-0.997471732522988,-0.4282424977117365,0.9841231756854657,0
-0.2960199349169384,-1.1099901739376037,-1.179024470547907,-0.19978245306060516,-0.06640278899360229,0.9048055324001227,0.6994306322113446,-0.8828162337175963,-0.34120603631519225,0.8057411717579506,-0.4814607612315388,0.7225953783357871,0.9841231756854657,0
-0.8043672005990544,0.9009088760241706,1.5251962127575889,0.6041442824151847,-0.911310674287764,-1.177851894974348,0.06599664927436881,1.4316811360790147,-0.6936750303632967,-0.6849837281165926,-0.7394662468772634,1.1988041546313142,0.9841231756854657,0
-0.634918112038349,0.9009088760241706,-1.179024470547907,0.610634949296899,-0.911310674287764,-1.177851894974348,2.4413740852880284,0.2744324511807092,0.27645391515958084,0.8057411717579506,-0.7394662468772634,-0.6068207888225592,0.9841231756854657,0
-0.8043672005990544,0.9009088760241706,-1.179024470547907,0.38387221023476753,-0.911310674287764,-1.177851894974348,-0.7574675285436998,-1.461440576166749,1.676259348664909,-1.0289971665491795,-0.7394662468772634,0.26622863438590705,-1.0161329645585022,1
-0.8043672005990544,-1.1099901739376037,0.8491410419312149,0.6144724968692995,-0.5733475201700994,-1.177851894974348,0.7786098800784667,-0.8828162337175963,-0.6936750303632967,-0.2262991435398101,-0.7394662468772634,0.46464895784237664,-1.0161329645585022,0
-0.8043672005990544,0.9009088760241706,-1.179024470547907,-0.6405634830740569,-0.911310674287764,0.21058638994196582,-0.3298995900612411,0.853056793629862,0.6624913848313142,0.5763988794695595,-0.7394662468772634,-0.07108591549009124,-1.0161329645585022,0
-0.46546902347764374,0.9009088760241706,0.8491410419312149,0.615246323334516,-0.23538436605243465,-1.177851894974348,-1.359229812333827,-0.3041918912684436,0.04483143335654109,-1.487681751125962,-0.4814607612315388,-0.38855843302044263,-1.0161329645585022,0
-0.8043672005990544,0.9009088760241706,-1.179024470547907,0.6140461026945883,-0.911310674287764,-1.177851894974348,1.6495816066168083,-1.461440576166749,0.860545391010725,0.3470565871811683,-0.4814607612315388,-0.9838194033898514,0.9841231756854657,0
-0.46546902347764374,0.9009088760241706,-0.502969299721533,0.6153884547260864,-0.23538436605243465,-1.177851894974348,-0.5040939353689095,0.853056793629862,-0.46205254856025635,-1.0289971665491795,-0.4814607612315388,-1.7775006972157297,0.9841231756854657,0
-0.46546902347764374,0.9009088760241706,-0.502969299721533,0.6114245681389567,-0.911310674287764,0.21058638994196582,-1.2008713165995828,0.853056793629862,-1.2207000976542715,-1.3730106049817663,-0.997471732522988,0.801963507718375,0.9841231756854657,0
-0.9738162891597597,0.9009088760241706,0.8491410419312149,0.6067816093476575,-0.911310674287764,-1.177851894974348,1.0161476236798326,-1.461440576166749,-1.1233515183457474,0.003043148748581378,-0.7394662468772634,0.08765034327508442,-1.0161329645585022,0
-0.46546902347764374,-1.1099901739376037,-0.502969299721533,0.3831773456537567,-0.23538436605243465,-1.177851894974348,0.8577891279455886,0.853056793629862,-1.3751150855229646,0.003043148748581378,-0.4814607612315388,0.5241750548793175,-1.0161329645585022,1
-0.8043672005990544,0.9009088760241706,-0.502969299721533,-0.20824716704746374,-0.911310674287764,0.9048055324001227,0.6994306322113446,1.4316811360790147,0.2193875065994116,0.8057411717579506,-0.7394662468772634,0.9210157017922567,-1.0161329645585022,0
-1.143265377720465,0.9009088760241706,-0.502969299721533,-0.20445699660558678,-0.911310674287764,0.9048055324001227,0.6994306322113446,-0.8828162337175963,-1.4993184453303918,0.8057411717579506,-0.997471732522988,-0.11076998018138517,0.9841231756854657,0
-0.8043672005990544,0.9009088760241706,1.5251962127575889,0.140811738272565,-0.911310674287764,-1.177851894974348,-0.4090788379283631,0.2744324511807092,-0.46205254856025635,-0.6849837281165926,-0.997471732522988,-1.4798702120310254,-1.0161329645585022,1
-1.143265377720465,0.9009088760241706,-0.502969299721533,0.6178994426438299,-0.911310674287764,-1.177851894974348,0.8577891279455886,0.2744324511807092,0.11868207972852446,-0.11162799739561437,-0.4814607612315388,-1.102871597463733,0.9841231756854657,0
-1.143265377720465,-1.1099901739376037,-1.179024470547907,0.609608444802224,-0.911310674287764,-1.177851894974348,0.06599664927436881,-1.461440576166749,-1.4724636648314886,-0.6849837281165926,-0.997471732522988,-1.9362369559809054,-1.0161329645585022,0
-0.8043672005990544,0.9009088760241706,-0.502969299721533,0.6110613434716101,-0.7423290972289317,-1.177851894974348,-0.02901844816617757,-0.8828162337175963,-1.4724636648314886,-0.6849837281165926,-0.7394662468772634,0.286070666731554,0.9841231756854657,0
-0.8043672005990544,0.9009088760241706,1.5251962127575889,0.6175520103533245,-0.911310674287764,-1.177851894974348,-0.09236184645987515,-0.8828162337175963,-1.4724636648314886,-0.6849837281165926,-0.4814607612315388,-0.20998014190961997,0.9841231756854657,0
-0.2960199349169384,0.9009088760241706,-1.179024470547907,0.6186890614858876,-0.7423290972289317,-1.177851894974348,-0.17945901911370934,1.4316811360790147,-1.3482603050240614,-0.7996548742607882,-0.997471732522988,-0.190138109563973,0.9841231756854657,0
-0.9738162891597597,0.9009088760241706,-1.179024470547907,-0.18444805514784454,-0.911310674287764,0.9048055324001227,0.6994306322113446,1.4316811360790147,0.4040141225293712,0.8057411717579506,-0.7394662468772634,-0.4877685947486774,0.9841231756854657,0
-0.634918112038349,0.9009088760241706,-1.179024470547907,0.6168571457723138,-0.7423290972289317,-1.177851894974348,-0.2507203421941191,-0.8828162337175963,0.561785957960427,-0.7996548742607882,-0.997471732522988,0.008282213892496587,0.9841231756854657,0
-0.8043672005990544,0.9009088760241706,-0.502969299721533,0.6188627776311403,-0.404365943111267,-1.177851894974348,0.06599664927436881,-0.8828162337175963,0.04483143335654109,-0.6849837281165926,-0.4814607612315388,0.9210157017922567,0.9841231756854657,0
-0.9738162891597597,0.9009088760241706,-1.179024470547907,-0.18579040717934264,-0.7423290972289317,0.9048055324001227,0.6994306322113446,-0.8828162337175963,1.1223795008750308,0.8057411717579506,-0.4814607612315388,-1.0036614357354983,0.9841231756854657,0
-0.8043672005990544,0.9009088760241706,-0.502969299721533,-0.6373892153289848,-0.404365943111267,0.21058638994196582,-0.4882580857954851,1.4316811360790147,-0.811164695045998,0.23238544103697253,-0.997471732522988,0.40512286080543575,-1.0161329645585022,0
-0.634918112038349,0.9009088760241706,-0.502969299721533,0.6245480332939558,-0.404365943111267,-1.177851894974348,0.06599664927436881,1.4316811360790147,-0.811164695045998,-0.6849837281165926,-0.7394662468772634,-1.2219237915376149,-1.0161329645585022,0
-0.46546902347764374,-1.1099901739376037,0.8491410419312149,-0.1830267412321407,-0.404365943111267,0.9048055324001227,0.6994306322113446,-1.461440576166749,-1.371758237960602,0.6910700256137552,-0.997471732522988,0.4448069254967297,0.9841231756854657,0
-0.2960199349169384,0.9009088760241706,-0.502969299721533,0.6244848637865912,-0.06640278899360229,-1.177851894974348,0.0026532509806712224,-0.3041918912684436,0.6893461653302174,-0.6849837281165926,-0.7394662468772634,0.7027533459901402,0.9841231756854657,0
-0.634918112038349,-1.1099901739376037,-1.179024470547907,-0.6433113566444176,-0.911310674287764,0.21058638994196582,0.8577891279455886,-0.3041918912684436,0.001192415045823164,2.7551506562092767,-0.7394662468772634,0.9606997664835506,0.9841231756854657,0
-0.634918112038349,0.9009088760241706,-0.502969299721533,-0.17956821070392792,-0.911310674287764,0.9048055324001227,0.6994306322113446,0.2744324511807092,0.5382880250238866,0.6910700256137552,-0.997471732522988,-0.30919030363785477,-1.0161329645585022,0
-0.8043672005990544,0.9009088760241706,-0.502969299721533,0.6240426772350388,-0.5733475201700994,-1.177851894974348,-1.359229812333827,1.4316811360790147,0.16232109803924238,-1.487681751125962,-0.7394662468772634,-0.36871640067479566,0.9841231756854657,0
-0.9738162891597597,0.9009088760241706,0.8491410419312149,0.6351447181543701,-0.911310674287764,-1.177851894974348,1.3328646151483206,1.4316811360790147,-0.707102420612748,0.1177142948927768,-0.7394662468772634,0.6233852166075523,-1.0161329645585022,0
-0.634918112038349,0.9009088760241706,1.5251962127575889,0.6333601795713197,-0.7423290972289317,-1.177851894974348,0.38271364074285674,-1.461440576166749,-1.6705176710108995,-0.45564143582820127,-0.997471732522988,-1.3608180179571436,-1.0161329645585022,0
-0.2960199349169384,0.9009088760241706,-0.502969299721533,-0.15805899344627608,-0.404365943111267,0.9048055324001227,0.6994306322113446,1.4316811360790147,-0.21364582894540246,0.6910700256137552,-0.997471732522988,-0.22982217425526694,-1.0161329645585022,0
-0.2960199349169384,-1.1099901739376037,0.8491410419312149,0.6280381485758508,-0.23538436605243465,-1.177851894974348,-0.7257958293968509,1.4316811360790147,0.16232109803924238,-1.143668312693375,-0.997471732522988,-1.7973427295613766,0.9841231756854657,0
-0.46546902347764374,0.9009088760241706,-1.179024470547907,-0.14517241394389432,-0.23538436605243465,0.9048055324001227,0.6994306322113446,0.2744324511807092,0.5382880250238866,0.6910700256137552,-0.7394662468772634,1.1194360252487263,-1.0161329645585022,0
-0.2960199349169384,0.9009088760241706,-0.502969299721533,-0.11346132124685693,-0.06640278899360229,0.9048055324001227,0.6994306322113446,0.2744324511807092,0.5651428055227898,0.5763988794695595,-0.4814607612315388,-0.5869787564769122,0.9841231756854657,0
-0.9738162891597597,-1.1099901739376037,1.5251962127575889,-0.10845513778821109,-0.911310674287764,0.9048055324001227,0.6994306322113446,0.853056793629862,-1.6705176710108995,0.5763988794695595,-0.997471732522988,0.9210157017922567,0.9841231756854657,0
-0.46546902347764374,0.9009088760241706,1.5251962127575889,0.6334075567018432,0.10257878806523006,-1.177851894974348,0.8577891279455886,-1.461440576166749,-1.623521805137819,-0.2262991435398101,-0.4814607612315388,0.18686050500331922,-1.0161329645585022,0
-0.8043672005990544,-1.1099901739376037,1.5251962127575889,-0.1112030113585719,-0.911310674287764,0.9048055324001227,0.6994306322113446,-0.8828162337175963,1.286865031430813,0.5763988794695595,-0.7394662468772634,0.9805417988291976,0.9841231756854657,0
-0.8043672005990544,0.9009088760241706,-0.502969299721533,0.629491047245237,-0.911310674287764,-1.177851894974348,-1.2325430157464317,-0.8828162337175963,-1.0495008719737637,-1.3730106049817663,-0.997471732522988,-1.3806600503027906,-1.0161329645585022,0
-0.2960199349169384,-1.1099901739376037,-0.502969299721533,0.6254008216433781,-0.5733475201700994,-1.177851894974348,1.6495816066168083,0.2744324511807092,1.0787404825643134,0.3470565871811683,-0.4814607612315388,0.7424374106814341,0.9841231756854657,0
-0.634918112038349,0.9009088760241706,-0.502969299721533,0.6256219149191542,-0.911310674287764,-1.177851894974348,0.4223032646764177,-0.8828162337175963,-0.37813135950118393,-0.45564143582820127,-0.997471732522988,-0.5274526594399713,-1.0161329645585022,0
-0.9738162891597597,-1.1099901739376037,0.8491410419312149,-0.11630394907826466,-0.911310674287764,0.9048055324001227,0.6994306322113446,1.4316811360790147,-1.0495008719737637,0.5763988794695595,-0.997471732522988,0.6432272489531993,0.9841231756854657,0
-0.2960199349169384,-1.1099901739376037,-1.179024470547907,0.6321283741777097,-0.5733475201700994,-1.177851894974348,-0.2507203421941191,1.4316811360790147,1.3103629643673533,-0.7996548742607882,-0.4814607612315388,1.4369085427790778,-1.0161329645585022,0
-0.8043672005990544,0.9009088760241706,-0.502969299721533,0.6352236800385759,-0.5733475201700994,-1.177851894974348,2.12465709381954,-1.461440576166749,-1.3751150855229646,0.5763988794695595,-0.4814607612315388,-0.7853990799333818,-1.0161329645585022,0
-0.634918112038349,0.9009088760241706,0.8491410419312149,0.4132776159129964,-0.404365943111267,-1.177851894974348,-0.2507203421941191,1.4316811360790147,0.001192415045823164,-0.6849837281165926,-0.7394662468772634,0.20670253734896618,-1.0161329645585022,1
-0.9738162891597597,-1.1099901739376037,-1.179024470547907,-0.10697065436514261,-0.911310674287764,0.9048055324001227,0.6994306322113446,-1.461440576166749,0.830333762949459,0.5763988794695595,-0.7394662468772634,0.3654387961141419,0.9841231756854657,0
-0.46546902347764374,-1.1099901739376037,0.8491410419312149,0.6376399136952725,-0.404365943111267,-1.177851894974348,-0.17154109432699713,0.853056793629862,0.19253272610050842,-0.7996548742607882,-0.997471732522988,-0.26950623894656084,-1.0161329645585022,0
-0.8043672005990544,0.9009088760241706,1.5251962127575889,0.638824341958359,-0.7423290972289317,-1.177851894974348,2.4413740852880284,-0.8828162337175963,1.575553921794022,0.8057411717579506,-0.997471732522988,0.9606997664835506,0.9841231756854657,0
-0.46546902347764374,0.9009088760241706,0.8491410419312149,-0.22422905241071167,-0.23538436605243465,0.9048055324001227,0.6994306322113446,-1.461440576166749,1.2029438423717405,0.8057411717579506,-0.4814607612315388,0.801963507718375,-1.0161329645585022,1
-0.46546902347764374,-1.1099901739376037,-0.502969299721533,0.6413984993834672,-0.06640278899360229,-1.177851894974348,0.5094004373302519,-0.3041918912684436,0.4745079213389917,-0.34097028968400567,-0.4814607612315388,-0.40840046536608954,0.9841231756854657,0
-0.9738162891597597,-1.1099901739376037,-0.502969299721533,0.6421565334718425,-0.911310674287764,-1.177851894974348,-0.38928402596158257,0.853056793629862,-1.173704231781191,-0.9143260204049839,-0.4814607612315388,-0.09092794783573821,0.9841231756854657,0
-0.9738162891597597,-1.1099901739376037,-1.179024470547907,0.639740299815146,-0.911310674287764,-1.177851894974348,-0.7257958293968509,0.2744324511807092,-0.448625158310805,-1.143668312693375,-0.7394662468772634,-2.4124457322764323,0.9841231756854657,0
-0.8043672005990544,-1.1099901739376037,1.5251962127575889,0.6388875114657236,-0.23538436605243465,-1.177851894974348,-0.646616581529729,0.853056793629862,1.253296555807184,-1.0289971665491795,-0.4814607612315388,1.0995939929030794,0.9841231756854657,0
-0.9738162891597597,0.9009088760241706,-1.179024470547907,-0.10758655706194761,-0.404365943111267,0.9048055324001227,0.6994306322113446,-0.8828162337175963,0.5785701957722418,0.5763988794695595,-0.997471732522988,1.1988041546313142,-1.0161329645585022,0
-0.634918112038349,0.9009088760241706,0.8491410419312149,0.637592536564749,-0.911310674287764,-1.177851894974348,0.38271364074285674,-0.3041918912684436,-0.4654093961226198,-0.45564143582820127,-0.7394662468772634,-1.0433455004267922,-1.0161329645585022,0
-0.46546902347764374,-1.1099901739376037,-0.502969299721533,0.641588007905561,-0.404365943111267,-1.177851894974348,0.38271364074285674,0.2744324511807092,-0.6936750303632967,-0.45564143582820127,-0.997471732522988,0.008282213892496587,0.9841231756854657,0
-0.2960199349169384,-1.1099901739376037,0.17308587110484092,0.6471469245536473,-0.911310674287764,-1.177851894974348,-1.090020369585612,0.853056793629862,0.001192415045823164,-1.3730106049817663,-0.7394662468772634,0.9606997664835506,-1.0161329645585022,0
-0.46546902347764374,0.9009088760241706,0.8491410419312149,-0.10438070456319333,0.10257878806523006,0.9048055324001227,0.6994306322113446,-0.3041918912684436,0.001192415045823164,0.5763988794695595,-0.997471732522988,0.12733440796637835,0.9841231756854657,0
-0.8043672005990544,0.9009088760241706,-0.502969299721533,0.6504159465597662,-0.911310674287764,-1.177851894974348,1.6495816066168083,-0.8828162337175963,-1.1804179269059165,0.3470565871811683,-0.7394662468772634,0.2463866020402601,0.9841231756854657,0
-0.46546902347764374,-1.1099901739376037,0.8491410419312149,0.6488840860061742,-0.23538436605243465,-1.177851894974348,-0.2507203421941191,0.2744324511807092,0.001192415045823164,-0.7996548742607882,-0.4814607612315388,-0.36871640067479566,0.9841231756854657,0
-0.8043672005990544,0.9009088760241706,0.8491410419312149,0.6461835895663368,-0.911310674287764,-1.177851894974348,-0.7574675285436998,0.853056793629862,0.16232109803924238,-1.143668312693375,-0.997471732522988,0.9011736694466097,-1.0161329645585022,0
-0.9738162891597597,0.9009088760241706,-1.179024470547907,-0.09013598065247234,-0.5733475201700994,0.9048055324001227,0.6994306322113446,-0.8828162337175963,-1.3482603050240614,0.5763988794695595,-0.4814607612315388,0.9210157017922567,-1.0161329645585022,0
-0.46546902347764374,-1.1099901739376037,-1.179024470547907,0.650905510241842,-0.404365943111267,-1.177851894974348,0.38271364074285674,-0.3041918912684436,-0.21028898138303903,-0.45564143582820127,-0.4814607612315388,0.821805540064022,0.9841231756854657,0
-0.8043672005990544,-1.1099901739376037,-1.179024470547907,-0.06496293196767274,-0.911310674287764,0.9048055324001227,0.6994306322113446,-1.461440576166749,-0.005521280078902488,0.4617277333253637,-0.4814607612315388,0.3654387961141419,0.9841231756854657,0
-0.634918112038349,0.9009088760241706,-0.502969299721533,0.6474469797136292,-0.404365943111267,-1.177851894974348,0.06599664927436881,0.2744324511807092,0.8739727812601764,-0.6849837281165926,-0.7394662468772634,1.337698381050843,0.9841231756854657,0
-0.634918112038349,0.9009088760241706,-1.179024470547907,-0.07623868903225675,-0.06640278899360229,0.9048055324001227,0.6994306322113446,1.4316811360790147,-0.811164695045998,0.5763988794695595,-0.4814607612315388,-0.03140185079879733,0.9841231756854657,0
-0.46546902347764374,0.9009088760241706,0.8491410419312149,0.6533849134059031,0.10257878806523006,-1.177851894974348,-0.2507203421941191,1.4316811360790147,-1.0092187012254088,-0.7996548742607882,-0.997471732522988,-0.03140185079879733,0.9841231756854657,0
-0.634918112038349,0.9009088760241706,1.5251962127575889,-0.05700357403973108,0.10257878806523006,0.9048055324001227,0.6994306322113446,0.853056793629862,0.5651428055227898,0.4617277333253637,-0.997471732522988,1.1194360252487263,0.9841231756854657,0
-0.8043672005990544,0.9009088760241706,0.8491410419312149,0.6446991061432684,-0.7423290972289317,-1.177851894974348,2.4413740852880284,0.2744324511807092,0.23617174441122635,0.8057411717579506,-0.7394662468772634,-0.5671367241312653,0.9841231756854657,0
-0.634918112038349,0.9009088760241706,0.8491410419312149,0.6456466487537376,-0.404365943111267,-1.177851894974348,-0.47242223622206064,-0.8828162337175963,-0.3680608168140954,-1.0289971665491795,-0.997471732522988,-0.36871640067479566,0.9841231756854657,0
-0.9738162891597597,0.9009088760241706,1.5251962127575889,-0.03459419130213343,-0.911310674287764,0.9048055324001227,0.6994306322113446,-1.461440576166749,-1.0495008719737637,0.4617277333253637,-0.7394662468772634,-0.9242933063529105,0.9841231756854657,0
-0.8043672005990544,-1.1099901739376037,0.8491410419312149,-0.010258138589914988,-0.911310674287764,0.9048055324001227,0.6994306322113446,0.853056793629862,-0.11965409719924096,0.4617277333253637,-0.4814607612315388,-0.6663468858595001,0.9841231756854657,0
-0.8043672005990544,0.9009088760241706,-0.502969299721533,0.6521689003891342,-0.404365943111267,-1.177851894974348,4.024959042630468,0.853056793629862,1.934736610966852,1.7231103409115156,-0.7394662468772634,0.6829113136444932,-1.0161329645585022,0
-0.8043672005990544,0.9009088760241706,1.5251962127575889,-0.008031413455312261,-0.911310674287764,0.9048055324001227,0.6994306322113446,-1.461440576166749,-0.34120603631519225,0.4617277333253637,-0.997471732522988,0.26622863438590705,0.9841231756854657,0
-0.634918112038349,-1.1099901739376037,0.8491410419312149,-0.01498005926542006,-0.404365943111267,0.9048055324001227,0.6994306322113446,-0.8828162337175963,-0.005521280078902488,0.4617277333253637,-0.4814607612315388,-0.9838194033898514,0.9841231756854657,0
-0.8043672005990544,0.9009088760241706,-0.502969299721533,0.6479681281493873,-0.23538436605243465,-1.177851894974348,0.6994306322113446,-0.8828162337175963,2.206641263518246,-0.2262991435398101,-0.7394662468772634,1.1988041546313142,0.9841231756854657,0
-0.8043672005990544,-1.1099901739376037,-0.502969299721533,0.6512371501555062,-0.911310674287764,-1.177851894974348,0.8577891279455886,0.2744324511807092,0.8336906105118219,-0.2262991435398101,-0.4814607612315388,-2.1743413441286688,0.9841231756854657,0
-0.634918112038349,0.9009088760241706,-1.179024470547907,0.6509844721260477,-0.23538436605243465,0.21058638994196582,-0.5674373336626071,0.2744324511807092,-0.707102420612748,-1.0289971665491795,-0.997471732522988,-0.32903233598350173,0.9841231756854657,0
-0.9738162891597597,0.9009088760241706,0.8491410419312149,-0.01273754175397618,-0.5733475201700994,0.9048055324001227,0.6994306322113446,0.2744324511807092,-1.1804179269059165,0.4617277333253637,-0.997471732522988,-1.7576586648700827,0.9841231756854657,0
-0.2960199349169384,0.9009088760241706,-0.502969299721533,0.0007649404452105633,-0.404365943111267,0.9048055324001227,0.6994306322113446,0.853056793629862,-1.4724636648314886,0.4617277333253637,-0.7394662468772634,0.008282213892496587,-1.0161329645585022,0
-0.46546902347764374,-1.1099901739376037,-0.502969299721533,0.6531954048838092,-0.911310674287764,-1.177851894974348,-0.5674373336626071,0.853056793629862,-0.707102420612748,-1.0289971665491795,-0.7394662468772634,-0.20998014190961997,0.9841231756854657,0
-0.46546902347764374,-1.1099901739376037,-0.502969299721533,-0.6543818128100667,0.2715603651240624,0.21058638994196582,0.8577891279455886,0.853056793629862,-1.6705176710108995,2.869821802353472,-0.4814607612315388,-0.17029607721832604,0.9841231756854657,0
-0.8043672005990544,-1.1099901739376037,-1.179024470547907,0.005186805960733707,-0.911310674287764,0.9048055324001227,0.6994306322113446,-0.8828162337175963,0.665848232393677,0.3470565871811683,-0.7394662468772634,0.2463866020402601,-1.0161329645585022,0
-0.46546902347764374,-1.1099901739376037,-1.179024470547907,0.6517740909681053,0.10257878806523006,-1.177851894974348,0.38271364074285674,1.4316811360790147,-0.3680608168140954,-0.45564143582820127,-0.4814607612315388,0.10749237562073138,0.9841231756854657,0
-0.2960199349169384,0.9009088760241706,0.8491410419312149,0.6468784541473477,-0.404365943111267,-1.177851894974348,-0.06069014731302636,1.4316811360790147,-1.6705176710108995,-0.6849837281165926,-0.7394662468772634,0.8813316371009629,-1.0161329645585022,0
-0.9738162891597597,-1.1099901739376037,-1.179024470547907,0.6484576918314631,-0.911310674287764,-1.177851894974348,-0.09236184645987515,-0.8828162337175963,0.001192415045823164,-0.7996548742607882,-0.997471732522988,-0.6663468858595001,-1.0161329645585022,0
-0.46546902347764374,0.9009088760241706,0.8491410419312149,0.42733283130162353,-0.911310674287764,-1.177851894974348,1.6495816066168083,0.853056793629862,2.206641263518246,0.5763988794695595,-0.7394662468772634,1.0797519605574324,-1.0161329645585022,1
-0.8043672005990544,0.9009088760241706,-1.179024470547907,0.6478891662651814,-0.911310674287764,0.21058638994196582,4.024959042630468,0.853056793629862,1.934736610966852,1.7231103409115156,-0.4814607612315388,0.22654456969461315,-1.0161329645585022,0
-0.46546902347764374,-1.1099901739376037,-0.502969299721533,0.6485366537156688,-0.5733475201700994,-1.177851894974348,-0.7574675285436998,-0.3041918912684436,-0.11965409719924096,-1.143668312693375,-0.7394662468772634,1.1392780575943733,-1.0161329645585022,0
-0.46546902347764374,0.9009088760241706,0.8491410419312149,0.65224786227334,-0.404365943111267,-1.177851894974348,0.32728816723587134,-0.3041918912684436,-1.4724636648314886,-0.45564143582820127,-0.7394662468772634,0.9210157017922567,0.9841231756854657,0
-0.8043672005990544,0.9009088760241706,-1.179024470547907,0.4213633128556673,-0.404365943111267,-1.177851894974348,-0.18737694390042153,-0.3041918912684436,1.223084927745918,-0.6849837281165926,-0.4814607612315388,-0.36871640067479566,-1.0161329645585022,1
-0.634918112038349,0.9009088760241706,-0.502969299721533,0.05918094238063952,-0.911310674287764,0.9048055324001227,0.6994306322113446,1.4316811360790147,0.5382880250238866,0.3470565871811683,-0.997471732522988,0.5440170872249644,-1.0161329645585022,0
-0.2960199349169384,-1.1099901739376037,0.17308587110484092,0.06946177970423083,-0.5733475201700994,0.9048055324001227,0.6994306322113446,0.2744324511807092,-0.46205254856025635,0.3470565871811683,-0.7394662468772634,-0.4282424977117365,-1.0161329645585022,0
-0.46546902347764374,-1.1099901739376037,-1.179024470547907,0.6470521702926003,-0.404365943111267,-1.177851894974348,0.8577891279455886,-0.8828162337175963,-1.6705176710108995,-0.2262991435398101,-0.7394662468772634,-1.4401861473397315,0.9841231756854657,0
-0.46546902347764374,0.9009088760241706,-0.502969299721533,-0.032762275588559556,-0.404365943111267,0.9048055324001227,0.6994306322113446,-1.461440576166749,1.1458774338115711,0.4617277333253637,-0.997471732522988,-0.6266628211682062,-1.0161329645585022,1
-1.143265377720465,0.9009088760241706,1.5251962127575889,0.08454349958753299,-0.911310674287764,0.9048055324001227,0.6994306322113446,0.853056793629862,-1.3482603050240614,0.23238544103697253,-0.7394662468772634,0.08765034327508442,0.9841231756854657,0
-0.8043672005990544,-1.1099901739376037,-0.502969299721533,-0.6603039541254995,-0.7423290972289317,0.21058638994196582,-0.5674373336626071,-0.8828162337175963,-0.21364582894540246,0.23238544103697253,-0.7394662468772634,1.0202258635204915,0.9841231756854657,0
-0.46546902347764374,0.9009088760241706,-1.179024470547907,0.07704212058798479,-0.7423290972289317,0.9048055324001227,0.6994306322113446,-0.3041918912684436,-0.34120603631519225,0.3470565871811683,-0.997471732522988,0.9210157017922567,-1.0161329645585022,0
-0.634918112038349,0.9009088760241706,0.8491410419312149,-0.18842773411181538,-0.7423290972289317,0.9048055324001227,0.6994306322113446,0.2744324511807092,1.327147202179168,0.8057411717579506,-0.4814607612315388,-0.9838194033898514,-1.0161329645585022,1
-0.9738162891597597,0.9009088760241706,-0.502969299721533,0.6469732084083946,-0.7423290972289317,-1.177851894974348,-0.5674373336626071,0.853056793629862,-0.8447331706696268,-1.0289971665491795,-0.997471732522988,0.26622863438590705,-1.0161329645585022,0
-0.634918112038349,-1.1099901739376037,0.8491410419312149,0.6481576366714811,-0.911310674287764,-1.177851894974348,-0.2507203421941191,0.2744324511807092,-0.34120603631519225,-0.7996548742607882,-0.7394662468772634,-0.9242933063529105,0.9841231756854657,0
-0.634918112038349,0.9009088760241706,-1.179024470547907,0.11296977790161034,-0.5733475201700994,0.9048055324001227,0.6994306322113446,-0.8828162337175963,-1.0427871768490378,0.23238544103697253,-0.4814607612315388,-0.38855843302044263,0.9841231756854657,0
-0.2960199349169384,-1.1099901739376037,1.5251962127575889,0.6436726016485933,0.10257878806523006,-1.177851894974348,0.38271364074285674,-1.461440576166749,-1.6839450612603513,-0.45564143582820127,-0.997471732522988,0.8416475724096689,-1.0161329645585022,0
-0.8043672005990544,0.9009088760241706,-0.502969299721533,0.11814967750550888,-0.404365943111267,0.9048055324001227,0.6994306322113446,1.4316811360790147,-0.0860856215756121,0.23238544103697253,-0.7394662468772634,-0.44808453005738347,0.9841231756854657,0
-0.8043672005990544,-1.1099901739376037,-0.502969299721533,0.4211580119567323,-0.7423290972289317,-1.177851894974348,-1.359229812333827,1.4316811360790147,0.8336906105118219,-1.487681751125962,-0.4814607612315388,0.38528082845978884,-1.0161329645585022,1
-1.143265377720465,-1.1099901739376037,0.8491410419312149,0.12201880983159162,-0.911310674287764,0.9048055324001227,0.6994306322113446,-0.8828162337175963,0.8336906105118219,0.23238544103697253,-0.997471732522988,-1.4997122443766724,0.9841231756854657,0
-0.9738162891597597,0.9009088760241706,-1.179024470547907,0.6460888353052899,-0.7423290972289317,-1.177851894974348,0.7548561057183301,-0.8828162337175963,-0.34120603631519225,-0.2262991435398101,-0.997471732522988,0.14717644031202531,0.9841231756854657,0
-0.634918112038349,0.9009088760241706,0.8491410419312149,0.6503369846755603,-0.06640278899360229,-1.177851894974348,-0.5674373336626071,0.2744324511807092,-1.8752853723150364,-1.0289971665491795,-0.4814607612315388,0.821805540064022,0.9841231756854657,0
-0.634918112038349,0.9009088760241706,1.5251962127575889,0.6468784541473477,-0.23538436605243465,-1.177851894974348,-0.6268217695629485,0.2744324511807092,-1.3482603050240614,-1.0289971665491795,-0.4814607612315388,0.6035431842619053,0.9841231756854657,0
-0.634918112038349,0.9009088760241706,-0.502969299721533,0.6480944671641165,-0.911310674287764,-1.177851894974348,-0.7257958293968509,1.4316811360790147,0.001192415045823164,-1.143668312693375,-0.7394662468772634,1.1392780575943733,0.9841231756854657,0
-0.2960199349169384,-1.1099901739376037,0.8491410419312149,0.6460414581747664,-0.06640278899360229,-1.177851894974348,0.8577891279455886,0.853056793629862,1.0015329886299666,-0.2262991435398101,-0.4814607612315388,-0.6465048535138531,0.9841231756854657,0
-0.8043672005990544,-1.1099901739376037,-0.502969299721533,0.1338630924624572,-0.7423290972289317,0.9048055324001227,0.6994306322113446,0.853056793629862,0.7061304031420315,0.23238544103697253,-0.997471732522988,0.9408577341379036,-1.0161329645585022,0
-0.8043672005990544,0.9009088760241706,-0.502969299721533,0.6495473658335027,-0.404365943111267,-1.177851894974348,-0.2507203421941191,0.2744324511807092,0.16232109803924238,-0.7996548742607882,-0.4814607612315388,0.6829113136444932,0.9841231756854657,0
-0.46546902347764374,-1.1099901739376037,-1.179024470547907,0.6509686797492066,-0.5733475201700994,-1.177851894974348,-0.9989642345384219,0.2744324511807092,-1.8752853723150364,-1.2583394588375707,-0.997471732522988,-2.531497926350314,0.9841231756854657,0
-0.634918112038349,-1.1099901739376037,-0.502969299721533,0.6449517841727268,-0.7423290972289317,-1.177851894974348,0.1847655210750518,0.2744324511807092,-1.3482603050240614,-0.570312581972397,-0.4814607612315388,-0.6663468858595001,0.9841231756854657,0
-0.8043672005990544,0.9009088760241706,0.8491410419312149,0.6507317940965892,-0.911310674287764,-1.177851894974348,0.25602684415546156,0.853056793629862,0.16232109803924238,-0.570312581972397,-0.997471732522988,-1.4600281796853785,-1.0161329645585022,0
-0.8043672005990544,0.9009088760241706,0.8491410419312149,0.6468152846399831,-0.7423290972289317,-1.177851894974348,0.06599664927436881,1.4316811360790147,-0.1397951825734185,-0.6849837281165926,-0.4814607612315388,0.9210157017922567,-1.0161329645585022,0
-0.46546902347764374,-1.1099901739376037,-0.502969299721533,0.651316112039712,-0.404365943111267,-1.177851894974348,1.0161476236798326,1.4316811360790147,1.2700807936189982,-0.11162799739561437,-0.997471732522988,-0.40840046536608954,-1.0161329645585022,0
-1.143265377720465,0.9009088760241706,0.8491410419312149,0.6491051792819503,-0.7423290972289317,-1.177851894974348,-0.5357656345157582,1.4316811360790147,-0.8447331706696268,-1.0289971665491795,-0.4814607612315388,-1.182239726846321,0.9841231756854657,0
-0.2960199349169384,0.9009088760241706,-1.179024470547907,0.4195313971420934,-0.404365943111267,-1.177851894974348,-0.2982278909143923,-0.8828162337175963,1.2700807936189982,-0.7996548742607882,-0.4814607612315388,-0.5472946917856183,-1.0161329645585022,1
-0.2960199349169384,-1.1099901739376037,-0.502969299721533,0.17362829734848317,0.2715603651240624,0.9048055324001227,0.6994306322113446,-0.8828162337175963,0.03476089066945202,0.1177142948927768,-0.4814607612315388,-0.8647672093159696,0.9841231756854657,0
-0.9738162891597597,-1.1099901739376037,1.5251962127575889,0.649578950587185,-0.911310674287764,-1.177851894974348,0.8577891279455886,-0.8828162337175963,-1.1804179269059165,-0.2262991435398101,-0.997471732522988,0.0479662785837905,-1.0161329645585022,0
-0.46546902347764374,0.9009088760241706,0.8491410419312149,0.645788780145308,-0.06640278899360229,-1.177851894974348,-0.3298995900612411,-0.8828162337175963,1.0015329886299666,-0.9143260204049839,-0.4814607612315388,-1.2814498885745558,0.9841231756854657,0
-0.46546902347764374,0.9009088760241706,1.5251962127575889,0.6502264380376723,-0.404365943111267,-1.177851894974348,1.2695212168546228,-0.3041918912684436,-0.1397951825734185,0.1177142948927768,-0.997471732522988,-1.142555662155027,0.9841231756854657,0
-0.9738162891597597,-1.1099901739376037,-0.502969299721533,-0.6558978809868174,-0.911310674287764,0.21058638994196582,-0.8841543251310949,-1.461440576166749,1.253296555807184,-0.45564143582820127,-0.997471732522988,0.6233852166075523,0.9841231756854657,0
-0.634918112038349,-1.1099901739376037,1.5251962127575889,0.6538113075806142,-0.7423290972289317,-1.177851894974348,0.06599664927436881,-0.8828162337175963,-1.6839450612603513,-0.6849837281165926,-0.997471732522988,0.008282213892496587,0.9841231756854657,0
-0.9738162891597597,0.9009088760241706,0.8491410419312149,0.6437515635327992,-0.911310674287764,-1.177851894974348,-1.042512820865339,-0.8828162337175963,0.16232109803924238,-1.3730106049817663,-0.7394662468772634,-0.5472946917856183,-1.0161329645585022,0
-0.8043672005990544,-1.1099901739376037,-0.502969299721533,0.64855244609251,-0.404365943111267,-1.177851894974348,0.22435514500861276,1.4316811360790147,-0.8447331706696268,-0.570312581972397,-0.997471732522988,1.0599099282117854,0.9841231756854657,0
-0.2960199349169384,0.9009088760241706,-0.502969299721533,0.6468784541473477,-0.06640278899360229,0.21058638994196582,0.06599664927436881,0.2744324511807092,-0.1397951825734185,-0.6849837281165926,-0.997471732522988,1.317856348705196,-1.0161329645585022,0
-0.46546902347764374,0.9009088760241706,-1.179024470547907,0.6455518944926907,-0.911310674287764,-1.177851894974348,0.8577891279455886,-0.8828162337175963,1.6729025011025462,-0.2262991435398101,-0.7394662468772634,0.08765034327508442,-1.0161329645585022,0
-0.9738162891597597,-1.1099901739376037,-1.179024470547907,0.6570171600793686,-0.5733475201700994,-1.177851894974348,0.8577891279455886,-0.8828162337175963,0.3301634761573873,-0.2262991435398101,-0.997471732522988,-0.6663468858595001,0.9841231756854657,0
-0.634918112038349,0.9009088760241706,-1.179024470547907,0.6445411823748568,-0.7423290972289317,-1.177851894974348,0.113504197994642,-0.8828162337175963,1.6729025011025462,-0.570312581972397,-0.4814607612315388,0.9011736694466097,0.9841231756854657,0
-0.634918112038349,-1.1099901739376037,0.8491410419312149,0.4226109106261185,-0.404365943111267,-1.177851894974348,2.2830155895537843,-1.461440576166749,2.9149360991768187,0.9204123179021463,-0.997471732522988,0.4844909901880236,-1.0161329645585022,1
-0.2960199349169384,0.9009088760241706,-1.179024470547907,0.64855244609251,-0.06640278899360229,-1.177851894974348,2.4413740852880284,-1.461440576166749,0.3301634761573873,0.8057411717579506,-0.7394662468772634,0.0479662785837905,-1.0161329645585022,0
-0.46546902347764374,0.9009088760241706,0.8491410419312149,0.2265801368968728,-0.5733475201700994,0.9048055324001227,0.6994306322113446,-0.3041918912684436,-0.005521280078902488,0.1177142948927768,-0.997471732522988,0.5440170872249644,0.9841231756854657,0
-0.9738162891597597,0.9009088760241706,-1.179024470547907,0.24439393797369463,-0.7423290972289317,0.9048055324001227,0.6994306322113446,-0.8828162337175963,0.830333762949459,0.1177142948927768,-0.4814607612315388,0.08765034327508442,-1.0161329645585022,0
-0.2960199349169384,-1.1099901739376037,-1.179024470547907,0.2640712395177726,-0.23538436605243465,0.9048055324001227,0.6994306322113446,-0.8828162337175963,0.001192415045823164,0.003043148748581378,-0.997471732522988,-3.027548734991488,0.9841231756854657,0
-0.8043672005990544,0.9009088760241706,-1.179024470547907,0.2671665453786388,-0.911310674287764,0.9048055324001227,0.6994306322113446,1.4316811360790147,1.0955247203761276,0.003043148748581378,-0.997471732522988,-0.7457150152420878,0.9841231756854657,0
-0.2960199349169384,-1.1099901739376037,-0.502969299721533,0.6463730980884307,-0.404365943111267,-1.177851894974348,-0.7257958293968509,-0.8828162337175963,-1.371758237960602,-1.143668312693375,-0.4814607612315388,0.32575473142284794,0.9841231756854657,0
-0.2960199349169384,0.9009088760241706,0.8491410419312149,0.16996446592133543,-0.404365943111267,-1.177851894974348,0.06599664927436881,0.2744324511807092,1.1861596045599256,-0.34097028968400567,-0.7394662468772634,-0.11076998018138517,-1.0161329645585022,1
-0.8043672005990544,-1.1099901739376037,-0.502969299721533,0.6471153397999649,-0.5733475201700994,-1.177851894974348,0.06599664927436881,1.4316811360790147,-1.1233515183457474,-0.6849837281165926,-0.997471732522988,-0.03140185079879733,-1.0161329645585022,0
-0.46546902347764374,0.9009088760241706,-0.502969299721533,0.6501316837766253,-0.06640278899360229,-1.177851894974348,0.8577891279455886,0.2744324511807092,0.001192415045823164,-0.2262991435398101,-0.7394662468772634,-0.8647672093159696,0.9841231756854657,0
-0.634918112038349,0.9009088760241706,1.5251962127575889,0.289733851884648,-0.911310674287764,0.9048055324001227,0.6994306322113446,-1.461440576166749,1.0619562447524988,0.003043148748581378,-0.4814607612315388,-1.5393963090679663,0.9841231756854657,0
-0.9738162891597597,0.9009088760241706,-0.502969299721533,0.652547917433322,-0.911310674287764,-1.177851894974348,0.38271364074285674,1.4316811360790147,0.03476089066945202,-0.45564143582820127,-0.7394662468772634,-0.9441353386985575,0.9841231756854657,0
-0.634918112038349,0.9009088760241706,-0.502969299721533,0.6478733738883403,-0.911310674287764,-1.177851894974348,-0.5674373336626071,1.4316811360790147,-1.7510820125076092,-1.0289971665491795,-0.997471732522988,1.0599099282117854,0.9841231756854657,0
-0.9738162891597597,-1.1099901739376037,0.8491410419312149,0.3067580341194121,-0.911310674287764,0.9048055324001227,0.6994306322113446,0.853056793629862,-1.0427871768490378,0.003043148748581378,-0.4814607612315388,0.305912699077201,0.9841231756854657,0
-0.8043672005990544,0.9009088760241706,1.5251962127575889,0.6484418994546219,-0.911310674287764,-1.177851894974348,-0.07256703449309466,0.853056793629862,0.03476089066945202,-0.6849837281165926,-0.7394662468772634,0.6630692812988462,-1.0161329645585022,0
-0.46546902347764374,-1.1099901739376037,-0.502969299721533,0.651631959576535,-0.5733475201700994,-1.177851894974348,0.38271364074285674,0.2744324511807092,-1.7510820125076092,-0.45564143582820127,-0.997471732522988,0.08765034327508442,0.9841231756854657,0
-0.634918112038349,0.9009088760241706,-0.502969299721533,0.6496421200945496,-0.911310674287764,-1.177851894974348,3.2331665639592484,1.4316811360790147,2.5557534100039887,1.2644257563347332,-0.997471732522988,0.38528082845978884,0.9841231756854657,0
-0.46546902347764374,-1.1099901739376037,0.8491410419312149,0.6531164429996035,-0.5733475201700994,-1.177851894974348,-0.4090788379283631,-0.8828162337175963,-1.7510820125076092,-0.9143260204049839,-0.7394662468772634,-1.4600281796853785,0.9841231756854657,0
-0.634918112038349,-1.1099901739376037,-0.502969299721533,0.6459309115368784,-0.5733475201700994,-1.177851894974348,0.38271364074285674,-0.3041918912684436,-1.371758237960602,-0.45564143582820127,-0.997471732522988,0.5837011519162584,0.9841231756854657,0
-0.634918112038349,0.9009088760241706,-0.502969299721533,0.6519793918670405,-0.7423290972289317,-1.177851894974348,0.5094004373302519,1.4316811360790147,-1.7510820125076092,-0.34097028968400567,-0.4814607612315388,-1.7973427295613766,0.9841231756854657,0
-0.634918112038349,0.9009088760241706,-1.179024470547907,0.6450307460569326,-0.404365943111267,-1.177851894974348,1.6495816066168083,0.2744324511807092,-1.623521805137819,0.3470565871811683,-0.4814607612315388,0.38528082845978884,-1.0161329645585022,0
-0.634918112038349,-1.1099901739376037,-0.502969299721533,0.6458361572758314,-0.23538436605243465,-1.177851894974348,-0.2982278909143923,-0.8828162337175963,-0.08944246913797492,-0.9143260204049839,-0.997471732522988,-1.5195542767223194,0.9841231756854657,0
-0.9738162891597597,0.9009088760241706,0.8491410419312149,0.6436568092717522,-0.911310674287764,-1.177851894974348,0.06599664927436881,-0.8828162337175963,-0.08944246913797492,-0.6849837281165926,-0.7394662468772634,0.3654387961141419,0.9841231756854657,0
-0.8043672005990544,-1.1099901739376037,-0.502969299721533,0.6557537699320762,-0.5733475201700994,-1.177851894974348,2.4413740852880284,1.4316811360790147,2.0589399707742797,0.8057411717579506,-0.997471732522988,-1.162397694500674,0.9841231756854657,0
-0.46546902347764374,-1.1099901739376037,-0.502969299721533,0.6451412926948207,-0.5733475201700994,-1.177851894974348,-0.3298995900612411,-0.8828162337175963,-1.4993184453303918,-0.9143260204049839,-0.4814607612315388,-0.13061201252703214,0.9841231756854657,0
-0.8043672005990544,0.9009088760241706,-0.502969299721533,0.6532427820143327,-0.5733475201700994,-1.177851894974348,1.0161476236798326,0.853056793629862,-1.623521805137819,-0.11162799739561437,-0.997471732522988,0.5241750548793175,0.9841231756854657,0
-0.8043672005990544,0.9009088760241706,-0.502969299721533,0.3812822604328182,-0.5733475201700994,0.9048055324001227,0.6994306322113446,0.2744324511807092,-1.4724636648314886,-0.11162799739561437,-0.7394662468772634,0.6035431842619053,-1.0161329645585022,0
-0.634918112038349,-1.1099901739376037,1.5251962127575889,0.42163178326196693,-0.911310674287764,0.9048055324001227,0.6994306322113446,-0.3041918912684436,-0.34120603631519225,-0.11162799739561437,-0.7394662468772634,0.8416475724096689,0.9841231756854657,0
-0.2960199349169384,-1.1099901739376037,-1.179024470547907,0.4613654033943106,-0.7423290972289317,0.9048055324001227,0.6994306322113446,-0.3041918912684436,-1.6705176710108995,-0.11162799739561437,-0.997471732522988,-0.7258729828964409,0.9841231756854657,0
-1.143265377720465,0.9009088760241706,0.8491410419312149,0.4196419437799815,-0.911310674287764,-1.177851894974348,2.4413740852880284,0.853056793629862,1.2835081838684501,1.035083464046342,-0.4814607612315388,-2.194183376474316,-1.0161329645585022,1
-0.46546902347764374,-1.1099901739376037,-1.179024470547907,0.4759891443492193,-0.5733475201700994,0.9048055324001227,0.6994306322113446,0.2744324511807092,0.4107278176540969,-0.11162799739561437,-0.997471732522988,1.0003838311748445,0.9841231756854657,0
-0.46546902347764374,0.9009088760241706,0.8491410419312149,0.649168348789315,-0.404365943111267,0.21058638994196582,0.8577891279455886,-0.3041918912684436,-1.623521805137819,-0.2262991435398101,-0.4814607612315388,-0.5472946917856183,0.9841231756854657,0
-0.8043672005990544,0.9009088760241706,0.8491410419312149,0.6488209164988096,-0.911310674287764,-1.177851894974348,1.1745061194140765,0.2744324511807092,-1.7510820125076092,0.003043148748581378,-0.4814607612315388,-0.4282424977117365,-1.0161329645585022,0
-0.8043672005990544,0.9009088760241706,-0.502969299721533,0.5514924980267769,-0.404365943111267,0.9048055324001227,0.6994306322113446,-0.8828162337175963,0.5651428055227898,-0.2262991435398101,-0.997471732522988,-0.5472946917856183,0.9841231756854657,0
-0.634918112038349,-1.1099901739376037,-1.179024470547907,0.6483155604398927,-0.911310674287764,-1.177851894974348,0.06599664927436881,-0.3041918912684436,-1.4993184453303918,-0.6849837281165926,-0.7394662468772634,-1.0433455004267922,0.9841231756854657,0
-0.2960199349169384,-1.1099901739376037,-1.179024470547907,0.6502264380376723,-0.7423290972289317,-1.177851894974348,-1.2008713165995828,-0.3041918912684436,-1.8752853723150364,-1.3730106049817663,-0.997471732522988,-0.5274526594399713,0.9841231756854657,0
-0.634918112038349,-1.1099901739376037,0.8491410419312149,0.6502580227913546,-0.7423290972289317,-1.177851894974348,-0.7257958293968509,-1.461440576166749,-0.4654093961226198,-1.143668312693375,-0.4814607612315388,-1.6981325678331418,0.9841231756854657,0
-0.634918112038349,-1.1099901739376037,0.8491410419312149,0.6518530528523112,-0.404365943111267,-1.177851894974348,1.0161476236798326,1.4316811360790147,-1.4993184453303918,-0.11162799739561437,-0.997471732522988,0.6630692812988462,-1.0161329645585022,0
-0.8043672005990544,-1.1099901739376037,0.8491410419312149,0.6451255003179795,-0.5733475201700994,-1.177851894974348,0.6994306322113446,1.4316811360790147,-1.623521805137819,-0.2262991435398101,-0.7394662468772634,0.14717644031202531,-1.0161329645585022,0
-0.8043672005990544,-1.1099901739376037,-0.502969299721533,0.32817249711601704,-0.911310674287764,0.9048055324001227,0.6994306322113446,-0.8828162337175963,2.183143330581707,0.003043148748581378,-0.4814607612315388,1.238488219322608,-1.0161329645585022,1
-0.634918112038349,-1.1099901739376037,-0.502969299721533,0.5502449002563258,-0.7423290972289317,0.9048055324001227,0.6994306322113446,1.4316811360790147,0.001192415045823164,-0.2262991435398101,-0.997471732522988,0.10749237562073138,0.9841231756854657,0
-0.9738162891597597,0.9009088760241706,-0.502969299721533,0.6503369846755603,-0.404365943111267,-1.177851894974348,1.6495816066168083,-0.8828162337175963,-1.3751150855229646,0.3470565871811683,-0.4814607612315388,-0.9242933063529105,0.9841231756854657,0
-0.8043672005990544,-1.1099901739376037,0.8491410419312149,0.6487261622377627,-0.404365943111267,-1.177851894974348,-0.6624524311031534,0.853056793629862,0.4107278176540969,-1.143668312693375,-0.997471732522988,0.7622794430270811,0.9841231756854657,0
-0.9738162891597597,-1.1099901739376037,0.8491410419312149,0.6484261070777807,-0.911310674287764,-1.177851894974348,0.6202513843442227,-0.8828162337175963,0.001192415045823164,-0.34097028968400567,-0.4814607612315388,-2.0156050853634935,0.9841231756854657,0
-0.2960199349169384,0.9009088760241706,0.8491410419312149,0.6513792815470766,-0.5733475201700994,0.9048055324001227,0.6994306322113446,1.4316811360790147,0.954537122756886,-0.2262991435398101,-0.4814607612315388,-0.24966420660091387,0.9841231756854657,0
-0.634918112038349,0.9009088760241706,-1.179024470547907,0.6522320698964988,-0.911310674287764,-1.177851894974348,1.1428344202672278,-0.8828162337175963,-1.0495008719737637,0.003043148748581378,-0.4814607612315388,0.08765034327508442,0.9841231756854657,0
-0.634918112038349,0.9009088760241706,-0.502969299721533,0.17318611079693086,-0.404365943111267,0.9048055324001227,0.6994306322113446,0.2744324511807092,1.8273174889712391,0.1177142948927768,-0.997471732522988,-1.7378166325244357,-1.0161329645585022,1
-0.46546902347764374,0.9009088760241706,-0.502969299721533,0.6432777922275645,-0.5733475201700994,-1.177851894974348,0.8577891279455886,-0.8828162337175963,-1.0495008719737637,-0.2262991435398101,-0.997471732522988,-2.610866055732902,0.9841231756854657,0
-0.634918112038349,0.9009088760241706,-1.179024470547907,0.6474785644673114,-0.23538436605243465,-1.177851894974348,0.6994306322113446,0.853056793629862,-0.0860856215756121,-0.2262991435398101,-0.7394662468772634,-0.6663468858595001,-1.0161329645585022,0
-0.46546902347764374,-1.1099901739376037,1.5251962127575889,0.6488525012524919,-0.23538436605243465,-1.177851894974348,0.6598410082777837,0.853056793629862,1.6594751108530943,-0.34097028968400567,-0.4814607612315388,1.317856348705196,-1.0161329645585022,0
-0.634918112038349,-1.1099901739376037,1.5251962127575889,0.6479681281493873,0.10257878806523006,-1.177851894974348,-0.9474977234247925,-1.461440576166749,0.7464125738903866,-1.2583394588375707,-0.997471732522988,0.8416475724096689,0.9841231756854657,0
-0.634918112038349,-1.1099901739376037,-0.502969299721533,0.6532427820143327,-0.911310674287764,-1.177851894974348,-0.4090788379283631,1.4316811360790147,-1.4254677989584081,-0.9143260204049839,-0.7394662468772634,1.35754041339649,0.9841231756854657,0
-0.634918112038349,0.9009088760241706,1.5251962127575889,0.7456755636656076,-0.404365943111267,0.9048055324001227,0.6994306322113446,0.2744324511807092,-1.0495008719737637,-0.34097028968400567,-0.4814607612315388,-0.7853990799333818,0.9841231756854657,0
-0.2960199349169384,-1.1099901739376037,0.8491410419312149,0.6464678523494777,-0.7423290972289317,-1.177851894974348,1.1745061194140765,-1.461440576166749,0.8739727812601764,0.003043148748581378,-0.7394662468772634,0.4844909901880236,0.9841231756854657,0
-0.634918112038349,0.9009088760241706,-0.502969299721533,0.6088030335833251,-0.404365943111267,0.9048055324001227,0.6994306322113446,-0.8828162337175963,1.092167872813765,-0.2262991435398101,-0.7394662468772634,-0.36871640067479566,-1.0161329645585022,1
-0.46546902347764374,0.9009088760241706,-0.502969299721533,0.6444464281138099,-0.911310674287764,-1.177851894974348,-0.4090788379283631,0.853056793629862,0.9981761410676039,-0.9143260204049839,-0.7394662468772634,0.305912699077201,-1.0161329645585022,0
-0.46546902347764374,0.9009088760241706,1.5251962127575889,0.6505107008208131,-0.23538436605243465,-1.177851894974348,0.06599664927436881,0.853056793629862,-1.173704231781191,-0.6849837281165926,-0.4814607612315388,0.4448069254967297,0.9841231756854657,0
-0.8043672005990544,-1.1099901739376037,-0.502969299721533,0.6516161671996938,-0.5733475201700994,-1.177851894974348,0.8577891279455886,-0.8828162337175963,-1.0495008719737637,-0.2262991435398101,-0.4814607612315388,-0.13061201252703214,0.9841231756854657,0
-0.634918112038349,-1.1099901739376037,-0.502969299721533,0.6531164429996035,-0.7423290972289317,-1.177851894974348,1.0161476236798326,-1.461440576166749,1.2465828606824585,-0.11162799739561437,-0.997471732522988,-0.9242933063529105,-1.0161329645585022,0
-0.634918112038349,-1.1099901739376037,0.8491410419312149,0.8405087865967379,-0.911310674287764,0.9048055324001227,0.6994306322113446,0.2744324511807092,-1.0495008719737637,-0.34097028968400567,-0.997471732522988,0.008282213892496587,0.9841231756854657,0
-0.46546902347764374,0.9009088760241706,0.8491410419312149,0.6514108663007588,-0.7423290972289317,-1.177851894974348,2.4413740852880284,-0.8828162337175963,-0.0860856215756121,0.8057411717579506,-0.4814607612315388,-0.26950623894656084,-1.0161329645585022,0
-0.8043672005990544,0.9009088760241706,0.8491410419312149,0.8941396983492972,-0.5733475201700994,0.9048055324001227,0.6994306322113446,-1.461440576166749,0.8336906105118219,-0.45564143582820127,-0.997471732522988,-0.051243883144444294,-1.0161329645585022,0
-0.8043672005990544,0.9009088760241706,-1.179024470547907,1.0245689386803887,-0.5733475201700994,0.9048055324001227,0.6994306322113446,0.2744324511807092,-0.34120603631519225,-0.45564143582820127,-0.4814607612315388,0.5241750548793175,-1.0161329645585022,0
-0.2960199349169384,0.9009088760241706,-0.502969299721533,0.6483945223240984,-0.404365943111267,-1.177851894974348,2.2830155895537843,-0.8828162337175963,-0.005521280078902488,0.6910700256137552,-0.4814607612315388,1.4567505751247247,-1.0161329645585022,0
-0.9738162891597597,-1.1099901739376037,0.8491410419312149,0.6482208061788457,-0.911310674287764,-1.177851894974348,0.8577891279455886,1.4316811360790147,0.954537122756886,-0.2262991435398101,-0.7394662468772634,-0.4877685947486774,0.9841231756854657,0
-0.634918112038349,0.9009088760241706,1.5251962127575889,1.0318492244041608,-0.7423290972289317,0.9048055324001227,0.6994306322113446,0.2744324511807092,-0.33784918875282943,-0.45564143582820127,-0.7394662468772634,-1.182239726846321,0.9841231756854657,0
-0.46546902347764374,0.9009088760241706,-0.502969299721533,0.6490735945282681,0.2715603651240624,-1.177851894974348,-0.7574675285436998,0.853056793629862,-1.2979075915886182,-1.143668312693375,-0.7394662468772634,-0.15045404487267908,0.9841231756854657,0
-0.8043672005990544,0.9009088760241706,-1.179024470547907,0.6459151191600372,-0.404365943111267,-1.177851894974348,1.6495816066168083,-1.461440576166749,0.11868207972852446,0.3470565871811683,-0.7394662468772634,-1.8171847619070236,0.9841231756854657,0
-0.2960199349169384,-1.1099901739376037,-1.179024470547907,1.0314859997368142,-0.911310674287764,0.9048055324001227,0.6994306322113446,1.4316811360790147,0.001192415045823164,-0.45564143582820127,-0.4814607612315388,-0.5076106270943244,0.9841231756854657,0
-0.2960199349169384,-1.1099901739376037,-0.502969299721533,0.6518688452291523,-0.23538436605243465,-1.177851894974348,0.6994306322113446,-0.8828162337175963,0.7061304031420315,-0.2262991435398101,-0.997471732522988,-1.202081759191968,0.9841231756854657,0
-0.8043672005990544,-1.1099901739376037,-0.502969299721533,1.0654711946989779,-0.5733475201700994,0.9048055324001227,0.6994306322113446,-1.461440576166749,0.830333762949459,-0.570312581972397,-0.997471732522988,0.9011736694466097,0.9841231756854657,0
-0.46546902347764374,-1.1099901739376037,0.8491410419312149,0.652547917433322,-0.911310674287764,-1.177851894974348,0.8577891279455886,0.2744324511807092,0.5785701957722418,-0.2262991435398101,-0.4814607612315388,-1.9362369559809054,0.9841231756854657,0
-0.634918112038349,0.9009088760241706,-0.502969299721533,0.6480312976567519,-0.911310674287764,-1.177851894974348,2.4413740852880284,1.4316811360790147,1.451350561986595,0.8057411717579506,-0.997471732522988,0.5241750548793175,0.9841231756854657,0
-0.9738162891597597,0.9009088760241706,1.5251962127575889,-0.674611847543585,-0.911310674287764,0.21058638994196582,-0.3298995900612411,-0.8828162337175963,0.001192415045823164,0.6910700256137552,-0.997471732522988,0.40512286080543575,-1.0161329645585022,0
-0.634918112038349,0.9009088760241706,-0.502969299721533,0.6470205855389181,-0.7423290972289317,0.21058638994196582,2.2830155895537843,-0.3041918912684436,-0.005521280078902488,0.6910700256137552,-0.4814607612315388,-2.7696023144980777,0.9841231756854657,0
-0.9738162891597597,-1.1099901739376037,1.5251962127575889,1.1813556559593665,-0.911310674287764,0.9048055324001227,0.6994306322113446,-1.461440576166749,-0.6936750303632967,-0.570312581972397,-0.7394662468772634,0.008282213892496587,-1.0161329645585022,0
-0.46546902347764374,-1.1099901739376037,0.8491410419312149,0.6536691761890439,-0.23538436605243465,-1.177851894974348,0.6994306322113446,0.2744324511807092,-0.25392799969375696,-0.2262991435398101,-0.997471732522988,-0.2893482712922078,-1.0161329645585022,0
-0.9738162891597597,-1.1099901739376037,-1.179024470547907,1.4096028784445664,-0.7423290972289317,0.9048055324001227,0.6994306322113446,0.2744324511807092,0.7061304031420315,-0.6849837281165926,-0.7394662468772634,0.08765034327508442,0.9841231756854657,0
-1.143265377720465,-1.1099901739376037,0.8491410419312149,0.6490735945282681,-0.911310674287764,0.21058638994196582,-0.7257958293968509,0.853056793629862,-1.2979075915886182,-1.143668312693375,-0.7394662468772634,-0.13061201252703214,0.9841231756854657,0
-0.634918112038349,0.9009088760241706,-0.502969299721533,1.5061890552050647,-0.23538436605243465,0.9048055324001227,0.6994306322113446,1.4316811360790147,0.6154955189582334,-0.6849837281165926,-0.4814607612315388,1.4170665104334308,0.9841231756854657,0
-0.634918112038349,0.9009088760241706,0.8491410419312149,0.649468403949297,-0.911310674287764,-1.177851894974348,1.2378495177077742,0.853056793629862,1.6997572816014495,0.003043148748581378,-0.4814607612315388,-0.03140185079879733,0.9841231756854657,0
-0.46546902347764374,0.9009088760241706,1.5251962127575889,0.646404682842113,-0.7423290972289317,-1.177851894974348,-0.2507203421941191,-0.8828162337175963,-0.25392799969375696,-0.7996548742607882,-0.7394662468772634,0.3455967637684949,-1.0161329645585022,0
-0.634918112038349,0.9009088760241706,-1.179024470547907,0.6460730429284488,-0.7423290972289317,-1.177851894974348,0.38271364074285674,-0.3041918912684436,1.451350561986595,-0.45564143582820127,-0.4814607612315388,0.7027533459901402,-1.0161329645585022,0
-0.9738162891597597,0.9009088760241706,0.8491410419312149,0.6495157810798203,-0.911310674287764,-1.177851894974348,1.6495816066168083,-1.461440576166749,0.27645391515958084,0.3470565871811683,-0.997471732522988,-0.4282424977117365,0.9841231756854657,0
-0.634918112038349,0.9009088760241706,-1.179024470547907,1.5546400673537255,-0.5733475201700994,0.9048055324001227,0.6994306322113446,-0.3041918912684436,-1.8752853723150364,-0.6849837281165926,-0.997471732522988,0.8614896047553159,0.9841231756854657,0
-0.9738162891597597,-1.1099901739376037,1.5251962127575889,0.4228162115250535,-0.911310674287764,-1.177851894974348,2.4413740852880284,-1.461440576166749,2.3778404891987543,1.035083464046342,-0.997471732522988,-0.17029607721832604,-1.0161329645585022,1
-0.8043672005990544,0.9009088760241706,-1.179024470547907,0.6515056205618058,-0.404365943111267,0.21058638994196582,-1.359229812333827,1.4316811360790147,1.092167872813765,-1.487681751125962,-0.7394662468772634,0.16701847265767225,-1.0161329645585022,0
-0.8043672005990544,0.9009088760241706,-0.502969299721533,0.6533059515216973,-0.911310674287764,-1.177851894974348,0.8577891279455886,-0.8828162337175963,1.676259348664909,-0.2262991435398101,-0.997471732522988,1.3972244780877838,0.9841231756854657,0
-0.46546902347764374,-1.1099901739376037,-1.179024470547907,0.6459151191600372,-0.06640278899360229,-1.177851894974348,2.4413740852880284,-0.3041918912684436,0.15896425047687956,0.8057411717579506,-0.7394662468772634,0.305912699077201,-1.0161329645585022,0
-0.634918112038349,-1.1099901739376037,0.8491410419312149,0.6491525564124738,-0.911310674287764,-1.177851894974348,0.06599664927436881,-0.3041918912684436,0.6255660616453219,-0.6849837281165926,-0.4814607612315388,0.9606997664835506,0.9841231756854657,0
-0.9738162891597597,0.9009088760241706,-0.502969299721533,0.6450939155642972,-0.911310674287764,-1.177851894974348,0.8577891279455886,-1.461440576166749,-0.6936750303632967,-0.2262991435398101,-0.7394662468772634,0.5241750548793175,0.9841231756854657,0
-0.8043672005990544,0.9009088760241706,0.8491410419312149,-0.7860112737810859,-0.911310674287764,0.9048055324001227,0.7113075193914129,1.4316811360790147,0.001192415045823164,3.7871909715070364,-0.7394662468772634,0.3455967637684949,-1.0161329645585022,1
-0.2960199349169384,-1.1099901739376037,-1.179024470547907,0.6506528322123835,-0.7423290972289317,-1.177851894974348,0.06599664927436881,-0.8828162337175963,1.092167872813765,-0.6849837281165926,-0.997471732522988,-2.4322877646220795,-1.0161329645585022,0
-0.8043672005990544,-1.1099901739376037,0.8491410419312149,0.6475101492209938,-0.911310674287764,-1.177851894974348,-0.4090788379283631,0.853056793629862,-0.811164695045998,-0.9143260204049839,-0.7394662468772634,-1.8568688265983175,0.9841231756854657,0
-0.634918112038349,0.9009088760241706,0.8491410419312149,0.6443042967222395,-0.911310674287764,-1.177851894974348,0.5410721364771007,-1.461440576166749,0.15896425047687956,-0.34097028968400567,-0.4814607612315388,-0.24966420660091387,-1.0161329645585022,0
-1.143265377720465,-1.1099901739376037,-0.502969299721533,-0.7134295098191418,-0.911310674287764,0.9048055324001227,0.7113075193914129,1.4316811360790147,0.001192415045823164,3.0991640946418633,-0.997471732522988,-0.13061201252703214,-1.0161329645585022,1
-0.9738162891597597,-1.1099901739376037,-0.502969299721533,-0.37406712387958163,-0.5733475201700994,0.9048055324001227,0.715266481784769,0.853056793629862,1.092167872813765,1.2644257563347332,-0.997471732522988,0.5241750548793175,-1.0161329645585022,1
-0.8043672005990544,0.9009088760241706,0.8491410419312149,0.6506528322123835,-0.5733475201700994,-1.177851894974348,0.06599664927436881,-1.461440576166749,0.860545391010725,-0.6849837281165926,-0.7394662468772634,-0.4282424977117365,0.9841231756854657,0
-0.46546902347764374,0.9009088760241706,0.8491410419312149,0.6461204200589722,-0.404365943111267,-1.177851894974348,0.38271364074285674,0.2744324511807092,-0.6936750303632967,-0.45564143582820127,-0.4814607612315388,-0.9044512740072636,0.9841231756854657,0
-0.8043672005990544,-1.1099901739376037,-0.502969299721533,0.6524689555491162,-0.911310674287764,-1.177851894974348,0.06599664927436881,-0.8828162337175963,0.6255660616453219,-0.6849837281165926,-0.7394662468772634,-2.0552891500547874,0.9841231756854657,0
-0.634918112038349,-1.1099901739376037,0.8491410419312149,0.6473206406988999,-0.911310674287764,-1.177851894974348,0.38271364074285674,1.4316811360790147,0.3939435798422821,-0.45564143582820127,-0.7394662468772634,-2.8886545085719595,0.9841231756854657,0
-0.8043672005990544,0.9009088760241706,-1.179024470547907,0.6538428923342966,-0.911310674287764,-1.177851894974348,2.4413740852880284,1.4316811360790147,0.19253272610050842,0.8057411717579506,-0.7394662468772634,-0.24966420660091387,-1.0161329645585022,0
-0.634918112038349,-1.1099901739376037,-1.179024470547907,0.6470995474231238,-0.404365943111267,-1.177851894974348,0.8577891279455886,-0.8828162337175963,0.4040141225293712,-0.2262991435398101,-0.997471732522988,-2.154499311783022,0.9841231756854657,0
-0.634918112038349,0.9009088760241706,-1.179024470547907,0.42557987747225545,-0.5733475201700994,-1.177851894974348,2.4413740852880284,-0.8828162337175963,2.629604056375972,1.035083464046342,-0.997471732522988,1.278172284013902,-1.0161329645585022,1
-0.8043672005990544,0.9009088760241706,-0.502969299721533,-0.6404371440593276,-0.911310674287764,0.9048055324001227,0.7192254441781252,0.2744324511807092,-1.0427871768490378,2.525808363920885,-0.997471732522988,-0.190138109563973,-1.0161329645585022,1
-0.8043672005990544,0.9009088760241706,1.5251962127575889,0.6453308012169146,-0.5733475201700994,-0.4836327525161911,0.8577891279455886,-0.8828162337175963,0.001192415045823164,-0.2262991435398101,-0.997471732522988,-2.5116558940046674,0.9841231756854657,0
-0.2960199349169384,0.9009088760241706,-0.502969299721533,-0.6805813659895412,-0.7423290972289317,0.21058638994196582,-0.5674373336626071,0.853056793629862,-1.0427871768490378,0.23238544103697253,-0.997471732522988,-0.5274526594399713,0.9841231756854657,0
-0.9738162891597597,0.9009088760241706,-1.179024470547907,0.6540797779869139,-0.5733475201700994,-1.177851894974348,2.2830155895537843,0.2744324511807092,0.8269769153870962,0.6910700256137552,-0.4814607612315388,-0.051243883144444294,0.9841231756854657,0
-0.8043672005990544,-1.1099901739376037,-1.179024470547907,0.6516793367070585,-0.911310674287764,-1.177851894974348,-0.4328326122884997,0.853056793629862,0.8269769153870962,-0.9143260204049839,-0.4814607612315388,-0.24966420660091387,0.9841231756854657,0
-0.46546902347764374,0.9009088760241706,0.8491410419312149,-0.6240762416518919,-0.7423290972289317,0.9048055324001227,0.7192254441781252,0.2744324511807092,-0.3680608168140954,2.411137217776689,-0.7394662468772634,-1.3409759856114967,-1.0161329645585022,1
-0.8043672005990544,-1.1099901739376037,0.8491410419312149,-0.6813867772084401,-0.23538436605243465,0.21058638994196582,0.7192254441781252,-0.8828162337175963,-1.4724636648314886,2.7551506562092767,-0.4814607612315388,-0.07108591549009124,0.9841231756854657,0
-0.634918112038349,0.9009088760241706,-0.502969299721533,0.4266853438511362,-0.911310674287764,-1.177851894974348,0.8577891279455886,-0.8828162337175963,-0.2707122375055717,0.003043148748581378,-0.4814607612315388,-0.4877685947486774,-1.0161329645585022,1
-0.2960199349169384,0.9009088760241706,-0.502969299721533,-0.6773913058676282,-0.7423290972289317,0.21058638994196582,-1.212748203779651,1.4316811360790147,-1.6705176710108995,-1.0289971665491795,-0.7394662468772634,-1.4997122443766724,-1.0161329645585022,0
-0.634918112038349,-1.1099901739376037,-1.179024470547907,0.6443200890990807,-0.23538436605243465,-0.4836327525161911,2.4413740852880284,0.2744324511807092,0.001192415045823164,0.8057411717579506,-0.7394662468772634,0.9606997664835506,0.9841231756854657,0
-0.46546902347764374,0.9009088760241706,0.8491410419312149,0.6510950187639358,-0.7423290972289317,0.21058638994196582,0.8577891279455886,0.2744324511807092,0.09182729922962125,-0.2262991435398101,-0.4814607612315388,-0.13061201252703214,0.9841231756854657,0
-0.2960199349169384,-1.1099901739376037,0.8491410419312149,0.6523899936649105,-0.23538436605243465,-1.177851894974348,-0.3298995900612411,-1.461440576166749,-0.901799579229796,-0.9143260204049839,-0.7394662468772634,-0.5076106270943244,0.9841231756854657,0
-0.634918112038349,0.9009088760241706,-1.179024470547907,0.655011528220542,-0.911310674287764,-1.177851894974348,-0.5674373336626071,-1.461440576166749,0.001192415045823164,-1.0289971665491795,-0.7394662468772634,0.5043330225336705,-1.0161329645585022,0
-0.634918112038349,0.9009088760241706,-1.179024470547907,0.42452178822389813,-0.7423290972289317,-1.177851894974348,-0.5040939353689095,-0.3041918912684436,0.2193875065994116,-0.9143260204049839,-0.7394662468772634,-0.9044512740072636,-1.0161329645585022,1
-0.9738162891597597,-1.1099901739376037,-0.502969299721533,-0.49053590308309303,-0.7423290972289317,0.9048055324001227,0.7192254441781252,-1.461440576166749,0.16232109803924238,1.7231103409115156,-0.7394662468772634,-0.6068207888225592,-1.0161329645585022,1
-0.2960199349169384,0.9009088760241706,0.8491410419312149,0.64814184429464,-0.23538436605243465,-1.177851894974348,0.5094004373302519,-0.8828162337175963,-0.522475804682789,-0.34097028968400567,-0.7394662468772634,0.08765034327508442,0.9841231756854657,0
-0.2960199349169384,0.9009088760241706,0.8491410419312149,0.4933923436281711,-0.23538436605243465,0.9048055324001227,0.7311023313581935,0.853056793629862,-0.005521280078902488,-0.11162799739561437,-0.7394662468772634,0.5440170872249644,0.9841231756854657,0
-0.8043672005990544,0.9009088760241706,-0.502969299721533,0.6473838102062646,-0.911310674287764,-1.177851894974348,0.8577891279455886,-1.461440576166749,0.1119683846037988,-0.2262991435398101,-0.997471732522988,-1.3409759856114967,0.9841231756854657,0
-1.143265377720465,0.9009088760241706,-0.502969299721533,0.2296438580040567,-0.911310674287764,0.9048055324001227,0.7429792185382618,-0.8828162337175963,-0.3680608168140954,0.1177142948927768,-0.4814607612315388,-0.20998014190961997,-1.0161329645585022,0
-0.2960199349169384,0.9009088760241706,-1.179024470547907,1.3070945603686352,-0.911310674287764,0.9048055324001227,0.7429792185382618,0.853056793629862,-0.522475804682789,-0.570312581972397,-0.997471732522988,-0.07108591549009124,-1.0161329645585022,0
-0.9738162891597597,-1.1099901739376037,-1.179024470547907,0.17888715883658748,-0.7423290972289317,-1.177851894974348,1.1745061194140765,0.2744324511807092,1.6829730437896346,0.5763988794695595,-0.4814607612315388,0.6829113136444932,-1.0161329645585022,1
-0.8043672005990544,-1.1099901739376037,0.8491410419312149,0.6494841963261381,-0.911310674287764,-1.177851894974348,1.7445967040573547,0.853056793629862,0.5114332445249834,0.3470565871811683,-0.4814607612315388,0.8813316371009629,0.9841231756854657,0
-0.634918112038349,0.9009088760241706,-1.179024470547907,0.42158440613144343,-0.911310674287764,-1.177851894974348,-1.208789241386295,-0.8828162337175963,-0.34120603631519225,-1.3730106049817663,-0.997471732522988,1.5956448015442533,-1.0161329645585022,1
-0.634918112038349,0.9009088760241706,1.5251962127575889,0.17566551396099206,-0.5733475201700994,-1.177851894974348,0.6994306322113446,0.2744324511807092,-0.34120603631519225,0.1177142948927768,-0.997471732522988,1.1789621222856672,-1.0161329645585022,1
-0.634918112038349,0.9009088760241706,-0.502969299721533,0.6557063928015527,-0.7423290972289317,-1.177851894974348,0.06599664927436881,-0.3041918912684436,1.8105332511594245,-0.6849837281165926,-0.4814607612315388,-0.11076998018138517,0.9841231756854657,0
-0.46546902347764374,0.9009088760241706,1.5251962127575889,0.6578699484287909,-0.23538436605243465,0.21058638994196582,4.024959042630468,-0.3041918912684436,0.3301634761573873,1.7231103409115156,-0.7394662468772634,0.38528082845978884,0.9841231756854657,0
-0.8043672005990544,0.9009088760241706,-1.179024470547907,0.6621970596832671,-0.911310674287764,-1.177851894974348,1.6495816066168083,-1.461440576166749,-1.0427871768490378,0.23238544103697253,-0.4814607612315388,0.9408577341379036,-1.0161329645585022,0
-0.634918112038349,-1.1099901739376037,0.8491410419312149,-0.5856691811742052,-0.5733475201700994,0.9048055324001227,0.7627740305050422,0.853056793629862,1.575553921794022,2.2964660716324943,-0.4814607612315388,-0.9242933063529105,-1.0161329645585022,1
-0.2960199349169384,0.9009088760241706,-1.179024470547907,0.6679770696071295,-0.06640278899360229,-1.177851894974348,-0.2507203421941191,-0.8828162337175963,0.3301634761573873,-0.7996548742607882,-0.7394662468772634,0.305912699077201,0.9841231756854657,0
-0.634918112038349,0.9009088760241706,-1.179024470547907,0.661265309449639,-0.404365943111267,-1.177851894974348,1.8079401023510524,-0.8828162337175963,0.16232109803924238,0.3470565871811683,-0.4814607612315388,0.6829113136444932,0.9841231756854657,0
-0.634918112038349,-1.1099901739376037,-1.179024470547907,0.6684824256660464,-0.911310674287764,-1.177851894974348,0.19268344586176397,0.2744324511807092,-0.0860856215756121,-0.570312581972397,-0.4814607612315388,-0.15045404487267908,0.9841231756854657,0
-0.46546902347764374,0.9009088760241706,-0.502969299721533,0.18318268533738138,-0.23538436605243465,-1.177851894974348,-0.5674373336626071,0.2744324511807092,1.253296555807184,-0.7996548742607882,-0.4814607612315388,-2.2537094735112566,-1.0161329645585022,1
-0.9738162891597597,0.9009088760241706,-1.179024470547907,-0.6763963861266354,-0.911310674287764,0.21058638994196582,0.8577891279455886,-0.8828162337175963,-1.4724636648314886,2.984492948497668,-0.4814607612315388,0.7424374106814341,-1.0161329645585022,0
-0.634918112038349,0.9009088760241706,0.8491410419312149,0.663318318438989,-0.911310674287764,-1.177851894974348,-0.5674373336626071,-0.3041918912684436,-1.6839450612603513,-1.0289971665491795,-0.4814607612315388,-2.2140254088199627,0.9841231756854657,0
-0.8043672005990544,0.9009088760241706,1.5251962127575889,-0.5635440612197483,-0.404365943111267,0.9048055324001227,0.7627740305050422,0.853056793629862,0.860545391010725,2.1817949254882985,-0.997471732522988,-2.0156050853634935,-1.0161329645585022,1
-0.634918112038349,0.9009088760241706,-1.179024470547907,0.6651502341525629,-0.911310674287764,-1.177851894974348,1.0161476236798326,-1.461440576166749,-1.173704231781191,-0.11162799739561437,-0.997471732522988,-1.8370267942526706,0.9841231756854657,0
-0.46546902347764374,0.9009088760241706,1.5251962127575889,0.6675664678092594,-0.5733475201700994,-1.177851894974348,1.1745061194140765,-0.8828162337175963,0.23617174441122635,0.003043148748581378,-0.7394662468772634,-0.9441353386985575,-1.0161329645585022,0
-0.8043672005990544,-1.1099901739376037,0.8491410419312149,0.6683560866513172,-0.911310674287764,-1.177851894974348,1.6495816066168083,0.853056793629862,2.1562885500828033,0.23238544103697253,-0.7394662468772634,-1.3409759856114967,0.9841231756854657,0
-0.9738162891597597,0.9009088760241706,-1.179024470547907,-0.6721640291332062,-0.911310674287764,0.21058638994196582,-0.3774071387815143,0.2744324511807092,-0.005521280078902488,0.5763988794695595,-0.997471732522988,-1.4600281796853785,0.9841231756854657,0
-0.634918112038349,0.9009088760241706,-1.179024470547907,-0.5935179924642588,-0.5733475201700994,0.9048055324001227,0.7627740305050422,0.2744324511807092,1.9515208487786668,2.2964660716324943,-0.7394662468772634,1.1789621222856672,-1.0161329645585022,1
-1.143265377720465,-1.1099901739376037,1.5251962127575889,-0.5497099391068974,-0.911310674287764,0.9048055324001227,0.7627740305050422,0.853056793629862,1.357358830240434,2.0671237793441026,-0.4814607612315388,0.9606997664835506,-1.0161329645585022,1
-0.2960199349169384,-1.1099901739376037,-0.502969299721533,0.6663188700388083,-0.911310674287764,-1.177851894974348,1.0161476236798326,0.853056793629862,-1.0495008719737637,-0.11162799739561437,-0.7394662468772634,-0.11076998018138517,-1.0161329645585022,0
-0.9738162891597597,-1.1099901739376037,1.5251962127575889,0.6700616633501618,-0.911310674287764,-1.177851894974348,2.4413740852880284,-0.8828162337175963,0.001192415045823164,0.6910700256137552,-0.7394662468772634,1.774223092655076,-1.0161329645585022,0
-0.9738162891597597,0.9009088760241706,-1.179024470547907,-0.4301774387962021,-0.911310674287764,0.9048055324001227,0.7627740305050422,-1.461440576166749,0.001192415045823164,1.4937680486231246,-0.4814607612315388,-0.03140185079879733,-1.0161329645585022,1
-0.634918112038349,-1.1099901739376037,-1.179024470547907,0.6719409561942592,-0.7423290972289317,0.21058638994196582,2.3226052134873454,0.2744324511807092,0.5114332445249834,0.6910700256137552,-0.4814607612315388,0.7027533459901402,0.9841231756854657,0
-0.634918112038349,0.9009088760241706,-1.179024470547907,0.4391455291788068,-0.23538436605243465,-1.177851894974348,2.4413740852880284,1.4316811360790147,1.5587696839822078,1.035083464046342,-0.4814607612315388,-1.12271362980938,-1.0161329645585022,1
-0.2960199349169384,0.9009088760241706,-1.179024470547907,-0.43080913386984826,-0.7423290972289317,0.9048055324001227,0.7627740305050422,0.2744324511807092,-0.4654093961226198,1.4937680486231246,-0.4814607612315388,0.10749237562073138,-1.0161329645585022,1
-1.143265377720465,0.9009088760241706,-1.179024470547907,0.6629708861484837,-0.911310674287764,-1.177851894974348,0.6994306322113446,-1.461440576166749,-0.25392799969375696,-0.34097028968400567,-0.997471732522988,-1.5592383414136133,0.9841231756854657,0
-0.9738162891597597,0.9009088760241706,0.8491410419312149,-0.42911934954784475,-0.7423290972289317,0.9048055324001227,0.7627740305050422,-1.461440576166749,-1.0495008719737637,1.4937680486231246,-0.997471732522988,-1.3806600503027906,-1.0161329645585022,1
-0.9738162891597597,0.9009088760241706,-0.502969299721533,-0.6760647462129712,-0.911310674287764,0.21058638994196582,-0.5674373336626071,1.4316811360790147,-1.1804179269059165,0.23238544103697253,-0.7394662468772634,-0.07108591549009124,0.9841231756854657,0
-0.8043672005990544,0.9009088760241706,-0.502969299721533,0.6718462019332122,-0.23538436605243465,-1.177851894974348,1.7287608544839304,-0.8828162337175963,0.830333762949459,0.3470565871811683,-0.4814607612315388,0.26622863438590705,0.9841231756854657,0
-0.2960199349169384,0.9009088760241706,-1.179024470547907,0.6708670745690607,0.2715603651240624,-1.177851894974348,-0.6307807319563046,-1.461440576166749,-1.4724636648314886,-1.0289971665491795,-0.7394662468772634,0.7027533459901402,0.9841231756854657,0
-0.634918112038349,0.9009088760241706,-0.502969299721533,0.673662325269945,-0.5733475201700994,-1.177851894974348,0.05016079970094441,0.853056793629862,-1.0092187012254088,-0.6849837281165926,-0.4814607612315388,1.0400678958661385,-1.0161329645585022,0
-0.634918112038349,0.9009088760241706,0.8491410419312149,0.6777367584949627,-0.404365943111267,-1.177851894974348,-0.5040939353689095,0.853056793629862,0.001192415045823164,-1.0289971665491795,-0.7394662468772634,0.3455967637684949,0.9841231756854657,0
-0.8043672005990544,-1.1099901739376037,-1.179024470547907,-0.3936180864089304,-0.7423290972289317,0.9048055324001227,0.7627740305050422,-0.8828162337175963,0.001192415045823164,1.379096902478929,-0.7394662468772634,-0.5274526594399713,-1.0161329645585022,1
-0.9738162891597597,0.9009088760241706,0.8491410419312149,-0.33760252575335686,-0.911310674287764,0.9048055324001227,0.7627740305050422,-1.461440576166749,0.8336906105118219,1.2644257563347332,-0.997471732522988,-1.2417658238832618,0.9841231756854657,0
-0.634918112038349,0.9009088760241706,0.8491410419312149,0.6922183680583011,-0.23538436605243465,-1.177851894974348,0.6360872339176471,1.4316811360790147,-1.4724636648314886,-0.34097028968400567,-0.7394662468772634,-0.6465048535138531,0.9841231756854657,0
-0.8043672005990544,-1.1099901739376037,-0.502969299721533,0.6825218486778324,-0.911310674287764,0.21058638994196582,3.2331665639592484,0.2744324511807092,1.934736610966852,1.1497546101905376,-0.997471732522988,0.9210157017922567,0.9841231756854657,0
-0.634918112038349,0.9009088760241706,-0.502969299721533,-0.2955632186022047,-0.7423290972289317,0.9048055324001227,0.7627740305050422,-1.461440576166749,0.001192415045823164,1.1497546101905376,-0.997471732522988,-2.154499311783022,0.9841231756854657,0
-0.46546902347764374,-1.1099901739376037,1.5251962127575889,0.6858382478144748,-0.404365943111267,-1.177851894974348,-0.41303780032171916,-0.8828162337175963,-0.3680608168140954,-0.9143260204049839,-0.7394662468772634,-0.051243883144444294,0.9841231756854657,0
-0.8043672005990544,0.9009088760241706,-0.502969299721533,-0.2812553251841191,-0.911310674287764,0.9048055324001227,0.7627740305050422,-1.461440576166749,-1.173704231781191,1.035083464046342,-0.4814607612315388,0.6432272489531993,0.9841231756854657,0
-0.8043672005990544,-1.1099901739376037,1.5251962127575889,0.6859014173218394,-0.911310674287764,-1.177851894974348,2.4413740852880284,-1.461440576166749,0.23617174441122635,0.6910700256137552,-0.4814607612315388,0.06780831092943747,-1.0161329645585022,0
-0.634918112038349,0.9009088760241706,1.5251962127575889,-0.37863112078667516,-0.911310674287764,0.9048055324001227,0.7627740305050422,-0.3041918912684436,0.001192415045823164,1.379096902478929,-0.7394662468772634,-0.46792656240303043,-1.0161329645585022,1
-0.8043672005990544,0.9009088760241706,-0.502969299721533,0.6870068837007202,-0.911310674287764,-1.177851894974348,4.024959042630468,0.853056793629862,-1.0427871768490378,1.6084391947673204,-0.7394662468772634,1.0400678958661385,0.9841231756854657,0
-0.46546902347764374,0.9009088760241706,-0.502969299721533,0.687306938860702,-0.404365943111267,0.21058638994196582,-0.2507203421941191,0.2744324511807092,0.4745079213389917,-0.9143260204049839,-0.4814607612315388,-0.11076998018138517,0.9841231756854657,0
-0.634918112038349,-1.1099901739376037,1.5251962127575889,0.6839431625935363,-0.911310674287764,-1.177851894974348,0.38271364074285674,0.2744324511807092,1.4312094766124175,-0.45564143582820127,-0.7394662468772634,-1.2814498885745558,-1.0161329645585022,0
-0.634918112038349,0.9009088760241706,0.8491410419312149,0.6894862868647813,-0.911310674287764,0.21058638994196582,2.2513438904069356,0.853056793629862,-0.707102420612748,0.5763988794695595,-0.997471732522988,0.20670253734896618,0.9841231756854657,0
-1.143265377720465,-1.1099901739376037,0.8491410419312149,-0.17247743350224976,-0.911310674287764,0.9048055324001227,0.7627740305050422,0.853056793629862,2.6128198185641573,0.8057411717579506,-0.7394662468772634,-0.8052411122790287,-1.0161329645585022,0
-0.2960199349169384,-1.1099901739376037,-1.179024470547907,0.6837536540714424,-0.06640278899360229,-1.177851894974348,0.5410721364771007,0.853056793629862,-1.8752853723150364,-0.34097028968400567,-0.7394662468772634,0.16701847265767225,0.9841231756854657,0
-0.634918112038349,0.9009088760241706,-1.179024470547907,-0.1638232109932973,-0.404365943111267,0.9048055324001227,0.7627740305050422,0.2744324511807092,-1.1804179269059165,0.8057411717579506,-0.4814607612315388,-0.15045404487267908,0.9841231756854657,0
-0.46546902347764374,-1.1099901739376037,1.5251962127575889,0.6882544814711713,-0.5733475201700994,-1.177851894974348,0.25602684415546156,-1.461440576166749,-1.039430329286675,-0.570312581972397,-0.4814607612315388,-1.5790803737592602,0.9841231756854657,0
-0.9738162891597597,0.9009088760241706,1.5251962127575889,0.6844169338987709,-0.911310674287764,-1.177851894974348,1.3328646151483206,0.2744324511807092,-0.8447331706696268,0.1177142948927768,-0.7394662468772634,-0.9044512740072636,0.9841231756854657,0
-0.9738162891597597,0.9009088760241706,0.8491410419312149,0.6881123500796009,-0.5733475201700994,-1.177851894974348,0.06599664927436881,0.853056793629862,-1.1804179269059165,-0.6849837281165926,-0.4814607612315388,-0.5076106270943244,0.9841231756854657,0
-0.8043672005990544,-1.1099901739376037,-1.179024470547907,0.46275513255633216,-0.7423290972289317,-1.177851894974348,0.8577891279455886,0.853056793629862,-0.34120603631519225,0.003043148748581378,-0.7394662468772634,1.0003838311748445,-1.0161329645585022,1
-0.634918112038349,0.9009088760241706,-1.179024470547907,0.6850802137260994,-0.7423290972289317,-1.177851894974348,0.034324950127520015,1.4316811360790147,-0.21700267650776528,-0.6849837281165926,-0.997471732522988,-0.6068207888225592,0.9841231756854657,0
-0.8043672005990544,-1.1099901739376037,0.8491410419312149,0.6843695567682474,-0.911310674287764,-1.177851894974348,-0.5674373336626071,-1.461440576166749,0.001192415045823164,-1.0289971665491795,-0.7394662468772634,0.46464895784237664,0.9841231756854657,0
-0.8043672005990544,0.9009088760241706,-0.502969299721533,-0.13070659675739718,-0.911310674287764,0.9048055324001227,0.7627740305050422,-1.461440576166749,0.001192415045823164,0.6910700256137552,-0.4814607612315388,-0.07108591549009124,0.9841231756854657,0
-0.8043672005990544,0.9009088760241706,-0.502969299721533,0.6868015828017852,-0.911310674287764,-1.177851894974348,0.06599664927436881,-0.8828162337175963,0.16232109803924238,-0.6849837281165926,-0.997471732522988,-1.182239726846321,0.9841231756854657,0
-0.8043672005990544,0.9009088760241706,0.8491410419312149,-0.12209975137896821,-0.23538436605243465,0.9048055324001227,0.7627740305050422,0.853056793629862,-0.707102420612748,0.6910700256137552,-0.7394662468772634,1.1591200899400202,0.9841231756854657,0
-0.2960199349169384,0.9009088760241706,1.5251962127575889,0.685348684132399,-0.06640278899360229,-1.177851894974348,-0.5674373336626071,-1.461440576166749,0.8739727812601764,-1.0289971665491795,-0.997471732522988,1.5361187045073124,-1.0161329645585022,0
-0.46546902347764374,-1.1099901739376037,-0.502969299721533,0.6865015276418033,-0.5733475201700994,-1.177851894974348,0.7627740305050422,-1.461440576166749,0.001192415045823164,-0.2262991435398101,-0.997471732522988,0.028124246238143545,0.9841231756854657,0
-0.8043672005990544,0.9009088760241706,-1.179024470547907,0.6854750231471283,-0.23538436605243465,-1.177851894974348,1.6495816066168083,-0.8828162337175963,0.001192415045823164,0.23238544103697253,-0.7394662468772634,0.5043330225336705,-1.0161329645585022,0
-0.634918112038349,-1.1099901739376037,-0.502969299721533,0.6891546469511172,-0.911310674287764,-1.177851894974348,-0.3774071387815143,0.2744324511807092,0.001192415045823164,-0.9143260204049839,-0.7394662468772634,0.7424374106814341,0.9841231756854657,0
-0.9738162891597597,-1.1099901739376037,-0.502969299721533,-0.22410271339598245,-0.911310674287764,0.9048055324001227,0.7627740305050422,-1.461440576166749,0.001192415045823164,0.9204123179021463,-0.4814607612315388,-1.9163949236352584,-1.0161329645585022,1
-0.634918112038349,-1.1099901739376037,-0.502969299721533,0.6854434383934459,-0.404365943111267,-1.177851894974348,1.6495816066168083,1.4316811360790147,-0.25392799969375696,0.23238544103697253,-0.7394662468772634,-0.686188918205147,0.9841231756854657,0
-0.8043672005990544,-1.1099901739376037,-1.179024470547907,0.6890283079363879,-0.911310674287764,-1.177851894974348,-0.5674373336626071,0.853056793629862,-1.173704231781191,-1.0289971665491795,-0.997471732522988,0.9606997664835506,-1.0161329645585022,0
-0.2960199349169384,-1.1099901739376037,-0.502969299721533,0.6885229518774709,-0.404365943111267,-1.177851894974348,1.6495816066168083,-1.461440576166749,0.11868207972852446,0.23238544103697253,-0.4814607612315388,0.6432272489531993,0.9841231756854657,0
-0.8043672005990544,0.9009088760241706,-1.179024470547907,-0.09103614613241813,-0.911310674287764,0.9048055324001227,0.7627740305050422,0.853056793629862,0.6154955189582334,0.5763988794695595,-0.7394662468772634,-0.8052411122790287,0.9841231756854657,0
-0.46546902347764374,0.9009088760241706,0.8491410419312149,-0.09583702869212897,-0.911310674287764,0.9048055324001227,0.7627740305050422,0.853056793629862,0.5114332445249834,0.6910700256137552,-0.997471732522988,0.9011736694466097,-1.0161329645585022,0
-0.634918112038349,0.9009088760241706,0.8491410419312149,0.6889493460521822,-0.404365943111267,0.21058638994196582,2.3226052134873454,0.2744324511807092,0.27645391515958084,0.6910700256137552,-0.7394662468772634,-0.22982217425526694,-1.0161329645585022,0
-0.9738162891597597,-1.1099901739376037,-0.502969299721533,0.6818743612273451,-0.911310674287764,0.21058638994196582,-0.4090788379283631,0.2744324511807092,0.6255660616453219,-0.9143260204049839,-0.7394662468772634,-1.5790803737592602,0.9841231756854657,0
-0.46546902347764374,0.9009088760241706,1.5251962127575889,-0.06940058986003704,-0.7423290972289317,0.9048055324001227,0.7627740305050422,-1.461440576166749,0.8269769153870962,0.5763988794695595,-0.7394662468772634,-0.4877685947486774,-1.0161329645585022,0
-0.46546902347764374,-1.1099901739376037,-1.179024470547907,-0.029967024887675286,-0.404365943111267,0.9048055324001227,0.7627740305050422,0.2744324511807092,-0.4654093961226198,0.4617277333253637,-0.997471732522988,-0.15045404487267908,-1.0161329645585022,0
-1.143265377720465,-1.1099901739376037,-1.179024470547907,0.685459230770287,-0.404365943111267,-1.177851894974348,1.3328646151483206,-0.8828162337175963,1.327147202179168,0.1177142948927768,-0.7394662468772634,1.0400678958661385,-1.0161329645585022,0
-0.8043672005990544,0.9009088760241706,0.8491410419312149,0.6814637594294751,-0.7423290972289317,0.21058638994196582,0.8577891279455886,-0.8828162337175963,-0.6936750303632967,-0.2262991435398101,-0.7394662468772634,-2.9084965409176062,0.9841231756854657,0
-0.634918112038349,-1.1099901739376037,1.5251962127575889,0.0816850793792841,-0.7423290972289317,0.9048055324001227,0.7627740305050422,-0.8828162337175963,0.561785957960427,0.3470565871811683,-0.4814607612315388,-0.22982217425526694,0.9841231756854657,0
-0.634918112038349,-1.1099901739376037,-0.502969299721533,0.46109693298801097,-0.911310674287764,-1.177851894974348,1.5228948100294133,1.4316811360790147,0.6154955189582334,0.4617277333253637,-0.4814607612315388,-1.658448503141848,-1.0161329645585022,1
-0.634918112038349,0.9009088760241706,-1.179024470547907,0.075936654209104,-0.7423290972289317,0.9048055324001227,0.7627740305050422,-0.3041918912684436,0.4107278176540969,0.3470565871811683,-0.4814607612315388,-0.5869787564769122,0.9841231756854657,0
-0.8043672005990544,0.9009088760241706,-0.502969299721533,0.12088175869902854,-0.911310674287764,0.9048055324001227,0.7627740305050422,-1.461440576166749,0.04483143335654109,0.23238544103697253,-0.7394662468772634,1.0400678958661385,-1.0161329645585022,0
-0.46546902347764374,0.9009088760241706,-1.179024470547907,0.6902443209531568,-0.404365943111267,-1.177851894974348,0.8577891279455886,-1.461440576166749,0.19253272610050842,-0.2262991435398101,-0.997471732522988,0.801963507718375,-1.0161329645585022,0
-0.634918112038349,0.9009088760241706,-1.179024470547907,0.11548076581935383,-0.5733475201700994,0.9048055324001227,0.7627740305050422,0.853056793629862,-0.33784918875282943,0.3470565871811683,-0.4814607612315388,-2.3132355705481977,0.9841231756854657,0
-0.8043672005990544,-1.1099901739376037,-1.179024470547907,0.04405184536681391,-0.5733475201700994,0.9048055324001227,0.7627740305050422,0.853056793629862,2.344272013575125,0.3470565871811683,-0.7394662468772634,1.258330251668255,-1.0161329645585022,1
-0.2960199349169384,0.9009088760241706,-0.502969299721533,0.6934027963213876,-0.06640278899360229,-1.177851894974348,2.4413740852880284,1.4316811360790147,0.001192415045823164,0.6910700256137552,-0.997471732522988,0.4844909901880236,-1.0161329645585022,0
-0.2960199349169384,-1.1099901739376037,1.5251962127575889,0.6944766779465861,-0.06640278899360229,-1.177851894974348,0.35104194159600793,-0.8828162337175963,-1.6705176710108995,-0.45564143582820127,-0.997471732522988,-0.3488743683291487,0.9841231756854657,0
-0.634918112038349,0.9009088760241706,0.8491410419312149,0.7075369735942205,-0.5733475201700994,-1.177851894974348,1.0161476236798326,-1.461440576166749,-1.0495008719737637,-0.11162799739561437,-0.997471732522988,-1.8171847619070236,0.9841231756854657,0
-0.634918112038349,0.9009088760241706,-1.179024470547907,0.7066841852447981,-0.911310674287764,-1.177851894974348,1.6495816066168083,1.4316811360790147,-1.3751150855229646,0.23238544103697253,-0.4814607612315388,-0.09092794783573821,-1.0161329645585022,0
-0.634918112038349,-1.1099901739376037,-0.502969299721533,0.7030361461944915,-0.911310674287764,-1.177851894974348,-0.7257958293968509,1.4316811360790147,1.0787404825643134,-1.143668312693375,-0.4814607612315388,0.5837011519162584,-1.0161329645585022,0
-0.9738162891597597,0.9009088760241706,-1.179024470547907,0.7054839646048704,-0.911310674287764,-1.177851894974348,-0.2507203421941191,0.2744324511807092,-1.0964967378468442,-0.9143260204049839,-0.7394662468772634,-0.7258729828964409,0.9841231756854657,0
-0.634918112038349,0.9009088760241706,-1.179024470547907,0.70657363860691,-0.404365943111267,-1.177851894974348,1.8079401023510524,1.4316811360790147,0.8336906105118219,0.3470565871811683,-0.997471732522988,-0.36871640067479566,-1.0161329645585022,0
-0.634918112038349,-1.1099901739376037,1.5251962127575889,0.7082950076825959,-0.5733475201700994,0.21058638994196582,2.2830155895537843,-0.8828162337175963,1.934736610966852,0.5763988794695595,-0.7394662468772634,0.782121475372728,-1.0161329645585022,0
-0.8043672005990544,0.9009088760241706,-0.502969299721533,0.7046627610091304,-0.911310674287764,-1.177851894974348,-0.8841543251310949,-1.461440576166749,0.8336906105118219,-1.2583394588375707,-0.997471732522988,0.3654387961141419,-1.0161329645585022,0
-0.9738162891597597,-1.1099901739376037,1.5251962127575889,0.7088161561183539,-0.911310674287764,-1.177851894974348,0.8577891279455886,1.4316811360790147,1.6729025011025462,-0.2262991435398101,-0.997471732522988,0.12733440796637835,-1.0161329645585022,0
-0.46546902347764374,-1.1099901739376037,-0.502969299721533,0.7062735834469281,-0.404365943111267,-1.177851894974348,3.102520804978497,0.853056793629862,0.001192415045823164,1.035083464046342,-0.997471732522988,0.5241750548793175,-1.0161329645585022,0
-0.9738162891597597,0.9009088760241706,1.5251962127575889,0.7106164870782455,-0.911310674287764,-1.177851894974348,-1.121692068732461,0.2744324511807092,0.001192415045823164,-1.3730106049817663,-0.7394662468772634,1.0995939929030794,-1.0161329645585022,0
-0.634918112038349,0.9009088760241706,-1.179024470547907,0.7075369735942205,-0.5733475201700994,-1.177851894974348,-0.2507203421941191,0.853056793629862,-0.08944246913797492,-0.9143260204049839,-0.7394662468772634,-0.03140185079879733,0.9841231756854657,0
-0.8043672005990544,0.9009088760241706,-1.179024470547907,0.7088477408720363,-0.911310674287764,-1.177851894974348,1.9425448237251597,-1.461440576166749,-0.33784918875282943,0.4617277333253637,-0.7394662468772634,-0.6465048535138531,0.9841231756854657,0
-0.634918112038349,-1.1099901739376037,-1.179024470547907,0.7044258753565131,-0.23538436605243465,-1.177851894974348,-0.5040939353689095,-0.3041918912684436,-0.21364582894540246,-1.0289971665491795,-0.7394662468772634,0.782121475372728,-1.0161329645585022,0
-0.8043672005990544,0.9009088760241706,0.8491410419312149,0.705847189272217,-0.404365943111267,-1.177851894974348,1.1745061194140765,-0.8828162337175963,1.1223795008750308,0.003043148748581378,-0.4814607612315388,0.7424374106814341,0.9841231756854657,0
-0.9738162891597597,0.9009088760241706,-1.179024470547907,0.6977299075758638,-0.7423290972289317,-1.177851894974348,-0.5674373336626071,0.2744324511807092,0.001192415045823164,-1.0289971665491795,-0.4814607612315388,-2.075131182400434,0.9841231756854657,0
-0.9738162891597597,-1.1099901739376037,-0.502969299721533,0.19155264506319306,-0.911310674287764,0.9048055324001227,0.7627740305050422,-0.8828162337175963,1.1223795008750308,0.23238544103697253,-0.997471732522988,-0.36871640067479566,-1.0161329645585022,0
-0.8043672005990544,0.9009088760241706,-1.179024470547907,0.22989653603351518,-0.7423290972289317,0.9048055324001227,0.7627740305050422,1.4316811360790147,1.0955247203761276,0.1177142948927768,-0.4814607612315388,0.32575473142284794,0.9841231756854657,0
-0.9738162891597597,0.9009088760241706,-1.179024470547907,0.2722832754751727,-0.911310674287764,0.9048055324001227,0.7627740305050422,0.853056793629862,0.23617174441122635,0.1177142948927768,-0.997471732522988,-0.20998014190961997,-1.0161329645585022,0
-0.8043672005990544,-1.1099901739376037,0.8491410419312149,0.2708145844289454,-0.7423290972289317,0.9048055324001227,0.7627740305050422,0.2744324511807092,0.561785957960427,0.1177142948927768,-0.4814607612315388,-1.7179746001787888,0.9841231756854657,0
-0.2960199349169384,0.9009088760241706,-1.179024470547907,0.4792581663553382,-0.911310674287764,-1.177851894974348,-0.7257958293968509,-1.461440576166749,1.327147202179168,-1.0289971665491795,-0.997471732522988,1.0202258635204915,-1.0161329645585022,1
-0.634918112038349,-1.1099901739376037,-0.502969299721533,0.2149569475417834,-0.911310674287764,-1.177851894974348,2.4413740852880284,0.2744324511807092,1.575553921794022,1.4937680486231246,-0.7394662468772634,-0.46792656240303043,-1.0161329645585022,1
-1.143265377720465,0.9009088760241706,1.5251962127575889,0.2771473275422482,-0.5733475201700994,0.9048055324001227,0.7627740305050422,1.4316811360790147,0.001192415045823164,0.1177142948927768,-0.4814607612315388,0.4249648931510827,-1.0161329645585022,0
-0.8043672005990544,-1.1099901739376037,0.8491410419312149,-0.6768701574318701,-0.404365943111267,0.21058638994196582,-0.8841543251310949,-1.461440576166749,1.5587696839822078,-0.34097028968400567,-0.4814607612315388,-1.6187644384505542,0.9841231756854657,0
-0.2960199349169384,-1.1099901739376037,-0.502969299721533,0.2972984003915608,-0.06640278899360229,0.9048055324001227,0.7627740305050422,0.2744324511807092,-0.21364582894540246,0.1177142948927768,-0.4814607612315388,-0.2893482712922078,0.9841231756854657,0
-1.143265377720465,-1.1099901739376037,0.8491410419312149,-0.6785915265075558,-0.911310674287764,0.21058638994196582,-0.8841543251310949,-1.461440576166749,0.001192415045823164,-0.34097028968400567,-0.7394662468772634,-0.7258729828964409,-1.0161329645585022,0
-0.8043672005990544,0.9009088760241706,-1.179024470547907,0.7006357049146361,-0.911310674287764,-1.177851894974348,1.6495816066168083,0.853056793629862,2.02537149515065,0.23238544103697253,-0.997471732522988,-1.4798702120310254,0.9841231756854657,0
-0.8043672005990544,0.9009088760241706,0.8491410419312149,0.3046892327532209,-0.5733475201700994,0.9048055324001227,0.7627740305050422,1.4316811360790147,-1.1233515183457474,0.1177142948927768,-0.997471732522988,0.5837011519162584,-1.0161329645585022,0
-0.2960199349169384,0.9009088760241706,0.8491410419312149,0.709953207250917,-0.404365943111267,-1.177851894974348,-0.09236184645987515,0.853056793629862,-1.4254677989584081,-0.7996548742607882,-0.997471732522988,-0.6465048535138531,0.9841231756854657,0
-0.8043672005990544,-1.1099901739376037,1.5251962127575889,0.7134591149096533,-0.911310674287764,-1.177851894974348,-0.8841543251310949,1.4316811360790147,0.001192415045823164,-1.2583394588375707,-0.4814607612315388,0.9606997664835506,0.9841231756854657,0
-0.46546902347764374,-1.1099901739376037,-1.179024470547907,0.7109955041224332,-0.5733475201700994,-1.177851894974348,-0.3298995900612411,0.853056793629862,-1.4993184453303918,-0.9143260204049839,-0.7394662468772634,0.18686050500331922,0.9841231756854657,0
-0.46546902347764374,0.9009088760241706,-0.502969299721533,0.36596365489689875,-0.23538436605243465,0.9048055324001227,0.7627740305050422,-0.8828162337175963,-0.8447331706696268,0.003043148748581378,-0.997471732522988,-0.36871640067479566,-1.0161329645585022,0
-0.2960199349169384,-1.1099901739376037,-1.179024470547907,0.42371637700499926,-0.23538436605243465,0.9048055324001227,0.7627740305050422,-1.461440576166749,0.001192415045823164,-0.11162799739561437,-0.997471732522988,-0.40840046536608954,0.9841231756854657,0
-0.46546902347764374,-1.1099901739376037,-1.179024470547907,-0.6769964964465993,-0.7423290972289317,0.21058638994196582,-0.9752104601782853,0.853056793629862,-1.623521805137819,-0.570312581972397,-0.997471732522988,-1.0036614357354983,0.9841231756854657,0
-0.2960199349169384,-1.1099901739376037,-1.179024470547907,0.5435331400988354,-0.404365943111267,0.9048055324001227,0.7627740305050422,-0.3041918912684436,-0.21364582894540246,-0.11162799739561437,-0.7394662468772634,-1.162397694500674,0.9841231756854657,0
-0.9738162891597597,0.9009088760241706,-0.502969299721533,0.7189232772966926,-0.911310674287764,-1.177851894974348,0.6360872339176471,0.853056793629862,-1.6705176710108995,-0.34097028968400567,-0.997471732522988,-1.3608180179571436,0.9841231756854657,0
-0.8043672005990544,0.9009088760241706,-1.179024470547907,0.7247506643510784,-0.911310674287764,-1.177851894974348,-0.09236184645987515,0.853056793629862,-0.11965409719924096,-0.7996548742607882,-0.997471732522988,0.8813316371009629,-1.0161329645585022,0
-0.2960199349169384,0.9009088760241706,1.5251962127575889,0.23555020694264833,-0.5733475201700994,-1.177851894974348,0.8577891279455886,0.2744324511807092,1.0955247203761276,0.23238544103697253,-0.4814607612315388,-0.7457150152420878,-1.0161329645585022,1
-0.46546902347764374,0.9009088760241706,-1.179024470547907,0.7251770585257896,0.10257878806523006,-1.177851894974348,0.6994306322113446,-0.3041918912684436,-0.005521280078902488,-0.34097028968400567,-0.7394662468772634,0.9805417988291976,0.9841231756854657,0
-0.8043672005990544,0.9009088760241706,1.5251962127575889,0.7260772240057354,-0.911310674287764,-1.177851894974348,-0.7257958293968509,-0.8828162337175963,0.001192415045823164,-1.143668312693375,-0.4814607612315388,-0.07108591549009124,-1.0161329645585022,0
-0.46546902347764374,0.9009088760241706,1.5251962127575889,0.72737219890671,-0.5733475201700994,0.21058638994196582,0.06599664927436881,-0.3041918912684436,-1.371758237960602,-0.6849837281165926,-0.997471732522988,1.4567505751247247,0.9841231756854657,0
-0.46546902347764374,-1.1099901739376037,0.8491410419312149,0.6441305805769868,-0.5733475201700994,0.9048055324001227,0.7627740305050422,0.2744324511807092,0.23617174441122635,-0.2262991435398101,-0.7394662468772634,0.7225953783357871,-1.0161329645585022,0
-0.46546902347764374,0.9009088760241706,-1.179024470547907,-0.6821448112968155,-0.7423290972289317,0.21058638994196582,-1.327558113186978,-1.461440576166749,1.9078818304679495,-1.2583394588375707,-0.7394662468772634,0.5638591195706114,-1.0161329645585022,1
-0.9738162891597597,-1.1099901739376037,1.5251962127575889,0.6432935846044057,-0.5733475201700994,0.9048055324001227,0.7627740305050422,0.2744324511807092,-0.08944246913797492,-0.2262991435398101,-0.7394662468772634,0.22654456969461315,0.9841231756854657,0
-0.9738162891597597,0.9009088760241706,0.8491410419312149,-0.6773913058676282,-0.911310674287764,0.21058638994196582,-1.042512820865339,0.853056793629862,-0.21700267650776528,-0.6849837281165926,-0.997471732522988,-1.3608180179571436,0.9841231756854657,0
-0.2960199349169384,0.9009088760241706,1.5251962127575889,-0.6759384071982419,-0.23538436605243465,0.21058638994196582,-0.4090788379283631,0.853056793629862,-0.34120603631519225,0.5763988794695595,-0.997471732522988,-1.0830295651180861,0.9841231756854657,0
-0.634918112038349,0.9009088760241706,-1.179024470547907,0.722350223071223,-0.5733475201700994,-1.177851894974348,0.6994306322113446,0.853056793629862,-0.34120603631519225,-0.34097028968400567,-0.7394662468772634,0.9408577341379036,0.9841231756854657,0
-0.634918112038349,0.9009088760241706,1.5251962127575889,0.723060880029075,-0.911310674287764,-1.177851894974348,1.4912231108825644,1.4316811360790147,0.001192415045823164,0.1177142948927768,-0.4814607612315388,-0.5869787564769122,0.9841231756854657,0
-0.46546902347764374,-1.1099901739376037,0.8491410419312149,0.898324678212203,-0.5733475201700994,0.9048055324001227,0.7627740305050422,-1.461440576166749,0.23617174441122635,-0.34097028968400567,-0.4814607612315388,0.12733440796637835,-1.0161329645585022,1
-0.2960199349169384,0.9009088760241706,1.5251962127575889,1.2157040755888766,-0.23538436605243465,0.9048055324001227,0.7627740305050422,1.4316811360790147,1.159304824061023,-0.570312581972397,-0.997471732522988,1.0599099282117854,0.9841231756854657,0
-0.46546902347764374,0.9009088760241706,-0.502969299721533,0.7210236634165661,-0.7423290972289317,-1.177851894974348,0.22435514500861276,1.4316811360790147,0.7061304031420315,-0.570312581972397,-0.7394662468772634,-0.03140185079879733,0.9841231756854657,0
-0.634918112038349,0.9009088760241706,-1.179024470547907,1.3184650716942663,-0.911310674287764,0.9048055324001227,0.7627740305050422,0.2744324511807092,0.5651428055227898,-0.570312581972397,-0.4814607612315388,-0.8052411122790287,0.9841231756854657,0
-0.2960199349169384,-1.1099901739376037,-1.179024470547907,-0.713555848833871,-0.911310674287764,0.9048055324001227,0.7786098800784667,0.853056793629862,0.5114332445249834,3.213835240786059,-0.7394662468772634,-0.686188918205147,-1.0161329645585022,1
-0.634918112038349,-1.1099901739376037,-1.179024470547907,0.7258087535994358,-0.404365943111267,-1.177851894974348,2.4413740852880284,-0.8828162337175963,0.6154955189582334,0.6910700256137552,-0.997471732522988,0.7027533459901402,0.9841231756854657,0
-1.143265377720465,0.9009088760241706,-1.179024470547907,0.7232345961743276,-0.911310674287764,-1.177851894974348,0.8577891279455886,-0.8828162337175963,-0.46205254856025635,-0.2262991435398101,-0.4814607612315388,-1.2616078562289088,0.9841231756854657,0
-0.2960199349169384,0.9009088760241706,-1.179024470547907,0.7203603835892376,-0.7423290972289317,-1.177851894974348,0.8577891279455886,-1.461440576166749,1.0787404825643134,-0.2262991435398101,-0.997471732522988,0.7424374106814341,0.9841231756854657,0
-0.46546902347764374,0.9009088760241706,0.8491410419312149,0.5016675490929359,-0.911310674287764,-1.177851894974348,-1.121692068732461,-0.3041918912684436,1.4312094766124175,-1.3730106049817663,-0.7394662468772634,-0.7060309505507939,-1.0161329645585022,1
-0.2960199349169384,-1.1099901739376037,-1.179024470547907,-0.6802655184527182,-0.5733475201700994,0.9048055324001227,0.7786098800784667,1.4316811360790147,-1.1233515183457474,2.869821802353472,-0.997471732522988,-0.38855843302044263,-1.0161329645585022,1
-0.634918112038349,-1.1099901739376037,-0.502969299721533,0.7346682770073232,-0.5733475201700994,-1.177851894974348,-0.7257958293968509,1.4316811360790147,1.4345663241747801,-1.143668312693375,-0.997471732522988,0.5837011519162584,-1.0161329645585022,0
-0.2960199349169384,0.9009088760241706,-1.179024470547907,0.7371792649250667,-0.911310674287764,-1.177851894974348,1.0161476236798326,0.2744324511807092,-1.6839450612603513,-0.11162799739561437,-0.4814607612315388,-2.531497926350314,0.9841231756854657,0
-1.143265377720465,0.9009088760241706,-0.502969299721533,0.7332785478453017,-0.5733475201700994,-1.177851894974348,1.5228948100294133,0.2744324511807092,0.3301634761573873,0.1177142948927768,-0.7394662468772634,-2.5910240233872552,0.9841231756854657,0
-0.46546902347764374,0.9009088760241706,-1.179024470547907,0.7377477904913482,-0.911310674287764,-1.177851894974348,0.38271364074285674,-1.461440576166749,0.001192415045823164,-0.570312581972397,-0.997471732522988,0.3654387961141419,-1.0161329645585022,0
-0.46546902347764374,-1.1099901739376037,-0.502969299721533,-0.6778650771728628,0.2715603651240624,0.9048055324001227,0.7786098800784667,1.4316811360790147,1.1458774338115711,2.869821802353472,-0.4814607612315388,0.028124246238143545,-1.0161329645585022,1
-0.46546902347764374,0.9009088760241706,-0.502969299721533,0.7461177502171599,-0.5733475201700994,-1.177851894974348,0.0026532509806712224,-1.461440576166749,0.23617174441122635,-0.6849837281165926,-0.7394662468772634,-0.3488743683291487,0.9841231756854657,0
-0.634918112038349,0.9009088760241706,-0.502969299721533,0.7414747914258606,-0.5733475201700994,-1.177851894974348,0.5410721364771007,-0.8828162337175963,-0.3680608168140954,-0.45564143582820127,-0.7394662468772634,-1.5195542767223194,0.9841231756854657,0
-0.46546902347764374,0.9009088760241706,1.5251962127575889,-0.6655786079904449,-0.5733475201700994,0.9048055324001227,0.7786098800784667,0.2744324511807092,2.02537149515065,2.7551506562092767,-0.7394662468772634,0.40512286080543575,-1.0161329645585022,1
-0.634918112038349,0.9009088760241706,1.5251962127575889,0.7403219479164563,-0.911310674287764,-1.177851894974348,0.38271364074285674,0.853056793629862,1.7736079279734327,-0.570312581972397,-0.997471732522988,0.821805540064022,-1.0161329645585022,0
-0.9738162891597597,-1.1099901739376037,1.5251962127575889,0.7457545255498134,-0.911310674287764,-1.177851894974348,0.38271364074285674,0.2744324511807092,-1.4724636648314886,-0.570312581972397,-0.4814607612315388,-0.7853990799333818,-1.0161329645585022,0
-0.2960199349169384,0.9009088760241706,-1.179024470547907,0.7451228304761672,-0.23538436605243465,0.21058638994196582,-0.7574675285436998,-0.3041918912684436,0.23617174441122635,-1.143668312693375,-0.4814607612315388,-0.26950623894656084,-1.0161329645585022,0
-0.2960199349169384,0.9009088760241706,0.8491410419312149,0.7458019026803369,-0.404365943111267,-1.177851894974348,-0.3774071387815143,-0.3041918912684436,-0.11965409719924096,-0.9143260204049839,-0.4814607612315388,-0.26950623894656084,0.9841231756854657,0
-0.634918112038349,-1.1099901739376037,-1.179024470547907,0.7428171434573587,-0.911310674287764,-1.177851894974348,-1.042512820865339,-0.8828162337175963,0.001192415045823164,-1.3730106049817663,-0.7394662468772634,-0.051243883144444294,-1.0161329645585022,0
-0.8043672005990544,-1.1099901739376037,1.5251962127575889,0.7447122286782972,-0.911310674287764,-1.177851894974348,-0.3774071387815143,1.4316811360790147,-1.173704231781191,-0.9143260204049839,-0.7394662468772634,1.4567505751247247,0.9841231756854657,0
-0.2960199349169384,0.9009088760241706,-1.179024470547907,-0.5810104300060648,-0.5733475201700994,0.9048055324001227,0.7786098800784667,0.2744324511807092,0.16232109803924238,2.2964660716324943,-0.7394662468772634,0.22654456969461315,-1.0161329645585022,1
-0.2960199349169384,0.9009088760241706,-1.179024470547907,0.7438120631983514,-0.404365943111267,-1.177851894974348,-0.6782882806765778,0.853056793629862,0.5651428055227898,-1.143668312693375,-0.4814607612315388,0.9408577341379036,-1.0161329645585022,0
-1.143265377720465,0.9009088760241706,1.5251962127575889,-0.6745328856593793,-0.911310674287764,0.9048055324001227,0.7786098800784667,1.4316811360790147,1.2029438423717405,2.869821802353472,-0.997471732522988,1.258330251668255,-1.0161329645585022,1
-0.634918112038349,-1.1099901739376037,0.8491410419312149,0.745612394158243,-0.23538436605243465,-1.177851894974348,0.22435514500861276,0.853056793629862,-1.8752853723150364,-0.570312581972397,-0.7394662468772634,-0.5076106270943244,0.9841231756854657,0
-0.2960199349169384,-1.1099901739376037,0.8491410419312149,-0.5677132487058131,-0.911310674287764,0.9048055324001227,0.7786098800784667,-1.461440576166749,-0.37813135950118393,2.1817949254882985,-0.7394662468772634,-0.7853990799333818,-1.0161329645585022,1
-0.2960199349169384,0.9009088760241706,-0.502969299721533,0.7443332116341095,-0.5733475201700994,-1.177851894974348,0.38271364074285674,-1.461440576166749,0.3301634761573873,-0.570312581972397,-0.997471732522988,0.5837011519162584,-1.0161329645585022,0
-0.2960199349169384,0.9009088760241706,0.8491410419312149,-0.5416558269179088,-0.404365943111267,0.9048055324001227,0.7786098800784667,1.4316811360790147,1.451350561986595,2.0671237793441026,-0.4814607612315388,-0.686188918205147,-1.0161329645585022,1
-0.2960199349169384,0.9009088760241706,-1.179024470547907,0.7430698214868172,-0.23538436605243465,-1.177851894974348,0.38271364074285674,1.4316811360790147,-0.005521280078902488,-0.570312581972397,-0.997471732522988,-0.7457150152420878,0.9841231756854657,0
-0.8043672005990544,-1.1099901739376037,-1.179024470547907,0.747254801349723,-0.7423290972289317,-1.177851894974348,1.6495816066168083,-0.8828162337175963,0.16232109803924238,0.23238544103697253,-0.4814607612315388,0.2463866020402601,0.9841231756854657,0
-0.46546902347764374,0.9009088760241706,1.5251962127575889,0.7419959398616187,0.2715603651240624,-1.177851894974348,1.0161476236798326,1.4316811360790147,-0.8447331706696268,-0.11162799739561437,-0.4814607612315388,-0.7060309505507939,0.9841231756854657,0
-0.2960199349169384,0.9009088760241706,-1.179024470547907,0.7443490040109506,-0.06640278899360229,0.21058638994196582,0.06599664927436881,-0.8828162337175963,-1.1804179269059165,-0.6849837281165926,-0.997471732522988,-0.20998014190961997,0.9841231756854657,0
-0.9738162891597597,0.9009088760241706,-1.179024470547907,0.741001020120626,-0.911310674287764,-1.177851894974348,-0.9395797986380804,-1.461440576166749,0.3301634761573873,-1.2583394588375707,-0.7394662468772634,0.2463866020402601,0.9841231756854657,0
-0.2960199349169384,-1.1099901739376037,-1.179024470547907,0.7417748465858426,-0.7423290972289317,-1.177851894974348,-0.5674373336626071,-1.461440576166749,-0.005521280078902488,-1.0289971665491795,-0.4814607612315388,-0.32903233598350173,-1.0161329645585022,0
-0.8043672005990544,0.9009088760241706,-0.502969299721533,0.7450280762151202,-0.7423290972289317,0.21058638994196582,-0.7257958293968509,1.4316811360790147,0.001192415045823164,-1.143668312693375,-0.7394662468772634,-0.4877685947486774,0.9841231756854657,0
-0.634918112038349,0.9009088760241706,0.8491410419312149,0.7457545255498134,-0.911310674287764,-1.177851894974348,-0.6307807319563046,-0.3041918912684436,1.417782086362966,-1.143668312693375,-0.4814607612315388,-3.2656531231392516,0.9841231756854657,0
-0.8043672005990544,0.9009088760241706,-0.502969299721533,0.7463862206234595,-0.5733475201700994,-1.177851894974348,1.4912231108825644,1.4316811360790147,0.3301634761573873,0.1177142948927768,-0.7394662468772634,0.8813316371009629,-1.0161329645585022,0
-0.9738162891597597,0.9009088760241706,0.8491410419312149,-0.6560873895089113,-0.911310674287764,0.9048055324001227,0.7786098800784667,0.853056793629862,0.19253272610050842,2.7551506562092767,-0.7394662468772634,-1.0631875327724392,-1.0161329645585022,1
-0.634918112038349,-1.1099901739376037,-0.502969299721533,0.7441594954888568,-0.911310674287764,-1.177851894974348,-0.5674373336626071,0.2744324511807092,-0.34120603631519225,-1.0289971665491795,-0.997471732522988,0.2463866020402601,0.9841231756854657,0
-0.46546902347764374,0.9009088760241706,0.8491410419312149,-0.5609383190409579,-0.23538436605243465,0.9048055324001227,0.7786098800784667,1.4316811360790147,1.1861596045599256,2.1817949254882985,-0.997471732522988,-0.6266628211682062,-1.0161329645585022,1
-0.46546902347764374,0.9009088760241706,0.8491410419312149,0.7446648515477737,-0.404365943111267,-1.177851894974348,-0.7574675285436998,1.4316811360790147,1.417782086362966,-1.143668312693375,-0.997471732522988,0.6233852166075523,0.9841231756854657,0
-0.634918112038349,0.9009088760241706,1.5251962127575889,-0.4321199011476641,-0.7423290972289317,0.9048055324001227,0.7786098800784667,0.853056793629862,-0.0860856215756121,1.6084391947673204,-0.997471732522988,0.38528082845978884,-1.0161329645585022,1
-0.46546902347764374,-1.1099901739376037,0.8491410419312149,-0.5384815591728368,-0.23538436605243465,0.9048055324001227,0.7786098800784667,-0.8828162337175963,0.954537122756886,2.0671237793441026,-0.7394662468772634,-0.2893482712922078,-1.0161329645585022,1
-0.2960199349169384,-1.1099901739376037,-1.179024470547907,0.7459124493182249,-0.23538436605243465,-1.177851894974348,-0.7257958293968509,0.853056793629862,-0.8447331706696268,-1.143668312693375,-0.7394662468772634,-0.011559818453150373,0.9841231756854657,0
-0.2960199349169384,-1.1099901739376037,-0.502969299721533,0.7409694353669437,0.4405419421828948,0.21058638994196582,0.06599664927436881,1.4316811360790147,1.5587696839822078,-0.6849837281165926,-0.4814607612315388,1.4964346398160184,0.9841231756854657,0
-0.8043672005990544,0.9009088760241706,1.5251962127575889,-0.3907912509543638,-0.911310674287764,0.9048055324001227,0.7786098800784667,0.853056793629862,-0.21700267650776528,1.379096902478929,-0.4814607612315388,-0.7060309505507939,-1.0161329645585022,1
-0.634918112038349,-1.1099901739376037,-0.502969299721533,0.7461177502171599,-0.911310674287764,-1.177851894974348,0.04224287491423221,0.2744324511807092,-0.46205254856025635,-0.6849837281165926,-0.997471732522988,0.7622794430270811,0.9841231756854657,0
-0.634918112038349,-1.1099901739376037,0.8491410419312149,0.7432277452552287,-0.911310674287764,-1.177851894974348,2.4413740852880284,-0.8828162337175963,-0.08944246913797492,0.6910700256137552,-0.7394662468772634,-1.2814498885745558,0.9841231756854657,0
-0.46546902347764374,0.9009088760241706,-0.502969299721533,-0.39050698817122304,-0.23538436605243465,0.9048055324001227,0.7786098800784667,0.853056793629862,0.7229146409538463,1.379096902478929,-0.997471732522988,0.3654387961141419,-1.0161329645585022,1
-0.8043672005990544,0.9009088760241706,-1.179024470547907,-0.3841110755505556,-0.911310674287764,0.9048055324001227,0.7786098800784667,0.853056793629862,0.001192415045823164,1.379096902478929,-0.7394662468772634,0.4249648931510827,-1.0161329645585022,1
-0.9738162891597597,0.9009088760241706,0.8491410419312149,0.7382689389271063,-0.911310674287764,-1.177851894974348,0.8577891279455886,1.4316811360790147,1.6594751108530943,-0.2262991435398101,-0.7394662468772634,0.286070666731554,0.9841231756854657,0
-0.634918112038349,0.9009088760241706,1.5251962127575889,-0.38109473157389523,-0.06640278899360229,0.9048055324001227,0.7786098800784667,1.4316811360790147,0.001192415045823164,1.379096902478929,-0.7394662468772634,0.5043330225336705,-1.0161329645585022,1
-0.634918112038349,0.9009088760241706,-1.179024470547907,-0.20393584816982868,-0.7423290972289317,0.9048055324001227,0.7786098800784667,-0.8828162337175963,-1.4724636648314886,0.9204123179021463,-0.997471732522988,0.0479662785837905,-1.0161329645585022,0
-0.634918112038349,0.9009088760241706,0.8491410419312149,-0.3083866285972218,-0.06640278899360229,0.9048055324001227,0.7786098800784667,-0.8828162337175963,0.16232109803924238,1.1497546101905376,-0.7394662468772634,-1.4401861473397315,-1.0161329645585022,1
-0.8043672005990544,0.9009088760241706,0.8491410419312149,0.7403219479164563,-0.911310674287764,-1.177851894974348,0.8577891279455886,-0.8828162337175963,1.9515208487786668,-0.2262991435398101,-0.4814607612315388,0.22654456969461315,-1.0161329645585022,0
-0.9738162891597597,0.9009088760241706,1.5251962127575889,-0.26015670972433724,-0.911310674287764,0.9048055324001227,0.7786098800784667,-0.3041918912684436,0.7229146409538463,1.035083464046342,-0.997471732522988,-0.40840046536608954,-1.0161329645585022,1
-0.8043672005990544,-1.1099901739376037,1.5251962127575889,0.7460072035792719,-0.404365943111267,-1.177851894974348,0.06599664927436881,1.4316811360790147,0.001192415045823164,-0.6849837281165926,-0.7394662468772634,0.6829113136444932,-1.0161329645585022,0
-0.2960199349169384,-1.1099901739376037,1.5251962127575889,-0.12885888866698217,-0.06640278899360229,0.9048055324001227,0.7786098800784667,1.4316811360790147,0.3234497810326616,0.6910700256137552,-0.997471732522988,1.1591200899400202,-1.0161329645585022,1
-0.9738162891597597,0.9009088760241706,-0.502969299721533,0.7410799820048317,-0.5733475201700994,-1.177851894974348,-0.5674373336626071,0.853056793629862,1.0787404825643134,-1.0289971665491795,-0.7394662468772634,0.4249648931510827,0.9841231756854657,0
-0.8043672005990544,0.9009088760241706,-0.502969299721533,0.7466073138992356,-0.911310674287764,-1.177851894974348,0.38271364074285674,1.4316811360790147,0.11868207972852446,-0.570312581972397,-0.997471732522988,1.1392780575943733,0.9841231756854657,0
-0.634918112038349,-1.1099901739376037,-1.179024470547907,0.7457545255498134,-0.911310674287764,-1.177851894974348,0.06599664927436881,-0.3041918912684436,-1.173704231781191,-0.6849837281165926,-0.7394662468772634,0.20670253734896618,-1.0161329645585022,0
-0.9738162891597597,-1.1099901739376037,1.5251962127575889,0.7439068174593984,-0.23538436605243465,-1.177851894974348,1.0161476236798326,0.853056793629862,0.5785701957722418,-0.11162799739561437,-0.4814607612315388,0.9805417988291976,0.9841231756854657,0
-0.8043672005990544,0.9009088760241706,-1.179024470547907,0.739358612929146,-0.7423290972289317,-1.177851894974348,0.38271364074285674,-1.461440576166749,-0.25392799969375696,-0.570312581972397,-0.7394662468772634,-0.6465048535138531,0.9841231756854657,0
-0.46546902347764374,0.9009088760241706,1.5251962127575889,0.7459124493182249,-0.23538436605243465,-1.177851894974348,0.38271364074285674,-1.461440576166749,0.830333762949459,-0.570312581972397,-0.7394662468772634,1.0599099282117854,-1.0161329645585022,0
-0.634918112038349,-1.1099901739376037,-0.502969299721533,0.7434488385310049,-0.5733475201700994,-1.177851894974348,1.3328646151483206,1.4316811360790147,-0.6936750303632967,0.003043148748581378,-0.7394662468772634,-0.11076998018138517,-1.0161329645585022,0
-0.8043672005990544,0.9009088760241706,1.5251962127575889,0.7434804232846872,-0.7423290972289317,-1.177851894974348,1.6495816066168083,0.2744324511807092,0.15896425047687956,0.23238544103697253,-0.997471732522988,0.9805417988291976,-1.0161329645585022,0
-0.9738162891597597,0.9009088760241706,-0.502969299721533,0.7480917973223041,-0.911310674287764,-1.177851894974348,-0.3298995900612411,-0.8828162337175963,0.001192415045823164,-0.9143260204049839,-0.997471732522988,-0.686188918205147,0.9841231756854657,0
-0.2960199349169384,-1.1099901739376037,0.17308587110484092,0.7401008546406802,0.2715603651240624,-1.177851894974348,0.8577891279455886,0.2744324511807092,-0.6936750303632967,-0.2262991435398101,-0.4814607612315388,-0.26950623894656084,0.9841231756854657,0
-0.2960199349169384,-1.1099901739376037,-0.502969299721533,0.5172072479046315,-0.5733475201700994,-1.177851894974348,2.4413740852880284,-1.461440576166749,1.676259348664909,0.9204123179021463,-0.997471732522988,1.0797519605574324,-1.0161329645585022,1
-0.2960199349169384,0.9009088760241706,-0.502969299721533,0.6490578021514269,-0.23538436605243465,0.9048055324001227,0.7786098800784667,0.853056793629862,-0.6936750303632967,-0.2262991435398101,-0.7394662468772634,0.0479662785837905,0.9841231756854657,0
-0.9738162891597597,0.9009088760241706,-0.502969299721533,0.7488814161643619,-0.911310674287764,-1.177851894974348,0.5094004373302519,0.2744324511807092,0.27645391515958084,-0.45564143582820127,-0.997471732522988,-1.6981325678331418,0.9841231756854657,0
-0.46546902347764374,0.9009088760241706,-0.502969299721533,0.7434172537773226,-0.5733475201700994,-1.177851894974348,-0.7257958293968509,-0.8828162337175963,0.15896425047687956,-1.143668312693375,-0.997471732522988,-0.4877685947486774,0.9841231756854657,0
-0.46546902347764374,0.9009088760241706,-1.179024470547907,1.8237737534806735,-0.404365943111267,0.9048055324001227,0.7786098800784667,-0.8828162337175963,-1.0427871768490378,-0.7996548742607882,-0.4814607612315388,-1.2219237915376149,0.9841231756854657,0
-0.2960199349169384,-1.1099901739376037,0.8491410419312149,0.7462756739855715,-0.404365943111267,-1.177851894974348,1.6495816066168083,1.4316811360790147,0.001192415045823164,0.23238544103697253,-0.4814607612315388,-1.4798702120310254,0.9841231756854657,0
-0.2960199349169384,0.9009088760241706,-0.502969299721533,-0.6799970480464186,-0.23538436605243465,0.21058638994196582,0.38271364074285674,0.853056793629862,0.11868207972852446,2.1817949254882985,-0.7394662468772634,-1.3608180179571436,0.9841231756854657,0
-0.46546902347764374,-1.1099901739376037,0.8491410419312149,0.7443332116341095,-0.404365943111267,-1.177851894974348,0.38271364074285674,1.4316811360790147,0.6154955189582334,-0.570312581972397,-0.997471732522988,-0.15045404487267908,-1.0161329645585022,0
-0.46546902347764374,-1.1099901739376037,0.8491410419312149,0.7463072587392537,-0.911310674287764,-1.177851894974348,0.8577891279455886,0.853056793629862,0.5114332445249834,-0.2262991435398101,-0.7394662468772634,-1.12271362980938,0.9841231756854657,0
-0.46546902347764374,0.9009088760241706,-1.179024470547907,-0.6774386829981516,-0.404365943111267,0.21058638994196582,0.30353439287573475,-0.3041918912684436,0.11868207972852446,1.952452633199907,-0.4814607612315388,1.1988041546313142,-1.0161329645585022,0
-0.8043672005990544,0.9009088760241706,-0.502969299721533,-0.6806761202505882,-0.5733475201700994,0.21058638994196582,-1.042512820865339,0.853056793629862,0.3939435798422821,-0.6849837281165926,-0.997471732522988,-0.15045404487267908,-1.0161329645585022,0
-0.2960199349169384,-1.1099901739376037,0.8491410419312149,0.7445543049098856,-0.06640278899360229,-1.177851894974348,2.4413740852880284,1.4316811360790147,0.19253272610050842,0.6910700256137552,-0.7394662468772634,-0.6465048535138531,0.9841231756854657,0
-0.46546902347764374,0.9009088760241706,-0.502969299721533,-0.6781335475791624,-0.7423290972289317,0.21058638994196582,0.06599664927436881,-1.461440576166749,1.2096575374964662,1.4937680486231246,-0.997471732522988,-0.686188918205147,0.9841231756854657,0
-0.2960199349169384,0.9009088760241706,1.5251962127575889,0.7372266420555902,-0.404365943111267,-1.177851894974348,-0.013182598592753173,-1.461440576166749,-0.5661148229935064,-0.6849837281165926,-0.7394662468772634,-0.9441353386985575,0.9841231756854657,0
-0.2960199349169384,-1.1099901739376037,-0.502969299721533,0.7408273039753733,0.10257878806523006,-1.177851894974348,-0.7257958293968509,0.2744324511807092,-1.1166378232210217,-1.143668312693375,-0.997471732522988,1.337698381050843,-1.0161329645585022,0
-0.634918112038349,-1.1099901739376037,0.8491410419312149,-0.10899207860081032,-0.06640278899360229,0.9048055324001227,0.7825688424718227,1.4316811360790147,-0.005521280078902488,0.6910700256137552,-0.4814607612315388,-1.5195542767223194,0.9841231756854657,0
-0.9738162891597597,0.9009088760241706,-1.179024470547907,-0.6815447009768517,-0.911310674287764,0.21058638994196582,-1.121692068732461,-0.8828162337175963,0.5114332445249834,-0.7996548742607882,-0.997471732522988,1.0400678958661385,0.9841231756854657,0
-0.634918112038349,-1.1099901739376037,-0.502969299721533,-0.33719192395548686,-0.911310674287764,0.9048055324001227,0.7865278048651788,-1.461440576166749,-0.4654093961226198,1.2644257563347332,-0.7394662468772634,1.35754041339649,-1.0161329645585022,0
-0.46546902347764374,0.9009088760241706,1.5251962127575889,0.747049500450788,-0.404365943111267,-1.177851894974348,-0.4882580857954851,0.853056793629862,0.9612508178816116,-1.0289971665491795,-0.4814607612315388,-0.4877685947486774,0.9841231756854657,0
-0.634918112038349,0.9009088760241706,1.5251962127575889,0.7437173089373045,-0.7423290972289317,-1.177851894974348,-0.8841543251310949,1.4316811360790147,0.1119683846037988,-1.2583394588375707,-0.4814607612315388,0.5440170872249644,0.9841231756854657,0
-0.2960199349169384,-1.1099901739376037,-1.179024470547907,-0.5778993317683574,-0.404365943111267,0.9048055324001227,0.790486767258535,0.2744324511807092,-0.11965409719924096,2.2964660716324943,-0.7394662468772634,0.7424374106814341,-1.0161329645585022,1
-0.8043672005990544,0.9009088760241706,-1.179024470547907,-0.5121872517323153,-0.5733475201700994,0.9048055324001227,0.790486767258535,0.2744324511807092,0.001192415045823164,1.952452633199907,-0.4814607612315388,-1.7378166325244357,-1.0161329645585022,1
-0.8043672005990544,-1.1099901739376037,-0.502969299721533,-0.6753540892551193,-0.911310674287764,0.9048055324001227,0.794445729651891,0.853056793629862,-1.6705176710108995,2.869821802353472,-0.4814607612315388,0.305912699077201,-1.0161329645585022,1
-0.634918112038349,0.9009088760241706,0.8491410419312149,0.7362790994451209,-0.5733475201700994,-1.177851894974348,2.91644957249076,-0.3041918912684436,1.5486991412951188,0.9204123179021463,-0.4814607612315388,-0.3488743683291487,-1.0161329645585022,0
-0.2960199349169384,0.9009088760241706,0.8491410419312149,-0.1096553584281388,0.10257878806523006,0.9048055324001227,0.8023636544386032,1.4316811360790147,0.5382880250238866,0.6910700256137552,-0.7394662468772634,-0.9441353386985575,0.9841231756854657,0
-0.46546902347764374,-1.1099901739376037,1.5251962127575889,-0.6573507796562036,-0.404365943111267,0.9048055324001227,0.8102815792253154,-1.461440576166749,0.4308689030282738,2.7551506562092767,-0.4814607612315388,-2.3330776028938445,-1.0161329645585022,1
-0.634918112038349,0.9009088760241706,-0.502969299721533,0.30952170006661406,-0.7423290972289317,0.9048055324001227,0.8102815792253154,-1.461440576166749,-0.8447331706696268,0.1177142948927768,-0.4814607612315388,-0.44808453005738347,-1.0161329645585022,0
-0.9738162891597597,-1.1099901739376037,-0.502969299721533,-0.7938285003174572,-0.911310674287764,0.9048055324001227,0.8577891279455886,0.853056793629862,0.5785701957722418,4.24587555608382,-0.4814607612315388,1.1194360252487263,-1.0161329645585022,1
-0.634918112038349,-1.1099901739376037,1.5251962127575889,0.7541560700293073,-0.7423290972289317,-1.177851894974348,-0.963333572998217,0.2744324511807092,-1.1233515183457474,-1.2583394588375707,-0.4814607612315388,-0.4877685947486774,-1.0161329645585022,0
-0.9738162891597597,0.9009088760241706,-0.502969299721533,0.7574250920354262,-0.23538436605243465,-1.177851894974348,-0.2507203421941191,0.853056793629862,0.16232109803924238,-0.9143260204049839,-0.997471732522988,0.9011736694466097,0.9841231756854657,0
-0.8043672005990544,0.9009088760241706,-0.502969299721533,0.7576146005575201,-0.911310674287764,-1.177851894974348,2.4413740852880284,0.853056793629862,-1.3482603050240614,0.6910700256137552,-0.4814607612315388,-0.07108591549009124,0.9841231756854657,0
-0.9738162891597597,-1.1099901739376037,-0.502969299721533,-0.7132242089202068,-0.911310674287764,0.9048055324001227,0.8577891279455886,-0.8828162337175963,-0.005521280078902488,3.328506386930255,-0.997471732522988,-1.7775006972157297,-1.0161329645585022,1
-0.8043672005990544,-1.1099901739376037,0.8491410419312149,0.7561301171344516,-0.911310674287764,-1.177851894974348,0.8577891279455886,-1.461440576166749,-1.173704231781191,-0.2262991435398101,-0.7394662468772634,-1.678290535487495,0.9841231756854657,0
-0.634918112038349,-1.1099901739376037,0.8491410419312149,0.7540929005219427,-0.404365943111267,-1.177851894974348,0.8577891279455886,0.853056793629862,-1.1804179269059165,-0.2262991435398101,-0.7394662468772634,1.3773824457421369,-1.0161329645585022,0
-0.46546902347764374,-1.1099901739376037,-0.502969299721533,0.7596676095468701,-0.5733475201700994,-1.177851894974348,2.4413740852880284,0.2744324511807092,0.11868207972852446,0.6910700256137552,-0.7394662468772634,1.0599099282117854,0.9841231756854657,0
-0.634918112038349,-1.1099901739376037,-0.502969299721533,0.7602835122436751,-0.5733475201700994,-1.177851894974348,-1.042512820865339,0.2744324511807092,-1.173704231781191,-1.3730106049817663,-0.7394662468772634,-0.7853990799333818,0.9841231756854657,0
-0.8043672005990544,0.9009088760241706,1.5251962127575889,0.7619417118119963,-0.404365943111267,-1.177851894974348,-0.16362316954028494,1.4316811360790147,-0.37813135950118393,-0.7996548742607882,-0.997471732522988,-1.5592383414136133,0.9841231756854657,0
-0.9738162891597597,0.9009088760241706,-1.179024470547907,0.7609941692015271,-0.404365943111267,-1.177851894974348,4.024959042630468,1.4316811360790147,0.001192415045823164,1.4937680486231246,-0.997471732522988,-0.051243883144444294,0.9841231756854657,0
-0.2960199349169384,-1.1099901739376037,1.5251962127575889,-0.6952524840749734,-0.23538436605243465,0.9048055324001227,0.8577891279455886,0.2744324511807092,-0.33784918875282943,3.213835240786059,-0.997471732522988,0.9408577341379036,-1.0161329645585022,1
-0.2960199349169384,0.9009088760241706,1.5251962127575889,0.766316200196996,-0.911310674287764,-1.177851894974348,-0.7257958293968509,0.2744324511807092,0.6624913848313142,-1.143668312693375,-0.4814607612315388,1.8139071573463699,0.9841231756854657,0
-0.46546902347764374,-1.1099901739376037,-0.502969299721533,0.7624470678709132,0.2715603651240624,-1.177851894974348,0.38271364074285674,-1.461440576166749,-1.4993184453303918,-0.570312581972397,-0.997471732522988,0.3455967637684949,-1.0161329645585022,0
-0.46546902347764374,0.9009088760241706,-0.502969299721533,0.5307886919880239,0.10257878806523006,-1.177851894974348,2.4413740852880284,1.4316811360790147,0.001192415045823164,0.9204123179021463,-0.997471732522988,0.8614896047553159,-1.0161329645585022,1
-0.8043672005990544,0.9009088760241706,0.8491410419312149,0.7613731862457147,-0.911310674287764,-1.177851894974348,0.06599664927436881,-0.8828162337175963,-1.2979075915886182,-0.6849837281165926,-0.997471732522988,-0.4877685947486774,0.9841231756854657,0
-0.46546902347764374,-1.1099901739376037,-1.179024470547907,0.26678752833445113,-0.5733475201700994,-1.177851894974348,0.8577891279455886,0.2744324511807092,0.03811773823181484,0.1177142948927768,-0.4814607612315388,0.12733440796637835,-1.0161329645585022,1
-0.2960199349169384,0.9009088760241706,1.5251962127575889,-0.6951893145676088,-0.5733475201700994,0.9048055324001227,0.8577891279455886,-0.8828162337175963,-0.4654093961226198,3.213835240786059,-0.4814607612315388,-0.38855843302044263,-1.0161329645585022,1
-0.9738162891597597,-1.1099901739376037,-0.502969299721533,-0.6765227251413647,-0.911310674287764,0.9048055324001227,0.8577891279455886,-1.461440576166749,1.4312094766124175,2.984492948497668,-0.997471732522988,0.06780831092943747,-1.0161329645585022,1
-0.2960199349169384,0.9009088760241706,-0.502969299721533,-0.6776281915202454,-0.7423290972289317,0.21058638994196582,-0.3298995900612411,-0.8828162337175963,0.04483143335654109,0.6910700256137552,-0.7394662468772634,0.12733440796637835,0.9841231756854657,0
-0.634918112038349,-1.1099901739376037,0.8491410419312149,0.7614679405067617,-0.5733475201700994,-1.177851894974348,-0.7930981900839047,-1.461440576166749,-1.173704231781191,-1.143668312693375,-0.997471732522988,-2.3926036999307856,0.9841231756854657,0
-0.2960199349169384,0.9009088760241706,-1.179024470547907,-0.6784493951159855,-0.911310674287764,0.9048055324001227,0.8577891279455886,-1.461440576166749,0.6154955189582334,3.0991640946418633,-0.7394662468772634,0.821805540064022,-1.0161329645585022,1
-0.2960199349169384,0.9009088760241706,0.8491410419312149,0.762526029755119,-0.7423290972289317,-1.177851894974348,0.06599664927436881,-0.8828162337175963,1.451350561986595,-0.6849837281165926,-0.7394662468772634,-0.8250831446246757,0.9841231756854657,0
-0.9738162891597597,-1.1099901739376037,0.8491410419312149,0.7618153727972671,-0.911310674287764,-1.177851894974348,2.4413740852880284,-0.8828162337175963,2.3778404891987543,0.6910700256137552,-0.7394662468772634,0.06780831092943747,0.9841231756854657,0
-1.143265377720465,-1.1099901739376037,0.8491410419312149,-0.6549503383763482,-0.911310674287764,0.9048055324001227,0.8577891279455886,0.2744324511807092,-1.4724636648314886,2.869821802353472,-0.7394662468772634,0.10749237562073138,-1.0161329645585022,1
-0.46546902347764374,-1.1099901739376037,-1.179024470547907,0.7686534719694867,-0.7423290972289317,-1.177851894974348,1.6495816066168083,-0.8828162337175963,0.3939435798422821,0.23238544103697253,-0.4814607612315388,-0.6663468858595001,0.9841231756854657,0
-0.634918112038349,0.9009088760241706,0.8491410419312149,0.7737859944428619,-0.5733475201700994,-1.177851894974348,0.30749335526909083,-0.8828162337175963,-1.8752853723150364,-0.570312581972397,-0.4814607612315388,-0.07108591549009124,0.9841231756854657,0
-0.634918112038349,-1.1099901739376037,0.8491410419312149,0.776060096707988,-0.911310674287764,-1.177851894974348,1.0161476236798326,0.853056793629862,0.6893461653302174,-0.2262991435398101,-0.4814607612315388,0.028124246238143545,0.9841231756854657,0
-1.143265377720465,0.9009088760241706,-0.502969299721533,-0.6464066625052838,-0.911310674287764,0.9048055324001227,0.8577891279455886,0.2744324511807092,0.5382880250238866,2.7551506562092767,-0.4814607612315388,0.14717644031202531,-1.0161329645585022,1
-0.634918112038349,0.9009088760241706,-1.179024470547907,0.7723173033966345,-0.5733475201700994,-1.177851894974348,0.6994306322113446,-1.461440576166749,-1.0495008719737637,-0.34097028968400567,-0.4814607612315388,-0.15045404487267908,0.9841231756854657,0
-0.2960199349169384,-1.1099901739376037,1.5251962127575889,-0.6763490089961119,-0.06640278899360229,0.21058638994196582,-0.7257958293968509,1.4316811360790147,0.19253272610050842,-0.11162799739561437,-0.4814607612315388,0.6432272489531993,0.9841231756854657,0
-0.2960199349169384,-1.1099901739376037,-0.502969299721533,-0.6808182516421586,-0.404365943111267,0.21058638994196582,-0.7257958293968509,1.4316811360790147,0.001192415045823164,0.003043148748581378,-0.4814607612315388,0.8614896047553159,-1.0161329645585022,0
-0.46546902347764374,-1.1099901739376037,-1.179024470547907,0.777702503899468,-0.5733475201700994,0.21058638994196582,-0.5674373336626071,-0.8828162337175963,1.4312094766124175,-1.0289971665491795,-0.4814607612315388,-0.7853990799333818,0.9841231756854657,0
-0.8043672005990544,0.9009088760241706,1.5251962127575889,0.7759337576932588,-0.911310674287764,-1.177851894974348,3.2331665639592484,0.2744324511807092,-0.34120603631519225,1.035083464046342,-0.7394662468772634,0.4448069254967297,-1.0161329645585022,0
-0.8043672005990544,-1.1099901739376037,-1.179024470547907,0.7813663353266158,-0.7423290972289317,-1.177851894974348,2.3226052134873454,-0.8828162337175963,0.3939435798422821,0.5763988794695595,-0.7394662468772634,-0.8052411122790287,0.9841231756854657,0
-0.9738162891597597,0.9009088760241706,-0.502969299721533,0.7807346402529697,-0.911310674287764,-1.177851894974348,3.2331665639592484,-0.8828162337175963,1.3103629643673533,1.035083464046342,-0.7394662468772634,0.3455967637684949,0.9841231756854657,0
-0.46546902347764374,0.9009088760241706,0.8491410419312149,-0.6747539789351554,-0.06640278899360229,0.21058638994196582,-1.042512820865339,0.853056793629862,-0.46205254856025635,-0.6849837281165926,-0.997471732522988,-1.3409759856114967,0.9841231756854657,0
-0.46546902347764374,0.9009088760241706,0.8491410419312149,0.7802292841940527,-0.23538436605243465,-1.177851894974348,2.2830155895537843,-1.461440576166749,-1.6839450612603513,0.5763988794695595,-0.997471732522988,0.9011736694466097,0.9841231756854657,0
-0.9738162891597597,0.9009088760241706,0.8491410419312149,0.2834011087713452,-0.911310674287764,-1.177851894974348,2.2830155895537843,0.2744324511807092,1.6729025011025462,1.2644257563347332,-0.4814607612315388,-0.7060309505507939,-1.0161329645585022,1
-0.9738162891597597,0.9009088760241706,-1.179024470547907,-0.6407371992193095,-0.404365943111267,0.9048055324001227,0.8577891279455886,-0.8828162337175963,-0.37813135950118393,2.7551506562092767,-0.4814607612315388,0.7424374106814341,-1.0161329645585022,1
-1.143265377720465,0.9009088760241706,1.5251962127575889,-0.6378945713879017,-0.911310674287764,0.9048055324001227,0.8577891279455886,1.4316811360790147,0.02804719554472637,2.7551506562092767,-0.7394662468772634,0.40512286080543575,-1.0161329645585022,1
-0.46546902347764374,0.9009088760241706,1.5251962127575889,0.7871779300041605,-0.7423290972289317,-1.177851894974348,-1.042512820865339,-0.3041918912684436,0.001192415045823164,-1.3730106049817663,-0.997471732522988,0.8416475724096689,-1.0161329645585022,0
-0.9738162891597597,0.9009088760241706,0.8491410419312149,-0.636173202312216,-0.7423290972289317,0.9048055324001227,0.8577891279455886,0.853056793629862,0.7430557263280237,2.7551506562092767,-0.7394662468772634,0.9805417988291976,-1.0161329645585022,1
-0.9738162891597597,-1.1099901739376037,-0.502969299721533,0.7794238729751539,-0.911310674287764,-1.177851894974348,0.06599664927436881,1.4316811360790147,-1.2979075915886182,-0.6849837281165926,-0.997471732522988,0.5638591195706114,-1.0161329645585022,0
-0.46546902347764374,-1.1099901739376037,-1.179024470547907,0.7865620273073555,-0.911310674287764,-1.177851894974348,-1.359229812333827,0.2744324511807092,-1.2106295549671826,-1.487681751125962,-0.4814607612315388,-2.3132355705481977,0.9841231756854657,0
-0.8043672005990544,0.9009088760241706,-0.502969299721533,0.5567671518917224,-0.23538436605243465,-1.177851894974348,1.6179099074699597,-0.3041918912684436,0.7430557263280237,0.3470565871811683,-0.7394662468772634,0.8416475724096689,-1.0161329645585022,1
-0.46546902347764374,-1.1099901739376037,0.8491410419312149,0.7790764406846484,-0.7423290972289317,-1.177851894974348,-0.4090788379283631,0.2744324511807092,0.6255660616453219,-1.0289971665491795,-0.997471732522988,-0.6465048535138531,0.9841231756854657,0
-0.9738162891597597,-1.1099901739376037,0.8491410419312149,0.7808451868908577,-0.911310674287764,-1.177851894974348,1.2378495177077742,0.2744324511807092,0.8269769153870962,-0.11162799739561437,-0.4814607612315388,-2.114815247091728,0.9841231756854657,0
-0.634918112038349,-1.1099901739376037,-1.179024470547907,-0.6785125646233501,-0.911310674287764,0.21058638994196582,0.8577891279455886,0.2744324511807092,1.5688402266692962,3.0991640946418633,-0.7394662468772634,0.18686050500331922,-1.0161329645585022,1
-0.8043672005990544,-1.1099901739376037,-1.179024470547907,0.5533559984940332,-0.7423290972289317,-1.177851894974348,0.8577891279455886,-0.3041918912684436,2.022014647588288,-0.11162799739561437,-0.997471732522988,0.7622794430270811,-1.0161329645585022,1
-0.8043672005990544,-1.1099901739376037,-1.179024470547907,-0.6220074402857008,-0.911310674287764,0.9048055324001227,-1.2008713165995828,0.2744324511807092,1.2465828606824585,-1.0289971665491795,-0.7394662468772634,-0.22982217425526694,0.9841231756854657,0
-0.9738162891597597,-1.1099901739376037,-1.179024470547907,0.7788395550320312,-0.911310674287764,-1.177851894974348,0.06599664927436881,-0.8828162337175963,-1.2475548781531747,-0.6849837281165926,-0.7394662468772634,-1.2616078562289088,0.9841231756854657,0
-0.634918112038349,-1.1099901739376037,1.5251962127575889,0.7817137676171212,-0.7423290972289317,-1.177851894974348,-0.5674373336626071,0.853056793629862,-1.2106295549671826,-1.0289971665491795,-0.997471732522988,0.9606997664835506,-1.0161329645585022,0
-0.8043672005990544,0.9009088760241706,-1.179024470547907,0.7892151466166694,-0.911310674287764,-1.177851894974348,2.4413740852880284,-0.8828162337175963,1.8273174889712391,0.5763988794695595,-0.4814607612315388,0.6829113136444932,0.9841231756854657,0
-0.2960199349169384,0.9009088760241706,0.8491410419312149,-0.6094998778275067,-0.404365943111267,0.9048055324001227,-1.2008713165995828,0.853056793629862,0.001192415045823164,-1.0289971665491795,-0.997471732522988,0.6432272489531993,0.9841231756854657,0
-0.634918112038349,0.9009088760241706,-1.179024470547907,-0.6760331614592889,-0.5733475201700994,0.21058638994196582,-0.3298995900612411,-0.3041918912684436,-0.015591822765990965,0.6910700256137552,-0.4814607612315388,0.7622794430270811,0.9841231756854657,0
-0.2960199349169384,-1.1099901739376037,-1.179024470547907,0.7902574434881856,-0.23538436605243465,-1.177851894974348,1.6495816066168083,-1.461440576166749,0.5651428055227898,0.1177142948927768,-0.4814607612315388,-1.7576586648700827,0.9841231756854657,0
-0.9738162891597597,-1.1099901739376037,-0.502969299721533,-0.6019195369437528,-0.911310674287764,0.9048055324001227,-1.2008713165995828,-0.8828162337175963,-1.0092187012254088,-1.0289971665491795,-0.997471732522988,0.6035431842619053,0.9841231756854657,0
-0.2960199349169384,0.9009088760241706,1.5251962127575889,0.7984536870687445,-0.404365943111267,-1.177851894974348,1.0953268715469546,0.2744324511807092,-0.6936750303632967,-0.11162799739561437,-0.7394662468772634,-0.8449251769703227,0.9841231756854657,0
-0.9738162891597597,-1.1099901739376037,0.8491410419312149,0.8041073579778777,-0.7423290972289317,0.21058638994196582,-0.2507203421941191,1.4316811360790147,1.4312094766124175,-0.9143260204049839,-0.997471732522988,0.9210157017922567,-1.0161329645585022,0
-0.46546902347764374,0.9009088760241706,0.8491410419312149,0.7979641233866688,-0.911310674287764,-1.177851894974348,-0.7574675285436998,0.853056793629862,0.4745079213389917,-1.143668312693375,-0.4814607612315388,-1.0631875327724392,-1.0161329645585022,0
-1.143265377720465,0.9009088760241706,-0.502969299721533,-0.5944655350747281,-0.911310674287764,0.9048055324001227,-1.2008713165995828,0.2744324511807092,0.23617174441122635,-1.0289971665491795,-0.7394662468772634,-2.4124457322764323,0.9841231756854657,0
-0.634918112038349,0.9009088760241706,0.8491410419312149,-0.5867746475530861,-0.5733475201700994,0.9048055324001227,-1.2008713165995828,1.4316811360790147,0.001192415045823164,-1.0289971665491795,-0.997471732522988,-0.7060309505507939,0.9841231756854657,0
-0.8043672005990544,-1.1099901739376037,0.8491410419312149,-0.5873589654962087,-0.911310674287764,0.9048055324001227,-1.2008713165995828,-0.8828162337175963,-1.371758237960602,-1.0289971665491795,-0.997471732522988,0.4249648931510827,-1.0161329645585022,0
-0.46546902347764374,0.9009088760241706,-0.502969299721533,0.8036493790494842,-0.404365943111267,-1.177851894974348,0.8577891279455886,1.4316811360790147,-1.4724636648314886,-0.34097028968400567,-0.997471732522988,0.6035431842619053,-1.0161329645585022,0
-0.46546902347764374,0.9009088760241706,-1.179024470547907,-0.5863008762478514,-0.7423290972289317,0.9048055324001227,-1.2008713165995828,1.4316811360790147,-0.3680608168140954,-1.0289971665491795,-0.4814607612315388,0.2463866020402601,0.9841231756854657,0
-0.634918112038349,0.9009088760241706,0.8491410419312149,-0.5900120848055226,-0.7423290972289317,0.9048055324001227,-1.2008713165995828,-0.8828162337175963,-0.1397951825734185,-1.0289971665491795,-0.7394662468772634,0.5241750548793175,0.9841231756854657,0
-0.634918112038349,-1.1099901739376037,-0.502969299721533,0.8006172426959827,-0.404365943111267,-1.177851894974348,-0.8524826259842462,-1.461440576166749,0.001192415045823164,-1.2583394588375707,-0.7394662468772634,1.337698381050843,-1.0161329645585022,0
-0.46546902347764374,0.9009088760241706,0.8491410419312149,0.8040757732241954,0.10257878806523006,-1.177851894974348,1.8079401023510524,-0.3041918912684436,0.23617174441122635,0.23238544103697253,-0.4814607612315388,-1.6981325678331418,0.9841231756854657,0
-0.2960199349169384,0.9009088760241706,0.8491410419312149,-0.5824159515449275,-0.06640278899360229,0.9048055324001227,-1.2008713165995828,0.2744324511807092,1.0015329886299666,-1.0289971665491795,-0.997471732522988,-1.102871597463733,0.9841231756854657,0
-0.634918112038349,0.9009088760241706,-0.502969299721533,0.8000645095065423,-0.404365943111267,-1.177851894974348,0.06599664927436881,0.853056793629862,-1.6839450612603513,-0.6849837281165926,-0.997471732522988,-1.0433455004267922,0.9841231756854657,0
-0.8043672005990544,-1.1099901739376037,-0.502969299721533,0.7990380050118673,-0.911310674287764,0.21058638994196582,4.024959042630468,1.4316811360790147,-0.8447331706696268,1.4937680486231246,-0.4814607612315388,-0.20998014190961997,0.9841231756854657,0
-0.2960199349169384,0.9009088760241706,-0.502969299721533,0.8002382256517949,-0.7423290972289317,-1.177851894974348,-0.5674373336626071,-0.8828162337175963,-1.1804179269059165,-1.0289971665491795,-0.4814607612315388,0.4249648931510827,-1.0161329645585022,0
-0.9738162891597597,0.9009088760241706,-1.179024470547907,-0.5861903296099633,-0.911310674287764,0.9048055324001227,-1.2008713165995828,1.4316811360790147,0.665848232393677,-1.0289971665491795,-0.997471732522988,0.18686050500331922,0.9841231756854657,0
-0.46546902347764374,0.9009088760241706,0.8491410419312149,-0.6816868323684221,-0.911310674287764,0.21058638994196582,-0.7257958293968509,1.4316811360790147,0.001192415045823164,0.003043148748581378,-0.7394662468772634,-0.15045404487267908,0.9841231756854657,0
-0.2960199349169384,-1.1099901739376037,-1.179024470547907,0.8026228745548092,-0.911310674287764,-1.177851894974348,1.3803721638685937,-0.3041918912684436,0.001192415045823164,0.003043148748581378,-0.7394662468772634,-0.6663468858595001,-1.0161329645585022,0
-0.2960199349169384,-1.1099901739376037,1.5251962127575889,0.8011383911317408,-0.23538436605243465,-1.177851894974348,-0.2507203421941191,-0.3041918912684436,-1.8752853723150364,-0.9143260204049839,-0.4814607612315388,1.0003838311748445,0.9841231756854657,0
-0.9738162891597597,0.9009088760241706,-1.179024470547907,-0.5734300891223109,-0.911310674287764,0.9048055324001227,-1.2008713165995828,-1.461440576166749,-0.8816584938556186,-1.0289971665491795,-0.997471732522988,0.10749237562073138,0.9841231756854657,0
-0.46546902347764374,-1.1099901739376037,0.8491410419312149,-0.5772992214483935,-0.404365943111267,0.9048055324001227,-1.2008713165995828,0.2744324511807092,-0.8447331706696268,-1.0289971665491795,-0.997471732522988,-0.8449251769703227,0.9841231756854657,0
-0.2960199349169384,0.9009088760241706,1.5251962127575889,0.7992590982876434,-0.23538436605243465,-1.177851894974348,-0.3774071387815143,-0.3041918912684436,-0.4654093961226198,-0.9143260204049839,-0.997471732522988,0.7622794430270811,-1.0161329645585022,0
-0.2960199349169384,0.9009088760241706,0.8491410419312149,0.5751336861579847,-0.404365943111267,-1.177851894974348,0.06599664927436881,1.4316811360790147,3.018998373610068,-0.570312581972397,-0.7394662468772634,-1.102871597463733,-1.0161329645585022,1
-0.2960199349169384,-1.1099901739376037,0.8491410419312149,0.8069657781861266,-0.7423290972289317,-1.177851894974348,-0.09236184645987515,0.853056793629862,-1.7510820125076092,-0.7996548742607882,-0.997471732522988,-0.8846092416616166,-1.0161329645585022,0
-0.634918112038349,0.9009088760241706,-0.502969299721533,0.8036335866726431,-0.06640278899360229,-1.177851894974348,-0.08444392167316296,-0.8828162337175963,-1.8752853723150364,-0.7996548742607882,-0.997471732522988,0.9011736694466097,0.9841231756854657,0
-0.46546902347764374,-1.1099901739376037,0.8491410419312149,0.8023386117716684,-0.404365943111267,-1.177851894974348,2.3226052134873454,-0.3041918912684436,-0.0860856215756121,0.5763988794695595,-0.997471732522988,0.4249648931510827,-1.0161329645585022,0
-0.2960199349169384,0.9009088760241706,1.5251962127575889,0.8067604772871916,-0.23538436605243465,-1.177851894974348,-0.09236184645987515,1.4316811360790147,-0.21028898138303903,-0.7996548742607882,-0.4814607612315388,0.26622863438590705,0.9841231756854657,0
-0.46546902347764374,-1.1099901739376037,0.8491410419312149,0.800143471390748,-0.911310674287764,-1.177851894974348,0.06599664927436881,1.4316811360790147,-1.0495008719737637,-0.6849837281165926,-0.7394662468772634,0.8416475724096689,0.9841231756854657,0
-0.634918112038349,-1.1099901739376037,-1.179024470547907,0.8019438023506396,-0.404365943111267,-1.177851894974348,0.05807872448765661,-0.8828162337175963,1.327147202179168,-0.6849837281165926,-0.4814607612315388,-0.9441353386985575,0.9841231756854657,0
-0.8043672005990544,-1.1099901739376037,1.5251962127575889,0.8053865405020112,-0.5733475201700994,-1.177851894974348,-0.804975077263973,-1.461440576166749,-1.2979075915886182,-1.2583394588375707,-0.7394662468772634,-1.3211339532658497,0.9841231756854657,0
-0.2960199349169384,-1.1099901739376037,-0.502969299721533,-0.5635598535965896,0.10257878806523006,0.9048055324001227,-1.2008713165995828,0.2744324511807092,1.8407448792206904,-1.0289971665491795,-0.7394662468772634,1.278172284013902,0.9841231756854657,0
-0.634918112038349,0.9009088760241706,0.8491410419312149,-0.5418769201936849,-0.911310674287764,0.9048055324001227,-1.2008713165995828,0.2744324511807092,-1.8752853723150364,-1.143668312693375,-0.4814607612315388,-0.13061201252703214,0.9841231756854657,0
-0.2960199349169384,0.9009088760241706,0.8491410419312149,0.8000329247528599,-0.23538436605243465,-1.177851894974348,0.5410721364771007,0.853056793629862,-0.6936750303632967,-0.45564143582820127,-0.997471732522988,0.7622794430270811,-1.0161329645585022,0
-0.8043672005990544,-1.1099901739376037,-0.502969299721533,-0.5432982341093888,-0.911310674287764,0.9048055324001227,-1.2008713165995828,0.853056793629862,0.04483143335654109,-1.143668312693375,-0.4814607612315388,0.0479662785837905,0.9841231756854657,0
-0.2960199349169384,0.9009088760241706,0.17308587110484092,0.7994959839402607,-0.23538436605243465,-1.177851894974348,1.4120438630154424,0.2744324511807092,0.3939435798422821,0.003043148748581378,-0.997471732522988,-3.2656531231392516,0.9841231756854657,0
-0.2960199349169384,-1.1099901739376037,-0.502969299721533,0.8028597602074266,-0.7423290972289317,-1.177851894974348,0.06599664927436881,-0.3041918912684436,0.860545391010725,-0.6849837281165926,-0.4814607612315388,0.028124246238143545,-1.0161329645585022,0
-0.46546902347764374,-1.1099901739376037,0.8491410419312149,-0.5374234699244795,-0.911310674287764,0.9048055324001227,-1.2008713165995828,-1.461440576166749,-1.5496711587658354,-1.143668312693375,-0.4814607612315388,0.26622863438590705,0.9841231756854657,0
-0.9738162891597597,0.9009088760241706,1.5251962127575889,-0.5250106617273324,-0.911310674287764,0.9048055324001227,-1.2008713165995828,-0.8828162337175963,0.11868207972852446,-1.143668312693375,-0.7394662468772634,1.6353288662355472,0.9841231756854657,0
-0.8043672005990544,0.9009088760241706,-0.502969299721533,0.7983273480540153,-0.911310674287764,-1.177851894974348,0.6994306322113446,-0.8828162337175963,0.2965950005337584,-0.34097028968400567,-0.997471732522988,0.38528082845978884,-1.0161329645585022,0
-0.634918112038349,0.9009088760241706,0.8491410419312149,0.8067446849103505,-0.404365943111267,-1.177851894974348,1.3328646151483206,-0.3041918912684436,0.5114332445249834,0.003043148748581378,-0.7394662468772634,-0.4282424977117365,0.9841231756854657,0
-0.634918112038349,-1.1099901739376037,1.5251962127575889,0.806586761141939,-0.23538436605243465,-0.4836327525161911,0.06599664927436881,-0.8828162337175963,-0.43855461562371656,-0.6849837281165926,-0.4814607612315388,0.286070666731554,0.9841231756854657,0
-0.46546902347764374,0.9009088760241706,-0.502969299721533,0.7977272377340514,-0.5733475201700994,-1.177851894974348,0.8577891279455886,0.2744324511807092,-0.2069321338206762,-0.2262991435398101,-0.4814607612315388,-1.9163949236352584,0.9841231756854657,0
-0.8043672005990544,-1.1099901739376037,0.8491410419312149,0.8033809086431846,-0.911310674287764,-1.177851894974348,0.7627740305050422,-1.461440576166749,1.0955247203761276,-0.34097028968400567,-0.997471732522988,-1.7775006972157297,0.9841231756854657,0
-0.634918112038349,0.9009088760241706,1.5251962127575889,-0.5273163487461409,-0.911310674287764,0.9048055324001227,-1.2008713165995828,0.2744324511807092,0.27645391515958084,-1.143668312693375,-0.997471732522988,0.9210157017922567,-1.0161329645585022,0
-0.634918112038349,0.9009088760241706,0.8491410419312149,0.8042336969926069,-0.911310674287764,-1.177851894974348,0.06599664927436881,-1.461440576166749,-0.8447331706696268,-0.6849837281165926,-0.997471732522988,-0.38855843302044263,0.9841231756854657,0
-1.143265377720465,0.9009088760241706,0.8491410419312149,-0.5178882997719719,-0.911310674287764,0.9048055324001227,-1.2008713165995828,1.4316811360790147,0.001192415045823164,-1.143668312693375,-0.997471732522988,-0.24966420660091387,0.9841231756854657,0
-0.8043672005990544,-1.1099901739376037,1.5251962127575889,-0.516466985856268,-0.404365943111267,0.9048055324001227,-1.2008713165995828,1.4316811360790147,-1.1233515183457474,-1.143668312693375,-0.7394662468772634,-1.8171847619070236,0.9841231756854657,0
-0.9738162891597597,-1.1099901739376037,1.5251962127575889,0.8141986867793751,-0.911310674287764,-1.177851894974348,0.7627740305050422,-0.8828162337175963,0.830333762949459,-0.34097028968400567,-0.7394662468772634,0.9210157017922567,0.9841231756854657,0
-0.8043672005990544,-1.1099901739376037,-0.502969299721533,0.8114666055858555,-0.5733475201700994,-1.177851894974348,-0.2507203421941191,0.2744324511807092,0.6255660616453219,-0.9143260204049839,-0.997471732522988,-0.46792656240303043,0.9841231756854657,0
-0.634918112038349,-1.1099901739376037,-1.179024470547907,0.8104085163374982,-0.7423290972289317,-1.177851894974348,0.8577891279455886,-1.461440576166749,0.3939435798422821,-0.34097028968400567,-0.997471732522988,0.3455967637684949,0.9841231756854657,0
-0.46546902347764374,0.9009088760241706,-1.179024470547907,-0.6270294161211878,-0.911310674287764,0.9048055324001227,-1.2008713165995828,-0.8828162337175963,1.1223795008750308,-1.0289971665491795,-0.997471732522988,-1.182239726846321,-1.0161329645585022,1
-0.2960199349169384,-1.1099901739376037,0.8491410419312149,-0.5096920561914129,-0.23538436605243465,0.9048055324001227,-1.2008713165995828,-0.8828162337175963,0.6624913848313142,-1.143668312693375,-0.4814607612315388,-1.7378166325244357,0.9841231756854657,0
-0.46546902347764374,0.9009088760241706,-0.502969299721533,0.8190469464696095,-0.7423290972289317,-1.177851894974348,0.06599664927436881,0.853056793629862,0.860545391010725,-0.6849837281165926,-0.7394662468772634,0.38528082845978884,0.9841231756854657,0
-0.46546902347764374,0.9009088760241706,0.8491410419312149,0.8190469464696095,-0.911310674287764,-1.177851894974348,0.38271364074285674,1.4316811360790147,-1.173704231781191,-0.570312581972397,-0.4814607612315388,-0.7853990799333818,0.9841231756854657,0
-0.46546902347764374,0.9009088760241706,-0.502969299721533,0.8190311540927683,-0.23538436605243465,-1.177851894974348,1.0161476236798326,-1.461440576166749,-1.6705176710108995,-0.2262991435398101,-0.997471732522988,0.9210157017922567,0.9841231756854657,0
-0.634918112038349,0.9009088760241706,-0.502969299721533,-0.6113160011642395,-0.911310674287764,0.9048055324001227,-1.2008713165995828,-0.3041918912684436,0.9377528849450718,-1.0289971665491795,-0.997471732522988,-2.075131182400434,-1.0161329645585022,1
-0.634918112038349,-1.1099901739376037,1.5251962127575889,0.8184784209033279,-0.23538436605243465,-1.177851894974348,-0.12403354560672394,-1.461440576166749,0.5651428055227898,-0.7996548742607882,-0.997471732522988,0.9210157017922567,0.9841231756854657,0
-0.8043672005990544,-1.1099901739376037,1.5251962127575889,0.8198839424421906,-0.911310674287764,-1.177851894974348,-0.3298995900612411,-0.8828162337175963,-0.707102420612748,-0.9143260204049839,-0.4814607612315388,-3.027548734991488,0.9841231756854657,0
-0.634918112038349,0.9009088760241706,-1.179024470547907,0.8197418110506203,-0.7423290972289317,-1.177851894974348,-0.5674373336626071,-0.8828162337175963,0.3301634761573873,-1.0289971665491795,-0.4814607612315388,-1.12271362980938,0.9841231756854657,0
-0.2960199349169384,0.9009088760241706,-1.179024470547907,0.8154462845498264,-0.5733475201700994,-1.177851894974348,0.8577891279455886,0.853056793629862,-1.3482603050240614,-0.34097028968400567,-0.4814607612315388,0.5241750548793175,-1.0161329645585022,0
-0.46546902347764374,0.9009088760241706,0.8491410419312149,0.8212894639810534,-0.5733475201700994,-1.177851894974348,-0.7257958293968509,1.4316811360790147,-0.8447331706696268,-1.143668312693375,-0.7394662468772634,-0.7457150152420878,0.9841231756854657,0
-0.2960199349169384,-1.1099901739376037,-1.179024470547907,0.8186363446717395,-0.06640278899360229,-1.177851894974348,1.6495816066168083,-1.461440576166749,-1.4993184453303918,0.1177142948927768,-0.7394662468772634,-1.8171847619070236,0.9841231756854657,0
-0.2960199349169384,-1.1099901739376037,1.5251962127575889,0.8207999002989775,-0.06640278899360229,-1.177851894974348,1.6495816066168083,0.2744324511807092,-0.0860856215756121,0.1177142948927768,-0.4814607612315388,0.12733440796637835,-1.0161329645585022,0
-0.46546902347764374,0.9009088760241706,-1.179024470547907,0.8235635662461795,-0.911310674287764,-1.177851894974348,0.8577891279455886,-1.461440576166749,-0.25392799969375696,-0.34097028968400567,-0.7394662468772634,-1.6187644384505542,0.9841231756854657,0
-0.634918112038349,0.9009088760241706,0.8491410419312149,0.8257587066270999,-0.5733475201700994,-1.177851894974348,0.8973787518791496,1.4316811360790147,0.04483143335654109,-0.2262991435398101,-0.4814607612315388,0.286070666731554,0.9841231756854657,0
-0.9738162891597597,0.9009088760241706,-0.502969299721533,0.5931527881337414,-0.911310674287764,-1.177851894974348,0.6994306322113446,-1.461440576166749,0.15896425047687956,-0.2262991435398101,-0.997471732522988,1.0599099282117854,-1.0161329645585022,1
-0.46546902347764374,0.9009088760241706,0.8491410419312149,0.8277485461090853,-0.5733475201700994,-1.177851894974348,0.6994306322113446,-0.8828162337175963,-0.46205254856025635,-0.34097028968400567,-0.7394662468772634,0.9011736694466097,0.9841231756854657,0
-0.2960199349169384,0.9009088760241706,-1.179024470547907,0.823310888216721,-0.23538436605243465,-1.177851894974348,-0.5674373336626071,0.853056793629862,-1.1166378232210217,-1.0289971665491795,-0.7394662468772634,0.2463866020402601,0.9841231756854657,0
-0.2960199349169384,-1.1099901739376037,0.17308587110484092,0.8210052011979125,-0.911310674287764,-1.177851894974348,-1.1533637678793096,0.853056793629862,-1.0427871768490378,-1.3730106049817663,-0.4814607612315388,0.7424374106814341,0.9841231756854657,0
-0.8043672005990544,0.9009088760241706,-0.502969299721533,0.8184784209033279,-0.7423290972289317,-1.177851894974348,0.06599664927436881,1.4316811360790147,-0.7977373047965461,-0.6849837281165926,-0.997471732522988,1.238488219322608,0.9841231756854657,0
-0.634918112038349,0.9009088760241706,-1.179024470547907,0.829138275271107,-0.23538436605243465,-1.177851894974348,-0.963333572998217,-0.8828162337175963,-0.0860856215756121,-1.2583394588375707,-0.7394662468772634,0.5638591195706114,0.9841231756854657,0
-0.2960199349169384,0.9009088760241706,-0.502969299721533,0.8316176784351681,-0.5733475201700994,-1.177851894974348,1.6495816066168083,1.4316811360790147,2.1999275683935204,0.1177142948927768,-0.997471732522988,-0.051243883144444294,-1.0161329645585022,0
-0.2960199349169384,-1.1099901739376037,0.17308587110484092,0.8282065250374788,-0.06640278899360229,-1.177851894974348,-0.7257958293968509,1.4316811360790147,-0.018948670328354386,-1.143668312693375,-0.7394662468772634,0.7622794430270811,-1.0161329645585022,0
-0.634918112038349,0.9009088760241706,0.8491410419312149,0.8335127636561066,-0.5733475201700994,-1.177851894974348,1.6495816066168083,1.4316811360790147,-0.0860856215756121,0.1177142948927768,-0.4814607612315388,0.8416475724096689,0.9841231756854657,0
-0.8043672005990544,0.9009088760241706,-0.502969299721533,-0.4867773173948983,-0.911310674287764,0.9048055324001227,-1.2008713165995828,0.853056793629862,0.001192415045823164,-1.143668312693375,-0.997471732522988,0.16701847265767225,-1.0161329645585022,0
-0.46546902347764374,0.9009088760241706,-0.502969299721533,0.8393559430873336,-0.404365943111267,-1.177851894974348,-0.646616581529729,-1.461440576166749,-1.4724636648314886,-1.143668312693375,-0.997471732522988,-0.7655570475877348,0.9841231756854657,0
-0.8043672005990544,0.9009088760241706,-0.502969299721533,-0.4861140375675699,-0.5733475201700994,0.9048055324001227,-1.2008713165995828,0.853056793629862,0.23617174441122635,-1.143668312693375,-0.997471732522988,0.5043330225336705,0.9841231756854657,0
-0.46546902347764374,-1.1099901739376037,-0.502969299721533,-0.6059150082845648,-0.911310674287764,0.9048055324001227,0.8577891279455886,0.853056793629862,0.03476089066945202,2.525808363920885,-0.4814607612315388,-1.3608180179571436,-1.0161329645585022,1
-0.2960199349169384,-1.1099901739376037,-1.179024470547907,0.8450096139964668,-0.23538436605243465,-1.177851894974348,-0.7257958293968509,0.2744324511807092,0.5651428055227898,-1.143668312693375,-0.997471732522988,1.0797519605574324,-1.0161329645585022,0
-1.143265377720465,-1.1099901739376037,0.8491410419312149,-0.605836046400359,-0.911310674287764,0.9048055324001227,0.8577891279455886,0.2744324511807092,0.23617174441122635,2.525808363920885,-0.997471732522988,-1.12271362980938,-1.0161329645585022,1
-0.9738162891597597,0.9009088760241706,-0.502969299721533,-0.603893584048897,-0.404365943111267,0.9048055324001227,0.8577891279455886,1.4316811360790147,1.327147202179168,2.525808363920885,-0.4814607612315388,-0.9441353386985575,-1.0161329645585022,1
-0.9738162891597597,0.9009088760241706,1.5251962127575889,-0.4701479445811631,-0.911310674287764,0.9048055324001227,-1.2008713165995828,-0.8828162337175963,-1.4724636648314886,-1.143668312693375,-0.7394662468772634,1.0797519605574324,0.9841231756854657,0
-0.46546902347764374,0.9009088760241706,0.8491410419312149,0.8370818408222074,-0.7423290972289317,-1.177851894974348,-1.327558113186978,1.4316811360790147,0.8336906105118219,-1.487681751125962,-0.4814607612315388,-3.1862849937566637,0.9841231756854657,0
-0.9738162891597597,0.9009088760241706,0.8491410419312149,-0.5904384789802337,-0.911310674287764,0.9048055324001227,-1.2008713165995828,-1.461440576166749,1.9750187817152072,-1.0289971665491795,-0.4814607612315388,0.9210157017922567,-1.0161329645585022,1
-0.46546902347764374,-1.1099901739376037,0.8491410419312149,0.8431145287755283,-0.404365943111267,-1.177851894974348,-0.2507203421941191,-0.8828162337175963,0.001192415045823164,-0.9143260204049839,-0.7394662468772634,-0.8449251769703227,0.9841231756854657,0
-0.46546902347764374,-1.1099901739376037,-0.502969299721533,-0.45096020671916087,-0.7423290972289317,0.9048055324001227,-1.2008713165995828,0.2744324511807092,-0.5896127559300467,-1.143668312693375,-0.7394662468772634,0.028124246238143545,0.9841231756854657,0
-0.46546902347764374,-1.1099901739376037,-0.502969299721533,0.8335285560329477,-0.7423290972289317,-1.177851894974348,0.06599664927436881,-1.461440576166749,0.5651428055227898,-0.6849837281165926,-0.7394662468772634,1.0995939929030794,0.9841231756854657,0
-0.2960199349169384,-1.1099901739376037,-1.179024470547907,-0.6960421029170312,-0.404365943111267,0.21058638994196582,-0.09236184645987515,-0.8828162337175963,0.001192415045823164,1.2644257563347332,-0.4814607612315388,-0.07108591549009124,0.9841231756854657,0
-0.46546902347764374,0.9009088760241706,1.5251962127575889,0.8357394887907094,-0.404365943111267,0.21058638994196582,2.91644957249076,0.853056793629862,-0.3680608168140954,0.8057411717579506,-0.997471732522988,-0.8052411122790287,0.9841231756854657,0
-0.634918112038349,-1.1099901739376037,1.5251962127575889,0.8388190022747344,-0.404365943111267,-1.177851894974348,2.8055986254767897,0.853056793629862,-1.173704231781191,0.8057411717579506,-0.7394662468772634,0.08765034327508442,-1.0161329645585022,0
-0.9738162891597597,-1.1099901739376037,-0.502969299721533,-0.4491914605129516,-0.5733475201700994,0.9048055324001227,-1.2008713165995828,-0.8828162337175963,-0.21700267650776528,-1.143668312693375,-0.4814607612315388,0.7027533459901402,0.9841231756854657,0
-0.8043672005990544,-1.1099901739376037,-0.502969299721533,-0.7030697106113447,-0.911310674287764,0.21058638994196582,-1.2008713165995828,1.4316811360790147,-0.21364582894540246,-0.9143260204049839,-0.7394662468772634,0.5043330225336705,0.9841231756854657,0
-0.46546902347764374,0.9009088760241706,-0.502969299721533,0.8369239170537959,-0.404365943111267,-1.177851894974348,-0.18737694390042153,-1.461440576166749,0.5651428055227898,-0.9143260204049839,-0.4814607612315388,0.9805417988291976,0.9841231756854657,0
-0.8043672005990544,0.9009088760241706,-0.502969299721533,0.8433356220513044,-0.7423290972289317,-1.177851894974348,2.4413740852880284,-0.8828162337175963,-0.3680608168140954,0.5763988794695595,-0.7394662468772634,0.46464895784237664,-1.0161329645585022,0
-0.634918112038349,-1.1099901739376037,0.8491410419312149,0.839498074478904,-0.404365943111267,-1.177851894974348,-0.7257958293968509,-0.8828162337175963,-1.6705176710108995,-1.143668312693375,-0.4814607612315388,0.22654456969461315,-1.0161329645585022,0
-0.9738162891597597,0.9009088760241706,1.5251962127575889,0.8325810134224785,-0.911310674287764,-1.177851894974348,-1.0741845200121878,0.853056793629862,-0.8447331706696268,-1.3730106049817663,-0.4814607612315388,0.20670253734896618,0.9841231756854657,0
-0.8043672005990544,-1.1099901739376037,-1.179024470547907,0.8459413642300949,-0.06640278899360229,-1.177851894974348,-1.121692068732461,1.4316811360790147,-1.3482603050240614,-1.3730106049817663,-0.997471732522988,-0.09092794783573821,0.9841231756854657,0
-0.634918112038349,-1.1099901739376037,-1.179024470547907,0.8376661587653301,-0.404365943111267,-1.177851894974348,-0.09236184645987515,-0.8828162337175963,0.001192415045823164,-0.7996548742607882,-0.7394662468772634,-1.5989224061049072,0.9841231756854657,0
-0.9738162891597597,-1.1099901739376037,-1.179024470547907,0.833339047510854,-0.7423290972289317,-1.177851894974348,2.91644957249076,-1.461440576166749,-1.1804179269059165,0.8057411717579506,-0.4814607612315388,-1.8767108589439645,0.9841231756854657,0
-0.8043672005990544,0.9009088760241706,-1.179024470547907,-0.4319935621329348,-0.911310674287764,0.9048055324001227,-1.2008713165995828,0.2744324511807092,-1.8752853723150364,-1.143668312693375,-0.7394662468772634,-0.051243883144444294,0.9841231756854657,0
-0.634918112038349,0.9009088760241706,0.8491410419312149,0.837350311228507,-0.404365943111267,-1.177851894974348,0.19268344586176397,0.2744324511807092,-1.3482603050240614,-0.6849837281165926,-0.4814607612315388,0.008282213892496587,0.9841231756854657,0
-0.8043672005990544,0.9009088760241706,-1.179024470547907,0.8361974677191027,-0.23538436605243465,-1.177851894974348,-0.4090788379283631,1.4316811360790147,-0.1397951825734185,-1.0289971665491795,-0.997471732522988,0.4844909901880236,0.9841231756854657,0
-0.8043672005990544,-1.1099901739376037,1.5251962127575889,-0.4292930656930975,-0.911310674287764,0.9048055324001227,-1.2008713165995828,1.4316811360790147,0.8739727812601764,-1.143668312693375,-0.997471732522988,0.9011736694466097,0.9841231756854657,0
-0.46546902347764374,0.9009088760241706,0.8491410419312149,0.8392453964494455,-0.5733475201700994,0.21058638994196582,-0.2507203421941191,1.4316811360790147,0.001192415045823164,-0.9143260204049839,-0.7394662468772634,-0.7457150152420878,0.9841231756854657,0
-0.634918112038349,-1.1099901739376037,-0.502969299721533,-0.5394448941601472,-0.911310674287764,0.9048055324001227,-1.2008713165995828,1.4316811360790147,0.001192415045823164,-1.143668312693375,-0.997471732522988,-0.44808453005738347,-1.0161329645585022,1
-0.634918112038349,-1.1099901739376037,0.8491410419312149,0.8368133704159079,-0.7423290972289317,-1.177851894974348,0.06599664927436881,0.853056793629862,1.5486991412951188,-0.6849837281165926,-0.4814607612315388,0.8416475724096689,-1.0161329645585022,0
-0.2960199349169384,-1.1099901739376037,-0.502969299721533,-0.532038269421646,-0.23538436605243465,0.9048055324001227,-1.2008713165995828,0.2744324511807092,1.327147202179168,-1.143668312693375,-0.7394662468772634,0.5638591195706114,-1.0161329645585022,1
-1.143265377720465,0.9009088760241706,-0.502969299721533,0.8416616301061421,-0.911310674287764,-1.177851894974348,0.6994306322113446,1.4316811360790147,-0.34120603631519225,-0.34097028968400567,-0.997471732522988,0.4249648931510827,-1.0161329645585022,0
-0.2960199349169384,0.9009088760241706,-0.502969299721533,0.3335892823725329,-0.5733475201700994,-1.177851894974348,2.91644957249076,0.2744324511807092,1.5486991412951188,1.6084391947673204,-0.997471732522988,0.305912699077201,-1.0161329645585022,1
-0.46546902347764374,0.9009088760241706,-0.502969299721533,-0.4092999166121964,-0.23538436605243465,0.9048055324001227,-1.2008713165995828,1.4316811360790147,-1.1233515183457474,-1.143668312693375,-0.7394662468772634,0.32575473142284794,0.9841231756854657,0
-0.2960199349169384,-1.1099901739376037,0.8491410419312149,0.836118505834897,-0.06640278899360229,-1.177851894974348,2.243425965620223,-0.3041918912684436,0.665848232393677,0.4617277333253637,-0.4814607612315388,0.18686050500331922,0.9841231756854657,0
-0.634918112038349,-1.1099901739376037,1.5251962127575889,0.6096400295559063,-0.404365943111267,-1.177851894974348,1.0161476236798326,-1.461440576166749,1.2700807936189982,0.003043148748581378,-0.997471732522988,0.008282213892496587,-1.0161329645585022,1
-1.143265377720465,0.9009088760241706,1.5251962127575889,-0.41062647626685334,-0.911310674287764,0.9048055324001227,-1.2008713165995828,-0.8828162337175963,0.954537122756886,-1.143668312693375,-0.4814607612315388,0.14717644031202531,0.9841231756854657,0
-0.8043672005990544,0.9009088760241706,-1.179024470547907,-0.3891962208934073,-0.7423290972289317,0.9048055324001227,-1.2008713165995828,-1.461440576166749,0.8336906105118219,-1.143668312693375,-0.997471732522988,-0.07108591549009124,-1.0161329645585022,0
-0.634918112038349,0.9009088760241706,1.5251962127575889,-0.3941708195983708,-0.06640278899360229,0.9048055324001227,-1.2008713165995828,0.853056793629862,1.0015329886299666,-1.143668312693375,-0.997471732522988,0.801963507718375,0.9841231756854657,0
-0.46546902347764374,-1.1099901739376037,1.5251962127575889,-0.5048122117474964,-0.911310674287764,0.9048055324001227,-1.2008713165995828,-0.3041918912684436,-1.1233515183457474,-1.143668312693375,-0.4814607612315388,0.7424374106814341,-1.0161329645585022,1
-0.2960199349169384,0.9009088760241706,1.5251962127575889,0.8404140323356909,-0.5733475201700994,-1.177851894974348,-0.7257958293968509,1.4316811360790147,-0.46205254856025635,-1.143668312693375,-0.997471732522988,-0.30919030363785477,0.9841231756854657,0
-0.2960199349169384,-1.1099901739376037,1.5251962127575889,-0.39265475142162,0.10257878806523006,0.9048055324001227,-1.2008713165995828,0.853056793629862,0.16232109803924238,-1.143668312693375,-0.997471732522988,0.7622794430270811,0.9841231756854657,0
-0.8043672005990544,0.9009088760241706,1.5251962127575889,-0.3927495056826669,-0.911310674287764,0.9048055324001227,-1.2008713165995828,-0.8828162337175963,0.001192415045823164,-1.143668312693375,-0.7394662468772634,1.298014316359549,-1.0161329645585022,0
-0.2960199349169384,0.9009088760241706,-0.502969299721533,0.8371292179527309,-0.5733475201700994,-1.177851894974348,-0.8841543251310949,-1.461440576166749,-1.371758237960602,-1.2583394588375707,-0.997471732522988,-0.011559818453150373,0.9841231756854657,0
-0.634918112038349,-1.1099901739376037,0.8491410419312149,0.8436830543418098,-0.5733475201700994,-1.177851894974348,0.5727438356239495,-0.8828162337175963,1.4345663241747801,-0.45564143582820127,-0.7394662468772634,-1.2219237915376149,0.9841231756854657,0
-0.9738162891597597,-1.1099901739376037,0.8491410419312149,0.8363553914875144,-0.911310674287764,-1.177851894974348,-0.09236184645987515,1.4316811360790147,0.03476089066945202,-0.7996548742607882,-0.4814607612315388,0.14717644031202531,0.9841231756854657,0
-0.46546902347764374,0.9009088760241706,-0.502969299721533,0.8432408677902575,-0.7423290972289317,-1.177851894974348,0.19268344586176397,-0.8828162337175963,-1.371758237960602,-0.6849837281165926,-0.7394662468772634,-1.678290535487495,0.9841231756854657,0
-0.46546902347764374,-1.1099901739376037,0.8491410419312149,0.8366080695169729,-0.911310674287764,-1.177851894974348,-0.4882580857954851,-0.8828162337175963,-0.21364582894540246,-1.0289971665491795,-0.7394662468772634,-0.46792656240303043,0.9841231756854657,0
-0.8043672005990544,0.9009088760241706,1.5251962127575889,0.8334180093950597,-0.5733475201700994,-1.177851894974348,1.3328646151483206,0.853056793629862,-0.21364582894540246,0.003043148748581378,-0.7394662468772634,-1.0830295651180861,-1.0161329645585022,0
-0.634918112038349,-1.1099901739376037,1.5251962127575889,-0.3914861155353746,-0.7423290972289317,0.9048055324001227,-1.2008713165995828,1.4316811360790147,-1.173704231781191,-1.143668312693375,-0.4814607612315388,1.6750129309268411,0.9841231756854657,0
-0.2960199349169384,-1.1099901739376037,-0.502969299721533,0.8397191677546801,0.4405419421828948,-1.177851894974348,0.38271364074285674,-0.3041918912684436,-0.08944246913797492,-0.570312581972397,-0.4814607612315388,0.4844909901880236,0.9841231756854657,0
-0.2960199349169384,-1.1099901739376037,-0.502969299721533,0.8429250202534344,0.10257878806523006,-1.177851894974348,0.8577891279455886,0.853056793629862,0.03476089066945202,-0.34097028968400567,-0.7394662468772634,0.18686050500331922,-1.0161329645585022,0
-0.9738162891597597,0.9009088760241706,-1.179024470547907,-0.5106869759324056,-0.911310674287764,0.9048055324001227,-1.2008713165995828,-1.461440576166749,1.286865031430813,-1.143668312693375,-0.997471732522988,-0.6068207888225592,-1.0161329645585022,1
-0.8043672005990544,-1.1099901739376037,-1.179024470547907,-0.7034803124092147,-0.911310674287764,0.21058638994196582,0.4223032646764177,0.2744324511807092,-1.173704231781191,2.411137217776689,-0.4814607612315388,0.12733440796637835,0.9841231756854657,0
-0.8043672005990544,0.9009088760241706,-1.179024470547907,-0.39306535321949,-0.911310674287764,0.9048055324001227,-1.2008713165995828,1.4316811360790147,-1.328119219649884,-1.143668312693375,-0.7394662468772634,-0.46792656240303043,0.9841231756854657,0
-0.46546902347764374,0.9009088760241706,-1.179024470547907,-0.38207385893804674,-0.06640278899360229,0.9048055324001227,-1.2008713165995828,0.2744324511807092,0.8336906105118219,-1.143668312693375,-0.7394662468772634,0.801963507718375,0.9841231756854657,0
-0.8043672005990544,-1.1099901739376037,-0.502969299721533,0.8402719009441205,-0.5733475201700994,-1.177851894974348,-0.2823920413409679,1.4316811360790147,0.001192415045823164,-0.9143260204049839,-0.4814607612315388,-1.4600281796853785,0.9841231756854657,0
-0.9738162891597597,-1.1099901739376037,1.5251962127575889,0.8388347946515755,-0.911310674287764,-1.177851894974348,-0.2507203421941191,0.853056793629862,0.6624913848313142,-0.9143260204049839,-0.4814607612315388,0.008282213892496587,-1.0161329645585022,0
-0.46546902347764374,0.9009088760241706,0.8491410419312149,0.8400034305378209,-0.7423290972289317,-1.177851894974348,1.3328646151483206,-1.461440576166749,0.001192415045823164,0.003043148748581378,-0.997471732522988,-1.102871597463733,0.9841231756854657,0
-0.9738162891597597,0.9009088760241706,-1.179024470547907,0.8335285560329477,-0.5733475201700994,-1.177851894974348,-0.5674373336626071,1.4316811360790147,-0.34120603631519225,-1.0289971665491795,-0.7394662468772634,-0.9044512740072636,0.9841231756854657,0
-0.2960199349169384,0.9009088760241706,1.5251962127575889,-0.3779204638288232,0.2715603651240624,0.9048055324001227,-1.2008713165995828,1.4316811360790147,0.001192415045823164,-1.143668312693375,-0.7394662468772634,-2.4521297969677263,0.9841231756854657,0
-0.8043672005990544,0.9009088760241706,0.8491410419312149,0.8393559430873336,-0.911310674287764,-1.177851894974348,-0.3298995900612411,1.4316811360790147,0.9108981044461687,-0.9143260204049839,-0.4814607612315388,-0.11076998018138517,-1.0161329645585022,0
-0.2960199349169384,-1.1099901739376037,-0.502969299721533,0.8408562188872433,-0.23538436605243465,-1.177851894974348,0.952804225386135,1.4316811360790147,-1.623521805137819,-0.2262991435398101,-0.4814607612315388,0.9606997664835506,0.9841231756854657,0
-0.634918112038349,0.9009088760241706,0.8491410419312149,-0.3783468580035344,-0.911310674287764,0.9048055324001227,-1.2008713165995828,0.2744324511807092,0.6624913848313142,-1.143668312693375,-0.997471732522988,-0.9639773710442044,0.9841231756854657,0
-0.2960199349169384,-1.1099901739376037,0.8491410419312149,0.8373029340979836,-0.404365943111267,-1.177851894974348,1.6495816066168083,0.853056793629862,0.9108981044461687,0.1177142948927768,-0.7394662468772634,-0.32903233598350173,0.9841231756854657,0
-0.9738162891597597,-1.1099901739376037,0.8491410419312149,-0.3717772292376143,-0.911310674287764,0.9048055324001227,-1.2008713165995828,-0.8828162337175963,0.11868207972852446,-1.143668312693375,-0.4814607612315388,0.7225953783357871,0.9841231756854657,0
-0.46546902347764374,0.9009088760241706,-0.502969299721533,-0.7039856684681316,-0.7423290972289317,0.21058638994196582,-0.5674373336626071,1.4316811360790147,0.001192415045823164,0.3470565871811683,-0.7394662468772634,-0.07108591549009124,0.9841231756854657,0
-0.2960199349169384,-1.1099901739376037,-1.179024470547907,0.8401929390599148,-0.7423290972289317,0.21058638994196582,1.1745061194140765,-0.8828162337175963,-0.7138161157374736,-0.11162799739561437,-0.4814607612315388,-0.6663468858595001,-1.0161329645585022,0
-0.634918112038349,0.9009088760241706,-0.502969299721533,0.8339707425845001,-0.911310674287764,-1.177851894974348,-0.3298995900612411,0.853056793629862,-1.623521805137819,-0.9143260204049839,-0.997471732522988,0.8813316371009629,-1.0161329645585022,0
-0.8043672005990544,0.9009088760241706,-1.179024470547907,0.8432092830365752,-0.7423290972289317,-1.177851894974348,-0.7257958293968509,1.4316811360790147,-1.3751150855229646,-1.143668312693375,-0.997471732522988,0.305912699077201,0.9841231756854657,0
-1.143265377720465,0.9009088760241706,-0.502969299721533,0.8350446242096986,-0.7423290972289317,-1.177851894974348,0.06599664927436881,-1.461440576166749,-1.4993184453303918,-0.6849837281165926,-0.997471732522988,-2.3330776028938445,0.9841231756854657,0
-0.634918112038349,-1.1099901739376037,1.5251962127575889,0.8333232551340127,-0.7423290972289317,-1.177851894974348,-0.6307807319563046,0.853056793629862,0.6624913848313142,-1.143668312693375,-0.4814607612315388,1.0202258635204915,0.9841231756854657,0
-0.634918112038349,-1.1099901739376037,0.8491410419312149,0.8358342430517562,-0.911310674287764,0.21058638994196582,0.06599664927436881,-0.3041918912684436,0.7866947446387411,-0.6849837281165926,-0.997471732522988,-0.2893482712922078,0.9841231756854657,0
-0.634918112038349,0.9009088760241706,-1.179024470547907,-0.44750167619094816,-0.404365943111267,0.9048055324001227,-1.2008713165995828,0.853056793629862,0.5651428055227898,-1.143668312693375,-0.4814607612315388,-0.4282424977117365,-1.0161329645585022,1
-0.2960199349169384,-1.1099901739376037,-0.502969299721533,0.8397507525083625,0.10257878806523006,-1.177851894974348,-0.2507203421941191,1.4316811360790147,1.1223795008750308,-0.9143260204049839,-0.997471732522988,0.6035431842619053,0.9841231756854657,0
-0.46546902347764374,0.9009088760241706,-1.179024470547907,0.8409035960177668,-0.404365943111267,-1.177851894974348,0.8577891279455886,-0.3041918912684436,-1.0495008719737637,-0.34097028968400567,-0.997471732522988,0.5638591195706114,0.9841231756854657,0
-0.2960199349169384,0.9009088760241706,-1.179024470547907,0.8364659381254024,-0.404365943111267,-1.177851894974348,-0.804975077263973,1.4316811360790147,1.286865031430813,-1.2583394588375707,-0.4814607612315388,-2.7696023144980777,0.9841231756854657,0
-0.9738162891597597,0.9009088760241706,1.5251962127575889,0.8396086211167921,-0.911310674287764,-1.177851894974348,0.38271364074285674,-0.8828162337175963,-1.2979075915886182,-0.570312581972397,-0.997471732522988,0.12733440796637835,-1.0161329645585022,0
-0.46546902347764374,-1.1099901739376037,-0.502969299721533,0.840935180771449,-0.404365943111267,-1.177851894974348,-0.7257958293968509,-0.8828162337175963,-1.2979075915886182,-1.143668312693375,-0.4814607612315388,1.35754041339649,-1.0161329645585022,0
-0.634918112038349,-1.1099901739376037,0.8491410419312149,-0.4456855528542154,-0.911310674287764,0.9048055324001227,-1.2008713165995828,-0.3041918912684436,1.5486991412951188,-1.143668312693375,-0.997471732522988,-0.5274526594399713,-1.0161329645585022,1
-0.46546902347764374,-1.1099901739376037,-1.179024470547907,0.6089293725980544,-0.06640278899360229,-1.177851894974348,2.4413740852880284,-0.3041918912684436,1.8273174889712391,0.8057411717579506,-0.4814607612315388,0.5440170872249644,-1.0161329645585022,1
-0.46546902347764374,0.9009088760241706,-0.502969299721533,-0.3369708306797107,-0.404365943111267,0.9048055324001227,-1.2008713165995828,-1.461440576166749,-0.08944246913797492,-1.2583394588375707,-0.997471732522988,-2.273551505856904,0.9841231756854657,0
-0.46546902347764374,0.9009088760241706,-1.179024470547907,0.837855667287424,-0.911310674287764,-1.177851894974348,1.6495816066168083,0.853056793629862,-1.0495008719737637,0.1177142948927768,-0.997471732522988,-0.4282424977117365,0.9841231756854657,0
-1.143265377720465,0.9009088760241706,0.8491410419312149,0.8415352910914129,-0.911310674287764,-1.177851894974348,1.6495816066168083,1.4316811360790147,0.001192415045823164,0.1177142948927768,-0.4814607612315388,0.8813316371009629,0.9841231756854657,0
-0.9738162891597597,0.9009088760241706,0.8491410419312149,0.8444568808070264,-0.911310674287764,-1.177851894974348,0.7627740305050422,1.4316811360790147,1.1223795008750308,-0.34097028968400567,-0.7394662468772634,-0.7853990799333818,-1.0161329645585022,0
-0.634918112038349,-1.1099901739376037,0.8491410419312149,0.8399876381609798,-0.06640278899360229,-1.177851894974348,-0.2507203421941191,-0.8828162337175963,-1.4254677989584081,-0.9143260204049839,-0.4814607612315388,-0.9441353386985575,0.9841231756854657,0
-0.46546902347764374,0.9009088760241706,0.8491410419312149,0.8414721215840483,-0.5733475201700994,-1.177851894974348,-0.2507203421941191,-0.8828162337175963,-1.2979075915886182,-0.9143260204049839,-0.4814607612315388,0.9408577341379036,-1.0161329645585022,0
-0.46546902347764374,-1.1099901739376037,0.8491410419312149,0.8391822269420809,-0.404365943111267,-1.177851894974348,2.4413740852880284,0.853056793629862,0.16232109803924238,0.5763988794695595,-0.4814607612315388,0.38528082845978884,0.9841231756854657,0
-0.9738162891597597,-1.1099901739376037,-0.502969299721533,-0.3362127965913353,-0.911310674287764,0.9048055324001227,-1.2008713165995828,1.4316811360790147,-1.4254677989584081,-1.2583394588375707,-0.997471732522988,-0.011559818453150373,0.9841231756854657,0
-0.634918112038349,0.9009088760241706,-1.179024470547907,0.8381399300705648,-0.911310674287764,-1.177851894974348,0.8577891279455886,1.4316811360790147,-0.25392799969375696,-0.34097028968400567,-0.4814607612315388,-1.4005020826484376,0.9841231756854657,0
-0.46546902347764374,0.9009088760241706,-0.502969299721533,-0.31923599148709464,-0.23538436605243465,0.9048055324001227,-1.2008713165995828,0.2744324511807092,0.3301634761573873,-1.2583394588375707,-0.997471732522988,-0.7853990799333818,0.9841231756854657,0
-0.9738162891597597,0.9009088760241706,-0.502969299721533,0.8395296592325863,-0.7423290972289317,-1.177851894974348,-0.2507203421941191,-1.461440576166749,0.954537122756886,-0.9143260204049839,-0.997471732522988,0.4844909901880236,0.9841231756854657,0
-0.46546902347764374,-1.1099901739376037,-1.179024470547907,0.8341286663529116,-0.7423290972289317,-1.177851894974348,-0.4090788379283631,1.4316811360790147,-0.37813135950118393,-1.0289971665491795,-0.997471732522988,-1.162397694500674,0.9841231756854657,0
-0.634918112038349,-1.1099901739376037,-0.502969299721533,0.8379977986789944,-0.7423290972289317,0.21058638994196582,1.0161476236798326,1.4316811360790147,0.5785701957722418,-0.2262991435398101,-0.4814607612315388,0.6829113136444932,0.9841231756854657,0
-0.9738162891597597,-1.1099901739376037,-1.179024470547907,0.6085977326843901,-0.911310674287764,-1.177851894974348,2.4413740852880284,0.853056793629862,-0.25392799969375696,0.8057411717579506,-0.7394662468772634,0.10749237562073138,-1.0161329645585022,1
-0.634918112038349,-1.1099901739376037,-0.502969299721533,-0.2986111473325474,-0.5733475201700994,0.9048055324001227,-1.2008713165995828,-0.3041918912684436,0.001192415045823164,-1.2583394588375707,-0.997471732522988,0.8813316371009629,-1.0161329645585022,0
-0.634918112038349,0.9009088760241706,0.8491410419312149,0.8403982399588498,-0.7423290972289317,-1.177851894974348,-0.5674373336626071,-0.8828162337175963,-0.811164695045998,-1.0289971665491795,-0.7394662468772634,-0.32903233598350173,0.9841231756854657,0
-0.8043672005990544,-1.1099901739376037,0.8491410419312149,0.3348842572735075,-0.5733475201700994,-1.177851894974348,2.4413740852880284,0.2744324511807092,0.001192415045823164,1.2644257563347332,-0.7394662468772634,-0.7258729828964409,-1.0161329645585022,1
-0.634918112038349,0.9009088760241706,0.8491410419312149,-0.4151430960434234,-0.5733475201700994,0.9048055324001227,-1.2008713165995828,0.853056793629862,-1.0092187012254088,-1.143668312693375,-0.4814607612315388,0.12733440796637835,-1.0161329645585022,1
-0.634918112038349,-1.1099901739376037,-1.179024470547907,0.6124510726336317,-0.7423290972289317,-1.177851894974348,-0.7257958293968509,0.853056793629862,0.7430557263280237,-1.143668312693375,-0.7394662468772634,0.8614896047553159,-1.0161329645585022,1
-0.8043672005990544,-1.1099901739376037,-0.502969299721533,-0.2913308616087754,-0.7423290972289317,0.9048055324001227,-1.2008713165995828,-0.8828162337175963,0.9780350556934264,-1.2583394588375707,-0.7394662468772634,0.9606997664835506,-1.0161329645585022,0
-0.9738162891597597,0.9009088760241706,-0.502969299721533,0.6131775219683249,-0.911310674287764,-1.177851894974348,2.4413740852880284,-1.461440576166749,0.001192415045823164,0.8057411717579506,-0.4814607612315388,0.6630692812988462,-1.0161329645585022,1
-0.9738162891597597,-1.1099901739376037,1.5251962127575889,-0.5870904950899091,-0.911310674287764,0.9048055324001227,0.8577891279455886,1.4316811360790147,1.0955247203761276,2.411137217776689,-0.7394662468772634,1.1789621222856672,-1.0161329645585022,1
-0.46546902347764374,-1.1099901739376037,1.5251962127575889,-0.580631412961877,-0.7423290972289317,0.9048055324001227,0.8577891279455886,1.4316811360790147,-1.1804179269059165,2.411137217776689,-0.7394662468772634,1.734539027963782,-1.0161329645585022,1
-0.8043672005990544,0.9009088760241706,-0.502969299721533,0.8439831095017918,-0.7423290972289317,-1.177851894974348,1.6495816066168083,1.4316811360790147,0.04483143335654109,0.1177142948927768,-0.7394662468772634,-0.8250831446246757,0.9841231756854657,0
-0.634918112038349,0.9009088760241706,-0.502969299721533,0.8321072421172439,0.10257878806523006,-1.177851894974348,0.38271364074285674,0.853056793629862,-0.6936750303632967,-0.570312581972397,-0.7394662468772634,0.4844909901880236,-1.0161329645585022,0
-0.46546902347764374,-1.1099901739376037,0.8491410419312149,0.8339075730771355,-0.911310674287764,-0.4836327525161911,-0.2507203421941191,1.4316811360790147,-0.5661148229935064,-0.9143260204049839,-0.7394662468772634,-0.44808453005738347,0.9841231756854657,0
-0.8043672005990544,-1.1099901739376037,0.8491410419312149,-0.6768069879245054,-0.911310674287764,0.9048055324001227,0.8577891279455886,0.853056793629862,-0.25392799969375696,2.984492948497668,-0.4814607612315388,-0.17029607721832604,-1.0161329645585022,1
-1.143265377720465,0.9009088760241706,1.5251962127575889,-0.562075370173521,-0.911310674287764,0.9048055324001227,0.8577891279455886,0.2744324511807092,-1.4724636648314886,2.2964660716324943,-0.997471732522988,0.9606997664835506,-1.0161329645585022,1
-0.46546902347764374,0.9009088760241706,0.8491410419312149,-0.5639230782639361,-0.5733475201700994,0.9048055324001227,0.8577891279455886,0.853056793629862,0.001192415045823164,2.2964660716324943,-0.4814607612315388,-0.2893482712922078,-1.0161329645585022,1
-0.8043672005990544,0.9009088760241706,0.8491410419312149,-0.5649653751354522,-0.911310674287764,0.9048055324001227,0.8577891279455886,1.4316811360790147,0.8336906105118219,2.2964660716324943,-0.7394662468772634,-1.0036614357354983,-1.0161329645585022,1
-0.46546902347764374,0.9009088760241706,-1.179024470547907,-0.5672394774005785,-0.5733475201700994,0.9048055324001227,0.8577891279455886,1.4316811360790147,-0.46205254856025635,2.2964660716324943,-0.7394662468772634,-0.4282424977117365,-1.0161329645585022,1
-0.9738162891597597,-1.1099901739376037,1.5251962127575889,0.6044285451983255,-0.404365943111267,-1.177851894974348,-0.09236184645987515,-0.3041918912684436,-0.46205254856025635,-0.6849837281165926,-0.997471732522988,0.0479662785837905,-1.0161329645585022,1
-0.9738162891597597,-1.1099901739376037,0.8491410419312149,0.8352183403549512,-0.911310674287764,-1.177851894974348,1.6495816066168083,-0.8828162337175963,0.4711510737766289,0.1177142948927768,-0.997471732522988,-0.30919030363785477,0.9841231756854657,0
-0.8043672005990544,0.9009088760241706,0.8491410419312149,0.842782888861864,-0.911310674287764,-1.177851894974348,0.0026532509806712224,0.853056793629862,0.001192415045823164,-0.7996548742607882,-0.997471732522988,0.10749237562073138,0.9841231756854657,0
-0.2960199349169384,-1.1099901739376037,0.8491410419312149,-0.5630229127839903,-0.404365943111267,0.9048055324001227,0.8577891279455886,0.853056793629862,-1.1233515183457474,2.2964660716324943,-0.7394662468772634,-0.38855843302044263,-1.0161329645585022,1
-0.8043672005990544,-1.1099901739376037,1.5251962127575889,-0.5655496930785749,-0.911310674287764,0.9048055324001227,0.8577891279455886,1.4316811360790147,1.2029438423717405,2.2964660716324943,-0.4814607612315388,1.4964346398160184,-1.0161329645585022,1
-0.634918112038349,0.9009088760241706,-1.179024470547907,0.6094347286569713,-0.06640278899360229,-1.177851894974348,-1.121692068732461,-0.3041918912684436,-0.8447331706696268,-1.3730106049817663,-0.7394662468772634,-0.7457150152420878,-1.0161329645585022,1
-0.46546902347764374,-1.1099901739376037,0.8491410419312149,0.8414563292072071,-0.404365943111267,-1.177851894974348,0.8577891279455886,-0.3041918912684436,-1.1233515183457474,-0.34097028968400567,-0.4814607612315388,-0.7457150152420878,-1.0161329645585022,0
-0.2960199349169384,-1.1099901739376037,-1.179024470547907,0.8371765950832544,-0.23538436605243465,-1.177851894974348,0.38271364074285674,1.4316811360790147,-0.21700267650776528,-0.570312581972397,-0.7394662468772634,-2.4719718293133734,0.9841231756854657,0
-0.9738162891597597,0.9009088760241706,-1.179024470547907,-0.5638914935102537,-0.911310674287764,0.9048055324001227,0.8577891279455886,1.4316811360790147,0.954537122756886,2.2964660716324943,-0.7394662468772634,-0.051243883144444294,-1.0161329645585022,1
-0.9738162891597597,0.9009088760241706,-1.179024470547907,-0.6781335475791624,-0.911310674287764,0.9048055324001227,0.8577891279455886,-1.461440576166749,0.2193875065994116,3.0991640946418633,-0.7394662468772634,-0.5076106270943244,-1.0161329645585022,1
-0.634918112038349,-1.1099901739376037,0.8491410419312149,0.8332916703803305,-0.7423290972289317,-1.177851894974348,2.4413740852880284,-0.8828162337175963,0.5114332445249834,0.5763988794695595,-0.997471732522988,0.0479662785837905,0.9841231756854657,0
-0.634918112038349,-1.1099901739376037,-0.502969299721533,0.8409193883946079,-0.911310674287764,-1.177851894974348,1.0161476236798326,-1.461440576166749,0.001192415045823164,-0.2262991435398101,-0.7394662468772634,-0.32903233598350173,0.9841231756854657,0
-0.9738162891597597,0.9009088760241706,-1.179024470547907,0.8429250202534344,-0.911310674287764,-1.177851894974348,2.4413740852880284,0.2744324511807092,0.16232109803924238,0.5763988794695595,-0.7394662468772634,-2.03544711770914,0.9841231756854657,0
-0.2960199349169384,0.9009088760241706,1.5251962127575889,0.8482312588720622,0.10257878806523006,-1.177851894974348,0.034324950127520015,0.853056793629862,0.001192415045823164,-0.7996548742607882,-0.7394662468772634,-0.4282424977117365,0.9841231756854657,0
-0.9738162891597597,0.9009088760241706,0.8491410419312149,-0.5575745427737921,-0.5733475201700994,0.9048055324001227,0.8577891279455886,1.4316811360790147,0.001192415045823164,2.2964660716324943,-0.7394662468772634,-0.5869787564769122,-1.0161329645585022,1
-0.634918112038349,-1.1099901739376037,-0.502969299721533,-0.7181988076251703,0.10257878806523006,0.21058638994196582,0.06599664927436881,-0.3041918912684436,-0.21364582894540246,1.7231103409115156,-0.997471732522988,1.1194360252487263,-1.0161329645585022,0
-0.634918112038349,0.9009088760241706,-0.502969299721533,0.8496683651646072,-0.5733475201700994,-1.177851894974348,-1.042512820865339,1.4316811360790147,-1.1804179269059165,-1.3730106049817663,-0.4814607612315388,-0.2893482712922078,0.9841231756854657,0
-1.143265377720465,0.9009088760241706,0.8491410419312149,0.8475206019142103,-0.911310674287764,0.21058638994196582,0.38271364074285674,0.853056793629862,0.001192415045823164,-0.570312581972397,-0.7394662468772634,-1.182239726846321,0.9841231756854657,0
-0.9738162891597597,0.9009088760241706,0.8491410419312149,0.8474890171605279,-0.5733475201700994,-1.177851894974348,0.4223032646764177,0.2744324511807092,0.0851136041048956,-0.570312581972397,-0.4814607612315388,-0.26950623894656084,0.9841231756854657,0
-0.9738162891597597,-1.1099901739376037,-1.179024470547907,0.6182626673111764,-0.911310674287764,-1.177851894974348,-0.3298995900612411,-0.8828162337175963,0.6893461653302174,-0.9143260204049839,-0.7394662468772634,0.40512286080543575,-1.0161329645585022,1
-1.143265377720465,0.9009088760241706,-1.179024470547907,0.8602966347787039,-0.911310674287764,-1.177851894974348,2.91644957249076,1.4316811360790147,-1.1804179269059165,0.8057411717579506,-0.997471732522988,0.008282213892496587,0.9841231756854657,0
-0.2960199349169384,0.9009088760241706,-1.179024470547907,0.8546113791158885,-0.404365943111267,-1.177851894974348,-0.7257958293968509,0.2744324511807092,-1.7510820125076092,-1.143668312693375,-0.7394662468772634,-0.03140185079879733,0.9841231756854657,0
-1.143265377720465,0.9009088760241706,-1.179024470547907,-0.711408085583474,-0.911310674287764,0.21058638994196582,-0.8841543251310949,1.4316811360790147,-1.0495008719737637,-0.34097028968400567,-0.7394662468772634,-0.24966420660091387,0.9841231756854657,0
-0.9738162891597597,-1.1099901739376037,0.8491410419312149,-0.5441510224588111,-0.404365943111267,0.9048055324001227,0.8577891279455886,-0.8828162337175963,-0.25392799969375696,2.1817949254882985,-0.4814607612315388,0.8416475724096689,-1.0161329645585022,1
-0.9738162891597597,0.9009088760241706,1.5251962127575889,-0.6654048918451922,-0.911310674287764,0.9048055324001227,0.8577891279455886,0.853056793629862,0.001192415045823164,2.984492948497668,-0.4814607612315388,-1.9957630530178463,-1.0161329645585022,1
-0.8043672005990544,0.9009088760241706,-0.502969299721533,0.8594596388061227,-0.7423290972289317,-1.177851894974348,-0.19529486868713372,0.2744324511807092,0.2965950005337584,-0.9143260204049839,-0.997471732522988,0.8614896047553159,-1.0161329645585022,0
-0.8043672005990544,-1.1099901739376037,-1.179024470547907,-0.7181830152483292,-0.911310674287764,0.21058638994196582,-0.3298995900612411,-0.8828162337175963,0.001192415045823164,0.9204123179021463,-0.7394662468772634,-1.4798702120310254,0.9841231756854657,0
-0.2960199349169384,0.9009088760241706,1.5251962127575889,-0.7163984766652788,-0.911310674287764,0.21058638994196582,1.1349164954805155,-0.8828162337175963,-1.0495008719737637,3.9018621176512323,-0.4814607612315388,-1.7179746001787888,-1.0161329645585022,0
-0.2960199349169384,0.9009088760241706,-1.179024470547907,0.856506464336827,-0.23538436605243465,-1.177851894974348,0.8577891279455886,-0.8828162337175963,0.8739727812601764,-0.34097028968400567,-0.997471732522988,0.8813316371009629,0.9841231756854657,0
-0.8043672005990544,-1.1099901739376037,1.5251962127575889,-0.714582353328546,-0.5733475201700994,0.21058638994196582,-1.3196401884002658,1.4316811360790147,-0.005521280078902488,-1.143668312693375,-0.4814607612315388,-0.26950623894656084,0.9841231756854657,0
-0.8043672005990544,0.9009088760241706,-0.502969299721533,0.8558115997558162,-0.911310674287764,-1.177851894974348,0.06599664927436881,-1.461440576166749,-1.0092187012254088,-0.7996548742607882,-0.7394662468772634,-1.0235034680811452,0.9841231756854657,0
-0.634918112038349,-1.1099901739376037,-0.502969299721533,0.8606914441997328,-0.5733475201700994,-1.177851894974348,0.6994306322113446,-0.8828162337175963,-1.0427871768490378,-0.45564143582820127,-0.4814607612315388,-0.32903233598350173,0.9841231756854657,0
-0.46546902347764374,-1.1099901739376037,1.5251962127575889,0.865839759049949,-0.7423290972289317,-1.177851894974348,1.6495816066168083,0.853056793629862,0.5114332445249834,0.1177142948927768,-0.7394662468772634,-0.9044512740072636,0.9841231756854657,0
-0.46546902347764374,-1.1099901739376037,-0.502969299721533,-0.5331595281773679,-0.404365943111267,0.9048055324001227,0.8577891279455886,-1.461440576166749,0.830333762949459,2.1817949254882985,-0.7394662468772634,0.801963507718375,-1.0161329645585022,1
-1.143265377720465,0.9009088760241706,0.8491410419312149,-0.6415741951918906,-0.911310674287764,0.9048055324001227,0.8577891279455886,0.853056793629862,1.4312094766124175,2.7551506562092767,-0.7394662468772634,0.22654456969461315,-1.0161329645585022,1
-0.9738162891597597,-1.1099901739376037,-0.502969299721533,-0.535528384703541,-0.911310674287764,0.9048055324001227,0.8577891279455886,0.853056793629862,-1.0495008719737637,2.1817949254882985,-0.7394662468772634,1.0003838311748445,-1.0161329645585022,1
-0.46546902347764374,0.9009088760241706,0.8491410419312149,-0.5249316998431266,-0.5733475201700994,0.9048055324001227,0.8577891279455886,0.853056793629862,1.8273174889712391,2.0671237793441026,-0.7394662468772634,0.6432272489531993,-1.0161329645585022,1
-0.46546902347764374,0.9009088760241706,-1.179024470547907,0.8743676425441722,-0.404365943111267,-1.177851894974348,1.0161476236798326,0.2744324511807092,0.25966967734776614,-0.2262991435398101,-0.4814607612315388,0.5241750548793175,0.9841231756854657,0
-0.9738162891597597,0.9009088760241706,1.5251962127575889,-0.530917010665924,-0.911310674287764,0.9048055324001227,0.8577891279455886,-0.8828162337175963,0.001192415045823164,2.0671237793441026,-0.4814607612315388,1.4567505751247247,-1.0161329645585022,1
-0.634918112038349,-1.1099901739376037,0.8491410419312149,0.8775103255355619,-0.7423290972289317,-1.177851894974348,1.712925004910506,0.853056793629862,0.23617174441122635,0.1177142948927768,-0.7394662468772634,-0.36871640067479566,0.9841231756854657,0
-0.8043672005990544,-1.1099901739376037,-1.179024470547907,-0.5207151352265385,-0.7423290972289317,0.9048055324001227,0.8577891279455886,-0.8828162337175963,-1.623521805137819,2.0671237793441026,-0.997471732522988,0.9606997664835506,-1.0161329645585022,1
-0.9738162891597597,-1.1099901739376037,0.8491410419312149,0.8744308120515368,-0.404365943111267,-1.177851894974348,-0.8841543251310949,0.853056793629862,-0.707102420612748,-1.2583394588375707,-0.7394662468772634,-0.38855843302044263,0.9841231756854657,0
-0.634918112038349,0.9009088760241706,-0.502969299721533,-0.5017326982634712,-0.5733475201700994,0.9048055324001227,0.8577891279455886,-0.8828162337175963,-0.46205254856025635,1.952452633199907,-0.4814607612315388,0.6432272489531993,-1.0161329645585022,1
-0.634918112038349,-1.1099901739376037,0.8491410419312149,0.8793896183796592,-0.5733475201700994,-1.177851894974348,-0.5674373336626071,-1.461440576166749,-0.3680608168140954,-1.143668312693375,-0.4814607612315388,-2.2933935382025505,0.9841231756854657,0
-0.2960199349169384,0.9009088760241706,-1.179024470547907,-0.4898094537483999,-0.23538436605243465,0.9048055324001227,0.8577891279455886,0.2744324511807092,0.6893461653302174,1.952452633199907,-0.7394662468772634,0.5837011519162584,-1.0161329645585022,1
-0.46546902347764374,0.9009088760241706,0.8491410419312149,0.87515726138623,-0.911310674287764,-1.177851894974348,1.0161476236798326,-0.3041918912684436,-1.3482603050240614,-0.2262991435398101,-0.4814607612315388,0.16701847265767225,-1.0161329645585022,0
-0.8043672005990544,-1.1099901739376037,0.8491410419312149,0.8800528982069877,-0.911310674287764,-1.177851894974348,0.38271364074285674,0.853056793629862,0.3301634761573873,-0.570312581972397,-0.7394662468772634,0.26622863438590705,-1.0161329645585022,0
-0.634918112038349,-1.1099901739376037,-1.179024470547907,0.8810320255711392,-0.911310674287764,-1.177851894974348,-0.963333572998217,-1.461440576166749,-1.8752853723150364,-1.2583394588375707,-0.4814607612315388,-0.09092794783573821,0.9841231756854657,0
-1.143265377720465,0.9009088760241706,0.8491410419312149,-0.4895725680957826,-0.7423290972289317,0.9048055324001227,0.8577891279455886,-1.461440576166749,1.0955247203761276,1.952452633199907,-0.7394662468772634,0.9210157017922567,-1.0161329645585022,1
-0.634918112038349,-1.1099901739376037,0.8491410419312149,0.8802424067290815,-0.404365943111267,-1.177851894974348,-1.042512820865339,-0.8828162337175963,-1.6839450612603513,-1.3730106049817663,-0.7394662468772634,-0.2893482712922078,-1.0161329645585022,0
-0.634918112038349,0.9009088760241706,-0.502969299721533,0.877415571274515,-0.5733475201700994,-1.177851894974348,1.6495816066168083,-1.461440576166749,-1.3751150855229646,0.1177142948927768,-0.4814607612315388,0.12733440796637835,0.9841231756854657,0
-0.8043672005990544,0.9009088760241706,-1.179024470547907,-0.4854507577402414,-0.911310674287764,0.9048055324001227,0.8577891279455886,1.4316811360790147,0.23617174441122635,1.952452633199907,-0.4814607612315388,1.0400678958661385,-1.0161329645585022,1
-0.634918112038349,0.9009088760241706,-0.502969299721533,0.8787895080596954,-0.911310674287764,-1.177851894974348,0.8577891279455886,0.853056793629862,1.4446368668618692,-0.34097028968400567,-0.4814607612315388,0.6432272489531993,0.9841231756854657,0
-0.8043672005990544,0.9009088760241706,-0.502969299721533,-0.6005456001585724,-0.404365943111267,0.9048055324001227,0.8577891279455886,-0.8828162337175963,0.23617174441122635,2.525808363920885,-0.4814607612315388,0.4844909901880236,-1.0161329645585022,1
-0.2960199349169384,0.9009088760241706,-0.502969299721533,-0.4911202210262157,-0.404365943111267,0.9048055324001227,0.8577891279455886,0.2744324511807092,-0.005521280078902488,1.952452633199907,-0.7394662468772634,-1.3211339532658497,-1.0161329645585022,1
-0.634918112038349,-1.1099901739376037,-0.502969299721533,0.8730252905126741,-0.911310674287764,-0.4836327525161911,-0.09236184645987515,0.853056793629862,-0.5661148229935064,-0.7996548742607882,-0.997471732522988,0.38528082845978884,0.9841231756854657,0
-0.2960199349169384,0.9009088760241706,1.5251962127575889,0.37237535989440734,-0.5733475201700994,-1.177851894974348,-1.0821024447988998,0.2744324511807092,-0.5627579754311435,-1.2583394588375707,-0.7394662468772634,0.028124246238143545,-1.0161329645585022,1
-0.46546902347764374,-1.1099901739376037,-1.179024470547907,0.6473364330757411,-0.911310674287764,-1.177851894974348,-0.09236184645987515,-0.8828162337175963,-0.45869570099789353,-0.7996548742607882,-0.7394662468772634,0.008282213892496587,-1.0161329645585022,1
-0.8043672005990544,-1.1099901739376037,-1.179024470547907,-0.4822922823720106,-0.911310674287764,0.9048055324001227,0.8577891279455886,0.853056793629862,-1.1804179269059165,1.8377814870557112,-0.7394662468772634,-0.32903233598350173,-1.0161329645585022,1
-0.634918112038349,0.9009088760241706,-1.179024470547907,-0.4902516402999522,-0.06640278899360229,0.9048055324001227,0.8577891279455886,0.2744324511807092,-1.0495008719737637,1.952452633199907,-0.4814607612315388,0.46464895784237664,-1.0161329645585022,1
-0.8043672005990544,0.9009088760241706,1.5251962127575889,0.8845853103603989,-0.911310674287764,-1.177851894974348,-0.5674373336626071,-1.461440576166749,0.7464125738903866,-1.143668312693375,-0.997471732522988,0.46464895784237664,0.9841231756854657,0
-0.2960199349169384,0.9009088760241706,-1.179024470547907,-0.49451558204706386,-0.23538436605243465,0.9048055324001227,0.8577891279455886,-1.461440576166749,1.0787404825643134,1.952452633199907,-0.7394662468772634,0.40512286080543575,-1.0161329645585022,1
-0.634918112038349,0.9009088760241706,-1.179024470547907,0.8867646583644782,-0.404365943111267,-1.177851894974348,-0.15570524475357272,-0.8828162337175963,0.7061304031420315,-0.9143260204049839,-0.7394662468772634,1.278172284013902,0.9841231756854657,0
-0.46546902347764374,-1.1099901739376037,-0.502969299721533,0.8848064036361751,-0.7423290972289317,-1.177851894974348,1.3328646151483206,0.853056793629862,0.04483143335654109,-0.11162799739561437,-0.7394662468772634,-1.2814498885745558,0.9841231756854657,0
-0.8043672005990544,-1.1099901739376037,0.8491410419312149,-0.49077278873571034,-0.404365943111267,0.9048055324001227,0.8577891279455886,1.4316811360790147,-0.6936750303632967,1.952452633199907,-0.4814607612315388,0.6035431842619053,-1.0161329645585022,1
-0.634918112038349,-1.1099901739376037,-1.179024470547907,-0.49083595824307497,-0.911310674287764,0.9048055324001227,0.8577891279455886,-0.8828162337175963,0.6255660616453219,1.952452633199907,-0.7394662468772634,-1.2616078562289088,-1.0161329645585022,1
-0.634918112038349,0.9009088760241706,0.8491410419312149,0.8894967395579978,-0.911310674287764,-1.177851894974348,2.2830155895537843,0.853056793629862,-0.34120603631519225,0.4617277333253637,-0.4814607612315388,0.0479662785837905,0.9841231756854657,0
-0.9738162891597597,-1.1099901739376037,0.8491410419312149,0.8888492521075105,-0.911310674287764,-1.177851894974348,-0.5040939353689095,1.4316811360790147,0.6893461653302174,-1.0289971665491795,-0.4814607612315388,-0.190138109563973,0.9841231756854657,0
-0.8043672005990544,0.9009088760241706,0.8491410419312149,0.8966506862670406,-0.911310674287764,-1.177851894974348,4.024959042630468,-1.461440576166749,0.001192415045823164,1.379096902478929,-0.4814607612315388,-1.6981325678331418,0.9841231756854657,0
-0.8043672005990544,0.9009088760241706,1.5251962127575889,0.8961295378312826,-0.404365943111267,-1.177851894974348,1.6495816066168083,0.2744324511807092,-1.3751150855229646,0.1177142948927768,-0.997471732522988,1.1392780575943733,-1.0161329645585022,0
-0.2960199349169384,-1.1099901739376037,-0.502969299721533,-0.5825580829364979,0.10257878806523006,0.9048055324001227,0.8577891279455886,-0.3041918912684436,0.9981761410676039,2.411137217776689,-0.997471732522988,-0.24966420660091387,-1.0161329645585022,1
-0.8043672005990544,0.9009088760241706,0.8491410419312149,0.8870805059013013,-0.7423290972289317,-1.177851894974348,2.029641996378994,1.4316811360790147,-1.1804179269059165,0.23238544103697253,-0.997471732522988,-0.3488743683291487,0.9841231756854657,0
-1.143265377720465,0.9009088760241706,0.8491410419312149,-0.7272478395551516,-0.911310674287764,0.21058638994196582,-1.359229812333827,-0.8828162337175963,1.4312094766124175,-1.2583394588375707,-0.997471732522988,-0.11076998018138517,-1.0161329645585022,0
-0.46546902347764374,0.9009088760241706,-1.179024470547907,0.8916445028083948,0.10257878806523006,-1.177851894974348,1.8079401023510524,1.4316811360790147,0.16232109803924238,0.1177142948927768,-0.4814607612315388,0.6432272489531993,0.9841231756854657,0
-0.2960199349169384,0.9009088760241706,0.8491410419312149,0.9017990011172569,-0.5733475201700994,-1.177851894974348,-1.01084112171849,0.2744324511807092,0.001192415045823164,-1.3730106049817663,-0.7394662468772634,-1.658448503141848,0.9841231756854657,0
-0.634918112038349,-1.1099901739376037,0.8491410419312149,0.8975192669933041,-0.23538436605243465,-1.177851894974348,1.3249466903616083,-0.8828162337175963,0.3301634761573873,-0.11162799739561437,-0.4814607612315388,0.008282213892496587,0.9841231756854657,0
-0.9738162891597597,-1.1099901739376037,-0.502969299721533,-0.4658050409498457,-0.911310674287764,0.9048055324001227,0.8577891279455886,-1.461440576166749,0.5785701957722418,1.8377814870557112,-0.7394662468772634,0.8614896047553159,-1.0161329645585022,1
-0.634918112038349,-1.1099901739376037,0.8491410419312149,0.3822613877969698,-0.5733475201700994,-1.177851894974348,0.38271364074285674,0.2744324511807092,1.6729025011025462,-0.2262991435398101,-0.4814607612315388,-1.12271362980938,-1.0161329645585022,1
-0.8043672005990544,0.9009088760241706,0.8491410419312149,0.8943134144945498,-0.911310674287764,-1.177851894974348,0.38271364074285674,-1.461440576166749,-1.1233515183457474,-0.570312581972397,-0.4814607612315388,-2.0156050853634935,0.9841231756854657,0
-0.8043672005990544,0.9009088760241706,-1.179024470547907,0.892386744519929,-0.911310674287764,-1.177851894974348,-0.2507203421941191,-0.8828162337175963,-1.7510820125076092,-0.9143260204049839,-0.997471732522988,-1.2417658238832618,0.9841231756854657,0
-0.634918112038349,0.9009088760241706,-0.502969299721533,0.3793713828350386,-0.23538436605243465,-1.177851894974348,1.6495816066168083,0.2744324511807092,0.001192415045823164,0.5763988794695595,-0.4814607612315388,1.3773824457421369,-1.0161329645585022,1
-0.634918112038349,0.9009088760241706,0.8491410419312149,0.6660188148788264,-0.911310674287764,-1.177851894974348,-0.4090788379283631,-0.8828162337175963,0.001192415045823164,-0.9143260204049839,-0.4814607612315388,-0.9044512740072636,-1.0161329645585022,1
-0.9738162891597597,-1.1099901739376037,0.8491410419312149,0.8910443924884309,-0.7423290972289317,-1.177851894974348,2.4413740852880284,-0.8828162337175963,0.5114332445249834,0.4617277333253637,-0.4814607612315388,0.305912699077201,0.9841231756854657,0
-0.634918112038349,0.9009088760241706,-0.502969299721533,0.8991300894311018,-0.911310674287764,-1.177851894974348,-1.1850354670261585,1.4316811360790147,-1.2106295549671826,-1.3730106049817663,-0.7394662468772634,0.008282213892496587,-1.0161329645585022,0
-0.8043672005990544,-1.1099901739376037,0.8491410419312149,-0.4508180753275905,-0.911310674287764,0.9048055324001227,0.8577891279455886,1.4316811360790147,0.8336906105118219,1.7231103409115156,-0.7394662468772634,-0.40840046536608954,-1.0161329645585022,1
-0.634918112038349,0.9009088760241706,-1.179024470547907,0.8973297584712102,-0.911310674287764,-1.177851894974348,0.1451758971414908,1.4316811360790147,0.001192415045823164,-0.6849837281165926,-0.4814607612315388,-0.07108591549009124,-1.0161329645585022,0
-0.2960199349169384,-1.1099901739376037,-0.502969299721533,0.6701090404806853,0.2715603651240624,-1.177851894974348,2.4413740852880284,1.4316811360790147,2.1663590927698926,0.6910700256137552,-0.4814607612315388,-0.20998014190961997,-1.0161329645585022,1
-0.9738162891597597,0.9009088760241706,-1.179024470547907,0.8964138006144233,-0.911310674287764,-1.177851894974348,0.39459052792292504,0.2744324511807092,0.001192415045823164,-0.570312581972397,-0.997471732522988,-0.4282424977117365,0.9841231756854657,0
-0.46546902347764374,0.9009088760241706,0.8491410419312149,0.8976456060080333,-0.7423290972289317,-1.177851894974348,2.4413740852880284,0.853056793629862,-0.1397951825734185,0.4617277333253637,-0.997471732522988,0.3455967637684949,-1.0161329645585022,0
-0.8043672005990544,0.9009088760241706,-1.179024470547907,0.9035677473234661,-0.911310674287764,-1.177851894974348,2.3226052134873454,-0.8828162337175963,-0.12972463988633004,0.4617277333253637,-0.7394662468772634,1.0202258635204915,0.9841231756854657,0
-0.634918112038349,0.9009088760241706,0.8491410419312149,0.8914234095326187,-0.404365943111267,-1.177851894974348,-0.5674373336626071,-0.8828162337175963,-1.0495008719737637,-1.143668312693375,-0.7394662468772634,-0.7853990799333818,0.9841231756854657,0
-0.8043672005990544,-1.1099901739376037,-1.179024470547907,0.8969823261807048,-0.5733475201700994,-1.177851894974348,-1.042512820865339,-0.8828162337175963,0.001192415045823164,-1.3730106049817663,-0.7394662468772634,0.5241750548793175,-1.0161329645585022,0
-0.634918112038349,0.9009088760241706,-1.179024470547907,0.9063314132706681,-0.23538436605243465,-1.177851894974348,-0.3774071387815143,-0.8828162337175963,-1.3482603050240614,-1.0289971665491795,-0.997471732522988,0.8614896047553159,-1.0161329645585022,0
-0.8043672005990544,-1.1099901739376037,1.5251962127575889,0.912064046064007,-0.911310674287764,-1.177851894974348,0.8577891279455886,-0.8828162337175963,-1.0427871768490378,-0.34097028968400567,-0.4814607612315388,0.9011736694466097,0.9841231756854657,0
-0.8043672005990544,0.9009088760241706,-1.179024470547907,-0.45214463498224744,-0.7423290972289317,0.9048055324001227,0.8577891279455886,1.4316811360790147,0.27645391515958084,1.7231103409115156,-0.4814607612315388,0.821805540064022,-1.0161329645585022,1
-0.8043672005990544,-1.1099901739376037,-0.502969299721533,0.9122219698324185,-0.23538436605243465,-1.177851894974348,1.2259726305277059,-0.8828162337175963,0.3301634761573873,-0.11162799739561437,-0.997471732522988,0.5043330225336705,-1.0161329645585022,0
-0.9738162891597597,-1.1099901739376037,0.8491410419312149,-0.7215783762691773,-0.911310674287764,0.21058638994196582,-1.0741845200121878,-0.8828162337175963,0.16232109803924238,-0.6849837281165926,-0.4814607612315388,-0.22982217425526694,-1.0161329645585022,0
-0.8043672005990544,0.9009088760241706,-0.502969299721533,0.918207280655216,-0.911310674287764,0.21058638994196582,-0.5674373336626071,1.4316811360790147,-0.8447331706696268,-1.143668312693375,-0.4814607612315388,-1.2814498885745558,0.9841231756854657,0
-0.634918112038349,0.9009088760241706,-0.502969299721533,-0.44825971027932354,-0.404365943111267,0.9048055324001227,0.8577891279455886,1.4316811360790147,0.19253272610050842,1.7231103409115156,-0.4814607612315388,-0.7258729828964409,-1.0161329645585022,1
-0.8043672005990544,0.9009088760241706,0.8491410419312149,0.9182862425394217,-0.911310674287764,-1.177851894974348,-0.2507203421941191,-0.8828162337175963,0.561785957960427,-0.9143260204049839,-0.4814607612315388,0.286070666731554,-1.0161329645585022,0
-0.46546902347764374,-1.1099901739376037,-0.502969299721533,-0.5640336249018241,-0.5733475201700994,0.9048055324001227,0.8577891279455886,0.2744324511807092,1.357358830240434,2.2964660716324943,-0.997471732522988,1.1591200899400202,-1.0161329645585022,1
-0.8043672005990544,0.9009088760241706,-0.502969299721533,0.9117166137735017,-0.5733475201700994,-1.177851894974348,0.06599664927436881,0.853056793629862,0.001192415045823164,-0.7996548742607882,-0.997471732522988,-1.2219237915376149,0.9841231756854657,0
-0.2960199349169384,-1.1099901739376037,-1.179024470547907,0.9128536649060647,-0.911310674287764,-1.177851894974348,0.7627740305050422,0.853056793629862,-1.2979075915886182,-0.45564143582820127,-0.997471732522988,0.40512286080543575,0.9841231756854657,0
-0.634918112038349,-1.1099901739376037,-0.502969299721533,-0.439494941132483,-0.5733475201700994,0.9048055324001227,0.8577891279455886,0.853056793629862,0.3301634761573873,1.7231103409115156,-0.4814607612315388,-2.03544711770914,-1.0161329645585022,1
-0.634918112038349,-1.1099901739376037,-1.179024470547907,0.9197233488319667,-0.404365943111267,-1.177851894974348,-0.8841543251310949,1.4316811360790147,0.001192415045823164,-1.2583394588375707,-0.997471732522988,-0.17029607721832604,0.9841231756854657,0
-0.46546902347764374,-1.1099901739376037,-1.179024470547907,0.688222896717489,-0.7423290972289317,-1.177851894974348,2.4413740852880284,-0.3041918912684436,3.018998373610068,0.6910700256137552,-0.4814607612315388,-1.2417658238832618,-1.0161329645585022,1
-0.46546902347764374,0.9009088760241706,-1.179024470547907,0.9183178272931041,-0.23538436605243465,-1.177851894974348,0.06599664927436881,-0.8828162337175963,-0.5661148229935064,-0.7996548742607882,-0.4814607612315388,1.1591200899400202,-1.0161329645585022,0
-0.634918112038349,-1.1099901739376037,-0.502969299721533,0.915033012910144,-0.404365943111267,-1.177851894974348,0.8577891279455886,-1.461440576166749,-0.41841353024953903,-0.34097028968400567,-0.7394662468772634,0.2463866020402601,-1.0161329645585022,0
-0.46546902347764374,0.9009088760241706,0.8491410419312149,-0.7313222727801694,-0.7423290972289317,0.21058638994196582,-0.646616581529729,1.4316811360790147,0.7464125738903866,0.23238544103697253,-0.4814607612315388,-0.17029607721832604,0.9841231756854657,0
-0.8043672005990544,0.9009088760241706,0.8491410419312149,-0.5553636100160305,-0.404365943111267,0.9048055324001227,0.8577891279455886,-0.3041918912684436,1.5587696839822078,2.2964660716324943,-0.7394662468772634,0.06780831092943747,-1.0161329645585022,1
-0.8043672005990544,0.9009088760241706,0.8491410419312149,0.922202751996028,-0.911310674287764,-1.177851894974348,0.06599664927436881,-0.8828162337175963,0.6893461653302174,-0.7996548742607882,-0.7394662468772634,-2.670392152769843,0.9841231756854657,0
-0.46546902347764374,0.9009088760241706,0.8491410419312149,0.9318361018691319,-0.5733475201700994,-1.177851894974348,-0.7257958293968509,-1.461440576166749,0.8336906105118219,-1.143668312693375,-0.7394662468772634,0.9408577341379036,0.9841231756854657,0
-0.634918112038349,0.9009088760241706,-1.179024470547907,-0.7277689879909097,-0.911310674287764,0.21058638994196582,-0.3298995900612411,1.4316811360790147,-0.34120603631519225,0.9204123179021463,-0.997471732522988,-0.9639773710442044,0.9841231756854657,0
-0.46546902347764374,-1.1099901739376037,1.5251962127575889,0.7048838542849066,-0.7423290972289317,-1.177851894974348,1.6495816066168083,-1.461440576166749,1.1861596045599256,0.23238544103697253,-0.7394662468772634,-0.17029607721832604,-1.0161329645585022,1
-0.2960199349169384,0.9009088760241706,1.5251962127575889,0.9320098180143847,-0.23538436605243465,-1.177851894974348,2.2830155895537843,-0.8828162337175963,-0.12972463988633004,0.3470565871811683,-0.7394662468772634,0.782121475372728,0.9841231756854657,0
-0.8043672005990544,-1.1099901739376037,0.8491410419312149,0.930209487054493,-0.404365943111267,-1.177851894974348,0.06599664927436881,-0.8828162337175963,1.0955247203761276,-0.7996548742607882,-0.997471732522988,0.9408577341379036,-1.0161329645585022,0
-0.634918112038349,0.9009088760241706,-0.502969299721533,-0.434062363499126,-0.911310674287764,0.9048055324001227,0.8577891279455886,1.4316811360790147,0.001192415045823164,1.7231103409115156,-0.997471732522988,-0.8052411122790287,-1.0161329645585022,1
-0.46546902347764374,0.9009088760241706,-0.502969299721533,0.9276195372525438,-0.23538436605243465,-1.177851894974348,1.4912231108825644,-1.461440576166749,0.8336906105118219,0.003043148748581378,-0.4814607612315388,0.782121475372728,0.9841231756854657,0
-0.46546902347764374,0.9009088760241706,0.8491410419312149,0.93276785210276,-0.404365943111267,-1.177851894974348,-0.8841543251310949,0.853056793629862,-1.6705176710108995,-1.2583394588375707,-0.4814607612315388,0.46464895784237664,0.9841231756854657,0
-0.9738162891597597,0.9009088760241706,-1.179024470547907,-0.4387053222904253,-0.7423290972289317,0.9048055324001227,0.8577891279455886,-0.8828162337175963,-0.8447331706696268,1.7231103409115156,-0.997471732522988,-1.6187644384505542,-1.0161329645585022,1
-0.8043672005990544,0.9009088760241706,-0.502969299721533,0.9340154498732112,-0.911310674287764,-1.177851894974348,2.2830155895537843,-0.8828162337175963,-1.0427871768490378,0.3470565871811683,-0.7394662468772634,-1.4203441149940845,0.9841231756854657,0
-0.9738162891597597,0.9009088760241706,0.8491410419312149,-0.4318988078718879,-0.911310674287764,0.9048055324001227,0.8577891279455886,-1.461440576166749,-0.005521280078902488,1.7231103409115156,-0.997471732522988,-0.07108591549009124,-1.0161329645585022,1
-0.634918112038349,-1.1099901739376037,1.5251962127575889,-0.5282323066029279,-0.5733475201700994,0.9048055324001227,0.8577891279455886,-0.8828162337175963,2.958575117487536,2.0671237793441026,-0.997471732522988,0.9606997664835506,-1.0161329645585022,1
-0.634918112038349,0.9009088760241706,-1.179024470547907,0.9389742562013336,-0.5733475201700994,-1.177851894974348,0.8577891279455886,1.4316811360790147,-1.6705176710108995,-0.34097028968400567,-0.997471732522988,-1.4997122443766724,-1.0161329645585022,0
-0.46546902347764374,-1.1099901739376037,1.5251962127575889,-0.5194675374560873,-0.5733475201700994,0.9048055324001227,0.8577891279455886,-1.461440576166749,-0.11965409719924096,2.0671237793441026,-0.997471732522988,0.7424374106814341,-1.0161329645585022,1
-0.46546902347764374,0.9009088760241706,-1.179024470547907,0.9314412924481031,-0.911310674287764,-1.177851894974348,1.3328646151483206,0.853056793629862,-1.173704231781191,-0.11162799739561437,-0.997471732522988,0.5837011519162584,0.9841231756854657,0
-0.8043672005990544,-1.1099901739376037,0.8491410419312149,0.9357684037025793,-0.911310674287764,0.21058638994196582,-0.7257958293968509,-0.8828162337175963,1.0955247203761276,-1.143668312693375,-0.4814607612315388,-0.17029607721832604,0.9841231756854657,0
-0.46546902347764374,0.9009088760241706,-0.502969299721533,0.9386110315339871,-0.06640278899360229,-1.177851894974348,-0.4090788379283631,-1.461440576166749,0.001192415045823164,-1.0289971665491795,-0.4814607612315388,-0.09092794783573821,-1.0161329645585022,0
-0.46546902347764374,-1.1099901739376037,-0.502969299721533,0.9361790055004493,-0.404365943111267,-1.177851894974348,1.4912231108825644,0.2744324511807092,0.8336906105118219,0.003043148748581378,-0.7394662468772634,-0.32903233598350173,-1.0161329645585022,0
-0.8043672005990544,0.9009088760241706,-1.179024470547907,-0.3943603281204646,-0.911310674287764,0.9048055324001227,0.8577891279455886,0.853056793629862,-1.0427871768490378,1.4937680486231246,-0.4814607612315388,-1.8171847619070236,-1.0161329645585022,1
-0.8043672005990544,0.9009088760241706,-0.502969299721533,0.9384531077655756,-0.7423290972289317,-1.177851894974348,-0.2507203421941191,1.4316811360790147,-0.8447331706696268,-0.9143260204049839,-0.4814607612315388,-0.5076106270943244,0.9841231756854657,0
-0.9738162891597597,0.9009088760241706,1.5251962127575889,0.9385636544034636,-0.7423290972289317,-1.177851894974348,0.38271364074285674,1.4316811360790147,-1.6839450612603513,-0.570312581972397,-0.4814607612315388,0.08765034327508442,-1.0161329645585022,0
-0.8043672005990544,0.9009088760241706,-0.502969299721533,0.9332416234079947,-0.911310674287764,-1.177851894974348,-0.6307807319563046,-1.461440576166749,-1.8752853723150364,-1.143668312693375,-0.7394662468772634,1.5559607368529593,-1.0161329645585022,0
-0.8043672005990544,-1.1099901739376037,-0.502969299721533,0.9323730426817312,-0.5733475201700994,-1.177851894974348,0.06599664927436881,-0.8828162337175963,-0.1397951825734185,-0.7996548742607882,-0.997471732522988,1.0797519605574324,0.9841231756854657,0
-0.634918112038349,0.9009088760241706,1.5251962127575889,0.9348840305994747,-0.5733475201700994,0.21058638994196582,4.024959042630468,-1.461440576166749,1.9750187817152072,1.2644257563347332,-0.4814607612315388,0.6630692812988462,0.9841231756854657,0
-0.46546902347764374,0.9009088760241706,-0.502969299721533,0.9356736494415324,-0.911310674287764,-1.177851894974348,-0.3140637404878167,-0.8828162337175963,-1.3482603050240614,-1.0289971665491795,-0.4814607612315388,-1.3409759856114967,0.9841231756854657,0
-0.8043672005990544,0.9009088760241706,-0.502969299721533,-0.3880117926303207,-0.911310674287764,0.9048055324001227,0.8577891279455886,0.853056793629862,-1.1804179269059165,1.4937680486231246,-0.4814607612315388,0.32575473142284794,-1.0161329645585022,1
-0.9738162891597597,0.9009088760241706,-1.179024470547907,0.711690368703444,-0.23538436605243465,-1.177851894974348,0.8577891279455886,0.853056793629862,-0.46205254856025635,-0.2262991435398101,-0.4814607612315388,0.305912699077201,-1.0161329645585022,1
-0.2960199349169384,0.9009088760241706,1.5251962127575889,-0.3903490644028115,-0.06640278899360229,0.9048055324001227,0.8577891279455886,-1.461440576166749,-1.2475548781531747,1.4937680486231246,-0.4814607612315388,-3.126758896719723,-1.0161329645585022,1
-0.9738162891597597,-1.1099901739376037,-0.502969299721533,-0.39582901916669194,-0.911310674287764,0.9048055324001227,0.8577891279455886,-1.461440576166749,-0.21364582894540246,1.4937680486231246,-0.997471732522988,-2.114815247091728,-1.0161329645585022,1
-0.8043672005990544,0.9009088760241706,-0.502969299721533,-0.5048437965011786,-0.23538436605243465,0.9048055324001227,0.8577891279455886,0.2744324511807092,1.4345663241747801,1.952452633199907,-0.7394662468772634,-0.8647672093159696,-1.0161329645585022,1
-0.2960199349169384,0.9009088760241706,1.5251962127575889,-0.39009638637335303,-0.06640278899360229,0.9048055324001227,0.8577891279455886,-0.8828162337175963,-0.7138161157374736,1.4937680486231246,-0.7394662468772634,0.06780831092943747,-1.0161329645585022,1
-0.9738162891597597,-1.1099901739376037,0.8491410419312149,0.9375055651551063,-0.911310674287764,-1.177851894974348,0.6360872339176471,1.4316811360790147,-1.2475548781531747,-0.45564143582820127,-0.7394662468772634,0.40512286080543575,-1.0161329645585022,0
-0.46546902347764374,-1.1099901739376037,-0.502969299721533,0.9324046274354135,-0.404365943111267,-1.177851894974348,1.6495816066168083,-0.8828162337175963,1.5587696839822078,0.003043148748581378,-0.997471732522988,-0.40840046536608954,-1.0161329645585022,0
-0.46546902347764374,-1.1099901739376037,0.8491410419312149,0.9332416234079947,-0.7423290972289317,-1.177851894974348,1.6495816066168083,1.4316811360790147,-1.3751150855229646,0.003043148748581378,-0.997471732522988,-0.686188918205147,-1.0161329645585022,0
-0.8043672005990544,-1.1099901739376037,0.8491410419312149,-0.3927179209289846,-0.404365943111267,0.9048055324001227,0.8577891279455886,0.2744324511807092,0.001192415045823164,1.4937680486231246,-0.7394662468772634,-0.15045404487267908,-1.0161329645585022,1
-0.46546902347764374,0.9009088760241706,-1.179024470547907,0.9321361570291139,-0.7423290972289317,-1.177851894974348,-0.8841543251310949,0.2744324511807092,-1.0495008719737637,-1.2583394588375707,-0.4814607612315388,-0.011559818453150373,0.9841231756854657,0
-0.634918112038349,-1.1099901739376037,1.5251962127575889,0.9307622202439335,-0.06640278899360229,-1.177851894974348,-1.2800505644667048,-0.3041918912684436,-1.4254677989584081,-1.487681751125962,-0.4814607612315388,-0.7457150152420878,0.9841231756854657,0
-0.634918112038349,0.9009088760241706,-1.179024470547907,0.9344418440479224,-0.911310674287764,0.21058638994196582,0.06599664927436881,-0.3041918912684436,-1.173704231781191,-0.7996548742607882,-0.7394662468772634,0.782121475372728,0.9841231756854657,0
-0.46546902347764374,0.9009088760241706,-0.502969299721533,-0.39753459586553663,-0.404365943111267,0.9048055324001227,0.8577891279455886,0.2744324511807092,0.830333762949459,1.4937680486231246,-0.997471732522988,0.801963507718375,-1.0161329645585022,1
-0.634918112038349,-1.1099901739376037,0.8491410419312149,0.9317729323617673,-0.7423290972289317,-1.177851894974348,-0.2507203421941191,-1.461440576166749,-1.173704231781191,-0.9143260204049839,-0.4814607612315388,-0.5671367241312653,0.9841231756854657,0
-0.2960199349169384,0.9009088760241706,-0.502969299721533,0.9326415130880308,0.4405419421828948,-1.177851894974348,-0.5674373336626071,1.4316811360790147,-0.0860856215756121,-1.143668312693375,-0.997471732522988,1.5162766721616654,-1.0161329645585022,0
-0.2960199349169384,0.9009088760241706,-0.502969299721533,-0.5103237512650591,-0.06640278899360229,0.9048055324001227,0.8577891279455886,1.4316811360790147,1.6997572816014495,2.0671237793441026,-0.4814607612315388,-1.5790803737592602,-1.0161329645585022,1
-0.2960199349169384,-1.1099901739376037,0.8491410419312149,0.7070158251584624,-0.06640278899360229,-1.177851894974348,0.6994306322113446,0.853056793629862,0.860545391010725,-0.34097028968400567,-0.4814607612315388,-0.8846092416616166,-1.0161329645585022,1
-0.46546902347764374,-1.1099901739376037,-1.179024470547907,0.9359737046015143,-0.5733475201700994,0.21058638994196582,-0.2507203421941191,1.4316811360790147,2.7269526356844955,-0.9143260204049839,-0.997471732522988,0.20670253734896618,0.9841231756854657,0
-0.8043672005990544,0.9009088760241706,-0.502969299721533,0.703588879383932,-0.7423290972289317,-1.177851894974348,1.1349164954805155,-1.461440576166749,0.001192415045823164,-0.11162799739561437,-0.997471732522988,-1.2616078562289088,-1.0161329645585022,1
-0.8043672005990544,-1.1099901739376037,-1.179024470547907,-0.507038936882099,-0.911310674287764,0.9048055324001227,0.8577891279455886,-0.8828162337175963,0.4040141225293712,1.952452633199907,-0.4814607612315388,-0.5274526594399713,-1.0161329645585022,1
-0.8043672005990544,-1.1099901739376037,0.8491410419312149,-0.39387076443838887,-0.23538436605243465,0.9048055324001227,0.8577891279455886,0.853056793629862,0.6154955189582334,1.4937680486231246,-0.7394662468772634,0.38528082845978884,-1.0161329645585022,1
-0.8043672005990544,0.9009088760241706,-1.179024470547907,0.9378845821992939,-0.404365943111267,-1.177851894974348,0.5410721364771007,-0.8828162337175963,0.27645391515958084,-0.570312581972397,-0.4814607612315388,0.0479662785837905,-1.0161329645585022,0
-0.2960199349169384,0.9009088760241706,-1.179024470547907,0.9310464830270743,0.4405419421828948,-1.177851894974348,0.8577891279455886,-0.3041918912684436,0.6255660616453219,-0.34097028968400567,-0.7394662468772634,0.38528082845978884,0.9841231756854657,0
-0.634918112038349,0.9009088760241706,-0.502969299721533,0.9393532732455213,-0.06640278899360229,-1.177851894974348,0.8577891279455886,-0.8828162337175963,0.15896425047687956,-0.34097028968400567,-0.7394662468772634,0.20670253734896618,0.9841231756854657,0
-0.46546902347764374,-1.1099901739376037,0.8491410419312149,-0.39649229899402044,-0.7423290972289317,0.9048055324001227,0.8577891279455886,-1.461440576166749,0.001192415045823164,1.4937680486231246,-0.7394662468772634,-0.011559818453150373,-1.0161329645585022,1
-0.2960199349169384,-1.1099901739376037,-0.502969299721533,-0.5083339117830736,-0.7423290972289317,0.9048055324001227,0.8577891279455886,0.2744324511807092,1.4647779522360462,1.952452633199907,-0.997471732522988,0.9408577341379036,-1.0161329645585022,1
-0.2960199349169384,-1.1099901739376037,-0.502969299721533,0.9305885040986808,-0.23538436605243465,-1.177851894974348,1.6495816066168083,-0.8828162337175963,0.7229146409538463,0.003043148748581378,-0.997471732522988,-1.9560789883265524,0.9841231756854657,0
-0.46546902347764374,-1.1099901739376037,0.8491410419312149,0.9334785090606119,-0.5733475201700994,-1.177851894974348,2.4413740852880284,1.4316811360790147,0.5114332445249834,0.4617277333253637,-0.4814607612315388,0.3455967637684949,0.9841231756854657,0
-1.143265377720465,-1.1099901739376037,-1.179024470547907,0.92907243592193,-0.911310674287764,-1.177851894974348,1.6495816066168083,-1.461440576166749,-0.059230841076708896,0.003043148748581378,-0.4814607612315388,-0.6068207888225592,0.9841231756854657,0
-0.46546902347764374,-1.1099901739376037,-1.179024470547907,-0.5062966951705647,-0.23538436605243465,0.9048055324001227,0.8577891279455886,-0.3041918912684436,0.6423502994571366,1.952452633199907,-0.997471732522988,0.2463866020402601,-1.0161329645585022,1
-0.46546902347764374,-1.1099901739376037,0.8491410419312149,0.9391321799697451,-0.23538436605243465,-1.177851894974348,0.6994306322113446,1.4316811360790147,-1.4724636648314886,-0.45564143582820127,-0.7394662468772634,0.6432272489531993,0.9841231756854657,0
-0.2960199349169384,0.9009088760241706,-0.502969299721533,0.93071484311341,-0.7423290972289317,-1.177851894974348,-0.804975077263973,-1.461440576166749,0.3234497810326616,-1.2583394588375707,-0.997471732522988,0.7424374106814341,0.9841231756854657,0
-0.2960199349169384,-1.1099901739376037,-1.179024470547907,-0.36206491748030456,-0.404365943111267,0.9048055324001227,0.8577891279455886,0.853056793629862,0.665848232393677,1.379096902478929,-0.7394662468772634,0.12733440796637835,-1.0161329645585022,1
-0.634918112038349,0.9009088760241706,1.5251962127575889,0.9450227365314956,-0.5733475201700994,-1.177851894974348,-1.01084112171849,-0.8828162337175963,1.7736079279734327,-1.3730106049817663,-0.997471732522988,-0.6465048535138531,0.9841231756854657,0
-0.2960199349169384,-1.1099901739376037,0.8491410419312149,-0.3561901532953952,-0.06640278899360229,0.9048055324001227,0.8577891279455886,0.2744324511807092,-1.0427871768490378,1.379096902478929,-0.4814607612315388,0.06780831092943747,-1.0161329645585022,1
-0.634918112038349,0.9009088760241706,1.5251962127575889,0.9419432230474706,-0.911310674287764,-1.177851894974348,0.06599664927436881,-0.3041918912684436,-1.0931398902844813,-0.7996548742607882,-0.4814607612315388,0.6432272489531993,-1.0161329645585022,0
-0.2960199349169384,0.9009088760241706,-1.179024470547907,0.9465703894619287,-0.404365943111267,-1.177851894974348,0.05411976209430051,-1.461440576166749,-1.2475548781531747,-0.7996548742607882,-0.4814607612315388,0.26622863438590705,0.9841231756854657,0
-1.3127144662811705,0.9009088760241706,0.8491410419312149,0.9444857957188963,-0.911310674287764,-1.177851894974348,0.006612213374027322,-1.461440576166749,-0.08944246913797492,-0.7996548742607882,-0.7394662468772634,-0.17029607721832604,0.9841231756854657,0
-0.46546902347764374,-1.1099901739376037,-1.179024470547907,0.9437593463842032,-0.7423290972289317,-1.177851894974348,-0.3774071387815143,-0.3041918912684436,-1.2979075915886182,-1.0289971665491795,-0.4814607612315388,-0.32903233598350173,0.9841231756854657,0
-0.634918112038349,0.9009088760241706,1.5251962127575889,0.9433961217168567,-0.404365943111267,-1.177851894974348,0.38271364074285674,0.853056793629862,-0.005521280078902488,-0.570312581972397,-0.7394662468772634,1.1988041546313142,0.9841231756854657,0
-0.634918112038349,0.9009088760241706,-0.502969299721533,-0.3547846317565325,-0.7423290972289317,0.9048055324001227,0.8577891279455886,1.4316811360790147,2.562467105128714,1.379096902478929,-0.4814607612315388,0.08765034327508442,-1.0161329645585022,1
-0.46546902347764374,0.9009088760241706,-0.502969299721533,0.9577040151349423,-0.5733475201700994,-1.177851894974348,4.024959042630468,-0.8828162337175963,2.206641263518246,1.2644257563347332,-0.4814607612315388,-0.26950623894656084,0.9841231756854657,0
-0.8043672005990544,0.9009088760241706,-1.179024470547907,0.955729968029798,-0.7423290972289317,-1.177851894974348,0.9884348869263399,-0.8828162337175963,1.5486991412951188,-0.34097028968400567,-0.4814607612315388,-1.2219237915376149,0.9841231756854657,0
-0.9738162891597597,0.9009088760241706,-1.179024470547907,0.9490340002491487,-0.911310674287764,-1.177851894974348,0.38271364074285674,-1.461440576166749,-0.25392799969375696,-0.570312581972397,-0.4814607612315388,0.286070666731554,0.9841231756854657,0
-0.8043672005990544,-1.1099901739376037,1.5251962127575889,-0.35232102096931245,-0.7423290972289317,0.9048055324001227,0.8577891279455886,1.4316811360790147,0.15896425047687956,1.379096902478929,-0.4814607612315388,0.0479662785837905,-1.0161329645585022,1
-0.46546902347764374,-1.1099901739376037,-0.502969299721533,-0.6638098617842356,-0.404365943111267,0.9048055324001227,-1.2325430157464317,-0.8828162337175963,-0.901799579229796,-1.0289971665491795,-0.997471732522988,0.40512286080543575,0.9841231756854657,0
-0.46546902347764374,0.9009088760241706,1.5251962127575889,0.9537085437941304,-0.404365943111267,-1.177851894974348,1.6416636818300963,1.4316811360790147,-0.3512765790022807,0.003043148748581378,-0.4814607612315388,1.4765926074703717,0.9841231756854657,0
-0.8043672005990544,0.9009088760241706,1.5251962127575889,0.9497446572070006,-0.7423290972289317,-1.177851894974348,0.6994306322113446,0.853056793629862,0.665848232393677,-0.45564143582820127,-0.997471732522988,0.46464895784237664,-1.0161329645585022,0
-0.9738162891597597,0.9009088760241706,-1.179024470547907,-0.6170960110881019,-0.911310674287764,0.9048055324001227,-1.2325430157464317,-0.8828162337175963,-1.8752853723150364,-1.143668312693375,-0.997471732522988,0.10749237562073138,-1.0161329645585022,0
-0.2960199349169384,-1.1099901739376037,-1.179024470547907,0.95561942139191,0.2715603651240624,-1.177851894974348,1.6495816066168083,1.4316811360790147,0.4040141225293712,0.003043148748581378,-0.997471732522988,1.4369085427790778,-1.0161329645585022,0
-0.8043672005990544,0.9009088760241706,0.8491410419312149,-0.6170170492038961,-0.911310674287764,0.9048055324001227,-1.2325430157464317,-0.8828162337175963,0.3301634761573873,-1.143668312693375,-0.4814607612315388,-0.6068207888225592,0.9841231756854657,0
-0.634918112038349,-1.1099901739376037,0.8491410419312149,-0.7409082455227499,-0.911310674287764,0.21058638994196582,-1.042512820865339,1.4316811360790147,-0.1397951825734185,-0.570312581972397,-0.997471732522988,-0.011559818453150373,-1.0161329645585022,0
-0.634918112038349,-1.1099901739376037,-0.502969299721533,-0.6107632679747991,-0.911310674287764,0.9048055324001227,-1.2325430157464317,0.853056793629862,-1.173704231781191,-1.143668312693375,-0.4814607612315388,-1.9560789883265524,0.9841231756854657,0
-1.143265377720465,-1.1099901739376037,0.8491410419312149,-0.6008298629417131,-0.911310674287764,0.9048055324001227,-1.2325430157464317,-0.8828162337175963,0.16232109803924238,-1.143668312693375,-0.4814607612315388,0.08765034327508442,0.9841231756854657,0
-0.9738162891597597,-1.1099901739376037,0.8491410419312149,0.9686639246627032,-0.911310674287764,-1.177851894974348,-0.5674373336626071,-0.8828162337175963,-0.8447331706696268,-1.143668312693375,-0.4814607612315388,-0.07108591549009124,0.9841231756854657,0
-0.8043672005990544,0.9009088760241706,-0.502969299721533,-0.5822580277765159,-0.23538436605243465,0.9048055324001227,-1.2325430157464317,-0.8828162337175963,-0.1397951825734185,-1.143668312693375,-0.7394662468772634,0.7622794430270811,0.9841231756854657,0
-0.8043672005990544,0.9009088760241706,-0.502969299721533,0.7388532568702291,-0.911310674287764,-1.177851894974348,2.4413740852880284,-1.461440576166749,1.0418151593783211,0.6910700256137552,-0.997471732522988,-0.4282424977117365,-1.0161329645585022,1
-0.634918112038349,-1.1099901739376037,0.8491410419312149,-0.7435297800783814,-0.06640278899360229,0.21058638994196582,0.0026532509806712224,1.4316811360790147,-1.1804179269059165,1.7231103409115156,-0.997471732522988,1.0797519605574324,0.9841231756854657,0
-0.634918112038349,0.9009088760241706,1.5251962127575889,-0.5789100438861913,-0.23538436605243465,0.9048055324001227,-1.2325430157464317,0.2744324511807092,-1.2979075915886182,-1.143668312693375,-0.997471732522988,-0.8647672093159696,0.9841231756854657,0
-1.143265377720465,0.9009088760241706,-1.179024470547907,-0.7476673828107638,-0.404365943111267,0.21058638994196582,-1.042512820865339,-1.461440576166749,1.1861596045599256,-0.570312581972397,-0.4814607612315388,-0.15045404487267908,-1.0161329645585022,0
-0.634918112038349,0.9009088760241706,-0.502969299721533,0.9737332776287138,-0.7423290972289317,-1.177851894974348,0.19268344586176397,0.2744324511807092,0.001192415045823164,-0.6849837281165926,-0.7394662468772634,1.1392780575943733,0.9841231756854657,0
-0.2960199349169384,0.9009088760241706,1.5251962127575889,-0.5832213627638263,-0.5733475201700994,0.9048055324001227,-1.2325430157464317,0.2744324511807092,0.11868207972852446,-1.143668312693375,-0.7394662468772634,0.6035431842619053,-1.0161329645585022,0
-0.9738162891597597,-1.1099901739376037,0.8491410419312149,0.9704484632457536,-0.911310674287764,-1.177851894974348,0.22435514500861276,-0.8828162337175963,-1.371758237960602,-0.6849837281165926,-0.4814607612315388,-0.011559818453150373,0.9841231756854657,0
-0.46546902347764374,0.9009088760241706,-1.179024470547907,-0.6788599969138555,-0.23538436605243465,0.9048055324001227,-1.2325430157464317,0.2744324511807092,-0.8447331706696268,-1.0289971665491795,-0.997471732522988,0.22654456969461315,-1.0161329645585022,1
-1.143265377720465,-1.1099901739376037,1.5251962127575889,0.9691061112142556,-0.911310674287764,-1.177851894974348,-0.7574675285436998,0.853056793629862,1.1861596045599256,-1.2583394588375707,-0.4814607612315388,-1.102871597463733,0.9841231756854657,0
-0.2960199349169384,0.9009088760241706,-0.502969299721533,-0.7521682102104927,-0.404365943111267,0.21058638994196582,-0.2507203421941191,-0.3041918912684436,-1.7510820125076092,1.2644257563347332,-0.4814607612315388,0.8416475724096689,-1.0161329645585022,0
-0.2960199349169384,-1.1099901739376037,-0.502969299721533,0.971095950696241,-0.23538436605243465,0.21058638994196582,-0.3774071387815143,1.4316811360790147,-0.08944246913797492,-1.0289971665491795,-0.4814607612315388,0.5043330225336705,0.9841231756854657,0
-0.8043672005990544,-1.1099901739376037,-0.502969299721533,0.9735753538603021,-0.911310674287764,-1.177851894974348,-0.9316618738513681,0.2744324511807092,-0.08944246913797492,-1.2583394588375707,-0.7394662468772634,-0.9838194033898514,-1.0161329645585022,0
-0.2960199349169384,-1.1099901739376037,0.17308587110484092,0.9681743609806275,-0.5733475201700994,-1.177851894974348,-0.5674373336626071,-0.3041918912684436,-1.173704231781191,-1.143668312693375,-0.4814607612315388,-1.12271362980938,-1.0161329645585022,0
-0.2960199349169384,0.9009088760241706,1.5251962127575889,0.9748703287612768,-0.5733475201700994,-1.177851894974348,0.7627740305050422,0.2744324511807092,0.001192415045823164,-0.45564143582820127,-0.7394662468772634,-0.15045404487267908,0.9841231756854657,0
-0.9738162891597597,0.9009088760241706,-0.502969299721533,0.44587308171313844,-0.911310674287764,-1.177851894974348,2.4413740852880284,0.2744324511807092,0.5114332445249834,1.035083464046342,-0.4814607612315388,1.35754041339649,-1.0161329645585022,1
-0.8043672005990544,-1.1099901739376037,-1.179024470547907,0.9651896017576493,-0.911310674287764,-1.177851894974348,0.6994306322113446,1.4316811360790147,1.5688402266692962,-0.45564143582820127,-0.4814607612315388,-1.4203441149940845,0.9841231756854657,0
-0.9738162891597597,-1.1099901739376037,0.8491410419312149,-0.744808962602515,-0.911310674287764,0.21058638994196582,-0.3615712892080899,0.853056793629862,0.8739727812601764,0.9204123179021463,-0.997471732522988,-1.5989224061049072,0.9841231756854657,0
-0.8043672005990544,-1.1099901739376037,0.8491410419312149,-0.532354116958469,-0.5733475201700994,0.9048055324001227,-1.2325430157464317,-1.461440576166749,-0.6936750303632967,-1.143668312693375,-0.4814607612315388,-0.32903233598350173,-1.0161329645585022,0
-0.9738162891597597,-1.1099901739376037,-1.179024470547907,0.9770812615190384,-0.911310674287764,-1.177851894974348,-0.3298995900612411,-0.8828162337175963,0.7497694214527494,-1.0289971665491795,-0.997471732522988,-0.36871640067479566,-1.0161329645585022,0
-0.46546902347764374,-1.1099901739376037,-0.502969299721533,0.9645105295534797,-0.23538436605243465,-1.177851894974348,-0.18737694390042153,1.4316811360790147,-1.2475548781531747,-0.9143260204049839,-0.4814607612315388,0.20670253734896618,0.9841231756854657,0
-0.8043672005990544,0.9009088760241706,0.8491410419312149,0.9789605543631358,-0.911310674287764,-1.177851894974348,0.8577891279455886,-0.8828162337175963,-1.6705176710108995,-0.34097028968400567,-0.7394662468772634,-0.5076106270943244,0.9841231756854657,0
-0.634918112038349,-1.1099901739376037,0.8491410419312149,0.9895730316003912,-0.404365943111267,-1.177851894974348,1.3328646151483206,1.4316811360790147,2.02537149515065,-0.11162799739561437,-0.7394662468772634,-0.5671367241312653,-1.0161329645585022,0
-0.634918112038349,-1.1099901739376037,1.5251962127575889,0.9924472441854814,-0.7423290972289317,-1.177851894974348,2.91644957249076,1.4316811360790147,-1.0427871768490378,0.6910700256137552,-0.4814607612315388,1.0797519605574324,-1.0161329645585022,0
-0.9738162891597597,-1.1099901739376037,0.8491410419312149,-0.5966448830788074,-0.911310674287764,0.9048055324001227,-1.2325430157464317,-0.8828162337175963,0.001192415045823164,-1.143668312693375,-0.997471732522988,0.5638591195706114,-1.0161329645585022,1
-0.2960199349169384,-1.1099901739376037,-1.179024470547907,0.9956215119305533,-0.404365943111267,-1.177851894974348,2.4413740852880284,-1.461440576166749,-1.0427871768490378,0.3470565871811683,-0.997471732522988,0.06780831092943747,-1.0161329645585022,0
-0.2960199349169384,0.9009088760241706,-0.502969299721533,-0.48562447388549407,-0.06640278899360229,0.9048055324001227,-1.2325430157464317,1.4316811360790147,0.7464125738903866,-1.143668312693375,-0.7394662468772634,0.9011736694466097,-1.0161329645585022,0
-0.634918112038349,-1.1099901739376037,0.8491410419312149,0.9866198571310955,-0.5733475201700994,-1.177851894974348,-0.7257958293968509,-0.3041918912684436,-1.8752853723150364,-1.143668312693375,-0.997471732522988,-0.9639773710442044,-1.0161329645585022,0
-0.8043672005990544,-1.1099901739376037,-0.502969299721533,0.46316573435420216,-0.911310674287764,-1.177851894974348,1.9029551997915988,0.2744324511807092,0.001192415045823164,0.6910700256137552,-0.997471732522988,-0.44808453005738347,-1.0161329645585022,1
-1.143265377720465,0.9009088760241706,0.8491410419312149,-0.7452669415309084,-0.911310674287764,0.21058638994196582,-0.3298995900612411,0.2744324511807092,-1.4724636648314886,1.035083464046342,-0.4814607612315388,-0.38855843302044263,0.9841231756854657,0
-0.46546902347764374,-1.1099901739376037,-1.179024470547907,0.9887518280046512,-0.404365943111267,-1.177851894974348,0.8577891279455886,-0.3041918912684436,-1.0495008719737637,-0.34097028968400567,-0.4814607612315388,-2.670392152769843,0.9841231756854657,0
-0.46546902347764374,0.9009088760241706,-0.502969299721533,0.9889413365267451,-0.911310674287764,-1.177851894974348,2.4413740852880284,-0.3041918912684436,0.03811773823181484,0.4617277333253637,-0.997471732522988,1.238488219322608,0.9841231756854657,0
-0.8043672005990544,0.9009088760241706,-0.502969299721533,0.9868093656531893,-0.911310674287764,-1.177851894974348,0.38271364074285674,0.853056793629862,0.7061304031420315,-0.6849837281165926,-0.7394662468772634,1.6353288662355472,-1.0161329645585022,0
-0.8043672005990544,-1.1099901739376037,1.5251962127575889,-0.35876431072050335,-0.911310674287764,0.9048055324001227,0.8577891279455886,0.853056793629862,0.3469477139692014,1.379096902478929,-0.997471732522988,-0.38855843302044263,-1.0161329645585022,1
-1.143265377720465,0.9009088760241706,1.5251962127575889,0.9905047818340194,-0.5733475201700994,0.21058638994196582,0.6994306322113446,1.4316811360790147,-1.0495008719737637,-0.45564143582820127,-0.7394662468772634,-0.686188918205147,0.9841231756854657,0
-0.9738162891597597,-1.1099901739376037,0.8491410419312149,-0.7462302765182188,-0.7423290972289317,0.21058638994196582,-0.5674373336626071,0.2744324511807092,-1.6705176710108995,0.4617277333253637,-0.997471732522988,0.4448069254967297,-1.0161329645585022,0
-0.46546902347764374,0.9009088760241706,-0.502969299721533,0.9923840746781167,-0.911310674287764,-1.177851894974348,-1.2008713165995828,-1.461440576166749,-1.3046212867133438,-1.487681751125962,-0.997471732522988,1.238488219322608,-1.0161329645585022,0
-0.46546902347764374,0.9009088760241706,1.5251962127575889,0.996111075612629,-0.404365943111267,-1.177851894974348,2.4413740852880284,1.4316811360790147,0.16232109803924238,0.3470565871811683,-0.7394662468772634,1.0003838311748445,0.9841231756854657,0
-0.9738162891597597,-1.1099901739376037,0.8491410419312149,-0.3348704445598372,-0.7423290972289317,0.9048055324001227,0.8577891279455886,-0.8828162337175963,1.6628319584154578,1.379096902478929,-0.7394662468772634,0.18686050500331922,-1.0161329645585022,1
-0.46546902347764374,-1.1099901739376037,1.5251962127575889,0.995179325379001,-0.911310674287764,-1.177851894974348,-0.7416316789702754,-1.461440576166749,0.001192415045823164,-1.2583394588375707,-0.997471732522988,-0.2893482712922078,0.9841231756854657,0
-0.46546902347764374,0.9009088760241706,-1.179024470547907,0.9916734177202647,-0.911310674287764,-1.177851894974348,0.8577891279455886,-1.461440576166749,-0.21364582894540246,-0.34097028968400567,-0.4814607612315388,0.6630692812988462,0.9841231756854657,0
-0.9738162891597597,0.9009088760241706,-1.179024470547907,0.9994432671261125,-0.911310674287764,-1.177851894974348,0.8577891279455886,0.2744324511807092,0.7866947446387411,-0.45564143582820127,-0.997471732522988,-0.03140185079879733,-1.0161329645585022,0
-0.634918112038349,-1.1099901739376037,-1.179024470547907,-0.4551609789589079,-0.911310674287764,0.9048055324001227,0.8577891279455886,-0.8828162337175963,1.4312094766124175,1.7231103409115156,-0.7394662468772634,1.258330251668255,-1.0161329645585022,1
-0.9738162891597597,-1.1099901739376037,-1.179024470547907,1.0113191345106605,-0.911310674287764,-1.177851894974348,4.024959042630468,0.853056793629862,1.8407448792206904,1.1497546101905376,-0.7394662468772634,0.3654387961141419,-1.0161329645585022,0
-0.9738162891597597,-1.1099901739376037,1.5251962127575889,0.7773550716089627,-0.7423290972289317,-1.177851894974348,2.2830155895537843,-0.3041918912684436,2.9149360991768187,0.5763988794695595,-0.997471732522988,0.5638591195706114,-1.0161329645585022,1
-0.9738162891597597,-1.1099901739376037,-1.179024470547907,-0.44601719276787966,-0.7423290972289317,0.9048055324001227,0.8577891279455886,0.2744324511807092,-0.46205254856025635,1.7231103409115156,-0.7394662468772634,1.0202258635204915,-1.0161329645585022,1
-0.2960199349169384,0.9009088760241706,-1.179024470547907,-0.33551793201032454,-0.911310674287764,0.9048055324001227,0.8577891279455886,0.853056793629862,0.001192415045823164,1.379096902478929,-0.997471732522988,-1.3608180179571436,-1.0161329645585022,1
-0.8043672005990544,0.9009088760241706,-0.502969299721533,-0.33351230015149796,-0.911310674287764,0.9048055324001227,0.8577891279455886,-0.8828162337175963,-1.3751150855229646,1.379096902478929,-0.997471732522988,-0.190138109563973,-1.0161329645585022,1
-0.2960199349169384,0.9009088760241706,-1.179024470547907,1.0113349268875016,-0.5733475201700994,-1.177851894974348,-0.09236184645987515,-1.461440576166749,-1.0964967378468442,-0.9143260204049839,-0.4814607612315388,0.4448069254967297,0.9841231756854657,0
-0.2960199349169384,0.9009088760241706,-0.502969299721533,1.0034387384669246,-0.5733475201700994,-1.177851894974348,0.8577891279455886,1.4316811360790147,1.1458774338115711,-0.45564143582820127,-0.997471732522988,-0.44808453005738347,0.9841231756854657,0
-0.8043672005990544,-1.1099901739376037,0.8491410419312149,1.013719575790516,-0.7423290972289317,-1.177851894974348,0.38271364074285674,-0.8828162337175963,-1.0495008719737637,-0.6849837281165926,-0.4814607612315388,-0.8052411122790287,0.9841231756854657,0
-0.8043672005990544,-1.1099901739376037,-0.502969299721533,1.017825593769216,-0.5733475201700994,-1.177851894974348,2.2830155895537843,0.853056793629862,-1.173704231781191,0.3470565871811683,-0.997471732522988,-0.24966420660091387,0.9841231756854657,0
-0.634918112038349,-1.1099901739376037,1.5251962127575889,1.0167517121440175,0.10257878806523006,0.21058638994196582,-0.963333572998217,-0.3041918912684436,0.3939435798422821,-1.3730106049817663,-0.997471732522988,0.9011736694466097,0.9841231756854657,0
-0.9738162891597597,0.9009088760241706,-0.502969299721533,-0.7548844990271713,-0.911310674287764,0.21058638994196582,-0.3932429883549387,-0.8828162337175963,-1.1804179269059165,0.9204123179021463,-0.997471732522988,0.7225953783357871,-1.0161329645585022,0
-0.46546902347764374,-1.1099901739376037,0.8491410419312149,1.0234318875478257,-0.23538436605243465,-1.177851894974348,0.06599664927436881,-0.8828162337175963,-0.3680608168140954,-0.7996548742607882,-0.4814607612315388,0.9408577341379036,-1.0161329645585022,0
-0.46546902347764374,-1.1099901739376037,0.8491410419312149,-0.3337491858041153,0.2715603651240624,0.9048055324001227,0.8577891279455886,0.853056793629862,0.001192415045823164,1.379096902478929,-0.997471732522988,0.4249648931510827,-1.0161329645585022,1
-0.8043672005990544,0.9009088760241706,0.8491410419312149,-0.33523366922718373,-0.911310674287764,0.9048055324001227,0.8577891279455886,-1.461440576166749,-0.0860856215756121,1.379096902478929,-0.7394662468772634,-0.15045404487267908,-1.0161329645585022,1
-0.9738162891597597,0.9009088760241706,0.8491410419312149,-0.33842372934909687,-0.7423290972289317,0.9048055324001227,0.8577891279455886,-0.8828162337175963,-1.173704231781191,1.379096902478929,-0.997471732522988,0.2463866020402601,-1.0161329645585022,1
-1.143265377720465,0.9009088760241706,1.5251962127575889,-0.3335754696588626,-0.911310674287764,0.9048055324001227,0.8577891279455886,0.853056793629862,0.15896425047687956,1.379096902478929,-0.7394662468772634,0.5638591195706114,-1.0161329645585022,1
-0.634918112038349,0.9009088760241706,0.8491410419312149,1.022737022966815,-0.911310674287764,-1.177851894974348,0.06599664927436881,-0.8828162337175963,-1.6705176710108995,-0.7996548742607882,-0.4814607612315388,0.821805540064022,-1.0161329645585022,0
-0.2960199349169384,0.9009088760241706,-1.179024470547907,1.022547514444721,-0.06640278899360229,-1.177851894974348,2.12465709381954,-1.461440576166749,-1.4724636648314886,0.23238544103697253,-0.7394662468772634,0.3654387961141419,-1.0161329645585022,0
-0.9738162891597597,0.9009088760241706,0.8491410419312149,-0.34090313251315807,-0.911310674287764,0.9048055324001227,0.8577891279455886,0.2744324511807092,0.2965950005337584,1.379096902478929,-0.4814607612315388,-1.8965528912896115,-1.0161329645585022,1
-0.634918112038349,-1.1099901739376037,1.5251962127575889,1.0291487279643234,-0.404365943111267,-1.177851894974348,1.6495816066168083,1.4316811360790147,-1.0427871768490378,0.003043148748581378,-0.4814607612315388,0.028124246238143545,0.9841231756854657,0
-0.9738162891597597,0.9009088760241706,1.5251962127575889,1.0327651822609476,-0.7423290972289317,-1.177851894974348,-0.5674373336626071,-0.8828162337175963,-0.707102420612748,-1.143668312693375,-0.7394662468772634,0.10749237562073138,-1.0161329645585022,0
-0.2960199349169384,-1.1099901739376037,-0.502969299721533,1.0304121181116157,-0.5733475201700994,-1.177851894974348,2.4413740852880284,1.4316811360790147,0.5651428055227898,0.3470565871811683,-0.997471732522988,1.1392780575943733,-1.0161329645585022,0
-0.8043672005990544,-1.1099901739376037,-0.502969299721533,1.0311069826926265,-0.911310674287764,-1.177851894974348,-0.8208109268373974,1.4316811360790147,0.23617174441122635,-1.2583394588375707,-0.7394662468772634,1.298014316359549,-1.0161329645585022,0
-0.8043672005990544,0.9009088760241706,1.5251962127575889,-0.3216680175206324,-0.7423290972289317,0.9048055324001227,0.8577891279455886,-0.8828162337175963,0.11868207972852446,1.2644257563347332,-0.4814607612315388,-1.658448503141848,-1.0161329645585022,1
-0.46546902347764374,-1.1099901739376037,-1.179024470547907,-0.4331464056423391,-0.911310674287764,0.9048055324001227,0.8577891279455886,0.2744324511807092,1.5319149034833046,1.7231103409115156,-0.7394662468772634,-0.22982217425526694,-1.0161329645585022,1
-0.46546902347764374,-1.1099901739376037,0.8491410419312149,-0.3145140708115896,-0.23538436605243465,0.9048055324001227,0.8577891279455886,0.2744324511807092,0.3939435798422821,1.2644257563347332,-0.4814607612315388,0.821805540064022,-1.0161329645585022,1
-0.634918112038349,-1.1099901739376037,0.8491410419312149,-0.29998508411772784,-0.911310674287764,0.9048055324001227,0.8577891279455886,0.2744324511807092,-1.623521805137819,1.2644257563347332,-0.7394662468772634,-0.011559818453150373,0.9841231756854657,0
-0.46546902347764374,0.9009088760241706,1.5251962127575889,1.0247426548256415,-0.5733475201700994,-1.177851894974348,-1.042512820865339,-0.3041918912684436,1.0955247203761276,-1.3730106049817663,-0.4814607612315388,-0.22982217425526694,-1.0161329645585022,0
-0.9738162891597597,0.9009088760241706,0.8491410419312149,1.029717253530605,-0.911310674287764,-1.177851894974348,-0.2507203421941191,-0.8828162337175963,0.5651428055227898,-0.9143260204049839,-0.997471732522988,0.14717644031202531,-1.0161329645585022,0
-0.9738162891597597,-1.1099901739376037,0.8491410419312149,1.0287381261664534,-0.911310674287764,-1.177851894974348,-0.10819769603329955,0.853056793629862,0.23617174441122635,-0.9143260204049839,-0.997471732522988,0.18686050500331922,0.9841231756854657,0
-0.9738162891597597,-1.1099901739376037,1.5251962127575889,-0.2974109266926197,-0.911310674287764,0.9048055324001227,0.8577891279455886,-0.8828162337175963,-1.6705176710108995,1.2644257563347332,-0.997471732522988,0.4844909901880236,-1.0161329645585022,0
-0.46546902347764374,0.9009088760241706,-1.179024470547907,1.0270641342212912,-0.7423290972289317,-1.177851894974348,1.8079401023510524,-0.3041918912684436,-1.0427871768490378,0.003043148748581378,-0.997471732522988,-0.5869787564769122,0.9841231756854657,0
-0.46546902347764374,-1.1099901739376037,1.5251962127575889,1.0264798162781683,-0.06640278899360229,-1.177851894974348,2.91644957249076,0.853056793629862,-1.0427871768490378,0.5763988794695595,-0.997471732522988,0.08765034327508442,0.9841231756854657,0
-0.8043672005990544,0.9009088760241706,0.8491410419312149,1.0315017921136553,-0.911310674287764,-1.177851894974348,-1.1375279183058853,-0.8828162337175963,0.4745079213389917,-1.3730106049817663,-0.7394662468772634,0.3455967637684949,-1.0161329645585022,0
-0.46546902347764374,-1.1099901739376037,-1.179024470547907,1.0252795956382406,-0.23538436605243465,-1.177851894974348,0.8577891279455886,-0.8828162337175963,1.223084927745918,-0.45564143582820127,-0.4814607612315388,0.5043330225336705,-1.0161329645585022,0
-0.8043672005990544,0.9009088760241706,-0.502969299721533,0.7994012296792138,-0.5733475201700994,-1.177851894974348,0.06599664927436881,-1.461440576166749,0.001192415045823164,-0.6849837281165926,-0.997471732522988,2.349642030678838,-1.0161329645585022,1
-0.2960199349169384,0.9009088760241706,-0.502969299721533,-0.29670026973476776,0.10257878806523006,0.9048055324001227,0.8577891279455886,-0.8828162337175963,-0.3680608168140954,1.2644257563347332,-0.7394662468772634,-0.051243883144444294,-1.0161329645585022,0
-0.634918112038349,-1.1099901739376037,-0.502969299721533,-0.29995349936404553,-0.7423290972289317,0.9048055324001227,0.8577891279455886,-0.8828162337175963,0.8336906105118219,1.2644257563347332,-0.4814607612315388,-0.36871640067479566,-1.0161329645585022,0
-0.46546902347764374,0.9009088760241706,-0.502969299721533,1.0228159848510205,-0.404365943111267,-1.177851894974348,0.06599664927436881,0.2744324511807092,-1.4724636648314886,-0.7996548742607882,-0.7394662468772634,-0.07108591549009124,0.9841231756854657,0
-0.634918112038349,0.9009088760241706,0.8491410419312149,-0.756605868102857,-0.23538436605243465,0.21058638994196582,-1.002923196931778,-0.8828162337175963,1.6729025011025462,-0.45564143582820127,-0.4814607612315388,-0.07108591549009124,0.9841231756854657,0
-0.8043672005990544,-1.1099901739376037,1.5251962127575889,1.0305226647495038,-0.911310674287764,-1.177851894974348,0.06599664927436881,-1.461440576166749,-0.3680608168140954,-0.7996548742607882,-0.7394662468772634,1.1789621222856672,-1.0161329645585022,0
-0.8043672005990544,-1.1099901739376037,0.8491410419312149,1.0258007440739987,-0.911310674287764,-1.177851894974348,-0.8841543251310949,-0.8828162337175963,-0.11965409719924096,-1.2583394588375707,-0.997471732522988,-1.0036614357354983,0.9841231756854657,0
-0.9738162891597597,-1.1099901739376037,0.8491410419312149,-0.757427071698597,-0.911310674287764,0.21058638994196582,-0.527847709729046,1.4316811360790147,0.5651428055227898,0.6910700256137552,-0.997471732522988,-0.26950623894656084,0.9841231756854657,0
-0.8043672005990544,0.9009088760241706,-0.502969299721533,1.027664244541255,-0.911310674287764,-1.177851894974348,-0.7257958293968509,1.4316811360790147,-0.707102420612748,-1.2583394588375707,-0.4814607612315388,-0.44808453005738347,0.9841231756854657,0
-0.634918112038349,0.9009088760241706,-1.179024470547907,1.0262903077560745,-0.404365943111267,-1.177851894974348,-0.4090788379283631,-0.3041918912684436,1.5486991412951188,-1.0289971665491795,-0.997471732522988,0.9210157017922567,-1.0161329645585022,0
-0.46546902347764374,0.9009088760241706,0.8491410419312149,1.0282643548612187,-0.5733475201700994,-1.177851894974348,-0.7257958293968509,0.2744324511807092,-0.8447331706696268,-1.2583394588375707,-0.7394662468772634,0.20670253734896618,0.9841231756854657,0
-0.2960199349169384,-1.1099901739376037,-0.502969299721533,1.0278853378170312,-0.23538436605243465,-1.177851894974348,-0.6307807319563046,-0.3041918912684436,0.8336906105118219,-1.143668312693375,-0.7394662468772634,-1.9957630530178463,0.9841231756854657,0
-0.8043672005990544,0.9009088760241706,0.8491410419312149,1.0277905835559842,-0.404365943111267,-1.177851894974348,-0.17154109432699713,0.2744324511807092,-1.8752853723150364,-0.9143260204049839,-0.4814607612315388,-0.38855843302044263,0.9841231756854657,0
-0.9738162891597597,-1.1099901739376037,-0.502969299721533,-0.40884193768380295,-0.911310674287764,0.9048055324001227,0.8577891279455886,-0.3041918912684436,0.03476089066945202,1.6084391947673204,-0.7394662468772634,-2.03544711770914,-1.0161329645585022,1
-0.8043672005990544,-1.1099901739376037,-0.502969299721533,1.0264956086550094,-0.911310674287764,-1.177851894974348,3.2331665639592484,0.2744324511807092,0.16232109803924238,0.8057411717579506,-0.4814607612315388,-0.15045404487267908,0.9841231756854657,0
-0.9738162891597597,-1.1099901739376037,-1.179024470547907,1.0287223337896123,-0.5733475201700994,-1.177851894974348,1.1428344202672278,-0.8828162337175963,1.5486991412951188,-0.2262991435398101,-0.4814607612315388,0.8813316371009629,-1.0161329645585022,0
-0.2960199349169384,0.9009088760241706,-0.502969299721533,1.0220421583858041,-0.911310674287764,-1.177851894974348,0.06599664927436881,1.4316811360790147,-1.6839450612603513,-0.7996548742607882,-0.4814607612315388,-0.5671367241312653,-1.0161329645585022,0
-0.8043672005990544,0.9009088760241706,-0.502969299721533,-0.2910623912024758,-0.23538436605243465,0.9048055324001227,0.8577891279455886,0.853056793629862,-0.21364582894540246,1.1497546101905376,-0.7394662468772634,0.6630692812988462,0.9841231756854657,0
-0.634918112038349,0.9009088760241706,-1.179024470547907,1.0258323288276812,-0.911310674287764,-1.177851894974348,-0.15966420714692883,0.853056793629862,0.001192415045823164,-0.9143260204049839,-0.7394662468772634,0.6630692812988462,0.9841231756854657,0
-0.634918112038349,-1.1099901739376037,-0.502969299721533,0.49688245891006616,-0.5733475201700994,0.21058638994196582,0.06599664927436881,0.2744324511807092,2.780662196682302,-0.570312581972397,-0.997471732522988,0.3654387961141419,-1.0161329645585022,1
-0.2960199349169384,-1.1099901739376037,-0.502969299721533,0.8001750561444303,-0.7423290972289317,-1.177851894974348,0.8577891279455886,-0.3041918912684436,0.16232109803924238,-0.34097028968400567,-0.7394662468772634,-0.9838194033898514,-1.0161329645585022,1
-0.46546902347764374,0.9009088760241706,0.8491410419312149,1.0240162054909483,-0.404365943111267,-1.177851894974348,1.8079401023510524,0.853056793629862,0.8336906105118219,0.1177142948927768,-0.4814607612315388,-0.5274526594399713,-1.0161329645585022,0
-0.8043672005990544,0.9009088760241706,-0.502969299721533,1.028169600600172,-0.23538436605243465,-1.177851894974348,0.38271364074285674,-0.8828162337175963,-1.8752853723150364,-0.6849837281165926,-0.7394662468772634,0.3654387961141419,0.9841231756854657,0
-0.46546902347764374,-1.1099901739376037,-0.502969299721533,1.0243478454046127,-0.06640278899360229,-1.177851894974348,0.06599664927436881,0.853056793629862,3.018998373610068,-0.7996548742607882,-0.4814607612315388,0.3455967637684949,-1.0161329645585022,0
-0.9738162891597597,-1.1099901739376037,0.8491410419312149,1.0344707589597923,-0.7423290972289317,-1.177851894974348,-0.7257958293968509,0.2744324511807092,1.2700807936189982,-1.2583394588375707,-0.997471732522988,0.38528082845978884,0.9841231756854657,0
-0.634918112038349,0.9009088760241706,0.8491410419312149,1.0252795956382406,-0.5733475201700994,-1.177851894974348,1.6495816066168083,-0.8828162337175963,-0.34120603631519225,0.003043148748581378,-0.4814607612315388,-1.7775006972157297,0.9841231756854657,0
-0.634918112038349,0.9009088760241706,-1.179024470547907,1.031454414983132,-0.23538436605243465,0.21058638994196582,-0.6822472430699339,-0.8828162337175963,-1.8752853723150364,-1.143668312693375,-0.4814607612315388,-1.2616078562289088,-1.0161329645585022,0
-0.8043672005990544,0.9009088760241706,1.5251962127575889,1.0259112907118868,-0.7423290972289317,-1.177851894974348,-0.5674373336626071,0.2744324511807092,-1.3482603050240614,-1.143668312693375,-0.7394662468772634,0.028124246238143545,0.9841231756854657,0
-0.8043672005990544,0.9009088760241706,-1.179024470547907,-0.30465962766270943,-0.7423290972289317,0.9048055324001227,0.8577891279455886,1.4316811360790147,0.8739727812601764,1.2644257563347332,-0.7394662468772634,-0.4877685947486774,-1.0161329645585022,0
-0.9738162891597597,0.9009088760241706,-0.502969299721533,1.0291171432106412,-0.5733475201700994,-1.177851894974348,0.38271364074285674,1.4316811360790147,-1.1804179269059165,-0.6849837281165926,-0.4814607612315388,0.7225953783357871,-1.0161329645585022,0
-0.634918112038349,-1.1099901739376037,-1.179024470547907,1.0332231611893412,-0.5733475201700994,-1.177851894974348,1.0161476236798326,0.853056793629862,-1.3482603050240614,-0.34097028968400567,-0.4814607612315388,0.6630692812988462,0.9841231756854657,0
-0.8043672005990544,-1.1099901739376037,0.8491410419312149,-0.2955158414716812,-0.911310674287764,0.9048055324001227,0.8577891279455886,0.853056793629862,-1.0495008719737637,1.2644257563347332,-0.4814607612315388,-1.4005020826484376,0.9841231756854657,0
-0.634918112038349,0.9009088760241706,-0.502969299721533,0.4944188481228461,-0.404365943111267,-1.177851894974348,-0.7257958293968509,0.2744324511807092,1.6729025011025462,-1.143668312693375,-0.997471732522988,1.35754041339649,-1.0161329645585022,1
-0.8043672005990544,-1.1099901739376037,-1.179024470547907,1.0290855584569587,-0.7423290972289317,-1.177851894974348,-0.5674373336626071,0.2744324511807092,-0.34120603631519225,-1.143668312693375,-0.7394662468772634,0.4249648931510827,0.9841231756854657,0
-0.46546902347764374,0.9009088760241706,-0.502969299721533,-0.4125689386183153,-0.7423290972289317,0.9048055324001227,0.8577891279455886,-0.8828162337175963,1.2029438423717405,1.6084391947673204,-0.4814607612315388,-0.051243883144444294,-1.0161329645585022,1
-0.634918112038349,0.9009088760241706,-0.502969299721533,-0.29936918142092284,-0.5733475201700994,0.9048055324001227,0.8577891279455886,1.4316811360790147,0.11868207972852446,1.2644257563347332,-0.997471732522988,1.317856348705196,-1.0161329645585022,0
-0.634918112038349,0.9009088760241706,0.8491410419312149,1.0296698764000816,-0.7423290972289317,-1.177851894974348,-0.7574675285436998,0.2744324511807092,-1.6839450612603513,-1.2583394588375707,-0.4814607612315388,0.9606997664835506,-1.0161329645585022,0
-0.634918112038349,0.9009088760241706,-1.179024470547907,1.0266061552928976,-0.5733475201700994,-1.177851894974348,1.6495816066168083,0.853056793629862,0.665848232393677,0.003043148748581378,-0.997471732522988,1.0003838311748445,0.9841231756854657,0
-0.8043672005990544,-1.1099901739376037,-0.502969299721533,1.0252638032613994,-0.5733475201700994,0.21058638994196582,-0.9474977234247925,1.4316811360790147,-0.1397951825734185,-1.3730106049817663,-0.4814607612315388,0.26622863438590705,0.9841231756854657,0
-0.9738162891597597,0.9009088760241706,0.8491410419312149,1.028185392977013,-0.911310674287764,-1.177851894974348,1.9662985980852963,0.2744324511807092,-1.1804179269059165,0.1177142948927768,-0.7394662468772634,-1.202081759191968,0.9841231756854657,0
-0.8043672005990544,-1.1099901739376037,-1.179024470547907,1.0311701521999912,-0.5733475201700994,-1.177851894974348,-0.923743949064656,-1.461440576166749,-1.8752853723150364,-1.2583394588375707,-0.7394662468772634,0.40512286080543575,-1.0161329645585022,0
-0.2960199349169384,0.9009088760241706,1.5251962127575889,1.0333495002040705,-0.404365943111267,-1.177851894974348,0.5410721364771007,-0.8828162337175963,-0.005521280078902488,-0.570312581972397,-0.997471732522988,-0.7655570475877348,0.9841231756854657,0
-0.46546902347764374,-1.1099901739376037,-0.502969299721533,1.027174680859179,-0.23538436605243465,-1.177851894974348,0.7786098800784667,0.2744324511807092,-1.1804179269059165,-0.45564143582820127,-0.4814607612315388,-0.4282424977117365,0.9841231756854657,0
-0.2960199349169384,0.9009088760241706,-0.502969299721533,1.0258165364508398,-0.7423290972289317,-1.177851894974348,-0.7257958293968509,0.2744324511807092,0.8336906105118219,-1.2583394588375707,-0.997471732522988,-0.5869787564769122,0.9841231756854657,0
-0.2960199349169384,0.9009088760241706,1.5251962127575889,1.030949058924215,-0.911310674287764,-1.177851894974348,-0.2507203421941191,-0.8828162337175963,-1.2475548781531747,-0.9143260204049839,-0.997471732522988,1.258330251668255,0.9841231756854657,0
-0.46546902347764374,-1.1099901739376037,-1.179024470547907,1.0268904180760383,-0.404365943111267,-1.177851894974348,0.06599664927436881,0.853056793629862,-1.8752853723150364,-0.7996548742607882,-0.4814607612315388,-0.20998014190961997,0.9841231756854657,0
-0.2960199349169384,0.9009088760241706,-0.502969299721533,-0.2998587451029986,-0.5733475201700994,0.9048055324001227,0.8577891279455886,1.4316811360790147,0.9108981044461687,1.2644257563347332,-0.4814607612315388,-0.40840046536608954,0.9841231756854657,0
-0.9738162891597597,-1.1099901739376037,-1.179024470547907,-0.3023697330207421,-0.911310674287764,0.9048055324001227,0.8577891279455886,1.4316811360790147,1.357358830240434,1.2644257563347332,-0.997471732522988,0.38528082845978884,0.9841231756854657,0
-0.8043672005990544,0.9009088760241706,-0.502969299721533,1.029006596572753,-0.911310674287764,-1.177851894974348,0.8577891279455886,-1.461440576166749,0.001192415045823164,-0.45564143582820127,-0.4814607612315388,-2.03544711770914,0.9841231756854657,0
-0.8043672005990544,-1.1099901739376037,-1.179024470547907,1.0244110149119772,-0.404365943111267,-1.177851894974348,1.3684952766885254,-0.8828162337175963,0.001192415045823164,-0.11162799739561437,-0.7394662468772634,0.3455967637684949,-1.0161329645585022,0
-0.634918112038349,0.9009088760241706,-1.179024470547907,1.0268114561918327,-0.5733475201700994,-1.177851894974348,0.6994306322113446,-0.3041918912684436,-0.08944246913797492,-0.45564143582820127,-0.7394662468772634,0.8416475724096689,-1.0161329645585022,0
-0.9738162891597597,-1.1099901739376037,-0.502969299721533,-0.4001877151748505,-0.911310674287764,0.9048055324001227,0.8577891279455886,0.853056793629862,-0.21364582894540246,1.4937680486231246,-0.7394662468772634,0.821805540064022,-1.0161329645585022,1
-0.2960199349169384,-1.1099901739376037,-1.179024470547907,-0.2875564835437396,-0.5733475201700994,0.9048055324001227,0.8577891279455886,-0.3041918912684436,-0.0860856215756121,1.1497546101905376,-0.997471732522988,0.9210157017922567,0.9841231756854657,0
-0.46546902347764374,-1.1099901739376037,-1.179024470547907,1.024189921636201,-0.911310674287764,-1.177851894974348,2.91644957249076,-0.3041918912684436,-0.08944246913797492,0.5763988794695595,-0.7394662468772634,-1.5790803737592602,0.9841231756854657,0
-0.46546902347764374,-1.1099901739376037,-1.179024470547907,-0.29265742126343236,-0.06640278899360229,0.9048055324001227,0.8577891279455886,1.4316811360790147,0.04483143335654109,1.1497546101905376,-0.4814607612315388,-1.4600281796853785,-1.0161329645585022,0
-0.46546902347764374,0.9009088760241706,-0.502969299721533,1.0324019575936012,-0.23538436605243465,-1.177851894974348,0.06599664927436881,0.853056793629862,-0.21364582894540246,-0.7996548742607882,-0.7394662468772634,0.286070666731554,0.9841231756854657,0
-0.2960199349169384,-1.1099901739376037,-0.502969299721533,1.0322440338251897,-0.06640278899360229,-1.177851894974348,0.06599664927436881,0.2744324511807092,-1.8752853723150364,-0.7996548742607882,-0.997471732522988,-2.094973214746081,0.9841231756854657,0
-0.2960199349169384,0.9009088760241706,-0.502969299721533,1.0297488382842872,-0.5733475201700994,-1.177851894974348,-0.5674373336626071,-0.8828162337175963,0.001192415045823164,-1.143668312693375,-0.997471732522988,0.6630692812988462,0.9841231756854657,0
-0.9738162891597597,-1.1099901739376037,-1.179024470547907,1.0260534221034572,-0.911310674287764,-1.177851894974348,1.2378495177077742,-0.8828162337175963,-1.1233515183457474,-0.2262991435398101,-0.997471732522988,-0.36871640067479566,0.9841231756854657,0
-0.9738162891597597,0.9009088760241706,1.5251962127575889,-0.2805920453567906,-0.911310674287764,0.9048055324001227,0.8577891279455886,-1.461440576166749,0.03476089066945202,1.1497546101905376,-0.4814607612315388,0.3455967637684949,-1.0161329645585022,0
-0.8043672005990544,-1.1099901739376037,-0.502969299721533,1.0278221683096664,-0.911310674287764,-1.177851894974348,-0.5674373336626071,1.4316811360790147,0.6893461653302174,-1.143668312693375,-0.4814607612315388,0.028124246238143545,0.9841231756854657,0
-0.46546902347764374,-1.1099901739376037,-0.502969299721533,-0.7697767103883796,-0.7423290972289317,0.21058638994196582,-0.5674373336626071,1.4316811360790147,-1.173704231781191,0.5763988794695595,-0.997471732522988,-1.0631875327724392,-1.0161329645585022,0
-0.634918112038349,-1.1099901739376037,-1.179024470547907,-0.2807025919946787,-0.911310674287764,0.9048055324001227,0.8577891279455886,0.2744324511807092,0.03811773823181484,1.1497546101905376,-0.7394662468772634,-0.5472946917856183,0.9841231756854657,0
-0.8043672005990544,0.9009088760241706,-1.179024470547907,1.025121671869829,-0.911310674287764,-1.177851894974348,2.3226052134873454,0.853056793629862,1.6829730437896346,0.3470565871811683,-0.4814607612315388,0.16701847265767225,0.9841231756854657,0
-0.46546902347764374,0.9009088760241706,0.8491410419312149,-0.2787285448895344,-0.5733475201700994,0.9048055324001227,0.8577891279455886,1.4316811360790147,0.830333762949459,1.1497546101905376,-0.4814607612315388,-1.7179746001787888,0.9841231756854657,0
-0.8043672005990544,-1.1099901739376037,0.8491410419312149,1.0303963257347746,-0.911310674287764,-1.177851894974348,1.0161476236798326,-1.461440576166749,-0.21364582894540246,-0.34097028968400567,-0.7394662468772634,0.3654387961141419,0.9841231756854657,0
-0.634918112038349,0.9009088760241706,-1.179024470547907,1.0262903077560745,-0.404365943111267,0.21058638994196582,0.8577891279455886,0.853056793629862,1.4345663241747801,-0.45564143582820127,-0.7394662468772634,-1.0830295651180861,0.9841231756854657,0
-0.46546902347764374,0.9009088760241706,-1.179024470547907,1.029306651732735,-0.404365943111267,-1.177851894974348,0.06599664927436881,-1.461440576166749,0.001192415045823164,-0.7996548742607882,-0.997471732522988,-1.5592383414136133,0.9841231756854657,0
-0.46546902347764374,-1.1099901739376037,0.8491410419312149,1.030649003764233,-0.7423290972289317,-1.177851894974348,0.5410721364771007,-0.8828162337175963,-0.34120603631519225,-0.570312581972397,-0.4814607612315388,0.5837011519162584,0.9841231756854657,0
-0.2960199349169384,-1.1099901739376037,0.8491410419312149,1.0280116768317604,-0.5733475201700994,-1.177851894974348,2.4413740852880284,-1.461440576166749,0.001192415045823164,0.3470565871811683,-0.7394662468772634,-0.26950623894656084,0.9841231756854657,0
-0.2960199349169384,-1.1099901739376037,1.5251962127575889,0.49432409386179915,-0.7423290972289317,-1.177851894974348,0.06599664927436881,0.2744324511807092,1.7836784706605218,-0.570312581972397,-0.4814607612315388,0.40512286080543575,-1.0161329645585022,1
-0.634918112038349,0.9009088760241706,-1.179024470547907,-0.2733907215172243,-0.7423290972289317,0.9048055324001227,0.8577891279455886,-0.8828162337175963,-0.8447331706696268,1.1497546101905376,-0.997471732522988,0.9805417988291976,-1.0161329645585022,0
-0.9738162891597597,-1.1099901739376037,0.8491410419312149,-0.7711190624198776,-0.911310674287764,0.21058638994196582,-0.7257958293968509,1.4316811360790147,-1.6705176710108995,0.23238544103697253,-0.997471732522988,-1.3211339532658497,0.9841231756854657,0
-0.46546902347764374,-1.1099901739376037,1.5251962127575889,-0.7779887463457796,-0.404365943111267,0.21058638994196582,-0.17154109432699713,-0.8828162337175963,-1.6705176710108995,1.6084391947673204,-0.997471732522988,-2.194183376474316,0.9841231756854657,0
-0.634918112038349,-1.1099901739376037,-1.179024470547907,-0.26633152906922847,-0.5733475201700994,0.9048055324001227,0.8577891279455886,0.2744324511807092,0.7430557263280237,1.1497546101905376,-0.7394662468772634,-1.0830295651180861,0.9841231756854657,0
-0.2960199349169384,0.9009088760241706,0.8491410419312149,1.0271904732360202,-0.404365943111267,-1.177851894974348,0.06599664927436881,-0.8828162337175963,-1.8752853723150364,-0.7996548742607882,-0.4814607612315388,-2.5513399586959613,0.9841231756854657,0
-0.634918112038349,0.9009088760241706,0.8491410419312149,1.025611235551905,-0.911310674287764,-1.177851894974348,-0.18737694390042153,-1.461440576166749,0.9108981044461687,-0.9143260204049839,-0.997471732522988,0.9408577341379036,-1.0161329645585022,0
-0.8043672005990544,0.9009088760241706,-1.179024470547907,-0.37169826735340855,-0.911310674287764,0.9048055324001227,0.8577891279455886,0.2744324511807092,1.676259348664909,1.4937680486231246,-0.4814607612315388,-0.4282424977117365,-1.0161329645585022,1
-0.8043672005990544,0.9009088760241706,0.8491410419312149,-0.2674212030712681,-0.911310674287764,0.9048055324001227,0.8577891279455886,1.4316811360790147,1.092167872813765,1.1497546101905376,-0.7394662468772634,0.18686050500331922,0.9841231756854657,0
-0.634918112038349,0.9009088760241706,-1.179024470547907,1.025105879492988,-0.911310674287764,-1.177851894974348,2.4413740852880284,-0.8828162337175963,1.407711543675877,0.3470565871811683,-0.7394662468772634,-1.5790803737592602,0.9841231756854657,0
-0.46546902347764374,0.9009088760241706,0.8491410419312149,-0.25732987426977066,-0.23538436605243465,0.9048055324001227,0.8577891279455886,-0.8828162337175963,0.3939435798422821,1.1497546101905376,-0.4814607612315388,-0.13061201252703214,0.9841231756854657,0
-0.46546902347764374,0.9009088760241706,-0.502969299721533,1.0291013508338,-0.5733475201700994,-1.177851894974348,2.4413740852880284,0.853056793629862,0.9108981044461687,0.3470565871811683,-0.7394662468772634,-1.7973427295613766,0.9841231756854657,0
-0.46546902347764374,-1.1099901739376037,-0.502969299721533,1.0308700970400093,0.10257878806523006,-1.177851894974348,-0.8841543251310949,0.2744324511807092,-1.8752853723150364,-1.2583394588375707,-0.7394662468772634,0.40512286080543575,-1.0161329645585022,0
-0.9738162891597597,0.9009088760241706,0.8491410419312149,-0.249781118139699,-0.911310674287764,0.9048055324001227,0.8577891279455886,-0.8828162337175963,-0.21364582894540246,1.035083464046342,-0.7394662468772634,0.7424374106814341,-1.0161329645585022,0
-0.46546902347764374,0.9009088760241706,-1.179024470547907,1.030238401966363,-0.5733475201700994,-1.177851894974348,-0.013182598592753173,-1.461440576166749,-1.8752853723150364,-0.7996548742607882,-0.997471732522988,0.9210157017922567,0.9841231756854657,0
-0.8043672005990544,-1.1099901739376037,-0.502969299721533,0.8045969216599534,-0.7423290972289317,-1.177851894974348,-0.8841543251310949,-1.461440576166749,0.001192415045823164,-1.2583394588375707,-0.997471732522988,-1.3012919209202027,-1.0161329645585022,1
-0.8043672005990544,-1.1099901739376037,0.8491410419312149,1.0238266969688545,-0.911310674287764,-1.177851894974348,0.6994306322113446,-0.8828162337175963,0.001192415045823164,-0.45564143582820127,-0.7394662468772634,-0.26950623894656084,0.9841231756854657,0
-0.634918112038349,-1.1099901739376037,-0.502969299721533,1.0297962154148108,-0.404365943111267,-1.177851894974348,-1.042512820865339,0.2744324511807092,-1.5496711587658354,-1.3730106049817663,-0.7394662468772634,-0.051243883144444294,0.9841231756854657,0
-0.8043672005990544,-1.1099901739376037,-1.179024470547907,1.0251374642466702,-0.5733475201700994,-1.177851894974348,0.06599664927436881,1.4316811360790147,0.001192415045823164,-0.7996548742607882,-0.997471732522988,0.782121475372728,0.9841231756854657,0
-0.8043672005990544,-1.1099901739376037,0.8491410419312149,1.0251848413771938,-0.911310674287764,-1.177851894974348,-0.5674373336626071,-0.8828162337175963,-1.4254677989584081,-1.143668312693375,-0.7394662468772634,-0.44808453005738347,0.9841231756854657,0
-0.8043672005990544,-1.1099901739376037,1.5251962127575889,1.0261955534950276,-0.404365943111267,-1.177851894974348,-0.2507203421941191,-0.8828162337175963,0.8739727812601764,-0.9143260204049839,-0.997471732522988,-1.5592383414136133,0.9841231756854657,0
-0.634918112038349,-1.1099901739376037,-0.502969299721533,0.49206578397351414,-0.404365943111267,-1.177851894974348,0.8577891279455886,0.2744324511807092,1.7836784706605218,0.003043148748581378,-0.997471732522988,-0.2893482712922078,-1.0161329645585022,1
-0.9738162891597597,0.9009088760241706,0.8491410419312149,-0.24799657955664858,-0.911310674287764,0.9048055324001227,0.8577891279455886,0.853056793629862,-0.08944246913797492,1.035083464046342,-0.997471732522988,-0.5671367241312653,0.9841231756854657,0
-0.2960199349169384,0.9009088760241706,-0.502969299721533,1.0271115113518146,-0.5733475201700994,-1.177851894974348,-0.7891392276905486,0.853056793629862,-1.5496711587658354,-1.2583394588375707,-0.997471732522988,1.317856348705196,-1.0161329645585022,0
-0.8043672005990544,0.9009088760241706,0.8491410419312149,1.0265587781623742,-0.5733475201700994,-1.177851894974348,0.06599664927436881,0.2744324511807092,-1.0495008719737637,-0.7996548742607882,-0.997471732522988,0.3455967637684949,0.9841231756854657,0
-0.2960199349169384,0.9009088760241706,-1.179024470547907,1.0249637481014175,0.4405419421828948,-1.177851894974348,-0.8841543251310949,-1.461440576166749,-1.2979075915886182,-1.2583394588375707,-0.7394662468772634,0.26622863438590705,-1.0161329645585022,0
-0.634918112038349,0.9009088760241706,1.5251962127575889,-0.8120213184384667,-0.911310674287764,0.9048055324001227,-1.2642147148932805,-0.8828162337175963,0.001192415045823164,-0.9143260204049839,-0.997471732522988,0.7027533459901402,-1.0161329645585022,0
-0.8043672005990544,0.9009088760241706,-0.502969299721533,1.0228159848510205,-0.7423290972289317,-1.177851894974348,0.06599664927436881,-0.8828162337175963,-1.173704231781191,-0.7996548742607882,-0.7394662468772634,-1.0036614357354983,0.9841231756854657,0
-0.8043672005990544,-1.1099901739376037,1.5251962127575889,1.0280116768317604,-0.404365943111267,-1.177851894974348,-0.7416316789702754,-1.461440576166749,-1.2979075915886182,-1.2583394588375707,-0.4814607612315388,1.6154868338899002,0.9841231756854657,0
-0.634918112038349,0.9009088760241706,-1.179024470547907,-0.8050884650052,-0.7423290972289317,0.9048055324001227,-1.2642147148932805,-0.8828162337175963,-1.1166378232210217,-0.9143260204049839,-0.997471732522988,1.238488219322608,0.9841231756854657,0
-0.46546902347764374,0.9009088760241706,-0.502969299721533,-0.7757462288343357,-0.5733475201700994,0.9048055324001227,-1.2642147148932805,-1.461440576166749,-0.34120603631519225,-1.0289971665491795,-0.7394662468772634,-1.182239726846321,-1.0161329645585022,0
-0.634918112038349,0.9009088760241706,0.8491410419312149,1.0342812504376986,-0.5733475201700994,-1.177851894974348,0.38271364074285674,0.853056793629862,-1.173704231781191,-0.6849837281165926,-0.7394662468772634,0.38528082845978884,0.9841231756854657,0
-0.46546902347764374,-1.1099901739376037,1.5251962127575889,-0.7741196140196969,0.2715603651240624,0.9048055324001227,-1.2642147148932805,0.2744324511807092,0.6624913848313142,-1.0289971665491795,-0.7394662468772634,0.6829113136444932,0.9841231756854657,0
-0.634918112038349,-1.1099901739376037,0.8491410419312149,-0.7735826732070977,-0.7423290972289317,0.9048055324001227,-1.2642147148932805,0.853056793629862,0.5114332445249834,-1.0289971665491795,-0.7394662468772634,-0.6266628211682062,0.9841231756854657,0
-0.2960199349169384,-1.1099901739376037,1.5251962127575889,-0.7681343031968996,-0.23538436605243465,0.9048055324001227,-1.2642147148932805,1.4316811360790147,0.001192415045823164,-1.0289971665491795,-0.997471732522988,-0.7060309505507939,0.9841231756854657,0
-0.8043672005990544,0.9009088760241706,-0.502969299721533,-0.7495940527853846,-0.404365943111267,0.9048055324001227,-1.2642147148932805,0.853056793629862,1.7736079279734327,-1.0289971665491795,-0.7394662468772634,0.782121475372728,-1.0161329645585022,1
-0.46546902347764374,0.9009088760241706,-0.502969299721533,1.0308700970400093,-0.5733475201700994,-1.177851894974348,-0.5674373336626071,-0.3041918912684436,-1.4254677989584081,-1.143668312693375,-0.7394662468772634,1.0400678958661385,-1.0161329645585022,0
-0.2960199349169384,0.9009088760241706,-0.502969299721533,1.0278063759328253,-0.5733475201700994,-1.177851894974348,0.06599664927436881,-0.3041918912684436,1.2029438423717405,-0.7996548742607882,-0.997471732522988,-0.03140185079879733,-1.0161329645585022,0
-0.9738162891597597,0.9009088760241706,-0.502969299721533,-0.7340859387273713,-0.911310674287764,0.9048055324001227,-1.2642147148932805,-1.461440576166749,0.03811773823181484,-1.0289971665491795,-0.997471732522988,0.2463866020402601,0.9841231756854657,0
-0.9738162891597597,-1.1099901739376037,1.5251962127575889,-0.7193674435114157,-0.5733475201700994,0.9048055324001227,-1.2642147148932805,0.2744324511807092,-1.5496711587658354,-1.0289971665491795,-0.4814607612315388,0.9011736694466097,0.9841231756854657,0
-0.46546902347764374,-1.1099901739376037,-1.179024470547907,-0.7002428751567781,-0.404365943111267,0.9048055324001227,-1.2642147148932805,0.2744324511807092,-1.4724636648314886,-1.143668312693375,-0.997471732522988,-1.0235034680811452,0.9841231756854657,0
-0.8043672005990544,-1.1099901739376037,0.8491410419312149,-0.692141385837266,-0.5733475201700994,0.9048055324001227,-1.2642147148932805,-0.8828162337175963,-0.059230841076708896,-1.143668312693375,-0.4814607612315388,0.22654456969461315,0.9841231756854657,0
-0.2960199349169384,0.9009088760241706,1.5251962127575889,1.026132383987663,-0.23538436605243465,-1.177851894974348,0.06599664927436881,0.853056793629862,0.5785701957722418,-0.7996548742607882,-0.7394662468772634,1.278172284013902,-1.0161329645585022,0
-0.2960199349169384,0.9009088760241706,-1.179024470547907,1.0378029504732758,-0.911310674287764,0.21058638994196582,0.8577891279455886,0.853056793629862,0.7061304031420315,-0.45564143582820127,-0.4814607612315388,0.2463866020402601,0.9841231756854657,0
-0.46546902347764374,0.9009088760241706,0.8491410419312149,-0.6800128404232597,0.10257878806523006,0.9048055324001227,-1.2642147148932805,0.853056793629862,1.7736079279734327,-1.143668312693375,-0.7394662468772634,0.3455967637684949,-1.0161329645585022,0
-0.634918112038349,0.9009088760241706,-0.502969299721533,0.4891284018810595,-0.7423290972289317,-1.177851894974348,1.0161476236798326,0.2744324511807092,1.0787404825643134,0.003043148748581378,-0.4814607612315388,0.008282213892496587,-1.0161329645585022,1
-1.143265377720465,-1.1099901739376037,1.5251962127575889,1.0290697660801176,-0.911310674287764,-1.177851894974348,0.8577891279455886,1.4316811360790147,-0.25392799969375696,-0.45564143582820127,-0.997471732522988,1.2186461869769611,0.9841231756854657,0
-0.9738162891597597,-1.1099901739376037,0.8491410419312149,-0.6584404536582432,-0.911310674287764,0.9048055324001227,-1.2642147148932805,0.2744324511807092,-0.5661148229935064,-1.143668312693375,-0.7394662468772634,-0.11076998018138517,0.9841231756854657,0
-0.2960199349169384,0.9009088760241706,-0.502969299721533,1.0299067620526987,-0.7423290972289317,-1.177851894974348,1.6495816066168083,0.853056793629862,0.954537122756886,0.003043148748581378,-0.7394662468772634,-0.9242933063529105,0.9841231756854657,0
-0.8043672005990544,-1.1099901739376037,-1.179024470547907,1.028406486252789,-0.7423290972289317,-1.177851894974348,2.4413740852880284,0.853056793629862,1.4446368668618692,0.3470565871811683,-0.7394662468772634,-0.32903233598350173,-1.0161329645585022,0
-0.634918112038349,-1.1099901739376037,0.8491410419312149,1.0253901422761287,-0.911310674287764,0.21058638994196582,1.8079401023510524,-0.3041918912684436,1.092167872813765,0.003043148748581378,-0.997471732522988,-0.686188918205147,0.9841231756854657,0
-0.46546902347764374,-1.1099901739376037,-0.502969299721533,-0.770439990215708,-0.7423290972289317,0.21058638994196582,1.2536853672811985,0.2744324511807092,1.0787404825643134,4.819231286804798,-0.997471732522988,-0.5274526594399713,0.9841231756854657,0
-0.2960199349169384,-1.1099901739376037,0.8491410419312149,-0.7721929440450761,-0.23538436605243465,0.21058638994196582,-0.7257958293968509,-0.8828162337175963,-0.37813135950118393,0.23238544103697253,-0.7394662468772634,-1.5393963090679663,0.9841231756854657,0
-0.8043672005990544,-1.1099901739376037,-0.502969299721533,-0.6948260899002623,-0.7423290972289317,0.9048055324001227,-1.2642147148932805,-1.461440576166749,-1.0495008719737637,-1.143668312693375,-0.7394662468772634,-1.182239726846321,-1.0161329645585022,1
-0.634918112038349,0.9009088760241706,-1.179024470547907,-0.5342649945562487,-0.7423290972289317,0.9048055324001227,-1.2642147148932805,-1.461440576166749,0.007906110170548816,-1.2583394588375707,-0.7394662468772634,0.6432272489531993,-1.0161329645585022,0
-0.2960199349169384,0.9009088760241706,1.5251962127575889,-0.6377840247500137,-0.5733475201700994,0.9048055324001227,-1.2642147148932805,1.4316811360790147,1.159304824061023,-1.143668312693375,-0.7394662468772634,1.0995939929030794,-1.0161329645585022,1
-0.8043672005990544,0.9009088760241706,-1.179024470547907,1.0254059346529698,-0.911310674287764,-1.177851894974348,0.6994306322113446,1.4316811360790147,-0.6936750303632967,-0.45564143582820127,-0.7394662468772634,-1.6981325678331418,0.9841231756854657,0
-0.46546902347764374,0.9009088760241706,-0.502969299721533,-0.7699662189104733,-0.7423290972289317,0.21058638994196582,-1.2008713165995828,1.4316811360790147,-0.005521280078902488,-0.9143260204049839,-0.7394662468772634,0.8614896047553159,-1.0161329645585022,0
-0.9738162891597597,0.9009088760241706,1.5251962127575889,-0.7693819009673507,-0.911310674287764,0.21058638994196582,0.5410721364771007,1.4316811360790147,-1.0495008719737637,3.213835240786059,-0.7394662468772634,2.0321695131484865,0.9841231756854657,0
-0.8043672005990544,0.9009088760241706,1.5251962127575889,1.030649003764233,-0.404365943111267,-1.177851894974348,1.1745061194140765,0.853056793629862,-0.6936750303632967,-0.2262991435398101,-0.997471732522988,1.4567505751247247,-1.0161329645585022,0
-0.634918112038349,0.9009088760241706,1.5251962127575889,-0.6274400179190578,-0.404365943111267,0.9048055324001227,-1.2642147148932805,-0.8828162337175963,0.9981761410676039,-1.143668312693375,-0.7394662468772634,-0.15045404487267908,-1.0161329645585022,1
-0.46546902347764374,0.9009088760241706,-1.179024470547907,1.0292434822253704,-0.23538436605243465,-1.177851894974348,1.6495816066168083,-0.3041918912684436,0.001192415045823164,0.003043148748581378,-0.997471732522988,0.2463866020402601,-1.0161329645585022,0
-0.9738162891597597,-1.1099901739376037,-1.179024470547907,1.0313122835915616,-0.911310674287764,-1.177851894974348,1.3328646151483206,0.2744324511807092,-0.6936750303632967,-0.2262991435398101,-0.7394662468772634,0.14717644031202531,0.9841231756854657,0
-0.2960199349169384,0.9009088760241706,-1.179024470547907,1.0259744602192515,-0.911310674287764,-1.177851894974348,1.0161476236798326,-1.461440576166749,-0.6936750303632967,-0.34097028968400567,-0.997471732522988,-0.190138109563973,0.9841231756854657,0
-0.9738162891597597,0.9009088760241706,1.5251962127575889,1.0297014611537638,-0.911310674287764,-1.177851894974348,0.0026532509806712224,0.2744324511807092,0.7430557263280237,-0.7996548742607882,-0.4814607612315388,0.801963507718375,0.9841231756854657,0
-0.2960199349169384,-1.1099901739376037,-0.502969299721533,1.0289276346885472,-0.23538436605243465,-1.177851894974348,1.6495816066168083,-0.3041918912684436,2.2603508245160526,0.003043148748581378,-0.7394662468772634,0.008282213892496587,-1.0161329645585022,0
-0.634918112038349,-1.1099901739376037,-0.502969299721533,1.0265114010318508,-0.5733475201700994,-1.177851894974348,1.0161476236798326,0.853056793629862,0.001192415045823164,-0.34097028968400567,-0.7394662468772634,-0.7457150152420878,0.9841231756854657,0
-0.634918112038349,0.9009088760241706,-1.179024470547907,1.0286117871517242,-0.404365943111267,-1.177851894974348,2.4413740852880284,-0.8828162337175963,2.5255417819427226,0.3470565871811683,-0.997471732522988,0.7027533459901402,-1.0161329645585022,0
-0.8043672005990544,-1.1099901739376037,0.8491410419312149,-0.7694450704747153,-0.911310674287764,0.21058638994196582,-0.2507203421941191,-0.8828162337175963,-0.811164695045998,1.379096902478929,-0.7394662468772634,-0.20998014190961997,-1.0161329645585022,0
-0.2960199349169384,0.9009088760241706,-0.502969299721533,1.028074846339125,-0.7423290972289317,-1.177851894974348,1.6495816066168083,-0.3041918912684436,0.9343960373827085,0.003043148748581378,-0.4814607612315388,1.6750129309268411,0.9841231756854657,0
-0.8043672005990544,0.9009088760241706,0.8491410419312149,-0.3937918025541831,-0.5733475201700994,0.9048055324001227,-1.2642147148932805,1.4316811360790147,-0.3109944082539262,-1.2583394588375707,-0.4814607612315388,0.38528082845978884,-1.0161329645585022,0
-0.8043672005990544,-1.1099901739376037,-1.179024470547907,-0.33389131719568566,-0.23538436605243465,0.9048055324001227,-1.2642147148932805,-0.8828162337175963,0.9981761410676039,-1.2583394588375707,-0.7394662468772634,-1.102871597463733,0.9841231756854657,0
-0.634918112038349,-1.1099901739376037,-0.502969299721533,1.0289276346885472,-0.5733475201700994,-1.177851894974348,0.8894608270924373,1.4316811360790147,0.4040141225293712,-0.45564143582820127,-0.997471732522988,-1.8767108589439645,0.9841231756854657,0
-0.9738162891597597,-1.1099901739376037,-1.179024470547907,-0.33633913560606454,-0.5733475201700994,0.9048055324001227,-1.2642147148932805,0.2744324511807092,1.092167872813765,-1.2583394588375707,-0.4814607612315388,-0.17029607721832604,-1.0161329645585022,0
-0.8043672005990544,0.9009088760241706,1.5251962127575889,0.8026544593084916,-0.5733475201700994,-1.177851894974348,1.3328646151483206,-0.3041918912684436,0.0851136041048956,0.003043148748581378,-0.997471732522988,-0.40840046536608954,-1.0161329645585022,1
-0.8043672005990544,0.9009088760241706,0.8491410419312149,-0.22812976949047675,-0.404365943111267,0.9048055324001227,-1.2642147148932805,-0.8828162337175963,0.4745079213389917,-1.3730106049817663,-0.4814607612315388,0.18686050500331922,0.9841231756854657,0
-0.8043672005990544,0.9009088760241706,1.5251962127575889,1.033191576435659,-0.911310674287764,-1.177851894974348,1.6495816066168083,0.2744324511807092,0.4040141225293712,0.003043148748581378,-0.7394662468772634,1.278172284013902,-1.0161329645585022,0
-0.634918112038349,0.9009088760241706,-1.179024470547907,1.0275379055265257,-0.5733475201700994,-1.177851894974348,1.0161476236798326,-1.461440576166749,-0.46205254856025635,-0.34097028968400567,-0.997471732522988,-1.3012919209202027,0.9841231756854657,0
-1.143265377720465,0.9009088760241706,0.8491410419312149,-0.2824081686935233,-0.911310674287764,0.9048055324001227,-1.2642147148932805,1.4316811360790147,1.5486991412951188,-1.2583394588375707,-0.4814607612315388,-0.07108591549009124,-1.0161329645585022,1
-0.8043672005990544,-1.1099901739376037,-1.179024470547907,-0.11189787593958268,-0.911310674287764,0.9048055324001227,-1.2642147148932805,0.2744324511807092,1.0015329886299666,-1.3730106049817663,-0.4814607612315388,-0.13061201252703214,-1.0161329645585022,0
-0.634918112038349,0.9009088760241706,-1.179024470547907,1.0253585575224464,-0.404365943111267,-1.177851894974348,-1.121692068732461,-0.8828162337175963,0.001192415045823164,-1.3730106049817663,-0.7394662468772634,-0.4877685947486774,0.9841231756854657,0
-1.143265377720465,0.9009088760241706,-0.502969299721533,-0.22613993000849134,-0.911310674287764,0.9048055324001227,-1.2642147148932805,1.4316811360790147,1.327147202179168,-1.3730106049817663,-0.4814607612315388,1.5361187045073124,-1.0161329645585022,1
-0.634918112038349,-1.1099901739376037,-1.179024470547907,-0.07118512844308744,-0.06640278899360229,0.9048055324001227,-1.2642147148932805,0.2744324511807092,0.954537122756886,-1.3730106049817663,-0.4814607612315388,0.22654456969461315,0.9841231756854657,0
-0.46546902347764374,-1.1099901739376037,0.8491410419312149,1.0333337078272293,-0.7423290972289317,-1.177851894974348,1.6495816066168083,-0.3041918912684436,0.04483143335654109,0.003043148748581378,-0.4814607612315388,-0.38855843302044263,0.9841231756854657,0
-0.634918112038349,0.9009088760241706,0.8491410419312149,0.798201009039286,-0.7423290972289317,-1.177851894974348,2.4413740852880284,-1.461440576166749,1.0015329886299666,0.5763988794695595,-0.997471732522988,0.5043330225336705,-1.0161329645585022,1
-0.2960199349169384,-1.1099901739376037,-0.502969299721533,1.032180864317825,-0.5733475201700994,-1.177851894974348,2.4413740852880284,-0.3041918912684436,1.5956950071681995,0.3470565871811683,-0.4814607612315388,-0.6068207888225592,0.9841231756854657,0
-0.8043672005990544,-1.1099901739376037,-0.502969299721533,1.032780974637789,-0.23538436605243465,-1.177851894974348,2.12465709381954,-0.8828162337175963,0.007906110170548816,0.23238544103697253,-0.997471732522988,1.1988041546313142,-1.0161329645585022,0
-0.2960199349169384,0.9009088760241706,-1.179024470547907,1.028801295673818,-0.404365943111267,-1.177851894974348,2.4413740852880284,-0.8828162337175963,-0.41841353024953903,0.3470565871811683,-0.7394662468772634,-0.7060309505507939,0.9841231756854657,0
-0.634918112038349,-1.1099901739376037,-0.502969299721533,1.0242372987667245,-0.7423290972289317,-1.177851894974348,-0.013182598592753173,-0.3041918912684436,0.2193875065994116,-0.7996548742607882,-0.997471732522988,-1.3409759856114967,0.9841231756854657,0
-0.46546902347764374,0.9009088760241706,0.8491410419312149,1.0258797059582045,-0.5733475201700994,0.21058638994196582,-1.042512820865339,-0.8828162337175963,-0.29085332287974863,-1.3730106049817663,-0.7394662468772634,-0.15045404487267908,0.9841231756854657,0
-0.8043672005990544,-1.1099901739376037,0.8491410419312149,0.08132185471193755,-0.911310674287764,0.9048055324001227,-1.2642147148932805,-1.461440576166749,0.04483143335654109,-1.3730106049817663,-0.4814607612315388,-1.658448503141848,0.9841231756854657,0
-0.9738162891597597,0.9009088760241706,0.8491410419312149,0.30609475429208366,-0.911310674287764,0.9048055324001227,-1.2642147148932805,-0.8828162337175963,0.2965950005337584,-1.3730106049817663,-0.997471732522988,0.5241750548793175,-1.0161329645585022,0
-0.9738162891597597,0.9009088760241706,-0.502969299721533,-0.7718139270008885,-0.911310674287764,0.21058638994196582,0.5410721364771007,0.853056793629862,-0.7138161157374736,3.213835240786059,-0.4814607612315388,0.6035431842619053,-1.0161329645585022,0
-0.634918112038349,-1.1099901739376037,0.8491410419312149,1.0307121732715976,-0.7423290972289317,-1.177851894974348,0.38271364074285674,-0.8828162337175963,0.001192415045823164,-0.6849837281165926,-0.4814607612315388,1.0797519605574324,0.9841231756854657,0
-0.46546902347764374,-1.1099901739376037,0.8491410419312149,-1.0014824634017923,-0.5733475201700994,0.9048055324001227,-1.2721326396799926,-0.3041918912684436,1.4312094766124175,-0.570312581972397,-0.997471732522988,0.26622863438590705,-1.0161329645585022,1
-0.9738162891597597,0.9009088760241706,-1.179024470547907,1.0404086926520664,-0.911310674287764,-1.177851894974348,1.6495816066168083,-0.8828162337175963,1.327147202179168,0.003043148748581378,-0.997471732522988,1.1392780575943733,0.9841231756854657,0
-1.143265377720465,-1.1099901739376037,-0.502969299721533,-0.7656706924096794,-0.404365943111267,0.21058638994196582,-0.7257958293968509,1.4316811360790147,-1.173704231781191,0.23238544103697253,-0.997471732522988,-0.5076106270943244,0.9841231756854657,0
-0.9738162891597597,0.9009088760241706,1.5251962127575889,-0.5934864077105765,-0.7423290972289317,0.9048055324001227,-1.2721326396799926,1.4316811360790147,1.4110683912382405,-1.143668312693375,-0.7394662468772634,-0.44808453005738347,-1.0161329645585022,0
-0.46546902347764374,0.9009088760241706,0.8491410419312149,1.0505631909609283,-0.7423290972289317,0.21058638994196582,0.8577891279455886,-0.8828162337175963,0.7061304031420315,-0.45564143582820127,-0.4814607612315388,-0.26950623894656084,0.9841231756854657,0
-0.2960199349169384,0.9009088760241706,1.5251962127575889,-0.7332173580011079,-0.911310674287764,0.9048055324001227,-1.2760916020733488,0.2744324511807092,1.417782086362966,-1.0289971665491795,-0.7394662468772634,0.2463866020402601,0.9841231756854657,0
-0.46546902347764374,0.9009088760241706,0.8491410419312149,1.047041490925351,0.10257878806523006,-1.177851894974348,0.6360872339176471,0.2744324511807092,0.3301634761573873,-0.570312581972397,-0.997471732522988,-1.2219237915376149,0.9841231756854657,0
-0.46546902347764374,-1.1099901739376037,-1.179024470547907,1.047246791824286,-0.404365943111267,-1.177851894974348,0.5410721364771007,1.4316811360790147,0.001192415045823164,-0.570312581972397,-0.997471732522988,0.7225953783357871,0.9841231756854657,0
-0.8043672005990544,0.9009088760241706,1.5251962127575889,1.0493629703210006,-0.5733475201700994,-1.177851894974348,-0.9474977234247925,0.853056793629862,-1.7510820125076092,-1.3730106049817663,-0.4814607612315388,0.8614896047553159,0.9841231756854657,0
-0.634918112038349,-1.1099901739376037,1.5251962127575889,1.0452569523423005,-0.7423290972289317,-1.177851894974348,1.712925004910506,-0.8828162337175963,-0.0860856215756121,0.003043148748581378,-0.997471732522988,1.4964346398160184,-1.0161329645585022,0
-0.9738162891597597,-1.1099901739376037,0.8491410419312149,-1.0223915703394804,-0.5733475201700994,0.9048055324001227,-1.2800505644667048,1.4316811360790147,-1.3482603050240614,-0.45564143582820127,-0.997471732522988,0.286070666731554,0.9841231756854657,0
-0.46546902347764374,0.9009088760241706,-0.502969299721533,1.044167278340261,-0.404365943111267,-1.177851894974348,-0.9474977234247925,-0.8828162337175963,0.27645391515958084,-1.3730106049817663,-0.7394662468772634,0.6432272489531993,0.9841231756854657,0
-0.8043672005990544,0.9009088760241706,0.8491410419312149,-0.7772938817647689,-0.911310674287764,0.21058638994196582,-1.1058562191590364,1.4316811360790147,0.2865244578466693,-0.6849837281165926,-0.4814607612315388,0.6035431842619053,0.9841231756854657,0
-0.8043672005990544,0.9009088760241706,1.5251962127575889,-0.982184178901902,-0.911310674287764,0.9048055324001227,-1.2800505644667048,-1.461440576166749,0.001192415045823164,-0.6849837281165926,-0.4814607612315388,-1.0433455004267922,-1.0161329645585022,0
-1.143265377720465,-1.1099901739376037,0.8491410419312149,1.0463940034748638,-0.911310674287764,-1.177851894974348,-0.2903099661276801,-1.461440576166749,0.001192415045823164,-1.0289971665491795,-0.4814607612315388,-1.3608180179571436,0.9841231756854657,0
-0.8043672005990544,-1.1099901739376037,1.5251962127575889,-0.983731831832335,-0.5733475201700994,0.9048055324001227,-1.2800505644667048,0.2744324511807092,-0.7138161157374736,-0.570312581972397,-0.997471732522988,0.5440170872249644,-1.0161329645585022,0
-0.46546902347764374,0.9009088760241706,0.8491410419312149,1.063244469564375,-0.911310674287764,-1.177851894974348,0.8577891279455886,-0.3041918912684436,-0.21364582894540246,-0.45564143582820127,-0.7394662468772634,0.6432272489531993,-1.0161329645585022,0
-0.9738162891597597,0.9009088760241706,0.8491410419312149,-0.7769306570974224,-0.404365943111267,0.21058638994196582,-0.8010161148706169,0.853056793629862,-1.173704231781191,0.1177142948927768,-0.4814607612315388,-2.154499311783022,0.9841231756854657,0
-0.46546902347764374,-1.1099901739376037,-0.502969299721533,-0.9741616514665957,-0.23538436605243465,0.9048055324001227,-1.2800505644667048,1.4316811360790147,0.665848232393677,-0.6849837281165926,-0.997471732522988,0.6035431842619053,-1.0161329645585022,1
-0.8043672005990544,-1.1099901739376037,-0.502969299721533,1.0642078045516854,-0.7423290972289317,-1.177851894974348,1.0161476236798326,-0.8828162337175963,0.8336906105118219,-0.34097028968400567,-0.997471732522988,0.7622794430270811,-1.0161329645585022,0
-0.46546902347764374,0.9009088760241706,0.8491410419312149,-0.769302939083145,-0.23538436605243465,0.21058638994196582,-0.09236184645987515,1.4316811360790147,0.001192415045823164,1.7231103409115156,-0.7394662468772634,0.7027533459901402,0.9841231756854657,0
-0.46546902347764374,0.9009088760241706,1.5251962127575889,0.8423564946871529,-0.404365943111267,-1.177851894974348,0.38271364074285674,-1.461440576166749,1.6729025011025462,-0.570312581972397,-0.7394662468772634,-0.17029607721832604,-1.0161329645585022,1
-0.9738162891597597,0.9009088760241706,0.8491410419312149,-0.7748302709775489,-0.7423290972289317,0.21058638994196582,-0.7257958293968509,1.4316811360790147,0.2965950005337584,0.23238544103697253,-0.997471732522988,0.4249648931510827,-1.0161329645585022,0
-0.9738162891597597,0.9009088760241706,0.8491410419312149,1.0659133812505301,-0.5733475201700994,-1.177851894974348,-0.5674373336626071,0.2744324511807092,-1.371758237960602,-1.143668312693375,-0.997471732522988,0.46464895784237664,0.9841231756854657,0
-0.46546902347764374,0.9009088760241706,0.8491410419312149,1.0645868215958731,-0.5733475201700994,-1.177851894974348,4.024959042630468,0.853056793629862,0.9377528849450718,1.1497546101905376,-0.7394662468772634,-0.38855843302044263,0.9841231756854657,0
-0.8043672005990544,-1.1099901739376037,-0.502969299721533,1.0651395547853135,-0.911310674287764,-1.177851894974348,0.38271364074285674,0.853056793629862,-1.2475548781531747,-0.6849837281165926,-0.7394662468772634,0.6233852166075523,-1.0161329645585022,0
-0.9738162891597597,0.9009088760241706,-1.179024470547907,-0.7821105567013209,-0.911310674287764,0.21058638994196582,0.06599664927436881,1.4316811360790147,0.001192415045823164,2.1817949254882985,-0.997471732522988,0.2463866020402601,0.9841231756854657,0
-0.2960199349169384,-1.1099901739376037,-1.179024470547907,1.0727988575532732,-0.06640278899360229,-1.177851894974348,-0.7574675285436998,-0.8828162337175963,0.001192415045823164,-1.2583394588375707,-0.7394662468772634,0.8614896047553159,-1.0161329645585022,0
-0.9738162891597597,0.9009088760241706,-0.502969299721533,-0.7802470562340647,-0.911310674287764,0.21058638994196582,-0.765385453330412,0.853056793629862,-0.33784918875282943,0.23238544103697253,-0.4814607612315388,0.4844909901880236,0.9841231756854657,0
-0.46546902347764374,0.9009088760241706,0.8491410419312149,1.0663713601789235,-0.7423290972289317,-1.177851894974348,1.6495816066168083,0.853056793629862,0.7464125738903866,0.003043148748581378,-0.4814607612315388,-0.5472946917856183,-1.0161329645585022,0
-0.2960199349169384,-1.1099901739376037,0.8491410419312149,-0.9713506083888703,-0.06640278899360229,0.9048055324001227,-1.2800505644667048,0.853056793629862,-0.5896127559300467,-0.6849837281165926,-0.4814607612315388,1.0003838311748445,-1.0161329645585022,0
-1.143265377720465,-1.1099901739376037,-0.502969299721533,-0.9492728655649368,-0.911310674287764,0.9048055324001227,-1.2800505644667048,-0.8828162337175963,0.2865244578466693,-0.6849837281165926,-0.997471732522988,-0.22982217425526694,0.9841231756854657,0
-0.2960199349169384,-1.1099901739376037,0.8491410419312149,1.0684875386756383,-0.23538436605243465,-1.177851894974348,-0.5674373336626071,0.853056793629862,-1.173704231781191,-1.143668312693375,-0.997471732522988,-2.4719718293133734,0.9841231756854657,0
-0.46546902347764374,-1.1099901739376037,-0.502969299721533,1.0660239278884183,-0.7423290972289317,-1.177851894974348,0.06599664927436881,0.853056793629862,0.860545391010725,-0.7996548742607882,-0.4814607612315388,-0.7258729828964409,-1.0161329645585022,0
-0.46546902347764374,-1.1099901739376037,0.8491410419312149,1.0610335368066135,-0.404365943111267,-1.177851894974348,0.06599664927436881,0.2744324511807092,-0.6936750303632967,-0.7996548742607882,-0.4814607612315388,-1.5592383414136133,0.9841231756854657,0
-1.143265377720465,-1.1099901739376037,-0.502969299721533,-0.9456248265146303,-0.911310674287764,0.9048055324001227,-1.2800505644667048,-0.8828162337175963,0.001192415045823164,-0.7996548742607882,-0.7394662468772634,0.6630692812988462,0.9841231756854657,0
-0.8043672005990544,0.9009088760241706,-1.179024470547907,1.0652027242926783,-0.5733475201700994,-1.177851894974348,0.25602684415546156,-0.8828162337175963,-0.005521280078902488,-0.6849837281165926,-0.7394662468772634,0.7027533459901402,0.9841231756854657,0
-0.46546902347764374,-1.1099901739376037,0.8491410419312149,-0.9324066070985844,-0.911310674287764,0.9048055324001227,-1.2800505644667048,0.2744324511807092,-1.3751150855229646,-0.7996548742607882,-0.4814607612315388,-1.162397694500674,0.9841231756854657,0
-1.143265377720465,0.9009088760241706,0.8491410419312149,-0.929090207961942,-0.911310674287764,0.9048055324001227,-1.2800505644667048,-1.461440576166749,2.562467105128714,-0.7996548742607882,-0.997471732522988,-1.0433455004267922,-1.0161329645585022,1
-0.634918112038349,-1.1099901739376037,1.5251962127575889,0.5317046498448109,-0.5733475201700994,-1.177851894974348,-0.17550005672035324,0.2744324511807092,0.665848232393677,-0.7996548742607882,-0.4814607612315388,0.20670253734896618,-1.0161329645585022,1
-0.9738162891597597,0.9009088760241706,-1.179024470547907,-0.9078178763569074,-0.911310674287764,0.9048055324001227,-1.2800505644667048,-0.3041918912684436,2.562467105128714,-0.7996548742607882,-0.997471732522988,-0.13061201252703214,-1.0161329645585022,1
-0.634918112038349,0.9009088760241706,-0.502969299721533,1.078720998868706,-0.23538436605243465,-1.177851894974348,-0.2507203421941191,0.853056793629862,0.561785957960427,-1.0289971665491795,-0.4814607612315388,0.801963507718375,0.9841231756854657,0
-0.9738162891597597,0.9009088760241706,-1.179024470547907,1.086190793114572,-0.911310674287764,-1.177851894974348,-0.4090788379283631,-0.8828162337175963,-1.173704231781191,-1.0289971665491795,-0.4814607612315388,-0.07108591549009124,-1.0161329645585022,0
-0.634918112038349,0.9009088760241706,0.8491410419312149,1.086001284592478,-0.7423290972289317,-1.177851894974348,-0.765385453330412,0.853056793629862,-0.005521280078902488,-1.2583394588375707,-0.7394662468772634,-0.6663468858595001,0.9841231756854657,0
-1.143265377720465,0.9009088760241706,1.5251962127575889,-0.9040750830455538,-0.7423290972289317,0.9048055324001227,-1.2800505644667048,-1.461440576166749,0.5382880250238866,-0.7996548742607882,-0.997471732522988,0.7622794430270811,0.9841231756854657,0
-0.2960199349169384,0.9009088760241706,-1.179024470547907,-0.9009166076773231,-0.5733475201700994,0.9048055324001227,-1.2800505644667048,-0.8828162337175963,0.11868207972852446,-0.7996548742607882,-0.997471732522988,0.12733440796637835,0.9841231756854657,0
-1.143265377720465,-1.1099901739376037,-0.502969299721533,-0.9030959556814023,-0.911310674287764,0.9048055324001227,-1.2800505644667048,0.853056793629862,0.6255660616453219,-0.7996548742607882,-0.4814607612315388,0.06780831092943747,0.9841231756854657,0
-0.2960199349169384,-1.1099901739376037,-1.179024470547907,0.8715565994664468,-0.404365943111267,-1.177851894974348,2.4413740852880284,-1.461440576166749,1.4446368668618692,0.5763988794695595,-0.7394662468772634,0.38528082845978884,-1.0161329645585022,1
-0.2960199349169384,-1.1099901739376037,-0.502969299721533,1.1038940475535057,-0.404365943111267,-1.177851894974348,-1.2008713165995828,0.2744324511807092,-1.8752853723150364,-1.487681751125962,-0.4814607612315388,1.3972244780877838,-1.0161329645585022,0
-0.46546902347764374,0.9009088760241706,0.8491410419312149,1.1064682049786139,-0.911310674287764,0.21058638994196582,0.06599664927436881,-0.3041918912684436,-1.4993184453303918,-0.7996548742607882,-0.7394662468772634,0.22654456969461315,0.9841231756854657,0
-0.8043672005990544,-1.1099901739376037,-0.502969299721533,1.0986351860654013,-0.7423290972289317,-1.177851894974348,1.0161476236798326,0.2744324511807092,-1.6705176710108995,-0.34097028968400567,-0.4814607612315388,1.1194360252487263,0.9841231756854657,0
-1.143265377720465,-1.1099901739376037,1.5251962127575889,-0.9056385283528281,-0.911310674287764,0.9048055324001227,-1.2800505644667048,0.853056793629862,0.3939435798422821,-0.7996548742607882,-0.4814607612315388,0.6432272489531993,-1.0161329645585022,1
-0.2960199349169384,-1.1099901739376037,-0.502969299721533,-0.8944259407956088,0.10257878806523006,0.9048055324001227,-1.2800505644667048,-0.8828162337175963,-1.8752853723150364,-0.9143260204049839,-0.4814607612315388,-0.6266628211682062,0.9841231756854657,0
-0.46546902347764374,-1.1099901739376037,-0.502969299721533,1.1009408730842098,-0.23538436605243465,0.21058638994196582,-1.2008713165995828,0.2744324511807092,0.001192415045823164,-1.487681751125962,-0.4814607612315388,1.278172284013902,0.9841231756854657,0
-0.634918112038349,-1.1099901739376037,-1.179024470547907,1.1051100605702746,-0.911310674287764,-1.177851894974348,0.38271364074285674,-0.8828162337175963,-0.21700267650776528,-0.6849837281165926,-0.4814607612315388,0.5638591195706114,0.9841231756854657,0
-0.9738162891597597,-1.1099901739376037,-0.502969299721533,-0.7930546738522407,-0.911310674287764,0.21058638994196582,-0.2507203421941191,1.4316811360790147,-1.173704231781191,1.4937680486231246,-0.7394662468772634,0.801963507718375,-1.0161329645585022,0
-0.8043672005990544,0.9009088760241706,1.5251962127575889,-0.7922966397638652,-0.7423290972289317,0.21058638994196582,0.38271364074285674,1.4316811360790147,0.001192415045823164,2.984492948497668,-0.4814607612315388,0.6829113136444932,-1.0161329645585022,0
-0.9738162891597597,-1.1099901739376037,0.8491410419312149,1.1081106121700939,-0.911310674287764,-1.177851894974348,0.22435514500861276,0.2744324511807092,0.001192415045823164,-0.7996548742607882,-0.7394662468772634,-0.8449251769703227,0.9841231756854657,0
-0.2960199349169384,-1.1099901739376037,-0.502969299721533,0.8755678631841,-0.5733475201700994,-1.177851894974348,1.6495816066168083,-1.461440576166749,0.5114332445249834,0.1177142948927768,-0.4814607612315388,0.8813316371009629,-1.0161329645585022,1
-0.9738162891597597,0.9009088760241706,-1.179024470547907,-0.8861191505771617,-0.911310674287764,0.9048055324001227,-1.2800505644667048,0.2744324511807092,0.001192415045823164,-0.9143260204049839,-0.7394662468772634,0.286070666731554,-1.0161329645585022,1
-0.2960199349169384,-1.1099901739376037,-0.502969299721533,1.1098161888689384,0.2715603651240624,-1.177851894974348,-0.5674373336626071,0.853056793629862,-0.12972463988633004,-1.143668312693375,-0.997471732522988,-1.9759210206721993,0.9841231756854657,0
-0.2960199349169384,0.9009088760241706,-1.179024470547907,1.1195442930030894,-0.23538436605243465,-1.177851894974348,0.8577891279455886,0.853056793629862,-1.2475548781531747,-0.45564143582820127,-0.7394662468772634,0.6829113136444932,-1.0161329645585022,0
-0.8043672005990544,0.9009088760241706,-0.502969299721533,1.1181861485947502,-0.7423290972289317,-1.177851894974348,-0.7257958293968509,-1.461440576166749,-1.4724636648314886,-1.2583394588375707,-0.7394662468772634,0.5241750548793175,-1.0161329645585022,0
-0.8043672005990544,0.9009088760241706,-1.179024470547907,1.1190389369441724,-0.404365943111267,-1.177851894974348,2.91644957249076,0.2744324511807092,0.001192415045823164,0.5763988794695595,-0.997471732522988,-1.9163949236352584,0.9841231756854657,0
-1.143265377720465,0.9009088760241706,0.8491410419312149,0.8914234095326187,-0.911310674287764,-1.177851894974348,1.0161476236798326,-0.8828162337175963,0.830333762949459,-0.2262991435398101,-0.997471732522988,-0.6068207888225592,-1.0161329645585022,1
-0.8043672005990544,0.9009088760241706,1.5251962127575889,1.1200970261925298,-0.404365943111267,-1.177851894974348,0.7627740305050422,1.4316811360790147,0.001192415045823164,-0.45564143582820127,-0.997471732522988,-0.7060309505507939,0.9841231756854657,0
-0.8043672005990544,0.9009088760241706,-1.179024470547907,-0.7960710178289011,-0.7423290972289317,0.21058638994196582,-0.5674373336626071,1.4316811360790147,1.417782086362966,0.6910700256137552,-0.997471732522988,-0.40840046536608954,0.9841231756854657,0
-0.8043672005990544,0.9009088760241706,0.8491410419312149,-0.7887907321051291,-0.911310674287764,0.21058638994196582,-0.7257958293968509,-0.8828162337175963,-1.1804179269059165,0.3470565871811683,-0.997471732522988,0.16701847265767225,-1.0161329645585022,0
-0.8043672005990544,0.9009088760241706,-0.502969299721533,1.1261455065226917,-0.5733475201700994,-1.177851894974348,4.024959042630468,-0.8828162337175963,-0.707102420612748,1.035083464046342,-0.4814607612315388,-1.4203441149940845,0.9841231756854657,0
-0.46546902347764374,-1.1099901739376037,-1.179024470547907,1.123397632952331,-0.23538436605243465,-1.177851894974348,1.6495816066168083,-0.8828162337175963,0.23617174441122635,-0.11162799739561437,-0.4814607612315388,0.4448069254967297,0.9841231756854657,0
-0.46546902347764374,0.9009088760241706,-1.179024470547907,1.1248821163753995,-0.06640278899360229,0.21058638994196582,0.8577891279455886,0.853056793629862,-1.0427871768490378,-0.45564143582820127,-0.7394662468772634,0.7424374106814341,0.9841231756854657,0
-0.8043672005990544,0.9009088760241706,0.8491410419312149,-0.8674209763972353,-0.404365943111267,0.9048055324001227,-1.2800505644667048,-1.461440576166749,-0.4654093961226198,-0.9143260204049839,-0.7394662468772634,0.7424374106814341,0.9841231756854657,0
-0.46546902347764374,-1.1099901739376037,0.8491410419312149,-0.7957867550457604,-0.5733475201700994,0.21058638994196582,-0.5674373336626071,-0.3041918912684436,-1.8752853723150364,0.6910700256137552,-0.7394662468772634,-0.011559818453150373,-1.0161329645585022,0
-0.46546902347764374,0.9009088760241706,-0.502969299721533,1.1232239168070783,-0.5733475201700994,-1.177851894974348,3.2331665639592484,0.2744324511807092,1.0955247203761276,0.6910700256137552,-0.4814607612315388,0.8416475724096689,0.9841231756854657,0
-0.634918112038349,0.9009088760241706,-0.502969299721533,-0.8672156754983003,0.10257878806523006,0.9048055324001227,-1.2800505644667048,0.2744324511807092,0.7866947446387411,-0.9143260204049839,-0.4814607612315388,1.2186461869769611,0.9841231756854657,0
-0.9738162891597597,0.9009088760241706,0.8491410419312149,-0.844237767194421,-0.7423290972289317,0.9048055324001227,-1.2800505644667048,0.2744324511807092,0.2865244578466693,-0.9143260204049839,-0.997471732522988,-0.32903233598350173,0.9841231756854657,0
-0.46546902347764374,-1.1099901739376037,-0.502969299721533,1.1225290522260676,-0.7423290972289317,-1.177851894974348,0.38271364074285674,0.853056793629862,-0.3680608168140954,-0.6849837281165926,-0.7394662468772634,0.3455967637684949,-1.0161329645585022,0
-0.9738162891597597,0.9009088760241706,0.8491410419312149,-0.7870535706526021,-0.911310674287764,0.21058638994196582,-0.8524826259842462,-1.461440576166749,1.5486991412951188,0.003043148748581378,-0.997471732522988,0.6035431842619053,0.9841231756854657,0
-0.634918112038349,0.9009088760241706,-1.179024470547907,-0.8097788009270228,-0.911310674287764,0.9048055324001227,-1.2800505644667048,-1.461440576166749,-1.1166378232210217,-1.0289971665491795,-0.997471732522988,-0.22982217425526694,0.9841231756854657,0
-0.9738162891597597,-1.1099901739376037,-1.179024470547907,-0.7942548944921684,-0.404365943111267,0.9048055324001227,-1.2800505644667048,-0.8828162337175963,2.6128198185641573,-1.0289971665491795,-0.7394662468772634,0.0479662785837905,-1.0161329645585022,1
-1.143265377720465,0.9009088760241706,0.8491410419312149,-0.7892329186566813,-0.911310674287764,0.9048055324001227,-1.2800505644667048,-0.8828162337175963,0.001192415045823164,-1.0289971665491795,-0.7394662468772634,-2.5513399586959613,0.9841231756854657,0
-0.634918112038349,0.9009088760241706,1.5251962127575889,-0.7911437962544611,-0.23538436605243465,0.9048055324001227,-1.2800505644667048,-0.8828162337175963,0.001192415045823164,-1.0289971665491795,-0.7394662468772634,1.317856348705196,0.9841231756854657,0
-0.634918112038349,0.9009088760241706,-0.502969299721533,1.1240293280259772,-0.7423290972289317,0.21058638994196582,2.91644957249076,-0.3041918912684436,-0.3680608168140954,0.5763988794695595,-0.7394662468772634,1.0003838311748445,0.9841231756854657,0
-0.2960199349169384,0.9009088760241706,-1.179024470547907,-0.7884117150609413,-0.911310674287764,0.9048055324001227,-1.2800505644667048,-0.8828162337175963,1.1861596045599256,-1.0289971665491795,-0.4814607612315388,0.5241750548793175,-1.0161329645585022,1
-0.8043672005990544,-1.1099901739376037,0.8491410419312149,-0.7941285554774391,-0.911310674287764,0.9048055324001227,-1.2800505644667048,1.4316811360790147,0.16232109803924238,-1.0289971665491795,-0.997471732522988,-0.9441353386985575,0.9841231756854657,0
-0.46546902347764374,0.9009088760241706,0.8491410419312149,0.5704117654824795,-0.911310674287764,-1.177851894974348,4.024959042630468,0.2744324511807092,2.780662196682302,1.8377814870557112,-0.997471732522988,0.3455967637684949,-1.0161329645585022,1
-0.46546902347764374,-1.1099901739376037,-1.179024470547907,1.1252927181732695,-0.404365943111267,-1.177851894974348,0.6994306322113446,0.853056793629862,0.001192415045823164,-0.570312581972397,-0.4814607612315388,-0.36871640067479566,0.9841231756854657,0
-0.46546902347764374,0.9009088760241706,0.8491410419312149,1.121439378224028,-0.23538436605243465,-1.177851894974348,0.06599664927436881,1.4316811360790147,-1.6839450612603513,-0.7996548742607882,-0.7394662468772634,-0.24966420660091387,0.9841231756854657,0
-1.143265377720465,0.9009088760241706,0.8491410419312149,-0.7872904563052194,-0.911310674287764,0.9048055324001227,-1.2800505644667048,-0.8828162337175963,0.954537122756886,-1.0289971665491795,-0.4814607612315388,-0.11076998018138517,0.9841231756854657,0
-0.8043672005990544,-1.1099901739376037,-1.179024470547907,1.1242030441712298,-0.404365943111267,-1.177851894974348,-0.7257958293968509,-0.8828162337175963,0.001192415045823164,-1.2583394588375707,-0.997471732522988,0.10749237562073138,-1.0161329645585022,0
-0.2960199349169384,0.9009088760241706,-1.179024470547907,-0.7714980794640653,-0.911310674287764,0.9048055324001227,-1.2800505644667048,-1.461440576166749,1.239869165557732,-1.0289971665491795,-0.997471732522988,-1.2616078562289088,-1.0161329645585022,1
-0.46546902347764374,0.9009088760241706,1.5251962127575889,1.1290828886151465,-0.404365943111267,0.21058638994196582,2.4413740852880284,0.853056793629862,-0.1397951825734185,0.3470565871811683,-0.997471732522988,-0.20998014190961997,0.9841231756854657,0
-0.2960199349169384,0.9009088760241706,-1.179024470547907,-0.7689555067926396,-0.5733475201700994,0.9048055324001227,-1.2800505644667048,0.2744324511807092,0.8336906105118219,-1.0289971665491795,-0.997471732522988,0.008282213892496587,0.9841231756854657,0
-0.2960199349169384,-1.1099901739376037,-0.502969299721533,1.1224658827187028,-0.06640278899360229,0.21058638994196582,-0.5674373336626071,0.2744324511807092,-1.8752853723150364,-1.143668312693375,-0.4814607612315388,-0.3488743683291487,0.9841231756854657,0
-0.2960199349169384,-1.1099901739376037,-1.179024470547907,1.1243767603164825,-0.404365943111267,-1.177851894974348,0.0976683484212176,0.853056793629862,-1.1804179269059165,-0.7996548742607882,-0.4814607612315388,-0.9242933063529105,0.9841231756854657,0
-0.9738162891597597,0.9009088760241706,0.8491410419312149,-0.7477937218254931,-0.911310674287764,0.9048055324001227,-1.2800505644667048,-0.8828162337175963,0.03476089066945202,-1.0289971665491795,-0.7394662468772634,-1.9362369559809054,0.9841231756854657,0
-0.634918112038349,-1.1099901739376037,-0.502969299721533,1.1231449549228725,-0.5733475201700994,-1.177851894974348,0.8577891279455886,0.853056793629862,-1.1233515183457474,-0.45564143582820127,-0.7394662468772634,0.3455967637684949,-1.0161329645585022,0
-1.143265377720465,-1.1099901739376037,0.8491410419312149,1.1186915046536672,-0.911310674287764,-1.177851894974348,-0.5674373336626071,0.853056793629862,-1.7510820125076092,-1.143668312693375,-0.997471732522988,-0.6663468858595001,-1.0161329645585022,0
-0.634918112038349,-1.1099901739376037,0.8491410419312149,1.1258454513627099,-0.404365943111267,-1.177851894974348,2.4413740852880284,-1.461440576166749,-0.33784918875282943,0.3470565871811683,-0.997471732522988,1.1789621222856672,-1.0161329645585022,0
-0.46546902347764374,-1.1099901739376037,1.5251962127575889,-0.240147768266595,-0.23538436605243465,0.9048055324001227,0.8577891279455886,-0.8828162337175963,1.0955247203761276,1.035083464046342,-0.997471732522988,-0.5472946917856183,-1.0161329645585022,0
-0.46546902347764374,0.9009088760241706,0.8491410419312149,0.8968559871659757,-0.7423290972289317,-1.177851894974348,-0.7257958293968509,-1.461440576166749,1.1861596045599256,-1.143668312693375,-0.997471732522988,0.6630692812988462,-1.0161329645585022,1
-0.2960199349169384,0.9009088760241706,-0.502969299721533,1.1261612988995329,0.4405419421828948,-1.177851894974348,0.8261174287987398,0.853056793629862,0.001192415045823164,-0.45564143582820127,-0.7394662468772634,-1.7973427295613766,0.9841231756854657,0
-0.2960199349169384,-1.1099901739376037,-0.502969299721533,0.8974876822396218,-0.911310674287764,-1.177851894974348,0.38271364074285674,0.853056793629862,-1.2475548781531747,-0.570312581972397,-0.997471732522988,-0.5472946917856183,-1.0161329645585022,1
-0.2960199349169384,0.9009088760241706,-0.502969299721533,-0.23951607319294885,-0.7423290972289317,0.9048055324001227,0.8577891279455886,1.4316811360790147,-0.2069321338206762,1.035083464046342,-0.4814607612315388,-0.4877685947486774,0.9841231756854657,0
-0.46546902347764374,0.9009088760241706,0.8491410419312149,1.1246610230996232,-0.7423290972289317,-1.177851894974348,-0.2507203421941191,-0.8828162337175963,0.9377528849450718,-1.0289971665491795,-0.7394662468772634,-2.9680226379545473,0.9841231756854657,0
-0.46546902347764374,-1.1099901739376037,-1.179024470547907,1.1226238064871144,-0.5733475201700994,-1.177851894974348,0.38271364074285674,0.853056793629862,0.03476089066945202,-0.6849837281165926,-0.7394662468772634,1.1392780575943733,0.9841231756854657,0
-0.8043672005990544,0.9009088760241706,0.8491410419312149,-0.2262504766463794,-0.7423290972289317,0.9048055324001227,0.8577891279455886,-0.8828162337175963,0.8269769153870962,1.035083464046342,-0.997471732522988,-1.4401861473397315,0.9841231756854657,0
-0.2960199349169384,0.9009088760241706,-1.179024470547907,-0.34003455178689457,0.4405419421828948,0.9048055324001227,0.8577891279455886,0.853056793629862,2.562467105128714,1.379096902478929,-0.7394662468772634,0.14717644031202531,-1.0161329645585022,1
-0.46546902347764374,0.9009088760241706,0.8491410419312149,-0.3384553141027792,-0.23538436605243465,0.9048055324001227,0.8577891279455886,0.853056793629862,2.17642963545698,1.379096902478929,-0.7394662468772634,-0.5869787564769122,-1.0161329645585022,1
-0.2960199349169384,0.9009088760241706,-1.179024470547907,1.1242820060554357,-0.5733475201700994,-1.177851894974348,2.2830155895537843,-0.8828162337175963,1.4345663241747801,0.23238544103697253,-0.4814607612315388,-0.7258729828964409,-1.0161329645585022,0
-0.8043672005990544,0.9009088760241706,-1.179024470547907,-0.3138823757379434,-0.7423290972289317,0.9048055324001227,0.8577891279455886,0.2744324511807092,1.6729025011025462,1.2644257563347332,-0.4814607612315388,0.12733440796637835,-1.0161329645585022,1
-0.8043672005990544,0.9009088760241706,-0.502969299721533,-0.19790316021650783,-0.911310674287764,0.9048055324001227,0.8577891279455886,-0.8828162337175963,1.2835081838684501,0.9204123179021463,-0.997471732522988,0.9805417988291976,-1.0161329645585022,0
-0.8043672005990544,0.9009088760241706,0.8491410419312149,1.1248979087522406,-0.404365943111267,-1.177851894974348,0.06599664927436881,0.2744324511807092,-0.34120603631519225,-0.7996548742607882,-0.997471732522988,0.6233852166075523,0.9841231756854657,0
-0.634918112038349,0.9009088760241706,0.8491410419312149,-0.20793131951064067,-0.911310674287764,0.9048055324001227,0.8577891279455886,0.2744324511807092,0.04483143335654109,0.9204123179021463,-0.4814607612315388,-0.6068207888225592,-1.0161329645585022,0
-0.46546902347764374,0.9009088760241706,-1.179024470547907,1.1250716248974932,-0.5733475201700994,-1.177851894974348,2.4413740852880284,-1.461440576166749,0.16232109803924238,0.3470565871811683,-0.7394662468772634,-0.6663468858595001,-1.0161329645585022,0
-0.2960199349169384,-1.1099901739376037,-1.179024470547907,-0.20543612396973832,-0.06640278899360229,0.9048055324001227,0.8577891279455886,0.2744324511807092,0.03811773823181484,0.9204123179021463,-0.997471732522988,-0.26950623894656084,0.9841231756854657,0
-0.46546902347764374,-1.1099901739376037,-0.502969299721533,1.1173649449990102,-0.7423290972289317,0.21058638994196582,0.38271364074285674,1.4316811360790147,-1.0495008719737637,-0.6849837281165926,-0.7394662468772634,0.7027533459901402,-1.0161329645585022,0
-0.8043672005990544,0.9009088760241706,-1.179024470547907,0.8919445579683767,-0.911310674287764,-1.177851894974348,0.06599664927436881,-1.461440576166749,-0.21028898138303903,-0.7996548742607882,-0.7394662468772634,0.5440170872249644,-1.0161329645585022,1
-0.9738162891597597,-1.1099901739376037,0.8491410419312149,-0.31835161838399,-0.911310674287764,0.9048055324001227,0.8577891279455886,0.2744324511807092,1.2096575374964662,1.2644257563347332,-0.7394662468772634,-0.6663468858595001,-1.0161329645585022,1
-0.2960199349169384,0.9009088760241706,1.5251962127575889,1.1243767603164825,-0.23538436605243465,-1.177851894974348,0.8577891279455886,1.4316811360790147,0.954537122756886,-0.45564143582820127,-0.7394662468772634,0.6829113136444932,0.9841231756854657,0
-0.2960199349169384,0.9009088760241706,-1.179024470547907,1.1240924975333417,-0.5733475201700994,-1.177851894974348,1.6495816066168083,-1.461440576166749,0.7061304031420315,-0.11162799739561437,-0.997471732522988,-1.9362369559809054,0.9841231756854657,0
-0.634918112038349,-1.1099901739376037,-0.502969299721533,1.1206655517588113,-0.404365943111267,-1.177851894974348,0.06599664927436881,0.853056793629862,-0.005521280078902488,-0.7996548742607882,-0.7394662468772634,1.0202258635204915,-1.0161329645585022,0
-0.634918112038349,0.9009088760241706,-0.502969299721533,-0.7922334702565007,-0.404365943111267,0.21058638994196582,-0.5040939353689095,1.4316811360790147,-0.7138161157374736,0.9204123179021463,-0.4814607612315388,-0.03140185079879733,0.9841231756854657,0
-0.9738162891597597,0.9009088760241706,0.8491410419312149,-0.2034146997340706,-0.911310674287764,0.9048055324001227,0.8577891279455886,1.4316811360790147,0.6154955189582334,0.9204123179021463,-0.7394662468772634,-1.5592383414136133,0.9841231756854657,0
-1.143265377720465,-1.1099901739376037,-1.179024470547907,1.126066544638486,-0.7423290972289317,-1.177851894974348,0.06599664927436881,0.853056793629862,-1.173704231781191,-0.7996548742607882,-0.997471732522988,-1.4203441149940845,0.9841231756854657,0
-0.634918112038349,0.9009088760241706,-0.502969299721533,-0.20579934863708488,-0.7423290972289317,0.9048055324001227,0.8577891279455886,0.853056793629862,0.001192415045823164,0.9204123179021463,-0.997471732522988,-0.03140185079879733,0.9841231756854657,0
-0.9738162891597597,-1.1099901739376037,1.5251962127575889,-0.7892802957872048,-0.7423290972289317,0.21058638994196582,-1.2800505644667048,1.4316811360790147,-1.3751150855229646,-1.0289971665491795,-0.4814607612315388,1.1591200899400202,-1.0161329645585022,0
-0.634918112038349,0.9009088760241706,0.8491410419312149,-0.3150194268705065,-0.5733475201700994,0.9048055324001227,0.8577891279455886,-1.461440576166749,2.478545916069642,1.2644257563347332,-0.4814607612315388,0.4448069254967297,-1.0161329645585022,1
-0.9738162891597597,0.9009088760241706,-0.502969299721533,-0.7935442375343165,-0.911310674287764,0.21058638994196582,-0.7257958293968509,0.2744324511807092,0.7866947446387411,0.3470565871811683,-0.4814607612315388,-0.5076106270943244,0.9841231756854657,0
-0.2960199349169384,0.9009088760241706,1.5251962127575889,1.1210761535566813,-0.5733475201700994,-1.177851894974348,-0.34573543963466546,-0.3041918912684436,0.5114332445249834,-1.0289971665491795,-0.997471732522988,0.9011736694466097,0.9841231756854657,0
-0.46546902347764374,0.9009088760241706,-0.502969299721533,-0.1989770418417063,0.2715603651240624,0.9048055324001227,0.8577891279455886,-0.8828162337175963,-0.08944246913797492,0.9204123179021463,-0.997471732522988,0.2463866020402601,0.9841231756854657,0
-0.634918112038349,-1.1099901739376037,1.5251962127575889,-0.3006957410755798,-0.911310674287764,0.9048055324001227,0.8577891279455886,0.2744324511807092,1.5688402266692962,1.2644257563347332,-0.4814607612315388,-1.6981325678331418,-1.0161329645585022,1
-0.8043672005990544,0.9009088760241706,-0.502969299721533,0.5763496991747535,-0.911310674287764,-1.177851894974348,0.8577891279455886,0.2744324511807092,2.7269526356844955,-0.11162799739561437,-0.997471732522988,0.9606997664835506,-1.0161329645585022,1
-0.9738162891597597,0.9009088760241706,-0.502969299721533,-0.7915543980523311,-0.404365943111267,0.21058638994196582,-1.042512820865339,0.853056793629862,0.8739727812601764,-0.45564143582820127,-0.997471732522988,-1.8965528912896115,0.9841231756854657,0
-0.2960199349169384,-1.1099901739376037,-0.502969299721533,1.1168595889400932,-0.06640278899360229,-1.177851894974348,1.0161476236798326,-0.3041918912684436,-0.6936750303632967,-0.34097028968400567,-0.4814607612315388,-0.5076106270943244,-1.0161329645585022,0
-0.9738162891597597,0.9009088760241706,-0.502969299721533,1.1299040922108865,-0.911310674287764,-1.177851894974348,2.4413740852880284,0.853056793629862,0.001192415045823164,0.3470565871811683,-0.997471732522988,-0.9639773710442044,0.9841231756854657,0
-0.8043672005990544,-1.1099901739376037,0.8491410419312149,0.8940923212187737,-0.5733475201700994,-1.177851894974348,1.6099919826832474,1.4316811360790147,3.018998373610068,0.003043148748581378,-0.4814607612315388,-1.102871597463733,-1.0161329645585022,1
-0.9738162891597597,-1.1099901739376037,-1.179024470547907,-0.7893908424250929,-0.911310674287764,0.21058638994196582,-0.765385453330412,0.2744324511807092,0.001192415045823164,0.23238544103697253,-0.4814607612315388,-2.7696023144980777,0.9841231756854657,0
-1.143265377720465,-1.1099901739376037,-1.179024470547907,-0.2986427320862297,-0.911310674287764,0.9048055324001227,0.8577891279455886,-0.3041918912684436,1.575553921794022,1.2644257563347332,-0.7394662468772634,0.9210157017922567,-1.0161329645585022,1
-0.634918112038349,0.9009088760241706,-0.502969299721533,-0.18727489060241112,-0.911310674287764,0.9048055324001227,0.8577891279455886,-1.461440576166749,0.6255660616453219,0.9204123179021463,-0.997471732522988,-0.7655570475877348,0.9841231756854657,0
-0.46546902347764374,-1.1099901739376037,-0.502969299721533,1.123002823531302,-0.911310674287764,-1.177851894974348,-0.2507203421941191,0.2744324511807092,-0.46205254856025635,-1.0289971665491795,-0.997471732522988,-0.03140185079879733,-1.0161329645585022,0
-0.46546902347764374,-1.1099901739376037,0.8491410419312149,1.1265245235668795,-0.7423290972289317,-1.177851894974348,0.6994306322113446,-0.3041918912684436,1.1458774338115711,-0.570312581972397,-0.4814607612315388,0.38528082845978884,0.9841231756854657,0
-0.8043672005990544,-1.1099901739376037,0.8491410419312149,1.118391449493685,-0.911310674287764,-0.4836327525161911,-0.3298995900612411,1.4316811360790147,-1.0092187012254088,-1.0289971665491795,-0.4814607612315388,-1.7775006972157297,0.9841231756854657,0
-0.9738162891597597,-1.1099901739376037,1.5251962127575889,1.1252611334195872,-0.23538436605243465,-1.177851894974348,0.06599664927436881,1.4316811360790147,0.001192415045823164,-0.7996548742607882,-0.997471732522988,0.5440170872249644,0.9841231756854657,0
-0.46546902347764374,0.9009088760241706,-1.179024470547907,1.1187072970305083,-0.911310674287764,-1.177851894974348,0.38271364074285674,-0.3041918912684436,0.001192415045823164,-0.6849837281165926,-0.7394662468772634,-0.051243883144444294,-1.0161329645585022,0
-0.2960199349169384,0.9009088760241706,0.8491410419312149,1.1258770361163921,-0.5733475201700994,-1.177851894974348,0.0026532509806712224,0.2744324511807092,-1.7510820125076092,-0.9143260204049839,-0.997471732522988,-2.3926036999307856,0.9841231756854657,0
-0.8043672005990544,-1.1099901739376037,1.5251962127575889,-0.7948392124352911,-0.5733475201700994,0.21058638994196582,-0.4090788379283631,-0.8828162337175963,0.2865244578466693,1.1497546101905376,-0.4814607612315388,0.08765034327508442,0.9841231756854657,0
-0.46546902347764374,0.9009088760241706,-1.179024470547907,-0.16685534734679888,-0.23538436605243465,0.9048055324001227,0.8577891279455886,-0.8828162337175963,0.954537122756886,0.9204123179021463,-0.4814607612315388,0.8813316371009629,0.9841231756854657,0
-0.9738162891597597,0.9009088760241706,1.5251962127575889,-0.7930230890985583,-0.911310674287764,0.21058638994196582,-0.5674373336626071,-0.8828162337175963,0.16232109803924238,0.6910700256137552,-0.4814607612315388,-1.0830295651180861,0.9841231756854657,0
-0.9738162891597597,-1.1099901739376037,-1.179024470547907,1.117759754420039,-0.5733475201700994,-1.177851894974348,3.2331665639592484,-0.8828162337175963,-1.0427871768490378,0.6910700256137552,-0.997471732522988,0.286070666731554,-1.0161329645585022,0
-0.8043672005990544,0.9009088760241706,-0.502969299721533,-0.7876220962188837,-0.911310674287764,0.21058638994196582,-0.7257958293968509,1.4316811360790147,-0.21028898138303903,0.3470565871811683,-0.4814607612315388,-0.7655570475877348,0.9841231756854657,0
-0.46546902347764374,0.9009088760241706,0.8491410419312149,1.1202865347146236,0.10257878806523006,-1.177851894974348,0.8577891279455886,-0.3041918912684436,-1.0495008719737637,-0.45564143582820127,-0.7394662468772634,-0.5076106270943244,-1.0161329645585022,0
-0.9738162891597597,-1.1099901739376037,-0.502969299721533,1.124945285882764,-0.7423290972289317,-0.4836327525161911,0.06599664927436881,1.4316811360790147,1.253296555807184,-0.7996548742607882,-0.997471732522988,1.0995939929030794,-1.0161329645585022,0
-0.9738162891597597,-1.1099901739376037,0.8491410419312149,1.1358736106568428,-0.911310674287764,-1.177851894974348,-0.09236184645987515,0.2744324511807092,-0.005521280078902488,-0.9143260204049839,-0.4814607612315388,0.3654387961141419,0.9841231756854657,0
-0.46546902347764374,0.9009088760241706,0.8491410419312149,1.1378160730083047,0.10257878806523006,-1.177851894974348,0.8577891279455886,-0.8828162337175963,-1.0427871768490378,-0.45564143582820127,-0.7394662468772634,-0.6068207888225592,0.9841231756854657,0
-0.46546902347764374,0.9009088760241706,1.5251962127575889,1.1407534551007594,-0.5733475201700994,-1.177851894974348,0.0976683484212176,1.4316811360790147,0.001192415045823164,-0.7996548742607882,-0.4814607612315388,1.0995939929030794,0.9841231756854657,0
-0.634918112038349,-1.1099901739376037,-0.502969299721533,1.1455543376604702,-0.911310674287764,-1.177851894974348,0.35104194159600793,0.2744324511807092,0.001192415045823164,-0.6849837281165926,-0.997471732522988,0.40512286080543575,0.9841231756854657,0
-0.9738162891597597,0.9009088760241706,0.8491410419312149,1.1424906165532862,-0.911310674287764,-1.177851894974348,-0.9474977234247925,-0.8828162337175963,1.6729025011025462,-1.3730106049817663,-0.7394662468772634,-1.3012919209202027,0.9841231756854657,0
-0.2960199349169384,-1.1099901739376037,-1.179024470547907,0.9102795074809567,-0.911310674287764,-1.177851894974348,-0.5674373336626071,-0.3041918912684436,-0.33784918875282943,-1.143668312693375,-0.997471732522988,-0.4282424977117365,-1.0161329645585022,1
-0.46546902347764374,0.9009088760241706,-1.179024470547907,1.140611323709189,-0.404365943111267,-1.177851894974348,-0.5674373336626071,-1.461440576166749,-1.371758237960602,-1.143668312693375,-0.7394662468772634,0.6035431842619053,0.9841231756854657,0
-0.634918112038349,-1.1099901739376037,-0.502969299721533,-0.24540662975469932,-0.404365943111267,0.9048055324001227,0.8577891279455886,-1.461440576166749,1.934736610966852,1.035083464046342,-0.997471732522988,0.4844909901880236,-1.0161329645585022,1
-0.2960199349169384,0.9009088760241706,-0.502969299721533,1.1439750999763547,-0.5733475201700994,-1.177851894974348,0.22435514500861276,0.853056793629862,-1.2979075915886182,-0.7996548742607882,-0.4814607612315388,-0.2893482712922078,0.9841231756854657,0
-0.8043672005990544,-1.1099901739376037,-0.502969299721533,-0.7897856518461218,-0.7423290972289317,0.21058638994196582,-0.4090788379283631,-0.8828162337175963,-1.2979075915886182,1.035083464046342,-0.7394662468772634,0.7225953783357871,-1.0161329645585022,0
-0.9738162891597597,-1.1099901739376037,-1.179024470547907,1.142980180235362,-0.7423290972289317,-1.177851894974348,2.2830155895537843,-0.8828162337175963,0.11868207972852446,0.23238544103697253,-0.4814607612315388,0.16701847265767225,0.9841231756854657,0
-0.2960199349169384,0.9009088760241706,-1.179024470547907,-0.7954866998857784,0.10257878806523006,0.21058638994196582,-1.121692068732461,0.2744324511807092,0.27645391515958084,-0.6849837281165926,-0.4814607612315388,0.10749237562073138,0.9841231756854657,0
-0.2960199349169384,0.9009088760241706,-0.502969299721533,1.1419062986101636,-0.23538436605243465,-1.177851894974348,-0.3298995900612411,-0.3041918912684436,0.9780350556934264,-1.0289971665491795,-0.7394662468772634,0.801963507718375,-1.0161329645585022,0
-0.8043672005990544,-1.1099901739376037,-0.502969299721533,-0.11183470643221806,-0.911310674287764,0.9048055324001227,0.8577891279455886,0.2744324511807092,0.001192415045823164,0.8057411717579506,-0.4814607612315388,0.6432272489531993,0.9841231756854657,0
-0.46546902347764374,0.9009088760241706,-1.179024470547907,1.150149919321246,-0.911310674287764,-1.177851894974348,-1.2008713165995828,-0.8828162337175963,0.001192415045823164,-1.487681751125962,-0.997471732522988,-0.8250831446246757,0.9841231756854657,0
-0.9738162891597597,-1.1099901739376037,0.8491410419312149,-0.11444044861100848,-0.911310674287764,0.9048055324001227,0.8577891279455886,0.2744324511807092,0.23617174441122635,0.8057411717579506,-0.4814607612315388,0.5241750548793175,0.9841231756854657,0
-0.8043672005990544,0.9009088760241706,-1.179024470547907,0.6033388711962858,-0.5733475201700994,-1.177851894974348,-0.4169967627150753,0.2744324511807092,0.8941138666343539,-0.9143260204049839,-0.997471732522988,-1.9957630530178463,-1.0161329645585022,1
-0.8043672005990544,-1.1099901739376037,1.5251962127575889,1.1646315288845843,-0.911310674287764,0.21058638994196582,0.22435514500861276,-0.8828162337175963,-0.33784918875282943,-0.7996548742607882,-0.997471732522988,-3.067232799682782,0.9841231756854657,0
-0.46546902347764374,0.9009088760241706,-0.502969299721533,1.159167366497545,-0.7423290972289317,-1.177851894974348,-0.5674373336626071,0.853056793629862,-0.3680608168140954,-1.143668312693375,-0.997471732522988,0.16701847265767225,0.9841231756854657,0
-0.2960199349169384,0.9009088760241706,-0.502969299721533,1.1647736602761547,0.2715603651240624,-1.177851894974348,-0.5674373336626071,-0.8828162337175963,-1.8752853723150364,-1.143668312693375,-0.7394662468772634,0.10749237562073138,-1.0161329645585022,0
-0.2960199349169384,0.9009088760241706,0.8491410419312149,1.1608255660658662,-0.7423290972289317,-1.177851894974348,-0.7416316789702754,-1.461440576166749,0.001192415045823164,-1.2583394588375707,-0.7394662468772634,-0.26950623894656084,0.9841231756854657,0
-0.634918112038349,0.9009088760241706,0.8491410419312149,0.6123563183725848,-0.404365943111267,-1.177851894974348,2.2830155895537843,0.2744324511807092,2.142861159833352,0.6910700256137552,-0.7394662468772634,0.46464895784237664,-1.0161329645585022,1
-0.46546902347764374,0.9009088760241706,-0.502969299721533,0.6083608470317728,-0.23538436605243465,0.21058638994196582,1.6495816066168083,0.2744324511807092,2.142861159833352,0.3470565871811683,-0.7394662468772634,0.5837011519162584,-1.0161329645585022,1
-0.634918112038349,0.9009088760241706,1.5251962127575889,0.9348840305994747,-0.911310674287764,-1.177851894974348,0.38271364074285674,-1.461440576166749,1.357358830240434,-0.570312581972397,-0.4814607612315388,0.9606997664835506,-1.0161329645585022,1
-0.2960199349169384,0.9009088760241706,-0.502969299721533,1.1704115388084466,-0.06640278899360229,-1.177851894974348,0.06599664927436881,-0.3041918912684436,-1.173704231781191,-0.9143260204049839,-0.7394662468772634,-2.03544711770914,0.9841231756854657,0
-0.9738162891597597,0.9009088760241706,-1.179024470547907,1.170443123562129,-0.7423290972289317,-1.177851894974348,0.8577891279455886,0.2744324511807092,-1.1804179269059165,-0.45564143582820127,-0.4814607612315388,0.8416475724096689,0.9841231756854657,0
-0.8043672005990544,0.9009088760241706,0.8491410419312149,-0.22348681069917745,-0.911310674287764,0.9048055324001227,0.8577891279455886,0.2744324511807092,1.4312094766124175,1.035083464046342,-0.997471732522988,0.0479662785837905,-1.0161329645585022,1
-0.2960199349169384,0.9009088760241706,-0.502969299721533,1.166874046396028,-0.23538436605243465,0.21058638994196582,2.3226052134873454,0.2744324511807092,1.4446368668618692,0.23238544103697253,-0.4814607612315388,-0.5869787564769122,0.9841231756854657,0
-0.46546902347764374,0.9009088760241706,0.8491410419312149,1.1760178325870565,-0.5733475201700994,-1.177851894974348,0.38271364074285674,-1.461440576166749,-1.0495008719737637,-0.6849837281165926,-0.997471732522988,0.6233852166075523,0.9841231756854657,0
-0.2960199349169384,0.9009088760241706,-0.502969299721533,1.1847668093570558,-0.7423290972289317,-1.177851894974348,2.5997325810222724,0.2744324511807092,1.0015329886299666,0.3470565871811683,-0.7394662468772634,-2.670392152769843,0.9841231756854657,0
-0.2960199349169384,0.9009088760241706,0.8491410419312149,1.1821452748014243,-0.911310674287764,-1.177851894974348,4.024959042630468,-1.461440576166749,-0.707102420612748,1.035083464046342,-0.7394662468772634,-0.11076998018138517,0.9841231756854657,0
-0.634918112038349,0.9009088760241706,-0.502969299721533,1.1803449438415325,-0.5733475201700994,-1.177851894974348,0.38271364074285674,-0.8828162337175963,-1.6705176710108995,-0.6849837281165926,-0.7394662468772634,1.35754041339649,-1.0161329645585022,0
-0.2960199349169384,0.9009088760241706,0.8491410419312149,-0.1051861157820922,-0.23538436605243465,0.9048055324001227,0.8577891279455886,-1.461440576166749,-1.6705176710108995,0.6910700256137552,-0.7394662468772634,0.10749237562073138,-1.0161329645585022,0
-0.8043672005990544,0.9009088760241706,-0.502969299721533,1.1810556007993847,-0.404365943111267,-1.177851894974348,-0.5674373336626071,-0.8828162337175963,-1.1804179269059165,-1.143668312693375,-0.997471732522988,-1.4401861473397315,-1.0161329645585022,0
-0.8043672005990544,0.9009088760241706,0.8491410419312149,1.178844668041623,-0.23538436605243465,-1.177851894974348,-0.7574675285436998,-0.8828162337175963,0.665848232393677,-1.2583394588375707,-0.997471732522988,-0.051243883144444294,-1.0161329645585022,0
-0.2960199349169384,0.9009088760241706,-0.502969299721533,0.9498394114680476,0.10257878806523006,-1.177851894974348,-0.7257958293968509,1.4316811360790147,0.001192415045823164,-1.143668312693375,-0.7394662468772634,0.40512286080543575,-1.0161329645585022,1
-0.9738162891597597,-1.1099901739376037,0.8491410419312149,1.1767600742985906,-0.911310674287764,-1.177851894974348,1.9029551997915988,1.4316811360790147,-1.3751150855229646,0.003043148748581378,-0.4814607612315388,-2.3132355705481977,0.9841231756854657,0
-0.8043672005990544,0.9009088760241706,0.8491410419312149,1.1778813330543125,-0.7423290972289317,-1.177851894974348,-1.042512820865339,1.4316811360790147,1.2465828606824585,-1.3730106049817663,-0.4814607612315388,-0.7457150152420878,-1.0161329645585022,0
-0.9738162891597597,0.9009088760241706,-0.502969299721533,1.1849879026328318,-0.911310674287764,-1.177851894974348,3.2331665639592484,-1.461440576166749,-1.2475548781531747,0.5763988794695595,-0.997471732522988,-1.7179746001787888,0.9841231756854657,0
-0.46546902347764374,-1.1099901739376037,-1.179024470547907,1.1874988905505754,-0.911310674287764,-1.177851894974348,0.8577891279455886,-0.3041918912684436,0.5114332445249834,-0.45564143582820127,-0.7394662468772634,-0.40840046536608954,0.9841231756854657,0
-0.46546902347764374,0.9009088760241706,-0.502969299721533,1.1913364381229758,-0.911310674287764,-1.177851894974348,2.91644957249076,0.853056793629862,-1.0427871768490378,0.4617277333253637,-0.7394662468772634,0.6233852166075523,0.9841231756854657,0
-0.9738162891597597,0.9009088760241706,1.5251962127575889,-0.10569147184100912,-0.911310674287764,0.9048055324001227,0.8577891279455886,-0.8828162337175963,0.23617174441122635,0.6910700256137552,-0.7394662468772634,-0.24966420660091387,0.9841231756854657,0
-0.8043672005990544,0.9009088760241706,0.8491410419312149,1.211345379580718,-0.7423290972289317,0.21058638994196582,0.6202513843442227,0.853056793629862,-1.8752853723150364,-0.570312581972397,-0.997471732522988,0.6035431842619053,0.9841231756854657,0
-0.46546902347764374,0.9009088760241706,-1.179024470547907,1.206812967427307,-0.5733475201700994,-1.177851894974348,-1.042512820865339,0.853056793629862,0.03811773823181484,-1.3730106049817663,-0.7394662468772634,0.3654387961141419,0.9841231756854657,0
-0.8043672005990544,0.9009088760241706,0.8491410419312149,1.2197153393065296,-0.911310674287764,-1.177851894974348,3.2331665639592484,1.4316811360790147,0.03476089066945202,0.5763988794695595,-0.4814607612315388,-0.3488743683291487,0.9841231756854657,0
-0.46546902347764374,0.9009088760241706,-0.502969299721533,1.2152934737910066,-0.23538436605243465,-1.177851894974348,-0.3298995900612411,1.4316811360790147,0.2865244578466693,-1.0289971665491795,-0.7394662468772634,-2.3727616675851384,0.9841231756854657,0
-0.634918112038349,-1.1099901739376037,0.8491410419312149,-0.10878677770187532,-0.404365943111267,0.9048055324001227,0.8577891279455886,-0.3041918912684436,1.0015329886299666,0.8057411717579506,-0.4814607612315388,-2.3926036999307856,0.9841231756854657,0
-0.9738162891597597,-1.1099901739376037,0.8491410419312149,-0.10701803149566606,-0.911310674287764,0.9048055324001227,0.8577891279455886,-0.8828162337175963,-0.1397951825734185,0.8057411717579506,-0.7394662468772634,-0.9242933063529105,-1.0161329645585022,0
-0.46546902347764374,0.9009088760241706,-1.179024470547907,-0.1058020184788972,-0.23538436605243465,0.9048055324001227,0.8577891279455886,-1.461440576166749,0.665848232393677,0.6910700256137552,-0.4814607612315388,-0.6663468858595001,0.9841231756854657,0
-0.9738162891597597,0.9009088760241706,0.8491410419312149,1.2194468689002302,-0.7423290972289317,-1.177851894974348,-1.042512820865339,0.853056793629862,0.8336906105118219,-1.3730106049817663,-0.997471732522988,-1.0433455004267922,0.9841231756854657,0
-0.8043672005990544,-1.1099901739376037,1.5251962127575889,-0.10788661222192954,-0.911310674287764,0.9048055324001227,0.8577891279455886,-1.461440576166749,0.03476089066945202,0.8057411717579506,-0.997471732522988,-0.9044512740072636,0.9841231756854657,0
-0.2960199349169384,0.9009088760241706,1.5251962127575889,1.2177886693319089,-0.5733475201700994,-1.177851894974348,-1.042512820865339,0.853056793629862,2.206641263518246,-1.3730106049817663,-0.7394662468772634,-0.5472946917856183,0.9841231756854657,0
-0.634918112038349,0.9009088760241706,-0.502969299721533,-0.11344552887001577,-0.404365943111267,0.9048055324001227,0.8577891279455886,1.4316811360790147,-1.623521805137819,0.8057411717579506,-0.7394662468772634,0.26622863438590705,0.9841231756854657,0
-0.634918112038349,-1.1099901739376037,0.8491410419312149,1.2178202540855914,-0.7423290972289317,-1.177851894974348,-0.5674373336626071,1.4316811360790147,-1.4724636648314886,-1.143668312693375,-0.997471732522988,-1.6386064707962011,0.9841231756854657,0
-0.9738162891597597,-1.1099901739376037,0.8491410419312149,-0.10656005256727259,-0.911310674287764,0.9048055324001227,0.8577891279455886,0.2744324511807092,0.7866947446387411,0.8057411717579506,-0.7394662468772634,0.3455967637684949,-1.0161329645585022,0
-0.2960199349169384,-1.1099901739376037,-0.502969299721533,1.2149934186310247,-0.06640278899360229,-1.177851894974348,0.06599664927436881,0.853056793629862,-1.6705176710108995,-0.9143260204049839,-0.997471732522988,0.9408577341379036,0.9841231756854657,0
-0.2960199349169384,0.9009088760241706,1.5251962127575889,1.2218473101800855,-0.404365943111267,-1.177851894974348,4.024959042630468,0.853056793629862,2.431550050196561,0.9204123179021463,-0.4814607612315388,1.1988041546313142,-1.0161329645585022,0
-0.634918112038349,0.9009088760241706,1.5251962127575889,1.2115980576101766,-0.911310674287764,-1.177851894974348,-0.7257958293968509,-1.461440576166749,0.4745079213389917,-1.2583394588375707,-0.997471732522988,-0.5076106270943244,0.9841231756854657,0
-0.2960199349169384,0.9009088760241706,-0.502969299721533,1.215230304283642,-0.06640278899360229,-1.177851894974348,1.3328646151483206,0.2744324511807092,-1.0427871768490378,-0.34097028968400567,-0.997471732522988,-0.17029607721832604,0.9841231756854657,0
-0.9738162891597597,0.9009088760241706,0.8491410419312149,-0.11314547371003385,-0.7423290972289317,0.9048055324001227,0.8577891279455886,0.2744324511807092,0.001192415045823164,0.8057411717579506,-0.4814607612315388,-0.46792656240303043,0.9841231756854657,0
-0.46546902347764374,-1.1099901739376037,0.8491410419312149,1.2210261065843455,-0.7423290972289317,-1.177851894974348,4.024959042630468,-0.3041918912684436,0.001192415045823164,0.9204123179021463,-0.7394662468772634,-0.7457150152420878,0.9841231756854657,0
-0.2960199349169384,0.9009088760241706,1.5251962127575889,1.2176307455634974,-0.23538436605243465,-1.177851894974348,-0.4882580857954851,1.4316811360790147,1.6729025011025462,-1.143668312693375,-0.7394662468772634,-0.24966420660091387,0.9841231756854657,0
-0.634918112038349,0.9009088760241706,-0.502969299721533,1.2122139603069815,-0.911310674287764,-1.177851894974348,-0.4090788379283631,-1.461440576166749,0.3301634761573873,-1.143668312693375,-0.7394662468772634,-0.11076998018138517,0.9841231756854657,0
-0.634918112038349,0.9009088760241706,-0.502969299721533,-0.10812349787454685,-0.7423290972289317,0.9048055324001227,0.8577891279455886,-0.3041918912684436,0.954537122756886,0.8057411717579506,-0.997471732522988,-2.4719718293133734,0.9841231756854657,0
-0.46546902347764374,0.9009088760241706,0.8491410419312149,-0.10903945573133379,-0.7423290972289317,0.9048055324001227,0.8577891279455886,-1.461440576166749,0.001192415045823164,0.8057411717579506,-0.7394662468772634,0.46464895784237664,0.9841231756854657,0
-0.2960199349169384,0.9009088760241706,0.8491410419312149,1.2211208608453925,-0.06640278899360229,-1.177851894974348,-0.15570524475357272,0.2744324511807092,-1.6839450612603513,-1.0289971665491795,-0.7394662468772634,-1.0631875327724392,0.9841231756854657,0
-0.8043672005990544,0.9009088760241706,-1.179024470547907,-0.11265591002795808,-0.911310674287764,0.9048055324001227,0.8577891279455886,0.853056793629862,1.0787404825643134,0.8057411717579506,-0.997471732522988,0.3654387961141419,0.9841231756854657,0
-0.634918112038349,0.9009088760241706,0.8491410419312149,-0.10243824221173138,-0.5733475201700994,0.9048055324001227,0.8577891279455886,-1.461440576166749,0.27645391515958084,0.6910700256137552,-0.7394662468772634,-1.202081759191968,-1.0161329645585022,0
-0.634918112038349,0.9009088760241706,-0.502969299721533,1.219731131683371,-0.404365943111267,-1.177851894974348,-0.5674373336626071,-1.461440576166749,-0.1397951825734185,-1.143668312693375,-0.997471732522988,0.06780831092943747,0.9841231756854657,0
-0.46546902347764374,0.9009088760241706,1.5251962127575889,1.2192415680012951,-0.5733475201700994,-1.177851894974348,-0.2507203421941191,-0.3041918912684436,0.8336906105118219,-1.0289971665491795,-0.4814607612315388,1.1789621222856672,0.9841231756854657,0
-0.8043672005990544,-1.1099901739376037,-0.502969299721533,-0.108139290251388,-0.911310674287764,0.9048055324001227,0.8577891279455886,1.4316811360790147,0.27645391515958084,0.8057411717579506,-0.7394662468772634,1.278172284013902,0.9841231756854657,0
-0.8043672005990544,-1.1099901739376037,0.8491410419312149,1.2168253343445985,-0.5733475201700994,-1.177851894974348,0.8577891279455886,-0.8828162337175963,0.6255660616453219,-0.45564143582820127,-0.4814607612315388,0.7225953783357871,-1.0161329645585022,0
-0.46546902347764374,-1.1099901739376037,-0.502969299721533,1.2165252791846166,-0.06640278899360229,-1.177851894974348,0.8577891279455886,-0.8828162337175963,0.04483143335654109,-0.45564143582820127,-0.7394662468772634,1.298014316359549,0.9841231756854657,0
-0.8043672005990544,0.9009088760241706,-0.502969299721533,1.2185309110434432,-0.911310674287764,-1.177851894974348,-0.5674373336626071,0.2744324511807092,-1.8752853723150364,-1.143668312693375,-0.997471732522988,0.6829113136444932,-1.0161329645585022,0
-0.46546902347764374,0.9009088760241706,1.5251962127575889,1.215119757645754,-0.911310674287764,-1.177851894974348,-1.042512820865339,-0.3041918912684436,-1.8752853723150364,-1.3730106049817663,-0.997471732522988,-2.2537094735112566,0.9841231756854657,0
-0.8043672005990544,-1.1099901739376037,0.8491410419312149,1.2173148980266744,-0.5733475201700994,-1.177851894974348,-0.4407505370752119,-0.8828162337175963,-0.8447331706696268,-1.143668312693375,-0.7394662468772634,0.2463866020402601,0.9841231756854657,0
-0.8043672005990544,-1.1099901739376037,1.5251962127575889,1.217899215969797,-0.911310674287764,-1.177851894974348,-0.7257958293968509,0.2744324511807092,1.2700807936189982,-1.2583394588375707,-0.7394662468772634,-0.5076106270943244,0.9841231756854657,0
-0.9738162891597597,-1.1099901739376037,-1.179024470547907,1.2192731527549774,-0.911310674287764,-1.177851894974348,0.7786098800784667,-0.8828162337175963,0.001192415045823164,-0.570312581972397,-0.4814607612315388,0.6829113136444932,0.9841231756854657,0
-0.9738162891597597,-1.1099901739376037,-0.502969299721533,-0.10678114584304875,-0.911310674287764,0.9048055324001227,0.8577891279455886,-0.8828162337175963,1.092167872813765,0.8057411717579506,-0.4814607612315388,-0.30919030363785477,0.9841231756854657,0
-0.9738162891597597,-1.1099901739376037,0.8491410419312149,-0.21696455906378082,-0.911310674287764,0.9048055324001227,0.8577891279455886,-0.8828162337175963,1.9112386780303117,1.035083464046342,-0.4814607612315388,-0.7457150152420878,-1.0161329645585022,1
-0.8043672005990544,-1.1099901739376037,0.8491410419312149,-0.09837960136355478,-0.7423290972289317,0.9048055324001227,0.8577891279455886,-0.8828162337175963,-0.059230841076708896,0.6910700256137552,-0.997471732522988,0.32575473142284794,-1.0161329645585022,0
-0.8043672005990544,0.9009088760241706,0.8491410419312149,1.2166832029530281,-0.911310674287764,-1.177851894974348,-0.7257958293968509,-0.8828162337175963,-1.7510820125076092,-1.2583394588375707,-0.4814607612315388,0.028124246238143545,0.9841231756854657,0
-0.634918112038349,0.9009088760241706,-0.502969299721533,0.6514424510544412,-0.911310674287764,-1.177851894974348,3.2331665639592484,0.2744324511807092,1.3103629643673533,1.2644257563347332,-0.7394662468772634,-0.15045404487267908,-1.0161329645585022,1
-0.8043672005990544,0.9009088760241706,0.8491410419312149,1.215546151820465,-0.404365943111267,-1.177851894974348,-0.5674373336626071,-1.461440576166749,-1.7510820125076092,-1.143668312693375,-0.7394662468772634,0.7622794430270811,0.9841231756854657,0
-0.634918112038349,-1.1099901739376037,0.8491410419312149,1.2172991056498332,-0.5733475201700994,-1.177851894974348,2.4413740852880284,-0.3041918912684436,-0.08944246913797492,0.23238544103697253,-0.7394662468772634,0.40512286080543575,-1.0161329645585022,0
-0.46546902347764374,0.9009088760241706,1.5251962127575889,1.2166200334456636,0.10257878806523006,-1.177851894974348,-0.5159708225489777,-0.3041918912684436,-1.4993184453303918,-1.143668312693375,-0.7394662468772634,1.5559607368529593,0.9841231756854657,0
-0.634918112038349,0.9009088760241706,-1.179024470547907,1.2144880625721077,-0.7423290972289317,-1.177851894974348,1.4120438630154424,-0.8828162337175963,0.001192415045823164,-0.2262991435398101,-0.997471732522988,-0.40840046536608954,0.9841231756854657,0
-0.9738162891597597,0.9009088760241706,1.5251962127575889,-0.20957372670212068,-0.7423290972289317,0.9048055324001227,0.8577891279455886,-1.461440576166749,1.2835081838684501,1.035083464046342,-0.4814607612315388,0.4448069254967297,-1.0161329645585022,1
-0.634918112038349,0.9009088760241706,1.5251962127575889,-0.09244166767128084,-0.5733475201700994,0.9048055324001227,0.8577891279455886,-1.461440576166749,0.5114332445249834,0.6910700256137552,-0.997471732522988,0.26622863438590705,0.9841231756854657,0
-0.8043672005990544,0.9009088760241706,0.8491410419312149,1.2167305800835517,-0.5733475201700994,-1.177851894974348,2.4413740852880284,0.2744324511807092,0.03811773823181484,0.23238544103697253,-0.7394662468772634,-1.6386064707962011,0.9841231756854657,0
-0.634918112038349,0.9009088760241706,-0.502969299721533,1.2145986092099958,-0.911310674287764,-1.177851894974348,0.8577891279455886,-0.3041918912684436,-1.0495008719737637,-0.45564143582820127,-0.4814607612315388,-1.9957630530178463,0.9841231756854657,0
-0.46546902347764374,0.9009088760241706,0.8491410419312149,1.2160199231256996,-0.7423290972289317,-1.177851894974348,0.38271364074285674,1.4316811360790147,-1.173704231781191,-0.6849837281165926,-0.997471732522988,-0.9838194033898514,-1.0161329645585022,0
-0.634918112038349,0.9009088760241706,1.5251962127575889,-0.07947612628469335,-0.7423290972289317,0.9048055324001227,0.8577891279455886,-0.3041918912684436,2.431550050196561,0.6910700256137552,-0.4814607612315388,1.1988041546313142,0.9841231756854657,0
-0.634918112038349,-1.1099901739376037,-0.502969299721533,1.218499326289761,-0.911310674287764,-1.177851894974348,0.5410721364771007,0.853056793629862,0.8739727812601764,-0.6849837281165926,-0.4814607612315388,-0.15045404487267908,-1.0161329645585022,0
-0.46546902347764374,0.9009088760241706,1.5251962127575889,1.2127193163658985,-0.23538436605243465,-1.177851894974348,1.6495816066168083,1.4316811360790147,0.830333762949459,-0.11162799739561437,-0.997471732522988,0.46464895784237664,0.9841231756854657,0
-0.634918112038349,-1.1099901739376037,0.8491410419312149,-0.07844962179001833,-0.911310674287764,0.9048055324001227,0.8577891279455886,-1.461440576166749,0.001192415045823164,0.6910700256137552,-0.4814607612315388,0.08765034327508442,0.9841231756854657,0
-0.2960199349169384,0.9009088760241706,0.8491410419312149,1.217078012374057,0.4405419421828948,-1.177851894974348,-0.8841543251310949,0.2744324511807092,-0.005521280078902488,-1.2583394588375707,-0.7394662468772634,0.286070666731554,-1.0161329645585022,0
-0.46546902347764374,0.9009088760241706,-0.502969299721533,1.2179150083466381,-0.404365943111267,-1.177851894974348,2.4413740852880284,-0.3041918912684436,0.11868207972852446,0.23238544103697253,-0.7394662468772634,-0.03140185079879733,0.9841231756854657,0
-0.8043672005990544,0.9009088760241706,0.8491410419312149,-0.18533242825094917,-0.5733475201700994,0.9048055324001227,0.8577891279455886,-1.461440576166749,0.5651428055227898,0.9204123179021463,-0.4814607612315388,-0.9044512740072636,-1.0161329645585022,1
-0.8043672005990544,0.9009088760241706,-0.502969299721533,1.2231738698347425,-0.404365943111267,-1.177851894974348,0.06599664927436881,0.853056793629862,0.11868207972852446,-0.9143260204049839,-0.7394662468772634,0.10749237562073138,0.9841231756854657,0
-0.8043672005990544,0.9009088760241706,-0.502969299721533,1.213793197991097,-0.911310674287764,-1.177851894974348,1.6495816066168083,-0.8828162337175963,-0.12972463988633004,-0.11162799739561437,-0.4814607612315388,0.4448069254967297,0.9841231756854657,0
-1.143265377720465,-1.1099901739376037,-0.502969299721533,-0.18599570807827764,-0.404365943111267,0.9048055324001227,0.8577891279455886,0.2744324511807092,1.676259348664909,0.9204123179021463,-0.997471732522988,1.0797519605574324,-1.0161329645585022,1
-1.143265377720465,0.9009088760241706,1.5251962127575889,-0.06785293692960394,-0.911310674287764,0.9048055324001227,0.8577891279455886,1.4316811360790147,-1.2475548781531747,0.6910700256137552,-0.4814607612315388,-0.190138109563973,0.9841231756854657,0
-0.634918112038349,-1.1099901739376037,-1.179024470547907,1.2132562571784977,0.10257878806523006,-1.177851894974348,2.4413740852880284,-1.461440576166749,0.5114332445249834,0.23238544103697253,-0.7394662468772634,-0.011559818453150373,0.9841231756854657,0
-0.634918112038349,-1.1099901739376037,-0.502969299721533,1.2175044065487681,-0.5733475201700994,-1.177851894974348,0.8577891279455886,-0.3041918912684436,1.092167872813765,-0.45564143582820127,-0.4814607612315388,0.4448069254967297,-1.0161329645585022,0
-0.9738162891597597,0.9009088760241706,-1.179024470547907,1.2189888899718366,-0.911310674287764,-1.177851894974348,2.3226052134873454,1.4316811360790147,0.3939435798422821,0.1177142948927768,-0.4814607612315388,-0.7853990799333818,-1.0161329645585022,0
-0.46546902347764374,0.9009088760241706,0.8491410419312149,-0.0628783382246404,-0.911310674287764,0.9048055324001227,0.8577891279455886,-0.8828162337175963,-0.6936750303632967,0.6910700256137552,-0.4814607612315388,-0.2893482712922078,0.9841231756854657,0
-0.634918112038349,0.9009088760241706,0.8491410419312149,1.2175675760561329,-0.911310674287764,-1.177851894974348,2.4413740852880284,0.853056793629862,0.27645391515958084,0.23238544103697253,-0.7394662468772634,0.8614896047553159,0.9841231756854657,0
-0.8043672005990544,-1.1099901739376037,0.8491410419312149,1.2183729872750317,-0.911310674287764,0.21058638994196582,2.061313695525843,1.4316811360790147,1.327147202179168,0.003043148748581378,-0.997471732522988,0.2463866020402601,0.9841231756854657,0
-0.634918112038349,0.9009088760241706,0.8491410419312149,1.2114085490880826,-0.5733475201700994,0.21058638994196582,2.0929853946726915,1.4316811360790147,0.001192415045823164,0.1177142948927768,-0.7394662468772634,-0.26950623894656084,-1.0161329645585022,0
-0.9738162891597597,-1.1099901739376037,-1.179024470547907,-0.8177223664781234,-0.5733475201700994,0.21058638994196582,-0.09236184645987515,0.2744324511807092,-1.6839450612603513,2.0671237793441026,-0.997471732522988,-3.245811090793605,0.9841231756854657,0
-0.9738162891597597,0.9009088760241706,0.8491410419312149,1.2186730424350136,-0.911310674287764,-1.177851894974348,2.4413740852880284,0.2744324511807092,0.27645391515958084,0.23238544103697253,-0.7394662468772634,-0.6465048535138531,0.9841231756854657,0
-0.9738162891597597,0.9009088760241706,-0.502969299721533,1.2202364877422878,-0.911310674287764,-1.177851894974348,0.5410721364771007,-0.8828162337175963,0.04483143335654109,-0.6849837281165926,-0.7394662468772634,0.18686050500331922,0.9841231756854657,0
-0.46546902347764374,0.9009088760241706,1.5251962127575889,1.218499326289761,-0.404365943111267,-1.177851894974348,1.554566509176262,1.4316811360790147,1.676259348664909,-0.2262991435398101,-0.4814607612315388,-1.3806600503027906,-1.0161329645585022,0
-0.634918112038349,0.9009088760241706,-0.502969299721533,-0.057035158793413386,-0.404365943111267,0.9048055324001227,0.8577891279455886,-0.8828162337175963,-0.522475804682789,0.6910700256137552,-0.4814607612315388,1.278172284013902,0.9841231756854657,0
-0.8043672005990544,-1.1099901739376037,1.5251962127575889,1.220252280119129,-0.911310674287764,0.21058638994196582,0.8577891279455886,1.4316811360790147,0.7430557263280237,-0.45564143582820127,-0.7394662468772634,1.0400678958661385,0.9841231756854657,0
-0.9738162891597597,0.9009088760241706,0.8491410419312149,1.2183256101445081,-0.7423290972289317,-1.177851894974348,0.5410721364771007,1.4316811360790147,-0.6936750303632967,-0.6849837281165926,-0.4814607612315388,0.46464895784237664,0.9841231756854657,0
-0.46546902347764374,0.9009088760241706,-1.179024470547907,1.2164463173004108,-0.5733475201700994,-1.177851894974348,1.8079401023510524,1.4316811360790147,0.7229146409538463,-0.11162799739561437,-0.7394662468772634,-1.7973427295613766,0.9841231756854657,0
-0.46546902347764374,0.9009088760241706,-0.502969299721533,1.2165568639382989,-0.5733475201700994,-1.177851894974348,0.8577891279455886,0.853056793629862,0.2965950005337584,-0.45564143582820127,-0.997471732522988,-0.32903233598350173,-1.0161329645585022,0
-0.2960199349169384,0.9009088760241706,0.8491410419312149,1.2167147877067104,-0.911310674287764,-1.177851894974348,-0.4090788379283631,-0.8828162337175963,-1.0092187012254088,-1.143668312693375,-0.997471732522988,0.46464895784237664,0.9841231756854657,0
-0.46546902347764374,0.9009088760241706,-1.179024470547907,-0.14957848708257632,-0.5733475201700994,0.9048055324001227,0.8577891279455886,-1.461440576166749,2.431550050196561,0.8057411717579506,-0.997471732522988,-0.3488743683291487,-1.0161329645585022,1
-0.634918112038349,0.9009088760241706,-1.179024470547907,1.2155777365741474,-0.5733475201700994,-1.177851894974348,-1.3196401884002658,0.2744324511807092,-0.018948670328354386,-1.487681751125962,-0.997471732522988,-0.686188918205147,-1.0161329645585022,0
-0.634918112038349,-1.1099901739376037,0.8491410419312149,1.2151829271531185,-0.23538436605243465,-1.177851894974348,1.6495816066168083,0.853056793629862,0.19253272610050842,-0.11162799739561437,-0.997471732522988,-0.20998014190961997,0.9841231756854657,0
-0.2960199349169384,-1.1099901739376037,-1.179024470547907,1.215025003384707,-0.06640278899360229,-1.177851894974348,-0.7257958293968509,0.853056793629862,-0.45869570099789353,-1.2583394588375707,-0.997471732522988,-2.0156050853634935,-1.0161329645585022,0
-0.8043672005990544,-1.1099901739376037,-1.179024470547907,1.2189573052181544,-0.23538436605243465,-1.177851894974348,-0.09236184645987515,0.2744324511807092,-1.0964967378468442,-0.9143260204049839,-0.997471732522988,1.1789621222856672,-1.0161329645585022,0
-0.8043672005990544,0.9009088760241706,0.8491410419312149,1.2209787294538221,-0.23538436605243465,-1.177851894974348,2.2830155895537843,1.4316811360790147,-1.4993184453303918,0.1177142948927768,-0.997471732522988,-1.678290535487495,-1.0161329645585022,0
-0.8043672005990544,-1.1099901739376037,-1.179024470547907,1.2219104796874503,-0.7423290972289317,-1.177851894974348,1.6495816066168083,-1.461440576166749,0.5785701957722418,-0.11162799739561437,-0.4814607612315388,0.8416475724096689,0.9841231756854657,0
-0.9738162891597597,0.9009088760241706,0.8491410419312149,1.2366289749034058,-0.911310674287764,-1.177851894974348,0.8577891279455886,1.4316811360790147,-0.6936750303632967,-0.570312581972397,-0.997471732522988,0.5638591195706114,-1.0161329645585022,0
-0.8043672005990544,-1.1099901739376037,-1.179024470547907,1.2383187592254092,-0.911310674287764,-1.177851894974348,-0.5674373336626071,-0.8828162337175963,-1.173704231781191,-1.143668312693375,-0.7394662468772634,-1.7179746001787888,0.9841231756854657,0
-1.143265377720465,-1.1099901739376037,1.5251962127575889,-0.012421694217153098,-0.911310674287764,0.9048055324001227,0.8577891279455886,0.853056793629862,0.4745079213389917,0.5763988794695595,-0.4814607612315388,0.26622863438590705,-1.0161329645585022,0
-0.2960199349169384,0.9009088760241706,-0.502969299721533,-0.8196806212064265,0.10257878806523006,0.21058638994196582,-0.765385453330412,1.4316811360790147,0.2865244578466693,0.3470565871811683,-0.4814607612315388,0.5241750548793175,-1.0161329645585022,0
-0.46546902347764374,0.9009088760241706,-1.179024470547907,1.237055369078117,-0.23538436605243465,-1.177851894974348,-0.3298995900612411,0.853056793629862,0.4308689030282738,-1.0289971665491795,-0.7394662468772634,-0.03140185079879733,0.9841231756854657,0
-0.634918112038349,-1.1099901739376037,0.8491410419312149,1.234828643943514,-0.7423290972289317,-1.177851894974348,2.2830155895537843,0.853056793629862,-1.1804179269059165,0.1177142948927768,-0.4814607612315388,-0.09092794783573821,0.9841231756854657,0
-0.634918112038349,0.9009088760241706,0.8491410419312149,-0.8184804005664987,-0.404365943111267,0.21058638994196582,-1.359229812333827,0.2744324511807092,1.7836784706605218,-1.143668312693375,-0.997471732522988,-0.32903233598350173,-1.0161329645585022,1
-0.8043672005990544,0.9009088760241706,1.5251962127575889,-0.8245130885198196,-0.911310674287764,0.21058638994196582,-0.3298995900612411,0.2744324511807092,0.03811773823181484,1.4937680486231246,-0.4814607612315388,-0.15045404487267908,-1.0161329645585022,0
-0.2960199349169384,0.9009088760241706,-1.179024470547907,1.2527845764119063,-0.404365943111267,-1.177851894974348,-1.2008713165995828,0.853056793629862,-1.173704231781191,-1.487681751125962,-0.7394662468772634,-1.7973427295613766,-1.0161329645585022,0
-0.634918112038349,-1.1099901739376037,-1.179024470547907,-0.12739019762075485,-0.7423290972289317,0.9048055324001227,0.8577891279455886,-0.8828162337175963,1.2700807936189982,0.8057411717579506,-0.7394662468772634,1.2186461869769611,-1.0161329645585022,1
-0.2960199349169384,0.9009088760241706,-1.179024470547907,1.252531898382448,-0.7423290972289317,-1.177851894974348,0.0976683484212176,-0.8828162337175963,-1.0427871768490378,-0.9143260204049839,-0.997471732522988,-1.3806600503027906,0.9841231756854657,0
-0.8043672005990544,0.9009088760241706,-0.502969299721533,1.2499419485804986,-0.7423290972289317,-1.177851894974348,0.8577891279455886,0.853056793629862,-1.3482603050240614,-0.570312581972397,-0.997471732522988,0.32575473142284794,0.9841231756854657,0
-0.46546902347764374,0.9009088760241706,0.8491410419312149,-0.012595410362405792,-0.7423290972289317,0.9048055324001227,0.8577891279455886,0.853056793629862,0.8336906105118219,0.5763988794695595,-0.997471732522988,-0.17029607721832604,0.9841231756854657,0
-0.634918112038349,0.9009088760241706,-1.179024470547907,1.249057575477394,-0.911310674287764,-1.177851894974348,0.6994306322113446,1.4316811360790147,2.17642963545698,-0.570312581972397,-0.997471732522988,-0.7258729828964409,0.9841231756854657,0
-0.46546902347764374,-1.1099901739376037,0.8491410419312149,-0.12486341732617018,-0.5733475201700994,0.9048055324001227,0.8577891279455886,0.2744324511807092,-0.34120603631519225,0.8057411717579506,-0.7394662468772634,-1.5790803737592602,-1.0161329645585022,1
-0.2960199349169384,-1.1099901739376037,-0.502969299721533,1.259417374685191,-0.911310674287764,-1.177851894974348,0.25602684415546156,0.2744324511807092,-0.005521280078902488,-0.7996548742607882,-0.4814607612315388,1.8337491896920168,-1.0161329645585022,0
-0.8043672005990544,0.9009088760241706,-1.179024470547907,1.0185362507270679,-0.7423290972289317,-1.177851894974348,-0.2507203421941191,-0.3041918912684436,0.001192415045823164,-0.9143260204049839,-0.997471732522988,1.0202258635204915,-1.0161329645585022,1
-0.2960199349169384,-1.1099901739376037,-0.502969299721533,-0.015453830570654681,-0.23538436605243465,0.9048055324001227,0.8577891279455886,-0.3041918912684436,-1.1233515183457474,0.5763988794695595,-0.4814607612315388,1.1789621222856672,-1.0161329645585022,0
-0.9738162891597597,-1.1099901739376037,1.5251962127575889,1.2506526055383507,-0.911310674287764,-1.177851894974348,0.06599664927436881,0.2744324511807092,-1.1233515183457474,-0.9143260204049839,-0.997471732522988,0.3455967637684949,-1.0161329645585022,0
-0.8043672005990544,0.9009088760241706,0.8491410419312149,1.259906938367267,-0.911310674287764,-1.177851894974348,0.0026532509806712224,-1.461440576166749,-1.2979075915886182,-0.9143260204049839,-0.7394662468772634,0.305912699077201,-1.0161329645585022,0
-0.634918112038349,-1.1099901739376037,-1.179024470547907,-0.013779838625492348,-0.7423290972289317,0.9048055324001227,0.8577891279455886,0.853056793629862,-1.623521805137819,0.5763988794695595,-0.997471732522988,0.7225953783357871,0.9841231756854657,0
-0.46546902347764374,0.9009088760241706,-1.179024470547907,-0.12508451060194634,-0.7423290972289317,0.9048055324001227,0.8577891279455886,-1.461440576166749,1.8273174889712391,0.8057411717579506,-0.4814607612315388,0.305912699077201,-1.0161329645585022,1
-0.46546902347764374,0.9009088760241706,-0.502969299721533,1.0261955534950276,-0.7423290972289317,-1.177851894974348,2.4413740852880284,-0.3041918912684436,-0.005521280078902488,0.3470565871811683,-0.997471732522988,0.5638591195706114,-1.0161329645585022,1
-0.46546902347764374,-1.1099901739376037,0.8491410419312149,1.26473940568066,-0.911310674287764,-1.177851894974348,0.38271364074285674,1.4316811360790147,0.001192415045823164,-0.6849837281165926,-0.997471732522988,-1.8965528912896115,0.9841231756854657,0
-0.8043672005990544,0.9009088760241706,-0.502969299721533,-0.016748805471629317,-0.5733475201700994,0.9048055324001227,0.8577891279455886,1.4316811360790147,0.03811773823181484,0.5763988794695595,-0.7394662468772634,0.6233852166075523,0.9841231756854657,0
-0.8043672005990544,0.9009088760241706,0.8491410419312149,1.2567958401295596,-0.911310674287764,-1.177851894974348,-0.09236184645987515,0.853056793629862,0.1119683846037988,-0.9143260204049839,-0.7394662468772634,-2.075131182400434,0.9841231756854657,0
-0.634918112038349,0.9009088760241706,1.5251962127575889,1.2612334980219237,-0.5733475201700994,-1.177851894974348,2.91644957249076,0.2744324511807092,-0.8447331706696268,0.4617277333253637,-0.7394662468772634,-0.15045404487267908,0.9841231756854657,0
-0.8043672005990544,-1.1099901739376037,-0.502969299721533,-0.014964266888578905,-0.7423290972289317,0.9048055324001227,0.8577891279455886,0.2744324511807092,-1.0495008719737637,0.5763988794695595,-0.7394662468772634,0.06780831092943747,-1.0161329645585022,0
-0.9738162891597597,-1.1099901739376037,-1.179024470547907,-0.01409568616231543,-0.911310674287764,0.9048055324001227,0.8577891279455886,0.2744324511807092,0.11868207972852446,0.5763988794695595,-0.7394662468772634,-0.8846092416616166,0.9841231756854657,0
-0.2960199349169384,-1.1099901739376037,-0.502969299721533,1.2691296864425008,-0.06640278899360229,-1.177851894974348,0.38271364074285674,-0.3041918912684436,0.5651428055227898,-0.7996548742607882,-0.7394662468772634,-2.610866055732902,0.9841231756854657,0
-0.634918112038349,0.9009088760241706,-1.179024470547907,-0.01324289781289311,-0.5733475201700994,0.9048055324001227,0.8577891279455886,0.2744324511807092,-0.37813135950118393,0.5763988794695595,-0.997471732522988,0.8614896047553159,0.9841231756854657,0
-0.8043672005990544,-1.1099901739376037,-1.179024470547907,-0.013874592886539274,-0.7423290972289317,0.9048055324001227,0.8577891279455886,1.4316811360790147,-0.6936750303632967,0.5763988794695595,-0.7394662468772634,0.7027533459901402,0.9841231756854657,0
-0.634918112038349,0.9009088760241706,-1.179024470547907,1.2690507245582952,-0.5733475201700994,-1.177851894974348,2.91644957249076,0.2744324511807092,-0.8447331706696268,0.3470565871811683,-0.7394662468772634,0.5440170872249644,0.9841231756854657,0
-0.2960199349169384,0.9009088760241706,-0.502969299721533,1.2684506142383312,-0.404365943111267,-1.177851894974348,0.38271364074285674,-0.3041918912684436,0.16232109803924238,-0.7996548742607882,-0.4814607612315388,0.4249648931510827,-1.0161329645585022,0
-0.634918112038349,0.9009088760241706,1.5251962127575889,1.270061436676129,-0.7423290972289317,-1.177851894974348,-0.7257958293968509,1.4316811360790147,0.001192415045823164,-1.2583394588375707,-0.7394662468772634,-1.5592383414136133,0.9841231756854657,0
-0.634918112038349,-1.1099901739376037,0.8491410419312149,1.2740095308864174,-0.5733475201700994,-1.177851894974348,-1.042512820865339,-0.3041918912684436,0.3301634761573873,-1.3730106049817663,-0.4814607612315388,0.028124246238143545,0.9841231756854657,0
-0.8043672005990544,-1.1099901739376037,0.8491410419312149,1.277231175762013,-0.5733475201700994,-1.177851894974348,2.2830155895537843,-0.8828162337175963,0.001192415045823164,0.1177142948927768,-0.4814607612315388,-0.6663468858595001,0.9841231756854657,0
-0.634918112038349,-1.1099901739376037,-1.179024470547907,1.272714555985443,-0.911310674287764,0.21058638994196582,-0.8841543251310949,1.4316811360790147,-1.2106295549671826,-1.3730106049817663,-0.7394662468772634,-0.5274526594399713,-1.0161329645585022,0
-0.46546902347764374,0.9009088760241706,0.8491410419312149,1.2762046712673378,-0.911310674287764,-1.177851894974348,2.4413740852880284,-1.461440576166749,0.001192415045823164,0.23238544103697253,-0.7394662468772634,-0.32903233598350173,0.9841231756854657,0
-0.634918112038349,0.9009088760241706,-0.502969299721533,0.7045680067480835,-0.7423290972289317,-1.177851894974348,0.3193702424491591,0.2744324511807092,1.357358830240434,-0.570312581972397,-0.997471732522988,-1.2219237915376149,-1.0161329645585022,1
-0.46546902347764374,0.9009088760241706,1.5251962127575889,-0.010258138589914988,-0.5733475201700994,0.9048055324001227,0.8577891279455886,-0.8828162337175963,1.7836784706605218,0.5763988794695595,-0.997471732522988,0.6035431842619053,0.9841231756854657,0
-0.46546902347764374,0.9009088760241706,-1.179024470547907,-0.019149246751484737,-0.5733475201700994,0.9048055324001227,0.8577891279455886,0.853056793629862,-0.46205254856025635,0.5763988794695595,-0.4814607612315388,-0.8647672093159696,-1.0161329645585022,0
-0.2960199349169384,0.9009088760241706,0.8491410419312149,1.296308366986127,-0.06640278899360229,-1.177851894974348,3.2331665639592484,-0.8828162337175963,0.8336906105118219,0.5763988794695595,-0.7394662468772634,0.18686050500331922,-1.0161329645585022,0
-0.46546902347764374,0.9009088760241706,-0.502969299721533,-0.1317962707594368,-0.23538436605243465,0.9048055324001227,0.8577891279455886,1.4316811360790147,1.5352717510456675,0.8057411717579506,-0.997471732522988,-0.17029607721832604,-1.0161329645585022,1
-0.9738162891597597,-1.1099901739376037,-1.179024470547907,-0.01073190989514961,-0.5733475201700994,0.9048055324001227,0.8577891279455886,1.4316811360790147,1.995159867089384,0.5763988794695595,-0.7394662468772634,-0.9242933063529105,-1.0161329645585022,0
-0.2960199349169384,0.9009088760241706,1.5251962127575889,1.3030832966509822,-0.7423290972289317,-1.177851894974348,0.06599664927436881,0.2744324511807092,0.561785957960427,-0.9143260204049839,-0.7394662468772634,1.6353288662355472,-1.0161329645585022,0
-0.46546902347764374,0.9009088760241706,1.5251962127575889,1.3082789886317219,-0.7423290972289317,-1.177851894974348,2.4413740852880284,-0.3041918912684436,-0.0860856215756121,0.1177142948927768,-0.7394662468772634,0.286070666731554,-1.0161329645585022,0
-0.8043672005990544,0.9009088760241706,-1.179024470547907,-0.11260853289743461,-0.911310674287764,0.9048055324001227,0.8577891279455886,0.853056793629862,-0.12972463988633004,0.8057411717579506,-0.7394662468772634,-0.36871640067479566,-1.0161329645585022,1
-0.634918112038349,0.9009088760241706,-0.502969299721533,0.017441690389469276,-0.23538436605243465,0.9048055324001227,0.8577891279455886,0.853056793629862,-1.4993184453303918,0.5763988794695595,-0.7394662468772634,-0.8052411122790287,0.9841231756854657,0
-0.634918112038349,0.9009088760241706,0.8491410419312149,1.3123692142335808,-0.404365943111267,-1.177851894974348,1.8079401023510524,1.4316811360790147,0.5651428055227898,-0.11162799739561437,-0.997471732522988,-0.051243883144444294,0.9841231756854657,0
-1.3127144662811705,-1.1099901739376037,0.8491410419312149,1.3112321631010178,-0.911310674287764,-1.177851894974348,0.8577891279455886,1.4316811360790147,1.6628319584154578,-0.570312581972397,-0.997471732522988,0.14717644031202531,0.9841231756854657,0
-0.634918112038349,0.9009088760241706,-1.179024470547907,1.3135852272503497,-0.5733475201700994,-1.177851894974348,-0.12403354560672394,-0.3041918912684436,-1.6705176710108995,-1.0289971665491795,-0.997471732522988,-0.36871640067479566,-1.0161329645585022,0
-0.2960199349169384,-1.1099901739376037,-1.179024470547907,1.311563803014682,-0.06640278899360229,-1.177851894974348,-0.45658638664863627,-0.8828162337175963,-1.6705176710108995,-1.143668312693375,-0.4814607612315388,1.0995939929030794,-1.0161329645585022,0
-0.46546902347764374,0.9009088760241706,-1.179024470547907,1.311469048753635,-0.06640278899360229,-1.177851894974348,0.06599664927436881,-0.3041918912684436,1.5486991412951188,-0.9143260204049839,-0.7394662468772634,0.7622794430270811,0.9841231756854657,0
-0.634918112038349,-1.1099901739376037,0.8491410419312149,1.311484841130476,-0.5733475201700994,-1.177851894974348,-0.6901651678566461,1.4316811360790147,-1.1804179269059165,-1.2583394588375707,-0.7394662468772634,-1.0433455004267922,-1.0161329645585022,0
-0.634918112038349,0.9009088760241706,-1.179024470547907,1.3133641339745734,-0.5733475201700994,-1.177851894974348,2.4413740852880284,0.2744324511807092,-1.1804179269059165,0.1177142948927768,-0.997471732522988,-1.9759210206721993,0.9841231756854657,0
-0.2960199349169384,0.9009088760241706,-0.502969299721533,1.3101740738526604,0.2715603651240624,-1.177851894974348,2.2830155895537843,-1.461440576166749,0.665848232393677,0.1177142948927768,-0.997471732522988,1.4567505751247247,0.9841231756854657,0
-0.8043672005990544,0.9009088760241706,0.8491410419312149,1.3051678903940145,-0.911310674287764,-1.177851894974348,0.4618928886099787,1.4316811360790147,1.6729025011025462,-0.6849837281165926,-0.997471732522988,0.4844909901880236,0.9841231756854657,0
-0.634918112038349,0.9009088760241706,1.5251962127575889,1.3163331008207104,-0.23538436605243465,-1.177851894974348,-0.5674373336626071,-0.8828162337175963,-1.371758237960602,-1.143668312693375,-0.997471732522988,-1.3409759856114967,0.9841231756854657,0
-0.634918112038349,0.9009088760241706,-1.179024470547907,1.31249555324831,-0.7423290972289317,-1.177851894974348,1.8079401023510524,0.853056793629862,-0.08944246913797492,-0.11162799739561437,-0.997471732522988,0.6829113136444932,-1.0161329645585022,0
-0.9738162891597597,0.9009088760241706,-1.179024470547907,-0.8330251796372017,-0.911310674287764,0.21058638994196582,-0.7257958293968509,0.853056793629862,-1.0427871768490378,0.4617277333253637,-0.7394662468772634,-0.6266628211682062,0.9841231756854657,0
-0.634918112038349,-1.1099901739376037,-0.502969299721533,1.313000909307227,-0.404365943111267,-1.177851894974348,0.06599664927436881,-0.3041918912684436,0.001192415045823164,-0.9143260204049839,-0.7394662468772634,0.9408577341379036,-1.0161329645585022,0
-0.8043672005990544,-1.1099901739376037,0.8491410419312149,1.3107268070421008,-0.7423290972289317,0.21058638994196582,1.0161476236798326,1.4316811360790147,-1.3751150855229646,-0.45564143582820127,-0.7394662468772634,0.6630692812988462,0.9841231756854657,0
-0.634918112038349,0.9009088760241706,-0.502969299721533,1.3084684971538156,-0.911310674287764,-1.177851894974348,1.1745061194140765,0.2744324511807092,-1.623521805137819,-0.45564143582820127,-0.4814607612315388,-0.30919030363785477,-1.0161329645585022,0
-0.9738162891597597,-1.1099901739376037,-1.179024470547907,0.04196725162378157,-0.911310674287764,0.9048055324001227,0.8577891279455886,0.2744324511807092,-0.21364582894540246,0.4617277333253637,-0.7394662468772634,-1.5393963090679663,-1.0161329645585022,0
-0.2960199349169384,-1.1099901739376037,-1.179024470547907,0.7420433169921421,-0.5733475201700994,-1.177851894974348,2.2830155895537843,0.2744324511807092,1.4110683912382405,0.5763988794695595,-0.4814607612315388,-2.8688124762263127,-1.0161329645585022,1
-0.634918112038349,0.9009088760241706,-1.179024470547907,1.311879650551505,-0.5733475201700994,-1.177851894974348,1.8079401023510524,1.4316811360790147,-0.21028898138303903,-0.11162799739561437,-0.4814607612315388,-0.9044512740072636,-1.0161329645585022,0
-0.2960199349169384,0.9009088760241706,1.5251962127575889,0.7361527604303917,-0.911310674287764,-1.177851894974348,0.8577891279455886,0.2744324511807092,1.451350561986595,-0.2262991435398101,-0.7394662468772634,-0.03140185079879733,-1.0161329645585022,1
-0.8043672005990544,0.9009088760241706,-0.502969299721533,0.06060225629634339,-0.911310674287764,0.9048055324001227,0.8577891279455886,-0.8828162337175963,-0.11965409719924096,0.4617277333253637,-0.4814607612315388,-1.12271362980938,0.9841231756854657,0
-1.143265377720465,-1.1099901739376037,-1.179024470547907,0.06036537064372608,-0.911310674287764,0.9048055324001227,0.8577891279455886,0.2744324511807092,-0.8447331706696268,0.4617277333253637,-0.997471732522988,0.8614896047553159,-1.0161329645585022,0
-0.46546902347764374,0.9009088760241706,0.8491410419312149,1.3135062653661438,-0.404365943111267,-1.177851894974348,2.4413740852880284,0.853056793629862,1.6997572816014495,0.1177142948927768,-0.4814607612315388,0.7027533459901402,-1.0161329645585022,0
-0.46546902347764374,-1.1099901739376037,-0.502969299721533,1.3094476245179674,-0.404365943111267,-1.177851894974348,1.6495816066168083,-1.461440576166749,0.5785701957722418,-0.2262991435398101,-0.7394662468772634,1.317856348705196,0.9841231756854657,0
-0.634918112038349,0.9009088760241706,-0.502969299721533,0.0708515088662524,-0.404365943111267,0.9048055324001227,0.8577891279455886,1.4316811360790147,0.7497694214527494,0.4617277333253637,-0.4814607612315388,-1.2417658238832618,0.9841231756854657,0
-0.46546902347764374,-1.1099901739376037,-0.502969299721533,1.3142485070776782,0.2715603651240624,-1.177851894974348,1.0161476236798326,1.4316811360790147,0.001192415045823164,-0.45564143582820127,-0.7394662468772634,0.06780831092943747,-1.0161329645585022,0
-0.634918112038349,0.9009088760241706,-0.502969299721533,1.3151960496881474,-0.911310674287764,-1.177851894974348,0.4618928886099787,1.4316811360790147,0.001192415045823164,-0.6849837281165926,-0.4814607612315388,0.5241750548793175,-1.0161329645585022,0
-0.8043672005990544,0.9009088760241706,-0.502969299721533,0.07966365514361637,-0.23538436605243465,0.9048055324001227,0.8577891279455886,0.853056793629862,0.8135495251376443,0.4617277333253637,-0.4814607612315388,1.5162766721616654,0.9841231756854657,0
-0.634918112038349,-1.1099901739376037,1.5251962127575889,1.084043029864175,-0.23538436605243465,-1.177851894974348,2.3226052134873454,-1.461440576166749,0.6255660616453219,0.23238544103697253,-0.4814607612315388,-0.17029607721832604,-1.0161329645585022,1
-0.8043672005990544,0.9009088760241706,-1.179024470547907,1.3143274689618838,-0.404365943111267,-1.177851894974348,0.06599664927436881,-0.8828162337175963,2.491973306319093,-0.9143260204049839,-0.4814607612315388,0.4249648931510827,-1.0161329645585022,0
-0.8043672005990544,0.9009088760241706,1.5251962127575889,0.07966365514361637,-0.911310674287764,0.9048055324001227,0.8577891279455886,-0.8828162337175963,0.2965950005337584,0.4617277333253637,-0.4814607612315388,-1.2219237915376149,0.9841231756854657,0
-0.9738162891597597,0.9009088760241706,0.8491410419312149,1.3115480106378408,-0.911310674287764,-1.177851894974348,0.19268344586176397,-1.461440576166749,-1.0092187012254088,-0.7996548742607882,-0.4814607612315388,-0.8052411122790287,0.9841231756854657,0
-0.46546902347764374,0.9009088760241706,-0.502969299721533,0.07423107751025937,-0.23538436605243465,0.9048055324001227,0.8577891279455886,-0.3041918912684436,1.6829730437896346,0.4617277333253637,-0.4814607612315388,0.8813316371009629,0.9841231756854657,0
-0.634918112038349,-1.1099901739376037,-1.179024470547907,1.31044254425896,-0.23538436605243465,-1.177851894974348,0.38271364074285674,-0.8828162337175963,-0.5459737376193288,-0.7996548742607882,-0.997471732522988,-0.46792656240303043,0.9841231756854657,0
-0.8043672005990544,-1.1099901739376037,-0.502969299721533,1.3265191838832548,-0.5733475201700994,-1.177851894974348,0.034324950127520015,0.853056793629862,1.6729025011025462,-0.9143260204049839,-0.7394662468772634,1.5162766721616654,0.9841231756854657,0
-1.143265377720465,-1.1099901739376037,-0.502969299721533,0.07737376050164903,-0.911310674287764,0.9048055324001227,0.8577891279455886,-0.8828162337175963,0.001192415045823164,0.4617277333253637,-0.7394662468772634,-1.162397694500674,-1.0161329645585022,0
-1.143265377720465,-1.1099901739376037,-1.179024470547907,0.08247469822134179,-0.911310674287764,0.9048055324001227,0.8577891279455886,-0.8828162337175963,-0.21028898138303903,0.4617277333253637,-0.997471732522988,-0.20998014190961997,0.9841231756854657,0
-0.46546902347764374,0.9009088760241706,-0.502969299721533,1.3288248709020634,-0.911310674287764,-1.177851894974348,-0.2507203421941191,-1.461440576166749,0.6255660616453219,-1.0289971665491795,-0.7394662468772634,-0.5472946917856183,0.9841231756854657,0
-0.2960199349169384,0.9009088760241706,-1.179024470547907,0.08198513453926602,-0.06640278899360229,0.9048055324001227,0.8577891279455886,1.4316811360790147,1.7937490133476108,0.4617277333253637,-0.7394662468772634,-2.5910240233872552,0.9841231756854657,0
-0.2960199349169384,0.9009088760241706,0.8491410419312149,0.7510607641684411,-0.23538436605243465,-1.177851894974348,2.2830155895537843,0.2744324511807092,1.2096575374964662,0.5763988794695595,-0.7394662468772634,-0.2893482712922078,-1.0161329645585022,1
-0.8043672005990544,-1.1099901739376037,-0.502969299721533,1.3314937825882183,-0.911310674287764,-1.177851894974348,-0.2507203421941191,-1.461440576166749,-0.901799579229796,-1.0289971665491795,-0.7394662468772634,0.26622863438590705,-1.0161329645585022,0
-0.2960199349169384,-1.1099901739376037,0.8491410419312149,1.3519291182206719,-0.06640278899360229,-1.177851894974348,1.8871193502181745,-0.8828162337175963,-1.4724636648314886,-0.11162799739561437,-0.4814607612315388,0.286070666731554,-1.0161329645585022,0
-0.46546902347764374,0.9009088760241706,1.5251962127575889,0.08026376546358023,-0.7423290972289317,0.9048055324001227,0.8577891279455886,0.853056793629862,0.2965950005337584,0.4617277333253637,-0.997471732522988,1.4369085427790778,-1.0161329645585022,0
-0.9738162891597597,0.9009088760241706,0.8491410419312149,1.3540137119637041,-0.911310674287764,-1.177851894974348,2.4413740852880284,0.2744324511807092,-0.34120603631519225,0.1177142948927768,-0.4814607612315388,-0.26950623894656084,0.9841231756854657,0
-0.2960199349169384,0.9009088760241706,0.17308587110484092,1.3505551814354912,-0.06640278899360229,-1.177851894974348,-0.963333572998217,-0.8828162337175963,0.3939435798422821,-1.3730106049817663,-0.997471732522988,0.18686050500331922,0.9841231756854657,0
-0.8043672005990544,0.9009088760241706,-0.502969299721533,1.3515185164228019,-0.911310674287764,-1.177851894974348,0.28769854330231037,-0.8828162337175963,-0.46205254856025635,-0.7996548742607882,-0.997471732522988,-0.26950623894656084,0.9841231756854657,0
-0.9738162891597597,-1.1099901739376037,0.8491410419312149,1.3545664451531445,-0.7423290972289317,-1.177851894974348,0.06599664927436881,1.4316811360790147,-1.7510820125076092,-0.9143260204049839,-0.997471732522988,-1.2417658238832618,0.9841231756854657,0
-0.46546902347764374,0.9009088760241706,-1.179024470547907,-0.034846869331591895,-0.911310674287764,0.9048055324001227,0.8577891279455886,-1.461440576166749,1.1458774338115711,0.5763988794695595,-0.7394662468772634,0.18686050500331922,-1.0161329645585022,1
-0.2960199349169384,0.9009088760241706,-0.502969299721533,1.3740700305519697,-0.404365943111267,-1.177851894974348,-0.3298995900612411,-1.461440576166749,-1.6705176710108995,-1.143668312693375,-0.7394662468772634,0.305912699077201,0.9841231756854657,0
-0.46546902347764374,0.9009088760241706,-0.502969299721533,1.3627626887337034,0.10257878806523006,-1.177851894974348,-0.2507203421941191,0.853056793629862,-1.3482603050240614,-1.0289971665491795,-0.4814607612315388,0.286070666731554,0.9841231756854657,0
-0.9738162891597597,0.9009088760241706,0.8491410419312149,0.08538049556011415,-0.911310674287764,0.9048055324001227,0.8577891279455886,0.853056793629862,1.575553921794022,0.4617277333253637,-0.7394662468772634,-1.7576586648700827,0.9841231756854657,0
-1.143265377720465,-1.1099901739376037,0.8491410419312149,0.09111312835345309,-0.911310674287764,0.9048055324001227,0.8577891279455886,1.4316811360790147,-1.0092187012254088,0.4617277333253637,-0.7394662468772634,0.6829113136444932,-1.0161329645585022,0
-0.634918112038349,0.9009088760241706,1.5251962127575889,1.3668371219587212,-0.7423290972289317,0.21058638994196582,1.0953268715469546,0.853056793629862,-1.4993184453303918,-0.45564143582820127,-0.7394662468772634,-1.3409759856114967,0.9841231756854657,0
-0.8043672005990544,-1.1099901739376037,-0.502969299721533,1.369174393731212,-0.911310674287764,-1.177851894974348,-1.090020369585612,0.853056793629862,0.2865244578466693,-1.3730106049817663,-0.997471732522988,0.4249648931510827,-1.0161329645585022,0
-0.46546902347764374,-1.1099901739376037,-0.502969299721533,1.3645156425630716,-0.404365943111267,-1.177851894974348,-0.7257958293968509,0.2744324511807092,0.2865244578466693,-1.2583394588375707,-0.4814607612315388,0.9408577341379036,-1.0161329645585022,0
-0.46546902347764374,0.9009088760241706,-0.502969299721533,1.3737699753919879,-0.5733475201700994,0.21058638994196582,1.9029551997915988,0.2744324511807092,0.001192415045823164,-0.11162799739561437,-0.4814607612315388,-0.7060309505507939,-1.0161329645585022,0
-0.46546902347764374,0.9009088760241706,1.5251962127575889,1.3686848300491363,-0.404365943111267,-1.177851894974348,-0.09236184645987515,-0.8828162337175963,0.40737097009173406,-1.0289971665491795,-0.7394662468772634,1.0003838311748445,0.9841231756854657,0
-0.8043672005990544,-1.1099901739376037,-0.502969299721533,-0.8497808914656662,-0.911310674287764,0.21058638994196582,-0.9118670618845877,1.4316811360790147,1.223084927745918,0.1177142948927768,-0.4814607612315388,0.6035431842619053,0.9841231756854657,0
-0.46546902347764374,0.9009088760241706,0.8491410419312149,1.1591357817438628,-0.911310674287764,-1.177851894974348,-0.7257958293968509,-1.461440576166749,0.5785701957722418,-1.2583394588375707,-0.997471732522988,0.18686050500331922,-1.0161329645585022,1
-0.8043672005990544,0.9009088760241706,0.8491410419312149,-0.8429427922934464,-0.911310674287764,0.21058638994196582,-0.3298995900612411,1.4316811360790147,0.5651428055227898,1.6084391947673204,-0.7394662468772634,0.40512286080543575,0.9841231756854657,0
-0.8043672005990544,0.9009088760241706,0.8491410419312149,-0.851107451120323,-0.5733475201700994,0.21058638994196582,-0.5674373336626071,-0.8828162337175963,1.4312094766124175,1.035083464046342,-0.997471732522988,0.7225953783357871,-1.0161329645585022,0
-0.2960199349169384,0.9009088760241706,-0.502969299721533,1.4094291622993138,0.4405419421828948,-1.177851894974348,0.7627740305050422,-1.461440576166749,0.001192415045823164,-0.570312581972397,-0.997471732522988,1.3972244780877838,-1.0161329645585022,0
-0.634918112038349,-1.1099901739376037,-0.502969299721533,-0.012674372246611562,-0.5733475201700994,0.9048055324001227,0.8577891279455886,1.4316811360790147,1.7836784706605218,0.5763988794695595,-0.4814607612315388,0.5241750548793175,-1.0161329645585022,1
-0.8043672005990544,-1.1099901739376037,-1.179024470547907,1.4084184501814798,-0.7423290972289317,0.21058638994196582,1.07949102197353,-0.8828162337175963,1.6628319584154578,-0.45564143582820127,-0.7394662468772634,1.714696995618135,0.9841231756854657,0
-0.634918112038349,0.9009088760241706,-0.502969299721533,1.1777707864164244,-0.911310674287764,-1.177851894974348,1.3328646151483206,-1.461440576166749,2.102578989084997,-0.2262991435398101,-0.997471732522988,1.1591200899400202,-1.0161329645585022,1
-0.46546902347764374,-1.1099901739376037,0.8491410419312149,1.402875325910235,-0.06640278899360229,-1.177851894974348,-0.2507203421941191,0.2744324511807092,0.23617174441122635,-1.0289971665491795,-0.997471732522988,0.286070666731554,0.9841231756854657,0
-1.143265377720465,-1.1099901739376037,-0.502969299721533,1.408623751080415,-0.911310674287764,-1.177851894974348,1.3328646151483206,-0.8828162337175963,-1.0427871768490378,-0.34097028968400567,-0.4814607612315388,-1.12271362980938,-1.0161329645585022,0
-0.8043672005990544,-1.1099901739376037,-0.502969299721533,1.4070445133962994,-0.911310674287764,-1.177851894974348,0.38271364074285674,0.853056793629862,0.23617174441122635,-0.7996548742607882,-0.4814607612315388,1.278172284013902,0.9841231756854657,0
-0.46546902347764374,0.9009088760241706,0.8491410419312149,0.12336116186308972,-0.7423290972289317,0.9048055324001227,0.8577891279455886,-1.461440576166749,0.4745079213389917,0.3470565871811683,-0.7394662468772634,0.08765034327508442,0.9841231756854657,0
-0.2960199349169384,-1.1099901739376037,0.8491410419312149,0.12280842867364933,-0.06640278899360229,0.9048055324001227,0.8577891279455886,0.853056793629862,-1.371758237960602,0.3470565871811683,-0.7394662468772634,0.0479662785837905,-1.0161329645585022,0
-0.2960199349169384,-1.1099901739376037,-0.502969299721533,0.005581615381762559,-0.404365943111267,0.9048055324001227,0.8577891279455886,0.853056793629862,1.6829730437896346,0.5763988794695595,-0.997471732522988,-0.011559818453150373,-1.0161329645585022,1
-0.46546902347764374,-1.1099901739376037,-0.502969299721533,0.12588794215767438,-0.7423290972289317,0.9048055324001227,0.8577891279455886,-1.461440576166749,0.561785957960427,0.3470565871811683,-0.7394662468772634,0.9805417988291976,-1.0161329645585022,0
-0.8043672005990544,0.9009088760241706,-1.179024470547907,1.4088606367330323,-0.23538436605243465,-1.177851894974348,0.38271364074285674,0.853056793629862,-1.8752853723150364,-0.7996548742607882,-0.7394662468772634,0.6829113136444932,0.9841231756854657,0
-0.8043672005990544,-1.1099901739376037,1.5251962127575889,1.417025295559909,-0.23538436605243465,-1.177851894974348,0.38271364074285674,0.853056793629862,-0.8447331706696268,-0.7996548742607882,-0.7394662468772634,1.337698381050843,0.9841231756854657,0
-0.9738162891597597,0.9009088760241706,-0.502969299721533,0.12061328829272891,-0.911310674287764,0.9048055324001227,0.8577891279455886,1.4316811360790147,2.0757242085860943,0.3470565871811683,-0.997471732522988,0.9011736694466097,0.9841231756854657,0
-0.634918112038349,0.9009088760241706,-1.179024470547907,0.11952361429068928,-0.5733475201700994,0.9048055324001227,0.8577891279455886,0.2744324511807092,-0.005521280078902488,0.3470565871811683,-0.4814607612315388,-0.9242933063529105,-1.0161329645585022,0
-0.9738162891597597,-1.1099901739376037,-0.502969299721533,1.4065233649605413,-0.911310674287764,-1.177851894974348,0.06599664927436881,-0.8828162337175963,-0.005521280078902488,-0.9143260204049839,-0.7394662468772634,1.278172284013902,-1.0161329645585022,0
-0.634918112038349,-1.1099901739376037,-0.502969299721533,1.403696529505975,-0.7423290972289317,-1.177851894974348,-0.808934039657329,0.853056793629862,-1.1804179269059165,-1.2583394588375707,-0.4814607612315388,-1.5195542767223194,0.9841231756854657,0
-0.2960199349169384,-1.1099901739376037,-0.502969299721533,-0.8453748183269841,-0.06640278899360229,0.21058638994196582,-0.2507203421941191,-0.8828162337175963,0.9343960373827085,1.8377814870557112,-0.7394662468772634,0.7424374106814341,0.9841231756854657,0
-0.46546902347764374,0.9009088760241706,-0.502969299721533,1.402369969851318,-0.06640278899360229,-1.177851894974348,4.024959042630468,-1.461440576166749,-0.1397951825734185,0.8057411717579506,-0.7394662468772634,-1.4401861473397315,-1.0161329645585022,0
-0.8043672005990544,-1.1099901739376037,-0.502969299721533,-0.17670979049567903,-0.7423290972289317,0.9048055324001227,0.8577891279455886,0.2744324511807092,0.15896425047687956,0.9204123179021463,-0.4814607612315388,1.5162766721616654,-1.0161329645585022,1
-0.8043672005990544,-1.1099901739376037,1.5251962127575889,1.4112452856360465,-0.911310674287764,-1.177851894974348,-0.5674373336626071,0.853056793629862,0.8336906105118219,-1.143668312693375,-0.7394662468772634,-1.2616078562289088,0.9841231756854657,0
-0.8043672005990544,-1.1099901739376037,0.8491410419312149,1.4050072967837905,-0.5733475201700994,-1.177851894974348,-0.963333572998217,-0.8828162337175963,-1.7510820125076092,-1.3730106049817663,-0.7394662468772634,-0.190138109563973,-1.0161329645585022,0
-0.634918112038349,0.9009088760241706,-1.179024470547907,0.14915011324469435,-0.5733475201700994,0.9048055324001227,0.8577891279455886,0.2744324511807092,0.7229146409538463,0.3470565871811683,-0.7394662468772634,0.10749237562073138,0.9841231756854657,0
-0.8043672005990544,-1.1099901739376037,-0.502969299721533,0.15005027872464013,-0.7423290972289317,0.9048055324001227,0.8577891279455886,0.853056793629862,0.2965950005337584,0.3470565871811683,-0.7394662468772634,1.3972244780877838,-1.0161329645585022,0
-0.634918112038349,0.9009088760241706,-0.502969299721533,1.406902382004729,-0.911310674287764,-1.177851894974348,2.4413740852880284,-0.3041918912684436,-0.08944246913797492,0.1177142948927768,-0.4814607612315388,0.22654456969461315,-1.0161329645585022,0
-0.634918112038349,-1.1099901739376037,1.5251962127575889,1.4044861483480326,-0.23538436605243465,-1.177851894974348,1.6495816066168083,-0.3041918912684436,-1.4993184453303918,-0.2262991435398101,-0.4814607612315388,2.131379674876721,-1.0161329645585022,0
-0.9738162891597597,0.9009088760241706,-1.179024470547907,1.4072498142952345,-0.911310674287764,-1.177851894974348,1.6495816066168083,1.4316811360790147,-1.3751150855229646,-0.2262991435398101,-0.7394662468772634,-2.3529196352394917,0.9841231756854657,0
-0.634918112038349,0.9009088760241706,1.5251962127575889,1.406254894554242,-0.7423290972289317,-1.177851894974348,2.4413740852880284,-0.3041918912684436,-0.21700267650776528,0.1177142948927768,-0.997471732522988,1.238488219322608,-1.0161329645585022,0
-0.46546902347764374,-1.1099901739376037,-0.502969299721533,1.4055758223500723,-0.06640278899360229,-1.177851894974348,1.9662985980852963,0.2744324511807092,-0.7138161157374736,-0.11162799739561437,-0.7394662468772634,0.46464895784237664,-1.0161329645585022,0
-0.8043672005990544,0.9009088760241706,-1.179024470547907,0.16089964161451298,-0.911310674287764,0.9048055324001227,0.8577891279455886,-0.8828162337175963,0.8269769153870962,0.3470565871811683,-0.7394662468772634,-1.7775006972157297,-1.0161329645585022,0
-0.634918112038349,0.9009088760241706,0.8491410419312149,1.407502492324693,-0.5733475201700994,-1.177851894974348,1.0161476236798326,0.2744324511807092,-0.21028898138303903,-0.570312581972397,-0.997471732522988,-0.8846092416616166,0.9841231756854657,0
-0.8043672005990544,0.9009088760241706,1.5251962127575889,1.4078657169920394,-0.911310674287764,-1.177851894974348,0.8577891279455886,0.853056793629862,1.5352717510456675,-0.570312581972397,-0.7394662468772634,0.18686050500331922,0.9841231756854657,0
-0.634918112038349,0.9009088760241706,-1.179024470547907,0.1763445861651617,-0.911310674287764,0.9048055324001227,0.8577891279455886,0.853056793629862,0.23617174441122635,0.23238544103697253,-0.4814607612315388,0.782121475372728,0.9841231756854657,0
-0.8043672005990544,-1.1099901739376037,0.8491410419312149,0.17703945074617244,-0.23538436605243465,0.9048055324001227,0.8577891279455886,0.2744324511807092,0.001192415045823164,0.23238544103697253,-0.7394662468772634,0.801963507718375,0.9841231756854657,0
-0.46546902347764374,0.9009088760241706,-1.179024470547907,1.4118769807096927,-0.911310674287764,-1.177851894974348,-0.7574675285436998,-0.8828162337175963,-1.0495008719737637,-1.2583394588375707,-0.4814607612315388,0.5241750548793175,0.9841231756854657,0
-0.2960199349169384,-1.1099901739376037,-0.502969299721533,1.406254894554242,-0.7423290972289317,-1.177851894974348,0.5489900612638129,-0.3041918912684436,1.2029438423717405,-0.6849837281165926,-0.7394662468772634,-0.30919030363785477,0.9841231756854657,0
-0.2960199349169384,0.9009088760241706,1.5251962127575889,1.401469804371372,-0.7423290972289317,-1.177851894974348,2.3226052134873454,1.4316811360790147,0.5114332445249834,0.003043148748581378,-0.7394662468772634,-1.9560789883265524,0.9841231756854657,0
-1.143265377720465,-1.1099901739376037,0.8491410419312149,0.059259904264845294,-0.7423290972289317,0.9048055324001227,0.8577891279455886,-0.3041918912684436,1.4345663241747801,0.4617277333253637,-0.4814607612315388,0.286070666731554,-1.0161329645585022,1
-1.143265377720465,-1.1099901739376037,-0.502969299721533,0.17989787095442134,-0.911310674287764,0.9048055324001227,0.8577891279455886,0.2744324511807092,-0.21364582894540246,0.23238544103697253,-0.4814607612315388,0.3455967637684949,0.9841231756854657,0
-0.8043672005990544,-1.1099901739376037,-0.502969299721533,-0.1339440340098338,-0.7423290972289317,0.9048055324001227,0.8577891279455886,0.2744324511807092,0.8135495251376443,0.8057411717579506,-0.4814607612315388,0.06780831092943747,-1.0161329645585022,1
-0.46546902347764374,-1.1099901739376037,-1.179024470547907,1.178212972967977,-0.06640278899360229,-1.177851894974348,0.06599664927436881,-0.3041918912684436,0.19253272610050842,-0.9143260204049839,-0.997471732522988,1.4567505751247247,-1.0161329645585022,1
-1.143265377720465,-1.1099901739376037,-1.179024470547907,-0.8663313023951956,-0.911310674287764,0.21058638994196582,-1.121692068732461,0.2744324511807092,-0.46205254856025635,-0.45564143582820127,-0.997471732522988,-2.094973214746081,0.9841231756854657,0
-0.9738162891597597,0.9009088760241706,0.8491410419312149,0.8141355172720105,-0.7423290972289317,-1.177851894974348,0.06599664927436881,0.2744324511807092,0.4107278176540969,-0.6849837281165926,-0.4814607612315388,0.286070666731554,-1.0161329645585022,1
-0.634918112038349,-1.1099901739376037,-0.502969299721533,1.4087500900951442,-0.5733475201700994,-1.177851894974348,-0.8841543251310949,-0.8828162337175963,1.8273174889712391,-1.3730106049817663,-0.7394662468772634,0.6035431842619053,0.9841231756854657,0
-0.8043672005990544,0.9009088760241706,1.5251962127575889,0.17400731439267086,-0.911310674287764,0.9048055324001227,0.8577891279455886,-0.8828162337175963,-1.4993184453303918,0.23238544103697253,-0.7394662468772634,1.4170665104334308,-1.0161329645585022,0
-0.46546902347764374,0.9009088760241706,-1.179024470547907,1.4087974672256676,-0.06640278899360229,-0.4836327525161911,-0.804975077263973,0.2744324511807092,0.6255660616453219,-1.2583394588375707,-0.4814607612315388,-0.2893482712922078,-1.0161329645585022,0
-0.634918112038349,-1.1099901739376037,0.8491410419312149,1.412635014798068,-0.23538436605243465,-1.177851894974348,-0.5674373336626071,-1.461440576166749,0.04483143335654109,-1.143668312693375,-0.7394662468772634,1.3972244780877838,0.9841231756854657,0
-0.634918112038349,0.9009088760241706,-1.179024470547907,1.4196468301155405,-0.911310674287764,-1.177851894974348,0.06599664927436881,1.4316811360790147,-1.6839450612603513,-0.9143260204049839,-0.7394662468772634,-2.670392152769843,0.9841231756854657,0
-0.634918112038349,-1.1099901739376037,1.5251962127575889,1.4288537858139334,-0.911310674287764,0.21058638994196582,0.06599664927436881,0.853056793629862,-1.1804179269059165,-0.9143260204049839,-0.997471732522988,0.16701847265767225,-1.0161329645585022,0
-0.8043672005990544,-1.1099901739376037,1.5251962127575889,1.4289801248286624,-0.5733475201700994,-1.177851894974348,0.8577891279455886,-0.8828162337175963,0.001192415045823164,-0.570312581972397,-0.4814607612315388,0.7424374106814341,0.9841231756854657,0
-0.634918112038349,0.9009088760241706,-0.502969299721533,1.427685149927688,-0.404365943111267,-1.177851894974348,0.38271364074285674,-0.8828162337175963,0.5114332445249834,-0.7996548742607882,-0.4814607612315388,1.0995939929030794,-1.0161329645585022,0
-0.46546902347764374,-1.1099901739376037,-0.502969299721533,1.449952401273715,-0.06640278899360229,-1.177851894974348,0.6994306322113446,0.853056793629862,-1.173704231781191,-0.6849837281165926,-0.7394662468772634,0.782121475372728,-1.0161329645585022,0
-0.634918112038349,0.9009088760241706,-1.179024470547907,1.444504031263517,-0.911310674287764,0.21058638994196582,-0.3298995900612411,1.4316811360790147,-1.0495008719737637,-1.143668312693375,-0.997471732522988,0.08765034327508442,-1.0161329645585022,0
-0.46546902347764374,0.9009088760241706,-1.179024470547907,0.0625920957783288,0.10257878806523006,0.9048055324001227,0.8577891279455886,-0.3041918912684436,1.9112386780303117,0.4617277333253637,-0.7394662468772634,-0.11076998018138517,-1.0161329645585022,1
-0.634918112038349,0.9009088760241706,0.8491410419312149,1.4703877369061686,-0.06640278899360229,-1.177851894974348,-0.8841543251310949,0.853056793629862,0.5382880250238866,-1.3730106049817663,-0.4814607612315388,1.278172284013902,-1.0161329645585022,0
-0.2960199349169384,0.9009088760241706,-0.502969299721533,1.4747622252911683,-0.5733475201700994,-1.177851894974348,0.38271364074285674,0.2744324511807092,-1.1233515183457474,-0.7996548742607882,-0.7394662468772634,0.40512286080543575,-1.0161329645585022,0
-0.634918112038349,0.9009088760241706,-0.502969299721533,1.2577117979863466,-0.911310674287764,-1.177851894974348,-1.2800505644667048,-1.461440576166749,2.102578989084997,-1.487681751125962,-0.997471732522988,-0.6465048535138531,-1.0161329645585022,1
-0.8043672005990544,-1.1099901739376037,-0.502969299721533,1.479563107850879,-0.911310674287764,-1.177851894974348,0.06599664927436881,0.853056793629862,-1.6839450612603513,-0.9143260204049839,-0.997471732522988,1.1591200899400202,0.9841231756854657,0
-0.2960199349169384,0.9009088760241706,-1.179024470547907,1.4829742612485683,-0.404365943111267,-1.177851894974348,0.38271364074285674,-0.8828162337175963,-1.1804179269059165,-0.7996548742607882,-0.7394662468772634,0.6432272489531993,-1.0161329645585022,0
-0.8043672005990544,0.9009088760241706,-0.502969299721533,1.4868118088209687,-0.911310674287764,0.21058638994196582,-0.4407505370752119,1.4316811360790147,-1.1804179269059165,-1.143668312693375,-0.997471732522988,-0.38855843302044263,-1.0161329645585022,0
-0.634918112038349,0.9009088760241706,0.8491410419312149,1.484158689511655,-0.5733475201700994,-1.177851894974348,0.8102815792253154,-0.3041918912684436,-1.1233515183457474,-0.6849837281165926,-0.7394662468772634,-0.7457150152420878,-1.0161329645585022,0
-0.2960199349169384,0.9009088760241706,-1.179024470547907,0.1831195158300168,-0.7423290972289317,0.9048055324001227,0.8577891279455886,0.853056793629862,1.8407448792206904,0.23238544103697253,-0.4814607612315388,-2.4719718293133734,0.9841231756854657,0
-0.634918112038349,0.9009088760241706,-1.179024470547907,1.488991156825048,-0.7423290972289317,-1.177851894974348,-0.2507203421941191,-1.461440576166749,1.2465828606824585,-1.0289971665491795,-0.4814607612315388,-0.7853990799333818,0.9841231756854657,0
-0.634918112038349,0.9009088760241706,-1.179024470547907,1.4832743164085502,-0.911310674287764,-1.177851894974348,0.7627740305050422,0.853056793629862,-0.25392799969375696,-0.6849837281165926,-0.7394662468772634,-0.5869787564769122,-1.0161329645585022,0
-0.8043672005990544,0.9009088760241706,0.8491410419312149,0.19087357285902343,-0.911310674287764,0.9048055324001227,0.8577891279455886,1.4316811360790147,-0.08944246913797492,0.23238544103697253,-0.4814607612315388,0.286070666731554,0.9841231756854657,0
-0.2960199349169384,-1.1099901739376037,-1.179024470547907,0.19049455581483574,0.10257878806523006,0.9048055324001227,0.8577891279455886,-1.461440576166749,0.7061304031420315,0.23238544103697253,-0.4814607612315388,0.821805540064022,0.9841231756854657,0
-0.46546902347764374,0.9009088760241706,0.8491410419312149,1.5090948525438372,-0.5733475201700994,-1.177851894974348,2.4413740852880284,-0.8828162337175963,1.7937490133476108,0.003043148748581378,-0.997471732522988,1.0003838311748445,0.9841231756854657,0
-0.8043672005990544,-1.1099901739376037,1.5251962127575889,1.5009301937169606,-0.911310674287764,-1.177851894974348,0.06599664927436881,-1.461440576166749,0.23617174441122635,-0.9143260204049839,-0.7394662468772634,1.258330251668255,-1.0161329645585022,0
-0.8043672005990544,-1.1099901739376037,-0.502969299721533,0.2146884771354838,-0.911310674287764,0.9048055324001227,0.8577891279455886,0.853056793629862,0.4745079213389917,0.23238544103697253,-0.997471732522988,0.5837011519162584,-1.0161329645585022,0
-0.634918112038349,-1.1099901739376037,0.8491410419312149,1.4985613371907873,-0.404365943111267,-1.177851894974348,-0.4090788379283631,-0.3041918912684436,-0.005521280078902488,-1.143668312693375,-0.7394662468772634,1.4567505751247247,0.9841231756854657,0
-0.634918112038349,-1.1099901739376037,-1.179024470547907,-0.8659838701046902,-0.23538436605243465,0.21058638994196582,-1.042512820865339,-0.3041918912684436,-0.6936750303632967,-0.2262991435398101,-0.997471732522988,-0.6465048535138531,0.9841231756854657,0
-0.2960199349169384,-1.1099901739376037,1.5251962127575889,1.5029200331989458,-0.5733475201700994,-1.177851894974348,0.6994306322113446,-1.461440576166749,-0.1397951825734185,-0.6849837281165926,-0.997471732522988,-0.4877685947486774,0.9841231756854657,0
-0.634918112038349,-1.1099901739376037,-1.179024470547907,1.498292866784488,-0.5733475201700994,-1.177851894974348,0.38271364074285674,0.2744324511807092,-0.005521280078902488,-0.7996548742607882,-0.997471732522988,0.782121475372728,0.9841231756854657,0
-0.46546902347764374,0.9009088760241706,0.8491410419312149,1.5052099278409132,-0.911310674287764,-1.177851894974348,-0.2507203421941191,-0.3041918912684436,-0.8447331706696268,-1.0289971665491795,-0.7394662468772634,-0.15045404487267908,0.9841231756854657,0
-0.2960199349169384,-1.1099901739376037,-0.502969299721533,0.22098963549510428,-0.404365943111267,0.9048055324001227,0.8577891279455886,1.4316811360790147,-0.33784918875282943,0.23238544103697253,-0.7394662468772634,0.4844909901880236,0.9841231756854657,0
-0.8043672005990544,0.9009088760241706,0.8491410419312149,0.1422804293187923,-0.7423290972289317,0.9048055324001227,0.8577891279455886,-0.8828162337175963,-1.173704231781191,0.3470565871811683,-0.997471732522988,-0.7060309505507939,-1.0161329645585022,1
-0.9738162891597597,-1.1099901739376037,1.5251962127575889,-0.8677210315572171,-0.911310674287764,0.21058638994196582,-1.01084112171849,0.853056793629862,0.4040141225293712,-0.11162799739561437,-0.4814607612315388,0.5043330225336705,0.9841231756854657,0
-0.8043672005990544,-1.1099901739376037,-0.502969299721533,1.5087000431228084,-0.7423290972289317,-1.177851894974348,0.38271364074285674,0.2744324511807092,-0.21364582894540246,-0.7996548742607882,-0.997471732522988,0.4448069254967297,0.9841231756854657,0
-0.9738162891597597,-1.1099901739376037,-1.179024470547907,1.499114070380228,-0.7423290972289317,-1.177851894974348,0.38271364074285674,0.853056793629862,-1.371758237960602,-0.7996548742607882,-0.4814607612315388,-1.4798702120310254,0.9841231756854657,0
-0.8043672005990544,0.9009088760241706,-0.502969299721533,1.4969189299993073,-0.911310674287764,-1.177851894974348,0.7627740305050422,-0.8828162337175963,-1.7510820125076092,-0.6849837281165926,-0.4814607612315388,-0.24966420660091387,-1.0161329645585022,0
-0.8043672005990544,0.9009088760241706,0.8491410419312149,0.26805091848174345,-0.5733475201700994,0.9048055324001227,0.8577891279455886,1.4316811360790147,0.5651428055227898,0.1177142948927768,-0.4814607612315388,-0.03140185079879733,0.9841231756854657,0
-0.46546902347764374,0.9009088760241706,0.8491410419312149,1.5019251134579532,-0.5733475201700994,-1.177851894974348,0.38271364074285674,0.2744324511807092,-1.7510820125076092,-0.7996548742607882,-0.997471732522988,-0.9242933063529105,-1.0161329645585022,0
-1.143265377720465,0.9009088760241706,-0.502969299721533,0.270672453037375,-0.911310674287764,0.9048055324001227,0.8577891279455886,1.4316811360790147,0.001192415045823164,0.1177142948927768,-0.997471732522988,0.9011736694466097,0.9841231756854657,0
-0.46546902347764374,-1.1099901739376037,-1.179024470547907,1.5028884484452636,-0.23538436605243465,-1.177851894974348,2.4413740852880284,-0.8828162337175963,0.11868207972852446,0.003043148748581378,-0.4814607612315388,-1.2417658238832618,0.9841231756854657,0
-0.634918112038349,-1.1099901739376037,-1.179024470547907,1.5040728767083502,-0.23538436605243465,-1.177851894974348,1.6495816066168083,-1.461440576166749,0.11868207972852446,-0.34097028968400567,-0.7394662468772634,-0.22982217425526694,0.9841231756854657,0
-0.8043672005990544,0.9009088760241706,-1.179024470547907,1.5068049579018699,-0.911310674287764,0.21058638994196582,1.7762684032042035,-0.8828162337175963,0.27645391515958084,-0.2262991435398101,-0.4814607612315388,-2.5513399586959613,0.9841231756854657,0
-0.634918112038349,0.9009088760241706,0.8491410419312149,1.4957976712435854,-0.404365943111267,0.21058638994196582,0.30353439287573475,0.853056793629862,0.04483143335654109,-0.7996548742607882,-0.4814607612315388,-0.36871640067479566,0.9841231756854657,0
-0.2960199349169384,-1.1099901739376037,-0.502969299721533,0.8888650444843517,-0.5733475201700994,-1.177851894974348,-0.09236184645987515,0.2744324511807092,0.5114332445249834,-0.7996548742607882,-0.4814607612315388,0.4844909901880236,-1.0161329645585022,1
-0.2960199349169384,0.9009088760241706,-1.179024470547907,0.2700091732100466,-0.23538436605243465,0.9048055324001227,0.8577891279455886,1.4316811360790147,-0.8447331706696268,0.1177142948927768,-0.997471732522988,-0.8449251769703227,0.9841231756854657,0
-0.46546902347764374,-1.1099901739376037,-0.502969299721533,1.2697929662698293,-0.911310674287764,-1.177851894974348,-1.042512820865339,-1.461440576166749,2.314060385513859,-1.3730106049817663,-0.997471732522988,0.38528082845978884,-1.0161329645585022,1
-0.46546902347764374,0.9009088760241706,-1.179024470547907,1.4994141255402098,-0.5733475201700994,-1.177851894974348,-0.3298995900612411,0.853056793629862,-0.3109944082539262,-1.143668312693375,-0.997471732522988,1.0400678958661385,0.9841231756854657,0
-1.143265377720465,0.9009088760241706,-0.502969299721533,-0.8748591858894188,-0.911310674287764,0.21058638994196582,-0.4407505370752119,-0.3041918912684436,1.2029438423717405,1.6084391947673204,-0.997471732522988,-0.3488743683291487,-1.0161329645585022,1
-0.634918112038349,-1.1099901739376037,-0.502969299721533,1.502304130502141,-0.911310674287764,-1.177851894974348,-0.7257958293968509,-0.8828162337175963,-0.46205254856025635,-1.2583394588375707,-0.4814607612315388,-2.1743413441286688,0.9841231756854657,0
-0.8043672005990544,0.9009088760241706,-0.502969299721533,1.5141326207561654,-0.911310674287764,-1.177851894974348,-0.7733033781171241,-1.461440576166749,-1.371758237960602,-1.2583394588375707,-0.997471732522988,1.0995939929030794,-1.0161329645585022,0
-0.634918112038349,-1.1099901739376037,0.8491410419312149,-0.8708163374180834,-0.7423290972289317,0.21058638994196582,-0.7574675285436998,1.4316811360790147,0.8739727812601764,0.5763988794695595,-0.7394662468772634,0.9606997664835506,-1.0161329645585022,1
-0.46546902347764374,0.9009088760241706,-0.502969299721533,1.2935604934157663,-0.06640278899360229,-1.177851894974348,-0.3298995900612411,1.4316811360790147,0.8336906105118219,-1.0289971665491795,-0.997471732522988,1.0202258635204915,-1.0161329645585022,1
-0.2960199349169384,0.9009088760241706,1.5251962127575889,1.5132640400299018,-0.5733475201700994,-1.177851894974348,1.6495816066168083,-0.8828162337175963,0.001192415045823164,-0.34097028968400567,-0.997471732522988,-1.4203441149940845,0.9841231756854657,0
-0.2960199349169384,0.9009088760241706,-0.502969299721533,-0.8719375961738053,-0.06640278899360229,0.21058638994196582,-0.7257958293968509,0.853056793629862,-1.0092187012254088,0.6910700256137552,-0.7394662468772634,-1.9362369559809054,-1.0161329645585022,1
-1.143265377720465,-1.1099901739376037,-1.179024470547907,1.5196599526505692,-0.911310674287764,-1.177851894974348,-0.8841543251310949,-1.461440576166749,0.9108981044461687,-1.3730106049817663,-0.997471732522988,0.7225953783357871,0.9841231756854657,0
-0.634918112038349,-1.1099901739376037,-1.179024470547907,1.2860749067930592,-0.911310674287764,-1.177851894974348,2.4413740852880284,-1.461440576166749,1.2835081838684501,0.1177142948927768,-0.4814607612315388,-0.5472946917856183,-1.0161329645585022,1
-0.46546902347764374,-1.1099901739376037,-0.502969299721533,1.5368578510305861,0.10257878806523006,-1.177851894974348,2.91644957249076,1.4316811360790147,-0.005521280078902488,0.23238544103697253,-0.7394662468772634,0.7027533459901402,-1.0161329645585022,0
-0.8043672005990544,0.9009088760241706,-1.179024470547907,1.539210915179918,-0.911310674287764,-1.177851894974348,2.2830155895537843,0.2744324511807092,-0.005521280078902488,0.003043148748581378,-0.7394662468772634,0.028124246238143545,-1.0161329645585022,0
-0.2960199349169384,-1.1099901739376037,-0.502969299721533,1.5374105842200265,-0.404365943111267,-1.177851894974348,-0.8683184755576706,-0.3041918912684436,-1.371758237960602,-1.3730106049817663,-0.7394662468772634,-0.32903233598350173,0.9841231756854657,0
-0.8043672005990544,-1.1099901739376037,1.5251962127575889,1.5437591197101703,-0.911310674287764,-1.177851894974348,2.4413740852880284,-1.461440576166749,-0.25392799969375696,0.003043148748581378,-0.7394662468772634,-1.5790803737592602,0.9841231756854657,0
-0.8043672005990544,0.9009088760241706,-0.502969299721533,0.15932040393039756,-0.404365943111267,0.9048055324001227,0.8577891279455886,1.4316811360790147,1.5587696839822078,0.3470565871811683,-0.997471732522988,-0.6465048535138531,-1.0161329645585022,1
-0.2960199349169384,-1.1099901739376037,-0.502969299721533,1.5607043400607288,-0.911310674287764,-1.177851894974348,-0.3298995900612411,-1.461440576166749,-1.0092187012254088,-1.143668312693375,-0.7394662468772634,0.08765034327508442,0.9841231756854657,0
-0.2960199349169384,0.9009088760241706,-1.179024470547907,0.26880895257011883,-0.23538436605243465,0.9048055324001227,0.8577891279455886,-0.8828162337175963,0.2965950005337584,0.1177142948927768,-0.4814607612315388,-0.40840046536608954,0.9841231756854657,0
-0.9738162891597597,0.9009088760241706,1.5251962127575889,1.5527765668864695,-0.7423290972289317,-1.177851894974348,0.8577891279455886,-1.461440576166749,-1.1233515183457474,-0.6849837281165926,-0.4814607612315388,-0.17029607721832604,0.9841231756854657,0
-1.143265377720465,0.9009088760241706,-0.502969299721533,-0.8841293110951762,-0.911310674287764,0.21058638994196582,-1.1375279183058853,0.853056793629862,-0.3680608168140954,-0.45564143582820127,-0.997471732522988,-0.051243883144444294,0.9841231756854657,0
-0.634918112038349,0.9009088760241706,-1.179024470547907,1.5642734172268296,-0.911310674287764,-1.177851894974348,-0.8841543251310949,-0.8828162337175963,-1.0495008719737637,-1.3730106049817663,-0.997471732522988,-1.2616078562289088,0.9841231756854657,0
-0.634918112038349,-1.1099901739376037,1.5251962127575889,1.3304988628472256,-0.911310674287764,-1.177851894974348,2.4413740852880284,0.853056793629862,2.7269526356844955,0.1177142948927768,-0.7394662468772634,-0.5274526594399713,-1.0161329645585022,1
-0.8043672005990544,-1.1099901739376037,0.8491410419312149,0.17811333237137095,-0.911310674287764,0.9048055324001227,0.8577891279455886,0.853056793629862,0.860545391010725,0.23238544103697253,-0.7394662468772634,0.12733440796637835,-1.0161329645585022,1
-0.8043672005990544,-1.1099901739376037,1.5251962127575889,0.3107061283297006,-0.911310674287764,0.9048055324001227,0.8577891279455886,-1.461440576166749,-0.12972463988633004,0.1177142948927768,-0.7394662468772634,-0.7258729828964409,0.9841231756854657,0
-0.46546902347764374,-1.1099901739376037,-1.179024470547907,1.3339573933754385,-0.23538436605243465,-1.177851894974348,0.952804225386135,-0.3041918912684436,2.8243012149930204,-0.570312581972397,-0.997471732522988,0.3455967637684949,-1.0161329645585022,1
-0.8043672005990544,0.9009088760241706,1.5251962127575889,1.582039841173128,-0.911310674287764,0.21058638994196582,-0.4090788379283631,1.4316811360790147,-0.6936750303632967,-1.143668312693375,-0.4814607612315388,0.7027533459901402,0.9841231756854657,0
-0.2960199349169384,-1.1099901739376037,-0.502969299721533,1.5872355331538677,-0.23538436605243465,-1.177851894974348,-0.4090788379283631,0.2744324511807092,-1.4724636648314886,-1.143668312693375,-0.7394662468772634,0.3654387961141419,0.9841231756854657,0
-0.8043672005990544,0.9009088760241706,-0.502969299721533,0.3491289811842285,-0.911310674287764,0.9048055324001227,0.8577891279455886,-0.8828162337175963,-1.6705176710108995,0.1177142948927768,-0.4814607612315388,0.6233852166075523,-1.0161329645585022,0
-0.8043672005990544,0.9009088760241706,-0.502969299721533,1.5916573986693907,-0.404365943111267,-1.177851894974348,2.4413740852880284,0.2744324511807092,0.6624913848313142,0.003043148748581378,-0.7394662468772634,-0.8250831446246757,0.9841231756854657,0
-0.46546902347764374,0.9009088760241706,-1.179024470547907,1.5952264758354915,-0.7423290972289317,0.21058638994196582,0.7627740305050422,1.4316811360790147,-0.707102420612748,-0.6849837281165926,-0.4814607612315388,-0.6465048535138531,0.9841231756854657,0
-0.46546902347764374,0.9009088760241706,-0.502969299721533,1.5964424888522604,-0.404365943111267,-1.177851894974348,1.6495816066168083,0.2744324511807092,1.223084927745918,-0.34097028968400567,-0.4814607612315388,0.286070666731554,-1.0161329645585022,0
-0.46546902347764374,-1.1099901739376037,0.8491410419312149,0.2303387225850675,-0.5733475201700994,0.9048055324001227,0.8577891279455886,-1.461440576166749,0.001192415045823164,0.23238544103697253,-0.4814607612315388,0.20670253734896618,-1.0161329645585022,1
-0.46546902347764374,-1.1099901739376037,1.5251962127575889,1.5983217816963577,-0.404365943111267,-1.177851894974348,-0.3298995900612411,0.853056793629862,-0.707102420612748,-1.143668312693375,-0.7394662468772634,0.028124246238143545,-1.0161329645585022,0
-0.8043672005990544,-1.1099901739376037,0.8491410419312149,0.34852887086426465,-0.911310674287764,0.9048055324001227,0.8577891279455886,0.2744324511807092,0.1119683846037988,0.1177142948927768,-0.7394662468772634,0.16701847265767225,-1.0161329645585022,0
-0.2960199349169384,-1.1099901739376037,-0.502969299721533,0.3468075017885789,-0.06640278899360229,0.9048055324001227,0.8577891279455886,-1.461440576166749,-0.29085332287974863,0.1177142948927768,-0.4814607612315388,-1.6187644384505542,0.9841231756854657,0
-0.46546902347764374,-1.1099901739376037,-0.502969299721533,1.5940736323260873,-0.06640278899360229,-1.177851894974348,0.38271364074285674,0.2744324511807092,0.001192415045823164,-0.7996548742607882,-0.997471732522988,1.317856348705196,0.9841231756854657,0
-0.634918112038349,-1.1099901739376037,-0.502969299721533,1.5962529803301666,-0.911310674287764,-1.177851894974348,-0.2507203421941191,-0.8828162337175963,-0.707102420612748,-1.143668312693375,-0.4814607612315388,-0.8647672093159696,-1.0161329645585022,0
-0.2960199349169384,-1.1099901739376037,-1.179024470547907,1.5945631960081632,0.2715603651240624,-1.177851894974348,4.024959042630468,0.2744324511807092,1.6628319584154578,0.5763988794695595,-0.7394662468772634,0.9606997664835506,-1.0161329645585022,0
-0.8043672005990544,-1.1099901739376037,0.8491410419312149,-0.8802917635227758,-0.5733475201700994,0.21058638994196582,-0.5674373336626071,0.853056793629862,-1.4993184453303918,1.2644257563347332,-0.997471732522988,-1.9362369559809054,-1.0161329645585022,1
-1.143265377720465,-1.1099901739376037,0.8491410419312149,-0.8819657554679382,-0.911310674287764,0.21058638994196582,-0.9950052721450657,-0.8828162337175963,-1.623521805137819,0.003043148748581378,-0.997471732522988,-0.6465048535138531,-1.0161329645585022,1
-0.46546902347764374,0.9009088760241706,1.5251962127575889,0.3640527772991191,-0.911310674287764,0.9048055324001227,0.8577891279455886,1.4316811360790147,-1.0427871768490378,0.1177142948927768,-0.4814607612315388,0.2463866020402601,-1.0161329645585022,0
-0.46546902347764374,-1.1099901739376037,-0.502969299721533,1.5985270825952929,-0.404365943111267,-1.177851894974348,0.06599664927436881,-1.461440576166749,-1.8752853723150364,-0.9143260204049839,-0.4814607612315388,-2.8489704438806656,0.9841231756854657,0
-0.634918112038349,0.9009088760241706,0.8491410419312149,1.5952106834586504,-0.404365943111267,-1.177851894974348,2.4413740852880284,0.853056793629862,0.665848232393677,0.003043148748581378,-0.4814607612315388,0.305912699077201,-1.0161329645585022,0
-0.8043672005990544,0.9009088760241706,0.8491410419312149,0.36064162390142984,-0.911310674287764,0.9048055324001227,0.8577891279455886,0.853056793629862,-0.005521280078902488,0.1177142948927768,-0.7394662468772634,-0.7853990799333818,-1.0161329645585022,0
-0.2960199349169384,0.9009088760241706,0.8491410419312149,-0.8836397474131005,0.4405419421828948,0.21058638994196582,-0.804975077263973,0.853056793629862,-1.0495008719737637,0.5763988794695595,-0.7394662468772634,-1.0433455004267922,-1.0161329645585022,1
-0.8043672005990544,0.9009088760241706,1.5251962127575889,1.5939157085576758,-0.404365943111267,-1.177851894974348,3.2331665639592484,0.2744324511807092,-0.34120603631519225,0.3470565871811683,-0.7394662468772634,1.1194360252487263,0.9841231756854657,0
-0.46546902347764374,0.9009088760241706,-1.179024470547907,1.5948000816607804,-0.06640278899360229,-1.177851894974348,-0.7257958293968509,-1.461440576166749,0.665848232393677,-1.2583394588375707,-0.4814607612315388,1.4170665104334308,-1.0161329645585022,0
-0.8043672005990544,0.9009088760241706,-1.179024470547907,0.3669901593915738,-0.7423290972289317,0.9048055324001227,0.8577891279455886,-0.8828162337175963,1.2029438423717405,0.1177142948927768,-0.4814607612315388,-0.190138109563973,0.9841231756854657,0
-0.634918112038349,0.9009088760241706,-0.502969299721533,0.36154178938137566,-0.7423290972289317,0.9048055324001227,0.8577891279455886,0.2744324511807092,0.7061304031420315,0.1177142948927768,-0.7394662468772634,-1.0631875327724392,0.9841231756854657,0
-1.143265377720465,-1.1099901739376037,-1.179024470547907,0.36882207510514764,-0.911310674287764,0.9048055324001227,0.8577891279455886,1.4316811360790147,-0.018948670328354386,0.1177142948927768,-0.7394662468772634,-2.03544711770914,0.9841231756854657,0
-0.2960199349169384,0.9009088760241706,0.8491410419312149,1.5973426543322062,-0.23538436605243465,-1.177851894974348,-0.5040939353689095,-0.8828162337175963,1.5486991412951188,-1.143668312693375,-0.997471732522988,0.801963507718375,-1.0161329645585022,0
-0.634918112038349,-1.1099901739376037,-1.179024470547907,0.365268790315888,-0.7423290972289317,0.9048055324001227,0.8577891279455886,-0.8828162337175963,0.001192415045823164,0.1177142948927768,-0.997471732522988,-0.40840046536608954,0.9841231756854657,0
-0.634918112038349,-1.1099901739376037,0.8491410419312149,1.591388928263091,-0.7423290972289317,-1.177851894974348,2.2830155895537843,0.2744324511807092,-1.1804179269059165,-0.11162799739561437,-0.7394662468772634,0.26622863438590705,0.9841231756854657,0
-0.46546902347764374,-1.1099901739376037,0.8491410419312149,0.38327209991480365,-0.06640278899360229,0.9048055324001227,0.8577891279455886,0.853056793629862,0.5114332445249834,0.003043148748581378,-0.4814607612315388,-0.2893482712922078,0.9841231756854657,0
-0.46546902347764374,0.9009088760241706,1.5251962127575889,1.5946895350228922,0.2715603651240624,-1.177851894974348,0.38271364074285674,-1.461440576166749,0.001192415045823164,-0.7996548742607882,-0.4814607612315388,-0.7457150152420878,0.9841231756854657,0
-0.46546902347764374,0.9009088760241706,0.8491410419312149,1.595084344443921,-0.911310674287764,-1.177851894974348,-0.2190486430472703,-0.8828162337175963,-1.7510820125076092,-1.0289971665491795,-0.7394662468772634,-0.8846092416616166,0.9841231756854657,0
-0.2960199349169384,-1.1099901739376037,-0.502969299721533,0.40012256600431506,-0.7423290972289317,0.9048055324001227,0.8577891279455886,0.2744324511807092,-1.6839450612603513,0.003043148748581378,-0.997471732522988,-0.11076998018138517,0.9841231756854657,0
-0.9738162891597597,0.9009088760241706,0.8491410419312149,-0.8834028617604832,-0.911310674287764,0.21058638994196582,0.38271364074285674,0.853056793629862,-1.8752853723150364,4.131204409939624,-0.4814607612315388,-1.4997122443766724,-1.0161329645585022,1
-0.8043672005990544,-1.1099901739376037,-1.179024470547907,1.5938841238039936,-0.911310674287764,-1.177851894974348,0.0026532509806712224,-1.461440576166749,-1.371758237960602,-1.0289971665491795,-0.997471732522988,1.0797519605574324,-1.0161329645585022,0
-0.9738162891597597,-1.1099901739376037,0.8491410419312149,0.39912764626332237,-0.7423290972289317,0.9048055324001227,0.8577891279455886,0.853056793629862,-0.12972463988633004,0.003043148748581378,-0.997471732522988,0.8813316371009629,-1.0161329645585022,0
-0.2960199349169384,-1.1099901739376037,-1.179024470547907,1.5914047206399322,-0.5733475201700994,-1.177851894974348,-0.5674373336626071,0.853056793629862,-0.08944246913797492,-1.2583394588375707,-0.997471732522988,-1.0036614357354983,0.9841231756854657,0
-0.9738162891597597,0.9009088760241706,0.8491410419312149,1.5978953875216466,-0.5733475201700994,-1.177851894974348,2.4413740852880284,1.4316811360790147,0.03476089066945202,0.003043148748581378,-0.7394662468772634,0.40512286080543575,0.9841231756854657,0
-0.46546902347764374,-1.1099901739376037,-0.502969299721533,1.5971057686795889,-0.404365943111267,-1.177851894974348,2.4413740852880284,0.2744324511807092,-0.21364582894540246,0.003043148748581378,-0.997471732522988,1.3972244780877838,-1.0161329645585022,0
-0.46546902347764374,0.9009088760241706,0.8491410419312149,1.590867779827333,-0.06640278899360229,-1.177851894974348,-0.5674373336626071,-0.8828162337175963,-1.1233515183457474,-1.2583394588375707,-0.7394662468772634,0.9606997664835506,0.9841231756854657,0
-1.143265377720465,-1.1099901739376037,-0.502969299721533,-0.8813182680174508,-0.911310674287764,0.21058638994196582,-0.3774071387815143,0.2744324511807092,1.253296555807184,1.8377814870557112,-0.4814607612315388,1.238488219322608,-1.0161329645585022,1
-0.46546902347764374,-1.1099901739376037,1.5251962127575889,1.594436856993434,-0.5733475201700994,-1.177851894974348,1.6495816066168083,0.853056793629862,-0.7138161157374736,-0.34097028968400567,-0.4814607612315388,1.4170665104334308,-1.0161329645585022,0
-0.9738162891597597,0.9009088760241706,1.5251962127575889,0.4149358154813176,-0.911310674287764,0.9048055324001227,0.8577891279455886,0.2744324511807092,0.11868207972852446,0.003043148748581378,-0.4814607612315388,-2.4124457322764323,0.9841231756854657,0
-0.46546902347764374,-1.1099901739376037,0.8491410419312149,1.5981164807974229,-0.7423290972289317,-1.177851894974348,0.8577891279455886,-0.3041918912684436,-1.4993184453303918,-0.6849837281165926,-0.997471732522988,-0.4877685947486774,0.9841231756854657,0
-0.8043672005990544,-1.1099901739376037,-0.502969299721533,1.592715487917748,-0.911310674287764,-1.177851894974348,-0.2507203421941191,0.2744324511807092,-1.3751150855229646,-1.143668312693375,-0.997471732522988,0.08765034327508442,0.9841231756854657,0
-0.2960199349169384,0.9009088760241706,0.17308587110484092,1.5970741839259066,-0.404365943111267,-1.177851894974348,2.4413740852880284,-1.461440576166749,-0.34120603631519225,0.003043148748581378,-0.4814607612315388,0.286070666731554,-1.0161329645585022,0
-0.8043672005990544,0.9009088760241706,-0.502969299721533,0.41635712939702146,-0.404365943111267,0.9048055324001227,0.8577891279455886,-0.8828162337175963,-0.2438574570066685,0.003043148748581378,-0.997471732522988,0.32575473142284794,0.9841231756854657,0
-0.46546902347764374,0.9009088760241706,-0.502969299721533,1.5979901417826936,-0.404365943111267,-1.177851894974348,0.06599664927436881,-1.461440576166749,-1.4993184453303918,-0.9143260204049839,-0.4814607612315388,0.7225953783357871,0.9841231756854657,0
-0.2960199349169384,0.9009088760241706,-1.179024470547907,1.5887358089537773,-0.23538436605243465,-1.177851894974348,0.6994306322113446,-1.461440576166749,-0.21700267650776528,-0.6849837281165926,-0.7394662468772634,-0.11076998018138517,0.9841231756854657,0
-0.9738162891597597,0.9009088760241706,-0.502969299721533,1.5984954978416104,-0.5733475201700994,-1.177851894974348,1.3328646151483206,0.853056793629862,1.407711543675877,-0.45564143582820127,-0.4814607612315388,-0.9044512740072636,0.9841231756854657,0
-0.2960199349169384,0.9009088760241706,-1.179024470547907,0.22863314588622285,-0.404365943111267,0.9048055324001227,0.8577891279455886,-1.461440576166749,0.4745079213389917,0.23238544103697253,-0.7394662468772634,0.782121475372728,-1.0161329645585022,1
-0.634918112038349,-1.1099901739376037,-1.179024470547907,0.46237611551214447,-0.7423290972289317,0.9048055324001227,0.8577891279455886,-0.3041918912684436,2.102578989084997,0.003043148748581378,-0.4814607612315388,0.4249648931510827,-1.0161329645585022,0
-0.634918112038349,-1.1099901739376037,-1.179024470547907,0.46207606035216253,-0.911310674287764,0.9048055324001227,0.8577891279455886,-1.461440576166749,-1.0427871768490378,0.003043148748581378,-0.997471732522988,-0.24966420660091387,-1.0161329645585022,0
-0.634918112038349,0.9009088760241706,-1.179024470547907,1.5941683865871343,-0.23538436605243465,-1.177851894974348,2.3226052134873454,0.853056793629862,-0.21028898138303903,-0.11162799739561437,-0.7394662468772634,-0.13061201252703214,0.9841231756854657,0
-0.634918112038349,-1.1099901739376037,0.8491410419312149,0.45725938541561056,-0.404365943111267,0.9048055324001227,0.8577891279455886,-0.3041918912684436,2.206641263518246,0.003043148748581378,-0.7394662468772634,-1.0631875327724392,0.9841231756854657,0
-0.634918112038349,0.9009088760241706,-0.502969299721533,1.5925259793956543,-0.911310674287764,-1.177851894974348,0.8577891279455886,0.2744324511807092,0.001192415045823164,-0.6849837281165926,-0.997471732522988,1.0202258635204915,0.9841231756854657,0
-0.9738162891597597,-1.1099901739376037,0.8491410419312149,0.4583016822871267,-0.911310674287764,0.9048055324001227,0.8577891279455886,0.2744324511807092,0.16232109803924238,0.003043148748581378,-0.4814607612315388,0.801963507718375,0.9841231756854657,0
-0.46546902347764374,0.9009088760241706,0.8491410419312149,1.5993324938141917,-0.5733475201700994,-1.177851894974348,1.9662985980852963,-0.3041918912684436,-0.21028898138303903,-0.2262991435398101,-0.4814607612315388,0.16701847265767225,0.9841231756854657,0
-0.634918112038349,0.9009088760241706,-0.502969299721533,1.5949106282986685,-0.404365943111267,-1.177851894974348,2.2830155895537843,1.4316811360790147,-0.005521280078902488,-0.11162799739561437,-0.7394662468772634,-0.011559818453150373,0.9841231756854657,0
-0.2960199349169384,0.9009088760241706,-0.502969299721533,0.45736993205349863,-0.7423290972289317,0.9048055324001227,0.8577891279455886,0.853056793629862,0.001192415045823164,0.003043148748581378,-0.7394662468772634,-0.5076106270943244,0.9841231756854657,0
-0.8043672005990544,0.9009088760241706,-1.179024470547907,1.5959529251701847,-0.5733475201700994,-1.177851894974348,0.06599664927436881,1.4316811360790147,-1.2979075915886182,-0.9143260204049839,-0.4814607612315388,-0.13061201252703214,0.9841231756854657,0
-0.46546902347764374,-1.1099901739376037,-1.179024470547907,1.5976900866227117,-0.7423290972289317,-1.177851894974348,2.4413740852880284,-1.461440576166749,-0.25392799969375696,0.003043148748581378,-0.997471732522988,0.6233852166075523,0.9841231756854657,0
-0.634918112038349,-1.1099901739376037,1.5251962127575889,1.598953476770004,0.10257878806523006,-1.177851894974348,2.4413740852880284,-0.8828162337175963,0.001192415045823164,0.003043148748581378,-0.997471732522988,-0.22982217425526694,0.9841231756854657,0
-0.634918112038349,0.9009088760241706,-0.502969299721533,0.4550642450346901,-0.5733475201700994,0.9048055324001227,0.8577891279455886,-0.3041918912684436,0.2865244578466693,0.003043148748581378,-0.997471732522988,0.38528082845978884,-1.0161329645585022,0
-0.2960199349169384,-1.1099901739376037,-1.179024470547907,1.6013065409193359,-0.23538436605243465,0.21058638994196582,2.2830155895537843,1.4316811360790147,0.27645391515958084,-0.11162799739561437,-0.4814607612315388,-0.07108591549009124,0.9841231756854657,0
-0.2960199349169384,0.9009088760241706,0.8491410419312149,1.5978795951448055,0.10257878806523006,0.21058638994196582,1.8079401023510524,1.4316811360790147,0.001192415045823164,-0.2262991435398101,-0.4814607612315388,-0.051243883144444294,0.9841231756854657,0
-0.2960199349169384,-1.1099901739376037,-0.502969299721533,1.5996009642204914,0.4405419421828948,0.21058638994196582,-0.4090788379283631,-0.8828162337175963,1.327147202179168,-1.143668312693375,-0.4814607612315388,0.6630692812988462,-1.0161329645585022,0
-0.9738162891597597,0.9009088760241706,0.8491410419312149,1.5992219471763036,-0.7423290972289317,-1.177851894974348,-0.013182598592753173,0.2744324511807092,0.6255660616453219,-1.0289971665491795,-0.4814607612315388,-1.8965528912896115,0.9841231756854657,0
-0.634918112038349,0.9009088760241706,0.8491410419312149,0.45738572443033976,-0.5733475201700994,0.9048055324001227,0.8577891279455886,1.4316811360790147,1.1458774338115711,0.003043148748581378,-0.7394662468772634,-1.7775006972157297,0.9841231756854657,0
-0.634918112038349,-1.1099901739376037,1.5251962127575889,1.5988429301321159,-0.23538436605243465,-1.177851894974348,0.8577891279455886,1.4316811360790147,0.7229146409538463,-0.6849837281165926,-0.7394662468772634,0.12733440796637835,-1.0161329645585022,0
-0.46546902347764374,-1.1099901739376037,-1.179024470547907,0.25003181650598666,-0.5733475201700994,0.9048055324001227,0.8577891279455886,-0.8828162337175963,0.3939435798422821,0.23238544103697253,-0.7394662468772634,0.8416475724096689,-1.0161329645585022,1
-0.2960199349169384,-1.1099901739376037,-0.502969299721533,1.5959371327933436,-0.7423290972289317,-1.177851894974348,0.8577891279455886,0.853056793629862,0.4040141225293712,-0.6849837281165926,-0.997471732522988,1.0400678958661385,0.9841231756854657,0
-0.46546902347764374,-1.1099901739376037,-0.502969299721533,1.5903624237684162,-0.911310674287764,-1.177851894974348,-0.7257958293968509,-1.461440576166749,0.7229146409538463,-1.2583394588375707,-0.4814607612315388,1.1392780575943733,0.9841231756854657,0
-0.2960199349169384,0.9009088760241706,0.8491410419312149,1.5981796503047874,0.10257878806523006,-1.177851894974348,-0.5674373336626071,-1.461440576166749,-0.46205254856025635,-1.2583394588375707,-0.4814607612315388,-0.24966420660091387,-1.0161329645585022,0
-0.46546902347764374,0.9009088760241706,-1.179024470547907,1.5944052722397515,-0.5733475201700994,-1.177851894974348,0.4618928886099787,0.2744324511807092,0.19253272610050842,-0.7996548742607882,-0.4814607612315388,0.8416475724096689,0.9841231756854657,0
-0.634918112038349,0.9009088760241706,-0.502969299721533,1.5945631960081632,-0.5733475201700994,-1.177851894974348,1.6495816066168083,-1.461440576166749,-0.16664996307232172,-0.34097028968400567,-0.4814607612315388,0.22654456969461315,0.9841231756854657,0
-0.634918112038349,-1.1099901739376037,-1.179024470547907,0.03625041120728379,-0.7423290972289317,0.9048055324001227,0.8577891279455886,0.2744324511807092,1.5352717510456675,0.4617277333253637,-0.4814607612315388,0.5043330225336705,-1.0161329645585022,1
-0.2960199349169384,0.9009088760241706,-0.502969299721533,1.3692849403691,-0.404365943111267,-1.177851894974348,1.3328646151483206,-0.8828162337175963,1.8105332511594245,-0.34097028968400567,-0.7394662468772634,0.4844909901880236,-1.0161329645585022,1
-0.8043672005990544,0.9009088760241706,1.5251962127575889,1.5947053273997336,-0.911310674287764,-1.177851894974348,2.2830155895537843,-1.461440576166749,-0.41841353024953903,-0.11162799739561437,-0.4814607612315388,-1.7378166325244357,0.9841231756854657,0
-0.46546902347764374,0.9009088760241706,-0.502969299721533,1.5968688830269715,-0.7423290972289317,-1.177851894974348,0.4025084527096372,0.2744324511807092,-0.7742393718600064,-0.7996548742607882,-0.4814607612315388,0.0479662785837905,0.9841231756854657,0
-1.143265377720465,0.9009088760241706,-1.179024470547907,1.5948316664144628,-0.7423290972289317,0.21058638994196582,2.4413740852880284,1.4316811360790147,-1.1804179269059165,0.003043148748581378,-0.997471732522988,0.38528082845978884,-1.0161329645585022,0
-0.8043672005990544,0.9009088760241706,-0.502969299721533,1.6101660643272233,-0.7423290972289317,-1.177851894974348,-1.1375279183058853,-0.8828162337175963,-1.1804179269059165,-1.487681751125962,-0.997471732522988,1.1194360252487263,-1.0161329645585022,0
-0.634918112038349,-1.1099901739376037,0.8491410419312149,1.6163250912952734,-0.5733475201700994,-1.177851894974348,4.024959042630468,-0.3041918912684436,1.0955247203761276,0.5763988794695595,-0.997471732522988,-0.09092794783573821,-1.0161329645585022,0
-1.143265377720465,-1.1099901739376037,0.8491410419312149,1.6165619769478907,-0.911310674287764,-1.177851894974348,-0.2507203421941191,1.4316811360790147,0.03811773823181484,-1.143668312693375,-0.997471732522988,-0.7655570475877348,-1.0161329645585022,0
-0.634918112038349,0.9009088760241706,-1.179024470547907,-0.6539712110121967,-0.5733475201700994,0.9048055324001227,0.8696660151256569,0.853056793629862,1.4312094766124175,2.869821802353472,-0.997471732522988,-2.3330776028938445,-1.0161329645585022,1
-0.634918112038349,-1.1099901739376037,0.8491410419312149,0.31160629380964644,-0.911310674287764,0.9048055324001227,0.877583939912369,-0.3041918912684436,-0.21700267650776528,0.1177142948927768,-0.4814607612315388,-0.5472946917856183,0.9841231756854657,0
-0.2960199349169384,-1.1099901739376037,-1.179024470547907,1.6366972574203622,-0.06640278899360229,-1.177851894974348,1.2536853672811985,0.2744324511807092,-0.8447331706696268,-0.45564143582820127,-0.997471732522988,-0.5076106270943244,0.9841231756854657,0
-0.2960199349169384,-1.1099901739376037,-0.502969299721533,1.6314226035554167,0.10257878806523006,-1.177851894974348,-0.5991090328094558,-0.8828162337175963,-1.0495008719737637,-1.2583394588375707,-0.7394662468772634,-0.5671367241312653,0.9841231756854657,0
-0.2960199349169384,0.9009088760241706,-0.502969299721533,1.6374394991318963,-0.404365943111267,0.21058638994196582,0.8577891279455886,0.853056793629862,0.11868207972852446,-0.6849837281165926,-0.997471732522988,-0.6068207888225592,0.9841231756854657,0
-0.46546902347764374,0.9009088760241706,1.5251962127575889,1.6570062540380863,-0.06640278899360229,-1.177851894974348,-0.3298995900612411,-0.8828162337175963,0.23617174441122635,-1.143668312693375,-0.7394662468772634,0.6035431842619053,0.9841231756854657,0
-0.46546902347764374,-1.1099901739376037,0.8491410419312149,1.6530265750741155,-0.06640278899360229,-1.177851894974348,0.7786098800784667,-0.8828162337175963,0.954537122756886,-0.6849837281165926,-0.7394662468772634,0.782121475372728,-1.0161329645585022,0
-0.46546902347764374,0.9009088760241706,-1.179024470547907,1.6687873671615874,0.10257878806523006,-1.177851894974348,1.3328646151483206,-1.461440576166749,-1.3482603050240614,-0.45564143582820127,-0.997471732522988,1.298014316359549,-1.0161329645585022,0
-0.46546902347764374,-1.1099901739376037,-0.502969299721533,1.6739198896349623,-0.5733475201700994,-1.177851894974348,0.41834430228306163,0.2744324511807092,-1.1804179269059165,-0.7996548742607882,-0.7394662468772634,-0.4282424977117365,-1.0161329645585022,0
-0.634918112038349,0.9009088760241706,0.8491410419312149,1.6783259627736444,0.10257878806523006,-1.177851894974348,-0.5674373336626071,-1.461440576166749,-1.7510820125076092,-1.2583394588375707,-0.4814607612315388,-0.2893482712922078,0.9841231756854657,0
-0.46546902347764374,0.9009088760241706,1.5251962127575889,1.6725143680960997,-0.7423290972289317,-1.177851894974348,1.9029551997915988,-0.8828162337175963,-0.21364582894540246,-0.2262991435398101,-0.7394662468772634,0.305912699077201,-1.0161329645585022,0
-0.46546902347764374,0.9009088760241706,0.8491410419312149,1.6611912339009922,-0.5733475201700994,-1.177851894974348,-0.06069014731302636,-0.3041918912684436,0.5382880250238866,-1.0289971665491795,-0.4814607612315388,0.3654387961141419,-1.0161329645585022,0
-0.46546902347764374,0.9009088760241706,-1.179024470547907,1.6754991273190778,-0.06640278899360229,-1.177851894974348,0.38271364074285674,-1.461440576166749,-0.005521280078902488,-0.9143260204049839,-0.7394662468772634,-0.6663468858595001,-1.0161329645585022,0
-0.2960199349169384,-1.1099901739376037,-0.502969299721533,1.669276930843663,-0.5733475201700994,-1.177851894974348,0.4460570390365543,0.2744324511807092,0.27645391515958084,-0.7996548742607882,-0.4814607612315388,0.9011736694466097,-1.0161329645585022,0
-0.46546902347764374,0.9009088760241706,0.8491410419312149,1.6752780340433016,-0.911310674287764,-1.177851894974348,0.0026532509806712224,-1.461440576166749,-0.018948670328354386,-1.0289971665491795,-0.4814607612315388,1.278172284013902,-1.0161329645585022,0
-0.2960199349169384,0.9009088760241706,0.8491410419312149,1.6919705763644015,0.10257878806523006,-1.177851894974348,1.3328646151483206,0.2744324511807092,-1.3482603050240614,-0.45564143582820127,-0.4814607612315388,-0.44808453005738347,0.9841231756854657,0
-1.143265377720465,0.9009088760241706,0.8491410419312149,-0.9054490198307343,-0.7423290972289317,0.21058638994196582,-0.4882580857954851,-0.3041918912684436,-1.2106295549671826,1.7231103409115156,-0.7394662468772634,0.26622863438590705,-1.0161329645585022,1
-0.634918112038349,0.9009088760241706,-1.179024470547907,1.6893964189392934,-0.7423290972289317,-1.177851894974348,0.38271364074285674,0.853056793629862,-1.1804179269059165,-0.9143260204049839,-0.4814607612315388,0.3654387961141419,0.9841231756854657,0
-0.46546902347764374,0.9009088760241706,-0.502969299721533,1.6876434651099252,0.10257878806523006,-1.177851894974348,0.06599664927436881,0.853056793629862,0.6893461653302174,-1.0289971665491795,-0.7394662468772634,1.0003838311748445,0.9841231756854657,0
-0.46546902347764374,0.9009088760241706,0.8491410419312149,-0.5039910081517563,-0.404365943111267,0.9048055324001227,0.8894608270924373,1.4316811360790147,1.676259348664909,2.0671237793441026,-0.7394662468772634,0.20670253734896618,-1.0161329645585022,1
-0.2960199349169384,-1.1099901739376037,1.5251962127575889,1.6858589265268749,-0.911310674287764,-1.177851894974348,2.4413740852880284,-0.8828162337175963,-0.0860856215756121,-0.11162799739561437,-0.7394662468772634,1.3972244780877838,-1.0161329645585022,0
-0.46546902347764374,0.9009088760241706,0.8491410419312149,1.6972926073598704,-0.06640278899360229,-1.177851894974348,1.3328646151483206,0.2744324511807092,-1.173704231781191,-0.45564143582820127,-0.997471732522988,0.008282213892496587,-1.0161329645585022,0
-0.634918112038349,0.9009088760241706,1.5251962127575889,-0.3375551486228334,-0.7423290972289317,0.9048055324001227,0.8894608270924373,-1.461440576166749,0.15896425047687956,1.379096902478929,-0.7394662468772634,0.6829113136444932,-1.0161329645585022,1
-0.8043672005990544,0.9009088760241706,0.8491410419312149,1.464181332807595,-0.7423290972289317,-1.177851894974348,2.3226052134873454,-1.461440576166749,1.2029438423717405,0.003043148748581378,-0.997471732522988,-1.102871597463733,-1.0161329645585022,1
-0.9738162891597597,-1.1099901739376037,-1.179024470547907,-0.714171751530676,-0.23538436605243465,0.9048055324001227,0.8973787518791496,1.4316811360790147,1.9112386780303117,3.4431775330744507,-0.4814607612315388,0.7424374106814341,-1.0161329645585022,1
-0.9738162891597597,-1.1099901739376037,0.8491410419312149,1.6938024920779753,-0.911310674287764,-1.177851894974348,-0.8841543251310949,-1.461440576166749,0.04483143335654109,-1.3730106049817663,-0.7394662468772634,0.6233852166075523,0.9841231756854657,0
-0.46546902347764374,0.9009088760241706,0.8491410419312149,1.6919231992338781,-0.5733475201700994,-1.177851894974348,1.9662985980852963,0.853056793629862,1.676259348664909,-0.2262991435398101,-0.4814607612315388,0.5043330225336705,-1.0161329645585022,0
-0.46546902347764374,0.9009088760241706,-0.502969299721533,1.6981611880861338,-0.06640278899360229,-1.177851894974348,0.1451758971414908,-0.3041918912684436,-1.1804179269059165,-0.9143260204049839,-0.997471732522988,-1.4005020826484376,-1.0161329645585022,0
-0.8043672005990544,0.9009088760241706,-0.502969299721533,-0.6562137285236406,-0.911310674287764,0.9048055324001227,0.8973787518791496,0.2744324511807092,2.3241309282009484,2.984492948497668,-0.997471732522988,0.6630692812988462,-1.0161329645585022,1
-0.2960199349169384,-1.1099901739376037,0.8491410419312149,1.6950342974715853,-0.23538436605243465,-1.177851894974348,2.12465709381954,0.853056793629862,2.431550050196561,-0.2262991435398101,-0.997471732522988,0.5440170872249644,0.9841231756854657,0
-0.46546902347764374,-1.1099901739376037,1.5251962127575889,1.7066574868266748,-0.404365943111267,-1.177851894974348,2.4413740852880284,0.853056793629862,0.830333762949459,-0.11162799739561437,-0.997471732522988,-1.202081759191968,0.9841231756854657,0
-1.143265377720465,-1.1099901739376037,-1.179024470547907,1.7067522410877218,-0.911310674287764,-1.177851894974348,1.3328646151483206,0.2744324511807092,0.0851136041048956,-0.45564143582820127,-0.7394662468772634,0.5837011519162584,0.9841231756854657,0
-0.2960199349169384,-1.1099901739376037,-0.502969299721533,1.7100054707169994,-0.06640278899360229,-1.177851894974348,0.0026532509806712224,1.4316811360790147,1.0955247203761276,-1.0289971665491795,-0.997471732522988,-0.46792656240303043,-1.0161329645585022,0
-0.2960199349169384,0.9009088760241706,-0.502969299721533,1.7160223662934793,-0.404365943111267,-1.177851894974348,4.024959042630468,-0.3041918912684436,-0.11965409719924096,0.5763988794695595,-0.4814607612315388,-0.5076106270943244,0.9841231756854657,0
-0.634918112038349,0.9009088760241706,1.5251962127575889,-0.5216468854601666,-0.7423290972289317,0.9048055324001227,0.8973787518791496,1.4316811360790147,1.0619562447524988,2.1817949254882985,-0.997471732522988,1.2186461869769611,-1.0161329645585022,1
-0.2960199349169384,0.9009088760241706,-0.502969299721533,1.7108898438201041,-0.404365943111267,-1.177851894974348,-0.4090788379283631,0.853056793629862,-0.3680608168140954,-1.143668312693375,-0.4814607612315388,-0.20998014190961997,-1.0161329645585022,0
-0.2960199349169384,0.9009088760241706,-1.179024470547907,-0.5981293665018758,-0.5733475201700994,0.9048055324001227,0.8973787518791496,1.4316811360790147,0.7430557263280237,2.525808363920885,-0.997471732522988,-0.5076106270943244,-1.0161329645585022,1
-0.634918112038349,-1.1099901739376037,0.8491410419312149,-0.5625649338555968,-0.911310674287764,0.9048055324001227,0.8973787518791496,0.2744324511807092,1.6594751108530943,2.2964660716324943,-0.997471732522988,1.258330251668255,-1.0161329645585022,1
-0.634918112038349,0.9009088760241706,-0.502969299721533,1.712105856836873,-0.911310674287764,-1.177851894974348,0.8577891279455886,-0.8828162337175963,-0.25392799969375696,-0.6849837281165926,-0.7394662468772634,0.5043330225336705,0.9841231756854657,0
-0.2960199349169384,-1.1099901739376037,0.8491410419312149,-0.9153982172406614,-0.23538436605243465,0.21058638994196582,-0.646616581529729,0.853056793629862,0.001192415045823164,1.2644257563347332,-0.997471732522988,-0.3488743683291487,-1.0161329645585022,1
-0.634918112038349,-1.1099901739376037,-1.179024470547907,-0.12355265004835439,-0.911310674287764,0.9048055324001227,0.8973787518791496,-0.3041918912684436,1.327147202179168,0.8057411717579506,-0.4814607612315388,1.298014316359549,-1.0161329645585022,0
-0.634918112038349,0.9009088760241706,-0.502969299721533,1.7162908366997789,-0.911310674287764,-1.177851894974348,0.8577891279455886,0.2744324511807092,0.860545391010725,-0.6849837281165926,-0.4814607612315388,0.7225953783357871,-1.0161329645585022,0
-0.46546902347764374,-1.1099901739376037,-0.502969299721533,1.7128007214178838,-0.5733475201700994,-1.177851894974348,0.06599664927436881,-1.461440576166749,0.7430557263280237,-1.0289971665491795,-0.997471732522988,0.9408577341379036,0.9841231756854657,0
-0.9738162891597597,-1.1099901739376037,0.8491410419312149,-0.21860696625526083,-0.911310674287764,0.9048055324001227,0.913214601452574,1.4316811360790147,0.3939435798422821,1.035083464046342,-0.7394662468772634,0.0479662785837905,0.9841231756854657,0
-0.634918112038349,-1.1099901739376037,-0.502969299721533,1.0271273037286557,-0.404365943111267,0.9048055324001227,0.9211325262392862,0.2744324511807092,1.092167872813765,-0.34097028968400567,-0.997471732522988,0.32575473142284794,0.9841231756854657,0
-0.46546902347764374,0.9009088760241706,0.8491410419312149,1.5004722147885672,-0.911310674287764,-1.177851894974348,1.2695212168546228,-1.461440576166749,1.286865031430813,-0.45564143582820127,-0.7394662468772634,0.782121475372728,-1.0161329645585022,1
-0.46546902347764374,-1.1099901739376037,-0.502969299721533,1.7273297081117456,-0.911310674287764,-1.177851894974348,2.91644957249076,0.853056793629862,-1.1804179269059165,0.1177142948927768,-0.4814607612315388,0.6630692812988462,-1.0161329645585022,0
-0.2960199349169384,0.9009088760241706,0.17308587110484092,1.5016566430516536,-0.7423290972289317,-1.177851894974348,1.6495816066168083,-0.3041918912684436,-0.25392799969375696,-0.34097028968400567,-0.997471732522988,1.2186461869769611,-1.0161329645585022,1
-0.2960199349169384,0.9009088760241706,0.8491410419312149,1.731893705018839,0.10257878806523006,-1.177851894974348,1.6495816066168083,-1.461440576166749,0.3939435798422821,-0.34097028968400567,-0.7394662468772634,-0.09092794783573821,-1.0161329645585022,0
-0.634918112038349,-1.1099901739376037,-0.502969299721533,-0.5619964082893153,-0.911310674287764,0.9048055324001227,0.9290504510259984,1.4316811360790147,0.8135495251376443,2.411137217776689,-0.997471732522988,0.4249648931510827,-1.0161329645585022,1
-0.2960199349169384,-1.1099901739376037,1.5251962127575889,1.7401373257299215,-0.5733475201700994,-1.177851894974348,2.4413740852880284,0.853056793629862,0.2865244578466693,-0.11162799739561437,-0.7394662468772634,-0.07108591549009124,0.9841231756854657,0
-0.46546902347764374,0.9009088760241706,0.8491410419312149,1.7487441711083505,-0.911310674287764,-1.177851894974348,1.6495816066168083,1.4316811360790147,1.092167872813765,-0.45564143582820127,-0.997471732522988,-0.26950623894656084,-1.0161329645585022,0
-0.2960199349169384,0.9009088760241706,0.8491410419312149,0.4926027247861134,-0.7423290972289317,0.9048055324001227,0.9290504510259984,0.2744324511807092,-0.03237606057780569,0.003043148748581378,-0.7394662468772634,-0.17029607721832604,-1.0161329645585022,1
-0.2960199349169384,0.9009088760241706,-0.502969299721533,1.7852403539882575,-0.7423290972289317,-1.177851894974348,1.3843311262619498,-0.3041918912684436,-1.1804179269059165,-0.570312581972397,-0.7394662468772634,0.3455967637684949,0.9841231756854657,0
-0.8043672005990544,-1.1099901739376037,-0.502969299721533,1.7893463719669576,-0.7423290972289317,-1.177851894974348,0.38271364074285674,-1.461440576166749,-1.8752853723150364,-0.9143260204049839,-0.4814607612315388,-1.4005020826484376,0.9841231756854657,0
-0.9738162891597597,0.9009088760241706,0.8491410419312149,0.11402786714996765,-0.911310674287764,0.9048055324001227,0.9369683758127106,-0.8828162337175963,-1.0495008719737637,0.4617277333253637,-0.997471732522988,-0.3488743683291487,0.9841231756854657,0
-0.9738162891597597,0.9009088760241706,0.8491410419312149,1.787846096167048,-0.5733475201700994,0.21058638994196582,-0.4090788379283631,1.4316811360790147,-0.707102420612748,-1.143668312693375,-0.7394662468772634,0.5241750548793175,-1.0161329645585022,0
-0.2960199349169384,0.9009088760241706,1.5251962127575889,1.1282616850194065,-0.23538436605243465,0.9048055324001227,0.9369683758127106,-0.8828162337175963,-1.0495008719737637,-0.45564143582820127,-0.997471732522988,0.5440170872249644,-1.0161329645585022,0
-0.8043672005990544,0.9009088760241706,-0.502969299721533,-0.2179278940510912,-0.911310674287764,0.9048055324001227,0.9448863005994228,-1.461440576166749,0.23617174441122635,1.1497546101905376,-0.4814607612315388,1.1591200899400202,0.9841231756854657,0
-0.634918112038349,0.9009088760241706,-1.179024470547907,-0.4674948252718492,-0.06640278899360229,0.9048055324001227,0.952804225386135,0.2744324511807092,0.6255660616453219,1.952452633199907,-0.7394662468772634,0.6829113136444932,-1.0161329645585022,1
-0.9738162891597597,0.9009088760241706,-1.179024470547907,-0.2955158414716812,-0.7423290972289317,0.9048055324001227,0.952804225386135,-1.461440576166749,0.4040141225293712,1.2644257563347332,-0.4814607612315388,0.5440170872249644,-1.0161329645585022,1
-0.2960199349169384,-1.1099901739376037,0.8491410419312149,1.5623467472522088,0.2715603651240624,-1.177851894974348,-0.3298995900612411,-1.461440576166749,2.478545916069642,-1.143668312693375,-0.7394662468772634,0.286070666731554,-1.0161329645585022,1
-0.634918112038349,-1.1099901739376037,-0.502969299721533,1.7815607301842686,-0.5733475201700994,-1.177851894974348,1.6495816066168083,-0.3041918912684436,2.9149360991768187,-0.45564143582820127,-0.997471732522988,0.12733440796637835,0.9841231756854657,0
-0.8043672005990544,0.9009088760241706,-1.179024470547907,-0.10926054900710995,-0.911310674287764,0.9048055324001227,0.952804225386135,0.853056793629862,0.5651428055227898,0.8057411717579506,-0.4814607612315388,0.08765034327508442,-1.0161329645585022,0
-0.8043672005990544,0.9009088760241706,0.8491410419312149,1.7868037992955317,-0.404365943111267,-1.177851894974348,0.8577891279455886,-1.461440576166749,-1.039430329286675,-0.6849837281165926,-0.4814607612315388,0.32575473142284794,0.9841231756854657,0
-0.8043672005990544,0.9009088760241706,0.8491410419312149,1.7854298625103513,-0.7423290972289317,-1.177851894974348,4.024959042630468,1.4316811360790147,1.417782086362966,0.4617277333253637,-0.997471732522988,0.4249648931510827,0.9841231756854657,0
-0.46546902347764374,-1.1099901739376037,-1.179024470547907,-0.0702375858326182,-0.5733475201700994,0.9048055324001227,0.952804225386135,-1.461440576166749,-1.1804179269059165,0.8057411717579506,-0.4814607612315388,0.3654387961141419,0.9841231756854657,0
-0.634918112038349,0.9009088760241706,-1.179024470547907,1.786408989874503,-0.5733475201700994,-1.177851894974348,1.1745061194140765,1.4316811360790147,-0.5896127559300467,-0.570312581972397,-0.7394662468772634,-0.24966420660091387,0.9841231756854657,0
-0.46546902347764374,0.9009088760241706,-0.502969299721533,0.8386452861294816,-0.23538436605243465,0.9048055324001227,0.952804225386135,-0.3041918912684436,1.451350561986595,-0.2262991435398101,-0.4814607612315388,0.6035431842619053,-1.0161329645585022,0
-0.634918112038349,-1.1099901739376037,-0.502969299721533,1.554261050309538,-0.5733475201700994,-1.177851894974348,2.4413740852880284,-1.461440576166749,1.4446368668618692,0.003043148748581378,-0.997471732522988,0.6432272489531993,-1.0161329645585022,1
-0.46546902347764374,-1.1099901739376037,0.8491410419312149,-0.3735301830669824,0.10257878806523006,0.9048055324001227,0.9567631877794911,-0.8828162337175963,-0.3680608168140954,1.6084391947673204,-0.4814607612315388,-1.5195542767223194,-1.0161329645585022,1
-0.634918112038349,-1.1099901739376037,-0.502969299721533,-0.40694685246286444,-0.06640278899360229,0.9048055324001227,0.9607221501728472,-0.8828162337175963,3.018998373610068,1.7231103409115156,-0.4814607612315388,0.5837011519162584,-1.0161329645585022,1
-0.634918112038349,-1.1099901739376037,1.5251962127575889,-0.04763869457292671,-0.911310674287764,0.9048055324001227,0.9646811125662033,-0.3041918912684436,-1.4993184453303918,0.6910700256137552,-0.997471732522988,-0.03140185079879733,0.9841231756854657,0
-1.143265377720465,0.9009088760241706,0.8491410419312149,1.7897885585185098,-0.7423290972289317,-0.4836327525161911,-0.5674373336626071,-0.8828162337175963,-1.0092187012254088,-1.2583394588375707,-0.4814607612315388,0.46464895784237664,-1.0161329645585022,0
-0.8043672005990544,-1.1099901739376037,-1.179024470547907,0.04046697582387193,-0.5733475201700994,0.9048055324001227,0.9686400749595594,0.2744324511807092,0.16232109803924238,0.5763988794695595,-0.997471732522988,-1.9163949236352584,0.9841231756854657,0
-0.634918112038349,-1.1099901739376037,-1.179024470547907,1.8280850723583086,-0.5733475201700994,-1.177851894974348,1.0161476236798326,-1.461440576166749,1.6628319584154578,-0.6849837281165926,-0.997471732522988,0.801963507718375,0.9841231756854657,0
-0.2960199349169384,-1.1099901739376037,-0.502969299721533,1.605112503738054,-0.404365943111267,-1.177851894974348,0.06599664927436881,-1.461440576166749,1.6729025011025462,-0.9143260204049839,-0.7394662468772634,0.20670253734896618,-1.0161329645585022,1
-0.8043672005990544,0.9009088760241706,-0.502969299721533,1.840845312845961,-0.7423290972289317,0.21058638994196582,0.06599664927436881,-0.8828162337175963,0.11868207972852446,-1.0289971665491795,-0.997471732522988,0.46464895784237664,0.9841231756854657,0
-0.2960199349169384,0.9009088760241706,-0.502969299721533,1.6334598201679256,-0.23538436605243465,-1.177851894974348,1.6495816066168083,-0.3041918912684436,0.0851136041048956,-0.34097028968400567,-0.7394662468772634,-0.38855843302044263,-1.0161329645585022,1
-0.9738162891597597,0.9009088760241706,-0.502969299721533,-0.561459467476716,-0.7423290972289317,0.9048055324001227,0.992393849319696,0.853056793629862,0.15896425047687956,2.525808363920885,-0.7394662468772634,0.12733440796637835,-1.0161329645585022,1
-0.634918112038349,-1.1099901739376037,-0.502969299721533,-0.29835846930308896,-0.404365943111267,0.9048055324001227,0.992393849319696,0.2744324511807092,1.7937490133476108,1.379096902478929,-0.7394662468772634,0.14717644031202531,-1.0161329645585022,1
-0.8043672005990544,0.9009088760241706,-0.502969299721533,0.3475497435001131,-0.911310674287764,0.9048055324001227,0.992393849319696,0.2744324511807092,-0.8447331706696268,0.23238544103697253,-0.4814607612315388,0.8614896047553159,0.9841231756854657,0
-0.8043672005990544,-1.1099901739376037,1.5251962127575889,1.8772309490879802,-0.911310674287764,-1.177851894974348,-0.7257958293968509,-1.461440576166749,-1.8752853723150364,-1.2583394588375707,-0.7394662468772634,-0.24966420660091387,0.9841231756854657,0
-0.9738162891597597,0.9009088760241706,0.8491410419312149,0.7189390696735337,-0.911310674287764,0.9048055324001227,1.0003117741064083,0.2744324511807092,0.8336906105118219,-0.11162799739561437,-0.997471732522988,0.08765034327508442,-1.0161329645585022,0
-0.634918112038349,-1.1099901739376037,1.5251962127575889,0.19351089979149616,-0.5733475201700994,0.9048055324001227,1.0161476236798326,-0.3041918912684436,-0.005521280078902488,0.3470565871811683,-0.7394662468772634,-1.0235034680811452,-1.0161329645585022,0
-0.2960199349169384,0.9009088760241706,-1.179024470547907,1.8789996952941894,-0.23538436605243465,-1.177851894974348,1.6495816066168083,-0.8828162337175963,0.7430557263280237,-0.45564143582820127,-0.4814607612315388,0.10749237562073138,-1.0161329645585022,0
-0.634918112038349,-1.1099901739376037,-0.502969299721533,-0.9380286932540352,-0.7423290972289317,0.21058638994196582,-0.8841543251310949,-0.8828162337175963,-1.0092187012254088,0.6910700256137552,-0.997471732522988,-2.710076217461137,-1.0161329645585022,1
-0.8043672005990544,-1.1099901739376037,-0.502969299721533,0.2110404380851772,-0.911310674287764,0.9048055324001227,1.0161476236798326,-1.461440576166749,0.04483143335654109,0.3470565871811683,-0.7394662468772634,-0.9838194033898514,0.9841231756854657,0
-0.9738162891597597,-1.1099901739376037,-1.179024470547907,1.8901333209672029,-0.911310674287764,-1.177851894974348,0.38271364074285674,-0.8828162337175963,0.665848232393677,-0.9143260204049839,-0.7394662468772634,0.16701847265767225,-1.0161329645585022,0
-0.634918112038349,-1.1099901739376037,0.8491410419312149,0.25663303002558907,-0.911310674287764,0.9048055324001227,1.0161476236798326,-0.3041918912684436,0.04483143335654109,0.3470565871811683,-0.4814607612315388,-2.4719718293133734,0.9841231756854657,0
-0.8043672005990544,0.9009088760241706,0.8491410419312149,1.9058625283009925,-0.404365943111267,-1.177851894974348,0.06599664927436881,1.4316811360790147,0.001192415045823164,-1.0289971665491795,-0.4814607612315388,0.5638591195706114,-1.0161329645585022,0
-0.9738162891597597,-1.1099901739376037,-1.179024470547907,1.9011406076254873,-0.911310674287764,-1.177851894974348,2.19591841689995,-0.8828162337175963,0.11868207972852446,-0.2262991435398101,-0.7394662468772634,0.5241750548793175,-1.0161329645585022,0
-0.8043672005990544,0.9009088760241706,0.8491410419312149,0.26884053732380114,-0.911310674287764,0.9048055324001227,1.0161476236798326,-0.8828162337175963,0.001192415045823164,0.3470565871811683,-0.997471732522988,-0.7060309505507939,0.9841231756854657,0
-0.8043672005990544,-1.1099901739376037,-0.502969299721533,1.9253029441924532,-0.911310674287764,-1.177851894974348,1.6495816066168083,-0.8828162337175963,0.4040141225293712,-0.45564143582820127,-0.997471732522988,0.9011736694466097,-1.0161329645585022,0
-0.8043672005990544,0.9009088760241706,-1.179024470547907,1.9327095689309544,-0.5733475201700994,-1.177851894974348,0.9765579997462716,0.853056793629862,-0.0860856215756121,-0.6849837281165926,-0.997471732522988,-0.7060309505507939,0.9841231756854657,0
-0.46546902347764374,0.9009088760241706,-1.179024470547907,0.26704020636390957,-0.06640278899360229,0.9048055324001227,1.0161476236798326,-1.461440576166749,-0.37813135950118393,0.3470565871811683,-0.7394662468772634,-0.09092794783573821,0.9841231756854657,0
-0.8043672005990544,-1.1099901739376037,-0.502969299721533,0.27128835573418003,-0.7423290972289317,0.9048055324001227,1.0161476236798326,0.2744324511807092,0.954537122756886,0.23238544103697253,-0.7394662468772634,-1.182239726846321,0.9841231756854657,0
-0.634918112038349,0.9009088760241706,-1.179024470547907,1.9798813985554817,-0.7423290972289317,-1.177851894974348,-0.7257958293968509,-0.8828162337175963,0.23617174441122635,-1.3730106049817663,-0.7394662468772634,-0.2893482712922078,0.9841231756854657,0
-0.8043672005990544,-1.1099901739376037,-1.179024470547907,-0.05253433139368447,-0.7423290972289317,0.9048055324001227,1.0161476236798326,0.2744324511807092,1.7937490133476108,0.8057411717579506,-0.4814607612315388,0.8813316371009629,-1.0161329645585022,1
-0.46546902347764374,0.9009088760241706,-0.502969299721533,0.2824851509145583,-0.404365943111267,0.9048055324001227,1.0161476236798326,0.853056793629862,1.8273174889712391,0.23238544103697253,-0.4814607612315388,-1.0631875327724392,0.9841231756854657,0
-0.2960199349169384,0.9009088760241706,1.5251962127575889,1.9788706864376477,-0.5733475201700994,-1.177851894974348,1.6495816066168083,-0.3041918912684436,-0.21364582894540246,-0.45564143582820127,-0.7394662468772634,0.08765034327508442,-1.0161329645585022,0
-0.46546902347764374,0.9009088760241706,1.5251962127575889,1.9772282792461677,-0.7423290972289317,-1.177851894974348,-0.9079080994912315,-0.8828162337175963,-1.623521805137819,-1.3730106049817663,-0.4814607612315388,1.1988041546313142,-1.0161329645585022,0
-0.2960199349169384,0.9009088760241706,0.8491410419312149,0.2849803464554606,-0.23538436605243465,0.9048055324001227,1.0161476236798326,-0.3041918912684436,0.954537122756886,0.23238544103697253,-0.997471732522988,-0.5671367241312653,0.9841231756854657,0
-0.46546902347764374,0.9009088760241706,-1.179024470547907,0.330525561265349,-0.5733475201700994,0.9048055324001227,1.0161476236798326,-1.461440576166749,-0.005521280078902488,0.23238544103697253,-0.997471732522988,-1.182239726846321,0.9841231756854657,0
-0.8043672005990544,-1.1099901739376037,0.8491410419312149,0.36122594184455253,-0.7423290972289317,0.9048055324001227,1.0161476236798326,0.853056793629862,1.0955247203761276,0.23238544103697253,-0.997471732522988,-1.102871597463733,0.9841231756854657,0
-0.46546902347764374,-1.1099901739376037,0.8491410419312149,1.9784284998860955,-0.5733475201700994,-1.177851894974348,2.4413740852880284,0.2744324511807092,-0.0860856215756121,-0.2262991435398101,-0.997471732522988,0.8416475724096689,0.9841231756854657,0
-0.8043672005990544,-1.1099901739376037,-0.502969299721533,0.36274201002130335,-0.911310674287764,0.9048055324001227,1.0161476236798326,1.4316811360790147,-1.6705176710108995,0.23238544103697253,-0.7394662468772634,0.10749237562073138,0.9841231756854657,0
-0.634918112038349,-1.1099901739376037,0.8491410419312149,0.3602152297267187,-0.5733475201700994,0.9048055324001227,1.0161476236798326,1.4316811360790147,0.3301634761573873,0.23238544103697253,-0.7394662468772634,-0.03140185079879733,0.9841231756854657,0
-0.634918112038349,0.9009088760241706,-0.502969299721533,0.3643054553285776,-0.5733475201700994,0.9048055324001227,1.0161476236798326,-0.8828162337175963,-1.3751150855229646,0.23238544103697253,-0.997471732522988,1.774223092655076,0.9841231756854657,0
-0.634918112038349,0.9009088760241706,1.5251962127575889,1.2932762306326255,-0.404365943111267,-1.177851894974348,0.38271364074285674,0.2744324511807092,1.8273174889712391,-0.7996548742607882,-0.997471732522988,-0.7258729828964409,-1.0161329645585022,1
-1.143265377720465,0.9009088760241706,-0.502969299721533,-0.9561109647371566,-0.911310674287764,0.21058638994196582,-1.121692068732461,0.2744324511807092,-1.6705176710108995,-0.11162799739561437,-0.997471732522988,0.801963507718375,-1.0161329645585022,1
-0.2960199349169384,0.9009088760241706,-0.502969299721533,2.0153510769407137,0.10257878806523006,-1.177851894974348,0.38271364074285674,1.4316811360790147,0.001192415045823164,-0.9143260204049839,-0.997471732522988,0.5241750548793175,-1.0161329645585022,0
-0.634918112038349,0.9009088760241706,-0.502969299721533,2.015287907433349,-0.5733475201700994,-1.177851894974348,0.8577891279455886,-0.8828162337175963,-0.21364582894540246,-0.7996548742607882,-0.4814607612315388,1.238488219322608,0.9841231756854657,0
-0.46546902347764374,-1.1099901739376037,1.5251962127575889,2.014008724909216,-0.911310674287764,-1.177851894974348,0.38271364074285674,-0.8828162337175963,0.2865244578466693,-0.9143260204049839,-0.4814607612315388,0.40512286080543575,-1.0161329645585022,0
-0.46546902347764374,-1.1099901739376037,-1.179024470547907,0.3841406806410671,0.10257878806523006,0.9048055324001227,1.0161476236798326,-0.8828162337175963,1.7736079279734327,0.1177142948927768,-0.997471732522988,-0.46792656240303043,0.9841231756854657,0
-0.2960199349169384,0.9009088760241706,0.8491410419312149,2.033101708510171,-0.06640278899360229,-1.177851894974348,0.06599664927436881,0.853056793629862,-0.9857207682888686,-1.0289971665491795,-0.4814607612315388,0.5043330225336705,-1.0161329645585022,0
-0.2960199349169384,-1.1099901739376037,0.8491410419312149,2.0625860760726056,-0.06640278899360229,-1.177851894974348,3.2331665639592484,-1.461440576166749,0.001192415045823164,0.003043148748581378,-0.997471732522988,1.317856348705196,0.9841231756854657,0
-0.8043672005990544,-1.1099901739376037,-0.502969299721533,0.44552564942263306,-0.5733475201700994,0.9048055324001227,1.0161476236798326,0.853056793629862,0.9780350556934264,0.1177142948927768,-0.4814607612315388,0.18686050500331922,-1.0161329645585022,0
-0.46546902347764374,-1.1099901739376037,0.8491410419312149,2.0716982775099515,-0.404365943111267,-1.177851894974348,-0.32198166527452887,0.853056793629862,0.16232109803924238,-1.143668312693375,-0.4814607612315388,0.286070666731554,-1.0161329645585022,0
-0.8043672005990544,0.9009088760241706,1.5251962127575889,2.068239746981739,-0.7423290972289317,-1.177851894974348,4.024959042630468,-0.8828162337175963,0.001192415045823164,0.3470565871811683,-0.7394662468772634,-0.011559818453150373,-1.0161329645585022,0
-0.634918112038349,0.9009088760241706,-1.179024470547907,2.0734354389624783,-0.911310674287764,-1.177851894974348,0.06599664927436881,-0.8828162337175963,-1.8752853723150364,-1.0289971665491795,-0.7394662468772634,-0.190138109563973,-1.0161329645585022,0
-0.2960199349169384,0.9009088760241706,-1.179024470547907,2.066834225442876,-0.5733475201700994,-1.177851894974348,-0.3298995900612411,-0.8828162337175963,1.4110683912382405,-1.143668312693375,-0.7394662468772634,0.32575473142284794,0.9841231756854657,0
-0.2960199349169384,-1.1099901739376037,0.8491410419312149,2.068555594518562,-0.23538436605243465,-1.177851894974348,0.8577891279455886,0.853056793629862,0.001192415045823164,-0.7996548742607882,-0.7394662468772634,0.6233852166075523,0.9841231756854657,0
-0.46546902347764374,0.9009088760241706,1.5251962127575889,-0.9629490639093763,-0.404365943111267,0.21058638994196582,-1.2008713165995828,1.4316811360790147,-1.3751150855229646,-0.34097028968400567,-0.7394662468772634,-2.3330776028938445,0.9841231756854657,0
-0.634918112038349,0.9009088760241706,-0.502969299721533,0.462534039280556,-0.911310674287764,0.9048055324001227,1.0161476236798326,-0.8828162337175963,0.3939435798422821,0.1177142948927768,-0.997471732522988,0.6829113136444932,0.9841231756854657,0
-0.2960199349169384,0.9009088760241706,-0.502969299721533,2.074525112964518,-0.404365943111267,-1.177851894974348,-1.042512820865339,-1.461440576166749,-0.6936750303632967,-1.487681751125962,-0.7394662468772634,0.801963507718375,-1.0161329645585022,0
-0.634918112038349,-1.1099901739376037,0.8491410419312149,2.0693610057374605,-0.404365943111267,0.21058638994196582,-0.2507203421941191,1.4316811360790147,0.04483143335654109,-1.143668312693375,-0.4814607612315388,0.5241750548793175,0.9841231756854657,0
-0.8043672005990544,-1.1099901739376037,1.5251962127575889,0.4866489987169983,-0.911310674287764,0.9048055324001227,1.0161476236798326,-0.8828162337175963,1.0787404825643134,0.003043148748581378,-0.7394662468772634,-0.15045404487267908,0.9841231756854657,0
-0.634918112038349,-1.1099901739376037,-0.502969299721533,0.2519742788574486,0.10257878806523006,0.9048055324001227,1.0161476236798326,-0.8828162337175963,0.5584291103980642,0.3470565871811683,-0.997471732522988,-1.7576586648700827,-1.0161329645585022,1
-0.2960199349169384,0.9009088760241706,-1.179024470547907,0.511016636182899,-0.404365943111267,0.9048055324001227,1.0161476236798326,-1.461440576166749,0.03476089066945202,0.003043148748581378,-0.4814607612315388,0.7424374106814341,0.9841231756854657,0
-0.634918112038349,-1.1099901739376037,-1.179024470547907,0.528340873577645,-0.911310674287764,0.9048055324001227,1.0161476236798326,-0.3041918912684436,0.2965950005337584,0.003043148748581378,-0.7394662468772634,1.1591200899400202,-1.0161329645585022,0
-0.634918112038349,-1.1099901739376037,-0.502969299721533,2.088153934178434,-0.404365943111267,-1.177851894974348,0.8577891279455886,-0.8828162337175963,0.3939435798422821,-0.7996548742607882,-0.7394662468772634,0.821805540064022,-1.0161329645585022,0
-0.634918112038349,0.9009088760241706,-0.502969299721533,2.0922915369108166,-0.06640278899360229,-1.177851894974348,-1.01084112171849,-1.461440576166749,-0.33784918875282943,-1.3730106049817663,-0.4814607612315388,1.2186461869769611,-1.0161329645585022,0
-0.46546902347764374,0.9009088760241706,0.8491410419312149,2.1120004232085767,-0.404365943111267,-1.177851894974348,2.2830155895537843,1.4316811360790147,0.03476089066945202,-0.34097028968400567,-0.4814607612315388,-0.8250831446246757,0.9841231756854657,0
-0.46546902347764374,0.9009088760241706,1.5251962127575889,2.136636531080777,-0.404365943111267,-1.177851894974348,-0.2507203421941191,0.853056793629862,1.5688402266692962,-1.143668312693375,-0.997471732522988,1.5162766721616654,-1.0161329645585022,0
-0.9738162891597597,-1.1099901739376037,-0.502969299721533,2.149870542873664,-0.911310674287764,-1.177851894974348,2.4413740852880284,1.4316811360790147,-0.005521280078902488,-0.2262991435398101,-0.4814607612315388,1.0599099282117854,0.9841231756854657,0
-0.9738162891597597,0.9009088760241706,-1.179024470547907,0.33278387115363406,-0.911310674287764,0.9048055324001227,1.0161476236798326,0.853056793629862,0.001192415045823164,0.23238544103697253,-0.7394662468772634,0.06780831092943747,-1.0161329645585022,1
-0.46546902347764374,-1.1099901739376037,0.8491410419312149,2.1671158183842043,-0.23538436605243465,-1.177851894974348,-0.5674373336626071,-0.3041918912684436,0.4745079213389917,-1.2583394588375707,-0.4814607612315388,-2.4322877646220795,-1.0161329645585022,0
-0.2960199349169384,0.9009088760241706,0.8491410419312149,0.10264156344749556,-0.23538436605243465,0.9048055324001227,1.0161476236798326,0.2744324511807092,0.001192415045823164,0.5763988794695595,-0.4814607612315388,-2.23386744116561,-1.0161329645585022,1
-0.634918112038349,0.9009088760241706,-0.502969299721533,0.5760180592610893,-0.404365943111267,0.9048055324001227,1.0161476236798326,0.2744324511807092,0.3301634761573873,0.003043148748581378,-0.7394662468772634,-2.69023418511549,0.9841231756854657,0
-0.46546902347764374,0.9009088760241706,1.5251962127575889,2.1662946147884643,-0.911310674287764,-1.177851894974348,0.7627740305050422,-0.3041918912684436,0.001192415045823164,-0.7996548742607882,-0.997471732522988,0.14717644031202531,0.9841231756854657,0
-0.2960199349169384,0.9009088760241706,1.5251962127575889,0.5933896737863588,-0.23538436605243465,0.9048055324001227,1.0161476236798326,1.4316811360790147,0.6020681287087821,0.003043148748581378,-0.7394662468772634,-0.011559818453150373,0.9841231756854657,0
-0.634918112038349,-1.1099901739376037,-1.179024470547907,1.4614650439909165,-0.911310674287764,-1.177851894974348,2.4413740852880284,0.2744324511807092,1.286865031430813,0.003043148748581378,-0.997471732522988,-1.6386064707962011,-1.0161329645585022,1
-0.2960199349169384,0.9009088760241706,-1.179024470547907,0.4210948424493677,0.2715603651240624,0.9048055324001227,1.0161476236798326,1.4316811360790147,2.3073466903891333,0.1177142948927768,-0.4814607612315388,0.7225953783357871,-1.0161329645585022,1
-0.634918112038349,0.9009088760241706,-0.502969299721533,1.938094769433788,-0.7423290972289317,-1.177851894974348,2.4413740852880284,0.853056793629862,1.8273174889712391,-0.2262991435398101,-0.7394662468772634,0.06780831092943747,-1.0161329645585022,1
-0.2960199349169384,0.9009088760241706,-0.502969299721533,2.160719905763537,0.10257878806523006,-1.177851894974348,0.018489100554095618,1.4316811360790147,0.954537122756886,-1.143668312693375,-0.4814607612315388,-0.7258729828964409,0.9841231756854657,0
-1.143265377720465,-1.1099901739376037,-1.179024470547907,2.1686318865609553,-0.7423290972289317,-1.177851894974348,-0.7257958293968509,-0.8828162337175963,-0.9857207682888686,-1.3730106049817663,-0.7394662468772634,-0.46792656240303043,0.9841231756854657,0
-0.8043672005990544,0.9009088760241706,0.8491410419312149,2.168916149344096,-0.5733475201700994,-1.177851894974348,-0.7257958293968509,1.4316811360790147,-0.5627579754311435,-1.3730106049817663,-0.4814607612315388,1.238488219322608,0.9841231756854657,0
-0.46546902347764374,-1.1099901739376037,-0.502969299721533,2.170290086129276,-0.911310674287764,-1.177851894974348,2.2830155895537843,-0.3041918912684436,0.6255660616453219,-0.34097028968400567,-0.997471732522988,0.6432272489531993,-1.0161329645585022,0
-0.8043672005990544,0.9009088760241706,-0.502969299721533,1.9535239216075955,-0.7423290972289317,-1.177851894974348,0.4618928886099787,-0.3041918912684436,-0.6936750303632967,-0.9143260204049839,-0.997471732522988,0.4448069254967297,-1.0161329645585022,1
-0.46546902347764374,0.9009088760241706,-1.179024470547907,2.1914044939658996,-0.404365943111267,-1.177851894974348,0.7786098800784667,0.2744324511807092,-0.7138161157374736,-0.7996548742607882,-0.997471732522988,0.7424374106814341,-1.0161329645585022,0
-0.2960199349169384,0.9009088760241706,0.8491410419312149,2.195778982350899,-0.5733475201700994,-1.177851894974348,2.2830155895537843,0.2744324511807092,0.001192415045823164,-0.34097028968400567,-0.4814607612315388,-1.5195542767223194,0.9841231756854657,0
-0.634918112038349,-1.1099901739376037,0.8491410419312149,0.6534322905364266,-0.5733475201700994,0.9048055324001227,1.0161476236798326,-0.3041918912684436,0.03811773823181484,-0.11162799739561437,-0.7394662468772634,-0.22982217425526694,-1.0161329645585022,0
-0.634918112038349,-1.1099901739376037,-0.502969299721533,2.262485982127934,-0.404365943111267,-1.177851894974348,0.06599664927436881,0.853056793629862,-1.371758237960602,-1.143668312693375,-0.7394662468772634,0.46464895784237664,0.9841231756854657,0
-0.46546902347764374,-1.1099901739376037,0.8491410419312149,2.2529315941390355,-0.7423290972289317,-1.177851894974348,0.38271364074285674,-0.8828162337175963,-1.7510820125076092,-1.0289971665491795,-0.7394662468772634,0.14717644031202531,-1.0161329645585022,0
-0.2960199349169384,0.9009088760241706,-1.179024470547907,2.259232752498656,-0.5733475201700994,-1.177851894974348,-0.5674373336626071,-0.3041918912684436,0.03811773823181484,-1.2583394588375707,-0.4814607612315388,0.46464895784237664,0.9841231756854657,0
-0.634918112038349,0.9009088760241706,-0.502969299721533,2.254589793707357,-0.911310674287764,-1.177851894974348,-1.042512820865339,0.2744324511807092,-1.0495008719737637,-1.487681751125962,-0.997471732522988,-1.3211339532658497,0.9841231756854657,0
-1.3127144662811705,0.9009088760241706,-1.179024470547907,2.3169380974762332,-0.911310674287764,-1.177851894974348,-1.2008713165995828,-0.8828162337175963,-0.811164695045998,-1.487681751125962,-0.4814607612315388,1.0797519605574324,0.9841231756854657,0
-0.634918112038349,-1.1099901739376037,-0.502969299721533,2.336678568527676,-0.7423290972289317,-1.177851894974348,-0.7257958293968509,-0.8828162337175963,-0.5661148229935064,-1.3730106049817663,-0.997471732522988,0.9606997664835506,0.9841231756854657,0
-0.46546902347764374,-1.1099901739376037,-1.179024470547907,2.3522182673393717,-0.404365943111267,-1.177851894974348,2.2830155895537843,-0.3041918912684436,-1.1804179269059165,-0.45564143582820127,-0.7394662468772634,0.782121475372728,-1.0161329645585022,0
-0.634918112038349,0.9009088760241706,-0.502969299721533,2.3535606193708696,-0.06640278899360229,0.21058638994196582,2.2830155895537843,0.853056793629862,1.5486991412951188,-0.45564143582820127,-0.7394662468772634,1.2186461869769611,0.9841231756854657,0
-0.634918112038349,0.9009088760241706,1.5251962127575889,2.3467856897060146,-0.5733475201700994,-1.177851894974348,-0.7257958293968509,0.853056793629862,-1.8752853723150364,-1.3730106049817663,-0.997471732522988,1.0003838311748445,0.9841231756854657,0
-0.2960199349169384,-1.1099901739376037,-0.502969299721533,2.3587721037284504,0.10257878806523006,0.21058638994196582,2.4413740852880284,0.853056793629862,-0.5896127559300467,-0.34097028968400567,-0.997471732522988,0.8416475724096689,0.9841231756854657,0
-0.634918112038349,-1.1099901739376037,0.8491410419312149,2.40952880289592,-0.5733475201700994,-1.177851894974348,0.06599664927436881,0.853056793629862,0.6893461653302174,-1.143668312693375,-0.4814607612315388,0.3654387961141419,0.9841231756854657,0
-0.634918112038349,0.9009088760241706,-1.179024470547907,2.4494677239271985,-0.5733475201700994,-1.177851894974348,-0.7257958293968509,0.2744324511807092,-0.707102420612748,-1.3730106049817663,-0.7394662468772634,1.3972244780877838,-1.0161329645585022,0
-0.8043672005990544,-1.1099901739376037,-1.179024470547907,2.4440825234243646,-0.911310674287764,-1.177851894974348,1.6495816066168083,-0.8828162337175963,-0.46205254856025635,-0.570312581972397,-0.7394662468772634,0.5241750548793175,0.9841231756854657,0
-0.46546902347764374,-1.1099901739376037,-1.179024470547907,2.4531473477311874,-0.404365943111267,-1.177851894974348,0.06599664927436881,-0.3041918912684436,-0.1397951825734185,-1.143668312693375,-0.997471732522988,0.782121475372728,-1.0161329645585022,0
-0.634918112038349,0.9009088760241706,-0.502969299721533,0.6133512381135775,-0.911310674287764,0.9048055324001227,1.0161476236798326,-1.461440576166749,1.7836784706605218,-0.11162799739561437,-0.997471732522988,0.5241750548793175,-1.0161329645585022,1
-0.2960199349169384,-1.1099901739376037,1.5251962127575889,2.5049147590164904,-0.7423290972289317,-1.177851894974348,0.38271364074285674,-1.461440576166749,-1.6839450612603513,-1.0289971665491795,-0.4814607612315388,0.10749237562073138,0.9841231756854657,0
-0.9738162891597597,0.9009088760241706,-0.502969299721533,2.50696776800584,-0.911310674287764,-1.177851894974348,2.3226052134873454,-1.461440576166749,1.0787404825643134,-0.45564143582820127,-0.7394662468772634,-0.15045404487267908,0.9841231756854657,0
-0.8043672005990544,0.9009088760241706,-0.502969299721533,-0.9702293496331483,-0.911310674287764,0.21058638994196582,-1.042512820865339,-1.461440576166749,1.2465828606824585,0.23238544103697253,-0.997471732522988,-0.07108591549009124,-1.0161329645585022,1
-0.46546902347764374,-1.1099901739376037,-0.502969299721533,2.525492226040514,-0.404365943111267,-1.177851894974348,0.8577891279455886,0.853056793629862,-0.34120603631519225,-0.9143260204049839,-0.997471732522988,0.7622794430270811,0.9841231756854657,0
-0.2960199349169384,-1.1099901739376037,0.8491410419312149,2.549559808346433,-0.7423290972289317,-1.177851894974348,0.38271364074285674,-0.3041918912684436,0.23617174441122635,-1.0289971665491795,-0.997471732522988,-1.2417658238832618,0.9841231756854657,0
-0.8043672005990544,0.9009088760241706,1.5251962127575889,2.5386156911955133,-0.5733475201700994,-1.177851894974348,1.8079401023510524,1.4316811360790147,0.5651428055227898,-0.570312581972397,-0.997471732522988,-0.6465048535138531,-1.0161329645585022,0
-0.2960199349169384,0.9009088760241706,-0.502969299721533,1.7833610611441602,-0.911310674287764,-1.177851894974348,3.2331665639592484,0.2744324511807092,2.206641263518246,0.23238544103697253,-0.7394662468772634,0.40512286080543575,-1.0161329645585022,1
-0.634918112038349,-1.1099901739376037,0.8491410419312149,0.8837167296341354,-0.06640278899360229,0.9048055324001227,1.0161476236798326,0.853056793629862,0.4308689030282738,-0.2262991435398101,-0.7394662468772634,-0.051243883144444294,-1.0161329645585022,0
-0.634918112038349,0.9009088760241706,-1.179024470547907,0.8942976221177087,-0.23538436605243465,0.9048055324001227,1.0161476236798326,1.4316811360790147,0.3301634761573873,-0.2262991435398101,-0.997471732522988,-0.40840046536608954,0.9841231756854657,0
-1.143265377720465,0.9009088760241706,1.5251962127575889,1.780376301921182,-0.911310674287764,-1.177851894974348,3.2331665639592484,0.2744324511807092,1.5486991412951188,0.23238544103697253,-0.997471732522988,-0.03140185079879733,-1.0161329645585022,1
-0.634918112038349,0.9009088760241706,0.8491410419312149,2.549765109245368,0.10257878806523006,-1.177851894974348,1.3328646151483206,1.4316811360790147,-0.34120603631519225,-0.7996548742607882,-0.7394662468772634,0.9011736694466097,0.9841231756854657,0
-0.46546902347764374,-1.1099901739376037,0.8491410419312149,2.54965456260748,-0.7423290972289317,-1.177851894974348,4.024959042630468,1.4316811360790147,2.0589399707742797,0.1177142948927768,-0.7394662468772634,-0.5076106270943244,0.9841231756854657,0
-0.46546902347764374,0.9009088760241706,-1.179024470547907,1.0041493954247764,-0.23538436605243465,0.9048055324001227,1.0161476236798326,-0.8828162337175963,0.001192415045823164,-0.34097028968400567,-0.997471732522988,-0.07108591549009124,0.9841231756854657,0
-0.634918112038349,-1.1099901739376037,0.8491410419312149,2.5383472207892135,-0.404365943111267,-1.177851894974348,-1.038553858471983,-1.461440576166749,-1.623521805137819,-1.487681751125962,-0.7394662468772634,-0.9838194033898514,0.9841231756854657,0
-0.46546902347764374,0.9009088760241706,0.8491410419312149,2.543337611871018,-0.5733475201700994,0.21058638994196582,2.2830155895537843,-0.3041918912684436,1.327147202179168,-0.45564143582820127,-0.7394662468772634,-0.8449251769703227,0.9841231756854657,0
-0.46546902347764374,-1.1099901739376037,1.5251962127575889,2.5425322006521194,-0.911310674287764,0.21058638994196582,2.2830155895537843,1.4316811360790147,0.3939435798422821,-0.45564143582820127,-0.4814607612315388,-2.03544711770914,0.9841231756854657,0
-0.46546902347764374,0.9009088760241706,1.5251962127575889,2.318975314088742,-0.5733475201700994,-1.177851894974348,2.4413740852880284,-0.3041918912684436,0.7497694214527494,-0.34097028968400567,-0.4814607612315388,-0.22982217425526694,-1.0161329645585022,1
-0.634918112038349,-1.1099901739376037,0.8491410419312149,1.0301120629516338,-0.23538436605243465,0.9048055324001227,1.0161476236798326,1.4316811360790147,0.3939435798422821,-0.34097028968400567,-0.4814607612315388,0.5241750548793175,-1.0161329645585022,0
-0.9738162891597597,-1.1099901739376037,0.8491410419312149,1.1219289419061036,-0.911310674287764,0.9048055324001227,1.0161476236798326,-1.461440576166749,-1.0427871768490378,-0.34097028968400567,-0.997471732522988,-1.5195542767223194,0.9841231756854657,0
-0.8043672005990544,0.9009088760241706,0.8491410419312149,2.547585761241289,-0.5733475201700994,-1.177851894974348,-0.7257958293968509,0.853056793629862,-1.2005590122800942,-1.3730106049817663,-0.4814607612315388,-0.9639773710442044,0.9841231756854657,0
-0.634918112038349,0.9009088760241706,0.8491410419312149,1.3180702622732374,-0.404365943111267,0.9048055324001227,1.0161476236798326,-0.8828162337175963,1.9078818304679495,-0.45564143582820127,-0.997471732522988,0.6829113136444932,0.9841231756854657,0
-0.2960199349169384,0.9009088760241706,-1.179024470547907,2.5406055306774986,-0.5733475201700994,-1.177851894974348,3.2331665639592484,0.853056793629862,0.23617174441122635,-0.2262991435398101,-0.4814607612315388,0.22654456969461315,0.9841231756854657,0
-0.634918112038349,-1.1099901739376037,1.5251962127575889,1.3121007438272811,-0.5733475201700994,0.9048055324001227,1.0161476236798326,1.4316811360790147,-0.12972463988633004,-0.45564143582820127,-0.997471732522988,-2.5513399586959613,0.9841231756854657,0
-0.46546902347764374,0.9009088760241706,-1.179024470547907,2.5654311470717928,-0.06640278899360229,-1.177851894974348,0.6994306322113446,-1.461440576166749,-1.1233515183457474,-0.9143260204049839,-0.4814607612315388,-0.44808453005738347,-1.0161329645585022,0
-0.2960199349169384,0.9009088760241706,1.5251962127575889,2.619188397839081,-0.404365943111267,-1.177851894974348,0.8973787518791496,0.2744324511807092,1.1223795008750308,-0.9143260204049839,-0.7394662468772634,0.9408577341379036,-1.0161329645585022,0
-0.634918112038349,0.9009088760241706,1.5251962127575889,2.635991486798069,-0.5733475201700994,-1.177851894974348,4.024959042630468,-0.8828162337175963,1.0015329886299666,0.003043148748581378,-0.997471732522988,1.0400678958661385,-1.0161329645585022,0
-0.634918112038349,-1.1099901739376037,0.8491410419312149,2.641503026315632,-0.911310674287764,-1.177851894974348,0.22435514500861276,0.2744324511807092,-0.005521280078902488,-1.143668312693375,-0.4814607612315388,1.0995939929030794,-1.0161329645585022,0
-0.634918112038349,0.9009088760241706,-1.179024470547907,2.6368600675243328,-0.23538436605243465,-1.177851894974348,0.06599664927436881,-1.461440576166749,-0.46205254856025635,-1.143668312693375,-0.4814607612315388,0.286070666731554,-1.0161329645585022,0
-0.8043672005990544,-1.1099901739376037,-0.502969299721533,1.407913094122563,-0.404365943111267,0.9048055324001227,1.0161476236798326,1.4316811360790147,1.0653130923148617,-0.570312581972397,-0.7394662468772634,0.8614896047553159,0.9841231756854657,0
-0.8043672005990544,0.9009088760241706,-0.502969299721533,1.4614808363677576,-0.7423290972289317,0.9048055324001227,1.0161476236798326,0.2744324511807092,-1.6705176710108995,-0.570312581972397,-0.997471732522988,0.4249648931510827,0.9841231756854657,0
-0.46546902347764374,-1.1099901739376037,-1.179024470547907,2.733335697646943,-0.06640278899360229,-1.177851894974348,-0.2507203421941191,-0.3041918912684436,-0.3680608168140954,-1.2583394588375707,-0.4814607612315388,0.4249648931510827,-1.0161329645585022,0
-0.46546902347764374,-1.1099901739376037,-0.502969299721533,1.991820435447394,-0.911310674287764,-1.177851894974348,-0.4882580857954851,0.2744324511807092,1.343931439990982,-1.2583394588375707,-0.997471732522988,-0.3488743683291487,-1.0161329645585022,1
-0.46546902347764374,0.9009088760241706,0.8491410419312149,2.9243602879175428,-0.5733475201700994,-1.177851894974348,2.4413740852880284,1.4316811360790147,-0.0860856215756121,-0.570312581972397,-0.997471732522988,1.4170665104334308,0.9841231756854657,0
-0.2960199349169384,-1.1099901739376037,-0.502969299721533,2.942016165225953,-0.404365943111267,-1.177851894974348,-0.09236184645987515,1.4316811360790147,0.0851136041048956,-1.2583394588375707,-0.7394662468772634,-2.3330776028938445,0.9841231756854657,0
-0.634918112038349,-1.1099901739376037,-0.502969299721533,-0.589538313500288,-0.7423290972289317,0.9048055324001227,1.4912231108825644,-1.461440576166749,0.11868207972852446,3.5578486792186466,-0.997471732522988,0.8813316371009629,-1.0161329645585022,1
-0.46546902347764374,-1.1099901739376037,-1.179024470547907,3.020820125663312,-0.5733475201700994,-1.177851894974348,1.8079401023510524,-0.3041918912684436,0.03476089066945202,-0.6849837281165926,-0.7394662468772634,0.286070666731554,-1.0161329645585022,0
-0.2960199349169384,-1.1099901739376037,-1.179024470547907,-0.6765227251413647,0.2715603651240624,0.9048055324001227,1.5030999980626327,-1.461440576166749,-1.1804179269059165,4.24587555608382,-0.7394662468772634,-0.8846092416616166,-1.0161329645585022,1
-0.2960199349169384,0.9009088760241706,-0.502969299721533,2.8432506404613753,-0.23538436605243465,-1.177851894974348,0.8577891279455886,-1.461440576166749,0.9981761410676039,-0.9143260204049839,-0.7394662468772634,-1.202081759191968,-1.0161329645585022,1
-1.143265377720465,0.9009088760241706,1.5251962127575889,0.4634184123836606,-0.911310674287764,0.9048055324001227,1.511017922849345,0.853056793629862,0.9780350556934264,0.4617277333253637,-0.4814607612315388,0.6829113136444932,0.9841231756854657,0
-0.9738162891597597,0.9009088760241706,-1.179024470547907,-0.3554794963375433,-0.911310674287764,0.9048055324001227,1.5228948100294133,-1.461440576166749,0.4308689030282738,2.1817949254882985,-0.4814607612315388,-0.20998014190961997,-1.0161329645585022,1
-0.8043672005990544,-1.1099901739376037,0.8491410419312149,-0.20267245802253636,-0.23538436605243465,0.9048055324001227,1.5228948100294133,-0.8828162337175963,1.4110683912382405,1.7231103409115156,-0.4814607612315388,0.3455967637684949,-1.0161329645585022,1
-0.9738162891597597,0.9009088760241706,1.5251962127575889,0.17522332740943974,-0.5733475201700994,0.9048055324001227,1.5228948100294133,1.4316811360790147,0.001192415045823164,0.8057411717579506,-0.997471732522988,-1.4600281796853785,0.9841231756854657,0
-0.46546902347764374,-1.1099901739376037,0.8491410419312149,0.2153043798322888,-0.7423290972289317,0.9048055324001227,1.5228948100294133,1.4316811360790147,0.001192415045823164,0.8057411717579506,-0.7394662468772634,0.305912699077201,-1.0161329645585022,0
-0.46546902347764374,-1.1099901739376037,-0.502969299721533,3.332798530160311,-0.06640278899360229,-1.177851894974348,1.0161476236798326,-0.8828162337175963,-1.328119219649884,-1.0289971665491795,-0.4814607612315388,0.10749237562073138,0.9841231756854657,0
-0.634918112038349,-1.1099901739376037,1.5251962127575889,3.3693420901707416,-0.7423290972289317,-1.177851894974348,0.38271364074285674,0.2744324511807092,-1.6705176710108995,-1.143668312693375,-0.7394662468772634,-1.0433455004267922,0.9841231756854657,0
-0.2960199349169384,0.9009088760241706,-0.502969299721533,2.571921813953507,-0.06640278899360229,-1.177851894974348,-0.2507203421941191,0.2744324511807092,1.995159867089384,-1.2583394588375707,-0.4814607612315388,0.4249648931510827,-1.0161329645585022,1
-1.143265377720465,0.9009088760241706,-1.179024470547907,3.492096235357032,-0.911310674287764,-1.177851894974348,-0.7257958293968509,0.853056793629862,-0.811164695045998,-1.3730106049817663,-0.7394662468772634,-0.03140185079879733,0.9841231756854657,0
-0.2960199349169384,0.9009088760241706,-1.179024470547907,3.4946861851589817,-0.404365943111267,-1.177851894974348,0.8577891279455886,-0.8828162337175963,-1.1804179269059165,-1.0289971665491795,-0.997471732522988,0.5837011519162584,-1.0161329645585022,0
-0.2960199349169384,-1.1099901739376037,-0.502969299721533,-1.020512277495383,-0.23538436605243465,0.21058638994196582,-1.121692068732461,-0.8828162337175963,-0.34120603631519225,0.23238544103697253,-0.7394662468772634,0.5837011519162584,-1.0161329645585022,1
-0.2960199349169384,0.9009088760241706,-0.502969299721533,3.4900590187445233,-0.23538436605243465,-1.177851894974348,-0.09236184645987515,-0.3041918912684436,-0.34120603631519225,-1.2583394588375707,-0.997471732522988,0.782121475372728,0.9841231756854657,0
-0.46546902347764374,-1.1099901739376037,-0.502969299721533,3.492917438952772,-0.404365943111267,-1.177851894974348,0.15705278432155909,-0.8828162337175963,-1.3482603050240614,-1.143668312693375,-0.997471732522988,-0.8052411122790287,-1.0161329645585022,0
-0.8043672005990544,0.9009088760241706,-1.179024470547907,3.4894273236708773,-0.911310674287764,-1.177851894974348,-0.12403354560672394,-0.8828162337175963,-0.33784918875282943,-1.2583394588375707,-0.997471732522988,-0.6266628211682062,0.9841231756854657,0
-0.634918112038349,0.9009088760241706,1.5251962127575889,3.2661389075137994,-0.23538436605243465,-1.177851894974348,-0.4090788379283631,-1.461440576166749,-1.1233515183457474,-1.3730106049817663,-0.997471732522988,-1.2417658238832618,-1.0161329645585022,1
-0.2960199349169384,-1.1099901739376037,-1.179024470547907,3.2609274231562186,-0.911310674287764,-1.177851894974348,2.4413740852880284,-0.8828162337175963,-0.5896127559300467,-0.570312581972397,-0.4814607612315388,0.5241750548793175,-1.0161329645585022,1
-0.46546902347764374,-1.1099901739376037,0.8491410419312149,3.550796500075602,-0.23538436605243465,-1.177851894974348,2.4413740852880284,-0.3041918912684436,2.0992221415226346,-0.6849837281165926,-0.4814607612315388,-0.9838194033898514,-1.0161329645585022,1
-0.634918112038349,0.9009088760241706,-1.179024470547907,1.1218183952682155,-0.911310674287764,0.9048055324001227,1.5228948100294133,-0.3041918912684436,-0.005521280078902488,-0.11162799739561437,-0.7394662468772634,-0.7060309505507939,0.9841231756854657,0
-0.8043672005990544,0.9009088760241706,0.8491410419312149,4.327639309268813,-0.7423290972289317,-1.177851894974348,0.8577891279455886,-0.8828162337175963,-0.707102420612748,-1.143668312693375,-0.4814607612315388,0.32575473142284794,-1.0161329645585022,0
-0.2960199349169384,0.9009088760241706,-0.502969299721533,3.392367375605144,-0.404365943111267,-1.177851894974348,0.38271364074285674,0.2744324511807092,1.7736079279734327,-1.143668312693375,-0.4814607612315388,1.278172284013902,-1.0161329645585022,1
-0.9738162891597597,-1.1099901739376037,-1.179024470547907,1.1534505260810473,-0.7423290972289317,0.9048055324001227,1.5228948100294133,-1.461440576166749,0.9343960373827085,-0.11162799739561437,-0.4814607612315388,0.821805540064022,0.9841231756854657,0
-0.634918112038349,0.9009088760241706,-1.179024470547907,4.443571147659725,-0.404365943111267,-1.177851894974348,4.024959042630468,-1.461440576166749,-0.34120603631519225,-0.45564143582820127,-0.7394662468772634,-1.162397694500674,0.9841231756854657,0
-0.8043672005990544,0.9009088760241706,-0.502969299721533,4.4415971005545805,-0.911310674287764,-1.177851894974348,0.06599664927436881,-0.8828162337175963,1.5587696839822078,-1.2583394588375707,-0.997471732522988,-1.7179746001787888,0.9841231756854657,0
-0.46546902347764374,0.9009088760241706,-1.179024470547907,-1.0206859936406356,-0.5733475201700994,0.21058638994196582,-0.804975077263973,-0.8828162337175963,0.7229146409538463,1.7231103409115156,-0.4814607612315388,0.5837011519162584,-1.0161329645585022,1
-0.8043672005990544,0.9009088760241706,1.5251962127575889,-0.30366470792171674,-0.404365943111267,0.9048055324001227,1.554566509176262,-0.8828162337175963,0.5651428055227898,2.0671237793441026,-0.997471732522988,0.7225953783357871,-1.0161329645585022,1
-0.2960199349169384,0.9009088760241706,-0.502969299721533,4.728844642918332,-0.7423290972289317,-1.177851894974348,0.38271364074285674,-1.461440576166749,0.8269769153870962,-1.2583394588375707,-0.7394662468772634,-0.17029607721832604,-1.0161329645585022,0
-0.634918112038349,-1.1099901739376037,1.5251962127575889,5.0083697130067595,-0.911310674287764,-1.177851894974348,-0.963333572998217,0.853056793629862,-0.21700267650776528,-1.487681751125962,-0.4814607612315388,1.6154868338899002,0.9841231756854657,0
-1.143265377720465,-1.1099901739376037,-1.179024470547907,-0.1907176287537827,-0.911310674287764,0.9048055324001227,1.554566509176262,1.4316811360790147,0.8336906105118219,1.7231103409115156,-0.997471732522988,-1.5393963090679663,-1.0161329645585022,1
-0.46546902347764374,0.9009088760241706,-1.179024470547907,5.669533361838516,-0.5733475201700994,-1.177851894974348,4.024959042630468,1.4316811360790147,-0.11965409719924096,-0.6849837281165926,-0.997471732522988,0.008282213892496587,0.9841231756854657,0
-0.46546902347764374,-1.1099901739376037,1.5251962127575889,5.767130250716848,-0.7423290972289317,-1.177851894974348,0.8577891279455886,-1.461440576166749,0.665848232393677,-1.2583394588375707,-0.997471732522988,0.40512286080543575,0.9841231756854657,0
-0.634918112038349,0.9009088760241706,0.8491410419312149,5.856341387492528,-0.911310674287764,-1.177851894974348,1.6495816066168083,-1.461440576166749,0.1354663175403392,-1.143668312693375,-0.7394662468772634,-0.7457150152420878,0.9841231756854657,0
-0.8043672005990544,-1.1099901739376037,1.5251962127575889,0.0776580232847898,-0.911310674287764,0.9048055324001227,1.5585254715696182,0.853056793629862,0.03476089066945202,1.035083464046342,-0.7394662468772634,1.774223092655076,0.9841231756854657,0
-0.634918112038349,0.9009088760241706,-1.179024470547907,6.809853516407729,-0.5733475201700994,-1.177851894974348,0.06599664927436881,-0.8828162337175963,-1.0495008719737637,-1.3730106049817663,-0.997471732522988,0.9011736694466097,-1.0161329645585022,0
-0.634918112038349,0.9009088760241706,0.8491410419312149,0.45781211860505094,-0.911310674287764,0.9048055324001227,1.5704023587496865,-0.3041918912684436,-0.41841353024953903,0.4617277333253637,-0.997471732522988,-0.30919030363785477,0.9841231756854657,0
-1.143265377720465,-1.1099901739376037,-0.502969299721533,-1.0494912889989008,-0.911310674287764,0.21058638994196582,-1.359229812333827,1.4316811360790147,-0.21700267650776528,-0.7996548742607882,-0.4814607612315388,-0.22982217425526694,0.9841231756854657,0
-0.46546902347764374,0.9009088760241706,-0.502969299721533,7.283782745410764,-0.404365943111267,-1.177851894974348,4.024959042630468,-1.461440576166749,0.03476089066945202,-0.9143260204049839,-0.4814607612315388,-1.9957630530178463,0.9841231756854657,0
-0.2960199349169384,-1.1099901739376037,-1.179024470547907,7.853176892418574,-0.911310674287764,-1.177851894974348,2.4413740852880284,-0.8828162337175963,1.1324500435621199,-1.143668312693375,-0.7394662468772634,-1.0631875327724392,0.9841231756854657,0
-0.9738162891597597,0.9009088760241706,-0.502969299721533,0.9886728661204455,-0.911310674287764,0.9048055324001227,1.5783202835363985,0.853056793629862,1.5486991412951188,0.003043148748581378,-0.4814607612315388,-0.4877685947486774,-1.0161329645585022,1
-0.8043672005990544,0.9009088760241706,-0.502969299721533,-0.3974240492276485,-0.5733475201700994,0.9048055324001227,1.5862382083231108,-0.8828162337175963,-0.3680608168140954,2.525808363920885,-0.997471732522988,0.028124246238143545,-1.0161329645585022,1
-0.634918112038349,-1.1099901739376037,-1.179024470547907,-0.2392949799171727,-0.911310674287764,0.9048055324001227,1.5862382083231108,0.2744324511807092,1.6997572816014495,1.8377814870557112,-0.7394662468772634,0.9408577341379036,-1.0161329645585022,1
-0.9738162891597597,-1.1099901739376037,1.5251962127575889,0.17443370856738202,-0.911310674287764,0.9048055324001227,1.5862382083231108,-0.8828162337175963,0.4745079213389917,0.9204123179021463,-0.7394662468772634,0.5440170872249644,-1.0161329645585022,0
-0.634918112038349,0.9009088760241706,0.8491410419312149,-0.38624304642411145,-0.911310674287764,0.9048055324001227,1.594156133109823,-1.461440576166749,1.4647779522360462,2.411137217776689,-0.997471732522988,-2.3926036999307856,-1.0161329645585022,1
-0.8043672005990544,0.9009088760241706,0.8491410419312149,-0.6790495054359493,-0.5733475201700994,0.9048055324001227,1.6099919826832474,1.4316811360790147,0.04483143335654109,4.589888994516407,-0.4814607612315388,-0.2893482712922078,-1.0161329645585022,1
-0.8043672005990544,-1.1099901739376037,0.8491410419312149,-0.5243631742768451,-0.5733475201700994,0.9048055324001227,1.6099919826832474,0.853056793629862,-1.173704231781191,3.213835240786059,-0.4814607612315388,-1.7179746001787888,-1.0161329645585022,1
-1.143265377720465,-1.1099901739376037,-0.502969299721533,-1.0654573819853075,-0.911310674287764,0.21058638994196582,-1.327558113186978,1.4316811360790147,-0.005521280078902488,-0.45564143582820127,-0.4814607612315388,-0.17029607721832604,0.9841231756854657,0
-1.143265377720465,-1.1099901739376037,0.8491410419312149,-1.073195646637473,-0.911310674287764,0.9048055324001227,-1.2008713165995828,-0.3041918912684436,1.6729025011025462,0.3470565871811683,-0.7394662468772634,0.8416475724096689,-1.0161329645585022,1
-0.46546902347764374,-1.1099901739376037,0.8491410419312149,-1.0665470559873471,-0.7423290972289317,0.9048055324001227,-1.1850354670261585,0.2744324511807092,1.6729025011025462,0.3470565871811683,-0.997471732522988,-0.24966420660091387,-1.0161329645585022,1
-0.634918112038349,-1.1099901739376037,1.5251962127575889,-1.0657574371452894,-0.404365943111267,0.9048055324001227,-1.359229812333827,0.853056793629862,-0.8447331706696268,-0.6849837281165926,-0.4814607612315388,-0.9242933063529105,-1.0161329645585022,1
-0.46546902347764374,-1.1099901739376037,1.5251962127575889,-1.0682210479325094,-0.911310674287764,0.9048055324001227,-1.327558113186978,0.2744324511807092,1.417782086362966,-0.45564143582820127,-0.997471732522988,1.0599099282117854,0.9841231756854657,0
-0.2960199349169384,0.9009088760241706,1.5251962127575889,-1.0684421412082856,-0.5733475201700994,0.9048055324001227,-1.0504307456520512,1.4316811360790147,2.17642963545698,1.1497546101905376,-0.997471732522988,-0.38855843302044263,-1.0161329645585022,1
-0.9738162891597597,0.9009088760241706,0.8491410419312149,-1.0603090671350912,-0.911310674287764,0.9048055324001227,-1.2800505644667048,1.4316811360790147,-1.2475548781531747,-0.2262991435398101,-0.997471732522988,-2.571181991041608,-1.0161329645585022,1
-1.143265377720465,0.9009088760241706,-0.502969299721533,-1.0682210479325094,-0.911310674287764,0.9048055324001227,-1.1414868806992413,0.2744324511807092,-0.33784918875282943,0.5763988794695595,-0.7394662468772634,1.1194360252487263,-1.0161329645585022,1
-0.9738162891597597,0.9009088760241706,1.5251962127575889,-1.0708267901112998,-0.911310674287764,0.9048055324001227,-1.327558113186978,-0.8828162337175963,-0.21364582894540246,-0.45564143582820127,-0.997471732522988,0.7622794430270811,-1.0161329645585022,0
-0.634918112038349,-1.1099901739376037,0.8491410419312149,-1.0626937160381056,-0.7423290972289317,0.21058638994196582,-1.01084112171849,1.4316811360790147,-1.0495008719737637,1.2644257563347332,-0.997471732522988,-0.8052411122790287,-1.0161329645585022,1
-0.8043672005990544,0.9009088760241706,-1.179024470547907,-1.0596142025540805,-0.5733475201700994,0.9048055324001227,-0.8841543251310949,1.4316811360790147,-1.2979075915886182,1.952452633199907,-0.4814607612315388,-1.5592383414136133,-1.0161329645585022,1
-0.8043672005990544,0.9009088760241706,-0.502969299721533,-1.0642571613453797,-0.7423290972289317,0.9048055324001227,-1.1850354670261585,-1.461440576166749,-0.12972463988633004,0.3470565871811683,-0.7394662468772634,-0.2893482712922078,-1.0161329645585022,1
-0.46546902347764374,-1.1099901739376037,-0.502969299721533,-0.35596906001961903,-0.7423290972289317,0.9048055324001227,1.6099919826832474,-0.3041918912684436,1.575553921794022,2.2964660716324943,-0.4814607612315388,0.286070666731554,-1.0161329645585022,1
-0.8043672005990544,-1.1099901739376037,-0.502969299721533,-1.0758013888162634,-0.404365943111267,0.9048055324001227,-1.240460940533144,0.853056793629862,-1.173704231781191,0.1177142948927768,-0.7394662468772634,0.5837011519162584,-1.0161329645585022,1
-1.143265377720465,-1.1099901739376037,-1.179024470547907,-1.0741431892479423,-0.911310674287764,0.9048055324001227,-1.042512820865339,-0.3041918912684436,1.417782086362966,1.2644257563347332,-0.4814607612315388,-1.5195542767223194,-1.0161329645585022,1
-0.8043672005990544,-1.1099901739376037,0.8491410419312149,-1.0790546184455412,-0.911310674287764,0.21058638994196582,-1.2008713165995828,-0.3041918912684436,0.7866947446387411,0.3470565871811683,-0.997471732522988,-2.3132355705481977,-1.0161329645585022,1
-0.8043672005990544,-1.1099901739376037,1.5251962127575889,-1.0844556113252157,-0.911310674287764,0.21058638994196582,-1.2958864140401292,-0.8828162337175963,0.001192415045823164,-0.2262991435398101,-0.997471732522988,0.3654387961141419,-1.0161329645585022,1
-0.8043672005990544,-1.1099901739376037,-1.179024470547907,-1.0808233646517504,-0.5733475201700994,0.9048055324001227,-1.2008713165995828,-0.8828162337175963,-0.11965409719924096,0.3470565871811683,-0.997471732522988,0.782121475372728,-1.0161329645585022,1
-0.634918112038349,0.9009088760241706,1.5251962127575889,-1.084281895179963,-0.404365943111267,0.9048055324001227,-1.2800505644667048,-0.8828162337175963,1.0015329886299666,-0.11162799739561437,-0.997471732522988,-2.3330776028938445,-1.0161329645585022,1
-0.2960199349169384,0.9009088760241706,-1.179024470547907,-1.0842976875568042,0.4405419421828948,0.9048055324001227,-0.963333572998217,-0.8828162337175963,-1.2475548781531747,1.952452633199907,-0.7394662468772634,0.5638591195706114,-1.0161329645585022,1
-0.9738162891597597,-1.1099901739376037,0.8491410419312149,-1.0889406463481035,-0.911310674287764,0.9048055324001227,-1.1375279183058853,0.2744324511807092,-0.3680608168140954,0.9204123179021463,-0.997471732522988,-1.0433455004267922,-1.0161329645585022,1
-1.143265377720465,-1.1099901739376037,-0.502969299721533,-1.0925571006447279,-0.911310674287764,0.9048055324001227,-1.327558113186978,0.2744324511807092,1.417782086362966,-0.34097028968400567,-0.997471732522988,0.46464895784237664,0.9841231756854657,0
-0.8043672005990544,0.9009088760241706,-1.179024470547907,-1.0927466091668216,-0.404365943111267,0.9048055324001227,-1.359229812333827,0.2744324511807092,-0.33784918875282943,-0.570312581972397,-0.4814607612315388,-0.4877685947486774,0.9841231756854657,0
-1.143265377720465,-1.1099901739376037,0.8491410419312149,-1.0936309822699264,-0.911310674287764,0.9048055324001227,-1.042512820865339,0.2744324511807092,-1.0495008719737637,1.6084391947673204,-0.997471732522988,-0.6266628211682062,-1.0161329645585022,1
-0.9738162891597597,0.9009088760241706,-0.502969299721533,-1.0906620154237894,-0.911310674287764,0.9048055324001227,-1.1850354670261585,0.2744324511807092,-1.173704231781191,0.5763988794695595,-0.997471732522988,0.286070666731554,-1.0161329645585022,1
-1.143265377720465,-1.1099901739376037,-0.502969299721533,-1.0944679782425075,-0.911310674287764,0.9048055324001227,-1.0741845200121878,-1.461440576166749,-1.2106295549671826,1.379096902478929,-0.997471732522988,-0.11076998018138517,-1.0161329645585022,1
-0.8043672005990544,0.9009088760241706,-0.502969299721533,-1.0921307064700168,-0.7423290972289317,0.9048055324001227,-1.002923196931778,-0.8828162337175963,0.001192415045823164,1.8377814870557112,-0.4814607612315388,1.2186461869769611,-1.0161329645585022,1
-0.9738162891597597,-1.1099901739376037,0.8491410419312149,-1.0922254607310637,-0.7423290972289317,0.9048055324001227,-0.6624524311031534,1.4316811360790147,-1.0931398902844813,4.131204409939624,-0.4814607612315388,0.9011736694466097,-1.0161329645585022,1
-0.2960199349169384,-1.1099901739376037,-0.502969299721533,-1.1014955859368212,-0.5733475201700994,-1.177851894974348,-1.4384090602009487,-0.3041918912684436,-0.0995130118250634,-1.0289971665491795,-0.7394662468772634,-1.7576586648700827,0.9841231756854657,0
-0.634918112038349,-1.1099901739376037,-1.179024470547907,-1.0926518549057749,0.10257878806523006,0.9048055324001227,-1.359229812333827,-0.8828162337175963,0.11868207972852446,-0.570312581972397,-0.4814607612315388,-0.051243883144444294,-1.0161329645585022,0
-0.634918112038349,0.9009088760241706,-0.502969299721533,-1.107212426353319,-0.911310674287764,0.9048055324001227,-1.327558113186978,-0.3041918912684436,0.830333762949459,-0.2262991435398101,-0.4814607612315388,-0.4282424977117365,-1.0161329645585022,1
-1.143265377720465,-1.1099901739376037,-0.502969299721533,-1.1095654905026509,-0.7423290972289317,0.9048055324001227,-1.121692068732461,1.4316811360790147,0.7061304031420315,1.379096902478929,-0.7394662468772634,-1.5195542767223194,-1.0161329645585022,1
-0.634918112038349,0.9009088760241706,-0.502969299721533,-1.108270515601676,-0.911310674287764,0.9048055324001227,-1.359229812333827,0.2744324511807092,0.001192415045823164,-0.45564143582820127,-0.997471732522988,1.0202258635204915,-1.0161329645585022,0
-0.634918112038349,-1.1099901739376037,0.8491410419312149,-1.1314063476739669,-0.06640278899360229,0.9048055324001227,-1.3513118875471146,0.853056793629862,0.001192415045823164,-0.11162799739561437,-0.997471732522988,0.6432272489531993,-1.0161329645585022,1
-1.143265377720465,-1.1099901739376037,-1.179024470547907,-1.1326855301981005,-0.911310674287764,0.21058638994196582,-1.2642147148932805,0.853056793629862,1.2096575374964662,0.6910700256137552,-0.7394662468772634,-2.7299182498067838,-1.0161329645585022,1
-0.2960199349169384,-1.1099901739376037,0.8491410419312149,-1.135622912290555,0.2715603651240624,0.9048055324001227,-1.359229812333827,-0.8828162337175963,-0.46205254856025635,-0.2262991435398101,-0.7394662468772634,-0.686188918205147,-1.0161329645585022,1
-0.46546902347764374,-1.1099901739376037,0.8491410419312149,-1.135622912290555,-0.911310674287764,0.9048055324001227,-1.359229812333827,1.4316811360790147,-0.45869570099789353,-0.2262991435398101,-0.4814607612315388,-0.051243883144444294,-1.0161329645585022,1
-0.9738162891597597,-1.1099901739376037,-0.502969299721533,-1.135622912290555,-0.911310674287764,0.9048055324001227,-1.2325430157464317,0.853056793629862,1.286865031430813,0.9204123179021463,-0.997471732522988,0.20670253734896618,-1.0161329645585022,1
-0.9738162891597597,-1.1099901739376037,-0.502969299721533,-1.135622912290555,-0.911310674287764,0.9048055324001227,-1.327558113186978,0.2744324511807092,1.092167872813765,0.1177142948927768,-0.997471732522988,1.0797519605574324,-1.0161329645585022,1
-0.634918112038349,-1.1099901739376037,-0.502969299721533,-1.135622912290555,-0.7423290972289317,0.9048055324001227,-1.1375279183058853,1.4316811360790147,1.676259348664909,1.8377814870557112,-0.4814607612315388,-0.7060309505507939,-1.0161329645585022,1
-1.143265377720465,-1.1099901739376037,0.8491410419312149,-1.135622912290555,-0.911310674287764,0.9048055324001227,-1.0821024447988998,0.853056793629862,1.995159867089384,2.2964660716324943,-0.7394662468772634,0.782121475372728,-1.0161329645585022,1
-1.143265377720465,0.9009088760241706,-1.179024470547907,-1.135622912290555,-0.911310674287764,0.9048055324001227,-1.2958864140401292,-0.8828162337175963,0.2865244578466693,0.4617277333253637,-0.4814607612315388,-0.5076106270943244,-1.0161329645585022,1
-0.634918112038349,-1.1099901739376037,1.5251962127575889,-0.8324092769403967,-0.06640278899360229,0.9048055324001227,-0.47242223622206064,-1.461440576166749,0.561785957960427,1.1497546101905376,-0.4814607612315388,0.4249648931510827,-1.0161329645585022,1
-0.8043672005990544,-1.1099901739376037,0.8491410419312149,-0.8358520150917682,-0.911310674287764,0.21058638994196582,-0.8208109268373974,1.4316811360790147,0.5114332445249834,0.23238544103697253,-0.7394662468772634,0.5638591195706114,-1.0161329645585022,0
-0.2960199349169384,0.9009088760241706,-1.179024470547907,-0.18400586859629223,-0.5733475201700994,-1.177851894974348,1.0161476236798326,0.2744324511807092,0.001192415045823164,1.035083464046342,-0.997471732522988,-3.4045473495587806,-1.0161329645585022,1
-0.634918112038349,0.9009088760241706,-1.179024470547907,-0.20311464457408868,-0.5733475201700994,-1.177851894974348,-1.2325430157464317,0.2744324511807092,-1.1804179269059165,-1.2583394588375707,-0.7394662468772634,-0.8647672093159696,0.9841231756854657,0
-0.2960199349169384,0.9009088760241706,-0.502969299721533,1.4070287210194583,-0.404365943111267,-1.177851894974348,0.7627740305050422,-0.8828162337175963,0.001192415045823164,-0.570312581972397,-0.4814607612315388,-0.32903233598350173,-1.0161329645585022,0
-0.8043672005990544,0.9009088760241706,0.8491410419312149,1.4284589763929045,-0.5733475201700994,-1.177851894974348,0.8577891279455886,1.4316811360790147,0.001192415045823164,-0.570312581972397,-0.7394662468772634,-0.011559818453150373,0.9841231756854657,0
-1.143265377720465,-1.1099901739376037,0.8491410419312149,-0.6739011905857331,-0.911310674287764,0.9048055324001227,0.38271364074285674,-0.8828162337175963,-1.7510820125076092,2.0671237793441026,-0.997471732522988,-0.7655570475877348,-1.0161329645585022,1
-0.9738162891597597,0.9009088760241706,-1.179024470547907,0.17546021306205706,-0.911310674287764,0.9048055324001227,-0.2507203421941191,0.853056793629862,-1.6839450612603513,-0.570312581972397,-0.997471732522988,-1.4203441149940845,-1.0161329645585022,0
-0.46546902347764374,0.9009088760241706,-1.179024470547907,0.2722358983446493,-0.7423290972289317,-1.177851894974348,-0.8841543251310949,0.2744324511807092,-1.8752853723150364,-1.143668312693375,-0.7394662468772634,0.5638591195706114,0.9841231756854657,0
-0.2960199349169384,-1.1099901739376037,1.5251962127575889,-0.24854931274608896,-0.5733475201700994,-1.177851894974348,-1.0741845200121878,1.4316811360790147,-1.6705176710108995,-1.143668312693375,-0.7394662468772634,0.6432272489531993,-1.0161329645585022,0
-0.8043672005990544,-1.1099901739376037,0.8491410419312149,-0.4504232659065616,-0.5733475201700994,0.9048055324001227,-0.5674373336626071,1.4316811360790147,-0.34120603631519225,-0.2262991435398101,-0.4814607612315388,-1.162397694500674,-1.0161329645585022,0
-0.634918112038349,-1.1099901739376037,0.8491410419312149,0.08272737625080026,-0.404365943111267,0.9048055324001227,-1.121692068732461,-0.3041918912684436,0.5114332445249834,-1.2583394588375707,-0.4814607612315388,-2.134657279437375,0.9841231756854657,0
-0.8043672005990544,0.9009088760241706,0.8491410419312149,-0.5645547733375822,-0.404365943111267,0.9048055324001227,1.1349164954805155,-1.461440576166749,1.4345663241747801,2.7551506562092767,-0.4814607612315388,0.26622863438590705,-1.0161329645585022,1
-0.46546902347764374,0.9009088760241706,1.5251962127575889,-0.014585249844391208,-0.404365943111267,0.9048055324001227,-0.7574675285436998,0.853056793629862,0.8336906105118219,-0.9143260204049839,-0.4814607612315388,0.5043330225336705,0.9841231756854657,0
-0.2960199349169384,-1.1099901739376037,-1.179024470547907,-0.9547686127056585,-0.5733475201700994,0.9048055324001227,-0.646616581529729,-0.3041918912684436,-1.0495008719737637,1.6084391947673204,-0.7394662468772634,-0.5671367241312653,-1.0161329645585022,1
-0.9738162891597597,0.9009088760241706,0.8491410419312149,0.12110285197480469,-0.7423290972289317,0.21058638994196582,1.0161476236798326,-0.8828162337175963,-0.21364582894540246,0.4617277333253637,-0.997471732522988,-1.4997122443766724,0.9841231756854657,0
-0.634918112038349,0.9009088760241706,-0.502969299721533,1.2188625509571074,-0.7423290972289317,0.9048055324001227,2.2830155895537843,0.2744324511807092,0.16232109803924238,0.1177142948927768,-0.7394662468772634,-0.9044512740072636,0.9841231756854657,0
-0.9738162891597597,0.9009088760241706,0.8491410419312149,0.08673863996845341,-0.911310674287764,0.9048055324001227,-0.32198166527452887,-0.8828162337175963,-1.173704231781191,-0.570312581972397,-0.7394662468772634,0.7424374106814341,0.9841231756854657,0
-0.634918112038349,0.9009088760241706,-1.179024470547907,0.07892141343208213,-0.7423290972289317,-0.4836327525161911,-0.09236184645987515,0.853056793629862,-0.46205254856025635,-0.34097028968400567,-0.4814607612315388,-0.7655570475877348,-1.0161329645585022,0
-0.46546902347764374,0.9009088760241706,-0.502969299721533,-0.10821825213559377,-0.404365943111267,0.9048055324001227,-1.042512820865339,1.4316811360790147,0.8269769153870962,-1.143668312693375,-0.7394662468772634,0.5043330225336705,-1.0161329645585022,1
-0.8043672005990544,0.9009088760241706,-1.179024470547907,-0.2889935898362846,-0.5733475201700994,0.9048055324001227,-0.7257958293968509,-0.8828162337175963,-0.21028898138303903,-0.6849837281165926,-0.997471732522988,0.9606997664835506,0.9841231756854657,0
-0.8043672005990544,0.9009088760241706,-1.179024470547907,0.1691748470792777,-0.404365943111267,0.9048055324001227,1.3328646151483206,1.4316811360790147,0.5785701957722418,0.6910700256137552,-0.997471732522988,-0.6068207888225592,0.9841231756854657,0
-0.46546902347764374,0.9009088760241706,-0.502969299721533,0.36686382037684456,-0.06640278899360229,-1.177851894974348,-0.8841543251310949,0.2744324511807092,-1.0495008719737637,-1.143668312693375,-0.7394662468772634,0.6432272489531993,0.9841231756854657,0
-0.8043672005990544,-1.1099901739376037,1.5251962127575889,0.6177888960059418,-0.911310674287764,-1.177851894974348,-0.02901844816617757,0.853056793629862,-1.4724636648314886,-0.6849837281165926,-0.7394662468772634,-0.5076106270943244,-1.0161329645585022,0
-0.8043672005990544,0.9009088760241706,-1.179024470547907,0.45779632622820976,-0.404365943111267,-1.177851894974348,-0.2507203421941191,-0.8828162337175963,-0.21700267650776528,-0.7996548742607882,-0.7394662468772634,0.08765034327508442,0.9841231756854657,0
-0.9738162891597597,-1.1099901739376037,-0.502969299721533,-0.22937736726092792,-0.911310674287764,-1.177851894974348,-0.5674373336626071,1.4316811360790147,-0.707102420612748,-0.570312581972397,-0.997471732522988,-0.11076998018138517,-1.0161329645585022,0
-0.8043672005990544,0.9009088760241706,-1.179024470547907,0.3115431243022818,-0.911310674287764,-1.177851894974348,-0.09236184645987515,1.4316811360790147,-1.1804179269059165,-0.570312581972397,-0.7394662468772634,0.3455967637684949,-1.0161329645585022,0
-0.8043672005990544,-1.1099901739376037,-0.502969299721533,-0.6787494502759674,-0.404365943111267,0.9048055324001227,0.06599664927436881,-1.461440576166749,1.4446368668618692,1.4937680486231246,-0.4814607612315388,-0.7060309505507939,-1.0161329645585022,1
-0.634918112038349,0.9009088760241706,0.8491410419312149,-0.2624781891199869,-0.911310674287764,-1.177851894974348,-0.7257958293968509,0.2744324511807092,1.0787404825643134,-0.6849837281165926,-0.7394662468772634,-2.094973214746081,0.9841231756854657,0
-0.46546902347764374,0.9009088760241706,-0.502969299721533,-0.39830842233075314,-0.23538436605243465,0.9048055324001227,0.8577891279455886,-1.461440576166749,0.001192415045823164,1.4937680486231246,-0.997471732522988,-1.5989224061049072,-1.0161329645585022,1
-0.634918112038349,-1.1099901739376037,0.8491410419312149,-0.34066624686054076,-0.5733475201700994,-1.177851894974348,-0.8841543251310949,0.2744324511807092,-1.8752853723150364,-0.7996548742607882,-0.4814607612315388,0.3654387961141419,-1.0161329645585022,0
-0.9738162891597597,0.9009088760241706,-1.179024470547907,-0.6272978865274874,-0.911310674287764,0.9048055324001227,-0.5674373336626071,-1.461440576166749,0.954537122756886,0.1177142948927768,-0.7394662468772634,0.4249648931510827,-1.0161329645585022,0
-1.143265377720465,0.9009088760241706,-1.179024470547907,-0.5820843116312633,-0.911310674287764,-1.177851894974348,-1.2800505644667048,-0.8828162337175963,-0.46205254856025635,-1.2583394588375707,-0.997471732522988,0.9606997664835506,-1.0161329645585022,0
-0.8043672005990544,0.9009088760241706,-0.502969299721533,0.9904258199498136,-0.404365943111267,-1.177851894974348,0.38271364074285674,1.4316811360790147,0.7061304031420315,-0.6849837281165926,-0.997471732522988,0.3654387961141419,-1.0161329645585022,0
-0.2960199349169384,0.9009088760241706,-1.179024470547907,0.5545562191339608,-0.5733475201700994,0.9048055324001227,0.38271364074285674,1.4316811360790147,-0.11965409719924096,-0.45564143582820127,-0.7394662468772634,-1.3012919209202027,0.9841231756854657,0
-0.2960199349169384,0.9009088760241706,1.5251962127575889,-0.4534554022600632,-0.404365943111267,0.9048055324001227,-0.7574675285436998,-0.8828162337175963,1.0955247203761276,-0.570312581972397,-0.997471732522988,1.734539027963782,-1.0161329645585022,1
-0.9738162891597597,-1.1099901739376037,-1.179024470547907,-0.03454681417160997,-0.911310674287764,0.9048055324001227,0.5410721364771007,1.4316811360790147,1.0418151593783211,0.3470565871811683,-0.7394662468772634,-0.7258729828964409,0.9841231756854657,0
-0.634918112038349,0.9009088760241706,1.5251962127575889,-0.4667999606908384,-0.5733475201700994,0.9048055324001227,-0.8841543251310949,-1.461440576166749,0.001192415045823164,-0.6849837281165926,-0.7394662468772634,-0.5472946917856183,0.9841231756854657,0
-0.8043672005990544,-1.1099901739376037,-1.179024470547907,-0.16462862221219618,-0.7423290972289317,0.21058638994196582,-0.8524826259842462,-0.8828162337175963,-0.16664996307232172,-0.9143260204049839,-0.4814607612315388,0.5043330225336705,-1.0161329645585022,0
-0.9738162891597597,-1.1099901739376037,1.5251962127575889,0.458743868838679,-0.7423290972289317,-1.177851894974348,-0.013182598592753173,0.2744324511807092,0.001192415045823164,-0.570312581972397,-0.7394662468772634,0.5043330225336705,-1.0161329645585022,0
-0.46546902347764374,0.9009088760241706,-1.179024470547907,-0.6273294712811697,-0.911310674287764,0.9048055324001227,-0.3932429883549387,1.4316811360790147,1.223084927745918,0.4617277333253637,-0.7394662468772634,0.40512286080543575,-1.0161329645585022,1
-0.46546902347764374,0.9009088760241706,-1.179024470547907,2.8428400386635055,-0.7423290972289317,-1.177851894974348,2.4413740852880284,-0.3041918912684436,1.6997572816014495,-0.45564143582820127,-0.997471732522988,1.0599099282117854,-1.0161329645585022,0
-0.2960199349169384,0.9009088760241706,-0.502969299721533,-0.5303169003459601,-0.911310674287764,-1.177851894974348,-0.5199297849423339,-1.461440576166749,0.001192415045823164,0.003043148748581378,-0.997471732522988,-1.2616078562289088,-1.0161329645585022,0
-1.143265377720465,0.9009088760241706,-1.179024470547907,-0.9497624292470126,-0.911310674287764,0.9048055324001227,-1.2642147148932805,-1.461440576166749,0.5651428055227898,-0.6849837281165926,-0.7394662468772634,0.26622863438590705,0.9841231756854657,0
-0.634918112038349,-1.1099901739376037,-1.179024470547907,-0.3762780566373432,-0.7423290972289317,0.9048055324001227,-0.09236184645987515,-0.8828162337175963,-1.7510820125076092,0.23238544103697253,-0.4814607612315388,0.06780831092943747,-1.0161329645585022,0
-0.9738162891597597,-1.1099901739376037,0.8491410419312149,-0.1471148762953563,-0.911310674287764,0.9048055324001227,-0.8841543251310949,0.853056793629862,-0.33784918875282943,-0.9143260204049839,-0.4814607612315388,0.3654387961141419,0.9841231756854657,0
-0.9738162891597597,-1.1099901739376037,-1.179024470547907,2.355250403692873,-0.911310674287764,0.9048055324001227,0.4777287381834031,1.4316811360790147,-1.371758237960602,-0.9143260204049839,-0.7394662468772634,1.0400678958661385,-1.0161329645585022,0
-0.2960199349169384,-1.1099901739376037,1.5251962127575889,0.17467059421999934,0.10257878806523006,-1.177851894974348,0.4618928886099787,-0.8828162337175963,-1.6839450612603513,0.003043148748581378,-0.4814607612315388,-0.03140185079879733,-1.0161329645585022,0
-0.9738162891597597,0.9009088760241706,0.8491410419312149,-0.45732453458614597,-0.911310674287764,0.21058638994196582,0.38271364074285674,-0.8828162337175963,0.4745079213389917,1.1497546101905376,-0.4814607612315388,-0.24966420660091387,0.9841231756854657,0
-0.8043672005990544,-1.1099901739376037,1.5251962127575889,0.4624550773963502,-0.911310674287764,0.9048055324001227,0.38271364074285674,-0.8828162337175963,-0.707102420612748,-0.34097028968400567,-0.997471732522988,-0.44808453005738347,-1.0161329645585022,0
-0.2960199349169384,0.9009088760241706,1.5251962127575889,-0.26405742680410227,-0.911310674287764,0.9048055324001227,0.06599664927436881,0.2744324511807092,0.7464125738903866,0.23238544103697253,-0.4814607612315388,-0.20998014190961997,0.9841231756854657,0
-0.46546902347764374,-1.1099901739376037,1.5251962127575889,0.4317546968171467,-0.06640278899360229,0.9048055324001227,-0.3774071387815143,1.4316811360790147,0.8269769153870962,-0.7996548742607882,-0.997471732522988,0.5043330225336705,0.9841231756854657,0
-0.2960199349169384,-1.1099901739376037,-1.179024470547907,-0.6772333820992166,0.10257878806523006,0.21058638994196582,0.8577891279455886,-0.3041918912684436,0.7430557263280237,3.0991640946418633,-0.997471732522988,0.18686050500331922,-1.0161329645585022,0
-0.8043672005990544,0.9009088760241706,0.8491410419312149,-0.3908386280848873,-0.911310674287764,-1.177851894974348,0.06599664927436881,-0.8828162337175963,0.4040141225293712,0.4617277333253637,-0.4814607612315388,-1.4997122443766724,-1.0161329645585022,0
-0.634918112038349,0.9009088760241706,-1.179024470547907,-0.6767438184171408,-0.404365943111267,0.21058638994196582,0.06599664927436881,-0.3041918912684436,0.5382880250238866,1.4937680486231246,-0.997471732522988,-1.7378166325244357,0.9841231756854657,0
-0.46546902347764374,-1.1099901739376037,-0.502969299721533,-0.6392369234193999,0.2715603651240624,0.9048055324001227,-1.121692068732461,0.2744324511807092,1.8273174889712391,-0.9143260204049839,-0.7394662468772634,0.7225953783357871,-1.0161329645585022,1
-0.9738162891597597,0.9009088760241706,0.8491410419312149,-0.5658181634848746,-0.7423290972289317,-1.177851894974348,-1.2958864140401292,1.4316811360790147,1.286865031430813,-1.2583394588375707,-0.997471732522988,0.14717644031202531,0.9841231756854657,0
-0.8043672005990544,0.9009088760241706,-0.502969299721533,-0.3321067786126352,-0.911310674287764,-1.177851894974348,0.06599664927436881,-1.461440576166749,-0.11965409719924096,0.3470565871811683,-0.4814607612315388,-1.182239726846321,0.9841231756854657,0
-0.8043672005990544,-1.1099901739376037,-1.179024470547907,-0.789706689961916,-0.911310674287764,0.9048055324001227,-0.7257958293968509,-1.461440576166749,-1.4724636648314886,0.3470565871811683,-0.997471732522988,0.4249648931510827,0.9841231756854657,0
-0.634918112038349,0.9009088760241706,-0.502969299721533,-0.10711278575671299,-0.404365943111267,0.9048055324001227,0.06599664927436881,-0.8828162337175963,0.001192415045823164,0.003043148748581378,-0.997471732522988,-0.20998014190961997,-1.0161329645585022,0
-0.634918112038349,0.9009088760241706,-1.179024470547907,-1.0519548997861208,-0.911310674287764,0.9048055324001227,-1.042512820865339,0.853056793629862,-1.0427871768490378,1.035083464046342,-0.7394662468772634,-0.8846092416616166,-1.0161329645585022,1
-0.46546902347764374,0.9009088760241706,0.8491410419312149,-0.5828423457196387,-0.404365943111267,0.9048055324001227,-1.1375279183058853,1.4316811360790147,0.5114332445249834,-0.9143260204049839,-0.997471732522988,0.16701847265767225,0.9841231756854657,0
-0.8043672005990544,0.9009088760241706,-1.179024470547907,-0.5014168507266482,-0.911310674287764,0.9048055324001227,-0.5674373336626071,-1.461440576166749,1.6729025011025462,-0.2262991435398101,-0.7394662468772634,-0.8052411122790287,-1.0161329645585022,1
-0.8043672005990544,-1.1099901739376037,0.8491410419312149,0.649578950587185,-0.911310674287764,-1.177851894974348,0.8577891279455886,-0.8828162337175963,-1.0495008719737637,-0.2262991435398101,-0.4814607612315388,0.46464895784237664,0.9841231756854657,0
-0.9738162891597597,0.9009088760241706,-1.179024470547907,-0.7359494391946275,-0.911310674287764,0.9048055324001227,-0.052772222526314166,-0.8828162337175963,0.7061304031420315,1.6084391947673204,-0.7394662468772634,0.008282213892496587,-1.0161329645585022,1
-0.46546902347764374,0.9009088760241706,1.5251962127575889,-0.7500046545832546,-0.911310674287764,0.9048055324001227,-1.1533637678793096,1.4316811360790147,0.03476089066945202,-0.7996548742607882,-0.997471732522988,-1.4401861473397315,-1.0161329645585022,0
-0.9738162891597597,-1.1099901739376037,1.5251962127575889,0.18351432525104563,-0.911310674287764,0.9048055324001227,1.6495816066168083,0.2744324511807092,0.001192415045823164,0.9204123179021463,-0.997471732522988,0.6432272489531993,-1.0161329645585022,0
-0.634918112038349,-1.1099901739376037,-0.502969299721533,0.6875754092670017,-0.911310674287764,-1.177851894974348,0.38271364074285674,-0.8828162337175963,1.4312094766124175,-0.45564143582820127,-0.7394662468772634,-2.2537094735112566,0.9841231756854657,0
-0.46546902347764374,-1.1099901739376037,-1.179024470547907,-0.2993375966672405,-0.7423290972289317,0.9048055324001227,-0.8841543251310949,0.853056793629862,1.2096575374964662,-0.7996548742607882,-0.4814607612315388,-0.17029607721832604,-1.0161329645585022,0
-0.2960199349169384,0.9009088760241706,-1.179024470547907,0.5390007279454241,-0.23538436605243465,-1.177851894974348,-0.7257958293968509,0.2744324511807092,-1.1166378232210217,-1.143668312693375,-0.7394662468772634,0.06780831092943747,0.9841231756854657,0
-0.634918112038349,0.9009088760241706,-1.179024470547907,-0.4873932200917033,-0.911310674287764,0.9048055324001227,0.06599664927436881,-1.461440576166749,-1.0495008719737637,0.6910700256137552,-0.7394662468772634,0.6630692812988462,0.9841231756854657,0
-0.634918112038349,0.9009088760241706,0.8491410419312149,0.0784160573731652,0.10257878806523006,0.9048055324001227,-1.2800505644667048,1.4316811360790147,1.1458774338115711,-1.3730106049817663,-0.4814607612315388,0.6630692812988462,-1.0161329645585022,1
-0.9738162891597597,-1.1099901739376037,-1.179024470547907,-0.8370206509780136,-0.911310674287764,0.9048055324001227,-1.1375279183058853,-0.8828162337175963,1.7736079279734327,-0.570312581972397,-0.4814607612315388,0.8416475724096689,-1.0161329645585022,1
-0.2960199349169384,-1.1099901739376037,1.5251962127575889,-0.859903805020846,0.10257878806523006,-1.177851894974348,-0.7574675285436998,0.2744324511807092,-1.6839450612603513,0.5763988794695595,-0.7394662468772634,1.8535912220376638,-1.0161329645585022,0
-0.8043672005990544,0.9009088760241706,1.5251962127575889,-0.31753041478825,-0.911310674287764,-1.177851894974348,0.8577891279455886,0.2744324511807092,2.958575117487536,1.2644257563347332,-0.7394662468772634,0.6630692812988462,-1.0161329645585022,1
-0.634918112038349,0.9009088760241706,-1.179024470547907,1.182540084222453,-0.911310674287764,-1.177851894974348,0.38271364074285674,-0.8828162337175963,-1.6705176710108995,-0.6849837281165926,-0.997471732522988,-0.07108591549009124,0.9841231756854657,0
-0.46546902347764374,-1.1099901739376037,1.5251962127575889,-0.053118649336807176,-0.06640278899360229,0.9048055324001227,-0.8841543251310949,-0.3041918912684436,-0.21364582894540246,-1.0289971665491795,-0.7394662468772634,0.5837011519162584,0.9841231756854657,0
-1.143265377720465,-1.1099901739376037,-0.502969299721533,-0.4900305470241761,-0.911310674287764,0.9048055324001227,-0.7257958293968509,-0.8828162337175963,-1.7510820125076092,-0.45564143582820127,-0.997471732522988,1.6154868338899002,-1.0161329645585022,0
-0.9738162891597597,0.9009088760241706,0.8491410419312149,-0.40901565382905564,-0.911310674287764,0.9048055324001227,1.0161476236798326,1.4316811360790147,1.7937490133476108,1.8377814870557112,-0.4814607612315388,-1.202081759191968,-1.0161329645585022,1
-0.46546902347764374,0.9009088760241706,0.8491410419312149,0.3620313530634514,-0.7423290972289317,-1.177851894974348,0.0026532509806712224,-0.8828162337175963,0.954537122756886,-0.570312581972397,-0.997471732522988,1.1392780575943733,-1.0161329645585022,0
-0.634918112038349,0.9009088760241706,-0.502969299721533,-0.022591984902856327,-0.5733475201700994,0.9048055324001227,-0.7257958293968509,0.853056793629862,-1.0427871768490378,-0.9143260204049839,-0.7394662468772634,0.5043330225336705,-1.0161329645585022,0
-0.9738162891597597,-1.1099901739376037,0.8491410419312149,-0.10891311671660456,-0.7423290972289317,-1.177851894974348,-0.8920722499178072,-1.461440576166749,-0.11965409719924096,-1.0289971665491795,-0.4814607612315388,-2.610866055732902,0.9841231756854657,0
-0.2960199349169384,0.9009088760241706,1.5251962127575889,-0.013811423379174657,-0.06640278899360229,-1.177851894974348,0.21643722022190057,1.4316811360790147,-1.0495008719737637,0.003043148748581378,-0.997471732522988,0.5440170872249644,-1.0161329645585022,0
-0.2960199349169384,0.9009088760241706,-0.502969299721533,-0.5477043072480708,-0.404365943111267,0.9048055324001227,-0.5832731832360314,0.2744324511807092,-0.0995130118250634,-0.11162799739561437,-0.4814607612315388,-0.8250831446246757,-1.0161329645585022,0
-0.634918112038349,0.9009088760241706,-0.502969299721533,-0.22550823493484518,-0.7423290972289317,-1.177851894974348,-1.2800505644667048,0.853056793629862,1.1458774338115711,-1.3730106049817663,-0.4814607612315388,-0.051243883144444294,-1.0161329645585022,1
-0.8043672005990544,-1.1099901739376037,-1.179024470547907,-0.9414398466517244,-0.911310674287764,-1.177851894974348,-0.6307807319563046,-1.461440576166749,0.6154955189582334,1.6084391947673204,-0.997471732522988,0.18686050500331922,-1.0161329645585022,1
-0.8043672005990544,0.9009088760241706,-1.179024470547907,-0.5039910081517563,-0.404365943111267,0.9048055324001227,0.06599664927436881,0.2744324511807092,0.3301634761573873,0.8057411717579506,-0.997471732522988,1.258330251668255,-1.0161329645585022,1
-0.634918112038349,-1.1099901739376037,0.8491410419312149,-0.3908702128385696,-0.06640278899360229,0.9048055324001227,-0.2507203421941191,0.853056793629862,0.5785701957722418,0.1177142948927768,-0.997471732522988,-2.4124457322764323,0.9841231756854657,0
-0.8043672005990544,-1.1099901739376037,-1.179024470547907,0.23622927914681796,-0.5733475201700994,-1.177851894974348,-0.8524826259842462,-1.461440576166749,0.6893461653302174,-1.143668312693375,-0.7394662468772634,0.14717644031202531,-1.0161329645585022,0
-0.634918112038349,-1.1099901739376037,-0.502969299721533,0.6524689555491162,-0.911310674287764,-1.177851894974348,0.06599664927436881,0.2744324511807092,0.6255660616453219,-0.6849837281165926,-0.4814607612315388,0.4844909901880236,0.9841231756854657,0
-0.9738162891597597,0.9009088760241706,-0.502969299721533,-0.40712056860811713,-0.7423290972289317,0.9048055324001227,0.5094004373302519,1.4316811360790147,0.5785701957722418,1.1497546101905376,-0.4814607612315388,-3.2656531231392516,0.9841231756854657,0
-0.2960199349169384,-1.1099901739376037,0.8491410419312149,-0.20470967463504525,-0.23538436605243465,0.9048055324001227,-1.042512820865339,-0.8828162337175963,0.001192415045823164,-1.143668312693375,-0.997471732522988,-0.5274526594399713,-1.0161329645585022,0
-0.46546902347764374,0.9009088760241706,0.8491410419312149,1.1244399298238472,-0.5733475201700994,-1.177851894974348,0.38271364074285674,-0.8828162337175963,-0.3680608168140954,-0.6849837281165926,-0.7394662468772634,0.20670253734896618,-1.0161329645585022,0
-0.46546902347764374,-1.1099901739376037,0.8491410419312149,-0.5279796285734694,-0.23538436605243465,-1.177851894974348,-0.963333572998217,0.853056793629862,-1.6705176710108995,-0.6849837281165926,-0.7394662468772634,1.1194360252487263,0.9841231756854657,0
-0.8043672005990544,0.9009088760241706,-0.502969299721533,0.17061195337182275,-0.404365943111267,0.21058638994196582,-0.2507203421941191,1.4316811360790147,-1.623521805137819,-0.570312581972397,-0.997471732522988,1.0202258635204915,-1.0161329645585022,0
-0.9738162891597597,0.9009088760241706,1.5251962127575889,-0.705454359514359,-0.911310674287764,0.9048055324001227,-0.2507203421941191,0.2744324511807092,0.16232109803924238,1.035083464046342,-0.997471732522988,1.0995939929030794,-1.0161329645585022,0
-0.46546902347764374,-1.1099901739376037,-0.502969299721533,-0.24251662479276812,-0.911310674287764,-1.177851894974348,-0.5674373336626071,-0.8828162337175963,-1.4724636648314886,-0.570312581972397,-0.997471732522988,-1.5195542767223194,0.9841231756854657,0
-0.9738162891597597,0.9009088760241706,-0.502969299721533,-0.7565426985954924,-0.911310674287764,0.9048055324001227,-0.7574675285436998,1.4316811360790147,-0.005521280078902488,0.1177142948927768,-0.7394662468772634,1.258330251668255,-1.0161329645585022,0
-0.46546902347764374,0.9009088760241706,-0.502969299721533,0.08122710045089063,-0.5733475201700994,0.9048055324001227,-0.6307807319563046,0.2744324511807092,-1.0427871768490378,-0.7996548742607882,-0.7394662468772634,0.5638591195706114,-1.0161329645585022,0
-1.143265377720465,0.9009088760241706,0.8491410419312149,-0.5231629536369173,-0.911310674287764,0.21058638994196582,0.4143853398897055,1.4316811360790147,0.001192415045823164,1.379096902478929,-0.4814607612315388,0.10749237562073138,0.9841231756854657,0
-0.9738162891597597,-1.1099901739376037,1.5251962127575889,1.2139195370058262,-0.911310674287764,-1.177851894974348,2.3226052134873454,1.4316811360790147,0.3939435798422821,0.1177142948927768,-0.4814607612315388,0.26622863438590705,0.9841231756854657,0
-0.634918112038349,-1.1099901739376037,-0.502969299721533,-0.31318751115693266,-0.23538436605243465,-1.177851894974348,-0.7257958293968509,-0.3041918912684436,0.3939435798422821,-0.6849837281165926,-0.7394662468772634,-0.5671367241312653,-1.0161329645585022,1
-0.9738162891597597,-1.1099901739376037,-1.179024470547907,0.11533863442778344,-0.911310674287764,0.9048055324001227,0.8577891279455886,-0.8828162337175963,2.0757242085860943,0.3470565871811683,-0.4814607612315388,0.008282213892496587,0.9841231756854657,0
-0.2960199349169384,0.9009088760241706,-1.179024470547907,0.23370249885223332,-0.404365943111267,0.9048055324001227,1.3328646151483206,-1.461440576166749,0.8336906105118219,0.5763988794695595,-0.4814607612315388,-0.13061201252703214,0.9841231756854657,0
-0.46546902347764374,-1.1099901739376037,-1.179024470547907,-0.33657602125868186,-0.404365943111267,0.9048055324001227,-0.7574675285436998,0.853056793629862,0.001192415045823164,-0.6849837281165926,-0.4814607612315388,0.16701847265767225,0.9841231756854657,0
-1.143265377720465,0.9009088760241706,-1.179024470547907,-0.7202044394839968,-0.911310674287764,0.9048055324001227,-0.3298995900612411,-0.8828162337175963,-1.4254677989584081,0.9204123179021463,-0.4814607612315388,-0.46792656240303043,0.9841231756854657,0
-0.46546902347764374,0.9009088760241706,-1.179024470547907,0.931030690650233,-0.23538436605243465,-1.177851894974348,1.6495816066168083,0.853056793629862,-1.3751150855229646,0.003043148748581378,-0.4814607612315388,-0.09092794783573821,0.9841231756854657,0
-0.9738162891597597,-1.1099901739376037,-1.179024470547907,-0.17423038733161786,-0.911310674287764,0.9048055324001227,-0.013182598592753173,-0.8828162337175963,-0.707102420612748,0.003043148748581378,-0.997471732522988,-2.4521297969677263,0.9841231756854657,0
-1.143265377720465,0.9009088760241706,-1.179024470547907,-0.9068387489927558,-0.5733475201700994,0.9048055324001227,-0.804975077263973,0.853056793629862,-0.21028898138303903,0.6910700256137552,-0.7394662468772634,-0.26950623894656084,-1.0161329645585022,1
-0.9738162891597597,0.9009088760241706,-0.502969299721533,-0.2949631082822408,-0.911310674287764,0.9048055324001227,0.06599664927436881,0.853056793629862,-1.623521805137819,0.23238544103697253,-0.7394662468772634,0.4844909901880236,0.9841231756854657,0
-0.8043672005990544,0.9009088760241706,0.8491410419312149,-0.021470726147134387,-0.7423290972289317,-1.177851894974348,-0.4090788379283631,-1.461440576166749,-0.8447331706696268,-0.570312581972397,-0.4814607612315388,-0.9044512740072636,0.9841231756854657,0
-0.9738162891597597,-1.1099901739376037,-1.179024470547907,-0.6349256045417648,-0.5733475201700994,0.9048055324001227,0.8577891279455886,0.853056793629862,0.7430557263280237,2.7551506562092767,-0.997471732522988,-0.24966420660091387,-1.0161329645585022,1
-0.8043672005990544,0.9009088760241706,0.8491410419312149,-0.20316202170461214,-0.5733475201700994,-1.177851894974348,0.8577891279455886,-0.8828162337175963,-1.623521805137819,0.9204123179021463,-0.7394662468772634,0.22654456969461315,0.9841231756854657,0
-1.143265377720465,0.9009088760241706,-0.502969299721533,-0.17096136532549897,-0.911310674287764,0.9048055324001227,-1.042512820865339,1.4316811360790147,-1.8752853723150364,-1.143668312693375,-0.997471732522988,-1.6187644384505542,0.9841231756854657,0
-0.8043672005990544,-1.1099901739376037,-1.179024470547907,-0.7535579393725143,-0.7423290972289317,0.9048055324001227,-0.8841543251310949,-0.8828162337175963,0.001192415045823164,-0.2262991435398101,-0.4814607612315388,0.06780831092943747,-1.0161329645585022,0
-0.46546902347764374,-1.1099901739376037,0.8491410419312149,0.06383969354877998,-0.23538436605243465,0.9048055324001227,-0.2507203421941191,0.853056793629862,1.0015329886299666,-0.45564143582820127,-0.997471732522988,0.286070666731554,-1.0161329645585022,1
-0.46546902347764374,0.9009088760241706,0.8491410419312149,0.17999262521546827,-0.23538436605243465,-1.177851894974348,0.38271364074285674,1.4316811360790147,0.8336906105118219,-0.11162799739561437,-0.997471732522988,0.5043330225336705,-1.0161329645585022,0
-0.9738162891597597,-1.1099901739376037,-1.179024470547907,-0.12483183257248787,-0.404365943111267,-1.177851894974348,-0.7416316789702754,0.853056793629862,1.5486991412951188,-0.7996548742607882,-0.7394662468772634,-1.4997122443766724,-1.0161329645585022,1
-0.634918112038349,-1.1099901739376037,1.5251962127575889,-0.5466304256228723,-0.5733475201700994,0.9048055324001227,0.1451758971414908,-0.8828162337175963,0.001192415045823164,1.035083464046342,-0.4814607612315388,-0.7060309505507939,-1.0161329645585022,0
-0.9738162891597597,-1.1099901739376037,-0.502969299721533,0.08102179955195563,-0.911310674287764,-1.177851894974348,1.8079401023510524,-1.461440576166749,-0.7138161157374736,1.2644257563347332,-0.7394662468772634,-0.7655570475877348,0.9841231756854657,0
-0.9738162891597597,0.9009088760241706,-0.502969299721533,-0.22304462414762513,-0.911310674287764,0.9048055324001227,-0.23884345501405083,0.2744324511807092,0.6893461653302174,-0.2262991435398101,-0.7394662468772634,-1.7775006972157297,0.9841231756854657,0
-0.634918112038349,-1.1099901739376037,0.8491410419312149,0.25053717256490354,-0.404365943111267,0.9048055324001227,1.8079401023510524,-1.461440576166749,-1.0427871768490378,0.9204123179021463,-0.4814607612315388,-2.094973214746081,-1.0161329645585022,0
-0.46546902347764374,0.9009088760241706,0.8491410419312149,-0.7505100106421716,0.10257878806523006,0.9048055324001227,-0.2507203421941191,0.2744324511807092,0.6255660616453219,1.2644257563347332,-0.7394662468772634,-0.9838194033898514,-1.0161329645585022,1
-0.8043672005990544,-1.1099901739376037,-0.502969299721533,1.7873249477312898,-0.911310674287764,-1.177851894974348,0.38271364074285674,0.853056793629862,-1.8752853723150364,-0.9143260204049839,-0.4814607612315388,-1.678290535487495,0.9841231756854657,0
-0.9738162891597597,0.9009088760241706,-0.502969299721533,-0.2627782442799688,-0.911310674287764,-1.177851894974348,-0.5674373336626071,1.4316811360790147,-1.0427871768490378,-0.570312581972397,-0.997471732522988,-0.46792656240303043,0.9841231756854657,0
-0.9738162891597597,0.9009088760241706,-0.502969299721533,-0.9219362612528992,-0.404365943111267,0.9048055324001227,-0.963333572998217,1.4316811360790147,0.001192415045823164,0.23238544103697253,-0.4814607612315388,-0.190138109563973,-1.0161329645585022,1
-0.8043672005990544,0.9009088760241706,-1.179024470547907,-0.2978689056210132,-0.7423290972289317,-1.177851894974348,0.06599664927436881,-0.8828162337175963,-1.6705176710108995,0.23238544103697253,-0.4814607612315388,1.0995939929030794,0.9841231756854657,0
-0.634918112038349,0.9009088760241706,-0.502969299721533,-0.3939971034531181,-0.7423290972289317,0.9048055324001227,-0.2823920413409679,0.853056793629862,-1.173704231781191,0.003043148748581378,-0.997471732522988,-0.30919030363785477,-1.0161329645585022,0
-0.46546902347764374,-1.1099901739376037,0.8491410419312149,1.1872304201442758,0.10257878806523006,-1.177851894974348,0.8577891279455886,-0.3041918912684436,0.5114332445249834,-0.45564143582820127,-0.7394662468772634,-1.3211339532658497,0.9841231756854657,0
-0.634918112038349,-1.1099901739376037,1.5251962127575889,0.399601417568557,-0.911310674287764,-1.177851894974348,0.06599664927436881,-1.461440576166749,-0.21700267650776528,-0.45564143582820127,-0.997471732522988,0.3455967637684949,-1.0161329645585022,0
-0.9738162891597597,0.9009088760241706,-0.502969299721533,-0.9036486888708427,-0.911310674287764,0.9048055324001227,-0.4090788379283631,-0.8828162337175963,-0.11965409719924096,1.952452633199907,-0.7394662468772634,-0.8052411122790287,-1.0161329645585022,1
-0.634918112038349,0.9009088760241706,-0.502969299721533,-0.009705405400474595,-0.5733475201700994,0.9048055324001227,-0.4090788379283631,1.4316811360790147,0.27645391515958084,-0.570312581972397,-0.7394662468772634,-2.094973214746081,0.9841231756854657,0
-0.2960199349169384,0.9009088760241706,0.8491410419312149,0.7460072035792719,0.10257878806523006,0.9048055324001227,0.3985494903162811,-1.461440576166749,0.001192415045823164,-0.45564143582820127,-0.7394662468772634,-0.17029607721832604,0.9841231756854657,0
-0.8043672005990544,-1.1099901739376037,-1.179024470547907,0.5013201168024304,-0.5733475201700994,0.9048055324001227,3.2331665639592484,0.2744324511807092,1.417782086362966,1.4937680486231246,-0.997471732522988,-0.15045404487267908,-1.0161329645585022,1
-0.9738162891597597,0.9009088760241706,0.8491410419312149,-0.20456754324347484,-0.911310674287764,0.9048055324001227,-0.5674373336626071,-1.461440576166749,-0.707102420612748,-0.570312581972397,-0.4814607612315388,-1.3012919209202027,0.9841231756854657,0
-0.634918112038349,0.9009088760241706,0.8491410419312149,-0.5673500240384665,-0.911310674287764,0.9048055324001227,-0.5674373336626071,1.4316811360790147,1.327147202179168,0.003043148748581378,-0.7394662468772634,-2.610866055732902,0.9841231756854657,0
-0.2960199349169384,-1.1099901739376037,-0.502969299721533,-0.5006904013919551,0.10257878806523006,0.9048055324001227,-0.2507203421941191,-0.8828162337175963,-1.4724636648314886,0.3470565871811683,-0.997471732522988,0.9210157017922567,0.9841231756854657,0
-0.8043672005990544,-1.1099901739376037,0.8491410419312149,-0.10824983688927609,-0.911310674287764,-1.177851894974348,-0.3774071387815143,1.4316811360790147,0.001192415045823164,-0.45564143582820127,-0.4814607612315388,-1.2616078562289088,0.9841231756854657,0
-0.46546902347764374,0.9009088760241706,0.8491410419312149,-0.41743299068539075,-0.5733475201700994,0.9048055324001227,-0.2507203421941191,0.2744324511807092,0.6423502994571366,0.1177142948927768,-0.997471732522988,-1.4005020826484376,-1.0161329645585022,1
-0.46546902347764374,0.9009088760241706,-0.502969299721533,1.5998852270036321,-0.5733475201700994,-1.177851894974348,2.4413740852880284,-1.461440576166749,-0.25392799969375696,0.003043148748581378,-0.4814607612315388,-0.17029607721832604,-1.0161329645585022,0
-0.46546902347764374,-1.1099901739376037,0.8491410419312149,0.24142497112755767,0.2715603651240624,0.9048055324001227,-0.18737694390042153,0.2744324511807092,0.830333762949459,-0.570312581972397,-0.4814607612315388,-0.03140185079879733,-1.0161329645585022,0
-1.143265377720465,0.9009088760241706,0.8491410419312149,-0.9012008704604638,-0.911310674287764,0.9048055324001227,-1.1375279183058853,0.2744324511807092,1.2465828606824585,-0.34097028968400567,-0.7394662468772634,0.9408577341379036,-1.0161329645585022,0
-0.8043672005990544,-1.1099901739376037,1.5251962127575889,-0.678812619783332,-0.911310674287764,0.9048055324001227,-1.2879684892534171,-0.8828162337175963,1.5352717510456675,-1.143668312693375,-0.7394662468772634,-0.7457150152420878,-1.0161329645585022,1
-0.9738162891597597,0.9009088760241706,1.5251962127575889,-0.22176544162349165,-0.5733475201700994,0.9048055324001227,-0.7257958293968509,-0.8828162337175963,1.7937490133476108,-0.6849837281165926,-0.4814607612315388,-1.142555662155027,-1.0161329645585022,1
-0.46546902347764374,0.9009088760241706,-1.179024470547907,-0.7903857621660856,-0.911310674287764,0.9048055324001227,0.0026532509806712224,0.853056793629862,0.23617174441122635,2.0671237793441026,-0.7394662468772634,-0.686188918205147,-1.0161329645585022,1
-0.8043672005990544,-1.1099901739376037,-0.502969299721533,-0.7583904066859074,-0.23538436605243465,0.9048055324001227,0.06599664927436881,0.853056793629862,1.5352717510456675,1.952452633199907,-0.4814607612315388,1.2186461869769611,-1.0161329645585022,1
-0.8043672005990544,0.9009088760241706,1.5251962127575889,-0.5648232437438818,-0.404365943111267,0.9048055324001227,-0.4090788379283631,-0.8828162337175963,-1.0427871768490378,0.23238544103697253,-0.4814607612315388,-0.9838194033898514,0.9841231756854657,0
-0.9738162891597597,-1.1099901739376037,1.5251962127575889,1.1530557166600184,-0.911310674287764,0.9048055324001227,1.5228948100294133,-1.461440576166749,0.9343960373827085,-0.11162799739561437,-0.7394662468772634,0.2463866020402601,0.9841231756854657,0
-0.9738162891597597,0.9009088760241706,-0.502969299721533,-0.21694876668693966,-0.7423290972289317,0.9048055324001227,-0.6307807319563046,1.4316811360790147,-0.46205254856025635,-0.6849837281165926,-0.7394662468772634,0.8813316371009629,0.9841231756854657,0
-0.634918112038349,0.9009088760241706,-1.179024470547907,-0.4908517506199161,-0.911310674287764,0.21058638994196582,-1.042512820865339,0.853056793629862,-1.2207000976542715,-0.9143260204049839,-0.997471732522988,-1.0036614357354983,0.9841231756854657,0
-0.8043672005990544,-1.1099901739376037,-1.179024470547907,-0.14340366773768506,-0.5733475201700994,-1.177851894974348,0.5410721364771007,0.853056793629862,0.001192415045823164,0.4617277333253637,-0.7394662468772634,-0.7258729828964409,0.9841231756854657,0
-0.8043672005990544,0.9009088760241706,-1.179024470547907,0.2670717911175919,-0.911310674287764,0.21058638994196582,3.2331665639592484,0.853056793629862,-0.3680608168140954,1.952452633199907,-0.7394662468772634,-0.4282424977117365,0.9841231756854657,0
-0.8043672005990544,0.9009088760241706,-0.502969299721533,-0.8372101595001075,-0.7423290972289317,0.9048055324001227,-0.5674373336626071,-0.3041918912684436,1.1458774338115711,0.9204123179021463,-0.997471732522988,-0.011559818453150373,-1.0161329645585022,1
-0.634918112038349,0.9009088760241706,1.5251962127575889,-0.8093839915059939,-0.911310674287764,0.21058638994196582,-0.765385453330412,0.2744324511807092,0.11868207972852446,0.3470565871811683,-0.4814607612315388,-0.09092794783573821,0.9841231756854657,0
-0.2960199349169384,0.9009088760241706,-0.502969299721533,-0.33681290691129917,-0.911310674287764,0.9048055324001227,-0.84852366359089,-0.8828162337175963,-0.39491559731299863,-0.7996548742607882,-0.7394662468772634,1.1591200899400202,-1.0161329645585022,0
-0.8043672005990544,0.9009088760241706,0.8491410419312149,0.08217464306135987,-0.5733475201700994,-1.177851894974348,-1.042512820865339,1.4316811360790147,-1.5496711587658354,-1.143668312693375,-0.4814607612315388,-0.7258729828964409,0.9841231756854657,0
-0.2960199349169384,0.9009088760241706,-0.502969299721533,-0.8657469844520729,0.10257878806523006,-1.177851894974348,-1.2800505644667048,-1.461440576166749,-1.0964967378468442,-0.9143260204049839,-0.4814607612315388,0.8416475724096689,0.9841231756854657,0
-0.9738162891597597,0.9009088760241706,0.8491410419312149,-0.20414114906876368,-0.911310674287764,0.9048055324001227,-0.5674373336626071,1.4316811360790147,1.0955247203761276,-0.570312581972397,-0.7394662468772634,-1.7179746001787888,0.9841231756854657,0
-0.8043672005990544,0.9009088760241706,0.8491410419312149,-0.6803128955832417,-0.404365943111267,0.9048055324001227,-0.7257958293968509,-1.461440576166749,0.2865244578466693,0.003043148748581378,-0.4814607612315388,-0.4282424977117365,0.9841231756854657,0
-0.46546902347764374,-1.1099901739376037,1.5251962127575889,-0.30489651331532674,-0.911310674287764,-1.177851894974348,0.06599664927436881,0.853056793629862,-1.0427871768490378,0.3470565871811683,-0.4814607612315388,0.6432272489531993,-1.0161329645585022,0
-0.8043672005990544,0.9009088760241706,1.5251962127575889,0.1741968229147647,-0.911310674287764,-1.177851894974348,-0.7257958293968509,0.853056793629862,0.03811773823181484,-1.0289971665491795,-0.997471732522988,0.26622863438590705,-1.0161329645585022,0
-0.46546902347764374,-1.1099901739376037,1.5251962127575889,-0.6675526550955891,-0.23538436605243465,0.9048055324001227,0.06599664927436881,0.2744324511807092,-0.21364582894540246,1.4937680486231246,-0.7394662468772634,-1.658448503141848,-1.0161329645585022,1
-0.2960199349169384,-1.1099901739376037,-0.502969299721533,-0.4508496600812728,-0.404365943111267,0.9048055324001227,0.27186269372888594,-1.461440576166749,0.7430557263280237,0.9204123179021463,-0.4814607612315388,0.5638591195706114,0.9841231756854657,0
-0.2960199349169384,-1.1099901739376037,-1.179024470547907,-0.8905094313390025,-0.404365943111267,0.9048055324001227,-1.2800505644667048,0.2744324511807092,-1.8752853723150364,-0.9143260204049839,-0.7394662468772634,-0.8846092416616166,0.9841231756854657,0
-0.8043672005990544,-1.1099901739376037,-0.502969299721533,-0.15332128039392984,-0.404365943111267,-0.4836327525161911,1.0161476236798326,1.4316811360790147,0.4040141225293712,1.035083464046342,-0.4814607612315388,1.0599099282117854,0.9841231756854657,0
-0.8043672005990544,0.9009088760241706,-0.502969299721533,-0.6031355499605217,-0.911310674287764,0.21058638994196582,0.21643722022190057,-0.8828162337175963,-1.2475548781531747,1.379096902478929,-0.997471732522988,-0.26950623894656084,-1.0161329645585022,0
-0.9738162891597597,0.9009088760241706,-1.179024470547907,-0.6943523185950277,-0.5733475201700994,0.9048055324001227,-0.527847709729046,1.4316811360790147,1.6997572816014495,0.3470565871811683,-0.4814607612315388,0.782121475372728,-1.0161329645585022,1
-0.8043672005990544,0.9009088760241706,-1.179024470547907,1.5838401721330195,-0.911310674287764,0.21058638994196582,-0.4090788379283631,0.853056793629862,-0.6936750303632967,-1.143668312693375,-0.997471732522988,-1.12271362980938,0.9841231756854657,0
-0.8043672005990544,-1.1099901739376037,1.5251962127575889,-0.567602702067925,-0.911310674287764,0.9048055324001227,-0.09236184645987515,-1.461440576166749,0.03476089066945202,0.6910700256137552,-0.4814607612315388,1.0797519605574324,0.9841231756854657,0
-0.2960199349169384,0.9009088760241706,1.5251962127575889,0.20833994164533987,-0.23538436605243465,0.9048055324001227,-0.3774071387815143,-1.461440576166749,-0.46205254856025635,-0.6849837281165926,-0.4814607612315388,1.1392780575943733,-1.0161329645585022,0
-0.46546902347764374,0.9009088760241706,-0.502969299721533,1.6913388812907553,-0.06640278899360229,-1.177851894974348,0.1451758971414908,-1.461440576166749,-1.1804179269059165,-0.9143260204049839,-0.7394662468772634,0.6432272489531993,0.9841231756854657,0
-0.634918112038349,-1.1099901739376037,0.8491410419312149,-0.35876431072050335,-0.7423290972289317,-1.177851894974348,0.38271364074285674,-1.461440576166749,-1.3482603050240614,0.8057411717579506,-0.7394662468772634,-0.11076998018138517,0.9841231756854657,0
-1.143265377720465,0.9009088760241706,-0.502969299721533,-0.3607383578256476,-0.911310674287764,-1.177851894974348,-0.7257958293968509,0.2744324511807092,-1.173704231781191,-0.570312581972397,-0.4814607612315388,-1.5393963090679663,0.9841231756854657,0
-0.46546902347764374,-1.1099901739376037,0.8491410419312149,0.3611311875835056,-0.7423290972289317,0.9048055324001227,-0.607026957596168,-0.3041918912684436,-1.2475548781531747,-0.9143260204049839,-0.7394662468772634,-0.17029607721832604,-1.0161329645585022,0
-0.2960199349169384,0.9009088760241706,-1.179024470547907,-0.14694116015010358,0.10257878806523006,0.9048055324001227,1.6495816066168083,-0.3041918912684436,-0.25392799969375696,1.6084391947673204,-0.4814607612315388,0.22654456969461315,-1.0161329645585022,1
-0.46546902347764374,0.9009088760241706,-0.502969299721533,-0.34698319759700236,-0.7423290972289317,-1.177851894974348,-0.4882580857954851,-0.8828162337175963,-0.811164695045998,-0.34097028968400567,-0.7394662468772634,-0.03140185079879733,0.9841231756854657,0
-0.9738162891597597,-1.1099901739376037,-0.502969299721533,-0.39237048863847923,-0.7423290972289317,0.9048055324001227,-0.7257958293968509,-0.8828162337175963,0.03476089066945202,-0.570312581972397,-0.4814607612315388,-1.6187644384505542,0.9841231756854657,0
-0.9738162891597597,0.9009088760241706,0.8491410419312149,-0.7701557274325672,-0.911310674287764,0.9048055324001227,-0.8841543251310949,-0.8828162337175963,0.001192415045823164,-0.11162799739561437,-0.7394662468772634,-1.5592383414136133,0.9841231756854657,0
-0.2960199349169384,-1.1099901739376037,-1.179024470547907,-0.46240967992899756,0.10257878806523006,0.9048055324001227,-0.3615712892080899,0.2744324511807092,-0.522475804682789,0.003043148748581378,-0.997471732522988,1.0797519605574324,0.9841231756854657,0
-0.634918112038349,-1.1099901739376037,-1.179024470547907,-0.3920862258553385,-0.5733475201700994,-1.177851894974348,0.8577891279455886,1.4316811360790147,0.6893461653302174,1.4937680486231246,-0.7394662468772634,0.8614896047553159,0.9841231756854657,0
-0.8043672005990544,-1.1099901739376037,0.8491410419312149,-0.8587193767577593,-0.911310674287764,0.9048055324001227,-0.3298995900612411,-0.8828162337175963,-1.3751150855229646,1.7231103409115156,-0.997471732522988,-1.0830295651180861,-1.0161329645585022,1
-0.8043672005990544,0.9009088760241706,1.5251962127575889,-0.35546370396070215,-0.7423290972289317,0.21058638994196582,-0.09236184645987515,1.4316811360790147,0.001192415045823164,0.23238544103697253,-0.4814607612315388,0.6432272489531993,0.9841231756854657,0
-1.143265377720465,0.9009088760241706,-1.179024470547907,-0.015943394252730458,-0.911310674287764,-1.177851894974348,-1.1691996174527342,-1.461440576166749,0.4745079213389917,-1.2583394588375707,-0.7394662468772634,0.9606997664835506,0.9841231756854657,0
-0.8043672005990544,0.9009088760241706,0.8491410419312149,-0.5085865898125321,-0.911310674287764,0.9048055324001227,0.790486767258535,-0.8828162337175963,0.001192415045823164,1.952452633199907,-0.997471732522988,-0.051243883144444294,-1.0161329645585022,1
-0.8043672005990544,0.9009088760241706,-1.179024470547907,-0.6753382968782781,-0.5733475201700994,-1.177851894974348,-0.804975077263973,-0.8828162337175963,-0.12972463988633004,-0.2262991435398101,-0.4814607612315388,-0.15045404487267908,-1.0161329645585022,0
-0.8043672005990544,-1.1099901739376037,-1.179024470547907,0.08121130807404947,-0.7423290972289317,0.21058638994196582,0.06599664927436881,1.4316811360790147,0.001192415045823164,-0.2262991435398101,-0.7394662468772634,0.9210157017922567,-1.0161329645585022,0
-0.634918112038349,0.9009088760241706,0.8491410419312149,-0.8085943726639363,-0.7423290972289317,0.9048055324001227,-0.7257958293968509,0.2744324511807092,0.001192415045823164,0.3470565871811683,-0.4814607612315388,-0.5076106270943244,0.9841231756854657,0
-0.634918112038349,0.9009088760241706,0.8491410419312149,0.17805016286400632,-0.5733475201700994,-1.177851894974348,0.38271364074285674,-0.3041918912684436,-1.6839450612603513,-0.11162799739561437,-0.4814607612315388,0.32575473142284794,-1.0161329645585022,0
-0.2960199349169384,0.9009088760241706,1.5251962127575889,-0.5235261783042638,-0.06640278899360229,0.9048055324001227,-1.01084112171849,1.4316811360790147,0.8336906105118219,-0.7996548742607882,-0.997471732522988,0.18686050500331922,0.9841231756854657,0
-0.634918112038349,-1.1099901739376037,1.5251962127575889,0.12457717487985859,-0.7423290972289317,-1.177851894974348,2.4413740852880284,-0.8828162337175963,2.344272013575125,1.6084391947673204,-0.997471732522988,-0.40840046536608954,0.9841231756854657,0
-0.634918112038349,0.9009088760241706,0.8491410419312149,0.17414944578424127,-0.404365943111267,-1.177851894974348,-0.963333572998217,-0.3041918912684436,-1.5496711587658354,-1.143668312693375,-0.7394662468772634,-1.182239726846321,0.9841231756854657,0
-0.8043672005990544,0.9009088760241706,0.8491410419312149,0.12135553000426315,-0.7423290972289317,-1.177851894974348,0.38271364074285674,-0.3041918912684436,0.8739727812601764,0.003043148748581378,-0.4814607612315388,0.7225953783357871,-1.0161329645585022,1
-0.46546902347764374,-1.1099901739376037,-0.502969299721533,-0.10750759517774185,-0.23538436605243465,0.21058638994196582,0.6994306322113446,1.4316811360790147,0.03811773823181484,0.5763988794695595,-0.997471732522988,1.2186461869769611,0.9841231756854657,0
-0.46546902347764374,-1.1099901739376037,-0.502969299721533,-0.9039171592771423,-0.23538436605243465,0.9048055324001227,-0.17154109432699713,-0.8828162337175963,-0.2438574570066685,2.640479510065081,-0.4814607612315388,-0.6068207888225592,-1.0161329645585022,1
-0.634918112038349,-1.1099901739376037,-0.502969299721533,-0.5782151793051805,-0.911310674287764,0.9048055324001227,-0.7257958293968509,0.853056793629862,-1.0495008719737637,-0.2262991435398101,-0.7394662468772634,1.0995939929030794,-1.0161329645585022,0
-0.634918112038349,0.9009088760241706,-1.179024470547907,0.08100600717511447,-0.911310674287764,-1.177851894974348,-0.09236184645987515,-0.3041918912684436,0.27645391515958084,-0.34097028968400567,-0.7394662468772634,0.4448069254967297,-1.0161329645585022,0
-0.2960199349169384,-1.1099901739376037,-0.502969299721533,-0.9360388537720498,0.10257878806523006,0.9048055324001227,-1.1375279183058853,0.2744324511807092,0.4107278176540969,-0.2262991435398101,-0.7394662468772634,-1.12271362980938,0.9841231756854657,0
-1.143265377720465,-1.1099901739376037,-0.502969299721533,-0.6311828112304113,-0.5733475201700994,0.9048055324001227,0.06599664927436881,1.4316811360790147,0.7464125738903866,1.2644257563347332,-0.7394662468772634,-1.6981325678331418,-1.0161329645585022,1
-0.8043672005990544,0.9009088760241706,0.8491410419312149,0.3174336808640323,-0.7423290972289317,-1.177851894974348,-0.7257958293968509,0.853056793629862,-0.8447331706696268,-1.0289971665491795,-0.997471732522988,-1.5989224061049072,0.9841231756854657,0
-0.634918112038349,0.9009088760241706,-0.502969299721533,0.4243638644554866,-0.5733475201700994,-1.177851894974348,3.2331665639592484,-1.461440576166749,2.5557534100039887,1.6084391947673204,-0.7394662468772634,0.9408577341379036,-1.0161329645585022,1
-0.2960199349169384,-1.1099901739376037,0.8491410419312149,1.5991271929152566,-0.23538436605243465,-1.177851894974348,2.4413740852880284,1.4316811360790147,-0.34120603631519225,0.003043148748581378,-0.4814607612315388,-1.182239726846321,0.9841231756854657,0
-0.8043672005990544,-1.1099901739376037,0.8491410419312149,-0.851312752019258,-0.7423290972289317,0.9048055324001227,-1.042512820865339,1.4316811360790147,0.561785957960427,-0.2262991435398101,-0.7394662468772634,-1.5790803737592602,0.9841231756854657,0
-0.46546902347764374,-1.1099901739376037,-1.179024470547907,0.023632302111201677,-0.911310674287764,0.9048055324001227,-0.7257958293968509,0.853056793629862,0.9780350556934264,-0.9143260204049839,-0.4814607612315388,0.5837011519162584,-1.0161329645585022,1
-0.9738162891597597,-1.1099901739376037,-1.179024470547907,-0.7149613703727337,-0.911310674287764,0.9048055324001227,-1.359229812333827,0.853056793629862,-0.25392799969375696,-1.2583394588375707,-0.7394662468772634,-1.0036614357354983,-1.0161329645585022,1
-0.2960199349169384,0.9009088760241706,-1.179024470547907,-0.6050306351814602,0.4405419421828948,0.9048055324001227,-0.9950052721450657,0.853056793629862,1.5587696839822078,-0.6849837281165926,-0.997471732522988,-1.8568688265983175,0.9841231756854657,0
-0.46546902347764374,0.9009088760241706,1.5251962127575889,1.033523216349323,-0.23538436605243465,0.9048055324001227,0.38271364074285674,-0.3041918912684436,0.001192415045823164,-0.6849837281165926,-0.7394662468772634,0.16701847265767225,0.9841231756854657,0
-0.46546902347764374,-1.1099901739376037,-0.502969299721533,-0.2295194986524983,-0.404365943111267,0.9048055324001227,0.38271364074285674,-0.3041918912684436,1.934736610966852,0.4617277333253637,-0.997471732522988,-0.5869787564769122,-1.0161329645585022,1
-0.9738162891597597,-1.1099901739376037,-0.502969299721533,-0.01673301309478816,-0.7423290972289317,-1.177851894974348,-0.09236184645987515,-0.8828162337175963,-0.46205254856025635,-0.34097028968400567,-0.7394662468772634,0.6035431842619053,0.9841231756854657,0
-0.9738162891597597,0.9009088760241706,-0.502969299721533,0.12295056006521972,-0.404365943111267,0.9048055324001227,-0.45658638664863627,-0.8828162337175963,0.8269769153870962,-0.6849837281165926,-0.4814607612315388,0.4249648931510827,0.9841231756854657,0
-0.8043672005990544,0.9009088760241706,-1.179024470547907,-0.5640810020323476,-0.5733475201700994,0.9048055324001227,-1.327558113186978,0.853056793629862,1.0015329886299666,-1.2583394588375707,-0.7394662468772634,0.16701847265767225,0.9841231756854657,0
-1.143265377720465,0.9009088760241706,-1.179024470547907,-0.11143989701118921,-0.911310674287764,-1.177851894974348,-0.5674373336626071,-0.8828162337175963,-1.3751150855229646,-0.6849837281165926,-0.997471732522988,0.8614896047553159,0.9841231756854657,0
-0.634918112038349,-1.1099901739376037,-0.502969299721533,-0.20273562752990099,-0.911310674287764,0.9048055324001227,0.4618928886099787,-1.461440576166749,0.6255660616453219,0.5763988794695595,-0.997471732522988,0.8614896047553159,-1.0161329645585022,0
-0.46546902347764374,0.9009088760241706,-1.179024470547907,-0.946825047154558,-0.7423290972289317,0.9048055324001227,-1.01084112171849,0.853056793629862,-0.5661148229935064,0.23238544103697253,-0.4814607612315388,-1.5790803737592602,-1.0161329645585022,1
-1.143265377720465,0.9009088760241706,-1.179024470547907,0.4585701526934263,-0.911310674287764,0.9048055324001227,-0.7574675285436998,-0.8828162337175963,-0.4654093961226198,-1.143668312693375,-0.997471732522988,-2.2537094735112566,0.9841231756854657,0
-0.634918112038349,-1.1099901739376037,-1.179024470547907,0.11890771159388427,-0.23538436605243465,0.9048055324001227,-0.2507203421941191,-0.3041918912684436,-0.33784918875282943,-0.570312581972397,-0.997471732522988,-0.8250831446246757,-1.0161329645585022,0
-0.9738162891597597,0.9009088760241706,-0.502969299721533,-0.5804734891934655,-0.911310674287764,0.9048055324001227,-0.7257958293968509,-1.461440576166749,0.001192415045823164,-0.2262991435398101,-0.997471732522988,0.3455967637684949,0.9841231756854657,0
-0.634918112038349,-1.1099901739376037,0.8491410419312149,0.8910128077347487,-0.5733475201700994,-1.177851894974348,-0.15570524475357272,-1.461440576166749,0.7061304031420315,-0.9143260204049839,-0.4814607612315388,0.5241750548793175,-1.0161329645585022,0
-0.2960199349169384,0.9009088760241706,-1.179024470547907,-0.4894146443273711,-0.06640278899360229,0.9048055324001227,-0.4209557251084314,0.853056793629862,1.6729025011025462,0.003043148748581378,-0.4814607612315388,-0.24966420660091387,0.9841231756854657,0
-0.46546902347764374,0.9009088760241706,-0.502969299721533,-0.45077069819706705,0.10257878806523006,0.9048055324001227,0.06599664927436881,1.4316811360790147,1.3103629643673533,0.5763988794695595,-0.997471732522988,0.7225953783357871,-1.0161329645585022,1
-0.9738162891597597,0.9009088760241706,0.8491410419312149,-0.5649179980049287,-0.911310674287764,-1.177851894974348,0.4420980766431982,0.853056793629862,0.001192415045823164,1.6084391947673204,-0.7394662468772634,-0.17029607721832604,0.9841231756854657,0
-0.8043672005990544,0.9009088760241706,1.5251962127575889,0.4414670085744565,-0.5733475201700994,0.9048055324001227,-0.4090788379283631,-0.8828162337175963,0.001192415045823164,-0.9143260204049839,-0.7394662468772634,0.3654387961141419,0.9841231756854657,0
-1.143265377720465,-1.1099901739376037,-0.502969299721533,-0.3735617678206647,-0.911310674287764,0.9048055324001227,-0.6941241302500022,0.853056793629862,2.102578989084997,-0.570312581972397,-0.7394662468772634,-0.6663468858595001,-1.0161329645585022,1
-0.9738162891597597,-1.1099901739376037,1.5251962127575889,-0.6679948416471415,-0.911310674287764,-1.177851894974348,-1.042512820865339,-1.461440576166749,0.16232109803924238,-0.6849837281165926,-0.7394662468772634,-1.7576586648700827,0.9841231756854657,0
-0.8043672005990544,-1.1099901739376037,-0.502969299721533,-0.7529736214293916,-0.5733475201700994,-1.177851894974348,-0.2823920413409679,-1.461440576166749,-0.1397951825734185,1.1497546101905376,-0.7394662468772634,0.3654387961141419,-1.0161329645585022,0
-1.143265377720465,-1.1099901739376037,1.5251962127575889,-0.3040279325890633,-0.911310674287764,-1.177851894974348,-0.09236184645987515,0.853056793629862,0.8336906105118219,0.1177142948927768,-0.997471732522988,0.4249648931510827,0.9841231756854657,0
-0.9738162891597597,0.9009088760241706,-1.179024470547907,-0.4087155986690737,-0.911310674287764,0.9048055324001227,-0.9474977234247925,0.853056793629862,-1.2207000976542715,-0.7996548742607882,-0.997471732522988,-0.2893482712922078,0.9841231756854657,0
-0.8043672005990544,-1.1099901739376037,-0.502969299721533,-0.6735379659183865,-0.7423290972289317,0.9048055324001227,-0.18737694390042153,0.2744324511807092,0.001192415045823164,1.035083464046342,-0.997471732522988,1.4170665104334308,-1.0161329645585022,1
-0.634918112038349,0.9009088760241706,-1.179024470547907,-0.3668500076631742,-0.5733475201700994,-1.177851894974348,-1.2008713165995828,0.853056793629862,-1.1233515183457474,-1.143668312693375,-0.997471732522988,0.5440170872249644,-1.0161329645585022,0
-0.9738162891597597,-1.1099901739376037,0.8491410419312149,0.176786772716714,-0.7423290972289317,-1.177851894974348,2.4413740852880284,1.4316811360790147,1.327147202179168,1.4937680486231246,-0.7394662468772634,-0.9441353386985575,0.9841231756854657,0
-0.9738162891597597,-1.1099901739376037,0.8491410419312149,-0.6831555234146494,-0.911310674287764,0.9048055324001227,0.06599664927436881,-0.8828162337175963,0.2865244578466693,1.4937680486231246,-0.4814607612315388,-1.9957630530178463,-1.0161329645585022,1
-0.46546902347764374,0.9009088760241706,0.8491410419312149,-0.7358862696872629,-0.7423290972289317,0.9048055324001227,-0.3615712892080899,1.4316811360790147,0.04483143335654109,0.9204123179021463,-0.4814607612315388,0.2463866020402601,0.9841231756854657,0
-0.9738162891597597,-1.1099901739376037,0.8491410419312149,0.935736818948897,-0.7423290972289317,-1.177851894974348,0.38271364074285674,-0.8828162337175963,-1.6839450612603513,-0.570312581972397,-0.7394662468772634,-0.8647672093159696,0.9841231756854657,0
-0.9738162891597597,0.9009088760241706,0.8491410419312149,-0.6355099224848875,-0.911310674287764,-1.177851894974348,-0.646616581529729,-1.461440576166749,0.001192415045823164,0.003043148748581378,-0.997471732522988,0.9210157017922567,0.9841231756854657,0
-0.46546902347764374,-1.1099901739376037,1.5251962127575889,0.018515572014667754,-0.23538436605243465,-1.177851894974348,2.4413740852880284,0.853056793629862,-0.03237606057780569,1.952452633199907,-0.7394662468772634,0.9606997664835506,-1.0161329645585022,1
-0.46546902347764374,-1.1099901739376037,0.8491410419312149,0.5686588116531115,-0.23538436605243465,-1.177851894974348,1.8079401023510524,1.4316811360790147,1.223084927745918,0.4617277333253637,-0.4814607612315388,0.32575473142284794,-1.0161329645585022,0
-0.634918112038349,0.9009088760241706,-1.179024470547907,-0.324084251177329,-0.7423290972289317,0.9048055324001227,0.06599664927436881,-0.8828162337175963,0.954537122756886,0.3470565871811683,-0.7394662468772634,-1.12271362980938,0.9841231756854657,0
-1.143265377720465,0.9009088760241706,0.8491410419312149,-0.677375513490787,-0.911310674287764,0.9048055324001227,-0.4090788379283631,1.4316811360790147,-0.005521280078902488,0.5763988794695595,-0.7394662468772634,0.5043330225336705,0.9841231756854657,0
-0.2960199349169384,0.9009088760241706,1.5251962127575889,2.0690767429543198,-0.7423290972289317,0.9048055324001227,1.1745061194140765,-0.8828162337175963,-0.37813135950118393,-0.6849837281165926,-0.997471732522988,0.782121475372728,0.9841231756854657,0
-0.46546902347764374,-1.1099901739376037,1.5251962127575889,-0.10956060416709187,-0.911310674287764,0.9048055324001227,0.06599664927436881,-0.8828162337175963,0.001192415045823164,0.003043148748581378,-0.4814607612315388,0.6432272489531993,0.9841231756854657,0
-0.634918112038349,0.9009088760241706,-1.179024470547907,-0.31849374977556044,-0.911310674287764,0.9048055324001227,-0.7257958293968509,1.4316811360790147,0.9343960373827085,-0.6849837281165926,-0.4814607612315388,0.6035431842619053,0.9841231756854657,0
-0.9738162891597597,0.9009088760241706,-0.502969299721533,-0.25748779803818217,-0.7423290972289317,-1.177851894974348,0.8577891279455886,-0.8828162337175963,0.622209214082959,1.1497546101905376,-0.997471732522988,0.6233852166075523,0.9841231756854657,0
-0.2960199349169384,0.9009088760241706,-1.179024470547907,-0.5852427869994941,-0.23538436605243465,0.9048055324001227,0.5212773245103202,-0.8828162337175963,0.001192415045823164,1.8377814870557112,-0.7394662468772634,0.6630692812988462,-1.0161329645585022,1
-0.46546902347764374,-1.1099901739376037,-1.179024470547907,-0.5620911625503622,-0.404365943111267,0.9048055324001227,0.8577891279455886,-1.461440576166749,1.357358830240434,2.2964660716324943,-0.997471732522988,-0.38855843302044263,-1.0161329645585022,1
-0.9738162891597597,0.9009088760241706,0.8491410419312149,0.016209884995859257,-0.911310674287764,-1.177851894974348,0.22435514500861276,0.2744324511807092,2.344272013575125,0.003043148748581378,-0.997471732522988,0.26622863438590705,-1.0161329645585022,1
-0.9738162891597597,-1.1099901739376037,-1.179024470547907,-0.9260738639852815,-0.911310674287764,-1.177851894974348,-0.765385453330412,-1.461440576166749,0.954537122756886,0.9204123179021463,-0.4814607612315388,0.6829113136444932,-1.0161329645585022,1
-1.143265377720465,0.9009088760241706,-0.502969299721533,-0.08460864875806842,-0.7423290972289317,-1.177851894974348,-0.8841543251310949,-0.3041918912684436,0.001192415045823164,-1.0289971665491795,-0.997471732522988,0.5241750548793175,-1.0161329645585022,1
-0.634918112038349,0.9009088760241706,-0.502969299721533,-0.2520868051585075,-0.7423290972289317,0.9048055324001227,-0.7257958293968509,-0.8828162337175963,-1.0964967378468442,-0.6849837281165926,-0.4814607612315388,0.32575473142284794,0.9841231756854657,0
-0.8043672005990544,-1.1099901739376037,0.8491410419312149,-0.20445699660558678,-0.7423290972289317,0.21058638994196582,1.4120438630154424,1.4316811360790147,0.7229146409538463,1.6084391947673204,-0.7394662468772634,-1.8370267942526706,-1.0161329645585022,0
-0.46546902347764374,0.9009088760241706,1.5251962127575889,-0.33322803736835716,-0.23538436605243465,0.9048055324001227,-1.01084112171849,-0.3041918912684436,0.001192415045823164,-1.0289971665491795,-0.4814607612315388,1.0995939929030794,-1.0161329645585022,1
-0.46546902347764374,0.9009088760241706,-1.179024470547907,0.1583096918125637,-0.404365943111267,0.21058638994196582,1.0161476236798326,0.2744324511807092,-0.8447331706696268,0.4617277333253637,-0.7394662468772634,1.3773824457421369,0.9841231756854657,0
-0.634918112038349,0.9009088760241706,-0.502969299721533,0.32303997464264195,-0.23538436605243465,-1.177851894974348,1.6495816066168083,-0.3041918912684436,0.001192415045823164,0.6910700256137552,-0.4814607612315388,0.32575473142284794,0.9841231756854657,0
-0.46546902347764374,0.9009088760241706,-0.502969299721533,-1.135622912290555,-0.06640278899360229,0.9048055324001227,-1.359229812333827,-0.8828162337175963,-0.45869570099789353,-0.2262991435398101,-0.4814607612315388,-0.03140185079879733,-1.0161329645585022,1
-0.2960199349169384,0.9009088760241706,0.8491410419312149,-0.3566007550932652,-0.404365943111267,-1.177851894974348,-0.5674373336626071,0.853056793629862,1.3103629643673533,-0.45564143582820127,-0.7394662468772634,0.4249648931510827,0.9841231756854657,0
-0.9738162891597597,0.9009088760241706,0.8491410419312149,-0.5156299898836868,-0.7423290972289317,-1.177851894974348,-0.7257958293968509,0.853056793629862,0.16232109803924238,-0.34097028968400567,-0.7394662468772634,-0.30919030363785477,-1.0161329645585022,0
-0.9738162891597597,-1.1099901739376037,-0.502969299721533,0.26884053732380114,-0.911310674287764,-1.177851894974348,-0.013182598592753173,1.4316811360790147,0.23617174441122635,-0.45564143582820127,-0.7394662468772634,-0.8052411122790287,0.9841231756854657,0
-0.634918112038349,-1.1099901739376037,-0.502969299721533,1.7087736653233894,-0.911310674287764,-1.177851894974348,0.8577891279455886,0.853056793629862,-0.25392799969375696,-0.6849837281165926,-0.997471732522988,-0.7655570475877348,0.9841231756854657,0
-0.634918112038349,0.9009088760241706,-1.179024470547907,-0.3331648678609926,-0.911310674287764,-1.177851894974348,0.06599664927436881,0.2744324511807092,-1.1804179269059165,0.3470565871811683,-0.7394662468772634,0.9408577341379036,-1.0161329645585022,0
-0.46546902347764374,-1.1099901739376037,-1.179024470547907,-0.4244763907565455,-0.7423290972289317,0.9048055324001227,-1.042512820865339,1.4316811360790147,0.9377528849450718,-0.9143260204049839,-0.997471732522988,-0.5671367241312653,0.9841231756854657,0
-0.46546902347764374,-1.1099901739376037,-0.502969299721533,0.26928272387535346,-0.7423290972289317,0.9048055324001227,0.25602684415546156,0.2744324511807092,0.001192415045823164,-0.2262991435398101,-0.997471732522988,-0.051243883144444294,0.9841231756854657,0
-0.8043672005990544,0.9009088760241706,0.8491410419312149,0.2885652159984026,-0.911310674287764,0.9048055324001227,1.3328646151483206,-0.8828162337175963,0.9981761410676039,0.4617277333253637,-0.4814607612315388,-0.7655570475877348,-1.0161329645585022,0
-0.46546902347764374,0.9009088760241706,-0.502969299721533,0.19268969619575615,-0.5733475201700994,0.9048055324001227,-0.7257958293968509,-0.8828162337175963,-1.0427871768490378,-1.0289971665491795,-0.7394662468772634,-0.26950623894656084,0.9841231756854657,0
-0.8043672005990544,0.9009088760241706,1.5251962127575889,1.3200443093783816,-0.911310674287764,-1.177851894974348,0.4618928886099787,-0.8828162337175963,1.6729025011025462,-0.6849837281165926,-0.4814607612315388,0.3455967637684949,-1.0161329645585022,0
-0.9738162891597597,-1.1099901739376037,0.8491410419312149,-0.20657317510230142,-0.911310674287764,-1.177851894974348,-1.2958864140401292,-0.8828162337175963,0.8336906105118219,-1.3730106049817663,-0.7394662468772634,-0.13061201252703214,-1.0161329645585022,0
-0.9738162891597597,0.9009088760241706,-0.502969299721533,-0.7262529198141588,-0.7423290972289317,0.9048055324001227,-0.844564701197534,-0.8828162337175963,-0.005521280078902488,-0.11162799739561437,-0.4814607612315388,0.9408577341379036,-1.0161329645585022,0
-0.46546902347764374,0.9009088760241706,1.5251962127575889,-0.44791227798881816,-0.404365943111267,-1.177851894974348,-0.07652599688645076,0.2744324511807092,0.001192415045823164,0.4617277333253637,-0.7394662468772634,-1.0631875327724392,0.9841231756854657,0
-0.634918112038349,-1.1099901739376037,-0.502969299721533,-0.4292614809394152,-0.7423290972289317,-1.177851894974348,2.2830155895537843,-0.8828162337175963,-0.12972463988633004,3.672519825362842,-0.997471732522988,-2.7696023144980777,0.9841231756854657,0
-0.46546902347764374,0.9009088760241706,1.5251962127575889,-0.7720034355229822,-0.5733475201700994,0.9048055324001227,-1.121692068732461,-1.461440576166749,0.6624913848313142,-0.6849837281165926,-0.4814607612315388,-0.5671367241312653,0.9841231756854657,0
-0.46546902347764374,-1.1099901739376037,0.8491410419312149,0.11661781695191693,-0.5733475201700994,-1.177851894974348,-1.01084112171849,1.4316811360790147,-1.5496711587658354,-1.143668312693375,-0.4814607612315388,-3.3648632848674866,0.9841231756854657,0
-0.8043672005990544,-1.1099901739376037,-1.179024470547907,1.37133794935845,-0.911310674287764,-1.177851894974348,-1.090020369585612,1.4316811360790147,0.2865244578466693,-1.3730106049817663,-0.4814607612315388,0.9408577341379036,-1.0161329645585022,0
-0.2960199349169384,0.9009088760241706,-0.502969299721533,1.7821292557505501,-0.7423290972289317,-1.177851894974348,1.3843311262619498,-0.3041918912684436,-1.1804179269059165,-0.45564143582820127,-0.997471732522988,0.286070666731554,0.9841231756854657,0
-0.634918112038349,-1.1099901739376037,0.8491410419312149,-0.03836856936716926,-0.7423290972289317,-1.177851894974348,-0.8841543251310949,-1.461440576166749,3.018998373610068,-1.0289971665491795,-0.997471732522988,-1.4600281796853785,-1.0161329645585022,1
-0.634918112038349,0.9009088760241706,-0.502969299721533,-0.2756806161591917,-0.911310674287764,0.9048055324001227,0.0026532509806712224,0.853056793629862,1.4446368668618692,0.1177142948927768,-0.4814607612315388,0.32575473142284794,0.9841231756854657,0
-0.9738162891597597,-1.1099901739376037,-0.502969299721533,-0.6783388484780974,-0.23538436605243465,0.9048055324001227,-0.4090788379283631,-0.8828162337175963,-0.4654093961226198,0.5763988794695595,-0.4814607612315388,-0.17029607721832604,-1.0161329645585022,1
-0.9738162891597597,0.9009088760241706,1.5251962127575889,-0.8299772509068589,-0.23538436605243465,0.21058638994196582,-0.17154109432699713,-1.461440576166749,1.357358830240434,1.952452633199907,-0.4814607612315388,0.6829113136444932,0.9841231756854657,0
-0.634918112038349,0.9009088760241706,-1.179024470547907,-0.7954235303784137,-0.7423290972289317,-1.177851894974348,-0.4090788379283631,-0.3041918912684436,-0.21028898138303903,1.1497546101905376,-0.4814607612315388,-0.09092794783573821,-1.0161329645585022,0
-0.2960199349169384,-1.1099901739376037,-1.179024470547907,2.943848080939527,-0.23538436605243465,-1.177851894974348,-0.09236184645987515,0.853056793629862,0.0851136041048956,-1.2583394588375707,-0.997471732522988,0.08765034327508442,-1.0161329645585022,0
-1.143265377720465,0.9009088760241706,-1.179024470547907,-0.8823921496426493,-0.911310674287764,0.21058638994196582,-1.1375279183058853,0.2744324511807092,-0.3680608168140954,-0.45564143582820127,-0.4814607612315388,0.22654456969461315,0.9841231756854657,0
-0.46546902347764374,-1.1099901739376037,-1.179024470547907,-0.014790550743326211,0.2715603651240624,0.9048055324001227,0.8577891279455886,-0.3041918912684436,0.8336906105118219,0.5763988794695595,-0.7394662468772634,0.4844909901880236,0.9841231756854657,0
-0.8043672005990544,-1.1099901739376037,1.5251962127575889,-0.014806343120167363,-0.911310674287764,-1.177851894974348,-0.646616581529729,-0.8828162337175963,-1.0495008719737637,-0.7996548742607882,-0.997471732522988,0.46464895784237664,-1.0161329645585022,0
-0.2960199349169384,0.9009088760241706,-1.179024470547907,1.4972505699129717,-0.5733475201700994,0.9048055324001227,0.06599664927436881,-1.461440576166749,-0.005521280078902488,-0.9143260204049839,-0.7394662468772634,-0.09092794783573821,0.9841231756854657,0
-0.9738162891597597,-1.1099901739376037,1.5251962127575889,0.24504142542418195,-0.911310674287764,-1.177851894974348,-0.4090788379283631,0.853056793629862,-1.1166378232210217,-0.7996548742607882,-0.7394662468772634,-1.5790803737592602,-1.0161329645585022,1
-0.8043672005990544,0.9009088760241706,-1.179024470547907,-0.849465043928843,-0.404365943111267,0.21058638994196582,-0.5674373336626071,1.4316811360790147,1.4312094766124175,1.035083464046342,-0.997471732522988,-0.6465048535138531,0.9841231756854657,0
-0.2960199349169384,0.9009088760241706,1.5251962127575889,-0.7917596989512661,-0.911310674287764,0.9048055324001227,-0.5674373336626071,0.2744324511807092,-1.4724636648314886,0.6910700256137552,-0.997471732522988,1.0995939929030794,0.9841231756854657,0
-0.9738162891597597,0.9009088760241706,-1.179024470547907,-0.44488014163531653,-0.911310674287764,0.9048055324001227,-0.9474977234247925,0.853056793629862,-1.2207000976542715,-0.7996548742607882,-0.7394662468772634,0.26622863438590705,0.9841231756854657,0
-0.634918112038349,-1.1099901739376037,-1.179024470547907,-0.35849584031420373,-0.911310674287764,0.9048055324001227,-0.09236184645987515,0.853056793629862,0.16232109803924238,0.23238544103697253,-0.7394662468772634,-1.0433455004267922,-1.0161329645585022,0
-0.634918112038349,0.9009088760241706,1.5251962127575889,-0.01900711535991435,-0.911310674287764,-1.177851894974348,0.38271364074285674,-0.8828162337175963,-0.3680608168140954,0.1177142948927768,-0.4814607612315388,-1.8965528912896115,0.9841231756854657,0
-0.9738162891597597,0.9009088760241706,-0.502969299721533,0.006181725701726415,-0.5733475201700994,0.9048055324001227,1.1428344202672278,0.853056793629862,0.8336906105118219,0.8057411717579506,-0.997471732522988,-0.8846092416616166,-1.0161329645585022,0
-1.143265377720465,0.9009088760241706,1.5251962127575889,-0.10922896425342764,-0.911310674287764,-1.177851894974348,-0.5674373336626071,1.4316811360790147,-0.12972463988633004,-0.6849837281165926,-0.997471732522988,-0.7060309505507939,-1.0161329645585022,0
-0.46546902347764374,0.9009088760241706,-1.179024470547907,-0.6632729209716364,-0.5733475201700994,-1.177851894974348,-1.2008713165995828,0.2744324511807092,0.03811773823181484,-1.0289971665491795,-0.4814607612315388,1.0003838311748445,0.9841231756854657,0
-0.2960199349169384,-1.1099901739376037,-0.502969299721533,-0.2951052396738112,-0.06640278899360229,0.9048055324001227,1.4833051860958522,0.853056793629862,0.001192415045823164,1.952452633199907,-0.7394662468772634,0.46464895784237664,-1.0161329645585022,1
-0.8043672005990544,0.9009088760241706,0.8491410419312149,0.27441524634872855,-0.911310674287764,-1.177851894974348,0.38271364074285674,-0.8828162337175963,0.830333762949459,-0.2262991435398101,-0.4814607612315388,-1.4798702120310254,0.9841231756854657,0
-0.9738162891597597,-1.1099901739376037,0.8491410419312149,-0.4736538522398993,-0.5733475201700994,0.21058638994196582,-1.359229812333827,0.853056793629862,-1.3482603050240614,-1.3730106049817663,-0.997471732522988,-0.11076998018138517,0.9841231756854657,0
-0.46546902347764374,-1.1099901739376037,0.8491410419312149,1.5976111247385059,-0.23538436605243465,0.9048055324001227,-0.13195147039343613,-0.3041918912684436,-1.0964967378468442,-1.0289971665491795,-0.997471732522988,-0.686188918205147,0.9841231756854657,0
-0.8043672005990544,0.9009088760241706,-1.179024470547907,1.057101234973166,-0.404365943111267,0.9048055324001227,0.6994306322113446,0.2744324511807092,0.830333762949459,-0.45564143582820127,-0.4814607612315388,0.801963507718375,0.9841231756854657,0
-0.9738162891597597,-1.1099901739376037,-1.179024470547907,-0.7155298959390153,-0.911310674287764,0.9048055324001227,-1.1691996174527342,-0.8828162337175963,1.6594751108530943,-0.9143260204049839,-0.7394662468772634,-2.4124457322764323,-1.0161329645585022,1
-0.9738162891597597,-1.1099901739376037,-1.179024470547907,-0.6801707641916712,-0.911310674287764,0.9048055324001227,-0.5674373336626071,-1.461440576166749,0.4745079213389917,0.23238544103697253,-0.4814607612315388,-0.8647672093159696,-1.0161329645585022,0
-0.8043672005990544,0.9009088760241706,-0.502969299721533,-0.6756699367919423,-0.404365943111267,0.9048055324001227,-1.042512820865339,0.853056793629862,1.407711543675877,-0.6849837281165926,-0.4814607612315388,0.3654387961141419,0.9841231756854657,0
-1.143265377720465,-1.1099901739376037,1.5251962127575889,-0.48508753307289487,-0.7423290972289317,0.21058638994196582,0.8577891279455886,0.853056793629862,0.7229146409538463,1.8377814870557112,-0.4814607612315388,0.5440170872249644,-1.0161329645585022,0
-0.9738162891597597,-1.1099901739376037,-1.179024470547907,1.2193679070160244,-0.911310674287764,-1.177851894974348,0.7786098800784667,-1.461440576166749,0.001192415045823164,-0.570312581972397,-0.997471732522988,-0.6663468858595001,0.9841231756854657,0
-0.9738162891597597,0.9009088760241706,1.5251962127575889,-0.4526026139106409,-0.911310674287764,0.9048055324001227,-1.121692068732461,0.853056793629862,1.5486991412951188,-1.0289971665491795,-0.997471732522988,1.4369085427790778,-1.0161329645585022,0
-0.634918112038349,-1.1099901739376037,0.8491410419312149,0.6084871860465021,-0.5733475201700994,0.21058638994196582,0.38271364074285674,1.4316811360790147,-1.1804179269059165,-0.45564143582820127,-0.997471732522988,0.0479662785837905,0.9841231756854657,0
-0.2960199349169384,0.9009088760241706,0.8491410419312149,-0.4525394444032763,-0.7423290972289317,0.9048055324001227,-0.804975077263973,-1.461440576166749,-1.1233515183457474,-0.570312581972397,-0.997471732522988,0.22654456969461315,-1.0161329645585022,0
-0.634918112038349,-1.1099901739376037,-0.502969299721533,-0.015027436395943521,-0.911310674287764,-1.177851894974348,-1.2760916020733488,1.4316811360790147,-1.8752853723150364,-1.3730106049817663,-0.7394662468772634,1.238488219322608,0.9841231756854657,0
-1.143265377720465,-1.1099901739376037,-1.179024470547907,-0.38949627605338916,-0.911310674287764,-1.177851894974348,1.3328646151483206,1.4316811360790147,-1.0495008719737637,2.1817949254882985,-0.997471732522988,0.08765034327508442,0.9841231756854657,0
-0.8043672005990544,0.9009088760241706,-0.502969299721533,-0.8495282134362077,-0.911310674287764,0.21058638994196582,-0.3298995900612411,-0.8828162337175963,0.5651428055227898,1.7231103409115156,-0.997471732522988,-0.051243883144444294,0.9841231756854657,0
-0.634918112038349,-1.1099901739376037,-0.502969299721533,-0.5085392126820086,-0.5733475201700994,0.9048055324001227,1.0161476236798326,-1.461440576166749,2.988786745548802,2.2964660716324943,-0.7394662468772634,-0.6465048535138531,-1.0161329645585022,1
-0.634918112038349,0.9009088760241706,-1.179024470547907,0.08198513453926602,-0.7423290972289317,0.21058638994196582,2.3226052134873454,0.853056793629862,0.3939435798422821,1.6084391947673204,-0.997471732522988,-0.36871640067479566,-1.0161329645585022,0
-0.46546902347764374,0.9009088760241706,1.5251962127575889,0.5552826684686539,-0.23538436605243465,-1.177851894974348,1.3328646151483206,-1.461440576166749,-0.005521280078902488,0.23238544103697253,-0.7394662468772634,1.0202258635204915,-1.0161329645585022,0
-0.2960199349169384,0.9009088760241706,-1.179024470547907,-0.28395582162395644,-0.404365943111267,-1.177851894974348,0.38271364074285674,1.4316811360790147,-1.623521805137819,0.5763988794695595,-0.4814607612315388,-0.17029607721832604,-1.0161329645585022,0
-0.2960199349169384,0.9009088760241706,1.5251962127575889,2.544032476452029,0.2715603651240624,-1.177851894974348,0.8577891279455886,0.2744324511807092,1.2700807936189982,-0.9143260204049839,-0.4814607612315388,0.6829113136444932,-1.0161329645585022,0
-1.143265377720465,-1.1099901739376037,-0.502969299721533,-0.008742070413164197,-0.911310674287764,-1.177851894974348,0.5806617604106616,-1.461440576166749,-0.21364582894540246,0.3470565871811683,-0.4814607612315388,-1.5195542767223194,-1.0161329645585022,0
-0.634918112038349,0.9009088760241706,0.8491410419312149,-0.601019371463807,-0.911310674287764,-1.177851894974348,0.06599664927436881,-1.461440576166749,0.3939435798422821,1.1497546101905376,-0.4814607612315388,0.26622863438590705,0.9841231756854657,0
-0.9738162891597597,0.9009088760241706,0.8491410419312149,-0.4372524236210391,-0.7423290972289317,0.9048055324001227,0.6202513843442227,-0.8828162337175963,-0.018948670328354386,1.379096902478929,-0.4814607612315388,-1.0830295651180861,-1.0161329645585022,1
-0.8043672005990544,-1.1099901739376037,-0.502969299721533,-0.4128058242709326,-0.911310674287764,0.9048055324001227,-0.5674373336626071,0.853056793629862,1.0787404825643134,-0.34097028968400567,-0.7394662468772634,-0.011559818453150373,0.9841231756854657,0
-0.9738162891597597,0.9009088760241706,0.8491410419312149,-0.5108606920776583,-0.911310674287764,0.9048055324001227,-0.7257958293968509,-0.8828162337175963,-1.3482603050240614,-0.34097028968400567,-0.997471732522988,-2.23386744116561,0.9841231756854657,0
-0.9738162891597597,-1.1099901739376037,1.5251962127575889,-0.2914887853771869,-0.5733475201700994,0.9048055324001227,-0.6782882806765778,-0.8828162337175963,1.1458774338115711,-0.570312581972397,-0.997471732522988,0.40512286080543575,-1.0161329645585022,0
-0.46546902347764374,0.9009088760241706,0.8491410419312149,1.594847458791304,0.10257878806523006,-1.177851894974348,1.6495816066168083,-0.3041918912684436,-0.7138161157374736,-0.34097028968400567,-0.4814607612315388,0.16701847265767225,0.9841231756854657,0
-1.143265377720465,-1.1099901739376037,-1.179024470547907,-0.8408108214198906,-0.911310674287764,-1.177851894974348,-0.3180227028811728,0.2744324511807092,0.001192415045823164,1.6084391947673204,-0.997471732522988,0.40512286080543575,0.9841231756854657,0
-0.46546902347764374,-1.1099901739376037,1.5251962127575889,0.2685404821638192,-0.06640278899360229,-1.177851894974348,1.3328646151483206,0.853056793629862,-1.7510820125076092,0.5763988794695595,-0.7394662468772634,-1.0631875327724392,0.9841231756854657,0
-1.143265377720465,0.9009088760241706,0.8491410419312149,-0.7679605870516468,-0.5733475201700994,0.21058638994196582,-0.12403354560672394,-0.8828162337175963,-0.5627579754311435,1.6084391947673204,-0.7394662468772634,0.7225953783357871,0.9841231756854657,0
-0.9738162891597597,0.9009088760241706,-1.179024470547907,1.0265587781623742,-0.23538436605243465,-1.177851894974348,-0.7257958293968509,1.4316811360790147,1.2700807936189982,-1.2583394588375707,-0.7394662468772634,0.08765034327508442,0.9841231756854657,0
-0.9738162891597597,0.9009088760241706,-0.502969299721533,-0.28989375531623035,-0.911310674287764,0.21058638994196582,-0.5674373336626071,-0.8828162337175963,0.27645391515958084,-0.45564143582820127,-0.997471732522988,0.305912699077201,0.9841231756854657,0
-0.9738162891597597,-1.1099901739376037,-0.502969299721533,-0.3052123608521498,-0.7423290972289317,-1.177851894974348,-0.6941241302500022,-0.8828162337175963,-1.4724636648314886,-0.570312581972397,-0.7394662468772634,-1.4401861473397315,0.9841231756854657,0
-0.634918112038349,0.9009088760241706,0.8491410419312149,-0.5108133149471349,-0.06640278899360229,0.9048055324001227,-1.2800505644667048,0.2744324511807092,1.5486991412951188,-1.2583394588375707,-0.7394662468772634,-1.4401861473397315,0.9841231756854657,0
-0.46546902347764374,0.9009088760241706,-0.502969299721533,-0.6759541995750831,-0.404365943111267,0.9048055324001227,-1.2008713165995828,-0.8828162337175963,1.0787404825643134,-1.0289971665491795,-0.997471732522988,0.5837011519162584,0.9841231756854657,0
-0.634918112038349,0.9009088760241706,-0.502969299721533,-0.5044174023264675,-0.404365943111267,-1.177851894974348,-0.6307807319563046,-1.461440576166749,-1.8752853723150364,-0.2262991435398101,-0.4814607612315388,1.1591200899400202,0.9841231756854657,0
-0.634918112038349,0.9009088760241706,0.8491410419312149,-0.48712474968540376,-0.5733475201700994,-1.177851894974348,-1.121692068732461,1.4316811360790147,-0.34120603631519225,-1.0289971665491795,-0.7394662468772634,-1.4997122443766724,0.9841231756854657,0
-0.9738162891597597,0.9009088760241706,0.8491410419312149,-0.1106502781691315,-0.911310674287764,-1.177851894974348,-0.6307807319563046,1.4316811360790147,-1.1804179269059165,-0.6849837281165926,-0.4814607612315388,-1.9759210206721993,0.9841231756854657,0
-0.46546902347764374,-1.1099901739376037,-1.179024470547907,0.22714866246315438,-0.23538436605243465,-1.177851894974348,0.7311023313581935,-0.8828162337175963,0.15896425047687956,0.1177142948927768,-0.7394662468772634,-0.7457150152420878,0.9841231756854657,0
-0.2960199349169384,-1.1099901739376037,1.5251962127575889,0.09621406607314585,-0.911310674287764,0.9048055324001227,1.6495816066168083,-1.461440576166749,0.790051592201104,1.035083464046342,-0.997471732522988,-0.03140185079879733,-1.0161329645585022,1
-0.634918112038349,0.9009088760241706,-1.179024470547907,1.2160199231256996,-0.06640278899360229,-1.177851894974348,2.4413740852880284,-1.461440576166749,0.27645391515958084,0.23238544103697253,-0.7394662468772634,0.08765034327508442,0.9841231756854657,0
-0.634918112038349,0.9009088760241706,0.8491410419312149,0.4008963924695316,-0.5733475201700994,-1.177851894974348,2.4413740852880284,-1.461440576166749,-0.005521280078902488,1.1497546101905376,-0.4814607612315388,0.9011736694466097,-1.0161329645585022,0
-0.46546902347764374,0.9009088760241706,-1.179024470547907,0.45556960109360706,-0.911310674287764,0.9048055324001227,0.06599664927436881,-0.8828162337175963,0.4745079213389917,-0.570312581972397,-0.4814607612315388,0.008282213892496587,0.9841231756854657,0
-0.8043672005990544,0.9009088760241706,1.5251962127575889,-0.6613146662433332,-0.7423290972289317,0.21058638994196582,-0.7257958293968509,1.4316811360790147,0.2865244578466693,-0.11162799739561437,-0.4814607612315388,-0.6465048535138531,0.9841231756854657,0
-0.46546902347764374,-1.1099901739376037,-1.179024470547907,0.40053316780218506,-0.23538436605243465,-1.177851894974348,0.5410721364771007,1.4316811360790147,0.0851136041048956,-0.2262991435398101,-0.4814607612315388,-3.087074832028429,0.9841231756854657,0
-0.46546902347764374,0.9009088760241706,-0.502969299721533,-0.6368048973858621,0.2715603651240624,0.9048055324001227,0.8577891279455886,0.2744324511807092,1.8273174889712391,2.7551506562092767,-0.997471732522988,-0.44808453005738347,-1.0161329645585022,1
-0.634918112038349,-1.1099901739376037,-0.502969299721533,-0.6561821437699582,-0.404365943111267,0.9048055324001227,0.06599664927436881,-0.8828162337175963,1.223084927745918,1.379096902478929,-0.7394662468772634,1.35754041339649,-1.0161329645585022,1
-0.46546902347764374,0.9009088760241706,-0.502969299721533,-0.33299115171573984,-0.06640278899360229,-1.177851894974348,-0.7574675285436998,-1.461440576166749,-0.08944246913797492,-0.6849837281165926,-0.4814607612315388,-1.102871597463733,0.9841231756854657,0
-0.46546902347764374,-1.1099901739376037,-0.502969299721533,-0.10245403458857254,-0.404365943111267,-1.177851894974348,0.4618928886099787,-0.8828162337175963,0.16232109803924238,0.3470565871811683,-0.4814607612315388,-1.0830295651180861,0.9841231756854657,0
-0.8043672005990544,0.9009088760241706,0.8491410419312149,-0.8675157306582821,-0.7423290972289317,0.9048055324001227,-0.5753552584493192,0.2744324511807092,0.8336906105118219,1.1497546101905376,-0.7394662468772634,-1.8767108589439645,-1.0161329645585022,0
-0.634918112038349,0.9009088760241706,-1.179024470547907,-0.19886649520381822,-0.5733475201700994,-1.177851894974348,-0.646616581529729,-0.3041918912684436,-0.811164695045998,-0.6849837281165926,-0.4814607612315388,-0.3488743683291487,0.9841231756854657,0
-0.2960199349169384,0.9009088760241706,1.5251962127575889,1.8846217814496402,-0.5733475201700994,-1.177851894974348,1.6495816066168083,-0.8828162337175963,0.7430557263280237,-0.45564143582820127,-0.997471732522988,0.5241750548793175,0.9841231756854657,0
-0.46546902347764374,0.9009088760241706,1.5251962127575889,0.3411222461257634,0.10257878806523006,0.9048055324001227,-0.804975077263973,0.853056793629862,0.3939435798422821,-1.143668312693375,-0.997471732522988,-1.12271362980938,0.9841231756854657,0
-0.46546902347764374,0.9009088760241706,-1.179024470547907,0.3466495780201673,-0.404365943111267,-1.177851894974348,-0.17154109432699713,0.2744324511807092,0.27645391515958084,-0.6849837281165926,-0.4814607612315388,0.38528082845978884,-1.0161329645585022,0
-0.634918112038349,-1.1099901739376037,0.8491410419312149,-0.599992866969132,-0.5733475201700994,0.9048055324001227,-0.7257958293968509,-0.8828162337175963,1.327147202179168,-0.2262991435398101,-0.4814607612315388,0.46464895784237664,-1.0161329645585022,1
-0.8043672005990544,0.9009088760241706,1.5251962127575889,-0.6805971583663825,-0.911310674287764,0.9048055324001227,-0.7574675285436998,-1.461440576166749,-1.1804179269059165,-0.11162799739561437,-0.4814607612315388,0.4448069254967297,0.9841231756854657,0
-0.9738162891597597,0.9009088760241706,-1.179024470547907,-0.5291324720828736,-0.7423290972289317,-1.177851894974348,-0.17154109432699713,-1.461440576166749,-1.8752853723150364,0.4617277333253637,-0.997471732522988,0.06780831092943747,0.9841231756854657,0
-1.143265377720465,0.9009088760241706,0.8491410419312149,-0.6979056033842873,-0.911310674287764,-1.177851894974348,-0.2507203421941191,1.4316811360790147,-0.707102420612748,0.9204123179021463,-0.997471732522988,0.14717644031202531,0.9841231756854657,0
-1.143265377720465,-1.1099901739376037,-0.502969299721533,-0.108139290251388,-0.911310674287764,0.9048055324001227,0.06599664927436881,-0.8828162337175963,0.3939435798422821,0.003043148748581378,-0.997471732522988,-1.0036614357354983,-1.0161329645585022,0
-0.8043672005990544,0.9009088760241706,-1.179024470547907,0.28442761326602023,-0.5733475201700994,0.9048055324001227,-0.3774071387815143,1.4316811360790147,-0.5896127559300467,-0.7996548742607882,-0.7394662468772634,0.7424374106814341,0.9841231756854657,0
-0.46546902347764374,0.9009088760241706,-1.179024470547907,-0.14046628564523042,-0.911310674287764,-1.177851894974348,1.6495816066168083,0.2744324511807092,1.0351014642535956,1.6084391947673204,-0.4814607612315388,-0.5869787564769122,-1.0161329645585022,1
-0.8043672005990544,0.9009088760241706,-1.179024470547907,-0.4525394444032763,-0.7423290972289317,0.21058638994196582,-0.8208109268373974,-0.8828162337175963,0.2965950005337584,-0.570312581972397,-0.4814607612315388,-0.5472946917856183,0.9841231756854657,0
-0.46546902347764374,0.9009088760241706,0.8491410419312149,0.11964995330541851,-0.7423290972289317,0.9048055324001227,1.1745061194140765,-1.461440576166749,-1.0495008719737637,0.5763988794695595,-0.7394662468772634,-1.678290535487495,-1.0161329645585022,0
-0.9738162891597597,-1.1099901739376037,-1.179024470547907,-0.7918070760817895,-0.911310674287764,0.9048055324001227,-0.12403354560672394,0.853056793629862,-0.5661148229935064,1.8377814870557112,-0.997471732522988,-1.4600281796853785,-1.0161329645585022,1
-0.8043672005990544,-1.1099901739376037,0.8491410419312149,-0.6308037941862236,-0.7423290972289317,0.9048055324001227,-0.804975077263973,0.2744324511807092,-1.1804179269059165,-0.34097028968400567,-0.7394662468772634,-0.9838194033898514,0.9841231756854657,0
-0.634918112038349,0.9009088760241706,0.8491410419312149,-0.10082741977393367,-0.23538436605243465,0.9048055324001227,-0.4090788379283631,-1.461440576166749,-0.811164695045998,-0.45564143582820127,-0.4814607612315388,-1.7775006972157297,0.9841231756854657,0
-1.143265377720465,0.9009088760241706,-1.179024470547907,-0.5683607361563003,-0.911310674287764,0.9048055324001227,1.4120438630154424,0.2744324511807092,-0.03237606057780569,3.213835240786059,-0.997471732522988,0.0479662785837905,-1.0161329645585022,1
-0.8043672005990544,-1.1099901739376037,-1.179024470547907,-0.2985795625788651,-0.5733475201700994,0.9048055324001227,1.3684952766885254,1.4316811360790147,-0.08944246913797492,1.8377814870557112,-0.7394662468772634,0.6829113136444932,-1.0161329645585022,1
-0.2960199349169384,0.9009088760241706,0.8491410419312149,1.2177728769550678,-0.404365943111267,0.9048055324001227,-0.7970571524772607,-0.3041918912684436,0.860545391010725,-1.2583394588375707,-0.4814607612315388,-0.03140185079879733,-1.0161329645585022,0
-1.143265377720465,0.9009088760241706,-1.179024470547907,-0.5821001040081044,-0.911310674287764,0.21058638994196582,0.22435514500861276,-0.8828162337175963,-1.0495008719737637,1.379096902478929,-0.7394662468772634,0.028124246238143545,-1.0161329645585022,0
-0.8043672005990544,0.9009088760241706,-0.502969299721533,0.08245890584450065,-0.23538436605243465,-1.177851894974348,-0.5674373336626071,0.853056793629862,0.7229146409538463,-0.7996548742607882,-0.4814607612315388,0.5440170872249644,-1.0161329645585022,0
-0.46546902347764374,-1.1099901739376037,-1.179024470547907,-0.6064677414740052,0.10257878806523006,0.9048055324001227,-0.9474977234247925,1.4316811360790147,1.6829730437896346,-0.570312581972397,-0.7394662468772634,1.4567505751247247,-1.0161329645585022,1
-1.143265377720465,-1.1099901739376037,-1.179024470547907,-0.016511919819012004,-0.911310674287764,0.9048055324001227,0.38271364074285674,1.4316811360790147,0.23617174441122635,0.1177142948927768,-0.7394662468772634,0.7622794430270811,0.9841231756854657,0
-0.46546902347764374,0.9009088760241706,-1.179024470547907,-0.20556246298446756,-0.911310674287764,0.9048055324001227,-0.17154109432699713,-0.3041918912684436,1.0787404825643134,-0.11162799739561437,-0.7394662468772634,-1.4600281796853785,0.9841231756854657,0
-0.9738162891597597,0.9009088760241706,-0.502969299721533,-0.41907539787687076,-0.7423290972289317,-1.177851894974348,0.06599664927436881,-1.461440576166749,1.327147202179168,0.5763988794695595,-0.997471732522988,-0.5671367241312653,-1.0161329645585022,1
-0.9738162891597597,-1.1099901739376037,0.8491410419312149,-0.29403135804861275,-0.911310674287764,-1.177851894974348,0.22435514500861276,-0.8828162337175963,1.5688402266692962,0.4617277333253637,-0.7394662468772634,0.5241750548793175,-1.0161329645585022,0
-0.46546902347764374,0.9009088760241706,-1.179024470547907,-0.33453880464617297,-0.7423290972289317,-1.177851894974348,-0.4090788379283631,-0.8828162337175963,0.3637319517810161,-0.2262991435398101,-0.997471732522988,-0.8250831446246757,0.9841231756854657,0
-0.634918112038349,0.9009088760241706,-0.502969299721533,-0.4886092331084722,-0.7423290972289317,0.9048055324001227,-0.7257958293968509,-0.8828162337175963,-1.623521805137819,-0.45564143582820127,-0.997471732522988,-0.38855843302044263,0.9841231756854657,0
-0.46546902347764374,0.9009088760241706,0.8491410419312149,-0.8099525170722756,-0.5733475201700994,0.9048055324001227,-0.5674373336626071,1.4316811360790147,-1.0092187012254088,0.8057411717579506,-0.997471732522988,-0.38855843302044263,0.9841231756854657,0
-0.9738162891597597,-1.1099901739376037,-0.502969299721533,-0.34211914552992695,-0.7423290972289317,0.9048055324001227,-0.8841543251310949,1.4316811360790147,0.001192415045823164,-0.7996548742607882,-0.7394662468772634,-1.8171847619070236,-1.0161329645585022,0
-0.8043672005990544,0.9009088760241706,-1.179024470547907,0.34364902642034806,-0.911310674287764,0.9048055324001227,0.4618928886099787,-0.8828162337175963,-1.4993184453303918,-0.2262991435398101,-0.4814607612315388,0.008282213892496587,0.9841231756854657,0
-0.8043672005990544,-1.1099901739376037,-1.179024470547907,-0.049060008488630576,-0.7423290972289317,-1.177851894974348,1.6495816066168083,-0.8828162337175963,-1.0427871768490378,1.379096902478929,-0.7394662468772634,-0.011559818453150373,0.9841231756854657,0
-0.9738162891597597,0.9009088760241706,-0.502969299721533,-0.14561460049544664,-0.911310674287764,-1.177851894974348,-1.121692068732461,1.4316811360790147,0.5114332445249834,-1.143668312693375,-0.4814607612315388,1.258330251668255,0.9841231756854657,0
-0.634918112038349,-1.1099901739376037,-0.502969299721533,0.17064353812550506,-0.404365943111267,0.21058638994196582,3.2014948648123993,1.4316811360790147,0.001192415045823164,2.1817949254882985,-0.7394662468772634,-0.190138109563973,0.9841231756854657,0
-1.3127144662811705,0.9009088760241706,-0.502969299721533,2.3152483131542296,-0.911310674287764,-1.177851894974348,-1.2008713165995828,0.853056793629862,-0.811164695045998,-1.487681751125962,-0.997471732522988,-0.686188918205147,0.9841231756854657,0
-0.46546902347764374,0.9009088760241706,0.8491410419312149,-0.5023012238297528,-0.404365943111267,-1.177851894974348,-1.042512820865339,-1.461440576166749,1.0015329886299666,-0.9143260204049839,-0.997471732522988,0.8416475724096689,-1.0161329645585022,0
-0.634918112038349,0.9009088760241706,1.5251962127575889,0.36596365489689875,-0.23538436605243465,-1.177851894974348,-0.2903099661276801,-1.461440576166749,0.03811773823181484,-0.6849837281165926,-0.4814607612315388,0.4448069254967297,0.9841231756854657,0
-0.2960199349169384,0.9009088760241706,0.8491410419312149,1.1245504764617353,0.10257878806523006,-1.177851894974348,0.0976683484212176,0.853056793629862,-1.1804179269059165,-0.7996548742607882,-0.997471732522988,-1.8767108589439645,0.9841231756854657,0
-0.634918112038349,0.9009088760241706,-1.179024470547907,-0.23002485471141523,-0.5733475201700994,-1.177851894974348,0.22435514500861276,0.853056793629862,-1.8752853723150364,0.3470565871811683,-0.997471732522988,0.3654387961141419,-1.0161329645585022,0
-0.8043672005990544,0.9009088760241706,-1.179024470547907,-0.20444120422874562,-0.7423290972289317,0.9048055324001227,0.0976683484212176,-1.461440576166749,0.5785701957722418,0.1177142948927768,-0.997471732522988,0.12733440796637835,0.9841231756854657,0
-0.634918112038349,-1.1099901739376037,0.8491410419312149,1.4224894579469483,-0.404365943111267,0.21058638994196582,0.06599664927436881,-0.8828162337175963,-1.1804179269059165,-0.9143260204049839,-0.997471732522988,-0.8449251769703227,0.9841231756854657,0
-0.9738162891597597,-1.1099901739376037,0.8491410419312149,-0.582684421951227,-0.7423290972289317,0.9048055324001227,-1.359229812333827,-0.8828162337175963,0.9981761410676039,-1.3730106049817663,-0.7394662468772634,-1.4798702120310254,-1.0161329645585022,0
-0.634918112038349,0.9009088760241706,-1.179024470547907,-0.8645941409426686,-0.911310674287764,0.9048055324001227,-0.32198166527452887,-1.461440576166749,1.2700807936189982,1.8377814870557112,-0.7394662468772634,-1.4203441149940845,-1.0161329645585022,1
-0.9738162891597597,0.9009088760241706,-0.502969299721533,-0.5450038108082335,-0.911310674287764,-1.177851894974348,-0.3298995900612411,1.4316811360790147,-0.018948670328354386,0.3470565871811683,-0.7394662468772634,0.4844909901880236,0.9841231756854657,0
-0.46546902347764374,0.9009088760241706,-0.502969299721533,0.01687316482318773,-0.5733475201700994,0.9048055324001227,-0.4090788379283631,0.2744324511807092,-0.6936750303632967,-0.570312581972397,-0.997471732522988,-0.8846092416616166,0.9841231756854657,0
-1.143265377720465,0.9009088760241706,1.5251962127575889,-0.16927158100349546,-0.911310674287764,0.21058638994196582,-0.2507203421941191,1.4316811360790147,-0.11965409719924096,-0.2262991435398101,-0.997471732522988,0.6432272489531993,-1.0161329645585022,0
-0.9738162891597597,0.9009088760241706,-0.502969299721533,-0.2799445579063033,-0.7423290972289317,0.9048055324001227,-0.3298995900612411,-0.8828162337175963,-1.6839450612603513,-0.2262991435398101,-0.7394662468772634,0.8614896047553159,-1.0161329645585022,0
-0.8043672005990544,0.9009088760241706,-0.502969299721533,1.4039018304049098,-0.5733475201700994,0.21058638994196582,1.07949102197353,-0.8828162337175963,1.6628319584154578,-0.45564143582820127,-0.997471732522988,-0.22982217425526694,-1.0161329645585022,0
-0.46546902347764374,-1.1099901739376037,-1.179024470547907,-0.11069765529965497,-0.06640278899360229,-1.177851894974348,-1.042512820865339,1.4316811360790147,1.2029438423717405,-1.143668312693375,-0.4814607612315388,-0.9441353386985575,0.9841231756854657,0
-0.46546902347764374,0.9009088760241706,0.8491410419312149,0.07926884572258752,-0.23538436605243465,-1.177851894974348,-0.7178779046101388,-1.461440576166749,-1.8752853723150364,-0.9143260204049839,-0.7394662468772634,0.4249648931510827,-1.0161329645585022,0
-0.46546902347764374,-1.1099901739376037,-0.502969299721533,-0.33984504326480075,-0.5733475201700994,0.9048055324001227,-0.09236184645987515,0.2744324511807092,0.9343960373827085,0.1177142948927768,-0.997471732522988,0.5440170872249644,0.9841231756854657,0
-0.46546902347764374,-1.1099901739376037,1.5251962127575889,0.076141955108039,-0.06640278899360229,0.9048055324001227,-0.4090788379283631,-0.3041918912684436,0.9343960373827085,-0.6849837281165926,-0.997471732522988,1.5162766721616654,-1.0161329645585022,0
-0.2960199349169384,-1.1099901739376037,-0.502969299721533,0.28817040657737375,-0.911310674287764,0.9048055324001227,1.8079401023510524,1.4316811360790147,1.995159867089384,0.8057411717579506,-0.997471732522988,-1.7775006972157297,-1.0161329645585022,1
-0.9738162891597597,-1.1099901739376037,-1.179024470547907,-0.7926914491848941,-0.7423290972289317,0.9048055324001227,-1.2800505644667048,0.853056793629862,2.6128198185641573,-1.0289971665491795,-0.4814607612315388,0.7225953783357871,-1.0161329645585022,1
-0.9738162891597597,0.9009088760241706,-1.179024470547907,0.4568487836177405,-0.911310674287764,-1.177851894974348,1.0161476236798326,-1.461440576166749,-1.6705176710108995,0.1177142948927768,-0.7394662468772634,-2.075131182400434,-1.0161329645585022,0
-0.46546902347764374,-1.1099901739376037,0.8491410419312149,-0.43695236846105723,-0.5733475201700994,0.9048055324001227,0.38271364074285674,0.853056793629862,-0.707102420612748,1.035083464046342,-0.7394662468772634,-0.6266628211682062,0.9841231756854657,0
-0.8043672005990544,-1.1099901739376037,-0.502969299721533,-0.014253609930726972,-0.911310674287764,-1.177851894974348,0.6360872339176471,-0.8828162337175963,1.5486991412951188,0.3470565871811683,-0.7394662468772634,1.4765926074703717,0.9841231756854657,0
-0.634918112038349,0.9009088760241706,1.5251962127575889,-0.06456812254664389,-0.23538436605243465,0.9048055324001227,1.6495816066168083,1.4316811360790147,0.03811773823181484,1.379096902478929,-0.997471732522988,-1.0433455004267922,-1.0161329645585022,1
-0.8043672005990544,0.9009088760241706,-0.502969299721533,-0.3943129509899412,-0.911310674287764,0.9048055324001227,-1.2365019781397877,-0.8828162337175963,0.5752133482098789,-1.2583394588375707,-0.997471732522988,-0.6068207888225592,0.9841231756854657,0
-0.634918112038349,-1.1099901739376037,-1.179024470547907,-0.3916598316806273,-0.5733475201700994,-1.177851894974348,-0.06069014731302636,-0.3041918912684436,0.2965950005337584,0.3470565871811683,-0.4814607612315388,-0.09092794783573821,-1.0161329645585022,0
-0.8043672005990544,0.9009088760241706,0.8491410419312149,1.2183414025213493,-0.911310674287764,-1.177851894974348,1.6495816066168083,-1.461440576166749,0.5785701957722418,-0.11162799739561437,-0.7394662468772634,-1.0036614357354983,-1.0161329645585022,0
-0.9738162891597597,0.9009088760241706,1.5251962127575889,-0.8019773667674928,-0.7423290972289317,0.9048055324001227,-1.2008713165995828,-0.3041918912684436,0.2965950005337584,-0.7996548742607882,-0.997471732522988,1.278172284013902,-1.0161329645585022,1
-0.9738162891597597,-1.1099901739376037,0.8491410419312149,0.07028298329997085,-0.911310674287764,-1.177851894974348,-0.5674373336626071,0.2744324511807092,0.830333762949459,-0.7996548742607882,-0.7394662468772634,-0.09092794783573821,0.9841231756854657,0
-0.634918112038349,-1.1099901739376037,0.8491410419312149,-0.44522757392582196,-0.911310674287764,0.9048055324001227,-0.8128930020506852,0.2744324511807092,-0.5661148229935064,-0.570312581972397,-0.4814607612315388,0.38528082845978884,0.9841231756854657,0
-0.46546902347764374,0.9009088760241706,0.8491410419312149,-0.45681917852722903,-0.06640278899360229,0.9048055324001227,-0.3140637404878167,0.2744324511807092,0.03811773823181484,0.1177142948927768,-0.4814607612315388,1.0202258635204915,-1.0161329645585022,0
-0.46546902347764374,-1.1099901739376037,-0.502969299721533,-0.3939497263225946,-0.911310674287764,0.9048055324001227,0.24019099458203716,0.853056793629862,0.7061304031420315,0.6910700256137552,-0.997471732522988,0.4448069254967297,0.9841231756854657,0
-1.143265377720465,-1.1099901739376037,1.5251962127575889,-0.8609618942692032,-0.911310674287764,0.9048055324001227,-0.7257958293968509,-0.8828162337175963,0.001192415045823164,0.6910700256137552,-0.997471732522988,1.258330251668255,-1.0161329645585022,1
-0.634918112038349,0.9009088760241706,-0.502969299721533,-0.4499652869781682,-0.7423290972289317,-1.177851894974348,2.005888222018857,1.4316811360790147,0.03476089066945202,3.328506386930255,-0.997471732522988,0.5241750548793175,0.9841231756854657,0
-1.143265377720465,0.9009088760241706,0.8491410419312149,-1.0175117258955637,-0.911310674287764,0.21058638994196582,-0.8524826259842462,-0.8828162337175963,0.830333762949459,1.4937680486231246,-0.4814607612315388,0.5440170872249644,-1.0161329645585022,1
-0.9738162891597597,0.9009088760241706,0.8491410419312149,-0.10441228931687564,-0.911310674287764,-1.177851894974348,-0.3298995900612411,0.853056793629862,0.2193875065994116,-0.45564143582820127,-0.4814607612315388,0.028124246238143545,-1.0161329645585022,0
-0.2960199349169384,-1.1099901739376037,-0.502969299721533,0.27045135976159884,-0.23538436605243465,-1.177851894974348,-0.3298995900612411,0.853056793629862,1.417782086362966,-0.6849837281165926,-0.4814607612315388,-0.20998014190961997,-1.0161329645585022,1
-0.634918112038349,-1.1099901739376037,-0.502969299721533,-0.4528868766937817,-0.7423290972289317,-1.177851894974348,1.5228948100294133,0.853056793629862,-1.0427871768490378,2.640479510065081,-0.4814607612315388,0.8813316371009629,0.9841231756854657,0
-0.634918112038349,-1.1099901739376037,-0.502969299721533,0.7602835122436751,-0.7423290972289317,-1.177851894974348,0.8577891279455886,-0.8828162337175963,-1.1804179269059165,-0.2262991435398101,-0.997471732522988,-0.20998014190961997,-1.0161329645585022,0
-0.9738162891597597,-1.1099901739376037,-1.179024470547907,-0.4902042631694288,-0.911310674287764,-1.177851894974348,-0.765385453330412,-1.461440576166749,0.001192415045823164,-0.45564143582820127,-0.7394662468772634,0.5043330225336705,0.9841231756854657,0
-0.8043672005990544,0.9009088760241706,0.8491410419312149,-0.3881855087755734,-0.911310674287764,0.9048055324001227,0.25602684415546156,0.853056793629862,-0.1397951825734185,0.6910700256137552,-0.4814607612315388,-0.7853990799333818,0.9841231756854657,0
-0.634918112038349,0.9009088760241706,-0.502969299721533,-0.24221656963278618,-0.5733475201700994,0.9048055324001227,-0.09236184645987515,0.853056793629862,-1.1804179269059165,0.003043148748581378,-0.4814607612315388,0.9011736694466097,-1.0161329645585022,0
-0.9738162891597597,0.9009088760241706,-1.179024470547907,0.04108287852067694,-0.911310674287764,-1.177851894974348,-0.963333572998217,-0.8828162337175963,-1.5496711587658354,-1.143668312693375,-0.4814607612315388,-1.182239726846321,0.9841231756854657,0
-0.2960199349169384,-1.1099901739376037,-0.502969299721533,-0.14856777496474247,-0.404365943111267,-1.177851894974348,-1.042512820865339,0.2744324511807092,-1.371758237960602,-1.143668312693375,-0.997471732522988,0.4448069254967297,0.9841231756854657,0
-0.8043672005990544,-1.1099901739376037,1.5251962127575889,-0.49337853091450073,-0.06640278899360229,-1.177851894974348,-0.21113071826055813,0.2744324511807092,-0.5661148229935064,0.3470565871811683,-0.7394662468772634,0.801963507718375,0.9841231756854657,0
-0.9738162891597597,0.9009088760241706,-1.179024470547907,-0.486335130843346,-0.23538436605243465,0.9048055324001227,-0.4090788379283631,-1.461440576166749,0.3301634761573873,0.003043148748581378,-0.7394662468772634,-1.5790803737592602,0.9841231756854657,0
-0.634918112038349,0.9009088760241706,-0.502969299721533,0.11968153805910083,-0.5733475201700994,-1.177851894974348,-0.2507203421941191,-1.461440576166749,-1.0495008719737637,-0.570312581972397,-0.7394662468772634,1.0003838311748445,0.9841231756854657,0
-0.634918112038349,-1.1099901739376037,-0.502969299721533,0.11773907570763886,-0.5733475201700994,0.9048055324001227,0.8577891279455886,-0.8828162337175963,-0.005521280078902488,0.3470565871811683,-0.997471732522988,0.6432272489531993,-1.0161329645585022,0
-0.8043672005990544,0.9009088760241706,-1.179024470547907,0.46193392896059216,-0.911310674287764,-1.177851894974348,0.38271364074285674,-0.8828162337175963,0.001192415045823164,-0.34097028968400567,-0.7394662468772634,0.3654387961141419,0.9841231756854657,0
-0.634918112038349,0.9009088760241706,0.8491410419312149,-0.2853771355396603,-0.911310674287764,-1.177851894974348,-0.17154109432699713,-0.8828162337175963,-0.6936750303632967,0.003043148748581378,-0.4814607612315388,-0.32903233598350173,0.9841231756854657,0
-0.2960199349169384,0.9009088760241706,-0.502969299721533,1.3301672229335615,-0.7423290972289317,0.9048055324001227,0.38271364074285674,-0.3041918912684436,1.2465828606824585,-0.7996548742607882,-0.7394662468772634,-0.32903233598350173,0.9841231756854657,0
-0.9738162891597597,0.9009088760241706,0.8491410419312149,-0.3003009316545509,-0.911310674287764,0.9048055324001227,0.06599664927436881,-0.8828162337175963,-1.0495008719737637,0.23238544103697253,-0.4814607612315388,-0.5472946917856183,-1.0161329645585022,0
-0.8043672005990544,-1.1099901739376037,0.8491410419312149,-0.25047598272070976,-0.404365943111267,-1.177851894974348,0.8577891279455886,0.853056793629862,1.8407448792206904,1.035083464046342,-0.997471732522988,-1.0830295651180861,0.9841231756854657,0
-0.8043672005990544,-1.1099901739376037,-1.179024470547907,-0.11110825709752498,-0.911310674287764,-1.177851894974348,-0.4090788379283631,0.853056793629862,-1.4993184453303918,-0.45564143582820127,-0.997471732522988,1.0995939929030794,0.9841231756854657,0
-0.46546902347764374,-1.1099901739376037,0.8491410419312149,-0.29690557063370276,-0.06640278899360229,-1.177851894974348,-0.5674373336626071,-1.461440576166749,-1.4254677989584081,-0.45564143582820127,-0.997471732522988,0.12733440796637835,0.9841231756854657,0
-0.46546902347764374,-1.1099901739376037,-1.179024470547907,-0.560954111417799,-0.23538436605243465,-1.177851894974348,-0.4090788379283631,-0.3041918912684436,0.5785701957722418,0.23238544103697253,-0.4814607612315388,0.0479662785837905,0.9841231756854657,0
-0.9738162891597597,-1.1099901739376037,-0.502969299721533,-0.3411558105426165,-0.911310674287764,-1.177851894974348,-1.2800505644667048,0.853056793629862,0.8135495251376443,-1.2583394588375707,-0.4814607612315388,0.6233852166075523,-1.0161329645585022,0
-0.46546902347764374,-1.1099901739376037,-1.179024470547907,-0.06922687371478434,0.2715603651240624,0.9048055324001227,2.4413740852880284,-0.8828162337175963,0.5785701957722418,2.1817949254882985,-0.4814607612315388,-0.5869787564769122,-1.0161329645585022,1
-0.46546902347764374,-1.1099901739376037,-1.179024470547907,-0.3106923156160303,-0.5733475201700994,0.9048055324001227,-0.2903099661276801,-0.8828162337175963,-0.46205254856025635,-0.11162799739561437,-0.997471732522988,0.14717644031202531,-1.0161329645585022,0
-0.634918112038349,0.9009088760241706,0.8491410419312149,-0.026745380012079854,-0.911310674287764,-1.177851894974348,0.38271364074285674,-1.461440576166749,2.1999275683935204,0.1177142948927768,-0.4814607612315388,-0.36871640067479566,-1.0161329645585022,1
-1.143265377720465,-1.1099901739376037,-1.179024470547907,-0.1353495555486965,-0.911310674287764,-1.177851894974348,-0.7257958293968509,-0.8828162337175963,-0.34120603631519225,-0.7996548742607882,-0.7394662468772634,-1.4600281796853785,-1.0161329645585022,1
-1.143265377720465,-1.1099901739376037,-0.502969299721533,-0.791443851414443,-0.911310674287764,0.21058638994196582,-0.4090788379283631,0.853056793629862,0.2865244578466693,1.035083464046342,-0.7394662468772634,0.305912699077201,0.9841231756854657,0
-0.2960199349169384,0.9009088760241706,-0.502969299721533,-0.030030194395039903,-0.404365943111267,-1.177851894974348,-0.2507203421941191,-1.461440576166749,0.3905867322799193,-0.45564143582820127,-0.997471732522988,-0.22982217425526694,-1.0161329645585022,1
-0.2960199349169384,0.9009088760241706,-1.179024470547907,0.46003884373965365,0.10257878806523006,-1.177851894974348,-1.01084112171849,-0.8828162337175963,0.7430557263280237,-1.2583394588375707,-0.4814607612315388,0.6432272489531993,0.9841231756854657,0
-0.9738162891597597,0.9009088760241706,-0.502969299721533,-0.21901756805313083,-0.911310674287764,0.9048055324001227,0.38271364074285674,1.4316811360790147,-0.8447331706696268,0.4617277333253637,-0.4814607612315388,-0.46792656240303043,0.9841231756854657,0
-0.46546902347764374,-1.1099901739376037,-0.502969299721533,-0.10640212879886106,-0.5733475201700994,0.9048055324001227,-0.4090788379283631,-1.461440576166749,-0.5896127559300467,-0.45564143582820127,-0.4814607612315388,-1.0036614357354983,0.9841231756854657,0
-0.2960199349169384,-1.1099901739376037,-0.502969299721533,1.9760912281136047,-0.06640278899360229,-1.177851894974348,1.6495816066168083,1.4316811360790147,-0.21364582894540246,-0.45564143582820127,-0.4814607612315388,0.008282213892496587,0.9841231756854657,0
-0.634918112038349,0.9009088760241706,-1.179024470547907,-0.6060571396761352,-0.7423290972289317,-1.177851894974348,-1.121692068732461,0.853056793629862,-0.707102420612748,-0.9143260204049839,-0.7394662468772634,-0.20998014190961997,-1.0161329645585022,0
-0.2960199349169384,0.9009088760241706,1.5251962127575889,0.8379977986789944,-0.404365943111267,-1.177851894974348,-0.7257958293968509,-0.8828162337175963,0.5651428055227898,-1.143668312693375,-0.7394662468772634,-1.6386064707962011,0.9841231756854657,0
-0.9738162891597597,0.9009088760241706,-1.179024470547907,-0.8124003354826544,-0.911310674287764,-1.177851894974348,-1.042512820865339,-0.8828162337175963,-0.6936750303632967,-0.34097028968400567,-0.4814607612315388,0.286070666731554,0.9841231756854657,0
-0.634918112038349,0.9009088760241706,0.8491410419312149,-0.10766551894615338,-0.911310674287764,-1.177851894974348,0.6994306322113446,1.4316811360790147,-1.173704231781191,0.5763988794695595,-0.4814607612315388,0.286070666731554,-1.0161329645585022,0
-0.8043672005990544,0.9009088760241706,1.5251962127575889,-0.49198880175247917,-0.911310674287764,0.9048055324001227,-0.2507203421941191,-0.8828162337175963,0.16232109803924238,0.23238544103697253,-0.997471732522988,-0.26950623894656084,0.9841231756854657,0
-0.9738162891597597,-1.1099901739376037,-1.179024470547907,-0.5861587448562809,-0.911310674287764,0.9048055324001227,0.0026532509806712224,1.4316811360790147,2.737023178371585,0.9204123179021463,-0.4814607612315388,0.5837011519162584,-1.0161329645585022,1
-0.9738162891597597,0.9009088760241706,0.8491410419312149,-0.6778177000423393,-0.911310674287764,0.9048055324001227,0.8577891279455886,-1.461440576166749,1.4312094766124175,3.0991640946418633,-0.4814607612315388,0.8416475724096689,-1.0161329645585022,1
-0.46546902347764374,0.9009088760241706,-1.179024470547907,1.5990008539005274,-0.23538436605243465,-1.177851894974348,2.4413740852880284,-0.3041918912684436,-0.21364582894540246,0.003043148748581378,-0.997471732522988,-0.26950623894656084,0.9841231756854657,0
-1.143265377720465,-1.1099901739376037,-1.179024470547907,-0.6753067121245958,-0.911310674287764,0.9048055324001227,0.06599664927436881,0.853056793629862,0.3301634761573873,1.4937680486231246,-0.7394662468772634,-0.011559818453150373,-1.0161329645585022,1
-0.8043672005990544,-1.1099901739376037,-0.502969299721533,0.39246326323635533,-0.7423290972289317,-1.177851894974348,0.6994306322113446,0.853056793629862,-1.2475548781531747,-0.11162799739561437,-0.7394662468772634,-3.067232799682782,0.9841231756854657,0
-0.8043672005990544,0.9009088760241706,1.5251962127575889,-0.0694795517442428,-0.404365943111267,-1.177851894974348,-0.5040939353689095,0.2744324511807092,-0.3109944082539262,-0.6849837281165926,-0.7394662468772634,1.0995939929030794,0.9841231756854657,0
-0.8043672005990544,-1.1099901739376037,-0.502969299721533,-0.6307564170557002,-0.7423290972289317,0.9048055324001227,-0.8841543251310949,-1.461440576166749,0.001192415045823164,-0.45564143582820127,-0.997471732522988,0.9606997664835506,0.9841231756854657,0
-0.2960199349169384,0.9009088760241706,-1.179024470547907,1.0647131606106024,-0.911310674287764,-1.177851894974348,-0.7574675285436998,-1.461440576166749,0.001192415045823164,-1.2583394588375707,-0.997471732522988,0.4844909901880236,0.9841231756854657,0
-0.8043672005990544,-1.1099901739376037,0.8491410419312149,-0.4949577685986162,-0.911310674287764,-1.177851894974348,-1.2008713165995828,-1.461440576166749,-0.005521280078902488,-1.143668312693375,-0.4814607612315388,-1.3211339532658497,0.9841231756854657,0
-0.8043672005990544,0.9009088760241706,-1.179024470547907,1.7866932526576438,-0.5733475201700994,-1.177851894974348,4.024959042630468,1.4316811360790147,-1.1233515183457474,0.4617277333253637,-0.7394662468772634,-0.30919030363785477,0.9841231756854657,0
-0.9738162891597597,0.9009088760241706,1.5251962127575889,-0.05499794218090451,-0.911310674287764,-1.177851894974348,2.4413740852880284,0.2744324511807092,1.1324500435621199,2.1817949254882985,-0.997471732522988,0.06780831092943747,-1.0161329645585022,1
-0.2960199349169384,0.9009088760241706,-1.179024470547907,0.022590005239685507,-0.5733475201700994,-1.177851894974348,0.06599664927436881,-0.3041918912684436,0.4040141225293712,-0.2262991435398101,-0.7394662468772634,-1.102871597463733,0.9841231756854657,0
-0.9738162891597597,0.9009088760241706,0.8491410419312149,-0.5128347391828025,-0.911310674287764,0.21058638994196582,0.06599664927436881,-0.8828162337175963,1.0015329886299666,0.8057411717579506,-0.4814607612315388,0.38528082845978884,-1.0161329645585022,0
-0.8043672005990544,-1.1099901739376037,-0.502969299721533,-0.1342440891698157,-0.7423290972289317,0.9048055324001227,-1.042512820865339,-0.8828162337175963,-0.21700267650776528,-1.143668312693375,-0.7394662468772634,0.9805417988291976,-1.0161329645585022,1
-0.9738162891597597,-1.1099901739376037,-0.502969299721533,0.6482208061788457,-0.7423290972289317,0.9048055324001227,-1.327558113186978,-1.461440576166749,-0.811164695045998,-1.487681751125962,-0.4814607612315388,0.18686050500331922,0.9841231756854657,0
-0.2960199349169384,-1.1099901739376037,0.17308587110484092,-0.6414320638003203,-0.911310674287764,0.9048055324001227,-0.3298995900612411,1.4316811360790147,0.9343960373827085,0.5763988794695595,-0.7394662468772634,-0.15045404487267908,0.9841231756854657,0
-0.8043672005990544,0.9009088760241706,0.8491410419312149,0.3469812179338316,-0.404365943111267,0.9048055324001227,0.8577891279455886,-1.461440576166749,0.1119683846037988,0.1177142948927768,-0.4814607612315388,-2.5910240233872552,0.9841231756854657,0
-0.8043672005990544,-1.1099901739376037,-1.179024470547907,0.36659534997054494,-0.911310674287764,0.9048055324001227,-0.7257958293968509,-0.8828162337175963,0.03476089066945202,-1.0289971665491795,-0.997471732522988,-1.3409759856114967,0.9841231756854657,0
-0.8043672005990544,0.9009088760241706,0.8491410419312149,-0.7167617013326253,-0.911310674287764,0.9048055324001227,-0.7257958293968509,1.4316811360790147,0.25966967734776614,0.003043148748581378,-0.7394662468772634,-2.154499311783022,0.9841231756854657,0
-0.634918112038349,0.9009088760241706,-1.179024470547907,-0.10717595526407761,-0.911310674287764,0.21058638994196582,0.8577891279455886,-0.3041918912684436,0.27645391515958084,0.8057411717579506,-0.7394662468772634,0.7225953783357871,0.9841231756854657,0
-0.634918112038349,0.9009088760241706,-0.502969299721533,-0.598666307314475,-0.911310674287764,0.9048055324001227,-0.4090788379283631,1.4316811360790147,0.7229146409538463,0.3470565871811683,-0.4814607612315388,-1.2814498885745558,-1.0161329645585022,1
-0.9738162891597597,0.9009088760241706,-0.502969299721533,-0.2593670908822795,-0.911310674287764,-1.177851894974348,0.06599664927436881,0.853056793629862,0.9612508178816116,0.23238544103697253,-0.4814607612315388,0.0479662785837905,-1.0161329645585022,1
-0.8043672005990544,0.9009088760241706,-0.502969299721533,-0.9950075888969191,-0.911310674287764,0.9048055324001227,-1.0741845200121878,-0.3041918912684436,1.4110683912382405,0.3470565871811683,-0.997471732522988,-0.011559818453150373,-1.0161329645585022,1
-0.9738162891597597,0.9009088760241706,-1.179024470547907,-0.4861140375675699,-0.911310674287764,0.9048055324001227,1.4912231108825644,-0.8828162337175963,0.3939435798422821,2.869821802353472,-0.997471732522988,-1.7576586648700827,-1.0161329645585022,1
-0.9738162891597597,-1.1099901739376037,-1.179024470547907,-0.33018010863801445,-0.911310674287764,0.9048055324001227,1.6495816066168083,1.4316811360790147,0.11868207972852446,2.2964660716324943,-0.997471732522988,-0.36871640067479566,-1.0161329645585022,1
-0.634918112038349,0.9009088760241706,-1.179024470547907,-0.7194621977724627,-0.911310674287764,0.21058638994196582,-0.4090788379283631,0.853056793629862,-1.0427871768490378,0.6910700256137552,-0.997471732522988,-0.24966420660091387,0.9841231756854657,0
-0.46546902347764374,-1.1099901739376037,1.5251962127575889,1.9375736209980299,-0.911310674287764,-1.177851894974348,4.024959042630468,-1.461440576166749,-0.11965409719924096,0.3470565871811683,-0.4814607612315388,-0.2893482712922078,0.9841231756854657,0
-0.8043672005990544,-1.1099901739376037,-0.502969299721533,-0.40333039816624017,-0.7423290972289317,-1.177851894974348,-0.963333572998217,-0.8828162337175963,0.001192415045823164,-0.9143260204049839,-0.4814607612315388,0.8813316371009629,-1.0161329645585022,0
-0.46546902347764374,0.9009088760241706,-1.179024470547907,-0.3557163819901606,-0.911310674287764,0.21058638994196582,-0.8841543251310949,1.4316811360790147,-1.4724636648314886,-0.7996548742607882,-0.997471732522988,-0.5472946917856183,0.9841231756854657,0
-1.143265377720465,-1.1099901739376037,-1.179024470547907,-0.7535579393725143,-0.7423290972289317,0.9048055324001227,-0.5674373336626071,-1.461440576166749,-1.1804179269059165,0.5763988794695595,-0.997471732522988,0.5440170872249644,-1.0161329645585022,0
-0.2960199349169384,-1.1099901739376037,1.5251962127575889,-0.258593264417063,-0.404365943111267,-1.177851894974348,-0.4882580857954851,-1.461440576166749,1.5688402266692962,-0.45564143582820127,-0.7394662468772634,-1.5592383414136133,-1.0161329645585022,1
-0.8043672005990544,0.9009088760241706,-0.502969299721533,-0.7001797056494135,-0.404365943111267,0.21058638994196582,0.06599664927436881,-0.8828162337175963,2.5557534100039887,1.6084391947673204,-0.4814607612315388,0.5241750548793175,-1.0161329645585022,1
-0.9738162891597597,-1.1099901739376037,-1.179024470547907,0.7823454626907673,-0.5733475201700994,-1.177851894974348,0.06599664927436881,1.4316811360790147,-1.2475548781531747,-0.6849837281165926,-0.4814607612315388,-0.686188918205147,0.9841231756854657,0
-0.46546902347764374,0.9009088760241706,-0.502969299721533,-0.11155044364907729,-0.5733475201700994,-1.177851894974348,-0.7257958293968509,1.4316811360790147,-1.2475548781531747,-0.7996548742607882,-0.7394662468772634,0.782121475372728,-1.0161329645585022,0
-0.8043672005990544,-1.1099901739376037,0.8491410419312149,-0.14201393857566352,-0.7423290972289317,-1.177851894974348,-0.8841543251310949,-1.461440576166749,-1.0092187012254088,-0.9143260204049839,-0.7394662468772634,-0.5274526594399713,0.9841231756854657,0
-0.9738162891597597,0.9009088760241706,-1.179024470547907,-0.6429797167307534,-0.911310674287764,0.9048055324001227,-0.6624524311031534,-0.8828162337175963,1.7736079279734327,0.003043148748581378,-0.997471732522988,1.0599099282117854,-1.0161329645585022,1
-0.8043672005990544,-1.1099901739376037,1.5251962127575889,0.9124114783545124,-0.5733475201700994,-1.177851894974348,-0.2507203421941191,-0.8828162337175963,0.561785957960427,-0.9143260204049839,-0.7394662468772634,-0.30919030363785477,0.9841231756854657,0
-1.143265377720465,0.9009088760241706,0.8491410419312149,-0.4895725680957826,-0.911310674287764,-1.177851894974348,-0.7257958293968509,0.853056793629862,-1.4724636648314886,-0.45564143582820127,-0.997471732522988,-1.7179746001787888,0.9841231756854657,0
-0.634918112038349,-1.1099901739376037,0.8491410419312149,0.3833352694221683,-0.23538436605243465,-1.177851894974348,1.6495816066168083,0.853056793629862,-0.005521280078902488,0.5763988794695595,-0.7394662468772634,0.06780831092943747,-1.0161329645585022,1
-0.634918112038349,0.9009088760241706,-0.502969299721533,-0.6772333820992166,-0.23538436605243465,0.9048055324001227,-1.042512820865339,1.4316811360790147,-1.1804179269059165,-0.6849837281165926,-0.7394662468772634,1.5559607368529593,0.9841231756854657,0
-0.634918112038349,0.9009088760241706,-1.179024470547907,-0.4923046492893023,-0.911310674287764,0.9048055324001227,0.06599664927436881,0.853056793629862,0.3301634761573873,0.8057411717579506,-0.4814607612315388,0.6233852166075523,-1.0161329645585022,0
-0.46546902347764374,-1.1099901739376037,-0.502969299721533,-0.516261684957333,-0.23538436605243465,-1.177851894974348,0.38271364074285674,-0.8828162337175963,-0.21028898138303903,1.2644257563347332,-0.7394662468772634,1.4170665104334308,-1.0161329645585022,0
-0.2960199349169384,-1.1099901739376037,1.5251962127575889,-0.5300484299396605,-0.06640278899360229,0.9048055324001227,0.06599664927436881,1.4316811360790147,1.3103629643673533,0.9204123179021463,-0.997471732522988,-0.8647672093159696,0.9841231756854657,0
-0.8043672005990544,-1.1099901739376037,1.5251962127575889,0.17823967138610017,-0.911310674287764,0.9048055324001227,-0.7257958293968509,1.4316811360790147,-1.1804179269059165,-1.0289971665491795,-0.4814607612315388,-0.5472946917856183,0.9841231756854657,0
-0.46546902347764374,-1.1099901739376037,-1.179024470547907,-0.6268241152222528,0.10257878806523006,-1.177851894974348,0.4618928886099787,-0.8828162337175963,-1.0427871768490378,1.952452633199907,-0.997471732522988,0.305912699077201,-1.0161329645585022,0
-0.634918112038349,0.9009088760241706,-1.179024470547907,-0.017585801444210482,-0.911310674287764,-1.177851894974348,-0.9950052721450657,-0.8828162337175963,-1.173704231781191,-1.143668312693375,-0.997471732522988,-0.09092794783573821,0.9841231756854657,0
-0.46546902347764374,-1.1099901739376037,0.8491410419312149,1.5944210646165928,-0.404365943111267,-1.177851894974348,-0.2190486430472703,1.4316811360790147,-1.7510820125076092,-1.0289971665491795,-0.997471732522988,-0.9441353386985575,-1.0161329645585022,0
-1.143265377720465,-1.1099901739376037,1.5251962127575889,-0.10979748981970919,-0.911310674287764,0.9048055324001227,-0.7257958293968509,1.4316811360790147,-0.8447331706696268,-0.7996548742607882,-0.997471732522988,0.16701847265767225,0.9841231756854657,0
-0.8043672005990544,0.9009088760241706,0.8491410419312149,-0.5817368793407579,-0.7423290972289317,-1.177851894974348,-1.1850354670261585,1.4316811360790147,-1.8752853723150364,-1.0289971665491795,-0.997471732522988,-0.4282424977117365,0.9841231756854657,0
-0.634918112038349,-1.1099901739376037,-0.502969299721533,-0.10594414987046759,-0.5733475201700994,0.9048055324001227,0.4618928886099787,0.853056793629862,0.16232109803924238,0.3470565871811683,-0.7394662468772634,0.0479662785837905,-1.0161329645585022,0
-0.2960199349169384,0.9009088760241706,-1.179024470547907,0.42352686848290544,-0.404365943111267,0.9048055324001227,0.06599664927436881,0.853056793629862,0.5651428055227898,-0.570312581972397,-0.4814607612315388,0.8813316371009629,0.9841231756854657,0
-0.8043672005990544,0.9009088760241706,0.8491410419312149,-0.3832582872011333,-0.911310674287764,0.9048055324001227,-0.7257958293968509,0.853056793629862,1.0787404825643134,-0.570312581972397,-0.4814607612315388,-0.20998014190961997,-1.0161329645585022,0
-0.46546902347764374,0.9009088760241706,-1.179024470547907,1.064460482581144,0.2715603651240624,-1.177851894974348,1.6495816066168083,0.853056793629862,0.7464125738903866,0.003043148748581378,-0.4814607612315388,-1.6187644384505542,0.9841231756854657,0
-0.46546902347764374,-1.1099901739376037,-1.179024470547907,-0.2977583589831251,-0.911310674287764,0.21058638994196582,-0.06464910970638246,0.853056793629862,2.8243012149930204,0.1177142948927768,-0.4814607612315388,-0.3488743683291487,-1.0161329645585022,0
-0.8043672005990544,-1.1099901739376037,-0.502969299721533,0.1015992665759794,-0.911310674287764,0.9048055324001227,0.27186269372888594,0.853056793629862,-1.1804179269059165,-0.11162799739561437,-0.7394662468772634,0.4249648931510827,0.9841231756854657,0
-0.634918112038349,0.9009088760241706,-0.502969299721533,-0.9500624844069946,-0.5733475201700994,0.9048055324001227,-0.8524826259842462,-0.8828162337175963,0.001192415045823164,0.8057411717579506,-0.997471732522988,0.5638591195706114,-1.0161329645585022,1
-0.8043672005990544,-1.1099901739376037,-0.502969299721533,-0.502317016206594,-0.5733475201700994,-1.177851894974348,-1.002923196931778,0.2744324511807092,0.001192415045823164,-0.7996548742607882,-0.7394662468772634,-0.6663468858595001,-1.0161329645585022,1
-0.634918112038349,0.9009088760241706,-0.502969299721533,-0.7934810680269518,-0.7423290972289317,0.9048055324001227,-0.646616581529729,0.2744324511807092,1.0955247203761276,0.5763988794695595,-0.997471732522988,0.9011736694466097,-1.0161329645585022,0
-0.8043672005990544,0.9009088760241706,0.8491410419312149,-0.015785470484318918,-0.404365943111267,0.9048055324001227,-0.5674373336626071,0.2744324511807092,-0.46205254856025635,-0.6849837281165926,-0.7394662468772634,-0.7853990799333818,0.9841231756854657,0
-0.2960199349169384,0.9009088760241706,-0.502969299721533,0.3637211373854549,0.10257878806523006,-1.177851894974348,0.06599664927436881,-0.8828162337175963,1.0351014642535956,-0.45564143582820127,-0.997471732522988,0.0479662785837905,0.9841231756854657,0
-0.8043672005990544,0.9009088760241706,0.8491410419312149,-0.5883223004835191,-0.911310674287764,0.9048055324001227,-0.4090788379283631,-0.3041918912684436,0.3301634761573873,0.23238544103697253,-0.7394662468772634,-2.075131182400434,-1.0161329645585022,1
-1.143265377720465,0.9009088760241706,-1.179024470547907,-0.565249637918593,-0.911310674287764,-1.177851894974348,-1.359229812333827,0.2744324511807092,0.4745079213389917,-1.3730106049817663,-0.997471732522988,0.46464895784237664,0.9841231756854657,0
-0.634918112038349,0.9009088760241706,0.8491410419312149,-0.4839346895634906,-0.404365943111267,0.9048055324001227,-0.9118670618845877,1.4316811360790147,-0.33784918875282943,-0.6849837281165926,-0.7394662468772634,-0.26950623894656084,0.9841231756854657,0
-0.9738162891597597,0.9009088760241706,-1.179024470547907,-0.4485597654393055,-0.911310674287764,0.21058638994196582,0.38271364074285674,-0.8828162337175963,0.001192415045823164,1.035083464046342,-0.7394662468772634,-1.7179746001787888,0.9841231756854657,0
-0.46546902347764374,-1.1099901739376037,-0.502969299721533,-0.4893830595736888,-0.7423290972289317,-1.177851894974348,-0.963333572998217,0.2744324511807092,0.8336906105118219,-0.7996548742607882,-0.7394662468772634,0.9011736694466097,-1.0161329645585022,0
-1.143265377720465,-1.1099901739376037,0.8491410419312149,-0.9062228462959508,-0.7423290972289317,0.9048055324001227,-0.5991090328094558,-0.3041918912684436,1.2465828606824585,1.379096902478929,-0.997471732522988,-0.051243883144444294,-1.0161329645585022,1
-0.46546902347764374,0.9009088760241706,-0.502969299721533,0.36586890063585187,0.10257878806523006,-1.177851894974348,0.38271364074285674,-1.461440576166749,1.223084927745918,-0.2262991435398101,-0.997471732522988,-1.4401861473397315,0.9841231756854657,0
-0.46546902347764374,-1.1099901739376037,-1.179024470547907,0.34447023001608806,-0.404365943111267,0.9048055324001227,-0.2507203421941191,1.4316811360790147,1.8273174889712391,-0.6849837281165926,-0.4814607612315388,-0.5076106270943244,-1.0161329645585022,1
-0.46546902347764374,-1.1099901739376037,-0.502969299721533,-0.8408266137967317,-0.5733475201700994,0.9048055324001227,-0.3298995900612411,0.2744324511807092,0.1119683846037988,1.6084391947673204,-0.7394662468772634,0.46464895784237664,-1.0161329645585022,1
-0.8043672005990544,0.9009088760241706,0.8491410419312149,-0.14623050319225167,-0.5733475201700994,0.9048055324001227,0.5094004373302519,-0.8828162337175963,0.4745079213389917,0.4617277333253637,-0.4814607612315388,-1.0830295651180861,0.9841231756854657,0
-0.8043672005990544,0.9009088760241706,0.8491410419312149,-0.7043962702660016,-0.911310674287764,-1.177851894974348,-0.7257958293968509,0.2744324511807092,0.3301634761573873,0.003043148748581378,-0.4814607612315388,-0.17029607721832604,0.9841231756854657,0
-0.9738162891597597,0.9009088760241706,0.8491410419312149,-0.6746750170509497,-0.911310674287764,-1.177851894974348,-0.47242223622206064,-0.8828162337175963,1.1458774338115711,0.4617277333253637,-0.4814607612315388,-1.102871597463733,0.9841231756854657,0
-0.8043672005990544,0.9009088760241706,-0.502969299721533,0.22872790014726976,-0.911310674287764,-1.177851894974348,-0.2507203421941191,-1.461440576166749,0.6255660616453219,-0.6849837281165926,-0.7394662468772634,-0.5671367241312653,-1.0161329645585022,1
-0.9738162891597597,-1.1099901739376037,0.8491410419312149,1.3520712496122422,-0.5733475201700994,-1.177851894974348,0.06599664927436881,-1.461440576166749,-1.7510820125076092,-0.9143260204049839,-0.4814607612315388,1.2186461869769611,-1.0161329645585022,0
-0.46546902347764374,0.9009088760241706,-0.502969299721533,-0.45176561793805975,-0.5733475201700994,0.9048055324001227,0.06599664927436881,-0.8828162337175963,0.9377528849450718,0.5763988794695595,-0.997471732522988,-0.051243883144444294,-1.0161329645585022,1
-0.9738162891597597,-1.1099901739376037,-1.179024470547907,1.878557508742637,-0.5733475201700994,-1.177851894974348,2.2830155895537843,1.4316811360790147,1.5486991412951188,-0.2262991435398101,-0.997471732522988,0.821805540064022,0.9841231756854657,0
-0.46546902347764374,-1.1099901739376037,-1.179024470547907,-0.39246524289952617,-0.404365943111267,0.9048055324001227,-0.7257958293968509,-0.8828162337175963,-0.08944246913797492,-0.570312581972397,-0.4814607612315388,-0.03140185079879733,0.9841231756854657,0
-0.634918112038349,-1.1099901739376037,-1.179024470547907,-0.5208414742412677,-0.5733475201700994,0.9048055324001227,-0.8841543251310949,1.4316811360790147,-1.2475548781531747,-0.570312581972397,-0.7394662468772634,0.20670253734896618,0.9841231756854657,0
-0.2960199349169384,-1.1099901739376037,-1.179024470547907,-0.4887829492537249,-0.23538436605243465,0.9048055324001227,-1.2325430157464317,0.2744324511807092,0.7464125738903866,-1.143668312693375,-0.997471732522988,-1.102871597463733,0.9841231756854657,0
-0.634918112038349,0.9009088760241706,0.8491410419312149,0.07936359998363444,-0.5733475201700994,0.21058638994196582,-0.5674373336626071,-0.8828162337175963,-1.8752853723150364,-0.7996548742607882,-0.997471732522988,-0.03140185079879733,0.9841231756854657,0
-0.634918112038349,-1.1099901739376037,-1.179024470547907,0.11791279185289157,-0.23538436605243465,-1.177851894974348,0.6994306322113446,-0.8828162337175963,1.223084927745918,0.23238544103697253,-0.4814607612315388,-0.20998014190961997,-1.0161329645585022,1
-0.9738162891597597,0.9009088760241706,1.5251962127575889,0.3257878482130028,-0.911310674287764,0.21058638994196582,2.4413740852880284,-0.8828162337175963,1.6594751108530943,1.2644257563347332,-0.997471732522988,1.0599099282117854,-1.0161329645585022,0
-0.8043672005990544,0.9009088760241706,1.5251962127575889,-0.4465383412036377,-0.7423290972289317,0.9048055324001227,0.8577891279455886,-1.461440576166749,0.27645391515958084,1.7231103409115156,-0.997471732522988,-0.09092794783573821,-1.0161329645585022,1
-0.2960199349169384,0.9009088760241706,1.5251962127575889,-0.11241902437534076,-0.404365943111267,0.9048055324001227,2.2830155895537843,1.4316811360790147,-1.0427871768490378,2.1817949254882985,-0.997471732522988,0.12733440796637835,-1.0161329645585022,1
-0.9738162891597597,0.9009088760241706,-1.179024470547907,0.460591576929094,-0.911310674287764,-1.177851894974348,-0.5040939353689095,0.2744324511807092,-0.37813135950118393,-0.9143260204049839,-0.7394662468772634,1.0599099282117854,-1.0161329645585022,0
-0.46546902347764374,-1.1099901739376037,-0.502969299721533,-0.3565533779627418,-0.23538436605243465,0.9048055324001227,-0.17154109432699713,1.4316811360790147,-0.707102420612748,0.1177142948927768,-0.4814607612315388,0.14717644031202531,-1.0161329645585022,0
-0.8043672005990544,-1.1099901739376037,-0.502969299721533,-0.6947471280160565,-0.911310674287764,0.21058638994196582,-0.5040939353689095,0.2744324511807092,-0.6936750303632967,0.4617277333253637,-0.4814607612315388,-0.3488743683291487,0.9841231756854657,0
-0.46546902347764374,-1.1099901739376037,0.8491410419312149,0.24933695192497585,-0.404365943111267,-1.177851894974348,0.06599664927436881,0.2744324511807092,-1.7510820125076092,-0.45564143582820127,-0.7394662468772634,-0.30919030363785477,-1.0161329645585022,0
-0.9738162891597597,-1.1099901739376037,0.8491410419312149,0.07519441249756977,-0.911310674287764,0.21058638994196582,-0.2507203421941191,1.4316811360790147,0.6154955189582334,-0.570312581972397,-0.7394662468772634,0.6233852166075523,-1.0161329645585022,0
-0.8043672005990544,0.9009088760241706,0.8491410419312149,0.5512398199973185,-0.404365943111267,-1.177851894974348,4.024959042630468,-0.8828162337175963,-1.0427871768490378,1.8377814870557112,-0.997471732522988,0.6035431842619053,-1.0161329645585022,0
-0.634918112038349,-1.1099901739376037,1.5251962127575889,-0.5494888458311212,-0.404365943111267,0.9048055324001227,-0.646616581529729,1.4316811360790147,-0.6063969937418614,-0.2262991435398101,-0.7394662468772634,1.734539027963782,-1.0161329645585022,0
-0.8043672005990544,0.9009088760241706,0.8491410419312149,0.08198513453926602,-0.404365943111267,0.9048055324001227,0.38271364074285674,-0.8828162337175963,-1.0427871768490378,0.003043148748581378,-0.997471732522988,0.7027533459901402,-1.0161329645585022,0
-0.46546902347764374,-1.1099901739376037,0.8491410419312149,1.0878174079292109,-0.7423290972289317,0.9048055324001227,0.38271364074285674,1.4316811360790147,-0.0860856215756121,-0.6849837281165926,-0.997471732522988,0.38528082845978884,-1.0161329645585022,0
-0.46546902347764374,0.9009088760241706,0.8491410419312149,0.30972700096554906,-0.911310674287764,0.9048055324001227,-0.5674373336626071,-0.3041918912684436,0.001192415045823164,-0.9143260204049839,-0.7394662468772634,-0.46792656240303043,0.9841231756854657,0
-0.46546902347764374,0.9009088760241706,1.5251962127575889,0.9334627166837708,-0.5733475201700994,-1.177851894974348,1.4912231108825644,1.4316811360790147,0.8336906105118219,0.003043148748581378,-0.4814607612315388,-0.5076106270943244,-1.0161329645585022,0
-1.143265377720465,-1.1099901739376037,0.8491410419312149,-0.2558927679772256,-0.7423290972289317,0.9048055324001227,-1.2800505644667048,0.853056793629862,0.3301634761573873,-1.3730106049817663,-0.997471732522988,0.22654456969461315,0.9841231756854657,0
-0.2960199349169384,0.9009088760241706,0.8491410419312149,-0.4456223833468508,0.2715603651240624,-1.177851894974348,-0.804975077263973,-0.8828162337175963,0.15896425047687956,-0.570312581972397,-0.7394662468772634,-0.7457150152420878,0.9841231756854657,0
-0.8043672005990544,-1.1099901739376037,0.8491410419312149,0.5557248550202063,-0.404365943111267,-1.177851894974348,1.6179099074699597,-0.8828162337175963,0.7430557263280237,0.3470565871811683,-0.4814607612315388,0.5241750548793175,-1.0161329645585022,1
-0.8043672005990544,0.9009088760241706,0.8491410419312149,0.08217464306135987,-0.911310674287764,0.9048055324001227,-0.4526274242552802,1.4316811360790147,-1.4724636648314886,-0.6849837281165926,-0.997471732522988,0.9210157017922567,-1.0161329645585022,0
-0.9738162891597597,-1.1099901739376037,1.5251962127575889,0.08105338430563792,-0.5733475201700994,0.21058638994196582,0.38271364074285674,0.853056793629862,0.5114332445249834,0.003043148748581378,-0.4814607612315388,0.14717644031202531,-1.0161329645585022,0
-0.9738162891597597,0.9009088760241706,-1.179024470547907,0.3661057862884692,-0.911310674287764,-1.177851894974348,0.38271364074285674,0.2744324511807092,-1.3751150855229646,-0.2262991435398101,-0.7394662468772634,0.18686050500331922,0.9841231756854657,0
-0.634918112038349,-1.1099901739376037,-0.502969299721533,0.0776580232847898,-0.5733475201700994,-1.177851894974348,-0.5674373336626071,0.853056793629862,1.417782086362966,-0.7996548742607882,-0.997471732522988,-1.2814498885745558,0.9841231756854657,0
-0.9738162891597597,0.9009088760241706,-1.179024470547907,0.777702503899468,-0.5733475201700994,-1.177851894974348,4.024959042630468,-1.461440576166749,1.8407448792206904,1.4937680486231246,-0.7394662468772634,-0.40840046536608954,-1.0161329645585022,1
-0.9738162891597597,0.9009088760241706,-0.502969299721533,-0.39398131107627693,-0.5733475201700994,0.9048055324001227,-0.09236184645987515,1.4316811360790147,0.15896425047687956,0.23238544103697253,-0.4814607612315388,-0.03140185079879733,0.9841231756854657,0
-0.46546902347764374,0.9009088760241706,0.8491410419312149,-0.5095183400461603,-0.911310674287764,-1.177851894974348,-0.2507203421941191,-0.3041918912684436,-1.6705176710108995,0.3470565871811683,-0.7394662468772634,-1.5989224061049072,0.9841231756854657,0
-0.2960199349169384,-1.1099901739376037,-0.502969299721533,1.0234318875478257,-0.23538436605243465,-1.177851894974348,-0.5674373336626071,-1.461440576166749,0.001192415045823164,-1.143668312693375,-0.997471732522988,0.3455967637684949,-1.0161329645585022,0
-0.9738162891597597,0.9009088760241706,-0.502969299721533,-0.3922915267542735,-0.911310674287764,0.9048055324001227,-0.8841543251310949,-0.8828162337175963,0.001192415045823164,-0.7996548742607882,-0.7394662468772634,0.18686050500331922,0.9841231756854657,0
-0.8043672005990544,-1.1099901739376037,-1.179024470547907,0.018341855869415058,-0.5733475201700994,-1.177851894974348,-1.2800505644667048,0.853056793629862,0.16232109803924238,-1.3730106049817663,-0.997471732522988,-0.7457150152420878,0.9841231756854657,0
-0.8043672005990544,-1.1099901739376037,0.8491410419312149,2.545453790367733,-0.5733475201700994,-1.177851894974348,-0.7257958293968509,-0.8828162337175963,-1.2005590122800942,-1.3730106049817663,-0.997471732522988,-0.22982217425526694,0.9841231756854657,0
-0.2960199349169384,-1.1099901739376037,1.5251962127575889,-0.6393948471878114,0.10257878806523006,0.9048055324001227,-0.7257958293968509,-1.461440576166749,-1.6705176710108995,-0.11162799739561437,-0.997471732522988,1.4567505751247247,-1.0161329645585022,0
-0.9738162891597597,-1.1099901739376037,0.8491410419312149,-0.6035461517583917,-0.911310674287764,0.9048055324001227,-0.4882580857954851,1.4316811360790147,0.7430557263280237,0.23238544103697253,-0.4814607612315388,-0.7853990799333818,-1.0161329645585022,1
-0.46546902347764374,0.9009088760241706,-1.179024470547907,-0.5609067342872757,-0.06640278899360229,0.21058638994196582,0.25602684415546156,0.2744324511807092,-0.41841353024953903,1.2644257563347332,-0.997471732522988,0.305912699077201,0.9841231756854657,0
-0.46546902347764374,0.9009088760241706,0.8491410419312149,-0.639347470057288,-0.5733475201700994,0.9048055324001227,-0.15966420714692883,0.2744324511807092,1.5486991412951188,0.9204123179021463,-0.997471732522988,0.8614896047553159,-1.0161329645585022,1
-0.2960199349169384,0.9009088760241706,-1.179024470547907,-0.12832194785438292,-0.23538436605243465,0.9048055324001227,-0.17154109432699713,0.853056793629862,0.27645391515958084,-0.2262991435398101,-0.4814607612315388,0.20670253734896618,0.9841231756854657,0
-0.9738162891597597,-1.1099901739376037,1.5251962127575889,0.24827886267661853,-0.911310674287764,0.9048055324001227,0.6994306322113446,1.4316811360790147,0.830333762949459,0.1177142948927768,-0.7394662468772634,-0.30919030363785477,0.9841231756854657,0
-0.9738162891597597,-1.1099901739376037,1.5251962127575889,-0.5273005563692997,-0.7423290972289317,-1.177851894974348,-0.804975077263973,-1.461440576166749,-1.7510820125076092,-0.45564143582820127,-0.7394662468772634,-0.32903233598350173,0.9841231756854657,0
-0.2960199349169384,0.9009088760241706,-0.502969299721533,-0.2996850289577459,0.10257878806523006,0.9048055324001227,-0.09236184645987515,-0.8828162337175963,-1.1233515183457474,0.1177142948927768,-0.7394662468772634,0.6233852166075523,0.9841231756854657,0
-0.2960199349169384,-1.1099901739376037,0.8491410419312149,0.38493029948312485,0.2715603651240624,0.9048055324001227,0.06599664927436881,1.4316811360790147,0.8336906105118219,-0.45564143582820127,-0.4814607612315388,0.4249648931510827,-1.0161329645585022,0
-0.634918112038349,0.9009088760241706,-1.179024470547907,0.34477028517607,-0.404365943111267,0.9048055324001227,0.38271364074285674,0.2744324511807092,-1.3751150855229646,-0.2262991435398101,-0.997471732522988,0.6432272489531993,-1.0161329645585022,0
-0.8043672005990544,-1.1099901739376037,-1.179024470547907,-0.3332912068757218,-0.7423290972289317,-1.177851894974348,0.7192254441781252,-0.8828162337175963,0.001192415045823164,1.1497546101905376,-0.7394662468772634,0.6233852166075523,0.9841231756854657,0
-0.8043672005990544,0.9009088760241706,-0.502969299721533,-0.04429071068260204,-0.5733475201700994,0.9048055324001227,-0.5674373336626071,1.4316811360790147,0.7430557263280237,-0.6849837281165926,-0.997471732522988,0.40512286080543575,-1.0161329645585022,0
-0.46546902347764374,-1.1099901739376037,-0.502969299721533,0.6501474761534666,-0.06640278899360229,0.9048055324001227,0.38271364074285674,-0.8828162337175963,-0.3680608168140954,-0.45564143582820127,-0.997471732522988,1.35754041339649,-1.0161329645585022,0
-0.9738162891597597,0.9009088760241706,-0.502969299721533,0.06162876079101841,-0.911310674287764,-1.177851894974348,-0.2823920413409679,0.853056793629862,0.4711510737766289,-0.570312581972397,-0.4814607612315388,-0.7457150152420878,-1.0161329645585022,0
-0.8043672005990544,-1.1099901739376037,-1.179024470547907,1.0291013508338,-0.911310674287764,-1.177851894974348,0.06599664927436881,0.853056793629862,0.001192415045823164,-0.7996548742607882,-0.997471732522988,0.46464895784237664,0.9841231756854657,0
-1.143265377720465,0.9009088760241706,-1.179024470547907,-0.678496772246509,-0.911310674287764,-1.177851894974348,-1.042512820865339,0.2744324511807092,-1.6839450612603513,-0.6849837281165926,-0.7394662468772634,0.3455967637684949,0.9841231756854657,0
-0.46546902347764374,0.9009088760241706,-0.502969299721533,-0.11298754994162231,-0.23538436605243465,0.9048055324001227,-1.327558113186978,-1.461440576166749,-1.1233515183457474,-1.3730106049817663,-0.7394662468772634,-1.162397694500674,0.9841231756854657,0
-0.2960199349169384,0.9009088760241706,0.8491410419312149,-0.41438506195504804,-0.06640278899360229,0.9048055324001227,-0.7891392276905486,0.2744324511807092,1.0015329886299666,-0.570312581972397,-0.7394662468772634,0.5043330225336705,-1.0161329645585022,1
-0.8043672005990544,-1.1099901739376037,-0.502969299721533,-0.4470910743930781,-0.911310674287764,-1.177851894974348,0.38271364074285674,1.4316811360790147,1.417782086362966,1.035083464046342,-0.7394662468772634,1.1591200899400202,-1.0161329645585022,0
-0.46546902347764374,0.9009088760241706,1.5251962127575889,-0.37395657724169357,-0.911310674287764,0.9048055324001227,0.30353439287573475,-1.461440576166749,0.5114332445249834,0.6910700256137552,-0.7394662468772634,-1.102871597463733,0.9841231756854657,0
-0.634918112038349,0.9009088760241706,-1.179024470547907,-0.548130701422782,-0.7423290972289317,-1.177851894974348,0.06599664927436881,0.2744324511807092,-0.005521280078902488,0.9204123179021463,-0.7394662468772634,-1.3409759856114967,0.9841231756854657,0
-0.634918112038349,-1.1099901739376037,0.8491410419312149,-0.8528919897033735,-0.5733475201700994,0.21058638994196582,0.06599664927436881,0.853056793629862,-0.1397951825734185,2.869821802353472,-0.7394662468772634,-1.182239726846321,0.9841231756854657,0
-0.2960199349169384,0.9009088760241706,1.5251962127575889,-0.5478464386396412,-0.5733475201700994,0.9048055324001227,0.0026532509806712224,0.2744324511807092,0.3234497810326616,0.8057411717579506,-0.997471732522988,-0.26950623894656084,0.9841231756854657,0
-0.9738162891597597,0.9009088760241706,0.8491410419312149,0.4569277455019463,-0.911310674287764,-1.177851894974348,1.6495816066168083,1.4316811360790147,0.5114332445249834,0.4617277333253637,-0.7394662468772634,-1.0433455004267922,-1.0161329645585022,0
-0.2960199349169384,0.9009088760241706,-1.179024470547907,-0.022118213597621707,-0.404365943111267,-1.177851894974348,-1.2008713165995828,-0.8828162337175963,0.3301634761573873,-1.2583394588375707,-0.7394662468772634,0.5241750548793175,-1.0161329645585022,0
-0.634918112038349,0.9009088760241706,0.8491410419312149,-0.10842355303452877,-0.23538436605243465,-1.177851894974348,1.8079401023510524,-1.461440576166749,0.001192415045823164,1.7231103409115156,-0.7394662468772634,0.8813316371009629,0.9841231756854657,0
-0.8043672005990544,-1.1099901739376037,-1.179024470547907,1.0291487279643234,-0.404365943111267,-1.177851894974348,-0.5674373336626071,1.4316811360790147,0.6893461653302174,-1.143668312693375,-0.7394662468772634,0.286070666731554,-1.0161329645585022,0
-0.46546902347764374,-1.1099901739376037,-0.502969299721533,-0.8488333488551969,-0.404365943111267,0.9048055324001227,-0.6980830926433583,1.4316811360790147,0.5114332445249834,0.6910700256137552,-0.4814607612315388,0.6432272489531993,0.9841231756854657,0
-0.2960199349169384,0.9009088760241706,-1.179024470547907,-0.11549853785936581,-0.404365943111267,-1.177851894974348,0.4618928886099787,0.2744324511807092,-1.371758237960602,0.3470565871811683,-0.7394662468772634,0.22654456969461315,-1.0161329645585022,0
-0.634918112038349,-1.1099901739376037,-1.179024470547907,1.2181203092455732,-0.7423290972289317,0.21058638994196582,2.0929853946726915,1.4316811360790147,0.001192415045823164,0.1177142948927768,-0.997471732522988,-1.7179746001787888,0.9841231756854657,0
-0.8043672005990544,-1.1099901739376037,-1.179024470547907,0.9314886695786265,-0.5733475201700994,-1.177851894974348,0.06599664927436881,-0.8828162337175963,1.0955247203761276,-0.7996548742607882,-0.997471732522988,0.7622794430270811,0.9841231756854657,0
-0.8043672005990544,-1.1099901739376037,-0.502969299721533,-0.39202305634797385,-0.911310674287764,0.9048055324001227,0.7786098800784667,1.4316811360790147,-0.21700267650776528,1.379096902478929,-0.4814607612315388,-0.07108591549009124,-1.0161329645585022,1
-0.9738162891597597,-1.1099901739376037,-1.179024470547907,0.18450924499203833,-0.7423290972289317,-1.177851894974348,0.06599664927436881,-0.8828162337175963,0.001192415045823164,-0.34097028968400567,-0.4814607612315388,-0.20998014190961997,0.9841231756854657,0
-1.143265377720465,0.9009088760241706,-1.179024470547907,-0.5879748681930137,-0.911310674287764,0.21058638994196582,-0.4882580857954851,1.4316811360790147,0.8135495251376443,0.1177142948927768,-0.4814607612315388,-0.7457150152420878,-1.0161329645585022,0
-0.9738162891597597,-1.1099901739376037,1.5251962127575889,-0.4695952113917227,-0.911310674287764,-1.177851894974348,-0.4090788379283631,-0.3041918912684436,-1.0427871768490378,0.003043148748581378,-0.997471732522988,-2.0156050853634935,-1.0161329645585022,1
-0.2960199349169384,-1.1099901739376037,-1.179024470547907,0.17741846779036016,-0.06640278899360229,-1.177851894974348,-0.8841543251310949,0.2744324511807092,0.665848232393677,-1.143668312693375,-0.997471732522988,0.22654456969461315,0.9841231756854657,0
-0.634918112038349,-1.1099901739376037,0.8491410419312149,-0.29368392575810737,-0.404365943111267,0.9048055324001227,-0.3774071387815143,1.4316811360790147,0.23617174441122635,-0.2262991435398101,-0.997471732522988,0.9606997664835506,-1.0161329645585022,0
-0.8043672005990544,0.9009088760241706,-0.502969299721533,-0.8470646026489876,-0.7423290972289317,0.9048055324001227,-0.7970571524772607,-0.8828162337175963,0.9108981044461687,0.3470565871811683,-0.7394662468772634,0.10749237562073138,-1.0161329645585022,0
-0.46546902347764374,-1.1099901739376037,0.8491410419312149,-0.08658269586321268,-0.7423290972289317,0.21058638994196582,0.8577891279455886,0.853056793629862,1.223084927745918,0.6910700256137552,-0.997471732522988,0.6630692812988462,0.9841231756854657,0
-0.2960199349169384,-1.1099901739376037,-0.502969299721533,0.2133145403503034,-0.23538436605243465,0.9048055324001227,0.8577891279455886,1.4316811360790147,-0.33784918875282943,0.23238544103697253,-0.7394662468772634,-0.5274526594399713,0.9841231756854657,0
-0.2960199349169384,0.9009088760241706,-1.179024470547907,0.15423525858754597,-0.404365943111267,-1.177851894974348,-0.808934039657329,-0.8828162337175963,-0.34120603631519225,-1.0289971665491795,-0.997471732522988,0.9805417988291976,-1.0161329645585022,0
-0.8043672005990544,-1.1099901739376037,1.5251962127575889,0.12508253093877553,-0.7423290972289317,0.9048055324001227,-1.042512820865339,-1.461440576166749,1.9750187817152072,-1.2583394588375707,-0.4814607612315388,0.06780831092943747,-1.0161329645585022,1
-0.634918112038349,0.9009088760241706,-1.179024470547907,-0.21680663529536925,-0.7423290972289317,0.9048055324001227,-1.121692068732461,0.2744324511807092,0.04483143335654109,-1.143668312693375,-0.997471732522988,0.4448069254967297,-1.0161329645585022,1
-0.46546902347764374,-1.1099901739376037,0.8491410419312149,-0.8835449931520536,-0.911310674287764,0.9048055324001227,-0.7257958293968509,0.2744324511807092,-0.005521280078902488,0.8057411717579506,-0.997471732522988,0.4448069254967297,-1.0161329645585022,1
-0.46546902347764374,-1.1099901739376037,0.8491410419312149,-0.5790521752777616,-0.7423290972289317,0.9048055324001227,0.06599664927436881,1.4316811360790147,-0.5661148229935064,1.035083464046342,-0.4814607612315388,-0.7655570475877348,-1.0161329645585022,0
-0.8043672005990544,-1.1099901739376037,0.8491410419312149,-0.7488202263201681,-0.911310674287764,0.9048055324001227,-0.9158260242779438,-0.8828162337175963,-1.0427871768490378,-0.2262991435398101,-0.997471732522988,-0.7655570475877348,0.9841231756854657,0
-0.2960199349169384,-1.1099901739376037,-0.502969299721533,-0.5841215282437722,-0.404365943111267,-1.177851894974348,-0.5674373336626071,0.2744324511807092,-1.173704231781191,0.003043148748581378,-0.7394662468772634,0.4249648931510827,-1.0161329645585022,0
-0.9738162891597597,-1.1099901739376037,1.5251962127575889,-0.2103317607904961,-0.911310674287764,-1.177851894974348,0.6202513843442227,0.2744324511807092,-0.448625158310805,0.6910700256137552,-0.4814607612315388,-0.2893482712922078,-1.0161329645585022,0
-0.8043672005990544,0.9009088760241706,-0.502969299721533,-0.28092368527045486,-0.23538436605243465,-1.177851894974348,1.2536853672811985,-1.461440576166749,1.0351014642535956,1.6084391947673204,-0.997471732522988,0.8614896047553159,-1.0161329645585022,1
-0.2960199349169384,0.9009088760241706,-0.502969299721533,-0.12683746443131444,-0.23538436605243465,0.9048055324001227,1.3328646151483206,0.853056793629862,1.676259348664909,1.2644257563347332,-0.997471732522988,-0.09092794783573821,-1.0161329645585022,1
-0.46546902347764374,0.9009088760241706,-1.179024470547907,1.676841479350576,-0.911310674287764,-1.177851894974348,0.41834430228306163,0.853056793629862,-1.1804179269059165,-0.7996548742607882,-0.4814607612315388,0.782121475372728,-1.0161329645585022,0
-0.8043672005990544,-1.1099901739376037,-1.179024470547907,-0.7875431343346779,-0.404365943111267,0.9048055324001227,0.7113075193914129,1.4316811360790147,0.001192415045823164,3.7871909715070364,-0.4814607612315388,1.3972244780877838,-1.0161329645585022,1
-0.634918112038349,-1.1099901739376037,0.8491410419312149,2.5468593119065956,-0.911310674287764,0.9048055324001227,0.38271364074285674,1.4316811360790147,0.5651428055227898,-1.0289971665491795,-0.997471732522988,0.4249648931510827,0.9841231756854657,0
-0.634918112038349,0.9009088760241706,1.5251962127575889,-0.7629228188393187,-0.911310674287764,-1.177851894974348,-0.8841543251310949,0.2744324511807092,1.8407448792206904,-0.11162799739561437,-0.7394662468772634,0.3455967637684949,-1.0161329645585022,1
-1.143265377720465,0.9009088760241706,0.8491410419312149,2.389788331844477,-0.911310674287764,-1.177851894974348,1.6495816066168083,-0.8828162337175963,-1.4993184453303918,-0.570312581972397,-0.997471732522988,0.18686050500331922,0.9841231756854657,0
-0.46546902347764374,0.9009088760241706,0.8491410419312149,2.072266803076233,-0.911310674287764,0.9048055324001227,0.06599664927436881,-0.3041918912684436,1.357358830240434,-1.0289971665491795,-0.7394662468772634,-0.44808453005738347,0.9841231756854657,0
-0.634918112038349,0.9009088760241706,-0.502969299721533,-0.4893672671968476,-0.7423290972289317,0.9048055324001227,-0.9474977234247925,0.2744324511807092,-0.1397951825734185,-0.7996548742607882,-0.4814607612315388,-0.9242933063529105,-1.0161329645585022,0
-0.8043672005990544,0.9009088760241706,-0.502969299721533,1.4094133699224727,-0.911310674287764,0.9048055324001227,-0.09236184645987515,1.4316811360790147,-1.2979075915886182,-1.0289971665491795,-0.997471732522988,0.18686050500331922,0.9841231756854657,0
-0.8043672005990544,-1.1099901739376037,-1.179024470547907,-0.13820797575694538,-0.911310674287764,-1.177851894974348,-0.7257958293968509,0.2744324511807092,-0.811164695045998,-0.7996548742607882,-0.4814607612315388,1.1194360252487263,-1.0161329645585022,1
-0.8043672005990544,-1.1099901739376037,0.8491410419312149,-0.11292438043425769,-0.5733475201700994,0.9048055324001227,-0.9474977234247925,1.4316811360790147,-0.34120603631519225,-1.0289971665491795,-0.7394662468772634,-2.1743413441286688,0.9841231756854657,0
-0.8043672005990544,0.9009088760241706,0.8491410419312149,-0.07627027378593906,-0.911310674287764,-1.177851894974348,-0.7257958293968509,0.2744324511807092,0.11868207972852446,-0.7996548742607882,-0.7394662468772634,0.3455967637684949,0.9841231756854657,0
-1.143265377720465,-1.1099901739376037,-1.179024470547907,-0.6818763408905159,-0.911310674287764,0.9048055324001227,-1.359229812333827,0.2744324511807092,-0.005521280078902488,-1.2583394588375707,-0.997471732522988,0.9408577341379036,0.9841231756854657,0
-0.634918112038349,-1.1099901739376037,-0.502969299721533,1.2734094205664537,-0.5733475201700994,0.9048055324001227,1.2378495177077742,-0.3041918912684436,0.23617174441122635,-0.34097028968400567,-0.7394662468772634,1.1194360252487263,0.9841231756854657,0
-0.8043672005990544,-1.1099901739376037,1.5251962127575889,-0.2594302603896441,-0.911310674287764,0.9048055324001227,-0.2507203421941191,-0.8828162337175963,0.7430557263280237,-0.11162799739561437,-0.4814607612315388,1.0797519605574324,0.9841231756854657,0
-0.8043672005990544,0.9009088760241706,-1.179024470547907,0.4583648517944913,-0.911310674287764,-1.177851894974348,0.38271364074285674,-0.8828162337175963,0.3939435798422821,-0.34097028968400567,-0.4814607612315388,-1.3211339532658497,0.9841231756854657,0
-1.143265377720465,0.9009088760241706,0.8491410419312149,-0.9645283015934917,-0.911310674287764,0.9048055324001227,-1.1691996174527342,1.4316811360790147,0.001192415045823164,-0.2262991435398101,-0.4814607612315388,0.801963507718375,-1.0161329645585022,0
-0.8043672005990544,0.9009088760241706,0.8491410419312149,-0.3278586292423648,-0.5733475201700994,0.9048055324001227,-0.9079080994912315,0.2744324511807092,-0.8447331706696268,-0.7996548742607882,-0.997471732522988,-1.162397694500674,0.9841231756854657,0
-1.143265377720465,0.9009088760241706,-1.179024470547907,-0.7437824581078399,-0.911310674287764,0.9048055324001227,-0.765385453330412,0.853056793629862,0.4107278176540969,0.003043148748581378,-0.7394662468772634,0.7225953783357871,-1.0161329645585022,0
-0.2960199349169384,-1.1099901739376037,-0.502969299721533,0.2712725633573389,-0.911310674287764,-1.177851894974348,0.8577891279455886,-0.3041918912684436,1.6997572816014495,0.1177142948927768,-0.997471732522988,0.6233852166075523,0.9841231756854657,0
-0.2960199349169384,-1.1099901739376037,-0.502969299721533,-0.10744442567037722,-0.5733475201700994,-1.177851894974348,1.0161476236798326,-1.461440576166749,-1.0427871768490378,0.9204123179021463,-0.7394662468772634,0.4448069254967297,0.9841231756854657,0
-1.143265377720465,0.9009088760241706,-0.502969299721533,0.04449403191836623,-0.911310674287764,-1.177851894974348,1.0161476236798326,-1.461440576166749,0.0851136041048956,0.5763988794695595,-0.7394662468772634,0.7622794430270811,-1.0161329645585022,0
-0.9738162891597597,-1.1099901739376037,0.8491410419312149,-0.8154166794593148,-0.404365943111267,0.9048055324001227,-0.7495496037569875,0.2744324511807092,1.0955247203761276,0.3470565871811683,-0.7394662468772634,-1.142555662155027,0.9841231756854657,0
-0.8043672005990544,-1.1099901739376037,-0.502969299721533,-0.5673816087921488,-0.5733475201700994,0.9048055324001227,-0.4090788379283631,-0.8828162337175963,-0.34120603631519225,0.23238544103697253,-0.7394662468772634,0.4249648931510827,0.9841231756854657,0
-0.8043672005990544,-1.1099901739376037,0.8491410419312149,0.4597229962028306,-0.404365943111267,0.9048055324001227,0.5410721364771007,-1.461440576166749,0.5785701957722418,-0.2262991435398101,-0.997471732522988,0.32575473142284794,0.9841231756854657,0
-0.9738162891597597,-1.1099901739376037,0.8491410419312149,-0.7770569961121516,-0.7423290972289317,0.21058638994196582,0.06599664927436881,-0.8828162337175963,0.001192415045823164,2.1817949254882985,-0.4814607612315388,-2.3727616675851384,0.9841231756854657,0
-0.634918112038349,-1.1099901739376037,1.5251962127575889,0.17977153193969211,-0.404365943111267,0.9048055324001227,-1.2008713165995828,1.4316811360790147,-0.34120603631519225,-1.3730106049817663,-0.4814607612315388,-0.8449251769703227,-1.0161329645585022,0
-0.2960199349169384,0.9009088760241706,1.5251962127575889,1.4020541223144949,-0.23538436605243465,-1.177851894974348,2.3226052134873454,1.4316811360790147,0.5114332445249834,0.003043148748581378,-0.4814607612315388,-2.4521297969677263,0.9841231756854657,0
-0.8043672005990544,-1.1099901739376037,-0.502969299721533,-0.7157351968379503,-0.7423290972289317,0.21058638994196582,-0.3298995900612411,-0.8828162337175963,0.001192415045823164,0.9204123179021463,-0.4814607612315388,-0.7060309505507939,0.9841231756854657,0
-0.8043672005990544,0.9009088760241706,0.8491410419312149,-0.7881748294083241,-0.7423290972289317,0.9048055324001227,-1.0741845200121878,0.2744324511807092,0.16232109803924238,-0.570312581972397,-0.7394662468772634,0.5241750548793175,-1.0161329645585022,1
-0.46546902347764374,0.9009088760241706,0.8491410419312149,0.3342841469535437,-0.5733475201700994,-1.177851894974348,-0.7257958293968509,-1.461440576166749,-1.4254677989584081,-1.0289971665491795,-0.7394662468772634,-0.8647672093159696,-1.0161329645585022,0
-0.634918112038349,-1.1099901739376037,-1.179024470547907,0.1704224448497289,0.10257878806523006,0.9048055324001227,0.38271364074285674,-0.8828162337175963,-1.4724636648314886,-0.11162799739561437,-0.7394662468772634,-0.24966420660091387,0.9841231756854657,0
-0.9738162891597597,0.9009088760241706,-0.502969299721533,-0.3356284786482126,-0.911310674287764,-1.177851894974348,-0.4882580857954851,-0.8828162337175963,-0.12972463988633004,-0.34097028968400567,-0.997471732522988,0.4844909901880236,0.9841231756854657,0
-0.46546902347764374,0.9009088760241706,1.5251962127575889,-0.8867508456508079,-0.404365943111267,0.21058638994196582,-0.8841543251310949,1.4316811360790147,-1.2106295549671826,0.3470565871811683,-0.4814607612315388,1.0599099282117854,-1.0161329645585022,1
-0.9738162891597597,-1.1099901739376037,1.5251962127575889,-0.9066018633401385,-0.404365943111267,0.9048055324001227,-0.9474977234247925,0.853056793629862,0.001192415045823164,0.23238544103697253,-0.997471732522988,0.821805540064022,-1.0161329645585022,1
-0.9738162891597597,-1.1099901739376037,0.8491410419312149,-0.45358174127479245,-0.911310674287764,-1.177851894974348,-1.01084112171849,-1.461440576166749,-1.0427871768490378,-0.9143260204049839,-0.7394662468772634,-1.5195542767223194,-1.0161329645585022,1
-0.634918112038349,0.9009088760241706,-0.502969299721533,1.1618836553142236,-0.7423290972289317,-1.177851894974348,0.38271364074285674,-0.3041918912684436,1.357358830240434,-0.6849837281165926,-0.7394662468772634,0.6233852166075523,-1.0161329645585022,0
-0.46546902347764374,0.9009088760241706,-0.502969299721533,-0.5857797278120933,-0.06640278899360229,0.9048055324001227,-0.6307807319563046,0.2744324511807092,1.934736610966852,-0.11162799739561437,-0.4814607612315388,1.1591200899400202,-1.0161329645585022,1
-1.143265377720465,0.9009088760241706,-1.179024470547907,-0.9748881008012888,-0.911310674287764,0.9048055324001227,-1.2285840533530756,0.853056793629862,1.5486991412951188,-0.45564143582820127,-0.997471732522988,-0.051243883144444294,-1.0161329645585022,1
-1.143265377720465,0.9009088760241706,1.5251962127575889,0.048157863345513974,-0.911310674287764,0.9048055324001227,-1.042512820865339,0.2744324511807092,0.25966967734776614,-1.143668312693375,-0.4814607612315388,0.6829113136444932,-1.0161329645585022,0
-0.634918112038349,0.9009088760241706,-1.179024470547907,-0.6978898110074462,-0.23538436605243465,0.9048055324001227,-0.2507203421941191,0.853056793629862,0.001192415045823164,0.9204123179021463,-0.7394662468772634,-0.03140185079879733,0.9841231756854657,0
-0.46546902347764374,0.9009088760241706,-0.502969299721533,0.6465468142336834,-0.23538436605243465,-1.177851894974348,0.38271364074285674,-0.8828162337175963,-0.6936750303632967,-0.45564143582820127,-0.4814607612315388,-0.20998014190961997,-1.0161329645585022,0
-1.143265377720465,-1.1099901739376037,-1.179024470547907,-0.7955024922626196,-0.911310674287764,0.9048055324001227,0.06599664927436881,0.2744324511807092,0.830333762949459,2.2964660716324943,-0.997471732522988,0.5241750548793175,-1.0161329645585022,1
-0.46546902347764374,0.9009088760241706,-0.502969299721533,-0.29793207512837777,-0.23538436605243465,0.9048055324001227,0.38271364074285674,0.853056793629862,1.4446368668618692,0.6910700256137552,-0.7394662468772634,0.801963507718375,-1.0161329645585022,0
-0.8043672005990544,-1.1099901739376037,-0.502969299721533,0.9528715478215491,-0.404365943111267,0.9048055324001227,0.22435514500861276,-0.8828162337175963,-0.6936750303632967,-0.6849837281165926,-0.997471732522988,1.1789621222856672,0.9841231756854657,0
-0.2960199349169384,-1.1099901739376037,-0.502969299721533,-0.3350441607050899,-0.404365943111267,0.9048055324001227,2.4413740852880284,-1.461440576166749,2.491973306319093,3.328506386930255,-0.7394662468772634,0.5440170872249644,-1.0161329645585022,1
-0.8043672005990544,0.9009088760241706,-0.502969299721533,0.26653485030499263,-0.911310674287764,-1.177851894974348,0.06599664927436881,0.2744324511807092,-1.0964967378468442,-0.45564143582820127,-0.997471732522988,0.10749237562073138,-1.0161329645585022,0
-0.9738162891597597,-1.1099901739376037,0.8491410419312149,-0.7313538575338516,-0.404365943111267,0.9048055324001227,-1.0741845200121878,-1.461440576166749,-1.173704231781191,-0.6849837281165926,-0.7394662468772634,-0.7457150152420878,-1.0161329645585022,1
-0.2960199349169384,0.9009088760241706,-0.502969299721533,-0.8180855911454699,-0.23538436605243465,0.9048055324001227,-1.121692068732461,-0.3041918912684436,-1.4254677989584081,-0.570312581972397,-0.997471732522988,-0.686188918205147,-1.0161329645585022,1
-0.8043672005990544,-1.1099901739376037,-1.179024470547907,-0.1504470678088398,-0.7423290972289317,-1.177851894974348,-0.963333572998217,0.853056793629862,-0.11965409719924096,-1.0289971665491795,-0.997471732522988,-2.7299182498067838,0.9841231756854657,0
-0.9738162891597597,0.9009088760241706,-0.502969299721533,-0.682808091124144,-0.911310674287764,0.9048055324001227,-0.5040939353689095,0.853056793629862,1.6729025011025462,0.3470565871811683,-0.4814607612315388,1.1789621222856672,-1.0161329645585022,1
-0.8043672005990544,-1.1099901739376037,-1.179024470547907,-0.6793337682190901,-0.911310674287764,-1.177851894974348,-0.8841543251310949,0.2744324511807092,1.7836784706605218,-0.34097028968400567,-0.997471732522988,-1.2616078562289088,-1.0161329645585022,1
-0.9738162891597597,0.9009088760241706,0.8491410419312149,-0.7852374473158694,-0.5733475201700994,0.21058638994196582,-1.2325430157464317,1.4316811360790147,0.2965950005337584,-0.9143260204049839,-0.4814607612315388,-1.7179746001787888,0.9841231756854657,0
-0.8043672005990544,-1.1099901739376037,-1.179024470547907,-0.05915133729012804,-0.911310674287764,-1.177851894974348,0.38271364074285674,0.853056793629862,-1.3751150855229646,0.23238544103697253,-0.4814607612315388,-1.6386064707962011,0.9841231756854657,0
-0.9738162891597597,-1.1099901739376037,0.8491410419312149,0.0642818801003323,-0.911310674287764,0.9048055324001227,-0.5674373336626071,1.4316811360790147,0.665848232393677,-0.7996548742607882,-0.7394662468772634,0.20670253734896618,-1.0161329645585022,0
-0.9738162891597597,0.9009088760241706,1.5251962127575889,-0.560954111417799,-0.7423290972289317,0.9048055324001227,-0.5674373336626071,1.4316811360790147,-1.173704231781191,0.003043148748581378,-0.4814607612315388,-1.2814498885745558,0.9841231756854657,0
-0.46546902347764374,-1.1099901739376037,0.8491410419312149,-0.34028722981635307,-0.7423290972289317,0.9048055324001227,-1.042512820865339,-0.8828162337175963,-0.5661148229935064,-1.0289971665491795,-0.4814607612315388,0.6432272489531993,-1.0161329645585022,1
-0.46546902347764374,-1.1099901739376037,-0.502969299721533,-0.10859726917978148,-0.404365943111267,-1.177851894974348,0.06599664927436881,-0.8828162337175963,0.4040141225293712,0.003043148748581378,-0.7394662468772634,-0.7060309505507939,0.9841231756854657,0
-0.46546902347764374,-1.1099901739376037,-0.502969299721533,-0.03206741100754878,0.10257878806523006,0.9048055324001227,-0.2507203421941191,-0.8828162337175963,1.4345663241747801,-0.45564143582820127,-0.4814607612315388,-0.4877685947486774,-1.0161329645585022,1
-0.46546902347764374,-1.1099901739376037,1.5251962127575889,-0.6069099280255574,-0.7423290972289317,-1.177851894974348,-1.2008713165995828,0.2744324511807092,-1.1233515183457474,-1.0289971665491795,-0.4814607612315388,1.3972244780877838,-1.0161329645585022,1
-1.143265377720465,0.9009088760241706,1.5251962127575889,-0.7921071312417715,-0.911310674287764,0.9048055324001227,-1.2008713165995828,1.4316811360790147,0.04483143335654109,-0.7996548742607882,-0.4814607612315388,-2.3132355705481977,0.9841231756854657,0
-0.9738162891597597,0.9009088760241706,0.8491410419312149,-0.7952498142331611,-0.911310674287764,0.21058638994196582,-0.5674373336626071,-0.8828162337175963,0.561785957960427,0.6910700256137552,-0.4814607612315388,0.20670253734896618,0.9841231756854657,0
-0.9738162891597597,-1.1099901739376037,1.5251962127575889,-0.6388894911288945,-0.23538436605243465,0.9048055324001227,0.6994306322113446,0.2744324511807092,0.4107278176540969,2.411137217776689,-0.7394662468772634,-1.0433455004267922,-1.0161329645585022,1
-0.46546902347764374,-1.1099901739376037,1.5251962127575889,-0.8325356159551259,-0.404365943111267,0.21058638994196582,-0.3298995900612411,0.853056793629862,0.001192415045823164,1.6084391947673204,-0.7394662468772634,1.5758027691986063,0.9841231756854657,0
-0.8043672005990544,-1.1099901739376037,0.8491410419312149,-0.4003298465664209,-0.5733475201700994,0.9048055324001227,-0.7574675285436998,-0.8828162337175963,0.9981761410676039,-0.570312581972397,-0.7394662468772634,0.5837011519162584,0.9841231756854657,0
-0.634918112038349,0.9009088760241706,-0.502969299721533,0.5521557778541054,-0.911310674287764,0.9048055324001227,-0.4882580857954851,-0.8828162337175963,-0.8447331706696268,-0.9143260204049839,-0.4814607612315388,0.821805540064022,0.9841231756854657,0
-0.9738162891597597,-1.1099901739376037,-1.179024470547907,-0.29677923161897357,-0.911310674287764,0.9048055324001227,-0.3298995900612411,1.4316811360790147,-0.901799579229796,-0.2262991435398101,-0.997471732522988,-1.7775006972157297,0.9841231756854657,0
-0.9738162891597597,-1.1099901739376037,-1.179024470547907,-0.42815601456053437,-0.911310674287764,0.9048055324001227,-0.7574675285436998,0.853056793629862,0.007906110170548816,-0.570312581972397,-0.4814607612315388,-0.6266628211682062,-1.0161329645585022,0
-0.8043672005990544,-1.1099901739376037,1.5251962127575889,-0.8797864074638589,-0.911310674287764,0.9048055324001227,-0.527847709729046,-0.3041918912684436,1.9515208487786668,1.379096902478929,-0.997471732522988,-0.32903233598350173,-1.0161329645585022,1
-0.8043672005990544,-1.1099901739376037,0.8491410419312149,-0.39875060888230546,-0.911310674287764,0.9048055324001227,-1.2800505644667048,1.4316811360790147,0.20931696391232313,-1.2583394588375707,-0.4814607612315388,0.7225953783357871,0.9841231756854657,0
-0.2960199349169384,-1.1099901739376037,-0.502969299721533,-0.24622783335043932,-0.06640278899360229,-1.177851894974348,-0.2507203421941191,1.4316811360790147,-1.0495008719737637,-0.2262991435398101,-0.7394662468772634,0.6233852166075523,0.9841231756854657,0
-0.46546902347764374,0.9009088760241706,0.8491410419312149,0.04569425255829394,-0.911310674287764,0.9048055324001227,0.06599664927436881,-0.8828162337175963,1.092167872813765,-0.2262991435398101,-0.997471732522988,0.12733440796637835,0.9841231756854657,0
-0.8043672005990544,-1.1099901739376037,0.8491410419312149,0.08909170411778536,-0.911310674287764,0.9048055324001227,0.0026532509806712224,1.4316811360790147,-1.0427871768490378,-0.34097028968400567,-0.4814607612315388,1.0202258635204915,-1.0161329645585022,0
-0.634918112038349,0.9009088760241706,0.8491410419312149,-0.5414663183958149,-0.404365943111267,0.9048055324001227,-0.3774071387815143,-1.461440576166749,-1.0427871768490378,0.23238544103697253,-0.4814607612315388,-0.3488743683291487,-1.0161329645585022,0
-0.46546902347764374,0.9009088760241706,-0.502969299721533,-0.5130716248354199,-0.5733475201700994,0.9048055324001227,1.0161476236798326,-0.8828162337175963,1.5587696839822078,2.2964660716324943,-0.997471732522988,0.46464895784237664,-1.0161329645585022,1
-0.8043672005990544,0.9009088760241706,-1.179024470547907,-0.3226313525079428,-0.5733475201700994,-1.177851894974348,-1.1375279183058853,-1.461440576166749,-1.1233515183457474,-1.143668312693375,-0.7394662468772634,1.258330251668255,0.9841231756854657,0
-0.8043672005990544,-1.1099901739376037,0.8491410419312149,0.46213922985952716,-0.911310674287764,-1.177851894974348,-0.5674373336626071,-1.461440576166749,0.2965950005337584,-1.0289971665491795,-0.4814607612315388,-0.8052411122790287,0.9841231756854657,0
-0.634918112038349,-1.1099901739376037,1.5251962127575889,0.6114403605157979,-0.911310674287764,-1.177851894974348,0.5727438356239495,-1.461440576166749,1.4345663241747801,-0.34097028968400567,-0.7394662468772634,0.7027533459901402,-1.0161329645585022,1
-0.634918112038349,-1.1099901739376037,0.8491410419312149,0.6857750783071102,-0.911310674287764,-1.177851894974348,0.034324950127520015,1.4316811360790147,-0.21700267650776528,-0.6849837281165926,-0.4814607612315388,-0.6068207888225592,0.9841231756854657,0
-0.9738162891597597,0.9009088760241706,1.5251962127575889,-0.7484254168991392,-0.911310674287764,-1.177851894974348,-0.8208109268373974,1.4316811360790147,0.16232109803924238,0.003043148748581378,-0.7394662468772634,-0.15045404487267908,0.9841231756854657,0
-0.634918112038349,-1.1099901739376037,0.8491410419312149,0.08048485873935639,-0.5733475201700994,0.9048055324001227,0.5410721364771007,-0.8828162337175963,-0.33784918875282943,0.1177142948927768,-0.997471732522988,1.0995939929030794,0.9841231756854657,0
-0.2960199349169384,0.9009088760241706,-0.502969299721533,-0.22670845557477287,-0.7423290972289317,-1.177851894974348,-0.17154109432699713,-0.3041918912684436,1.2700807936189982,-0.11162799739561437,-0.997471732522988,-0.7655570475877348,-1.0161329645585022,1
-0.8043672005990544,0.9009088760241706,0.8491410419312149,1.030127855328475,-0.7423290972289317,-1.177851894974348,-0.5674373336626071,1.4316811360790147,-0.34120603631519225,-1.143668312693375,-0.7394662468772634,0.18686050500331922,0.9841231756854657,0
-0.9738162891597597,-1.1099901739376037,-1.179024470547907,-0.3159195923504523,-0.911310674287764,-1.177851894974348,-1.1375279183058853,1.4316811360790147,-1.7510820125076092,-1.143668312693375,-0.7394662468772634,-1.0433455004267922,0.9841231756854657,0
-0.46546902347764374,-1.1099901739376037,-0.502969299721533,-0.8825026962805373,-0.7423290972289317,0.9048055324001227,-0.8841543251310949,-0.3041918912684436,0.001192415045823164,0.3470565871811683,-0.7394662468772634,-2.0552891500547874,-1.0161329645585022,1
-0.634918112038349,0.9009088760241706,-0.502969299721533,0.5776446740757282,-0.7423290972289317,0.9048055324001227,-0.4090788379283631,1.4316811360790147,-0.3680608168140954,-0.9143260204049839,-0.7394662468772634,-1.8965528912896115,-1.0161329645585022,0
-0.46546902347764374,0.9009088760241706,1.5251962127575889,-0.6576666271930267,-0.404365943111267,0.9048055324001227,-1.2325430157464317,-1.461440576166749,-0.901799579229796,-1.0289971665491795,-0.997471732522988,0.4844909901880236,-1.0161329645585022,0
-0.634918112038349,0.9009088760241706,0.8491410419312149,0.6497052896019142,-0.5733475201700994,0.9048055324001227,0.22435514500861276,1.4316811360790147,-1.8752853723150364,-0.570312581972397,-0.997471732522988,-0.13061201252703214,-1.0161329645585022,0
-0.8043672005990544,-1.1099901739376037,-1.179024470547907,-0.4856560586391764,-0.911310674287764,0.9048055324001227,0.8577891279455886,1.4316811360790147,0.23617174441122635,1.952452633199907,-0.7394662468772634,0.32575473142284794,-1.0161329645585022,1
-0.8043672005990544,-1.1099901739376037,-1.179024470547907,0.08105338430563792,-0.911310674287764,-1.177851894974348,1.6495816066168083,0.853056793629862,0.4040141225293712,1.1497546101905376,-0.997471732522988,-0.46792656240303043,0.9841231756854657,0
-0.8043672005990544,0.9009088760241706,0.8491410419312149,0.6530848582459212,-0.06640278899360229,-1.177851894974348,0.06599664927436881,0.853056793629862,-0.1397951825734185,-0.6849837281165926,-0.4814607612315388,-0.8647672093159696,0.9841231756854657,0
-0.8043672005990544,0.9009088760241706,0.8491410419312149,0.24063535228549995,-0.7423290972289317,-1.177851894974348,0.8577891279455886,0.853056793629862,1.9515208487786668,0.23238544103697253,-0.7394662468772634,0.06780831092943747,0.9841231756854657,0
-0.2960199349169384,0.9009088760241706,-0.502969299721533,-0.3918651325795623,-0.5733475201700994,0.9048055324001227,-0.5674373336626071,0.2744324511807092,-1.1804179269059165,-0.34097028968400567,-0.7394662468772634,0.12733440796637835,0.9841231756854657,0
-0.634918112038349,0.9009088760241706,1.5251962127575889,0.35920451760888483,-0.7423290972289317,-1.177851894974348,-0.3298995900612411,-0.8828162337175963,1.0015329886299666,-0.7996548742607882,-0.4814607612315388,-0.5472946917856183,0.9841231756854657,0
-0.2960199349169384,-1.1099901739376037,-0.502969299721533,-0.39527628597725156,0.2715603651240624,-1.177851894974348,0.06599664927436881,0.853056793629862,1.9750187817152072,0.4617277333253637,-0.7394662468772634,1.0995939929030794,-1.0161329645585022,0
-0.9738162891597597,0.9009088760241706,-1.179024470547907,-0.5682975666489357,-0.911310674287764,0.9048055324001227,-0.7257958293968509,-0.8828162337175963,0.561785957960427,-0.34097028968400567,-0.4814607612315388,-0.8052411122790287,-1.0161329645585022,1
-0.46546902347764374,-1.1099901739376037,0.8491410419312149,0.8151146446361621,-0.5733475201700994,-1.177851894974348,0.8577891279455886,0.853056793629862,-0.25392799969375696,-0.34097028968400567,-0.997471732522988,-0.6266628211682062,-1.0161329645585022,0
-0.9738162891597597,0.9009088760241706,1.5251962127575889,-0.562485971971391,-0.911310674287764,0.9048055324001227,-0.8841543251310949,-0.8828162337175963,0.001192415045823164,-0.570312581972397,-0.997471732522988,0.6829113136444932,-1.0161329645585022,0
-0.2960199349169384,0.9009088760241706,-1.179024470547907,-0.6441957297475223,-0.5733475201700994,0.9048055324001227,-0.5040939353689095,-0.8828162337175963,1.1223795008750308,0.23238544103697253,-0.4814607612315388,-3.4045473495587806,0.9841231756854657,0
-0.9738162891597597,0.9009088760241706,1.5251962127575889,-0.22086527614354587,-0.404365943111267,0.9048055324001227,-0.4090788379283631,0.2744324511807092,1.327147202179168,-0.34097028968400567,-0.997471732522988,1.298014316359549,-1.0161329645585022,1
-0.8043672005990544,0.9009088760241706,-0.502969299721533,0.14674967196483893,-0.911310674287764,-1.177851894974348,-0.3298995900612411,-1.461440576166749,0.001192415045823164,-0.6849837281165926,-0.997471732522988,1.238488219322608,-1.0161329645585022,0
-0.634918112038349,-1.1099901739376037,-0.502969299721533,0.010019273274126857,-0.911310674287764,0.9048055324001227,3.2331665639592484,0.2744324511807092,0.001192415045823164,2.640479510065081,-0.7394662468772634,0.7027533459901402,-1.0161329645585022,1
-0.46546902347764374,0.9009088760241706,-0.502969299721533,-0.29935338904408165,-0.404365943111267,-1.177851894974348,-1.1850354670261585,0.2744324511807092,0.16232109803924238,-1.2583394588375707,-0.7394662468772634,-1.0631875327724392,-1.0161329645585022,1
-0.9738162891597597,0.9009088760241706,0.8491410419312149,-0.0965161008962986,-0.911310674287764,0.9048055324001227,2.4413740852880284,0.2744324511807092,1.6594751108530943,2.2964660716324943,-0.4814607612315388,0.5837011519162584,-1.0161329645585022,1
-0.9738162891597597,0.9009088760241706,0.8491410419312149,-0.10389114088111756,-0.911310674287764,-1.177851894974348,0.25602684415546156,-0.8828162337175963,-1.7510820125076092,0.1177142948927768,-0.4814607612315388,0.06780831092943747,-1.0161329645585022,0
-0.46546902347764374,-1.1099901739376037,0.8491410419312149,-0.29815316840415396,-0.06640278899360229,-1.177851894974348,-1.1058562191590364,1.4316811360790147,-1.6705176710108995,-1.143668312693375,-0.7394662468772634,0.8614896047553159,0.9841231756854657,0
-0.634918112038349,0.9009088760241706,-1.179024470547907,-0.10884994720923993,-0.7423290972289317,-1.177851894974348,-0.17154109432699713,-1.461440576166749,-0.1397951825734185,-0.2262991435398101,-0.4814607612315388,-0.46792656240303043,-1.0161329645585022,0
-0.634918112038349,-1.1099901739376037,0.8491410419312149,0.5508608029531308,-0.911310674287764,-1.177851894974348,0.8577891279455886,-1.461440576166749,0.5651428055227898,-0.11162799739561437,-0.7394662468772634,0.18686050500331922,0.9841231756854657,0
-0.9738162891597597,-1.1099901739376037,-0.502969299721533,-0.1120242149543119,-0.911310674287764,-1.177851894974348,-0.5476425216958265,0.2744324511807092,-1.623521805137819,-0.6849837281165926,-0.997471732522988,-2.3330776028938445,0.9841231756854657,0
-0.634918112038349,-1.1099901739376037,-0.502969299721533,0.1739283525084651,-0.911310674287764,0.9048055324001227,0.06599664927436881,1.4316811360790147,-1.4724636648314886,-0.34097028968400567,-0.997471732522988,0.5440170872249644,0.9841231756854657,0
-0.9738162891597597,0.9009088760241706,-0.502969299721533,0.17538125117785128,-0.5733475201700994,-1.177851894974348,-0.09236184645987515,1.4316811360790147,-1.3482603050240614,-0.45564143582820127,-0.7394662468772634,-0.32903233598350173,0.9841231756854657,0
-0.9738162891597597,0.9009088760241706,1.5251962127575889,-0.5453828278524212,-0.911310674287764,0.9048055324001227,0.06599664927436881,-1.461440576166749,0.001192415045823164,0.9204123179021463,-0.997471732522988,0.7027533459901402,0.9841231756854657,0
-0.634918112038349,0.9009088760241706,-1.179024470547907,-0.2234710183223363,-0.404365943111267,0.9048055324001227,-0.646616581529729,-1.461440576166749,-0.9857207682888686,-0.6849837281165926,-0.7394662468772634,0.16701847265767225,0.9841231756854657,0
-0.46546902347764374,-1.1099901739376037,0.8491410419312149,0.6900548124310629,-0.5733475201700994,-1.177851894974348,2.4413740852880284,0.2744324511807092,-0.005521280078902488,0.6910700256137552,-0.997471732522988,0.38528082845978884,-1.0161329645585022,1
-0.9738162891597597,0.9009088760241706,0.8491410419312149,-0.08561936087590229,-0.404365943111267,-1.177851894974348,0.38271364074285674,0.2744324511807092,0.8336906105118219,0.23238544103697253,-0.4814607612315388,-1.9759210206721993,0.9841231756854657,0
-0.8043672005990544,-1.1099901739376037,0.8491410419312149,-0.408541882523821,-0.911310674287764,-1.177851894974348,-0.646616581529729,1.4316811360790147,-1.623521805137819,-0.45564143582820127,-0.4814607612315388,0.3654387961141419,0.9841231756854657,0
-0.46546902347764374,0.9009088760241706,1.5251962127575889,0.7405272488153913,-0.06640278899360229,-1.177851894974348,-0.4882580857954851,1.4316811360790147,0.9612508178816116,-1.0289971665491795,-0.7394662468772634,-0.17029607721832604,-1.0161329645585022,0
-0.9738162891597597,-1.1099901739376037,-1.179024470547907,0.11976049994330659,-0.7423290972289317,0.21058638994196582,0.8577891279455886,1.4316811360790147,-0.25392799969375696,0.3470565871811683,-0.4814607612315388,-1.3012919209202027,0.9841231756854657,0
-0.634918112038349,0.9009088760241706,-1.179024470547907,-0.6747855636888377,-0.5733475201700994,0.9048055324001227,-0.2507203421941191,0.2744324511807092,-0.5896127559300467,0.9204123179021463,-0.997471732522988,-0.15045404487267908,-1.0161329645585022,0
-0.634918112038349,-1.1099901739376037,1.5251962127575889,-0.6985846755884569,-0.23538436605243465,0.9048055324001227,0.7627740305050422,0.2744324511807092,1.575553921794022,2.984492948497668,-0.4814607612315388,0.20670253734896618,-1.0161329645585022,1
-0.8043672005990544,-1.1099901739376037,-0.502969299721533,-0.8444588604701972,-0.5733475201700994,0.9048055324001227,-0.3298995900612411,0.2744324511807092,-1.2979075915886182,1.6084391947673204,-0.4814607612315388,-1.3409759856114967,-1.0161329645585022,1
-0.2960199349169384,-1.1099901739376037,1.5251962127575889,-0.5530421306203809,0.10257878806523006,0.9048055324001227,-0.6624524311031534,0.2744324511807092,-0.707102420612748,-0.2262991435398101,-0.4814607612315388,0.9408577341379036,-1.0161329645585022,0
-0.46546902347764374,-1.1099901739376037,-0.502969299721533,0.18863105534757957,-0.404365943111267,-1.177851894974348,0.7786098800784667,-1.461440576166749,-0.46205254856025635,0.23238544103697253,-0.7394662468772634,0.5440170872249644,0.9841231756854657,0
-0.2960199349169384,0.9009088760241706,-1.179024470547907,0.8038546799484192,-0.06640278899360229,0.9048055324001227,2.4413740852880284,0.853056793629862,1.357358830240434,0.5763988794695595,-0.997471732522988,-0.686188918205147,-1.0161329645585022,1
-0.46546902347764374,0.9009088760241706,-0.502969299721533,-0.3077075563930522,-0.404365943111267,0.9048055324001227,0.38271364074285674,0.2744324511807092,-1.2979075915886182,0.6910700256137552,-0.7394662468772634,-0.7853990799333818,-1.0161329645585022,0
-0.2960199349169384,0.9009088760241706,0.8491410419312149,-0.2641679734419904,0.2715603651240624,-1.177851894974348,-0.9950052721450657,0.853056793629862,-0.005521280078902488,-1.0289971665491795,-0.997471732522988,0.8416475724096689,0.9841231756854657,0
-0.8043672005990544,-1.1099901739376037,-0.502969299721533,-0.4099947811932072,-0.5733475201700994,0.9048055324001227,-1.042512820865339,0.2744324511807092,0.16232109803924238,-0.9143260204049839,-0.997471732522988,-1.4997122443766724,0.9841231756854657,0
-0.2960199349169384,-1.1099901739376037,0.8491410419312149,-0.48330299448984443,-0.23538436605243465,0.9048055324001227,0.38271364074285674,0.2744324511807092,-1.173704231781191,1.1497546101905376,-0.997471732522988,-1.0631875327724392,0.9841231756854657,0
-0.634918112038349,0.9009088760241706,1.5251962127575889,-0.10850251491873456,-0.7423290972289317,0.9048055324001227,0.38271364074285674,-0.8828162337175963,-0.707102420612748,0.23238544103697253,-0.7394662468772634,-0.7258729828964409,0.9841231756854657,0
-0.2960199349169384,0.9009088760241706,-1.179024470547907,-0.2972056257936847,-0.7423290972289317,-1.177851894974348,0.06599664927436881,-0.8828162337175963,-1.0964967378468442,0.23238544103697253,-0.997471732522988,-0.15045404487267908,0.9841231756854657,0
-0.8043672005990544,0.9009088760241706,-0.502969299721533,-0.5264161832661951,-0.911310674287764,0.9048055324001227,-0.804975077263973,-0.8828162337175963,-1.0495008719737637,-0.45564143582820127,-0.7394662468772634,-0.46792656240303043,0.9841231756854657,0
-0.8043672005990544,0.9009088760241706,1.5251962127575889,0.07517862012072861,-0.23538436605243465,0.9048055324001227,1.1745061194140765,0.2744324511807092,-0.7138161157374736,0.6910700256137552,-0.4814607612315388,1.298014316359549,-1.0161329645585022,0
-0.9738162891597597,-1.1099901739376037,-1.179024470547907,-0.3352178768503426,-0.911310674287764,-1.177851894974348,-0.7257958293968509,0.2744324511807092,-1.0495008719737637,-0.570312581972397,-0.997471732522988,0.6829113136444932,0.9841231756854657,0
-0.8043672005990544,-1.1099901739376037,-0.502969299721533,-0.7933547290122226,-0.911310674287764,0.9048055324001227,-0.646616581529729,1.4316811360790147,-0.005521280078902488,0.5763988794695595,-0.4814607612315388,0.821805540064022,-1.0161329645585022,0
-0.8043672005990544,0.9009088760241706,0.8491410419312149,-0.10644950592938451,-0.911310674287764,-1.177851894974348,0.06599664927436881,-1.461440576166749,0.001192415045823164,0.003043148748581378,-0.7394662468772634,-1.7378166325244357,0.9841231756854657,0
-0.9738162891597597,-1.1099901739376037,0.8491410419312149,-0.5950498530178507,-0.911310674287764,0.9048055324001227,-0.7257958293968509,-1.461440576166749,1.9750187817152072,-0.2262991435398101,-0.997471732522988,0.5043330225336705,-1.0161329645585022,1
-0.634918112038349,0.9009088760241706,-1.179024470547907,1.0261481763645042,-0.404365943111267,-1.177851894974348,1.0161476236798326,0.853056793629862,-0.46205254856025635,-0.34097028968400567,-0.997471732522988,0.20670253734896618,-1.0161329645585022,0
-0.634918112038349,-1.1099901739376037,-1.179024470547907,0.27981623922840326,-0.7423290972289317,-1.177851894974348,0.38271364074285674,0.853056793629862,-1.7510820125076092,-0.2262991435398101,-0.997471732522988,0.46464895784237664,0.9841231756854657,0
-0.46546902347764374,0.9009088760241706,-1.179024470547907,-0.7223837874880761,-0.5733475201700994,0.9048055324001227,-0.963333572998217,-0.3041918912684436,-0.005521280078902488,-0.45564143582820127,-0.4814607612315388,-1.182239726846321,-1.0161329645585022,1
-0.8043672005990544,-1.1099901739376037,-1.179024470547907,-0.3020223007302367,-0.7423290972289317,-1.177851894974348,0.6598410082777837,-1.461440576166749,2.491973306319093,1.035083464046342,-0.7394662468772634,-2.571181991041608,-1.0161329645585022,1
-0.9738162891597597,-1.1099901739376037,-0.502969299721533,-0.5774413528399639,-0.911310674287764,0.9048055324001227,-1.1375279183058853,-0.8828162337175963,0.001192415045823164,-0.9143260204049839,-0.4814607612315388,1.0202258635204915,0.9841231756854657,0
-0.8043672005990544,-1.1099901739376037,0.8491410419312149,1.142885425974315,-0.7423290972289317,0.9048055324001227,-0.2507203421941191,0.2744324511807092,0.7464125738903866,-1.0289971665491795,-0.997471732522988,0.008282213892496587,-1.0161329645585022,0
-1.143265377720465,0.9009088760241706,0.8491410419312149,-0.8677684086877406,-0.7423290972289317,0.9048055324001227,-1.042512820865339,-1.461440576166749,-0.21364582894540246,-0.2262991435398101,-0.4814607612315388,0.5638591195706114,-1.0161329645585022,0
-0.9738162891597597,-1.1099901739376037,1.5251962127575889,1.7860931423376798,-0.911310674287764,0.9048055324001227,1.6495816066168083,0.853056793629862,-1.1804179269059165,-0.45564143582820127,-0.7394662468772634,0.3455967637684949,-1.0161329645585022,0
-0.9738162891597597,-1.1099901739376037,-1.179024470547907,-0.37798363333618784,-0.911310674287764,0.9048055324001227,0.38271364074285674,0.853056793629862,0.23617174441122635,0.8057411717579506,-0.4814607612315388,-0.30919030363785477,0.9841231756854657,0
-0.2960199349169384,-1.1099901739376037,-0.502969299721533,-0.48753535148327376,-0.5733475201700994,0.21058638994196582,0.8577891279455886,-0.8828162337175963,-0.45869570099789353,1.952452633199907,-0.4814607612315388,0.26622863438590705,0.9841231756854657,0
-0.46546902347764374,-1.1099901739376037,-1.179024470547907,-0.48890928826845415,-0.5733475201700994,0.9048055324001227,-0.6307807319563046,-0.8828162337175963,1.2096575374964662,-0.34097028968400567,-0.997471732522988,0.7027533459901402,-1.0161329645585022,0
-0.8043672005990544,0.9009088760241706,-0.502969299721533,0.19169477645476346,-0.911310674287764,0.9048055324001227,-0.4090788379283631,-0.8828162337175963,-1.4993184453303918,-0.6849837281165926,-0.4814607612315388,-0.17029607721832604,0.9841231756854657,0
-0.9738162891597597,0.9009088760241706,0.8491410419312149,-0.42376573379869353,-0.404365943111267,0.9048055324001227,-1.1375279183058853,1.4316811360790147,-0.005521280078902488,-1.0289971665491795,-0.7394662468772634,-0.22982217425526694,0.9841231756854657,0
-0.46546902347764374,0.9009088760241706,-1.179024470547907,-0.20748913295908836,-0.5733475201700994,0.9048055324001227,-0.5674373336626071,-1.461440576166749,-0.11965409719924096,-0.570312581972397,-0.997471732522988,0.6233852166075523,0.9841231756854657,0
-0.2960199349169384,-1.1099901739376037,0.8491410419312149,-0.10782344271456493,0.10257878806523006,0.9048055324001227,-0.7257958293968509,1.4316811360790147,-1.2979075915886182,-0.7996548742607882,-0.997471732522988,-1.4401861473397315,0.9841231756854657,0
-0.46546902347764374,-1.1099901739376037,0.8491410419312149,-0.6800602175537832,0.2715603651240624,0.9048055324001227,-0.09236184645987515,1.4316811360790147,2.206641263518246,1.1497546101905376,-0.997471732522988,-1.2814498885745558,0.9841231756854657,0
-0.9738162891597597,0.9009088760241706,1.5251962127575889,-0.2582300397497164,-0.911310674287764,0.9048055324001227,-0.7257958293968509,0.2744324511807092,-1.3482603050240614,-0.6849837281165926,-0.997471732522988,0.06780831092943747,-1.0161329645585022,0
-0.9738162891597597,-1.1099901739376037,1.5251962127575889,0.6495947429640261,-0.911310674287764,-1.177851894974348,-1.042512820865339,-0.8828162337175963,0.16232109803924238,-1.3730106049817663,-0.4814607612315388,0.9805417988291976,-1.0161329645585022,0
-0.46546902347764374,-1.1099901739376037,0.8491410419312149,0.45800162712714476,-0.23538436605243465,-1.177851894974348,1.6495816066168083,1.4316811360790147,-1.4993184453303918,0.4617277333253637,-0.7394662468772634,-1.2616078562289088,0.9841231756854657,0
-0.634918112038349,0.9009088760241706,0.8491410419312149,-0.36253868878553913,-0.404365943111267,0.9048055324001227,-0.2507203421941191,1.4316811360790147,1.417782086362966,0.003043148748581378,-0.997471732522988,0.18686050500331922,-1.0161329645585022,1
-0.46546902347764374,0.9009088760241706,1.5251962127575889,1.5014355497758776,-0.404365943111267,-1.177851894974348,2.4413740852880284,-1.461440576166749,0.11868207972852446,0.003043148748581378,-0.7394662468772634,0.32575473142284794,0.9841231756854657,0
-0.46546902347764374,0.9009088760241706,-0.502969299721533,-0.11069765529965497,-0.404365943111267,0.9048055324001227,1.1745061194140765,0.853056793629862,-1.3751150855229646,1.035083464046342,-0.997471732522988,0.9011736694466097,0.9841231756854657,0
-1.143265377720465,0.9009088760241706,-0.502969299721533,2.549465054085386,-0.911310674287764,-1.177851894974348,1.0161476236798326,-0.8828162337175963,1.223084927745918,-0.7996548742607882,-0.997471732522988,-2.075131182400434,0.9841231756854657,0
-0.46546902347764374,0.9009088760241706,0.8491410419312149,0.24995285462178088,-0.7423290972289317,-1.177851894974348,-0.09236184645987515,0.853056793629862,-1.4254677989584081,-0.570312581972397,-0.4814607612315388,0.4844909901880236,0.9841231756854657,0
-0.634918112038349,0.9009088760241706,-1.179024470547907,1.0312017369536735,-0.7423290972289317,-1.177851894974348,2.4413740852880284,-0.8828162337175963,1.0015329886299666,0.3470565871811683,-0.4814607612315388,0.7622794430270811,-1.0161329645585022,0
-0.634918112038349,0.9009088760241706,1.5251962127575889,-0.3612437138845645,-0.23538436605243465,0.9048055324001227,-0.4090788379283631,1.4316811360790147,-1.4724636648314886,-0.2262991435398101,-0.4814607612315388,0.6630692812988462,0.9841231756854657,0
-0.2960199349169384,0.9009088760241706,-0.502969299721533,-0.2996850289577459,-0.404365943111267,0.9048055324001227,0.5410721364771007,-0.3041918912684436,0.001192415045823164,0.8057411717579506,-0.4814607612315388,-0.9441353386985575,0.9841231756854657,0
-0.9738162891597597,0.9009088760241706,1.5251962127575889,-0.5416400345410677,-0.911310674287764,0.9048055324001227,0.06599664927436881,0.2744324511807092,0.001192415045823164,0.9204123179021463,-0.7394662468772634,0.4844909901880236,-1.0161329645585022,1
-0.8043672005990544,0.9009088760241706,-0.502969299721533,-0.3573272044279583,-0.404365943111267,-1.177851894974348,0.675676857851208,-0.8828162337175963,0.561785957960427,1.1497546101905376,-0.997471732522988,0.46464895784237664,0.9841231756854657,0
-0.634918112038349,0.9009088760241706,0.8491410419312149,0.11323824830790996,-0.404365943111267,0.9048055324001227,0.6994306322113446,0.2744324511807092,-1.0427871768490378,0.23238544103697253,-0.997471732522988,0.6432272489531993,-1.0161329645585022,0
-0.8043672005990544,-1.1099901739376037,0.8491410419312149,-0.3974556339813308,-0.7423290972289317,-1.177851894974348,-0.14778731996686054,1.4316811360790147,1.0955247203761276,0.23238544103697253,-0.7394662468772634,0.286070666731554,0.9841231756854657,0
-0.46546902347764374,0.9009088760241706,-0.502969299721533,-0.08110274109933222,-0.5733475201700994,-1.177851894974348,-0.6228628071695924,0.853056793629862,-1.1233515183457474,-0.6849837281165926,-0.997471732522988,1.0995939929030794,-1.0161329645585022,0
-0.46546902347764374,0.9009088760241706,1.5251962127575889,-0.6042252239625613,-0.404365943111267,-1.177851894974348,0.06599664927436881,-1.461440576166749,0.0851136041048956,1.1497546101905376,-0.7394662468772634,1.5559607368529593,0.9841231756854657,0
-0.8043672005990544,0.9009088760241706,-0.502969299721533,-0.8152587556909033,-0.911310674287764,0.9048055324001227,-1.2365019781397877,-1.461440576166749,-1.3482603050240614,-0.9143260204049839,-0.997471732522988,-0.9838194033898514,0.9841231756854657,0
-0.8043672005990544,-1.1099901739376037,-1.179024470547907,-0.714377052429611,-0.06640278899360229,0.9048055324001227,-0.5674373336626071,0.2744324511807092,-0.46205254856025635,0.3470565871811683,-0.4814607612315388,-0.11076998018138517,0.9841231756854657,0
-0.634918112038349,-1.1099901739376037,0.8491410419312149,-0.3951973240930458,-0.7423290972289317,0.9048055324001227,-0.8841543251310949,-0.8828162337175963,1.6729025011025462,-0.7996548742607882,-0.7394662468772634,-0.9242933063529105,-1.0161329645585022,1
-0.634918112038349,0.9009088760241706,1.5251962127575889,-0.4135006888519434,-0.404365943111267,-1.177851894974348,2.4413740852880284,-1.461440576166749,1.5352717510456675,3.7871909715070364,-0.7394662468772634,0.6035431842619053,-1.0161329645585022,1
-1.143265377720465,-1.1099901739376037,-0.502969299721533,-0.4711744490758381,-0.911310674287764,0.9048055324001227,0.38271364074285674,0.2744324511807092,1.4110683912382405,1.1497546101905376,-0.997471732522988,0.7027533459901402,-1.0161329645585022,1
-0.2960199349169384,0.9009088760241706,1.5251962127575889,0.17858710367660555,-0.911310674287764,-1.177851894974348,0.38271364074285674,-0.8828162337175963,-1.371758237960602,-0.11162799739561437,-0.4814607612315388,1.0400678958661385,0.9841231756854657,0
-0.8043672005990544,0.9009088760241706,-1.179024470547907,-0.6143797222714233,-0.911310674287764,0.9048055324001227,-1.2325430157464317,0.2744324511807092,0.3301634761573873,-1.143668312693375,-0.7394662468772634,0.286070666731554,0.9841231756854657,0
-0.2960199349169384,-1.1099901739376037,1.5251962127575889,0.46155491191640446,0.10257878806523006,0.9048055324001227,-0.6426576191363729,0.853056793629862,0.11868207972852446,-1.0289971665491795,-0.4814607612315388,0.8416475724096689,-1.0161329645585022,0
-0.46546902347764374,-1.1099901739376037,1.5251962127575889,-0.7749250252385957,-0.5733475201700994,0.9048055324001227,-0.3298995900612411,-1.461440576166749,0.6624913848313142,1.1497546101905376,-0.997471732522988,-1.2814498885745558,-1.0161329645585022,0
-0.8043672005990544,0.9009088760241706,0.8491410419312149,-0.8429112075397641,-0.404365943111267,0.21058638994196582,-0.9118670618845877,1.4316811360790147,1.223084927745918,0.003043148748581378,-0.4814607612315388,-0.6465048535138531,0.9841231756854657,0
-0.8043672005990544,-1.1099901739376037,0.8491410419312149,0.1687326605277254,-0.911310674287764,0.9048055324001227,1.6495816066168083,0.2744324511807092,2.02537149515065,0.9204123179021463,-0.7394662468772634,1.3972244780877838,-1.0161329645585022,1
-0.8043672005990544,0.9009088760241706,-0.502969299721533,1.9484071915110615,-0.7423290972289317,0.9048055324001227,1.6495816066168083,0.2744324511807092,0.19253272610050842,-0.45564143582820127,-0.4814607612315388,0.9210157017922567,0.9841231756854657,0
-0.634918112038349,0.9009088760241706,0.8491410419312149,-0.43223044778555214,-0.23538436605243465,-1.177851894974348,0.06599664927436881,-1.461440576166749,1.9750187817152072,0.5763988794695595,-0.4814607612315388,0.18686050500331922,-1.0161329645585022,1
-0.46546902347764374,0.9009088760241706,-0.502969299721533,-0.7141401667769937,-0.23538436605243465,0.9048055324001227,-0.3298995900612411,1.4316811360790147,1.451350561986595,0.9204123179021463,-0.7394662468772634,0.782121475372728,-1.0161329645585022,1
-0.634918112038349,0.9009088760241706,-1.179024470547907,-0.027803469260437176,-0.911310674287764,0.9048055324001227,-0.7257958293968509,-0.8828162337175963,0.2865244578466693,-0.9143260204049839,-0.4814607612315388,-3.027548734991488,0.9841231756854657,0
-0.634918112038349,0.9009088760241706,-1.179024470547907,-0.40528865289454324,-0.911310674287764,0.9048055324001227,-1.2008713165995828,0.853056793629862,-1.0092187012254088,-1.143668312693375,-0.7394662468772634,1.1194360252487263,-1.0161329645585022,1
-0.9738162891597597,0.9009088760241706,1.5251962127575889,0.7477759497854811,-0.911310674287764,0.9048055324001227,-0.5674373336626071,-0.8828162337175963,0.3301634761573873,-1.0289971665491795,-0.4814607612315388,0.20670253734896618,0.9841231756854657,0
-0.8043672005990544,-1.1099901739376037,0.8491410419312149,0.4610179711038052,-0.911310674287764,-1.177851894974348,0.0897504236345054,-0.8828162337175963,0.3234497810326616,-0.570312581972397,-0.7394662468772634,0.4448069254967297,0.9841231756854657,0
-0.46546902347764374,-1.1099901739376037,0.8491410419312149,4.553754560880456,-0.5733475201700994,0.9048055324001227,2.3226052134873454,0.853056793629862,0.954537122756886,-0.7996548742607882,-0.4814607612315388,-1.4798702120310254,0.9841231756854657,0
-0.8043672005990544,0.9009088760241706,0.8491410419312149,-0.3204204197501812,-0.911310674287764,-1.177851894974348,-0.7257958293968509,-1.461440576166749,1.4110683912382405,-0.6849837281165926,-0.7394662468772634,0.26622863438590705,-1.0161329645585022,1
-0.8043672005990544,0.9009088760241706,-1.179024470547907,0.4799056538058255,-0.911310674287764,-1.177851894974348,0.38271364074285674,-0.8828162337175963,0.001192415045823164,-0.34097028968400567,-0.4814607612315388,-0.9242933063529105,0.9841231756854657,0
-0.2960199349169384,0.9009088760241706,-0.502969299721533,-0.24003722162870691,-0.23538436605243465,0.9048055324001227,-0.4407505370752119,1.4316811360790147,-0.3680608168140954,-0.34097028968400567,-0.7394662468772634,-1.2417658238832618,0.9841231756854657,0
-0.46546902347764374,-1.1099901739376037,-0.502969299721533,-0.3150983887547123,-0.23538436605243465,-1.177851894974348,-0.5674373336626071,-0.8828162337175963,-0.33784918875282943,-0.45564143582820127,-0.4814607612315388,0.06780831092943747,-1.0161329645585022,0
-0.8043672005990544,-1.1099901739376037,0.8491410419312149,-0.5224522966790655,-0.911310674287764,-1.177851894974348,-0.6624524311031534,0.2744324511807092,-1.0427871768490378,-0.2262991435398101,-0.4814607612315388,0.305912699077201,-1.0161329645585022,0
-0.9738162891597597,0.9009088760241706,0.8491410419312149,-0.22135483982562165,-0.7423290972289317,0.9048055324001227,-1.01084112171849,-0.3041918912684436,1.8407448792206904,-1.0289971665491795,-0.997471732522988,-0.40840046536608954,-1.0161329645585022,1
-0.8043672005990544,0.9009088760241706,0.8491410419312149,0.17170162737386238,-0.911310674287764,0.9048055324001227,-0.5674373336626071,0.2744324511807092,-1.6705176710108995,-0.7996548742607882,-0.7394662468772634,-1.3409759856114967,0.9841231756854657,0
-0.2960199349169384,-1.1099901739376037,-0.502969299721533,1.0289276346885472,-0.5733475201700994,0.9048055324001227,-0.5674373336626071,-1.461440576166749,-0.37813135950118393,-1.143668312693375,-0.4814607612315388,1.0995939929030794,-1.0161329645585022,0
-0.8043672005990544,0.9009088760241706,-0.502969299721533,0.651316112039712,-0.911310674287764,-1.177851894974348,0.22435514500861276,-0.8828162337175963,-0.8447331706696268,-0.570312581972397,-0.7394662468772634,-0.5472946917856183,0.9841231756854657,0
-0.8043672005990544,-1.1099901739376037,-0.502969299721533,0.7672163656769417,-0.7423290972289317,-1.177851894974348,0.06599664927436881,-0.8828162337175963,-1.2979075915886182,-0.6849837281165926,-0.7394662468772634,-1.7179746001787888,0.9841231756854657,0
-0.634918112038349,0.9009088760241706,-0.502969299721533,-0.16777130520358582,-0.7423290972289317,-1.177851894974348,-1.1375279183058853,-1.461440576166749,0.5651428055227898,-1.2583394588375707,-0.4814607612315388,-1.2814498885745558,-1.0161329645585022,0
-0.634918112038349,0.9009088760241706,0.8491410419312149,-0.613416387284113,-0.404365943111267,0.21058638994196582,0.4223032646764177,1.4316811360790147,0.7061304031420315,1.8377814870557112,-0.4814607612315388,0.0479662785837905,0.9841231756854657,0
-1.143265377720465,-1.1099901739376037,1.5251962127575889,-0.695015598422356,-0.911310674287764,0.9048055324001227,-0.2507203421941191,-1.461440576166749,-0.37813135950118393,0.9204123179021463,-0.997471732522988,0.46464895784237664,0.9841231756854657,0
-0.634918112038349,-1.1099901739376037,-0.502969299721533,-0.29709507915579664,-0.7423290972289317,0.9048055324001227,-1.2800505644667048,-1.461440576166749,0.001192415045823164,-1.3730106049817663,-0.997471732522988,0.6829113136444932,0.9841231756854657,0
-0.8043672005990544,-1.1099901739376037,1.5251962127575889,0.15144000788666168,-0.911310674287764,0.9048055324001227,2.4413740852880284,0.2744324511807092,-0.21700267650776528,1.6084391947673204,-0.997471732522988,-1.3806600503027906,-1.0161329645585022,1
-0.46546902347764374,-1.1099901739376037,0.8491410419312149,-0.21855958912473736,-0.23538436605243465,-1.177851894974348,-0.7099599798234266,-0.3041918912684436,-0.4654093961226198,-0.6849837281165926,-0.4814607612315388,-0.11076998018138517,0.9841231756854657,0
-0.46546902347764374,-1.1099901739376037,-0.502969299721533,-0.12464232405039402,-0.404365943111267,0.21058638994196582,-0.7257958293968509,0.2744324511807092,-1.623521805137819,-0.7996548742607882,-0.997471732522988,0.4844909901880236,-1.0161329645585022,0
-0.634918112038349,0.9009088760241706,-0.502969299721533,-0.483255617359321,-0.911310674287764,0.21058638994196582,-1.2008713165995828,1.4316811360790147,0.5114332445249834,-1.143668312693375,-0.4814607612315388,0.8813316371009629,0.9841231756854657,0
-0.8043672005990544,0.9009088760241706,0.8491410419312149,0.1741968229147647,-0.5733475201700994,-1.177851894974348,0.0976683484212176,1.4316811360790147,-1.6705176710108995,-0.34097028968400567,-0.7394662468772634,0.9606997664835506,0.9841231756854657,0
-0.46546902347764374,-1.1099901739376037,0.8491410419312149,-0.4872037115696095,-0.06640278899360229,0.9048055324001227,-0.4882580857954851,1.4316811360790147,0.2965950005337584,-0.11162799739561437,-0.7394662468772634,0.40512286080543575,-1.0161329645585022,0
-0.2960199349169384,0.9009088760241706,0.8491410419312149,-0.24311673511273196,-0.5733475201700994,0.21058638994196582,-1.121692068732461,1.4316811360790147,-0.3680608168140954,-1.143668312693375,-0.997471732522988,-1.7775006972157297,0.9841231756854657,0
-0.9738162891597597,0.9009088760241706,0.8491410419312149,-0.7919018303428365,-0.911310674287764,0.21058638994196582,-0.765385453330412,0.853056793629862,0.001192415045823164,0.23238544103697253,-0.7394662468772634,-0.38855843302044263,0.9841231756854657,0
-0.9738162891597597,0.9009088760241706,0.8491410419312149,-0.792675656808053,-0.911310674287764,0.9048055324001227,-1.359229812333827,0.853056793629862,0.6154955189582334,-1.2583394588375707,-0.7394662468772634,-0.5671367241312653,0.9841231756854657,0
-0.8043672005990544,-1.1099901739376037,0.8491410419312149,0.2847592531796845,-0.911310674287764,-1.177851894974348,-0.7257958293968509,-1.461440576166749,0.001192415045823164,-1.0289971665491795,-0.997471732522988,-0.09092794783573821,0.9841231756854657,0
-0.8043672005990544,0.9009088760241706,-1.179024470547907,-0.6836924642272486,-0.5733475201700994,0.9048055324001227,-0.5674373336626071,-0.8828162337175963,0.23617174441122635,0.23238544103697253,-0.7394662468772634,-0.46792656240303043,-1.0161329645585022,0
-0.46546902347764374,0.9009088760241706,1.5251962127575889,-0.3150510116241888,-0.5733475201700994,0.9048055324001227,0.38271364074285674,0.853056793629862,0.8336906105118219,0.6910700256137552,-0.4814607612315388,0.821805540064022,-1.0161329645585022,1
-0.9738162891597597,-1.1099901739376037,0.8491410419312149,-0.3804788288770902,-0.911310674287764,0.9048055324001227,0.22435514500861276,-1.461440576166749,-0.1397951825734185,0.6910700256137552,-0.997471732522988,0.5837011519162584,0.9841231756854657,0
-0.46546902347764374,0.9009088760241706,-1.179024470547907,-0.3753147216500328,-0.06640278899360229,0.9048055324001227,-0.4090788379283631,0.853056793629862,-0.8447331706696268,-0.2262991435398101,-0.997471732522988,0.4844909901880236,0.9841231756854657,0
-0.2960199349169384,0.9009088760241706,-1.179024470547907,-0.6317513367966928,-0.5733475201700994,-1.177851894974348,-1.042512820865339,-1.461440576166749,0.7430557263280237,-0.6849837281165926,-0.7394662468772634,-1.142555662155027,0.9841231756854657,0
-0.634918112038349,0.9009088760241706,-1.179024470547907,0.15065038904460398,-0.7423290972289317,-1.177851894974348,-0.4090788379283631,-0.3041918912684436,-1.3482603050240614,-0.6849837281165926,-0.4814607612315388,-0.9242933063529105,0.9841231756854657,0
-0.2960199349169384,0.9009088760241706,-0.502969299721533,1.0295909145158757,-0.5733475201700994,-1.177851894974348,0.5410721364771007,1.4316811360790147,-0.005521280078902488,-0.570312581972397,-0.997471732522988,-0.051243883144444294,-1.0161329645585022,0
-0.46546902347764374,0.9009088760241706,-0.502969299721533,0.015972999343241947,-0.911310674287764,-1.177851894974348,-0.8841543251310949,-0.8828162337175963,0.3939435798422821,-1.0289971665491795,-0.997471732522988,-1.0235034680811452,0.9841231756854657,0
-0.9738162891597597,-1.1099901739376037,-0.502969299721533,0.1703118982118408,-0.911310674287764,0.9048055324001227,1.8079401023510524,-1.461440576166749,-0.33784918875282943,1.035083464046342,-0.4814607612315388,0.8813316371009629,0.9841231756854657,0
-1.143265377720465,0.9009088760241706,1.5251962127575889,-0.8647520647110802,-0.5733475201700994,0.9048055324001227,-1.121692068732461,0.2744324511807092,0.9343960373827085,-0.45564143582820127,-0.4814607612315388,1.317856348705196,-1.0161329645585022,0
-0.634918112038349,-1.1099901739376037,1.5251962127575889,-0.5822264430228337,-0.5733475201700994,0.9048055324001227,0.06599664927436881,0.2744324511807092,0.001192415045823164,1.035083464046342,-0.997471732522988,0.5837011519162584,0.9841231756854657,0
-0.9738162891597597,0.9009088760241706,0.8491410419312149,-0.29747409619998433,-0.5733475201700994,-1.177851894974348,0.06599664927436881,1.4316811360790147,0.001192415045823164,0.23238544103697253,-0.7394662468772634,-1.2814498885745558,0.9841231756854657,0
-0.634918112038349,0.9009088760241706,-0.502969299721533,-0.1698874837003005,-0.911310674287764,-1.177851894974348,-0.2507203421941191,-0.3041918912684436,-1.8752853723150364,-0.2262991435398101,-0.4814607612315388,0.3455967637684949,0.9841231756854657,0
-0.9738162891597597,-1.1099901739376037,-0.502969299721533,-0.6772649668528989,-0.911310674287764,0.9048055324001227,-0.7257958293968509,0.853056793629862,0.16232109803924238,0.003043148748581378,-0.4814607612315388,1.1194360252487263,0.9841231756854657,0
-0.634918112038349,-1.1099901739376037,-0.502969299721533,-0.26255715100419263,-0.5733475201700994,-1.177851894974348,0.8577891279455886,1.4316811360790147,-0.33784918875282943,1.1497546101905376,-0.4814607612315388,1.5758027691986063,-1.0161329645585022,0
-0.2960199349169384,-1.1099901739376037,-1.179024470547907,0.43781896952414984,-0.7423290972289317,-1.177851894974348,-0.2507203421941191,-0.3041918912684436,-0.005521280078902488,-0.7996548742607882,-0.7394662468772634,-1.7973427295613766,0.9841231756854657,0
-0.9738162891597597,0.9009088760241706,-0.502969299721533,-0.3388817082774903,-0.5733475201700994,0.9048055324001227,1.0953268715469546,-1.461440576166749,-0.707102420612748,1.6084391947673204,-0.7394662468772634,-0.011559818453150373,-1.0161329645585022,1
-0.9738162891597597,-1.1099901739376037,0.8491410419312149,0.2116879255356645,-0.911310674287764,-1.177851894974348,1.8079401023510524,-0.8828162337175963,0.15896425047687956,1.035083464046342,-0.7394662468772634,-2.571181991041608,0.9841231756854657,0
-0.46546902347764374,-1.1099901739376037,-0.502969299721533,0.0743574165249886,0.2715603651240624,0.9048055324001227,0.8577891279455886,1.4316811360790147,1.1458774338115711,0.4617277333253637,-0.997471732522988,0.028124246238143545,0.9841231756854657,0
-0.634918112038349,-1.1099901739376037,-1.179024470547907,0.6106665340505814,-0.23538436605243465,0.9048055324001227,1.0161476236798326,1.4316811360790147,1.7836784706605218,-0.11162799739561437,-0.4814607612315388,0.782121475372728,-1.0161329645585022,1
-0.8043672005990544,0.9009088760241706,0.8491410419312149,-0.2050255221718683,-0.404365943111267,-1.177851894974348,-0.2507203421941191,1.4316811360790147,-1.1804179269059165,-0.2262991435398101,-0.997471732522988,-0.15045404487267908,-1.0161329645585022,0
-0.8043672005990544,-1.1099901739376037,-1.179024470547907,-0.5610172809251637,-0.23538436605243465,0.9048055324001227,0.8577891279455886,1.4316811360790147,-0.25392799969375696,2.2964660716324943,-0.7394662468772634,2.0321695131484865,-1.0161329645585022,1
-0.634918112038349,-1.1099901739376037,-0.502969299721533,-0.05226586098738485,-0.911310674287764,0.9048055324001227,1.1428344202672278,0.2744324511807092,1.5587696839822078,0.9204123179021463,-0.4814607612315388,1.0202258635204915,-1.0161329645585022,1
-0.634918112038349,0.9009088760241706,-0.502969299721533,0.1153544268046246,-0.911310674287764,-1.177851894974348,-0.7257958293968509,0.853056793629862,-1.6705176710108995,-0.9143260204049839,-0.4814607612315388,-0.9044512740072636,0.9841231756854657,0
-0.634918112038349,-1.1099901739376037,-0.502969299721533,-0.35298430079664095,-0.404365943111267,-1.177851894974348,0.38271364074285674,0.2744324511807092,0.4040141225293712,0.8057411717579506,-0.7394662468772634,-1.5790803737592602,0.9841231756854657,0
-0.634918112038349,0.9009088760241706,1.5251962127575889,-0.298058414143107,-0.911310674287764,-1.177851894974348,-1.042512820865339,-1.461440576166749,0.8269769153870962,-1.0289971665491795,-0.7394662468772634,1.5162766721616654,-1.0161329645585022,0
-0.46546902347764374,0.9009088760241706,0.8491410419312149,-0.7313380651570105,-0.404365943111267,0.9048055324001227,-0.7257958293968509,-0.8828162337175963,-1.0427871768490378,0.1177142948927768,-0.7394662468772634,-1.7775006972157297,-1.0161329645585022,1
-0.8043672005990544,-1.1099901739376037,0.8491410419312149,0.11701262637294578,-0.911310674287764,0.9048055324001227,0.06599664927436881,-1.461440576166749,0.954537122756886,-0.34097028968400567,-0.7394662468772634,0.26622863438590705,-1.0161329645585022,0
-0.9738162891597597,-1.1099901739376037,-1.179024470547907,-0.15698511182107758,-0.911310674287764,-1.177851894974348,1.8079401023510524,-1.461440576166749,0.15896425047687956,1.8377814870557112,-0.7394662468772634,0.2463866020402601,-1.0161329645585022,0
-0.634918112038349,-1.1099901739376037,-0.502969299721533,-0.7734563341923685,-0.404365943111267,0.9048055324001227,-0.8841543251310949,-0.8828162337175963,-0.522475804682789,-0.11162799739561437,-0.997471732522988,0.2463866020402601,0.9841231756854657,0
-0.8043672005990544,-1.1099901739376037,0.8491410419312149,-0.22418167528018823,-0.23538436605243465,0.9048055324001227,1.6495816066168083,1.4316811360790147,0.27645391515958084,1.8377814870557112,-0.997471732522988,-0.3488743683291487,-1.0161329645585022,1
-0.46546902347764374,0.9009088760241706,-1.179024470547907,-0.5149035405489938,-0.7423290972289317,0.9048055324001227,-1.1691996174527342,0.2744324511807092,0.5651428055227898,-1.0289971665491795,-0.7394662468772634,0.16701847265767225,0.9841231756854657,0
-0.46546902347764374,-1.1099901739376037,1.5251962127575889,0.11601770663195307,0.10257878806523006,-1.177851894974348,2.4413740852880284,0.2744324511807092,0.2965950005337584,1.7231103409115156,-0.997471732522988,-0.26950623894656084,0.9841231756854657,0
-0.9738162891597597,-1.1099901739376037,-0.502969299721533,0.041177632781723865,-0.7423290972289317,-1.177851894974348,-0.5040939353689095,-0.8828162337175963,-1.2979075915886182,-0.6849837281165926,-0.7394662468772634,1.0599099282117854,-1.0161329645585022,0
-0.8043672005990544,0.9009088760241706,1.5251962127575889,-1.0248235963730181,-0.911310674287764,0.9048055324001227,-1.1850354670261585,-0.8828162337175963,-0.6936750303632967,0.003043148748581378,-0.997471732522988,-0.20998014190961997,-1.0161329645585022,1
-0.634918112038349,0.9009088760241706,0.8491410419312149,0.935026161991045,-0.911310674287764,0.9048055324001227,-1.042512820865339,-1.461440576166749,1.0955247203761276,-1.3730106049817663,-0.997471732522988,-1.4005020826484376,0.9841231756854657,0
-0.8043672005990544,0.9009088760241706,0.8491410419312149,-0.12352106529467208,-0.911310674287764,0.9048055324001227,1.1745061194140765,1.4316811360790147,-0.25392799969375696,1.1497546101905376,-0.4814607612315388,1.1194360252487263,-1.0161329645585022,0
-0.8043672005990544,0.9009088760241706,-0.502969299721533,-0.10496502250631604,-0.5733475201700994,0.9048055324001227,2.4413740852880284,-1.461440576166749,-0.25392799969375696,2.2964660716324943,-0.997471732522988,1.1988041546313142,-1.0161329645585022,1
-0.9738162891597597,0.9009088760241706,-1.179024470547907,-0.3425771244583204,-0.911310674287764,0.9048055324001227,0.5410721364771007,0.2744324511807092,-1.0495008719737637,0.9204123179021463,-0.997471732522988,0.40512286080543575,-1.0161329645585022,1
-0.9738162891597597,0.9009088760241706,1.5251962127575889,-0.48949360621157684,-0.7423290972289317,0.9048055324001227,0.22435514500861276,1.4316811360790147,-1.7510820125076092,0.9204123179021463,-0.997471732522988,1.0599099282117854,0.9841231756854657,0
-0.634918112038349,0.9009088760241706,-1.179024470547907,-1.0964262329708105,-0.404365943111267,0.9048055324001227,-1.359229812333827,-0.8828162337175963,0.11868207972852446,-0.45564143582820127,-0.4814607612315388,-0.5274526594399713,0.9841231756854657,0
-0.9738162891597597,0.9009088760241706,-1.179024470547907,-0.20617836568127257,-0.5733475201700994,0.9048055324001227,-1.121692068732461,-0.8828162337175963,1.1223795008750308,-1.143668312693375,-0.4814607612315388,1.258330251668255,-1.0161329645585022,0
-0.634918112038349,0.9009088760241706,0.8491410419312149,-0.9303378057323931,-0.7423290972289317,-1.177851894974348,-0.8999901747045194,-0.8828162337175963,0.001192415045823164,0.5763988794695595,-0.997471732522988,-3.5632836083239563,-1.0161329645585022,1
-0.2960199349169384,0.9009088760241706,-1.179024470547907,-0.24232711627067427,0.10257878806523006,-1.177851894974348,-0.2507203421941191,-0.8828162337175963,0.001192415045823164,-0.2262991435398101,-0.7394662468772634,-0.3488743683291487,0.9841231756854657,0
-0.8043672005990544,0.9009088760241706,0.8491410419312149,-0.49156240757776803,-0.5733475201700994,-1.177851894974348,-0.5674373336626071,-1.461440576166749,1.2700807936189982,-0.2262991435398101,-0.7394662468772634,-1.2219237915376149,0.9841231756854657,0
-0.9738162891597597,0.9009088760241706,0.8491410419312149,-0.22710326499580172,-0.911310674287764,-1.177851894974348,-0.4090788379283631,0.2744324511807092,-0.11965409719924096,-0.34097028968400567,-0.997471732522988,0.008282213892496587,-1.0161329645585022,0
-1.143265377720465,0.9009088760241706,-1.179024470547907,-0.015785470484318918,-0.911310674287764,-1.177851894974348,0.06599664927436881,-0.8828162337175963,-1.6705176710108995,-0.11162799739561437,-0.7394662468772634,0.14717644031202531,-1.0161329645585022,0
-0.634918112038349,0.9009088760241706,1.5251962127575889,0.2664558884207869,-0.911310674287764,0.9048055324001227,1.6495816066168083,1.4316811360790147,0.6893461653302174,0.8057411717579506,-0.7394662468772634,-0.09092794783573821,0.9841231756854657,0
-0.2960199349169384,0.9009088760241706,-1.179024470547907,-0.11474050377099042,-0.23538436605243465,-1.177851894974348,0.38271364074285674,-0.3041918912684436,-0.11965409719924096,0.3470565871811683,-0.997471732522988,0.5440170872249644,-1.0161329645585022,0
-0.634918112038349,0.9009088760241706,-0.502969299721533,-0.7945075725216268,-0.7423290972289317,0.9048055324001227,-0.4090788379283631,1.4316811360790147,1.5486991412951188,1.1497546101905376,-0.4814607612315388,0.5440170872249644,-1.0161329645585022,1
-0.9738162891597597,0.9009088760241706,-0.502969299721533,0.4933923436281711,-0.911310674287764,-1.177851894974348,1.1428344202672278,0.2744324511807092,1.5486991412951188,0.1177142948927768,-0.4814607612315388,-0.07108591549009124,-1.0161329645585022,1
-0.634918112038349,0.9009088760241706,-0.502969299721533,1.0486049362326253,-0.7423290972289317,0.9048055324001227,1.6495816066168083,0.853056793629862,-0.707102420612748,0.003043148748581378,-0.4814607612315388,1.0202258635204915,0.9841231756854657,0
-0.634918112038349,-1.1099901739376037,-1.179024470547907,-0.29940076617460515,-0.7423290972289317,0.21058638994196582,0.06599664927436881,1.4316811360790147,0.03811773823181484,0.23238544103697253,-0.997471732522988,0.8614896047553159,-1.0161329645585022,0
-0.634918112038349,0.9009088760241706,1.5251962127575889,1.499240409394957,-0.23538436605243465,-1.177851894974348,-0.4090788379283631,0.853056793629862,-0.005521280078902488,-1.143668312693375,-0.997471732522988,0.305912699077201,0.9841231756854657,0
-1.143265377720465,0.9009088760241706,-0.502969299721533,-1.0953049742150887,-0.404365943111267,0.9048055324001227,-1.327558113186978,0.2744324511807092,1.417782086362966,-0.34097028968400567,-0.997471732522988,0.3654387961141419,0.9841231756854657,0
-0.8043672005990544,-1.1099901739376037,0.8491410419312149,-0.5859692363341872,-0.911310674287764,-1.177851894974348,-0.7257958293968509,0.2744324511807092,0.6624913848313142,-0.2262991435398101,-0.997471732522988,-0.9441353386985575,-1.0161329645585022,1
-0.2960199349169384,0.9009088760241706,1.5251962127575889,-0.2030356826898829,-0.06640278899360229,-1.177851894974348,0.06599664927436881,0.853056793629862,-1.173704231781191,0.1177142948927768,-0.997471732522988,1.694854963272488,-1.0161329645585022,1
-0.2960199349169384,0.9009088760241706,1.5251962127575889,0.32201347014796694,-0.911310674287764,0.9048055324001227,-0.6545345063164412,1.4316811360790147,-1.0427871768490378,-1.0289971665491795,-0.7394662468772634,-0.5472946917856183,0.9841231756854657,0
-0.46546902347764374,0.9009088760241706,0.8491410419312149,-0.279707672253686,-0.911310674287764,-1.177851894974348,1.1349164954805155,-0.8828162337175963,1.8105332511594245,1.4937680486231246,-0.7394662468772634,0.3455967637684949,0.9841231756854657,0
-0.9738162891597597,0.9009088760241706,-0.502969299721533,0.3587149539268091,-0.911310674287764,-1.177851894974348,-0.5674373336626071,1.4316811360790147,0.001192415045823164,-0.9143260204049839,-0.4814607612315388,0.9011736694466097,0.9841231756854657,0
-0.2960199349169384,0.9009088760241706,0.8491410419312149,0.44607838261207344,-0.404365943111267,0.21058638994196582,-0.7257958293968509,0.853056793629862,0.27645391515958084,-1.0289971665491795,-0.4814607612315388,-2.094973214746081,0.9841231756854657,0
-0.46546902347764374,0.9009088760241706,1.5251962127575889,0.818383666642281,-0.23538436605243465,-1.177851894974348,0.6994306322113446,-1.461440576166749,-0.46205254856025635,-0.34097028968400567,-0.997471732522988,-0.24966420660091387,0.9841231756854657,0
-0.8043672005990544,0.9009088760241706,-0.502969299721533,0.5766023772042119,-0.404365943111267,0.9048055324001227,-0.3615712892080899,-0.8828162337175963,-0.8447331706696268,-0.9143260204049839,-0.4814607612315388,1.258330251668255,-1.0161329645585022,0
-0.2960199349169384,0.9009088760241706,1.5251962127575889,-0.10804453599034108,-0.404365943111267,-1.177851894974348,3.2331665639592484,0.853056793629862,1.0955247203761276,3.0991640946418633,-0.7394662468772634,0.7027533459901402,-1.0161329645585022,0
-0.2960199349169384,0.9009088760241706,-0.502969299721533,0.07691578157325556,-0.7423290972289317,-1.177851894974348,-0.2507203421941191,-0.3041918912684436,1.286865031430813,-0.570312581972397,-0.7394662468772634,1.1591200899400202,-1.0161329645585022,0
-0.9738162891597597,0.9009088760241706,-1.179024470547907,-0.5748671954148559,-0.5733475201700994,0.9048055324001227,-0.2507203421941191,-1.461440576166749,-0.6063969937418614,0.4617277333253637,-0.4814607612315388,0.0479662785837905,0.9841231756854657,0
-0.46546902347764374,-1.1099901739376037,-0.502969299721533,0.12108705959796354,-0.404365943111267,0.9048055324001227,0.06599664927436881,0.2744324511807092,-0.21364582894540246,-0.34097028968400567,-0.4814607612315388,1.278172284013902,-1.0161329645585022,0
-1.143265377720465,0.9009088760241706,0.8491410419312149,-0.6601460303570879,-0.911310674287764,0.9048055324001227,-0.5674373336626071,-0.8828162337175963,1.9750187817152072,0.23238544103697253,-0.4814607612315388,-1.162397694500674,-1.0161329645585022,1
-0.634918112038349,-1.1099901739376037,1.5251962127575889,-0.012942842652911183,-0.911310674287764,0.9048055324001227,-0.5040939353689095,0.2744324511807092,-0.34120603631519225,-0.6849837281165926,-0.7394662468772634,1.337698381050843,0.9841231756854657,0
-0.2960199349169384,-1.1099901739376037,0.8491410419312149,-0.26219392633684613,-0.06640278899360229,0.9048055324001227,0.6994306322113446,-0.8828162337175963,-0.21364582894540246,0.9204123179021463,-0.997471732522988,-0.6663468858595001,-1.0161329645585022,1
-0.8043672005990544,0.9009088760241706,-0.502969299721533,0.08839683953677457,-0.23538436605243465,0.9048055324001227,0.6994306322113446,0.2744324511807092,2.183143330581707,0.23238544103697253,-0.997471732522988,0.4844909901880236,-1.0161329645585022,1
-0.2960199349169384,0.9009088760241706,-0.502969299721533,-0.05239220000211409,-0.06640278899360229,-1.177851894974348,-0.963333572998217,-0.3041918912684436,-1.1166378232210217,-1.0289971665491795,-0.4814607612315388,0.0479662785837905,-1.0161329645585022,0
-0.9738162891597597,0.9009088760241706,1.5251962127575889,0.11333300256895688,-0.911310674287764,-1.177851894974348,-0.7257958293968509,-0.8828162337175963,0.001192415045823164,-0.9143260204049839,-0.7394662468772634,0.9011736694466097,0.9841231756854657,0
-0.634918112038349,0.9009088760241706,1.5251962127575889,0.16746927038043308,-0.06640278899360229,-1.177851894974348,-0.4090788379283631,0.853056793629862,-1.1233515183457474,-0.6849837281165926,-0.7394662468772634,0.7225953783357871,-1.0161329645585022,0
-1.143265377720465,0.9009088760241706,-1.179024470547907,0.6878280872964602,-0.911310674287764,0.9048055324001227,0.06599664927436881,1.4316811360790147,0.001192415045823164,-0.6849837281165926,-0.7394662468772634,0.4448069254967297,0.9841231756854657,0
-0.46546902347764374,0.9009088760241706,-0.502969299721533,0.3788502343992805,-0.911310674287764,0.9048055324001227,0.8577891279455886,0.853056793629862,0.5114332445249834,0.003043148748581378,-0.4814607612315388,0.5440170872249644,-1.0161329645585022,0
-0.46546902347764374,-1.1099901739376037,0.8491410419312149,-0.44555921383948616,-0.7423290972289317,0.9048055324001227,-1.212748203779651,1.4316811360790147,-1.623521805137819,-1.143668312693375,-0.997471732522988,-1.202081759191968,0.9841231756854657,0
-0.8043672005990544,0.9009088760241706,-0.502969299721533,-0.14724121531008552,-0.06640278899360229,-1.177851894974348,-0.2507203421941191,1.4316811360790147,0.8739727812601764,-0.34097028968400567,-0.4814607612315388,0.801963507718375,0.9841231756854657,0
-0.46546902347764374,0.9009088760241706,0.8491410419312149,0.3035995587511813,0.2715603651240624,0.9048055324001227,-0.06069014731302636,0.853056793629862,-1.6705176710108995,-0.570312581972397,-0.7394662468772634,0.16701847265767225,0.9841231756854657,0
-0.9738162891597597,-1.1099901739376037,0.8491410419312149,-0.6820816417894509,-0.911310674287764,0.9048055324001227,-0.5199297849423339,-0.8828162337175963,0.7430557263280237,0.3470565871811683,-0.7394662468772634,0.06780831092943747,-1.0161329645585022,0
-0.2960199349169384,0.9009088760241706,1.5251962127575889,0.9743649727023599,-0.404365943111267,-1.177851894974348,0.7627740305050422,1.4316811360790147,0.001192415045823164,-0.45564143582820127,-0.4814607612315388,0.6432272489531993,-1.0161329645585022,0
-0.2960199349169384,0.9009088760241706,0.8491410419312149,0.4979721329121058,-0.5733475201700994,-1.177851894974348,0.06599664927436881,1.4316811360790147,0.001192415045823164,-0.570312581972397,-0.7394662468772634,-0.5472946917856183,0.9841231756854657,0
-0.634918112038349,0.9009088760241706,0.8491410419312149,-0.7046015711649366,-0.7423290972289317,0.9048055324001227,-0.11215665842665565,0.2744324511807092,0.001192415045823164,1.2644257563347332,-0.4814607612315388,-0.686188918205147,-1.0161329645585022,1
-1.143265377720465,0.9009088760241706,-1.179024470547907,-0.6216915927488776,-0.911310674287764,0.21058638994196582,0.38271364074285674,1.4316811360790147,0.15896425047687956,1.8377814870557112,-0.4814607612315388,0.6630692812988462,0.9841231756854657,0
-0.46546902347764374,-1.1099901739376037,-0.502969299721533,-0.2232657174234013,-0.5733475201700994,0.9048055324001227,-0.4090788379283631,-1.461440576166749,1.5486991412951188,-0.34097028968400567,-0.7394662468772634,1.1591200899400202,-1.0161329645585022,1
-0.46546902347764374,-1.1099901739376037,0.8491410419312149,-0.6820500570357686,-0.23538436605243465,0.21058638994196582,0.06599664927436881,-0.8828162337175963,1.2096575374964662,1.4937680486231246,-0.7394662468772634,-1.0830295651180861,0.9841231756854657,0
-0.9738162891597597,-1.1099901739376037,-1.179024470547907,-0.7005429303167601,-0.911310674287764,-1.177851894974348,-1.2008713165995828,0.2744324511807092,-0.811164695045998,-0.9143260204049839,-0.4814607612315388,0.08765034327508442,0.9841231756854657,0
-0.8043672005990544,-1.1099901739376037,-0.502969299721533,-0.6024406853795109,-0.06640278899360229,0.9048055324001227,-0.013182598592753173,0.853056793629862,0.001192415045823164,1.035083464046342,-0.4814607612315388,-0.9639773710442044,-1.0161329645585022,1
-0.9738162891597597,-1.1099901739376037,-1.179024470547907,-0.5938970095084465,-0.7423290972289317,0.9048055324001227,-1.327558113186978,-0.3041918912684436,2.780662196682302,-1.2583394588375707,-0.997471732522988,0.5638591195706114,-1.0161329645585022,1
-0.46546902347764374,0.9009088760241706,0.8491410419312149,0.15627247520005483,0.10257878806523006,0.9048055324001227,1.6495816066168083,1.4316811360790147,1.6594751108530943,0.9204123179021463,-0.7394662468772634,0.46464895784237664,-1.0161329645585022,1
-0.46546902347764374,0.9009088760241706,-0.502969299721533,-0.15370029743811753,-0.5733475201700994,-1.177851894974348,0.4262622270697738,-0.3041918912684436,0.001192415045823164,0.3470565871811683,-0.7394662468772634,0.6035431842619053,0.9841231756854657,0
-0.46546902347764374,-1.1099901739376037,1.5251962127575889,1.03115435982315,-0.911310674287764,-1.177851894974348,0.06599664927436881,-0.8828162337175963,0.001192415045823164,-0.7996548742607882,-0.997471732522988,0.801963507718375,0.9841231756854657,0
-0.46546902347764374,-1.1099901739376037,-1.179024470547907,-0.561459467476716,-0.7423290972289317,0.9048055324001227,0.8577891279455886,0.853056793629862,0.001192415045823164,2.2964660716324943,-0.7394662468772634,-1.0036614357354983,-1.0161329645585022,1
-0.634918112038349,0.9009088760241706,0.8491410419312149,0.16138920529658876,-0.404365943111267,0.9048055324001227,-0.963333572998217,0.2744324511807092,-1.2475548781531747,-1.143668312693375,-0.7394662468772634,0.2463866020402601,0.9841231756854657,0
-0.634918112038349,0.9009088760241706,0.8491410419312149,0.5532296594793039,-0.911310674287764,0.9048055324001227,0.6994306322113446,1.4316811360790147,0.001192415045823164,-0.2262991435398101,-0.4814607612315388,-0.011559818453150373,0.9841231756854657,0
-0.8043672005990544,0.9009088760241706,1.5251962127575889,0.08449612245700952,-0.911310674287764,0.9048055324001227,-0.963333572998217,1.4316811360790147,-1.8752853723150364,-1.143668312693375,-0.997471732522988,-0.8250831446246757,0.9841231756854657,0
-0.8043672005990544,0.9009088760241706,1.5251962127575889,-0.5659760872532861,-0.911310674287764,0.9048055324001227,-0.4882580857954851,0.2744324511807092,2.17642963545698,0.1177142948927768,-0.4814607612315388,0.5241750548793175,-1.0161329645585022,1
-0.9738162891597597,0.9009088760241706,-1.179024470547907,-0.6751172036025019,-0.7423290972289317,0.9048055324001227,-0.9474977234247925,1.4316811360790147,-0.005521280078902488,-0.45564143582820127,-0.4814607612315388,0.08765034327508442,0.9841231756854657,0
-0.9738162891597597,-1.1099901739376037,-0.502969299721533,-0.9046120238581531,-0.5733475201700994,0.21058638994196582,-0.6624524311031534,-0.8828162337175963,1.4446368668618692,1.1497546101905376,-0.4814607612315388,0.9011736694466097,-1.0161329645585022,1
-1.143265377720465,0.9009088760241706,-1.179024470547907,-1.0229600959057619,-0.911310674287764,0.9048055324001227,-1.2642147148932805,1.4316811360790147,-0.1397951825734185,-0.34097028968400567,-0.997471732522988,-1.6386064707962011,0.9841231756854657,0
-0.46546902347764374,-1.1099901739376037,-0.502969299721533,-0.2585143025328572,0.10257878806523006,0.9048055324001227,1.0161476236798326,1.4316811360790147,0.9981761410676039,1.2644257563347332,-0.4814607612315388,0.008282213892496587,-1.0161329645585022,1
-0.46546902347764374,-1.1099901739376037,-0.502969299721533,-0.33485465218299604,-0.7423290972289317,-1.177851894974348,-1.2958864140401292,-1.461440576166749,1.2700807936189982,-1.3730106049817663,-0.7394662468772634,0.801963507718375,-1.0161329645585022,0
-0.46546902347764374,0.9009088760241706,-1.179024470547907,0.44520980188581,-0.404365943111267,-1.177851894974348,0.6994306322113446,0.2744324511807092,-1.1804179269059165,-0.11162799739561437,-0.997471732522988,0.2463866020402601,0.9841231756854657,0
-0.634918112038349,-1.1099901739376037,-0.502969299721533,1.5956212852565204,-0.404365943111267,0.9048055324001227,-0.7257958293968509,0.853056793629862,0.001192415045823164,-1.2583394588375707,-0.997471732522988,0.12733440796637835,0.9841231756854657,0
-0.634918112038349,0.9009088760241706,0.8491410419312149,0.6698879472049092,-0.5733475201700994,0.21058638994196582,2.3226052134873454,1.4316811360790147,0.5114332445249834,0.6910700256137552,-0.7394662468772634,0.4249648931510827,-1.0161329645585022,0
-0.9738162891597597,-1.1099901739376037,0.8491410419312149,-0.050576076665381366,-0.911310674287764,0.9048055324001227,-0.7257958293968509,1.4316811360790147,-1.0964967378468442,-0.7996548742607882,-0.4814607612315388,-0.15045404487267908,-1.0161329645585022,0
-0.46546902347764374,-1.1099901739376037,-1.179024470547907,0.2702144741089816,-0.404365943111267,0.9048055324001227,0.06599664927436881,-0.3041918912684436,-0.4654093961226198,-0.45564143582820127,-0.4814607612315388,-0.22982217425526694,0.9841231756854657,0
-0.8043672005990544,0.9009088760241706,-1.179024470547907,-0.3733564669217297,-0.404365943111267,0.9048055324001227,0.5094004373302519,0.853056793629862,2.820944367430657,1.035083464046342,-0.997471732522988,-0.6068207888225592,-1.0161329645585022,1
-0.8043672005990544,-1.1099901739376037,0.8491410419312149,-0.43474143570329565,-0.911310674287764,0.9048055324001227,-0.5674373336626071,0.2744324511807092,0.6154955189582334,-0.34097028968400567,-0.7394662468772634,1.1789621222856672,0.9841231756854657,0
-0.634918112038349,0.9009088760241706,0.8491410419312149,-0.30004825362509246,-0.911310674287764,-1.177851894974348,0.4618928886099787,-0.8828162337175963,-0.5661148229935064,0.8057411717579506,-0.7394662468772634,0.6035431842619053,0.9841231756854657,0
-0.9738162891597597,-1.1099901739376037,0.8491410419312149,0.48326943007299134,-0.911310674287764,-1.177851894974348,0.38271364074285674,0.2744324511807092,0.27645391515958084,-0.34097028968400567,-0.997471732522988,0.2463866020402601,-1.0161329645585022,0
-0.9738162891597597,0.9009088760241706,0.8491410419312149,0.07369413669766013,-0.911310674287764,0.9048055324001227,-1.3038043388268414,-1.461440576166749,0.561785957960427,-1.3730106049817663,-0.7394662468772634,-0.8250831446246757,-1.0161329645585022,0
-0.9738162891597597,-1.1099901739376037,-0.502969299721533,-0.8655574759299791,-0.911310674287764,0.9048055324001227,-0.8841543251310949,0.853056793629862,-0.522475804682789,0.23238544103697253,-0.7394662468772634,1.6353288662355472,0.9841231756854657,0
-0.2960199349169384,-1.1099901739376037,-0.502969299721533,-0.971729625433058,-0.911310674287764,0.9048055324001227,-1.2008713165995828,-1.461440576166749,2.17642963545698,-0.34097028968400567,-0.7394662468772634,1.0202258635204915,-1.0161329645585022,1
-0.9738162891597597,0.9009088760241706,0.8491410419312149,0.3050998345510909,-0.911310674287764,-1.177851894974348,0.1847655210750518,-0.8828162337175963,-0.5896127559300467,-0.34097028968400567,-0.7394662468772634,-0.190138109563973,0.9841231756854657,0
-0.634918112038349,-1.1099901739376037,0.8491410419312149,0.5151226541615991,-0.911310674287764,0.9048055324001227,-1.1850354670261585,-0.3041918912684436,-0.3680608168140954,-1.3730106049817663,-0.997471732522988,0.26622863438590705,-1.0161329645585022,1
-0.8043672005990544,0.9009088760241706,1.5251962127575889,0.17088042377812238,-0.911310674287764,0.9048055324001227,0.06599664927436881,0.853056793629862,0.2865244578466693,-0.34097028968400567,-0.997471732522988,-0.03140185079879733,0.9841231756854657,0
-0.46546902347764374,-1.1099901739376037,0.8491410419312149,-0.1860115004551188,-0.5733475201700994,0.9048055324001227,-0.5674373336626071,0.853056793629862,-0.08944246913797492,-0.570312581972397,-0.997471732522988,-0.2893482712922078,0.9841231756854657,0
-0.634918112038349,-1.1099901739376037,0.8491410419312149,-0.24442750239054775,-0.7423290972289317,0.9048055324001227,-0.2507203421941191,-1.461440576166749,0.6255660616453219,-0.2262991435398101,-0.4814607612315388,-0.03140185079879733,0.9841231756854657,0
-0.634918112038349,0.9009088760241706,0.8491410419312149,-0.4105633067594887,-0.404365943111267,-1.177851894974348,2.0929853946726915,-1.461440576166749,2.102578989084997,3.213835240786059,-0.7394662468772634,-0.5274526594399713,-1.0161329645585022,1
-0.46546902347764374,-1.1099901739376037,0.8491410419312149,-0.05869335836173457,-0.404365943111267,0.21058638994196582,0.8577891279455886,-1.461440576166749,2.206641263518246,0.6910700256137552,-0.7394662468772634,-1.12271362980938,0.9841231756854657,0
-0.46546902347764374,0.9009088760241706,1.5251962127575889,-0.1504470678088398,-0.23538436605243465,0.9048055324001227,-0.5674373336626071,-0.8828162337175963,0.09182729922962125,-0.570312581972397,-0.7394662468772634,0.9011736694466097,-1.0161329645585022,1
-0.9738162891597597,0.9009088760241706,0.8491410419312149,0.10872162853133989,-0.911310674287764,0.9048055324001227,-0.5040939353689095,-0.8828162337175963,0.7061304031420315,-0.7996548742607882,-0.4814607612315388,-2.3529196352394917,0.9841231756854657,0
-0.9738162891597597,-1.1099901739376037,0.8491410419312149,-0.4501863802539443,-0.911310674287764,0.9048055324001227,-0.47242223622206064,0.853056793629862,1.9750187817152072,-0.11162799739561437,-0.7394662468772634,-0.011559818453150373,-1.0161329645585022,1
-0.9738162891597597,-1.1099901739376037,1.5251962127575889,-0.2941892818170243,-0.911310674287764,0.9048055324001227,0.22435514500861276,-0.8828162337175963,0.001192415045823164,0.4617277333253637,-0.7394662468772634,0.6233852166075523,-1.0161329645585022,0
-0.8043672005990544,-1.1099901739376037,-0.502969299721533,-0.5652338455417518,-0.911310674287764,0.21058638994196582,-0.646616581529729,1.4316811360790147,-1.8752853723150364,-0.2262991435398101,-0.7394662468772634,-2.094973214746081,0.9841231756854657,0
-0.46546902347764374,0.9009088760241706,-0.502969299721533,0.23206009166075328,-0.5733475201700994,-1.177851894974348,2.4413740852880284,-0.3041918912684436,-0.45869570099789353,1.379096902478929,-0.4814607612315388,-0.3488743683291487,-1.0161329645585022,0
-1.143265377720465,0.9009088760241706,-1.179024470547907,-0.4103737982373949,-0.911310674287764,0.9048055324001227,0.06599664927436881,1.4316811360790147,1.253296555807184,0.5763988794695595,-0.7394662468772634,0.20670253734896618,0.9841231756854657,0
-0.8043672005990544,0.9009088760241706,0.8491410419312149,-0.03129358454233223,-0.7423290972289317,0.9048055324001227,0.38271364074285674,0.2744324511807092,0.7229146409538463,0.1177142948927768,-0.4814607612315388,-1.8370267942526706,0.9841231756854657,0
-0.8043672005990544,0.9009088760241706,-0.502969299721533,0.6479049586420227,-0.911310674287764,-1.177851894974348,0.06599664927436881,-0.8828162337175963,0.6255660616453219,-0.6849837281165926,-0.4814607612315388,-2.273551505856904,0.9841231756854657,0
-0.8043672005990544,0.9009088760241706,0.8491410419312149,-0.14330891347663816,-0.404365943111267,-1.177851894974348,-0.3774071387815143,0.2744324511807092,0.3234497810326616,-0.45564143582820127,-0.997471732522988,0.008282213892496587,-1.0161329645585022,1
-0.2960199349169384,0.9009088760241706,-0.502969299721533,-0.22410271339598245,-0.404365943111267,0.9048055324001227,-0.47242223622206064,0.853056793629862,0.3234497810326616,-0.45564143582820127,-0.7394662468772634,0.008282213892496587,-1.0161329645585022,0
-0.9738162891597597,0.9009088760241706,-0.502969299721533,-0.4391001317114542,-0.404365943111267,0.9048055324001227,-0.7257958293968509,-0.8828162337175963,0.6624913848313142,-0.45564143582820127,-0.4814607612315388,-1.202081759191968,0.9841231756854657,0
-0.8043672005990544,0.9009088760241706,-0.502969299721533,0.02124765320818741,-0.404365943111267,0.9048055324001227,2.4413740852880284,-0.8828162337175963,-1.0427871768490378,1.952452633199907,-0.7394662468772634,0.286070666731554,-1.0161329645585022,1
-0.634918112038349,0.9009088760241706,-0.502969299721533,-0.4820869814730756,-0.7423290972289317,-1.177851894974348,-0.8841543251310949,0.2744324511807092,-1.2979075915886182,-0.6849837281165926,-0.997471732522988,-0.32903233598350173,-1.0161329645585022,0
-0.634918112038349,-1.1099901739376037,-0.502969299721533,-0.7911280038776198,-0.5733475201700994,0.9048055324001227,-0.963333572998217,-0.8828162337175963,1.5587696839822078,-0.2262991435398101,-0.4814607612315388,0.9408577341379036,-1.0161329645585022,1
-0.9738162891597597,0.9009088760241706,-0.502969299721533,-0.4779335863638521,-0.911310674287764,0.9048055324001227,-0.5674373336626071,-0.8828162337175963,0.11868207972852446,-0.2262991435398101,-0.4814607612315388,0.821805540064022,-1.0161329645585022,1
-0.8043672005990544,0.9009088760241706,0.8491410419312149,-0.03138833880337916,-0.911310674287764,-1.177851894974348,0.38271364074285674,-1.461440576166749,1.5486991412951188,0.1177142948927768,-0.4814607612315388,0.286070666731554,-1.0161329645585022,1
-0.46546902347764374,0.9009088760241706,-0.502969299721533,1.063133922926487,-0.404365943111267,-1.177851894974348,0.06599664927436881,-1.461440576166749,0.860545391010725,-0.7996548742607882,-0.4814607612315388,0.5440170872249644,0.9841231756854657,0
-0.9738162891597597,0.9009088760241706,-1.179024470547907,-0.12344210341046631,-0.5733475201700994,-0.4836327525161911,0.38271364074285674,-0.3041918912684436,0.001192415045823164,0.3470565871811683,-0.4814607612315388,-0.6266628211682062,-1.0161329645585022,1
-0.2960199349169384,-1.1099901739376037,1.5251962127575889,1.1373423017030702,-0.23538436605243465,-1.177851894974348,-0.3298995900612411,-1.461440576166749,0.9780350556934264,-1.0289971665491795,-0.997471732522988,0.3455967637684949,0.9841231756854657,0
-0.46546902347764374,0.9009088760241706,1.5251962127575889,-0.01738050054527548,-0.7423290972289317,0.21058638994196582,-0.4090788379283631,-0.3041918912684436,0.2193875065994116,-0.570312581972397,-0.7394662468772634,-0.3488743683291487,0.9841231756854657,0
-0.46546902347764374,0.9009088760241706,1.5251962127575889,0.2310967566734429,-0.911310674287764,0.9048055324001227,0.6994306322113446,-0.8828162337175963,-0.005521280078902488,0.1177142948927768,-0.997471732522988,-0.7655570475877348,-1.0161329645585022,0
-1.143265377720465,0.9009088760241706,-0.502969299721533,-0.5619648235356329,-0.911310674287764,0.9048055324001227,-0.7257958293968509,-1.461440576166749,0.665848232393677,-0.34097028968400567,-0.4814607612315388,-1.8568688265983175,0.9841231756854657,0
-0.46546902347764374,0.9009088760241706,-1.179024470547907,0.18779405937499838,-0.7423290972289317,-1.177851894974348,0.8577891279455886,0.2744324511807092,0.561785957960427,0.23238544103697253,-0.7394662468772634,-0.07108591549009124,0.9841231756854657,0
-0.9738162891597597,0.9009088760241706,0.8491410419312149,2.223652527475536,-0.911310674287764,-1.177851894974348,-1.359229812333827,-0.8828162337175963,0.001192415045823164,-1.6023528972701577,-0.997471732522988,-1.102871597463733,-1.0161329645585022,0
-0.9738162891597597,0.9009088760241706,1.5251962127575889,-0.5769202044042059,-0.911310674287764,-1.177851894974348,-0.2507203421941191,-1.461440576166749,-1.7510820125076092,0.4617277333253637,-0.7394662468772634,1.0797519605574324,-1.0161329645585022,0
-0.46546902347764374,0.9009088760241706,-0.502969299721533,-0.1664763303026112,-0.404365943111267,0.9048055324001227,0.0026532509806712224,0.2744324511807092,1.159304824061023,0.003043148748581378,-0.7394662468772634,-0.8647672093159696,-1.0161329645585022,1
-0.8043672005990544,0.9009088760241706,0.8491410419312149,1.023874074099378,-0.911310674287764,0.9048055324001227,2.4413740852880284,-1.461440576166749,-0.34120603631519225,0.3470565871811683,-0.997471732522988,-1.9759210206721993,0.9841231756854657,0
-0.9738162891597597,0.9009088760241706,-0.502969299721533,-0.21855958912473736,-0.5733475201700994,-1.177851894974348,-0.963333572998217,0.853056793629862,-1.5496711587658354,-1.0289971665491795,-0.4814607612315388,0.821805540064022,-1.0161329645585022,0
-0.8043672005990544,0.9009088760241706,1.5251962127575889,-1.0379944386585405,-0.911310674287764,0.21058638994196582,-1.2958864140401292,1.4316811360790147,-0.5661148229935064,-0.45564143582820127,-0.4814607612315388,0.5440170872249644,0.9841231756854657,0
-0.8043672005990544,-1.1099901739376037,0.8491410419312149,0.742643427312106,-0.7423290972289317,0.9048055324001227,-0.3774071387815143,0.2744324511807092,0.23617174441122635,-0.9143260204049839,-0.997471732522988,-1.678290535487495,0.9841231756854657,0
-0.2960199349169384,0.9009088760241706,-0.502969299721533,0.3652372055622057,-0.404365943111267,-1.177851894974348,-0.2507203421941191,0.2744324511807092,0.001192415045823164,-0.6849837281165926,-0.4814607612315388,0.782121475372728,-1.0161329645585022,0
-0.634918112038349,0.9009088760241706,1.5251962127575889,0.3644791714738303,-0.404365943111267,-1.177851894974348,-0.8208109268373974,0.853056793629862,-1.2106295549671826,-1.143668312693375,-0.7394662468772634,-0.7258729828964409,0.9841231756854657,0
-0.9738162891597597,-1.1099901739376037,-0.502969299721533,-0.731385442287534,-0.911310674287764,0.9048055324001227,-1.0543897080454072,-1.461440576166749,-0.0995130118250634,-0.570312581972397,-0.7394662468772634,1.2186461869769611,-1.0161329645585022,0
-0.9738162891597597,0.9009088760241706,0.8491410419312149,-0.6817184171221043,-0.911310674287764,0.21058638994196582,-1.042512820865339,1.4316811360790147,-0.21700267650776528,-0.6849837281165926,-0.997471732522988,0.7027533459901402,-1.0161329645585022,0
-0.46546902347764374,-1.1099901739376037,-0.502969299721533,-0.3549109707712617,-0.23538436605243465,0.9048055324001227,1.8475297262846133,-0.8828162337175963,-0.005521280078902488,2.640479510065081,-0.997471732522988,-1.658448503141848,-1.0161329645585022,1
-0.634918112038349,0.9009088760241706,-1.179024470547907,-0.3372866782165338,-0.06640278899360229,0.9048055324001227,-0.5674373336626071,0.2744324511807092,0.5114332445249834,-0.45564143582820127,-0.7394662468772634,-0.22982217425526694,0.9841231756854657,0
-0.46546902347764374,-1.1099901739376037,-1.179024470547907,0.7469389538128999,-0.5733475201700994,-1.177851894974348,-0.7574675285436998,-0.3041918912684436,1.417782086362966,-1.143668312693375,-0.997471732522988,-0.8449251769703227,0.9841231756854657,0
-0.8043672005990544,-1.1099901739376037,1.5251962127575889,-0.5188990118898058,-0.7423290972289317,0.9048055324001227,-0.9474977234247925,-1.461440576166749,0.8739727812601764,-0.6849837281165926,-0.7394662468772634,-1.3409759856114967,0.9841231756854657,0
-0.9738162891597597,0.9009088760241706,0.8491410419312149,-0.783452908732819,-0.911310674287764,0.9048055324001227,-1.2008713165995828,-0.8828162337175963,0.11868207972852446,-0.7996548742607882,-0.7394662468772634,0.801963507718375,-1.0161329645585022,0
-0.2960199349169384,-1.1099901739376037,-0.502969299721533,-0.3536791653776517,-0.23538436605243465,-1.177851894974348,0.4975235501501836,-1.461440576166749,0.4745079213389917,0.9204123179021463,-0.7394662468772634,1.0995939929030794,0.9841231756854657,0
-0.634918112038349,0.9009088760241706,-0.502969299721533,-0.4873458429611799,-0.23538436605243465,0.9048055324001227,-1.042512820865339,0.853056793629862,2.102578989084997,-0.9143260204049839,-0.997471732522988,-0.2893482712922078,-1.0161329645585022,1
-0.9738162891597597,0.9009088760241706,-1.179024470547907,-0.11049235440071996,-0.5733475201700994,-1.177851894974348,0.38271364074285674,-0.8828162337175963,-0.33784918875282943,0.23238544103697253,-0.7394662468772634,-1.3806600503027906,0.9841231756854657,0
-0.46546902347764374,-1.1099901739376037,1.5251962127575889,-0.5301273918238663,-0.06640278899360229,0.9048055324001227,0.06599664927436881,-0.8828162337175963,-1.1804179269059165,0.9204123179021463,-0.997471732522988,1.278172284013902,0.9841231756854657,0
-0.634918112038349,-1.1099901739376037,-1.179024470547907,-0.1226208998147263,-0.911310674287764,0.9048055324001227,0.06599664927436881,0.853056793629862,-1.6839450612603513,0.003043148748581378,-0.4814607612315388,-0.46792656240303043,0.9841231756854657,0
-0.634918112038349,0.9009088760241706,0.8491410419312149,0.5507028791847193,-0.7423290972289317,0.9048055324001227,-0.8841543251310949,0.2744324511807092,-1.0427871768490378,-1.2583394588375707,-0.4814607612315388,0.18686050500331922,-1.0161329645585022,0
-0.8043672005990544,0.9009088760241706,1.5251962127575889,-0.07102720467467591,-0.5733475201700994,0.9048055324001227,0.06599664927436881,-0.8828162337175963,1.0955247203761276,-0.11162799739561437,-0.997471732522988,-0.6068207888225592,0.9841231756854657,0
-0.9738162891597597,-1.1099901739376037,-1.179024470547907,-0.887887896783371,-0.911310674287764,0.9048055324001227,-1.01084112171849,0.853056793629862,1.4345663241747801,0.003043148748581378,-0.997471732522988,-0.2893482712922078,-1.0161329645585022,1
-0.9738162891597597,-1.1099901739376037,-1.179024470547907,-0.2988954101156882,-0.911310674287764,0.21058638994196582,-0.9474977234247925,-0.8828162337175963,0.001192415045823164,-0.9143260204049839,-0.7394662468772634,-1.7378166325244357,0.9841231756854657,0
-0.2960199349169384,0.9009088760241706,-0.502969299721533,-0.6336306296407902,-0.7423290972289317,-1.177851894974348,-1.002923196931778,-0.3041918912684436,-1.3482603050240614,-0.6849837281165926,-0.997471732522988,-0.7060309505507939,0.9841231756854657,0
-0.8043672005990544,0.9009088760241706,-0.502969299721533,-0.5235261783042638,-0.7423290972289317,0.9048055324001227,0.38271364074285674,0.853056793629862,0.23617174441122635,1.379096902478929,-0.4814607612315388,1.0797519605574324,-1.0161329645585022,1
-0.9738162891597597,-1.1099901739376037,1.5251962127575889,-0.33861323787119074,-0.911310674287764,0.9048055324001227,-0.3298995900612411,1.4316811360790147,2.02537149515065,-0.11162799739561437,-0.997471732522988,0.028124246238143545,-1.0161329645585022,0
-1.143265377720465,-1.1099901739376037,0.8491410419312149,-0.7347965956852233,-0.911310674287764,0.9048055324001227,-0.7257958293968509,-0.8828162337175963,0.001192415045823164,0.1177142948927768,-0.7394662468772634,-2.075131182400434,-1.0161329645585022,0
-0.2960199349169384,0.9009088760241706,1.5251962127575889,-1.018459268506033,-0.23538436605243465,0.21058638994196582,-0.5516014840891826,-0.3041918912684436,-1.173704231781191,2.984492948497668,-0.4814607612315388,-0.03140185079879733,-1.0161329645585022,1
-0.46546902347764374,0.9009088760241706,0.8491410419312149,0.9716013067551579,-0.23538436605243465,-1.177851894974348,-0.18737694390042153,-0.8828162337175963,-1.2475548781531747,-0.9143260204049839,-0.7394662468772634,-2.114815247091728,0.9841231756854657,0
-0.9738162891597597,-1.1099901739376037,-0.502969299721533,-1.0181907980997333,-0.5733475201700994,0.9048055324001227,-1.359229812333827,-0.8828162337175963,0.860545391010725,-0.9143260204049839,-0.997471732522988,1.298014316359549,-1.0161329645585022,1
-0.8043672005990544,0.9009088760241706,0.8491410419312149,0.36556884547586993,-0.404365943111267,0.9048055324001227,-0.7257958293968509,-0.8828162337175963,0.19253272610050842,-1.0289971665491795,-0.7394662468772634,-0.6465048535138531,0.9841231756854657,0
-0.9738162891597597,0.9009088760241706,-0.502969299721533,-0.6534500625764386,-0.911310674287764,0.9048055324001227,0.38271364074285674,-0.8828162337175963,-0.2069321338206762,1.952452633199907,-0.997471732522988,0.18686050500331922,-1.0161329645585022,1
-0.9738162891597597,-1.1099901739376037,1.5251962127575889,0.056859462984989874,-0.911310674287764,-1.177851894974348,0.06599664927436881,-1.461440576166749,1.5486991412951188,-0.2262991435398101,-0.7394662468772634,0.4249648931510827,-1.0161329645585022,1
-0.8043672005990544,-1.1099901739376037,-0.502969299721533,-0.4857508129002233,-0.911310674287764,0.9048055324001227,0.8577891279455886,-0.8828162337175963,0.23617174441122635,1.952452633199907,-0.7394662468772634,0.6829113136444932,-1.0161329645585022,1
-0.46546902347764374,-1.1099901739376037,-1.179024470547907,-0.5685818294320765,-0.911310674287764,0.9048055324001227,0.06599664927436881,0.2744324511807092,0.03476089066945202,1.035083464046342,-0.7394662468772634,0.286070666731554,0.9841231756854657,0
-0.2960199349169384,-1.1099901739376037,0.8491410419312149,-0.22231817481293203,-0.5733475201700994,0.9048055324001227,0.06599664927436881,1.4316811360790147,-1.0427871768490378,0.1177142948927768,-0.7394662468772634,-0.011559818453150373,-1.0161329645585022,0
-0.8043672005990544,-1.1099901739376037,-1.179024470547907,-0.4299089683899025,-0.911310674287764,0.9048055324001227,-1.042512820865339,-1.461440576166749,-0.8447331706696268,-0.9143260204049839,-0.7394662468772634,-1.2814498885745558,-1.0161329645585022,0
-0.634918112038349,-1.1099901739376037,1.5251962127575889,-0.581863218355487,0.10257878806523006,0.21058638994196582,-0.4090788379283631,0.2744324511807092,1.7736079279734327,0.23238544103697253,-0.4814607612315388,0.9606997664835506,-1.0161329645585022,0
-0.8043672005990544,-1.1099901739376037,0.8491410419312149,0.9327204749722365,-0.5733475201700994,0.9048055324001227,4.024959042630468,-0.8828162337175963,-1.0427871768490378,1.2644257563347332,-0.4814607612315388,-1.2219237915376149,0.9841231756854657,0
-0.8043672005990544,0.9009088760241706,-0.502969299721533,-0.2115635661841061,-0.5733475201700994,0.9048055324001227,1.6495816066168083,1.4316811360790147,0.5114332445249834,1.8377814870557112,-0.7394662468772634,-0.051243883144444294,-1.0161329645585022,1
-0.8043672005990544,0.9009088760241706,-0.502969299721533,-0.7855848796063748,-0.911310674287764,0.9048055324001227,0.4223032646764177,-0.8828162337175963,0.7229146409538463,3.0991640946418633,-0.7394662468772634,1.0599099282117854,-1.0161329645585022,1
-0.46546902347764374,-1.1099901739376037,0.8491410419312149,0.5773919960462697,-0.23538436605243465,-1.177851894974348,-0.7257958293968509,0.2744324511807092,0.27645391515958084,-1.143668312693375,-0.4814607612315388,0.7027533459901402,0.9841231756854657,0
-0.2960199349169384,0.9009088760241706,-1.179024470547907,0.34630214572966195,-0.23538436605243465,-1.177851894974348,-0.09236184645987515,0.853056793629862,-1.4724636648314886,-0.570312581972397,-0.7394662468772634,1.5956448015442533,0.9841231756854657,0
-0.8043672005990544,-1.1099901739376037,-0.502969299721533,-0.2129059182156042,-0.911310674287764,0.9048055324001227,1.4912231108825644,-0.8828162337175963,0.04483143335654109,1.7231103409115156,-0.4814607612315388,0.801963507718375,-1.0161329645585022,1
-0.8043672005990544,0.9009088760241706,0.8491410419312149,-0.8588615081493297,-0.5733475201700994,0.9048055324001227,-0.646616581529729,-0.8828162337175963,0.001192415045823164,0.9204123179021463,-0.997471732522988,-1.4798702120310254,0.9841231756854657,0
-0.634918112038349,-1.1099901739376037,-0.502969299721533,1.3692059784848942,-0.404365943111267,0.9048055324001227,-0.7257958293968509,0.853056793629862,0.7464125738903866,-1.2583394588375707,-0.4814607612315388,0.9011736694466097,-1.0161329645585022,1
-0.8043672005990544,0.9009088760241706,-1.179024470547907,-0.5039752157749151,-0.911310674287764,0.9048055324001227,0.38271364074285674,0.853056793629862,-0.005521280078902488,1.2644257563347332,-0.997471732522988,-1.7775006972157297,-1.0161329645585022,1
-0.46546902347764374,0.9009088760241706,1.5251962127575889,0.06241837963307611,-0.911310674287764,-1.177851894974348,2.4413740852880284,1.4316811360790147,-1.3482603050240614,1.8377814870557112,-0.4814607612315388,0.6630692812988462,0.9841231756854657,0
-0.46546902347764374,-1.1099901739376037,-0.502969299721533,-0.6813867772084401,-0.404365943111267,-1.177851894974348,0.38271364074285674,-0.3041918912684436,-1.6839450612603513,2.1817949254882985,-0.4814607612315388,0.4448069254967297,-1.0161329645585022,1
-0.9738162891597597,0.9009088760241706,0.8491410419312149,0.08154294798771371,-0.911310674287764,-1.177851894974348,0.6598410082777837,1.4316811360790147,-0.0860856215756121,0.23238544103697253,-0.7394662468772634,0.4844909901880236,0.9841231756854657,0
-0.9738162891597597,-1.1099901739376037,0.8491410419312149,-0.6836608794735664,-0.911310674287764,0.9048055324001227,-0.2507203421941191,0.2744324511807092,1.1458774338115711,0.9204123179021463,-0.7394662468772634,-1.8370267942526706,-1.0161329645585022,1
-0.2960199349169384,0.9009088760241706,0.8491410419312149,0.46234453075846216,-0.404365943111267,-1.177851894974348,0.5410721364771007,0.853056793629862,-0.1397951825734185,-0.2262991435398101,-0.7394662468772634,-0.4877685947486774,-1.0161329645585022,0
-0.46546902347764374,0.9009088760241706,-0.502969299721533,-0.20452016611295137,-0.911310674287764,-1.177851894974348,0.06599664927436881,-0.3041918912684436,-0.6936750303632967,0.1177142948927768,-0.4814607612315388,-0.5274526594399713,0.9841231756854657,0
-0.8043672005990544,-1.1099901739376037,1.5251962127575889,-0.10946584990604495,-0.911310674287764,-1.177851894974348,0.8577891279455886,-1.461440576166749,-1.0427871768490378,0.8057411717579506,-0.7394662468772634,0.3455967637684949,-1.0161329645585022,0
-0.634918112038349,0.9009088760241706,0.8491410419312149,-0.20042994051109247,-0.7423290972289317,0.9048055324001227,-0.8841543251310949,-1.461440576166749,0.0851136041048956,-0.9143260204049839,-0.7394662468772634,-0.9441353386985575,-1.0161329645585022,0
-0.8043672005990544,0.9009088760241706,-1.179024470547907,-0.3226313525079428,-0.23538436605243465,0.9048055324001227,-0.7574675285436998,-0.8828162337175963,0.11868207972852446,-0.6849837281165926,-0.4814607612315388,-1.102871597463733,-1.0161329645585022,0
-0.2960199349169384,0.9009088760241706,0.8491410419312149,0.11863924118758465,-0.5733475201700994,-1.177851894974348,1.0161476236798326,0.2744324511807092,-0.1397951825734185,0.4617277333253637,-0.4814607612315388,-0.4282424977117365,-1.0161329645585022,0
-0.634918112038349,0.9009088760241706,-1.179024470547907,0.12760931123336017,-0.911310674287764,-1.177851894974348,2.4413740852880284,-0.8828162337175963,-0.08944246913797492,1.6084391947673204,-0.7394662468772634,-2.2140254088199627,0.9841231756854657,0
-0.2960199349169384,0.9009088760241706,1.5251962127575889,-0.8645625561889864,-0.23538436605243465,-1.177851894974348,-0.9474977234247925,-0.3041918912684436,0.001192415045823164,0.003043148748581378,-0.4814607612315388,1.1591200899400202,-1.0161329645585022,0
-0.8043672005990544,-1.1099901739376037,-0.502969299721533,0.07846343450368866,-0.911310674287764,0.9048055324001227,-0.5674373336626071,-0.8828162337175963,-1.1804179269059165,-0.7996548742607882,-0.7394662468772634,0.6630692812988462,0.9841231756854657,0
-0.8043672005990544,-1.1099901739376037,-1.179024470547907,-0.1287167572754118,-0.5733475201700994,-1.177851894974348,-0.09236184645987515,-0.8828162337175963,-0.8447331706696268,-0.11162799739561437,-0.4814607612315388,-0.15045404487267908,0.9841231756854657,0
-0.634918112038349,-1.1099901739376037,0.8491410419312149,-0.0628783382246404,-0.911310674287764,0.9048055324001227,0.16497070910827127,0.853056793629862,-0.8447331706696268,0.003043148748581378,-0.997471732522988,-0.22982217425526694,0.9841231756854657,0
-0.46546902347764374,0.9009088760241706,0.8491410419312149,-0.7877642276104541,-0.23538436605243465,0.21058638994196582,-0.5674373336626071,-0.3041918912684436,-1.8752853723150364,0.6910700256137552,-0.4814607612315388,0.8416475724096689,-1.0161329645585022,0
-0.8043672005990544,0.9009088760241706,-1.179024470547907,2.1659313901211177,-0.911310674287764,-1.177851894974348,-0.7257958293968509,1.4316811360790147,-0.5627579754311435,-1.3730106049817663,-0.997471732522988,-0.5671367241312653,-1.0161329645585022,0
-0.2960199349169384,-1.1099901739376037,1.5251962127575889,-0.48976207661787646,0.10257878806523006,0.9048055324001227,0.38271364074285674,0.2744324511807092,0.001192415045823164,1.2644257563347332,-0.7394662468772634,-2.0552891500547874,0.9841231756854657,0
-0.46546902347764374,-1.1099901739376037,0.8491410419312149,-0.6745802627899027,-0.404365943111267,0.9048055324001227,-0.7257958293968509,0.2744324511807092,0.2865244578466693,-0.11162799739561437,-0.4814607612315388,-0.07108591549009124,0.9841231756854657,0
-0.8043672005990544,0.9009088760241706,-0.502969299721533,-0.5092024925093371,-0.911310674287764,0.9048055324001227,0.06599664927436881,-0.3041918912684436,1.407711543675877,0.8057411717579506,-0.4814607612315388,1.4567505751247247,-1.0161329645585022,1
-0.8043672005990544,0.9009088760241706,0.8491410419312149,1.9784442922629366,-0.404365943111267,0.9048055324001227,0.38271364074285674,0.853056793629862,0.03476089066945202,-0.9143260204049839,-0.997471732522988,-1.7378166325244357,0.9841231756854657,0
-0.9738162891597597,0.9009088760241706,-0.502969299721533,-0.4499652869781682,-0.911310674287764,0.9048055324001227,0.06599664927436881,0.2744324511807092,0.4745079213389917,0.5763988794695595,-0.4814607612315388,0.6630692812988462,-1.0161329645585022,0
-0.634918112038349,0.9009088760241706,-0.502969299721533,0.362394577730798,-0.23538436605243465,0.21058638994196582,-0.2507203421941191,-1.461440576166749,1.5319149034833046,-0.6849837281165926,-0.4814607612315388,-0.011559818453150373,-1.0161329645585022,0
-0.2960199349169384,0.9009088760241706,-1.179024470547907,1.2180729321150496,-0.404365943111267,-1.177851894974348,0.06599664927436881,0.853056793629862,-1.6705176710108995,-0.9143260204049839,-0.7394662468772634,1.2186461869769611,-1.0161329645585022,0
-0.8043672005990544,0.9009088760241706,0.8491410419312149,0.23082828626714327,-0.911310674287764,0.9048055324001227,-0.23488449262069472,0.2744324511807092,-1.2475548781531747,-0.570312581972397,-0.997471732522988,-1.3409759856114967,-1.0161329645585022,0
-0.46546902347764374,0.9009088760241706,1.5251962127575889,-0.10867623106398724,-0.911310674287764,0.9048055324001227,-0.4090788379283631,0.2744324511807092,-0.21700267650776528,-0.45564143582820127,-0.7394662468772634,0.18686050500331922,-1.0161329645585022,0
-0.9738162891597597,-1.1099901739376037,-1.179024470547907,-0.6249290300013143,-0.911310674287764,-1.177851894974348,0.4618928886099787,1.4316811360790147,1.092167872813765,1.952452633199907,-0.4814607612315388,-1.4997122443766724,0.9841231756854657,0
-0.634918112038349,0.9009088760241706,-0.502969299721533,-0.6979687728916519,-0.23538436605243465,0.9048055324001227,-0.8841543251310949,0.2744324511807092,-0.3512765790022807,-0.34097028968400567,-0.7394662468772634,0.4844909901880236,-1.0161329645585022,1
-0.634918112038349,0.9009088760241706,0.8491410419312149,0.20631851740967214,-0.911310674287764,0.9048055324001227,1.9662985980852963,0.853056793629862,-0.5896127559300467,1.1497546101905376,-0.4814607612315388,0.6630692812988462,-1.0161329645585022,0
-0.9738162891597597,0.9009088760241706,-0.502969299721533,-0.2124953164177342,-0.911310674287764,0.21058638994196582,-0.2507203421941191,-0.8828162337175963,0.001192415045823164,-0.2262991435398101,-0.997471732522988,0.9210157017922567,0.9841231756854657,0
-0.634918112038349,0.9009088760241706,-0.502969299721533,-0.20687323026228335,-0.911310674287764,-1.177851894974348,0.0026532509806712224,-0.8828162337175963,0.001192415045823164,0.003043148748581378,-0.7394662468772634,0.22654456969461315,-1.0161329645585022,0
-0.634918112038349,0.9009088760241706,1.5251962127575889,-0.012437486593994252,-0.23538436605243465,0.21058638994196582,-0.09236184645987515,0.853056793629862,-1.2475548781531747,-0.34097028968400567,-0.7394662468772634,-1.142555662155027,0.9841231756854657,0
-0.9738162891597597,-1.1099901739376037,-0.502969299721533,-0.4274611499795236,-0.911310674287764,0.21058638994196582,-0.5674373336626071,-0.8828162337175963,-1.0964967378468442,-0.34097028968400567,-0.4814607612315388,-0.5274526594399713,0.9841231756854657,0
-0.9738162891597597,0.9009088760241706,1.5251962127575889,-0.6533868930690739,-0.911310674287764,0.9048055324001227,0.06599664927436881,-1.461440576166749,0.5785701957722418,1.379096902478929,-0.997471732522988,0.40512286080543575,-1.0161329645585022,1
-0.46546902347764374,-1.1099901739376037,0.8491410419312149,0.7820454075307854,-0.23538436605243465,-1.177851894974348,-1.359229812333827,-0.8828162337175963,-1.2106295549671826,-1.487681751125962,-0.4814607612315388,-0.38855843302044263,0.9841231756854657,0
-0.9738162891597597,-1.1099901739376037,0.8491410419312149,-0.5855586345363172,-0.911310674287764,0.9048055324001227,-0.6149448823828803,-0.8828162337175963,0.665848232393677,-0.11162799739561437,-0.997471732522988,1.0599099282117854,0.9841231756854657,0
-0.8043672005990544,0.9009088760241706,-0.502969299721533,-0.33554951676400685,-0.911310674287764,0.21058638994196582,-0.7257958293968509,-0.8828162337175963,-0.3109944082539262,-0.570312581972397,-0.7394662468772634,1.1988041546313142,-1.0161329645585022,0
-0.46546902347764374,-1.1099901739376037,0.8491410419312149,-0.23749464895728112,-0.5733475201700994,0.9048055324001227,-1.042512820865339,-1.461440576166749,1.0015329886299666,-1.0289971665491795,-0.4814607612315388,-0.9838194033898514,-1.0161329645585022,0
-0.634918112038349,-1.1099901739376037,0.8491410419312149,-0.25606648412247834,-0.23538436605243465,-1.177851894974348,0.38271364074285674,1.4316811360790147,1.2835081838684501,0.5763988794695595,-0.7394662468772634,-0.8846092416616166,0.9841231756854657,0
-1.143265377720465,-1.1099901739376037,0.8491410419312149,-1.0205754470027475,-0.911310674287764,-1.177851894974348,-1.002923196931778,-1.461440576166749,1.5688402266692962,0.8057411717579506,-0.997471732522988,1.4765926074703717,-1.0161329645585022,1
-0.9738162891597597,-1.1099901739376037,-1.179024470547907,-0.5635914383502718,-0.911310674287764,0.21058638994196582,-1.002923196931778,0.853056793629862,-1.0931398902844813,-0.7996548742607882,-0.997471732522988,-0.36871640067479566,-1.0161329645585022,0
-0.634918112038349,0.9009088760241706,1.5251962127575889,0.6302648737104536,-0.5733475201700994,-1.177851894974348,0.38271364074285674,-1.461440576166749,-1.6705176710108995,-0.45564143582820127,-0.4814607612315388,0.8416475724096689,-1.0161329645585022,0
-0.46546902347764374,-1.1099901739376037,-1.179024470547907,-0.8673893916435529,-0.06640278899360229,0.9048055324001227,-0.963333572998217,0.2744324511807092,-0.2438574570066685,0.003043148748581378,-0.7394662468772634,-0.5076106270943244,0.9841231756854657,0
-0.46546902347764374,0.9009088760241706,-1.179024470547907,-0.6180119689448887,0.10257878806523006,0.9048055324001227,-0.646616581529729,0.853056793629862,0.001192415045823164,-0.11162799739561437,-0.997471732522988,0.38528082845978884,0.9841231756854657,0
-0.9738162891597597,-1.1099901739376037,1.5251962127575889,0.12149766139583354,-0.911310674287764,-1.177851894974348,-0.7257958293968509,0.2744324511807092,-1.4993184453303918,-0.9143260204049839,-0.997471732522988,-0.8052411122790287,0.9841231756854657,0
-0.9738162891597597,-1.1099901739376037,-0.502969299721533,-0.3805419983844548,-0.911310674287764,0.9048055324001227,-1.121692068732461,1.4316811360790147,2.562467105128714,-1.143668312693375,-0.4814607612315388,0.821805540064022,-1.0161329645585022,1
-0.9738162891597597,0.9009088760241706,-0.502969299721533,-0.44780173135093004,-0.5733475201700994,-1.177851894974348,-0.4090788379283631,1.4316811360790147,1.286865031430813,0.003043148748581378,-0.7394662468772634,0.3455967637684949,0.9841231756854657,0
-1.143265377720465,-1.1099901739376037,-0.502969299721533,-0.8982950731216914,-0.911310674287764,0.9048055324001227,-0.963333572998217,0.2744324511807092,0.7866947446387411,0.1177142948927768,-0.7394662468772634,0.2463866020402601,-1.0161329645585022,1
-0.9738162891597597,0.9009088760241706,0.8491410419312149,1.5966793745048777,-0.5733475201700994,0.9048055324001227,-0.2190486430472703,0.2744324511807092,-1.3482603050240614,-1.0289971665491795,-0.7394662468772634,-0.7853990799333818,0.9841231756854657,0
-0.2960199349169384,-1.1099901739376037,1.5251962127575889,-0.25990403169487875,-0.404365943111267,-1.177851894974348,-0.5674373336626071,1.4316811360790147,-0.707102420612748,-0.570312581972397,-0.4814607612315388,-0.9242933063529105,0.9841231756854657,0
-0.8043672005990544,0.9009088760241706,-1.179024470547907,0.11816546988235004,-0.911310674287764,0.9048055324001227,0.06599664927436881,-1.461440576166749,-0.1397951825734185,-0.34097028968400567,-0.7394662468772634,-1.4005020826484376,0.9841231756854657,0
-0.2960199349169384,-1.1099901739376037,0.8491410419312149,0.27619978493177894,-0.23538436605243465,-1.177851894974348,0.8577891279455886,-0.8828162337175963,0.2865244578466693,0.1177142948927768,-0.7394662468772634,-0.46792656240303043,-1.0161329645585022,0
-0.8043672005990544,-1.1099901739376037,-1.179024470547907,0.17577606059888012,-0.23538436605243465,-1.177851894974348,0.8577891279455886,0.2744324511807092,1.676259348664909,0.23238544103697253,-0.997471732522988,-0.22982217425526694,-1.0161329645585022,1
-0.2960199349169384,0.9009088760241706,0.17308587110484092,-0.1827108936953176,-0.404365943111267,0.9048055324001227,0.06599664927436881,-1.461440576166749,0.5651428055227898,0.1177142948927768,-0.4814607612315388,0.6035431842619053,-1.0161329645585022,1
-0.9738162891597597,0.9009088760241706,-0.502969299721533,0.04349911217737352,-0.911310674287764,-1.177851894974348,1.6495816066168083,1.4316811360790147,1.934736610966852,1.1497546101905376,-0.7394662468772634,0.6233852166075523,0.9841231756854657,0
-0.9738162891597597,-1.1099901739376037,-1.179024470547907,0.18921537329070226,-0.911310674287764,-1.177851894974348,0.38271364074285674,0.853056793629862,0.001192415045823164,-0.11162799739561437,-0.997471732522988,0.7225953783357871,-1.0161329645585022,0
-0.9738162891597597,-1.1099901739376037,1.5251962127575889,-0.5472621206965185,-0.911310674287764,0.9048055324001227,-0.9474977234247925,0.853056793629862,0.4745079213389917,-0.6849837281165926,-0.7394662468772634,-2.8688124762263127,0.9841231756854657,0
-0.2960199349169384,0.9009088760241706,-0.502969299721533,-0.047085961383486315,-0.911310674287764,0.21058638994196582,1.6495816066168083,-0.8828162337175963,-0.4654093961226198,1.379096902478929,-0.7394662468772634,-0.32903233598350173,0.9841231756854657,0
-0.8043672005990544,-1.1099901739376037,1.5251962127575889,-0.5638914935102537,-0.911310674287764,0.9048055324001227,-0.8841543251310949,0.853056793629862,-0.005521280078902488,-0.570312581972397,-0.7394662468772634,-0.32903233598350173,-1.0161329645585022,1
-0.46546902347764374,-1.1099901739376037,0.8491410419312149,-0.05675089601027261,-0.404365943111267,-1.177851894974348,2.4413740852880284,0.853056793629862,0.9612508178816116,2.1817949254882985,-0.4814607612315388,0.12733440796637835,0.9841231756854657,0
-0.634918112038349,-1.1099901739376037,-1.179024470547907,-0.19954556740798784,-0.404365943111267,-1.177851894974348,1.0161476236798326,-0.8828162337175963,0.16232109803924238,1.1497546101905376,-0.4814607612315388,0.26622863438590705,0.9841231756854657,0
-1.143265377720465,0.9009088760241706,-0.502969299721533,0.4133092006666787,-0.911310674287764,-1.177851894974348,2.4413740852880284,-0.8828162337175963,0.9981761410676039,1.1497546101905376,-0.7394662468772634,0.46464895784237664,0.9841231756854657,0
-0.634918112038349,0.9009088760241706,-1.179024470547907,-0.31531948203048843,-0.911310674287764,0.9048055324001227,-0.4090788379283631,-0.8828162337175963,-1.1804179269059165,-0.2262991435398101,-0.4814607612315388,0.6035431842619053,-1.0161329645585022,1
-0.634918112038349,0.9009088760241706,-1.179024470547907,-0.22073893712881662,-0.911310674287764,0.9048055324001227,-0.804975077263973,1.4316811360790147,-1.2979075915886182,-0.7996548742607882,-0.997471732522988,0.8614896047553159,0.9841231756854657,0
-0.634918112038349,0.9009088760241706,-1.179024470547907,-0.7911280038776198,-0.7423290972289317,0.9048055324001227,-0.17154109432699713,0.2744324511807092,-1.0427871768490378,1.7231103409115156,-0.997471732522988,-0.5274526594399713,-1.0161329645585022,1
-1.143265377720465,0.9009088760241706,-0.502969299721533,-0.20096688132369173,-0.911310674287764,0.9048055324001227,0.38271364074285674,0.2744324511807092,-0.12972463988633004,0.4617277333253637,-0.997471732522988,-0.32903233598350173,0.9841231756854657,0
-0.9738162891597597,0.9009088760241706,0.8491410419312149,-0.34121898004998114,-0.911310674287764,0.9048055324001227,0.8577891279455886,1.4316811360790147,-0.46205254856025635,1.379096902478929,-0.4814607612315388,-0.44808453005738347,-1.0161329645585022,1
-0.634918112038349,-1.1099901739376037,0.8491410419312149,-0.2985795625788651,-0.5733475201700994,-1.177851894974348,-0.4090788379283631,-0.3041918912684436,-1.8752853723150364,-0.34097028968400567,-0.7394662468772634,0.3455967637684949,-1.0161329645585022,0
-0.9738162891597597,-1.1099901739376037,-1.179024470547907,-0.30019038501666284,-0.7423290972289317,-1.177851894974348,0.5094004373302519,-0.8828162337175963,-1.7510820125076092,0.8057411717579506,-0.7394662468772634,0.5241750548793175,-1.0161329645585022,0
-0.9738162891597597,0.9009088760241706,-1.179024470547907,-0.30206967786076017,-0.911310674287764,-1.177851894974348,-1.2008713165995828,-0.8828162337175963,0.3939435798422821,-1.2583394588375707,-0.4814607612315388,-0.11076998018138517,0.9841231756854657,0
-0.9738162891597597,0.9009088760241706,1.5251962127575889,-0.22004407254780586,-0.911310674287764,0.9048055324001227,0.06203768688101271,-0.8828162337175963,0.15896425047687956,0.1177142948927768,-0.4814607612315388,-1.4997122443766724,-1.0161329645585022,1
-1.143265377720465,0.9009088760241706,1.5251962127575889,-0.195565888444017,-0.911310674287764,0.9048055324001227,-0.5674373336626071,0.853056793629862,0.001192415045823164,-0.570312581972397,-0.7394662468772634,0.5638591195706114,-1.0161329645585022,0
-0.8043672005990544,0.9009088760241706,1.5251962127575889,-0.35525840306176715,-0.911310674287764,0.21058638994196582,0.8577891279455886,1.4316811360790147,0.7497694214527494,1.379096902478929,-0.7394662468772634,2.1115376425310743,-1.0161329645585022,0
-0.9738162891597597,-1.1099901739376037,1.5251962127575889,-0.3002693469008686,-0.911310674287764,-1.177851894974348,1.9662985980852963,0.2744324511807092,-0.3680608168140954,2.525808363920885,-0.4814607612315388,-0.7457150152420878,0.9841231756854657,0
-0.9738162891597597,0.9009088760241706,0.8491410419312149,-0.6799812556695775,-0.911310674287764,0.9048055324001227,0.5410721364771007,-0.8828162337175963,0.7061304031420315,2.411137217776689,-0.7394662468772634,0.6035431842619053,-1.0161329645585022,1
-0.634918112038349,-1.1099901739376037,-0.502969299721533,0.36087850955404716,-0.404365943111267,-1.177851894974348,-0.4090788379283631,0.2744324511807092,0.5651428055227898,-0.7996548742607882,-0.4814607612315388,-0.8052411122790287,0.9841231756854657,0
-0.9738162891597597,0.9009088760241706,-1.179024470547907,-0.2678791819996616,-0.911310674287764,-1.177851894974348,-1.042512820865339,0.853056793629862,0.27645391515958084,-1.0289971665491795,-0.997471732522988,0.12733440796637835,0.9841231756854657,0
-0.9738162891597597,-1.1099901739376037,-0.502969299721533,-0.4288824638952275,-0.7423290972289317,0.21058638994196582,-0.5674373336626071,1.4316811360790147,-1.1166378232210217,-0.34097028968400567,-0.4814607612315388,-0.7457150152420878,0.9841231756854657,0
-0.8043672005990544,0.9009088760241706,-0.502969299721533,-0.7371812445882375,-0.911310674287764,0.9048055324001227,-0.09236184645987515,-0.8828162337175963,-1.173704231781191,1.4937680486231246,-0.997471732522988,1.2186461869769611,-1.0161329645585022,1
-0.2960199349169384,0.9009088760241706,-0.502969299721533,1.6925075171770008,-0.911310674287764,-1.177851894974348,2.12465709381954,-0.3041918912684436,2.431550050196561,-0.2262991435398101,-0.997471732522988,-0.9838194033898514,0.9841231756854657,0
-0.2960199349169384,-1.1099901739376037,-1.179024470547907,-0.4500126641086916,0.10257878806523006,0.9048055324001227,-0.7257958293968509,1.4316811360790147,-1.2475548781531747,-0.45564143582820127,-0.997471732522988,-1.6386064707962011,0.9841231756854657,0
-0.46546902347764374,-1.1099901739376037,-0.502969299721533,-0.3739723696185347,-0.06640278899360229,0.9048055324001227,-0.7257958293968509,1.4316811360790147,0.001192415045823164,-0.570312581972397,-0.997471732522988,0.26622863438590705,-1.0161329645585022,1
-0.8043672005990544,0.9009088760241706,-1.179024470547907,-0.8872562017097247,-0.06640278899360229,0.9048055324001227,-1.042512820865339,0.853056793629862,-0.34120603631519225,-0.11162799739561437,-0.997471732522988,1.337698381050843,-1.0161329645585022,1
-0.2960199349169384,0.9009088760241706,1.5251962127575889,-0.12806926982492445,-0.7423290972289317,0.9048055324001227,-0.5674373336626071,0.2744324511807092,1.8407448792206904,-0.6849837281165926,-0.997471732522988,-1.5790803737592602,-1.0161329645585022,1
-0.46546902347764374,-1.1099901739376037,-1.179024470547907,-0.6948260899002623,-0.23538436605243465,0.9048055324001227,-0.8841543251310949,0.2744324511807092,1.7736079279734327,-0.34097028968400567,-0.4814607612315388,-0.03140185079879733,-1.0161329645585022,1
-0.634918112038349,0.9009088760241706,-1.179024470547907,-0.06707911046438739,-0.5733475201700994,0.9048055324001227,-1.2642147148932805,0.2744324511807092,0.954537122756886,-1.3730106049817663,-0.4814607612315388,-0.051243883144444294,0.9841231756854657,0
-0.8043672005990544,0.9009088760241706,1.5251962127575889,-0.9153350477332968,-0.404365943111267,0.9048055324001227,-1.248378865319856,-1.461440576166749,0.03476089066945202,-0.6849837281165926,-0.7394662468772634,1.0599099282117854,-1.0161329645585022,0
-0.634918112038349,-1.1099901739376037,0.8491410419312149,-0.42975104462149094,-0.911310674287764,-1.177851894974348,0.06599664927436881,-0.8828162337175963,1.092167872813765,0.5763988794695595,-0.4814607612315388,-0.9639773710442044,0.9841231756854657,0
-0.9738162891597597,-1.1099901739376037,1.5251962127575889,0.09866188448352474,-0.404365943111267,0.9048055324001227,-1.2325430157464317,0.853056793629862,0.03811773823181484,-1.3730106049817663,-0.4814607612315388,-0.40840046536608954,0.9841231756854657,0
-0.9738162891597597,0.9009088760241706,-1.179024470547907,-0.37907330733822747,-0.7423290972289317,0.9048055324001227,-0.5357656345157582,-1.461440576166749,0.001192415045823164,-0.34097028968400567,-0.7394662468772634,-0.15045404487267908,-1.0161329645585022,1
-0.634918112038349,0.9009088760241706,0.8491410419312149,-0.5529631687361751,-0.911310674287764,-1.177851894974348,-1.121692068732461,-0.8828162337175963,-0.21364582894540246,-0.9143260204049839,-0.7394662468772634,-1.6386064707962011,0.9841231756854657,0
-1.143265377720465,0.9009088760241706,-0.502969299721533,-0.38153691812544754,-0.5733475201700994,-1.177851894974348,-0.7257958293968509,1.4316811360790147,-0.37813135950118393,-0.570312581972397,-0.4814607612315388,-0.8449251769703227,0.9841231756854657,0
-0.8043672005990544,-1.1099901739376037,-1.179024470547907,-0.013037596913958107,-0.911310674287764,-1.177851894974348,1.0953268715469546,-1.461440576166749,-1.1804179269059165,0.8057411717579506,-0.4814607612315388,-0.5076106270943244,0.9841231756854657,0
-0.8043672005990544,0.9009088760241706,1.5251962127575889,-0.6751014112256608,-0.7423290972289317,0.9048055324001227,0.16497070910827127,-0.8828162337175963,-1.371758237960602,1.7231103409115156,-0.4814607612315388,-0.6663468858595001,-1.0161329645585022,1
-0.634918112038349,0.9009088760241706,-1.179024470547907,0.2034758895782644,-0.911310674287764,-1.177851894974348,0.6202513843442227,-0.8828162337175963,-0.34120603631519225,0.1177142948927768,-0.4814607612315388,0.028124246238143545,-1.0161329645585022,0
-0.9738162891597597,-1.1099901739376037,-1.179024470547907,-0.1536845050612764,-0.911310674287764,0.21058638994196582,-0.4882580857954851,1.4316811360790147,-1.1804179269059165,-0.570312581972397,-0.7394662468772634,0.7027533459901402,0.9841231756854657,0
-0.8043672005990544,-1.1099901739376037,1.5251962127575889,-0.3906649119396346,-0.404365943111267,0.9048055324001227,-0.4763811986154168,1.4316811360790147,-1.0092187012254088,-0.2262991435398101,-0.7394662468772634,-0.20998014190961997,0.9841231756854657,0
-0.8043672005990544,-1.1099901739376037,-0.502969299721533,1.369190186108053,-0.7423290972289317,0.9048055324001227,-0.7257958293968509,-0.8828162337175963,1.3103629643673533,-1.2583394588375707,-0.997471732522988,0.12733440796637835,-1.0161329645585022,1
-0.9738162891597597,0.9009088760241706,-1.179024470547907,0.08140081659614332,-0.911310674287764,0.9048055324001227,0.25602684415546156,-0.8828162337175963,0.001192415045823164,-0.11162799739561437,-0.997471732522988,0.3654387961141419,-1.0161329645585022,0
-0.46546902347764374,0.9009088760241706,1.5251962127575889,-0.3194570847628708,0.10257878806523006,0.21058638994196582,-1.121692068732461,1.4316811360790147,-1.4254677989584081,-1.143668312693375,-0.7394662468772634,0.821805540064022,-1.0161329645585022,0
-0.9738162891597597,-1.1099901739376037,0.8491410419312149,-0.15603756921060835,-0.911310674287764,0.9048055324001227,-0.07652599688645076,1.4316811360790147,0.16232109803924238,-0.11162799739561437,-0.7394662468772634,0.4448069254967297,-1.0161329645585022,0
-0.9738162891597597,0.9009088760241706,-1.179024470547907,0.044193976758384296,-0.5733475201700994,-1.177851894974348,0.5410721364771007,1.4316811360790147,-1.0495008719737637,0.23238544103697253,-0.4814607612315388,-0.30919030363785477,0.9841231756854657,0
-0.2960199349169384,0.9009088760241706,-0.502969299721533,-0.2994639356819697,-0.7423290972289317,-1.177851894974348,-0.7257958293968509,0.853056793629862,-0.5661148229935064,-0.6849837281165926,-0.997471732522988,-0.9639773710442044,0.9841231756854657,0
-0.2960199349169384,0.9009088760241706,1.5251962127575889,0.8394664897252218,-0.23538436605243465,0.9048055324001227,2.4413740852880284,-0.3041918912684436,0.001192415045823164,0.5763988794695595,-0.997471732522988,1.1194360252487263,-1.0161329645585022,0
-0.9738162891597597,0.9009088760241706,-0.502969299721533,-0.30055360968400935,-0.5733475201700994,-1.177851894974348,-0.2507203421941191,-0.8828162337175963,0.03811773823181484,-0.11162799739561437,-0.4814607612315388,-0.051243883144444294,0.9841231756854657,0
-0.9738162891597597,0.9009088760241706,-1.179024470547907,-0.4510549609802078,-0.911310674287764,0.9048055324001227,-0.7257958293968509,0.853056793629862,0.6255660616453219,-0.45564143582820127,-0.7394662468772634,-0.8846092416616166,-1.0161329645585022,0
-1.143265377720465,-1.1099901739376037,0.8491410419312149,-0.5875010968877791,-0.911310674287764,0.21058638994196582,-0.8841543251310949,1.4316811360790147,-1.2475548781531747,-0.570312581972397,-0.997471732522988,-0.8449251769703227,0.9841231756854657,0
-0.9738162891597597,0.9009088760241706,-1.179024470547907,-0.7690660534305276,-0.911310674287764,0.9048055324001227,-1.1929533918128707,-0.8828162337175963,-0.1397951825734185,-0.7996548742607882,-0.7394662468772634,-0.13061201252703214,-1.0161329645585022,0
-0.9738162891597597,-1.1099901739376037,-1.179024470547907,-0.549362506816392,-0.911310674287764,0.9048055324001227,0.8577891279455886,0.853056793629862,-0.25392799969375696,2.1817949254882985,-0.4814607612315388,-0.686188918205147,-1.0161329645585022,1
-0.2960199349169384,0.9009088760241706,0.8491410419312149,1.3148959945281655,-0.404365943111267,-1.177851894974348,0.8577891279455886,-0.8828162337175963,1.451350561986595,-0.570312581972397,-0.997471732522988,0.6035431842619053,0.9841231756854657,0
-0.9738162891597597,0.9009088760241706,1.5251962127575889,-0.6347834731501945,-0.7423290972289317,-1.177851894974348,-1.121692068732461,-0.8828162337175963,-1.3482603050240614,-0.9143260204049839,-0.997471732522988,-1.5393963090679663,0.9841231756854657,0
-0.2960199349169384,-1.1099901739376037,-0.502969299721533,-0.41419555343295417,-0.06640278899360229,-1.177851894974348,-0.17550005672035324,-0.3041918912684436,-1.3751150855229646,0.23238544103697253,-0.4814607612315388,0.6233852166075523,-1.0161329645585022,0
-0.46546902347764374,-1.1099901739376037,0.8491410419312149,0.20180189763310205,-0.23538436605243465,0.9048055324001227,-0.7257958293968509,-0.8828162337175963,-0.46205254856025635,-1.0289971665491795,-0.7394662468772634,0.5043330225336705,-1.0161329645585022,0
-0.9738162891597597,0.9009088760241706,-1.179024470547907,-0.2939050190338835,-0.5733475201700994,0.9048055324001227,0.38271364074285674,0.853056793629862,0.5785701957722418,0.6910700256137552,-0.4814607612315388,-1.2417658238832618,0.9841231756854657,0
-0.8043672005990544,-1.1099901739376037,-0.502969299721533,-0.7947918353047676,-0.404365943111267,-1.177851894974348,-0.963333572998217,0.2744324511807092,0.665848232393677,-0.2262991435398101,-0.997471732522988,0.7027533459901402,-1.0161329645585022,0
-0.2960199349169384,-1.1099901739376037,0.8491410419312149,0.5531506975950982,-0.404365943111267,-1.177851894974348,0.8577891279455886,-0.3041918912684436,1.6628319584154578,-0.11162799739561437,-0.7394662468772634,-1.182239726846321,0.9841231756854657,0
-0.46546902347764374,-1.1099901739376037,-0.502969299721533,-0.11627236432458236,-0.404365943111267,-1.177851894974348,1.4120438630154424,-0.8828162337175963,0.5785701957722418,1.379096902478929,-0.7394662468772634,0.38528082845978884,0.9841231756854657,0
-0.8043672005990544,0.9009088760241706,-0.502969299721533,-0.6158326209408095,-0.911310674287764,0.9048055324001227,-0.646616581529729,0.2744324511807092,1.1861596045599256,-0.11162799739561437,-0.997471732522988,-0.07108591549009124,-1.0161329645585022,1
-0.2960199349169384,0.9009088760241706,0.8491410419312149,-0.35865376408261523,-0.5733475201700994,0.9048055324001227,0.8577891279455886,0.853056793629862,-1.0427871768490378,1.379096902478929,-0.7394662468772634,-0.9242933063529105,-1.0161329645585022,1
-0.46546902347764374,-1.1099901739376037,1.5251962127575889,-0.05046553002749329,0.10257878806523006,-1.177851894974348,1.6495816066168083,-0.3041918912684436,-0.8447331706696268,1.379096902478929,-0.997471732522988,1.0003838311748445,0.9841231756854657,0
-1.143265377720465,-1.1099901739376037,0.8491410419312149,-0.39546579449934544,-0.404365943111267,0.9048055324001227,0.06599664927436881,0.853056793629862,-0.25392799969375696,0.4617277333253637,-0.997471732522988,0.46464895784237664,0.9841231756854657,0
-0.8043672005990544,-1.1099901739376037,-0.502969299721533,1.222400043369526,-0.911310674287764,-1.177851894974348,-0.5674373336626071,0.2744324511807092,-1.8752853723150364,-1.143668312693375,-0.4814607612315388,0.22654456969461315,-1.0161329645585022,0
-1.143265377720465,0.9009088760241706,0.8491410419312149,1.4103293277792595,-0.911310674287764,-1.177851894974348,1.3328646151483206,-0.8828162337175963,-1.0427871768490378,-0.34097028968400567,-0.4814607612315388,-0.686188918205147,0.9841231756854657,0
-0.8043672005990544,-1.1099901739376037,-0.502969299721533,0.5579357877779678,-0.911310674287764,0.9048055324001227,-0.7257958293968509,0.853056793629862,-0.46205254856025635,-1.143668312693375,-0.4814607612315388,1.0599099282117854,-1.0161329645585022,0
-0.9738162891597597,0.9009088760241706,0.8491410419312149,0.17702365836933132,-0.911310674287764,0.9048055324001227,0.06599664927436881,-0.8828162337175963,0.0851136041048956,-0.34097028968400567,-0.4814607612315388,0.38528082845978884,-1.0161329645585022,0
-0.2960199349169384,0.9009088760241706,0.8491410419312149,-0.2751278829697513,-0.404365943111267,0.9048055324001227,-0.7257958293968509,0.853056793629862,0.4745079213389917,-0.6849837281165926,-0.997471732522988,0.008282213892496587,-1.0161329645585022,1
-0.634918112038349,-1.1099901739376037,0.8491410419312149,-0.5867430627994037,-0.7423290972289317,0.9048055324001227,-1.2325430157464317,0.853056793629862,-1.2979075915886182,-1.143668312693375,-0.7394662468772634,0.5837011519162584,0.9841231756854657,0
-0.9738162891597597,0.9009088760241706,-0.502969299721533,-0.5915755301127968,-0.7423290972289317,0.9048055324001227,-0.3298995900612411,-1.461440576166749,1.357358830240434,0.4617277333253637,-0.997471732522988,0.9805417988291976,-1.0161329645585022,1
-0.634918112038349,-1.1099901739376037,-0.502969299721533,-0.6661787183104088,-0.7423290972289317,0.9048055324001227,-0.4407505370752119,0.853056793629862,3.018998373610068,0.4617277333253637,-0.4814607612315388,-0.8052411122790287,-1.0161329645585022,1
-1.143265377720465,0.9009088760241706,1.5251962127575889,0.7228082019996165,-0.7423290972289317,-1.177851894974348,0.8577891279455886,0.853056793629862,-0.46205254856025635,-0.2262991435398101,-0.4814607612315388,0.4249648931510827,0.9841231756854657,0
-0.9738162891597597,0.9009088760241706,0.8491410419312149,-0.7724614144513757,-0.23538436605243465,0.21058638994196582,-0.7257958293968509,1.4316811360790147,-1.6705176710108995,0.23238544103697253,-0.7394662468772634,0.801963507718375,-1.0161329645585022,0
-0.2960199349169384,-1.1099901739376037,-0.502969299721533,-0.45509780945154327,-0.06640278899360229,0.9048055324001227,-0.7257958293968509,0.2744324511807092,0.30330869565848406,-0.45564143582820127,-0.997471732522988,0.3654387961141419,0.9841231756854657,0
-0.8043672005990544,0.9009088760241706,1.5251962127575889,-0.11218213872272345,-0.911310674287764,0.9048055324001227,0.06599664927436881,0.2744324511807092,-1.2979075915886182,0.003043148748581378,-0.997471732522988,0.9011736694466097,0.9841231756854657,0
-0.9738162891597597,0.9009088760241706,0.8491410419312149,-0.6433429413980999,-0.7423290972289317,0.9048055324001227,-1.01084112171849,0.2744324511807092,-0.2707122375055717,-0.6849837281165926,-0.4814607612315388,0.5241750548793175,0.9841231756854657,0
-0.9738162891597597,-1.1099901739376037,1.5251962127575889,0.477599966787017,-0.5733475201700994,0.9048055324001227,-0.2507203421941191,0.2744324511807092,-1.371758237960602,-0.7996548742607882,-0.4814607612315388,-0.5274526594399713,0.9841231756854657,0
-0.46546902347764374,0.9009088760241706,0.8491410419312149,0.4593123944049606,-0.7423290972289317,-1.177851894974348,-0.5674373336626071,-1.461440576166749,-1.2979075915886182,-0.9143260204049839,-0.7394662468772634,1.0003838311748445,0.9841231756854657,0
-0.9738162891597597,-1.1099901739376037,-1.179024470547907,-0.1291273590732818,-0.7423290972289317,-1.177851894974348,-0.013182598592753173,-0.8828162337175963,-1.4254677989584081,-0.11162799739561437,-0.4814607612315388,0.2463866020402601,-1.0161329645585022,0
-0.9738162891597597,0.9009088760241706,-1.179024470547907,0.7446806439246149,-0.5733475201700994,-1.177851894974348,0.5094004373302519,-1.461440576166749,0.27645391515958084,-0.45564143582820127,-0.7394662468772634,-0.11076998018138517,0.9841231756854657,0
-0.46546902347764374,0.9009088760241706,0.8491410419312149,-0.10978169744286803,-0.06640278899360229,0.9048055324001227,1.6495816066168083,-0.8828162337175963,0.001192415045823164,1.4937680486231246,-0.4814607612315388,0.5043330225336705,-1.0161329645585022,1
-0.2960199349169384,0.9009088760241706,-1.179024470547907,0.2673244691470504,-0.5733475201700994,-1.177851894974348,-1.042512820865339,-0.3041918912684436,-1.0092187012254088,-1.2583394588375707,-0.7394662468772634,0.38528082845978884,0.9841231756854657,0
-0.9738162891597597,-1.1099901739376037,-0.502969299721533,-0.6565769531909871,-0.911310674287764,0.9048055324001227,-0.5040939353689095,-0.8828162337175963,-0.5661148229935064,0.3470565871811683,-0.4814607612315388,1.4170665104334308,0.9841231756854657,0
-0.634918112038349,-1.1099901739376037,0.8491410419312149,-0.5100710732356006,-0.404365943111267,0.9048055324001227,-0.2507203421941191,-0.3041918912684436,0.001192415045823164,0.3470565871811683,-0.997471732522988,-2.8092863791893716,-1.0161329645585022,1
-0.9738162891597597,-1.1099901739376037,0.8491410419312149,-0.3741145010101051,-0.7423290972289317,-1.177851894974348,-0.8841543251310949,0.853056793629862,-0.21364582894540246,-0.7996548742607882,-0.997471732522988,-1.2814498885745558,0.9841231756854657,0
-0.8043672005990544,-1.1099901739376037,-0.502969299721533,0.46457125589306486,-0.911310674287764,-1.177851894974348,0.8577891279455886,0.853056793629862,1.4446368668618692,0.003043148748581378,-0.4814607612315388,0.286070666731554,-1.0161329645585022,0
-0.9738162891597597,0.9009088760241706,-1.179024470547907,-0.5042278938043736,-0.911310674287764,-1.177851894974348,0.1847655210750518,-0.8828162337175963,0.001192415045823164,0.9204123179021463,-0.4814607612315388,-1.0235034680811452,-1.0161329645585022,0
-0.46546902347764374,-1.1099901739376037,1.5251962127575889,-0.48688786403278644,-0.911310674287764,0.9048055324001227,0.06599664927436881,0.2744324511807092,-0.005521280078902488,0.6910700256137552,-0.4814607612315388,0.6829113136444932,-1.0161329645585022,0
-0.2960199349169384,0.9009088760241706,1.5251962127575889,1.5194704441284754,-0.911310674287764,-1.177851894974348,1.6495816066168083,0.853056793629862,0.001192415045823164,-0.34097028968400567,-0.997471732522988,-0.09092794783573821,-1.0161329645585022,0
-0.46546902347764374,0.9009088760241706,-1.179024470547907,-0.49096229725780416,-0.911310674287764,0.9048055324001227,-1.042512820865339,0.853056793629862,-0.25392799969375696,-0.9143260204049839,-0.7394662468772634,0.5440170872249644,0.9841231756854657,0
-0.46546902347764374,0.9009088760241706,-0.502969299721533,-0.40612564886712443,-0.911310674287764,0.9048055324001227,0.8577891279455886,-0.8828162337175963,1.2029438423717405,1.6084391947673204,-0.7394662468772634,0.8416475724096689,-1.0161329645585022,1
-0.9738162891597597,-1.1099901739376037,-1.179024470547907,-0.08385061466969303,-0.5733475201700994,0.9048055324001227,0.06599664927436881,-0.8828162337175963,1.0787404825643134,-0.11162799739561437,-0.997471732522988,-0.24966420660091387,-1.0161329645585022,0
-0.2960199349169384,0.9009088760241706,-0.502969299721533,-0.5857639354352522,-0.23538436605243465,0.9048055324001227,-1.121692068732461,-1.461440576166749,-0.707102420612748,-0.9143260204049839,-0.997471732522988,0.305912699077201,-1.0161329645585022,0
-0.46546902347764374,-1.1099901739376037,-0.502969299721533,0.46455546351622373,-0.911310674287764,-1.177851894974348,0.06599664927436881,-0.3041918912684436,-1.8752853723150364,-0.570312581972397,-0.4814607612315388,-1.2616078562289088,0.9841231756854657,0
-0.2960199349169384,0.9009088760241706,-1.179024470547907,0.3998225108443331,-0.06640278899360229,-1.177851894974348,0.8577891279455886,0.853056793629862,-0.12972463988633004,0.003043148748581378,-0.4814607612315388,1.5361187045073124,0.9841231756854657,0
-0.9738162891597597,-1.1099901739376037,-0.502969299721533,-0.939860608967609,-0.911310674287764,0.9048055324001227,-0.8841543251310949,-1.461440576166749,0.7866947446387411,0.6910700256137552,-0.997471732522988,0.46464895784237664,-1.0161329645585022,1
-0.9738162891597597,0.9009088760241706,-0.502969299721533,-0.34186646750046845,-0.5733475201700994,0.9048055324001227,-0.7257958293968509,-0.8828162337175963,-1.3482603050240614,-0.570312581972397,-0.997471732522988,0.7622794430270811,0.9841231756854657,0
-0.46546902347764374,-1.1099901739376037,1.5251962127575889,-0.5655181083248926,-0.5733475201700994,-1.177851894974348,-0.6782882806765778,0.853056793629862,-1.1804179269059165,-0.2262991435398101,-0.7394662468772634,-0.46792656240303043,0.9841231756854657,0
-0.46546902347764374,-1.1099901739376037,-0.502969299721533,-0.16529190203952465,-0.404365943111267,0.9048055324001227,-0.013182598592753173,0.853056793629862,-1.623521805137819,0.003043148748581378,-0.7394662468772634,-0.17029607721832604,0.9841231756854657,0
-0.634918112038349,0.9009088760241706,-1.179024470547907,-0.20485180602661562,-0.911310674287764,0.9048055324001227,2.2196721912600865,-0.3041918912684436,0.2965950005337584,2.411137217776689,-0.4814607612315388,0.7027533459901402,-1.0161329645585022,1
-0.634918112038349,-1.1099901739376037,1.5251962127575889,-0.850491548423518,-0.5733475201700994,0.9048055324001227,-0.8841543251310949,-1.461440576166749,0.8135495251376443,0.1177142948927768,-0.4814607612315388,1.6154868338899002,0.9841231756854657,0
-0.634918112038349,0.9009088760241706,-0.502969299721533,0.17730792115247207,-0.911310674287764,0.9048055324001227,1.6495816066168083,1.4316811360790147,-0.7138161157374736,0.9204123179021463,-0.997471732522988,0.5837011519162584,0.9841231756854657,0
-0.2960199349169384,0.9009088760241706,1.5251962127575889,-0.2950104854127643,0.10257878806523006,0.9048055324001227,-0.7574675285436998,0.853056793629862,0.001192415045823164,-0.6849837281165926,-0.997471732522988,-0.4282424977117365,-1.0161329645585022,0
-0.634918112038349,-1.1099901739376037,0.8491410419312149,-0.48830917794849027,-0.5733475201700994,0.9048055324001227,-0.4090788379283631,-0.8828162337175963,0.1119683846037988,0.003043148748581378,-0.997471732522988,0.10749237562073138,-1.0161329645585022,0
-0.8043672005990544,-1.1099901739376037,-0.502969299721533,-0.6778966619265451,-0.7423290972289317,0.9048055324001227,0.113504197994642,0.853056793629862,-0.6936750303632967,1.6084391947673204,-0.997471732522988,0.32575473142284794,-1.0161329645585022,1
-0.634918112038349,0.9009088760241706,0.8491410419312149,0.3727069998080716,-0.5733475201700994,0.9048055324001227,0.0026532509806712224,0.2744324511807092,-1.2475548781531747,-0.570312581972397,-0.7394662468772634,0.14717644031202531,-1.0161329645585022,0
-1.143265377720465,0.9009088760241706,0.8491410419312149,-0.5419242973242084,-0.911310674287764,0.21058638994196582,-0.3774071387815143,0.2744324511807092,0.8739727812601764,0.23238544103697253,-0.997471732522988,0.6630692812988462,0.9841231756854657,0
-0.634918112038349,-1.1099901739376037,-1.179024470547907,-0.6956788782496846,-0.7423290972289317,0.9048055324001227,-0.7257958293968509,1.4316811360790147,-0.005521280078902488,0.003043148748581378,-0.4814607612315388,0.286070666731554,-1.0161329645585022,0
-0.46546902347764374,0.9009088760241706,-1.179024470547907,-0.6420321741202841,-0.7423290972289317,0.9048055324001227,-0.5674373336626071,0.2744324511807092,0.6423502994571366,0.1177142948927768,-0.997471732522988,-0.4282424977117365,-1.0161329645585022,1
-0.9738162891597597,-1.1099901739376037,-0.502969299721533,0.47813690759961625,-0.5733475201700994,0.21058638994196582,0.8577891279455886,-0.8828162337175963,-1.0495008719737637,0.003043148748581378,-0.7394662468772634,-1.6386064707962011,0.9841231756854657,0
-0.2960199349169384,-1.1099901739376037,-1.179024470547907,0.5635104968028952,0.10257878806523006,-1.177851894974348,-0.7257958293968509,0.853056793629862,0.561785957960427,-1.143668312693375,-0.997471732522988,-2.710076217461137,0.9841231756854657,0
-1.143265377720465,0.9009088760241706,-1.179024470547907,-0.704127799859702,-0.911310674287764,-1.177851894974348,-1.042512820865339,-0.8828162337175963,-0.0860856215756121,-0.6849837281165926,-0.997471732522988,-1.0830295651180861,0.9841231756854657,0
-0.46546902347764374,0.9009088760241706,-0.502969299721533,0.45348500735057473,-0.06640278899360229,-1.177851894974348,-0.2903099661276801,1.4316811360790147,-1.173704231781191,-0.7996548742607882,-0.7394662468772634,0.38528082845978884,0.9841231756854657,0
-0.9738162891597597,-1.1099901739376037,-0.502969299721533,0.06177089218258879,-0.7423290972289317,0.9048055324001227,-0.14778731996686054,-0.8828162337175963,0.16232109803924238,-0.45564143582820127,-0.4814607612315388,-3.087074832028429,0.9841231756854657,0
-0.46546902347764374,0.9009088760241706,-1.179024470547907,0.08290109239605296,-0.911310674287764,0.9048055324001227,1.3328646151483206,0.853056793629862,1.8273174889712391,0.8057411717579506,-0.7394662468772634,-1.4203441149940845,0.9841231756854657,0
-0.634918112038349,-1.1099901739376037,0.8491410419312149,0.50035678181512,-0.7423290972289317,0.9048055324001227,0.38271364074285674,-1.461440576166749,-1.173704231781191,-0.34097028968400567,-0.4814607612315388,-3.9204401905456012,0.9841231756854657,0
-0.634918112038349,-1.1099901739376037,-0.502969299721533,0.1427699930008681,-0.7423290972289317,0.9048055324001227,2.7580910767565165,-0.8828162337175963,0.001192415045823164,1.8377814870557112,-0.997471732522988,0.782121475372728,-1.0161329645585022,1
-0.8043672005990544,0.9009088760241706,-0.502969299721533,-0.10899207860081032,-0.23538436605243465,0.9048055324001227,-0.7257958293968509,-1.461440576166749,-1.3751150855229646,-0.7996548742607882,-0.7394662468772634,0.5638591195706114,0.9841231756854657,0
-0.634918112038349,0.9009088760241706,0.8491410419312149,-0.06316260100778118,-0.7423290972289317,-1.177851894974348,-0.8841543251310949,-0.3041918912684436,-0.707102420612748,-1.0289971665491795,-0.4814607612315388,0.8614896047553159,0.9841231756854657,0
-0.634918112038349,-1.1099901739376037,0.8491410419312149,-0.48464534652134256,-0.911310674287764,-1.177851894974348,0.1451758971414908,0.2744324511807092,0.11868207972852446,0.8057411717579506,-0.997471732522988,0.7027533459901402,0.9841231756854657,0
-0.2960199349169384,-1.1099901739376037,-0.502969299721533,-0.5333016595689383,-0.23538436605243465,0.9048055324001227,-1.2008713165995828,0.2744324511807092,1.327147202179168,-1.143668312693375,-0.997471732522988,-1.9163949236352584,-1.0161329645585022,1
-0.2960199349169384,0.9009088760241706,-0.502969299721533,-0.5841057358669309,-0.404365943111267,0.9048055324001227,0.38271364074285674,1.4316811360790147,-0.03237606057780569,1.6084391947673204,-0.7394662468772634,0.2463866020402601,-1.0161329645585022,1
-0.8043672005990544,0.9009088760241706,1.5251962127575889,0.23566075358053643,-0.911310674287764,0.9048055324001227,1.1745061194140765,1.4316811360790147,-0.005521280078902488,0.4617277333253637,-0.997471732522988,-2.7696023144980777,0.9841231756854657,0
-0.634918112038349,0.9009088760241706,-1.179024470547907,-0.3575640900805756,-0.404365943111267,0.21058638994196582,0.06599664927436881,-0.3041918912684436,0.27645391515958084,0.3470565871811683,-0.7394662468772634,-0.09092794783573821,0.9841231756854657,0
-0.8043672005990544,0.9009088760241706,-0.502969299721533,-0.15654292526952526,-0.5733475201700994,-1.177851894974348,-1.121692068732461,1.4316811360790147,-0.21364582894540246,-1.143668312693375,-0.4814607612315388,0.9408577341379036,0.9841231756854657,0
-0.8043672005990544,-1.1099901739376037,1.5251962127575889,0.06241837963307611,-0.404365943111267,0.9048055324001227,-0.7574675285436998,-1.461440576166749,-0.0860856215756121,-0.9143260204049839,-0.997471732522988,-0.8846092416616166,0.9841231756854657,0
-0.2960199349169384,0.9009088760241706,-1.179024470547907,0.5578726182706032,-0.5733475201700994,-1.177851894974348,1.6495816066168083,-0.3041918912684436,1.327147202179168,0.3470565871811683,-0.4814607612315388,-0.38855843302044263,-1.0161329645585022,0
-0.634918112038349,0.9009088760241706,-0.502969299721533,0.48410642604557247,-0.911310674287764,-1.177851894974348,0.8577891279455886,-1.461440576166749,-1.0495008719737637,0.003043148748581378,-0.997471732522988,1.0003838311748445,-1.0161329645585022,0
-1.143265377720465,0.9009088760241706,0.8491410419312149,-0.6804550269748121,-0.911310674287764,0.9048055324001227,-1.2800505644667048,-0.8828162337175963,0.9780350556934264,-1.143668312693375,-0.7394662468772634,-0.2893482712922078,0.9841231756854657,0
-0.634918112038349,-1.1099901739376037,-1.179024470547907,0.5886677531108537,-0.5733475201700994,-1.177851894974348,-0.5040939353689095,-0.8828162337175963,1.6628319584154578,-1.0289971665491795,-0.7394662468772634,-0.38855843302044263,0.9841231756854657,0
-0.9738162891597597,-1.1099901739376037,-0.502969299721533,0.04234626866796927,-0.911310674287764,-1.177851894974348,1.0161476236798326,-0.8828162337175963,-1.0427871768490378,0.5763988794695595,-0.7394662468772634,-0.17029607721832604,0.9841231756854657,0
-0.634918112038349,0.9009088760241706,-1.179024470547907,0.08233256682977141,-0.7423290972289317,0.9048055324001227,2.4413740852880284,0.853056793629862,0.2865244578466693,1.7231103409115156,-0.997471732522988,-0.4877685947486774,-1.0161329645585022,1
-0.9738162891597597,-1.1099901739376037,-1.179024470547907,-0.3908860052154107,-0.911310674287764,0.21058638994196582,-0.765385453330412,-0.8828162337175963,-1.5496711587658354,-0.570312581972397,-0.4814607612315388,-0.09092794783573821,0.9841231756854657,0
-0.8043672005990544,0.9009088760241706,-1.179024470547907,-0.44701211250887235,-0.911310674287764,-1.177851894974348,-0.607026957596168,0.853056793629862,0.860545391010725,-0.34097028968400567,-0.997471732522988,0.8614896047553159,0.9841231756854657,0
-0.46546902347764374,0.9009088760241706,0.8491410419312149,0.17621824715043244,-0.7423290972289317,-1.177851894974348,0.8577891279455886,0.853056793629862,-0.34120603631519225,0.23238544103697253,-0.997471732522988,-2.531497926350314,0.9841231756854657,0
-0.46546902347764374,0.9009088760241706,0.8491410419312149,-0.2717641067025855,-0.23538436605243465,-1.177851894974348,0.6677589330644959,-0.8828162337175963,-0.21028898138303903,0.9204123179021463,-0.4814607612315388,0.028124246238143545,0.9841231756854657,0
-0.634918112038349,0.9009088760241706,0.8491410419312149,0.07860556589525905,-0.5733475201700994,-1.177851894974348,-0.10027977124658735,0.2744324511807092,0.2965950005337584,-0.34097028968400567,-0.997471732522988,-0.17029607721832604,0.9841231756854657,0
-0.46546902347764374,-1.1099901739376037,-1.179024470547907,-0.3216364327669501,-0.7423290972289317,-1.177851894974348,-0.6307807319563046,0.2744324511807092,-1.1804179269059165,-0.570312581972397,-0.7394662468772634,1.5956448015442533,-1.0161329645585022,0
-0.9738162891597597,-1.1099901739376037,1.5251962127575889,0.23567654595737758,-0.911310674287764,-1.177851894974348,-0.2903099661276801,-0.8828162337175963,-1.173704231781191,-0.6849837281165926,-0.4814607612315388,0.6035431842619053,-1.0161329645585022,0
-0.8043672005990544,-1.1099901739376037,-1.179024470547907,0.34574941254022157,-0.404365943111267,-1.177851894974348,2.12465709381954,-0.8828162337175963,0.3301634761573873,1.035083464046342,-0.997471732522988,1.4369085427790778,-1.0161329645585022,0
-0.8043672005990544,0.9009088760241706,-1.179024470547907,-0.7924229787785945,-0.5733475201700994,0.9048055324001227,-0.5674373336626071,0.853056793629862,0.001192415045823164,0.6910700256137552,-0.7394662468772634,-1.9560789883265524,-1.0161329645585022,0
-0.2960199349169384,0.9009088760241706,0.8491410419312149,0.1873360804466049,-0.06640278899360229,0.9048055324001227,0.8577891279455886,0.853056793629862,1.8407448792206904,0.23238544103697253,-0.997471732522988,0.3654387961141419,-1.0161329645585022,0
-0.46546902347764374,0.9009088760241706,0.8491410419312149,-0.6783704332317797,-0.404365943111267,0.9048055324001227,-0.6941241302500022,1.4316811360790147,2.0757242085860943,0.003043148748581378,-0.997471732522988,-0.7060309505507939,-1.0161329645585022,1
-0.9738162891597597,-1.1099901739376037,-1.179024470547907,0.6494210268187735,-0.911310674287764,-1.177851894974348,0.8577891279455886,0.853056793629862,0.954537122756886,-0.2262991435398101,-0.7394662468772634,-1.12271362980938,0.9841231756854657,0
-0.634918112038349,-1.1099901739376037,-0.502969299721533,-0.5134032647490842,-0.7423290972289317,0.9048055324001227,0.06599664927436881,-1.461440576166749,0.001192415045823164,0.8057411717579506,-0.7394662468772634,0.5043330225336705,0.9841231756854657,0
-0.8043672005990544,0.9009088760241706,1.5251962127575889,0.26901425346905383,-0.7423290972289317,-1.177851894974348,-1.042512820865339,0.853056793629862,-1.6839450612603513,-1.2583394588375707,-0.7394662468772634,-0.6465048535138531,-1.0161329645585022,0
-0.634918112038349,0.9009088760241706,1.5251962127575889,-0.583600379808014,-0.7423290972289317,0.9048055324001227,-1.2800505644667048,-0.8828162337175963,0.001192415045823164,-1.2583394588375707,-0.7394662468772634,-0.9242933063529105,0.9841231756854657,0
-0.8043672005990544,-1.1099901739376037,-1.179024470547907,-0.7827738365286494,-0.7423290972289317,0.9048055324001227,-0.6386986567430168,1.4316811360790147,0.5114332445249834,0.4617277333253637,-0.4814607612315388,-0.03140185079879733,-1.0161329645585022,0
-0.634918112038349,0.9009088760241706,0.8491410419312149,0.24665224786197967,-0.23538436605243465,0.9048055324001227,-0.2507203421941191,0.2744324511807092,0.16232109803924238,-0.6849837281165926,-0.4814607612315388,0.38528082845978884,0.9841231756854657,0
-0.9738162891597597,-1.1099901739376037,-0.502969299721533,0.39844857405915274,-0.911310674287764,0.9048055324001227,1.6495816066168083,-0.8828162337175963,0.954537122756886,0.5763988794695595,-0.4814607612315388,0.6432272489531993,-1.0161329645585022,0
-0.8043672005990544,0.9009088760241706,-0.502969299721533,-0.4986373924026051,-0.911310674287764,-1.177851894974348,-0.5674373336626071,0.2744324511807092,-1.0495008719737637,-0.2262991435398101,-0.997471732522988,-0.011559818453150373,0.9841231756854657,0
-0.634918112038349,0.9009088760241706,1.5251962127575889,-0.2484703508618832,-0.7423290972289317,-1.177851894974348,1.8079401023510524,-1.461440576166749,-0.11965409719924096,2.1817949254882985,-0.7394662468772634,1.4170665104334308,0.9841231756854657,0
-0.9738162891597597,0.9009088760241706,-1.179024470547907,-0.5261477128598955,-0.911310674287764,0.9048055324001227,1.4120438630154424,-0.8828162337175963,-1.1233515183457474,2.984492948497668,-0.997471732522988,-0.686188918205147,-1.0161329645585022,1
-0.2960199349169384,0.9009088760241706,0.8491410419312149,-0.030946152251826838,0.2715603651240624,0.9048055324001227,-1.359229812333827,-1.461440576166749,-0.0860856215756121,-1.487681751125962,-0.997471732522988,-0.5869787564769122,0.9841231756854657,0
-0.8043672005990544,-1.1099901739376037,0.8491410419312149,-0.729442979936072,-0.911310674287764,0.9048055324001227,-0.5991090328094558,0.853056793629862,0.6893461653302174,0.3470565871811683,-0.7394662468772634,1.0003838311748445,0.9841231756854657,0
-0.634918112038349,-1.1099901739376037,-1.179024470547907,-0.27046913180161086,-0.06640278899360229,0.9048055324001227,1.6495816066168083,-1.461440576166749,0.4040141225293712,2.0671237793441026,-0.4814607612315388,0.14717644031202531,-1.0161329645585022,1
-0.46546902347764374,0.9009088760241706,0.8491410419312149,-0.12342631103362516,-0.911310674287764,-1.177851894974348,-0.7257958293968509,-1.461440576166749,-1.6705176710108995,-0.7996548742607882,-0.7394662468772634,-1.658448503141848,-1.0161329645585022,1
-0.634918112038349,0.9009088760241706,0.8491410419312149,-0.8165221458381956,-0.5733475201700994,0.9048055324001227,-0.4090788379283631,1.4316811360790147,-0.12972463988633004,1.2644257563347332,-0.997471732522988,-2.194183376474316,-1.0161329645585022,1
-0.634918112038349,0.9009088760241706,-0.502969299721533,0.5349262947204063,-0.911310674287764,0.9048055324001227,0.0026532509806712224,-0.3041918912684436,0.665848232393677,-0.6849837281165926,-0.997471732522988,1.4369085427790778,0.9841231756854657,0
-0.46546902347764374,0.9009088760241706,0.8491410419312149,-0.3144666936810661,-0.5733475201700994,-1.177851894974348,-0.7257958293968509,0.2744324511807092,-0.37813135950118393,-0.6849837281165926,-0.997471732522988,-0.36871640067479566,-1.0161329645585022,1
-0.9738162891597597,0.9009088760241706,-0.502969299721533,-0.12900102005855255,-0.911310674287764,-1.177851894974348,-0.5040939353689095,-1.461440576166749,0.001192415045823164,-0.570312581972397,-0.4814607612315388,0.5440170872249644,-1.0161329645585022,0
-0.8043672005990544,-1.1099901739376037,0.8491410419312149,0.6525163326796396,-0.7423290972289317,-1.177851894974348,0.6994306322113446,-1.461440576166749,-1.623521805137819,-0.2262991435398101,-0.4814607612315388,0.4844909901880236,-1.0161329645585022,0
-1.143265377720465,0.9009088760241706,1.5251962127575889,-0.6485702181325219,-0.911310674287764,0.9048055324001227,0.8577891279455886,1.4316811360790147,0.5382880250238866,2.869821802353472,-0.997471732522988,-1.4203441149940845,-1.0161329645585022,1
-1.3127144662811705,0.9009088760241706,-1.179024470547907,-0.014537872713867745,-0.911310674287764,-1.177851894974348,-0.7574675285436998,1.4316811360790147,-0.34120603631519225,-0.9143260204049839,-0.4814607612315388,0.9011736694466097,-1.0161329645585022,0
-0.8043672005990544,-1.1099901739376037,0.8491410419312149,0.23316555803963407,-0.5733475201700994,-1.177851894974348,-0.7891392276905486,1.4316811360790147,-1.1233515183457474,-1.0289971665491795,-0.7394662468772634,0.8813316371009629,-1.0161329645585022,0
-0.8043672005990544,0.9009088760241706,-0.502969299721533,-0.11265591002795808,-0.5733475201700994,-1.177851894974348,0.06599664927436881,-0.8828162337175963,0.0851136041048956,0.003043148748581378,-0.7394662468772634,-2.789444346843725,0.9841231756854657,0
-1.143265377720465,0.9009088760241706,0.8491410419312149,-0.8382050792411002,-0.911310674287764,0.9048055324001227,-1.2008713165995828,0.2744324511807092,0.23617174441122635,-0.7996548742607882,-0.4814607612315388,0.801963507718375,-1.0161329645585022,1
-0.2960199349169384,-1.1099901739376037,0.8491410419312149,0.42330577520712925,-0.404365943111267,-1.177851894974348,-0.2507203421941191,0.2744324511807092,-1.3751150855229646,-0.7996548742607882,-0.7394662468772634,0.18686050500331922,-1.0161329645585022,0
-0.2960199349169384,0.9009088760241706,0.8491410419312149,-0.14882045299420094,-0.5733475201700994,0.9048055324001227,-0.963333572998217,0.853056793629862,-0.811164695045998,-1.0289971665491795,-0.7394662468772634,0.9011736694466097,-1.0161329645585022,0
-0.2960199349169384,-1.1099901739376037,-1.179024470547907,0.9680796067195806,-0.404365943111267,-1.177851894974348,-0.5674373336626071,-0.8828162337175963,-1.173704231781191,-1.143668312693375,-0.7394662468772634,1.0797519605574324,-1.0161329645585022,0
-0.8043672005990544,0.9009088760241706,-0.502969299721533,-0.3565375855859006,-0.5733475201700994,0.21058638994196582,-0.4090788379283631,-0.8828162337175963,-1.7510820125076092,-0.2262991435398101,-0.7394662468772634,1.0995939929030794,0.9841231756854657,0
-0.8043672005990544,0.9009088760241706,-0.502969299721533,-0.24180596783491617,-0.911310674287764,0.9048055324001227,-0.963333572998217,0.2744324511807092,0.4107278176540969,-1.0289971665491795,-0.4814607612315388,1.35754041339649,-1.0161329645585022,0
-0.9738162891597597,0.9009088760241706,-1.179024470547907,-0.493710170828165,-0.5733475201700994,0.9048055324001227,-0.8841543251310949,0.853056793629862,0.5651428055227898,-0.6849837281165926,-0.4814607612315388,0.32575473142284794,-1.0161329645585022,0
-0.634918112038349,0.9009088760241706,-0.502969299721533,-0.281144778546231,-0.911310674287764,0.9048055324001227,0.8577891279455886,0.2744324511807092,0.03811773823181484,1.1497546101905376,-0.997471732522988,0.9011736694466097,-1.0161329645585022,0
-0.9738162891597597,0.9009088760241706,-0.502969299721533,-1.004530392132135,-0.911310674287764,0.21058638994196582,-0.765385453330412,1.4316811360790147,0.001192415045823164,1.7231103409115156,-0.997471732522988,0.14717644031202531,-1.0161329645585022,1
-0.46546902347764374,-1.1099901739376037,0.8491410419312149,1.1250874172743344,-0.7423290972289317,0.9048055324001227,-0.4882580857954851,1.4316811360790147,1.2096575374964662,-1.143668312693375,-0.7394662468772634,-2.114815247091728,0.9841231756854657,0
-0.2960199349169384,-1.1099901739376037,0.8491410419312149,0.20008052855741626,-0.911310674287764,0.9048055324001227,0.06599664927436881,1.4316811360790147,-0.0995130118250634,-0.34097028968400567,-0.7394662468772634,0.6829113136444932,-1.0161329645585022,0
-0.2960199349169384,-1.1099901739376037,1.5251962127575889,1.1779129178079948,0.10257878806523006,-1.177851894974348,2.5997325810222724,0.853056793629862,1.0015329886299666,0.3470565871811683,-0.997471732522988,-1.3608180179571436,0.9841231756854657,0
-0.634918112038349,0.9009088760241706,0.8491410419312149,-0.48518228733394175,-0.911310674287764,0.9048055324001227,-0.7257958293968509,-0.8828162337175963,1.0418151593783211,-0.45564143582820127,-0.997471732522988,-0.9639773710442044,-1.0161329645585022,1
-0.8043672005990544,-1.1099901739376037,0.8491410419312149,-0.2750647134623867,-0.911310674287764,0.21058638994196582,-0.5674373336626071,1.4316811360790147,-1.8752853723150364,-0.45564143582820127,-0.997471732522988,0.08765034327508442,-1.0161329645585022,0
-0.46546902347764374,0.9009088760241706,-1.179024470547907,-0.4859403214223172,-0.7423290972289317,0.9048055324001227,-0.5793142208426754,1.4316811360790147,0.03476089066945202,-0.2262991435398101,-0.7394662468772634,-2.9084965409176062,0.9841231756854657,0
-0.2960199349169384,0.9009088760241706,-1.179024470547907,-0.01791744135787472,-0.23538436605243465,-1.177851894974348,-0.7257958293968509,-1.461440576166749,-1.173704231781191,-0.9143260204049839,-0.997471732522988,0.3654387961141419,0.9841231756854657,0
-0.9738162891597597,-1.1099901739376037,0.8491410419312149,-0.47738085317441165,-0.5733475201700994,0.9048055324001227,-1.2008713165995828,0.2744324511807092,-1.4724636648314886,-1.143668312693375,-0.997471732522988,-2.2933935382025505,0.9841231756854657,0
-0.9738162891597597,-1.1099901739376037,0.8491410419312149,-0.4896041528494649,-0.911310674287764,0.9048055324001227,0.06599664927436881,-0.8828162337175963,-1.2979075915886182,0.6910700256137552,-0.7394662468772634,-0.8449251769703227,0.9841231756854657,0
-0.46546902347764374,0.9009088760241706,-0.502969299721533,-0.12876413440593523,-0.23538436605243465,0.9048055324001227,1.6495816066168083,-0.3041918912684436,1.286865031430813,1.6084391947673204,-0.4814607612315388,1.0202258635204915,-1.0161329645585022,1
-0.634918112038349,0.9009088760241706,-0.502969299721533,0.12088175869902854,-0.5733475201700994,-1.177851894974348,-0.5674373336626071,-0.3041918912684436,-1.1804179269059165,-0.7996548742607882,-0.997471732522988,-1.8568688265983175,-1.0161329645585022,0
-0.2960199349169384,-1.1099901739376037,-0.502969299721533,-0.39232311150795574,-0.911310674287764,0.9048055324001227,-0.8841543251310949,0.2744324511807092,0.4040141225293712,-0.7996548742607882,-0.997471732522988,-0.5076106270943244,0.9841231756854657,0
-0.9738162891597597,-1.1099901739376037,-0.502969299721533,1.907678651637725,-0.7423290972289317,-1.177851894974348,2.19591841689995,0.853056793629862,0.11868207972852446,-0.2262991435398101,-0.997471732522988,-1.4401861473397315,0.9841231756854657,0
-0.46546902347764374,-1.1099901739376037,-1.179024470547907,0.2750153566686924,-0.06640278899360229,-1.177851894974348,0.38271364074285674,1.4316811360790147,-1.0495008719737637,-0.2262991435398101,-0.7394662468772634,1.317856348705196,-1.0161329645585022,0
-0.634918112038349,-1.1099901739376037,-0.502969299721533,0.14171190375251078,-0.5733475201700994,0.9048055324001227,-0.4882580857954851,0.853056793629862,0.001192415045823164,-0.7996548742607882,-0.997471732522988,0.12733440796637835,0.9841231756854657,0
-0.9738162891597597,0.9009088760241706,-0.502969299721533,-0.203967432923511,-0.911310674287764,0.21058638994196582,-1.3156812260069097,0.853056793629862,-1.3751150855229646,-1.3730106049817663,-0.4814607612315388,-0.26950623894656084,-1.0161329645585022,0
-0.46546902347764374,0.9009088760241706,-0.502969299721533,-0.6146324003008818,-0.23538436605243465,0.9048055324001227,-1.359229812333827,0.2744324511807092,-1.2475548781531747,-1.3730106049817663,-0.4814607612315388,0.5440170872249644,-1.0161329645585022,0
-1.143265377720465,-1.1099901739376037,-0.502969299721533,-0.46757378715605497,-0.7423290972289317,0.9048055324001227,-0.4090788379283631,1.4316811360790147,-1.7510820125076092,0.003043148748581378,-0.997471732522988,0.9606997664835506,-1.0161329645585022,0
-0.2960199349169384,0.9009088760241706,-1.179024470547907,0.3620155606866102,-0.7423290972289317,-1.177851894974348,-0.5674373336626071,-1.461440576166749,-0.37813135950118393,-0.9143260204049839,-0.997471732522988,-1.7179746001787888,0.9841231756854657,0
-0.8043672005990544,0.9009088760241706,-1.179024470547907,-0.10510715389788643,-0.7423290972289317,0.9048055324001227,-0.2507203421941191,-0.8828162337175963,-0.25392799969375696,-0.34097028968400567,-0.7394662468772634,0.22654456969461315,-1.0161329645585022,0
-0.46546902347764374,-1.1099901739376037,-0.502969299721533,2.5449010571782926,-0.06640278899360229,0.21058638994196582,2.2830155895537843,1.4316811360790147,0.3939435798422821,-0.45564143582820127,-0.997471732522988,-0.190138109563973,0.9841231756854657,0
-0.9738162891597597,0.9009088760241706,-0.502969299721533,-0.7736300503376211,-0.911310674287764,0.9048055324001227,-1.121692068732461,-0.8828162337175963,-1.173704231781191,-0.6849837281165926,-0.4814607612315388,-0.20998014190961997,0.9841231756854657,0
-0.2960199349169384,0.9009088760241706,-1.179024470547907,-0.1563218319937491,0.10257878806523006,-1.177851894974348,-0.963333572998217,-1.461440576166749,-1.8752853723150364,-1.0289971665491795,-0.4814607612315388,-1.4798702120310254,0.9841231756854657,0
-0.9738162891597597,0.9009088760241706,0.8491410419312149,-0.09834801660987247,-0.7423290972289317,0.9048055324001227,-0.4090788379283631,-0.8828162337175963,0.6154955189582334,-0.45564143582820127,-0.7394662468772634,-1.9362369559809054,0.9841231756854657,0
-0.634918112038349,-1.1099901739376037,1.5251962127575889,-0.07317496792507286,-0.404365943111267,0.9048055324001227,-1.2008713165995828,-0.3041918912684436,0.8336906105118219,-1.2583394588375707,-0.7394662468772634,0.7424374106814341,0.9841231756854657,0
-0.634918112038349,-1.1099901739376037,1.5251962127575889,0.12332957710940741,-0.911310674287764,0.9048055324001227,1.0161476236798326,-1.461440576166749,0.6893461653302174,0.4617277333253637,-0.4814607612315388,0.6829113136444932,-1.0161329645585022,0
-0.9738162891597597,0.9009088760241706,-1.179024470547907,-0.448717689207717,-0.911310674287764,-1.177851894974348,0.8181995040120276,1.4316811360790147,0.665848232393677,1.7231103409115156,-0.7394662468772634,-0.686188918205147,0.9841231756854657,0
-0.9738162891597597,0.9009088760241706,0.8491410419312149,0.644967576549568,-0.911310674287764,0.9048055324001227,0.06599664927436881,1.4316811360790147,-0.11965409719924096,-0.6849837281165926,-0.997471732522988,-0.051243883144444294,-1.0161329645585022,0
-0.9738162891597597,-1.1099901739376037,-1.179024470547907,0.17266496236117276,-0.911310674287764,0.9048055324001227,1.5862382083231108,-0.8828162337175963,0.4745079213389917,0.9204123179021463,-0.4814607612315388,0.7027533459901402,0.9841231756854657,0
-0.8043672005990544,0.9009088760241706,-1.179024470547907,0.1714489493444039,-0.7423290972289317,-1.177851894974348,-0.013182598592753173,-1.461440576166749,0.001192415045823164,-0.45564143582820127,-0.7394662468772634,0.22654456969461315,-1.0161329645585022,0
-0.46546902347764374,0.9009088760241706,0.8491410419312149,-0.5631018746681961,-0.23538436605243465,-1.177851894974348,0.6598410082777837,0.2744324511807092,0.7430557263280237,1.952452633199907,-0.7394662468772634,-3.0077067026458413,-1.0161329645585022,1
-0.634918112038349,-1.1099901739376037,-1.179024470547907,-0.566892045110073,-0.7423290972289317,0.9048055324001227,-0.6782882806765778,-0.8828162337175963,1.4345663241747801,-0.2262991435398101,-0.7394662468772634,0.5837011519162584,0.9841231756854657,0
-0.634918112038349,0.9009088760241706,-1.179024470547907,0.26642430366710457,-0.404365943111267,0.21058638994196582,0.38271364074285674,1.4316811360790147,-1.1804179269059165,-0.2262991435398101,-0.7394662468772634,0.286070666731554,-1.0161329645585022,0
-0.46546902347764374,0.9009088760241706,-0.502969299721533,-0.2990533338840997,-0.23538436605243465,-1.177851894974348,-0.5040939353689095,1.4316811360790147,-0.901799579229796,-0.45564143582820127,-0.4814607612315388,-0.4282424977117365,0.9841231756854657,0
-0.634918112038349,0.9009088760241706,0.8491410419312149,-0.4858613595381114,-0.404365943111267,0.9048055324001227,0.06599664927436881,0.2744324511807092,0.001192415045823164,0.6910700256137552,-0.997471732522988,-0.9242933063529105,0.9841231756854657,0
-0.634918112038349,0.9009088760241706,-1.179024470547907,-0.6794916919875016,-0.5733475201700994,0.9048055324001227,-0.7257958293968509,-0.8828162337175963,0.5651428055227898,0.003043148748581378,-0.997471732522988,-0.07108591549009124,-1.0161329645585022,1
-0.8043672005990544,0.9009088760241706,-1.179024470547907,-0.9399079860981325,-0.911310674287764,0.9048055324001227,-1.042512820865339,-0.8828162337175963,1.7736079279734327,0.1177142948927768,-0.997471732522988,0.26622863438590705,-1.0161329645585022,1
-0.8043672005990544,0.9009088760241706,0.8491410419312149,-0.34633571014651504,-0.404365943111267,0.9048055324001227,-0.963333572998217,-0.8828162337175963,0.5651428055227898,-0.9143260204049839,-0.997471732522988,0.821805540064022,0.9841231756854657,0
-0.2960199349169384,-1.1099901739376037,-0.502969299721533,0.2776684759780063,0.10257878806523006,0.9048055324001227,-0.4090788379283631,0.2744324511807092,-0.11965409719924096,-0.7996548742607882,-0.997471732522988,-1.5790803737592602,0.9841231756854657,0
-0.8043672005990544,-1.1099901739376037,-0.502969299721533,0.19875396890275931,-0.911310674287764,-1.177851894974348,-0.09236184645987515,-1.461440576166749,0.001192415045823164,-0.45564143582820127,-0.7394662468772634,0.028124246238143545,-1.0161329645585022,1
-0.8043672005990544,-1.1099901739376037,1.5251962127575889,0.6512845272860296,-0.7423290972289317,0.9048055324001227,0.38271364074285674,-0.8828162337175963,0.860545391010725,-0.45564143582820127,-0.997471732522988,0.8813316371009629,-1.0161329645585022,0
-1.143265377720465,-1.1099901739376037,0.8491410419312149,-0.9077862916032251,-0.911310674287764,0.9048055324001227,-1.2800505644667048,-1.461440576166749,0.6255660616453219,-0.7996548742607882,-0.4814607612315388,0.18686050500331922,0.9841231756854657,0
-0.8043672005990544,0.9009088760241706,0.8491410419312149,-0.6273926407885343,-0.5733475201700994,0.9048055324001227,-0.7574675285436998,1.4316811360790147,0.3301634761573873,-0.2262991435398101,-0.7394662468772634,0.32575473142284794,-1.0161329645585022,0
-0.2960199349169384,0.9009088760241706,1.5251962127575889,-0.037042009712512314,-0.5733475201700994,0.9048055324001227,-0.3298995900612411,-0.8828162337175963,-0.39491559731299863,-0.45564143582820127,-0.4814607612315388,0.008282213892496587,-1.0161329645585022,0
-0.634918112038349,0.9009088760241706,-0.502969299721533,-0.605535991240377,-0.911310674287764,0.9048055324001227,-0.8128930020506852,0.853056793629862,0.16232109803924238,-0.34097028968400567,-0.4814607612315388,-2.134657279437375,0.9841231756854657,0
-0.634918112038349,0.9009088760241706,0.8491410419312149,-0.35517944117756134,-0.7423290972289317,-1.177851894974348,-0.17154109432699713,-0.8828162337175963,0.001192415045823164,0.1177142948927768,-0.4814607612315388,-0.2893482712922078,0.9841231756854657,0
-0.634918112038349,-1.1099901739376037,-0.502969299721533,0.8391348498115575,-0.911310674287764,-1.177851894974348,0.38271364074285674,-1.461440576166749,-0.6936750303632967,-0.570312581972397,-0.997471732522988,0.14717644031202531,-1.0161329645585022,0
-0.8043672005990544,0.9009088760241706,-1.179024470547907,-0.5622175015650914,-0.911310674287764,0.9048055324001227,-0.2507203421941191,1.4316811360790147,0.001192415045823164,0.4617277333253637,-0.997471732522988,0.5837011519162584,0.9841231756854657,0
-0.634918112038349,0.9009088760241706,-0.502969299721533,1.3330730202723338,0.10257878806523006,-1.177851894974348,2.4413740852880284,-1.461440576166749,2.7269526356844955,0.1177142948927768,-0.7394662468772634,-0.09092794783573821,-1.0161329645585022,1
-0.8043672005990544,0.9009088760241706,-0.502969299721533,0.4949084118049219,-0.911310674287764,0.9048055324001227,-0.4882580857954851,-0.8828162337175963,-1.0092187012254088,-0.9143260204049839,-0.7394662468772634,-0.5869787564769122,-1.0161329645585022,0
-0.9738162891597597,0.9009088760241706,-1.179024470547907,0.20947699277790294,-0.911310674287764,-1.177851894974348,0.4460570390365543,1.4316811360790147,-1.173704231781191,-0.11162799739561437,-0.997471732522988,-0.9044512740072636,0.9841231756854657,0
-0.2960199349169384,0.9009088760241706,-0.502969299721533,-0.6981109042832223,-0.7423290972289317,0.9048055324001227,0.8577891279455886,0.2744324511807092,-0.33784918875282943,3.213835240786059,-0.7394662468772634,-0.46792656240303043,-1.0161329645585022,1
-0.9738162891597597,-1.1099901739376037,-0.502969299721533,-0.5676184944447661,-0.911310674287764,0.21058638994196582,-0.7257958293968509,-1.461440576166749,1.2096575374964662,-0.34097028968400567,-0.4814607612315388,1.0003838311748445,-1.0161329645585022,0
-0.46546902347764374,0.9009088760241706,-1.179024470547907,0.17538125117785128,-0.7423290972289317,0.9048055324001227,1.6495816066168083,-1.461440576166749,-0.21028898138303903,0.9204123179021463,-0.997471732522988,-0.17029607721832604,-1.0161329645585022,0
-0.634918112038349,0.9009088760241706,-0.502969299721533,0.5730648847917934,-0.06640278899360229,-1.177851894974348,-0.5674373336626071,0.853056793629862,0.9780350556934264,-1.0289971665491795,-0.7394662468772634,0.5241750548793175,0.9841231756854657,0
-0.634918112038349,0.9009088760241706,0.8491410419312149,-0.29938497379776396,-0.5733475201700994,-1.177851894974348,0.22435514500861276,-0.3041918912684436,1.9750187817152072,0.4617277333253637,-0.997471732522988,0.286070666731554,0.9841231756854657,0
-0.8043672005990544,0.9009088760241706,0.8491410419312149,0.7643579454686928,-0.911310674287764,-1.177851894974348,-0.16362316954028494,-0.8828162337175963,-0.37813135950118393,-0.7996548742607882,-0.997471732522988,-0.40840046536608954,0.9841231756854657,0
-0.9738162891597597,-1.1099901739376037,-0.502969299721533,-0.41170035789205184,-0.5733475201700994,0.9048055324001227,-0.9474977234247925,-0.3041918912684436,0.8135495251376443,-0.7996548742607882,-0.7394662468772634,0.5837011519162584,-1.0161329645585022,1
-0.2960199349169384,-1.1099901739376037,-0.502969299721533,0.5733807323286165,-0.5733475201700994,-1.177851894974348,2.2830155895537843,0.2744324511807092,1.4345663241747801,0.8057411717579506,-0.997471732522988,0.7424374106814341,-1.0161329645585022,1
-0.2960199349169384,0.9009088760241706,-1.179024470547907,-0.6027249481626517,-0.06640278899360229,0.9048055324001227,0.19268344586176397,0.2744324511807092,0.03811773823181484,1.379096902478929,-0.7394662468772634,1.1194360252487263,-1.0161329645585022,1
-0.9738162891597597,0.9009088760241706,-0.502969299721533,-0.44846501117825854,-0.911310674287764,-1.177851894974348,-1.042512820865339,0.853056793629862,-1.6705176710108995,-0.9143260204049839,-0.7394662468772634,-0.011559818453150373,0.9841231756854657,0
-0.46546902347764374,0.9009088760241706,-0.502969299721533,-0.31284007886642723,-0.5733475201700994,0.21058638994196582,-1.042512820865339,0.853056793629862,0.001192415045823164,-1.0289971665491795,-0.4814607612315388,1.8932752867289577,-1.0161329645585022,0
-0.8043672005990544,-1.1099901739376037,1.5251962127575889,1.331146350297713,-0.7423290972289317,-1.177851894974348,-0.2507203421941191,-0.8828162337175963,-0.901799579229796,-1.0289971665491795,-0.997471732522988,-1.2417658238832618,0.9841231756854657,0
-0.9738162891597597,-1.1099901739376037,0.8491410419312149,-0.6817342094989455,-0.911310674287764,-1.177851894974348,0.5806617604106616,-1.461440576166749,-0.005521280078902488,2.525808363920885,-0.4814607612315388,0.12733440796637835,-1.0161329645585022,0
-0.8043672005990544,-1.1099901739376037,-0.502969299721533,-0.573351127238105,-0.911310674287764,0.9048055324001227,0.0026532509806712224,-1.461440576166749,0.2965950005337584,0.9204123179021463,-0.997471732522988,-0.9441353386985575,0.9841231756854657,0
-0.8043672005990544,-1.1099901739376037,-0.502969299721533,1.1245978535922587,-0.7423290972289317,-0.4836327525161911,-0.3298995900612411,-0.8828162337175963,-1.0092187012254088,-1.0289971665491795,-0.997471732522988,-0.8052411122790287,0.9841231756854657,0
-0.8043672005990544,0.9009088760241706,0.8491410419312149,-0.23812634403092728,-0.5733475201700994,0.9048055324001227,1.2536853672811985,0.2744324511807092,-1.4993184453303918,1.4937680486231246,-0.4814607612315388,0.06780831092943747,-1.0161329645585022,1
-0.8043672005990544,0.9009088760241706,-1.179024470547907,-0.975109194077065,-0.911310674287764,0.9048055324001227,-0.8841543251310949,-1.461440576166749,-0.08944246913797492,0.9204123179021463,-0.7394662468772634,-0.8250831446246757,-1.0161329645585022,1
-0.46546902347764374,-1.1099901739376037,-0.502969299721533,0.26636113415973994,-0.911310674287764,-1.177851894974348,0.8577891279455886,-0.3041918912684436,0.5382880250238866,0.1177142948927768,-0.997471732522988,1.6750129309268411,0.9841231756854657,0
-0.9738162891597597,0.9009088760241706,0.8491410419312149,-0.6500547015555904,-0.7423290972289317,0.9048055324001227,-1.0583486704387632,-1.461440576166749,0.001192415045823164,-0.7996548742607882,-0.7394662468772634,0.0479662785837905,-1.0161329645585022,1
-0.9738162891597597,0.9009088760241706,-0.502969299721533,-0.5869957408288622,-0.7423290972289317,0.9048055324001227,-1.042512820865339,-1.461440576166749,0.001192415045823164,-0.7996548742607882,-0.997471732522988,-0.7258729828964409,0.9841231756854657,0
-0.2960199349169384,-1.1099901739376037,-0.502969299721533,0.2736730046371943,-0.5733475201700994,0.21058638994196582,-0.4090788379283631,0.853056793629862,0.7430557263280237,-0.7996548742607882,-0.997471732522988,-0.7060309505507939,-1.0161329645585022,0
-0.9738162891597597,-1.1099901739376037,-0.502969299721533,-0.775556720312242,-0.7423290972289317,-1.177851894974348,-1.2325430157464317,1.4316811360790147,-0.8447331706696268,-0.9143260204049839,-0.997471732522988,-0.9242933063529105,0.9841231756854657,0
-0.8043672005990544,0.9009088760241706,-1.179024470547907,0.19595871820187505,-0.911310674287764,-1.177851894974348,-1.042512820865339,-0.8828162337175963,0.007906110170548816,-1.2583394588375707,-0.4814607612315388,-2.03544711770914,0.9841231756854657,0
-0.2960199349169384,0.9009088760241706,-1.179024470547907,-0.013574537726557345,0.2715603651240624,-1.177851894974348,-0.8841543251310949,0.853056793629862,-1.8752853723150364,-1.0289971665491795,-0.997471732522988,1.1392780575943733,-1.0161329645585022,0
-1.143265377720465,-1.1099901739376037,0.8491410419312149,-0.8400685797083564,-0.911310674287764,0.21058638994196582,-0.38928402596158257,1.4316811360790147,-1.3482603050240614,1.4937680486231246,-0.7394662468772634,0.5043330225336705,0.9841231756854657,0
-0.8043672005990544,0.9009088760241706,0.8491410419312149,-0.4078943950733337,-0.404365943111267,-1.177851894974348,-1.01084112171849,-0.8828162337175963,-1.173704231781191,-0.9143260204049839,-0.997471732522988,-1.182239726846321,-1.0161329645585022,0
-0.46546902347764374,0.9009088760241706,1.5251962127575889,-0.10938688802183918,-0.06640278899360229,0.9048055324001227,0.034324950127520015,-0.8828162337175963,0.001192415045823164,-0.11162799739561437,-0.997471732522988,0.6829113136444932,0.9841231756854657,0
-0.46546902347764374,-1.1099901739376037,0.8491410419312149,-0.33558110151768916,-0.911310674287764,0.9048055324001227,-1.2008713165995828,-1.461440576166749,-0.08944246913797492,-1.2583394588375707,-0.7394662468772634,-0.2893482712922078,0.9841231756854657,0
-0.8043672005990544,-1.1099901739376037,-0.502969299721533,-0.01235852470978848,-0.7423290972289317,-1.177851894974348,-0.2507203421941191,-0.8828162337175963,-1.2979075915886182,-0.45564143582820127,-0.4814607612315388,0.9011736694466097,0.9841231756854657,0
-0.9738162891597597,-1.1099901739376037,-0.502969299721533,-0.3346651436609022,-0.911310674287764,-1.177851894974348,0.06599664927436881,0.853056793629862,0.8336906105118219,0.3470565871811683,-0.997471732522988,0.7225953783357871,0.9841231756854657,0
-0.9738162891597597,-1.1099901739376037,-1.179024470547907,-0.10862885393346378,-0.911310674287764,0.9048055324001227,0.8577891279455886,-0.8828162337175963,0.23617174441122635,0.8057411717579506,-0.7394662468772634,0.8416475724096689,-1.0161329645585022,0
-0.8043672005990544,0.9009088760241706,-0.502969299721533,-0.6824290740799563,-0.7423290972289317,0.9048055324001227,1.6099919826832474,1.4316811360790147,0.04483143335654109,4.589888994516407,-0.4814607612315388,0.5440170872249644,-1.0161329645585022,1
-0.2960199349169384,-1.1099901739376037,-1.179024470547907,0.9500131276133003,-0.06640278899360229,-1.177851894974348,0.05411976209430051,1.4316811360790147,-1.2475548781531747,-0.7996548742607882,-0.4814607612315388,0.6035431842619053,0.9841231756854657,0
-1.143265377720465,-1.1099901739376037,0.8491410419312149,-1.016422051893524,-0.7423290972289317,0.9048055324001227,-1.042512820865339,0.853056793629862,-0.707102420612748,0.5763988794695595,-0.7394662468772634,0.46464895784237664,-1.0161329645585022,1
-0.8043672005990544,0.9009088760241706,1.5251962127575889,-0.5258634500767547,-0.5733475201700994,0.9048055324001227,-0.7257958293968509,-0.8828162337175963,-1.3751150855229646,-0.34097028968400567,-0.4814607612315388,-0.30919030363785477,-1.0161329645585022,0
-0.8043672005990544,0.9009088760241706,0.8491410419312149,1.2376396870212396,-0.7423290972289317,-1.177851894974348,-0.5674373336626071,0.2744324511807092,-1.173704231781191,-1.143668312693375,-0.4814607612315388,0.06780831092943747,0.9841231756854657,0
-0.8043672005990544,0.9009088760241706,1.5251962127575889,-0.8823921496426493,-0.404365943111267,-1.177851894974348,-1.042512820865339,-1.461440576166749,0.001192415045823164,-0.2262991435398101,-0.7394662468772634,0.5043330225336705,-1.0161329645585022,1
-0.9738162891597597,0.9009088760241706,0.8491410419312149,-0.11458258000257887,-0.404365943111267,-1.177851894974348,-0.6941241302500022,0.853056793629862,-1.6839450612603513,-0.7996548742607882,-0.4814607612315388,0.5241750548793175,0.9841231756854657,0
-0.8043672005990544,-1.1099901739376037,-1.179024470547907,0.36335791271810836,-0.5733475201700994,-1.177851894974348,-0.7257958293968509,-0.8828162337175963,1.1223795008750308,-1.0289971665491795,-0.7394662468772634,0.10749237562073138,0.9841231756854657,0
-0.46546902347764374,0.9009088760241706,1.5251962127575889,-0.8656838149447083,-0.06640278899360229,-1.177851894974348,-0.8841543251310949,1.4316811360790147,-1.7510820125076092,0.23238544103697253,-0.4814607612315388,1.4765926074703717,-1.0161329645585022,0
-0.2960199349169384,-1.1099901739376037,-0.502969299721533,-0.3964133371098147,-0.7423290972289317,0.9048055324001227,-1.2008713165995828,0.2744324511807092,0.16232109803924238,-1.143668312693375,-0.7394662468772634,0.0479662785837905,-1.0161329645585022,0
-0.9738162891597597,0.9009088760241706,0.8491410419312149,-0.2615464388863588,-0.911310674287764,0.9048055324001227,0.06599664927436881,1.4316811360790147,0.23617174441122635,0.23238544103697253,-0.997471732522988,0.10749237562073138,0.9841231756854657,0
-0.634918112038349,-1.1099901739376037,-1.179024470547907,-0.2610252904506007,-0.911310674287764,0.9048055324001227,-1.042512820865339,0.2744324511807092,-0.11965409719924096,-1.0289971665491795,-0.7394662468772634,-0.4877685947486774,0.9841231756854657,0
-0.9738162891597597,0.9009088760241706,0.8491410419312149,-0.10215397942859061,-0.911310674287764,-1.177851894974348,1.2536853672811985,-1.461440576166749,-1.0495008719737637,1.1497546101905376,-0.997471732522988,-1.162397694500674,0.9841231756854657,0
-0.8043672005990544,0.9009088760241706,-1.179024470547907,-0.16923999624981315,-0.911310674287764,-1.177851894974348,0.38271364074285674,1.4316811360790147,-1.8752853723150364,0.3470565871811683,-0.997471732522988,-1.182239726846321,-1.0161329645585022,0
-0.634918112038349,0.9009088760241706,-0.502969299721533,-0.34049253071528807,-0.404365943111267,0.21058638994196582,-0.8208109268373974,1.4316811360790147,-1.6839450612603513,-0.6849837281165926,-0.4814607612315388,-0.8052411122790287,0.9841231756854657,0
-0.9738162891597597,0.9009088760241706,1.5251962127575889,-0.5983030826471285,-0.7423290972289317,0.9048055324001227,-0.9158260242779438,0.2744324511807092,2.431550050196561,-0.570312581972397,-0.7394662468772634,-1.12271362980938,-1.0161329645585022,1
-0.8043672005990544,-1.1099901739376037,0.8491410419312149,-0.5434245731241181,-0.911310674287764,-1.177851894974348,-1.01084112171849,-0.8828162337175963,0.561785957960427,-0.7996548742607882,-0.4814607612315388,0.305912699077201,-1.0161329645585022,0
-0.9738162891597597,-1.1099901739376037,-0.502969299721533,-0.07072714951469398,-0.911310674287764,-1.177851894974348,-0.3298995900612411,0.853056793629862,0.9612508178816116,-0.45564143582820127,-0.7394662468772634,0.26622863438590705,0.9841231756854657,0
-0.634918112038349,0.9009088760241706,0.8491410419312149,0.6987090349400153,-0.5733475201700994,-1.177851894974348,1.8079401023510524,-1.461440576166749,0.8336906105118219,0.3470565871811683,-0.7394662468772634,-1.4798702120310254,0.9841231756854657,0
-0.634918112038349,0.9009088760241706,1.5251962127575889,-0.3957974344130097,-0.5733475201700994,-1.177851894974348,-0.5674373336626071,1.4316811360790147,-1.173704231781191,-0.34097028968400567,-0.7394662468772634,1.298014316359549,-1.0161329645585022,0
-0.634918112038349,-1.1099901739376037,0.8491410419312149,1.0307753427789623,-0.7423290972289317,0.9048055324001227,0.06599664927436881,-0.3041918912684436,0.8739727812601764,-0.7996548742607882,-0.997471732522988,-0.3488743683291487,0.9841231756854657,0
-0.46546902347764374,-1.1099901739376037,-1.179024470547907,-0.48601928330652294,-0.23538436605243465,0.9048055324001227,-0.5674373336626071,0.853056793629862,-1.0495008719737637,-0.2262991435398101,-0.997471732522988,0.08765034327508442,-1.0161329645585022,0
-0.8043672005990544,0.9009088760241706,0.8491410419312149,0.901814793494098,-0.7423290972289317,-1.177851894974348,0.38271364074285674,-0.8828162337175963,-1.1233515183457474,-0.570312581972397,-0.7394662468772634,-0.051243883144444294,-1.0161329645585022,0
-0.634918112038349,0.9009088760241706,0.8491410419312149,-0.5153141423468638,-0.911310674287764,0.9048055324001227,-0.8524826259842462,0.2744324511807092,-1.4254677989584081,-0.570312581972397,-0.4814607612315388,-0.4877685947486774,-1.0161329645585022,0
-0.634918112038349,-1.1099901739376037,0.8491410419312149,-0.8713690706075238,-0.911310674287764,0.21058638994196582,-1.042512820865339,0.853056793629862,-0.6936750303632967,-0.2262991435398101,-0.7394662468772634,-0.38855843302044263,0.9841231756854657,0
-0.9738162891597597,0.9009088760241706,-0.502969299721533,-0.10322786105378909,-0.911310674287764,0.9048055324001227,-0.4090788379283631,-0.8828162337175963,-1.3751150855229646,-0.45564143582820127,-0.4814607612315388,-2.3727616675851384,0.9841231756854657,0
-0.8043672005990544,0.9009088760241706,-1.179024470547907,-0.7953919456247315,-0.7423290972289317,0.9048055324001227,-1.0741845200121878,0.853056793629862,0.001192415045823164,-0.570312581972397,-0.4814607612315388,-0.07108591549009124,0.9841231756854657,0
-0.8043672005990544,-1.1099901739376037,0.8491410419312149,-0.3345703893998553,-0.911310674287764,0.21058638994196582,-0.5674373336626071,1.4316811360790147,0.6255660616453219,-0.45564143582820127,-0.7394662468772634,-1.5393963090679663,0.9841231756854657,0
-0.8043672005990544,0.9009088760241706,1.5251962127575889,-0.08677220438530653,-0.06640278899360229,0.9048055324001227,-1.121692068732461,-0.8828162337175963,-1.1804179269059165,-1.2583394588375707,-0.7394662468772634,0.4844909901880236,-1.0161329645585022,0
-1.143265377720465,0.9009088760241706,0.8491410419312149,-0.18883833590968538,-0.911310674287764,0.9048055324001227,0.8577891279455886,-0.3041918912684436,1.676259348664909,0.9204123179021463,-0.4814607612315388,-1.2616078562289088,-1.0161329645585022,1
-0.634918112038349,0.9009088760241706,-1.179024470547907,-0.3624913116550157,-0.911310674287764,0.9048055324001227,-0.7257958293968509,0.2744324511807092,0.3939435798422821,-0.570312581972397,-0.997471732522988,-0.5869787564769122,-1.0161329645585022,0
-0.8043672005990544,-1.1099901739376037,0.8491410419312149,-0.49574738744067387,-0.7423290972289317,0.21058638994196582,0.6994306322113446,0.853056793629862,-1.2475548781531747,1.7231103409115156,-0.7394662468772634,-0.15045404487267908,0.9841231756854657,0
-0.8043672005990544,-1.1099901739376037,-0.502969299721533,0.9381214678519113,-0.7423290972289317,0.9048055324001227,-0.3298995900612411,-0.8828162337175963,0.09182729922962125,-1.0289971665491795,-0.4814607612315388,-0.20998014190961997,0.9841231756854657,0
-0.2960199349169384,0.9009088760241706,0.8491410419312149,-0.33228049475788796,-0.06640278899360229,-1.177851894974348,0.06599664927436881,0.853056793629862,-1.7510820125076092,0.3470565871811683,-0.4814607612315388,-1.9957630530178463,-1.0161329645585022,0
-0.8043672005990544,0.9009088760241706,1.5251962127575889,-0.12402642135358902,-0.5733475201700994,0.9048055324001227,1.6495816066168083,-0.8828162337175963,0.4308689030282738,1.6084391947673204,-0.997471732522988,0.9805417988291976,-1.0161329645585022,1
-0.46546902347764374,-1.1099901739376037,0.8491410419312149,-0.29627387556005663,-0.404365943111267,-1.177851894974348,1.3328646151483206,-1.461440576166749,-1.0495008719737637,1.7231103409115156,-0.4814607612315388,-0.6465048535138531,0.9841231756854657,0
-0.634918112038349,-1.1099901739376037,-1.179024470547907,0.11742322817081578,-0.5733475201700994,-1.177851894974348,-0.2507203421941191,-0.3041918912684436,0.4040141225293712,-0.570312581972397,-0.7394662468772634,1.337698381050843,0.9841231756854657,0
-0.2960199349169384,0.9009088760241706,1.5251962127575889,-0.34104526390472845,-0.06640278899360229,0.9048055324001227,-0.09236184645987515,0.2744324511807092,-0.6936750303632967,0.1177142948927768,-0.7394662468772634,1.3972244780877838,0.9841231756854657,0
-0.9738162891597597,-1.1099901739376037,-1.179024470547907,-0.25567167470144947,-0.911310674287764,-1.177851894974348,-0.2507203421941191,1.4316811360790147,1.417782086362966,-0.11162799739561437,-0.4814607612315388,-1.5393963090679663,0.9841231756854657,0
-0.46546902347764374,0.9009088760241706,-1.179024470547907,0.19382674732831925,-0.5733475201700994,-1.177851894974348,1.6495816066168083,-0.8828162337175963,-1.4993184453303918,0.9204123179021463,-0.997471732522988,0.40512286080543575,-1.0161329645585022,0
-0.8043672005990544,0.9009088760241706,1.5251962127575889,-0.48851447884742527,-0.911310674287764,0.9048055324001227,0.38271364074285674,0.2744324511807092,-0.46205254856025635,1.2644257563347332,-0.7394662468772634,-0.5076106270943244,0.9841231756854657,0
-0.8043672005990544,0.9009088760241706,0.8491410419312149,0.04510993461517123,-0.911310674287764,-1.177851894974348,-1.359229812333827,-0.8828162337175963,-1.0092187012254088,-1.487681751125962,-0.4814607612315388,0.26622863438590705,0.9841231756854657,0
-0.46546902347764374,-1.1099901739376037,-0.502969299721533,0.32098696565329193,-0.7423290972289317,0.9048055324001227,-0.804975077263973,-1.461440576166749,-1.2039158598424569,-1.143668312693375,-0.4814607612315388,-0.09092794783573821,0.9841231756854657,0
-0.2960199349169384,-1.1099901739376037,-1.179024470547907,0.15998368375772604,-0.23538436605243465,-1.177851894974348,0.06599664927436881,-1.461440576166749,-1.4724636648314886,-0.34097028968400567,-0.997471732522988,-1.202081759191968,0.9841231756854657,0
-0.46546902347764374,0.9009088760241706,-0.502969299721533,-0.5229260679843001,-0.06640278899360229,0.9048055324001227,-0.7574675285436998,-0.8828162337175963,0.23617174441122635,-0.45564143582820127,-0.7394662468772634,1.0995939929030794,-1.0161329645585022,0
-0.46546902347764374,0.9009088760241706,0.8491410419312149,-0.6472910356083884,-0.23538436605243465,0.9048055324001227,0.834035353585452,-1.461440576166749,-0.707102420612748,2.7551506562092767,-0.7394662468772634,0.9408577341379036,-1.0161329645585022,1
-0.46546902347764374,0.9009088760241706,1.5251962127575889,0.41547275629391683,-0.404365943111267,-1.177851894974348,0.22435514500861276,0.853056793629862,0.04483143335654109,-0.45564143582820127,-0.997471732522988,-0.2893482712922078,0.9841231756854657,0
-0.634918112038349,-1.1099901739376037,-0.502969299721533,-0.44777014659724773,-0.911310674287764,0.21058638994196582,-0.2507203421941191,-0.3041918912684436,-1.4724636648314886,0.23238544103697253,-0.997471732522988,-0.17029607721832604,0.9841231756854657,0
-0.46546902347764374,-1.1099901739376037,0.8491410419312149,-0.10523349291261565,-0.5733475201700994,-1.177851894974348,-1.042512820865339,-1.461440576166749,-1.6839450612603513,-1.143668312693375,-0.4814607612315388,-0.22982217425526694,-1.0161329645585022,0
-0.8043672005990544,-1.1099901739376037,1.5251962127575889,1.7370578122458964,-0.7423290972289317,0.9048055324001227,0.06599664927436881,-0.8828162337175963,0.5651428055227898,-1.0289971665491795,-0.997471732522988,0.08765034327508442,-1.0161329645585022,0
-0.9738162891597597,0.9009088760241706,-1.179024470547907,-0.5432666493557065,-0.911310674287764,0.9048055324001227,-0.4090788379283631,-0.3041918912684436,-1.0427871768490378,0.1177142948927768,-0.997471732522988,-0.9639773710442044,-1.0161329645585022,1
-0.634918112038349,0.9009088760241706,-1.179024470547907,0.17356512784111855,-0.911310674287764,0.9048055324001227,0.8577891279455886,-0.3041918912684436,0.23617174441122635,0.3470565871811683,-0.4814607612315388,-1.6187644384505542,0.9841231756854657,0
-0.8043672005990544,-1.1099901739376037,1.5251962127575889,0.05431689031356406,-0.404365943111267,-1.177851894974348,-0.8524826259842462,1.4316811360790147,0.2193875065994116,-1.0289971665491795,-0.7394662468772634,0.5241750548793175,0.9841231756854657,0
-0.46546902347764374,0.9009088760241706,0.8491410419312149,-0.6945734118708038,-0.404365943111267,0.9048055324001227,-1.359229812333827,0.2744324511807092,0.3301634761573873,-1.2583394588375707,-0.997471732522988,-0.2893482712922078,-1.0161329645585022,1
-0.634918112038349,0.9009088760241706,-0.502969299721533,-0.5841689053742956,-0.23538436605243465,0.9048055324001227,0.38271364074285674,-1.461440576166749,-1.4993184453303918,1.6084391947673204,-0.997471732522988,0.5043330225336705,-1.0161329645585022,1
-0.8043672005990544,0.9009088760241706,-0.502969299721533,-0.45293425382430513,-0.911310674287764,0.9048055324001227,-0.7257958293968509,1.4316811360790147,0.001192415045823164,-0.45564143582820127,-0.7394662468772634,-1.102871597463733,-1.0161329645585022,1
-0.8043672005990544,-1.1099901739376037,-0.502969299721533,-0.9397816470834033,-0.911310674287764,-1.177851894974348,-1.1573227302726659,0.2744324511807092,0.6893461653302174,-0.34097028968400567,-0.7394662468772634,-0.15045404487267908,0.9841231756854657,0
-0.634918112038349,-1.1099901739376037,-1.179024470547907,-0.012927050276070029,-0.911310674287764,0.9048055324001227,0.38271364074285674,0.2744324511807092,-0.707102420612748,0.1177142948927768,-0.7394662468772634,-1.5592383414136133,0.9841231756854657,0
-1.143265377720465,-1.1099901739376037,-0.502969299721533,0.09444531986693659,-0.911310674287764,-1.177851894974348,0.06599664927436881,0.2744324511807092,1.4345663241747801,-0.2262991435398101,-0.7394662468772634,0.6630692812988462,-1.0161329645585022,1
-0.2960199349169384,-1.1099901739376037,0.8491410419312149,-0.597845103718735,-0.23538436605243465,0.9048055324001227,-0.646616581529729,0.853056793629862,1.9750187817152072,-0.11162799739561437,-0.7394662468772634,-2.3727616675851384,0.9841231756854657,0
-1.143265377720465,0.9009088760241706,0.8491410419312149,-0.769824087518903,-0.911310674287764,-1.177851894974348,-0.9474977234247925,0.853056793629862,-0.3680608168140954,-0.2262991435398101,-0.4814607612315388,-0.13061201252703214,0.9841231756854657,0
-0.634918112038349,-1.1099901739376037,-0.502969299721533,-0.30884460752561527,-0.7423290972289317,0.9048055324001227,0.22435514500861276,-1.461440576166749,0.7430557263280237,0.4617277333253637,-0.997471732522988,0.5043330225336705,-1.0161329645585022,0
-0.634918112038349,-1.1099901739376037,0.8491410419312149,-0.2645311981093369,-0.911310674287764,-1.177851894974348,-0.963333572998217,1.4316811360790147,-1.4254677989584081,-0.9143260204049839,-0.7394662468772634,-0.190138109563973,-1.0161329645585022,0
-1.143265377720465,0.9009088760241706,1.5251962127575889,-0.722873351170152,-0.911310674287764,0.21058638994196582,-1.359229812333827,-0.8828162337175963,1.4312094766124175,-1.2583394588375707,-0.7394662468772634,0.46464895784237664,0.9841231756854657,0
-0.2960199349169384,-1.1099901739376037,1.5251962127575889,-0.11611444055617082,-0.404365943111267,-1.177851894974348,0.38271364074285674,-1.461440576166749,-1.4724636648314886,0.3470565871811683,-0.4814607612315388,0.5837011519162584,0.9841231756854657,0
-0.46546902347764374,-1.1099901739376037,0.8491410419312149,-0.03732627249565309,-0.5733475201700994,0.9048055324001227,1.6495816066168083,-1.461440576166749,0.001192415045823164,1.379096902478929,-0.4814607612315388,-0.4282424977117365,-1.0161329645585022,1
-0.9738162891597597,-1.1099901739376037,-1.179024470547907,-0.6183594012353941,-0.911310674287764,0.9048055324001227,-1.2958864140401292,0.2744324511807092,1.0955247203761276,-1.2583394588375707,-0.7394662468772634,0.40512286080543575,0.9841231756854657,0
-0.634918112038349,0.9009088760241706,0.8491410419312149,0.7633788181045413,-0.5733475201700994,0.9048055324001227,0.5410721364771007,-0.3041918912684436,0.5651428055227898,-0.45564143582820127,-0.4814607612315388,-2.3529196352394917,-1.0161329645585022,1
-0.9738162891597597,0.9009088760241706,-1.179024470547907,-0.7211361897176249,-0.911310674287764,0.9048055324001227,-0.42491468750178746,0.853056793629862,-0.34120603631519225,0.6910700256137552,-0.7394662468772634,-1.7576586648700827,0.9841231756854657,0
-0.46546902347764374,0.9009088760241706,1.5251962127575889,-0.8662207557573075,-0.404365943111267,0.9048055324001227,0.38271364074285674,0.2744324511807092,-0.9857207682888686,3.9018621176512323,-0.997471732522988,1.2186461869769611,-1.0161329645585022,1
-1.143265377720465,-1.1099901739376037,-0.502969299721533,-0.10622841265360836,-0.5733475201700994,0.9048055324001227,0.06599664927436881,0.2744324511807092,0.3939435798422821,0.003043148748581378,-0.4814607612315388,0.8614896047553159,-1.0161329645585022,0
-0.9738162891597597,0.9009088760241706,-0.502969299721533,-0.5290061330681444,-0.911310674287764,-1.177851894974348,-1.208789241386295,-0.8828162337175963,-1.2207000976542715,-1.143668312693375,-0.4814607612315388,-0.9441353386985575,0.9841231756854657,0
-1.143265377720465,0.9009088760241706,-1.179024470547907,-0.5425086152673311,-0.911310674287764,0.9048055324001227,-1.0741845200121878,0.2744324511807092,-1.0495008719737637,-0.9143260204049839,-0.4814607612315388,-0.8846092416616166,0.9841231756854657,0
-0.8043672005990544,-1.1099901739376037,-0.502969299721533,-0.2051044840560741,-0.911310674287764,0.9048055324001227,0.4302211894631299,1.4316811360790147,0.001192415045823164,0.4617277333253637,-0.997471732522988,0.9606997664835506,0.9841231756854657,0
-0.9738162891597597,0.9009088760241706,0.8491410419312149,0.16541626139108306,-0.7423290972289317,-1.177851894974348,-0.7257958293968509,-0.8828162337175963,-0.8447331706696268,-0.9143260204049839,-0.997471732522988,-2.3132355705481977,-1.0161329645585022,1
-0.634918112038349,0.9009088760241706,-0.502969299721533,-0.18308991073950528,-0.404365943111267,-1.177851894974348,0.38271364074285674,-0.8828162337175963,0.001192415045823164,0.4617277333253637,-0.997471732522988,-0.09092794783573821,0.9841231756854657,0
-0.46546902347764374,0.9009088760241706,1.5251962127575889,-0.39936651157911046,-0.23538436605243465,0.9048055324001227,0.06599664927436881,-1.461440576166749,0.6624913848313142,0.4617277333253637,-0.7394662468772634,-0.03140185079879733,0.9841231756854657,0
-0.8043672005990544,-1.1099901739376037,-1.179024470547907,-0.7935600299111576,-0.404365943111267,-1.177851894974348,-1.2998453764334854,0.2744324511807092,0.03476089066945202,-1.0289971665491795,-0.7394662468772634,0.9011736694466097,-1.0161329645585022,1
-0.46546902347764374,0.9009088760241706,1.5251962127575889,0.6476996577430877,-0.7423290972289317,0.9048055324001227,1.6495816066168083,0.853056793629862,0.6893461653302174,0.3470565871811683,-0.7394662468772634,0.782121475372728,0.9841231756854657,0
-0.634918112038349,0.9009088760241706,0.8491410419312149,-0.33141191403162445,-0.7423290972289317,-1.177851894974348,-0.646616581529729,1.4316811360790147,0.11868207972852446,-0.570312581972397,-0.7394662468772634,-1.9362369559809054,0.9841231756854657,0
-0.9738162891597597,0.9009088760241706,-0.502969299721533,-0.08498766580225611,-0.911310674287764,-1.177851894974348,1.0161476236798326,0.2744324511807092,1.8273174889712391,0.8057411717579506,-0.4814607612315388,-0.4282424977117365,-1.0161329645585022,1
-0.634918112038349,-1.1099901739376037,-0.502969299721533,-0.41787517723694306,-0.5733475201700994,0.9048055324001227,-0.34573543963466546,-0.8828162337175963,1.0015329886299666,0.003043148748581378,-0.7394662468772634,-2.3330776028938445,-1.0161329645585022,1
-0.634918112038349,-1.1099901739376037,-0.502969299721533,0.5529611890730043,-0.23538436605243465,0.21058638994196582,0.06599664927436881,0.853056793629862,1.417782086362966,-0.570312581972397,-0.4814607612315388,0.9606997664835506,0.9841231756854657,0
-0.8043672005990544,-1.1099901739376037,1.5251962127575889,-0.5333490366994618,-0.5733475201700994,0.9048055324001227,-0.3298995900612411,-0.8828162337175963,-1.0495008719737637,0.23238544103697253,-0.7394662468772634,-1.4997122443766724,0.9841231756854657,0
-0.9738162891597597,-1.1099901739376037,-1.179024470547907,0.7132538140107183,-0.911310674287764,-1.177851894974348,0.8577891279455886,-0.8828162337175963,1.6729025011025462,-0.2262991435398101,-0.7394662468772634,-1.2814498885745558,0.9841231756854657,0
-0.8043672005990544,0.9009088760241706,1.5251962127575889,0.366500595709498,-0.911310674287764,0.9048055324001227,0.38271364074285674,1.4316811360790147,0.7229146409538463,-0.2262991435398101,-0.997471732522988,0.8416475724096689,0.9841231756854657,0
-0.8043672005990544,0.9009088760241706,0.8491410419312149,0.1735809202179597,-0.5733475201700994,0.9048055324001227,0.5727438356239495,-0.8828162337175963,-1.623521805137819,0.1177142948927768,-0.7394662468772634,-0.07108591549009124,0.9841231756854657,0
-0.9738162891597597,-1.1099901739376037,-0.502969299721533,-0.7106184667414164,-0.911310674287764,-1.177851894974348,-0.17154109432699713,0.2744324511807092,-1.1166378232210217,1.1497546101905376,-0.7394662468772634,-0.44808453005738347,0.9841231756854657,0
-0.8043672005990544,-1.1099901739376037,-0.502969299721533,0.17119627131494544,-0.5733475201700994,-1.177851894974348,-0.18737694390042153,0.2744324511807092,1.223084927745918,-0.570312581972397,-0.4814607612315388,-1.0433455004267922,-1.0161329645585022,1
-0.634918112038349,-1.1099901739376037,0.8491410419312149,-0.16188074864183535,-0.911310674287764,-1.177851894974348,1.6495816066168083,0.2744324511807092,2.7269526356844955,1.7231103409115156,-0.7394662468772634,0.08765034327508442,-1.0161329645585022,1
-0.8043672005990544,0.9009088760241706,-0.502969299721533,-0.9545159346762,-0.911310674287764,0.9048055324001227,-0.804975077263973,1.4316811360790147,-1.6839450612603513,1.035083464046342,-0.7394662468772634,-0.011559818453150373,-1.0161329645585022,1
-0.8043672005990544,0.9009088760241706,0.8491410419312149,-0.29990612223352203,-0.911310674287764,0.9048055324001227,0.06599664927436881,0.853056793629862,-0.6936750303632967,0.23238544103697253,-0.997471732522988,-1.4203441149940845,0.9841231756854657,0
-0.46546902347764374,0.9009088760241706,0.8491410419312149,0.23390779975116832,0.10257878806523006,-1.177851894974348,-0.2507203421941191,-1.461440576166749,1.676259348664909,-0.6849837281165926,-0.4814607612315388,0.5638591195706114,-1.0161329645585022,1
-0.46546902347764374,0.9009088760241706,-1.179024470547907,0.1978064262922901,-0.5733475201700994,-1.177851894974348,0.06599664927436881,-1.461440576166749,0.3301634761573873,-0.34097028968400567,-0.7394662468772634,1.1194360252487263,-1.0161329645585022,0
-0.8043672005990544,0.9009088760241706,1.5251962127575889,-0.11444044861100848,-0.911310674287764,0.21058638994196582,-0.2507203421941191,0.853056793629862,0.5114332445249834,-0.34097028968400567,-0.7394662468772634,0.20670253734896618,0.9841231756854657,0
-0.2960199349169384,0.9009088760241706,-0.502969299721533,-0.5259582043378016,-0.404365943111267,-1.177851894974348,0.8577891279455886,-0.3041918912684436,1.451350561986595,2.0671237793441026,-0.7394662468772634,0.6432272489531993,-1.0161329645585022,0
-0.9738162891597597,-1.1099901739376037,-0.502969299721533,2.0725510658593738,-0.5733475201700994,-1.177851894974348,1.3328646151483206,0.2744324511807092,0.001192415045823164,-0.570312581972397,-0.7394662468772634,1.0599099282117854,0.9841231756854657,0
-0.8043672005990544,0.9009088760241706,-0.502969299721533,-0.33362284678938603,-0.7423290972289317,0.9048055324001227,-0.7574675285436998,-0.8828162337175963,-1.0427871768490378,-0.6849837281165926,-0.997471732522988,0.5638591195706114,0.9841231756854657,0
-0.634918112038349,0.9009088760241706,-0.502969299721533,-0.45238152063486475,-0.404365943111267,-1.177851894974348,0.22435514500861276,-1.461440576166749,-1.8752853723150364,0.8057411717579506,-0.4814607612315388,1.734539027963782,-1.0161329645585022,0
-0.46546902347764374,0.9009088760241706,-1.179024470547907,0.5748336309980027,-0.23538436605243465,0.9048055324001227,1.2536853672811985,0.853056793629862,0.23617174441122635,0.1177142948927768,-0.7394662468772634,-0.36871640067479566,0.9841231756854657,0
-0.46546902347764374,-1.1099901739376037,-0.502969299721533,0.350202862809427,-0.404365943111267,-1.177851894974348,-0.7257958293968509,0.2744324511807092,-0.005521280078902488,-1.0289971665491795,-0.997471732522988,-1.3409759856114967,0.9841231756854657,0
-0.8043672005990544,0.9009088760241706,0.8491410419312149,-0.5362390416613929,-0.23538436605243465,0.9048055324001227,-0.2507203421941191,-1.461440576166749,1.092167872813765,0.3470565871811683,-0.4814607612315388,1.258330251668255,0.9841231756854657,0
-0.46546902347764374,0.9009088760241706,1.5251962127575889,-0.3193307457481416,-0.23538436605243465,0.9048055324001227,0.06599664927436881,-1.461440576166749,-1.4724636648314886,0.3470565871811683,-0.997471732522988,0.9805417988291976,-1.0161329645585022,1
-0.8043672005990544,-1.1099901739376037,-1.179024470547907,-0.24845455848504205,-0.911310674287764,0.9048055324001227,0.6994306322113446,1.4316811360790147,1.0955247203761276,0.9204123179021463,-0.4814607612315388,-1.4997122443766724,-1.0161329645585022,0
-0.8043672005990544,-1.1099901739376037,0.8491410419312149,-0.6090734836527956,-0.911310674287764,0.9048055324001227,-1.121692068732461,0.2744324511807092,1.5688402266692962,-0.9143260204049839,-0.4814607612315388,-0.15045404487267908,-1.0161329645585022,1
-0.9738162891597597,0.9009088760241706,1.5251962127575889,-0.112340062491135,-0.911310674287764,-1.177851894974348,-0.7257958293968509,-1.461440576166749,-1.4993184453303918,-0.7996548742607882,-0.7394662468772634,0.16701847265767225,0.9841231756854657,0
-0.8043672005990544,-1.1099901739376037,-0.502969299721533,0.07990054079623368,-0.911310674287764,-1.177851894974348,0.5410721364771007,0.853056793629862,-1.8752853723150364,0.1177142948927768,-0.7394662468772634,0.8813316371009629,0.9841231756854657,0
-0.9738162891597597,0.9009088760241706,-0.502969299721533,-0.5225470509401123,-0.911310674287764,0.9048055324001227,0.06599664927436881,-0.8828162337175963,0.8336906105118219,0.8057411717579506,-0.997471732522988,-0.7655570475877348,-1.0161329645585022,0
-0.46546902347764374,-1.1099901739376037,-0.502969299721533,-0.6925046105046126,-0.911310674287764,0.9048055324001227,-0.7257958293968509,-0.8828162337175963,-0.707102420612748,0.003043148748581378,-0.4814607612315388,1.4567505751247247,-1.0161329645585022,0
-0.8043672005990544,-1.1099901739376037,-0.502969299721533,0.9234187650127968,-0.911310674287764,-1.177851894974348,0.06599664927436881,0.853056793629862,0.6893461653302174,-0.7996548742607882,-0.4814607612315388,0.305912699077201,0.9841231756854657,0
-0.46546902347764374,0.9009088760241706,1.5251962127575889,-0.05712991305446031,-0.404365943111267,-1.177851894974348,-1.042512820865339,0.853056793629862,0.8269769153870962,-1.143668312693375,-0.997471732522988,-1.182239726846321,0.9841231756854657,0
-0.8043672005990544,0.9009088760241706,-0.502969299721533,-0.013748253871810041,-0.911310674287764,-1.177851894974348,-0.4090788379283631,1.4316811360790147,-1.0427871768490378,-0.570312581972397,-0.4814607612315388,1.4170665104334308,-1.0161329645585022,0
-0.9738162891597597,0.9009088760241706,0.8491410419312149,-0.16142276971344188,-0.911310674287764,0.9048055324001227,1.0161476236798326,-0.8828162337175963,2.062296818336642,1.035083464046342,-0.997471732522988,0.10749237562073138,-1.0161329645585022,1
-0.9738162891597597,0.9009088760241706,-1.179024470547907,-0.7939706317090276,-0.911310674287764,0.21058638994196582,-1.121692068732461,1.4316811360790147,-0.1397951825734185,-0.6849837281165926,-0.997471732522988,0.8614896047553159,0.9841231756854657,0
-0.634918112038349,0.9009088760241706,0.8491410419312149,0.0235217554733136,-0.23538436605243465,0.9048055324001227,1.6495816066168083,0.853056793629862,0.830333762949459,1.2644257563347332,-0.7394662468772634,-1.202081759191968,0.9841231756854657,0
-1.143265377720465,0.9009088760241706,0.8491410419312149,-0.5668762527332318,-0.911310674287764,0.9048055324001227,-0.804975077263973,0.2744324511807092,2.102578989084997,-0.45564143582820127,-0.4814607612315388,-0.32903233598350173,-1.0161329645585022,1
-0.8043672005990544,0.9009088760241706,-1.179024470547907,0.02638017568156249,-0.911310674287764,-1.177851894974348,0.06599664927436881,0.2744324511807092,1.7836784706605218,-0.2262991435398101,-0.997471732522988,-0.7853990799333818,-1.0161329645585022,1
-0.8043672005990544,-1.1099901739376037,-0.502969299721533,-0.6583456993971963,-0.5733475201700994,0.9048055324001227,-1.01084112171849,0.853056793629862,0.8336906105118219,-0.6849837281165926,-0.997471732522988,-1.4401861473397315,0.9841231756854657,0
-0.634918112038349,0.9009088760241706,1.5251962127575889,-0.3913439841438042,-0.911310674287764,-1.177851894974348,0.16497070910827127,-0.8828162337175963,1.0955247203761276,0.5763988794695595,-0.4814607612315388,-1.162397694500674,-1.0161329645585022,1
-0.8043672005990544,-1.1099901739376037,-1.179024470547907,0.024437713330100537,-0.911310674287764,0.21058638994196582,-1.002923196931778,1.4316811360790147,-1.4254677989584081,-1.143668312693375,-0.4814607612315388,-0.44808453005738347,0.9841231756854657,0
-0.8043672005990544,0.9009088760241706,-0.502969299721533,0.8898915489790267,-0.911310674287764,-1.177851894974348,4.024959042630468,-0.8828162337175963,0.001192415045823164,1.379096902478929,-0.997471732522988,-0.5869787564769122,0.9841231756854657,0
-0.634918112038349,0.9009088760241706,-1.179024470547907,-0.6997217267210201,-0.911310674287764,0.9048055324001227,-0.5674373336626071,0.2744324511807092,1.4312094766124175,0.3470565871811683,-0.997471732522988,-0.46792656240303043,-1.0161329645585022,0
-0.634918112038349,0.9009088760241706,-1.179024470547907,-0.8312722258078336,-0.404365943111267,0.21058638994196582,-1.042512820865339,-0.8828162337175963,1.676259348664909,-0.34097028968400567,-0.997471732522988,1.6353288662355472,-1.0161329645585022,0
-0.8043672005990544,0.9009088760241706,-0.502969299721533,-0.6990426545168504,-0.404365943111267,0.21058638994196582,-1.2008713165995828,1.4316811360790147,0.7229146409538463,-0.9143260204049839,-0.7394662468772634,-1.7973427295613766,-1.0161329645585022,0
-0.634918112038349,0.9009088760241706,0.8491410419312149,0.26989862657215846,-0.404365943111267,-1.177851894974348,-0.09236184645987515,0.853056793629862,0.001192415045823164,-0.570312581972397,-0.997471732522988,0.9408577341379036,-1.0161329645585022,0
-0.2960199349169384,0.9009088760241706,-1.179024470547907,-0.5834424560396025,-0.23538436605243465,0.9048055324001227,-0.47242223622206064,0.2744324511807092,-0.811164695045998,0.1177142948927768,-0.7394662468772634,0.8813316371009629,-1.0161329645585022,0
-0.2960199349169384,0.9009088760241706,-1.179024470547907,-0.26489442277668346,-0.404365943111267,0.21058638994196582,-0.7257958293968509,-1.461440576166749,1.5587696839822078,-0.6849837281165926,-0.4814607612315388,-1.102871597463733,0.9841231756854657,0
-0.634918112038349,0.9009088760241706,-1.179024470547907,0.0894549287851319,-0.23538436605243465,0.9048055324001227,-1.359229812333827,0.2744324511807092,-0.811164695045998,-1.487681751125962,-0.7394662468772634,0.4844909901880236,0.9841231756854657,0
-1.143265377720465,0.9009088760241706,-0.502969299721533,-0.9034749727255901,-0.911310674287764,0.9048055324001227,-1.2800505644667048,0.2744324511807092,0.3939435798422821,-0.7996548742607882,-0.7394662468772634,-0.7060309505507939,-1.0161329645585022,1
-0.8043672005990544,-1.1099901739376037,-0.502969299721533,0.7064315072153396,-0.7423290972289317,-1.177851894974348,-0.8841543251310949,1.4316811360790147,0.001192415045823164,-1.2583394588375707,-0.7394662468772634,1.714696995618135,-1.0161329645585022,0
-0.46546902347764374,-1.1099901739376037,0.8491410419312149,-0.22021778869305855,-0.404365943111267,0.9048055324001227,1.4912231108825644,-1.461440576166749,0.001192415045823164,1.7231103409115156,-0.997471732522988,-2.789444346843725,-1.0161329645585022,1
-0.8043672005990544,0.9009088760241706,1.5251962127575889,0.36627950243372187,-0.7423290972289317,0.9048055324001227,0.06599664927436881,-0.8828162337175963,-1.623521805137819,-0.45564143582820127,-0.7394662468772634,1.8734332543833108,-1.0161329645585022,0
-0.9738162891597597,0.9009088760241706,0.8491410419312149,0.0007333556915282551,-0.23538436605243465,-1.177851894974348,0.06599664927436881,1.4316811360790147,0.16232109803924238,-0.11162799739561437,-0.4814607612315388,-1.202081759191968,0.9841231756854657,0
-0.9738162891597597,-1.1099901739376037,0.8491410419312149,-0.31993085606810545,-0.911310674287764,-1.177851894974348,-0.17154109432699713,1.4316811360790147,0.5114332445249834,0.003043148748581378,-0.7394662468772634,-0.17029607721832604,-1.0161329645585022,0
-1.143265377720465,-1.1099901739376037,-1.179024470547907,-0.3391343863069488,-0.5733475201700994,-1.177851894974348,0.6994306322113446,-0.8828162337175963,-1.6705176710108995,1.1497546101905376,-0.997471732522988,-0.9242933063529105,0.9841231756854657,0
-0.2960199349169384,-1.1099901739376037,-1.179024470547907,-0.6798865014085305,0.10257878806523006,0.9048055324001227,-0.7257958293968509,0.2744324511807092,0.001192415045823164,0.003043148748581378,-0.4814607612315388,-0.5869787564769122,0.9841231756854657,0
-0.8043672005990544,0.9009088760241706,-0.502969299721533,-0.677580814389722,-0.404365943111267,0.9048055324001227,-0.18737694390042153,-0.8828162337175963,1.223084927745918,1.035083464046342,-0.7394662468772634,-0.5869787564769122,-1.0161329645585022,0
-1.143265377720465,-1.1099901739376037,0.8491410419312149,-0.7735510884534154,-0.911310674287764,0.9048055324001227,-0.7257958293968509,0.2744324511807092,1.8273174889712391,0.23238544103697253,-0.4814607612315388,0.9606997664835506,-1.0161329645585022,1
-0.9738162891597597,-1.1099901739376037,-1.179024470547907,-0.4148904180139649,-0.911310674287764,-1.177851894974348,-0.09236184645987515,-0.8828162337175963,1.0418151593783211,0.3470565871811683,-0.4814607612315388,1.1789621222856672,-1.0161329645585022,1
-0.8043672005990544,0.9009088760241706,0.8491410419312149,-0.6355099224848875,-0.911310674287764,-1.177851894974348,-1.327558113186978,-0.8828162337175963,-1.1166378232210217,-1.2583394588375707,-0.997471732522988,-0.13061201252703214,0.9841231756854657,0
-0.634918112038349,0.9009088760241706,1.5251962127575889,0.42227927071245425,-0.404365943111267,-1.177851894974348,2.4413740852880284,-1.461440576166749,2.629604056375972,1.035083464046342,-0.997471732522988,-0.26950623894656084,-1.0161329645585022,1
-0.634918112038349,0.9009088760241706,0.8491410419312149,-0.383226702447451,-0.7423290972289317,-1.177851894974348,-0.3774071387815143,-0.8828162337175963,-1.3751150855229646,-0.11162799739561437,-0.997471732522988,-0.32903233598350173,0.9841231756854657,0
-0.8043672005990544,0.9009088760241706,0.8491410419312149,0.546265221292355,-0.911310674287764,0.9048055324001227,0.06599664927436881,-0.8828162337175963,-0.005521280078902488,-0.570312581972397,-0.4814607612315388,0.18686050500331922,0.9841231756854657,0
-0.2960199349169384,-1.1099901739376037,-0.502969299721533,0.08237994396029487,-0.911310674287764,0.9048055324001227,2.0454778459524183,-0.8828162337175963,2.679956769811415,1.379096902478929,-0.4814607612315388,0.4448069254967297,-1.0161329645585022,1
-0.8043672005990544,-1.1099901739376037,-1.179024470547907,0.17560234445362743,-0.911310674287764,0.21058638994196582,0.4618928886099787,0.2744324511807092,1.451350561986595,0.003043148748581378,-0.7394662468772634,-0.5472946917856183,0.9841231756854657,0
-0.9738162891597597,0.9009088760241706,0.8491410419312149,-0.2019302163110021,-0.911310674287764,0.9048055324001227,0.8577891279455886,0.853056793629862,1.2096575374964662,0.9204123179021463,-0.4814607612315388,-0.4877685947486774,0.9841231756854657,0
-0.634918112038349,0.9009088760241706,-0.502969299721533,1.0650448005242668,-0.911310674287764,0.9048055324001227,0.8577891279455886,-1.461440576166749,0.19253272610050842,-0.45564143582820127,-0.997471732522988,-0.26950623894656084,0.9841231756854657,0
-0.634918112038349,0.9009088760241706,0.8491410419312149,-0.0644259911550735,-0.06640278899360229,0.21058638994196582,-0.4882580857954851,-0.3041918912684436,0.7430557263280237,-0.570312581972397,-0.7394662468772634,1.1591200899400202,-1.0161329645585022,0
-0.2960199349169384,-1.1099901739376037,0.8491410419312149,0.5226082407843061,-0.23538436605243465,0.9048055324001227,1.6495816066168083,0.853056793629862,-0.522475804682789,0.4617277333253637,-0.997471732522988,-0.03140185079879733,-1.0161329645585022,0
-0.2960199349169384,-1.1099901739376037,-0.502969299721533,-0.5467725570144427,-0.23538436605243465,0.9048055324001227,0.6994306322113446,0.853056793629862,-0.37813135950118393,1.952452633199907,-0.997471732522988,0.286070666731554,-1.0161329645585022,1
-0.8043672005990544,-1.1099901739376037,-0.502969299721533,-0.07647557468487406,-0.911310674287764,-1.177851894974348,0.5410721364771007,0.2744324511807092,-0.12972463988633004,0.3470565871811683,-0.7394662468772634,-1.4005020826484376,0.9841231756854657,0
-0.9738162891597597,0.9009088760241706,-0.502969299721533,-0.29929021953671703,-0.911310674287764,-1.177851894974348,-0.2823920413409679,1.4316811360790147,-1.4724636648314886,-0.11162799739561437,-0.997471732522988,1.278172284013902,0.9841231756854657,0
-0.9738162891597597,0.9009088760241706,-1.179024470547907,0.17184375876543276,-0.5733475201700994,0.9048055324001227,-0.7257958293968509,-0.8828162337175963,0.16232109803924238,-0.9143260204049839,-0.4814607612315388,-0.9838194033898514,-1.0161329645585022,0
-1.143265377720465,-1.1099901739376037,0.8491410419312149,-0.44184800528181495,-0.911310674287764,0.9048055324001227,-1.121692068732461,-1.461440576166749,0.001192415045823164,-1.0289971665491795,-0.4814607612315388,-3.206127026102311,0.9841231756854657,0
-0.2960199349169384,-1.1099901739376037,-1.179024470547907,-0.39120185275223385,-0.23538436605243465,-1.177851894974348,-0.7257958293968509,1.4316811360790147,-1.3482603050240614,-0.570312581972397,-0.997471732522988,-0.15045404487267908,0.9841231756854657,0
-0.46546902347764374,0.9009088760241706,-1.179024470547907,-0.6051885589498717,-0.5733475201700994,0.9048055324001227,0.06599664927436881,0.2744324511807092,-0.25392799969375696,1.1497546101905376,-0.7394662468772634,0.286070666731554,0.9841231756854657,0
-0.2960199349169384,-1.1099901739376037,-1.179024470547907,0.1770552431230136,-0.5733475201700994,0.9048055324001227,0.38271364074285674,-0.8828162337175963,-0.21028898138303903,-0.11162799739561437,-0.7394662468772634,-0.13061201252703214,0.9841231756854657,0
-0.634918112038349,-1.1099901739376037,1.5251962127575889,-0.3900016321123061,-0.06640278899360229,0.9048055324001227,-0.5674373336626071,-0.8828162337175963,2.0757242085860943,-0.34097028968400567,-0.7394662468772634,-0.17029607721832604,-1.0161329645585022,1
-0.8043672005990544,-1.1099901739376037,-0.502969299721533,-0.22650315467583787,-0.911310674287764,0.9048055324001227,-0.804975077263973,0.2744324511807092,0.001192415045823164,-0.7996548742607882,-0.7394662468772634,-0.6266628211682062,-1.0161329645585022,1
-1.143265377720465,0.9009088760241706,-0.502969299721533,-0.08663007299373614,-0.911310674287764,0.9048055324001227,-0.3298995900612411,-0.8828162337175963,-0.2069321338206762,-0.45564143582820127,-0.4814607612315388,-0.38855843302044263,0.9841231756854657,0
-0.9738162891597597,0.9009088760241706,0.8491410419312149,-0.6939259244203164,-0.5733475201700994,0.21058638994196582,0.06599664927436881,-0.8828162337175963,1.8407448792206904,1.6084391947673204,-0.997471732522988,0.10749237562073138,0.9841231756854657,0
-0.46546902347764374,0.9009088760241706,1.5251962127575889,-0.18552193677304302,-0.7423290972289317,0.9048055324001227,0.38271364074285674,0.2744324511807092,1.0418151593783211,0.4617277333253637,-0.997471732522988,-1.2417658238832618,-1.0161329645585022,1
-0.46546902347764374,-1.1099901739376037,0.8491410419312149,-0.15974877776827956,-0.5733475201700994,0.9048055324001227,0.12934004756806639,-0.3041918912684436,0.2193875065994116,0.1177142948927768,-0.4814607612315388,-1.8965528912896115,0.9841231756854657,0
-0.8043672005990544,0.9009088760241706,0.8491410419312149,0.004839373670228317,-0.911310674287764,0.9048055324001227,-0.06069014731302636,-0.8828162337175963,0.2865244578466693,-0.34097028968400567,-0.997471732522988,0.821805540064022,0.9841231756854657,0
-0.634918112038349,0.9009088760241706,1.5251962127575889,-1.0890196082323094,-0.911310674287764,0.9048055324001227,-1.2800505644667048,-0.8828162337175963,1.0015329886299666,0.003043148748581378,-0.4814607612315388,1.1988041546313142,-1.0161329645585022,1
-0.8043672005990544,0.9009088760241706,0.8491410419312149,0.3377426774817564,-0.911310674287764,0.9048055324001227,0.8577891279455886,0.853056793629862,-0.8447331706696268,0.1177142948927768,-0.7394662468772634,-0.051243883144444294,-1.0161329645585022,1
-0.634918112038349,-1.1099901739376037,1.5251962127575889,-0.37634122614470783,-0.5733475201700994,0.9048055324001227,-1.2008713165995828,-0.8828162337175963,0.6624913848313142,-1.143668312693375,-0.4814607612315388,-0.8846092416616166,0.9841231756854657,0
-0.9738162891597597,0.9009088760241706,-1.179024470547907,-0.7862165746800209,-0.911310674287764,-1.177851894974348,-1.3117222636135537,-0.8828162337175963,-1.8752853723150364,-1.143668312693375,-0.7394662468772634,-0.3488743683291487,0.9841231756854657,0
-0.9738162891597597,0.9009088760241706,-0.502969299721533,-0.298058414143107,-0.911310674287764,0.9048055324001227,0.5410721364771007,1.4316811360790147,0.4107278176540969,0.8057411717579506,-0.7394662468772634,-1.6386064707962011,0.9841231756854657,0
-0.9738162891597597,-1.1099901739376037,0.8491410419312149,0.08152715561087255,-0.911310674287764,-1.177851894974348,0.7627740305050422,1.4316811360790147,0.23617174441122635,0.3470565871811683,-0.4814607612315388,0.3455967637684949,0.9841231756854657,0
-0.8043672005990544,-1.1099901739376037,-0.502969299721533,-0.35418452143656864,-0.911310674287764,0.9048055324001227,-0.7257958293968509,-1.461440576166749,0.11868207972852446,-0.570312581972397,-0.4814607612315388,-1.2417658238832618,0.9841231756854657,0
-0.8043672005990544,0.9009088760241706,0.8491410419312149,-0.4880249151653495,-0.911310674287764,0.9048055324001227,-1.2008713165995828,0.853056793629862,0.001192415045823164,-1.143668312693375,-0.997471732522988,-0.9838194033898514,0.9841231756854657,0
-0.2960199349169384,-1.1099901739376037,-0.502969299721533,-0.2671843174186508,0.2715603651240624,0.21058638994196582,0.8577891279455886,-0.8828162337175963,-0.37813135950118393,1.1497546101905376,-0.4814607612315388,1.3972244780877838,-1.0161329645585022,0
-0.634918112038349,0.9009088760241706,1.5251962127575889,0.11732847390976886,-0.5733475201700994,-1.177851894974348,0.38271364074285674,1.4316811360790147,-1.8752853723150364,0.003043148748581378,-0.4814607612315388,0.5837011519162584,-1.0161329645585022,0
-1.143265377720465,0.9009088760241706,-0.502969299721533,-0.4106422686436945,-0.911310674287764,0.9048055324001227,-0.4090788379283631,-0.8828162337175963,0.1522505553521539,-0.11162799739561437,-0.997471732522988,0.5638591195706114,-1.0161329645585022,1
-0.8043672005990544,0.9009088760241706,0.8491410419312149,-0.10892890909344571,-0.5733475201700994,0.9048055324001227,-0.4090788379283631,-0.8828162337175963,-1.7510820125076092,-0.45564143582820127,-0.4814607612315388,0.10749237562073138,0.9841231756854657,0
-0.8043672005990544,0.9009088760241706,-1.179024470547907,-0.05206056008844985,-0.23538436605243465,0.9048055324001227,1.0161476236798326,1.4316811360790147,1.1458774338115711,0.8057411717579506,-0.997471732522988,0.26622863438590705,-1.0161329645585022,1
-0.8043672005990544,-1.1099901739376037,0.8491410419312149,-0.4526657834180055,-0.911310674287764,0.9048055324001227,-0.4882580857954851,-0.8828162337175963,-0.21364582894540246,-0.11162799739561437,-0.7394662468772634,-0.22982217425526694,-1.0161329645585022,0
-0.8043672005990544,0.9009088760241706,-1.179024470547907,-0.016906729240040858,-0.911310674287764,0.9048055324001227,-0.9474977234247925,-0.8828162337175963,-0.1397951825734185,-1.0289971665491795,-0.7394662468772634,-0.5076106270943244,0.9841231756854657,0
-0.46546902347764374,0.9009088760241706,-0.502969299721533,-0.32029408073545196,-0.06640278899360229,-0.4836327525161911,1.5704023587496865,0.853056793629862,1.5319149034833046,2.1817949254882985,-0.7394662468772634,1.0797519605574324,-1.0161329645585022,1
-1.143265377720465,0.9009088760241706,0.8491410419312149,-0.4506127744286555,-0.911310674287764,0.9048055324001227,-1.359229812333827,1.4316811360790147,1.5352717510456675,-1.3730106049817663,-0.4814607612315388,0.5440170872249644,-1.0161329645585022,1
-0.2960199349169384,0.9009088760241706,1.5251962127575889,-0.39191250971008573,-0.404365943111267,-1.177851894974348,-0.2903099661276801,-1.461440576166749,0.5114332445249834,0.003043148748581378,-0.4814607612315388,0.8416475724096689,-1.0161329645585022,0
-0.46546902347764374,0.9009088760241706,-0.502969299721533,1.029417198370623,-0.7423290972289317,0.9048055324001227,-0.7574675285436998,1.4316811360790147,1.0787404825643134,-1.2583394588375707,-0.4814607612315388,0.6035431842619053,-1.0161329645585022,0
-0.46546902347764374,0.9009088760241706,0.8491410419312149,-0.3169776815988096,-0.7423290972289317,0.9048055324001227,0.0026532509806712224,-0.8828162337175963,-1.173704231781191,0.23238544103697253,-0.4814607612315388,0.7027533459901402,-1.0161329645585022,1
-0.2960199349169384,0.9009088760241706,-0.502969299721533,-0.8094313686365174,0.2715603651240624,0.9048055324001227,-0.7257958293968509,0.853056793629862,0.860545391010725,0.3470565871811683,-0.997471732522988,1.0400678958661385,0.9841231756854657,0
-0.9738162891597597,-1.1099901739376037,-0.502969299721533,-0.19875594856593015,-0.911310674287764,-1.177851894974348,0.06599664927436881,1.4316811360790147,-1.7510820125076092,0.1177142948927768,-0.997471732522988,1.298014316359549,-1.0161329645585022,0
-0.8043672005990544,-1.1099901739376037,-0.502969299721533,-0.5626281033629614,-0.911310674287764,-1.177851894974348,0.6994306322113446,0.853056793629862,0.665848232393677,2.0671237793441026,-0.7394662468772634,0.16701847265767225,-1.0161329645585022,0
-0.634918112038349,0.9009088760241706,-1.179024470547907,0.07795807844477173,-0.911310674287764,0.9048055324001227,0.06599664927436881,0.2744324511807092,-1.2475548781531747,-0.2262991435398101,-0.7394662468772634,-0.9242933063529105,0.9841231756854657,0
-0.8043672005990544,0.9009088760241706,-1.179024470547907,-0.7319539678538155,-0.911310674287764,0.9048055324001227,-0.5674373336626071,-0.8828162337175963,0.2193875065994116,0.4617277333253637,-0.7394662468772634,0.08765034327508442,0.9841231756854657,0
-0.9738162891597597,-1.1099901739376037,-0.502969299721533,-0.13909234886005,-0.911310674287764,0.9048055324001227,0.06599664927436881,0.2744324511807092,-1.173704231781191,0.003043148748581378,-0.997471732522988,-0.40840046536608954,-1.0161329645585022,0
-0.9738162891597597,0.9009088760241706,1.5251962127575889,-0.5056176229663951,-0.911310674287764,0.21058638994196582,-1.359229812333827,0.2744324511807092,0.001192415045823164,-1.3730106049817663,-0.997471732522988,-0.24966420660091387,0.9841231756854657,0
-0.9738162891597597,-1.1099901739376037,1.5251962127575889,2.2593432991365443,-0.911310674287764,0.9048055324001227,2.4413740852880284,-0.8828162337175963,0.11868207972852446,-0.34097028968400567,-0.4814607612315388,-0.15045404487267908,0.9841231756854657,0
-0.8043672005990544,-1.1099901739376037,-1.179024470547907,0.27499956429185124,-0.911310674287764,0.9048055324001227,-0.09236184645987515,-0.8828162337175963,-1.173704231781191,-0.570312581972397,-0.4814607612315388,0.3455967637684949,-1.0161329645585022,0
-0.634918112038349,-1.1099901739376037,0.8491410419312149,-0.4745066405893216,-0.404365943111267,0.9048055324001227,-0.4090788379283631,-1.461440576166749,0.5114332445249834,0.003043148748581378,-0.997471732522988,0.18686050500331922,0.9841231756854657,0
-0.46546902347764374,-1.1099901739376037,0.8491410419312149,-0.16524452490900118,0.2715603651240624,0.9048055324001227,-0.013182598592753173,0.853056793629862,0.5114332445249834,0.003043148748581378,-0.997471732522988,-0.190138109563973,-1.0161329645585022,0
-0.2960199349169384,-1.1099901739376037,-1.179024470547907,-0.27328017487933626,-0.7423290972289317,0.9048055324001227,-0.7257958293968509,-0.8828162337175963,-0.6936750303632967,-0.6849837281165926,-0.997471732522988,-0.09092794783573821,-1.0161329645585022,1
-0.9738162891597597,0.9009088760241706,-1.179024470547907,-0.871605956260141,-0.911310674287764,0.9048055324001227,-0.7257958293968509,1.4316811360790147,0.2865244578466693,0.6910700256137552,-0.997471732522988,0.5043330225336705,-1.0161329645585022,0
-0.46546902347764374,-1.1099901739376037,-1.179024470547907,-0.11087137144490766,-0.23538436605243465,-1.177851894974348,-0.42491468750178746,0.853056793629862,-0.34120603631519225,-0.570312581972397,-0.997471732522988,-0.07108591549009124,0.9841231756854657,0
-0.634918112038349,-1.1099901739376037,-1.179024470547907,-0.2969371553873851,-0.5733475201700994,0.9048055324001227,0.0026532509806712224,-0.8828162337175963,0.001192415045823164,0.23238544103697253,-0.4814607612315388,-0.13061201252703214,0.9841231756854657,0
-0.8043672005990544,0.9009088760241706,-0.502969299721533,-0.6269978313675054,-0.911310674287764,0.9048055324001227,-0.2507203421941191,-0.8828162337175963,0.001192415045823164,0.6910700256137552,-0.7394662468772634,-1.9362369559809054,0.9841231756854657,0
-0.634918112038349,0.9009088760241706,0.8491410419312149,-0.5208098894875854,-0.5733475201700994,-1.177851894974348,1.0161476236798326,-1.461440576166749,-0.005521280078902488,2.2964660716324943,-0.997471732522988,-1.3012919209202027,0.9841231756854657,0
-1.143265377720465,-1.1099901739376037,1.5251962127575889,0.7378109599987128,-0.5733475201700994,-1.177851894974348,1.5228948100294133,-0.8828162337175963,0.3301634761573873,0.1177142948927768,-0.997471732522988,0.9210157017922567,-1.0161329645585022,0
-0.2960199349169384,0.9009088760241706,0.8491410419312149,0.2087031663126864,-0.404365943111267,-1.177851894974348,0.5094004373302519,1.4316811360790147,-1.371758237960602,0.003043148748581378,-0.7394662468772634,-0.051243883144444294,-1.0161329645585022,0
-0.8043672005990544,0.9009088760241706,0.8491410419312149,0.49574540777750303,-0.5733475201700994,-1.177851894974348,2.3226052134873454,-0.8828162337175963,0.03811773823181484,0.9204123179021463,-0.997471732522988,-1.2814498885745558,0.9841231756854657,0
-0.8043672005990544,0.9009088760241706,-0.502969299721533,-0.4102000820921422,-0.7423290972289317,0.21058638994196582,1.1745061194140765,-0.8828162337175963,-1.4724636648314886,2.0671237793441026,-0.997471732522988,0.8416475724096689,0.9841231756854657,0
-0.8043672005990544,0.9009088760241706,1.5251962127575889,-0.5633545526976546,-0.911310674287764,0.9048055324001227,-0.7257958293968509,-1.461440576166749,-1.1804179269059165,-0.34097028968400567,-0.997471732522988,1.238488219322608,0.9841231756854657,0
-0.9738162891597597,0.9009088760241706,0.8491410419312149,-0.6548713764921424,-0.911310674287764,0.9048055324001227,-0.6386986567430168,0.853056793629862,0.11868207972852446,0.003043148748581378,-0.7394662468772634,-0.8449251769703227,-1.0161329645585022,1
-0.634918112038349,-1.1099901739376037,-0.502969299721533,-0.31400871475267267,-0.404365943111267,-1.177851894974348,-1.090020369585612,-0.8828162337175963,-1.371758237960602,-1.143668312693375,-0.7394662468772634,1.0400678958661385,0.9841231756854657,0
-0.634918112038349,0.9009088760241706,0.8491410419312149,-0.04503295239413628,-0.404365943111267,-1.177851894974348,1.6495816066168083,0.2744324511807092,2.183143330581707,1.379096902478929,-0.4814607612315388,0.028124246238143545,-1.0161329645585022,1
-0.46546902347764374,0.9009088760241706,0.8491410419312149,0.0818903802782191,-0.404365943111267,-1.177851894974348,0.6994306322113446,1.4316811360790147,-1.8752853723150364,0.23238544103697253,-0.997471732522988,-0.20998014190961997,-1.0161329645585022,0
-0.2960199349169384,0.9009088760241706,-1.179024470547907,0.7037625955291846,-0.06640278899360229,-1.177851894974348,-0.7257958293968509,-0.8828162337175963,1.327147202179168,-1.143668312693375,-0.4814607612315388,-0.5472946917856183,-1.0161329645585022,0
-0.9738162891597597,0.9009088760241706,-1.179024470547907,-0.846385530444818,-0.911310674287764,0.9048055324001227,-0.2507203421941191,-1.461440576166749,1.934736610966852,1.8377814870557112,-0.4814607612315388,0.6829113136444932,-1.0161329645585022,1
-0.46546902347764374,0.9009088760241706,0.8491410419312149,-0.3199782331986289,-0.911310674287764,0.9048055324001227,0.38271364074285674,0.2744324511807092,0.001192415045823164,0.6910700256137552,-0.997471732522988,-0.24966420660091387,0.9841231756854657,0
-0.46546902347764374,0.9009088760241706,0.8491410419312149,-0.7192095197430042,-0.7423290972289317,0.21058638994196582,0.7192254441781252,-0.8828162337175963,-1.3482603050240614,3.0991640946418633,-0.997471732522988,-1.9163949236352584,-1.0161329645585022,0
-0.8043672005990544,0.9009088760241706,-1.179024470547907,-0.2166171267732754,-0.06640278899360229,0.9048055324001227,0.9448863005994228,1.4316811360790147,0.23617174441122635,1.035083464046342,-0.4814607612315388,0.9210157017922567,-1.0161329645585022,0
-0.46546902347764374,-1.1099901739376037,1.5251962127575889,-0.45141818564755437,-0.404365943111267,0.9048055324001227,-0.5674373336626071,-1.461440576166749,0.001192415045823164,-0.2262991435398101,-0.997471732522988,1.3773824457421369,-1.0161329645585022,0
-0.634918112038349,0.9009088760241706,-0.502969299721533,-0.24370105305585468,-0.7423290972289317,-1.177851894974348,0.06599664927436881,0.853056793629862,1.3103629643673533,0.23238544103697253,-0.997471732522988,-1.202081759191968,0.9841231756854657,0
-0.634918112038349,-1.1099901739376037,-0.502969299721533,0.39189473767007377,-0.911310674287764,-1.177851894974348,0.4143853398897055,-1.461440576166749,-1.2475548781531747,-0.2262991435398101,-0.997471732522988,0.6432272489531993,-1.0161329645585022,0
-0.634918112038349,0.9009088760241706,-0.502969299721533,0.46076529307434677,-0.23538436605243465,-1.177851894974348,-0.7257958293968509,-0.3041918912684436,0.1119683846037988,-1.0289971665491795,-0.7394662468772634,0.5440170872249644,-1.0161329645585022,0
-0.46546902347764374,0.9009088760241706,-1.179024470547907,-0.6206650882542026,-0.23538436605243465,-1.177851894974348,-0.2507203421941191,1.4316811360790147,-1.4724636648314886,0.6910700256137552,-0.7394662468772634,-1.3012919209202027,0.9841231756854657,0
-0.634918112038349,0.9009088760241706,1.5251962127575889,0.07997950268043945,-0.911310674287764,-1.177851894974348,1.1745061194140765,-0.3041918912684436,-1.173704231781191,0.6910700256137552,-0.4814607612315388,-0.6068207888225592,0.9841231756854657,0
-0.634918112038349,-1.1099901739376037,0.8491410419312149,-1.0200227138133071,-0.911310674287764,0.21058638994196582,-1.121692068732461,0.853056793629862,0.5651428055227898,0.23238544103697253,-0.4814607612315388,-0.7258729828964409,-1.0161329645585022,1
-0.634918112038349,0.9009088760241706,-0.502969299721533,0.11639672367614078,-0.5733475201700994,0.21058638994196582,1.0161476236798326,-0.8828162337175963,0.4745079213389917,0.4617277333253637,-0.997471732522988,-0.44808453005738347,0.9841231756854657,0
-0.634918112038349,0.9009088760241706,-1.179024470547907,-0.7063703173711459,-0.911310674287764,0.9048055324001227,-0.2507203421941191,-1.461440576166749,1.5587696839822078,1.035083464046342,-0.997471732522988,-2.273551505856904,-1.0161329645585022,1
-0.634918112038349,0.9009088760241706,-0.502969299721533,0.09073411130926538,-0.5733475201700994,0.9048055324001227,-0.09236184645987515,0.2744324511807092,1.357358830240434,-0.34097028968400567,-0.997471732522988,1.0599099282117854,-1.0161329645585022,1
-0.2960199349169384,0.9009088760241706,-1.179024470547907,-0.27759149375697134,-0.23538436605243465,-1.177851894974348,0.5410721364771007,-1.461440576166749,1.451350561986595,0.8057411717579506,-0.997471732522988,-0.20998014190961997,-1.0161329645585022,1
-0.2960199349169384,-1.1099901739376037,-0.502969299721533,-0.6044779019920198,-0.5733475201700994,0.9048055324001227,0.5410721364771007,0.853056793629862,0.860545391010725,1.952452633199907,-0.997471732522988,0.9805417988291976,-1.0161329645585022,1
-0.9738162891597597,-1.1099901739376037,0.8491410419312149,0.15218224959819593,-0.911310674287764,0.9048055324001227,-0.7178779046101388,1.4316811360790147,-1.8752853723150364,-0.9143260204049839,-0.4814607612315388,-1.4401861473397315,0.9841231756854657,0
-0.46546902347764374,-1.1099901739376037,0.8491410419312149,-0.08773553937261692,-0.911310674287764,0.9048055324001227,-0.5674373336626071,0.2744324511807092,0.001192415045823164,-0.6849837281165926,-0.7394662468772634,-2.749760282152431,0.9841231756854657,0
-0.634918112038349,0.9009088760241706,1.5251962127575889,0.474520453302992,-0.7423290972289317,-1.177851894974348,-1.359229812333827,0.853056793629862,-1.1166378232210217,-1.487681751125962,-0.4814607612315388,1.337698381050843,0.9841231756854657,0
-1.143265377720465,0.9009088760241706,0.8491410419312149,-0.015453830570654681,-0.911310674287764,-1.177851894974348,-0.7257958293968509,-0.8828162337175963,-0.34120603631519225,-0.9143260204049839,-0.4814607612315388,-0.22982217425526694,-1.0161329645585022,0
-0.634918112038349,0.9009088760241706,-0.502969299721533,0.32662484418558396,-0.7423290972289317,0.9048055324001227,-0.7257958293968509,0.853056793629862,1.7937490133476108,-1.0289971665491795,-0.7394662468772634,0.782121475372728,-1.0161329645585022,0
-0.9738162891597597,-1.1099901739376037,1.5251962127575889,-0.4885934407316311,-0.911310674287764,0.9048055324001227,-0.8841543251310949,-1.461440576166749,0.001192415045823164,-0.6849837281165926,-0.7394662468772634,0.7027533459901402,0.9841231756854657,0
-0.2960199349169384,0.9009088760241706,-1.179024470547907,-0.2283824475199352,-0.404365943111267,-1.177851894974348,-0.17154109432699713,0.2744324511807092,-1.8752853723150364,-0.11162799739561437,-0.7394662468772634,1.3773824457421369,-1.0161329645585022,1
-0.8043672005990544,0.9009088760241706,0.8491410419312149,-0.10960798129761534,-0.911310674287764,-1.177851894974348,-0.4090788379283631,-0.8828162337175963,0.665848232393677,-0.45564143582820127,-0.997471732522988,-0.051243883144444294,0.9841231756854657,0
-0.9738162891597597,0.9009088760241706,-0.502969299721533,-0.41785938486010193,-0.911310674287764,0.9048055324001227,-0.7257958293968509,-1.461440576166749,-0.707102420612748,-0.570312581972397,-0.7394662468772634,-0.07108591549009124,-1.0161329645585022,0
-0.9738162891597597,-1.1099901739376037,1.5251962127575889,0.7790606483078073,-0.5733475201700994,-1.177851894974348,2.2830155895537843,-0.3041918912684436,2.9149360991768187,0.5763988794695595,-0.4814607612315388,-0.4877685947486774,-1.0161329645585022,1
-0.8043672005990544,-1.1099901739376037,-0.502969299721533,-0.7608540174731275,-0.7423290972289317,0.9048055324001227,-0.5674373336626071,0.853056793629862,0.001192415045823164,0.5763988794695595,-0.4814607612315388,-1.5790803737592602,0.9841231756854657,0
-0.634918112038349,-1.1099901739376037,-0.502969299721533,0.4591070935060256,-0.911310674287764,0.9048055324001227,0.06599664927436881,0.853056793629862,0.001192415045823164,-0.570312581972397,-0.4814607612315388,0.782121475372728,-1.0161329645585022,0
-0.634918112038349,-1.1099901739376037,0.8491410419312149,-0.8420426268135006,-0.5733475201700994,0.9048055324001227,0.06599664927436881,-0.8828162337175963,-0.3680608168140954,2.7551506562092767,-0.7394662468772634,-1.12271362980938,-1.0161329645585022,1
-0.2960199349169384,-1.1099901739376037,-1.179024470547907,-0.1340072035171984,-0.5733475201700994,0.9048055324001227,1.6495816066168083,-0.8828162337175963,0.001192415045823164,1.6084391947673204,-0.997471732522988,0.9606997664835506,-1.0161329645585022,1
-0.2960199349169384,0.9009088760241706,-0.502969299721533,1.214614401586837,-0.911310674287764,-1.177851894974348,4.024959042630468,-0.8828162337175963,2.431550050196561,0.9204123179021463,-0.7394662468772634,0.7225953783357871,0.9841231756854657,0
-0.2960199349169384,-1.1099901739376037,-0.502969299721533,0.3474076121085427,-0.7423290972289317,0.9048055324001227,0.8577891279455886,-1.461440576166749,1.676259348664909,0.1177142948927768,-0.997471732522988,-0.8250831446246757,-1.0161329645585022,1
-0.8043672005990544,-1.1099901739376037,0.8491410419312149,0.8100610840469928,-0.911310674287764,0.9048055324001227,4.024959042630468,-0.3041918912684436,3.018998373610068,1.4937680486231246,-0.997471732522988,-0.17029607721832604,-1.0161329645585022,1
-0.9738162891597597,0.9009088760241706,1.5251962127575889,-0.03427834376531035,-0.911310674287764,0.9048055324001227,-0.47242223622206064,-1.461440576166749,-0.707102420612748,-0.6849837281165926,-0.4814607612315388,1.0995939929030794,0.9841231756854657,0
-0.8043672005990544,-1.1099901739376037,-1.179024470547907,-0.4910570515188511,-0.404365943111267,0.9048055324001227,0.06599664927436881,1.4316811360790147,-0.21700267650776528,0.6910700256137552,-0.7394662468772634,-0.6068207888225592,0.9841231756854657,0
-0.46546902347764374,-1.1099901739376037,-1.179024470547907,-0.04858623718339595,-0.06640278899360229,0.9048055324001227,-1.2800505644667048,1.4316811360790147,-1.1804179269059165,-1.3730106049817663,-0.997471732522988,0.46464895784237664,-1.0161329645585022,0
-0.2960199349169384,0.9009088760241706,-0.502969299721533,-0.3350757454587722,-0.5733475201700994,0.9048055324001227,0.8577891279455886,-0.8828162337175963,2.562467105128714,1.379096902478929,-0.7394662468772634,0.782121475372728,-1.0161329645585022,1
-0.46546902347764374,-1.1099901739376037,-1.179024470547907,-0.18605887758564227,-0.5733475201700994,-1.177851894974348,-0.7257958293968509,0.853056793629862,-1.8752853723150364,-0.7996548742607882,-0.4814607612315388,-0.8647672093159696,-1.0161329645585022,0
-0.46546902347764374,-1.1099901739376037,0.8491410419312149,0.651110811140777,-0.23538436605243465,-1.177851894974348,1.2695212168546228,0.853056793629862,-0.1397951825734185,0.1177142948927768,-0.7394662468772634,-0.46792656240303043,-1.0161329645585022,0
-0.2960199349169384,-1.1099901739376037,0.8491410419312149,0.2693774781364004,-0.404365943111267,-1.177851894974348,-0.5199297849423339,1.4316811360790147,-1.7510820125076092,-0.9143260204049839,-0.4814607612315388,-0.17029607721832604,0.9841231756854657,0
-0.634918112038349,0.9009088760241706,-0.502969299721533,6.810485211481375,-0.404365943111267,-1.177851894974348,0.06599664927436881,-0.8828162337175963,-1.0495008719737637,-1.3730106049817663,-0.7394662468772634,0.14717644031202531,-1.0161329645585022,0
-0.634918112038349,-1.1099901739376037,0.8491410419312149,-0.1872117210950465,-0.404365943111267,-1.177851894974348,-0.2705151541608996,0.853056793629862,-0.11965409719924096,-0.2262991435398101,-0.7394662468772634,-1.3409759856114967,0.9841231756854657,0
-0.634918112038349,-1.1099901739376037,1.5251962127575889,1.4146564390337357,-0.911310674287764,-1.177851894974348,-0.5674373336626071,0.2744324511807092,0.04483143335654109,-1.143668312693375,-0.7394662468772634,0.4249648931510827,0.9841231756854657,0
-0.9738162891597597,-1.1099901739376037,-0.502969299721533,-0.565660239716463,-0.911310674287764,-1.177851894974348,-0.68620620546329,-1.461440576166749,0.001192415045823164,-0.2262991435398101,-0.997471732522988,0.8813316371009629,0.9841231756854657,0
-0.46546902347764374,0.9009088760241706,0.8491410419312149,-0.5974660866745474,-0.5733475201700994,0.9048055324001227,1.6495816066168083,-1.461440576166749,-0.7138161157374736,3.9018621176512323,-0.997471732522988,-1.8767108589439645,-1.0161329645585022,1
-0.46546902347764374,0.9009088760241706,-1.179024470547907,0.2605653318590364,-0.404365943111267,-0.4836327525161911,1.6495816066168083,1.4316811360790147,1.357358830240434,0.8057411717579506,-0.7394662468772634,-0.9838194033898514,0.9841231756854657,0
-0.46546902347764374,0.9009088760241706,-0.502969299721533,0.061597176037336096,-0.5733475201700994,0.9048055324001227,0.06599664927436881,-1.461440576166749,1.0351014642535956,-0.2262991435398101,-0.997471732522988,-0.15045404487267908,-1.0161329645585022,1
-1.143265377720465,0.9009088760241706,-0.502969299721533,-0.6814815314694871,-0.7423290972289317,0.9048055324001227,-0.7257958293968509,0.2744324511807092,1.327147202179168,0.003043148748581378,-0.4814607612315388,-0.7258729828964409,-1.0161329645585022,1
-0.9738162891597597,-1.1099901739376037,0.8491410419312149,-0.10948164228288611,-0.911310674287764,0.9048055324001227,-0.5634783712692509,-0.8828162337175963,0.001192415045823164,-0.6849837281165926,-0.4814607612315388,0.40512286080543575,0.9841231756854657,0
-0.634918112038349,0.9009088760241706,-0.502969299721533,-0.6881932916269775,-0.5733475201700994,-1.177851894974348,0.22435514500861276,1.4316811360790147,0.23617174441122635,1.8377814870557112,-0.997471732522988,0.028124246238143545,0.9841231756854657,0
-0.8043672005990544,-1.1099901739376037,-1.179024470547907,-0.5391132542464829,-0.911310674287764,0.9048055324001227,-1.2325430157464317,0.853056793629862,-0.6936750303632967,-1.143668312693375,-0.997471732522988,-0.686188918205147,-1.0161329645585022,0
-0.9738162891597597,0.9009088760241706,0.8491410419312149,-0.13130670707736106,-0.7423290972289317,0.9048055324001227,0.22435514500861276,-1.461440576166749,-0.08944246913797492,0.1177142948927768,-0.7394662468772634,-0.38855843302044263,0.9841231756854657,0
-0.8043672005990544,0.9009088760241706,0.8491410419312149,-0.6342781170912775,-0.7423290972289317,-1.177851894974348,-0.5674373336626071,1.4316811360790147,-0.0995130118250634,0.1177142948927768,-0.4814607612315388,0.8813316371009629,0.9841231756854657,0
-0.8043672005990544,0.9009088760241706,-0.502969299721533,-0.3328806050778518,-0.911310674287764,0.9048055324001227,0.06599664927436881,1.4316811360790147,0.6154955189582334,0.3470565871811683,-0.7394662468772634,0.3654387961141419,0.9841231756854657,0
-0.9738162891597597,-1.1099901739376037,-0.502969299721533,-0.5534369400414098,-0.7423290972289317,-1.177851894974348,0.05807872448765661,1.4316811360790147,-1.2475548781531747,0.9204123179021463,-0.7394662468772634,0.5043330225336705,0.9841231756854657,0
-0.46546902347764374,-1.1099901739376037,-0.502969299721533,-0.39672918464663776,-0.5733475201700994,-1.177851894974348,-0.9158260242779438,-0.8828162337175963,-0.11965409719924096,-0.7996548742607882,-0.7394662468772634,-0.22982217425526694,0.9841231756854657,0
-0.8043672005990544,-1.1099901739376037,-1.179024470547907,0.6549483587131774,-0.911310674287764,-1.177851894974348,-0.4090788379283631,-1.461440576166749,-0.811164695045998,-0.9143260204049839,-0.4814607612315388,-1.0830295651180861,0.9841231756854657,0
-0.46546902347764374,-1.1099901739376037,-0.502969299721533,-0.6931363055782588,-0.23538436605243465,0.9048055324001227,-1.121692068732461,0.2744324511807092,0.6154955189582334,-0.7996548742607882,-0.4814607612315388,1.5559607368529593,-1.0161329645585022,1
-0.9738162891597597,0.9009088760241706,0.8491410419312149,-1.0186487770281267,-0.911310674287764,0.9048055324001227,-0.45658638664863627,0.2744324511807092,-1.1233515183457474,3.328506386930255,-0.4814607612315388,-2.2140254088199627,-1.0161329645585022,1
-0.2960199349169384,-1.1099901739376037,-0.502969299721533,0.08424344442755105,-0.7423290972289317,0.9048055324001227,0.06599664927436881,-1.461440576166749,-0.522475804682789,-0.2262991435398101,-0.7394662468772634,-0.46792656240303043,0.9841231756854657,0
-0.9738162891597597,0.9009088760241706,0.8491410419312149,0.09735111720570895,-0.23538436605243465,0.9048055324001227,0.06599664927436881,-0.8828162337175963,0.5382880250238866,-0.2262991435398101,-0.997471732522988,0.6432272489531993,-1.0161329645585022,0
-0.634918112038349,-1.1099901739376037,-0.502969299721533,-0.6785915265075558,-0.5733475201700994,0.9048055324001227,-1.042512820865339,0.2744324511807092,-1.6705176710108995,-0.6849837281165926,-0.4814607612315388,-1.0433455004267922,0.9841231756854657,0
-0.2960199349169384,0.9009088760241706,0.8491410419312149,-0.781099844583487,-0.404365943111267,0.9048055324001227,-0.11215665842665565,-0.8828162337175963,-0.33784918875282943,1.7231103409115156,-0.7394662468772634,-1.182239726846321,-1.0161329645585022,1
-0.8043672005990544,-1.1099901739376037,0.8491410419312149,-0.4881670465569199,-0.7423290972289317,0.9048055324001227,-1.2008713165995828,-1.461440576166749,0.23617174441122635,-1.143668312693375,-0.4814607612315388,-0.2893482712922078,-1.0161329645585022,0
-0.46546902347764374,-1.1099901739376037,-0.502969299721533,2.054247701100476,-0.911310674287764,-1.177851894974348,-0.12403354560672394,-0.8828162337175963,1.0955247203761276,-1.143668312693375,-0.4814607612315388,-1.0631875327724392,0.9841231756854657,0
-0.2960199349169384,0.9009088760241706,1.5251962127575889,0.12977286686059827,-0.23538436605243465,-1.177851894974348,-0.804975077263973,1.4316811360790147,-1.0964967378468442,-1.0289971665491795,-0.7394662468772634,-1.2219237915376149,0.9841231756854657,0
-0.2960199349169384,0.9009088760241706,-1.179024470547907,0.17446529332106434,-0.23538436605243465,0.9048055324001227,1.6495816066168083,0.853056793629862,-1.3751150855229646,0.9204123179021463,-0.997471732522988,-1.0036614357354983,-1.0161329645585022,0
-0.46546902347764374,-1.1099901739376037,0.8491410419312149,-0.45034430402235587,-0.06640278899360229,0.9048055324001227,-1.2008713165995828,1.4316811360790147,-0.5896127559300467,-1.143668312693375,-0.7394662468772634,0.801963507718375,0.9841231756854657,0
-0.9738162891597597,0.9009088760241706,0.8491410419312149,0.44685220907729,-0.911310674287764,-1.177851894974348,-0.3298995900612411,0.2744324511807092,0.7497694214527494,-0.7996548742607882,-0.997471732522988,-2.829128411535019,-1.0161329645585022,1
-1.143265377720465,0.9009088760241706,1.5251962127575889,-1.0180170819544807,-0.911310674287764,0.9048055324001227,-1.1691996174527342,0.853056793629862,0.001192415045823164,0.003043148748581378,-0.4814607612315388,0.46464895784237664,-1.0161329645585022,1
-0.8043672005990544,0.9009088760241706,1.5251962127575889,-0.1576010145178826,-0.23538436605243465,-1.177851894974348,-1.359229812333827,-0.8828162337175963,0.001192415045823164,-1.487681751125962,-0.997471732522988,0.3455967637684949,-1.0161329645585022,0
-0.8043672005990544,-1.1099901739376037,0.8491410419312149,-0.30881302277193295,-0.911310674287764,-1.177851894974348,1.1745061194140765,1.4316811360790147,0.4745079213389917,1.6084391947673204,-0.4814607612315388,-2.3926036999307856,0.9841231756854657,0
-0.46546902347764374,-1.1099901739376037,-1.179024470547907,0.07885824392471752,-0.911310674287764,-1.177851894974348,0.38271364074285674,-0.3041918912684436,-0.21364582894540246,0.003043148748581378,-0.4814607612315388,0.4844909901880236,0.9841231756854657,0
-1.143265377720465,-1.1099901739376037,0.8491410419312149,-0.678496772246509,-0.911310674287764,0.9048055324001227,-0.5674373336626071,1.4316811360790147,0.7229146409538463,0.23238544103697253,-0.4814607612315388,-0.9639773710442044,-1.0161329645585022,1
-0.9738162891597597,0.9009088760241706,-1.179024470547907,0.6487103698609215,-0.911310674287764,-1.177851894974348,0.38271364074285674,-0.8828162337175963,0.03476089066945202,-0.45564143582820127,-0.4814607612315388,0.08765034327508442,0.9841231756854657,0
-0.9738162891597597,0.9009088760241706,-1.179024470547907,-0.613116332124131,-0.911310674287764,0.9048055324001227,0.5806617604106616,0.2744324511807092,0.001192415045823164,2.0671237793441026,-0.7394662468772634,-1.5790803737592602,-1.0161329645585022,1
-0.8043672005990544,-1.1099901739376037,1.5251962127575889,-0.8807971195816927,-0.7423290972289317,0.21058638994196582,-0.5674373336626071,-0.3041918912684436,-1.4993184453303918,1.2644257563347332,-0.4814607612315388,-0.30919030363785477,-1.0161329645585022,1
-0.46546902347764374,-1.1099901739376037,0.8491410419312149,-0.4664051512698096,-0.06640278899360229,0.9048055324001227,-0.2507203421941191,0.853056793629862,-0.005521280078902488,0.23238544103697253,-0.997471732522988,-0.4877685947486774,0.9841231756854657,0
-0.634918112038349,-1.1099901739376037,-0.502969299721533,-0.20414114906876368,-0.5733475201700994,-1.177851894974348,0.06599664927436881,-0.3041918912684436,-1.7510820125076092,0.1177142948927768,-0.997471732522988,0.38528082845978884,-1.0161329645585022,0
-0.634918112038349,0.9009088760241706,-1.179024470547907,-0.5793680228145848,-0.5733475201700994,-1.177851894974348,-0.15966420714692883,1.4316811360790147,-0.11965409719924096,0.6910700256137552,-0.7394662468772634,-0.5869787564769122,0.9841231756854657,0
-1.143265377720465,0.9009088760241706,-0.502969299721533,-0.07304862891034362,-0.911310674287764,-1.177851894974348,-0.5674373336626071,0.853056793629862,-1.173704231781191,-0.6849837281165926,-0.4814607612315388,0.5043330225336705,0.9841231756854657,0
-0.8043672005990544,-1.1099901739376037,0.8491410419312149,-0.2218128187540151,-0.7423290972289317,-1.177851894974348,-0.7257958293968509,0.853056793629862,-0.34120603631519225,-0.6849837281165926,-0.997471732522988,-0.3488743683291487,0.9841231756854657,0
-0.9738162891597597,-1.1099901739376037,-1.179024470547907,-1.045416855773883,-0.7423290972289317,0.9048055324001227,-0.9474977234247925,0.2744324511807092,0.4107278176540969,1.379096902478929,-0.7394662468772634,0.0479662785837905,-1.0161329645585022,1
-0.8043672005990544,-1.1099901739376037,-0.502969299721533,0.07988474841939253,-0.5733475201700994,0.21058638994196582,-0.9474977234247925,1.4316811360790147,-0.1397951825734185,-1.143668312693375,-0.4814607612315388,-0.686188918205147,0.9841231756854657,0
-0.8043672005990544,0.9009088760241706,0.8491410419312149,0.6489472555135388,-0.404365943111267,-1.177851894974348,2.4413740852880284,1.4316811360790147,0.23617174441122635,0.8057411717579506,-0.4814607612315388,-1.9362369559809054,0.9841231756854657,0
-1.143265377720465,0.9009088760241706,-0.502969299721533,-0.985674294183797,-0.7423290972289317,0.9048055324001227,-0.765385453330412,-0.8828162337175963,0.5785701957722418,1.4937680486231246,-0.997471732522988,-0.011559818453150373,-1.0161329645585022,1
-0.8043672005990544,0.9009088760241706,-0.502969299721533,0.07241495417352664,-0.5733475201700994,-1.177851894974348,-1.359229812333827,1.4316811360790147,1.0418151593783211,-1.487681751125962,-0.997471732522988,-1.6386064707962011,0.9841231756854657,0
-0.8043672005990544,-1.1099901739376037,0.8491410419312149,-0.4738907378925166,-0.911310674287764,0.9048055324001227,-0.7733033781171241,-0.8828162337175963,-1.0427871768490378,-0.570312581972397,-0.4814607612315388,0.16701847265767225,-1.0161329645585022,0
-0.8043672005990544,-1.1099901739376037,1.5251962127575889,-0.20264087326885405,-0.23538436605243465,-1.177851894974348,-0.2507203421941191,0.2744324511807092,0.954537122756886,-0.2262991435398101,-0.997471732522988,1.5162766721616654,0.9841231756854657,0
-0.46546902347764374,-1.1099901739376037,0.8491410419312149,1.4091606918930142,-0.23538436605243465,-1.177851894974348,4.024959042630468,0.853056793629862,-0.1397951825734185,0.8057411717579506,-0.4814607612315388,-2.571181991041608,0.9841231756854657,0
-0.8043672005990544,0.9009088760241706,1.5251962127575889,-0.43572056306744716,-0.911310674287764,-1.177851894974348,-0.09236184645987515,-0.8828162337175963,-0.46205254856025635,0.3470565871811683,-0.997471732522988,1.4369085427790778,0.9841231756854657,0
-0.9738162891597597,0.9009088760241706,-0.502969299721533,-0.6671578456745603,-0.911310674287764,0.9048055324001227,-1.01084112171849,-0.8828162337175963,0.3301634761573873,-0.6849837281165926,-0.4814607612315388,1.0599099282117854,-1.0161329645585022,0
-0.8043672005990544,-1.1099901739376037,-1.179024470547907,-0.3609436587245826,-0.7423290972289317,0.9048055324001227,-0.4407505370752119,-0.8828162337175963,-0.11965409719924096,-0.2262991435398101,-0.4814607612315388,0.9011736694466097,-1.0161329645585022,1
-0.8043672005990544,0.9009088760241706,-1.179024470547907,0.11821284701287349,-0.911310674287764,-1.177851894974348,-0.09236184645987515,1.4316811360790147,-1.4254677989584081,-0.45564143582820127,-0.997471732522988,-0.32903233598350173,0.9841231756854657,0
-1.143265377720465,0.9009088760241706,1.5251962127575889,-0.48079200657210097,-0.911310674287764,0.9048055324001227,-0.5674373336626071,-0.8828162337175963,0.16232109803924238,-0.2262991435398101,-0.997471732522988,-0.4282424977117365,0.9841231756854657,0
-0.2960199349169384,-1.1099901739376037,-1.179024470547907,-0.13375452548773994,-0.23538436605243465,0.9048055324001227,0.38271364074285674,0.2744324511807092,0.001192415045823164,0.3470565871811683,-0.4814607612315388,0.782121475372728,-1.0161329645585022,1
-0.9738162891597597,0.9009088760241706,0.8491410419312149,0.0333919909990349,-0.911310674287764,0.9048055324001227,-0.3298995900612411,1.4316811360790147,-0.41841353024953903,-0.570312581972397,-0.7394662468772634,-1.3211339532658497,0.9841231756854657,0
-1.143265377720465,-1.1099901739376037,0.8491410419312149,-0.8112790767269324,-0.911310674287764,-1.177851894974348,-0.4090788379283631,-1.461440576166749,-0.707102420612748,1.2644257563347332,-0.4814607612315388,-1.162397694500674,0.9841231756854657,0
-0.634918112038349,-1.1099901739376037,1.5251962127575889,-0.6751803731098666,-0.404365943111267,0.9048055324001227,-0.5674373336626071,-1.461440576166749,-1.173704231781191,0.23238544103697253,-0.7394662468772634,0.7424374106814341,0.9841231756854657,0
-0.9738162891597597,-1.1099901739376037,-1.179024470547907,-0.29788469799785433,-0.911310674287764,-1.177851894974348,0.06599664927436881,1.4316811360790147,-0.37813135950118393,0.23238544103697253,-0.4814607612315388,-0.44808453005738347,-1.0161329645585022,0
-1.143265377720465,0.9009088760241706,0.8491410419312149,-0.8982950731216914,-0.911310674287764,0.9048055324001227,-1.042512820865339,-1.461440576166749,-1.0427871768490378,-0.11162799739561437,-0.997471732522988,0.2463866020402601,-1.0161329645585022,1
-0.634918112038349,-1.1099901739376037,1.5251962127575889,-0.5849269394626709,-0.911310674287764,0.9048055324001227,-0.7257958293968509,1.4316811360790147,0.16232109803924238,-0.2262991435398101,-0.7394662468772634,-0.051243883144444294,0.9841231756854657,0
-1.143265377720465,0.9009088760241706,1.5251962127575889,-0.9084179866768712,-0.911310674287764,0.9048055324001227,-1.01084112171849,1.4316811360790147,-0.8447331706696268,0.003043148748581378,-0.997471732522988,-0.03140185079879733,-1.0161329645585022,1
-0.46546902347764374,0.9009088760241706,0.8491410419312149,0.6122457717346967,-0.911310674287764,0.21058638994196582,-1.2008713165995828,-0.3041918912684436,-1.2207000976542715,-1.3730106049817663,-0.7394662468772634,0.286070666731554,-1.0161329645585022,0
-0.8043672005990544,0.9009088760241706,0.8491410419312149,-0.2616096083937234,-0.911310674287764,0.9048055324001227,-0.8841543251310949,0.853056793629862,0.9981761410676039,-0.9143260204049839,-0.997471732522988,-0.36871640067479566,-1.0161329645585022,0
-0.2960199349169384,-1.1099901739376037,0.8491410419312149,0.6470363779157592,-0.7423290972289317,-1.177851894974348,-0.3298995900612411,-1.461440576166749,-0.901799579229796,-0.9143260204049839,-0.7394662468772634,0.028124246238143545,0.9841231756854657,0
-0.8043672005990544,0.9009088760241706,0.8491410419312149,-0.6216126308646719,-0.911310674287764,0.9048055324001227,-0.7574675285436998,1.4316811360790147,1.1861596045599256,-0.2262991435398101,-0.4814607612315388,-0.7060309505507939,0.9841231756854657,0
-0.634918112038349,0.9009088760241706,1.5251962127575889,0.8843800094614639,-0.5733475201700994,-1.177851894974348,-0.963333572998217,0.853056793629862,-1.8752853723150364,-1.2583394588375707,-0.4814607612315388,1.0797519605574324,-1.0161329645585022,0
-0.8043672005990544,0.9009088760241706,-0.502969299721533,-0.6351782825712233,-0.911310674287764,0.9048055324001227,-0.8841543251310949,-0.8828162337175963,-1.1166378232210217,-0.45564143582820127,-0.7394662468772634,-1.3409759856114967,0.9841231756854657,0
-0.2960199349169384,-1.1099901739376037,1.5251962127575889,0.0430569256258212,-0.5733475201700994,-1.177851894974348,0.8577891279455886,0.2744324511807092,1.8407448792206904,0.4617277333253637,-0.7394662468772634,1.4567505751247247,-1.0161329645585022,1
-0.8043672005990544,0.9009088760241706,-1.179024470547907,-0.8564136897389508,-0.5733475201700994,0.9048055324001227,-1.327558113186978,0.2744324511807092,-1.0427871768490378,-1.0289971665491795,-0.997471732522988,-0.09092794783573821,-1.0161329645585022,0
-0.634918112038349,-1.1099901739376037,-1.179024470547907,-0.38125265534230673,-0.23538436605243465,0.9048055324001227,1.1745061194140765,0.853056793629862,-0.21028898138303903,1.8377814870557112,-0.7394662468772634,0.06780831092943747,-1.0161329645585022,1
-0.46546902347764374,-1.1099901739376037,0.8491410419312149,-0.18648527176035343,-0.911310674287764,0.9048055324001227,-0.4090788379283631,0.853056793629862,1.0787404825643134,-0.45564143582820127,-0.4814607612315388,-0.4877685947486774,-1.0161329645585022,0
-0.46546902347764374,0.9009088760241706,-0.502969299721533,-0.5855902192899994,-0.5733475201700994,0.21058638994196582,-0.8841543251310949,1.4316811360790147,0.7061304031420315,-0.570312581972397,-0.4814607612315388,0.4844909901880236,0.9841231756854657,0
-0.46546902347764374,0.9009088760241706,1.5251962127575889,-0.6815920781073751,-0.23538436605243465,0.9048055324001227,-0.8841543251310949,0.2744324511807092,-0.41841353024953903,-0.34097028968400567,-0.7394662468772634,0.10749237562073138,0.9841231756854657,0
-0.8043672005990544,-1.1099901739376037,-1.179024470547907,0.4928238180618895,-0.911310674287764,-1.177851894974348,1.3328646151483206,-0.8828162337175963,0.561785957960427,0.23238544103697253,-0.997471732522988,-0.38855843302044263,-1.0161329645585022,0
-0.634918112038349,0.9009088760241706,0.8491410419312149,-0.1780995196577006,-0.404365943111267,0.9048055324001227,1.6495816066168083,0.2744324511807092,1.253296555807184,1.7231103409115156,-0.4814607612315388,-3.106916864374076,-1.0161329645585022,1
-0.634918112038349,0.9009088760241706,-0.502969299721533,0.36152599700453447,-0.7423290972289317,0.9048055324001227,2.4413740852880284,0.2744324511807092,-0.12972463988633004,1.1497546101905376,-0.4814607612315388,0.9805417988291976,0.9841231756854657,0
-0.8043672005990544,0.9009088760241706,-0.502969299721533,0.08299584665709989,-0.5733475201700994,0.9048055324001227,-0.6307807319563046,-1.461440576166749,0.7061304031420315,-0.7996548742607882,-0.4814607612315388,0.8614896047553159,-1.0161329645585022,0
-0.8043672005990544,0.9009088760241706,0.8491410419312149,-0.5418611278168438,-0.911310674287764,-1.177851894974348,-0.9474977234247925,0.2744324511807092,1.5486991412951188,-0.6849837281165926,-0.4814607612315388,-0.13061201252703214,-1.0161329645585022,1
-0.46546902347764374,-1.1099901739376037,-0.502969299721533,-0.42806126029948743,-0.23538436605243465,-1.177851894974348,0.06599664927436881,-1.461440576166749,-1.0495008719737637,0.5763988794695595,-0.7394662468772634,0.9011736694466097,0.9841231756854657,0
-0.634918112038349,0.9009088760241706,-1.179024470547907,-0.07326972218611978,-0.911310674287764,-1.177851894974348,-0.5357656345157582,0.853056793629862,0.001192415045823164,-0.6849837281165926,-0.997471732522988,-0.6663468858595001,0.9841231756854657,0
-0.8043672005990544,-1.1099901739376037,-0.502969299721533,-0.11401405443629732,-0.5733475201700994,0.9048055324001227,-0.09236184645987515,1.4316811360790147,-1.623521805137819,-0.2262991435398101,-0.997471732522988,0.9210157017922567,-1.0161329645585022,0
-0.8043672005990544,0.9009088760241706,-0.502969299721533,-0.6362205794427395,-0.911310674287764,0.9048055324001227,-0.17154109432699713,0.2744324511807092,0.7229146409538463,0.8057411717579506,-0.4814607612315388,-0.44808453005738347,0.9841231756854657,0
-0.634918112038349,-1.1099901739376037,-1.179024470547907,-0.4523973130117059,-0.404365943111267,0.9048055324001227,0.38271364074285674,0.2744324511807092,-1.1233515183457474,1.035083464046342,-0.997471732522988,-0.36871640067479566,-1.0161329645585022,0
-0.46546902347764374,-1.1099901739376037,1.5251962127575889,-0.42915093430152706,-0.23538436605243465,0.21058638994196582,0.6677589330644959,1.4316811360790147,0.15896425047687956,1.379096902478929,-0.997471732522988,0.7027533459901402,0.9841231756854657,0
-0.634918112038349,0.9009088760241706,0.8491410419312149,0.2705934911531693,-0.7423290972289317,-1.177851894974348,-0.7257958293968509,1.4316811360790147,1.5486991412951188,-1.0289971665491795,-0.997471732522988,-0.09092794783573821,0.9841231756854657,0
-0.46546902347764374,0.9009088760241706,0.8491410419312149,0.21446738385970765,-0.06640278899360229,-1.177851894974348,-0.3774071387815143,-1.461440576166749,2.5255417819427226,-0.6849837281165926,-0.997471732522988,-1.8370267942526706,-1.0161329645585022,1
-0.634918112038349,0.9009088760241706,-0.502969299721533,-0.05376613678729449,-0.5733475201700994,-1.177851894974348,-0.5674373336626071,-0.8828162337175963,-1.7510820125076092,-0.6849837281165926,-0.7394662468772634,0.4249648931510827,0.9841231756854657,0
-0.46546902347764374,0.9009088760241706,0.8491410419312149,-0.041148027691212376,0.10257878806523006,-1.177851894974348,-0.4090788379283631,-1.461440576166749,0.16232109803924238,-0.570312581972397,-0.4814607612315388,-0.051243883144444294,-1.0161329645585022,1
-0.9738162891597597,0.9009088760241706,0.8491410419312149,-0.8861981124613675,-0.911310674287764,-1.177851894974348,-0.7257958293968509,-0.8828162337175963,1.451350561986595,0.8057411717579506,-0.997471732522988,-1.202081759191968,-1.0161329645585022,1
-0.9738162891597597,0.9009088760241706,-1.179024470547907,0.4402194108040053,-0.911310674287764,-1.177851894974348,1.0161476236798326,1.4316811360790147,0.7430557263280237,0.1177142948927768,-0.997471732522988,-0.8647672093159696,0.9841231756854657,0
-0.634918112038349,0.9009088760241706,-0.502969299721533,0.2695827790353354,-0.5733475201700994,-1.177851894974348,1.0161476236798326,-0.8828162337175963,-1.0495008719737637,0.23238544103697253,-0.7394662468772634,1.5758027691986063,0.9841231756854657,0
-0.634918112038349,0.9009088760241706,-0.502969299721533,-0.12870096489857064,-0.5733475201700994,-1.177851894974348,-0.4407505370752119,-0.8828162337175963,0.5114332445249834,-0.570312581972397,-0.997471732522988,-2.194183376474316,-1.0161329645585022,1
-0.46546902347764374,0.9009088760241706,-0.502969299721533,-0.5991400786197096,-0.23538436605243465,0.9048055324001227,0.06599664927436881,-0.8828162337175963,0.9343960373827085,1.1497546101905376,-0.997471732522988,-0.15045404487267908,-1.0161329645585022,1
-0.9738162891597597,0.9009088760241706,1.5251962127575889,-0.30723378508781757,-0.5733475201700994,0.21058638994196582,-0.5674373336626071,1.4316811360790147,-0.6936750303632967,-0.45564143582820127,-0.4814607612315388,-1.102871597463733,0.9841231756854657,0
-0.634918112038349,0.9009088760241706,1.5251962127575889,-0.6787178655222851,-0.911310674287764,0.9048055324001227,0.06599664927436881,0.853056793629862,2.780662196682302,1.4937680486231246,-0.7394662468772634,0.5043330225336705,-1.0161329645585022,1
-0.634918112038349,0.9009088760241706,-0.502969299721533,-0.3741776705174697,-0.5733475201700994,0.9048055324001227,-0.5713962960559631,0.853056793629862,1.159304824061023,-0.34097028968400567,-0.4814607612315388,0.4844909901880236,-1.0161329645585022,1
-0.46546902347764374,0.9009088760241706,-0.502969299721533,0.26612424850712263,-0.5733475201700994,0.9048055324001227,1.0161476236798326,1.4316811360790147,-0.37813135950118393,0.3470565871811683,-0.997471732522988,-0.15045404487267908,-1.0161329645585022,0
-0.634918112038349,-1.1099901739376037,1.5251962127575889,0.45702249976299325,-0.5733475201700994,0.9048055324001227,-0.5674373336626071,-1.461440576166749,0.9780350556934264,-0.9143260204049839,-0.7394662468772634,1.5361187045073124,0.9841231756854657,0
-0.46546902347764374,0.9009088760241706,-0.502969299721533,-0.6184225707427587,-0.5733475201700994,-1.177851894974348,-1.042512820865339,1.4316811360790147,0.3301634761573873,-0.7996548742607882,-0.7394662468772634,-1.142555662155027,-1.0161329645585022,0
-1.143265377720465,-1.1099901739376037,-0.502969299721533,-0.8724429522327223,-0.911310674287764,0.9048055324001227,-1.2008713165995828,0.2744324511807092,0.001192415045823164,-0.6849837281165926,-0.7394662468772634,-0.8846092416616166,0.9841231756854657,0
-0.8043672005990544,-1.1099901739376037,0.8491410419312149,-0.2260451757474444,-0.7423290972289317,0.9048055324001227,-1.2800505644667048,-0.8828162337175963,-0.4654093961226198,-1.3730106049817663,-0.4814607612315388,-1.7378166325244357,0.9841231756854657,0
-0.9738162891597597,0.9009088760241706,-0.502969299721533,-0.6768069879245054,-0.911310674287764,0.9048055324001227,-0.4882580857954851,0.2744324511807092,0.954537122756886,0.4617277333253637,-0.7394662468772634,1.1789621222856672,-1.0161329645585022,0
-0.634918112038349,0.9009088760241706,0.8491410419312149,0.07911092195417598,-0.5733475201700994,0.9048055324001227,0.7627740305050422,1.4316811360790147,0.561785957960427,0.3470565871811683,-0.4814607612315388,-0.6266628211682062,-1.0161329645585022,0
-0.8043672005990544,-1.1099901739376037,-0.502969299721533,0.5727806220086527,-0.404365943111267,0.9048055324001227,0.06599664927436881,-0.8828162337175963,-0.11965409719924096,-0.570312581972397,-0.7394662468772634,0.8416475724096689,0.9841231756854657,0
-0.9738162891597597,-1.1099901739376037,0.8491410419312149,-0.5057123772274421,-0.911310674287764,-1.177851894974348,-0.4090788379283631,-0.8828162337175963,-0.6936750303632967,0.1177142948927768,-0.7394662468772634,0.14717644031202531,-1.0161329645585022,1
-0.2960199349169384,0.9009088760241706,-0.502969299721533,0.7473337632339287,-0.911310674287764,-1.177851894974348,-0.7257958293968509,0.2744324511807092,-0.8447331706696268,-1.143668312693375,-0.4814607612315388,-0.26950623894656084,-1.0161329645585022,0
-0.9738162891597597,-1.1099901739376037,-1.179024470547907,-0.18771707715396344,-0.911310674287764,0.9048055324001227,1.3724542390818815,-0.8828162337175963,1.9112386780303117,1.4937680486231246,-0.7394662468772634,0.14717644031202531,-1.0161329645585022,1
-0.8043672005990544,-1.1099901739376037,-0.502969299721533,0.6477470348736111,-0.5733475201700994,0.9048055324001227,-0.8604005507709583,-0.8828162337175963,-0.11965409719924096,-1.2583394588375707,-0.4814607612315388,1.337698381050843,0.9841231756854657,0
-0.9738162891597597,0.9009088760241706,-0.502969299721533,-0.33840793697225574,-0.7423290972289317,0.9048055324001227,-1.359229812333827,-0.8828162337175963,-1.2475548781531747,-1.3730106049817663,-0.4814607612315388,0.10749237562073138,0.9841231756854657,0
-1.143265377720465,-1.1099901739376037,-1.179024470547907,-0.5856375964205229,-0.911310674287764,0.9048055324001227,0.06599664927436881,1.4316811360790147,-1.1233515183457474,1.035083464046342,-0.7394662468772634,-0.9441353386985575,0.9841231756854657,0
-1.143265377720465,0.9009088760241706,1.5251962127575889,-0.4870299954243568,-0.911310674287764,0.9048055324001227,0.38271364074285674,-0.8828162337175963,-1.0427871768490378,1.1497546101905376,-0.4814607612315388,-0.46792656240303043,0.9841231756854657,0
-0.9738162891597597,0.9009088760241706,-0.502969299721533,-0.8863876209834614,-0.911310674287764,0.21058638994196582,0.38271364074285674,1.4316811360790147,-1.8752853723150364,4.131204409939624,-0.997471732522988,0.0479662785837905,-1.0161329645585022,1
-0.46546902347764374,0.9009088760241706,-0.502969299721533,-0.6836766718504075,-0.404365943111267,0.9048055324001227,-1.2008713165995828,0.2744324511807092,-0.21028898138303903,-1.0289971665491795,-0.7394662468772634,-0.26950623894656084,0.9841231756854657,0
-0.46546902347764374,0.9009088760241706,-1.179024470547907,0.5767129238421,-0.911310674287764,0.9048055324001227,0.38271364074285674,-1.461440576166749,0.3301634761573873,-0.45564143582820127,-0.7394662468772634,-0.190138109563973,0.9841231756854657,0
-0.46546902347764374,0.9009088760241706,0.8491410419312149,0.6740255499372915,-0.7423290972289317,0.9048055324001227,-1.2008713165995828,0.853056793629862,-1.2475548781531747,-1.3730106049817663,-0.7394662468772634,-0.9441353386985575,0.9841231756854657,0
-0.2960199349169384,0.9009088760241706,1.5251962127575889,-0.743893004745728,-0.7423290972289317,-1.177851894974348,-0.17154109432699713,-1.461440576166749,0.7464125738903866,1.379096902478929,-0.4814607612315388,0.5837011519162584,-1.0161329645585022,0
-0.634918112038349,-1.1099901739376037,-0.502969299721533,-0.6948734670307857,-0.5733475201700994,-1.177851894974348,-1.121692068732461,-1.461440576166749,-1.4254677989584081,-0.7996548742607882,-0.997471732522988,0.06780831092943747,0.9841231756854657,0
-0.46546902347764374,0.9009088760241706,-1.179024470547907,-0.4181436476432427,-0.911310674287764,0.9048055324001227,0.06599664927436881,0.853056793629862,1.5587696839822078,0.5763988794695595,-0.997471732522988,-3.6823358023978376,-1.0161329645585022,1
-0.46546902347764374,-1.1099901739376037,-1.179024470547907,-0.3973924644739662,-0.911310674287764,0.9048055324001227,0.2639447689421738,-0.8828162337175963,-0.5459737376193288,0.8057411717579506,-0.4814607612315388,0.14717644031202531,0.9841231756854657,0
-0.634918112038349,-1.1099901739376037,-1.179024470547907,-0.18340575827632838,-0.5733475201700994,-1.177851894974348,1.6495816066168083,-1.461440576166749,1.9112386780303117,1.7231103409115156,-0.4814607612315388,1.1988041546313142,-1.0161329645585022,1
-0.9738162891597597,-1.1099901739376037,-1.179024470547907,-0.6196227913826865,-0.911310674287764,0.9048055324001227,-0.7257958293968509,-0.8828162337175963,-0.25392799969375696,-0.2262991435398101,-0.997471732522988,0.5241750548793175,-1.0161329645585022,0
-0.634918112038349,0.9009088760241706,-0.502969299721533,0.07655255690590902,-0.23538436605243465,-1.177851894974348,2.4413740852880284,-1.461440576166749,-0.4654093961226198,1.7231103409115156,-0.4814607612315388,1.0202258635204915,-1.0161329645585022,0
-0.8043672005990544,0.9009088760241706,0.8491410419312149,0.04572583731197624,-0.5733475201700994,-1.177851894974348,0.30353439287573475,0.2744324511807092,-0.34120603631519225,0.003043148748581378,-0.997471732522988,-1.2616078562289088,-1.0161329645585022,0
-0.9738162891597597,-1.1099901739376037,-1.179024470547907,-0.5393185551454179,-0.911310674287764,0.9048055324001227,0.06599664927436881,-0.8828162337175963,-1.371758237960602,0.9204123179021463,-0.997471732522988,0.9011736694466097,0.9841231756854657,0
-0.9738162891597597,0.9009088760241706,0.8491410419312149,-0.7711822319272422,-0.911310674287764,0.9048055324001227,-0.3298995900612411,-1.461440576166749,1.327147202179168,1.1497546101905376,-0.7394662468772634,-0.15045404487267908,-1.0161329645585022,1
-0.634918112038349,-1.1099901739376037,0.8491410419312149,-0.06344686379092195,-0.911310674287764,0.9048055324001227,0.8577891279455886,-0.8828162337175963,-0.522475804682789,0.6910700256137552,-0.997471732522988,-0.9044512740072636,0.9841231756854657,0
-0.2960199349169384,-1.1099901739376037,0.8491410419312149,-0.4875511438601149,-0.404365943111267,0.9048055324001227,-0.7257958293968509,0.853056793629862,-0.3680608168140954,-0.45564143582820127,-0.7394662468772634,0.14717644031202531,0.9841231756854657,0
-0.46546902347764374,0.9009088760241706,0.8491410419312149,0.26800354135122,-0.911310674287764,0.9048055324001227,1.6495816066168083,1.4316811360790147,1.092167872813765,0.8057411717579506,-0.997471732522988,-2.194183376474316,0.9841231756854657,0
-0.8043672005990544,0.9009088760241706,0.8491410419312149,-0.2048991831571391,-0.5733475201700994,0.9048055324001227,-0.8524826259842462,0.2744324511807092,-0.3680608168140954,-0.9143260204049839,-0.4814607612315388,1.0599099282117854,0.9841231756854657,0
-0.46546902347764374,-1.1099901739376037,0.8491410419312149,0.6445253899980157,0.2715603651240624,0.9048055324001227,1.8079401023510524,-0.3041918912684436,1.8407448792206904,0.3470565871811683,-0.7394662468772634,1.0599099282117854,-1.0161329645585022,1
-0.9738162891597597,-1.1099901739376037,-0.502969299721533,-0.29936918142092284,-0.911310674287764,0.9048055324001227,-0.8841543251310949,-0.8828162337175963,-1.371758237960602,-0.7996548742607882,-0.4814607612315388,0.5837011519162584,0.9841231756854657,0
-1.143265377720465,0.9009088760241706,1.5251962127575889,-0.5237472715800401,-0.7423290972289317,0.9048055324001227,-0.7257958293968509,-0.8828162337175963,-0.1397951825734185,-0.34097028968400567,-0.7394662468772634,0.46464895784237664,-1.0161329645585022,0
-0.634918112038349,-1.1099901739376037,0.8491410419312149,-0.08249247026135377,-0.911310674287764,0.9048055324001227,0.4223032646764177,-1.461440576166749,0.4107278176540969,0.23238544103697253,-0.997471732522988,-0.7655570475877348,0.9841231756854657,0
-0.8043672005990544,0.9009088760241706,0.8491410419312149,-0.2241185057728236,-0.911310674287764,-1.177851894974348,0.8577891279455886,-1.461440576166749,-0.0860856215756121,1.035083464046342,-0.997471732522988,-1.5592383414136133,0.9841231756854657,0
-0.9738162891597597,-1.1099901739376037,0.8491410419312149,-0.0760491805101629,-0.911310674287764,0.9048055324001227,-0.18737694390042153,0.2744324511807092,0.8269769153870962,-0.34097028968400567,-0.7394662468772634,-1.0433455004267922,0.9841231756854657,0
-0.9738162891597597,-1.1099901739376037,0.8491410419312149,-0.5791627219156498,-0.911310674287764,0.9048055324001227,-0.4882580857954851,-0.8828162337175963,1.6594751108530943,0.1177142948927768,-0.7394662468772634,0.0479662785837905,-1.0161329645585022,1
-0.8043672005990544,-1.1099901739376037,-1.179024470547907,-0.2988638253620059,-0.7423290972289317,0.9048055324001227,0.06599664927436881,-0.8828162337175963,-0.46205254856025635,0.23238544103697253,-0.7394662468772634,-0.4877685947486774,-1.0161329645585022,0
-0.46546902347764374,0.9009088760241706,-0.502969299721533,-0.3873169280493099,-0.5733475201700994,-1.177851894974348,0.5410721364771007,-0.8828162337175963,0.665848232393677,1.035083464046342,-0.997471732522988,1.1194360252487263,-1.0161329645585022,0
-1.143265377720465,-1.1099901739376037,-1.179024470547907,-0.3449143962308112,-0.911310674287764,0.9048055324001227,-0.3298995900612411,-0.8828162337175963,-0.005521280078902488,-0.11162799739561437,-0.7394662468772634,0.38528082845978884,0.9841231756854657,0
-0.8043672005990544,-1.1099901739376037,1.5251962127575889,-0.14294568880929162,-0.911310674287764,0.9048055324001227,-0.2507203421941191,-0.8828162337175963,-0.21364582894540246,-0.34097028968400567,-0.997471732522988,-2.0156050853634935,0.9841231756854657,0
-0.9738162891597597,0.9009088760241706,-0.502969299721533,-0.10757076468510646,-0.23538436605243465,-1.177851894974348,-0.4090788379283631,0.2744324511807092,-1.2979075915886182,-0.45564143582820127,-0.7394662468772634,0.8614896047553159,-1.0161329645585022,0
-0.9738162891597597,0.9009088760241706,-0.502969299721533,-0.45299742333166976,-0.7423290972289317,0.21058638994196582,0.7627740305050422,-0.8828162337175963,0.001192415045823164,1.6084391947673204,-0.4814607612315388,-0.2893482712922078,-1.0161329645585022,0
-0.8043672005990544,0.9009088760241706,-1.179024470547907,0.1736914668558478,-0.404365943111267,0.9048055324001227,0.06599664927436881,1.4316811360790147,0.16232109803924238,-0.34097028968400567,-0.4814607612315388,0.801963507718375,0.9841231756854657,0
-0.2960199349169384,-1.1099901739376037,-0.502969299721533,-0.06684222481177007,-0.404365943111267,0.9048055324001227,0.38271364074285674,0.2744324511807092,0.4107278176540969,0.23238544103697253,-0.4814607612315388,-0.2893482712922078,-1.0161329645585022,0
-0.9738162891597597,0.9009088760241706,-0.502969299721533,-0.6081891105496909,-0.404365943111267,-1.177851894974348,-0.7257958293968509,-1.461440576166749,0.954537122756886,-0.2262991435398101,-0.7394662468772634,-0.190138109563973,-1.0161329645585022,0
-0.8043672005990544,-1.1099901739376037,-0.502969299721533,0.23131784994921906,-0.911310674287764,0.9048055324001227,1.6495816066168083,0.2744324511807092,0.001192415045823164,0.8057411717579506,-0.4814607612315388,-0.17029607721832604,0.9841231756854657,0
-1.143265377720465,0.9009088760241706,1.5251962127575889,0.6124510726336317,-0.911310674287764,-1.177851894974348,-0.5674373336626071,-1.461440576166749,-0.1397951825734185,-1.0289971665491795,-0.4814607612315388,-0.190138109563973,0.9841231756854657,0
-0.8043672005990544,-1.1099901739376037,0.8491410419312149,0.37673405590256587,-0.911310674287764,-1.177851894974348,-0.5674373336626071,1.4316811360790147,-0.33784918875282943,-0.9143260204049839,-0.997471732522988,-0.6068207888225592,0.9841231756854657,0
-0.634918112038349,0.9009088760241706,-0.502969299721533,-0.39211781060902073,-0.7423290972289317,0.9048055324001227,0.38271364074285674,-1.461440576166749,-0.005521280078902488,0.9204123179021463,-0.7394662468772634,-0.7655570475877348,0.9841231756854657,0
-0.8043672005990544,0.9009088760241706,-0.502969299721533,-0.6103842509306113,-0.911310674287764,0.9048055324001227,-0.09236184645987515,0.2744324511807092,0.001192415045823164,0.9204123179021463,-0.4814607612315388,0.10749237562073138,-1.0161329645585022,1
-0.2960199349169384,-1.1099901739376037,-1.179024470547907,-0.20663634460966604,0.10257878806523006,0.9048055324001227,-1.01084112171849,-1.461440576166749,-0.8447331706696268,-1.0289971665491795,-0.997471732522988,-0.7655570475877348,-1.0161329645585022,0
-0.8043672005990544,0.9009088760241706,0.8491410419312149,-0.7175671125515242,-0.5733475201700994,0.9048055324001227,-0.646616581529729,1.4316811360790147,0.5114332445249834,0.23238544103697253,-0.997471732522988,-0.22982217425526694,0.9841231756854657,0
-0.8043672005990544,-1.1099901739376037,-0.502969299721533,-0.9059859606433335,-0.911310674287764,0.9048055324001227,-0.8841543251310949,-1.461440576166749,-0.005521280078902488,0.4617277333253637,-0.7394662468772634,-0.5671367241312653,-1.0161329645585022,1
-0.9738162891597597,-1.1099901739376037,-1.179024470547907,-0.09329445602070316,-0.911310674287764,0.9048055324001227,-0.7257958293968509,0.2744324511807092,-0.34120603631519225,-0.7996548742607882,-0.997471732522988,-0.36871640067479566,0.9841231756854657,0
-0.9738162891597597,-1.1099901739376037,-1.179024470547907,0.5571461689359102,-0.23538436605243465,-1.177851894974348,-0.3774071387815143,1.4316811360790147,0.4107278176540969,-0.9143260204049839,-0.4814607612315388,0.5440170872249644,-1.0161329645585022,0
-0.46546902347764374,-1.1099901739376037,-0.502969299721533,0.08065857488460908,-0.404365943111267,0.9048055324001227,2.4413740852880284,-0.8828162337175963,1.4110683912382405,1.7231103409115156,-0.4814607612315388,0.7622794430270811,-1.0161329645585022,1
-0.2960199349169384,-1.1099901739376037,-1.179024470547907,-0.7193674435114157,-0.5733475201700994,-1.177851894974348,-0.5674373336626071,1.4316811360790147,-1.0495008719737637,0.3470565871811683,-0.7394662468772634,0.286070666731554,0.9841231756854657,0
-0.8043672005990544,0.9009088760241706,-1.179024470547907,0.3749495173195154,-0.7423290972289317,0.9048055324001227,1.1745061194140765,-1.461440576166749,0.7061304031420315,0.23238544103697253,-0.7394662468772634,0.9011736694466097,0.9841231756854657,0
-0.2960199349169384,-1.1099901739376037,-0.502969299721533,-0.40266711833891167,-0.06640278899360229,-1.177851894974348,-0.4882580857954851,-1.461440576166749,1.1223795008750308,-0.2262991435398101,-0.7394662468772634,-1.12271362980938,-1.0161329645585022,0
-0.9738162891597597,0.9009088760241706,-0.502969299721533,-0.14193497669145774,-0.911310674287764,-0.4836327525161911,0.8577891279455886,1.4316811360790147,0.9343960373827085,0.8057411717579506,-0.997471732522988,-0.9441353386985575,0.9841231756854657,0
-0.9738162891597597,0.9009088760241706,-1.179024470547907,-0.3951341545856812,-0.7423290972289317,0.9048055324001227,-0.6624524311031534,-1.461440576166749,-1.2475548781531747,-0.45564143582820127,-0.997471732522988,0.801963507718375,0.9841231756854657,0
-0.8043672005990544,0.9009088760241706,-1.179024470547907,-0.4245553526407512,-0.911310674287764,0.9048055324001227,0.1372579723547786,0.853056793629862,0.860545391010725,0.6910700256137552,-0.7394662468772634,-0.2893482712922078,-1.0161329645585022,0
-0.2960199349169384,0.9009088760241706,1.5251962127575889,0.6881913119638067,-0.23538436605243465,-1.177851894974348,1.6495816066168083,-0.8828162337175963,0.11868207972852446,0.23238544103697253,-0.4814607612315388,0.7424374106814341,-1.0161329645585022,0
-0.9738162891597597,0.9009088760241706,-1.179024470547907,0.15813597566731102,-0.911310674287764,-1.177851894974348,-1.121692068732461,0.2744324511807092,-1.4724636648314886,-1.2583394588375707,-0.7394662468772634,-0.9639773710442044,0.9841231756854657,0
-0.634918112038349,0.9009088760241706,-1.179024470547907,-0.8070783044871855,-0.7423290972289317,0.9048055324001227,-0.646616581529729,1.4316811360790147,-1.4993184453303918,0.5763988794695595,-0.7394662468772634,0.8416475724096689,-1.0161329645585022,0
-0.8043672005990544,-1.1099901739376037,-0.502969299721533,-0.3204362121270224,-0.23538436605243465,-1.177851894974348,-0.8841543251310949,-0.8828162337175963,1.0015329886299666,-0.7996548742607882,-0.7394662468772634,0.9210157017922567,-1.0161329645585022,0
-0.8043672005990544,0.9009088760241706,0.8491410419312149,-0.30300142809438824,-0.911310674287764,-1.177851894974348,0.06599664927436881,0.853056793629862,-0.005521280078902488,0.23238544103697253,-0.7394662468772634,-0.5274526594399713,0.9841231756854657,0
-0.2960199349169384,0.9009088760241706,0.8491410419312149,0.3635158364865199,-0.5733475201700994,-1.177851894974348,0.8577891279455886,-1.461440576166749,0.5785701957722418,0.1177142948927768,-0.7394662468772634,-0.03140185079879733,0.9841231756854657,0
-0.9738162891597597,0.9009088760241706,1.5251962127575889,-0.33681290691129917,-0.7423290972289317,0.9048055324001227,-0.3774071387815143,-0.8828162337175963,-0.4654093961226198,-0.2262991435398101,-0.7394662468772634,1.258330251668255,-1.0161329645585022,0
-0.8043672005990544,0.9009088760241706,0.8491410419312149,-0.1568113956758249,-0.911310674287764,-1.177851894974348,2.4413740852880284,0.2744324511807092,0.8336906105118219,2.525808363920885,-0.7394662468772634,-0.4282424977117365,-1.0161329645585022,1
-0.634918112038349,-1.1099901739376037,-1.179024470547907,-0.6570665168730628,-0.911310674287764,0.9048055324001227,-0.4090788379283631,1.4316811360790147,1.8877407450937713,0.4617277333253637,-0.997471732522988,0.286070666731554,0.9841231756854657,0
-1.143265377720465,0.9009088760241706,-0.502969299721533,-0.8258554405513177,-0.911310674287764,0.9048055324001227,-1.121692068732461,-1.461440576166749,1.7736079279734327,-0.570312581972397,-0.997471732522988,0.3455967637684949,-1.0161329645585022,1
-0.634918112038349,-1.1099901739376037,-1.179024470547907,-0.778336178636285,-0.911310674287764,0.9048055324001227,-0.8208109268373974,-0.8828162337175963,-1.4254677989584081,0.003043148748581378,-0.997471732522988,-0.7457150152420878,-1.0161329645585022,0
-0.9738162891597597,0.9009088760241706,0.8491410419312149,-0.8170432942739537,-0.911310674287764,0.9048055324001227,-0.3298995900612411,-1.461440576166749,-0.41841353024953903,1.4937680486231246,-0.7394662468772634,-0.190138109563973,-1.0161329645585022,1
-0.9738162891597597,-1.1099901739376037,1.5251962127575889,-0.6166222397828672,-0.5733475201700994,-1.177851894974348,-0.6743293182832217,-1.461440576166749,1.2029438423717405,-0.11162799739561437,-0.4814607612315388,-1.142555662155027,-1.0161329645585022,1
-0.634918112038349,0.9009088760241706,-1.179024470547907,-0.6751329959793431,-0.404365943111267,0.9048055324001227,-0.2903099661276801,0.853056793629862,0.001192415045823164,0.8057411717579506,-0.4814607612315388,-1.0631875327724392,0.9841231756854657,0
-0.46546902347764374,-1.1099901739376037,-0.502969299721533,-0.5831581932564617,0.10257878806523006,0.9048055324001227,-0.8841543251310949,1.4316811360790147,-1.173704231781191,-0.570312581972397,-0.4814607612315388,0.5043330225336705,0.9841231756854657,0
-0.9738162891597597,-1.1099901739376037,-0.502969299721533,1.1668424616423458,-0.911310674287764,-1.177851894974348,0.8577891279455886,0.2744324511807092,-1.1804179269059165,-0.45564143582820127,-0.4814607612315388,-1.6981325678331418,0.9841231756854657,0
-0.634918112038349,-1.1099901739376037,-1.179024470547907,-0.9132030768597409,-0.23538436605243465,0.9048055324001227,-1.042512820865339,-0.8828162337175963,1.4312094766124175,0.003043148748581378,-0.997471732522988,-0.40840046536608954,-1.0161329645585022,1
-0.8043672005990544,0.9009088760241706,0.8491410419312149,-0.39467617565728774,-0.911310674287764,0.9048055324001227,-0.5674373336626071,-0.8828162337175963,0.16232109803924238,-0.34097028968400567,-0.7394662468772634,-0.40840046536608954,0.9841231756854657,0
-0.634918112038349,-1.1099901739376037,0.8491410419312149,-0.011016172678290383,-0.911310674287764,-1.177851894974348,0.0026532509806712224,0.853056793629862,0.3301634761573873,-0.2262991435398101,-0.7394662468772634,-0.15045404487267908,-1.0161329645585022,0
-0.2960199349169384,-1.1099901739376037,0.8491410419312149,0.054664322604069455,-0.23538436605243465,-1.177851894974348,-0.5357656345157582,-1.461440576166749,1.6729025011025462,-0.7996548742607882,-0.7394662468772634,0.4844909901880236,-1.0161329645585022,1
-0.2960199349169384,0.9009088760241706,1.5251962127575889,-0.3797681719192383,0.10257878806523006,0.9048055324001227,-0.09236184645987515,-1.461440576166749,-1.2979075915886182,0.23238544103697253,-0.7394662468772634,0.5440170872249644,0.9841231756854657,0
-0.634918112038349,0.9009088760241706,1.5251962127575889,-0.3364496822439526,-0.06640278899360229,-1.177851894974348,-0.7257958293968509,1.4316811360790147,-1.6839450612603513,-0.570312581972397,-0.4814607612315388,0.32575473142284794,0.9841231756854657,0
-0.9738162891597597,0.9009088760241706,-1.179024470547907,-0.9990504373682545,-0.911310674287764,0.9048055324001227,-1.121692068732461,-0.3041918912684436,-0.3680608168140954,0.1177142948927768,-0.7394662468772634,0.4844909901880236,-1.0161329645585022,1
-0.46546902347764374,0.9009088760241706,0.8491410419312149,-0.31964659328496464,-0.23538436605243465,-1.177851894974348,-0.4090788379283631,0.853056793629862,-1.3482603050240614,-0.2262991435398101,-0.7394662468772634,0.4249648931510827,-1.0161329645585022,0
-0.9738162891597597,0.9009088760241706,1.5251962127575889,-0.10204343279070253,-0.911310674287764,0.9048055324001227,-0.646616581529729,1.4316811360790147,-1.0495008719737637,-0.7996548742607882,-0.7394662468772634,1.3972244780877838,0.9841231756854657,0
-0.9738162891597597,0.9009088760241706,0.8491410419312149,-0.7427559536131649,-0.5733475201700994,0.9048055324001227,-0.963333572998217,0.853056793629862,1.4312094766124175,-0.34097028968400567,-0.7394662468772634,0.5241750548793175,-1.0161329645585022,0
-0.634918112038349,0.9009088760241706,-1.179024470547907,-0.449949494601327,-0.5733475201700994,-1.177851894974348,-0.4090788379283631,-0.3041918912684436,-0.811164695045998,0.003043148748581378,-0.7394662468772634,0.6035431842619053,0.9841231756854657,0
-0.9738162891597597,0.9009088760241706,-1.179024470547907,-0.29674764686529126,-0.911310674287764,0.9048055324001227,0.06599664927436881,-0.8828162337175963,-0.5661148229935064,0.23238544103697253,-0.7394662468772634,0.40512286080543575,0.9841231756854657,0
-0.46546902347764374,0.9009088760241706,1.5251962127575889,-0.6014141808848359,0.2715603651240624,-1.177851894974348,0.9290504510259984,0.2744324511807092,0.0716862138554443,2.640479510065081,-0.4814607612315388,0.14717644031202531,-1.0161329645585022,1
-0.634918112038349,-1.1099901739376037,-1.179024470547907,0.27462054724766355,-0.911310674287764,-1.177851894974348,-0.5674373336626071,0.853056793629862,-0.811164695045998,-0.9143260204049839,-0.997471732522988,-0.46792656240303043,-1.0161329645585022,0
-0.634918112038349,0.9009088760241706,1.5251962127575889,-0.18552193677304302,-0.5733475201700994,0.9048055324001227,1.1745061194140765,-0.3041918912684436,-1.173704231781191,1.2644257563347332,-0.997471732522988,0.26622863438590705,0.9841231756854657,0
-0.2960199349169384,-1.1099901739376037,0.8491410419312149,0.001491389779903651,-0.23538436605243465,0.9048055324001227,2.3226052134873454,-0.8828162337175963,1.327147202179168,1.8377814870557112,-0.4814607612315388,-2.5116558940046674,-1.0161329645585022,1
-0.8043672005990544,-1.1099901739376037,-1.179024470547907,0.3080372166435456,-0.5733475201700994,0.9048055324001227,1.792104252777628,-1.461440576166749,0.5651428055227898,0.8057411717579506,-0.997471732522988,-0.4877685947486774,0.9841231756854657,0
-0.46546902347764374,-1.1099901739376037,-0.502969299721533,-0.36143322240665837,-0.5733475201700994,0.9048055324001227,0.38271364074285674,-0.8828162337175963,0.7061304031420315,0.8057411717579506,-0.4814607612315388,-1.2417658238832618,-1.0161329645585022,1
-0.8043672005990544,-1.1099901739376037,-0.502969299721533,0.8056076337777873,-0.911310674287764,0.9048055324001227,0.06599664927436881,-1.461440576166749,0.001192415045823164,-0.6849837281165926,-0.7394662468772634,-0.17029607721832604,-1.0161329645585022,1
-0.46546902347764374,0.9009088760241706,1.5251962127575889,0.22959648087353327,-0.911310674287764,-1.177851894974348,-0.09236184645987515,-1.461440576166749,0.25966967734776614,-0.45564143582820127,-0.7394662468772634,0.22654456969461315,-1.0161329645585022,1
-0.634918112038349,0.9009088760241706,0.8491410419312149,0.024785145620605926,-0.7423290972289317,-1.177851894974348,0.40646741510299333,-0.3041918912684436,-0.21364582894540246,0.1177142948927768,-0.7394662468772634,-0.5274526594399713,0.9841231756854657,0
-0.9738162891597597,0.9009088760241706,0.8491410419312149,-0.8768016482408808,-0.911310674287764,0.9048055324001227,-0.2903099661276801,0.2744324511807092,1.2835081838684501,2.0671237793441026,-0.4814607612315388,1.0599099282117854,-1.0161329645585022,1
-0.8043672005990544,0.9009088760241706,0.8491410419312149,-0.4244763907565455,-0.911310674287764,0.9048055324001227,-0.07652599688645076,-0.8828162337175963,0.7497694214527494,0.3470565871811683,-0.7394662468772634,-1.7775006972157297,-1.0161329645585022,1
-0.634918112038349,0.9009088760241706,-0.502969299721533,0.2681930498733138,-0.23538436605243465,-1.177851894974348,-0.6386986567430168,0.2744324511807092,-0.8447331706696268,-0.9143260204049839,-0.7394662468772634,0.9805417988291976,-1.0161329645585022,0
-0.9738162891597597,0.9009088760241706,-0.502969299721533,-0.27966029512316254,-0.911310674287764,0.9048055324001227,-0.3298995900612411,-0.8828162337175963,0.7430557263280237,-0.2262991435398101,-0.997471732522988,1.278172284013902,0.9841231756854657,0
-0.2960199349169384,0.9009088760241706,-1.179024470547907,1.0737148154100602,-0.06640278899360229,0.9048055324001227,0.06599664927436881,-0.3041918912684436,-0.11965409719924096,-0.7996548742607882,-0.997471732522988,-0.8449251769703227,0.9841231756854657,0
-0.9738162891597597,-1.1099901739376037,-1.179024470547907,-0.6135111415451598,-0.911310674287764,0.21058638994196582,-0.7257958293968509,-1.461440576166749,2.431550050196561,-0.2262991435398101,-0.997471732522988,0.8813316371009629,-1.0161329645585022,0
-0.9738162891597597,-1.1099901739376037,-0.502969299721533,0.43232322238342824,-0.911310674287764,-1.177851894974348,-1.042512820865339,-0.8828162337175963,-1.7510820125076092,-1.2583394588375707,-0.997471732522988,-0.03140185079879733,0.9841231756854657,0
-0.8043672005990544,0.9009088760241706,0.8491410419312149,-0.7025169774219043,-0.404365943111267,0.9048055324001227,-1.0741845200121878,-0.8828162337175963,-0.21028898138303903,-0.6849837281165926,-0.997471732522988,0.028124246238143545,-1.0161329645585022,0
-0.9738162891597597,0.9009088760241706,-1.179024470547907,-0.3370813773175988,-0.404365943111267,-1.177851894974348,0.05411976209430051,-0.8828162337175963,-0.46205254856025635,0.3470565871811683,-0.7394662468772634,-0.15045404487267908,0.9841231756854657,0
-0.8043672005990544,0.9009088760241706,-0.502969299721533,0.18316689296054026,-0.911310674287764,0.9048055324001227,-0.5674373336626071,1.4316811360790147,0.15896425047687956,-0.7996548742607882,-0.997471732522988,0.06780831092943747,-1.0161329645585022,0
-0.634918112038349,0.9009088760241706,-1.179024470547907,0.8368133704159079,-0.404365943111267,0.9048055324001227,0.38271364074285674,0.853056793629862,-1.0427871768490378,-0.570312581972397,-0.7394662468772634,-2.3330776028938445,0.9841231756854657,0
-0.2960199349169384,0.9009088760241706,-0.502969299721533,-0.3688240547683185,-0.911310674287764,-1.177851894974348,-0.4090788379283631,-1.461440576166749,-0.34120603631519225,-0.2262991435398101,-0.4814607612315388,0.9210157017922567,-1.0161329645585022,1
-0.634918112038349,0.9009088760241706,0.8491410419312149,0.3625525014992095,-0.5733475201700994,0.9048055324001227,1.0161476236798326,-0.3041918912684436,-1.3751150855229646,0.23238544103697253,-0.7394662468772634,-0.9838194033898514,-1.0161329645585022,0
-0.8043672005990544,-1.1099901739376037,1.5251962127575889,-0.3906491195627934,-0.404365943111267,0.9048055324001227,-1.248378865319856,-0.8828162337175963,1.2465828606824585,-1.2583394588375707,-0.997471732522988,1.8734332543833108,-1.0161329645585022,0
-0.8043672005990544,-1.1099901739376037,0.8491410419312149,0.11736005866345117,-0.911310674287764,0.9048055324001227,0.19268344586176397,-0.8828162337175963,-1.0495008719737637,-0.2262991435398101,-0.997471732522988,0.028124246238143545,0.9841231756854657,0
-1.143265377720465,-1.1099901739376037,-1.179024470547907,-0.57478823353065,-0.911310674287764,0.9048055324001227,-0.5674373336626071,-0.8828162337175963,0.001192415045823164,0.003043148748581378,-0.4814607612315388,0.5043330225336705,-1.0161329645585022,0
-1.143265377720465,-1.1099901739376037,-0.502969299721533,-0.9472040641987457,-0.5733475201700994,0.9048055324001227,-1.0741845200121878,0.2744324511807092,-1.2106295549671826,0.003043148748581378,-0.4814607612315388,-2.134657279437375,-1.0161329645585022,1
-0.634918112038349,0.9009088760241706,1.5251962127575889,-0.4738433607619931,-0.911310674287764,0.9048055324001227,-0.2190486430472703,0.2744324511807092,0.11868207972852446,0.23238544103697253,-0.4814607612315388,0.5837011519162584,-1.0161329645585022,0
-0.46546902347764374,0.9009088760241706,-0.502969299721533,0.7476338183939107,0.10257878806523006,-1.177851894974348,0.38271364074285674,1.4316811360790147,0.6154955189582334,-0.570312581972397,-0.7394662468772634,-0.7258729828964409,-1.0161329645585022,0
-1.143265377720465,0.9009088760241706,0.8491410419312149,-0.7587220465995717,-0.911310674287764,0.9048055324001227,-0.2903099661276801,-0.8828162337175963,1.9112386780303117,1.1497546101905376,-0.7394662468772634,-1.7576586648700827,-1.0161329645585022,1
-0.634918112038349,0.9009088760241706,-1.179024470547907,-0.6519971639070524,-0.23538436605243465,0.9048055324001227,0.6202513843442227,1.4316811360790147,0.8135495251376443,2.411137217776689,-0.4814607612315388,-1.4997122443766724,-1.0161329645585022,1
-0.9738162891597597,0.9009088760241706,-0.502969299721533,-0.10809191312086454,-0.5733475201700994,-1.177851894974348,0.06599664927436881,-1.461440576166749,-0.707102420612748,0.003043148748581378,-0.7394662468772634,0.801963507718375,-1.0161329645585022,0
-0.634918112038349,-1.1099901739376037,0.8491410419312149,-0.7152140484021922,-0.404365943111267,0.9048055324001227,-0.5040939353689095,0.2744324511807092,1.256653403369547,0.4617277333253637,-0.4814607612315388,0.9011736694466097,0.9841231756854657,0
-0.8043672005990544,0.9009088760241706,0.8491410419312149,0.6473522254525823,-0.7423290972289317,-1.177851894974348,-0.7574675285436998,-0.8828162337175963,0.16232109803924238,-1.143668312693375,-0.4814607612315388,-0.7457150152420878,0.9841231756854657,0
-0.8043672005990544,0.9009088760241706,1.5251962127575889,-0.6187700030332642,-0.911310674287764,0.9048055324001227,-1.2008713165995828,-0.8828162337175963,1.2465828606824585,-1.0289971665491795,-0.997471732522988,0.5440170872249644,0.9841231756854657,0
-1.143265377720465,-1.1099901739376037,0.8491410419312149,-0.6992005782852619,-0.911310674287764,0.9048055324001227,0.22435514500861276,0.853056793629862,1.0787404825643134,1.952452633199907,-0.4814607612315388,-0.8449251769703227,-1.0161329645585022,1
-0.9738162891597597,0.9009088760241706,0.8491410419312149,-0.39077545857752266,-0.911310674287764,-1.177851894974348,-0.2507203421941191,-0.8828162337175963,1.8407448792206904,0.1177142948927768,-0.4814607612315388,-0.36871640067479566,-1.0161329645585022,0
-0.9738162891597597,0.9009088760241706,0.8491410419312149,-0.7684659431105637,-0.911310674287764,0.21058638994196582,0.24019099458203716,-0.8828162337175963,-0.46205254856025635,2.525808363920885,-0.7394662468772634,-0.17029607721832604,0.9841231756854657,0
-0.46546902347764374,-1.1099901739376037,1.5251962127575889,0.5094058137451013,-0.5733475201700994,0.9048055324001227,0.38271364074285674,-0.3041918912684436,0.001192415045823164,-0.34097028968400567,-0.7394662468772634,0.32575473142284794,-1.0161329645585022,0
-0.634918112038349,-1.1099901739376037,0.8491410419312149,-0.7444141531814861,-0.7423290972289317,0.9048055324001227,-0.11215665842665565,-0.8828162337175963,-1.4724636648314886,1.4937680486231246,-0.7394662468772634,-1.0235034680811452,-1.0161329645585022,1
-0.634918112038349,-1.1099901739376037,-1.179024470547907,0.021610877875533955,-0.7423290972289317,0.21058638994196582,1.0161476236798326,0.2744324511807092,0.5651428055227898,0.6910700256137552,-0.997471732522988,-0.5671367241312653,0.9841231756854657,0
-0.46546902347764374,0.9009088760241706,-0.502969299721533,-0.06117276152579576,-0.5733475201700994,0.9048055324001227,0.38271364074285674,-1.461440576166749,1.934736610966852,0.23238544103697253,-0.4814607612315388,0.9408577341379036,-1.0161329645585022,1
-0.2960199349169384,0.9009088760241706,1.5251962127575889,0.23226539255968828,-0.5733475201700994,-1.177851894974348,-0.3774071387815143,1.4316811360790147,-1.4724636648314886,-0.6849837281165926,-0.4814607612315388,1.4369085427790778,-1.0161329645585022,0
-0.8043672005990544,0.9009088760241706,1.5251962127575889,0.04125659466592964,-0.911310674287764,0.9048055324001227,0.7627740305050422,1.4316811360790147,2.344272013575125,0.3470565871811683,-0.997471732522988,0.38528082845978884,-1.0161329645585022,1
-0.634918112038349,0.9009088760241706,0.8491410419312149,-0.5860955753489164,-0.404365943111267,0.9048055324001227,-1.2246250909597194,0.2744324511807092,-1.3046212867133438,-1.143668312693375,-0.7394662468772634,-2.8489704438806656,0.9841231756854657,0
-0.46546902347764374,-1.1099901739376037,-0.502969299721533,-0.39830842233075314,-0.5733475201700994,0.9048055324001227,0.06599664927436881,0.2744324511807092,0.2965950005337584,0.4617277333253637,-0.7394662468772634,-0.9441353386985575,0.9841231756854657,0
-0.8043672005990544,0.9009088760241706,1.5251962127575889,0.062007777835206106,-0.911310674287764,-1.177851894974348,0.8577891279455886,-0.3041918912684436,1.327147202179168,0.4617277333253637,-0.4814607612315388,-0.09092794783573821,-1.0161329645585022,1
-0.9738162891597597,0.9009088760241706,1.5251962127575889,0.26770348619123807,-0.7423290972289317,-1.177851894974348,-1.2800505644667048,-1.461440576166749,-0.21364582894540246,-1.3730106049817663,-0.4814607612315388,0.5638591195706114,-1.0161329645585022,0
-0.2960199349169384,-1.1099901739376037,-0.502969299721533,-0.19193364177055158,-0.5733475201700994,0.9048055324001227,-0.22696656783398253,-1.461440576166749,0.6255660616453219,-0.2262991435398101,-0.997471732522988,0.40512286080543575,0.9841231756854657,0
-0.8043672005990544,0.9009088760241706,0.8491410419312149,-0.48894087302213646,-0.911310674287764,-1.177851894974348,-0.7257958293968509,0.2744324511807092,-1.1166378232210217,-0.45564143582820127,-0.7394662468772634,0.801963507718375,-1.0161329645585022,0
-0.634918112038349,-1.1099901739376037,-0.502969299721533,-0.30895515416350333,-0.911310674287764,0.21058638994196582,-0.8841543251310949,0.853056793629862,0.6893461653302174,-0.7996548742607882,-0.7394662468772634,-0.8052411122790287,0.9841231756854657,0
-0.634918112038349,0.9009088760241706,-1.179024470547907,-0.22193915776874434,-0.5733475201700994,-1.177851894974348,-0.8841543251310949,0.853056793629862,-0.34120603631519225,-0.9143260204049839,-0.997471732522988,-1.9163949236352584,0.9841231756854657,0
-0.8043672005990544,-1.1099901739376037,-1.179024470547907,-0.28953053064888384,-0.911310674287764,-1.177851894974348,-1.121692068732461,1.4316811360790147,-0.005521280078902488,-1.143668312693375,-0.997471732522988,-1.4401861473397315,0.9841231756854657,0
-0.9738162891597597,-1.1099901739376037,-0.502969299721533,-0.46428897277309494,-0.404365943111267,0.9048055324001227,-0.7257958293968509,1.4316811360790147,0.001192415045823164,-0.45564143582820127,-0.997471732522988,-0.9838194033898514,0.9841231756854657,0
-0.46546902347764374,-1.1099901739376037,0.8491410419312149,0.08214305830767757,-0.06640278899360229,-1.177851894974348,1.0161476236798326,-0.8828162337175963,0.3939435798422821,0.5763988794695595,-0.4814607612315388,-1.202081759191968,0.9841231756854657,0
-0.8043672005990544,-1.1099901739376037,-0.502969299721533,0.4011016933684666,-0.5733475201700994,-1.177851894974348,-0.3298995900612411,-1.461440576166749,0.09182729922962125,-0.7996548742607882,-0.4814607612315388,0.3654387961141419,0.9841231756854657,0
-1.143265377720465,-1.1099901739376037,0.8491410419312149,0.1323470242857064,-0.911310674287764,0.9048055324001227,0.6994306322113446,-0.8828162337175963,0.8336906105118219,0.23238544103697253,-0.7394662468772634,-1.7973427295613766,0.9841231756854657,0
-0.634918112038349,0.9009088760241706,1.5251962127575889,-0.4507864905739082,-0.7423290972289317,-1.177851894974348,-1.121692068732461,0.853056793629862,1.4345663241747801,-1.0289971665491795,-0.997471732522988,-0.9242933063529105,0.9841231756854657,0
-0.2960199349169384,-1.1099901739376037,0.8491410419312149,-0.09117827752398852,-0.06640278899360229,-1.177851894974348,0.38271364074285674,-1.461440576166749,0.4040141225293712,0.23238544103697253,-0.4814607612315388,-0.9441353386985575,0.9841231756854657,0
-0.8043672005990544,0.9009088760241706,-0.502969299721533,2.5418531284479498,-0.911310674287764,-1.177851894974348,-0.5674373336626071,-0.8828162337175963,0.2865244578466693,-1.3730106049817663,-0.7394662468772634,1.1789621222856672,-1.0161329645585022,0
-0.46546902347764374,0.9009088760241706,-0.502969299721533,-0.16974535230873009,-0.23538436605243465,0.9048055324001227,0.8577891279455886,0.853056793629862,0.954537122756886,0.9204123179021463,-0.997471732522988,0.08765034327508442,-1.0161329645585022,0
-0.2960199349169384,-1.1099901739376037,-1.179024470547907,-0.8523550488907743,-0.404365943111267,0.21058638994196582,-0.2507203421941191,1.4316811360790147,0.9343960373827085,1.952452633199907,-0.997471732522988,0.6035431842619053,0.9841231756854657,0
-0.46546902347764374,-1.1099901739376037,-0.502969299721533,-0.2004931100184571,-0.911310674287764,-1.177851894974348,2.314687288700633,-1.461440576166749,-0.8447331706696268,2.525808363920885,-0.997471732522988,-1.2417658238832618,-1.0161329645585022,0
-0.634918112038349,-1.1099901739376037,0.8491410419312149,-0.37229837767337237,-0.404365943111267,0.9048055324001227,0.19268344586176397,1.4316811360790147,0.7229146409538463,0.5763988794695595,-0.4814607612315388,0.6829113136444932,-1.0161329645585022,0
-1.143265377720465,0.9009088760241706,-0.502969299721533,-0.8599669745282105,-0.911310674287764,0.9048055324001227,-0.804975077263973,1.4316811360790147,-0.005521280078902488,0.4617277333253637,-0.7394662468772634,-0.26950623894656084,0.9841231756854657,0
-0.8043672005990544,-1.1099901739376037,-1.179024470547907,-0.5851638251152883,-0.7423290972289317,0.9048055324001227,-0.47242223622206064,1.4316811360790147,-1.1804179269059165,0.1177142948927768,-0.997471732522988,-0.9639773710442044,-1.0161329645585022,0
-0.46546902347764374,0.9009088760241706,-0.502969299721533,0.21582552826804688,-0.23538436605243465,-1.177851894974348,-0.9752104601782853,-1.461440576166749,0.3939435798422821,-1.143668312693375,-0.4814607612315388,0.6432272489531993,-1.0161329645585022,0
-0.2960199349169384,0.9009088760241706,-0.502969299721533,0.6498474209934846,-0.404365943111267,-1.177851894974348,2.2830155895537843,-1.461440576166749,-0.005521280078902488,0.6910700256137552,-0.4814607612315388,-1.0036614357354983,0.9841231756854657,0
-0.2960199349169384,-1.1099901739376037,-0.502969299721533,-0.6003402992596374,0.4405419421828948,-1.177851894974348,0.38271364074285674,0.853056793629862,-1.6705176710108995,1.7231103409115156,-0.997471732522988,0.305912699077201,-1.0161329645585022,0
-0.46546902347764374,0.9009088760241706,-0.502969299721533,-0.2558927679772256,-0.5733475201700994,-1.177851894974348,-0.8999901747045194,-0.8828162337175963,0.001192415045823164,-0.9143260204049839,-0.4814607612315388,-1.0433455004267922,0.9841231756854657,0
-0.634918112038349,0.9009088760241706,0.8491410419312149,0.5182653371529887,-0.5733475201700994,-1.177851894974348,0.38271364074285674,-1.461440576166749,1.7736079279734327,-0.34097028968400567,-0.7394662468772634,-0.40840046536608954,-1.0161329645585022,1
-0.46546902347764374,-1.1099901739376037,-1.179024470547907,-0.6948418822771034,-0.5733475201700994,0.9048055324001227,-1.042512820865339,-0.8828162337175963,-1.4724636648314886,-0.6849837281165926,-0.4814607612315388,-1.182239726846321,-1.0161329645585022,1
-1.143265377720465,0.9009088760241706,1.5251962127575889,-0.8703267737360076,-0.911310674287764,0.21058638994196582,-1.121692068732461,-0.8828162337175963,-0.46205254856025635,-0.45564143582820127,-0.7394662468772634,0.8614896047553159,-1.0161329645585022,0
-0.634918112038349,0.9009088760241706,1.5251962127575889,1.028817088050659,-0.911310674287764,0.21058638994196582,-0.6822472430699339,-0.8828162337175963,-1.8752853723150364,-1.143668312693375,-0.4814607612315388,0.4249648931510827,0.9841231756854657,0
-0.8043672005990544,0.9009088760241706,-1.179024470547907,-0.5650285446428168,-0.404365943111267,0.9048055324001227,0.06599664927436881,-0.8828162337175963,-0.34120603631519225,1.035083464046342,-0.997471732522988,-2.49181386165902,0.9841231756854657,0
-0.8043672005990544,-1.1099901739376037,-0.502969299721533,0.12070804255377583,-0.911310674287764,0.9048055324001227,3.2331665639592484,0.2744324511807092,-0.11965409719924096,2.2964660716324943,-0.997471732522988,1.0995939929030794,-1.0161329645585022,1
-0.8043672005990544,0.9009088760241706,0.8491410419312149,0.009482332461527618,-0.7423290972289317,0.9048055324001227,-0.7257958293968509,0.2744324511807092,-0.2069321338206762,-0.9143260204049839,-0.4814607612315388,-1.0235034680811452,0.9841231756854657,0
-0.634918112038349,0.9009088760241706,-0.502969299721533,2.4108395701737355,-0.5733475201700994,-1.177851894974348,0.06599664927436881,-0.8828162337175963,0.6893461653302174,-1.143668312693375,-0.4814607612315388,0.4844909901880236,-1.0161329645585022,0
-0.2960199349169384,0.9009088760241706,0.8491410419312149,0.5071317114799752,-0.23538436605243465,0.9048055324001227,0.38271364074285674,-1.461440576166749,0.23617174441122635,-0.34097028968400567,-0.4814607612315388,-1.0036614357354983,-1.0161329645585022,0
-0.634918112038349,0.9009088760241706,1.5251962127575889,0.7415379609332252,-0.911310674287764,0.9048055324001227,0.6677589330644959,-0.3041918912684436,-1.1233515183457474,-0.34097028968400567,-0.7394662468772634,0.40512286080543575,0.9841231756854657,0
-0.46546902347764374,-1.1099901739376037,0.8491410419312149,-0.3901437635038765,-0.911310674287764,0.9048055324001227,-0.2507203421941191,1.4316811360790147,-0.21028898138303903,0.003043148748581378,-0.997471732522988,0.08765034327508442,0.9841231756854657,0
-0.8043672005990544,-1.1099901739376037,0.8491410419312149,0.17937672251866327,-0.911310674287764,0.9048055324001227,-0.7257958293968509,0.853056793629862,0.001192415045823164,-1.0289971665491795,-0.4814607612315388,0.10749237562073138,-1.0161329645585022,0
-0.634918112038349,0.9009088760241706,-1.179024470547907,-0.41441664670873035,-0.404365943111267,0.9048055324001227,0.19268344586176397,-0.8828162337175963,-1.8752853723150364,0.6910700256137552,-0.4814607612315388,0.4844909901880236,0.9841231756854657,0
-0.634918112038349,0.9009088760241706,0.8491410419312149,-0.15283171671185405,-0.911310674287764,0.9048055324001227,-1.1177331063391047,-1.461440576166749,0.001192415045823164,-1.143668312693375,-0.4814607612315388,-0.8052411122790287,-1.0161329645585022,0
-0.9738162891597597,0.9009088760241706,-1.179024470547907,-0.6736169278025923,-0.911310674287764,0.21058638994196582,-0.4090788379283631,0.2744324511807092,0.9981761410676039,0.5763988794695595,-0.997471732522988,-1.3806600503027906,0.9841231756854657,0
-0.2960199349169384,0.9009088760241706,0.8491410419312149,-0.6035777365120739,-0.911310674287764,0.9048055324001227,-0.3298995900612411,1.4316811360790147,-1.0427871768490378,0.4617277333253637,-0.4814607612315388,-1.2417658238832618,0.9841231756854657,0
-0.9738162891597597,0.9009088760241706,0.8491410419312149,-0.6310406798388409,-0.911310674287764,0.9048055324001227,0.38271364074285674,1.4316811360790147,0.16232109803924238,1.8377814870557112,-0.7394662468772634,-1.9759210206721993,-1.0161329645585022,1
-0.2960199349169384,-1.1099901739376037,0.8491410419312149,-0.6553925249279005,0.10257878806523006,0.9048055324001227,-0.7257958293968509,0.853056793629862,-0.7977373047965461,-0.11162799739561437,-0.997471732522988,-0.8846092416616166,0.9841231756854657,0
-0.46546902347764374,-1.1099901739376037,1.5251962127575889,0.2111825694767476,-0.5733475201700994,-1.177851894974348,-1.042512820865339,-1.461440576166749,-1.1804179269059165,-1.2583394588375707,-0.4814607612315388,0.286070666731554,-1.0161329645585022,0
-0.9738162891597597,-1.1099901739376037,0.8491410419312149,-0.4858613595381114,-0.911310674287764,-1.177851894974348,-0.804975077263973,1.4316811360790147,0.23617174441122635,-0.570312581972397,-0.7394662468772634,0.14717644031202531,0.9841231756854657,0
-0.46546902347764374,0.9009088760241706,0.8491410419312149,-0.4065046659113121,-0.5733475201700994,-1.177851894974348,-0.3298995900612411,-0.8828162337175963,-0.3109944082539262,0.003043148748581378,-0.4814607612315388,0.6233852166075523,-1.0161329645585022,1
-0.9738162891597597,-1.1099901739376037,0.8491410419312149,-0.8869403541729017,-0.911310674287764,0.9048055324001227,-1.042512820865339,-1.461440576166749,0.001192415045823164,-0.11162799739561437,-0.997471732522988,-1.2417658238832618,-1.0161329645585022,1
-0.46546902347764374,-1.1099901739376037,-0.502969299721533,0.005676369642809483,-0.5733475201700994,0.9048055324001227,2.4413740852880284,-0.8828162337175963,1.451350561986595,1.952452633199907,-0.997471732522988,0.5638591195706114,-1.0161329645585022,1
-0.46546902347764374,0.9009088760241706,1.5251962127575889,-0.7577587116122613,-0.404365943111267,0.9048055324001227,-0.052772222526314166,0.2744324511807092,-1.4993184453303918,1.7231103409115156,-0.997471732522988,-1.162397694500674,-1.0161329645585022,1
-0.46546902347764374,-1.1099901739376037,0.8491410419312149,-0.4875195591064326,-0.06640278899360229,-1.177851894974348,-0.7257958293968509,0.853056793629862,0.5382880250238866,-0.45564143582820127,-0.4814607612315388,0.6630692812988462,-1.0161329645585022,0
-0.2960199349169384,-1.1099901739376037,1.5251962127575889,-0.39057015767858766,-0.404365943111267,0.9048055324001227,-1.2800505644667048,0.2744324511807092,-0.25392799969375696,-1.2583394588375707,-0.4814607612315388,-0.44808453005738347,0.9841231756854657,0
-0.634918112038349,-1.1099901739376037,1.5251962127575889,-0.3376499028838803,-0.5733475201700994,0.9048055324001227,-0.7257958293968509,1.4316811360790147,-0.21028898138303903,-0.570312581972397,-0.7394662468772634,-1.0036614357354983,0.9841231756854657,0
-0.8043672005990544,0.9009088760241706,1.5251962127575889,0.9834771741397058,-0.5733475201700994,-1.177851894974348,0.8577891279455886,0.2744324511807092,-1.6705176710108995,-0.34097028968400567,-0.4814607612315388,-1.102871597463733,0.9841231756854657,0
-0.2960199349169384,-1.1099901739376037,0.8491410419312149,-0.2173435761079685,-0.5733475201700994,0.9048055324001227,0.5727438356239495,0.2744324511807092,1.3103629643673533,0.6910700256137552,-0.997471732522988,-1.102871597463733,-1.0161329645585022,1
-0.634918112038349,-1.1099901739376037,0.8491410419312149,-0.5290219254449855,-0.5733475201700994,0.9048055324001227,0.38271364074285674,0.853056793629862,0.2965950005337584,1.379096902478929,-0.7394662468772634,0.38528082845978884,-1.0161329645585022,1
-0.9738162891597597,0.9009088760241706,0.8491410419312149,-0.2637257868904381,-0.7423290972289317,-1.177851894974348,0.026407025340807817,-0.8828162337175963,0.6893461653302174,0.1177142948927768,-0.997471732522988,0.6233852166075523,0.9841231756854657,0
0.7206745964472937,-1.1099901739376037,0.8491410419312149,21.490841837365593,0.10257878806523006,-1.177851894974348,0.38271364074285674,1.4316811360790147,-1.173704231781191,-1.487681751125962,0.5505611813513597,-0.38855843302044263,-1.0161329645585022,0
1.0595727735687044,0.9009088760241706,-0.502969299721533,16.721180806669715,1.1164682504182242,-1.177851894974348,-1.2008713165995828,0.853056793629862,-0.34120603631519225,-1.6023528972701577,0.29255569570563505,-0.46792656240303043,0.9841231756854657,0
0.21232733076517762,-1.1099901739376037,-1.179024470547907,0.09299242119755041,0.7785050963005594,0.9048055324001227,4.024959042630468,0.853056793629862,-0.707102420612748,3.0991640946418633,0.03455021005991044,0.3455967637684949,-1.0161329645585022,1
0.890123685007999,0.9009088760241706,-0.502969299721533,0.21680465563219845,0.6095235192417271,0.9048055324001227,4.024959042630468,-1.461440576166749,-0.8447331706696268,2.640479510065081,0.8085666669970842,-1.3608180179571436,-1.0161329645585022,1
0.21232733076517762,0.9009088760241706,-1.179024470547907,-1.0567715747226727,0.4405419421828948,0.21058638994196582,-1.002923196931778,0.853056793629862,0.03811773823181484,1.2644257563347332,0.8085666669970842,0.5837011519162584,-1.0161329645585022,1
0.0428782422044723,0.9009088760241706,-0.502969299721533,0.2681930498733138,-0.911310674287764,0.9048055324001227,4.024959042630468,-0.8828162337175963,1.5486991412951188,2.525808363920885,1.066572152642809,0.5440170872249644,-1.0161329645585022,1
0.21232733076517762,-1.1099901739376037,1.5251962127575889,0.27090933868999234,0.2715603651240624,0.9048055324001227,4.024959042630468,-1.461440576166749,0.561785957960427,2.525808363920885,1.066572152642809,0.9408577341379036,-1.0161329645585022,1
1.2290218621294098,-1.1099901739376037,-1.179024470547907,11.032640329471285,1.4544314045358888,-1.177851894974348,0.06599664927436881,0.853056793629862,2.0757242085860943,-1.487681751125962,0.5505611813513597,1.4369085427790778,-1.0161329645585022,1
0.21232733076517762,0.9009088760241706,-0.502969299721533,0.3636737602549314,0.2715603651240624,0.9048055324001227,4.024959042630468,0.853056793629862,0.3301634761573873,2.2964660716324943,0.5505611813513597,0.7622794430270811,-1.0161329645585022,1
0.5512255078865883,-1.1099901739376037,1.5251962127575889,0.134968558841338,0.4405419421828948,0.9048055324001227,4.024959042630468,-0.8828162337175963,2.780662196682302,2.984492948497668,1.066572152642809,0.46464895784237664,-1.0161329645585022,1
1.0595727735687044,0.9009088760241706,0.8491410419312149,0.437218859204186,0.7785050963005594,0.9048055324001227,4.024959042630468,-0.3041918912684436,2.431550050196561,2.1817949254882985,0.5505611813513597,-1.12271362980938,-1.0161329645585022,1
-0.12657084635623306,0.9009088760241706,-1.179024470547907,0.6484103147009396,0.10257878806523006,0.9048055324001227,4.024959042630468,-1.461440576166749,1.7131846718509007,1.7231103409115156,0.8085666669970842,0.2463866020402601,-1.0161329645585022,1
0.38177641932588297,0.9009088760241706,0.8491410419312149,-1.0522549549461027,0.10257878806523006,0.21058638994196582,-0.646616581529729,-0.3041918912684436,-0.21700267650776528,3.0991640946418633,0.5505611813513597,0.5241750548793175,-1.0161329645585022,1
0.38177641932588297,0.9009088760241706,1.5251962127575889,8.302075204128379,0.6095235192417271,0.9048055324001227,-1.042512820865339,-1.461440576166749,0.11868207972852446,-1.6023528972701577,0.8085666669970842,-0.03140185079879733,0.9841231756854657,0
1.2290218621294098,0.9009088760241706,1.5251962127575889,8.225766439231922,1.2854498274770565,-1.177851894974348,1.6495816066168083,-1.461440576166749,0.954537122756886,-1.2583394588375707,0.29255569570563505,0.7424374106814341,0.9841231756854657,0
1.2290218621294098,0.9009088760241706,0.8491410419312149,8.229825080080099,1.1164682504182242,-1.177851894974348,-0.3298995900612411,-1.461440576166749,0.4308689030282738,-1.487681751125962,0.8085666669970842,-1.658448503141848,0.9841231756854657,0
0.890123685007999,0.9009088760241706,-0.502969299721533,7.624613822396551,0.9474866733593919,-1.177851894974348,-0.923743949064656,-1.461440576166749,1.5486991412951188,-1.487681751125962,1.066572152642809,-1.4203441149940845,-1.0161329645585022,1
1.0595727735687044,0.9009088760241706,0.8491410419312149,1.0255796507982227,0.6095235192417271,0.9048055324001227,4.024959042630468,1.4316811360790147,-0.1397951825734185,1.1497546101905376,0.03455021005991044,0.4448069254967297,-1.0161329645585022,0
-0.12657084635623306,-1.1099901739376037,-0.502969299721533,-1.0516074674956153,0.10257878806523006,0.21058638994196582,-0.765385453330412,0.853056793629862,1.2465828606824585,2.525808363920885,0.29255569570563505,-0.26950623894656084,-1.0161329645585022,1
0.890123685007999,0.9009088760241706,0.8491410419312149,1.3717801359100024,0.7785050963005594,0.9048055324001227,4.024959042630468,0.853056793629862,2.562467105128714,0.8057411717579506,0.29255569570563505,0.6233852166075523,-1.0161329645585022,1
1.0595727735687044,-1.1099901739376037,0.8491410419312149,1.7041938760394548,1.2854498274770565,0.9048055324001227,4.024959042630468,-0.8828162337175963,0.001192415045823164,0.5763988794695595,-0.22345527558581418,-0.686188918205147,0.9841231756854657,0
0.38177641932588297,-1.1099901739376037,0.8491410419312149,-1.0401264095320963,0.7785050963005594,0.21058638994196582,-1.1375279183058853,-0.8828162337175963,-0.34120603631519225,0.3470565871811683,0.29255569570563505,-3.027548734991488,-1.0161329645585022,1
0.21232733076517762,0.9009088760241706,0.8491410419312149,1.7826819889399905,-0.06640278899360229,0.9048055324001227,4.024959042630468,1.4316811360790147,1.0955247203761276,0.4617277333253637,0.5505611813513597,-1.5790803737592602,-1.0161329645585022,0
0.5512255078865883,0.9009088760241706,1.5251962127575889,1.6010222781361951,0.6095235192417271,0.9048055324001227,4.024959042630468,-0.8828162337175963,2.431550050196561,0.5763988794695595,0.03455021005991044,1.0599099282117854,-1.0161329645585022,1
0.890123685007999,0.9009088760241706,0.8491410419312149,6.337029753783576,0.9474866733593919,-1.177851894974348,0.8577891279455886,0.853056793629862,-1.6705176710108995,-1.2583394588375707,1.066572152642809,-0.5274526594399713,0.9841231756854657,0
0.5512255078865883,0.9009088760241706,-1.179024470547907,6.334455596358468,1.2854498274770565,-1.177851894974348,2.91644957249076,-0.3041918912684436,-1.1804179269059165,-0.9143260204049839,0.03455021005991044,1.337698381050843,-1.0161329645585022,0
0.21232733076517762,-1.1099901739376037,-0.502969299721533,6.332181494093342,0.6095235192417271,-1.177851894974348,2.4413740852880284,-0.8828162337175963,0.03811773823181484,-1.0289971665491795,0.5505611813513597,1.754381060309429,-1.0161329645585022,0
1.0595727735687044,0.9009088760241706,-0.502969299721533,4.927607497841097,0.9474866733593919,-1.177851894974348,4.024959042630468,0.2744324511807092,1.934736610966852,-0.570312581972397,0.03455021005991044,0.32575473142284794,-1.0161329645585022,1
0.890123685007999,0.9009088760241706,0.8491410419312149,6.146068333020341,1.1164682504182242,-1.177851894974348,4.024959042630468,0.2744324511807092,-0.005521280078902488,-0.7996548742607882,0.5505611813513597,-1.2814498885745558,-1.0161329645585022,0
-0.12657084635623306,0.9009088760241706,-1.179024470547907,6.140004060313338,-0.23538436605243465,-1.177851894974348,0.06599664927436881,0.853056793629862,0.0851136041048956,-1.3730106049817663,0.03455021005991044,-0.5869787564769122,-1.0161329645585022,0
0.0428782422044723,-1.1099901739376037,-1.179024470547907,1.8844480653043876,-0.23538436605243465,0.9048055324001227,4.024959042630468,-1.461440576166749,0.16232109803924238,0.4617277333253637,0.8085666669970842,0.9210157017922567,-1.0161329645585022,0
0.38177641932588297,0.9009088760241706,1.5251962127575889,1.9716851549749226,0.10257878806523006,0.9048055324001227,4.024959042630468,-0.8828162337175963,0.6893461653302174,0.3470565871811683,0.8085666669970842,0.782121475372728,-1.0161329645585022,0
0.890123685007999,0.9009088760241706,-0.502969299721533,3.490927599470787,0.7785050963005594,0.9048055324001227,4.024959042630468,0.2744324511807092,-1.2475548781531747,-0.2262991435398101,0.29255569570563505,-0.46792656240303043,0.9841231756854657,0
0.38177641932588297,0.9009088760241706,-1.179024470547907,0.2885336312447203,0.7785050963005594,0.9048055324001227,3.8666005468962243,-1.461440576166749,-0.1397951825734185,2.411137217776689,0.5505611813513597,0.32575473142284794,-1.0161329645585022,1
0.0428782422044723,0.9009088760241706,1.5251962127575889,-1.0391472821679448,-0.404365943111267,-1.177851894974348,-1.1771175422394462,0.2744324511807092,-0.07601507888852362,0.1177142948927768,0.29255569570563505,0.5241750548793175,-1.0161329645585022,1
0.38177641932588297,0.9009088760241706,-1.179024470547907,5.38113297596536,-0.23538436605243465,0.21058638994196582,3.549883555427736,0.853056793629862,-1.4724636648314886,-0.6849837281165926,0.29255569570563505,-0.8052411122790287,0.9841231756854657,0
0.890123685007999,-1.1099901739376037,0.8491410419312149,5.390513647809006,0.7785050963005594,-1.177851894974348,0.06599664927436881,1.4316811360790147,1.223084927745918,-1.3730106049817663,1.066572152642809,-0.38855843302044263,0.9841231756854657,0
0.0428782422044723,-1.1099901739376037,0.8491410419312149,5.388729109225955,0.4405419421828948,0.9048055324001227,1.6495816066168083,-1.461440576166749,0.001192415045823164,-1.0289971665491795,0.8085666669970842,-1.142555662155027,0.9841231756854657,0
1.2290218621294098,-1.1099901739376037,-0.502969299721533,5.384291451333591,0.9474866733593919,-1.177851894974348,4.024959042630468,1.4316811360790147,2.17642963545698,-0.6849837281165926,0.29255569570563505,0.8614896047553159,0.9841231756854657,0
0.21232733076517762,0.9009088760241706,-1.179024470547907,5.160292378218662,-0.06640278899360229,0.9048055324001227,2.2830155895537843,-0.3041918912684436,2.2804919098902308,-0.9143260204049839,0.5505611813513597,0.46464895784237664,-1.0161329645585022,1
1.0595727735687044,-1.1099901739376037,-0.502969299721533,4.193467275626367,1.1164682504182242,0.9048055324001227,0.8577891279455886,0.2744324511807092,0.4711510737766289,-1.143668312693375,0.5505611813513597,0.6035431842619053,-1.0161329645585022,1
0.7206745964472937,0.9009088760241706,-1.179024470547907,5.349500845152528,0.6095235192417271,-1.177851894974348,2.4413740852880284,0.2744324511807092,0.27645391515958084,-0.9143260204049839,0.5505611813513597,-1.2616078562289088,0.9841231756854657,0
0.38177641932588297,0.9009088760241706,-0.502969299721533,5.197562387563785,0.4405419421828948,-1.177851894974348,2.4413740852880284,-0.3041918912684436,2.448334288008376,-0.9143260204049839,0.5505611813513597,0.7027533459901402,0.9841231756854657,0
0.0428782422044723,-1.1099901739376037,-1.179024470547907,5.122722313713556,0.4405419421828948,0.9048055324001227,-1.1771175422394462,1.4316811360790147,0.6893461653302174,-1.487681751125962,-0.22345527558581418,0.5837011519162584,-1.0161329645585022,0
1.0595727735687044,0.9009088760241706,-0.502969299721533,5.083067655465418,1.4544314045358888,0.21058638994196582,1.3328646151483206,-0.8828162337175963,0.561785957960427,-1.143668312693375,1.066572152642809,1.317856348705196,-1.0161329645585022,0
1.0595727735687044,-1.1099901739376037,0.8491410419312149,0.08073753676881484,0.9474866733593919,0.9048055324001227,3.549883555427736,0.2744324511807092,-0.005521280078902488,2.7551506562092767,0.5505611813513597,-0.7853990799333818,-1.0161329645585022,1
0.0428782422044723,0.9009088760241706,-1.179024470547907,-1.0307931148189742,-0.404365943111267,0.21058638994196582,-1.1494048054859536,-1.461440576166749,-1.5496711587658354,0.23238544103697253,0.29255569570563505,-0.24966420660091387,-1.0161329645585022,1
0.38177641932588297,0.9009088760241706,1.5251962127575889,-1.0280610336254545,0.4405419421828948,0.21058638994196582,-1.240460940533144,0.2744324511807092,0.5785701957722418,-0.2262991435398101,-0.22345527558581418,-1.102871597463733,0.9841231756854657,0
0.0428782422044723,-1.1099901739376037,0.8491410419312149,0.13869555977585035,-0.23538436605243465,0.9048055324001227,3.549883555427736,0.853056793629862,0.3301634761573873,2.525808363920885,0.8085666669970842,-0.40840046536608954,-1.0161329645585022,1
0.0428782422044723,0.9009088760241706,-0.502969299721533,0.7499079206590369,-0.06640278899360229,0.9048055324001227,3.391525059693492,-1.461440576166749,-0.8447331706696268,1.1497546101905376,0.8085666669970842,-1.2417658238832618,0.9841231756854657,0
0.21232733076517762,0.9009088760241706,-0.502969299721533,0.15502487742960366,0.4405419421828948,0.9048055324001227,3.3519354357599314,-1.461440576166749,0.001192415045823164,2.2964660716324943,0.03455021005991044,-0.011559818453150373,-1.0161329645585022,1
0.7206745964472937,-1.1099901739376037,0.8491410419312149,4.572468527437224,0.4405419421828948,0.21058638994196582,0.22435514500861276,1.4316811360790147,1.092167872813765,-1.2583394588375707,1.066572152642809,0.20670253734896618,-1.0161329645585022,0
0.5512255078865883,-1.1099901739376037,1.5251962127575889,4.530587144054484,0.4405419421828948,-1.177851894974348,4.024959042630468,-0.3041918912684436,2.206641263518246,-0.45564143582820127,1.066572152642809,0.4844909901880236,0.9841231756854657,0
-0.12657084635623306,0.9009088760241706,-1.179024470547907,4.436085561037018,0.2715603651240624,-1.177851894974348,0.06599664927436881,-1.461440576166749,1.0955247203761276,-1.2583394588375707,0.29255569570563505,-0.051243883144444294,0.9841231756854657,0
0.38177641932588297,0.9009088760241706,-0.502969299721533,4.438517587070555,0.4405419421828948,-1.177851894974348,-0.8841543251310949,-0.8828162337175963,-0.11965409719924096,-1.487681751125962,1.066572152642809,0.20670253734896618,-1.0161329645585022,0
1.0595727735687044,-1.1099901739376037,-0.502969299721533,-0.08047104602568605,1.2854498274770565,0.9048055324001227,3.2331665639592484,0.2744324511807092,0.23617174441122635,2.984492948497668,0.5505611813513597,1.714696995618135,-1.0161329645585022,1
-0.12657084635623306,0.9009088760241706,-0.502969299721533,0.18120863823223712,0.10257878806523006,0.9048055324001227,3.2331665639592484,0.853056793629862,-0.11965409719924096,2.1817949254882985,-0.22345527558581418,1.1591200899400202,-1.0161329645585022,1
0.21232733076517762,0.9009088760241706,-1.179024470547907,0.2654135915492707,0.2715603651240624,0.9048055324001227,3.2331665639592484,0.2744324511807092,0.4745079213389917,1.952452633199907,0.8085666669970842,0.18686050500331922,-1.0161329645585022,1
1.0595727735687044,0.9009088760241706,-0.502969299721533,0.27439945397188736,0.6095235192417271,0.9048055324001227,3.2331665639592484,-1.461440576166749,-1.4724636648314886,1.952452633199907,-0.22345527558581418,0.5638591195706114,-1.0161329645585022,1
1.0595727735687044,0.9009088760241706,1.5251962127575889,4.4375542520832445,0.7785050963005594,-1.177851894974348,1.0161476236798326,-1.461440576166749,-0.08944246913797492,-1.143668312693375,0.8085666669970842,-0.2893482712922078,-1.0161329645585022,0
0.21232733076517762,-1.1099901739376037,-1.179024470547907,3.3920831128220033,0.4405419421828948,0.9048055324001227,-0.2507203421941191,0.2744324511807092,1.0351014642535956,-1.2583394588375707,-0.22345527558581418,0.9408577341379036,-1.0161329645585022,1
0.5512255078865883,0.9009088760241706,-1.179024470547907,4.4442502198638945,0.2715603651240624,-1.177851894974348,2.4413740852880284,1.4316811360790147,1.2835081838684501,-0.7996548742607882,0.8085666669970842,-0.26950623894656084,0.9841231756854657,0
0.7206745964472937,-1.1099901739376037,0.8491410419312149,4.216524145814453,0.7785050963005594,-1.177851894974348,2.4413740852880284,-1.461440576166749,1.2835081838684501,-0.7996548742607882,1.066572152642809,-0.36871640067479566,-1.0161329645585022,1
0.0428782422044723,0.9009088760241706,0.8491410419312149,4.208580580263352,0.2715603651240624,0.9048055324001227,2.4413740852880284,-1.461440576166749,2.3241309282009484,-0.7996548742607882,0.5505611813513597,-0.2893482712922078,-1.0161329645585022,1
0.21232733076517762,0.9009088760241706,-0.502969299721533,0.7461809197245245,-0.5733475201700994,0.9048055324001227,3.2331665639592484,-0.3041918912684436,-1.6839450612603513,1.1497546101905376,0.5505611813513597,0.3654387961141419,0.9841231756854657,0
0.21232733076517762,-1.1099901739376037,0.8491410419312149,0.8805108771353811,0.6095235192417271,0.9048055324001227,3.2331665639592484,-0.8828162337175963,2.17642963545698,0.9204123179021463,1.066572152642809,0.821805540064022,-1.0161329645585022,0
1.0595727735687044,0.9009088760241706,-1.179024470547907,4.174279537764365,1.2854498274770565,-1.177851894974348,3.2331665639592484,1.4316811360790147,-1.4724636648314886,-0.570312581972397,0.03455021005991044,-0.7655570475877348,-1.0161329645585022,0
1.0595727735687044,-1.1099901739376037,-1.179024470547907,4.152470265346731,1.6234129815947211,0.9048055324001227,1.8079401023510524,-0.8828162337175963,0.23617174441122635,-0.9143260204049839,1.066572152642809,1.3773824457421369,0.9841231756854657,0
0.890123685007999,0.9009088760241706,-0.502969299721533,4.153986333523482,1.1164682504182242,-1.177851894974348,0.06599664927436881,-1.461440576166749,1.0015329886299666,-1.2583394588375707,0.29255569570563505,0.7622794430270811,-1.0161329645585022,0
0.38177641932588297,0.9009088760241706,-0.502969299721533,3.151707344922797,0.4405419421828948,-1.177851894974348,2.4413740852880284,0.2744324511807092,2.3241309282009484,-0.570312581972397,0.8085666669970842,1.1194360252487263,-1.0161329645585022,1
0.0428782422044723,-1.1099901739376037,0.8491410419312149,4.15313354517406,0.10257878806523006,-1.177851894974348,2.4413740852880284,0.853056793629862,1.7836784706605218,-0.7996548742607882,0.03455021005991044,0.7225953783357871,0.9841231756854657,0
0.5512255078865883,-1.1099901739376037,1.5251962127575889,4.141652487210541,0.6095235192417271,-1.177851894974348,-0.7257958293968509,1.4316811360790147,0.001192415045823164,-1.487681751125962,0.8085666669970842,-0.9242933063529105,0.9841231756854657,0
1.2290218621294098,-1.1099901739376037,0.8491410419312149,4.060242784594392,0.7785050963005594,-1.177851894974348,1.9029551997915988,-0.3041918912684436,0.665848232393677,-0.9143260204049839,0.5505611813513597,0.14717644031202531,0.9841231756854657,0
0.21232733076517762,-1.1099901739376037,0.8491410419312149,4.055220808758905,0.10257878806523006,-1.177851894974348,0.8577891279455886,1.4316811360790147,0.665848232393677,-1.143668312693375,0.29255569570563505,0.9011736694466097,0.9841231756854657,0
0.0428782422044723,-1.1099901739376037,-1.179024470547907,4.061221911958543,0.4405419421828948,-1.177851894974348,1.6495816066168083,-0.3041918912684436,0.11868207972852446,-0.9143260204049839,-0.22345527558581418,0.305912699077201,0.9841231756854657,0
0.0428782422044723,0.9009088760241706,1.5251962127575889,-1.0172590478661052,0.4405419421828948,0.21058638994196582,-1.042512820865339,-0.8828162337175963,-0.4654093961226198,0.5763988794695595,-0.22345527558581418,-0.7258729828964409,-1.0161329645585022,1
0.5512255078865883,-1.1099901739376037,-1.179024470547907,1.1802028124499622,0.4405419421828948,0.9048055324001227,3.2331665639592484,1.4316811360790147,1.7736079279734327,0.5763988794695595,1.066572152642809,0.6233852166075523,-1.0161329645585022,1
0.5512255078865883,0.9009088760241706,-1.179024470547907,3.962298463425554,1.2854498274770565,-1.177851894974348,2.4413740852880284,0.853056793629862,0.954537122756886,-0.6849837281165926,0.03455021005991044,1.278172284013902,0.9841231756854657,0
0.5512255078865883,0.9009088760241706,-1.179024470547907,3.9403154748626674,0.6095235192417271,-1.177851894974348,1.5862382083231108,-1.461440576166749,-1.173704231781191,-0.9143260204049839,-0.22345527558581418,-0.15045404487267908,0.9841231756854657,0
-0.12657084635623306,0.9009088760241706,-1.179024470547907,3.64724054544453,-0.7423290972289317,0.9048055324001227,4.024959042630468,-0.8828162337175963,2.562467105128714,-0.34097028968400567,0.29255569570563505,-0.011559818453150373,-1.0161329645585022,1
0.38177641932588297,0.9009088760241706,-0.502969299721533,3.865033214460886,-0.06640278899360229,-1.177851894974348,4.024959042630468,-0.3041918912684436,2.9149360991768187,-0.34097028968400567,0.5505611813513597,-0.6266628211682062,-1.0161329645585022,0
0.38177641932588297,-1.1099901739376037,-0.502969299721533,3.8750455813781777,-0.404365943111267,-1.177851894974348,1.8079401023510524,-1.461440576166749,0.0851136041048956,-0.9143260204049839,0.03455021005991044,0.4249648931510827,-1.0161329645585022,0
0.38177641932588297,-1.1099901739376037,0.8491410419312149,3.8120182054051317,0.2715603651240624,-1.177851894974348,2.4413740852880284,-0.3041918912684436,-0.21700267650776528,-0.6849837281165926,0.8085666669970842,0.821805540064022,-1.0161329645585022,0
0.5512255078865883,-1.1099901739376037,0.8491410419312149,0.13288396509830563,1.1164682504182242,0.9048055324001227,3.185659015238975,-0.3041918912684436,0.03476089066945202,2.2964660716324943,0.29255569570563505,-1.3211339532658497,-1.0161329645585022,1
0.21232733076517762,-1.1099901739376037,1.5251962127575889,1.5683636428286885,0.2715603651240624,0.9048055324001227,3.1619052408788386,-0.8828162337175963,-0.707102420612748,0.23238544103697253,0.8085666669970842,1.317856348705196,-1.0161329645585022,0
-0.12657084635623306,-1.1099901739376037,-1.179024470547907,0.2948189972274996,-0.23538436605243465,0.9048055324001227,3.0748080682250043,1.4316811360790147,0.5651428055227898,1.7231103409115156,0.03455021005991044,0.14717644031202531,-1.0161329645585022,1
0.21232733076517762,0.9009088760241706,-0.502969299721533,0.43947716909247103,0.10257878806523006,0.9048055324001227,3.0431363690781557,-0.8828162337175963,-1.1804179269059165,1.4937680486231246,0.03455021005991044,-3.0077067026458413,-1.0161329645585022,1
0.0428782422044723,0.9009088760241706,-0.502969299721533,-1.0168484460682352,-0.23538436605243465,0.21058638994196582,-1.2008713165995828,0.2744324511807092,-0.0860856215756121,-0.11162799739561437,0.03455021005991044,1.5559607368529593,-1.0161329645585022,1
0.21232733076517762,-1.1099901739376037,-0.502969299721533,3.6861529619811337,-0.404365943111267,-1.177851894974348,1.6495816066168083,-0.3041918912684436,-0.21364582894540246,-0.9143260204049839,0.8085666669970842,1.1789621222856672,-1.0161329645585022,0
0.5512255078865883,0.9009088760241706,1.5251962127575889,3.6798360112446717,0.6095235192417271,-1.177851894974348,1.3328646151483206,1.4316811360790147,-0.6936750303632967,-0.9143260204049839,0.8085666669970842,1.35754041339649,-1.0161329645585022,0
0.5512255078865883,-1.1099901739376037,-1.179024470547907,3.677798794632163,0.6095235192417271,-1.177851894974348,2.4413740852880284,-1.461440576166749,0.860545391010725,-0.6849837281165926,1.066572152642809,1.2186461869769611,-1.0161329645585022,0
0.5512255078865883,-1.1099901739376037,-1.179024470547907,3.643529336886859,0.6095235192417271,-1.177851894974348,2.91644957249076,0.853056793629862,-1.6839450612603513,-0.570312581972397,-0.22345527558581418,-1.4005020826484376,0.9841231756854657,0
0.0428782422044723,-1.1099901739376037,-0.502969299721533,3.4878322936099204,-0.404365943111267,-1.177851894974348,4.024959042630468,0.853056793629862,0.23617174441122635,-0.2262991435398101,0.29255569570563505,1.1392780575943733,-1.0161329645585022,0
-0.12657084635623306,0.9009088760241706,-1.179024470547907,3.268018200357897,0.2715603651240624,0.9048055324001227,0.38271364074285674,-0.3041918912684436,2.102578989084997,-1.143668312693375,0.29255569570563505,-0.8846092416616166,-1.0161329645585022,1
-0.12657084635623306,-1.1099901739376037,-0.502969299721533,-0.012026884796124246,-0.911310674287764,0.9048055324001227,2.91644957249076,-0.8828162337175963,-1.0427871768490378,2.411137217776689,0.03455021005991044,-1.8171847619070236,-1.0161329645585022,1
1.0595727735687044,-1.1099901739376037,-0.502969299721533,-1.0182539676070979,0.9474866733593919,0.21058638994196582,-1.002923196931778,-0.3041918912684436,-0.005521280078902488,0.8057411717579506,-0.22345527558581418,1.6353288662355472,-1.0161329645585022,1
0.7206745964472937,0.9009088760241706,1.5251962127575889,2.5818236342329106,1.1164682504182242,-1.177851894974348,2.4413740852880284,0.2744324511807092,1.2029438423717405,-0.45564143582820127,0.29255569570563505,1.2186461869769611,-1.0161329645585022,1
0.21232733076517762,0.9009088760241706,-0.502969299721533,3.491275031761292,0.2715603651240624,-1.177851894974348,-0.2507203421941191,1.4316811360790147,-1.173704231781191,-1.2583394588375707,1.066572152642809,0.6829113136444932,-1.0161329645585022,0
0.5512255078865883,-1.1099901739376037,-1.179024470547907,3.4864109796942166,0.6095235192417271,-1.177851894974348,-0.8841543251310949,0.2744324511807092,1.0787404825643134,-1.487681751125962,1.066572152642809,1.317856348705196,0.9841231756854657,0
1.2290218621294098,-1.1099901739376037,-1.179024470547907,3.4936754730411477,1.4544314045358888,0.21058638994196582,0.8577891279455886,1.4316811360790147,-0.37813135950118393,-1.0289971665491795,-0.22345527558581418,0.4844909901880236,0.9841231756854657,0
0.0428782422044723,-1.1099901739376037,-1.179024470547907,0.5733175628212519,-0.23538436605243465,0.9048055324001227,2.91644957249076,-0.3041918912684436,-1.0427871768490378,1.1497546101905376,1.066572152642809,-1.3806600503027906,0.9841231756854657,0
0.21232733076517762,0.9009088760241706,-0.502969299721533,-1.0217282905121519,0.6095235192417271,0.21058638994196582,-0.804975077263973,-0.3041918912684436,0.04483143335654109,1.8377814870557112,0.03455021005991044,-0.4282424977117365,-1.0161329645585022,1
-0.12657084635623306,0.9009088760241706,-1.179024470547907,0.8504263992529826,-0.404365943111267,0.9048055324001227,2.91644957249076,0.853056793629862,-1.0427871768490378,0.8057411717579506,0.5505611813513597,-0.2893482712922078,0.9841231756854657,0
1.2290218621294098,0.9009088760241706,-1.179024470547907,0.9385636544034636,0.2715603651240624,0.9048055324001227,2.91644957249076,1.4316811360790147,-0.3680608168140954,0.6910700256137552,0.03455021005991044,-1.0830295651180861,0.9841231756854657,0
1.2290218621294098,-1.1099901739376037,-1.179024470547907,0.4118720943741337,0.4405419421828948,0.9048055324001227,2.91644957249076,0.2744324511807092,2.5557534100039887,1.379096902478929,1.066572152642809,-0.8250831446246757,-1.0161329645585022,1
-0.12657084635623306,0.9009088760241706,1.5251962127575889,-1.0144164200346975,-0.23538436605243465,0.21058638994196582,-0.2309255302273386,-0.8828162337175963,1.1458774338115711,4.3605467022280155,-0.22345527558581418,-2.531497926350314,-1.0161329645585022,1
-0.12657084635623306,-1.1099901739376037,0.17308587110484092,3.3030141074378943,-0.23538436605243465,-1.177851894974348,4.024959042630468,-0.8828162337175963,-1.0427871768490378,-0.2262991435398101,0.29255569570563505,1.238488219322608,0.9841231756854657,0
0.7206745964472937,-1.1099901739376037,-1.179024470547907,3.3028877684231652,0.7785050963005594,-1.177851894974348,-0.18737694390042153,0.2744324511807092,-1.173704231781191,-1.2583394588375707,-0.22345527558581418,1.238488219322608,0.9841231756854657,0
0.5512255078865883,0.9009088760241706,1.5251962127575889,3.3052882097030203,0.4405419421828948,-1.177851894974348,-0.646616581529729,0.2744324511807092,-1.8752853723150364,-1.3730106049817663,-0.22345527558581418,0.2463866020402601,-1.0161329645585022,0
0.21232733076517762,-1.1099901739376037,0.8491410419312149,3.3051618706882913,0.2715603651240624,-1.177851894974348,0.06599664927436881,1.4316811360790147,-0.8447331706696268,-1.2583394588375707,0.5505611813513597,0.32575473142284794,0.9841231756854657,0
0.38177641932588297,-1.1099901739376037,0.8491410419312149,3.3061725828061252,0.9474866733593919,-1.177851894974348,2.91644957249076,1.4316811360790147,1.8407448792206904,-0.45564143582820127,0.29255569570563505,-1.8965528912896115,0.9841231756854657,0
0.0428782422044723,-1.1099901739376037,-1.179024470547907,3.3052724173261794,-0.06640278899360229,-1.177851894974348,-0.18737694390042153,1.4316811360790147,0.001192415045823164,-1.2583394588375707,0.5505611813513597,-1.4401861473397315,0.9841231756854657,0
0.21232733076517762,0.9009088760241706,0.8491410419312149,3.0717979181065576,0.2715603651240624,-1.177851894974348,4.024959042630468,-1.461440576166749,1.3103629643673533,-0.11162799739561437,0.5505611813513597,0.2463866020402601,-1.0161329645585022,1
0.21232733076517762,0.9009088760241706,-0.502969299721533,3.301924433435855,-0.404365943111267,-1.177851894974348,-0.7257958293968509,-0.8828162337175963,-1.0495008719737637,-1.3730106049817663,0.5505611813513597,-0.3488743683291487,0.9841231756854657,0
0.38177641932588297,-1.1099901739376037,-1.179024470547907,3.3010716450864326,0.6095235192417271,0.9048055324001227,1.3328646151483206,0.853056793629862,-1.0495008719737637,-0.9143260204049839,1.066572152642809,0.9408577341379036,0.9841231756854657,0
0.7206745964472937,0.9009088760241706,-1.179024470547907,2.425526480636009,0.7785050963005594,0.9048055324001227,1.6495816066168083,0.2744324511807092,0.27645391515958084,-0.570312581972397,0.03455021005991044,1.0599099282117854,-1.0161329645585022,1
-0.12657084635623306,0.9009088760241706,-1.179024470547907,-0.262904583294698,0.10257878806523006,0.9048055324001227,2.5997325810222724,0.2744324511807092,-0.005521280078902488,3.0991640946418633,1.066572152642809,0.40512286080543575,-1.0161329645585022,1
0.21232733076517762,-1.1099901739376037,0.8491410419312149,0.8393243583336513,0.2715603651240624,0.9048055324001227,2.5363891827285747,-1.461440576166749,0.001192415045823164,0.5763988794695595,-0.22345527558581418,1.278172284013902,-1.0161329645585022,0
0.5512255078865883,0.9009088760241706,-0.502969299721533,1.0655659489600247,0.9474866733593919,0.9048055324001227,2.5363891827285747,-0.8828162337175963,1.6628319584154578,0.3470565871811683,0.29255569570563505,0.6829113136444932,0.9841231756854657,0
-0.12657084635623306,-1.1099901739376037,-0.502969299721533,-0.16503922401006618,0.10257878806523006,0.9048055324001227,2.516594370761794,-0.3041918912684436,1.6729025011025462,2.640479510065081,0.29255569570563505,-1.102871597463733,-1.0161329645585022,1
-0.12657084635623306,-1.1099901739376037,-0.502969299721533,3.1410790753087,-0.5733475201700994,-1.177851894974348,-1.2008713165995828,-1.461440576166749,-0.3680608168140954,-1.487681751125962,0.03455021005991044,-1.9163949236352584,-1.0161329645585022,0
0.7206745964472937,0.9009088760241706,1.5251962127575889,3.1112946525862837,0.4405419421828948,0.9048055324001227,4.024959042630468,-0.3041918912684436,0.001192415045823164,-0.11162799739561437,0.8085666669970842,1.5956448015442533,-1.0161329645585022,0
0.21232733076517762,-1.1099901739376037,-1.179024470547907,3.117469471931175,-0.404365943111267,-1.177851894974348,-0.17154109432699713,0.2744324511807092,-1.1804179269059165,-1.2583394588375707,1.066572152642809,-0.8846092416616166,0.9841231756854657,0
1.0595727735687044,0.9009088760241706,-1.179024470547907,-0.4941523573797173,1.1164682504182242,0.9048055324001227,2.4413740852880284,0.2744324511807092,-0.25392799969375696,4.24587555608382,0.5505611813513597,0.10749237562073138,-1.0161329645585022,1
-0.12657084635623306,-1.1099901739376037,-0.502969299721533,-0.36133846814561144,-0.5733475201700994,0.9048055324001227,2.4413740852880284,1.4316811360790147,1.575553921794022,3.4431775330744507,1.066572152642809,0.2463866020402601,-1.0161329645585022,1
0.890123685007999,-1.1099901739376037,-0.502969299721533,-0.3342861266167145,1.1164682504182242,0.9048055324001227,2.4413740852880284,-1.461440576166749,-0.34120603631519225,3.328506386930255,1.066572152642809,-0.26950623894656084,-1.0161329645585022,1
0.38177641932588297,-1.1099901739376037,1.5251962127575889,3.0164772220319946,0.10257878806523006,0.9048055324001227,2.4413740852880284,0.2744324511807092,0.4745079213389917,-0.570312581972397,1.066572152642809,1.2186461869769611,0.9841231756854657,0
0.0428782422044723,-1.1099901739376037,0.8491410419312149,3.0190671718339437,-0.404365943111267,-1.177851894974348,3.2331665639592484,1.4316811360790147,-0.8447331706696268,-0.34097028968400567,0.03455021005991044,0.6829113136444932,0.9841231756854657,0
0.890123685007999,0.9009088760241706,-0.502969299721533,3.0150401157394495,0.9474866733593919,-1.177851894974348,-0.2507203421941191,0.853056793629862,-0.34120603631519225,-1.2583394588375707,1.066572152642809,-0.7060309505507939,0.9841231756854657,0
-0.12657084635623306,0.9009088760241706,-0.502969299721533,-0.33344913064413334,-0.404365943111267,0.9048055324001227,2.4413740852880284,0.853056793629862,-0.1397951825734185,3.328506386930255,0.29255569570563505,-1.3608180179571436,-1.0161329645585022,1
-0.12657084635623306,0.9009088760241706,-1.179024470547907,3.0124817506911827,-0.404365943111267,-1.177851894974348,2.4413740852880284,1.4316811360790147,1.4446368668618692,-0.570312581972397,-0.22345527558581418,0.9011736694466097,-1.0161329645585022,0
0.21232733076517762,-1.1099901739376037,-0.502969299721533,3.018767116673962,0.10257878806523006,0.21058638994196582,2.3226052134873454,0.853056793629862,0.001192415045823164,-0.570312581972397,0.29255569570563505,-2.650550120424196,0.9841231756854657,0
0.0428782422044723,-1.1099901739376037,-1.179024470547907,3.0182301758613628,0.2715603651240624,-1.177851894974348,1.1428344202672278,0.853056793629862,0.9780350556934264,-0.9143260204049839,-0.22345527558581418,-0.40840046536608954,0.9841231756854657,0
-0.12657084635623306,-1.1099901739376037,-0.502969299721533,3.0219097996653517,0.2715603651240624,-1.177851894974348,0.6994306322113446,1.4316811360790147,0.001192415045823164,-1.0289971665491795,0.29255569570563505,-1.3409759856114967,0.9841231756854657,0
0.7206745964472937,0.9009088760241706,1.5251962127575889,3.014566344434215,1.2854498274770565,-1.177851894974348,1.6495816066168083,0.853056793629862,0.9780350556934264,-0.7996548742607882,1.066572152642809,-0.9242933063529105,0.9841231756854657,0
0.0428782422044723,0.9009088760241706,-0.502969299721533,3.0162719211330598,-0.06640278899360229,-1.177851894974348,-0.7257958293968509,1.4316811360790147,-1.0931398902844813,-1.3730106049817663,-0.22345527558581418,0.3654387961141419,0.9841231756854657,0
0.0428782422044723,0.9009088760241706,1.5251962127575889,-0.3011537200039732,0.10257878806523006,0.9048055324001227,2.4413740852880284,0.2744324511807092,0.7061304031420315,3.0991640946418633,0.29255569570563505,0.20670253734896618,-1.0161329645585022,1
0.21232733076517762,0.9009088760241706,1.5251962127575889,2.9257816018332465,0.10257878806523006,0.21058638994196582,0.8142405416186715,0.853056793629862,2.820944367430657,-0.9143260204049839,0.03455021005991044,1.258330251668255,0.9841231756854657,0
0.5512255078865883,-1.1099901739376037,-0.502969299721533,2.92049115559146,0.4405419421828948,-1.177851894974348,1.6495816066168083,0.2744324511807092,-1.4993184453303918,-0.6849837281165926,-0.22345527558581418,0.06780831092943747,0.9841231756854657,0
0.21232733076517762,-1.1099901739376037,0.8491410419312149,2.884626667785199,0.10257878806523006,-1.177851894974348,0.7627740305050422,-0.8828162337175963,-0.707102420612748,-1.0289971665491795,0.29255569570563505,0.0479662785837905,0.9841231756854657,0
0.0428782422044723,-1.1099901739376037,1.5251962127575889,2.847482997454805,0.2715603651240624,-1.177851894974348,0.8577891279455886,1.4316811360790147,1.6829730437896346,-0.9143260204049839,0.5505611813513597,-0.7655570475877348,0.9841231756854657,0
0.0428782422044723,0.9009088760241706,-0.502969299721533,2.83756538479856,0.10257878806523006,-1.177851894974348,1.8079401023510524,1.4316811360790147,0.3301634761573873,-0.6849837281165926,0.29255569570563505,0.8614896047553159,-1.0161329645585022,0
0.7206745964472937,0.9009088760241706,1.5251962127575889,-0.24180596783491617,0.4405419421828948,0.9048055324001227,2.4413740852880284,1.4316811360790147,0.2865244578466693,2.869821802353472,0.8085666669970842,-1.2616078562289088,-1.0161329645585022,1
0.38177641932588297,-1.1099901739376037,-0.502969299721533,-0.22538189592011593,0.10257878806523006,0.9048055324001227,2.4413740852880284,0.2744324511807092,-0.08944246913797492,2.7551506562092767,0.03455021005991044,0.7225953783357871,-1.0161329645585022,1
0.21232733076517762,0.9009088760241706,-1.179024470547907,-0.3333543763830864,0.2715603651240624,0.9048055324001227,2.4413740852880284,-0.3041918912684436,0.8739727812601764,3.328506386930255,0.5505611813513597,-0.5869787564769122,-1.0161329645585022,1
0.38177641932588297,0.9009088760241706,-0.502969299721533,2.732214438891221,0.4405419421828948,-1.177851894974348,2.2830155895537843,-1.461440576166749,0.16232109803924238,-0.570312581972397,0.03455021005991044,-0.7853990799333818,0.9841231756854657,0
0.38177641932588297,0.9009088760241706,0.8491410419312149,2.5055464540901364,0.9474866733593919,-1.177851894974348,0.8577891279455886,-1.461440576166749,0.001192415045823164,-0.9143260204049839,0.8085666669970842,-1.3806600503027906,-1.0161329645585022,1
0.38177641932588297,0.9009088760241706,-1.179024470547907,2.7307141630913114,0.10257878806523006,-1.177851894974348,2.3226052134873454,-0.3041918912684436,0.6255660616453219,-0.45564143582820127,0.03455021005991044,-0.38855843302044263,0.9841231756854657,0
0.0428782422044723,-1.1099901739376037,-0.502969299721533,2.713879489378641,-0.06640278899360229,0.21058638994196582,0.8577891279455886,0.853056793629862,1.286865031430813,-0.9143260204049839,0.29255569570563505,-0.36871640067479566,-1.0161329645585022,0
-0.12657084635623306,-1.1099901739376037,-0.502969299721533,2.6775412302671455,0.6095235192417271,-1.177851894974348,1.9662985980852963,1.4316811360790147,-0.12972463988633004,-0.570312581972397,-0.22345527558581418,-2.194183376474316,0.9841231756854657,0
0.38177641932588297,-1.1099901739376037,-0.502969299721533,-0.21326914288295074,0.4405419421828948,0.9048055324001227,2.4413740852880284,-0.3041918912684436,1.5587696839822078,2.7551506562092767,0.29255569570563505,0.008282213892496587,-1.0161329645585022,1
-0.12657084635623306,0.9009088760241706,-1.179024470547907,-0.3138192062305788,-0.5733475201700994,0.9048055324001227,2.4413740852880284,-1.461440576166749,0.11868207972852446,3.213835240786059,-0.22345527558581418,0.286070666731554,-1.0161329645585022,1
0.0428782422044723,0.9009088760241706,-0.502969299721533,-0.9944706480843198,0.10257878806523006,0.21058638994196582,-0.45658638664863627,0.853056793629862,-0.46205254856025635,2.984492948497668,-0.22345527558581418,0.0479662785837905,-1.0161329645585022,1
-0.12657084635623306,0.9009088760241706,-1.179024470547907,2.62286802164307,-0.7423290972289317,-1.177851894974348,2.4413740852880284,-0.3041918912684436,1.4446368668618692,-0.45564143582820127,0.03455021005991044,-1.5592383414136133,-1.0161329645585022,0
1.0595727735687044,0.9009088760241706,0.8491410419312149,2.6187304189106877,1.1164682504182242,-1.177851894974348,1.0161476236798326,-0.8828162337175963,0.27645391515958084,-0.7996548742607882,-0.22345527558581418,-0.8449251769703227,0.9841231756854657,0
0.5512255078865883,-1.1099901739376037,-0.502969299721533,2.6221731570620594,0.10257878806523006,0.9048055324001227,0.38271364074285674,1.4316811360790147,-0.46205254856025635,-1.0289971665491795,0.8085666669970842,1.4369085427790778,-1.0161329645585022,0
0.21232733076517762,0.9009088760241706,-1.179024470547907,1.8300117423329294,0.10257878806523006,0.9048055324001227,2.4413740852880284,0.2744324511807092,3.018998373610068,-0.11162799739561437,0.8085666669970842,0.8416475724096689,-1.0161329645585022,1
0.0428782422044723,-1.1099901739376037,-1.179024470547907,2.5853769190221705,-0.5733475201700994,-1.177851894974348,0.38271364074285674,0.853056793629862,1.159304824061023,-1.0289971665491795,0.5505611813513597,-1.0433455004267922,-1.0161329645585022,0
0.7206745964472937,-1.1099901739376037,1.5251962127575889,2.579596909098308,0.4405419421828948,-1.177851894974348,2.91644957249076,0.853056793629862,-0.1397951825734185,-0.2262991435398101,0.29255569570563505,-1.6187644384505542,-1.0161329645585022,0
0.5512255078865883,-1.1099901739376037,0.8491410419312149,2.585866482704246,0.2715603651240624,-1.177851894974348,1.6495816066168083,-0.8828162337175963,0.001192415045823164,-0.6849837281165926,1.066572152642809,0.9210157017922567,0.9841231756854657,0
0.38177641932588297,-1.1099901739376037,-1.179024470547907,-0.1669185168541635,0.7785050963005594,0.9048055324001227,2.4413740852880284,0.2744324511807092,0.11868207972852446,2.525808363920885,0.8085666669970842,-0.30919030363785477,-1.0161329645585022,1
0.5512255078865883,-1.1099901739376037,1.5251962127575889,-0.10915000236922187,0.4405419421828948,0.9048055324001227,2.4413740852880284,-0.3041918912684436,-0.707102420612748,2.2964660716324943,1.066572152642809,0.6035431842619053,-1.0161329645585022,1
0.0428782422044723,-1.1099901739376037,1.5251962127575889,-0.1137139992763154,-0.911310674287764,0.9048055324001227,2.4413740852880284,0.2744324511807092,0.8336906105118219,2.2964660716324943,1.066572152642809,-1.4798702120310254,-1.0161329645585022,1
0.21232733076517762,-1.1099901739376037,1.5251962127575889,2.546732972891866,0.6095235192417271,-1.177851894974348,1.4912231108825644,-1.461440576166749,0.27645391515958084,-0.6849837281165926,0.29255569570563505,-0.32903233598350173,0.9841231756854657,0
1.2290218621294098,-1.1099901739376037,0.8491410419312149,2.5467171805150253,1.7923945586535535,-1.177851894974348,-0.5674373336626071,-1.461440576166749,-1.1166378232210217,-1.3730106049817663,0.5505611813513597,0.8813316371009629,0.9841231756854657,0
0.21232733076517762,-1.1099901739376037,1.5251962127575889,2.5431638957257654,0.2715603651240624,-1.177851894974348,0.06599664927436881,1.4316811360790147,0.5651428055227898,-1.143668312693375,0.8085666669970842,0.10749237562073138,0.9841231756854657,0
0.0428782422044723,0.9009088760241706,0.8491410419312149,2.5463381634708373,0.2715603651240624,-1.177851894974348,0.8577891279455886,0.853056793629862,-1.6705176710108995,-0.9143260204049839,0.03455021005991044,-1.6386064707962011,0.9841231756854657,0
0.7206745964472937,-1.1099901739376037,-1.179024470547907,2.5433849890015416,0.4405419421828948,0.9048055324001227,4.024959042630468,-0.3041918912684436,2.6933841600608672,0.1177142948927768,0.5505611813513597,0.2463866020402601,0.9841231756854657,0
0.0428782422044723,-1.1099901739376037,-0.502969299721533,2.5428480481889424,-0.06640278899360229,-1.177851894974348,2.4413740852880284,-0.8828162337175963,-1.0427871768490378,-0.45564143582820127,0.8085666669970842,0.2463866020402601,0.9841231756854657,0
0.5512255078865883,0.9009088760241706,-1.179024470547907,2.546290786340314,0.4405419421828948,-1.177851894974348,2.2830155895537843,-1.461440576166749,-0.707102420612748,-0.45564143582820127,0.8085666669970842,0.5043330225336705,0.9841231756854657,0
0.5512255078865883,-1.1099901739376037,0.8491410419312149,2.538599898818672,-0.06640278899360229,-1.177851894974348,3.2331665639592484,0.2744324511807092,-0.707102420612748,-0.2262991435398101,-0.22345527558581418,0.9408577341379036,0.9841231756854657,0
0.0428782422044723,-1.1099901739376037,1.5251962127575889,2.54199525983952,0.6095235192417271,-1.177851894974348,0.8577891279455886,0.2744324511807092,-0.707102420612748,-0.9143260204049839,1.066572152642809,1.0599099282117854,0.9841231756854657,0
-0.12657084635623306,0.9009088760241706,-0.502969299721533,-0.10807612074402338,-0.5733475201700994,0.9048055324001227,2.4413740852880284,1.4316811360790147,0.001192415045823164,2.2964660716324943,0.5505611813513597,0.9210157017922567,-1.0161329645585022,1
0.0428782422044723,-1.1099901739376037,-0.502969299721533,-0.08615630168850152,0.10257878806523006,0.9048055324001227,2.4413740852880284,0.853056793629862,-0.3680608168140954,2.2964660716324943,0.29255569570563505,1.1789621222856672,-1.0161329645585022,1
0.0428782422044723,0.9009088760241706,1.5251962127575889,2.5412372257511446,-0.404365943111267,-1.177851894974348,0.06599664927436881,0.853056793629862,-1.3482603050240614,-1.143668312693375,0.29255569570563505,0.40512286080543575,0.9841231756854657,0
1.2290218621294098,-1.1099901739376037,1.5251962127575889,2.54760155361813,0.6095235192417271,-1.177851894974348,1.3328646151483206,-0.3041918912684436,-0.005521280078902488,-0.7996548742607882,1.066572152642809,1.694854963272488,0.9841231756854657,0
1.2290218621294098,-1.1099901739376037,-0.502969299721533,2.3145850333269014,1.2854498274770565,0.9048055324001227,-0.7257958293968509,-1.461440576166749,1.8407448792206904,-1.3730106049817663,0.8085666669970842,1.238488219322608,-1.0161329645585022,1
0.0428782422044723,0.9009088760241706,1.5251962127575889,-0.04528563042359475,-0.06640278899360229,0.9048055324001227,2.4413740852880284,0.2744324511807092,0.11868207972852446,2.0671237793441026,0.5505611813513597,0.6829113136444932,-1.0161329645585022,1
0.7206745964472937,0.9009088760241706,-0.502969299721533,-0.05174471255162677,0.7785050963005594,0.9048055324001227,2.4413740852880284,-0.3041918912684436,-0.25392799969375696,2.1817949254882985,0.5505611813513597,0.008282213892496587,-1.0161329645585022,1
0.38177641932588297,0.9009088760241706,-0.502969299721533,-0.014822135497008518,0.9474866733593919,0.9048055324001227,2.4413740852880284,-1.461440576166749,-0.21028898138303903,2.0671237793441026,0.5505611813513597,-0.8449251769703227,-1.0161329645585022,1
0.38177641932588297,-1.1099901739376037,-0.502969299721533,-0.016906729240040858,-0.404365943111267,0.9048055324001227,2.4413740852880284,-0.3041918912684436,0.001192415045823164,2.0671237793441026,-0.22345527558581418,0.008282213892496587,-1.0161329645585022,1
0.5512255078865883,-1.1099901739376037,-0.502969299721533,-0.00035631831051137676,-0.06640278899360229,0.9048055324001227,2.4413740852880284,-1.461440576166749,-1.173704231781191,1.952452633199907,0.8085666669970842,0.22654456969461315,-1.0161329645585022,1
-0.12657084635623306,0.9009088760241706,0.8491410419312149,2.546274993963473,-0.7423290972289317,-1.177851894974348,0.8577891279455886,0.853056793629862,-0.37813135950118393,-0.9143260204049839,0.8085666669970842,-1.3409759856114967,0.9841231756854657,0
0.38177641932588297,0.9009088760241706,-0.502969299721533,2.538205089397643,0.2715603651240624,0.9048055324001227,0.06599664927436881,-1.461440576166749,0.11868207972852446,-1.143668312693375,0.8085666669970842,-2.3132355705481977,0.9841231756854657,0
0.0428782422044723,-1.1099901739376037,1.5251962127575889,2.5472857060813068,-0.06640278899360229,0.9048055324001227,2.4413740852880284,1.4316811360790147,1.451350561986595,-0.45564143582820127,0.29255569570563505,0.40512286080543575,0.9841231756854657,0
-0.12657084635623306,-1.1099901739376037,-0.502969299721533,2.5449010571782926,-0.23538436605243465,-1.177851894974348,0.06599664927436881,-0.8828162337175963,-1.173704231781191,-1.143668312693375,1.066572152642809,0.6630692812988462,0.9841231756854657,0
0.7206745964472937,0.9009088760241706,1.5251962127575889,2.315279897907912,1.1164682504182242,0.9048055324001227,2.4413740852880284,-1.461440576166749,-0.12972463988633004,-0.34097028968400567,-0.22345527558581418,0.6233852166075523,-1.0161329645585022,1
0.21232733076517762,0.9009088760241706,-0.502969299721533,0.00720823019640143,0.2715603651240624,0.9048055324001227,2.4413740852880284,-0.8828162337175963,0.15896425047687956,1.952452633199907,1.066572152642809,0.7225953783357871,-1.0161329645585022,1
0.21232733076517762,0.9009088760241706,0.8491410419312149,2.548249041068617,-0.06640278899360229,-1.177851894974348,0.7627740305050422,0.853056793629862,0.04483143335654109,-0.9143260204049839,0.29255569570563505,-0.36871640067479566,0.9841231756854657,0
0.38177641932588297,-1.1099901739376037,1.5251962127575889,2.5443957011193756,0.9474866733593919,-1.177851894974348,2.3226052134873454,0.2744324511807092,0.15896425047687956,-0.45564143582820127,0.5505611813513597,0.8614896047553159,0.9841231756854657,0
0.38177641932588297,-1.1099901739376037,0.17308587110484092,2.544443078249899,0.2715603651240624,-1.177851894974348,-0.5674373336626071,0.2744324511807092,0.27645391515958084,-1.3730106049817663,-0.22345527558581418,-2.0552891500547874,-1.0161329645585022,0
0.21232733076517762,0.9009088760241706,-0.502969299721533,2.3176013773035615,-0.06640278899360229,0.9048055324001227,2.4413740852880284,-0.3041918912684436,0.3939435798422821,-0.34097028968400567,-0.22345527558581418,1.278172284013902,-1.0161329645585022,1
-0.12657084635623306,0.9009088760241706,-0.502969299721533,2.5428322558121015,0.4405419421828948,-1.177851894974348,-0.7257958293968509,-0.8828162337175963,-1.0964967378468442,-1.3730106049817663,0.29255569570563505,0.06780831092943747,0.9841231756854657,0
0.38177641932588297,-1.1099901739376037,-1.179024470547907,2.5441904002204407,0.2715603651240624,-1.177851894974348,0.06599664927436881,-0.3041918912684436,-0.811164695045998,-1.143668312693375,0.29255569570563505,1.317856348705196,0.9841231756854657,0
0.0428782422044723,-1.1099901739376037,-0.502969299721533,2.540937170591163,0.4405419421828948,0.9048055324001227,2.3226052134873454,0.2744324511807092,0.5114332445249834,-0.45564143582820127,-0.22345527558581418,1.258330251668255,0.9841231756854657,0
0.38177641932588297,0.9009088760241706,1.5251962127575889,2.5451379428309098,0.10257878806523006,-1.177851894974348,1.6495816066168083,0.853056793629862,0.15896425047687956,-0.6849837281165926,0.29255569570563505,1.694854963272488,0.9841231756854657,0
0.38177641932588297,0.9009088760241706,0.8491410419312149,0.060396955397408386,0.2715603651240624,0.9048055324001227,2.4413740852880284,-0.8828162337175963,1.0351014642535956,1.8377814870557112,-0.22345527558581418,0.2463866020402601,-1.0161329645585022,1
0.7206745964472937,0.9009088760241706,-1.179024470547907,0.08397497402125144,0.2715603651240624,0.9048055324001227,2.4413740852880284,1.4316811360790147,1.6594751108530943,1.7231103409115156,1.066572152642809,0.4448069254967297,-1.0161329645585022,1
-0.12657084635623306,0.9009088760241706,-0.502969299721533,0.08342224083181105,0.4405419421828948,0.9048055324001227,2.4413740852880284,0.853056793629862,0.23617174441122635,1.7231103409115156,0.29255569570563505,-0.7457150152420878,-1.0161329645585022,1
0.890123685007999,-1.1099901739376037,1.5251962127575889,-0.9750776093233826,0.2715603651240624,0.21058638994196582,-1.2008713165995828,1.4316811360790147,1.2700807936189982,-0.34097028968400567,0.5505611813513597,0.305912699077201,-1.0161329645585022,0
0.7206745964472937,0.9009088760241706,-1.179024470547907,-0.03382036483691688,0.2715603651240624,0.9048055324001227,2.4413740852880284,-1.461440576166749,1.407711543675877,2.0671237793441026,-0.22345527558581418,-0.7258729828964409,-1.0161329645585022,1
0.21232733076517762,-1.1099901739376037,-0.502969299721533,0.0814797784803491,0.4405419421828948,0.9048055324001227,2.4413740852880284,0.853056793629862,1.2835081838684501,1.7231103409115156,0.03455021005991044,0.7424374106814341,-1.0161329645585022,1
0.38177641932588297,0.9009088760241706,0.8491410419312149,0.11544918106567152,0.6095235192417271,0.9048055324001227,2.4413740852880284,1.4316811360790147,1.7836784706605218,1.7231103409115156,-0.22345527558581418,-0.8449251769703227,-1.0161329645585022,1
-0.12657084635623306,-1.1099901739376037,0.8491410419312149,0.11664940170559923,-0.404365943111267,0.9048055324001227,2.4413740852880284,-0.8828162337175963,-0.0860856215756121,1.7231103409115156,0.5505611813513597,-0.051243883144444294,-1.0161329645585022,1
0.5512255078865883,-1.1099901739376037,-0.502969299721533,-0.1522316063918902,0.7785050963005594,0.9048055324001227,2.4413740852880284,0.2744324511807092,2.0757242085860943,2.525808363920885,0.5505611813513597,0.5638591195706114,-1.0161329645585022,1
0.7206745964472937,-1.1099901739376037,0.8491410419312149,0.1654320537679242,0.4405419421828948,0.9048055324001227,2.4413740852880284,0.2744324511807092,-0.21028898138303903,1.6084391947673204,0.5505611813513597,-0.5869787564769122,-1.0161329645585022,1
0.21232733076517762,0.9009088760241706,0.8491410419312149,0.0627658119235815,0.4405419421828948,0.9048055324001227,2.4413740852880284,0.853056793629862,1.6594751108530943,1.8377814870557112,1.066572152642809,-0.38855843302044263,-1.0161329645585022,1
0.38177641932588297,-1.1099901739376037,-0.502969299721533,0.17617087001990897,-0.06640278899360229,0.9048055324001227,2.4413740852880284,0.853056793629862,1.407711543675877,1.4937680486231246,-0.22345527558581418,1.0995939929030794,-1.0161329645585022,1
1.0595727735687044,0.9009088760241706,-1.179024470547907,0.1708330466475989,0.6095235192417271,0.9048055324001227,2.4413740852880284,-1.461440576166749,-0.21028898138303903,1.6084391947673204,0.5505611813513597,-1.12271362980938,-1.0161329645585022,1
0.21232733076517762,0.9009088760241706,-0.502969299721533,2.396168452088303,-0.06640278899360229,-1.177851894974348,0.8577891279455886,1.4316811360790147,1.0955247203761276,-0.9143260204049839,0.03455021005991044,-0.13061201252703214,-1.0161329645585022,0
1.2290218621294098,-1.1099901739376037,1.5251962127575889,2.393183692865325,1.1164682504182242,-1.177851894974348,0.06599664927436881,-0.3041918912684436,0.3301634761573873,-1.143668312693375,0.8085666669970842,1.4964346398160184,-1.0161329645585022,0
0.0428782422044723,-1.1099901739376037,-1.179024470547907,2.3910833067454518,0.2715603651240624,-1.177851894974348,1.6495816066168083,0.2744324511807092,0.001192415045823164,-0.570312581972397,0.8085666669970842,-1.0830295651180861,0.9841231756854657,0
0.21232733076517762,-1.1099901739376037,-0.502969299721533,2.354555539111862,0.2715603651240624,-1.177851894974348,-0.8841543251310949,0.853056793629862,-1.4724636648314886,-1.3730106049817663,-0.22345527558581418,0.32575473142284794,-1.0161329645585022,0
0.5512255078865883,0.9009088760241706,-0.502969299721533,2.3522024749625303,0.9474866733593919,0.21058638994196582,0.8577891279455886,-0.8828162337175963,-1.6705176710108995,-0.7996548742607882,0.5505611813513597,1.35754041339649,0.9841231756854657,0
0.5512255078865883,0.9009088760241706,-0.502969299721533,2.3607619432104356,1.2854498274770565,-1.177851894974348,-0.09236184645987515,-1.461440576166749,-1.6705176710108995,-1.143668312693375,0.29255569570563505,0.3455967637684949,-1.0161329645585022,0
0.0428782422044723,-1.1099901739376037,0.8491410419312149,2.351349686613108,0.2715603651240624,-1.177851894974348,4.024959042630468,-0.3041918912684436,2.17642963545698,0.1177142948927768,0.03455021005991044,-1.7973427295613766,-1.0161329645585022,0
0.21232733076517762,-1.1099901739376037,-1.179024470547907,2.3533553184719347,0.10257878806523006,-1.177851894974348,0.6994306322113446,-0.8828162337175963,0.001192415045823164,-0.9143260204049839,0.03455021005991044,0.4249648931510827,0.9841231756854657,0
1.2290218621294098,0.9009088760241706,-1.179024470547907,-0.9768305631527507,1.1164682504182242,0.21058638994196582,-0.6386986567430168,-1.461440576166749,-0.21364582894540246,1.952452633199907,0.5505611813513597,-0.3488743683291487,-1.0161329645585022,1
-0.12657084635623306,0.9009088760241706,-0.502969299721533,0.06357122314248036,0.4405419421828948,0.9048055324001227,2.4413740852880284,1.4316811360790147,0.9209686471332571,1.8377814870557112,0.03455021005991044,0.0479662785837905,-1.0161329645585022,1
0.38177641932588297,0.9009088760241706,-0.502969299721533,0.19000499213275995,0.4405419421828948,0.9048055324001227,2.4413740852880284,0.853056793629862,-0.34120603631519225,1.4937680486231246,0.5505611813513597,0.286070666731554,-1.0161329645585022,1
0.38177641932588297,0.9009088760241706,0.8491410419312149,0.21511487131019497,1.1164682504182242,0.9048055324001227,2.4413740852880284,0.853056793629862,-0.0860856215756121,1.4937680486231246,0.5505611813513597,-0.36871640067479566,-1.0161329645585022,1
0.0428782422044723,0.9009088760241706,-1.179024470547907,2.3554872893454903,-0.06640278899360229,-1.177851894974348,2.4413740852880284,-0.8828162337175963,0.001192415045823164,-0.34097028968400567,0.5505611813513597,0.32575473142284794,0.9841231756854657,0
0.21232733076517762,-1.1099901739376037,0.8491410419312149,2.3559452682738837,0.4405419421828948,0.9048055324001227,-0.4090788379283631,-0.3041918912684436,-0.37813135950118393,-1.2583394588375707,0.8085666669970842,-0.15045404487267908,-1.0161329645585022,0
0.5512255078865883,-1.1099901739376037,0.8491410419312149,2.3528499624130177,0.6095235192417271,-1.177851894974348,2.2830155895537843,0.2744324511807092,0.001192415045823164,-0.45564143582820127,1.066572152642809,0.8614896047553159,0.9841231756854657,0
-0.12657084635623306,0.9009088760241706,0.8491410419312149,2.360161832890472,-0.5733475201700994,0.21058638994196582,2.12465709381954,0.2744324511807092,0.27645391515958084,-0.45564143582820127,0.5505611813513597,0.9210157017922567,-1.0161329645585022,0
1.0595727735687044,0.9009088760241706,1.5251962127575889,2.1304143346053626,0.9474866733593919,-1.177851894974348,0.38271364074285674,-1.461440576166749,1.5587696839822078,-0.9143260204049839,-0.22345527558581418,1.278172284013902,-1.0161329645585022,1
0.38177641932588297,-1.1099901739376037,-1.179024470547907,2.350449521133162,0.10257878806523006,0.9048055324001227,0.8577891279455886,-1.461440576166749,0.15896425047687956,-0.7996548742607882,0.5505611813513597,0.4448069254967297,0.9841231756854657,0
0.890123685007999,0.9009088760241706,-0.502969299721533,2.3533553184719347,0.4405419421828948,-1.177851894974348,1.6495816066168083,-0.3041918912684436,1.0418151593783211,-0.570312581972397,1.066572152642809,1.258330251668255,-1.0161329645585022,0
0.7206745964472937,0.9009088760241706,0.8491410419312149,2.347985910345942,0.7785050963005594,0.9048055324001227,0.8577891279455886,-0.8828162337175963,-0.46205254856025635,-0.7996548742607882,0.29255569570563505,0.5440170872249644,0.9841231756854657,0
0.7206745964472937,0.9009088760241706,-1.179024470547907,2.35616636154966,0.9474866733593919,0.9048055324001227,-0.18737694390042153,0.853056793629862,-0.5661148229935064,-1.143668312693375,0.5505611813513597,0.5043330225336705,0.9841231756854657,0
0.890123685007999,-1.1099901739376037,0.8491410419312149,2.338952670792802,0.7785050963005594,-1.177851894974348,1.6495816066168083,-1.461440576166749,-1.623521805137819,-0.570312581972397,0.29255569570563505,-1.7775006972157297,0.9841231756854657,0
0.38177641932588297,0.9009088760241706,0.8491410419312149,0.23645037242259412,0.2715603651240624,0.9048055324001227,2.4413740852880284,-0.3041918912684436,0.001192415045823164,1.379096902478929,0.8085666669970842,0.0479662785837905,-1.0161329645585022,1
0.5512255078865883,0.9009088760241706,1.5251962127575889,0.237461084540428,0.2715603651240624,0.9048055324001227,2.4413740852880284,0.2744324511807092,-0.0860856215756121,1.379096902478929,0.5505611813513597,1.9329593514202517,-1.0161329645585022,1
-0.12657084635623306,-1.1099901739376037,-1.179024470547907,0.11966574568225967,-0.06640278899360229,0.9048055324001227,2.4413740852880284,-1.461440576166749,1.6594751108530943,1.7231103409115156,0.03455021005991044,0.08765034327508442,-1.0161329645585022,1
0.890123685007999,0.9009088760241706,-1.179024470547907,2.297639812976343,1.2854498274770565,-1.177851894974348,2.4413740852880284,-0.8828162337175963,1.159304824061023,-0.34097028968400567,0.5505611813513597,0.7424374106814341,0.9841231756854657,0
0.21232733076517762,0.9009088760241706,-0.502969299721533,1.5685847361044647,0.2715603651240624,-1.177851894974348,0.25602684415546156,0.2744324511807092,1.9750187817152072,-0.9143260204049839,0.8085666669970842,0.18686050500331922,-1.0161329645585022,1
0.0428782422044723,0.9009088760241706,0.8491410419312149,2.293060023692408,0.2715603651240624,-1.177851894974348,0.06599664927436881,0.2744324511807092,1.0787404825643134,-1.143668312693375,0.8085666669970842,-1.3012919209202027,0.9841231756854657,0
0.21232733076517762,-1.1099901739376037,-0.502969299721533,2.2817368894973007,0.2715603651240624,-1.177851894974348,2.4413740852880284,-0.8828162337175963,-0.18343420088413584,-0.34097028968400567,0.03455021005991044,1.2186461869769611,-1.0161329645585022,0
-0.12657084635623306,-1.1099901739376037,1.5251962127575889,2.2752778073692688,-0.23538436605243465,-1.177851894974348,-0.9316618738513681,-0.3041918912684436,-0.005521280078902488,-1.3730106049817663,-0.22345527558581418,1.0995939929030794,-1.0161329645585022,0
0.0428782422044723,0.9009088760241706,-1.179024470547907,2.27981021952268,-0.06640278899360229,-0.4836327525161911,-1.121692068732461,1.4316811360790147,-1.2106295549671826,-1.487681751125962,0.8085666669970842,-0.13061201252703214,0.9841231756854657,0
-0.12657084635623306,0.9009088760241706,-1.179024470547907,2.2588221507007864,-0.404365943111267,-1.177851894974348,4.024959042630468,0.853056793629862,0.001192415045823164,0.23238544103697253,0.5505611813513597,0.6630692812988462,-1.0161329645585022,0
0.38177641932588297,0.9009088760241706,-0.502969299721533,2.2538633443726637,0.2715603651240624,-1.177851894974348,0.8577891279455886,1.4316811360790147,-0.005521280078902488,-0.7996548742607882,0.29255569570563505,-1.9759210206721993,0.9841231756854657,0
0.21232733076517762,-1.1099901739376037,-0.502969299721533,2.0341597977585284,0.6095235192417271,-1.177851894974348,2.91644957249076,-1.461440576166749,2.17642963545698,-0.11162799739561437,1.066572152642809,-0.36871640067479566,-1.0161329645585022,1
0.7206745964472937,0.9009088760241706,-0.502969299721533,0.2683825583954077,1.1164682504182242,0.9048055324001227,2.4413740852880284,1.4316811360790147,0.001192415045823164,1.379096902478929,0.5505611813513597,0.40512286080543575,-1.0161329645585022,1
1.2290218621294098,-1.1099901739376037,-1.179024470547907,0.26983545706479384,1.6234129815947211,0.9048055324001227,2.4413740852880284,1.4316811360790147,1.0351014642535956,1.379096902478929,1.066572152642809,-0.7258729828964409,-1.0161329645585022,1
0.890123685007999,0.9009088760241706,0.8491410419312149,0.2651135363892888,1.2854498274770565,0.9048055324001227,2.4413740852880284,0.2744324511807092,0.2865244578466693,1.379096902478929,0.5505611813513597,-0.30919030363785477,-1.0161329645585022,1
-0.12657084635623306,-1.1099901739376037,1.5251962127575889,2.218030441320085,-0.5733475201700994,0.9048055324001227,0.8577891279455886,-0.8828162337175963,2.6933841600608672,-0.7996548742607882,0.03455021005991044,0.08765034327508442,-1.0161329645585022,0
0.7206745964472937,-1.1099901739376037,-0.502969299721533,0.27215693646044353,0.4405419421828948,0.9048055324001227,2.4413740852880284,0.2744324511807092,0.6255660616453219,1.379096902478929,0.8085666669970842,-0.9639773710442044,-1.0161329645585022,1
0.38177641932588297,0.9009088760241706,0.8491410419312149,-0.9748565160476065,0.2715603651240624,0.21058638994196582,-1.359229812333827,1.4316811360790147,-0.12972463988633004,-0.9143260204049839,1.066572152642809,0.7622794430270811,0.9841231756854657,0
0.38177641932588297,0.9009088760241706,-0.502969299721533,-0.9776675591253319,0.2715603651240624,0.21058638994196582,-0.052772222526314166,-0.3041918912684436,1.327147202179168,4.24587555608382,1.066572152642809,1.0003838311748445,-1.0161329645585022,1
0.21232733076517762,0.9009088760241706,1.5251962127575889,2.1787074229856116,0.10257878806523006,-1.177851894974348,1.3328646151483206,0.853056793629862,0.5651428055227898,-0.6849837281165926,0.8085666669970842,0.08765034327508442,0.9841231756854657,0
0.21232733076517762,0.9009088760241706,-0.502969299721533,2.165947182497959,-0.404365943111267,-1.177851894974348,3.391525059693492,0.853056793629862,2.8243012149930204,0.003043148748581378,0.5505611813513597,0.6233852166075523,-1.0161329645585022,0
0.38177641932588297,0.9009088760241706,1.5251962127575889,2.1672421573989338,0.6095235192417271,-1.177851894974348,0.4618928886099787,-1.461440576166749,-1.6705176710108995,-0.9143260204049839,0.03455021005991044,1.1789621222856672,-1.0161329645585022,0
-0.12657084635623306,-1.1099901739376037,-0.502969299721533,2.162457067216064,0.6095235192417271,0.9048055324001227,0.8577891279455886,0.2744324511807092,0.4745079213389917,-0.7996548742607882,1.066572152642809,0.286070666731554,0.9841231756854657,0
0.5512255078865883,-1.1099901739376037,0.8491410419312149,2.164810131365396,0.2715603651240624,-1.177851894974348,-0.09236184645987515,1.4316811360790147,1.0955247203761276,-1.143668312693375,0.03455021005991044,0.4448069254967297,0.9841231756854657,0
0.7206745964472937,-1.1099901739376037,0.8491410419312149,2.161651655997165,1.2854498274770565,-1.177851894974348,0.06599664927436881,0.853056793629862,-1.0427871768490378,-1.0289971665491795,1.066572152642809,-0.8647672093159696,0.9841231756854657,0
0.5512255078865883,-1.1099901739376037,-1.179024470547907,2.1659155977442768,0.10257878806523006,0.21058638994196582,0.06599664927436881,-0.8828162337175963,0.23617174441122635,-1.0289971665491795,0.29255569570563505,0.0479662785837905,0.9841231756854657,0
0.38177641932588297,-1.1099901739376037,-1.179024470547907,-0.9732141088561265,-0.06640278899360229,0.21058638994196582,-0.7257958293968509,0.2744324511807092,1.327147202179168,1.4937680486231246,0.8085666669970842,-0.15045404487267908,-1.0161329645585022,1
0.0428782422044723,0.9009088760241706,-0.502969299721533,0.3478655910369362,-0.404365943111267,0.9048055324001227,2.4413740852880284,0.853056793629862,1.6594751108530943,1.2644257563347332,0.29255569570563505,-0.40840046536608954,-1.0161329645585022,0
0.5512255078865883,-1.1099901739376037,1.5251962127575889,0.3600099288277837,0.6095235192417271,0.9048055324001227,2.4413740852880284,1.4316811360790147,-0.0860856215756121,1.1497546101905376,0.29255569570563505,1.1789621222856672,-1.0161329645585022,0
1.0595727735687044,-1.1099901739376037,-1.179024470547907,2.165520788323248,0.6095235192417271,-1.177851894974348,0.5252362869036763,-0.8828162337175963,0.665848232393677,-0.9143260204049839,0.29255569570563505,-3.126758896719723,0.9841231756854657,0
0.890123685007999,-1.1099901739376037,-1.179024470547907,2.16335723269601,0.4405419421828948,-1.177851894974348,0.5410721364771007,-1.461440576166749,-1.2475548781531747,-0.9143260204049839,0.29255569570563505,-1.0830295651180861,-1.0161329645585022,0
0.21232733076517762,0.9009088760241706,1.5251962127575889,2.1644469066980494,0.4405419421828948,-1.177851894974348,0.8577891279455886,0.853056793629862,-1.7510820125076092,-0.7996548742607882,0.03455021005991044,1.1194360252487263,0.9841231756854657,0
0.38177641932588297,-1.1099901739376037,0.8491410419312149,2.166973686992634,0.2715603651240624,-1.177851894974348,2.91644957249076,1.4316811360790147,1.3103629643673533,-0.11162799739561437,-0.22345527558581418,-1.5989224061049072,0.9841231756854657,0
-0.12657084635623306,0.9009088760241706,-0.502969299721533,2.162772914752887,0.10257878806523006,0.9048055324001227,-0.2507203421941191,0.853056793629862,-0.21364582894540246,-1.143668312693375,-0.22345527558581418,0.7027533459901402,0.9841231756854657,0
1.2290218621294098,-1.1099901739376037,-1.179024470547907,2.169310958765125,1.2854498274770565,-1.177851894974348,-0.17154109432699713,-1.461440576166749,-1.371758237960602,-1.143668312693375,0.5505611813513597,1.238488219322608,-1.0161329645585022,0
0.0428782422044723,0.9009088760241706,-1.179024470547907,2.16021454970462,-0.23538436605243465,0.9048055324001227,-0.09236184645987515,1.4316811360790147,0.9377528849450718,-1.143668312693375,1.066572152642809,-0.5076106270943244,-1.0161329645585022,0
0.5512255078865883,0.9009088760241706,0.8491410419312149,0.36662693472422725,1.1164682504182242,0.9048055324001227,2.4413740852880284,0.853056793629862,0.2965950005337584,1.1497546101905376,0.03455021005991044,0.028124246238143545,0.9841231756854657,0
0.38177641932588297,0.9009088760241706,-1.179024470547907,0.367527100204173,0.6095235192417271,0.9048055324001227,2.4413740852880284,-0.3041918912684436,0.4040141225293712,1.1497546101905376,0.03455021005991044,0.6035431842619053,0.9841231756854657,0
0.0428782422044723,0.9009088760241706,-0.502969299721533,-0.9635649666061813,-0.23538436605243465,0.21058638994196582,-0.8247698892307535,0.853056793629862,0.4745079213389917,1.035083464046342,0.8085666669970842,-1.182239726846321,-1.0161329645585022,1
0.38177641932588297,-1.1099901739376037,-0.502969299721533,2.170037408099818,0.9474866733593919,-1.177851894974348,1.6495816066168083,-1.461440576166749,0.15896425047687956,-0.570312581972397,0.5505611813513597,0.7027533459901402,0.9841231756854657,0
0.5512255078865883,0.9009088760241706,-0.502969299721533,1.9388685958990044,0.2715603651240624,0.9048055324001227,1.6495816066168083,1.4316811360790147,0.001192415045823164,-0.45564143582820127,0.29255569570563505,1.35754041339649,-1.0161329645585022,1
0.890123685007999,-1.1099901739376037,1.5251962127575889,2.161098922807725,0.4405419421828948,0.9048055324001227,-0.4090788379283631,0.2744324511807092,-1.0964967378468442,-1.2583394588375707,0.03455021005991044,0.5837011519162584,0.9841231756854657,0
0.38177641932588297,-1.1099901739376037,1.5251962127575889,1.9406215497283725,0.10257878806523006,-1.177851894974348,0.06599664927436881,-0.8828162337175963,-0.6936750303632967,-1.0289971665491795,-0.22345527558581418,0.26622863438590705,-1.0161329645585022,1
0.0428782422044723,0.9009088760241706,1.5251962127575889,1.9397213842484269,-0.404365943111267,0.9048055324001227,0.8577891279455886,-1.461440576166749,2.0992221415226346,-0.7996548742607882,0.8085666669970842,0.10749237562073138,-1.0161329645585022,1
-0.12657084635623306,-1.1099901739376037,-1.179024470547907,1.9356469510234091,-0.23538436605243465,-1.177851894974348,2.2830155895537843,-1.461440576166749,2.0992221415226346,-0.2262991435398101,0.8085666669970842,0.7622794430270811,-1.0161329645585022,1
0.7206745964472937,-1.1099901739376037,-0.502969299721533,0.4628183020636968,0.6095235192417271,0.9048055324001227,2.4413740852880284,0.853056793629862,-0.34120603631519225,1.035083464046342,0.29255569570563505,1.6750129309268411,-1.0161329645585022,0
0.7206745964472937,0.9009088760241706,1.5251962127575889,0.4585701526934263,0.9474866733593919,0.9048055324001227,2.4413740852880284,-0.8828162337175963,1.5352717510456675,1.035083464046342,0.29255569570563505,-0.36871640067479566,0.9841231756854657,0
0.21232733076517762,-1.1099901739376037,-1.179024470547907,-0.9636281361135459,0.2715603651240624,0.21058638994196582,-0.7257958293968509,0.853056793629862,-1.173704231781191,1.379096902478929,0.29255569570563505,0.22654456969461315,-1.0161329645585022,1
0.0428782422044723,-1.1099901739376037,-0.502969299721533,0.2341920625343091,0.2715603651240624,0.9048055324001227,2.4413740852880284,0.853056793629862,0.001192415045823164,1.379096902478929,-0.22345527558581418,1.4765926074703717,-1.0161329645585022,1
1.0595727735687044,0.9009088760241706,-0.502969299721533,0.478626471281692,1.2854498274770565,0.9048055324001227,2.4413740852880284,0.2744324511807092,0.11868207972852446,1.035083464046342,-0.22345527558581418,0.5241750548793175,0.9841231756854657,0
0.5512255078865883,0.9009088760241706,-1.179024470547907,-0.9582587279875535,0.7785050963005594,-1.177851894974348,-1.2008713165995828,-1.461440576166749,1.9750187817152072,-0.45564143582820127,0.5505611813513597,-0.26950623894656084,-1.0161329645585022,1
0.21232733076517762,0.9009088760241706,-0.502969299721533,0.5021413203981705,0.4405419421828948,0.9048055324001227,2.4413740852880284,1.4316811360790147,1.327147202179168,0.9204123179021463,-0.22345527558581418,0.7027533459901402,-1.0161329645585022,0
0.38177641932588297,-1.1099901739376037,1.5251962127575889,0.5719278336592304,0.9474866733593919,0.9048055324001227,2.4413740852880284,0.853056793629862,0.001192415045823164,0.9204123179021463,0.03455021005991044,0.14717644031202531,0.9841231756854657,0
0.0428782422044723,0.9009088760241706,0.8491410419312149,2.0683029164891034,-0.5733475201700994,0.9048055324001227,-0.5674373336626071,-0.3041918912684436,-1.0427871768490378,-1.2583394588375707,1.066572152642809,-1.162397694500674,0.9841231756854657,0
0.21232733076517762,0.9009088760241706,-0.502969299721533,1.845251385984643,0.2715603651240624,0.9048055324001227,-0.8841543251310949,1.4316811360790147,1.7736079279734327,-1.3730106049817663,0.03455021005991044,-0.051243883144444294,-1.0161329645585022,1
1.2290218621294098,-1.1099901739376037,-0.502969299721533,2.0666131321670997,0.9474866733593919,0.9048055324001227,1.0161476236798326,-1.461440576166749,0.16232109803924238,-0.6849837281165926,1.066572152642809,0.22654456969461315,0.9841231756854657,0
0.21232733076517762,-1.1099901739376037,0.8491410419312149,2.0680028613291213,0.4405419421828948,-1.177851894974348,0.8577891279455886,-1.461440576166749,-0.8447331706696268,-0.7996548742607882,0.5505611813513597,-2.2933935382025505,0.9841231756854657,0
0.5512255078865883,0.9009088760241706,1.5251962127575889,2.0715403537415398,1.1164682504182242,-1.177851894974348,-0.3298995900612411,-0.8828162337175963,2.9149360991768187,-1.143668312693375,0.8085666669970842,1.0202258635204915,-1.0161329645585022,0
1.2290218621294098,0.9009088760241706,-1.179024470547907,2.0684292555038324,1.4544314045358888,-1.177851894974348,-1.1691996174527342,1.4316811360790147,-0.8447331706696268,-1.487681751125962,0.29255569570563505,-1.3012919209202027,0.9841231756854657,0
-0.12657084635623306,0.9009088760241706,-1.179024470547907,0.5713908928466311,-0.5733475201700994,0.9048055324001227,2.4413740852880284,-0.3041918912684436,0.001192415045823164,0.9204123179021463,0.03455021005991044,0.801963507718375,0.9841231756854657,0
0.21232733076517762,0.9009088760241706,-1.179024470547907,0.5891731091697706,0.10257878806523006,0.9048055324001227,2.4413740852880284,0.853056793629862,-0.21364582894540246,0.8057411717579506,1.066572152642809,0.6630692812988462,0.9841231756854657,0
0.5512255078865883,0.9009088760241706,0.8491410419312149,0.3764182083657428,0.6095235192417271,0.9048055324001227,2.4413740852880284,-1.461440576166749,1.676259348664909,1.1497546101905376,-0.22345527558581418,1.1591200899400202,-1.0161329645585022,1
0.21232733076517762,0.9009088760241706,-1.179024470547907,0.4229425505397827,0.10257878806523006,0.9048055324001227,2.4413740852880284,0.853056793629862,1.159304824061023,1.035083464046342,1.066572152642809,-0.20998014190961997,-1.0161329645585022,1
0.890123685007999,-1.1099901739376037,0.17308587110484092,0.6484892765851453,0.7785050963005594,0.9048055324001227,2.4413740852880284,-0.3041918912684436,0.2193875065994116,0.8057411717579506,0.8085666669970842,-0.03140185079879733,0.9841231756854657,0
0.0428782422044723,-1.1099901739376037,1.5251962127575889,-0.9595694952653694,-0.23538436605243465,-1.177851894974348,-0.8841543251310949,-0.3041918912684436,1.4647779522360462,0.8057411717579506,1.066572152642809,0.782121475372728,-1.0161329645585022,1
1.2290218621294098,0.9009088760241706,0.8491410419312149,-0.9637544751282752,1.1164682504182242,0.21058638994196582,-0.9316618738513681,-0.3041918912684436,-0.5661148229935064,0.6910700256137552,0.03455021005991044,0.9805417988291976,-1.0161329645585022,1
0.38177641932588297,0.9009088760241706,-1.179024470547907,0.18457241449940295,0.10257878806523006,0.9048055324001227,2.4413740852880284,0.2744324511807092,1.4312094766124175,1.4937680486231246,0.8085666669970842,-0.686188918205147,-1.0161329645585022,1
0.38177641932588297,0.9009088760241706,1.5251962127575889,0.6855697774081752,0.2715603651240624,0.9048055324001227,2.4413740852880284,1.4316811360790147,-0.4654093961226198,0.6910700256137552,0.5505611813513597,-0.44808453005738347,0.9841231756854657,0
1.2290218621294098,-1.1099901739376037,-1.179024470547907,-0.9660443697702426,1.6234129815947211,-1.177851894974348,-1.212748203779651,1.4316811360790147,0.6154955189582334,-0.45564143582820127,0.03455021005991044,0.801963507718375,-1.0161329645585022,0
-0.12657084635623306,0.9009088760241706,-1.179024470547907,0.7045837991249246,-0.23538436605243465,0.9048055324001227,2.4413740852880284,1.4316811360790147,0.5785701957722418,0.6910700256137552,1.066572152642809,1.5361187045073124,-1.0161329645585022,0
0.21232733076517762,0.9009088760241706,-1.179024470547907,0.7699168621167791,0.10257878806523006,0.9048055324001227,2.4413740852880284,-0.3041918912684436,1.2835081838684501,0.5763988794695595,0.8085666669970842,-0.8250831446246757,-1.0161329645585022,0
0.0428782422044723,0.9009088760241706,1.5251962127575889,2.0697873999121716,-0.404365943111267,0.9048055324001227,2.362194837420906,1.4316811360790147,0.001192415045823164,-0.2262991435398101,0.5505611813513597,-0.5274526594399713,-1.0161329645585022,0
0.38177641932588297,0.9009088760241706,1.5251962127575889,2.074730413863453,0.4405419421828948,-1.177851894974348,-0.5674373336626071,-0.3041918912684436,-1.1166378232210217,-1.2583394588375707,0.29255569570563505,0.8614896047553159,-1.0161329645585022,0
0.21232733076517762,0.9009088760241706,-0.502969299721533,2.075251562299211,0.10257878806523006,-1.177851894974348,2.4413740852880284,-0.8828162337175963,1.4345663241747801,-0.2262991435398101,1.066572152642809,0.9011736694466097,0.9841231756854657,0
0.0428782422044723,0.9009088760241706,-1.179024470547907,2.054674095275187,0.4405419421828948,-1.177851894974348,0.38271364074285674,0.853056793629862,0.001192415045823164,-0.9143260204049839,1.066572152642809,1.3972244780877838,0.9841231756854657,0
-0.12657084635623306,0.9009088760241706,1.5251962127575889,0.5652476582554222,-0.911310674287764,0.9048055324001227,2.4413740852880284,1.4316811360790147,1.9750187817152072,0.9204123179021463,1.066572152642809,1.1194360252487263,-1.0161329645585022,1
1.2290218621294098,0.9009088760241706,-1.179024470547907,0.8381557224474059,1.4544314045358888,0.9048055324001227,2.4413740852880284,-1.461440576166749,0.8336906105118219,0.5763988794695595,0.5505611813513597,-0.09092794783573821,0.9841231756854657,0
1.0595727735687044,-1.1099901739376037,0.17308587110484092,2.015888017753313,0.9474866733593919,-1.177851894974348,0.8577891279455886,0.853056793629862,1.327147202179168,-0.7996548742607882,-0.22345527558581418,1.0995939929030794,-1.0161329645585022,0
0.5512255078865883,0.9009088760241706,-0.502969299721533,1.7715167785132946,-0.06640278899360229,-1.177851894974348,1.0161476236798326,-1.461440576166749,1.5587696839822078,-0.6849837281165926,0.03455021005991044,-0.7457150152420878,-1.0161329645585022,1
0.0428782422044723,0.9009088760241706,0.8491410419312149,1.7636363824695587,-0.06640278899360229,0.9048055324001227,-0.5674373336626071,0.853056793629862,1.6594751108530943,-1.2583394588375707,1.066572152642809,-1.162397694500674,-1.0161329645585022,1
0.890123685007999,-1.1099901739376037,0.8491410419312149,1.973264392659038,0.2715603651240624,-1.177851894974348,0.38271364074285674,0.853056793629862,-1.173704231781191,-0.9143260204049839,0.8085666669970842,1.0202258635204915,0.9841231756854657,0
0.5512255078865883,-1.1099901739376037,0.8491410419312149,-0.9557793248234924,0.2715603651240624,-1.177851894974348,-0.8841543251310949,0.853056793629862,-0.707102420612748,0.8057411717579506,-0.22345527558581418,-0.38855843302044263,-1.0161329645585022,1
1.0595727735687044,-1.1099901739376037,-0.502969299721533,1.7502128621545778,1.1164682504182242,-1.177851894974348,0.38271364074285674,1.4316811360790147,0.001192415045823164,-0.9143260204049839,0.5505611813513597,0.7027533459901402,-1.0161329645585022,1
0.5512255078865883,0.9009088760241706,-0.502969299721533,1.746343729828495,-0.23538436605243465,0.9048055324001227,0.0976683484212176,-1.461440576166749,1.6729025011025462,-1.0289971665491795,0.29255569570563505,0.26622863438590705,-1.0161329645585022,1
1.2290218621294098,-1.1099901739376037,-0.502969299721533,1.973248600282197,0.6095235192417271,-1.177851894974348,-0.4882580857954851,-0.8828162337175963,-1.1804179269059165,-1.2583394588375707,1.066572152642809,0.20670253734896618,-1.0161329645585022,0
1.0595727735687044,-1.1099901739376037,-0.502969299721533,1.9741329733853015,0.4405419421828948,-1.177851894974348,-0.3298995900612411,1.4316811360790147,1.6729025011025462,-1.143668312693375,1.066572152642809,-0.2893482712922078,-1.0161329645585022,0
0.21232733076517762,0.9009088760241706,-0.502969299721533,1.9767229231872507,0.10257878806523006,-1.177851894974348,4.024959042630468,0.853056793629862,0.665848232393677,0.3470565871811683,-0.22345527558581418,-1.162397694500674,-1.0161329645585022,0
0.5512255078865883,-1.1099901739376037,-0.502969299721533,1.98136588197855,0.7785050963005594,-1.177851894974348,0.06599664927436881,0.853056793629862,0.8336906105118219,-1.0289971665491795,0.5505611813513597,0.6432272489531993,0.9841231756854657,0
1.0595727735687044,0.9009088760241706,0.8491410419312149,-0.9528261503541965,0.7785050963005594,0.21058638994196582,-0.9158260242779438,1.4316811360790147,-1.1804179269059165,0.5763988794695595,0.8085666669970842,-0.7457150152420878,-1.0161329645585022,1
0.7206745964472937,-1.1099901739376037,-1.179024470547907,0.7615784871446497,0.9474866733593919,0.9048055324001227,2.4413740852880284,-1.461440576166749,1.8877407450937713,0.6910700256137552,0.29255569570563505,-1.102871597463733,-1.0161329645585022,1
0.890123685007999,0.9009088760241706,0.8491410419312149,-0.9482463610702618,0.7785050963005594,0.21058638994196582,-0.5832731832360314,1.4316811360790147,0.001192415045823164,1.8377814870557112,0.29255569570563505,0.26622863438590705,-1.0161329645585022,1
0.890123685007999,-1.1099901739376037,1.5251962127575889,1.0241267521288364,0.6095235192417271,0.9048055324001227,2.4413740852880284,-1.461440576166749,0.11868207972852446,0.3470565871811683,0.5505611813513597,0.08765034327508442,-1.0161329645585022,0
0.0428782422044723,-1.1099901739376037,0.8491410419312149,0.8043442436304951,-0.23538436605243465,0.9048055324001227,2.4413740852880284,-0.8828162337175963,1.2096575374964662,0.5763988794695595,0.03455021005991044,-0.13061201252703214,-1.0161329645585022,1
0.890123685007999,-1.1099901739376037,-1.179024470547907,1.1231765396765547,1.1164682504182242,0.9048055324001227,2.4413740852880284,-1.461440576166749,0.11868207972852446,0.3470565871811683,-0.22345527558581418,0.6630692812988462,0.9841231756854657,0
0.38177641932588297,0.9009088760241706,-1.179024470547907,-0.9495413359712365,0.7785050963005594,-1.177851894974348,-0.527847709729046,-1.461440576166749,-1.7510820125076092,2.0671237793441026,0.03455021005991044,-0.22982217425526694,-1.0161329645585022,1
0.21232733076517762,0.9009088760241706,-1.179024470547907,0.8929552700862106,-0.23538436605243465,0.9048055324001227,2.4413740852880284,-0.8828162337175963,1.4446368668618692,0.4617277333253637,0.03455021005991044,0.7424374106814341,-1.0161329645585022,1
0.7206745964472937,0.9009088760241706,1.5251962127575889,1.9731380536443088,0.6095235192417271,0.9048055324001227,0.06599664927436881,0.853056793629862,0.04483143335654109,-1.0289971665491795,-0.22345527558581418,0.46464895784237664,-1.0161329645585022,0
0.7206745964472937,0.9009088760241706,-0.502969299721533,1.9300880343753228,0.7785050963005594,0.9048055324001227,2.4413740852880284,-0.8828162337175963,1.4312094766124175,-0.2262991435398101,0.03455021005991044,1.317856348705196,-1.0161329645585022,0
0.38177641932588297,-1.1099901739376037,-1.179024470547907,0.6963875555443657,-0.404365943111267,0.9048055324001227,2.4413740852880284,0.2744324511807092,1.575553921794022,0.6910700256137552,0.29255569570563505,1.337698381050843,-1.0161329645585022,1
-0.12657084635623306,-1.1099901739376037,0.17308587110484092,-0.9516890992216335,-0.06640278899360229,0.21058638994196582,-0.5040939353689095,-0.8828162337175963,-1.0964967378468442,2.1817949254882985,0.8085666669970842,1.0400678958661385,-1.0161329645585022,1
0.38177641932588297,0.9009088760241706,1.5251962127575889,1.314627524121866,0.2715603651240624,0.9048055324001227,2.4413740852880284,0.853056793629862,1.4110683912382405,0.1177142948927768,0.03455021005991044,0.20670253734896618,0.9841231756854657,0
1.2290218621294098,0.9009088760241706,-1.179024470547907,1.0815004571927491,0.9474866733593919,0.9048055324001227,2.4413740852880284,0.853056793629862,2.0757242085860943,0.3470565871811683,0.5505611813513597,0.26622863438590705,-1.0161329645585022,1
0.0428782422044723,-1.1099901739376037,-1.179024470547907,1.412319167261245,-0.404365943111267,0.9048055324001227,2.4413740852880284,-0.3041918912684436,0.7061304031420315,0.1177142948927768,0.29255569570563505,0.8416475724096689,-1.0161329645585022,0
0.890123685007999,-1.1099901739376037,-0.502969299721533,1.4025121012428883,1.2854498274770565,0.9048055324001227,2.4413740852880284,-0.8828162337175963,1.5352717510456675,0.1177142948927768,1.066572152642809,0.5440170872249644,0.9841231756854657,0
0.5512255078865883,-1.1099901739376037,-1.179024470547907,1.4640234090391835,0.4405419421828948,0.9048055324001227,2.4413740852880284,1.4316811360790147,1.6997572816014495,0.003043148748581378,0.29255569570563505,0.782121475372728,0.9841231756854657,0
0.7206745964472937,0.9009088760241706,-0.502969299721533,1.5981638579279462,0.7785050963005594,0.9048055324001227,2.4413740852880284,-1.461440576166749,-0.8447331706696268,0.003043148748581378,0.29255569570563505,-0.051243883144444294,-1.0161329645585022,0
0.38177641932588297,-1.1099901739376037,0.8491410419312149,1.5911046654799503,-0.23538436605243465,0.9048055324001227,2.4413740852880284,0.853056793629862,2.1999275683935204,0.003043148748581378,-0.22345527558581418,-0.09092794783573821,-1.0161329645585022,0
-0.12657084635623306,-1.1099901739376037,-0.502969299721533,1.5986850063637044,-0.23538436605243465,0.9048055324001227,2.4413740852880284,-0.8828162337175963,0.11868207972852446,0.003043148748581378,0.03455021005991044,-0.8449251769703227,-1.0161329645585022,0
0.21232733076517762,-1.1099901739376037,-1.179024470547907,-0.9421820883632587,-0.5733475201700994,0.21058638994196582,-1.042512820865339,1.4316811360790147,-1.0427871768490378,0.1177142948927768,0.5505611813513597,1.5162766721616654,-1.0161329645585022,1
0.38177641932588297,-1.1099901739376037,-0.502969299721533,1.882031831647691,0.10257878806523006,-1.177851894974348,-0.7257958293968509,-0.8828162337175963,1.5486991412951188,-1.2583394588375707,1.066572152642809,-1.4401861473397315,0.9841231756854657,0
-0.12657084635623306,0.9009088760241706,-1.179024470547907,1.8796471827446766,-0.404365943111267,-1.177851894974348,4.024959042630468,-0.3041918912684436,0.665848232393677,0.4617277333253637,0.8085666669970842,-0.5274526594399713,-1.0161329645585022,0
0.5512255078865883,0.9009088760241706,-0.502969299721533,1.8777205127700558,0.6095235192417271,-1.177851894974348,0.8577891279455886,-0.3041918912684436,0.5382880250238866,-0.6849837281165926,0.29255569570563505,1.298014316359549,0.9841231756854657,0
0.38177641932588297,-1.1099901739376037,1.5251962127575889,1.5964424888522604,0.7785050963005594,0.9048055324001227,2.4413740852880284,-1.461440576166749,0.5114332445249834,0.003043148748581378,0.03455021005991044,-0.11076998018138517,-1.0161329645585022,0
0.38177641932588297,0.9009088760241706,-1.179024470547907,-0.9415661856664537,0.4405419421828948,-1.177851894974348,-0.365530251601446,0.2744324511807092,-1.8752853723150364,2.525808363920885,1.066572152642809,-1.4203441149940845,-1.0161329645585022,1
0.5512255078865883,0.9009088760241706,-1.179024470547907,1.3723960386068075,0.6095235192417271,0.9048055324001227,2.4413740852880284,1.4316811360790147,0.7497694214527494,0.1177142948927768,0.29255569570563505,0.08765034327508442,-1.0161329645585022,1
0.890123685007999,0.9009088760241706,-1.179024470547907,-0.9456248265146303,0.6095235192417271,-1.177851894974348,-0.5674373336626071,0.2744324511807092,-1.2979075915886182,1.8377814870557112,-0.22345527558581418,-2.154499311783022,-1.0161329645585022,1
0.5512255078865883,0.9009088760241706,0.8491410419312149,1.3901308777994235,0.4405419421828948,0.9048055324001227,2.4413740852880284,1.4316811360790147,1.4647779522360462,0.1177142948927768,0.5505611813513597,-0.4282424977117365,-1.0161329645585022,1
0.38177641932588297,0.9009088760241706,-1.179024470547907,1.708726288192866,0.10257878806523006,0.9048055324001227,2.4413740852880284,0.2744324511807092,-0.37813135950118393,-0.11162799739561437,0.29255569570563505,1.298014316359549,0.9841231756854657,0
0.38177641932588297,0.9009088760241706,-0.502969299721533,1.559409365159754,0.10257878806523006,0.9048055324001227,2.4413740852880284,-0.8828162337175963,1.6594751108530943,0.003043148748581378,0.5505611813513597,-0.8250831446246757,-1.0161329645585022,1
0.21232733076517762,0.9009088760241706,0.8491410419312149,1.8397714312207625,0.10257878806523006,0.9048055324001227,2.4413740852880284,-1.461440576166749,-0.3680608168140954,-0.11162799739561437,-0.22345527558581418,0.9011736694466097,0.9841231756854657,0
0.38177641932588297,-1.1099901739376037,1.5251962127575889,1.9795813433954996,0.9474866733593919,0.9048055324001227,2.4413740852880284,-0.8828162337175963,1.407711543675877,-0.2262991435398101,0.5505611813513597,1.317856348705196,0.9841231756854657,0
-0.12657084635623306,0.9009088760241706,-1.179024470547907,1.9767387155640919,-0.404365943111267,0.9048055324001227,2.4413740852880284,0.853056793629862,1.7836784706605218,-0.2262991435398101,1.066572152642809,-3.9204401905456012,0.9841231756854657,0
-0.12657084635623306,0.9009088760241706,0.8491410419312149,-0.9455142798767422,-0.06640278899360229,-0.4836327525161911,-0.607026957596168,-1.461440576166749,0.001192415045823164,1.7231103409115156,0.5505611813513597,0.782121475372728,-1.0161329645585022,1
0.38177641932588297,0.9009088760241706,0.8491410419312149,1.9735170706884966,0.2715603651240624,0.9048055324001227,2.4413740852880284,-0.3041918912684436,1.4110683912382405,-0.2262991435398101,-0.22345527558581418,1.278172284013902,0.9841231756854657,0
0.21232733076517762,0.9009088760241706,0.8491410419312149,2.0697084380279662,0.10257878806523006,0.9048055324001227,2.4413740852880284,0.853056793629862,-0.08944246913797492,-0.2262991435398101,-0.22345527558581418,-0.686188918205147,0.9841231756854657,0
0.7206745964472937,-1.1099901739376037,-0.502969299721533,1.8196677355019735,1.1164682504182242,0.9048055324001227,1.6495816066168083,1.4316811360790147,-1.3482603050240614,-0.45564143582820127,0.8085666669970842,-0.20998014190961997,0.9841231756854657,0
0.0428782422044723,0.9009088760241706,-0.502969299721533,1.1649315840445662,-0.23538436605243465,-1.177851894974348,1.6495816066168083,0.2744324511807092,2.02537149515065,-0.11162799739561437,0.5505611813513597,-2.094973214746081,-1.0161329645585022,1
0.21232733076517762,0.9009088760241706,0.8491410419312149,1.803133116949285,0.10257878806523006,0.9048055324001227,-0.7574675285436998,1.4316811360790147,-0.005521280078902488,-1.3730106049817663,-0.22345527558581418,0.5043330225336705,-1.0161329645585022,0
-0.12657084635623306,-1.1099901739376037,-1.179024470547907,1.7987744209411265,0.2715603651240624,-1.177851894974348,-0.2507203421941191,-1.461440576166749,0.11868207972852446,-1.143668312693375,0.8085666669970842,-0.30919030363785477,0.9841231756854657,0
0.38177641932588297,-1.1099901739376037,-1.179024470547907,1.5559350422547003,0.9474866733593919,0.9048055324001227,1.9979702972321451,-0.8828162337175963,2.8243012149930204,-0.2262991435398101,0.5505611813513597,0.4249648931510827,-1.0161329645585022,1
0.21232733076517762,-1.1099901739376037,-0.502969299721533,1.1356051402505432,0.10257878806523006,0.9048055324001227,-0.09236184645987515,0.2744324511807092,1.934736610966852,-0.9143260204049839,0.5505611813513597,0.9210157017922567,-1.0161329645585022,1
0.0428782422044723,0.9009088760241706,0.8491410419312149,2.1312355382011026,0.6095235192417271,0.9048055324001227,2.4413740852880284,-0.8828162337175963,1.159304824061023,-0.2262991435398101,0.29255569570563505,0.40512286080543575,-1.0161329645585022,1
0.7206745964472937,0.9009088760241706,-0.502969299721533,3.060806423825114,0.4405419421828948,0.9048055324001227,2.4413740852880284,0.2744324511807092,0.5114332445249834,-0.570312581972397,-0.22345527558581418,-0.11076998018138517,0.9841231756854657,0
-0.12657084635623306,-1.1099901739376037,-1.179024470547907,2.9850503921180978,0.4405419421828948,0.9048055324001227,2.4413740852880284,-0.8828162337175963,2.448334288008376,-0.570312581972397,0.8085666669970842,0.8813316371009629,-1.0161329645585022,1
0.7206745964472937,-1.1099901739376037,0.17308587110484092,3.210360232510843,0.4405419421828948,0.9048055324001227,2.4413740852880284,0.853056793629862,0.5114332445249834,-0.570312581972397,0.29255569570563505,-0.8647672093159696,0.9841231756854657,0
0.890123685007999,0.9009088760241706,-1.179024470547907,3.464033181710301,0.7785050963005594,0.9048055324001227,2.4413740852880284,-1.461440576166749,1.0418151593783211,-0.6849837281165926,0.03455021005991044,-0.07108591549009124,-1.0161329645585022,1
0.890123685007999,-1.1099901739376037,-1.179024470547907,-0.9324539842291077,0.6095235192417271,0.21058638994196582,-1.042512820865339,-0.3041918912684436,-1.6839450612603513,0.003043148748581378,0.03455021005991044,0.9011736694466097,-1.0161329645585022,1
0.5512255078865883,0.9009088760241706,0.8491410419312149,-0.9195516123498849,0.9474866733593919,-1.177851894974348,-1.1375279183058853,0.2744324511807092,1.2465828606824585,-0.34097028968400567,0.29255569570563505,-0.5274526594399713,-1.0161329645585022,1
0.0428782422044723,-1.1099901739376037,0.17308587110484092,0.2316810746165656,-0.06640278899360229,0.9048055324001227,2.3819896493876866,-0.3041918912684436,2.4684753733825526,1.379096902478929,-0.22345527558581418,0.8416475724096689,-1.0161329645585022,1
0.38177641932588297,0.9009088760241706,-0.502969299721533,-0.6409425001182445,0.4405419421828948,0.9048055324001227,2.3226052134873454,0.853056793629862,0.03811773823181484,5.507258163669971,-0.22345527558581418,0.7622794430270811,-1.0161329645585022,1
0.38177641932588297,0.9009088760241706,-0.502969299721533,-0.5610804504325283,0.2715603651240624,0.9048055324001227,2.3226052134873454,-1.461440576166749,0.5382880250238866,4.704560140660602,0.29255569570563505,0.4448069254967297,-1.0161329645585022,1
-0.12657084635623306,0.9009088760241706,-1.179024470547907,1.7831241754915428,-0.06640278899360229,-1.177851894974348,1.0161476236798326,-0.3041918912684436,-0.8447331706696268,-0.6849837281165926,-0.22345527558581418,0.7424374106814341,0.9841231756854657,0
0.7206745964472937,0.9009088760241706,-0.502969299721533,1.781292259777969,0.9474866733593919,-1.177851894974348,-1.01084112171849,0.2744324511807092,0.001192415045823164,-1.3730106049817663,-0.22345527558581418,0.286070666731554,0.9841231756854657,0
0.21232733076517762,-1.1099901739376037,1.5251962127575889,1.785698332916651,0.10257878806523006,-1.177851894974348,0.8102815792253154,0.853056793629862,0.8135495251376443,-0.6849837281165926,-0.22345527558581418,0.4249648931510827,-1.0161329645585022,0
0.21232733076517762,-1.1099901739376037,-0.502969299721533,1.7818607853442505,-0.06640278899360229,-1.177851894974348,-0.4090788379283631,-0.8828162337175963,0.001192415045823164,-1.143668312693375,0.5505611813513597,-0.5671367241312653,0.9841231756854657,0
-0.12657084635623306,0.9009088760241706,1.5251962127575889,1.7840243409714887,-0.404365943111267,-1.177851894974348,-0.4090788379283631,-1.461440576166749,0.4107278176540969,-1.143668312693375,0.03455021005991044,0.7424374106814341,0.9841231756854657,0
1.0595727735687044,0.9009088760241706,-0.502969299721533,-0.9325013613596312,0.9474866733593919,0.21058638994196582,-1.2642147148932805,0.853056793629862,0.9108981044461687,-0.6849837281165926,-0.22345527558581418,1.0003838311748445,0.9841231756854657,0
-0.12657084635623306,-1.1099901739376037,0.8491410419312149,0.15526176308222098,-0.23538436605243465,0.9048055324001227,2.3226052134873454,-1.461440576166749,1.4446368668618692,1.4937680486231246,0.5505611813513597,-0.9044512740072636,-1.0161329645585022,1
0.0428782422044723,-1.1099901739376037,0.8491410419312149,-0.9363547013088729,-0.06640278899360229,0.21058638994196582,-0.7257958293968509,0.2744324511807092,0.9981761410676039,1.1497546101905376,0.5505611813513597,-1.9560789883265524,-1.0161329645585022,1
0.0428782422044723,0.9009088760241706,-1.179024470547907,-0.9288533223093246,-0.23538436605243465,0.21058638994196582,-0.7257958293968509,-0.8828162337175963,-0.37813135950118393,1.1497546101905376,0.29255569570563505,0.008282213892496587,-1.0161329645585022,1
0.0428782422044723,0.9009088760241706,-1.179024470547907,1.5567720382272814,-0.23538436605243465,-1.177851894974348,0.8577891279455886,-0.3041918912684436,1.5587696839822078,-0.6849837281165926,-0.22345527558581418,0.5043330225336705,-1.0161329645585022,1
0.38177641932588297,-1.1099901739376037,-0.502969299721533,1.7878303037902068,0.10257878806523006,0.9048055324001227,-0.18737694390042153,1.4316811360790147,0.2965950005337584,-1.143668312693375,0.03455021005991044,-0.6068207888225592,0.9841231756854657,0
-0.12657084635623306,0.9009088760241706,-0.502969299721533,1.781702861575839,0.10257878806523006,-1.177851894974348,-1.2800505644667048,0.2744324511807092,0.25966967734776614,-1.487681751125962,0.03455021005991044,1.337698381050843,0.9841231756854657,0
0.21232733076517762,0.9009088760241706,-1.179024470547907,1.7788602337444313,0.10257878806523006,0.9048055324001227,0.8577891279455886,-1.461440576166749,0.6826324702054911,-0.6849837281165926,-0.22345527558581418,0.4448069254967297,0.9841231756854657,0
0.38177641932588297,0.9009088760241706,0.8491410419312149,0.7437015165604633,1.1164682504182242,0.9048055324001227,2.3226052134873454,1.4316811360790147,1.5587696839822078,0.5763988794695595,1.066572152642809,0.008282213892496587,-1.0161329645585022,0
0.5512255078865883,0.9009088760241706,-0.502969299721533,0.9987010254145784,0.2715603651240624,0.9048055324001227,2.3226052134873454,-0.3041918912684436,0.5114332445249834,0.3470565871811683,-0.22345527558581418,-1.8767108589439645,0.9841231756854657,0
0.21232733076517762,-1.1099901739376037,-0.502969299721533,0.7992433059108023,0.2715603651240624,0.9048055324001227,2.3226052134873454,0.853056793629862,1.676259348664909,0.5763988794695595,0.8085666669970842,1.4369085427790778,-1.0161329645585022,1
0.21232733076517762,0.9009088760241706,0.8491410419312149,1.1468335201846036,0.4405419421828948,0.9048055324001227,2.3226052134873454,-0.3041918912684436,1.9112386780303117,0.23238544103697253,0.29255569570563505,-0.4282424977117365,0.9841231756854657,0
0.7206745964472937,-1.1099901739376037,-1.179024470547907,-0.9254263765347942,0.9474866733593919,0.21058638994196582,-1.01084112171849,0.853056793629862,1.286865031430813,0.1177142948927768,0.29255569570563505,-0.4877685947486774,-1.0161329645585022,1
0.5512255078865883,-1.1099901739376037,1.5251962127575889,0.7496394502527373,0.2715603651240624,0.9048055324001227,2.3226052134873454,0.2744324511807092,1.4446368668618692,0.5763988794695595,-0.22345527558581418,-1.5393963090679663,-1.0161329645585022,1
-0.12657084635623306,0.9009088760241706,-0.502969299721533,1.1796184945068395,0.10257878806523006,0.9048055324001227,2.3226052134873454,-1.461440576166749,1.2029438423717405,0.23238544103697253,1.066572152642809,-0.11076998018138517,-1.0161329645585022,1
0.38177641932588297,0.9009088760241706,0.8491410419312149,1.4989877313654987,0.4405419421828948,0.9048055324001227,2.3226052134873454,1.4316811360790147,0.001192415045823164,0.003043148748581378,0.03455021005991044,0.14717644031202531,-1.0161329645585022,0
0.21232733076517762,-1.1099901739376037,1.5251962127575889,1.5718537581105836,0.7785050963005594,0.9048055324001227,2.3226052134873454,0.853056793629862,0.7464125738903866,0.003043148748581378,0.8085666669970842,1.298014316359549,0.9841231756854657,0
1.0595727735687044,-1.1099901739376037,-1.179024470547907,1.933088585975142,1.2854498274770565,0.9048055324001227,2.3226052134873454,-1.461440576166749,0.27645391515958084,-0.2262991435398101,1.066572152642809,-0.22982217425526694,-1.0161329645585022,0
0.38177641932588297,0.9009088760241706,-0.502969299721533,-0.9216204137160761,0.2715603651240624,-1.177851894974348,-1.2008713165995828,0.853056793629862,0.001192415045823164,-0.570312581972397,0.29255569570563505,0.4448069254967297,0.9841231756854657,0
-0.12657084635623306,0.9009088760241706,1.5251962127575889,-0.35295271604295864,-0.5733475201700994,0.9048055324001227,2.2830155895537843,-1.461440576166749,2.0589399707742797,3.213835240786059,-0.22345527558581418,1.3773824457421369,-1.0161329645585022,1
1.2290218621294098,-1.1099901739376037,1.5251962127575889,-0.316503910293575,1.2854498274770565,0.9048055324001227,2.2830155895537843,-1.461440576166749,1.407711543675877,2.984492948497668,1.066572152642809,-0.7655570475877348,-1.0161329645585022,1
0.0428782422044723,-1.1099901739376037,-1.179024470547907,-0.15101559337512135,-0.06640278899360229,0.9048055324001227,2.2830155895537843,-0.8828162337175963,-0.0860856215756121,2.2964660716324943,1.066572152642809,-1.8370267942526706,-1.0161329645585022,1
0.0428782422044723,-1.1099901739376037,-0.502969299721533,-0.9138821490639105,-0.06640278899360229,-1.177851894974348,-1.2800505644667048,-0.8828162337175963,-0.7977373047965461,-0.7996548742607882,1.066572152642809,0.32575473142284794,0.9841231756854657,0
0.0428782422044723,0.9009088760241706,0.17308587110484092,-0.22077052188249893,-0.23538436605243465,0.9048055324001227,2.2830155895537843,1.4316811360790147,1.8273174889712391,2.525808363920885,0.5505611813513597,-1.8370267942526706,-1.0161329645585022,1
1.2290218621294098,0.9009088760241706,0.8491410419312149,-0.9044541000897416,1.4544314045358888,0.21058638994196582,-0.8841543251310949,0.2744324511807092,1.7736079279734327,0.4617277333253637,0.29255569570563505,-2.114815247091728,-1.0161329645585022,1
0.5512255078865883,0.9009088760241706,0.8491410419312149,-0.9127766826850298,0.6095235192417271,0.21058638994196582,-1.121692068732461,-0.8828162337175963,1.253296555807184,-0.34097028968400567,1.066572152642809,-0.4877685947486774,0.9841231756854657,0
0.38177641932588297,0.9009088760241706,0.8491410419312149,-0.01649612744217085,0.7785050963005594,0.9048055324001227,2.2830155895537843,-0.3041918912684436,-1.0427871768490378,1.8377814870557112,-0.22345527558581418,0.14717644031202531,-1.0161329645585022,1
-0.12657084635623306,0.9009088760241706,-1.179024470547907,-0.9116554239293079,-0.23538436605243465,0.21058638994196582,-1.0979382943723244,0.2744324511807092,0.001192415045823164,-0.2262991435398101,0.5505611813513597,-1.2814498885745558,-1.0161329645585022,0
0.5512255078865883,0.9009088760241706,-1.179024470547907,-0.10656005256727259,0.7785050963005594,0.9048055324001227,2.2830155895537843,-1.461440576166749,2.1562885500828033,2.1817949254882985,0.8085666669970842,-1.202081759191968,-1.0161329645585022,1
0.0428782422044723,-1.1099901739376037,1.5251962127575889,0.025669518723710556,-0.06640278899360229,0.9048055324001227,2.2830155895537843,-1.461440576166749,-1.1804179269059165,1.7231103409115156,1.066572152642809,0.12733440796637835,-1.0161329645585022,1
-0.12657084635623306,-1.1099901739376037,-0.502969299721533,-0.9066966176011855,0.10257878806523006,0.21058638994196582,-0.7257958293968509,-0.8828162337175963,-1.0427871768490378,0.9204123179021463,0.8085666669970842,0.40512286080543575,-1.0161329645585022,1
0.21232733076517762,-1.1099901739376037,-0.502969299721533,0.11846552504233196,-0.06640278899360229,0.9048055324001227,2.2830155895537843,-0.8828162337175963,-1.1233515183457474,1.4937680486231246,0.03455021005991044,-0.5671367241312653,-1.0161329645585022,1
-0.12657084635623306,0.9009088760241706,-1.179024470547907,0.11789699947605041,-0.911310674287764,0.9048055324001227,2.2830155895537843,1.4316811360790147,1.327147202179168,1.4937680486231246,1.066572152642809,0.7027533459901402,-1.0161329645585022,1
0.0428782422044723,-1.1099901739376037,0.8491410419312149,0.11680732547401078,-0.06640278899360229,0.9048055324001227,2.2830155895537843,0.2744324511807092,0.954537122756886,1.4937680486231246,-0.22345527558581418,-0.7060309505507939,-1.0161329645585022,1
0.38177641932588297,-1.1099901739376037,1.5251962127575889,-0.9084653638073947,0.9474866733593919,-1.177851894974348,-1.1691996174527342,0.2744324511807092,0.001192415045823164,-0.45564143582820127,0.03455021005991044,0.3654387961141419,-1.0161329645585022,1
-0.12657084635623306,-1.1099901739376037,0.8491410419312149,0.19471112043142388,-0.23538436605243465,0.9048055324001227,2.2830155895537843,0.2744324511807092,-0.005521280078902488,1.379096902478929,-0.22345527558581418,0.5837011519162584,-1.0161329645585022,1
-0.12657084635623306,0.9009088760241706,0.8491410419312149,0.23081249389030212,-0.5733475201700994,0.9048055324001227,2.2830155895537843,0.853056793629862,-0.005521280078902488,1.2644257563347332,1.066572152642809,-1.142555662155027,-1.0161329645585022,1
1.2290218621294098,0.9009088760241706,-1.179024470547907,0.27179371179309697,1.4544314045358888,0.9048055324001227,2.2830155895537843,0.853056793629862,0.9780350556934264,1.2644257563347332,-0.22345527558581418,-0.8449251769703227,0.9841231756854657,0
0.7206745964472937,-1.1099901739376037,-0.502969299721533,0.3691537150188119,0.2715603651240624,0.9048055324001227,2.2830155895537843,0.853056793629862,-1.0427871768490378,1.035083464046342,0.03455021005991044,-0.4877685947486774,-1.0161329645585022,0
0.0428782422044723,0.9009088760241706,-1.179024470547907,0.36645321857897456,0.10257878806523006,0.9048055324001227,2.2830155895537843,0.2744324511807092,0.001192415045823164,1.035083464046342,1.066572152642809,0.5440170872249644,0.9841231756854657,0
0.38177641932588297,0.9009088760241706,-0.502969299721533,0.45904392399866095,0.4405419421828948,0.9048055324001227,2.2830155895537843,0.2744324511807092,0.16232109803924238,0.9204123179021463,0.03455021005991044,-0.46792656240303043,0.9841231756854657,0
0.5512255078865883,0.9009088760241706,-1.179024470547907,0.5565934357464697,0.9474866733593919,0.9048055324001227,2.2830155895537843,-0.3041918912684436,0.8941138666343539,0.8057411717579506,1.066572152642809,0.782121475372728,0.9841231756854657,0
0.38177641932588297,-1.1099901739376037,-1.179024470547907,0.35929927186993177,0.4405419421828948,0.9048055324001227,2.2830155895537843,0.853056793629862,1.9515208487786668,1.035083464046342,0.5505611813513597,1.317856348705196,-1.0161329645585022,1
1.2290218621294098,0.9009088760241706,1.5251962127575889,0.661470610348574,0.7785050963005594,0.9048055324001227,2.2830155895537843,0.853056793629862,0.5651428055227898,0.6910700256137552,0.29255569570563505,1.5956448015442533,-1.0161329645585022,0
0.0428782422044723,0.9009088760241706,-0.502969299721533,0.7219080365196707,-0.23538436605243465,0.9048055324001227,2.2830155895537843,-0.8828162337175963,1.9078818304679495,0.5763988794695595,-0.22345527558581418,1.2186461869769611,0.9841231756854657,0
1.2290218621294098,-1.1099901739376037,-0.502969299721533,0.7435751775457341,1.9613761357123858,0.9048055324001227,2.2830155895537843,1.4316811360790147,-0.5896127559300467,0.5763988794695595,0.29255569570563505,-1.3211339532658497,-1.0161329645585022,0
0.38177641932588297,-1.1099901739376037,-0.502969299721533,0.7500342596737661,0.7785050963005594,0.9048055324001227,2.2830155895537843,-1.461440576166749,0.7061304031420315,0.5763988794695595,0.03455021005991044,0.9606997664835506,-1.0161329645585022,0
0.21232733076517762,-1.1099901739376037,-0.502969299721533,0.8365449000096082,-0.06640278899360229,0.9048055324001227,2.2830155895537843,-0.3041918912684436,2.478545916069642,0.4617277333253637,0.5505611813513597,-1.3806600503027906,0.9841231756854657,0
0.21232733076517762,0.9009088760241706,-1.179024470547907,1.1161963091127647,0.10257878806523006,0.9048055324001227,2.2830155895537843,1.4316811360790147,0.001192415045823164,0.23238544103697253,-0.22345527558581418,0.9606997664835506,-1.0161329645585022,0
0.5512255078865883,-1.1099901739376037,-1.179024470547907,1.1245978535922587,0.6095235192417271,0.9048055324001227,2.2830155895537843,1.4316811360790147,-0.5896127559300467,0.23238544103697253,0.5505611813513597,-0.36871640067479566,0.9841231756854657,0
-0.12657084635623306,-1.1099901739376037,-0.502969299721533,-0.9065544862096151,-0.911310674287764,-1.177851894974348,-1.2008713165995828,1.4316811360790147,-1.0495008719737637,-0.570312581972397,-0.22345527558581418,0.6233852166075523,-1.0161329645585022,0
0.7206745964472937,-1.1099901739376037,-1.179024470547907,-0.908181101024254,0.6095235192417271,0.21058638994196582,-0.765385453330412,1.4316811360790147,-1.0495008719737637,0.8057411717579506,0.03455021005991044,0.821805540064022,-1.0161329645585022,1
0.5512255078865883,0.9009088760241706,-0.502969299721533,1.3676583255544612,0.9474866733593919,0.9048055324001227,2.2830155895537843,0.853056793629862,1.5587696839822078,0.003043148748581378,-0.22345527558581418,-0.011559818453150373,-1.0161329645585022,1
0.0428782422044723,0.9009088760241706,-0.502969299721533,2.6548949618769306,-0.06640278899360229,0.9048055324001227,2.2830155895537843,-0.8828162337175963,0.001192415045823164,-0.45564143582820127,-0.22345527558581418,0.782121475372728,-1.0161329645585022,0
0.0428782422044723,0.9009088760241706,0.8491410419312149,0.1716226654896566,0.4405419421828948,0.9048055324001227,2.2592618151936477,1.4316811360790147,1.7736079279734327,1.379096902478929,1.066572152642809,-1.7378166325244357,-1.0161329645585022,1
0.21232733076517762,-1.1099901739376037,-0.502969299721533,-0.48753535148327376,-0.06640278899360229,0.9048055324001227,2.2038363416866624,-1.461440576166749,0.03811773823181484,3.9018621176512323,0.5505611813513597,-1.0235034680811452,-1.0161329645585022,1
1.0595727735687044,0.9009088760241706,1.5251962127575889,-0.3839215670284618,0.9474866733593919,0.9048055324001227,2.2038363416866624,0.853056793629862,0.11868207972852446,3.213835240786059,0.8085666669970842,1.794065125000723,-1.0161329645585022,1
0.0428782422044723,-1.1099901739376037,-0.502969299721533,-0.1405136627757539,0.10257878806523006,0.9048055324001227,2.2038363416866624,-1.461440576166749,1.2465828606824585,2.1817949254882985,0.29255569570563505,0.7225953783357871,-1.0161329645585022,1
0.0428782422044723,-1.1099901739376037,-1.179024470547907,-0.9082442705316186,-0.23538436605243465,0.21058638994196582,-0.5120118601556216,0.2744324511807092,0.860545391010725,1.6084391947673204,-0.22345527558581418,-1.3806600503027906,-1.0161329645585022,1
0.21232733076517762,-1.1099901739376037,0.8491410419312149,0.2289332010462048,-0.404365943111267,0.9048055324001227,2.2038363416866624,0.2744324511807092,0.11868207972852446,1.2644257563347332,0.5505611813513597,-0.5869787564769122,0.9841231756854657,0
0.21232733076517762,-1.1099901739376037,-1.179024470547907,0.4610495558574875,-0.06640278899360229,0.9048055324001227,2.199877379293306,1.4316811360790147,0.19253272610050842,0.9204123179021463,0.03455021005991044,1.4765926074703717,-1.0161329645585022,0
0.0428782422044723,0.9009088760241706,-0.502969299721533,0.17539704355469243,-0.404365943111267,0.9048055324001227,2.12465709381954,-0.8828162337175963,-0.16664996307232172,1.2644257563347332,0.8085666669970842,1.3972244780877838,-1.0161329645585022,1
0.38177641932588297,-1.1099901739376037,0.8491410419312149,0.11862344881074349,0.10257878806523006,0.9048055324001227,2.12465709381954,-0.8828162337175963,0.3939435798422821,1.379096902478929,0.03455021005991044,1.258330251668255,-1.0161329645585022,1
0.21232733076517762,0.9009088760241706,0.8491410419312149,0.4878650117337672,0.10257878806523006,0.9048055324001227,2.12465709381954,-0.3041918912684436,-1.4993184453303918,0.8057411717579506,0.29255569570563505,-0.3488743683291487,0.9841231756854657,0
0.5512255078865883,0.9009088760241706,-1.179024470547907,0.8739886254999846,0.6095235192417271,0.9048055324001227,2.12465709381954,0.853056793629862,0.3939435798422821,0.3470565871811683,0.03455021005991044,0.286070666731554,-1.0161329645585022,0
-0.12657084635623306,-1.1099901739376037,-0.502969299721533,-0.2625413586273515,0.10257878806523006,0.9048055324001227,2.116739169032828,1.4316811360790147,0.8336906105118219,2.525808363920885,0.8085666669970842,-0.9639773710442044,-1.0161329645585022,1
1.2290218621294098,0.9009088760241706,-1.179024470547907,-0.3020854702376013,0.7785050963005594,0.9048055324001227,2.0850674698859795,0.2744324511807092,-1.4993184453303918,2.640479510065081,0.8085666669970842,0.9210157017922567,-1.0161329645585022,1
0.21232733076517762,0.9009088760241706,-1.179024470547907,-0.375030458866892,0.7785050963005594,0.9048055324001227,2.0850674698859795,-1.461440576166749,1.159304824061023,3.0991640946418633,0.8085666669970842,1.0202258635204915,-1.0161329645585022,1
1.0595727735687044,-1.1099901739376037,-1.179024470547907,0.07710529009534942,0.7785050963005594,0.9048055324001227,2.069231620312555,1.4316811360790147,0.001192415045823164,1.4937680486231246,0.03455021005991044,0.9210157017922567,-1.0161329645585022,1
0.0428782422044723,0.9009088760241706,-1.179024470547907,-0.36426005786122495,-0.7423290972289317,0.9048055324001227,2.0454778459524183,-0.8828162337175963,1.327147202179168,2.984492948497668,0.8085666669970842,-0.6465048535138531,-1.0161329645585022,1
1.0595727735687044,-1.1099901739376037,-0.502969299721533,-0.5077338014631099,0.7785050963005594,0.9048055324001227,2.029641996378994,-0.3041918912684436,0.001192415045823164,3.7871909715070364,0.8085666669970842,-2.749760282152431,-1.0161329645585022,1
1.2290218621294098,-1.1099901739376037,-1.179024470547907,0.052011203294755566,1.2854498274770565,0.9048055324001227,2.029641996378994,-0.8828162337175963,0.665848232393677,1.4937680486231246,0.29255569570563505,0.9606997664835506,-1.0161329645585022,1
0.7206745964472937,0.9009088760241706,0.8491410419312149,0.1354739149002549,0.2715603651240624,0.9048055324001227,2.029641996378994,-0.8828162337175963,0.5651428055227898,1.2644257563347332,-0.22345527558581418,1.238488219322608,-1.0161329645585022,1
0.21232733076517762,-1.1099901739376037,-1.179024470547907,-0.14029256949997773,0.4405419421828948,0.9048055324001227,1.9662985980852963,0.2744324511807092,0.8941138666343539,1.952452633199907,0.03455021005991044,0.5638591195706114,-1.0161329645585022,1
0.38177641932588297,0.9009088760241706,-0.502969299721533,0.1714173645907216,0.4405419421828948,0.9048055324001227,1.9662985980852963,-0.3041918912684436,-0.12972463988633004,1.1497546101905376,1.066572152642809,-3.4442314142500745,0.9841231756854657,0
0.5512255078865883,-1.1099901739376037,-0.502969299721533,0.06210253209625303,0.7785050963005594,0.9048055324001227,1.9662985980852963,-1.461440576166749,0.8941138666343539,1.379096902478929,0.29255569570563505,0.4249648931510827,-1.0161329645585022,1
-0.12657084635623306,0.9009088760241706,0.8491410419312149,-0.8833238998762775,0.10257878806523006,0.21058638994196582,-0.2823920413409679,-0.3041918912684436,1.5352717510456675,2.1817949254882985,-0.22345527558581418,-0.15045404487267908,-1.0161329645585022,1
0.0428782422044723,0.9009088760241706,1.5251962127575889,0.273641419883512,0.2715603651240624,0.9048055324001227,1.9662985980852963,1.4316811360790147,-0.41841353024953903,1.035083464046342,0.8085666669970842,0.12733440796637835,0.9841231756854657,0
0.5512255078865883,-1.1099901739376037,1.5251962127575889,0.366500595709498,0.2715603651240624,0.9048055324001227,1.9662985980852963,0.2744324511807092,0.19253272610050842,0.8057411717579506,-0.22345527558581418,0.782121475372728,-1.0161329645585022,0
0.0428782422044723,0.9009088760241706,-1.179024470547907,0.49639289522799035,-0.404365943111267,0.9048055324001227,1.9662985980852963,-0.8828162337175963,0.5651428055227898,0.6910700256137552,0.8085666669970842,0.7622794430270811,0.9841231756854657,0
-0.12657084635623306,0.9009088760241706,1.5251962127575889,2.351160178091014,-0.06640278899360229,0.9048055324001227,1.9662985980852963,1.4316811360790147,-1.3751150855229646,-0.45564143582820127,1.066572152642809,1.3773824457421369,0.9841231756854657,0
1.2290218621294098,-1.1099901739376037,-0.502969299721533,-0.10686010772725453,1.2854498274770565,0.9048055324001227,1.9227500117583793,1.4316811360790147,1.5486991412951188,1.8377814870557112,1.066572152642809,-1.12271362980938,-1.0161329645585022,1
-0.12657084635623306,-1.1099901739376037,0.8491410419312149,-0.8822658106279201,-0.911310674287764,-1.177851894974348,-1.2958864140401292,1.4316811360790147,1.934736610966852,-0.9143260204049839,0.03455021005991044,-3.4640734465957213,0.9841231756854657,0
0.21232733076517762,-1.1099901739376037,-1.179024470547907,-0.8789336191144366,0.2715603651240624,0.21058638994196582,-0.5674373336626071,1.4316811360790147,0.001192415045823164,1.2644257563347332,-0.22345527558581418,-1.5592383414136133,-1.0161329645585022,1
0.0428782422044723,0.9009088760241706,-1.179024470547907,0.3272881240129124,0.10257878806523006,0.9048055324001227,1.9029551997915988,0.2744324511807092,-1.3751150855229646,0.8057411717579506,1.066572152642809,1.4964346398160184,-1.0161329645585022,0
0.890123685007999,-1.1099901739376037,1.5251962127575889,0.2660926637534403,0.6095235192417271,0.9048055324001227,1.9029551997915988,-0.8828162337175963,2.562467105128714,0.9204123179021463,1.066572152642809,0.14717644031202531,-1.0161329645585022,1
0.5512255078865883,-1.1099901739376037,-0.502969299721533,1.0286591642822476,0.6095235192417271,0.9048055324001227,1.9029551997915988,-0.3041918912684436,2.6933841600608672,0.1177142948927768,-0.22345527558581418,0.6829113136444932,-1.0161329645585022,0
0.38177641932588297,0.9009088760241706,-0.502969299721533,-0.02402909119540135,0.7785050963005594,0.9048055324001227,1.8871193502181745,0.2744324511807092,-1.3751150855229646,1.4937680486231246,1.066572152642809,-0.686188918205147,-1.0161329645585022,1
0.38177641932588297,-1.1099901739376037,-0.502969299721533,1.2512527158583144,0.7785050963005594,0.9048055324001227,1.8871193502181745,-0.3041918912684436,-0.12972463988633004,0.003043148748581378,0.5505611813513597,0.008282213892496587,0.9841231756854657,0
0.890123685007999,-1.1099901739376037,-0.502969299721533,-0.8813656451479743,0.9474866733593919,0.21058638994196582,-0.5674373336626071,0.853056793629862,0.3301634761573873,1.2644257563347332,0.29255569570563505,1.0599099282117854,-1.0161329645585022,1
1.2290218621294098,0.9009088760241706,-0.502969299721533,-0.485308626348671,1.2854498274770565,0.9048055324001227,1.8079401023510524,1.4316811360790147,2.820944367430657,3.328506386930255,1.066572152642809,0.7622794430270811,-1.0161329645585022,1
0.890123685007999,-1.1099901739376037,-0.502969299721533,-0.3483887191358651,0.7785050963005594,0.9048055324001227,1.8079401023510524,0.853056793629862,0.001192415045823164,2.525808363920885,0.5505611813513597,0.9408577341379036,-1.0161329645585022,1
0.890123685007999,0.9009088760241706,-1.179024470547907,-0.15535849700643872,1.1164682504182242,0.9048055324001227,1.8079401023510524,-0.3041918912684436,1.7736079279734327,1.8377814870557112,-0.22345527558581418,0.5440170872249644,-1.0161329645585022,1
0.38177641932588297,0.9009088760241706,0.8491410419312149,-0.8746854697441662,0.10257878806523006,-1.177851894974348,-0.765385453330412,-0.3041918912684436,0.8739727812601764,0.5763988794695595,0.5505611813513597,1.0202258635204915,-1.0161329645585022,1
0.5512255078865883,0.9009088760241706,-1.179024470547907,-0.002267195908291021,0.2715603651240624,0.9048055324001227,1.8079401023510524,0.853056793629862,-0.21364582894540246,1.379096902478929,1.066572152642809,-1.8370267942526706,-1.0161329645585022,1
0.0428782422044723,-1.1099901739376037,-0.502969299721533,0.049721308652788225,0.10257878806523006,0.9048055324001227,1.8079401023510524,-1.461440576166749,0.5651428055227898,1.2644257563347332,0.5505611813513597,0.08765034327508442,-1.0161329645585022,1
0.0428782422044723,0.9009088760241706,0.8491410419312149,0.09779330375726127,0.2715603651240624,0.9048055324001227,1.8079401023510524,0.853056793629862,0.001192415045823164,1.1497546101905376,0.8085666669970842,-0.09092794783573821,-1.0161329645585022,1
0.5512255078865883,0.9009088760241706,1.5251962127575889,0.11736005866345117,0.6095235192417271,0.9048055324001227,1.8079401023510524,-1.461440576166749,0.3301634761573873,1.1497546101905376,0.03455021005991044,-0.8449251769703227,-1.0161329645585022,1
0.21232733076517762,-1.1099901739376037,-1.179024470547907,0.2674508081617796,0.6095235192417271,0.9048055324001227,1.8079401023510524,0.853056793629862,-0.005521280078902488,0.9204123179021463,0.03455021005991044,0.4844909901880236,-1.0161329645585022,0
0.0428782422044723,0.9009088760241706,-0.502969299721533,0.4576541948366394,-0.06640278899360229,0.9048055324001227,1.8079401023510524,0.853056793629862,1.1861596045599256,0.5763988794695595,0.8085666669970842,-0.6068207888225592,0.9841231756854657,0
0.890123685007999,-1.1099901739376037,1.5251962127575889,0.3233716145563062,1.1164682504182242,0.9048055324001227,1.8079401023510524,-1.461440576166749,0.23617174441122635,0.8057411717579506,0.29255569570563505,-0.8846092416616166,-1.0161329645585022,1
0.21232733076517762,0.9009088760241706,-0.502969299721533,0.5163228748015268,0.10257878806523006,0.9048055324001227,1.8079401023510524,-0.8828162337175963,0.4745079213389917,0.5763988794695595,1.066572152642809,-0.22982217425526694,-1.0161329645585022,1
0.0428782422044723,0.9009088760241706,1.5251962127575889,0.6605704448686283,-0.23538436605243465,0.9048055324001227,1.8079401023510524,-1.461440576166749,0.001192415045823164,0.3470565871811683,-0.22345527558581418,0.32575473142284794,-1.0161329645585022,1
0.21232733076517762,-1.1099901739376037,1.5251962127575889,0.9720750780603925,0.2715603651240624,0.9048055324001227,1.8079401023510524,0.853056793629862,-0.11965409719924096,0.1177142948927768,0.8085666669970842,-0.7655570475877348,0.9841231756854657,0
0.38177641932588297,-1.1099901739376037,0.8491410419312149,1.603470096546574,-0.06640278899360229,0.9048055324001227,1.8079401023510524,1.4316811360790147,0.5416448725862495,-0.2262991435398101,0.8085666669970842,-1.9163949236352584,0.9841231756854657,0
1.0595727735687044,0.9009088760241706,1.5251962127575889,1.3638839474894253,0.7785050963005594,0.9048055324001227,1.8079401023510524,-0.3041918912684436,2.6128198185641573,-0.11162799739561437,1.066572152642809,1.714696995618135,-1.0161329645585022,1
0.5512255078865883,-1.1099901739376037,0.8491410419312149,-0.6279137892242924,-0.23538436605243465,0.9048055324001227,1.7287608544839304,-1.461440576166749,0.007906110170548816,4.24587555608382,0.03455021005991044,-0.36871640067479566,-1.0161329645585022,1
1.2290218621294098,0.9009088760241706,-0.502969299721533,-0.47270630962943005,1.1164682504182242,0.9048055324001227,1.7287608544839304,-0.8828162337175963,0.5114332445249834,3.0991640946418633,0.03455021005991044,1.4567505751247247,-1.0161329645585022,1
0.0428782422044723,-1.1099901739376037,0.8491410419312149,-0.14335629060716162,0.2715603651240624,0.9048055324001227,1.7287608544839304,-0.8828162337175963,1.9515208487786668,1.7231103409115156,-0.22345527558581418,-0.26950623894656084,-1.0161329645585022,1
1.2290218621294098,-1.1099901739376037,1.5251962127575889,-0.2260767605011267,1.1164682504182242,0.9048055324001227,1.7287608544839304,0.853056793629862,1.2096575374964662,1.952452633199907,-0.22345527558581418,-0.09092794783573821,-1.0161329645585022,1
0.890123685007999,0.9009088760241706,0.8491410419312149,-0.3039489707048575,0.6095235192417271,0.9048055324001227,1.712925004910506,-0.3041918912684436,-1.4993184453303918,2.2964660716324943,0.29255569570563505,0.4448069254967297,-1.0161329645585022,1
0.21232733076517762,0.9009088760241706,-0.502969299721533,0.12182930130949778,-0.404365943111267,0.9048055324001227,1.712925004910506,-0.3041918912684436,0.16232109803924238,1.035083464046342,0.29255569570563505,-0.9044512740072636,0.9841231756854657,0
0.5512255078865883,0.9009088760241706,-1.179024470547907,-0.6714691645521954,0.4405419421828948,0.9048055324001227,1.6812533057636572,0.853056793629862,1.253296555807184,4.589888994516407,-0.22345527558581418,-0.8647672093159696,-1.0161329645585022,1
-0.12657084635623306,0.9009088760241706,0.8491410419312149,-0.25624020026773103,-0.404365943111267,0.9048055324001227,1.6574995314035206,0.2744324511807092,2.206641263518246,1.952452633199907,1.066572152642809,-0.15045404487267908,-1.0161329645585022,1
0.7206745964472937,-1.1099901739376037,-1.179024470547907,-0.49467350581547537,1.1164682504182242,0.9048055324001227,1.6495816066168083,-1.461440576166749,0.7061304031420315,3.0991640946418633,-0.22345527558581418,1.6750129309268411,-1.0161329645585022,1
-0.12657084635623306,0.9009088760241706,-1.179024470547907,-0.48742480484538564,-0.06640278899360229,0.9048055324001227,1.6495816066168083,-1.461440576166749,-1.3751150855229646,3.0991640946418633,0.5505611813513597,-2.670392152769843,-1.0161329645585022,1
0.5512255078865883,0.9009088760241706,-1.179024470547907,-0.4510549609802078,0.10257878806523006,0.9048055324001227,1.6495816066168083,1.4316811360790147,0.860545391010725,2.869821802353472,0.03455021005991044,1.3972244780877838,-1.0161329645585022,1
0.7206745964472937,-1.1099901739376037,1.5251962127575889,-0.5537212028245505,0.7785050963005594,0.9048055324001227,1.6495816066168083,-1.461440576166749,0.001192415045823164,3.5578486792186466,0.5505611813513597,-0.07108591549009124,-1.0161329645585022,1
0.38177641932588297,-1.1099901739376037,-0.502969299721533,-0.3927337133058258,0.2715603651240624,0.9048055324001227,1.6495816066168083,1.4316811360790147,0.2865244578466693,2.525808363920885,0.29255569570563505,0.38528082845978884,-1.0161329645585022,1
0.38177641932588297,-1.1099901739376037,-1.179024470547907,-0.8667734889467479,0.7785050963005594,0.21058638994196582,-0.9158260242779438,-0.3041918912684436,-1.3482603050240614,0.1177142948927768,-0.22345527558581418,0.5440170872249644,-1.0161329645585022,0
1.2290218621294098,0.9009088760241706,-0.502969299721533,-0.8668524508309537,0.7785050963005594,0.21058638994196582,-0.646616581529729,1.4316811360790147,-1.1233515183457474,0.9204123179021463,0.5505611813513597,0.32575473142284794,-1.0161329645585022,0
0.5512255078865883,-1.1099901739376037,1.5251962127575889,-0.8705636593886249,0.4405419421828948,0.21058638994196582,-0.5040939353689095,1.4316811360790147,-1.8752853723150364,1.379096902478929,0.03455021005991044,-1.678290535487495,0.9841231756854657,0
0.21232733076517762,-1.1099901739376037,-0.502969299721533,-0.8626516785912067,0.6095235192417271,0.21058638994196582,-0.7257958293968509,-0.8828162337175963,-1.7510820125076092,0.6910700256137552,0.29255569570563505,1.0003838311748445,0.9841231756854657,0
0.38177641932588297,0.9009088760241706,0.8491410419312149,-0.30451749627113905,-0.06640278899360229,0.9048055324001227,1.6495816066168083,1.4316811360790147,0.8336906105118219,2.1817949254882985,1.066572152642809,-0.09092794783573821,-1.0161329645585022,1
-0.12657084635623306,0.9009088760241706,-1.179024470547907,-0.30083787246715016,-0.7423290972289317,0.9048055324001227,1.6495816066168083,-1.461440576166749,0.001192415045823164,2.1817949254882985,0.8085666669970842,-1.7378166325244357,-1.0161329645585022,1
0.0428782422044723,0.9009088760241706,-1.179024470547907,-0.8657943615825964,-0.404365943111267,0.21058638994196582,0.06599664927436881,0.2744324511807092,0.001192415045823164,2.984492948497668,0.29255569570563505,-0.190138109563973,-1.0161329645585022,1
0.5512255078865883,0.9009088760241706,-0.502969299721533,-0.8687475360518921,0.7785050963005594,0.21058638994196582,-0.7257958293968509,1.4316811360790147,0.27645391515958084,0.6910700256137552,0.29255569570563505,-0.26950623894656084,-1.0161329645585022,0
0.21232733076517762,-1.1099901739376037,1.5251962127575889,-0.2602040868548607,-0.06640278899360229,0.9048055324001227,1.6495816066168083,1.4316811360790147,0.001192415045823164,2.0671237793441026,-0.22345527558581418,1.298014316359549,-1.0161329645585022,1
0.5512255078865883,0.9009088760241706,-0.502969299721533,-0.8614198731975967,0.6095235192417271,0.21058638994196582,-0.7257958293968509,1.4316811360790147,0.27645391515958084,0.6910700256137552,-0.22345527558581418,1.694854963272488,0.9841231756854657,0
0.0428782422044723,0.9009088760241706,-0.502969299721533,-0.8679895019635168,0.6095235192417271,-1.177851894974348,-0.7257958293968509,-0.3041918912684436,-0.811164695045998,0.6910700256137552,0.29255569570563505,-1.7576586648700827,0.9841231756854657,0
0.38177641932588297,0.9009088760241706,-0.502969299721533,-0.25151827959222595,-0.06640278899360229,0.9048055324001227,1.6495816066168083,-0.3041918912684436,-0.21364582894540246,1.952452633199907,0.29255569570563505,-1.0433455004267922,-1.0161329645585022,1
0.890123685007999,-1.1099901739376037,0.8491410419312149,-0.2397055817150427,0.9474866733593919,0.9048055324001227,1.6495816066168083,0.853056793629862,0.6826324702054911,1.952452633199907,1.066572152642809,-1.3012919209202027,-1.0161329645585022,1
0.0428782422044723,0.9009088760241706,-0.502969299721533,-0.22486074748435786,-0.06640278899360229,0.9048055324001227,1.6495816066168083,0.2744324511807092,-1.0427871768490378,1.8377814870557112,0.5505611813513597,0.821805540064022,-1.0161329645585022,1
0.7206745964472937,0.9009088760241706,0.8491410419312149,-0.22418167528018823,0.4405419421828948,0.9048055324001227,1.6495816066168083,1.4316811360790147,0.03476089066945202,1.8377814870557112,0.29255569570563505,0.40512286080543575,-1.0161329645585022,1
-0.12657084635623306,0.9009088760241706,0.8491410419312149,-0.22343943356865398,-0.23538436605243465,0.9048055324001227,1.6495816066168083,0.2744324511807092,-0.005521280078902488,1.8377814870557112,0.5505611813513597,-0.6663468858595001,-1.0161329645585022,1
1.2290218621294098,-1.1099901739376037,0.8491410419312149,-0.20174070778890826,1.2854498274770565,0.9048055324001227,1.6495816066168083,-0.3041918912684436,-1.4724636648314886,1.8377814870557112,0.8085666669970842,0.3654387961141419,-1.0161329645585022,1
-0.12657084635623306,-1.1099901739376037,1.5251962127575889,-0.20913154015056837,0.10257878806523006,0.9048055324001227,1.6495816066168083,-1.461440576166749,0.830333762949459,1.8377814870557112,0.8085666669970842,-0.07108591549009124,-1.0161329645585022,1
0.7206745964472937,-1.1099901739376037,-0.502969299721533,-0.20474125938872753,0.7785050963005594,0.9048055324001227,1.6495816066168083,1.4316811360790147,0.27645391515958084,1.8377814870557112,0.29255569570563505,-0.051243883144444294,-1.0161329645585022,1
-0.12657084635623306,0.9009088760241706,1.5251962127575889,-0.17967875734181601,-0.404365943111267,0.9048055324001227,1.6495816066168083,-0.3041918912684436,0.3939435798422821,1.7231103409115156,1.066572152642809,1.1591200899400202,-1.0161329645585022,1
0.0428782422044723,0.9009088760241706,1.5251962127575889,-0.1689557334666724,-0.404365943111267,0.9048055324001227,1.6495816066168083,-1.461440576166749,0.23617174441122635,1.7231103409115156,0.03455021005991044,1.35754041339649,-1.0161329645585022,1
0.890123685007999,0.9009088760241706,1.5251962127575889,-0.16518135540163656,1.1164682504182242,0.9048055324001227,1.6495816066168083,0.2744324511807092,0.5114332445249834,1.7231103409115156,1.066572152642809,1.278172284013902,-1.0161329645585022,1
0.0428782422044723,0.9009088760241706,-0.502969299721533,-0.2731696282414482,0.4405419421828948,0.9048055324001227,1.6495816066168083,-1.461440576166749,1.5587696839822078,2.0671237793441026,0.5505611813513597,0.9210157017922567,-1.0161329645585022,1
0.21232733076517762,0.9009088760241706,-1.179024470547907,-0.14695695252694474,0.6095235192417271,0.9048055324001227,1.6495816066168083,-0.8828162337175963,-0.3680608168140954,1.6084391947673204,1.066572152642809,-0.190138109563973,-1.0161329645585022,1
0.38177641932588297,0.9009088760241706,1.5251962127575889,-0.14634104983013974,0.10257878806523006,0.9048055324001227,1.6495816066168083,0.853056793629862,1.2465828606824585,1.6084391947673204,-0.22345527558581418,1.258330251668255,-1.0161329645585022,1
0.5512255078865883,0.9009088760241706,1.5251962127575889,-0.12528981150088134,0.10257878806523006,0.9048055324001227,1.6495816066168083,-1.461440576166749,-1.173704231781191,1.6084391947673204,1.066572152642809,0.9805417988291976,-1.0161329645585022,1
0.0428782422044723,0.9009088760241706,-0.502969299721533,-0.10490185299895141,-0.404365943111267,0.9048055324001227,1.6495816066168083,0.853056793629862,-0.005521280078902488,1.4937680486231246,1.066572152642809,-1.6386064707962011,-1.0161329645585022,1
0.38177641932588297,-1.1099901739376037,-0.502969299721533,-0.2218444035076974,0.7785050963005594,0.9048055324001227,1.6495816066168083,-1.461440576166749,1.286865031430813,1.8377814870557112,0.8085666669970842,-0.26950623894656084,-1.0161329645585022,1
-0.12657084635623306,0.9009088760241706,0.8491410419312149,-0.10815508262822916,0.2715603651240624,0.9048055324001227,1.6495816066168083,-0.8828162337175963,-0.005521280078902488,1.4937680486231246,0.03455021005991044,-0.5274526594399713,-1.0161329645585022,1
-0.12657084635623306,0.9009088760241706,0.8491410419312149,-0.2198861487793943,-0.23538436605243465,0.9048055324001227,1.6495816066168083,0.853056793629862,1.676259348664909,1.8377814870557112,0.03455021005991044,-0.9441353386985575,-1.0161329645585022,1
-0.12657084635623306,-1.1099901739376037,-0.502969299721533,-0.10861306155662263,-0.404365943111267,0.9048055324001227,1.6495816066168083,1.4316811360790147,0.4040141225293712,1.4937680486231246,-0.22345527558581418,1.1789621222856672,-1.0161329645585022,1
-0.12657084635623306,-1.1099901739376037,-0.502969299721533,-0.11249798625954653,0.6095235192417271,0.9048055324001227,1.6495816066168083,1.4316811360790147,-0.16664996307232172,1.4937680486231246,0.29255569570563505,1.5559607368529593,-1.0161329645585022,1
1.0595727735687044,-1.1099901739376037,-0.502969299721533,-0.8547396977937886,1.1164682504182242,-1.177851894974348,-0.9950052721450657,0.2744324511807092,0.6893461653302174,-0.11162799739561437,1.066572152642809,-0.6663468858595001,0.9841231756854657,0
0.0428782422044723,-1.1099901739376037,-0.502969299721533,-0.8611671951681382,0.10257878806523006,-1.177851894974348,-1.1889944294195145,-0.8828162337175963,-1.0495008719737637,-0.6849837281165926,0.5505611813513597,0.0479662785837905,-1.0161329645585022,0
0.0428782422044723,0.9009088760241706,-0.502969299721533,-0.18940686147596691,-0.06640278899360229,0.9048055324001227,1.6495816066168083,-0.8828162337175963,2.431550050196561,1.7231103409115156,0.03455021005991044,0.4249648931510827,-1.0161329645585022,1
0.0428782422044723,-1.1099901739376037,-0.502969299721533,-0.188285602720245,0.2715603651240624,0.9048055324001227,1.6495816066168083,0.2744324511807092,2.5557534100039887,1.7231103409115156,0.29255569570563505,1.1789621222856672,-1.0161329645585022,1
0.5512255078865883,0.9009088760241706,-1.179024470547907,-0.8535868542843843,0.2715603651240624,0.21058638994196582,0.22435514500861276,0.2744324511807092,0.007906110170548816,3.328506386930255,1.066572152642809,0.801963507718375,-1.0161329645585022,0
0.5512255078865883,-1.1099901739376037,0.8491410419312149,-0.859398448961929,0.6095235192417271,-1.177851894974348,-1.359229812333827,-0.3041918912684436,-1.4254677989584081,-1.143668312693375,0.03455021005991044,-0.686188918205147,0.9841231756854657,0
0.890123685007999,0.9009088760241706,-0.502969299721533,-0.8527972354423266,0.9474866733593919,0.21058638994196582,-0.527847709729046,-0.3041918912684436,1.286865031430813,1.1497546101905376,0.29255569570563505,0.6233852166075523,0.9841231756854657,0
0.0428782422044723,-1.1099901739376037,0.8491410419312149,-0.05016547486751136,-0.06640278899360229,0.9048055324001227,1.6495816066168083,1.4316811360790147,1.2096575374964662,1.379096902478929,0.8085666669970842,-1.4203441149940845,-1.0161329645585022,1
0.21232733076517762,-1.1099901739376037,-0.502969299721533,-0.01641716555796508,0.10257878806523006,0.9048055324001227,1.6495816066168083,-0.3041918912684436,-0.707102420612748,1.2644257563347332,1.066572152642809,0.16701847265767225,-1.0161329645585022,1
0.5512255078865883,0.9009088760241706,-1.179024470547907,-0.01633820367375931,0.9474866733593919,0.9048055324001227,1.6495816066168083,1.4316811360790147,-0.11965409719924096,1.2644257563347332,0.5505611813513597,0.008282213892496587,-1.0161329645585022,1
-0.12657084635623306,0.9009088760241706,1.5251962127575889,-0.016196072282188924,0.4405419421828948,0.9048055324001227,1.6495816066168083,1.4316811360790147,0.001192415045823164,1.2644257563347332,-0.22345527558581418,-0.4877685947486774,-1.0161329645585022,1
0.38177641932588297,0.9009088760241706,-0.502969299721533,-0.01444311845282082,0.7785050963005594,0.9048055324001227,1.6495816066168083,-0.3041918912684436,0.3301634761573873,1.2644257563347332,0.5505611813513597,0.8416475724096689,-1.0161329645585022,1
1.2290218621294098,0.9009088760241706,1.5251962127575889,-0.8448062927607026,1.4544314045358888,0.21058638994196582,-0.4090788379283631,0.2744324511807092,-0.12972463988633004,1.4937680486231246,0.5505611813513597,1.694854963272488,0.9841231756854657,0
0.7206745964472937,0.9009088760241706,-1.179024470547907,-0.016906729240040858,0.4405419421828948,0.9048055324001227,1.6495816066168083,1.4316811360790147,0.9377528849450718,1.2644257563347332,0.03455021005991044,-0.7258729828964409,-1.0161329645585022,1
1.0595727735687044,0.9009088760241706,1.5251962127575889,-0.010858248909878843,1.1164682504182242,0.9048055324001227,1.6495816066168083,-0.3041918912684436,-1.4993184453303918,1.2644257563347332,-0.22345527558581418,1.1789621222856672,-1.0161329645585022,1
0.21232733076517762,0.9009088760241706,-1.179024470547907,-0.1351758394034438,-0.06640278899360229,0.9048055324001227,1.6495816066168083,1.4316811360790147,3.018998373610068,1.6084391947673204,-0.22345527558581418,1.8139071573463699,-1.0161329645585022,1
0.7206745964472937,-1.1099901739376037,-1.179024470547907,0.007476700602701049,0.9474866733593919,0.9048055324001227,1.6495816066168083,-0.3041918912684436,-0.707102420612748,1.2644257563347332,0.8085666669970842,-1.182239726846321,-1.0161329645585022,0
-0.12657084635623306,0.9009088760241706,-0.502969299721533,0.00427084810394677,-0.06640278899360229,0.9048055324001227,1.6495816066168083,-1.461440576166749,-0.12972463988633004,1.2644257563347332,0.8085666669970842,1.4964346398160184,-1.0161329645585022,0
1.0595727735687044,-1.1099901739376037,-0.502969299721533,0.024800937997447082,1.2854498274770565,0.9048055324001227,1.6495816066168083,-0.8828162337175963,0.23617174441122635,1.2644257563347332,0.8085666669970842,0.782121475372728,-1.0161329645585022,0
-0.12657084635623306,0.9009088760241706,-0.502969299721533,0.025006238896382083,0.4405419421828948,0.9048055324001227,1.6495816066168083,-0.3041918912684436,1.092167872813765,1.2644257563347332,1.066572152642809,0.16701847265767225,0.9841231756854657,0
1.0595727735687044,0.9009088760241706,1.5251962127575889,0.028338430409865594,1.1164682504182242,0.9048055324001227,1.6495816066168083,1.4316811360790147,0.001192415045823164,1.1497546101905376,-0.22345527558581418,0.5043330225336705,0.9841231756854657,0
0.38177641932588297,-1.1099901739376037,-1.179024470547907,-0.052139521972655624,-0.23538436605243465,0.9048055324001227,1.6495816066168083,0.853056793629862,0.9780350556934264,1.379096902478929,0.8085666669970842,-0.5671367241312653,-1.0161329645585022,1
1.0595727735687044,0.9009088760241706,0.8491410419312149,0.08388021976020452,1.1164682504182242,0.9048055324001227,1.6495816066168083,0.853056793629862,0.001192415045823164,1.035083464046342,0.8085666669970842,-2.03544711770914,0.9841231756854657,0
-0.12657084635623306,-1.1099901739376037,-0.502969299721533,0.07914250670785829,-0.5733475201700994,0.9048055324001227,1.6495816066168083,0.2744324511807092,0.001192415045823164,1.1497546101905376,-0.22345527558581418,-0.15045404487267908,0.9841231756854657,0
0.21232733076517762,-1.1099901739376037,-0.502969299721533,0.07816337934370673,0.2715603651240624,0.9048055324001227,1.6495816066168083,0.2744324511807092,0.954537122756886,1.1497546101905376,-0.22345527558581418,0.5837011519162584,-1.0161329645585022,0
-0.12657084635623306,-1.1099901739376037,1.5251962127575889,0.08624907628637762,0.4405419421828948,0.9048055324001227,1.6495816066168083,-0.8828162337175963,0.15896425047687956,1.035083464046342,0.8085666669970842,1.5956448015442533,-1.0161329645585022,0
0.0428782422044723,0.9009088760241706,1.5251962127575889,0.1171073806339927,0.6095235192417271,0.9048055324001227,1.6495816066168083,-1.461440576166749,0.15896425047687956,1.035083464046342,0.03455021005991044,1.0599099282117854,-1.0161329645585022,0
1.0595727735687044,0.9009088760241706,0.8491410419312149,0.1201711017411766,0.9474866733593919,0.9048055324001227,1.6495816066168083,-1.461440576166749,0.001192415045823164,1.035083464046342,0.03455021005991044,0.9606997664835506,0.9841231756854657,0
-0.12657084635623306,0.9009088760241706,0.8491410419312149,0.11675994834348731,-0.404365943111267,0.9048055324001227,1.6495816066168083,1.4316811360790147,-0.707102420612748,1.035083464046342,-0.22345527558581418,0.6035431842619053,0.9841231756854657,0
-0.12657084635623306,0.9009088760241706,-1.179024470547907,0.11565448196460654,-0.404365943111267,0.9048055324001227,1.6495816066168083,-0.3041918912684436,-0.5896127559300467,1.035083464046342,1.066572152642809,1.1988041546313142,0.9841231756854657,0
0.0428782422044723,0.9009088760241706,0.8491410419312149,-0.1846375636699384,-0.23538436605243465,0.9048055324001227,1.6495816066168083,0.2744324511807092,1.2029438423717405,1.7231103409115156,-0.22345527558581418,-1.5592383414136133,-1.0161329645585022,1
1.0595727735687044,0.9009088760241706,-0.502969299721533,0.12156083090319816,1.2854498274770565,0.9048055324001227,1.6495816066168083,1.4316811360790147,0.2965950005337584,1.035083464046342,1.066572152642809,2.0321695131484865,-1.0161329645585022,0
-0.12657084635623306,0.9009088760241706,1.5251962127575889,-8.784790421175732e-05,-0.23538436605243465,0.9048055324001227,1.6495816066168083,0.853056793629862,0.4040141225293712,1.2644257563347332,-0.22345527558581418,1.2186461869769611,-1.0161329645585022,1
0.38177641932588297,0.9009088760241706,-0.502969299721533,0.11769169857711541,0.2715603651240624,0.9048055324001227,1.6495816066168083,-0.8828162337175963,0.9343960373827085,1.035083464046342,0.29255569570563505,-1.0631875327724392,0.9841231756854657,0
0.0428782422044723,-1.1099901739376037,0.8491410419312149,0.1515347621477086,0.4405419421828948,0.9048055324001227,1.6495816066168083,0.853056793629862,-0.3512765790022807,0.9204123179021463,0.29255569570563505,0.08765034327508442,-1.0161329645585022,0
0.0428782422044723,-1.1099901739376037,1.5251962127575889,0.17978732431653327,-0.23538436605243465,0.9048055324001227,1.6495816066168083,-0.3041918912684436,0.8336906105118219,0.9204123179021463,-0.22345527558581418,-1.182239726846321,0.9841231756854657,0
-0.12657084635623306,0.9009088760241706,-0.502969299721533,0.1792977606344575,-0.23538436605243465,0.9048055324001227,1.6495816066168083,-1.461440576166749,0.8336906105118219,0.9204123179021463,0.29255569570563505,0.12733440796637835,-1.0161329645585022,0
0.0428782422044723,0.9009088760241706,0.8491410419312149,-0.13522321653396727,0.6095235192417271,0.9048055324001227,1.6495816066168083,0.2744324511807092,-0.1397951825734185,1.6084391947673204,0.5505611813513597,1.278172284013902,-1.0161329645585022,1
-0.12657084635623306,0.9009088760241706,-1.179024470547907,0.18122443060907828,-0.5733475201700994,0.9048055324001227,1.6495816066168083,-0.3041918912684436,0.001192415045823164,0.9204123179021463,0.03455021005991044,0.4249648931510827,0.9841231756854657,0
1.2290218621294098,0.9009088760241706,-0.502969299721533,0.05839132353858182,1.6234129815947211,0.9048055324001227,1.6495816066168083,1.4316811360790147,0.8336906105118219,1.1497546101905376,-0.22345527558581418,-1.7378166325244357,-1.0161329645585022,1
0.38177641932588297,0.9009088760241706,0.17308587110484092,0.062023570212047255,0.4405419421828948,0.9048055324001227,1.6495816066168083,1.4316811360790147,2.0589399707742797,1.1497546101905376,0.29255569570563505,0.782121475372728,-1.0161329645585022,1
0.0428782422044723,0.9009088760241706,-0.502969299721533,0.1752707045399632,-0.06640278899360229,0.9048055324001227,1.6495816066168083,-0.3041918912684436,0.03476089066945202,0.9204123179021463,0.29255569570563505,0.5043330225336705,0.9841231756854657,0
0.21232733076517762,-1.1099901739376037,1.5251962127575889,0.17421261529160587,0.9474866733593919,0.9048055324001227,1.6495816066168083,1.4316811360790147,-1.4993184453303918,0.9204123179021463,0.8085666669970842,1.258330251668255,-1.0161329645585022,0
-0.12657084635623306,0.9009088760241706,1.5251962127575889,-0.842074211567183,0.2715603651240624,-1.177851894974348,-1.1850354670261585,-0.3041918912684436,0.03811773823181484,-0.6849837281165926,0.29255569570563505,-0.4877685947486774,0.9841231756854657,0
0.21232733076517762,0.9009088760241706,0.8491410419312149,-0.8447589156301791,0.4405419421828948,-1.177851894974348,-0.2903099661276801,-0.8828162337175963,-1.173704231781191,1.7231103409115156,1.066572152642809,0.305912699077201,-1.0161329645585022,1
-0.12657084635623306,0.9009088760241706,-0.502969299721533,0.1762656242809559,-0.404365943111267,0.9048055324001227,1.6495816066168083,0.2744324511807092,0.27645391515958084,0.9204123179021463,1.066572152642809,-1.4005020826484376,0.9841231756854657,0
0.38177641932588297,0.9009088760241706,-0.502969299721533,0.1781607095018944,0.4405419421828948,0.9048055324001227,1.6495816066168083,0.2744324511807092,0.3939435798422821,0.9204123179021463,0.29255569570563505,-1.0631875327724392,0.9841231756854657,0
0.0428782422044723,0.9009088760241706,-0.502969299721533,0.17700786599249016,0.10257878806523006,0.9048055324001227,1.6495816066168083,-0.3041918912684436,0.7229146409538463,0.9204123179021463,0.8085666669970842,0.4844909901880236,0.9841231756854657,0
-0.12657084635623306,-1.1099901739376037,0.8491410419312149,-0.8376839308053421,0.10257878806523006,0.21058638994196582,-0.8524826259842462,0.853056793629862,-1.1804179269059165,0.23238544103697253,0.03455021005991044,0.4844909901880236,0.9841231756854657,0
0.38177641932588297,-1.1099901739376037,-0.502969299721533,0.2117984721735526,1.1164682504182242,0.9048055324001227,1.6495816066168083,1.4316811360790147,0.4745079213389917,0.8057411717579506,0.5505611813513597,0.5440170872249644,0.9841231756854657,0
0.21232733076517762,-1.1099901739376037,-0.502969299721533,0.22594844182322665,0.6095235192417271,0.9048055324001227,1.6495816066168083,-1.461440576166749,0.03476089066945202,0.8057411717579506,0.8085666669970842,1.6551708985811941,-1.0161329645585022,0
0.0428782422044723,0.9009088760241706,-1.179024470547907,0.23202850690707097,0.10257878806523006,0.9048055324001227,1.6495816066168083,-0.3041918912684436,0.15896425047687956,0.8057411717579506,-0.22345527558581418,0.7424374106814341,-1.0161329645585022,0
-0.12657084635623306,0.9009088760241706,-1.179024470547907,0.11797596136025618,-0.404365943111267,0.9048055324001227,1.6495816066168083,-0.3041918912684436,0.7430557263280237,1.035083464046342,0.8085666669970842,-0.686188918205147,-1.0161329645585022,1
0.0428782422044723,0.9009088760241706,-0.502969299721533,-0.836957481470649,-0.06640278899360229,0.21058638994196582,-0.2507203421941191,-0.3041918912684436,0.16232109803924238,1.8377814870557112,-0.22345527558581418,-1.2417658238832618,-1.0161329645585022,0
0.5512255078865883,0.9009088760241706,-0.502969299721533,0.13463691892767374,0.2715603651240624,0.9048055324001227,1.6495816066168083,-0.3041918912684436,1.357358830240434,1.035083464046342,-0.22345527558581418,1.0202258635204915,-1.0161329645585022,1
0.0428782422044723,-1.1099901739376037,1.5251962127575889,0.2646871422145776,-0.06640278899360229,0.9048055324001227,1.6495816066168083,0.853056793629862,0.9780350556934264,0.8057411717579506,0.29255569570563505,-0.09092794783573821,-1.0161329645585022,0
-0.12657084635623306,0.9009088760241706,-1.179024470547907,0.26822463462699614,0.10257878806523006,0.9048055324001227,1.6495816066168083,0.853056793629862,-1.1804179269059165,0.8057411717579506,0.8085666669970842,-0.051243883144444294,0.9841231756854657,0
1.2290218621294098,0.9009088760241706,0.8491410419312149,0.2677508633217615,0.9474866733593919,0.9048055324001227,1.6495816066168083,-1.461440576166749,0.9981761410676039,0.8057411717579506,0.29255569570563505,-0.20998014190961997,0.9841231756854657,0
0.7206745964472937,-1.1099901739376037,1.5251962127575889,0.32531407690776815,0.7785050963005594,0.9048055324001227,1.6495816066168083,0.853056793629862,1.1324500435621199,0.6910700256137552,1.066572152642809,0.782121475372728,-1.0161329645585022,0
-0.12657084635623306,-1.1099901739376037,-1.179024470547907,-0.8387262276768582,0.2715603651240624,0.21058638994196582,-0.8841543251310949,-0.3041918912684436,-0.12972463988633004,0.1177142948927768,0.8085666669970842,0.32575473142284794,0.9841231756854657,0
-0.12657084635623306,0.9009088760241706,1.5251962127575889,0.34113803850260455,0.10257878806523006,0.9048055324001227,1.6495816066168083,-0.3041918912684436,0.8336906105118219,0.6910700256137552,0.5505611813513597,1.5361187045073124,-1.0161329645585022,0
0.0428782422044723,-1.1099901739376037,-0.502969299721533,0.36517403605484106,-0.23538436605243465,0.9048055324001227,1.6495816066168083,-0.3041918912684436,0.9780350556934264,0.5763988794695595,0.8085666669970842,0.7027533459901402,0.9841231756854657,0
0.0428782422044723,0.9009088760241706,1.5251962127575889,0.3646213028654007,0.7785050963005594,0.9048055324001227,1.6495816066168083,-0.3041918912684436,0.9780350556934264,0.5763988794695595,0.8085666669970842,-0.20998014190961997,0.9841231756854657,0
0.890123685007999,-1.1099901739376037,-1.179024470547907,0.3645423409811949,0.6095235192417271,0.9048055324001227,1.6495816066168083,-1.461440576166749,1.4312094766124175,0.5763988794695595,1.066572152642809,0.5837011519162584,0.9841231756854657,0
-0.12657084635623306,-1.1099901739376037,-0.502969299721533,0.3698485795998227,0.2715603651240624,0.9048055324001227,1.6495816066168083,0.853056793629862,-0.1397951825734185,0.5763988794695595,0.5505611813513597,1.1988041546313142,0.9841231756854657,0
0.21232733076517762,0.9009088760241706,1.5251962127575889,0.13653200414861222,0.10257878806523006,0.9048055324001227,1.6495816066168083,-0.3041918912684436,0.27645391515958084,1.035083464046342,0.8085666669970842,0.7225953783357871,-1.0161329645585022,1
0.21232733076517762,0.9009088760241706,0.8491410419312149,0.3638948535307076,0.2715603651240624,0.9048055324001227,1.6495816066168083,-0.3041918912684436,1.2096575374964662,0.5763988794695595,0.03455021005991044,-1.0036614357354983,0.9841231756854657,0
-0.12657084635623306,0.9009088760241706,-0.502969299721533,0.4012122400063547,-0.404365943111267,0.9048055324001227,1.6495816066168083,-0.3041918912684436,-1.1804179269059165,0.5763988794695595,0.5505611813513597,0.6035431842619053,0.9841231756854657,0
0.21232733076517762,-1.1099901739376037,-0.502969299721533,-0.825887025305,0.4405419421828948,0.21058638994196582,-0.20321279347384594,0.853056793629862,-1.8752853723150364,1.8377814870557112,0.29255569570563505,0.7027533459901402,-1.0161329645585022,0
-0.12657084635623306,-1.1099901739376037,-1.179024470547907,0.426148403038537,-0.06640278899360229,0.9048055324001227,1.6495816066168083,-1.461440576166749,-0.21028898138303903,0.5763988794695595,0.29255569570563505,-2.23386744116561,-1.0161329645585022,0
0.38177641932588297,-1.1099901739376037,-0.502969299721533,0.45746468631454557,-0.06640278899360229,0.9048055324001227,1.6495816066168083,-1.461440576166749,0.3301634761573873,0.4617277333253637,0.8085666669970842,1.238488219322608,0.9841231756854657,0
-0.12657084635623306,0.9009088760241706,1.5251962127575889,0.4618549670763864,-0.23538436605243465,0.9048055324001227,1.6495816066168083,-1.461440576166749,-1.4993184453303918,0.4617277333253637,0.8085666669970842,0.7027533459901402,-1.0161329645585022,0
0.7206745964472937,-1.1099901739376037,-1.179024470547907,0.45797004237346245,0.7785050963005594,0.9048055324001227,1.6495816066168083,0.853056793629862,0.7430557263280237,0.4617277333253637,0.03455021005991044,-0.07108591549009124,0.9841231756854657,0
0.21232733076517762,0.9009088760241706,-0.502969299721533,0.4938661149334057,-0.06640278899360229,0.9048055324001227,1.6495816066168083,-1.461440576166749,0.9108981044461687,0.4617277333253637,1.066572152642809,0.801963507718375,-1.0161329645585022,0
0.7206745964472937,-1.1099901739376037,0.8491410419312149,0.3018781896754955,0.7785050963005594,0.9048055324001227,1.6495816066168083,1.4316811360790147,1.286865031430813,0.6910700256137552,0.03455021005991044,-1.142555662155027,-1.0161329645585022,1
-0.12657084635623306,-1.1099901739376037,-0.502969299721533,0.30029895199138007,0.2715603651240624,0.9048055324001227,1.6495816066168083,-0.3041918912684436,2.183143330581707,0.6910700256137552,0.5505611813513597,-0.7060309505507939,-1.0161329645585022,1
0.0428782422044723,0.9009088760241706,0.8491410419312149,-0.8320776370267324,-0.06640278899360229,0.21058638994196582,-0.2507203421941191,-0.8828162337175963,-1.3482603050240614,1.7231103409115156,-0.22345527558581418,0.6035431842619053,-1.0161329645585022,0
1.0595727735687044,-1.1099901739376037,-1.179024470547907,0.5299832807691252,1.4544314045358888,0.9048055324001227,1.6495816066168083,-0.8828162337175963,1.4446368668618692,0.4617277333253637,-0.22345527558581418,-0.40840046536608954,-1.0161329645585022,0
-0.12657084635623306,0.9009088760241706,-1.179024470547907,-0.8297719500079239,-0.06640278899360229,-1.177851894974348,-1.121692068732461,-0.8828162337175963,-1.1804179269059165,-0.570312581972397,0.03455021005991044,0.6035431842619053,0.9841231756854657,0
0.0428782422044723,-1.1099901739376037,-0.502969299721533,0.528846229636562,-0.06640278899360229,0.9048055324001227,1.6495816066168083,-0.3041918912684436,1.092167872813765,0.4617277333253637,0.8085666669970842,0.7225953783357871,0.9841231756854657,0
0.5512255078865883,0.9009088760241706,0.17308587110484092,0.5733807323286165,-0.06640278899360229,0.9048055324001227,1.6495816066168083,1.4316811360790147,2.0757242085860943,0.3470565871811683,0.5505611813513597,0.4249648931510827,0.9841231756854657,0
0.890123685007999,-1.1099901739376037,-0.502969299721533,0.5647265098196641,1.6234129815947211,0.9048055324001227,1.6495816066168083,1.4316811360790147,-1.0495008719737637,0.3470565871811683,1.066572152642809,-1.5393963090679663,-1.0161329645585022,0
0.7206745964472937,0.9009088760241706,-0.502969299721533,0.5708539520340319,1.1164682504182242,0.9048055324001227,1.6495816066168083,0.853056793629862,1.1458774338115711,0.3470565871811683,0.8085666669970842,2.0520115454941332,0.9841231756854657,0
0.5512255078865883,0.9009088760241706,-1.179024470547907,0.5828087813027855,0.7785050963005594,0.9048055324001227,1.6495816066168083,-0.3041918912684436,-0.018948670328354386,0.3470565871811683,0.8085666669970842,-0.07108591549009124,0.9841231756854657,0
0.21232733076517762,0.9009088760241706,-1.179024470547907,-0.835615129439151,0.7785050963005594,0.21058638994196582,-1.1375279183058853,0.853056793629862,-0.0860856215756121,-0.570312581972397,0.29255569570563505,-1.2219237915376149,0.9841231756854657,0
1.0595727735687044,0.9009088760241706,-1.179024470547907,0.5992012684639034,1.2854498274770565,0.9048055324001227,1.6495816066168083,0.853056793629862,0.7430557263280237,0.3470565871811683,0.29255569570563505,0.8614896047553159,-1.0161329645585022,0
0.890123685007999,-1.1099901739376037,-0.502969299721533,0.6104138560211229,1.6234129815947211,0.9048055324001227,1.6495816066168083,-0.8828162337175963,-1.3751150855229646,0.3470565871811683,-0.22345527558581418,-0.8449251769703227,-1.0161329645585022,0
0.38177641932588297,0.9009088760241706,-0.502969299721533,-0.8281927123238085,-0.23538436605243465,0.21058638994196582,-1.2008713165995828,1.4316811360790147,0.860545391010725,-0.7996548742607882,0.8085666669970842,1.1591200899400202,-1.0161329645585022,0
0.0428782422044723,0.9009088760241706,-0.502969299721533,0.3886257156639549,0.10257878806523006,0.9048055324001227,1.6495816066168083,-0.3041918912684436,0.19253272610050842,0.5763988794695595,-0.22345527558581418,0.3455967637684949,-1.0161329645585022,1
0.38177641932588297,-1.1099901739376037,-1.179024470547907,-0.8299772509068589,0.10257878806523006,0.21058638994196582,-0.5674373336626071,1.4316811360790147,0.2965950005337584,0.9204123179021463,0.5505611813513597,0.4448069254967297,0.9841231756854657,0
0.38177641932588297,0.9009088760241706,-1.179024470547907,-0.8231075669809569,0.2715603651240624,-1.177851894974348,-0.6664113934965095,-0.8828162337175963,0.4040141225293712,0.5763988794695595,0.8085666669970842,1.0400678958661385,0.9841231756854657,0
0.5512255078865883,-1.1099901739376037,-1.179024470547907,0.6472416788146942,0.4405419421828948,0.9048055324001227,1.6495816066168083,-0.3041918912684436,0.4745079213389917,0.3470565871811683,0.8085666669970842,-0.6663468858595001,0.9841231756854657,0
-0.12657084635623306,-1.1099901739376037,-1.179024470547907,0.6510950187639358,-0.06640278899360229,0.9048055324001227,1.6495816066168083,0.2744324511807092,0.5651428055227898,0.3470565871811683,-0.22345527558581418,0.5241750548793175,0.9841231756854657,0
-0.12657084635623306,-1.1099901739376037,-1.179024470547907,0.6469890007852357,0.2715603651240624,0.9048055324001227,1.6495816066168083,0.2744324511807092,0.03811773823181484,0.3470565871811683,0.8085666669970842,-3.6029676730152502,0.9841231756854657,0
0.21232733076517762,-1.1099901739376037,0.8491410419312149,0.648757746991445,0.4405419421828948,0.9048055324001227,1.6495816066168083,0.853056793629862,0.9981761410676039,0.3470565871811683,0.03455021005991044,0.18686050500331922,-1.0161329645585022,0
0.21232733076517762,-1.1099901739376037,0.8491410419312149,-0.8241182790987908,-0.23538436605243465,0.21058638994196582,-0.2507203421941191,-0.8828162337175963,-0.811164695045998,1.7231103409115156,0.8085666669970842,-1.2219237915376149,0.9841231756854657,0
0.890123685007999,-1.1099901739376037,0.8491410419312149,0.6470521702926003,0.6095235192417271,0.9048055324001227,1.6495816066168083,0.853056793629862,0.001192415045823164,0.3470565871811683,0.29255569570563505,-1.8767108589439645,0.9841231756854657,0
0.0428782422044723,0.9009088760241706,-1.179024470547907,-0.8240077324609026,0.2715603651240624,0.21058638994196582,-1.121692068732461,-0.3041918912684436,0.16232109803924238,-0.570312581972397,-0.22345527558581418,1.1789621222856672,0.9841231756854657,0
0.5512255078865883,0.9009088760241706,-0.502969299721533,0.6672348278955953,0.4405419421828948,0.9048055324001227,1.6495816066168083,-1.461440576166749,-1.0427871768490378,0.23238544103697253,1.066572152642809,-0.44808453005738347,-1.0161329645585022,0
0.7206745964472937,0.9009088760241706,-0.502969299721533,0.6624181529590433,0.6095235192417271,0.9048055324001227,1.6495816066168083,0.853056793629862,-0.0860856215756121,0.23238544103697253,0.8085666669970842,0.08765034327508442,0.9841231756854657,0
0.890123685007999,-1.1099901739376037,0.8491410419312149,0.4435516023174888,0.9474866733593919,0.9048055324001227,1.6495816066168083,0.853056793629862,2.206641263518246,0.5763988794695595,0.03455021005991044,-0.09092794783573821,-1.0161329645585022,1
1.2290218621294098,0.9009088760241706,0.8491410419312149,-0.822507456660993,0.4405419421828948,0.21058638994196582,-0.9197849866712998,0.853056793629862,1.4312094766124175,0.003043148748581378,0.03455021005991044,-1.2814498885745558,0.9841231756854657,0
1.2290218621294098,-1.1099901739376037,1.5251962127575889,0.6929764021466764,1.2854498274770565,0.9048055324001227,1.6495816066168083,-0.3041918912684436,0.954537122756886,0.23238544103697253,1.066572152642809,0.3654387961141419,0.9841231756854657,0
0.0428782422044723,-1.1099901739376037,-0.502969299721533,-0.823944562953538,-0.23538436605243465,-1.177851894974348,-0.6109859199895241,1.4316811360790147,1.2700807936189982,0.8057411717579506,0.8085666669970842,-0.9639773710442044,-1.0161329645585022,1
-0.12657084635623306,0.9009088760241706,1.5251962127575889,0.7396428757122867,-0.404365943111267,0.9048055324001227,1.6495816066168083,1.4316811360790147,-0.12972463988633004,0.23238544103697253,0.8085666669970842,0.5638591195706114,-1.0161329645585022,0
0.38177641932588297,-1.1099901739376037,-0.502969299721533,0.7658424288917614,0.2715603651240624,0.9048055324001227,1.6495816066168083,-1.461440576166749,0.7430557263280237,0.23238544103697253,-0.22345527558581418,-2.531497926350314,-1.0161329645585022,0
0.0428782422044723,-1.1099901739376037,-0.502969299721533,0.613509161881989,0.10257878806523006,0.9048055324001227,1.6495816066168083,-0.3041918912684436,1.327147202179168,0.3470565871811683,0.03455021005991044,0.6035431842619053,-1.0161329645585022,1
-0.12657084635623306,-1.1099901739376037,0.8491410419312149,0.6067658169708162,-0.23538436605243465,0.9048055324001227,1.6495816066168083,-0.3041918912684436,1.676259348664909,0.3470565871811683,0.5505611813513597,-0.40840046536608954,-1.0161329645585022,1
0.38177641932588297,0.9009088760241706,-1.179024470547907,0.8344129291360524,0.4405419421828948,0.9048055324001227,1.6495816066168083,1.4316811360790147,1.0418151593783211,0.1177142948927768,-0.22345527558581418,1.6750129309268411,0.9841231756854657,0
0.21232733076517762,0.9009088760241706,-0.502969299721533,0.6537323456964085,-0.06640278899360229,0.9048055324001227,1.6495816066168083,1.4316811360790147,2.032085190275376,0.23238544103697253,0.5505611813513597,-1.7179746001787888,-1.0161329645585022,1
0.38177641932588297,-1.1099901739376037,-0.502969299721533,0.9310622754039154,0.6095235192417271,0.9048055324001227,1.6495816066168083,-1.461440576166749,0.03476089066945202,0.003043148748581378,0.29255569570563505,0.20670253734896618,0.9841231756854657,0
-0.12657084635623306,0.9009088760241706,0.8491410419312149,-0.8150534547919683,0.6095235192417271,-1.177851894974348,-1.121692068732461,0.2744324511807092,-0.005521280078902488,-0.570312581972397,1.066572152642809,-1.4005020826484376,0.9841231756854657,0
0.5512255078865883,0.9009088760241706,-1.179024470547907,0.7011884381040765,0.7785050963005594,0.9048055324001227,1.6495816066168083,1.4316811360790147,2.4046952696976582,0.23238544103697253,-0.22345527558581418,1.1194360252487263,-1.0161329645585022,1
0.21232733076517762,0.9009088760241706,-1.179024470547907,0.9438856853989325,0.10257878806523006,0.9048055324001227,1.6495816066168083,-0.8828162337175963,-0.18343420088413584,0.003043148748581378,0.8085666669970842,1.4964346398160184,-1.0161329645585022,0
0.0428782422044723,0.9009088760241706,0.8491410419312149,0.4452255942626511,-0.404365943111267,0.9048055324001227,1.6495816066168083,0.2744324511807092,0.001192415045823164,0.5763988794695595,0.5505611813513597,-1.8370267942526706,-1.0161329645585022,1
1.0595727735687044,-1.1099901739376037,1.5251962127575889,1.0259902525960927,0.7785050963005594,0.9048055324001227,1.6495816066168083,1.4316811360790147,0.9377528849450718,0.003043148748581378,0.29255569570563505,0.4844909901880236,0.9841231756854657,0
-0.12657084635623306,0.9009088760241706,0.8491410419312149,1.0282327701075364,-0.23538436605243465,0.9048055324001227,1.6495816066168083,-1.461440576166749,-1.4993184453303918,0.003043148748581378,0.8085666669970842,-1.3211339532658497,0.9841231756854657,0
0.0428782422044723,0.9009088760241706,-1.179024470547907,0.7937317663932395,0.6095235192417271,0.9048055324001227,1.6495816066168083,0.853056793629862,1.4446368668618692,0.1177142948927768,0.29255569570563505,0.6233852166075523,-1.0161329645585022,1
0.0428782422044723,-1.1099901739376037,1.5251962127575889,1.028390693875948,-0.06640278899360229,0.9048055324001227,1.6495816066168083,-0.8828162337175963,1.092167872813765,0.003043148748581378,0.29255569570563505,-1.0036614357354983,0.9841231756854657,0
-0.12657084635623306,-1.1099901739376037,-1.179024470547907,1.1227185607481613,0.2715603651240624,0.9048055324001227,1.6495816066168083,-1.461440576166749,-0.5896127559300467,-0.11162799739561437,0.5505611813513597,1.4170665104334308,0.9841231756854657,0
1.2290218621294098,-1.1099901739376037,-1.179024470547907,0.8899863032400737,0.9474866733593919,0.9048055324001227,1.6495816066168083,-1.461440576166749,0.001192415045823164,0.1177142948927768,0.29255569570563505,-0.8250831446246757,-1.0161329645585022,1
0.7206745964472937,-1.1099901739376037,1.5251962127575889,1.199959075878246,0.4405419421828948,0.9048055324001227,1.6495816066168083,0.2744324511807092,0.001192415045823164,-0.11162799739561437,1.066572152642809,1.4369085427790778,-1.0161329645585022,0
0.890123685007999,-1.1099901739376037,-0.502969299721533,1.2133668038163858,1.1164682504182242,0.9048055324001227,1.6495816066168083,-0.8828162337175963,-1.4724636648314886,-0.11162799739561437,1.066572152642809,-0.8052411122790287,0.9841231756854657,0
0.38177641932588297,-1.1099901739376037,1.5251962127575889,0.6584858511255959,-0.06640278899360229,0.9048055324001227,1.6495816066168083,0.2744324511807092,2.448334288008376,0.23238544103697253,0.03455021005991044,1.1194360252487263,-1.0161329645585022,1
-0.12657084635623306,0.9009088760241706,-0.502969299721533,1.255800920388567,-0.06640278899360229,0.9048055324001227,1.6495816066168083,1.4316811360790147,0.5785701957722418,-0.11162799739561437,0.5505611813513597,1.35754041339649,0.9841231756854657,0
-0.12657084635623306,0.9009088760241706,-1.179024470547907,-0.8065571560514274,-0.23538436605243465,0.21058638994196582,-0.7257958293968509,0.2744324511807092,0.15896425047687956,0.3470565871811683,0.5505611813513597,-0.20998014190961997,0.9841231756854657,0
1.0595727735687044,0.9009088760241706,1.5251962127575889,1.3142800918313604,0.9474866733593919,0.9048055324001227,1.6495816066168083,-0.3041918912684436,2.2603508245160526,-0.2262991435398101,0.5505611813513597,1.3773824457421369,0.9841231756854657,0
0.21232733076517762,-1.1099901739376037,-1.179024470547907,1.405338936697455,0.4405419421828948,0.9048055324001227,1.6495816066168083,-1.461440576166749,0.8336906105118219,-0.2262991435398101,0.5505611813513597,0.7027533459901402,-1.0161329645585022,0
-0.12657084635623306,0.9009088760241706,1.5251962127575889,1.404438771217509,-0.06640278899360229,0.9048055324001227,1.6495816066168083,-0.8828162337175963,-1.0427871768490378,-0.2262991435398101,0.03455021005991044,1.1392780575943733,-1.0161329645585022,0
0.21232733076517762,0.9009088760241706,0.8491410419312149,1.403917622781751,0.4405419421828948,0.9048055324001227,1.6495816066168083,0.853056793629862,-0.33784918875282943,-0.2262991435398101,0.8085666669970842,1.6154868338899002,-1.0161329645585022,0
1.0595727735687044,0.9009088760241706,-1.179024470547907,1.5638786078058007,1.2854498274770565,0.9048055324001227,1.6495816066168083,-0.3041918912684436,-0.707102420612748,-0.34097028968400567,0.03455021005991044,-1.6386064707962011,0.9841231756854657,0
0.5512255078865883,-1.1099901739376037,-1.179024470547907,1.6899965292592571,0.6095235192417271,0.9048055324001227,1.6495816066168083,-0.3041918912684436,-0.08944246913797492,-0.34097028968400567,0.03455021005991044,-0.051243883144444294,0.9841231756854657,0
0.38177641932588297,0.9009088760241706,0.8491410419312149,1.7092790213823064,0.2715603651240624,0.9048055324001227,1.6495816066168083,-0.8828162337175963,-1.4993184453303918,-0.34097028968400567,0.5505611813513597,1.0599099282117854,0.9841231756854657,0
1.0595727735687044,0.9009088760241706,0.8491410419312149,1.5613518275112162,1.2854498274770565,0.9048055324001227,1.6495816066168083,-0.3041918912684436,0.001192415045823164,-0.34097028968400567,0.03455021005991044,0.821805540064022,-1.0161329645585022,1
0.5512255078865883,-1.1099901739376037,-0.502969299721533,-0.8076942071839905,0.2715603651240624,0.21058638994196582,-0.804975077263973,0.853056793629862,-1.7510820125076092,0.23238544103697253,0.8085666669970842,0.7225953783357871,-1.0161329645585022,0
0.7206745964472937,0.9009088760241706,-1.179024470547907,2.069503137129031,0.4405419421828948,0.9048055324001227,1.6495816066168083,-1.461440576166749,0.8336906105118219,-0.570312581972397,0.5505611813513597,0.46464895784237664,0.9841231756854657,0
0.38177641932588297,-1.1099901739376037,-1.179024470547907,2.163783626870721,0.9474866733593919,0.9048055324001227,1.6495816066168083,-0.8828162337175963,1.0787404825643134,-0.570312581972397,1.066572152642809,1.35754041339649,-1.0161329645585022,0
0.0428782422044723,0.9009088760241706,1.5251962127575889,0.8922604055051998,-0.404365943111267,0.9048055324001227,1.6456226442234523,-1.461440576166749,0.9780350556934264,0.1177142948927768,0.8085666669970842,-1.3012919209202027,-1.0161329645585022,1
0.21232733076517762,-1.1099901739376037,-1.179024470547907,-0.2333728386017399,-0.06640278899360229,0.9048055324001227,1.6258278322566717,0.2744324511807092,0.001192415045823164,1.8377814870557112,0.29255569570563505,0.08765034327508442,-1.0161329645585022,1
1.0595727735687044,-1.1099901739376037,0.17308587110484092,-0.8128898991647302,1.7923945586535535,0.21058638994196582,-1.121692068732461,0.853056793629862,0.001192415045823164,-0.570312581972397,0.29255569570563505,0.9805417988291976,-1.0161329645585022,0
0.38177641932588297,-1.1099901739376037,-1.179024470547907,-0.3153668591610119,0.10257878806523006,0.9048055324001227,1.6139509450766034,-0.8828162337175963,0.4745079213389917,2.1817949254882985,1.066572152642809,1.298014316359549,-1.0161329645585022,1
0.890123685007999,-1.1099901739376037,-0.502969299721533,-0.9010745314457346,0.9474866733593919,0.9048055324001227,-1.4384090602009487,-1.461440576166749,0.001192415045823164,-1.3730106049817663,0.03455021005991044,1.6551708985811941,-1.0161329645585022,0
-0.12657084635623306,0.9009088760241706,-1.179024470547907,-1.0205596546259064,0.10257878806523006,0.9048055324001227,-1.4027783986607438,-1.461440576166749,-1.2207000976542715,-1.0289971665491795,0.03455021005991044,-0.03140185079879733,-1.0161329645585022,0
0.7206745964472937,-1.1099901739376037,-0.502969299721533,-1.020528069872224,0.9474866733593919,0.9048055324001227,-1.3750656619072512,0.2744324511807092,-0.2438574570066685,-0.9143260204049839,-0.22345527558581418,0.4844909901880236,-1.0161329645585022,1
0.38177641932588297,-1.1099901739376037,1.5251962127575889,-0.815937827895073,-0.06640278899360229,0.9048055324001227,-1.367147737120539,0.2744324511807092,0.001192415045823164,-1.2583394588375707,0.03455021005991044,0.5638591195706114,0.9841231756854657,0
0.5512255078865883,-1.1099901739376037,-1.179024470547907,-1.0569768756216078,0.4405419421828948,0.9048055324001227,-1.359229812333827,0.2744324511807092,0.001192415045823164,-0.6849837281165926,1.066572152642809,0.22654456969461315,-1.0161329645585022,1
-0.12657084635623306,-1.1099901739376037,0.8491410419312149,-1.0225810788615741,-0.23538436605243465,0.9048055324001227,-1.359229812333827,0.2744324511807092,1.3103629643673533,-0.7996548742607882,0.5505611813513597,0.9408577341379036,-1.0161329645585022,1
0.890123685007999,0.9009088760241706,-0.502969299721533,-1.02060703175643,0.4405419421828948,0.9048055324001227,-1.359229812333827,-0.8828162337175963,-1.0495008719737637,-0.7996548742607882,0.29255569570563505,0.821805540064022,-1.0161329645585022,1
0.0428782422044723,-1.1099901739376037,0.8491410419312149,-1.018775116042856,0.4405419421828948,0.9048055324001227,-1.359229812333827,-0.3041918912684436,1.7836784706605218,-0.9143260204049839,0.8085666669970842,0.7225953783357871,-1.0161329645585022,1
0.21232733076517762,-1.1099901739376037,-1.179024470547907,-1.011810677855907,0.10257878806523006,0.9048055324001227,-1.359229812333827,-0.8828162337175963,-0.707102420612748,-0.9143260204049839,0.8085666669970842,1.0995939929030794,-1.0161329645585022,0
0.21232733076517762,-1.1099901739376037,1.5251962127575889,-0.9729140536961446,0.2715603651240624,0.9048055324001227,-1.359229812333827,-0.8828162337175963,1.7836784706605218,-1.0289971665491795,0.5505611813513597,-1.3608180179571436,-1.0161329645585022,1
-0.12657084635623306,0.9009088760241706,0.8491410419312149,-0.9259791097242346,-0.404365943111267,0.9048055324001227,-1.359229812333827,1.4316811360790147,-1.2475548781531747,-1.0289971665491795,-0.22345527558581418,0.801963507718375,0.9841231756854657,0
0.0428782422044723,-1.1099901739376037,0.17308587110484092,-0.9022747520856623,-0.23538436605243465,0.9048055324001227,-1.359229812333827,0.853056793629862,0.8336906105118219,-1.143668312693375,0.5505611813513597,0.9210157017922567,-1.0161329645585022,1
0.21232733076517762,-1.1099901739376037,-0.502969299721533,-0.8661733786267841,0.10257878806523006,0.9048055324001227,-1.359229812333827,0.853056793629862,-0.11965409719924096,-1.143668312693375,1.066572152642809,1.238488219322608,0.9841231756854657,0
1.2290218621294098,0.9009088760241706,0.8491410419312149,-0.7997664340097311,0.7785050963005594,0.21058638994196582,-0.7257958293968509,-0.8828162337175963,1.451350561986595,0.3470565871811683,0.8085666669970842,0.305912699077201,0.9841231756854657,0
0.38177641932588297,-1.1099901739376037,-1.179024470547907,-0.5546371606813374,0.7785050963005594,0.9048055324001227,1.4912231108825644,-0.8828162337175963,1.4110683912382405,3.213835240786059,-0.22345527558581418,0.9606997664835506,-1.0161329645585022,1
0.0428782422044723,0.9009088760241706,-0.502969299721533,-0.4137059897508784,0.10257878806523006,0.9048055324001227,1.4912231108825644,0.2744324511807092,1.9515208487786668,2.411137217776689,0.5505611813513597,0.3654387961141419,-1.0161329645585022,1
0.5512255078865883,-1.1099901739376037,-0.502969299721533,-0.2669790165197158,0.4405419421828948,0.9048055324001227,1.4912231108825644,-0.8828162337175963,1.2835081838684501,1.8377814870557112,1.066572152642809,-1.5393963090679663,-1.0161329645585022,1
0.890123685007999,0.9009088760241706,1.5251962127575889,-0.183879529581563,0.9474866733593919,0.9048055324001227,1.4912231108825644,1.4316811360790147,1.5688402266692962,1.6084391947673204,-0.22345527558581418,0.9210157017922567,-1.0161329645585022,1
-0.12657084635623306,0.9009088760241706,-1.179024470547907,-0.8011245784180704,-0.404365943111267,-1.177851894974348,-1.2008713165995828,0.853056793629862,-1.1804179269059165,-0.7996548742607882,0.5505611813513597,0.9210157017922567,0.9841231756854657,0
0.0428782422044723,0.9009088760241706,0.8491410419312149,-0.14371951527450816,0.2715603651240624,0.9048055324001227,1.4912231108825644,-0.3041918912684436,1.0351014642535956,1.4937680486231246,0.5505611813513597,0.782121475372728,-1.0161329645585022,1
0.38177641932588297,-1.1099901739376037,-1.179024470547907,-0.7975239164982872,-0.06640278899360229,-1.177851894974348,-0.5516014840891826,0.2744324511807092,1.0955247203761276,0.8057411717579506,1.066572152642809,0.20670253734896618,-1.0161329645585022,1
0.7206745964472937,-1.1099901739376037,1.5251962127575889,-0.016322411296918155,1.1164682504182242,0.9048055324001227,1.4912231108825644,0.2744324511807092,0.6154955189582334,1.1497546101905376,-0.22345527558581418,1.4567505751247247,0.9841231756854657,0
1.2290218621294098,0.9009088760241706,0.8491410419312149,-0.00357796318610681,1.1164682504182242,0.9048055324001227,1.4912231108825644,-0.3041918912684436,0.04483143335654109,1.1497546101905376,0.29255569570563505,-0.36871640067479566,0.9841231756854657,0
0.21232733076517762,-1.1099901739376037,1.5251962127575889,0.09239231087758656,-0.06640278899360229,0.9048055324001227,1.4912231108825644,0.853056793629862,-1.4993184453303918,0.9204123179021463,0.8085666669970842,0.9805417988291976,0.9841231756854657,0
0.21232733076517762,-1.1099901739376037,-1.179024470547907,0.3431594627382723,0.2715603651240624,0.9048055324001227,1.4912231108825644,0.853056793629862,0.001192415045823164,0.5763988794695595,1.066572152642809,0.10749237562073138,0.9841231756854657,0
0.38177641932588297,-1.1099901739376037,0.8491410419312149,-0.10902366335449264,0.9474866733593919,0.9048055324001227,1.4833051860958522,0.853056793629862,1.6628319584154578,1.379096902478929,0.03455021005991044,0.3654387961141419,-1.0161329645585022,1
1.0595727735687044,0.9009088760241706,-0.502969299721533,-0.4504706430370851,0.7785050963005594,0.9048055324001227,1.4635103741290718,0.853056793629862,-1.0427871768490378,2.640479510065081,1.066572152642809,1.35754041339649,-1.0161329645585022,1
0.38177641932588297,-1.1099901739376037,-0.502969299721533,-0.790417346919768,0.4405419421828948,-1.177851894974348,-0.4090788379283631,-1.461440576166749,-1.4724636648314886,1.035083464046342,1.066572152642809,0.9408577341379036,0.9841231756854657,0
0.7206745964472937,0.9009088760241706,-0.502969299721533,-0.11358766026158616,0.2715603651240624,0.9048055324001227,1.4595514117357156,1.4316811360790147,-0.34120603631519225,1.379096902478929,0.29255569570563505,0.5043330225336705,-1.0161329645585022,1
1.0595727735687044,0.9009088760241706,-0.502969299721533,0.5618838819882563,1.4544314045358888,0.9048055324001227,1.427879712588867,1.4316811360790147,0.860545391010725,0.23238544103697253,0.29255569570563505,1.5758027691986063,-1.0161329645585022,0
0.0428782422044723,-1.1099901739376037,-0.502969299721533,0.6442727119685572,0.2715603651240624,0.9048055324001227,1.427879712588867,-1.461440576166749,1.092167872813765,0.1177142948927768,0.5505611813513597,0.7424374106814341,-1.0161329645585022,0
-0.12657084635623306,-1.1099901739376037,-0.502969299721533,-0.7913806819070783,-0.23538436605243465,0.21058638994196582,-0.5674373336626071,0.853056793629862,-0.707102420612748,0.6910700256137552,1.066572152642809,1.317856348705196,-1.0161329645585022,0
0.7206745964472937,0.9009088760241706,-1.179024470547907,-0.7853795787074398,0.7785050963005594,0.21058638994196582,-0.7257958293968509,0.853056793629862,1.7736079279734327,0.3470565871811683,0.8085666669970842,0.7622794430270811,-1.0161329645585022,0
0.0428782422044723,0.9009088760241706,-1.179024470547907,-0.28807763197949765,-0.404365943111267,0.9048055324001227,1.4120438630154424,1.4316811360790147,1.6829730437896346,1.8377814870557112,0.03455021005991044,-0.4877685947486774,-1.0161329645585022,1
0.38177641932588297,0.9009088760241706,0.8491410419312149,-0.10899207860081032,0.4405419421828948,0.9048055324001227,1.4120438630154424,0.2744324511807092,0.665848232393677,1.2644257563347332,-0.22345527558581418,0.5043330225336705,-1.0161329645585022,1
-0.12657084635623306,-1.1099901739376037,-1.179024470547907,-0.10984486695023264,-0.404365943111267,0.9048055324001227,1.4120438630154424,-1.461440576166749,-0.005521280078902488,1.2644257563347332,-0.22345527558581418,0.9606997664835506,-1.0161329645585022,1
0.890123685007999,0.9009088760241706,-0.502969299721533,-0.07006386968736551,1.1164682504182242,0.9048055324001227,1.4120438630154424,-0.8828162337175963,0.6255660616453219,1.2644257563347332,0.8085666669970842,0.38528082845978884,0.9841231756854657,0
-0.12657084635623306,0.9009088760241706,-1.179024470547907,-0.7899435756145333,-0.06640278899360229,0.21058638994196582,-0.5674373336626071,-0.8828162337175963,0.001192415045823164,0.6910700256137552,0.29255569570563505,-1.182239726846321,0.9841231756854657,0
0.5512255078865883,-1.1099901739376037,0.8491410419312149,0.8749203757336126,1.1164682504182242,0.9048055324001227,1.4120438630154424,1.4316811360790147,-1.173704231781191,0.003043148748581378,0.29255569570563505,-0.3488743683291487,-1.0161329645585022,0
0.890123685007999,0.9009088760241706,-1.179024470547907,-0.05502952693458682,0.6095235192417271,0.9048055324001227,1.396208013442018,-1.461440576166749,-0.3680608168140954,1.1497546101905376,0.29255569570563505,1.0400678958661385,0.9841231756854657,0
0.5512255078865883,-1.1099901739376037,-0.502969299721533,1.0433776594982032,0.4405419421828948,0.9048055324001227,1.396208013442018,-0.3041918912684436,0.001192415045823164,-0.11162799739561437,1.066572152642809,1.298014316359549,-1.0161329645585022,0
0.21232733076517762,-1.1099901739376037,-1.179024470547907,-0.39301797608896655,0.4405419421828948,0.9048055324001227,1.3724542390818815,0.2744324511807092,1.0955247203761276,2.1817949254882985,0.03455021005991044,0.4249648931510827,-1.0161329645585022,1
1.2290218621294098,0.9009088760241706,-0.502969299721533,-0.7935284451574753,0.9474866733593919,-1.177851894974348,-0.8841543251310949,-1.461440576166749,-1.1804179269059165,-0.11162799739561437,0.29255569570563505,0.4844909901880236,-1.0161329645585022,0
0.38177641932588297,-1.1099901739376037,-0.502969299721533,-0.7884275074377826,0.10257878806523006,0.21058638994196582,-0.5674373336626071,1.4316811360790147,0.001192415045823164,0.6910700256137552,0.8085666669970842,-0.9639773710442044,-1.0161329645585022,0
0.21232733076517762,-1.1099901739376037,-0.502969299721533,-0.6576508348161856,-0.06640278899360229,0.9048055324001227,1.3328646151483206,-1.461440576166749,-0.0860856215756121,3.7871909715070364,0.29255569570563505,0.286070666731554,-1.0161329645585022,1
0.21232733076517762,-1.1099901739376037,0.17308587110484092,-0.45505043232101977,0.2715603651240624,0.9048055324001227,1.3328646151483206,0.853056793629862,1.223084927745918,2.411137217776689,0.29255569570563505,1.35754041339649,-1.0161329645585022,1
0.5512255078865883,-1.1099901739376037,0.8491410419312149,-0.7948076276816087,0.4405419421828948,-1.177851894974348,-1.042512820865339,1.4316811360790147,-1.1804179269059165,-0.45564143582820127,1.066572152642809,-0.8846092416616166,0.9841231756854657,0
0.21232733076517762,-1.1099901739376037,-1.179024470547907,-0.7889960330040641,-0.404365943111267,-1.177851894974348,-0.8841543251310949,-0.8828162337175963,-0.1397951825734185,-0.11162799739561437,1.066572152642809,-0.011559818453150373,0.9841231756854657,0
-0.12657084635623306,0.9009088760241706,0.8491410419312149,-0.792880957706988,0.2715603651240624,0.21058638994196582,-0.8841543251310949,-0.8828162337175963,0.665848232393677,-0.11162799739561437,0.03455021005991044,1.1789621222856672,-1.0161329645585022,0
0.0428782422044723,0.9009088760241706,0.17308587110484092,-0.7919807922270422,-0.06640278899360229,-1.177851894974348,0.0026532509806712224,-0.3041918912684436,0.3301634761573873,2.0671237793441026,0.5505611813513597,0.0479662785837905,0.9841231756854657,0
-0.12657084635623306,-1.1099901739376037,0.8491410419312149,-0.39529207835409275,-0.06640278899360229,0.9048055324001227,1.3328646151483206,0.853056793629862,0.7229146409538463,2.1817949254882985,0.29255569570563505,-0.4282424977117365,-1.0161329645585022,1
1.0595727735687044,-1.1099901739376037,-1.179024470547907,-0.37597800147736127,0.9474866733593919,0.9048055324001227,1.3328646151483206,-1.461440576166749,0.001192415045823164,2.0671237793441026,0.8085666669970842,-1.5790803737592602,-1.0161329645585022,1
-0.12657084635623306,0.9009088760241706,-1.179024470547907,-0.30098000385872054,0.10257878806523006,0.9048055324001227,1.3328646151483206,0.853056793629862,-0.8447331706696268,1.8377814870557112,0.8085666669970842,0.5638591195706114,-1.0161329645585022,1
0.7206745964472937,0.9009088760241706,0.8491410419312149,-0.7913175123997137,0.7785050963005594,0.21058638994196582,-1.2008713165995828,0.2744324511807092,-1.2475548781531747,-0.7996548742607882,0.03455021005991044,-0.03140185079879733,-1.0161329645585022,0
1.0595727735687044,0.9009088760241706,-1.179024470547907,-0.295800104254822,0.9474866733593919,0.9048055324001227,1.3328646151483206,0.853056793629862,-0.7138161157374736,1.7231103409115156,0.8085666669970842,0.7622794430270811,-1.0161329645585022,1
0.5512255078865883,0.9009088760241706,-0.502969299721533,-0.29442616746964156,0.4405419421828948,0.9048055324001227,1.3328646151483206,0.2744324511807092,0.830333762949459,1.7231103409115156,0.8085666669970842,-0.4282424977117365,-1.0161329645585022,1
-0.12657084635623306,-1.1099901739376037,-1.179024470547907,-0.794318063999533,-0.23538436605243465,-1.177851894974348,-0.527847709729046,0.853056793629862,-0.8447331706696268,0.8057411717579506,0.5505611813513597,-0.2893482712922078,0.9841231756854657,0
-0.12657084635623306,0.9009088760241706,-1.179024470547907,-0.2716535600646974,-0.23538436605243465,0.9048055324001227,1.3328646151483206,-0.8828162337175963,1.327147202179168,1.7231103409115156,0.5505611813513597,1.1988041546313142,-1.0161329645585022,1
1.0595727735687044,0.9009088760241706,-0.502969299721533,-0.27002694525005855,0.6095235192417271,0.9048055324001227,1.3328646151483206,-0.3041918912684436,0.954537122756886,1.7231103409115156,1.066572152642809,1.0003838311748445,-1.0161329645585022,1
0.21232733076517762,0.9009088760241706,1.5251962127575889,-0.2269769259810725,0.4405419421828948,0.9048055324001227,1.3328646151483206,-0.8828162337175963,-0.005521280078902488,1.4937680486231246,0.03455021005991044,0.821805540064022,-1.0161329645585022,1
0.7206745964472937,-1.1099901739376037,0.8491410419312149,-0.20778918811907027,0.9474866733593919,0.9048055324001227,1.3328646151483206,-1.461440576166749,-0.21028898138303903,1.4937680486231246,0.29255569570563505,-0.8846092416616166,-1.0161329645585022,1
0.0428782422044723,0.9009088760241706,0.8491410419312149,-0.7931494281132876,-0.404365943111267,0.21058638994196582,-0.2507203421941191,0.853056793629862,-0.21364582894540246,1.4937680486231246,-0.22345527558581418,-1.0631875327724392,0.9841231756854657,0
0.21232733076517762,-1.1099901739376037,-0.502969299721533,-0.16865567830669045,0.10257878806523006,0.9048055324001227,1.3328646151483206,-1.461440576166749,0.001192415045823164,1.379096902478929,0.5505611813513597,0.10749237562073138,-1.0161329645585022,1
0.890123685007999,0.9009088760241706,1.5251962127575889,-0.10913420999238072,0.9474866733593919,0.9048055324001227,1.3328646151483206,-0.3041918912684436,-0.8447331706696268,1.2644257563347332,-0.22345527558581418,0.5241750548793175,0.9841231756854657,0
0.38177641932588297,-1.1099901739376037,-1.179024470547907,-0.7902278383976741,0.10257878806523006,0.21058638994196582,-1.121692068732461,1.4316811360790147,-1.2475548781531747,-0.6849837281165926,0.03455021005991044,-2.194183376474316,0.9841231756854657,0
0.0428782422044723,0.9009088760241706,1.5251962127575889,-0.1030857296622187,0.2715603651240624,0.9048055324001227,1.3328646151483206,-1.461440576166749,1.223084927745918,1.2644257563347332,-0.22345527558581418,0.9606997664835506,-1.0161329645585022,0
0.0428782422044723,0.9009088760241706,-1.179024470547907,-0.0510814327242983,0.4405419421828948,0.9048055324001227,1.3328646151483206,-0.3041918912684436,-0.11965409719924096,1.035083464046342,0.8085666669970842,1.0400678958661385,0.9841231756854657,0
-0.12657084635623306,0.9009088760241706,-1.179024470547907,-0.036978840205147696,-0.7423290972289317,0.9048055324001227,1.3328646151483206,0.2744324511807092,0.03476089066945202,1.035083464046342,0.5505611813513597,0.22654456969461315,0.9841231756854657,0
0.38177641932588297,-1.1099901739376037,0.8491410419312149,-0.031404131180220306,0.10257878806523006,0.9048055324001227,1.3328646151483206,1.4316811360790147,-0.8816584938556186,1.035083464046342,0.29255569570563505,-0.011559818453150373,0.9841231756854657,0
-0.12657084635623306,0.9009088760241706,0.8491410419312149,-0.1262373541113506,-0.404365943111267,0.9048055324001227,1.3328646151483206,0.853056793629862,0.3939435798422821,1.2644257563347332,0.8085666669970842,0.10749237562073138,-1.0161329645585022,1
1.2290218621294098,-1.1099901739376037,1.5251962127575889,0.002944288449289827,1.2854498274770565,0.9048055324001227,1.3328646151483206,-0.3041918912684436,-0.34120603631519225,0.9204123179021463,0.5505611813513597,-0.5274526594399713,0.9841231756854657,0
0.890123685007999,-1.1099901739376037,0.8491410419312149,0.03959839509760846,0.7785050963005594,0.9048055324001227,1.3328646151483206,-0.3041918912684436,-0.3109944082539262,0.9204123179021463,0.03455021005991044,-2.075131182400434,0.9841231756854657,0
0.21232733076517762,-1.1099901739376037,-0.502969299721533,0.04021429779441347,0.6095235192417271,0.9048055324001227,1.3328646151483206,0.2744324511807092,-0.33784918875282943,0.9204123179021463,0.8085666669970842,1.694854963272488,-1.0161329645585022,0
-0.12657084635623306,0.9009088760241706,0.8491410419312149,0.0784160573731652,-0.06640278899360229,0.9048055324001227,1.3328646151483206,-1.461440576166749,-0.25392799969375696,0.8057411717579506,0.8085666669970842,-1.4203441149940845,0.9841231756854657,0
0.0428782422044723,0.9009088760241706,-0.502969299721533,-0.784589959865382,-0.06640278899360229,-1.177851894974348,-1.2800505644667048,-0.8828162337175963,-1.2979075915886182,-1.0289971665491795,1.066572152642809,0.2463866020402601,-1.0161329645585022,0
0.0428782422044723,0.9009088760241706,0.8491410419312149,-0.0323358814138484,0.10257878806523006,0.9048055324001227,1.3328646151483206,-1.461440576166749,0.19253272610050842,1.035083464046342,0.03455021005991044,0.0479662785837905,-1.0161329645585022,1
0.890123685007999,0.9009088760241706,0.8491410419312149,0.08376967312231644,1.2854498274770565,0.9048055324001227,1.3328646151483206,-0.8828162337175963,0.2965950005337584,0.8057411717579506,0.8085666669970842,-0.17029607721832604,-1.0161329645585022,0
1.0595727735687044,0.9009088760241706,-0.502969299721533,0.11936569052227775,1.1164682504182242,0.9048055324001227,1.3328646151483206,-0.8828162337175963,1.6594751108530943,0.8057411717579506,0.5505611813513597,0.008282213892496587,0.9841231756854657,0
0.890123685007999,-1.1099901739376037,-0.502969299721533,0.02304798416807898,0.7785050963005594,0.9048055324001227,1.3328646151483206,-0.3041918912684436,0.7061304031420315,0.9204123179021463,0.29255569570563505,-1.12271362980938,-1.0161329645585022,1
0.5512255078865883,-1.1099901739376037,-0.502969299721533,0.17651830231041438,0.4405419421828948,0.9048055324001227,1.3328646151483206,-0.3041918912684436,-0.707102420612748,0.6910700256137552,0.03455021005991044,0.9210157017922567,0.9841231756854657,0
1.0595727735687044,-1.1099901739376037,-0.502969299721533,-0.791649152313378,0.7785050963005594,0.21058638994196582,-1.1375279183058853,-0.3041918912684436,0.9981761410676039,-0.6849837281165926,0.8085666669970842,0.40512286080543575,-1.0161329645585022,0
1.0595727735687044,0.9009088760241706,0.8491410419312149,0.22697494631790166,0.9474866733593919,0.9048055324001227,1.3328646151483206,-0.8828162337175963,-0.707102420612748,0.5763988794695595,0.8085666669970842,-0.9838194033898514,0.9841231756854657,0
0.38177641932588297,-1.1099901739376037,1.5251962127575889,-0.7982503658329804,0.6095235192417271,0.21058638994196582,-0.3298995900612411,0.2744324511807092,-1.0495008719737637,1.379096902478929,0.8085666669970842,1.4964346398160184,-1.0161329645585022,0
0.0428782422044723,0.9009088760241706,-1.179024470547907,0.2660452866229169,0.6095235192417271,0.9048055324001227,1.3328646151483206,-0.3041918912684436,-0.1397951825734185,0.5763988794695595,1.066572152642809,-1.3012919209202027,-1.0161329645585022,0
0.0428782422044723,0.9009088760241706,1.5251962127575889,0.2718726736773027,0.10257878806523006,0.9048055324001227,1.3328646151483206,0.853056793629862,0.16232109803924238,0.5763988794695595,0.03455021005991044,-0.051243883144444294,0.9841231756854657,0
-0.12657084635623306,0.9009088760241706,-1.179024470547907,0.27275704678040735,0.10257878806523006,0.9048055324001227,1.3328646151483206,1.4316811360790147,-0.2069321338206762,0.5763988794695595,0.5505611813513597,0.20670253734896618,-1.0161329645585022,0
0.0428782422044723,-1.1099901739376037,-1.179024470547907,0.30560519061000785,0.10257878806523006,0.9048055324001227,1.3328646151483206,-1.461440576166749,-0.005521280078902488,0.4617277333253637,0.03455021005991044,-1.8568688265983175,0.9841231756854657,0
-0.12657084635623306,-1.1099901739376037,-1.179024470547907,-0.7900541222524214,0.4405419421828948,-1.177851894974348,-0.06069014731302636,-1.461440576166749,0.001192415045823164,1.952452633199907,0.8085666669970842,-0.4877685947486774,0.9841231756854657,0
0.890123685007999,0.9009088760241706,1.5251962127575889,-0.7942391021153272,0.9474866733593919,-1.177851894974348,-0.5674373336626071,-1.461440576166749,-0.25392799969375696,0.6910700256137552,0.03455021005991044,0.9408577341379036,0.9841231756854657,0
0.21232733076517762,0.9009088760241706,-0.502969299721533,0.15516700882117404,0.10257878806523006,0.9048055324001227,1.3328646151483206,1.4316811360790147,2.02537149515065,0.6910700256137552,1.066572152642809,1.5361187045073124,-1.0161329645585022,1
0.21232733076517762,0.9009088760241706,-1.179024470547907,-0.7950445133342261,-0.06640278899360229,-1.177851894974348,0.06599664927436881,0.2744324511807092,0.001192415045823164,2.2964660716324943,0.03455021005991044,0.40512286080543575,0.9841231756854657,0
0.0428782422044723,-1.1099901739376037,-1.179024470547907,0.43813481706097296,-0.23538436605243465,0.9048055324001227,1.3328646151483206,0.853056793629862,-1.1804179269059165,0.3470565871811683,1.066572152642809,-0.07108591549009124,0.9841231756854657,0
0.5512255078865883,0.9009088760241706,-0.502969299721533,0.4602283522617475,0.9474866733593919,0.9048055324001227,1.3328646151483206,-0.8828162337175963,0.4745079213389917,0.3470565871811683,0.5505611813513597,0.14717644031202531,0.9841231756854657,0
0.5512255078865883,0.9009088760241706,1.5251962127575889,0.23327610467752216,0.4405419421828948,0.9048055324001227,1.3328646151483206,-0.3041918912684436,2.6128198185641573,0.5763988794695595,0.8085666669970842,-0.46792656240303043,-1.0161329645585022,1
0.38177641932588297,0.9009088760241706,1.5251962127575889,0.4613811957711518,0.4405419421828948,0.9048055324001227,1.3328646151483206,0.2744324511807092,-0.6936750303632967,0.23238544103697253,0.5505611813513597,0.2463866020402601,-1.0161329645585022,0
1.0595727735687044,-1.1099901739376037,-0.502969299721533,0.6602703897086463,1.1164682504182242,0.9048055324001227,1.3328646151483206,1.4316811360790147,0.8336906105118219,0.1177142948927768,1.066572152642809,-0.8449251769703227,-1.0161329645585022,0
0.7206745964472937,-1.1099901739376037,-0.502969299721533,0.6477628272504523,0.7785050963005594,0.9048055324001227,1.3328646151483206,0.853056793629862,0.001192415045823164,0.1177142948927768,-0.22345527558581418,-1.678290535487495,0.9841231756854657,0
-0.12657084635623306,-1.1099901739376037,-0.502969299721533,0.6509844721260477,-0.06640278899360229,0.9048055324001227,1.3328646151483206,1.4316811360790147,-1.0495008719737637,0.1177142948927768,-0.22345527558581418,1.0599099282117854,0.9841231756854657,0
0.38177641932588297,0.9009088760241706,-0.502969299721533,0.6777525508718039,0.10257878806523006,0.9048055324001227,1.3328646151483206,-0.3041918912684436,0.3939435798422821,0.1177142948927768,0.29255569570563505,0.40512286080543575,0.9841231756854657,0
0.5512255078865883,0.9009088760241706,-0.502969299721533,0.6846064424208648,0.2715603651240624,0.9048055324001227,1.3328646151483206,0.2744324511807092,-0.33784918875282943,0.1177142948927768,1.066572152642809,0.12733440796637835,-1.0161329645585022,0
0.890123685007999,-1.1099901739376037,1.5251962127575889,0.45694353787878744,0.9474866733593919,0.9048055324001227,1.3328646151483206,0.853056793629862,0.19253272610050842,0.3470565871811683,1.066572152642809,0.08765034327508442,-1.0161329645585022,1
0.890123685007999,0.9009088760241706,1.5251962127575889,0.7059261511564228,1.2854498274770565,0.9048055324001227,1.3328646151483206,0.853056793629862,1.9515208487786668,0.003043148748581378,0.03455021005991044,-1.3608180179571436,-1.0161329645585022,0
-0.12657084635623306,0.9009088760241706,1.5251962127575889,0.833860195946612,-0.5733475201700994,0.9048055324001227,1.3328646151483206,1.4316811360790147,-0.3680608168140954,0.003043148748581378,-0.22345527558581418,1.2186461869769611,0.9841231756854657,0
0.5512255078865883,-1.1099901739376037,0.8491410419312149,-0.7919807922270422,0.7785050963005594,0.21058638994196582,-1.327558113186978,-0.3041918912684436,-0.6936750303632967,-1.143668312693375,-0.22345527558581418,0.7424374106814341,0.9841231756854657,0
0.38177641932588297,0.9009088760241706,-0.502969299721533,-0.7964500348730887,0.2715603651240624,-1.177851894974348,-0.5674373336626071,-0.3041918912684436,-0.6936750303632967,0.6910700256137552,0.29255569570563505,-0.011559818453150373,0.9841231756854657,0
-0.12657084635623306,0.9009088760241706,0.8491410419312149,1.2550586786770326,-0.06640278899360229,0.9048055324001227,1.3328646151483206,-1.461440576166749,-0.8447331706696268,-0.34097028968400567,0.8085666669970842,0.286070666731554,0.9841231756854657,0
-0.12657084635623306,0.9009088760241706,-1.179024470547907,0.6996723699273257,-0.23538436605243465,0.9048055324001227,1.3328646151483206,0.2744324511807092,1.0015329886299666,0.003043148748581378,0.29255569570563505,-0.13061201252703214,-1.0161329645585022,1
0.890123685007999,-1.1099901739376037,1.5251962127575889,1.4092870309077434,0.7785050963005594,0.9048055324001227,1.3328646151483206,-1.461440576166749,0.001192415045823164,-0.34097028968400567,0.8085666669970842,-0.8250831446246757,0.9841231756854657,0
0.38177641932588297,0.9009088760241706,-0.502969299721533,2.0729300829035613,0.4405419421828948,0.9048055324001227,1.3328646151483206,-0.8828162337175963,-1.7510820125076092,-0.570312581972397,1.066572152642809,-0.7258729828964409,0.9841231756854657,0
0.38177641932588297,0.9009088760241706,-0.502969299721533,1.9339255819477232,0.2715603651240624,0.9048055324001227,1.3328646151483206,-1.461440576166749,1.159304824061023,-0.570312581972397,0.8085666669970842,0.46464895784237664,-1.0161329645585022,1
0.890123685007999,0.9009088760241706,-0.502969299721533,-0.6811498915558228,0.4405419421828948,0.9048055324001227,1.3289056527549643,-1.461440576166749,-0.8447331706696268,4.016533263795428,0.5505611813513597,1.258330251668255,-1.0161329645585022,1
-0.12657084635623306,0.9009088760241706,0.8491410419312149,-0.7857270109979452,0.10257878806523006,-1.177851894974348,0.22435514500861276,1.4316811360790147,0.001192415045823164,2.525808363920885,0.03455021005991044,-0.4877685947486774,0.9841231756854657,0
1.0595727735687044,-1.1099901739376037,0.8491410419312149,-0.018059572749445106,1.6234129815947211,0.9048055324001227,1.317028765574896,-0.8828162337175963,-1.0427871768490378,1.035083464046342,0.5505611813513597,-0.5869787564769122,0.9841231756854657,0
-0.12657084635623306,-1.1099901739376037,-0.502969299721533,-0.7952024371026376,0.4405419421828948,0.21058638994196582,-0.5674373336626071,1.4316811360790147,0.5114332445249834,0.6910700256137552,0.8085666669970842,1.6750129309268411,0.9841231756854657,0
0.0428782422044723,0.9009088760241706,0.8491410419312149,-0.7894540119324576,-0.23538436605243465,-1.177851894974348,-0.7257958293968509,-1.461440576166749,-0.5661148229935064,0.3470565871811683,1.066572152642809,-1.3211339532658497,0.9841231756854657,0
-0.12657084635623306,-1.1099901739376037,-1.179024470547907,-0.6368048973858621,0.4405419421828948,0.9048055324001227,1.2893160288214034,0.2744324511807092,0.16232109803924238,3.5578486792186466,0.5505611813513597,-0.30919030363785477,-1.0161329645585022,1
0.5512255078865883,-1.1099901739376037,-0.502969299721533,0.7564459646712747,0.10257878806523006,0.9048055324001227,1.2853570664280474,-1.461440576166749,-0.005521280078902488,0.003043148748581378,0.03455021005991044,0.22654456969461315,0.9841231756854657,0
-0.12657084635623306,0.9009088760241706,-0.502969299721533,-0.5317224218848229,-0.23538436605243465,0.9048055324001227,1.273480179247979,1.4316811360790147,0.5651428055227898,2.7551506562092767,0.29255569570563505,0.7027533459901402,-1.0161329645585022,1
1.0595727735687044,0.9009088760241706,1.5251962127575889,-0.7896435204545513,0.2715603651240624,-1.177851894974348,-1.2008713165995828,0.2744324511807092,-0.6063969937418614,-0.7996548742607882,0.29255569570563505,-0.051243883144444294,0.9841231756854657,0
0.21232733076517762,0.9009088760241706,-0.502969299721533,0.21726263456059192,0.2715603651240624,0.9048055324001227,1.2695212168546228,0.2744324511807092,0.830333762949459,0.5763988794695595,0.5505611813513597,0.16701847265767225,0.9841231756854657,0
0.21232733076517762,-1.1099901739376037,-0.502969299721533,0.42474288149967426,-0.404365943111267,0.9048055324001227,1.2695212168546228,-1.461440576166749,1.092167872813765,0.23238544103697253,0.03455021005991044,0.7622794430270811,-1.0161329645585022,0
0.21232733076517762,0.9009088760241706,-0.502969299721533,1.6538793634235378,0.10257878806523006,0.9048055324001227,1.2695212168546228,1.4316811360790147,-0.7742393718600064,-0.45564143582820127,0.5505611813513597,-0.5671367241312653,-1.0161329645585022,0
0.0428782422044723,0.9009088760241706,-1.179024470547907,2.636702143755921,0.2715603651240624,0.9048055324001227,1.2695212168546228,0.2744324511807092,0.7464125738903866,-0.7996548742607882,1.066572152642809,-0.8846092416616166,0.9841231756854657,0
0.0428782422044723,-1.1099901739376037,0.8491410419312149,-0.41165298076152834,0.2715603651240624,0.9048055324001227,1.2536853672811985,-0.8828162337175963,0.001192415045823164,2.1817949254882985,1.066572152642809,-0.6663468858595001,-1.0161329645585022,1
0.0428782422044723,0.9009088760241706,-1.179024470547907,-0.39756618061921895,-0.06640278899360229,0.9048055324001227,1.2536853672811985,0.2744324511807092,1.1223795008750308,2.0671237793441026,1.066572152642809,0.10749237562073138,-1.0161329645585022,1
-0.12657084635623306,0.9009088760241706,-1.179024470547907,-0.32526867944041554,-0.23538436605243465,0.9048055324001227,1.2536853672811985,1.4316811360790147,0.4745079213389917,1.8377814870557112,0.8085666669970842,-0.09092794783573821,-1.0161329645585022,1
1.2290218621294098,-1.1099901739376037,-1.179024470547907,-0.29959027469669897,1.4544314045358888,0.9048055324001227,1.2536853672811985,0.853056793629862,0.6154955189582334,1.7231103409115156,-0.22345527558581418,1.337698381050843,-1.0161329645585022,1
-0.12657084635623306,-1.1099901739376037,-0.502969299721533,-0.7783677633899674,-0.23538436605243465,-1.177851894974348,-0.17154109432699713,0.853056793629862,0.001192415045823164,1.6084391947673204,0.5505611813513597,-0.03140185079879733,0.9841231756854657,0
0.7206745964472937,0.9009088760241706,0.8491410419312149,-0.7771675427500396,1.1164682504182242,-1.177851894974348,-0.7574675285436998,0.2744324511807092,-0.707102420612748,0.23238544103697253,0.29255569570563505,-1.5989224061049072,-1.0161329645585022,1
0.890123685007999,0.9009088760241706,-0.502969299721533,-0.1496574489667821,0.6095235192417271,0.9048055324001227,1.2536853672811985,-1.461440576166749,0.860545391010725,1.2644257563347332,1.066572152642809,-0.20998014190961997,0.9841231756854657,0
0.890123685007999,-1.1099901739376037,-0.502969299721533,0.5048576092148489,1.2854498274770565,0.9048055324001227,1.2536853672811985,1.4316811360790147,1.4345663241747801,0.23238544103697253,0.03455021005991044,0.4249648931510827,0.9841231756854657,0
0.5512255078865883,0.9009088760241706,-1.179024470547907,0.9208603999645298,0.2715603651240624,0.9048055324001227,1.2536853672811985,-0.3041918912684436,1.2465828606824585,-0.11162799739561437,0.03455021005991044,-0.17029607721832604,-1.0161329645585022,0
0.21232733076517762,-1.1099901739376037,-1.179024470547907,1.0277274140486194,-0.5733475201700994,0.9048055324001227,1.2536853672811985,1.4316811360790147,0.6255660616453219,-0.2262991435398101,0.5505611813513597,-0.20998014190961997,-1.0161329645585022,0
0.5512255078865883,-1.1099901739376037,-0.502969299721533,10.806619832120687,0.7785050963005594,0.9048055324001227,1.2536853672811985,-1.461440576166749,0.15896425047687956,-1.3730106049817663,1.066572152642809,0.32575473142284794,-1.0161329645585022,0
0.21232733076517762,0.9009088760241706,-1.179024470547907,-0.5858113125657756,-0.06640278899360229,0.9048055324001227,1.2497264048878425,0.2744324511807092,-1.1233515183457474,3.0991640946418633,-0.22345527558581418,-0.17029607721832604,-1.0161329645585022,1
-0.12657084635623306,0.9009088760241706,-1.179024470547907,-0.3929074294510785,-0.23538436605243465,0.9048055324001227,1.2497264048878425,-1.461440576166749,0.3301634761573873,2.0671237793441026,0.5505611813513597,0.008282213892496587,-1.0161329645585022,1
0.7206745964472937,-1.1099901739376037,-1.179024470547907,-0.13268064386254144,0.2715603651240624,0.9048055324001227,1.2378495177077742,0.2744324511807092,1.357358830240434,1.1497546101905376,0.03455021005991044,-0.051243883144444294,-1.0161329645585022,1
0.0428782422044723,0.9009088760241706,-0.502969299721533,-0.7764726781690289,-0.23538436605243465,-1.177851894974348,-0.5674373336626071,0.853056793629862,-1.6839450612603513,0.6910700256137552,0.29255569570563505,-0.686188918205147,-1.0161329645585022,0
0.890123685007999,0.9009088760241706,-0.502969299721533,-0.7794890221456893,0.7785050963005594,-1.177851894974348,-0.47242223622206064,0.853056793629862,0.665848232393677,0.9204123179021463,0.03455021005991044,0.5241750548793175,0.9841231756854657,0
1.2290218621294098,-1.1099901739376037,1.5251962127575889,-0.21974401738782393,1.4544314045358888,0.9048055324001227,1.2140957433476376,-1.461440576166749,2.8243012149930204,1.379096902478929,1.066572152642809,1.0003838311748445,-1.0161329645585022,1
0.21232733076517762,0.9009088760241706,-0.502969299721533,0.18040322701333827,0.2715603651240624,0.9048055324001227,1.2061778185609253,0.853056793629862,1.0955247203761276,0.5763988794695595,0.5505611813513597,-0.03140185079879733,0.9841231756854657,0
-0.12657084635623306,0.9009088760241706,-0.502969299721533,0.23174424412393022,-0.5733475201700994,0.9048055324001227,1.2061778185609253,-1.461440576166749,2.17642963545698,0.4617277333253637,0.29255569570563505,1.0599099282117854,-1.0161329645585022,1
0.890123685007999,-1.1099901739376037,0.8491410419312149,-0.6053622750951244,0.4405419421828948,0.9048055324001227,1.1745061194140765,-0.8828162337175963,0.15896425047687956,3.0991640946418633,0.8085666669970842,-0.2893482712922078,-1.0161329645585022,1
0.5512255078865883,0.9009088760241706,-0.502969299721533,-0.7689870915463218,1.1164682504182242,-1.177851894974348,-0.5674373336626071,0.853056793629862,-0.5896127559300467,0.5763988794695595,0.8085666669970842,0.3654387961141419,0.9841231756854657,0
1.2290218621294098,0.9009088760241706,0.8491410419312149,-0.5473410825807242,1.4544314045358888,0.9048055324001227,1.1745061194140765,0.2744324511807092,0.8336906105118219,2.7551506562092767,1.066572152642809,1.4765926074703717,-1.0161329645585022,1
0.0428782422044723,0.9009088760241706,-0.502969299721533,-0.3867799872367107,-0.5733475201700994,0.9048055324001227,1.1745061194140765,-1.461440576166749,1.2465828606824585,1.952452633199907,1.066572152642809,-0.6068207888225592,-1.0161329645585022,1
1.2290218621294098,0.9009088760241706,-0.502969299721533,-0.33630755085238223,1.4544314045358888,0.9048055324001227,1.1745061194140765,0.2744324511807092,-1.0495008719737637,1.7231103409115156,0.03455021005991044,-1.142555662155027,-1.0161329645585022,1
-0.12657084635623306,-1.1099901739376037,-1.179024470547907,-0.20298830555935943,-0.404365943111267,0.9048055324001227,1.1745061194140765,-0.8828162337175963,-1.0495008719737637,1.2644257563347332,-0.22345527558581418,-1.0036614357354983,-1.0161329645585022,1
0.38177641932588297,0.9009088760241706,-0.502969299721533,-0.2068890226391245,-0.06640278899360229,0.9048055324001227,1.1745061194140765,-0.8828162337175963,0.001192415045823164,1.2644257563347332,0.8085666669970842,0.782121475372728,-1.0161329645585022,1
-0.12657084635623306,-1.1099901739376037,0.17308587110484092,-0.10471234447685757,-0.404365943111267,0.9048055324001227,1.1745061194140765,0.2744324511807092,0.001192415045823164,1.035083464046342,1.066572152642809,1.9329593514202517,0.9841231756854657,0
0.21232733076517762,0.9009088760241706,-0.502969299721533,-0.10515453102840988,0.10257878806523006,0.9048055324001227,1.1745061194140765,-0.3041918912684436,1.327147202179168,1.035083464046342,0.5505611813513597,-0.13061201252703214,0.9841231756854657,0
0.7206745964472937,-1.1099901739376037,-0.502969299721533,-0.0911151080166239,0.2715603651240624,0.9048055324001227,1.1745061194140765,-1.461440576166749,0.16232109803924238,1.035083464046342,-0.22345527558581418,1.3773824457421369,0.9841231756854657,0
1.0595727735687044,-1.1099901739376037,-1.179024470547907,-0.01169524488246001,1.1164682504182242,0.9048055324001227,1.1745061194140765,0.2744324511807092,-0.8447331706696268,0.8057411717579506,0.5505611813513597,0.6630692812988462,-1.0161329645585022,0
0.21232733076517762,-1.1099901739376037,-1.179024470547907,-0.7737405969755092,0.4405419421828948,-1.177851894974348,-0.17154109432699713,-0.8828162337175963,-1.0427871768490378,1.4937680486231246,-0.22345527558581418,-0.24966420660091387,0.9841231756854657,0
0.0428782422044723,-1.1099901739376037,-1.179024470547907,-0.7674236462390476,0.7785050963005594,-1.177851894974348,0.16497070910827127,-0.3041918912684436,1.0955247203761276,2.2964660716324943,0.03455021005991044,0.18686050500331922,0.9841231756854657,0
0.0428782422044723,0.9009088760241706,-0.502969299721533,0.26882474494696,0.2715603651240624,0.9048055324001227,1.1745061194140765,0.2744324511807092,-1.7510820125076092,0.4617277333253637,0.03455021005991044,0.6630692812988462,0.9841231756854657,0
0.0428782422044723,0.9009088760241706,-0.502969299721533,0.27027764361634615,-0.23538436605243465,0.9048055324001227,1.1745061194140765,-0.3041918912684436,0.954537122756886,0.4617277333253637,0.5505611813513597,0.7622794430270811,0.9841231756854657,0
1.2290218621294098,0.9009088760241706,-1.179024470547907,0.3640211925454368,1.1164682504182242,0.9048055324001227,1.1745061194140765,0.853056793629862,-1.0495008719737637,0.3470565871811683,0.03455021005991044,1.0995939929030794,-1.0161329645585022,0
0.5512255078865883,-1.1099901739376037,0.8491410419312149,-0.7748934404849135,0.10257878806523006,-1.177851894974348,-1.042512820865339,-1.461440576166749,-0.707102420612748,-0.45564143582820127,0.5505611813513597,0.20670253734896618,-1.0161329645585022,0
0.5512255078865883,0.9009088760241706,-1.179024470547907,0.49375556829551764,0.6095235192417271,0.9048055324001227,1.1745061194140765,0.853056793629862,1.1861596045599256,0.1177142948927768,1.066572152642809,0.5440170872249644,0.9841231756854657,0
0.890123685007999,-1.1099901739376037,-0.502969299721533,-0.7717823422472061,0.7785050963005594,-1.177851894974348,-0.5674373336626071,-1.461440576166749,-1.4724636648314886,0.5763988794695595,0.5505611813513597,-1.2219237915376149,-1.0161329645585022,0
0.7206745964472937,-1.1099901739376037,-1.179024470547907,0.9330836996395832,1.2854498274770565,0.9048055324001227,1.1745061194140765,-0.3041918912684436,0.03811773823181484,-0.2262991435398101,0.03455021005991044,0.22654456969461315,0.9841231756854657,0
0.7206745964472937,0.9009088760241706,0.8491410419312149,-0.7712769861882892,0.2715603651240624,0.21058638994196582,-0.06464910970638246,0.2744324511807092,-0.005521280078902488,1.8377814870557112,1.066572152642809,-0.7258729828964409,0.9841231756854657,0
0.5512255078865883,0.9009088760241706,1.5251962127575889,-0.7680395489358526,-0.06640278899360229,0.21058638994196582,-0.963333572998217,0.2744324511807092,0.8336906105118219,-0.34097028968400567,0.8085666669970842,1.238488219322608,-1.0161329645585022,0
0.21232733076517762,-1.1099901739376037,-1.179024470547907,-0.7717823422472061,0.2715603651240624,-1.177851894974348,-0.33385855245459717,-1.461440576166749,-0.8447331706696268,1.1497546101905376,0.03455021005991044,-1.5989224061049072,-1.0161329645585022,0
0.38177641932588297,-1.1099901739376037,0.8491410419312149,-0.7737090122218269,0.6095235192417271,-1.177851894974348,-0.4090788379283631,-1.461440576166749,-0.005521280078902488,1.035083464046342,1.066572152642809,0.12733440796637835,-1.0161329645585022,0
1.0595727735687044,0.9009088760241706,1.5251962127575889,0.23120730331133096,0.6095235192417271,0.9048055324001227,1.1428344202672278,-1.461440576166749,-1.2207000976542715,0.4617277333253637,-0.22345527558581418,1.1988041546313142,-1.0161329645585022,0
-0.12657084635623306,0.9009088760241706,0.8491410419312149,-0.7760304916174766,-0.7423290972289317,0.21058638994196582,-0.7257958293968509,-0.8828162337175963,-0.005521280078902488,0.23238544103697253,0.29255569570563505,-0.46792656240303043,0.9841231756854657,0
0.21232733076517762,-1.1099901739376037,-1.179024470547907,0.47831062374486893,0.7785050963005594,0.9048055324001227,1.1428344202672278,0.2744324511807092,0.001192415045823164,0.1177142948927768,-0.22345527558581418,1.5361187045073124,-1.0161329645585022,0
0.38177641932588297,-1.1099901739376037,-1.179024470547907,0.32624582714139627,0.4405419421828948,0.9048055324001227,1.1388754578738716,0.853056793629862,0.3234497810326616,0.3470565871811683,-0.22345527558581418,-0.686188918205147,0.9841231756854657,0
0.0428782422044723,0.9009088760241706,-1.179024470547907,-0.7929915043448761,0.4405419421828948,0.9048055324001227,1.1349164954805155,0.2744324511807092,1.327147202179168,4.819231286804798,1.066572152642809,0.8813316371009629,-1.0161329645585022,1
0.890123685007999,0.9009088760241706,-0.502969299721533,-0.6259397421191482,0.9474866733593919,0.9048055324001227,1.1349164954805155,0.853056793629862,0.5114332445249834,3.213835240786059,-0.22345527558581418,-0.4877685947486774,-1.0161329645585022,1
1.0595727735687044,-1.1099901739376037,-0.502969299721533,-0.4949735609754573,0.7785050963005594,0.9048055324001227,1.1349164954805155,-0.8828162337175963,0.9981761410676039,2.2964660716324943,0.8085666669970842,0.5440170872249644,-1.0161329645585022,1
1.2290218621294098,0.9009088760241706,-0.502969299721533,-0.48990420800944684,0.7785050963005594,0.9048055324001227,1.1349164954805155,0.2744324511807092,1.0351014642535956,2.2964660716324943,0.03455021005991044,0.782121475372728,-1.0161329645585022,1
0.5512255078865883,0.9009088760241706,-0.502969299721533,-0.7675184005000945,0.4405419421828948,0.21058638994196582,-0.804975077263973,1.4316811360790147,0.001192415045823164,0.003043148748581378,0.5505611813513597,0.4844909901880236,0.9841231756854657,0
1.0595727735687044,0.9009088760241706,-0.502969299721533,-0.7699662189104733,0.9474866733593919,-1.177851894974348,-1.359229812333827,-1.461440576166749,-0.46205254856025635,-1.2583394588375707,0.03455021005991044,-0.15045404487267908,0.9841231756854657,0
0.0428782422044723,0.9009088760241706,0.8491410419312149,0.3100902256328956,-0.23538436605243465,0.9048055324001227,1.1349164954805155,1.4316811360790147,3.018998373610068,0.3470565871811683,1.066572152642809,0.9011736694466097,-1.0161329645585022,1
0.38177641932588297,0.9009088760241706,1.5251962127575889,0.5788606870924969,0.2715603651240624,0.9048055324001227,1.1349164954805155,1.4316811360790147,-0.12972463988633004,0.003043148748581378,-0.22345527558581418,-0.9639773710442044,0.9841231756854657,0
0.21232733076517762,-1.1099901739376037,-0.502969299721533,-0.7748144786007077,0.4405419421828948,0.21058638994196582,-1.121692068732461,-0.3041918912684436,-0.4654093961226198,-0.6849837281165926,-0.22345527558581418,1.6551708985811941,-1.0161329645585022,0
-0.12657084635623306,-1.1099901739376037,0.8491410419312149,-0.7734247494386861,0.10257878806523006,-1.177851894974348,-0.765385453330412,0.853056793629862,1.2835081838684501,0.1177142948927768,0.8085666669970842,-1.3211339532658497,-1.0161329645585022,0
-0.12657084635623306,0.9009088760241706,-0.502969299721533,-0.7705979139841196,-0.06640278899360229,0.21058638994196582,-0.8841543251310949,0.853056793629862,0.001192415045823164,-0.11162799739561437,0.8085666669970842,0.821805540064022,0.9841231756854657,0
1.2290218621294098,-1.1099901739376037,-0.502969299721533,-0.147083291541674,0.7785050963005594,0.9048055324001227,1.0953268715469546,-1.461440576166749,0.001192415045823164,1.035083464046342,0.03455021005991044,0.4249648931510827,-1.0161329645585022,0
0.0428782422044723,0.9009088760241706,-0.502969299721533,-0.7716560032324769,0.2715603651240624,-1.177851894974348,-0.5674373336626071,-0.3041918912684436,1.2465828606824585,0.5763988794695595,1.066572152642809,1.6353288662355472,-1.0161329645585022,0
0.7206745964472937,-1.1099901739376037,0.8491410419312149,-0.7706768758683253,0.7785050963005594,0.21058638994196582,-0.7257958293968509,1.4316811360790147,1.7836784706605218,0.23238544103697253,0.8085666669970842,0.18686050500331922,0.9841231756854657,0
-0.12657084635623306,0.9009088760241706,-0.502969299721533,0.04433610814995469,-0.5733475201700994,0.9048055324001227,1.0953268715469546,-1.461440576166749,-1.0495008719737637,0.6910700256137552,0.29255569570563505,-0.6465048535138531,0.9841231756854657,0
0.890123685007999,0.9009088760241706,-0.502969299721533,0.09878822349825397,0.9474866733593919,0.9048055324001227,1.0953268715469546,-0.8828162337175963,1.2465828606824585,0.5763988794695595,0.03455021005991044,0.305912699077201,-1.0161329645585022,0
0.5512255078865883,0.9009088760241706,0.17308587110484092,-0.5058545086190125,0.7785050963005594,0.9048055324001227,1.0874089467602424,-0.3041918912684436,1.6829730437896346,2.2964660716324943,1.066572152642809,0.3455967637684949,-1.0161329645585022,1
-0.12657084635623306,0.9009088760241706,-1.179024470547907,-0.3998876600148686,-0.5733475201700994,0.9048055324001227,1.0834499843668863,0.2744324511807092,1.0955247203761276,1.8377814870557112,-0.22345527558581418,1.298014316359549,-1.0161329645585022,1
1.0595727735687044,-1.1099901739376037,-1.179024470547907,-0.4126005233719976,0.7785050963005594,0.9048055324001227,1.07949102197353,-1.461440576166749,0.007906110170548816,1.8377814870557112,1.066572152642809,-0.13061201252703214,-1.0161329645585022,1
0.38177641932588297,0.9009088760241706,-1.179024470547907,-0.44825971027932354,0.2715603651240624,0.9048055324001227,1.0478193228266814,0.2744324511807092,-0.25392799969375696,1.952452633199907,0.03455021005991044,-0.6465048535138531,-1.0161329645585022,1
0.0428782422044723,-1.1099901739376037,-0.502969299721533,-0.3023065635133775,-0.06640278899360229,0.9048055324001227,1.0478193228266814,0.2744324511807092,1.0015329886299666,1.4937680486231246,-0.22345527558581418,0.22654456969461315,-1.0161329645585022,1
0.38177641932588297,0.9009088760241706,-1.179024470547907,-0.22416588290334707,-0.404365943111267,0.9048055324001227,1.0478193228266814,-1.461440576166749,1.5319149034833046,1.2644257563347332,1.066572152642809,-2.075131182400434,-1.0161329645585022,1
0.38177641932588297,0.9009088760241706,0.8491410419312149,-0.7735668808302565,0.9474866733593919,-1.177851894974348,-0.5040939353689095,0.853056793629862,-1.173704231781191,0.8057411717579506,0.5505611813513597,-0.09092794783573821,0.9841231756854657,0
0.0428782422044723,-1.1099901739376037,1.5251962127575889,0.07909512957733482,-0.23538436605243465,0.9048055324001227,1.031983473253257,-0.3041918912684436,0.27645391515958084,0.5763988794695595,0.8085666669970842,-0.15045404487267908,0.9841231756854657,0
0.890123685007999,0.9009088760241706,-0.502969299721533,-0.7747828938470254,1.1164682504182242,-1.177851894974348,-1.2642147148932805,-0.8828162337175963,0.11868207972852446,-1.0289971665491795,0.29255569570563505,0.40512286080543575,0.9841231756854657,0
0.7206745964472937,-1.1099901739376037,-1.179024470547907,-0.776693771444805,0.7785050963005594,-0.4836327525161911,0.25602684415546156,-1.461440576166749,-1.0495008719737637,2.525808363920885,-0.22345527558581418,0.26622863438590705,-1.0161329645585022,1
-0.12657084635623306,-1.1099901739376037,0.8491410419312149,-0.678402017985462,0.2715603651240624,0.9048055324001227,1.0161476236798326,0.2744324511807092,-1.0427871768490378,3.328506386930255,0.5505611813513597,-0.686188918205147,-1.0161329645585022,1
-0.12657084635623306,-1.1099901739376037,-0.502969299721533,-0.6727325546994877,0.6095235192417271,0.9048055324001227,1.0161476236798326,0.2744324511807092,-0.33784918875282943,3.328506386930255,-0.22345527558581418,0.22654456969461315,-1.0161329645585022,1
-0.12657084635623306,-1.1099901739376037,0.8491410419312149,-0.5628176118850553,0.2715603651240624,0.9048055324001227,1.0161476236798326,-0.8828162337175963,1.575553921794022,2.525808363920885,0.8085666669970842,-0.20998014190961997,-1.0161329645585022,1
-0.12657084635623306,0.9009088760241706,0.8491410419312149,-0.6812288534400286,-0.06640278899360229,0.9048055324001227,1.0161476236798326,-1.461440576166749,-0.005521280078902488,3.4431775330744507,0.03455021005991044,0.6035431842619053,-1.0161329645585022,1
-0.12657084635623306,0.9009088760241706,0.17308587110484092,-0.48933568244316533,-0.5733475201700994,0.9048055324001227,1.0161476236798326,0.2744324511807092,-0.3680608168140954,2.1817949254882985,0.8085666669970842,1.0995939929030794,-1.0161329645585022,1
0.21232733076517762,0.9009088760241706,1.5251962127575889,-0.48848289409374296,-0.404365943111267,0.9048055324001227,1.0161476236798326,-1.461440576166749,0.23617174441122635,2.1817949254882985,0.03455021005991044,0.32575473142284794,-1.0161329645585022,1
0.38177641932588297,0.9009088760241706,-0.502969299721533,-0.4880564999190318,0.2715603651240624,0.9048055324001227,1.0161476236798326,-1.461440576166749,0.15896425047687956,2.1817949254882985,0.5505611813513597,-0.5472946917856183,-1.0161329645585022,1
0.5512255078865883,0.9009088760241706,-1.179024470547907,-0.766949874933813,0.7785050963005594,0.21058638994196582,-1.1375279183058853,-1.461440576166749,1.1458774338115711,-0.6849837281165926,0.5505611813513597,-1.9560789883265524,0.9841231756854657,0
0.890123685007999,-1.1099901739376037,-0.502969299721533,-0.7744038768028377,1.4544314045358888,-1.177851894974348,-1.042512820865339,-1.461440576166749,0.5114332445249834,-0.45564143582820127,1.066572152642809,-0.5472946917856183,0.9841231756854657,0
1.0595727735687044,-1.1099901739376037,-0.502969299721533,-0.5476727224943885,1.1164682504182242,0.9048055324001227,1.0161476236798326,0.2744324511807092,0.665848232393677,2.411137217776689,0.8085666669970842,0.14717644031202531,-1.0161329645585022,1
0.21232733076517762,-1.1099901739376037,-1.179024470547907,-0.41155822650048146,-0.06640278899360229,0.9048055324001227,1.0161476236798326,-1.461440576166749,0.001192415045823164,1.8377814870557112,0.8085666669970842,-0.9639773710442044,-1.0161329645585022,1
1.2290218621294098,-1.1099901739376037,0.8491410419312149,-0.3902701025186057,0.9474866733593919,0.9048055324001227,1.0161476236798326,1.4316811360790147,-0.33784918875282943,1.7231103409115156,1.066572152642809,0.4448069254967297,-1.0161329645585022,1
0.38177641932588297,-1.1099901739376037,-0.502969299721533,-0.77032944357782,0.6095235192417271,-1.177851894974348,-1.2008713165995828,-0.3041918912684436,0.4745079213389917,-0.9143260204049839,0.29255569570563505,-1.5195542767223194,0.9841231756854657,0
-0.12657084635623306,0.9009088760241706,1.5251962127575889,-0.5060756018947886,0.10257878806523006,0.9048055324001227,1.0161476236798326,-1.461440576166749,0.5785701957722418,2.1817949254882985,0.5505611813513597,0.8813316371009629,-1.0161329645585022,1
0.21232733076517762,-1.1099901739376037,1.5251962127575889,-0.35528998781544946,0.4405419421828948,0.9048055324001227,1.0161476236798326,0.2744324511807092,0.23617174441122635,1.6084391947673204,0.5505611813513597,-0.8846092416616166,-1.0161329645585022,1
0.0428782422044723,0.9009088760241706,1.5251962127575889,-0.32951682881068595,0.10257878806523006,0.9048055324001227,1.0161476236798326,-1.461440576166749,0.954537122756886,1.4937680486231246,0.29255569570563505,-0.24966420660091387,-1.0161329645585022,1
-0.12657084635623306,0.9009088760241706,-1.179024470547907,-0.3406820392373819,0.4405419421828948,0.9048055324001227,1.0161476236798326,1.4316811360790147,1.0787404825643134,1.4937680486231246,-0.22345527558581418,-0.8052411122790287,-1.0161329645585022,1
1.2290218621294098,-1.1099901739376037,1.5251962127575889,-0.29627387556005663,1.9613761357123858,0.9048055324001227,1.0161476236798326,0.2744324511807092,-0.3680608168140954,1.379096902478929,-0.22345527558581418,0.26622863438590705,-1.0161329645585022,1
-0.12657084635623306,0.9009088760241706,-1.179024470547907,-0.7640598699718818,-0.5733475201700994,-1.177851894974348,-0.804975077263973,1.4316811360790147,-1.8752853723150364,0.003043148748581378,0.03455021005991044,-1.182239726846321,0.9841231756854657,0
1.2290218621294098,-1.1099901739376037,-1.179024470547907,-0.4105790991363299,1.4544314045358888,0.9048055324001227,1.0161476236798326,0.853056793629862,1.0015329886299666,1.8377814870557112,0.5505611813513597,1.5162766721616654,-1.0161329645585022,1
0.38177641932588297,-1.1099901739376037,1.5251962127575889,-0.2978689056210132,1.1164682504182242,0.9048055324001227,1.0161476236798326,-0.3041918912684436,1.934736610966852,1.379096902478929,-0.22345527558581418,1.298014316359549,-1.0161329645585022,1
-0.12657084635623306,0.9009088760241706,-0.502969299721533,-0.3005062325534859,0.10257878806523006,0.9048055324001227,1.0161476236798326,0.2744324511807092,0.001192415045823164,1.379096902478929,-0.22345527558581418,0.5440170872249644,-1.0161329645585022,1
0.7206745964472937,0.9009088760241706,0.8491410419312149,-0.7731089019018631,0.7785050963005594,0.21058638994196582,-0.8841543251310949,0.2744324511807092,-1.4993184453303918,-0.11162799739561437,0.03455021005991044,-1.12271362980938,0.9841231756854657,0
0.0428782422044723,0.9009088760241706,-1.179024470547907,-0.40494122060403787,0.2715603651240624,0.9048055324001227,1.0161476236798326,0.853056793629862,0.830333762949459,1.7231103409115156,0.03455021005991044,-0.9242933063529105,-1.0161329645585022,1
1.0595727735687044,-1.1099901739376037,0.8491410419312149,-0.41438506195504804,0.7785050963005594,0.9048055324001227,1.0161476236798326,-0.8828162337175963,0.7497694214527494,1.8377814870557112,0.03455021005991044,0.5837011519162584,-1.0161329645585022,1
0.38177641932588297,-1.1099901739376037,0.8491410419312149,-0.27015328426478774,0.9474866733593919,0.9048055324001227,1.0161476236798326,-1.461440576166749,0.8336906105118219,1.2644257563347332,0.5505611813513597,1.298014316359549,-1.0161329645585022,1
0.7206745964472937,0.9009088760241706,0.17308587110484092,-0.2614516846253119,0.6095235192417271,0.9048055324001227,1.0161476236798326,1.4316811360790147,1.0653130923148617,1.2644257563347332,0.5505611813513597,-0.40840046536608954,-1.0161329645585022,1
-0.12657084635623306,-1.1099901739376037,-1.179024470547907,-0.3257898278761736,-0.23538436605243465,0.9048055324001227,1.0161476236798326,0.2744324511807092,1.253296555807184,1.4937680486231246,0.29255569570563505,0.8614896047553159,-1.0161329645585022,1
-0.12657084635623306,0.9009088760241706,-1.179024470547907,-0.20447278898242793,-0.06640278899360229,0.9048055324001227,1.0161476236798326,1.4316811360790147,0.03811773823181484,1.1497546101905376,0.8085666669970842,0.3654387961141419,0.9841231756854657,0
0.0428782422044723,0.9009088760241706,-0.502969299721533,-0.19943502077009978,0.6095235192417271,0.9048055324001227,1.0161476236798326,0.853056793629862,0.9981761410676039,1.1497546101905376,0.8085666669970842,0.6233852166075523,-1.0161329645585022,0
0.0428782422044723,0.9009088760241706,1.5251962127575889,-0.28153958796725986,-0.404365943111267,0.9048055324001227,1.0161476236798326,-0.8828162337175963,1.7836784706605218,1.379096902478929,0.8085666669970842,-1.9163949236352584,-1.0161329645585022,1
0.38177641932588297,-1.1099901739376037,0.8491410419312149,-0.22541348067379824,-0.06640278899360229,0.9048055324001227,1.0161476236798326,-0.8828162337175963,2.344272013575125,1.1497546101905376,1.066572152642809,0.26622863438590705,-1.0161329645585022,1
1.2290218621294098,0.9009088760241706,0.8491410419312149,-0.7660970865843907,1.1164682504182242,-1.177851894974348,-0.7257958293968509,-1.461440576166749,0.001192415045823164,0.23238544103697253,1.066572152642809,0.5043330225336705,-1.0161329645585022,1
-0.12657084635623306,-1.1099901739376037,0.8491410419312149,-0.06933742035267242,-0.23538436605243465,0.9048055324001227,1.0161476236798326,-1.461440576166749,-1.0495008719737637,0.8057411717579506,1.066572152642809,-1.3409759856114967,0.9841231756854657,0
-0.12657084635623306,0.9009088760241706,-1.179024470547907,-0.7649916202055098,-0.23538436605243465,-1.177851894974348,-1.327558113186978,-0.8828162337175963,0.001192415045823164,-1.143668312693375,1.066572152642809,0.32575473142284794,0.9841231756854657,0
0.890123685007999,0.9009088760241706,1.5251962127575889,-0.057193082561824926,1.1164682504182242,0.9048055324001227,1.0161476236798326,0.853056793629862,0.7061304031420315,0.8057411717579506,-0.22345527558581418,0.4249648931510827,0.9841231756854657,0
0.0428782422044723,0.9009088760241706,-1.179024470547907,-0.04059529450177198,-0.06640278899360229,0.9048055324001227,1.0161476236798326,0.2744324511807092,0.8269769153870962,0.8057411717579506,-0.22345527558581418,0.5638591195706114,0.9841231756854657,0
0.21232733076517762,0.9009088760241706,-0.502969299721533,-0.016748805471629317,0.4405419421828948,0.9048055324001227,1.0161476236798326,0.853056793629862,2.102578989084997,0.6910700256137552,0.03455021005991044,-1.6981325678331418,0.9841231756854657,0
0.38177641932588297,-1.1099901739376037,-0.502969299721533,-0.015311699179084296,-0.06640278899360229,0.9048055324001227,1.0161476236798326,0.2744324511807092,0.6893461653302174,0.6910700256137552,0.5505611813513597,-1.3012919209202027,0.9841231756854657,0
-0.12657084635623306,-1.1099901739376037,-0.502969299721533,-0.7562742281891928,0.4405419421828948,0.21058638994196582,-0.7257958293968509,-1.461440576166749,1.0418151593783211,0.23238544103697253,-0.22345527558581418,0.10749237562073138,0.9841231756854657,0
0.38177641932588297,-1.1099901739376037,0.17308587110484092,-0.7557688721302759,0.10257878806523006,-1.177851894974348,-0.5674373336626071,-1.461440576166749,-1.6839450612603513,0.5763988794695595,0.03455021005991044,0.14717644031202531,0.9841231756854657,0
0.7206745964472937,0.9009088760241706,0.8491410419312149,-0.7549950456650594,0.10257878806523006,-1.177851894974348,-1.1375279183058853,1.4316811360790147,1.327147202179168,-0.7996548742607882,0.03455021005991044,-1.3211339532658497,-1.0161329645585022,0
0.0428782422044723,0.9009088760241706,-0.502969299721533,-0.1093079261376334,0.6095235192417271,0.9048055324001227,1.0161476236798326,0.2744324511807092,1.6997572816014495,0.9204123179021463,0.5505611813513597,-1.12271362980938,-1.0161329645585022,1
0.0428782422044723,-1.1099901739376037,0.8491410419312149,0.015736113690624637,-0.06640278899360229,0.9048055324001227,1.0161476236798326,1.4316811360790147,0.3939435798422821,0.6910700256137552,0.03455021005991044,0.18686050500331922,0.9841231756854657,0
1.2290218621294098,-1.1099901739376037,-1.179024470547907,0.03462379639264492,1.1164682504182242,0.9048055324001227,1.0161476236798326,0.853056793629862,0.19253272610050842,0.5763988794695595,-0.22345527558581418,0.5638591195706114,-1.0161329645585022,0
0.38177641932588297,0.9009088760241706,-1.179024470547907,0.038982492400803447,0.2715603651240624,0.9048055324001227,1.0161476236798326,-0.8828162337175963,1.0351014642535956,0.5763988794695595,-0.22345527558581418,-0.5671367241312653,0.9841231756854657,0
0.5512255078865883,-1.1099901739376037,-0.502969299721533,0.06418712583928536,0.10257878806523006,0.9048055324001227,1.0161476236798326,-0.3041918912684436,-1.6839450612603513,0.5763988794695595,0.03455021005991044,-0.9044512740072636,0.9841231756854657,0
0.5512255078865883,-1.1099901739376037,-0.502969299721533,-0.7563689824502398,0.6095235192417271,-1.177851894974348,-1.1375279183058853,-0.3041918912684436,1.0955247203761276,-0.7996548742607882,0.8085666669970842,1.6154868338899002,-1.0161329645585022,0
0.38177641932588297,0.9009088760241706,-0.502969299721533,-0.034167797127422274,0.6095235192417271,0.9048055324001227,1.0161476236798326,-1.461440576166749,1.575553921794022,0.8057411717579506,-0.22345527558581418,-1.678290535487495,-1.0161329645585022,1
0.21232733076517762,0.9009088760241706,1.5251962127575889,0.07990054079623368,-0.06640278899360229,0.9048055324001227,1.0161476236798326,0.853056793629862,1.1458774338115711,0.5763988794695595,0.03455021005991044,1.6154868338899002,-1.0161329645585022,0
0.38177641932588297,-1.1099901739376037,0.8491410419312149,0.17411786103055896,1.1164682504182242,0.9048055324001227,1.0161476236798326,-0.8828162337175963,-0.707102420612748,0.4617277333253637,1.066572152642809,0.08765034327508442,0.9841231756854657,0
0.0428782422044723,0.9009088760241706,-1.179024470547907,-0.8442693519481034,-0.23538436605243465,0.9048055324001227,-1.359229812333827,0.853056793629862,-1.1804179269059165,-1.143668312693375,0.8085666669970842,-0.011559818453150373,-1.0161329645585022,0
-0.12657084635623306,-1.1099901739376037,1.5251962127575889,-0.8229812279662276,-0.404365943111267,0.9048055324001227,-1.359229812333827,0.853056793629862,1.286865031430813,-1.143668312693375,-0.22345527558581418,-0.09092794783573821,0.9841231756854657,0
0.38177641932588297,-1.1099901739376037,0.8491410419312149,-0.8122108269605606,0.2715603651240624,0.9048055324001227,-1.359229812333827,0.853056793629862,0.16232109803924238,-1.143668312693375,-0.22345527558581418,0.801963507718375,-1.0161329645585022,0
0.38177641932588297,0.9009088760241706,-1.179024470547907,-0.7958341321762837,0.7785050963005594,0.9048055324001227,-1.359229812333827,0.2744324511807092,1.6628319584154578,-1.2583394588375707,0.29255569570563505,0.4844909901880236,0.9841231756854657,0
0.890123685007999,0.9009088760241706,0.8491410419312149,-0.7892487110335226,0.7785050963005594,0.9048055324001227,-1.359229812333827,0.2744324511807092,1.3103629643673533,-1.2583394588375707,-0.22345527558581418,-0.3488743683291487,-1.0161329645585022,1
0.21232733076517762,-1.1099901739376037,0.8491410419312149,-0.7970027680625292,0.6095235192417271,0.9048055324001227,-1.359229812333827,0.2744324511807092,-0.34120603631519225,-1.2583394588375707,0.29255569570563505,-0.36871640067479566,0.9841231756854657,0
0.0428782422044723,0.9009088760241706,-1.179024470547907,-0.7518997398041931,0.10257878806523006,-1.177851894974348,0.38271364074285674,-1.461440576166749,0.11868207972852446,2.640479510065081,0.29255569570563505,-1.9362369559809054,-1.0161329645585022,1
0.7206745964472937,0.9009088760241706,-0.502969299721533,-0.7553424779555648,0.2715603651240624,0.21058638994196582,0.6598410082777837,1.4316811360790147,0.7061304031420315,3.328506386930255,1.066572152642809,0.5837011519162584,0.9841231756854657,0
0.38177641932588297,0.9009088760241706,1.5251962127575889,-0.747777929448652,-0.23538436605243465,0.21058638994196582,-1.327558113186978,0.853056793629862,-0.005521280078902488,-1.143668312693375,0.03455021005991044,1.0400678958661385,0.9841231756854657,0
0.21232733076517762,-1.1099901739376037,-1.179024470547907,-0.7668551206727661,0.10257878806523006,0.9048055324001227,-1.359229812333827,0.2744324511807092,-0.25392799969375696,-1.2583394588375707,-0.22345527558581418,-2.710076217461137,0.9841231756854657,0
-0.12657084635623306,-1.1099901739376037,-0.502969299721533,-0.7541106725619547,-0.23538436605243465,-1.177851894974348,-0.7257958293968509,0.2744324511807092,-0.6936750303632967,0.23238544103697253,0.8085666669970842,1.1789621222856672,0.9841231756854657,0
0.890123685007999,0.9009088760241706,-1.179024470547907,-0.7457722975898253,1.1164682504182242,0.9048055324001227,-1.359229812333827,0.2744324511807092,-0.005521280078902488,-1.2583394588375707,0.29255569570563505,-0.9044512740072636,-1.0161329645585022,0
1.2290218621294098,0.9009088760241706,-0.502969299721533,-0.755784664507117,1.7923945586535535,0.21058638994196582,-0.5674373336626071,0.853056793629862,-0.46205254856025635,0.5763988794695595,0.03455021005991044,1.278172284013902,-1.0161329645585022,0
1.2290218621294098,0.9009088760241706,1.5251962127575889,-0.6917465764162372,1.2854498274770565,0.9048055324001227,-1.359229812333827,-0.8828162337175963,-1.1804179269059165,-1.2583394588375707,0.8085666669970842,-0.36871640067479566,0.9841231756854657,0
-0.12657084635623306,0.9009088760241706,-1.179024470547907,-0.6788757892906966,-0.5733475201700994,0.9048055324001227,-1.359229812333827,-0.8828162337175963,-1.7510820125076092,-1.2583394588375707,1.066572152642809,-0.30919030363785477,0.9841231756854657,0
0.890123685007999,0.9009088760241706,1.5251962127575889,-0.7505258030190127,1.1164682504182242,-1.177851894974348,0.8577891279455886,-1.461440576166749,-0.41841353024953903,3.672519825362842,0.03455021005991044,1.0202258635204915,-1.0161329645585022,1
0.5512255078865883,0.9009088760241706,-1.179024470547907,-0.6781177552023212,1.2854498274770565,0.9048055324001227,-1.359229812333827,0.2744324511807092,-0.5896127559300467,-1.2583394588375707,0.03455021005991044,-1.2616078562289088,0.9841231756854657,0
0.38177641932588297,0.9009088760241706,1.5251962127575889,-0.6211388595594373,0.4405419421828948,0.9048055324001227,-1.359229812333827,0.2744324511807092,1.2700807936189982,-1.3730106049817663,1.066572152642809,0.5043330225336705,0.9841231756854657,0
0.21232733076517762,0.9009088760241706,-1.179024470547907,-0.7525472272546805,-0.06640278899360229,-1.177851894974348,-0.8841543251310949,-1.461440576166749,1.253296555807184,-0.2262991435398101,0.8085666669970842,0.6432272489531993,-1.0161329645585022,1
0.5512255078865883,-1.1099901739376037,1.5251962127575889,-0.7536053165030377,0.4405419421828948,-1.177851894974348,-0.4882580857954851,-0.3041918912684436,-0.34120603631519225,0.6910700256137552,0.8085666669970842,-0.38855843302044263,0.9841231756854657,0
0.38177641932588297,0.9009088760241706,-0.502969299721533,-0.5856691811742052,-0.404365943111267,0.9048055324001227,-1.359229812333827,0.853056793629862,-0.21700267650776528,-1.3730106049817663,0.03455021005991044,1.1789621222856672,0.9841231756854657,0
0.38177641932588297,-1.1099901739376037,-1.179024470547907,-0.6782125094633682,0.2715603651240624,0.9048055324001227,-1.359229812333827,0.2744324511807092,0.001192415045823164,-1.2583394588375707,1.066572152642809,-0.051243883144444294,-1.0161329645585022,1
0.21232733076517762,-1.1099901739376037,0.8491410419312149,-0.5278690819355812,0.10257878806523006,0.9048055324001227,-1.359229812333827,-0.8828162337175963,-1.0495008719737637,-1.3730106049817663,0.8085666669970842,-2.114815247091728,0.9841231756854657,0
0.0428782422044723,0.9009088760241706,0.17308587110484092,-0.4894620214578945,-0.404365943111267,0.9048055324001227,-1.359229812333827,0.853056793629862,-0.37813135950118393,-1.3730106049817663,0.8085666669970842,-2.8688124762263127,0.9841231756854657,0
1.2290218621294098,-1.1099901739376037,-0.502969299721533,-0.4479596551193416,1.6234129815947211,0.9048055324001227,-1.359229812333827,0.2744324511807092,0.03811773823181484,-1.3730106049817663,-0.22345527558581418,0.0479662785837905,0.9841231756854657,0
0.21232733076517762,0.9009088760241706,1.5251962127575889,-0.7474147047813053,-0.06640278899360229,-1.177851894974348,-0.7574675285436998,0.2744324511807092,-1.1233515183457474,0.1177142948927768,0.8085666669970842,-0.24966420660091387,0.9841231756854657,0
0.5512255078865883,0.9009088760241706,-1.179024470547907,-0.4290719724173213,0.9474866733593919,0.9048055324001227,-1.359229812333827,0.2744324511807092,-0.08944246913797492,-1.3730106049817663,0.8085666669970842,-0.03140185079879733,-1.0161329645585022,0
-0.12657084635623306,-1.1099901739376037,-0.502969299721533,-0.7468461792150238,0.2715603651240624,-1.177851894974348,-0.5674373336626071,0.2744324511807092,-1.3751150855229646,0.4617277333253637,0.8085666669970842,-2.1743413441286688,-1.0161329645585022,1
0.0428782422044723,-1.1099901739376037,0.8491410419312149,-0.7464987469245185,0.2715603651240624,-1.177851894974348,-1.042512820865339,0.2744324511807092,-1.623521805137819,-0.570312581972397,0.03455021005991044,-2.075131182400434,0.9841231756854657,0
0.890123685007999,0.9009088760241706,1.5251962127575889,-0.3300853543769675,0.6095235192417271,0.9048055324001227,-1.359229812333827,0.2744324511807092,-0.34120603631519225,-1.3730106049817663,1.066572152642809,0.9606997664835506,-1.0161329645585022,0
0.0428782422044723,0.9009088760241706,-0.502969299721533,-0.4159642996391634,0.10257878806523006,0.9048055324001227,-1.359229812333827,1.4316811360790147,1.0619562447524988,-1.3730106049817663,0.8085666669970842,0.16701847265767225,-1.0161329645585022,1
-0.12657084635623306,0.9009088760241706,0.8491410419312149,-0.272743234066737,-0.06640278899360229,0.9048055324001227,-1.359229812333827,-1.461440576166749,-0.21364582894540246,-1.3730106049817663,0.29255569570563505,-0.03140185079879733,0.9841231756854657,0
0.38177641932588297,-1.1099901739376037,1.5251962127575889,-0.7453616957919553,0.7785050963005594,-1.177851894974348,-0.7257958293968509,0.2744324511807092,-1.2979075915886182,0.1177142948927768,0.03455021005991044,0.6829113136444932,0.9841231756854657,0
0.5512255078865883,0.9009088760241706,-1.179024470547907,-0.22486074748435786,0.9474866733593919,0.9048055324001227,-1.359229812333827,0.2744324511807092,0.001192415045823164,-1.3730106049817663,0.29255569570563505,-0.7457150152420878,0.9841231756854657,0
1.0595727735687044,-1.1099901739376037,-0.502969299721533,-0.7464671621708361,0.9474866733593919,-1.177851894974348,-0.9474977234247925,0.2744324511807092,-0.37813135950118393,-0.34097028968400567,0.8085666669970842,1.317856348705196,-1.0161329645585022,0
0.21232733076517762,-1.1099901739376037,-0.502969299721533,-0.023049963831249798,-0.404365943111267,0.9048055324001227,-1.359229812333827,0.853056793629862,1.0955247203761276,-1.487681751125962,-0.22345527558581418,-0.6663468858595001,-1.0161329645585022,0
0.890123685007999,-1.1099901739376037,-0.502969299721533,-0.01872285257677358,1.1164682504182242,0.9048055324001227,-1.359229812333827,1.4316811360790147,0.001192415045823164,-1.487681751125962,0.8085666669970842,1.5162766721616654,-1.0161329645585022,0
0.0428782422044723,-1.1099901739376037,-1.179024470547907,0.1366425507865003,0.2715603651240624,0.9048055324001227,-1.359229812333827,-0.3041918912684436,0.001192415045823164,-1.487681751125962,0.29255569570563505,1.278172284013902,-1.0161329645585022,0
0.21232733076517762,-1.1099901739376037,-0.502969299721533,0.15808859853678756,-0.404365943111267,0.9048055324001227,-1.359229812333827,-1.461440576166749,-0.3680608168140954,-1.487681751125962,-0.22345527558581418,-0.9639773710442044,-1.0161329645585022,0
-0.12657084635623306,0.9009088760241706,-0.502969299721533,0.17091200853180466,0.2715603651240624,0.9048055324001227,-1.359229812333827,1.4316811360790147,0.8336906105118219,-1.487681751125962,0.8085666669970842,-0.20998014190961997,0.9841231756854657,0
1.0595727735687044,0.9009088760241706,0.8491410419312149,-0.743687703846793,1.2854498274770565,0.21058638994196582,-0.8208109268373974,0.2744324511807092,-0.1397951825734185,-0.11162799739561437,0.5505611813513597,0.8614896047553159,-1.0161329645585022,0
0.38177641932588297,0.9009088760241706,-1.179024470547907,0.06251313389412304,0.2715603651240624,0.9048055324001227,-1.359229812333827,-0.3041918912684436,-0.811164695045998,-1.487681751125962,-0.22345527558581418,-1.7378166325244357,-1.0161329645585022,1
1.2290218621294098,0.9009088760241706,1.5251962127575889,0.19654303614499774,0.7785050963005594,0.9048055324001227,-1.359229812333827,1.4316811360790147,0.8336906105118219,-1.487681751125962,0.5505611813513597,-1.2219237915376149,0.9841231756854657,0
0.38177641932588297,0.9009088760241706,1.5251962127575889,0.6482050138020046,0.2715603651240624,0.9048055324001227,-1.359229812333827,0.2744324511807092,0.23617174441122635,-1.487681751125962,0.29255569570563505,0.12733440796637835,-1.0161329645585022,0
0.890123685007999,-1.1099901739376037,1.5251962127575889,-0.747983230347587,0.6095235192417271,-1.177851894974348,-0.7257958293968509,-0.8828162337175963,-0.1397951825734185,0.1177142948927768,1.066572152642809,0.8614896047553159,0.9841231756854657,0
-0.12657084635623306,-1.1099901739376037,-0.502969299721533,-1.05659785857742,0.2715603651240624,0.9048055324001227,-1.327558113186978,1.4316811360790147,1.0418151593783211,-0.570312581972397,0.03455021005991044,1.5162766721616654,-1.0161329645585022,1
0.38177641932588297,0.9009088760241706,0.8491410419312149,-0.9665023486986359,0.10257878806523006,0.9048055324001227,-1.327558113186978,-1.461440576166749,-1.0092187012254088,-0.9143260204049839,0.8085666669970842,0.5440170872249644,-1.0161329645585022,0
0.0428782422044723,0.9009088760241706,0.8491410419312149,-0.955431892532987,-0.06640278899360229,0.9048055324001227,-1.327558113186978,-0.8828162337175963,0.5114332445249834,-0.9143260204049839,0.5505611813513597,-1.0830295651180861,0.9841231756854657,0
1.2290218621294098,-1.1099901739376037,-1.179024470547907,-0.8818236240763678,1.4544314045358888,0.9048055324001227,-1.327558113186978,0.853056793629862,-1.2475548781531747,-1.0289971665491795,1.066572152642809,-2.194183376474316,-1.0161329645585022,1
0.21232733076517762,-1.1099901739376037,-0.502969299721533,-0.8674841459045999,0.10257878806523006,0.9048055324001227,-1.327558113186978,-1.461440576166749,0.23617174441122635,-1.0289971665491795,0.29255569570563505,-0.2893482712922078,-1.0161329645585022,1
0.21232733076517762,0.9009088760241706,-0.502969299721533,-0.868826497936098,0.2715603651240624,0.9048055324001227,-1.327558113186978,-1.461440576166749,0.1791053358510565,-1.0289971665491795,-0.22345527558581418,-0.6068207888225592,0.9841231756854657,0
0.7206745964472937,-1.1099901739376037,0.8491410419312149,-0.8138216493983583,0.6095235192417271,0.9048055324001227,-1.327558113186978,0.2744324511807092,0.7430557263280237,-1.143668312693375,0.29255569570563505,-0.15045404487267908,-1.0161329645585022,0
0.0428782422044723,-1.1099901739376037,-1.179024470547907,-0.7360126087019921,0.2715603651240624,0.21058638994196582,-0.6307807319563046,-0.8828162337175963,-1.8752853723150364,0.3470565871811683,0.5505611813513597,0.6630692812988462,0.9841231756854657,0
-0.12657084635623306,0.9009088760241706,-0.502969299721533,-0.7890276177577463,-0.404365943111267,0.9048055324001227,-1.327558113186978,0.2744324511807092,2.679956769811415,-1.143668312693375,0.29255569570563505,-2.610866055732902,0.9841231756854657,0
-0.12657084635623306,0.9009088760241706,-1.179024470547907,-0.7369759436893025,-0.06640278899360229,-1.177851894974348,-0.8366467764108217,1.4316811360790147,-1.6839450612603513,-0.11162799739561437,0.03455021005991044,0.32575473142284794,-1.0161329645585022,0
-0.12657084635623306,-1.1099901739376037,-1.179024470547907,-0.7329015104642848,0.10257878806523006,0.21058638994196582,0.30353439287573475,-0.8828162337175963,3.018998373610068,2.2964660716324943,0.8085666669970842,1.0400678958661385,-1.0161329645585022,1
0.890123685007999,-1.1099901739376037,1.5251962127575889,-0.6716270883206069,1.1164682504182242,0.9048055324001227,-1.327558113186978,0.2744324511807092,-1.4254677989584081,-1.2583394588375707,1.066572152642809,0.8416475724096689,0.9841231756854657,0
0.38177641932588297,0.9009088760241706,-0.502969299721533,-0.737639223516631,0.4405419421828948,0.21058638994196582,-0.8524826259842462,-0.3041918912684436,-1.0495008719737637,-0.11162799739561437,0.8085666669970842,0.801963507718375,0.9841231756854657,0
1.0595727735687044,-1.1099901739376037,-0.502969299721533,-0.4892725129358007,0.7785050963005594,0.9048055324001227,-1.327558113186978,-1.461440576166749,-1.0495008719737637,-1.3730106049817663,0.5505611813513597,0.38528082845978884,-1.0161329645585022,0
0.5512255078865883,-1.1099901739376037,0.8491410419312149,-0.4494283461655689,0.2715603651240624,0.9048055324001227,-1.327558113186978,-0.8828162337175963,1.7736079279734327,-1.3730106049817663,-0.22345527558581418,-0.07108591549009124,-1.0161329645585022,0
0.0428782422044723,0.9009088760241706,0.8491410419312149,-0.7314801965485809,0.2715603651240624,0.21058638994196582,-1.1375279183058853,0.853056793629862,-0.005521280078902488,-0.7996548742607882,-0.22345527558581418,1.1194360252487263,-1.0161329645585022,0
1.2290218621294098,0.9009088760241706,-0.502969299721533,-0.4296878751141263,1.6234129815947211,0.9048055324001227,-1.327558113186978,0.2744324511807092,0.9377528849450718,-1.3730106049817663,0.29255569570563505,0.40512286080543575,-1.0161329645585022,0
-0.12657084635623306,0.9009088760241706,-1.179024470547907,-0.4166591642201742,-0.404365943111267,0.9048055324001227,-1.327558113186978,0.2744324511807092,1.417782086362966,-1.3730106049817663,-0.22345527558581418,-0.3488743683291487,0.9841231756854657,0
-0.12657084635623306,-1.1099901739376037,-1.179024470547907,-0.7354282907588694,0.4405419421828948,-1.177851894974348,-1.042512820865339,0.2744324511807092,0.04483143335654109,-0.570312581972397,0.8085666669970842,0.16701847265767225,-1.0161329645585022,0
0.0428782422044723,-1.1099901739376037,1.5251962127575889,-0.24679635891672086,-0.23538436605243465,0.9048055324001227,-1.327558113186978,0.2744324511807092,0.001192415045823164,-1.3730106049817663,0.5505611813513597,1.9131173190746047,0.9841231756854657,0
0.0428782422044723,-1.1099901739376037,1.5251962127575889,-0.3312539902632129,-0.23538436605243465,0.9048055324001227,-1.327558113186978,-1.461440576166749,2.1999275683935204,-1.3730106049817663,-0.22345527558581418,-1.3211339532658497,-1.0161329645585022,1
0.21232733076517762,0.9009088760241706,-1.179024470547907,-0.20112480509210326,0.10257878806523006,0.9048055324001227,-1.327558113186978,0.853056793629862,-0.34120603631519225,-1.3730106049817663,0.03455021005991044,0.782121475372728,0.9841231756854657,0
0.890123685007999,0.9009088760241706,-1.179024470547907,-0.23788945837830996,0.6095235192417271,0.9048055324001227,-1.327558113186978,0.2744324511807092,1.7736079279734327,-1.3730106049817663,0.29255569570563505,-1.7378166325244357,-1.0161329645585022,1
0.5512255078865883,0.9009088760241706,-0.502969299721533,0.17800278573348285,0.7785050963005594,0.9048055324001227,-1.327558113186978,0.853056793629862,-1.4993184453303918,-1.487681751125962,-0.22345527558581418,-1.3211339532658497,0.9841231756854657,0
0.5512255078865883,0.9009088760241706,0.8491410419312149,-0.9775254277337615,0.7785050963005594,0.9048055324001227,-1.3196401884002658,-0.8828162337175963,0.001192415045823164,-0.7996548742607882,0.5505611813513597,0.7424374106814341,-1.0161329645585022,1
0.5512255078865883,0.9009088760241706,-1.179024470547907,-0.7558478340144816,0.6095235192417271,0.9048055324001227,-1.3196401884002658,1.4316811360790147,0.16232109803924238,-1.143668312693375,1.066572152642809,0.46464895784237664,0.9841231756854657,0
0.7206745964472937,0.9009088760241706,0.8491410419312149,2.451757618569166,0.6095235192417271,0.9048055324001227,-1.3196401884002658,-1.461440576166749,0.7464125738903866,-1.487681751125962,0.29255569570563505,0.5241750548793175,-1.0161329645585022,0
0.5512255078865883,-1.1099901739376037,-0.502969299721533,-0.7392184612007464,0.2715603651240624,-1.177851894974348,-0.4882580857954851,-0.8828162337175963,0.03476089066945202,0.6910700256137552,0.29255569570563505,1.337698381050843,0.9841231756854657,0
0.890123685007999,-1.1099901739376037,1.5251962127575889,-0.5930442211590242,1.2854498274770565,0.9048055324001227,-1.3117222636135537,0.853056793629862,-0.3680608168140954,-1.2583394588375707,0.03455021005991044,1.1392780575943733,0.9841231756854657,0
-0.12657084635623306,0.9009088760241706,1.5251962127575889,-0.3559532676427779,-0.404365943111267,0.9048055324001227,-1.3117222636135537,0.2744324511807092,-0.18343420088413584,-1.3730106049817663,0.5505611813513597,-0.32903233598350173,0.9841231756854657,0
-0.12657084635623306,0.9009088760241706,-1.179024470547907,-0.2804183292115379,0.2715603651240624,0.9048055324001227,-1.3117222636135537,1.4316811360790147,-1.1166378232210217,-1.3730106049817663,0.29255569570563505,1.0797519605574324,-1.0161329645585022,0
1.0595727735687044,0.9009088760241706,-1.179024470547907,-0.0178542718505101,1.1164682504182242,0.9048055324001227,-1.3117222636135537,-0.3041918912684436,-1.4993184453303918,-1.3730106049817663,0.29255569570563505,-0.8846092416616166,0.9841231756854657,0
1.2290218621294098,0.9009088760241706,-0.502969299721533,-0.7302799759086531,1.4544314045358888,-1.177851894974348,-1.2325430157464317,0.853056793629862,-1.0964967378468442,-1.0289971665491795,0.29255569570563505,1.258330251668255,0.9841231756854657,0
0.21232733076517762,0.9009088760241706,-0.502969299721533,-0.974603838018148,0.2715603651240624,0.9048055324001227,-1.2958864140401292,1.4316811360790147,0.16232109803924238,-0.6849837281165926,0.03455021005991044,0.782121475372728,-1.0161329645585022,0
-0.12657084635623306,-1.1099901739376037,-0.502969299721533,-0.8944417331724499,0.2715603651240624,0.9048055324001227,-1.2958864140401292,0.2744324511807092,-0.34120603631519225,-0.9143260204049839,0.03455021005991044,0.5837011519162584,0.9841231756854657,0
0.5512255078865883,0.9009088760241706,-0.502969299721533,-0.8257133091597473,0.10257878806523006,0.9048055324001227,-1.2958864140401292,1.4316811360790147,3.018998373610068,-1.0289971665491795,0.29255569570563505,0.6630692812988462,0.9841231756854657,0
1.2290218621294098,-1.1099901739376037,-1.179024470547907,-0.772177151668235,1.4544314045358888,0.9048055324001227,-1.2958864140401292,-0.8828162337175963,-0.8447331706696268,-1.0289971665491795,1.066572152642809,-0.22982217425526694,0.9841231756854657,0
0.7206745964472937,0.9009088760241706,-1.179024470547907,-0.7240577794332385,0.7785050963005594,-1.177851894974348,-1.2008713165995828,-0.3041918912684436,0.665848232393677,-0.9143260204049839,0.8085666669970842,0.14717644031202531,-1.0161329645585022,1
0.5512255078865883,0.9009088760241706,-1.179024470547907,-0.7674552309927299,0.6095235192417271,0.9048055324001227,-1.2958864140401292,0.853056793629862,-1.3482603050240614,-1.143668312693375,0.03455021005991044,0.028124246238143545,0.9841231756854657,0
0.21232733076517762,0.9009088760241706,0.8491410419312149,-0.7035908590471027,-0.06640278899360229,0.9048055324001227,-1.2958864140401292,1.4316811360790147,-1.0427871768490378,-1.143668312693375,-0.22345527558581418,-2.630708088078549,0.9841231756854657,0
0.0428782422044723,-1.1099901739376037,0.8491410419312149,-0.7217205076607477,-0.23538436605243465,-1.177851894974348,0.8577891279455886,1.4316811360790147,-1.4993184453303918,3.4431775330744507,1.066572152642809,0.22654456969461315,-1.0161329645585022,0
0.5512255078865883,0.9009088760241706,-0.502969299721533,-0.21746991512269773,1.1164682504182242,0.9048055324001227,-1.2958864140401292,-1.461440576166749,0.001192415045823164,-1.3730106049817663,0.5505611813513597,0.9408577341379036,-1.0161329645585022,0
0.5512255078865883,-1.1099901739376037,-0.502969299721533,-0.7274531404540866,0.10257878806523006,0.21058638994196582,-1.042512820865339,-0.8828162337175963,0.16232109803924238,-0.570312581972397,0.8085666669970842,0.9011736694466097,0.9841231756854657,0
-0.12657084635623306,-1.1099901739376037,1.5251962127575889,-0.14619891843856936,0.2715603651240624,0.9048055324001227,-1.2958864140401292,0.2744324511807092,1.4312094766124175,-1.3730106049817663,0.29255569570563505,-0.8846092416616166,0.9841231756854657,0
0.5512255078865883,-1.1099901739376037,1.5251962127575889,0.2429884164348319,0.7785050963005594,0.9048055324001227,-1.2958864140401292,-1.461440576166749,0.001192415045823164,-1.487681751125962,0.03455021005991044,0.8614896047553159,-1.0161329645585022,0
0.38177641932588297,0.9009088760241706,0.8491410419312149,-0.7226048807638523,0.10257878806523006,-1.177851894974348,-1.1612816926660219,-0.8828162337175963,1.5486991412951188,-0.7996548742607882,0.8085666669970842,-2.2537094735112566,-1.0161329645585022,1
0.21232733076517762,-1.1099901739376037,-0.502969299721533,-0.9264528810294692,-0.23538436605243465,0.9048055324001227,-1.2879684892534171,-0.8828162337175963,0.001192415045823164,-0.7996548742607882,0.03455021005991044,-0.32903233598350173,0.9841231756854657,0
-0.12657084635623306,-1.1099901739376037,-0.502969299721533,-0.7901804612671506,-0.23538436605243465,0.9048055324001227,-1.2879684892534171,0.2744324511807092,0.001192415045823164,-1.0289971665491795,0.8085666669970842,1.1392780575943733,0.9841231756854657,0
-0.12657084635623306,0.9009088760241706,-0.502969299721533,-0.7212467363555131,-0.06640278899360229,-1.177851894974348,-0.963333572998217,-0.8828162337175963,-1.3482603050240614,-0.45564143582820127,0.8085666669970842,0.008282213892496587,-1.0161329645585022,0
0.5512255078865883,0.9009088760241706,0.8491410419312149,-0.5672868545311018,0.4405419421828948,0.9048055324001227,-1.2879684892534171,1.4316811360790147,0.001192415045823164,-1.2583394588375707,0.29255569570563505,-1.8171847619070236,0.9841231756854657,0
-0.12657084635623306,0.9009088760241706,-0.502969299721533,-0.7418242033795368,-0.23538436605243465,0.9048055324001227,-1.2800505644667048,-0.8828162337175963,-0.21700267650776528,-1.0289971665491795,-0.22345527558581418,0.06780831092943747,0.9841231756854657,0
1.2290218621294098,0.9009088760241706,0.8491410419312149,-0.7241209489406031,1.4544314045358888,-1.177851894974348,-1.042512820865339,-0.8828162337175963,0.2865244578466693,-0.570312581972397,-0.22345527558581418,0.2463866020402601,0.9841231756854657,0
0.38177641932588297,0.9009088760241706,-0.502969299721533,-0.713461094572824,0.4405419421828948,0.9048055324001227,-1.2800505644667048,0.2744324511807092,0.001192415045823164,-1.143668312693375,0.5505611813513597,-1.0235034680811452,0.9841231756854657,0
0.5512255078865883,-1.1099901739376037,1.5251962127575889,-0.7128767766297014,0.7785050963005594,0.9048055324001227,-1.2800505644667048,0.853056793629862,0.03476089066945202,-1.143668312693375,-0.22345527558581418,0.12733440796637835,-1.0161329645585022,0
0.0428782422044723,0.9009088760241706,1.5251962127575889,-0.6979371881379696,0.2715603651240624,0.9048055324001227,-1.2800505644667048,1.4316811360790147,1.575553921794022,-1.143668312693375,0.03455021005991044,1.754381060309429,-1.0161329645585022,1
1.2290218621294098,0.9009088760241706,-1.179024470547907,-0.6789231664212201,1.6234129815947211,0.9048055324001227,-1.2800505644667048,0.2744324511807092,-1.2475548781531747,-1.143668312693375,0.5505611813513597,1.238488219322608,-1.0161329645585022,1
0.0428782422044723,0.9009088760241706,-0.502969299721533,-0.6703479057964734,-0.23538436605243465,0.9048055324001227,-1.2800505644667048,-0.3041918912684436,-0.46205254856025635,-1.143668312693375,1.066572152642809,0.801963507718375,-1.0161329645585022,1
-0.12657084635623306,0.9009088760241706,-0.502969299721533,-0.6756857291687836,0.2715603651240624,0.9048055324001227,-1.2800505644667048,-0.8828162337175963,0.001192415045823164,-1.143668312693375,0.03455021005991044,-1.0235034680811452,0.9841231756854657,0
-0.12657084635623306,-1.1099901739376037,-0.502969299721533,-0.7211519820944661,-0.23538436605243465,-1.177851894974348,-1.1375279183058853,0.2744324511807092,-1.8752853723150364,-0.7996548742607882,0.29255569570563505,-0.22982217425526694,-1.0161329645585022,0
0.21232733076517762,0.9009088760241706,-0.502969299721533,-0.6727483470763288,0.7785050963005594,0.9048055324001227,-1.2800505644667048,-1.461440576166749,0.16232109803924238,-1.143668312693375,0.5505611813513597,1.0003838311748445,-1.0161329645585022,1
0.21232733076517762,0.9009088760241706,-0.502969299721533,-0.7163195147810729,0.6095235192417271,0.21058638994196582,0.22435514500861276,-0.8828162337175963,-0.8447331706696268,2.0671237793441026,0.5505611813513597,-0.5076106270943244,-1.0161329645585022,0
1.0595727735687044,-1.1099901739376037,-0.502969299721533,-0.7164458537958022,1.2854498274770565,0.21058638994196582,-0.8524826259842462,0.853056793629862,0.6154955189582334,-0.2262991435398101,0.5505611813513597,0.32575473142284794,0.9841231756854657,0
1.2290218621294098,-1.1099901739376037,-1.179024470547907,-0.6391895462888764,0.6095235192417271,0.9048055324001227,-1.2800505644667048,0.2744324511807092,-0.8447331706696268,-1.143668312693375,0.29255569570563505,-0.03140185079879733,0.9841231756854657,0
0.21232733076517762,0.9009088760241706,-0.502969299721533,-0.7124661748318314,0.10257878806523006,0.21058638994196582,-1.2325430157464317,-0.3041918912684436,-1.8752853723150364,-1.0289971665491795,0.03455021005991044,0.6233852166075523,-1.0161329645585022,0
1.2290218621294098,-1.1099901739376037,1.5251962127575889,-0.6018089903058647,1.6234129815947211,0.9048055324001227,-1.2800505644667048,-1.461440576166749,-0.005521280078902488,-1.143668312693375,0.29255569570563505,-0.44808453005738347,0.9841231756854657,0
0.21232733076517762,-1.1099901739376037,1.5251962127575889,-0.6800286328001008,0.4405419421828948,0.9048055324001227,-1.2800505644667048,0.853056793629862,0.622209214082959,-1.143668312693375,1.066572152642809,1.278172284013902,-1.0161329645585022,1
1.2290218621294098,-1.1099901739376037,0.8491410419312149,-0.7206624184123903,1.9613761357123858,0.21058638994196582,-0.3140637404878167,1.4316811360790147,-1.4724636648314886,0.9204123179021463,1.066572152642809,0.0479662785837905,0.9841231756854657,0
1.2290218621294098,0.9009088760241706,-1.179024470547907,-0.5236209325653108,1.4544314045358888,0.9048055324001227,-1.2800505644667048,0.2744324511807092,-1.2106295549671826,-1.2583394588375707,0.03455021005991044,-0.07108591549009124,-1.0161329645585022,0
1.0595727735687044,-1.1099901739376037,-0.502969299721533,-0.717867167711506,1.4544314045358888,0.21058638994196582,-1.042512820865339,1.4316811360790147,-0.34120603631519225,-0.570312581972397,1.066572152642809,0.40512286080543575,0.9841231756854657,0
0.21232733076517762,0.9009088760241706,1.5251962127575889,-0.5217732244748958,-0.06640278899360229,0.9048055324001227,-1.2800505644667048,0.2744324511807092,1.1223795008750308,-1.2583394588375707,1.066572152642809,0.8614896047553159,0.9841231756854657,0
0.7206745964472937,-1.1099901739376037,1.5251962127575889,-0.7181040533641234,0.6095235192417271,-1.177851894974348,-0.3298995900612411,-0.3041918912684436,-0.005521280078902488,0.9204123179021463,0.03455021005991044,1.734539027963782,0.9841231756854657,0
0.0428782422044723,0.9009088760241706,-0.502969299721533,-0.4987005619099697,-0.06640278899360229,0.9048055324001227,-1.2800505644667048,-0.8828162337175963,0.5651428055227898,-1.2583394588375707,-0.22345527558581418,0.5837011519162584,-1.0161329645585022,0
0.38177641932588297,-1.1099901739376037,-0.502969299721533,-0.7134137174423006,0.10257878806523006,0.21058638994196582,-0.5199297849423339,0.853056793629862,0.3301634761573873,0.4617277333253637,0.8085666669970842,0.9606997664835506,-1.0161329645585022,0
0.38177641932588297,-1.1099901739376037,-0.502969299721533,-0.6049832580509367,0.9474866733593919,0.9048055324001227,-1.2800505644667048,-1.461440576166749,1.2096575374964662,-1.143668312693375,-0.22345527558581418,-0.5869787564769122,-1.0161329645585022,1
0.890123685007999,0.9009088760241706,1.5251962127575889,-0.7077758389100086,0.6095235192417271,0.21058638994196582,-0.7574675285436998,1.4316811360790147,-1.1804179269059165,0.003043148748581378,1.066572152642809,1.754381060309429,0.9841231756854657,0
0.0428782422044723,0.9009088760241706,1.5251962127575889,-0.4689477239412354,-0.06640278899360229,0.9048055324001227,-1.2800505644667048,-1.461440576166749,1.2700807936189982,-1.2583394588375707,0.03455021005991044,0.8416475724096689,-1.0161329645585022,0
0.7206745964472937,-1.1099901739376037,-1.179024470547907,-0.4187753427168889,0.9474866733593919,0.9048055324001227,-1.2800505644667048,-0.8828162337175963,0.001192415045823164,-1.2583394588375707,0.03455021005991044,-0.38855843302044263,0.9841231756854657,0
0.21232733076517762,0.9009088760241706,1.5251962127575889,-0.5286744931544801,0.4405419421828948,0.9048055324001227,-1.2800505644667048,0.853056793629862,0.5114332445249834,-1.2583394588375707,0.29255569570563505,-1.4401861473397315,-1.0161329645585022,1
0.0428782422044723,0.9009088760241706,0.8491410419312149,-0.39837159183811777,-0.06640278899360229,0.9048055324001227,-1.2800505644667048,0.853056793629862,0.03811773823181484,-1.2583394588375707,0.29255569570563505,-0.15045404487267908,0.9841231756854657,0
1.0595727735687044,0.9009088760241706,0.8491410419312149,-0.38957523793759496,1.2854498274770565,0.9048055324001227,-1.2800505644667048,0.2744324511807092,-1.6839450612603513,-1.2583394588375707,1.066572152642809,0.008282213892496587,0.9841231756854657,0
0.7206745964472937,0.9009088760241706,-1.179024470547907,-0.714076997269629,0.7785050963005594,-1.177851894974348,-0.5674373336626071,0.2744324511807092,1.4110683912382405,0.3470565871811683,0.8085666669970842,-0.40840046536608954,-1.0161329645585022,1
0.38177641932588297,0.9009088760241706,1.5251962127575889,-0.5053333601832544,0.9474866733593919,0.9048055324001227,-1.2800505644667048,-1.461440576166749,-1.173704231781191,-1.2583394588375707,0.8085666669970842,1.0599099282117854,-1.0161329645585022,1
1.2290218621294098,0.9009088760241706,1.5251962127575889,-0.33976608138059494,0.7785050963005594,0.9048055324001227,-1.2800505644667048,0.2744324511807092,-0.3680608168140954,-1.2583394588375707,0.8085666669970842,-1.2814498885745558,0.9841231756854657,0
0.890123685007999,0.9009088760241706,0.8491410419312149,-0.3368444916649815,1.1164682504182242,0.9048055324001227,-1.2800505644667048,0.2744324511807092,0.23617174441122635,-1.2583394588375707,0.5505611813513597,1.317856348705196,-1.0161329645585022,0
0.890123685007999,-1.1099901739376037,-0.502969299721533,-0.3353915929955953,0.9474866733593919,0.9048055324001227,-1.2800505644667048,1.4316811360790147,0.2965950005337584,-1.2583394588375707,0.03455021005991044,0.08765034327508442,-1.0161329645585022,0
1.0595727735687044,0.9009088760241706,-1.179024470547907,-0.29873748634727665,0.6095235192417271,0.9048055324001227,-1.2800505644667048,1.4316811360790147,0.9780350556934264,-1.3730106049817663,-0.22345527558581418,-1.6386064707962011,0.9841231756854657,0
0.0428782422044723,-1.1099901739376037,1.5251962127575889,-0.7126714757307664,-0.404365943111267,0.21058638994196582,-1.002923196931778,0.2744324511807092,0.5114332445249834,-0.570312581972397,0.8085666669970842,-0.6068207888225592,0.9841231756854657,0
-0.12657084635623306,0.9009088760241706,-0.502969299721533,-0.21375870656502652,-0.404365943111267,0.9048055324001227,-1.2800505644667048,-0.8828162337175963,0.7464125738903866,-1.3730106049817663,0.5505611813513597,0.14717644031202531,0.9841231756854657,0
0.0428782422044723,0.9009088760241706,-1.179024470547907,-0.20211972483309595,-0.06640278899360229,0.9048055324001227,-1.2800505644667048,-0.8828162337175963,-1.2207000976542715,-1.3730106049817663,0.5505611813513597,-0.190138109563973,-1.0161329645585022,0
0.0428782422044723,0.9009088760241706,-0.502969299721533,-0.10595994224730874,-0.06640278899360229,0.9048055324001227,-1.2800505644667048,-0.3041918912684436,1.934736610966852,-1.3730106049817663,0.5505611813513597,1.5162766721616654,0.9841231756854657,0
0.21232733076517762,0.9009088760241706,-1.179024470547907,-0.11254536339007,0.2715603651240624,0.9048055324001227,-1.2800505644667048,-0.8828162337175963,0.6255660616453219,-1.3730106049817663,0.8085666669970842,-0.22982217425526694,0.9841231756854657,0
0.7206745964472937,0.9009088760241706,-1.179024470547907,-0.21893860616892508,0.6095235192417271,0.9048055324001227,-1.2800505644667048,-1.461440576166749,1.1458774338115711,-1.3730106049817663,0.8085666669970842,0.801963507718375,-1.0161329645585022,1
0.7206745964472937,-1.1099901739376037,1.5251962127575889,-0.07221163293776246,0.7785050963005594,0.9048055324001227,-1.2800505644667048,-0.3041918912684436,0.7464125738903866,-1.3730106049817663,0.29255569570563505,1.5956448015442533,-1.0161329645585022,0
0.21232733076517762,0.9009088760241706,-1.179024470547907,0.27296234767934235,-0.23538436605243465,0.9048055324001227,-1.2800505644667048,0.853056793629862,0.4745079213389917,-1.3730106049817663,0.8085666669970842,0.9210157017922567,0.9841231756854657,0
0.7206745964472937,-1.1099901739376037,0.8491410419312149,0.27604186116336743,0.6095235192417271,0.9048055324001227,-1.2800505644667048,-0.3041918912684436,-0.08944246913797492,-1.3730106049817663,1.066572152642809,0.10749237562073138,-1.0161329645585022,0
-0.12657084635623306,-1.1099901739376037,-1.179024470547907,-0.7035592742934205,-0.5733475201700994,-1.177851894974348,-1.2642147148932805,1.4316811360790147,0.8336906105118219,-1.0289971665491795,0.5505611813513597,0.5638591195706114,-1.0161329645585022,1
0.890123685007999,-1.1099901739376037,-1.179024470547907,-0.9017693960267453,0.7785050963005594,0.9048055324001227,-1.2642147148932805,-0.3041918912684436,-0.37813135950118393,-0.7996548742607882,-0.22345527558581418,-0.8647672093159696,-1.0161329645585022,1
-0.12657084635623306,-1.1099901739376037,1.5251962127575889,-0.705770207051182,0.10257878806523006,-1.177851894974348,-1.1058562191590364,1.4316811360790147,-1.0964967378468442,-0.7996548742607882,0.29255569570563505,-0.3488743683291487,0.9841231756854657,0
0.38177641932588297,0.9009088760241706,0.8491410419312149,-0.7048858339480774,-0.06640278899360229,-1.177851894974348,-0.8841543251310949,-0.8828162337175963,-1.0964967378468442,-0.34097028968400567,0.29255569570563505,-2.829128411535019,0.9841231756854657,0
-0.12657084635623306,-1.1099901739376037,-1.179024470547907,-0.7062913554869401,0.2715603651240624,-1.177851894974348,-1.1375279183058853,0.853056793629862,-1.5496711587658354,-0.7996548742607882,0.5505611813513597,1.238488219322608,0.9841231756854657,0
0.21232733076517762,0.9009088760241706,-1.179024470547907,-0.9072493507906259,0.10257878806523006,0.9048055324001227,-1.248378865319856,0.2744324511807092,0.03811773823181484,-0.6849837281165926,1.066572152642809,0.9805417988291976,-1.0161329645585022,0
0.21232733076517762,-1.1099901739376037,-0.502969299721533,-0.6169380873196904,-0.23538436605243465,0.9048055324001227,-1.248378865319856,0.853056793629862,1.417782086362966,-1.143668312693375,0.8085666669970842,-1.5195542767223194,0.9841231756854657,0
0.7206745964472937,0.9009088760241706,-0.502969299721533,-0.7036698209313086,1.1164682504182242,0.21058638994196582,-0.7812213029038364,-0.8828162337175963,0.7430557263280237,-0.11162799739561437,-0.22345527558581418,0.286070666731554,0.9841231756854657,0
0.0428782422044723,-1.1099901739376037,-1.179024470547907,-0.48684048690226295,0.10257878806523006,0.9048055324001227,-1.248378865319856,0.2744324511807092,0.001192415045823164,-1.2583394588375707,0.8085666669970842,0.8614896047553159,-1.0161329645585022,0
0.0428782422044723,0.9009088760241706,-0.502969299721533,-0.24477493468105316,0.4405419421828948,0.9048055324001227,-1.248378865319856,-1.461440576166749,-0.8447331706696268,-1.2583394588375707,0.5505611813513597,1.3972244780877838,-1.0161329645585022,0
0.5512255078865883,0.9009088760241706,0.8491410419312149,-1.0024457983891026,0.6095235192417271,0.9048055324001227,-1.240460940533144,0.2744324511807092,-1.4254677989584081,-0.34097028968400567,1.066572152642809,0.18686050500331922,-1.0161329645585022,0
0.38177641932588297,-1.1099901739376037,1.5251962127575889,-1.0196594891459607,0.2715603651240624,0.9048055324001227,-1.2325430157464317,0.2744324511807092,1.1223795008750308,-0.2262991435398101,-0.22345527558581418,0.305912699077201,0.9841231756854657,0
0.38177641932588297,-1.1099901739376037,-0.502969299721533,-0.6993742944305147,0.10257878806523006,-1.177851894974348,-0.527847709729046,0.853056793629862,0.001192415045823164,0.4617277333253637,0.8085666669970842,1.258330251668255,0.9841231756854657,0
0.0428782422044723,-1.1099901739376037,0.8491410419312149,-0.9665655182060006,-0.06640278899360229,0.9048055324001227,-1.2325430157464317,0.2744324511807092,0.16232109803924238,-0.45564143582820127,0.29255569570563505,-0.190138109563973,0.9841231756854657,0
0.890123685007999,-1.1099901739376037,-0.502969299721533,-0.961685673762084,0.4405419421828948,0.9048055324001227,-1.2325430157464317,1.4316811360790147,2.193213873268795,-0.570312581972397,0.8085666669970842,-0.20998014190961997,0.9841231756854657,0
0.0428782422044723,-1.1099901739376037,0.8491410419312149,-0.6990110697631681,-0.5733475201700994,-1.177851894974348,-1.2008713165995828,-0.3041918912684436,-0.1397951825734185,-0.9143260204049839,0.29255569570563505,-1.2417658238832618,0.9841231756854657,0
0.7206745964472937,-1.1099901739376037,0.8491410419312149,-0.8408266137967317,0.7785050963005594,0.9048055324001227,-1.2325430157464317,1.4316811360790147,0.665848232393677,-0.7996548742607882,0.5505611813513597,0.32575473142284794,0.9841231756854657,0
0.5512255078865883,-1.1099901739376037,-0.502969299721533,-0.799545340733955,0.6095235192417271,0.9048055324001227,-1.2325430157464317,0.2744324511807092,0.6893461653302174,-0.9143260204049839,0.29255569570563505,-1.3608180179571436,0.9841231756854657,0
0.5512255078865883,-1.1099901739376037,-0.502969299721533,-0.7975239164982872,0.9474866733593919,0.9048055324001227,-1.2325430157464317,0.2744324511807092,-0.811164695045998,-0.9143260204049839,0.03455021005991044,0.14717644031202531,0.9841231756854657,0
-0.12657084635623306,0.9009088760241706,-0.502969299721533,-0.7644073022623872,-0.06640278899360229,0.9048055324001227,-1.2325430157464317,1.4316811360790147,-1.4254677989584081,-0.9143260204049839,1.066572152642809,-0.9441353386985575,0.9841231756854657,0
0.7206745964472937,0.9009088760241706,-0.502969299721533,-0.7012220025209297,0.7785050963005594,-1.177851894974348,-0.3298995900612411,1.4316811360790147,0.8135495251376443,0.8057411717579506,0.29255569570563505,0.38528082845978884,0.9841231756854657,0
0.7206745964472937,0.9009088760241706,-1.179024470547907,-0.3769255440878305,0.9474866733593919,0.9048055324001227,-1.2325430157464317,0.2744324511807092,0.19253272610050842,-1.2583394588375707,0.8085666669970842,0.4844909901880236,0.9841231756854657,0
0.38177641932588297,0.9009088760241706,-0.502969299721533,-0.31640915603252806,-0.23538436605243465,0.9048055324001227,-1.2325430157464317,0.2744324511807092,0.23617174441122635,-1.2583394588375707,-0.22345527558581418,0.9606997664835506,0.9841231756854657,0
0.0428782422044723,0.9009088760241706,-1.179024470547907,-0.22806659998311213,-0.404365943111267,0.9048055324001227,-1.2325430157464317,-0.3041918912684436,0.001192415045823164,-1.2583394588375707,0.29255569570563505,-0.6465048535138531,-1.0161329645585022,0
-0.12657084635623306,0.9009088760241706,-0.502969299721533,-0.10959218892077419,-0.23538436605243465,0.9048055324001227,-1.2325430157464317,-1.461440576166749,0.1522505553521539,-1.3730106049817663,0.5505611813513597,-1.182239726846321,-1.0161329645585022,0
0.890123685007999,-1.1099901739376037,-0.502969299721533,0.2628710188778449,0.4405419421828948,0.9048055324001227,-1.2325430157464317,0.853056793629862,-0.0860856215756121,-1.3730106049817663,0.29255569570563505,-0.24966420660091387,0.9841231756854657,0
-0.12657084635623306,0.9009088760241706,-1.179024470547907,0.969658844403696,-0.23538436605243465,0.9048055324001227,-1.2325430157464317,0.853056793629862,0.4745079213389917,-1.487681751125962,1.066572152642809,1.5361187045073124,-1.0161329645585022,0
0.890123685007999,0.9009088760241706,1.5251962127575889,1.501988282965318,0.6095235192417271,0.9048055324001227,-1.2325430157464317,0.2744324511807092,0.665848232393677,-1.487681751125962,0.03455021005991044,0.9606997664835506,0.9841231756854657,0
1.2290218621294098,-1.1099901739376037,1.5251962127575889,8.420391691422305,0.7785050963005594,0.9048055324001227,-1.2325430157464317,0.853056793629862,0.830333762949459,-1.6023528972701577,0.03455021005991044,-1.2219237915376149,-1.0161329645585022,0
-0.12657084635623306,-1.1099901739376037,1.5251962127575889,-0.8903041304400675,-0.7423290972289317,0.9048055324001227,-1.2246250909597194,0.2744324511807092,0.001192415045823164,-0.6849837281165926,0.5505611813513597,0.782121475372728,0.9841231756854657,0
0.38177641932588297,-1.1099901739376037,1.5251962127575889,-0.45133922376334856,0.4405419421828948,0.9048055324001227,-1.2246250909597194,1.4316811360790147,0.3301634761573873,-1.143668312693375,-0.22345527558581418,1.337698381050843,0.9841231756854657,0
0.5512255078865883,-1.1099901739376037,-0.502969299721533,-0.9559846257224274,0.6095235192417271,0.9048055324001227,-1.2206661285663634,-0.8828162337175963,-0.8447331706696268,-0.45564143582820127,0.29255569570563505,1.298014316359549,-1.0161329645585022,1
0.38177641932588297,0.9009088760241706,-0.502969299721533,-0.6553767325510593,0.7785050963005594,0.9048055324001227,-1.2167071661730073,0.2744324511807092,-1.7510820125076092,-1.0289971665491795,1.066572152642809,0.6035431842619053,-1.0161329645585022,0
0.38177641932588297,-1.1099901739376037,-1.179024470547907,-0.3910755137375046,0.9474866733593919,0.9048055324001227,-1.2167071661730073,0.853056793629862,-1.7510820125076092,-1.2583394588375707,0.29255569570563505,1.337698381050843,0.9841231756854657,0
0.7206745964472937,-1.1099901739376037,-0.502969299721533,-0.1108239943143842,1.2854498274770565,0.9048055324001227,-1.212748203779651,0.2744324511807092,0.4308689030282738,-1.2583394588375707,0.8085666669970842,0.6829113136444932,-1.0161329645585022,0
0.890123685007999,0.9009088760241706,1.5251962127575889,0.11953940666753043,0.7785050963005594,0.9048055324001227,-1.212748203779651,1.4316811360790147,1.1223795008750308,-1.3730106049817663,1.066572152642809,1.2186461869769611,-1.0161329645585022,1
0.5512255078865883,-1.1099901739376037,1.5251962127575889,-1.0461590974854171,0.2715603651240624,0.9048055324001227,-1.2008713165995828,1.4316811360790147,1.2465828606824585,0.1177142948927768,-0.22345527558581418,-1.6187644384505542,-1.0161329645585022,1
0.38177641932588297,0.9009088760241706,1.5251962127575889,-1.0025721374038319,-0.06640278899360229,0.9048055324001227,-1.2008713165995828,0.853056793629862,2.0757242085860943,-0.2262991435398101,0.03455021005991044,0.8416475724096689,-1.0161329645585022,1
0.5512255078865883,0.9009088760241706,-0.502969299721533,-0.6952208993212912,0.2715603651240624,-1.177851894974348,-0.7257958293968509,0.853056793629862,1.6729025011025462,0.003043148748581378,0.29255569570563505,0.3455967637684949,0.9841231756854657,0
0.0428782422044723,0.9009088760241706,-0.502969299721533,-0.6971317769190708,-0.404365943111267,0.21058638994196582,-0.527847709729046,1.4316811360790147,0.6255660616453219,0.3470565871811683,0.8085666669970842,-0.5869787564769122,0.9841231756854657,0
0.5512255078865883,-1.1099901739376037,0.8491410419312149,-0.6968475141359299,0.4405419421828948,-1.177851894974348,-0.963333572998217,-0.8828162337175963,0.5114332445249834,-0.45564143582820127,-0.22345527558581418,0.305912699077201,0.9841231756854657,0
0.21232733076517762,-1.1099901739376037,0.8491410419312149,-0.8819341707142558,0.4405419421828948,0.9048055324001227,-1.2008713165995828,0.853056793629862,-1.6839450612603513,-0.6849837281165926,0.29255569570563505,-0.9639773710442044,-1.0161329645585022,1
0.5512255078865883,0.9009088760241706,-1.179024470547907,-0.6985372984579334,0.4405419421828948,-1.177851894974348,-1.2800505644667048,0.853056793629862,0.4308689030282738,-1.143668312693375,0.03455021005991044,1.0599099282117854,0.9841231756854657,0
0.21232733076517762,0.9009088760241706,-0.502969299721533,-0.8649415732331741,0.2715603651240624,0.9048055324001227,-1.2008713165995828,-0.3041918912684436,2.448334288008376,-0.6849837281165926,0.8085666669970842,1.1194360252487263,-1.0161329645585022,1
0.21232733076517762,-1.1099901739376037,0.17308587110484092,-0.8581350588146367,0.10257878806523006,0.9048055324001227,-1.2008713165995828,0.2744324511807092,0.8336906105118219,-0.6849837281165926,0.5505611813513597,1.5162766721616654,-1.0161329645585022,0
0.21232733076517762,0.9009088760241706,-0.502969299721533,-0.8605512924713332,0.7785050963005594,0.9048055324001227,-1.2008713165995828,-0.3041918912684436,-1.0427871768490378,-0.6849837281165926,0.8085666669970842,0.7225953783357871,-1.0161329645585022,1
-0.12657084635623306,-1.1099901739376037,-1.179024470547907,-0.8657311920752317,0.10257878806523006,0.9048055324001227,-1.2008713165995828,0.853056793629862,0.5114332445249834,-0.6849837281165926,0.03455021005991044,-0.9242933063529105,0.9841231756854657,0
0.5512255078865883,-1.1099901739376037,1.5251962127575889,-0.8501599085098538,0.6095235192417271,0.9048055324001227,-1.2008713165995828,-1.461440576166749,0.830333762949459,-0.6849837281165926,0.03455021005991044,1.1392780575943733,-1.0161329645585022,0
0.38177641932588297,0.9009088760241706,-0.502969299721533,-0.6986320527189804,0.4405419421828948,0.21058638994196582,-0.527847709729046,-0.3041918912684436,0.001192415045823164,0.4617277333253637,0.5505611813513597,-0.36871640067479566,0.9841231756854657,0
0.38177641932588297,-1.1099901739376037,-1.179024470547907,-0.8422637200892767,0.6095235192417271,0.9048055324001227,-1.2008713165995828,0.2744324511807092,1.0787404825643134,-0.6849837281165926,0.8085666669970842,0.46464895784237664,0.9841231756854657,0
0.0428782422044723,-1.1099901739376037,-0.502969299721533,-0.6883512153953891,0.4405419421828948,0.21058638994196582,-0.4090788379283631,1.4316811360790147,-1.3482603050240614,0.5763988794695595,-0.22345527558581418,-0.011559818453150373,0.9841231756854657,0
0.890123685007999,0.9009088760241706,-0.502969299721533,-0.8147691920088276,0.4405419421828948,0.9048055324001227,-1.2008713165995828,0.2744324511807092,-0.8447331706696268,-0.7996548742607882,1.066572152642809,0.08765034327508442,0.9841231756854657,0
-0.12657084635623306,-1.1099901739376037,0.8491410419312149,-0.6929941741866884,-0.23538436605243465,0.21058638994196582,-0.8841543251310949,1.4316811360790147,0.001192415045823164,-0.34097028968400567,0.29255569570563505,0.14717644031202531,0.9841231756854657,0
0.890123685007999,0.9009088760241706,0.8491410419312149,-0.7870851554062844,0.4405419421828948,0.9048055324001227,-1.2008713165995828,-0.8828162337175963,1.1223795008750308,-0.7996548742607882,0.29255569570563505,-0.15045404487267908,0.9841231756854657,0
-0.12657084635623306,0.9009088760241706,0.17308587110484092,-0.6958683867717784,-0.23538436605243465,-1.177851894974348,-0.2507203421941191,1.4316811360790147,-1.173704231781191,0.9204123179021463,0.29255569570563505,0.06780831092943747,0.9841231756854657,0
0.5512255078865883,0.9009088760241706,-0.502969299721533,-0.7853953710842809,0.7785050963005594,0.9048055324001227,-1.2008713165995828,-0.8828162337175963,0.8739727812601764,-0.7996548742607882,-0.22345527558581418,-1.7775006972157297,0.9841231756854657,0
-0.12657084635623306,0.9009088760241706,1.5251962127575889,-0.7725245839587404,-0.23538436605243465,0.9048055324001227,-1.2008713165995828,1.4316811360790147,0.7061304031420315,-0.9143260204049839,0.03455021005991044,0.782121475372728,0.9841231756854657,0
0.7206745964472937,-1.1099901739376037,-0.502969299721533,-0.7717191727398415,0.2715603651240624,0.9048055324001227,-1.2008713165995828,-0.3041918912684436,0.7229146409538463,-0.9143260204049839,0.5505611813513597,-0.7258729828964409,-1.0161329645585022,1
0.7206745964472937,0.9009088760241706,-0.502969299721533,-0.6855401723176636,0.7785050963005594,-1.177851894974348,-0.4090788379283631,-1.461440576166749,-0.33784918875282943,0.5763988794695595,0.8085666669970842,0.5440170872249644,-1.0161329645585022,1
1.2290218621294098,0.9009088760241706,-0.502969299721533,-0.6837872184882956,0.7785050963005594,-1.177851894974348,-0.5674373336626071,0.853056793629862,0.7464125738903866,0.23238544103697253,1.066572152642809,0.5241750548793175,0.9841231756854657,0
-0.12657084635623306,0.9009088760241706,-1.179024470547907,-0.7414609787121903,-0.911310674287764,0.9048055324001227,-1.2008713165995828,0.2744324511807092,-1.4993184453303918,-0.9143260204049839,1.066572152642809,-0.26950623894656084,0.9841231756854657,0
-0.12657084635623306,0.9009088760241706,-1.179024470547907,-0.7507153115411066,-0.23538436605243465,0.9048055324001227,-1.2008713165995828,0.2744324511807092,0.8739727812601764,-0.9143260204049839,1.066572152642809,0.286070666731554,-1.0161329645585022,0
0.21232733076517762,-1.1099901739376037,-0.502969299721533,-0.7285901915866497,0.7785050963005594,0.9048055324001227,-1.2008713165995828,0.2744324511807092,-1.0495008719737637,-0.9143260204049839,0.03455021005991044,0.2463866020402601,-1.0161329645585022,0
0.5512255078865883,-1.1099901739376037,0.8491410419312149,-0.6832976548062197,0.4405419421828948,-1.177851894974348,0.06599664927436881,0.2744324511807092,-0.46205254856025635,1.4937680486231246,1.066572152642809,0.305912699077201,0.9841231756854657,0
0.5512255078865883,-1.1099901739376037,-0.502969299721533,-0.6854927951871402,0.2715603651240624,-1.177851894974348,0.6835947826379203,-0.3041918912684436,-0.6936750303632967,2.7551506562092767,0.5505611813513597,1.3972244780877838,0.9841231756854657,0
0.38177641932588297,-1.1099901739376037,-1.179024470547907,-0.6940996405655692,0.9474866733593919,0.9048055324001227,-1.2008713165995828,0.2744324511807092,0.15896425047687956,-0.9143260204049839,1.066572152642809,0.9011736694466097,-1.0161329645585022,0
0.0428782422044723,-1.1099901739376037,-0.502969299721533,-0.6859981512460571,0.10257878806523006,0.9048055324001227,-1.2008713165995828,-0.8828162337175963,-1.8752853723150364,-1.0289971665491795,-0.22345527558581418,-0.9242933063529105,0.9841231756854657,0
0.890123685007999,0.9009088760241706,-1.179024470547907,-0.6713112407837838,0.9474866733593919,0.9048055324001227,-1.2008713165995828,0.2744324511807092,-1.2475548781531747,-1.0289971665491795,-0.22345527558581418,-1.142555662155027,0.9841231756854657,0
0.38177641932588297,-1.1099901739376037,-0.502969299721533,0.5156438025973572,0.7785050963005594,0.9048055324001227,0.8577891279455886,1.4316811360790147,0.3301634761573873,-0.11162799739561437,-0.22345527558581418,0.12733440796637835,0.9841231756854657,0
0.5512255078865883,-1.1099901739376037,-1.179024470547907,0.2901602460593592,0.4405419421828948,0.9048055324001227,0.8577891279455886,0.853056793629862,1.1458774338115711,0.1177142948927768,0.03455021005991044,0.6233852166075523,-1.0161329645585022,1
0.7206745964472937,0.9009088760241706,-1.179024470547907,-0.6777229457812923,1.1164682504182242,0.21058638994196582,0.06599664927436881,-0.8828162337175963,-0.3680608168140954,1.4937680486231246,0.5505611813513597,0.16701847265767225,0.9841231756854657,0
0.0428782422044723,0.9009088760241706,1.5251962127575889,-0.6794601072338193,-0.06640278899360229,-1.177851894974348,0.8577891279455886,1.4316811360790147,0.001192415045823164,3.0991640946418633,0.8085666669970842,0.9210157017922567,-1.0161329645585022,0
0.21232733076517762,0.9009088760241706,-1.179024470547907,0.09232914137022195,-0.06640278899360229,0.9048055324001227,0.8577891279455886,0.2744324511807092,0.8269769153870962,0.3470565871811683,1.066572152642809,-0.9838194033898514,-1.0161329645585022,1
0.890123685007999,0.9009088760241706,0.8491410419312149,0.34568624303285694,1.2854498274770565,0.9048055324001227,0.8577891279455886,1.4316811360790147,1.9112386780303117,0.1177142948927768,0.8085666669970842,-2.630708088078549,-1.0161329645585022,1
0.890123685007999,-1.1099901739376037,-1.179024470547907,-0.6789547511749024,0.9474866733593919,0.21058638994196582,-0.7257958293968509,0.2744324511807092,-1.173704231781191,0.003043148748581378,0.8085666669970842,0.7027533459901402,0.9841231756854657,0
0.21232733076517762,0.9009088760241706,-1.179024470547907,0.6497052896019142,0.2715603651240624,0.9048055324001227,0.8577891279455886,0.2744324511807092,-0.37813135950118393,-0.2262991435398101,0.8085666669970842,1.238488219322608,-1.0161329645585022,0
-0.12657084635623306,0.9009088760241706,0.8491410419312149,0.6486787851072392,-0.06640278899360229,0.9048055324001227,0.8577891279455886,1.4316811360790147,0.19253272610050842,-0.2262991435398101,1.066572152642809,0.0479662785837905,0.9841231756854657,0
0.21232733076517762,0.9009088760241706,1.5251962127575889,0.6499105905008492,0.10257878806523006,0.9048055324001227,0.8577891279455886,-0.3041918912684436,0.3469477139692014,-0.2262991435398101,1.066572152642809,0.40512286080543575,0.9841231756854657,0
0.0428782422044723,0.9009088760241706,1.5251962127575889,0.6954084281802141,-0.5733475201700994,0.9048055324001227,0.8577891279455886,-1.461440576166749,0.1522505553521539,-0.2262991435398101,0.29255569570563505,1.2186461869769611,0.9841231756854657,0
-0.12657084635623306,0.9009088760241706,-0.502969299721533,0.7324731366264028,-0.23538436605243465,0.9048055324001227,0.8577891279455886,-0.3041918912684436,1.934736610966852,-0.2262991435398101,-0.22345527558581418,1.1392780575943733,-1.0161329645585022,0
0.5512255078865883,-1.1099901739376037,-1.179024470547907,0.7461651273476834,0.2715603651240624,0.9048055324001227,0.8577891279455886,-0.3041918912684436,-0.1397951825734185,-0.2262991435398101,0.5505611813513597,0.6233852166075523,0.9841231756854657,0
-0.12657084635623306,0.9009088760241706,1.5251962127575889,0.7557984772207874,-0.23538436605243465,0.9048055324001227,0.8577891279455886,-1.461440576166749,-0.0860856215756121,-0.2262991435398101,0.03455021005991044,1.0797519605574324,0.9841231756854657,0
0.21232733076517762,0.9009088760241706,-0.502969299721533,0.7744808590238726,-0.06640278899360229,0.9048055324001227,0.8577891279455886,-1.461440576166749,0.001192415045823164,-0.2262991435398101,0.03455021005991044,-1.2417658238832618,0.9841231756854657,0
0.7206745964472937,-1.1099901739376037,-1.179024470547907,0.8020859337422099,0.7785050963005594,0.9048055324001227,0.8577891279455886,0.853056793629862,-0.33784918875282943,-0.34097028968400567,0.8085666669970842,0.4448069254967297,-1.0161329645585022,0
0.38177641932588297,0.9009088760241706,0.8491410419312149,-0.6786389036380793,0.4405419421828948,-1.177851894974348,0.06599664927436881,-0.8828162337175963,-0.3680608168140954,1.4937680486231246,1.066572152642809,0.46464895784237664,-1.0161329645585022,0
0.0428782422044723,-1.1099901739376037,-0.502969299721533,-0.6783072637244151,0.2715603651240624,-1.177851894974348,-0.5674373336626071,1.4316811360790147,-1.6705176710108995,0.23238544103697253,0.5505611813513597,-2.03544711770914,0.9841231756854657,0
0.5512255078865883,-1.1099901739376037,-1.179024470547907,-0.6764437632571589,0.6095235192417271,-1.177851894974348,-1.327558113186978,-0.8828162337175963,0.001192415045823164,-1.2583394588375707,0.5505611813513597,0.32575473142284794,0.9841231756854657,0
1.0595727735687044,0.9009088760241706,0.8491410419312149,0.840113977175709,0.6095235192417271,0.9048055324001227,0.8577891279455886,0.853056793629862,0.561785957960427,-0.34097028968400567,1.066572152642809,1.2186461869769611,0.9841231756854657,0
1.2290218621294098,0.9009088760241706,-0.502969299721533,0.8406193332346259,1.2854498274770565,0.9048055324001227,0.8577891279455886,0.2744324511807092,0.03476089066945202,-0.34097028968400567,0.5505611813513597,-0.011559818453150373,0.9841231756854657,0
1.2290218621294098,0.9009088760241706,-1.179024470547907,-0.6823343198189094,0.9474866733593919,-1.177851894974348,-0.46846327382870456,0.853056793629862,-1.4724636648314886,0.4617277333253637,0.03455021005991044,0.12733440796637835,0.9841231756854657,0
0.890123685007999,0.9009088760241706,-1.179024470547907,0.8317124326962151,1.1164682504182242,0.9048055324001227,0.8577891279455886,-0.8828162337175963,1.1458774338115711,-0.34097028968400567,0.8085666669970842,0.46464895784237664,-1.0161329645585022,0
0.890123685007999,0.9009088760241706,-1.179024470547907,-0.6755593901540543,0.6095235192417271,-1.177851894974348,-0.8841543251310949,-1.461440576166749,0.001192415045823164,-0.34097028968400567,0.29255569570563505,1.0797519605574324,-1.0161329645585022,0
0.7206745964472937,-1.1099901739376037,-1.179024470547907,0.6713882230048188,0.4405419421828948,0.9048055324001227,0.8577891279455886,-0.8828162337175963,2.206641263518246,-0.2262991435398101,0.5505611813513597,0.782121475372728,-1.0161329645585022,1
1.2290218621294098,0.9009088760241706,-0.502969299721533,0.9743333879486776,1.1164682504182242,0.9048055324001227,0.8577891279455886,0.853056793629862,-0.46205254856025635,-0.34097028968400567,0.5505611813513597,-1.4203441149940845,0.9841231756854657,0
0.21232733076517762,0.9009088760241706,0.8491410419312149,1.034233873307175,-0.06640278899360229,0.9048055324001227,0.8577891279455886,-0.8828162337175963,-1.3751150855229646,-0.45564143582820127,0.29255569570563505,0.7225953783357871,0.9841231756854657,0
0.38177641932588297,0.9009088760241706,-0.502969299721533,1.024900578594053,-0.06640278899360229,0.9048055324001227,0.8577891279455886,0.2744324511807092,-1.623521805137819,-0.45564143582820127,0.5505611813513597,-0.46792656240303043,0.9841231756854657,0
0.21232733076517762,-1.1099901739376037,1.5251962127575889,1.0270167570907676,-0.06640278899360229,0.9048055324001227,0.8577891279455886,-1.461440576166749,-0.46205254856025635,-0.45564143582820127,0.03455021005991044,0.7027533459901402,-1.0161329645585022,0
0.7206745964472937,0.9009088760241706,-0.502969299721533,1.0319439786652076,0.7785050963005594,0.9048055324001227,0.8577891279455886,1.4316811360790147,1.5688402266692962,-0.45564143582820127,0.29255569570563505,0.12733440796637835,0.9841231756854657,0
0.5512255078865883,0.9009088760241706,0.8491410419312149,-0.6774386829981516,1.2854498274770565,-1.177851894974348,-1.2008713165995828,0.853056793629862,-1.0427871768490378,-1.0289971665491795,1.066572152642809,-2.749760282152431,0.9841231756854657,0
-0.12657084635623306,-1.1099901739376037,-0.502969299721533,1.0674610341809632,-0.404365943111267,0.9048055324001227,0.8577891279455886,0.853056793629862,0.5785701957722418,-0.45564143582820127,-0.22345527558581418,0.9805417988291976,-1.0161329645585022,0
0.0428782422044723,-1.1099901739376037,-0.502969299721533,-0.677991416187592,-0.06640278899360229,-1.177851894974348,-0.765385453330412,0.2744324511807092,-1.0427871768490378,-0.11162799739561437,0.29255569570563505,-0.8449251769703227,-1.0161329645585022,0
-0.12657084635623306,-1.1099901739376037,1.5251962127575889,1.2123876764522343,-0.23538436605243465,0.9048055324001227,0.8577891279455886,0.2744324511807092,0.001192415045823164,-0.45564143582820127,0.29255569570563505,-2.23386744116561,0.9841231756854657,0
-0.12657084635623306,0.9009088760241706,1.5251962127575889,1.2555324499822673,-0.5733475201700994,0.9048055324001227,0.8577891279455886,-0.3041918912684436,0.03811773823181484,-0.570312581972397,-0.22345527558581418,-0.13061201252703214,0.9841231756854657,0
0.21232733076517762,0.9009088760241706,1.5251962127575889,1.1807397532625614,0.10257878806523006,0.9048055324001227,0.8577891279455886,-0.8828162337175963,-0.46205254856025635,-0.45564143582820127,0.8085666669970842,0.3654387961141419,-1.0161329645585022,1
0.0428782422044723,0.9009088760241706,0.8491410419312149,1.4082921111667506,-0.06640278899360229,0.9048055324001227,0.8577891279455886,-1.461440576166749,0.0851136041048956,-0.570312581972397,-0.22345527558581418,-0.5472946917856183,0.9841231756854657,0
0.0428782422044723,-1.1099901739376037,-0.502969299721533,1.4671187149000497,0.10257878806523006,0.9048055324001227,0.8577891279455886,-0.3041918912684436,0.5114332445249834,-0.570312581972397,0.03455021005991044,0.801963507718375,-1.0161329645585022,0
1.2290218621294098,0.9009088760241706,-1.179024470547907,-0.6777703229118158,0.9474866733593919,-1.177851894974348,0.22435514500861276,0.2744324511807092,-0.11965409719924096,1.8377814870557112,1.066572152642809,-0.15045404487267908,0.9841231756854657,0
1.0595727735687044,0.9009088760241706,-0.502969299721533,1.5353891599843588,1.2854498274770565,0.9048055324001227,0.8577891279455886,-0.8828162337175963,-0.6936750303632967,-0.6849837281165926,-0.22345527558581418,0.6233852166075523,-1.0161329645585022,0
0.21232733076517762,-1.1099901739376037,0.8491410419312149,1.587582965444373,0.4405419421828948,0.9048055324001227,0.8577891279455886,0.853056793629862,1.7836784706605218,-0.6849837281165926,0.8085666669970842,-0.09092794783573821,0.9841231756854657,0
0.5512255078865883,-1.1099901739376037,0.8491410419312149,1.5974847857237766,0.6095235192417271,0.9048055324001227,0.8577891279455886,-0.3041918912684436,0.001192415045823164,-0.6849837281165926,1.066572152642809,-0.4877685947486774,0.9841231756854657,0
0.38177641932588297,-1.1099901739376037,-0.502969299721533,1.8782100764521317,0.10257878806523006,0.9048055324001227,0.8577891279455886,1.4316811360790147,0.9780350556934264,-0.6849837281165926,0.8085666669970842,0.7622794430270811,0.9841231756854657,0
0.38177641932588297,0.9009088760241706,1.5251962127575889,2.0692030819690492,0.4405419421828948,0.9048055324001227,0.8577891279455886,-1.461440576166749,0.0851136041048956,-0.7996548742607882,0.5505611813513597,1.317856348705196,0.9841231756854657,0
0.21232733076517762,0.9009088760241706,-0.502969299721533,2.544221984974123,-0.23538436605243465,0.9048055324001227,0.8577891279455886,-1.461440576166749,-0.21364582894540246,-0.9143260204049839,-0.22345527558581418,0.12733440796637835,0.9841231756854657,0
0.5512255078865883,0.9009088760241706,0.8491410419312149,2.541063509605892,0.4405419421828948,0.9048055324001227,0.8577891279455886,-0.3041918912684436,0.11868207972852446,-0.9143260204049839,0.5505611813513597,-1.3012919209202027,-1.0161329645585022,0
0.0428782422044723,-1.1099901739376037,-0.502969299721533,2.537352301048221,0.10257878806523006,0.9048055324001227,0.8577891279455886,1.4316811360790147,0.23952859197358917,-0.9143260204049839,1.066572152642809,-0.6663468858595001,0.9841231756854657,0
0.7206745964472937,-1.1099901739376037,-1.179024470547907,3.114216242301897,0.6095235192417271,0.9048055324001227,0.8577891279455886,-0.3041918912684436,-1.6839450612603513,-1.0289971665491795,-0.22345527558581418,-1.3211339532658497,0.9841231756854657,0
0.890123685007999,-1.1099901739376037,1.5251962127575889,-0.6732063260047223,0.9474866733593919,-1.177851894974348,-0.7257958293968509,0.2744324511807092,0.001192415045823164,-0.11162799739561437,0.8085666669970842,0.8813316371009629,0.9841231756854657,0
1.0595727735687044,0.9009088760241706,-0.502969299721533,-0.6767911955476643,0.9474866733593919,0.9048055324001227,0.8538301655522325,-0.3041918912684436,0.5114332445249834,2.984492948497668,1.066572152642809,0.5837011519162584,-1.0161329645585022,1
0.38177641932588297,0.9009088760241706,-0.502969299721533,-0.6813078153242343,0.2715603651240624,-1.177851894974348,-0.7099599798234266,-0.8828162337175963,-1.0427871768490378,0.003043148748581378,0.5505611813513597,0.821805540064022,-1.0161329645585022,0
0.0428782422044723,-1.1099901739376037,1.5251962127575889,-0.6743433771372854,0.10257878806523006,0.9048055324001227,0.8261174287987398,0.853056793629862,0.04483143335654109,2.984492948497668,-0.22345527558581418,1.1789621222856672,-1.0161329645585022,1
0.7206745964472937,0.9009088760241706,-1.179024470547907,-0.30077470295978553,1.2854498274770565,0.9048055324001227,0.8261174287987398,0.2744324511807092,-0.059230841076708896,1.1497546101905376,-0.22345527558581418,0.18686050500331922,-1.0161329645585022,0
0.0428782422044723,-1.1099901739376037,0.8491410419312149,0.042062005884828495,-0.23538436605243465,0.9048055324001227,0.8261174287987398,-0.8828162337175963,-0.34120603631519225,0.4617277333253637,0.8085666669970842,0.5440170872249644,0.9841231756854657,0
0.38177641932588297,-1.1099901739376037,0.8491410419312149,-0.4440431456627354,0.6095235192417271,0.9048055324001227,0.8181995040120276,-1.461440576166749,0.001192415045823164,1.6084391947673204,0.29255569570563505,0.782121475372728,-1.0161329645585022,1
0.7206745964472937,0.9009088760241706,1.5251962127575889,-0.6807392897579528,0.9474866733593919,-1.177851894974348,0.06599664927436881,1.4316811360790147,-1.173704231781191,1.4937680486231246,0.8085666669970842,0.6432272489531993,0.9841231756854657,0
1.0595727735687044,-1.1099901739376037,-0.502969299721533,-0.6725430461773938,0.9474866733593919,-1.177851894974348,-0.8366467764108217,-1.461440576166749,-1.0427871768490378,-0.2262991435398101,-0.22345527558581418,-0.38855843302044263,0.9841231756854657,0
-0.12657084635623306,0.9009088760241706,-0.502969299721533,-0.5462514085786846,-0.23538436605243465,0.9048055324001227,0.8102815792253154,0.2744324511807092,-1.6839450612603513,2.0671237793441026,0.8085666669970842,-0.11076998018138517,-1.0161329645585022,1
-0.12657084635623306,0.9009088760241706,0.8491410419312149,-0.6805971583663825,0.10257878806523006,0.9048055324001227,-1.2008713165995828,-0.8828162337175963,0.16232109803924238,-1.0289971665491795,0.5505611813513597,0.6630692812988462,-1.0161329645585022,0
0.21232733076517762,0.9009088760241706,-1.179024470547907,-0.6808182516421586,0.10257878806523006,0.9048055324001227,-1.2008713165995828,-1.461440576166749,-0.0860856215756121,-1.0289971665491795,0.29255569570563505,-0.4877685947486774,-1.0161329645585022,0
0.0428782422044723,-1.1099901739376037,0.8491410419312149,-0.6726851775689642,0.4405419421828948,0.9048055324001227,-1.2008713165995828,0.853056793629862,0.4745079213389917,-1.0289971665491795,0.03455021005991044,0.2463866020402601,-1.0161329645585022,0
1.2290218621294098,0.9009088760241706,0.8491410419312149,-0.685161155273476,1.4544314045358888,-1.177851894974348,-0.9950052721450657,-0.8828162337175963,-1.6839450612603513,-0.570312581972397,0.03455021005991044,0.0479662785837905,0.9841231756854657,0
0.5512255078865883,-1.1099901739376037,0.8491410419312149,-0.6221653640541123,1.1164682504182242,0.9048055324001227,-1.2008713165995828,-1.461440576166749,-1.7510820125076092,-1.0289971665491795,-0.22345527558581418,0.8416475724096689,0.9841231756854657,0
0.38177641932588297,0.9009088760241706,0.17308587110484092,-0.6198912617889861,0.6095235192417271,0.9048055324001227,-1.2008713165995828,1.4316811360790147,0.001192415045823164,-1.0289971665491795,0.5505611813513597,1.1591200899400202,0.9841231756854657,0
0.5512255078865883,-1.1099901739376037,0.8491410419312149,-0.49220989502825535,0.9474866733593919,0.9048055324001227,-1.2008713165995828,0.2744324511807092,-0.21364582894540246,-1.143668312693375,0.29255569570563505,0.3455967637684949,0.9841231756854657,0
-0.12657084635623306,0.9009088760241706,-1.179024470547907,-0.4898726232557645,-0.06640278899360229,0.9048055324001227,-1.2008713165995828,-1.461440576166749,-0.0860856215756121,-1.143668312693375,0.03455021005991044,-0.9639773710442044,-1.0161329645585022,0
-0.12657084635623306,-1.1099901739376037,0.8491410419312149,-0.27885488390426366,-0.23538436605243465,0.9048055324001227,-1.2008713165995828,-0.3041918912684436,-1.0964967378468442,-1.2583394588375707,0.03455021005991044,0.18686050500331922,-1.0161329645585022,0
0.38177641932588297,0.9009088760241706,-1.179024470547907,-0.26658420709868696,0.4405419421828948,0.9048055324001227,-1.2008713165995828,-1.461440576166749,-0.34120603631519225,-1.2583394588375707,-0.22345527558581418,-1.142555662155027,-1.0161329645585022,0
0.21232733076517762,0.9009088760241706,-0.502969299721533,-0.25996720120224337,-0.23538436605243465,0.9048055324001227,-1.2008713165995828,-1.461440576166749,0.9108981044461687,-1.2583394588375707,0.03455021005991044,0.3455967637684949,0.9841231756854657,0
0.21232733076517762,0.9009088760241706,0.8491410419312149,-0.2233288869307659,0.7785050963005594,0.9048055324001227,-1.2008713165995828,-0.3041918912684436,-0.33449234119046656,-1.2583394588375707,0.29255569570563505,-0.2893482712922078,0.9841231756854657,0
0.5512255078865883,-1.1099901739376037,-1.179024470547907,-0.30205388548391904,0.6095235192417271,0.9048055324001227,-1.2008713165995828,0.853056793629862,-1.8752853723150364,-1.2583394588375707,0.5505611813513597,0.7622794430270811,-1.0161329645585022,1
0.0428782422044723,-1.1099901739376037,1.5251962127575889,-0.29561059573272813,-0.06640278899360229,0.9048055324001227,-1.2008713165995828,0.2744324511807092,1.9750187817152072,-1.2583394588375707,0.29255569570563505,-0.03140185079879733,-1.0161329645585022,1
0.7206745964472937,-1.1099901739376037,-1.179024470547907,-0.6817500018757867,0.7785050963005594,-1.177851894974348,-0.09236184645987515,1.4316811360790147,-1.8752853723150364,1.1497546101905376,0.8085666669970842,1.0599099282117854,0.9841231756854657,0
0.890123685007999,-1.1099901739376037,1.5251962127575889,-0.15730095935790067,0.6095235192417271,0.9048055324001227,-1.2008713165995828,-1.461440576166749,0.001192415045823164,-1.2583394588375707,-0.22345527558581418,0.3455967637684949,-1.0161329645585022,0
1.2290218621294098,0.9009088760241706,0.8491410419312149,-0.12380532807781286,1.2854498274770565,0.9048055324001227,-1.2008713165995828,-1.461440576166749,0.830333762949459,-1.2583394588375707,0.29255569570563505,2.0123274808028393,0.9841231756854657,0
-0.12657084635623306,0.9009088760241706,-0.502969299721533,-0.10523349291261565,0.10257878806523006,0.9048055324001227,-1.2008713165995828,-0.3041918912684436,-0.3680608168140954,-1.2583394588375707,0.8085666669970842,-0.011559818453150373,0.9841231756854657,0
0.0428782422044723,0.9009088760241706,-0.502969299721533,-0.10843934541136993,-0.7423290972289317,0.9048055324001227,-1.2008713165995828,-0.8828162337175963,0.001192415045823164,-1.2583394588375707,0.03455021005991044,1.238488219322608,0.9841231756854657,0
0.5512255078865883,0.9009088760241706,-1.179024470547907,-0.6813078153242343,0.6095235192417271,-1.177851894974348,-0.7257958293968509,1.4316811360790147,0.001192415045823164,0.003043148748581378,0.29255569570563505,0.4249648931510827,0.9841231756854657,0
0.0428782422044723,0.9009088760241706,-0.502969299721533,-0.2241974676570294,-0.06640278899360229,0.9048055324001227,-1.2008713165995828,0.2744324511807092,1.1458774338115711,-1.2583394588375707,0.29255569570563505,-1.12271362980938,-1.0161329645585022,1
0.21232733076517762,0.9009088760241706,0.8491410419312149,-0.6810235525410936,0.10257878806523006,-1.177851894974348,-0.8841543251310949,-0.8828162337175963,0.001192415045823164,-0.34097028968400567,0.03455021005991044,-1.202081759191968,-1.0161329645585022,0
0.38177641932588297,0.9009088760241706,1.5251962127575889,-0.6764753480108412,0.4405419421828948,-1.177851894974348,0.06599664927436881,1.4316811360790147,-1.3482603050240614,1.4937680486231246,-0.22345527558581418,-1.182239726846321,0.9841231756854657,0
0.21232733076517762,0.9009088760241706,-0.502969299721533,0.05131633871374479,-0.23538436605243465,0.9048055324001227,-1.2008713165995828,-1.461440576166749,0.001192415045823164,-1.3730106049817663,0.8085666669970842,0.286070666731554,0.9841231756854657,0
0.38177641932588297,-1.1099901739376037,-0.502969299721533,0.05708055626076603,0.10257878806523006,0.9048055324001227,-1.2008713165995828,0.2744324511807092,-1.623521805137819,-1.3730106049817663,1.066572152642809,1.2186461869769611,-1.0161329645585022,0
0.7206745964472937,-1.1099901739376037,-1.179024470547907,-0.6796969928864366,0.2715603651240624,-1.177851894974348,-0.4090788379283631,-0.8828162337175963,-1.3482603050240614,0.5763988794695595,0.03455021005991044,0.20670253734896618,0.9841231756854657,0
-0.12657084635623306,-1.1099901739376037,-0.502969299721533,0.0606338410500257,-0.404365943111267,0.9048055324001227,-1.2008713165995828,0.2744324511807092,-1.3482603050240614,-1.3730106049817663,-0.22345527558581418,-2.03544711770914,0.9841231756854657,0
0.38177641932588297,0.9009088760241706,-0.502969299721533,0.08195354978558371,-0.06640278899360229,0.9048055324001227,-1.2008713165995828,-0.8828162337175963,-0.11965409719924096,-1.3730106049817663,0.8085666669970842,0.4249648931510827,-1.0161329645585022,0
1.2290218621294098,-1.1099901739376037,-0.502969299721533,-0.6754330511393251,1.2854498274770565,-1.177851894974348,-1.046471783258695,-1.461440576166749,-1.6839450612603513,-0.6849837281165926,-0.22345527558581418,0.5043330225336705,-1.0161329645585022,0
1.2290218621294098,0.9009088760241706,0.8491410419312149,0.07969523989729868,1.4544314045358888,0.9048055324001227,-1.2008713165995828,-0.8828162337175963,0.9108981044461687,-1.3730106049817663,0.29255569570563505,-1.142555662155027,0.9841231756854657,0
0.5512255078865883,-1.1099901739376037,-0.502969299721533,-0.6815604933536928,0.4405419421828948,-1.177851894974348,-0.021100523379465372,0.853056793629862,-0.8447331706696268,1.379096902478929,0.5505611813513597,-0.8647672093159696,-1.0161329645585022,0
0.21232733076517762,0.9009088760241706,1.5251962127575889,0.11585978286354154,0.9474866733593919,0.9048055324001227,-1.2008713165995828,-1.461440576166749,1.2029438423717405,-1.3730106049817663,0.5505611813513597,-1.7378166325244357,-1.0161329645585022,1
1.2290218621294098,0.9009088760241706,-0.502969299721533,0.2647029345914188,1.6234129815947211,0.9048055324001227,-1.2008713165995828,1.4316811360790147,0.665848232393677,-1.3730106049817663,0.8085666669970842,0.9408577341379036,0.9841231756854657,0
0.5512255078865883,-1.1099901739376037,-1.179024470547907,-0.6750698264719786,-0.5733475201700994,-1.177851894974348,-0.8841543251310949,0.2744324511807092,1.5486991412951188,-0.34097028968400567,0.29255569570563505,-1.2219237915376149,-1.0161329645585022,1
1.0595727735687044,-1.1099901739376037,-1.179024470547907,0.26435550230091337,1.4544314045358888,0.9048055324001227,-1.2008713165995828,0.853056793629862,-0.21700267650776528,-1.3730106049817663,0.29255569570563505,1.1194360252487263,-1.0161329645585022,0
0.21232733076517762,0.9009088760241706,-0.502969299721533,0.2752206575676274,0.10257878806523006,0.9048055324001227,-1.2008713165995828,0.853056793629862,-0.41841353024953903,-1.3730106049817663,1.066572152642809,0.16701847265767225,-1.0161329645585022,0
-0.12657084635623306,0.9009088760241706,0.8491410419312149,0.36334212034126717,0.4405419421828948,0.9048055324001227,-1.2008713165995828,-1.461440576166749,1.0787404825643134,-1.3730106049817663,0.8085666669970842,0.821805540064022,-1.0161329645585022,0
0.5512255078865883,0.9009088760241706,-1.179024470547907,0.3810611671570421,0.2715603651240624,0.9048055324001227,-1.2008713165995828,0.853056793629862,-1.6839450612603513,-1.3730106049817663,-0.22345527558581418,-1.162397694500674,-1.0161329645585022,0
0.21232733076517762,0.9009088760241706,-0.502969299721533,0.6923604994498714,-0.06640278899360229,0.9048055324001227,-1.2008713165995828,-0.3041918912684436,-0.7138161157374736,-1.3730106049817663,0.29255569570563505,1.3773824457421369,-1.0161329645585022,0
0.5512255078865883,-1.1099901739376037,1.5251962127575889,0.9935842953180444,0.6095235192417271,0.9048055324001227,-1.2008713165995828,0.853056793629862,1.9750187817152072,-1.487681751125962,0.5505611813513597,-1.8767108589439645,-1.0161329645585022,1
1.0595727735687044,-1.1099901739376037,1.5251962127575889,-0.6762542547350651,1.7923945586535535,0.21058638994196582,-0.5674373336626071,0.2744324511807092,-1.2475548781531747,0.23238544103697253,0.8085666669970842,0.5837011519162584,0.9841231756854657,0
0.890123685007999,-1.1099901739376037,0.8491410419312149,1.2596384679609673,0.7785050963005594,0.9048055324001227,-1.2008713165995828,-0.8828162337175963,0.11868207972852446,-1.487681751125962,0.8085666669970842,-0.26950623894656084,0.9841231756854657,0
1.2290218621294098,0.9009088760241706,0.8491410419312149,-0.6783862256086208,1.1164682504182242,-1.177851894974348,0.06599664927436881,-0.3041918912684436,0.8135495251376443,1.4937680486231246,0.29255569570563505,-0.3488743683291487,-1.0161329645585022,1
0.5512255078865883,0.9009088760241706,0.8491410419312149,-0.681781586629469,0.4405419421828948,0.9048055324001227,-1.1929533918128707,-0.3041918912684436,-0.7138161157374736,-0.9143260204049839,0.29255569570563505,-0.4877685947486774,-1.0161329645585022,1
0.21232733076517762,0.9009088760241706,-0.502969299721533,-0.11083978669122535,0.2715603651240624,0.9048055324001227,-1.1889944294195145,0.853056793629862,1.417782086362966,-1.2583394588375707,0.29255569570563505,-0.6266628211682062,0.9841231756854657,0
0.890123685007999,-1.1099901739376037,-1.179024470547907,-0.6811025144252993,1.1164682504182242,0.21058638994196582,-0.7257958293968509,1.4316811360790147,0.561785957960427,0.003043148748581378,1.066572152642809,0.40512286080543575,0.9841231756854657,0
0.38177641932588297,0.9009088760241706,1.5251962127575889,-1.0311563394863208,0.7785050963005594,0.9048055324001227,-1.1850354670261585,0.2744324511807092,-1.4254677989584081,0.003043148748581378,0.03455021005991044,1.1591200899400202,-1.0161329645585022,1
0.38177641932588297,-1.1099901739376037,-1.179024470547907,-1.01417953438208,0.6095235192417271,0.9048055324001227,-1.1850354670261585,0.853056793629862,0.4980058542755321,-0.11162799739561437,0.29255569570563505,1.0599099282117854,-1.0161329645585022,1
0.890123685007999,-1.1099901739376037,-1.179024470547907,-0.9748407236707654,1.6234129815947211,0.9048055324001227,-1.1850354670261585,1.4316811360790147,1.4110683912382405,-0.2262991435398101,1.066572152642809,0.286070666731554,-1.0161329645585022,1
1.0595727735687044,-1.1099901739376037,-1.179024470547907,-0.8523550488907743,0.4405419421828948,0.9048055324001227,-1.1850354670261585,0.2744324511807092,-1.0495008719737637,-0.6849837281165926,0.5505611813513597,-2.3727616675851384,0.9841231756854657,0
0.21232733076517762,0.9009088760241706,-1.179024470547907,-0.6468804338105184,0.4405419421828948,0.9048055324001227,-1.1850354670261585,0.853056793629862,0.001192415045823164,-1.0289971665491795,0.03455021005991044,-0.7258729828964409,0.9841231756854657,0
-0.12657084635623306,-1.1099901739376037,1.5251962127575889,-0.6128794464715137,0.6095235192417271,0.9048055324001227,-1.1850354670261585,0.2744324511807092,0.4040141225293712,-1.0289971665491795,0.8085666669970842,1.5162766721616654,-1.0161329645585022,0
0.21232733076517762,0.9009088760241706,-0.502969299721533,-0.6751961654867077,0.6095235192417271,-1.177851894974348,-0.5674373336626071,1.4316811360790147,-1.7510820125076092,0.23238544103697253,0.5505611813513597,-1.202081759191968,0.9841231756854657,0
-0.12657084635623306,0.9009088760241706,-0.502969299721533,-0.5109554463387053,-0.23538436605243465,0.9048055324001227,-1.1850354670261585,-1.461440576166749,0.001192415045823164,-1.143668312693375,0.03455021005991044,0.08765034327508442,0.9841231756854657,0
0.7206745964472937,0.9009088760241706,1.5251962127575889,-0.2598566545643553,0.6095235192417271,0.9048055324001227,-1.1850354670261585,0.2744324511807092,0.001192415045823164,-1.2583394588375707,0.29255569570563505,-1.12271362980938,0.9841231756854657,0
0.0428782422044723,0.9009088760241706,0.8491410419312149,-0.6757173139224658,0.4405419421828948,-1.177851894974348,-1.042512820865339,-1.461440576166749,-1.2475548781531747,-0.6849837281165926,-0.22345527558581418,-1.3012919209202027,-1.0161329645585022,0
0.890123685007999,0.9009088760241706,1.5251962127575889,-0.680139179437989,1.1164682504182242,-1.177851894974348,0.06599664927436881,-0.3041918912684436,-1.7510820125076092,1.4937680486231246,0.03455021005991044,1.5956448015442533,-1.0161329645585022,0
0.0428782422044723,0.9009088760241706,-0.502969299721533,-0.5869009865678152,-0.404365943111267,0.9048055324001227,-1.1810765046328024,1.4316811360790147,1.4312094766124175,-1.0289971665491795,0.03455021005991044,0.5837011519162584,-1.0161329645585022,0
0.0428782422044723,0.9009088760241706,0.8491410419312149,-0.8648468189721271,-0.7423290972289317,0.9048055324001227,-1.1771175422394462,0.2744324511807092,-0.21364582894540246,-0.570312581972397,0.03455021005991044,-0.7655570475877348,0.9841231756854657,0
-0.12657084635623306,0.9009088760241706,-0.502969299721533,-0.7892645034103637,-0.06640278899360229,0.9048055324001227,-1.1771175422394462,0.2744324511807092,1.2465828606824585,-0.7996548742607882,0.29255569570563505,-0.8052411122790287,0.9841231756854657,0
1.0595727735687044,-1.1099901739376037,1.5251962127575889,-0.6731273641205165,1.1164682504182242,0.9048055324001227,0.6994306322113446,0.853056793629862,-0.707102420612748,2.7551506562092767,0.29255569570563505,0.14717644031202531,-1.0161329645585022,1
-0.12657084635623306,0.9009088760241706,-0.502969299721533,-0.6657681165125388,-0.23538436605243465,0.9048055324001227,0.6994306322113446,0.853056793629862,-1.0495008719737637,2.640479510065081,-0.22345527558581418,-0.32903233598350173,-1.0161329645585022,1
0.38177641932588297,-1.1099901739376037,-0.502969299721533,-0.6225601734751411,0.2715603651240624,0.9048055324001227,0.6994306322113446,1.4316811360790147,-1.2475548781531747,2.411137217776689,1.066572152642809,-0.6068207888225592,-1.0161329645585022,1
0.0428782422044723,-1.1099901739376037,1.5251962127575889,-0.6066414576192578,-0.23538436605243465,0.9048055324001227,0.6994306322113446,-0.8828162337175963,0.001192415045823164,2.2964660716324943,-0.22345527558581418,0.6630692812988462,-1.0161329645585022,1
-0.12657084635623306,-1.1099901739376037,-0.502969299721533,-0.5825264981828155,-0.5733475201700994,0.9048055324001227,0.6994306322113446,0.853056793629862,1.0955247203761276,2.1817949254882985,0.5505611813513597,-0.20998014190961997,-1.0161329645585022,1
0.0428782422044723,-1.1099901739376037,-1.179024470547907,-0.6992163706621031,-0.23538436605243465,0.9048055324001227,0.6994306322113446,-0.3041918912684436,0.3301634761573873,2.869821802353472,0.8085666669970842,-0.3488743683291487,-1.0161329645585022,1
1.0595727735687044,0.9009088760241706,1.5251962127575889,-0.5622017091882503,1.1164682504182242,0.9048055324001227,0.6994306322113446,-1.461440576166749,-1.173704231781191,2.0671237793441026,0.03455021005991044,1.0003838311748445,-1.0161329645585022,1
1.2290218621294098,0.9009088760241706,-1.179024470547907,-0.5429665941957246,1.4544314045358888,0.9048055324001227,0.6994306322113446,-1.461440576166749,-1.0495008719737637,1.952452633199907,0.5505611813513597,0.46464895784237664,-1.0161329645585022,1
0.38177641932588297,0.9009088760241706,-0.502969299721533,-0.4933943232913419,0.2715603651240624,0.9048055324001227,0.6994306322113446,0.2744324511807092,0.5785701957722418,1.7231103409115156,0.5505611813513597,-0.22982217425526694,-1.0161329645585022,1
-0.12657084635623306,-1.1099901739376037,-1.179024470547907,-0.595381492931515,-0.5733475201700994,0.9048055324001227,0.6994306322113446,0.2744324511807092,2.958575117487536,2.1817949254882985,1.066572152642809,-1.3409759856114967,-1.0161329645585022,1
0.0428782422044723,0.9009088760241706,-1.179024470547907,-0.4855613043781295,-0.23538436605243465,0.9048055324001227,0.6994306322113446,0.853056793629862,0.2965950005337584,1.6084391947673204,-0.22345527558581418,-0.8449251769703227,-1.0161329645585022,1
0.21232733076517762,0.9009088760241706,-0.502969299721533,-0.48442425324556637,0.10257878806523006,0.9048055324001227,0.6994306322113446,1.4316811360790147,-0.8447331706696268,1.6084391947673204,1.066572152642809,-1.5790803737592602,-1.0161329645585022,1
0.0428782422044723,-1.1099901739376037,-0.502969299721533,-0.6818763408905159,-0.404365943111267,0.21058638994196582,-0.3298995900612411,-0.3041918912684436,0.6624913848313142,0.6910700256137552,0.5505611813513597,-1.0235034680811452,0.9841231756854657,0
0.21232733076517762,0.9009088760241706,-1.179024470547907,-0.9797363604915231,0.4405419421828948,0.9048055324001227,-1.1691996174527342,-1.461440576166749,-1.6839450612603513,-0.2262991435398101,1.066572152642809,-0.32903233598350173,0.9841231756854657,0
0.21232733076517762,-1.1099901739376037,-0.502969299721533,-0.9610381863115967,-0.23538436605243465,0.9048055324001227,-1.1691996174527342,0.853056793629862,0.830333762949459,-0.2262991435398101,1.066572152642809,1.4170665104334308,-1.0161329645585022,1
1.0595727735687044,0.9009088760241706,1.5251962127575889,-0.6840556888945951,1.2854498274770565,-1.177851894974348,0.6994306322113446,1.4316811360790147,-1.173704231781191,2.7551506562092767,0.5505611813513597,-0.5869787564769122,0.9841231756854657,0
0.21232733076517762,0.9009088760241706,-0.502969299721533,-0.9271003684799566,0.4405419421828948,0.9048055324001227,-1.1691996174527342,-0.3041918912684436,-0.5661148229935064,-0.45564143582820127,-0.22345527558581418,-0.38855843302044263,-1.0161329645585022,1
0.0428782422044723,0.9009088760241706,0.17308587110484092,-0.6751172036025019,-0.23538436605243465,-1.177851894974348,-1.042512820865339,-0.8828162337175963,-1.4254677989584081,-0.6849837281165926,0.8085666669970842,1.1591200899400202,0.9841231756854657,0
0.5512255078865883,-1.1099901739376037,1.5251962127575889,-0.6807866668884762,0.4405419421828948,0.9048055324001227,-1.1691996174527342,0.2744324511807092,-1.1804179269059165,-0.9143260204049839,1.066572152642809,0.3654387961141419,0.9841231756854657,0
0.5512255078865883,-1.1099901739376037,0.8491410419312149,-0.5215995083296431,0.6095235192417271,0.9048055324001227,-1.1691996174527342,-0.8828162337175963,0.6893461653302174,-1.0289971665491795,1.066572152642809,-2.531497926350314,0.9841231756854657,0
1.2290218621294098,-1.1099901739376037,-0.502969299721533,-0.48747218197590914,1.1164682504182242,0.9048055324001227,-1.1691996174527342,0.2744324511807092,0.001192415045823164,-1.143668312693375,1.066572152642809,-0.190138109563973,-1.0161329645585022,0
0.5512255078865883,-1.1099901739376037,0.8491410419312149,-0.4533132708684928,0.7785050963005594,0.9048055324001227,-1.1691996174527342,-1.461440576166749,-0.46205254856025635,-1.143668312693375,0.5505611813513597,0.7225953783357871,-1.0161329645585022,0
-0.12657084635623306,0.9009088760241706,-0.502969299721533,-0.4945787515544285,0.10257878806523006,0.9048055324001227,-1.1691996174527342,0.2744324511807092,0.001192415045823164,-1.0289971665491795,0.5505611813513597,1.1789621222856672,-1.0161329645585022,1
0.7206745964472937,0.9009088760241706,1.5251962127575889,-0.4177488382222138,0.10257878806523006,0.9048055324001227,-1.1691996174527342,0.2744324511807092,1.5587696839822078,-1.143668312693375,-0.22345527558581418,-1.2814498885745558,-1.0161329645585022,1
0.38177641932588297,-1.1099901739376037,1.5251962127575889,-0.24818608807874243,-0.06640278899360229,0.9048055324001227,-1.1691996174527342,0.2744324511807092,-0.005521280078902488,-1.2583394588375707,0.5505611813513597,-1.102871597463733,0.9841231756854657,0
-0.12657084635623306,-1.1099901739376037,-1.179024470547907,0.0787950744173529,-0.7423290972289317,0.9048055324001227,-1.1691996174527342,-0.3041918912684436,-0.08944246913797492,-1.2583394588375707,0.5505611813513597,0.7225953783357871,-1.0161329645585022,0
0.38177641932588297,-1.1099901739376037,-1.179024470547907,-0.6825869978483678,0.10257878806523006,0.21058638994196582,-0.7257958293968509,0.853056793629862,-1.2979075915886182,0.003043148748581378,0.29255569570563505,-1.102871597463733,0.9841231756854657,0
0.0428782422044723,0.9009088760241706,1.5251962127575889,0.27398885217401736,0.6095235192417271,0.9048055324001227,-1.1691996174527342,-1.461440576166749,-0.34120603631519225,-1.3730106049817663,0.03455021005991044,-0.32903233598350173,-1.0161329645585022,0
0.0428782422044723,0.9009088760241706,0.8491410419312149,-0.6843083669240536,-0.5733475201700994,-1.177851894974348,-0.5674373336626071,0.2744324511807092,0.9981761410676039,0.23238544103697253,0.5505611813513597,0.38528082845978884,0.9841231756854657,0
1.0595727735687044,0.9009088760241706,-0.502969299721533,1.027158888482338,1.6234129815947211,0.9048055324001227,-1.1691996174527342,-1.461440576166749,-1.173704231781191,-1.3730106049817663,-0.22345527558581418,0.7424374106814341,-1.0161329645585022,0
-0.12657084635623306,0.9009088760241706,1.5251962127575889,-0.9531419978910196,-0.06640278899360229,0.9048055324001227,-1.1612816926660219,-0.3041918912684436,2.431550050196561,-0.2262991435398101,0.03455021005991044,0.286070666731554,-1.0161329645585022,1
0.21232733076517762,0.9009088760241706,-1.179024470547907,-0.67481714844252,0.9474866733593919,-1.177851894974348,-0.7257958293968509,-0.3041918912684436,-1.173704231781191,-0.11162799739561437,0.5505611813513597,1.337698381050843,0.9841231756854657,0
0.0428782422044723,0.9009088760241706,0.8491410419312149,-0.9022747520856623,-0.23538436605243465,0.9048055324001227,-1.1612816926660219,0.2744324511807092,-0.8447331706696268,-0.45564143582820127,0.8085666669970842,0.7622794430270811,0.9841231756854657,0
0.38177641932588297,-1.1099901739376037,-1.179024470547907,-0.4508338677044316,0.10257878806523006,0.9048055324001227,-1.1612816926660219,1.4316811360790147,-0.7138161157374736,-1.143668312693375,0.5505611813513597,1.2186461869769611,0.9841231756854657,0
-0.12657084635623306,0.9009088760241706,-0.502969299721533,-0.340587284976335,-0.7423290972289317,0.9048055324001227,-1.1612816926660219,-1.461440576166749,0.001192415045823164,-1.143668312693375,0.29255569570563505,-0.686188918205147,0.9841231756854657,0
0.0428782422044723,0.9009088760241706,0.8491410419312149,-0.4475490533214716,0.10257878806523006,0.9048055324001227,-1.1612816926660219,0.2744324511807092,-1.3482603050240614,-1.143668312693375,0.5505611813513597,0.16701847265767225,-1.0161329645585022,1
0.890123685007999,0.9009088760241706,-0.502969299721533,-0.6805181964821767,0.7785050963005594,-1.177851894974348,0.38271364074285674,1.4316811360790147,-1.2979075915886182,2.1817949254882985,-0.22345527558581418,0.9805417988291976,-1.0161329645585022,0
0.0428782422044723,-1.1099901739376037,0.8491410419312149,-0.5467883493912838,0.2715603651240624,0.9048055324001227,-1.1533637678793096,-0.8828162337175963,0.726271488516209,-1.0289971665491795,0.29255569570563505,-0.22982217425526694,0.9841231756854657,0
0.38177641932588297,-1.1099901739376037,-1.179024470547907,-0.5101026579892829,0.4405419421828948,0.9048055324001227,-1.1533637678793096,0.2744324511807092,-0.811164695045998,-1.0289971665491795,0.5505611813513597,0.028124246238143545,0.9841231756854657,0
0.21232733076517762,0.9009088760241706,-1.179024470547907,-0.07211687867671554,0.10257878806523006,0.9048055324001227,-1.1533637678793096,-1.461440576166749,0.8135495251376443,-1.2583394588375707,0.03455021005991044,-0.5869787564769122,-1.0161329645585022,1
0.7206745964472937,0.9009088760241706,0.8491410419312149,-0.10992382883443842,0.7785050963005594,0.9048055324001227,-1.1414868806992413,0.2744324511807092,0.27645391515958084,-1.2583394588375707,0.29255569570563505,0.0479662785837905,-1.0161329645585022,0
1.2290218621294098,0.9009088760241706,1.5251962127575889,0.09837762170038396,1.1164682504182242,0.9048055324001227,-1.1414868806992413,1.4316811360790147,-0.5896127559300467,-1.2583394588375707,0.8085666669970842,0.6035431842619053,0.9841231756854657,0
1.0595727735687044,-1.1099901739376037,-0.502969299721533,-0.6754804282698486,0.7785050963005594,-1.177851894974348,-0.7812213029038364,0.2744324511807092,0.001192415045823164,-0.11162799739561437,0.5505611813513597,0.16701847265767225,-1.0161329645585022,0
0.5512255078865883,-1.1099901739376037,-0.502969299721533,-1.02060703175643,0.10257878806523006,0.9048055324001227,-1.1375279183058853,-0.8828162337175963,0.23617174441122635,0.23238544103697253,1.066572152642809,0.40512286080543575,-1.0161329645585022,1
0.0428782422044723,-1.1099901739376037,1.5251962127575889,-1.0151586617462318,-0.06640278899360229,0.9048055324001227,-1.1375279183058853,0.853056793629862,0.561785957960427,0.1177142948927768,0.5505611813513597,0.6630692812988462,-1.0161329645585022,1
0.5512255078865883,0.9009088760241706,0.8491410419312149,-1.011700131218019,0.7785050963005594,0.9048055324001227,-1.1375279183058853,0.853056793629862,0.001192415045823164,0.1177142948927768,1.066572152642809,0.18686050500331922,-1.0161329645585022,1
-0.12657084635623306,0.9009088760241706,1.5251962127575889,-0.9046751933655177,0.2715603651240624,0.9048055324001227,-1.1375279183058853,0.2744324511807092,-0.11965409719924096,-0.34097028968400567,0.03455021005991044,0.286070666731554,0.9841231756854657,0
0.38177641932588297,-1.1099901739376037,0.8491410419312149,-0.8999690650668538,1.1164682504182242,0.9048055324001227,-1.1375279183058853,-0.8828162337175963,0.16232109803924238,-0.45564143582820127,1.066572152642809,-0.051243883144444294,-1.0161329645585022,0
1.0595727735687044,-1.1099901739376037,0.8491410419312149,-0.9051647570475935,1.4544314045358888,0.9048055324001227,-1.1375279183058853,0.2744324511807092,1.2700807936189982,-0.34097028968400567,1.066572152642809,0.40512286080543575,-1.0161329645585022,0
0.21232733076517762,-1.1099901739376037,-0.502969299721533,-0.6754330511393251,0.10257878806523006,-1.177851894974348,-0.47242223622206064,1.4316811360790147,0.954537122756886,0.4617277333253637,0.5505611813513597,-0.7655570475877348,0.9841231756854657,0
0.21232733076517762,0.9009088760241706,-0.502969299721533,-0.6779598314339097,-0.06640278899360229,-1.177851894974348,-1.2642147148932805,-1.461440576166749,-0.25392799969375696,-1.143668312693375,0.8085666669970842,-0.7258729828964409,0.9841231756854657,0
0.38177641932588297,0.9009088760241706,1.5251962127575889,-0.8417425716535187,-0.06640278899360229,0.9048055324001227,-1.1375279183058853,1.4316811360790147,-0.25392799969375696,-0.570312581972397,0.8085666669970842,1.734539027963782,-1.0161329645585022,0
0.5512255078865883,-1.1099901739376037,-0.502969299721533,-0.8110421910743152,0.7785050963005594,0.9048055324001227,-1.1375279183058853,-0.3041918912684436,-0.8447331706696268,-0.6849837281165926,0.5505611813513597,-0.011559818453150373,-1.0161329645585022,1
0.890123685007999,-1.1099901739376037,-1.179024470547907,-0.6714533721753542,1.2854498274770565,-1.177851894974348,0.4223032646764177,-0.8828162337175963,0.11868207972852446,2.1817949254882985,0.5505611813513597,0.14717644031202531,-1.0161329645585022,0
0.38177641932588297,0.9009088760241706,1.5251962127575889,-0.6710743551311665,0.4405419421828948,-1.177851894974348,-0.7257958293968509,1.4316811360790147,0.001192415045823164,-0.11162799739561437,1.066572152642809,-0.7853990799333818,0.9841231756854657,0
0.21232733076517762,0.9009088760241706,-1.179024470547907,-0.8040777528873662,0.7785050963005594,0.9048055324001227,-1.1375279183058853,0.853056793629862,-0.21700267650776528,-0.6849837281165926,0.03455021005991044,1.238488219322608,0.9841231756854657,0
1.0595727735687044,0.9009088760241706,-1.179024470547907,-0.7955656617699841,1.2854498274770565,0.9048055324001227,-1.1375279183058853,0.853056793629862,0.7061304031420315,-0.6849837281165926,-0.22345527558581418,0.5043330225336705,-1.0161329645585022,0
0.7206745964472937,-1.1099901739376037,-1.179024470547907,-0.6745170932825381,0.7785050963005594,-1.177851894974348,-0.5674373336626071,-0.8828162337175963,1.4446368668618692,0.23238544103697253,0.5505611813513597,0.782121475372728,0.9841231756854657,0
0.890123685007999,-1.1099901739376037,0.8491410419312149,-0.6734116269036573,0.9474866733593919,0.9048055324001227,-1.1375279183058853,1.4316811360790147,-0.3680608168140954,-0.9143260204049839,-0.22345527558581418,0.9408577341379036,-1.0161329645585022,0
0.21232733076517762,0.9009088760241706,-1.179024470547907,-0.6736800973099569,-0.06640278899360229,-1.177851894974348,-0.4882580857954851,0.2744324511807092,-0.811164695045998,0.3470565871811683,1.066572152642809,1.238488219322608,-1.0161329645585022,0
0.0428782422044723,0.9009088760241706,-0.502969299721533,-0.6809130059032055,-0.404365943111267,0.9048055324001227,-1.1375279183058853,0.853056793629862,-0.5896127559300467,-0.7996548742607882,0.03455021005991044,0.9805417988291976,0.9841231756854657,0
-0.12657084635623306,-1.1099901739376037,1.5251962127575889,-0.6732694955120869,-0.23538436605243465,0.21058638994196582,-0.7257958293968509,1.4316811360790147,0.001192415045823164,-0.11162799739561437,-0.22345527558581418,0.0479662785837905,0.9841231756854657,0
0.5512255078865883,0.9009088760241706,1.5251962127575889,-0.6589773944708425,0.10257878806523006,0.9048055324001227,-1.1375279183058853,-1.461440576166749,0.8269769153870962,-0.9143260204049839,-0.22345527558581418,0.9011736694466097,-1.0161329645585022,0
0.0428782422044723,-1.1099901739376037,-0.502969299721533,-0.6543818128100667,-0.23538436605243465,0.9048055324001227,-1.1375279183058853,0.853056793629862,0.16232109803924238,-0.9143260204049839,0.03455021005991044,-0.7258729828964409,0.9841231756854657,0
0.38177641932588297,-1.1099901739376037,0.8491410419312149,-0.6542554737953374,0.6095235192417271,0.9048055324001227,-1.1375279183058853,0.2744324511807092,1.8407448792206904,-0.9143260204049839,0.03455021005991044,-0.5671367241312653,0.9841231756854657,0
0.890123685007999,-1.1099901739376037,0.8491410419312149,-0.6095788397117126,1.1164682504182242,0.9048055324001227,-1.1375279183058853,1.4316811360790147,0.3301634761573873,-0.9143260204049839,0.8085666669970842,0.6432272489531993,-1.0161329645585022,0
0.5512255078865883,0.9009088760241706,-1.179024470547907,-0.5988400234597278,0.10257878806523006,0.9048055324001227,-1.1375279183058853,0.2744324511807092,0.4040141225293712,-0.9143260204049839,-0.22345527558581418,-0.15045404487267908,0.9841231756854657,0
-0.12657084635623306,0.9009088760241706,-1.179024470547907,-0.5787205353640974,-0.5733475201700994,0.9048055324001227,-1.1375279183058853,1.4316811360790147,0.001192415045823164,-0.9143260204049839,0.8085666669970842,0.9805417988291976,0.9841231756854657,0
0.38177641932588297,0.9009088760241706,1.5251962127575889,-0.6940364710582045,0.4405419421828948,0.9048055324001227,-1.1375279183058853,0.2744324511807092,2.3241309282009484,-0.7996548742607882,0.29255569570563505,0.6035431842619053,-1.0161329645585022,1
0.7206745964472937,-1.1099901739376037,-0.502969299721533,-0.6752751273709136,1.1164682504182242,0.21058638994196582,-1.042512820865339,0.2744324511807092,1.5587696839822078,-0.6849837281165926,0.03455021005991044,-0.5076106270943244,0.9841231756854657,0
-0.12657084635623306,0.9009088760241706,0.8491410419312149,-0.6784493951159855,-0.23538436605243465,0.9048055324001227,-1.1375279183058853,0.2744324511807092,2.17642963545698,-0.9143260204049839,1.066572152642809,-0.5472946917856183,-1.0161329645585022,1
-0.12657084635623306,0.9009088760241706,0.8491410419312149,-0.6716586730742892,-0.23538436605243465,0.9048055324001227,-1.1375279183058853,-1.461440576166749,1.6729025011025462,-0.9143260204049839,0.8085666669970842,-1.3211339532658497,-1.0161329645585022,1
0.0428782422044723,0.9009088760241706,-0.502969299721533,-0.5360337407624579,-0.23538436605243465,0.9048055324001227,-1.1375279183058853,0.853056793629862,-1.1233515183457474,-1.0289971665491795,-0.22345527558581418,-1.658448503141848,0.9841231756854657,0
-0.12657084635623306,0.9009088760241706,0.8491410419312149,-0.5200360630223688,0.10257878806523006,0.9048055324001227,-1.1375279183058853,0.2744324511807092,-0.11965409719924096,-1.0289971665491795,0.03455021005991044,0.22654456969461315,-1.0161329645585022,0
0.38177641932588297,0.9009088760241706,-1.179024470547907,-0.5077969709704744,-0.404365943111267,0.9048055324001227,-1.1375279183058853,-1.461440576166749,-0.005521280078902488,-1.0289971665491795,0.29255569570563505,0.6035431842619053,-1.0161329645585022,0
1.2290218621294098,-1.1099901739376037,-0.502969299721533,-0.48663518600332795,1.6234129815947211,0.9048055324001227,-1.1375279183058853,-1.461440576166749,0.23617174441122635,-1.0289971665491795,1.066572152642809,0.8614896047553159,-1.0161329645585022,0
0.5512255078865883,-1.1099901739376037,-1.179024470547907,-0.48745638959906795,0.2715603651240624,0.9048055324001227,-1.1375279183058853,0.2744324511807092,0.001192415045823164,-1.0289971665491795,0.8085666669970842,0.4249648931510827,0.9841231756854657,0
0.38177641932588297,-1.1099901739376037,0.8491410419312149,-0.49135710667883303,0.4405419421828948,0.9048055324001227,-1.1375279183058853,0.2744324511807092,-0.8447331706696268,-1.0289971665491795,1.066572152642809,-2.114815247091728,0.9841231756854657,0
0.38177641932588297,-1.1099901739376037,0.8491410419312149,-0.6073679069539509,0.2715603651240624,0.9048055324001227,-1.1375279183058853,0.2744324511807092,1.5319149034833046,-0.9143260204049839,-0.22345527558581418,-1.2219237915376149,-1.0161329645585022,1
1.0595727735687044,-1.1099901739376037,-0.502969299721533,-0.4881670465569199,0.6095235192417271,0.9048055324001227,-1.1375279183058853,-1.461440576166749,-0.5661148229935064,-1.0289971665491795,0.29255569570563505,0.5043330225336705,0.9841231756854657,0
0.0428782422044723,0.9009088760241706,-1.179024470547907,-0.5812789004123644,-0.5733475201700994,0.9048055324001227,-1.1375279183058853,-1.461440576166749,-1.2475548781531747,-0.9143260204049839,0.8085666669970842,-0.8250831446246757,-1.0161329645585022,1
0.0428782422044723,-1.1099901739376037,0.8491410419312149,-0.6791758444506786,0.4405419421828948,-1.177851894974348,0.1451758971414908,0.2744324511807092,-0.6936750303632967,1.6084391947673204,0.5505611813513597,-1.9362369559809054,0.9841231756854657,0
1.0595727735687044,0.9009088760241706,1.5251962127575889,-0.6742644152530797,1.4544314045358888,-1.177851894974348,-0.3615712892080899,-0.8828162337175963,-0.5661148229935064,0.6910700256137552,0.8085666669970842,1.1591200899400202,0.9841231756854657,0
0.21232733076517762,-1.1099901739376037,0.8491410419312149,-0.6740433219773034,0.2715603651240624,-1.177851894974348,-0.2507203421941191,-0.3041918912684436,0.6154955189582334,0.8057411717579506,0.5505611813513597,0.06780831092943747,0.9841231756854657,0
0.7206745964472937,0.9009088760241706,-0.502969299721533,-0.44990211747080355,0.6095235192417271,0.9048055324001227,-1.1375279183058853,0.853056793629862,-0.4654093961226198,-1.0289971665491795,0.29255569570563505,0.4249648931510827,-1.0161329645585022,0
-0.12657084635623306,-1.1099901739376037,-1.179024470547907,-0.45441873724737364,-0.06640278899360229,0.9048055324001227,-1.1375279183058853,1.4316811360790147,-1.4993184453303918,-1.0289971665491795,1.066572152642809,-0.6663468858595001,0.9841231756854657,0
0.5512255078865883,-1.1099901739376037,-0.502969299721533,-0.4150957189128999,1.2854498274770565,0.9048055324001227,-1.1375279183058853,0.2744324511807092,1.1223795008750308,-1.143668312693375,-0.22345527558581418,0.38528082845978884,0.9841231756854657,0
0.7206745964472937,0.9009088760241706,-0.502969299721533,-0.3890225047481546,0.4405419421828948,0.9048055324001227,-1.1375279183058853,0.853056793629862,0.4745079213389917,-1.143668312693375,0.03455021005991044,0.7027533459901402,0.9841231756854657,0
0.21232733076517762,0.9009088760241706,-1.179024470547907,-0.388043377384003,0.2715603651240624,0.9048055324001227,-1.1375279183058853,0.2744324511807092,0.001192415045823164,-1.143668312693375,0.03455021005991044,0.5241750548793175,0.9841231756854657,0
0.38177641932588297,-1.1099901739376037,0.8491410419312149,-0.47725451415968245,0.6095235192417271,0.9048055324001227,-1.1375279183058853,0.853056793629862,0.16232109803924238,-1.0289971665491795,0.8085666669970842,-1.102871597463733,-1.0161329645585022,1
1.0595727735687044,0.9009088760241706,0.8491410419312149,-0.34335095092353696,0.7785050963005594,0.9048055324001227,-1.1375279183058853,1.4316811360790147,0.7430557263280237,-1.143668312693375,-0.22345527558581418,-1.6981325678331418,0.9841231756854657,0
0.21232733076517762,0.9009088760241706,0.8491410419312149,-0.6774860601286751,0.4405419421828948,-1.177851894974348,-1.2800505644667048,-1.461440576166749,0.7229146409538463,-1.143668312693375,0.5505611813513597,-0.7655570475877348,-1.0161329645585022,0
1.0595727735687044,-1.1099901739376037,1.5251962127575889,-0.44949151567293355,0.6095235192417271,0.9048055324001227,-1.1375279183058853,-1.461440576166749,0.9377528849450718,-1.0289971665491795,1.066572152642809,0.12733440796637835,-1.0161329645585022,1
1.0595727735687044,-1.1099901739376037,-0.502969299721533,-0.29690557063370276,0.7785050963005594,0.9048055324001227,-1.1375279183058853,1.4316811360790147,0.001192415045823164,-1.143668312693375,0.8085666669970842,0.5638591195706114,-1.0161329645585022,0
1.0595727735687044,-1.1099901739376037,-1.179024470547907,-0.2986111473325474,0.6095235192417271,0.9048055324001227,-1.1375279183058853,-0.8828162337175963,0.8336906105118219,-1.143668312693375,0.8085666669970842,0.06780831092943747,0.9841231756854657,0
0.5512255078865883,0.9009088760241706,-1.179024470547907,-0.3052123608521498,0.2715603651240624,0.9048055324001227,-1.1375279183058853,0.853056793629862,0.007906110170548816,-1.143668312693375,0.5505611813513597,0.305912699077201,0.9841231756854657,0
0.38177641932588297,-1.1099901739376037,0.8491410419312149,-0.24406427772320122,0.7785050963005594,0.9048055324001227,-1.1375279183058853,0.853056793629862,-0.4654093961226198,-1.143668312693375,0.29255569570563505,-2.2933935382025505,0.9841231756854657,0
0.21232733076517762,0.9009088760241706,-0.502969299721533,-0.6805181964821767,0.4405419421828948,-1.177851894974348,0.8577891279455886,-1.461440576166749,-0.46205254856025635,3.0991640946418633,0.5505611813513597,0.5837011519162584,0.9841231756854657,0
-0.12657084635623306,0.9009088760241706,-1.179024470547907,-0.10997120596496188,0.4405419421828948,0.9048055324001227,-1.1375279183058853,1.4316811360790147,-1.1804179269059165,-1.2583394588375707,0.03455021005991044,0.3455967637684949,0.9841231756854657,0
-0.12657084635623306,-1.1099901739376037,-0.502969299721533,-0.10458600546212833,-0.404365943111267,0.9048055324001227,-1.1375279183058853,0.2744324511807092,0.5651428055227898,-1.2583394588375707,0.5505611813513597,0.5241750548793175,0.9841231756854657,0
0.0428782422044723,0.9009088760241706,-1.179024470547907,-0.6818447561368336,-0.23538436605243465,-1.177851894974348,-0.3298995900612411,-1.461440576166749,0.25966967734776614,0.6910700256137552,0.29255569570563505,0.18686050500331922,0.9841231756854657,0
0.21232733076517762,-1.1099901739376037,0.8491410419312149,0.07266763220298511,0.10257878806523006,0.9048055324001227,-1.1375279183058853,-0.8828162337175963,0.03476089066945202,-1.2583394588375707,0.03455021005991044,-0.03140185079879733,0.9841231756854657,0
0.0428782422044723,-1.1099901739376037,-0.502969299721533,0.075731353310169,0.10257878806523006,0.9048055324001227,-1.1375279183058853,-0.3041918912684436,-0.11965409719924096,-1.2583394588375707,0.29255569570563505,-1.7576586648700827,0.9841231756854657,0
1.0595727735687044,-1.1099901739376037,-1.179024470547907,0.07647359502170324,1.7923945586535535,0.9048055324001227,-1.1375279183058853,0.2744324511807092,0.3301634761573873,-1.2583394588375707,0.29255569570563505,0.9210157017922567,0.9841231756854657,0
1.0595727735687044,-1.1099901739376037,0.8491410419312149,0.11713896538767501,0.7785050963005594,0.9048055324001227,-1.1375279183058853,0.2744324511807092,0.7229146409538463,-1.2583394588375707,0.5505611813513597,0.6432272489531993,0.9841231756854657,0
-0.12657084635623306,0.9009088760241706,1.5251962127575889,0.2265485521431905,-0.5733475201700994,0.9048055324001227,-1.1375279183058853,0.2744324511807092,0.001192415045823164,-1.2583394588375707,-0.22345527558581418,0.6829113136444932,0.9841231756854657,0
0.38177641932588297,0.9009088760241706,1.5251962127575889,0.31462263778630684,-0.06640278899360229,0.9048055324001227,-1.1375279183058853,1.4316811360790147,-0.707102420612748,-1.3730106049817663,-0.22345527558581418,-0.03140185079879733,0.9841231756854657,0
0.21232733076517762,-1.1099901739376037,1.5251962127575889,0.4569277455019463,-0.5733475201700994,0.9048055324001227,-1.1375279183058853,-0.3041918912684436,0.8336906105118219,-1.3730106049817663,0.8085666669970842,-0.40840046536608954,-1.0161329645585022,0
0.5512255078865883,0.9009088760241706,-1.179024470547907,0.23060719299136712,0.6095235192417271,0.9048055324001227,-1.1335689559125293,0.2744324511807092,-1.8752853723150364,-1.2583394588375707,1.066572152642809,-0.190138109563973,0.9841231756854657,0
0.0428782422044723,0.9009088760241706,-1.179024470547907,0.3967745821139904,-0.404365943111267,0.9048055324001227,-1.1335689559125293,-0.3041918912684436,0.16232109803924238,-1.3730106049817663,0.5505611813513597,-0.26950623894656084,0.9841231756854657,0
0.5512255078865883,0.9009088760241706,0.8491410419312149,-0.6801233870611478,0.7785050963005594,-1.177851894974348,0.25998580654881764,-1.461440576166749,0.8773296288225392,1.8377814870557112,0.03455021005991044,-0.24966420660091387,-1.0161329645585022,1
0.0428782422044723,0.9009088760241706,-0.502969299721533,0.005834293411221024,-0.06640278899360229,0.9048055324001227,-1.125651031125817,0.853056793629862,1.357358830240434,-1.2583394588375707,0.5505611813513597,1.278172284013902,-1.0161329645585022,1
0.38177641932588297,-1.1099901739376037,-0.502969299721533,-0.678496772246509,0.2715603651240624,-1.177851894974348,0.38271364074285674,-0.8828162337175963,-0.1397951825734185,2.0671237793441026,0.03455021005991044,0.008282213892496587,0.9841231756854657,0
-0.12657084635623306,-1.1099901739376037,-0.502969299721533,0.1889626952612438,-0.06640278899360229,0.9048055324001227,-1.125651031125817,-0.8828162337175963,-1.4993184453303918,-1.2583394588375707,0.5505611813513597,1.258330251668255,-1.0161329645585022,0
1.2290218621294098,-1.1099901739376037,1.5251962127575889,-1.0445482750476194,1.7923945586535535,0.9048055324001227,-1.121692068732461,-0.8828162337175963,1.286865031430813,0.4617277333253637,-0.22345527558581418,0.7225953783357871,-1.0161329645585022,1
0.5512255078865883,0.9009088760241706,-0.502969299721533,-0.6799496709158951,0.4405419421828948,0.21058638994196582,0.22435514500861276,-0.3041918912684436,-0.6936750303632967,1.8377814870557112,1.066572152642809,1.3773824457421369,0.9841231756854657,0
0.21232733076517762,-1.1099901739376037,1.5251962127575889,-0.2233288869307659,0.4405419421828948,0.9048055324001227,0.632128271524291,-0.3041918912684436,0.23617174441122635,0.8057411717579506,1.066572152642809,-1.3409759856114967,-1.0161329645585022,1
0.21232733076517762,-1.1099901739376037,-0.502969299721533,-0.678402017985462,0.2715603651240624,-1.177851894974348,-1.2958864140401292,-0.8828162337175963,-0.707102420612748,-1.143668312693375,0.8085666669970842,1.4567505751247247,-1.0161329645585022,1
-0.12657084635623306,-1.1099901739376037,-0.502969299721533,-0.5484939260901285,-0.404365943111267,0.9048055324001227,0.6202513843442227,0.2744324511807092,-0.07601507888852362,1.8377814870557112,0.03455021005991044,0.7622794430270811,-1.0161329645585022,1
1.0595727735687044,0.9009088760241706,-0.502969299721533,-0.6793337682190901,0.9474866733593919,-1.177851894974348,1.3328646151483206,-0.8828162337175963,0.6154955189582334,4.016533263795428,1.066572152642809,-0.8449251769703227,0.9841231756854657,0
0.21232733076517762,0.9009088760241706,1.5251962127575889,-0.6697162107228273,0.10257878806523006,0.21058638994196582,-0.4090788379283631,1.4316811360790147,-1.3482603050240614,0.5763988794695595,1.066572152642809,0.5440170872249644,-1.0161329645585022,0
0.0428782422044723,-1.1099901739376037,-1.179024470547907,-0.6689581766344519,-0.7423290972289317,0.21058638994196582,-0.7257958293968509,0.853056793629862,-0.8447331706696268,-0.11162799739561437,0.8085666669970842,0.7225953783357871,0.9841231756854657,0
0.21232733076517762,0.9009088760241706,-0.502969299721533,-0.024408108239589048,-0.404365943111267,0.9048055324001227,0.6202513843442227,-1.461440576166749,-1.1804179269059165,0.3470565871811683,0.5505611813513597,-0.24966420660091387,0.9841231756854657,0
1.2290218621294098,0.9009088760241706,-0.502969299721533,0.1741968229147647,1.2854498274770565,0.9048055324001227,0.6202513843442227,1.4316811360790147,-1.2475548781531747,0.1177142948927768,0.8085666669970842,0.0479662785837905,0.9841231756854657,0
-0.12657084635623306,-1.1099901739376037,1.5251962127575889,0.1932266370083554,-0.911310674287764,0.9048055324001227,0.6123334595575105,-1.461440576166749,1.7836784706605218,0.1177142948927768,0.5505611813513597,0.08765034327508442,-1.0161329645585022,1
1.2290218621294098,0.9009088760241706,-1.179024470547907,-0.6644415568578818,1.2854498274770565,-1.177851894974348,-0.5674373336626071,1.4316811360790147,-1.1804179269059165,0.23238544103697253,0.29255569570563505,-0.09092794783573821,0.9841231756854657,0
-0.12657084635623306,0.9009088760241706,0.8491410419312149,0.995589927176871,0.6095235192417271,0.9048055324001227,0.6083744971641544,0.853056793629862,1.6729025011025462,-0.570312581972397,1.066572152642809,-1.658448503141848,-1.0161329645585022,1
0.0428782422044723,-1.1099901739376037,-0.502969299721533,-0.07666508320696791,0.10257878806523006,0.9048055324001227,0.6044155347707982,0.853056793629862,0.6893461653302174,0.4617277333253637,0.03455021005991044,-0.7258729828964409,0.9841231756854657,0
0.5512255078865883,0.9009088760241706,-1.179024470547907,-0.43445717292015484,0.4405419421828948,0.9048055324001227,0.5964976099840861,0.2744324511807092,0.4745079213389917,1.2644257563347332,0.03455021005991044,-0.24966420660091387,-1.0161329645585022,1
0.5512255078865883,0.9009088760241706,1.5251962127575889,-0.6659576250346326,0.4405419421828948,-1.177851894974348,-0.7257958293968509,-0.3041918912684436,-0.901799579229796,-0.11162799739561437,0.8085666669970842,1.774223092655076,-1.0161329645585022,0
0.38177641932588297,-1.1099901739376037,-0.502969299721533,-0.6447168781832804,-0.06640278899360229,0.9048055324001227,0.5846207228040178,-0.8828162337175963,0.001192415045823164,2.2964660716324943,-0.22345527558581418,0.782121475372728,-1.0161329645585022,1
0.890123685007999,0.9009088760241706,-0.502969299721533,-0.7723508678134876,0.7785050963005594,0.9048055324001227,0.5806617604106616,1.4316811360790147,-1.1233515183457474,3.328506386930255,0.03455021005991044,1.1392780575943733,-1.0161329645585022,1
0.890123685007999,0.9009088760241706,-0.502969299721533,-0.661283081489651,0.6095235192417271,-1.177851894974348,-0.6782882806765778,-0.8828162337175963,-1.1166378232210217,0.003043148748581378,0.29255569570563505,-2.134657279437375,0.9841231756854657,0
0.0428782422044723,-1.1099901739376037,0.8491410419312149,-0.5773150138252348,-0.23538436605243465,0.9048055324001227,0.5806617604106616,-0.8828162337175963,-0.11965409719924096,1.952452633199907,0.29255569570563505,-0.26950623894656084,-1.0161329645585022,1
0.5512255078865883,-1.1099901739376037,0.8491410419312149,-0.6923308943593599,0.4405419421828948,0.9048055324001227,0.5806617604106616,-0.3041918912684436,2.206641263518246,2.640479510065081,0.03455021005991044,0.22654456969461315,-1.0161329645585022,1
0.21232733076517762,0.9009088760241706,1.5251962127575889,-0.658408868904561,0.6095235192417271,-1.177851894974348,-0.2507203421941191,-0.8828162337175963,0.19253272610050842,0.8057411717579506,0.8085666669970842,-0.9441353386985575,-1.0161329645585022,1
0.38177641932588297,-1.1099901739376037,1.5251962127575889,-0.39445508238151156,0.7785050963005594,0.9048055324001227,0.5806617604106616,1.4316811360790147,-1.0427871768490378,1.1497546101905376,1.066572152642809,1.1392780575943733,-1.0161329645585022,0
0.21232733076517762,0.9009088760241706,1.5251962127575889,-0.3676712112589142,0.2715603651240624,0.9048055324001227,0.5806617604106616,0.2744324511807092,2.102578989084997,1.035083464046342,0.03455021005991044,-1.2219237915376149,-1.0161329645585022,1
0.21232733076517762,0.9009088760241706,0.8491410419312149,-0.6607461406770517,0.4405419421828948,-1.177851894974348,-0.11215665842665565,0.2744324511807092,-1.1233515183457474,1.035083464046342,0.8085666669970842,0.46464895784237664,-1.0161329645585022,0
0.7206745964472937,-1.1099901739376037,0.17308587110484092,-0.666510358224073,1.2854498274770565,-1.177851894974348,-1.1375279183058853,-0.8828162337175963,0.9377528849450718,-0.9143260204049839,0.29255569570563505,0.6233852166075523,-1.0161329645585022,0
0.5512255078865883,-1.1099901739376037,-1.179024470547907,0.42120538908725574,0.10257878806523006,0.9048055324001227,0.5767027980173056,-1.461440576166749,0.4745079213389917,-0.2262991435398101,0.29255569570563505,0.5638591195706114,-1.0161329645585022,0
0.21232733076517762,0.9009088760241706,1.5251962127575889,-0.7139980353854233,-0.5733475201700994,0.9048055324001227,0.5727438356239495,0.2744324511807092,-1.623521805137819,2.7551506562092767,1.066572152642809,0.7622794430270811,-1.0161329645585022,1
1.0595727735687044,0.9009088760241706,1.5251962127575889,-0.4847401007823895,0.4405419421828948,0.9048055324001227,0.5727438356239495,0.853056793629862,0.4745079213389917,1.4937680486231246,0.5505611813513597,-0.24966420660091387,-1.0161329645585022,1
1.0595727735687044,-1.1099901739376037,0.8491410419312149,-0.4888461187610895,1.6234129815947211,0.9048055324001227,0.5727438356239495,1.4316811360790147,0.001192415045823164,1.4937680486231246,0.03455021005991044,0.38528082845978884,-1.0161329645585022,1
-0.12657084635623306,0.9009088760241706,-1.179024470547907,-0.6547450374774132,-0.23538436605243465,0.21058638994196582,-0.646616581529729,-0.3041918912684436,-0.11965409719924096,0.003043148748581378,0.29255569570563505,-0.4282424977117365,0.9841231756854657,0
0.7206745964472937,-1.1099901739376037,-0.502969299721533,0.07840026499632405,0.9474866733593919,0.9048055324001227,0.5727438356239495,0.2744324511807092,0.8336906105118219,0.23238544103697253,0.03455021005991044,0.6829113136444932,-1.0161329645585022,0
0.21232733076517762,0.9009088760241706,-0.502969299721533,-0.6651364214388926,0.10257878806523006,-1.177851894974348,0.05807872448765661,-1.461440576166749,-1.0427871768490378,1.379096902478929,0.03455021005991044,0.12733440796637835,0.9841231756854657,0
0.38177641932588297,0.9009088760241706,1.5251962127575889,-0.6570349321193806,-0.06640278899360229,-1.177851894974348,-1.1375279183058853,-0.3041918912684436,-0.11965409719924096,-0.9143260204049839,-0.22345527558581418,0.782121475372728,-1.0161329645585022,1
0.0428782422044723,0.9009088760241706,0.8491410419312149,-0.6540659652732436,-0.23538436605243465,-1.177851894974348,0.27186269372888594,1.4316811360790147,-0.3680608168140954,1.7231103409115156,-0.22345527558581418,0.2463866020402601,0.9841231756854657,0
1.0595727735687044,0.9009088760241706,-1.179024470547907,0.44996330731499734,0.9474866733593919,0.9048055324001227,0.5727438356239495,-0.8828162337175963,-0.08944246913797492,-0.2262991435398101,-0.22345527558581418,0.16701847265767225,-1.0161329645585022,0
0.5512255078865883,0.9009088760241706,-1.179024470547907,-0.6479385230588758,0.2715603651240624,0.9048055324001227,0.5648259108372373,1.4316811360790147,0.7497694214527494,2.2964660716324943,-0.22345527558581418,1.4170665104334308,-1.0161329645585022,1
0.7206745964472937,0.9009088760241706,-0.502969299721533,-0.6558031267257705,0.6095235192417271,-1.177851894974348,0.38271364074285674,1.4316811360790147,-1.8752853723150364,1.952452633199907,0.03455021005991044,1.4964346398160184,0.9841231756854657,0
0.890123685007999,0.9009088760241706,-0.502969299721533,-0.27651761213177284,1.1164682504182242,0.9048055324001227,0.552949023657169,1.4316811360790147,1.9112386780303117,0.8057411717579506,0.5505611813513597,1.0003838311748445,-1.0161329645585022,1
0.7206745964472937,-1.1099901739376037,-0.502969299721533,-0.6604460855170698,0.4405419421828948,-1.177851894974348,0.5410721364771007,-1.461440576166749,0.001192415045823164,2.2964660716324943,0.5505611813513597,0.20670253734896618,-1.0161329645585022,1
1.0595727735687044,0.9009088760241706,0.8491410419312149,0.5078107836841448,1.1164682504182242,0.9048055324001227,0.5489900612638129,-1.461440576166749,-1.1233515183457474,-0.2262991435398101,-0.22345527558581418,-1.0433455004267922,0.9841231756854657,0
1.0595727735687044,0.9009088760241706,0.8491410419312149,-0.654823999361619,0.7785050963005594,-1.177851894974348,-0.8524826259842462,-0.8828162337175963,0.9108981044461687,-0.34097028968400567,0.29255569570563505,0.8416475724096689,0.9841231756854657,0
0.5512255078865883,0.9009088760241706,1.5251962127575889,-0.7711980243040835,0.9474866733593919,0.9048055324001227,0.5410721364771007,0.2744324511807092,-0.707102420612748,3.213835240786059,0.29255569570563505,-0.11076998018138517,-1.0161329645585022,1
0.5512255078865883,0.9009088760241706,-1.179024470547907,-0.728211174542462,0.10257878806523006,0.9048055324001227,0.5410721364771007,-1.461440576166749,-1.4993184453303918,2.7551506562092767,0.8085666669970842,-1.3012919209202027,-1.0161329645585022,1
0.0428782422044723,0.9009088760241706,-0.502969299721533,-0.6991689935315796,0.2715603651240624,0.9048055324001227,0.5410721364771007,-0.8828162337175963,1.092167872813765,2.525808363920885,0.5505611813513597,0.6829113136444932,-1.0161329645585022,1
-0.12657084635623306,-1.1099901739376037,-1.179024470547907,-0.6778177000423393,0.2715603651240624,0.9048055324001227,0.5410721364771007,0.853056793629862,-1.0495008719737637,2.411137217776689,1.066572152642809,1.3972244780877838,-1.0161329645585022,1
0.0428782422044723,-1.1099901739376037,0.8491410419312149,-0.6212336138204843,-0.23538436605243465,0.9048055324001227,0.5410721364771007,-1.461440576166749,-1.0427871768490378,2.0671237793441026,0.03455021005991044,-0.190138109563973,-1.0161329645585022,1
1.2290218621294098,-1.1099901739376037,-1.179024470547907,-0.6625464716369434,1.4544314045358888,-1.177851894974348,0.8577891279455886,-0.8828162337175963,0.7229146409538463,2.984492948497668,0.8085666669970842,-0.17029607721832604,0.9841231756854657,0
0.38177641932588297,-1.1099901739376037,0.8491410419312149,-0.5651548836575461,0.10257878806523006,0.9048055324001227,0.5410721364771007,0.2744324511807092,0.8739727812601764,1.7231103409115156,0.5505611813513597,-0.686188918205147,-1.0161329645585022,1
1.0595727735687044,-1.1099901739376037,-1.179024470547907,-0.6603355388791817,0.6095235192417271,-1.177851894974348,-0.34573543963466546,-0.8828162337175963,-1.173704231781191,0.5763988794695595,0.03455021005991044,-1.6187644384505542,-1.0161329645585022,0
0.21232733076517762,-1.1099901739376037,-0.502969299721533,-0.667852710255571,0.2715603651240624,0.9048055324001227,0.5410721364771007,0.853056793629862,1.1223795008750308,2.411137217776689,0.5505611813513597,-0.7060309505507939,-1.0161329645585022,1
-0.12657084635623306,-1.1099901739376037,0.8491410419312149,-0.5466304256228723,-0.23538436605243465,0.9048055324001227,0.5410721364771007,-0.8828162337175963,-0.3680608168140954,1.7231103409115156,1.066572152642809,-1.6981325678331418,-1.0161329645585022,1
0.5512255078865883,0.9009088760241706,-0.502969299721533,-0.5420506363389377,0.4405419421828948,0.9048055324001227,0.5410721364771007,0.853056793629862,-1.371758237960602,1.7231103409115156,0.03455021005991044,-0.051243883144444294,-1.0161329645585022,1
-0.12657084635623306,0.9009088760241706,1.5251962127575889,-0.5316750447542994,-0.5733475201700994,0.9048055324001227,0.5410721364771007,-1.461440576166749,0.27645391515958084,1.6084391947673204,-0.22345527558581418,-0.32903233598350173,-1.0161329645585022,1
-0.12657084635623306,-1.1099901739376037,0.8491410419312149,-0.6585510002961313,0.10257878806523006,-1.177851894974348,0.8577891279455886,-0.8828162337175963,1.0955247203761276,2.869821802353472,1.066572152642809,0.38528082845978884,0.9841231756854657,0
0.0428782422044723,0.9009088760241706,-0.502969299721533,-0.6095788397117126,0.10257878806523006,0.9048055324001227,0.5410721364771007,0.2744324511807092,1.2096575374964662,1.952452633199907,0.5505611813513597,0.821805540064022,-1.0161329645585022,1
-0.12657084635623306,0.9009088760241706,-1.179024470547907,-0.48873557212320146,-0.23538436605243465,0.9048055324001227,0.5410721364771007,1.4316811360790147,0.830333762949459,1.4937680486231246,0.29255569570563505,0.7027533459901402,-1.0161329645585022,1
0.5512255078865883,0.9009088760241706,-0.502969299721533,-0.566781498472185,0.4405419421828948,0.9048055324001227,0.5410721364771007,-0.3041918912684436,3.018998373610068,1.8377814870557112,-0.22345527558581418,-0.40840046536608954,-1.0161329645585022,1
-0.12657084635623306,-1.1099901739376037,-0.502969299721533,-0.39197567921745036,-0.23538436605243465,0.9048055324001227,0.5410721364771007,-1.461440576166749,-0.6936750303632967,1.1497546101905376,0.03455021005991044,0.0479662785837905,-1.0161329645585022,0
-0.12657084635623306,-1.1099901739376037,1.5251962127575889,-0.37120870367133274,0.4405419421828948,0.9048055324001227,0.5410721364771007,-0.8828162337175963,1.2029438423717405,1.035083464046342,1.066572152642809,-0.3488743683291487,0.9841231756854657,0
0.38177641932588297,-1.1099901739376037,-0.502969299721533,-0.36429164261490726,0.6095235192417271,0.9048055324001227,0.5410721364771007,-1.461440576166749,-0.46205254856025635,1.035083464046342,-0.22345527558581418,1.238488219322608,-1.0161329645585022,0
-0.12657084635623306,0.9009088760241706,-0.502969299721533,-0.3571534882827056,0.10257878806523006,0.9048055324001227,0.5410721364771007,0.2744324511807092,-0.005521280078902488,1.035083464046342,-0.22345527558581418,1.0995939929030794,-1.0161329645585022,0
0.890123685007999,0.9009088760241706,-1.179024470547907,-0.4138323287656076,0.9474866733593919,0.9048055324001227,0.5410721364771007,-0.3041918912684436,-0.3680608168140954,1.1497546101905376,0.03455021005991044,0.028124246238143545,-1.0161329645585022,1
1.2290218621294098,0.9009088760241706,-0.502969299721533,-0.8368627272096021,1.2854498274770565,0.9048055324001227,-1.121692068732461,-0.8828162337175963,1.1223795008750308,-0.570312581972397,0.5505611813513597,-2.194183376474316,0.9841231756854657,0
0.21232733076517762,0.9009088760241706,0.8491410419312149,-0.8317775818667504,-0.06640278899360229,0.9048055324001227,-1.121692068732461,-1.461440576166749,0.7061304031420315,-0.570312581972397,0.5505611813513597,0.22654456969461315,-1.0161329645585022,1
-0.12657084635623306,0.9009088760241706,-0.502969299721533,-0.8161273364171667,-0.404365943111267,0.9048055324001227,-1.121692068732461,1.4316811360790147,1.286865031430813,-0.570312581972397,0.5505611813513597,0.46464895784237664,-1.0161329645585022,1
-0.12657084635623306,-1.1099901739376037,-0.502969299721533,-0.7900857070061037,-0.5733475201700994,0.9048055324001227,-1.121692068732461,0.2744324511807092,-0.11965409719924096,-0.6849837281165926,0.8085666669970842,0.4448069254967297,0.9841231756854657,0
0.7206745964472937,-1.1099901739376037,-0.502969299721533,-0.7895329738166633,0.4405419421828948,0.9048055324001227,-1.121692068732461,0.2744324511807092,-0.21364582894540246,-0.6849837281165926,-0.22345527558581418,1.317856348705196,0.9841231756854657,0
-0.12657084635623306,0.9009088760241706,0.8491410419312149,-0.6561347666394347,0.2715603651240624,-1.177851894974348,-0.9474977234247925,0.853056793629862,0.15896425047687956,-0.570312581972397,0.29255569570563505,-0.4282424977117365,0.9841231756854657,0
-0.12657084635623306,0.9009088760241706,0.8491410419312149,-0.6484280867409515,0.10257878806523006,0.21058638994196582,0.6994306322113446,0.2744324511807092,2.3778404891987543,2.525808363920885,0.03455021005991044,-0.11076998018138517,-1.0161329645585022,1
-0.12657084635623306,-1.1099901739376037,-1.179024470547907,-0.656671707452034,-0.06640278899360229,0.21058638994196582,-0.4090788379283631,-1.461440576166749,1.7937490133476108,0.4617277333253637,1.066572152642809,-0.9242933063529105,-1.0161329645585022,1
0.7206745964472937,-1.1099901739376037,-0.502969299721533,-0.7923756016480711,0.6095235192417271,0.9048055324001227,-1.121692068732461,0.2744324511807092,-1.0964967378468442,-0.6849837281165926,0.8085666669970842,-1.2616078562289088,-1.0161329645585022,0
-0.12657084635623306,0.9009088760241706,-0.502969299721533,-0.6525972742270162,-0.06640278899360229,-1.177851894974348,0.4302211894631299,-1.461440576166749,0.5114332445249834,2.0671237793441026,1.066572152642809,1.4765926074703717,0.9841231756854657,0
-0.12657084635623306,-1.1099901739376037,0.8491410419312149,-0.6544449823174313,-0.06640278899360229,-1.177851894974348,-0.3298995900612411,-0.3041918912684436,-1.0964967378468442,0.5763988794695595,0.5505611813513597,-0.11076998018138517,-1.0161329645585022,0
0.5512255078865883,0.9009088760241706,0.8491410419312149,-0.769824087518903,0.4405419421828948,0.9048055324001227,-1.121692068732461,0.853056793629862,-1.2106295549671826,-0.6849837281165926,0.03455021005991044,0.7027533459901402,0.9841231756854657,0
-0.12657084635623306,0.9009088760241706,0.8491410419312149,-0.7562268510586694,-0.404365943111267,0.9048055324001227,-1.121692068732461,-0.8828162337175963,0.001192415045823164,-0.6849837281165926,-0.22345527558581418,-1.8965528912896115,0.9841231756854657,0
0.0428782422044723,-1.1099901739376037,0.8491410419312149,-0.7522471720946985,-0.404365943111267,0.9048055324001227,-1.121692068732461,0.853056793629862,1.0015329886299666,-0.6849837281165926,0.5505611813513597,0.6432272489531993,-1.0161329645585022,0
-0.12657084635623306,-1.1099901739376037,-1.179024470547907,-0.7507153115411066,-0.404365943111267,0.9048055324001227,-1.121692068732461,1.4316811360790147,0.7464125738903866,-0.6849837281165926,1.066572152642809,-1.5790803737592602,0.9841231756854657,0
0.5512255078865883,0.9009088760241706,-0.502969299721533,-0.6528657446333158,0.9474866733593919,-1.177851894974348,-1.121692068732461,-1.461440576166749,0.7430557263280237,-0.9143260204049839,-0.22345527558581418,0.16701847265767225,-1.0161329645585022,1
-0.12657084635623306,-1.1099901739376037,-0.502969299721533,-0.743687703846793,-0.06640278899360229,0.9048055324001227,-1.121692068732461,0.853056793629862,-1.2979075915886182,-0.6849837281165926,0.03455021005991044,-1.4600281796853785,-1.0161329645585022,1
-0.12657084635623306,0.9009088760241706,-0.502969299721533,-0.6476700526525762,-0.06640278899360229,0.21058638994196582,-0.2507203421941191,1.4316811360790147,0.03811773823181484,0.8057411717579506,-0.22345527558581418,-0.8449251769703227,0.9841231756854657,0
0.21232733076517762,-1.1099901739376037,-1.179024470547907,-0.7149613703727337,-0.23538436605243465,0.9048055324001227,-1.121692068732461,0.2744324511807092,-0.005521280078902488,-0.7996548742607882,0.5505611813513597,0.9408577341379036,-1.0161329645585022,0
1.0595727735687044,-1.1099901739376037,1.5251962127575889,-0.6557241648415647,1.4544314045358888,-1.177851894974348,-0.5674373336626071,0.853056793629862,0.001192415045823164,0.23238544103697253,0.5505611813513597,0.008282213892496587,0.9841231756854657,0
1.0595727735687044,0.9009088760241706,-1.179024470547907,-0.7027222783208393,0.9474866733593919,0.9048055324001227,-1.121692068732461,0.853056793629862,3.018998373610068,-0.7996548742607882,0.8085666669970842,0.20670253734896618,-1.0161329645585022,1
-0.12657084635623306,-1.1099901739376037,-0.502969299721533,-0.6823027350652271,-0.23538436605243465,0.9048055324001227,-1.121692068732461,0.2744324511807092,0.04483143335654109,-0.7996548742607882,-0.22345527558581418,0.14717644031202531,-1.0161329645585022,0
0.5512255078865883,0.9009088760241706,-0.502969299721533,-0.6541765119111317,0.10257878806523006,-1.177851894974348,-0.3298995900612411,0.2744324511807092,0.11868207972852446,0.5763988794695595,1.066572152642809,0.7225953783357871,-1.0161329645585022,0
0.21232733076517762,0.9009088760241706,-1.179024470547907,-0.6368522745163856,0.6095235192417271,0.9048055324001227,-1.121692068732461,1.4316811360790147,1.5688402266692962,-0.9143260204049839,-0.22345527558581418,0.26622863438590705,-1.0161329645585022,1
0.7206745964472937,0.9009088760241706,-1.179024470547907,-0.6477805992904643,0.6095235192417271,0.21058638994196582,-0.9791694225716413,0.2744324511807092,0.7229146409538463,-0.570312581972397,0.5505611813513597,-0.8449251769703227,0.9841231756854657,0
0.7206745964472937,0.9009088760241706,-1.179024470547907,-0.5696399186804338,0.4405419421828948,0.9048055324001227,-1.121692068732461,0.853056793629862,-0.33784918875282943,-0.9143260204049839,0.03455021005991044,-1.678290535487495,0.9841231756854657,0
-0.12657084635623306,0.9009088760241706,0.8491410419312149,-0.6395685633330641,-0.404365943111267,-1.177851894974348,0.7192254441781252,1.4316811360790147,-0.11965409719924096,2.525808363920885,0.5505611813513597,-0.07108591549009124,-1.0161329645585022,0
0.5512255078865883,0.9009088760241706,-0.502969299721533,-0.6768701574318701,0.6095235192417271,0.9048055324001227,-1.121692068732461,-0.3041918912684436,0.860545391010725,-0.7996548742607882,0.5505611813513597,1.1194360252487263,-1.0161329645585022,1
0.0428782422044723,0.9009088760241706,-1.179024470547907,-0.6381630417942014,0.2715603651240624,-1.177851894974348,-0.15966420714692883,-0.3041918912684436,2.206641263518246,0.9204123179021463,0.29255569570563505,0.46464895784237664,-1.0161329645585022,1
0.890123685007999,-1.1099901739376037,-0.502969299721533,-0.6344202484828478,0.6095235192417271,0.9048055324001227,-1.121692068732461,0.2744324511807092,1.451350561986595,-0.9143260204049839,1.066572152642809,0.8614896047553159,-1.0161329645585022,1
1.2290218621294098,-1.1099901739376037,-0.502969299721533,-0.621423122342578,1.1164682504182242,0.9048055324001227,-1.121692068732461,0.2744324511807092,1.5486991412951188,-0.9143260204049839,0.29255569570563505,0.008282213892496587,-1.0161329645585022,1
0.7206745964472937,0.9009088760241706,0.8491410419312149,-0.49746875651635963,1.2854498274770565,0.9048055324001227,-1.121692068732461,0.2744324511807092,-1.2979075915886182,-1.0289971665491795,0.8085666669970842,-0.5671367241312653,-1.0161329645585022,0
0.5512255078865883,-1.1099901739376037,-1.179024470547907,-0.5001218758256736,0.4405419421828948,0.9048055324001227,-1.121692068732461,0.2744324511807092,1.4312094766124175,-1.0289971665491795,0.5505611813513597,1.258330251668255,0.9841231756854657,0
-0.12657084635623306,0.9009088760241706,-0.502969299721533,-0.4879617456579849,-0.23538436605243465,0.9048055324001227,-1.121692068732461,-0.8828162337175963,-1.3482603050240614,-1.0289971665491795,-0.22345527558581418,-1.3012919209202027,0.9841231756854657,0
0.38177641932588297,-1.1099901739376037,-1.179024470547907,-0.4878038218895734,0.4405419421828948,0.9048055324001227,-1.121692068732461,1.4316811360790147,-1.7510820125076092,-1.0289971665491795,1.066572152642809,-0.36871640067479566,0.9841231756854657,0
0.5512255078865883,0.9009088760241706,1.5251962127575889,-0.48706158017803913,0.2715603651240624,0.9048055324001227,-1.121692068732461,0.2744324511807092,0.7464125738903866,-1.0289971665491795,-0.22345527558581418,-2.1743413441286688,0.9841231756854657,0
1.0595727735687044,0.9009088760241706,-0.502969299721533,-0.4520656730980417,0.7785050963005594,0.9048055324001227,-1.121692068732461,0.2744324511807092,-0.1397951825734185,-1.0289971665491795,0.03455021005991044,-0.5671367241312653,-1.0161329645585022,0
0.0428782422044723,-1.1099901739376037,-0.502969299721533,-0.4459382308836739,-0.06640278899360229,0.9048055324001227,-1.121692068732461,-0.8828162337175963,-0.8447331706696268,-1.0289971665491795,0.5505611813513597,-1.3012919209202027,0.9841231756854657,0
0.0428782422044723,-1.1099901739376037,0.8491410419312149,-0.6357941852680283,-0.5733475201700994,-1.177851894974348,0.38271364074285674,-0.8828162337175963,0.5651428055227898,1.8377814870557112,1.066572152642809,-0.5671367241312653,-1.0161329645585022,1
0.21232733076517762,0.9009088760241706,-1.179024470547907,-0.6388736987520534,0.2715603651240624,-1.177851894974348,-1.0266769712919146,0.2744324511807092,-1.173704231781191,-0.6849837281165926,-0.22345527558581418,0.3654387961141419,-1.0161329645585022,1
-0.12657084635623306,0.9009088760241706,-0.502969299721533,-0.6358415623985517,-0.404365943111267,-1.177851894974348,-1.359229812333827,-1.461440576166749,1.7736079279734327,-1.2583394588375707,1.066572152642809,-0.5671367241312653,-1.0161329645585022,1
-0.12657084635623306,0.9009088760241706,1.5251962127575889,-0.40075624074113203,-0.404365943111267,0.9048055324001227,-1.121692068732461,0.853056793629862,0.3301634761573873,-1.0289971665491795,1.066572152642809,1.6750129309268411,0.9841231756854657,0
0.5512255078865883,-1.1099901739376037,0.8491410419312149,-0.5091235306251314,0.2715603651240624,0.9048055324001227,-1.121692068732461,1.4316811360790147,1.0351014642535956,-1.0289971665491795,-0.22345527558581418,-0.5671367241312653,-1.0161329645585022,1
0.38177641932588297,0.9009088760241706,-0.502969299721533,-0.5048122117474964,0.6095235192417271,0.9048055324001227,-1.121692068732461,-1.461440576166749,1.7736079279734327,-1.0289971665491795,1.066572152642809,-0.7655570475877348,-1.0161329645585022,1
-0.12657084635623306,0.9009088760241706,0.8491410419312149,-0.4878511990200968,0.4405419421828948,0.9048055324001227,-1.121692068732461,-1.461440576166749,1.5587696839822078,-1.0289971665491795,0.5505611813513597,0.8614896047553159,-1.0161329645585022,1
0.0428782422044723,0.9009088760241706,1.5251962127575889,-0.37499887411320976,-0.23538436605243465,0.9048055324001227,-1.121692068732461,0.2744324511807092,-1.3751150855229646,-1.143668312693375,0.5505611813513597,-1.3608180179571436,0.9841231756854657,0
0.21232733076517762,0.9009088760241706,-1.179024470547907,-0.3676554188820731,-0.06640278899360229,0.9048055324001227,-1.121692068732461,1.4316811360790147,0.9780350556934264,-1.143668312693375,0.8085666669970842,0.26622863438590705,-1.0161329645585022,0
-0.12657084635623306,0.9009088760241706,1.5251962127575889,-0.3459093159718039,-0.23538436605243465,0.9048055324001227,-1.121692068732461,-1.461440576166749,-1.0495008719737637,-1.143668312693375,-0.22345527558581418,-1.9163949236352584,0.9841231756854657,0
0.0428782422044723,-1.1099901739376037,-0.502969299721533,-0.3414400733257573,-0.5733475201700994,0.9048055324001227,-1.121692068732461,-0.8828162337175963,-0.8447331706696268,-1.143668312693375,-0.22345527558581418,0.0479662785837905,-1.0161329645585022,0
0.7206745964472937,-1.1099901739376037,0.8491410419312149,-0.3072653698414999,0.7785050963005594,0.9048055324001227,-1.121692068732461,0.853056793629862,0.8336906105118219,-1.143668312693375,0.29255569570563505,-2.3727616675851384,0.9841231756854657,0
0.21232733076517762,0.9009088760241706,0.8491410419312149,-0.6427428310781361,0.4405419421828948,-1.177851894974348,-0.2507203421941191,-0.3041918912684436,-1.6839450612603513,0.6910700256137552,0.29255569570563505,-0.32903233598350173,0.9841231756854657,0
0.5512255078865883,-1.1099901739376037,1.5251962127575889,-0.29955868994301665,0.2715603651240624,0.9048055324001227,-1.121692068732461,-0.3041918912684436,2.02537149515065,-1.143668312693375,1.066572152642809,-1.0036614357354983,0.9841231756854657,0
0.38177641932588297,0.9009088760241706,-0.502969299721533,-0.6376576857352845,0.2715603651240624,-1.177851894974348,-0.46846327382870456,-0.3041918912684436,1.2700807936189982,0.3470565871811683,1.066572152642809,0.9210157017922567,-1.0161329645585022,0
0.7206745964472937,-1.1099901739376037,-1.179024470547907,-0.26895306362486004,0.7785050963005594,0.9048055324001227,-1.121692068732461,0.853056793629862,-0.7138161157374736,-1.143668312693375,1.066572152642809,-0.30919030363785477,-1.0161329645585022,0
0.890123685007999,0.9009088760241706,-0.502969299721533,-0.23989509023713654,0.10257878806523006,0.9048055324001227,-1.121692068732461,-0.3041918912684436,-0.34120603631519225,-1.143668312693375,0.29255569570563505,-0.051243883144444294,-1.0161329645585022,0
1.0595727735687044,-1.1099901739376037,1.5251962127575889,-0.20812082803273452,0.7785050963005594,0.9048055324001227,-1.121692068732461,0.2744324511807092,-1.0495008719737637,-1.143668312693375,0.5505611813513597,0.7622794430270811,-1.0161329645585022,0
0.0428782422044723,0.9009088760241706,-1.179024470547907,-0.21467466442181346,-0.23538436605243465,0.9048055324001227,-1.121692068732461,-1.461440576166749,0.04483143335654109,-1.143668312693375,0.03455021005991044,1.4567505751247247,-1.0161329645585022,0
0.38177641932588297,0.9009088760241706,1.5251962127575889,-0.16800819085620314,0.7785050963005594,0.9048055324001227,-1.121692068732461,0.2744324511807092,0.001192415045823164,-1.143668312693375,0.8085666669970842,1.35754041339649,-1.0161329645585022,0
1.0595727735687044,-1.1099901739376037,1.5251962127575889,-0.6372786686910967,1.1164682504182242,-1.177851894974348,-1.1573227302726659,-0.3041918912684436,-1.623521805137819,-0.9143260204049839,0.03455021005991044,0.40512286080543575,0.9841231756854657,0
0.5512255078865883,0.9009088760241706,0.8491410419312149,-0.08397695368442226,0.9474866733593919,0.9048055324001227,-1.121692068732461,0.2744324511807092,-1.4724636648314886,-1.2583394588375707,1.066572152642809,0.5837011519162584,-1.0161329645585022,0
-0.12657084635623306,0.9009088760241706,-1.179024470547907,-0.18645368700667111,-0.404365943111267,0.9048055324001227,-1.121692068732461,-1.461440576166749,0.23952859197358917,-1.143668312693375,-0.22345527558581418,-0.6068207888225592,-1.0161329645585022,1
0.5512255078865883,0.9009088760241706,0.8491410419312149,-0.6415741951918906,0.6095235192417271,-1.177851894974348,-0.5674373336626071,-1.461440576166749,0.2865244578466693,0.1177142948927768,0.5505611813513597,0.7225953783357871,0.9841231756854657,0
0.5512255078865883,0.9009088760241706,0.8491410419312149,-0.6456486284169084,0.7785050963005594,-1.177851894974348,-1.2008713165995828,0.2744324511807092,0.8739727812601764,-1.0289971665491795,0.03455021005991044,0.12733440796637835,0.9841231756854657,0
0.21232733076517762,-1.1099901739376037,-1.179024470547907,0.03771910225351112,0.10257878806523006,0.9048055324001227,-1.121692068732461,-0.8828162337175963,0.665848232393677,-1.2583394588375707,0.8085666669970842,-2.749760282152431,0.9841231756854657,0
-0.12657084635623306,-1.1099901739376037,0.8491410419312149,0.05997056122269723,-0.404365943111267,0.9048055324001227,-1.121692068732461,1.4316811360790147,-1.2979075915886182,-1.2583394588375707,0.5505611813513597,-0.38855843302044263,0.9841231756854657,0
0.38177641932588297,-1.1099901739376037,-0.502969299721533,0.08024797308673907,0.10257878806523006,0.9048055324001227,-1.121692068732461,1.4316811360790147,-0.21700267650776528,-1.2583394588375707,0.29255569570563505,-1.3608180179571436,0.9841231756854657,0
-0.12657084635623306,-1.1099901739376037,0.8491410419312149,0.11841814791180849,0.6095235192417271,0.9048055324001227,-1.121692068732461,1.4316811360790147,1.1223795008750308,-1.2583394588375707,0.03455021005991044,-0.5671367241312653,0.9841231756854657,0
0.21232733076517762,0.9009088760241706,1.5251962127575889,0.14243835308720385,0.10257878806523006,0.9048055324001227,-1.121692068732461,-1.461440576166749,1.1223795008750308,-1.2583394588375707,0.8085666669970842,0.32575473142284794,-1.0161329645585022,0
0.0428782422044723,-1.1099901739376037,0.17308587110484092,0.17416523816108243,-0.23538436605243465,0.9048055324001227,-1.121692068732461,0.2744324511807092,0.3301634761573873,-1.2583394588375707,0.8085666669970842,-0.30919030363785477,-1.0161329645585022,0
0.21232733076517762,0.9009088760241706,-1.179024470547907,0.19925932496167625,0.7785050963005594,0.9048055324001227,-1.121692068732461,-0.8828162337175963,0.5382880250238866,-1.2583394588375707,1.066572152642809,0.16701847265767225,0.9841231756854657,0
0.0428782422044723,-1.1099901739376037,-0.502969299721533,-0.640073919391981,-0.06640278899360229,-1.177851894974348,-0.17154109432699713,0.853056793629862,-1.173704231781191,0.9204123179021463,0.03455021005991044,0.38528082845978884,-1.0161329645585022,0
1.0595727735687044,-1.1099901739376037,-0.502969299721533,0.39923819290121043,0.9474866733593919,0.9048055324001227,-1.121692068732461,-0.8828162337175963,-1.2979075915886182,-1.3730106049817663,-0.22345527558581418,1.35754041339649,0.9841231756854657,0
0.21232733076517762,-1.1099901739376037,0.17308587110484092,-0.637610308604761,0.6095235192417271,-1.177851894974348,0.38271364074285674,1.4316811360790147,-1.0495008719737637,1.8377814870557112,0.03455021005991044,0.2463866020402601,-1.0161329645585022,0
0.5512255078865883,0.9009088760241706,1.5251962127575889,0.5512398199973185,0.4405419421828948,0.9048055324001227,-1.121692068732461,0.2744324511807092,0.9108981044461687,-1.3730106049817663,-0.22345527558581418,-0.2893482712922078,0.9841231756854657,0
-0.12657084635623306,-1.1099901739376037,0.8491410419312149,0.5654845439080395,-0.5733475201700994,0.9048055324001227,-1.121692068732461,-1.461440576166749,0.19253272610050842,-1.3730106049817663,0.8085666669970842,-1.2219237915376149,-1.0161329645585022,0
-0.12657084635623306,0.9009088760241706,1.5251962127575889,0.3440438358413769,-0.23538436605243465,0.9048055324001227,-1.121692068732461,1.4316811360790147,1.2029438423717405,-1.3730106049817663,0.8085666669970842,1.754381060309429,-1.0161329645585022,1
0.7206745964472937,0.9009088760241706,-0.502969299721533,0.9314412924481031,0.9474866733593919,0.9048055324001227,-1.121692068732461,-0.3041918912684436,0.2965950005337584,-1.3730106049817663,0.03455021005991044,-0.3488743683291487,0.9841231756854657,0
0.7206745964472937,0.9009088760241706,0.8491410419312149,1.0050653532815634,0.9474866733593919,0.9048055324001227,-1.121692068732461,-0.3041918912684436,0.001192415045823164,-1.3730106049817663,1.066572152642809,0.20670253734896618,0.9841231756854657,0
0.21232733076517762,0.9009088760241706,0.8491410419312149,1.030048893444269,0.4405419421828948,0.9048055324001227,-1.121692068732461,-1.461440576166749,1.0787404825643134,-1.3730106049817663,0.03455021005991044,-0.11076998018138517,-1.0161329645585022,0
-0.12657084635623306,0.9009088760241706,1.5251962127575889,-0.6437377508191288,-0.5733475201700994,-1.177851894974348,0.04224287491423221,1.4316811360790147,-0.6936750303632967,1.2644257563347332,-0.22345527558581418,1.1392780575943733,0.9841231756854657,0
-0.12657084635623306,-1.1099901739376037,0.8491410419312149,-0.9492096960575722,0.4405419421828948,0.9048055324001227,-1.0741845200121878,-0.3041918912684436,-0.11965409719924096,0.003043148748581378,-0.22345527558581418,-0.9639773710442044,-1.0161329645585022,1
-0.12657084635623306,-1.1099901739376037,-1.179024470547907,-0.6404687288130099,-0.5733475201700994,-1.177851894974348,0.6994306322113446,-0.3041918912684436,0.2965950005337584,2.525808363920885,0.29255569570563505,-0.3488743683291487,0.9841231756854657,0
0.7206745964472937,0.9009088760241706,0.8491410419312149,-0.7893434652945694,0.7785050963005594,0.9048055324001227,-1.0741845200121878,-1.461440576166749,-0.005521280078902488,-0.570312581972397,0.8085666669970842,-0.6266628211682062,0.9841231756854657,0
-0.12657084635623306,0.9009088760241706,0.8491410419312149,-0.7869746087683963,0.10257878806523006,0.9048055324001227,-1.0741845200121878,0.853056793629862,-0.018948670328354386,-0.570312581972397,1.066572152642809,0.5638591195706114,0.9841231756854657,0
0.890123685007999,-1.1099901739376037,0.8491410419312149,-0.7737090122218269,0.6095235192417271,0.9048055324001227,-1.0741845200121878,0.853056793629862,-0.5661148229935064,-0.570312581972397,0.29255569570563505,0.22654456969461315,0.9841231756854657,0
-0.12657084635623306,0.9009088760241706,-0.502969299721533,-0.6393948471878114,0.4405419421828948,-0.4836327525161911,0.8577891279455886,-0.8828162337175963,0.001192415045823164,2.7551506562092767,0.29255569570563505,1.5956448015442533,-1.0161329645585022,1
0.7206745964472937,-1.1099901739376037,-0.502969299721533,-0.6468962261873596,0.9474866733593919,0.21058638994196582,-0.8841543251310949,1.4316811360790147,-0.07601507888852362,-0.45564143582820127,-0.22345527558581418,0.286070666731554,0.9841231756854657,0
0.38177641932588297,-1.1099901739376037,0.8491410419312149,-0.6755751825308954,-0.06640278899360229,0.9048055324001227,-1.0741845200121878,0.2744324511807092,0.561785957960427,-0.6849837281165926,0.29255569570563505,1.298014316359549,-1.0161329645585022,0
-0.12657084635623306,0.9009088760241706,0.8491410419312149,-1.0246498802277653,-0.06640278899360229,0.9048055324001227,-1.0662665952254755,0.853056793629862,0.8739727812601764,0.5763988794695595,-0.22345527558581418,0.46464895784237664,-1.0161329645585022,1
0.890123685007999,0.9009088760241706,-1.179024470547907,-0.6412425552782265,0.6095235192417271,-1.177851894974348,-0.5674373336626071,0.853056793629862,-0.08944246913797492,0.1177142948927768,0.29255569570563505,-1.0631875327724392,-1.0161329645585022,0
0.0428782422044723,0.9009088760241706,-0.502969299721533,0.9426538800053225,0.2715603651240624,0.9048055324001227,-1.0662665952254755,1.4316811360790147,-1.4993184453303918,-1.3730106049817663,0.8085666669970842,1.694854963272488,-1.0161329645585022,0
-0.12657084635623306,-1.1099901739376037,-0.502969299721533,-0.925300037520065,-0.06640278899360229,0.9048055324001227,-1.0623076328321195,0.853056793629862,0.23617174441122635,-0.11162799739561437,1.066572152642809,-2.5910240233872552,-1.0161329645585022,1
0.38177641932588297,0.9009088760241706,-1.179024470547907,-0.6420637588739665,-0.23538436605243465,0.21058638994196582,-0.646616581529729,1.4316811360790147,-1.0092187012254088,0.003043148748581378,0.8085666669970842,-0.051243883144444294,0.9841231756854657,0
0.0428782422044723,-1.1099901739376037,0.8491410419312149,-1.059866880583539,-0.23538436605243465,0.9048055324001227,-1.042512820865339,-0.8828162337175963,0.001192415045823164,1.035083464046342,0.5505611813513597,1.0797519605574324,-1.0161329645585022,1
0.0428782422044723,0.9009088760241706,0.8491410419312149,-0.991201626078201,0.4405419421828948,0.9048055324001227,-1.042512820865339,0.2744324511807092,-0.005521280078902488,0.3470565871811683,0.03455021005991044,-0.22982217425526694,-1.0161329645585022,1
1.2290218621294098,-1.1099901739376037,1.5251962127575889,-0.9755355882517761,0.6095235192417271,0.9048055324001227,-1.042512820865339,-0.3041918912684436,0.001192415045823164,0.3470565871811683,0.29255569570563505,1.337698381050843,-1.0161329645585022,1
0.7206745964472937,0.9009088760241706,-1.179024470547907,-0.9703083115173541,1.2854498274770565,0.9048055324001227,-1.042512820865339,0.853056793629862,0.9981761410676039,0.23238544103697253,0.5505611813513597,-0.7655570475877348,-1.0161329645585022,1
0.890123685007999,0.9009088760241706,1.5251962127575889,-0.9744143294960542,0.2715603651240624,0.9048055324001227,-1.042512820865339,0.2744324511807092,0.27645391515958084,0.23238544103697253,-0.22345527558581418,-1.142555662155027,-1.0161329645585022,1
0.5512255078865883,0.9009088760241706,0.8491410419312149,-0.6321303538408806,0.4405419421828948,-1.177851894974348,-1.042512820865339,-0.3041918912684436,-1.1804179269059165,-0.6849837281165926,1.066572152642809,0.12733440796637835,0.9841231756854657,0
-0.12657084635623306,0.9009088760241706,-1.179024470547907,-0.9635965513598637,0.4405419421828948,0.9048055324001227,-1.042512820865339,-0.8828162337175963,0.7464125738903866,0.23238544103697253,0.29255569570563505,1.1194360252487263,-1.0161329645585022,1
0.890123685007999,-1.1099901739376037,0.8491410419312149,-0.9501414462912003,0.6095235192417271,0.9048055324001227,-1.042512820865339,0.2744324511807092,-1.173704231781191,0.1177142948927768,-0.22345527558581418,0.10749237562073138,-1.0161329645585022,1
0.21232733076517762,-1.1099901739376037,1.5251962127575889,-0.6356362614996167,0.4405419421828948,-1.177851894974348,0.16497070910827127,0.2744324511807092,0.001192415045823164,1.4937680486231246,-0.22345527558581418,1.1392780575943733,0.9841231756854657,0
0.38177641932588297,0.9009088760241706,-0.502969299721533,-0.6371523296763676,-0.06640278899360229,-1.177851894974348,-0.4882580857954851,1.4316811360790147,0.001192415045823164,0.23238544103697253,-0.22345527558581418,-0.7457150152420878,0.9841231756854657,0
0.5512255078865883,-1.1099901739376037,-0.502969299721533,-0.9408081515780783,0.2715603651240624,0.9048055324001227,-1.042512820865339,-0.8828162337175963,0.954537122756886,0.1177142948927768,0.03455021005991044,0.305912699077201,-1.0161329645585022,1
0.21232733076517762,0.9009088760241706,0.8491410419312149,-0.6298878363294367,0.4405419421828948,-1.177851894974348,-0.8841543251310949,-1.461440576166749,0.6624913848313142,-0.45564143582820127,0.03455021005991044,-2.531497926350314,0.9841231756854657,0
0.0428782422044723,0.9009088760241706,0.8491410419312149,-0.6309775103314763,0.4405419421828948,-1.177851894974348,-1.121692068732461,0.853056793629862,-0.7138161157374736,-0.9143260204049839,0.5505611813513597,-0.7457150152420878,-1.0161329645585022,1
1.2290218621294098,-1.1099901739376037,-0.502969299721533,-0.9278426101914907,1.1164682504182242,0.9048055324001227,-1.042512820865339,-0.3041918912684436,-1.8752853723150364,0.003043148748581378,0.29255569570563505,1.734539027963782,-1.0161329645585022,1
0.5512255078865883,0.9009088760241706,-0.502969299721533,-0.9296113563977,0.4405419421828948,0.9048055324001227,-1.042512820865339,-0.3041918912684436,1.092167872813765,0.003043148748581378,0.29255569570563505,1.258330251668255,-1.0161329645585022,1
0.5512255078865883,0.9009088760241706,1.5251962127575889,-0.626129250641242,-0.06640278899360229,-1.177851894974348,-0.3298995900612411,1.4316811360790147,0.830333762949459,0.5763988794695595,-0.22345527558581418,1.8139071573463699,0.9841231756854657,0
0.0428782422044723,-1.1099901739376037,-0.502969299721533,-0.9116238391756255,-0.23538436605243465,0.9048055324001227,-1.042512820865339,0.2744324511807092,-1.2207000976542715,0.003043148748581378,0.5505611813513597,-1.162397694500674,-1.0161329645585022,1
0.38177641932588297,0.9009088760241706,0.8491410419312149,-0.6261450430180832,-0.06640278899360229,0.21058638994196582,-1.042512820865339,-0.8828162337175963,-0.12972463988633004,-0.7996548742607882,0.8085666669970842,-1.12271362980938,0.9841231756854657,0
0.21232733076517762,-1.1099901739376037,-1.179024470547907,-0.9023221292161858,0.10257878806523006,0.9048055324001227,-1.042512820865339,-0.3041918912684436,0.5651428055227898,-0.11162799739561437,0.5505611813513597,-3.166442961411017,-1.0161329645585022,1
0.0428782422044723,-1.1099901739376037,1.5251962127575889,-0.6323988242471802,-0.5733475201700994,-1.177851894974348,-0.5674373336626071,1.4316811360790147,-1.173704231781191,0.1177142948927768,-0.22345527558581418,0.8614896047553159,0.9841231756854657,0
0.5512255078865883,0.9009088760241706,-0.502969299721533,-0.6321461462177217,0.6095235192417271,-1.177851894974348,-1.2325430157464317,0.853056793629862,-0.46205254856025635,-1.0289971665491795,1.066572152642809,1.317856348705196,0.9841231756854657,0
0.5512255078865883,0.9009088760241706,1.5251962127575889,-0.6291771793715847,0.4405419421828948,-1.177851894974348,-0.09632080885323126,0.2744324511807092,-1.4724636648314886,0.9204123179021463,1.066572152642809,0.46464895784237664,0.9841231756854657,0
0.7206745964472937,-1.1099901739376037,-1.179024470547907,-0.9064123548180447,0.7785050963005594,0.9048055324001227,-1.042512820865339,-1.461440576166749,-1.6705176710108995,-0.11162799739561437,0.29255569570563505,0.821805540064022,-1.0161329645585022,1
0.0428782422044723,-1.1099901739376037,-0.502969299721533,-0.6342939094681187,0.2715603651240624,-1.177851894974348,-0.7257958293968509,-0.8828162337175963,-1.2979075915886182,-0.11162799739561437,0.29255569570563505,-0.6266628211682062,-1.0161329645585022,0
1.2290218621294098,0.9009088760241706,-1.179024470547907,-0.8812708908869273,1.6234129815947211,0.9048055324001227,-1.042512820865339,0.2744324511807092,1.8105332511594245,-0.2262991435398101,0.29255569570563505,0.9805417988291976,-1.0161329645585022,1
0.0428782422044723,0.9009088760241706,0.8491410419312149,-0.8647836494647625,-0.06640278899360229,0.9048055324001227,-1.042512820865339,-0.8828162337175963,-1.2979075915886182,-0.2262991435398101,0.8085666669970842,1.2186461869769611,-1.0161329645585022,1
0.38177641932588297,-1.1099901739376037,-0.502969299721533,-0.8653679674078852,0.2715603651240624,0.9048055324001227,-1.042512820865339,0.853056793629862,0.16232109803924238,-0.2262991435398101,0.5505611813513597,1.0995939929030794,-1.0161329645585022,1
0.0428782422044723,0.9009088760241706,-0.502969299721533,-0.864325670536369,0.2715603651240624,0.9048055324001227,-1.042512820865339,1.4316811360790147,0.001192415045823164,-0.2262991435398101,0.03455021005991044,0.38528082845978884,-1.0161329645585022,0
0.7206745964472937,-1.1099901739376037,-1.179024470547907,-0.6245658053339678,0.6095235192417271,-1.177851894974348,-1.0306359336852706,-1.461440576166749,1.417782086362966,-0.6849837281165926,0.03455021005991044,-0.26950623894656084,0.9841231756854657,0
0.5512255078865883,0.9009088760241706,0.8491410419312149,-0.8467803398658469,0.2715603651240624,0.9048055324001227,-1.042512820865339,-0.8828162337175963,1.4345663241747801,-0.34097028968400567,0.5505611813513597,-0.7457150152420878,-1.0161329645585022,0
1.2290218621294098,-1.1099901739376037,1.5251962127575889,-0.8348728877276167,1.1164682504182242,0.9048055324001227,-1.042512820865339,-1.461440576166749,1.1223795008750308,-0.34097028968400567,0.8085666669970842,-1.2616078562289088,0.9841231756854657,0
0.5512255078865883,0.9009088760241706,-1.179024470547907,-0.6239972797676862,0.2715603651240624,-1.177851894974348,-1.042512820865339,1.4316811360790147,0.001192415045823164,-0.7996548742607882,-0.22345527558581418,-1.2417658238832618,0.9841231756854657,0
1.0595727735687044,0.9009088760241706,-0.502969299721533,-0.8153693023287913,0.6095235192417271,0.9048055324001227,-1.042512820865339,1.4316811360790147,0.001192415045823164,-0.34097028968400567,-0.22345527558581418,0.3654387961141419,-1.0161329645585022,0
1.0595727735687044,0.9009088760241706,-1.179024470547907,-0.8060991771230339,0.7785050963005594,0.9048055324001227,-1.042512820865339,0.2744324511807092,0.16232109803924238,-0.45564143582820127,0.03455021005991044,1.0003838311748445,-1.0161329645585022,0
0.21232733076517762,-1.1099901739376037,1.5251962127575889,-0.6215020842267839,0.10257878806523006,-1.177851894974348,-0.3932429883549387,1.4316811360790147,1.934736610966852,0.4617277333253637,0.29255569570563505,-0.17029607721832604,0.9841231756854657,0
0.890123685007999,-1.1099901739376037,-1.179024470547907,-0.8110895682048386,0.7785050963005594,0.9048055324001227,-1.042512820865339,0.853056793629862,0.8135495251376443,-0.34097028968400567,-0.22345527558581418,1.0202258635204915,-1.0161329645585022,0
-0.12657084635623306,0.9009088760241706,0.8491410419312149,-0.8059412533546224,0.4405419421828948,0.9048055324001227,-1.042512820865339,-0.8828162337175963,2.2804919098902308,-0.45564143582820127,1.066572152642809,-0.7060309505507939,0.9841231756854657,0
0.7206745964472937,-1.1099901739376037,0.17308587110484092,-0.6783072637244151,0.6095235192417271,0.9048055324001227,-1.042512820865339,0.853056793629862,0.8336906105118219,-0.6849837281165926,0.03455021005991044,1.8337491896920168,-1.0161329645585022,0
0.890123685007999,-1.1099901739376037,-1.179024470547907,-0.6182962317280296,0.9474866733593919,-1.177851894974348,-0.8841543251310949,-0.8828162337175963,0.5651428055227898,-0.45564143582820127,0.5505611813513597,-1.4401861473397315,0.9841231756854657,0
0.890123685007999,-1.1099901739376037,-1.179024470547907,-0.6224180420835708,0.4405419421828948,-1.177851894974348,-0.5674373336626071,-0.3041918912684436,-1.6705176710108995,0.1177142948927768,-0.22345527558581418,-0.7655570475877348,-1.0161329645585022,0
-0.12657084635623306,-1.1099901739376037,0.8491410419312149,-0.6217863470099246,-0.23538436605243465,-1.177851894974348,-0.7574675285436998,1.4316811360790147,-0.11965409719924096,-0.2262991435398101,1.066572152642809,0.08765034327508442,-1.0161329645585022,0
0.5512255078865883,0.9009088760241706,-0.502969299721533,-0.6808340440189997,0.6095235192417271,0.9048055324001227,-1.042512820865339,0.853056793629862,-0.018948670328354386,-0.6849837281165926,0.5505611813513597,-1.162397694500674,0.9841231756854657,0
1.2290218621294098,-1.1099901739376037,-0.502969299721533,-0.6892829656290171,1.1164682504182242,0.9048055324001227,-1.042512820865339,-0.8828162337175963,0.5114332445249834,-0.6849837281165926,-0.22345527558581418,1.1988041546313142,-1.0161329645585022,0
0.0428782422044723,-1.1099901739376037,0.8491410419312149,-0.667947464516618,0.10257878806523006,0.9048055324001227,-1.042512820865339,0.2744324511807092,-0.46205254856025635,-0.6849837281165926,0.5505611813513597,-1.142555662155027,0.9841231756854657,0
1.0595727735687044,0.9009088760241706,-0.502969299721533,-0.6626412258979902,0.6095235192417271,0.9048055324001227,-1.042512820865339,1.4316811360790147,0.6893461653302174,-0.6849837281165926,0.8085666669970842,0.20670253734896618,-1.0161329645585022,1
0.0428782422044723,0.9009088760241706,-1.179024470547907,-0.6570507244962217,-0.23538436605243465,0.9048055324001227,-1.042512820865339,0.853056793629862,-0.33784918875282943,-0.6849837281165926,0.29255569570563505,-0.9044512740072636,0.9841231756854657,0
-0.12657084635623306,-1.1099901739376037,-1.179024470547907,-0.657492911047774,-0.5733475201700994,0.9048055324001227,-1.042512820865339,0.853056793629862,-0.005521280078902488,-0.6849837281165926,0.03455021005991044,0.9606997664835506,-1.0161329645585022,0
0.21232733076517762,0.9009088760241706,-0.502969299721533,-0.6505758499913485,0.2715603651240624,0.9048055324001227,-1.042512820865339,0.853056793629862,0.001192415045823164,-0.6849837281165926,0.03455021005991044,0.46464895784237664,0.9841231756854657,0
0.5512255078865883,0.9009088760241706,-1.179024470547907,-0.6460908149684608,0.7785050963005594,0.9048055324001227,-1.042512820865339,0.853056793629862,0.001192415045823164,-0.6849837281165926,1.066572152642809,1.3773824457421369,-1.0161329645585022,1
1.0595727735687044,-1.1099901739376037,0.8491410419312149,-0.6448274248211684,1.2854498274770565,0.9048055324001227,-1.042512820865339,1.4316811360790147,0.16232109803924238,-0.6849837281165926,0.5505611813513597,0.16701847265767225,-1.0161329645585022,0
0.38177641932588297,0.9009088760241706,0.8491410419312149,-0.62336558469404,0.2715603651240624,-1.177851894974348,-0.5674373336626071,-1.461440576166749,-0.8447331706696268,0.1177142948927768,0.5505611813513597,0.028124246238143545,-1.0161329645585022,0
1.0595727735687044,0.9009088760241706,-0.502969299721533,-0.6399475803772519,0.6095235192417271,0.9048055324001227,-1.042512820865339,0.2744324511807092,1.2029438423717405,-0.6849837281165926,0.29255569570563505,0.4844909901880236,0.9841231756854657,0
0.38177641932588297,-1.1099901739376037,-1.179024470547907,-0.6204282026015854,0.4405419421828948,-1.177851894974348,-0.6307807319563046,-0.8828162337175963,-0.1397951825734185,0.003043148748581378,0.8085666669970842,0.8813316371009629,0.9841231756854657,0
0.38177641932588297,0.9009088760241706,-0.502969299721533,-0.6203018635868561,0.6095235192417271,0.9048055324001227,-1.042512820865339,0.2744324511807092,0.16232109803924238,-0.7996548742607882,0.29255569570563505,0.5440170872249644,0.9841231756854657,0
-0.12657084635623306,0.9009088760241706,-1.179024470547907,-0.6103210814232467,0.10257878806523006,0.9048055324001227,-1.042512820865339,0.2744324511807092,0.8336906105118219,-0.7996548742607882,0.8085666669970842,-0.30919030363785477,0.9841231756854657,0
0.21232733076517762,0.9009088760241706,-0.502969299721533,-0.611363378294763,-0.404365943111267,0.9048055324001227,-1.042512820865339,1.4316811360790147,1.6729025011025462,-0.7996548742607882,0.5505611813513597,-0.7060309505507939,-1.0161329645585022,1
0.890123685007999,0.9009088760241706,1.5251962127575889,-0.5919229624033022,1.2854498274770565,0.9048055324001227,-1.042512820865339,-1.461440576166749,1.0418151593783211,-0.7996548742607882,-0.22345527558581418,1.1591200899400202,-1.0161329645585022,1
0.5512255078865883,0.9009088760241706,0.8491410419312149,-0.5859376515805048,0.7785050963005594,0.9048055324001227,-1.042512820865339,0.853056793629862,0.16232109803924238,-0.7996548742607882,0.03455021005991044,-0.38855843302044263,-1.0161329645585022,1
-0.12657084635623306,-1.1099901739376037,0.8491410419312149,-0.5849269394626709,-0.23538436605243465,0.9048055324001227,-1.042512820865339,-1.461440576166749,-0.8447331706696268,-0.7996548742607882,1.066572152642809,0.008282213892496587,0.9841231756854657,0
-0.12657084635623306,-1.1099901739376037,-0.502969299721533,-0.5922703946938076,-0.23538436605243465,0.9048055324001227,-1.042512820865339,-1.461440576166749,0.001192415045823164,-0.7996548742607882,0.5505611813513597,0.08765034327508442,-1.0161329645585022,0
0.21232733076517762,-1.1099901739376037,-1.179024470547907,-0.5761463779389893,0.4405419421828948,0.9048055324001227,-1.042512820865339,0.2744324511807092,0.2865244578466693,-0.7996548742607882,0.8085666669970842,0.32575473142284794,-1.0161329645585022,0
0.21232733076517762,-1.1099901739376037,-0.502969299721533,-0.6760015767056066,0.2715603651240624,0.9048055324001227,-1.042512820865339,-1.461440576166749,0.001192415045823164,-0.6849837281165926,0.03455021005991044,-0.38855843302044263,-1.0161329645585022,1
0.7206745964472937,0.9009088760241706,0.8491410419312149,-0.6229233981424878,0.7785050963005594,-1.177851894974348,-0.7257958293968509,0.2744324511807092,-1.623521805137819,-0.2262991435398101,0.29255569570563505,0.4249648931510827,0.9841231756854657,0
0.5512255078865883,-1.1099901739376037,0.8491410419312149,-0.5661340110216976,0.2715603651240624,0.9048055324001227,-1.042512820865339,-1.461440576166749,-0.3680608168140954,-0.7996548742607882,0.29255569570563505,-3.2259690584479577,0.9841231756854657,0
-0.12657084635623306,-1.1099901739376037,0.17308587110484092,-0.6246131824644912,-0.23538436605243465,-1.177851894974348,0.38271364074285674,1.4316811360790147,-1.173704231781191,1.8377814870557112,0.29255569570563505,0.9408577341379036,-1.0161329645585022,0
0.21232733076517762,-1.1099901739376037,0.8491410419312149,-0.5596749288936655,0.10257878806523006,0.9048055324001227,-1.042512820865339,-1.461440576166749,-0.005521280078902488,-0.7996548742607882,1.066572152642809,-1.5393963090679663,0.9841231756854657,0
1.2290218621294098,0.9009088760241706,-0.502969299721533,-0.5621385396808857,1.2854498274770565,0.9048055324001227,-1.042512820865339,-0.8828162337175963,-1.8752853723150364,-0.7996548742607882,-0.22345527558581418,1.2186461869769611,0.9841231756854657,0
0.5512255078865883,0.9009088760241706,0.17308587110484092,-0.6786389036380793,0.2715603651240624,0.9048055324001227,-1.042512820865339,-1.461440576166749,-0.3109944082539262,-0.6849837281165926,1.066572152642809,1.4170665104334308,-1.0161329645585022,1
-0.12657084635623306,0.9009088760241706,-0.502969299721533,-0.5580325217021855,0.2715603651240624,0.9048055324001227,-1.042512820865339,0.2744324511807092,-1.0092187012254088,-0.7996548742607882,0.8085666669970842,0.6035431842619053,-1.0161329645585022,0
0.0428782422044723,0.9009088760241706,0.17308587110484092,-0.5417032040484322,0.2715603651240624,0.9048055324001227,-1.042512820865339,0.2744324511807092,0.03811773823181484,-0.7996548742607882,0.5505611813513597,0.14717644031202531,-1.0161329645585022,0
0.21232733076517762,-1.1099901739376037,-0.502969299721533,-0.5388289914633422,0.4405419421828948,0.9048055324001227,-1.042512820865339,0.2744324511807092,-1.8752853723150364,-0.7996548742607882,0.5505611813513597,-0.40840046536608954,-1.0161329645585022,0
0.21232733076517762,0.9009088760241706,-1.179024470547907,-0.6504179262229369,0.10257878806523006,0.9048055324001227,-1.042512820865339,0.853056793629862,0.1119683846037988,-0.6849837281165926,0.03455021005991044,0.6829113136444932,-1.0161329645585022,1
0.5512255078865883,0.9009088760241706,-0.502969299721533,-0.6456802131705908,1.2854498274770565,0.9048055324001227,-1.042512820865339,-1.461440576166749,1.5486991412951188,-0.6849837281165926,0.8085666669970842,-0.9441353386985575,-1.0161329645585022,1
0.890123685007999,0.9009088760241706,-0.502969299721533,-0.5273005563692997,1.2854498274770565,0.9048055324001227,-1.042512820865339,0.853056793629862,1.417782086362966,-0.9143260204049839,1.066572152642809,0.5241750548793175,0.9841231756854657,0
0.21232733076517762,0.9009088760241706,0.8491410419312149,-0.6148850783303402,-0.404365943111267,-1.177851894974348,-0.8524826259842462,1.4316811360790147,0.11868207972852446,-0.45564143582820127,0.8085666669970842,-1.202081759191968,0.9841231756854657,0
-0.12657084635623306,0.9009088760241706,-0.502969299721533,-0.5260055814683251,-0.911310674287764,0.9048055324001227,-1.042512820865339,0.2744324511807092,-1.1804179269059165,-0.9143260204049839,0.5505611813513597,0.32575473142284794,0.9841231756854657,0
0.7206745964472937,-1.1099901739376037,-0.502969299721533,-0.5265267299040832,1.1164682504182242,0.9048055324001227,-1.042512820865339,1.4316811360790147,0.16232109803924238,-0.9143260204049839,0.03455021005991044,0.7225953783357871,0.9841231756854657,0
0.38177641932588297,0.9009088760241706,-0.502969299721533,-0.5233840469126935,-0.06640278899360229,0.9048055324001227,-1.042512820865339,-1.461440576166749,0.665848232393677,-0.9143260204049839,0.8085666669970842,0.8416475724096689,0.9841231756854657,0
0.0428782422044723,-1.1099901739376037,-0.502969299721533,-0.5143981844900768,0.2715603651240624,0.9048055324001227,-1.042512820865339,0.853056793629862,-0.5896127559300467,-0.9143260204049839,1.066572152642809,0.8813316371009629,0.9841231756854657,0
-0.12657084635623306,0.9009088760241706,-1.179024470547907,-0.5171144733067553,-0.5733475201700994,0.9048055324001227,-1.042512820865339,1.4316811360790147,0.15896425047687956,-0.9143260204049839,1.066572152642809,-0.22982217425526694,0.9841231756854657,0
0.0428782422044723,0.9009088760241706,1.5251962127575889,-0.5105764292945175,0.2715603651240624,0.9048055324001227,-1.042512820865339,-0.8828162337175963,0.5785701957722418,-0.9143260204049839,0.5505611813513597,0.6035431842619053,0.9841231756854657,0
0.0428782422044723,-1.1099901739376037,-0.502969299721533,-0.5081917803915033,0.6095235192417271,0.9048055324001227,-1.042512820865339,-0.8828162337175963,-1.0427871768490378,-0.9143260204049839,0.29255569570563505,0.4249648931510827,-1.0161329645585022,0
-0.12657084635623306,0.9009088760241706,1.5251962127575889,-0.6113317935410806,0.10257878806523006,0.9048055324001227,-1.042512820865339,0.2744324511807092,1.9750187817152072,-0.7996548742607882,0.5505611813513597,1.0400678958661385,-1.0161329645585022,1
0.38177641932588297,-1.1099901739376037,-0.502969299721533,-0.6213599528352135,-0.06640278899360229,-1.177851894974348,-1.042512820865339,-1.461440576166749,0.2193875065994116,-0.7996548742607882,0.5505611813513597,1.4369085427790778,-1.0161329645585022,0
0.21232733076517762,0.9009088760241706,-0.502969299721533,-0.6204282026015854,0.10257878806523006,-1.177851894974348,1.0161476236798326,0.853056793629862,-0.7977373047965461,2.869821802353472,0.29255569570563505,-0.44808453005738347,0.9841231756854657,0
0.0428782422044723,-1.1099901739376037,0.8491410419312149,-0.6019037445669116,0.2715603651240624,0.9048055324001227,-1.042512820865339,0.853056793629862,-0.11965409719924096,-0.7996548742607882,1.066572152642809,-0.26950623894656084,-1.0161329645585022,1
0.890123685007999,-1.1099901739376037,1.5251962127575889,-0.48931989006632415,0.9474866733593919,0.9048055324001227,-1.042512820865339,1.4316811360790147,-1.8752853723150364,-0.9143260204049839,1.066572152642809,1.4567505751247247,-1.0161329645585022,0
0.0428782422044723,0.9009088760241706,0.8491410419312149,-0.597939857979782,0.10257878806523006,0.9048055324001227,-1.042512820865339,0.2744324511807092,-0.21364582894540246,-0.7996548742607882,1.066572152642809,1.0797519605574324,-1.0161329645585022,1
0.38177641932588297,0.9009088760241706,-1.179024470547907,-0.4892251358052772,0.10257878806523006,0.9048055324001227,-1.042512820865339,0.2744324511807092,-1.2979075915886182,-0.9143260204049839,0.29255569570563505,1.298014316359549,0.9841231756854657,0
0.0428782422044723,0.9009088760241706,0.8491410419312149,-0.6045726562530667,-0.23538436605243465,0.9048055324001227,-1.042512820865339,0.853056793629862,1.575553921794022,-0.7996548742607882,1.066572152642809,0.4249648931510827,-1.0161329645585022,1
-0.12657084635623306,-1.1099901739376037,-1.179024470547907,-0.4860034909296818,0.2715603651240624,0.9048055324001227,-1.042512820865339,0.853056793629862,-1.328119219649884,-0.9143260204049839,0.5505611813513597,0.12733440796637835,0.9841231756854657,0
0.5512255078865883,0.9009088760241706,0.17308587110484092,-0.6197649227742569,0.4405419421828948,-1.177851894974348,0.6202513843442227,0.853056793629862,-0.1397951825734185,2.1817949254882985,0.03455021005991044,1.5956448015442533,-1.0161329645585022,0
-0.12657084635623306,-1.1099901739376037,-1.179024470547907,-0.6128478617178315,-0.404365943111267,-1.177851894974348,-1.01084112171849,-0.3041918912684436,0.3939435798422821,-0.6849837281165926,0.03455021005991044,-0.7060309505507939,0.9841231756854657,0
-0.12657084635623306,0.9009088760241706,-0.502969299721533,-0.429861591259379,-0.404365943111267,0.9048055324001227,-1.042512820865339,0.853056793629862,-0.005521280078902488,-0.9143260204049839,0.29255569570563505,-0.07108591549009124,-1.0161329645585022,0
0.0428782422044723,0.9009088760241706,-1.179024470547907,-0.4313144899287652,-0.404365943111267,0.9048055324001227,-1.042512820865339,0.2744324511807092,-1.1804179269059165,-0.9143260204049839,0.8085666669970842,0.6035431842619053,0.9841231756854657,0
0.21232733076517762,-1.1099901739376037,-0.502969299721533,-0.5428560475578365,0.2715603651240624,0.9048055324001227,-1.042512820865339,-1.461440576166749,2.780662196682302,-0.7996548742607882,-0.22345527558581418,1.2186461869769611,-1.0161329645585022,1
0.7206745964472937,-1.1099901739376037,-1.179024470547907,-0.6223864573298885,0.4405419421828948,-1.177851894974348,-1.1375279183058853,-0.3041918912684436,-0.1397951825734185,-0.9143260204049839,1.066572152642809,-2.69023418511549,0.9841231756854657,0
0.38177641932588297,0.9009088760241706,-1.179024470547907,-0.42525021722176204,0.2715603651240624,0.9048055324001227,-1.042512820865339,-0.8828162337175963,0.4745079213389917,-0.9143260204049839,1.066572152642809,0.6432272489531993,0.9841231756854657,0
-0.12657084635623306,-1.1099901739376037,-1.179024470547907,-0.40803652646490407,-0.404365943111267,0.9048055324001227,-1.042512820865339,1.4316811360790147,2.478545916069642,-0.9143260204049839,0.29255569570563505,-0.22982217425526694,0.9841231756854657,0
0.38177641932588297,0.9009088760241706,-1.179024470547907,-0.6169696720733726,-0.23538436605243465,-1.177851894974348,-1.2642147148932805,0.2744324511807092,-1.2106295549671826,-1.143668312693375,-0.22345527558581418,0.782121475372728,0.9841231756854657,0
0.0428782422044723,-1.1099901739376037,-0.502969299721533,-0.6128636540946726,-0.06640278899360229,-1.177851894974348,1.1269985706938033,-0.3041918912684436,-1.1233515183457474,3.0991640946418633,0.8085666669970842,1.298014316359549,-1.0161329645585022,0
1.0595727735687044,-1.1099901739376037,1.5251962127575889,-0.397471426358172,1.2854498274770565,0.9048055324001227,-1.042512820865339,0.2744324511807092,0.03476089066945202,-1.0289971665491795,0.29255569570563505,0.9606997664835506,0.9841231756854657,0
0.7206745964472937,0.9009088760241706,-0.502969299721533,-0.3889751276176311,0.6095235192417271,0.9048055324001227,-1.042512820865339,0.853056793629862,0.5382880250238866,-1.0289971665491795,0.29255569570563505,-0.24966420660091387,-1.0161329645585022,0
0.38177641932588297,-1.1099901739376037,0.8491410419312149,-0.39211781060902073,0.2715603651240624,0.9048055324001227,-1.042512820865339,0.2744324511807092,-0.12972463988633004,-1.0289971665491795,1.066572152642809,0.801963507718375,0.9841231756854657,0
0.21232733076517762,-1.1099901739376037,-0.502969299721533,-0.5044647794569909,0.10257878806523006,0.9048055324001227,-1.042512820865339,0.853056793629862,1.9112386780303117,-0.9143260204049839,0.29255569570563505,0.08765034327508442,-1.0161329645585022,1
0.7206745964472937,0.9009088760241706,-0.502969299721533,-0.4921625178977319,0.6095235192417271,0.9048055324001227,-1.042512820865339,-1.461440576166749,1.417782086362966,-0.9143260204049839,0.29255569570563505,0.9011736694466097,-1.0161329645585022,1
0.890123685007999,0.9009088760241706,-0.502969299721533,-0.6036724907731209,0.6095235192417271,-1.177851894974348,-1.121692068732461,0.853056793629862,1.223084927745918,-0.9143260204049839,0.5505611813513597,0.4249648931510827,-1.0161329645585022,0
-0.12657084635623306,0.9009088760241706,0.8491410419312149,-0.6098473101180121,-0.23538436605243465,-1.177851894974348,-0.2507203421941191,0.2744324511807092,0.001192415045823164,0.5763988794695595,1.066572152642809,-1.5195542767223194,0.9841231756854657,0
0.21232733076517762,-1.1099901739376037,-0.502969299721533,-0.372156246281802,0.6095235192417271,0.9048055324001227,-1.042512820865339,-0.8828162337175963,-0.41841353024953903,-1.0289971665491795,0.29255569570563505,0.801963507718375,0.9841231756854657,0
1.0595727735687044,-1.1099901739376037,-0.502969299721533,-0.6111264926421456,1.1164682504182242,-1.177851894974348,-0.5674373336626071,-0.8828162337175963,-0.005521280078902488,0.1177142948927768,0.03455021005991044,0.9805417988291976,0.9841231756854657,0
0.38177641932588297,0.9009088760241706,-0.502969299721533,-0.4725641782378597,1.1164682504182242,0.9048055324001227,-1.042512820865339,-1.461440576166749,1.4345663241747801,-0.9143260204049839,1.066572152642809,0.7622794430270811,-1.0161329645585022,1
-0.12657084635623306,0.9009088760241706,1.5251962127575889,-0.3568218483690414,-0.404365943111267,0.9048055324001227,-1.042512820865339,0.853056793629862,-0.08944246913797492,-1.0289971665491795,-0.22345527558581418,1.1789621222856672,-1.0161329645585022,0
0.21232733076517762,-1.1099901739376037,0.17308587110484092,-0.35500572503230865,0.4405419421828948,0.9048055324001227,-1.042512820865339,0.2744324511807092,-0.25392799969375696,-1.0289971665491795,0.29255569570563505,1.298014316359549,-1.0161329645585022,0
0.890123685007999,-1.1099901739376037,-0.502969299721533,-0.4641784261352068,0.7785050963005594,0.9048055324001227,-1.042512820865339,-0.8828162337175963,-0.33784918875282943,-0.9143260204049839,0.5505611813513597,1.0202258635204915,-1.0161329645585022,1
0.890123685007999,0.9009088760241706,-0.502969299721533,-0.6055991607477417,0.9474866733593919,0.21058638994196582,-0.013182598592753173,1.4316811360790147,0.665848232393677,1.035083464046342,0.5505611813513597,0.9210157017922567,-1.0161329645585022,0
0.0428782422044723,0.9009088760241706,0.8491410419312149,-0.6115213020631745,-0.911310674287764,-1.177851894974348,-1.042512820865339,0.2744324511807092,-1.8752853723150364,-0.7996548742607882,-0.22345527558581418,-1.7973427295613766,0.9841231756854657,0
-0.12657084635623306,-1.1099901739376037,-0.502969299721533,-0.6102579119158821,-0.7423290972289317,0.21058638994196582,-0.6624524311031534,-0.8828162337175963,-1.8752853723150364,-0.11162799739561437,0.03455021005991044,-0.3488743683291487,0.9841231756854657,0
0.21232733076517762,-1.1099901739376037,0.8491410419312149,-0.3397187042500715,0.2715603651240624,0.9048055324001227,-1.042512820865339,1.4316811360790147,-1.8752853723150364,-1.0289971665491795,-0.22345527558581418,0.821805540064022,-1.0161329645585022,0
1.0595727735687044,0.9009088760241706,-1.179024470547907,-0.3288851337370398,1.1164682504182242,0.9048055324001227,-1.042512820865339,1.4316811360790147,0.27645391515958084,-1.0289971665491795,1.066572152642809,0.782121475372728,-1.0161329645585022,0
0.7206745964472937,-1.1099901739376037,-1.179024470547907,-0.32282086103003665,0.7785050963005594,0.9048055324001227,-1.042512820865339,-1.461440576166749,0.8336906105118219,-1.0289971665491795,0.29255569570563505,-1.4005020826484376,0.9841231756854657,0
0.0428782422044723,-1.1099901739376037,-0.502969299721533,-0.31940970763234733,-0.911310674287764,0.9048055324001227,-1.042512820865339,0.853056793629862,1.2029438423717405,-1.0289971665491795,0.5505611813513597,-0.40840046536608954,0.9841231756854657,0
0.38177641932588297,0.9009088760241706,1.5251962127575889,-0.3203572502428166,0.2715603651240624,0.9048055324001227,-1.042512820865339,-0.8828162337175963,-0.21700267650776528,-1.0289971665491795,1.066572152642809,0.10749237562073138,0.9841231756854657,0
0.38177641932588297,-1.1099901739376037,0.17308587110484092,-0.6084575809559906,-0.06640278899360229,-1.177851894974348,-0.09236184645987515,-0.8828162337175963,-1.3751150855229646,0.9204123179021463,0.03455021005991044,0.14717644031202531,0.9841231756854657,0
-0.12657084635623306,0.9009088760241706,0.8491410419312149,-0.31669341881566887,-0.404365943111267,0.9048055324001227,-1.042512820865339,0.853056793629862,1.327147202179168,-1.0289971665491795,0.5505611813513597,-0.3488743683291487,-1.0161329645585022,0
0.21232733076517762,0.9009088760241706,-0.502969299721533,-0.6086155047244021,0.4405419421828948,-1.177851894974348,-0.5674373336626071,-0.3041918912684436,0.03811773823181484,0.1177142948927768,0.29255569570563505,-0.36871640067479566,-1.0161329645585022,0
0.21232733076517762,0.9009088760241706,1.5251962127575889,-0.30284350432597673,0.6095235192417271,0.9048055324001227,-1.042512820865339,0.2744324511807092,-1.2475548781531747,-1.0289971665491795,0.03455021005991044,-0.3488743683291487,0.9841231756854657,0
0.5512255078865883,-1.1099901739376037,1.5251962127575889,-0.6137954043283006,0.6095235192417271,-1.177851894974348,-0.4090788379283631,1.4316811360790147,-1.2979075915886182,0.3470565871811683,0.8085666669970842,0.5638591195706114,-1.0161329645585022,0
-0.12657084635623306,-1.1099901739376037,-1.179024470547907,-0.6075258307223624,-0.06640278899360229,-1.177851894974348,-0.5040939353689095,-0.3041918912684436,-1.2979075915886182,0.1177142948927768,1.066572152642809,-1.6386064707962011,0.9841231756854657,0
0.0428782422044723,0.9009088760241706,-0.502969299721533,-0.29916388052198783,0.4405419421828948,0.9048055324001227,-1.042512820865339,-1.461440576166749,-0.21364582894540246,-1.0289971665491795,0.8085666669970842,0.20670253734896618,-1.0161329645585022,0
0.5512255078865883,0.9009088760241706,-0.502969299721533,-0.6074310764613156,0.10257878806523006,-1.177851894974348,-0.4882580857954851,0.853056793629862,-1.2979075915886182,0.23238544103697253,0.5505611813513597,0.5043330225336705,0.9841231756854657,0
0.38177641932588297,-1.1099901739376037,-0.502969299721533,-0.6042410163394024,0.10257878806523006,-1.177851894974348,-1.042512820865339,-0.3041918912684436,0.830333762949459,-0.7996548742607882,0.8085666669970842,0.5043330225336705,0.9841231756854657,0
1.2290218621294098,0.9009088760241706,0.8491410419312149,-0.29695294776422626,1.4544314045358888,0.9048055324001227,-1.042512820865339,-0.8828162337175963,-1.0495008719737637,-1.0289971665491795,0.5505611813513597,0.8416475724096689,0.9841231756854657,0
0.21232733076517762,0.9009088760241706,-1.179024470547907,-0.6081733181728498,0.4405419421828948,-1.177851894974348,0.38271364074285674,0.2744324511807092,0.27645391515958084,1.7231103409115156,0.03455021005991044,0.2463866020402601,0.9841231756854657,0
0.5512255078865883,0.9009088760241706,1.5251962127575889,-0.6071468136781748,0.7785050963005594,-1.177851894974348,0.8973787518791496,-0.3041918912684436,0.5114332445249834,2.640479510065081,0.03455021005991044,0.8416475724096689,-1.0161329645585022,0
0.7206745964472937,-1.1099901739376037,1.5251962127575889,-0.3696768431177408,0.4405419421828948,0.9048055324001227,-1.042512820865339,-0.3041918912684436,1.7736079279734327,-1.0289971665491795,0.8085666669970842,1.35754041339649,-1.0161329645585022,1
1.0595727735687044,0.9009088760241706,-1.179024470547907,-0.6078100935055033,0.7785050963005594,-1.177851894974348,-0.09236184645987515,0.853056793629862,-1.0964967378468442,0.9204123179021463,0.8085666669970842,0.4249648931510827,-1.0161329645585022,1
0.5512255078865883,0.9009088760241706,-0.502969299721533,-0.32337359421947703,0.9474866733593919,0.9048055324001227,0.38271364074285674,1.4316811360790147,0.001192415045823164,0.6910700256137552,1.066572152642809,0.9011736694466097,0.9841231756854657,0
0.0428782422044723,-1.1099901739376037,-1.179024470547907,-0.32638993819613743,-0.404365943111267,0.9048055324001227,0.38271364074285674,1.4316811360790147,0.6255660616453219,0.6910700256137552,1.066572152642809,-0.20998014190961997,0.9841231756854657,0
-0.12657084635623306,-1.1099901739376037,0.8491410419312149,-0.32078364441752777,-0.404365943111267,0.9048055324001227,0.38271364074285674,1.4316811360790147,0.5114332445249834,0.6910700256137552,0.03455021005991044,-3.206127026102311,0.9841231756854657,0
-0.12657084635623306,-1.1099901739376037,-1.179024470547907,-0.6061676863140232,-0.06640278899360229,-1.177851894974348,0.06599664927436881,-1.461440576166749,-0.5896127559300467,1.1497546101905376,0.29255569570563505,1.258330251668255,-1.0161329645585022,0
0.7206745964472937,-1.1099901739376037,-1.179024470547907,-0.31411926139056073,1.1164682504182242,0.9048055324001227,0.38271364074285674,1.4316811360790147,-1.7510820125076092,0.6910700256137552,0.03455021005991044,0.8614896047553159,-1.0161329645585022,0
0.21232733076517762,-1.1099901739376037,-0.502969299721533,-0.4102316668458245,0.2715603651240624,0.9048055324001227,0.38271364074285674,-1.461440576166749,1.6628319584154578,0.9204123179021463,0.29255569570563505,1.6154868338899002,-1.0161329645585022,1
0.890123685007999,0.9009088760241706,-0.502969299721533,-0.6010825409711716,0.7785050963005594,-1.177851894974348,0.06599664927436881,0.853056793629862,0.001192415045823164,1.1497546101905376,1.066572152642809,-1.2814498885745558,-1.0161329645585022,0
0.5512255078865883,-1.1099901739376037,-0.502969299721533,-0.40920516235114945,0.2715603651240624,0.9048055324001227,0.38271364074285674,-1.461440576166749,2.102578989084997,0.9204123179021463,0.29255569570563505,-0.5076106270943244,-1.0161329645585022,1
0.5512255078865883,-1.1099901739376037,1.5251962127575889,-0.3020223007302367,1.1164682504182242,0.9048055324001227,0.38271364074285674,-1.461440576166749,-1.6705176710108995,0.6910700256137552,0.03455021005991044,0.9011736694466097,0.9841231756854657,0
0.890123685007999,0.9009088760241706,-1.179024470547907,-0.294568298861212,0.4405419421828948,0.9048055324001227,0.38271364074285674,1.4316811360790147,0.8336906105118219,0.6910700256137552,0.29255569570563505,0.6035431842619053,-1.0161329645585022,0
-0.12657084635623306,0.9009088760241706,-0.502969299721533,-0.2965897230968797,-0.23538436605243465,0.9048055324001227,0.38271364074285674,1.4316811360790147,-0.21364582894540246,0.6910700256137552,0.8085666669970842,0.5440170872249644,-1.0161329645585022,0
0.0428782422044723,-1.1099901739376037,-1.179024470547907,-0.2999219146103632,-0.06640278899360229,0.9048055324001227,0.38271364074285674,0.853056793629862,0.7061304031420315,0.6910700256137552,1.066572152642809,-1.3608180179571436,0.9841231756854657,0
0.7206745964472937,0.9009088760241706,1.5251962127575889,-0.297853113244172,0.6095235192417271,0.9048055324001227,0.38271364074285674,-1.461440576166749,0.5114332445249834,0.6910700256137552,1.066572152642809,0.6233852166075523,0.9841231756854657,0
0.21232733076517762,0.9009088760241706,-1.179024470547907,-0.2953263329495874,0.10257878806523006,0.9048055324001227,0.38271364074285674,1.4316811360790147,-0.6936750303632967,0.6910700256137552,-0.22345527558581418,0.4448069254967297,0.9841231756854657,0
1.2290218621294098,-1.1099901739376037,-1.179024470547907,-0.3021644321218071,0.9474866733593919,0.9048055324001227,0.38271364074285674,0.2744324511807092,0.8269769153870962,0.6910700256137552,0.29255569570563505,-0.44808453005738347,0.9841231756854657,0
0.21232733076517762,0.9009088760241706,-1.179024470547907,-0.40478329683562636,0.7785050963005594,0.9048055324001227,0.38271364074285674,-0.3041918912684436,1.6729025011025462,0.9204123179021463,-0.22345527558581418,0.305912699077201,-1.0161329645585022,1
-0.12657084635623306,-1.1099901739376037,-0.502969299721533,-0.29014643334568885,-0.23538436605243465,0.9048055324001227,0.38271364074285674,1.4316811360790147,-0.3680608168140954,0.6910700256137552,0.29255569570563505,0.5440170872249644,0.9841231756854657,0
0.38177641932588297,-1.1099901739376037,0.8491410419312149,-0.2870985046153461,0.4405419421828948,0.9048055324001227,0.38271364074285674,-1.461440576166749,0.830333762949459,0.5763988794695595,0.03455021005991044,-0.9639773710442044,0.9841231756854657,0
0.21232733076517762,0.9009088760241706,-1.179024470547907,-0.2836715588408157,0.2715603651240624,0.9048055324001227,0.38271364074285674,-0.3041918912684436,0.4745079213389917,0.5763988794695595,0.03455021005991044,0.028124246238143545,0.9841231756854657,0
0.7206745964472937,-1.1099901739376037,0.17308587110484092,-0.5965659211946015,0.10257878806523006,-1.177851894974348,-0.8841543251310949,-1.461440576166749,-1.1804179269059165,-0.570312581972397,0.8085666669970842,0.5837011519162584,0.9841231756854657,0
0.5512255078865883,0.9009088760241706,-0.502969299721533,-0.6034356051205035,1.1164682504182242,-1.177851894974348,0.5410721364771007,0.853056793629862,-0.005521280078902488,1.952452633199907,0.5505611813513597,0.40512286080543575,0.9841231756854657,0
-0.12657084635623306,0.9009088760241706,1.5251962127575889,-0.6028197024236985,-0.911310674287764,0.21058638994196582,1.1349164954805155,0.853056793629862,-0.1397951825734185,2.984492948497668,0.03455021005991044,0.5837011519162584,0.9841231756854657,0
-0.12657084635623306,0.9009088760241706,0.8491410419312149,-0.27449618789610514,0.6095235192417271,0.9048055324001227,0.38271364074285674,1.4316811360790147,-1.3482603050240614,0.5763988794695595,0.8085666669970842,0.028124246238143545,0.9841231756854657,0
0.21232733076517762,0.9009088760241706,-0.502969299721533,-0.26631573669238734,-0.06640278899360229,0.9048055324001227,0.38271364074285674,-0.8828162337175963,-1.0427871768490378,0.5763988794695595,0.29255569570563505,0.38528082845978884,0.9841231756854657,0
0.38177641932588297,0.9009088760241706,0.17308587110484092,-0.2657787958797881,0.9474866733593919,0.9048055324001227,0.38271364074285674,-1.461440576166749,-1.039430329286675,0.5763988794695595,0.8085666669970842,1.1789621222856672,-1.0161329645585022,0
0.5512255078865883,-1.1099901739376037,-0.502969299721533,-0.5991400786197096,0.9474866733593919,-1.177851894974348,0.6202513843442227,-0.8828162337175963,-1.1233515183457474,2.0671237793441026,1.066572152642809,-0.11076998018138517,-1.0161329645585022,0
0.7206745964472937,-1.1099901739376037,1.5251962127575889,-0.26279403665680995,0.7785050963005594,0.9048055324001227,0.38271364074285674,-0.8828162337175963,-1.2475548781531747,0.5763988794695595,0.03455021005991044,1.4369085427790778,0.9841231756854657,0
0.0428782422044723,-1.1099901739376037,-1.179024470547907,-0.2589564890844095,-0.06640278899360229,0.9048055324001227,0.38271364074285674,-0.8828162337175963,0.001192415045823164,0.5763988794695595,0.5505611813513597,0.8416475724096689,-1.0161329645585022,0
0.0428782422044723,0.9009088760241706,-1.179024470547907,-0.26982164435112355,0.2715603651240624,0.9048055324001227,0.38271364074285674,-0.3041918912684436,0.7866947446387411,0.5763988794695595,-0.22345527558581418,-1.7179746001787888,0.9841231756854657,0
0.0428782422044723,-1.1099901739376037,-1.179024470547907,-0.6026301939016047,0.2715603651240624,0.21058638994196582,-0.4090788379283631,0.2744324511807092,0.7866947446387411,0.3470565871811683,0.5505611813513597,0.10749237562073138,0.9841231756854657,0
-0.12657084635623306,0.9009088760241706,-1.179024470547907,-0.6020774607121643,0.6095235192417271,-1.177851894974348,-0.2507203421941191,0.853056793629862,0.7866947446387411,0.5763988794695595,0.5505611813513597,0.286070666731554,-1.0161329645585022,0
1.2290218621294098,0.9009088760241706,0.8491410419312149,-0.24695428268513242,1.6234129815947211,0.9048055324001227,0.38271364074285674,-0.3041918912684436,-0.21700267650776528,0.5763988794695595,0.5505611813513597,-0.9838194033898514,0.9841231756854657,0
0.21232733076517762,-1.1099901739376037,0.17308587110484092,-0.5988242310828866,-0.23538436605243465,-1.177851894974348,-1.042512820865339,1.4316811360790147,0.8739727812601764,-0.7996548742607882,0.8085666669970842,0.9805417988291976,0.9841231756854657,0
0.38177641932588297,0.9009088760241706,-1.179024470547907,-0.24469597279684738,0.7785050963005594,0.9048055324001227,0.38271364074285674,-1.461440576166749,-1.6705176710108995,0.5763988794695595,0.29255569570563505,-0.38855843302044263,0.9841231756854657,0
0.21232733076517762,0.9009088760241706,0.8491410419312149,-0.24486968894210007,0.10257878806523006,0.9048055324001227,0.38271364074285674,-1.461440576166749,0.001192415045823164,0.5763988794695595,0.5505611813513597,-0.3488743683291487,0.9841231756854657,0
0.0428782422044723,-1.1099901739376037,1.5251962127575889,-0.24177438308123386,-0.404365943111267,0.9048055324001227,0.38271364074285674,0.2744324511807092,1.2465828606824585,0.5763988794695595,0.5505611813513597,1.1194360252487263,0.9841231756854657,0
0.0428782422044723,0.9009088760241706,-0.502969299721533,-0.24392214633163084,0.6095235192417271,0.9048055324001227,0.38271364074285674,0.2744324511807092,1.0787404825643134,0.5763988794695595,1.066572152642809,1.5361187045073124,-1.0161329645585022,0
0.890123685007999,-1.1099901739376037,-0.502969299721533,-0.24445908714423006,0.7785050963005594,0.9048055324001227,0.38271364074285674,-0.3041918912684436,0.6154955189582334,0.5763988794695595,-0.22345527558581418,1.714696995618135,-1.0161329645585022,0
0.7206745964472937,0.9009088760241706,0.8491410419312149,-0.3565533779627418,0.9474866733593919,0.9048055324001227,0.38271364074285674,-0.3041918912684436,0.5114332445249834,0.8057411717579506,-0.22345527558581418,0.8416475724096689,-1.0161329645585022,1
0.5512255078865883,-1.1099901739376037,0.17308587110484092,-0.601129918101695,0.6095235192417271,-1.177851894974348,0.06599664927436881,-0.8828162337175963,0.954537122756886,1.1497546101905376,0.03455021005991044,1.9131173190746047,-1.0161329645585022,1
0.21232733076517762,0.9009088760241706,-1.179024470547907,-0.22351839545285976,0.2715603651240624,0.9048055324001227,0.38271364074285674,0.853056793629862,1.253296555807184,0.4617277333253637,1.066572152642809,-1.4600281796853785,-1.0161329645585022,0
0.5512255078865883,-1.1099901739376037,-0.502969299721533,-0.21603280883015272,0.2715603651240624,0.9048055324001227,0.38271364074285674,0.853056793629862,-0.005521280078902488,0.4617277333253637,0.8085666669970842,1.4170665104334308,0.9841231756854657,0
1.2290218621294098,0.9009088760241706,-1.179024470547907,-0.6029460414384278,1.4544314045358888,-1.177851894974348,0.5094004373302519,-1.461440576166749,-0.6936750303632967,1.952452633199907,0.29255569570563505,0.06780831092943747,0.9841231756854657,0
0.0428782422044723,0.9009088760241706,1.5251962127575889,-0.1982190077533309,0.2715603651240624,0.9048055324001227,0.38271364074285674,0.2744324511807092,1.0955247203761276,0.4617277333253637,1.066572152642809,1.337698381050843,0.9841231756854657,0
-0.12657084635623306,0.9009088760241706,-1.179024470547907,-0.6040515078173085,-0.23538436605243465,0.21058638994196582,-0.2507203421941191,-0.8828162337175963,0.5114332445249834,0.5763988794695595,1.066572152642809,0.12733440796637835,0.9841231756854657,0
0.890123685007999,0.9009088760241706,0.8491410419312149,-0.209400010556868,0.4405419421828948,0.9048055324001227,0.38271364074285674,1.4316811360790147,0.665848232393677,0.4617277333253637,0.29255569570563505,-0.5472946917856183,0.9841231756854657,0
0.7206745964472937,0.9009088760241706,0.8491410419312149,-0.3112134640517884,0.4405419421828948,0.9048055324001227,0.38271364074285674,-0.3041918912684436,0.03476089066945202,0.6910700256137552,0.8085666669970842,-2.094973214746081,-1.0161329645585022,1
0.0428782422044723,-1.1099901739376037,1.5251962127575889,-0.2057519715065614,-0.404365943111267,0.9048055324001227,0.38271364074285674,-0.3041918912684436,-0.21700267650776528,0.4617277333253637,0.29255569570563505,-0.30919030363785477,0.9841231756854657,0
0.21232733076517762,-1.1099901739376037,-0.502969299721533,-0.6020774607121643,-0.404365943111267,0.21058638994196582,0.7627740305050422,1.4316811360790147,1.676259348664909,2.2964660716324943,0.29255569570563505,0.6829113136444932,0.9841231756854657,0
0.5512255078865883,-1.1099901739376037,-1.179024470547907,-0.20134589836787942,1.1164682504182242,0.9048055324001227,0.38271364074285674,-0.3041918912684436,0.7464125738903866,0.4617277333253637,1.066572152642809,1.1789621222856672,-1.0161329645585022,0
-0.12657084635623306,-1.1099901739376037,-0.502969299721533,-0.5975924256892765,-0.23538436605243465,-1.177851894974348,0.16497070910827127,1.4316811360790147,0.8269769153870962,1.2644257563347332,1.066572152642809,-0.9441353386985575,-1.0161329645585022,0
-0.12657084635623306,0.9009088760241706,-0.502969299721533,-0.20178808491943173,0.10257878806523006,0.9048055324001227,0.38271364074285674,0.853056793629862,0.001192415045823164,0.4617277333253637,0.03455021005991044,-1.658448503141848,-1.0161329645585022,0
0.7206745964472937,0.9009088760241706,-1.179024470547907,-0.6056623302551063,0.2715603651240624,-1.177851894974348,-1.0741845200121878,-1.461440576166749,-0.5661148229935064,-0.7996548742607882,0.29255569570563505,-0.9441353386985575,0.9841231756854657,0
0.21232733076517762,0.9009088760241706,-0.502969299721533,-0.3185253345292427,0.10257878806523006,0.9048055324001227,0.38271364074285674,-1.461440576166749,1.4647779522360462,0.6910700256137552,0.29255569570563505,1.0202258635204915,-1.0161329645585022,1
1.0595727735687044,-1.1099901739376037,-0.502969299721533,-0.20114059746894442,0.7785050963005594,0.9048055324001227,0.38271364074285674,-1.461440576166749,0.7229146409538463,0.4617277333253637,0.5505611813513597,-0.6465048535138531,0.9841231756854657,0
0.21232733076517762,-1.1099901739376037,-0.502969299721533,-0.1935444642083493,0.10257878806523006,0.9048055324001227,0.38271364074285674,-1.461440576166749,-1.0495008719737637,0.4617277333253637,0.5505611813513597,0.7225953783357871,-1.0161329645585022,0
-0.12657084635623306,0.9009088760241706,0.8491410419312149,-0.18441647039416223,0.10257878806523006,0.9048055324001227,0.38271364074285674,0.2744324511807092,0.001192415045823164,0.4617277333253637,0.5505611813513597,0.26622863438590705,0.9841231756854657,0
0.0428782422044723,0.9009088760241706,-1.179024470547907,-0.5975766333124354,-0.06640278899360229,-1.177851894974348,1.0161476236798326,-1.461440576166749,0.5651428055227898,2.7551506562092767,0.29255569570563505,-0.5076106270943244,0.9841231756854657,0
0.7206745964472937,0.9009088760241706,0.8491410419312149,-0.598666307314475,0.2715603651240624,-1.177851894974348,-1.2167071661730073,0.2744324511807092,0.6154955189582334,-1.0289971665491795,0.29255569570563505,1.0202258635204915,0.9841231756854657,0
0.38177641932588297,0.9009088760241706,-0.502969299721533,-0.16538665630057156,0.2715603651240624,0.9048055324001227,0.38271364074285674,-1.461440576166749,-1.8752853723150364,0.3470565871811683,0.29255569570563505,1.337698381050843,-1.0161329645585022,0
-0.12657084635623306,-1.1099901739376037,-0.502969299721533,-0.17004540746871202,-0.06640278899360229,0.9048055324001227,0.38271364074285674,-0.8828162337175963,0.16232109803924238,0.3470565871811683,0.8085666669970842,1.3773824457421369,-1.0161329645585022,0
-0.12657084635623306,0.9009088760241706,-0.502969299721533,-0.5964711669335546,0.10257878806523006,-1.177851894974348,-0.3298995900612411,1.4316811360790147,0.001192415045823164,0.4617277333253637,0.8085666669970842,1.0003838311748445,0.9841231756854657,0
0.0428782422044723,0.9009088760241706,-1.179024470547907,-0.2770545529443721,-0.404365943111267,0.9048055324001227,0.38271364074285674,-1.461440576166749,0.001192415045823164,0.5763988794695595,0.29255569570563505,-0.32903233598350173,-1.0161329645585022,1
1.2290218621294098,0.9009088760241706,-1.179024470547907,-0.1427403879103566,1.2854498274770565,0.9048055324001227,0.38271364074285674,0.2744324511807092,0.665848232393677,0.3470565871811683,0.5505611813513597,1.4170665104334308,-1.0161329645585022,0
0.7206745964472937,0.9009088760241706,0.8491410419312149,-0.1461515413080459,0.9474866733593919,0.9048055324001227,0.38271364074285674,0.853056793629862,0.0851136041048956,0.3470565871811683,1.066572152642809,-2.531497926350314,0.9841231756854657,0
0.38177641932588297,0.9009088760241706,-0.502969299721533,-0.13462310621400342,-0.06640278899360229,0.9048055324001227,0.38271364074285674,-1.461440576166749,0.001192415045823164,0.3470565871811683,1.066572152642809,1.0995939929030794,0.9841231756854657,0
0.21232733076517762,-1.1099901739376037,-1.179024470547907,-0.5916544919970026,-0.23538436605243465,-1.177851894974348,-0.804975077263973,0.2744324511807092,1.1458774338115711,-0.34097028968400567,0.29255569570563505,0.782121475372728,-1.0161329645585022,1
-0.12657084635623306,0.9009088760241706,0.8491410419312149,-0.5913070597064972,-0.23538436605243465,-1.177851894974348,-0.7257958293968509,-1.461440576166749,-0.41841353024953903,-0.2262991435398101,0.29255569570563505,-1.5790803737592602,-1.0161329645585022,0
-0.12657084635623306,0.9009088760241706,-0.502969299721533,-0.5909912121696741,0.10257878806523006,-1.177851894974348,0.16497070910827127,-0.3041918912684436,1.8105332511594245,1.2644257563347332,0.29255569570563505,-0.20998014190961997,0.9841231756854657,0
1.2290218621294098,0.9009088760241706,-0.502969299721533,-0.2540924370173341,1.1164682504182242,0.9048055324001227,-1.042512820865339,0.2744324511807092,0.15896425047687956,-1.0289971665491795,0.03455021005991044,0.9408577341379036,-1.0161329645585022,0
-0.12657084635623306,-1.1099901739376037,-1.179024470547907,-0.5904226866033926,-0.23538436605243465,-1.177851894974348,-1.042512820865339,0.853056793629862,-0.3680608168140954,-0.7996548742607882,0.03455021005991044,0.40512286080543575,-1.0161329645585022,0
0.38177641932588297,0.9009088760241706,1.5251962127575889,-0.23499945341637876,0.10257878806523006,0.9048055324001227,-1.042512820865339,0.853056793629862,-1.1233515183457474,-1.0289971665491795,-0.22345527558581418,-1.5592383414136133,0.9841231756854657,0
1.2290218621294098,-1.1099901739376037,-0.502969299721533,-0.2217496492466505,0.9474866733593919,0.9048055324001227,-1.042512820865339,-1.461440576166749,0.5382880250238866,-1.0289971665491795,0.03455021005991044,-1.12271362980938,0.9841231756854657,0
1.2290218621294098,-1.1099901739376037,-1.179024470547907,-0.20360420825616446,0.9474866733593919,0.9048055324001227,-1.042512820865339,1.4316811360790147,0.4040141225293712,-1.143668312693375,-0.22345527558581418,0.6233852166075523,-1.0161329645585022,0
-0.12657084635623306,0.9009088760241706,-0.502969299721533,-0.3163617789020046,-0.06640278899360229,0.9048055324001227,-1.042512820865339,-0.8828162337175963,0.23617174441122635,-1.0289971665491795,0.5505611813513597,0.6432272489531993,-1.0161329645585022,1
0.890123685007999,-1.1099901739376037,-1.179024470547907,-0.3133770196790265,0.6095235192417271,0.9048055324001227,-1.042512820865339,-0.3041918912684436,1.8407448792206904,-1.0289971665491795,0.29255569570563505,0.4844909901880236,-1.0161329645585022,1
0.5512255078865883,0.9009088760241706,-0.502969299721533,-0.5819105954860105,0.4405419421828948,-1.177851894974348,-1.2008713165995828,1.4316811360790147,1.5587696839822078,-1.0289971665491795,0.03455021005991044,1.694854963272488,-1.0161329645585022,0
-0.12657084635623306,0.9009088760241706,1.5251962127575889,-0.2099211589926261,0.10257878806523006,0.9048055324001227,-1.042512820865339,1.4316811360790147,-1.1166378232210217,-1.0289971665491795,0.29255569570563505,0.16701847265767225,-1.0161329645585022,0
0.0428782422044723,-1.1099901739376037,-0.502969299721533,-0.3167407959461923,-0.23538436605243465,0.9048055324001227,-1.042512820865339,-1.461440576166749,0.001192415045823164,-1.0289971665491795,-0.22345527558581418,0.6035431842619053,-1.0161329645585022,1
0.7206745964472937,-1.1099901739376037,1.5251962127575889,-0.5871062874667502,0.9474866733593919,-1.177851894974348,0.38271364074285674,0.853056793629862,-0.25392799969375696,1.6084391947673204,0.8085666669970842,-0.36871640067479566,-1.0161329645585022,0
0.5512255078865883,-1.1099901739376037,1.5251962127575889,-0.1879697551834219,0.2715603651240624,0.9048055324001227,-1.042512820865339,-0.3041918912684436,1.0955247203761276,-1.143668312693375,-0.22345527558581418,1.5559607368529593,0.9841231756854657,0
0.890123685007999,0.9009088760241706,-1.179024470547907,-0.17579383263889212,0.9474866733593919,0.9048055324001227,-1.042512820865339,-0.3041918912684436,0.23617174441122635,-1.143668312693375,0.8085666669970842,0.5241750548793175,0.9841231756854657,0
-0.12657084635623306,0.9009088760241706,-0.502969299721533,-0.17950504119656333,-0.404365943111267,0.9048055324001227,-1.042512820865339,-0.8828162337175963,0.27645391515958084,-1.143668312693375,0.8085666669970842,0.22654456969461315,-1.0161329645585022,0
1.2290218621294098,-1.1099901739376037,-0.502969299721533,-0.5787047429872563,1.4544314045358888,-1.177851894974348,-0.2507203421941191,-0.8828162337175963,0.5651428055227898,0.4617277333253637,0.03455021005991044,0.6829113136444932,-1.0161329645585022,0
0.890123685007999,-1.1099901739376037,-0.502969299721533,-0.12480024781880557,1.1164682504182242,0.9048055324001227,-1.042512820865339,0.2744324511807092,0.16232109803924238,-1.143668312693375,0.8085666669970842,0.0479662785837905,0.9841231756854657,0
0.0428782422044723,-1.1099901739376037,1.5251962127575889,-0.24221656963278618,0.10257878806523006,0.9048055324001227,-1.042512820865339,0.2744324511807092,0.001192415045823164,-1.0289971665491795,0.8085666669970842,0.14717644031202531,-1.0161329645585022,1
-0.12657084635623306,-1.1099901739376037,-0.502969299721533,-0.10908683286185725,0.4405419421828948,0.9048055324001227,-1.042512820865339,1.4316811360790147,0.23617174441122635,-1.143668312693375,0.03455021005991044,0.7027533459901402,-1.0161329645585022,0
0.21232733076517762,0.9009088760241706,1.5251962127575889,-0.5812789004123644,-0.06640278899360229,-1.177851894974348,-0.7257958293968509,1.4316811360790147,-0.11965409719924096,-0.2262991435398101,0.8085666669970842,1.1194360252487263,-1.0161329645585022,0
-0.12657084635623306,-1.1099901739376037,0.8491410419312149,-0.10989224408075611,0.4405419421828948,0.9048055324001227,-1.042512820865339,1.4316811360790147,0.8336906105118219,-1.143668312693375,0.5505611813513597,-0.32903233598350173,0.9841231756854657,0
0.0428782422044723,-1.1099901739376037,0.8491410419312149,-0.11071344767649612,-0.5733475201700994,0.9048055324001227,-1.042512820865339,-1.461440576166749,0.16232109803924238,-1.143668312693375,-0.22345527558581418,0.6035431842619053,0.9841231756854657,0
0.0428782422044723,-1.1099901739376037,1.5251962127575889,-0.5818948031091694,-0.23538436605243465,0.21058638994196582,0.8577891279455886,1.4316811360790147,0.001192415045823164,2.411137217776689,0.29255569570563505,0.9210157017922567,0.9841231756854657,0
0.0428782422044723,0.9009088760241706,-1.179024470547907,-0.5853533336373822,0.10257878806523006,0.21058638994196582,0.12934004756806639,1.4316811360790147,0.23617174441122635,1.1497546101905376,0.5505611813513597,-1.3211339532658497,0.9841231756854657,0
1.0595727735687044,-1.1099901739376037,0.8491410419312149,-0.21705931332482772,0.6095235192417271,0.9048055324001227,-1.042512820865339,0.2744324511807092,1.4647779522360462,-1.0289971665491795,0.03455021005991044,0.286070666731554,-1.0161329645585022,1
0.21232733076517762,0.9009088760241706,-0.502969299721533,-0.09670560941839244,0.10257878806523006,0.9048055324001227,-1.042512820865339,1.4316811360790147,0.8739727812601764,-1.143668312693375,0.8085666669970842,-0.36871640067479566,0.9841231756854657,0
0.38177641932588297,-1.1099901739376037,-1.179024470547907,-0.5847216385637359,-0.23538436605243465,0.21058638994196582,0.06599664927436881,0.2744324511807092,-0.11965409719924096,1.035083464046342,0.03455021005991044,-0.36871640067479566,0.9841231756854657,0
0.0428782422044723,-1.1099901739376037,-1.179024470547907,-0.5860797829720752,-0.23538436605243465,0.21058638994196582,0.06599664927436881,-0.8828162337175963,-1.173704231781191,1.035083464046342,0.29255569570563505,-0.5671367241312653,-1.0161329645585022,0
0.890123685007999,-1.1099901739376037,-0.502969299721533,-0.06799506832117432,0.6095235192417271,0.9048055324001227,-1.042512820865339,0.853056793629862,-1.3482603050240614,-1.143668312693375,0.8085666669970842,1.6551708985811941,-1.0161329645585022,0
-0.12657084635623306,-1.1099901739376037,-1.179024470547907,-0.07688617648274407,-0.23538436605243465,0.9048055324001227,-1.042512820865339,-0.3041918912684436,-0.43855461562371656,-1.143668312693375,0.8085666669970842,0.7424374106814341,0.9841231756854657,0
0.0428782422044723,0.9009088760241706,1.5251962127575889,-0.07285912038824978,-0.23538436605243465,0.9048055324001227,-1.042512820865339,0.853056793629862,-0.3512765790022807,-1.143668312693375,0.8085666669970842,-1.2219237915376149,0.9841231756854657,0
0.21232733076517762,0.9009088760241706,-0.502969299721533,-0.18038941429966796,-0.23538436605243465,0.9048055324001227,-1.042512820865339,-1.461440576166749,-1.0427871768490378,-1.143668312693375,0.03455021005991044,1.4170665104334308,-1.0161329645585022,1
1.2290218621294098,0.9009088760241706,-0.502969299721533,-0.5842952443890248,1.2854498274770565,-1.177851894974348,-0.2507203421941191,0.853056793629862,-0.3680608168140954,0.5763988794695595,-0.22345527558581418,0.3654387961141419,-1.0161329645585022,0
0.5512255078865883,-1.1099901739376037,1.5251962127575889,-0.044543388712060504,0.7785050963005594,0.9048055324001227,-1.042512820865339,0.853056793629862,0.001192415045823164,-1.143668312693375,0.29255569570563505,1.4170665104334308,0.9841231756854657,0
0.21232733076517762,0.9009088760241706,-0.502969299721533,-0.588511809005613,-0.23538436605243465,0.21058638994196582,-0.20321279347384594,-0.3041918912684436,-1.0427871768490378,0.5763988794695595,0.29255569570563505,0.801963507718375,0.9841231756854657,0
0.0428782422044723,0.9009088760241706,0.8491410419312149,-0.5858902744499814,-0.23538436605243465,0.21058638994196582,-0.7257958293968509,1.4316811360790147,1.0955247203761276,-0.2262991435398101,1.066572152642809,-1.658448503141848,-1.0161329645585022,0
0.5512255078865883,0.9009088760241706,-0.502969299721533,-0.019828318955654362,-0.23538436605243465,0.9048055324001227,-1.042512820865339,1.4316811360790147,0.9981761410676039,-1.143668312693375,0.5505611813513597,1.0202258635204915,-1.0161329645585022,0
0.5512255078865883,0.9009088760241706,-1.179024470547907,-0.007889282063741876,0.10257878806523006,0.9048055324001227,-1.042512820865339,-0.3041918912684436,-1.8752853723150364,-1.143668312693375,-0.22345527558581418,-0.40840046536608954,0.9841231756854657,0
0.5512255078865883,-1.1099901739376037,0.17308587110484092,0.026095912898421714,0.6095235192417271,0.9048055324001227,-1.042512820865339,1.4316811360790147,-1.173704231781191,-1.143668312693375,1.066572152642809,-0.190138109563973,0.9841231756854657,0
0.7206745964472937,-1.1099901739376037,-0.502969299721533,0.03005979948555139,0.9474866733593919,0.9048055324001227,-1.042512820865339,-1.461440576166749,-1.2979075915886182,-1.143668312693375,0.8085666669970842,-0.7853990799333818,0.9841231756854657,0
-0.12657084635623306,0.9009088760241706,0.17308587110484092,-0.2701059071342643,-0.06640278899360229,0.9048055324001227,-1.042512820865339,0.2744324511807092,1.327147202179168,-1.0289971665491795,0.29255569570563505,0.6829113136444932,-1.0161329645585022,1
0.38177641932588297,0.9009088760241706,-1.179024470547907,0.04394129872892583,0.2715603651240624,0.9048055324001227,-1.042512820865339,1.4316811360790147,-1.8752853723150364,-1.143668312693375,0.8085666669970842,-2.8489704438806656,0.9841231756854657,0
0.7206745964472937,-1.1099901739376037,-1.179024470547907,-0.5854954650289526,0.2715603651240624,-1.177851894974348,0.06599664927436881,-0.8828162337175963,-1.6705176710108995,1.035083464046342,0.03455021005991044,0.3455967637684949,-1.0161329645585022,0
0.38177641932588297,-1.1099901739376037,1.5251962127575889,-0.5836319645616963,-0.06640278899360229,-1.177851894974348,-1.2008713165995828,0.2744324511807092,-1.8752853723150364,-1.0289971665491795,0.8085666669970842,0.26622863438590705,0.9841231756854657,0
0.38177641932588297,0.9009088760241706,0.8491410419312149,0.08621749153269531,0.10257878806523006,0.9048055324001227,-1.042512820865339,0.2744324511807092,0.9981761410676039,-1.143668312693375,0.8085666669970842,0.6035431842619053,0.9841231756854657,0
-0.12657084635623306,0.9009088760241706,-1.179024470547907,0.08087966816038523,-0.23538436605243465,0.9048055324001227,-1.042512820865339,-0.8828162337175963,-1.1166378232210217,-1.143668312693375,1.066572152642809,-0.7853990799333818,0.9841231756854657,0
1.2290218621294098,0.9009088760241706,-0.502969299721533,-0.5817842564712813,1.1164682504182242,-1.177851894974348,-0.6941241302500022,0.2744324511807092,1.417782086362966,-0.2262991435398101,0.03455021005991044,0.06780831092943747,0.9841231756854657,0
-0.12657084635623306,-1.1099901739376037,0.8491410419312149,-0.5843426215195483,0.10257878806523006,-1.177851894974348,-0.09236184645987515,0.2744324511807092,0.16232109803924238,0.8057411717579506,-0.22345527558581418,-1.0036614357354983,0.9841231756854657,0
0.890123685007999,0.9009088760241706,-1.179024470547907,-0.5835687950543317,0.6095235192417271,-1.177851894974348,0.06599664927436881,-0.3041918912684436,-0.005521280078902488,1.035083464046342,-0.22345527558581418,0.9805417988291976,-1.0161329645585022,0
0.5512255078865883,-1.1099901739376037,-1.179024470547907,-0.5854638802752702,0.4405419421828948,-1.177851894974348,0.1016273108145737,-1.461440576166749,-0.34120603631519225,1.1497546101905376,0.03455021005991044,-1.5195542767223194,0.9841231756854657,0
0.38177641932588297,-1.1099901739376037,-0.502969299721533,0.11933410576859543,0.10257878806523006,0.9048055324001227,-1.042512820865339,-0.3041918912684436,0.27645391515958084,-1.2583394588375707,-0.22345527558581418,1.5559607368529593,0.9841231756854657,0
0.0428782422044723,-1.1099901739376037,-1.179024470547907,-0.5840741511132487,-0.23538436605243465,-1.177851894974348,0.38271364074285674,-0.8828162337175963,-1.6839450612603513,1.6084391947673204,0.5505611813513597,-0.5671367241312653,0.9841231756854657,0
0.7206745964472937,0.9009088760241706,-0.502969299721533,-0.5892540507171472,0.4405419421828948,-1.177851894974348,-0.5555604464825388,0.853056793629862,0.8336906105118219,0.003043148748581378,0.8085666669970842,0.6035431842619053,-1.0161329645585022,0
0.0428782422044723,0.9009088760241706,1.5251962127575889,0.1748285179884109,0.10257878806523006,0.9048055324001227,-1.042512820865339,-1.461440576166749,-1.1166378232210217,-1.2583394588375707,0.29255569570563505,1.6551708985811941,0.9841231756854657,0
0.890123685007999,-1.1099901739376037,0.8491410419312149,0.17743426016720132,0.6095235192417271,0.9048055324001227,-1.042512820865339,1.4316811360790147,0.4745079213389917,-1.2583394588375707,-0.22345527558581418,0.38528082845978884,0.9841231756854657,0
0.7206745964472937,0.9009088760241706,-1.179024470547907,0.07895299818576444,0.10257878806523006,0.9048055324001227,-1.042512820865339,-1.461440576166749,0.03476089066945202,-1.143668312693375,0.03455021005991044,1.4964346398160184,-1.0161329645585022,1
0.21232733076517762,-1.1099901739376037,1.5251962127575889,0.19467953567774157,-0.404365943111267,0.9048055324001227,-1.042512820865339,-1.461440576166749,0.001192415045823164,-1.2583394588375707,-0.22345527558581418,0.5638591195706114,0.9841231756854657,0
0.0428782422044723,0.9009088760241706,-1.179024470547907,0.2317126593702479,0.10257878806523006,0.9048055324001227,-1.042512820865339,0.2744324511807092,0.4745079213389917,-1.2583394588375707,0.29255569570563505,-0.8449251769703227,-1.0161329645585022,0
-0.12657084635623306,-1.1099901739376037,-1.179024470547907,-0.580520866323989,0.10257878806523006,0.21058638994196582,0.6994306322113446,-0.8828162337175963,-1.1804179269059165,2.0671237793441026,0.5505611813513597,-0.5472946917856183,0.9841231756854657,0
0.38177641932588297,0.9009088760241706,-1.179024470547907,0.23153894322499521,0.10257878806523006,0.9048055324001227,-1.042512820865339,1.4316811360790147,0.3234497810326616,-1.2583394588375707,0.03455021005991044,-1.3608180179571436,0.9841231756854657,0
0.38177641932588297,0.9009088760241706,-1.179024470547907,0.2700091732100466,0.6095235192417271,0.9048055324001227,-1.042512820865339,-1.461440576166749,-1.7510820125076092,-1.2583394588375707,0.03455021005991044,0.5241750548793175,0.9841231756854657,0
0.890123685007999,0.9009088760241706,0.8491410419312149,0.16172084521025298,0.6095235192417271,0.9048055324001227,-1.042512820865339,-0.8828162337175963,0.27645391515958084,-1.2583394588375707,-0.22345527558581418,1.258330251668255,-1.0161329645585022,1
0.0428782422044723,0.9009088760241706,0.8491410419312149,-0.5821316887617867,0.4405419421828948,0.21058638994196582,0.5806617604106616,0.853056793629862,1.9750187817152072,1.952452633199907,0.29255569570563505,-0.6266628211682062,0.9841231756854657,0
1.2290218621294098,0.9009088760241706,0.8491410419312149,-0.5782467640588628,1.1164682504182242,-1.177851894974348,-0.6307807319563046,-0.8828162337175963,0.16232109803924238,-0.11162799739561437,0.03455021005991044,-0.051243883144444294,0.9841231756854657,0
1.0595727735687044,0.9009088760241706,-1.179024470547907,0.4593439791586429,1.1164682504182242,0.9048055324001227,-1.042512820865339,1.4316811360790147,1.0015329886299666,-1.2583394588375707,0.8085666669970842,-0.4282424977117365,0.9841231756854657,0
0.890123685007999,0.9009088760241706,-0.502969299721533,0.5177599810940718,0.7785050963005594,0.9048055324001227,-1.042512820865339,-1.461440576166749,0.001192415045823164,-1.2583394588375707,0.29255569570563505,0.9606997664835506,-1.0161329645585022,0
-0.12657084635623306,-1.1099901739376037,1.5251962127575889,0.5247244192810208,0.10257878806523006,0.9048055324001227,-1.042512820865339,-1.461440576166749,-0.21700267650776528,-1.2583394588375707,0.8085666669970842,-0.24966420660091387,-1.0161329645585022,0
0.0428782422044723,0.9009088760241706,0.17308587110484092,0.08970760681459036,-0.06640278899360229,0.9048055324001227,-1.042512820865339,0.2744324511807092,2.159645397645167,-1.143668312693375,-0.22345527558581418,-0.13061201252703214,-1.0161329645585022,1
0.890123685007999,0.9009088760241706,-0.502969299721533,-0.5887329022813891,0.9474866733593919,0.21058638994196582,0.06599664927436881,1.4316811360790147,-0.8447331706696268,1.035083464046342,-0.22345527558581418,0.20670253734896618,0.9841231756854657,0
0.0428782422044723,0.9009088760241706,-1.179024470547907,-0.5814684089344583,-0.23538436605243465,-1.177851894974348,-0.8841543251310949,1.4316811360790147,-0.005521280078902488,-0.570312581972397,0.03455021005991044,0.2463866020402601,-1.0161329645585022,0
0.890123685007999,-1.1099901739376037,-1.179024470547907,-0.5812789004123644,0.4405419421828948,-1.177851894974348,-0.5674373336626071,-1.461440576166749,0.001192415045823164,0.003043148748581378,0.8085666669970842,0.821805540064022,0.9841231756854657,0
1.2290218621294098,-1.1099901739376037,-1.179024470547907,0.7267089190793815,1.2854498274770565,0.9048055324001227,-1.042512820865339,-1.461440576166749,0.19253272610050842,-1.3730106049817663,0.03455021005991044,0.6829113136444932,-1.0161329645585022,0
0.7206745964472937,0.9009088760241706,1.5251962127575889,0.7421696560068713,-0.06640278899360229,0.9048055324001227,-1.042512820865339,-0.3041918912684436,0.001192415045823164,-1.3730106049817663,1.066572152642809,1.1789621222856672,0.9841231756854657,0
0.7206745964472937,-1.1099901739376037,0.8491410419312149,0.7466231062760769,0.10257878806523006,0.9048055324001227,-1.042512820865339,-1.461440576166749,0.001192415045823164,-1.3730106049817663,-0.22345527558581418,0.16701847265767225,-1.0161329645585022,0
1.0595727735687044,0.9009088760241706,-0.502969299721533,0.7624312754940721,0.7785050963005594,0.9048055324001227,-1.042512820865339,-0.8828162337175963,0.03811773823181484,-1.3730106049817663,0.29255569570563505,0.5241750548793175,0.9841231756854657,0
0.890123685007999,-1.1099901739376037,-1.179024470547907,0.8003013951591595,0.6095235192417271,0.9048055324001227,-1.042512820865339,1.4316811360790147,0.11868207972852446,-1.3730106049817663,-0.22345527558581418,-0.9838194033898514,-1.0161329645585022,0
0.5512255078865883,-1.1099901739376037,-0.502969299721533,-0.5834108712859202,0.7785050963005594,-1.177851894974348,-0.2507203421941191,0.853056793629862,-1.8752853723150364,0.5763988794695595,0.8085666669970842,1.4964346398160184,-1.0161329645585022,0
1.2290218621294098,-1.1099901739376037,-0.502969299721533,-0.5747250640232855,1.7923945586535535,-1.177851894974348,-0.8841543251310949,-0.8828162337175963,-0.46205254856025635,-0.570312581972397,0.5505611813513597,-0.6663468858595001,0.9841231756854657,0
0.21232733076517762,0.9009088760241706,-0.502969299721533,1.0523003524134553,0.4405419421828948,0.9048055324001227,-1.042512820865339,1.4316811360790147,-0.25392799969375696,-1.3730106049817663,0.8085666669970842,0.4448069254967297,0.9841231756854657,0
0.38177641932588297,0.9009088760241706,-1.179024470547907,1.1222447894429268,-0.06640278899360229,0.9048055324001227,-1.042512820865339,-0.8828162337175963,1.223084927745918,-1.3730106049817663,1.066572152642809,0.4448069254967297,-1.0161329645585022,0
0.0428782422044723,-1.1099901739376037,-1.179024470547907,1.224974200794634,-0.06640278899360229,0.9048055324001227,-1.042512820865339,-0.3041918912684436,1.0787404825643134,-1.3730106049817663,0.5505611813513597,-0.5671367241312653,-1.0161329645585022,0
0.0428782422044723,-1.1099901739376037,-0.502969299721533,1.597721671376394,0.6095235192417271,0.9048055324001227,-1.042512820865339,0.853056793629862,-0.0860856215756121,-1.3730106049817663,-0.22345527558581418,-0.20998014190961997,0.9841231756854657,0
0.890123685007999,0.9009088760241706,1.5251962127575889,-0.5826686295743859,0.7785050963005594,-1.177851894974348,-0.5674373336626071,0.853056793629862,-1.8752853723150364,0.003043148748581378,0.03455021005991044,-0.09092794783573821,0.9841231756854657,0
0.0428782422044723,-1.1099901739376037,-0.502969299721533,0.2742889073339993,-0.06640278899360229,0.9048055324001227,-1.038553858471983,1.4316811360790147,-0.34120603631519225,-1.2583394588375707,0.5505611813513597,-0.5671367241312653,0.9841231756854657,0
0.7206745964472937,0.9009088760241706,1.5251962127575889,0.4564381818198705,0.9474866733593919,0.9048055324001227,-1.038553858471983,1.4316811360790147,0.001192415045823164,-1.2583394588375707,-0.22345527558581418,1.3773824457421369,0.9841231756854657,0
-0.12657084635623306,-1.1099901739376037,-0.502969299721533,-0.9560162104761096,0.2715603651240624,0.9048055324001227,-1.0345948960786266,0.853056793629862,-0.21028898138303903,0.23238544103697253,-0.22345527558581418,1.2186461869769611,-1.0161329645585022,1
0.21232733076517762,0.9009088760241706,0.8491410419312149,-0.5862534991173279,0.4405419421828948,-1.177851894974348,-0.2507203421941191,-0.8828162337175963,0.561785957960427,0.5763988794695595,0.8085666669970842,0.3654387961141419,-1.0161329645585022,0
0.7206745964472937,-1.1099901739376037,0.17308587110484092,-0.5625807262324379,0.6095235192417271,0.9048055324001227,-1.0345948960786266,1.4316811360790147,-1.3482603050240614,-0.7996548742607882,-0.22345527558581418,-0.11076998018138517,0.9841231756854657,0
-0.12657084635623306,0.9009088760241706,1.5251962127575889,-0.5861271601025987,-0.404365943111267,-1.177851894974348,-0.7257958293968509,-0.3041918912684436,0.561785957960427,-0.2262991435398101,-0.22345527558581418,-0.7457150152420878,0.9841231756854657,0
0.21232733076517762,0.9009088760241706,-0.502969299721533,-0.5647284894828349,0.2715603651240624,0.9048055324001227,-1.0306359336852706,0.2744324511807092,-1.8752853723150364,-0.7996548742607882,-0.22345527558581418,-1.9560789883265524,0.9841231756854657,0
0.5512255078865883,-1.1099901739376037,-0.502969299721533,-0.6617410604180445,0.7785050963005594,0.9048055324001227,-1.0266769712919146,0.2744324511807092,-0.1397951825734185,-0.6849837281165926,0.8085666669970842,1.317856348705196,-1.0161329645585022,1
0.38177641932588297,0.9009088760241706,-1.179024470547907,-0.6526130666038574,0.4405419421828948,0.9048055324001227,-1.0266769712919146,-0.8828162337175963,0.7866947446387411,-0.6849837281165926,1.066572152642809,-0.40840046536608954,0.9841231756854657,0
1.2290218621294098,0.9009088760241706,-0.502969299721533,-0.6377524399963314,1.1164682504182242,0.9048055324001227,-1.0227180088985584,-0.8828162337175963,-1.2979075915886182,-0.6849837281165926,0.8085666669970842,1.258330251668255,-1.0161329645585022,0
0.21232733076517762,-1.1099901739376037,1.5251962127575889,-0.1782732358029533,0.4405419421828948,0.9048055324001227,-1.0187590465052023,0.2744324511807092,1.5486991412951188,-1.0289971665491795,1.066572152642809,0.6233852166075523,-1.0161329645585022,1
0.0428782422044723,0.9009088760241706,-0.502969299721533,-0.5760674160547835,0.2715603651240624,-1.177851894974348,0.35895986638272015,-1.461440576166749,-1.4993184453303918,1.4937680486231246,0.03455021005991044,1.0995939929030794,0.9841231756854657,0
1.0595727735687044,0.9009088760241706,-1.179024470547907,-0.5832529475175087,0.7785050963005594,-1.177851894974348,-0.7257958293968509,-0.3041918912684436,0.7866947446387411,-0.2262991435398101,0.8085666669970842,0.0479662785837905,0.9841231756854657,0
0.5512255078865883,-1.1099901739376037,-0.502969299721533,-0.5864745923931041,0.7785050963005594,-1.177851894974348,-1.2008713165995828,0.2744324511807092,0.001192415045823164,-1.0289971665491795,0.03455021005991044,0.9408577341379036,0.9841231756854657,0
0.7206745964472937,0.9009088760241706,-1.179024470547907,-1.0189330398112675,1.1164682504182242,0.9048055324001227,-1.01084112171849,0.2744324511807092,0.001192415045823164,0.8057411717579506,0.29255569570563505,-0.4877685947486774,-1.0161329645585022,1
0.5512255078865883,-1.1099901739376037,-1.179024470547907,-0.8986425054121969,0.2715603651240624,0.9048055324001227,-1.01084112171849,-0.3041918912684436,-0.46205254856025635,0.003043148748581378,0.5505611813513597,0.4448069254967297,-1.0161329645585022,1
0.7206745964472937,-1.1099901739376037,-1.179024470547907,-0.5787205353640974,0.6095235192417271,-1.177851894974348,-0.8841543251310949,-1.461440576166749,0.8739727812601764,-0.570312581972397,-0.22345527558581418,-0.07108591549009124,0.9841231756854657,0
-0.12657084635623306,-1.1099901739376037,-0.502969299721533,-0.6080943562886441,0.2715603651240624,0.9048055324001227,-1.01084112171849,0.853056793629862,0.3301634761573873,-0.6849837281165926,0.8085666669970842,0.7027533459901402,0.9841231756854657,0
1.2290218621294098,0.9009088760241706,1.5251962127575889,-0.6048411266593663,1.4544314045358888,0.9048055324001227,-1.01084112171849,1.4316811360790147,1.8407448792206904,-0.6849837281165926,-0.22345527558581418,0.782121475372728,-1.0161329645585022,0
0.21232733076517762,0.9009088760241706,-0.502969299721533,-0.5814999936881405,0.4405419421828948,0.9048055324001227,-1.01084112171849,1.4316811360790147,-1.1804179269059165,-0.7996548742607882,0.03455021005991044,1.258330251668255,0.9841231756854657,0
0.0428782422044723,0.9009088760241706,-1.179024470547907,-0.5829055152270033,0.7785050963005594,0.9048055324001227,-1.01084112171849,-0.8828162337175963,1.4110683912382405,-0.7996548742607882,0.03455021005991044,1.1392780575943733,0.9841231756854657,0
0.38177641932588297,0.9009088760241706,1.5251962127575889,-0.5824159515449275,-0.06640278899360229,-1.177851894974348,-0.6941241302500022,-0.3041918912684436,-0.37813135950118393,-0.2262991435398101,0.03455021005991044,0.38528082845978884,0.9841231756854657,0
1.0595727735687044,0.9009088760241706,-0.502969299721533,-0.5784204802041155,0.4405419421828948,0.9048055324001227,-1.01084112171849,0.2744324511807092,0.0851136041048956,-0.7996548742607882,0.03455021005991044,0.7027533459901402,-1.0161329645585022,0
-0.12657084635623306,0.9009088760241706,1.5251962127575889,-0.5660234643838096,-0.23538436605243465,0.9048055324001227,-1.01084112171849,-0.8828162337175963,-1.0495008719737637,-0.7996548742607882,0.03455021005991044,-1.9362369559809054,0.9841231756854657,0
0.38177641932588297,0.9009088760241706,-0.502969299721533,-0.5671131383858492,-0.06640278899360229,0.9048055324001227,-1.01084112171849,-1.461440576166749,-1.0495008719737637,-0.7996548742607882,1.066572152642809,-0.40840046536608954,-1.0161329645585022,0
0.38177641932588297,-1.1099901739376037,1.5251962127575889,-0.5823211972838805,-0.06640278899360229,-1.177851894974348,2.0850674698859795,-1.461440576166749,-0.12972463988633004,4.475217848372211,1.066572152642809,0.32575473142284794,0.9841231756854657,0
-0.12657084635623306,0.9009088760241706,-1.179024470547907,-0.5305379936217363,0.10257878806523006,0.9048055324001227,-1.01084112171849,-0.8828162337175963,0.4745079213389917,-0.7996548742607882,-0.22345527558581418,-1.3608180179571436,0.9841231756854657,0
0.0428782422044723,0.9009088760241706,-1.179024470547907,-0.5234945935505816,-0.23538436605243465,0.9048055324001227,-1.01084112171849,0.853056793629862,-0.46205254856025635,-0.7996548742607882,0.03455021005991044,-0.38855843302044263,0.9841231756854657,0
0.890123685007999,-1.1099901739376037,-0.502969299721533,-0.5839951892290429,0.6095235192417271,-1.177851894974348,0.38271364074285674,0.2744324511807092,0.7061304031420315,1.6084391947673204,0.29255569570563505,-0.36871640067479566,0.9841231756854657,0
0.0428782422044723,-1.1099901739376037,-1.179024470547907,-0.6252448775381374,-0.23538436605243465,0.9048055324001227,-1.01084112171849,1.4316811360790147,1.1458774338115711,-0.6849837281165926,0.03455021005991044,-1.0235034680811452,-1.0161329645585022,1
1.2290218621294098,-1.1099901739376037,-1.179024470547907,-0.6013194266237889,1.1164682504182242,0.9048055324001227,-1.01084112171849,-0.3041918912684436,-0.34120603631519225,-0.6849837281165926,0.29255569570563505,0.8614896047553159,-1.0161329645585022,1
1.0595727735687044,0.9009088760241706,-1.179024470547907,-0.46741586338764346,1.4544314045358888,0.9048055324001227,-1.01084112171849,-1.461440576166749,0.5382880250238866,-0.9143260204049839,0.5505611813513597,0.18686050500331922,0.9841231756854657,0
1.2290218621294098,-1.1099901739376037,0.8491410419312149,-0.44931779952768086,0.7785050963005594,0.9048055324001227,-1.01084112171849,0.853056793629862,1.5486991412951188,-0.9143260204049839,-0.22345527558581418,1.258330251668255,-1.0161329645585022,0
0.38177641932588297,0.9009088760241706,-0.502969299721533,-0.42585032754172586,0.6095235192417271,0.9048055324001227,-1.01084112171849,0.2744324511807092,0.15896425047687956,-0.9143260204049839,0.8085666669970842,1.1988041546313142,-1.0161329645585022,0
0.38177641932588297,0.9009088760241706,0.8491410419312149,-0.4304459092025017,0.6095235192417271,0.9048055324001227,-1.01084112171849,0.2744324511807092,-1.0092187012254088,-0.9143260204049839,-0.22345527558581418,-0.686188918205147,0.9841231756854657,0
0.0428782422044723,-1.1099901739376037,-1.179024470547907,-0.34049253071528807,-0.404365943111267,0.9048055324001227,-1.01084112171849,-0.8828162337175963,1.575553921794022,-1.0289971665491795,0.29255569570563505,-1.182239726846321,0.9841231756854657,0
-0.12657084635623306,0.9009088760241706,-0.502969299721533,-0.5821158963849455,0.2715603651240624,-1.177851894974348,0.8577891279455886,0.853056793629862,0.5114332445249834,2.411137217776689,-0.22345527558581418,-1.3012919209202027,0.9841231756854657,0
0.0428782422044723,0.9009088760241706,-0.502969299721533,-0.45234993588118244,0.4405419421828948,0.9048055324001227,-1.01084112171849,0.853056793629862,1.7836784706605218,-0.9143260204049839,0.5505611813513597,0.0479662785837905,-1.0161329645585022,1
-0.12657084635623306,0.9009088760241706,0.8491410419312149,-0.2910781835793169,-0.06640278899360229,0.9048055324001227,-1.01084112171849,-1.461440576166749,0.16232109803924238,-1.0289971665491795,0.29255569570563505,0.6630692812988462,0.9841231756854657,0
1.0595727735687044,-1.1099901739376037,-0.502969299721533,-0.23548901709845454,1.4544314045358888,0.9048055324001227,-1.01084112171849,-0.8828162337175963,-1.4254677989584081,-1.0289971665491795,-0.22345527558581418,0.5043330225336705,-1.0161329645585022,0
-0.12657084635623306,0.9009088760241706,1.5251962127575889,-0.21983877164887083,-0.7423290972289317,0.9048055324001227,-1.01084112171849,0.2744324511807092,0.5651428055227898,-1.0289971665491795,1.066572152642809,-0.09092794783573821,0.9841231756854657,0
0.5512255078865883,0.9009088760241706,-0.502969299721533,-0.5843584138963894,0.6095235192417271,-1.177851894974348,0.8577891279455886,0.2744324511807092,0.9780350556934264,2.411137217776689,0.5505611813513597,-0.8449251769703227,-1.0161329645585022,0
-0.12657084635623306,-1.1099901739376037,-0.502969299721533,-0.22599779861692093,-0.06640278899360229,0.9048055324001227,-1.01084112171849,1.4316811360790147,-0.37813135950118393,-1.0289971665491795,0.29255569570563505,0.12733440796637835,0.9841231756854657,0
0.0428782422044723,-1.1099901739376037,-0.502969299721533,-0.2051044840560741,-0.404365943111267,0.9048055324001227,-1.01084112171849,-1.461440576166749,0.6624913848313142,-1.0289971665491795,0.29255569570563505,0.6630692812988462,0.9841231756854657,0
0.21232733076517762,0.9009088760241706,0.8491410419312149,-0.18646947938351227,0.2715603651240624,0.9048055324001227,-1.01084112171849,0.853056793629862,0.001192415045823164,-1.0289971665491795,0.29255569570563505,-0.9044512740072636,-1.0161329645585022,0
0.21232733076517762,-1.1099901739376037,1.5251962127575889,-0.26734224118706235,-0.23538436605243465,0.9048055324001227,-1.01084112171849,-0.8828162337175963,1.327147202179168,-1.0289971665491795,0.29255569570563505,-0.24966420660091387,-1.0161329645585022,1
0.7206745964472937,0.9009088760241706,-0.502969299721533,-0.579904963627184,0.6095235192417271,-1.177851894974348,0.38271364074285674,1.4316811360790147,-0.46205254856025635,1.6084391947673204,0.5505611813513597,0.7225953783357871,0.9841231756854657,0
0.21232733076517762,0.9009088760241706,1.5251962127575889,-0.1602541338271965,0.4405419421828948,0.9048055324001227,-1.01084112171849,1.4316811360790147,-1.1166378232210217,-1.0289971665491795,0.8085666669970842,1.1392780575943733,0.9841231756854657,0
0.890123685007999,0.9009088760241706,0.8491410419312149,-0.02987227062662836,1.1164682504182242,0.9048055324001227,-1.01084112171849,-0.8828162337175963,-0.08944246913797492,-1.143668312693375,0.8085666669970842,0.12733440796637835,0.9841231756854657,0
0.0428782422044723,-1.1099901739376037,-0.502969299721533,-0.5881169995845841,-0.23538436605243465,-1.177851894974348,0.0026532509806712224,0.853056793629862,0.7229146409538463,0.9204123179021463,0.5505611813513597,0.6829113136444932,-1.0161329645585022,0
0.0428782422044723,0.9009088760241706,1.5251962127575889,-0.6998954428662727,-0.06640278899360229,-1.177851894974348,-0.6307807319563046,-1.461440576166749,0.001192415045823164,0.23238544103697253,-0.22345527558581418,-0.03140185079879733,-1.0161329645585022,1
0.0428782422044723,-1.1099901739376037,-1.179024470547907,0.09509280731742391,-0.06640278899360229,0.9048055324001227,-1.01084112171849,-0.3041918912684436,1.2096575374964662,-1.143668312693375,-0.22345527558581418,-0.30919030363785477,-1.0161329645585022,1
0.21232733076517762,-1.1099901739376037,1.5251962127575889,-0.5863640457552161,-0.06640278899360229,-1.177851894974348,-0.9474977234247925,0.853056793629862,-1.0092187012254088,-0.6849837281165926,0.8085666669970842,0.20670253734896618,-1.0161329645585022,0
0.890123685007999,0.9009088760241706,-1.179024470547907,0.5518083455636,0.7785050963005594,0.9048055324001227,-1.01084112171849,-0.3041918912684436,-1.173704231781191,-1.2583394588375707,-0.22345527558581418,-0.7853990799333818,-1.0161329645585022,0
0.38177641932588297,0.9009088760241706,0.8491410419312149,0.8356605269065036,0.10257878806523006,0.9048055324001227,-1.01084112171849,0.853056793629862,-1.1804179269059165,-1.3730106049817663,0.5505611813513597,-0.44808453005738347,-1.0161329645585022,0
-0.12657084635623306,0.9009088760241706,-1.179024470547907,-0.5819737649933752,-0.06640278899360229,0.21058638994196582,-0.3298995900612411,1.4316811360790147,0.1119683846037988,0.3470565871811683,0.8085666669970842,0.10749237562073138,0.9841231756854657,0
1.2290218621294098,0.9009088760241706,0.8491410419312149,0.8390716803041929,1.1164682504182242,0.9048055324001227,-1.01084112171849,0.853056793629862,0.15896425047687956,-1.3730106049817663,0.8085666669970842,-1.3211339532658497,0.9841231756854657,0
0.5512255078865883,0.9009088760241706,1.5251962127575889,-1.0590930541183223,0.6095235192417271,0.9048055324001227,-1.002923196931778,-0.8828162337175963,-1.0495008719737637,1.2644257563347332,1.066572152642809,0.9011736694466097,-1.0161329645585022,1
-0.12657084635623306,0.9009088760241706,-0.502969299721533,-0.5855112574057937,0.2715603651240624,-0.4836327525161911,-0.4090788379283631,1.4316811360790147,-1.0092187012254088,0.23238544103697253,0.29255569570563505,0.3654387961141419,-1.0161329645585022,0
-0.12657084635623306,0.9009088760241706,-0.502969299721533,-1.0115579998264486,0.2715603651240624,0.9048055324001227,-1.002923196931778,1.4316811360790147,-0.21700267650776528,0.6910700256137552,0.8085666669970842,0.5043330225336705,-1.0161329645585022,1
0.890123685007999,0.9009088760241706,0.8491410419312149,-0.880402310160664,0.10257878806523006,0.9048055324001227,-1.002923196931778,-1.461440576166749,1.7836784706605218,-0.11162799739561437,0.29255569570563505,-0.4877685947486774,-1.0161329645585022,1
-0.12657084635623306,0.9009088760241706,-1.179024470547907,-0.8673893916435529,0.10257878806523006,0.9048055324001227,-1.002923196931778,1.4316811360790147,0.001192415045823164,-0.11162799739561437,-0.22345527558581418,-0.15045404487267908,-1.0161329645585022,1
0.38177641932588297,0.9009088760241706,-1.179024470547907,-0.8136637256299467,0.6095235192417271,0.9048055324001227,-1.002923196931778,1.4316811360790147,1.0418151593783211,-0.34097028968400567,0.29255569570563505,0.26622863438590705,-1.0161329645585022,0
0.38177641932588297,-1.1099901739376037,1.5251962127575889,-0.5849585242163533,-0.404365943111267,-1.177851894974348,-0.013182598592753173,-0.3041918912684436,0.3301634761573873,0.9204123179021463,0.5505611813513597,0.9210157017922567,0.9841231756854657,0
0.38177641932588297,0.9009088760241706,1.5251962127575889,-0.7454722424298434,0.6095235192417271,0.9048055324001227,-1.002923196931778,-1.461440576166749,1.1223795008750308,-0.45564143582820127,0.8085666669970842,1.774223092655076,-1.0161329645585022,1
0.5512255078865883,-1.1099901739376037,-1.179024470547907,-0.7420295042784718,0.2715603651240624,0.9048055324001227,-1.002923196931778,1.4316811360790147,0.830333762949459,-0.45564143582820127,0.5505611813513597,0.782121475372728,0.9841231756854657,0
0.0428782422044723,0.9009088760241706,-1.179024470547907,-0.5788310820019855,0.2715603651240624,0.21058638994196582,-0.8841543251310949,-0.8828162337175963,0.16232109803924238,-0.570312581972397,1.066572152642809,1.238488219322608,0.9841231756854657,0
0.0428782422044723,0.9009088760241706,-1.179024470547907,-0.5866325161615156,-0.5733475201700994,-1.177851894974348,1.0161476236798326,-0.3041918912684436,0.7464125738903866,2.640479510065081,0.8085666669970842,0.4448069254967297,0.9841231756854657,0
0.890123685007999,-1.1099901739376037,1.5251962127575889,-0.9072335584137847,0.6095235192417271,0.9048055324001227,-0.9950052721450657,-0.8828162337175963,0.3234497810326616,0.1177142948927768,0.5505611813513597,0.286070666731554,-1.0161329645585022,1
1.2290218621294098,-1.1099901739376037,0.8491410419312149,-0.8883932528422879,1.4544314045358888,0.9048055324001227,-0.9950052721450657,-0.3041918912684436,0.954537122756886,0.003043148748581378,0.03455021005991044,1.1194360252487263,-1.0161329645585022,1
0.21232733076517762,-1.1099901739376037,-0.502969299721533,-0.5337122613668083,0.2715603651240624,0.9048055324001227,-0.9950052721450657,-0.8828162337175963,-0.21364582894540246,-0.7996548742607882,0.5505611813513597,0.9606997664835506,0.9841231756854657,0
0.38177641932588297,-1.1099901739376037,-0.502969299721533,-0.3972503330823958,0.2715603651240624,0.9048055324001227,-0.9950052721450657,-0.8828162337175963,0.23617174441122635,-0.9143260204049839,0.5505611813513597,1.0003838311748445,0.9841231756854657,0
0.0428782422044723,0.9009088760241706,0.8491410419312149,-0.1524053225371429,-0.23538436605243465,0.9048055324001227,-0.9950052721450657,0.853056793629862,0.001192415045823164,-1.0289971665491795,0.5505611813513597,0.9805417988291976,0.9841231756854657,0
1.2290218621294098,-1.1099901739376037,0.8491410419312149,0.16911167757191312,0.4405419421828948,0.9048055324001227,-0.9950052721450657,-0.8828162337175963,0.23617174441122635,-1.143668312693375,0.8085666669970842,0.20670253734896618,0.9841231756854657,0
-0.12657084635623306,0.9009088760241706,1.5251962127575889,0.05895984910486336,0.2715603651240624,0.9048055324001227,-0.9910463097517096,0.853056793629862,1.7836784706605218,-1.143668312693375,0.29255569570563505,1.238488219322608,-1.0161329645585022,1
1.0595727735687044,0.9009088760241706,-1.179024470547907,-0.6729852327289462,1.4544314045358888,0.9048055324001227,-0.9870873473583536,1.4316811360790147,-0.005521280078902488,-0.570312581972397,1.066572152642809,0.5043330225336705,0.9841231756854657,0
0.5512255078865883,0.9009088760241706,-0.502969299721533,-0.33918176343747225,0.7785050963005594,0.9048055324001227,-0.9870873473583536,0.2744324511807092,0.9981761410676039,-0.9143260204049839,-0.22345527558581418,0.3455967637684949,-1.0161329645585022,0
-0.12657084635623306,-1.1099901739376037,-0.502969299721533,-0.5743934241096212,-0.06640278899360229,-1.177851894974348,0.38271364074285674,1.4316811360790147,-0.6936750303632967,1.6084391947673204,0.5505611813513597,0.5440170872249644,0.9841231756854657,0
0.7206745964472937,0.9009088760241706,0.8491410419312149,-0.5757199837642781,0.9474866733593919,-1.177851894974348,0.06599664927436881,1.4316811360790147,1.6594751108530943,1.035083464046342,-0.22345527558581418,-2.610866055732902,0.9841231756854657,0
0.7206745964472937,-1.1099901739376037,0.8491410419312149,-0.6323672394934978,0.9474866733593919,0.9048055324001227,-0.9791694225716413,1.4316811360790147,0.001192415045823164,-0.570312581972397,-0.22345527558581418,-0.09092794783573821,-1.0161329645585022,1
1.0595727735687044,0.9009088760241706,-0.502969299721533,-0.5790521752777616,1.4544314045358888,-1.177851894974348,-0.09236184645987515,0.853056793629862,0.8269769153870962,0.8057411717579506,1.066572152642809,0.4448069254967297,-1.0161329645585022,0
1.0595727735687044,0.9009088760241706,-1.179024470547907,-0.5796207008440432,0.9474866733593919,-1.177851894974348,-0.7257958293968509,0.853056793629862,-0.08944246913797492,-0.2262991435398101,0.29255569570563505,1.298014316359549,-1.0161329645585022,0
0.7206745964472937,0.9009088760241706,1.5251962127575889,-0.534407125947819,0.7785050963005594,0.9048055324001227,-0.9791694225716413,0.2744324511807092,-0.37813135950118393,-0.7996548742607882,0.8085666669970842,1.5559607368529593,-1.0161329645585022,0
1.0595727735687044,0.9009088760241706,0.8491410419312149,-0.41296374803934416,0.6095235192417271,0.9048055324001227,-0.9791694225716413,-0.8828162337175963,0.8336906105118219,-0.9143260204049839,0.5505611813513597,1.5361187045073124,0.9841231756854657,0
1.2290218621294098,0.9009088760241706,-1.179024470547907,-0.33371760105043297,0.9474866733593919,0.9048055324001227,-0.9791694225716413,-1.461440576166749,0.6893461653302174,-0.9143260204049839,0.8085666669970842,-1.0631875327724392,-1.0161329645585022,0
0.0428782422044723,-1.1099901739376037,-1.179024470547907,0.19104728900427614,-0.06640278899360229,0.9048055324001227,-0.9791694225716413,-1.461440576166749,-0.8447331706696268,-1.143668312693375,-0.22345527558581418,0.0479662785837905,-1.0161329645585022,0
0.0428782422044723,0.9009088760241706,0.8491410419312149,-0.5795575313366786,-0.06640278899360229,-1.177851894974348,0.5410721364771007,-1.461440576166749,0.001192415045823164,1.8377814870557112,0.8085666669970842,-0.7457150152420878,-1.0161329645585022,0
0.5512255078865883,-1.1099901739376037,1.5251962127575889,-0.5743302546022566,0.2715603651240624,-1.177851894974348,-0.09236184645987515,0.2744324511807092,-1.6705176710108995,0.8057411717579506,0.8085666669970842,0.22654456969461315,0.9841231756854657,0
0.890123685007999,0.9009088760241706,0.8491410419312149,-0.5763358864610831,0.7785050963005594,-1.177851894974348,-0.5120118601556216,0.2744324511807092,-1.173704231781191,0.1177142948927768,-0.22345527558581418,-0.15045404487267908,0.9841231756854657,0
0.5512255078865883,0.9009088760241706,-0.502969299721533,-0.5802050187871659,0.6095235192417271,0.9048055324001227,-0.9752104601782853,1.4316811360790147,0.8135495251376443,-0.6849837281165926,0.29255569570563505,0.8614896047553159,0.9841231756854657,0
0.0428782422044723,-1.1099901739376037,-0.502969299721533,-0.5767780730126355,0.2715603651240624,-1.177851894974348,-1.2800505644667048,0.853056793629862,-0.8447331706696268,-1.2583394588375707,1.066572152642809,1.4765926074703717,-1.0161329645585022,0
0.0428782422044723,0.9009088760241706,0.8491410419312149,-0.5742197079643685,-0.23538436605243465,-1.177851894974348,-1.1929533918128707,-0.8828162337175963,1.6628319584154578,-1.0289971665491795,0.5505611813513597,-1.4798702120310254,0.9841231756854657,0
0.0428782422044723,-1.1099901739376037,-0.502969299721533,-0.9293902631219239,0.10257878806523006,0.9048055324001227,-0.963333572998217,-0.3041918912684436,-1.1166378232210217,0.3470565871811683,0.5505611813513597,0.0479662785837905,-1.0161329645585022,1
1.2290218621294098,0.9009088760241706,-1.179024470547907,-0.8868298075350136,0.4405419421828948,0.9048055324001227,-0.963333572998217,1.4316811360790147,-0.5661148229935064,0.1177142948927768,0.03455021005991044,1.0797519605574324,-1.0161329645585022,1
0.0428782422044723,0.9009088760241706,0.8491410419312149,-0.5760832084316246,0.6095235192417271,-1.177851894974348,-0.646616581529729,-1.461440576166749,0.16232109803924238,-0.11162799739561437,-0.22345527558581418,0.5638591195706114,0.9841231756854657,0
0.7206745964472937,0.9009088760241706,-0.502969299721533,-0.8674525611509175,0.7785050963005594,0.9048055324001227,-0.963333572998217,0.853056793629862,-1.5496711587658354,0.003043148748581378,-0.22345527558581418,-0.5076106270943244,0.9841231756854657,0
0.0428782422044723,0.9009088760241706,-1.179024470547907,-0.5687713379541703,-0.23538436605243465,-1.177851894974348,0.0026532509806712224,1.4316811360790147,-1.8752853723150364,0.9204123179021463,0.5505611813513597,-0.36871640067479566,0.9841231756854657,0
0.21232733076517762,0.9009088760241706,-0.502969299721533,-0.573035279701282,0.6095235192417271,-1.177851894974348,-0.8841543251310949,-1.461440576166749,-1.0495008719737637,-0.570312581972397,0.03455021005991044,-0.44808453005738347,0.9841231756854657,0
0.21232733076517762,-1.1099901739376037,-0.502969299721533,-0.5648864132512464,0.2715603651240624,-1.177851894974348,-0.8881132875244511,-1.461440576166749,-0.005521280078902488,-0.570312581972397,0.29255569570563505,-1.0433455004267922,-1.0161329645585022,0
1.2290218621294098,-1.1099901739376037,-0.502969299721533,-0.8167432391139718,1.4544314045358888,0.9048055324001227,-0.963333572998217,-0.8828162337175963,1.0787404825643134,-0.2262991435398101,0.8085666669970842,1.1789621222856672,-1.0161329645585022,0
-0.12657084635623306,0.9009088760241706,1.5251962127575889,-0.8179592521307406,-0.5733475201700994,0.9048055324001227,-0.963333572998217,0.853056793629862,1.0015329886299666,-0.2262991435398101,1.066572152642809,0.5638591195706114,-1.0161329645585022,1
1.2290218621294098,-1.1099901739376037,-1.179024470547907,-0.7937337460564103,1.1164682504182242,0.9048055324001227,-0.963333572998217,1.4316811360790147,0.665848232393677,-0.2262991435398101,0.03455021005991044,0.286070666731554,0.9841231756854657,0
0.5512255078865883,0.9009088760241706,-0.502969299721533,-0.7956762084078722,0.9474866733593919,0.9048055324001227,-0.963333572998217,0.2744324511807092,-1.623521805137819,-0.2262991435398101,0.03455021005991044,-0.190138109563973,0.9841231756854657,0
0.7206745964472937,-1.1099901739376037,0.8491410419312149,-0.7872430791746959,0.2715603651240624,0.9048055324001227,-0.963333572998217,0.2744324511807092,0.2865244578466693,-0.2262991435398101,1.066572152642809,1.3773824457421369,-1.0161329645585022,0
0.0428782422044723,0.9009088760241706,-0.502969299721533,-0.7894540119324576,0.4405419421828948,0.9048055324001227,-0.963333572998217,-0.3041918912684436,1.2465828606824585,-0.2262991435398101,0.03455021005991044,-0.11076998018138517,-1.0161329645585022,1
0.38177641932588297,-1.1099901739376037,0.8491410419312149,-0.7717191727398415,0.10257878806523006,0.9048055324001227,-0.963333572998217,0.853056793629862,0.03476089066945202,-0.34097028968400567,-0.22345527558581418,-0.40840046536608954,0.9841231756854657,0
0.0428782422044723,-1.1099901739376037,-0.502969299721533,-0.7721613592913938,0.10257878806523006,0.9048055324001227,-0.963333572998217,0.2744324511807092,-1.2979075915886182,-0.34097028968400567,1.066572152642809,-0.11076998018138517,0.9841231756854657,0
0.38177641932588297,0.9009088760241706,-0.502969299721533,-0.5667657060953438,0.2715603651240624,-1.177851894974348,0.6202513843442227,-1.461440576166749,-0.3680608168140954,1.952452633199907,-0.22345527558581418,0.6035431842619053,-1.0161329645585022,0
0.21232733076517762,-1.1099901739376037,-0.502969299721533,-0.7333279046389959,0.2715603651240624,0.9048055324001227,-0.963333572998217,-1.461440576166749,0.3301634761573873,-0.45564143582820127,0.29255569570563505,0.801963507718375,-1.0161329645585022,0
0.7206745964472937,-1.1099901739376037,1.5251962127575889,-0.6787652426528086,0.10257878806523006,0.9048055324001227,-0.963333572998217,0.853056793629862,0.23617174441122635,-0.570312581972397,1.066572152642809,0.5241750548793175,-1.0161329645585022,1
0.38177641932588297,0.9009088760241706,-0.502969299721533,-0.5657865787311922,0.10257878806523006,-1.177851894974348,-0.4090788379283631,-0.3041918912684436,-0.11965409719924096,0.23238544103697253,-0.22345527558581418,-1.162397694500674,-1.0161329645585022,0
0.38177641932588297,0.9009088760241706,1.5251962127575889,-0.5624070100871853,0.4405419421828948,-1.177851894974348,-1.1375279183058853,-0.3041918912684436,-0.11965409719924096,-1.0289971665491795,1.066572152642809,0.7027533459901402,-1.0161329645585022,0
0.21232733076517762,-1.1099901739376037,-1.179024470547907,-0.6786389036380793,-0.23538436605243465,0.9048055324001227,-0.963333572998217,0.853056793629862,0.2865244578466693,-0.570312581972397,0.5505611813513597,0.14717644031202531,0.9841231756854657,0
0.21232733076517762,-1.1099901739376037,0.8491410419312149,-0.6634940142474125,0.4405419421828948,0.9048055324001227,-0.963333572998217,0.2744324511807092,-1.6839450612603513,-0.570312581972397,0.5505611813513597,0.20670253734896618,-1.0161329645585022,0
-0.12657084635623306,0.9009088760241706,-1.179024470547907,-0.6524551428354458,-0.06640278899360229,0.9048055324001227,-0.963333572998217,0.2744324511807092,0.23617174441122635,-0.570312581972397,0.5505611813513597,0.20670253734896618,0.9841231756854657,0
0.5512255078865883,0.9009088760241706,1.5251962127575889,-0.6459644759537315,0.7785050963005594,0.9048055324001227,-0.963333572998217,1.4316811360790147,0.16232109803924238,-0.570312581972397,0.03455021005991044,0.6630692812988462,0.9841231756854657,0
0.21232733076517762,-1.1099901739376037,0.8491410419312149,-0.6031513423373628,0.2715603651240624,0.9048055324001227,-0.963333572998217,1.4316811360790147,0.5651428055227898,-0.6849837281165926,0.5505611813513597,-0.6465048535138531,0.9841231756854657,0
0.38177641932588297,-1.1099901739376037,-1.179024470547907,-0.6777703229118158,-0.23538436605243465,-1.177851894974348,-1.3433939627604023,0.853056793629862,1.223084927745918,-1.2583394588375707,1.066572152642809,-0.22982217425526694,-1.0161329645585022,1
0.38177641932588297,-1.1099901739376037,1.5251962127575889,-0.5651548836575461,-0.404365943111267,-1.177851894974348,-0.7257958293968509,0.2744324511807092,-0.11965409719924096,-0.34097028968400567,0.8085666669970842,0.821805540064022,-1.0161329645585022,0
0.38177641932588297,-1.1099901739376037,-0.502969299721533,-0.5678395877205422,0.2715603651240624,-1.177851894974348,0.8577891279455886,-1.461440576166749,-1.4724636648314886,2.2964660716324943,0.8085666669970842,-0.46792656240303043,0.9841231756854657,0
-0.12657084635623306,-1.1099901739376037,-0.502969299721533,-0.5823211972838805,-0.06640278899360229,0.9048055324001227,-0.963333572998217,1.4316811360790147,-0.811164695045998,-0.6849837281165926,0.03455021005991044,-0.30919030363785477,-1.0161329645585022,0
0.38177641932588297,-1.1099901739376037,-0.502969299721533,-0.5677448334594953,-0.06640278899360229,-1.177851894974348,-0.5674373336626071,-0.3041918912684436,0.001192415045823164,0.003043148748581378,0.03455021005991044,-2.49181386165902,0.9841231756854657,0
0.890123685007999,-1.1099901739376037,-1.179024470547907,-0.5634808917123837,0.7785050963005594,-1.177851894974348,-0.527847709729046,0.853056793629862,0.5651428055227898,0.003043148748581378,0.03455021005991044,1.3773824457421369,-1.0161329645585022,0
0.5512255078865883,-1.1099901739376037,-0.502969299721533,-0.5619964082893153,0.9474866733593919,0.9048055324001227,-0.963333572998217,0.2744324511807092,0.5114332445249834,-0.6849837281165926,1.066572152642809,0.305912699077201,0.9841231756854657,0
0.5512255078865883,-1.1099901739376037,-0.502969299721533,-0.5647284894828349,1.1164682504182242,-1.177851894974348,-0.7574675285436998,-0.3041918912684436,-1.173704231781191,-0.34097028968400567,-0.22345527558581418,1.6750129309268411,0.9841231756854657,0
0.21232733076517762,0.9009088760241706,-0.502969299721533,-0.47024269884221004,-0.06640278899360229,0.9048055324001227,-0.963333572998217,-1.461440576166749,0.3234497810326616,-0.7996548742607882,0.8085666669970842,0.801963507718375,0.9841231756854657,0
0.7206745964472937,-1.1099901739376037,0.8491410419312149,-0.4464120021889085,0.4405419421828948,0.9048055324001227,-0.963333572998217,1.4316811360790147,1.1223795008750308,-0.7996548742607882,0.29255569570563505,-0.051243883144444294,0.9841231756854657,0
1.2290218621294098,0.9009088760241706,0.8491410419312149,-0.4335570074402091,0.7785050963005594,0.9048055324001227,-0.963333572998217,0.853056793629862,-1.0964967378468442,-0.7996548742607882,0.5505611813513597,-0.5671367241312653,0.9841231756854657,0
-0.12657084635623306,-1.1099901739376037,-0.502969299721533,-0.41168456551521065,-0.5733475201700994,0.9048055324001227,-0.963333572998217,0.2744324511807092,0.6624913848313142,-0.7996548742607882,1.066572152642809,0.305912699077201,0.9841231756854657,0
0.21232733076517762,0.9009088760241706,-0.502969299721533,-0.36800285117257847,-0.06640278899360229,0.9048055324001227,-0.963333572998217,-0.8828162337175963,0.11868207972852446,-0.9143260204049839,-0.22345527558581418,1.2186461869769611,-1.0161329645585022,0
0.0428782422044723,0.9009088760241706,0.8491410419312149,-0.3390396320459019,-0.23538436605243465,0.9048055324001227,-0.963333572998217,0.2744324511807092,1.4110683912382405,-0.9143260204049839,1.066572152642809,-0.011559818453150373,0.9841231756854657,0
0.890123685007999,0.9009088760241706,-0.502969299721533,-0.33635492798290567,1.4544314045358888,0.9048055324001227,-0.963333572998217,-1.461440576166749,0.2865244578466693,-0.9143260204049839,1.066572152642809,0.3455967637684949,-1.0161329645585022,0
0.38177641932588297,0.9009088760241706,-1.179024470547907,-0.6825869978483678,0.2715603651240624,-1.177851894974348,-0.8208109268373974,-0.3041918912684436,0.3301634761573873,-0.2262991435398101,-0.22345527558581418,-0.26950623894656084,-1.0161329645585022,1
0.21232733076517762,-1.1099901739376037,1.5251962127575889,-0.4503916811528793,0.2715603651240624,0.9048055324001227,-0.963333572998217,-1.461440576166749,0.5584291103980642,-0.7996548742607882,-0.22345527558581418,0.3455967637684949,-1.0161329645585022,1
1.0595727735687044,-1.1099901739376037,1.5251962127575889,-0.5623438405798207,1.1164682504182242,0.21058638994196582,-1.327558113186978,1.4316811360790147,-1.8752853723150364,-1.2583394588375707,0.5505611813513597,0.8813316371009629,0.9841231756854657,0
-0.12657084635623306,-1.1099901739376037,0.8491410419312149,-0.5693556558972931,-0.06640278899360229,-1.177851894974348,-0.7574675285436998,1.4316811360790147,-0.8447331706696268,-0.34097028968400567,0.5505611813513597,0.7027533459901402,-1.0161329645585022,0
0.7206745964472937,0.9009088760241706,-1.179024470547907,-0.2954210872106343,0.4405419421828948,0.9048055324001227,-0.963333572998217,0.853056793629862,0.001192415045823164,-0.9143260204049839,0.03455021005991044,-1.9759210206721993,-1.0161329645585022,0
0.7206745964472937,0.9009088760241706,1.5251962127575889,-0.5609383190409579,0.2715603651240624,-1.177851894974348,-1.1058562191590364,-0.3041918912684436,-1.1804179269059165,-0.9143260204049839,0.5505611813513597,-0.3488743683291487,0.9841231756854657,0
0.890123685007999,0.9009088760241706,0.8491410419312149,-0.559722306024189,0.7785050963005594,-1.177851894974348,-0.7257958293968509,0.853056793629862,-0.8447331706696268,-0.34097028968400567,0.5505611813513597,0.5638591195706114,-1.0161329645585022,0
-0.12657084635623306,-1.1099901739376037,1.5251962127575889,-0.56657619757325,-0.5733475201700994,-1.177851894974348,-0.8841543251310949,1.4316811360790147,0.16232109803924238,-0.570312581972397,0.8085666669970842,1.754381060309429,-1.0161329645585022,0
0.0428782422044723,-1.1099901739376037,-0.502969299721533,-0.2426587561843385,-0.23538436605243465,0.9048055324001227,-0.963333572998217,-1.461440576166749,0.16232109803924238,-1.0289971665491795,0.03455021005991044,1.6551708985811941,-1.0161329645585022,0
1.2290218621294098,-1.1099901739376037,-1.179024470547907,-0.569245109259405,0.4405419421828948,0.21058638994196582,-0.8960312123111632,1.4316811360790147,-0.34120603631519225,-0.570312581972397,-0.22345527558581418,1.5758027691986063,0.9841231756854657,0
0.0428782422044723,-1.1099901739376037,-1.179024470547907,-0.5682975666489357,-0.06640278899360229,0.21058638994196582,-1.121692068732461,0.853056793629862,1.6729025011025462,-0.9143260204049839,0.5505611813513597,0.6829113136444932,-1.0161329645585022,0
0.21232733076517762,0.9009088760241706,1.5251962127575889,-0.5610014885483225,0.4405419421828948,0.21058638994196582,-1.121692068732461,1.4316811360790147,-0.005521280078902488,-0.9143260204049839,0.29255569570563505,-1.0235034680811452,0.9841231756854657,0
0.0428782422044723,0.9009088760241706,0.17308587110484092,-0.5680922657500007,-0.06640278899360229,-1.177851894974348,-1.212748203779651,0.2744324511807092,1.417782086362966,-1.143668312693375,0.5505611813513597,0.4844909901880236,0.9841231756854657,0
0.0428782422044723,0.9009088760241706,-1.179024470547907,-0.22193915776874434,-0.23538436605243465,0.9048055324001227,-0.963333572998217,-0.3041918912684436,0.2193875065994116,-1.0289971665491795,-0.22345527558581418,-0.9044512740072636,-1.0161329645585022,0
0.7206745964472937,0.9009088760241706,-0.502969299721533,-0.3146877869568423,0.2715603651240624,0.9048055324001227,-0.963333572998217,-0.3041918912684436,-0.11965409719924096,-0.9143260204049839,0.03455021005991044,0.3455967637684949,-1.0161329645585022,1
0.21232733076517762,0.9009088760241706,0.8491410419312149,-0.18695904306558805,0.2715603651240624,0.9048055324001227,-0.963333572998217,-1.461440576166749,-0.21364582894540246,-1.0289971665491795,0.29255569570563505,-0.4282424977117365,0.9841231756854657,0
0.5512255078865883,0.9009088760241706,-0.502969299721533,-0.5656918244701453,0.7785050963005594,-1.177851894974348,-1.359229812333827,-0.8828162337175963,-0.1397951825734185,-1.3730106049817663,0.8085666669970842,-2.5910240233872552,0.9841231756854657,0
0.0428782422044723,-1.1099901739376037,0.8491410419312149,-0.10777606558404146,0.2715603651240624,0.9048055324001227,-0.963333572998217,-0.3041918912684436,0.001192415045823164,-1.0289971665491795,1.066572152642809,-0.7853990799333818,-1.0161329645585022,0
-0.12657084635623306,0.9009088760241706,1.5251962127575889,-0.11121880373541305,-0.404365943111267,0.9048055324001227,-0.963333572998217,0.853056793629862,-0.5661148229935064,-1.0289971665491795,0.29255569570563505,-2.3529196352394917,0.9841231756854657,0
0.5512255078865883,-1.1099901739376037,-0.502969299721533,-0.561459467476716,0.6095235192417271,-1.177851894974348,-1.2642147148932805,-0.8828162337175963,-0.1397951825734185,-1.143668312693375,0.29255569570563505,0.06780831092943747,-1.0161329645585022,0
0.21232733076517762,0.9009088760241706,-0.502969299721533,-0.06482080057610234,-0.7423290972289317,0.9048055324001227,-0.963333572998217,-0.3041918912684436,-0.005521280078902488,-1.0289971665491795,-0.22345527558581418,0.9011736694466097,-1.0161329645585022,0
1.0595727735687044,0.9009088760241706,-1.179024470547907,-0.04297994340478625,1.4544314045358888,0.9048055324001227,-0.963333572998217,0.2744324511807092,-0.33784918875282943,-1.0289971665491795,1.066572152642809,-0.8647672093159696,0.9841231756854657,0
-0.12657084635623306,-1.1099901739376037,0.8491410419312149,-0.032762275588559556,0.10257878806523006,0.9048055324001227,-0.963333572998217,1.4316811360790147,-1.0427871768490378,-1.143668312693375,-0.22345527558581418,0.10749237562073138,0.9841231756854657,0
-0.12657084635623306,0.9009088760241706,-0.502969299721533,-0.018264873648380107,-0.23538436605243465,0.9048055324001227,-0.963333572998217,-0.8828162337175963,0.8336906105118219,-1.143668312693375,0.8085666669970842,0.821805540064022,0.9841231756854657,0
0.7206745964472937,0.9009088760241706,1.5251962127575889,-0.127816591795466,0.9474866733593919,0.9048055324001227,-0.963333572998217,-0.8828162337175963,0.001192415045823164,-1.0289971665491795,0.8085666669970842,1.1591200899400202,-1.0161329645585022,1
0.5512255078865883,0.9009088760241706,-1.179024470547907,-0.5684081132868238,0.6095235192417271,-1.177851894974348,-0.5674373336626071,1.4316811360790147,-1.3482603050240614,0.003043148748581378,0.8085666669970842,-0.9441353386985575,0.9841231756854657,0
-0.12657084635623306,-1.1099901739376037,0.8491410419312149,-0.009973875806774215,0.4405419421828948,0.9048055324001227,-0.963333572998217,1.4316811360790147,-1.2207000976542715,-1.143668312693375,0.8085666669970842,1.1988041546313142,0.9841231756854657,0
0.7206745964472937,0.9009088760241706,0.8491410419312149,0.019178851841996226,0.10257878806523006,0.9048055324001227,-0.963333572998217,-0.3041918912684436,0.3301634761573873,-1.143668312693375,0.5505611813513597,-1.12271362980938,0.9841231756854657,0
1.2290218621294098,0.9009088760241706,1.5251962127575889,0.029886083340298696,0.7785050963005594,0.9048055324001227,-0.963333572998217,-0.3041918912684436,-0.12972463988633004,-1.143668312693375,0.8085666669970842,-0.03140185079879733,0.9841231756854657,0
0.5512255078865883,0.9009088760241706,-1.179024470547907,0.04457299380257199,0.9474866733593919,0.9048055324001227,-0.963333572998217,-0.3041918912684436,0.7430557263280237,-1.143668312693375,-0.22345527558581418,1.0202258635204915,0.9841231756854657,0
-0.12657084635623306,0.9009088760241706,-0.502969299721533,-0.674611847543585,0.10257878806523006,-1.177851894974348,-0.6703703558898656,0.853056793629862,0.6893461653302174,0.003043148748581378,0.03455021005991044,0.7622794430270811,-1.0161329645585022,1
0.0428782422044723,0.9009088760241706,0.8491410419312149,0.07816337934370673,-0.06640278899360229,0.9048055324001227,-0.963333572998217,-1.461440576166749,-1.4724636648314886,-1.143668312693375,0.8085666669970842,-0.32903233598350173,-1.0161329645585022,0
0.0428782422044723,0.9009088760241706,-0.502969299721533,0.07445217078603553,0.2715603651240624,0.9048055324001227,-0.963333572998217,0.853056793629862,2.478545916069642,-1.143668312693375,0.5505611813513597,0.5837011519162584,0.9841231756854657,0
0.890123685007999,-1.1099901739376037,-0.502969299721533,-0.5648232437438818,0.4405419421828948,-1.177851894974348,-0.46846327382870456,-0.8828162337175963,1.8105332511594245,0.1177142948927768,-0.22345527558581418,1.1789621222856672,0.9841231756854657,0
0.5512255078865883,0.9009088760241706,-0.502969299721533,0.2679877489743788,0.6095235192417271,0.9048055324001227,-0.963333572998217,-0.8828162337175963,0.8336906105118219,-1.143668312693375,0.03455021005991044,0.008282213892496587,0.9841231756854657,0
0.5512255078865883,-1.1099901739376037,-0.502969299721533,0.27378355127508236,0.10257878806523006,0.9048055324001227,-0.963333572998217,0.853056793629862,0.665848232393677,-1.143668312693375,0.29255569570563505,1.4567505751247247,-1.0161329645585022,0
0.38177641932588297,0.9009088760241706,0.8491410419312149,-0.5605750943736114,-0.5733475201700994,-1.177851894974348,-1.240460940533144,-0.8828162337175963,0.03476089066945202,-1.143668312693375,0.5505611813513597,-0.36871640067479566,0.9841231756854657,0
0.21232733076517762,0.9009088760241706,-1.179024470547907,-0.5178093378877662,0.6095235192417271,0.9048055324001227,-0.9554156482115047,1.4316811360790147,0.16232109803924238,-0.6849837281165926,0.29255569570563505,0.7622794430270811,-1.0161329645585022,0
0.0428782422044723,-1.1099901739376037,1.5251962127575889,-0.9742406133508015,0.10257878806523006,0.9048055324001227,-0.9474977234247925,-0.8828162337175963,-1.0427871768490378,0.6910700256137552,0.03455021005991044,0.8614896047553159,-1.0161329645585022,1
0.21232733076517762,-1.1099901739376037,0.8491410419312149,-0.9685869424416683,0.4405419421828948,0.9048055324001227,-0.9474977234247925,-0.8828162337175963,0.8739727812601764,0.5763988794695595,0.29255569570563505,0.46464895784237664,-1.0161329645585022,1
0.21232733076517762,0.9009088760241706,-0.502969299721533,-0.9045804391044708,0.4405419421828948,0.9048055324001227,-0.9474977234247925,-0.8828162337175963,1.4312094766124175,0.23238544103697253,0.03455021005991044,0.4844909901880236,-1.0161329645585022,1
-0.12657084635623306,0.9009088760241706,1.5251962127575889,-0.5634177222050191,0.4405419421828948,-1.177851894974348,-0.5674373336626071,-1.461440576166749,-1.2475548781531747,0.003043148748581378,1.066572152642809,1.4567505751247247,-1.0161329645585022,0
-0.12657084635623306,-1.1099901739376037,-1.179024470547907,-0.8677368239340584,-0.7423290972289317,0.9048055324001227,-0.9474977234247925,0.2744324511807092,-0.5896127559300467,0.003043148748581378,0.29255569570563505,-1.3211339532658497,0.9841231756854657,0
-0.12657084635623306,-1.1099901739376037,-0.502969299721533,-0.5613015437083044,0.2715603651240624,-1.177851894974348,0.6202513843442227,-0.3041918912684436,-0.33784918875282943,1.8377814870557112,0.29255569570563505,-0.5472946917856183,-1.0161329645585022,0
-0.12657084635623306,0.9009088760241706,1.5251962127575889,-0.8414109317398545,-0.5733475201700994,0.9048055324001227,-0.9474977234247925,0.853056793629862,1.6729025011025462,0.003043148748581378,1.066572152642809,0.20670253734896618,-1.0161329645585022,1
0.7206745964472937,0.9009088760241706,0.8491410419312149,-0.7735352960765742,0.9474866733593919,0.9048055324001227,-0.9474977234247925,-1.461440576166749,-0.6936750303632967,-0.2262991435398101,0.5505611813513597,-1.8965528912896115,-1.0161329645585022,0
-0.12657084635623306,0.9009088760241706,-0.502969299721533,-0.7747355167165019,0.4405419421828948,0.9048055324001227,-0.9474977234247925,0.853056793629862,0.7229146409538463,-0.2262991435398101,0.8085666669970842,-1.2616078562289088,0.9841231756854657,0
0.5512255078865883,-1.1099901739376037,-1.179024470547907,-0.718483070408311,1.1164682504182242,0.9048055324001227,-0.9474977234247925,-0.3041918912684436,1.8407448792206904,-0.45564143582820127,0.29255569570563505,-2.0552891500547874,-1.0161329645585022,1
-0.12657084635623306,0.9009088760241706,-0.502969299721533,-0.5642231334239179,0.4405419421828948,-1.177851894974348,-0.7257958293968509,0.853056793629862,0.001192415045823164,-0.34097028968400567,1.066572152642809,0.6432272489531993,-1.0161329645585022,0
1.0595727735687044,-1.1099901739376037,-0.502969299721533,-0.6734747964110219,0.7785050963005594,0.9048055324001227,-0.9474977234247925,-0.3041918912684436,-1.371758237960602,-0.45564143582820127,0.03455021005991044,1.317856348705196,-1.0161329645585022,1
0.21232733076517762,-1.1099901739376037,-0.502969299721533,-0.6803918574674475,0.4405419421828948,-1.177851894974348,-0.09236184645987515,0.853056793629862,-0.21700267650776528,1.1497546101905376,1.066572152642809,-0.4877685947486774,-1.0161329645585022,1
0.7206745964472937,0.9009088760241706,0.8491410419312149,-0.6705532066954084,0.7785050963005594,0.9048055324001227,-0.9474977234247925,0.2744324511807092,1.0418151593783211,-0.45564143582820127,0.8085666669970842,-1.0235034680811452,-1.0161329645585022,1
0.7206745964472937,-1.1099901739376037,1.5251962127575889,-0.5639230782639361,0.4405419421828948,-1.177851894974348,-1.2325430157464317,-1.461440576166749,0.5382880250238866,-1.143668312693375,1.066572152642809,-0.09092794783573821,0.9841231756854657,0
0.38177641932588297,-1.1099901739376037,-0.502969299721533,-0.561254166577781,-0.06640278899360229,-1.177851894974348,-0.7257958293968509,0.853056793629862,-0.7138161157374736,-0.34097028968400567,-0.22345527558581418,1.5162766721616654,-1.0161329645585022,0
0.38177641932588297,-1.1099901739376037,-0.502969299721533,-0.6800918023074655,-0.23538436605243465,0.9048055324001227,-0.9474977234247925,1.4316811360790147,-0.2438574570066685,-0.45564143582820127,1.066572152642809,0.22654456969461315,0.9841231756854657,0
-0.12657084635623306,0.9009088760241706,1.5251962127575889,-0.5654865235712103,-0.23538436605243465,-1.177851894974348,-0.646616581529729,-0.3041918912684436,-0.21700267650776528,-0.2262991435398101,-0.22345527558581418,-0.36871640067479566,0.9841231756854657,0
0.0428782422044723,-1.1099901739376037,0.8491410419312149,-0.5658971253690803,0.10257878806523006,0.21058638994196582,0.8973787518791496,0.2744324511807092,0.6624913848313142,2.411137217776689,1.066572152642809,-1.2814498885745558,0.9841231756854657,0
0.0428782422044723,0.9009088760241706,-0.502969299721533,-0.5617595226366979,0.10257878806523006,-1.177851894974348,-0.8841543251310949,0.2744324511807092,-1.3751150855229646,-0.570312581972397,0.5505611813513597,-0.7060309505507939,0.9841231756854657,0
0.0428782422044723,-1.1099901739376037,-0.502969299721533,-0.6550924697679186,0.10257878806523006,0.9048055324001227,-0.9474977234247925,-1.461440576166749,-1.5496711587658354,-0.570312581972397,0.29255569570563505,1.4170665104334308,0.9841231756854657,0
-0.12657084635623306,0.9009088760241706,0.8491410419312149,-0.5636388154807953,-0.23538436605243465,-1.177851894974348,-0.4090788379283631,-0.3041918912684436,0.6624913848313142,0.23238544103697253,0.29255569570563505,0.7027533459901402,-1.0161329645585022,0
0.21232733076517762,0.9009088760241706,-0.502969299721533,-0.5826054600670213,-0.06640278899360229,0.9048055324001227,-0.9474977234247925,-0.8828162337175963,-0.6936750303632967,-0.6849837281165926,1.066572152642809,-0.7060309505507939,-1.0161329645585022,0
0.38177641932588297,-1.1099901739376037,-0.502969299721533,-0.5811999385281587,0.2715603651240624,0.9048055324001227,-0.9474977234247925,0.853056793629862,0.5785701957722418,-0.6849837281165926,0.03455021005991044,-0.051243883144444294,0.9841231756854657,0
-0.12657084635623306,0.9009088760241706,-1.179024470547907,-0.5617279378830157,-0.23538436605243465,0.21058638994196582,-1.3513118875471146,0.2744324511807092,1.2465828606824585,-1.3730106049817663,-0.22345527558581418,0.4448069254967297,0.9841231756854657,0
1.0595727735687044,-1.1099901739376037,0.8491410419312149,-0.5612383742009398,0.9474866733593919,0.9048055324001227,-0.9474977234247925,1.4316811360790147,0.8336906105118219,-0.6849837281165926,0.29255569570563505,-1.0235034680811452,0.9841231756854657,0
0.38177641932588297,0.9009088760241706,-0.502969299721533,-0.5673816087921488,0.2715603651240624,-1.177851894974348,-1.042512820865339,1.4316811360790147,-1.5496711587658354,-0.7996548742607882,1.066572152642809,0.7225953783357871,0.9841231756854657,0
0.21232733076517762,-1.1099901739376037,-1.179024470547907,-0.5601013230683768,0.2715603651240624,-1.177851894974348,1.6495816066168083,0.853056793629862,0.001192415045823164,3.5578486792186466,0.03455021005991044,0.22654456969461315,-1.0161329645585022,0
1.2290218621294098,0.9009088760241706,0.8491410419312149,-0.5642547181776003,1.2854498274770565,-1.177851894974348,-0.7257958293968509,-0.8828162337175963,0.03811773823181484,-0.34097028968400567,0.03455021005991044,0.5043330225336705,-1.0161329645585022,0
-0.12657084635623306,0.9009088760241706,-1.179024470547907,-0.5604803401125644,-0.911310674287764,0.9048055324001227,-0.9474977234247925,-1.461440576166749,0.001192415045823164,-0.6849837281165926,1.066572152642809,0.3455967637684949,-1.0161329645585022,0
0.0428782422044723,0.9009088760241706,-1.179024470547907,-0.5394922712906707,-0.23538436605243465,0.9048055324001227,-0.9474977234247925,-0.8828162337175963,1.0418151593783211,-0.6849837281165926,0.29255569570563505,-2.3132355705481977,0.9841231756854657,0
0.0428782422044723,-1.1099901739376037,0.8491410419312149,-0.5170355114225496,0.2715603651240624,0.9048055324001227,-0.9474977234247925,1.4316811360790147,0.03811773823181484,-0.6849837281165926,0.29255569570563505,0.2463866020402601,0.9841231756854657,0
0.0428782422044723,-1.1099901739376037,-1.179024470547907,-0.49770564216897695,-0.06640278899360229,0.9048055324001227,-0.9474977234247925,0.2744324511807092,0.3301634761573873,-0.7996548742607882,0.8085666669970842,1.317856348705196,0.9841231756854657,0
1.2290218621294098,0.9009088760241706,-1.179024470547907,-0.6005456001585724,1.4544314045358888,0.9048055324001227,-0.9474977234247925,0.2744324511807092,1.7836784706605218,-0.570312581972397,-0.22345527558581418,0.8416475724096689,-1.0161329645585022,1
0.0428782422044723,0.9009088760241706,1.5251962127575889,-0.5584273311232144,-0.23538436605243465,-1.177851894974348,-0.5674373336626071,1.4316811360790147,1.4110683912382405,-0.11162799739561437,0.29255569570563505,0.4844909901880236,0.9841231756854657,0
-0.12657084635623306,-1.1099901739376037,-1.179024470547907,-0.5667972908490261,0.2715603651240624,-1.177851894974348,0.06599664927436881,-0.3041918912684436,-1.0495008719737637,1.035083464046342,0.03455021005991044,1.1392780575943733,-1.0161329645585022,0
0.21232733076517762,0.9009088760241706,-1.179024470547907,-0.48908300441370683,0.2715603651240624,0.9048055324001227,-0.9474977234247925,-1.461440576166749,0.4107278176540969,-0.7996548742607882,0.29255569570563505,1.278172284013902,-1.0161329645585022,0
0.21232733076517762,0.9009088760241706,0.8491410419312149,-0.5599749840536475,0.10257878806523006,0.21058638994196582,-0.6782882806765778,-0.3041918912684436,-1.2979075915886182,-0.2262991435398101,0.03455021005991044,1.1789621222856672,-1.0161329645585022,0
0.21232733076517762,-1.1099901739376037,-0.502969299721533,-0.48917775867475377,-0.5733475201700994,0.9048055324001227,-0.9474977234247925,-0.8828162337175963,-0.811164695045998,-0.7996548742607882,0.5505611813513597,0.40512286080543575,0.9841231756854657,0
-0.12657084635623306,-1.1099901739376037,1.5251962127575889,-0.4886092331084722,0.2715603651240624,0.9048055324001227,-0.9474977234247925,0.2744324511807092,1.286865031430813,-0.7996548742607882,0.29255569570563505,0.5440170872249644,0.9841231756854657,0
0.890123685007999,0.9009088760241706,-0.502969299721533,-0.4459066461299916,0.7785050963005594,0.9048055324001227,-0.9474977234247925,0.2744324511807092,0.561785957960427,-0.7996548742607882,-0.22345527558581418,1.1789621222856672,-1.0161329645585022,0
0.38177641932588297,0.9009088760241706,-0.502969299721533,-0.5615384293609218,0.2715603651240624,-1.177851894974348,-0.7257958293968509,1.4316811360790147,0.954537122756886,-0.34097028968400567,-0.22345527558581418,0.3455967637684949,-1.0161329645585022,0
0.21232733076517762,-1.1099901739376037,-1.179024470547907,-0.536349588299281,-0.23538436605243465,0.9048055324001227,0.22435514500861276,1.4316811360790147,-0.8447331706696268,1.1497546101905376,-0.22345527558581418,-0.03140185079879733,-1.0161329645585022,0
0.38177641932588297,0.9009088760241706,1.5251962127575889,-0.5210783598938851,0.10257878806523006,0.9048055324001227,0.22435514500861276,1.4316811360790147,-1.173704231781191,1.035083464046342,0.5505611813513597,0.32575473142284794,0.9841231756854657,0
0.21232733076517762,0.9009088760241706,-0.502969299721533,-0.5187884652519177,0.4405419421828948,0.9048055324001227,0.22435514500861276,-0.8828162337175963,-1.1804179269059165,1.035083464046342,0.29255569570563505,-0.36871640067479566,0.9841231756854657,0
-0.12657084635623306,0.9009088760241706,-0.502969299721533,-0.5111607472376403,-0.404365943111267,0.9048055324001227,0.22435514500861276,0.853056793629862,0.001192415045823164,1.035083464046342,0.29255569570563505,0.40512286080543575,0.9841231756854657,0
0.890123685007999,0.9009088760241706,-0.502969299721533,-0.5629281585229433,0.7785050963005594,-1.177851894974348,-0.2823920413409679,0.853056793629862,-1.2979075915886182,0.4617277333253637,1.066572152642809,-0.6465048535138531,-1.0161329645585022,0
0.38177641932588297,-1.1099901739376037,-0.502969299721533,-0.4538502116810921,0.9474866733593919,0.9048055324001227,0.22435514500861276,0.2744324511807092,-0.21700267650776528,0.8057411717579506,1.066572152642809,-2.8092863791893716,0.9841231756854657,0
0.21232733076517762,-1.1099901739376037,-0.502969299721533,-0.44726479053833085,0.4405419421828948,0.9048055324001227,0.22435514500861276,0.2744324511807092,-0.21028898138303903,0.8057411717579506,1.066572152642809,-1.8767108589439645,0.9841231756854657,0
0.38177641932588297,0.9009088760241706,-0.502969299721533,-0.45070752868970243,0.6095235192417271,0.9048055324001227,0.22435514500861276,-0.8828162337175963,0.5114332445249834,0.8057411717579506,0.8085666669970842,0.08765034327508442,0.9841231756854657,0
-0.12657084635623306,0.9009088760241706,1.5251962127575889,-0.5668604603563907,-0.404365943111267,-1.177851894974348,-0.5674373336626071,0.853056793629862,-0.25392799969375696,0.003043148748581378,1.066572152642809,1.1789621222856672,0.9841231756854657,0
-0.12657084635623306,0.9009088760241706,1.5251962127575889,-0.5655181083248926,-0.404365943111267,0.21058638994196582,0.7627740305050422,-0.8828162337175963,-0.12972463988633004,2.1817949254882985,0.8085666669970842,0.028124246238143545,0.9841231756854657,0
0.21232733076517762,0.9009088760241706,-0.502969299721533,-0.40925253948167295,0.9474866733593919,0.9048055324001227,0.22435514500861276,1.4316811360790147,-1.2475548781531747,0.6910700256137552,0.03455021005991044,-0.9838194033898514,0.9841231756854657,0
1.2290218621294098,0.9009088760241706,-1.179024470547907,-0.5629123661461022,1.6234129815947211,0.21058638994196582,-0.2507203421941191,1.4316811360790147,0.5114332445249834,0.4617277333253637,1.066572152642809,1.278172284013902,0.9841231756854657,0
1.0595727735687044,0.9009088760241706,0.8491410419312149,-0.4134691040982611,0.9474866733593919,0.9048055324001227,0.22435514500861276,-0.8828162337175963,0.9343960373827085,0.6910700256137552,0.03455021005991044,1.258330251668255,0.9841231756854657,0
0.38177641932588297,-1.1099901739376037,-1.179024470547907,-0.5647442818596761,0.2715603651240624,-1.177851894974348,0.30353439287573475,0.853056793629862,0.860545391010725,1.379096902478929,0.5505611813513597,-1.7378166325244357,0.9841231756854657,0
0.890123685007999,0.9009088760241706,-0.502969299721533,-0.5603540010978352,0.7785050963005594,0.21058638994196582,0.06599664927436881,0.853056793629862,-1.0964967378468442,1.035083464046342,0.29255569570563505,0.008282213892496587,0.9841231756854657,0
0.0428782422044723,0.9009088760241706,-1.179024470547907,-0.38989108547441803,0.10257878806523006,0.9048055324001227,0.22435514500861276,0.2744324511807092,0.3301634761573873,0.6910700256137552,0.29255569570563505,0.6233852166075523,-1.0161329645585022,0
-0.12657084635623306,0.9009088760241706,0.17308587110484092,-0.5040699700359621,-0.23538436605243465,0.9048055324001227,0.22435514500861276,0.2744324511807092,1.6997572816014495,1.035083464046342,0.8085666669970842,0.3455967637684949,-1.0161329645585022,1
0.5512255078865883,-1.1099901739376037,-0.502969299721533,-0.3552741954386083,0.7785050963005594,0.9048055324001227,0.22435514500861276,0.2744324511807092,0.04483143335654109,0.5763988794695595,0.8085666669970842,1.6154868338899002,0.9841231756854657,0
-0.12657084635623306,-1.1099901739376037,0.8491410419312149,-0.46717897773502615,-0.23538436605243465,0.9048055324001227,0.22435514500861276,-1.461440576166749,1.451350561986595,0.9204123179021463,0.29255569570563505,-0.09092794783573821,-1.0161329645585022,1
0.0428782422044723,0.9009088760241706,-0.502969299721533,-0.45748245835455753,0.10257878806523006,0.9048055324001227,0.22435514500861276,0.2744324511807092,1.451350561986595,0.9204123179021463,-0.22345527558581418,-0.9838194033898514,-1.0161329645585022,1
0.7206745964472937,-1.1099901739376037,-1.179024470547907,-0.3371129620712811,0.7785050963005594,0.9048055324001227,0.22435514500861276,0.2744324511807092,-1.173704231781191,0.5763988794695595,1.066572152642809,0.9408577341379036,-1.0161329645585022,0
-0.12657084635623306,-1.1099901739376037,-1.179024470547907,-0.3154774057989,-0.06640278899360229,0.9048055324001227,0.22435514500861276,0.2744324511807092,0.001192415045823164,0.4617277333253637,1.066572152642809,-0.46792656240303043,0.9841231756854657,0
0.38177641932588297,0.9009088760241706,-1.179024470547907,-0.5671447231395315,0.6095235192417271,-1.177851894974348,0.8577891279455886,0.2744324511807092,0.27645391515958084,2.2964660716324943,-0.22345527558581418,-0.5274526594399713,0.9841231756854657,0
0.890123685007999,-1.1099901739376037,-0.502969299721533,-0.2810184395315018,0.4405419421828948,0.9048055324001227,0.22435514500861276,1.4316811360790147,-0.46205254856025635,0.4617277333253637,0.29255569570563505,0.26622863438590705,-1.0161329645585022,0
0.7206745964472937,0.9009088760241706,-0.502969299721533,-0.2717798990794266,0.4405419421828948,0.9048055324001227,0.22435514500861276,0.2744324511807092,-1.2475548781531747,0.4617277333253637,-0.22345527558581418,1.4765926074703717,-1.0161329645585022,0
0.0428782422044723,0.9009088760241706,0.8491410419312149,-0.37117711891765043,0.2715603651240624,0.9048055324001227,0.22435514500861276,0.2744324511807092,1.253296555807184,0.6910700256137552,0.29255569570563505,0.14717644031202531,-1.0161329645585022,1
-0.12657084635623306,0.9009088760241706,0.8491410419312149,-0.25829320925708105,0.4405419421828948,0.9048055324001227,0.22435514500861276,0.853056793629862,0.1119683846037988,0.3470565871811683,0.8085666669970842,-1.12271362980938,0.9841231756854657,0
0.38177641932588297,-1.1099901739376037,-0.502969299721533,-0.240147768266595,0.6095235192417271,0.9048055324001227,0.22435514500861276,0.2744324511807092,-1.4724636648314886,0.3470565871811683,0.8085666669970842,1.694854963272488,0.9841231756854657,0
-0.12657084635623306,0.9009088760241706,0.8491410419312149,-0.5683607361563003,0.10257878806523006,-1.177851894974348,-1.121692068732461,-0.3041918912684436,-0.46205254856025635,-0.9143260204049839,0.29255569570563505,0.22654456969461315,-1.0161329645585022,0
1.0595727735687044,-1.1099901739376037,-0.502969299721533,-0.5629913280303079,0.6095235192417271,-1.177851894974348,0.38271364074285674,0.853056793629862,1.676259348664909,1.4937680486231246,1.066572152642809,0.286070666731554,0.9841231756854657,0
0.0428782422044723,0.9009088760241706,-0.502969299721533,-0.5589642719358137,-0.06640278899360229,-1.177851894974348,-1.2958864140401292,0.853056793629862,1.4647779522360462,-1.2583394588375707,0.8085666669970842,-0.40840046536608954,-1.0161329645585022,0
0.0428782422044723,-1.1099901739376037,1.5251962127575889,-0.20273562752990099,0.10257878806523006,0.9048055324001227,0.22435514500861276,0.2744324511807092,-1.1804179269059165,0.23238544103697253,-0.22345527558581418,-0.011559818453150373,0.9841231756854657,0
0.5512255078865883,-1.1099901739376037,-0.502969299721533,-0.20444120422874562,1.1164682504182242,0.9048055324001227,0.22435514500861276,1.4316811360790147,0.001192415045823164,0.23238544103697253,0.8085666669970842,0.5043330225336705,0.9841231756854657,0
0.21232733076517762,-1.1099901739376037,-0.502969299721533,-0.26077261242114225,-0.23538436605243465,0.9048055324001227,0.22435514500861276,-0.3041918912684436,1.5486991412951188,0.3470565871811683,1.066572152642809,1.5361187045073124,-1.0161329645585022,1
-0.12657084635623306,0.9009088760241706,-1.179024470547907,-0.10678114584304875,-0.7423290972289317,0.9048055324001227,0.22435514500861276,-0.3041918912684436,-0.0995130118250634,0.1177142948927768,0.29255569570563505,0.4448069254967297,-1.0161329645585022,0
0.0428782422044723,0.9009088760241706,-0.502969299721533,-0.5693556558972931,-0.5733475201700994,-1.177851894974348,-1.1375279183058853,1.4316811360790147,-0.0995130118250634,-1.0289971665491795,0.29255569570563505,-0.6663468858595001,-1.0161329645585022,0
0.38177641932588297,-1.1099901739376037,-1.179024470547907,-0.06349424092144541,-0.06640278899360229,0.9048055324001227,0.22435514500861276,-0.8828162337175963,0.001192415045823164,0.003043148748581378,0.8085666669970842,1.298014316359549,-1.0161329645585022,0
1.2290218621294098,0.9009088760241706,0.8491410419312149,0.00651336561539065,1.4544314045358888,0.9048055324001227,0.22435514500861276,0.853056793629862,-0.5661148229935064,0.003043148748581378,1.066572152642809,-0.7060309505507939,0.9841231756854657,0
0.0428782422044723,-1.1099901739376037,0.8491410419312149,0.045710044935135086,-0.06640278899360229,0.9048055324001227,0.22435514500861276,1.4316811360790147,0.16232109803924238,-0.11162799739561437,-0.22345527558581418,-0.17029607721832604,0.9841231756854657,0
0.21232733076517762,-1.1099901739376037,-0.502969299721533,0.058533454930152204,0.4405419421828948,0.9048055324001227,0.22435514500861276,0.853056793629862,1.2096575374964662,-0.11162799739561437,-0.22345527558581418,1.2186461869769611,0.9841231756854657,0
0.0428782422044723,0.9009088760241706,1.5251962127575889,0.08073753676881484,-0.7423290972289317,0.9048055324001227,0.22435514500861276,1.4316811360790147,0.9343960373827085,-0.11162799739561437,0.5505611813513597,-0.5671367241312653,-1.0161329645585022,0
0.890123685007999,0.9009088760241706,-0.502969299721533,-0.0335045173000938,0.4405419421828948,0.9048055324001227,0.22435514500861276,1.4316811360790147,1.5688402266692962,0.003043148748581378,-0.22345527558581418,0.4448069254967297,-1.0161329645585022,1
0.0428782422044723,-1.1099901739376037,0.8491410419312149,0.17771852295034207,-0.23538436605243465,0.9048055324001227,0.22435514500861276,0.853056793629862,-1.173704231781191,-0.2262991435398101,0.8085666669970842,1.0202258635204915,0.9841231756854657,0
0.21232733076517762,0.9009088760241706,0.8491410419312149,-0.562896573769261,-0.23538436605243465,-1.177851894974348,0.6994306322113446,0.853056793629862,1.0955247203761276,2.0671237793441026,-0.22345527558581418,0.5043330225336705,0.9841231756854657,0
0.0428782422044723,-1.1099901739376037,0.8491410419312149,-0.01227956282558271,0.4405419421828948,0.9048055324001227,0.22435514500861276,0.2744324511807092,1.7937490133476108,0.003043148748581378,0.5505611813513597,-0.15045404487267908,-1.0161329645585022,1
1.2290218621294098,-1.1099901739376037,-1.179024470547907,0.3264827127940136,1.6234129815947211,0.9048055324001227,0.22435514500861276,1.4316811360790147,0.001192415045823164,-0.34097028968400567,0.03455021005991044,-1.2219237915376149,0.9841231756854657,0
-0.12657084635623306,-1.1099901739376037,1.5251962127575889,0.3383585801785614,0.2715603651240624,0.9048055324001227,0.22435514500861276,0.2744324511807092,-0.41841353024953903,-0.34097028968400567,0.29255569570563505,1.0400678958661385,0.9841231756854657,0
-0.12657084635623306,0.9009088760241706,-0.502969299721533,-0.5684870751710296,-0.06640278899360229,-1.177851894974348,-1.2008713165995828,1.4316811360790147,1.5352717510456675,-1.0289971665491795,-0.22345527558581418,-0.9639773710442044,0.9841231756854657,0
1.2290218621294098,0.9009088760241706,-1.179024470547907,0.45887020785340826,1.4544314045358888,0.9048055324001227,0.22435514500861276,0.853056793629862,0.3301634761573873,-0.45564143582820127,1.066572152642809,0.305912699077201,-1.0161329645585022,0
1.0595727735687044,0.9009088760241706,0.8491410419312149,0.5144277895805883,0.6095235192417271,0.9048055324001227,0.22435514500861276,-0.3041918912684436,0.5114332445249834,-0.45564143582820127,1.066572152642809,0.782121475372728,0.9841231756854657,0
0.5512255078865883,0.9009088760241706,1.5251962127575889,0.5375320368991967,0.7785050963005594,0.9048055324001227,0.22435514500861276,-0.3041918912684436,-1.1804179269059165,-0.45564143582820127,0.8085666669970842,0.4249648931510827,-1.0161329645585022,0
1.2290218621294098,0.9009088760241706,-1.179024470547907,-0.5607646028957052,1.1164682504182242,-1.177851894974348,-1.042512820865339,0.853056793629862,0.2865244578466693,-0.7996548742607882,0.5505611813513597,-0.09092794783573821,0.9841231756854657,0
-0.12657084635623306,-1.1099901739376037,-1.179024470547907,0.3693748082945881,-0.404365943111267,0.9048055324001227,0.22435514500861276,-0.8828162337175963,1.6729025011025462,-0.34097028968400567,0.03455021005991044,-2.5116558940046674,-1.0161329645585022,1
-0.12657084635623306,0.9009088760241706,-0.502969299721533,0.7272616522688219,-0.06640278899360229,0.9048055324001227,0.22435514500861276,-1.461440576166749,0.001192415045823164,-0.570312581972397,0.5505611813513597,-1.0433455004267922,-1.0161329645585022,0
0.38177641932588297,-1.1099901739376037,-1.179024470547907,1.3612308281801115,-0.23538436605243465,0.9048055324001227,0.22435514500861276,1.4316811360790147,-1.1804179269059165,-0.7996548742607882,1.066572152642809,-0.5472946917856183,-1.0161329645585022,0
0.5512255078865883,-1.1099901739376037,1.5251962127575889,-0.5562637754959763,0.4405419421828948,-1.177851894974348,-0.2507203421941191,1.4316811360790147,1.159304824061023,0.4617277333253637,0.8085666669970842,-0.9044512740072636,0.9841231756854657,0
0.7206745964472937,0.9009088760241706,-1.179024470547907,-0.7992452855739731,0.6095235192417271,0.9048055324001227,0.19268344586176397,-1.461440576166749,-1.0931398902844813,2.640479510065081,0.5505611813513597,-0.5472946917856183,-1.0161329645585022,1
0.21232733076517762,0.9009088760241706,1.5251962127575889,-0.6356836386301402,0.6095235192417271,0.9048055324001227,0.19268344586176397,-1.461440576166749,0.860545391010725,1.4937680486231246,0.03455021005991044,0.4844909901880236,-1.0161329645585022,1
1.0595727735687044,-1.1099901739376037,-1.179024470547907,-0.6954262002202262,1.2854498274770565,0.9048055324001227,0.19268344586176397,-0.3041918912684436,-0.46205254856025635,1.8377814870557112,1.066572152642809,1.794065125000723,-1.0161329645585022,1
0.0428782422044723,0.9009088760241706,1.5251962127575889,-0.6188015877869465,0.6095235192417271,0.9048055324001227,0.19268344586176397,-0.8828162337175963,0.3637319517810161,1.4937680486231246,0.03455021005991044,0.22654456969461315,-1.0161329645585022,1
0.890123685007999,-1.1099901739376037,0.8491410419312149,-0.5561216441044059,0.9474866733593919,-1.177851894974348,-0.17154109432699713,-0.3041918912684436,0.001192415045823164,0.5763988794695595,0.03455021005991044,0.782121475372728,-1.0161329645585022,0
0.38177641932588297,0.9009088760241706,0.8491410419312149,-0.49385230221973536,0.10257878806523006,0.9048055324001227,0.19268344586176397,1.4316811360790147,0.860545391010725,0.9204123179021463,0.29255569570563505,-0.7457150152420878,-1.0161329645585022,1
0.890123685007999,-1.1099901739376037,-0.502969299721533,-0.556642792540164,1.1164682504182242,-1.177851894974348,-1.01084112171849,-0.3041918912684436,-1.2207000976542715,-0.7996548742607882,0.03455021005991044,-1.7179746001787888,0.9841231756854657,0
0.21232733076517762,0.9009088760241706,-1.179024470547907,-0.4514497704012366,0.6095235192417271,0.9048055324001227,0.19268344586176397,-1.461440576166749,1.7736079279734327,0.8057411717579506,0.29255569570563505,-0.7655570475877348,-1.0161329645585022,1
0.890123685007999,-1.1099901739376037,-1.179024470547907,-0.6678369178787299,1.1164682504182242,-1.177851894974348,0.06599664927436881,-0.3041918912684436,-0.5627579754311435,1.4937680486231246,0.03455021005991044,-0.07108591549009124,-1.0161329645585022,1
1.0595727735687044,0.9009088760241706,-0.502969299721533,-0.3378709961596565,1.4544314045358888,0.9048055324001227,0.19268344586176397,-1.461440576166749,-0.005521280078902488,0.4617277333253637,0.29255569570563505,0.801963507718375,0.9841231756854657,0
0.21232733076517762,0.9009088760241706,-0.502969299721533,-0.5587431786600375,0.10257878806523006,-1.177851894974348,-1.121692068732461,0.853056793629862,-1.4724636648314886,-0.9143260204049839,0.29255569570563505,0.20670253734896618,0.9841231756854657,0
-0.12657084635623306,0.9009088760241706,-0.502969299721533,-0.5527104907067166,-0.06640278899360229,-1.177851894974348,-0.7257958293968509,1.4316811360790147,-1.8752853723150364,-0.34097028968400567,-0.22345527558581418,-0.20998014190961997,0.9841231756854657,0
0.0428782422044723,0.9009088760241706,-0.502969299721533,-0.30355416128382867,-0.06640278899360229,0.9048055324001227,0.19268344586176397,0.853056793629862,0.8336906105118219,0.4617277333253637,-0.22345527558581418,-0.4282424977117365,-1.0161329645585022,0
0.21232733076517762,-1.1099901739376037,-0.502969299721533,-0.25464517020677446,-0.23538436605243465,0.9048055324001227,0.19268344586176397,-1.461440576166749,1.0955247203761276,0.3470565871811683,-0.22345527558581418,0.08765034327508442,-1.0161329645585022,0
0.0428782422044723,0.9009088760241706,-1.179024470547907,-0.2542819455394279,0.2715603651240624,0.9048055324001227,0.19268344586176397,0.2744324511807092,-1.0495008719737637,0.3470565871811683,0.5505611813513597,-0.7060309505507939,0.9841231756854657,0
-0.12657084635623306,-1.1099901739376037,-0.502969299721533,-0.3372708858396926,-0.404365943111267,0.9048055324001227,0.19268344586176397,-1.461440576166749,1.6729025011025462,0.4617277333253637,0.5505611813513597,-2.134657279437375,-1.0161329645585022,1
1.2290218621294098,0.9009088760241706,0.8491410419312149,-0.19809266873860168,1.6234129815947211,0.9048055324001227,0.19268344586176397,-0.8828162337175963,-0.3680608168140954,0.23238544103697253,0.5505611813513597,0.821805540064022,0.9841231756854657,0
-0.12657084635623306,-1.1099901739376037,-0.502969299721533,-0.5509101597468251,-0.06640278899360229,-1.177851894974348,-0.646616581529729,-1.461440576166749,0.860545391010725,-0.2262991435398101,0.5505611813513597,1.1392780575943733,0.9841231756854657,0
-0.12657084635623306,-1.1099901739376037,1.5251962127575889,0.07852660401105328,0.6095235192417271,0.9048055324001227,0.19268344586176397,-0.8828162337175963,1.3103629643673533,-0.11162799739561437,1.066572152642809,1.35754041339649,-1.0161329645585022,0
0.5512255078865883,-1.1099901739376037,-0.502969299721533,-0.5445932090103635,0.9474866733593919,-1.177851894974348,-1.2642147148932805,-0.3041918912684436,-0.4654093961226198,-1.143668312693375,0.5505611813513597,-0.6068207888225592,0.9841231756854657,0
0.0428782422044723,-1.1099901739376037,1.5251962127575889,-0.546693595130237,0.10257878806523006,0.21058638994196582,0.8577891279455886,-0.3041918912684436,0.8739727812601764,2.1817949254882985,1.066572152642809,-0.7060309505507939,0.9841231756854657,0
-0.12657084635623306,0.9009088760241706,-1.179024470547907,0.31732313422614417,0.2715603651240624,0.9048055324001227,0.19268344586176397,0.2744324511807092,-0.41841353024953903,-0.34097028968400567,0.5505611813513597,1.0995939929030794,0.9841231756854657,0
0.0428782422044723,0.9009088760241706,-0.502969299721533,1.3105215061431656,-0.06640278899360229,0.9048055324001227,0.19268344586176397,0.2744324511807092,0.001192415045823164,-0.7996548742607882,0.29255569570563505,0.8614896047553159,0.9841231756854657,0
-0.12657084635623306,0.9009088760241706,-1.179024470547907,-0.5411030937284684,-0.23538436605243465,-1.177851894974348,-0.12403354560672394,-1.461440576166749,0.15896425047687956,0.5763988794695595,0.03455021005991044,0.008282213892496587,-1.0161329645585022,0
-0.12657084635623306,-1.1099901739376037,-0.502969299721533,-0.7733299951776392,-0.06640278899360229,0.9048055324001227,0.1847655210750518,-1.461440576166749,-0.25392799969375696,2.411137217776689,1.066572152642809,0.16701847265767225,-1.0161329645585022,1
0.5512255078865883,0.9009088760241706,0.17308587110484092,-0.7694450704747153,0.6095235192417271,0.9048055324001227,0.1847655210750518,-0.8828162337175963,0.5114332445249834,2.2964660716324943,0.5505611813513597,-0.7853990799333818,-1.0161329645585022,1
0.21232733076517762,-1.1099901739376037,-0.502969299721533,-0.6983793746895219,-0.404365943111267,0.9048055324001227,0.1847655210750518,-1.461440576166749,-1.173704231781191,1.8377814870557112,1.066572152642809,0.008282213892496587,-1.0161329645585022,1
1.2290218621294098,-1.1099901739376037,1.5251962127575889,-0.5410557165979449,1.2854498274770565,0.21058638994196582,-0.7812213029038364,-0.8828162337175963,-1.4724636648314886,-0.45564143582820127,0.5505611813513597,1.1591200899400202,-1.0161329645585022,0
0.890123685007999,-1.1099901739376037,0.8491410419312149,-0.20309885219724752,0.6095235192417271,0.9048055324001227,0.18080655868169568,-0.8828162337175963,0.7229146409538463,0.23238544103697253,0.03455021005991044,-0.11076998018138517,0.9841231756854657,0
1.0595727735687044,-1.1099901739376037,-0.502969299721533,-0.545667090635562,0.6095235192417271,0.21058638994196582,-0.7257958293968509,-0.8828162337175963,-1.0427871768490378,-0.34097028968400567,1.066572152642809,0.20670253734896618,0.9841231756854657,0
0.7206745964472937,-1.1099901739376037,1.5251962127575889,-0.6525183123428104,0.6095235192417271,-1.177851894974348,-1.042512820865339,-1.461440576166749,-1.173704231781191,-0.6849837281165926,0.29255569570563505,0.38528082845978884,-1.0161329645585022,1
-0.12657084635623306,-1.1099901739376037,-1.179024470547907,-0.5385605210570426,-0.404365943111267,0.21058638994196582,-0.7257958293968509,0.2744324511807092,-0.3680608168140954,-0.34097028968400567,0.03455021005991044,-0.26950623894656084,-1.0161329645585022,0
0.0428782422044723,0.9009088760241706,0.8491410419312149,-0.5421769753536668,-0.06640278899360229,-1.177851894974348,1.3724542390818815,0.2744324511807092,-1.1804179269059165,2.984492948497668,1.066572152642809,-1.2814498885745558,0.9841231756854657,0
0.38177641932588297,-1.1099901739376037,-1.179024470547907,-0.7478410989560165,0.6095235192417271,0.9048055324001227,0.16497070910827127,-1.461440576166749,1.0955247203761276,2.1817949254882985,0.8085666669970842,1.4765926074703717,-1.0161329645585022,1
-0.12657084635623306,0.9009088760241706,-1.179024470547907,-0.5402818901327284,0.6095235192417271,0.21058638994196582,-0.2507203421941191,-0.3041918912684436,-0.005521280078902488,0.4617277333253637,1.066572152642809,0.9805417988291976,-1.0161329645585022,0
-0.12657084635623306,0.9009088760241706,0.8491410419312149,-0.7149771627495749,0.10257878806523006,0.9048055324001227,0.16497070910827127,0.2744324511807092,-1.0427871768490378,1.952452633199907,-0.22345527558581418,0.6630692812988462,-1.0161329645585022,1
0.7206745964472937,-1.1099901739376037,-0.502969299721533,-0.5415136955263384,0.10257878806523006,-1.177851894974348,-1.042512820865339,0.853056793629862,0.16232109803924238,-0.7996548742607882,0.29255569570563505,0.8416475724096689,-1.0161329645585022,0
0.0428782422044723,-1.1099901739376037,0.8491410419312149,-0.5482412480606701,-0.06640278899360229,-1.177851894974348,0.06599664927436881,-0.8828162337175963,-1.1804179269059165,0.9204123179021463,0.03455021005991044,-1.0235034680811452,0.9841231756854657,0
1.0595727735687044,0.9009088760241706,-0.502969299721533,-0.5508311978626194,0.9474866733593919,-1.177851894974348,-0.8208109268373974,-1.461440576166749,-0.005521280078902488,-0.45564143582820127,-0.22345527558581418,1.4765926074703717,0.9841231756854657,0
1.2290218621294098,0.9009088760241706,-1.179024470547907,-0.661693683287521,0.9474866733593919,-1.177851894974348,-0.11215665842665565,0.853056793629862,0.3301634761573873,1.035083464046342,0.29255569570563505,0.5440170872249644,-1.0161329645585022,1
-0.12657084635623306,-1.1099901739376037,0.8491410419312149,-0.6209493510373435,-0.06640278899360229,0.9048055324001227,0.16497070910827127,0.2744324511807092,-1.4724636648314886,1.379096902478929,-0.22345527558581418,-1.5790803737592602,-1.0161329645585022,1
0.0428782422044723,0.9009088760241706,-0.502969299721533,-0.5366812282129453,-0.5733475201700994,-1.177851894974348,-1.359229812333827,0.853056793629862,-0.005521280078902488,-1.3730106049817663,0.03455021005991044,-0.5472946917856183,0.9841231756854657,0
0.5512255078865883,-1.1099901739376037,-1.179024470547907,-0.6011141257248539,0.2715603651240624,0.9048055324001227,0.16497070910827127,0.853056793629862,1.2700807936189982,1.2644257563347332,0.03455021005991044,1.5559607368529593,-1.0161329645585022,1
0.21232733076517762,0.9009088760241706,1.5251962127575889,-0.582984477111209,0.4405419421828948,0.9048055324001227,0.16497070910827127,-1.461440576166749,-1.0427871768490378,1.2644257563347332,0.5505611813513597,-0.15045404487267908,0.9841231756854657,0
0.890123685007999,-1.1099901739376037,-0.502969299721533,-0.6560873895089113,0.6095235192417271,-1.177851894974348,0.5410721364771007,0.853056793629862,-0.08944246913797492,2.2964660716324943,0.03455021005991044,0.7225953783357871,-1.0161329645585022,1
1.2290218621294098,0.9009088760241706,1.5251962127575889,-0.5097394333219364,1.1164682504182242,0.9048055324001227,0.16497070910827127,0.853056793629862,0.001192415045823164,0.9204123179021463,0.8085666669970842,1.0400678958661385,0.9841231756854657,0
0.21232733076517762,0.9009088760241706,-1.179024470547907,-0.5439615139367173,0.10257878806523006,0.21058638994196582,-1.0741845200121878,-0.8828162337175963,-1.1233515183457474,-0.9143260204049839,-0.22345527558581418,-0.2893482712922078,0.9841231756854657,0
1.0595727735687044,-1.1099901739376037,-1.179024470547907,-0.5824633286754509,1.1164682504182242,0.9048055324001227,0.1610117467149152,0.2744324511807092,1.6628319584154578,1.2644257563347332,1.066572152642809,-0.8250831446246757,0.9841231756854657,0
0.890123685007999,0.9009088760241706,0.8491410419312149,0.004302432857629078,0.6095235192417271,0.9048055324001227,0.1610117467149152,0.853056793629862,0.665848232393677,-0.11162799739561437,0.29255569570563505,0.7424374106814341,0.9841231756854657,0
0.890123685007999,-1.1099901739376037,-1.179024470547907,-0.5874537197572557,1.1164682504182242,0.9048055324001227,0.15309382192820298,0.2744324511807092,0.001192415045823164,1.2644257563347332,1.066572152642809,0.7027533459901402,-1.0161329645585022,0
0.21232733076517762,0.9009088760241706,-0.502969299721533,-0.3079444420456695,0.4405419421828948,0.9048055324001227,0.1491348595348469,-1.461440576166749,-1.0427871768490378,0.3470565871811683,0.03455021005991044,1.1194360252487263,-1.0161329645585022,0
0.21232733076517762,-1.1099901739376037,-1.179024470547907,-0.5407082843074396,-0.06640278899360229,-1.177851894974348,-0.7574675285436998,-0.3041918912684436,-0.21700267650776528,-0.34097028968400567,0.29255569570563505,-0.3488743683291487,0.9841231756854657,0
0.890123685007999,-1.1099901739376037,-0.502969299721533,-0.5450353955619157,1.1164682504182242,-1.177851894974348,0.5410721364771007,0.853056793629862,-0.21700267650776528,1.7231103409115156,0.29255569570563505,-0.4877685947486774,0.9841231756854657,0
1.2290218621294098,0.9009088760241706,-0.502969299721533,-0.6551082621447597,1.2854498274770565,-1.177851894974348,-0.7257958293968509,-1.461440576166749,1.159304824061023,-0.11162799739561437,-0.22345527558581418,0.6630692812988462,-1.0161329645585022,1
0.7206745964472937,0.9009088760241706,1.5251962127575889,-0.5428718399346777,0.9474866733593919,-1.177851894974348,0.38271364074285674,-0.3041918912684436,0.2865244578466693,1.379096902478929,0.8085666669970842,1.0003838311748445,-1.0161329645585022,0
0.38177641932588297,0.9009088760241706,0.8491410419312149,-0.6558031267257705,0.4405419421828948,-1.177851894974348,0.5410721364771007,-0.8828162337175963,-1.0495008719737637,2.2964660716324943,0.5505611813513597,-0.2893482712922078,-1.0161329645585022,1
1.0595727735687044,-1.1099901739376037,0.8491410419312149,-0.5234630087968993,0.6095235192417271,0.9048055324001227,0.1451758971414908,0.2744324511807092,0.8336906105118219,0.9204123179021463,-0.22345527558581418,0.3455967637684949,0.9841231756854657,0
0.890123685007999,-1.1099901739376037,-1.179024470547907,-0.5188516347592823,0.7785050963005594,0.9048055324001227,0.1451758971414908,0.2744324511807092,0.3301634761573873,0.9204123179021463,0.5505611813513597,-2.531497926350314,-1.0161329645585022,0
0.0428782422044723,-1.1099901739376037,0.8491410419312149,-0.4906148649672988,-0.23538436605243465,0.9048055324001227,0.1451758971414908,-0.8828162337175963,1.0955247203761276,0.8057411717579506,1.066572152642809,-0.03140185079879733,-1.0161329645585022,0
0.5512255078865883,0.9009088760241706,-0.502969299721533,-0.2996534442040636,0.4405419421828948,0.9048055324001227,0.1451758971414908,0.853056793629862,-1.623521805137819,0.3470565871811683,0.5505611813513597,1.0797519605574324,0.9841231756854657,0
0.38177641932588297,-1.1099901739376037,-0.502969299721533,-0.4117951121530988,0.10257878806523006,0.9048055324001227,0.1451758971414908,0.853056793629862,1.5352717510456675,0.6910700256137552,1.066572152642809,-0.17029607721832604,-1.0161329645585022,1
0.890123685007999,-1.1099901739376037,-0.502969299721533,-0.22516080264433977,0.4405419421828948,0.9048055324001227,0.1451758971414908,-1.461440576166749,0.04483143335654109,0.23238544103697253,0.03455021005991044,0.8416475724096689,-1.0161329645585022,0
0.5512255078865883,-1.1099901739376037,-1.179024470547907,-0.5472621206965185,0.6095235192417271,-1.177851894974348,1.9662985980852963,-1.461440576166749,0.5785701957722418,4.016533263795428,0.29255569570563505,1.4964346398160184,0.9841231756854657,0
0.0428782422044723,-1.1099901739376037,-1.179024470547907,-0.11232427011429384,-0.23538436605243465,0.9048055324001227,0.1451758971414908,-0.3041918912684436,1.4312094766124175,0.003043148748581378,0.03455021005991044,0.10749237562073138,0.9841231756854657,0
1.0595727735687044,0.9009088760241706,1.5251962127575889,-0.06606839834655352,1.4544314045358888,0.9048055324001227,0.1451758971414908,-0.8828162337175963,0.0851136041048956,0.003043148748581378,-0.22345527558581418,1.5956448015442533,0.9841231756854657,0
0.5512255078865883,0.9009088760241706,-0.502969299721533,0.007508285356383358,0.4405419421828948,0.9048055324001227,0.1451758971414908,-0.3041918912684436,0.5651428055227898,-0.11162799739561437,1.066572152642809,-0.7060309505507939,0.9841231756854657,0
0.0428782422044723,-1.1099901739376037,1.5251962127575889,0.17241228433171432,0.2715603651240624,0.9048055324001227,0.1451758971414908,0.2744324511807092,-0.46205254856025635,-0.2262991435398101,1.066572152642809,0.6829113136444932,0.9841231756854657,0
-0.12657084635623306,0.9009088760241706,-0.502969299721533,0.18504618580463758,-0.404365943111267,0.9048055324001227,0.1451758971414908,-0.3041918912684436,0.5651428055227898,-0.34097028968400567,-0.22345527558581418,-1.3012919209202027,0.9841231756854657,0
0.5512255078865883,0.9009088760241706,-1.179024470547907,5.415449810841189,0.10257878806523006,0.9048055324001227,0.1451758971414908,1.4316811360790147,1.575553921794022,-1.3730106049817663,0.03455021005991044,-0.9044512740072636,0.9841231756854657,0
1.0595727735687044,0.9009088760241706,-1.179024470547907,-0.1908597601453531,1.1164682504182242,0.9048055324001227,0.1372579723547786,0.853056793629862,-1.173704231781191,0.1177142948927768,1.066572152642809,-1.4005020826484376,-1.0161329645585022,0
0.21232733076517762,0.9009088760241706,0.8491410419312149,-0.8527024811812797,-0.23538436605243465,0.9048055324001227,0.12934004756806639,0.853056793629862,-0.8447331706696268,2.984492948497668,0.8085666669970842,-0.051243883144444294,-1.0161329645585022,1
-0.12657084635623306,-1.1099901739376037,-1.179024470547907,-0.6680580111545061,-0.911310674287764,0.9048055324001227,0.12934004756806639,1.4316811360790147,-1.3751150855229646,1.6084391947673204,0.03455021005991044,-1.678290535487495,-1.0161329645585022,1
0.21232733076517762,0.9009088760241706,1.5251962127575889,-0.6548871688689836,0.2715603651240624,0.9048055324001227,0.12934004756806639,0.2744324511807092,-0.0995130118250634,1.4937680486231246,0.29255569570563505,1.35754041339649,-1.0161329645585022,1
0.7206745964472937,0.9009088760241706,0.8491410419312149,-0.6405161059435334,0.10257878806523006,0.9048055324001227,0.12934004756806639,-1.461440576166749,1.4312094766124175,1.379096902478929,0.8085666669970842,-0.36871640067479566,-1.0161329645585022,1
0.0428782422044723,-1.1099901739376037,0.17308587110484092,-0.5044174023264675,-0.5733475201700994,0.9048055324001227,0.12934004756806639,-0.8828162337175963,-0.21364582894540246,0.9204123179021463,1.066572152642809,0.6233852166075523,-1.0161329645585022,0
0.38177641932588297,-1.1099901739376037,-1.179024470547907,-0.6577455890772325,-0.06640278899360229,-1.177851894974348,0.38271364074285674,1.4316811360790147,1.1458774338115711,1.952452633199907,-0.22345527558581418,-0.7655570475877348,-1.0161329645585022,1
-0.12657084635623306,0.9009088760241706,-1.179024470547907,-0.39099655185329885,0.2715603651240624,0.9048055324001227,0.12934004756806639,-1.461440576166749,1.223084927745918,0.5763988794695595,0.8085666669970842,0.6233852166075523,0.9841231756854657,0
0.38177641932588297,0.9009088760241706,-0.502969299721533,-0.5423980686294431,0.6095235192417271,-1.177851894974348,-0.09236184645987515,0.853056793629862,-1.4993184453303918,0.6910700256137552,0.29255569570563505,1.1789621222856672,-1.0161329645585022,0
-0.12657084635623306,0.9009088760241706,-1.179024470547907,-0.2684161228122608,0.10257878806523006,0.9048055324001227,0.12934004756806639,0.853056793629862,2.431550050196561,0.3470565871811683,0.03455021005991044,-0.07108591549009124,-1.0161329645585022,1
-0.12657084635623306,0.9009088760241706,-1.179024470547907,-0.07240114145985631,-0.23538436605243465,0.9048055324001227,0.12934004756806639,-0.8828162337175963,0.8336906105118219,0.003043148748581378,1.066572152642809,1.0202258635204915,0.9841231756854657,0
0.21232733076517762,-1.1099901739376037,-0.502969299721533,-0.6568928007278102,0.2715603651240624,-1.177851894974348,-1.042512820865339,-1.461440576166749,1.9515208487786668,-0.6849837281165926,-0.22345527558581418,-1.2219237915376149,-1.0161329645585022,1
0.0428782422044723,-1.1099901739376037,-1.179024470547907,-0.009815952038362673,-0.5733475201700994,0.9048055324001227,0.12934004756806639,0.853056793629862,-1.8752853723150364,-0.11162799739561437,0.5505611813513597,0.3455967637684949,0.9841231756854657,0
-0.12657084635623306,0.9009088760241706,-1.179024470547907,0.27749475983275357,-0.23538436605243465,0.9048055324001227,0.12934004756806639,-0.8828162337175963,0.2865244578466693,-0.34097028968400567,0.03455021005991044,0.008282213892496587,0.9841231756854657,0
-0.12657084635623306,0.9009088760241706,-1.179024470547907,-0.5829213076038444,-0.23538436605243465,0.9048055324001227,0.1253810851747103,0.2744324511807092,1.0955247203761276,1.1497546101905376,-0.22345527558581418,0.32575473142284794,0.9841231756854657,0
0.21232733076517762,0.9009088760241706,0.8491410419312149,-0.6295404040389313,-0.404365943111267,0.9048055324001227,0.1095452356012859,1.4316811360790147,-1.4724636648314886,1.379096902478929,0.5505611813513597,-0.44808453005738347,-1.0161329645585022,1
0.38177641932588297,0.9009088760241706,-1.179024470547907,-0.5428560475578365,0.10257878806523006,-1.177851894974348,-0.47242223622206064,0.2744324511807092,0.8336906105118219,0.003043148748581378,0.8085666669970842,-0.9242933063529105,0.9841231756854657,0
0.890123685007999,-1.1099901739376037,-0.502969299721533,-0.5428560475578365,1.6234129815947211,-1.177851894974348,-1.042512820865339,-0.8828162337175963,-1.371758237960602,-0.7996548742607882,-0.22345527558581418,-0.7060309505507939,0.9841231756854657,0
0.21232733076517762,-1.1099901739376037,0.8491410419312149,0.1762340395272736,-0.23538436605243465,0.9048055324001227,0.10558627320792979,1.4316811360790147,0.4107278176540969,-0.34097028968400567,1.066572152642809,-0.190138109563973,0.9841231756854657,0
0.0428782422044723,0.9009088760241706,-0.502969299721533,-0.30025355452402747,0.4405419421828948,0.9048055324001227,0.1016273108145737,-0.8828162337175963,0.001192415045823164,0.3470565871811683,0.29255569570563505,0.32575473142284794,0.9841231756854657,0
0.21232733076517762,0.9009088760241706,-0.502969299721533,-0.6806603278737471,0.10257878806523006,0.9048055324001227,0.0976683484212176,1.4316811360790147,2.344272013575125,1.6084391947673204,1.066572152642809,-0.4877685947486774,-1.0161329645585022,1
0.0428782422044723,-1.1099901739376037,-0.502969299721533,-0.3927495056826669,0.10257878806523006,0.9048055324001227,-0.9474977234247925,0.2744324511807092,1.7736079279734327,-0.7996548742607882,0.29255569570563505,1.0003838311748445,-1.0161329645585022,0
-0.12657084635623306,-1.1099901739376037,0.8491410419312149,-0.39257578953741423,-0.23538436605243465,0.9048055324001227,-0.9474977234247925,1.4316811360790147,0.4745079213389917,-0.7996548742607882,0.5505611813513597,-3.5235995436326624,0.9841231756854657,0
0.0428782422044723,0.9009088760241706,-0.502969299721533,-0.5413399793810857,0.2715603651240624,-1.177851894974348,-0.646616581529729,0.853056793629862,-1.8752853723150364,-0.2262991435398101,-0.22345527558581418,-1.0631875327724392,0.9841231756854657,0
0.890123685007999,-1.1099901739376037,-1.179024470547907,-0.33573902528610067,-0.404365943111267,0.9048055324001227,-0.9474977234247925,-1.461440576166749,0.3301634761573873,-0.9143260204049839,1.066572152642809,0.9606997664835506,-1.0161329645585022,0
0.7206745964472937,-1.1099901739376037,-0.502969299721533,-0.33534421586507185,0.9474866733593919,0.9048055324001227,-0.9474977234247925,-1.461440576166749,-1.371758237960602,-0.9143260204049839,-0.22345527558581418,1.4369085427790778,0.9841231756854657,0
1.2290218621294098,-1.1099901739376037,-1.179024470547907,-0.5290850949523501,0.7785050963005594,-1.177851894974348,0.1847655210750518,1.4316811360790147,1.6594751108530943,1.035083464046342,-0.22345527558581418,0.6233852166075523,-1.0161329645585022,0
0.21232733076517762,-1.1099901739376037,0.8491410419312149,-0.29711087153263777,0.10257878806523006,0.9048055324001227,-0.9474977234247925,0.2744324511807092,1.4312094766124175,-0.9143260204049839,1.066572152642809,-0.5076106270943244,0.9841231756854657,0
1.0595727735687044,-1.1099901739376037,1.5251962127575889,-0.30139060565659054,1.4544314045358888,0.9048055324001227,-0.9474977234247925,0.853056793629862,0.3301634761573873,-0.9143260204049839,0.29255569570563505,1.0202258635204915,-1.0161329645585022,0
0.890123685007999,0.9009088760241706,-1.179024470547907,-0.2957369347474574,0.6095235192417271,0.9048055324001227,-0.9474977234247925,-0.8828162337175963,0.9377528849450718,-0.9143260204049839,-0.22345527558581418,0.40512286080543575,0.9841231756854657,0
0.21232733076517762,0.9009088760241706,-0.502969299721533,-0.2619570406842288,0.4405419421828948,0.9048055324001227,-0.9474977234247925,0.853056793629862,0.23617174441122635,-0.9143260204049839,0.5505611813513597,-1.0036614357354983,-1.0161329645585022,0
0.890123685007999,0.9009088760241706,-1.179024470547907,-0.2413479889065227,-0.06640278899360229,0.9048055324001227,-0.9474977234247925,-1.461440576166749,-0.5896127559300467,-0.9143260204049839,-0.22345527558581418,-0.6068207888225592,0.9841231756854657,0
0.21232733076517762,-1.1099901739376037,0.8491410419312149,-0.20521503069396216,0.2715603651240624,0.9048055324001227,-0.9474977234247925,-1.461440576166749,-0.46205254856025635,-1.0289971665491795,-0.22345527558581418,1.238488219322608,-1.0161329645585022,0
0.890123685007999,0.9009088760241706,-1.179024470547907,-0.204378034721381,1.2854498274770565,0.9048055324001227,-0.9474977234247925,0.853056793629862,-1.3482603050240614,-1.0289971665491795,0.03455021005991044,1.238488219322608,0.9841231756854657,0
1.0595727735687044,-1.1099901739376037,-0.502969299721533,-0.536460134937169,0.6095235192417271,-1.177851894974348,0.38271364074285674,0.2744324511807092,0.001192415045823164,1.379096902478929,0.29255569570563505,0.6829113136444932,0.9841231756854657,0
0.5512255078865883,0.9009088760241706,0.8491410419312149,-0.2026566656456952,0.10257878806523006,0.9048055324001227,-0.9474977234247925,-0.8828162337175963,-1.173704231781191,-1.0289971665491795,0.29255569570563505,0.20670253734896618,-1.0161329645585022,0
0.0428782422044723,0.9009088760241706,0.8491410419312149,-0.3125874008369688,-0.23538436605243465,0.9048055324001227,-0.9474977234247925,1.4316811360790147,0.9981761410676039,-0.9143260204049839,0.8085666669970842,-1.5790803737592602,-1.0161329645585022,1
0.0428782422044723,-1.1099901739376037,-1.179024470547907,-0.10744442567037722,0.6095235192417271,0.9048055324001227,-0.9474977234247925,-0.8828162337175963,-0.46205254856025635,-1.0289971665491795,-0.22345527558581418,1.0003838311748445,-1.0161329645585022,0
0.38177641932588297,0.9009088760241706,1.5251962127575889,-0.1092763413839511,0.10257878806523006,0.9048055324001227,-0.9474977234247925,-1.461440576166749,-0.811164695045998,-1.0289971665491795,0.8085666669970842,-0.051243883144444294,-1.0161329645585022,0
0.0428782422044723,0.9009088760241706,1.5251962127575889,-0.10468075972317527,0.4405419421828948,0.9048055324001227,-0.9474977234247925,-1.461440576166749,0.4040141225293712,-1.0289971665491795,1.066572152642809,0.32575473142284794,0.9841231756854657,0
0.890123685007999,0.9009088760241706,-0.502969299721533,-0.5372339614023857,1.1164682504182242,-1.177851894974348,-0.4882580857954851,-0.8828162337175963,1.451350561986595,0.003043148748581378,0.29255569570563505,0.20670253734896618,0.9841231756854657,0
0.38177641932588297,0.9009088760241706,0.8491410419312149,0.0606338410500257,0.7785050963005594,0.9048055324001227,-0.9474977234247925,0.2744324511807092,1.0015329886299666,-1.143668312693375,1.066572152642809,0.008282213892496587,0.9841231756854657,0
-0.12657084635623306,-1.1099901739376037,-1.179024470547907,-0.037657912409317325,-0.06640278899360229,0.9048055324001227,-0.9474977234247925,0.853056793629862,-1.1804179269059165,-1.0289971665491795,-0.22345527558581418,-0.40840046536608954,-1.0161329645585022,1
-0.12657084635623306,0.9009088760241706,-1.179024470547907,0.07718425197955518,-0.7423290972289317,0.9048055324001227,-0.9474977234247925,0.2744324511807092,1.2700807936189982,-1.143668312693375,1.066572152642809,1.0400678958661385,0.9841231756854657,0
0.0428782422044723,-1.1099901739376037,-1.179024470547907,-0.530301107969119,0.2715603651240624,0.21058638994196582,1.6495816066168083,0.2744324511807092,0.15896425047687956,3.328506386930255,-0.22345527558581418,-1.2814498885745558,0.9841231756854657,0
0.890123685007999,-1.1099901739376037,-0.502969299721533,0.1565251532295133,0.2715603651240624,0.9048055324001227,-0.9474977234247925,-1.461440576166749,1.4312094766124175,-1.143668312693375,0.8085666669970842,1.1789621222856672,-1.0161329645585022,0
0.0428782422044723,0.9009088760241706,0.8491410419312149,-0.5317066295079818,-0.23538436605243465,-1.177851894974348,-0.8841543251310949,-0.8828162337175963,0.23617174441122635,-0.570312581972397,0.5505611813513597,1.2186461869769611,-1.0161329645585022,0
0.0428782422044723,-1.1099901739376037,-1.179024470547907,0.31121148438861757,-0.404365943111267,0.9048055324001227,-0.9474977234247925,1.4316811360790147,-0.46205254856025635,-1.143668312693375,0.5505611813513597,-1.5393963090679663,0.9841231756854657,0
1.2290218621294098,0.9009088760241706,1.5251962127575889,-0.6443536535159338,1.2854498274770565,-1.177851894974348,-0.2507203421941191,-1.461440576166749,0.9780350556934264,0.6910700256137552,-0.22345527558581418,0.9408577341379036,-1.0161329645585022,1
1.2290218621294098,0.9009088760241706,-1.179024470547907,0.3605626620172241,0.9474866733593919,0.9048055324001227,-0.9474977234247925,-1.461440576166749,-1.173704231781191,-1.143668312693375,0.03455021005991044,1.1194360252487263,-1.0161329645585022,0
0.5512255078865883,0.9009088760241706,1.5251962127575889,-0.06636845350653545,-0.404365943111267,0.9048055324001227,-0.9474977234247925,0.2744324511807092,1.6594751108530943,-1.0289971665491795,0.8085666669970842,1.6551708985811941,-1.0161329645585022,1
0.38177641932588297,0.9009088760241706,-1.179024470547907,0.4556327706009717,0.10257878806523006,0.9048055324001227,-0.9474977234247925,-0.8828162337175963,1.3103629643673533,-1.2583394588375707,0.03455021005991044,-0.2893482712922078,0.9841231756854657,0
1.0595727735687044,0.9009088760241706,-0.502969299721533,-0.6453327808800854,1.1164682504182242,-1.177851894974348,-1.248378865319856,0.853056793629862,0.001192415045823164,-1.143668312693375,0.8085666669970842,-0.9639773710442044,-1.0161329645585022,1
0.21232733076517762,0.9009088760241706,1.5251962127575889,0.3123169507674983,0.4405419421828948,0.9048055324001227,-0.9474977234247925,0.853056793629862,-0.005521280078902488,-1.143668312693375,0.8085666669970842,-1.8370267942526706,-1.0161329645585022,1
-0.12657084635623306,0.9009088760241706,-0.502969299721533,0.7670742342853714,-0.5733475201700994,0.9048055324001227,-0.9474977234247925,-0.8828162337175963,1.0955247203761276,-1.2583394588375707,-0.22345527558581418,-1.3211339532658497,0.9841231756854657,0
0.38177641932588297,-1.1099901739376037,-0.502969299721533,0.8354868107612509,0.4405419421828948,0.9048055324001227,-0.9474977234247925,-1.461440576166749,-0.0995130118250634,-1.2583394588375707,0.5505611813513597,1.1591200899400202,0.9841231756854657,0
0.890123685007999,-1.1099901739376037,0.8491410419312149,0.6883966128627417,0.7785050963005594,0.9048055324001227,-0.9474977234247925,0.2744324511807092,0.001192415045823164,-1.2583394588375707,0.03455021005991044,-0.09092794783573821,-1.0161329645585022,1
0.5512255078865883,0.9009088760241706,-1.179024470547907,1.7864721593818675,0.9474866733593919,0.9048055324001227,-0.9474977234247925,1.4316811360790147,1.417782086362966,-1.3730106049817663,0.29255569570563505,0.18686050500331922,-1.0161329645585022,0
0.890123685007999,0.9009088760241706,-1.179024470547907,-0.866678734685701,0.6095235192417271,0.9048055324001227,-0.9435387610314364,-0.8828162337175963,-1.3482603050240614,0.003043148748581378,0.8085666669970842,-0.4282424977117365,0.9841231756854657,0
-0.12657084635623306,-1.1099901739376037,1.5251962127575889,-0.22533451878959246,-0.404365943111267,0.9048055324001227,-0.9435387610314364,-0.8828162337175963,-1.0427871768490378,-0.9143260204049839,0.03455021005991044,0.16701847265767225,0.9841231756854657,0
0.7206745964472937,0.9009088760241706,-1.179024470547907,-0.011047757431972692,1.1164682504182242,0.9048055324001227,-0.9435387610314364,0.853056793629862,-1.6705176710108995,-1.0289971665491795,0.5505611813513597,-0.9639773710442044,0.9841231756854657,0
0.5512255078865883,-1.1099901739376037,-0.502969299721533,0.8412036511777486,0.4405419421828948,0.9048055324001227,-0.9395797986380804,0.853056793629862,-0.46205254856025635,-1.2583394588375707,0.03455021005991044,0.5241750548793175,-1.0161329645585022,0
1.2290218621294098,-1.1099901739376037,-0.502969299721533,-0.8819025859605736,0.7785050963005594,0.9048055324001227,-0.9356208362447243,1.4316811360790147,-0.8447331706696268,0.1177142948927768,0.29255569570563505,0.9408577341379036,-1.0161329645585022,1
0.7206745964472937,-1.1099901739376037,-0.502969299721533,-0.7705663292304372,1.4544314045358888,0.9048055324001227,-0.9316618738513681,-1.461440576166749,-0.3680608168140954,-0.2262991435398101,0.03455021005991044,1.6154868338899002,-1.0161329645585022,0
0.0428782422044723,0.9009088760241706,-1.179024470547907,-0.7666814045275133,-0.23538436605243465,0.9048055324001227,-0.9316618738513681,-0.8828162337175963,-0.4654093961226198,-0.2262991435398101,0.5505611813513597,0.9606997664835506,-1.0161329645585022,0
0.5512255078865883,0.9009088760241706,-0.502969299721533,-0.6967053827443596,0.10257878806523006,0.9048055324001227,-0.9316618738513681,0.853056793629862,-0.3680608168140954,-0.45564143582820127,0.29255569570563505,0.6829113136444932,-1.0161329645585022,1
0.0428782422044723,-1.1099901739376037,-0.502969299721533,-0.4887987416305661,0.7785050963005594,0.9048055324001227,-0.9316618738513681,0.853056793629862,1.6628319584154578,-0.6849837281165926,0.5505611813513597,0.0479662785837905,0.9841231756854657,0
0.5512255078865883,0.9009088760241706,-1.179024470547907,-0.5274426877608701,0.6095235192417271,0.21058638994196582,0.6994306322113446,1.4316811360790147,-0.3680608168140954,1.8377814870557112,-0.22345527558581418,0.782121475372728,-1.0161329645585022,0
0.38177641932588297,-1.1099901739376037,0.8491410419312149,-0.535228329543559,-0.06640278899360229,-1.177851894974348,-0.5674373336626071,0.853056793629862,-1.4724636648314886,-0.11162799739561437,-0.22345527558581418,1.1591200899400202,0.9841231756854657,0
1.2290218621294098,-1.1099901739376037,-0.502969299721533,-0.06300467723936963,1.2854498274770565,0.9048055324001227,-0.9316618738513681,-0.8828162337175963,0.001192415045823164,-1.0289971665491795,0.5505611813513597,1.4765926074703717,-1.0161329645585022,0
1.0595727735687044,0.9009088760241706,-1.179024470547907,-0.525579187293614,0.9474866733593919,-1.177851894974348,0.5054414749368958,-1.461440576166749,-0.3680608168140954,1.4937680486231246,-0.22345527558581418,-1.12271362980938,0.9841231756854657,0
-0.12657084635623306,-1.1099901739376037,0.8491410419312149,0.0848119699938326,-0.23538436605243465,0.9048055324001227,-0.9316618738513681,-0.3041918912684436,0.001192415045823164,-1.143668312693375,-0.22345527558581418,-3.087074832028429,-1.0161329645585022,1
0.0428782422044723,-1.1099901739376037,-1.179024470547907,0.5384953718865072,0.4405419421828948,0.9048055324001227,-0.9316618738513681,-0.8828162337175963,-1.0427871768490378,-1.2583394588375707,0.8085666669970842,-0.40840046536608954,-1.0161329645585022,0
1.0595727735687044,0.9009088760241706,-0.502969299721533,-0.7674078538622064,0.7785050963005594,0.9048055324001227,-0.923743949064656,0.853056793629862,0.665848232393677,-0.2262991435398101,0.03455021005991044,0.9210157017922567,0.9841231756854657,0
0.38177641932588297,-1.1099901739376037,-0.502969299721533,-0.5224996738095888,0.9474866733593919,0.21058638994196582,0.4777287381834031,0.2744324511807092,0.001192415045823164,1.4937680486231246,0.5505611813513597,0.801963507718375,0.9841231756854657,0
0.7206745964472937,-1.1099901739376037,-0.502969299721533,-0.2998903298566809,0.7785050963005594,0.9048055324001227,-0.9197849866712998,-0.3041918912684436,-1.623521805137819,-0.9143260204049839,0.5505611813513597,1.298014316359549,-1.0161329645585022,0
0.7206745964472937,-1.1099901739376037,-1.179024470547907,-0.9993189077745541,0.9474866733593919,0.9048055324001227,-0.9158260242779438,0.853056793629862,-1.2475548781531747,1.035083464046342,0.8085666669970842,-2.69023418511549,-1.0161329645585022,1
1.2290218621294098,-1.1099901739376037,-1.179024470547907,-0.5282954761102925,1.1164682504182242,-1.177851894974348,-0.7257958293968509,-0.3041918912684436,-1.4724636648314886,-0.34097028968400567,0.29255569570563505,-1.4401861473397315,-1.0161329645585022,0
0.7206745964472937,-1.1099901739376037,1.5251962127575889,-0.5241104962473866,0.10257878806523006,0.21058638994196582,-0.8841543251310949,1.4316811360790147,1.223084927745918,-0.570312581972397,0.8085666669970842,0.6829113136444932,-1.0161329645585022,0
0.0428782422044723,-1.1099901739376037,-0.502969299721533,-0.528658700777639,0.2715603651240624,-1.177851894974348,0.0976683484212176,1.4316811360790147,0.001192415045823164,0.9204123179021463,1.066572152642809,-1.7576586648700827,-1.0161329645585022,0
0.0428782422044723,0.9009088760241706,0.8491410419312149,-0.5269057469482709,-0.23538436605243465,0.21058638994196582,-0.5001349729755533,1.4316811360790147,-1.8752853723150364,0.003043148748581378,0.5505611813513597,0.20670253734896618,0.9841231756854657,0
0.7206745964472937,-1.1099901739376037,-0.502969299721533,0.03770330987666997,1.1164682504182242,0.9048055324001227,-0.9158260242779438,1.4316811360790147,1.9750187817152072,-1.0289971665491795,0.5505611813513597,1.317856348705196,-1.0161329645585022,0
1.2290218621294098,-1.1099901739376037,1.5251962127575889,-0.523226123144282,0.7785050963005594,-1.177851894974348,0.0026532509806712224,1.4316811360790147,-1.1804179269059165,0.8057411717579506,0.8085666669970842,0.26622863438590705,0.9841231756854657,0
-0.12657084635623306,-1.1099901739376037,0.8491410419312149,-0.5276164039061229,-0.5733475201700994,0.21058638994196582,-0.4882580857954851,0.2744324511807092,-1.8752853723150364,0.003043148748581378,0.03455021005991044,-0.09092794783573821,0.9841231756854657,0
0.5512255078865883,0.9009088760241706,1.5251962127575889,-0.5264793527735597,0.7785050963005594,0.21058638994196582,0.12934004756806639,1.4316811360790147,0.16232109803924238,0.9204123179021463,1.066572152642809,1.4964346398160184,0.9841231756854657,0
0.0428782422044723,0.9009088760241706,-1.179024470547907,-0.6790652978127905,0.2715603651240624,0.9048055324001227,-0.9118670618845877,-0.8828162337175963,1.0955247203761276,-0.45564143582820127,0.5505611813513597,0.028124246238143545,0.9841231756854657,0
0.7206745964472937,-1.1099901739376037,-0.502969299721533,-0.5270636707166824,0.7785050963005594,-1.177851894974348,-0.2507203421941191,-0.3041918912684436,0.8336906105118219,0.3470565871811683,0.03455021005991044,1.337698381050843,0.9841231756854657,0
0.890123685007999,0.9009088760241706,-0.502969299721533,-0.526716238426177,0.6095235192417271,0.21058638994196582,0.06599664927436881,0.2744324511807092,-0.005521280078902488,0.8057411717579506,1.066572152642809,0.801963507718375,-1.0161329645585022,0
0.5512255078865883,-1.1099901739376037,0.8491410419312149,-0.3199466484449466,0.6095235192417271,0.9048055324001227,-0.9079080994912315,0.2744324511807092,-0.4654093961226198,-0.9143260204049839,0.03455021005991044,-0.9242933063529105,0.9841231756854657,0
0.0428782422044723,0.9009088760241706,1.5251962127575889,-0.8650994970015856,-0.404365943111267,0.9048055324001227,-0.8999901747045194,1.4316811360790147,0.5114332445249834,0.23238544103697253,0.8085666669970842,-0.07108591549009124,-1.0161329645585022,0
0.5512255078865883,0.9009088760241706,-0.502969299721533,-0.869347646371856,-0.06640278899360229,0.9048055324001227,-0.8999901747045194,0.2744324511807092,1.2700807936189982,0.23238544103697253,0.03455021005991044,-1.202081759191968,0.9841231756854657,0
0.7206745964472937,0.9009088760241706,1.5251962127575889,-0.5236209325653108,1.1164682504182242,-1.177851894974348,0.06599664927436881,1.4316811360790147,-0.21364582894540246,0.8057411717579506,0.03455021005991044,1.0995939929030794,0.9841231756854657,0
0.0428782422044723,-1.1099901739376037,-0.502969299721533,-0.6756225596614189,0.10257878806523006,0.9048055324001227,-0.8999901747045194,1.4316811360790147,0.3301634761573873,-0.34097028968400567,0.5505611813513597,0.9011736694466097,0.9841231756854657,0
0.5512255078865883,-1.1099901739376037,-1.179024470547907,-0.5402660977558872,0.9474866733593919,0.9048055324001227,-0.8999901747045194,-0.8828162337175963,0.001192415045823164,-0.570312581972397,0.5505611813513597,0.10749237562073138,0.9841231756854657,0
1.2290218621294098,0.9009088760241706,-1.179024470547907,-0.525168585495744,1.6234129815947211,-1.177851894974348,-1.1375279183058853,0.2744324511807092,-0.21364582894540246,-1.0289971665491795,-0.22345527558581418,-1.3409759856114967,0.9841231756854657,0
0.0428782422044723,0.9009088760241706,1.5251962127575889,-0.2032725683425002,-0.06640278899360229,0.9048055324001227,-0.8999901747045194,0.2744324511807092,0.3301634761573873,-0.9143260204049839,1.066572152642809,1.8535912220376638,0.9841231756854657,0
0.21232733076517762,-1.1099901739376037,0.8491410419312149,-0.7323803620285266,-0.404365943111267,0.9048055324001227,-0.8881132875244511,-0.3041918912684436,0.3905867322799193,-0.2262991435398101,-0.22345527558581418,0.06780831092943747,-1.0161329645585022,1
-0.12657084635623306,0.9009088760241706,-1.179024470547907,-1.0141005724978744,-0.23538436605243465,0.9048055324001227,-0.8841543251310949,1.4316811360790147,1.0787404825643134,1.2644257563347332,0.29255569570563505,0.008282213892496587,-1.0161329645585022,1
-0.12657084635623306,-1.1099901739376037,0.17308587110484092,-0.6353993758469995,-0.404365943111267,-1.177851894974348,-0.804975077263973,-0.3041918912684436,-0.34120603631519225,-0.34097028968400567,0.5505611813513597,-1.658448503141848,-1.0161329645585022,1
0.21232733076517762,-1.1099901739376037,-1.179024470547907,-0.5342334098025664,-0.5733475201700994,-1.177851894974348,-0.5674373336626071,-0.8828162337175963,1.4110683912382405,-0.11162799739561437,0.8085666669970842,0.4448069254967297,-1.0161329645585022,0
0.5512255078865883,-1.1099901739376037,1.5251962127575889,-0.5277585352976932,0.7785050963005594,0.21058638994196582,0.6598410082777837,0.853056793629862,1.4110683912382405,1.8377814870557112,-0.22345527558581418,1.774223092655076,-1.0161329645585022,0
0.0428782422044723,0.9009088760241706,-0.502969299721533,-0.9719507187088341,-0.06640278899360229,0.9048055324001227,-0.8841543251310949,0.2744324511807092,0.7061304031420315,0.9204123179021463,0.5505611813513597,0.5638591195706114,-1.0161329645585022,1
0.5512255078865883,-1.1099901739376037,-0.502969299721533,-0.963738682751434,0.4405419421828948,0.9048055324001227,-0.8841543251310949,1.4316811360790147,0.16232109803924238,0.8057411717579506,0.03455021005991044,0.0479662785837905,-1.0161329645585022,1
0.0428782422044723,-1.1099901739376037,0.8491410419312149,-0.5258318653230724,-0.23538436605243465,-1.177851894974348,-0.18737694390042153,1.4316811360790147,-1.173704231781191,0.4617277333253637,0.29255569570563505,-0.7060309505507939,0.9841231756854657,0
0.21232733076517762,-1.1099901739376037,1.5251962127575889,-0.5263845985125127,0.10257878806523006,-1.177851894974348,-0.9474977234247925,-0.8828162337175963,-1.2979075915886182,-0.6849837281165926,0.8085666669970842,-2.273551505856904,0.9841231756854657,0
0.38177641932588297,0.9009088760241706,0.8491410419312149,-0.9641650769261452,0.2715603651240624,0.9048055324001227,-0.8841543251310949,-0.3041918912684436,0.8941138666343539,0.8057411717579506,0.29255569570563505,0.06780831092943747,-1.0161329645585022,1
0.5512255078865883,0.9009088760241706,-0.502969299721533,-0.5263530137588305,0.9474866733593919,-1.177851894974348,-1.2008713165995828,0.2744324511807092,0.11868207972852446,-1.143668312693375,0.5505611813513597,0.6035431842619053,0.9841231756854657,0
0.38177641932588297,0.9009088760241706,0.8491410419312149,-0.9302430514713462,0.7785050963005594,0.9048055324001227,-0.8841543251310949,1.4316811360790147,1.0787404825643134,0.5763988794695595,0.29255569570563505,-0.5076106270943244,-1.0161329645585022,1
0.5512255078865883,0.9009088760241706,-0.502969299721533,-0.9255527155495235,0.6095235192417271,0.9048055324001227,-0.8841543251310949,0.2744324511807092,1.2029438423717405,0.5763988794695595,0.8085666669970842,0.7424374106814341,-1.0161329645585022,1
-0.12657084635623306,0.9009088760241706,-1.179024470547907,-0.9244946263011661,-0.404365943111267,0.9048055324001227,-0.8841543251310949,1.4316811360790147,1.1458774338115711,0.5763988794695595,0.5505611813513597,-1.3211339532658497,-1.0161329645585022,1
1.2290218621294098,0.9009088760241706,1.5251962127575889,-0.5269373317019532,1.1164682504182242,-1.177851894974348,0.8577891279455886,0.2744324511807092,-0.005521280078902488,2.0671237793441026,-0.22345527558581418,1.0995939929030794,0.9841231756854657,0
1.2290218621294098,-1.1099901739376037,-0.502969299721533,-0.6420953436276488,0.9474866733593919,-1.177851894974348,0.1847655210750518,-1.461440576166749,1.327147202179168,1.4937680486231246,-0.22345527558581418,1.6551708985811941,-1.0161329645585022,1
0.7206745964472937,0.9009088760241706,1.5251962127575889,-0.9066334480938208,0.4405419421828948,0.9048055324001227,-0.8841543251310949,-0.8828162337175963,1.407711543675877,0.4617277333253637,1.066572152642809,-1.5393963090679663,-1.0161329645585022,1
0.0428782422044723,0.9009088760241706,-0.502969299721533,-0.9012798323446696,0.2715603651240624,0.9048055324001227,-0.8841543251310949,1.4316811360790147,0.03811773823181484,0.4617277333253637,0.5505611813513597,0.028124246238143545,-1.0161329645585022,1
0.5512255078865883,0.9009088760241706,0.8491410419312149,-0.905212134178117,0.2715603651240624,0.9048055324001227,-0.8841543251310949,-0.8828162337175963,0.6154955189582334,0.4617277333253637,-0.22345527558581418,-0.44808453005738347,-1.0161329645585022,1
0.21232733076517762,-1.1099901739376037,0.8491410419312149,-0.5263214290051482,0.4405419421828948,-1.177851894974348,-0.2507203421941191,-0.8828162337175963,-0.811164695045998,0.3470565871811683,0.03455021005991044,0.8416475724096689,-1.0161329645585022,0
0.890123685007999,-1.1099901739376037,1.5251962127575889,-0.5278848743124225,0.9474866733593919,-1.177851894974348,-1.121692068732461,-0.8828162337175963,0.7430557263280237,-1.0289971665491795,0.03455021005991044,0.6233852166075523,-1.0161329645585022,0
0.0428782422044723,0.9009088760241706,1.5251962127575889,-0.8829132980784075,-0.23538436605243465,0.9048055324001227,-0.8841543251310949,-1.461440576166749,0.5651428055227898,0.3470565871811683,0.5505611813513597,-0.09092794783573821,-1.0161329645585022,1
1.0595727735687044,-1.1099901739376037,-1.179024470547907,-0.528658700777639,0.6095235192417271,0.21058638994196582,0.06599664927436881,1.4316811360790147,-0.6936750303632967,0.9204123179021463,0.03455021005991044,0.14717644031202531,0.9841231756854657,0
0.21232733076517762,0.9009088760241706,-0.502969299721533,-0.8808760814658986,0.2715603651240624,0.9048055324001227,-0.8841543251310949,0.853056793629862,-0.21364582894540246,0.3470565871811683,0.03455021005991044,0.028124246238143545,-1.0161329645585022,1
1.0595727735687044,0.9009088760241706,0.8491410419312149,-0.5247421913210327,1.2854498274770565,-1.177851894974348,0.7786098800784667,0.853056793629862,0.6154955189582334,1.952452633199907,0.03455021005991044,-2.154499311783022,0.9841231756854657,0
1.2290218621294098,-1.1099901739376037,-0.502969299721533,-0.8709268840559714,1.2854498274770565,0.9048055324001227,-0.8841543251310949,0.853056793629862,0.03811773823181484,0.23238544103697253,1.066572152642809,1.4964346398160184,-1.0161329645585022,1
0.38177641932588297,0.9009088760241706,0.8491410419312149,-0.8677842010645818,0.4405419421828948,0.9048055324001227,-0.8841543251310949,-1.461440576166749,1.8273174889712391,0.23238544103697253,0.8085666669970842,1.2186461869769611,-1.0161329645585022,1
-0.12657084635623306,0.9009088760241706,-0.502969299721533,-0.8656364378141849,0.10257878806523006,0.9048055324001227,-0.8841543251310949,0.2744324511807092,-0.11965409719924096,0.23238544103697253,0.5505611813513597,-1.3211339532658497,0.9841231756854657,0
0.0428782422044723,-1.1099901739376037,-1.179024470547907,-0.867294637382506,-0.06640278899360229,0.9048055324001227,-0.8841543251310949,-1.461440576166749,-0.005521280078902488,0.23238544103697253,0.8085666669970842,1.238488219322608,0.9841231756854657,0
-0.12657084635623306,-1.1099901739376037,-1.179024470547907,-0.6348150579038767,-0.06640278899360229,-1.177851894974348,-0.3298995900612411,0.2744324511807092,0.19588957366287124,0.5763988794695595,0.8085666669970842,-0.09092794783573821,-1.0161329645585022,1
0.0428782422044723,-1.1099901739376037,-1.179024470547907,-0.8669945822225241,0.10257878806523006,0.9048055324001227,-0.8841543251310949,0.853056793629862,1.2029438423717405,0.23238544103697253,0.8085666669970842,-0.11076998018138517,0.9841231756854657,0
0.0428782422044723,0.9009088760241706,-1.179024470547907,-0.867089336483571,-0.404365943111267,0.9048055324001227,-0.8841543251310949,-0.3041918912684436,0.7061304031420315,0.23238544103697253,0.03455021005991044,-2.3132355705481977,-1.0161329645585022,1
-0.12657084635623306,0.9009088760241706,-1.179024470547907,-0.5307748792743536,0.2715603651240624,-1.177851894974348,-0.7257958293968509,-1.461440576166749,-0.41841353024953903,-0.34097028968400567,-0.22345527558581418,-0.2893482712922078,0.9841231756854657,0
0.890123685007999,0.9009088760241706,-1.179024470547907,-0.8668208660772714,1.2854498274770565,0.9048055324001227,-0.8841543251310949,0.853056793629862,0.8269769153870962,0.23238544103697253,0.5505611813513597,0.286070666731554,0.9841231756854657,0
0.21232733076517762,0.9009088760241706,-1.179024470547907,-0.5266530689188124,-0.23538436605243465,-1.177851894974348,-1.129609993519173,-0.3041918912684436,0.001192415045823164,-1.0289971665491795,0.03455021005991044,-0.24966420660091387,0.9841231756854657,0
-0.12657084635623306,-1.1099901739376037,-1.179024470547907,-0.8435271102365691,-0.23538436605243465,0.9048055324001227,-0.8841543251310949,0.2744324511807092,0.16232109803924238,0.1177142948927768,0.8085666669970842,1.0400678958661385,0.9841231756854657,0
0.21232733076517762,-1.1099901739376037,1.5251962127575889,-0.8514390910339873,0.2715603651240624,0.9048055324001227,-0.8841543251310949,0.2744324511807092,-1.7510820125076092,0.1177142948927768,1.066572152642809,0.801963507718375,0.9841231756854657,0
0.38177641932588297,-1.1099901739376037,0.8491410419312149,-0.8428480380323995,0.2715603651240624,0.9048055324001227,-0.8841543251310949,-1.461440576166749,0.6255660616453219,0.1177142948927768,0.29255569570563505,1.1194360252487263,-1.0161329645585022,0
0.7206745964472937,0.9009088760241706,0.8491410419312149,-0.840131749215721,0.6095235192417271,0.9048055324001227,-0.8841543251310949,-1.461440576166749,-0.9857207682888686,0.1177142948927768,1.066572152642809,-1.0235034680811452,0.9841231756854657,0
0.21232733076517762,0.9009088760241706,-1.179024470547907,-0.8291086701805954,-0.5733475201700994,0.9048055324001227,-0.8841543251310949,0.853056793629862,0.4745079213389917,0.1177142948927768,0.29255569570563505,-0.38855843302044263,-1.0161329645585022,0
-0.12657084635623306,-1.1099901739376037,-0.502969299721533,-0.8292981787026893,-0.5733475201700994,0.9048055324001227,-0.8841543251310949,-0.8828162337175963,-1.5496711587658354,0.1177142948927768,1.066572152642809,-0.7258729828964409,0.9841231756854657,0
0.7206745964472937,-1.1099901739376037,-0.502969299721533,-0.8162062983013726,1.1164682504182242,0.9048055324001227,-0.8841543251310949,-1.461440576166749,0.001192415045823164,0.003043148748581378,0.5505611813513597,1.298014316359549,0.9841231756854657,0
0.7206745964472937,-1.1099901739376037,-1.179024470547907,-0.8104104960006691,0.6095235192417271,0.9048055324001227,-0.8841543251310949,-1.461440576166749,1.0787404825643134,0.003043148748581378,0.03455021005991044,-0.44808453005738347,0.9841231756854657,0
-0.12657084635623306,0.9009088760241706,-0.502969299721533,-0.8057675372093697,-0.5733475201700994,0.9048055324001227,-0.8841543251310949,0.853056793629862,-1.1804179269059165,0.003043148748581378,0.03455021005991044,0.9408577341379036,0.9841231756854657,0
0.5512255078865883,0.9009088760241706,0.8491410419312149,-0.7936074070416811,0.10257878806523006,0.9048055324001227,-0.8841543251310949,-0.8828162337175963,-1.4254677989584081,-0.11162799739561437,0.8085666669970842,1.1591200899400202,0.9841231756854657,0
-0.12657084635623306,-1.1099901739376037,1.5251962127575889,-0.5309643877964475,-0.911310674287764,-1.177851894974348,-0.4882580857954851,-1.461440576166749,0.9343960373827085,0.003043148748581378,0.5505611813513597,-1.2814498885745558,-1.0161329645585022,0
0.5512255078865883,-1.1099901739376037,0.8491410419312149,-0.7941759326079626,0.9474866733593919,0.9048055324001227,-0.8841543251310949,0.853056793629862,0.830333762949459,0.003043148748581378,0.03455021005991044,-0.5869787564769122,-1.0161329645585022,0
-0.12657084635623306,-1.1099901739376037,1.5251962127575889,-0.7865166298400029,-0.23538436605243465,0.9048055324001227,-0.8841543251310949,-1.461440576166749,0.6255660616453219,-0.11162799739561437,1.066572152642809,-0.13061201252703214,-1.0161329645585022,0
0.7206745964472937,-1.1099901739376037,1.5251962127575889,-0.5179988464098599,0.6095235192417271,-1.177851894974348,-0.18737694390042153,-0.8828162337175963,-0.8816584938556186,0.4617277333253637,0.8085666669970842,1.4170665104334308,-1.0161329645585022,0
0.21232733076517762,0.9009088760241706,-0.502969299721533,-0.7744670463102024,-0.23538436605243465,0.9048055324001227,-0.8841543251310949,1.4316811360790147,-1.8752853723150364,-0.11162799739561437,0.03455021005991044,-0.7258729828964409,0.9841231756854657,0
0.0428782422044723,-1.1099901739376037,-0.502969299721533,-0.5230524069990293,0.6095235192417271,-1.177851894974348,0.1847655210750518,0.2744324511807092,-0.0860856215756121,1.035083464046342,1.066572152642809,-0.5472946917856183,-1.0161329645585022,0
0.38177641932588297,-1.1099901739376037,-0.502969299721533,-0.5225944280706358,0.10257878806523006,-1.177851894974348,0.030365987734163914,-1.461440576166749,0.001192415045823164,0.8057411717579506,1.066572152642809,0.9210157017922567,0.9841231756854657,0
-0.12657084635623306,-1.1099901739376037,-0.502969299721533,-0.7506363496569007,-0.06640278899360229,0.9048055324001227,-0.8841543251310949,0.2744324511807092,-0.25392799969375696,-0.2262991435398101,1.066572152642809,0.6630692812988462,-1.0161329645585022,0
-0.12657084635623306,-1.1099901739376037,-1.179024470547907,-0.6372786686910967,0.4405419421828948,-1.177851894974348,-1.327558113186978,-0.3041918912684436,-1.4254677989584081,-1.2583394588375707,0.8085666669970842,0.08765034327508442,-1.0161329645585022,1
0.21232733076517762,0.9009088760241706,-1.179024470547907,-0.7524208882399512,0.4405419421828948,0.9048055324001227,-0.8841543251310949,-0.8828162337175963,-0.33784918875282943,-0.2262991435398101,0.29255569570563505,0.12733440796637835,-1.0161329645585022,1
0.890123685007999,0.9009088760241706,1.5251962127575889,-0.5206203809654916,1.2854498274770565,-1.177851894974348,0.06599664927436881,1.4316811360790147,-0.3680608168140954,0.8057411717579506,0.29255569570563505,1.0797519605574324,0.9841231756854657,0
0.21232733076517762,0.9009088760241706,-1.179024470547907,-0.7384288423586887,-0.404365943111267,0.9048055324001227,-0.8841543251310949,-0.3041918912684436,1.676259348664909,-0.2262991435398101,0.5505611813513597,0.7622794430270811,-1.0161329645585022,1
0.21232733076517762,-1.1099901739376037,1.5251962127575889,-0.516261684957333,-0.23538436605243465,-1.177851894974348,0.6994306322113446,0.2744324511807092,1.0955247203761276,1.8377814870557112,0.5505611813513597,0.9408577341379036,-1.0161329645585022,0
0.7206745964472937,-1.1099901739376037,-1.179024470547907,-0.7210256430797369,0.9474866733593919,0.9048055324001227,-0.8841543251310949,-0.3041918912684436,-0.12972463988633004,-0.2262991435398101,0.29255569570563505,-0.5472946917856183,-1.0161329645585022,1
0.0428782422044723,0.9009088760241706,-1.179024470547907,-0.7254159238415777,-0.06640278899360229,0.9048055324001227,-0.8841543251310949,-1.461440576166749,1.417782086362966,-0.2262991435398101,0.5505611813513597,0.6035431842619053,0.9841231756854657,0
0.21232733076517762,0.9009088760241706,-0.502969299721533,-0.7161931757663438,0.10257878806523006,0.9048055324001227,-0.8841543251310949,0.2744324511807092,-1.371758237960602,-0.2262991435398101,0.29255569570563505,-2.1743413441286688,0.9841231756854657,0
0.890123685007999,0.9009088760241706,0.8491410419312149,-0.5193254060645169,0.9474866733593919,0.21058638994196582,1.0874089467602424,1.4316811360790147,-0.11965409719924096,2.411137217776689,0.5505611813513597,-0.17029607721832604,-1.0161329645585022,0
0.21232733076517762,0.9009088760241706,-1.179024470547907,-0.5232892926516466,0.6095235192417271,0.21058638994196582,0.06599664927436881,1.4316811360790147,0.001192415045823164,0.8057411717579506,0.5505611813513597,-1.102871597463733,0.9841231756854657,0
0.21232733076517762,0.9009088760241706,-0.502969299721533,-0.7075389532573912,-0.7423290972289317,0.9048055324001227,-0.8841543251310949,-1.461440576166749,-0.1397951825734185,-0.34097028968400567,1.066572152642809,0.8614896047553159,0.9841231756854657,0
0.890123685007999,0.9009088760241706,-1.179024470547907,-0.7004639684325543,1.1164682504182242,0.9048055324001227,-0.8841543251310949,0.2744324511807092,-0.37813135950118393,-0.34097028968400567,-0.22345527558581418,0.14717644031202531,0.9841231756854657,0
0.21232733076517762,0.9009088760241706,1.5251962127575889,-0.7028012402050451,0.10257878806523006,0.9048055324001227,-0.8841543251310949,1.4316811360790147,0.9780350556934264,-0.34097028968400567,1.066572152642809,-0.8846092416616166,-1.0161329645585022,1
0.5512255078865883,0.9009088760241706,0.8491410419312149,-0.5206519657191738,0.6095235192417271,0.21058638994196582,0.22435514500861276,-0.8828162337175963,0.001192415045823164,1.035083464046342,0.5505611813513597,0.6233852166075523,0.9841231756854657,0
0.7206745964472937,0.9009088760241706,-1.179024470547907,-0.5197202154855458,0.6095235192417271,0.21058638994196582,-1.1375279183058853,0.2744324511807092,-0.34120603631519225,-1.0289971665491795,0.29255569570563505,-0.686188918205147,-1.0161329645585022,0
-0.12657084635623306,0.9009088760241706,1.5251962127575889,-0.6945418271171215,-0.23538436605243465,0.9048055324001227,-0.8841543251310949,-0.8828162337175963,-0.0860856215756121,-0.34097028968400567,-0.22345527558581418,-1.0235034680811452,0.9841231756854657,0
1.2290218621294098,-1.1099901739376037,1.5251962127575889,-0.5174619055972607,1.6234129815947211,-1.177851894974348,-0.7257958293968509,-0.8828162337175963,0.001192415045823164,-0.34097028968400567,0.8085666669970842,1.1988041546313142,0.9841231756854657,0
-0.12657084635623306,-1.1099901739376037,-1.179024470547907,-0.6774544753749928,0.2715603651240624,0.9048055324001227,-0.8841543251310949,-0.8828162337175963,0.5651428055227898,-0.34097028968400567,0.29255569570563505,0.6233852166075523,-1.0161329645585022,1
1.0595727735687044,-1.1099901739376037,0.8491410419312149,-0.6781335475791624,1.1164682504182242,0.9048055324001227,-0.8841543251310949,0.853056793629862,-1.173704231781191,-0.34097028968400567,0.29255569570563505,0.14717644031202531,-1.0161329645585022,0
0.38177641932588297,-1.1099901739376037,-1.179024470547907,-0.6791916368275197,-0.06640278899360229,0.9048055324001227,-0.8841543251310949,0.2744324511807092,1.0015329886299666,-0.34097028968400567,0.03455021005991044,-1.8568688265983175,0.9841231756854657,0
1.0595727735687044,0.9009088760241706,-0.502969299721533,-0.673079986989993,0.9474866733593919,0.9048055324001227,-0.8841543251310949,0.2744324511807092,-0.46205254856025635,-0.34097028968400567,0.03455021005991044,1.9131173190746047,-1.0161329645585022,0
-0.12657084635623306,0.9009088760241706,0.8491410419312149,-0.5180936006709069,-0.23538436605243465,-1.177851894974348,0.8577891279455886,-1.461440576166749,0.561785957960427,2.0671237793441026,-0.22345527558581418,1.0400678958661385,0.9841231756854657,0
1.2290218621294098,-1.1099901739376037,-0.502969299721533,-0.5145719006353295,1.2854498274770565,-1.177851894974348,-0.013182598592753173,1.4316811360790147,-0.21700267650776528,0.6910700256137552,0.03455021005991044,-1.102871597463733,0.9841231756854657,0
1.0595727735687044,-1.1099901739376037,1.5251962127575889,-0.5205730038349681,0.6095235192417271,-1.177851894974348,-0.4882580857954851,-0.8828162337175963,-0.5896127559300467,0.003043148748581378,1.066572152642809,0.9805417988291976,0.9841231756854657,0
0.890123685007999,0.9009088760241706,1.5251962127575889,-0.519435952702405,0.7785050963005594,0.21058638994196582,-0.2507203421941191,-0.8828162337175963,1.5352717510456675,0.3470565871811683,0.29255569570563505,0.16701847265767225,0.9841231756854657,0
-0.12657084635623306,-1.1099901739376037,1.5251962127575889,-0.6760015767056066,-0.06640278899360229,0.9048055324001227,-0.8841543251310949,0.2744324511807092,-0.2069321338206762,-0.34097028968400567,0.8085666669970842,1.6750129309268411,-1.0161329645585022,0
0.0428782422044723,-1.1099901739376037,-0.502969299721533,-0.6561031818857525,-0.06640278899360229,0.9048055324001227,-0.8841543251310949,0.2744324511807092,-0.11965409719924096,-0.45564143582820127,-0.22345527558581418,1.35754041339649,0.9841231756854657,0
-0.12657084635623306,-1.1099901739376037,-1.179024470547907,-0.664662650133658,-0.5733475201700994,0.9048055324001227,-0.8841543251310949,0.2744324511807092,-0.08944246913797492,-0.34097028968400567,0.29255569570563505,-0.20998014190961997,0.9841231756854657,0
0.0428782422044723,-1.1099901739376037,-0.502969299721533,-0.6560084276247056,-0.5733475201700994,0.9048055324001227,-0.8841543251310949,0.2744324511807092,0.16232109803924238,-0.45564143582820127,0.29255569570563505,1.5162766721616654,-1.0161329645585022,0
0.38177641932588297,0.9009088760241706,-1.179024470547907,-0.5223575424180185,0.9474866733593919,-1.177851894974348,1.1349164954805155,-1.461440576166749,-1.0495008719737637,2.525808363920885,-0.22345527558581418,0.9210157017922567,0.9841231756854657,0
0.0428782422044723,-1.1099901739376037,0.8491410419312149,-0.5163880239720623,0.6095235192417271,-1.177851894974348,0.06599664927436881,0.2744324511807092,0.001192415045823164,0.8057411717579506,0.03455021005991044,0.3654387961141419,-1.0161329645585022,0
0.7206745964472937,-1.1099901739376037,0.8491410419312149,-0.6386210207225949,0.2715603651240624,0.9048055324001227,-0.8841543251310949,0.2744324511807092,0.16232109803924238,-0.45564143582820127,0.8085666669970842,1.1789621222856672,0.9841231756854657,0
0.890123685007999,0.9009088760241706,0.8491410419312149,-0.640279220290916,1.4544314045358888,0.9048055324001227,-0.8841543251310949,-1.461440576166749,-0.901799579229796,-0.45564143582820127,0.29255569570563505,-0.09092794783573821,0.9841231756854657,0
-0.12657084635623306,0.9009088760241706,-1.179024470547907,-0.6396791099709522,0.10257878806523006,0.9048055324001227,-0.8841543251310949,0.2744324511807092,1.6729025011025462,-0.45564143582820127,0.8085666669970842,-2.0552891500547874,-1.0161329645585022,1
-0.12657084635623306,0.9009088760241706,1.5251962127575889,-0.6216126308646719,-0.06640278899360229,0.9048055324001227,-0.8841543251310949,0.2744324511807092,-1.6839450612603513,-0.45564143582820127,0.5505611813513597,0.8416475724096689,0.9841231756854657,0
-0.12657084635623306,-1.1099901739376037,-0.502969299721533,-0.6211862366899608,-0.5733475201700994,0.9048055324001227,-0.8841543251310949,-0.8828162337175963,-1.4254677989584081,-0.45564143582820127,0.8085666669970842,0.801963507718375,-1.0161329645585022,0
0.38177641932588297,-1.1099901739376037,0.8491410419312149,-0.612184581890503,0.10257878806523006,0.9048055324001227,-0.8841543251310949,0.2744324511807092,0.9343960373827085,-0.45564143582820127,0.8085666669970842,0.10749237562073138,-1.0161329645585022,0
0.5512255078865883,-1.1099901739376037,-1.179024470547907,-0.6065782881118932,0.2715603651240624,0.9048055324001227,-0.8841543251310949,0.2744324511807092,0.16232109803924238,-0.45564143582820127,-0.22345527558581418,-2.114815247091728,0.9841231756854657,0
-0.12657084635623306,0.9009088760241706,-1.179024470547907,-0.5971186543840419,-0.23538436605243465,0.9048055324001227,-0.8841543251310949,0.2744324511807092,2.0757242085860943,-0.45564143582820127,0.8085666669970842,0.6432272489531993,-1.0161329645585022,1
0.7206745964472937,0.9009088760241706,-0.502969299721533,-0.5982399131397639,0.10257878806523006,0.9048055324001227,-0.8841543251310949,1.4316811360790147,-1.0964967378468442,-0.45564143582820127,1.066572152642809,1.0400678958661385,-1.0161329645585022,0
0.38177641932588297,-1.1099901739376037,0.8491410419312149,-0.5977187647040058,0.2715603651240624,0.9048055324001227,-0.8841543251310949,1.4316811360790147,-0.018948670328354386,-0.45564143582820127,1.066572152642809,0.286070666731554,0.9841231756854657,0
0.7206745964472937,0.9009088760241706,-1.179024470547907,-0.5937706704937172,0.4405419421828948,0.9048055324001227,-0.8841543251310949,1.4316811360790147,0.830333762949459,-0.570312581972397,0.8085666669970842,0.4249648931510827,0.9841231756854657,0
0.890123685007999,-1.1099901739376037,-0.502969299721533,-0.5945918740894572,1.4544314045358888,0.9048055324001227,-0.8841543251310949,1.4316811360790147,-0.25392799969375696,-0.570312581972397,0.8085666669970842,-0.5274526594399713,0.9841231756854657,0
0.21232733076517762,0.9009088760241706,-1.179024470547907,-0.511034408222911,0.10257878806523006,0.21058638994196582,-1.2642147148932805,1.4316811360790147,0.6154955189582334,-1.2583394588375707,0.29255569570563505,-0.38855843302044263,0.9841231756854657,0
0.5512255078865883,-1.1099901739376037,-0.502969299721533,-0.5811683537744763,0.2715603651240624,0.9048055324001227,-0.8841543251310949,1.4316811360790147,-0.11965409719924096,-0.570312581972397,-0.22345527558581418,0.18686050500331922,0.9841231756854657,0
0.21232733076517762,0.9009088760241706,0.8491410419312149,-0.5836161721848552,0.2715603651240624,0.9048055324001227,-0.8841543251310949,-0.8828162337175963,1.417782086362966,-0.570312581972397,0.8085666669970842,0.6035431842619053,0.9841231756854657,0
0.21232733076517762,0.9009088760241706,0.17308587110484092,-0.583600379808014,-0.06640278899360229,0.9048055324001227,-0.8841543251310949,0.2744324511807092,-1.6839450612603513,-0.570312581972397,0.03455021005991044,1.714696995618135,0.9841231756854657,0
1.0595727735687044,-1.1099901739376037,-1.179024470547907,-0.5084286660441206,0.7785050963005594,-1.177851894974348,-1.1375279183058853,-1.461440576166749,-0.707102420612748,-1.0289971665491795,0.03455021005991044,-0.17029607721832604,0.9841231756854657,0
1.2290218621294098,0.9009088760241706,1.5251962127575889,-0.5814052394270937,1.9613761357123858,0.9048055324001227,-0.8841543251310949,0.2744324511807092,0.7866947446387411,-0.570312581972397,0.5505611813513597,0.6630692812988462,0.9841231756854657,0
0.890123685007999,0.9009088760241706,-0.502969299721533,-0.5869325713214976,1.1164682504182242,0.9048055324001227,-0.8841543251310949,0.2744324511807092,-1.0495008719737637,-0.570312581972397,-0.22345527558581418,-2.630708088078549,0.9841231756854657,0
0.0428782422044723,0.9009088760241706,-1.179024470547907,-0.6971633616727531,-0.23538436605243465,0.9048055324001227,-0.8841543251310949,0.853056793629862,1.8273174889712391,-0.34097028968400567,1.066572152642809,0.32575473142284794,-1.0161329645585022,1
0.0428782422044723,0.9009088760241706,0.8491410419312149,-0.5822896125301983,0.10257878806523006,0.9048055324001227,-0.8841543251310949,-0.8828162337175963,0.5114332445249834,-0.570312581972397,-0.22345527558581418,-0.9242933063529105,0.9841231756854657,0
0.5512255078865883,-1.1099901739376037,0.8491410419312149,-0.5105922216713586,0.6095235192417271,-1.177851894974348,-0.607026957596168,0.2744324511807092,0.561785957960427,-0.2262991435398101,0.29255569570563505,-0.5869787564769122,-1.0161329645585022,0
0.890123685007999,0.9009088760241706,-0.502969299721533,-0.5016853211329478,1.2854498274770565,0.21058638994196582,0.06599664927436881,1.4316811360790147,0.4745079213389917,0.8057411717579506,0.29255569570563505,0.9408577341379036,0.9841231756854657,0
0.0428782422044723,0.9009088760241706,-0.502969299721533,-0.5759568694168955,-0.404365943111267,0.9048055324001227,-0.8841543251310949,-0.8828162337175963,-1.1804179269059165,-0.570312581972397,0.03455021005991044,0.8416475724096689,0.9841231756854657,0
0.5512255078865883,0.9009088760241706,-1.179024470547907,-0.574061784195957,0.7785050963005594,0.9048055324001227,-0.8841543251310949,0.2744324511807092,0.8739727812601764,-0.570312581972397,-0.22345527558581418,0.5241750548793175,0.9841231756854657,0
-0.12657084635623306,-1.1099901739376037,-1.179024470547907,-0.5639230782639361,-0.404365943111267,0.9048055324001227,-0.8841543251310949,0.2744324511807092,0.001192415045823164,-0.570312581972397,1.066572152642809,0.9210157017922567,0.9841231756854657,0
0.0428782422044723,-1.1099901739376037,1.5251962127575889,-0.5603540010978352,-0.06640278899360229,0.9048055324001227,-0.8841543251310949,-1.461440576166749,0.4745079213389917,-0.570312581972397,1.066572152642809,0.18686050500331922,0.9841231756854657,0
0.0428782422044723,0.9009088760241706,-0.502969299721533,-0.619986016050033,-0.06640278899360229,-1.177851894974348,-0.8841543251310949,0.853056793629862,-1.0427871768490378,-0.45564143582820127,0.5505611813513597,-1.2417658238832618,-1.0161329645585022,1
0.21232733076517762,-1.1099901739376037,-0.502969299721533,-0.6185804945111704,0.2715603651240624,-1.177851894974348,-0.6307807319563046,-0.8828162337175963,0.23617174441122635,0.003043148748581378,0.03455021005991044,1.1988041546313142,-1.0161329645585022,1
0.5512255078865883,0.9009088760241706,1.5251962127575889,-0.5618226921440626,-0.06640278899360229,0.9048055324001227,-0.8841543251310949,0.2744324511807092,0.9377528849450718,-0.570312581972397,0.8085666669970842,0.46464895784237664,-1.0161329645585022,0
1.0595727735687044,0.9009088760241706,1.5251962127575889,-0.5637809468723657,1.1164682504182242,0.9048055324001227,-0.8841543251310949,0.2744324511807092,0.8739727812601764,-0.570312581972397,1.066572152642809,-0.38855843302044263,0.9841231756854657,0
-0.12657084635623306,-1.1099901739376037,-1.179024470547907,-0.5026012789897347,-0.23538436605243465,-1.177851894974348,-0.5040939353689095,-1.461440576166749,-0.005521280078902488,-0.11162799739561437,1.066572152642809,-1.142555662155027,0.9841231756854657,0
1.2290218621294098,-1.1099901739376037,-1.179024470547907,-0.5089182297261964,1.1164682504182242,-1.177851894974348,0.8577891279455886,-0.3041918912684436,-0.005521280078902488,1.952452633199907,0.8085666669970842,-1.202081759191968,0.9841231756854657,0
0.7206745964472937,0.9009088760241706,-0.502969299721533,-0.5422243524841903,0.4405419421828948,0.9048055324001227,-0.8841543251310949,-1.461440576166749,-0.21028898138303903,-0.570312581972397,0.29255569570563505,0.7622794430270811,0.9841231756854657,0
0.890123685007999,-1.1099901739376037,1.5251962127575889,-0.5221838262727658,0.9474866733593919,0.9048055324001227,-0.8841543251310949,0.2744324511807092,-0.33784918875282943,-0.570312581972397,-0.22345527558581418,1.0003838311748445,0.9841231756854657,0
0.21232733076517762,0.9009088760241706,-0.502969299721533,-0.5018116601476771,0.4405419421828948,-1.177851894974348,1.0161476236798326,0.853056793629862,-1.6839450612603513,2.1817949254882985,0.5505611813513597,-0.8449251769703227,0.9841231756854657,0
0.38177641932588297,0.9009088760241706,-0.502969299721533,-0.507954894738886,0.4405419421828948,0.9048055324001227,-0.8841543251310949,0.2744324511807092,1.6628319584154578,-0.6849837281165926,0.8085666669970842,0.3455967637684949,-1.0161329645585022,0
-0.12657084635623306,0.9009088760241706,-0.502969299721533,-0.5060913942716297,-0.911310674287764,0.9048055324001227,-0.8841543251310949,0.853056793629862,-0.08944246913797492,-0.6849837281165926,0.8085666669970842,0.5440170872249644,-1.0161329645585022,0
1.2290218621294098,-1.1099901739376037,-1.179024470547907,-0.6225443810983,0.6095235192417271,0.9048055324001227,-0.8841543251310949,-0.3041918912684436,1.7836784706605218,-0.45564143582820127,1.066572152642809,-0.07108591549009124,-1.0161329645585022,1
1.0595727735687044,0.9009088760241706,-0.502969299721533,-0.6131479168778133,1.2854498274770565,0.9048055324001227,-0.8841543251310949,-0.8828162337175963,1.8273174889712391,-0.45564143582820127,-0.22345527558581418,1.258330251668255,-1.0161329645585022,1
0.38177641932588297,-1.1099901739376037,-0.502969299721533,-0.49468929819231655,0.6095235192417271,0.9048055324001227,-0.8841543251310949,-1.461440576166749,0.665848232393677,-0.6849837281165926,0.8085666669970842,1.0995939929030794,-1.0161329645585022,0
0.21232733076517762,0.9009088760241706,-0.502969299721533,-0.48440846086872524,0.6095235192417271,0.9048055324001227,-0.8841543251310949,0.853056793629862,0.001192415045823164,-0.6849837281165926,0.8085666669970842,-0.6465048535138531,0.9841231756854657,0
0.7206745964472937,0.9009088760241706,0.8491410419312149,-0.5055860382127129,-0.06640278899360229,-1.177851894974348,1.1269985706938033,1.4316811360790147,-1.173704231781191,2.411137217776689,0.5505611813513597,-0.9242933063529105,0.9841231756854657,0
0.21232733076517762,-1.1099901739376037,-1.179024470547907,-0.6033882279899802,0.10257878806523006,0.9048055324001227,-0.8841543251310949,-0.8828162337175963,0.8269769153870962,-0.45564143582820127,0.29255569570563505,0.028124246238143545,-1.0161329645585022,1
0.38177641932588297,-1.1099901739376037,0.8491410419312149,-0.6030092109457924,0.2715603651240624,0.9048055324001227,-0.8841543251310949,-1.461440576166749,0.8336906105118219,-0.45564143582820127,-0.22345527558581418,-2.075131182400434,-1.0161329645585022,1
0.7206745964472937,-1.1099901739376037,1.5251962127575889,-0.48444004562240756,0.7785050963005594,0.9048055324001227,-0.8841543251310949,0.2744324511807092,0.8336906105118219,-0.6849837281165926,0.5505611813513597,1.1194360252487263,0.9841231756854657,0
0.7206745964472937,-1.1099901739376037,0.8491410419312149,-0.4898884156326057,0.7785050963005594,0.9048055324001227,-0.8841543251310949,-0.8828162337175963,-0.34120603631519225,-0.6849837281165926,0.29255569570563505,-0.07108591549009124,0.9841231756854657,0
0.890123685007999,-1.1099901739376037,-1.179024470547907,-0.4902358479231111,1.2854498274770565,0.9048055324001227,-0.8841543251310949,-1.461440576166749,-1.0495008719737637,-0.6849837281165926,1.066572152642809,-1.6386064707962011,0.9841231756854657,0
0.890123685007999,0.9009088760241706,-1.179024470547907,-0.4906622420978222,0.9474866733593919,0.9048055324001227,-0.8841543251310949,1.4316811360790147,0.001192415045823164,-0.6849837281165926,0.29255569570563505,-1.5592383414136133,0.9841231756854657,0
0.21232733076517762,0.9009088760241706,-0.502969299721533,-0.48955677571894146,-0.404365943111267,0.9048055324001227,-0.8841543251310949,0.853056793629862,0.5114332445249834,-0.6849837281165926,1.066572152642809,-2.2140254088199627,-1.0161329645585022,0
0.7206745964472937,0.9009088760241706,0.8491410419312149,-0.48725108870013295,0.4405419421828948,0.9048055324001227,-0.8841543251310949,0.2744324511807092,0.9343960373827085,-0.6849837281165926,0.03455021005991044,-1.4997122443766724,0.9841231756854657,0
-0.12657084635623306,-1.1099901739376037,1.5251962127575889,-0.5029171265265578,-0.404365943111267,-1.177851894974348,-0.42491468750178746,-1.461440576166749,0.6255660616453219,0.003043148748581378,0.8085666669970842,0.9606997664835506,-1.0161329645585022,0
-0.12657084635623306,0.9009088760241706,-0.502969299721533,-0.5880064529466961,-0.23538436605243465,0.9048055324001227,-0.8841543251310949,1.4316811360790147,1.1861596045599256,-0.570312581972397,0.29255569570563505,0.4448069254967297,-1.0161329645585022,1
0.5512255078865883,0.9009088760241706,1.5251962127575889,-0.4647943288320119,1.1164682504182242,0.9048055324001227,-0.8841543251310949,1.4316811360790147,0.001192415045823164,-0.6849837281165926,0.29255569570563505,-2.7299182498067838,0.9841231756854657,0
0.5512255078865883,0.9009088760241706,-0.502969299721533,-0.46694209208240883,0.6095235192417271,0.9048055324001227,-0.8841543251310949,1.4316811360790147,-0.005521280078902488,-0.6849837281165926,0.5505611813513597,-0.17029607721832604,0.9841231756854657,0
0.5512255078865883,-1.1099901739376037,-0.502969299721533,-0.47562789934504357,0.7785050963005594,0.9048055324001227,-0.8841543251310949,0.2744324511807092,-0.33784918875282943,-0.6849837281165926,1.066572152642809,0.06780831092943747,0.9841231756854657,0
0.21232733076517762,-1.1099901739376037,0.8491410419312149,-0.5086971364504203,-0.23538436605243465,-1.177851894974348,-0.3932429883549387,0.2744324511807092,-0.901799579229796,0.1177142948927768,-0.22345527558581418,-1.4798702120310254,0.9841231756854657,0
-0.12657084635623306,-1.1099901739376037,1.5251962127575889,-0.617933007060683,-0.06640278899360229,-1.177851894974348,-0.09236184645987515,-0.8828162337175963,0.4980058542755321,0.9204123179021463,0.5505611813513597,0.6630692812988462,-1.0161329645585022,1
0.7206745964472937,-1.1099901739376037,-0.502969299721533,-0.4520340883443594,0.7785050963005594,0.9048055324001227,-0.8841543251310949,0.853056793629862,0.03811773823181484,-0.6849837281165926,-0.22345527558581418,-0.4282424977117365,-1.0161329645585022,0
0.890123685007999,0.9009088760241706,-0.502969299721533,-0.4467278497257316,0.9474866733593919,0.9048055324001227,-0.8841543251310949,0.853056793629862,-1.5496711587658354,-0.6849837281165926,0.8085666669970842,-0.03140185079879733,-1.0161329645585022,0
0.38177641932588297,0.9009088760241706,-1.179024470547907,-0.453329063245334,-0.06640278899360229,0.9048055324001227,-0.8841543251310949,-1.461440576166749,-1.0495008719737637,-0.6849837281165926,0.03455021005991044,-0.40840046536608954,0.9841231756854657,0
-0.12657084635623306,-1.1099901739376037,1.5251962127575889,-0.43518362225484797,0.10257878806523006,0.9048055324001227,-0.8841543251310949,-0.8828162337175963,1.7736079279734327,-0.6849837281165926,0.8085666669970842,0.305912699077201,0.9841231756854657,0
0.21232733076517762,0.9009088760241706,0.8491410419312149,-0.5053017754295721,0.6095235192417271,-1.177851894974348,-0.2507203421941191,-0.8828162337175963,0.2865244578466693,0.3470565871811683,0.03455021005991044,0.8416475724096689,0.9841231756854657,0
-0.12657084635623306,-1.1099901739376037,1.5251962127575889,-0.4992059179688866,-0.06640278899360229,-1.177851894974348,-0.3774071387815143,-0.8828162337175963,0.9343960373827085,0.1177142948927768,0.5505611813513597,0.5440170872249644,0.9841231756854657,0
-0.12657084635623306,-1.1099901739376037,-1.179024470547907,-0.5449248489240277,-0.06640278899360229,0.9048055324001227,-0.8841543251310949,-0.8828162337175963,2.102578989084997,-0.570312581972397,0.8085666669970842,-2.23386744116561,-1.0161329645585022,1
0.7206745964472937,-1.1099901739376037,0.17308587110484092,-0.3826739692580106,0.7785050963005594,0.9048055324001227,-0.8841543251310949,1.4316811360790147,-0.005521280078902488,-0.7996548742607882,0.8085666669970842,-1.2814498885745558,0.9841231756854657,0
0.0428782422044723,-1.1099901739376037,1.5251962127575889,-0.49814782872052926,-0.06640278899360229,0.9048055324001227,-0.8841543251310949,0.853056793629862,0.5382880250238866,-0.6849837281165926,1.066572152642809,0.5638591195706114,-1.0161329645585022,1
0.0428782422044723,-1.1099901739376037,-1.179024470547907,-0.49574738744067387,-0.23538436605243465,-1.177851894974348,0.22435514500861276,-0.8828162337175963,-1.2979075915886182,1.035083464046342,0.5505611813513597,-0.22982217425526694,-1.0161329645585022,0
0.21232733076517762,-1.1099901739376037,1.5251962127575889,-0.372361547180737,0.4405419421828948,0.9048055324001227,-0.8841543251310949,1.4316811360790147,-0.34120603631519225,-0.7996548742607882,0.8085666669970842,-0.38855843302044263,-1.0161329645585022,0
0.0428782422044723,0.9009088760241706,-0.502969299721533,-0.46414684138152457,0.10257878806523006,0.9048055324001227,-0.8841543251310949,0.853056793629862,2.562467105128714,-0.6849837281165926,0.5505611813513597,0.9011736694466097,-1.0161329645585022,1
0.21232733076517762,0.9009088760241706,-1.179024470547907,-0.5003113843477673,0.2715603651240624,-1.177851894974348,-0.7257958293968509,1.4316811360790147,-1.0964967378468442,-0.45564143582820127,0.5505611813513597,-0.8846092416616166,0.9841231756854657,0
0.890123685007999,0.9009088760241706,-0.502969299721533,-0.5008009480298432,0.7785050963005594,-1.177851894974348,-1.042512820865339,-0.8828162337175963,-1.2207000976542715,-0.9143260204049839,-0.22345527558581418,0.028124246238143545,-1.0161329645585022,0
0.38177641932588297,0.9009088760241706,-1.179024470547907,-0.49440503540917574,0.10257878806523006,-1.177851894974348,0.4420980766431982,1.4316811360790147,-0.21364582894540246,1.2644257563347332,0.8085666669970842,1.4964346398160184,-1.0161329645585022,0
0.38177641932588297,0.9009088760241706,-0.502969299721533,-0.3397344966269127,0.10257878806523006,0.9048055324001227,-0.8841543251310949,0.853056793629862,0.001192415045823164,-0.7996548742607882,-0.22345527558581418,-0.2893482712922078,-1.0161329645585022,0
0.890123685007999,-1.1099901739376037,0.8491410419312149,-0.3342545418630322,0.6095235192417271,0.9048055324001227,-0.8841543251310949,0.2744324511807092,1.223084927745918,-0.7996548742607882,-0.22345527558581418,-0.6465048535138531,-1.0161329645585022,0
0.21232733076517762,0.9009088760241706,-1.179024470547907,-0.4996638968972801,0.2715603651240624,-1.177851894974348,-0.6307807319563046,-0.8828162337175963,-0.11965409719924096,-0.2262991435398101,0.5505611813513597,0.8416475724096689,-1.0161329645585022,0
-0.12657084635623306,-1.1099901739376037,1.5251962127575889,-0.33883433114696687,-0.23538436605243465,0.9048055324001227,-0.8841543251310949,0.853056793629862,-0.4654093961226198,-0.7996548742607882,1.066572152642809,-0.686188918205147,0.9841231756854657,0
0.0428782422044723,0.9009088760241706,-1.179024470547907,-0.33242262614945833,-0.404365943111267,0.9048055324001227,-0.8841543251310949,0.2744324511807092,1.1223795008750308,-0.7996548742607882,0.5505611813513597,-0.32903233598350173,0.9841231756854657,0
1.0595727735687044,-1.1099901739376037,-1.179024470547907,-0.4976582650384535,0.4405419421828948,-1.177851894974348,-1.1375279183058853,0.853056793629862,-1.6705176710108995,-1.0289971665491795,0.8085666669970842,1.317856348705196,-1.0161329645585022,0
0.7206745964472937,0.9009088760241706,0.8491410419312149,-0.4891935510515949,0.2715603651240624,-1.177851894974348,-1.2800505644667048,-0.3041918912684436,1.6729025011025462,-1.2583394588375707,0.5505611813513597,-1.5393963090679663,0.9841231756854657,0
0.0428782422044723,-1.1099901739376037,-1.179024470547907,-0.3378394114059742,-0.5733475201700994,0.9048055324001227,-0.8841543251310949,-1.461440576166749,0.001192415045823164,-0.7996548742607882,0.29255569570563505,0.14717644031202531,-1.0161329645585022,0
1.0595727735687044,-1.1099901739376037,-1.179024470547907,-0.4945629591775873,0.4405419421828948,-1.177851894974348,-0.5674373336626071,1.4316811360790147,-1.6839450612603513,-0.2262991435398101,-0.22345527558581418,-0.46792656240303043,-1.0161329645585022,0
0.5512255078865883,0.9009088760241706,-0.502969299721533,-0.3379657504207034,0.2715603651240624,0.9048055324001227,-0.8841543251310949,0.2744324511807092,0.954537122756886,-0.7996548742607882,0.03455021005991044,-0.32903233598350173,0.9841231756854657,0
-0.12657084635623306,0.9009088760241706,-0.502969299721533,-0.49547891703437424,0.2715603651240624,0.21058638994196582,0.05016079970094441,-0.3041918912684436,-1.4993184453303918,0.6910700256137552,-0.22345527558581418,1.0599099282117854,0.9841231756854657,0
0.38177641932588297,-1.1099901739376037,-0.502969299721533,-0.494531374423905,0.6095235192417271,-1.177851894974348,-1.042512820865339,-1.461440576166749,-0.21028898138303903,-0.9143260204049839,1.066572152642809,-0.3488743683291487,0.9841231756854657,0
1.0595727735687044,-1.1099901739376037,1.5251962127575889,-0.3389290854080138,0.7785050963005594,0.9048055324001227,-0.8841543251310949,-0.8828162337175963,-1.0092187012254088,-0.7996548742607882,0.8085666669970842,0.4844909901880236,0.9841231756854657,0
0.890123685007999,-1.1099901739376037,-0.502969299721533,-0.43147241369717676,1.1164682504182242,0.9048055324001227,-0.8841543251310949,-0.8828162337175963,0.5785701957722418,-0.6849837281165926,0.29255569570563505,1.4765926074703717,-1.0161329645585022,1
-0.12657084635623306,-1.1099901739376037,1.5251962127575889,-0.31642494840936924,-0.911310674287764,0.9048055324001227,-0.8841543251310949,-1.461440576166749,-0.5661148229935064,-0.7996548742607882,0.8085666669970842,-0.30919030363785477,0.9841231756854657,0
-0.12657084635623306,-1.1099901739376037,-0.502969299721533,-0.3149562573631419,-0.5733475201700994,0.9048055324001227,-0.8841543251310949,0.2744324511807092,-0.1397951825734185,-0.7996548742607882,0.5505611813513597,1.1392780575943733,-1.0161329645585022,0
-0.12657084635623306,-1.1099901739376037,-1.179024470547907,-0.4961579892385439,-0.7423290972289317,-1.177851894974348,-0.7574675285436998,-1.461440576166749,-1.4254677989584081,-0.45564143582820127,0.8085666669970842,0.20670253734896618,0.9841231756854657,0
0.5512255078865883,-1.1099901739376037,-1.179024470547907,-0.2990059567535763,0.2715603651240624,0.9048055324001227,-0.8841543251310949,1.4316811360790147,-1.4724636648314886,-0.7996548742607882,0.5505611813513597,1.3773824457421369,0.9841231756854657,0
0.0428782422044723,0.9009088760241706,-0.502969299721533,-0.5019379991624062,-0.23538436605243465,-1.177851894974348,-0.7257958293968509,-1.461440576166749,0.5114332445249834,-0.45564143582820127,0.03455021005991044,-1.3012919209202027,0.9841231756854657,0
0.890123685007999,0.9009088760241706,-0.502969299721533,-0.4933469461608184,0.7785050963005594,-1.177851894974348,-1.042512820865339,0.853056793629862,-1.1166378232210217,-0.9143260204049839,0.29255569570563505,-0.8846092416616166,0.9841231756854657,0
0.0428782422044723,0.9009088760241706,-1.179024470547907,-0.29777415135996627,-0.06640278899360229,0.9048055324001227,-0.8841543251310949,-0.3041918912684436,-0.1397951825734185,-0.7996548742607882,1.066572152642809,0.286070666731554,-1.0161329645585022,0
0.38177641932588297,-1.1099901739376037,-0.502969299721533,-0.49961651976675664,0.6095235192417271,-1.177851894974348,-1.2919274516467731,-0.3041918912684436,-0.21364582894540246,-1.2583394588375707,-0.22345527558581418,-1.4997122443766724,0.9841231756854657,0
1.2290218621294098,0.9009088760241706,-1.179024470547907,-0.303585746037511,0.9474866733593919,0.9048055324001227,-0.8841543251310949,0.2744324511807092,0.7430557263280237,-0.7996548742607882,-0.22345527558581418,-0.26950623894656084,-1.0161329645585022,0
0.21232733076517762,0.9009088760241706,0.8491410419312149,-0.4109423238036764,0.6095235192417271,0.9048055324001227,-0.8841543251310949,-0.8828162337175963,0.4543668359648142,-0.7996548742607882,0.5505611813513597,0.10749237562073138,-1.0161329645585022,1
0.21232733076517762,0.9009088760241706,-0.502969299721533,-0.48763010574432064,0.7785050963005594,-1.177851894974348,0.22435514500861276,-0.8828162337175963,1.8407448792206904,0.9204123179021463,0.03455021005991044,-0.36871640067479566,0.9841231756854657,0
0.38177641932588297,0.9009088760241706,-0.502969299721533,-0.48685627927910413,0.4405419421828948,-1.177851894974348,-1.01084112171849,-1.461440576166749,-0.43855461562371656,-0.7996548742607882,0.29255569570563505,-0.32903233598350173,0.9841231756854657,0
0.0428782422044723,-1.1099901739376037,0.8491410419312149,-0.5993611718954858,-0.5733475201700994,-1.177851894974348,0.38271364074285674,0.853056793629862,0.001192415045823164,1.7231103409115156,0.5505611813513597,0.9210157017922567,-1.0161329645585022,1
0.5512255078865883,0.9009088760241706,-0.502969299721533,-0.2639468801662142,1.1164682504182242,0.9048055324001227,-0.8841543251310949,0.2744324511807092,-1.1804179269059165,-0.9143260204049839,-0.22345527558581418,0.26622863438590705,0.9841231756854657,0
0.0428782422044723,-1.1099901739376037,0.8491410419312149,-0.2629835451789038,0.6095235192417271,0.9048055324001227,-0.8841543251310949,-0.3041918912684436,-0.0860856215756121,-0.9143260204049839,0.5505611813513597,-1.182239726846321,0.9841231756854657,0
-0.12657084635623306,0.9009088760241706,-1.179024470547907,-0.24704903694617933,-0.06640278899360229,0.9048055324001227,-0.8841543251310949,1.4316811360790147,2.142861159833352,-0.9143260204049839,0.29255569570563505,0.5043330225336705,0.9841231756854657,0
-0.12657084635623306,0.9009088760241706,-1.179024470547907,-0.3495889397757928,0.2715603651240624,0.9048055324001227,-0.8841543251310949,-0.3041918912684436,1.451350561986595,-0.7996548742607882,1.066572152642809,0.46464895784237664,-1.0161329645585022,1
-0.12657084635623306,0.9009088760241706,0.8491410419312149,-0.33987662801848306,-0.23538436605243465,0.9048055324001227,-0.8841543251310949,-0.8828162337175963,-1.6705176710108995,-0.7996548742607882,0.03455021005991044,-0.8449251769703227,-1.0161329645585022,1
-0.12657084635623306,0.9009088760241706,-1.179024470547907,-0.21674346578800466,-0.23538436605243465,0.9048055324001227,-0.8841543251310949,-0.8828162337175963,-0.08944246913797492,-0.9143260204049839,-0.22345527558581418,-1.182239726846321,-1.0161329645585022,0
-0.12657084635623306,0.9009088760241706,-1.179024470547907,-0.2252555569053867,0.2715603651240624,0.9048055324001227,-0.8841543251310949,0.853056793629862,0.5382880250238866,-0.9143260204049839,0.03455021005991044,0.5837011519162584,0.9841231756854657,0
-0.12657084635623306,0.9009088760241706,-0.502969299721533,-0.3191254448492066,-0.06640278899360229,0.9048055324001227,-0.8841543251310949,-1.461440576166749,1.2096575374964662,-0.7996548742607882,0.03455021005991044,0.6432272489531993,-1.0161329645585022,1
0.21232733076517762,-1.1099901739376037,-1.179024470547907,-0.2033831149803883,0.2715603651240624,0.9048055324001227,-0.8841543251310949,-0.3041918912684436,-0.1397951825734185,-0.9143260204049839,1.066572152642809,0.4249648931510827,-1.0161329645585022,0
-0.12657084635623306,0.9009088760241706,-1.179024470547907,-0.20016147010479285,0.10257878806523006,0.9048055324001227,-0.8841543251310949,-0.8828162337175963,-1.4254677989584081,-0.9143260204049839,1.066572152642809,-0.8250831446246757,0.9841231756854657,0
0.38177641932588297,-1.1099901739376037,1.5251962127575889,-0.4884197245863784,0.6095235192417271,-1.177851894974348,0.06599664927436881,0.853056793629862,-0.0860856215756121,0.6910700256137552,0.5505611813513597,-1.0631875327724392,0.9841231756854657,0
0.5512255078865883,0.9009088760241706,0.8491410419312149,-0.48976207661787646,-0.06640278899360229,0.21058638994196582,-0.8841543251310949,-0.3041918912684436,1.1223795008750308,-0.6849837281165926,0.8085666669970842,-0.17029607721832604,0.9841231756854657,0
0.5512255078865883,0.9009088760241706,-0.502969299721533,-0.18868041214127385,0.4405419421828948,0.9048055324001227,-0.8841543251310949,-0.3041918912684436,-1.7510820125076092,-0.9143260204049839,0.8085666669970842,1.1392780575943733,-1.0161329645585022,0
0.0428782422044723,0.9009088760241706,0.8491410419312149,-0.1724300563717263,0.2715603651240624,0.9048055324001227,-0.8841543251310949,1.4316811360790147,-1.0495008719737637,-0.9143260204049839,0.8085666669970842,-1.3211339532658497,0.9841231756854657,0
0.38177641932588297,-1.1099901739376037,-0.502969299721533,-0.4900147546473349,0.6095235192417271,-1.177851894974348,0.06599664927436881,0.2744324511807092,0.5785701957722418,0.6910700256137552,0.03455021005991044,0.7424374106814341,0.9841231756854657,0
-0.12657084635623306,0.9009088760241706,-1.179024470547907,-0.14714646104903858,-0.23538436605243465,0.9048055324001227,-0.8841543251310949,-0.8828162337175963,-0.448625158310805,-0.9143260204049839,0.8085666669970842,-2.134657279437375,0.9841231756854657,0
0.7206745964472937,-1.1099901739376037,0.8491410419312149,-0.11666717374561121,0.9474866733593919,0.9048055324001227,-0.8841543251310949,-0.3041918912684436,-0.005521280078902488,-0.9143260204049839,1.066572152642809,0.7424374106814341,-1.0161329645585022,0
0.21232733076517762,-1.1099901739376037,-0.502969299721533,-0.11151885889539498,0.2715603651240624,0.9048055324001227,-0.8841543251310949,-0.3041918912684436,-1.0495008719737637,-1.0289971665491795,0.03455021005991044,-0.38855843302044263,0.9841231756854657,0
0.5512255078865883,-1.1099901739376037,1.5251962127575889,-0.4879775380348261,0.4405419421828948,-1.177851894974348,0.0026532509806712224,1.4316811360790147,0.0851136041048956,0.6910700256137552,0.29255569570563505,2.091695610185427,0.9841231756854657,0
0.21232733076517762,0.9009088760241706,-1.179024470547907,-0.1073496714093303,0.10257878806523006,0.9048055324001227,-0.8841543251310949,1.4316811360790147,-1.0495008719737637,-1.0289971665491795,-0.22345527558581418,-0.7655570475877348,0.9841231756854657,0
1.2290218621294098,0.9009088760241706,-1.179024470547907,-0.1085183072955757,0.9474866733593919,0.9048055324001227,-0.8841543251310949,-1.461440576166749,0.9981761410676039,-1.0289971665491795,0.29255569570563505,-1.3608180179571436,0.9841231756854657,0
0.21232733076517762,0.9009088760241706,0.8491410419312149,-0.6063414024592759,0.10257878806523006,-0.4836327525161911,-0.09236184645987515,-1.461440576166749,0.001192415045823164,0.9204123179021463,0.8085666669970842,0.8813316371009629,-1.0161329645585022,1
0.0428782422044723,0.9009088760241706,0.17308587110484092,-0.07600180337963944,-0.404365943111267,0.9048055324001227,-0.8841543251310949,-0.3041918912684436,-0.018948670328354386,-1.0289971665491795,0.5505611813513597,-0.6465048535138531,0.9841231756854657,0
1.2290218621294098,-1.1099901739376037,1.5251962127575889,-0.04774924121081479,1.7923945586535535,0.9048055324001227,-0.8841543251310949,1.4316811360790147,0.04483143335654109,-1.0289971665491795,0.5505611813513597,-0.30919030363785477,0.9841231756854657,0
-0.12657084635623306,0.9009088760241706,-1.179024470547907,-0.03993201467444352,0.10257878806523006,0.9048055324001227,-0.8841543251310949,0.853056793629862,-0.21364582894540246,-1.0289971665491795,0.8085666669970842,-0.3488743683291487,-1.0161329645585022,0
0.890123685007999,0.9009088760241706,1.5251962127575889,-0.1489625843857713,0.9474866733593919,0.9048055324001227,-0.8841543251310949,-0.3041918912684436,0.001192415045823164,-0.9143260204049839,0.29255569570563505,0.5440170872249644,-1.0161329645585022,1
-0.12657084635623306,-1.1099901739376037,0.8491410419312149,-0.035368017767349984,-0.23538436605243465,0.9048055324001227,-0.8841543251310949,0.853056793629862,-0.5896127559300467,-1.0289971665491795,-0.22345527558581418,-0.4282424977117365,0.9841231756854657,0
-0.12657084635623306,0.9009088760241706,0.8491410419312149,-0.02001782747774821,-0.23538436605243465,0.9048055324001227,-0.8841543251310949,0.853056793629862,-1.3482603050240614,-1.0289971665491795,-0.22345527558581418,0.2463866020402601,-1.0161329645585022,0
-0.12657084635623306,0.9009088760241706,1.5251962127575889,-0.01505902114962583,-0.23538436605243465,0.9048055324001227,-0.8841543251310949,-0.3041918912684436,-1.6839450612603513,-1.0289971665491795,-0.22345527558581418,0.38528082845978884,0.9841231756854657,0
0.21232733076517762,0.9009088760241706,-1.179024470547907,-0.013764046248651195,-0.06640278899360229,0.9048055324001227,-0.8841543251310949,1.4316811360790147,-1.0964967378468442,-1.0289971665491795,0.03455021005991044,-2.094973214746081,0.9841231756854657,0
0.890123685007999,-1.1099901739376037,1.5251962127575889,-0.01569071622327199,0.7785050963005594,0.9048055324001227,-0.8841543251310949,0.2744324511807092,0.6255660616453219,-1.0289971665491795,0.29255569570563505,1.5361187045073124,0.9841231756854657,0
0.0428782422044723,0.9009088760241706,1.5251962127575889,-0.49241519592719035,0.2715603651240624,-1.177851894974348,1.5228948100294133,0.853056793629862,-0.3680608168140954,2.869821802353472,0.8085666669970842,1.6353288662355472,-1.0161329645585022,0
0.38177641932588297,-1.1099901739376037,1.5251962127575889,-0.12715331196813753,0.10257878806523006,0.9048055324001227,-0.8841543251310949,0.853056793629862,-0.6936750303632967,-0.9143260204049839,0.29255569570563505,-1.7179746001787888,-1.0161329645585022,1
0.890123685007999,0.9009088760241706,-1.179024470547907,0.04379916733735544,1.1164682504182242,0.9048055324001227,-0.8841543251310949,-0.8828162337175963,-0.005521280078902488,-1.0289971665491795,1.066572152642809,1.5758027691986063,-1.0161329645585022,0
0.21232733076517762,-1.1099901739376037,-0.502969299721533,0.08198513453926602,-0.404365943111267,0.9048055324001227,-0.8841543251310949,0.853056793629862,-0.005521280078902488,-1.0289971665491795,-0.22345527558581418,-1.2417658238832618,0.9841231756854657,0
0.0428782422044723,-1.1099901739376037,0.8491410419312149,-0.6074468688381567,-0.23538436605243465,-1.177851894974348,0.06599664927436881,-0.8828162337175963,1.934736610966852,1.1497546101905376,0.29255569570563505,0.8416475724096689,-1.0161329645585022,1
0.21232733076517762,0.9009088760241706,-1.179024470547907,0.11934989814543659,0.6095235192417271,0.9048055324001227,-0.8841543251310949,-0.3041918912684436,2.6128198185641573,-1.0289971665491795,0.03455021005991044,0.5638591195706114,0.9841231756854657,0
0.7206745964472937,0.9009088760241706,-1.179024470547907,0.12115022910532815,0.7785050963005594,0.9048055324001227,-0.8841543251310949,-0.3041918912684436,-0.33784918875282943,-1.0289971665491795,0.03455021005991044,-0.36871640067479566,0.9841231756854657,0
0.5512255078865883,-1.1099901739376037,-0.502969299721533,0.12253995826734972,0.9474866733593919,0.9048055324001227,-0.8841543251310949,-0.8828162337175963,-0.34120603631519225,-1.0289971665491795,-0.22345527558581418,0.40512286080543575,-1.0161329645585022,0
-0.12657084635623306,0.9009088760241706,-0.502969299721533,-0.48726688107697413,-0.7423290972289317,-1.177851894974348,0.8063226168319593,-0.3041918912684436,0.5651428055227898,1.8377814870557112,1.066572152642809,0.286070666731554,0.9841231756854657,0
0.5512255078865883,0.9009088760241706,1.5251962127575889,0.17718158213774285,0.10257878806523006,0.9048055324001227,-0.8841543251310949,0.2744324511807092,0.8336906105118219,-1.143668312693375,0.5505611813513597,1.35754041339649,-1.0161329645585022,0
0.21232733076517762,0.9009088760241706,-0.502969299721533,0.18147710863853675,0.2715603651240624,0.9048055324001227,-0.8841543251310949,-1.461440576166749,-0.8447331706696268,-1.143668312693375,0.03455021005991044,-0.9639773710442044,0.9841231756854657,0
0.21232733076517762,0.9009088760241706,0.8491410419312149,0.1752707045399632,0.2715603651240624,0.9048055324001227,-0.8841543251310949,-0.3041918912684436,0.561785957960427,-1.143668312693375,-0.22345527558581418,-1.0631875327724392,-1.0161329645585022,0
0.38177641932588297,-1.1099901739376037,1.5251962127575889,-0.4877880295127322,0.6095235192417271,-1.177851894974348,-0.15570524475357272,-0.3041918912684436,-0.11965409719924096,0.4617277333253637,0.03455021005991044,-0.6465048535138531,0.9841231756854657,0
0.7206745964472937,-1.1099901739376037,0.17308587110484092,0.1805611507817498,0.9474866733593919,0.9048055324001227,-0.8841543251310949,-1.461440576166749,0.665848232393677,-1.143668312693375,0.29255569570563505,0.14717644031202531,0.9841231756854657,0
0.890123685007999,-1.1099901739376037,-0.502969299721533,0.2364977495531176,0.6095235192417271,0.9048055324001227,-0.8841543251310949,0.2744324511807092,-1.2979075915886182,-1.143668312693375,0.29255569570563505,-0.15045404487267908,0.9841231756854657,0
0.7206745964472937,-1.1099901739376037,0.8491410419312149,0.22855418400201707,0.9474866733593919,0.9048055324001227,-0.8841543251310949,0.2744324511807092,-0.37813135950118393,-1.143668312693375,0.03455021005991044,-1.2616078562289088,-1.0161329645585022,0
-0.12657084635623306,0.9009088760241706,-0.502969299721533,0.2659031552313465,-0.06640278899360229,0.9048055324001227,-0.8841543251310949,-1.461440576166749,0.5651428055227898,-1.143668312693375,0.5505611813513597,0.821805540064022,0.9841231756854657,0
0.0428782422044723,0.9009088760241706,-1.179024470547907,-0.5998823203312439,-0.06640278899360229,-1.177851894974348,-0.2507203421941191,0.2744324511807092,0.5651428055227898,0.5763988794695595,0.8085666669970842,-1.8568688265983175,-1.0161329645585022,1
0.21232733076517762,0.9009088760241706,-0.502969299721533,-0.6032618889752509,0.2715603651240624,-1.177851894974348,0.0976683484212176,0.2744324511807092,2.102578989084997,1.1497546101905376,-0.22345527558581418,1.1789621222856672,-1.0161329645585022,1
0.7206745964472937,-1.1099901739376037,-0.502969299721533,0.30950590768977293,0.4405419421828948,0.9048055324001227,-0.8841543251310949,0.2744324511807092,-0.3680608168140954,-1.143668312693375,0.8085666669970842,-0.22982217425526694,0.9841231756854657,0
0.890123685007999,0.9009088760241706,-1.179024470547907,0.3558249489648779,0.7785050963005594,0.9048055324001227,-0.8841543251310949,-0.8828162337175963,-0.811164695045998,-1.143668312693375,0.03455021005991044,-0.09092794783573821,0.9841231756854657,0
-0.12657084635623306,-1.1099901739376037,0.17308587110484092,0.387409702647186,-0.06640278899360229,0.9048055324001227,-0.8841543251310949,-0.3041918912684436,1.0015329886299666,-1.143668312693375,0.5505611813513597,0.8416475724096689,-1.0161329645585022,0
-0.12657084635623306,0.9009088760241706,0.8491410419312149,-0.6022985539879405,-0.06640278899360229,-1.177851894974348,-0.11215665842665565,-0.3041918912684436,-0.11965409719924096,0.8057411717579506,0.8085666669970842,-0.686188918205147,-1.0161329645585022,1
0.0428782422044723,0.9009088760241706,-1.179024470547907,0.4590281316218198,0.4405419421828948,0.9048055324001227,-0.8841543251310949,1.4316811360790147,0.8336906105118219,-1.143668312693375,0.5505611813513597,0.14717644031202531,0.9841231756854657,0
0.5512255078865883,-1.1099901739376037,-1.179024470547907,-0.4918940474914323,1.2854498274770565,-1.177851894974348,-0.7851802652971924,-1.461440576166749,0.4745079213389917,-0.570312581972397,-0.22345527558581418,-3.1862849937566637,0.9841231756854657,0
0.5512255078865883,-1.1099901739376037,0.17308587110484092,0.4827166968835509,0.4405419421828948,0.9048055324001227,-0.8841543251310949,-0.8828162337175963,-1.1233515183457474,-1.143668312693375,0.03455021005991044,0.06780831092943747,0.9841231756854657,0
0.7206745964472937,0.9009088760241706,-0.502969299721533,0.5521241931004232,1.2854498274770565,0.9048055324001227,-0.8841543251310949,-0.3041918912684436,-1.1804179269059165,-1.2583394588375707,0.5505611813513597,1.0400678958661385,0.9841231756854657,0
0.38177641932588297,0.9009088760241706,-0.502969299721533,0.5720225879202773,0.4405419421828948,0.9048055324001227,-0.8841543251310949,1.4316811360790147,-0.0860856215756121,-1.2583394588375707,-0.22345527558581418,1.0202258635204915,0.9841231756854657,0
0.21232733076517762,-1.1099901739376037,-1.179024470547907,0.6474785644673114,-0.06640278899360229,0.9048055324001227,-0.8841543251310949,-0.3041918912684436,0.001192415045823164,-1.2583394588375707,0.29255569570563505,-0.32903233598350173,0.9841231756854657,0
0.5512255078865883,0.9009088760241706,1.5251962127575889,-0.48707737255488026,0.9474866733593919,-1.177851894974348,0.6994306322113446,-0.3041918912684436,-1.6705176710108995,1.7231103409115156,0.29255569570563505,0.46464895784237664,-1.0161329645585022,0
-0.12657084635623306,-1.1099901739376037,1.5251962127575889,0.2580701363181341,-0.23538436605243465,0.9048055324001227,-0.8841543251310949,0.2744324511807092,1.159304824061023,-1.143668312693375,0.8085666669970842,-0.9242933063529105,-1.0161329645585022,1
0.38177641932588297,-1.1099901739376037,-0.502969299721533,-0.4867615250180572,0.10257878806523006,-1.177851894974348,-1.042512820865339,-1.461440576166749,0.23617174441122635,-0.9143260204049839,0.29255569570563505,0.305912699077201,-1.0161329645585022,0
0.7206745964472937,-1.1099901739376037,0.8491410419312149,0.7800239832951177,1.1164682504182242,0.9048055324001227,-0.8841543251310949,0.2744324511807092,0.9981761410676039,-1.2583394588375707,0.29255569570563505,0.5241750548793175,-1.0161329645585022,0
0.7206745964472937,0.9009088760241706,-0.502969299721533,0.5721489269350065,0.10257878806523006,0.9048055324001227,-0.8841543251310949,-1.461440576166749,2.3241309282009484,-1.2583394588375707,0.8085666669970842,-0.20998014190961997,-1.0161329645585022,1
0.0428782422044723,-1.1099901739376037,-1.179024470547907,0.6170150695407253,0.10257878806523006,0.9048055324001227,-0.8841543251310949,-0.8828162337175963,-1.173704231781191,-1.2583394588375707,0.29255569570563505,-0.20998014190961997,-1.0161329645585022,1
0.0428782422044723,-1.1099901739376037,-1.179024470547907,0.8407140874956729,0.2715603651240624,0.9048055324001227,-0.8841543251310949,-1.461440576166749,0.3939435798422821,-1.2583394588375707,0.8085666669970842,-0.6266628211682062,0.9841231756854657,0
0.7206745964472937,0.9009088760241706,1.5251962127575889,0.9282986094567134,0.2715603651240624,0.9048055324001227,-0.8841543251310949,-0.8828162337175963,0.5651428055227898,-1.2583394588375707,1.066572152642809,1.0599099282117854,-1.0161329645585022,0
0.0428782422044723,0.9009088760241706,1.5251962127575889,1.1282301002657242,-0.23538436605243465,0.9048055324001227,-0.8841543251310949,-1.461440576166749,0.7866947446387411,-1.2583394588375707,-0.22345527558581418,0.821805540064022,-1.0161329645585022,0
0.0428782422044723,0.9009088760241706,1.5251962127575889,1.3105530908968481,0.10257878806523006,0.9048055324001227,-0.8841543251310949,1.4316811360790147,0.4745079213389917,-1.3730106049817663,-0.22345527558581418,1.0202258635204915,-1.0161329645585022,0
-0.12657084635623306,-1.1099901739376037,-1.179024470547907,1.3703272372406163,-0.06640278899360229,0.9048055324001227,-0.8841543251310949,-1.461440576166749,0.23617174441122635,-1.3730106049817663,1.066572152642809,0.4844909901880236,-1.0161329645585022,1
0.21232733076517762,-1.1099901739376037,-1.179024470547907,-0.48505594831921256,0.10257878806523006,-1.177851894974348,0.16497070910827127,-0.8828162337175963,-1.4724636648314886,0.9204123179021463,-0.22345527558581418,-1.5989224061049072,0.9841231756854657,0
0.38177641932588297,0.9009088760241706,-1.179024470547907,-0.6023775158721463,0.6095235192417271,-1.177851894974348,0.38271364074285674,0.853056793629862,0.001192415045823164,1.7231103409115156,1.066572152642809,0.7424374106814341,-1.0161329645585022,1
0.0428782422044723,0.9009088760241706,-1.179024470547907,-0.8506810569456119,0.7785050963005594,0.9048055324001227,-0.8524826259842462,0.853056793629862,1.4110683912382405,0.23238544103697253,1.066572152642809,0.4249648931510827,-1.0161329645585022,1
0.5512255078865883,0.9009088760241706,0.8491410419312149,-0.7536369012567201,0.6095235192417271,0.9048055324001227,-0.8524826259842462,0.853056793629862,0.001192415045823164,-0.11162799739561437,0.8085666669970842,-0.6663468858595001,0.9841231756854657,0
0.0428782422044723,0.9009088760241706,-0.502969299721533,-0.6968633065127712,0.2715603651240624,0.9048055324001227,-0.8524826259842462,0.2744324511807092,-1.173704231781191,-0.2262991435398101,-0.22345527558581418,0.32575473142284794,-1.0161329645585022,0
0.5512255078865883,0.9009088760241706,1.5251962127575889,-0.4884039322095372,0.9474866733593919,0.21058638994196582,-1.1691996174527342,-0.8828162337175963,0.001192415045823164,-1.143668312693375,0.29255569570563505,1.5956448015442533,-1.0161329645585022,0
-0.12657084635623306,0.9009088760241706,0.8491410419312149,-0.8645467638121452,-0.23538436605243465,0.9048055324001227,-0.8287288516241096,-1.461440576166749,1.7736079279734327,0.3470565871811683,0.29255569570563505,-1.9362369559809054,-1.0161329645585022,1
0.0428782422044723,0.9009088760241706,1.5251962127575889,-0.48646146985807526,-0.06640278899360229,-1.177851894974348,-1.1375279183058853,1.4316811360790147,0.8336906105118219,-1.0289971665491795,1.066572152642809,0.9606997664835506,-1.0161329645585022,0
0.21232733076517762,0.9009088760241706,0.8491410419312149,0.07789490893740711,-0.06640278899360229,0.9048055324001227,-0.8287288516241096,0.853056793629862,0.001192415045823164,-1.0289971665491795,0.5505611813513597,0.26622863438590705,0.9841231756854657,0
1.2290218621294098,0.9009088760241706,-1.179024470547907,0.22967544275773902,0.9474866733593919,0.9048055324001227,-0.8287288516241096,0.853056793629862,1.4312094766124175,-1.0289971665491795,0.03455021005991044,0.3654387961141419,-1.0161329645585022,1
0.7206745964472937,0.9009088760241706,-1.179024470547907,-0.440110843829288,0.2715603651240624,0.9048055324001227,-0.8247698892307535,0.853056793629862,0.4107278176540969,-0.6849837281165926,-0.22345527558581418,-1.5393963090679663,0.9841231756854657,0
-0.12657084635623306,-1.1099901739376037,1.5251962127575889,0.5733649399517754,-0.911310674287764,0.9048055324001227,-0.8247698892307535,-1.461440576166749,-0.7138161157374736,-1.143668312693375,0.29255569570563505,0.22654456969461315,0.9841231756854657,0
1.2290218621294098,0.9009088760241706,0.8491410419312149,1.212150790799617,1.6234129815947211,0.9048055324001227,-0.8247698892307535,1.4316811360790147,0.001192415045823164,-1.2583394588375707,0.29255569570563505,-0.32903233598350173,-1.0161329645585022,0
0.21232733076517762,-1.1099901739376037,1.5251962127575889,-0.8668366584541125,0.4405419421828948,0.9048055324001227,-0.8208109268373974,0.2744324511807092,0.9780350556934264,0.4617277333253637,0.29255569570563505,0.6432272489531993,-1.0161329645585022,0
0.5512255078865883,0.9009088760241706,-1.179024470547907,-0.7865640069705263,-0.06640278899360229,0.9048055324001227,-0.8208109268373974,1.4316811360790147,1.5486991412951188,0.1177142948927768,0.5505611813513597,0.9408577341379036,-1.0161329645585022,1
0.0428782422044723,-1.1099901739376037,-0.502969299721533,-0.4841084057087433,0.10257878806523006,-1.177851894974348,0.8577891279455886,-0.3041918912684436,-1.6839450612603513,1.8377814870557112,0.8085666669970842,0.801963507718375,0.9841231756854657,0
0.5512255078865883,-1.1099901739376037,-1.179024470547907,-0.6762858394887473,0.10257878806523006,0.9048055324001227,-0.8208109268373974,1.4316811360790147,1.5486991412951188,-0.2262991435398101,0.5505611813513597,1.3773824457421369,-1.0161329645585022,0
0.38177641932588297,0.9009088760241706,-0.502969299721533,-0.48849868647058414,0.7785050963005594,-1.177851894974348,0.0026532509806712224,-0.3041918912684436,-0.8447331706696268,0.6910700256137552,1.066572152642809,0.7027533459901402,-1.0161329645585022,0
0.21232733076517762,-1.1099901739376037,-1.179024470547907,-0.6804550269748121,0.10257878806523006,0.9048055324001227,-0.8208109268373974,0.2744324511807092,0.16232109803924238,-0.2262991435398101,0.03455021005991044,0.3654387961141419,0.9841231756854657,0
0.890123685007999,0.9009088760241706,-0.502969299721533,-0.5342649945562487,1.1164682504182242,0.9048055324001227,-0.8208109268373974,0.853056793629862,0.23617174441122635,-0.45564143582820127,1.066572152642809,0.4844909901880236,0.9841231756854657,0
0.7206745964472937,-1.1099901739376037,1.5251962127575889,-0.2563191621519368,1.1164682504182242,0.9048055324001227,-0.8208109268373974,0.853056793629862,0.001192415045823164,-0.7996548742607882,-0.22345527558581418,1.5162766721616654,-1.0161329645585022,0
0.21232733076517762,0.9009088760241706,-0.502969299721533,-0.48955677571894146,0.10257878806523006,-1.177851894974348,-1.2958864140401292,1.4316811360790147,-1.6839450612603513,-1.2583394588375707,0.8085666669970842,0.6630692812988462,-1.0161329645585022,0
0.38177641932588297,-1.1099901739376037,-0.502969299721533,-0.2217812340003328,0.9474866733593919,0.9048055324001227,-0.8168519644440413,0.853056793629862,2.17642963545698,-0.7996548742607882,0.8085666669970842,-1.102871597463733,0.9841231756854657,0
0.0428782422044723,0.9009088760241706,-1.179024470547907,-0.48371359628771443,-0.06640278899360229,-1.177851894974348,0.25602684415546156,-0.3041918912684436,-1.8752853723150364,1.035083464046342,0.8085666669970842,0.6233852166075523,0.9841231756854657,0
0.21232733076517762,0.9009088760241706,1.5251962127575889,-0.4921151407672084,-0.06640278899360229,-1.177851894974348,-0.7257958293968509,1.4316811360790147,-1.3482603050240614,-0.45564143582820127,0.8085666669970842,0.8813316371009629,0.9841231756854657,0
0.7206745964472937,-1.1099901739376037,0.8491410419312149,-0.480997307471036,0.9474866733593919,-1.177851894974348,-0.09236184645987515,-0.8828162337175963,-0.1397951825734185,0.4617277333253637,0.29255569570563505,0.3455967637684949,0.9841231756854657,0
0.0428782422044723,0.9009088760241706,0.8491410419312149,-0.48421895234663137,0.10257878806523006,0.21058638994196582,-0.9474977234247925,-0.8828162337175963,-1.3482603050240614,-0.7996548742607882,1.066572152642809,0.9408577341379036,-1.0161329645585022,0
0.21232733076517762,0.9009088760241706,-0.502969299721533,-0.992528185732858,0.2715603651240624,0.9048055324001227,-0.808934039657329,1.4316811360790147,1.9750187817152072,1.379096902478929,0.8085666669970842,1.2186461869769611,-1.0161329645585022,1
0.0428782422044723,0.9009088760241706,-1.179024470547907,-0.41560107497181686,-0.23538436605243465,0.9048055324001227,-0.808934039657329,-0.8828162337175963,1.4312094766124175,-0.6849837281165926,0.5505611813513597,1.0003838311748445,0.9841231756854657,0
0.21232733076517762,-1.1099901739376037,-1.179024470547907,-1.0253921219392996,0.10257878806523006,0.9048055324001227,-0.804975077263973,-0.8828162337175963,1.357358830240434,1.8377814870557112,0.8085666669970842,0.6233852166075523,-1.0161329645585022,1
-0.12657084635623306,0.9009088760241706,-0.502969299721533,-0.48914617392107146,-0.5733475201700994,-1.177851894974348,-0.8524826259842462,-0.3041918912684436,-1.6839450612603513,-0.570312581972397,-0.22345527558581418,-1.0830295651180861,0.9841231756854657,0
0.890123685007999,0.9009088760241706,0.8491410419312149,-0.48668256313385144,1.1164682504182242,-1.177851894974348,-1.01084112171849,0.853056793629862,-1.8752853723150364,-0.7996548742607882,0.5505611813513597,0.14717644031202531,-1.0161329645585022,0
0.7206745964472937,0.9009088760241706,1.5251962127575889,-0.600308714505955,0.9474866733593919,-1.177851894974348,-0.3298995900612411,-0.3041918912684436,-1.6839450612603513,0.4617277333253637,0.29255569570563505,0.7225953783357871,-1.0161329645585022,1
0.0428782422044723,-1.1099901739376037,-0.502969299721533,-0.4878511990200968,-0.06640278899360229,-1.177851894974348,-0.7257958293968509,1.4316811360790147,0.001192415045823164,-0.45564143582820127,1.066572152642809,1.2186461869769611,-1.0161329645585022,0
0.7206745964472937,0.9009088760241706,1.5251962127575889,-0.48853027122426645,0.10257878806523006,-1.177851894974348,1.0161476236798326,-1.461440576166749,-1.6839450612603513,2.1817949254882985,1.066572152642809,0.782121475372728,0.9841231756854657,0
0.890123685007999,-1.1099901739376037,0.8491410419312149,-0.4881986313106022,1.1164682504182242,-1.177851894974348,-0.5674373336626071,0.853056793629862,0.561785957960427,-0.2262991435398101,0.8085666669970842,-1.102871597463733,0.9841231756854657,0
0.0428782422044723,0.9009088760241706,-1.179024470547907,-0.48815125418007876,-0.5733475201700994,-1.177851894974348,0.06599664927436881,0.2744324511807092,-1.2475548781531747,0.6910700256137552,1.066572152642809,-0.09092794783573821,0.9841231756854657,0
1.0595727735687044,0.9009088760241706,-0.502969299721533,-0.8765963473419458,1.2854498274770565,0.9048055324001227,-0.804975077263973,0.853056793629862,-0.1397951825734185,0.4617277333253637,0.8085666669970842,1.0599099282117854,-1.0161329645585022,1
1.0595727735687044,-1.1099901739376037,-1.179024470547907,-0.49574738744067387,0.9474866733593919,0.21058638994196582,-1.2008713165995828,-0.8828162337175963,-0.08944246913797492,-1.143668312693375,0.03455021005991044,0.08765034327508442,-1.0161329645585022,0
1.2290218621294098,0.9009088760241706,-0.502969299721533,-0.48701420304751564,0.6095235192417271,0.21058638994196582,-0.2507203421941191,1.4316811360790147,-1.1233515183457474,0.23238544103697253,0.03455021005991044,0.9606997664835506,0.9841231756854657,0
1.0595727735687044,-1.1099901739376037,-0.502969299721533,-0.49074120398202803,0.9474866733593919,-1.177851894974348,-0.5674373336626071,1.4316811360790147,-1.2475548781531747,-0.2262991435398101,0.29255569570563505,1.1988041546313142,-1.0161329645585022,0
-0.12657084635623306,0.9009088760241706,-1.179024470547907,-0.48382414292560255,-0.23538436605243465,-1.177851894974348,-0.8841543251310949,-1.461440576166749,-1.7510820125076092,-0.6849837281165926,-0.22345527558581418,-1.9957630530178463,0.9841231756854657,0
0.7206745964472937,0.9009088760241706,-1.179024470547907,-0.737749770154519,0.6095235192417271,0.9048055324001227,-0.804975077263973,-0.8828162337175963,0.7061304031420315,0.003043148748581378,-0.22345527558581418,-0.051243883144444294,0.9841231756854657,0
0.21232733076517762,0.9009088760241706,1.5251962127575889,-0.7028644097124097,0.4405419421828948,0.9048055324001227,-0.804975077263973,0.853056793629862,-1.0495008719737637,-0.11162799739561437,-0.22345527558581418,0.9805417988291976,-1.0161329645585022,0
0.0428782422044723,0.9009088760241706,-0.502969299721533,-0.6878616517133133,0.10257878806523006,0.9048055324001227,-0.804975077263973,-0.8828162337175963,1.0418151593783211,-0.2262991435398101,0.29255569570563505,-0.8449251769703227,-1.0161329645585022,0
-0.12657084635623306,-1.1099901739376037,0.8491410419312149,-0.6796338233790721,-0.404365943111267,0.9048055324001227,-0.804975077263973,0.2744324511807092,1.223084927745918,-0.2262991435398101,0.8085666669970842,1.1194360252487263,-1.0161329645585022,0
0.38177641932588297,-1.1099901739376037,1.5251962127575889,-0.6712796560301015,0.4405419421828948,0.9048055324001227,-0.804975077263973,-0.8828162337175963,0.9780350556934264,-0.2262991435398101,0.5505611813513597,0.782121475372728,0.9841231756854657,0
1.2290218621294098,-1.1099901739376037,1.5251962127575889,-0.6678053331250476,1.6234129815947211,0.9048055324001227,-0.804975077263973,0.2744324511807092,0.7430557263280237,-0.2262991435398101,1.066572152642809,0.4448069254967297,-1.0161329645585022,0
1.0595727735687044,-1.1099901739376037,-1.179024470547907,-0.6418584579750315,1.2854498274770565,0.9048055324001227,-0.804975077263973,0.2744324511807092,-1.4724636648314886,-0.34097028968400567,0.03455021005991044,-0.9044512740072636,0.9841231756854657,0
0.5512255078865883,-1.1099901739376037,-0.502969299721533,-0.6355415072385698,-0.23538436605243465,0.9048055324001227,-0.804975077263973,-0.3041918912684436,0.04483143335654109,-0.34097028968400567,0.8085666669970842,0.4249648931510827,-1.0161329645585022,1
0.0428782422044723,-1.1099901739376037,-1.179024470547907,-0.6266346067001589,-0.06640278899360229,0.9048055324001227,-0.804975077263973,0.2744324511807092,-1.2979075915886182,-0.34097028968400567,0.5505611813513597,0.9606997664835506,-1.0161329645585022,0
1.0595727735687044,0.9009088760241706,-1.179024470547907,-0.6229076057656465,0.4405419421828948,0.9048055324001227,-0.804975077263973,-1.461440576166749,0.001192415045823164,-0.34097028968400567,0.8085666669970842,-0.5869787564769122,0.9841231756854657,0
-0.12657084635623306,0.9009088760241706,-0.502969299721533,-0.5800628873955955,-0.23538436605243465,0.9048055324001227,-0.804975077263973,1.4316811360790147,-1.1233515183457474,-0.45564143582820127,0.29255569570563505,1.5361187045073124,0.9841231756854657,0
0.38177641932588297,0.9009088760241706,-0.502969299721533,-0.5578903903106152,0.4405419421828948,0.9048055324001227,-0.804975077263973,-1.461440576166749,0.8336906105118219,-0.45564143582820127,0.03455021005991044,0.12733440796637835,0.9841231756854657,0
0.5512255078865883,0.9009088760241706,1.5251962127575889,-0.570776969812997,0.2715603651240624,0.9048055324001227,-0.804975077263973,-0.8828162337175963,-0.34120603631519225,-0.45564143582820127,1.066572152642809,0.9805417988291976,-1.0161329645585022,0
-0.12657084635623306,-1.1099901739376037,-1.179024470547907,-0.5669236298637553,-0.5733475201700994,0.9048055324001227,-0.804975077263973,1.4316811360790147,-1.1804179269059165,-0.45564143582820127,-0.22345527558581418,-2.8886545085719595,0.9841231756854657,0
0.0428782422044723,-1.1099901739376037,-1.179024470547907,-0.5397765340738114,0.2715603651240624,0.9048055324001227,-0.804975077263973,1.4316811360790147,0.03476089066945202,-0.45564143582820127,0.03455021005991044,0.5440170872249644,0.9841231756854657,0
0.5512255078865883,0.9009088760241706,0.8491410419312149,-0.48725108870013295,0.4405419421828948,-1.177851894974348,0.22435514500861276,-0.3041918912684436,-0.34120603631519225,0.9204123179021463,0.5505611813513597,-0.46792656240303043,-1.0161329645585022,0
0.0428782422044723,-1.1099901739376037,-1.179024470547907,-0.6042568087162435,0.10257878806523006,-1.177851894974348,-0.9316618738513681,-0.3041918912684436,-1.3751150855229646,-0.570312581972397,0.5505611813513597,0.16701847265767225,-1.0161329645585022,1
0.7206745964472937,0.9009088760241706,0.8491410419312149,-0.508570797435691,0.7785050963005594,0.9048055324001227,-0.804975077263973,0.2744324511807092,-0.3680608168140954,-0.570312581972397,0.29255569570563505,-1.3409759856114967,0.9841231756854657,0
1.2290218621294098,0.9009088760241706,-1.179024470547907,-0.5051122669074782,0.7785050963005594,0.9048055324001227,-0.804975077263973,-1.461440576166749,-1.4724636648314886,-0.570312581972397,0.03455021005991044,0.7027533459901402,-1.0161329645585022,0
0.0428782422044723,-1.1099901739376037,0.8491410419312149,-0.49366279369764154,-0.06640278899360229,0.9048055324001227,-0.804975077263973,1.4316811360790147,-0.25392799969375696,-0.570312581972397,1.066572152642809,-0.32903233598350173,-1.0161329645585022,0
0.38177641932588297,-1.1099901739376037,-0.502969299721533,-0.48478747791291293,-0.06640278899360229,0.9048055324001227,-0.804975077263973,1.4316811360790147,1.092167872813765,-0.570312581972397,0.03455021005991044,1.0995939929030794,-1.0161329645585022,0
0.890123685007999,0.9009088760241706,0.8491410419312149,-0.489304097689483,1.4544314045358888,0.21058638994196582,0.6994306322113446,0.2744324511807092,-1.3751150855229646,1.7231103409115156,0.5505611813513597,-0.15045404487267908,-1.0161329645585022,0
0.21232733076517762,-1.1099901739376037,0.8491410419312149,-0.4593143740681314,0.4405419421828948,0.9048055324001227,-0.804975077263973,-0.8828162337175963,0.001192415045823164,-0.570312581972397,0.03455021005991044,-1.7775006972157297,0.9841231756854657,0
0.21232733076517762,-1.1099901739376037,0.8491410419312149,-0.4925415349419196,-0.404365943111267,0.21058638994196582,-0.7257958293968509,0.2744324511807092,-1.8752853723150364,-0.45564143582820127,1.066572152642809,-0.7457150152420878,0.9841231756854657,0
0.0428782422044723,0.9009088760241706,-1.179024470547907,-0.6020774607121643,-0.404365943111267,-1.177851894974348,-1.121692068732461,-0.3041918912684436,0.4107278176540969,-0.9143260204049839,0.8085666669970842,-0.09092794783573821,-1.0161329645585022,1
0.0428782422044723,0.9009088760241706,-0.502969299721533,-0.5019379991624062,-0.23538436605243465,0.9048055324001227,-0.804975077263973,-0.8828162337175963,0.8336906105118219,-0.570312581972397,0.8085666669970842,0.14717644031202531,-1.0161329645585022,1
0.5512255078865883,-1.1099901739376037,1.5251962127575889,-0.3583852936763156,0.6095235192417271,0.9048055324001227,-0.804975077263973,-1.461440576166749,0.007906110170548816,-0.6849837281165926,0.29255569570563505,1.6750129309268411,0.9841231756854657,0
0.890123685007999,0.9009088760241706,1.5251962127575889,-0.3460988244938978,0.9474866733593919,0.9048055324001227,-0.804975077263973,0.853056793629862,1.5352717510456675,-0.6849837281165926,-0.22345527558581418,0.20670253734896618,0.9841231756854657,0
0.5512255078865883,-1.1099901739376037,0.8491410419312149,-0.34597248547916853,0.6095235192417271,0.9048055324001227,-0.804975077263973,0.2744324511807092,-0.21700267650776528,-0.6849837281165926,-0.22345527558581418,-1.2219237915376149,-1.0161329645585022,0
0.0428782422044723,-1.1099901739376037,-1.179024470547907,-0.3354863472566422,-0.06640278899360229,0.9048055324001227,-0.804975077263973,0.853056793629862,0.23617174441122635,-0.6849837281165926,0.29255569570563505,0.6035431842619053,-1.0161329645585022,0
0.0428782422044723,-1.1099901739376037,0.8491410419312149,-0.6080469791581206,-0.404365943111267,-1.177851894974348,-0.963333572998217,0.2744324511807092,1.5352717510456675,-0.6849837281165926,0.03455021005991044,1.0599099282117854,-1.0161329645585022,1
-0.12657084635623306,-1.1099901739376037,1.5251962127575889,-0.4262609293395959,0.10257878806523006,0.9048055324001227,-0.804975077263973,-1.461440576166749,1.6997572816014495,-0.570312581972397,-0.22345527558581418,1.1988041546313142,-1.0161329645585022,1
0.5512255078865883,-1.1099901739376037,0.8491410419312149,-0.29589485851586894,-0.23538436605243465,0.9048055324001227,-0.804975077263973,0.853056793629862,-0.34120603631519225,-0.7996548742607882,-0.22345527558581418,0.5638591195706114,0.9841231756854657,0
0.38177641932588297,0.9009088760241706,-0.502969299721533,-0.3031593518627998,-0.06640278899360229,0.9048055324001227,-0.804975077263973,1.4316811360790147,0.7061304031420315,-0.7996548742607882,0.29255569570563505,-1.7378166325244357,0.9841231756854657,0
1.0595727735687044,0.9009088760241706,-1.179024470547907,-0.4043569026609152,1.4544314045358888,0.9048055324001227,-0.804975077263973,-0.8828162337175963,1.6829730437896346,-0.6849837281165926,0.8085666669970842,0.5440170872249644,-1.0161329645585022,1
1.0595727735687044,-1.1099901739376037,-0.502969299721533,-0.3920704334784973,0.7785050963005594,0.9048055324001227,-0.804975077263973,0.853056793629862,1.995159867089384,-0.6849837281165926,1.066572152642809,1.4170665104334308,-1.0161329645585022,1
0.38177641932588297,0.9009088760241706,-0.502969299721533,-0.27242738652991394,0.2715603651240624,0.9048055324001227,-0.804975077263973,-0.3041918912684436,-1.5496711587658354,-0.7996548742607882,0.29255569570563505,0.40512286080543575,-1.0161329645585022,0
0.21232733076517762,-1.1099901739376037,1.5251962127575889,-0.25827741688023986,0.4405419421828948,0.9048055324001227,-0.804975077263973,0.853056793629862,-0.3680608168140954,-0.7996548742607882,1.066572152642809,-0.46792656240303043,0.9841231756854657,0
-0.12657084635623306,-1.1099901739376037,-1.179024470547907,-0.48480327028975406,-0.5733475201700994,-1.177851894974348,-0.2507203421941191,-0.3041918912684436,1.2465828606824585,0.23238544103697253,0.8085666669970842,0.4448069254967297,-1.0161329645585022,0
0.21232733076517762,0.9009088760241706,-1.179024470547907,-0.48444004562240756,0.2715603651240624,-1.177851894974348,2.4413740852880284,0.853056793629862,0.2865244578466693,4.24587555608382,0.29255569570563505,0.3455967637684949,0.9841231756854657,0
0.0428782422044723,-1.1099901739376037,1.5251962127575889,-0.3150510116241888,0.7785050963005594,0.9048055324001227,-0.804975077263973,-0.3041918912684436,1.0955247203761276,-0.6849837281165926,1.066572152642809,-2.4521297969677263,-1.0161329645585022,1
0.21232733076517762,-1.1099901739376037,1.5251962127575889,-0.3080549886835576,0.2715603651240624,0.9048055324001227,-0.804975077263973,-0.3041918912684436,0.5382880250238866,-0.7996548742607882,0.03455021005991044,1.0202258635204915,-1.0161329645585022,1
-0.12657084635623306,-1.1099901739376037,-1.179024470547907,-0.15096821624459789,-0.5733475201700994,0.9048055324001227,-0.804975077263973,-0.8828162337175963,1.2465828606824585,-0.9143260204049839,-0.22345527558581418,0.4249648931510827,0.9841231756854657,0
-0.12657084635623306,-1.1099901739376037,0.8491410419312149,-0.1084867225418934,-0.5733475201700994,0.9048055324001227,-0.804975077263973,-1.461440576166749,0.5651428055227898,-0.9143260204049839,0.29255569570563505,1.1194360252487263,0.9841231756854657,0
0.21232733076517762,-1.1099901739376037,-1.179024470547907,-0.4840926133319021,0.4405419421828948,-1.177851894974348,-0.8841543251310949,-1.461440576166749,1.1223795008750308,-0.6849837281165926,0.03455021005991044,-0.24966420660091387,-1.0161329645585022,0
0.0428782422044723,-1.1099901739376037,1.5251962127575889,-0.21949133935836546,0.2715603651240624,0.9048055324001227,-0.804975077263973,-0.8828162337175963,0.001192415045823164,-0.7996548742607882,0.5505611813513597,2.0123274808028393,-1.0161329645585022,1
-0.12657084635623306,0.9009088760241706,1.5251962127575889,-0.10940268039868033,-0.06640278899360229,0.9048055324001227,-0.804975077263973,1.4316811360790147,1.0787404825643134,-0.9143260204049839,0.5505611813513597,-0.051243883144444294,0.9841231756854657,0
0.38177641932588297,0.9009088760241706,0.8491410419312149,-0.08004465185097488,0.6095235192417271,0.9048055324001227,-0.804975077263973,0.853056793629862,2.478545916069642,-0.9143260204049839,0.5505611813513597,-0.5076106270943244,-1.0161329645585022,0
0.21232733076517762,0.9009088760241706,1.5251962127575889,0.08114813856668486,0.2715603651240624,0.9048055324001227,-0.804975077263973,1.4316811360790147,-1.4724636648314886,-1.0289971665491795,0.8085666669970842,1.4170665104334308,0.9841231756854657,0
0.21232733076517762,-1.1099901739376037,-0.502969299721533,0.074910149714429,-0.23538436605243465,0.9048055324001227,-0.804975077263973,0.853056793629862,-1.8752853723150364,-1.0289971665491795,0.8085666669970842,0.16701847265767225,0.9841231756854657,0
0.21232733076517762,0.9009088760241706,-1.179024470547907,0.15913089540830372,-0.7423290972289317,0.9048055324001227,-0.804975077263973,-0.3041918912684436,0.8739727812601764,-1.0289971665491795,0.03455021005991044,1.0003838311748445,0.9841231756854657,0
0.21232733076517762,0.9009088760241706,-0.502969299721533,0.48840195254636637,0.10257878806523006,0.9048055324001227,-0.804975077263973,0.2744324511807092,-0.11965409719924096,-1.143668312693375,-0.22345527558581418,-0.22982217425526694,-1.0161329645585022,0
0.890123685007999,-1.1099901739376037,-1.179024470547907,-0.48887770351477183,0.6095235192417271,-1.177851894974348,-0.7257958293968509,-0.8828162337175963,-1.173704231781191,-0.45564143582820127,0.5505611813513597,1.0202258635204915,-1.0161329645585022,0
-0.12657084635623306,0.9009088760241706,-1.179024470547907,-0.4892409281821184,-0.23538436605243465,-1.177851894974348,0.5410721364771007,1.4316811360790147,-1.0495008719737637,1.4937680486231246,0.29255569570563505,-1.4798702120310254,0.9841231756854657,0
0.5512255078865883,0.9009088760241706,-0.502969299721533,-0.9250157747369242,0.10257878806523006,0.9048055324001227,-0.7930981900839047,1.4316811360790147,0.15896425047687956,0.8057411717579506,0.29255569570563505,1.0995939929030794,-1.0161329645585022,1
0.21232733076517762,-1.1099901739376037,-0.502969299721533,-0.4860034909296818,0.6095235192417271,-1.177851894974348,-0.5040939353689095,0.853056793629862,-1.173704231781191,-0.11162799739561437,0.03455021005991044,0.8614896047553159,-1.0161329645585022,0
-0.12657084635623306,0.9009088760241706,1.5251962127575889,-0.5958078871062261,0.2715603651240624,0.9048055324001227,-0.7891392276905486,0.853056793629862,0.001192415045823164,-0.34097028968400567,0.03455021005991044,1.4765926074703717,-1.0161329645585022,0
1.0595727735687044,0.9009088760241706,-1.179024470547907,-0.48500857118868906,0.9474866733593919,0.21058638994196582,-0.2507203421941191,0.2744324511807092,0.11868207972852446,0.23238544103697253,1.066572152642809,0.4249648931510827,0.9841231756854657,0
0.0428782422044723,-1.1099901739376037,0.8491410419312149,-0.3382973903343676,-0.5733475201700994,0.9048055324001227,-0.7891392276905486,1.4316811360790147,0.2865244578466693,-0.6849837281165926,0.5505611813513597,0.8614896047553159,0.9841231756854657,0
0.38177641932588297,0.9009088760241706,0.8491410419312149,-0.2996534442040636,0.6095235192417271,0.9048055324001227,-0.7891392276905486,1.4316811360790147,0.16232109803924238,-0.6849837281165926,0.29255569570563505,-1.6187644384505542,0.9841231756854657,0
-0.12657084635623306,-1.1099901739376037,1.5251962127575889,-0.153337072770771,-0.23538436605243465,0.9048055324001227,-0.7891392276905486,-0.8828162337175963,1.0015329886299666,-0.7996548742607882,0.5505611813513597,0.801963507718375,0.9841231756854657,0
1.0595727735687044,0.9009088760241706,1.5251962127575889,-0.4859403214223172,0.9474866733593919,0.21058638994196582,-0.8524826259842462,0.2744324511807092,-1.4254677989584081,-0.570312581972397,0.29255569570563505,-3.4045473495587806,0.9841231756854657,0
0.0428782422044723,-1.1099901739376037,-1.179024470547907,-0.11401405443629732,0.10257878806523006,0.9048055324001227,-0.7891392276905486,-1.461440576166749,-1.0495008719737637,-0.9143260204049839,0.03455021005991044,0.028124246238143545,0.9841231756854657,0
0.7206745964472937,-1.1099901739376037,0.8491410419312149,1.5943894798629104,0.7785050963005594,0.9048055324001227,-0.7891392276905486,0.2744324511807092,-0.4654093961226198,-1.2583394588375707,0.03455021005991044,0.5638591195706114,-1.0161329645585022,0
0.7206745964472937,-1.1099901739376037,-0.502969299721533,-0.5417347888021146,0.6095235192417271,0.9048055324001227,-0.7812213029038364,-0.3041918912684436,0.8336906105118219,-0.45564143582820127,0.29255569570563505,-0.9441353386985575,-1.0161329645585022,1
0.7206745964472937,-1.1099901739376037,1.5251962127575889,-0.2959580280232335,0.4405419421828948,0.9048055324001227,-0.7772623405104803,1.4316811360790147,-0.33784918875282943,-0.6849837281165926,0.29255569570563505,-0.8250831446246757,0.9841231756854657,0
0.890123685007999,-1.1099901739376037,-0.502969299721533,-0.014316779438091587,0.9474866733593919,0.9048055324001227,-0.7733033781171241,-0.8828162337175963,-0.522475804682789,-0.9143260204049839,0.29255569570563505,-1.0433455004267922,-1.0161329645585022,0
0.890123685007999,-1.1099901739376037,-0.502969299721533,-0.4929205519861073,1.1164682504182242,-1.177851894974348,0.38271364074285674,0.853056793629862,0.001192415045823164,1.2644257563347332,-0.22345527558581418,1.1194360252487263,-1.0161329645585022,0
0.890123685007999,0.9009088760241706,-1.179024470547907,0.38410909588738484,0.6095235192417271,0.9048055324001227,-0.7733033781171241,-1.461440576166749,-0.46205254856025635,-1.0289971665491795,0.29255569570563505,0.782121475372728,-1.0161329645585022,0
0.5512255078865883,0.9009088760241706,-0.502969299721533,-0.48541917298655907,0.6095235192417271,0.21058638994196582,0.8577891279455886,0.2744324511807092,1.4446368668618692,1.952452633199907,1.066572152642809,0.08765034327508442,-1.0161329645585022,0
-0.12657084635623306,0.9009088760241706,1.5251962127575889,-0.9775570124874439,-0.06640278899360229,0.9048055324001227,-0.765385453330412,-0.3041918912684436,-0.33784918875282943,1.379096902478929,0.8085666669970842,0.26622863438590705,-1.0161329645585022,1
0.5512255078865883,-1.1099901739376037,1.5251962127575889,-0.9692818070226791,0.10257878806523006,0.9048055324001227,-0.765385453330412,-0.3041918912684436,1.2029438423717405,1.379096902478929,0.5505611813513597,0.8813316371009629,-1.0161329645585022,1
1.2290218621294098,-1.1099901739376037,0.17308587110484092,-0.9254263765347942,1.6234129815947211,0.9048055324001227,-0.765385453330412,0.2744324511807092,-0.5661148229935064,0.9204123179021463,0.03455021005991044,-0.8250831446246757,-1.0161329645585022,1
1.0595727735687044,0.9009088760241706,-1.179024470547907,-0.8799759159859527,1.2854498274770565,0.9048055324001227,-0.765385453330412,-1.461440576166749,0.27645391515958084,0.6910700256137552,1.066572152642809,1.1988041546313142,-1.0161329645585022,1
0.7206745964472937,0.9009088760241706,-0.502969299721533,-0.8663786795257191,0.9474866733593919,0.9048055324001227,-0.765385453330412,-1.461440576166749,-0.21364582894540246,0.5763988794695595,0.5505611813513597,1.1988041546313142,0.9841231756854657,0
0.0428782422044723,0.9009088760241706,-0.502969299721533,-0.7214994143849716,0.2715603651240624,0.9048055324001227,-0.765385453330412,0.853056793629862,0.860545391010725,0.003043148748581378,-0.22345527558581418,0.8614896047553159,0.9841231756854657,0
-0.12657084635623306,-1.1099901739376037,-1.179024470547907,-0.48172375680572904,-0.23538436605243465,0.21058638994196582,-0.7257958293968509,0.853056793629862,-0.811164695045998,-0.45564143582820127,0.29255569570563505,-0.5671367241312653,0.9841231756854657,0
0.38177641932588297,-1.1099901739376037,1.5251962127575889,-0.6589458097171602,-0.06640278899360229,0.9048055324001227,-0.765385453330412,0.2744324511807092,1.286865031430813,-0.2262991435398101,0.8085666669970842,-0.8052411122790287,-1.0161329645585022,1
1.0595727735687044,0.9009088760241706,-0.502969299721533,-0.49217831027457304,1.1164682504182242,0.9048055324001227,-0.765385453330412,-1.461440576166749,-0.5896127559300467,-0.45564143582820127,1.066572152642809,1.714696995618135,-1.0161329645585022,0
0.5512255078865883,0.9009088760241706,-0.502969299721533,-0.10834459115032301,0.6095235192417271,0.9048055324001227,-0.765385453330412,0.853056793629862,-1.6839450612603513,-0.7996548742607882,-0.22345527558581418,0.18686050500331922,-1.0161329645585022,0
0.38177641932588297,-1.1099901739376037,0.8491410419312149,-0.10907104048501609,0.10257878806523006,0.9048055324001227,-0.765385453330412,-1.461440576166749,-0.34120603631519225,-0.7996548742607882,0.29255569570563505,-0.011559818453150373,0.9841231756854657,0
0.890123685007999,-1.1099901739376037,1.5251962127575889,-0.9809049963777685,0.4405419421828948,0.9048055324001227,-0.7574675285436998,-0.8828162337175963,-1.4254677989584081,1.4937680486231246,0.5505611813513597,0.9606997664835506,-1.0161329645585022,1
0.0428782422044723,0.9009088760241706,0.8491410419312149,-0.9788519873884185,0.10257878806523006,0.9048055324001227,-0.7574675285436998,1.4316811360790147,1.223084927745918,1.4937680486231246,0.8085666669970842,0.32575473142284794,-1.0161329645585022,1
1.2290218621294098,0.9009088760241706,0.8491410419312149,-0.9692344298921556,0.4405419421828948,0.9048055324001227,-0.7574675285436998,1.4316811360790147,-0.12972463988633004,1.379096902478929,0.29255569570563505,-0.30919030363785477,-1.0161329645585022,1
0.21232733076517762,-1.1099901739376037,-0.502969299721533,-0.4873932200917033,0.10257878806523006,-1.177851894974348,-1.2958864140401292,-0.8828162337175963,1.092167872813765,-1.2583394588375707,-0.22345527558581418,-0.40840046536608954,0.9841231756854657,0
0.38177641932588297,0.9009088760241706,-0.502969299721533,-0.60215642259637,0.4405419421828948,-1.177851894974348,-0.5674373336626071,1.4316811360790147,1.327147202179168,0.003043148748581378,0.03455021005991044,0.18686050500331922,-1.0161329645585022,1
0.0428782422044723,0.9009088760241706,0.8491410419312149,-0.9561741342445212,-0.06640278899360229,0.9048055324001227,-0.7574675285436998,0.2744324511807092,-0.005521280078902488,1.2644257563347332,0.5505611813513597,-0.03140185079879733,-1.0161329645585022,1
0.0428782422044723,-1.1099901739376037,1.5251962127575889,-0.8854558707498332,-0.06640278899360229,0.9048055324001227,-0.7574675285436998,1.4316811360790147,0.001192415045823164,0.6910700256137552,0.03455021005991044,-1.102871597463733,-1.0161329645585022,1
0.0428782422044723,-1.1099901739376037,0.8491410419312149,-0.8741959060620903,-0.404365943111267,0.9048055324001227,-0.7574675285436998,0.2744324511807092,0.001192415045823164,0.6910700256137552,0.5505611813513597,-0.09092794783573821,-1.0161329645585022,0
0.21232733076517762,-1.1099901739376037,-1.179024470547907,-0.48791436852746145,-0.06640278899360229,-1.177851894974348,-0.2507203421941191,-0.8828162337175963,-0.811164695045998,0.23238544103697253,1.066572152642809,0.18686050500331922,0.9841231756854657,0
-0.12657084635623306,-1.1099901739376037,-0.502969299721533,-0.8584193215977775,-0.23538436605243465,0.9048055324001227,-0.7574675285436998,-1.461440576166749,0.001192415045823164,0.5763988794695595,0.03455021005991044,0.9805417988291976,0.9841231756854657,0
-0.12657084635623306,-1.1099901739376037,-1.179024470547907,-0.48974628424103533,0.6095235192417271,-1.177851894974348,-0.963333572998217,-0.8828162337175963,-0.46205254856025635,-0.7996548742607882,0.8085666669970842,1.4765926074703717,0.9841231756854657,0
0.5512255078865883,-1.1099901739376037,-1.179024470547907,-0.8310827172857397,0.9474866733593919,0.9048055324001227,-0.7574675285436998,-0.8828162337175963,-0.11965409719924096,0.4617277333253637,1.066572152642809,1.1789621222856672,0.9841231756854657,0
0.890123685007999,0.9009088760241706,-1.179024470547907,-0.4914044838093565,0.7785050963005594,-1.177851894974348,-0.3774071387815143,0.853056793629862,-0.5661148229935064,0.1177142948927768,0.5505611813513597,0.4844909901880236,0.9841231756854657,0
0.21232733076517762,0.9009088760241706,0.8491410419312149,-0.4833187868666856,-0.06640278899360229,-1.177851894974348,-0.47242223622206064,0.2744324511807092,-1.0092187012254088,-0.11162799739561437,1.066572152642809,0.16701847265767225,-1.0161329645585022,0
0.0428782422044723,-1.1099901739376037,0.17308587110484092,-0.48911458916738915,0.2715603651240624,-1.177851894974348,0.06599664927436881,0.853056793629862,-0.5661148229935064,0.6910700256137552,0.5505611813513597,1.794065125000723,-1.0161329645585022,0
0.890123685007999,-1.1099901739376037,-1.179024470547907,-0.5988242310828866,0.4405419421828948,-1.177851894974348,-0.5674373336626071,-0.3041918912684436,1.0418151593783211,0.003043148748581378,0.8085666669970842,0.9011736694466097,-1.0161329645585022,1
0.0428782422044723,0.9009088760241706,-1.179024470547907,-0.8079626775902902,-0.23538436605243465,0.9048055324001227,-0.7574675285436998,-1.461440576166749,-0.21028898138303903,0.3470565871811683,0.29255569570563505,0.5241750548793175,0.9841231756854657,0
0.890123685007999,0.9009088760241706,0.8491410419312149,-0.49104125914200997,0.6095235192417271,-1.177851894974348,-0.5674373336626071,0.853056793629862,0.4040141225293712,-0.2262991435398101,1.066572152642809,0.22654456969461315,0.9841231756854657,0
0.890123685007999,-1.1099901739376037,1.5251962127575889,-0.487156334439086,0.9474866733593919,-1.177851894974348,-0.09236184645987515,-0.8828162337175963,0.7229146409538463,0.4617277333253637,-0.22345527558581418,0.9606997664835506,0.9841231756854657,0
0.5512255078865883,0.9009088760241706,0.8491410419312149,-0.7674552309927299,0.7785050963005594,0.9048055324001227,-0.7574675285436998,0.2744324511807092,0.1791053358510565,0.1177142948927768,1.066572152642809,-1.7775006972157297,0.9841231756854657,0
-0.12657084635623306,-1.1099901739376037,0.8491410419312149,-0.7283375135571912,-0.23538436605243465,0.9048055324001227,-0.7574675285436998,0.2744324511807092,-1.2979075915886182,0.003043148748581378,1.066572152642809,-0.5472946917856183,0.9841231756854657,0
-0.12657084635623306,0.9009088760241706,0.8491410419312149,-0.4892251358052772,-0.23538436605243465,-0.4836327525161911,-1.327558113186978,0.2744324511807092,0.001192415045823164,-1.3730106049817663,0.5505611813513597,0.5043330225336705,-1.0161329645585022,0
0.890123685007999,0.9009088760241706,-0.502969299721533,-0.719399028265098,0.2715603651240624,0.9048055324001227,-0.7574675285436998,1.4316811360790147,-0.46205254856025635,0.003043148748581378,0.5505611813513597,-1.7378166325244357,0.9841231756854657,0
0.0428782422044723,0.9009088760241706,-0.502969299721533,-0.48598769855284063,-0.404365943111267,-1.177851894974348,0.06599664927436881,-1.461440576166749,0.0851136041048956,0.6910700256137552,0.03455021005991044,-0.26950623894656084,0.9841231756854657,0
0.21232733076517762,0.9009088760241706,-1.179024470547907,-0.4957789721943562,0.10257878806523006,-0.4836327525161911,0.06599664927436881,0.2744324511807092,-1.0092187012254088,0.8057411717579506,1.066572152642809,0.7225953783357871,0.9841231756854657,0
0.0428782422044723,-1.1099901739376037,-1.179024470547907,-0.694604996624486,0.4405419421828948,0.9048055324001227,-0.7574675285436998,1.4316811360790147,1.417782086362966,-0.11162799739561437,0.29255569570563505,-0.6266628211682062,0.9841231756854657,0
0.5512255078865883,0.9009088760241706,-0.502969299721533,-0.6782598865938916,1.1164682504182242,0.9048055324001227,-0.7574675285436998,0.2744324511807092,0.4745079213389917,-0.11162799739561437,0.5505611813513597,0.3455967637684949,0.9841231756854657,0
0.5512255078865883,-1.1099901739376037,1.5251962127575889,-0.6759384071982419,0.4405419421828948,0.9048055324001227,-0.7574675285436998,0.853056793629862,1.286865031430813,-0.11162799739561437,0.5505611813513597,0.4844909901880236,-1.0161329645585022,1
0.0428782422044723,0.9009088760241706,-0.502969299721533,-0.6778334924191805,-0.23538436605243465,0.9048055324001227,-0.7574675285436998,-0.8828162337175963,0.8269769153870962,-0.11162799739561437,0.5505611813513597,1.0797519605574324,0.9841231756854657,0
0.38177641932588297,0.9009088760241706,-0.502969299721533,-0.6620411155780264,0.4405419421828948,0.9048055324001227,-0.7574675285436998,0.2744324511807092,0.8135495251376443,-0.11162799739561437,-0.22345527558581418,-0.2893482712922078,0.9841231756854657,0
1.2290218621294098,-1.1099901739376037,-1.179024470547907,-0.4860034909296818,0.9474866733593919,-1.177851894974348,-0.3774071387815143,0.2744324511807092,-0.0995130118250634,0.1177142948927768,-0.22345527558581418,-0.051243883144444294,0.9841231756854657,0
0.5512255078865883,0.9009088760241706,1.5251962127575889,-0.49134131430199185,0.7785050963005594,-1.177851894974348,0.48564666297011533,0.2744324511807092,0.1119683846037988,1.379096902478929,0.8085666669970842,1.1988041546313142,-1.0161329645585022,0
0.21232733076517762,-1.1099901739376037,-0.502969299721533,-0.6096578015959183,0.10257878806523006,0.9048055324001227,-0.7574675285436998,-0.8828162337175963,-1.7510820125076092,-0.2262991435398101,0.8085666669970842,0.6233852166075523,0.9841231756854657,0
0.0428782422044723,-1.1099901739376037,1.5251962127575889,-0.6037672450341678,-0.5733475201700994,0.9048055324001227,-0.7574675285436998,0.2744324511807092,-1.2979075915886182,-0.2262991435398101,-0.22345527558581418,1.4369085427790778,0.9841231756854657,0
0.0428782422044723,0.9009088760241706,0.8491410419312149,-0.6053464827182832,0.10257878806523006,0.9048055324001227,-0.7574675285436998,1.4316811360790147,0.16232109803924238,-0.2262991435398101,0.29255569570563505,-0.17029607721832604,-1.0161329645585022,0
0.7206745964472937,-1.1099901739376037,0.8491410419312149,-0.6930889284477353,0.7785050963005594,0.9048055324001227,-0.7574675285436998,0.853056793629862,1.7736079279734327,-0.11162799739561437,0.29255569570563505,0.22654456969461315,-1.0161329645585022,1
0.890123685007999,0.9009088760241706,0.8491410419312149,-0.4892409281821184,0.9474866733593919,-1.177851894974348,1.1349164954805155,1.4316811360790147,-0.37813135950118393,2.2964660716324943,0.03455021005991044,-1.9560789883265524,0.9841231756854657,0
0.0428782422044723,-1.1099901739376037,-0.502969299721533,-0.5814842013112994,0.10257878806523006,0.9048055324001227,-0.7574675285436998,0.2744324511807092,0.8336906105118219,-0.34097028968400567,-0.22345527558581418,-0.190138109563973,0.9841231756854657,0
-0.12657084635623306,0.9009088760241706,-0.502969299721533,-0.5794311923219494,0.10257878806523006,0.9048055324001227,-0.7574675285436998,0.2744324511807092,-0.34120603631519225,-0.34097028968400567,0.5505611813513597,-0.15045404487267908,-1.0161329645585022,0
0.0428782422044723,-1.1099901739376037,-0.502969299721533,-0.481818511066776,-0.23538436605243465,-1.177851894974348,-1.2167071661730073,-0.8828162337175963,-1.6839450612603513,-1.143668312693375,1.066572152642809,-0.17029607721832604,0.9841231756854657,0
-0.12657084635623306,0.9009088760241706,-0.502969299721533,-0.49099388201148647,-0.7423290972289317,-1.177851894974348,-0.6307807319563046,-0.3041918912684436,0.001192415045823164,-0.34097028968400567,0.29255569570563505,-1.5790803737592602,0.9841231756854657,0
0.0428782422044723,-1.1099901739376037,-0.502969299721533,-0.5565954154096405,0.4405419421828948,0.9048055324001227,-0.7574675285436998,0.2744324511807092,0.5382880250238866,-0.34097028968400567,0.8085666669970842,-1.6981325678331418,-1.0161329645585022,0
0.0428782422044723,-1.1099901739376037,0.8491410419312149,-0.5954288700620385,-0.7423290972289317,-1.177851894974348,-0.5476425216958265,0.2744324511807092,1.9750187817152072,0.1177142948927768,1.066572152642809,0.3654387961141419,-1.0161329645585022,1
0.7206745964472937,-1.1099901739376037,1.5251962127575889,-0.5611120351862107,0.7785050963005594,0.9048055324001227,-0.7574675285436998,-0.8828162337175963,1.0418151593783211,-0.34097028968400567,0.03455021005991044,0.9408577341379036,0.9841231756854657,0
0.7206745964472937,0.9009088760241706,-0.502969299721533,-0.6340412314386602,0.4405419421828948,0.9048055324001227,-0.7574675285436998,-0.3041918912684436,-0.34120603631519225,-0.2262991435398101,0.03455021005991044,-2.49181386165902,-1.0161329645585022,1
1.2290218621294098,0.9009088760241706,-1.179024470547907,-0.6202071093258092,1.9613761357123858,0.9048055324001227,-0.7574675285436998,-0.3041918912684436,0.7464125738903866,-0.2262991435398101,0.8085666669970842,1.5559607368529593,-1.0161329645585022,1
-0.12657084635623306,-1.1099901739376037,-1.179024470547907,-0.4855297196244472,-0.23538436605243465,0.9048055324001227,-0.7574675285436998,-1.461440576166749,0.001192415045823164,-0.45564143582820127,0.5505611813513597,0.0479662785837905,0.9841231756854657,0
-0.12657084635623306,0.9009088760241706,0.8491410419312149,-0.4896673223568295,-0.06640278899360229,0.9048055324001227,-0.7574675285436998,-1.461440576166749,0.23617174441122635,-0.45564143582820127,0.5505611813513597,-0.8449251769703227,0.9841231756854657,0
0.38177641932588297,0.9009088760241706,0.8491410419312149,-0.4902674326767934,-0.23538436605243465,0.9048055324001227,-0.7574675285436998,-0.8828162337175963,0.561785957960427,-0.45564143582820127,-0.22345527558581418,0.6432272489531993,0.9841231756854657,0
0.0428782422044723,-1.1099901739376037,-1.179024470547907,-0.4767175733470832,-0.23538436605243465,-1.177851894974348,0.38271364074285674,1.4316811360790147,0.4107278176540969,1.1497546101905376,-0.22345527558581418,0.7424374106814341,0.9841231756854657,0
0.0428782422044723,-1.1099901739376037,1.5251962127575889,-0.4496178546876628,-0.7423290972289317,0.9048055324001227,-0.7574675285436998,0.2744324511807092,0.4745079213389917,-0.570312581972397,0.8085666669970842,0.46464895784237664,0.9841231756854657,0
-0.12657084635623306,0.9009088760241706,-0.502969299721533,-0.4144956085929361,0.2715603651240624,0.9048055324001227,-0.7574675285436998,1.4316811360790147,-1.173704231781191,-0.570312581972397,1.066572152642809,0.5440170872249644,-1.0161329645585022,0
0.0428782422044723,0.9009088760241706,0.8491410419312149,-0.5279322514429459,0.2715603651240624,0.9048055324001227,-0.7574675285436998,-1.461440576166749,-0.46205254856025635,-0.45564143582820127,1.066572152642809,0.32575473142284794,-1.0161329645585022,1
0.21232733076517762,-1.1099901739376037,1.5251962127575889,-0.47971812494690247,0.10257878806523006,-1.177851894974348,-0.5674373336626071,-0.8828162337175963,-0.8816584938556186,-0.2262991435398101,0.5505611813513597,0.9805417988291976,-1.0161329645585022,0
-0.12657084635623306,0.9009088760241706,-0.502969299721533,-0.47714396752179433,0.4405419421828948,-1.177851894974348,-1.042512820865339,-1.461440576166749,-1.2475548781531747,-0.9143260204049839,0.5505611813513597,0.2463866020402601,-1.0161329645585022,0
-0.12657084635623306,-1.1099901739376037,0.8491410419312149,-0.4719482755410547,-0.23538436605243465,-1.177851894974348,1.712925004910506,-0.8828162337175963,0.001192415045823164,3.0991640946418633,0.5505611813513597,-0.6465048535138531,-1.0161329645585022,0
0.7206745964472937,0.9009088760241706,-1.179024470547907,-0.4722325383241954,0.4405419421828948,-1.177851894974348,0.06599664927436881,-0.3041918912684436,-0.46205254856025635,0.6910700256137552,0.29255569570563505,0.14717644031202531,0.9841231756854657,0
0.5512255078865883,-1.1099901739376037,-1.179024470547907,-0.4754857679534732,0.6095235192417271,-1.177851894974348,-0.5040939353689095,-0.3041918912684436,-0.8447331706696268,-0.11162799739561437,0.03455021005991044,-0.36871640067479566,0.9841231756854657,0
0.890123685007999,-1.1099901739376037,-1.179024470547907,-0.39257578953741423,0.7785050963005594,0.9048055324001227,-0.7574675285436998,-1.461440576166749,-0.1397951825734185,-0.570312581972397,0.5505611813513597,0.4249648931510827,0.9841231756854657,0
0.21232733076517762,0.9009088760241706,-0.502969299721533,-0.47475931861878007,0.4405419421828948,-1.177851894974348,-0.2507203421941191,0.853056793629862,1.3103629643673533,0.23238544103697253,0.5505611813513597,-0.09092794783573821,0.9841231756854657,0
-0.12657084635623306,0.9009088760241706,-0.502969299721533,-0.47539101369242626,-0.06640278899360229,-1.177851894974348,-0.2507203421941191,-0.3041918912684436,0.5651428055227898,0.23238544103697253,0.03455021005991044,-1.658448503141848,0.9841231756854657,0
0.38177641932588297,0.9009088760241706,-0.502969299721533,-0.39467617565728774,0.4405419421828948,0.9048055324001227,-0.7574675285436998,0.2744324511807092,-0.21364582894540246,-0.570312581972397,0.03455021005991044,0.5638591195706114,0.9841231756854657,0
0.0428782422044723,0.9009088760241706,1.5251962127575889,-0.471363957597932,-0.06640278899360229,-1.177851894974348,-0.45658638664863627,-0.8828162337175963,-1.3482603050240614,-0.11162799739561437,0.5505611813513597,0.40512286080543575,0.9841231756854657,0
-0.12657084635623306,-1.1099901739376037,-1.179024470547907,-0.46694209208240883,0.4405419421828948,-1.177851894974348,-0.5674373336626071,-0.8828162337175963,0.16232109803924238,-0.2262991435398101,1.066572152642809,-0.09092794783573821,0.9841231756854657,0
0.890123685007999,0.9009088760241706,0.8491410419312149,-0.47133237284424967,0.9474866733593919,-1.177851894974348,0.8577891279455886,-1.461440576166749,-1.173704231781191,1.8377814870557112,-0.22345527558581418,-0.5076106270943244,-1.0161329645585022,0
0.21232733076517762,-1.1099901739376037,1.5251962127575889,-0.4699110589285458,0.2715603651240624,-1.177851894974348,-1.01084112171849,-0.3041918912684436,1.0787404825643134,-0.9143260204049839,1.066572152642809,-0.5472946917856183,0.9841231756854657,0
0.0428782422044723,-1.1099901739376037,-0.502969299721533,-0.4744118863282747,0.4405419421828948,-1.177851894974348,-0.7257958293968509,-1.461440576166749,-1.4254677989584081,-0.45564143582820127,1.066572152642809,0.286070666731554,0.9841231756854657,0
0.21232733076517762,0.9009088760241706,1.5251962127575889,-0.47065330064008004,0.2715603651240624,-1.177851894974348,-1.2008713165995828,-0.3041918912684436,-1.0964967378468442,-1.143668312693375,0.5505611813513597,-0.5076106270943244,-1.0161329645585022,0
0.38177641932588297,0.9009088760241706,0.8491410419312149,-0.32098894531646277,1.1164682504182242,0.9048055324001227,-0.7574675285436998,-0.8828162337175963,0.9343960373827085,-0.6849837281165926,0.8085666669970842,0.7424374106814341,-1.0161329645585022,0
-0.12657084635623306,0.9009088760241706,-0.502969299721533,-0.31413505376740186,-0.404365943111267,0.9048055324001227,-0.7574675285436998,-1.461440576166749,1.223084927745918,-0.6849837281165926,0.29255569570563505,0.8614896047553159,0.9841231756854657,0
1.0595727735687044,0.9009088760241706,-0.502969299721533,-0.2996850289577459,0.7785050963005594,0.9048055324001227,-0.7574675285436998,-0.8828162337175963,0.001192415045823164,-0.6849837281165926,1.066572152642809,0.8416475724096689,0.9841231756854657,0
0.0428782422044723,0.9009088760241706,-1.179024470547907,-0.3009010419745148,-0.7423290972289317,0.9048055324001227,-0.7574675285436998,0.853056793629862,-0.21364582894540246,-0.6849837281165926,1.066572152642809,0.286070666731554,0.9841231756854657,0
0.38177641932588297,-1.1099901739376037,0.8491410419312149,-0.28106581666202524,0.2715603651240624,0.9048055324001227,-0.7574675285436998,0.2744324511807092,0.5651428055227898,-0.6849837281165926,1.066572152642809,-1.6187644384505542,-1.0161329645585022,0
0.21232733076517762,-1.1099901739376037,-0.502969299721533,-0.5817368793407579,0.6095235192417271,-1.177851894974348,-0.527847709729046,-1.461440576166749,1.6594751108530943,0.1177142948927768,0.8085666669970842,1.298014316359549,-1.0161329645585022,1
0.5512255078865883,0.9009088760241706,0.8491410419312149,-0.22266560710343744,0.10257878806523006,0.9048055324001227,-0.7574675285436998,0.2744324511807092,0.665848232393677,-0.7996548742607882,1.066572152642809,-0.7258729828964409,0.9841231756854657,0
0.38177641932588297,-1.1099901739376037,-0.502969299721533,-0.21849641961737276,0.2715603651240624,0.9048055324001227,-0.7574675285436998,1.4316811360790147,0.7464125738903866,-0.7996548742607882,0.5505611813513597,-0.4282424977117365,0.9841231756854657,0
0.38177641932588297,-1.1099901739376037,-1.179024470547907,-0.2058941028981318,0.2715603651240624,0.9048055324001227,-0.7574675285436998,0.2744324511807092,-1.6705176710108995,-0.7996548742607882,0.5505611813513597,0.7225953783357871,0.9841231756854657,0
0.0428782422044723,-1.1099901739376037,0.8491410419312149,-0.3086550990035214,-0.06640278899360229,0.9048055324001227,-0.7574675285436998,-1.461440576166749,1.6729025011025462,-0.6849837281165926,-0.22345527558581418,-0.6663468858595001,-1.0161329645585022,1
0.38177641932588297,0.9009088760241706,-0.502969299721533,-0.18553772914988417,0.7785050963005594,0.9048055324001227,-0.7574675285436998,-0.3041918912684436,0.9780350556934264,-0.7996548742607882,0.8085666669970842,0.6829113136444932,0.9841231756854657,0
0.21232733076517762,0.9009088760241706,-1.179024470547907,-0.18236346140481222,-0.06640278899360229,0.9048055324001227,-0.7574675285436998,0.853056793629862,-1.5496711587658354,-0.7996548742607882,0.03455021005991044,0.26622863438590705,0.9841231756854657,0
0.0428782422044723,-1.1099901739376037,-0.502969299721533,-0.1590065360567453,0.10257878806523006,0.9048055324001227,-0.7574675285436998,-0.3041918912684436,0.3301634761573873,-0.7996548742607882,0.03455021005991044,1.6353288662355472,-1.0161329645585022,0
-0.12657084635623306,-1.1099901739376037,-1.179024470547907,-0.10415961128741717,-0.06640278899360229,0.9048055324001227,-0.7574675285436998,0.853056793629862,0.7866947446387411,-0.7996548742607882,0.8085666669970842,1.0400678958661385,0.9841231756854657,0
0.38177641932588297,0.9009088760241706,-0.502969299721533,-0.08820931067785155,0.6095235192417271,0.9048055324001227,-0.7574675285436998,0.2744324511807092,1.2700807936189982,-0.9143260204049839,1.066572152642809,-1.3012919209202027,0.9841231756854657,0
0.0428782422044723,0.9009088760241706,0.8491410419312149,-0.18678532692033534,-0.06640278899360229,0.9048055324001227,-0.7574675285436998,-1.461440576166749,1.8273174889712391,-0.7996548742607882,0.29255569570563505,1.0003838311748445,-1.0161329645585022,1
1.0595727735687044,-1.1099901739376037,0.8491410419312149,-0.1682608688856616,1.1164682504182242,0.9048055324001227,-0.7574675285436998,-1.461440576166749,0.001192415045823164,-0.7996548742607882,1.066572152642809,0.40512286080543575,-1.0161329645585022,1
0.5512255078865883,-1.1099901739376037,-0.502969299721533,-0.1436721381439847,0.6095235192417271,0.9048055324001227,-0.7574675285436998,0.853056793629862,1.5352717510456675,-0.7996548742607882,0.8085666669970842,0.5440170872249644,-1.0161329645585022,1
0.21232733076517762,0.9009088760241706,-0.502969299721533,-0.4647153669478061,0.6095235192417271,0.21058638994196582,-0.7257958293968509,0.2744324511807092,0.3301634761573873,-0.45564143582820127,-0.22345527558581418,1.3773824457421369,0.9841231756854657,0
0.21232733076517762,-1.1099901739376037,-0.502969299721533,-0.01652771219585316,0.2715603651240624,0.9048055324001227,-0.7574675285436998,-0.8828162337175963,0.001192415045823164,-0.9143260204049839,0.03455021005991044,1.3972244780877838,-1.0161329645585022,0
0.890123685007999,-1.1099901739376037,0.8491410419312149,-0.4662630198782392,0.7785050963005594,-1.177851894974348,-0.09236184645987515,0.2744324511807092,0.001192415045823164,0.4617277333253637,0.8085666669970842,0.20670253734896618,0.9841231756854657,0
0.21232733076517762,0.9009088760241706,-1.179024470547907,-0.13563381833183727,0.10257878806523006,0.9048055324001227,-0.7574675285436998,-1.461440576166749,0.16232109803924238,-0.7996548742607882,0.29255569570563505,-1.4005020826484376,-1.0161329645585022,1
0.890123685007999,0.9009088760241706,1.5251962127575889,0.0026600256661490533,0.2715603651240624,0.9048055324001227,-0.7574675285436998,-0.3041918912684436,0.860545391010725,-0.9143260204049839,0.29255569570563505,0.4249648931510827,0.9841231756854657,0
0.0428782422044723,0.9009088760241706,0.17308587110484092,0.01799442357890967,-0.404365943111267,0.9048055324001227,-0.7574675285436998,0.853056793629862,-0.21700267650776528,-0.9143260204049839,-0.22345527558581418,1.298014316359549,-1.0161329645585022,0
-0.12657084635623306,0.9009088760241706,-0.502969299721533,-0.5893014278476707,0.2715603651240624,-1.177851894974348,-0.5674373336626071,0.2744324511807092,1.9078818304679495,0.003043148748581378,0.5505611813513597,-2.154499311783022,-1.0161329645585022,1
0.21232733076517762,-1.1099901739376037,-0.502969299721533,-0.4689319315643942,0.4405419421828948,-1.177851894974348,-0.5674373336626071,1.4316811360790147,-1.7510820125076092,-0.2262991435398101,0.5505611813513597,-0.7457150152420878,0.9841231756854657,0
-0.12657084635623306,-1.1099901739376037,-0.502969299721533,0.03650308923674226,-0.23538436605243465,0.9048055324001227,-0.7574675285436998,0.2744324511807092,0.4040141225293712,-0.9143260204049839,-0.22345527558581418,0.32575473142284794,0.9841231756854657,0
0.21232733076517762,0.9009088760241706,-0.502969299721533,0.058217607393329124,0.6095235192417271,0.9048055324001227,-0.7574675285436998,0.2744324511807092,0.03476089066945202,-0.9143260204049839,1.066572152642809,-0.3488743683291487,0.9841231756854657,0
0.38177641932588297,0.9009088760241706,-0.502969299721533,-0.4643679346573007,0.2715603651240624,-1.177851894974348,0.06599664927436881,-0.3041918912684436,0.5785701957722418,0.6910700256137552,1.066572152642809,0.286070666731554,-1.0161329645585022,0
1.0595727735687044,-1.1099901739376037,-0.502969299721533,0.20998234883681988,1.1164682504182242,0.9048055324001227,-0.7574675285436998,1.4316811360790147,-1.2979075915886182,-1.0289971665491795,0.29255569570563505,0.10749237562073138,-1.0161329645585022,0
1.2290218621294098,0.9009088760241706,0.8491410419312149,0.2727412544035662,1.2854498274770565,0.9048055324001227,-0.7574675285436998,-1.461440576166749,-1.1804179269059165,-1.0289971665491795,0.8085666669970842,1.1591200899400202,0.9841231756854657,0
1.0595727735687044,-1.1099901739376037,0.8491410419312149,0.5883992827045541,0.7785050963005594,0.9048055324001227,-0.7574675285436998,-1.461440576166749,-1.8752853723150364,-1.143668312693375,1.066572152642809,0.5241750548793175,0.9841231756854657,0
-0.12657084635623306,0.9009088760241706,-1.179024470547907,-0.4697531351601342,-0.404365943111267,-1.177851894974348,0.06599664927436881,0.853056793629862,-0.811164695045998,0.6910700256137552,0.5505611813513597,-0.36871640067479566,-1.0161329645585022,0
0.0428782422044723,0.9009088760241706,-0.502969299721533,0.9906469132255897,0.2715603651240624,0.9048055324001227,-0.7574675285436998,-1.461440576166749,-0.707102420612748,-1.2583394588375707,0.03455021005991044,0.9210157017922567,-1.0161329645585022,0
0.38177641932588297,0.9009088760241706,0.8491410419312149,1.0266851171771034,0.2715603651240624,0.9048055324001227,-0.7574675285436998,-0.3041918912684436,-1.2106295549671826,-1.2583394588375707,0.5505611813513597,0.08765034327508442,0.9841231756854657,0
0.21232733076517762,0.9009088760241706,-0.502969299721533,4.4357697135001946,0.2715603651240624,0.9048055324001227,-0.7574675285436998,0.853056793629862,-0.005521280078902488,-1.487681751125962,0.03455021005991044,0.3455967637684949,0.9841231756854657,0
0.7206745964472937,-1.1099901739376037,-1.179024470547907,-0.4719008984105312,0.4405419421828948,-1.177851894974348,-0.2507203421941191,0.853056793629862,1.357358830240434,0.23238544103697253,0.8085666669970842,-1.5790803737592602,0.9841231756854657,0
1.2290218621294098,0.9009088760241706,-0.502969299721533,-0.4701163598274808,1.6234129815947211,-1.177851894974348,-0.2507203421941191,-1.461440576166749,-0.059230841076708896,0.23238544103697253,0.03455021005991044,1.0599099282117854,-1.0161329645585022,0
0.7206745964472937,0.9009088760241706,-1.179024470547907,-0.03342555541588803,1.1164682504182242,0.9048055324001227,-0.7455906413636315,-0.3041918912684436,-0.08944246913797492,-0.9143260204049839,0.8085666669970842,0.008282213892496587,0.9841231756854657,0
0.38177641932588297,-1.1099901739376037,-0.502969299721533,-0.47107969481479117,-0.404365943111267,-1.177851894974348,1.3328646151483206,-0.3041918912684436,-0.6701770974267564,2.525808363920885,0.29255569570563505,0.7622794430270811,-1.0161329645585022,0
0.0428782422044723,0.9009088760241706,-0.502969299721533,-0.8075204910387378,0.4405419421828948,0.9048055324001227,-0.7416316789702754,0.2744324511807092,-1.0495008719737637,0.3470565871811683,0.03455021005991044,1.1591200899400202,-1.0161329645585022,0
0.5512255078865883,0.9009088760241706,1.5251962127575889,-0.4701795293348454,0.10257878806523006,-1.177851894974348,-0.8841543251310949,-1.461440576166749,0.001192415045823164,-0.6849837281165926,-0.22345527558581418,-0.7060309505507939,0.9841231756854657,0
1.0595727735687044,0.9009088760241706,-1.179024470547907,-0.4670368463434557,1.1164682504182242,-1.177851894974348,1.0161476236798326,-0.3041918912684436,0.25966967734776614,2.0671237793441026,-0.22345527558581418,-0.15045404487267908,-1.0161329645585022,0
-0.12657084635623306,-1.1099901739376037,-0.502969299721533,0.5747072919832734,0.2715603651240624,0.9048055324001227,0.06599664927436881,-0.3041918912684436,-1.0495008719737637,-0.570312581972397,1.066572152642809,0.9210157017922567,-1.0161329645585022,0
0.890123685007999,-1.1099901739376037,-0.502969299721533,-0.5823843667912452,0.7785050963005594,-1.177851894974348,-0.2507203421941191,0.2744324511807092,-0.901799579229796,0.5763988794695595,0.03455021005991044,0.6630692812988462,-1.0161329645585022,1
0.5512255078865883,-1.1099901739376037,-0.502969299721533,-0.4693899104927877,0.4405419421828948,-1.177851894974348,0.38271364074285674,0.853056793629862,0.001192415045823164,1.1497546101905376,0.29255569570563505,0.5837011519162584,-1.0161329645585022,0
0.21232733076517762,0.9009088760241706,0.8491410419312149,0.5847354512774063,0.4405419421828948,0.9048055324001227,0.06599664927436881,0.853056793629862,-0.7138161157374736,-0.570312581972397,0.5505611813513597,-0.4877685947486774,-1.0161329645585022,0
0.890123685007999,-1.1099901739376037,0.8491410419312149,-0.46837919837495384,1.6234129815947211,0.21058638994196582,-0.9950052721450657,1.4316811360790147,0.665848232393677,-0.7996548742607882,0.29255569570563505,0.16701847265767225,-1.0161329645585022,0
-0.12657084635623306,0.9009088760241706,-0.502969299721533,0.6114877376463214,-0.7423290972289317,0.9048055324001227,0.06599664927436881,-0.3041918912684436,-1.4993184453303918,-0.6849837281165926,1.066572152642809,-1.5592383414136133,0.9841231756854657,0
1.2290218621294098,0.9009088760241706,-1.179024470547907,-0.4616990229711457,1.1164682504182242,0.21058638994196582,-1.042512820865339,0.2744324511807092,-1.2979075915886182,-0.9143260204049839,0.8085666669970842,0.26622863438590705,0.9841231756854657,0
0.0428782422044723,0.9009088760241706,-0.502969299721533,0.42194763079879,0.10257878806523006,0.9048055324001227,0.06599664927436881,0.853056793629862,-0.11965409719924096,-0.570312581972397,0.8085666669970842,1.1194360252487263,-1.0161329645585022,1
0.5512255078865883,0.9009088760241706,1.5251962127575889,0.6501316837766253,0.10257878806523006,0.9048055324001227,0.06599664927436881,1.4316811360790147,-0.8447331706696268,-0.6849837281165926,-0.22345527558581418,0.782121475372728,-1.0161329645585022,0
0.7206745964472937,0.9009088760241706,1.5251962127575889,0.6488525012524919,0.7785050963005594,0.9048055324001227,0.06599664927436881,-1.461440576166749,-0.34120603631519225,-0.6849837281165926,0.5505611813513597,0.46464895784237664,0.9841231756854657,0
0.5512255078865883,-1.1099901739376037,1.5251962127575889,0.6531954048838092,0.6095235192417271,0.9048055324001227,0.06599664927436881,1.4316811360790147,0.001192415045823164,-0.6849837281165926,0.5505611813513597,0.10749237562073138,-1.0161329645585022,0
0.0428782422044723,0.9009088760241706,1.5251962127575889,0.6477470348736111,-0.23538436605243465,0.9048055324001227,0.06599664927436881,-0.8828162337175963,-1.173704231781191,-0.6849837281165926,0.29255569570563505,-0.09092794783573821,0.9841231756854657,0
0.7206745964472937,0.9009088760241706,-1.179024470547907,-0.46187273911639837,0.9474866733593919,0.21058638994196582,0.1451758971414908,0.853056793629862,-1.4724636648314886,0.8057411717579506,0.8085666669970842,0.46464895784237664,0.9841231756854657,0
0.21232733076517762,0.9009088760241706,1.5251962127575889,0.6499263828776903,0.10257878806523006,0.9048055324001227,0.06599664927436881,1.4316811360790147,-0.46205254856025635,-0.6849837281165926,0.8085666669970842,1.9924854484571926,-1.0161329645585022,0
0.38177641932588297,0.9009088760241706,0.8491410419312149,0.6832482980125255,0.10257878806523006,0.9048055324001227,0.06599664927436881,-0.3041918912684436,-1.6705176710108995,-0.6849837281165926,0.5505611813513597,-0.6266628211682062,-1.0161329645585022,0
0.7206745964472937,-1.1099901739376037,1.5251962127575889,-0.4630255826258026,0.4405419421828948,-1.177851894974348,-0.963333572998217,-1.461440576166749,-0.901799579229796,-0.7996548742607882,0.8085666669970842,-1.4798702120310254,0.9841231756854657,0
1.0595727735687044,0.9009088760241706,-1.179024470547907,-0.5782151793051805,1.2854498274770565,-1.177851894974348,-1.0741845200121878,-0.8828162337175963,1.0619562447524988,-0.9143260204049839,0.29255569570563505,1.5956448015442533,-1.0161329645585022,1
0.7206745964472937,0.9009088760241706,-1.179024470547907,0.2044708093192571,0.9474866733593919,0.9048055324001227,0.06599664927436881,0.2744324511807092,0.7497694214527494,-0.34097028968400567,0.8085666669970842,1.238488219322608,-1.0161329645585022,1
-0.12657084635623306,-1.1099901739376037,-0.502969299721533,-0.4631992987710553,0.6095235192417271,0.21058638994196582,-0.804975077263973,1.4316811360790147,-1.1804179269059165,-0.570312581972397,-0.22345527558581418,1.5559607368529593,-1.0161329645585022,0
-0.12657084635623306,0.9009088760241706,1.5251962127575889,0.7039521040512785,0.2715603651240624,0.9048055324001227,0.06599664927436881,-0.3041918912684436,-0.811164695045998,-0.6849837281165926,1.066572152642809,-0.15045404487267908,-1.0161329645585022,0
0.0428782422044723,-1.1099901739376037,-0.502969299721533,0.7078370287542024,0.10257878806523006,0.9048055324001227,0.06599664927436881,-1.461440576166749,-0.37813135950118393,-0.6849837281165926,0.5505611813513597,1.0202258635204915,0.9841231756854657,0
0.38177641932588297,-1.1099901739376037,-1.179024470547907,0.8027176288158562,-0.23538436605243465,0.9048055324001227,0.06599664927436881,0.853056793629862,-0.11965409719924096,-0.6849837281165926,-0.22345527558581418,0.7225953783357871,-1.0161329645585022,0
0.5512255078865883,-1.1099901739376037,1.5251962127575889,0.835707904037027,0.7785050963005594,0.9048055324001227,0.06599664927436881,-0.3041918912684436,1.6729025011025462,-0.6849837281165926,0.8085666669970842,1.0995939929030794,-1.0161329645585022,0
1.0595727735687044,0.9009088760241706,-0.502969299721533,0.8356605269065036,0.2715603651240624,0.9048055324001227,0.06599664927436881,-1.461440576166749,-1.1233515183457474,-0.6849837281165926,0.8085666669970842,0.821805540064022,0.9841231756854657,0
0.7206745964472937,0.9009088760241706,-0.502969299721533,-0.4540870973337094,0.2715603651240624,-1.177851894974348,0.5727438356239495,1.4316811360790147,0.23617174441122635,1.379096902478929,0.29255569570563505,1.1591200899400202,-1.0161329645585022,0
0.0428782422044723,-1.1099901739376037,0.8491410419312149,0.8431303211523694,-0.7423290972289317,0.9048055324001227,0.06599664927436881,-0.3041918912684436,0.7430557263280237,-0.6849837281165926,-0.22345527558581418,-1.3409759856114967,0.9841231756854657,0
0.890123685007999,0.9009088760241706,-0.502969299721533,0.8394349049715394,0.9474866733593919,0.9048055324001227,0.06599664927436881,-1.461440576166749,0.860545391010725,-0.6849837281165926,1.066572152642809,-0.3488743683291487,0.9841231756854657,0
0.890123685007999,-1.1099901739376037,1.5251962127575889,0.8388032098978933,1.1164682504182242,0.9048055324001227,0.06599664927436881,1.4316811360790147,-0.5661148229935064,-0.6849837281165926,0.03455021005991044,1.4765926074703717,-1.0161329645585022,0
1.0595727735687044,0.9009088760241706,-0.502969299721533,-0.4532816861148105,1.1164682504182242,-1.177851894974348,1.2536853672811985,-1.461440576166749,-1.623521805137819,2.2964660716324943,0.03455021005991044,0.9606997664835506,0.9841231756854657,0
0.38177641932588297,-1.1099901739376037,-0.502969299721533,-0.46503121448462914,0.10257878806523006,-1.177851894974348,-0.804975077263973,-0.8828162337175963,-1.4254677989584081,-0.570312581972397,0.8085666669970842,-1.4600281796853785,0.9841231756854657,0
0.0428782422044723,0.9009088760241706,-1.179024470547907,-0.46064093372278836,0.4405419421828948,0.21058638994196582,0.5410721364771007,1.4316811360790147,0.19253272610050842,1.379096902478929,0.8085666669970842,0.46464895784237664,-1.0161329645585022,0
0.38177641932588297,0.9009088760241706,-0.502969299721533,-0.45914065792287867,0.10257878806523006,-1.177851894974348,0.8577891279455886,1.4316811360790147,-0.33784918875282943,1.8377814870557112,0.8085666669970842,0.6829113136444932,0.9841231756854657,0
0.0428782422044723,0.9009088760241706,1.5251962127575889,-0.4604672175775356,0.4405419421828948,-1.177851894974348,-0.2903099661276801,1.4316811360790147,0.4040141225293712,0.1177142948927768,0.8085666669970842,-1.7179746001787888,-1.0161329645585022,0
-0.12657084635623306,0.9009088760241706,0.8491410419312149,0.9703537089847067,-0.23538436605243465,0.9048055324001227,0.06599664927436881,-0.8828162337175963,-1.0092187012254088,-0.7996548742607882,1.066572152642809,-1.5592383414136133,0.9841231756854657,0
0.38177641932588297,0.9009088760241706,1.5251962127575889,0.9895256544698678,0.6095235192417271,0.9048055324001227,0.06599664927436881,-0.3041918912684436,-1.2979075915886182,-0.7996548742607882,0.29255569570563505,-0.32903233598350173,0.9841231756854657,0
0.890123685007999,-1.1099901739376037,0.8491410419312149,-0.4524446901422294,0.9474866733593919,-1.177851894974348,-0.4090788379283631,1.4316811360790147,-0.21700267650776528,0.003043148748581378,0.5505611813513597,0.9606997664835506,-1.0161329645585022,0
1.0595727735687044,0.9009088760241706,-0.502969299721533,-0.45050222779076743,0.4405419421828948,-1.177851894974348,-0.22696656783398253,-0.8828162337175963,1.417782086362966,0.23238544103697253,1.066572152642809,-0.07108591549009124,0.9841231756854657,0
0.38177641932588297,0.9009088760241706,1.5251962127575889,1.0279011301938723,0.10257878806523006,0.9048055324001227,0.06599664927436881,-0.3041918912684436,2.02537149515065,-0.7996548742607882,-0.22345527558581418,1.5956448015442533,0.9841231756854657,0
0.0428782422044723,-1.1099901739376037,0.8491410419312149,1.1185967503926202,-0.06640278899360229,0.9048055324001227,0.06599664927436881,-0.8828162337175963,-0.34120603631519225,-0.7996548742607882,0.8085666669970842,-1.5393963090679663,0.9841231756854657,0
0.38177641932588297,-1.1099901739376037,-0.502969299721533,1.1236187262281072,0.2715603651240624,0.9048055324001227,0.06599664927436881,-0.3041918912684436,-0.08944246913797492,-0.7996548742607882,0.03455021005991044,1.0003838311748445,0.9841231756854657,0
0.0428782422044723,0.9009088760241706,-1.179024470547907,-0.4458908537531504,0.10257878806523006,-1.177851894974348,-0.6664113934965095,-0.3041918912684436,-0.11965409719924096,-0.45564143582820127,0.29255569570563505,0.5440170872249644,-1.0161329645585022,0
-0.12657084635623306,-1.1099901739376037,1.5251962127575889,1.120949814541952,0.2715603651240624,0.9048055324001227,0.06599664927436881,1.4316811360790147,-0.12972463988633004,-0.7996548742607882,0.03455021005991044,0.32575473142284794,0.9841231756854657,0
1.2290218621294098,0.9009088760241706,-1.179024470547907,1.1396321963450373,0.7785050963005594,0.9048055324001227,0.06599664927436881,-0.8828162337175963,1.7736079279734327,-0.7996548742607882,-0.22345527558581418,0.9805417988291976,0.9841231756854657,0
-0.12657084635623306,-1.1099901739376037,1.5251962127575889,1.2201575258580821,-0.23538436605243465,0.9048055324001227,0.06599664927436881,0.2744324511807092,0.16232109803924238,-0.9143260204049839,1.066572152642809,-2.49181386165902,0.9841231756854657,0
-0.12657084635623306,0.9009088760241706,-0.502969299721533,1.2144880625721077,0.10257878806523006,0.9048055324001227,0.06599664927436881,-0.8828162337175963,-1.0964967378468442,-0.9143260204049839,-0.22345527558581418,0.6035431842619053,0.9841231756854657,0
0.21232733076517762,0.9009088760241706,1.5251962127575889,1.2190520594792014,0.2715603651240624,0.9048055324001227,0.06599664927436881,-0.8828162337175963,1.092167872813765,-0.9143260204049839,-0.22345527558581418,0.5440170872249644,-1.0161329645585022,0
-0.12657084635623306,0.9009088760241706,1.5251962127575889,1.2160199231256996,0.10257878806523006,0.9048055324001227,0.06599664927436881,1.4316811360790147,0.8269769153870962,-0.9143260204049839,0.03455021005991044,1.794065125000723,-1.0161329645585022,0
0.0428782422044723,0.9009088760241706,-1.179024470547907,-0.44800703224986504,0.2715603651240624,0.21058638994196582,-0.2507203421941191,0.853056793629862,1.6628319584154578,0.23238544103697253,0.29255569570563505,-0.20998014190961997,0.9841231756854657,0
0.5512255078865883,-1.1099901739376037,-0.502969299721533,1.0424617016414164,0.2715603651240624,0.9048055324001227,0.06599664927436881,1.4316811360790147,0.8336906105118219,-0.7996548742607882,-0.22345527558581418,1.1392780575943733,-1.0161329645585022,1
0.21232733076517762,0.9009088760241706,-0.502969299721533,1.3303409390788141,0.2715603651240624,0.9048055324001227,0.06599664927436881,-1.461440576166749,-1.2979075915886182,-0.9143260204049839,0.03455021005991044,1.0003838311748445,-1.0161329645585022,0
0.7206745964472937,0.9009088760241706,-1.179024470547907,1.1856511824601603,0.10257878806523006,0.9048055324001227,0.06599664927436881,1.4316811360790147,0.954537122756886,-0.9143260204049839,-0.22345527558581418,0.821805540064022,-1.0161329645585022,1
0.7206745964472937,0.9009088760241706,-0.502969299721533,1.4248583144731213,0.6095235192417271,0.9048055324001227,0.06599664927436881,0.853056793629862,1.2700807936189982,-0.9143260204049839,0.8085666669970842,-0.686188918205147,-1.0161329645585022,0
0.890123685007999,0.9009088760241706,-0.502969299721533,-0.4516076941696482,0.9474866733593919,-1.177851894974348,0.5410721364771007,-1.461440576166749,-1.0427871768490378,1.2644257563347332,0.03455021005991044,-0.7457150152420878,0.9841231756854657,0
0.0428782422044723,0.9009088760241706,0.8491410419312149,1.4802421800550487,0.2715603651240624,0.9048055324001227,0.06599664927436881,0.853056793629862,-0.34120603631519225,-0.9143260204049839,-0.22345527558581418,-2.134657279437375,0.9841231756854657,0
0.38177641932588297,0.9009088760241706,-0.502969299721533,1.565836862534104,0.7785050963005594,0.9048055324001227,0.06599664927436881,0.853056793629862,0.8538316958859994,-0.9143260204049839,0.8085666669970842,0.32575473142284794,0.9841231756854657,0
-0.12657084635623306,0.9009088760241706,-0.502969299721533,1.7831873449989075,-0.7423290972289317,0.9048055324001227,0.06599664927436881,-0.8828162337175963,1.7836784706605218,-1.0289971665491795,0.8085666669970842,0.8416475724096689,-1.0161329645585022,0
1.0595727735687044,-1.1099901739376037,-0.502969299721533,-0.45171824080753625,1.4544314045358888,-1.177851894974348,0.06599664927436881,-1.461440576166749,1.223084927745918,0.5763988794695595,0.03455021005991044,1.1194360252487263,-1.0161329645585022,0
-0.12657084635623306,-1.1099901739376037,-1.179024470547907,-0.5622017091882503,-0.06640278899360229,-1.177851894974348,0.4618928886099787,-0.3041918912684436,-1.6705176710108995,1.6084391947673204,0.29255569570563505,-0.30919030363785477,-1.0161329645585022,1
-0.12657084635623306,-1.1099901739376037,-1.179024470547907,-0.44844921880141736,-0.5733475201700994,0.21058638994196582,0.06599664927436881,-0.8828162337175963,1.223084927745918,0.5763988794695595,0.29255569570563505,-0.17029607721832604,0.9841231756854657,0
-0.12657084635623306,-1.1099901739376037,1.5251962127575889,3.9715685886313112,-0.06640278899360229,0.9048055324001227,0.06599664927436881,-0.3041918912684436,1.3103629643673533,-1.2583394588375707,1.066572152642809,0.40512286080543575,0.9841231756854657,0
0.38177641932588297,0.9009088760241706,-0.502969299721533,-0.4467120573488904,-0.06640278899360229,0.21058638994196582,-1.327558113186978,-0.8828162337175963,-1.4724636648314886,-1.3730106049817663,0.5505611813513597,1.6750129309268411,0.9841231756854657,0
0.7206745964472937,-1.1099901739376037,1.5251962127575889,-0.7639967004645172,0.7785050963005594,0.9048055324001227,0.05807872448765661,-0.8828162337175963,0.561785957960427,2.0671237793441026,0.29255569570563505,0.9408577341379036,-1.0161329645585022,1
0.7206745964472937,0.9009088760241706,-1.179024470547907,-0.768386981226358,1.2854498274770565,0.9048055324001227,-0.7416316789702754,0.2744324511807092,-1.623521805137819,0.23238544103697253,0.03455021005991044,0.821805540064022,0.9841231756854657,0
0.0428782422044723,-1.1099901739376037,-0.502969299721533,-0.45050222779076743,-0.23538436605243465,-1.177851894974348,-0.3615712892080899,1.4316811360790147,0.001192415045823164,0.003043148748581378,0.8085666669970842,0.5638591195706114,-1.0161329645585022,0
-0.12657084635623306,-1.1099901739376037,-0.502969299721533,-0.6784336027391443,-0.23538436605243465,0.9048055324001227,-0.7416316789702754,0.2744324511807092,0.23617174441122635,-0.11162799739561437,-0.22345527558581418,-0.9044512740072636,0.9841231756854657,0
0.5512255078865883,0.9009088760241706,-0.502969299721533,-0.7850637311706167,0.2715603651240624,0.9048055324001227,0.05411976209430051,-1.461440576166749,-1.4724636648314886,2.1817949254882985,0.03455021005991044,-0.6068207888225592,-1.0161329645585022,1
0.890123685007999,0.9009088760241706,-0.502969299721533,-0.44818074839511773,0.6095235192417271,0.21058638994196582,-0.7257958293968509,1.4316811360790147,-0.1397951825734185,-0.45564143582820127,0.03455021005991044,0.8813316371009629,-1.0161329645585022,0
0.38177641932588297,0.9009088760241706,0.17308587110484092,0.5246138726431328,0.7785050963005594,0.9048055324001227,0.05411976209430051,-0.8828162337175963,0.3637319517810161,-0.570312581972397,0.29255569570563505,0.8614896047553159,-1.0161329645585022,0
0.0428782422044723,0.9009088760241706,1.5251962127575889,-0.5131190019659434,0.2715603651240624,0.9048055324001227,0.05016079970094441,1.4316811360790147,-0.018948670328354386,0.8057411717579506,0.03455021005991044,-1.7973427295613766,0.9841231756854657,0
0.5512255078865883,0.9009088760241706,1.5251962127575889,-0.45831945432713866,0.7785050963005594,0.9048055324001227,0.05016079970094441,0.853056793629862,0.2965950005337584,0.5763988794695595,1.066572152642809,0.9606997664835506,-1.0161329645585022,0
-0.12657084635623306,0.9009088760241706,1.5251962127575889,-0.2967318544884501,-0.06640278899360229,0.9048055324001227,0.05016079970094441,0.853056793629862,1.1223795008750308,0.23238544103697253,-0.22345527558581418,-0.03140185079879733,0.9841231756854657,0
0.7206745964472937,0.9009088760241706,-0.502969299721533,0.0766631035437971,0.10257878806523006,0.9048055324001227,0.04224287491423221,0.853056793629862,-1.0931398902844813,-0.2262991435398101,0.8085666669970842,-0.26950623894656084,-1.0161329645585022,0
0.7206745964472937,0.9009088760241706,-1.179024470547907,-0.768892337285275,0.6095235192417271,0.9048055324001227,0.034324950127520015,-0.3041918912684436,0.4107278176540969,1.952452633199907,0.5505611813513597,1.1591200899400202,-1.0161329645585022,1
0.38177641932588297,0.9009088760241706,-1.179024470547907,-0.5160879688120803,0.6095235192417271,0.9048055324001227,0.034324950127520015,0.853056793629862,0.15896425047687956,0.8057411717579506,-0.22345527558581418,-0.4282424977117365,0.9841231756854657,0
-0.12657084635623306,0.9009088760241706,-1.179024470547907,-0.3397502890037538,-0.5733475201700994,0.9048055324001227,0.034324950127520015,-0.8828162337175963,-0.811164695045998,0.3470565871811683,-0.22345527558581418,0.26622863438590705,0.9841231756854657,0
0.5512255078865883,-1.1099901739376037,-0.502969299721533,-0.45819311531240947,-0.06640278899360229,-1.177851894974348,-0.09236184645987515,0.2744324511807092,-1.3482603050240614,0.4617277333253637,0.5505611813513597,-0.15045404487267908,-1.0161329645585022,0
0.38177641932588297,0.9009088760241706,1.5251962127575889,-0.4472963752920131,-0.06640278899360229,0.21058638994196582,-0.8841543251310949,0.853056793629862,1.417782086362966,-0.6849837281165926,0.8085666669970842,-0.686188918205147,0.9841231756854657,0
1.2290218621294098,0.9009088760241706,-0.502969299721533,-0.5631650441755607,1.1164682504182242,-1.177851894974348,1.0161476236798326,-0.8828162337175963,-0.005521280078902488,2.525808363920885,0.5505611813513597,0.3455967637684949,-1.0161329645585022,1
0.0428782422044723,0.9009088760241706,-1.179024470547907,-0.44470642549006384,-0.404365943111267,-1.177851894974348,-0.5674373336626071,-0.3041918912684436,-1.8752853723150364,-0.2262991435398101,0.8085666669970842,1.317856348705196,-1.0161329645585022,0
-0.12657084635623306,-1.1099901739376037,0.8491410419312149,-0.4432061496901542,-0.23538436605243465,-1.177851894974348,-0.963333572998217,0.853056793629862,-0.8447331706696268,-0.7996548742607882,0.8085666669970842,-0.11076998018138517,0.9841231756854657,0
0.5512255078865883,0.9009088760241706,-1.179024470547907,-0.8561610117094924,0.10257878806523006,0.9048055324001227,0.026407025340807817,0.2744324511807092,2.0757242085860943,2.7551506562092767,0.03455021005991044,1.35754041339649,-1.0161329645585022,1
0.0428782422044723,-1.1099901739376037,1.5251962127575889,-0.840842406173573,-0.404365943111267,0.9048055324001227,0.026407025340807817,1.4316811360790147,0.001192415045823164,2.640479510065081,1.066572152642809,-0.44808453005738347,-1.0161329645585022,1
0.0428782422044723,0.9009088760241706,1.5251962127575889,-0.6340412314386602,0.4405419421828948,0.9048055324001227,-0.7416316789702754,0.2744324511807092,1.045172006940684,-0.2262991435398101,0.29255569570563505,1.0202258635204915,-1.0161329645585022,1
-0.12657084635623306,0.9009088760241706,-1.179024470547907,-0.4290561800404802,-0.06640278899360229,0.9048055324001227,-0.7416316789702754,1.4316811360790147,-0.3680608168140954,-0.570312581972397,-0.22345527558581418,0.9210157017922567,-1.0161329645585022,0
0.890123685007999,0.9009088760241706,-1.179024470547907,-0.5273163487461409,0.7785050963005594,0.9048055324001227,-0.7416316789702754,-0.8828162337175963,-0.2438574570066685,-0.34097028968400567,0.03455021005991044,-0.17029607721832604,-1.0161329645585022,1
0.21232733076517762,0.9009088760241706,1.5251962127575889,-0.03246222042857763,0.2715603651240624,0.9048055324001227,-0.7416316789702754,0.853056793629862,0.001192415045823164,-0.9143260204049839,1.066572152642809,1.278172284013902,0.9841231756854657,0
0.0428782422044723,0.9009088760241706,-0.502969299721533,-0.4524920672727528,0.6095235192417271,0.9048055324001227,-0.7376727165769192,0.853056793629862,0.16232109803924238,-0.45564143582820127,0.29255569570563505,1.4170665104334308,-1.0161329645585022,0
-0.12657084635623306,0.9009088760241706,1.5251962127575889,-0.6841504431556421,-0.404365943111267,0.9048055324001227,-0.7297547917902071,0.853056793629862,-0.21364582894540246,0.003043148748581378,1.066572152642809,0.9011736694466097,-1.0161329645585022,0
0.38177641932588297,-1.1099901739376037,-1.179024470547907,-0.45051802016760856,0.7785050963005594,0.21058638994196582,-0.2507203421941191,0.2744324511807092,0.665848232393677,0.23238544103697253,0.8085666669970842,0.14717644031202531,0.9841231756854657,0
0.890123685007999,0.9009088760241706,-1.179024470547907,-0.4433166963280423,1.1164682504182242,-1.177851894974348,-0.08444392167316296,0.853056793629862,-1.1804179269059165,0.3470565871811683,0.29255569570563505,0.22654456969461315,-1.0161329645585022,0
0.21232733076517762,0.9009088760241706,-1.179024470547907,-0.7145033914443403,-0.06640278899360229,0.9048055324001227,-0.7257958293968509,1.4316811360790147,0.001192415045823164,0.003043148748581378,1.066572152642809,-0.011559818453150373,-1.0161329645585022,0
0.21232733076517762,-1.1099901739376037,-0.502969299721533,-0.7169670022315603,-0.23538436605243465,0.9048055324001227,-0.7257958293968509,0.2744324511807092,1.6997572816014495,0.003043148748581378,0.5505611813513597,-0.5274526594399713,-1.0161329645585022,1
0.21232733076517762,-1.1099901739376037,-0.502969299721533,-0.7163510995347553,0.10257878806523006,0.9048055324001227,-0.7257958293968509,0.2744324511807092,-1.2475548781531747,0.003043148748581378,0.8085666669970842,0.801963507718375,-1.0161329645585022,0
1.0595727735687044,-1.1099901739376037,-1.179024470547907,-0.45257102915695857,0.9474866733593919,-1.177851894974348,-1.2008713165995828,-0.3041918912684436,-1.7510820125076092,-1.143668312693375,0.5505611813513597,1.5162766721616654,-1.0161329645585022,0
0.0428782422044723,-1.1099901739376037,-1.179024470547907,-0.6978740186306049,-0.5733475201700994,0.9048055324001227,-0.7257958293968509,1.4316811360790147,-0.11965409719924096,0.003043148748581378,0.8085666669970842,-0.22982217425526694,0.9841231756854657,0
0.7206745964472937,0.9009088760241706,-1.179024470547907,-0.7013957186661823,0.9474866733593919,0.9048055324001227,-0.7257958293968509,0.2744324511807092,-0.1397951825734185,0.003043148748581378,0.8085666669970842,0.18686050500331922,-1.0161329645585022,0
0.5512255078865883,-1.1099901739376037,-0.502969299721533,-0.7046015711649366,0.4405419421828948,0.9048055324001227,-0.7257958293968509,1.4316811360790147,-0.5896127559300467,0.003043148748581378,0.29255569570563505,1.4369085427790778,0.9841231756854657,0
-0.12657084635623306,0.9009088760241706,-1.179024470547907,-0.7009377397377888,0.4405419421828948,0.9048055324001227,-0.7257958293968509,-0.8828162337175963,1.327147202179168,0.003043148748581378,-0.22345527558581418,-0.3488743683291487,-1.0161329645585022,0
-0.12657084635623306,0.9009088760241706,1.5251962127575889,-0.6976055482243054,-0.23538436605243465,0.9048055324001227,-0.7257958293968509,0.853056793629862,0.7229146409538463,0.003043148748581378,-0.22345527558581418,-1.0235034680811452,-1.0161329645585022,0
0.21232733076517762,-1.1099901739376037,-0.502969299721533,-0.6944154881023923,-0.404365943111267,0.9048055324001227,-0.7257958293968509,1.4316811360790147,1.417782086362966,0.003043148748581378,0.29255569570563505,0.6233852166075523,-1.0161329645585022,0
0.7206745964472937,0.9009088760241706,-0.502969299721533,-0.45563475026414246,0.2715603651240624,-1.177851894974348,0.1253810851747103,-1.461440576166749,-1.8752853723150364,0.6910700256137552,0.29255569570563505,0.0479662785837905,0.9841231756854657,0
0.7206745964472937,0.9009088760241706,0.8491410419312149,-0.4459224385068327,0.7785050963005594,-1.177851894974348,-1.323599150793622,0.853056793629862,-1.7510820125076092,-1.3730106049817663,1.066572152642809,-0.13061201252703214,0.9841231756854657,0
1.0595727735687044,-1.1099901739376037,1.5251962127575889,-0.6882564611343421,0.9474866733593919,0.9048055324001227,-0.7257958293968509,1.4316811360790147,-0.21700267650776528,0.003043148748581378,0.29255569570563505,0.3455967637684949,-1.0161329645585022,0
0.0428782422044723,-1.1099901739376037,-0.502969299721533,-0.4559821825546479,-0.06640278899360229,-1.177851894974348,-0.7257958293968509,-0.8828162337175963,-0.21364582894540246,-0.45564143582820127,-0.22345527558581418,0.7027533459901402,0.9841231756854657,0
0.890123685007999,-1.1099901739376037,1.5251962127575889,-0.448512388308782,1.2854498274770565,-1.177851894974348,-0.09236184645987515,-0.8828162337175963,-1.7510820125076092,0.3470565871811683,-0.22345527558581418,-0.5869787564769122,0.9841231756854657,0
1.0595727735687044,-1.1099901739376037,0.8491410419312149,-0.4498231555865978,1.4544314045358888,-1.177851894974348,-0.3298995900612411,0.2744324511807092,0.03476089066945202,0.1177142948927768,0.29255569570563505,-0.4282424977117365,-1.0161329645585022,0
0.5512255078865883,-1.1099901739376037,-0.502969299721533,-0.6768543650550289,0.10257878806523006,0.9048055324001227,-0.7257958293968509,-0.3041918912684436,-0.3680608168140954,-0.11162799739561437,-0.22345527558581418,-0.09092794783573821,-1.0161329645585022,1
0.21232733076517762,0.9009088760241706,1.5251962127575889,-0.6820184722820863,-0.404365943111267,0.9048055324001227,-0.7257958293968509,0.2744324511807092,0.16232109803924238,0.003043148748581378,0.8085666669970842,0.22654456969461315,-1.0161329645585022,0
-0.12657084635623306,-1.1099901739376037,0.17308587110484092,-0.673380042149975,-0.5733475201700994,0.9048055324001227,-0.7257958293968509,0.2744324511807092,0.9108981044461687,-0.11162799739561437,0.5505611813513597,1.278172284013902,-1.0161329645585022,0
0.0428782422044723,-1.1099901739376037,0.17308587110484092,-0.6781177552023212,0.2715603651240624,0.9048055324001227,-0.7257958293968509,0.853056793629862,-1.623521805137819,0.003043148748581378,0.03455021005991044,1.4170665104334308,0.9841231756854657,0
0.0428782422044723,0.9009088760241706,-0.502969299721533,-0.6798233319011658,0.2715603651240624,0.9048055324001227,-0.7257958293968509,0.2744324511807092,-0.37813135950118393,0.003043148748581378,0.5505611813513597,0.801963507718375,-1.0161329645585022,0
0.890123685007999,0.9009088760241706,1.5251962127575889,-0.6779440390570686,0.7785050963005594,0.9048055324001227,-0.7257958293968509,0.2744324511807092,-1.0964967378468442,0.003043148748581378,0.5505611813513597,0.9210157017922567,-1.0161329645585022,0
0.21232733076517762,-1.1099901739376037,-0.502969299721533,-0.5621385396808857,0.2715603651240624,-1.177851894974348,-0.2507203421941191,0.853056793629862,-1.4993184453303918,0.4617277333253637,0.5505611813513597,-0.9242933063529105,-1.0161329645585022,1
0.0428782422044723,-1.1099901739376037,-1.179024470547907,-0.44735954479937773,-0.23538436605243465,-1.177851894974348,0.38271364074285674,-1.461440576166749,-0.4654093961226198,1.035083464046342,0.29255569570563505,-0.5472946917856183,-1.0161329645585022,0
0.21232733076517762,-1.1099901739376037,-0.502969299721533,-0.6753856740088016,0.9474866733593919,0.9048055324001227,-0.7257958293968509,1.4316811360790147,-0.5661148229935064,-0.11162799739561437,-0.22345527558581418,1.714696995618135,0.9841231756854657,0
0.38177641932588297,-1.1099901739376037,-1.179024470547907,-0.6763174242424297,0.4405419421828948,0.9048055324001227,-0.7257958293968509,-0.8828162337175963,1.2465828606824585,-0.11162799739561437,1.066572152642809,0.782121475372728,0.9841231756854657,0
0.21232733076517762,0.9009088760241706,0.8491410419312149,-0.6639835779294884,-0.23538436605243465,0.9048055324001227,-0.7257958293968509,0.2744324511807092,1.327147202179168,-0.11162799739561437,0.5505611813513597,-0.8647672093159696,-1.0161329645585022,0
0.7206745964472937,0.9009088760241706,-0.502969299721533,-0.6602249922412936,0.2715603651240624,0.9048055324001227,-0.7257958293968509,1.4316811360790147,0.16232109803924238,-0.11162799739561437,1.066572152642809,1.0400678958661385,-1.0161329645585022,0
0.38177641932588297,-1.1099901739376037,-1.179024470547907,-0.6609514415759867,0.4405419421828948,0.9048055324001227,-0.7257958293968509,1.4316811360790147,-0.3680608168140954,-0.11162799739561437,1.066572152642809,-0.6266628211682062,-1.0161329645585022,0
1.2290218621294098,0.9009088760241706,-0.502969299721533,-0.6585352079192902,1.2854498274770565,0.9048055324001227,-0.7257958293968509,1.4316811360790147,1.1223795008750308,-0.11162799739561437,0.29255569570563505,1.5559607368529593,-1.0161329645585022,0
0.21232733076517762,-1.1099901739376037,1.5251962127575889,-0.6623727554916906,0.10257878806523006,0.9048055324001227,-0.7257958293968509,-1.461440576166749,-0.46205254856025635,-0.11162799739561437,0.5505611813513597,0.8813316371009629,-1.0161329645585022,0
1.0595727735687044,0.9009088760241706,-0.502969299721533,-0.45688234803459365,0.9474866733593919,0.21058638994196582,2.0850674698859795,1.4316811360790147,-1.3751150855229646,3.5578486792186466,1.066572152642809,0.9210157017922567,-1.0161329645585022,0
0.5512255078865883,-1.1099901739376037,-1.179024470547907,-0.4536607031589982,0.6095235192417271,0.21058638994196582,-0.3774071387815143,-0.3041918912684436,-0.34120603631519225,0.003043148748581378,0.5505611813513597,0.2463866020402601,0.9841231756854657,0
1.2290218621294098,-1.1099901739376037,-1.179024470547907,-0.646122399722143,1.6234129815947211,0.9048055324001227,-0.7257958293968509,0.2744324511807092,-0.34120603631519225,-0.11162799739561437,0.8085666669970842,0.14717644031202531,0.9841231756854657,0
0.0428782422044723,0.9009088760241706,0.17308587110484092,-0.44601719276787966,-0.06640278899360229,-1.177851894974348,0.22435514500861276,1.4316811360790147,-1.8752853723150364,0.8057411717579506,0.29255569570563505,0.7622794430270811,-1.0161329645585022,0
0.0428782422044723,0.9009088760241706,-1.179024470547907,-0.6371839144300498,0.6095235192417271,0.9048055324001227,-0.7257958293968509,0.2744324511807092,-1.3482603050240614,-0.11162799739561437,0.29255569570563505,-0.03140185079879733,0.9841231756854657,0
-0.12657084635623306,0.9009088760241706,0.8491410419312149,-0.4539765506958213,0.10257878806523006,-1.177851894974348,-0.2507203421941191,0.853056793629862,0.8739727812601764,0.23238544103697253,0.8085666669970842,0.028124246238143545,-1.0161329645585022,0
0.21232733076517762,0.9009088760241706,1.5251962127575889,-0.6292561412557905,-0.23538436605243465,0.9048055324001227,-0.7257958293968509,0.2744324511807092,-0.707102420612748,-0.2262991435398101,0.5505611813513597,-1.0631875327724392,0.9841231756854657,0
-0.12657084635623306,-1.1099901739376037,1.5251962127575889,-0.6312775654914582,-0.23538436605243465,0.9048055324001227,-0.7257958293968509,0.2744324511807092,0.001192415045823164,-0.11162799739561437,0.03455021005991044,-1.6386064707962011,0.9841231756854657,0
0.21232733076517762,0.9009088760241706,-0.502969299721533,-0.4463804174352262,0.2715603651240624,0.21058638994196582,-1.121692068732461,0.2744324511807092,-1.4254677989584081,-1.0289971665491795,-0.22345527558581418,-0.22982217425526694,0.9841231756854657,0
0.7206745964472937,-1.1099901739376037,-0.502969299721533,-0.6307406246788589,0.6095235192417271,0.9048055324001227,-0.7257958293968509,-0.8828162337175963,0.001192415045823164,-0.11162799739561437,0.03455021005991044,1.1591200899400202,0.9841231756854657,0
0.890123685007999,0.9009088760241706,-0.502969299721533,-0.44765959995935967,1.2854498274770565,-1.177851894974348,-0.5040939353689095,1.4316811360790147,-1.0495008719737637,-0.2262991435398101,1.066572152642809,-0.9441353386985575,-1.0161329645585022,0
-0.12657084635623306,0.9009088760241706,0.8491410419312149,-0.6224812115909354,-0.06640278899360229,0.9048055324001227,-0.7257958293968509,0.853056793629862,1.4110683912382405,-0.2262991435398101,0.8085666669970842,-0.07108591549009124,0.9841231756854657,0
0.0428782422044723,0.9009088760241706,0.8491410419312149,-0.4540870973337094,0.10257878806523006,-1.177851894974348,0.06599664927436881,0.853056793629862,-0.0860856215756121,0.6910700256137552,0.8085666669970842,0.5638591195706114,-1.0161329645585022,0
0.21232733076517762,0.9009088760241706,1.5251962127575889,-0.6208545967762965,0.2715603651240624,0.9048055324001227,-0.7257958293968509,0.2744324511807092,-0.707102420612748,-0.2262991435398101,0.29255569570563505,1.0797519605574324,-1.0161329645585022,0
-0.12657084635623306,0.9009088760241706,-0.502969299721533,-0.6146166079240407,0.10257878806523006,0.9048055324001227,-0.7257958293968509,0.853056793629862,-0.33784918875282943,-0.2262991435398101,1.066572152642809,1.0995939929030794,0.9841231756854657,0
-0.12657084635623306,-1.1099901739376037,0.8491410419312149,-0.45159190179280706,-0.404365943111267,0.21058638994196582,-0.17154109432699713,0.853056793629862,-0.21028898138303903,0.3470565871811683,0.29255569570563505,-2.9680226379545473,0.9841231756854657,0
-0.12657084635623306,0.9009088760241706,-0.502969299721533,-0.6191806048311342,-0.5733475201700994,0.9048055324001227,-0.7257958293968509,-0.8828162337175963,1.0787404825643134,-0.2262991435398101,1.066572152642809,0.3455967637684949,0.9841231756854657,0
0.21232733076517762,0.9009088760241706,-1.179024470547907,-0.44784910848145354,-0.06640278899360229,-1.177851894974348,-1.121692068732461,0.2744324511807092,0.9981761410676039,-1.0289971665491795,0.5505611813513597,-1.3806600503027906,-1.0161329645585022,0
0.0428782422044723,-1.1099901739376037,0.8491410419312149,-0.6022353844805759,0.10257878806523006,0.9048055324001227,-0.7257958293968509,1.4316811360790147,-1.8752853723150364,-0.2262991435398101,0.5505611813513597,1.258330251668255,-1.0161329645585022,0
-0.12657084635623306,-1.1099901739376037,0.8491410419312149,-0.4473279600456954,-0.23538436605243465,-1.177851894974348,-0.8524826259842462,-0.3041918912684436,-1.4254677989584081,-0.6849837281165926,0.29255569570563505,0.5241750548793175,-1.0161329645585022,0
0.21232733076517762,-1.1099901739376037,0.8491410419312149,-0.6077943011286621,-0.06640278899360229,0.9048055324001227,-0.7257958293968509,-1.461440576166749,0.9780350556934264,-0.2262991435398101,1.066572152642809,-0.2893482712922078,-1.0161329645585022,0
-0.12657084635623306,0.9009088760241706,1.5251962127575889,-0.6047621647751605,-0.23538436605243465,0.9048055324001227,-0.7257958293968509,0.2744324511807092,0.6255660616453219,-0.2262991435398101,0.03455021005991044,-0.46792656240303043,0.9841231756854657,0
0.21232733076517762,-1.1099901739376037,0.8491410419312149,-0.45100758384968437,-0.23538436605243465,-1.177851894974348,-0.2823920413409679,0.853056793629862,0.7061304031420315,0.1177142948927768,0.8085666669970842,-1.0631875327724392,-1.0161329645585022,0
0.38177641932588297,0.9009088760241706,-1.179024470547907,-0.4491756681361105,0.2715603651240624,-1.177851894974348,-1.042512820865339,-0.8828162337175963,1.451350561986595,-0.9143260204049839,0.8085666669970842,1.0400678958661385,-1.0161329645585022,0
0.5512255078865883,-1.1099901739376037,-0.502969299721533,-0.6052675208340774,0.10257878806523006,0.9048055324001227,-0.7257958293968509,-1.461440576166749,-1.8752853723150364,-0.2262991435398101,0.29255569570563505,-0.8052411122790287,0.9841231756854657,0
-0.12657084635623306,-1.1099901739376037,1.5251962127575889,-0.6023301387416228,0.10257878806523006,0.9048055324001227,-0.7257958293968509,0.2744324511807092,0.9343960373827085,-0.2262991435398101,1.066572152642809,0.5440170872249644,0.9841231756854657,0
0.0428782422044723,0.9009088760241706,-0.502969299721533,-0.448101786510912,0.2715603651240624,-1.177851894974348,-0.17154109432699713,0.853056793629862,1.327147202179168,0.23238544103697253,1.066572152642809,0.9606997664835506,0.9841231756854657,0
1.2290218621294098,-1.1099901739376037,-1.179024470547907,-0.5859060668268226,1.9613761357123858,0.9048055324001227,-0.7257958293968509,0.2744324511807092,-1.6805882136979884,-0.2262991435398101,0.03455021005991044,0.9805417988291976,-1.0161329645585022,1
0.5512255078865883,0.9009088760241706,-0.502969299721533,-0.5816421250797109,0.4405419421828948,0.9048055324001227,-0.7257958293968509,1.4316811360790147,-0.11965409719924096,-0.2262991435398101,-0.22345527558581418,0.9408577341379036,-1.0161329645585022,0
0.0428782422044723,-1.1099901739376037,1.5251962127575889,-0.6893145503826995,0.10257878806523006,0.9048055324001227,-0.7257958293968509,0.853056793629862,1.6628319584154578,0.003043148748581378,0.29255569570563505,1.794065125000723,-1.0161329645585022,1
0.890123685007999,-1.1099901739376037,-1.179024470547907,-0.5754041362274551,0.4405419421828948,0.9048055324001227,-0.7257958293968509,0.853056793629862,-0.707102420612748,-0.2262991435398101,-0.22345527558581418,0.7424374106814341,0.9841231756854657,0
-0.12657084635623306,-1.1099901739376037,-1.179024470547907,-0.5799997178882309,-0.06640278899360229,0.9048055324001227,-0.7257958293968509,-1.461440576166749,0.16232109803924238,-0.2262991435398101,0.5505611813513597,0.8614896047553159,-1.0161329645585022,0
0.21232733076517762,0.9009088760241706,-0.502969299721533,-0.5829686847343679,-0.06640278899360229,0.9048055324001227,-0.7257958293968509,0.2744324511807092,0.001192415045823164,-0.2262991435398101,0.8085666669970842,-0.32903233598350173,-1.0161329645585022,0
-0.12657084635623306,0.9009088760241706,-1.179024470547907,-0.5809788452523824,-0.404365943111267,0.9048055324001227,-0.7257958293968509,0.2744324511807092,-0.0860856215756121,-0.2262991435398101,0.5505611813513597,0.9011736694466097,0.9841231756854657,0
0.7206745964472937,-1.1099901739376037,-0.502969299721533,-0.44172166626708576,0.10257878806523006,0.21058638994196582,0.12934004756806639,0.853056793629862,0.04483143335654109,0.6910700256137552,0.8085666669970842,-0.44808453005738347,0.9841231756854657,0
-0.12657084635623306,-1.1099901739376037,-0.502969299721533,-0.5619174464051094,0.10257878806523006,-1.177851894974348,0.8894608270924373,-1.461440576166749,1.7937490133476108,2.2964660716324943,0.03455021005991044,0.782121475372728,-1.0161329645585022,1
1.2290218621294098,-1.1099901739376037,1.5251962127575889,-0.5692135245057227,0.9474866733593919,0.9048055324001227,-0.7257958293968509,0.2744324511807092,-0.3680608168140954,-0.34097028968400567,-0.22345527558581418,1.5956448015442533,-1.0161329645585022,0
1.2290218621294098,-1.1099901739376037,1.5251962127575889,-0.5594696279947305,0.7785050963005594,0.9048055324001227,-0.7257958293968509,-1.461440576166749,-1.173704231781191,-0.34097028968400567,-0.22345527558581418,1.1392780575943733,-1.0161329645585022,0
0.7206745964472937,0.9009088760241706,-1.179024470547907,-0.4508180753275905,0.7785050963005594,-1.177851894974348,-0.09236184645987515,1.4316811360790147,-1.0964967378468442,0.4617277333253637,0.5505611813513597,0.7424374106814341,0.9841231756854657,0
0.21232733076517762,0.9009088760241706,-0.502969299721533,-0.45097599909600206,0.2715603651240624,-1.177851894974348,-1.121692068732461,-0.3041918912684436,-1.0964967378468442,-1.0289971665491795,0.29255569570563505,0.9210157017922567,-1.0161329645585022,0
-0.12657084635623306,0.9009088760241706,0.8491410419312149,-0.6790810901896316,-0.06640278899360229,0.9048055324001227,-0.7257958293968509,-1.461440576166749,2.344272013575125,0.003043148748581378,1.066572152642809,0.20670253734896618,-1.0161329645585022,1
0.21232733076517762,-1.1099901739376037,-1.179024470547907,-0.45318693185376363,0.10257878806523006,-1.177851894974348,-0.17154109432699713,-0.8828162337175963,-0.018948670328354386,0.3470565871811683,0.03455021005991044,-0.46792656240303043,0.9841231756854657,0
-0.12657084635623306,-1.1099901739376037,-1.179024470547907,-0.562691272870326,-0.06640278899360229,0.9048055324001227,-0.7257958293968509,-0.8828162337175963,-0.46205254856025635,-0.34097028968400567,0.5505611813513597,-0.5869787564769122,-1.0161329645585022,0
0.0428782422044723,0.9009088760241706,1.5251962127575889,-0.45070752868970243,0.4405419421828948,0.21058638994196582,0.8577891279455886,1.4316811360790147,0.8269769153870962,1.7231103409115156,0.8085666669970842,-2.5116558940046674,0.9841231756854657,0
0.5512255078865883,0.9009088760241706,-1.179024470547907,-0.5562479831191351,0.10257878806523006,0.9048055324001227,-0.7257958293968509,0.2744324511807092,-0.21700267650776528,-0.34097028968400567,0.8085666669970842,1.1194360252487263,0.9841231756854657,0
0.38177641932588297,-1.1099901739376037,-1.179024470547907,-0.5643968495691707,0.2715603651240624,0.9048055324001227,-0.7257958293968509,1.4316811360790147,-0.0860856215756121,-0.34097028968400567,-0.22345527558581418,-0.8846092416616166,-1.0161329645585022,0
0.7206745964472937,-1.1099901739376037,-0.502969299721533,-0.5652180531649107,1.1164682504182242,0.9048055324001227,-0.7257958293968509,1.4316811360790147,0.27645391515958084,-0.34097028968400567,1.066572152642809,-0.26950623894656084,0.9841231756854657,0
0.21232733076517762,-1.1099901739376037,0.8491410419312149,-0.5632440060597664,-0.404365943111267,0.9048055324001227,-0.7257958293968509,0.2744324511807092,0.001192415045823164,-0.34097028968400567,-0.22345527558581418,-1.8171847619070236,0.9841231756854657,0
-0.12657084635623306,-1.1099901739376037,-1.179024470547907,-0.4530132157085109,0.10257878806523006,-1.177851894974348,1.6495816066168083,1.4316811360790147,0.6154955189582334,2.869821802353472,0.29255569570563505,-0.07108591549009124,0.9841231756854657,0
0.0428782422044723,0.9009088760241706,1.5251962127575889,-0.45024954976130893,0.2715603651240624,0.21058638994196582,-0.5674373336626071,0.2744324511807092,0.6154955189582334,-0.2262991435398101,0.8085666669970842,1.3972244780877838,0.9841231756854657,0
0.38177641932588297,-1.1099901739376037,0.8491410419312149,-0.544640586140887,-0.23538436605243465,0.9048055324001227,-0.7257958293968509,0.853056793629862,0.30330869565848406,-0.34097028968400567,0.03455021005991044,-0.5076106270943244,0.9841231756854657,0
0.7206745964472937,-1.1099901739376037,-0.502969299721533,-0.4514655627780778,0.7785050963005594,0.21058638994196582,-1.2325430157464317,0.2744324511807092,-0.2707122375055717,-1.143668312693375,0.8085666669970842,-1.2219237915376149,0.9841231756854657,0
0.21232733076517762,0.9009088760241706,-0.502969299721533,-0.44735954479937773,0.10257878806523006,-1.177851894974348,-0.3298995900612411,1.4316811360790147,0.001192415045823164,0.1177142948927768,0.8085666669970842,-0.4282424977117365,0.9841231756854657,0
0.7206745964472937,0.9009088760241706,-0.502969299721533,-0.543929929183035,0.6095235192417271,0.9048055324001227,-0.7257958293968509,1.4316811360790147,0.16232109803924238,-0.34097028968400567,0.29255569570563505,1.8337491896920168,-1.0161329645585022,0
0.7206745964472937,0.9009088760241706,-1.179024470547907,-0.544340530980905,0.4405419421828948,0.9048055324001227,-0.7257958293968509,-0.8828162337175963,-0.4654093961226198,-0.34097028968400567,0.29255569570563505,0.008282213892496587,-1.0161329645585022,0
-0.12657084635623306,0.9009088760241706,1.5251962127575889,-0.5625333491019144,-0.911310674287764,-1.177851894974348,-0.43679157468185575,-0.8828162337175963,-0.901799579229796,0.1177142948927768,0.8085666669970842,0.8416475724096689,-1.0161329645585022,1
0.7206745964472937,0.9009088760241706,1.5251962127575889,-0.54495643367771,0.4405419421828948,0.9048055324001227,-0.7257958293968509,1.4316811360790147,0.5114332445249834,-0.34097028968400567,0.8085666669970842,-0.051243883144444294,0.9841231756854657,0
0.7206745964472937,-1.1099901739376037,-0.502969299721533,-0.5396501950590822,0.9474866733593919,0.9048055324001227,-0.7257958293968509,0.2744324511807092,-1.6705176710108995,-0.34097028968400567,0.8085666669970842,1.278172284013902,0.9841231756854657,0
-0.12657084635623306,-1.1099901739376037,0.8491410419312149,-0.6464540396358073,0.6095235192417271,0.9048055324001227,-0.7257958293968509,-0.3041918912684436,-1.4724636648314886,-0.11162799739561437,0.29255569570563505,-1.3211339532658497,-1.0161329645585022,1
0.0428782422044723,-1.1099901739376037,1.5251962127575889,-0.5642705105544414,-0.06640278899360229,-1.177851894974348,0.9290504510259984,0.2744324511807092,0.001192415045823164,2.411137217776689,0.5505611813513597,0.46464895784237664,-1.0161329645585022,1
0.7206745964472937,0.9009088760241706,-0.502969299721533,-0.5275532343987582,0.2715603651240624,0.9048055324001227,-0.7257958293968509,1.4316811360790147,1.7937490133476108,-0.34097028968400567,-0.22345527558581418,0.46464895784237664,-1.0161329645585022,0
0.7206745964472937,-1.1099901739376037,-0.502969299721533,-0.6397106947246345,1.1164682504182242,0.9048055324001227,-0.7257958293968509,-1.461440576166749,2.431550050196561,-0.11162799739561437,0.29255569570563505,0.4249648931510827,-1.0161329645585022,1
-0.12657084635623306,-1.1099901739376037,-0.502969299721533,-0.5631808365524018,0.2715603651240624,-1.177851894974348,-0.7257958293968509,-0.8828162337175963,-1.4724636648314886,-0.34097028968400567,0.8085666669970842,-0.8052411122790287,-1.0161329645585022,1
0.21232733076517762,-1.1099901739376037,-1.179024470547907,-0.6398844108698872,0.10257878806523006,0.9048055324001227,-0.7257958293968509,0.853056793629862,1.286865031430813,-0.11162799739561437,0.5505611813513597,0.6432272489531993,-1.0161329645585022,1
0.21232733076517762,-1.1099901739376037,1.5251962127575889,-0.4452117815489808,0.2715603651240624,0.21058638994196582,-1.121692068732461,-0.8828162337175963,-1.0092187012254088,-1.0289971665491795,-0.22345527558581418,-0.36871640067479566,-1.0161329645585022,0
0.21232733076517762,-1.1099901739376037,0.8491410419312149,-0.526400390889354,0.2715603651240624,0.9048055324001227,-0.7257958293968509,0.2744324511807092,0.11868207972852446,-0.34097028968400567,-0.22345527558581418,0.4249648931510827,-1.0161329645585022,0
-0.12657084635623306,0.9009088760241706,-0.502969299721533,-0.4471384515236016,-0.5733475201700994,-0.4836327525161911,-1.1375279183058853,1.4316811360790147,-1.0964967378468442,-1.0289971665491795,0.5505611813513597,-1.0036614357354983,-1.0161329645585022,0
0.0428782422044723,-1.1099901739376037,-1.179024470547907,-0.44705948963939585,0.10257878806523006,-1.177851894974348,0.5727438356239495,1.4316811360790147,0.15896425047687956,1.379096902478929,0.5505611813513597,0.7225953783357871,-1.0161329645585022,0
0.21232733076517762,-1.1099901739376037,0.8491410419312149,-0.6377840247500137,0.10257878806523006,0.9048055324001227,-0.7257958293968509,-0.3041918912684436,0.001192415045823164,-0.11162799739561437,1.066572152642809,-0.7853990799333818,-1.0161329645585022,1
-0.12657084635623306,-1.1099901739376037,-0.502969299721533,-0.5205256267044446,-0.23538436605243465,0.9048055324001227,-0.7257958293968509,0.2744324511807092,-0.46205254856025635,-0.34097028968400567,1.066572152642809,0.5837011519162584,-1.0161329645585022,0
0.0428782422044723,-1.1099901739376037,-1.179024470547907,-0.4504706430370851,0.10257878806523006,0.21058638994196582,0.38271364074285674,0.2744324511807092,0.2865244578466693,1.035083464046342,0.03455021005991044,0.6432272489531993,-1.0161329645585022,0
-0.12657084635623306,0.9009088760241706,0.8491410419312149,-0.5220416948811955,-0.23538436605243465,0.9048055324001227,-0.7257958293968509,0.2744324511807092,-1.173704231781191,-0.34097028968400567,-0.22345527558581418,0.6035431842619053,-1.0161329645585022,0
0.7206745964472937,0.9009088760241706,-1.179024470547907,-0.5210625675170438,0.2715603651240624,0.9048055324001227,-0.7257958293968509,0.2744324511807092,-0.25392799969375696,-0.34097028968400567,0.8085666669970842,-0.17029607721832604,0.9841231756854657,0
0.0428782422044723,-1.1099901739376037,-0.502969299721533,-0.5162932697110153,-0.06640278899360229,0.9048055324001227,-0.7257958293968509,-1.461440576166749,0.8336906105118219,-0.34097028968400567,0.03455021005991044,0.286070666731554,-1.0161329645585022,0
0.5512255078865883,0.9009088760241706,0.8491410419312149,-0.4467594344794139,0.4405419421828948,0.21058638994196582,-1.2008713165995828,1.4316811360790147,-1.371758237960602,-1.143668312693375,0.8085666669970842,0.26622863438590705,0.9841231756854657,0
0.0428782422044723,0.9009088760241706,1.5251962127575889,-0.5154878584921164,-0.06640278899360229,0.9048055324001227,-0.7257958293968509,-0.8828162337175963,0.001192415045823164,-0.34097028968400567,-0.22345527558581418,-1.3012919209202027,0.9841231756854657,0
-0.12657084635623306,0.9009088760241706,1.5251962127575889,-0.5160090069278745,0.10257878806523006,0.9048055324001227,-0.7257958293968509,0.2744324511807092,-0.37813135950118393,-0.34097028968400567,1.066572152642809,0.9210157017922567,0.9841231756854657,0
0.890123685007999,-1.1099901739376037,1.5251962127575889,-0.5170986809299142,0.6095235192417271,0.9048055324001227,-0.7257958293968509,-1.461440576166749,-1.2979075915886182,-0.34097028968400567,1.066572152642809,-0.11076998018138517,-1.0161329645585022,0
0.0428782422044723,-1.1099901739376037,1.5251962127575889,-0.506723089345276,-0.23538436605243465,0.9048055324001227,-0.7257958293968509,1.4316811360790147,-0.25392799969375696,-0.45564143582820127,1.066572152642809,1.0202258635204915,-1.0161329645585022,0
-0.12657084635623306,0.9009088760241706,-0.502969299721533,-0.4411215559471219,-0.404365943111267,-1.177851894974348,-0.2507203421941191,-1.461440576166749,0.6893461653302174,0.1177142948927768,-0.22345527558581418,-2.8092863791893716,0.9841231756854657,0
0.0428782422044723,-1.1099901739376037,-1.179024470547907,-0.49716870135637775,-0.06640278899360229,0.9048055324001227,-0.7257958293968509,-0.8828162337175963,0.6255660616453219,-0.45564143582820127,1.066572152642809,0.9210157017922567,0.9841231756854657,0
1.0595727735687044,0.9009088760241706,-1.179024470547907,-0.4910254667651688,0.4405419421828948,0.9048055324001227,-0.7257958293968509,0.853056793629862,-1.173704231781191,-0.45564143582820127,0.03455021005991044,-1.7576586648700827,-1.0161329645585022,0
0.0428782422044723,-1.1099901739376037,-0.502969299721533,-0.6057728768929944,-0.23538436605243465,0.9048055324001227,-0.7257958293968509,0.853056793629862,-1.0427871768490378,-0.2262991435398101,-0.22345527558581418,0.9210157017922567,-1.0161329645585022,1
-0.12657084635623306,0.9009088760241706,1.5251962127575889,-0.49014109366206415,0.10257878806523006,0.9048055324001227,-0.7257958293968509,0.853056793629862,-0.8447331706696268,-0.45564143582820127,0.5505611813513597,0.6829113136444932,-1.0161329645585022,0
-0.12657084635623306,-1.1099901739376037,0.8491410419312149,-0.48729846583065645,-0.06640278899360229,0.9048055324001227,-0.7257958293968509,0.2744324511807092,0.3301634761573873,-0.45564143582820127,0.8085666669970842,-1.8370267942526706,-1.0161329645585022,0
-0.12657084635623306,-1.1099901739376037,-0.502969299721533,-0.4877880295127322,-0.404365943111267,0.9048055324001227,-0.7257958293968509,-0.8828162337175963,-1.2475548781531747,-0.45564143582820127,-0.22345527558581418,-0.26950623894656084,-1.0161329645585022,0
1.2290218621294098,-1.1099901739376037,0.8491410419312149,-0.5988084387060454,1.7923945586535535,0.9048055324001227,-0.7257958293968509,-0.8828162337175963,1.7836784706605218,-0.2262991435398101,0.03455021005991044,0.18686050500331922,-1.0161329645585022,1
0.0428782422044723,0.9009088760241706,-0.502969299721533,-0.6039567535562617,0.2715603651240624,0.9048055324001227,-0.7257958293968509,1.4316811360790147,1.092167872813765,-0.2262991435398101,0.8085666669970842,1.5162766721616654,-1.0161329645585022,1
1.0595727735687044,0.9009088760241706,0.8491410419312149,-0.4815658330373175,1.2854498274770565,0.9048055324001227,-0.7257958293968509,1.4316811360790147,0.5114332445249834,-0.45564143582820127,1.066572152642809,-1.3608180179571436,0.9841231756854657,0
1.2290218621294098,0.9009088760241706,0.8491410419312149,-0.5983820445313343,0.4405419421828948,0.9048055324001227,-0.7257958293968509,-1.461440576166749,1.4916327327349495,-0.2262991435398101,0.03455021005991044,-0.2893482712922078,-1.0161329645585022,1
0.5512255078865883,-1.1099901739376037,0.8491410419312149,-0.48993579276312915,0.6095235192417271,0.9048055324001227,-0.7257958293968509,1.4316811360790147,-0.522475804682789,-0.45564143582820127,1.066572152642809,0.5638591195706114,-1.0161329645585022,0
1.0595727735687044,0.9009088760241706,-1.179024470547907,-0.4333517065412741,1.1164682504182242,0.21058638994196582,-0.3021868533077484,-0.8828162337175963,0.9612508178816116,0.1177142948927768,0.5505611813513597,1.1194360252487263,-1.0161329645585022,0
-0.12657084635623306,-1.1099901739376037,-1.179024470547907,-0.605330690341442,-0.06640278899360229,0.9048055324001227,-0.7257958293968509,0.2744324511807092,-0.25392799969375696,-0.2262991435398101,1.066572152642809,-0.6068207888225592,-1.0161329645585022,1
-0.12657084635623306,-1.1099901739376037,1.5251962127575889,-0.477317683667047,-0.7423290972289317,0.9048055324001227,-0.7257958293968509,0.2744324511807092,0.8336906105118219,-0.45564143582820127,0.5505611813513597,-0.8250831446246757,-1.0161329645585022,0
1.2290218621294098,0.9009088760241706,-0.502969299721533,-0.4712060338295204,1.4544314045358888,0.9048055324001227,-0.7257958293968509,1.4316811360790147,-1.4993184453303918,-0.45564143582820127,-0.22345527558581418,-1.7775006972157297,0.9841231756854657,0
-0.12657084635623306,0.9009088760241706,-1.179024470547907,-0.5864903847699452,-0.404365943111267,0.9048055324001227,-0.7257958293968509,0.2744324511807092,1.9112386780303117,-0.2262991435398101,0.8085666669970842,-1.2814498885745558,-1.0161329645585022,1
0.0428782422044723,-1.1099901739376037,0.8491410419312149,-0.5862534991173279,0.4405419421828948,0.9048055324001227,-0.7257958293968509,-0.3041918912684436,-0.707102420612748,-0.2262991435398101,0.8085666669970842,-0.7655570475877348,-1.0161329645585022,1
0.21232733076517762,0.9009088760241706,-0.502969299721533,-0.4655839476740696,0.2715603651240624,0.9048055324001227,-0.7257958293968509,0.853056793629862,0.16232109803924238,-0.45564143582820127,0.8085666669970842,-1.9163949236352584,0.9841231756854657,0
0.5512255078865883,-1.1099901739376037,-0.502969299721533,-0.472595762991542,0.6095235192417271,0.9048055324001227,-0.7257958293968509,0.2744324511807092,1.4345663241747801,-0.45564143582820127,1.066572152642809,1.238488219322608,-1.0161329645585022,0
1.0595727735687044,0.9009088760241706,-1.179024470547907,-0.4571666108177344,1.4544314045358888,0.9048055324001227,-0.7257958293968509,0.853056793629862,-0.11965409719924096,-0.45564143582820127,0.03455021005991044,0.26622863438590705,-1.0161329645585022,0
0.0428782422044723,0.9009088760241706,1.5251962127575889,-0.44846501117825854,0.4405419421828948,0.9048055324001227,-0.7257958293968509,0.2744324511807092,-1.8752853723150364,-0.45564143582820127,-0.22345527558581418,-0.8449251769703227,-1.0161329645585022,0
0.21232733076517762,0.9009088760241706,-0.502969299721533,-0.45609272919253596,0.10257878806523006,0.9048055324001227,-0.7257958293968509,0.2744324511807092,1.6729025011025462,-0.45564143582820127,0.03455021005991044,-0.8250831446246757,0.9841231756854657,0
1.2290218621294098,0.9009088760241706,0.8491410419312149,-0.4472963752920131,1.6234129815947211,0.9048055324001227,-0.7257958293968509,0.2744324511807092,-1.3482603050240614,-0.45564143582820127,1.066572152642809,1.0003838311748445,0.9841231756854657,0
1.0595727735687044,-1.1099901739376037,-1.179024470547907,-0.4552557332199548,0.6095235192417271,0.9048055324001227,-0.7257958293968509,1.4316811360790147,0.001192415045823164,-0.45564143582820127,-0.22345527558581418,0.7622794430270811,0.9841231756854657,0
-0.12657084635623306,-1.1099901739376037,-0.502969299721533,-0.453329063245334,-0.5733475201700994,0.9048055324001227,-0.7257958293968509,0.853056793629862,-0.005521280078902488,-0.45564143582820127,1.066572152642809,-0.4282424977117365,-1.0161329645585022,0
0.0428782422044723,-1.1099901739376037,0.8491410419312149,-0.4355784316758768,0.2715603651240624,-1.177851894974348,0.8577891279455886,1.4316811360790147,-1.6705176710108995,1.7231103409115156,-0.22345527558581418,-1.5790803737592602,0.9841231756854657,0
-0.12657084635623306,-1.1099901739376037,1.5251962127575889,-0.45141818564755437,-0.23538436605243465,0.9048055324001227,-0.7257958293968509,0.2744324511807092,0.03476089066945202,-0.45564143582820127,0.8085666669970842,0.6035431842619053,-1.0161329645585022,0
-0.12657084635623306,0.9009088760241706,-0.502969299721533,-0.4496336470645039,-0.404365943111267,0.9048055324001227,-0.7257958293968509,-1.461440576166749,-1.8752853723150364,-0.45564143582820127,-0.22345527558581418,0.9011736694466097,0.9841231756854657,0
0.5512255078865883,0.9009088760241706,-0.502969299721533,-0.4440431456627354,0.9474866733593919,0.9048055324001227,-0.7257958293968509,0.2744324511807092,0.2865244578466693,-0.45564143582820127,0.8085666669970842,1.0995939929030794,0.9841231756854657,0
0.38177641932588297,0.9009088760241706,0.8491410419312149,-0.449128291005587,0.4405419421828948,0.9048055324001227,-0.7257958293968509,0.2744324511807092,0.001192415045823164,-0.45564143582820127,0.29255569570563505,-0.011559818453150373,-1.0161329645585022,0
0.0428782422044723,0.9009088760241706,0.8491410419312149,-0.42239179701351315,-0.5733475201700994,-1.177851894974348,-0.7257958293968509,0.853056793629862,0.665848232393677,-0.570312581972397,-0.22345527558581418,-1.5195542767223194,0.9841231756854657,0
0.21232733076517762,-1.1099901739376037,-0.502969299721533,-0.4458592689994681,-0.23538436605243465,0.9048055324001227,-0.7257958293968509,0.853056793629862,0.001192415045823164,-0.45564143582820127,0.03455021005991044,1.4369085427790778,-1.0161329645585022,0
0.7206745964472937,-1.1099901739376037,0.8491410419312149,-0.4463330403047027,0.7785050963005594,0.9048055324001227,-0.7257958293968509,-1.461440576166749,-0.3109944082539262,-0.45564143582820127,0.8085666669970842,-0.11076998018138517,0.9841231756854657,0
0.0428782422044723,0.9009088760241706,0.17308587110484092,-0.44927042239715737,0.10257878806523006,0.9048055324001227,-0.7257958293968509,0.2744324511807092,-0.21700267650776528,-0.45564143582820127,-0.22345527558581418,0.06780831092943747,0.9841231756854657,0
-0.12657084635623306,0.9009088760241706,0.8491410419312149,-0.44818074839511773,0.6095235192417271,0.9048055324001227,-0.7257958293968509,1.4316811360790147,0.16232109803924238,-0.45564143582820127,1.066572152642809,1.0599099282117854,-1.0161329645585022,0
0.5512255078865883,0.9009088760241706,-1.179024470547907,-0.45296583857798745,0.10257878806523006,0.9048055324001227,-0.7257958293968509,-1.461440576166749,-0.21700267650776528,-0.45564143582820127,0.8085666669970842,0.2463866020402601,0.9841231756854657,0
0.7206745964472937,-1.1099901739376037,-0.502969299721533,-0.5567691315548933,0.7785050963005594,0.9048055324001227,-0.7257958293968509,-0.3041918912684436,-1.3751150855229646,-0.34097028968400567,-0.22345527558581418,0.40512286080543575,-1.0161329645585022,1
-0.12657084635623306,0.9009088760241706,-0.502969299721533,-0.4343940034127902,0.10257878806523006,-1.177851894974348,1.2536853672811985,1.4316811360790147,-1.2475548781531747,2.1817949254882985,0.29255569570563505,-0.190138109563973,-1.0161329645585022,0
-0.12657084635623306,0.9009088760241706,-0.502969299721533,-0.42750852711004705,-0.5733475201700994,0.9048055324001227,-0.7257958293968509,0.2744324511807092,0.8739727812601764,-0.570312581972397,0.03455021005991044,1.3773824457421369,0.9841231756854657,0
0.0428782422044723,-1.1099901739376037,0.8491410419312149,-0.42785595940055243,-0.06640278899360229,0.9048055324001227,-0.7257958293968509,0.2744324511807092,0.23617174441122635,-0.570312581972397,0.8085666669970842,0.26622863438590705,0.9841231756854657,0
0.5512255078865883,-1.1099901739376037,-1.179024470547907,-0.43452034242751947,0.7785050963005594,0.9048055324001227,-0.7257958293968509,0.2744324511807092,-0.34120603631519225,-0.45564143582820127,1.066572152642809,0.9606997664835506,-1.0161329645585022,0
0.38177641932588297,-1.1099901739376037,0.8491410419312149,-0.430272193057249,-0.06640278899360229,0.9048055324001227,-0.7257958293968509,1.4316811360790147,-0.4654093961226198,-0.570312581972397,0.8085666669970842,-1.6187644384505542,0.9841231756854657,0
0.0428782422044723,0.9009088760241706,-0.502969299721533,-0.426987378674289,-0.23538436605243465,-1.177851894974348,0.6677589330644959,0.2744324511807092,-1.3751150855229646,1.379096902478929,0.03455021005991044,0.4448069254967297,0.9841231756854657,0
0.890123685007999,0.9009088760241706,0.8491410419312149,-0.4306670024782779,0.2715603651240624,-1.177851894974348,0.06599664927436881,-0.3041918912684436,0.7866947446387411,0.5763988794695595,1.066572152642809,-0.011559818453150373,0.9841231756854657,0
0.0428782422044723,0.9009088760241706,-0.502969299721533,-0.5273005563692997,-0.06640278899360229,0.9048055324001227,-0.7257958293968509,0.853056793629862,0.8336906105118219,-0.34097028968400567,0.03455021005991044,0.26622863438590705,-1.0161329645585022,1
0.0428782422044723,0.9009088760241706,-0.502969299721533,-0.4180331010053546,-0.5733475201700994,0.9048055324001227,-0.7257958293968509,-1.461440576166749,-1.8752853723150364,-0.570312581972397,0.29255569570563505,0.4844909901880236,0.9841231756854657,0
1.2290218621294098,-1.1099901739376037,1.5251962127575889,-0.3992717573180636,0.9474866733593919,0.9048055324001227,-0.7257958293968509,-0.8828162337175963,-1.371758237960602,-0.570312581972397,0.29255569570563505,-1.7973427295613766,0.9841231756854657,0
-0.12657084635623306,0.9009088760241706,1.5251962127575889,-0.4321199011476641,-0.23538436605243465,0.21058638994196582,0.8577891279455886,-0.8828162337175963,-1.173704231781191,1.7231103409115156,-0.22345527558581418,-1.5592383414136133,0.9841231756854657,0
1.2290218621294098,0.9009088760241706,1.5251962127575889,-0.5115871414123514,0.9474866733593919,0.9048055324001227,-0.7257958293968509,0.2744324511807092,-0.34120603631519225,-0.34097028968400567,0.03455021005991044,1.258330251668255,-1.0161329645585022,1
0.0428782422044723,-1.1099901739376037,-0.502969299721533,-0.5053175678064132,0.10257878806523006,0.9048055324001227,-0.7257958293968509,-1.461440576166749,-1.6839450612603513,-0.45564143582820127,0.29255569570563505,0.40512286080543575,-1.0161329645585022,1
0.0428782422044723,0.9009088760241706,0.8491410419312149,-0.43058804059407213,-0.06640278899360229,-1.177851894974348,0.38271364074285674,-0.3041918912684436,0.830333762949459,1.035083464046342,0.03455021005991044,-1.9362369559809054,-1.0161329645585022,0
1.0595727735687044,-1.1099901739376037,-0.502969299721533,-0.4329411047434041,1.1164682504182242,-1.177851894974348,0.22435514500861276,-1.461440576166749,-1.0495008719737637,0.8057411717579506,1.066572152642809,0.06780831092943747,0.9841231756854657,0
0.7206745964472937,0.9009088760241706,-1.179024470547907,-0.43246733343816945,0.10257878806523006,-1.177851894974348,0.38271364074285674,1.4316811360790147,-1.0495008719737637,1.035083464046342,0.29255569570563505,0.16701847265767225,0.9841231756854657,0
0.5512255078865883,-1.1099901739376037,-0.502969299721533,-0.3974398416044897,0.7785050963005594,0.9048055324001227,-0.7257958293968509,1.4316811360790147,0.7866947446387411,-0.570312581972397,0.5505611813513597,0.8416475724096689,0.9841231756854657,0
0.7206745964472937,0.9009088760241706,-0.502969299721533,-0.508270742275709,0.6095235192417271,0.9048055324001227,-0.7257958293968509,0.2744324511807092,1.0351014642535956,-0.45564143582820127,1.066572152642809,-0.5671367241312653,-1.0161329645585022,1
0.7206745964472937,-1.1099901739376037,-0.502969299721533,-0.39319169223421924,0.7785050963005594,0.9048055324001227,-0.7257958293968509,-1.461440576166749,-0.21700267650776528,-0.570312581972397,-0.22345527558581418,0.8813316371009629,0.9841231756854657,0
0.7206745964472937,0.9009088760241706,0.8491410419312149,-0.3965870532550674,0.4405419421828948,0.9048055324001227,-0.7257958293968509,0.853056793629862,-1.0495008719737637,-0.570312581972397,1.066572152642809,-2.5910240233872552,0.9841231756854657,0
0.0428782422044723,0.9009088760241706,0.8491410419312149,-0.396034320065627,-0.23538436605243465,0.9048055324001227,-0.7257958293968509,0.853056793629862,0.5785701957722418,-0.570312581972397,0.29255569570563505,1.0003838311748445,0.9841231756854657,0
0.0428782422044723,0.9009088760241706,1.5251962127575889,-0.4354678850379887,-0.06640278899360229,-1.177851894974348,-0.2507203421941191,-0.3041918912684436,-0.5661148229935064,0.1177142948927768,1.066572152642809,1.0995939929030794,0.9841231756854657,0
0.890123685007999,0.9009088760241706,1.5251962127575889,-0.38647993207672876,0.7785050963005594,0.9048055324001227,-0.7257958293968509,0.853056793629862,1.6729025011025462,-0.570312581972397,0.03455021005991044,0.0479662785837905,0.9841231756854657,0
-0.12657084635623306,-1.1099901739376037,-0.502969299721533,-0.38475856300104294,-0.404365943111267,0.9048055324001227,-0.7257958293968509,-0.8828162337175963,0.23617174441122635,-0.570312581972397,-0.22345527558581418,-0.7457150152420878,0.9841231756854657,0
0.21232733076517762,0.9009088760241706,-0.502969299721533,-0.4263240988469605,-0.23538436605243465,-1.177851894974348,0.06599664927436881,0.2744324511807092,-1.0092187012254088,0.5763988794695595,0.8085666669970842,-1.8568688265983175,0.9841231756854657,0
0.0428782422044723,-1.1099901739376037,-0.502969299721533,-0.5523946431698936,0.10257878806523006,-1.177851894974348,-0.5674373336626071,-0.3041918912684436,0.5114332445249834,-0.11162799739561437,0.8085666669970842,0.4844909901880236,-1.0161329645585022,1
0.38177641932588297,0.9009088760241706,-1.179024470547907,-0.37550423017212664,-0.23538436605243465,0.9048055324001227,-0.7257958293968509,0.2744324511807092,0.001192415045823164,-0.570312581972397,0.8085666669970842,-0.5869787564769122,0.9841231756854657,0
0.5512255078865883,0.9009088760241706,-0.502969299721533,-0.43229361729291677,0.4405419421828948,-1.177851894974348,-1.042512820865339,1.4316811360790147,-0.707102420612748,-0.9143260204049839,0.03455021005991044,0.821805540064022,0.9841231756854657,0
0.21232733076517762,0.9009088760241706,-1.179024470547907,-0.3530474703040056,0.2715603651240624,0.9048055324001227,-0.7257958293968509,0.853056793629862,-0.12972463988633004,-0.570312581972397,0.29255569570563505,-0.3488743683291487,0.9841231756854657,0
0.5512255078865883,-1.1099901739376037,0.17308587110484092,-0.4697057580296108,0.6095235192417271,0.9048055324001227,-0.7257958293968509,-0.8828162337175963,1.6997572816014495,-0.45564143582820127,0.8085666669970842,0.32575473142284794,-1.0161329645585022,1
0.38177641932588297,-1.1099901739376037,-1.179024470547907,-0.43036694731829594,1.1164682504182242,-1.177851894974348,-0.8524826259842462,-0.3041918912684436,0.8336906105118219,-0.6849837281165926,0.29255569570563505,0.26622863438590705,-1.0161329645585022,0
-0.12657084635623306,-1.1099901739376037,0.8491410419312149,-0.4296720827372852,0.2715603651240624,0.21058638994196582,-0.7257958293968509,1.4316811360790147,0.5651428055227898,-0.570312581972397,0.5505611813513597,-0.6068207888225592,0.9841231756854657,0
1.0595727735687044,-1.1099901739376037,0.8491410419312149,-0.3556847972364783,0.9474866733593919,0.9048055324001227,-0.7257958293968509,-0.8828162337175963,0.5785701957722418,-0.570312581972397,0.03455021005991044,0.38528082845978884,0.9841231756854657,0
0.890123685007999,0.9009088760241706,1.5251962127575889,-0.42169693243250234,0.6095235192417271,-1.177851894974348,-0.7257958293968509,-1.461440576166749,-1.173704231781191,-0.570312581972397,0.5505611813513597,-0.6266628211682062,0.9841231756854657,0
0.38177641932588297,-1.1099901739376037,-1.179024470547907,-0.454971470436814,0.2715603651240624,0.9048055324001227,-0.7257958293968509,-0.3041918912684436,1.676259348664909,-0.45564143582820127,0.03455021005991044,1.3972244780877838,-1.0161329645585022,1
-0.12657084635623306,0.9009088760241706,-0.502969299721533,-0.33633913560606454,-0.404365943111267,0.9048055324001227,-0.7257958293968509,-1.461440576166749,0.23617174441122635,-0.570312581972397,0.29255569570563505,0.305912699077201,-1.0161329645585022,0
0.7206745964472937,-1.1099901739376037,-0.502969299721533,-0.4230866615945239,0.4405419421828948,-1.177851894974348,0.8577891279455886,-0.3041918912684436,-1.039430329286675,1.6084391947673204,0.29255569570563505,1.8337491896920168,-1.0161329645585022,0
0.5512255078865883,-1.1099901739376037,1.5251962127575889,-0.4514971475317601,0.7785050963005594,0.9048055324001227,-0.7257958293968509,-0.8828162337175963,-0.8447331706696268,-0.45564143582820127,1.066572152642809,1.3773824457421369,-1.0161329645585022,1
0.21232733076517762,0.9009088760241706,-0.502969299721533,-0.4263556836006428,-0.23538436605243465,0.21058638994196582,-0.7851802652971924,0.853056793629862,-1.8752853723150364,-0.570312581972397,0.03455021005991044,0.18686050500331922,0.9841231756854657,0
0.38177641932588297,0.9009088760241706,-0.502969299721533,-0.43019323117304326,0.7785050963005594,0.21058638994196582,-1.2008713165995828,-0.3041918912684436,-0.005521280078902488,-1.143668312693375,0.8085666669970842,1.5559607368529593,0.9841231756854657,0
0.7206745964472937,0.9009088760241706,-0.502969299721533,-0.3372393010860103,0.9474866733593919,0.9048055324001227,-0.7257958293968509,0.853056793629862,-1.371758237960602,-0.570312581972397,1.066572152642809,-0.9044512740072636,0.9841231756854657,0
0.0428782422044723,-1.1099901739376037,-0.502969299721533,-0.3314750835389891,0.10257878806523006,0.9048055324001227,-0.7257958293968509,-0.8828162337175963,-1.2475548781531747,-0.6849837281165926,0.5505611813513597,-1.162397694500674,0.9841231756854657,0
0.7206745964472937,0.9009088760241706,1.5251962127575889,-0.3375235638691511,0.7785050963005594,0.9048055324001227,-0.7257958293968509,-1.461440576166749,0.16232109803924238,-0.570312581972397,0.5505611813513597,-0.03140185079879733,-1.0161329645585022,0
0.21232733076517762,-1.1099901739376037,1.5251962127575889,-0.44724899816148966,-0.06640278899360229,0.9048055324001227,-0.7257958293968509,-0.3041918912684436,1.327147202179168,-0.45564143582820127,0.8085666669970842,1.714696995618135,-1.0161329645585022,1
0.0428782422044723,0.9009088760241706,-1.179024470547907,-0.4232287929860943,0.4405419421828948,0.21058638994196582,0.4223032646764177,0.853056793629862,-0.34120603631519225,1.035083464046342,0.03455021005991044,-0.5274526594399713,0.9841231756854657,0
-0.12657084635623306,-1.1099901739376037,-1.179024470547907,-0.334744105545108,-0.5733475201700994,0.9048055324001227,-0.7257958293968509,0.2744324511807092,0.19253272610050842,-0.570312581972397,-0.22345527558581418,1.0003838311748445,-1.0161329645585022,0
0.38177641932588297,0.9009088760241706,-1.179024470547907,-0.42624513696275473,-0.06640278899360229,-1.177851894974348,-0.7257958293968509,0.853056793629862,0.11868207972852446,-0.570312581972397,0.8085666669970842,-1.6386064707962011,0.9841231756854657,0
0.7206745964472937,0.9009088760241706,0.8491410419312149,-0.3350441607050899,0.7785050963005594,0.9048055324001227,-0.7257958293968509,-1.461440576166749,0.3234497810326616,-0.570312581972397,1.066572152642809,-0.051243883144444294,-1.0161329645585022,0
0.21232733076517762,0.9009088760241706,-1.179024470547907,-0.3253476413246213,0.7785050963005594,0.9048055324001227,-0.7257958293968509,-1.461440576166749,0.9981761410676039,-0.6849837281165926,-0.22345527558581418,1.8932752867289577,-1.0161329645585022,0
0.0428782422044723,-1.1099901739376037,-0.502969299721533,-0.32010457221335814,0.2715603651240624,0.9048055324001227,-0.7257958293968509,0.853056793629862,0.4745079213389917,-0.6849837281165926,0.29255569570563505,1.5956448015442533,0.9841231756854657,0
0.0428782422044723,-1.1099901739376037,-0.502969299721533,-0.42526600959860317,0.10257878806523006,-1.177851894974348,0.06599664927436881,0.853056793629862,0.03811773823181484,0.5763988794695595,0.8085666669970842,-0.4877685947486774,-1.0161329645585022,0
0.38177641932588297,-1.1099901739376037,1.5251962127575889,-0.5301747689543898,0.2715603651240624,-1.177851894974348,0.4935645877568275,0.2744324511807092,2.102578989084997,1.4937680486231246,-0.22345527558581418,-0.40840046536608954,-1.0161329645585022,1
-0.12657084635623306,-1.1099901739376037,0.8491410419312149,-0.42441322124918085,-0.23538436605243465,-1.177851894974348,0.19268344586176397,-0.8828162337175963,-0.005521280078902488,0.6910700256137552,0.03455021005991044,1.0995939929030794,0.9841231756854657,0
0.0428782422044723,-1.1099901739376037,-1.179024470547907,-0.4198966014726108,0.2715603651240624,-1.177851894974348,-0.8841543251310949,-0.8828162337175963,0.5651428055227898,-0.6849837281165926,0.5505611813513597,0.5043330225336705,-1.0161329645585022,0
0.0428782422044723,0.9009088760241706,-0.502969299721533,-0.4110212856878822,-0.06640278899360229,0.9048055324001227,-0.7257958293968509,-0.3041918912684436,0.665848232393677,-0.570312581972397,-0.22345527558581418,-0.3488743683291487,-1.0161329645585022,1
0.38177641932588297,-1.1099901739376037,-1.179024470547907,-0.4200545252410223,0.7785050963005594,-1.177851894974348,0.2639447689421738,-0.8828162337175963,0.8739727812601764,0.8057411717579506,0.8085666669970842,-2.829128411535019,0.9841231756854657,0
-0.12657084635623306,-1.1099901739376037,1.5251962127575889,-0.42093889834412695,0.4405419421828948,-1.177851894974348,-1.327558113186978,0.2744324511807092,0.001192415045823164,-1.3730106049817663,-0.22345527558581418,0.801963507718375,0.9841231756854657,0
1.0595727735687044,-1.1099901739376037,0.17308587110484092,-0.19686086334499164,0.6095235192417271,0.9048055324001227,-0.09236184645987515,1.4316811360790147,-1.0964967378468442,-0.11162799739561437,0.03455021005991044,0.5241750548793175,0.9841231756854657,0
-0.12657084635623306,0.9009088760241706,-1.179024470547907,-0.4169592193801561,-0.06640278899360229,-1.177851894974348,-0.4090788379283631,-1.461440576166749,-0.11965409719924096,-0.11162799739561437,1.066572152642809,0.5241750548793175,-1.0161329645585022,0
0.890123685007999,-1.1099901739376037,-0.502969299721533,-0.19986141494481094,1.1164682504182242,0.9048055324001227,-0.09236184645987515,0.2744324511807092,-0.8447331706696268,-0.11162799739561437,-0.22345527558581418,1.4765926074703717,-1.0161329645585022,0
0.21232733076517762,0.9009088760241706,-0.502969299721533,-0.42359201765344084,-0.23538436605243465,0.21058638994196582,0.06599664927436881,-1.461440576166749,1.159304824061023,0.5763988794695595,0.5505611813513597,0.16701847265767225,-1.0161329645585022,0
-0.12657084635623306,-1.1099901739376037,-1.179024470547907,-0.17182994605176244,-0.06640278899360229,0.9048055324001227,-0.09236184645987515,1.4316811360790147,0.7061304031420315,-0.11162799739561437,-0.22345527558581418,-1.678290535487495,0.9841231756854657,0
0.21232733076517762,0.9009088760241706,-1.179024470547907,-0.4132795955761672,-0.23538436605243465,0.21058638994196582,-0.7574675285436998,-0.3041918912684436,-1.328119219649884,-0.570312581972397,0.29255569570563505,0.7622794430270811,0.9841231756854657,0
-0.12657084635623306,0.9009088760241706,1.5251962127575889,-0.1561165310948141,-0.23538436605243465,0.9048055324001227,-0.09236184645987515,-1.461440576166749,0.3234497810326616,-0.11162799739561437,0.8085666669970842,0.9606997664835506,-1.0161329645585022,0
-0.12657084635623306,-1.1099901739376037,1.5251962127575889,-0.4097105184100664,-0.404365943111267,-1.177851894974348,0.6994306322113446,0.853056793629862,-0.21028898138303903,1.379096902478929,1.066572152642809,-0.11076998018138517,0.9841231756854657,0
-0.12657084635623306,0.9009088760241706,-0.502969299721533,-0.23487311440164954,-0.5733475201700994,0.9048055324001227,-0.09236184645987515,0.2744324511807092,1.5352717510456675,0.003043148748581378,0.29255569570563505,0.801963507718375,-1.0161329645585022,1
0.21232733076517762,-1.1099901739376037,-0.502969299721533,-0.41501675702869417,0.10257878806523006,-1.177851894974348,-0.4090788379283631,1.4316811360790147,0.001192415045823164,-0.11162799739561437,0.5505611813513597,1.1194360252487263,-1.0161329645585022,0
0.21232733076517762,0.9009088760241706,0.8491410419312149,-0.11917816166335471,0.4405419421828948,0.9048055324001227,-0.09236184645987515,-0.3041918912684436,-1.8752853723150364,-0.2262991435398101,0.8085666669970842,-1.8767108589439645,0.9841231756854657,0
0.890123685007999,0.9009088760241706,-1.179024470547907,-0.10911841761553956,1.1164682504182242,0.9048055324001227,-0.09236184645987515,0.853056793629862,-0.8447331706696268,-0.2262991435398101,-0.22345527558581418,0.8813316371009629,0.9841231756854657,0
0.5512255078865883,-1.1099901739376037,-0.502969299721533,-0.10787081984508838,0.2715603651240624,0.9048055324001227,-0.09236184645987515,0.2744324511807092,0.6893461653302174,-0.2262991435398101,0.29255569570563505,-0.22982217425526694,-1.0161329645585022,0
0.890123685007999,-1.1099901739376037,0.8491410419312149,-0.4108475695426295,0.7785050963005594,-1.177851894974348,1.0161476236798326,1.4316811360790147,-1.0427871768490378,1.8377814870557112,1.066572152642809,0.46464895784237664,0.9841231756854657,0
1.2290218621294098,-1.1099901739376037,0.8491410419312149,-0.22012303443201162,1.7923945586535535,0.9048055324001227,-0.09236184645987515,0.2744324511807092,1.159304824061023,0.003043148748581378,0.8085666669970842,-0.5274526594399713,-1.0161329645585022,1
0.21232733076517762,-1.1099901739376037,1.5251962127575889,-0.11192946069326498,0.2715603651240624,0.9048055324001227,-0.09236184645987515,-0.8828162337175963,0.8739727812601764,-0.2262991435398101,0.8085666669970842,-0.44808453005738347,0.9841231756854657,0
0.0428782422044723,-1.1099901739376037,0.8491410419312149,-0.4118740740373045,0.2715603651240624,-1.177851894974348,-0.2507203421941191,0.2744324511807092,-0.1397951825734185,0.1177142948927768,0.03455021005991044,-0.5472946917856183,0.9841231756854657,0
0.5512255078865883,0.9009088760241706,-1.179024470547907,-0.22200232727610897,0.7785050963005594,0.9048055324001227,-0.09236184645987515,-0.3041918912684436,0.4980058542755321,0.003043148748581378,0.29255569570563505,-0.13061201252703214,-1.0161329645585022,1
0.0428782422044723,-1.1099901739376037,-1.179024470547907,-0.20464650512768062,0.4405419421828948,0.9048055324001227,-0.09236184645987515,-0.3041918912684436,0.001192415045823164,-0.11162799739561437,0.5505611813513597,-0.07108591549009124,-1.0161329645585022,1
0.38177641932588297,0.9009088760241706,-0.502969299721533,-0.09236270578707508,0.10257878806523006,0.9048055324001227,-0.09236184645987515,0.853056793629862,0.16232109803924238,-0.2262991435398101,-0.22345527558581418,0.9606997664835506,-1.0161329645585022,0
0.21232733076517762,0.9009088760241706,1.5251962127575889,-0.06872151765586741,-0.23538436605243465,0.9048055324001227,-0.09236184645987515,-0.8828162337175963,0.001192415045823164,-0.2262991435398101,0.8085666669970842,0.5440170872249644,0.9841231756854657,0
0.7206745964472937,0.9009088760241706,1.5251962127575889,-0.18556931390356649,0.9474866733593919,0.9048055324001227,-0.09236184645987515,0.2744324511807092,1.357358830240434,-0.11162799739561437,0.03455021005991044,0.8416475724096689,-1.0161329645585022,1
0.7206745964472937,-1.1099901739376037,0.8491410419312149,-0.4063783268965829,0.7785050963005594,-1.177851894974348,-0.9474977234247925,0.2744324511807092,-1.3482603050240614,-0.7996548742607882,0.5505611813513597,1.1591200899400202,-1.0161329645585022,0
0.5512255078865883,0.9009088760241706,1.5251962127575889,-0.18822243321288037,0.7785050963005594,0.9048055324001227,-0.09236184645987515,-0.8828162337175963,1.159304824061023,-0.11162799739561437,-0.22345527558581418,0.2463866020402601,-1.0161329645585022,1
0.38177641932588297,0.9009088760241706,1.5251962127575889,-0.5258002805693901,0.2715603651240624,-1.177851894974348,0.06599664927436881,-0.8828162337175963,2.344272013575125,0.8057411717579506,0.03455021005991044,1.8734332543833108,-1.0161329645585022,1
0.21232733076517762,0.9009088760241706,-0.502969299721533,-0.40969472603322526,0.6095235192417271,-1.177851894974348,-0.646616581529729,-0.8828162337175963,-0.005521280078902488,-0.45564143582820127,0.29255569570563505,0.5638591195706114,0.9841231756854657,0
0.5512255078865883,-1.1099901739376037,-0.502969299721533,-0.06824774635063278,0.7785050963005594,0.9048055324001227,-0.09236184645987515,-1.461440576166749,0.5114332445249834,-0.2262991435398101,0.5505611813513597,1.0400678958661385,-1.0161329645585022,0
0.21232733076517762,-1.1099901739376037,0.8491410419312149,-0.06494713959083158,0.10257878806523006,0.9048055324001227,-0.09236184645987515,1.4316811360790147,0.8336906105118219,-0.2262991435398101,0.03455021005991044,-0.13061201252703214,0.9841231756854657,0
0.5512255078865883,-1.1099901739376037,-0.502969299721533,-0.05815641754913533,0.4405419421828948,0.9048055324001227,-0.09236184645987515,-0.3041918912684436,1.451350561986595,-0.2262991435398101,1.066572152642809,-0.5472946917856183,-1.0161329645585022,0
0.38177641932588297,0.9009088760241706,-0.502969299721533,-0.007336548874301482,0.10257878806523006,0.9048055324001227,-0.09236184645987515,-0.8828162337175963,0.4745079213389917,-0.34097028968400567,-0.22345527558581418,-0.6068207888225592,0.9841231756854657,0
1.0595727735687044,-1.1099901739376037,0.8491410419312149,-0.4067573439407706,0.6095235192417271,0.21058638994196582,0.06599664927436881,1.4316811360790147,0.8135495251376443,0.4617277333253637,0.03455021005991044,-1.12271362980938,0.9841231756854657,0
0.0428782422044723,0.9009088760241706,-0.502969299721533,-0.4146377399845065,0.10257878806523006,-1.177851894974348,-0.4090788379283631,-1.461440576166749,0.6893461653302174,-0.11162799739561437,0.8085666669970842,-0.6663468858595001,0.9841231756854657,0
0.38177641932588297,0.9009088760241706,0.8491410419312149,-0.4091104080901026,0.10257878806523006,-1.177851894974348,-0.4407505370752119,-0.8828162337175963,-1.3751150855229646,-0.11162799739561437,0.29255569570563505,0.22654456969461315,0.9841231756854657,0
0.0428782422044723,-1.1099901739376037,0.8491410419312149,0.0019177839546148114,0.2715603651240624,0.9048055324001227,-0.09236184645987515,-1.461440576166749,1.0015329886299666,-0.34097028968400567,0.29255569570563505,0.5638591195706114,0.9841231756854657,0
-0.12657084635623306,-1.1099901739376037,-1.179024470547907,-0.41375336688140185,0.10257878806523006,0.21058638994196582,-1.2008713165995828,0.853056793629862,0.7866947446387411,-1.143668312693375,-0.22345527558581418,0.3455967637684949,0.9841231756854657,0
0.38177641932588297,0.9009088760241706,-0.502969299721533,0.018863004305173143,0.4405419421828948,0.9048055324001227,-0.09236184645987515,-1.461440576166749,0.6255660616453219,-0.34097028968400567,0.5505611813513597,-1.7973427295613766,-1.0161329645585022,0
0.7206745964472937,-1.1099901739376037,-0.502969299721533,-0.41519047317394686,1.2854498274770565,-1.177851894974348,0.952804225386135,-1.461440576166749,-1.623521805137819,1.7231103409115156,-0.22345527558581418,1.4170665104334308,-1.0161329645585022,0
0.21232733076517762,-1.1099901739376037,-1.179024470547907,-0.41170035789205184,0.2715603651240624,-1.177851894974348,2.2830155895537843,0.2744324511807092,-1.3751150855229646,3.5578486792186466,0.5505611813513597,0.9408577341379036,0.9841231756854657,0
0.890123685007999,-1.1099901739376037,-0.502969299721533,0.0797899941583456,0.4405419421828948,0.9048055324001227,-0.09236184645987515,-0.3041918912684436,0.19253272610050842,-0.34097028968400567,-0.22345527558581418,0.8614896047553159,-1.0161329645585022,0
0.5512255078865883,-1.1099901739376037,-1.179024470547907,0.07756326902374287,1.2854498274770565,0.9048055324001227,-0.09236184645987515,1.4316811360790147,-0.33784918875282943,-0.34097028968400567,-0.22345527558581418,1.298014316359549,0.9841231756854657,0
0.890123685007999,0.9009088760241706,-1.179024470547907,-0.41176352739941646,1.2854498274770565,-1.177851894974348,-0.646616581529729,0.853056793629862,0.001192415045823164,-0.45564143582820127,0.8085666669970842,0.22654456969461315,0.9841231756854657,0
0.21232733076517762,0.9009088760241706,-1.179024470547907,-0.030425003816068753,0.2715603651240624,0.9048055324001227,-0.09236184645987515,-1.461440576166749,0.001192415045823164,-0.2262991435398101,0.03455021005991044,1.1194360252487263,-1.0161329645585022,1
0.0428782422044723,-1.1099901739376037,0.8491410419312149,-0.4134533117214199,0.7785050963005594,0.21058638994196582,-0.3298995900612411,0.853056793629862,1.286865031430813,0.003043148748581378,0.5505611813513597,0.7225953783357871,-1.0161329645585022,0
-0.12657084635623306,-1.1099901739376037,-0.502969299721533,0.07851081163421213,-0.23538436605243465,0.9048055324001227,-0.09236184645987515,1.4316811360790147,-1.0495008719737637,-0.34097028968400567,0.5505611813513597,0.6035431842619053,0.9841231756854657,0
-0.12657084635623306,0.9009088760241706,-0.502969299721533,-0.4109897009341999,0.10257878806523006,-1.177851894974348,-0.6149448823828803,-0.8828162337175963,0.7464125738903866,-0.34097028968400567,0.8085666669970842,0.8614896047553159,0.9841231756854657,0
1.2290218621294098,0.9009088760241706,-1.179024470547907,-0.4100895354542541,1.1164682504182242,-1.177851894974348,-0.4882580857954851,-1.461440576166749,-1.173704231781191,-0.2262991435398101,0.29255569570563505,0.26622863438590705,0.9841231756854657,0
0.890123685007999,-1.1099901739376037,-0.502969299721533,0.11472273173097844,1.1164682504182242,0.9048055324001227,-0.09236184645987515,0.853056793629862,0.04483143335654109,-0.45564143582820127,-0.22345527558581418,-0.13061201252703214,0.9841231756854657,0
-0.12657084635623306,0.9009088760241706,1.5251962127575889,-0.41253735386463297,-0.7423290972289317,-1.177851894974348,-0.5040939353689095,-0.8828162337175963,0.954537122756886,-0.2262991435398101,0.29255569570563505,0.2463866020402601,0.9841231756854657,0
-0.12657084635623306,0.9009088760241706,-0.502969299721533,0.06374493928773306,-0.404365943111267,0.9048055324001227,-0.09236184645987515,0.853056793629862,1.934736610966852,-0.34097028968400567,0.03455021005991044,-0.7655570475877348,-1.0161329645585022,1
-0.12657084635623306,0.9009088760241706,-1.179024470547907,-0.5319119304069168,0.2715603651240624,-1.177851894974348,0.6994306322113446,0.2744324511807092,1.092167872813765,1.8377814870557112,0.8085666669970842,-0.20998014190961997,-1.0161329645585022,1
0.0428782422044723,0.9009088760241706,-1.179024470547907,0.17666043370198475,-0.23538436605243465,0.9048055324001227,-0.09236184645987515,-1.461440576166749,0.4040141225293712,-0.45564143582820127,0.5505611813513597,-1.3012919209202027,0.9841231756854657,0
0.21232733076517762,0.9009088760241706,-0.502969299721533,0.22582210280849743,-0.06640278899360229,0.9048055324001227,-0.09236184645987515,-0.3041918912684436,0.4745079213389917,-0.45564143582820127,0.03455021005991044,0.32575473142284794,0.9841231756854657,0
0.38177641932588297,0.9009088760241706,-1.179024470547907,-0.4122215063278099,0.4405419421828948,-1.177851894974348,0.22435514500861276,-0.3041918912684436,-1.0092187012254088,0.6910700256137552,-0.22345527558581418,0.028124246238143545,-1.0161329645585022,0
-0.12657084635623306,0.9009088760241706,-1.179024470547907,0.32324527554157695,0.10257878806523006,0.9048055324001227,-0.09236184645987515,-0.8828162337175963,1.4446368668618692,-0.570312581972397,-0.22345527558581418,1.6353288662355472,0.9841231756854657,0
-0.12657084635623306,-1.1099901739376037,0.8491410419312149,-0.413563858359308,-0.06640278899360229,-1.177851894974348,-0.3298995900612411,0.2744324511807092,-1.0092187012254088,0.003043148748581378,0.5505611813513597,0.8813316371009629,0.9841231756854657,0
1.0595727735687044,0.9009088760241706,0.8491410419312149,0.3459073363086331,0.7785050963005594,0.9048055324001227,-0.09236184645987515,0.853056793629862,-1.7510820125076092,-0.570312581972397,1.066572152642809,0.6630692812988462,0.9841231756854657,0
0.5512255078865883,-1.1099901739376037,-0.502969299721533,-0.41743299068539075,0.9474866733593919,0.21058638994196582,1.229931592921062,-0.3041918912684436,0.8538316958859994,2.0671237793441026,0.29255569570563505,1.6154868338899002,-1.0161329645585022,0
0.0428782422044723,-1.1099901739376037,0.8491410419312149,0.02112131419345818,0.4405419421828948,0.9048055324001227,-0.09236184645987515,0.2744324511807092,1.7736079279734327,-0.34097028968400567,0.8085666669970842,-1.4005020826484376,-1.0161329645585022,1
0.0428782422044723,0.9009088760241706,-0.502969299721533,0.3603257763646068,-0.404365943111267,0.9048055324001227,-0.09236184645987515,-1.461440576166749,0.001192415045823164,-0.570312581972397,0.29255569570563505,0.12733440796637835,0.9841231756854657,0
-0.12657084635623306,-1.1099901739376037,-0.502969299721533,-0.5191358975424231,-0.23538436605243465,-1.177851894974348,0.38271364074285674,-1.461440576166749,1.934736610966852,1.379096902478929,0.03455021005991044,0.22654456969461315,-1.0161329645585022,1
0.890123685007999,0.9009088760241706,0.8491410419312149,-0.41430610007084223,0.7785050963005594,-1.177851894974348,-0.048813260132958065,-0.8828162337175963,-1.2475548781531747,0.3470565871811683,0.29255569570563505,0.9011736694466097,-1.0161329645585022,0
-0.12657084635623306,-1.1099901739376037,1.5251962127575889,-0.41585375300127536,-0.23538436605243465,-1.177851894974348,0.06599664927436881,0.2744324511807092,-1.371758237960602,0.5763988794695595,0.8085666669970842,1.0003838311748445,-1.0161329645585022,0
0.0428782422044723,0.9009088760241706,0.8491410419312149,-0.41320063369196147,0.10257878806523006,-1.177851894974348,-0.5674373336626071,0.2744324511807092,0.6893461653302174,-0.34097028968400567,1.066572152642809,-1.4203441149940845,0.9841231756854657,0
-0.12657084635623306,-1.1099901739376037,0.17308587110484092,0.36125752659823485,0.2715603651240624,0.9048055324001227,-0.09236184645987515,-0.3041918912684436,-0.21700267650776528,-0.570312581972397,-0.22345527558581418,0.286070666731554,0.9841231756854657,0
-0.12657084635623306,-1.1099901739376037,-0.502969299721533,0.14265944636298,-0.06640278899360229,0.9048055324001227,-0.09236184645987515,-0.8828162337175963,-0.46205254856025635,-0.45564143582820127,0.29255569570563505,1.298014316359549,-1.0161329645585022,1
0.890123685007999,-1.1099901739376037,0.8491410419312149,0.4176836890516784,0.9474866733593919,0.9048055324001227,-0.09236184645987515,1.4316811360790147,1.1861596045599256,-0.6849837281165926,0.8085666669970842,-0.36871640067479566,0.9841231756854657,0
-0.12657084635623306,-1.1099901739376037,-0.502969299721533,0.420921126304115,-0.23538436605243465,0.9048055324001227,-0.09236184645987515,-1.461440576166749,-1.3751150855229646,-0.6849837281165926,1.066572152642809,-1.0433455004267922,0.9841231756854657,0
0.890123685007999,-1.1099901739376037,-0.502969299721533,-0.40879456055327945,1.1164682504182242,-1.177851894974348,-0.7257958293968509,-0.8828162337175963,0.001192415045823164,-0.570312581972397,0.5505611813513597,0.4448069254967297,0.9841231756854657,0
0.38177641932588297,0.9009088760241706,1.5251962127575889,-0.023428980875437495,0.2715603651240624,0.9048055324001227,-0.09236184645987515,0.2744324511807092,1.676259348664909,-0.34097028968400567,-0.22345527558581418,1.1789621222856672,-1.0161329645585022,1
-0.12657084635623306,0.9009088760241706,-0.502969299721533,0.459975674232289,0.10257878806523006,0.9048055324001227,-0.09236184645987515,-1.461440576166749,0.8336906105118219,-0.6849837281165926,0.29255569570563505,-0.15045404487267908,0.9841231756854657,0
0.5512255078865883,0.9009088760241706,-1.179024470547907,0.46213922985952716,0.9474866733593919,0.9048055324001227,-0.09236184645987515,0.853056793629862,-1.8752853723150364,-0.6849837281165926,0.8085666669970842,0.8813316371009629,0.9841231756854657,0
-0.12657084635623306,0.9009088760241706,0.8491410419312149,-0.4124110148499038,0.10257878806523006,-1.177851894974348,0.30353439287573475,0.2744324511807092,1.4312094766124175,0.8057411717579506,1.066572152642809,-0.8647672093159696,0.9841231756854657,0
0.0428782422044723,0.9009088760241706,-0.502969299721533,-0.4089840690753733,-0.404365943111267,-1.177851894974348,-0.8326878140174657,-0.3041918912684436,-1.1804179269059165,-0.6849837281165926,-0.22345527558581418,1.0400678958661385,-1.0161329645585022,0
-0.12657084635623306,0.9009088760241706,1.5251962127575889,-0.5222627881569716,-0.23538436605243465,-1.177851894974348,-0.5674373336626071,0.853056793629862,-0.005521280078902488,-0.11162799739561437,1.066572152642809,0.7622794430270811,-1.0161329645585022,1
-0.12657084635623306,0.9009088760241706,-0.502969299721533,0.888896629238034,-0.404365943111267,0.9048055324001227,-0.09236184645987515,-1.461440576166749,0.001192415045823164,-0.7996548742607882,0.29255569570563505,-0.11076998018138517,0.9841231756854657,0
0.890123685007999,-1.1099901739376037,0.8491410419312149,0.41237745043305063,1.1164682504182242,0.9048055324001227,-0.09236184645987515,0.2744324511807092,1.223084927745918,-0.6849837281165926,0.29255569570563505,-1.9163949236352584,-1.0161329645585022,1
0.21232733076517762,-1.1099901739376037,-1.179024470547907,-0.40426214839986824,0.4405419421828948,-1.177851894974348,-0.7257958293968509,0.853056793629862,0.001192415045823164,-0.570312581972397,0.29255569570563505,-0.9639773710442044,0.9841231756854657,0
0.7206745964472937,-1.1099901739376037,1.5251962127575889,-0.4046095806903736,0.4405419421828948,-1.177851894974348,-0.4882580857954851,-0.3041918912684436,1.286865031430813,-0.2262991435398101,0.29255569570563505,0.40512286080543575,0.9841231756854657,0
-0.12657084635623306,-1.1099901739376037,1.5251962127575889,1.214203799788967,-0.06640278899360229,0.9048055324001227,-0.09236184645987515,-0.3041918912684436,-1.328119219649884,-0.9143260204049839,0.03455021005991044,0.08765034327508442,-1.0161329645585022,0
0.21232733076517762,0.9009088760241706,-0.502969299721533,-0.40884193768380295,-0.06640278899360229,-1.177851894974348,1.8079401023510524,-0.3041918912684436,-0.005521280078902488,2.869821802353472,0.5505611813513597,0.46464895784237664,-1.0161329645585022,0
0.0428782422044723,0.9009088760241706,0.8491410419312149,-0.4023354784252475,0.10257878806523006,-1.177851894974348,-0.5674373336626071,-0.8828162337175963,0.5752133482098789,-0.34097028968400567,0.29255569570563505,-0.03140185079879733,-1.0161329645585022,0
0.38177641932588297,0.9009088760241706,-1.179024470547907,-0.40244602506313554,0.2715603651240624,-1.177851894974348,1.8475297262846133,1.4316811360790147,0.830333762949459,2.869821802353472,0.03455021005991044,0.3455967637684949,-1.0161329645585022,0
1.0595727735687044,0.9009088760241706,-0.502969299721533,-0.40285662686100554,0.6095235192417271,-1.177851894974348,0.0026532509806712224,-1.461440576166749,-1.1804179269059165,0.4617277333253637,0.5505611813513597,1.258330251668255,0.9841231756854657,0
0.7206745964472937,0.9009088760241706,0.8491410419312149,-0.3933180312489485,0.4405419421828948,0.21058638994196582,0.8577891279455886,-0.8828162337175963,-1.173704231781191,1.4937680486231246,-0.22345527558581418,0.782121475372728,-1.0161329645585022,0
0.7206745964472937,-1.1099901739376037,-0.502969299721533,-0.40490963585035555,0.2715603651240624,-1.177851894974348,-0.5674373336626071,1.4316811360790147,-0.707102420612748,-0.34097028968400567,0.8085666669970842,0.9210157017922567,-1.0161329645585022,0
0.7206745964472937,0.9009088760241706,-0.502969299721533,-0.30671263665205944,0.7785050963005594,0.9048055324001227,-0.10819769603329955,0.2744324511807092,0.001192415045823164,0.1177142948927768,0.29255569570563505,0.9805417988291976,0.9841231756854657,0
0.38177641932588297,0.9009088760241706,1.5251962127575889,0.27068824541421616,0.2715603651240624,0.9048055324001227,-0.10819769603329955,0.2744324511807092,-1.623521805137819,-0.570312581972397,1.066572152642809,1.5162766721616654,-1.0161329645585022,0
0.5512255078865883,-1.1099901739376037,0.8491410419312149,0.9597412317474512,0.7785050963005594,0.9048055324001227,-0.10819769603329955,1.4316811360790147,-0.33784918875282943,-0.9143260204049839,-0.22345527558581418,-0.20998014190961997,-1.0161329645585022,0
0.0428782422044723,-1.1099901739376037,-0.502969299721533,-0.4044358645451209,-0.06640278899360229,-1.177851894974348,0.06599664927436881,0.853056793629862,-0.811164695045998,0.4617277333253637,0.03455021005991044,0.6630692812988462,-1.0161329645585022,0
0.0428782422044723,-1.1099901739376037,-0.502969299721533,-0.40230389367156516,0.10257878806523006,-1.177851894974348,-0.5674373336626071,1.4316811360790147,-1.0092187012254088,-0.34097028968400567,0.8085666669970842,1.278172284013902,-1.0161329645585022,0
0.890123685007999,-1.1099901739376037,-0.502969299721533,-0.40333039816624017,0.7785050963005594,0.21058638994196582,1.6495816066168083,-0.8828162337175963,0.001192415045823164,2.640479510065081,0.03455021005991044,0.2463866020402601,-1.0161329645585022,0
0.0428782422044723,-1.1099901739376037,-1.179024470547907,-0.40560450043136637,0.10257878806523006,-1.177851894974348,1.6495816066168083,1.4316811360790147,-0.522475804682789,2.640479510065081,1.066572152642809,-0.5274526594399713,0.9841231756854657,0
0.0428782422044723,0.9009088760241706,1.5251962127575889,-0.7980450649340454,-0.7423290972289317,0.9048055324001227,-0.11215665842665565,1.4316811360790147,-0.11965409719924096,1.8377814870557112,0.8085666669970842,-1.2219237915376149,-1.0161329645585022,1
-0.12657084635623306,0.9009088760241706,0.8491410419312149,-0.39710820169082545,-0.23538436605243465,0.21058638994196582,0.19664240825512008,0.2744324511807092,-0.005521280078902488,0.6910700256137552,0.5505611813513597,0.782121475372728,-1.0161329645585022,0
-0.12657084635623306,-1.1099901739376037,-0.502969299721533,-0.6236972246077043,0.4405419421828948,0.9048055324001227,-0.11215665842665565,0.853056793629862,1.223084927745918,0.9204123179021463,0.5505611813513597,0.801963507718375,0.9841231756854657,0
1.0595727735687044,0.9009088760241706,-0.502969299721533,-0.6188647572943111,1.1164682504182242,0.9048055324001227,-0.11215665842665565,0.2744324511807092,-1.1233515183457474,0.9204123179021463,0.29255569570563505,1.5758027691986063,-1.0161329645585022,0
0.38177641932588297,-1.1099901739376037,-0.502969299721533,-0.5269689164556355,0.2715603651240624,0.9048055324001227,-0.11215665842665565,0.853056793629862,1.9750187817152072,0.5763988794695595,-0.22345527558581418,0.18686050500331922,0.9841231756854657,0
0.0428782422044723,0.9009088760241706,0.8491410419312149,-0.29139403111614,-0.23538436605243465,0.9048055324001227,-0.12007458321336785,-0.3041918912684436,0.16232109803924238,0.003043148748581378,0.29255569570563505,0.028124246238143545,-1.0161329645585022,0
0.21232733076517762,-1.1099901739376037,0.8491410419312149,-0.7074757837500267,-0.404365943111267,0.9048055324001227,-0.12403354560672394,-1.461440576166749,-0.33784918875282943,1.2644257563347332,1.066572152642809,-0.07108591549009124,-1.0161329645585022,1
0.0428782422044723,0.9009088760241706,-1.179024470547907,-0.3948183070488581,0.7785050963005594,0.21058638994196582,-0.9474977234247925,-0.8828162337175963,-1.0495008719737637,-0.7996548742607882,0.03455021005991044,-1.4997122443766724,-1.0161329645585022,0
-0.12657084635623306,0.9009088760241706,-0.502969299721533,-0.4514971475317601,0.2715603651240624,0.9048055324001227,-0.12403354560672394,-1.461440576166749,0.23617174441122635,0.3470565871811683,-0.22345527558581418,-1.0830295651180861,0.9841231756854657,0
0.0428782422044723,-1.1099901739376037,1.5251962127575889,-0.39467617565728774,-0.404365943111267,-1.177851894974348,-1.359229812333827,1.4316811360790147,0.6893461653302174,-1.3730106049817663,0.5505611813513597,-0.09092794783573821,0.9841231756854657,0
0.0428782422044723,0.9009088760241706,-1.179024470547907,-0.4505969820518143,0.2715603651240624,0.9048055324001227,-0.12403354560672394,0.2744324511807092,0.4745079213389917,0.3470565871811683,1.066572152642809,0.7225953783357871,-1.0161329645585022,0
0.5512255078865883,0.9009088760241706,-1.179024470547907,-0.3740829162564228,0.10257878806523006,0.9048055324001227,-0.12403354560672394,1.4316811360790147,0.6154955189582334,0.23238544103697253,1.066572152642809,-1.3211339532658497,0.9841231756854657,0
1.2290218621294098,0.9009088760241706,-0.502969299721533,-0.3782836884961698,0.7785050963005594,0.9048055324001227,-0.12403354560672394,0.853056793629862,1.0955247203761276,0.23238544103697253,0.29255569570563505,0.6035431842619053,-1.0161329645585022,0
0.21232733076517762,-1.1099901739376037,-0.502969299721533,-0.3930969379731723,-0.06640278899360229,-1.177851894974348,-0.7257958293968509,0.2744324511807092,1.2465828606824585,-0.570312581972397,0.5505611813513597,1.0797519605574324,0.9841231756854657,0
0.21232733076517762,0.9009088760241706,-1.179024470547907,-0.370513839090322,0.10257878806523006,0.9048055324001227,-0.12403354560672394,-0.8828162337175963,1.1458774338115711,0.23238544103697253,0.29255569570563505,1.5758027691986063,0.9841231756854657,0
0.21232733076517762,0.9009088760241706,0.8491410419312149,-0.3345230122693318,0.9474866733593919,0.9048055324001227,-0.12403354560672394,0.2744324511807092,-0.8447331706696268,0.1177142948927768,0.8085666669970842,0.821805540064022,0.9841231756854657,0
0.5512255078865883,-1.1099901739376037,-0.502969299721533,-0.2964475917053093,0.2715603651240624,0.9048055324001227,-0.12403354560672394,0.2744324511807092,-1.623521805137819,0.003043148748581378,0.8085666669970842,0.46464895784237664,0.9841231756854657,0
-0.12657084635623306,0.9009088760241706,0.8491410419312149,-0.10915000236922187,-0.06640278899360229,0.9048055324001227,-0.12403354560672394,-0.3041918912684436,0.11868207972852446,-0.2262991435398101,1.066572152642809,-1.142555662155027,0.9841231756854657,0
-0.12657084635623306,-1.1099901739376037,-0.502969299721533,-0.012011092419283092,-0.23538436605243465,0.9048055324001227,-0.12403354560672394,-0.8828162337175963,-1.6705176710108995,-0.34097028968400567,0.8085666669970842,0.028124246238143545,-1.0161329645585022,0
0.38177641932588297,0.9009088760241706,-0.502969299721533,-0.014253609930726972,0.4405419421828948,0.9048055324001227,-0.12403354560672394,-1.461440576166749,-0.33784918875282943,-0.34097028968400567,0.5505611813513597,-1.102871597463733,0.9841231756854657,0
0.21232733076517762,0.9009088760241706,-1.179024470547907,0.004444564249199465,0.9474866733593919,0.9048055324001227,-0.12403354560672394,-1.461440576166749,-0.0995130118250634,-0.34097028968400567,1.066572152642809,0.4448069254967297,-1.0161329645585022,0
0.0428782422044723,0.9009088760241706,0.8491410419312149,0.5208237022012557,-0.23538436605243465,0.9048055324001227,-0.12403354560672394,1.4316811360790147,-1.0495008719737637,-0.6849837281165926,0.29255569570563505,-0.011559818453150373,0.9841231756854657,0
0.5512255078865883,0.9009088760241706,1.5251962127575889,0.6454413478548026,0.9474866733593919,0.9048055324001227,-0.12403354560672394,-0.8828162337175963,-0.33784918875282943,-0.7996548742607882,0.5505611813513597,0.9011736694466097,-1.0161329645585022,0
-0.12657084635623306,-1.1099901739376037,-0.502969299721533,-0.4045622035598502,-0.7423290972289317,0.9048055324001227,-0.7257958293968509,1.4316811360790147,1.9750187817152072,-0.570312581972397,1.066572152642809,-1.0036614357354983,-1.0161329645585022,1
0.7206745964472937,-1.1099901739376037,-0.502969299721533,-0.39197567921745036,1.1164682504182242,-1.177851894974348,-0.3774071387815143,0.853056793629862,0.5651428055227898,-0.11162799739561437,0.8085666669970842,1.278172284013902,0.9841231756854657,0
0.21232733076517762,0.9009088760241706,0.8491410419312149,-0.29850060069465933,-0.06640278899360229,0.9048055324001227,-0.7257958293968509,-0.8828162337175963,-0.21364582894540246,-0.6849837281165926,-0.22345527558581418,0.028124246238143545,0.9841231756854657,0
0.5512255078865883,0.9009088760241706,-0.502969299721533,-0.297237210547367,-0.23538436605243465,0.9048055324001227,-0.7257958293968509,0.2744324511807092,-1.3751150855229646,-0.6849837281165926,0.29255569570563505,-0.40840046536608954,0.9841231756854657,0
1.2290218621294098,-1.1099901739376037,1.5251962127575889,-0.39424978148257656,1.6234129815947211,0.21058638994196582,0.06599664927436881,1.4316811360790147,1.934736610966852,0.4617277333253637,-0.22345527558581418,1.2186461869769611,-1.0161329645585022,0
-0.12657084635623306,0.9009088760241706,-1.179024470547907,-0.2951210320506524,-0.23538436605243465,0.9048055324001227,-0.7257958293968509,-1.461440576166749,0.8739727812601764,-0.6849837281165926,0.5505611813513597,0.22654456969461315,0.9841231756854657,0
0.38177641932588297,0.9009088760241706,-1.179024470547907,-0.30101158861240285,0.9474866733593919,0.9048055324001227,-0.7257958293968509,0.2744324511807092,0.04483143335654109,-0.6849837281165926,0.5505611813513597,-0.7655570475877348,0.9841231756854657,0
0.7206745964472937,0.9009088760241706,0.8491410419312149,-0.41173194264573415,-0.06640278899360229,0.9048055324001227,-0.7257958293968509,0.853056793629862,3.018998373610068,-0.570312581972397,1.066572152642809,0.38528082845978884,-1.0161329645585022,1
-0.12657084635623306,0.9009088760241706,-1.179024470547907,-0.41395866778033685,-0.7423290972289317,0.9048055324001227,-0.7257958293968509,-0.3041918912684436,1.7937490133476108,-0.570312581972397,0.03455021005991044,0.9210157017922567,-1.0161329645585022,1
0.5512255078865883,0.9009088760241706,0.17308587110484092,-0.5048280041243375,0.2715603651240624,-1.177851894974348,-0.8841543251310949,-1.461440576166749,1.934736610966852,-0.6849837281165926,0.8085666669970842,-1.2417658238832618,-1.0161329645585022,1
1.2290218621294098,-1.1099901739376037,-1.179024470547907,-0.41045276012160065,1.4544314045358888,0.9048055324001227,-0.7257958293968509,0.853056793629862,1.995159867089384,-0.570312581972397,0.8085666669970842,0.6432272489531993,-1.0161329645585022,1
0.5512255078865883,-1.1099901739376037,-0.502969299721533,-0.38869086483449033,0.4405419421828948,-1.177851894974348,0.4223032646764177,-1.461440576166749,1.0955247203761276,0.9204123179021463,1.066572152642809,0.782121475372728,0.9841231756854657,0
0.7206745964472937,0.9009088760241706,-1.179024470547907,-0.41171615026889297,0.6095235192417271,0.9048055324001227,-0.7257958293968509,-1.461440576166749,2.431550050196561,-0.570312581972397,-0.22345527558581418,-0.8846092416616166,-1.0161329645585022,1
-0.12657084635623306,0.9009088760241706,-1.179024470547907,-0.4134691040982611,-0.5733475201700994,0.9048055324001227,-0.7257958293968509,0.853056793629862,0.9343960373827085,-0.570312581972397,0.5505611813513597,-1.5393963090679663,-1.0161329645585022,1
0.0428782422044723,0.9009088760241706,1.5251962127575889,-0.2974267190694609,-0.06640278899360229,0.9048055324001227,-0.7257958293968509,0.2744324511807092,-0.1397951825734185,-0.6849837281165926,0.8085666669970842,0.7622794430270811,-1.0161329645585022,0
0.0428782422044723,-1.1099901739376037,-1.179024470547907,-0.39671339226979657,-0.06640278899360229,0.21058638994196582,0.1451758971414908,0.2744324511807092,1.6628319584154578,0.5763988794695595,0.5505611813513597,-1.9560789883265524,0.9841231756854657,0
1.2290218621294098,0.9009088760241706,0.17308587110484092,-0.29136244636245767,1.6234129815947211,0.9048055324001227,-0.7257958293968509,1.4316811360790147,0.860545391010725,-0.6849837281165926,0.5505611813513597,0.46464895784237664,0.9841231756854657,0
0.21232733076517762,-1.1099901739376037,1.5251962127575889,-0.2861035848743534,0.2715603651240624,0.9048055324001227,-0.7257958293968509,-0.3041918912684436,-0.37813135950118393,-0.6849837281165926,0.5505611813513597,1.4765926074703717,0.9841231756854657,0
1.2290218621294098,0.9009088760241706,0.8491410419312149,-0.2803709520810145,0.9474866733593919,0.9048055324001227,-0.7257958293968509,-0.8828162337175963,0.6624913848313142,-0.6849837281165926,1.066572152642809,-0.03140185079879733,-1.0161329645585022,0
0.38177641932588297,0.9009088760241706,1.5251962127575889,-0.3949446460635873,0.7785050963005594,0.9048055324001227,-0.7257958293968509,0.2744324511807092,0.5785701957722418,-0.570312581972397,0.5505611813513597,-0.4282424977117365,-1.0161329645585022,1
0.21232733076517762,-1.1099901739376037,-0.502969299721533,-0.2799761426599856,0.4405419421828948,0.9048055324001227,-0.7257958293968509,-1.461440576166749,-1.0092187012254088,-0.6849837281165926,0.03455021005991044,0.801963507718375,-1.0161329645585022,0
-0.12657084635623306,0.9009088760241706,-0.502969299721533,-0.38771173747033877,0.10257878806523006,0.9048055324001227,-0.7257958293968509,-0.8828162337175963,1.676259348664909,-0.570312581972397,1.066572152642809,1.1194360252487263,-1.0161329645585022,1
-0.12657084635623306,0.9009088760241706,-0.502969299721533,-0.39421819672889424,-0.911310674287764,0.21058638994196582,0.38271364074285674,0.2744324511807092,-1.6705176710108995,0.9204123179021463,0.29255569570563505,-0.13061201252703214,0.9841231756854657,0
0.0428782422044723,-1.1099901739376037,-1.179024470547907,-0.2770703453212133,0.4405419421828948,0.9048055324001227,-0.7257958293968509,-0.8828162337175963,0.04483143335654109,-0.6849837281165926,1.066572152642809,-0.46792656240303043,0.9841231756854657,0
-0.12657084635623306,0.9009088760241706,-0.502969299721533,-0.38905408950183684,-0.911310674287764,-1.177851894974348,-1.042512820865339,-0.8828162337175963,-1.4724636648314886,-1.0289971665491795,1.066572152642809,-0.5671367241312653,0.9841231756854657,0
0.0428782422044723,0.9009088760241706,-0.502969299721533,-0.25892490433072723,-0.7423290972289317,0.9048055324001227,-0.7257958293968509,0.853056793629862,0.001192415045823164,-0.6849837281165926,0.03455021005991044,-2.134657279437375,0.9841231756854657,0
-0.12657084635623306,0.9009088760241706,-0.502969299721533,-0.3891488437628838,-0.23538436605243465,-1.177851894974348,0.06599664927436881,-0.8828162337175963,-0.11965409719924096,0.4617277333253637,0.5505611813513597,-1.4203441149940845,0.9841231756854657,0
0.21232733076517762,-1.1099901739376037,-0.502969299721533,-0.3994928505938397,-0.06640278899360229,0.21058638994196582,0.06599664927436881,0.2744324511807092,2.206641263518246,0.4617277333253637,0.03455021005991044,0.9606997664835506,0.9841231756854657,0
0.0428782422044723,-1.1099901739376037,-1.179024470547907,-0.3914387384048511,-0.23538436605243465,-1.177851894974348,-0.9356208362447243,1.4316811360790147,0.001192415045823164,-0.7996548742607882,0.03455021005991044,0.8416475724096689,0.9841231756854657,0
1.2290218621294098,0.9009088760241706,0.17308587110484092,-0.863188619403806,0.9474866733593919,0.9048055324001227,-0.17154109432699713,0.853056793629862,0.860545391010725,2.2964660716324943,1.066572152642809,1.8139071573463699,-1.0161329645585022,1
1.2290218621294098,-1.1099901739376037,-0.502969299721533,-0.8662839252646721,1.6234129815947211,0.9048055324001227,-0.17154109432699713,-0.8828162337175963,1.357358830240434,2.2964660716324943,1.066572152642809,0.782121475372728,-1.0161329645585022,1
0.21232733076517762,0.9009088760241706,1.5251962127575889,-0.8298667042689708,-0.06640278899360229,0.9048055324001227,-0.17154109432699713,-1.461440576166749,1.0418151593783211,1.952452633199907,0.29255569570563505,-1.7179746001787888,-1.0161329645585022,1
-0.12657084635623306,-1.1099901739376037,-1.179024470547907,-0.8107263435374921,-0.404365943111267,0.9048055324001227,-0.17154109432699713,1.4316811360790147,0.001192415045823164,1.8377814870557112,0.29255569570563505,-0.24966420660091387,-1.0161329645585022,1
0.7206745964472937,0.9009088760241706,-1.179024470547907,-0.39320748461106036,0.6095235192417271,-1.177851894974348,-0.2507203421941191,0.2744324511807092,1.223084927745918,0.1177142948927768,0.5505611813513597,0.782121475372728,0.9841231756854657,0
0.7206745964472937,-1.1099901739376037,-0.502969299721533,-0.3947867222951758,0.6095235192417271,-1.177851894974348,0.6994306322113446,1.4316811360790147,0.5651428055227898,1.2644257563347332,0.8085666669970842,1.4170665104334308,-1.0161329645585022,0
0.890123685007999,-1.1099901739376037,-1.179024470547907,-0.7746565548322961,0.9474866733593919,0.9048055324001227,-0.17154109432699713,-1.461440576166749,0.8135495251376443,1.6084391947673204,0.03455021005991044,-1.4997122443766724,-1.0161329645585022,1
0.38177641932588297,0.9009088760241706,0.8491410419312149,-0.39590798105089775,0.10257878806523006,-1.177851894974348,-0.3298995900612411,-0.3041918912684436,-1.0427871768490378,0.003043148748581378,-0.22345527558581418,-1.3211339532658497,0.9841231756854657,0
-0.12657084635623306,-1.1099901739376037,-0.502969299721533,-0.388043377384003,0.6095235192417271,-1.177851894974348,-0.7257958293968509,0.2744324511807092,-1.6705176710108995,-0.570312581972397,0.8085666669970842,0.7225953783357871,0.9841231756854657,0
0.7206745964472937,-1.1099901739376037,0.8491410419312149,-0.39466038328044656,0.4405419421828948,-1.177851894974348,-1.1850354670261585,-1.461440576166749,-1.3482603050240614,-1.143668312693375,1.066572152642809,-0.8846092416616166,-1.0161329645585022,0
0.0428782422044723,0.9009088760241706,-0.502969299721533,-0.394091857714165,-0.23538436605243465,-1.177851894974348,-0.2507203421941191,-0.3041918912684436,-1.1804179269059165,0.1177142948927768,0.5505611813513597,0.7622794430270811,0.9841231756854657,0
0.7206745964472937,-1.1099901739376037,1.5251962127575889,-0.39508677745515774,0.4405419421828948,-1.177851894974348,-0.052772222526314166,0.2744324511807092,-0.8447331706696268,0.3470565871811683,0.03455021005991044,0.26622863438590705,0.9841231756854657,0
0.0428782422044723,0.9009088760241706,0.8491410419312149,-0.733849053074754,0.10257878806523006,0.9048055324001227,-0.17154109432699713,1.4316811360790147,1.6628319584154578,1.2644257563347332,1.066572152642809,0.305912699077201,-1.0161329645585022,1
0.5512255078865883,-1.1099901739376037,-1.179024470547907,-0.5134664342564488,0.4405419421828948,-1.177851894974348,-1.1691996174527342,-1.461440576166749,-1.1804179269059165,-1.0289971665491795,0.03455021005991044,0.08765034327508442,-1.0161329645585022,1
1.2290218621294098,-1.1099901739376037,-0.502969299721533,-0.7123556281939433,1.4544314045358888,0.9048055324001227,-0.17154109432699713,0.2744324511807092,0.19253272610050842,1.1497546101905376,0.03455021005991044,0.6035431842619053,0.9841231756854657,0
-0.12657084635623306,0.9009088760241706,0.8491410419312149,-0.5094709629156368,0.2715603651240624,-1.177851894974348,-0.7257958293968509,-0.3041918912684436,2.6128198185641573,-0.45564143582820127,0.03455021005991044,-0.24966420660091387,-1.0161329645585022,1
0.0428782422044723,-1.1099901739376037,1.5251962127575889,-0.39284425994371386,-0.06640278899360229,-1.177851894974348,0.06599664927436881,-1.461440576166749,-1.6839450612603513,0.4617277333253637,1.066572152642809,1.0400678958661385,-1.0161329645585022,0
0.7206745964472937,0.9009088760241706,-1.179024470547907,-0.39628699809508544,0.7785050963005594,-1.177851894974348,-0.5674373336626071,0.853056793629862,-1.1804179269059165,-0.34097028968400567,0.03455021005991044,0.801963507718375,-1.0161329645585022,0
1.0595727735687044,0.9009088760241706,0.8491410419312149,-0.3972977102129193,0.7785050963005594,0.21058638994196582,-0.4090788379283631,1.4316811360790147,-1.8752853723150364,-0.11162799739561437,-0.22345527558581418,0.5837011519162584,-1.0161329645585022,0
0.0428782422044723,0.9009088760241706,-1.179024470547907,-0.6482069934651754,0.2715603651240624,0.9048055324001227,-0.17154109432699713,0.2744324511807092,1.6997572816014495,0.9204123179021463,1.066572152642809,0.7424374106814341,-1.0161329645585022,1
0.5512255078865883,0.9009088760241706,-1.179024470547907,-0.38761698320929183,0.4405419421828948,-1.177851894974348,-0.5674373336626071,1.4316811360790147,-0.005521280078902488,-0.34097028968400567,1.066572152642809,1.5559607368529593,0.9841231756854657,0
-0.12657084635623306,-1.1099901739376037,-1.179024470547907,-0.38990687785125916,-0.23538436605243465,-1.177851894974348,-0.8841543251310949,0.853056793629862,-1.3482603050240614,-0.7996548742607882,0.29255569570563505,0.7027533459901402,-1.0161329645585022,0
0.38177641932588297,0.9009088760241706,1.5251962127575889,-0.5053807373137779,0.6095235192417271,-1.177851894974348,-1.042512820865339,-0.3041918912684436,1.0015329886299666,-0.9143260204049839,1.066572152642809,0.5043330225336705,-1.0161329645585022,1
0.0428782422044723,-1.1099901739376037,-0.502969299721533,-0.6231286990414228,-0.23538436605243465,0.9048055324001227,-0.17154109432699713,0.2744324511807092,1.0015329886299666,0.8057411717579506,0.8085666669970842,0.7424374106814341,-1.0161329645585022,0
1.2290218621294098,0.9009088760241706,1.5251962127575889,-0.3910913061143457,1.7923945586535535,-1.177851894974348,-0.5674373336626071,1.4316811360790147,-1.3482603050240614,-0.34097028968400567,0.8085666669970842,0.9805417988291976,0.9841231756854657,0
-0.12657084635623306,-1.1099901739376037,-0.502969299721533,-0.5378340717223495,-0.23538436605243465,0.9048055324001227,-0.17154109432699713,0.853056793629862,-0.33784918875282943,0.5763988794695595,1.066572152642809,-1.5989224061049072,0.9841231756854657,0
-0.12657084635623306,0.9009088760241706,-1.179024470547907,-0.5247895684515562,-0.23538436605243465,0.9048055324001227,-0.17154109432699713,-0.8828162337175963,-1.3482603050240614,0.4617277333253637,1.066572152642809,-0.30919030363785477,-1.0161329645585022,0
0.21232733076517762,-1.1099901739376037,-1.179024470547907,-0.39511836220884006,0.2715603651240624,0.21058638994196582,0.8577891279455886,1.4316811360790147,0.16232109803924238,1.4937680486231246,0.5505611813513597,-0.11076998018138517,-1.0161329645585022,0
0.38177641932588297,0.9009088760241706,-1.179024470547907,-0.4849611940581656,0.10257878806523006,0.9048055324001227,-0.17154109432699713,0.2744324511807092,0.5114332445249834,0.3470565871811683,0.5505611813513597,-0.13061201252703214,0.9841231756854657,0
0.38177641932588297,0.9009088760241706,-0.502969299721533,-0.47861265856802165,0.10257878806523006,0.9048055324001227,-0.17154109432699713,-0.8828162337175963,0.6255660616453219,0.3470565871811683,0.29255569570563505,0.6233852166075523,0.9841231756854657,0
0.7206745964472937,-1.1099901739376037,1.5251962127575889,-0.3959711505582624,0.2715603651240624,-1.177851894974348,-0.7574675285436998,-0.8828162337175963,-1.1804179269059165,-0.570312581972397,0.29255569570563505,1.714696995618135,0.9841231756854657,0
-0.12657084635623306,0.9009088760241706,-0.502969299721533,-0.45257102915695857,-0.404365943111267,0.9048055324001227,-0.17154109432699713,-1.461440576166749,-0.34120603631519225,0.3470565871811683,0.5505611813513597,-1.6386064707962011,0.9841231756854657,0
-0.12657084635623306,0.9009088760241706,-1.179024470547907,-0.39917700305701664,-0.404365943111267,-1.177851894974348,-0.9712514977849291,0.853056793629862,0.3301634761573873,-0.9143260204049839,0.29255569570563505,-0.09092794783573821,0.9841231756854657,0
0.0428782422044723,0.9009088760241706,-1.179024470547907,-0.3857218979883534,0.10257878806523006,-1.177851894974348,0.8577891279455886,-0.3041918912684436,1.6729025011025462,1.4937680486231246,0.5505611813513597,0.821805540064022,0.9841231756854657,0
0.38177641932588297,-1.1099901739376037,-1.179024470547907,-0.41193724354466915,0.6095235192417271,0.9048055324001227,-0.17154109432699713,-0.8828162337175963,0.11868207972852446,0.23238544103697253,0.29255569570563505,-0.32903233598350173,0.9841231756854657,0
0.890123685007999,0.9009088760241706,-1.179024470547907,-0.3877275298471799,1.4544314045358888,0.9048055324001227,-0.17154109432699713,0.2744324511807092,-0.12972463988633004,0.1177142948927768,0.03455021005991044,-0.24966420660091387,0.9841231756854657,0
0.21232733076517762,-1.1099901739376037,-1.179024470547907,-0.3949604384404285,0.2715603651240624,-1.177851894974348,0.8577891279455886,0.853056793629862,2.5121143916932698,1.4937680486231246,0.03455021005991044,-1.8568688265983175,0.9841231756854657,0
0.38177641932588297,0.9009088760241706,1.5251962127575889,-0.389069881878678,0.2715603651240624,0.9048055324001227,-0.17154109432699713,0.2744324511807092,0.2965950005337584,0.1177142948927768,0.29255569570563505,-0.13061201252703214,0.9841231756854657,0
0.0428782422044723,0.9009088760241706,-1.179024470547907,-0.3429561415025081,0.6095235192417271,0.9048055324001227,-0.17154109432699713,-0.8828162337175963,-1.0495008719737637,0.1177142948927768,1.066572152642809,0.4448069254967297,0.9841231756854657,0
-0.12657084635623306,-1.1099901739376037,-1.179024470547907,-0.3963659599792912,-0.06640278899360229,-1.177851894974348,-0.6624524311031534,-1.461440576166749,0.665848232393677,-0.45564143582820127,0.29255569570563505,-0.6266628211682062,0.9841231756854657,0
1.0595727735687044,0.9009088760241706,1.5251962127575889,-0.29955868994301665,0.7785050963005594,0.9048055324001227,-0.17154109432699713,1.4316811360790147,-0.522475804682789,0.003043148748581378,0.03455021005991044,1.3773824457421369,-1.0161329645585022,0
0.0428782422044723,0.9009088760241706,-0.502969299721533,-0.24760177013561974,0.10257878806523006,0.9048055324001227,-0.17154109432699713,0.2744324511807092,-1.7510820125076092,-0.11162799739561437,0.8085666669970842,-1.182239726846321,0.9841231756854657,0
0.7206745964472937,0.9009088760241706,1.5251962127575889,-0.21551166039439462,0.7785050963005594,0.9048055324001227,-0.17154109432699713,-0.3041918912684436,-1.1804179269059165,-0.11162799739561437,0.03455021005991044,0.9408577341379036,0.9841231756854657,0
0.7206745964472937,0.9009088760241706,-1.179024470547907,-0.3960501124424681,0.6095235192417271,-1.177851894974348,-0.8841543251310949,-1.461440576166749,-1.1804179269059165,-0.7996548742607882,0.29255569570563505,0.4448069254967297,0.9841231756854657,0
0.7206745964472937,0.9009088760241706,-1.179024470547907,-0.3911070984911869,0.7785050963005594,-1.177851894974348,-0.5040939353689095,-0.8828162337175963,-1.1804179269059165,-0.2262991435398101,0.5505611813513597,0.9408577341379036,-1.0161329645585022,0
0.38177641932588297,-1.1099901739376037,-0.502969299721533,-0.14870990635631284,0.10257878806523006,0.9048055324001227,-0.17154109432699713,0.853056793629862,0.001192415045823164,-0.2262991435398101,-0.22345527558581418,-0.011559818453150373,0.9841231756854657,0
-0.12657084635623306,0.9009088760241706,1.5251962127575889,-0.14555143098808204,-0.5733475201700994,0.9048055324001227,-0.17154109432699713,-0.3041918912684436,0.8336906105118219,-0.2262991435398101,0.03455021005991044,1.1194360252487263,0.9841231756854657,0
1.0595727735687044,0.9009088760241706,-0.502969299721533,-0.09582123631528781,0.9474866733593919,0.9048055324001227,-0.17154109432699713,0.853056793629862,-0.11965409719924096,-0.2262991435398101,0.03455021005991044,-0.4282424977117365,-1.0161329645585022,0
0.21232733076517762,-1.1099901739376037,0.8491410419312149,-0.2032725683425002,0.2715603651240624,0.9048055324001227,-0.17154109432699713,0.853056793629862,1.7736079279734327,-0.11162799739561437,0.5505611813513597,-2.5513399586959613,-1.0161329645585022,1
0.0428782422044723,0.9009088760241706,0.8491410419312149,-0.38480594013156644,0.10257878806523006,-1.177851894974348,-0.9474977234247925,-0.8828162337175963,0.001192415045823164,-0.9143260204049839,0.5505611813513597,0.8614896047553159,-1.0161329645585022,0
0.0428782422044723,0.9009088760241706,-1.179024470547907,0.1915052679326696,-0.23538436605243465,0.9048055324001227,-0.17154109432699713,0.2744324511807092,0.001192415045823164,-0.570312581972397,-0.22345527558581418,1.1194360252487263,-1.0161329645585022,0
0.7206745964472937,0.9009088760241706,-1.179024470547907,-0.6300141753441659,0.2715603651240624,0.9048055324001227,-0.17550005672035324,-0.3041918912684436,0.001192415045823164,0.8057411717579506,0.03455021005991044,0.46464895784237664,-1.0161329645585022,1
0.38177641932588297,0.9009088760241706,-1.179024470547907,-0.4502969268918324,0.4405419421828948,0.9048055324001227,-0.17945901911370934,0.2744324511807092,-0.811164695045998,0.23238544103697253,0.29255569570563505,0.4448069254967297,-1.0161329645585022,0
0.5512255078865883,-1.1099901739376037,0.8491410419312149,-0.3914387384048511,1.1164682504182242,-1.177851894974348,0.8577891279455886,-0.3041918912684436,0.6893461653302174,1.4937680486231246,-0.22345527558581418,-2.23386744116561,0.9841231756854657,0
0.21232733076517762,0.9009088760241706,-1.179024470547907,-0.711818687381344,-0.06640278899360229,0.9048055324001227,-0.18737694390042153,1.4316811360790147,0.15896425047687956,1.1497546101905376,0.03455021005991044,0.8813316371009629,0.9841231756854657,0
1.0595727735687044,-1.1099901739376037,-0.502969299721533,-0.2637257868904381,0.9474866733593919,0.9048055324001227,-0.7257958293968509,1.4316811360790147,1.0015329886299666,-0.6849837281165926,0.5505611813513597,0.6035431842619053,-1.0161329645585022,0
0.38177641932588297,-1.1099901739376037,1.5251962127575889,-0.3977083120107893,0.6095235192417271,-1.177851894974348,-0.8128930020506852,-1.461440576166749,-0.21364582894540246,-0.6849837281165926,0.03455021005991044,0.08765034327508442,-1.0161329645585022,0
0.0428782422044723,0.9009088760241706,-1.179024470547907,-0.2646733295009073,0.10257878806523006,0.9048055324001227,-0.7257958293968509,0.2744324511807092,0.4107278176540969,-0.6849837281165926,0.8085666669970842,-1.4401861473397315,0.9841231756854657,0
0.0428782422044723,0.9009088760241706,-1.179024470547907,-0.25385555136471677,0.10257878806523006,0.9048055324001227,-0.7257958293968509,-0.3041918912684436,0.830333762949459,-0.6849837281165926,0.29255569570563505,0.7225953783357871,-1.0161329645585022,0
0.21232733076517762,-1.1099901739376037,-0.502969299721533,-0.25957239178121455,-0.06640278899360229,0.9048055324001227,-0.7257958293968509,0.853056793629862,-0.005521280078902488,-0.6849837281165926,0.8085666669970842,0.7424374106814341,0.9841231756854657,0
1.2290218621294098,0.9009088760241706,-1.179024470547907,-0.3939339339457535,1.9613761357123858,-1.177851894974348,-0.3298995900612411,-1.461440576166749,-1.2475548781531747,0.003043148748581378,0.8085666669970842,1.0995939929030794,-1.0161329645585022,0
0.21232733076517762,0.9009088760241706,1.5251962127575889,-0.23890017049614382,0.10257878806523006,0.9048055324001227,-0.7257958293968509,-0.3041918912684436,-1.8752853723150364,-0.6849837281165926,0.03455021005991044,1.0003838311748445,-1.0161329645585022,0
-0.12657084635623306,-1.1099901739376037,-0.502969299721533,-0.3937286330468185,0.10257878806523006,-1.177851894974348,-0.7257958293968509,-1.461440576166749,-0.5896127559300467,-0.570312581972397,1.066572152642809,0.9805417988291976,0.9841231756854657,0
0.0428782422044723,-1.1099901739376037,0.8491410419312149,-0.5080338566230918,-0.404365943111267,-1.177851894974348,-0.9831283849649974,0.2744324511807092,1.2835081838684501,-0.7996548742607882,0.5505611813513597,-0.17029607721832604,-1.0161329645585022,1
0.0428782422044723,0.9009088760241706,1.5251962127575889,-0.23324649958701066,0.10257878806523006,0.9048055324001227,-0.7257958293968509,1.4316811360790147,0.3939435798422821,-0.6849837281165926,-0.22345527558581418,0.305912699077201,0.9841231756854657,0
0.5512255078865883,-1.1099901739376037,-0.502969299721533,-0.22307620890130744,0.4405419421828948,0.9048055324001227,-0.7257958293968509,-0.3041918912684436,-0.1397951825734185,-0.6849837281165926,-0.22345527558581418,-1.0631875327724392,-1.0161329645585022,0
1.0595727735687044,-1.1099901739376037,1.5251962127575889,-0.22114953892668662,1.1164682504182242,0.9048055324001227,-0.7257958293968509,0.853056793629862,-0.46205254856025635,-0.6849837281165926,0.03455021005991044,1.0599099282117854,0.9841231756854657,0
0.7206745964472937,-1.1099901739376037,-0.502969299721533,-0.22773496006944788,1.1164682504182242,0.9048055324001227,-0.7257958293968509,0.2744324511807092,-1.0427871768490378,-0.6849837281165926,0.29255569570563505,-1.9759210206721993,0.9841231756854657,0
0.7206745964472937,-1.1099901739376037,-0.502969299721533,-0.3978346510255185,0.4405419421828948,-1.177851894974348,-0.7257958293968509,-1.461440576166749,-1.7510820125076092,-0.570312581972397,-0.22345527558581418,-1.5790803737592602,0.9841231756854657,0
1.2290218621294098,0.9009088760241706,0.8491410419312149,-0.21608018596067619,0.9474866733593919,0.9048055324001227,-0.7257958293968509,0.2744324511807092,0.1119683846037988,-0.6849837281165926,1.066572152642809,-1.8171847619070236,0.9841231756854657,0
0.0428782422044723,0.9009088760241706,1.5251962127575889,-0.20641525133388988,0.10257878806523006,0.9048055324001227,-0.7257958293968509,-0.8828162337175963,-1.6705176710108995,-0.7996548742607882,0.03455021005991044,0.9805417988291976,0.9841231756854657,0
-0.12657084635623306,0.9009088760241706,-0.502969299721533,-0.3969818626760962,-0.911310674287764,-1.177851894974348,-0.4407505370752119,-1.461440576166749,-1.623521805137819,-0.2262991435398101,0.8085666669970842,0.16701847265767225,0.9841231756854657,0
-0.12657084635623306,0.9009088760241706,1.5251962127575889,-0.39112289086802804,-0.404365943111267,-1.177851894974348,0.38271364074285674,0.853056793629862,-1.3751150855229646,0.9204123179021463,0.5505611813513597,-1.8965528912896115,0.9841231756854657,0
-0.12657084635623306,0.9009088760241706,-0.502969299721533,-0.20145644500576748,-0.5733475201700994,0.9048055324001227,-0.7257958293968509,-0.8828162337175963,0.830333762949459,-0.7996548742607882,-0.22345527558581418,0.6432272489531993,-1.0161329645585022,0
0.5512255078865883,-1.1099901739376037,-1.179024470547907,-0.3199466484449466,-0.06640278899360229,0.9048055324001227,-0.7257958293968509,-1.461440576166749,1.8105332511594245,-0.6849837281165926,-0.22345527558581418,1.0599099282117854,-1.0161329645585022,1
0.21232733076517762,0.9009088760241706,0.8491410419312149,-0.3941076500910062,0.4405419421828948,-1.177851894974348,-0.8841543251310949,0.853056793629862,-1.623521805137819,-0.7996548742607882,0.8085666669970842,0.2463866020402601,0.9841231756854657,0
0.5512255078865883,-1.1099901739376037,1.5251962127575889,-0.20856301458428683,0.7785050963005594,0.9048055324001227,-0.7257958293968509,0.853056793629862,0.001192415045823164,-0.7996548742607882,1.066572152642809,0.9011736694466097,0.9841231756854657,0
0.5512255078865883,0.9009088760241706,-1.179024470547907,-0.20982640473157915,0.7785050963005594,0.9048055324001227,-0.7257958293968509,0.853056793629862,-1.0092187012254088,-0.6849837281165926,0.8085666669970842,-0.17029607721832604,-1.0161329645585022,0
0.0428782422044723,0.9009088760241706,-1.179024470547907,-0.39243365814584386,0.6095235192417271,-1.177851894974348,-1.042512820865339,-0.8828162337175963,-1.7510820125076092,-1.0289971665491795,0.5505611813513597,1.298014316359549,-1.0161329645585022,0
0.38177641932588297,0.9009088760241706,0.8491410419312149,-0.39511836220884006,-0.06640278899360229,-1.177851894974348,-0.2507203421941191,1.4316811360790147,-0.21700267650776528,0.1177142948927768,0.8085666669970842,-0.20998014190961997,-1.0161329645585022,0
-0.12657084635623306,0.9009088760241706,-1.179024470547907,-0.3959553581814212,0.2715603651240624,-1.177851894974348,0.06599664927436881,0.2744324511807092,-1.623521805137819,0.4617277333253637,0.8085666669970842,0.4844909901880236,0.9841231756854657,0
-0.12657084635623306,-1.1099901739376037,-0.502969299721533,-0.2072680396833122,-0.06640278899360229,0.9048055324001227,-0.7257958293968509,-1.461440576166749,0.9377528849450718,-0.7996548742607882,0.03455021005991044,-0.6663468858595001,0.9841231756854657,0
0.38177641932588297,-1.1099901739376037,-0.502969299721533,-0.3171356053672212,0.2715603651240624,0.9048055324001227,-0.7257958293968509,-0.8828162337175963,-0.08944246913797492,-0.6849837281165926,1.066572152642809,0.2463866020402601,-1.0161329645585022,1
0.21232733076517762,-1.1099901739376037,1.5251962127575889,-0.20936842580318568,0.2715603651240624,0.9048055324001227,-0.7257958293968509,-0.8828162337175963,-1.2979075915886182,-0.6849837281165926,-0.22345527558581418,0.0479662785837905,-1.0161329645585022,0
0.38177641932588297,-1.1099901739376037,-0.502969299721533,-0.3172935291356327,0.10257878806523006,0.9048055324001227,-0.7257958293968509,-0.3041918912684436,1.4446368668618692,-0.6849837281165926,1.066572152642809,-0.5869787564769122,-1.0161329645585022,1
0.5512255078865883,-1.1099901739376037,-0.502969299721533,-0.2084682603232399,1.2854498274770565,0.9048055324001227,-0.7257958293968509,-0.3041918912684436,0.3939435798422821,-0.7996548742607882,0.5505611813513597,1.3773824457421369,0.9841231756854657,0
-0.12657084635623306,-1.1099901739376037,0.8491410419312149,-0.39298639133528424,0.10257878806523006,0.21058638994196582,0.8973787518791496,-0.8828162337175963,0.9981761410676039,1.6084391947673204,1.066572152642809,-2.0156050853634935,0.9841231756854657,0
0.0428782422044723,0.9009088760241706,-0.502969299721533,-0.20287775892147136,-0.404365943111267,0.9048055324001227,-0.7257958293968509,0.2744324511807092,0.5114332445249834,-0.7996548742607882,1.066572152642809,-0.8647672093159696,-1.0161329645585022,0
0.21232733076517762,0.9009088760241706,0.8491410419312149,-0.3920862258553385,0.6095235192417271,0.21058638994196582,0.06599664927436881,0.853056793629862,-1.0495008719737637,0.4617277333253637,1.066572152642809,0.6035431842619053,0.9841231756854657,0
1.0595727735687044,0.9009088760241706,-0.502969299721533,-0.18654844126771802,0.7785050963005594,0.9048055324001227,-0.7257958293968509,0.853056793629862,-0.707102420612748,-0.7996548742607882,0.5505611813513597,0.6035431842619053,-1.0161329645585022,0
0.7206745964472937,0.9009088760241706,-1.179024470547907,-0.3951815317162046,0.2715603651240624,-1.177851894974348,0.8577891279455886,0.853056793629862,-1.173704231781191,1.4937680486231246,-0.22345527558581418,0.8416475724096689,0.9841231756854657,0
0.890123685007999,-1.1099901739376037,-1.179024470547907,-0.28255030008509374,0.9474866733593919,0.9048055324001227,-0.7257958293968509,0.2744324511807092,1.327147202179168,-0.6849837281165926,0.8085666669970842,-0.5472946917856183,-1.0161329645585022,1
0.21232733076517762,0.9009088760241706,-1.179024470547907,-0.15676401854530142,-0.23538436605243465,0.9048055324001227,-0.7257958293968509,-1.461440576166749,0.2865244578466693,-0.7996548742607882,0.03455021005991044,-1.5790803737592602,0.9841231756854657,0
-0.12657084635623306,-1.1099901739376037,-0.502969299721533,-0.15978036252196187,0.10257878806523006,0.9048055324001227,-0.7257958293968509,0.2744324511807092,0.001192415045823164,-0.7996548742607882,0.03455021005991044,0.821805540064022,0.9841231756854657,0
1.2290218621294098,0.9009088760241706,-1.179024470547907,-0.39652388374770275,0.7785050963005594,-1.177851894974348,-0.4882580857954851,0.2744324511807092,0.9981761410676039,-0.2262991435398101,1.066572152642809,1.298014316359549,-1.0161329645585022,0
1.0595727735687044,-1.1099901739376037,1.5251962127575889,-0.3933496160026308,0.9474866733593919,-1.177851894974348,-0.6782882806765778,0.2744324511807092,0.7464125738903866,-0.45564143582820127,0.03455021005991044,0.5241750548793175,0.9841231756854657,0
1.0595727735687044,-1.1099901739376037,-0.502969299721533,-0.38925939040077184,1.4544314045358888,-1.177851894974348,0.38271364074285674,1.4316811360790147,0.2865244578466693,0.9204123179021463,0.8085666669970842,0.2463866020402601,0.9841231756854657,0
0.890123685007999,0.9009088760241706,0.8491410419312149,-0.14978378798151132,1.4544314045358888,0.9048055324001227,-0.7257958293968509,1.4316811360790147,-1.173704231781191,-0.7996548742607882,0.29255569570563505,-0.5076106270943244,0.9841231756854657,0
0.21232733076517762,0.9009088760241706,1.5251962127575889,-0.3945340442657173,-0.23538436605243465,-1.177851894974348,-0.2507203421941191,-0.3041918912684436,1.5352717510456675,0.1177142948927768,0.8085666669970842,1.0003838311748445,-1.0161329645585022,0
0.38177641932588297,-1.1099901739376037,1.5251962127575889,-0.3906333271859523,0.4405419421828948,-1.177851894974348,-1.121692068732461,0.2744324511807092,-1.4254677989584081,-1.0289971665491795,1.066572152642809,1.0003838311748445,0.9841231756854657,0
0.0428782422044723,-1.1099901739376037,-1.179024470547907,-0.2629519604252215,0.2715603651240624,0.9048055324001227,-0.7257958293968509,-0.3041918912684436,0.11868207972852446,-0.6849837281165926,0.29255569570563505,1.278172284013902,-1.0161329645585022,1
-0.12657084635623306,0.9009088760241706,-1.179024470547907,-0.39442349762782924,0.4405419421828948,-1.177851894974348,-0.8999901747045194,-0.3041918912684436,0.11868207972852446,-0.7996548742607882,0.03455021005991044,0.38528082845978884,0.9841231756854657,0
0.5512255078865883,0.9009088760241706,-1.179024470547907,-0.3937444254236596,0.10257878806523006,-1.177851894974348,0.06599664927436881,1.4316811360790147,-0.37813135950118393,0.4617277333253637,0.5505611813513597,0.6829113136444932,0.9841231756854657,0
0.0428782422044723,-1.1099901739376037,0.8491410419312149,-0.12412117561463594,0.2715603651240624,0.9048055324001227,-0.7257958293968509,-0.3041918912684436,-1.7510820125076092,-0.7996548742607882,1.066572152642809,-3.7418618994347788,0.9841231756854657,0
0.0428782422044723,0.9009088760241706,-0.502969299721533,-0.10750759517774185,-0.404365943111267,0.9048055324001227,-0.7257958293968509,0.853056793629862,-0.8447331706696268,-0.7996548742607882,-0.22345527558581418,-0.4877685947486774,0.9841231756854657,0
-0.12657084635623306,-1.1099901739376037,-1.179024470547907,-0.22239713669713781,-0.7423290972289317,0.9048055324001227,-0.7257958293968509,-1.461440576166749,0.3301634761573873,-0.6849837281165926,1.066572152642809,0.9210157017922567,-1.0161329645585022,1
0.5512255078865883,-1.1099901739376037,1.5251962127575889,-0.3928284675668727,0.4405419421828948,-1.177851894974348,-0.3298995900612411,1.4316811360790147,-0.12972463988633004,0.003043148748581378,-0.22345527558581418,-0.07108591549009124,-1.0161329645585022,0
0.5512255078865883,0.9009088760241706,-1.179024470547907,-0.3955763411372335,0.6095235192417271,-1.177851894974348,-1.121692068732461,-1.461440576166749,-1.0495008719737637,-1.0289971665491795,0.5505611813513597,0.801963507718375,-1.0161329645585022,0
0.7206745964472937,0.9009088760241706,0.8491410419312149,-0.1119926302006296,0.6095235192417271,0.9048055324001227,-0.7257958293968509,0.2744324511807092,-1.2475548781531747,-0.7996548742607882,0.8085666669970842,-1.3608180179571436,0.9841231756854657,0
0.38177641932588297,0.9009088760241706,-1.179024470547907,-0.1077602732072003,0.2715603651240624,0.9048055324001227,-0.7257958293968509,0.2744324511807092,0.001192415045823164,-0.7996548742607882,0.5505611813513597,0.801963507718375,-1.0161329645585022,0
0.5512255078865883,-1.1099901739376037,0.8491410419312149,-0.5070705216357814,0.4405419421828948,-1.177851894974348,1.9662985980852963,-0.8828162337175963,0.11868207972852446,3.672519825362842,-0.22345527558581418,0.9408577341379036,-1.0161329645585022,1
0.21232733076517762,-1.1099901739376037,0.8491410419312149,-0.38973316170600647,0.2715603651240624,0.21058638994196582,-0.4407505370752119,-0.8828162337175963,-0.12972463988633004,-0.2262991435398101,-0.22345527558581418,0.18686050500331922,0.9841231756854657,0
0.0428782422044723,0.9009088760241706,1.5251962127575889,-0.11031863825546727,0.2715603651240624,0.9048055324001227,-0.7257958293968509,-0.3041918912684436,1.575553921794022,-0.7996548742607882,0.29255569570563505,0.0479662785837905,-1.0161329645585022,0
-0.12657084635623306,0.9009088760241706,-1.179024470547907,-0.2208178990130224,-0.23538436605243465,0.9048055324001227,-0.7257958293968509,-1.461440576166749,0.726271488516209,-0.6849837281165926,0.5505611813513597,0.4249648931510827,-1.0161329645585022,1
0.21232733076517762,0.9009088760241706,1.5251962127575889,-0.39649229899402044,0.4405419421828948,-1.177851894974348,0.6994306322113446,-0.3041918912684436,0.830333762949459,1.379096902478929,-0.22345527558581418,0.7424374106814341,0.9841231756854657,0
0.38177641932588297,-1.1099901739376037,0.17308587110484092,-0.10633895929149643,0.6095235192417271,0.9048055324001227,-0.7257958293968509,-1.461440576166749,0.001192415045823164,-0.7996548742607882,0.29255569570563505,0.6630692812988462,-1.0161329645585022,0
0.38177641932588297,-1.1099901739376037,-1.179024470547907,-0.22527134928222786,0.7785050963005594,0.9048055324001227,-0.7257958293968509,1.4316811360790147,1.3842136107393372,-0.6849837281165926,0.8085666669970842,-0.9639773710442044,-1.0161329645585022,1
0.7206745964472937,0.9009088760241706,-0.502969299721533,-0.11036601538599074,0.6095235192417271,0.9048055324001227,-0.7257958293968509,1.4316811360790147,-0.7138161157374736,-0.7996548742607882,1.066572152642809,0.06780831092943747,0.9841231756854657,0
0.38177641932588297,0.9009088760241706,-0.502969299721533,-0.1057704337252149,0.2715603651240624,0.9048055324001227,-0.7257958293968509,1.4316811360790147,0.5651428055227898,-0.7996548742607882,0.5505611813513597,1.5758027691986063,0.9841231756854657,0
0.38177641932588297,0.9009088760241706,-1.179024470547907,-0.3956079258909158,0.6095235192417271,-1.177851894974348,-1.002923196931778,-0.8828162337175963,-0.12972463988633004,-0.9143260204049839,0.03455021005991044,-1.4203441149940845,-1.0161329645585022,0
0.0428782422044723,0.9009088760241706,-0.502969299721533,-0.0982690547256667,0.2715603651240624,0.9048055324001227,-0.7257958293968509,1.4316811360790147,-0.21364582894540246,-0.7996548742607882,0.29255569570563505,0.7225953783357871,-1.0161329645585022,0
-0.12657084635623306,0.9009088760241706,-0.502969299721533,-0.07126409032729322,-0.06640278899360229,0.9048055324001227,-0.7257958293968509,-1.461440576166749,0.001192415045823164,-0.7996548742607882,-0.22345527558581418,-0.5869787564769122,-1.0161329645585022,0
0.0428782422044723,-1.1099901739376037,0.8491410419312149,-0.3920862258553385,-0.06640278899360229,0.21058638994196582,0.8577891279455886,0.2744324511807092,-0.37813135950118393,1.4937680486231246,0.03455021005991044,0.305912699077201,0.9841231756854657,0
0.21232733076517762,-1.1099901739376037,0.8491410419312149,-0.39012797112703534,0.7785050963005594,0.21058638994196582,1.6495816066168083,1.4316811360790147,-0.12972463988633004,2.525808363920885,0.03455021005991044,0.5440170872249644,0.9841231756854657,0
-0.12657084635623306,0.9009088760241706,-1.179024470547907,-0.05008651298330559,-0.23538436605243465,0.9048055324001227,-0.7257958293968509,-1.461440576166749,-0.33784918875282943,-0.7996548742607882,-0.22345527558581418,1.4964346398160184,0.9841231756854657,0
1.0595727735687044,-1.1099901739376037,-0.502969299721533,-0.03903184919449773,0.9474866733593919,0.9048055324001227,-0.7257958293968509,-0.8828162337175963,-0.46205254856025635,-0.9143260204049839,0.29255569570563505,0.3455967637684949,-1.0161329645585022,0
-0.12657084635623306,-1.1099901739376037,0.8491410419312149,-0.03689987832094193,-0.06640278899360229,0.9048055324001227,-0.7257958293968509,1.4316811360790147,0.665848232393677,-0.9143260204049839,0.5505611813513597,-1.0036614357354983,0.9841231756854657,0
-0.12657084635623306,-1.1099901739376037,-1.179024470547907,-0.3972187483287135,-0.5733475201700994,0.21058638994196582,-0.963333572998217,0.853056793629862,0.04483143335654109,-0.9143260204049839,0.5505611813513597,0.0479662785837905,-1.0161329645585022,0
-0.12657084635623306,0.9009088760241706,-1.179024470547907,-0.39140715365116885,-0.23538436605243465,-1.177851894974348,1.3328646151483206,0.2744324511807092,0.6255660616453219,2.1817949254882985,0.5505611813513597,-2.5910240233872552,0.9841231756854657,0
-0.12657084635623306,-1.1099901739376037,-0.502969299721533,-0.38785386886190915,-0.06640278899360229,-1.177851894974348,0.38271364074285674,-0.3041918912684436,-0.6936750303632967,0.9204123179021463,0.03455021005991044,1.0202258635204915,-1.0161329645585022,0
1.2290218621294098,0.9009088760241706,-1.179024470547907,-0.3929074294510785,1.1164682504182242,-1.177851894974348,-1.359229812333827,1.4316811360790147,0.001192415045823164,-1.3730106049817663,1.066572152642809,0.3654387961141419,0.9841231756854657,0
-0.12657084635623306,0.9009088760241706,-1.179024470547907,-0.019322962896737433,0.4405419421828948,0.9048055324001227,-0.7257958293968509,-1.461440576166749,1.0015329886299666,-0.9143260204049839,0.8085666669970842,0.4844909901880236,-1.0161329645585022,0
0.0428782422044723,-1.1099901739376037,-1.179024470547907,-0.1260320532124156,-0.23538436605243465,0.9048055324001227,-0.7257958293968509,-1.461440576166749,1.417782086362966,-0.7996548742607882,0.03455021005991044,0.7622794430270811,-1.0161329645585022,1
-0.12657084635623306,0.9009088760241706,-0.502969299721533,-0.3977083120107893,-0.23538436605243465,-1.177851894974348,-0.8841543251310949,1.4316811360790147,0.001192415045823164,-0.7996548742607882,0.29255569570563505,-0.07108591549009124,0.9841231756854657,0
-0.12657084635623306,0.9009088760241706,-0.502969299721533,-0.3932864464952662,-0.06640278899360229,-1.177851894974348,1.1349164954805155,-1.461440576166749,-0.6936750303632967,1.8377814870557112,0.29255569570563505,0.8813316371009629,0.9841231756854657,0
0.38177641932588297,0.9009088760241706,-1.179024470547907,-0.39552896400671006,0.2715603651240624,-1.177851894974348,0.06599664927436881,1.4316811360790147,0.860545391010725,0.4617277333253637,0.03455021005991044,0.782121475372728,0.9841231756854657,0
1.0595727735687044,-1.1099901739376037,-0.502969299721533,-0.021075916726105537,0.2715603651240624,0.9048055324001227,-0.7257958293968509,-0.3041918912684436,-0.1397951825734185,-0.9143260204049839,0.8085666669970842,0.06780831092943747,0.9841231756854657,0
-0.12657084635623306,-1.1099901739376037,0.8491410419312149,0.001286088880968648,-0.404365943111267,0.9048055324001227,-0.7257958293968509,0.2744324511807092,1.0015329886299666,-0.9143260204049839,1.066572152642809,-1.9759210206721993,0.9841231756854657,0
0.890123685007999,0.9009088760241706,-1.179024470547907,0.009055938286816457,0.7785050963005594,0.9048055324001227,-0.7257958293968509,-0.8828162337175963,-1.2475548781531747,-0.9143260204049839,0.5505611813513597,-2.194183376474316,0.9841231756854657,0
-0.12657084635623306,0.9009088760241706,1.5251962127575889,-0.10899207860081032,-0.06640278899360229,0.9048055324001227,-0.7257958293968509,0.853056793629862,1.1861596045599256,-0.7996548742607882,1.066572152642809,-0.8647672093159696,-1.0161329645585022,1
1.0595727735687044,0.9009088760241706,-0.502969299721533,-0.39091758996909304,1.1164682504182242,-1.177851894974348,-0.9158260242779438,-1.461440576166749,0.7229146409538463,-0.7996548742607882,-0.22345527558581418,0.3455967637684949,0.9841231756854657,0
0.21232733076517762,0.9009088760241706,1.5251962127575889,-0.5075916700715394,0.4405419421828948,-1.177851894974348,0.06599664927436881,0.853056793629862,0.001192415045823164,0.8057411717579506,-0.22345527558581418,1.0797519605574324,-1.0161329645585022,1
-0.12657084635623306,-1.1099901739376037,-1.179024470547907,-0.10949743465972726,0.10257878806523006,0.9048055324001227,-0.7257958293968509,-0.3041918912684436,1.4110683912382405,-0.7996548742607882,0.8085666669970842,-0.6663468858595001,-1.0161329645585022,1
0.21232733076517762,0.9009088760241706,-0.502969299721533,-0.10826562926611724,0.9474866733593919,0.9048055324001227,-0.7257958293968509,0.2744324511807092,1.0787404825643134,-0.7996548742607882,0.8085666669970842,1.1789621222856672,-1.0161329645585022,1
-0.12657084635623306,0.9009088760241706,-1.179024470547907,0.008645336488946451,-0.06640278899360229,0.9048055324001227,-0.7257958293968509,1.4316811360790147,-1.7510820125076092,-0.9143260204049839,0.03455021005991044,-1.8370267942526706,0.9841231756854657,0
0.0428782422044723,0.9009088760241706,0.8491410419312149,0.028733239830894448,-0.23538436605243465,0.9048055324001227,-0.7257958293968509,-1.461440576166749,1.092167872813765,-0.9143260204049839,0.5505611813513597,-0.8449251769703227,0.9841231756854657,0
0.0428782422044723,0.9009088760241706,0.8491410419312149,0.02120027607766395,-0.06640278899360229,0.9048055324001227,-0.7257958293968509,-0.8828162337175963,0.2865244578466693,-0.9143260204049839,1.066572152642809,-1.7973427295613766,0.9841231756854657,0
0.7206745964472937,-1.1099901739376037,-1.179024470547907,0.045078349861488926,0.7785050963005594,0.9048055324001227,-0.7257958293968509,1.4316811360790147,1.575553921794022,-0.9143260204049839,0.29255569570563505,-0.44808453005738347,0.9841231756854657,0
0.890123685007999,-1.1099901739376037,0.8491410419312149,0.04007216640284308,1.1164682504182242,0.9048055324001227,-0.7257958293968509,-0.8828162337175963,0.8336906105118219,-0.9143260204049839,0.5505611813513597,0.16701847265767225,-1.0161329645585022,0
0.38177641932588297,-1.1099901739376037,0.8491410419312149,-0.042348248331140086,0.2715603651240624,0.9048055324001227,-0.7257958293968509,0.853056793629862,-0.2069321338206762,-0.9143260204049839,0.5505611813513597,0.5837011519162584,-1.0161329645585022,1
0.5512255078865883,-1.1099901739376037,-1.179024470547907,-0.3933812007563131,0.2715603651240624,-1.177851894974348,-0.5674373336626071,0.853056793629862,-0.5661148229935064,-0.34097028968400567,0.8085666669970842,0.20670253734896618,0.9841231756854657,0
-0.12657084635623306,0.9009088760241706,-1.179024470547907,0.08261682961291218,0.2715603651240624,0.9048055324001227,-0.7257958293968509,0.853056793629862,-0.46205254856025635,-0.9143260204049839,-0.22345527558581418,0.7622794430270811,-1.0161329645585022,0
-0.12657084635623306,0.9009088760241706,1.5251962127575889,-0.3931758998573781,-0.23538436605243465,0.21058638994196582,1.6495816066168083,1.4316811360790147,0.6154955189582334,2.525808363920885,1.066572152642809,0.8416475724096689,-1.0161329645585022,0
1.0595727735687044,-1.1099901739376037,-0.502969299721533,0.08583847448850762,1.2854498274770565,0.9048055324001227,-0.7257958293968509,-1.461440576166749,-0.3680608168140954,-0.9143260204049839,0.29255569570563505,0.5043330225336705,-1.0161329645585022,0
0.38177641932588297,0.9009088760241706,0.8491410419312149,0.08012163407200984,0.2715603651240624,0.9048055324001227,-0.7257958293968509,0.853056793629862,0.23617174441122635,-0.9143260204049839,-0.22345527558581418,0.5837011519162584,0.9841231756854657,0
1.2290218621294098,-1.1099901739376037,-1.179024470547907,0.0743574165249886,1.2854498274770565,0.9048055324001227,-0.7257958293968509,1.4316811360790147,-1.0964967378468442,-0.9143260204049839,0.03455021005991044,-0.051243883144444294,0.9841231756854657,0
0.21232733076517762,0.9009088760241706,-1.179024470547907,-0.3931758998573781,0.2715603651240624,-1.177851894974348,0.5410721364771007,-0.8828162337175963,-0.46205254856025635,1.1497546101905376,0.8085666669970842,0.6630692812988462,0.9841231756854657,0
0.21232733076517762,-1.1099901739376037,-1.179024470547907,0.08125868520457294,0.2715603651240624,0.9048055324001227,-0.7257958293968509,-0.8828162337175963,0.001192415045823164,-0.9143260204049839,0.03455021005991044,-1.202081759191968,0.9841231756854657,0
0.21232733076517762,-1.1099901739376037,-1.179024470547907,-0.39777148151815395,0.2715603651240624,0.21058638994196582,-0.2507203421941191,0.2744324511807092,0.4040141225293712,0.1177142948927768,1.066572152642809,0.6233852166075523,-1.0161329645585022,0
1.0595727735687044,-1.1099901739376037,0.8491410419312149,0.12242941162946164,0.9474866733593919,0.9048055324001227,-0.7257958293968509,0.2744324511807092,-0.1397951825734185,-0.9143260204049839,0.8085666669970842,-0.46792656240303043,-1.0161329645585022,0
0.0428782422044723,0.9009088760241706,-0.502969299721533,0.11931831339175428,-0.06640278899360229,0.9048055324001227,-0.7257958293968509,0.853056793629862,-0.1397951825734185,-0.9143260204049839,0.8085666669970842,1.0400678958661385,0.9841231756854657,0
0.0428782422044723,-1.1099901739376037,0.8491410419312149,0.12789357401650095,-0.404365943111267,0.9048055324001227,-0.7257958293968509,0.2744324511807092,-0.7138161157374736,-0.9143260204049839,0.29255569570563505,0.8813316371009629,0.9841231756854657,0
0.38177641932588297,-1.1099901739376037,-0.502969299721533,0.13094150274684369,-0.06640278899360229,0.9048055324001227,-0.7257958293968509,0.853056793629862,0.954537122756886,-0.9143260204049839,0.03455021005991044,0.12733440796637835,0.9841231756854657,0
-0.12657084635623306,0.9009088760241706,1.5251962127575889,-0.39287584469739617,-0.06640278899360229,-1.177851894974348,0.38271364074285674,0.2744324511807092,-0.41841353024953903,0.9204123179021463,0.03455021005991044,1.1988041546313142,-1.0161329645585022,0
0.7206745964472937,0.9009088760241706,-0.502969299721533,0.176992073615649,0.4405419421828948,0.9048055324001227,-0.7257958293968509,0.2744324511807092,-0.34120603631519225,-1.0289971665491795,0.5505611813513597,1.5758027691986063,0.9841231756854657,0
0.5512255078865883,0.9009088760241706,1.5251962127575889,0.17446529332106434,0.4405419421828948,0.9048055324001227,-0.7257958293968509,0.2744324511807092,-0.0860856215756121,-1.0289971665491795,0.03455021005991044,-0.03140185079879733,-1.0161329645585022,0
0.0428782422044723,-1.1099901739376037,0.8491410419312149,0.17588660723676822,0.10257878806523006,0.9048055324001227,-0.7257958293968509,0.2744324511807092,-1.0495008719737637,-1.0289971665491795,1.066572152642809,0.32575473142284794,0.9841231756854657,0
0.5512255078865883,0.9009088760241706,0.8491410419312149,-0.5008483251603666,0.10257878806523006,-1.177851894974348,0.38271364074285674,-0.3041918912684436,0.769910506826927,1.2644257563347332,0.29255569570563505,-1.4401861473397315,-1.0161329645585022,1
0.38177641932588297,-1.1099901739376037,-0.502969299721533,0.18094016782593753,-0.7423290972289317,0.9048055324001227,-0.7257958293968509,0.853056793629862,-0.12972463988633004,-1.0289971665491795,-0.22345527558581418,1.0995939929030794,0.9841231756854657,0
0.7206745964472937,-1.1099901739376037,-0.502969299721533,-0.5068810131136875,0.4405419421828948,-1.177851894974348,-1.0741845200121878,-0.3041918912684436,0.3905867322799193,-0.9143260204049839,0.03455021005991044,0.6630692812988462,-1.0161329645585022,1
0.0428782422044723,-1.1099901739376037,-0.502969299721533,-0.3912334375059161,0.10257878806523006,-1.177851894974348,-0.5674373336626071,1.4316811360790147,-1.8752853723150364,-0.34097028968400567,0.8085666669970842,0.3654387961141419,0.9841231756854657,0
0.0428782422044723,0.9009088760241706,0.17308587110484092,-0.3927021285521435,-0.23538436605243465,-1.177851894974348,0.0937093860278615,-0.8828162337175963,0.5651428055227898,0.4617277333253637,0.8085666669970842,1.8734332543833108,-1.0161329645585022,0
0.890123685007999,0.9009088760241706,-0.502969299721533,-0.3870800423966926,1.2854498274770565,-1.177851894974348,-0.4090788379283631,1.4316811360790147,-1.0092187012254088,-0.11162799739561437,0.29255569570563505,1.0995939929030794,-1.0161329645585022,0
0.0428782422044723,0.9009088760241706,0.8491410419312149,0.2400352419655361,0.4405419421828948,0.9048055324001227,-0.7257958293968509,-0.3041918912684436,1.0955247203761276,-1.0289971665491795,0.03455021005991044,-0.20998014190961997,-1.0161329645585022,0
1.0595727735687044,-1.1099901739376037,0.8491410419312149,-0.39195988684060923,0.9474866733593919,-1.177851894974348,-0.7257958293968509,0.853056793629862,-0.46205254856025635,-0.570312581972397,0.8085666669970842,0.028124246238143545,0.9841231756854657,0
1.0595727735687044,0.9009088760241706,-1.179024470547907,0.27048294451528115,0.7785050963005594,0.9048055324001227,-0.7257958293968509,1.4316811360790147,0.001192415045823164,-1.0289971665491795,0.8085666669970842,0.16701847265767225,0.9841231756854657,0
0.7206745964472937,0.9009088760241706,0.8491410419312149,0.27263070776567816,0.7785050963005594,0.9048055324001227,-0.7257958293968509,-1.461440576166749,0.001192415045823164,-1.0289971665491795,0.03455021005991044,0.4249648931510827,0.9841231756854657,0
1.0595727735687044,0.9009088760241706,-1.179024470547907,0.26358167583569686,1.6234129815947211,0.9048055324001227,-0.7257958293968509,-0.3041918912684436,-1.623521805137819,-1.0289971665491795,1.066572152642809,-0.36871640067479566,0.9841231756854657,0
0.21232733076517762,0.9009088760241706,-0.502969299721533,-0.3858482370030826,0.6095235192417271,-1.177851894974348,0.8815429023057252,0.853056793629862,1.1861596045599256,1.4937680486231246,1.066572152642809,1.1194360252487263,0.9841231756854657,0
0.0428782422044723,-1.1099901739376037,0.17308587110484092,0.1518190249308494,0.2715603651240624,0.9048055324001227,-0.7257958293968509,-1.461440576166749,1.4110683912382405,-0.9143260204049839,0.5505611813513597,1.4765926074703717,-1.0161329645585022,1
-0.12657084635623306,0.9009088760241706,-0.502969299721533,-0.3869694957588045,-0.5733475201700994,-1.177851894974348,-0.7574675285436998,0.2744324511807092,0.001192415045823164,-0.570312581972397,0.5505611813513597,-0.20998014190961997,0.9841231756854657,0
-0.12657084635623306,-1.1099901739376037,0.8491410419312149,0.2714304871257504,-0.7423290972289317,0.9048055324001227,-0.7257958293968509,1.4316811360790147,0.8269769153870962,-1.0289971665491795,0.8085666669970842,0.7424374106814341,-1.0161329645585022,0
0.0428782422044723,0.9009088760241706,-1.179024470547907,0.31013760276341906,-0.404365943111267,0.9048055324001227,-0.7257958293968509,0.853056793629862,1.092167872813765,-1.0289971665491795,-0.22345527558581418,0.6432272489531993,0.9841231756854657,0
0.890123685007999,-1.1099901739376037,-1.179024470547907,0.3055578134794844,0.7785050963005594,0.9048055324001227,-0.7257958293968509,1.4316811360790147,-1.173704231781191,-1.0289971665491795,0.5505611813513597,-0.7655570475877348,0.9841231756854657,0
1.0595727735687044,0.9009088760241706,0.17308587110484092,0.30262043138702976,1.1164682504182242,0.9048055324001227,-0.7257958293968509,-0.3041918912684436,-0.901799579229796,-1.0289971665491795,0.8085666669970842,0.6233852166075523,0.9841231756854657,0
0.890123685007999,-1.1099901739376037,-0.502969299721533,0.3117010480706933,1.2854498274770565,0.9048055324001227,-0.7257958293968509,-0.3041918912684436,-1.173704231781191,-1.0289971665491795,-0.22345527558581418,-0.011559818453150373,0.9841231756854657,0
0.7206745964472937,0.9009088760241706,0.8491410419312149,-0.006736438554337627,1.1164682504182242,0.9048055324001227,-0.7257958293968509,0.2744324511807092,0.09182729922962125,-0.9143260204049839,0.8085666669970842,0.4249648931510827,-1.0161329645585022,1
0.7206745964472937,0.9009088760241706,1.5251962127575889,-0.38063675264550173,0.7785050963005594,-1.177851894974348,1.3724542390818815,0.853056793629862,0.5785701957722418,2.1817949254882985,-0.22345527558581418,-1.5592383414136133,0.9841231756854657,0
0.21232733076517762,0.9009088760241706,-1.179024470547907,-0.37970500241187366,0.4405419421828948,-1.177851894974348,0.06599664927436881,-0.3041918912684436,-0.11965409719924096,0.4617277333253637,1.066572152642809,-0.36871640067479566,0.9841231756854657,0
0.21232733076517762,-1.1099901739376037,-0.502969299721533,0.02472197611324131,0.2715603651240624,0.9048055324001227,-0.7257958293968509,0.2744324511807092,-1.173704231781191,-0.9143260204049839,1.066572152642809,-0.38855843302044263,-1.0161329645585022,1
0.0428782422044723,0.9009088760241706,-1.179024470547907,-0.38663785584514027,0.10257878806523006,0.21058638994196582,-0.18737694390042153,0.2744324511807092,0.001192415045823164,0.1177142948927768,-0.22345527558581418,-0.8449251769703227,-1.0161329645585022,0
0.890123685007999,-1.1099901739376037,0.8491410419312149,0.36582152350532837,0.9474866733593919,0.9048055324001227,-0.7257958293968509,-0.8828162337175963,-1.0427871768490378,-1.0289971665491795,0.5505611813513597,-1.8171847619070236,0.9841231756854657,0
0.5512255078865883,0.9009088760241706,-1.179024470547907,-0.3802261508476317,0.9474866733593919,-1.177851894974348,-0.3298995900612411,1.4316811360790147,0.16232109803924238,-0.11162799739561437,-0.22345527558581418,-1.4005020826484376,0.9841231756854657,0
-0.12657084635623306,-1.1099901739376037,0.17308587110484092,-0.37760461629200015,0.2715603651240624,-1.177851894974348,-0.7257958293968509,-1.461440576166749,0.7464125738903866,-0.570312581972397,0.5505611813513597,-0.4282424977117365,0.9841231756854657,0
-0.12657084635623306,0.9009088760241706,-0.502969299721533,-0.38483752488524875,-0.23538436605243465,0.21058638994196582,0.6994306322113446,1.4316811360790147,0.9780350556934264,1.2644257563347332,0.03455021005991044,0.5638591195706114,0.9841231756854657,0
1.0595727735687044,-1.1099901739376037,-1.179024470547907,0.36171550552662834,1.1164682504182242,0.9048055324001227,-0.7257958293968509,1.4316811360790147,0.27645391515958084,-1.0289971665491795,-0.22345527558581418,-0.15045404487267908,0.9841231756854657,0
0.5512255078865883,-1.1099901739376037,-0.502969299721533,-0.38414266030423794,0.9474866733593919,-1.177851894974348,-0.4090788379283631,-0.8828162337175963,-0.37813135950118393,-0.11162799739561437,0.5505611813513597,0.7424374106814341,-1.0161329645585022,0
0.38177641932588297,-1.1099901739376037,-1.179024470547907,0.3613522808592818,0.7785050963005594,0.9048055324001227,-0.7257958293968509,1.4316811360790147,1.357358830240434,-1.0289971665491795,0.8085666669970842,1.4369085427790778,0.9841231756854657,0
0.21232733076517762,0.9009088760241706,0.8491410419312149,-0.3783152732498521,-0.404365943111267,-1.177851894974348,-0.5674373336626071,-1.461440576166749,0.8336906105118219,-0.34097028968400567,0.5505611813513597,0.7027533459901402,-1.0161329645585022,0
1.2290218621294098,0.9009088760241706,0.8491410419312149,0.3635790059938845,0.9474866733593919,0.9048055324001227,-0.7257958293968509,-0.3041918912684436,-0.6500360120525788,-1.0289971665491795,0.03455021005991044,0.7622794430270811,0.9841231756854657,0
0.5512255078865883,-1.1099901739376037,-0.502969299721533,0.38450390530841366,0.6095235192417271,0.9048055324001227,-0.7257958293968509,-1.461440576166749,0.001192415045823164,-1.0289971665491795,0.5505611813513597,0.5440170872249644,0.9841231756854657,0
-0.12657084635623306,0.9009088760241706,-1.179024470547907,-0.3832740795779745,0.2715603651240624,-1.177851894974348,0.913214601452574,1.4316811360790147,-0.707102420612748,1.6084391947673204,1.066572152642809,-1.0433455004267922,0.9841231756854657,0
-0.12657084635623306,-1.1099901739376037,-1.179024470547907,-0.3875380213250861,-0.5733475201700994,-1.177851894974348,-1.042512820865339,0.2744324511807092,-1.3482603050240614,-1.0289971665491795,0.29255569570563505,-0.5869787564769122,0.9841231756854657,0
-0.12657084635623306,0.9009088760241706,-0.502969299721533,-0.37885221406245134,-0.7423290972289317,-1.177851894974348,-0.3298995900612411,-0.8828162337175963,-1.8752853723150364,-0.11162799739561437,-0.22345527558581418,0.14717644031202531,0.9841231756854657,0
0.890123685007999,0.9009088760241706,-1.179024470547907,-0.37970500241187366,0.4405419421828948,-1.177851894974348,-0.8841543251310949,-0.8828162337175963,-1.6839450612603513,-0.7996548742607882,1.066572152642809,0.4249648931510827,0.9841231756854657,0
-0.12657084635623306,-1.1099901739376037,-1.179024470547907,-0.376972921218354,-0.404365943111267,-1.177851894974348,-1.2879684892534171,-0.3041918912684436,-0.8447331706696268,-1.2583394588375707,0.5505611813513597,-0.44808453005738347,-1.0161329645585022,0
0.38177641932588297,0.9009088760241706,0.8491410419312149,-0.49145186093987997,0.10257878806523006,-1.177851894974348,0.8577891279455886,-0.8828162337175963,-1.1804179269059165,1.952452633199907,-0.22345527558581418,0.14717644031202531,-1.0161329645585022,1
0.0428782422044723,-1.1099901739376037,1.5251962127575889,0.446646908178355,-0.23538436605243465,0.9048055324001227,-0.7257958293968509,-0.3041918912684436,1.407711543675877,-1.0289971665491795,0.03455021005991044,1.1591200899400202,-1.0161329645585022,0
0.38177641932588297,0.9009088760241706,-0.502969299721533,-0.38463222398631375,0.10257878806523006,-1.177851894974348,-0.7257958293968509,-0.3041918912684436,-1.2475548781531747,-0.570312581972397,0.5505611813513597,0.38528082845978884,0.9841231756854657,0
0.21232733076517762,-1.1099901739376037,0.8491410419312149,-0.3798155490497617,0.6095235192417271,-1.177851894974348,0.0026532509806712224,1.4316811360790147,-0.21700267650776528,0.3470565871811683,-0.22345527558581418,1.3972244780877838,-1.0161329645585022,0
0.21232733076517762,0.9009088760241706,1.5251962127575889,-0.37984713380344404,0.10257878806523006,-1.177851894974348,-0.765385453330412,-0.8828162337175963,0.001192415045823164,-0.570312581972397,0.8085666669970842,-0.13061201252703214,0.9841231756854657,0
-0.12657084635623306,-1.1099901739376037,-0.502969299721533,0.47857909415116856,-0.404365943111267,0.9048055324001227,-0.7257958293968509,-1.461440576166749,0.8336906105118219,-1.0289971665491795,1.066572152642809,-1.3409759856114967,0.9841231756854657,0
0.0428782422044723,0.9009088760241706,1.5251962127575889,-0.3748725350984805,0.6095235192417271,-1.177851894974348,-1.121692068732461,1.4316811360790147,0.7866947446387411,-1.143668312693375,0.8085666669970842,-2.3529196352394917,0.9841231756854657,0
0.38177641932588297,0.9009088760241706,-0.502969299721533,0.49925131543623924,0.2715603651240624,0.9048055324001227,-0.7257958293968509,1.4316811360790147,0.001192415045823164,-1.143668312693375,0.03455021005991044,0.6432272489531993,-1.0161329645585022,0
0.7206745964472937,0.9009088760241706,-1.179024470547907,0.57178570226766,0.7785050963005594,0.9048055324001227,-0.7257958293968509,0.853056793629862,0.3301634761573873,-1.143668312693375,0.8085666669970842,-0.7258729828964409,0.9841231756854657,0
0.21232733076517762,0.9009088760241706,-0.502969299721533,-0.38043145174656673,-0.06640278899360229,-1.177851894974348,-1.2008713165995828,0.853056793629862,-1.0495008719737637,-1.143668312693375,1.066572152642809,0.9606997664835506,0.9841231756854657,0
0.0428782422044723,0.9009088760241706,0.8491410419312149,0.574454613953815,-0.06640278899360229,0.9048055324001227,-0.7257958293968509,1.4316811360790147,0.03811773823181484,-1.143668312693375,0.29255569570563505,0.7027533459901402,0.9841231756854657,0
-0.12657084635623306,-1.1099901739376037,1.5251962127575889,-0.49382071746605305,0.2715603651240624,-1.177851894974348,-1.121692068732461,1.4316811360790147,3.018998373610068,-1.0289971665491795,0.5505611813513597,-1.2814498885745558,-1.0161329645585022,1
0.38177641932588297,0.9009088760241706,1.5251962127575889,-0.38190014279279405,0.9474866733593919,-1.177851894974348,-0.5040939353689095,1.4316811360790147,-0.6936750303632967,-0.34097028968400567,0.29255569570563505,1.6353288662355472,0.9841231756854657,0
-0.12657084635623306,-1.1099901739376037,1.5251962127575889,0.6066552703329282,-0.23538436605243465,0.9048055324001227,-0.7257958293968509,1.4316811360790147,0.9981761410676039,-1.143668312693375,0.03455021005991044,1.1988041546313142,-1.0161329645585022,0
0.0428782422044723,0.9009088760241706,1.5251962127575889,-0.3821686131990937,-0.404365943111267,0.21058638994196582,-0.2507203421941191,0.853056793629862,1.5352717510456675,0.003043148748581378,1.066572152642809,1.1392780575943733,-1.0161329645585022,0
-0.12657084635623306,-1.1099901739376037,-0.502969299721533,-0.3813632019801948,-0.23538436605243465,-1.177851894974348,-1.359229812333827,-0.8828162337175963,1.7736079279734327,-1.3730106049817663,0.8085666669970842,0.5241750548793175,-1.0161329645585022,0
0.0428782422044723,0.9009088760241706,-0.502969299721533,0.6505896627050188,0.7785050963005594,0.9048055324001227,-0.7257958293968509,0.2744324511807092,0.16232109803924238,-1.143668312693375,1.066572152642809,-1.3211339532658497,0.9841231756854657,0
-0.12657084635623306,0.9009088760241706,-1.179024470547907,-0.37825210374248747,-0.06640278899360229,0.21058638994196582,0.6994306322113446,0.2744324511807092,0.001192415045823164,1.2644257563347332,0.03455021005991044,-1.5393963090679663,0.9841231756854657,0
-0.12657084635623306,-1.1099901739376037,-0.502969299721533,-0.37864691316351634,0.10257878806523006,-1.177851894974348,-0.044854297739601964,0.853056793629862,0.001192415045823164,0.3470565871811683,1.066572152642809,-1.2417658238832618,-1.0161329645585022,0
0.38177641932588297,0.9009088760241706,-1.179024470547907,-0.49383650984289423,-0.06640278899360229,-1.177851894974348,0.7786098800784667,-1.461440576166749,-0.0860856215756121,1.8377814870557112,0.29255569570563505,1.5361187045073124,-1.0161329645585022,1
-0.12657084635623306,-1.1099901739376037,0.8491410419312149,0.6506528322123835,0.10257878806523006,0.9048055324001227,-0.7257958293968509,0.2744324511807092,0.4745079213389917,-1.143668312693375,0.5505611813513597,0.3654387961141419,-1.0161329645585022,0
0.7206745964472937,0.9009088760241706,-0.502969299721533,0.6498474209934846,0.9474866733593919,0.9048055324001227,-0.7257958293968509,-0.3041918912684436,0.001192415045823164,-1.143668312693375,0.03455021005991044,1.2186461869769611,0.9841231756854657,0
0.21232733076517762,-1.1099901739376037,-0.502969299721533,0.6472258864378531,0.6095235192417271,0.9048055324001227,-0.7257958293968509,-0.8828162337175963,0.4107278176540969,-1.143668312693375,0.5505611813513597,-0.051243883144444294,-1.0161329645585022,0
1.2290218621294098,-1.1099901739376037,-0.502969299721533,0.653369121029062,1.1164682504182242,0.9048055324001227,-0.7257958293968509,0.2744324511807092,-1.0964967378468442,-1.143668312693375,0.29255569570563505,-0.7457150152420878,0.9841231756854657,0
-0.12657084635623306,0.9009088760241706,0.8491410419312149,0.7077264821163143,0.10257878806523006,0.9048055324001227,-0.7257958293968509,1.4316811360790147,-0.5661148229935064,-1.143668312693375,0.29255569570563505,-2.630708088078549,0.9841231756854657,0
0.0428782422044723,0.9009088760241706,0.8491410419312149,-0.48897245777581877,0.10257878806523006,-1.177851894974348,0.06599664927436881,-0.8828162337175963,-0.8447331706696268,0.6910700256137552,0.5505611813513597,-1.3211339532658497,-1.0161329645585022,1
1.2290218621294098,-1.1099901739376037,-1.179024470547907,0.5527558881740693,1.6234129815947211,0.9048055324001227,-0.7257958293968509,-0.3041918912684436,1.1458774338115711,-1.143668312693375,0.03455021005991044,0.5043330225336705,-1.0161329645585022,1
0.890123685007999,-1.1099901739376037,0.17308587110484092,0.9120166689334835,0.6095235192417271,0.9048055324001227,-0.7257958293968509,0.2744324511807092,0.27645391515958084,-1.143668312693375,0.8085666669970842,1.4567505751247247,-1.0161329645585022,0
1.2290218621294098,-1.1099901739376037,0.8491410419312149,-0.37780991719093515,1.6234129815947211,-1.177851894974348,0.8577891279455886,1.4316811360790147,1.1458774338115711,1.4937680486231246,0.29255569570563505,1.1591200899400202,0.9841231756854657,0
0.0428782422044723,0.9009088760241706,0.8491410419312149,-0.3766728660583721,0.2715603651240624,-0.4836327525161911,-0.646616581529729,1.4316811360790147,-0.2707122375055717,-0.45564143582820127,1.066572152642809,-1.0631875327724392,0.9841231756854657,0
-0.12657084635623306,0.9009088760241706,-0.502969299721533,1.404217677941733,0.10257878806523006,0.9048055324001227,-0.7257958293968509,1.4316811360790147,-0.34120603631519225,-1.2583394588375707,0.5505611813513597,0.7424374106814341,-1.0161329645585022,0
-0.12657084635623306,0.9009088760241706,-1.179024470547907,1.4465570402528671,0.2715603651240624,0.9048055324001227,-0.7257958293968509,0.2744324511807092,0.7229146409538463,-1.2583394588375707,0.8085666669970842,-1.8370267942526706,-1.0161329645585022,0
0.38177641932588297,-1.1099901739376037,-1.179024470547907,1.483242731654868,0.2715603651240624,0.9048055324001227,-0.7257958293968509,-0.8828162337175963,1.7836784706605218,-1.2583394588375707,0.29255569570563505,0.801963507718375,-1.0161329645585022,0
0.38177641932588297,-1.1099901739376037,-1.179024470547907,-0.3732143355301593,-0.06640278899360229,-1.177851894974348,0.38271364074285674,-0.8828162337175963,0.001192415045823164,0.8057411717579506,0.8085666669970842,0.26622863438590705,0.9841231756854657,0
-0.12657084635623306,0.9009088760241706,-0.502969299721533,1.5063785637271587,0.10257878806523006,0.9048055324001227,-0.7257958293968509,0.2744324511807092,0.5651428055227898,-1.2583394588375707,0.29255569570563505,0.14717644031202531,0.9841231756854657,0
0.38177641932588297,0.9009088760241706,-1.179024470547907,-0.3762622642605021,0.4405419421828948,0.21058638994196582,0.25602684415546156,-0.3041918912684436,1.0955247203761276,0.6910700256137552,1.066572152642809,-0.8449251769703227,0.9841231756854657,0
-0.12657084635623306,-1.1099901739376037,-0.502969299721533,-0.374414556170087,-0.404365943111267,-1.177851894974348,1.3328646151483206,0.2744324511807092,-1.0427871768490378,2.0671237793441026,0.5505611813513597,-0.7258729828964409,0.9841231756854657,0
1.0595727735687044,-1.1099901739376037,-0.502969299721533,-0.3779204638288232,1.1164682504182242,-1.177851894974348,0.06599664927436881,1.4316811360790147,-1.4724636648314886,0.4617277333253637,0.03455021005991044,0.08765034327508442,0.9841231756854657,0
1.2290218621294098,0.9009088760241706,1.5251962127575889,2.5467645576455484,1.4544314045358888,0.9048055324001227,-0.7257958293968509,1.4316811360790147,0.001192415045823164,-1.3730106049817663,1.066572152642809,0.801963507718375,-1.0161329645585022,0
0.5512255078865883,0.9009088760241706,0.8491410419312149,-0.486745732641216,0.4405419421828948,-1.177851894974348,-0.013182598592753173,-1.461440576166749,1.934736610966852,0.5763988794695595,1.066572152642809,0.0479662785837905,-1.0161329645585022,1
0.21232733076517762,0.9009088760241706,-1.179024470547907,2.5424532387679135,0.4405419421828948,0.9048055324001227,-0.7257958293968509,0.853056793629862,-1.2005590122800942,-1.3730106049817663,1.066572152642809,-0.686188918205147,-1.0161329645585022,0
0.0428782422044723,-1.1099901739376037,-1.179024470547907,3.9849131470620867,0.10257878806523006,0.9048055324001227,-0.7257958293968509,0.853056793629862,-1.4724636648314886,-1.3730106049817663,1.066572152642809,0.6630692812988462,0.9841231756854657,0
0.21232733076517762,0.9009088760241706,1.5251962127575889,-0.37659390417416627,0.2715603651240624,-1.177851894974348,-0.5674373336626071,1.4316811360790147,0.16232109803924238,-0.34097028968400567,-0.22345527558581418,0.4844909901880236,-1.0161329645585022,0
1.0595727735687044,0.9009088760241706,-1.179024470547907,-0.3776835781762059,0.9474866733593919,-1.177851894974348,-0.45658638664863627,-1.461440576166749,0.001192415045823164,-0.2262991435398101,1.066572152642809,0.40512286080543575,0.9841231756854657,0
0.0428782422044723,-1.1099901739376037,-1.179024470547907,-0.6834397861977901,-0.06640278899360229,0.9048055324001227,-0.6941241302500022,0.853056793629862,-1.8752853723150364,0.003043148748581378,0.29255569570563505,-0.9838194033898514,0.9841231756854657,0
-0.12657084635623306,0.9009088760241706,0.8491410419312149,-0.3734196364290943,0.10257878806523006,0.21058638994196582,-0.2507203421941191,1.4316811360790147,0.001192415045823164,0.003043148748581378,0.8085666669970842,0.46464895784237664,0.9841231756854657,0
0.0428782422044723,0.9009088760241706,0.8491410419312149,-0.36896618615988885,-0.5733475201700994,-1.177851894974348,-0.4882580857954851,0.853056793629862,-1.3482603050240614,-0.34097028968400567,0.29255569570563505,0.38528082845978884,-1.0161329645585022,0
0.5512255078865883,-1.1099901739376037,1.5251962127575889,-0.5075916700715394,0.4405419421828948,0.9048055324001227,-0.6941241302500022,-1.461440576166749,0.830333762949459,-0.34097028968400567,0.8085666669970842,-0.24966420660091387,-1.0161329645585022,0
0.38177641932588297,-1.1099901739376037,-1.179024470547907,-0.3712244960481739,0.2715603651240624,0.21058638994196582,-0.5674373336626071,0.853056793629862,0.561785957960427,-0.34097028968400567,0.03455021005991044,1.1392780575943733,0.9841231756854657,0
-0.12657084635623306,0.9009088760241706,0.8491410419312149,-0.3960027353119447,-0.06640278899360229,0.9048055324001227,-0.6941241302500022,-1.461440576166749,0.8336906105118219,-0.570312581972397,0.5505611813513597,-1.2417658238832618,0.9841231756854657,0
0.0428782422044723,0.9009088760241706,0.8491410419312149,-0.5031855969328575,0.10257878806523006,0.9048055324001227,-0.68620620546329,-1.461440576166749,0.16232109803924238,-0.34097028968400567,0.5505611813513597,-0.30919030363785477,0.9841231756854657,0
-0.12657084635623306,-1.1099901739376037,-0.502969299721533,-0.3378552037828153,0.10257878806523006,0.9048055324001227,-0.68620620546329,0.2744324511807092,1.4312094766124175,-0.570312581972397,0.03455021005991044,0.14717644031202531,0.9841231756854657,0
0.21232733076517762,0.9009088760241706,0.8491410419312149,-0.948562208607085,0.4405419421828948,0.9048055324001227,-0.6822472430699339,0.853056793629862,1.2465828606824585,1.4937680486231246,0.5505611813513597,0.5440170872249644,-1.0161329645585022,1
0.5512255078865883,-1.1099901739376037,0.8491410419312149,-0.30290667383334136,0.7785050963005594,0.9048055324001227,-0.6822472430699339,-0.8828162337175963,0.5114332445249834,-0.570312581972397,0.03455021005991044,0.10749237562073138,0.9841231756854657,0
-0.12657084635623306,-1.1099901739376037,-1.179024470547907,-0.37168247497656737,0.2715603651240624,0.21058638994196582,1.3328646151483206,-0.8828162337175963,-1.623521805137819,2.0671237793441026,-0.22345527558581418,0.5638591195706114,0.9841231756854657,0
-0.12657084635623306,0.9009088760241706,-0.502969299721533,-0.8640729925069106,0.2715603651240624,0.9048055324001227,-0.6782882806765778,-1.461440576166749,0.001192415045823164,0.8057411717579506,0.03455021005991044,-0.5076106270943244,0.9841231756854657,0
0.21232733076517762,0.9009088760241706,0.8491410419312149,-0.37086127138082736,0.2715603651240624,-1.177851894974348,-0.3298995900612411,-0.3041918912684436,1.1223795008750308,-0.11162799739561437,-0.22345527558581418,-0.6068207888225592,-1.0161329645585022,0
0.21232733076517762,0.9009088760241706,0.8491410419312149,-0.37210886915127855,0.4405419421828948,-1.177851894974348,-0.8841543251310949,0.853056793629862,-1.4254677989584081,-0.7996548742607882,0.8085666669970842,-1.4005020826484376,0.9841231756854657,0
0.7206745964472937,-1.1099901739376037,-0.502969299721533,-0.5584431235000555,0.4405419421828948,0.9048055324001227,-0.6782882806765778,1.4316811360790147,-0.707102420612748,-0.2262991435398101,0.03455021005991044,-0.26950623894656084,0.9841231756854657,0
-0.12657084635623306,0.9009088760241706,1.5251962127575889,-0.4229287378261124,-0.23538436605243465,0.9048055324001227,-0.6782882806765778,1.4316811360790147,1.223084927745918,-0.45564143582820127,1.066572152642809,1.9131173190746047,-1.0161329645585022,0
0.5512255078865883,0.9009088760241706,-1.179024470547907,-0.3748567427216393,0.6095235192417271,-1.177851894974348,-0.4090788379283631,1.4316811360790147,-1.0495008719737637,-0.2262991435398101,0.03455021005991044,-0.8250831446246757,-1.0161329645585022,0
0.7206745964472937,0.9009088760241706,0.8491410419312149,-0.3458935235949627,0.7785050963005594,0.9048055324001227,-0.6782882806765778,0.2744324511807092,0.16232109803924238,-0.570312581972397,0.5505611813513597,-0.11076998018138517,0.9841231756854657,0
0.0428782422044723,-1.1099901739376037,-0.502969299721533,-0.3752831368963505,-0.5733475201700994,-1.177851894974348,1.1349164954805155,-0.8828162337175963,1.327147202179168,1.8377814870557112,0.03455021005991044,0.5837011519162584,-1.0161329645585022,0
1.0595727735687044,0.9009088760241706,-0.502969299721533,-0.7742459530344261,1.2854498274770565,0.9048055324001227,-0.6743293182832217,1.4316811360790147,-0.005521280078902488,0.3470565871811683,0.29255569570563505,-0.07108591549009124,0.9841231756854657,0
0.0428782422044723,0.9009088760241706,-1.179024470547907,-0.9590799315832935,0.7785050963005594,0.9048055324001227,-0.6664113934965095,0.853056793629862,-0.3680608168140954,1.6084391947673204,-0.22345527558581418,0.3654387961141419,-1.0161329645585022,1
0.21232733076517762,0.9009088760241706,0.17308587110484092,-0.908702249460012,0.2715603651240624,0.9048055324001227,-0.6664113934965095,-0.3041918912684436,0.5651428055227898,1.1497546101905376,0.8085666669970842,-2.650550120424196,-1.0161329645585022,1
0.0428782422044723,-1.1099901739376037,1.5251962127575889,-0.3713034579323797,0.10257878806523006,-1.177851894974348,-0.8841543251310949,0.853056793629862,0.15896425047687956,-0.7996548742607882,-0.22345527558581418,0.305912699077201,-1.0161329645585022,0
0.0428782422044723,-1.1099901739376037,-1.179024470547907,-0.3732459202838416,0.4405419421828948,-1.177851894974348,-0.5674373336626071,-0.8828162337175963,-1.0092187012254088,-0.34097028968400567,0.29255569570563505,-1.0036614357354983,0.9841231756854657,0
0.38177641932588297,-1.1099901739376037,0.8491410419312149,-0.8621779072859721,0.4405419421828948,0.9048055324001227,-0.6624524311031534,0.2744324511807092,1.2096575374964662,0.8057411717579506,0.29255569570563505,0.16701847265767225,0.9841231756854657,0
0.21232733076517762,0.9009088760241706,1.5251962127575889,-0.48374518104139674,0.10257878806523006,-0.4836327525161911,0.8577891279455886,-1.461440576166749,1.8877407450937713,1.8377814870557112,1.066572152642809,-1.8965528912896115,-1.0161329645585022,1
-0.12657084635623306,0.9009088760241706,-1.179024470547907,-0.3734354288059355,-0.06640278899360229,-1.177851894974348,1.3328646151483206,-1.461440576166749,-0.08944246913797492,2.0671237793441026,0.8085666669970842,-1.142555662155027,0.9841231756854657,0
0.38177641932588297,-1.1099901739376037,1.5251962127575889,-0.6922045553446307,0.4405419421828948,0.9048055324001227,-0.6624524311031534,-1.461440576166749,-1.2979075915886182,0.1177142948927768,1.066572152642809,-0.24966420660091387,0.9841231756854657,0
0.0428782422044723,0.9009088760241706,-0.502969299721533,-0.37499887411320976,-0.23538436605243465,-1.177851894974348,-0.5674373336626071,-1.461440576166749,-0.0860856215756121,-0.34097028968400567,0.5505611813513597,-0.7655570475877348,0.9841231756854657,0
0.21232733076517762,-1.1099901739376037,-0.502969299721533,-0.3700558601619285,0.2715603651240624,-1.177851894974348,-0.7574675285436998,-0.3041918912684436,1.2465828606824585,-0.6849837281165926,0.03455021005991044,0.286070666731554,-1.0161329645585022,0
0.21232733076517762,-1.1099901739376037,-0.502969299721533,-0.4875195591064326,0.2715603651240624,0.9048055324001227,-0.6624524311031534,1.4316811360790147,-1.0427871768490378,-0.34097028968400567,0.29255569570563505,0.26622863438590705,0.9841231756854657,0
0.7206745964472937,-1.1099901739376037,-0.502969299721533,-0.48691944878646876,0.6095235192417271,0.9048055324001227,-0.6624524311031534,-0.8828162337175963,0.03476089066945202,-0.34097028968400567,-0.22345527558581418,0.8813316371009629,0.9841231756854657,0
0.21232733076517762,-1.1099901739376037,-0.502969299721533,-0.4148746256371238,-0.06640278899360229,0.9048055324001227,-0.6624524311031534,0.853056793629862,1.676259348664909,-0.45564143582820127,0.5505611813513597,0.782121475372728,-1.0161329645585022,1
1.0595727735687044,-1.1099901739376037,-1.179024470547907,-0.2840663682618445,0.9474866733593919,0.9048055324001227,-0.6624524311031534,0.853056793629862,0.7229146409538463,-0.570312581972397,0.8085666669970842,-0.6068207888225592,-1.0161329645585022,0
-0.12657084635623306,0.9009088760241706,0.8491410419312149,-0.22320254791603666,0.2715603651240624,0.9048055324001227,-0.6624524311031534,-0.3041918912684436,1.0955247203761276,-0.6849837281165926,0.03455021005991044,-0.07108591549009124,-1.0161329645585022,0
0.0428782422044723,-1.1099901739376037,-0.502969299721533,-0.1814790883017076,0.10257878806523006,0.9048055324001227,-0.6624524311031534,-0.8828162337175963,1.5688402266692962,-0.6849837281165926,0.03455021005991044,-2.194183376474316,0.9841231756854657,0
0.5512255078865883,-1.1099901739376037,0.8491410419312149,-0.36939258033460004,0.4405419421828948,-1.177851894974348,-0.3298995900612411,0.853056793629862,-1.0495008719737637,-0.11162799739561437,0.03455021005991044,0.38528082845978884,0.9841231756854657,0
-0.12657084635623306,-1.1099901739376037,1.5251962127575889,-0.3696768431177408,-0.06640278899360229,-1.177851894974348,0.30353439287573475,-1.461440576166749,0.830333762949459,0.6910700256137552,0.5505611813513597,1.4765926074703717,0.9841231756854657,0
0.21232733076517762,0.9009088760241706,0.8491410419312149,-0.37103498752608005,-0.404365943111267,-1.177851894974348,0.38271364074285674,-0.8828162337175963,-1.173704231781191,0.8057411717579506,1.066572152642809,-0.09092794783573821,0.9841231756854657,0
0.21232733076517762,-1.1099901739376037,-1.179024470547907,-0.045617270337258986,0.6095235192417271,0.9048055324001227,-0.6624524311031534,0.853056793629862,-1.1233515183457474,-0.7996548742607882,0.29255569570563505,1.238488219322608,0.9841231756854657,0
1.0595727735687044,-1.1099901739376037,1.5251962127575889,-0.36920307181250617,0.9474866733593919,-1.177851894974348,-0.17154109432699713,-0.8828162337175963,0.001192415045823164,0.1177142948927768,0.8085666669970842,-0.36871640067479566,-1.0161329645585022,0
0.5512255078865883,0.9009088760241706,0.8491410419312149,-0.36715006282315615,0.4405419421828948,-1.177851894974348,-0.527847709729046,-1.461440576166749,-1.7510820125076092,-0.34097028968400567,1.066572152642809,0.40512286080543575,0.9841231756854657,0
0.21232733076517762,-1.1099901739376037,-1.179024470547907,0.17187534351911507,-0.06640278899360229,0.9048055324001227,-0.6624524311031534,0.853056793629862,1.2700807936189982,-0.9143260204049839,-0.22345527558581418,0.5837011519162584,0.9841231756854657,0
-0.12657084635623306,0.9009088760241706,-1.179024470547907,0.2183681009394727,-0.23538436605243465,0.9048055324001227,-0.6584934687097973,-1.461440576166749,-0.1397951825734185,-0.9143260204049839,0.8085666669970842,-0.46792656240303043,-1.0161329645585022,1
0.38177641932588297,0.9009088760241706,-0.502969299721533,-0.3632809304970734,0.2715603651240624,-1.177851894974348,-0.5674373336626071,1.4316811360790147,-1.0495008719737637,-0.34097028968400567,0.5505611813513597,0.8813316371009629,-1.0161329645585022,0
0.5512255078865883,0.9009088760241706,0.8491410419312149,-0.36277557443815645,1.1164682504182242,-1.177851894974348,-0.2507203421941191,0.853056793629862,0.6826324702054911,0.003043148748581378,0.03455021005991044,-1.8568688265983175,0.9841231756854657,0
0.38177641932588297,-1.1099901739376037,0.8491410419312149,-0.4805393285426425,0.6095235192417271,-1.177851894974348,-0.7574675285436998,-0.3041918912684436,1.223084927745918,-0.45564143582820127,1.066572152642809,-0.07108591549009124,-1.0161329645585022,1
0.38177641932588297,0.9009088760241706,-0.502969299721533,-0.7706768758683253,0.10257878806523006,0.9048055324001227,-0.6505755439230851,0.853056793629862,0.561785957960427,0.4617277333253637,0.03455021005991044,-1.162397694500674,-1.0161329645585022,0
0.0428782422044723,0.9009088760241706,-0.502969299721533,-0.3566007550932652,0.6095235192417271,-1.177851894974348,-0.7257958293968509,1.4316811360790147,0.001192415045823164,-0.570312581972397,0.29255569570563505,-2.3132355705481977,0.9841231756854657,0
-0.12657084635623306,-1.1099901739376037,0.8491410419312149,-0.3593644210404672,-0.06640278899360229,-1.177851894974348,-0.7574675285436998,-1.461440576166749,0.001192415045823164,-0.6849837281165926,1.066572152642809,0.40512286080543575,0.9841231756854657,0
1.2290218621294098,-1.1099901739376037,-0.502969299721533,-0.3623807650171276,1.7923945586535535,-1.177851894974348,1.1745061194140765,-0.8828162337175963,0.27645391515958084,1.8377814870557112,1.066572152642809,1.5162766721616654,-1.0161329645585022,0
-0.12657084635623306,-1.1099901739376037,-1.179024470547907,-0.9619699365452248,-0.06640278899360229,0.9048055324001227,-0.646616581529729,1.4316811360790147,-1.6839450612603513,1.7231103409115156,0.5505611813513597,-0.11076998018138517,-1.0161329645585022,1
0.5512255078865883,-1.1099901739376037,-1.179024470547907,-0.3618754089582107,1.1164682504182242,-1.177851894974348,-0.3774071387815143,0.2744324511807092,0.001192415045823164,-0.11162799739561437,0.03455021005991044,1.337698381050843,0.9841231756854657,0
0.7206745964472937,-1.1099901739376037,-1.179024470547907,-0.3543108604512979,0.7785050963005594,-1.177851894974348,0.2758216561222421,-0.3041918912684436,-1.173704231781191,0.6910700256137552,1.066572152642809,0.0479662785837905,0.9841231756854657,0
0.890123685007999,-1.1099901739376037,1.5251962127575889,-0.35669550935431216,0.9474866733593919,-1.177851894974348,-0.5357656345157582,-0.8828162337175963,-0.005521280078902488,-0.34097028968400567,0.5505611813513597,-0.5671367241312653,0.9841231756854657,0
-0.12657084635623306,0.9009088760241706,1.5251962127575889,-0.36031196365093643,-0.404365943111267,-1.177851894974348,0.4420980766431982,1.4316811360790147,-0.03237606057780569,0.9204123179021463,0.03455021005991044,1.5162766721616654,0.9841231756854657,0
1.0595727735687044,0.9009088760241706,1.5251962127575889,-0.8849347223140751,1.1164682504182242,0.9048055324001227,-0.646616581529729,0.853056793629862,1.417782086362966,1.035083464046342,0.5505611813513597,0.5638591195706114,-1.0161329645585022,1
1.2290218621294098,0.9009088760241706,-0.502969299721533,-0.8645783485658275,1.4544314045358888,0.9048055324001227,-0.646616581529729,-0.8828162337175963,0.5651428055227898,0.9204123179021463,0.29255569570563505,-0.4282424977117365,-1.0161329645585022,0
-0.12657084635623306,-1.1099901739376037,1.5251962127575889,-0.8659049082204845,-0.23538436605243465,0.9048055324001227,-0.646616581529729,-0.8828162337175963,0.5651428055227898,0.9204123179021463,-0.22345527558581418,-0.2893482712922078,-1.0161329645585022,0
-0.12657084635623306,-1.1099901739376037,-0.502969299721533,-0.3569955645142941,0.10257878806523006,-1.177851894974348,-0.5674373336626071,-0.3041918912684436,-0.34120603631519225,-0.45564143582820127,0.29255569570563505,-0.011559818453150373,0.9841231756854657,0
-0.12657084635623306,0.9009088760241706,-0.502969299721533,-0.8592563175703586,-0.5733475201700994,0.9048055324001227,-0.646616581529729,0.2744324511807092,-1.3751150855229646,0.9204123179021463,0.29255569570563505,0.821805540064022,0.9841231756854657,0
-0.12657084635623306,0.9009088760241706,-1.179024470547907,-0.47714396752179433,0.2715603651240624,-1.177851894974348,-1.2008713165995828,-1.461440576166749,-1.2475548781531747,-1.143668312693375,-0.22345527558581418,-0.26950623894656084,-1.0161329645585022,1
1.0595727735687044,0.9009088760241706,-1.179024470547907,-0.35961709906992567,0.9474866733593919,-1.177851894974348,-0.6426576191363729,-0.3041918912684436,0.03476089066945202,-0.45564143582820127,0.03455021005991044,-0.8052411122790287,-1.0161329645585022,0
0.7206745964472937,0.9009088760241706,-1.179024470547907,-0.8332462729129778,0.7785050963005594,0.9048055324001227,-0.646616581529729,-1.461440576166749,1.2465828606824585,0.6910700256137552,0.29255569570563505,-1.0631875327724392,0.9841231756854657,0
0.5512255078865883,-1.1099901739376037,-0.502969299721533,-0.3584010860531568,0.6095235192417271,-1.177851894974348,-0.646616581529729,0.853056793629862,0.001192415045823164,-0.45564143582820127,1.066572152642809,1.1194360252487263,-1.0161329645585022,0
-0.12657084635623306,-1.1099901739376037,-1.179024470547907,-0.35559004297543134,0.2715603651240624,-1.177851894974348,-0.4882580857954851,1.4316811360790147,0.6255660616453219,-0.34097028968400567,0.03455021005991044,-0.9044512740072636,0.9841231756854657,0
0.0428782422044723,-1.1099901739376037,-0.502969299721533,-0.7902752155281976,0.10257878806523006,0.9048055324001227,-0.646616581529729,0.853056793629862,-0.21700267650776528,0.4617277333253637,0.29255569570563505,1.1392780575943733,0.9841231756854657,0
0.38177641932588297,0.9009088760241706,-0.502969299721533,-0.792265055010183,0.10257878806523006,0.9048055324001227,-0.646616581529729,0.2744324511807092,0.7464125738903866,0.4617277333253637,0.5505611813513597,0.2463866020402601,0.9841231756854657,0
0.7206745964472937,0.9009088760241706,-0.502969299721533,-0.769302939083145,1.1164682504182242,0.9048055324001227,-0.646616581529729,1.4316811360790147,0.03476089066945202,0.4617277333253637,1.066572152642809,1.0995939929030794,0.9841231756854657,0
0.0428782422044723,-1.1099901739376037,0.8491410419312149,-0.3573903739353229,-0.06640278899360229,-1.177851894974348,-0.9474977234247925,0.853056793629862,-0.3680608168140954,-0.9143260204049839,1.066572152642809,-0.09092794783573821,-1.0161329645585022,0
0.21232733076517762,0.9009088760241706,-0.502969299721533,-0.35851163269104486,0.4405419421828948,-1.177851894974348,0.25602684415546156,0.853056793629862,-1.2979075915886182,0.6910700256137552,0.03455021005991044,0.5638591195706114,-1.0161329645585022,0
0.890123685007999,0.9009088760241706,-1.179024470547907,-0.7663971417443726,0.9474866733593919,0.9048055324001227,-0.646616581529729,0.2744324511807092,-0.37813135950118393,0.4617277333253637,0.29255569570563505,0.7424374106814341,-1.0161329645585022,0
0.0428782422044723,-1.1099901739376037,0.8491410419312149,-0.35438982233550365,-0.06640278899360229,-1.177851894974348,-0.09236184645987515,-0.3041918912684436,0.4745079213389917,0.23238544103697253,0.5505611813513597,0.821805540064022,0.9841231756854657,0
0.0428782422044723,0.9009088760241706,-1.179024470547907,-0.7148824084885279,0.2715603651240624,0.9048055324001227,-0.646616581529729,0.853056793629862,0.40737097009173406,0.23238544103697253,-0.22345527558581418,-1.4203441149940845,0.9841231756854657,0
0.5512255078865883,-1.1099901739376037,-0.502969299721533,-0.3565849627164241,0.2715603651240624,-1.177851894974348,1.6495816066168083,0.2744324511807092,0.8336906105118219,2.411137217776689,-0.22345527558581418,0.32575473142284794,-1.0161329645585022,0
0.5512255078865883,-1.1099901739376037,0.8491410419312149,-0.6734747964110219,0.7785050963005594,0.9048055324001227,-0.646616581529729,-1.461440576166749,-0.7138161157374736,0.1177142948927768,0.8085666669970842,0.0479662785837905,-1.0161329645585022,0
0.5512255078865883,-1.1099901739376037,-1.179024470547907,-0.6762700471119062,0.10257878806523006,0.9048055324001227,-0.646616581529729,-0.3041918912684436,1.4110683912382405,0.1177142948927768,0.29255569570563505,0.5638591195706114,-1.0161329645585022,1
0.21232733076517762,-1.1099901739376037,0.8491410419312149,-0.3571850730363879,0.9474866733593919,-1.177851894974348,-0.2507203421941191,-0.8828162337175963,0.4745079213389917,0.003043148748581378,0.8085666669970842,1.0400678958661385,-1.0161329645585022,0
0.0428782422044723,0.9009088760241706,0.8491410419312149,-0.6340886085691837,0.10257878806523006,0.9048055324001227,-0.646616581529729,-1.461440576166749,1.6628319584154578,0.003043148748581378,0.5505611813513597,0.5837011519162584,-1.0161329645585022,0
0.21232733076517762,-1.1099901739376037,0.8491410419312149,-0.4646364050636003,-0.06640278899360229,-1.177851894974348,-0.9158260242779438,0.2744324511807092,-1.173704231781191,-0.6849837281165926,0.8085666669970842,-2.114815247091728,-1.0161329645585022,1
0.7206745964472937,0.9009088760241706,-0.502969299721533,-0.3530474703040056,0.7785050963005594,0.21058638994196582,-0.5674373336626071,1.4316811360790147,-0.707102420612748,-0.45564143582820127,-0.22345527558581418,0.14717644031202531,0.9841231756854657,0
0.21232733076517762,0.9009088760241706,-0.502969299721533,-0.6004982230280489,-0.06640278899360229,0.9048055324001227,-0.646616581529729,0.2744324511807092,0.001192415045823164,-0.11162799739561437,-0.22345527558581418,-0.6266628211682062,0.9841231756854657,0
-0.12657084635623306,0.9009088760241706,-0.502969299721533,-0.35705873402165866,-0.23538436605243465,-1.177851894974348,-1.0979382943723244,-0.8828162337175963,-1.1804179269059165,-1.0289971665491795,0.8085666669970842,1.1392780575943733,-1.0161329645585022,0
0.7206745964472937,0.9009088760241706,-1.179024470547907,-0.5824475362986098,0.6095235192417271,0.9048055324001227,-0.646616581529729,0.853056793629862,0.16232109803924238,-0.11162799739561437,0.29255569570563505,0.6829113136444932,-1.0161329645585022,0
1.0595727735687044,-1.1099901739376037,1.5251962127575889,-0.35625332280275984,1.6234129815947211,0.21058638994196582,0.6994306322113446,1.4316811360790147,-0.34120603631519225,1.1497546101905376,0.8085666669970842,2.0123274808028393,0.9841231756854657,0
-0.12657084635623306,0.9009088760241706,0.8491410419312149,-0.35113659270622594,0.10257878806523006,-1.177851894974348,-0.5674373336626071,0.2744324511807092,-1.3482603050240614,-0.45564143582820127,-0.22345527558581418,-2.3330776028938445,0.9841231756854657,0
0.38177641932588297,-1.1099901739376037,-0.502969299721533,-0.4822449052414871,0.10257878806523006,0.9048055324001227,-0.646616581529729,1.4316811360790147,-1.4724636648314886,-0.34097028968400567,0.5505611813513597,1.1392780575943733,-1.0161329645585022,0
0.38177641932588297,0.9009088760241706,-0.502969299721533,-0.48646146985807526,-0.23538436605243465,0.9048055324001227,-0.646616581529729,0.853056793629862,-1.0964967378468442,-0.34097028968400567,0.03455021005991044,0.10749237562073138,0.9841231756854657,0
1.0595727735687044,-1.1099901739376037,-1.179024470547907,-0.4525394444032763,0.7785050963005594,0.9048055324001227,-0.646616581529729,-1.461440576166749,-1.1233515183457474,-0.34097028968400567,0.29255569570563505,1.1789621222856672,0.9841231756854657,0
0.890123685007999,0.9009088760241706,-1.179024470547907,-0.44371150574907114,1.1164682504182242,0.9048055324001227,-0.646616581529729,0.2744324511807092,-0.46205254856025635,-0.34097028968400567,1.066572152642809,0.7424374106814341,0.9841231756854657,0
0.0428782422044723,0.9009088760241706,-0.502969299721533,-0.35108921557570244,-0.06640278899360229,0.21058638994196582,0.5410721364771007,-1.461440576166749,1.1861596045599256,1.035083464046342,0.8085666669970842,0.7622794430270811,-1.0161329645585022,0
1.2290218621294098,-1.1099901739376037,-0.502969299721533,-0.4434588277196127,0.7785050963005594,0.9048055324001227,-0.646616581529729,0.853056793629862,0.6893461653302174,-0.34097028968400567,0.5505611813513597,-1.0631875327724392,-1.0161329645585022,0
0.38177641932588297,0.9009088760241706,-1.179024470547907,-0.4450854425342516,0.2715603651240624,0.9048055324001227,-0.646616581529729,-0.8828162337175963,-0.811164695045998,-0.34097028968400567,0.03455021005991044,-2.4322877646220795,-1.0161329645585022,0
-0.12657084635623306,-1.1099901739376037,0.8491410419312149,-0.4068520982018175,-0.7423290972289317,0.9048055324001227,-0.646616581529729,-1.461440576166749,0.9377528849450718,-0.45564143582820127,1.066572152642809,-1.4401861473397315,-1.0161329645585022,0
1.2290218621294098,0.9009088760241706,-0.502969299721533,-0.3894331065460246,1.2854498274770565,0.9048055324001227,-0.646616581529729,0.2744324511807092,-1.371758237960602,-0.45564143582820127,0.03455021005991044,0.4448069254967297,0.9841231756854657,0
0.5512255078865883,-1.1099901739376037,0.8491410419312149,-0.3524157752303594,0.6095235192417271,-1.177851894974348,-0.7257958293968509,-0.3041918912684436,-0.21028898138303903,-0.570312581972397,0.03455021005991044,-1.4203441149940845,-1.0161329645585022,0
0.21232733076517762,0.9009088760241706,0.8491410419312149,-0.27312225111092475,0.2715603651240624,0.9048055324001227,-0.646616581529729,0.2744324511807092,0.2965950005337584,-0.570312581972397,0.8085666669970842,-3.087074832028429,0.9841231756854657,0
0.0428782422044723,-1.1099901739376037,1.5251962127575889,-0.3655866175158819,0.4405419421828948,0.9048055324001227,-0.646616581529729,0.2744324511807092,0.03476089066945202,-0.45564143582820127,1.066572152642809,2.0718535778397804,-1.0161329645585022,1
0.0428782422044723,0.9009088760241706,1.5251962127575889,-0.23872645435089113,-0.06640278899360229,0.9048055324001227,-0.646616581529729,-0.3041918912684436,0.007906110170548816,-0.6849837281165926,0.8085666669970842,1.3972244780877838,-1.0161329645585022,0
0.5512255078865883,0.9009088760241706,0.8491410419312149,-0.22475020084646977,-0.23538436605243465,0.9048055324001227,-0.646616581529729,-1.461440576166749,0.7464125738903866,-0.6849837281165926,0.8085666669970842,-0.190138109563973,0.9841231756854657,0
-0.12657084635623306,0.9009088760241706,1.5251962127575889,-0.29602119753059813,-0.23538436605243465,0.9048055324001227,-0.646616581529729,-0.3041918912684436,0.5785701957722418,-0.570312581972397,0.29255569570563505,-2.03544711770914,-1.0161329645585022,1
0.38177641932588297,-1.1099901739376037,1.5251962127575889,-0.10520190815893335,0.10257878806523006,0.9048055324001227,-0.646616581529729,-1.461440576166749,-1.173704231781191,-0.6849837281165926,1.066572152642809,0.10749237562073138,0.9841231756854657,0
0.21232733076517762,0.9009088760241706,1.5251962127575889,-0.10886573958608109,0.10257878806523006,0.9048055324001227,-0.646616581529729,-0.3041918912684436,-0.08944246913797492,-0.6849837281165926,0.03455021005991044,-0.051243883144444294,0.9841231756854657,0
0.5512255078865883,-1.1099901739376037,1.5251962127575889,-0.4669894692129323,0.2715603651240624,-1.177851894974348,-1.01084112171849,0.2744324511807092,0.7229146409538463,-0.9143260204049839,0.03455021005991044,-1.7576586648700827,-1.0161329645585022,1
0.21232733076517762,0.9009088760241706,0.8491410419312149,-0.3512313469672728,0.4405419421828948,-1.177851894974348,-0.7257958293968509,-1.461440576166749,-0.41841353024953903,-0.570312581972397,1.066572152642809,0.5440170872249644,0.9841231756854657,0
0.5512255078865883,0.9009088760241706,1.5251962127575889,-0.3572166577900702,0.7785050963005594,-1.177851894974348,0.06599664927436881,0.2744324511807092,0.007906110170548816,0.3470565871811683,0.29255569570563505,0.008282213892496587,0.9841231756854657,0
0.5512255078865883,-1.1099901739376037,-1.179024470547907,0.08141660897298447,-0.06640278899360229,0.9048055324001227,-0.646616581529729,-0.8828162337175963,-1.1166378232210217,-0.9143260204049839,1.066572152642809,1.3972244780877838,0.9841231756854657,0
0.38177641932588297,-1.1099901739376037,1.5251962127575889,0.13869555977585035,0.4405419421828948,0.9048055324001227,-0.646616581529729,-1.461440576166749,-0.34120603631519225,-0.9143260204049839,0.8085666669970842,-0.24966420660091387,0.9841231756854657,0
0.0428782422044723,0.9009088760241706,-0.502969299721533,0.7453913008824669,0.6095235192417271,0.9048055324001227,-0.646616581529729,-1.461440576166749,1.417782086362966,-1.143668312693375,0.29255569570563505,0.6233852166075523,0.9841231756854657,0
-0.12657084635623306,0.9009088760241706,-0.502969299721533,1.4813318540570883,-0.06640278899360229,0.9048055324001227,-0.646616581529729,-0.3041918912684436,2.7269526356844955,-1.2583394588375707,-0.22345527558581418,-0.22982217425526694,-1.0161329645585022,0
0.0428782422044723,-1.1099901739376037,1.5251962127575889,-0.49224147978193766,0.4405419421828948,0.9048055324001227,-0.6426576191363729,-0.8828162337175963,1.1861596045599256,-0.34097028968400567,1.066572152642809,1.5559607368529593,0.9841231756854657,0
0.0428782422044723,0.9009088760241706,1.5251962127575889,-0.18970691663594885,0.10257878806523006,0.9048055324001227,-0.6426576191363729,0.2744324511807092,0.561785957960427,-0.6849837281165926,0.8085666669970842,0.40512286080543575,-1.0161329645585022,0
1.0595727735687044,0.9009088760241706,-0.502969299721533,-0.35194200392512476,0.9474866733593919,-1.177851894974348,-1.01084112171849,1.4316811360790147,-0.005521280078902488,-0.9143260204049839,0.5505611813513597,0.9805417988291976,-1.0161329645585022,0
-0.12657084635623306,0.9009088760241706,0.8491410419312149,-0.35149981737357244,0.10257878806523006,0.21058638994196582,-0.2507203421941191,0.2744324511807092,-1.8752853723150364,0.003043148748581378,0.8085666669970842,-0.3488743683291487,-1.0161329645585022,0
0.7206745964472937,0.9009088760241706,-1.179024470547907,-1.030035080730599,0.2715603651240624,0.9048055324001227,-0.6307807319563046,0.853056793629862,0.830333762949459,2.7551506562092767,1.066572152642809,0.6630692812988462,-1.0161329645585022,1
0.21232733076517762,0.9009088760241706,1.5251962127575889,-1.02019642995856,0.2715603651240624,0.9048055324001227,-0.6307807319563046,0.853056793629862,0.3939435798422821,2.640479510065081,1.066572152642809,0.4448069254967297,-1.0161329645585022,1
1.0595727735687044,0.9009088760241706,-0.502969299721533,-0.34799390971483624,1.2854498274770565,-1.177851894974348,0.38271364074285674,0.2744324511807092,-1.0495008719737637,0.8057411717579506,0.5505611813513597,-1.0830295651180861,0.9841231756854657,0
-0.12657084635623306,0.9009088760241706,-1.179024470547907,-0.34379313747508927,0.10257878806523006,-1.177851894974348,0.8577891279455886,-0.3041918912684436,0.9343960373827085,1.379096902478929,0.8085666669970842,0.8813316371009629,0.9841231756854657,0
-0.12657084635623306,0.9009088760241706,0.17308587110484092,-0.34864139716532355,-0.404365943111267,-1.177851894974348,0.6202513843442227,-0.3041918912684436,-1.623521805137819,1.035083464046342,0.8085666669970842,0.8614896047553159,0.9841231756854657,0
0.0428782422044723,-1.1099901739376037,-1.179024470547907,-0.7944917801447857,0.2715603651240624,0.9048055324001227,-0.6307807319563046,0.853056793629862,0.561785957960427,0.5763988794695595,-0.22345527558581418,0.821805540064022,-1.0161329645585022,0
-0.12657084635623306,0.9009088760241706,-0.502969299721533,-0.7686080745021341,-0.404365943111267,0.9048055324001227,-0.6307807319563046,-0.8828162337175963,-1.0427871768490378,0.4617277333253637,0.5505611813513597,-1.0830295651180861,0.9841231756854657,0
0.21232733076517762,-1.1099901739376037,0.8491410419312149,-0.3452302437676343,-0.5733475201700994,-1.177851894974348,-0.963333572998217,1.4316811360790147,-0.707102420612748,-0.9143260204049839,0.8085666669970842,0.9606997664835506,0.9841231756854657,0
-0.12657084635623306,-1.1099901739376037,-1.179024470547907,-0.6764911403876823,-0.06640278899360229,0.9048055324001227,-0.6307807319563046,0.2744324511807092,0.8336906105118219,0.1177142948927768,1.066572152642809,-0.5472946917856183,0.9841231756854657,0
0.0428782422044723,0.9009088760241706,-1.179024470547907,-0.6793969377264547,0.2715603651240624,0.9048055324001227,-0.6307807319563046,-1.461440576166749,1.286865031430813,0.1177142948927768,1.066572152642809,-2.531497926350314,-1.0161329645585022,1
-0.12657084635623306,0.9009088760241706,-0.502969299721533,-0.6774544753749928,-0.06640278899360229,0.9048055324001227,-0.6307807319563046,0.2744324511807092,0.001192415045823164,0.1177142948927768,0.03455021005991044,-0.22982217425526694,-1.0161329645585022,0
0.5512255078865883,0.9009088760241706,-1.179024470547907,-0.6726535928152819,0.2715603651240624,0.9048055324001227,-0.6307807319563046,-1.461440576166749,-1.0964967378468442,0.1177142948927768,0.29255569570563505,-3.7418618994347788,0.9841231756854657,0
0.21232733076517762,-1.1099901739376037,0.8491410419312149,-0.59476559023471,0.6095235192417271,0.9048055324001227,-0.6307807319563046,-0.8828162337175963,0.8336906105118219,-0.11162799739561437,0.29255569570563505,0.6829113136444932,0.9841231756854657,0
0.38177641932588297,-1.1099901739376037,-1.179024470547907,-0.34493018860765234,0.4405419421828948,-1.177851894974348,2.2513438904069356,-0.8828162337175963,0.4745079213389917,3.0991640946418633,0.8085666669970842,-0.11076998018138517,0.9841231756854657,0
0.0428782422044723,0.9009088760241706,-1.179024470547907,-0.5633861374513368,-0.23538436605243465,0.9048055324001227,-0.6307807319563046,0.853056793629862,0.03476089066945202,-0.11162799739561437,-0.22345527558581418,0.14717644031202531,-1.0161329645585022,0
1.2290218621294098,-1.1099901739376037,-1.179024470547907,-0.5637019849881599,1.2854498274770565,0.9048055324001227,-0.6307807319563046,1.4316811360790147,0.6893461653302174,-0.11162799739561437,0.29255569570563505,1.0995939929030794,0.9841231756854657,0
0.0428782422044723,0.9009088760241706,0.8491410419312149,-0.33818684369647956,-0.23538436605243465,0.21058638994196582,-0.5674373336626071,0.2744324511807092,-1.8752853723150364,-0.45564143582820127,0.8085666669970842,-0.011559818453150373,0.9841231756854657,0
-0.12657084635623306,-1.1099901739376037,0.8491410419312149,-0.5953341158009915,-0.404365943111267,0.9048055324001227,-0.6307807319563046,-1.461440576166749,1.6628319584154578,-0.11162799739561437,1.066572152642809,0.40512286080543575,-1.0161329645585022,1
0.0428782422044723,0.9009088760241706,1.5251962127575889,-0.48733005058433876,0.10257878806523006,0.9048055324001227,-0.6307807319563046,0.2744324511807092,0.8336906105118219,-0.34097028968400567,0.5505611813513597,0.06780831092943747,-1.0161329645585022,0
1.2290218621294098,0.9009088760241706,-0.502969299721533,-0.486540431742281,0.6095235192417271,0.9048055324001227,-0.6307807319563046,0.2744324511807092,-0.41841353024953903,-0.34097028968400567,0.03455021005991044,0.9210157017922567,-1.0161329645585022,0
-0.12657084635623306,-1.1099901739376037,0.8491410419312149,-0.3331806602378337,-0.06640278899360229,0.21058638994196582,-0.3298995900612411,1.4316811360790147,0.8269769153870962,-0.11162799739561437,0.5505611813513597,-2.0552891500547874,0.9841231756854657,0
0.890123685007999,0.9009088760241706,0.8491410419312149,-0.5631966289292429,0.4405419421828948,0.9048055324001227,-0.6307807319563046,0.853056793629862,0.3301634761573873,-0.11162799739561437,0.29255569570563505,0.6432272489531993,-1.0161329645585022,1
0.7206745964472937,0.9009088760241706,0.8491410419312149,-0.4323725791771225,1.1164682504182242,0.9048055324001227,-0.6307807319563046,-1.461440576166749,-1.173704231781191,-0.34097028968400567,0.29255569570563505,-0.9242933063529105,0.9841231756854657,0
0.7206745964472937,-1.1099901739376037,0.8491410419312149,-0.3904596110406996,0.7785050963005594,0.9048055324001227,-0.6307807319563046,-0.8828162337175963,0.11868207972852446,-0.45564143582820127,1.066572152642809,0.6432272489531993,0.9841231756854657,0
0.890123685007999,-1.1099901739376037,1.5251962127575889,-0.3753936835342386,0.10257878806523006,0.9048055324001227,-0.6307807319563046,0.853056793629862,1.4312094766124175,-0.45564143582820127,0.8085666669970842,-0.7060309505507939,0.9841231756854657,0
0.21232733076517762,-1.1099901739376037,0.8491410419312149,-0.33943444146693075,0.10257878806523006,0.9048055324001227,-0.6307807319563046,-1.461440576166749,1.6628319584154578,-0.45564143582820127,0.29255569570563505,-0.3488743683291487,0.9841231756854657,0
0.890123685007999,-1.1099901739376037,0.17308587110484092,-0.33719192395548686,1.1164682504182242,0.21058638994196582,0.7627740305050422,1.4316811360790147,0.4745079213389917,1.2644257563347332,1.066572152642809,1.794065125000723,-1.0161329645585022,0
0.5512255078865883,-1.1099901739376037,-0.502969299721533,-0.3162670246409577,0.4405419421828948,0.9048055324001227,-0.6307807319563046,0.2744324511807092,-1.6705176710108995,-0.570312581972397,0.03455021005991044,-1.0433455004267922,0.9841231756854657,0
0.890123685007999,-1.1099901739376037,-1.179024470547907,-0.33794995804386224,0.6095235192417271,0.21058638994196582,-0.765385453330412,-0.3041918912684436,0.001192415045823164,-0.6849837281165926,0.5505611813513597,0.08765034327508442,0.9841231756854657,0
0.0428782422044723,0.9009088760241706,0.8491410419312149,-0.33450721989249066,-0.06640278899360229,-1.177851894974348,-0.7257958293968509,-1.461440576166749,1.223084927745918,-0.570312581972397,0.29255569570563505,-0.686188918205147,0.9841231756854657,0
0.21232733076517762,0.9009088760241706,0.8491410419312149,-0.3368286992881403,-0.23538436605243465,0.21058638994196582,-0.5674373336626071,1.4316811360790147,1.0955247203761276,-0.45564143582820127,0.29255569570563505,-0.8250831446246757,0.9841231756854657,0
-0.12657084635623306,0.9009088760241706,0.8491410419312149,-0.3374288096081042,-0.5733475201700994,-1.177851894974348,-0.8366467764108217,-1.461440576166749,0.5651428055227898,-0.7996548742607882,0.29255569570563505,0.40512286080543575,0.9841231756854657,0
0.21232733076517762,0.9009088760241706,-1.179024470547907,-0.3345861817766964,-0.06640278899360229,-1.177851894974348,1.233890555314418,0.853056793629862,1.0955247203761276,1.8377814870557112,-0.22345527558581418,1.3773824457421369,-1.0161329645585022,0
0.0428782422044723,-1.1099901739376037,-0.502969299721533,-0.25996720120224337,-0.23538436605243465,0.9048055324001227,-0.6307807319563046,0.2744324511807092,0.954537122756886,-0.570312581972397,0.5505611813513597,0.286070666731554,-1.0161329645585022,0
0.21232733076517762,-1.1099901739376037,-1.179024470547907,-0.3353915929955953,0.10257878806523006,0.21058638994196582,0.8577891279455886,0.853056793629862,2.562467105128714,1.379096902478929,0.8085666669970842,-0.6068207888225592,0.9841231756854657,0
0.21232733076517762,0.9009088760241706,-1.179024470547907,-0.24442750239054775,0.2715603651240624,0.9048055324001227,-0.6307807319563046,0.853056793629862,0.3301634761573873,-0.570312581972397,1.066572152642809,-0.2893482712922078,-1.0161329645585022,0
0.38177641932588297,0.9009088760241706,-0.502969299721533,-0.3329437745852164,0.6095235192417271,-1.177851894974348,-0.09236184645987515,-0.3041918912684436,0.4745079213389917,0.1177142948927768,0.29255569570563505,-0.4877685947486774,0.9841231756854657,0
0.0428782422044723,-1.1099901739376037,0.8491410419312149,-0.17746782458405444,-0.5733475201700994,0.9048055324001227,-0.6307807319563046,-1.461440576166749,-0.21364582894540246,-0.6849837281165926,0.03455021005991044,0.3654387961141419,0.9841231756854657,0
1.2290218621294098,0.9009088760241706,-0.502969299721533,-0.3368286992881403,1.6234129815947211,-1.177851894974348,1.1745061194140765,-0.8828162337175963,-1.6705176710108995,1.7231103409115156,0.5505611813513597,1.4964346398160184,0.9841231756854657,0
0.21232733076517762,0.9009088760241706,1.5251962127575889,-0.14397219330396663,0.10257878806523006,0.9048055324001227,-0.6307807319563046,0.2744324511807092,-0.21364582894540246,-0.6849837281165926,0.03455021005991044,0.10749237562073138,0.9841231756854657,0
0.21232733076517762,-1.1099901739376037,-0.502969299721533,-0.10630737453781414,0.10257878806523006,0.9048055324001227,-0.6307807319563046,-1.461440576166749,-0.34120603631519225,-0.6849837281165926,0.29255569570563505,0.305912699077201,-1.0161329645585022,0
0.890123685007999,0.9009088760241706,1.5251962127575889,-0.3364338898671115,1.1164682504182242,-1.177851894974348,-0.3298995900612411,-0.8828162337175963,-1.6705176710108995,-0.11162799739561437,1.066572152642809,-2.094973214746081,0.9841231756854657,0
1.0595727735687044,0.9009088760241706,1.5251962127575889,-0.0534187044967891,0.9474866733593919,0.9048055324001227,-0.6307807319563046,-0.8828162337175963,0.19253272610050842,-0.7996548742607882,-0.22345527558581418,1.0995939929030794,0.9841231756854657,0
0.890123685007999,-1.1099901739376037,-1.179024470547907,-0.33979766613427725,0.9474866733593919,-1.177851894974348,-0.4090788379283631,1.4316811360790147,-1.4724636648314886,-0.2262991435398101,0.5505611813513597,0.5043330225336705,0.9841231756854657,0
1.0595727735687044,-1.1099901739376037,0.8491410419312149,-0.3305117485516787,1.2854498274770565,-1.177851894974348,-0.3298995900612411,0.853056793629862,-1.4724636648314886,-0.11162799739561437,0.29255569570563505,-0.7457150152420878,-1.0161329645585022,0
0.890123685007999,0.9009088760241706,-1.179024470547907,-0.3380605046817503,0.4405419421828948,-1.177851894974348,0.6677589330644959,0.2744324511807092,-0.707102420612748,1.1497546101905376,0.03455021005991044,0.40512286080543575,0.9841231756854657,0
0.0428782422044723,0.9009088760241706,-0.502969299721533,-0.33695503830286955,-0.911310674287764,0.21058638994196582,-0.2507203421941191,0.853056793629862,1.934736610966852,0.003043148748581378,0.8085666669970842,-0.9044512740072636,0.9841231756854657,0
-0.12657084635623306,0.9009088760241706,0.8491410419312149,-0.33348071539781565,0.10257878806523006,0.21058638994196582,2.2830155895537843,1.4316811360790147,-0.3680608168140954,3.0991640946418633,0.8085666669970842,-2.4719718293133734,0.9841231756854657,0
0.38177641932588297,-1.1099901739376037,0.8491410419312149,-0.33630755085238223,0.2715603651240624,-1.177851894974348,0.21643722022190057,1.4316811360790147,0.001192415045823164,0.5763988794695595,0.8085666669970842,0.32575473142284794,0.9841231756854657,0
0.21232733076517762,-1.1099901739376037,-1.179024470547907,0.0764893873985444,-0.06640278899360229,0.9048055324001227,-0.6307807319563046,-0.3041918912684436,0.3301634761573873,-0.7996548742607882,0.03455021005991044,-0.2893482712922078,0.9841231756854657,0
1.0595727735687044,0.9009088760241706,0.8491410419312149,-0.33547055487980104,0.4405419421828948,-1.177851894974348,-0.6307807319563046,1.4316811360790147,1.6628319584154578,-0.45564143582820127,0.29255569570563505,-0.26950623894656084,0.9841231756854657,0
0.21232733076517762,-1.1099901739376037,0.8491410419312149,0.08163770224876063,-0.404365943111267,0.9048055324001227,-0.6307807319563046,-0.3041918912684436,1.0955247203761276,-0.7996548742607882,0.03455021005991044,-0.24966420660091387,-1.0161329645585022,0
0.0428782422044723,0.9009088760241706,1.5251962127575889,-0.45031271926867356,0.7785050963005594,-1.177851894974348,-0.3140637404878167,-1.461440576166749,1.7736079279734327,0.1177142948927768,0.29255569570563505,1.337698381050843,-1.0161329645585022,1
1.0595727735687044,-1.1099901739376037,-1.179024470547907,-0.3321067786126352,1.7923945586535535,-1.177851894974348,-0.18737694390042153,1.4316811360790147,0.23617174441122635,0.003043148748581378,0.5505611813513597,-1.7576586648700827,0.9841231756854657,0
0.38177641932588297,-1.1099901739376037,-0.502969299721533,0.17702365836933132,0.2715603651240624,0.9048055324001227,-0.6307807319563046,0.853056793629862,1.6729025011025462,-0.9143260204049839,0.29255569570563505,0.8416475724096689,-1.0161329645585022,0
0.5512255078865883,0.9009088760241706,-0.502969299721533,0.18705181766346415,0.6095235192417271,0.9048055324001227,-0.6307807319563046,0.2744324511807092,0.7430557263280237,-0.9143260204049839,0.5505611813513597,0.38528082845978884,-1.0161329645585022,0
-0.12657084635623306,0.9009088760241706,0.8491410419312149,-0.3364812669976349,-0.06640278899360229,-1.177851894974348,-0.6228628071695924,-1.461440576166749,-1.8752853723150364,-0.45564143582820127,0.5505611813513597,0.4249648931510827,0.9841231756854657,0
0.0428782422044723,0.9009088760241706,-0.502969299721533,0.527930271779775,-0.06640278899360229,0.9048055324001227,-0.6307807319563046,-0.3041918912684436,0.3301634761573873,-1.0289971665491795,1.066572152642809,0.7225953783357871,0.9841231756854657,0
0.890123685007999,-1.1099901739376037,-0.502969299721533,-0.3360706651997649,0.9474866733593919,0.21058638994196582,0.06599664927436881,-0.3041918912684436,-0.34120603631519225,0.3470565871811683,0.5505611813513597,1.2186461869769611,0.9841231756854657,0
0.0428782422044723,-1.1099901739376037,1.5251962127575889,-0.33468093603774335,-0.06640278899360229,-1.177851894974348,-1.042512820865339,0.853056793629862,0.3301634761573873,-1.0289971665491795,1.066572152642809,-0.20998014190961997,0.9841231756854657,0
0.5512255078865883,0.9009088760241706,-1.179024470547907,-0.33564427102505373,0.9474866733593919,0.21058638994196582,-1.2642147148932805,-0.3041918912684436,-0.34120603631519225,-1.2583394588375707,0.5505611813513597,0.32575473142284794,0.9841231756854657,0
0.5512255078865883,0.9009088760241706,-1.179024470547907,0.8271168510354392,-0.06640278899360229,0.9048055324001227,-0.6307807319563046,-1.461440576166749,0.001192415045823164,-1.143668312693375,1.066572152642809,-0.24966420660091387,-1.0161329645585022,1
0.0428782422044723,0.9009088760241706,-0.502969299721533,0.17411786103055896,-0.23538436605243465,0.9048055324001227,-0.6268217695629485,1.4316811360790147,-1.3751150855229646,-0.9143260204049839,-0.22345527558581418,-0.13061201252703214,0.9841231756854657,0
0.21232733076517762,-1.1099901739376037,-1.179024470547907,-0.33660760601236417,0.6095235192417271,-1.177851894974348,-0.46846327382870456,0.853056793629862,-0.8447331706696268,-0.34097028968400567,0.8085666669970842,1.238488219322608,-1.0161329645585022,0
0.21232733076517762,-1.1099901739376037,0.8491410419312149,-0.3372866782165338,0.4405419421828948,-1.177851894974348,-0.4090788379283631,1.4316811360790147,-0.8447331706696268,-0.2262991435398101,0.8085666669970842,-0.40840046536608954,0.9841231756854657,0
0.21232733076517762,0.9009088760241706,-0.502969299721533,-0.337823619029133,-0.23538436605243465,-1.177851894974348,-0.7257958293968509,-0.3041918912684436,-1.6839450612603513,-0.570312581972397,0.5505611813513597,-0.8052411122790287,0.9841231756854657,0
0.5512255078865883,0.9009088760241706,-0.502969299721533,0.6325863531061032,0.10257878806523006,0.9048055324001227,-0.6189038447762363,-0.3041918912684436,0.7464125738903866,-1.0289971665491795,0.5505611813513597,-0.32903233598350173,0.9841231756854657,0
0.38177641932588297,0.9009088760241706,0.8491410419312149,-0.33599170331555916,0.7785050963005594,-1.177851894974348,-0.17154109432699713,0.853056793629862,-1.1804179269059165,0.003043148748581378,0.5505611813513597,1.1988041546313142,0.9841231756854657,0
0.0428782422044723,-1.1099901739376037,-0.502969299721533,-0.5607803952725464,0.10257878806523006,0.9048055324001227,-0.6149448823828803,0.2744324511807092,-0.2069321338206762,-0.11162799739561437,-0.22345527558581418,0.6630692812988462,0.9841231756854657,0
0.7206745964472937,-1.1099901739376037,0.8491410419312149,-0.3384868988564615,0.7785050963005594,-1.177851894974348,0.16892967150162738,-1.461440576166749,-0.1397951825734185,0.4617277333253637,0.8085666669970842,-1.0036614357354983,0.9841231756854657,0
0.7206745964472937,-1.1099901739376037,-0.502969299721533,-0.2413479889065227,0.2715603651240624,0.9048055324001227,-0.6149448823828803,-1.461440576166749,-0.34120603631519225,-0.570312581972397,0.8085666669970842,-2.7299182498067838,0.9841231756854657,0
-0.12657084635623306,0.9009088760241706,-1.179024470547907,-0.3377288647680861,0.10257878806523006,-1.177851894974348,-0.5674373336626071,0.853056793629862,0.8336906105118219,-0.45564143582820127,0.29255569570563505,0.4448069254967297,0.9841231756854657,0
0.5512255078865883,0.9009088760241706,0.8491410419312149,0.5712329690782195,0.6095235192417271,0.9048055324001227,-0.607026957596168,-0.3041918912684436,-0.522475804682789,-1.0289971665491795,1.066572152642809,-0.30919030363785477,0.9841231756854657,0
-0.12657084635623306,-1.1099901739376037,1.5251962127575889,-0.5430771408336127,-0.06640278899360229,0.9048055324001227,-0.603067995202812,0.853056793629862,1.3103629643673533,-0.11162799739561437,0.29255569570563505,-0.7457150152420878,-1.0161329645585022,0
-0.12657084635623306,-1.1099901739376037,1.5251962127575889,-0.33897646253853725,-0.06640278899360229,-1.177851894974348,-0.2507203421941191,-0.3041918912684436,-0.1397951825734185,0.003043148748581378,0.8085666669970842,0.8614896047553159,-1.0161329645585022,0
0.21232733076517762,-1.1099901739376037,-0.502969299721533,-0.3358653643008299,0.4405419421828948,-1.177851894974348,-0.09236184645987515,-0.8828162337175963,0.3301634761573873,0.1177142948927768,-0.22345527558581418,-1.12271362980938,-1.0161329645585022,0
0.5512255078865883,-1.1099901739376037,-0.502969299721533,-0.7338806378284363,0.2715603651240624,0.9048055324001227,-0.5991090328094558,1.4316811360790147,-1.4724636648314886,0.3470565871811683,0.8085666669970842,-0.44808453005738347,0.9841231756854657,0
0.21232733076517762,0.9009088760241706,-0.502969299721533,-0.336797114534458,-0.404365943111267,-1.177851894974348,-0.804975077263973,1.4316811360790147,-1.8752853723150364,-0.6849837281165926,0.03455021005991044,1.298014316359549,0.9841231756854657,0
-0.12657084635623306,-1.1099901739376037,1.5251962127575889,-0.6412109705245441,-0.06640278899360229,0.9048055324001227,-0.5991090328094558,-1.461440576166749,-1.1804179269059165,0.1177142948927768,-0.22345527558581418,-0.190138109563973,0.9841231756854657,0
0.21232733076517762,-1.1099901739376037,-1.179024470547907,-0.6298404591989132,0.2715603651240624,0.9048055324001227,-0.5991090328094558,-0.3041918912684436,-1.7510820125076092,0.003043148748581378,-0.22345527558581418,0.6829113136444932,-1.0161329645585022,1
-0.12657084635623306,-1.1099901739376037,-1.179024470547907,-0.5640178325249829,-0.23538436605243465,0.9048055324001227,-0.5991090328094558,0.2744324511807092,0.4745079213389917,-0.11162799739561437,1.066572152642809,0.9210157017922567,0.9841231756854657,0
0.7206745964472937,0.9009088760241706,-1.179024470547907,-0.4557295045251894,0.6095235192417271,0.9048055324001227,-0.5991090328094558,-1.461440576166749,-0.5661148229935064,-0.34097028968400567,1.066572152642809,0.40512286080543575,-1.0161329645585022,0
0.38177641932588297,0.9009088760241706,1.5251962127575889,-0.44802282462670623,0.7785050963005594,-1.177851894974348,-0.804975077263973,0.2744324511807092,-1.1804179269059165,-0.570312581972397,0.29255569570563505,1.1591200899400202,-1.0161329645585022,1
0.21232733076517762,-1.1099901739376037,0.8491410419312149,-0.3366233983892053,0.9474866733593919,0.21058638994196582,-0.2507203421941191,-0.3041918912684436,0.8336906105118219,0.003043148748581378,0.8085666669970842,-1.9957630530178463,0.9841231756854657,0
0.5512255078865883,0.9009088760241706,-0.502969299721533,0.13460533417399143,0.2715603651240624,0.9048055324001227,-0.5991090328094558,-0.3041918912684436,-0.21364582894540246,-0.7996548742607882,0.03455021005991044,0.38528082845978884,0.9841231756854657,0
1.0595727735687044,-1.1099901739376037,-1.179024470547907,0.05911777287327491,0.6095235192417271,0.9048055324001227,-0.5991090328094558,1.4316811360790147,1.2029438423717405,-0.7996548742607882,-0.22345527558581418,-1.9957630530178463,-1.0161329645585022,1
0.21232733076517762,0.9009088760241706,-0.502969299721533,-0.449744193702392,0.2715603651240624,-1.177851894974348,-0.5674373336626071,0.853056793629862,0.16232109803924238,-0.2262991435398101,0.8085666669970842,1.1988041546313142,-1.0161329645585022,1
0.5512255078865883,-1.1099901739376037,1.5251962127575889,-0.07063239525364705,-0.404365943111267,0.9048055324001227,-0.5991090328094558,0.2744324511807092,1.0418151593783211,-0.6849837281165926,1.066572152642809,0.6432272489531993,-1.0161329645585022,1
-0.12657084635623306,-1.1099901739376037,0.8491410419312149,-0.33351230015149796,-0.404365943111267,-1.177851894974348,-0.7257958293968509,0.2744324511807092,-1.3482603050240614,-0.570312581972397,0.29255569570563505,0.5241750548793175,-1.0161329645585022,0
0.0428782422044723,-1.1099901739376037,0.8491410419312149,-0.6777229457812923,-0.06640278899360229,0.9048055324001227,-0.5951500704160997,0.853056793629862,-0.34120603631519225,0.23238544103697253,0.8085666669970842,-0.8449251769703227,0.9841231756854657,0
0.0428782422044723,0.9009088760241706,0.8491410419312149,-0.33588115667767104,0.2715603651240624,0.21058638994196582,0.38271364074285674,-0.3041918912684436,1.1861596045599256,0.6910700256137552,1.066572152642809,-0.6068207888225592,-1.0161329645585022,0
-0.12657084635623306,-1.1099901739376037,-0.502969299721533,-0.5318645532763933,-0.06640278899360229,0.9048055324001227,-0.5911911080227437,0.2744324511807092,0.001192415045823164,-0.11162799739561437,-0.22345527558581418,0.028124246238143545,0.9841231756854657,0
0.21232733076517762,0.9009088760241706,0.8491410419312149,-0.33922914056799575,0.2715603651240624,0.21058638994196582,-1.2246250909597194,0.853056793629862,-0.08944246913797492,-1.2583394588375707,0.29255569570563505,-0.26950623894656084,-1.0161329645585022,0
1.0595727735687044,-1.1099901739376037,-0.502969299721533,-0.37635701852154896,0.9474866733593919,0.9048055324001227,-0.5911911080227437,0.853056793629862,0.03811773823181484,-0.45564143582820127,0.5505611813513597,0.286070666731554,0.9841231756854657,0
0.38177641932588297,0.9009088760241706,-0.502969299721533,0.08538049556011415,0.6095235192417271,0.9048055324001227,-0.5911911080227437,0.2744324511807092,-1.7510820125076092,-0.7996548742607882,-0.22345527558581418,0.6035431842619053,0.9841231756854657,0
-0.12657084635623306,-1.1099901739376037,1.5251962127575889,-0.33698662305655186,-0.23538436605243465,0.21058638994196582,-0.804975077263973,-0.8828162337175963,0.9377528849450718,-0.6849837281165926,0.5505611813513597,1.4765926074703717,0.9841231756854657,0
0.0428782422044723,0.9009088760241706,-0.502969299721533,-0.33543897012611873,-0.06640278899360229,-1.177851894974348,0.06599664927436881,-0.8828162337175963,-1.371758237960602,0.3470565871811683,0.5505611813513597,-0.9838194033898514,0.9841231756854657,0
0.7206745964472937,0.9009088760241706,0.8491410419312149,-0.3316803844379241,0.7785050963005594,0.21058638994196582,-1.042512820865339,-0.8828162337175963,-1.7510820125076092,-1.0289971665491795,0.29255569570563505,-0.09092794783573821,0.9841231756854657,0
0.5512255078865883,0.9009088760241706,-1.179024470547907,-0.33733405534705724,0.4405419421828948,-1.177851894974348,0.7627740305050422,-1.461440576166749,-1.2475548781531747,1.2644257563347332,-0.22345527558581418,-1.0036614357354983,-1.0161329645585022,0
-0.12657084635623306,-1.1099901739376037,0.8491410419312149,-0.33614962708397067,-0.06640278899360229,-1.177851894974348,0.38271364074285674,0.2744324511807092,-1.1233515183457474,0.6910700256137552,1.066572152642809,-1.142555662155027,0.9841231756854657,0
-0.12657084635623306,0.9009088760241706,-1.179024470547907,-0.1475886476005909,-0.06640278899360229,0.9048055324001227,-0.5832731832360314,-1.461440576166749,-0.5661148229935064,-0.6849837281165926,0.29255569570563505,-0.2893482712922078,0.9841231756854657,0
0.21232733076517762,0.9009088760241706,-0.502969299721533,-0.3380920894354326,-0.23538436605243465,-1.177851894974348,-0.4090788379283631,1.4316811360790147,0.561785957960427,-0.2262991435398101,0.03455021005991044,-0.6663468858595001,0.9841231756854657,0
-0.12657084635623306,-1.1099901739376037,1.5251962127575889,-0.4519077493296301,-0.23538436605243465,0.9048055324001227,-0.5753552584493192,0.853056793629862,-1.6839450612603513,-0.2262991435398101,-0.22345527558581418,0.0479662785837905,0.9841231756854657,0
0.21232733076517762,0.9009088760241706,1.5251962127575889,-0.337823619029133,0.10257878806523006,-1.177851894974348,-0.7297547917902071,0.2744324511807092,-1.7510820125076092,-0.570312581972397,0.29255569570563505,1.1988041546313142,-1.0161329645585022,0
1.0595727735687044,-1.1099901739376037,0.8491410419312149,-0.3331174907304691,0.4405419421828948,-1.177851894974348,-0.9474977234247925,1.4316811360790147,-0.21364582894540246,-0.9143260204049839,-0.22345527558581418,1.0599099282117854,-1.0161329645585022,0
0.890123685007999,0.9009088760241706,-0.502969299721533,10.35208364187859,0.9474866733593919,0.9048055324001227,-0.5753552584493192,-1.461440576166749,0.5785701957722418,-1.487681751125962,0.8085666669970842,-0.051243883144444294,0.9841231756854657,0
0.21232733076517762,0.9009088760241706,-0.502969299721533,-0.4495704775571393,-0.06640278899360229,-1.177851894974348,-0.646616581529729,-0.8828162337175963,-1.1233515183457474,-0.34097028968400567,1.066572152642809,-0.4282424977117365,-1.0161329645585022,1
0.7206745964472937,0.9009088760241706,-1.179024470547907,-0.33343333826729216,0.7785050963005594,0.21058638994196582,-0.2507203421941191,-0.8828162337175963,-1.7510820125076092,0.003043148748581378,0.29255569570563505,0.4249648931510827,-1.0161329645585022,0
1.2290218621294098,0.9009088760241706,0.8491410419312149,-0.4473437524225366,0.9474866733593919,-1.177851894974348,-0.7257958293968509,-0.8828162337175963,1.0619562447524988,-0.45564143582820127,0.5505611813513597,-0.07108591549009124,-1.0161329645585022,1
0.21232733076517762,-1.1099901739376037,1.5251962127575889,-0.3376814876375626,-0.06640278899360229,0.21058638994196582,0.0026532509806712224,0.853056793629862,0.4107278176540969,0.23238544103697253,0.5505611813513597,1.1591200899400202,0.9841231756854657,0
-0.12657084635623306,-1.1099901739376037,-1.179024470547907,-0.911055313609344,-0.23538436605243465,0.9048055324001227,-0.5674373336626071,-1.461440576166749,-1.1804179269059165,1.4937680486231246,-0.22345527558581418,-0.5472946917856183,-1.0161329645585022,1
1.0595727735687044,0.9009088760241706,0.17308587110484092,-0.9003638744878827,0.7785050963005594,0.9048055324001227,-0.5674373336626071,1.4316811360790147,0.001192415045823164,1.379096902478929,0.29255569570563505,-0.051243883144444294,-1.0161329645585022,1
0.0428782422044723,-1.1099901739376037,-0.502969299721533,-0.4499179098476447,0.10257878806523006,-1.177851894974348,-0.8841543251310949,0.2744324511807092,-0.5896127559300467,-0.6849837281165926,1.066572152642809,-0.15045404487267908,-1.0161329645585022,1
-0.12657084635623306,-1.1099901739376037,-0.502969299721533,-0.8865139599981905,0.2715603651240624,0.9048055324001227,-0.5674373336626071,0.2744324511807092,1.8407448792206904,1.2644257563347332,0.5505611813513597,1.2186461869769611,-1.0161329645585022,1
0.7206745964472937,0.9009088760241706,0.8491410419312149,-0.33526525398086604,0.6095235192417271,-1.177851894974348,-0.6941241302500022,-0.3041918912684436,-1.8752853723150364,-0.570312581972397,-0.22345527558581418,-0.686188918205147,0.9841231756854657,0
0.890123685007999,-1.1099901739376037,-0.502969299721533,-0.8882669138275586,0.10257878806523006,0.9048055324001227,-0.5674373336626071,0.853056793629862,-0.11965409719924096,1.2644257563347332,0.03455021005991044,-0.2893482712922078,-1.0161329645585022,1
0.21232733076517762,0.9009088760241706,-0.502969299721533,-0.44838604929405274,-0.06640278899360229,-1.177851894974348,-1.327558113186978,-0.3041918912684436,0.6624913848313142,-1.3730106049817663,1.066572152642809,-1.2616078562289088,-1.0161329645585022,1
1.2290218621294098,-1.1099901739376037,0.8491410419312149,-0.863393920302741,1.4544314045358888,0.9048055324001227,-0.5674373336626071,-0.8828162337175963,1.6729025011025462,1.1497546101905376,-0.22345527558581418,-1.202081759191968,-1.0161329645585022,0
0.38177641932588297,-1.1099901739376037,0.8491410419312149,-0.8707057907801953,0.2715603651240624,0.9048055324001227,-0.5674373336626071,-0.8828162337175963,0.001192415045823164,1.1497546101905376,0.8085666669970842,0.3654387961141419,0.9841231756854657,0
-0.12657084635623306,0.9009088760241706,0.8491410419312149,-0.8637571449700875,-0.23538436605243465,0.9048055324001227,-0.5674373336626071,1.4316811360790147,0.7061304031420315,1.1497546101905376,1.066572152642809,0.6035431842619053,0.9841231756854657,0
0.0428782422044723,0.9009088760241706,-0.502969299721533,-0.8667261118162245,-0.06640278899360229,0.9048055324001227,-0.5674373336626071,-0.8828162337175963,-1.6705176710108995,1.1497546101905376,0.5505611813513597,0.06780831092943747,-1.0161329645585022,0
0.21232733076517762,-1.1099901739376037,-0.502969299721533,-0.3403661917005588,0.9474866733593919,-1.177851894974348,0.8577891279455886,-1.461440576166749,0.9981761410676039,1.379096902478929,1.066572152642809,-0.24966420660091387,0.9841231756854657,0
0.5512255078865883,0.9009088760241706,-0.502969299721533,-0.8507758112066588,0.7785050963005594,0.9048055324001227,-0.5674373336626071,-1.461440576166749,1.092167872813765,1.035083464046342,0.5505611813513597,1.298014316359549,-1.0161329645585022,0
0.21232733076517762,0.9009088760241706,-1.179024470547907,-0.8501441161330127,-0.23538436605243465,0.9048055324001227,-0.5674373336626071,-0.8828162337175963,0.4745079213389917,1.035083464046342,0.03455021005991044,-1.8370267942526706,0.9841231756854657,0
0.21232733076517762,0.9009088760241706,-1.179024470547907,-0.3373814324775807,0.2715603651240624,-1.177851894974348,1.6495816066168083,0.853056793629862,0.001192415045823164,2.2964660716324943,0.8085666669970842,0.305912699077201,0.9841231756854657,0
1.0595727735687044,0.9009088760241706,-0.502969299721533,-0.33248579565682296,0.4405419421828948,-1.177851894974348,-0.09236184645987515,-1.461440576166749,-1.2979075915886182,0.1177142948927768,0.03455021005991044,-0.38855843302044263,0.9841231756854657,0
-0.12657084635623306,-1.1099901739376037,-0.502969299721533,-0.8378576469505948,-0.23538436605243465,0.9048055324001227,-0.5674373336626071,-0.3041918912684436,2.371126794074029,0.9204123179021463,0.29255569570563505,1.1392780575943733,-1.0161329645585022,1
0.21232733076517762,-1.1099901739376037,0.8491410419312149,-0.34249816257411464,0.4405419421828948,-1.177851894974348,-1.002923196931778,1.4316811360790147,-1.4254677989584081,-0.9143260204049839,0.29255569570563505,0.12733440796637835,0.9841231756854657,0
-0.12657084635623306,0.9009088760241706,-1.179024470547907,-0.8373207061379956,0.2715603651240624,0.9048055324001227,-0.5674373336626071,0.853056793629862,-1.0495008719737637,0.9204123179021463,0.8085666669970842,0.6035431842619053,0.9841231756854657,0
1.2290218621294098,0.9009088760241706,0.8491410419312149,-0.3394818185974542,1.1164682504182242,0.21058638994196582,-0.8524826259842462,-0.3041918912684436,0.8739727812601764,-0.7996548742607882,0.29255569570563505,-1.4401861473397315,0.9841231756854657,0
0.890123685007999,0.9009088760241706,1.5251962127575889,-0.8195858669453795,1.4544314045358888,0.9048055324001227,-0.5674373336626071,0.2744324511807092,-1.0427871768490378,0.8057411717579506,0.5505611813513597,-0.5076106270943244,0.9841231756854657,0
0.21232733076517762,0.9009088760241706,0.8491410419312149,-0.8169801247665891,0.4405419421828948,0.9048055324001227,-0.5674373336626071,-0.8828162337175963,0.27645391515958084,0.8057411717579506,0.8085666669970842,0.4448069254967297,0.9841231756854657,0
1.0595727735687044,-1.1099901739376037,-1.179024470547907,-0.3319488548442237,0.4405419421828948,-1.177851894974348,0.06599664927436881,0.853056793629862,-1.2979075915886182,0.3470565871811683,1.066572152642809,-0.44808453005738347,-1.0161329645585022,0
0.5512255078865883,0.9009088760241706,-1.179024470547907,-0.3335280925283391,0.6095235192417271,-1.177851894974348,-0.47242223622206064,0.2744324511807092,-1.2979075915886182,-0.34097028968400567,-0.22345527558581418,-0.15045404487267908,0.9841231756854657,0
-0.12657084635623306,0.9009088760241706,1.5251962127575889,-0.8133636704699648,0.2715603651240624,0.9048055324001227,-0.5674373336626071,0.2744324511807092,-0.707102420612748,0.8057411717579506,0.03455021005991044,-0.7060309505507939,0.9841231756854657,0
0.0428782422044723,-1.1099901739376037,1.5251962127575889,-0.8091313134765356,0.6095235192417271,0.9048055324001227,-0.5674373336626071,0.2744324511807092,-0.7138161157374736,0.8057411717579506,-0.22345527558581418,0.9805417988291976,0.9841231756854657,0
0.38177641932588297,-1.1099901739376037,-0.502969299721533,-0.7897856518461218,-0.06640278899360229,0.9048055324001227,-0.5674373336626071,0.853056793629862,-1.8752853723150364,0.6910700256137552,0.5505611813513597,-1.0036614357354983,0.9841231756854657,0
0.5512255078865883,-1.1099901739376037,-1.179024470547907,-0.33839214459541456,0.6095235192417271,-1.177851894974348,-0.2823920413409679,0.2744324511807092,-1.173704231781191,-0.11162799739561437,1.066572152642809,0.286070666731554,-1.0161329645585022,0
0.5512255078865883,-1.1099901739376037,-1.179024470547907,-0.7875431343346779,1.1164682504182242,0.9048055324001227,-0.5674373336626071,1.4316811360790147,-0.8447331706696268,0.6910700256137552,0.8085666669970842,0.5638591195706114,0.9841231756854657,0
0.21232733076517762,-1.1099901739376037,-1.179024470547907,-0.3379973351743857,0.2715603651240624,-1.177851894974348,1.6495816066168083,-0.3041918912684436,0.11868207972852446,2.2964660716324943,1.066572152642809,0.32575473142284794,-1.0161329645585022,0
0.5512255078865883,0.9009088760241706,1.5251962127575889,-0.3300695620001264,-0.06640278899360229,0.21058638994196582,1.6495816066168083,-0.3041918912684436,-0.12972463988633004,2.2964660716324943,0.29255569570563505,0.9606997664835506,-1.0161329645585022,0
1.2290218621294098,0.9009088760241706,1.5251962127575889,-0.3312697826400541,1.2854498274770565,-1.177851894974348,-0.7257958293968509,0.2744324511807092,0.830333762949459,-0.6849837281165926,1.066572152642809,-1.9759210206721993,0.9841231756854657,0
0.21232733076517762,-1.1099901739376037,0.8491410419312149,-0.33228049475788796,0.10257878806523006,-1.177851894974348,0.06599664927436881,-0.8828162337175963,0.5785701957722418,0.3470565871811683,0.29255569570563505,-0.26950623894656084,0.9841231756854657,0
0.38177641932588297,0.9009088760241706,0.8491410419312149,-0.33558110151768916,0.6095235192417271,0.21058638994196582,-1.2800505644667048,-0.3041918912684436,0.830333762949459,-1.2583394588375707,-0.22345527558581418,-0.22982217425526694,0.9841231756854657,0
1.2290218621294098,-1.1099901739376037,-1.179024470547907,-0.7936074070416811,1.2854498274770565,0.9048055324001227,-0.5674373336626071,-1.461440576166749,0.6255660616453219,0.6910700256137552,0.29255569570563505,-1.7179746001787888,0.9841231756854657,0
0.890123685007999,-1.1099901739376037,-0.502969299721533,-0.34434587066452965,0.9474866733593919,-1.177851894974348,1.6495816066168083,0.853056793629862,1.6997572816014495,2.2964660716324943,1.066572152642809,0.38528082845978884,-1.0161329645585022,0
-0.12657084635623306,0.9009088760241706,1.5251962127575889,-0.4543239829863267,-0.404365943111267,-1.177851894974348,-1.0662665952254755,0.853056793629862,0.830333762949459,-0.9143260204049839,0.29255569570563505,1.2186461869769611,-1.0161329645585022,1
-0.12657084635623306,0.9009088760241706,-0.502969299721533,-0.7732984104239569,0.10257878806523006,0.9048055324001227,-0.5674373336626071,0.2744324511807092,-1.0427871768490378,0.5763988794695595,-0.22345527558581418,-0.11076998018138517,0.9841231756854657,0
0.890123685007999,0.9009088760241706,-1.179024470547907,-0.3311276512484837,0.9474866733593919,-1.177851894974348,-0.5674373336626071,-1.461440576166749,0.001192415045823164,-0.45564143582820127,1.066572152642809,0.5043330225336705,-1.0161329645585022,0
0.7206745964472937,0.9009088760241706,0.8491410419312149,-0.7681343031968996,1.4544314045358888,0.9048055324001227,-0.5674373336626071,0.2744324511807092,1.8407448792206904,0.5763988794695595,-0.22345527558581418,-0.6465048535138531,-1.0161329645585022,1
-0.12657084635623306,0.9009088760241706,0.8491410419312149,-0.7543159734608897,-0.5733475201700994,0.9048055324001227,-0.5674373336626071,0.853056793629862,-0.0860856215756121,0.5763988794695595,1.066572152642809,0.14717644031202531,0.9841231756854657,0
-0.12657084635623306,-1.1099901739376037,0.8491410419312149,-0.7509206124400416,-0.06640278899360229,0.9048055324001227,-0.5674373336626071,1.4316811360790147,-1.2979075915886182,0.5763988794695595,-0.22345527558581418,-0.44808453005738347,0.9841231756854657,0
1.2290218621294098,0.9009088760241706,-0.502969299721533,-0.7465145393013596,1.2854498274770565,0.9048055324001227,-0.5674373336626071,-1.461440576166749,1.7736079279734327,0.4617277333253637,0.5505611813513597,0.5837011519162584,-1.0161329645585022,1
0.21232733076517762,-1.1099901739376037,1.5251962127575889,-0.7420610890321542,0.4405419421828948,0.9048055324001227,-0.5674373336626071,-0.3041918912684436,1.286865031430813,0.4617277333253637,0.29255569570563505,0.18686050500331922,-1.0161329645585022,1
0.7206745964472937,0.9009088760241706,-0.502969299721533,-0.7335805826684544,0.7785050963005594,0.9048055324001227,-0.5674373336626071,0.2744324511807092,0.5785701957722418,0.4617277333253637,1.066572152642809,1.3972244780877838,0.9841231756854657,0
0.5512255078865883,-1.1099901739376037,-1.179024470547907,-0.7317170822011982,0.2715603651240624,0.9048055324001227,-0.5674373336626071,-0.3041918912684436,-0.6936750303632967,0.4617277333253637,0.03455021005991044,0.9210157017922567,-1.0161329645585022,1
-0.12657084635623306,-1.1099901739376037,0.8491410419312149,-0.334949406444043,-0.06640278899360229,0.21058638994196582,0.6994306322113446,1.4316811360790147,0.001192415045823164,1.1497546101905376,0.5505611813513597,-0.8052411122790287,0.9841231756854657,0
0.890123685007999,-1.1099901739376037,1.5251962127575889,-0.7280532507740505,0.9474866733593919,0.9048055324001227,-0.5674373336626071,-1.461440576166749,0.8336906105118219,0.4617277333253637,0.5505611813513597,-0.5869787564769122,-1.0161329645585022,1
0.7206745964472937,-1.1099901739376037,-0.502969299721533,-0.7147244847201164,0.7785050963005594,0.9048055324001227,-0.5674373336626071,0.853056793629862,0.001192415045823164,0.3470565871811683,-0.22345527558581418,1.4369085427790778,-1.0161329645585022,0
0.38177641932588297,0.9009088760241706,-0.502969299721533,-0.3350283683282487,0.10257878806523006,-1.177851894974348,-1.042512820865339,-0.8828162337175963,-1.2106295549671826,-1.0289971665491795,0.29255569570563505,0.08765034327508442,0.9841231756854657,0
-0.12657084635623306,0.9009088760241706,0.8491410419312149,-0.7212467363555131,-0.404365943111267,0.9048055324001227,-0.5674373336626071,1.4316811360790147,0.9780350556934264,0.4617277333253637,0.03455021005991044,-0.03140185079879733,0.9841231756854657,0
0.38177641932588297,-1.1099901739376037,-0.502969299721533,-0.7002112904030958,0.10257878806523006,0.9048055324001227,-0.5674373336626071,0.853056793629862,1.417782086362966,0.3470565871811683,0.03455021005991044,0.40512286080543575,-1.0161329645585022,0
-0.12657084635623306,-1.1099901739376037,1.5251962127575889,-0.6939101320434753,-0.06640278899360229,0.9048055324001227,-0.5674373336626071,1.4316811360790147,1.4312094766124175,0.3470565871811683,0.03455021005991044,1.4567505751247247,-1.0161329645585022,0
0.21232733076517762,0.9009088760241706,-0.502969299721533,-0.6957578401338903,-0.404365943111267,0.9048055324001227,-0.5674373336626071,-0.8828162337175963,0.6255660616453219,0.3470565871811683,-0.22345527558581418,0.46464895784237664,0.9841231756854657,0
0.21232733076517762,-1.1099901739376037,-0.502969299721533,-0.6831239386609671,-0.06640278899360229,0.9048055324001227,-0.5674373336626071,1.4316811360790147,-1.7510820125076092,0.23238544103697253,0.5505611813513597,1.337698381050843,0.9841231756854657,0
0.38177641932588297,0.9009088760241706,1.5251962127575889,-0.33591274143135336,0.2715603651240624,-1.177851894974348,0.8577891279455886,0.853056793629862,0.001192415045823164,1.379096902478929,0.8085666669970842,-1.678290535487495,0.9841231756854657,0
-0.12657084635623306,0.9009088760241706,-1.179024470547907,-0.6819553027747217,0.6095235192417271,0.9048055324001227,-0.5674373336626071,1.4316811360790147,1.223084927745918,0.23238544103697253,0.8085666669970842,0.286070666731554,0.9841231756854657,0
0.21232733076517762,0.9009088760241706,-0.502969299721533,-0.6757962758066716,0.10257878806523006,0.9048055324001227,-0.5674373336626071,0.853056793629862,-0.707102420612748,0.23238544103697253,1.066572152642809,-1.4203441149940845,-1.0161329645585022,0
1.2290218621294098,0.9009088760241706,-1.179024470547907,-0.33952919572797763,0.9474866733593919,-1.177851894974348,-1.2008713165995828,-0.3041918912684436,0.3234497810326616,-1.2583394588375707,0.8085666669970842,0.6233852166075523,-1.0161329645585022,0
0.890123685007999,0.9009088760241706,-1.179024470547907,-0.33640230511342917,0.6095235192417271,-1.177851894974348,-0.3298995900612411,-0.3041918912684436,-1.0092187012254088,-0.11162799739561437,1.066572152642809,0.12733440796637835,-1.0161329645585022,0
0.21232733076517762,0.9009088760241706,-1.179024470547907,-0.3409505096436815,-0.23538436605243465,-1.177851894974348,-0.7257958293968509,1.4316811360790147,0.3234497810326616,-0.570312581972397,-0.22345527558581418,-2.2537094735112566,0.9841231756854657,0
0.21232733076517762,-1.1099901739376037,-0.502969299721533,-0.6771544202150108,0.4405419421828948,0.9048055324001227,-0.5674373336626071,-0.3041918912684436,2.344272013575125,0.23238544103697253,0.29255569570563505,-0.2893482712922078,-1.0161329645585022,1
0.5512255078865883,-1.1099901739376037,-0.502969299721533,-0.6825712054715267,1.2854498274770565,0.9048055324001227,-0.5674373336626071,-0.8828162337175963,-0.8447331706696268,0.23238544103697253,0.29255569570563505,-0.15045404487267908,0.9841231756854657,0
-0.12657084635623306,0.9009088760241706,0.8491410419312149,-0.6727167623226465,-0.06640278899360229,0.9048055324001227,-0.5674373336626071,0.2744324511807092,-1.1233515183457474,0.23238544103697253,0.8085666669970842,-0.11076998018138517,-1.0161329645585022,0
0.0428782422044723,0.9009088760241706,-0.502969299721533,-0.6765227251413647,-0.06640278899360229,0.9048055324001227,-0.5674373336626071,0.2744324511807092,-0.21364582894540246,0.23238544103697253,0.03455021005991044,0.18686050500331922,-1.0161329645585022,1
1.2290218621294098,0.9009088760241706,-0.502969299721533,-0.6743117923836031,1.2854498274770565,0.9048055324001227,-0.5674373336626071,-1.461440576166749,-1.4993184453303918,0.23238544103697253,0.03455021005991044,-0.22982217425526694,-1.0161329645585022,0
0.0428782422044723,0.9009088760241706,0.17308587110484092,-0.6767280260402997,-0.23538436605243465,0.9048055324001227,-0.5674373336626071,-1.461440576166749,0.16232109803924238,0.23238544103697253,0.8085666669970842,0.5638591195706114,-1.0161329645585022,1
0.5512255078865883,0.9009088760241706,-0.502969299721533,-0.681370984831599,0.10257878806523006,0.9048055324001227,-0.5674373336626071,0.853056793629862,0.7464125738903866,0.23238544103697253,-0.22345527558581418,-1.0235034680811452,0.9841231756854657,0
0.5512255078865883,-1.1099901739376037,-0.502969299721533,-0.4497915708329155,-0.404365943111267,-1.177851894974348,1.8079401023510524,-0.8828162337175963,0.4543668359648142,3.0991640946418633,0.29255569570563505,-0.30919030363785477,-1.0161329645585022,1
-0.12657084635623306,0.9009088760241706,-0.502969299721533,-0.3397187042500715,-0.06640278899360229,0.21058638994196582,-0.4882580857954851,0.853056793629862,-1.0931398902844813,-0.34097028968400567,0.5505611813513597,0.0479662785837905,-1.0161329645585022,0
0.890123685007999,0.9009088760241706,0.8491410419312149,-0.3356284786482126,0.10257878806523006,-1.177851894974348,-0.7257958293968509,-0.3041918912684436,0.001192415045823164,-0.570312581972397,1.066572152642809,0.7225953783357871,0.9841231756854657,0
0.890123685007999,-1.1099901739376037,-0.502969299721533,-0.6723693300321412,1.1164682504182242,0.9048055324001227,-0.5674373336626071,-1.461440576166749,-0.16664996307232172,0.23238544103697253,1.066572152642809,-0.15045404487267908,0.9841231756854657,0
-0.12657084635623306,0.9009088760241706,-1.179024470547907,-0.3406188697300173,-0.5733475201700994,-1.177851894974348,1.6495816066168083,1.4316811360790147,0.2965950005337584,2.2964660716324943,1.066572152642809,-1.3409759856114967,-1.0161329645585022,0
0.7206745964472937,0.9009088760241706,-0.502969299721533,-0.678402017985462,0.7785050963005594,0.9048055324001227,-0.5674373336626071,1.4316811360790147,0.5382880250238866,0.23238544103697253,-0.22345527558581418,-0.051243883144444294,-1.0161329645585022,1
0.0428782422044723,-1.1099901739376037,0.17308587110484092,-0.6624675097527375,-0.06640278899360229,0.9048055324001227,-0.5674373336626071,0.853056793629862,-0.5661148229935064,0.23238544103697253,0.5505611813513597,0.9011736694466097,-1.0161329645585022,0
-0.12657084635623306,-1.1099901739376037,1.5251962127575889,-0.4520182959675182,-0.06640278899360229,-1.177851894974348,0.06599664927436881,0.2744324511807092,1.8407448792206904,0.5763988794695595,0.03455021005991044,0.5440170872249644,-1.0161329645585022,1
0.0428782422044723,-1.1099901739376037,-1.179024470547907,-0.6542396814184963,0.10257878806523006,0.9048055324001227,-0.5674373336626071,0.853056793629862,1.451350561986595,0.23238544103697253,0.8085666669970842,-1.3012919209202027,0.9841231756854657,0
0.7206745964472937,-1.1099901739376037,-0.502969299721533,-0.33016431626117326,0.4405419421828948,-1.177851894974348,-0.18737694390042153,0.2744324511807092,-0.08944246913797492,0.003043148748581378,0.03455021005991044,0.5043330225336705,-1.0161329645585022,0
0.21232733076517762,-1.1099901739376037,0.8491410419312149,-0.658819470702431,-0.06640278899360229,0.9048055324001227,-0.5674373336626071,0.2744324511807092,0.8269769153870962,0.23238544103697253,0.03455021005991044,0.46464895784237664,-1.0161329645585022,0
-0.12657084635623306,0.9009088760241706,-0.502969299721533,-0.658314114643514,-0.404365943111267,0.9048055324001227,-0.5674373336626071,1.4316811360790147,0.8336906105118219,0.23238544103697253,0.29255569570563505,-1.162397694500674,0.9841231756854657,0
0.38177641932588297,0.9009088760241706,-1.179024470547907,-0.6551556392752832,0.7785050963005594,0.9048055324001227,-0.5674373336626071,0.2744324511807092,-0.3680608168140954,0.23238544103697253,0.5505611813513597,-0.3488743683291487,0.9841231756854657,0
-0.12657084635623306,-1.1099901739376037,-1.179024470547907,-0.6540659652732436,-0.23538436605243465,0.9048055324001227,-0.5674373336626071,0.2744324511807092,-0.46205254856025635,0.23238544103697253,0.5505611813513597,-0.9242933063529105,0.9841231756854657,0
0.21232733076517762,-1.1099901739376037,-1.179024470547907,-0.6553609401742182,0.10257878806523006,0.9048055324001227,-0.5674373336626071,0.853056793629862,0.1522505553521539,0.23238544103697253,1.066572152642809,0.18686050500331922,-1.0161329645585022,1
-0.12657084635623306,-1.1099901739376037,0.8491410419312149,-0.64868076477041,0.2715603651240624,0.9048055324001227,-0.5674373336626071,-0.8828162337175963,0.6154955189582334,0.1177142948927768,0.8085666669970842,-0.30919030363785477,-1.0161329645585022,1
0.38177641932588297,0.9009088760241706,-1.179024470547907,-0.32812709964866443,-0.23538436605243465,-1.177851894974348,-0.03693637295288977,0.2744324511807092,0.001192415045823164,0.23238544103697253,0.29255569570563505,-0.13061201252703214,-1.0161329645585022,0
-0.12657084635623306,0.9009088760241706,-0.502969299721533,-0.6383051731857717,-0.404365943111267,0.9048055324001227,-0.5674373336626071,-0.8828162337175963,1.0955247203761276,0.1177142948927768,0.5505611813513597,-1.3806600503027906,-1.0161329645585022,0
0.38177641932588297,0.9009088760241706,-1.179024470547907,-0.6361258251816925,0.4405419421828948,0.9048055324001227,-0.5674373336626071,0.2744324511807092,0.665848232393677,0.1177142948927768,0.8085666669970842,1.1194360252487263,-1.0161329645585022,0
0.38177641932588297,0.9009088760241706,1.5251962127575889,-0.6373892153289848,0.4405419421828948,0.9048055324001227,-0.5674373336626071,0.2744324511807092,0.001192415045823164,0.1177142948927768,0.8085666669970842,1.278172284013902,0.9841231756854657,0
0.0428782422044723,-1.1099901739376037,0.8491410419312149,-0.6399949575077752,0.2715603651240624,0.9048055324001227,-0.5674373336626071,0.853056793629862,0.001192415045823164,0.1177142948927768,-0.22345527558581418,0.8813316371009629,0.9841231756854657,0
0.21232733076517762,0.9009088760241706,1.5251962127575889,-0.634120193322866,-0.23538436605243465,0.9048055324001227,-0.5674373336626071,-0.8828162337175963,0.3939435798422821,0.1177142948927768,1.066572152642809,-0.190138109563973,0.9841231756854657,0
0.0428782422044723,-1.1099901739376037,-0.502969299721533,-0.32032566548913427,0.6095235192417271,-1.177851894974348,0.06599664927436881,-0.8828162337175963,-1.3482603050240614,0.3470565871811683,0.8085666669970842,-0.051243883144444294,-1.0161329645585022,0
0.0428782422044723,0.9009088760241706,0.8491410419312149,-0.639142169158353,0.10257878806523006,0.9048055324001227,-0.5674373336626071,1.4316811360790147,1.0015329886299666,0.1177142948927768,0.8085666669970842,-0.26950623894656084,0.9841231756854657,0
0.0428782422044723,0.9009088760241706,0.8491410419312149,-0.6204124102247442,0.4405419421828948,0.9048055324001227,-0.5674373336626071,0.853056793629862,-1.0427871768490378,0.1177142948927768,0.03455021005991044,-0.7457150152420878,0.9841231756854657,0
-0.12657084635623306,-1.1099901739376037,-1.179024470547907,-0.3212416233459212,0.10257878806523006,-1.177851894974348,0.06599664927436881,0.853056793629862,1.575553921794022,0.3470565871811683,0.8085666669970842,0.008282213892496587,0.9841231756854657,0
0.21232733076517762,-1.1099901739376037,-0.502969299721533,-0.6244236739423974,0.10257878806523006,0.9048055324001227,-0.5674373336626071,1.4316811360790147,-0.34120603631519225,0.1177142948927768,0.03455021005991044,-0.051243883144444294,-1.0161329645585022,0
0.21232733076517762,0.9009088760241706,-0.502969299721533,-0.6227812667509173,-0.5733475201700994,0.9048055324001227,-0.5674373336626071,-0.8828162337175963,1.417782086362966,0.1177142948927768,0.03455021005991044,0.9606997664835506,-1.0161329645585022,0
0.890123685007999,0.9009088760241706,-0.502969299721533,-0.6036409060194385,0.6095235192417271,0.9048055324001227,-0.5674373336626071,-0.8828162337175963,0.001192415045823164,0.003043148748581378,0.8085666669970842,1.238488219322608,0.9841231756854657,0
0.21232733076517762,-1.1099901739376037,-0.502969299721533,-0.32608988303615555,0.4405419421828948,-1.177851894974348,0.23227306979532497,1.4316811360790147,-1.8752853723150364,0.5763988794695595,0.8085666669970842,-0.36871640067479566,0.9841231756854657,0
-0.12657084635623306,0.9009088760241706,0.8491410419312149,-0.6121529971368206,-0.7423290972289317,0.9048055324001227,-0.5674373336626071,0.853056793629862,1.3103629643673533,0.1177142948927768,-0.22345527558581418,0.6233852166075523,-1.0161329645585022,1
0.38177641932588297,-1.1099901739376037,-1.179024470547907,-0.6055991607477417,0.4405419421828948,0.9048055324001227,-0.5674373336626071,1.4316811360790147,-1.3751150855229646,0.003043148748581378,0.29255569570563505,1.0797519605574324,-1.0161329645585022,0
0.21232733076517762,0.9009088760241706,-0.502969299721533,-0.6053780674719655,0.4405419421828948,0.9048055324001227,-0.5674373336626071,1.4316811360790147,1.3103629643673533,0.003043148748581378,0.03455021005991044,-0.15045404487267908,-1.0161329645585022,1
0.21232733076517762,0.9009088760241706,0.17308587110484092,-0.601840575059547,-0.06640278899360229,0.9048055324001227,-0.5674373336626071,-0.8828162337175963,1.0351014642535956,0.003043148748581378,0.29255569570563505,-1.142555662155027,0.9841231756854657,0
-0.12657084635623306,0.9009088760241706,-0.502969299721533,-0.601429973261677,0.10257878806523006,0.9048055324001227,-0.5674373336626071,-1.461440576166749,1.4446368668618692,0.003043148748581378,-0.22345527558581418,0.5440170872249644,-1.0161329645585022,1
-0.12657084635623306,-1.1099901739376037,1.5251962127575889,-0.5998033584470381,-0.23538436605243465,0.9048055324001227,-0.5674373336626071,0.2744324511807092,-0.707102420612748,0.003043148748581378,0.8085666669970842,1.0797519605574324,-1.0161329645585022,0
0.7206745964472937,-1.1099901739376037,0.8491410419312149,-0.5983662521544931,1.4544314045358888,0.9048055324001227,-0.5674373336626071,1.4316811360790147,1.223084927745918,0.003043148748581378,0.5505611813513597,-1.2616078562289088,0.9841231756854657,0
-0.12657084635623306,0.9009088760241706,0.8491410419312149,-0.6060571396761352,-0.404365943111267,0.9048055324001227,-0.5674373336626071,-1.461440576166749,-1.3482603050240614,0.003043148748581378,0.03455021005991044,-1.4600281796853785,0.9841231756854657,0
1.0595727735687044,-1.1099901739376037,-0.502969299721533,-0.31975713992285276,1.4544314045358888,0.21058638994196582,-1.1375279183058853,-0.8828162337175963,-1.2979075915886182,-1.143668312693375,-0.22345527558581418,-0.3488743683291487,-1.0161329645585022,0
0.38177641932588297,0.9009088760241706,1.5251962127575889,-0.31681975783039806,0.2715603651240624,-1.177851894974348,-0.7257958293968509,0.2744324511807092,1.417782086362966,-0.6849837281165926,-0.22345527558581418,1.4567505751247247,0.9841231756854657,0
0.38177641932588297,0.9009088760241706,-1.179024470547907,-0.5844689605342775,0.4405419421828948,0.9048055324001227,-0.5674373336626071,0.2744324511807092,-1.0427871768490378,0.003043148748581378,0.8085666669970842,0.6035431842619053,-1.0161329645585022,0
0.21232733076517762,0.9009088760241706,-1.179024470547907,-0.7021221680008755,-0.404365943111267,0.9048055324001227,-0.5674373336626071,0.2744324511807092,-0.8447331706696268,0.3470565871811683,0.5505611813513597,-0.46792656240303043,-1.0161329645585022,1
-0.12657084635623306,-1.1099901739376037,1.5251962127575889,-0.3111345021675826,-0.06640278899360229,-1.177851894974348,-0.7257958293968509,-0.3041918912684436,0.27645391515958084,-0.6849837281165926,1.066572152642809,0.6630692812988462,-1.0161329645585022,0
-0.12657084635623306,0.9009088760241706,-1.179024470547907,-0.5779309165220398,0.4405419421828948,0.9048055324001227,-0.5674373336626071,0.2744324511807092,-1.1804179269059165,0.003043148748581378,1.066572152642809,0.7225953783357871,-1.0161329645585022,0
-0.12657084635623306,-1.1099901739376037,-0.502969299721533,-0.5872642112351618,0.2715603651240624,0.9048055324001227,-0.5674373336626071,0.853056793629862,0.03476089066945202,0.003043148748581378,0.03455021005991044,-0.5472946917856183,0.9841231756854657,0
0.38177641932588297,-1.1099901739376037,1.5251962127575889,-0.6952524840749734,0.2715603651240624,0.9048055324001227,-0.5674373336626071,0.853056793629862,1.5352717510456675,0.3470565871811683,0.5505611813513597,-1.0830295651180861,-1.0161329645585022,1
0.7206745964472937,-1.1099901739376037,-0.502969299721533,-0.5844531681574363,0.7785050963005594,0.9048055324001227,-0.5674373336626071,1.4316811360790147,0.001192415045823164,0.003043148748581378,0.8085666669970842,-1.2219237915376149,0.9841231756854657,0
-0.12657084635623306,-1.1099901739376037,-0.502969299721533,-0.5823843667912452,-0.911310674287764,0.9048055324001227,-0.5674373336626071,0.2744324511807092,-0.5661148229935064,0.003043148748581378,1.066572152642809,-2.2537094735112566,0.9841231756854657,0
0.0428782422044723,-1.1099901739376037,-1.179024470547907,-0.5811841461513174,-0.06640278899360229,0.9048055324001227,-0.5674373336626071,-0.8828162337175963,0.2965950005337584,0.003043148748581378,1.066572152642809,-1.0036614357354983,0.9841231756854657,0
0.5512255078865883,0.9009088760241706,-0.502969299721533,-0.578167802174657,0.10257878806523006,0.9048055324001227,-0.5674373336626071,0.2744324511807092,0.6154955189582334,0.003043148748581378,0.29255569570563505,-1.6981325678331418,0.9841231756854657,0
0.21232733076517762,-1.1099901739376037,0.8491410419312149,-0.3208626063017335,-0.404365943111267,0.21058638994196582,-0.8208109268373974,0.853056793629862,-1.4724636648314886,-0.7996548742607882,0.8085666669970842,0.18686050500331922,0.9841231756854657,0
1.2290218621294098,-1.1099901739376037,-1.179024470547907,-0.42874033250365706,1.1164682504182242,-1.177851894974348,0.5727438356239495,-1.461440576166749,1.934736610966852,1.2644257563347332,0.8085666669970842,-0.5472946917856183,-1.0161329645585022,1
0.5512255078865883,-1.1099901739376037,-1.179024470547907,-0.7001007437652077,0.2715603651240624,0.9048055324001227,-0.5674373336626071,-0.3041918912684436,-0.0860856215756121,0.3470565871811683,0.5505611813513597,0.821805540064022,-1.0161329645585022,1
-0.12657084635623306,0.9009088760241706,-1.179024470547907,-0.32361047987209435,0.2715603651240624,-1.177851894974348,-0.17154109432699713,0.2744324511807092,-0.1397951825734185,0.003043148748581378,0.03455021005991044,0.5638591195706114,-1.0161329645585022,0
0.0428782422044723,0.9009088760241706,-0.502969299721533,-0.32027828835861083,0.10257878806523006,0.21058638994196582,1.4912231108825644,-0.8828162337175963,-0.005521280078902488,2.0671237793441026,0.29255569570563505,0.7424374106814341,0.9841231756854657,0
0.5512255078865883,-1.1099901739376037,-1.179024470547907,-0.31301379501168,0.4405419421828948,0.21058638994196582,0.6994306322113446,-0.8828162337175963,1.0015329886299666,1.035083464046342,1.066572152642809,-0.11076998018138517,0.9841231756854657,0
0.38177641932588297,0.9009088760241706,1.5251962127575889,-0.31890435157343044,0.4405419421828948,-1.177851894974348,0.3431240168092957,-0.8828162337175963,-0.707102420612748,0.6910700256137552,0.8085666669970842,0.6829113136444932,-1.0161329645585022,0
0.38177641932588297,0.9009088760241706,0.8491410419312149,-0.3197887246765351,-0.06640278899360229,0.21058638994196582,-0.963333572998217,0.2744324511807092,-1.3482603050240614,-0.9143260204049839,-0.22345527558581418,-1.12271362980938,0.9841231756854657,0
0.5512255078865883,0.9009088760241706,0.8491410419312149,-0.5667972908490261,0.6095235192417271,0.9048055324001227,-0.5674373336626071,-1.461440576166749,-0.707102420612748,0.003043148748581378,0.8085666669970842,0.7622794430270811,0.9841231756854657,0
0.890123685007999,-1.1099901739376037,-1.179024470547907,-0.6804708193516532,0.6095235192417271,0.9048055324001227,-0.5674373336626071,1.4316811360790147,2.8243012149930204,0.23238544103697253,1.066572152642809,-1.7576586648700827,-1.0161329645585022,1
0.21232733076517762,0.9009088760241706,-0.502969299721533,-0.5638441163797303,0.10257878806523006,0.9048055324001227,-0.5674373336626071,-0.8828162337175963,-1.6839450612603513,0.003043148748581378,0.03455021005991044,0.7424374106814341,-1.0161329645585022,0
0.38177641932588297,-1.1099901739376037,1.5251962127575889,-0.31648811791673387,0.4405419421828948,-1.177851894974348,-0.17154109432699713,0.853056793629862,1.7836784706605218,0.003043148748581378,0.8085666669970842,1.1789621222856672,-1.0161329645585022,0
0.0428782422044723,0.9009088760241706,1.5251962127575889,-0.32049938163438696,-0.06640278899360229,-1.177851894974348,-0.4090788379283631,0.2744324511807092,-1.173704231781191,-0.2262991435398101,0.5505611813513597,0.40512286080543575,0.9841231756854657,0
0.0428782422044723,-1.1099901739376037,1.5251962127575889,-0.3124452694453984,-0.23538436605243465,-1.177851894974348,-0.765385453330412,0.2744324511807092,-0.25392799969375696,-0.6849837281165926,0.5505611813513597,0.38528082845978884,0.9841231756854657,0
0.38177641932588297,0.9009088760241706,-0.502969299721533,-0.3212574157227624,0.2715603651240624,0.21058638994196582,-0.17154109432699713,0.853056793629862,0.3939435798422821,0.003043148748581378,0.5505611813513597,0.6233852166075523,-1.0161329645585022,0
0.7206745964472937,-1.1099901739376037,1.5251962127575889,-0.32335780184263585,1.2854498274770565,-1.177851894974348,-0.20717175586720202,-1.461440576166749,0.001192415045823164,0.003043148748581378,0.03455021005991044,-0.5076106270943244,0.9841231756854657,0
0.890123685007999,0.9009088760241706,1.5251962127575889,-0.5638757011334126,0.4405419421828948,0.9048055324001227,-0.5674373336626071,0.2744324511807092,0.7430557263280237,0.003043148748581378,0.5505611813513597,0.12733440796637835,0.9841231756854657,0
0.38177641932588297,-1.1099901739376037,-0.502969299721533,-0.3144666936810661,-0.23538436605243465,-1.177851894974348,-0.052772222526314166,-0.3041918912684436,0.001192415045823164,0.1177142948927768,0.5505611813513597,1.5559607368529593,0.9841231756854657,0
0.38177641932588297,-1.1099901739376037,-0.502969299721533,-0.31184515912543453,0.6095235192417271,-1.177851894974348,0.8617480903389447,-0.8828162337175963,-1.6705176710108995,1.2644257563347332,0.5505611813513597,1.1591200899400202,0.9841231756854657,0
-0.12657084635623306,0.9009088760241706,1.5251962127575889,-0.3098711120202903,-0.404365943111267,-1.177851894974348,-1.121692068732461,0.2744324511807092,-1.8752853723150364,-1.143668312693375,1.066572152642809,0.008282213892496587,0.9841231756854657,0
-0.12657084635623306,0.9009088760241706,0.8491410419312149,-0.30843400572774526,0.2715603651240624,-1.177851894974348,0.0026532509806712224,0.2744324511807092,-1.8752853723150364,0.23238544103697253,0.03455021005991044,-2.4124457322764323,0.9841231756854657,0
0.7206745964472937,0.9009088760241706,-1.179024470547907,-0.3185727116597662,0.4405419421828948,-1.177851894974348,-0.7257958293968509,-0.3041918912684436,-1.0964967378468442,-0.6849837281165926,1.066572152642809,-0.15045404487267908,0.9841231756854657,0
1.2290218621294098,0.9009088760241706,-1.179024470547907,-0.5532948086498394,0.7785050963005594,0.9048055324001227,-0.5674373336626071,0.2744324511807092,0.8739727812601764,-0.11162799739561437,0.03455021005991044,0.9606997664835506,0.9841231756854657,0
-0.12657084635623306,0.9009088760241706,0.17308587110484092,-0.3152878972768061,0.2715603651240624,-1.177851894974348,-1.002923196931778,0.2744324511807092,0.001192415045823164,-1.0289971665491795,0.03455021005991044,0.286070666731554,0.9841231756854657,0
0.7206745964472937,0.9009088760241706,-0.502969299721533,-0.5436140816462119,1.2854498274770565,0.9048055324001227,-0.5674373336626071,0.2744324511807092,-0.21700267650776528,-0.11162799739561437,0.03455021005991044,0.286070666731554,-1.0161329645585022,0
-0.12657084635623306,0.9009088760241706,-1.179024470547907,-0.31012379004974877,-0.06640278899360229,-1.177851894974348,0.06599664927436881,0.2744324511807092,0.25966967734776614,0.3470565871811683,0.8085666669970842,0.008282213892496587,-1.0161329645585022,0
0.21232733076517762,-1.1099901739376037,0.8491410419312149,-0.3050386447068971,0.4405419421828948,-1.177851894974348,-0.8841543251310949,-1.461440576166749,0.16232109803924238,-0.7996548742607882,-0.22345527558581418,-1.2219237915376149,0.9841231756854657,0
-0.12657084635623306,0.9009088760241706,-1.179024470547907,-0.6540659652732436,-0.06640278899360229,0.9048055324001227,-0.5674373336626071,0.853056793629862,-1.4724636648314886,0.23238544103697253,1.066572152642809,-1.3012919209202027,-1.0161329645585022,1
0.5512255078865883,-1.1099901739376037,-1.179024470547907,-0.3095236797297849,0.2715603651240624,-1.177851894974348,0.06599664927436881,-1.461440576166749,-0.0860856215756121,0.3470565871811683,0.03455021005991044,-1.3608180179571436,0.9841231756854657,0
-0.12657084635623306,-1.1099901739376037,-0.502969299721533,-0.30593881018684294,-0.06640278899360229,0.21058638994196582,0.38271364074285674,0.2744324511807092,-0.21028898138303903,0.6910700256137552,1.066572152642809,-1.12271362980938,0.9841231756854657,0
0.21232733076517762,0.9009088760241706,0.8491410419312149,-0.644890594328533,0.4405419421828948,0.9048055324001227,-0.5674373336626071,-0.3041918912684436,1.575553921794022,0.1177142948927768,0.8085666669970842,-1.5592383414136133,-1.0161329645585022,1
0.38177641932588297,0.9009088760241706,1.5251962127575889,-0.5260213738451662,0.2715603651240624,0.9048055324001227,-0.5674373336626071,1.4316811360790147,0.001192415045823164,-0.11162799739561437,1.066572152642809,-0.686188918205147,0.9841231756854657,0
0.38177641932588297,-1.1099901739376037,-0.502969299721533,-0.4173066516706615,0.2715603651240624,-1.177851894974348,-0.5674373336626071,0.853056793629862,0.4040141225293712,-0.34097028968400567,0.29255569570563505,0.16701847265767225,-1.0161329645585022,1
0.38177641932588297,-1.1099901739376037,-0.502969299721533,-0.30597039494052525,0.4405419421828948,-1.177851894974348,-0.18737694390042153,0.853056793629862,0.7061304031420315,0.003043148748581378,0.03455021005991044,1.3972244780877838,-1.0161329645585022,0
0.890123685007999,0.9009088760241706,1.5251962127575889,-0.3021960168754894,1.6234129815947211,-1.177851894974348,0.38271364074285674,0.853056793629862,-1.371758237960602,0.6910700256137552,0.8085666669970842,-0.11076998018138517,0.9841231756854657,0
1.2290218621294098,-1.1099901739376037,0.8491410419312149,-0.4148904180139649,0.9474866733593919,-1.177851894974348,0.8577891279455886,0.2744324511807092,-1.173704231781191,1.6084391947673204,0.03455021005991044,0.18686050500331922,-1.0161329645585022,1
0.38177641932588297,0.9009088760241706,-1.179024470547907,-0.4151115112897411,0.4405419421828948,-1.177851894974348,0.5727438356239495,-1.461440576166749,1.7736079279734327,1.2644257563347332,0.8085666669970842,-0.22982217425526694,-1.0161329645585022,1
0.0428782422044723,-1.1099901739376037,-1.179024470547907,-0.5108606920776583,-0.5733475201700994,0.9048055324001227,-0.5674373336626071,0.853056793629862,-0.7977373047965461,-0.11162799739561437,0.29255569570563505,-0.5076106270943244,0.9841231756854657,0
1.2290218621294098,0.9009088760241706,-0.502969299721533,-0.3008536648439913,1.1164682504182242,-1.177851894974348,-0.5674373336626071,0.853056793629862,-1.2979075915886182,-0.45564143582820127,0.03455021005991044,0.26622863438590705,0.9841231756854657,0
0.0428782422044723,0.9009088760241706,0.8491410419312149,-0.4999007825498974,-0.5733475201700994,0.9048055324001227,-0.5674373336626071,-1.461440576166749,-1.623521805137819,-0.2262991435398101,0.29255569570563505,-0.32903233598350173,-1.0161329645585022,0
0.7206745964472937,-1.1099901739376037,-1.179024470547907,-0.49197300937563804,0.4405419421828948,0.9048055324001227,-0.5674373336626071,0.2744324511807092,0.5651428055227898,-0.2262991435398101,0.5505611813513597,0.9210157017922567,0.9841231756854657,0
-0.12657084635623306,-1.1099901739376037,-0.502969299721533,-0.4871089573085626,-0.911310674287764,0.9048055324001227,-0.5674373336626071,0.853056793629862,0.001192415045823164,-0.2262991435398101,0.8085666669970842,-1.12271362980938,0.9841231756854657,0
-0.12657084635623306,0.9009088760241706,1.5251962127575889,-0.4883723474558549,-0.06640278899360229,0.9048055324001227,-0.5674373336626071,-1.461440576166749,0.3301634761573873,-0.2262991435398101,0.03455021005991044,0.8416475724096689,-1.0161329645585022,0
-0.12657084635623306,0.9009088760241706,0.8491410419312149,-0.2980742065199482,-0.404365943111267,-1.177851894974348,-0.013182598592753173,0.2744324511807092,-0.707102420612748,0.23238544103697253,0.5505611813513597,0.0479662785837905,-1.0161329645585022,0
1.2290218621294098,-1.1099901739376037,-1.179024470547907,-0.29646338408215045,0.9474866733593919,-1.177851894974348,-0.5674373336626071,-0.3041918912684436,0.8336906105118219,-0.45564143582820127,0.03455021005991044,1.694854963272488,-1.0161329645585022,0
0.890123685007999,-1.1099901739376037,1.5251962127575889,-0.48401365144769637,1.4544314045358888,0.9048055324001227,-0.5674373336626071,-1.461440576166749,-1.173704231781191,-0.2262991435398101,0.03455021005991044,-0.5869787564769122,0.9841231756854657,0
-0.12657084635623306,-1.1099901739376037,-1.179024470547907,-0.4894304367042122,-0.5733475201700994,0.9048055324001227,-0.5674373336626071,-0.8828162337175963,0.5785701957722418,-0.2262991435398101,1.066572152642809,0.10749237562073138,0.9841231756854657,0
0.21232733076517762,0.9009088760241706,0.8491410419312149,-0.48453479988345444,0.4405419421828948,0.9048055324001227,-0.5674373336626071,-1.461440576166749,0.04483143335654109,-0.2262991435398101,0.03455021005991044,0.028124246238143545,0.9841231756854657,0
0.0428782422044723,-1.1099901739376037,0.8491410419312149,-0.29283113740868505,0.2715603651240624,-1.177851894974348,-0.09236184645987515,0.853056793629862,0.001192415045823164,0.1177142948927768,0.29255569570563505,-0.7853990799333818,-1.0161329645585022,0
1.2290218621294098,0.9009088760241706,-1.179024470547907,-0.4892725129358007,1.9613761357123858,0.9048055324001227,-0.5674373336626071,0.2744324511807092,0.001192415045823164,-0.2262991435398101,0.29255569570563505,0.08765034327508442,-1.0161329645585022,0
0.38177641932588297,-1.1099901739376037,1.5251962127575889,-0.2953263329495874,-0.23538436605243465,-1.177851894974348,0.06599664927436881,-1.461440576166749,-1.4724636648314886,0.23238544103697253,0.29255569570563505,-0.4282424977117365,0.9841231756854657,0
-0.12657084635623306,0.9009088760241706,-1.179024470547907,-0.4943418659018112,-0.911310674287764,0.9048055324001227,-0.5674373336626071,-0.8828162337175963,0.09182729922962125,-0.2262991435398101,0.29255569570563505,-0.6663468858595001,0.9841231756854657,0
0.7206745964472937,-1.1099901739376037,-1.179024470547907,-0.4781230948859459,0.2715603651240624,0.9048055324001227,-0.5674373336626071,1.4316811360790147,1.092167872813765,-0.2262991435398101,-0.22345527558581418,0.9011736694466097,0.9841231756854657,0
-0.12657084635623306,-1.1099901739376037,-0.502969299721533,-0.46897930869491766,-0.06640278899360229,0.9048055324001227,-0.5674373336626071,0.853056793629862,-1.1233515183457474,-0.2262991435398101,0.29255569570563505,-0.5076106270943244,0.9841231756854657,0
-0.12657084635623306,0.9009088760241706,-0.502969299721533,-0.29627387556005663,-0.06640278899360229,0.21058638994196582,-0.6822472430699339,0.853056793629862,0.001192415045823164,-0.570312581972397,-0.22345527558581418,0.821805540064022,0.9841231756854657,0
0.38177641932588297,0.9009088760241706,-0.502969299721533,-0.4653944391519757,0.2715603651240624,0.9048055324001227,-0.5674373336626071,-1.461440576166749,-1.6705176710108995,-0.2262991435398101,1.066572152642809,1.4369085427790778,-1.0161329645585022,0
0.5512255078865883,-1.1099901739376037,-0.502969299721533,-0.29891120249252934,1.2854498274770565,-1.177851894974348,-0.5674373336626071,-1.461440576166749,0.8336906105118219,-0.45564143582820127,0.8085666669970842,1.5956448015442533,0.9841231756854657,0
1.0595727735687044,0.9009088760241706,-0.502969299721533,-0.2941734894401831,1.2854498274770565,-1.177851894974348,-0.8841543251310949,1.4316811360790147,-0.707102420612748,-0.7996548742607882,0.5505611813513597,-0.26950623894656084,0.9841231756854657,0
-0.12657084635623306,-1.1099901739376037,-1.179024470547907,-0.2992428424061936,-0.404365943111267,-1.177851894974348,0.38271364074285674,0.853056793629862,0.23617174441122635,0.6910700256137552,1.066572152642809,-0.3488743683291487,0.9841231756854657,0
-0.12657084635623306,-1.1099901739376037,-1.179024470547907,-0.47060592350955655,-0.23538436605243465,0.9048055324001227,-0.5674373336626071,0.2744324511807092,-0.5661148229935064,-0.2262991435398101,0.29255569570563505,0.0479662785837905,-1.0161329645585022,0
0.890123685007999,0.9009088760241706,1.5251962127575889,-0.5808051291071298,0.4405419421828948,0.9048055324001227,-0.5674373336626071,0.853056793629862,0.9108981044461687,0.003043148748581378,0.5505611813513597,-0.8250831446246757,-1.0161329645585022,1
0.890123685007999,-1.1099901739376037,1.5251962127575889,-0.5773623909557581,1.4544314045358888,0.9048055324001227,-0.5674373336626071,1.4316811360790147,0.8336906105118219,0.003043148748581378,-0.22345527558581418,1.9329593514202517,-1.0161329645585022,1
1.0595727735687044,0.9009088760241706,1.5251962127575889,-0.4490177443676989,0.9474866733593919,0.9048055324001227,-0.5674373336626071,-0.8828162337175963,-0.1397951825734185,-0.2262991435398101,0.29255569570563505,-0.20998014190961997,-1.0161329645585022,0
1.0595727735687044,-1.1099901739376037,-0.502969299721533,-0.30139060565659054,0.6095235192417271,-1.177851894974348,1.0161476236798326,1.4316811360790147,0.8336906105118219,1.379096902478929,-0.22345527558581418,-0.09092794783573821,0.9841231756854657,0
1.0595727735687044,0.9009088760241706,1.5251962127575889,-0.45056539729813205,1.7923945586535535,0.9048055324001227,-0.5674373336626071,1.4316811360790147,1.0787404825643134,-0.2262991435398101,1.066572152642809,0.5241750548793175,0.9841231756854657,0
1.0595727735687044,-1.1099901739376037,-1.179024470547907,-0.5657865787311922,0.7785050963005594,0.9048055324001227,-0.5674373336626071,1.4316811360790147,0.001192415045823164,0.003043148748581378,1.066572152642809,-0.011559818453150373,-1.0161329645585022,1
0.7206745964472937,-1.1099901739376037,-0.502969299721533,-0.5693398635204518,0.4405419421828948,0.9048055324001227,-0.5674373336626071,0.2744324511807092,1.6997572816014495,0.003043148748581378,1.066572152642809,0.008282213892496587,-1.0161329645585022,1
0.0428782422044723,-1.1099901739376037,-1.179024470547907,-0.446869981117302,-0.06640278899360229,0.9048055324001227,-0.5674373336626071,1.4316811360790147,0.25966967734776614,-0.2262991435398101,1.066572152642809,-0.36871640067479566,-1.0161329645585022,0
0.0428782422044723,-1.1099901739376037,-0.502969299721533,-0.4467120573488904,0.10257878806523006,0.9048055324001227,-0.5674373336626071,0.2744324511807092,-0.7977373047965461,-0.2262991435398101,0.29255569570563505,0.7225953783357871,-1.0161329645585022,0
1.2290218621294098,0.9009088760241706,-1.179024470547907,-0.5447037556482516,0.9474866733593919,0.9048055324001227,-0.5674373336626071,0.853056793629862,-0.34120603631519225,-0.11162799739561437,0.29255569570563505,0.821805540064022,-1.0161329645585022,1
0.7206745964472937,-1.1099901739376037,-0.502969299721533,-0.4327515962213102,1.2854498274770565,0.9048055324001227,-0.5674373336626071,-0.8828162337175963,0.7430557263280237,-0.34097028968400567,0.03455021005991044,1.2186461869769611,-1.0161329645585022,0
0.0428782422044723,0.9009088760241706,1.5251962127575889,-0.29502627778960544,0.6095235192417271,0.21058638994196582,-0.5674373336626071,1.4316811360790147,-1.6705176710108995,-0.45564143582820127,0.8085666669970842,0.18686050500331922,0.9841231756854657,0
1.0595727735687044,0.9009088760241706,-1.179024470547907,-0.29911650339146434,0.6095235192417271,0.21058638994196582,1.0161476236798326,1.4316811360790147,-1.173704231781191,1.379096902478929,0.29255569570563505,0.7225953783357871,0.9841231756854657,0
0.21232733076517762,-1.1099901739376037,0.8491410419312149,-0.428424484966834,0.7785050963005594,0.9048055324001227,-0.5674373336626071,0.2744324511807092,0.04483143335654109,-0.34097028968400567,0.29255569570563505,-0.8647672093159696,0.9841231756854657,0
1.2290218621294098,-1.1099901739376037,0.8491410419312149,-0.2970003248947497,1.6234129815947211,-1.177851894974348,0.38271364074285674,-0.3041918912684436,-1.4724636648314886,0.6910700256137552,0.03455021005991044,0.3654387961141419,0.9841231756854657,0
0.0428782422044723,-1.1099901739376037,1.5251962127575889,-0.4292298961857329,0.4405419421828948,0.9048055324001227,-0.5674373336626071,0.2744324511807092,-0.2069321338206762,-0.34097028968400567,-0.22345527558581418,-0.24966420660091387,-1.0161329645585022,0
0.0428782422044723,0.9009088760241706,-1.179024470547907,-0.4303511549414548,0.2715603651240624,0.9048055324001227,-0.5674373336626071,1.4316811360790147,-0.34120603631519225,-0.34097028968400567,0.8085666669970842,0.7424374106814341,0.9841231756854657,0
-0.12657084635623306,0.9009088760241706,1.5251962127575889,-0.2951210320506524,-0.404365943111267,-1.177851894974348,0.38271364074285674,0.2744324511807092,-1.4724636648314886,0.6910700256137552,0.8085666669970842,0.5043330225336705,0.9841231756854657,0
0.38177641932588297,0.9009088760241706,-0.502969299721533,-0.30017459263982166,0.6095235192417271,-1.177851894974348,-0.8841543251310949,-1.461440576166749,1.0955247203761276,-0.7996548742607882,0.8085666669970842,0.6432272489531993,-1.0161329645585022,0
-0.12657084635623306,0.9009088760241706,0.8491410419312149,-0.29767939709891933,-0.23538436605243465,-1.177851894974348,-1.1850354670261585,-0.8828162337175963,-0.3680608168140954,-1.2583394588375707,0.03455021005991044,-1.5989224061049072,0.9841231756854657,0
0.38177641932588297,0.9009088760241706,-0.502969299721533,-0.2945840912380531,0.9474866733593919,-1.177851894974348,-0.5674373336626071,0.853056793629862,0.001192415045823164,-0.45564143582820127,0.29255569570563505,1.337698381050843,0.9841231756854657,0
0.21232733076517762,0.9009088760241706,0.8491410419312149,-0.29442616746964156,0.2715603651240624,0.21058638994196582,-0.8524826259842462,-0.3041918912684436,-0.3680608168140954,-0.7996548742607882,-0.22345527558581418,-0.5274526594399713,0.9841231756854657,0
0.21232733076517762,0.9009088760241706,0.8491410419312149,-0.5041015547896444,0.4405419421828948,0.9048055324001227,-0.5674373336626071,0.853056793629862,0.5651428055227898,-0.11162799739561437,-0.22345527558581418,0.38528082845978884,-1.0161329645585022,1
0.38177641932588297,-1.1099901739376037,1.5251962127575889,-0.3908228357080461,0.2715603651240624,0.9048055324001227,-0.5674373336626071,0.853056793629862,0.5651428055227898,-0.34097028968400567,0.5505611813513597,1.3773824457421369,-1.0161329645585022,0
0.7206745964472937,0.9009088760241706,0.8491410419312149,-0.2972214181705259,-0.23538436605243465,0.21058638994196582,0.06599664927436881,-0.8828162337175963,-1.6705176710108995,0.23238544103697253,0.8085666669970842,0.821805540064022,-1.0161329645585022,0
0.5512255078865883,-1.1099901739376037,-1.179024470547907,-0.29990612223352203,0.2715603651240624,-1.177851894974348,-0.7574675285436998,-0.3041918912684436,-1.6705176710108995,-0.6849837281165926,-0.22345527558581418,0.3455967637684949,0.9841231756854657,0
-0.12657084635623306,-1.1099901739376037,-0.502969299721533,-0.3939181415689123,-0.404365943111267,0.9048055324001227,-0.5674373336626071,-0.8828162337175963,-0.11965409719924096,-0.34097028968400567,0.5505611813513597,-0.4282424977117365,-1.0161329645585022,0
1.0595727735687044,-1.1099901739376037,-0.502969299721533,-0.29561059573272813,0.6095235192417271,0.21058638994196582,0.06599664927436881,-0.8828162337175963,-1.6705176710108995,0.23238544103697253,-0.22345527558581418,-0.6465048535138531,0.9841231756854657,0
0.21232733076517762,0.9009088760241706,-1.179024470547907,-0.29529474819590507,0.7785050963005594,-1.177851894974348,0.06599664927436881,0.2744324511807092,-1.6705176710108995,0.23238544103697253,-0.22345527558581418,1.1194360252487263,-1.0161329645585022,0
0.21232733076517762,-1.1099901739376037,-0.502969299721533,-0.30331727563121136,0.2715603651240624,-1.177851894974348,-0.5199297849423339,0.853056793629862,-1.4724636648314886,-0.45564143582820127,1.066572152642809,0.8813316371009629,0.9841231756854657,0
0.21232733076517762,-1.1099901739376037,1.5251962127575889,-0.304201648734316,0.4405419421828948,-1.177851894974348,1.9425448237251597,0.2744324511807092,0.4745079213389917,2.525808363920885,1.066572152642809,1.5758027691986063,0.9841231756854657,0
0.38177641932588297,-1.1099901739376037,0.8491410419312149,-0.3945814213962408,-0.06640278899360229,0.9048055324001227,-0.5674373336626071,-0.8828162337175963,-1.173704231781191,-0.34097028968400567,-0.22345527558581418,0.305912699077201,-1.0161329645585022,0
-0.12657084635623306,0.9009088760241706,0.8491410419312149,-0.5060913942716297,-0.06640278899360229,0.9048055324001227,-0.5674373336626071,1.4316811360790147,1.2096575374964662,-0.11162799739561437,0.29255569570563505,0.10749237562073138,-1.0161329645585022,1
0.38177641932588297,-1.1099901739376037,-0.502969299721533,-0.37308799651543006,-0.06640278899360229,0.9048055324001227,-0.5674373336626071,0.2744324511807092,-1.3482603050240614,-0.34097028968400567,-0.22345527558581418,-0.30919030363785477,0.9841231756854657,0
1.0595727735687044,-1.1099901739376037,0.17308587110484092,-0.29894278724621165,1.2854498274770565,0.21058638994196582,0.38271364074285674,0.853056793629862,0.001192415045823164,0.6910700256137552,0.8085666669970842,-1.2219237915376149,0.9841231756854657,0
0.5512255078865883,0.9009088760241706,-0.502969299721533,-0.3011537200039732,0.2715603651240624,-1.177851894974348,1.0161476236798326,1.4316811360790147,-0.707102420612748,1.379096902478929,0.5505611813513597,-0.03140185079879733,-1.0161329645585022,0
0.0428782422044723,-1.1099901739376037,-0.502969299721533,-0.29859535495570627,-0.06640278899360229,-1.177851894974348,0.8577891279455886,-0.8828162337175963,-1.3482603050240614,1.2644257563347332,1.066572152642809,1.794065125000723,-1.0161329645585022,0
0.5512255078865883,-1.1099901739376037,-1.179024470547907,-0.30293825858702367,0.10257878806523006,-1.177851894974348,-0.5674373336626071,1.4316811360790147,-1.6839450612603513,-0.45564143582820127,0.5505611813513597,0.6035431842619053,-1.0161329645585022,0
-0.12657084635623306,0.9009088760241706,-1.179024470547907,-0.2969687401410674,-0.404365943111267,0.21058638994196582,0.38271364074285674,1.4316811360790147,-1.8752853723150364,0.6910700256137552,0.29255569570563505,0.3654387961141419,0.9841231756854657,0
0.5512255078865883,-1.1099901739376037,-1.179024470547907,-0.35074178328519706,1.2854498274770565,0.9048055324001227,-0.5674373336626071,1.4316811360790147,-1.3482603050240614,-0.45564143582820127,0.29255569570563505,0.3455967637684949,0.9841231756854657,0
-0.12657084635623306,0.9009088760241706,-1.179024470547907,-0.30284350432597673,-0.06640278899360229,0.21058638994196582,-0.2823920413409679,-0.3041918912684436,1.6729025011025462,-0.11162799739561437,1.066572152642809,-0.011559818453150373,-1.0161329645585022,0
0.0428782422044723,-1.1099901739376037,-1.179024470547907,-0.2943472055854358,-0.404365943111267,0.21058638994196582,-1.01084112171849,-0.8828162337175963,-0.8447331706696268,-1.0289971665491795,-0.22345527558581418,0.286070666731554,0.9841231756854657,0
-0.12657084635623306,0.9009088760241706,0.8491410419312149,-0.29316277732234924,0.10257878806523006,-1.177851894974348,-1.2008713165995828,1.4316811360790147,-0.005521280078902488,-1.2583394588375707,0.03455021005991044,0.38528082845978884,0.9841231756854657,0
0.38177641932588297,-1.1099901739376037,-0.502969299721533,-0.34969948641368087,0.2715603651240624,0.9048055324001227,-0.5674373336626071,0.2744324511807092,0.7229146409538463,-0.45564143582820127,0.8085666669970842,1.5758027691986063,0.9841231756854657,0
0.5512255078865883,0.9009088760241706,-0.502969299721533,-0.3372235087091692,0.7785050963005594,0.9048055324001227,-0.5674373336626071,0.2744324511807092,-1.6705176710108995,-0.45564143582820127,0.03455021005991044,1.0400678958661385,0.9841231756854657,0
0.21232733076517762,-1.1099901739376037,-1.179024470547907,-0.29488414639803506,0.2715603651240624,0.21058638994196582,-0.5674373336626071,0.853056793629862,1.0015329886299666,-0.45564143582820127,0.5505611813513597,-1.2616078562289088,0.9841231756854657,0
0.890123685007999,-1.1099901739376037,0.8491410419312149,-0.2922468194655623,0.9474866733593919,0.21058638994196582,-0.20321279347384594,-0.8828162337175963,0.001192415045823164,0.003043148748581378,0.29255569570563505,1.0400678958661385,-1.0161329645585022,0
-0.12657084635623306,0.9009088760241706,-0.502969299721533,-0.29625808318321545,0.10257878806523006,0.21058638994196582,-0.7060010174300705,0.853056793629862,-0.34120603631519225,-0.6849837281165926,1.066572152642809,0.6630692812988462,-1.0161329645585022,0
0.38177641932588297,-1.1099901739376037,-0.502969299721533,-0.4485597654393055,0.2715603651240624,0.9048055324001227,-0.5674373336626071,0.2744324511807092,1.159304824061023,-0.2262991435398101,-0.22345527558581418,0.7225953783357871,-1.0161329645585022,1
0.38177641932588297,0.9009088760241706,-1.179024470547907,-0.33733405534705724,0.6095235192417271,0.9048055324001227,-0.5674373336626071,-0.8828162337175963,-1.0495008719737637,-0.45564143582820127,1.066572152642809,1.238488219322608,0.9841231756854657,0
0.38177641932588297,0.9009088760241706,-1.179024470547907,-0.2980742065199482,0.4405419421828948,-1.177851894974348,-0.8881132875244511,-0.8828162337175963,-0.005521280078902488,-0.7996548742607882,0.5505611813513597,-0.3488743683291487,0.9841231756854657,0
0.0428782422044723,0.9009088760241706,0.8491410419312149,-0.3004430630461213,0.10257878806523006,-1.177851894974348,-0.5674373336626071,0.853056793629862,1.6729025011025462,-0.45564143582820127,0.8085666669970842,0.40512286080543575,0.9841231756854657,0
0.7206745964472937,0.9009088760241706,0.8491410419312149,-0.30042727066928016,0.6095235192417271,0.21058638994196582,-0.2507203421941191,-0.3041918912684436,-1.1804179269059165,-0.11162799739561437,0.8085666669970842,0.5638591195706114,0.9841231756854657,0
0.890123685007999,0.9009088760241706,-0.502969299721533,-0.4136586126203549,0.7785050963005594,-1.177851894974348,-0.4090788379283631,-0.8828162337175963,0.665848232393677,-0.11162799739561437,0.5505611813513597,1.238488219322608,-1.0161329645585022,1
0.21232733076517762,0.9009088760241706,-0.502969299721533,-0.4294667818383502,-0.06640278899360229,0.9048055324001227,-0.5674373336626071,1.4316811360790147,1.6628319584154578,-0.34097028968400567,-0.22345527558581418,0.8813316371009629,-1.0161329645585022,1
0.21232733076517762,-1.1099901739376037,1.5251962127575889,-0.3015801141786844,-0.06640278899360229,-1.177851894974348,-0.9514566858181487,0.853056793629862,0.16232109803924238,-0.9143260204049839,0.29255569570563505,-1.3806600503027906,0.9841231756854657,0
-0.12657084635623306,-1.1099901739376037,-1.179024470547907,-0.2977583589831251,0.2715603651240624,-1.177851894974348,-1.1691996174527342,-0.8828162337175963,0.665848232393677,-1.143668312693375,1.066572152642809,0.6233852166075523,0.9841231756854657,0
-0.12657084635623306,-1.1099901739376037,1.5251962127575889,-0.31211362953173416,-0.5733475201700994,0.9048055324001227,-0.5674373336626071,0.2744324511807092,1.4312094766124175,-0.45564143582820127,0.8085666669970842,0.801963507718375,0.9841231756854657,0
0.5512255078865883,-1.1099901739376037,-0.502969299721533,-0.2982321302883597,0.2715603651240624,-1.177851894974348,1.3684952766885254,0.2744324511807092,-0.005521280078902488,1.8377814870557112,1.066572152642809,0.801963507718375,0.9841231756854657,0
0.890123685007999,0.9009088760241706,-0.502969299721533,-0.31617227037991075,0.6095235192417271,0.9048055324001227,-0.5674373336626071,1.4316811360790147,-0.005521280078902488,-0.45564143582820127,0.03455021005991044,0.38528082845978884,-1.0161329645585022,0
0.890123685007999,-1.1099901739376037,0.8491410419312149,-0.3018169998313017,0.4405419421828948,-1.177851894974348,-0.8841543251310949,0.2744324511807092,-1.8752853723150364,-0.7996548742607882,1.066572152642809,1.1789621222856672,-1.0161329645585022,0
0.0428782422044723,-1.1099901739376037,-1.179024470547907,-0.2943156208317535,-0.23538436605243465,-1.177851894974348,-0.17945901911370934,-0.3041918912684436,0.001192415045823164,0.003043148748581378,0.8085666669970842,0.22654456969461315,-1.0161329645585022,0
-0.12657084635623306,0.9009088760241706,-0.502969299721533,-0.3047385895469152,-0.23538436605243465,0.9048055324001227,-0.5674373336626071,0.853056793629862,0.0716862138554443,-0.45564143582820127,0.5505611813513597,1.4567505751247247,0.9841231756854657,0
0.21232733076517762,-1.1099901739376037,1.5251962127575889,-0.296005405153757,0.9474866733593919,0.9048055324001227,-0.5674373336626071,-1.461440576166749,0.8336906105118219,-0.45564143582820127,0.29255569570563505,0.40512286080543575,-1.0161329645585022,0
0.21232733076517762,-1.1099901739376037,-0.502969299721533,-0.2926890060171146,-0.23538436605243465,-1.177851894974348,-0.7257958293968509,0.2744324511807092,0.001192415045823164,-0.6849837281165926,0.03455021005991044,-0.7655570475877348,0.9841231756854657,0
1.0595727735687044,0.9009088760241706,-0.502969299721533,-0.29952710518933434,1.6234129815947211,0.9048055324001227,-0.5674373336626071,0.853056793629862,-0.3680608168140954,-0.45564143582820127,0.5505611813513597,1.4170665104334308,-1.0161329645585022,0
0.38177641932588297,0.9009088760241706,0.8491410419312149,-0.29605278228428045,0.10257878806523006,0.21058638994196582,-0.7257958293968509,-0.8828162337175963,-1.6839450612603513,-0.6849837281165926,0.29255569570563505,-0.8449251769703227,0.9841231756854657,0
0.0428782422044723,-1.1099901739376037,0.8491410419312149,-0.3000956307556159,0.2715603651240624,0.9048055324001227,-0.5674373336626071,0.853056793629862,-0.1397951825734185,-0.45564143582820127,-0.22345527558581418,0.5837011519162584,0.9841231756854657,0
0.5512255078865883,0.9009088760241706,0.8491410419312149,-0.2948999387748762,0.4405419421828948,0.9048055324001227,-0.5674373336626071,0.853056793629862,1.5486991412951188,-0.45564143582820127,1.066572152642809,-0.2893482712922078,0.9841231756854657,0
0.21232733076517762,0.9009088760241706,-0.502969299721533,-0.2972214181705259,0.4405419421828948,0.9048055324001227,-0.5674373336626071,-0.3041918912684436,-0.34120603631519225,-0.45564143582820127,0.29255569570563505,-0.22982217425526694,0.9841231756854657,0
0.21232733076517762,0.9009088760241706,-0.502969299721533,-0.29505786254328775,-0.23538436605243465,0.21058638994196582,0.02244806294745172,-0.3041918912684436,0.3738024944681046,0.23238544103697253,0.03455021005991044,-1.0830295651180861,0.9841231756854657,0
0.21232733076517762,-1.1099901739376037,1.5251962127575889,-0.29876907110095896,0.10257878806523006,-1.177851894974348,0.6440051587043593,0.2744324511807092,-0.005521280078902488,0.9204123179021463,0.8085666669970842,-0.13061201252703214,0.9841231756854657,0
0.890123685007999,-1.1099901739376037,1.5251962127575889,-0.3009484191050382,1.2854498274770565,-1.177851894974348,0.06599664927436881,0.853056793629862,-0.34120603631519225,0.23238544103697253,-0.22345527558581418,0.9408577341379036,-1.0161329645585022,0
0.38177641932588297,-1.1099901739376037,0.8491410419312149,-0.2955632186022047,-0.06640278899360229,-1.177851894974348,0.06599664927436881,-0.8828162337175963,1.9750187817152072,0.23238544103697253,1.066572152642809,1.0995939929030794,0.9841231756854657,0
1.2290218621294098,0.9009088760241706,1.5251962127575889,-0.2999219146103632,1.9613761357123858,0.21058638994196582,0.6440051587043593,0.2744324511807092,-1.3482603050240614,0.9204123179021463,1.066572152642809,0.06780831092943747,-1.0161329645585022,0
0.21232733076517762,-1.1099901739376037,-0.502969299721533,-0.29485256164435275,0.4405419421828948,0.9048055324001227,-0.5674373336626071,1.4316811360790147,-0.7138161157374736,-0.45564143582820127,0.29255569570563505,1.5361187045073124,0.9841231756854657,0
0.38177641932588297,-1.1099901739376037,-0.502969299721533,-0.2972687953010493,0.9474866733593919,0.9048055324001227,-0.5674373336626071,0.853056793629862,-1.7510820125076092,-0.45564143582820127,0.29255569570563505,0.10749237562073138,-1.0161329645585022,0
1.0595727735687044,-1.1099901739376037,0.8491410419312149,-0.4150799265360588,0.6095235192417271,0.9048055324001227,-0.5674373336626071,0.853056793629862,1.8273174889712391,-0.34097028968400567,1.066572152642809,-1.2814498885745558,-1.0161329645585022,1
0.38177641932588297,-1.1099901739376037,-0.502969299721533,-0.2999219146103632,0.4405419421828948,-1.177851894974348,-1.042512820865339,-0.3041918912684436,-0.1397951825734185,-1.0289971665491795,-0.22345527558581418,1.1194360252487263,-1.0161329645585022,0
-0.12657084635623306,-1.1099901739376037,-1.179024470547907,-0.30507022946057943,-0.404365943111267,0.9048055324001227,-0.5674373336626071,1.4316811360790147,0.11868207972852446,-0.45564143582820127,0.8085666669970842,0.10749237562073138,0.9841231756854657,0
0.0428782422044723,0.9009088760241706,-1.179024470547907,-0.29502627778960544,0.2715603651240624,-1.177851894974348,1.3328646151483206,-0.8828162337175963,0.8336906105118219,1.7231103409115156,0.29255569570563505,0.6233852166075523,0.9841231756854657,0
0.890123685007999,0.9009088760241706,-0.502969299721533,-0.41564845210234036,1.1164682504182242,0.9048055324001227,-0.5674373336626071,-1.461440576166749,1.327147202179168,-0.34097028968400567,0.5505611813513597,1.4567505751247247,-1.0161329645585022,1
0.0428782422044723,-1.1099901739376037,-1.179024470547907,-0.29668447735792663,0.2715603651240624,-1.177851894974348,-0.2507203421941191,1.4316811360790147,-1.6839450612603513,-0.11162799739561437,0.29255569570563505,1.5758027691986063,0.9841231756854657,0
-0.12657084635623306,-1.1099901739376037,-1.179024470547907,-0.4038357542251571,0.10257878806523006,0.9048055324001227,-0.5674373336626071,0.853056793629862,2.0757242085860943,-0.34097028968400567,-0.22345527558581418,0.9408577341379036,-1.0161329645585022,1
1.0595727735687044,0.9009088760241706,1.5251962127575889,-0.30431219537220405,0.9474866733593919,0.9048055324001227,-0.5674373336626071,-0.8828162337175963,-1.0495008719737637,-0.45564143582820127,-0.22345527558581418,0.008282213892496587,0.9841231756854657,0
0.5512255078865883,0.9009088760241706,1.5251962127575889,-0.29526316344222275,0.6095235192417271,0.9048055324001227,-0.5674373336626071,-1.461440576166749,-0.33784918875282943,-0.45564143582820127,-0.22345527558581418,0.6829113136444932,0.9841231756854657,0
0.21232733076517762,-1.1099901739376037,1.5251962127575889,-0.2980742065199482,0.2715603651240624,0.21058638994196582,-0.8841543251310949,0.2744324511807092,-1.8752853723150364,-0.7996548742607882,0.5505611813513597,-0.07108591549009124,0.9841231756854657,0
0.38177641932588297,0.9009088760241706,-1.179024470547907,-0.29527895581906394,-0.06640278899360229,0.21058638994196582,-0.2507203421941191,1.4316811360790147,-1.7510820125076092,-0.11162799739561437,0.5505611813513597,-1.0036614357354983,0.9841231756854657,0
0.0428782422044723,0.9009088760241706,-0.502969299721533,-0.27907597718003985,-0.23538436605243465,0.9048055324001227,-0.5674373336626071,-1.461440576166749,0.5651428055227898,-0.45564143582820127,-0.22345527558581418,0.6432272489531993,-1.0161329645585022,0
1.0595727735687044,0.9009088760241706,-0.502969299721533,-0.2847138557123318,0.7785050963005594,0.9048055324001227,-0.5674373336626071,0.2744324511807092,-1.6839450612603513,-0.45564143582820127,0.03455021005991044,0.2463866020402601,0.9841231756854657,0
0.21232733076517762,-1.1099901739376037,0.8491410419312149,-0.38932255990813647,0.10257878806523006,0.9048055324001227,-0.5674373336626071,-0.3041918912684436,-1.7510820125076092,-0.34097028968400567,1.066572152642809,-0.36871640067479566,-1.0161329645585022,1
0.38177641932588297,0.9009088760241706,-0.502969299721533,-0.29771098185260164,0.2715603651240624,-1.177851894974348,-0.2507203421941191,-1.461440576166749,0.6893461653302174,-0.11162799739561437,-0.22345527558581418,0.7424374106814341,-1.0161329645585022,0
0.21232733076517762,0.9009088760241706,0.8491410419312149,-0.2758385399276032,0.4405419421828948,0.9048055324001227,-0.5674373336626071,0.2744324511807092,-1.2475548781531747,-0.45564143582820127,1.066572152642809,-1.0235034680811452,-1.0161329645585022,0
-0.12657084635623306,-1.1099901739376037,1.5251962127575889,-0.27020066139531124,-0.23538436605243465,0.9048055324001227,-0.5674373336626071,-0.8828162337175963,-0.8447331706696268,-0.45564143582820127,0.03455021005991044,0.46464895784237664,-1.0161329645585022,0
0.0428782422044723,-1.1099901739376037,1.5251962127575889,-0.2565560478045541,0.2715603651240624,0.9048055324001227,-0.5674373336626071,-1.461440576166749,-1.2979075915886182,-0.570312581972397,0.03455021005991044,1.2186461869769611,0.9841231756854657,0
1.0595727735687044,0.9009088760241706,1.5251962127575889,-0.2623202653515753,0.4405419421828948,0.9048055324001227,-0.5674373336626071,-0.8828162337175963,0.5114332445249834,-0.570312581972397,0.8085666669970842,-0.011559818453150373,-1.0161329645585022,0
-0.12657084635623306,-1.1099901739376037,0.8491410419312149,-0.30037989353875666,-0.06640278899360229,-1.177851894974348,-0.8841543251310949,0.853056793629862,0.001192415045823164,-0.7996548742607882,0.8085666669970842,-1.3806600503027906,0.9841231756854657,0
0.21232733076517762,-1.1099901739376037,1.5251962127575889,-0.30368050029855786,-0.06640278899360229,-1.177851894974348,-0.2507203421941191,0.853056793629862,-0.21364582894540246,-0.11162799739561437,0.29255569570563505,-2.114815247091728,0.9841231756854657,0
0.21232733076517762,-1.1099901739376037,0.8491410419312149,-0.356885017876406,0.10257878806523006,0.9048055324001227,-0.5674373336626071,-0.8828162337175963,2.17642963545698,-0.45564143582820127,0.29255569570563505,-0.46792656240303043,-1.0161329645585022,1
0.5512255078865883,-1.1099901739376037,0.8491410419312149,-0.2409058023549704,1.1164682504182242,0.9048055324001227,-0.5674373336626071,0.853056793629862,-1.4993184453303918,-0.570312581972397,0.8085666669970842,-0.32903233598350173,-1.0161329645585022,0
0.21232733076517762,-1.1099901739376037,1.5251962127575889,-0.22561878157273324,-0.06640278899360229,0.9048055324001227,-0.5674373336626071,-1.461440576166749,-1.0427871768490378,-0.570312581972397,0.29255569570563505,1.4765926074703717,-1.0161329645585022,0
0.0428782422044723,0.9009088760241706,-1.179024470547907,-0.22167068736244472,-0.23538436605243465,0.9048055324001227,-0.5674373336626071,1.4316811360790147,-1.8752853723150364,-0.570312581972397,-0.22345527558581418,-0.24966420660091387,-1.0161329645585022,0
0.38177641932588297,0.9009088760241706,0.8491410419312149,-0.2918520100445335,0.4405419421828948,-1.177851894974348,0.06599664927436881,0.2744324511807092,0.001192415045823164,0.23238544103697253,0.03455021005991044,-2.114815247091728,0.9841231756854657,0
-0.12657084635623306,0.9009088760241706,0.8491410419312149,-0.22012303443201162,-0.5733475201700994,0.9048055324001227,-0.5674373336626071,1.4316811360790147,1.2029438423717405,-0.570312581972397,-0.22345527558581418,-0.07108591549009124,0.9841231756854657,0
0.21232733076517762,0.9009088760241706,0.8491410419312149,-0.3175462071650912,0.10257878806523006,0.9048055324001227,-0.5674373336626071,0.853056793629862,1.0015329886299666,-0.45564143582820127,0.03455021005991044,0.5440170872249644,-1.0161329645585022,1
0.5512255078865883,0.9009088760241706,0.8491410419312149,-0.3204204197501812,0.6095235192417271,0.9048055324001227,-0.5674373336626071,-0.3041918912684436,-0.1397951825734185,-0.45564143582820127,0.8085666669970842,-1.2814498885745558,-1.0161329645585022,1
0.0428782422044723,0.9009088760241706,-1.179024470547907,-0.20229344097834867,0.10257878806523006,0.9048055324001227,-0.5674373336626071,0.2744324511807092,-0.08944246913797492,-0.570312581972397,0.5505611813513597,-1.0235034680811452,0.9841231756854657,0
0.38177641932588297,0.9009088760241706,-0.502969299721533,-0.2978373208673309,0.2715603651240624,-1.177851894974348,-1.359229812333827,0.2744324511807092,0.001192415045823164,-1.3730106049817663,0.03455021005991044,1.5956448015442533,-1.0161329645585022,0
0.890123685007999,-1.1099901739376037,-0.502969299721533,-0.20472546701188638,0.9474866733593919,0.9048055324001227,-0.5674373336626071,-0.8828162337175963,0.7866947446387411,-0.570312581972397,-0.22345527558581418,1.258330251668255,-1.0161329645585022,0
0.5512255078865883,0.9009088760241706,0.8491410419312149,-0.20279879703726558,0.10257878806523006,0.9048055324001227,-0.5674373336626071,0.853056793629862,-0.21028898138303903,-0.570312581972397,0.03455021005991044,0.028124246238143545,0.9841231756854657,0
1.0595727735687044,-1.1099901739376037,-1.179024470547907,-0.40882614530696176,1.2854498274770565,-1.177851894974348,-0.804975077263973,-1.461440576166749,0.6624913848313142,-0.6849837281165926,0.03455021005991044,-0.38855843302044263,-1.0161329645585022,1
0.21232733076517762,0.9009088760241706,0.8491410419312149,-0.20546770872342063,0.10257878806523006,0.9048055324001227,-0.5674373336626071,-1.461440576166749,0.001192415045823164,-0.570312581972397,0.8085666669970842,0.40512286080543575,-1.0161329645585022,0
0.0428782422044723,-1.1099901739376037,0.8491410419312149,-0.28979900105518347,0.10257878806523006,0.21058638994196582,-0.17154109432699713,-0.3041918912684436,1.2835081838684501,0.003043148748581378,-0.22345527558581418,0.12733440796637835,0.9841231756854657,0
0.5512255078865883,-1.1099901739376037,-0.502969299721533,-0.19272326061260928,0.10257878806523006,0.9048055324001227,-0.5674373336626071,-0.8828162337175963,0.3301634761573873,-0.570312581972397,0.03455021005991044,0.20670253734896618,0.9841231756854657,0
0.38177641932588297,0.9009088760241706,-1.179024470547907,-0.1896911242591077,1.1164682504182242,0.9048055324001227,-0.5674373336626071,0.2744324511807092,-0.25392799969375696,-0.570312581972397,-0.22345527558581418,0.305912699077201,0.9841231756854657,0
0.38177641932588297,-1.1099901739376037,0.8491410419312149,-0.29856377020202396,0.10257878806523006,-1.177851894974348,-1.2958864140401292,-1.461440576166749,-0.21700267650776528,-1.3730106049817663,0.5505611813513597,-0.9838194033898514,0.9841231756854657,0
0.5512255078865883,0.9009088760241706,-0.502969299721533,-0.18831718747392728,1.1164682504182242,0.9048055324001227,-0.5674373336626071,-1.461440576166749,0.9981761410676039,-0.570312581972397,0.8085666669970842,1.5758027691986063,0.9841231756854657,0
0.0428782422044723,0.9009088760241706,0.8491410419312149,-0.1601435871893084,-0.06640278899360229,0.9048055324001227,-0.5674373336626071,-0.3041918912684436,0.8336906105118219,-0.570312581972397,0.5505611813513597,-2.094973214746081,0.9841231756854657,0
0.5512255078865883,-1.1099901739376037,-0.502969299721533,-0.16380741861645615,0.6095235192417271,0.9048055324001227,-0.5674373336626071,1.4316811360790147,-1.2475548781531747,-0.570312581972397,1.066572152642809,0.8416475724096689,-1.0161329645585022,0
0.0428782422044723,-1.1099901739376037,-1.179024470547907,-0.2988954101156882,0.4405419421828948,-1.177851894974348,-1.042512820865339,1.4316811360790147,-0.21700267650776528,-1.0289971665491795,0.29255569570563505,0.4844909901880236,-1.0161329645585022,0
1.0595727735687044,-1.1099901739376037,1.5251962127575889,-0.1597329853914384,0.6095235192417271,0.9048055324001227,-0.5674373336626071,-0.3041918912684436,0.27645391515958084,-0.570312581972397,0.03455021005991044,1.6750129309268411,-1.0161329645585022,0
0.21232733076517762,0.9009088760241706,-0.502969299721533,-0.16118588406082457,-0.06640278899360229,0.9048055324001227,-0.5674373336626071,0.2744324511807092,-0.3680608168140954,-0.570312581972397,1.066572152642809,0.5638591195706114,-1.0161329645585022,0
1.2290218621294098,0.9009088760241706,-0.502969299721533,-0.14823613505107822,1.1164682504182242,0.9048055324001227,-0.5674373336626071,-0.3041918912684436,0.860545391010725,-0.570312581972397,0.5505611813513597,2.0321695131484865,0.9841231756854657,0
-0.12657084635623306,0.9009088760241706,0.8491410419312149,-0.4096157641490195,0.10257878806523006,-1.177851894974348,2.2830155895537843,-1.461440576166749,-0.7138161157374736,3.4431775330744507,0.8085666669970842,0.008282213892496587,-1.0161329645585022,1
0.21232733076517762,0.9009088760241706,1.5251962127575889,-0.12930107521853448,0.10257878806523006,0.9048055324001227,-0.5674373336626071,-1.461440576166749,-0.21364582894540246,-0.6849837281165926,0.29255569570563505,-1.202081759191968,-1.0161329645585022,0
0.21232733076517762,0.9009088760241706,1.5251962127575889,-0.12404221373043017,0.10257878806523006,0.9048055324001227,-0.5674373336626071,-0.8828162337175963,-1.0495008719737637,-0.6849837281165926,0.8085666669970842,1.5956448015442533,-1.0161329645585022,0
0.7206745964472937,0.9009088760241706,-0.502969299721533,-0.12712172721445522,0.2715603651240624,0.9048055324001227,-0.5674373336626071,-0.3041918912684436,0.16232109803924238,-0.6849837281165926,0.5505611813513597,0.286070666731554,0.9841231756854657,0
0.38177641932588297,0.9009088760241706,1.5251962127575889,-0.3009010419745148,0.6095235192417271,0.21058638994196582,-0.7257958293968509,-0.8828162337175963,-1.2979075915886182,-0.6849837281165926,0.29255569570563505,0.801963507718375,0.9841231756854657,0
0.7206745964472937,0.9009088760241706,-0.502969299721533,-0.1166355889919289,0.4405419421828948,0.9048055324001227,-0.5674373336626071,0.853056793629862,0.7430557263280237,-0.6849837281165926,1.066572152642809,-0.011559818453150373,0.9841231756854657,0
0.7206745964472937,0.9009088760241706,0.8491410419312149,-0.2925626670023854,-0.06640278899360229,-1.177851894974348,-0.6624524311031534,-0.8828162337175963,-1.2979075915886182,-0.570312581972397,0.8085666669970842,-2.531497926350314,0.9841231756854657,0
0.38177641932588297,-1.1099901739376037,-1.179024470547907,-0.3005378173071682,0.7785050963005594,0.21058638994196582,0.06599664927436881,-1.461440576166749,1.6594751108530943,0.23238544103697253,0.29255569570563505,0.801963507718375,0.9841231756854657,0
0.7206745964472937,-1.1099901739376037,-1.179024470547907,-0.11633553383194697,0.4405419421828948,0.9048055324001227,-0.5674373336626071,-0.8828162337175963,0.790051592201104,-0.6849837281165926,0.5505611813513597,1.0003838311748445,-1.0161329645585022,0
-0.12657084635623306,-1.1099901739376037,-0.502969299721533,-0.11613023293301197,0.2715603651240624,0.9048055324001227,-0.5674373336626071,-0.3041918912684436,1.2029438423717405,-0.6849837281165926,0.29255569570563505,1.1591200899400202,0.9841231756854657,0
0.21232733076517762,-1.1099901739376037,-0.502969299721533,-0.10412802653373487,0.9474866733593919,0.9048055324001227,-0.5674373336626071,-0.8828162337175963,1.6628319584154578,-0.6849837281165926,0.29255569570563505,-0.8449251769703227,0.9841231756854657,0
1.0595727735687044,0.9009088760241706,1.5251962127575889,-0.40855767490066214,1.1164682504182242,-1.177851894974348,-0.8841543251310949,0.2744324511807092,1.6594751108530943,-0.7996548742607882,0.8085666669970842,-0.36871640067479566,-1.0161329645585022,1
0.21232733076517762,-1.1099901739376037,-1.179024470547907,-0.10900787097765148,0.4405419421828948,0.9048055324001227,-0.5674373336626071,-0.3041918912684436,1.2700807936189982,-0.6849837281165926,0.8085666669970842,0.782121475372728,0.9841231756854657,0
0.7206745964472937,-1.1099901739376037,-1.179024470547907,-0.11008175260284996,0.7785050963005594,0.9048055324001227,-0.5674373336626071,-1.461440576166749,-0.21700267650776528,-0.6849837281165926,0.29255569570563505,-0.36871640067479566,0.9841231756854657,0
0.7206745964472937,0.9009088760241706,-1.179024470547907,-0.22351839545285976,-0.06640278899360229,0.9048055324001227,-0.5674373336626071,-0.3041918912684436,1.6594751108530943,-0.570312581972397,0.29255569570563505,-1.8370267942526706,-1.0161329645585022,1
-0.12657084635623306,0.9009088760241706,0.8491410419312149,-0.1195255939538601,-0.23538436605243465,0.9048055324001227,-0.5674373336626071,-1.461440576166749,-0.5896127559300467,-0.6849837281165926,0.8085666669970842,0.008282213892496587,0.9841231756854657,0
0.7206745964472937,0.9009088760241706,1.5251962127575889,-0.11279804141952846,0.6095235192417271,0.9048055324001227,-0.5674373336626071,0.2744324511807092,0.9981761410676039,-0.6849837281165926,-0.22345527558581418,0.10749237562073138,-1.0161329645585022,0
0.38177641932588297,0.9009088760241706,-0.502969299721533,-0.29911650339146434,-0.23538436605243465,-1.177851894974348,1.0161476236798326,0.853056793629862,-0.21028898138303903,1.379096902478929,0.29255569570563505,0.5241750548793175,-1.0161329645585022,0
0.7206745964472937,-1.1099901739376037,-0.502969299721533,-0.10712857813355414,1.2854498274770565,0.9048055324001227,-0.5674373336626071,0.853056793629862,0.11868207972852446,-0.6849837281165926,0.5505611813513597,-1.0631875327724392,0.9841231756854657,0
-0.12657084635623306,0.9009088760241706,0.8491410419312149,-0.11039760013967304,0.10257878806523006,0.9048055324001227,-0.5674373336626071,0.853056793629862,-0.6936750303632967,-0.6849837281165926,0.8085666669970842,-0.6068207888225592,0.9841231756854657,0
0.7206745964472937,-1.1099901739376037,-0.502969299721533,-0.2949473159053997,0.6095235192417271,-1.177851894974348,0.0026532509806712224,0.853056793629862,-1.4254677989584081,0.23238544103697253,0.8085666669970842,1.734539027963782,-1.0161329645585022,0
0.38177641932588297,-1.1099901739376037,0.8491410419312149,-0.30165907606289016,0.2715603651240624,-1.177851894974348,-0.7257958293968509,1.4316811360790147,-1.0495008719737637,-0.6849837281165926,-0.22345527558581418,0.9210157017922567,-1.0161329645585022,0
1.0595727735687044,-1.1099901739376037,0.8491410419312149,-0.10809191312086454,1.1164682504182242,0.9048055324001227,-0.5674373336626071,1.4316811360790147,-1.0092187012254088,-0.6849837281165926,0.8085666669970842,1.35754041339649,-1.0161329645585022,0
-0.12657084635623306,0.9009088760241706,-0.502969299721533,-0.4109739085573587,-0.06640278899360229,-1.177851894974348,-0.5674373336626071,-0.8828162337175963,0.7464125738903866,-0.34097028968400567,0.5505611813513597,-0.11076998018138517,-1.0161329645585022,1
0.21232733076517762,-1.1099901739376037,-1.179024470547907,-0.10905524810817495,-0.23538436605243465,0.9048055324001227,-0.5674373336626071,-0.3041918912684436,-0.33449234119046656,-0.6849837281165926,1.066572152642809,-0.4282424977117365,0.9841231756854657,0
-0.12657084635623306,0.9009088760241706,1.5251962127575889,-0.10992382883443842,-0.404365943111267,0.9048055324001227,-0.5674373336626071,-0.3041918912684436,-1.0092187012254088,-0.6849837281165926,-0.22345527558581418,0.782121475372728,-1.0161329645585022,0
0.7206745964472937,0.9009088760241706,0.8491410419312149,-0.29850060069465933,1.1164682504182242,-1.177851894974348,-0.5674373336626071,0.853056793629862,-1.4254677989584081,-0.45564143582820127,0.03455021005991044,-1.4203441149940845,0.9841231756854657,0
0.890123685007999,-1.1099901739376037,-1.179024470547907,-0.08923581517252657,0.9474866733593919,0.9048055324001227,-0.5674373336626071,-0.8828162337175963,-0.2069321338206762,-0.6849837281165926,0.29255569570563505,0.782121475372728,0.9841231756854657,0
0.38177641932588297,0.9009088760241706,-0.502969299721533,-0.07826011326792448,0.4405419421828948,0.9048055324001227,-0.5674373336626071,1.4316811360790147,1.6628319584154578,-0.6849837281165926,0.8085666669970842,1.1988041546313142,0.9841231756854657,0
1.0595727735687044,0.9009088760241706,-0.502969299721533,-0.2988480329851647,0.9474866733593919,-1.177851894974348,-0.7257958293968509,-0.3041918912684436,0.001192415045823164,-0.6849837281165926,1.066572152642809,0.9805417988291976,-1.0161329645585022,0
0.890123685007999,-1.1099901739376037,-0.502969299721533,-0.08312416533499993,0.10257878806523006,0.9048055324001227,-0.5674373336626071,-0.8828162337175963,-1.7510820125076092,-0.6849837281165926,1.066572152642809,0.4249648931510827,-1.0161329645585022,0
0.7206745964472937,0.9009088760241706,-0.502969299721533,-0.06335210952987502,0.4405419421828948,0.9048055324001227,-0.5674373336626071,0.2744324511807092,0.001192415045823164,-0.6849837281165926,-0.22345527558581418,1.0202258635204915,-1.0161329645585022,0
1.0595727735687044,-1.1099901739376037,0.8491410419312149,-0.07238534908301515,1.2854498274770565,0.9048055324001227,-0.5674373336626071,-0.3041918912684436,-1.1804179269059165,-0.6849837281165926,0.8085666669970842,-0.6465048535138531,0.9841231756854657,0
0.7206745964472937,0.9009088760241706,1.5251962127575889,-0.8129530686720948,0.9474866733593919,0.9048055324001227,-0.38928402596158257,1.4316811360790147,1.4345663241747801,1.2644257563347332,-0.22345527558581418,1.1392780575943733,-1.0161329645585022,1
0.7206745964472937,-1.1099901739376037,-0.502969299721533,-0.2589722814612507,0.7785050963005594,0.9048055324001227,-0.38928402596158257,0.853056793629862,-1.1804179269059165,-0.34097028968400567,1.066572152642809,1.258330251668255,0.9841231756854657,0
0.5512255078865883,-1.1099901739376037,0.17308587110484092,-0.2943472055854358,0.7785050963005594,-1.177851894974348,0.38271364074285674,-1.461440576166749,-1.0495008719737637,0.6910700256137552,0.03455021005991044,-1.0433455004267922,0.9841231756854657,0
0.38177641932588297,-1.1099901739376037,-1.179024470547907,-0.29377868001915425,-0.23538436605243465,0.21058638994196582,-1.042512820865339,1.4316811360790147,1.0787404825643134,-1.0289971665491795,1.066572152642809,0.6233852166075523,0.9841231756854657,0
-0.12657084635623306,-1.1099901739376037,-1.179024470547907,-0.46610509610982764,0.10257878806523006,0.9048055324001227,-0.3932429883549387,0.2744324511807092,-1.0495008719737637,0.003043148748581378,1.066572152642809,-0.4282424977117365,0.9841231756854657,0
0.5512255078865883,-1.1099901739376037,-0.502969299721533,-0.2994639356819697,1.2854498274770565,-1.177851894974348,-1.2008713165995828,1.4316811360790147,-1.5496711587658354,-1.2583394588375707,0.29255569570563505,0.08765034327508442,0.9841231756854657,0
1.2290218621294098,-1.1099901739376037,0.8491410419312149,-0.76909763818421,1.1164682504182242,0.9048055324001227,-0.40116091314165087,-1.461440576166749,0.4107278176540969,1.035083464046342,0.29255569570563505,0.6035431842619053,-1.0161329645585022,0
1.2290218621294098,0.9009088760241706,0.17308587110484092,0.27376775889824123,1.6234129815947211,0.9048055324001227,-0.40116091314165087,-1.461440576166749,-0.7138161157374736,-0.7996548742607882,-0.22345527558581418,1.3972244780877838,0.9841231756854657,0
0.5512255078865883,-1.1099901739376037,1.5251962127575889,-0.30410689447326905,0.2715603651240624,-1.177851894974348,-0.7257958293968509,-1.461440576166749,-0.12972463988633004,-0.6849837281165926,1.066572152642809,0.0479662785837905,0.9841231756854657,0
0.5512255078865883,0.9009088760241706,1.5251962127575889,-0.2961633289221685,0.6095235192417271,0.21058638994196582,1.0161476236798326,-0.3041918912684436,0.954537122756886,1.379096902478929,0.03455021005991044,0.6035431842619053,0.9841231756854657,0
-0.12657084635623306,0.9009088760241706,-0.502969299721533,-0.8713216934770003,-0.06640278899360229,0.9048055324001227,-0.405119875535007,0.853056793629862,-1.8752853723150364,1.6084391947673204,0.8085666669970842,-1.8767108589439645,-1.0161329645585022,1
0.0428782422044723,0.9009088760241706,1.5251962127575889,-0.2973793419389374,-0.06640278899360229,-1.177851894974348,-1.042512820865339,0.853056793629862,0.001192415045823164,-1.0289971665491795,1.066572152642809,0.5638591195706114,0.9841231756854657,0
0.5512255078865883,0.9009088760241706,-0.502969299721533,-0.9997453019492654,-0.06640278899360229,0.9048055324001227,-0.4090788379283631,-0.3041918912684436,-0.4654093961226198,3.213835240786059,0.8085666669970842,1.0599099282117854,-1.0161329645585022,1
0.21232733076517762,-1.1099901739376037,-0.502969299721533,-0.9694555231679318,0.9474866733593919,0.9048055324001227,-0.4090788379283631,0.853056793629862,0.6154955189582334,2.7551506562092767,-0.22345527558581418,1.3773824457421369,-1.0161329645585022,1
0.38177641932588297,0.9009088760241706,-0.502969299721533,-0.9694081460374083,0.2715603651240624,0.9048055324001227,-0.4090788379283631,-1.461440576166749,-1.4254677989584081,2.7551506562092767,-0.22345527558581418,0.4249648931510827,-1.0161329645585022,1
-0.12657084635623306,-1.1099901739376037,0.8491410419312149,-0.9608170930358205,-0.06640278899360229,0.9048055324001227,-0.4090788379283631,-0.3041918912684436,0.4040141225293712,2.640479510065081,1.066572152642809,-0.9639773710442044,-1.0161329645585022,1
-0.12657084635623306,0.9009088760241706,-0.502969299721533,-0.2984216388104536,-0.06640278899360229,-1.177851894974348,0.1847655210750518,-0.3041918912684436,0.830333762949459,0.4617277333253637,-0.22345527558581418,-0.011559818453150373,-1.0161329645585022,0
1.0595727735687044,0.9009088760241706,1.5251962127575889,-0.2951052396738112,1.6234129815947211,-1.177851894974348,-0.5674373336626071,-0.8828162337175963,-1.2979075915886182,-0.45564143582820127,0.5505611813513597,1.794065125000723,-1.0161329645585022,0
0.21232733076517762,-1.1099901739376037,-1.179024470547907,-0.2980110370125836,0.2715603651240624,-1.177851894974348,0.06599664927436881,0.2744324511807092,-1.0495008719737637,0.23238544103697253,0.5505611813513597,0.801963507718375,0.9841231756854657,0
0.21232733076517762,0.9009088760241706,0.8491410419312149,-0.9010903238225758,0.10257878806523006,0.9048055324001227,-0.4090788379283631,1.4316811360790147,-0.005521280078902488,1.952452633199907,-0.22345527558581418,-0.38855843302044263,-1.0161329645585022,1
-0.12657084635623306,-1.1099901739376037,-0.502969299721533,-0.30176962270077823,-0.06640278899360229,-1.177851894974348,0.8577891279455886,1.4316811360790147,-0.37813135950118393,1.2644257563347332,0.5505611813513597,-1.9560789883265524,0.9841231756854657,0
-0.12657084635623306,-1.1099901739376037,-0.502969299721533,-0.8639940306227049,-0.911310674287764,0.9048055324001227,-0.4090788379283631,0.2744324511807092,0.001192415045823164,1.6084391947673204,-0.22345527558581418,-2.4521297969677263,-1.0161329645585022,1
0.890123685007999,-1.1099901739376037,0.8491410419312149,-0.8653363826542029,0.7785050963005594,0.9048055324001227,-0.4090788379283631,-1.461440576166749,-0.522475804682789,1.6084391947673204,0.5505611813513597,-0.4877685947486774,-1.0161329645585022,1
0.21232733076517762,-1.1099901739376037,-1.179024470547907,-0.8527340659349619,-0.06640278899360229,0.9048055324001227,-0.4090788379283631,0.2744324511807092,0.9108981044461687,1.4937680486231246,1.066572152642809,-2.154499311783022,-1.0161329645585022,1
0.7206745964472937,0.9009088760241706,0.8491410419312149,-0.2966528926042443,1.4544314045358888,-1.177851894974348,-0.7257958293968509,0.2744324511807092,-0.811164695045998,-0.6849837281165926,0.8085666669970842,-0.32903233598350173,0.9841231756854657,0
-0.12657084635623306,0.9009088760241706,1.5251962127575889,-0.8060833847461928,-0.23538436605243465,0.9048055324001227,-0.4090788379283631,-0.8828162337175963,1.575553921794022,1.1497546101905376,-0.22345527558581418,-1.3409759856114967,-1.0161329645585022,1
0.5512255078865883,-1.1099901739376037,-0.502969299721533,-0.7958973016836484,0.4405419421828948,0.9048055324001227,-0.4090788379283631,0.2744324511807092,-1.173704231781191,1.1497546101905376,0.29255569570563505,-0.8449251769703227,-1.0161329645585022,0
-0.12657084635623306,0.9009088760241706,-1.179024470547907,-0.7940180088395511,-0.23538436605243465,0.9048055324001227,-0.4090788379283631,-1.461440576166749,-0.0860856215756121,1.1497546101905376,1.066572152642809,0.7027533459901402,0.9841231756854657,0
0.38177641932588297,0.9009088760241706,-0.502969299721533,-0.2982479226652009,0.10257878806523006,-1.177851894974348,-0.7257958293968509,0.853056793629862,0.001192415045823164,-0.6849837281165926,-0.22345527558581418,0.821805540064022,0.9841231756854657,0
0.0428782422044723,0.9009088760241706,-0.502969299721533,-0.7664761036285783,-0.911310674287764,0.9048055324001227,-0.4090788379283631,-1.461440576166749,0.5114332445249834,0.9204123179021463,0.5505611813513597,0.5638591195706114,-1.0161329645585022,0
-0.12657084635623306,-1.1099901739376037,1.5251962127575889,-0.29684240112633814,-0.5733475201700994,0.21058638994196582,-0.804975077263973,-0.8828162337175963,1.2096575374964662,-0.7996548742607882,0.03455021005991044,0.5440170872249644,0.9841231756854657,0
-0.12657084635623306,0.9009088760241706,0.8491410419312149,-0.7706610834914842,-0.23538436605243465,0.9048055324001227,-0.4090788379283631,0.2744324511807092,-0.707102420612748,1.035083464046342,1.066572152642809,0.8416475724096689,0.9841231756854657,0
0.0428782422044723,0.9009088760241706,-0.502969299721533,-0.775461966051195,-0.06640278899360229,0.9048055324001227,-0.4090788379283631,1.4316811360790147,-1.371758237960602,1.035083464046342,0.03455021005991044,0.7225953783357871,-1.0161329645585022,0
0.0428782422044723,0.9009088760241706,-0.502969299721533,-0.3015327370481609,-0.7423290972289317,-1.177851894974348,-0.4090788379283631,-0.8828162337175963,-0.811164695045998,-0.2262991435398101,0.8085666669970842,0.3654387961141419,-1.0161329645585022,0
0.5512255078865883,0.9009088760241706,-1.179024470547907,-0.15985932440616762,0.4405419421828948,0.9048055324001227,-0.5674373336626071,-0.8828162337175963,0.001192415045823164,-0.570312581972397,0.5505611813513597,-0.5472946917856183,-1.0161329645585022,1
0.21232733076517762,-1.1099901739376037,0.8491410419312149,-0.05150782689900946,-0.404365943111267,0.9048055324001227,-0.5674373336626071,0.853056793629862,-1.173704231781191,-0.6849837281165926,0.29255569570563505,0.5837011519162584,0.9841231756854657,0
0.38177641932588297,0.9009088760241706,-1.179024470547907,-0.05335553498942448,0.9474866733593919,0.9048055324001227,-0.5674373336626071,-0.3041918912684436,0.001192415045823164,-0.6849837281165926,0.29255569570563505,0.8813316371009629,0.9841231756854657,0
0.0428782422044723,0.9009088760241706,-0.502969299721533,-0.29519999393485813,0.2715603651240624,-1.177851894974348,-0.7257958293968509,-1.461440576166749,-1.0964967378468442,-0.6849837281165926,0.03455021005991044,-0.3488743683291487,0.9841231756854657,0
0.890123685007999,-1.1099901739376037,-1.179024470547907,-0.03888971780292735,1.1164682504182242,0.9048055324001227,-0.5674373336626071,0.2744324511807092,0.001192415045823164,-0.6849837281165926,0.5505611813513597,-3.166442961411017,0.9841231756854657,0
0.38177641932588297,-1.1099901739376037,1.5251962127575889,-0.03985305279023774,0.4405419421828948,0.9048055324001227,-0.5674373336626071,0.2744324511807092,0.16232109803924238,-0.6849837281165926,0.29255569570563505,-0.5274526594399713,0.9841231756854657,0
-0.12657084635623306,-1.1099901739376037,-0.502969299721533,-0.008836824674211121,0.2715603651240624,0.9048055324001227,-0.5674373336626071,-0.3041918912684436,1.223084927745918,-0.6849837281165926,0.29255569570563505,-1.4401861473397315,0.9841231756854657,0
0.5512255078865883,-1.1099901739376037,1.5251962127575889,-0.021754988930275162,0.4405419421828948,0.9048055324001227,-0.5674373336626071,1.4316811360790147,-1.3482603050240614,-0.6849837281165926,1.066572152642809,1.3972244780877838,-1.0161329645585022,0
0.5512255078865883,0.9009088760241706,-1.179024470547907,-0.012800711261340796,1.2854498274770565,0.9048055324001227,-0.5674373336626071,-0.8828162337175963,0.16232109803924238,-0.6849837281165926,0.03455021005991044,-1.3409759856114967,0.9841231756854657,0
0.21232733076517762,-1.1099901739376037,-0.502969299721533,-0.2984848083178182,0.10257878806523006,-1.177851894974348,-1.002923196931778,-1.461440576166749,1.092167872813765,-1.0289971665491795,-0.22345527558581418,-1.5195542767223194,-1.0161329645585022,0
0.7206745964472937,-1.1099901739376037,-0.502969299721533,-0.012721749377135026,0.9474866733593919,0.9048055324001227,-0.5674373336626071,0.2744324511807092,-1.1804179269059165,-0.6849837281165926,-0.22345527558581418,-1.9957630530178463,0.9841231756854657,0
0.21232733076517762,-1.1099901739376037,1.5251962127575889,-0.015785470484318918,-0.23538436605243465,0.9048055324001227,-0.5674373336626071,1.4316811360790147,0.04483143335654109,-0.6849837281165926,1.066572152642809,0.20670253734896618,0.9841231756854657,0
-0.12657084635623306,-1.1099901739376037,-1.179024470547907,-0.014664211728596978,-0.23538436605243465,0.9048055324001227,-0.5674373336626071,0.2744324511807092,0.04483143335654109,-0.6849837281165926,0.8085666669970842,0.38528082845978884,-1.0161329645585022,0
1.2290218621294098,0.9009088760241706,-0.502969299721533,-0.01126885070774885,0.7785050963005594,0.9048055324001227,-0.5674373336626071,-1.461440576166749,-1.2475548781531747,-0.6849837281165926,1.066572152642809,-0.6663468858595001,0.9841231756854657,0
0.890123685007999,-1.1099901739376037,0.8491410419312149,-0.2986901092167532,0.7785050963005594,0.21058638994196582,-1.327558113186978,0.853056793629862,1.092167872813765,-1.3730106049817663,0.03455021005991044,0.305912699077201,-1.0161329645585022,0
-0.12657084635623306,-1.1099901739376037,-1.179024470547907,-0.2986901092167532,-0.23538436605243465,-1.177851894974348,-0.4882580857954851,1.4316811360790147,-1.0964967378468442,-0.34097028968400567,0.03455021005991044,-0.22982217425526694,0.9841231756854657,0
-0.12657084635623306,0.9009088760241706,-0.502969299721533,-0.0015881237041213954,0.10257878806523006,0.9048055324001227,-0.5674373336626071,-0.8828162337175963,1.5486991412951188,-0.6849837281165926,0.8085666669970842,0.6432272489531993,0.9841231756854657,0
0.5512255078865883,0.9009088760241706,-0.502969299721533,0.004097131958694075,0.6095235192417271,0.9048055324001227,-0.5674373336626071,-0.8828162337175963,0.001192415045823164,-0.7996548742607882,-0.22345527558581418,-0.6266628211682062,-1.0161329645585022,0
-0.12657084635623306,0.9009088760241706,-1.179024470547907,0.021768801643945495,-0.23538436605243465,0.9048055324001227,-0.5674373336626071,-1.461440576166749,-0.34120603631519225,-0.7996548742607882,0.5505611813513597,0.26622863438590705,0.9841231756854657,0
0.5512255078865883,-1.1099901739376037,0.8491410419312149,0.04473091757098353,0.4405419421828948,0.9048055324001227,-0.5674373336626071,-0.3041918912684436,-1.1804179269059165,-0.7996548742607882,1.066572152642809,-0.011559818453150373,0.9841231756854657,0
0.21232733076517762,0.9009088760241706,1.5251962127575889,-0.4178278001064196,-0.23538436605243465,-1.177851894974348,0.06599664927436881,-1.461440576166749,1.253296555807184,0.5763988794695595,-0.22345527558581418,-0.22982217425526694,-1.0161329645585022,1
-0.12657084635623306,0.9009088760241706,-0.502969299721533,-0.2972687953010493,-0.7423290972289317,-1.177851894974348,0.38271364074285674,1.4316811360790147,-0.5661148229935064,0.6910700256137552,0.5505611813513597,0.6432272489531993,0.9841231756854657,0
-0.12657084635623306,-1.1099901739376037,1.5251962127575889,0.07909512957733482,-0.06640278899360229,0.9048055324001227,-0.5674373336626071,0.853056793629862,0.2865244578466693,-0.7996548742607882,0.03455021005991044,0.40512286080543575,-1.0161329645585022,0
0.7206745964472937,0.9009088760241706,0.8491410419312149,0.08424344442755105,0.4405419421828948,0.9048055324001227,-0.5674373336626071,-0.8828162337175963,-0.34120603631519225,-0.7996548742607882,0.5505611813513597,-0.46792656240303043,0.9841231756854657,0
-0.12657084635623306,-1.1099901739376037,1.5251962127575889,-0.2982005455346774,-0.911310674287764,-1.177851894974348,0.06599664927436881,-1.461440576166749,0.6154955189582334,0.23238544103697253,1.066572152642809,-0.7457150152420878,-1.0161329645585022,0
0.0428782422044723,0.9009088760241706,-1.179024470547907,0.07849501925737097,-0.23538436605243465,0.9048055324001227,-0.5674373336626071,-1.461440576166749,-0.21700267650776528,-0.7996548742607882,0.8085666669970842,0.18686050500331922,-1.0161329645585022,0
-0.12657084635623306,0.9009088760241706,-1.179024470547907,-0.29911650339146434,-0.404365943111267,0.21058638994196582,-0.09236184645987515,0.2744324511807092,0.5114332445249834,0.1177142948927768,0.5505611813513597,-1.7576586648700827,0.9841231756854657,0
0.5512255078865883,-1.1099901739376037,1.5251962127575889,-0.4078628103196514,0.9474866733593919,-1.177851894974348,0.38271364074285674,-0.8828162337175963,0.5114332445249834,0.9204123179021463,0.03455021005991044,-0.5076106270943244,-1.0161329645585022,1
0.38177641932588297,-1.1099901739376037,-1.179024470547907,-0.2923257813497681,0.4405419421828948,-1.177851894974348,-0.7257958293968509,-0.3041918912684436,-0.018948670328354386,-0.6849837281165926,0.8085666669970842,0.7225953783357871,-1.0161329645585022,0
0.38177641932588297,-1.1099901739376037,-0.502969299721533,-0.29709507915579664,0.2715603651240624,-1.177851894974348,-1.2206661285663634,-1.461440576166749,-1.0092187012254088,-1.2583394588375707,0.8085666669970842,-0.07108591549009124,0.9841231756854657,0
0.890123685007999,0.9009088760241706,0.8491410419312149,-0.41376915925824304,1.2854498274770565,-1.177851894974348,-0.804975077263973,-1.461440576166749,1.253296555807184,-0.6849837281165926,1.066572152642809,0.22654456969461315,-1.0161329645585022,1
1.0595727735687044,-1.1099901739376037,-1.179024470547907,0.08228518969924795,0.7785050963005594,0.9048055324001227,-0.5674373336626071,-0.8828162337175963,0.2965950005337584,-0.7996548742607882,-0.22345527558581418,0.4249648931510827,0.9841231756854657,0
1.2290218621294098,-1.1099901739376037,1.5251962127575889,-0.29797945225890127,0.9474866733593919,-1.177851894974348,-0.6307807319563046,-0.8828162337175963,0.5114332445249834,-0.570312581972397,0.29255569570563505,-0.24966420660091387,0.9841231756854657,0
0.0428782422044723,0.9009088760241706,0.8491410419312149,0.09889877013614205,0.4405419421828948,0.9048055324001227,-0.5674373336626071,0.2744324511807092,-0.8447331706696268,-0.7996548742607882,1.066572152642809,-0.6465048535138531,0.9841231756854657,0
0.890123685007999,0.9009088760241706,-1.179024470547907,-0.29606857466112163,1.1164682504182242,0.21058638994196582,0.38271364074285674,1.4316811360790147,1.0015329886299666,0.6910700256137552,0.29255569570563505,-0.03140185079879733,0.9841231756854657,0
-0.12657084635623306,0.9009088760241706,-0.502969299721533,0.11878137257915504,0.10257878806523006,0.9048055324001227,-0.5674373336626071,-1.461440576166749,1.6628319584154578,-0.7996548742607882,1.066572152642809,-1.2219237915376149,-1.0161329645585022,0
-0.12657084635623306,-1.1099901739376037,0.8491410419312149,-0.2932575315833962,-0.23538436605243465,-1.177851894974348,-0.3298995900612411,0.853056793629862,0.19588957366287124,-0.2262991435398101,0.03455021005991044,0.32575473142284794,0.9841231756854657,0
0.7206745964472937,-1.1099901739376037,0.8491410419312149,0.12099230533691661,0.7785050963005594,0.9048055324001227,-0.5674373336626071,1.4316811360790147,-0.8447331706696268,-0.7996548742607882,1.066572152642809,0.38528082845978884,-1.0161329645585022,0
0.21232733076517762,0.9009088760241706,-1.179024470547907,0.11352251109105073,0.2715603651240624,0.9048055324001227,-0.5674373336626071,1.4316811360790147,-0.46205254856025635,-0.7996548742607882,-0.22345527558581418,1.1789621222856672,-1.0161329645585022,0
0.5512255078865883,-1.1099901739376037,0.8491410419312149,0.12121339861269277,0.6095235192417271,0.9048055324001227,-0.5674373336626071,-0.3041918912684436,0.7464125738903866,-0.7996548742607882,-0.22345527558581418,-0.32903233598350173,0.9841231756854657,0
0.7206745964472937,0.9009088760241706,1.5251962127575889,-0.30080628771346785,0.7785050963005594,-1.177851894974348,-0.3298995900612411,0.2744324511807092,-0.2069321338206762,-0.2262991435398101,0.29255569570563505,0.6035431842619053,0.9841231756854657,0
0.5512255078865883,-1.1099901739376037,-0.502969299721533,0.0024389323903728963,0.7785050963005594,0.9048055324001227,-0.5674373336626071,-1.461440576166749,1.1223795008750308,-0.7996548742607882,-0.22345527558581418,0.6233852166075523,-1.0161329645585022,1
0.0428782422044723,-1.1099901739376037,1.5251962127575889,0.1169020797350577,-0.23538436605243465,0.9048055324001227,-0.5674373336626071,0.2744324511807092,-1.0495008719737637,-0.7996548742607882,1.066572152642809,1.1988041546313142,0.9841231756854657,0
-0.12657084635623306,0.9009088760241706,0.8491410419312149,0.002754779927195978,0.10257878806523006,0.9048055324001227,-0.5674373336626071,-1.461440576166749,0.001192415045823164,-0.7996548742607882,0.5505611813513597,-0.03140185079879733,-1.0161329645585022,1
0.38177641932588297,0.9009088760241706,-1.179024470547907,-0.30017459263982166,0.4405419421828948,-1.177851894974348,0.06599664927436881,1.4316811360790147,0.001192415045823164,0.23238544103697253,0.8085666669970842,0.8614896047553159,0.9841231756854657,0
-0.12657084635623306,0.9009088760241706,-1.179024470547907,-0.2908570903035408,-0.23538436605243465,-1.177851894974348,-1.042512820865339,0.853056793629862,-1.1166378232210217,-1.0289971665491795,-0.22345527558581418,1.1591200899400202,0.9841231756854657,0
-0.12657084635623306,0.9009088760241706,-0.502969299721533,-0.29581589663166313,-0.404365943111267,0.21058638994196582,-0.12403354560672394,-0.8828162337175963,0.4308689030282738,0.003043148748581378,0.29255569570563505,-0.8846092416616166,0.9841231756854657,0
0.21232733076517762,0.9009088760241706,-1.179024470547907,0.15331930073075903,0.2715603651240624,0.9048055324001227,-0.5674373336626071,-0.3041918912684436,-1.8752853723150364,-0.7996548742607882,1.066572152642809,-2.49181386165902,0.9841231756854657,0
0.21232733076517762,-1.1099901739376037,0.8491410419312149,-0.3082602895824926,-0.23538436605243465,-1.177851894974348,-0.8841543251310949,-0.3041918912684436,-0.07601507888852362,-0.7996548742607882,-0.22345527558581418,-0.9838194033898514,-1.0161329645585022,0
-0.12657084635623306,0.9009088760241706,1.5251962127575889,-0.29940076617460515,-0.5733475201700994,0.21058638994196582,-1.042512820865339,-0.8828162337175963,-1.0931398902844813,-1.0289971665491795,0.03455021005991044,-0.03140185079879733,-1.0161329645585022,0
0.0428782422044723,0.9009088760241706,-1.179024470547907,-0.29998508411772784,0.10257878806523006,0.21058638994196582,0.06599664927436881,-0.8828162337175963,-1.1804179269059165,0.23238544103697253,-0.22345527558581418,0.9606997664835506,0.9841231756854657,0
0.21232733076517762,0.9009088760241706,-1.179024470547907,-0.2941892818170243,0.6095235192417271,-1.177851894974348,0.06599664927436881,0.853056793629862,-1.6839450612603513,0.23238544103697253,-0.22345527558581418,0.6233852166075523,-1.0161329645585022,0
0.21232733076517762,-1.1099901739376037,0.8491410419312149,0.1749232722494578,-0.7423290972289317,0.9048055324001227,-0.5674373336626071,0.2744324511807092,-0.8447331706696268,-0.7996548742607882,0.03455021005991044,-1.7378166325244357,0.9841231756854657,0
0.0428782422044723,0.9009088760241706,1.5251962127575889,0.17114889418442197,-0.23538436605243465,0.9048055324001227,-0.5674373336626071,1.4316811360790147,-1.1804179269059165,-0.7996548742607882,0.03455021005991044,0.4844909901880236,-1.0161329645585022,0
0.38177641932588297,0.9009088760241706,-0.502969299721533,0.17432316192949396,-0.06640278899360229,0.9048055324001227,-0.5674373336626071,0.2744324511807092,0.561785957960427,-0.7996548742607882,0.5505611813513597,0.4249648931510827,0.9841231756854657,0
0.0428782422044723,0.9009088760241706,-0.502969299721533,0.18120863823223712,-0.23538436605243465,0.9048055324001227,-0.5674373336626071,-0.8828162337175963,-1.371758237960602,-0.7996548742607882,0.03455021005991044,0.7622794430270811,-1.0161329645585022,0
-0.12657084635623306,-1.1099901739376037,1.5251962127575889,0.17942409964918674,-0.911310674287764,0.9048055324001227,-0.5674373336626071,1.4316811360790147,1.4110683912382405,-0.7996548742607882,0.8085666669970842,0.18686050500331922,0.9841231756854657,0
-0.12657084635623306,0.9009088760241706,1.5251962127575889,-0.29611595179164507,-0.06640278899360229,0.21058638994196582,0.0976683484212176,0.2744324511807092,-0.21364582894540246,0.3470565871811683,1.066572152642809,0.20670253734896618,0.9841231756854657,0
0.5512255078865883,0.9009088760241706,-0.502969299721533,0.17596556912097397,0.7785050963005594,0.9048055324001227,-0.5674373336626071,1.4316811360790147,-1.1166378232210217,-0.7996548742607882,1.066572152642809,0.8416475724096689,0.9841231756854657,0
0.5512255078865883,-1.1099901739376037,-0.502969299721533,-0.10915000236922187,-0.06640278899360229,0.9048055324001227,-0.5674373336626071,0.2744324511807092,0.23617174441122635,-0.6849837281165926,0.03455021005991044,-1.4005020826484376,-1.0161329645585022,1
0.5512255078865883,0.9009088760241706,-1.179024470547907,0.1939846710967308,0.6095235192417271,0.9048055324001227,-0.5674373336626071,-0.3041918912684436,-1.1804179269059165,-0.7996548742607882,-0.22345527558581418,-0.011559818453150373,0.9841231756854657,0
1.0595727735687044,0.9009088760241706,-1.179024470547907,0.19832757472804816,0.7785050963005594,0.9048055324001227,-0.5674373336626071,0.2744324511807092,0.001192415045823164,-0.9143260204049839,1.066572152642809,-0.11076998018138517,-1.0161329645585022,0
0.0428782422044723,0.9009088760241706,-0.502969299721533,0.21625192244275804,-0.06640278899360229,0.9048055324001227,-0.5674373336626071,0.2744324511807092,-1.1233515183457474,-0.9143260204049839,0.03455021005991044,0.08765034327508442,0.9841231756854657,0
0.21232733076517762,0.9009088760241706,-0.502969299721533,-0.08092902495407951,0.2715603651240624,0.9048055324001227,-0.5674373336626071,0.2744324511807092,1.995159867089384,-0.6849837281165926,0.8085666669970842,-0.3488743683291487,-1.0161329645585022,1
0.21232733076517762,0.9009088760241706,-0.502969299721533,-0.30176962270077823,0.10257878806523006,-1.177851894974348,-1.2800505644667048,-0.3041918912684436,0.7061304031420315,-1.3730106049817663,0.03455021005991044,1.0599099282117854,0.9841231756854657,0
0.7206745964472937,-1.1099901739376037,0.8491410419312149,0.27094092344367465,0.4405419421828948,0.9048055324001227,-0.5674373336626071,0.853056793629862,0.001192415045823164,-0.9143260204049839,0.03455021005991044,-0.6663468858595001,-1.0161329645585022,0
0.7206745964472937,0.9009088760241706,1.5251962127575889,0.2741151911887466,0.6095235192417271,0.9048055324001227,-0.5674373336626071,1.4316811360790147,0.5651428055227898,-0.9143260204049839,0.29255569570563505,-1.7378166325244357,0.9841231756854657,0
1.2290218621294098,-1.1099901739376037,1.5251962127575889,-0.41526943505815267,1.1164682504182242,-1.177851894974348,0.06599664927436881,0.2744324511807092,0.11868207972852446,0.5763988794695595,0.29255569570563505,0.9606997664835506,-1.0161329645585022,1
0.7206745964472937,0.9009088760241706,-0.502969299721533,-0.3013432285260671,0.7785050963005594,-1.177851894974348,-0.527847709729046,-0.8828162337175963,0.6255660616453219,-0.45564143582820127,0.03455021005991044,0.3455967637684949,0.9841231756854657,0
0.5512255078865883,-1.1099901739376037,0.8491410419312149,0.26928272387535346,0.4405419421828948,0.9048055324001227,-0.5674373336626071,0.2744324511807092,-1.6705176710108995,-0.9143260204049839,1.066572152642809,1.298014316359549,0.9841231756854657,0
0.890123685007999,-1.1099901739376037,-1.179024470547907,0.27073562254473965,0.6095235192417271,0.9048055324001227,-0.5674373336626071,-1.461440576166749,-0.8447331706696268,-0.9143260204049839,0.03455021005991044,-0.8250831446246757,0.9841231756854657,0
0.21232733076517762,0.9009088760241706,-0.502969299721533,0.27296234767934235,0.4405419421828948,0.9048055324001227,-0.5674373336626071,0.853056793629862,-1.3482603050240614,-0.9143260204049839,1.066572152642809,1.0797519605574324,-1.0161329645585022,0
0.21232733076517762,0.9009088760241706,-0.502969299721533,-0.29589485851586894,0.10257878806523006,-1.177851894974348,1.6495816066168083,-1.461440576166749,0.19253272610050842,2.1817949254882985,0.29255569570563505,1.5361187045073124,0.9841231756854657,0
0.5512255078865883,0.9009088760241706,-0.502969299721533,-0.29368392575810737,0.2715603651240624,-1.177851894974348,0.06599664927436881,-1.461440576166749,-1.0092187012254088,0.23238544103697253,0.5505611813513597,0.8416475724096689,0.9841231756854657,0
-0.12657084635623306,0.9009088760241706,-1.179024470547907,0.29060243261091145,-0.06640278899360229,0.9048055324001227,-0.5674373336626071,1.4316811360790147,0.2865244578466693,-0.9143260204049839,1.066572152642809,0.38528082845978884,0.9841231756854657,0
-0.12657084635623306,0.9009088760241706,1.5251962127575889,0.29312921290549615,-0.5733475201700994,0.9048055324001227,-0.5674373336626071,1.4316811360790147,-1.2979075915886182,-0.9143260204049839,0.8085666669970842,1.0995939929030794,0.9841231756854657,0
1.0595727735687044,-1.1099901739376037,-0.502969299721533,0.31117989963493525,1.2854498274770565,0.9048055324001227,-0.5674373336626071,0.2744324511807092,-0.707102420612748,-0.9143260204049839,-0.22345527558581418,1.0995939929030794,0.9841231756854657,0
0.21232733076517762,-1.1099901739376037,-0.502969299721533,0.3470759721948785,0.6095235192417271,0.9048055324001227,-0.5674373336626071,0.2744324511807092,0.16232109803924238,-0.9143260204049839,0.03455021005991044,0.6233852166075523,0.9841231756854657,0
-0.12657084635623306,0.9009088760241706,0.17308587110484092,-0.2939208114107247,-0.404365943111267,-1.177851894974348,0.8577891279455886,1.4316811360790147,-0.12972463988633004,1.1497546101905376,-0.22345527558581418,1.9329593514202517,-1.0161329645585022,0
0.5512255078865883,-1.1099901739376037,-0.502969299721533,0.25082143534804435,0.9474866733593919,0.9048055324001227,-0.5674373336626071,-0.3041918912684436,-1.173704231781191,-0.9143260204049839,-0.22345527558581418,0.6432272489531993,-1.0161329645585022,1
0.0428782422044723,0.9009088760241706,-1.179024470547907,-0.2978373208673309,0.10257878806523006,-1.177851894974348,-1.1691996174527342,0.853056793629862,0.16232109803924238,-1.143668312693375,0.5505611813513597,1.278172284013902,0.9841231756854657,0
0.7206745964472937,0.9009088760241706,0.8491410419312149,0.35915714047836134,1.1164682504182242,0.9048055324001227,-0.5674373336626071,-1.461440576166749,0.23617174441122635,-0.9143260204049839,-0.22345527558581418,-1.3608180179571436,0.9841231756854657,0
-0.12657084635623306,0.9009088760241706,-1.179024470547907,0.3661531634189926,0.10257878806523006,0.9048055324001227,-0.5674373336626071,0.853056793629862,0.001192415045823164,-0.9143260204049839,0.29255569570563505,-0.26950623894656084,0.9841231756854657,0
-0.12657084635623306,-1.1099901739376037,-0.502969299721533,0.3644633790969891,-0.23538436605243465,0.9048055324001227,-0.5674373336626071,-1.461440576166749,0.8135495251376443,-0.9143260204049839,-0.22345527558581418,0.12733440796637835,0.9841231756854657,0
0.5512255078865883,-1.1099901739376037,0.8491410419312149,-0.2959422356463924,0.4405419421828948,-1.177851894974348,0.38271364074285674,0.853056793629862,0.5382880250238866,0.6910700256137552,0.8085666669970842,-0.38855843302044263,0.9841231756854657,0
0.0428782422044723,-1.1099901739376037,-0.502969299721533,-0.4028092497304821,0.10257878806523006,-1.177851894974348,-1.1058562191590364,0.853056793629862,-1.2979075915886182,-1.0289971665491795,0.03455021005991044,0.9606997664835506,-1.0161329645585022,1
0.0428782422044723,-1.1099901739376037,-1.179024470547907,-0.2953737100801108,0.2715603651240624,0.21058638994196582,1.9662985980852963,-0.3041918912684436,-1.1804179269059165,2.525808363920885,-0.22345527558581418,-2.7299182498067838,0.9841231756854657,0
0.5512255078865883,-1.1099901739376037,-1.179024470547907,0.4163413370201803,0.6095235192417271,0.9048055324001227,-0.5674373336626071,-1.461440576166749,0.3301634761573873,-0.9143260204049839,-0.22345527558581418,0.7225953783357871,0.9841231756854657,0
0.7206745964472937,0.9009088760241706,0.8491410419312149,-0.4078786026964925,-0.06640278899360229,-1.177851894974348,0.8577891279455886,-0.8828162337175963,-0.707102420612748,1.6084391947673204,-0.22345527558581418,-0.24966420660091387,-1.0161329645585022,1
1.2290218621294098,-1.1099901739376037,-0.502969299721533,0.4202894312304688,1.1164682504182242,0.9048055324001227,-0.5674373336626071,0.853056793629862,1.4647779522360462,-0.9143260204049839,0.5505611813513597,-0.44808453005738347,-1.0161329645585022,0
0.38177641932588297,0.9009088760241706,-0.502969299721533,0.43837170271359027,0.10257878806523006,0.9048055324001227,-0.5674373336626071,0.2744324511807092,0.7229146409538463,-0.9143260204049839,-0.22345527558581418,-1.0036614357354983,0.9841231756854657,0
-0.12657084635623306,0.9009088760241706,-0.502969299721533,0.45571173248517743,0.6095235192417271,0.9048055324001227,-0.5674373336626071,1.4316811360790147,0.3301634761573873,-0.9143260204049839,0.29255569570563505,0.286070666731554,-1.0161329645585022,0
-0.12657084635623306,0.9009088760241706,-0.502969299721533,0.4552695459336251,-0.7423290972289317,0.9048055324001227,-0.5674373336626071,1.4316811360790147,0.23617174441122635,-0.9143260204049839,0.5505611813513597,-0.8449251769703227,-1.0161329645585022,0
0.38177641932588297,-1.1099901739376037,-0.502969299721533,0.4596124495649425,0.7785050963005594,0.9048055324001227,-0.5674373336626071,0.2744324511807092,-0.21028898138303903,-0.9143260204049839,0.5505611813513597,1.794065125000723,-1.0161329645585022,0
-0.12657084635623306,0.9009088760241706,-0.502969299721533,-0.4071363609849583,-0.06640278899360229,-1.177851894974348,-0.8841543251310949,1.4316811360790147,1.0015329886299666,-0.7996548742607882,0.29255569570563505,0.6233852166075523,-1.0161329645585022,1
0.0428782422044723,0.9009088760241706,1.5251962127575889,-0.29055703514355885,0.10257878806523006,-1.177851894974348,0.38271364074285674,1.4316811360790147,0.001192415045823164,0.6910700256137552,0.5505611813513597,0.12733440796637835,-1.0161329645585022,0
0.38177641932588297,-1.1099901739376037,-0.502969299721533,-0.289956924823595,0.10257878806523006,-1.177851894974348,-1.042512820865339,0.853056793629862,-1.2475548781531747,-1.0289971665491795,0.03455021005991044,0.26622863438590705,0.9841231756854657,0
0.890123685007999,-1.1099901739376037,0.8491410419312149,-0.29275217552447924,0.7785050963005594,-1.177851894974348,-0.5674373336626071,1.4316811360790147,-1.371758237960602,-0.45564143582820127,0.8085666669970842,1.258330251668255,-1.0161329645585022,0
0.21232733076517762,0.9009088760241706,-0.502969299721533,0.4918288983208968,-0.06640278899360229,0.9048055324001227,-0.5674373336626071,-0.8828162337175963,-0.21028898138303903,-1.0289971665491795,1.066572152642809,0.14717644031202531,0.9841231756854657,0
0.21232733076517762,-1.1099901739376037,0.8491410419312149,-0.2873511826448046,0.2715603651240624,0.21058638994196582,-0.09236184645987515,-0.8828162337175963,-0.21364582894540246,0.1177142948927768,0.8085666669970842,-0.5472946917856183,0.9841231756854657,0
1.2290218621294098,0.9009088760241706,1.5251962127575889,0.5158491034962922,1.4544314045358888,0.9048055324001227,-0.5674373336626071,0.853056793629862,1.0955247203761276,-1.0289971665491795,0.8085666669970842,1.0995939929030794,-1.0161329645585022,0
0.0428782422044723,-1.1099901739376037,-1.179024470547907,0.5441648351724815,-0.06640278899360229,0.9048055324001227,-0.5674373336626071,-0.3041918912684436,0.27645391515958084,-1.0289971665491795,1.066572152642809,0.5043330225336705,-1.0161329645585022,0
0.21232733076517762,-1.1099901739376037,-0.502969299721533,0.5533875832477154,-0.06640278899360229,0.9048055324001227,-0.5674373336626071,1.4316811360790147,0.16232109803924238,-1.0289971665491795,0.29255569570563505,1.0202258635204915,-1.0161329645585022,0
-0.12657084635623306,0.9009088760241706,-1.179024470547907,-0.293747095265472,-0.5733475201700994,-1.177851894974348,-0.9474977234247925,-0.8828162337175963,-0.7138161157374736,-0.9143260204049839,1.066572152642809,0.6233852166075523,-1.0161329645585022,0
-0.12657084635623306,-1.1099901739376037,-0.502969299721533,-0.2896252849099307,0.10257878806523006,-1.177851894974348,-0.7257958293968509,-0.8828162337175963,-1.173704231781191,-0.6849837281165926,-0.22345527558581418,-0.40840046536608954,0.9841231756854657,0
1.0595727735687044,-1.1099901739376037,-0.502969299721533,-0.2947420150064647,1.6234129815947211,-1.177851894974348,2.0929853946726915,1.4316811360790147,2.5725376478158033,2.640479510065081,1.066572152642809,1.5758027691986063,-1.0161329645585022,0
0.890123685007999,-1.1099901739376037,0.8491410419312149,-0.40574663182293674,0.4405419421828948,-1.177851894974348,-1.2008713165995828,0.2744324511807092,1.0787404825643134,-1.143668312693375,0.03455021005991044,0.38528082845978884,-1.0161329645585022,1
-0.12657084635623306,-1.1099901739376037,1.5251962127575889,-0.29259425175606774,0.2715603651240624,-1.177851894974348,0.22435514500861276,0.2744324511807092,-0.6936750303632967,0.4617277333253637,-0.22345527558581418,-0.03140185079879733,0.9841231756854657,0
0.5512255078865883,0.9009088760241706,0.8491410419312149,-0.286782657078523,0.2715603651240624,-1.177851894974348,-1.042512820865339,0.853056793629862,0.7430557263280237,-1.0289971665491795,0.8085666669970842,0.38528082845978884,-1.0161329645585022,0
1.0595727735687044,0.9009088760241706,-1.179024470547907,0.6525952945638455,1.1164682504182242,0.9048055324001227,-0.5674373336626071,0.853056793629862,-0.005521280078902488,-1.0289971665491795,0.8085666669970842,1.0995939929030794,-1.0161329645585022,0
-0.12657084635623306,0.9009088760241706,-1.179024470547907,0.7975693139656399,-0.06640278899360229,0.9048055324001227,-0.5674373336626071,-1.461440576166749,-0.11965409719924096,-1.0289971665491795,0.29255569570563505,1.35754041339649,0.9841231756854657,0
0.5512255078865883,0.9009088760241706,-1.179024470547907,0.8374608578663951,-0.06640278899360229,0.9048055324001227,-0.5674373336626071,-1.461440576166749,-1.3482603050240614,-1.0289971665491795,0.03455021005991044,-1.658448503141848,0.9841231756854657,0
0.5512255078865883,0.9009088760241706,-0.502969299721533,-0.28422429203025606,1.1164682504182242,-1.177851894974348,-0.17154109432699713,0.2744324511807092,0.001192415045823164,0.003043148748581378,0.29255569570563505,-0.5671367241312653,0.9841231756854657,0
1.0595727735687044,0.9009088760241706,-0.502969299721533,0.8627444531890828,1.6234129815947211,0.9048055324001227,-0.5674373336626071,-0.3041918912684436,-0.34120603631519225,-1.143668312693375,0.8085666669970842,1.6750129309268411,-1.0161329645585022,0
0.0428782422044723,-1.1099901739376037,-1.179024470547907,0.8783789062618254,-0.23538436605243465,0.9048055324001227,-0.5674373336626071,-0.3041918912684436,0.5651428055227898,-1.143668312693375,1.066572152642809,0.9606997664835506,-1.0161329645585022,0
0.7206745964472937,0.9009088760241706,-0.502969299721533,0.9137696227628517,0.10257878806523006,0.9048055324001227,-0.5674373336626071,-0.3041918912684436,-0.21364582894540246,-1.143668312693375,-0.22345527558581418,-0.5869787564769122,-1.0161329645585022,0
-0.12657084635623306,-1.1099901739376037,-1.179024470547907,0.9314255000712619,-0.7423290972289317,0.9048055324001227,-0.5674373336626071,1.4316811360790147,-1.2106295549671826,-1.143668312693375,-0.22345527558581418,0.7027533459901402,-1.0161329645585022,0
0.0428782422044723,-1.1099901739376037,-1.179024470547907,1.120018064308324,-0.06640278899360229,0.9048055324001227,-0.5674373336626071,0.853056793629862,-1.173704231781191,-1.143668312693375,1.066572152642809,0.40512286080543575,0.9841231756854657,0
0.21232733076517762,-1.1099901739376037,1.5251962127575889,1.5004248376580436,0.10257878806523006,0.9048055324001227,-0.5674373336626071,-0.8828162337175963,0.9377528849450718,-1.2583394588375707,1.066572152642809,1.278172284013902,0.9841231756854657,0
0.38177641932588297,-1.1099901739376037,1.5251962127575889,1.6887015543582826,0.2715603651240624,0.9048055324001227,-0.5674373336626071,-1.461440576166749,-1.2979075915886182,-1.2583394588375707,1.066572152642809,0.14717644031202531,0.9841231756854657,0
1.2290218621294098,-1.1099901739376037,0.8491410419312149,1.9012827390170577,1.6234129815947211,0.9048055324001227,-0.5674373336626071,-1.461440576166749,-1.8752853723150364,-1.2583394588375707,1.066572152642809,0.9210157017922567,-1.0161329645585022,0
-0.12657084635623306,0.9009088760241706,-0.502969299721533,2.262896583925804,0.2715603651240624,0.9048055324001227,-0.5674373336626071,-0.3041918912684436,0.001192415045823164,-1.2583394588375707,1.066572152642809,-0.3488743683291487,-1.0161329645585022,0
0.0428782422044723,0.9009088760241706,-0.502969299721533,3.30350367111997,0.4405419421828948,0.9048055324001227,-0.5674373336626071,0.2744324511807092,0.1522505553521539,-1.3730106049817663,0.03455021005991044,0.14717644031202531,0.9841231756854657,0
1.0595727735687044,-1.1099901739376037,-0.502969299721533,9.43881048915465,1.6234129815947211,0.9048055324001227,-0.5674373336626071,0.2744324511807092,-1.2979075915886182,-1.487681751125962,-0.22345527558581418,1.714696995618135,0.9841231756854657,0
0.21232733076517762,0.9009088760241706,1.5251962127575889,-0.33949761097429537,-0.23538436605243465,0.9048055324001227,-0.5634783712692509,0.2744324511807092,-0.11965409719924096,-0.45564143582820127,0.8085666669970842,-1.162397694500674,0.9841231756854657,0
0.7206745964472937,0.9009088760241706,-1.179024470547907,-1.020322768973289,0.6095235192417271,0.9048055324001227,-0.5555604464825388,-1.461440576166749,0.4745079213389917,2.984492948497668,0.5505611813513597,0.5638591195706114,-1.0161329645585022,1
0.21232733076517762,0.9009088760241706,-0.502969299721533,-0.7886328083367176,0.2715603651240624,0.9048055324001227,-0.5555604464825388,0.853056793629862,0.001192415045823164,0.6910700256137552,-0.22345527558581418,1.258330251668255,-1.0161329645585022,0
0.5512255078865883,0.9009088760241706,-1.179024470547907,-0.39545000212250425,0.6095235192417271,-1.177851894974348,-0.7257958293968509,-1.461440576166749,-0.018948670328354386,-0.570312581972397,1.066572152642809,0.08765034327508442,-1.0161329645585022,1
-0.12657084635623306,0.9009088760241706,-1.179024470547907,-0.4872352963232918,-0.23538436605243465,0.9048055324001227,-0.5476425216958265,-0.8828162337175963,0.7464125738903866,-0.2262991435398101,-0.22345527558581418,0.20670253734896618,0.9841231756854657,0
0.21232733076517762,0.9009088760241706,-0.502969299721533,0.08065857488460908,0.7785050963005594,0.9048055324001227,-0.5476425216958265,1.4316811360790147,-1.1804179269059165,-0.7996548742607882,0.5505611813513597,0.9011736694466097,-1.0161329645585022,0
0.7206745964472937,0.9009088760241706,-0.502969299721533,0.7965270170941238,0.6095235192417271,0.9048055324001227,-0.5476425216958265,0.853056793629862,-1.6839450612603513,-1.0289971665491795,-0.22345527558581418,1.35754041339649,-1.0161329645585022,1
1.2290218621294098,0.9009088760241706,0.8491410419312149,-0.6863297911597214,0.9474866733593919,0.9048055324001227,-0.5436835593024705,1.4316811360790147,0.4040141225293712,0.3470565871811683,-0.22345527558581418,-0.3488743683291487,0.9841231756854657,0
1.0595727735687044,-1.1099901739376037,0.8491410419312149,-0.27904439242635753,0.7785050963005594,-1.177851894974348,-0.5040939353689095,0.853056793629862,0.001192415045823164,-0.45564143582820127,0.03455021005991044,0.7027533459901402,-1.0161329645585022,0
0.890123685007999,-1.1099901739376037,-1.179024470547907,-0.39748721873501314,1.4544314045358888,-1.177851894974348,0.19268344586176397,-0.3041918912684436,-1.173704231781191,0.6910700256137552,0.5505611813513597,-0.30919030363785477,-1.0161329645585022,1
0.7206745964472937,0.9009088760241706,0.8491410419312149,-1.0226442483689389,0.6095235192417271,0.9048055324001227,-0.5357656345157582,-0.8828162337175963,-1.623521805137819,3.0991640946418633,0.8085666669970842,-1.2219237915376149,-1.0161329645585022,1
0.0428782422044723,0.9009088760241706,-1.179024470547907,-0.27677029016123134,-0.23538436605243465,-1.177851894974348,-0.2507203421941191,1.4316811360790147,-1.173704231781191,-0.11162799739561437,-0.22345527558581418,-0.6068207888225592,0.9841231756854657,0
0.21232733076517762,0.9009088760241706,-1.179024470547907,-0.2828345628682345,0.10257878806523006,0.21058638994196582,1.6099919826832474,0.2744324511807092,-1.1804179269059165,2.0671237793441026,0.5505611813513597,-0.9242933063529105,0.9841231756854657,0
1.2290218621294098,0.9009088760241706,1.5251962127575889,-0.7744986310638846,1.2854498274770565,0.9048055324001227,-0.5357656345157582,-1.461440576166749,0.001192415045823164,0.6910700256137552,-0.22345527558581418,0.46464895784237664,-1.0161329645585022,0
0.38177641932588297,0.9009088760241706,1.5251962127575889,-0.2804972910957437,-0.06640278899360229,-1.177851894974348,-1.2008713165995828,0.853056793629862,-0.005521280078902488,-1.2583394588375707,1.066572152642809,0.4249648931510827,0.9841231756854657,0
-0.12657084635623306,0.9009088760241706,-1.179024470547907,-0.2786653753821698,0.10257878806523006,-1.177851894974348,-0.4090788379283631,-0.8828162337175963,-1.1804179269059165,-0.34097028968400567,0.03455021005991044,0.9210157017922567,-1.0161329645585022,0
0.5512255078865883,-1.1099901739376037,1.5251962127575889,-0.7022485070156047,0.6095235192417271,0.9048055324001227,-0.5357656345157582,0.853056793629862,0.4107278176540969,0.3470565871811683,0.8085666669970842,-0.40840046536608954,0.9841231756854657,0
0.21232733076517762,0.9009088760241706,-0.502969299721533,-0.2782863583379821,0.4405419421828948,-1.177851894974348,-1.2325430157464317,0.853056793629862,0.16232109803924238,-1.2583394588375707,0.5505611813513597,1.258330251668255,0.9841231756854657,0
-0.12657084635623306,-1.1099901739376037,0.8491410419312149,-0.2776862480180183,-0.7423290972289317,0.21058638994196582,0.38271364074285674,0.853056793629862,-1.1804179269059165,0.5763988794695595,0.29255569570563505,-0.13061201252703214,0.9841231756854657,0
-0.12657084635623306,-1.1099901739376037,-1.179024470547907,-0.2777494175253829,0.10257878806523006,0.21058638994196582,1.3328646151483206,1.4316811360790147,-1.1804179269059165,1.7231103409115156,0.5505611813513597,0.22654456969461315,0.9841231756854657,0
0.890123685007999,-1.1099901739376037,0.8491410419312149,-0.3921336029858619,0.9474866733593919,-1.177851894974348,-0.2507203421941191,-0.3041918912684436,1.8407448792206904,0.1177142948927768,0.03455021005991044,-2.571181991041608,-1.0161329645585022,1
0.38177641932588297,-1.1099901739376037,-1.179024470547907,-0.280734176748361,0.4405419421828948,-1.177851894974348,-0.47242223622206064,-0.3041918912684436,-1.371758237960602,-0.34097028968400567,0.8085666669970842,-0.4877685947486774,0.9841231756854657,0
0.5512255078865883,-1.1099901739376037,0.8491410419312149,-0.10739704853985377,0.7785050963005594,0.9048055324001227,-0.5357656345157582,0.2744324511807092,-0.811164695045998,-0.6849837281165926,0.29255569570563505,0.4844909901880236,-1.0161329645585022,0
0.7206745964472937,0.9009088760241706,0.8491410419312149,-0.2845085548133968,0.10257878806523006,-1.177851894974348,0.06599664927436881,1.4316811360790147,-0.34120603631519225,0.23238544103697253,-0.22345527558581418,0.26622863438590705,0.9841231756854657,0
0.5512255078865883,-1.1099901739376037,-1.179024470547907,-0.8557504099116224,0.6095235192417271,0.9048055324001227,-0.5318066721224022,0.2744324511807092,-0.41841353024953903,1.1497546101905376,0.8085666669970842,0.6829113136444932,-1.0161329645585022,1
-0.12657084635623306,0.9009088760241706,1.5251962127575889,-0.26263611288839844,0.10257878806523006,0.9048055324001227,-0.5318066721224022,0.853056793629862,1.1223795008750308,-0.45564143582820127,0.29255569570563505,1.4170665104334308,-1.0161329645585022,0
0.0428782422044723,0.9009088760241706,1.5251962127575889,0.2911393734235107,0.2715603651240624,0.9048055324001227,-0.5318066721224022,1.4316811360790147,-1.0427871768490378,-0.9143260204049839,0.29255569570563505,-0.686188918205147,0.9841231756854657,0
0.21232733076517762,-1.1099901739376037,-1.179024470547907,-0.27907597718003985,-0.5733475201700994,-1.177851894974348,2.4413740852880284,0.853056793629862,0.16232109803924238,2.984492948497668,1.066572152642809,0.3455967637684949,0.9841231756854657,0
0.21232733076517762,-1.1099901739376037,-1.179024470547907,-0.9029380319129908,0.4405419421828948,0.9048055324001227,-0.527847709729046,-0.3041918912684436,-0.34120603631519225,1.4937680486231246,0.03455021005991044,-0.8250831446246757,-1.0161329645585022,1
0.7206745964472937,0.9009088760241706,0.8491410419312149,-0.27798630317800016,0.6095235192417271,-1.177851894974348,0.8577891279455886,-1.461440576166749,0.11868207972852446,1.1497546101905376,0.8085666669970842,0.286070666731554,0.9841231756854657,0
0.0428782422044723,0.9009088760241706,-0.502969299721533,-0.8508547730908647,0.4405419421828948,0.9048055324001227,-0.527847709729046,-0.8828162337175963,-1.0427871768490378,1.1497546101905376,0.29255569570563505,1.4369085427790778,0.9841231756854657,0
-0.12657084635623306,-1.1099901739376037,0.8491410419312149,-0.806525571297745,0.4405419421828948,0.9048055324001227,-0.527847709729046,0.2744324511807092,-0.21028898138303903,0.9204123179021463,0.03455021005991044,0.8813316371009629,-1.0161329645585022,0
0.38177641932588297,-1.1099901739376037,-1.179024470547907,-0.2778915489169533,1.1164682504182242,-1.177851894974348,0.8577891279455886,-1.461440576166749,0.5785701957722418,1.1497546101905376,-0.22345527558581418,-0.7258729828964409,-1.0161329645585022,0
0.890123685007999,0.9009088760241706,1.5251962127575889,-0.284729648089173,0.10257878806523006,-1.177851894974348,-0.3774071387815143,0.2744324511807092,-1.4254677989584081,-0.2262991435398101,-0.22345527558581418,0.8614896047553159,0.9841231756854657,0
-0.12657084635623306,0.9009088760241706,-1.179024470547907,-0.27342230627090663,0.10257878806523006,0.21058638994196582,-0.963333572998217,-0.3041918912684436,-1.0495008719737637,-0.9143260204049839,-0.22345527558581418,-0.190138109563973,-1.0161329645585022,0
0.21232733076517762,-1.1099901739376037,-0.502969299721533,-0.19386031174517238,0.2715603651240624,0.9048055324001227,-0.4090788379283631,-0.3041918912684436,-0.2438574570066685,-0.45564143582820127,0.03455021005991044,-0.20998014190961997,0.9841231756854657,0
0.0428782422044723,-1.1099901739376037,-1.179024470547907,-0.2996850289577459,-0.06640278899360229,0.9048055324001227,-0.4090788379283631,-0.3041918912684436,1.0955247203761276,-0.34097028968400567,0.8085666669970842,0.12733440796637835,-1.0161329645585022,1
0.5512255078865883,0.9009088760241706,-1.179024470547907,-0.1900385565496131,1.1164682504182242,0.9048055324001227,-0.4090788379283631,0.2744324511807092,-1.2475548781531747,-0.45564143582820127,0.5505611813513597,0.6630692812988462,0.9841231756854657,0
-0.12657084635623306,-1.1099901739376037,0.8491410419312149,-0.16799239847936198,0.10257878806523006,0.9048055324001227,-0.4090788379283631,-0.8828162337175963,0.23617174441122635,-0.45564143582820127,0.5505611813513597,0.8614896047553159,0.9841231756854657,0
0.38177641932588297,-1.1099901739376037,0.8491410419312149,-0.38685894912091645,-0.06640278899360229,-1.177851894974348,0.06599664927436881,0.853056793629862,1.253296555807184,0.4617277333253637,0.03455021005991044,-0.051243883144444294,-1.0161329645585022,1
-0.12657084635623306,-1.1099901739376037,-0.502969299721533,-0.14634104983013974,-0.06640278899360229,0.9048055324001227,-0.4090788379283631,1.4316811360790147,0.001192415045823164,-0.45564143582820127,0.8085666669970842,1.3773824457421369,0.9841231756854657,0
0.7206745964472937,-1.1099901739376037,0.8491410419312149,-0.10884994720923993,0.6095235192417271,0.9048055324001227,-0.4090788379283631,-0.3041918912684436,-1.173704231781191,-0.45564143582820127,0.5505611813513597,-3.285495155484899,0.9841231756854657,0
0.0428782422044723,0.9009088760241706,-0.502969299721533,-0.2751910524771159,0.10257878806523006,-1.177851894974348,-0.3774071387815143,0.2744324511807092,-0.46205254856025635,-0.2262991435398101,1.066572152642809,-0.011559818453150373,0.9841231756854657,0
0.21232733076517762,-1.1099901739376037,-0.502969299721533,-0.39690290079189045,0.6095235192417271,-1.177851894974348,-0.5674373336626071,0.2744324511807092,1.8407448792206904,-0.34097028968400567,1.066572152642809,0.9408577341379036,-1.0161329645585022,1
-0.12657084635623306,0.9009088760241706,-0.502969299721533,-0.10753917993142414,-0.5733475201700994,0.9048055324001227,-0.4090788379283631,1.4316811360790147,-1.3482603050240614,-0.45564143582820127,1.066572152642809,-1.162397694500674,0.9841231756854657,0
-0.12657084635623306,0.9009088760241706,-0.502969299721533,-0.2728221959509428,-0.23538436605243465,-1.177851894974348,-0.8841543251310949,-0.8828162337175963,-1.1166378232210217,-0.9143260204049839,1.066572152642809,1.258330251668255,0.9841231756854657,0
0.5512255078865883,0.9009088760241706,-0.502969299721533,-0.2775283242496067,0.6095235192417271,0.21058638994196582,-0.7257958293968509,0.2744324511807092,0.3234497810326616,-0.6849837281165926,0.8085666669970842,0.6829113136444932,-1.0161329645585022,0
-0.12657084635623306,0.9009088760241706,1.5251962127575889,-0.10878677770187532,0.2715603651240624,0.9048055324001227,-0.4090788379283631,1.4316811360790147,2.841085452804834,-0.45564143582820127,0.29255569570563505,1.0202258635204915,0.9841231756854657,0
-0.12657084635623306,-1.1099901739376037,0.8491410419312149,-0.2699321909890116,0.4405419421828948,0.21058638994196582,-0.2507203421941191,0.853056793629862,-0.12972463988633004,-0.11162799739561437,0.29255569570563505,-1.12271362980938,-1.0161329645585022,0
0.38177641932588297,-1.1099901739376037,-0.502969299721533,-0.06826353872747394,0.2715603651240624,0.9048055324001227,-0.4090788379283631,0.2744324511807092,1.0955247203761276,-0.570312581972397,-0.22345527558581418,-0.011559818453150373,0.9841231756854657,0
0.890123685007999,-1.1099901739376037,-0.502969299721533,-0.07361715447662517,0.9474866733593919,0.9048055324001227,-0.4090788379283631,1.4316811360790147,-1.3482603050240614,-0.570312581972397,0.8085666669970842,-0.686188918205147,0.9841231756854657,0
0.21232733076517762,0.9009088760241706,-1.179024470547907,-0.2733749291403832,0.10257878806523006,-1.177851894974348,-0.8841543251310949,-1.461440576166749,-1.7510820125076092,-0.9143260204049839,0.29255569570563505,-0.6068207888225592,0.9841231756854657,0
0.38177641932588297,-1.1099901739376037,-0.502969299721533,-0.1772783160619606,0.4405419421828948,0.9048055324001227,-0.4090788379283631,-1.461440576166749,0.16232109803924238,-0.45564143582820127,0.8085666669970842,0.9408577341379036,-1.0161329645585022,1
0.21232733076517762,0.9009088760241706,-1.179024470547907,-0.17331442947483092,0.9474866733593919,0.9048055324001227,-0.4090788379283631,0.2744324511807092,0.001192415045823164,-0.45564143582820127,0.5505611813513597,0.6233852166075523,-1.0161329645585022,1
-0.12657084635623306,-1.1099901739376037,0.8491410419312149,-0.26699480889655697,-0.06640278899360229,-1.177851894974348,-0.5674373336626071,0.2744324511807092,-0.707102420612748,-0.45564143582820127,0.8085666669970842,-0.7853990799333818,-1.0161329645585022,0
0.0428782422044723,-1.1099901739376037,0.8491410419312149,-0.033125500255906104,0.10257878806523006,0.9048055324001227,-0.4090788379283631,0.2744324511807092,-0.1397951825734185,-0.570312581972397,0.03455021005991044,0.5043330225336705,0.9841231756854657,0
0.21232733076517762,-1.1099901739376037,-1.179024470547907,-0.030898775121303377,0.6095235192417271,0.9048055324001227,-0.4090788379283631,-1.461440576166749,-1.173704231781191,-0.570312581972397,0.03455021005991044,-0.26950623894656084,-1.0161329645585022,0
0.38177641932588297,0.9009088760241706,0.8491410419312149,-0.26603147390924653,0.4405419421828948,-1.177851894974348,0.4143853398897055,-0.8828162337175963,1.4345663241747801,0.5763988794695595,0.29255569570563505,0.22654456969461315,0.9841231756854657,0
0.0428782422044723,0.9009088760241706,0.8491410419312149,-0.016385580804282773,0.10257878806523006,0.9048055324001227,-0.4090788379283631,-0.3041918912684436,0.5651428055227898,-0.570312581972397,1.066572152642809,0.3654387961141419,0.9841231756854657,0
-0.12657084635623306,0.9009088760241706,0.17308587110484092,-0.26710535553444503,0.10257878806523006,-1.177851894974348,0.19268344586176397,-1.461440576166749,-1.3751150855229646,0.3470565871811683,0.5505611813513597,-1.6187644384505542,0.9841231756854657,0
0.38177641932588297,0.9009088760241706,-1.179024470547907,-0.00987912154572729,0.7785050963005594,0.9048055324001227,-0.4090788379283631,-1.461440576166749,0.8336906105118219,-0.570312581972397,0.5505611813513597,-0.46792656240303043,-1.0161329645585022,0
0.0428782422044723,-1.1099901739376037,-0.502969299721533,-0.0186123059388855,0.4405419421828948,0.9048055324001227,-0.4090788379283631,-0.3041918912684436,-0.8447331706696268,-0.570312581972397,0.03455021005991044,0.8614896047553159,-1.0161329645585022,0
1.0595727735687044,0.9009088760241706,-1.179024470547907,-0.2727590264435782,1.1164682504182242,-1.177851894974348,-0.963333572998217,0.853056793629862,0.16232109803924238,-0.9143260204049839,0.03455021005991044,0.4249648931510827,0.9841231756854657,0
-0.12657084635623306,0.9009088760241706,-1.179024470547907,-0.015595961962225069,-0.5733475201700994,0.9048055324001227,-0.4090788379283631,0.853056793629862,1.9515208487786668,-0.570312581972397,0.8085666669970842,0.3455967637684949,-1.0161329645585022,0
0.890123685007999,-1.1099901739376037,-0.502969299721533,-0.010937210794084613,0.9474866733593919,0.9048055324001227,-0.4090788379283631,-1.461440576166749,1.092167872813765,-0.570312581972397,1.066572152642809,-2.3330776028938445,0.9841231756854657,0
-0.12657084635623306,-1.1099901739376037,0.8491410419312149,-0.014616834598073515,-0.06640278899360229,0.9048055324001227,-0.4090788379283631,1.4316811360790147,0.860545391010725,-0.570312581972397,0.29255569570563505,0.3455967637684949,0.9841231756854657,0
0.38177641932588297,-1.1099901739376037,-1.179024470547907,-0.2671843174186508,0.2715603651240624,0.21058638994196582,0.38271364074285674,1.4316811360790147,0.04483143335654109,0.5763988794695595,1.066572152642809,-1.3012919209202027,0.9841231756854657,0
0.890123685007999,0.9009088760241706,0.8491410419312149,-0.2632993927157269,0.6095235192417271,-1.177851894974348,-0.4090788379283631,0.853056793629862,0.9981761410676039,-0.34097028968400567,1.066572152642809,-2.23386744116561,0.9841231756854657,0
0.38177641932588297,0.9009088760241706,1.5251962127575889,-0.2628572061641746,0.7785050963005594,-1.177851894974348,-1.01084112171849,1.4316811360790147,-1.3482603050240614,-1.0289971665491795,1.066572152642809,0.286070666731554,-1.0161329645585022,0
0.0428782422044723,0.9009088760241706,0.8491410419312149,-0.08764078511157,0.10257878806523006,0.9048055324001227,-0.4090788379283631,-1.461440576166749,0.6624913848313142,-0.570312581972397,0.5505611813513597,0.14717644031202531,-1.0161329645585022,1
-0.12657084635623306,0.9009088760241706,-0.502969299721533,-0.2655892873576942,-0.5733475201700994,0.21058638994196582,0.0026532509806712224,-1.461440576166749,1.0351014642535956,0.1177142948927768,0.8085666669970842,1.298014316359549,-1.0161329645585022,0
1.2290218621294098,0.9009088760241706,-0.502969299721533,-0.2625729433810338,1.7923945586535535,0.21058638994196582,-1.2008713165995828,1.4316811360790147,-1.623521805137819,-1.2583394588375707,0.5505611813513597,1.238488219322608,0.9841231756854657,0
0.890123685007999,0.9009088760241706,-0.502969299721533,-0.2604093877537957,1.1164682504182242,-1.177851894974348,0.6994306322113446,-1.461440576166749,-0.7138161157374736,0.9204123179021463,0.8085666669970842,0.38528082845978884,0.9841231756854657,0
0.890123685007999,-1.1099901739376037,-1.179024470547907,0.051079453061127475,0.2715603651240624,0.9048055324001227,-0.4090788379283631,0.2744324511807092,-1.0092187012254088,-0.6849837281165926,0.03455021005991044,-0.32903233598350173,-1.0161329645585022,0
0.21232733076517762,0.9009088760241706,0.8491410419312149,0.08076912152249716,0.10257878806523006,0.9048055324001227,-0.4090788379283631,-0.8828162337175963,-1.0964967378468442,-0.6849837281165926,0.03455021005991044,-1.6981325678331418,0.9841231756854657,0
0.0428782422044723,0.9009088760241706,1.5251962127575889,-0.26328360033888576,0.10257878806523006,-1.177851894974348,-0.7257958293968509,0.853056793629862,-1.173704231781191,-0.6849837281165926,0.29255569570563505,-0.38855843302044263,0.9841231756854657,0
0.0428782422044723,0.9009088760241706,-0.502969299721533,0.11336458732263918,-0.404365943111267,0.9048055324001227,-0.4090788379283631,0.2744324511807092,0.16232109803924238,-0.6849837281165926,0.29255569570563505,-0.15045404487267908,0.9841231756854657,0
0.21232733076517762,0.9009088760241706,-0.502969299721533,0.13441582565189758,0.10257878806523006,0.9048055324001227,-0.4090788379283631,0.853056793629862,-1.2475548781531747,-0.6849837281165926,-0.22345527558581418,-1.6386064707962011,-1.0161329645585022,0
0.5512255078865883,0.9009088760241706,-1.179024470547907,0.14112758580938806,0.9474866733593919,0.9048055324001227,-0.4090788379283631,1.4316811360790147,-1.0427871768490378,-0.6849837281165926,0.29255569570563505,0.821805540064022,-1.0161329645585022,0
0.21232733076517762,0.9009088760241706,-1.179024470547907,0.1714489493444039,0.6095235192417271,0.9048055324001227,-0.4090788379283631,-0.3041918912684436,0.23617174441122635,-0.6849837281165926,0.8085666669970842,-0.011559818453150373,0.9841231756854657,0
0.7206745964472937,-1.1099901739376037,1.5251962127575889,0.1708014618939166,0.7785050963005594,0.9048055324001227,-0.4090788379283631,0.853056793629862,0.5382880250238866,-0.6849837281165926,0.03455021005991044,0.46464895784237664,0.9841231756854657,0
0.38177641932588297,-1.1099901739376037,0.8491410419312149,0.22928063333671017,0.4405419421828948,0.9048055324001227,-0.4090788379283631,0.853056793629862,-1.4993184453303918,-0.7996548742607882,-0.22345527558581418,-0.20998014190961997,0.9841231756854657,0
0.0428782422044723,0.9009088760241706,-0.502969299721533,-0.25971452317278493,-0.23538436605243465,0.21058638994196582,0.6994306322113446,-0.3041918912684436,0.4745079213389917,0.9204123179021463,1.066572152642809,1.754381060309429,-1.0161329645585022,0
0.890123685007999,0.9009088760241706,-0.502969299721533,-0.08704067479160615,0.9474866733593919,0.9048055324001227,-0.4090788379283631,0.2744324511807092,1.327147202179168,-0.570312581972397,0.5505611813513597,1.1988041546313142,-1.0161329645585022,1
1.2290218621294098,-1.1099901739376037,-0.502969299721533,0.27049873689212234,1.2854498274770565,0.9048055324001227,-0.4090788379283631,-0.8828162337175963,-1.2475548781531747,-0.7996548742607882,0.5505611813513597,0.6630692812988462,0.9841231756854657,0
0.5512255078865883,0.9009088760241706,-0.502969299721533,-0.2665684147218458,0.2715603651240624,-1.177851894974348,-0.7257958293968509,-1.461440576166749,-1.173704231781191,-0.6849837281165926,0.5505611813513597,0.7424374106814341,0.9841231756854657,0
0.7206745964472937,-1.1099901739376037,-1.179024470547907,-0.25788260745921104,0.7785050963005594,-1.177851894974348,1.6495816066168083,-0.3041918912684436,0.001192415045823164,1.952452633199907,0.8085666669970842,0.08765034327508442,-1.0161329645585022,0
-0.12657084635623306,0.9009088760241706,-0.502969299721533,-0.2628572061641746,-0.5733475201700994,-1.177851894974348,-0.2507203421941191,-1.461440576166749,-0.707102420612748,-0.11162799739561437,1.066572152642809,1.258330251668255,0.9841231756854657,0
0.890123685007999,-1.1099901739376037,-1.179024470547907,-0.3795470786434621,0.9474866733593919,-1.177851894974348,0.7469381809316178,0.853056793629862,-0.3680608168140954,1.379096902478929,0.03455021005991044,1.5559607368529593,-1.0161329645585022,1
0.5512255078865883,0.9009088760241706,1.5251962127575889,0.2873965801121572,0.10257878806523006,0.9048055324001227,-0.4090788379283631,1.4316811360790147,0.8739727812601764,-0.7996548742607882,0.5505611813513597,0.38528082845978884,0.9841231756854657,0
0.0428782422044723,-1.1099901739376037,0.8491410419312149,-0.2644996133556546,-0.06640278899360229,-1.177851894974348,-0.5674373336626071,0.2744324511807092,0.001192415045823164,-0.570312581972397,-0.22345527558581418,0.4249648931510827,-1.0161329645585022,0
1.2290218621294098,-1.1099901739376037,0.8491410419312149,-0.26012512497065493,0.9474866733593919,-1.177851894974348,-0.4090788379283631,-1.461440576166749,-1.6705176710108995,-0.34097028968400567,-0.22345527558581418,-1.4600281796853785,0.9841231756854657,0
0.890123685007999,0.9009088760241706,0.8491410419312149,-0.26134113798742376,0.6095235192417271,-1.177851894974348,-1.2325430157464317,-0.3041918912684436,-1.173704231781191,-1.2583394588375707,-0.22345527558581418,-0.3488743683291487,0.9841231756854657,0
1.2290218621294098,-1.1099901739376037,1.5251962127575889,0.3467601246580554,1.2854498274770565,0.9048055324001227,-0.4090788379283631,-0.8828162337175963,-1.2475548781531747,-0.7996548742607882,0.5505611813513597,1.298014316359549,0.9841231756854657,0
0.5512255078865883,0.9009088760241706,0.17308587110484092,-0.6850032315050644,0.2715603651240624,0.9048055324001227,-0.527847709729046,-1.461440576166749,1.327147202179168,0.3470565871811683,0.29255569570563505,1.1789621222856672,-1.0161329645585022,1
0.21232733076517762,-1.1099901739376037,-1.179024470547907,-0.2557664289624964,-0.06640278899360229,-1.177851894974348,-0.7257958293968509,0.2744324511807092,-1.8752853723150364,-0.6849837281165926,0.29255569570563505,0.9011736694466097,-1.0161329645585022,0
-0.12657084635623306,0.9009088760241706,1.5251962127575889,-0.2632993927157269,-0.23538436605243465,-1.177851894974348,-0.2507203421941191,-0.3041918912684436,-1.3482603050240614,-0.11162799739561437,0.5505611813513597,0.22654456969461315,0.9841231756854657,0
0.21232733076517762,0.9009088760241706,-0.502969299721533,-0.25725091238556486,0.6095235192417271,0.21058638994196582,1.0161476236798326,1.4316811360790147,-0.005521280078902488,1.2644257563347332,0.5505611813513597,-0.7655570475877348,0.9841231756854657,0
0.38177641932588297,0.9009088760241706,-0.502969299721533,0.4566750674724878,0.6095235192417271,0.9048055324001227,-0.4090788379283631,0.2744324511807092,-0.5896127559300467,-0.9143260204049839,0.5505611813513597,-0.051243883144444294,0.9841231756854657,0
0.7206745964472937,0.9009088760241706,-1.179024470547907,-0.25726670476240604,0.6095235192417271,-1.177851894974348,-1.359229812333827,1.4316811360790147,-1.3482603050240614,-1.3730106049817663,0.29255569570563505,0.9805417988291976,0.9841231756854657,0
0.0428782422044723,-1.1099901739376037,-1.179024470547907,0.4615707042932456,-0.06640278899360229,0.9048055324001227,-0.4090788379283631,-1.461440576166749,0.6255660616453219,-0.9143260204049839,1.066572152642809,0.801963507718375,-1.0161329645585022,0
1.2290218621294098,0.9009088760241706,1.5251962127575889,0.4560591647756828,1.2854498274770565,0.9048055324001227,-0.4090788379283631,0.2744324511807092,-0.811164695045998,-0.9143260204049839,1.066572152642809,1.9131173190746047,-1.0161329645585022,0
0.5512255078865883,-1.1099901739376037,-1.179024470547907,-0.3682871139557192,0.4405419421828948,-1.177851894974348,-0.2507203421941191,-0.8828162337175963,0.8336906105118219,0.003043148748581378,-0.22345527558581418,-0.6068207888225592,-1.0161329645585022,1
0.21232733076517762,0.9009088760241706,1.5251962127575889,0.49759311586791805,0.2715603651240624,0.9048055324001227,-0.4090788379283631,1.4316811360790147,-0.5661148229935064,-0.9143260204049839,1.066572152642809,-0.32903233598350173,0.9841231756854657,0
0.890123685007999,0.9009088760241706,-1.179024470547907,0.5324784763100274,0.7785050963005594,0.9048055324001227,-0.4090788379283631,-0.3041918912684436,0.16232109803924238,-0.9143260204049839,1.066572152642809,1.0400678958661385,-1.0161329645585022,0
-0.12657084635623306,-1.1099901739376037,-1.179024470547907,-0.26282562141049226,-0.23538436605243465,-1.177851894974348,-0.5674373336626071,-0.3041918912684436,-1.1804179269059165,-0.570312581972397,0.5505611813513597,-0.011559818453150373,0.9841231756854657,0
0.5512255078865883,0.9009088760241706,0.8491410419312149,-0.2573930437771353,0.2715603651240624,-1.177851894974348,0.06599664927436881,-0.8828162337175963,-0.8447331706696268,0.23238544103697253,-0.22345527558581418,0.46464895784237664,-1.0161329645585022,0
0.0428782422044723,0.9009088760241706,-1.179024470547907,-0.26200441781475226,-0.06640278899360229,-1.177851894974348,-1.0741845200121878,-0.3041918912684436,-0.005521280078902488,-1.143668312693375,0.5505611813513597,1.1789621222856672,-1.0161329645585022,0
0.38177641932588297,-1.1099901739376037,1.5251962127575889,-0.26241501961262226,0.6095235192417271,-1.177851894974348,-0.8524826259842462,-0.8828162337175963,0.001192415045823164,-0.7996548742607882,0.03455021005991044,1.6551708985811941,-1.0161329645585022,0
0.890123685007999,-1.1099901739376037,1.5251962127575889,0.5911313638980737,0.6095235192417271,0.9048055324001227,-0.4090788379283631,-0.3041918912684436,0.6624913848313142,-0.9143260204049839,-0.22345527558581418,1.2186461869769611,0.9841231756854657,0
0.21232733076517762,-1.1099901739376037,0.8491410419312149,0.6261272709780712,-0.911310674287764,0.9048055324001227,-0.4090788379283631,1.4316811360790147,0.03476089066945202,-0.9143260204049839,1.066572152642809,0.4844909901880236,0.9841231756854657,0
1.0595727735687044,-1.1099901739376037,-0.502969299721533,0.7394691595670341,0.7785050963005594,0.9048055324001227,-0.4090788379283631,0.2744324511807092,-0.46205254856025635,-0.9143260204049839,1.066572152642809,0.6829113136444932,0.9841231756854657,0
1.2290218621294098,-1.1099901739376037,0.8491410419312149,0.806081405083022,1.4544314045358888,0.9048055324001227,-0.4090788379283631,0.853056793629862,0.001192415045823164,-1.0289971665491795,0.29255569570563505,-2.0552891500547874,0.9841231756854657,0
0.21232733076517762,0.9009088760241706,1.5251962127575889,-0.2608673666821892,0.2715603651240624,-1.177851894974348,0.38271364074285674,1.4316811360790147,1.5587696839822078,0.5763988794695595,0.5505611813513597,1.5361187045073124,0.9841231756854657,0
-0.12657084635623306,0.9009088760241706,0.8491410419312149,-0.2599987859559257,-0.06640278899360229,-1.177851894974348,0.06599664927436881,0.853056793629862,-1.2475548781531747,0.23238544103697253,0.29255569570563505,-0.09092794783573821,0.9841231756854657,0
0.0428782422044723,0.9009088760241706,-0.502969299721533,0.8774629484050385,-0.06640278899360229,0.9048055324001227,-0.4090788379283631,0.2744324511807092,0.2193875065994116,-1.0289971665491795,0.29255569570563505,0.6829113136444932,-1.0161329645585022,0
0.7206745964472937,0.9009088760241706,-0.502969299721533,0.7991485516497553,0.10257878806523006,0.9048055324001227,-0.4090788379283631,-0.3041918912684436,1.7736079279734327,-1.0289971665491795,0.03455021005991044,0.7225953783357871,-1.0161329645585022,1
0.38177641932588297,0.9009088760241706,-0.502969299721533,0.8033493238895023,0.7785050963005594,0.9048055324001227,-0.4090788379283631,-0.8828162337175963,1.1458774338115711,-1.0289971665491795,0.5505611813513597,-0.8052411122790287,-1.0161329645585022,1
0.38177641932588297,-1.1099901739376037,0.8491410419312149,-0.2637415792672792,0.4405419421828948,-1.177851894974348,0.8063226168319593,0.853056793629862,-0.46205254856025635,1.035083464046342,0.5505611813513597,0.22654456969461315,0.9841231756854657,0
0.5512255078865883,-1.1099901739376037,-0.502969299721533,1.0837903518347165,0.6095235192417271,0.9048055324001227,-0.4090788379283631,1.4316811360790147,-0.8447331706696268,-1.0289971665491795,1.066572152642809,0.305912699077201,-1.0161329645585022,0
1.2290218621294098,-1.1099901739376037,-1.179024470547907,1.1221026580513564,1.2854498274770565,0.9048055324001227,-0.4090788379283631,-1.461440576166749,0.6893461653302174,-1.0289971665491795,-0.22345527558581418,-0.7655570475877348,0.9841231756854657,0
0.21232733076517762,0.9009088760241706,0.8491410419312149,-0.2596513536654203,0.7785050963005594,-1.177851894974348,-0.2823920413409679,0.2744324511807092,-0.21700267650776528,-0.2262991435398101,0.8085666669970842,0.9210157017922567,-1.0161329645585022,0
1.2290218621294098,-1.1099901739376037,0.8491410419312149,2.88244731978112,1.2854498274770565,0.9048055324001227,-0.4090788379283631,-1.461440576166749,1.0418151593783211,-1.2583394588375707,0.8085666669970842,-3.047390767337135,-1.0161329645585022,1
1.2290218621294098,0.9009088760241706,-1.179024470547907,-0.26010933259381375,1.2854498274770565,0.21058638994196582,0.12934004756806639,1.4316811360790147,-0.34120603631519225,0.23238544103697253,0.29255569570563505,1.4765926074703717,0.9841231756854657,0
-0.12657084635623306,0.9009088760241706,0.8491410419312149,-0.26348890123782076,-0.5733475201700994,-1.177851894974348,-1.2325430157464317,1.4316811360790147,0.6624913848313142,-1.2583394588375707,0.5505611813513597,0.3455967637684949,-1.0161329645585022,0
-0.12657084635623306,0.9009088760241706,-1.179024470547907,-0.635762600514346,-0.06640278899360229,0.9048055324001227,-0.5199297849423339,-0.8828162337175963,1.8273174889712391,0.23238544103697253,0.03455021005991044,-0.44808453005738347,-1.0161329645585022,1
0.7206745964472937,-1.1099901739376037,1.5251962127575889,-0.31743566052720307,0.9474866733593919,0.9048055324001227,-0.5199297849423339,0.2744324511807092,-0.3680608168140954,-0.34097028968400567,0.5505611813513597,1.714696995618135,0.9841231756854657,0
0.38177641932588297,-1.1099901739376037,-0.502969299721533,-0.22042308959199355,-0.404365943111267,0.9048055324001227,-0.5199297849423339,-0.8828162337175963,-0.33784918875282943,-0.45564143582820127,0.29255569570563505,-0.8250831446246757,0.9841231756854657,0
0.7206745964472937,0.9009088760241706,0.8491410419312149,-0.2569034800950595,0.9474866733593919,0.21058638994196582,0.8577891279455886,1.4316811360790147,-1.3751150855229646,1.1497546101905376,0.03455021005991044,-0.26950623894656084,0.9841231756854657,0
0.21232733076517762,-1.1099901739376037,-0.502969299721533,-0.21306384198401573,0.4405419421828948,0.9048055324001227,-0.5199297849423339,1.4316811360790147,-0.0860856215756121,-0.570312581972397,1.066572152642809,-1.202081759191968,-1.0161329645585022,0
0.21232733076517762,-1.1099901739376037,1.5251962127575889,-0.3739407848648524,0.4405419421828948,-1.177851894974348,-0.7574675285436998,-0.3041918912684436,0.2865244578466693,-0.570312581972397,0.8085666669970842,-1.9560789883265524,-1.0161329645585022,1
0.0428782422044723,0.9009088760241706,0.8491410419312149,-0.08917264566516195,0.10257878806523006,0.9048055324001227,-0.5199297849423339,1.4316811360790147,0.8739727812601764,-0.6849837281165926,0.8085666669970842,-0.6068207888225592,0.9841231756854657,0
0.5512255078865883,-1.1099901739376037,-1.179024470547907,0.3276829334339413,0.9474866733593919,0.9048055324001227,-0.5199297849423339,0.853056793629862,-0.11965409719924096,-0.9143260204049839,-0.22345527558581418,1.35754041339649,0.9841231756854657,0
0.21232733076517762,-1.1099901739376037,-1.179024470547907,-0.2557506365856552,-0.23538436605243465,0.21058638994196582,-1.359229812333827,1.4316811360790147,0.7464125738903866,-1.3730106049817663,0.5505611813513597,-0.8449251769703227,-1.0161329645585022,0
0.5512255078865883,-1.1099901739376037,0.8491410419312149,-0.2646733295009073,0.6095235192417271,-1.177851894974348,-0.5040939353689095,-0.3041918912684436,-1.0495008719737637,-0.45564143582820127,1.066572152642809,0.028124246238143545,0.9841231756854657,0
-0.12657084635623306,-1.1099901739376037,0.8491410419312149,-0.26307829943995076,0.10257878806523006,-1.177851894974348,0.30353439287573475,0.853056793629862,-1.2979075915886182,0.4617277333253637,0.8085666669970842,0.06780831092943747,0.9841231756854657,0
0.7206745964472937,-1.1099901739376037,-1.179024470547907,-0.5184726177150946,0.10257878806523006,0.9048055324001227,-0.5120118601556216,1.4316811360790147,-1.7510820125076092,-0.11162799739561437,0.03455021005991044,1.0995939929030794,0.9841231756854657,0
0.0428782422044723,0.9009088760241706,-0.502969299721533,-0.2628887909178569,0.2715603651240624,-1.177851894974348,0.6360872339176471,-0.8828162337175963,-1.0495008719737637,0.8057411717579506,0.29255569570563505,0.821805540064022,-1.0161329645585022,0
-0.12657084635623306,-1.1099901739376037,-0.502969299721533,-0.9266739743052453,-0.7423290972289317,0.9048055324001227,-0.4882580857954851,-1.461440576166749,0.3301634761573873,1.952452633199907,0.5505611813513597,-3.106916864374076,-1.0161329645585022,1
0.7206745964472937,-1.1099901739376037,-1.179024470547907,-0.2606146886527307,0.7785050963005594,-1.177851894974348,0.06599664927436881,0.2744324511807092,1.1223795008750308,0.23238544103697253,0.5505611813513597,0.10749237562073138,0.9841231756854657,0
0.890123685007999,0.9009088760241706,-0.502969299721533,-0.2614516846253119,0.7785050963005594,-1.177851894974348,0.38271364074285674,-0.8828162337175963,0.954537122756886,0.5763988794695595,-0.22345527558581418,-0.20998014190961997,0.9841231756854657,0
-0.12657084635623306,0.9009088760241706,-0.502969299721533,-0.8673420145130295,0.10257878806523006,0.9048055324001227,-0.4882580857954851,0.853056793629862,1.5587696839822078,1.379096902478929,0.5505611813513597,-0.22982217425526694,-1.0161329645585022,1
0.890123685007999,0.9009088760241706,0.8491410419312149,-0.8496071753204134,0.9474866733593919,0.9048055324001227,-0.4882580857954851,0.853056793629862,-1.1233515183457474,1.2644257563347332,0.03455021005991044,0.40512286080543575,-1.0161329645585022,1
0.890123685007999,0.9009088760241706,-0.502969299721533,-0.8371785747464252,1.1164682504182242,0.9048055324001227,-0.4882580857954851,-0.8828162337175963,0.001192415045823164,1.1497546101905376,1.066572152642809,0.18686050500331922,-1.0161329645585022,0
-0.12657084635623306,0.9009088760241706,0.8491410419312149,-0.829471894847942,-0.404365943111267,0.9048055324001227,-0.4882580857954851,1.4316811360790147,1.7937490133476108,1.1497546101905376,0.29255569570563505,1.0003838311748445,-1.0161329645585022,1
0.38177641932588297,0.9009088760241706,0.17308587110484092,-0.8103473264933044,-0.06640278899360229,0.9048055324001227,-0.4882580857954851,0.853056793629862,1.2465828606824585,1.035083464046342,1.066572152642809,1.8535912220376638,-1.0161329645585022,0
1.2290218621294098,-1.1099901739376037,-0.502969299721533,-0.8093050296217882,1.1164682504182242,0.9048055324001227,-0.4882580857954851,0.2744324511807092,-0.7977373047965461,1.035083464046342,0.03455021005991044,-0.9242933063529105,0.9841231756854657,0
0.21232733076517762,-1.1099901739376037,-1.179024470547907,-0.7508100658021535,-0.23538436605243465,0.9048055324001227,-0.4882580857954851,-0.8828162337175963,0.30330869565848406,0.6910700256137552,1.066572152642809,1.278172284013902,0.9841231756854657,0
0.21232733076517762,0.9009088760241706,0.8491410419312149,-0.74542486529932,-0.06640278899360229,0.9048055324001227,-0.4882580857954851,1.4316811360790147,-0.21028898138303903,0.6910700256137552,1.066572152642809,-2.49181386165902,0.9841231756854657,0
0.890123685007999,-1.1099901739376037,0.8491410419312149,-0.678496772246509,1.2854498274770565,0.9048055324001227,-0.4882580857954851,0.853056793629862,-0.8447331706696268,0.4617277333253637,-0.22345527558581418,-0.9044512740072636,0.9841231756854657,0
0.38177641932588297,-1.1099901739376037,-1.179024470547907,-0.262288680597893,1.1164682504182242,-1.177851894974348,-0.646616581529729,0.853056793629862,1.327147202179168,-0.570312581972397,1.066572152642809,-1.2814498885745558,-1.0161329645585022,0
1.0595727735687044,0.9009088760241706,1.5251962127575889,-0.26194124830738763,1.1164682504182242,-1.177851894974348,-0.2507203421941191,0.853056793629862,0.04483143335654109,-0.11162799739561437,0.29255569570563505,0.08765034327508442,0.9841231756854657,0
-0.12657084635623306,0.9009088760241706,1.5251962127575889,-0.6985846755884569,-0.911310674287764,0.9048055324001227,-0.4882580857954851,-0.8828162337175963,1.0418151593783211,0.4617277333253637,0.5505611813513597,-0.9838194033898514,-1.0161329645585022,1
0.38177641932588297,0.9009088760241706,-0.502969299721533,-0.6746750170509497,0.6095235192417271,0.9048055324001227,-0.4882580857954851,-0.3041918912684436,1.5587696839822078,0.3470565871811683,0.03455021005991044,0.5241750548793175,-1.0161329645585022,1
0.21232733076517762,-1.1099901739376037,0.8491410419312149,-0.5484939260901285,0.4405419421828948,0.9048055324001227,-0.4882580857954851,0.2744324511807092,0.001192415045823164,0.003043148748581378,0.5505611813513597,-0.7457150152420878,0.9841231756854657,0
0.38177641932588297,0.9009088760241706,-0.502969299721533,-0.5317855913921875,0.6095235192417271,0.9048055324001227,-0.4882580857954851,-0.8828162337175963,-1.2979075915886182,0.003043148748581378,0.8085666669970842,0.46464895784237664,-1.0161329645585022,0
1.0595727735687044,0.9009088760241706,0.8491410419312149,-0.5147140320268999,1.2854498274770565,0.9048055324001227,-0.4882580857954851,0.2744324511807092,-0.3680608168140954,0.003043148748581378,0.29255569570563505,0.9408577341379036,0.9841231756854657,0
-0.12657084635623306,0.9009088760241706,-0.502969299721533,-0.3684608301009719,-0.404365943111267,-1.177851894974348,-0.8841543251310949,0.853056793629862,0.5114332445249834,-0.7996548742607882,0.8085666669970842,-0.15045404487267908,-1.0161329645585022,1
0.0428782422044723,-1.1099901739376037,1.5251962127575889,-0.26258873575787495,-0.06640278899360229,-1.177851894974348,-0.3298995900612411,0.853056793629862,-0.5661148229935064,-0.2262991435398101,0.03455021005991044,0.08765034327508442,0.9841231756854657,0
0.5512255078865883,-1.1099901739376037,-1.179024470547907,-0.26284141378733344,1.1164682504182242,-1.177851894974348,0.8894608270924373,0.853056793629862,0.4040141225293712,1.1497546101905376,0.5505611813513597,-0.6663468858595001,-1.0161329645585022,0
0.0428782422044723,-1.1099901739376037,-0.502969299721533,-0.5041331395433267,-0.06640278899360229,0.9048055324001227,-0.4882580857954851,1.4316811360790147,0.2965950005337584,0.003043148748581378,0.03455021005991044,0.4249648931510827,-1.0161329645585022,0
-0.12657084635623306,-1.1099901739376037,1.5251962127575889,-0.4908201658662338,-0.911310674287764,0.9048055324001227,-0.4882580857954851,1.4316811360790147,-0.46205254856025635,-0.11162799739561437,0.29255569570563505,1.1194360252487263,0.9841231756854657,0
0.38177641932588297,0.9009088760241706,-0.502969299721533,-0.2598408621875141,0.6095235192417271,-1.177851894974348,-0.607026957596168,-0.8828162337175963,0.9343960373827085,-0.570312581972397,1.066572152642809,1.4369085427790778,-1.0161329645585022,0
0.0428782422044723,0.9009088760241706,0.17308587110484092,-0.49048852595256953,0.4405419421828948,0.9048055324001227,-0.4882580857954851,0.2744324511807092,-0.08944246913797492,-0.11162799739561437,0.03455021005991044,0.286070666731554,0.9841231756854657,0
-0.12657084635623306,-1.1099901739376037,-0.502969299721533,-0.37365652208171163,-0.23538436605243465,-1.177851894974348,-0.13591043278679224,-0.8828162337175963,-0.5661148229935064,0.23238544103697253,0.8085666669970842,1.4964346398160184,-1.0161329645585022,1
-0.12657084635623306,0.9009088760241706,1.5251962127575889,-0.25815107786551067,-0.404365943111267,-1.177851894974348,-0.4090788379283631,-0.3041918912684436,0.2965950005337584,-0.34097028968400567,0.5505611813513597,0.8416475724096689,-1.0161329645585022,0
0.890123685007999,0.9009088760241706,-0.502969299721533,-0.4634045996699903,1.2854498274770565,0.9048055324001227,-0.4882580857954851,1.4316811360790147,-1.173704231781191,-0.11162799739561437,0.29255569570563505,1.5559607368529593,0.9841231756854657,0
0.5512255078865883,0.9009088760241706,0.8491410419312149,-0.26083578192850687,0.2715603651240624,-1.177851894974348,2.4413740852880284,1.4316811360790147,-0.0995130118250634,2.869821802353472,0.29255569570563505,-0.44808453005738347,0.9841231756854657,0
0.38177641932588297,-1.1099901739376037,-0.502969299721533,-0.2629203756715392,1.1164682504182242,-1.177851894974348,-0.09236184645987515,0.853056793629862,0.4980058542755321,0.003043148748581378,0.03455021005991044,0.5638591195706114,-1.0161329645585022,0
0.38177641932588297,-1.1099901739376037,1.5251962127575889,-0.26033042586958993,0.10257878806523006,-1.177851894974348,1.4120438630154424,0.853056793629862,-0.03237606057780569,1.7231103409115156,0.29255569570563505,-0.6465048535138531,0.9841231756854657,0
-0.12657084635623306,-1.1099901739376037,-0.502969299721533,-0.25668238681928335,0.2715603651240624,-1.177851894974348,-0.7257958293968509,-1.461440576166749,-1.0931398902844813,-0.6849837281165926,0.29255569570563505,0.6035431842619053,0.9841231756854657,0
0.5512255078865883,-1.1099901739376037,-1.179024470547907,-0.4405372380039992,0.7785050963005594,0.9048055324001227,-0.4882580857954851,0.2744324511807092,-1.2475548781531747,-0.2262991435398101,1.066572152642809,0.4249648931510827,0.9841231756854657,0
1.0595727735687044,-1.1099901739376037,-1.179024470547907,-0.5544318597824024,0.9474866733593919,0.9048055324001227,-0.4882580857954851,-1.461440576166749,1.5587696839822078,0.1177142948927768,1.066572152642809,-0.15045404487267908,-1.0161329645585022,1
-0.12657084635623306,0.9009088760241706,-1.179024470547907,-0.3877591146008622,0.2715603651240624,0.9048055324001227,-0.4882580857954851,0.853056793629862,-0.005521280078902488,-0.2262991435398101,0.5505611813513597,1.258330251668255,0.9841231756854657,0
0.0428782422044723,0.9009088760241706,-1.179024470547907,-0.2644996133556546,0.2715603651240624,-1.177851894974348,-0.09236184645987515,-0.8828162337175963,-1.173704231781191,0.003043148748581378,0.29255569570563505,0.782121475372728,0.9841231756854657,0
0.21232733076517762,-1.1099901739376037,1.5251962127575889,-0.295389502456952,0.10257878806523006,0.9048055324001227,-0.4882580857954851,0.2744324511807092,1.6628319584154578,-0.34097028968400567,0.29255569570563505,-0.5076106270943244,-1.0161329645585022,0
0.7206745964472937,-1.1099901739376037,-1.179024470547907,-0.29300485355393774,0.4405419421828948,0.9048055324001227,-0.4882580857954851,1.4316811360790147,1.7836784706605218,-0.34097028968400567,1.066572152642809,1.1789621222856672,-1.0161329645585022,0
0.5512255078865883,-1.1099901739376037,1.5251962127575889,-0.29668447735792663,0.10257878806523006,0.9048055324001227,-0.4882580857954851,-1.461440576166749,-0.5459737376193288,-0.34097028968400567,-0.22345527558581418,-0.6068207888225592,-1.0161329645585022,0
0.7206745964472937,0.9009088760241706,-1.179024470547907,-0.24850193561556552,0.4405419421828948,-1.177851894974348,-0.4090788379283631,-0.3041918912684436,0.665848232393677,-0.34097028968400567,0.8085666669970842,1.0995939929030794,0.9841231756854657,0
0.890123685007999,-1.1099901739376037,0.8491410419312149,-0.18493761882992032,0.7785050963005594,0.9048055324001227,-0.4882580857954851,-0.8828162337175963,-1.4254677989584081,-0.45564143582820127,0.03455021005991044,-0.5274526594399713,0.9841231756854657,0
0.7206745964472937,-1.1099901739376037,1.5251962127575889,-0.25478730159834484,0.9474866733593919,-1.177851894974348,-0.013182598592753173,-1.461440576166749,-1.371758237960602,0.1177142948927768,0.29255569570563505,1.1194360252487263,-1.0161329645585022,0
0.890123685007999,0.9009088760241706,-1.179024470547907,-0.22405533626545898,0.6095235192417271,0.9048055324001227,-0.4882580857954851,-1.461440576166749,1.327147202179168,-0.45564143582820127,0.29255569570563505,1.0797519605574324,-1.0161329645585022,1
0.21232733076517762,0.9009088760241706,1.5251962127575889,-0.3662025202126869,-0.404365943111267,-1.177851894974348,0.22435514500861276,-0.8828162337175963,0.665848232393677,0.5763988794695595,0.03455021005991044,0.08765034327508442,-1.0161329645585022,1
0.0428782422044723,0.9009088760241706,1.5251962127575889,-0.2486124822534536,-0.404365943111267,-1.177851894974348,-0.06069014731302636,0.2744324511807092,-0.5661148229935064,0.003043148748581378,0.29255569570563505,-0.6465048535138531,0.9841231756854657,0
-0.12657084635623306,0.9009088760241706,0.8491410419312149,-0.04192185415642893,-0.06640278899360229,0.9048055324001227,-0.4882580857954851,-0.8828162337175963,-0.34120603631519225,-0.6849837281165926,0.5505611813513597,0.20670253734896618,0.9841231756854657,0
0.0428782422044723,-1.1099901739376037,0.8491410419312149,-0.1324911353404476,-0.06640278899360229,0.9048055324001227,-0.4882580857954851,-0.3041918912684436,1.7937490133476108,-0.570312581972397,0.29255569570563505,0.008282213892496587,-1.0161329645585022,1
0.890123685007999,0.9009088760241706,-0.502969299721533,0.02108972943977587,0.9474866733593919,0.9048055324001227,-0.4882580857954851,1.4316811360790147,-1.0964967378468442,-0.6849837281165926,-0.22345527558581418,0.7027533459901402,0.9841231756854657,0
0.38177641932588297,0.9009088760241706,1.5251962127575889,0.028575316062482908,0.2715603651240624,0.9048055324001227,-0.4882580857954851,-0.3041918912684436,-0.6936750303632967,-0.6849837281165926,0.29255569570563505,1.1194360252487263,-1.0161329645585022,0
-0.12657084635623306,-1.1099901739376037,-1.179024470547907,0.039361509444991144,-0.7423290972289317,0.9048055324001227,-0.4882580857954851,-1.461440576166749,-1.173704231781191,-0.6849837281165926,0.29255569570563505,-2.094973214746081,0.9841231756854657,0
-0.12657084635623306,0.9009088760241706,0.8491410419312149,0.07123052591044009,0.10257878806523006,0.9048055324001227,-0.4882580857954851,1.4316811360790147,-1.623521805137819,-0.6849837281165926,0.29255569570563505,0.38528082845978884,-1.0161329645585022,0
-0.12657084635623306,-1.1099901739376037,0.8491410419312149,-0.24930734683446437,-0.06640278899360229,-1.177851894974348,0.5410721364771007,1.4316811360790147,0.001192415045823164,0.6910700256137552,1.066572152642809,-0.4282424977117365,-1.0161329645585022,0
-0.12657084635623306,0.9009088760241706,-1.179024470547907,-0.23986350548345423,-0.23538436605243465,0.21058638994196582,-0.2507203421941191,0.853056793629862,1.1861596045599256,-0.2262991435398101,1.066572152642809,1.337698381050843,0.9841231756854657,0
0.0428782422044723,0.9009088760241706,0.8491410419312149,-0.24141115841388733,-0.06640278899360229,-1.177851894974348,-0.804975077263973,-0.3041918912684436,0.2965950005337584,-0.7996548742607882,0.5505611813513597,-0.5076106270943244,-1.0161329645585022,0
0.21232733076517762,-1.1099901739376037,1.5251962127575889,0.17599715387465628,0.2715603651240624,0.9048055324001227,-0.4882580857954851,-0.3041918912684436,-0.08944246913797492,-0.7996548742607882,0.8085666669970842,0.8614896047553159,0.9841231756854657,0
0.21232733076517762,0.9009088760241706,-0.502969299721533,-0.25110767779435594,0.2715603651240624,-1.177851894974348,2.516594370761794,-0.8828162337175963,1.7736079279734327,2.984492948497668,0.29255569570563505,-1.2814498885745558,0.9841231756854657,0
0.7206745964472937,-1.1099901739376037,-1.179024470547907,-0.24257979430013274,0.4405419421828948,-1.177851894974348,2.2830155895537843,-0.3041918912684436,-1.173704231781191,2.640479510065081,1.066572152642809,0.5241750548793175,0.9841231756854657,0
0.21232733076517762,0.9009088760241706,-0.502969299721533,-0.24150591267493426,0.4405419421828948,-1.177851894974348,-0.7574675285436998,0.853056793629862,1.2700807936189982,-0.7996548742607882,0.8085666669970842,0.18686050500331922,0.9841231756854657,0
0.38177641932588297,0.9009088760241706,-1.179024470547907,-0.24425378624529506,0.4405419421828948,-1.177851894974348,0.8577891279455886,1.4316811360790147,-1.6839450612603513,1.035083464046342,-0.22345527558581418,-0.40840046536608954,0.9841231756854657,0
0.21232733076517762,0.9009088760241706,0.8491410419312149,0.9312991610565327,-0.23538436605243465,0.9048055324001227,-0.4882580857954851,0.2744324511807092,-0.11965409719924096,-1.0289971665491795,1.066572152642809,0.305912699077201,0.9841231756854657,0
0.21232733076517762,-1.1099901739376037,-0.502969299721533,1.0851642886198969,0.2715603651240624,0.9048055324001227,-0.4882580857954851,-0.8828162337175963,0.001192415045823164,-1.143668312693375,1.066572152642809,1.6551708985811941,-1.0161329645585022,0
0.21232733076517762,-1.1099901739376037,-0.502969299721533,-0.6381630417942014,-0.23538436605243465,0.9048055324001227,-0.48429912340212894,0.2744324511807092,1.6997572816014495,0.3470565871811683,0.8085666669970842,0.286070666731554,-1.0161329645585022,1
0.5512255078865883,-1.1099901739376037,-0.502969299721533,-0.24479072705789431,0.7785050963005594,-1.177851894974348,-0.052772222526314166,-0.8828162337175963,-0.21700267650776528,0.003043148748581378,0.03455021005991044,0.12733440796637835,0.9841231756854657,0
0.21232733076517762,-1.1099901739376037,1.5251962127575889,-0.6850348162587467,-0.404365943111267,0.9048055324001227,-0.48034016100877286,1.4316811360790147,-1.0427871768490378,0.4617277333253637,1.066572152642809,-0.38855843302044263,-1.0161329645585022,0
-0.12657084635623306,0.9009088760241706,-0.502969299721533,-0.44213226806495576,0.2715603651240624,0.9048055324001227,-0.48034016100877286,0.2744324511807092,-1.0495008719737637,-0.11162799739561437,0.5505611813513597,-0.46792656240303043,0.9841231756854657,0
-0.12657084635623306,-1.1099901739376037,-1.179024470547907,-0.6742328304993973,-0.06640278899360229,0.9048055324001227,-0.4763811986154168,0.853056793629862,0.8336906105118219,0.4617277333253637,0.8085666669970842,-2.630708088078549,-1.0161329645585022,1
-0.12657084635623306,-1.1099901739376037,-0.502969299721533,-0.3585905945752506,-0.404365943111267,-1.177851894974348,-0.2507203421941191,0.2744324511807092,1.575553921794022,0.003043148748581378,0.5505611813513597,0.7622794430270811,-1.0161329645585022,1
0.5512255078865883,-1.1099901739376037,-1.179024470547907,-0.7458512594740311,0.7785050963005594,0.9048055324001227,-0.47242223622206064,0.2744324511807092,0.001192415045823164,0.6910700256137552,0.03455021005991044,0.5638591195706114,-1.0161329645585022,0
0.0428782422044723,-1.1099901739376037,1.5251962127575889,-0.2464805113798978,-0.06640278899360229,-1.177851894974348,0.7786098800784667,0.2744324511807092,-1.2475548781531747,1.035083464046342,0.29255569570563505,0.9408577341379036,-1.0161329645585022,0
0.21232733076517762,-1.1099901739376037,1.5251962127575889,-0.24932313921130553,-0.23538436605243465,-1.177851894974348,0.4223032646764177,1.4316811360790147,-1.4724636648314886,0.5763988794695595,0.03455021005991044,0.028124246238143545,-1.0161329645585022,0
0.21232733076517762,0.9009088760241706,-1.179024470547907,-0.6853190790418875,-0.06640278899360229,0.9048055324001227,-0.47242223622206064,0.2744324511807092,1.451350561986595,0.4617277333253637,0.5505611813513597,1.2186461869769611,-1.0161329645585022,1
0.5512255078865883,0.9009088760241706,1.5251962127575889,-0.6725114614237115,0.7785050963005594,0.9048055324001227,-0.47242223622206064,-0.8828162337175963,1.8407448792206904,0.4617277333253637,0.5505611813513597,1.4765926074703717,-1.0161329645585022,1
0.0428782422044723,0.9009088760241706,-0.502969299721533,-0.24302198085168505,0.2715603651240624,-1.177851894974348,1.1824240442007887,-0.3041918912684436,0.4745079213389917,1.379096902478929,0.29255569570563505,-0.07108591549009124,-1.0161329645585022,0
1.2290218621294098,-1.1099901739376037,-1.179024470547907,-0.23552060185213686,1.9613761357123858,0.21058638994196582,0.06599664927436881,0.853056793629862,1.4312094766124175,0.1177142948927768,0.03455021005991044,-0.190138109563973,0.9841231756854657,0
0.5512255078865883,-1.1099901739376037,-0.502969299721533,-0.5042436861812147,0.10257878806523006,0.9048055324001227,-0.47242223622206064,0.2744324511807092,0.9343960373827085,0.003043148748581378,0.8085666669970842,0.6630692812988462,-1.0161329645585022,0
-0.12657084635623306,0.9009088760241706,1.5251962127575889,-0.48361884202666755,-0.404365943111267,0.9048055324001227,-0.47242223622206064,1.4316811360790147,0.04483143335654109,-0.11162799739561437,0.29255569570563505,0.821805540064022,-1.0161329645585022,0
-0.12657084635623306,0.9009088760241706,-1.179024470547907,-0.2988954101156882,-0.404365943111267,0.9048055324001227,-0.47242223622206064,1.4316811360790147,-1.0092187012254088,-0.34097028968400567,0.29255569570563505,0.9210157017922567,-1.0161329645585022,0
0.0428782422044723,0.9009088760241706,-1.179024470547907,-0.2434167902727139,-0.23538436605243465,0.21058638994196582,-0.33385855245459717,-0.8828162337175963,-1.0427871768490378,-0.2262991435398101,0.5505611813513597,-1.4401861473397315,0.9841231756854657,0
0.5512255078865883,0.9009088760241706,1.5251962127575889,-0.2444432947673889,0.2715603651240624,-1.177851894974348,0.06599664927436881,1.4316811360790147,0.001192415045823164,0.23238544103697253,1.066572152642809,0.4844909901880236,0.9841231756854657,0
1.0595727735687044,0.9009088760241706,-1.179024470547907,-0.24381159969374275,0.2715603651240624,-1.177851894974348,-1.0266769712919146,-1.461440576166749,-1.0427871768490378,-1.0289971665491795,0.03455021005991044,1.1194360252487263,0.9841231756854657,0
0.38177641932588297,-1.1099901739376037,0.8491410419312149,-0.2422797391401508,0.10257878806523006,-1.177851894974348,0.4618928886099787,-0.3041918912684436,-1.6705176710108995,0.5763988794695595,0.29255569570563505,-0.8846092416616166,0.9841231756854657,0
0.5512255078865883,0.9009088760241706,-0.502969299721533,-0.2397055817150427,0.6095235192417271,-1.177851894974348,0.9963528117130521,-0.3041918912684436,-1.0427871768490378,1.2644257563347332,-0.22345527558581418,1.9131173190746047,0.9841231756854657,0
0.5512255078865883,0.9009088760241706,0.8491410419312149,-0.24193230684964542,0.6095235192417271,-1.177851894974348,-1.042512820865339,-0.8828162337175963,1.417782086362966,-1.0289971665491795,-0.22345527558581418,-1.142555662155027,0.9841231756854657,0
1.2290218621294098,0.9009088760241706,0.8491410419312149,1.2194152841465478,1.4544314045358888,0.9048055324001227,-0.47242223622206064,-0.8828162337175963,2.3241309282009484,-1.143668312693375,-0.22345527558581418,-0.7655570475877348,0.9841231756854657,0
0.890123685007999,-1.1099901739376037,-1.179024470547907,-0.7710716852893542,0.9474866733593919,0.9048055324001227,-0.46846327382870456,-0.3041918912684436,0.5651428055227898,0.8057411717579506,0.8085666669970842,-1.3211339532658497,-1.0161329645585022,1
0.5512255078865883,0.9009088760241706,-0.502969299721533,-0.28043412158837905,0.10257878806523006,0.9048055324001227,-0.46846327382870456,-0.8828162337175963,-0.21028898138303903,-0.34097028968400567,1.066572152642809,1.0400678958661385,0.9841231756854657,0
0.5512255078865883,-1.1099901739376037,-0.502969299721533,-0.2397055817150427,0.9474866733593919,-1.177851894974348,-0.3774071387815143,0.2744324511807092,-0.21364582894540246,-0.34097028968400567,0.5505611813513597,1.8932752867289577,0.9841231756854657,0
0.0428782422044723,-1.1099901739376037,0.8491410419312149,-0.35334752546398746,-0.7423290972289317,-1.177851894974348,-0.5674373336626071,-0.3041918912684436,-0.7138161157374736,-0.45564143582820127,0.03455021005991044,0.7622794430270811,-1.0161329645585022,1
0.890123685007999,0.9009088760241706,0.8491410419312149,-0.23812634403092728,0.4405419421828948,-1.177851894974348,-0.5674373336626071,0.2744324511807092,-1.7510820125076092,-0.570312581972397,-0.22345527558581418,0.5440170872249644,-1.0161329645585022,0
0.890123685007999,0.9009088760241706,0.8491410419312149,-0.7579955972648786,0.9474866733593919,0.9048055324001227,-0.45658638664863627,-0.8828162337175963,-0.005521280078902488,0.8057411717579506,1.066572152642809,-0.30919030363785477,0.9841231756854657,0
0.5512255078865883,-1.1099901739376037,-1.179024470547907,-0.35600064477330134,1.1164682504182242,-1.177851894974348,2.12465709381954,1.4316811360790147,1.286865031430813,2.984492948497668,0.8085666669970842,-0.7853990799333818,-1.0161329645585022,1
0.7206745964472937,0.9009088760241706,1.5251962127575889,-0.7066229954006044,0.4405419421828948,0.9048055324001227,-0.45658638664863627,1.4316811360790147,-0.21364582894540246,0.5763988794695595,0.8085666669970842,0.821805540064022,-1.0161329645585022,0
0.890123685007999,-1.1099901739376037,0.8491410419312149,-0.24316411224325543,0.7785050963005594,0.9048055324001227,-0.45658638664863627,-0.3041918912684436,0.8336906105118219,-0.45564143582820127,0.03455021005991044,-0.6465048535138531,0.9841231756854657,0
0.21232733076517762,-1.1099901739376037,-1.179024470547907,-0.2423113238938331,-0.06640278899360229,-1.177851894974348,0.1847655210750518,-1.461440576166749,0.7061304031420315,0.3470565871811683,0.29255569570563505,-0.09092794783573821,-1.0161329645585022,0
-0.12657084635623306,0.9009088760241706,0.8491410419312149,-0.23801579739303919,-0.5733475201700994,-1.177851894974348,-0.5040939353689095,-0.8828162337175963,0.7061304031420315,-0.45564143582820127,0.5505611813513597,0.5241750548793175,0.9841231756854657,0
0.38177641932588297,0.9009088760241706,0.8491410419312149,-0.8663944719025602,0.6095235192417271,0.9048055324001227,-0.4407505370752119,0.853056793629862,0.6154955189582334,1.4937680486231246,0.03455021005991044,0.14717644031202531,-1.0161329645585022,1
0.7206745964472937,0.9009088760241706,-0.502969299721533,-0.8209755961074011,0.7785050963005594,0.9048055324001227,-0.4407505370752119,-1.461440576166749,0.001192415045823164,1.1497546101905376,0.5505611813513597,-0.9242933063529105,-1.0161329645585022,0
1.0595727735687044,-1.1099901739376037,-1.179024470547907,-0.24510657459471738,1.2854498274770565,0.21058638994196582,0.0026532509806712224,-0.3041918912684436,-0.6936750303632967,0.1177142948927768,1.066572152642809,0.7225953783357871,0.9841231756854657,0
-0.12657084635623306,-1.1099901739376037,0.8491410419312149,-0.24150591267493426,-0.23538436605243465,-1.177851894974348,-0.7257958293968509,1.4316811360790147,0.001192415045823164,-0.6849837281165926,0.29255569570563505,-0.46792656240303043,0.9841231756854657,0
-0.12657084635623306,-1.1099901739376037,-0.502969299721533,-0.354737254626009,-0.23538436605243465,-1.177851894974348,2.4413740852880284,-1.461440576166749,1.327147202179168,3.4431775330744507,0.8085666669970842,0.5837011519162584,-1.0161329645585022,1
-0.12657084635623306,0.9009088760241706,-0.502969299721533,-0.3582273699079041,0.4405419421828948,-1.177851894974348,-0.2903099661276801,-1.461440576166749,0.001192415045823164,0.003043148748581378,0.29255569570563505,0.6035431842619053,-1.0161329645585022,1
0.7206745964472937,-1.1099901739376037,-0.502969299721533,-0.49705815471848963,0.9474866733593919,0.9048055324001227,-0.4407505370752119,-0.8828162337175963,0.665848232393677,0.003043148748581378,0.29255569570563505,-0.4282424977117365,0.9841231756854657,0
1.0595727735687044,0.9009088760241706,-1.179024470547907,-0.33963974236586575,0.6095235192417271,0.9048055324001227,-0.4407505370752119,0.2744324511807092,-1.371758237960602,-0.2262991435398101,0.8085666669970842,1.2186461869769611,0.9841231756854657,0
0.5512255078865883,-1.1099901739376037,-0.502969299721533,-0.2986111473325474,0.4405419421828948,0.9048055324001227,-0.4407505370752119,-0.8828162337175963,2.780662196682302,-0.34097028968400567,0.5505611813513597,-0.7457150152420878,-1.0161329645585022,0
0.7206745964472937,0.9009088760241706,-0.502969299721533,-0.24333782838850812,1.4544314045358888,-1.177851894974348,-0.4407505370752119,-0.8828162337175963,0.6154955189582334,-0.34097028968400567,0.29255569570563505,0.008282213892496587,0.9841231756854657,0
0.890123685007999,0.9009088760241706,-0.502969299721533,-0.3937918025541831,0.4405419421828948,0.9048055324001227,-0.4407505370752119,-0.8828162337175963,0.0716862138554443,-0.2262991435398101,0.03455021005991044,-0.11076998018138517,-1.0161329645585022,1
0.21232733076517762,-1.1099901739376037,0.8491410419312149,-0.2375420260878046,0.9474866733593919,-1.177851894974348,-0.5674373336626071,-0.8828162337175963,-1.0092187012254088,-0.570312581972397,0.5505611813513597,-0.17029607721832604,0.9841231756854657,0
0.5512255078865883,0.9009088760241706,-1.179024470547907,-0.23736830994255187,0.6095235192417271,-1.177851894974348,-0.7970571524772607,1.4316811360790147,0.007906110170548816,-0.7996548742607882,0.03455021005991044,1.6551708985811941,-1.0161329645585022,0
0.0428782422044723,-1.1099901739376037,-1.179024470547907,-0.23610491979525955,0.10257878806523006,-1.177851894974348,0.06599664927436881,-0.3041918912684436,0.6624913848313142,0.1177142948927768,1.066572152642809,-2.9680226379545473,0.9841231756854657,0
0.0428782422044723,0.9009088760241706,1.5251962127575889,-0.36138584527613493,-0.23538436605243465,-1.177851894974348,0.06599664927436881,0.853056793629862,0.8739727812601764,0.4617277333253637,0.03455021005991044,0.32575473142284794,-1.0161329645585022,1
-0.12657084635623306,0.9009088760241706,-0.502969299721533,-0.2420428534875335,0.4405419421828948,-1.177851894974348,-0.6307807319563046,-0.8828162337175963,0.2865244578466693,-0.570312581972397,0.03455021005991044,0.782121475372728,0.9841231756854657,0
0.21232733076517762,0.9009088760241706,-0.502969299721533,-0.24479072705789431,0.10257878806523006,-1.177851894974348,0.8577891279455886,-0.3041918912684436,-0.46205254856025635,1.035083464046342,1.066572152642809,0.5837011519162584,-1.0161329645585022,0
0.0428782422044723,0.9009088760241706,0.8491410419312149,-0.1651655630247954,-0.5733475201700994,0.9048055324001227,-0.4407505370752119,-0.3041918912684436,-0.11965409719924096,-0.45564143582820127,0.5505611813513597,0.6829113136444932,0.9841231756854657,0
0.7206745964472937,0.9009088760241706,-0.502969299721533,-0.23953186556979,0.6095235192417271,-1.177851894974348,-0.3298995900612411,0.2744324511807092,0.0851136041048956,-0.2262991435398101,1.066572152642809,-0.011559818453150373,0.9841231756854657,0
0.21232733076517762,-1.1099901739376037,-0.502969299721533,-0.245580345899952,-0.06640278899360229,-1.177851894974348,-1.359229812333827,-0.3041918912684436,0.8336906105118219,-1.3730106049817663,0.03455021005991044,-2.630708088078549,0.9841231756854657,0
0.7206745964472937,0.9009088760241706,1.5251962127575889,-0.2386001153361619,0.7785050963005594,-1.177851894974348,-0.7257958293968509,0.853056793629862,0.001192415045823164,-0.6849837281165926,0.5505611813513597,-0.44808453005738347,-1.0161329645585022,0
0.38177641932588297,-1.1099901739376037,-1.179024470547907,-0.2352995085763607,-0.23538436605243465,-1.177851894974348,-0.17154109432699713,-0.8828162337175963,0.001192415045823164,-0.11162799739561437,-0.22345527558581418,0.6630692812988462,0.9841231756854657,0
1.2290218621294098,0.9009088760241706,-0.502969299721533,-0.6788915816675378,0.9474866733593919,0.9048055324001227,-0.49221704818884116,-0.8828162337175963,-1.8752853723150364,0.4617277333253637,0.29255569570563505,0.18686050500331922,-1.0161329645585022,0
0.5512255078865883,-1.1099901739376037,1.5251962127575889,-0.23288327491966412,0.7785050963005594,-1.177851894974348,-0.21113071826055813,-0.3041918912684436,-1.6839450612603513,-0.11162799739561437,0.8085666669970842,0.4448069254967297,-1.0161329645585022,0
0.21232733076517762,0.9009088760241706,0.8491410419312149,-0.23735251756571074,0.10257878806523006,-1.177851894974348,0.14121693474813468,-0.8828162337175963,-1.0495008719737637,0.23238544103697253,0.8085666669970842,-1.9957630530178463,0.9841231756854657,0
-0.12657084635623306,0.9009088760241706,0.8491410419312149,-0.23043545650928524,0.10257878806523006,-1.177851894974348,-0.8841543251310949,0.853056793629862,-0.34120603631519225,-0.9143260204049839,0.03455021005991044,-1.4005020826484376,-1.0161329645585022,0
0.7206745964472937,-1.1099901739376037,-1.179024470547907,-0.2403214844118477,0.4405419421828948,-1.177851894974348,-1.2958864140401292,1.4316811360790147,-0.005521280078902488,-1.3730106049817663,0.03455021005991044,-0.051243883144444294,-1.0161329645585022,0
1.2290218621294098,-1.1099901739376037,-0.502969299721533,-0.22740332015578366,0.7785050963005594,-1.177851894974348,0.06599664927436881,0.2744324511807092,-0.3680608168140954,0.1177142948927768,-0.22345527558581418,-0.2893482712922078,-1.0161329645585022,0
0.21232733076517762,-1.1099901739376037,-1.179024470547907,-0.23059338027769677,0.4405419421828948,-1.177851894974348,-0.7257958293968509,-1.461440576166749,0.8336906105118219,-0.6849837281165926,1.066572152642809,0.6035431842619053,0.9841231756854657,0
0.21232733076517762,0.9009088760241706,-0.502969299721533,-0.9087338342136944,0.7785050963005594,0.9048055324001227,-0.5040939353689095,1.4316811360790147,-0.21364582894540246,1.7231103409115156,-0.22345527558581418,1.0400678958661385,-1.0161329645585022,1
-0.12657084635623306,0.9009088760241706,1.5251962127575889,-0.3456724303191866,-0.23538436605243465,-1.177851894974348,0.5410721364771007,0.2744324511807092,-1.0495008719737637,0.9204123179021463,0.5505611813513597,0.6233852166075523,-1.0161329645585022,1
1.2290218621294098,0.9009088760241706,0.8491410419312149,-0.23166726190289524,0.6095235192417271,-1.177851894974348,1.6495816066168083,1.4316811360790147,0.5114332445249834,1.952452633199907,0.29255569570563505,-0.6266628211682062,0.9841231756854657,0
1.0595727735687044,-1.1099901739376037,-0.502969299721533,-0.23209365607760643,0.7785050963005594,-1.177851894974348,0.7311023313581935,-1.461440576166749,-1.3482603050240614,0.9204123179021463,0.03455021005991044,-0.13061201252703214,0.9841231756854657,0
0.21232733076517762,-1.1099901739376037,-1.179024470547907,-0.23103556682924908,0.4405419421828948,-1.177851894974348,0.25998580654881764,-0.3041918912684436,0.04483143335654109,0.3470565871811683,0.29255569570563505,0.6233852166075523,-1.0161329645585022,0
0.21232733076517762,0.9009088760241706,-0.502969299721533,-0.6774386829981516,0.10257878806523006,0.9048055324001227,-0.5040939353689095,-0.8828162337175963,0.6255660616453219,0.3470565871811683,-0.22345527558581418,-2.571181991041608,0.9841231756854657,0
0.0428782422044723,0.9009088760241706,-1.179024470547907,-0.2319989018165595,0.10257878806523006,-1.177851894974348,-0.4090788379283631,-0.3041918912684436,-0.3680608168140954,-0.34097028968400567,0.5505611813513597,0.7622794430270811,-1.0161329645585022,0
0.0428782422044723,0.9009088760241706,1.5251962127575889,-0.6451748571116738,0.10257878806523006,0.9048055324001227,-0.5040939353689095,1.4316811360790147,1.9515208487786668,0.23238544103697253,-0.22345527558581418,1.5361187045073124,-1.0161329645585022,1
0.38177641932588297,0.9009088760241706,0.8491410419312149,-0.22523976452854555,0.2715603651240624,-1.177851894974348,2.4413740852880284,-0.8828162337175963,-0.3109944082539262,2.7551506562092767,0.29255569570563505,-0.686188918205147,0.9841231756854657,0
0.21232733076517762,-1.1099901739376037,-1.179024470547907,-0.6413531019161145,0.4405419421828948,0.9048055324001227,-0.5040939353689095,-0.8828162337175963,1.327147202179168,0.23238544103697253,-0.22345527558581418,-0.011559818453150373,-1.0161329645585022,1
0.7206745964472937,0.9009088760241706,0.17308587110484092,-0.22342364119181282,0.6095235192417271,-1.177851894974348,0.38271364074285674,0.2744324511807092,1.4312094766124175,0.4617277333253637,0.03455021005991044,1.6353288662355472,0.9841231756854657,0
-0.12657084635623306,0.9009088760241706,0.17308587110484092,-0.22678741745897865,-0.06640278899360229,-1.177851894974348,2.849147211803707,-0.3041918912684436,0.001192415045823164,3.213835240786059,1.066572152642809,0.6829113136444932,0.9841231756854657,0
0.21232733076517762,-1.1099901739376037,-0.502969299721533,-0.601951121697435,0.2715603651240624,0.9048055324001227,-0.5040939353689095,-1.461440576166749,-1.6805882136979884,0.1177142948927768,0.5505611813513597,0.40512286080543575,0.9841231756854657,0
-0.12657084635623306,-1.1099901739376037,0.8491410419312149,-0.22497129412224592,-0.5733475201700994,-1.177851894974348,-0.5674373336626071,-1.461440576166749,1.0955247203761276,-0.570312581972397,0.29255569570563505,-0.5869787564769122,0.9841231756854657,0
0.21232733076517762,0.9009088760241706,-0.502969299721533,-0.22405533626545898,0.10257878806523006,-1.177851894974348,-1.121692068732461,-0.8828162337175963,0.8336906105118219,-1.143668312693375,0.8085666669970842,1.5956448015442533,0.9841231756854657,0
0.890123685007999,-1.1099901739376037,-0.502969299721533,-0.3335596772820214,1.1164682504182242,-1.177851894974348,-0.4090788379283631,0.853056793629862,0.4745079213389917,-0.2262991435398101,-0.22345527558581418,-2.610866055732902,-1.0161329645585022,1
-0.12657084635623306,0.9009088760241706,-0.502969299721533,-0.22283932324869013,-0.404365943111267,-1.177851894974348,-0.09236184645987515,0.2744324511807092,-1.4724636648314886,0.003043148748581378,1.066572152642809,1.4964346398160184,-1.0161329645585022,0
-0.12657084635623306,-1.1099901739376037,-1.179024470547907,-0.5775361071010109,0.10257878806523006,0.9048055324001227,-0.5040939353689095,0.2744324511807092,-1.0964967378468442,0.1177142948927768,-0.22345527558581418,0.08765034327508442,-1.0161329645585022,0
0.38177641932588297,0.9009088760241706,-0.502969299721533,-0.5628491966387376,0.10257878806523006,0.9048055324001227,-0.5040939353689095,-0.8828162337175963,-0.1397951825734185,0.003043148748581378,0.8085666669970842,1.1194360252487263,0.9841231756854657,0
0.38177641932588297,-1.1099901739376037,-0.502969299721533,-0.2249081246148813,-0.06640278899360229,-1.177851894974348,-0.6664113934965095,0.2744324511807092,0.001192415045823164,-0.6849837281165926,-0.22345527558581418,0.9408577341379036,0.9841231756854657,0
0.38177641932588297,0.9009088760241706,-0.502969299721533,-0.22208128916031472,0.2715603651240624,-1.177851894974348,0.7786098800784667,-0.8828162337175963,-0.11965409719924096,0.9204123179021463,0.8085666669970842,-0.6465048535138531,0.9841231756854657,0
1.0595727735687044,-1.1099901739376037,1.5251962127575889,-0.5466778027533958,0.7785050963005594,0.9048055324001227,-0.5040939353689095,-0.8828162337175963,0.8739727812601764,0.003043148748581378,0.8085666669970842,-0.13061201252703214,0.9841231756854657,0
0.38177641932588297,-1.1099901739376037,1.5251962127575889,-0.21623810972908772,0.7785050963005594,-1.177851894974348,0.06599664927436881,0.2744324511807092,-1.0427871768490378,0.1177142948927768,1.066572152642809,1.0400678958661385,-1.0161329645585022,0
0.0428782422044723,0.9009088760241706,1.5251962127575889,-0.3373024705933749,0.4405419421828948,-1.177851894974348,-0.7257958293968509,0.853056793629862,1.4312094766124175,-0.570312581972397,-0.22345527558581418,1.6154868338899002,-1.0161329645585022,1
1.0595727735687044,-1.1099901739376037,-1.179024470547907,-0.22116533130352778,0.9474866733593919,-1.177851894974348,2.7580910767565165,-0.3041918912684436,-1.0427871768490378,3.0991640946418633,-0.22345527558581418,1.4170665104334308,0.9841231756854657,0
1.0595727735687044,-1.1099901739376037,1.5251962127575889,-0.6346255493817828,1.2854498274770565,0.9048055324001227,-0.5040939353689095,-0.3041918912684436,1.5486991412951188,0.23238544103697253,-0.22345527558581418,-1.2616078562289088,-1.0161329645585022,1
0.38177641932588297,0.9009088760241706,1.5251962127575889,-0.22549244255800402,0.4405419421828948,-1.177851894974348,0.0026532509806712224,1.4316811360790147,0.001192415045823164,0.1177142948927768,0.5505611813513597,1.9726434161115456,0.9841231756854657,0
0.0428782422044723,-1.1099901739376037,-0.502969299721533,-0.44969681657186855,-0.5733475201700994,0.9048055324001227,-0.5040939353689095,0.2744324511807092,-1.7510820125076092,-0.2262991435398101,0.03455021005991044,0.3455967637684949,0.9841231756854657,0
0.890123685007999,-1.1099901739376037,-0.502969299721533,-0.22083369138986356,0.9474866733593919,-1.177851894974348,-0.9158260242779438,0.2744324511807092,-0.707102420612748,-0.9143260204049839,0.29255569570563505,1.1789621222856672,0.9841231756854657,0
1.0595727735687044,-1.1099901739376037,-1.179024470547907,-0.4347888128338191,1.2854498274770565,0.9048055324001227,-0.5040939353689095,0.2744324511807092,-0.46205254856025635,-0.2262991435398101,-0.22345527558581418,-2.23386744116561,0.9841231756854657,0
0.7206745964472937,0.9009088760241706,0.8491410419312149,-0.22719801925684865,-0.06640278899360229,-1.177851894974348,0.25602684415546156,0.853056793629862,-1.6705176710108995,0.3470565871811683,0.8085666669970842,-0.44808453005738347,0.9841231756854657,0
0.38177641932588297,0.9009088760241706,0.8491410419312149,-0.22596621386323862,0.4405419421828948,-1.177851894974348,-0.8841543251310949,-0.3041918912684436,-1.6705176710108995,-0.9143260204049839,-0.22345527558581418,-0.11076998018138517,-1.0161329645585022,0
1.2290218621294098,-1.1099901739376037,-0.502969299721533,-0.22667687082109056,1.1164682504182242,0.21058638994196582,-0.5674373336626071,1.4316811360790147,-1.4724636648314886,-0.570312581972397,0.8085666669970842,-0.30919030363785477,0.9841231756854657,0
0.7206745964472937,0.9009088760241706,-1.179024470547907,-0.4731642885578235,0.6095235192417271,0.9048055324001227,-0.5040939353689095,0.2744324511807092,1.5587696839822078,-0.11162799739561437,0.03455021005991044,0.22654456969461315,-1.0161329645585022,1
0.890123685007999,0.9009088760241706,0.8491410419312149,-0.21532215187230078,0.4405419421828948,-1.177851894974348,0.06599664927436881,-0.8828162337175963,1.417782086362966,0.1177142948927768,0.5505611813513597,0.10749237562073138,0.9841231756854657,0
-0.12657084635623306,0.9009088760241706,-1.179024470547907,-0.22138642457930394,0.10257878806523006,-1.177851894974348,-0.8841543251310949,0.2744324511807092,0.001192415045823164,-0.9143260204049839,0.5505611813513597,-0.8647672093159696,0.9841231756854657,0
0.7206745964472937,0.9009088760241706,-0.502969299721533,-0.30079049533662666,1.1164682504182242,0.9048055324001227,-0.5040939353689095,-0.3041918912684436,0.001192415045823164,-0.34097028968400567,1.066572152642809,0.22654456969461315,0.9841231756854657,0
0.38177641932588297,-1.1099901739376037,-1.179024470547907,-0.29633704506742126,0.2715603651240624,0.9048055324001227,-0.5040939353689095,1.4316811360790147,0.23617174441122635,-0.45564143582820127,0.03455021005991044,0.6630692812988462,-1.0161329645585022,0
0.0428782422044723,0.9009088760241706,1.5251962127575889,-0.2213390474487805,0.10257878806523006,-1.177851894974348,-0.8604005507709583,0.2744324511807092,-1.1804179269059165,-0.9143260204049839,0.03455021005991044,1.5361187045073124,-1.0161329645585022,0
0.7206745964472937,-1.1099901739376037,-1.179024470547907,-0.3014853599176375,0.7785050963005594,0.9048055324001227,-0.5040939353689095,-0.8828162337175963,0.7866947446387411,-0.34097028968400567,0.5505611813513597,0.782121475372728,0.9841231756854657,0
0.890123685007999,0.9009088760241706,1.5251962127575889,-0.21674346578800466,0.7785050963005594,-1.177851894974348,-1.1850354670261585,-0.8828162337175963,-0.34120603631519225,-1.2583394588375707,0.03455021005991044,1.1194360252487263,0.9841231756854657,0
-0.12657084635623306,0.9009088760241706,-1.179024470547907,-0.3027803348186121,0.10257878806523006,0.9048055324001227,-0.5040939353689095,-0.3041918912684436,0.7464125738903866,-0.34097028968400567,0.29255569570563505,-1.8568688265983175,-1.0161329645585022,0
0.21232733076517762,0.9009088760241706,0.8491410419312149,-0.22116533130352778,-0.06640278899360229,-1.177851894974348,0.38271364074285674,0.2744324511807092,0.3301634761573873,0.4617277333253637,0.5505611813513597,-2.0156050853634935,0.9841231756854657,0
0.0428782422044723,0.9009088760241706,-0.502969299721533,-0.1861062547161657,0.2715603651240624,0.9048055324001227,-0.5040939353689095,0.853056793629862,-1.2475548781531747,-0.570312581972397,0.8085666669970842,0.7424374106814341,-1.0161329645585022,0
1.0595727735687044,0.9009088760241706,1.5251962127575889,-0.18460597891625607,1.2854498274770565,0.9048055324001227,-0.5040939353689095,0.853056793629862,0.001192415045823164,-0.570312581972397,-0.22345527558581418,-1.678290535487495,0.9841231756854657,0
0.7206745964472937,-1.1099901739376037,-1.179024470547907,-0.1670290634920516,0.10257878806523006,0.9048055324001227,-0.5040939353689095,0.853056793629862,-1.0092187012254088,-0.570312581972397,-0.22345527558581418,0.7225953783357871,0.9841231756854657,0
1.0595727735687044,-1.1099901739376037,0.8491410419312149,-0.2186859281394666,0.4405419421828948,-1.177851894974348,-0.963333572998217,0.853056793629862,-1.6839450612603513,-1.0289971665491795,0.03455021005991044,0.821805540064022,-1.0161329645585022,0
0.890123685007999,0.9009088760241706,0.8491410419312149,-0.14926263954575325,0.9474866733593919,0.9048055324001227,-0.5040939353689095,0.2744324511807092,-1.173704231781191,-0.570312581972397,0.5505611813513597,-0.30919030363785477,0.9841231756854657,0
0.7206745964472937,-1.1099901739376037,1.5251962127575889,-0.22857195604202907,0.7785050963005594,-1.177851894974348,-1.042512820865339,-0.8828162337175963,0.001192415045823164,-1.0289971665491795,0.29255569570563505,1.0202258635204915,-1.0161329645585022,0
-0.12657084635623306,0.9009088760241706,-0.502969299721533,-0.13852382329376847,-0.06640278899360229,0.9048055324001227,-0.5040939353689095,1.4316811360790147,0.5114332445249834,-0.570312581972397,-0.22345527558581418,-0.5671367241312653,0.9841231756854657,0
0.21232733076517762,-1.1099901739376037,-1.179024470547907,-0.22454489994753477,0.4405419421828948,-1.177851894974348,0.06599664927436881,1.4316811360790147,1.9750187817152072,0.1177142948927768,-0.22345527558581418,-1.142555662155027,0.9841231756854657,0
0.7206745964472937,0.9009088760241706,0.8491410419312149,-0.22467123896226399,0.4405419421828948,-1.177851894974348,0.22039618261525667,-1.461440576166749,-1.1233515183457474,0.3470565871811683,0.29255569570563505,0.06780831092943747,-1.0161329645585022,0
0.5512255078865883,-1.1099901739376037,1.5251962127575889,-0.21841745773316698,0.2715603651240624,-1.177851894974348,-0.5674373336626071,1.4316811360790147,-1.1233515183457474,-0.570312581972397,0.03455021005991044,-0.17029607721832604,0.9841231756854657,0
0.0428782422044723,-1.1099901739376037,-0.502969299721533,-0.010400269981485374,-0.06640278899360229,0.9048055324001227,-0.5040939353689095,0.853056793629862,0.6255660616453219,-0.6849837281165926,1.066572152642809,0.46464895784237664,-1.0161329645585022,1
0.890123685007999,0.9009088760241706,-1.179024470547907,0.009166484924704536,0.7785050963005594,0.9048055324001227,-0.5040939353689095,1.4316811360790147,1.327147202179168,-0.6849837281165926,0.29255569570563505,0.32575473142284794,-1.0161329645585022,1
1.2290218621294098,0.9009088760241706,-0.502969299721533,0.056638369709213716,1.4544314045358888,0.9048055324001227,-0.5040939353689095,-1.461440576166749,1.934736610966852,-0.6849837281165926,0.5505611813513597,0.6829113136444932,-1.0161329645585022,1
0.21232733076517762,0.9009088760241706,0.17308587110484092,0.17421261529160587,-0.23538436605243465,0.9048055324001227,-0.5040939353689095,1.4316811360790147,-1.1804179269059165,-0.7996548742607882,0.5505611813513597,0.3654387961141419,0.9841231756854657,0
0.7206745964472937,0.9009088760241706,1.5251962127575889,-0.22285511562553129,0.2715603651240624,-1.177851894974348,0.38271364074285674,-1.461440576166749,-1.1233515183457474,0.4617277333253637,0.03455021005991044,0.5440170872249644,0.9841231756854657,0
0.7206745964472937,0.9009088760241706,-0.502969299721533,-0.22825610850520597,0.6095235192417271,-1.177851894974348,-0.7574675285436998,-0.8828162337175963,0.001192415045823164,-0.7996548742607882,0.29255569570563505,0.06780831092943747,0.9841231756854657,0
0.7206745964472937,0.9009088760241706,1.5251962127575889,0.26680332071129226,0.4405419421828948,0.9048055324001227,-0.5040939353689095,0.2744324511807092,-0.005521280078902488,-0.7996548742607882,1.066572152642809,0.4249648931510827,-1.0161329645585022,0
1.0595727735687044,-1.1099901739376037,0.8491410419312149,-0.21677505054168694,1.2854498274770565,-1.177851894974348,0.06599664927436881,0.2744324511807092,-1.2475548781531747,0.1177142948927768,0.29255569570563505,0.16701847265767225,0.9841231756854657,0
0.7206745964472937,-1.1099901739376037,-0.502969299721533,0.2691563848606242,0.2715603651240624,0.9048055324001227,-0.5040939353689095,0.2744324511807092,-1.0495008719737637,-0.7996548742607882,0.5505611813513597,-0.20998014190961997,0.9841231756854657,0
0.0428782422044723,0.9009088760241706,1.5251962127575889,0.40154387992001894,0.10257878806523006,0.9048055324001227,-0.5040939353689095,1.4316811360790147,-0.2069321338206762,-0.9143260204049839,0.03455021005991044,0.20670253734896618,0.9841231756854657,0
0.38177641932588297,0.9009088760241706,-1.179024470547907,0.4597072038259894,-0.06640278899360229,0.9048055324001227,-0.5040939353689095,-0.8828162337175963,-1.4724636648314886,-0.9143260204049839,0.29255569570563505,0.16701847265767225,0.9841231756854657,0
0.0428782422044723,-1.1099901739376037,-1.179024470547907,-0.22072314475197546,-0.06640278899360229,-1.177851894974348,0.06599664927436881,1.4316811360790147,-0.34120603631519225,0.1177142948927768,0.8085666669970842,0.3654387961141419,0.9841231756854657,0
1.0595727735687044,-1.1099901739376037,-1.179024470547907,0.4594071486660075,1.2854498274770565,0.9048055324001227,-0.5040939353689095,0.2744324511807092,0.001192415045823164,-0.9143260204049839,0.29255569570563505,1.2186461869769611,0.9841231756854657,0
0.7206745964472937,0.9009088760241706,0.8491410419312149,0.5573040927043217,0.9474866733593919,0.9048055324001227,-0.5040939353689095,-0.3041918912684436,0.1791053358510565,-0.9143260204049839,-0.22345527558581418,0.08765034327508442,-1.0161329645585022,0
0.21232733076517762,-1.1099901739376037,-0.502969299721533,0.5774393731767932,-0.404365943111267,0.9048055324001227,-0.5040939353689095,-0.3041918912684436,0.16232109803924238,-1.0289971665491795,0.5505611813513597,0.3654387961141419,-1.0161329645585022,0
0.7206745964472937,-1.1099901739376037,0.17308587110484092,-0.22137063220246278,0.7785050963005594,-1.177851894974348,-0.7257958293968509,-1.461440576166749,-1.7510820125076092,-0.6849837281165926,0.03455021005991044,-0.32903233598350173,0.9841231756854657,0
0.0428782422044723,0.9009088760241706,1.5251962127575889,-0.22045467434567587,-0.06640278899360229,-1.177851894974348,0.22435514500861276,0.853056793629862,-1.4993184453303918,0.3470565871811683,0.8085666669970842,1.734539027963782,0.9841231756854657,0
0.0428782422044723,0.9009088760241706,-1.179024470547907,-0.22378686585915936,0.10257878806523006,-1.177851894974348,-0.527847709729046,1.4316811360790147,-0.34120603631519225,-0.45564143582820127,0.03455021005991044,-0.07108591549009124,0.9841231756854657,0
0.5512255078865883,0.9009088760241706,-1.179024470547907,-0.34065045448369957,0.6095235192417271,-1.177851894974348,-0.7257958293968509,0.853056793629862,-0.21700267650776528,-0.570312581972397,-0.22345527558581418,0.286070666731554,-1.0161329645585022,1
0.5512255078865883,0.9009088760241706,0.8491410419312149,-0.21829111871843776,0.10257878806523006,-1.177851894974348,-0.5674373336626071,-1.461440576166749,-1.2979075915886182,-0.570312581972397,-0.22345527558581418,0.8416475724096689,-1.0161329645585022,0
0.38177641932588297,-1.1099901739376037,-1.179024470547907,-0.2222550053055674,0.2715603651240624,-1.177851894974348,0.8577891279455886,0.2744324511807092,1.2465828606824585,1.035083464046342,0.8085666669970842,0.286070666731554,0.9841231756854657,0
0.0428782422044723,0.9009088760241706,-0.502969299721533,-0.21721723709323926,-0.06640278899360229,-1.177851894974348,0.30353439287573475,-1.461440576166749,-1.0495008719737637,0.3470565871811683,0.03455021005991044,0.9606997664835506,0.9841231756854657,0
0.7206745964472937,-1.1099901739376037,1.5251962127575889,-0.21983877164887083,0.10257878806523006,-1.177851894974348,-0.963333572998217,0.853056793629862,-1.0495008719737637,-1.0289971665491795,0.03455021005991044,0.5043330225336705,0.9841231756854657,0
0.0428782422044723,-1.1099901739376037,-1.179024470547907,-0.22039150483831124,-0.5733475201700994,-1.177851894974348,-1.327558113186978,-0.3041918912684436,-1.173704231781191,-1.3730106049817663,0.29255569570563505,0.6630692812988462,-1.0161329645585022,0
1.0595727735687044,-1.1099901739376037,-0.502969299721533,-0.22405533626545898,0.7785050963005594,-1.177851894974348,-0.8841543251310949,-0.3041918912684436,-1.5496711587658354,-0.9143260204049839,-0.22345527558581418,0.32575473142284794,0.9841231756854657,0
-0.12657084635623306,0.9009088760241706,1.5251962127575889,-0.22203391202979125,-0.5733475201700994,-1.177851894974348,-1.2008713165995828,-1.461440576166749,-1.2979075915886182,-1.2583394588375707,0.8085666669970842,0.08765034327508442,0.9841231756854657,0
-0.12657084635623306,-1.1099901739376037,-1.179024470547907,-0.7329173028411259,-0.06640278899360229,0.9048055324001227,-0.42491468750178746,0.2744324511807092,-0.34120603631519225,0.8057411717579506,0.29255569570563505,-0.32903233598350173,0.9841231756854657,0
0.5512255078865883,-1.1099901739376037,-0.502969299721533,-0.33591274143135336,0.10257878806523006,-1.177851894974348,-0.2507203421941191,0.2744324511807092,-1.2979075915886182,0.003043148748581378,0.5505611813513597,0.7027533459901402,-1.0161329645585022,1
0.38177641932588297,-1.1099901739376037,0.8491410419312149,-0.5065493732000232,0.4405419421828948,0.9048055324001227,-0.4209557251084314,-0.8828162337175963,-1.0495008719737637,0.003043148748581378,0.8085666669970842,1.238488219322608,-1.0161329645585022,0
0.38177641932588297,0.9009088760241706,-0.502969299721533,-0.22816135424415904,-0.06640278899360229,-1.177851894974348,-0.7257958293968509,-0.8828162337175963,-1.0495008719737637,-0.6849837281165926,-0.22345527558581418,0.9606997664835506,0.9841231756854657,0
0.0428782422044723,0.9009088760241706,-0.502969299721533,-0.22042308959199355,-0.404365943111267,-1.177851894974348,-0.052772222526314166,-0.8828162337175963,0.11868207972852446,0.003043148748581378,1.066572152642809,0.9011736694466097,-1.0161329645585022,0
0.7206745964472937,-1.1099901739376037,1.5251962127575889,-0.42810863743001093,1.2854498274770565,0.9048055324001227,-0.4169967627150753,0.2744324511807092,-0.3680608168140954,-0.11162799739561437,0.8085666669970842,0.286070666731554,-1.0161329645585022,0
0.21232733076517762,-1.1099901739376037,-0.502969299721533,-0.22193915776874434,-0.23538436605243465,-1.177851894974348,-0.7257958293968509,-1.461440576166749,-1.2979075915886182,-0.6849837281165926,-0.22345527558581418,0.6233852166075523,-1.0161329645585022,0
1.0595727735687044,0.9009088760241706,-0.502969299721533,-0.22593462910955633,0.4405419421828948,0.21058638994196582,-0.7257958293968509,0.2744324511807092,-0.12972463988633004,-0.6849837281165926,0.29255569570563505,-0.8250831446246757,-1.0161329645585022,0
1.2290218621294098,-1.1099901739376037,-0.502969299721533,-0.7710874776661953,1.2854498274770565,0.9048055324001227,-0.4090788379283631,0.853056793629862,1.5688402266692962,1.035083464046342,0.29255569570563505,1.1392780575943733,-1.0161329645585022,1
0.890123685007999,-1.1099901739376037,1.5251962127575889,-0.22211287391399703,1.2854498274770565,-1.177851894974348,-0.3298995900612411,1.4316811360790147,0.7430557263280237,-0.34097028968400567,1.066572152642809,1.8734332543833108,-1.0161329645585022,0
-0.12657084635623306,-1.1099901739376037,-1.179024470547907,-0.2233604716844482,-0.06640278899360229,0.21058638994196582,0.0026532509806712224,-0.3041918912684436,0.3939435798422821,0.1177142948927768,0.5505611813513597,1.0003838311748445,-1.0161329645585022,0
0.21232733076517762,0.9009088760241706,0.8491410419312149,-0.7516944389052581,0.10257878806523006,0.9048055324001227,-0.4090788379283631,-0.8828162337175963,0.001192415045823164,0.9204123179021463,0.8085666669970842,-1.5989224061049072,0.9841231756854657,0
0.0428782422044723,0.9009088760241706,1.5251962127575889,-0.21802264831213813,0.2715603651240624,-1.177851894974348,0.06599664927436881,-0.8828162337175963,-0.811164695045998,0.1177142948927768,0.5505611813513597,0.8416475724096689,-1.0161329645585022,0
0.21232733076517762,0.9009088760241706,0.8491410419312149,-0.738049825314501,0.2715603651240624,0.9048055324001227,-0.4090788379283631,1.4316811360790147,0.9108981044461687,0.8057411717579506,0.29255569570563505,-2.9481806056089,0.9841231756854657,0
0.7206745964472937,0.9009088760241706,-0.502969299721533,-0.7239630251721916,0.7785050963005594,0.9048055324001227,-0.4090788379283631,0.2744324511807092,-1.4993184453303918,0.8057411717579506,0.8085666669970842,-2.49181386165902,0.9841231756854657,0
0.7206745964472937,0.9009088760241706,-0.502969299721533,-0.22421326003387052,0.7785050963005594,-1.177851894974348,0.06599664927436881,0.2744324511807092,-1.0964967378468442,0.1177142948927768,0.29255569570563505,-0.4877685947486774,0.9841231756854657,0
-0.12657084635623306,-1.1099901739376037,1.5251962127575889,-0.7216415457765419,-0.404365943111267,0.9048055324001227,-0.4090788379283631,-0.8828162337175963,-0.018948670328354386,0.6910700256137552,0.03455021005991044,0.008282213892496587,0.9841231756854657,0
0.38177641932588297,-1.1099901739376037,-0.502969299721533,-0.7207729650502784,0.2715603651240624,0.9048055324001227,-0.4090788379283631,0.853056793629862,0.7430557263280237,0.6910700256137552,1.066572152642809,0.18686050500331922,-1.0161329645585022,0
0.38177641932588297,0.9009088760241706,-1.179024470547907,-0.22482916273067555,0.2715603651240624,-1.177851894974348,-0.7257958293968509,0.853056793629862,-1.0092187012254088,-0.6849837281165926,0.5505611813513597,1.1591200899400202,0.9841231756854657,0
0.21232733076517762,-1.1099901739376037,0.8491410419312149,-0.22438697617912323,0.10257878806523006,-1.177851894974348,0.38271364074285674,-1.461440576166749,-0.5661148229935064,0.4617277333253637,0.29255569570563505,0.4844909901880236,-1.0161329645585022,0
1.0595727735687044,-1.1099901739376037,-1.179024470547907,-0.6981109042832223,1.1164682504182242,0.9048055324001227,-0.4090788379283631,0.2744324511807092,-0.5661148229935064,0.6910700256137552,1.066572152642809,0.8416475724096689,0.9841231756854657,0
0.7206745964472937,-1.1099901739376037,-1.179024470547907,-0.22111795417300434,0.6095235192417271,-1.177851894974348,0.5410721364771007,1.4316811360790147,0.5114332445249834,0.6910700256137552,1.066572152642809,-1.0433455004267922,-1.0161329645585022,0
0.7206745964472937,-1.1099901739376037,-0.502969299721533,-0.7044120626428428,0.7785050963005594,0.9048055324001227,-0.4090788379283631,0.2744324511807092,-1.173704231781191,0.6910700256137552,1.066572152642809,1.4964346398160184,-1.0161329645585022,0
-0.12657084635623306,-1.1099901739376037,0.8491410419312149,-0.6971633616727531,-0.23538436605243465,0.9048055324001227,-0.4090788379283631,-1.461440576166749,-1.6705176710108995,0.6910700256137552,1.066572152642809,0.3455967637684949,0.9841231756854657,0
0.5512255078865883,0.9009088760241706,1.5251962127575889,-0.682808091124144,-0.23538436605243465,0.9048055324001227,-0.4090788379283631,-0.8828162337175963,-1.371758237960602,0.5763988794695595,0.5505611813513597,0.22654456969461315,-1.0161329645585022,0
-0.12657084635623306,-1.1099901739376037,1.5251962127575889,-0.6779124543033862,0.2715603651240624,0.9048055324001227,-0.4090788379283631,0.2744324511807092,1.5486991412951188,0.5763988794695595,0.03455021005991044,0.4249648931510827,-1.0161329645585022,1
0.5512255078865883,0.9009088760241706,-1.179024470547907,-0.6808972135263643,0.9474866733593919,0.9048055324001227,-0.4090788379283631,0.2744324511807092,0.3301634761573873,0.5763988794695595,0.5505611813513597,-0.24966420660091387,-1.0161329645585022,0
0.890123685007999,0.9009088760241706,0.8491410419312149,-0.22631364615374402,0.9474866733593919,-1.177851894974348,-1.042512820865339,-1.461440576166749,-1.3482603050240614,-1.0289971665491795,0.29255569570563505,1.0995939929030794,-1.0161329645585022,0
1.0595727735687044,-1.1099901739376037,-0.502969299721533,-0.219649263126777,0.7785050963005594,-1.177851894974348,-0.4090788379283631,0.853056793629862,0.2965950005337584,-0.34097028968400567,0.8085666669970842,0.9210157017922567,0.9841231756854657,0
0.0428782422044723,-1.1099901739376037,-1.179024470547907,-0.21791210167425004,-0.23538436605243465,-1.177851894974348,0.6598410082777837,-0.3041918912684436,0.04483143335654109,0.8057411717579506,0.29255569570563505,-0.9441353386985575,0.9841231756854657,0
-0.12657084635623306,-1.1099901739376037,-0.502969299721533,-0.6771228354613286,-0.06640278899360229,0.9048055324001227,-0.4090788379283631,-1.461440576166749,-0.21364582894540246,0.5763988794695595,0.29255569570563505,-1.4203441149940845,0.9841231756854657,0
0.21232733076517762,-1.1099901739376037,0.8491410419312149,-0.6808972135263643,-0.06640278899360229,0.9048055324001227,-0.4090788379283631,0.2744324511807092,0.7866947446387411,0.5763988794695595,1.066572152642809,-0.36871640067479566,-1.0161329645585022,0
0.21232733076517762,0.9009088760241706,-1.179024470547907,-0.22462386183174055,0.2715603651240624,-1.177851894974348,1.8079401023510524,-1.461440576166749,-0.3512765790022807,2.0671237793441026,0.03455021005991044,-2.23386744116561,0.9841231756854657,0
0.21232733076517762,-1.1099901739376037,-0.502969299721533,-0.6779282466802273,-0.23538436605243465,0.9048055324001227,-0.4090788379283631,1.4316811360790147,0.3939435798422821,0.5763988794695595,0.8085666669970842,1.1194360252487263,-1.0161329645585022,0
-0.12657084635623306,0.9009088760241706,-0.502969299721533,-0.21819636445739082,-0.06640278899360229,-1.177851894974348,-0.5674373336626071,1.4316811360790147,0.11868207972852446,-0.570312581972397,0.03455021005991044,0.18686050500331922,0.9841231756854657,0
-0.12657084635623306,0.9009088760241706,-0.502969299721533,-0.22024937344674086,-0.404365943111267,-1.177851894974348,-0.09236184645987515,0.853056793629862,-1.6839450612603513,0.003043148748581378,-0.22345527558581418,1.278172284013902,0.9841231756854657,0
0.38177641932588297,0.9009088760241706,-0.502969299721533,-0.6803918574674475,0.6095235192417271,0.9048055324001227,-0.4090788379283631,0.2744324511807092,0.001192415045823164,0.5763988794695595,0.5505611813513597,0.4844909901880236,-1.0161329645585022,0
-0.12657084635623306,-1.1099901739376037,-1.179024470547907,-0.6514918078481354,-0.23538436605243465,0.9048055324001227,-0.4090788379283631,0.853056793629862,-0.37813135950118393,0.4617277333253637,0.8085666669970842,-1.0235034680811452,-1.0161329645585022,0
0.7206745964472937,0.9009088760241706,-0.502969299721533,-0.6391579615351941,0.10257878806523006,0.9048055324001227,-0.4090788379283631,-0.3041918912684436,1.3103629643673533,0.4617277333253637,0.8085666669970842,1.1194360252487263,-1.0161329645585022,1
0.21232733076517762,0.9009088760241706,-1.179024470547907,-0.21304804960717458,0.9474866733593919,-1.177851894974348,-0.8406057388041779,0.853056793629862,0.001192415045823164,-0.9143260204049839,-0.22345527558581418,0.782121475372728,0.9841231756854657,0
0.21232733076517762,-1.1099901739376037,-0.502969299721533,-0.2098421971084203,0.6095235192417271,-1.177851894974348,-0.5674373336626071,1.4316811360790147,-1.2979075915886182,-0.570312581972397,0.8085666669970842,0.7424374106814341,-1.0161329645585022,0
0.5512255078865883,0.9009088760241706,-1.179024470547907,-0.6245184282034443,0.4405419421828948,0.9048055324001227,-0.4090788379283631,1.4316811360790147,-0.707102420612748,0.3470565871811683,1.066572152642809,-0.07108591549009124,0.9841231756854657,0
0.38177641932588297,-1.1099901739376037,-0.502969299721533,-0.21063181595047803,0.4405419421828948,-1.177851894974348,-1.121692068732461,1.4316811360790147,-0.34120603631519225,-1.143668312693375,0.29255569570563505,0.5241750548793175,-1.0161329645585022,0
-0.12657084635623306,-1.1099901739376037,1.5251962127575889,-0.5986189301839516,-0.404365943111267,0.9048055324001227,-0.4090788379283631,0.2744324511807092,1.6628319584154578,0.3470565871811683,1.066572152642809,-0.44808453005738347,0.9841231756854657,0
0.0428782422044723,0.9009088760241706,1.5251962127575889,-0.5842794520121837,-0.06640278899360229,0.9048055324001227,-0.4090788379283631,0.853056793629862,0.5651428055227898,0.23238544103697253,0.5505611813513597,0.4448069254967297,0.9841231756854657,0
0.21232733076517762,-1.1099901739376037,-1.179024470547907,-0.2127322020703515,0.2715603651240624,-1.177851894974348,-0.646616581529729,-1.461440576166749,0.5114332445249834,-0.6849837281165926,0.5505611813513597,0.5043330225336705,0.9841231756854657,0
0.21232733076517762,0.9009088760241706,-1.179024470547907,-0.5836161721848552,-0.06640278899360229,0.9048055324001227,-0.4090788379283631,0.2744324511807092,0.561785957960427,0.23238544103697253,0.8085666669970842,-0.5274526594399713,0.9841231756854657,0
0.21232733076517762,-1.1099901739376037,-0.502969299721533,-0.5786415734798916,0.2715603651240624,0.9048055324001227,-0.4090788379283631,0.2744324511807092,-0.7138161157374736,0.23238544103697253,-0.22345527558581418,0.6630692812988462,0.9841231756854657,0
1.2290218621294098,0.9009088760241706,-0.502969299721533,-0.5674131935458311,1.9613761357123858,0.9048055324001227,-0.4090788379283631,0.2744324511807092,-1.3751150855229646,0.23238544103697253,0.8085666669970842,-1.4401861473397315,0.9841231756854657,0
0.7206745964472937,-1.1099901739376037,-0.502969299721533,-0.20278300466042443,0.4405419421828948,-1.177851894974348,-0.4090788379283631,0.2744324511807092,-1.371758237960602,-0.45564143582820127,0.5505611813513597,1.6750129309268411,-1.0161329645585022,0
0.5512255078865883,-1.1099901739376037,-1.179024470547907,-0.5633703450744957,0.2715603651240624,0.9048055324001227,-0.4090788379283631,-0.8828162337175963,0.9108981044461687,0.23238544103697253,0.5505611813513597,0.9805417988291976,-1.0161329645585022,0
0.0428782422044723,0.9009088760241706,-1.179024470547907,-0.6675526550955891,-0.06640278899360229,0.9048055324001227,-0.4090788379283631,-0.3041918912684436,1.327147202179168,0.5763988794695595,0.29255569570563505,-0.17029607721832604,-1.0161329645585022,1
0.38177641932588297,-1.1099901739376037,0.8491410419312149,-0.6654206842220334,0.7785050963005594,0.9048055324001227,-0.4090788379283631,-0.3041918912684436,0.001192415045823164,0.5763988794695595,-0.22345527558581418,-0.8250831446246757,-1.0161329645585022,1
-0.12657084635623306,-1.1099901739376037,-1.179024470547907,-0.5558847584517886,-0.06640278899360229,0.9048055324001227,-0.4090788379283631,-1.461440576166749,-0.07601507888852362,0.23238544103697253,0.5505611813513597,-1.3012919209202027,0.9841231756854657,0
0.38177641932588297,0.9009088760241706,-0.502969299721533,-0.32255239062373703,0.4405419421828948,-1.177851894974348,-1.327558113186978,-0.8828162337175963,1.1223795008750308,-1.3730106049817663,0.29255569570563505,-0.051243883144444294,-1.0161329645585022,1
-0.12657084635623306,0.9009088760241706,-0.502969299721533,-0.2084050908158753,-0.404365943111267,0.21058638994196582,1.07949102197353,0.853056793629862,0.9981761410676039,1.2644257563347332,0.8085666669970842,-0.011559818453150373,0.9841231756854657,0
0.0428782422044723,-1.1099901739376037,-1.179024470547907,-0.5412610174968799,0.10257878806523006,0.9048055324001227,-0.4090788379283631,-1.461440576166749,-0.5661148229935064,0.1177142948927768,0.5505611813513597,-1.5393963090679663,0.9841231756854657,0
0.7206745964472937,-1.1099901739376037,0.8491410419312149,-0.5435035350083238,0.7785050963005594,0.9048055324001227,-0.4090788379283631,0.853056793629862,0.8269769153870962,0.1177142948927768,1.066572152642809,-0.8052411122790287,0.9841231756854657,0
0.0428782422044723,0.9009088760241706,-0.502969299721533,-0.20622574281179604,0.10257878806523006,-1.177851894974348,-0.5040939353689095,0.853056793629862,0.001192415045823164,-0.45564143582820127,-0.22345527558581418,-0.7457150152420878,0.9841231756854657,0
0.7206745964472937,-1.1099901739376037,-1.179024470547907,-0.5332542824384148,1.1164682504182242,0.9048055324001227,-0.4090788379283631,1.4316811360790147,-0.3680608168140954,0.1177142948927768,0.5505611813513597,0.9210157017922567,0.9841231756854657,0
0.21232733076517762,0.9009088760241706,-1.179024470547907,-0.6337253839018371,0.10257878806523006,0.9048055324001227,-0.4090788379283631,-0.8828162337175963,1.223084927745918,0.4617277333253637,1.066572152642809,-0.051243883144444294,-1.0161329645585022,1
-0.12657084635623306,-1.1099901739376037,-1.179024470547907,-0.5229102756074588,0.2715603651240624,0.9048055324001227,-0.4090788379283631,1.4316811360790147,-1.1233515183457474,0.1177142948927768,0.03455021005991044,-0.20998014190961997,0.9841231756854657,0
-0.12657084635623306,-1.1099901739376037,0.8491410419312149,-0.5149035405489938,0.10257878806523006,0.9048055324001227,-0.4090788379283631,0.2744324511807092,-1.173704231781191,0.1177142948927768,0.03455021005991044,-1.7775006972157297,0.9841231756854657,0
0.5512255078865883,-1.1099901739376037,-1.179024470547907,-0.5057913391116479,0.7785050963005594,0.9048055324001227,-0.4090788379283631,0.853056793629862,0.001192415045823164,0.1177142948927768,0.8085666669970842,0.5638591195706114,-1.0161329645585022,0
1.2290218621294098,0.9009088760241706,0.8491410419312149,-0.6219758555320185,1.2854498274770565,0.9048055324001227,-0.4090788379283631,-0.8828162337175963,-1.0427871768490378,0.3470565871811683,0.8085666669970842,-0.686188918205147,-1.0161329645585022,1
0.5512255078865883,-1.1099901739376037,-0.502969299721533,-0.3187306354281777,0.6095235192417271,-1.177851894974348,-0.17154109432699713,-0.3041918912684436,1.0418151593783211,0.003043148748581378,0.8085666669970842,0.9606997664835506,-1.0161329645585022,1
-0.12657084635623306,-1.1099901739376037,1.5251962127575889,-0.20346207686459405,-0.5733475201700994,0.21058638994196582,-0.2507203421941191,-0.3041918912684436,1.0418151593783211,-0.2262991435398101,0.8085666669970842,0.8614896047553159,-1.0161329645585022,0
0.21232733076517762,0.9009088760241706,1.5251962127575889,-0.4878038218895734,0.6095235192417271,0.9048055324001227,-0.4090788379283631,0.853056793629862,-0.5661148229935064,0.003043148748581378,0.03455021005991044,1.8139071573463699,-1.0161329645585022,0
0.21232733076517762,-1.1099901739376037,0.8491410419312149,-0.483255617359321,0.10257878806523006,0.9048055324001227,-0.4090788379283631,0.2744324511807092,0.6154955189582334,0.003043148748581378,-0.22345527558581418,0.12733440796637835,0.9841231756854657,0
0.0428782422044723,0.9009088760241706,1.5251962127575889,-0.5960289803820022,-0.911310674287764,0.9048055324001227,-0.4090788379283631,-0.8828162337175963,0.8336906105118219,0.3470565871811683,-0.22345527558581418,0.06780831092943747,-1.0161329645585022,1
0.890123685007999,0.9009088760241706,1.5251962127575889,-0.20057207190266285,0.2715603651240624,-1.177851894974348,-0.963333572998217,-0.3041918912684436,-0.11965409719924096,-1.0289971665491795,-0.22345527558581418,0.3455967637684949,0.9841231756854657,0
0.5512255078865883,-1.1099901739376037,-1.179024470547907,-0.4861772070749345,0.4405419421828948,0.9048055324001227,-0.4090788379283631,-0.8828162337175963,-0.4654093961226198,0.003043148748581378,0.8085666669970842,1.0797519605574324,0.9841231756854657,0
0.38177641932588297,0.9009088760241706,-1.179024470547907,-0.20134589836787942,0.4405419421828948,-1.177851894974348,1.0161476236798326,-0.3041918912684436,0.001192415045823164,1.1497546101905376,0.03455021005991044,-0.5076106270943244,0.9841231756854657,0
0.21232733076517762,0.9009088760241706,1.5251962127575889,-0.4912939371714684,0.4405419421828948,0.9048055324001227,-0.4090788379283631,1.4316811360790147,-1.2979075915886182,0.003043148748581378,-0.22345527558581418,-0.03140185079879733,0.9841231756854657,0
-0.12657084635623306,-1.1099901739376037,0.8491410419312149,-0.20403060243087562,-0.23538436605243465,-1.177851894974348,-0.7257958293968509,0.853056793629862,-1.4724636648314886,-0.7996548742607882,0.03455021005991044,0.6829113136444932,0.9841231756854657,0
1.2290218621294098,0.9009088760241706,0.8491410419312149,-0.4896357376031472,1.2854498274770565,0.9048055324001227,-0.4090788379283631,1.4316811360790147,1.6997572816014495,0.003043148748581378,0.5505611813513597,-1.6187644384505542,-1.0161329645585022,0
0.0428782422044723,-1.1099901739376037,-0.502969299721533,-0.48832497032533145,0.4405419421828948,0.9048055324001227,-0.4090788379283631,0.853056793629862,-0.811164695045998,0.003043148748581378,1.066572152642809,0.4448069254967297,0.9841231756854657,0
0.5512255078865883,0.9009088760241706,0.8491410419312149,-0.20463071275083947,0.6095235192417271,-1.177851894974348,-0.8841543251310949,1.4316811360790147,0.4745079213389917,-0.9143260204049839,0.8085666669970842,-1.9163949236352584,0.9841231756854657,0
0.0428782422044723,0.9009088760241706,-0.502969299721533,-0.209605311455803,-0.23538436605243465,-1.177851894974348,1.6495816066168083,-0.3041918912684436,-1.4724636648314886,1.8377814870557112,1.066572152642809,-0.03140185079879733,-1.0161329645585022,0
0.21232733076517762,-1.1099901739376037,1.5251962127575889,-0.20253032663096596,0.4405419421828948,-1.177851894974348,-0.7257958293968509,-0.3041918912684436,0.001192415045823164,-0.7996548742607882,0.5505611813513597,0.6829113136444932,0.9841231756854657,0
1.2290218621294098,0.9009088760241706,0.8491410419312149,-0.4671158082276615,1.1164682504182242,0.9048055324001227,-0.4090788379283631,-0.8828162337175963,0.8336906105118219,0.003043148748581378,0.29255569570563505,1.0599099282117854,0.9841231756854657,0
0.38177641932588297,0.9009088760241706,-1.179024470547907,-0.2021039324562548,0.2715603651240624,-1.177851894974348,0.30353439287573475,-0.8828162337175963,-1.0427871768490378,0.3470565871811683,0.8085666669970842,1.0003838311748445,-1.0161329645585022,0
-0.12657084635623306,-1.1099901739376037,-0.502969299721533,-0.46506279923831145,0.10257878806523006,0.9048055324001227,-0.4090788379283631,-1.461440576166749,0.5785701957722418,0.003043148748581378,-0.22345527558581418,0.4844909901880236,0.9841231756854657,0
0.0428782422044723,-1.1099901739376037,0.8491410419312149,-0.20452016611295137,-0.06640278899360229,0.21058638994196582,1.3328646151483206,0.853056793629862,-1.0427871768490378,1.4937680486231246,0.03455021005991044,-0.9044512740072636,0.9841231756854657,0
-0.12657084635623306,0.9009088760241706,-0.502969299721533,-0.5819895573702163,-0.06640278899360229,0.9048055324001227,-0.4090788379283631,1.4316811360790147,1.3103629643673533,0.23238544103697253,0.5505611813513597,1.0599099282117854,-1.0161329645585022,1
0.21232733076517762,-1.1099901739376037,1.5251962127575889,-0.4553346951041606,0.2715603651240624,0.9048055324001227,-0.4090788379283631,-0.8828162337175963,-1.7510820125076092,0.003043148748581378,1.066572152642809,0.9805417988291976,-1.0161329645585022,0
-0.12657084635623306,-1.1099901739376037,-1.179024470547907,-0.19875594856593015,-0.7423290972289317,-1.177851894974348,0.06599664927436881,0.853056793629862,-1.0427871768490378,0.1177142948927768,0.03455021005991044,-0.36871640067479566,0.9841231756854657,0
-0.12657084635623306,0.9009088760241706,-1.179024470547907,-0.2009037118163271,-0.23538436605243465,-1.177851894974348,-0.09236184645987515,-1.461440576166749,-1.173704231781191,-0.11162799739561437,0.5505611813513597,1.0202258635204915,0.9841231756854657,0
0.5512255078865883,-1.1099901739376037,0.8491410419312149,-0.452713160548529,0.7785050963005594,0.9048055324001227,-0.4090788379283631,0.2744324511807092,-1.0427871768490378,0.003043148748581378,0.29255569570563505,0.0479662785837905,0.9841231756854657,0
0.0428782422044723,0.9009088760241706,-1.179024470547907,-0.45233414350434126,-0.404365943111267,0.9048055324001227,-0.4090788379283631,1.4316811360790147,0.03476089066945202,0.003043148748581378,0.03455021005991044,0.008282213892496587,-1.0161329645585022,0
0.890123685007999,0.9009088760241706,1.5251962127575889,-0.5655496930785749,0.6095235192417271,0.9048055324001227,-0.4090788379283631,-1.461440576166749,-1.7510820125076092,0.23238544103697253,-0.22345527558581418,0.8614896047553159,-1.0161329645585022,1
0.0428782422044723,-1.1099901739376037,-1.179024470547907,-0.20794711188748183,0.4405419421828948,0.21058638994196582,-0.45658638664863627,-1.461440576166749,1.934736610966852,-0.45564143582820127,0.29255569570563505,1.0995939929030794,0.9841231756854657,0
0.0428782422044723,-1.1099901739376037,0.8491410419312149,-0.2055466706076264,0.7785050963005594,-1.177851894974348,-0.2507203421941191,0.2744324511807092,0.001192415045823164,-0.2262991435398101,0.5505611813513597,-0.051243883144444294,0.9841231756854657,0
0.0428782422044723,-1.1099901739376037,-0.502969299721533,-0.20529399257816794,0.10257878806523006,-1.177851894974348,1.9662985980852963,-1.461440576166749,0.001192415045823164,2.1817949254882985,1.066572152642809,-1.0830295651180861,0.9841231756854657,0
1.0595727735687044,-1.1099901739376037,0.8491410419312149,-0.20733120919067682,0.6095235192417271,-1.177851894974348,-1.121692068732461,-0.3041918912684436,0.8336906105118219,-1.143668312693375,0.29255569570563505,0.4844909901880236,0.9841231756854657,0
1.0595727735687044,0.9009088760241706,-0.502969299721533,-0.2078839423801172,0.4405419421828948,-1.177851894974348,-0.4090788379283631,-0.8828162337175963,0.8336906105118219,-0.45564143582820127,1.066572152642809,0.9210157017922567,-1.0161329645585022,0
-0.12657084635623306,0.9009088760241706,-1.179024470547907,-0.2016933306583848,-0.23538436605243465,0.21058638994196582,-0.804975077263973,-0.8828162337175963,0.8336906105118219,-0.7996548742607882,0.5505611813513597,1.3972244780877838,-1.0161329645585022,0
0.21232733076517762,0.9009088760241706,0.8491410419312149,-0.19957715216167016,0.4405419421828948,-1.177851894974348,0.4816877005767592,1.4316811360790147,-1.0427871768490378,0.5763988794695595,0.03455021005991044,-1.2814498885745558,-1.0161329645585022,0
0.5512255078865883,0.9009088760241706,1.5251962127575889,-0.204583335620316,0.6095235192417271,-1.177851894974348,-0.2507203421941191,-1.461440576166749,-1.1804179269059165,-0.2262991435398101,0.8085666669970842,0.6233852166075523,0.9841231756854657,0
0.0428782422044723,0.9009088760241706,0.8491410419312149,-0.43077754911616595,-0.06640278899360229,0.9048055324001227,-0.4090788379283631,0.2744324511807092,0.001192415045823164,-0.11162799739561437,0.5505611813513597,0.40512286080543575,0.9841231756854657,0
0.21232733076517762,0.9009088760241706,-1.179024470547907,-0.20325677596565905,-0.23538436605243465,-1.177851894974348,0.38271364074285674,0.853056793629862,-1.1804179269059165,0.4617277333253637,0.03455021005991044,1.1392780575943733,0.9841231756854657,0
0.890123685007999,0.9009088760241706,-1.179024470547907,-0.4333517065412741,0.6095235192417271,0.9048055324001227,-0.4090788379283631,-0.8828162337175963,-1.0495008719737637,-0.11162799739561437,0.03455021005991044,0.08765034327508442,0.9841231756854657,0
0.38177641932588297,0.9009088760241706,-1.179024470547907,-0.20360420825616446,0.4405419421828948,-1.177851894974348,-0.4882580857954851,0.853056793629862,-0.005521280078902488,-0.45564143582820127,0.8085666669970842,-0.4877685947486774,-1.0161329645585022,0
0.0428782422044723,0.9009088760241706,-0.502969299721533,-0.2020407629488902,0.4405419421828948,-1.177851894974348,-1.1375279183058853,-0.8828162337175963,0.001192415045823164,-1.143668312693375,0.5505611813513597,0.6432272489531993,-1.0161329645585022,0
-0.12657084635623306,0.9009088760241706,-0.502969299721533,-0.40904723858273795,0.2715603651240624,0.9048055324001227,-0.4090788379283631,0.2744324511807092,-1.2979075915886182,-0.11162799739561437,0.29255569570563505,-0.8449251769703227,0.9841231756854657,0
0.0428782422044723,0.9009088760241706,1.5251962127575889,-0.2019302163110021,0.4405419421828948,0.21058638994196582,1.6495816066168083,1.4316811360790147,-1.1804179269059165,1.8377814870557112,0.03455021005991044,0.8614896047553159,-1.0161329645585022,0
1.0595727735687044,0.9009088760241706,-0.502969299721533,-0.19676610908394473,1.6234129815947211,-1.177851894974348,0.5094004373302519,1.4316811360790147,-1.8752853723150364,0.5763988794695595,0.8085666669970842,0.16701847265767225,0.9841231756854657,0
-0.12657084635623306,0.9009088760241706,0.8491410419312149,-0.4069942295933879,-0.404365943111267,0.9048055324001227,-0.4090788379283631,1.4316811360790147,-0.33784918875282943,-0.11162799739561437,0.03455021005991044,0.16701847265767225,0.9841231756854657,0
0.0428782422044723,0.9009088760241706,0.8491410419312149,-0.3210836995775097,-0.404365943111267,-1.177851894974348,-0.24676137980076301,1.4316811360790147,0.001192415045823164,-0.11162799739561437,0.29255569570563505,-0.5671367241312653,-1.0161329645585022,1
0.38177641932588297,0.9009088760241706,0.8491410419312149,-0.2149747195817954,0.6095235192417271,-1.177851894974348,-0.5674373336626071,0.853056793629862,0.665848232393677,-0.570312581972397,0.03455021005991044,0.9606997664835506,-1.0161329645585022,0
0.0428782422044723,0.9009088760241706,-0.502969299721533,-0.20649421321809563,0.2715603651240624,-1.177851894974348,-0.4090788379283631,0.2744324511807092,0.001192415045823164,-0.45564143582820127,0.03455021005991044,0.8614896047553159,-1.0161329645585022,0
1.2290218621294098,0.9009088760241706,-0.502969299721533,-0.2057203867528791,1.6234129815947211,-1.177851894974348,-1.2879684892534171,-0.8828162337175963,-0.1397951825734185,-1.3730106049817663,-0.22345527558581418,-0.190138109563973,0.9841231756854657,0
0.890123685007999,0.9009088760241706,1.5251962127575889,-0.20535716208553256,1.1164682504182242,-1.177851894974348,-1.2365019781397877,0.2744324511807092,-1.1804179269059165,-1.2583394588375707,0.29255569570563505,-1.4798702120310254,-1.0161329645585022,0
-0.12657084635623306,-1.1099901739376037,-1.179024470547907,-0.3962238285877208,0.2715603651240624,0.9048055324001227,-0.4090788379283631,-0.8828162337175963,-1.1804179269059165,-0.11162799739561437,0.8085666669970842,-0.20998014190961997,0.9841231756854657,0
0.0428782422044723,0.9009088760241706,0.8491410419312149,-0.3912650222595984,0.10257878806523006,0.9048055324001227,-0.4090788379283631,0.2744324511807092,0.8135495251376443,-0.11162799739561437,0.29255569570563505,1.0995939929030794,-1.0161329645585022,0
1.0595727735687044,0.9009088760241706,-0.502969299721533,-0.3975030111118543,0.4405419421828948,0.9048055324001227,-0.4090788379283631,0.853056793629862,0.2865244578466693,-0.11162799739561437,0.5505611813513597,1.4964346398160184,-1.0161329645585022,0
0.890123685007999,0.9009088760241706,-1.179024470547907,-0.3903490644028115,1.1164682504182242,0.9048055324001227,-0.4090788379283631,1.4316811360790147,-0.21028898138303903,-0.11162799739561437,0.5505611813513597,1.1591200899400202,-1.0161329645585022,0
0.38177641932588297,0.9009088760241706,0.8491410419312149,-0.20316202170461214,0.7785050963005594,-1.177851894974348,0.38271364074285674,-1.461440576166749,0.001192415045823164,0.4617277333253637,0.29255569570563505,0.5837011519162584,0.9841231756854657,0
0.5512255078865883,-1.1099901739376037,0.17308587110484092,-0.2067468912475541,0.6095235192417271,-1.177851894974348,0.38271364074285674,-0.3041918912684436,-1.1804179269059165,0.4617277333253637,-0.22345527558581418,-0.7060309505507939,0.9841231756854657,0
-0.12657084635623306,0.9009088760241706,-0.502969299721533,-0.5018906220318828,-0.06640278899360229,0.9048055324001227,-0.4090788379283631,0.853056793629862,0.9343960373827085,0.1177142948927768,0.29255569570563505,-1.8171847619070236,-1.0161329645585022,1
1.0595727735687044,0.9009088760241706,0.8491410419312149,-0.3711929112944916,0.9474866733593919,0.9048055324001227,-0.4090788379283631,0.2744324511807092,-0.707102420612748,-0.2262991435398101,0.5505611813513597,0.18686050500331922,-1.0161329645585022,0
0.21232733076517762,-1.1099901739376037,0.8491410419312149,-0.20377792440141715,0.7785050963005594,-1.177851894974348,-0.8841543251310949,0.2744324511807092,-0.005521280078902488,-0.9143260204049839,0.03455021005991044,-0.190138109563973,-1.0161329645585022,0
-0.12657084635623306,-1.1099901739376037,-0.502969299721533,-0.20565721724551447,-0.911310674287764,-1.177851894974348,0.22435514500861276,0.853056793629862,-1.1804179269059165,0.23238544103697253,1.066572152642809,-0.6266628211682062,-1.0161329645585022,0
0.21232733076517762,-1.1099901739376037,-0.502969299721533,-0.4882144236874434,0.9474866733593919,0.9048055324001227,-0.4090788379283631,-1.461440576166749,1.3103629643673533,0.003043148748581378,0.8085666669970842,1.4765926074703717,-1.0161329645585022,1
0.7206745964472937,0.9009088760241706,0.8491410419312149,-0.31498784211682423,0.7785050963005594,-1.177851894974348,0.30353439287573475,0.2744324511807092,-0.005521280078902488,0.5763988794695595,0.8085666669970842,0.06780831092943747,-1.0161329645585022,1
1.2290218621294098,0.9009088760241706,-1.179024470547907,-0.20673109887071295,0.7785050963005594,-1.177851894974348,0.8577891279455886,0.853056793629862,-0.8447331706696268,0.9204123179021463,1.066572152642809,-0.07108591549009124,-1.0161329645585022,0
0.21232733076517762,0.9009088760241706,0.8491410419312149,-0.3563480770638068,0.2715603651240624,0.9048055324001227,-0.4090788379283631,-0.8828162337175963,-0.21700267650776528,-0.2262991435398101,0.29255569570563505,-1.0036614357354983,0.9841231756854657,0
0.38177641932588297,-1.1099901739376037,-0.502969299721533,-0.31645653316305156,0.4405419421828948,-1.177851894974348,1.0161476236798326,0.853056793629862,0.8336906105118219,1.4937680486231246,0.29255569570563505,-0.5869787564769122,-1.0161329645585022,1
0.890123685007999,-1.1099901739376037,-1.179024470547907,-0.33363863916622716,1.4544314045358888,0.9048055324001227,-0.4090788379283631,0.2744324511807092,0.3301634761573873,-0.2262991435398101,0.5505611813513597,-1.6981325678331418,0.9841231756854657,0
0.21232733076517762,-1.1099901739376037,1.5251962127575889,-0.2059572724054964,-0.404365943111267,-1.177851894974348,-0.2507203421941191,0.853056793629862,-0.33784918875282943,-0.2262991435398101,0.03455021005991044,-1.3409759856114967,-1.0161329645585022,0
0.0428782422044723,-1.1099901739376037,0.8491410419312149,-0.3344914275156495,0.2715603651240624,0.9048055324001227,-0.4090788379283631,0.2744324511807092,0.11868207972852446,-0.2262991435398101,0.8085666669970842,0.06780831092943747,0.9841231756854657,0
0.21232733076517762,-1.1099901739376037,-0.502969299721533,-0.20268825039937752,-0.06640278899360229,-1.177851894974348,-0.9474977234247925,0.853056793629862,-1.371758237960602,-1.0289971665491795,1.066572152642809,0.3455967637684949,0.9841231756854657,0
0.38177641932588297,0.9009088760241706,-1.179024470547907,-0.3247633233814986,0.6095235192417271,0.9048055324001227,-0.4090788379283631,0.2744324511807092,0.001192415045823164,-0.2262991435398101,1.066572152642809,-0.8647672093159696,0.9841231756854657,0
0.5512255078865883,0.9009088760241706,0.8491410419312149,-0.3146246174494777,0.4405419421828948,0.9048055324001227,-0.4090788379283631,-1.461440576166749,0.5651428055227898,-0.2262991435398101,0.03455021005991044,-1.6386064707962011,0.9841231756854657,0
0.890123685007999,-1.1099901739376037,0.17308587110484092,-0.30303301284807055,0.6095235192417271,0.9048055324001227,-0.4090788379283631,0.2744324511807092,0.001192415045823164,-0.2262991435398101,0.8085666669970842,0.7424374106814341,0.9841231756854657,0
0.38177641932588297,-1.1099901739376037,-1.179024470547907,-0.29409452755597737,0.10257878806523006,0.9048055324001227,-0.4090788379283631,-1.461440576166749,1.223084927745918,-0.34097028968400567,0.8085666669970842,0.40512286080543575,-1.0161329645585022,0
1.0595727735687044,-1.1099901739376037,-0.502969299721533,-0.20390426341614637,1.2854498274770565,-1.177851894974348,-0.7257958293968509,-0.8828162337175963,0.8135495251376443,-0.7996548742607882,1.066572152642809,0.6829113136444932,0.9841231756854657,0
1.2290218621294098,-1.1099901739376037,1.5251962127575889,-0.3008536648439913,1.1164682504182242,0.9048055324001227,-0.4090788379283631,-1.461440576166749,0.16232109803924238,-0.2262991435398101,0.8085666669970842,0.7027533459901402,0.9841231756854657,0
1.2290218621294098,0.9009088760241706,0.8491410419312149,-0.20753651008961183,1.9613761357123858,-1.177851894974348,-1.01084112171849,-1.461440576166749,-1.7510820125076092,-1.0289971665491795,1.066572152642809,-0.22982217425526694,0.9841231756854657,0
0.21232733076517762,0.9009088760241706,-0.502969299721533,-0.29981136797247515,-0.7423290972289317,0.9048055324001227,-0.4090788379283631,-1.461440576166749,0.001192415045823164,-0.34097028968400567,0.03455021005991044,-0.9838194033898514,0.9841231756854657,0
0.0428782422044723,-1.1099901739376037,-1.179024470547907,-0.29690557063370276,-0.06640278899360229,0.9048055324001227,-0.4090788379283631,1.4316811360790147,-1.371758237960602,-0.34097028968400567,0.8085666669970842,0.5043330225336705,-1.0161329645585022,0
0.0428782422044723,-1.1099901739376037,1.5251962127575889,-0.2969845325179086,0.2715603651240624,0.9048055324001227,-0.4090788379283631,-0.8828162337175963,-0.901799579229796,-0.34097028968400567,-0.22345527558581418,-1.4997122443766724,0.9841231756854657,0
0.21232733076517762,-1.1099901739376037,-0.502969299721533,-0.2913308616087754,-0.404365943111267,0.9048055324001227,-0.4090788379283631,-1.461440576166749,-1.623521805137819,-0.34097028968400567,0.5505611813513597,-0.15045404487267908,-1.0161329645585022,0
0.21232733076517762,-1.1099901739376037,-0.502969299721533,-0.2049623526645037,-0.404365943111267,-1.177851894974348,-0.2507203421941191,0.2744324511807092,0.9108981044461687,-0.2262991435398101,0.8085666669970842,-1.7378166325244357,-1.0161329645585022,0
0.21232733076517762,-1.1099901739376037,-0.502969299721533,-0.2587196034317922,0.6095235192417271,0.9048055324001227,-0.4090788379283631,0.853056793629862,1.934736610966852,-0.34097028968400567,-0.22345527558581418,0.6829113136444932,0.9841231756854657,0
0.890123685007999,-1.1099901739376037,0.8491410419312149,-0.20362000063300562,0.7785050963005594,-1.177851894974348,0.8577891279455886,0.853056793629862,-1.4993184453303918,0.9204123179021463,0.03455021005991044,0.286070666731554,0.9841231756854657,0
0.0428782422044723,0.9009088760241706,1.5251962127575889,-0.26401004967357883,-0.23538436605243465,0.9048055324001227,-0.4090788379283631,-0.3041918912684436,0.3301634761573873,-0.34097028968400567,0.5505611813513597,0.2463866020402601,-1.0161329645585022,0
0.0428782422044723,-1.1099901739376037,-1.179024470547907,-0.2624781891199869,-0.911310674287764,0.9048055324001227,-0.4090788379283631,-1.461440576166749,0.001192415045823164,-0.34097028968400567,0.8085666669970842,-0.8846092416616166,-1.0161329645585022,0
-0.12657084635623306,-1.1099901739376037,-1.179024470547907,-0.20196180106468442,0.10257878806523006,-1.177851894974348,0.0026532509806712224,0.2744324511807092,-0.4654093961226198,0.003043148748581378,0.8085666669970842,-0.07108591549009124,-1.0161329645585022,0
0.5512255078865883,-1.1099901739376037,-1.179024470547907,-0.26072523529061875,0.7785050963005594,0.9048055324001227,-0.4090788379283631,-0.3041918912684436,-1.1804179269059165,-0.34097028968400567,0.29255569570563505,0.38528082845978884,-1.0161329645585022,0
0.5512255078865883,-1.1099901739376037,0.8491410419312149,-0.20322519121197674,1.1164682504182242,-1.177851894974348,-0.527847709729046,-1.461440576166749,-0.34120603631519225,-0.570312581972397,0.8085666669970842,1.238488219322608,-1.0161329645585022,0
0.38177641932588297,0.9009088760241706,0.8491410419312149,-0.20387267866246406,0.9474866733593919,-1.177851894974348,0.38271364074285674,-1.461440576166749,-1.7510820125076092,0.4617277333253637,1.066572152642809,-0.46792656240303043,0.9841231756854657,0
0.0428782422044723,-1.1099901739376037,1.5251962127575889,-0.20527820020132678,-0.404365943111267,-1.177851894974348,-0.7574675285436998,0.853056793629862,-1.7510820125076092,-0.7996548742607882,0.03455021005991044,1.4369085427790778,0.9841231756854657,0
-0.12657084635623306,0.9009088760241706,-0.502969299721533,-0.2065100055949368,0.4405419421828948,-1.177851894974348,0.22435514500861276,-1.461440576166749,-1.8752853723150364,0.23238544103697253,0.8085666669970842,0.9210157017922567,0.9841231756854657,0
0.0428782422044723,-1.1099901739376037,1.5251962127575889,-0.24167962882018695,-0.06640278899360229,0.9048055324001227,-0.4090788379283631,-1.461440576166749,-0.37813135950118393,-0.34097028968400567,0.8085666669970842,0.7622794430270811,0.9841231756854657,0
-0.12657084635623306,0.9009088760241706,1.5251962127575889,-0.23814213640776843,0.2715603651240624,0.9048055324001227,-0.4090788379283631,0.2744324511807092,-0.21364582894540246,-0.34097028968400567,0.03455021005991044,-0.07108591549009124,-1.0161329645585022,0
-0.12657084635623306,-1.1099901739376037,-0.502969299721533,-0.2034778692414352,-0.404365943111267,-1.177851894974348,-0.4090788379283631,1.4316811360790147,0.001192415045823164,-0.45564143582820127,0.29255569570563505,-0.7655570475877348,-1.0161329645585022,0
0.0428782422044723,-1.1099901739376037,-0.502969299721533,-0.33877116163960225,-0.5733475201700994,0.9048055324001227,-0.4090788379283631,-0.3041918912684436,0.561785957960427,-0.2262991435398101,1.066572152642809,0.10749237562073138,-1.0161329645585022,1
0.38177641932588297,0.9009088760241706,-1.179024470547907,-0.2059256876518141,0.6095235192417271,-1.177851894974348,0.38271364074285674,-1.461440576166749,-0.21028898138303903,0.4617277333253637,0.5505611813513597,-1.0830295651180861,-1.0161329645585022,0
1.0595727735687044,0.9009088760241706,0.8491410419312149,-0.21202154511249957,1.4544314045358888,0.9048055324001227,-0.4090788379283631,0.2744324511807092,-0.7138161157374736,-0.34097028968400567,0.8085666669970842,-0.11076998018138517,0.9841231756854657,0
0.38177641932588297,0.9009088760241706,-1.179024470547907,0.36297889567392067,0.4405419421828948,0.9048055324001227,-0.4090788379283631,0.853056793629862,-0.11965409719924096,-0.7996548742607882,0.8085666669970842,0.5043330225336705,0.9841231756854657,0
0.38177641932588297,-1.1099901739376037,0.8491410419312149,0.36620054054951606,0.7785050963005594,0.9048055324001227,-0.4090788379283631,-0.3041918912684436,-0.707102420612748,-0.7996548742607882,-0.22345527558581418,0.9805417988291976,0.9841231756854657,0
-0.12657084635623306,0.9009088760241706,-0.502969299721533,0.3602783992340833,-0.23538436605243465,0.9048055324001227,-0.4090788379283631,1.4316811360790147,1.0015329886299666,-0.7996548742607882,0.8085666669970842,-0.03140185079879733,0.9841231756854657,0
0.21232733076517762,-1.1099901739376037,-0.502969299721533,0.3655372607221876,0.10257878806523006,0.9048055324001227,-0.4090788379283631,-0.8828162337175963,-1.371758237960602,-0.7996548742607882,0.5505611813513597,-1.102871597463733,-1.0161329645585022,0
0.5512255078865883,-1.1099901739376037,1.5251962127575889,-0.20044573288793363,0.2715603651240624,-1.177851894974348,-0.2507203421941191,0.853056793629862,-1.2979075915886182,-0.2262991435398101,1.066572152642809,-1.12271362980938,0.9841231756854657,0
0.21232733076517762,-1.1099901739376037,-0.502969299721533,-0.20434644996769868,-0.23538436605243465,-1.177851894974348,-0.5040939353689095,1.4316811360790147,-1.0495008719737637,-0.45564143582820127,0.8085666669970842,1.238488219322608,0.9841231756854657,0
1.2290218621294098,-1.1099901739376037,-1.179024470547907,0.45804900425766826,0.6095235192417271,0.9048055324001227,-0.4090788379283631,0.853056793629862,0.23617174441122635,-0.9143260204049839,0.8085666669970842,0.4249648931510827,-1.0161329645585022,0
0.7206745964472937,0.9009088760241706,-1.179024470547907,-0.2020091781952079,1.2854498274770565,-1.177851894974348,-0.4882580857954851,-0.3041918912684436,0.9981761410676039,-0.45564143582820127,1.066572152642809,0.8416475724096689,-1.0161329645585022,0
0.0428782422044723,0.9009088760241706,-0.502969299721533,-0.3134401891863911,-0.06640278899360229,-1.177851894974348,1.6099919826832474,-0.3041918912684436,1.5352717510456675,2.1817949254882985,0.8085666669970842,1.1988041546313142,-1.0161329645585022,1
0.7206745964472937,-1.1099901739376037,-1.179024470547907,-0.4837293886645556,0.2715603651240624,0.9048055324001227,-0.38136610117487035,-0.8828162337175963,0.665848232393677,0.1177142948927768,0.29255569570563505,0.3654387961141419,-1.0161329645585022,0
0.5512255078865883,0.9009088760241706,-1.179024470547907,-0.2016933306583848,0.10257878806523006,-1.177851894974348,-0.804975077263973,1.4316811360790147,-1.2979075915886182,-0.7996548742607882,0.03455021005991044,-0.11076998018138517,-1.0161329645585022,0
1.2290218621294098,-1.1099901739376037,-0.502969299721533,-0.9196621589877729,1.7923945586535535,0.9048055324001227,-0.3774071387815143,1.4316811360790147,0.4543668359648142,2.1817949254882985,0.5505611813513597,0.46464895784237664,-1.0161329645585022,1
-0.12657084635623306,-1.1099901739376037,-1.179024470547907,-0.9035065574792723,-0.23538436605243465,0.9048055324001227,-0.3774071387815143,1.4316811360790147,-1.1804179269059165,2.0671237793441026,0.8085666669970842,1.1392780575943733,-1.0161329645585022,1
0.7206745964472937,0.9009088760241706,-0.502969299721533,-0.200587864279504,0.9474866733593919,-1.177851894974348,-0.09236184645987515,0.2744324511807092,0.954537122756886,-0.11162799739561437,1.066572152642809,-0.24966420660091387,0.9841231756854657,0
0.21232733076517762,0.9009088760241706,-0.502969299721533,-0.20579934863708488,0.2715603651240624,0.21058638994196582,0.06599664927436881,1.4316811360790147,0.11868207972852446,0.1177142948927768,0.5505611813513597,0.4249648931510827,0.9841231756854657,0
0.5512255078865883,-1.1099901739376037,1.5251962127575889,-0.20223027147098405,0.9474866733593919,0.21058638994196582,-0.2507203421941191,0.853056793629862,-1.173704231781191,-0.2262991435398101,0.5505611813513597,0.7424374106814341,-1.0161329645585022,0
0.5512255078865883,0.9009088760241706,0.8491410419312149,-0.2062415351886372,-0.23538436605243465,-1.177851894974348,0.8577891279455886,-0.3041918912684436,0.11868207972852446,0.9204123179021463,-0.22345527558581418,1.2186461869769611,0.9841231756854657,0
0.890123685007999,0.9009088760241706,-0.502969299721533,-0.20410956431508137,0.7785050963005594,0.21058638994196582,0.38271364074285674,-0.3041918912684436,-1.173704231781191,0.4617277333253637,0.8085666669970842,1.3972244780877838,0.9841231756854657,0
0.21232733076517762,0.9009088760241706,1.5251962127575889,-0.7433560639331288,-0.06640278899360229,0.9048055324001227,-0.3774071387815143,0.2744324511807092,-1.1804179269059165,0.9204123179021463,1.066572152642809,-1.182239726846321,-1.0161329645585022,0
0.38177641932588297,-1.1099901739376037,0.8491410419312149,-0.2086419764684926,0.10257878806523006,0.21058638994196582,1.8475297262846133,-0.8828162337175963,1.575553921794022,2.0671237793441026,0.03455021005991044,0.20670253734896618,0.9841231756854657,0
0.7206745964472937,-1.1099901739376037,0.8491410419312149,-0.20331994547302368,-0.06640278899360229,-1.177851894974348,-0.4090788379283631,0.853056793629862,0.830333762949459,-0.45564143582820127,0.5505611813513597,-1.5790803737592602,0.9841231756854657,0
1.0595727735687044,-1.1099901739376037,-1.179024470547907,-0.7045541940344132,1.2854498274770565,0.9048055324001227,-0.3774071387815143,-0.8828162337175963,0.3301634761573873,0.6910700256137552,1.066572152642809,0.22654456969461315,-1.0161329645585022,1
-0.12657084635623306,-1.1099901739376037,1.5251962127575889,-0.6945260347402803,-0.404365943111267,0.9048055324001227,-0.3774071387815143,0.2744324511807092,0.7061304031420315,0.6910700256137552,0.03455021005991044,1.9924854484571926,-1.0161329645585022,0
0.38177641932588297,-1.1099901739376037,-0.502969299721533,-0.2065100055949368,0.10257878806523006,0.21058638994196582,-0.4882580857954851,-0.8828162337175963,-0.005521280078902488,-0.45564143582820127,0.8085666669970842,-0.4282424977117365,0.9841231756854657,0
0.5512255078865883,-1.1099901739376037,-0.502969299721533,-0.6751645807330254,0.2715603651240624,0.9048055324001227,-0.3774071387815143,0.853056793629862,1.6628319584154578,0.5763988794695595,0.03455021005991044,0.6432272489531993,-1.0161329645585022,0
0.21232733076517762,0.9009088760241706,-0.502969299721533,-0.6754330511393251,-0.06640278899360229,0.9048055324001227,-0.3774071387815143,0.853056793629862,1.4312094766124175,0.5763988794695595,0.8085666669970842,0.9210157017922567,0.9841231756854657,0
0.890123685007999,-1.1099901739376037,1.5251962127575889,-0.6747223941814731,0.9474866733593919,0.9048055324001227,-0.3774071387815143,0.853056793629862,0.5651428055227898,0.5763988794695595,1.066572152642809,0.7424374106814341,-1.0161329645585022,1
0.5512255078865883,-1.1099901739376037,-0.502969299721533,-0.679317975842249,0.6095235192417271,0.9048055324001227,-0.3774071387815143,-0.3041918912684436,0.001192415045823164,0.6910700256137552,1.066572152642809,0.6233852166075523,-1.0161329645585022,1
-0.12657084635623306,0.9009088760241706,1.5251962127575889,-0.6817342094989455,-0.06640278899360229,0.9048055324001227,-0.3774071387815143,0.853056793629862,-1.2475548781531747,0.6910700256137552,0.29255569570563505,0.08765034327508442,0.9841231756854657,0
0.38177641932588297,0.9009088760241706,0.17308587110484092,-0.6783230561012562,0.2715603651240624,0.9048055324001227,-0.3774071387815143,-1.461440576166749,-0.21700267650776528,0.5763988794695595,0.03455021005991044,1.0400678958661385,0.9841231756854657,0
0.21232733076517762,-1.1099901739376037,-1.179024470547907,-0.6562295209004817,0.4405419421828948,0.9048055324001227,-0.3774071387815143,0.853056793629862,0.007906110170548816,0.5763988794695595,0.5505611813513597,0.5043330225336705,-1.0161329645585022,1
0.890123685007999,-1.1099901739376037,-0.502969299721533,-0.6509074899050128,0.6095235192417271,0.9048055324001227,-0.3774071387815143,0.2744324511807092,-1.7510820125076092,0.5763988794695595,0.03455021005991044,0.6432272489531993,0.9841231756854657,0
1.2290218621294098,-1.1099901739376037,1.5251962127575889,-0.2013143136141971,1.9613761357123858,-1.177851894974348,-0.17154109432699713,-0.8828162337175963,-1.0495008719737637,-0.11162799739561437,0.5505611813513597,0.5837011519162584,0.9841231756854657,0
1.2290218621294098,-1.1099901739376037,1.5251962127575889,-0.6399002032467284,1.7923945586535535,0.9048055324001227,-0.3774071387815143,0.2744324511807092,0.5382880250238866,0.4617277333253637,-0.22345527558581418,1.2186461869769611,0.9841231756854657,0
0.21232733076517762,0.9009088760241706,0.8491410419312149,-0.6230655295340581,0.4405419421828948,0.9048055324001227,-0.3774071387815143,-0.8828162337175963,0.23617174441122635,0.4617277333253637,1.066572152642809,-0.44808453005738347,-1.0161329645585022,1
1.2290218621294098,-1.1099901739376037,1.5251962127575889,-0.5961711117735727,1.4544314045358888,0.9048055324001227,-0.3774071387815143,-0.8828162337175963,-1.3482603050240614,0.3470565871811683,0.03455021005991044,0.7622794430270811,0.9841231756854657,0
1.0595727735687044,-1.1099901739376037,-1.179024470547907,-0.5847216385637359,0.6095235192417271,0.9048055324001227,-0.3774071387815143,1.4316811360790147,0.4745079213389917,0.3470565871811683,0.8085666669970842,-0.5671367241312653,0.9841231756854657,0
0.0428782422044723,0.9009088760241706,-0.502969299721533,-0.5814684089344583,0.2715603651240624,0.9048055324001227,-0.3774071387815143,0.2744324511807092,-1.1233515183457474,0.3470565871811683,0.03455021005991044,1.6353288662355472,0.9841231756854657,0
0.7206745964472937,-1.1099901739376037,1.5251962127575889,-0.19735042702706743,0.2715603651240624,0.21058638994196582,0.8973787518791496,-0.3041918912684436,1.7937490133476108,1.035083464046342,0.03455021005991044,1.0003838311748445,0.9841231756854657,0
0.7206745964472937,0.9009088760241706,-1.179024470547907,-0.5260845433525309,0.6095235192417271,0.9048055324001227,-0.3774071387815143,-0.8828162337175963,-0.3109944082539262,0.1177142948927768,0.29255569570563505,0.6432272489531993,-1.0161329645585022,0
0.5512255078865883,0.9009088760241706,0.8491410419312149,-0.20741017107488258,0.4405419421828948,0.21058638994196582,0.992393849319696,-0.8828162337175963,0.001192415045823164,1.1497546101905376,0.29255569570563505,0.7027533459901402,0.9841231756854657,0
-0.12657084635623306,0.9009088760241706,1.5251962127575889,-0.48763010574432064,-0.23538436605243465,0.9048055324001227,-0.3774071387815143,1.4316811360790147,0.7430557263280237,0.1177142948927768,0.03455021005991044,-0.09092794783573821,-1.0161329645585022,0
0.5512255078865883,-1.1099901739376037,1.5251962127575889,-0.49089912775043953,0.2715603651240624,0.9048055324001227,-0.3774071387815143,-0.8828162337175963,-0.46205254856025635,0.1177142948927768,0.5505611813513597,1.1392780575943733,-1.0161329645585022,0
0.5512255078865883,-1.1099901739376037,0.8491410419312149,-0.4861456223212522,0.10257878806523006,0.9048055324001227,-0.3774071387815143,0.853056793629862,-1.2475548781531747,0.1177142948927768,0.8085666669970842,-0.9838194033898514,0.9841231756854657,0
0.890123685007999,-1.1099901739376037,-0.502969299721533,-0.20504131454870947,0.9474866733593919,-1.177851894974348,-0.2507203421941191,-0.3041918912684436,0.04483143335654109,-0.2262991435398101,0.8085666669970842,0.5043330225336705,0.9841231756854657,0
0.38177641932588297,-1.1099901739376037,0.8491410419312149,-0.4672895243729142,0.10257878806523006,0.9048055324001227,-0.3774071387815143,0.853056793629862,-1.1804179269059165,0.003043148748581378,-0.22345527558581418,-0.8647672093159696,0.9841231756854657,0
0.0428782422044723,-1.1099901739376037,0.17308587110484092,-0.20535716208553256,0.6095235192417271,-1.177851894974348,0.16892967150162738,1.4316811360790147,0.19253272610050842,0.23238544103697253,0.5505611813513597,1.9528013837658986,-1.0161329645585022,0
0.5512255078865883,0.9009088760241706,-0.502969299721533,-0.46716318535818496,0.6095235192417271,0.9048055324001227,-0.3774071387815143,1.4316811360790147,-1.0427871768490378,0.003043148748581378,0.29255569570563505,-1.162397694500674,0.9841231756854657,0
1.0595727735687044,-1.1099901739376037,0.8491410419312149,-0.5765727721137005,0.7785050963005594,0.9048055324001227,-0.3774071387815143,0.2744324511807092,1.286865031430813,0.3470565871811683,1.066572152642809,0.4249648931510827,-1.0161329645585022,1
0.38177641932588297,-1.1099901739376037,-0.502969299721533,-0.44388522189432383,0.9474866733593919,0.9048055324001227,-0.3774071387815143,0.2744324511807092,-0.005521280078902488,0.003043148748581378,0.03455021005991044,1.1392780575943733,-1.0161329645585022,0
-0.12657084635623306,0.9009088760241706,-0.502969299721533,-0.4469963201320312,0.6095235192417271,0.9048055324001227,-0.3774071387815143,-1.461440576166749,-0.1397951825734185,0.003043148748581378,0.03455021005991044,-0.5869787564769122,-1.0161329645585022,0
0.21232733076517762,0.9009088760241706,1.5251962127575889,-0.4272242643269063,0.10257878806523006,0.9048055324001227,-0.3774071387815143,1.4316811360790147,-1.6705176710108995,0.003043148748581378,0.29255569570563505,0.008282213892496587,0.9841231756854657,0
-0.12657084635623306,-1.1099901739376037,-1.179024470547907,-0.5088708525956729,-0.5733475201700994,0.9048055324001227,-0.3774071387815143,-1.461440576166749,-0.11965409719924096,0.1177142948927768,-0.22345527558581418,-1.6187644384505542,-1.0161329645585022,1
0.0428782422044723,0.9009088760241706,-0.502969299721533,-0.20273562752990099,0.4405419421828948,-1.177851894974348,1.3328646151483206,-0.8828162337175963,1.0418151593783211,1.4937680486231246,-0.22345527558581418,-0.36871640067479566,-1.0161329645585022,0
1.0595727735687044,0.9009088760241706,-0.502969299721533,-0.5028381646423521,0.9474866733593919,0.9048055324001227,-0.3774071387815143,-0.3041918912684436,0.23617174441122635,0.1177142948927768,-0.22345527558581418,1.714696995618135,-1.0161329645585022,1
0.38177641932588297,-1.1099901739376037,-1.179024470547907,-0.3330859059767868,0.7785050963005594,0.9048055324001227,-0.3774071387815143,-0.8828162337175963,-0.2069321338206762,-0.2262991435398101,0.5505611813513597,-0.26950623894656084,-1.0161329645585022,0
0.890123685007999,0.9009088760241706,-1.179024470547907,-0.32005719508283464,0.7785050963005594,0.9048055324001227,-0.3774071387815143,0.2744324511807092,0.4745079213389917,-0.2262991435398101,0.29255569570563505,-0.36871640067479566,-1.0161329645585022,0
1.2290218621294098,0.9009088760241706,1.5251962127575889,-0.29812158365047164,1.7923945586535535,0.9048055324001227,-0.3774071387815143,1.4316811360790147,0.3301634761573873,-0.2262991435398101,0.8085666669970842,1.1988041546313142,-1.0161329645585022,0
-0.12657084635623306,-1.1099901739376037,-0.502969299721533,-0.20311464457408868,-0.5733475201700994,-1.177851894974348,-0.3298995900612411,1.4316811360790147,0.40737097009173406,-0.34097028968400567,0.03455021005991044,0.12733440796637835,-1.0161329645585022,0
0.0428782422044723,-1.1099901739376037,-1.179024470547907,-0.30244869490494786,0.10257878806523006,0.9048055324001227,-0.3774071387815143,-1.461440576166749,0.001192415045823164,-0.2262991435398101,0.29255569570563505,1.0202258635204915,0.9841231756854657,0
0.38177641932588297,0.9009088760241706,-1.179024470547907,-0.2067468912475541,-0.23538436605243465,-1.177851894974348,0.38271364074285674,-0.8828162337175963,0.8538316958859994,0.4617277333253637,-0.22345527558581418,-0.44808453005738347,-1.0161329645585022,0
-0.12657084635623306,0.9009088760241706,1.5251962127575889,-0.31441931655054267,-0.23538436605243465,-1.177851894974348,0.8577891279455886,0.853056793629862,-0.41841353024953903,1.2644257563347332,0.29255569570563505,1.714696995618135,-1.0161329645585022,1
0.0428782422044723,-1.1099901739376037,-0.502969299721533,-0.18187389772273643,-0.5733475201700994,0.9048055324001227,-0.3774071387815143,1.4316811360790147,0.09182729922962125,-0.34097028968400567,0.5505611813513597,-1.658448503141848,0.9841231756854657,0
-0.12657084635623306,-1.1099901739376037,0.8491410419312149,-0.20407797956139906,0.2715603651240624,-1.177851894974348,0.06599664927436881,-0.3041918912684436,0.8336906105118219,0.1177142948927768,0.5505611813513597,1.35754041339649,-1.0161329645585022,0
-0.12657084635623306,-1.1099901739376037,-0.502969299721533,-0.11595651678775928,0.2715603651240624,0.9048055324001227,-0.3774071387815143,-0.3041918912684436,-0.707102420612748,-0.45564143582820127,0.29255569570563505,0.4448069254967297,0.9841231756854657,0
0.0428782422044723,0.9009088760241706,-1.179024470547907,-0.11185049880905922,0.10257878806523006,0.9048055324001227,-0.3774071387815143,-0.3041918912684436,-1.8752853723150364,-0.45564143582820127,0.29255569570563505,0.32575473142284794,-1.0161329645585022,0
-0.12657084635623306,-1.1099901739376037,0.8491410419312149,-0.11083978669122535,-0.23538436605243465,0.9048055324001227,-0.3774071387815143,-0.3041918912684436,-1.0964967378468442,-0.45564143582820127,1.066572152642809,-1.4203441149940845,-1.0161329645585022,0
-0.12657084635623306,-1.1099901739376037,-1.179024470547907,-0.3138507909842611,-0.06640278899360229,-1.177851894974348,-0.3298995900612411,-1.461440576166749,1.7836784706605218,-0.2262991435398101,0.29255569570563505,1.278172284013902,-1.0161329645585022,1
0.0428782422044723,-1.1099901739376037,0.8491410419312149,-0.07007966206420665,0.10257878806523006,0.9048055324001227,-0.3774071387815143,0.853056793629862,0.665848232393677,-0.45564143582820127,0.8085666669970842,-0.4282424977117365,0.9841231756854657,0
-0.12657084635623306,0.9009088760241706,-1.179024470547907,-0.20084054230896248,-0.06640278899360229,0.21058638994196582,-0.8841543251310949,-0.8828162337175963,0.001192415045823164,-0.9143260204049839,1.066572152642809,0.10749237562073138,-1.0161329645585022,0
0.0428782422044723,0.9009088760241706,1.5251962127575889,-0.1983611391449013,-0.06640278899360229,-1.177851894974348,-1.042512820865339,1.4316811360790147,0.23952859197358917,-1.143668312693375,1.066572152642809,-0.44808453005738347,0.9841231756854657,0
0.0428782422044723,0.9009088760241706,1.5251962127575889,-0.014222025177044663,0.10257878806523006,0.9048055324001227,-0.3774071387815143,0.2744324511807092,0.9981761410676039,-0.570312581972397,0.5505611813513597,-0.6068207888225592,0.9841231756854657,0
0.21232733076517762,-1.1099901739376037,-0.502969299721533,-0.015106398280149293,0.10257878806523006,0.9048055324001227,-0.3774071387815143,0.2744324511807092,0.03811773823181484,-0.570312581972397,0.5505611813513597,-0.15045404487267908,-1.0161329645585022,0
1.0595727735687044,-1.1099901739376037,1.5251962127575889,0.042535777190063115,0.9474866733593919,0.9048055324001227,-0.3774071387815143,0.853056793629862,0.001192415045823164,-0.570312581972397,0.8085666669970842,0.46464895784237664,-1.0161329645585022,0
0.38177641932588297,0.9009088760241706,-1.179024470547907,0.07097784788098162,0.4405419421828948,0.9048055324001227,-0.3774071387815143,-1.461440576166749,0.001192415045823164,-0.570312581972397,1.066572152642809,0.5241750548793175,0.9841231756854657,0
-0.12657084635623306,-1.1099901739376037,-1.179024470547907,-0.30764438688568757,-0.23538436605243465,-1.177851894974348,-0.765385453330412,1.4316811360790147,1.4312094766124175,-0.6849837281165926,0.29255569570563505,0.32575473142284794,-1.0161329645585022,1
0.5512255078865883,-1.1099901739376037,1.5251962127575889,0.1633000828943684,0.7785050963005594,0.9048055324001227,-0.3774071387815143,0.2744324511807092,0.001192415045823164,-0.6849837281165926,0.8085666669970842,0.8416475724096689,0.9841231756854657,0
0.21232733076517762,-1.1099901739376037,0.17308587110484092,0.1752391197862809,0.10257878806523006,0.9048055324001227,-0.3774071387815143,-1.461440576166749,-1.0427871768490378,-0.6849837281165926,1.066572152642809,0.06780831092943747,0.9841231756854657,0
0.0428782422044723,-1.1099901739376037,0.8491410419312149,0.1776869381966598,-0.06640278899360229,0.9048055324001227,-0.3774071387815143,-1.461440576166749,-0.37813135950118393,-0.6849837281165926,0.29255569570563505,-0.7457150152420878,0.9841231756854657,0
0.21232733076517762,-1.1099901739376037,-0.502969299721533,-0.19013331081066,-0.06640278899360229,-1.177851894974348,1.4635103741290718,-0.8828162337175963,-0.707102420612748,1.6084391947673204,0.29255569570563505,0.7225953783357871,0.9841231756854657,0
0.38177641932588297,0.9009088760241706,-0.502969299721533,-0.19575539696611086,-0.06640278899360229,-1.177851894974348,-1.359229812333827,-1.461440576166749,0.001192415045823164,-1.487681751125962,0.8085666669970842,0.6233852166075523,0.9841231756854657,0
0.21232733076517762,-1.1099901739376037,0.8491410419312149,0.1927844504568031,-0.23538436605243465,0.9048055324001227,-0.3774071387815143,0.2744324511807092,0.001192415045823164,-0.6849837281165926,0.5505611813513597,0.8813316371009629,0.9841231756854657,0
0.38177641932588297,0.9009088760241706,0.8491410419312149,0.30969541621186675,0.2715603651240624,0.9048055324001227,-0.3774071387815143,-0.8828162337175963,0.001192415045823164,-0.7996548742607882,0.29255569570563505,-0.5274526594399713,0.9841231756854657,0
-0.12657084635623306,-1.1099901739376037,-0.502969299721533,-0.1945077991956597,-0.404365943111267,-1.177851894974348,-1.2008713165995828,0.2744324511807092,-1.173704231781191,-1.2583394588375707,0.8085666669970842,0.7225953783357871,-1.0161329645585022,0
0.7206745964472937,-1.1099901739376037,-1.179024470547907,-0.1916809637410931,1.1164682504182242,0.21058638994196582,-0.12403354560672394,-0.8828162337175963,-0.34120603631519225,-0.11162799739561437,0.03455021005991044,0.8614896047553159,0.9841231756854657,0
-0.12657084635623306,-1.1099901739376037,1.5251962127575889,-0.19057549736221233,0.10257878806523006,0.21058638994196582,-0.8524826259842462,-0.8828162337175963,-0.21364582894540246,-0.9143260204049839,0.8085666669970842,-1.12271362980938,-1.0161329645585022,0
-0.12657084635623306,0.9009088760241706,1.5251962127575889,0.3199604611586169,-0.5733475201700994,0.9048055324001227,-0.3774071387815143,-1.461440576166749,1.0787404825643134,-0.7996548742607882,0.8085666669970842,0.028124246238143545,-1.0161329645585022,0
0.890123685007999,0.9009088760241706,-0.502969299721533,0.32517194551619777,1.4544314045358888,0.9048055324001227,-0.3774071387815143,-0.8828162337175963,-1.0092187012254088,-0.7996548742607882,0.5505611813513597,1.5361187045073124,0.9841231756854657,0
0.0428782422044723,-1.1099901739376037,-0.502969299721533,-0.1910650610442881,0.10257878806523006,-1.177851894974348,1.6495816066168083,0.2744324511807092,0.001192415045823164,1.7231103409115156,0.5505611813513597,0.5638591195706114,0.9841231756854657,0
0.0428782422044723,0.9009088760241706,1.5251962127575889,-0.18935948434544347,0.10257878806523006,-1.177851894974348,-0.7257958293968509,0.2744324511807092,0.001192415045823164,-0.7996548742607882,0.29255569570563505,1.4765926074703717,0.9841231756854657,0
0.5512255078865883,0.9009088760241706,1.5251962127575889,-0.19207577316212196,0.10257878806523006,-1.177851894974348,-0.8841543251310949,1.4316811360790147,0.5785701957722418,-0.9143260204049839,0.29255569570563505,-0.190138109563973,-1.0161329645585022,0
0.38177641932588297,-1.1099901739376037,1.5251962127575889,-0.19466572296407122,0.10257878806523006,-1.177851894974348,-0.6941241302500022,-0.8828162337175963,0.5651428055227898,-0.6849837281165926,0.8085666669970842,1.0797519605574324,-1.0161329645585022,0
-0.12657084635623306,-1.1099901739376037,-1.179024470547907,0.35366139333763974,0.6095235192417271,0.9048055324001227,-0.3774071387815143,-0.8828162337175963,0.001192415045823164,-0.7996548742607882,1.066572152642809,-1.0433455004267922,0.9841231756854657,0
0.7206745964472937,0.9009088760241706,0.8491410419312149,0.3622366539623864,1.1164682504182242,0.9048055324001227,-0.3774071387815143,-0.8828162337175963,0.19253272610050842,-0.7996548742607882,1.066572152642809,1.0995939929030794,-1.0161329645585022,0
0.0428782422044723,0.9009088760241706,-1.179024470547907,-0.19457096870302432,-0.404365943111267,-1.177851894974348,-0.18737694390042153,-1.461440576166749,-1.173704231781191,-0.2262991435398101,0.8085666669970842,-0.5671367241312653,0.9841231756854657,0
0.5512255078865883,-1.1099901739376037,-0.502969299721533,-0.19198101890107505,0.6095235192417271,-1.177851894974348,0.5410721364771007,0.2744324511807092,-0.12972463988633004,0.5763988794695595,0.8085666669970842,-0.4282424977117365,0.9841231756854657,0
0.38177641932588297,0.9009088760241706,0.17308587110484092,-0.3019117540923486,0.2715603651240624,-1.177851894974348,-0.5674373336626071,0.2744324511807092,1.1861596045599256,-0.45564143582820127,0.03455021005991044,-0.8250831446246757,-1.0161329645585022,1
-0.12657084635623306,-1.1099901739376037,-0.502969299721533,0.36397381541491336,-0.5733475201700994,0.9048055324001227,-0.3774071387815143,1.4316811360790147,-1.1166378232210217,-0.7996548742607882,1.066572152642809,-0.8647672093159696,0.9841231756854657,0
0.21232733076517762,0.9009088760241706,0.8491410419312149,0.4385612112356841,0.4405419421828948,0.9048055324001227,-0.3774071387815143,0.853056793629862,0.001192415045823164,-0.7996548742607882,1.066572152642809,-0.4282424977117365,-1.0161329645585022,0
0.38177641932588297,0.9009088760241706,-1.179024470547907,0.4592334325207548,0.10257878806523006,0.9048055324001227,-0.3774071387815143,-0.8828162337175963,0.3301634761573873,-0.7996548742607882,0.29255569570563505,0.8416475724096689,0.9841231756854657,0
0.890123685007999,-1.1099901739376037,-0.502969299721533,-0.19055970498537117,1.1164682504182242,-1.177851894974348,1.9662985980852963,-0.8828162337175963,-1.0495008719737637,2.0671237793441026,0.03455021005991044,-0.17029607721832604,0.9841231756854657,0
0.21232733076517762,0.9009088760241706,-0.502969299721533,-0.18574303004881917,0.2715603651240624,-1.177851894974348,-0.7257958293968509,0.853056793629862,0.001192415045823164,-0.7996548742607882,1.066572152642809,-1.6386064707962011,0.9841231756854657,0
0.0428782422044723,0.9009088760241706,-0.502969299721533,0.45738572443033976,0.2715603651240624,0.9048055324001227,-0.3774071387815143,1.4316811360790147,-1.8752853723150364,-0.7996548742607882,-0.22345527558581418,1.0202258635204915,-1.0161329645585022,0
0.890123685007999,-1.1099901739376037,-0.502969299721533,0.5332838875289263,0.4405419421828948,0.9048055324001227,-0.3774071387815143,1.4316811360790147,0.001192415045823164,-0.9143260204049839,0.03455021005991044,0.7027533459901402,-1.0161329645585022,0
-0.12657084635623306,-1.1099901739376037,0.17308587110484092,0.6263167795001651,-0.404365943111267,0.9048055324001227,-0.3774071387815143,-0.3041918912684436,1.1223795008750308,-0.9143260204049839,0.03455021005991044,1.734539027963782,-1.0161329645585022,0
0.0428782422044723,-1.1099901739376037,0.8491410419312149,0.8736096084557968,0.2715603651240624,0.9048055324001227,-0.3774071387815143,1.4316811360790147,-0.811164695045998,-1.0289971665491795,0.8085666669970842,0.20670253734896618,0.9841231756854657,0
-0.12657084635623306,0.9009088760241706,0.8491410419312149,-0.18705379732663496,-0.404365943111267,0.21058638994196582,-1.359229812333827,1.4316811360790147,1.223084927745918,-1.487681751125962,0.5505611813513597,-0.40840046536608954,-1.0161329645585022,0
-0.12657084635623306,-1.1099901739376037,0.8491410419312149,1.0301120629516338,-0.06640278899360229,0.9048055324001227,-0.3774071387815143,-1.461440576166749,-1.2475548781531747,-1.0289971665491795,1.066572152642809,-0.5472946917856183,-1.0161329645585022,0
0.21232733076517762,-1.1099901739376037,-0.502969299721533,1.1231449549228725,-0.23538436605243465,0.9048055324001227,-0.3774071387815143,0.2744324511807092,-0.34120603631519225,-1.0289971665491795,0.03455021005991044,1.0202258635204915,0.9841231756854657,0
0.890123685007999,-1.1099901739376037,1.5251962127575889,-0.18915418344650847,0.7785050963005594,-1.177851894974348,0.38271364074285674,0.2744324511807092,-1.4724636648314886,0.4617277333253637,0.03455021005991044,1.5162766721616654,-1.0161329645585022,0
0.21232733076517762,-1.1099901739376037,0.8491410419312149,-0.7028644097124097,0.6095235192417271,0.9048055324001227,-0.3734481763881582,-0.8828162337175963,-1.371758237960602,0.6910700256137552,0.29255569570563505,-0.15045404487267908,0.9841231756854657,0
0.38177641932588297,0.9009088760241706,-1.179024470547907,-0.8514390910339873,0.10257878806523006,0.9048055324001227,-0.36948921399480206,0.2744324511807092,-1.0092187012254088,1.6084391947673204,1.066572152642809,-1.0830295651180861,-1.0161329645585022,1
0.21232733076517762,-1.1099901739376037,-0.502969299721533,-0.1792049860365814,0.2715603651240624,0.21058638994196582,-0.06069014731302636,-0.8828162337175963,-1.6705176710108995,-0.11162799739561437,0.8085666669970842,1.278172284013902,0.9841231756854657,0
0.0428782422044723,0.9009088760241706,0.17308587110484092,-0.494941976221775,-0.404365943111267,0.9048055324001227,-0.36948921399480206,-0.8828162337175963,-0.8447331706696268,0.1177142948927768,0.5505611813513597,1.1194360252487263,0.9841231756854657,0
1.2290218621294098,0.9009088760241706,0.8491410419312149,0.7411431515121963,1.2854498274770565,0.9048055324001227,-0.36948921399480206,1.4316811360790147,0.001192415045823164,-0.9143260204049839,-0.22345527558581418,-0.6266628211682062,0.9841231756854657,0
0.21232733076517762,-1.1099901739376037,-0.502969299721533,-0.5825896676901802,0.4405419421828948,0.9048055324001227,-0.3615712892080899,0.2744324511807092,0.23617174441122635,0.3470565871811683,0.8085666669970842,-1.5790803737592602,0.9841231756854657,0
0.21232733076517762,-1.1099901739376037,-1.179024470547907,-0.18520608923621995,0.2715603651240624,-1.177851894974348,-0.5674373336626071,0.2744324511807092,-0.005521280078902488,-0.570312581972397,0.8085666669970842,0.7027533459901402,0.9841231756854657,0
0.0428782422044723,0.9009088760241706,-1.179024470547907,-0.18170018157748374,-0.23538436605243465,-1.177851894974348,0.8577891279455886,-1.461440576166749,-1.1804179269059165,0.9204123179021463,0.8085666669970842,0.08765034327508442,0.9841231756854657,0
0.5512255078865883,0.9009088760241706,1.5251962127575889,-0.18340575827632838,0.10257878806523006,0.21058638994196582,0.30353439287573475,1.4316811360790147,0.001192415045823164,0.3470565871811683,0.8085666669970842,1.1988041546313142,0.9841231756854657,0
-0.12657084635623306,-1.1099901739376037,0.8491410419312149,-0.2983110921725655,0.10257878806523006,0.9048055324001227,-0.3615712892080899,0.2744324511807092,-1.2475548781531747,-0.2262991435398101,0.8085666669970842,0.10749237562073138,-1.0161329645585022,0
0.890123685007999,-1.1099901739376037,-1.179024470547907,-0.2994639356819697,0.2715603651240624,-1.177851894974348,0.06599664927436881,-1.461440576166749,1.9750187817152072,0.23238544103697253,0.29255569570563505,0.7027533459901402,-1.0161329645585022,1
0.38177641932588297,0.9009088760241706,-0.502969299721533,0.9368107005740954,0.10257878806523006,0.9048055324001227,-0.3615712892080899,-1.461440576166749,-0.25392799969375696,-1.0289971665491795,0.8085666669970842,0.3455967637684949,-1.0161329645585022,0
0.0428782422044723,-1.1099901739376037,-1.179024470547907,-0.39132819176696304,-0.5733475201700994,0.9048055324001227,-0.3536533644213777,-0.8828162337175963,-1.1804179269059165,-0.11162799739561437,1.066572152642809,-0.7853990799333818,-1.0161329645585022,0
-0.12657084635623306,-1.1099901739376037,0.8491410419312149,-0.18594833094775418,0.10257878806523006,-1.177851894974348,0.073914574061081,-1.461440576166749,-0.46205254856025635,0.1177142948927768,0.5505611813513597,0.286070666731554,0.9841231756854657,0
0.7206745964472937,0.9009088760241706,1.5251962127575889,-0.6619147765632971,0.2715603651240624,0.9048055324001227,-0.34573543963466546,-0.3041918912684436,1.934736610966852,0.5763988794695595,0.8085666669970842,-0.7655570475877348,-1.0161329645585022,1
1.2290218621294098,-1.1099901739376037,-1.179024470547907,-0.18318466500055222,0.2715603651240624,-1.177851894974348,0.38271364074285674,-1.461440576166749,0.001192415045823164,0.4617277333253637,0.5505611813513597,0.782121475372728,-1.0161329645585022,0
0.890123685007999,0.9009088760241706,-1.179024470547907,0.05651203069448448,0.9474866733593919,0.9048055324001227,-0.34573543963466546,-0.3041918912684436,-0.41841353024953903,-0.570312581972397,-0.22345527558581418,-0.07108591549009124,0.9841231756854657,0
0.5512255078865883,0.9009088760241706,0.8491410419312149,-0.18308991073950528,0.9474866733593919,-1.177851894974348,0.38271364074285674,0.2744324511807092,-1.4993184453303918,0.4617277333253637,-0.22345527558581418,0.14717644031202531,0.9841231756854657,0
0.7206745964472937,-1.1099901739376037,-0.502969299721533,-0.18904363680862038,0.2715603651240624,-1.177851894974348,-1.042512820865339,-0.8828162337175963,-0.7138161157374736,-1.143668312693375,0.8085666669970842,0.5638591195706114,-1.0161329645585022,0
0.0428782422044723,-1.1099901739376037,1.5251962127575889,1.4029384954175994,-0.06640278899360229,0.9048055324001227,-0.34573543963466546,-1.461440576166749,-1.6705176710108995,-1.143668312693375,0.8085666669970842,-0.6068207888225592,0.9841231756854657,0
0.0428782422044723,0.9009088760241706,-0.502969299721533,-0.18596412332459533,-0.911310674287764,0.21058638994196582,0.38271364074285674,-0.3041918912684436,1.2465828606824585,0.4617277333253637,0.29255569570563505,-0.051243883144444294,-1.0161329645585022,0
0.21232733076517762,-1.1099901739376037,-1.179024470547907,-0.20568880199919679,-0.404365943111267,0.9048055324001227,-0.3378175148479533,-0.3041918912684436,1.5486991412951188,-0.34097028968400567,0.5505611813513597,-1.162397694500674,0.9841231756854657,0
-0.12657084635623306,0.9009088760241706,1.5251962127575889,-0.05071820805695176,0.6095235192417271,0.9048055324001227,-0.3378175148479533,0.2744324511807092,1.6729025011025462,-0.45564143582820127,1.066572152642809,0.8813316371009629,-1.0161329645585022,1
-0.12657084635623306,0.9009088760241706,-1.179024470547907,-0.2988954101156882,-0.5733475201700994,-1.177851894974348,-0.18737694390042153,0.2744324511807092,0.001192415045823164,0.003043148748581378,0.29255569570563505,-3.4442314142500745,-1.0161329645585022,1
0.21232733076517762,-1.1099901739376037,-0.502969299721533,-0.18751177625502843,-0.06640278899360229,-1.177851894974348,-0.5674373336626071,1.4316811360790147,0.7464125738903866,-0.570312581972397,0.29255569570563505,-0.13061201252703214,0.9841231756854657,0
1.0595727735687044,-1.1099901739376037,-0.502969299721533,-0.1853955977583138,0.7785050963005594,0.21058638994196582,-0.6307807319563046,0.2744324511807092,0.2865244578466693,-0.6849837281165926,0.29255569570563505,-0.32903233598350173,0.9841231756854657,0
0.0428782422044723,-1.1099901739376037,0.8491410419312149,-0.8625569243301597,-0.404365943111267,0.9048055324001227,-0.3298995900612411,0.2744324511807092,-0.41841353024953903,1.8377814870557112,0.8085666669970842,-0.8052411122790287,-1.0161329645585022,1
0.890123685007999,0.9009088760241706,0.8491410419312149,-0.18288460984057028,0.4405419421828948,-1.177851894974348,0.30353439287573475,0.853056793629862,-1.2979075915886182,0.3470565871811683,1.066572152642809,-0.09092794783573821,0.9841231756854657,0
0.7206745964472937,-1.1099901739376037,-0.502969299721533,-0.18406903810365685,0.6095235192417271,-1.177851894974348,0.06599664927436881,0.853056793629862,-1.2979075915886182,0.1177142948927768,0.5505611813513597,-1.2616078562289088,-1.0161329645585022,0
0.21232733076517762,-1.1099901739376037,1.5251962127575889,-0.17857329096293523,0.6095235192417271,-1.177851894974348,0.5410721364771007,1.4316811360790147,-1.0495008719737637,0.5763988794695595,-0.22345527558581418,0.782121475372728,0.9841231756854657,0
0.38177641932588297,0.9009088760241706,0.8491410419312149,-0.8284138055995847,0.4405419421828948,0.9048055324001227,-0.3298995900612411,0.2744324511807092,-0.21364582894540246,1.4937680486231246,0.8085666669970842,-0.5274526594399713,-1.0161329645585022,1
0.5512255078865883,0.9009088760241706,-1.179024470547907,-0.18135274928697834,0.2715603651240624,-1.177851894974348,-0.2507203421941191,-0.8828162337175963,-0.811164695045998,-0.2262991435398101,-0.22345527558581418,0.6432272489531993,0.9841231756854657,0
0.38177641932588297,0.9009088760241706,0.8491410419312149,-0.1821897452595595,0.2715603651240624,-1.177851894974348,0.6994306322113446,0.2744324511807092,0.3939435798422821,0.6910700256137552,0.29255569570563505,0.782121475372728,-1.0161329645585022,0
0.21232733076517762,0.9009088760241706,-1.179024470547907,-0.7642967556244991,-0.06640278899360229,0.9048055324001227,-0.3298995900612411,-0.8828162337175963,1.2029438423717405,1.1497546101905376,-0.22345527558581418,-0.7655570475877348,-1.0161329645585022,1
0.21232733076517762,-1.1099901739376037,-0.502969299721533,-0.19125456956638195,-0.404365943111267,-1.177851894974348,1.3328646151483206,-0.8828162337175963,1.2096575374964662,1.4937680486231246,0.8085666669970842,1.6353288662355472,0.9841231756854657,0
0.0428782422044723,-1.1099901739376037,-1.179024470547907,-0.18902784443177922,0.10257878806523006,-1.177851894974348,-0.7574675285436998,1.4316811360790147,1.2096575374964662,-0.7996548742607882,0.03455021005991044,-0.8052411122790287,0.9841231756854657,0
-0.12657084635623306,-1.1099901739376037,0.17308587110484092,-0.7315433660559455,-0.23538436605243465,0.9048055324001227,-0.3298995900612411,0.2744324511807092,0.5651428055227898,0.9204123179021463,1.066572152642809,0.5241750548793175,-1.0161329645585022,0
0.21232733076517762,-1.1099901739376037,-0.502969299721533,-0.7237261395195742,0.10257878806523006,0.9048055324001227,-0.3298995900612411,-0.8828162337175963,-1.4724636648314886,0.9204123179021463,0.8085666669970842,0.4249648931510827,0.9841231756854657,0
-0.12657084635623306,-1.1099901739376037,1.5251962127575889,-0.6763174242424297,-0.23538436605243465,0.9048055324001227,-0.3298995900612411,-0.8828162337175963,1.286865031430813,0.6910700256137552,0.29255569570563505,0.14717644031202531,0.9841231756854657,0
0.890123685007999,-1.1099901739376037,0.8491410419312149,-0.6819710951515628,0.9474866733593919,0.9048055324001227,-0.3298995900612411,-0.8828162337175963,0.2865244578466693,0.6910700256137552,-0.22345527558581418,-2.2140254088199627,-1.0161329645585022,1
1.2290218621294098,0.9009088760241706,0.8491410419312149,-0.18110007125751987,0.9474866733593919,-1.177851894974348,0.8577891279455886,-0.3041918912684436,0.0851136041048956,0.9204123179021463,1.066572152642809,-0.3488743683291487,-1.0161329645585022,0
0.5512255078865883,-1.1099901739376037,0.8491410419312149,-0.6599091447044706,0.4405419421828948,0.9048055324001227,-0.3298995900612411,0.853056793629862,-1.1804179269059165,0.6910700256137552,0.8085666669970842,-1.102871597463733,0.9841231756854657,0
0.38177641932588297,-1.1099901739376037,0.17308587110484092,-0.18658002602140034,0.4405419421828948,-1.177851894974348,-1.2800505644667048,-0.8828162337175963,0.001192415045823164,-1.3730106049817663,0.29255569570563505,0.8614896047553159,0.9841231756854657,0
0.38177641932588297,0.9009088760241706,-0.502969299721533,-0.6375155543437141,0.4405419421828948,0.9048055324001227,-0.3298995900612411,-1.461440576166749,0.8269769153870962,0.5763988794695595,1.066572152642809,1.5559607368529593,0.9841231756854657,0
0.38177641932588297,0.9009088760241706,-0.502969299721533,-0.18357947442158107,0.6095235192417271,-1.177851894974348,0.0026532509806712224,-0.3041918912684436,-1.6839450612603513,0.003043148748581378,0.03455021005991044,-0.32903233598350173,0.9841231756854657,0
-0.12657084635623306,0.9009088760241706,1.5251962127575889,-0.62377618649191,0.10257878806523006,0.9048055324001227,-0.3298995900612411,0.2744324511807092,1.5587696839822078,0.5763988794695595,0.29255569570563505,0.26622863438590705,-1.0161329645585022,1
0.890123685007999,0.9009088760241706,-1.179024470547907,-0.6185173250038057,0.7785050963005594,0.9048055324001227,-0.3298995900612411,0.853056793629862,0.1119683846037988,0.4617277333253637,0.8085666669970842,0.7027533459901402,0.9841231756854657,0
0.21232733076517762,0.9009088760241706,0.8491410419312149,-0.604098884947832,0.4405419421828948,0.9048055324001227,-0.3298995900612411,0.2744324511807092,0.001192415045823164,0.4617277333253637,1.066572152642809,0.12733440796637835,-1.0161329645585022,0
0.5512255078865883,0.9009088760241706,-1.179024470547907,-0.5978293113418939,0.7785050963005594,0.9048055324001227,-0.3298995900612411,0.2744324511807092,-0.6936750303632967,0.4617277333253637,0.5505611813513597,-0.26950623894656084,0.9841231756854657,0
0.0428782422044723,0.9009088760241706,-1.179024470547907,-0.5953657005546739,0.2715603651240624,0.9048055324001227,-0.3298995900612411,0.853056793629862,-0.6936750303632967,0.4617277333253637,0.29255569570563505,-0.8647672093159696,0.9841231756854657,0
-0.12657084635623306,-1.1099901739376037,-0.502969299721533,-0.18594833094775418,-0.06640278899360229,-1.177851894974348,-0.7257958293968509,-0.3041918912684436,-1.0964967378468442,-0.7996548742607882,0.29255569570563505,-2.749760282152431,0.9841231756854657,0
-0.12657084635623306,0.9009088760241706,-0.502969299721533,-0.18643789462982996,0.4405419421828948,-1.177851894974348,-1.0266769712919146,0.853056793629862,-0.5661148229935064,-1.0289971665491795,0.29255569570563505,0.5440170872249644,0.9841231756854657,0
0.38177641932588297,-1.1099901739376037,-1.179024470547907,-0.1814001264175018,0.9474866733593919,-1.177851894974348,0.5410721364771007,0.853056793629862,0.2965950005337584,0.5763988794695595,0.29255569570563505,0.5440170872249644,-1.0161329645585022,0
0.21232733076517762,-1.1099901739376037,0.8491410419312149,-0.1856324834109311,0.4405419421828948,-1.177851894974348,1.0161476236798326,1.4316811360790147,1.223084927745918,1.035083464046342,0.03455021005991044,0.5440170872249644,0.9841231756854657,0
0.890123685007999,-1.1099901739376037,-0.502969299721533,-0.17898389276080523,1.2854498274770565,0.21058638994196582,1.0161476236798326,-0.3041918912684436,-1.6705176710108995,1.035083464046342,0.5505611813513597,-1.5592383414136133,0.9841231756854657,0
0.38177641932588297,-1.1099901739376037,-0.502969299721533,-0.5823211972838805,0.2715603651240624,0.9048055324001227,-0.3298995900612411,0.2744324511807092,-0.7977373047965461,0.3470565871811683,-0.22345527558581418,-0.7457150152420878,-1.0161329645585022,0
1.2290218621294098,0.9009088760241706,0.8491410419312149,-0.5797154551050901,1.6234129815947211,0.9048055324001227,-0.3298995900612411,-0.8828162337175963,0.4308689030282738,0.3470565871811683,0.29255569570563505,1.694854963272488,0.9841231756854657,0
0.0428782422044723,0.9009088760241706,0.8491410419312149,-0.18048416856071486,-0.404365943111267,-1.177851894974348,-1.1375279183058853,-1.461440576166749,1.0015329886299666,-1.143668312693375,0.03455021005991044,0.40512286080543575,0.9841231756854657,0
-0.12657084635623306,0.9009088760241706,0.8491410419312149,-0.18293198697109375,-0.7423290972289317,-1.177851894974348,0.38271364074285674,-0.3041918912684436,1.0787404825643134,0.4617277333253637,0.5505611813513597,-0.6068207888225592,0.9841231756854657,0
0.7206745964472937,0.9009088760241706,-0.502969299721533,-0.17977351160286292,0.6095235192417271,-1.177851894974348,-0.4882580857954851,0.853056793629862,-1.623521805137819,-0.570312581972397,-0.22345527558581418,0.9606997664835506,-1.0161329645585022,0
1.2290218621294098,-1.1099901739376037,0.17308587110484092,-0.6827449216167794,0.6095235192417271,0.9048055324001227,-0.3298995900612411,-0.8828162337175963,0.001192415045823164,0.6910700256137552,0.03455021005991044,0.801963507718375,-1.0161329645585022,1
-0.12657084635623306,0.9009088760241706,-0.502969299721533,-0.1806736770828087,-0.404365943111267,-1.177851894974348,0.06599664927436881,-0.8828162337175963,-0.21700267650776528,0.1177142948927768,1.066572152642809,-1.3409759856114967,0.9841231756854657,0
1.0595727735687044,0.9009088760241706,1.5251962127575889,-0.17928394792078717,0.6095235192417271,-1.177851894974348,-0.4090788379283631,-1.461440576166749,-1.0427871768490378,-0.45564143582820127,1.066572152642809,-1.0235034680811452,0.9841231756854657,0
0.5512255078865883,0.9009088760241706,0.8491410419312149,-0.5460461076797496,0.4405419421828948,0.9048055324001227,-0.3298995900612411,0.853056793629862,1.417782086362966,0.3470565871811683,0.03455021005991044,0.7027533459901402,-1.0161329645585022,0
1.0595727735687044,-1.1099901739376037,-0.502969299721533,-0.18100531699647296,0.9474866733593919,0.21058638994196582,0.3985494903162811,0.2744324511807092,-1.7510820125076092,0.4617277333253637,0.8085666669970842,1.794065125000723,0.9841231756854657,0
0.0428782422044723,0.9009088760241706,0.8491410419312149,-0.6596564666750121,-0.06640278899360229,0.9048055324001227,-0.3298995900612411,-0.3041918912684436,1.4446368668618692,0.6910700256137552,-0.22345527558581418,0.18686050500331922,-1.0161329645585022,1
0.38177641932588297,0.9009088760241706,-1.179024470547907,-0.5251370007420616,0.2715603651240624,0.9048055324001227,-0.3298995900612411,0.853056793629862,-0.41841353024953903,0.23238544103697253,0.03455021005991044,0.6630692812988462,0.9841231756854657,0
0.890123685007999,-1.1099901739376037,1.5251962127575889,-0.5166407020015207,1.1164682504182242,0.9048055324001227,-0.3298995900612411,-0.8828162337175963,0.8336906105118219,0.23238544103697253,-0.22345527558581418,1.3972244780877838,-1.0161329645585022,0
0.21232733076517762,-1.1099901739376037,-1.179024470547907,-0.17595175640730365,0.2715603651240624,-1.177851894974348,0.8181995040120276,0.2744324511807092,0.001192415045823164,0.8057411717579506,0.5505611813513597,1.317856348705196,0.9841231756854657,0
0.890123685007999,0.9009088760241706,-0.502969299721533,-0.29674764686529126,0.6095235192417271,-1.177851894974348,-0.8841543251310949,0.2744324511807092,0.001192415045823164,-0.7996548742607882,0.5505611813513597,0.7424374106814341,-1.0161329645585022,1
0.38177641932588297,-1.1099901739376037,-0.502969299721533,-0.49036218693784034,0.9474866733593919,0.9048055324001227,-0.3298995900612411,1.4316811360790147,0.5651428055227898,0.1177142948927768,-0.22345527558581418,1.3972244780877838,0.9841231756854657,0
1.2290218621294098,-1.1099901739376037,-0.502969299721533,-0.1783048205566356,1.1164682504182242,-1.177851894974348,-1.01084112171849,-0.8828162337175963,0.001192415045823164,-1.0289971665491795,0.03455021005991044,0.028124246238143545,0.9841231756854657,0
0.38177641932588297,0.9009088760241706,-1.179024470547907,-0.17012436935291778,0.4405419421828948,-1.177851894974348,-1.042512820865339,1.4316811360790147,2.206641263518246,-1.143668312693375,0.8085666669970842,0.9210157017922567,0.9841231756854657,0
0.38177641932588297,0.9009088760241706,-0.502969299721533,-0.1751463451884048,-0.404365943111267,-1.177851894974348,0.38271364074285674,-0.3041918912684436,-0.6936750303632967,0.3470565871811683,1.066572152642809,-0.36871640067479566,0.9841231756854657,0
0.5512255078865883,-1.1099901739376037,1.5251962127575889,-0.6017774055521824,0.6095235192417271,0.9048055324001227,-0.3298995900612411,-0.3041918912684436,1.5352717510456675,0.4617277333253637,-0.22345527558581418,-0.38855843302044263,-1.0161329645585022,1
0.0428782422044723,-1.1099901739376037,1.5251962127575889,-0.17271431915486707,0.7785050963005594,-1.177851894974348,0.8577891279455886,1.4316811360790147,0.3738024944681046,0.9204123179021463,0.29255569570563505,0.06780831092943747,0.9841231756854657,0
0.21232733076517762,0.9009088760241706,-1.179024470547907,-0.1687504325677374,0.10257878806523006,-1.177851894974348,0.06599664927436881,1.4316811360790147,0.001192415045823164,0.003043148748581378,-0.22345527558581418,-0.7655570475877348,0.9841231756854657,0
0.21232733076517762,0.9009088760241706,-1.179024470547907,-0.16911365723508393,0.4405419421828948,0.21058638994196582,0.22435514500861276,0.2744324511807092,-0.12972463988633004,0.23238544103697253,0.03455021005991044,1.4964346398160184,0.9841231756854657,0
0.0428782422044723,-1.1099901739376037,-1.179024470547907,-0.48804070754219064,-0.06640278899360229,0.9048055324001227,-0.3298995900612411,0.853056793629862,0.2865244578466693,0.1177142948927768,0.5505611813513597,-0.38855843302044263,-1.0161329645585022,0
0.7206745964472937,0.9009088760241706,1.5251962127575889,-0.16976114468557124,0.6095235192417271,0.21058638994196582,0.38271364074285674,0.853056793629862,1.327147202179168,0.3470565871811683,1.066572152642809,1.0400678958661385,-1.0161329645585022,0
0.0428782422044723,0.9009088760241706,-0.502969299721533,-0.279912973152621,0.7785050963005594,-1.177851894974348,0.06599664927436881,0.853056793629862,-0.1397951825734185,0.23238544103697253,0.5505611813513597,0.9606997664835506,-1.0161329645585022,1
0.0428782422044723,-1.1099901739376037,-0.502969299721533,-0.17419880257793555,0.2715603651240624,-1.177851894974348,0.4302211894631299,0.853056793629862,-1.0495008719737637,0.4617277333253637,0.29255569570563505,0.801963507718375,0.9841231756854657,0
0.21232733076517762,-1.1099901739376037,0.17308587110484092,-0.48908300441370683,0.7785050963005594,0.9048055324001227,-0.3298995900612411,0.2744324511807092,0.5785701957722418,0.1177142948927768,0.8085666669970842,-0.8647672093159696,0.9841231756854657,0
0.7206745964472937,0.9009088760241706,-0.502969299721533,-0.6033250584826155,0.9474866733593919,0.9048055324001227,-0.3298995900612411,-0.8828162337175963,-0.33449234119046656,0.4617277333253637,-0.22345527558581418,0.801963507718375,-1.0161329645585022,1
0.38177641932588297,-1.1099901739376037,-0.502969299721533,-0.5981293665018758,-0.06640278899360229,0.9048055324001227,-0.3298995900612411,1.4316811360790147,0.001192415045823164,0.4617277333253637,0.03455021005991044,-0.17029607721832604,-1.0161329645585022,1
0.0428782422044723,-1.1099901739376037,0.8491410419312149,-0.4863667155970283,-0.23538436605243465,0.9048055324001227,-0.3298995900612411,0.2744324511807092,0.001192415045823164,0.1177142948927768,0.29255569570563505,-2.1743413441286688,0.9841231756854657,0
0.7206745964472937,0.9009088760241706,0.8491410419312149,-0.4853875882328768,0.7785050963005594,0.9048055324001227,-0.3298995900612411,-0.8828162337175963,-1.0092187012254088,0.1177142948927768,0.03455021005991044,0.3654387961141419,0.9841231756854657,0
0.0428782422044723,0.9009088760241706,1.5251962127575889,-0.1690820724814016,0.4405419421828948,-1.177851894974348,-0.013182598592753173,0.853056793629862,-1.173704231781191,0.003043148748581378,-0.22345527558581418,1.1591200899400202,0.9841231756854657,0
0.21232733076517762,-1.1099901739376037,-0.502969299721533,-0.45216042735908857,-0.06640278899360229,0.9048055324001227,-0.3298995900612411,-0.8828162337175963,0.6255660616453219,0.1177142948927768,0.5505611813513597,0.5638591195706114,0.9841231756854657,0
0.0428782422044723,0.9009088760241706,-1.179024470547907,-0.5658181634848746,0.2715603651240624,0.9048055324001227,-0.3298995900612411,-0.3041918912684436,-0.2069321338206762,0.3470565871811683,0.8085666669970842,0.9210157017922567,-1.0161329645585022,1
-0.12657084635623306,0.9009088760241706,1.5251962127575889,-0.5619806159124741,-0.5733475201700994,0.9048055324001227,-0.3298995900612411,0.853056793629862,0.8538316958859994,0.3470565871811683,0.29255569570563505,1.0797519605574324,-1.0161329645585022,1
0.0428782422044723,0.9009088760241706,-1.179024470547907,-0.16683955496995773,0.10257878806523006,-1.177851894974348,0.0026532509806712224,0.853056793629862,1.6628319584154578,0.003043148748581378,0.8085666669970842,-0.11076998018138517,0.9841231756854657,0
0.890123685007999,0.9009088760241706,1.5251962127575889,-0.514729824403741,1.6234129815947211,0.9048055324001227,-0.3298995900612411,1.4316811360790147,0.001192415045823164,0.23238544103697253,-0.22345527558581418,0.305912699077201,-1.0161329645585022,1
0.21232733076517762,0.9009088760241706,-0.502969299721533,-0.3955447563835512,-0.06640278899360229,0.9048055324001227,-0.3298995900612411,-0.8828162337175963,0.001192415045823164,0.003043148748581378,-0.22345527558581418,0.38528082845978884,0.9841231756854657,0
-0.12657084635623306,-1.1099901739376037,-0.502969299721533,-0.1720826240812209,-0.06640278899360229,0.21058638994196582,0.8577891279455886,-0.8828162337175963,-1.6705176710108995,0.9204123179021463,0.03455021005991044,-0.8449251769703227,0.9841231756854657,0
0.21232733076517762,-1.1099901739376037,1.5251962127575889,-0.397060824560302,0.7785050963005594,0.9048055324001227,-0.3298995900612411,0.2744324511807092,-0.901799579229796,0.003043148748581378,0.5505611813513597,0.5043330225336705,0.9841231756854657,0
-0.12657084635623306,-1.1099901739376037,0.17308587110484092,-0.39672918464663776,-0.06640278899360229,0.9048055324001227,-0.3298995900612411,0.2744324511807092,1.4312094766124175,0.003043148748581378,0.5505611813513597,1.0995939929030794,-1.0161329645585022,0
-0.12657084635623306,0.9009088760241706,1.5251962127575889,-0.17347235324324245,-0.23538436605243465,-1.177851894974348,-1.042512820865339,-1.461440576166749,-1.173704231781191,-1.143668312693375,-0.22345527558581418,1.5758027691986063,-1.0161329645585022,0
1.2290218621294098,-1.1099901739376037,0.8491410419312149,-0.16600255899737656,1.1164682504182242,-1.177851894974348,-0.646616581529729,0.2744324511807092,-1.1804179269059165,-0.6849837281165926,-0.22345527558581418,-0.6663468858595001,0.9841231756854657,0
-0.12657084635623306,0.9009088760241706,0.8491410419312149,-0.3942024043520531,0.10257878806523006,0.9048055324001227,-0.3298995900612411,0.853056793629862,0.5785701957722418,0.003043148748581378,0.03455021005991044,-1.3409759856114967,0.9841231756854657,0
0.0428782422044723,0.9009088760241706,1.5251962127575889,-0.2797550493842094,-0.5733475201700994,-1.177851894974348,-0.7614264909370558,0.853056793629862,-1.1804179269059165,-0.6849837281165926,0.03455021005991044,0.12733440796637835,-1.0161329645585022,1
1.0595727735687044,-1.1099901739376037,-1.179024470547907,-0.5105606369176764,1.1164682504182242,0.9048055324001227,-0.3298995900612411,-1.461440576166749,-0.522475804682789,0.23238544103697253,0.8085666669970842,-0.5076106270943244,-1.0161329645585022,1
0.21232733076517762,-1.1099901739376037,0.8491410419312149,-0.3795154938897798,-0.23538436605243465,0.9048055324001227,-0.3298995900612411,-0.8828162337175963,-0.33784918875282943,-0.11162799739561437,0.29255569570563505,-1.4600281796853785,-1.0161329645585022,0
-0.12657084635623306,-1.1099901739376037,0.8491410419312149,-0.281555380344101,-0.23538436605243465,-1.177851894974348,0.06599664927436881,-0.3041918912684436,-1.3482603050240614,0.23238544103697253,-0.22345527558581418,0.9011736694466097,-1.0161329645585022,1
-0.12657084635623306,0.9009088760241706,0.8491410419312149,-0.3762148871299786,0.10257878806523006,0.9048055324001227,-0.3298995900612411,0.2744324511807092,0.8336906105118219,-0.11162799739561437,-0.22345527558581418,-1.2616078562289088,0.9841231756854657,0
0.38177641932588297,-1.1099901739376037,-1.179024470547907,-0.1630020073975573,0.2715603651240624,-1.177851894974348,-0.804975077263973,1.4316811360790147,-1.1804179269059165,-0.9143260204049839,1.066572152642809,-0.5274526594399713,-1.0161329645585022,0
0.38177641932588297,-1.1099901739376037,-1.179024470547907,-0.34878352855689393,0.10257878806523006,0.9048055324001227,-0.3298995900612411,-0.8828162337175963,-1.0495008719737637,-0.11162799739561437,1.066572152642809,1.0003838311748445,0.9841231756854657,0
0.38177641932588297,-1.1099901739376037,-1.179024470547907,-0.33897646253853725,0.9474866733593919,0.9048055324001227,-0.3298995900612411,0.2744324511807092,-1.1804179269059165,-0.11162799739561437,0.03455021005991044,-0.6266628211682062,0.9841231756854657,0
0.0428782422044723,-1.1099901739376037,1.5251962127575889,-0.3261688449203613,-0.404365943111267,0.9048055324001227,-0.3298995900612411,1.4316811360790147,0.622209214082959,-0.11162799739561437,0.29255569570563505,0.9606997664835506,-1.0161329645585022,0
-0.12657084635623306,0.9009088760241706,0.8491410419312149,-0.4333832912949564,-0.911310674287764,0.9048055324001227,-0.3298995900612411,0.2744324511807092,0.30330869565848406,0.003043148748581378,0.29255569570563505,-0.5869787564769122,-1.0161329645585022,1
0.7206745964472937,0.9009088760241706,-1.179024470547907,-0.16570250383739465,1.1164682504182242,-1.177851894974348,-0.09236184645987515,0.2744324511807092,0.7866947446387411,-0.11162799739561437,-0.22345527558581418,0.7027533459901402,0.9841231756854657,0
0.890123685007999,-1.1099901739376037,1.5251962127575889,-0.1624808589617992,0.7785050963005594,-1.177851894974348,0.5410721364771007,-1.461440576166749,-1.0495008719737637,0.5763988794695595,-0.22345527558581418,1.754381060309429,-1.0161329645585022,0
0.21232733076517762,-1.1099901739376037,-0.502969299721533,-0.1638232109932973,0.10257878806523006,-1.177851894974348,-1.121692068732461,0.2744324511807092,-1.4254677989584081,-1.143668312693375,0.29255569570563505,1.6353288662355472,-1.0161329645585022,0
0.38177641932588297,0.9009088760241706,-0.502969299721533,-0.1640285118922323,0.7785050963005594,-1.177851894974348,-0.5674373336626071,1.4316811360790147,-1.173704231781191,-0.570312581972397,0.5505611813513597,0.028124246238143545,0.9841231756854657,0
0.21232733076517762,-1.1099901739376037,1.5251962127575889,-0.1680555679867266,-0.23538436605243465,0.21058638994196582,-0.7257958293968509,0.2744324511807092,0.2865244578466693,-0.7996548742607882,1.066572152642809,1.0599099282117854,0.9841231756854657,0
0.890123685007999,0.9009088760241706,-0.502969299721533,-0.40539919953243136,1.1164682504182242,0.9048055324001227,-0.3298995900612411,-0.8828162337175963,0.6423502994571366,0.003043148748581378,0.03455021005991044,-0.36871640067479566,-1.0161329645585022,1
0.5512255078865883,-1.1099901739376037,1.5251962127575889,-0.16971376755504777,0.7785050963005594,-1.177851894974348,-0.2507203421941191,-0.8828162337175963,-0.37813135950118393,-0.2262991435398101,0.8085666669970842,1.278172284013902,0.9841231756854657,0
0.38177641932588297,0.9009088760241706,0.8491410419312149,-0.2879986700952919,0.4405419421828948,0.9048055324001227,-0.3298995900612411,0.853056793629862,-0.25392799969375696,-0.2262991435398101,0.29255569570563505,-0.15045404487267908,0.9841231756854657,0
0.0428782422044723,0.9009088760241706,-0.502969299721533,-0.1599067015366911,0.4405419421828948,-1.177851894974348,-0.5674373336626071,1.4316811360790147,0.5785701957722418,-0.570312581972397,1.066572152642809,0.3455967637684949,0.9841231756854657,0
0.890123685007999,-1.1099901739376037,-0.502969299721533,-0.28784074632688034,0.9474866733593919,0.9048055324001227,-0.3298995900612411,0.853056793629862,0.30330869565848406,-0.2262991435398101,0.03455021005991044,-2.1743413441286688,-1.0161329645585022,0
0.0428782422044723,-1.1099901739376037,-0.502969299721533,-0.2781442269464117,-0.06640278899360229,0.9048055324001227,-0.3298995900612411,1.4316811360790147,1.8407448792206904,-0.2262991435398101,0.29255569570563505,0.40512286080543575,0.9841231756854657,0
0.0428782422044723,-1.1099901739376037,-1.179024470547907,-0.2784600744832348,-0.404365943111267,0.21058638994196582,1.712925004910506,-1.461440576166749,2.2603508245160526,2.1817949254882985,-0.22345527558581418,-0.32903233598350173,-1.0161329645585022,1
0.38177641932588297,-1.1099901739376037,-1.179024470547907,-0.4003298465664209,0.4405419421828948,0.9048055324001227,-0.3298995900612411,0.2744324511807092,1.357358830240434,0.003043148748581378,0.03455021005991044,-0.6465048535138531,-1.0161329645585022,1
0.0428782422044723,0.9009088760241706,0.8491410419312149,-0.16638157604156428,0.10257878806523006,0.21058638994196582,-0.963333572998217,0.853056793629862,0.27645391515958084,-1.0289971665491795,0.03455021005991044,0.3654387961141419,0.9841231756854657,0
0.5512255078865883,-1.1099901739376037,0.8491410419312149,-0.220059864924647,0.7785050963005594,0.9048055324001227,-0.3298995900612411,1.4316811360790147,0.5382880250238866,-0.34097028968400567,1.066572152642809,0.782121475372728,0.9841231756854657,0
0.0428782422044723,-1.1099901739376037,-0.502969299721533,-0.16317572354281,-0.06640278899360229,-1.177851894974348,0.5410721364771007,-0.3041918912684436,-0.46205254856025635,0.5763988794695595,-0.22345527558581418,0.286070666731554,0.9841231756854657,0
0.890123685007999,-1.1099901739376037,-0.502969299721533,-0.2818396431272418,1.1164682504182242,-1.177851894974348,-1.327558113186978,-0.8828162337175963,-0.46205254856025635,-1.3730106049817663,0.29255569570563505,-0.7457150152420878,-1.0161329645585022,1
0.21232733076517762,-1.1099901739376037,0.8491410419312149,-0.1703296702518528,0.10257878806523006,-1.177851894974348,-0.5674373336626071,-0.3041918912684436,-0.5661148229935064,-0.570312581972397,-0.22345527558581418,-0.5671367241312653,-1.0161329645585022,0
0.38177641932588297,-1.1099901739376037,0.17308587110484092,-0.16499184687954271,0.6095235192417271,-1.177851894974348,-0.8841543251310949,0.853056793629862,-1.0092187012254088,-0.9143260204049839,0.29255569570563505,1.6750129309268411,-1.0161329645585022,0
0.7206745964472937,-1.1099901739376037,1.5251962127575889,-0.2807025919946787,0.7785050963005594,-1.177851894974348,0.8577891279455886,0.2744324511807092,0.001192415045823164,1.1497546101905376,0.5505611813513597,0.7424374106814341,-1.0161329645585022,1
0.890123685007999,0.9009088760241706,-1.179024470547907,-0.16893994108983124,0.6095235192417271,-1.177851894974348,0.8577891279455886,-0.8828162337175963,-0.2069321338206762,0.9204123179021463,0.29255569570563505,0.5440170872249644,0.9841231756854657,0
0.0428782422044723,0.9009088760241706,-0.502969299721533,-0.20003513109006363,-0.23538436605243465,0.9048055324001227,-0.3298995900612411,-1.461440576166749,0.6154955189582334,-0.34097028968400567,0.03455021005991044,0.5241750548793175,0.9841231756854657,0
0.5512255078865883,0.9009088760241706,-0.502969299721533,-0.17563590887048056,0.7785050963005594,0.9048055324001227,-0.3298995900612411,1.4316811360790147,0.15896425047687956,-0.34097028968400567,1.066572152642809,0.8614896047553159,-1.0161329645585022,0
0.38177641932588297,-1.1099901739376037,1.5251962127575889,-0.163791626239615,0.10257878806523006,0.9048055324001227,-0.3298995900612411,1.4316811360790147,1.0955247203761276,-0.34097028968400567,-0.22345527558581418,-0.8250831446246757,0.9841231756854657,0
0.5512255078865883,-1.1099901739376037,-1.179024470547907,-0.16718698726046313,1.1164682504182242,0.9048055324001227,-0.3298995900612411,-0.8828162337175963,0.5114332445249834,-0.34097028968400567,0.8085666669970842,-0.32903233598350173,0.9841231756854657,0
1.0595727735687044,0.9009088760241706,0.8491410419312149,-0.16603414375105888,1.6234129815947211,0.9048055324001227,-0.3298995900612411,-1.461440576166749,0.04483143335654109,-0.34097028968400567,0.29255569570563505,0.7027533459901402,-1.0161329645585022,0
0.0428782422044723,0.9009088760241706,-1.179024470547907,-0.28084472338624905,-0.06640278899360229,-1.177851894974348,-1.1850354670261585,0.853056793629862,0.4308689030282738,-1.2583394588375707,0.5505611813513597,1.1194360252487263,-1.0161329645585022,1
-0.12657084635623306,-1.1099901739376037,-1.179024470547907,-0.15224739876873136,-0.404365943111267,0.9048055324001227,-0.3298995900612411,-0.8828162337175963,0.4040141225293712,-0.34097028968400567,1.066572152642809,-0.6663468858595001,-1.0161329645585022,0
0.5512255078865883,-1.1099901739376037,-0.502969299721533,-0.16399692713855,0.2715603651240624,-1.177851894974348,-0.3298995900612411,-1.461440576166749,0.7061304031420315,-0.34097028968400567,-0.22345527558581418,-1.0433455004267922,0.9841231756854657,0
-0.12657084635623306,-1.1099901739376037,-0.502969299721533,-0.16069632037874879,-0.23538436605243465,0.21058638994196582,0.8577891279455886,1.4316811360790147,0.3301634761573873,0.9204123179021463,0.03455021005991044,-0.9242933063529105,-1.0161329645585022,0
0.5512255078865883,-1.1099901739376037,-0.502969299721533,-0.16129643069871266,0.4405419421828948,-1.177851894974348,0.06599664927436881,-0.8828162337175963,-1.6839450612603513,0.003043148748581378,0.03455021005991044,0.6630692812988462,0.9841231756854657,0
0.0428782422044723,0.9009088760241706,-0.502969299721533,-0.15816954008416415,-0.06640278899360229,-1.177851894974348,-0.09236184645987515,-0.8828162337175963,-1.371758237960602,-0.11162799739561437,0.29255569570563505,1.238488219322608,0.9841231756854657,0
0.21232733076517762,-1.1099901739376037,-1.179024470547907,-0.16109112979977766,0.2715603651240624,0.21058638994196582,0.38271364074285674,0.2744324511807092,0.15896425047687956,0.3470565871811683,0.5505611813513597,1.0400678958661385,0.9841231756854657,0
0.5512255078865883,-1.1099901739376037,-1.179024470547907,-0.16213342667129382,0.9474866733593919,-1.177851894974348,1.0953268715469546,-0.8828162337175963,1.286865031430813,1.1497546101905376,1.066572152642809,1.1591200899400202,0.9841231756854657,0
0.0428782422044723,-1.1099901739376037,1.5251962127575889,-0.15557959028221488,-0.23538436605243465,-1.177851894974348,2.12465709381954,-0.8828162337175963,0.001192415045823164,2.1817949254882985,0.29255569570563505,-2.610866055732902,0.9841231756854657,0
0.5512255078865883,0.9009088760241706,1.5251962127575889,-0.1571904127200126,0.7785050963005594,-1.177851894974348,-0.3140637404878167,0.853056793629862,-1.6839450612603513,-0.34097028968400567,1.066572152642809,0.286070666731554,-1.0161329645585022,0
0.5512255078865883,0.9009088760241706,-0.502969299721533,-0.11474050377099042,0.10257878806523006,0.9048055324001227,-0.3298995900612411,-1.461440576166749,-1.7510820125076092,-0.45564143582820127,0.8085666669970842,0.9210157017922567,-1.0161329645585022,0
0.38177641932588297,0.9009088760241706,-0.502969299721533,-0.15594281494956141,0.4405419421828948,-1.177851894974348,1.3328646151483206,-1.461440576166749,-0.7138161157374736,1.379096902478929,1.066572152642809,-0.7457150152420878,-1.0161329645585022,0
0.890123685007999,0.9009088760241706,0.8491410419312149,-0.1549163104548864,1.4544314045358888,-1.177851894974348,0.8577891279455886,0.2744324511807092,-1.6705176710108995,0.8057411717579506,0.29255569570563505,-0.6068207888225592,0.9841231756854657,0
0.5512255078865883,0.9009088760241706,-0.502969299721533,-0.08699329766108269,0.9474866733593919,0.9048055324001227,-0.3298995900612411,0.2744324511807092,0.001192415045823164,-0.45564143582820127,1.066572152642809,0.5837011519162584,-1.0161329645585022,0
-0.12657084635623306,-1.1099901739376037,-0.502969299721533,-0.0756385787122929,-0.7423290972289317,0.9048055324001227,-0.3298995900612411,-0.8828162337175963,0.6826324702054911,-0.45564143582820127,0.03455021005991044,0.32575473142284794,0.9841231756854657,0
0.21232733076517762,-1.1099901739376037,-1.179024470547907,-0.1568429804295072,-0.23538436605243465,-1.177851894974348,1.5862382083231108,0.853056793629862,-1.0495008719737637,1.6084391947673204,0.5505611813513597,1.238488219322608,0.9841231756854657,0
0.21232733076517762,0.9009088760241706,0.8491410419312149,-0.016890936863199705,0.2715603651240624,0.9048055324001227,-0.3298995900612411,-0.8828162337175963,0.5651428055227898,-0.45564143582820127,1.066572152642809,-1.162397694500674,-1.0161329645585022,0
0.21232733076517762,-1.1099901739376037,0.8491410419312149,-0.12806926982492445,0.4405419421828948,0.9048055324001227,-0.3298995900612411,-0.3041918912684436,-0.34120603631519225,-0.45564143582820127,0.5505611813513597,0.26622863438590705,-1.0161329645585022,1
0.5512255078865883,0.9009088760241706,-1.179024470547907,-0.011537321114048468,-0.23538436605243465,0.9048055324001227,-0.3298995900612411,0.2744324511807092,-0.018948670328354386,-0.570312581972397,1.066572152642809,-0.9044512740072636,0.9841231756854657,0
0.38177641932588297,-1.1099901739376037,-1.179024470547907,-0.15371608981495868,0.6095235192417271,-1.177851894974348,-0.5674373336626071,-0.3041918912684436,1.223084927745918,-0.570312581972397,0.5505611813513597,-2.670392152769843,0.9841231756854657,0
-0.12657084635623306,0.9009088760241706,0.8491410419312149,-0.26939525017641236,-0.06640278899360229,-1.177851894974348,0.6440051587043593,1.4316811360790147,1.7736079279734327,0.9204123179021463,0.8085666669970842,-1.8370267942526706,-1.0161329645585022,1
0.0428782422044723,0.9009088760241706,0.8491410419312149,-0.1561165310948141,-0.23538436605243465,-1.177851894974348,0.16497070910827127,0.853056793629862,0.4745079213389917,0.1177142948927768,0.03455021005991044,-1.9560789883265524,-1.0161329645585022,0
0.38177641932588297,-1.1099901739376037,1.5251962127575889,-0.14998908888044632,-0.06640278899360229,-1.177851894974348,-0.5674373336626071,0.853056793629862,0.001192415045823164,-0.570312581972397,1.066572152642809,-0.5076106270943244,0.9841231756854657,0
-0.12657084635623306,-1.1099901739376037,0.8491410419312149,-0.15679560329898373,-0.23538436605243465,0.21058638994196582,-1.042512820865339,1.4316811360790147,0.665848232393677,-1.143668312693375,1.066572152642809,-0.9441353386985575,-1.0161329645585022,0
0.890123685007999,0.9009088760241706,0.8491410419312149,-0.16008041768194378,0.9474866733593919,-1.177851894974348,1.1745061194140765,-0.3041918912684436,-1.1233515183457474,1.1497546101905376,0.5505611813513597,0.3654387961141419,-1.0161329645585022,0
-0.12657084635623306,-1.1099901739376037,0.8491410419312149,0.08027955784042139,-0.404365943111267,0.9048055324001227,-0.3298995900612411,0.2744324511807092,-1.0495008719737637,-0.570312581972397,-0.22345527558581418,-2.154499311783022,-1.0161329645585022,0
-0.12657084635623306,-1.1099901739376037,-0.502969299721533,-0.15712724321264798,-0.404365943111267,-1.177851894974348,-1.042512820865339,0.2744324511807092,0.03476089066945202,-1.143668312693375,0.03455021005991044,1.8337491896920168,-1.0161329645585022,0
1.0595727735687044,-1.1099901739376037,0.17308587110484092,-0.26753174970915616,0.4405419421828948,-1.177851894974348,0.38271364074285674,1.4316811360790147,2.3073466903891333,0.5763988794695595,0.5505611813513597,-0.051243883144444294,-1.0161329645585022,1
0.0428782422044723,-1.1099901739376037,0.8491410419312149,0.006197518078567568,0.10257878806523006,0.9048055324001227,-0.3298995900612411,1.4316811360790147,0.09182729922962125,-0.570312581972397,0.29255569570563505,0.6829113136444932,-1.0161329645585022,1
-0.12657084635623306,0.9009088760241706,0.8491410419312149,-0.15497947996225103,-0.404365943111267,-1.177851894974348,-0.17154109432699713,0.853056793629862,-1.2979075915886182,-0.2262991435398101,-0.22345527558581418,-1.202081759191968,0.9841231756854657,0
0.0428782422044723,0.9009088760241706,-0.502969299721533,-0.15218422926136674,-0.23538436605243465,-1.177851894974348,0.38271364074285674,-0.8828162337175963,1.5352717510456675,0.3470565871811683,0.29255569570563505,0.801963507718375,0.9841231756854657,0
0.0428782422044723,0.9009088760241706,-1.179024470547907,0.17823967138610017,0.6095235192417271,0.9048055324001227,-0.3298995900612411,-0.8828162337175963,0.001192415045823164,-0.6849837281165926,0.03455021005991044,0.6829113136444932,-1.0161329645585022,0
0.5512255078865883,0.9009088760241706,-0.502969299721533,-0.15343182703181793,0.7785050963005594,-1.177851894974348,0.8577891279455886,-0.8828162337175963,-0.25392799969375696,0.8057411717579506,1.066572152642809,0.8416475724096689,-1.0161329645585022,0
0.890123685007999,0.9009088760241706,1.5251962127575889,0.26721392250916226,0.9474866733593919,0.9048055324001227,-0.3298995900612411,-0.8828162337175963,-1.8752853723150364,-0.6849837281165926,1.066572152642809,1.3972244780877838,0.9841231756854657,0
-0.12657084635623306,-1.1099901739376037,-1.179024470547907,0.2691879696143065,-0.23538436605243465,0.9048055324001227,-0.3298995900612411,-1.461440576166749,0.3939435798422821,-0.6849837281165926,-0.22345527558581418,-1.3012919209202027,0.9841231756854657,0
-0.12657084635623306,-1.1099901739376037,1.5251962127575889,0.2903813393351353,0.6095235192417271,0.9048055324001227,-0.3298995900612411,-0.3041918912684436,-0.25392799969375696,-0.6849837281165926,0.29255569570563505,0.8614896047553159,0.9841231756854657,0
0.5512255078865883,0.9009088760241706,1.5251962127575889,0.3649529427790649,0.7785050963005594,0.9048055324001227,-0.3298995900612411,1.4316811360790147,-0.3109944082539262,-0.7996548742607882,-0.22345527558581418,0.32575473142284794,0.9841231756854657,0
0.5512255078865883,0.9009088760241706,-0.502969299721533,-0.15527953512223294,0.4405419421828948,-1.177851894974348,0.38271364074285674,-1.461440576166749,-1.4724636648314886,0.3470565871811683,0.8085666669970842,1.1789621222856672,-1.0161329645585022,0
-0.12657084635623306,0.9009088760241706,-0.502969299721533,-0.15428461538124025,0.10257878806523006,-1.177851894974348,0.06203768688101271,0.853056793629862,0.16232109803924238,0.003043148748581378,-0.22345527558581418,0.4448069254967297,0.9841231756854657,0
-0.12657084635623306,-1.1099901739376037,1.5251962127575889,0.41051394996579443,0.4405419421828948,0.9048055324001227,-0.3298995900612411,-1.461440576166749,0.5147900920873463,-0.7996548742607882,0.5505611813513597,1.0599099282117854,-1.0161329645585022,0
0.890123685007999,-1.1099901739376037,-0.502969299721533,-0.1510629705056448,0.9474866733593919,-1.177851894974348,-0.4090788379283631,0.2744324511807092,-1.3482603050240614,-0.45564143582820127,0.03455021005991044,1.4567505751247247,-1.0161329645585022,0
-0.12657084635623306,0.9009088760241706,-0.502969299721533,-0.14645159646802783,-0.911310674287764,-1.177851894974348,-0.8841543251310949,1.4316811360790147,-1.0427871768490378,-0.9143260204049839,0.8085666669970842,0.286070666731554,0.9841231756854657,0
1.0595727735687044,-1.1099901739376037,-1.179024470547907,-0.14882045299420094,1.4544314045358888,-1.177851894974348,-0.6307807319563046,1.4316811360790147,-1.8752853723150364,-0.6849837281165926,0.5505611813513597,-0.7258729828964409,0.9841231756854657,0
-0.12657084635623306,0.9009088760241706,0.8491410419312149,0.4626761706721264,0.2715603651240624,0.9048055324001227,-0.3298995900612411,-1.461440576166749,0.001192415045823164,-0.7996548742607882,0.03455021005991044,-3.245811090793605,0.9841231756854657,0
-0.12657084635623306,0.9009088760241706,1.5251962127575889,0.574454613953815,-0.404365943111267,0.9048055324001227,-0.3298995900612411,-0.3041918912684436,-0.39491559731299863,-0.9143260204049839,1.066572152642809,0.9408577341379036,-1.0161329645585022,0
0.5512255078865883,-1.1099901739376037,-1.179024470547907,0.6374346127963375,0.2715603651240624,0.9048055324001227,-0.3298995900612411,-1.461440576166749,0.860545391010725,-0.9143260204049839,1.066572152642809,-1.2417658238832618,0.9841231756854657,0
0.5512255078865883,0.9009088760241706,0.8491410419312149,0.6670611117503426,0.7785050963005594,0.9048055324001227,-0.3298995900612411,-0.8828162337175963,0.7430557263280237,-0.9143260204049839,-0.22345527558581418,1.1392780575943733,-1.0161329645585022,0
0.21232733076517762,-1.1099901739376037,-0.502969299721533,0.7503658995874304,-0.06640278899360229,0.9048055324001227,-0.3298995900612411,0.2744324511807092,0.007906110170548816,-0.9143260204049839,0.8085666669970842,1.4567505751247247,-1.0161329645585022,0
0.21232733076517762,0.9009088760241706,-0.502969299721533,0.7060209054174696,0.2715603651240624,0.9048055324001227,-0.3298995900612411,0.853056793629862,1.934736610966852,-0.9143260204049839,0.29255569570563505,1.6353288662355472,-1.0161329645585022,1
0.21232733076517762,0.9009088760241706,0.8491410419312149,0.9309833135197096,0.2715603651240624,0.9048055324001227,-0.3298995900612411,-0.3041918912684436,-1.6839450612603513,-1.0289971665491795,0.5505611813513597,-1.4203441149940845,0.9841231756854657,0
0.890123685007999,0.9009088760241706,-0.502969299721533,0.9370949633572363,1.2854498274770565,0.9048055324001227,-0.3298995900612411,-0.3041918912684436,0.007906110170548816,-1.0289971665491795,0.5505611813513597,0.801963507718375,-1.0161329645585022,0
-0.12657084635623306,0.9009088760241706,1.5251962127575889,-0.1467674440048509,-0.5733475201700994,-1.177851894974348,-0.7574675285436998,0.2744324511807092,-0.811164695045998,-0.7996548742607882,0.8085666669970842,0.5241750548793175,0.9841231756854657,0
1.0595727735687044,-1.1099901739376037,-1.179024470547907,1.0310753979389442,0.9474866733593919,0.9048055324001227,-0.3298995900612411,-0.3041918912684436,1.7736079279734327,-1.0289971665491795,-0.22345527558581418,0.821805540064022,0.9841231756854657,0
-0.12657084635623306,0.9009088760241706,-1.179024470547907,1.1266192778279265,-0.06640278899360229,0.9048055324001227,-0.3298995900612411,-0.8828162337175963,0.001192415045823164,-1.0289971665491795,-0.22345527558581418,-0.36871640067479566,-1.0161329645585022,0
0.21232733076517762,0.9009088760241706,-1.179024470547907,-0.14929422429943556,0.2715603651240624,-1.177851894974348,1.7248018920905743,-0.8828162337175963,0.5752133482098789,1.7231103409115156,1.066572152642809,1.1789621222856672,-1.0161329645585022,0
0.7206745964472937,-1.1099901739376037,1.5251962127575889,1.6914810126823256,0.9474866733593919,0.9048055324001227,-0.3298995900612411,0.853056793629862,0.19588957366287124,-1.143668312693375,-0.22345527558581418,1.0599099282117854,-1.0161329645585022,0
0.5512255078865883,0.9009088760241706,-0.502969299721533,1.7860299728303153,0.7785050963005594,0.9048055324001227,-0.3298995900612411,-0.3041918912684436,0.09182729922962125,-1.143668312693375,0.29255569570563505,1.8535912220376638,-1.0161329645585022,0
0.21232733076517762,0.9009088760241706,-1.179024470547907,-0.14507765968284742,0.9474866733593919,-1.177851894974348,1.0003117741064083,-0.8828162337175963,0.001192415045823164,0.9204123179021463,0.03455021005991044,0.6432272489531993,0.9841231756854657,0
1.2290218621294098,-1.1099901739376037,-0.502969299721533,1.7802183781527705,1.4544314045358888,0.9048055324001227,-0.3298995900612411,0.2744324511807092,-1.0092187012254088,-1.143668312693375,0.5505611813513597,-1.12271362980938,0.9841231756854657,0
0.5512255078865883,-1.1099901739376037,0.8491410419312149,-0.1473833467016559,0.7785050963005594,-1.177851894974348,-0.11215665842665565,1.4316811360790147,0.001192415045823164,-0.11162799739561437,0.03455021005991044,-0.5274526594399713,-1.0161329645585022,0
0.21232733076517762,-1.1099901739376037,1.5251962127575889,1.8826477343444958,0.2715603651240624,0.9048055324001227,-0.3298995900612411,-0.8828162337175963,-0.12972463988633004,-1.143668312693375,0.29255569570563505,0.8614896047553159,0.9841231756854657,0
0.890123685007999,-1.1099901739376037,-1.179024470547907,-0.1477939484995259,1.1164682504182242,-1.177851894974348,0.8577891279455886,1.4316811360790147,-0.3680608168140954,0.8057411717579506,0.8085666669970842,0.801963507718375,-1.0161329645585022,0
0.5512255078865883,-1.1099901739376037,-0.502969299721533,-0.1455672233649232,0.9474866733593919,0.21058638994196582,-0.5357656345157582,0.853056793629862,-0.11965409719924096,-0.570312581972397,0.03455021005991044,0.12733440796637835,-1.0161329645585022,0
-0.12657084635623306,0.9009088760241706,-1.179024470547907,0.3622050692087041,-0.23538436605243465,0.9048055324001227,-0.325940627667885,-1.461440576166749,0.001192415045823164,-0.7996548742607882,0.5505611813513597,0.3455967637684949,-1.0161329645585022,0
1.2290218621294098,0.9009088760241706,0.8491410419312149,-0.48437687611504293,1.1164682504182242,0.9048055324001227,-0.32198166527452887,0.2744324511807092,0.9780350556934264,0.1177142948927768,0.8085666669970842,0.5440170872249644,0.9841231756854657,0
-0.12657084635623306,-1.1099901739376037,0.8491410419312149,-0.26527343982087115,-0.06640278899360229,-1.177851894974348,-1.042512820865339,-0.3041918912684436,1.6628319584154578,-1.0289971665491795,0.03455021005991044,-0.4877685947486774,-1.0161329645585022,1
1.2290218621294098,0.9009088760241706,-0.502969299721533,-0.1463884269606632,1.1164682504182242,-1.177851894974348,-0.5674373336626071,0.2744324511807092,0.665848232393677,-0.6849837281165926,0.5505611813513597,1.6353288662355472,0.9841231756854657,0
0.0428782422044723,-1.1099901739376037,1.5251962127575889,-0.9090496817505174,0.10257878806523006,0.9048055324001227,-0.3140637404878167,-0.3041918912684436,-0.8447331706696268,2.2964660716324943,0.8085666669970842,0.4448069254967297,-1.0161329645585022,1
-0.12657084635623306,-1.1099901739376037,-0.502969299721533,-0.7173618116525892,-0.404365943111267,0.9048055324001227,-0.3140637404878167,-1.461440576166749,-0.005521280078902488,0.9204123179021463,0.29255569570563505,0.4249648931510827,0.9841231756854657,0
0.38177641932588297,-1.1099901739376037,0.8491410419312149,-0.14217186234407506,0.10257878806523006,-1.177851894974348,-0.6703703558898656,-1.461440576166749,-0.34120603631519225,-0.6849837281165926,0.8085666669970842,-1.2814498885745558,0.9841231756854657,0
1.0595727735687044,-1.1099901739376037,0.8491410419312149,-0.14634104983013974,0.9474866733593919,-1.177851894974348,-0.8841543251310949,-0.3041918912684436,-1.8752853723150364,-0.9143260204049839,0.5505611813513597,0.3455967637684949,0.9841231756854657,0
0.0428782422044723,-1.1099901739376037,-1.179024470547907,-0.1458356937712228,0.2715603651240624,-1.177851894974348,-0.45658638664863627,-1.461440576166749,-0.34120603631519225,-0.570312581972397,-0.22345527558581418,-1.7378166325244357,0.9841231756854657,0
1.2290218621294098,-1.1099901739376037,-0.502969299721533,-0.6166696169133907,0.9474866733593919,0.9048055324001227,-0.3140637404878167,1.4316811360790147,1.4312094766124175,0.5763988794695595,0.03455021005991044,-0.17029607721832604,-1.0161329645585022,0
-0.12657084635623306,0.9009088760241706,-0.502969299721533,-0.6222917030688415,-0.7423290972289317,0.9048055324001227,-0.3140637404878167,0.2744324511807092,-1.0092187012254088,0.5763988794695595,1.066572152642809,1.1988041546313142,-1.0161329645585022,0
-0.12657084635623306,0.9009088760241706,-1.179024470547907,-0.148520397834219,0.6095235192417271,-1.177851894974348,-1.0741845200121878,1.4316811360790147,0.3301634761573873,-1.143668312693375,0.5505611813513597,-0.13061201252703214,0.9841231756854657,0
0.38177641932588297,0.9009088760241706,-0.502969299721533,-0.4126005233719976,0.6095235192417271,0.9048055324001227,-0.3140637404878167,0.2744324511807092,-1.0964967378468442,0.003043148748581378,0.5505611813513597,-1.7179746001787888,0.9841231756854657,0
0.38177641932588297,0.9009088760241706,1.5251962127575889,-0.14179284529988737,0.2715603651240624,-1.177851894974348,-1.042512820865339,-0.3041918912684436,-1.8752853723150364,-1.143668312693375,0.8085666669970842,-0.32903233598350173,0.9841231756854657,0
-0.12657084635623306,-1.1099901739376037,1.5251962127575889,-0.3898752930975769,-0.404365943111267,0.9048055324001227,-0.3140637404878167,0.2744324511807092,1.2029438423717405,0.003043148748581378,0.5505611813513597,-3.3847053172131334,-1.0161329645585022,1
-0.12657084635623306,0.9009088760241706,-0.502969299721533,-0.2550873567583268,0.2715603651240624,0.9048055324001227,-0.3140637404878167,-0.3041918912684436,1.0619562447524988,-0.2262991435398101,0.5505611813513597,0.8614896047553159,-1.0161329645585022,0
0.38177641932588297,-1.1099901739376037,-0.502969299721533,-0.08536668284644382,-0.404365943111267,0.9048055324001227,-0.3140637404878167,-0.3041918912684436,0.001192415045823164,-0.45564143582820127,0.03455021005991044,0.32575473142284794,0.9841231756854657,0
0.0428782422044723,-1.1099901739376037,1.5251962127575889,-0.14806241890582553,0.10257878806523006,-1.177851894974348,0.0026532509806712224,1.4316811360790147,-1.1804179269059165,0.003043148748581378,0.29255569570563505,0.9805417988291976,-1.0161329645585022,0
0.21232733076517762,0.9009088760241706,1.5251962127575889,-0.6214547070962604,0.4405419421828948,0.9048055324001227,-0.3061458157011045,-0.3041918912684436,2.780662196682302,0.5763988794695595,0.03455021005991044,-0.8647672093159696,-1.0161329645585022,1
0.38177641932588297,0.9009088760241706,1.5251962127575889,-0.14678323638169205,0.10257878806523006,0.21058638994196582,-0.5674373336626071,0.853056793629862,-1.7510820125076092,-0.6849837281165926,-0.22345527558581418,-0.7655570475877348,0.9841231756854657,0
0.5512255078865883,-1.1099901739376037,-1.179024470547907,-0.14984695748887594,1.2854498274770565,0.21058638994196582,0.7786098800784667,0.2744324511807092,0.6893461653302174,0.8057411717579506,0.29255569570563505,0.7225953783357871,-1.0161329645585022,0
0.0428782422044723,-1.1099901739376037,0.8491410419312149,-0.1461831260617282,-0.404365943111267,-1.177851894974348,0.4618928886099787,1.4316811360790147,0.8135495251376443,0.4617277333253637,0.5505611813513597,-0.5671367241312653,0.9841231756854657,0
0.5512255078865883,0.9009088760241706,-0.502969299721533,-0.14389323141976085,0.7785050963005594,-1.177851894974348,-0.9435387610314364,-0.8828162337175963,-1.623521805137819,-1.0289971665491795,-0.22345527558581418,-2.670392152769843,0.9841231756854657,0
0.0428782422044723,0.9009088760241706,-0.502969299721533,-0.6774702677518339,0.10257878806523006,0.9048055324001227,-0.2982278909143923,0.2744324511807092,0.4745079213389917,0.8057411717579506,0.5505611813513597,0.9805417988291976,-1.0161329645585022,0
0.38177641932588297,0.9009088760241706,-0.502969299721533,-0.15008384314149326,0.10257878806523006,-1.177851894974348,0.5727438356239495,0.2744324511807092,0.001192415045823164,0.5763988794695595,1.066572152642809,0.5043330225336705,0.9841231756854657,0
-0.12657084635623306,0.9009088760241706,-0.502969299721533,-0.14812558841319015,-0.23538436605243465,-1.177851894974348,-1.002923196931778,0.2744324511807092,0.2865244578466693,-1.0289971665491795,0.5505611813513597,0.40512286080543575,0.9841231756854657,0
1.0595727735687044,0.9009088760241706,-1.179024470547907,-0.1489625843857713,0.9474866733593919,0.21058638994196582,-1.042512820865339,0.2744324511807092,-1.4254677989584081,-1.143668312693375,1.066572152642809,-0.11076998018138517,-1.0161329645585022,0
0.0428782422044723,0.9009088760241706,-1.179024470547907,-0.14719383817956205,0.10257878806523006,-1.177851894974348,-1.042512820865339,-0.8828162337175963,0.001192415045823164,-1.143668312693375,0.5505611813513597,0.008282213892496587,-1.0161329645585022,0
0.38177641932588297,0.9009088760241706,0.8491410419312149,-0.14705170678799168,0.7785050963005594,-1.177851894974348,-0.09236184645987515,-0.3041918912684436,0.7464125738903866,-0.11162799739561437,0.03455021005991044,1.1789621222856672,-1.0161329645585022,0
-0.12657084635623306,-1.1099901739376037,-1.179024470547907,-0.1486941139794717,-0.404365943111267,-1.177851894974348,0.38271364074285674,-0.3041918912684436,-1.173704231781191,0.3470565871811683,0.5505611813513597,1.3972244780877838,-1.0161329645585022,0
0.38177641932588297,0.9009088760241706,-1.179024470547907,-0.3312224055095306,0.2715603651240624,0.9048055324001227,-0.2942689285210362,0.853056793629862,-0.6936750303632967,-0.11162799739561437,-0.22345527558581418,0.6432272489531993,-1.0161329645585022,0
0.21232733076517762,0.9009088760241706,-1.179024470547907,-0.18280564795636453,-0.06640278899360229,0.9048055324001227,-0.2942689285210362,-0.8828162337175963,0.9209686471332571,-0.34097028968400567,0.03455021005991044,0.9805417988291976,-1.0161329645585022,1
0.38177641932588297,-1.1099901739376037,0.8491410419312149,-0.1494521480678471,-0.404365943111267,-1.177851894974348,-0.8841543251310949,-0.3041918912684436,0.03811773823181484,-0.9143260204049839,0.03455021005991044,-0.20998014190961997,0.9841231756854657,0
-0.12657084635623306,0.9009088760241706,-0.502969299721533,-0.15166308082560867,-0.7423290972289317,-1.177851894974348,-0.4882580857954851,-1.461440576166749,0.9981761410676039,-0.570312581972397,0.5505611813513597,1.0599099282117854,-1.0161329645585022,0
0.21232733076517762,-1.1099901739376037,0.8491410419312149,-0.7927546186922587,0.6095235192417271,0.9048055324001227,-0.2903099661276801,1.4316811360790147,0.954537122756886,1.379096902478929,0.5505611813513597,0.26622863438590705,-1.0161329645585022,1
0.0428782422044723,0.9009088760241706,0.8491410419312149,-0.14642001171434552,-0.7423290972289317,-1.177851894974348,-0.8841543251310949,1.4316811360790147,-1.2979075915886182,-0.9143260204049839,0.8085666669970842,-0.46792656240303043,-1.0161329645585022,0
0.21232733076517762,0.9009088760241706,1.5251962127575889,-0.14307202782402084,0.10257878806523006,-1.177851894974348,-1.2325430157464317,-1.461440576166749,-1.4254677989584081,-1.2583394588375707,0.5505611813513597,1.4765926074703717,0.9841231756854657,0
0.21232733076517762,0.9009088760241706,-1.179024470547907,-0.7443351912972803,-0.23538436605243465,0.9048055324001227,-0.2903099661276801,0.2744324511807092,1.0955247203761276,1.1497546101905376,0.29255569570563505,0.8416475724096689,-1.0161329645585022,1
1.0595727735687044,0.9009088760241706,1.5251962127575889,-0.7445246998193742,0.2715603651240624,0.9048055324001227,-0.2903099661276801,-1.461440576166749,0.6255660616453219,1.1497546101905376,-0.22345527558581418,1.337698381050843,-1.0161329645585022,0
-0.12657084635623306,-1.1099901739376037,-0.502969299721533,-0.6912885974878438,0.10257878806523006,0.9048055324001227,-0.2903099661276801,0.2744324511807092,0.2865244578466693,0.8057411717579506,-0.22345527558581418,0.14717644031202531,-1.0161329645585022,0
0.7206745964472937,-1.1099901739376037,0.17308587110484092,-0.1524369072908252,0.6095235192417271,0.21058638994196582,-0.2507203421941191,1.4316811360790147,0.954537122756886,-0.34097028968400567,1.066572152642809,0.26622863438590705,0.9841231756854657,0
0.38177641932588297,-1.1099901739376037,0.8491410419312149,-0.6818289637599925,0.6095235192417271,0.9048055324001227,-0.2903099661276801,1.4316811360790147,0.9612508178816116,0.8057411717579506,0.8085666669970842,0.801963507718375,-1.0161329645585022,1
0.0428782422044723,0.9009088760241706,0.8491410419312149,-0.6435166575433526,-0.06640278899360229,0.9048055324001227,-0.2903099661276801,0.2744324511807092,1.0787404825643134,0.6910700256137552,-0.22345527558581418,-0.40840046536608954,-1.0161329645585022,0
0.21232733076517762,-1.1099901739376037,-0.502969299721533,-0.14837826644264862,0.2715603651240624,-1.177851894974348,0.6994306322113446,-0.3041918912684436,-1.173704231781191,0.6910700256137552,0.29255569570563505,-1.3012919209202027,0.9841231756854657,0
0.5512255078865883,0.9009088760241706,-1.179024470547907,-0.45836683145766216,0.2715603651240624,0.9048055324001227,-0.2903099661276801,-0.8828162337175963,1.8273174889712391,0.1177142948927768,0.29255569570563505,0.9210157017922567,0.9841231756854657,0
-0.12657084635623306,0.9009088760241706,1.5251962127575889,-0.14272459553351546,0.10257878806523006,0.21058638994196582,-0.8841543251310949,-0.8828162337175963,0.04483143335654109,-0.9143260204049839,1.066572152642809,-0.5869787564769122,-1.0161329645585022,0
-0.12657084635623306,0.9009088760241706,-0.502969299721533,-0.14024519236945426,0.2715603651240624,-1.177851894974348,-1.2800505644667048,-1.461440576166749,0.001192415045823164,-1.3730106049817663,0.8085666669970842,-0.07108591549009124,0.9841231756854657,0
0.21232733076517762,-1.1099901739376037,-1.179024470547907,-0.7139190735012175,0.10257878806523006,0.9048055324001227,-0.2823920413409679,0.853056793629862,-0.7138161157374736,0.9204123179021463,0.29255569570563505,0.6630692812988462,-1.0161329645585022,0
0.0428782422044723,0.9009088760241706,-1.179024470547907,-0.6685791595902641,-0.06640278899360229,0.9048055324001227,-0.2823920413409679,0.853056793629862,1.1223795008750308,0.8057411717579506,1.066572152642809,-1.6386064707962011,-1.0161329645585022,0
0.5512255078865883,0.9009088760241706,0.8491410419312149,-0.14694116015010358,0.6095235192417271,0.21058638994196582,0.6994306322113446,1.4316811360790147,0.6255660616453219,0.6910700256137552,0.8085666669970842,-0.686188918205147,-1.0161329645585022,0
0.21232733076517762,0.9009088760241706,0.8491410419312149,-0.14068737892100658,0.10257878806523006,-0.4836327525161911,0.6994306322113446,-0.3041918912684436,0.27645391515958084,0.6910700256137552,0.5505611813513597,0.6432272489531993,0.9841231756854657,0
0.0428782422044723,-1.1099901739376037,-0.502969299721533,-0.14294568880929162,-0.5733475201700994,-1.177851894974348,0.06599664927436881,1.4316811360790147,-0.5661148229935064,0.003043148748581378,1.066572152642809,0.5837011519162584,-1.0161329645585022,0
0.5512255078865883,0.9009088760241706,0.8491410419312149,-0.14523558345125895,0.7785050963005594,-1.177851894974348,-0.5674373336626071,-0.3041918912684436,-0.5661148229935064,-0.6849837281165926,-0.22345527558581418,0.5043330225336705,-1.0161329645585022,0
0.21232733076517762,0.9009088760241706,0.8491410419312149,-0.4817711339362525,-0.23538436605243465,0.9048055324001227,-0.2823920413409679,0.2744324511807092,-0.7138161157374736,0.23238544103697253,1.066572152642809,0.18686050500331922,0.9841231756854657,0
-0.12657084635623306,0.9009088760241706,1.5251962127575889,-0.46905827057912347,0.6095235192417271,0.9048055324001227,-0.2823920413409679,0.2744324511807092,0.04483143335654109,0.23238544103697253,0.29255569570563505,0.6035431842619053,0.9841231756854657,0
0.21232733076517762,-1.1099901739376037,0.8491410419312149,-0.2588617348233626,-0.23538436605243465,-1.177851894974348,-0.11215665842665565,-0.8828162337175963,-1.0427871768490378,0.003043148748581378,0.29255569570563505,0.5638591195706114,-1.0161329645585022,1
-0.12657084635623306,0.9009088760241706,-1.179024470547907,-0.14550405385755857,0.6095235192417271,-1.177851894974348,-0.8841543251310949,0.2744324511807092,-1.6839450612603513,-0.9143260204049839,0.03455021005991044,0.4249648931510827,0.9841231756854657,0
0.0428782422044723,0.9009088760241706,0.17308587110484092,-0.1419191843146166,0.6095235192417271,-1.177851894974348,-0.804975077263973,0.853056793629862,0.03811773823181484,-0.9143260204049839,0.29255569570563505,1.0003838311748445,0.9841231756854657,0
1.0595727735687044,-1.1099901739376037,-0.502969299721533,-0.22724539638737212,0.2715603651240624,0.9048055324001227,-0.2823920413409679,1.4316811360790147,1.286865031430813,-0.2262991435398101,0.03455021005991044,-0.26950623894656084,-1.0161329645585022,1
0.38177641932588297,0.9009088760241706,-0.502969299721533,-0.14905733864681825,-0.23538436605243465,-1.177851894974348,0.1451758971414908,1.4316811360790147,-1.4724636648314886,0.1177142948927768,-0.22345527558581418,-0.13061201252703214,0.9841231756854657,0
0.0428782422044723,-1.1099901739376037,-1.179024470547907,0.08039010447830947,-0.06640278899360229,0.9048055324001227,-0.2823920413409679,-1.461440576166749,-1.0427871768490378,-0.570312581972397,0.5505611813513597,1.5361187045073124,0.9841231756854657,0
0.21232733076517762,0.9009088760241706,-0.502969299721533,0.12579318789662744,0.6095235192417271,0.9048055324001227,-0.2823920413409679,-1.461440576166749,0.001192415045823164,-0.570312581972397,0.5505611813513597,0.7622794430270811,0.9841231756854657,0
0.7206745964472937,0.9009088760241706,-0.502969299721533,0.5149489380163464,1.1164682504182242,0.9048055324001227,-0.2823920413409679,-0.3041918912684436,1.7736079279734327,-0.7996548742607882,0.03455021005991044,1.0995939929030794,0.9841231756854657,0
0.38177641932588297,0.9009088760241706,-0.502969299721533,-0.25333440292895865,0.10257878806523006,-1.177851894974348,0.06599664927436881,-0.8828162337175963,-0.46205254856025635,0.23238544103697253,0.5505611813513597,1.0202258635204915,-1.0161329645585022,1
1.2290218621294098,-1.1099901739376037,-1.179024470547907,-0.13530217841817302,0.9474866733593919,-1.177851894974348,0.22435514500861276,-0.3041918912684436,-1.0495008719737637,0.1177142948927768,0.8085666669970842,0.0479662785837905,0.9841231756854657,0
0.0428782422044723,-1.1099901739376037,-1.179024470547907,-0.35135768598200207,0.10257878806523006,0.9048055324001227,-0.2705151541608996,0.2744324511807092,0.001192415045823164,0.003043148748581378,1.066572152642809,0.9210157017922567,-1.0161329645585022,0
-0.12657084635623306,0.9009088760241706,-0.502969299721533,-0.24837559660083627,-0.404365943111267,-1.177851894974348,1.9029551997915988,0.853056793629862,2.102578989084997,2.2964660716324943,0.8085666669970842,0.801963507718375,-1.0161329645585022,1
0.0428782422044723,0.9009088760241706,-0.502969299721533,-0.12855883350700023,-0.404365943111267,-0.4836327525161911,-0.7970571524772607,-0.3041918912684436,-1.0092187012254088,-0.9143260204049839,0.5505611813513597,-0.36871640067479566,0.9841231756854657,0
0.5512255078865883,-1.1099901739376037,1.5251962127575889,-0.5503732189342259,0.4405419421828948,0.9048055324001227,-0.2665561917675435,0.2744324511807092,0.001192415045823164,0.4617277333253637,0.29255569570563505,0.22654456969461315,-1.0161329645585022,0
-0.12657084635623306,-1.1099901739376037,1.5251962127575889,-0.5416716192947499,-0.404365943111267,0.9048055324001227,-0.2665561917675435,-0.8828162337175963,0.03476089066945202,0.3470565871811683,0.29255569570563505,-1.6386064707962011,0.9841231756854657,0
0.21232733076517762,-1.1099901739376037,-1.179024470547907,-0.13277539812358838,0.6095235192417271,0.21058638994196582,-0.2507203421941191,-0.8828162337175963,0.04483143335654109,-0.34097028968400567,0.03455021005991044,-0.26950623894656084,0.9841231756854657,0
0.0428782422044723,-1.1099901739376037,1.5251962127575889,-0.7863744984484324,0.2715603651240624,0.9048055324001227,-0.2586382669808313,0.2744324511807092,1.6729025011025462,1.379096902478929,-0.22345527558581418,-0.5274526594399713,-1.0161329645585022,1
0.0428782422044723,-1.1099901739376037,-0.502969299721533,-0.5851796174921294,-0.06640278899360229,0.9048055324001227,-0.2586382669808313,-1.461440576166749,1.5486991412951188,0.5763988794695595,1.066572152642809,1.2186461869769611,-1.0161329645585022,1
1.2290218621294098,-1.1099901739376037,0.8491410419312149,-0.13206474116573644,1.1164682504182242,-1.177851894974348,-1.1691996174527342,-1.461440576166749,0.3301634761573873,-1.2583394588375707,0.03455021005991044,-0.7655570475877348,-1.0161329645585022,0
0.21232733076517762,0.9009088760241706,0.8491410419312149,-0.13645502192757727,0.2715603651240624,-1.177851894974348,0.28769854330231037,1.4316811360790147,-0.005521280078902488,0.23238544103697253,0.8085666669970842,0.7622794430270811,-1.0161329645585022,0
0.5512255078865883,-1.1099901739376037,0.8491410419312149,-1.004830447292117,0.7785050963005594,0.9048055324001227,-0.2507203421941191,1.4316811360790147,0.6154955189582334,4.016533263795428,1.066572152642809,-0.190138109563973,-1.0161329645585022,1
-0.12657084635623306,0.9009088760241706,-0.502969299721533,-0.9929229951538867,0.2715603651240624,0.9048055324001227,-0.2507203421941191,0.2744324511807092,0.3939435798422821,3.7871909715070364,-0.22345527558581418,0.4249648931510827,-1.0161329645585022,1
0.7206745964472937,0.9009088760241706,-1.179024470547907,-0.13209632591941875,0.4405419421828948,0.21058638994196582,-0.4090788379283631,0.853056793629862,1.0015329886299666,-0.45564143582820127,0.29255569570563505,-1.7576586648700827,0.9841231756854657,0
-0.12657084635623306,-1.1099901739376037,-1.179024470547907,-0.9037592355087308,-0.404365943111267,0.9048055324001227,-0.2507203421941191,-0.8828162337175963,-0.0860856215756121,2.411137217776689,1.066572152642809,0.12733440796637835,-1.0161329645585022,1
0.21232733076517762,0.9009088760241706,0.8491410419312149,-0.1307697662647618,-0.404365943111267,-1.177851894974348,1.0161476236798326,1.4316811360790147,-0.37813135950118393,0.9204123179021463,0.03455021005991044,0.6829113136444932,0.9841231756854657,0
0.0428782422044723,-1.1099901739376037,1.5251962127575889,-0.13410195777824532,0.4405419421828948,-1.177851894974348,-0.646616581529729,1.4316811360790147,-1.4254677989584081,-0.6849837281165926,0.8085666669970842,1.317856348705196,0.9841231756854657,0
-0.12657084635623306,0.9009088760241706,-0.502969299721533,-0.1344493900687507,-0.06640278899360229,-1.177851894974348,0.034324950127520015,-0.8828162337175963,0.7430557263280237,0.003043148748581378,0.8085666669970842,0.0479662785837905,0.9841231756854657,0
-0.12657084635623306,-1.1099901739376037,-1.179024470547907,-0.9063491853106801,0.10257878806523006,0.9048055324001227,-0.2507203421941191,0.853056793629862,-0.25392799969375696,2.525808363920885,1.066572152642809,-0.24966420660091387,-1.0161329645585022,1
0.0428782422044723,-1.1099901739376037,0.8491410419312149,-0.13422829679297454,0.7785050963005594,-1.177851894974348,-0.18737694390042153,0.2744324511807092,0.860545391010725,-0.2262991435398101,0.8085666669970842,0.0479662785837905,0.9841231756854657,0
0.890123685007999,-1.1099901739376037,-0.502969299721533,-0.8822184334973966,0.7785050963005594,0.9048055324001227,-0.2507203421941191,0.2744324511807092,-1.1233515183457474,2.1817949254882985,0.03455021005991044,-0.9242933063529105,-1.0161329645585022,1
0.0428782422044723,0.9009088760241706,0.8491410419312149,-0.8708479221717657,0.10257878806523006,0.9048055324001227,-0.2507203421941191,0.2744324511807092,0.4745079213389917,2.0671237793441026,0.5505611813513597,0.6432272489531993,-1.0161329645585022,1
1.0595727735687044,0.9009088760241706,-1.179024470547907,-0.12754812138916638,1.1164682504182242,0.21058638994196582,-0.646616581529729,-0.8828162337175963,-1.0427871768490378,-0.6849837281165926,0.5505611813513597,-1.2219237915376149,0.9841231756854657,0
0.890123685007999,-1.1099901739376037,-1.179024470547907,-0.1305328806121445,0.6095235192417271,-1.177851894974348,-0.646616581529729,-0.3041918912684436,-0.3680608168140954,-0.6849837281165926,0.8085666669970842,-0.051243883144444294,0.9841231756854657,0
-0.12657084635623306,0.9009088760241706,1.5251962127575889,-0.8668366584541125,-0.23538436605243465,0.9048055324001227,-0.2507203421941191,0.853056793629862,0.2965950005337584,2.0671237793441026,1.066572152642809,0.14717644031202531,-1.0161329645585022,1
0.7206745964472937,0.9009088760241706,1.5251962127575889,-0.8624937548227952,0.7785050963005594,0.9048055324001227,-0.2507203421941191,-1.461440576166749,-0.8447331706696268,2.0671237793441026,0.03455021005991044,0.08765034327508442,-1.0161329645585022,1
0.21232733076517762,0.9009088760241706,-0.502969299721533,-0.8481068995205038,-0.23538436605243465,0.9048055324001227,-0.2507203421941191,-0.8828162337175963,0.23617174441122635,1.952452633199907,0.29255569570563505,-0.9838194033898514,-1.0161329645585022,1
1.2290218621294098,0.9009088760241706,1.5251962127575889,-0.8458327972553776,1.2854498274770565,0.9048055324001227,-0.2507203421941191,0.2744324511807092,0.04483143335654109,1.8377814870557112,0.03455021005991044,1.4170665104334308,-1.0161329645585022,1
-0.12657084635623306,0.9009088760241706,0.8491410419312149,-0.8394052998810279,0.10257878806523006,0.9048055324001227,-0.2507203421941191,0.2744324511807092,-0.1397951825734185,1.8377814870557112,-0.22345527558581418,1.6551708985811941,-1.0161329645585022,1
0.0428782422044723,0.9009088760241706,-0.502969299721533,-0.13086452052580874,0.10257878806523006,0.21058638994196582,0.06599664927436881,0.2744324511807092,-1.1804179269059165,0.003043148748581378,0.03455021005991044,0.38528082845978884,0.9841231756854657,0
0.21232733076517762,-1.1099901739376037,0.8491410419312149,-0.13279119050042953,0.10257878806523006,-1.177851894974348,0.06599664927436881,1.4316811360790147,-1.1804179269059165,0.003043148748581378,0.29255569570563505,0.40512286080543575,-1.0161329645585022,0
0.5512255078865883,-1.1099901739376037,-1.179024470547907,-0.12424751462936517,0.6095235192417271,-1.177851894974348,0.6994306322113446,0.2744324511807092,0.001192415045823164,0.5763988794695595,0.03455021005991044,0.8416475724096689,0.9841231756854657,0
-0.12657084635623306,0.9009088760241706,0.8491410419312149,-0.13151200797629606,0.10257878806523006,-1.177851894974348,-0.8841543251310949,0.2744324511807092,-1.7510820125076092,-0.9143260204049839,0.03455021005991044,0.32575473142284794,0.9841231756854657,0
0.21232733076517762,0.9009088760241706,-0.502969299721533,-0.8313353953151982,0.2715603651240624,0.9048055324001227,-0.2507203421941191,-0.8828162337175963,0.001192415045823164,1.7231103409115156,0.29255569570563505,0.9606997664835506,-1.0161329645585022,1
0.0428782422044723,0.9009088760241706,0.8491410419312149,-0.12835353260806523,-0.23538436605243465,-1.177851894974348,0.6994306322113446,1.4316811360790147,-0.21700267650776528,0.6910700256137552,-0.22345527558581418,-0.9044512740072636,-1.0161329645585022,0
-0.12657084635623306,0.9009088760241706,-0.502969299721533,-0.7902278383976741,-0.06640278899360229,0.9048055324001227,-0.2507203421941191,-0.8828162337175963,0.665848232393677,1.4937680486231246,0.03455021005991044,0.5043330225336705,-1.0161329645585022,1
0.21232733076517762,-1.1099901739376037,-0.502969299721533,-0.12988539316165718,-0.23538436605243465,-1.177851894974348,0.06599664927436881,-0.3041918912684436,-1.3751150855229646,0.003043148748581378,-0.22345527558581418,-0.051243883144444294,-1.0161329645585022,0
0.38177641932588297,0.9009088760241706,-0.502969299721533,-0.12459494691987057,0.2715603651240624,-1.177851894974348,0.06599664927436881,0.2744324511807092,-1.173704231781191,0.003043148748581378,0.5505611813513597,-0.3488743683291487,0.9841231756854657,0
-0.12657084635623306,0.9009088760241706,-0.502969299721533,-0.12707435008393175,-0.06640278899360229,-1.177851894974348,1.0161476236798326,-0.3041918912684436,0.9981761410676039,0.9204123179021463,1.066572152642809,0.4448069254967297,0.9841231756854657,0
-0.12657084635623306,-1.1099901739376037,1.5251962127575889,-0.7913648895302372,-0.7423290972289317,0.9048055324001227,-0.2507203421941191,-1.461440576166749,-1.2475548781531747,1.4937680486231246,0.29255569570563505,-0.30919030363785477,-1.0161329645585022,1
0.0428782422044723,-1.1099901739376037,-0.502969299721533,-0.24287984946011465,0.7785050963005594,-1.177851894974348,-0.7257958293968509,-0.8828162337175963,-1.2979075915886182,-0.6849837281165926,1.066572152642809,0.286070666731554,-1.0161329645585022,1
-0.12657084635623306,-1.1099901739376037,-0.502969299721533,-0.7925493177933237,-0.06640278899360229,0.9048055324001227,-0.2507203421941191,0.853056793629862,0.001192415045823164,1.4937680486231246,0.5505611813513597,0.22654456969461315,-1.0161329645585022,1
0.890123685007999,-1.1099901739376037,-0.502969299721533,-0.7930072967217172,0.9474866733593919,0.9048055324001227,-0.2507203421941191,1.4316811360790147,0.03811773823181484,1.4937680486231246,0.8085666669970842,1.0202258635204915,-1.0161329645585022,1
1.2290218621294098,0.9009088760241706,-0.502969299721533,-0.7706294987378018,1.4544314045358888,0.9048055324001227,-0.2507203421941191,0.2744324511807092,-1.173704231781191,1.379096902478929,0.29255569570563505,1.4369085427790778,-1.0161329645585022,1
-0.12657084635623306,0.9009088760241706,-1.179024470547907,-0.12742178237443713,-0.06640278899360229,-1.177851894974348,-0.5674373336626071,0.2744324511807092,0.27645391515958084,-0.6849837281165926,-0.22345527558581418,1.337698381050843,-1.0161329645585022,0
0.5512255078865883,-1.1099901739376037,0.8491410419312149,-0.12874834202909408,-0.404365943111267,-1.177851894974348,0.5410721364771007,-1.461440576166749,0.04483143335654109,0.4617277333253637,0.29255569570563505,-0.5472946917856183,0.9841231756854657,0
0.890123685007999,0.9009088760241706,-0.502969299721533,-0.7695240323589211,0.7785050963005594,0.9048055324001227,-0.2507203421941191,-0.8828162337175963,0.001192415045823164,1.379096902478929,0.5505611813513597,0.6432272489531993,-1.0161329645585022,1
0.0428782422044723,0.9009088760241706,-0.502969299721533,-0.7729667705102927,-0.06640278899360229,0.9048055324001227,-0.2507203421941191,0.2744324511807092,-1.3751150855229646,1.379096902478929,0.03455021005991044,1.0400678958661385,-1.0161329645585022,1
-0.12657084635623306,-1.1099901739376037,-1.179024470547907,-0.772177151668235,-0.23538436605243465,0.9048055324001227,-0.2507203421941191,0.853056793629862,1.286865031430813,1.379096902478929,0.29255569570563505,-0.24966420660091387,-1.0161329645585022,1
-0.12657084635623306,0.9009088760241706,-1.179024470547907,-0.12982222365429255,-0.404365943111267,0.21058638994196582,2.3226052134873454,0.2744324511807092,0.16232109803924238,2.2964660716324943,0.8085666669970842,-1.3012919209202027,0.9841231756854657,0
1.2290218621294098,-1.1099901739376037,-0.502969299721533,-0.7533368460967381,1.4544314045358888,0.9048055324001227,-0.2507203421941191,0.853056793629862,-1.0427871768490378,1.2644257563347332,1.066572152642809,0.9210157017922567,-1.0161329645585022,1
-0.12657084635623306,0.9009088760241706,-0.502969299721533,-0.12590571419768634,-0.06640278899360229,-1.177851894974348,0.6202513843442227,1.4316811360790147,0.7430557263280237,0.5763988794695595,0.8085666669970842,-1.3211339532658497,0.9841231756854657,0
0.0428782422044723,-1.1099901739376037,1.5251962127575889,-0.7485359635370273,-0.404365943111267,0.9048055324001227,-0.2507203421941191,1.4316811360790147,0.11868207972852446,1.2644257563347332,-0.22345527558581418,1.0400678958661385,-1.0161329645585022,1
-0.12657084635623306,0.9009088760241706,-0.502969299721533,-0.12315784062732554,-0.404365943111267,-1.177851894974348,-0.4090788379283631,0.2744324511807092,0.0851136041048956,-0.45564143582820127,-0.22345527558581418,0.22654456969461315,-1.0161329645585022,0
0.0428782422044723,0.9009088760241706,-0.502969299721533,-0.12154701818952782,0.2715603651240624,-1.177851894974348,2.2038363416866624,-0.8828162337175963,0.001192415045823164,2.1817949254882985,1.066572152642809,0.7622794430270811,-1.0161329645585022,0
1.2290218621294098,-1.1099901739376037,0.8491410419312149,-0.12440543839777671,1.1164682504182242,-1.177851894974348,-0.7257958293968509,-0.8828162337175963,-1.0092187012254088,-0.7996548742607882,-0.22345527558581418,-0.40840046536608954,0.9841231756854657,0
-0.12657084635623306,0.9009088760241706,-1.179024470547907,-0.7459775984887603,0.4405419421828948,0.9048055324001227,-0.2507203421941191,0.853056793629862,-0.1397951825734185,1.1497546101905376,0.29255569570563505,-0.5472946917856183,-1.0161329645585022,1
1.2290218621294098,0.9009088760241706,-0.502969299721533,-0.7444615303120096,0.9474866733593919,0.9048055324001227,-0.2507203421941191,0.853056793629862,0.001192415045823164,1.1497546101905376,0.5505611813513597,-0.6266628211682062,-1.0161329645585022,0
0.7206745964472937,0.9009088760241706,-1.179024470547907,-0.7431507630341938,0.7785050963005594,0.9048055324001227,-0.2507203421941191,-0.8828162337175963,-1.173704231781191,1.1497546101905376,1.066572152642809,1.734539027963782,-1.0161329645585022,0
0.38177641932588297,-1.1099901739376037,0.8491410419312149,-0.714582353328546,0.4405419421828948,0.9048055324001227,-0.2507203421941191,0.853056793629862,-0.005521280078902488,1.035083464046342,0.5505611813513597,0.32575473142284794,-1.0161329645585022,0
0.890123685007999,0.9009088760241706,-1.179024470547907,-0.11878335224232586,0.7785050963005594,-1.177851894974348,-1.042512820865339,-0.8828162337175963,-0.21028898138303903,-1.143668312693375,0.03455021005991044,-0.5869787564769122,0.9841231756854657,0
0.38177641932588297,-1.1099901739376037,-1.179024470547907,-0.11513531319201926,-0.23538436605243465,-1.177851894974348,0.8577891279455886,-0.3041918912684436,-1.4993184453303918,0.8057411717579506,0.5505611813513597,0.9805417988291976,-1.0161329645585022,0
0.890123685007999,0.9009088760241706,0.8491410419312149,-0.11860963609707316,1.1164682504182242,-1.177851894974348,0.22435514500861276,1.4316811360790147,0.001192415045823164,0.1177142948927768,0.5505611813513597,1.317856348705196,0.9841231756854657,0
0.7206745964472937,-1.1099901739376037,-1.179024470547907,-0.11617761006353544,0.4405419421828948,0.21058638994196582,-0.2507203421941191,1.4316811360790147,1.6997572816014495,-0.34097028968400567,0.29255569570563505,-0.5472946917856183,0.9841231756854657,0
0.0428782422044723,-1.1099901739376037,-1.179024470547907,-0.11523006745306619,0.4405419421828948,-1.177851894974348,-0.7257958293968509,0.853056793629862,-0.811164695045998,-0.7996548742607882,0.29255569570563505,1.1789621222856672,-1.0161329645585022,0
0.0428782422044723,-1.1099901739376037,1.5251962127575889,-0.11472471139414926,0.10257878806523006,-1.177851894974348,-0.5674373336626071,-0.3041918912684436,-0.005521280078902488,-0.6849837281165926,-0.22345527558581418,-0.4877685947486774,0.9841231756854657,0
0.0428782422044723,0.9009088760241706,1.5251962127575889,-0.11055552390808458,0.2715603651240624,-1.177851894974348,-1.042512820865339,0.2744324511807092,0.5114332445249834,-1.143668312693375,1.066572152642809,-0.5671367241312653,0.9841231756854657,0
0.38177641932588297,-1.1099901739376037,-0.502969299721533,-0.6988847307484388,0.6095235192417271,0.9048055324001227,-0.2507203421941191,-1.461440576166749,0.5785701957722418,0.9204123179021463,1.066572152642809,0.5043330225336705,-1.0161329645585022,0
0.38177641932588297,0.9009088760241706,-0.502969299721533,-0.6989794850094858,0.10257878806523006,0.9048055324001227,-0.2507203421941191,0.2744324511807092,0.7430557263280237,0.9204123179021463,0.8085666669970842,0.46464895784237664,0.9841231756854657,0
0.7206745964472937,0.9009088760241706,0.8491410419312149,-0.6760173690824477,1.1164682504182242,0.9048055324001227,-0.2507203421941191,0.2744324511807092,0.5114332445249834,0.9204123179021463,0.29255569570563505,0.6432272489531993,0.9841231756854657,0
0.0428782422044723,0.9009088760241706,1.5251962127575889,-0.10457021308528719,-0.23538436605243465,-1.177851894974348,0.7627740305050422,0.2744324511807092,0.8336906105118219,0.6910700256137552,0.29255569570563505,-1.4203441149940845,0.9841231756854657,0
0.5512255078865883,-1.1099901739376037,0.8491410419312149,-0.10932371851447456,0.2715603651240624,-1.177851894974348,-0.3774071387815143,0.2744324511807092,-1.6705176710108995,-0.45564143582820127,0.5505611813513597,0.18686050500331922,0.9841231756854657,0
0.0428782422044723,-1.1099901739376037,-1.179024470547907,-0.6742486228762384,-0.06640278899360229,0.9048055324001227,-0.2507203421941191,0.2744324511807092,0.001192415045823164,0.8057411717579506,0.5505611813513597,-0.686188918205147,0.9841231756854657,0
1.2290218621294098,-1.1099901739376037,1.5251962127575889,-0.6737432668173216,1.4544314045358888,0.9048055324001227,-0.2507203421941191,-0.8828162337175963,0.001192415045823164,0.8057411717579506,0.03455021005991044,-0.5076106270943244,0.9841231756854657,0
1.2290218621294098,-1.1099901739376037,0.8491410419312149,-0.11167678266380653,0.7785050963005594,-1.177851894974348,1.0161476236798326,0.2744324511807092,1.6628319584154578,0.9204123179021463,-0.22345527558581418,-0.6465048535138531,-1.0161329645585022,0
0.21232733076517762,0.9009088760241706,-0.502969299721533,-0.10896049384712801,-0.7423290972289317,-1.177851894974348,-0.5674373336626071,-0.3041918912684436,0.8336906105118219,-0.6849837281165926,0.5505611813513597,0.9011736694466097,0.9841231756854657,0
0.0428782422044723,-1.1099901739376037,-1.179024470547907,-0.11143989701118921,-0.5733475201700994,0.21058638994196582,0.8577891279455886,1.4316811360790147,1.6628319584154578,0.8057411717579506,0.8085666669970842,0.22654456969461315,0.9841231756854657,0
1.2290218621294098,0.9009088760241706,0.8491410419312149,-0.6804866117284943,0.7785050963005594,0.9048055324001227,-0.2507203421941191,-1.461440576166749,3.018998373610068,0.9204123179021463,0.29255569570563505,-1.6187644384505542,-1.0161329645585022,1
0.7206745964472937,0.9009088760241706,0.8491410419312149,-0.6755593901540543,0.7785050963005594,0.9048055324001227,-0.2507203421941191,1.4316811360790147,-1.0964967378468442,0.9204123179021463,0.8085666669970842,0.6630692812988462,-1.0161329645585022,0
0.38177641932588297,0.9009088760241706,-0.502969299721533,-0.679317975842249,0.7785050963005594,0.9048055324001227,-0.2507203421941191,0.853056793629862,0.7430557263280237,0.9204123179021463,0.8085666669970842,0.8614896047553159,0.9841231756854657,0
0.38177641932588297,-1.1099901739376037,0.8491410419312149,-0.10704961624934838,0.4405419421828948,-1.177851894974348,-0.8524826259842462,-0.3041918912684436,0.001192415045823164,-0.9143260204049839,-0.22345527558581418,0.801963507718375,-1.0161329645585022,0
0.890123685007999,0.9009088760241706,1.5251962127575889,-0.11365082976895079,0.9474866733593919,0.21058638994196582,0.38271364074285674,-0.8828162337175963,-1.4724636648314886,0.3470565871811683,1.066572152642809,0.5638591195706114,0.9841231756854657,0
0.0428782422044723,-1.1099901739376037,-0.502969299721533,-0.11399826205945617,-0.06640278899360229,0.21058638994196582,-0.7257958293968509,-0.3041918912684436,1.0955247203761276,-0.7996548742607882,-0.22345527558581418,-0.6266628211682062,-1.0161329645585022,0
0.0428782422044723,-1.1099901739376037,0.8491410419312149,-0.657998267106691,-0.06640278899360229,0.9048055324001227,-0.2507203421941191,-1.461440576166749,-1.2475548781531747,0.8057411717579506,1.066572152642809,-0.44808453005738347,-1.0161329645585022,0
-0.12657084635623306,-1.1099901739376037,-1.179024470547907,-0.6403581821751219,-0.06640278899360229,0.9048055324001227,-0.2507203421941191,0.2744324511807092,-0.3680608168140954,0.6910700256137552,0.29255569570563505,0.40512286080543575,-1.0161329645585022,0
-0.12657084635623306,0.9009088760241706,-0.502969299721533,-0.2297563843051156,-0.911310674287764,-1.177851894974348,0.06599664927436881,1.4316811360790147,1.0955247203761276,0.1177142948927768,1.066572152642809,0.6233852166075523,-1.0161329645585022,1
0.890123685007999,-1.1099901739376037,1.5251962127575889,-0.11352449075422155,0.6095235192417271,-1.177851894974348,-0.963333572998217,-1.461440576166749,-1.0427871768490378,-1.0289971665491795,0.8085666669970842,-1.4203441149940845,0.9841231756854657,0
1.0595727735687044,-1.1099901739376037,-0.502969299721533,-0.6377366476194902,1.4544314045358888,0.9048055324001227,-0.2507203421941191,-0.8828162337175963,2.102578989084997,0.6910700256137552,1.066572152642809,1.238488219322608,0.9841231756854657,0
1.2290218621294098,0.9009088760241706,0.8491410419312149,-0.10640212879886106,1.6234129815947211,-1.177851894974348,1.5862382083231108,-0.8828162337175963,-0.3680608168140954,1.4937680486231246,-0.22345527558581418,0.5241750548793175,0.9841231756854657,0
0.38177641932588297,-1.1099901739376037,1.5251962127575889,-0.10862885393346378,0.10257878806523006,0.21058638994196582,1.8079401023510524,-0.3041918912684436,-1.0427871768490378,1.7231103409115156,-0.22345527558581418,-0.7655570475877348,0.9841231756854657,0
0.0428782422044723,0.9009088760241706,-0.502969299721533,-0.6236498474771808,0.6095235192417271,0.9048055324001227,-0.2507203421941191,-1.461440576166749,1.223084927745918,0.6910700256137552,0.8085666669970842,-0.17029607721832604,-1.0161329645585022,1
0.38177641932588297,-1.1099901739376037,0.8491410419312149,-0.10550196331891527,0.9474866733593919,-1.177851894974348,-1.121692068732461,-1.461440576166749,0.5651428055227898,-1.2583394588375707,0.29255569570563505,-1.0036614357354983,0.9841231756854657,0
1.0595727735687044,0.9009088760241706,-1.179024470547907,-0.6038146221646913,1.1164682504182242,0.9048055324001227,-0.2507203421941191,0.853056793629862,-1.0427871768490378,0.5763988794695595,0.29255569570563505,-0.2893482712922078,0.9841231756854657,0
-0.12657084635623306,0.9009088760241706,-1.179024470547907,-0.10719174764091877,-0.23538436605243465,-1.177851894974348,-0.8841543251310949,-1.461440576166749,-0.3680608168140954,-1.0289971665491795,0.29255569570563505,0.22654456969461315,-1.0161329645585022,0
0.21232733076517762,-1.1099901739376037,0.8491410419312149,-0.10949743465972726,0.10257878806523006,-1.177851894974348,0.7192254441781252,-0.3041918912684436,0.8336906105118219,0.5763988794695595,0.03455021005991044,0.5638591195706114,0.9841231756854657,0
0.890123685007999,-1.1099901739376037,-1.179024470547907,-0.598761061575522,0.4405419421828948,0.9048055324001227,-0.2507203421941191,-1.461440576166749,-0.34120603631519225,0.5763988794695595,-0.22345527558581418,-1.3211339532658497,0.9841231756854657,0
0.0428782422044723,0.9009088760241706,-0.502969299721533,-0.10866043868714609,-0.5733475201700994,-1.177851894974348,-0.14778731996686054,1.4316811360790147,-0.707102420612748,-0.2262991435398101,1.066572152642809,0.6630692812988462,0.9841231756854657,0
0.7206745964472937,0.9009088760241706,0.8491410419312149,-0.6972897006874823,0.4405419421828948,0.9048055324001227,-0.2507203421941191,-0.8828162337175963,2.431550050196561,0.9204123179021463,0.03455021005991044,1.0202258635204915,-1.0161329645585022,1
0.21232733076517762,-1.1099901739376037,-0.502969299721533,-0.1086920234408284,0.10257878806523006,-1.177851894974348,-1.2800505644667048,-0.3041918912684436,-1.6705176710108995,-1.3730106049817663,0.8085666669970842,1.278172284013902,0.9841231756854657,0
-0.12657084635623306,0.9009088760241706,1.5251962127575889,-0.5830792313722559,-0.7423290972289317,0.9048055324001227,-0.2507203421941191,0.2744324511807092,1.2700807936189982,0.5763988794695595,0.8085666669970842,-1.678290535487495,0.9841231756854657,0
1.0595727735687044,0.9009088760241706,-0.502969299721533,-0.5858744820731402,0.7785050963005594,0.9048055324001227,-0.2507203421941191,-1.461440576166749,0.001192415045823164,0.5763988794695595,1.066572152642809,-1.5989224061049072,0.9841231756854657,0
0.5512255078865883,0.9009088760241706,-0.502969299721533,-0.10940268039868033,0.2715603651240624,-1.177851894974348,1.1745061194140765,0.853056793629862,-0.707102420612748,1.035083464046342,0.5505611813513597,0.2463866020402601,0.9841231756854657,0
1.0595727735687044,-1.1099901739376037,0.8491410419312149,-0.5835845874311729,1.6234129815947211,0.9048055324001227,-0.2507203421941191,0.853056793629862,-1.623521805137819,0.5763988794695595,0.8085666669970842,-0.6663468858595001,0.9841231756854657,0
0.7206745964472937,0.9009088760241706,0.8491410419312149,-0.10959218892077419,0.9474866733593919,-1.177851894974348,-0.5674373336626071,0.2744324511807092,-1.4724636648314886,-0.6849837281165926,0.29255569570563505,0.9805417988291976,-1.0161329645585022,0
0.5512255078865883,0.9009088760241706,-0.502969299721533,-0.10662322207463722,0.6095235192417271,-1.177851894974348,-0.09236184645987515,-0.3041918912684436,0.5651428055227898,-0.2262991435398101,0.5505611813513597,-0.4282424977117365,-1.0161329645585022,0
0.0428782422044723,0.9009088760241706,-0.502969299721533,-0.6917465764162372,0.4405419421828948,0.9048055324001227,-0.2507203421941191,0.2744324511807092,0.7061304031420315,0.9204123179021463,0.8085666669970842,0.6035431842619053,-1.0161329645585022,1
-0.12657084635623306,-1.1099901739376037,-1.179024470547907,-0.5856691811742052,-0.06640278899360229,0.9048055324001227,-0.2507203421941191,0.2744324511807092,0.4040141225293712,0.5763988794695595,0.03455021005991044,-1.9759210206721993,0.9841231756854657,0
0.0428782422044723,0.9009088760241706,-1.179024470547907,-0.10595994224730874,-0.23538436605243465,-1.177851894974348,1.6495816066168083,0.2744324511807092,0.23617174441122635,1.4937680486231246,-0.22345527558581418,0.286070666731554,0.9841231756854657,0
0.38177641932588297,0.9009088760241706,0.8491410419312149,-0.10971852793550342,-0.06640278899360229,-1.177851894974348,1.0161476236798326,0.853056793629862,0.23617174441122635,0.9204123179021463,0.5505611813513597,-1.8767108589439645,0.9841231756854657,0
0.21232733076517762,-1.1099901739376037,-0.502969299721533,-0.10978169744286803,0.6095235192417271,-1.177851894974348,-0.7257958293968509,0.853056793629862,-1.6705176710108995,-0.7996548742607882,1.066572152642809,-0.051243883144444294,-1.0161329645585022,0
0.0428782422044723,-1.1099901739376037,-1.179024470547907,-0.1104449772701965,0.10257878806523006,-1.177851894974348,0.5410721364771007,-0.8828162337175963,-0.707102420612748,0.4617277333253637,1.066572152642809,0.286070666731554,0.9841231756854657,0
0.5512255078865883,-1.1099901739376037,0.8491410419312149,-0.5814368241807759,0.7785050963005594,0.9048055324001227,-0.2507203421941191,1.4316811360790147,0.03476089066945202,0.5763988794695595,0.03455021005991044,-0.4282424977117365,0.9841231756854657,0
0.21232733076517762,-1.1099901739376037,0.8491410419312149,-0.6783546408549386,-0.23538436605243465,0.9048055324001227,-0.2507203421941191,-0.3041918912684436,0.5651428055227898,0.9204123179021463,0.03455021005991044,0.6630692812988462,-1.0161329645585022,1
0.5512255078865883,0.9009088760241706,-0.502969299721533,-0.5634019298281779,0.7785050963005594,0.9048055324001227,-0.2507203421941191,0.2744324511807092,-0.11965409719924096,0.4617277333253637,0.03455021005991044,0.14717644031202531,0.9841231756854657,0
0.38177641932588297,-1.1099901739376037,-1.179024470547907,-0.11172415979432998,0.9474866733593919,-1.177851894974348,-0.2507203421941191,1.4316811360790147,-1.173704231781191,-0.34097028968400567,1.066572152642809,-0.03140185079879733,-1.0161329645585022,0
0.0428782422044723,0.9009088760241706,-0.502969299721533,-0.11189787593958268,-0.23538436605243465,-1.177851894974348,-0.8841543251310949,0.853056793629862,-1.0427871768490378,-1.0289971665491795,0.5505611813513597,-0.3488743683291487,0.9841231756854657,0
0.38177641932588297,0.9009088760241706,-0.502969299721533,-0.10877098532503417,0.4405419421828948,-1.177851894974348,0.06599664927436881,0.853056793629862,0.5651428055227898,0.003043148748581378,-0.22345527558581418,-0.11076998018138517,-1.0161329645585022,0
1.2290218621294098,0.9009088760241706,1.5251962127575889,-0.11265591002795808,1.4544314045358888,-1.177851894974348,-0.8841543251310949,-1.461440576166749,-1.6705176710108995,-1.0289971665491795,0.29255569570563505,1.0995939929030794,-1.0161329645585022,0
0.5512255078865883,-1.1099901739376037,0.8491410419312149,-0.560638263880976,0.6095235192417271,0.9048055324001227,-0.2507203421941191,0.853056793629862,-0.8447331706696268,0.4617277333253637,0.5505611813513597,-1.3409759856114967,0.9841231756854657,0
0.21232733076517762,0.9009088760241706,0.8491410419312149,-0.10866043868714609,0.6095235192417271,-1.177851894974348,-0.6307807319563046,0.853056793629862,0.4745079213389917,-0.6849837281165926,1.066572152642809,0.22654456969461315,-1.0161329645585022,0
0.21232733076517762,0.9009088760241706,-0.502969299721533,-0.5655654854554161,0.6095235192417271,0.9048055324001227,-0.2507203421941191,1.4316811360790147,0.001192415045823164,0.4617277333253637,0.29255569570563505,0.9805417988291976,-1.0161329645585022,0
0.38177641932588297,0.9009088760241706,-0.502969299721533,-0.560843564779911,0.10257878806523006,0.9048055324001227,-0.2507203421941191,0.853056793629862,0.11868207972852446,0.4617277333253637,0.5505611813513597,-0.7258729828964409,-1.0161329645585022,0
-0.12657084635623306,-1.1099901739376037,0.8491410419312149,-0.5694188254046577,-0.23538436605243465,0.9048055324001227,-0.2507203421941191,-1.461440576166749,0.9780350556934264,0.4617277333253637,0.8085666669970842,-1.7973427295613766,0.9841231756854657,0
1.2290218621294098,0.9009088760241706,1.5251962127575889,-0.10439649694003449,1.4544314045358888,-1.177851894974348,-0.09236184645987515,-0.3041918912684436,0.4745079213389917,-0.2262991435398101,0.29255569570563505,-0.7258729828964409,0.9841231756854657,0
0.0428782422044723,0.9009088760241706,-1.179024470547907,-0.5619806159124741,-0.06640278899360229,0.9048055324001227,-0.2507203421941191,0.2744324511807092,0.6154955189582334,0.4617277333253637,0.03455021005991044,-2.0156050853634935,0.9841231756854657,0
0.5512255078865883,-1.1099901739376037,1.5251962127575889,-0.5508469902394605,0.6095235192417271,0.9048055324001227,-0.2507203421941191,0.853056793629862,-1.1804179269059165,0.4617277333253637,0.03455021005991044,1.3972244780877838,0.9841231756854657,0
-0.12657084635623306,0.9009088760241706,0.8491410419312149,-0.5464251247239373,-0.23538436605243465,0.9048055324001227,-0.2507203421941191,-0.8828162337175963,0.8336906105118219,0.4617277333253637,1.066572152642809,-0.46792656240303043,0.9841231756854657,0
-0.12657084635623306,-1.1099901739376037,-1.179024470547907,-0.6604460855170698,0.10257878806523006,0.9048055324001227,-0.2507203421941191,-1.461440576166749,-1.1233515183457474,0.8057411717579506,0.5505611813513597,0.7424374106814341,-1.0161329645585022,1
0.0428782422044723,-1.1099901739376037,-0.502969299721533,-0.1084867225418934,-0.7423290972289317,-1.177851894974348,1.6495816066168083,-0.3041918912684436,-1.0427871768490378,1.4937680486231246,0.29255569570563505,-0.5274526594399713,-1.0161329645585022,0
0.7206745964472937,-1.1099901739376037,-0.502969299721533,-0.5483517946985581,0.2715603651240624,0.9048055324001227,-0.2507203421941191,-1.461440576166749,-1.0092187012254088,0.4617277333253637,0.03455021005991044,1.0995939929030794,-1.0161329645585022,0
0.890123685007999,-1.1099901739376037,1.5251962127575889,-0.22042308959199355,0.2715603651240624,-1.177851894974348,3.549883555427736,-1.461440576166749,1.417782086362966,4.016533263795428,0.29255569570563505,-1.7378166325244357,-1.0161329645585022,1
1.2290218621294098,-1.1099901739376037,-0.502969299721533,-0.5415452802800207,1.2854498274770565,0.9048055324001227,-0.2507203421941191,0.2744324511807092,-0.005521280078902488,0.4617277333253637,0.8085666669970842,-1.162397694500674,0.9841231756854657,0
0.38177641932588297,0.9009088760241706,0.8491410419312149,-0.11049235440071996,0.6095235192417271,-1.177851894974348,-0.4090788379283631,-0.3041918912684436,-1.1804179269059165,-0.45564143582820127,0.5505611813513597,-2.670392152769843,0.9841231756854657,0
0.5512255078865883,0.9009088760241706,-0.502969299721533,-0.5264161832661951,0.9474866733593919,0.9048055324001227,-0.2507203421941191,-1.461440576166749,-0.005521280078902488,0.3470565871811683,0.29255569570563505,0.9805417988291976,-1.0161329645585022,0
0.21232733076517762,-1.1099901739376037,0.8491410419312149,-0.11030284587862611,-0.404365943111267,-1.177851894974348,1.6495816066168083,0.853056793629862,-1.3482603050240614,1.4937680486231246,0.29255569570563505,1.0202258635204915,-1.0161329645585022,0
0.21232733076517762,-1.1099901739376037,-1.179024470547907,-0.11169257504064767,0.6095235192417271,0.21058638994196582,0.06599664927436881,0.853056793629862,-0.005521280078902488,0.003043148748581378,1.066572152642809,-1.162397694500674,0.9841231756854657,0
0.0428782422044723,-1.1099901739376037,-0.502969299721533,-0.1058020184788972,0.2715603651240624,0.21058638994196582,-0.4090788379283631,-0.8828162337175963,1.6729025011025462,-0.45564143582820127,0.29255569570563505,0.4448069254967297,0.9841231756854657,0
1.2290218621294098,0.9009088760241706,-1.179024470547907,-0.6366153888637683,1.7923945586535535,0.9048055324001227,-0.2507203421941191,-0.3041918912684436,-1.6839450612603513,0.6910700256137552,0.8085666669970842,0.9210157017922567,-1.0161329645585022,1
0.5512255078865883,-1.1099901739376037,0.8491410419312149,-0.10616524314624375,0.7785050963005594,-1.177851894974348,-1.2800505644667048,-1.461440576166749,0.665848232393677,-1.3730106049817663,1.066572152642809,0.4844909901880236,0.9841231756854657,0
0.5512255078865883,0.9009088760241706,1.5251962127575889,-0.10753917993142414,0.4405419421828948,-1.177851894974348,-0.2823920413409679,1.4316811360790147,-0.1397951825734185,-0.34097028968400567,1.066572152642809,0.5440170872249644,0.9841231756854657,0
1.2290218621294098,0.9009088760241706,1.5251962127575889,-0.5260055814683251,1.1164682504182242,0.9048055324001227,-0.2507203421941191,0.853056793629862,0.001192415045823164,0.3470565871811683,0.03455021005991044,0.2463866020402601,-1.0161329645585022,0
0.0428782422044723,-1.1099901739376037,1.5251962127575889,-0.6279927511084982,0.10257878806523006,0.9048055324001227,-0.2507203421941191,-1.461440576166749,0.001192415045823164,0.6910700256137552,0.29255569570563505,-1.162397694500674,-1.0161329645585022,1
1.0595727735687044,0.9009088760241706,0.8491410419312149,-0.5155826127531634,1.2854498274770565,0.9048055324001227,-0.2507203421941191,-1.461440576166749,0.001192415045823164,0.3470565871811683,0.8085666669970842,0.5043330225336705,0.9841231756854657,0
0.38177641932588297,0.9009088760241706,1.5251962127575889,-0.621107274805755,0.7785050963005594,0.9048055324001227,-0.2507203421941191,-1.461440576166749,1.2029438423717405,0.6910700256137552,0.5505611813513597,-1.4600281796853785,-1.0161329645585022,1
0.21232733076517762,0.9009088760241706,1.5251962127575889,-0.614853493576658,0.10257878806523006,0.9048055324001227,-0.2507203421941191,-0.3041918912684436,-1.7510820125076092,0.6910700256137552,0.5505611813513597,1.238488219322608,-1.0161329645585022,1
0.7206745964472937,0.9009088760241706,-0.502969299721533,-0.1067653534662076,0.4405419421828948,-1.177851894974348,-1.002923196931778,-0.3041918912684436,0.8336906105118219,-1.143668312693375,-0.22345527558581418,0.5043330225336705,0.9841231756854657,0
0.0428782422044723,0.9009088760241706,-0.502969299721533,-0.10818666738191146,0.6095235192417271,-1.177851894974348,4.024959042630468,-0.8828162337175963,-0.1397951825734185,3.9018621176512323,0.03455021005991044,0.5241750548793175,-1.0161329645585022,0
-0.12657084635623306,-1.1099901739376037,0.8491410419312149,-0.11166099028696537,0.10257878806523006,0.21058638994196582,0.1451758971414908,-0.3041918912684436,-1.1804179269059165,0.003043148748581378,0.29255569570563505,0.305912699077201,0.9841231756854657,0
-0.12657084635623306,-1.1099901739376037,1.5251962127575889,-0.505696584850601,0.4405419421828948,0.9048055324001227,-0.2507203421941191,-0.8828162337175963,0.007906110170548816,0.3470565871811683,0.8085666669970842,0.6829113136444932,-1.0161329645585022,0
-0.12657084635623306,0.9009088760241706,0.8491410419312149,-0.1084867225418934,-0.7423290972289317,-1.177851894974348,-0.7139189422167826,-0.8828162337175963,-1.6839450612603513,-0.7996548742607882,0.5505611813513597,-1.9560789883265524,-1.0161329645585022,0
0.0428782422044723,0.9009088760241706,1.5251962127575889,-0.10594414987046759,0.4405419421828948,-1.177851894974348,-1.121692068732461,-0.3041918912684436,0.001192415045823164,-1.2583394588375707,0.29255569570563505,0.9408577341379036,-1.0161329645585022,0
0.7206745964472937,0.9009088760241706,-1.179024470547907,-0.4945945439312696,0.9474866733593919,0.9048055324001227,-0.2507203421941191,0.2744324511807092,-0.3680608168140954,0.23238544103697253,1.066572152642809,0.4844909901880236,0.9841231756854657,0
0.890123685007999,-1.1099901739376037,-0.502969299721533,-0.11017650686389688,0.7785050963005594,-1.177851894974348,-1.2008713165995828,0.853056793629862,-1.8752853723150364,-1.2583394588375707,0.5505611813513597,0.26622863438590705,0.9841231756854657,0
1.0595727735687044,0.9009088760241706,-0.502969299721533,-0.6037356602804855,0.6095235192417271,0.9048055324001227,-0.2507203421941191,0.853056793629862,2.17642963545698,0.5763988794695595,0.8085666669970842,-0.9044512740072636,-1.0161329645585022,1
1.2290218621294098,-1.1099901739376037,0.8491410419312149,-0.48867240261583683,1.7923945586535535,0.9048055324001227,-0.2507203421941191,-0.8828162337175963,-1.6839450612603513,0.23238544103697253,-0.22345527558581418,0.4249648931510827,0.9841231756854657,0
0.21232733076517762,-1.1099901739376037,0.8491410419312149,-0.22331309455392476,0.10257878806523006,-1.177851894974348,-0.3298995900612411,-1.461440576166749,-1.1804179269059165,-0.34097028968400567,0.8085666669970842,0.6432272489531993,-1.0161329645585022,1
0.21232733076517762,-1.1099901739376037,-0.502969299721533,-0.605946593038247,-0.06640278899360229,0.9048055324001227,-0.2507203421941191,-1.461440576166749,1.934736610966852,0.5763988794695595,1.066572152642809,0.7622794430270811,-1.0161329645585022,1
0.38177641932588297,0.9009088760241706,0.17308587110484092,-0.6016194817837709,-0.404365943111267,0.9048055324001227,-0.2507203421941191,0.2744324511807092,-1.0427871768490378,0.5763988794695595,-0.22345527558581418,0.46464895784237664,-1.0161329645585022,1
0.5512255078865883,-1.1099901739376037,0.8491410419312149,-0.4908201658662338,-0.06640278899360229,0.9048055324001227,-0.2507203421941191,-1.461440576166749,-1.0427871768490378,0.23238544103697253,0.8085666669970842,0.22654456969461315,-1.0161329645585022,0
-0.12657084635623306,-1.1099901739376037,0.17308587110484092,-0.4896357376031472,-0.06640278899360229,0.9048055324001227,-0.2507203421941191,1.4316811360790147,0.3301634761573873,0.23238544103697253,0.29255569570563505,0.5837011519162584,0.9841231756854657,0
-0.12657084635623306,0.9009088760241706,0.8491410419312149,-0.11597230916460043,0.6095235192417271,-1.177851894974348,-0.7099599798234266,1.4316811360790147,0.16232109803924238,-0.7996548742607882,0.03455021005991044,0.5440170872249644,0.9841231756854657,0
0.7206745964472937,-1.1099901739376037,0.8491410419312149,-0.489098796790548,0.2715603651240624,0.9048055324001227,-0.2507203421941191,-1.461440576166749,-0.4654093961226198,0.23238544103697253,0.8085666669970842,0.06780831092943747,-1.0161329645585022,0
-0.12657084635623306,-1.1099901739376037,-1.179024470547907,-0.4818500958204583,0.10257878806523006,0.9048055324001227,-0.2507203421941191,1.4316811360790147,-0.25392799969375696,0.23238544103697253,1.066572152642809,-0.5472946917856183,0.9841231756854657,0
0.21232733076517762,0.9009088760241706,0.8491410419312149,-0.21898598329944852,0.10257878806523006,0.21058638994196582,1.6495816066168083,0.2744324511807092,2.6128198185641573,1.8377814870557112,-0.22345527558581418,-1.8568688265983175,-1.0161329645585022,1
0.0428782422044723,-1.1099901739376037,0.8491410419312149,-0.2230920012781486,-0.404365943111267,-1.177851894974348,-0.5674373336626071,0.2744324511807092,1.417782086362966,-0.570312581972397,0.5505611813513597,-1.9560789883265524,-1.0161329645585022,1
0.5512255078865883,-1.1099901739376037,0.8491410419312149,-0.48155004066047635,0.6095235192417271,0.9048055324001227,-0.2507203421941191,-1.461440576166749,0.2965950005337584,0.23238544103697253,0.29255569570563505,0.9805417988291976,0.9841231756854657,0
0.0428782422044723,-1.1099901739376037,-0.502969299721533,-0.4831450707214329,-0.06640278899360229,0.9048055324001227,-0.2507203421941191,0.2744324511807092,-0.018948670328354386,0.23238544103697253,0.03455021005991044,0.5440170872249644,0.9841231756854657,0
1.0595727735687044,0.9009088760241706,-0.502969299721533,-0.10547037856523296,0.9474866733593919,-1.177851894974348,0.0937093860278615,-0.8828162337175963,0.001192415045823164,0.003043148748581378,-0.22345527558581418,1.0003838311748445,0.9841231756854657,0
0.0428782422044723,-1.1099901739376037,1.5251962127575889,-0.10496502250631604,-0.06640278899360229,-1.177851894974348,-1.042512820865339,-0.3041918912684436,2.17642963545698,-1.143668312693375,0.5505611813513597,0.3455967637684949,0.9841231756854657,0
0.21232733076517762,0.9009088760241706,-1.179024470547907,-0.464810121208853,0.2715603651240624,0.9048055324001227,-0.2507203421941191,-0.8828162337175963,0.3301634761573873,0.23238544103697253,0.29255569570563505,0.10749237562073138,0.9841231756854657,0
0.0428782422044723,-1.1099901739376037,0.8491410419312149,-0.11518269032254273,0.10257878806523006,-1.177851894974348,-0.7257958293968509,0.2744324511807092,0.001192415045823164,-0.7996548742607882,0.5505611813513597,0.6035431842619053,0.9841231756854657,0
0.38177641932588297,0.9009088760241706,0.8491410419312149,-0.5743460469790977,0.7785050963005594,0.9048055324001227,-0.2507203421941191,-0.8828162337175963,1.2029438423717405,0.4617277333253637,0.8085666669970842,0.22654456969461315,-1.0161329645585022,1
0.5512255078865883,0.9009088760241706,1.5251962127575889,-0.4490967062519047,0.10257878806523006,0.9048055324001227,-0.2507203421941191,1.4316811360790147,0.4745079213389917,0.23238544103697253,0.29255569570563505,0.8813316371009629,0.9841231756854657,0
0.890123685007999,0.9009088760241706,-0.502969299721533,-0.4516550713001717,1.1164682504182242,0.9048055324001227,-0.2507203421941191,0.2744324511807092,-1.6839450612603513,0.23238544103697253,0.29255569570563505,1.6154868338899002,0.9841231756854657,0
0.38177641932588297,-1.1099901739376037,-0.502969299721533,-0.5678711724742246,-0.06640278899360229,0.9048055324001227,-0.2507203421941191,-1.461440576166749,1.6729025011025462,0.4617277333253637,0.03455021005991044,0.801963507718375,-1.0161329645585022,1
0.21232733076517762,0.9009088760241706,-0.502969299721533,-0.10378059424322948,0.2715603651240624,-1.177851894974348,-0.2507203421941191,0.2744324511807092,-1.6839450612603513,-0.34097028968400567,0.8085666669970842,1.0003838311748445,-1.0161329645585022,0
0.38177641932588297,0.9009088760241706,0.8491410419312149,-0.449538892803457,0.2715603651240624,0.9048055324001227,-0.2507203421941191,0.2744324511807092,-0.33784918875282943,0.23238544103697253,-0.22345527558581418,0.6035431842619053,0.9841231756854657,0
0.5512255078865883,-1.1099901739376037,-1.179024470547907,-0.11474050377099042,0.4405419421828948,0.21058638994196582,-0.7257958293968509,-1.461440576166749,1.8407448792206904,-0.7996548742607882,0.8085666669970842,-0.4877685947486774,0.9841231756854657,0
0.38177641932588297,-1.1099901739376037,-0.502969299721533,-0.1139193001752504,0.10257878806523006,-1.177851894974348,-0.8841543251310949,1.4316811360790147,-1.3482603050240614,-0.9143260204049839,0.29255569570563505,0.20670253734896618,0.9841231756854657,0
-0.12657084635623306,-1.1099901739376037,-0.502969299721533,-0.10763393419247108,-0.23538436605243465,-1.177851894974348,-0.9791694225716413,0.2744324511807092,0.001192415045823164,-1.0289971665491795,0.29255569570563505,1.298014316359549,-1.0161329645585022,0
-0.12657084635623306,0.9009088760241706,-0.502969299721533,-0.4479596551193416,0.10257878806523006,0.9048055324001227,-0.2507203421941191,0.853056793629862,-1.2475548781531747,0.23238544103697253,0.03455021005991044,0.821805540064022,-1.0161329645585022,0
0.7206745964472937,-1.1099901739376037,-0.502969299721533,-0.10820245975875262,0.4405419421828948,-1.177851894974348,-0.38928402596158257,1.4316811360790147,-0.34120603631519225,-0.45564143582820127,0.29255569570563505,0.40512286080543575,0.9841231756854657,0
-0.12657084635623306,-1.1099901739376037,1.5251962127575889,-0.5598802297926005,-0.06640278899360229,0.9048055324001227,-0.2507203421941191,-1.461440576166749,0.954537122756886,0.4617277333253637,0.03455021005991044,-0.686188918205147,-1.0161329645585022,1
-0.12657084635623306,0.9009088760241706,0.8491410419312149,-0.5525051898077816,-0.23538436605243465,0.9048055324001227,-0.2507203421941191,0.853056793629862,-1.0427871768490378,0.4617277333253637,0.8085666669970842,-2.531497926350314,-1.0161329645585022,1
0.0428782422044723,-1.1099901739376037,-1.179024470547907,-0.4325305029455341,0.2715603651240624,0.9048055324001227,-0.2507203421941191,0.853056793629862,-1.6705176710108995,0.1177142948927768,0.8085666669970842,0.3455967637684949,0.9841231756854657,0
0.0428782422044723,0.9009088760241706,-1.179024470547907,-0.10690748485777798,0.10257878806523006,-1.177851894974348,-0.5674373336626071,-0.8828162337175963,-1.6839450612603513,-0.6849837281165926,0.5505611813513597,-0.8250831446246757,0.9841231756854657,0
0.38177641932588297,-1.1099901739376037,-0.502969299721533,-0.43126711279824176,0.7785050963005594,0.9048055324001227,-0.2507203421941191,1.4316811360790147,1.8407448792206904,0.1177142948927768,-0.22345527558581418,0.8614896047553159,-1.0161329645585022,0
0.890123685007999,-1.1099901739376037,-0.502969299721533,-0.11076082480701958,1.1164682504182242,-1.177851894974348,-0.7257958293968509,-1.461440576166749,-1.8752853723150364,-0.7996548742607882,0.29255569570563505,1.0599099282117854,-1.0161329645585022,0
0.0428782422044723,-1.1099901739376037,-1.179024470547907,-0.10523349291261565,0.10257878806523006,-1.177851894974348,0.8577891279455886,-1.461440576166749,0.3301634761573873,0.6910700256137552,0.03455021005991044,-1.4600281796853785,0.9841231756854657,0
-0.12657084635623306,0.9009088760241706,-0.502969299721533,-0.4317882612339998,-0.911310674287764,0.9048055324001227,-0.2507203421941191,0.2744324511807092,0.561785957960427,0.1177142948927768,0.03455021005991044,0.3654387961141419,0.9841231756854657,0
0.890123685007999,-1.1099901739376037,-1.179024470547907,-0.4267347006448305,1.1164682504182242,0.9048055324001227,-0.2507203421941191,-0.8828162337175963,-0.33784918875282943,0.1177142948927768,0.5505611813513597,0.821805540064022,0.9841231756854657,0
-0.12657084635623306,0.9009088760241706,-1.179024470547907,-0.11143989701118921,-0.7423290972289317,-1.177851894974348,0.06599664927436881,0.853056793629862,-1.1804179269059165,0.003043148748581378,0.29255569570563505,-1.9759210206721993,0.9841231756854657,0
0.890123685007999,0.9009088760241706,1.5251962127575889,-0.10992382883443842,0.4405419421828948,-1.177851894974348,-0.4090788379283631,0.2744324511807092,-1.8752853723150364,-0.45564143582820127,0.5505611813513597,0.08765034327508442,0.9841231756854657,0
0.5512255078865883,0.9009088760241706,-0.502969299721533,-0.1092763413839511,0.7785050963005594,-1.177851894974348,-0.4882580857954851,-0.3041918912684436,-0.005521280078902488,-0.570312581972397,-0.22345527558581418,1.258330251668255,-1.0161329645585022,0
-0.12657084635623306,0.9009088760241706,-0.502969299721533,-0.22479757797699323,-0.7423290972289317,-1.177851894974348,0.38271364074285674,0.853056793629862,1.8407448792206904,0.4617277333253637,-0.22345527558581418,1.5758027691986063,-1.0161329645585022,1
0.890123685007999,-1.1099901739376037,1.5251962127575889,-0.4144482314624126,0.9474866733593919,0.9048055324001227,-0.2507203421941191,1.4316811360790147,2.17642963545698,0.1177142948927768,0.5505611813513597,1.1789621222856672,-1.0161329645585022,0
-0.12657084635623306,-1.1099901739376037,0.17308587110484092,-0.1114083122575069,-0.23538436605243465,-1.177851894974348,-0.9474977234247925,-1.461440576166749,-1.8752853723150364,-1.0289971665491795,0.8085666669970842,0.008282213892496587,0.9841231756854657,0
1.2290218621294098,-1.1099901739376037,0.17308587110484092,-0.5188516347592823,1.4544314045358888,0.9048055324001227,-0.2507203421941191,0.2744324511807092,2.3778404891987543,0.3470565871811683,0.29255569570563505,1.5956448015442533,-1.0161329645585022,1
0.38177641932588297,-1.1099901739376037,-1.179024470547907,-0.11126618086593651,0.4405419421828948,-1.177851894974348,-0.8643595131643145,-1.461440576166749,-1.6839450612603513,-0.9143260204049839,-0.22345527558581418,0.821805540064022,0.9841231756854657,0
0.0428782422044723,0.9009088760241706,-1.179024470547907,-0.10815508262822916,0.4405419421828948,-1.177851894974348,-0.8643595131643145,-1.461440576166749,-0.34120603631519225,-0.9143260204049839,1.066572152642809,0.2463866020402601,-1.0161329645585022,0
0.5512255078865883,0.9009088760241706,0.8491410419312149,-0.2233920564381305,0.7785050963005594,-1.177851894974348,0.8577891279455886,0.2744324511807092,-0.8447331706696268,1.035083464046342,0.03455021005991044,-0.6266628211682062,-1.0161329645585022,1
0.5512255078865883,-1.1099901739376037,0.17308587110484092,-0.3902701025186057,0.7785050963005594,0.9048055324001227,-0.2507203421941191,-1.461440576166749,-0.005521280078902488,0.003043148748581378,1.066572152642809,-1.8767108589439645,-1.0161329645585022,0
0.7206745964472937,-1.1099901739376037,-0.502969299721533,-0.39732929496660163,0.7785050963005594,0.9048055324001227,-0.2507203421941191,0.2744324511807092,-1.1233515183457474,0.1177142948927768,-0.22345527558581418,0.7225953783357871,-1.0161329645585022,0
0.0428782422044723,-1.1099901739376037,-0.502969299721533,-0.5038488767601859,-0.5733475201700994,0.9048055324001227,-0.2507203421941191,0.2744324511807092,1.3103629643673533,0.3470565871811683,0.29255569570563505,-0.011559818453150373,-1.0161329645585022,1
0.21232733076517762,-1.1099901739376037,1.5251962127575889,-0.09757419014465592,0.4405419421828948,-1.177851894974348,0.06599664927436881,0.2744324511807092,0.001192415045823164,0.003043148748581378,0.8085666669970842,1.1392780575943733,-1.0161329645585022,0
0.0428782422044723,0.9009088760241706,-1.179024470547907,-0.11456678762573771,-0.23538436605243465,0.21058638994196582,-0.4090788379283631,1.4316811360790147,0.03476089066945202,-0.45564143582820127,-0.22345527558581418,-1.0433455004267922,0.9841231756854657,0
0.7206745964472937,0.9009088760241706,1.5251962127575889,-0.3907912509543638,1.1164682504182242,0.9048055324001227,-0.2507203421941191,0.2744324511807092,0.001192415045823164,0.1177142948927768,-0.22345527558581418,0.26622863438590705,0.9841231756854657,0
-0.12657084635623306,-1.1099901739376037,-0.502969299721533,-0.3955131716298689,-0.23538436605243465,0.9048055324001227,-0.2507203421941191,0.2744324511807092,0.954537122756886,0.1177142948927768,1.066572152642809,0.3654387961141419,0.9841231756854657,0
0.21232733076517762,0.9009088760241706,-1.179024470547907,-0.10491764537579257,0.4405419421828948,-1.177851894974348,-0.7257958293968509,-0.8828162337175963,-1.1233515183457474,-0.7996548742607882,1.066572152642809,0.9408577341379036,-1.0161329645585022,0
0.5512255078865883,0.9009088760241706,0.8491410419312149,-0.10496502250631604,0.4405419421828948,-1.177851894974348,0.8577891279455886,-0.8828162337175963,0.561785957960427,0.6910700256137552,0.03455021005991044,-0.40840046536608954,0.9841231756854657,0
0.21232733076517762,-1.1099901739376037,0.8491410419312149,-0.38929097515445416,0.10257878806523006,0.9048055324001227,-0.2507203421941191,0.2744324511807092,0.3939435798422821,0.003043148748581378,-0.22345527558581418,-0.8647672093159696,0.9841231756854657,0
0.5512255078865883,-1.1099901739376037,-1.179024470547907,-0.10843934541136993,0.4405419421828948,-1.177851894974348,-0.4090788379283631,1.4316811360790147,0.001192415045823164,-0.45564143582820127,0.29255569570563505,-0.9838194033898514,0.9841231756854657,0
0.890123685007999,-1.1099901739376037,0.8491410419312149,-0.387838076485068,1.1164682504182242,0.9048055324001227,-0.2507203421941191,0.853056793629862,0.5114332445249834,0.003043148748581378,0.03455021005991044,1.298014316359549,-1.0161329645585022,0
0.21232733076517762,-1.1099901739376037,-1.179024470547907,-0.10662322207463722,0.6095235192417271,-1.177851894974348,-0.7257958293968509,1.4316811360790147,-1.1233515183457474,-0.7996548742607882,1.066572152642809,0.4249648931510827,-1.0161329645585022,0
0.0428782422044723,0.9009088760241706,0.8491410419312149,-0.10921317187658648,0.10257878806523006,-1.177851894974348,-0.5674373336626071,0.853056793629862,0.001192415045823164,-0.6849837281165926,-0.22345527558581418,0.6630692812988462,-1.0161329645585022,0
0.38177641932588297,0.9009088760241706,-0.502969299721533,-0.11031863825546727,0.2715603651240624,-1.177851894974348,0.8577891279455886,-1.461440576166749,-0.08944246913797492,0.8057411717579506,-0.22345527558581418,-1.6981325678331418,0.9841231756854657,0
0.21232733076517762,0.9009088760241706,0.8491410419312149,-0.10526507766629796,-0.23538436605243465,-1.177851894974348,-0.17154109432699713,0.853056793629862,-1.371758237960602,-0.2262991435398101,0.03455021005991044,-0.13061201252703214,0.9841231756854657,0
0.5512255078865883,0.9009088760241706,1.5251962127575889,-0.3751094207510978,0.4405419421828948,0.9048055324001227,-0.2507203421941191,0.853056793629862,0.001192415045823164,0.003043148748581378,0.8085666669970842,0.4249648931510827,-1.0161329645585022,0
0.38177641932588297,-1.1099901739376037,-0.502969299721533,-0.3737828610964409,0.2715603651240624,0.9048055324001227,-0.2507203421941191,-1.461440576166749,-1.2979075915886182,0.003043148748581378,1.066572152642809,0.4844909901880236,-1.0161329645585022,0
-0.12657084635623306,-1.1099901739376037,1.5251962127575889,-0.3746040646921809,-0.23538436605243465,0.9048055324001227,-0.2507203421941191,0.2744324511807092,0.11868207972852446,0.003043148748581378,0.5505611813513597,0.2463866020402601,0.9841231756854657,0
-0.12657084635623306,-1.1099901739376037,-0.502969299721533,-0.4852928339718299,-0.23538436605243465,0.9048055324001227,-0.2507203421941191,1.4316811360790147,1.5587696839822078,0.23238544103697253,0.03455021005991044,0.06780831092943747,-1.0161329645585022,1
0.5512255078865883,0.9009088760241706,-1.179024470547907,-0.3567744712385179,0.7785050963005594,0.9048055324001227,-0.2507203421941191,-0.8828162337175963,0.001192415045823164,0.003043148748581378,0.5505611813513597,-1.5592383414136133,0.9841231756854657,0
-0.12657084635623306,-1.1099901739376037,-0.502969299721533,-0.10886573958608109,-0.06640278899360229,-1.177851894974348,-1.2008713165995828,-0.8828162337175963,-1.2475548781531747,-1.2583394588375707,0.29255569570563505,0.40512286080543575,0.9841231756854657,0
0.7206745964472937,-1.1099901739376037,-0.502969299721533,-0.35600064477330134,0.6095235192417271,0.9048055324001227,-0.2507203421941191,-0.8828162337175963,-0.811164695045998,0.003043148748581378,0.8085666669970842,-0.07108591549009124,0.9841231756854657,0
-0.12657084635623306,-1.1099901739376037,-0.502969299721533,-0.4697215504064519,-0.404365943111267,0.9048055324001227,-0.2507203421941191,-1.461440576166749,0.6154955189582334,0.23238544103697253,1.066572152642809,-1.4798702120310254,-1.0161329645585022,1
0.0428782422044723,-1.1099901739376037,-1.179024470547907,-0.10553354807259759,-0.06640278899360229,0.21058638994196582,-0.4090788379283631,-0.8828162337175963,-1.1233515183457474,-0.45564143582820127,0.8085666669970842,-2.2537094735112566,0.9841231756854657,0
-0.12657084635623306,0.9009088760241706,0.8491410419312149,-0.11049235440071996,0.4405419421828948,-1.177851894974348,-0.7257958293968509,0.853056793629862,-0.46205254856025635,-0.7996548742607882,0.03455021005991044,-0.051243883144444294,-1.0161329645585022,0
0.21232733076517762,0.9009088760241706,1.5251962127575889,-0.10690748485777798,0.2715603651240624,-1.177851894974348,0.06599664927436881,-0.3041918912684436,-1.7510820125076092,0.003043148748581378,0.03455021005991044,-1.4798702120310254,0.9841231756854657,0
0.21232733076517762,-1.1099901739376037,0.8491410419312149,-0.11551433023620697,0.4405419421828948,-1.177851894974348,0.38271364074285674,-1.461440576166749,-1.2475548781531747,0.3470565871811683,0.29255569570563505,0.20670253734896618,0.9841231756854657,0
0.38177641932588297,0.9009088760241706,-1.179024470547907,-0.33591274143135336,0.6095235192417271,0.9048055324001227,-0.2507203421941191,1.4316811360790147,0.7464125738903866,0.003043148748581378,-0.22345527558581418,1.0599099282117854,0.9841231756854657,0
0.38177641932588297,-1.1099901739376037,-1.179024470547907,-0.10667059920516067,0.6095235192417271,-1.177851894974348,-0.2507203421941191,0.853056793629862,-1.1233515183457474,-0.34097028968400567,0.03455021005991044,-0.7853990799333818,0.9841231756854657,0
0.21232733076517762,-1.1099901739376037,-0.502969299721533,-0.11121880373541305,0.6095235192417271,0.21058638994196582,-0.09236184645987515,0.853056793629862,0.4107278176540969,-0.2262991435398101,1.066572152642809,1.5956448015442533,-1.0161329645585022,0
0.0428782422044723,0.9009088760241706,-1.179024470547907,-0.29365234100442505,0.4405419421828948,0.9048055324001227,-0.2507203421941191,0.2744324511807092,1.0955247203761276,-0.11162799739561437,0.8085666669970842,0.3455967637684949,0.9841231756854657,0
0.0428782422044723,0.9009088760241706,-1.179024470547907,-0.11028705350178496,-0.5733475201700994,-1.177851894974348,1.1428344202672278,-1.461440576166749,0.5382880250238866,1.035083464046342,0.29255569570563505,-0.9242933063529105,0.9841231756854657,0
-0.12657084635623306,0.9009088760241706,-0.502969299721533,-0.29565797286325163,-0.06640278899360229,0.9048055324001227,-0.2507203421941191,-0.3041918912684436,-1.0427871768490378,-0.11162799739561437,0.8085666669970842,0.286070666731554,-1.0161329645585022,0
0.890123685007999,0.9009088760241706,-0.502969299721533,-0.10957639654393303,0.7785050963005594,-1.177851894974348,-0.8841543251310949,-0.8828162337175963,-1.4993184453303918,-1.0289971665491795,0.8085666669970842,0.6630692812988462,-1.0161329645585022,0
0.21232733076517762,-1.1099901739376037,-1.179024470547907,-0.2977583589831251,0.2715603651240624,0.9048055324001227,-0.2507203421941191,1.4316811360790147,0.23617174441122635,-0.11162799739561437,0.8085666669970842,-1.0235034680811452,0.9841231756854657,0
0.0428782422044723,-1.1099901739376037,1.5251962127575889,-0.10760234943878877,-0.23538436605243465,-1.177851894974348,1.0161476236798326,-1.461440576166749,-1.4993184453303918,0.9204123179021463,0.03455021005991044,-2.154499311783022,0.9841231756854657,0
-0.12657084635623306,-1.1099901739376037,0.8491410419312149,-0.11549853785936581,-0.06640278899360229,-1.177851894974348,-0.5674373336626071,0.2744324511807092,0.7866947446387411,-0.6849837281165926,0.5505611813513597,0.38528082845978884,0.9841231756854657,0
1.2290218621294098,0.9009088760241706,-1.179024470547907,-0.1052177005357745,0.6095235192417271,-1.177851894974348,-1.2008713165995828,-1.461440576166749,-1.3751150855229646,-1.2583394588375707,0.03455021005991044,0.3654387961141419,0.9841231756854657,0
0.0428782422044723,0.9009088760241706,-0.502969299721533,-0.10963956605129764,0.6095235192417271,-1.177851894974348,0.38271364074285674,-1.461440576166749,-1.7510820125076092,0.23238544103697253,0.5505611813513597,1.694854963272488,-1.0161329645585022,0
0.0428782422044723,0.9009088760241706,-1.179024470547907,-0.29899016437673515,0.2715603651240624,0.9048055324001227,-0.2507203421941191,0.2744324511807092,1.223084927745918,-0.11162799739561437,0.8085666669970842,-0.5671367241312653,0.9841231756854657,0
0.890123685007999,0.9009088760241706,-0.502969299721533,-0.10427015792530525,0.6095235192417271,-1.177851894974348,-0.5199297849423339,0.853056793629862,-0.4654093961226198,-0.570312581972397,1.066572152642809,-0.011559818453150373,0.9841231756854657,0
0.38177641932588297,0.9009088760241706,1.5251962127575889,-0.22293407750973704,0.10257878806523006,-1.177851894974348,-0.7257958293968509,-0.8828162337175963,0.5382880250238866,-0.6849837281165926,1.066572152642809,0.5043330225336705,-1.0161329645585022,1
0.0428782422044723,0.9009088760241706,-1.179024470547907,-0.10573884897153259,-0.23538436605243465,0.21058638994196582,1.9662985980852963,-0.3041918912684436,1.0351014642535956,1.8377814870557112,0.5505611813513597,-1.0235034680811452,0.9841231756854657,0
0.0428782422044723,-1.1099901739376037,-1.179024470547907,-0.10565988708732682,0.2715603651240624,-1.177851894974348,-1.2800505644667048,0.2744324511807092,0.001192415045823164,-1.3730106049817663,0.03455021005991044,0.9606997664835506,0.9841231756854657,0
0.38177641932588297,0.9009088760241706,-0.502969299721533,-0.10427015792530525,0.2715603651240624,0.21058638994196582,1.6495816066168083,0.2744324511807092,-1.623521805137819,1.4937680486231246,-0.22345527558581418,1.1988041546313142,-1.0161329645585022,0
-0.12657084635623306,0.9009088760241706,-0.502969299721533,-0.2984532235641359,-0.23538436605243465,0.9048055324001227,-0.2507203421941191,0.2744324511807092,0.8135495251376443,-0.11162799739561437,1.066572152642809,1.3773824457421369,0.9841231756854657,0
0.0428782422044723,0.9009088760241706,-0.502969299721533,-0.2982795074188832,0.10257878806523006,0.9048055324001227,-0.2507203421941191,0.2744324511807092,-1.2979075915886182,-0.11162799739561437,0.29255569570563505,-0.40840046536608954,0.9841231756854657,0
-0.12657084635623306,-1.1099901739376037,1.5251962127575889,-0.294157697063342,-0.7423290972289317,0.9048055324001227,-0.2507203421941191,-0.8828162337175963,0.9981761410676039,-0.11162799739561437,0.8085666669970842,-0.5472946917856183,0.9841231756854657,0
0.7206745964472937,0.9009088760241706,-1.179024470547907,-0.29704770202527314,0.7785050963005594,0.9048055324001227,-0.2507203421941191,0.2744324511807092,-0.12972463988633004,-0.11162799739561437,0.5505611813513597,0.5043330225336705,0.9841231756854657,0
-0.12657084635623306,0.9009088760241706,-0.502969299721533,-0.30101158861240285,-0.06640278899360229,0.9048055324001227,-0.2507203421941191,1.4316811360790147,-1.2979075915886182,-0.11162799739561437,0.03455021005991044,-2.134657279437375,0.9841231756854657,0
0.5512255078865883,0.9009088760241706,-0.502969299721533,-0.2990375415072586,0.7785050963005594,0.9048055324001227,-0.2507203421941191,0.853056793629862,0.001192415045823164,-0.11162799739561437,0.8085666669970842,-1.6981325678331418,0.9841231756854657,0
0.7206745964472937,-1.1099901739376037,-1.179024470547907,-0.11301913469530461,1.2854498274770565,-1.177851894974348,0.8577891279455886,-0.8828162337175963,1.2835081838684501,0.8057411717579506,0.8085666669970842,1.4369085427790778,-1.0161329645585022,0
0.0428782422044723,-1.1099901739376037,-0.502969299721533,-0.2988322406083236,0.2715603651240624,0.9048055324001227,-0.2507203421941191,-0.3041918912684436,1.417782086362966,-0.11162799739561437,0.8085666669970842,1.5758027691986063,0.9841231756854657,0
0.0428782422044723,0.9009088760241706,0.8491410419312149,-0.11020809161757919,0.4405419421828948,0.21058638994196582,0.06599664927436881,1.4316811360790147,0.001192415045823164,0.003043148748581378,0.29255569570563505,1.278172284013902,0.9841231756854657,0
0.38177641932588297,-1.1099901739376037,0.8491410419312149,-0.10452283595476372,0.9474866733593919,-1.177851894974348,-1.240460940533144,0.853056793629862,-0.34120603631519225,-1.3730106049817663,0.5505611813513597,-0.20998014190961997,-1.0161329645585022,0
1.2290218621294098,-1.1099901739376037,-0.502969299721533,-0.2751278829697513,0.7785050963005594,0.9048055324001227,-0.2507203421941191,-1.461440576166749,0.7061304031420315,-0.11162799739561437,1.066572152642809,0.5440170872249644,0.9841231756854657,0
0.0428782422044723,-1.1099901739376037,-1.179024470547907,-0.27496995920133976,0.2715603651240624,0.9048055324001227,-0.2507203421941191,-0.3041918912684436,-0.46205254856025635,-0.11162799739561437,0.8085666669970842,-2.114815247091728,0.9841231756854657,0
0.0428782422044723,-1.1099901739376037,0.8491410419312149,-0.1094500575292038,0.2715603651240624,-1.177851894974348,-0.3298995900612411,-0.3041918912684436,-1.7510820125076092,-0.45564143582820127,0.5505611813513597,0.06780831092943747,0.9841231756854657,0
0.7206745964472937,0.9009088760241706,1.5251962127575889,-0.27408558609823513,0.7785050963005594,0.9048055324001227,-0.2507203421941191,-0.3041918912684436,-1.173704231781191,-0.11162799739561437,1.066572152642809,-1.102871597463733,-1.0161329645585022,0
0.0428782422044723,0.9009088760241706,-1.179024470547907,-0.25668238681928335,0.2715603651240624,0.9048055324001227,-0.2507203421941191,1.4316811360790147,0.001192415045823164,-0.11162799739561437,0.5505611813513597,-0.09092794783573821,0.9841231756854657,0
0.38177641932588297,-1.1099901739376037,-1.179024470547907,-0.10485447586842796,0.7785050963005594,-1.177851894974348,0.0026532509806712224,-1.461440576166749,-0.34120603631519225,-0.11162799739561437,1.066572152642809,0.2463866020402601,-1.0161329645585022,0
0.0428782422044723,0.9009088760241706,-0.502969299721533,-0.11245060912902308,0.4405419421828948,-1.177851894974348,-0.7574675285436998,-0.3041918912684436,0.001192415045823164,-0.7996548742607882,0.8085666669970842,-1.3806600503027906,-1.0161329645585022,0
0.38177641932588297,-1.1099901739376037,-0.502969299721533,-0.26402584205041996,0.6095235192417271,0.9048055324001227,-0.2507203421941191,-1.461440576166749,0.03476089066945202,-0.11162799739561437,0.5505611813513597,0.6829113136444932,-1.0161329645585022,0
0.5512255078865883,-1.1099901739376037,-0.502969299721533,-0.2587196034317922,0.2715603651240624,0.9048055324001227,-0.2507203421941191,1.4316811360790147,-1.173704231781191,-0.11162799739561437,-0.22345527558581418,-0.24966420660091387,-1.0161329645585022,0
0.0428782422044723,-1.1099901739376037,-0.502969299721533,-0.25248161457953633,0.2715603651240624,0.9048055324001227,-0.2507203421941191,0.853056793629862,-1.173704231781191,-0.11162799739561437,0.03455021005991044,-0.7457150152420878,-1.0161329645585022,0
0.21232733076517762,0.9009088760241706,0.8491410419312149,-0.11022388399442035,0.2715603651240624,-1.177851894974348,-1.1375279183058853,-0.8828162337175963,-0.0860856215756121,-1.2583394588375707,0.8085666669970842,0.305912699077201,0.9841231756854657,0
-0.12657084635623306,-1.1099901739376037,-0.502969299721533,-0.10608628126203798,-0.23538436605243465,0.21058638994196582,-0.8841543251310949,1.4316811360790147,0.9981761410676039,-1.0289971665491795,0.29255569570563505,-0.24966420660091387,-1.0161329645585022,0
0.5512255078865883,-1.1099901739376037,1.5251962127575889,-0.10843934541136993,0.10257878806523006,-1.177851894974348,-0.7099599798234266,-1.461440576166749,-0.0860856215756121,-0.7996548742607882,0.5505611813513597,-1.3012919209202027,0.9841231756854657,0
0.21232733076517762,-1.1099901739376037,1.5251962127575889,-0.10572305659469143,-0.06640278899360229,-1.177851894974348,-0.3774071387815143,0.853056793629862,-1.0495008719737637,-0.45564143582820127,0.29255569570563505,-0.15045404487267908,0.9841231756854657,0
0.890123685007999,-1.1099901739376037,-0.502969299721533,-0.23724197092782265,0.6095235192417271,0.9048055324001227,-0.2507203421941191,0.2744324511807092,-0.37813135950118393,-0.2262991435398101,1.066572152642809,-0.36871640067479566,0.9841231756854657,0
-0.12657084635623306,-1.1099901739376037,-0.502969299721533,-0.10727070952512453,-0.23538436605243465,0.21058638994196582,0.06599664927436881,1.4316811360790147,-0.21028898138303903,0.003043148748581378,0.03455021005991044,1.258330251668255,0.9841231756854657,0
0.0428782422044723,-1.1099901739376037,-1.179024470547907,-0.22260243759607282,-0.5733475201700994,0.9048055324001227,-0.2507203421941191,-1.461440576166749,1.417782086362966,-0.2262991435398101,0.8085666669970842,1.1194360252487263,0.9841231756854657,0
-0.12657084635623306,0.9009088760241706,-1.179024470547907,-0.22039150483831124,-0.23538436605243465,0.9048055324001227,-0.2507203421941191,0.2744324511807092,0.9377528849450718,-0.2262991435398101,-0.22345527558581418,0.46464895784237664,0.9841231756854657,0
0.7206745964472937,-1.1099901739376037,-1.179024470547907,-0.33596011856187685,0.4405419421828948,0.9048055324001227,-0.2507203421941191,-0.3041918912684436,1.1458774338115711,0.003043148748581378,0.5505611813513597,1.2186461869769611,-1.0161329645585022,1
-0.12657084635623306,0.9009088760241706,-0.502969299721533,-0.20774181098854683,0.10257878806523006,0.9048055324001227,-0.2507203421941191,1.4316811360790147,0.16232109803924238,-0.2262991435398101,0.03455021005991044,0.6630692812988462,0.9841231756854657,0
0.38177641932588297,0.9009088760241706,1.5251962127575889,-0.2200914496783293,0.4405419421828948,-1.177851894974348,0.38271364074285674,-1.461440576166749,1.5352717510456675,0.4617277333253637,-0.22345527558581418,-0.17029607721832604,-1.0161329645585022,1
0.38177641932588297,0.9009088760241706,0.8491410419312149,-0.20308305982040636,-0.23538436605243465,0.9048055324001227,-0.2507203421941191,-1.461440576166749,-1.7510820125076092,-0.2262991435398101,1.066572152642809,-1.0830295651180861,0.9841231756854657,0
0.5512255078865883,0.9009088760241706,1.5251962127575889,-0.11131355799645998,0.7785050963005594,-1.177851894974348,-0.12403354560672394,1.4316811360790147,-1.173704231781191,-0.2262991435398101,0.8085666669970842,0.14717644031202531,0.9841231756854657,0
0.0428782422044723,-1.1099901739376037,-0.502969299721533,-0.11137672750382459,-0.23538436605243465,-1.177851894974348,0.0026532509806712224,0.2744324511807092,-1.173704231781191,-0.11162799739561437,1.066572152642809,1.1789621222856672,-1.0161329645585022,0
0.7206745964472937,-1.1099901739376037,-1.179024470547907,-0.2125269011714165,0.9474866733593919,0.9048055324001227,-0.2507203421941191,-0.3041918912684436,0.001192415045823164,-0.2262991435398101,0.5505611813513597,-3.087074832028429,0.9841231756854657,0
0.21232733076517762,0.9009088760241706,1.5251962127575889,-0.10938688802183918,-0.06640278899360229,0.21058638994196582,0.0026532509806712224,0.2744324511807092,1.1223795008750308,-0.11162799739561437,0.03455021005991044,-0.15045404487267908,-1.0161329645585022,0
0.7206745964472937,0.9009088760241706,-0.502969299721533,-0.20175650016574942,-0.06640278899360229,0.9048055324001227,-0.2507203421941191,0.853056793629862,-0.33784918875282943,-0.2262991435398101,0.8085666669970842,1.754381060309429,0.9841231756854657,0
-0.12657084635623306,-1.1099901739376037,1.5251962127575889,-0.20112480509210326,-0.06640278899360229,0.9048055324001227,-0.2507203421941191,-0.3041918912684436,-1.2475548781531747,-0.2262991435398101,0.8085666669970842,0.08765034327508442,0.9841231756854657,0
0.21232733076517762,0.9009088760241706,0.8491410419312149,-0.10766551894615338,0.2715603651240624,-1.177851894974348,0.6202513843442227,0.853056793629862,-1.173704231781191,0.4617277333253637,0.29255569570563505,0.7424374106814341,-1.0161329645585022,0
-0.12657084635623306,-1.1099901739376037,-1.179024470547907,-0.11101350283647805,0.10257878806523006,-1.177851894974348,-0.2507203421941191,1.4316811360790147,-1.0495008719737637,-0.34097028968400567,0.5505611813513597,-0.9242933063529105,-1.0161329645585022,0
-0.12657084635623306,-1.1099901739376037,-0.502969299721533,-0.10782344271456493,-0.404365943111267,-1.177851894974348,0.8577891279455886,-0.3041918912684436,0.2865244578466693,0.8057411717579506,0.5505611813513597,-0.38855843302044263,-1.0161329645585022,0
0.0428782422044723,-1.1099901739376037,-1.179024470547907,-0.11046076964703766,-0.7423290972289317,0.21058638994196582,0.38271364074285674,0.2744324511807092,-1.173704231781191,0.23238544103697253,-0.22345527558581418,-1.4600281796853785,0.9841231756854657,0
0.7206745964472937,-1.1099901739376037,-1.179024470547907,-0.1108555790680665,1.4544314045358888,-1.177851894974348,0.8577891279455886,-0.8828162337175963,0.2865244578466693,0.8057411717579506,0.03455021005991044,-1.7973427295613766,-1.0161329645585022,0
-0.12657084635623306,0.9009088760241706,-0.502969299721533,-0.204172733822446,-0.23538436605243465,0.9048055324001227,-0.2507203421941191,0.2744324511807092,0.27645391515958084,-0.2262991435398101,0.8085666669970842,1.1789621222856672,0.9841231756854657,0
0.38177641932588297,-1.1099901739376037,-1.179024470547907,-0.10894470147028687,0.4405419421828948,0.21058638994196582,-0.5674373336626071,1.4316811360790147,1.286865031430813,-0.6849837281165926,0.03455021005991044,0.38528082845978884,-1.0161329645585022,0
0.0428782422044723,0.9009088760241706,0.8491410419312149,-0.22343943356865398,0.4405419421828948,0.21058638994196582,-0.4882580857954851,-1.461440576166749,1.8273174889712391,-0.45564143582820127,0.03455021005991044,-1.0235034680811452,-1.0161329645585022,1
1.0595727735687044,0.9009088760241706,-0.502969299721533,-0.10665480682831951,0.10257878806523006,-1.177851894974348,-1.121692068732461,0.2744324511807092,1.2465828606824585,-1.2583394588375707,-0.22345527558581418,-1.4600281796853785,0.9841231756854657,0
0.5512255078865883,0.9009088760241706,1.5251962127575889,-0.20703115403069489,-0.06640278899360229,0.9048055324001227,-0.2507203421941191,0.2744324511807092,0.7229146409538463,-0.2262991435398101,-0.22345527558581418,1.0995939929030794,-1.0161329645585022,0
0.5512255078865883,0.9009088760241706,1.5251962127575889,-0.3058282635489548,0.2715603651240624,0.9048055324001227,-0.2507203421941191,-1.461440576166749,1.0351014642535956,-0.11162799739561437,0.5505611813513597,0.5043330225336705,-1.0161329645585022,1
0.7206745964472937,0.9009088760241706,0.8491410419312149,-0.18830139509708613,0.4405419421828948,0.9048055324001227,-0.2507203421941191,-1.461440576166749,-1.1233515183457474,-0.2262991435398101,-0.22345527558581418,0.6630692812988462,0.9841231756854657,0
-0.12657084635623306,-1.1099901739376037,-0.502969299721533,-0.18447963990152685,-0.404365943111267,0.9048055324001227,-0.2507203421941191,0.853056793629862,1.934736610966852,-0.2262991435398101,1.066572152642809,-0.9639773710442044,0.9841231756854657,0
-0.12657084635623306,-1.1099901739376037,-1.179024470547907,-0.16428118992169077,-0.404365943111267,0.9048055324001227,-0.2507203421941191,-0.3041918912684436,1.7736079279734327,-0.2262991435398101,-0.22345527558581418,0.6432272489531993,0.9841231756854657,0
0.890123685007999,0.9009088760241706,1.5251962127575889,-0.11162940553328306,1.4544314045358888,0.21058638994196582,0.06599664927436881,1.4316811360790147,0.9981761410676039,0.003043148748581378,0.29255569570563505,0.821805540064022,-1.0161329645585022,0
0.0428782422044723,0.9009088760241706,-0.502969299721533,-0.1069390696114603,-0.23538436605243465,-1.177851894974348,-0.2507203421941191,-1.461440576166749,-1.0495008719737637,-0.34097028968400567,-0.22345527558581418,-1.8965528912896115,0.9841231756854657,0
0.38177641932588297,0.9009088760241706,1.5251962127575889,-0.11281383379636961,-0.06640278899360229,-1.177851894974348,0.4223032646764177,1.4316811360790147,-1.173704231781191,0.3470565871811683,0.03455021005991044,1.0599099282117854,0.9841231756854657,0
1.2290218621294098,-1.1099901739376037,-1.179024470547907,-0.11439307148048503,1.1164682504182242,-1.177851894974348,0.38271364074285674,0.2744324511807092,-0.0860856215756121,0.3470565871811683,0.5505611813513597,0.801963507718375,0.9841231756854657,0
1.0595727735687044,0.9009088760241706,-0.502969299721533,-0.15069974583829826,0.9474866733593919,0.9048055324001227,-0.2507203421941191,0.853056793629862,0.03811773823181484,-0.34097028968400567,0.5505611813513597,-0.26950623894656084,0.9841231756854657,0
-0.12657084635623306,-1.1099901739376037,-1.179024470547907,-0.10460179783896949,0.10257878806523006,-1.177851894974348,-0.7257958293968509,0.853056793629862,1.8273174889712391,-0.7996548742607882,0.03455021005991044,1.238488219322608,0.9841231756854657,0
-0.12657084635623306,0.9009088760241706,-1.179024470547907,-0.14520399869757664,-0.404365943111267,0.9048055324001227,-0.2507203421941191,1.4316811360790147,0.11868207972852446,-0.34097028968400567,0.29255569570563505,0.9805417988291976,0.9841231756854657,0
-0.12657084635623306,0.9009088760241706,0.17308587110484092,-0.1096553584281388,0.2715603651240624,-1.177851894974348,-0.7257958293968509,0.853056793629862,-1.0495008719737637,-0.7996548742607882,-0.22345527558581418,0.8416475724096689,0.9841231756854657,0
0.890123685007999,0.9009088760241706,0.8491410419312149,-0.2215443483477155,1.2854498274770565,-1.177851894974348,1.0161476236798326,-0.8828162337175963,2.5725376478158033,1.1497546101905376,1.066572152642809,0.7027533459901402,-1.0161329645585022,1
0.21232733076517762,-1.1099901739376037,-1.179024470547907,-0.11268749478164038,0.4405419421828948,0.9048055324001227,-0.2507203421941191,-1.461440576166749,0.4745079213389917,-0.34097028968400567,0.29255569570563505,0.9011736694466097,0.9841231756854657,0
0.0428782422044723,0.9009088760241706,-1.179024470547907,-0.1085183072955757,-0.06640278899360229,-1.177851894974348,-0.963333572998217,0.853056793629862,-0.25392799969375696,-1.0289971665491795,1.066572152642809,-0.15045404487267908,-1.0161329645585022,0
-0.12657084635623306,0.9009088760241706,-1.179024470547907,-0.10469655210001641,-0.5733475201700994,-1.177851894974348,-0.7257958293968509,-0.8828162337175963,0.5785701957722418,-0.7996548742607882,0.5505611813513597,0.4249648931510827,0.9841231756854657,0
0.38177641932588297,-1.1099901739376037,0.8491410419312149,-0.11200842257747076,0.6095235192417271,-1.177851894974348,-0.34573543963466546,0.853056793629862,0.7061304031420315,-0.45564143582820127,-0.22345527558581418,0.821805540064022,0.9841231756854657,0
0.38177641932588297,-1.1099901739376037,-1.179024470547907,-0.10960798129761534,0.10257878806523006,0.9048055324001227,-0.2507203421941191,-0.3041918912684436,-1.1233515183457474,-0.34097028968400567,0.03455021005991044,-0.3488743683291487,-1.0161329645585022,0
1.2290218621294098,-1.1099901739376037,-1.179024470547907,-0.1067653534662076,0.6095235192417271,0.9048055324001227,-0.2507203421941191,-0.3041918912684436,-1.7510820125076092,-0.34097028968400567,1.066572152642809,-0.2893482712922078,0.9841231756854657,0
1.2290218621294098,-1.1099901739376037,0.8491410419312149,-0.10763393419247108,1.7923945586535535,-1.177851894974348,2.4413740852880284,-1.461440576166749,0.5785701957722418,2.2964660716324943,0.5505611813513597,-0.07108591549009124,0.9841231756854657,0
0.890123685007999,0.9009088760241706,-0.502969299721533,-0.11534061409095427,0.7785050963005594,-1.177851894974348,-0.4090788379283631,1.4316811360790147,-1.2979075915886182,-0.45564143582820127,1.066572152642809,1.5162766721616654,0.9841231756854657,0
0.21232733076517762,0.9009088760241706,1.5251962127575889,-0.10674956108936645,0.4405419421828948,0.9048055324001227,-0.2507203421941191,1.4316811360790147,0.04483143335654109,-0.34097028968400567,-0.22345527558581418,1.238488219322608,-1.0161329645585022,0
1.2290218621294098,-1.1099901739376037,1.5251962127575889,-0.10540720905786835,1.4544314045358888,0.21058638994196582,-0.7257958293968509,0.853056793629862,1.575553921794022,-0.7996548742607882,0.8085666669970842,1.694854963272488,0.9841231756854657,0
0.890123685007999,-1.1099901739376037,-1.179024470547907,-0.11117142660488959,0.6095235192417271,0.9048055324001227,-0.2507203421941191,0.853056793629862,0.5114332445249834,-0.34097028968400567,0.03455021005991044,1.0400678958661385,-1.0161329645585022,0
0.0428782422044723,0.9009088760241706,-1.179024470547907,-0.11162940553328306,0.10257878806523006,-1.177851894974348,-0.5674373336626071,0.2744324511807092,-0.005521280078902488,-0.6849837281165926,0.03455021005991044,-0.686188918205147,-1.0161329645585022,0
0.7206745964472937,-1.1099901739376037,-1.179024470547907,-0.11688826702138737,0.7785050963005594,-1.177851894974348,-0.5674373336626071,-1.461440576166749,-1.2979075915886182,-0.6849837281165926,0.8085666669970842,0.286070666731554,0.9841231756854657,0
1.2290218621294098,0.9009088760241706,0.8491410419312149,-0.39036485677965266,0.9474866733593919,0.9048055324001227,-0.6941241302500022,0.853056793629862,0.6893461653302174,-0.570312581972397,1.066572152642809,0.2463866020402601,0.9841231756854657,0
0.0428782422044723,-1.1099901739376037,-0.502969299721533,-0.2924521203644973,0.10257878806523006,0.9048055324001227,-0.6941241302500022,0.853056793629862,0.5114332445249834,-0.6849837281165926,0.5505611813513597,0.5043330225336705,-1.0161329645585022,0
1.0595727735687044,0.9009088760241706,-0.502969299721533,-0.1015380767317856,1.1164682504182242,-1.177851894974348,0.06599664927436881,0.853056793629862,-0.37813135950118393,0.003043148748581378,0.5505611813513597,1.4170665104334308,-1.0161329645585022,0
0.21232733076517762,-1.1099901739376037,-0.502969299721533,-0.2247028237159463,0.2715603651240624,-1.177851894974348,2.4413740852880284,0.853056793629862,3.018998373610068,2.7551506562092767,0.5505611813513597,0.6432272489531993,-1.0161329645585022,1
0.890123685007999,0.9009088760241706,-1.179024470547907,-0.11169257504064767,0.9474866733593919,-1.177851894974348,1.1745061194140765,1.4316811360790147,1.6997572816014495,1.035083464046342,-0.22345527558581418,0.5043330225336705,-1.0161329645585022,0
1.0595727735687044,0.9009088760241706,-1.179024470547907,-0.10941847277552148,0.9474866733593919,-1.177851894974348,0.06599664927436881,0.853056793629862,0.11868207972852446,0.003043148748581378,0.29255569570563505,0.4448069254967297,-1.0161329645585022,0
0.21232733076517762,-1.1099901739376037,1.5251962127575889,0.1735177507105951,0.4405419421828948,0.9048055324001227,-0.6941241302500022,-0.3041918912684436,-0.0860856215756121,-0.9143260204049839,0.5505611813513597,1.0797519605574324,0.9841231756854657,0
0.0428782422044723,-1.1099901739376037,-1.179024470547907,-0.7719560583924588,0.10257878806523006,0.9048055324001227,-0.6980830926433583,-0.3041918912684436,2.491973306319093,0.3470565871811683,0.03455021005991044,-0.30919030363785477,-1.0161329645585022,1
0.21232733076517762,-1.1099901739376037,-1.179024470547907,-0.10155386910862675,0.9474866733593919,0.21058638994196582,-1.359229812333827,1.4316811360790147,-1.4254677989584081,-1.487681751125962,0.5505611813513597,0.7424374106814341,0.9841231756854657,0
1.2290218621294098,-1.1099901739376037,-0.502969299721533,-0.10818666738191146,0.9474866733593919,-1.177851894974348,0.38271364074285674,-1.461440576166749,0.7061304031420315,0.23238544103697253,0.8085666669970842,-0.9441353386985575,0.9841231756854657,0
0.0428782422044723,-1.1099901739376037,1.5251962127575889,-0.10747601042405953,0.10257878806523006,0.21058638994196582,1.6495816066168083,0.2744324511807092,0.001192415045823164,1.4937680486231246,-0.22345527558581418,0.20670253734896618,0.9841231756854657,0
0.38177641932588297,-1.1099901739376037,0.8491410419312149,-0.10730229427880685,0.6095235192417271,-1.177851894974348,-0.5674373336626071,-1.461440576166749,0.5785701957722418,-0.6849837281165926,0.03455021005991044,1.1988041546313142,0.9841231756854657,0
1.2290218621294098,-1.1099901739376037,-1.179024470547907,-0.49244678068087266,1.7923945586535535,0.9048055324001227,-0.7099599798234266,-1.461440576166749,0.9108981044461687,-0.45564143582820127,-0.22345527558581418,0.6630692812988462,-1.0161329645585022,0
-0.12657084635623306,-1.1099901739376037,-0.502969299721533,-0.10809191312086454,-0.23538436605243465,-1.177851894974348,0.06599664927436881,-0.3041918912684436,0.5114332445249834,0.003043148748581378,1.066572152642809,0.18686050500331922,0.9841231756854657,0
-0.12657084635623306,0.9009088760241706,-0.502969299721533,-0.10766551894615338,-0.7423290972289317,-1.177851894974348,-0.5674373336626071,0.853056793629862,0.15896425047687956,-0.6849837281165926,0.5505611813513597,0.801963507718375,0.9841231756854657,0
0.21232733076517762,-1.1099901739376037,0.8491410419312149,-0.3507575756620382,0.2715603651240624,0.9048055324001227,-0.7099599798234266,-1.461440576166749,0.2865244578466693,-0.570312581972397,0.29255569570563505,0.028124246238143545,0.9841231756854657,0
-0.12657084635623306,-1.1099901739376037,-1.179024470547907,-0.26423114294935496,-0.06640278899360229,0.9048055324001227,-0.7099599798234266,-0.3041918912684436,-0.21364582894540246,-0.6849837281165926,0.8085666669970842,0.286070666731554,0.9841231756854657,0
0.5512255078865883,-1.1099901739376037,-1.179024470547907,-0.08893576001254463,0.4405419421828948,0.9048055324001227,-0.7099599798234266,-1.461440576166749,0.16232109803924238,-0.7996548742607882,0.5505611813513597,-1.5790803737592602,0.9841231756854657,0
0.5512255078865883,-1.1099901739376037,0.8491410419312149,-0.8688896674434626,-0.06640278899360229,0.9048055324001227,-0.7139189422167826,-1.461440576166749,0.5147900920873463,0.6910700256137552,1.066572152642809,-1.4600281796853785,0.9841231756854657,0
0.7206745964472937,0.9009088760241706,-1.179024470547907,-0.11407722394366195,0.7785050963005594,-1.177851894974348,0.5806617604106616,0.853056793629862,0.27645391515958084,0.4617277333253637,1.066572152642809,-0.5274526594399713,0.9841231756854657,0
0.38177641932588297,-1.1099901739376037,0.8491410419312149,-0.11109246472068382,-0.06640278899360229,-1.177851894974348,-0.5674373336626071,-0.3041918912684436,-0.6936750303632967,-0.6849837281165926,0.5505611813513597,0.5440170872249644,-1.0161329645585022,0
0.5512255078865883,0.9009088760241706,1.5251962127575889,-0.11126618086593651,0.6095235192417271,0.21058638994196582,2.3226052134873454,-0.8828162337175963,0.3939435798422821,2.1817949254882985,0.29255569570563505,-0.22982217425526694,0.9841231756854657,0
0.21232733076517762,-1.1099901739376037,-0.502969299721533,-0.11278224904268731,0.2715603651240624,0.21058638994196582,1.0161476236798326,-0.3041918912684436,1.676259348664909,0.9204123179021463,0.5505611813513597,0.821805540064022,0.9841231756854657,0
0.21232733076517762,-1.1099901739376037,-0.502969299721533,-0.10952901941340956,0.4405419421828948,-1.177851894974348,0.8577891279455886,-1.461440576166749,0.6255660616453219,0.8057411717579506,-0.22345527558581418,1.1789621222856672,0.9841231756854657,0
0.21232733076517762,0.9009088760241706,0.8491410419312149,-0.2968108163726559,0.4405419421828948,0.9048055324001227,-0.7178779046101388,-1.461440576166749,0.5785701957722418,-0.6849837281165926,-0.22345527558581418,0.7424374106814341,-1.0161329645585022,0
0.21232733076517762,-1.1099901739376037,-1.179024470547907,-0.10847093016505224,0.2715603651240624,-1.177851894974348,1.6495816066168083,-0.3041918912684436,0.5114332445249834,1.4937680486231246,0.29255569570563505,-0.26950623894656084,-1.0161329645585022,0
-0.12657084635623306,-1.1099901739376037,-1.179024470547907,-1.0186013998976033,0.4405419421828948,0.9048055324001227,-0.7257958293968509,0.2744324511807092,-0.8447331706696268,2.0671237793441026,1.066572152642809,0.2463866020402601,-1.0161329645585022,1
1.0595727735687044,0.9009088760241706,-0.502969299721533,-0.9770358640516857,0.9474866733593919,0.9048055324001227,-0.7257958293968509,0.853056793629862,0.7866947446387411,1.6084391947673204,1.066572152642809,1.794065125000723,-1.0161329645585022,1
0.21232733076517762,0.9009088760241706,1.5251962127575889,-0.9735141640161084,-0.06640278899360229,0.9048055324001227,-0.7257958293968509,-0.3041918912684436,0.3939435798422821,1.4937680486231246,-0.22345527558581418,1.258330251668255,-1.0161329645585022,1
0.5512255078865883,0.9009088760241706,-0.502969299721533,-0.960659169267409,0.10257878806523006,0.9048055324001227,-0.7257958293968509,-0.8828162337175963,0.001192415045823164,1.379096902478929,1.066572152642809,-2.531497926350314,-1.0161329645585022,1
1.2290218621294098,0.9009088760241706,1.5251962127575889,-0.10959218892077419,1.6234129815947211,0.21058638994196582,2.2830155895537843,0.853056793629862,0.5114332445249834,2.1817949254882985,0.8085666669970842,0.46464895784237664,-1.0161329645585022,0
0.21232733076517762,-1.1099901739376037,-0.502969299721533,-0.22509763313697514,0.2715603651240624,-1.177851894974348,0.8261174287987398,0.2744324511807092,1.4446368668618692,1.035083464046342,1.066572152642809,0.08765034327508442,-1.0161329645585022,1
0.0428782422044723,0.9009088760241706,-0.502969299721533,-0.9663602173070656,0.10257878806523006,0.9048055324001227,-0.7257958293968509,0.853056793629862,-1.2106295549671826,1.4937680486231246,0.8085666669970842,1.4964346398160184,-1.0161329645585022,1
0.0428782422044723,-1.1099901739376037,0.8491410419312149,-0.1085183072955757,0.6095235192417271,-1.177851894974348,0.8577891279455886,0.2744324511807092,-0.6936750303632967,0.8057411717579506,0.8085666669970842,-0.4877685947486774,0.9841231756854657,0
0.7206745964472937,0.9009088760241706,-1.179024470547907,-0.9487359247523376,1.1164682504182242,0.9048055324001227,-0.7257958293968509,-0.3041918912684436,-1.8752853723150364,1.2644257563347332,-0.22345527558581418,-0.9242933063529105,-1.0161329645585022,1
0.0428782422044723,0.9009088760241706,-0.502969299721533,-0.9535999768194131,-0.404365943111267,0.9048055324001227,-0.7257958293968509,-0.3041918912684436,-0.21364582894540246,1.379096902478929,0.8085666669970842,-1.12271362980938,-1.0161329645585022,1
0.0428782422044723,0.9009088760241706,1.5251962127575889,-0.10843934541136993,-0.23538436605243465,-0.4836327525161911,1.0161476236798326,0.853056793629862,0.3939435798422821,0.9204123179021463,0.8085666669970842,0.4844909901880236,-1.0161329645585022,0
0.0428782422044723,-1.1099901739376037,-1.179024470547907,-0.9447562457883668,0.4405419421828948,0.9048055324001227,-0.7257958293968509,-1.461440576166749,1.8273174889712391,1.2644257563347332,0.29255569570563505,0.008282213892496587,-1.0161329645585022,1
0.21232733076517762,-1.1099901739376037,1.5251962127575889,-0.11336656698581,0.10257878806523006,-1.177851894974348,1.0161476236798326,-0.3041918912684436,1.327147202179168,0.9204123179021463,0.03455021005991044,0.38528082845978884,0.9841231756854657,0
1.2290218621294098,0.9009088760241706,-0.502969299721533,-0.1060073193778322,1.2854498274770565,-1.177851894974348,2.4413740852880284,-0.8828162337175963,1.4446368668618692,2.2964660716324943,0.03455021005991044,0.40512286080543575,0.9841231756854657,0
0.21232733076517762,-1.1099901739376037,-0.502969299721533,-0.9218730917455346,0.6095235192417271,0.9048055324001227,-0.7257958293968509,-0.3041918912684436,-1.371758237960602,1.035083464046342,1.066572152642809,1.0797519605574324,-1.0161329645585022,1
0.7206745964472937,0.9009088760241706,-0.502969299721533,-0.9289480765703716,1.1164682504182242,0.9048055324001227,-0.7257958293968509,0.853056793629862,-1.2475548781531747,1.1497546101905376,0.8085666669970842,0.5043330225336705,-1.0161329645585022,1
0.38177641932588297,-1.1099901739376037,-1.179024470547907,-0.11523006745306619,0.4405419421828948,-1.177851894974348,0.8577891279455886,-0.8828162337175963,1.4446368668618692,0.8057411717579506,0.8085666669970842,-1.0631875327724392,0.9841231756854657,0
0.7206745964472937,0.9009088760241706,-0.502969299721533,-0.928474305265137,0.2715603651240624,0.9048055324001227,-0.7257958293968509,0.853056793629862,1.1223795008750308,1.1497546101905376,0.29255569570563505,0.5241750548793175,-1.0161329645585022,1
-0.12657084635623306,0.9009088760241706,-0.502969299721533,-0.11215055396904114,-0.5733475201700994,-1.177851894974348,-0.5674373336626071,0.2744324511807092,-0.6936750303632967,-0.6849837281165926,1.066572152642809,-0.6068207888225592,0.9841231756854657,0
0.21232733076517762,0.9009088760241706,0.17308587110484092,-0.9102656947672862,0.2715603651240624,0.9048055324001227,-0.7257958293968509,-0.8828162337175963,0.7061304031420315,0.9204123179021463,1.066572152642809,0.7622794430270811,-1.0161329645585022,1
0.0428782422044723,0.9009088760241706,1.5251962127575889,-0.8914253891957895,0.4405419421828948,0.9048055324001227,-0.7257958293968509,0.2744324511807092,0.001192415045823164,0.8057411717579506,0.8085666669970842,-1.3012919209202027,-1.0161329645585022,1
0.21232733076517762,0.9009088760241706,1.5251962127575889,-0.22443435330964667,0.2715603651240624,-1.177851894974348,0.8261174287987398,0.2744324511807092,2.5255417819427226,1.035083464046342,0.5505611813513597,1.1789621222856672,-1.0161329645585022,1
1.0595727735687044,-1.1099901739376037,-0.502969299721533,-0.11445624098784964,1.1164682504182242,-1.177851894974348,-0.4090788379283631,-0.8828162337175963,0.5114332445249834,-0.45564143582820127,1.066572152642809,-0.09092794783573821,-1.0161329645585022,0
1.0595727735687044,-1.1099901739376037,1.5251962127575889,-0.8842082729793821,0.4405419421828948,0.9048055324001227,-0.7257958293968509,1.4316811360790147,-1.3482603050240614,0.8057411717579506,0.29255569570563505,0.8614896047553159,-1.0161329645585022,1
0.7206745964472937,-1.1099901739376037,0.8491410419312149,-0.8855032478803567,0.4405419421828948,0.9048055324001227,-0.7257958293968509,-0.8828162337175963,-0.34120603631519225,0.8057411717579506,0.8085666669970842,-0.5671367241312653,-1.0161329645585022,1
-0.12657084635623306,-1.1099901739376037,-0.502969299721533,-0.8822658106279201,0.10257878806523006,0.9048055324001227,-0.7257958293968509,0.853056793629862,0.5114332445249834,0.8057411717579506,0.29255569570563505,-0.17029607721832604,-1.0161329645585022,1
-0.12657084635623306,0.9009088760241706,-1.179024470547907,-0.11069765529965497,0.10257878806523006,-1.177851894974348,-0.7574675285436998,0.2744324511807092,0.2965950005337584,-0.7996548742607882,0.29255569570563505,0.7424374106814341,0.9841231756854657,0
0.0428782422044723,0.9009088760241706,1.5251962127575889,-0.8638676916079756,0.10257878806523006,0.9048055324001227,-0.7257958293968509,0.853056793629862,-0.11965409719924096,0.6910700256137552,0.5505611813513597,1.2186461869769611,0.9841231756854657,0
1.0595727735687044,0.9009088760241706,-0.502969299721533,-0.8618462673723079,0.9474866733593919,0.9048055324001227,-0.7257958293968509,0.2744324511807092,-0.707102420612748,0.6910700256137552,-0.22345527558581418,1.0797519605574324,0.9841231756854657,0
0.5512255078865883,-1.1099901739376037,-0.502969299721533,-0.10758655706194761,-0.23538436605243465,-0.4836327525161911,0.8577891279455886,-0.3041918912684436,0.0851136041048956,0.8057411717579506,0.03455021005991044,-0.686188918205147,0.9841231756854657,0
0.5512255078865883,0.9009088760241706,-0.502969299721533,-0.8703109813591664,0.6095235192417271,0.9048055324001227,-0.7257958293968509,0.2744324511807092,0.9377528849450718,0.6910700256137552,-0.22345527558581418,-0.15045404487267908,-1.0161329645585022,0
1.0595727735687044,0.9009088760241706,1.5251962127575889,-0.868005294340358,1.1164682504182242,0.9048055324001227,-0.7257958293968509,0.2744324511807092,2.491973306319093,0.6910700256137552,0.8085666669970842,1.3972244780877838,-1.0161329645585022,1
0.5512255078865883,0.9009088760241706,-0.502969299721533,-0.11038180776283188,0.2715603651240624,-1.177851894974348,-0.9474977234247925,1.4316811360790147,-1.1166378232210217,-1.0289971665491795,0.8085666669970842,-0.6266628211682062,0.9841231756854657,0
0.38177641932588297,0.9009088760241706,-1.179024470547907,-0.8605039153408097,0.6095235192417271,0.9048055324001227,-0.7257958293968509,0.853056793629862,-0.811164695045998,0.6910700256137552,-0.22345527558581418,0.7424374106814341,0.9841231756854657,0
1.0595727735687044,0.9009088760241706,-0.502969299721533,-0.10434911980951103,1.1164682504182242,-1.177851894974348,0.1451758971414908,-0.8828162337175963,1.5688402266692962,0.003043148748581378,1.066572152642809,1.0797519605574324,-1.0161329645585022,0
0.21232733076517762,-1.1099901739376037,-0.502969299721533,-0.11197683782378845,0.2715603651240624,-1.177851894974348,-0.5040939353689095,-1.461440576166749,0.2965950005337584,-0.570312581972397,0.5505611813513597,-1.2616078562289088,0.9841231756854657,0
0.38177641932588297,-1.1099901739376037,-0.502969299721533,-0.2251450102674986,1.1164682504182242,-1.177851894974348,0.8973787518791496,0.2744324511807092,1.1458774338115711,1.035083464046342,0.5505611813513597,0.028124246238143545,-1.0161329645585022,1
0.38177641932588297,0.9009088760241706,0.8491410419312149,-0.8572822704652143,0.7785050963005594,0.9048055324001227,-0.7257958293968509,-1.461440576166749,-0.34120603631519225,0.6910700256137552,-0.22345527558581418,0.6829113136444932,0.9841231756854657,0
0.5512255078865883,0.9009088760241706,1.5251962127575889,-0.8532078372401966,0.6095235192417271,0.9048055324001227,-0.7257958293968509,0.2744324511807092,-1.173704231781191,0.5763988794695595,-0.22345527558581418,0.10749237562073138,0.9841231756854657,0
0.38177641932588297,0.9009088760241706,0.8491410419312149,-0.8472383187942403,0.6095235192417271,0.9048055324001227,-0.7257958293968509,-0.8828162337175963,0.8336906105118219,0.5763988794695595,0.29255569570563505,-0.15045404487267908,0.9841231756854657,0
0.5512255078865883,0.9009088760241706,-1.179024470547907,-0.22479757797699323,1.1164682504182242,-1.177851894974348,1.554566509176262,0.2744324511807092,2.5255417819427226,1.8377814870557112,1.066572152642809,-0.36871640067479566,-1.0161329645585022,1
0.38177641932588297,0.9009088760241706,-1.179024470547907,-0.8359783541064975,0.10257878806523006,0.9048055324001227,-0.7257958293968509,1.4316811360790147,0.23617174441122635,0.5763988794695595,0.29255569570563505,-1.3608180179571436,0.9841231756854657,0
-0.12657084635623306,0.9009088760241706,1.5251962127575889,-0.1150563513078135,-0.06640278899360229,0.21058638994196582,-0.3298995900612411,0.2744324511807092,1.4647779522360462,-0.45564143582820127,-0.22345527558581418,0.40512286080543575,0.9841231756854657,0
0.5512255078865883,0.9009088760241706,1.5251962127575889,-0.10861306155662263,0.4405419421828948,-1.177851894974348,0.06599664927436881,-1.461440576166749,-0.46205254856025635,0.003043148748581378,0.5505611813513597,0.4844909901880236,0.9841231756854657,0
1.0595727735687044,0.9009088760241706,0.8491410419312149,-0.11276645666584616,0.7785050963005594,-1.177851894974348,0.6994306322113446,-0.8828162337175963,0.6154955189582334,0.5763988794695595,-0.22345527558581418,-1.102871597463733,0.9841231756854657,0
0.890123685007999,0.9009088760241706,0.8491410419312149,-0.8237866391851265,0.4405419421828948,0.9048055324001227,-0.7257958293968509,-0.8828162337175963,0.4745079213389917,0.4617277333253637,0.03455021005991044,-0.11076998018138517,-1.0161329645585022,0
0.0428782422044723,-1.1099901739376037,0.8491410419312149,-0.11098191808279574,0.10257878806523006,0.21058638994196582,1.0161476236798326,0.853056793629862,0.5752133482098789,0.9204123179021463,0.29255569570563505,-0.09092794783573821,-1.0161329645585022,0
0.21232733076517762,0.9009088760241706,-0.502969299721533,-0.10894470147028687,-0.06640278899360229,-1.177851894974348,0.06599664927436881,0.853056793629862,1.4244957814876917,0.003043148748581378,-0.22345527558581418,-0.011559818453150373,0.9841231756854657,0
0.38177641932588297,-1.1099901739376037,1.5251962127575889,-0.11087137144490766,0.10257878806523006,-1.177851894974348,-0.804975077263973,-0.8828162337175963,-0.059230841076708896,-0.9143260204049839,1.066572152642809,-1.658448503141848,0.9841231756854657,0
0.38177641932588297,0.9009088760241706,-1.179024470547907,-0.2248133703538344,0.4405419421828948,-1.177851894974348,2.2830155895537843,-0.3041918912684436,2.5893218856276166,2.640479510065081,0.5505611813513597,-0.4282424977117365,-1.0161329645585022,1
0.21232733076517762,0.9009088760241706,-0.502969299721533,-0.10859726917978148,0.2715603651240624,-1.177851894974348,-0.2507203421941191,0.853056793629862,-0.16664996307232172,-0.34097028968400567,0.5505611813513597,0.22654456969461315,0.9841231756854657,0
0.21232733076517762,0.9009088760241706,0.8491410419312149,-0.8028775322474385,0.6095235192417271,0.9048055324001227,-0.7257958293968509,0.2744324511807092,0.001192415045823164,0.3470565871811683,0.29255569570563505,-3.543441575978309,0.9841231756854657,0
0.890123685007999,-1.1099901739376037,-1.179024470547907,-0.7979503106729984,0.7785050963005594,0.9048055324001227,-0.7257958293968509,1.4316811360790147,0.5651428055227898,0.3470565871811683,1.066572152642809,1.0202258635204915,0.9841231756854657,0
0.890123685007999,0.9009088760241706,-1.179024470547907,-0.1009537587886629,1.1164682504182242,-1.177851894974348,-1.121692068732461,-0.8828162337175963,-0.059230841076708896,-1.2583394588375707,0.5505611813513597,0.7424374106814341,-1.0161329645585022,0
0.890123685007999,0.9009088760241706,-0.502969299721533,-0.7901330841366272,1.1164682504182242,0.9048055324001227,-0.7257958293968509,-1.461440576166749,-0.11965409719924096,0.3470565871811683,0.29255569570563505,-2.5116558940046674,0.9841231756854657,0
0.5512255078865883,0.9009088760241706,1.5251962127575889,-0.7975712936288107,-0.06640278899360229,0.9048055324001227,-0.7257958293968509,-1.461440576166749,-0.005521280078902488,0.3470565871811683,0.03455021005991044,-0.2893482712922078,-1.0161329645585022,1
0.7206745964472937,0.9009088760241706,-0.502969299721533,-0.11287700330373424,0.2715603651240624,-1.177851894974348,-0.3298995900612411,0.853056793629862,0.007906110170548816,-0.45564143582820127,1.066572152642809,0.9408577341379036,0.9841231756854657,0
0.5512255078865883,0.9009088760241706,-1.179024470547907,-0.11098191808279574,0.6095235192417271,-1.177851894974348,0.0026532509806712224,-0.3041918912684436,-0.3109944082539262,-0.11162799739561437,0.5505611813513597,-1.0830295651180861,0.9841231756854657,0
0.38177641932588297,-1.1099901739376037,-1.179024470547907,-0.794112763100598,0.4405419421828948,0.9048055324001227,-0.7257958293968509,-1.461440576166749,-0.1397951825734185,0.3470565871811683,0.03455021005991044,0.6432272489531993,0.9841231756854657,0
0.21232733076517762,0.9009088760241706,0.8491410419312149,-0.7928177881996233,0.10257878806523006,0.9048055324001227,-0.7257958293968509,0.853056793629862,-0.08944246913797492,0.3470565871811683,1.066572152642809,0.6233852166075523,-1.0161329645585022,0
0.38177641932588297,0.9009088760241706,-1.179024470547907,-0.7970343528162115,0.2715603651240624,0.9048055324001227,-0.7257958293968509,-0.8828162337175963,0.03476089066945202,0.3470565871811683,0.8085666669970842,1.1988041546313142,-1.0161329645585022,1
0.890123685007999,0.9009088760241706,-1.179024470547907,-0.10862885393346378,0.9474866733593919,0.21058638994196582,-0.19529486868713372,-0.8828162337175963,0.1119683846037988,-0.34097028968400567,0.29255569570563505,1.4170665104334308,-1.0161329645585022,0
-0.12657084635623306,-1.1099901739376037,-1.179024470547907,-0.1100659602260088,-0.06640278899360229,-1.177851894974348,0.06599664927436881,0.853056793629862,-0.7977373047965461,0.003043148748581378,-0.22345527558581418,-0.7258729828964409,0.9841231756854657,0
0.21232733076517762,-1.1099901739376037,0.8491410419312149,-0.7861376127958152,0.10257878806523006,0.9048055324001227,-0.7257958293968509,0.2744324511807092,-1.371758237960602,0.3470565871811683,1.066572152642809,0.782121475372728,0.9841231756854657,0
-0.12657084635623306,0.9009088760241706,-0.502969299721533,-0.10502819201368065,-0.5733475201700994,0.21058638994196582,1.3328646151483206,-1.461440576166749,0.7497694214527494,1.2644257563347332,0.29255569570563505,0.5440170872249644,-1.0161329645585022,0
0.38177641932588297,0.9009088760241706,0.8491410419312149,-0.7932125976206522,0.7785050963005594,0.9048055324001227,-0.7257958293968509,0.2744324511807092,0.001192415045823164,0.3470565871811683,0.5505611813513597,-0.7853990799333818,-1.0161329645585022,1
-0.12657084635623306,-1.1099901739376037,1.5251962127575889,-0.1088973243397634,0.2715603651240624,0.21058638994196582,0.1332990099614225,0.2744324511807092,-0.522475804682789,0.003043148748581378,0.5505611813513597,1.4369085427790778,-1.0161329645585022,0
-0.12657084635623306,0.9009088760241706,-1.179024470547907,-0.1102712611249438,-0.23538436605243465,-1.177851894974348,-0.4090788379283631,-1.461440576166749,-1.2005590122800942,-0.45564143582820127,0.8085666669970842,1.258330251668255,-1.0161329645585022,0
0.0428782422044723,0.9009088760241706,-1.179024470547907,-0.7921229236186126,0.6095235192417271,0.9048055324001227,-0.7257958293968509,-1.461440576166749,0.2865244578466693,0.3470565871811683,-0.22345527558581418,-0.2893482712922078,0.9841231756854657,0
-0.12657084635623306,0.9009088760241706,0.8491410419312149,-0.7877958123641363,0.2715603651240624,0.9048055324001227,-0.7257958293968509,1.4316811360790147,1.2465828606824585,0.3470565871811683,1.066572152642809,0.3654387961141419,0.9841231756854657,0
0.5512255078865883,0.9009088760241706,-1.179024470547907,-0.7893434652945694,0.2715603651240624,0.9048055324001227,-0.7257958293968509,-0.8828162337175963,-1.173704231781191,0.3470565871811683,0.5505611813513597,0.305912699077201,0.9841231756854657,0
0.21232733076517762,0.9009088760241706,0.8491410419312149,-0.1095132270365684,-0.23538436605243465,-1.177851894974348,-1.042512820865339,-0.8828162337175963,-1.1233515183457474,-1.143668312693375,1.066572152642809,0.3455967637684949,0.9841231756854657,0
1.0595727735687044,0.9009088760241706,-0.502969299721533,-0.10826562926611724,0.9474866733593919,-1.177851894974348,-1.2800505644667048,-0.8828162337175963,-1.6705176710108995,-1.3730106049817663,0.03455021005991044,0.3654387961141419,-1.0161329645585022,0
0.38177641932588297,0.9009088760241706,-1.179024470547907,-0.7814472768739924,0.4405419421828948,0.9048055324001227,-0.7257958293968509,0.2744324511807092,-1.3751150855229646,0.23238544103697253,-0.22345527558581418,-1.0631875327724392,-1.0161329645585022,0
0.890123685007999,0.9009088760241706,-0.502969299721533,-0.7709927234051485,1.2854498274770565,0.9048055324001227,-0.7257958293968509,-1.461440576166749,-1.1804179269059165,0.23238544103697253,-0.22345527558581418,1.0599099282117854,-1.0161329645585022,0
0.5512255078865883,-1.1099901739376037,-1.179024470547907,-0.7708347996367368,0.2715603651240624,0.9048055324001227,-0.7257958293968509,-1.461440576166749,0.665848232393677,0.23238544103697253,0.5505611813513597,0.9606997664835506,-1.0161329645585022,1
1.2290218621294098,0.9009088760241706,-0.502969299721533,-0.77361425796078,1.1164682504182242,0.9048055324001227,-0.7257958293968509,1.4316811360790147,-0.8447331706696268,0.23238544103697253,0.03455021005991044,1.4765926074703717,0.9841231756854657,0
0.5512255078865883,0.9009088760241706,1.5251962127575889,-0.09921659733613594,0.9474866733593919,-1.177851894974348,-0.5674373336626071,0.853056793629862,0.15896425047687956,-0.6849837281165926,1.066572152642809,-1.5592383414136133,0.9841231756854657,0
0.38177641932588297,0.9009088760241706,0.8491410419312149,-0.7733931646850039,0.7785050963005594,0.9048055324001227,-0.7257958293968509,-0.3041918912684436,-0.3680608168140954,0.23238544103697253,0.29255569570563505,0.7027533459901402,-1.0161329645585022,1
0.0428782422044723,-1.1099901739376037,0.8491410419312149,-0.7733299951776392,-0.23538436605243465,0.9048055324001227,-0.7257958293968509,-0.8828162337175963,-1.173704231781191,0.23238544103697253,0.29255569570563505,-1.0830295651180861,0.9841231756854657,0
-0.12657084635623306,-1.1099901739376037,-0.502969299721533,-0.7666971969043544,-0.06640278899360229,0.9048055324001227,-0.7257958293968509,0.853056793629862,-0.4654093961226198,0.23238544103697253,0.29255569570563505,0.5043330225336705,0.9841231756854657,0
0.0428782422044723,0.9009088760241706,1.5251962127575889,-0.09983250003294096,0.10257878806523006,-1.177851894974348,-1.0979382943723244,-0.3041918912684436,-0.37813135950118393,-1.143668312693375,1.066572152642809,0.4249648931510827,-1.0161329645585022,0
0.0428782422044723,-1.1099901739376037,-1.179024470547907,-0.21634865636697578,-0.06640278899360229,-1.177851894974348,1.6495816066168083,-0.8828162337175963,0.2965950005337584,1.8377814870557112,-0.22345527558581418,-0.011559818453150373,-1.0161329645585022,1
0.38177641932588297,-1.1099901739376037,0.8491410419312149,-0.0969267026941686,0.2715603651240624,-1.177851894974348,-1.042512820865339,-0.8828162337175963,-1.3046212867133438,-1.143668312693375,0.03455021005991044,0.7027533459901402,0.9841231756854657,0
0.21232733076517762,0.9009088760241706,-1.179024470547907,-0.7726035458429461,0.6095235192417271,0.9048055324001227,-0.7257958293968509,0.2744324511807092,-0.018948670328354386,0.23238544103697253,1.066572152642809,-1.4203441149940845,-1.0161329645585022,0
0.7206745964472937,-1.1099901739376037,-0.502969299721533,-0.7682922269653111,1.1164682504182242,0.9048055324001227,-0.7257958293968509,0.853056793629862,-1.039430329286675,0.23238544103697253,-0.22345527558581418,1.6750129309268411,0.9841231756854657,0
1.0595727735687044,0.9009088760241706,-0.502969299721533,-0.7573954869449148,0.4405419421828948,0.9048055324001227,-0.7257958293968509,0.2744324511807092,0.6020681287087821,0.23238544103697253,-0.22345527558581418,-0.4282424977117365,-1.0161329645585022,1
0.7206745964472937,-1.1099901739376037,-0.502969299721533,-0.7623700856498783,1.2854498274770565,0.9048055324001227,-0.7257958293968509,1.4316811360790147,-0.11965409719924096,0.23238544103697253,0.8085666669970842,-0.4877685947486774,0.9841231756854657,0
0.0428782422044723,-1.1099901739376037,-0.502969299721533,-0.7480463998549515,-0.06640278899360229,0.9048055324001227,-0.7257958293968509,-1.461440576166749,-1.0427871768490378,0.1177142948927768,0.03455021005991044,0.5837011519162584,0.9841231756854657,0
0.0428782422044723,-1.1099901739376037,-0.502969299721533,-0.7553108932018824,0.10257878806523006,0.9048055324001227,-0.7257958293968509,0.2744324511807092,0.23617174441122635,0.23238544103697253,0.29255569570563505,-1.658448503141848,0.9841231756854657,0
0.0428782422044723,-1.1099901739376037,0.17308587110484092,-0.09030969679772505,-0.404365943111267,-1.177851894974348,2.3226052134873454,0.853056793629862,1.8105332511594245,2.1817949254882985,0.5505611813513597,0.9805417988291976,-1.0161329645585022,0
0.0428782422044723,0.9009088760241706,0.8491410419312149,-0.2051360688097564,-0.23538436605243465,-1.177851894974348,1.1349164954805155,-0.8828162337175963,-0.21028898138303903,1.2644257563347332,0.8085666669970842,0.12733440796637835,-1.0161329645585022,1
0.890123685007999,0.9009088760241706,1.5251962127575889,-0.7537948250251316,0.9474866733593919,0.9048055324001227,-0.7257958293968509,0.853056793629862,-0.0860856215756121,0.23238544103697253,0.03455021005991044,-0.8449251769703227,0.9841231756854657,0
0.0428782422044723,0.9009088760241706,-0.502969299721533,-0.7459144289813957,-0.23538436605243465,0.9048055324001227,-0.7257958293968509,0.853056793629862,0.7061304031420315,0.1177142948927768,0.03455021005991044,0.028124246238143545,-1.0161329645585022,1
0.0428782422044723,0.9009088760241706,-0.502969299721533,-0.7488518110738503,0.10257878806523006,0.9048055324001227,-0.7257958293968509,0.2744324511807092,1.2835081838684501,0.1177142948927768,1.066572152642809,1.4369085427790778,-1.0161329645585022,1
0.0428782422044723,-1.1099901739376037,-0.502969299721533,-0.09138357842292352,0.4405419421828948,-1.177851894974348,0.38271364074285674,0.853056793629862,-1.6705176710108995,0.23238544103697253,0.29255569570563505,-0.20998014190961997,0.9841231756854657,0
0.38177641932588297,0.9009088760241706,-1.179024470547907,-0.08982013311564926,-0.23538436605243465,-1.177851894974348,-0.8841543251310949,-1.461440576166749,-1.0427871768490378,-1.0289971665491795,0.29255569570563505,0.40512286080543575,-1.0161329645585022,0
0.7206745964472937,0.9009088760241706,1.5251962127575889,-0.09495265558902434,0.6095235192417271,-1.177851894974348,-1.2008713165995828,0.853056793629862,-1.0427871768490378,-1.2583394588375707,0.29255569570563505,1.1194360252487263,-1.0161329645585022,0
-0.12657084635623306,0.9009088760241706,0.8491410419312149,-0.7385078042428944,-0.06640278899360229,0.9048055324001227,-0.7257958293968509,-1.461440576166749,-1.0495008719737637,0.1177142948927768,0.5505611813513597,-0.190138109563973,0.9841231756854657,0
0.21232733076517762,-1.1099901739376037,-0.502969299721533,-0.7365021723840679,0.10257878806523006,0.9048055324001227,-0.7257958293968509,0.853056793629862,-1.4254677989584081,0.1177142948927768,0.8085666669970842,0.821805540064022,0.9841231756854657,0
1.0595727735687044,-1.1099901739376037,-0.502969299721533,-0.0949684479658655,1.2854498274770565,0.21058638994196582,-0.7257958293968509,1.4316811360790147,-1.8752853723150364,-0.7996548742607882,0.03455021005991044,1.1392780575943733,0.9841231756854657,0
0.7206745964472937,0.9009088760241706,-1.179024470547907,-0.204172733822446,0.2715603651240624,-1.177851894974348,1.0161476236798326,-0.3041918912684436,-0.1397951825734185,1.1497546101905376,0.29255569570563505,1.3773824457421369,-1.0161329645585022,1
0.0428782422044723,-1.1099901739376037,0.8491410419312149,-0.08871466673676848,0.10257878806523006,-1.177851894974348,0.38271364074285674,0.853056793629862,-0.34120603631519225,0.23238544103697253,-0.22345527558581418,0.3455967637684949,0.9841231756854657,0
-0.12657084635623306,-1.1099901739376037,-0.502969299721533,-0.09135199366924121,-0.5733475201700994,-1.177851894974348,-1.3513118875471146,-1.461440576166749,-0.8447331706696268,-1.487681751125962,0.8085666669970842,1.0797519605574324,0.9841231756854657,0
-0.12657084635623306,-1.1099901739376037,0.8491410419312149,-0.0880198021557577,0.10257878806523006,-1.177851894974348,-1.327558113186978,0.2744324511807092,-0.21364582894540246,-1.3730106049817663,-0.22345527558581418,-1.7378166325244357,0.9841231756854657,0
0.38177641932588297,-1.1099901739376037,-0.502969299721533,-0.7268688225109639,0.6095235192417271,0.9048055324001227,-0.7257958293968509,0.2744324511807092,0.001192415045823164,0.1177142948927768,-0.22345527558581418,1.694854963272488,-1.0161329645585022,0
0.21232733076517762,0.9009088760241706,-0.502969299721533,-0.7165721928105314,-0.23538436605243465,0.9048055324001227,-0.7257958293968509,0.2744324511807092,2.183143330581707,0.003043148748581378,0.29255569570563505,-0.011559818453150373,-1.0161329645585022,1
0.21232733076517762,-1.1099901739376037,1.5251962127575889,-0.18784341616869268,0.10257878806523006,0.9048055324001227,-0.2507203421941191,0.853056793629862,0.001192415045823164,-0.2262991435398101,-0.22345527558581418,-1.7973427295613766,-1.0161329645585022,1
0.7206745964472937,0.9009088760241706,1.5251962127575889,-0.06880047954007318,0.6095235192417271,0.9048055324001227,-0.2507203421941191,-0.3041918912684436,-0.34120603631519225,-0.34097028968400567,-0.22345527558581418,1.258330251668255,-1.0161329645585022,0
0.38177641932588297,-1.1099901739376037,-0.502969299721533,-0.09206265062709315,0.4405419421828948,-1.177851894974348,-0.804975077263973,0.853056793629862,-1.4993184453303918,-0.9143260204049839,0.03455021005991044,-0.2893482712922078,0.9841231756854657,0
1.2290218621294098,-1.1099901739376037,1.5251962127575889,-0.09049920531981889,0.9474866733593919,-1.177851894974348,-0.5674373336626071,-1.461440576166749,-1.4993184453303918,-0.6849837281165926,0.29255569570563505,1.5956448015442533,0.9841231756854657,0
0.21232733076517762,0.9009088760241706,-0.502969299721533,-0.09192051923552276,-0.06640278899360229,-1.177851894974348,-0.09236184645987515,0.853056793629862,-1.0495008719737637,-0.2262991435398101,0.29255569570563505,0.3654387961141419,-1.0161329645585022,0
0.21232733076517762,0.9009088760241706,-0.502969299721533,-0.2022460638478252,0.2715603651240624,-1.177851894974348,-0.7257958293968509,1.4316811360790147,0.5785701957722418,-0.7996548742607882,0.29255569570563505,0.5043330225336705,-1.0161329645585022,1
0.890123685007999,0.9009088760241706,0.8491410419312149,-0.06783714455276278,0.6095235192417271,0.9048055324001227,-0.2507203421941191,1.4316811360790147,0.15896425047687956,-0.34097028968400567,0.29255569570563505,0.3654387961141419,0.9841231756854657,0
0.21232733076517762,0.9009088760241706,0.8491410419312149,-0.06646320776758237,0.7785050963005594,0.9048055324001227,-0.2507203421941191,-0.3041918912684436,-1.4724636648314886,-0.34097028968400567,0.5505611813513597,1.0599099282117854,0.9841231756854657,0
0.0428782422044723,0.9009088760241706,-0.502969299721533,-0.05817220992597648,-0.404365943111267,0.9048055324001227,-0.2507203421941191,1.4316811360790147,1.7736079279734327,-0.45564143582820127,0.29255569570563505,1.337698381050843,-1.0161329645585022,0
-0.12657084635623306,0.9009088760241706,-0.502969299721533,-0.05700357403973108,-0.06640278899360229,0.9048055324001227,-0.2507203421941191,-0.3041918912684436,-1.173704231781191,-0.45564143582820127,0.03455021005991044,0.3654387961141419,0.9841231756854657,0
0.0428782422044723,-1.1099901739376037,-1.179024470547907,-0.08670903487794192,0.10257878806523006,-1.177851894974348,-0.8208109268373974,-0.3041918912684436,-0.707102420612748,-0.9143260204049839,0.5505611813513597,0.7622794430270811,-1.0161329645585022,0
0.5512255078865883,-1.1099901739376037,-1.179024470547907,-0.03427834376531035,0.2715603651240624,0.9048055324001227,-0.2507203421941191,-0.3041918912684436,1.0787404825643134,-0.45564143582820127,0.8085666669970842,1.35754041339649,-1.0161329645585022,0
0.5512255078865883,0.9009088760241706,-0.502969299721533,-0.08367689852444032,0.4405419421828948,-1.177851894974348,0.8577891279455886,-0.3041918912684436,-0.5896127559300467,0.6910700256137552,1.066572152642809,-1.3608180179571436,0.9841231756854657,0
-0.12657084635623306,0.9009088760241706,-0.502969299721533,-0.01633820367375931,-0.06640278899360229,0.9048055324001227,-0.2507203421941191,1.4316811360790147,0.8336906105118219,-0.45564143582820127,1.066572152642809,1.238488219322608,-1.0161329645585022,0
0.38177641932588297,0.9009088760241706,-0.502969299721533,-0.01324289781289311,0.10257878806523006,0.9048055324001227,-0.2507203421941191,0.2744324511807092,-1.173704231781191,-0.45564143582820127,-0.22345527558581418,0.4448069254967297,0.9841231756854657,0
0.21232733076517762,-1.1099901739376037,-0.502969299721533,-0.08820931067785155,-0.23538436605243465,-1.177851894974348,1.1745061194140765,-0.3041918912684436,-1.6705176710108995,1.035083464046342,1.066572152642809,1.0797519605574324,-1.0161329645585022,0
0.38177641932588297,-1.1099901739376037,0.8491410419312149,-0.09018335778299581,0.4405419421828948,-1.177851894974348,-0.2507203421941191,-0.8828162337175963,-1.4724636648314886,-0.34097028968400567,0.5505611813513597,-1.0830295651180861,-1.0161329645585022,0
0.5512255078865883,0.9009088760241706,-1.179024470547907,-0.011553113490889623,0.7785050963005594,0.9048055324001227,-0.2507203421941191,0.2744324511807092,-1.3482603050240614,-0.45564143582820127,0.8085666669970842,-1.142555662155027,0.9841231756854657,0
0.7206745964472937,-1.1099901739376037,-0.502969299721533,-0.08402433081494572,0.7785050963005594,-1.177851894974348,0.8577891279455886,-0.3041918912684436,-1.3482603050240614,0.6910700256137552,1.066572152642809,1.1392780575943733,0.9841231756854657,0
-0.12657084635623306,0.9009088760241706,0.8491410419312149,-0.09068871384191274,-0.06640278899360229,-1.177851894974348,-0.804975077263973,0.2744324511807092,0.2865244578466693,-0.9143260204049839,0.29255569570563505,0.6432272489531993,0.9841231756854657,0
-0.12657084635623306,0.9009088760241706,0.8491410419312149,-0.016906729240040858,-0.5733475201700994,0.9048055324001227,-0.2507203421941191,-0.8828162337175963,-0.21364582894540246,-0.45564143582820127,0.03455021005991044,-1.4600281796853785,0.9841231756854657,0
-0.12657084635623306,-1.1099901739376037,0.8491410419312149,-0.082824110175018,-0.5733475201700994,-1.177851894974348,-0.6149448823828803,-0.3041918912684436,0.03811773823181484,-0.6849837281165926,0.03455021005991044,-1.2814498885745558,0.9841231756854657,0
0.21232733076517762,0.9009088760241706,1.5251962127575889,-0.08561936087590229,0.4405419421828948,-1.177851894974348,-0.4090788379283631,1.4316811360790147,0.001192415045823164,-0.570312581972397,0.29255569570563505,0.9805417988291976,-1.0161329645585022,0
0.7206745964472937,-1.1099901739376037,1.5251962127575889,-0.12945899898694602,0.9474866733593919,0.9048055324001227,-0.2507203421941191,0.853056793629862,1.327147202179168,-0.34097028968400567,1.066572152642809,-1.5195542767223194,-1.0161329645585022,1
0.7206745964472937,0.9009088760241706,-0.502969299721533,-0.12762708327337213,0.10257878806523006,0.9048055324001227,-0.2507203421941191,0.2744324511807092,1.8407448792206904,-0.34097028968400567,0.5505611813513597,0.5241750548793175,-1.0161329645585022,1
0.5512255078865883,-1.1099901739376037,-0.502969299721533,-0.08184498281086645,0.4405419421828948,-1.177851894974348,0.8577891279455886,0.853056793629862,-0.25392799969375696,0.6910700256137552,1.066572152642809,-1.9163949236352584,0.9841231756854657,0
-0.12657084635623306,-1.1099901739376037,1.5251962127575889,-0.07988672808256335,0.2715603651240624,-1.177851894974348,0.06599664927436881,0.853056793629862,0.001192415045823164,-0.11162799739561437,0.8085666669970842,0.8614896047553159,0.9841231756854657,0
0.0428782422044723,-1.1099901739376037,1.5251962127575889,-0.08118170298353798,0.10257878806523006,0.21058638994196582,-0.09236184645987515,1.4316811360790147,-1.6839450612603513,-0.2262991435398101,0.29255569570563505,0.6233852166075523,-1.0161329645585022,0
1.2290218621294098,-1.1099901739376037,-1.179024470547907,-0.08344001287182301,1.1164682504182242,-1.177851894974348,-0.963333572998217,-0.3041918912684436,-1.0427871768490378,-1.0289971665491795,0.8085666669970842,1.0202258635204915,0.9841231756854657,0
0.21232733076517762,0.9009088760241706,-1.179024470547907,-0.19419195165883663,-0.23538436605243465,-1.177851894974348,0.06599664927436881,0.2744324511807092,1.451350561986595,0.1177142948927768,0.5505611813513597,0.5043330225336705,-1.0161329645585022,1
1.0595727735687044,-1.1099901739376037,-0.502969299721533,-0.08020257561938643,0.7785050963005594,-1.177851894974348,-0.06069014731302636,-0.3041918912684436,-1.0964967378468442,-0.2262991435398101,0.29255569570563505,-0.7060309505507939,0.9841231756854657,0
-0.12657084635623306,0.9009088760241706,-1.179024470547907,0.004002377697647151,0.10257878806523006,0.9048055324001227,-0.2507203421941191,-0.8828162337175963,1.2700807936189982,-0.45564143582820127,0.29255569570563505,-0.15045404487267908,0.9841231756854657,0
0.7206745964472937,-1.1099901739376037,-0.502969299721533,0.006181725701726415,1.2854498274770565,0.9048055324001227,-0.2507203421941191,-0.3041918912684436,-1.2475548781531747,-0.45564143582820127,1.066572152642809,0.9210157017922567,0.9841231756854657,0
-0.12657084635623306,-1.1099901739376037,-1.179024470547907,0.027943620988836744,0.4405419421828948,0.9048055324001227,-0.2507203421941191,0.853056793629862,-1.6705176710108995,-0.45564143582820127,-0.22345527558581418,0.8416475724096689,0.9841231756854657,0
-0.12657084635623306,0.9009088760241706,0.8491410419312149,-0.07930241013944064,-0.911310674287764,-1.177851894974348,-0.5674373336626071,-0.3041918912684436,-0.005521280078902488,-0.6849837281165926,0.29255569570563505,0.26622863438590705,0.9841231756854657,0
-0.12657084635623306,0.9009088760241706,-1.179024470547907,0.04250419243638081,0.4405419421828948,0.9048055324001227,-0.2507203421941191,-0.8828162337175963,-0.33784918875282943,-0.45564143582820127,-0.22345527558581418,-1.4600281796853785,0.9841231756854657,0
-0.12657084635623306,-1.1099901739376037,0.17308587110484092,0.05188486428002634,0.4405419421828948,0.9048055324001227,-0.2507203421941191,-0.3041918912684436,-1.4724636648314886,-0.45564143582820127,1.066572152642809,-0.8052411122790287,0.9841231756854657,0
0.7206745964472937,0.9009088760241706,-0.502969299721533,-0.07475420560918827,0.6095235192417271,-1.177851894974348,0.8577891279455886,1.4316811360790147,0.860545391010725,0.6910700256137552,0.29255569570563505,0.008282213892496587,0.9841231756854657,0
0.890123685007999,-1.1099901739376037,-0.502969299721533,0.047889392939214355,0.9474866733593919,0.9048055324001227,-0.2507203421941191,-0.3041918912684436,-0.12972463988633004,-0.45564143582820127,0.03455021005991044,-1.0036614357354983,-1.0161329645585022,0
0.7206745964472937,-1.1099901739376037,-1.179024470547907,-0.047133338514009776,0.2715603651240624,0.9048055324001227,-0.2507203421941191,-1.461440576166749,-0.08944246913797492,-0.45564143582820127,-0.22345527558581418,0.08765034327508442,-1.0161329645585022,1
0.38177641932588297,-1.1099901739376037,-0.502969299721533,-0.07854437605106525,0.4405419421828948,-1.177851894974348,1.6495816066168083,-1.461440576166749,0.11868207972852446,1.4937680486231246,0.5505611813513597,1.317856348705196,-1.0161329645585022,0
0.0428782422044723,-1.1099901739376037,0.8491410419312149,-0.0691005347000551,-0.06640278899360229,-1.177851894974348,0.1728886338949835,-0.8828162337175963,-1.1804179269059165,0.003043148748581378,0.29255569570563505,0.18686050500331922,0.9841231756854657,0
0.21232733076517762,-1.1099901739376037,-0.502969299721533,-0.07871809219631795,0.4405419421828948,0.21058638994196582,-0.7257958293968509,1.4316811360790147,-0.21028898138303903,-0.7996548742607882,1.066572152642809,1.1194360252487263,0.9841231756854657,0
0.5512255078865883,-1.1099901739376037,0.8491410419312149,0.07918988383838174,0.6095235192417271,0.9048055324001227,-0.2507203421941191,-0.8828162337175963,-0.005521280078902488,-0.570312581972397,0.03455021005991044,-0.2893482712922078,-1.0161329645585022,0
0.21232733076517762,0.9009088760241706,-0.502969299721533,0.07713687484903171,0.2715603651240624,0.9048055324001227,-0.2507203421941191,-0.8828162337175963,-1.1804179269059165,-0.570312581972397,-0.22345527558581418,1.2186461869769611,0.9841231756854657,0
0.0428782422044723,0.9009088760241706,-1.179024470547907,-0.21446936352287846,-0.06640278899360229,0.9048055324001227,-0.2507203421941191,0.2744324511807092,1.5587696839822078,-0.2262991435398101,1.066572152642809,-1.4005020826484376,-1.0161329645585022,1
-0.12657084635623306,0.9009088760241706,-1.179024470547907,-0.0733644764471667,0.2715603651240624,-1.177851894974348,0.8577891279455886,-1.461440576166749,0.001192415045823164,0.6910700256137552,0.5505611813513597,0.5837011519162584,0.9841231756854657,0
0.38177641932588297,-1.1099901739376037,0.8491410419312149,0.0829168847728941,0.7785050963005594,0.9048055324001227,-0.2507203421941191,0.2744324511807092,0.7061304031420315,-0.570312581972397,0.03455021005991044,0.06780831092943747,0.9841231756854657,0
0.21232733076517762,0.9009088760241706,1.5251962127575889,0.08342224083181105,-0.404365943111267,0.9048055324001227,-0.2507203421941191,0.853056793629862,0.5114332445249834,-0.570312581972397,-0.22345527558581418,0.16701847265767225,-1.0161329645585022,0
-0.12657084635623306,-1.1099901739376037,-1.179024470547907,0.07100943263466393,0.2715603651240624,0.9048055324001227,-0.2507203421941191,-0.3041918912684436,0.6423502994571366,-0.570312581972397,0.03455021005991044,0.3455967637684949,0.9841231756854657,0
0.21232733076517762,0.9009088760241706,-0.502969299721533,0.08309060091814681,0.6095235192417271,0.9048055324001227,-0.2507203421941191,0.2744324511807092,-0.46205254856025635,-0.570312581972397,0.8085666669970842,1.0995939929030794,0.9841231756854657,0
1.2290218621294098,-1.1099901739376037,0.8491410419312149,0.09615089656578124,1.1164682504182242,0.9048055324001227,-0.2507203421941191,-0.8828162337175963,0.16232109803924238,-0.570312581972397,0.03455021005991044,-0.07108591549009124,0.9841231756854657,0
1.2290218621294098,0.9009088760241706,-1.179024470547907,-0.07587546436491022,1.2854498274770565,-1.177851894974348,-0.01714156098610927,-0.8828162337175963,-1.6705176710108995,-0.11162799739561437,-0.22345527558581418,-0.6266628211682062,0.9841231756854657,0
0.38177641932588297,0.9009088760241706,-0.502969299721533,0.09597718042052854,0.4405419421828948,0.9048055324001227,-0.2507203421941191,0.2744324511807092,0.03811773823181484,-0.570312581972397,0.5505611813513597,-0.9639773710442044,-1.0161329645585022,0
0.5512255078865883,-1.1099901739376037,-0.502969299721533,0.12012372461065314,0.9474866733593919,0.9048055324001227,-0.2507203421941191,-0.3041918912684436,-1.0427871768490378,-0.570312581972397,0.29255569570563505,0.5440170872249644,0.9841231756854657,0
0.38177641932588297,-1.1099901739376037,-1.179024470547907,-0.06507347860556081,-0.06640278899360229,-1.177851894974348,0.8577891279455886,1.4316811360790147,-1.6705176710108995,0.6910700256137552,1.066572152642809,-1.5195542767223194,-1.0161329645585022,0
0.21232733076517762,0.9009088760241706,0.8491410419312149,-0.07200633203882746,-0.23538436605243465,-1.177851894974348,-0.09236184645987515,-0.3041918912684436,-1.4724636648314886,-0.2262991435398101,0.29255569570563505,-1.3409759856114967,0.9841231756854657,0
0.21232733076517762,0.9009088760241706,1.5251962127575889,-0.06682643243492892,0.7785050963005594,0.21058638994196582,0.8577891279455886,-0.8828162337175963,-1.6705176710108995,0.6910700256137552,0.29255569570563505,1.6750129309268411,0.9841231756854657,0
0.21232733076517762,0.9009088760241706,-1.179024470547907,-0.0759860110027983,-0.23538436605243465,-1.177851894974348,0.38271364074285674,1.4316811360790147,-1.173704231781191,0.23238544103697253,-0.22345527558581418,-0.20998014190961997,0.9841231756854657,0
0.5512255078865883,-1.1099901739376037,0.8491410419312149,-0.07104299705151707,0.4405419421828948,-1.177851894974348,-1.121692068732461,0.2744324511807092,1.223084927745918,-1.2583394588375707,0.03455021005991044,-0.38855843302044263,0.9841231756854657,0
1.0595727735687044,0.9009088760241706,-0.502969299721533,-0.06880047954007318,0.2715603651240624,-1.177851894974348,2.91644957249076,-0.3041918912684436,0.23617174441122635,2.640479510065081,1.066572152642809,0.5043330225336705,0.9841231756854657,0
0.21232733076517762,0.9009088760241706,1.5251962127575889,-0.06897419568532588,-0.404365943111267,-1.177851894974348,0.06599664927436881,-1.461440576166749,-1.6839450612603513,-0.11162799739561437,0.5505611813513597,0.821805540064022,-1.0161329645585022,0
0.21232733076517762,-1.1099901739376037,0.8491410419312149,0.11570185909512999,0.10257878806523006,0.9048055324001227,-0.2507203421941191,0.2744324511807092,0.860545391010725,-0.570312581972397,0.8085666669970842,0.305912699077201,-1.0161329645585022,0
-0.12657084635623306,-1.1099901739376037,0.8491410419312149,-0.07328551456296094,0.4405419421828948,-1.177851894974348,-0.7257958293968509,-0.3041918912684436,-1.8752853723150364,-0.7996548742607882,-0.22345527558581418,0.7424374106814341,-1.0161329645585022,0
0.5512255078865883,-1.1099901739376037,0.8491410419312149,0.1185918640570612,0.6095235192417271,0.9048055324001227,-0.2507203421941191,-0.3041918912684436,1.223084927745918,-0.570312581972397,1.066572152642809,0.5440170872249644,0.9841231756854657,0
0.21232733076517762,0.9009088760241706,0.8491410419312149,0.1379217333106338,0.4405419421828948,0.9048055324001227,-0.2507203421941191,-0.3041918912684436,-1.2106295549671826,-0.570312581972397,0.29255569570563505,1.278172284013902,-1.0161329645585022,0
0.38177641932588297,-1.1099901739376037,-0.502969299721533,0.14000632705366614,0.2715603651240624,0.9048055324001227,-0.2507203421941191,1.4316811360790147,-0.34120603631519225,-0.570312581972397,0.29255569570563505,0.7225953783357871,0.9841231756854657,0
0.0428782422044723,-1.1099901739376037,0.8491410419312149,0.1721438139254147,0.2715603651240624,0.9048055324001227,-0.2507203421941191,-0.8828162337175963,-1.0427871768490378,-0.570312581972397,0.03455021005991044,0.6432272489531993,0.9841231756854657,0
-0.12657084635623306,-1.1099901739376037,0.8491410419312149,-0.06963747551265434,-0.23538436605243465,-1.177851894974348,-0.8604005507709583,-0.8828162337175963,2.478545916069642,-1.0289971665491795,-0.22345527558581418,0.0479662785837905,-1.0161329645585022,0
-0.12657084635623306,0.9009088760241706,-0.502969299721533,0.17421261529160587,-0.5733475201700994,0.9048055324001227,-0.2507203421941191,-0.8828162337175963,0.8336906105118219,-0.570312581972397,-0.22345527558581418,0.286070666731554,0.9841231756854657,0
0.21232733076517762,-1.1099901739376037,-0.502969299721533,-0.07582808723438675,0.10257878806523006,-1.177851894974348,0.0026532509806712224,-0.8828162337175963,2.478545916069642,-0.11162799739561437,1.066572152642809,-2.094973214746081,0.9841231756854657,0
0.21232733076517762,-1.1099901739376037,1.5251962127575889,-0.18541139013515495,0.4405419421828948,-1.177851894974348,-0.2507203421941191,0.2744324511807092,0.16232109803924238,-0.2262991435398101,-0.22345527558581418,0.821805540064022,-1.0161329645585022,1
0.5512255078865883,-1.1099901739376037,0.8491410419312149,-0.06832670823483855,0.7785050963005594,-1.177851894974348,-0.3298995900612411,0.853056793629862,-0.005521280078902488,-0.45564143582820127,-0.22345527558581418,-1.0036614357354983,-1.0161329645585022,0
0.38177641932588297,-1.1099901739376037,-0.502969299721533,-0.07435939618815941,0.10257878806523006,-1.177851894974348,0.0026532509806712224,0.853056793629862,0.3301634761573873,-0.11162799739561437,0.5505611813513597,0.7622794430270811,0.9841231756854657,0
0.21232733076517762,-1.1099901739376037,1.5251962127575889,0.19111045851164074,0.2715603651240624,0.9048055324001227,-0.2507203421941191,-0.3041918912684436,0.11868207972852446,-0.570312581972397,-0.22345527558581418,1.0797519605574324,0.9841231756854657,0
-0.12657084635623306,-1.1099901739376037,1.5251962127575889,0.20977704793788488,-0.06640278899360229,0.9048055324001227,-0.2507203421941191,-1.461440576166749,-1.7510820125076092,-0.570312581972397,0.03455021005991044,1.5956448015442533,0.9841231756854657,0
0.5512255078865883,-1.1099901739376037,-1.179024470547907,0.237461084540428,-0.06640278899360229,0.9048055324001227,-0.2507203421941191,1.4316811360790147,-1.0427871768490378,-0.6849837281165926,0.29255569570563505,0.08765034327508442,0.9841231756854657,0
0.0428782422044723,-1.1099901739376037,-1.179024470547907,-0.08768816224209347,0.4405419421828948,0.9048055324001227,-0.2507203421941191,0.2744324511807092,-0.21028898138303903,-0.34097028968400567,0.5505611813513597,-0.17029607721832604,-1.0161329645585022,1
-0.12657084635623306,-1.1099901739376037,1.5251962127575889,0.23648195717627643,-0.404365943111267,0.9048055324001227,-0.2507203421941191,1.4316811360790147,-0.811164695045998,-0.6849837281165926,-0.22345527558581418,0.6829113136444932,0.9841231756854657,0
0.5512255078865883,-1.1099901739376037,-0.502969299721533,-0.06796348356749202,0.6095235192417271,-1.177851894974348,-0.48034016100877286,1.4316811360790147,-1.7510820125076092,-0.570312581972397,-0.22345527558581418,0.46464895784237664,-1.0161329645585022,0
0.5512255078865883,-1.1099901739376037,-0.502969299721533,0.2650977440124476,0.7785050963005594,0.9048055324001227,-0.2507203421941191,-0.8828162337175963,0.5382880250238866,-0.6849837281165926,0.29255569570563505,-0.8449251769703227,-1.0161329645585022,0
-0.12657084635623306,0.9009088760241706,0.8491410419312149,-0.18842773411181538,-0.06640278899360229,-1.177851894974348,0.06599664927436881,-0.3041918912684436,-1.3751150855229646,0.1177142948927768,0.5505611813513597,-0.8449251769703227,-1.0161329645585022,1
-0.12657084635623306,-1.1099901739376037,-1.179024470547907,0.28221668050825865,-0.404365943111267,0.9048055324001227,-0.2507203421941191,0.853056793629862,-0.8447331706696268,-0.6849837281165926,0.8085666669970842,0.6233852166075523,-1.0161329645585022,0
0.21232733076517762,-1.1099901739376037,-0.502969299721533,-0.07135884458834015,0.2715603651240624,-1.177851894974348,-0.9474977234247925,-0.8828162337175963,-1.2979075915886182,-1.0289971665491795,0.8085666669970842,1.258330251668255,0.9841231756854657,0
0.0428782422044723,-1.1099901739376037,1.5251962127575889,0.30127807935553164,-0.23538436605243465,0.9048055324001227,-0.2507203421941191,0.853056793629862,-1.1804179269059165,-0.6849837281165926,1.066572152642809,1.1194360252487263,0.9841231756854657,0
0.890123685007999,0.9009088760241706,1.5251962127575889,-0.06583151269393621,0.4405419421828948,-1.177851894974348,0.06599664927436881,-0.8828162337175963,-1.0495008719737637,-0.11162799739561437,0.03455021005991044,0.801963507718375,-1.0161329645585022,0
0.38177641932588297,-1.1099901739376037,-0.502969299721533,-0.07661770607644446,0.4405419421828948,-1.177851894974348,-0.2507203421941191,0.853056793629862,0.001192415045823164,-0.34097028968400567,1.066572152642809,-0.9044512740072636,-1.0161329645585022,0
0.21232733076517762,-1.1099901739376037,-1.179024470547907,0.3254562082993385,-0.06640278899360229,0.9048055324001227,-0.2507203421941191,0.853056793629862,0.8336906105118219,-0.6849837281165926,0.8085666669970842,0.10749237562073138,0.9841231756854657,0
0.21232733076517762,0.9009088760241706,-1.179024470547907,-0.07916027874787027,0.4405419421828948,-1.177851894974348,-1.042512820865339,0.853056793629862,1.286865031430813,-1.143668312693375,0.29255569570563505,-1.0036614357354983,0.9841231756854657,0
0.5512255078865883,-1.1099901739376037,-1.179024470547907,-0.07473841323234712,1.2854498274770565,-1.177851894974348,1.1745061194140765,-0.3041918912684436,0.001192415045823164,1.035083464046342,1.066572152642809,-0.7655570475877348,-1.0161329645585022,0
0.21232733076517762,0.9009088760241706,0.8491410419312149,0.3398114788479476,0.2715603651240624,0.9048055324001227,-0.2507203421941191,0.2744324511807092,0.16232109803924238,-0.6849837281165926,0.5505611813513597,-0.17029607721832604,-1.0161329645585022,0
0.7206745964472937,0.9009088760241706,-0.502969299721533,-0.07225901006828593,0.7785050963005594,-1.177851894974348,-0.5674373336626071,0.853056793629862,0.11868207972852446,-0.6849837281165926,0.03455021005991044,0.801963507718375,0.9841231756854657,0
0.890123685007999,0.9009088760241706,1.5251962127575889,-0.06973222977370128,0.9474866733593919,-1.177851894974348,-0.9316618738513681,-0.8828162337175963,-1.5496711587658354,-1.0289971665491795,0.29255569570563505,0.028124246238143545,-1.0161329645585022,0
0.0428782422044723,0.9009088760241706,-0.502969299721533,0.3669585746378915,0.4405419421828948,0.9048055324001227,-0.2507203421941191,-1.461440576166749,0.23617174441122635,-0.6849837281165926,-0.22345527558581418,0.7424374106814341,0.9841231756854657,0
0.38177641932588297,-1.1099901739376037,1.5251962127575889,-0.07067977238417052,1.1164682504182242,-1.177851894974348,-0.7257958293968509,-0.8828162337175963,0.7061304031420315,-0.7996548742607882,0.5505611813513597,1.8139071573463699,-1.0161329645585022,0
0.7206745964472937,0.9009088760241706,-0.502969299721533,-0.0709956199209936,0.6095235192417271,-1.177851894974348,1.6495816066168083,-0.8828162337175963,0.11868207972852446,1.4937680486231246,0.8085666669970842,0.8614896047553159,0.9841231756854657,0
0.21232733076517762,-1.1099901739376037,-0.502969299721533,0.36218927683186297,0.6095235192417271,0.9048055324001227,-0.2507203421941191,0.853056793629862,-0.12972463988633004,-0.6849837281165926,0.5505611813513597,-2.610866055732902,0.9841231756854657,0
0.21232733076517762,-1.1099901739376037,0.8491410419312149,-0.06531036425817813,0.6095235192417271,-1.177851894974348,1.6495816066168083,-0.3041918912684436,0.001192415045823164,1.379096902478929,1.066572152642809,0.7225953783357871,-1.0161329645585022,0
0.0428782422044723,0.9009088760241706,-0.502969299721533,-0.07104299705151707,-0.7423290972289317,-1.177851894974348,-0.7257958293968509,0.853056793629862,-0.25392799969375696,-0.7996548742607882,0.03455021005991044,1.298014316359549,0.9841231756854657,0
-0.12657084635623306,0.9009088760241706,-0.502969299721533,-0.06949534412108396,0.10257878806523006,-1.177851894974348,-0.9474977234247925,1.4316811360790147,-1.2979075915886182,-1.0289971665491795,0.8085666669970842,-0.8647672093159696,0.9841231756854657,0
0.0428782422044723,0.9009088760241706,-1.179024470547907,0.38305100663902747,0.10257878806523006,0.9048055324001227,-0.2507203421941191,0.2744324511807092,-1.6839450612603513,-0.6849837281165926,1.066572152642809,-1.3806600503027906,-1.0161329645585022,0
1.0595727735687044,-1.1099901739376037,1.5251962127575889,0.3934423906005069,1.1164682504182242,0.9048055324001227,-0.2507203421941191,0.2744324511807092,0.8336906105118219,-0.6849837281165926,0.8085666669970842,1.8139071573463699,-1.0161329645585022,0
0.7206745964472937,0.9009088760241706,1.5251962127575889,-0.07203791679250977,0.7785050963005594,0.21058638994196582,0.8577891279455886,-0.8828162337175963,0.3939435798422821,0.6910700256137552,0.03455021005991044,1.1988041546313142,-1.0161329645585022,0
-0.12657084635623306,0.9009088760241706,1.5251962127575889,0.4562012961672532,0.4405419421828948,0.9048055324001227,-0.2507203421941191,0.2744324511807092,-0.005521280078902488,-0.7996548742607882,1.066572152642809,1.3773824457421369,-1.0161329645585022,0
0.890123685007999,0.9009088760241706,-1.179024470547907,-0.0706481876304882,0.9474866733593919,0.21058638994196582,0.034324950127520015,-0.3041918912684436,0.9343960373827085,-0.11162799739561437,1.066572152642809,-0.32903233598350173,0.9841231756854657,0
0.7206745964472937,0.9009088760241706,-0.502969299721533,0.4608442549585525,0.9474866733593919,0.9048055324001227,-0.2507203421941191,0.853056793629862,-1.0495008719737637,-0.7996548742607882,-0.22345527558581418,-0.7853990799333818,0.9841231756854657,0
0.21232733076517762,0.9009088760241706,-0.502969299721533,-0.07808639712267178,0.6095235192417271,-1.177851894974348,0.06599664927436881,0.853056793629862,0.4711510737766289,-0.11162799739561437,0.8085666669970842,-1.12271362980938,0.9841231756854657,0
-0.12657084635623306,-1.1099901739376037,-0.502969299721533,0.5233978596263639,0.10257878806523006,0.9048055324001227,-0.2507203421941191,0.2744324511807092,0.001192415045823164,-0.7996548742607882,0.29255569570563505,0.8416475724096689,-1.0161329645585022,0
1.0595727735687044,-1.1099901739376037,-0.502969299721533,0.5168124384836026,1.4544314045358888,0.9048055324001227,-0.2507203421941191,-0.3041918912684436,0.001192415045823164,-0.7996548742607882,0.8085666669970842,-0.38855843302044263,0.9841231756854657,0
0.0428782422044723,-1.1099901739376037,1.5251962127575889,-0.18874358164863844,0.4405419421828948,-1.177851894974348,-0.7178779046101388,-0.3041918912684436,0.4308689030282738,-0.7996548742607882,-0.22345527558581418,0.5440170872249644,-1.0161329645585022,1
-0.12657084635623306,0.9009088760241706,-1.179024470547907,-0.1873222677329346,-0.06640278899360229,-1.177851894974348,2.4413740852880284,-0.8828162337175963,0.8538316958859994,2.640479510065081,0.5505611813513597,-1.162397694500674,-1.0161329645585022,1
0.0428782422044723,0.9009088760241706,-1.179024470547907,0.5541140325824085,-0.23538436605243465,0.9048055324001227,-0.2507203421941191,-0.8828162337175963,0.4745079213389917,-0.7996548742607882,0.03455021005991044,0.7424374106814341,-1.0161329645585022,0
0.5512255078865883,0.9009088760241706,-0.502969299721533,0.55262954915934,0.9474866733593919,0.9048055324001227,-0.2507203421941191,0.853056793629862,0.001192415045823164,-0.7996548742607882,1.066572152642809,0.40512286080543575,-1.0161329645585022,0
-0.12657084635623306,0.9009088760241706,0.8491410419312149,-0.07169048450200438,0.10257878806523006,-1.177851894974348,-0.9989642345384219,-0.3041918912684436,-0.5627579754311435,-1.143668312693375,0.5505611813513597,-0.6266628211682062,0.9841231756854657,0
0.21232733076517762,-1.1099901739376037,-0.502969299721533,-0.0707903190220586,-0.06640278899360229,-1.177851894974348,0.38271364074285674,0.2744324511807092,0.03476089066945202,0.23238544103697253,0.29255569570563505,0.3455967637684949,0.9841231756854657,0
0.21232733076517762,0.9009088760241706,-1.179024470547907,0.631749357133522,0.10257878806523006,0.9048055324001227,-0.2507203421941191,-0.3041918912684436,0.665848232393677,-0.7996548742607882,0.5505611813513597,1.0003838311748445,-1.0161329645585022,0
0.890123685007999,0.9009088760241706,0.17308587110484092,0.7221922993028115,0.6095235192417271,0.9048055324001227,-0.2507203421941191,-1.461440576166749,0.19253272610050842,-0.9143260204049839,0.5505611813513597,0.6630692812988462,-1.0161329645585022,0
0.5512255078865883,0.9009088760241706,-1.179024470547907,-0.06979539928106589,0.4405419421828948,-1.177851894974348,-0.7574675285436998,-0.8828162337175963,0.001192415045823164,-0.9143260204049839,1.066572152642809,0.286070666731554,0.9841231756854657,0
1.0595727735687044,-1.1099901739376037,1.5251962127575889,0.7413168676574491,1.4544314045358888,0.9048055324001227,-0.2507203421941191,0.853056793629862,-0.8816584938556186,-0.9143260204049839,0.5505611813513597,1.6154868338899002,0.9841231756854657,0
0.21232733076517762,0.9009088760241706,-0.502969299721533,0.7534927902019789,-0.911310674287764,0.9048055324001227,-0.2507203421941191,0.853056793629862,-1.1804179269059165,-0.9143260204049839,0.29255569570563505,-0.13061201252703214,-1.0161329645585022,0
0.0428782422044723,0.9009088760241706,-0.502969299721533,0.7099847920045994,-0.06640278899360229,0.9048055324001227,-0.2507203421941191,-0.8828162337175963,1.2096575374964662,-0.9143260204049839,1.066572152642809,0.20670253734896618,-1.0161329645585022,1
0.7206745964472937,0.9009088760241706,-1.179024470547907,-0.07025337820945936,0.6095235192417271,-1.177851894974348,-0.5674373336626071,0.2744324511807092,1.0955247203761276,-0.6849837281165926,0.03455021005991044,0.4448069254967297,0.9841231756854657,0
0.38177641932588297,-1.1099901739376037,-1.179024470547907,-0.060572651205831905,0.4405419421828948,-1.177851894974348,-0.09236184645987515,-0.3041918912684436,1.357358830240434,-0.2262991435398101,1.066572152642809,1.0003838311748445,0.9841231756854657,0
0.38177641932588297,0.9009088760241706,-1.179024470547907,0.7995749458244665,-0.23538436605243465,0.9048055324001227,-0.2507203421941191,0.853056793629862,1.327147202179168,-0.9143260204049839,0.29255569570563505,0.821805540064022,-1.0161329645585022,1
0.0428782422044723,-1.1099901739376037,-1.179024470547907,-0.06671588579704084,0.2715603651240624,-1.177851894974348,-0.9158260242779438,-1.461440576166749,-1.4724636648314886,-1.0289971665491795,0.29255569570563505,-0.22982217425526694,0.9841231756854657,0
1.2290218621294098,0.9009088760241706,0.8491410419312149,1.1220394885439917,1.4544314045358888,0.9048055324001227,-0.2507203421941191,-0.8828162337175963,0.001192415045823164,-1.0289971665491795,0.29255569570563505,0.028124246238143545,0.9841231756854657,0
0.38177641932588297,0.9009088760241706,0.8491410419312149,-0.06369954182038041,0.10257878806523006,-1.177851894974348,-0.5674373336626071,-0.3041918912684436,-1.6705176710108995,-0.6849837281165926,1.066572152642809,0.5241750548793175,-1.0161329645585022,0
0.890123685007999,-1.1099901739376037,-0.502969299721533,-0.18304253360898182,0.9474866733593919,-1.177851894974348,-0.17154109432699713,-0.8828162337175963,0.4745079213389917,-0.2262991435398101,0.03455021005991044,1.0400678958661385,-1.0161329645585022,1
1.0595727735687044,0.9009088760241706,-1.179024470547907,1.2181834787529378,1.2854498274770565,0.9048055324001227,-0.2507203421941191,1.4316811360790147,-0.005521280078902488,-1.0289971665491795,1.066572152642809,0.3455967637684949,-1.0161329645585022,0
-0.12657084635623306,0.9009088760241706,-0.502969299721533,-0.06368374944353926,0.10257878806523006,-1.177851894974348,-1.359229812333827,1.4316811360790147,-1.8752853723150364,-1.487681751125962,0.29255569570563505,0.46464895784237664,0.9841231756854657,0
0.38177641932588297,0.9009088760241706,0.8491410419312149,1.2636339393017793,-0.06640278899360229,0.9048055324001227,-0.2507203421941191,1.4316811360790147,0.860545391010725,-1.0289971665491795,-0.22345527558581418,0.06780831092943747,0.9841231756854657,0
-0.12657084635623306,0.9009088760241706,0.8491410419312149,-0.05788794714283571,-0.23538436605243465,-1.177851894974348,0.38271364074285674,-1.461440576166749,-1.8752853723150364,0.23238544103697253,0.5505611813513597,0.6630692812988462,0.9841231756854657,0
0.0428782422044723,0.9009088760241706,1.5251962127575889,-0.06336790190671618,-0.23538436605243465,-1.177851894974348,-0.6624524311031534,0.2744324511807092,-1.2475548781531747,-0.7996548742607882,0.29255569570563505,0.0479662785837905,0.9841231756854657,0
0.0428782422044723,0.9009088760241706,0.8491410419312149,1.5982586121889932,0.2715603651240624,0.9048055324001227,-0.2507203421941191,-0.8828162337175963,0.23617174441122635,-1.143668312693375,1.066572152642809,-2.2933935382025505,0.9841231756854657,0
0.5512255078865883,-1.1099901739376037,0.8491410419312149,-0.06472604631505542,0.4405419421828948,-1.177851894974348,-0.17154109432699713,-0.8828162337175963,1.0351014642535956,-0.34097028968400567,-0.22345527558581418,-0.8250831446246757,0.9841231756854657,0
0.5512255078865883,0.9009088760241706,-0.502969299721533,-0.17178256892123897,0.9474866733593919,-1.177851894974348,-0.8841543251310949,0.2744324511807092,0.7866947446387411,-0.9143260204049839,-0.22345527558581418,-0.46792656240303043,-1.0161329645585022,1
-0.12657084635623306,0.9009088760241706,-0.502969299721533,1.601622388456159,-0.404365943111267,0.9048055324001227,-0.2507203421941191,-0.8828162337175963,0.001192415045823164,-1.143668312693375,0.29255569570563505,0.7622794430270811,0.9841231756854657,0
0.890123685007999,0.9009088760241706,0.8491410419312149,1.6926812333222534,1.1164682504182242,0.9048055324001227,-0.2507203421941191,0.2744324511807092,-1.0427871768490378,-1.143668312693375,0.03455021005991044,-1.3012919209202027,0.9841231756854657,0
0.0428782422044723,-1.1099901739376037,0.8491410419312149,1.7852719387419398,0.10257878806523006,0.9048055324001227,-0.2507203421941191,0.853056793629862,0.5651428055227898,-1.143668312693375,0.29255569570563505,-0.4282424977117365,0.9841231756854657,0
-0.12657084635623306,0.9009088760241706,-1.179024470547907,1.7836137391736187,-0.06640278899360229,0.9048055324001227,-0.2507203421941191,-0.8828162337175963,0.4745079213389917,-1.143668312693375,0.8085666669970842,-0.190138109563973,0.9841231756854657,0
0.21232733076517762,-1.1099901739376037,-1.179024470547907,2.830790455133705,0.10257878806523006,0.9048055324001227,-0.2507203421941191,0.2744324511807092,-0.0995130118250634,-1.2583394588375707,0.29255569570563505,0.32575473142284794,0.9841231756854657,0
0.5512255078865883,-1.1099901739376037,-0.502969299721533,9.21493775505445,0.7785050963005594,0.9048055324001227,-0.2507203421941191,0.853056793629862,-1.2475548781531747,-1.487681751125962,1.066572152642809,-0.9044512740072636,0.9841231756854657,0
0.7206745964472937,0.9009088760241706,0.8491410419312149,-0.06028838842269113,0.7785050963005594,-1.177851894974348,1.6495816066168083,-1.461440576166749,0.5114332445249834,1.379096902478929,0.03455021005991044,-0.22982217425526694,0.9841231756854657,0
0.38177641932588297,-1.1099901739376037,-1.179024470547907,11.037378042523631,0.4405419421828948,0.9048055324001227,-0.2507203421941191,-1.461440576166749,0.5785701957722418,-1.487681751125962,1.066572152642809,0.16701847265767225,0.9841231756854657,0
-0.12657084635623306,0.9009088760241706,1.5251962127575889,0.018278686362050444,-0.23538436605243465,0.9048055324001227,-0.2428024174074069,-1.461440576166749,1.2465828606824585,-0.45564143582820127,0.8085666669970842,1.8337491896920168,-1.0161329645585022,0
0.890123685007999,-1.1099901739376037,-0.502969299721533,-0.20024043198899863,0.6095235192417271,0.9048055324001227,-0.23488449262069472,1.4316811360790147,0.001192415045823164,-0.2262991435398101,1.066572152642809,-2.630708088078549,0.9841231756854657,0
0.38177641932588297,-1.1099901739376037,-1.179024470547907,-0.05799849378072379,0.9474866733593919,-1.177851894974348,-1.01084112171849,0.853056793629862,0.001192415045823164,-1.143668312693375,0.5505611813513597,0.7225953783357871,0.9841231756854657,0
0.7206745964472937,0.9009088760241706,-1.179024470547907,-0.5795733237135198,0.7785050963005594,0.9048055324001227,-0.22696656783398253,0.2744324511807092,1.8407448792206904,0.5763988794695595,-0.22345527558581418,1.3972244780877838,-1.0161329645585022,0
1.2290218621294098,-1.1099901739376037,-1.179024470547907,-0.058330133694388026,1.2854498274770565,0.21058638994196582,-1.2642147148932805,0.2744324511807092,-1.8752853723150364,-1.3730106049817663,-0.22345527558581418,-0.5274526594399713,-1.0161329645585022,0
-0.12657084635623306,0.9009088760241706,-1.179024470547907,-0.06415752074877389,0.2715603651240624,-1.177851894974348,0.38271364074285674,-1.461440576166749,-1.1233515183457474,0.23238544103697253,0.5505611813513597,0.5837011519162584,0.9841231756854657,0
0.38177641932588297,0.9009088760241706,1.5251962127575889,-0.06306784674673424,-0.23538436605243465,-1.177851894974348,0.8577891279455886,0.2744324511807092,-1.3751150855229646,0.6910700256137552,1.066572152642809,0.5638591195706114,0.9841231756854657,0
0.890123685007999,0.9009088760241706,-1.179024470547907,-0.43673127518528104,0.6095235192417271,0.9048055324001227,-0.2190486430472703,-1.461440576166749,-1.0495008719737637,0.23238544103697253,0.8085666669970842,-0.09092794783573821,0.9841231756854657,0
0.21232733076517762,0.9009088760241706,-0.502969299721533,-0.05915133729012804,-0.06640278899360229,-1.177851894974348,-0.7257958293968509,-1.461440576166749,0.11868207972852446,-0.7996548742607882,0.29255569570563505,0.9805417988291976,0.9841231756854657,0
0.21232733076517762,-1.1099901739376037,-0.502969299721533,0.2109772685778126,0.6095235192417271,0.9048055324001227,-0.21508968065391423,-0.8828162337175963,0.001192415045823164,-0.570312581972397,1.066572152642809,-0.38855843302044263,0.9841231756854657,0
0.5512255078865883,-1.1099901739376037,-1.179024470547907,-0.060841121612131524,0.6095235192417271,0.21058638994196582,-1.042512820865339,1.4316811360790147,0.9780350556934264,-1.143668312693375,-0.22345527558581418,-1.0036614357354983,0.9841231756854657,0
0.0428782422044723,0.9009088760241706,-0.502969299721533,-0.6287823699505559,0.2715603651240624,0.9048055324001227,-0.21113071826055813,0.2744324511807092,-1.173704231781191,0.8057411717579506,1.066572152642809,0.6233852166075523,-1.0161329645585022,0
1.2290218621294098,-1.1099901739376037,-0.502969299721533,-0.3387553692627611,1.2854498274770565,0.9048055324001227,-0.21113071826055813,0.2744324511807092,-1.173704231781191,0.003043148748581378,0.03455021005991044,-1.9163949236352584,-1.0161329645585022,0
-0.12657084635623306,0.9009088760241706,1.5251962127575889,-0.05915133729012804,-0.23538436605243465,-1.177851894974348,2.4413740852880284,-0.8828162337175963,1.286865031430813,2.1817949254882985,-0.22345527558581418,-0.6663468858595001,0.9841231756854657,0
0.0428782422044723,0.9009088760241706,-1.179024470547907,-0.1747989128978994,0.4405419421828948,-1.177851894974348,1.0636551724001058,0.853056793629862,1.3103629643673533,1.1497546101905376,1.066572152642809,1.298014316359549,-1.0161329645585022,1
0.0428782422044723,0.9009088760241706,0.8491410419312149,-0.05670351887974915,0.10257878806523006,-1.177851894974348,0.38271364074285674,-1.461440576166749,0.001192415045823164,0.23238544103697253,0.03455021005991044,0.20670253734896618,-1.0161329645585022,0
0.890123685007999,0.9009088760241706,-0.502969299721533,-0.051413072637962534,0.7785050963005594,0.21058638994196582,-0.3972019507482948,0.853056793629862,2.206641263518246,-0.570312581972397,0.5505611813513597,-0.40840046536608954,0.9841231756854657,0
0.7206745964472937,0.9009088760241706,-1.179024470547907,-0.8843188196172701,0.2715603651240624,0.9048055324001227,-0.19925383108048983,0.853056793629862,-1.4724636648314886,2.411137217776689,0.8085666669970842,0.028124246238143545,-1.0161329645585022,1
0.5512255078865883,0.9009088760241706,1.5251962127575889,-0.7395816858680929,0.7785050963005594,0.9048055324001227,-0.19925383108048983,1.4316811360790147,-1.173704231781191,1.2644257563347332,0.29255569570563505,0.46464895784237664,-1.0161329645585022,1
0.0428782422044723,-1.1099901739376037,0.8491410419312149,0.28896002541943144,0.10257878806523006,0.9048055324001227,-0.19529486868713372,0.853056793629862,-1.1804179269059165,-0.570312581972397,0.5505611813513597,0.5440170872249644,-1.0161329645585022,0
-0.12657084635623306,0.9009088760241706,0.8491410419312149,-0.05123935649270984,0.2715603651240624,-1.177851894974348,0.9369683758127106,-1.461440576166749,1.223084927745918,0.6910700256137552,-0.22345527558581418,0.5638591195706114,-1.0161329645585022,0
0.890123685007999,0.9009088760241706,1.5251962127575889,-0.05007072060646443,0.7785050963005594,-1.177851894974348,1.3724542390818815,-1.461440576166749,-0.707102420612748,1.1497546101905376,0.8085666669970842,1.317856348705196,-1.0161329645585022,0
0.0428782422044723,-1.1099901739376037,0.8491410419312149,-0.6778650771728628,0.4405419421828948,0.9048055324001227,-0.18737694390042153,0.853056793629862,0.2965950005337584,1.035083464046342,1.066572152642809,1.0003838311748445,0.9841231756854657,0
0.5512255078865883,0.9009088760241706,0.8491410419312149,-0.052455369509478704,0.6095235192417271,0.21058638994196582,-0.7257958293968509,0.2744324511807092,-1.6705176710108995,-0.7996548742607882,-0.22345527558581418,-0.5076106270943244,0.9841231756854657,0
0.38177641932588297,-1.1099901739376037,-1.179024470547907,-0.6379893256489487,0.4405419421828948,0.9048055324001227,-0.18737694390042153,-0.3041918912684436,0.9981761410676039,0.8057411717579506,0.8085666669970842,0.7027533459901402,-1.0161329645585022,1
0.38177641932588297,-1.1099901739376037,1.5251962127575889,-0.05158678878321523,0.2715603651240624,-1.177851894974348,-0.963333572998217,-1.461440576166749,-1.1804179269059165,-1.0289971665491795,0.29255569570563505,-1.0433455004267922,0.9841231756854657,0
-0.12657084635623306,0.9009088760241706,-1.179024470547907,-0.04972328831595905,-0.911310674287764,-1.177851894974348,-1.248378865319856,-0.8828162337175963,-0.8447331706696268,-1.3730106049817663,-0.22345527558581418,-0.5076106270943244,0.9841231756854657,0
1.0595727735687044,0.9009088760241706,0.8491410419312149,-0.627566356933787,0.7785050963005594,0.9048055324001227,-0.18737694390042153,-1.461440576166749,1.327147202179168,0.8057411717579506,-0.22345527558581418,0.38528082845978884,-1.0161329645585022,1
-0.12657084635623306,-1.1099901739376037,1.5251962127575889,-0.05226586098738485,0.4405419421828948,-1.177851894974348,-0.8208109268373974,-1.461440576166749,-1.6839450612603513,-0.9143260204049839,0.5505611813513597,0.7225953783357871,0.9841231756854657,0
0.0428782422044723,0.9009088760241706,-0.502969299721533,-0.05081296231799868,-0.7423290972289317,-1.177851894974348,-0.15966420714692883,-0.8828162337175963,0.8336906105118219,-0.34097028968400567,0.5505611813513597,-2.154499311783022,0.9841231756854657,0
1.2290218621294098,0.9009088760241706,-1.179024470547907,-0.6233182075635165,0.7785050963005594,0.9048055324001227,-0.18737694390042153,1.4316811360790147,1.3103629643673533,0.8057411717579506,0.5505611813513597,-0.8846092416616166,0.9841231756854657,0
1.0595727735687044,0.9009088760241706,1.5251962127575889,-0.052028975334767545,0.9474866733593919,-1.177851894974348,1.3328646151483206,-1.461440576166749,0.16232109803924238,1.035083464046342,0.8085666669970842,1.1591200899400202,-1.0161329645585022,0
1.0595727735687044,-1.1099901739376037,-0.502969299721533,-0.1637284567322504,0.9474866733593919,-1.177851894974348,-1.1058562191590364,-0.3041918912684436,-1.6839450612603513,-1.143668312693375,0.29255569570563505,0.10749237562073138,-1.0161329645585022,1
0.5512255078865883,-1.1099901739376037,-0.502969299721533,-0.6151061716061165,0.4405419421828948,0.9048055324001227,-0.18737694390042153,0.2744324511807092,2.491973306319093,0.8057411717579506,-0.22345527558581418,0.5638591195706114,-1.0161329645585022,1
0.21232733076517762,-1.1099901739376037,1.5251962127575889,-0.05457154800619335,-0.23538436605243465,-1.177851894974348,-0.34573543963466546,0.2744324511807092,-0.005521280078902488,-0.45564143582820127,1.066572152642809,0.028124246238143545,0.9841231756854657,0
0.0428782422044723,-1.1099901739376037,-0.502969299721533,-0.049060008488630576,-0.06640278899360229,-1.177851894974348,-0.5040939353689095,-0.3041918912684436,1.2700807936189982,-0.6849837281165926,0.8085666669970842,0.821805540064022,0.9841231756854657,0
-0.12657084635623306,-1.1099901739376037,-1.179024470547907,-0.054334662353576035,-0.06640278899360229,-1.177851894974348,-0.8841543251310949,-1.461440576166749,-1.3482603050240614,-1.0289971665491795,0.29255569570563505,-0.26950623894656084,0.9841231756854657,0
-0.12657084635623306,-1.1099901739376037,-1.179024470547907,-0.05360821301888295,0.2715603651240624,-1.177851894974348,1.3328646151483206,0.853056793629862,-1.1804179269059165,1.1497546101905376,0.8085666669970842,0.5241750548793175,0.9841231756854657,0
-0.12657084635623306,-1.1099901739376037,-0.502969299721533,-0.544435285241952,0.2715603651240624,0.9048055324001227,-0.18737694390042153,0.2744324511807092,-0.3680608168140954,0.4617277333253637,0.29255569570563505,0.6829113136444932,0.9841231756854657,0
1.0595727735687044,0.9009088760241706,-1.179024470547907,-0.6118213572231563,1.6234129815947211,0.9048055324001227,-0.18737694390042153,0.2744324511807092,-0.005521280078902488,0.6910700256137552,0.8085666669970842,-0.30919030363785477,-1.0161329645585022,1
0.890123685007999,-1.1099901739376037,-0.502969299721533,-0.46896351631807653,1.4544314045358888,0.9048055324001227,-0.18737694390042153,0.2744324511807092,0.23617174441122635,0.3470565871811683,0.03455021005991044,0.26622863438590705,0.9841231756854657,0
0.7206745964472937,0.9009088760241706,-1.179024470547907,-0.05243957713263755,1.2854498274770565,-1.177851894974348,-0.2507203421941191,0.853056793629862,-1.623521805137819,-0.45564143582820127,0.5505611813513597,0.801963507718375,-1.0161329645585022,0
0.0428782422044723,0.9009088760241706,-0.502969299721533,-0.05577176864612106,-0.06640278899360229,-1.177851894974348,0.30353439287573475,-0.3041918912684436,-0.34120603631519225,0.1177142948927768,0.5505611813513597,-0.5076106270943244,0.9841231756854657,0
-0.12657084635623306,0.9009088760241706,0.8491410419312149,-0.048491482922349026,-0.404365943111267,-1.177851894974348,-0.804975077263973,-1.461440576166749,-0.7138161157374736,-0.9143260204049839,0.29255569570563505,-1.8370267942526706,-1.0161329645585022,0
0.7206745964472937,0.9009088760241706,-0.502969299721533,-0.44184800528181495,0.6095235192417271,0.9048055324001227,-0.18737694390042153,-1.461440576166749,-1.0495008719737637,0.23238544103697253,0.8085666669970842,-0.5274526594399713,0.9841231756854657,0
0.0428782422044723,0.9009088760241706,0.8491410419312149,-0.052186899103179085,0.2715603651240624,-1.177851894974348,0.6202513843442227,1.4316811360790147,0.7464125738903866,0.4617277333253637,-0.22345527558581418,-0.5671367241312653,0.9841231756854657,0
0.21232733076517762,0.9009088760241706,0.8491410419312149,-0.06076215972792575,0.2715603651240624,0.21058638994196582,0.8577891279455886,-0.3041918912684436,0.001192415045823164,0.6910700256137552,0.29255569570563505,0.7225953783357871,0.9841231756854657,0
0.21232733076517762,0.9009088760241706,-1.179024470547907,-0.04534879993095937,0.4405419421828948,0.21058638994196582,-0.09236184645987515,0.2744324511807092,0.001192415045823164,-0.2262991435398101,0.8085666669970842,0.008282213892496587,0.9841231756854657,0
1.2290218621294098,0.9009088760241706,-0.502969299721533,-0.29733196480841395,1.1164682504182242,0.9048055324001227,-0.18737694390042153,1.4316811360790147,-1.2475548781531747,0.003043148748581378,0.8085666669970842,-0.3488743683291487,0.9841231756854657,0
0.38177641932588297,-1.1099901739376037,-1.179024470547907,-0.1632073082964923,1.1164682504182242,-1.177851894974348,-0.09236184645987515,0.2744324511807092,2.3241309282009484,-0.11162799739561437,0.03455021005991044,0.9210157017922567,-1.0161329645585022,1
0.38177641932588297,0.9009088760241706,-0.502969299721533,-0.052502746640002165,0.4405419421828948,-1.177851894974348,-0.2507203421941191,-0.8828162337175963,-0.25392799969375696,-0.45564143582820127,0.03455021005991044,0.5440170872249644,0.9841231756854657,0
1.0595727735687044,0.9009088760241706,-1.179024470547907,-0.06077795210476691,0.6095235192417271,-1.177851894974348,0.8577891279455886,-1.461440576166749,-0.005521280078902488,0.6910700256137552,0.8085666669970842,1.1392780575943733,0.9841231756854657,0
0.890123685007999,-1.1099901739376037,-0.502969299721533,-0.05014968249067021,0.9474866733593919,0.21058638994196582,0.5094004373302519,-0.8828162337175963,-1.0495008719737637,0.3470565871811683,1.066572152642809,0.8614896047553159,0.9841231756854657,0
0.7206745964472937,0.9009088760241706,-0.502969299721533,-0.2912518997245696,0.9474866733593919,0.9048055324001227,-0.18737694390042153,-0.8828162337175963,0.4745079213389917,0.003043148748581378,0.29255569570563505,0.9606997664835506,-1.0161329645585022,0
-0.12657084635623306,0.9009088760241706,0.8491410419312149,-0.28360838933345106,-0.7423290972289317,0.9048055324001227,-0.18737694390042153,-0.3041918912684436,-0.0995130118250634,0.003043148748581378,-0.22345527558581418,-1.6386064707962011,0.9841231756854657,0
0.0428782422044723,0.9009088760241706,-1.179024470547907,-0.05329236548205987,0.4405419421828948,-1.177851894974348,-0.2507203421941191,-0.3041918912684436,0.5785701957722418,-0.45564143582820127,0.8085666669970842,0.6432272489531993,0.9841231756854657,0
0.21232733076517762,-1.1099901739376037,-1.179024470547907,-0.05196580582740293,0.2715603651240624,-1.177851894974348,-0.7257958293968509,-0.3041918912684436,0.04483143335654109,-0.7996548742607882,0.8085666669970842,0.028124246238143545,-1.0161329645585022,0
0.5512255078865883,-1.1099901739376037,-0.502969299721533,-0.051460449768485995,0.10257878806523006,-1.177851894974348,-0.4090788379283631,1.4316811360790147,0.9780350556934264,-0.570312581972397,0.29255569570563505,1.1392780575943733,0.9841231756854657,0
0.21232733076517762,0.9009088760241706,-1.179024470547907,-0.2606146886527307,-0.06640278899360229,0.9048055324001227,-0.18737694390042153,1.4316811360790147,-1.7510820125076092,-0.11162799739561437,0.03455021005991044,0.38528082845978884,-1.0161329645585022,0
0.21232733076517762,-1.1099901739376037,-0.502969299721533,-0.05502952693458682,0.2715603651240624,-1.177851894974348,2.4413740852880284,-0.3041918912684436,0.15896425047687956,2.1817949254882985,0.5505611813513597,-0.8647672093159696,0.9841231756854657,0
0.7206745964472937,0.9009088760241706,-1.179024470547907,-0.0553453744714099,0.7785050963005594,-1.177851894974348,-0.4090788379283631,-0.8828162337175963,0.860545391010725,-0.570312581972397,0.29255569570563505,0.286070666731554,-1.0161329645585022,0
-0.12657084635623306,0.9009088760241706,-0.502969299721533,-0.24150591267493426,-0.06640278899360229,0.9048055324001227,-0.18737694390042153,1.4316811360790147,0.2865244578466693,-0.11162799739561437,1.066572152642809,-0.11076998018138517,0.9841231756854657,0
-0.12657084635623306,-1.1099901739376037,-0.502969299721533,-0.05131831837691561,-0.23538436605243465,-0.4836327525161911,-0.804975077263973,-1.461440576166749,-0.46205254856025635,-0.9143260204049839,0.5505611813513597,0.7225953783357871,0.9841231756854657,0
-0.12657084635623306,0.9009088760241706,-0.502969299721533,-0.30600197969420756,-0.23538436605243465,0.9048055324001227,-0.18737694390042153,-0.8828162337175963,0.001192415045823164,0.003043148748581378,-0.22345527558581418,0.26622863438590705,-1.0161329645585022,1
-0.12657084635623306,0.9009088760241706,1.5251962127575889,-0.0537977215409768,-0.5733475201700994,-1.177851894974348,-1.121692068732461,0.853056793629862,-1.1166378232210217,-1.2583394588375707,0.29255569570563505,-2.3330776028938445,0.9841231756854657,0
0.38177641932588297,-1.1099901739376037,1.5251962127575889,-0.14474601976918317,0.9474866733593919,0.9048055324001227,-0.18737694390042153,-1.461440576166749,0.6624913848313142,-0.2262991435398101,0.5505611813513597,0.782121475372728,-1.0161329645585022,0
0.890123685007999,-1.1099901739376037,0.8491410419312149,-0.16642895317208772,0.4405419421828948,-1.177851894974348,0.06599664927436881,-0.8828162337175963,1.5688402266692962,0.003043148748581378,0.5505611813513597,0.5043330225336705,-1.0161329645585022,1
0.38177641932588297,0.9009088760241706,1.5251962127575889,-0.24968636387865206,-0.06640278899360229,0.9048055324001227,-0.18737694390042153,-0.3041918912684436,-1.1804179269059165,-0.11162799739561437,0.03455021005991044,0.6432272489531993,-1.0161329645585022,1
0.0428782422044723,-1.1099901739376037,-0.502969299721533,-0.05673510363343146,0.7785050963005594,-1.177851894974348,-0.7257958293968509,-0.8828162337175963,0.8941138666343539,-0.7996548742607882,0.29255569570563505,0.6233852166075523,0.9841231756854657,0
-0.12657084635623306,0.9009088760241706,-0.502969299721533,-0.05659297224186107,-0.23538436605243465,0.21058638994196582,-0.013182598592753173,0.2744324511807092,-0.9857207682888686,-0.2262991435398101,0.03455021005991044,1.317856348705196,0.9841231756854657,0
-0.12657084635623306,0.9009088760241706,-0.502969299721533,-0.017348915791593172,0.2715603651240624,0.9048055324001227,-0.18737694390042153,-0.8828162337175963,-1.3482603050240614,-0.34097028968400567,-0.22345527558581418,1.0003838311748445,0.9841231756854657,0
0.7206745964472937,0.9009088760241706,-1.179024470547907,-0.008505184760546885,0.9474866733593919,0.9048055324001227,-0.18737694390042153,0.853056793629862,0.8739727812601764,-0.34097028968400567,0.8085666669970842,0.10749237562073138,0.9841231756854657,0
0.5512255078865883,0.9009088760241706,0.8491410419312149,-0.045475138945688595,0.7785050963005594,-1.177851894974348,2.2830155895537843,-1.461440576166749,0.27645391515958084,1.952452633199907,0.03455021005991044,-1.3012919209202027,0.9841231756854657,0
-0.12657084635623306,0.9009088760241706,-1.179024470547907,-0.043911693638414344,0.2715603651240624,-1.177851894974348,-0.2507203421941191,-0.3041918912684436,0.11868207972852446,-0.45564143582820127,1.066572152642809,-0.32903233598350173,0.9841231756854657,0
-0.12657084635623306,0.9009088760241706,-1.179024470547907,0.09643515934892201,-0.911310674287764,0.9048055324001227,-0.18737694390042153,-0.8828162337175963,0.5382880250238866,-0.45564143582820127,1.066572152642809,-0.15045404487267908,-1.0161329645585022,0
0.0428782422044723,0.9009088760241706,-0.502969299721533,0.00011745299472324578,0.10257878806523006,0.9048055324001227,-0.18737694390042153,-1.461440576166749,-1.173704231781191,-0.34097028968400567,0.5505611813513597,0.12733440796637835,-1.0161329645585022,1
0.21232733076517762,0.9009088760241706,1.5251962127575889,-0.04190606177958777,0.6095235192417271,0.21058638994196582,1.6495816066168083,-0.8828162337175963,-0.707102420612748,1.379096902478929,1.066572152642809,1.5162766721616654,0.9841231756854657,0
1.0595727735687044,0.9009088760241706,0.8491410419312149,-0.04331158331845049,1.1164682504182242,-1.177851894974348,-0.7060010174300705,-0.3041918912684436,-0.8447331706696268,-0.7996548742607882,-0.22345527558581418,0.10749237562073138,0.9841231756854657,0
0.0428782422044723,0.9009088760241706,-0.502969299721533,0.17511278077155165,0.4405419421828948,0.9048055324001227,-0.18737694390042153,-1.461440576166749,0.04483143335654109,-0.570312581972397,-0.22345527558581418,-0.3488743683291487,-1.0161329645585022,1
0.38177641932588297,0.9009088760241706,-0.502969299721533,-0.045996287381446684,0.4405419421828948,-1.177851894974348,0.38271364074285674,1.4316811360790147,1.451350561986595,0.23238544103697253,0.8085666669970842,0.7424374106814341,0.9841231756854657,0
1.0595727735687044,-1.1099901739376037,0.8491410419312149,0.6905285837362976,1.2854498274770565,0.9048055324001227,-0.18737694390042153,-0.8828162337175963,2.0757242085860943,-0.7996548742607882,1.066572152642809,-0.051243883144444294,-1.0161329645585022,0
-0.12657084635623306,0.9009088760241706,1.5251962127575889,-0.15790106967786452,-0.404365943111267,-1.177851894974348,1.1745061194140765,0.2744324511807092,0.3939435798422821,1.1497546101905376,0.5505611813513597,0.22654456969461315,-1.0161329645585022,1
0.0428782422044723,0.9009088760241706,-1.179024470547907,-0.04425912592891973,0.4405419421828948,-1.177851894974348,0.4618928886099787,-0.3041918912684436,0.001192415045823164,0.23238544103697253,1.066572152642809,-0.051243883144444294,0.9841231756854657,0
0.0428782422044723,0.9009088760241706,-1.179024470547907,-0.03985305279023774,-0.06640278899360229,-1.177851894974348,-1.042512820865339,-1.461440576166749,0.001192415045823164,-1.143668312693375,0.29255569570563505,-0.4282424977117365,0.9841231756854657,0
1.2290218621294098,0.9009088760241706,0.8491410419312149,-0.15317914900235946,1.4544314045358888,-1.177851894974348,-1.2008713165995828,0.853056793629862,-1.4254677989584081,-1.2583394588375707,0.8085666669970842,0.20670253734896618,-1.0161329645585022,1
0.5512255078865883,0.9009088760241706,-1.179024470547907,-0.8846820442846166,0.6095235192417271,0.9048055324001227,-0.17154109432699713,-0.3041918912684436,0.001192415045823164,2.525808363920885,0.03455021005991044,-0.5671367241312653,-1.0161329645585022,1
0.890123685007999,-1.1099901739376037,1.5251962127575889,-0.033946703851646116,1.1164682504182242,-1.177851894974348,-0.17154109432699713,-1.461440576166749,0.7464125738903866,-0.34097028968400567,0.5505611813513597,1.2186461869769611,0.9841231756854657,0
0.0428782422044723,0.9009088760241706,-0.502969299721533,-0.8671209212372534,0.10257878806523006,0.9048055324001227,-0.17154109432699713,0.2744324511807092,-0.7138161157374736,2.2964660716324943,1.066572152642809,0.38528082845978884,-1.0161329645585022,1
0.21232733076517762,0.9009088760241706,1.5251962127575889,-0.03288861460328879,-0.06640278899360229,-1.177851894974348,-1.042512820865339,0.2744324511807092,0.001192415045823164,-1.143668312693375,1.066572152642809,-0.03140185079879733,-1.0161329645585022,0
0.38177641932588297,-1.1099901739376037,0.8491410419312149,0.610840250195834,0.2715603651240624,0.9048055324001227,-0.16758213193364102,0.853056793629862,-0.07601507888852362,-0.7996548742607882,0.8085666669970842,0.4249648931510827,-1.0161329645585022,1
0.38177641932588297,-1.1099901739376037,-0.502969299721533,-0.034989000723162286,-0.06640278899360229,-1.177851894974348,0.8577891279455886,-0.3041918912684436,2.344272013575125,0.5763988794695595,-0.22345527558581418,0.5241750548793175,-1.0161329645585022,0
-0.12657084635623306,-1.1099901739376037,1.5251962127575889,-0.03369402582218765,0.2715603651240624,-1.177851894974348,1.6495816066168083,-1.461440576166749,-1.4993184453303918,1.379096902478929,1.066572152642809,1.1789621222856672,0.9841231756854657,0
0.21232733076517762,0.9009088760241706,-1.179024470547907,-0.7178039982041414,0.10257878806523006,0.9048055324001227,-0.15966420714692883,0.853056793629862,2.8243012149930204,1.2644257563347332,0.5505611813513597,0.5440170872249644,-1.0161329645585022,1
0.890123685007999,0.9009088760241706,1.5251962127575889,-0.034215174257945735,0.4405419421828948,-1.177851894974348,-1.01084112171849,-1.461440576166749,-1.8752853723150364,-1.143668312693375,0.03455021005991044,0.008282213892496587,0.9841231756854657,0
0.21232733076517762,0.9009088760241706,-0.502969299721533,-0.032857029849606485,0.10257878806523006,0.21058638994196582,0.38271364074285674,0.853056793629862,0.5382880250238866,0.1177142948927768,-0.22345527558581418,-0.17029607721832604,-1.0161329645585022,0
-0.12657084635623306,-1.1099901739376037,-0.502969299721533,-0.5811999385281587,0.10257878806523006,0.9048055324001227,-0.15966420714692883,1.4316811360790147,1.4312094766124175,0.6910700256137552,0.03455021005991044,1.4964346398160184,0.9841231756854657,0
1.0595727735687044,-1.1099901739376037,1.5251962127575889,-0.03127779216549108,1.6234129815947211,-1.177851894974348,-0.5040939353689095,-0.8828162337175963,-1.0092187012254088,-0.6849837281165926,0.8085666669970842,1.0400678958661385,0.9841231756854657,0
-0.12657084635623306,0.9009088760241706,0.8491410419312149,-0.6791284673201551,-0.404365943111267,0.9048055324001227,-0.15570524475357272,-0.8828162337175963,-1.173704231781191,1.035083464046342,0.5505611813513597,-0.13061201252703214,-1.0161329645585022,0
-0.12657084635623306,-1.1099901739376037,0.17308587110484092,-0.6416531570760965,-0.23538436605243465,0.9048055324001227,-0.15570524475357272,0.2744324511807092,1.6829730437896346,0.9204123179021463,0.03455021005991044,1.0202258635204915,-1.0161329645585022,1
1.2290218621294098,0.9009088760241706,-0.502969299721533,-0.5824159515449275,1.1164682504182242,0.9048055324001227,-0.15570524475357272,0.853056793629862,1.6729025011025462,0.6910700256137552,-0.22345527558581418,0.9805417988291976,-1.0161329645585022,0
0.38177641932588297,0.9009088760241706,-0.502969299721533,-0.036157636609407684,-0.06640278899360229,-1.177851894974348,0.0976683484212176,-0.3041918912684436,-1.4724636648314886,-0.11162799739561437,0.5505611813513597,0.821805540064022,0.9841231756854657,0
0.38177641932588297,-1.1099901739376037,0.8491410419312149,-0.4271453024427005,0.2715603651240624,0.9048055324001227,-0.15570524475357272,1.4316811360790147,0.11868207972852446,0.23238544103697253,-0.22345527558581418,-2.670392152769843,0.9841231756854657,0
-0.12657084635623306,-1.1099901739376037,-0.502969299721533,-0.6815289086000105,-0.404365943111267,0.9048055324001227,-0.14778731996686054,0.853056793629862,-0.6936750303632967,1.1497546101905376,0.03455021005991044,1.6551708985811941,-1.0161329645585022,0
0.5512255078865883,0.9009088760241706,0.8491410419312149,-0.09343658741227355,0.7785050963005594,0.9048055324001227,-0.14778731996686054,0.853056793629862,-0.8447331706696268,-0.2262991435398101,0.5505611813513597,-0.2893482712922078,-1.0161329645585022,0
0.0428782422044723,-1.1099901739376037,1.5251962127575889,-0.03412041999689881,0.10257878806523006,-1.177851894974348,-0.4090788379283631,-0.8828162337175963,0.23617174441122635,-0.570312581972397,0.8085666669970842,0.3654387961141419,0.9841231756854657,0
0.0428782422044723,-1.1099901739376037,-1.179024470547907,-0.02976172398874028,-0.23538436605243465,-1.177851894974348,0.38271364074285674,1.4316811360790147,-1.6705176710108995,0.1177142948927768,0.5505611813513597,0.40512286080543575,-1.0161329645585022,0
0.0428782422044723,0.9009088760241706,-1.179024470547907,-0.7093708689709651,0.10257878806523006,0.9048055324001227,-0.13986939518014835,1.4316811360790147,1.2096575374964662,1.2644257563347332,1.066572152642809,0.3455967637684949,-1.0161329645585022,1
0.38177641932588297,0.9009088760241706,-0.502969299721533,-0.6430113014844357,0.4405419421828948,0.9048055324001227,-0.13986939518014835,0.853056793629862,1.5352717510456675,0.9204123179021463,1.066572152642809,0.6829113136444932,-1.0161329645585022,1
0.7206745964472937,0.9009088760241706,0.8491410419312149,-0.48137632451522366,0.4405419421828948,0.9048055324001227,-0.13986939518014835,0.2744324511807092,0.5382880250238866,0.4617277333253637,-0.22345527558581418,0.38528082845978884,-1.0161329645585022,0
0.21232733076517762,-1.1099901739376037,1.5251962127575889,-0.3916914164343096,0.2715603651240624,0.9048055324001227,-0.13986939518014835,-0.8828162337175963,-1.0495008719737637,0.23238544103697253,0.8085666669970842,1.337698381050843,0.9841231756854657,0
0.5512255078865883,-1.1099901739376037,0.17308587110484092,-0.14220344709775737,0.4405419421828948,-1.177851894974348,1.0161476236798326,-1.461440576166749,0.001192415045823164,1.035083464046342,0.5505611813513597,0.46464895784237664,-1.0161329645585022,1
-0.12657084635623306,-1.1099901739376037,-1.179024470547907,-0.035004793100003435,-0.23538436605243465,-1.177851894974348,-0.963333572998217,0.2744324511807092,0.3301634761573873,-1.0289971665491795,0.5505611813513597,-1.162397694500674,0.9841231756854657,0
0.890123685007999,-1.1099901739376037,-1.179024470547907,-0.029935440133992977,0.9474866733593919,-1.177851894974348,-0.12403354560672394,1.4316811360790147,-1.1804179269059165,-0.34097028968400567,-0.22345527558581418,0.6630692812988462,0.9841231756854657,0
0.0428782422044723,-1.1099901739376037,0.8491410419312149,-0.029003689900364886,0.10257878806523006,-1.177851894974348,-0.12007458321336785,0.853056793629862,-1.6839450612603513,-0.34097028968400567,-0.22345527558581418,-1.0631875327724392,0.9841231756854657,0
-0.12657084635623306,-1.1099901739376037,-0.502969299721533,0.049989779059087844,-0.23538436605243465,0.9048055324001227,-0.13986939518014835,-0.3041918912684436,-1.0495008719737637,-0.45564143582820127,-0.22345527558581418,0.801963507718375,0.9841231756854657,0
1.0595727735687044,0.9009088760241706,-1.179024470547907,-0.035715450057855376,0.4405419421828948,-1.177851894974348,-0.09236184645987515,-0.8828162337175963,-1.371758237960602,-0.2262991435398101,0.03455021005991044,0.9606997664835506,-1.0161329645585022,0
0.5512255078865883,-1.1099901739376037,0.8491410419312149,-0.1260320532124156,0.7785050963005594,0.9048055324001227,-0.13195147039343613,-0.3041918912684436,0.561785957960427,-0.2262991435398101,0.8085666669970842,0.5440170872249644,0.9841231756854657,0
1.2290218621294098,-1.1099901739376037,0.8491410419312149,-0.03675774692937154,0.9474866733593919,-1.177851894974348,0.7786098800784667,-1.461440576166749,-1.1233515183457474,0.5763988794695595,0.03455021005991044,-0.3488743683291487,0.9841231756854657,0
1.0595727735687044,-1.1099901739376037,1.5251962127575889,-0.034941623592638825,0.7785050963005594,-1.177851894974348,-0.3774071387815143,0.2744324511807092,-1.2475548781531747,-0.570312581972397,0.29255569570563505,1.4369085427790778,-1.0161329645585022,0
-0.12657084635623306,0.9009088760241706,0.8491410419312149,-0.005141408493381064,-0.404365943111267,0.9048055324001227,-0.13195147039343613,0.2744324511807092,-0.46205254856025635,-0.34097028968400567,-0.22345527558581418,-0.13061201252703214,0.9841231756854657,0
0.0428782422044723,0.9009088760241706,-1.179024470547907,-0.03355189443061726,0.4405419421828948,-1.177851894974348,-0.3774071387815143,1.4316811360790147,-1.2475548781531747,-0.570312581972397,0.5505611813513597,0.5837011519162584,-1.0161329645585022,0
-0.12657084635623306,-1.1099901739376037,1.5251962127575889,-0.03460998367897459,-0.06640278899360229,0.21058638994196582,-0.7257958293968509,1.4316811360790147,-1.7510820125076092,-0.9143260204049839,-0.22345527558581418,1.0995939929030794,-1.0161329645585022,0
1.0595727735687044,-1.1099901739376037,0.8491410419312149,-0.44718582865412504,0.6095235192417271,0.9048055324001227,-0.12799250800008005,0.853056793629862,0.6893461653302174,0.3470565871811683,0.03455021005991044,-0.8052411122790287,0.9841231756854657,0
-0.12657084635623306,0.9009088760241706,0.8491410419312149,-0.03238325854437186,-0.23538436605243465,-1.177851894974348,-0.2507203421941191,0.2744324511807092,-1.7510820125076092,-0.45564143582820127,-0.22345527558581418,0.26622863438590705,0.9841231756854657,0
1.0595727735687044,0.9009088760241706,-1.179024470547907,-0.03653665365359539,1.2854498274770565,-1.177851894974348,-0.2507203421941191,-0.3041918912684436,-1.3751150855229646,-0.45564143582820127,0.03455021005991044,1.1392780575943733,0.9841231756854657,0
0.7206745964472937,-1.1099901739376037,-0.502969299721533,1.495734501736221,0.4405419421828948,0.9048055324001227,-0.12403354560672394,0.853056793629862,-0.1397951825734185,-1.0289971665491795,0.29255569570563505,1.6750129309268411,0.9841231756854657,0
0.0428782422044723,-1.1099901739376037,1.5251962127575889,-0.03438889040319843,0.7785050963005594,-1.177851894974348,-0.7257958293968509,1.4316811360790147,0.7464125738903866,-0.9143260204049839,0.29255569570563505,1.0797519605574324,0.9841231756854657,0
0.7206745964472937,-1.1099901739376037,-0.502969299721533,-0.030472380946592218,0.4405419421828948,-1.177851894974348,-0.2507203421941191,-0.8828162337175963,-1.4254677989584081,-0.45564143582820127,0.29255569570563505,-0.011559818453150373,-1.0161329645585022,0
0.7206745964472937,-1.1099901739376037,1.5251962127575889,-0.7948707971889734,0.7785050963005594,0.9048055324001227,-0.09236184645987515,1.4316811360790147,1.5486991412951188,1.8377814870557112,0.29255569570563505,0.9805417988291976,-1.0161329645585022,1
0.890123685007999,-1.1099901739376037,0.8491410419312149,-0.149136300531024,0.9474866733593919,-1.177851894974348,0.8577891279455886,-1.461440576166749,-0.12972463988633004,0.8057411717579506,-0.22345527558581418,0.5241750548793175,-1.0161329645585022,1
1.0595727735687044,-1.1099901739376037,0.8491410419312149,-0.790527893557656,1.1164682504182242,0.9048055324001227,-0.09236184645987515,-0.8828162337175963,0.04483143335654109,1.8377814870557112,0.5505611813513597,0.38528082845978884,-1.0161329645585022,1
0.7206745964472937,-1.1099901739376037,-0.502969299721533,-0.03644189939254846,0.6095235192417271,-1.177851894974348,0.5410721364771007,-0.3041918912684436,-1.0495008719737637,0.3470565871811683,0.29255569570563505,0.08765034327508442,0.9841231756854657,0
0.5512255078865883,0.9009088760241706,-0.502969299721533,-0.031135660773920687,1.2854498274770565,-1.177851894974348,2.2830155895537843,-0.8828162337175963,-0.25392799969375696,1.952452633199907,-0.22345527558581418,-1.4798702120310254,0.9841231756854657,0
0.5512255078865883,0.9009088760241706,-0.502969299721533,-0.028908935639317963,0.2715603651240624,-1.177851894974348,1.6495816066168083,-1.461440576166749,0.001192415045823164,1.379096902478929,-0.22345527558581418,1.0003838311748445,0.9841231756854657,0
1.2290218621294098,0.9009088760241706,1.5251962127575889,-0.1518210045940202,1.9613761357123858,-1.177851894974348,0.8577891279455886,0.2744324511807092,1.0015329886299666,0.8057411717579506,0.8085666669970842,-1.162397694500674,-1.0161329645585022,1
0.0428782422044723,-1.1099901739376037,-1.179024470547907,-0.03983726041339659,0.10257878806523006,-1.177851894974348,1.6495816066168083,-0.8828162337175963,0.5651428055227898,1.379096902478929,0.29255569570563505,-1.6981325678331418,0.9841231756854657,0
0.890123685007999,0.9009088760241706,0.8491410419312149,-0.7087075891436367,0.4405419421828948,0.9048055324001227,-0.09236184645987515,-0.8828162337175963,0.001192415045823164,1.379096902478929,0.5505611813513597,0.6630692812988462,-1.0161329645585022,1
0.890123685007999,0.9009088760241706,0.8491410419312149,-0.033804572460075726,0.7785050963005594,-1.177851894974348,-0.3140637404878167,0.2744324511807092,0.665848232393677,-0.45564143582820127,0.29255569570563505,-0.9441353386985575,0.9841231756854657,0
0.38177641932588297,-1.1099901739376037,-0.502969299721533,-0.031230415034967613,0.2715603651240624,-1.177851894974348,0.6994306322113446,-0.3041918912684436,1.451350561986595,0.4617277333253637,1.066572152642809,-0.46792656240303043,-1.0161329645585022,0
0.21232733076517762,0.9009088760241706,-1.179024470547907,-0.027613960738343327,0.6095235192417271,-1.177851894974348,-0.2507203421941191,0.2744324511807092,-1.6705176710108995,-0.45564143582820127,0.8085666669970842,0.821805540064022,0.9841231756854657,0
1.2290218621294098,0.9009088760241706,-1.179024470547907,-0.6844820830693064,1.6234129815947211,0.9048055324001227,-0.09236184645987515,0.2744324511807092,0.9780350556934264,1.2644257563347332,0.29255569570563505,1.1194360252487263,0.9841231756854657,0
0.21232733076517762,-1.1099901739376037,-1.179024470547907,-0.6322093157250863,-0.06640278899360229,0.9048055324001227,-0.09236184645987515,0.853056793629862,1.934736610966852,1.035083464046342,-0.22345527558581418,-0.13061201252703214,-1.0161329645585022,0
-0.12657084635623306,-1.1099901739376037,-0.502969299721533,-0.645095895227468,-0.06640278899360229,0.9048055324001227,-0.09236184645987515,0.2744324511807092,0.15896425047687956,1.035083464046342,0.5505611813513597,1.0995939929030794,-1.0161329645585022,1
0.5512255078865883,-1.1099901739376037,0.8491410419312149,-0.01872285257677358,0.6095235192417271,-1.177851894974348,-0.4090788379283631,-0.8828162337175963,-1.0495008719737637,-0.570312581972397,-0.22345527558581418,0.821805540064022,-1.0161329645585022,0
-0.12657084635623306,0.9009088760241706,-0.502969299721533,-0.02309734096177326,0.10257878806523006,-1.177851894974348,2.2830155895537843,1.4316811360790147,0.27645391515958084,1.952452633199907,-0.22345527558581418,0.08765034327508442,0.9841231756854657,0
0.38177641932588297,0.9009088760241706,-0.502969299721533,-0.6256554793360074,0.2715603651240624,0.9048055324001227,-0.09236184645987515,0.853056793629862,0.0716862138554443,0.9204123179021463,1.066572152642809,0.9606997664835506,0.9841231756854657,0
1.2290218621294098,-1.1099901739376037,-1.179024470547907,-0.020460014029300526,1.2854498274770565,-1.177851894974348,-0.804975077263973,0.2744324511807092,0.5114332445249834,-0.9143260204049839,0.8085666669970842,0.32575473142284794,-1.0161329645585022,0
0.21232733076517762,-1.1099901739376037,0.8491410419312149,-0.023729036035419423,0.7785050963005594,-1.177851894974348,0.8577891279455886,0.2744324511807092,0.001192415045823164,0.5763988794695595,0.29255569570563505,-2.114815247091728,0.9841231756854657,0
0.890123685007999,-1.1099901739376037,0.8491410419312149,-0.6031355499605217,1.2854498274770565,0.9048055324001227,-0.09236184645987515,1.4316811360790147,1.0619562447524988,0.9204123179021463,1.066572152642809,-0.09092794783573821,-1.0161329645585022,1
0.5512255078865883,-1.1099901739376037,0.8491410419312149,-0.6004982230280489,0.4405419421828948,0.9048055324001227,-0.09236184645987515,0.853056793629862,0.15896425047687956,0.8057411717579506,-0.22345527558581418,-0.46792656240303043,0.9841231756854657,0
0.38177641932588297,0.9009088760241706,1.5251962127575889,-0.6042883934699259,0.4405419421828948,0.9048055324001227,-0.09236184645987515,0.853056793629862,0.001192415045823164,0.9204123179021463,0.5505611813513597,0.40512286080543575,-1.0161329645585022,0
0.0428782422044723,0.9009088760241706,1.5251962127575889,-0.018122742256809724,0.6095235192417271,-1.177851894974348,0.38271364074285674,-0.8828162337175963,0.001192415045823164,0.1177142948927768,0.29255569570563505,0.40512286080543575,-1.0161329645585022,0
0.21232733076517762,-1.1099901739376037,1.5251962127575889,-0.6935942845066523,0.10257878806523006,0.9048055324001227,-0.09236184645987515,-0.3041918912684436,-1.4993184453303918,1.2644257563347332,0.8085666669970842,-0.26950623894656084,-1.0161329645585022,1
0.7206745964472937,-1.1099901739376037,0.8491410419312149,-0.5795101542061551,0.4405419421828948,0.9048055324001227,-0.09236184645987515,0.2744324511807092,-0.811164695045998,0.8057411717579506,0.03455021005991044,-0.09092794783573821,-1.0161329645585022,0
0.21232733076517762,-1.1099901739376037,0.8491410419312149,-0.13144883846893143,-0.06640278899360229,-1.177851894974348,-0.7257958293968509,-1.461440576166749,0.23617174441122635,-0.7996548742607882,0.03455021005991044,-0.4877685947486774,-1.0161329645585022,1
0.38177641932588297,-1.1099901739376037,-0.502969299721533,-0.01757000906736933,0.10257878806523006,-1.177851894974348,-0.6307807319563046,-0.8828162337175963,-0.005521280078902488,-0.7996548742607882,0.5505611813513597,0.7424374106814341,-1.0161329645585022,0
0.5512255078865883,0.9009088760241706,-1.179024470547907,-0.6978740186306049,0.6095235192417271,0.9048055324001227,-0.09236184645987515,0.2744324511807092,1.4647779522360462,1.2644257563347332,0.8085666669970842,-0.6068207888225592,-1.0161329645585022,1
-0.12657084635623306,-1.1099901739376037,-1.179024470547907,-0.015248529671719678,-0.5733475201700994,-1.177851894974348,-0.4882580857954851,1.4316811360790147,0.001192415045823164,-0.6849837281165926,0.03455021005991044,0.16701847265767225,0.9841231756854657,0
1.2290218621294098,-1.1099901739376037,-0.502969299721533,-0.1270901424607729,1.1164682504182242,-1.177851894974348,0.38271364074285674,0.2744324511807092,1.575553921794022,0.3470565871811683,0.8085666669970842,1.694854963272488,-1.0161329645585022,1
1.0595727735687044,-1.1099901739376037,-0.502969299721533,-0.13233321157203606,0.9474866733593919,-1.177851894974348,1.1745061194140765,-0.3041918912684436,2.2603508245160526,1.1497546101905376,1.066572152642809,-1.678290535487495,-1.0161329645585022,1
0.21232733076517762,0.9009088760241706,-0.502969299721533,-0.6738380210783684,0.7785050963005594,0.9048055324001227,-0.09236184645987515,-0.3041918912684436,-1.3751150855229646,1.1497546101905376,0.5505611813513597,-0.2893482712922078,-1.0161329645585022,1
0.21232733076517762,0.9009088760241706,-0.502969299721533,-0.013163935928687339,0.2715603651240624,-1.177851894974348,-1.121692068732461,-0.8828162337175963,-0.4654093961226198,-1.2583394588375707,0.03455021005991044,-1.142555662155027,-1.0161329645585022,0
0.5512255078865883,-1.1099901739376037,-0.502969299721533,-0.012658579869770408,0.4405419421828948,-1.177851894974348,2.1563287929663892,-1.461440576166749,-1.0427871768490378,1.7231103409115156,1.066572152642809,0.10749237562073138,0.9841231756854657,0
0.0428782422044723,0.9009088760241706,-1.179024470547907,-0.014695796482279287,-0.06640278899360229,-1.177851894974348,-0.804975077263973,0.2744324511807092,1.6628319584154578,-0.9143260204049839,0.8085666669970842,0.028124246238143545,-1.0161329645585022,0
-0.12657084635623306,-1.1099901739376037,-1.179024470547907,-0.01235852470978848,0.10257878806523006,-1.177851894974348,-1.042512820865339,0.853056793629862,-1.173704231781191,-1.143668312693375,0.5505611813513597,-0.44808453005738347,0.9841231756854657,0
-0.12657084635623306,0.9009088760241706,0.17308587110484092,-0.5524578126772581,-0.23538436605243465,0.9048055324001227,-0.09236184645987515,0.2744324511807092,-1.1804179269059165,0.6910700256137552,0.5505611813513597,1.8734332543833108,-1.0161329645585022,0
-0.12657084635623306,0.9009088760241706,-1.179024470547907,-0.12484762494932902,0.10257878806523006,-1.177851894974348,-1.042512820865339,0.853056793629862,-1.0427871768490378,-1.143668312693375,0.8085666669970842,1.1988041546313142,-1.0161329645585022,1
-0.12657084635623306,0.9009088760241706,1.5251962127575889,-0.5465672561155077,0.10257878806523006,0.9048055324001227,-0.09236184645987515,0.2744324511807092,0.03476089066945202,0.6910700256137552,-0.22345527558581418,-2.094973214746081,0.9841231756854657,0
0.21232733076517762,0.9009088760241706,-1.179024470547907,-0.013179728305528493,0.7785050963005594,-1.177851894974348,0.06599664927436881,1.4316811360790147,0.001192415045823164,-0.11162799739561437,-0.22345527558581418,1.0599099282117854,-1.0161329645585022,0
0.7206745964472937,0.9009088760241706,-1.179024470547907,-0.5522683041551644,0.2715603651240624,0.9048055324001227,-0.09236184645987515,0.2744324511807092,-1.371758237960602,0.6910700256137552,0.5505611813513597,0.7424374106814341,-1.0161329645585022,0
-0.12657084635623306,-1.1099901739376037,-0.502969299721533,-0.5450827726924392,-0.404365943111267,0.9048055324001227,-0.09236184645987515,0.2744324511807092,-0.6936750303632967,0.6910700256137552,0.29255569570563505,1.0797519605574324,-1.0161329645585022,0
0.5512255078865883,0.9009088760241706,-0.502969299721533,-0.5341228631646783,0.2715603651240624,0.9048055324001227,-0.09236184645987515,-1.461440576166749,-1.173704231781191,0.6910700256137552,0.03455021005991044,-1.3608180179571436,0.9841231756854657,0
-0.12657084635623306,-1.1099901739376037,1.5251962127575889,-0.0157223009769543,0.2715603651240624,-1.177851894974348,0.5767027980173056,1.4316811360790147,0.5651428055227898,0.3470565871811683,0.03455021005991044,1.4964346398160184,0.9841231756854657,0
1.2290218621294098,0.9009088760241706,-0.502969299721533,-0.524552682798939,0.9474866733593919,0.9048055324001227,-0.09236184645987515,-1.461440576166749,1.223084927745918,0.5763988794695595,0.5505611813513597,-1.202081759191968,0.9841231756854657,0
0.38177641932588297,-1.1099901739376037,-0.502969299721533,-0.011142511693019616,0.9474866733593919,-1.177851894974348,1.6495816066168083,1.4316811360790147,1.934736610966852,1.2644257563347332,0.03455021005991044,-1.4401861473397315,0.9841231756854657,0
0.5512255078865883,0.9009088760241706,0.8491410419312149,-0.015327491555925448,0.7785050963005594,-1.177851894974348,-0.7257958293968509,-0.3041918912684436,-1.6705176710108995,-0.9143260204049839,0.8085666669970842,0.7424374106814341,0.9841231756854657,0
0.0428782422044723,0.9009088760241706,1.5251962127575889,-0.529479904373379,-0.06640278899360229,0.9048055324001227,-0.09236184645987515,-1.461440576166749,-0.3512765790022807,0.5763988794695595,0.8085666669970842,0.8416475724096689,-1.0161329645585022,0
0.5512255078865883,0.9009088760241706,1.5251962127575889,-0.013495575842351575,0.6095235192417271,-1.177851894974348,1.6495816066168083,-1.461440576166749,0.23617174441122635,1.2644257563347332,0.8085666669970842,1.8932752867289577,0.9841231756854657,0
0.0428782422044723,0.9009088760241706,-0.502969299721533,-0.6344044561060067,-0.5733475201700994,0.9048055324001227,-0.09236184645987515,-0.8828162337175963,1.0015329886299666,1.035083464046342,0.29255569570563505,-0.6465048535138531,-1.0161329645585022,1
0.0428782422044723,0.9009088760241706,1.5251962127575889,-0.6352888292091113,0.2715603651240624,0.9048055324001227,-0.09236184645987515,0.853056793629862,1.5486991412951188,1.035083464046342,1.066572152642809,0.7622794430270811,-1.0161329645585022,1
0.5512255078865883,0.9009088760241706,0.8491410419312149,-0.5035330292233628,0.2715603651240624,0.9048055324001227,-0.09236184645987515,0.2744324511807092,-0.0995130118250634,0.5763988794695595,0.03455021005991044,-0.11076998018138517,0.9841231756854657,0
-0.12657084635623306,-1.1099901739376037,-0.502969299721533,-0.5078759328546802,-0.404365943111267,0.9048055324001227,-0.09236184645987515,0.2744324511807092,-0.3109944082539262,0.5763988794695595,0.5505611813513597,0.9210157017922567,0.9841231756854657,0
0.21232733076517762,0.9009088760241706,-1.179024470547907,-0.4898094537483999,0.9474866733593919,0.9048055324001227,-0.09236184645987515,1.4316811360790147,1.0955247203761276,0.4617277333253637,-0.22345527558581418,0.46464895784237664,-1.0161329645585022,0
-0.12657084635623306,0.9009088760241706,-1.179024470547907,-0.008426222876341115,-0.06640278899360229,-1.177851894974348,0.06599664927436881,1.4316811360790147,0.4745079213389917,-0.11162799739561437,0.03455021005991044,0.2463866020402601,0.9841231756854657,0
0.38177641932588297,-1.1099901739376037,-0.502969299721533,-0.4892567205589595,0.6095235192417271,0.9048055324001227,-0.09236184645987515,-0.8828162337175963,1.934736610966852,0.4617277333253637,-0.22345527558581418,-0.36871640067479566,-1.0161329645585022,0
0.21232733076517762,-1.1099901739376037,-0.502969299721533,-0.014237817553885817,-0.06640278899360229,-1.177851894974348,-0.4090788379283631,0.853056793629862,0.001192415045823164,-0.570312581972397,1.066572152642809,-0.13061201252703214,0.9841231756854657,0
0.0428782422044723,-1.1099901739376037,0.8491410419312149,-0.4867299402643749,0.10257878806523006,0.9048055324001227,-0.09236184645987515,0.2744324511807092,0.5114332445249834,0.4617277333253637,-0.22345527558581418,-1.0235034680811452,0.9841231756854657,0
0.7206745964472937,0.9009088760241706,-0.502969299721533,-0.48680890214858064,0.6095235192417271,0.9048055324001227,-0.09236184645987515,-1.461440576166749,1.1223795008750308,0.4617277333253637,0.03455021005991044,0.20670253734896618,0.9841231756854657,0
0.5512255078865883,-1.1099901739376037,-1.179024470547907,-0.47414341592197506,0.4405419421828948,0.9048055324001227,-0.09236184645987515,0.853056793629862,0.001192415045823164,0.4617277333253637,0.03455021005991044,0.7424374106814341,-1.0161329645585022,0
0.5512255078865883,-1.1099901739376037,1.5251962127575889,-0.01591180949904815,0.6095235192417271,-1.177851894974348,-1.042512820865339,0.853056793629862,1.934736610966852,-1.143668312693375,0.29255569570563505,-1.0631875327724392,0.9841231756854657,0
0.0428782422044723,0.9009088760241706,-0.502969299721533,-0.4621570018995391,-0.06640278899360229,0.9048055324001227,-0.09236184645987515,0.2744324511807092,-0.37813135950118393,0.4617277333253637,0.5505611813513597,0.9011736694466097,-1.0161329645585022,0
0.21232733076517762,0.9009088760241706,-1.179024470547907,-0.017743725212622023,0.2715603651240624,-1.177851894974348,-0.7574675285436998,0.2744324511807092,0.001192415045823164,-0.9143260204049839,-0.22345527558581418,0.6233852166075523,-1.0161329645585022,0
0.38177641932588297,0.9009088760241706,-0.502969299721533,-0.019180831505167046,0.6095235192417271,-1.177851894974348,1.2536853672811985,0.853056793629862,0.001192415045823164,0.9204123179021463,0.5505611813513597,0.38528082845978884,-1.0161329645585022,0
-0.12657084635623306,0.9009088760241706,-0.502969299721533,-0.015295906802243141,-0.06640278899360229,-1.177851894974348,-1.042512820865339,0.2744324511807092,0.4745079213389917,-1.143668312693375,1.066572152642809,1.0003838311748445,-1.0161329645585022,0
1.2290218621294098,0.9009088760241706,0.8491410419312149,-0.5614910522303983,0.9474866733593919,0.9048055324001227,-0.09236184645987515,0.2744324511807092,2.478545916069642,0.6910700256137552,0.03455021005991044,-1.0036614357354983,-1.0161329645585022,1
0.21232733076517762,0.9009088760241706,-1.179024470547907,-0.4454960443321216,0.10257878806523006,0.9048055324001227,-0.09236184645987515,0.853056793629862,0.6893461653302174,0.3470565871811683,-0.22345527558581418,-0.3488743683291487,-1.0161329645585022,0
0.5512255078865883,0.9009088760241706,-0.502969299721533,-0.015295906802243141,0.6095235192417271,-1.177851894974348,3.2331665639592484,1.4316811360790147,0.5651428055227898,2.7551506562092767,0.8085666669970842,1.1988041546313142,-1.0161329645585022,0
0.21232733076517762,-1.1099901739376037,0.8491410419312149,-0.13350184745828148,0.7785050963005594,-1.177851894974348,-0.2507203421941191,1.4316811360790147,1.934736610966852,-0.34097028968400567,0.5505611813513597,-2.7696023144980777,-1.0161329645585022,1
0.890123685007999,-1.1099901739376037,1.5251962127575889,-0.4492072528897928,1.2854498274770565,0.9048055324001227,-0.09236184645987515,0.2744324511807092,0.001192415045823164,0.3470565871811683,0.5505611813513597,1.4567505751247247,-1.0161329645585022,0
0.890123685007999,-1.1099901739376037,-1.179024470547907,-0.437236631244198,0.9474866733593919,0.9048055324001227,-0.09236184645987515,1.4316811360790147,-0.21364582894540246,0.3470565871811683,-0.22345527558581418,0.6432272489531993,-1.0161329645585022,0
0.890123685007999,0.9009088760241706,0.8491410419312149,-0.011300435461431158,0.7785050963005594,-1.177851894974348,0.8577891279455886,1.4316811360790147,-1.173704231781191,0.5763988794695595,0.5505611813513597,-0.6663468858595001,-1.0161329645585022,0
0.21232733076517762,-1.1099901739376037,-0.502969299721533,-0.013795631002333502,-0.23538436605243465,-1.177851894974348,-1.042512820865339,-1.461440576166749,-1.6705176710108995,-1.143668312693375,0.29255569570563505,1.258330251668255,-1.0161329645585022,0
0.0428782422044723,0.9009088760241706,0.8491410419312149,-0.5367917748508333,0.4405419421828948,0.9048055324001227,-0.09236184645987515,-0.3041918912684436,1.2029438423717405,0.6910700256137552,0.5505611813513597,0.7622794430270811,-1.0161329645585022,1
-0.12657084635623306,-1.1099901739376037,-1.179024470547907,-0.011568905867730777,0.10257878806523006,-1.177851894974348,-0.5634783712692509,1.4316811360790147,-1.6705176710108995,-0.6849837281165926,1.066572152642809,-0.9242933063529105,0.9841231756854657,0
0.38177641932588297,-1.1099901739376037,0.17308587110484092,-0.017001483501087784,0.9474866733593919,0.21058638994196582,-1.2325430157464317,-0.3041918912684436,1.8407448792206904,-1.3730106049817663,0.8085666669970842,1.9528013837658986,-1.0161329645585022,0
0.7206745964472937,-1.1099901739376037,-0.502969299721533,-0.5230997841295527,-0.23538436605243465,0.9048055324001227,-0.09236184645987515,0.2744324511807092,1.4446368668618692,0.5763988794695595,0.29255569570563505,1.4567505751247247,-1.0161329645585022,1
0.0428782422044723,-1.1099901739376037,1.5251962127575889,-0.392449450522685,0.10257878806523006,0.9048055324001227,-0.09236184645987515,-1.461440576166749,1.223084927745918,0.23238544103697253,1.066572152642809,-0.11076998018138517,0.9841231756854657,0
0.5512255078865883,0.9009088760241706,-1.179024470547907,-0.012784918884499641,0.10257878806523006,-1.177851894974348,-0.7257958293968509,0.853056793629862,0.001192415045823164,-0.9143260204049839,-0.22345527558581418,0.12733440796637835,-1.0161329645585022,0
0.0428782422044723,0.9009088760241706,-0.502969299721533,-0.011711037259301164,-0.06640278899360229,-1.177851894974348,0.8577891279455886,-0.8828162337175963,-0.34120603631519225,0.5763988794695595,1.066572152642809,-0.011559818453150373,0.9841231756854657,0
0.21232733076517762,-1.1099901739376037,0.8491410419312149,-0.3975030111118543,-0.23538436605243465,0.9048055324001227,-0.09236184645987515,-1.461440576166749,0.5651428055227898,0.23238544103697253,0.29255569570563505,-0.011559818453150373,-1.0161329645585022,0
0.7206745964472937,-1.1099901739376037,1.5251962127575889,-0.011868961027712704,0.4405419421828948,-1.177851894974348,-0.2507203421941191,0.853056793629862,0.001192415045823164,-0.45564143582820127,-0.22345527558581418,0.12733440796637835,0.9841231756854657,0
0.5512255078865883,-1.1099901739376037,-0.502969299721533,-0.39241786576900267,0.9474866733593919,0.9048055324001227,-0.09236184645987515,-0.8828162337175963,0.6154955189582334,0.23238544103697253,-0.22345527558581418,1.0599099282117854,0.9841231756854657,0
0.890123685007999,-1.1099901739376037,1.5251962127575889,-0.009500104501539592,0.9474866733593919,-1.177851894974348,0.8577891279455886,0.2744324511807092,0.3301634761573873,0.5763988794695595,1.066572152642809,-0.8250831446246757,0.9841231756854657,0
0.5512255078865883,0.9009088760241706,1.5251962127575889,-0.016748805471629317,0.6095235192417271,-1.177851894974348,0.38271364074285674,1.4316811360790147,-1.1804179269059165,0.1177142948927768,0.03455021005991044,1.5361187045073124,-1.0161329645585022,0
0.5512255078865883,-1.1099901739376037,-1.179024470547907,-0.01741208529895779,0.4405419421828948,-1.177851894974348,-0.2507203421941191,0.2744324511807092,0.16232109803924238,-0.45564143582820127,-0.22345527558581418,1.278172284013902,0.9841231756854657,0
0.7206745964472937,0.9009088760241706,-0.502969299721533,-0.37762040866884133,0.6095235192417271,0.9048055324001227,-0.09236184645987515,0.2744324511807092,-1.173704231781191,0.23238544103697253,0.8085666669970842,1.4964346398160184,0.9841231756854657,0
0.38177641932588297,-1.1099901739376037,-0.502969299721533,-0.3735301830669824,0.6095235192417271,0.9048055324001227,-0.09236184645987515,1.4316811360790147,-1.2475548781531747,0.23238544103697253,-0.22345527558581418,1.0003838311748445,-1.0161329645585022,0
-0.12657084635623306,-1.1099901739376037,-1.179024470547907,-0.3528579617819117,0.10257878806523006,0.9048055324001227,-0.09236184645987515,-0.8828162337175963,0.6624913848313142,0.23238544103697253,0.29255569570563505,-0.26950623894656084,0.9841231756854657,0
1.0595727735687044,-1.1099901739376037,-0.502969299721533,-0.34513548950658735,0.6095235192417271,0.9048055324001227,-0.09236184645987515,-1.461440576166749,-1.2979075915886182,0.23238544103697253,0.29255569570563505,1.6551708985811941,0.9841231756854657,0
0.21232733076517762,0.9009088760241706,-0.502969299721533,-0.014916889758055442,-0.06640278899360229,-1.177851894974348,0.06599664927436881,-0.8828162337175963,-0.8447331706696268,-0.11162799739561437,1.066572152642809,-0.6663468858595001,-1.0161329645585022,0
0.7206745964472937,-1.1099901739376037,-1.179024470547907,-0.3376972800144038,1.1164682504182242,0.9048055324001227,-0.09236184645987515,-1.461440576166749,1.0015329886299666,0.1177142948927768,0.5505611813513597,1.0400678958661385,0.9841231756854657,0
-0.12657084635623306,0.9009088760241706,-1.179024470547907,-0.33858165311750843,-0.06640278899360229,0.9048055324001227,-0.09236184645987515,0.2744324511807092,-0.005521280078902488,0.1177142948927768,1.066572152642809,-0.3488743683291487,0.9841231756854657,0
-0.12657084635623306,-1.1099901739376037,-0.502969299721533,-0.01569071622327199,0.2715603651240624,-1.177851894974348,-0.2507203421941191,1.4316811360790147,-1.1804179269059165,-0.45564143582820127,0.5505611813513597,0.7027533459901402,-1.0161329645585022,0
0.0428782422044723,0.9009088760241706,-1.179024470547907,-0.33351230015149796,0.6095235192417271,0.9048055324001227,-0.09236184645987515,0.2744324511807092,-0.811164695045998,0.1177142948927768,0.29255569570563505,-0.6465048535138531,-1.0161329645585022,0
0.0428782422044723,0.9009088760241706,-1.179024470547907,-0.015880224745365844,-0.404365943111267,-1.177851894974348,2.2830155895537843,-0.8828162337175963,-0.005521280078902488,1.8377814870557112,-0.22345527558581418,1.0599099282117854,-1.0161329645585022,0
-0.12657084635623306,-1.1099901739376037,-1.179024470547907,-0.013211313059210802,-0.404365943111267,-1.177851894974348,1.5228948100294133,-1.461440576166749,-1.1804179269059165,1.1497546101905376,0.29255569570563505,-0.6266628211682062,0.9841231756854657,0
0.890123685007999,0.9009088760241706,-1.179024470547907,-0.41459036285398304,1.2854498274770565,0.9048055324001227,-0.09236184645987515,0.2744324511807092,1.4110683912382405,0.3470565871811683,0.03455021005991044,0.6432272489531993,-1.0161329645585022,1
0.890123685007999,0.9009088760241706,-1.179024470547907,-0.2970161172715909,1.1164682504182242,0.9048055324001227,-0.09236184645987515,-1.461440576166749,-1.173704231781191,0.1177142948927768,-0.22345527558581418,-0.7258729828964409,0.9841231756854657,0
0.0428782422044723,0.9009088760241706,-0.502969299721533,-0.0191966238820082,-0.06640278899360229,-1.177851894974348,0.06599664927436881,1.4316811360790147,-1.1804179269059165,-0.11162799739561437,-0.22345527558581418,-1.658448503141848,0.9841231756854657,0
1.0595727735687044,0.9009088760241706,-0.502969299721533,-0.019354547650419742,1.2854498274770565,-1.177851894974348,-0.7257958293968509,1.4316811360790147,-1.3482603050240614,-0.9143260204049839,0.29255569570563505,0.4249648931510827,0.9841231756854657,0
0.21232733076517762,-1.1099901739376037,-1.179024470547907,-0.016748805471629317,-0.06640278899360229,-1.177851894974348,0.06599664927436881,-0.3041918912684436,-1.3482603050240614,-0.11162799739561437,0.8085666669970842,-1.202081759191968,0.9841231756854657,0
0.0428782422044723,0.9009088760241706,0.8491410419312149,-0.014790550743326211,0.2715603651240624,-1.177851894974348,-1.042512820865339,-0.8828162337175963,0.001192415045823164,-1.143668312693375,0.29255569570563505,-1.102871597463733,0.9841231756854657,0
0.21232733076517762,-1.1099901739376037,1.5251962127575889,-0.019417717157784356,0.10257878806523006,-1.177851894974348,-0.5674373336626071,0.853056793629862,-1.3482603050240614,-0.6849837281165926,1.066572152642809,0.22654456969461315,-1.0161329645585022,0
1.0595727735687044,-1.1099901739376037,-1.179024470547907,-0.017633178574733944,1.6234129815947211,-1.177851894974348,0.6598410082777837,1.4316811360790147,0.001192415045823164,0.3470565871811683,-0.22345527558581418,1.0995939929030794,-1.0161329645585022,0
0.7206745964472937,-1.1099901739376037,-0.502969299721533,-0.2770861376980544,0.7785050963005594,0.9048055324001227,-0.09236184645987515,0.853056793629862,0.665848232393677,0.003043148748581378,-0.22345527558581418,0.0479662785837905,0.9841231756854657,0
0.5512255078865883,-1.1099901739376037,1.5251962127575889,-0.275712200912874,0.2715603651240624,0.9048055324001227,-0.09236184645987515,0.853056793629862,-0.005521280078902488,0.003043148748581378,0.29255569570563505,0.3455967637684949,0.9841231756854657,0
0.38177641932588297,0.9009088760241706,-0.502969299721533,-0.26874776272592504,0.4405419421828948,0.9048055324001227,-0.09236184645987515,-1.461440576166749,-1.4993184453303918,0.003043148748581378,0.03455021005991044,-0.7853990799333818,0.9841231756854657,0
1.2290218621294098,0.9009088760241706,0.8491410419312149,-0.26757912683967966,1.1164682504182242,0.9048055324001227,-0.09236184645987515,1.4316811360790147,0.001192415045823164,0.003043148748581378,0.8085666669970842,-0.03140185079879733,0.9841231756854657,0
0.21232733076517762,-1.1099901739376037,1.5251962127575889,-0.01815432701049203,-0.23538436605243465,-1.177851894974348,-0.4090788379283631,-0.3041918912684436,0.001192415045823164,-0.570312581972397,1.066572152642809,0.801963507718375,-1.0161329645585022,0
1.0595727735687044,-1.1099901739376037,-0.502969299721533,-0.018407005039950495,1.6234129815947211,-1.177851894974348,1.8396118014979013,-0.8828162337175963,-0.34120603631519225,1.4937680486231246,0.03455021005991044,1.4964346398160184,0.9841231756854657,0
0.0428782422044723,-1.1099901739376037,0.8491410419312149,-0.017475254806322404,-0.06640278899360229,-1.177851894974348,-1.2008713165995828,-0.3041918912684436,-1.1804179269059165,-1.2583394588375707,0.03455021005991044,0.2463866020402601,0.9841231756854657,0
0.0428782422044723,-1.1099901739376037,-1.179024470547907,-0.37495149698268626,0.2715603651240624,0.9048055324001227,-0.09236184645987515,-1.461440576166749,2.1999275683935204,0.23238544103697253,0.29255569570563505,1.1789621222856672,-1.0161329645585022,1
0.0428782422044723,-1.1099901739376037,1.5251962127575889,-0.007257586990095712,0.10257878806523006,-1.177851894974348,-1.121692068732461,1.4316811360790147,-1.6839450612603513,-1.2583394588375707,0.29255569570563505,0.9606997664835506,0.9841231756854657,0
0.890123685007999,0.9009088760241706,-0.502969299721533,-0.01223218569505925,1.2854498274770565,-1.177851894974348,-0.9474977234247925,-1.461440576166749,1.0015329886299666,-1.0289971665491795,0.8085666669970842,-0.686188918205147,0.9841231756854657,0
-0.12657084635623306,-1.1099901739376037,-1.179024470547907,-0.01753842431368702,-0.5733475201700994,-1.177851894974348,-0.804975077263973,1.4316811360790147,0.3301634761573873,-0.9143260204049839,1.066572152642809,-0.7655570475877348,0.9841231756854657,0
0.38177641932588297,-1.1099901739376037,-0.502969299721533,-0.014727381235961593,0.10257878806523006,-1.177851894974348,-0.5357656345157582,0.853056793629862,0.001192415045823164,-0.6849837281165926,-0.22345527558581418,1.1591200899400202,-1.0161329645585022,0
0.7206745964472937,0.9009088760241706,1.5251962127575889,-0.235536394228978,0.7785050963005594,0.9048055324001227,-0.09236184645987515,0.2744324511807092,-1.7510820125076092,0.003043148748581378,0.03455021005991044,1.4567505751247247,0.9841231756854657,0
-0.12657084635623306,-1.1099901739376037,0.8491410419312149,-0.019433509534625512,-0.06640278899360229,0.21058638994196582,0.8577891279455886,-0.8828162337175963,-1.3482603050240614,0.5763988794695595,-0.22345527558581418,-1.5195542767223194,0.9841231756854657,0
0.7206745964472937,-1.1099901739376037,-1.179024470547907,-0.022892040062838254,1.2854498274770565,0.21058638994196582,0.06599664927436881,1.4316811360790147,0.3301634761573873,-0.11162799739561437,-0.22345527558581418,0.4844909901880236,-1.0161329645585022,0
1.0595727735687044,-1.1099901739376037,0.8491410419312149,-0.008173544846882649,0.7785050963005594,-1.177851894974348,0.4302211894631299,-1.461440576166749,0.001192415045823164,0.1177142948927768,1.066572152642809,1.5758027691986063,-1.0161329645585022,0
-0.12657084635623306,0.9009088760241706,-0.502969299721533,-0.011079342185655,-0.06640278899360229,-1.177851894974348,-0.09236184645987515,1.4316811360790147,-1.1233515183457474,-0.34097028968400567,0.03455021005991044,-0.7853990799333818,-1.0161329645585022,0
1.2290218621294098,0.9009088760241706,0.8491410419312149,-0.2030672674435652,1.4544314045358888,0.9048055324001227,-0.09236184645987515,-1.461440576166749,-0.25392799969375696,-0.11162799739561437,0.03455021005991044,-1.12271362980938,0.9841231756854657,0
1.0595727735687044,0.9009088760241706,1.5251962127575889,-0.6766964412866173,0.9474866733593919,0.9048055324001227,-0.08444392167316296,0.853056793629862,-1.6839450612603513,1.1497546101905376,0.8085666669970842,-0.3488743683291487,0.9841231756854657,0
0.21232733076517762,0.9009088760241706,-1.179024470547907,-0.021849743191322085,-0.5733475201700994,-1.177851894974348,-0.4090788379283631,-1.461440576166749,-1.2475548781531747,-0.570312581972397,0.03455021005991044,1.3773824457421369,0.9841231756854657,0
0.890123685007999,0.9009088760241706,1.5251962127575889,-0.07000070018000089,0.9474866733593919,0.9048055324001227,-0.08444392167316296,-0.3041918912684436,-1.2475548781531747,-0.2262991435398101,0.29255569570563505,0.38528082845978884,-1.0161329645585022,0
0.0428782422044723,0.9009088760241706,0.8491410419312149,-0.011505736360366161,0.10257878806523006,-1.177851894974348,-0.7257958293968509,-1.461440576166749,-1.371758237960602,-0.9143260204049839,-0.22345527558581418,-2.134657279437375,0.9841231756854657,0
0.38177641932588297,-1.1099901739376037,-0.502969299721533,-0.007841904933218413,0.6095235192417271,-1.177851894974348,0.38271364074285674,0.853056793629862,-1.1233515183457474,0.1177142948927768,0.29255569570563505,1.0003838311748445,-1.0161329645585022,0
1.0595727735687044,-1.1099901739376037,-0.502969299721533,-0.06898998806216702,1.1164682504182242,0.9048055324001227,-0.07652599688645076,0.853056793629862,0.830333762949459,-0.2262991435398101,0.29255569570563505,0.782121475372728,-1.0161329645585022,0
0.0428782422044723,0.9009088760241706,-0.502969299721533,-0.011410982099319237,0.2715603651240624,0.21058638994196582,-0.2507203421941191,1.4316811360790147,-1.1233515183457474,-0.45564143582820127,0.29255569570563505,0.9210157017922567,0.9841231756854657,0
0.890123685007999,-1.1099901739376037,-0.502969299721533,1.1215341324850747,1.1164682504182242,0.9048055324001227,-0.07652599688645076,0.853056793629862,-1.0495008719737637,-0.9143260204049839,0.5505611813513597,0.5043330225336705,0.9841231756854657,0
0.890123685007999,-1.1099901739376037,-0.502969299721533,-0.4267978701521951,0.9474866733593919,0.9048055324001227,-0.06860807209973856,-0.8828162337175963,0.7229146409538463,0.3470565871811683,1.066572152642809,-1.202081759191968,0.9841231756854657,0
0.890123685007999,0.9009088760241706,-1.179024470547907,1.0294961602548287,0.9474866733593919,0.9048055324001227,-0.06860807209973856,0.853056793629862,1.0015329886299666,-0.9143260204049839,-0.22345527558581418,0.305912699077201,0.9841231756854657,0
1.0595727735687044,-1.1099901739376037,-1.179024470547907,-0.7058333765585466,1.2854498274770565,0.9048055324001227,-0.06464910970638246,-0.8828162337175963,0.5651428055227898,1.379096902478929,-0.22345527558581418,0.46464895784237664,-1.0161329645585022,1
0.0428782422044723,-1.1099901739376037,-1.179024470547907,-0.015769678107477765,0.6095235192417271,-1.177851894974348,-0.3298995900612411,0.2744324511807092,-1.2475548781531747,-0.45564143582820127,0.5505611813513597,0.6829113136444932,-1.0161329645585022,0
0.38177641932588297,0.9009088760241706,-0.502969299721533,-0.012863880768705411,-0.404365943111267,-1.177851894974348,-0.9474977234247925,0.2744324511807092,-1.371758237960602,-1.0289971665491795,1.066572152642809,-0.5869787564769122,0.9841231756854657,0
0.21232733076517762,0.9009088760241706,-0.502969299721533,-0.019291378143055125,-0.06640278899360229,-1.177851894974348,0.0026532509806712224,-0.3041918912684436,-1.7510820125076092,-0.2262991435398101,-0.22345527558581418,0.5043330225336705,0.9841231756854657,0
-0.12657084635623306,0.9009088760241706,0.8491410419312149,-0.10723912477144222,-0.404365943111267,0.9048055324001227,-0.06069014731302636,1.4316811360790147,0.4745079213389917,-0.11162799739561437,0.29255569570563505,-2.03544711770914,0.9841231756854657,0
0.7206745964472937,-1.1099901739376037,-1.179024470547907,-0.013716669118127732,0.6095235192417271,0.21058638994196582,0.38271364074285674,0.853056793629862,0.7866947446387411,0.1177142948927768,0.8085666669970842,-0.6266628211682062,0.9841231756854657,0
0.0428782422044723,0.9009088760241706,-1.179024470547907,-0.07385404012924249,0.6095235192417271,0.9048055324001227,-0.06069014731302636,0.2744324511807092,-0.33784918875282943,-0.2262991435398101,0.8085666669970842,0.5837011519162584,0.9841231756854657,0
0.21232733076517762,-1.1099901739376037,-1.179024470547907,0.13822178847061573,0.4405419421828948,0.9048055324001227,-0.06069014731302636,-0.8828162337175963,-1.0495008719737637,-0.45564143582820127,-0.22345527558581418,0.028124246238143545,-1.0161329645585022,0
-0.12657084635623306,-1.1099901739376037,-1.179024470547907,-0.015611754339066223,-0.06640278899360229,-1.177851894974348,1.9662985980852963,-0.3041918912684436,1.0351014642535956,1.6084391947673204,0.03455021005991044,-0.8647672093159696,0.9841231756854657,0
1.2290218621294098,-1.1099901739376037,-1.179024470547907,-0.015280114425401987,0.7785050963005594,-1.177851894974348,-0.4882580857954851,1.4316811360790147,-1.8752853723150364,-0.6849837281165926,-0.22345527558581418,0.26622863438590705,-1.0161329645585022,0
0.7206745964472937,0.9009088760241706,0.8491410419312149,-0.12816402408597138,0.7785050963005594,-1.177851894974348,-0.963333572998217,0.2744324511807092,0.9108981044461687,-1.0289971665491795,0.03455021005991044,0.6829113136444932,-1.0161329645585022,1
0.0428782422044723,-1.1099901739376037,-0.502969299721533,-0.8890407402927752,0.4405419421828948,0.9048055324001227,-0.052772222526314166,-1.461440576166749,0.16232109803924238,2.869821802353472,0.29255569570563505,1.337698381050843,-1.0161329645585022,1
0.0428782422044723,-1.1099901739376037,-0.502969299721533,-0.8839871797036059,-0.5733475201700994,0.9048055324001227,-0.052772222526314166,0.2744324511807092,1.0787404825643134,2.869821802353472,0.8085666669970842,0.6829113136444932,-1.0161329645585022,1
0.38177641932588297,-1.1099901739376037,-1.179024470547907,-0.011016172678290383,0.10257878806523006,-1.177851894974348,-0.3298995900612411,-1.461440576166749,-1.623521805137819,-0.570312581972397,0.8085666669970842,0.8813316371009629,-1.0161329645585022,0
0.21232733076517762,-1.1099901739376037,-1.179024470547907,-0.012863880768705411,0.4405419421828948,-1.177851894974348,-0.5674373336626071,0.2744324511807092,-0.21700267650776528,-0.6849837281165926,0.29255569570563505,0.32575473142284794,0.9841231756854657,0
0.890123685007999,-1.1099901739376037,-1.179024470547907,-0.8264397584944404,0.6095235192417271,0.9048055324001227,-0.052772222526314166,-0.8828162337175963,0.6255660616453219,2.2964660716324943,0.8085666669970842,0.286070666731554,-1.0161329645585022,1
0.38177641932588297,0.9009088760241706,-0.502969299721533,-0.7566532452333805,0.6095235192417271,0.9048055324001227,-0.052772222526314166,-0.8828162337175963,0.001192415045823164,1.7231103409115156,-0.22345527558581418,1.0202258635204915,-1.0161329645585022,1
0.5512255078865883,0.9009088760241706,-1.179024470547907,-0.015738093353795456,0.2715603651240624,-1.177851894974348,-0.2903099661276801,-0.8828162337175963,-1.173704231781191,-0.45564143582820127,0.5505611813513597,-0.20998014190961997,0.9841231756854657,0
-0.12657084635623306,-1.1099901739376037,-1.179024470547907,-0.017949026111557027,-0.23538436605243465,0.21058638994196582,-0.7257958293968509,0.2744324511807092,-1.0495008719737637,-0.9143260204049839,-0.22345527558581418,-1.0631875327724392,-1.0161329645585022,0
0.38177641932588297,-1.1099901739376037,0.17308587110484092,-0.7145349761980225,0.2715603651240624,0.9048055324001227,-0.052772222526314166,0.2744324511807092,0.15896425047687956,1.4937680486231246,0.8085666669970842,1.8734332543833108,-1.0161329645585022,1
-0.12657084635623306,0.9009088760241706,0.8491410419312149,-0.01791744135787472,-0.7423290972289317,-1.177851894974348,0.8577891279455886,-1.461440576166749,-0.0860856215756121,0.5763988794695595,-0.22345527558581418,0.4249648931510827,-1.0161329645585022,0
0.890123685007999,-1.1099901739376037,-0.502969299721533,-0.6818289637599925,1.4544314045358888,0.9048055324001227,-0.052772222526314166,1.4316811360790147,-0.34120603631519225,1.2644257563347332,1.066572152642809,-1.12271362980938,-1.0161329645585022,1
0.5512255078865883,0.9009088760241706,1.5251962127575889,-0.018027987995762797,0.6095235192417271,-1.177851894974348,0.06599664927436881,0.2744324511807092,0.8739727812601764,-0.11162799739561437,0.8085666669970842,0.801963507718375,0.9841231756854657,0
0.21232733076517762,-1.1099901739376037,0.8491410419312149,-0.6402950126677572,-0.404365943111267,0.9048055324001227,-0.052772222526314166,-0.3041918912684436,1.5587696839822078,1.035083464046342,0.29255569570563505,-0.15045404487267908,-1.0161329645585022,1
0.38177641932588297,0.9009088760241706,-0.502969299721533,-0.015880224745365844,0.2715603651240624,-1.177851894974348,-0.8841543251310949,-0.3041918912684436,1.4110683912382405,-1.0289971665491795,0.29255569570563505,0.305912699077201,0.9841231756854657,0
0.21232733076517762,-1.1099901739376037,0.8491410419312149,-0.48933568244316533,0.10257878806523006,0.9048055324001227,-0.052772222526314166,1.4316811360790147,1.223084927745918,0.5763988794695595,0.29255569570563505,0.5241750548793175,-1.0161329645585022,0
1.2290218621294098,-1.1099901739376037,-1.179024470547907,-0.6064993262276874,1.2854498274770565,0.9048055324001227,-0.052772222526314166,0.853056793629862,-0.1397951825734185,0.9204123179021463,1.066572152642809,0.6829113136444932,-1.0161329645585022,1
1.0595727735687044,-1.1099901739376037,-1.179024470547907,-0.01599077138325392,1.1164682504182242,-1.177851894974348,0.25602684415546156,-1.461440576166749,-1.0495008719737637,0.003043148748581378,0.03455021005991044,0.32575473142284794,-1.0161329645585022,0
0.38177641932588297,-1.1099901739376037,0.8491410419312149,0.028291053279342133,0.2715603651240624,0.9048055324001227,-0.052772222526314166,1.4316811360790147,0.001192415045823164,-0.34097028968400567,0.29255569570563505,0.782121475372728,0.9841231756854657,0
-0.12657084635623306,0.9009088760241706,-0.502969299721533,-0.5652970150491164,-0.06640278899360229,0.9048055324001227,-0.044854297739601964,-0.8828162337175963,0.001192415045823164,0.8057411717579506,0.8085666669970842,0.32575473142284794,-1.0161329645585022,1
0.21232733076517762,-1.1099901739376037,-1.179024470547907,-0.20057207190266285,0.2715603651240624,0.9048055324001227,-0.044854297739601964,0.2744324511807092,-0.5661148229935064,0.003043148748581378,0.29255569570563505,-1.4600281796853785,0.9841231756854657,0
0.0428782422044723,-1.1099901739376037,1.5251962127575889,-0.07358556972294286,0.2715603651240624,0.9048055324001227,-0.044854297739601964,-1.461440576166749,0.23952859197358917,-0.2262991435398101,-0.22345527558581418,1.3972244780877838,0.9841231756854657,0
0.7206745964472937,0.9009088760241706,-1.179024470547907,-0.016085525644300845,0.2715603651240624,-1.177851894974348,0.38271364074285674,1.4316811360790147,-1.0495008719737637,0.1177142948927768,-0.22345527558581418,-0.7060309505507939,0.9841231756854657,0
0.7206745964472937,-1.1099901739376037,-1.179024470547907,-1.019706866276484,0.7785050963005594,0.9048055324001227,-0.04089533534624586,0.2744324511807092,-0.8816584938556186,5.392587017525775,0.03455021005991044,0.801963507718375,-1.0161329645585022,1
0.7206745964472937,0.9009088760241706,-0.502969299721533,-0.6773123439834223,1.2854498274770565,0.9048055324001227,-0.04089533534624586,0.2744324511807092,0.8773296288225392,1.2644257563347332,0.29255569570563505,-0.6266628211682062,-1.0161329645585022,1
1.0595727735687044,-1.1099901739376037,0.8491410419312149,-0.018359627909427034,1.1164682504182242,-1.177851894974348,-0.5674373336626071,1.4316811360790147,-1.2979075915886182,-0.6849837281165926,1.066572152642809,0.6829113136444932,0.9841231756854657,0
-0.12657084635623306,0.9009088760241706,-1.179024470547907,-0.016622466456900083,0.10257878806523006,-1.177851894974348,1.3328646151483206,0.853056793629862,-1.173704231781191,1.035083464046342,0.5505611813513597,-0.26950623894656084,0.9841231756854657,0
-0.12657084635623306,-1.1099901739376037,0.8491410419312149,-0.008473600006864576,-0.5733475201700994,-1.177851894974348,0.38271364074285674,-0.3041918912684436,0.11868207972852446,0.1177142948927768,0.5505611813513597,-3.2259690584479577,0.9841231756854657,0
1.2290218621294098,0.9009088760241706,-1.179024470547907,-0.014300987061250433,0.9474866733593919,-1.177851894974348,1.6495816066168083,-0.8828162337175963,-0.25392799969375696,1.2644257563347332,-0.22345527558581418,-1.0830295651180861,0.9841231756854657,0
0.7206745964472937,0.9009088760241706,1.5251962127575889,0.3341420155619733,0.9474866733593919,0.9048055324001227,-0.03693637295288977,0.2744324511807092,0.001192415045823164,-0.570312581972397,0.5505611813513597,1.8734332543833108,0.9841231756854657,0
0.7206745964472937,0.9009088760241706,1.5251962127575889,-0.01057398612673807,0.7785050963005594,-1.177851894974348,-0.646616581529729,-1.461440576166749,-1.173704231781191,-0.7996548742607882,0.29255569570563505,0.3654387961141419,-1.0161329645585022,0
1.0595727735687044,-1.1099901739376037,-1.179024470547907,-0.010100214821503447,1.1164682504182242,-1.177851894974348,0.06599664927436881,0.853056793629862,0.11868207972852446,-0.11162799739561437,0.29255569570563505,1.317856348705196,0.9841231756854657,0
0.21232733076517762,0.9009088760241706,-0.502969299721533,-0.01908607724412012,-0.06640278899360229,-1.177851894974348,0.06599664927436881,-0.8828162337175963,1.451350561986595,-0.11162799739561437,0.03455021005991044,1.4170665104334308,0.9841231756854657,0
-0.12657084635623306,0.9009088760241706,0.8491410419312149,-0.6450011409664211,-0.23538436605243465,0.9048055324001227,-0.02901844816617757,0.2744324511807092,-1.3751150855229646,1.1497546101905376,-0.22345527558581418,1.0599099282117854,0.9841231756854657,0
0.890123685007999,-1.1099901739376037,-1.179024470547907,-0.014616834598073515,0.9474866733593919,-1.177851894974348,-1.2008713165995828,-1.461440576166749,-1.0495008719737637,-1.2583394588375707,0.29255569570563505,0.008282213892496587,-1.0161329645585022,0
0.0428782422044723,0.9009088760241706,1.5251962127575889,0.1336262068098399,-0.404365943111267,0.9048055324001227,-0.02505948577282147,-0.3041918912684436,0.16232109803924238,-0.34097028968400567,0.5505611813513597,0.7027533459901402,-1.0161329645585022,0
0.7206745964472937,-1.1099901739376037,0.8491410419312149,-0.7035750666702616,0.9474866733593919,0.9048055324001227,-0.021100523379465372,0.853056793629862,1.0955247203761276,1.4937680486231246,1.066572152642809,-1.9163949236352584,-1.0161329645585022,1
0.21232733076517762,-1.1099901739376037,-1.179024470547907,-0.011521528737207314,0.2715603651240624,-1.177851894974348,0.30353439287573475,-0.3041918912684436,-1.173704231781191,0.1177142948927768,1.066572152642809,-0.4877685947486774,-1.0161329645585022,0
1.0595727735687044,0.9009088760241706,0.8491410419312149,-0.1261268074734625,1.6234129815947211,-1.177851894974348,1.6495816066168083,0.2744324511807092,0.001192415045823164,1.6084391947673204,0.29255569570563505,0.3654387961141419,-1.0161329645585022,1
0.7206745964472937,0.9009088760241706,-0.502969299721533,-0.701253587274612,0.9474866733593919,0.9048055324001227,-0.021100523379465372,-1.461440576166749,1.7736079279734327,1.4937680486231246,0.5505611813513597,0.8614896047553159,-1.0161329645585022,1
0.0428782422044723,-1.1099901739376037,0.8491410419312149,-0.013037596913958107,0.10257878806523006,-1.177851894974348,1.9662985980852963,0.853056793629862,1.5587696839822078,1.6084391947673204,-0.22345527558581418,0.4448069254967297,-1.0161329645585022,0
-0.12657084635623306,0.9009088760241706,-0.502969299721533,-0.015422245816972375,-0.5733475201700994,-1.177851894974348,0.10558627320792979,-1.461440576166749,-0.811164695045998,-0.11162799739561437,-0.22345527558581418,0.4844909901880236,-1.0161329645585022,0
-0.12657084635623306,0.9009088760241706,-0.502969299721533,-0.01556437720854276,-0.23538436605243465,-1.177851894974348,-0.804975077263973,-0.3041918912684436,0.9780350556934264,-0.9143260204049839,0.29255569570563505,0.6432272489531993,-1.0161329645585022,0
0.7206745964472937,-1.1099901739376037,-0.502969299721533,0.07543129815018708,1.1164682504182242,0.9048055324001227,-0.021100523379465372,-1.461440576166749,-0.059230841076708896,-0.34097028968400567,1.066572152642809,0.7027533459901402,0.9841231756854657,0
0.5512255078865883,0.9009088760241706,-0.502969299721533,0.5525821720288165,0.4405419421828948,0.9048055324001227,-0.021100523379465372,0.853056793629862,-1.4993184453303918,-0.6849837281165926,0.03455021005991044,-0.7060309505507939,0.9841231756854657,0
-0.12657084635623306,0.9009088760241706,-0.502969299721533,-0.018233288894697802,-0.7423290972289317,-1.177851894974348,2.2830155895537843,-0.3041918912684436,2.2603508245160526,1.8377814870557112,0.03455021005991044,-1.2616078562289088,0.9841231756854657,0
-0.12657084635623306,-1.1099901739376037,1.5251962127575889,-0.009863329168886137,-0.06640278899360229,-1.177851894974348,0.06599664927436881,-1.461440576166749,0.5114332445249834,-0.11162799739561437,0.29255569570563505,0.32575473142284794,-1.0161329645585022,0
-0.12657084635623306,-1.1099901739376037,0.8491410419312149,0.16964861838451234,0.6095235192417271,0.9048055324001227,-0.01714156098610927,-0.3041918912684436,0.001192415045823164,-0.45564143582820127,-0.22345527558581418,-0.9639773710442044,0.9841231756854657,0
0.5512255078865883,0.9009088760241706,1.5251962127575889,-0.8289981235427074,0.6095235192417271,0.9048055324001227,-0.013182598592753173,0.853056793629862,1.2029438423717405,2.411137217776689,0.5505611813513597,-0.8846092416616166,-1.0161329645585022,1
0.21232733076517762,0.9009088760241706,-1.179024470547907,-0.017506839560004712,0.10257878806523006,-1.177851894974348,0.06599664927436881,-0.3041918912684436,-0.6936750303632967,-0.11162799739561437,0.8085666669970842,0.5638591195706114,0.9841231756854657,0
0.38177641932588297,0.9009088760241706,-0.502969299721533,-0.012137431434012323,0.4405419421828948,-1.177851894974348,2.4413740852880284,0.853056793629862,1.5587696839822078,2.0671237793441026,-0.22345527558581418,-0.30919030363785477,0.9841231756854657,0
1.0595727735687044,-1.1099901739376037,-1.179024470547907,-0.5657865787311922,0.6095235192417271,0.9048055324001227,-0.013182598592753173,-1.461440576166749,-0.811164695045998,0.9204123179021463,0.5505611813513597,0.32575473142284794,-1.0161329645585022,0
0.0428782422044723,0.9009088760241706,0.8491410419312149,-0.01900711535991435,-0.7423290972289317,0.21058638994196582,-1.121692068732461,0.2744324511807092,0.7430557263280237,-1.2583394588375707,0.29255569570563505,-0.26950623894656084,0.9841231756854657,0
0.21232733076517762,0.9009088760241706,-0.502969299721533,-0.1241369679914771,0.2715603651240624,-1.177851894974348,1.3328646151483206,-1.461440576166749,1.5587696839822078,1.2644257563347332,0.5505611813513597,-1.4401861473397315,-1.0161329645585022,1
0.21232733076517762,0.9009088760241706,0.8491410419312149,-0.49078858111255147,0.4405419421828948,0.9048055324001227,-0.013182598592753173,1.4316811360790147,0.001192415045823164,0.5763988794695595,0.29255569570563505,0.8416475724096689,0.9841231756854657,0
0.21232733076517762,-1.1099901739376037,-0.502969299721533,-0.013874592886539274,0.6095235192417271,-1.177851894974348,1.0161476236798326,0.853056793629862,0.6255660616453219,0.6910700256137552,1.066572152642809,1.0202258635204915,-1.0161329645585022,0
0.0428782422044723,0.9009088760241706,-1.179024470547907,-0.13163834699102528,0.4405419421828948,-1.177851894974348,0.38271364074285674,-1.461440576166749,-0.46205254856025635,0.3470565871811683,1.066572152642809,1.298014316359549,-1.0161329645585022,1
1.0595727735687044,-1.1099901739376037,-0.502969299721533,-0.010763494648831919,0.7785050963005594,0.21058638994196582,-0.6307807319563046,0.853056793629862,-1.0092187012254088,-0.7996548742607882,0.03455021005991044,-0.5472946917856183,-1.0161329645585022,0
0.7206745964472937,0.9009088760241706,-1.179024470547907,-0.012532240855041177,0.7785050963005594,-1.177851894974348,-0.6307807319563046,0.853056793629862,0.19253272610050842,-0.7996548742607882,-0.22345527558581418,0.6630692812988462,-1.0161329645585022,0
0.21232733076517762,-1.1099901739376037,0.8491410419312149,-0.31573008382835843,0.6095235192417271,0.9048055324001227,-0.013182598592753173,-0.8828162337175963,0.001192415045823164,0.23238544103697253,-0.22345527558581418,-0.09092794783573821,-1.0161329645585022,1
0.890123685007999,-1.1099901739376037,-0.502969299721533,0.07956890088256945,0.6095235192417271,0.9048055324001227,-0.013182598592753173,-1.461440576166749,0.001192415045823164,-0.34097028968400567,-0.22345527558581418,0.0479662785837905,-1.0161329645585022,0
0.21232733076517762,-1.1099901739376037,1.5251962127575889,0.11917618200018389,0.4405419421828948,0.9048055324001227,-0.013182598592753173,0.2744324511807092,0.0851136041048956,-0.34097028968400567,0.29255569570563505,-0.17029607721832604,0.9841231756854657,0
0.0428782422044723,-1.1099901739376037,-0.502969299721533,-0.010795079402514228,-0.06640278899360229,0.21058638994196582,-0.3298995900612411,1.4316811360790147,-0.015591822765990965,-0.570312581972397,-0.22345527558581418,0.6035431842619053,0.9841231756854657,0
0.21232733076517762,0.9009088760241706,-0.502969299721533,0.21388306591658493,-0.06640278899360229,0.9048055324001227,-0.013182598592753173,-0.8828162337175963,0.6154955189582334,-0.45564143582820127,0.8085666669970842,-0.09092794783573821,0.9841231756854657,0
0.7206745964472937,0.9009088760241706,1.5251962127575889,0.5811032046039408,0.2715603651240624,0.9048055324001227,-0.013182598592753173,-0.3041918912684436,0.001192415045823164,-0.6849837281165926,-0.22345527558581418,0.4844909901880236,-1.0161329645585022,0
0.38177641932588297,-1.1099901739376037,0.8491410419312149,-0.1296011303785164,0.7785050963005594,-1.177851894974348,0.06599664927436881,0.2744324511807092,-1.0092187012254088,0.003043148748581378,0.8085666669970842,0.9408577341379036,-1.0161329645585022,1
-0.12657084635623306,0.9009088760241706,-0.502969299721533,-0.8724429522327223,0.10257878806523006,0.9048055324001227,-0.0013057114126848765,-0.3041918912684436,-1.4724636648314886,2.869821802353472,0.8085666669970842,-0.5869787564769122,-1.0161329645585022,1
0.890123685007999,0.9009088760241706,-1.179024470547907,-0.014790550743326211,0.9474866733593919,-1.177851894974348,1.1428344202672278,-0.3041918912684436,-0.41841353024953903,0.8057411717579506,0.03455021005991044,-1.0631875327724392,0.9841231756854657,0
0.21232733076517762,0.9009088760241706,-1.179024470547907,-0.13091189765633218,0.10257878806523006,-1.177851894974348,0.8577891279455886,-1.461440576166749,-0.41841353024953903,0.8057411717579506,0.5505611813513597,0.6630692812988462,-1.0161329645585022,1
0.7206745964472937,-1.1099901739376037,1.5251962127575889,-0.7789362889562489,1.4544314045358888,0.9048055324001227,0.0026532509806712224,-0.8828162337175963,-1.2979075915886182,1.952452633199907,0.8085666669970842,1.734539027963782,-1.0161329645585022,1
0.0428782422044723,-1.1099901739376037,-0.502969299721533,-0.015327491555925448,-0.06640278899360229,0.21058638994196582,-1.2879684892534171,-0.3041918912684436,-0.41841353024953903,-1.3730106049817663,0.03455021005991044,-0.03140185079879733,-1.0161329645585022,0
1.0595727735687044,0.9009088760241706,-1.179024470547907,-0.012626995116088101,1.4544314045358888,-1.177851894974348,0.06599664927436881,-0.8828162337175963,0.001192415045823164,-0.11162799739561437,0.5505611813513597,-0.46792656240303043,0.9841231756854657,0
1.2290218621294098,0.9009088760241706,-1.179024470547907,-0.014032516654950814,1.7923945586535535,-1.177851894974348,2.4413740852880284,-1.461440576166749,-0.5023347193086114,2.0671237793441026,1.066572152642809,0.6233852166075523,-1.0161329645585022,0
0.0428782422044723,-1.1099901739376037,0.8491410419312149,-0.7737405969755092,-0.5733475201700994,0.9048055324001227,0.0026532509806712224,0.2744324511807092,1.0955247203761276,1.952452633199907,1.066572152642809,0.12733440796637835,-1.0161329645585022,1
0.38177641932588297,0.9009088760241706,-1.179024470547907,-0.01761738619789279,-0.404365943111267,-1.177851894974348,0.8577891279455886,-0.8828162337175963,-1.173704231781191,0.5763988794695595,0.8085666669970842,0.801963507718375,-1.0161329645585022,0
1.2290218621294098,0.9009088760241706,1.5251962127575889,-0.7124661748318314,1.1164682504182242,0.9048055324001227,0.0026532509806712224,0.2744324511807092,0.860545391010725,1.6084391947673204,0.29255569570563505,0.32575473142284794,-1.0161329645585022,1
0.38177641932588297,-1.1099901739376037,-0.502969299721533,-0.015390661063290066,0.6095235192417271,-1.177851894974348,-1.2800505644667048,0.853056793629862,-1.6839450612603513,-1.3730106049817663,0.8085666669970842,-1.4997122443766724,0.9841231756854657,0
0.0428782422044723,-1.1099901739376037,-0.502969299721533,-0.6742328304993973,-0.404365943111267,0.9048055324001227,0.0026532509806712224,1.4316811360790147,0.001192415045823164,1.379096902478929,0.29255569570563505,-0.6663468858595001,-1.0161329645585022,1
0.890123685007999,0.9009088760241706,-1.179024470547907,-0.6120266581220913,0.4405419421828948,0.9048055324001227,0.0026532509806712224,-1.461440576166749,-0.005521280078902488,1.035083464046342,0.5505611813513597,1.0995939929030794,-1.0161329645585022,0
0.0428782422044723,0.9009088760241706,-0.502969299721533,-0.01636978842744162,0.2715603651240624,-1.177851894974348,-0.09236184645987515,0.2744324511807092,-1.6839450612603513,-0.34097028968400567,-0.22345527558581418,1.2186461869769611,-1.0161329645585022,0
0.21232733076517762,0.9009088760241706,1.5251962127575889,-0.6093103693054129,0.4405419421828948,0.9048055324001227,0.0026532509806712224,0.853056793629862,1.6729025011025462,1.035083464046342,0.29255569570563505,1.5162766721616654,-1.0161329645585022,1
0.21232733076517762,-1.1099901739376037,1.5251962127575889,-0.016669843587423547,0.10257878806523006,-1.177851894974348,-0.7257958293968509,-0.8828162337175963,-1.623521805137819,-0.9143260204049839,0.29255569570563505,-0.24966420660091387,-1.0161329645585022,0
0.0428782422044723,0.9009088760241706,-1.179024470547907,-0.601840575059547,0.2715603651240624,0.9048055324001227,0.0026532509806712224,-1.461440576166749,-0.005521280078902488,1.035083464046342,-0.22345527558581418,0.0479662785837905,0.9841231756854657,0
0.890123685007999,0.9009088760241706,-0.502969299721533,-0.017159407269499324,1.1164682504182242,-1.177851894974348,-0.2507203421941191,1.4316811360790147,0.16232109803924238,-0.45564143582820127,0.8085666669970842,1.694854963272488,0.9841231756854657,0
-0.12657084635623306,-1.1099901739376037,-1.179024470547907,-0.5367286053434687,-0.06640278899360229,0.9048055324001227,0.0026532509806712224,-1.461440576166749,-1.2979075915886182,0.8057411717579506,0.5505611813513597,-0.44808453005738347,-1.0161329645585022,0
0.38177641932588297,0.9009088760241706,1.5251962127575889,-0.014064101408633123,0.4405419421828948,-1.177851894974348,-0.3932429883549387,0.853056793629862,-1.0092187012254088,-0.570312581972397,1.066572152642809,0.08765034327508442,-1.0161329645585022,0
0.0428782422044723,-1.1099901739376037,-1.179024470547907,-0.12652161689449137,0.2715603651240624,-1.177851894974348,-0.2507203421941191,0.853056793629862,-1.2207000976542715,-0.34097028968400567,0.03455021005991044,1.5559607368529593,-1.0161329645585022,1
0.38177641932588297,0.9009088760241706,1.5251962127575889,-0.013448198711828114,0.6095235192417271,-1.177851894974348,-0.68620620546329,-1.461440576166749,-0.46205254856025635,-0.7996548742607882,0.5505611813513597,0.14717644031202531,-1.0161329645585022,0
0.0428782422044723,0.9009088760241706,0.8491410419312149,-0.5020011686697708,-0.06640278899360229,0.9048055324001227,0.0026532509806712224,0.2744324511807092,-1.1804179269059165,0.6910700256137552,0.5505611813513597,-2.9084965409176062,0.9841231756854657,0
-0.12657084635623306,0.9009088760241706,1.5251962127575889,-0.014916889758055442,0.6095235192417271,0.21058638994196582,0.38271364074285674,-0.3041918912684436,0.3637319517810161,0.1177142948927768,0.29255569570563505,0.6829113136444932,0.9841231756854657,0
0.21232733076517762,-1.1099901739376037,0.8491410419312149,-0.013890385263380427,-0.23538436605243465,-1.177851894974348,0.38271364074285674,0.853056793629862,-0.4654093961226198,0.1177142948927768,-0.22345527558581418,-0.7060309505507939,-1.0161329645585022,0
0.38177641932588297,0.9009088760241706,1.5251962127575889,-0.011410982099319237,0.4405419421828948,-1.177851894974348,-0.527847709729046,0.853056793629862,0.6255660616453219,-0.6849837281165926,0.8085666669970842,0.22654456969461315,0.9841231756854657,0
1.0595727735687044,-1.1099901739376037,-1.179024470547907,-0.016227657035871233,1.1164682504182242,-1.177851894974348,-0.2507203421941191,1.4316811360790147,-1.371758237960602,-0.45564143582820127,0.29255569570563505,-0.8647672093159696,0.9841231756854657,0
0.5512255078865883,-1.1099901739376037,-0.502969299721533,-0.006736438554337627,0.6095235192417271,-1.177851894974348,-0.4090788379283631,0.853056793629862,-1.0092187012254088,-0.570312581972397,0.5505611813513597,0.7622794430270811,0.9841231756854657,0
0.7206745964472937,0.9009088760241706,-0.502969299721533,-0.48712474968540376,0.2715603651240624,0.9048055324001227,0.0026532509806712224,-1.461440576166749,0.830333762949459,0.6910700256137552,-0.22345527558581418,0.5638591195706114,-1.0161329645585022,0
-0.12657084635623306,0.9009088760241706,-1.179024470547907,-0.013953554770745044,0.10257878806523006,-1.177851894974348,-0.6782882806765778,-0.3041918912684436,-1.173704231781191,-0.7996548742607882,1.066572152642809,0.14717644031202531,0.9841231756854657,0
0.38177641932588297,0.9009088760241706,0.8491410419312149,-0.4722325383241954,-0.5733475201700994,0.9048055324001227,0.0026532509806712224,1.4316811360790147,0.001192415045823164,0.5763988794695595,0.8085666669970842,0.5837011519162584,0.9841231756854657,0
-0.12657084635623306,-1.1099901739376037,-0.502969299721533,-0.462551811320568,-0.06640278899360229,0.9048055324001227,0.0026532509806712224,-1.461440576166749,0.001192415045823164,0.5763988794695595,-0.22345527558581418,0.0479662785837905,0.9841231756854657,0
0.0428782422044723,0.9009088760241706,-1.179024470547907,-0.45362911840531595,-0.06640278899360229,0.9048055324001227,0.0026532509806712224,0.2744324511807092,-1.0427871768490378,0.5763988794695595,0.29255569570563505,0.821805540064022,-1.0161329645585022,0
0.0428782422044723,0.9009088760241706,-0.502969299721533,-0.5606540562578172,0.10257878806523006,0.9048055324001227,0.0026532509806712224,0.2744324511807092,1.2096575374964662,0.9204123179021463,1.066572152642809,1.6154868338899002,-1.0161329645585022,1
0.0428782422044723,0.9009088760241706,-1.179024470547907,-0.003356869910330653,-0.404365943111267,-1.177851894974348,0.22435514500861276,-0.3041918912684436,-1.6705176710108995,0.003043148748581378,0.5505611813513597,-1.8171847619070236,0.9841231756854657,0
0.890123685007999,0.9009088760241706,-1.179024470547907,-0.4132164260688026,0.9474866733593919,0.9048055324001227,0.0026532509806712224,0.2744324511807092,0.7229146409538463,0.4617277333253637,-0.22345527558581418,0.32575473142284794,0.9841231756854657,0
0.890123685007999,-1.1099901739376037,0.8491410419312149,-0.3891962208934073,0.7785050963005594,0.9048055324001227,0.0026532509806712224,-0.8828162337175963,-0.8447331706696268,0.3470565871811683,-0.22345527558581418,-0.7853990799333818,0.9841231756854657,0
0.38177641932588297,0.9009088760241706,-1.179024470547907,-0.0012248990367748514,0.4405419421828948,0.21058638994196582,-0.8841543251310949,1.4316811360790147,0.561785957960427,-1.0289971665491795,0.29255569570563505,0.7424374106814341,0.9841231756854657,0
-0.12657084635623306,0.9009088760241706,-0.502969299721533,-0.11445624098784964,0.10257878806523006,-1.177851894974348,-0.2903099661276801,1.4316811360790147,1.286865031430813,-0.34097028968400567,0.8085666669970842,0.2463866020402601,-1.0161329645585022,1
-0.12657084635623306,-1.1099901739376037,1.5251962127575889,-0.4911991829104215,0.10257878806523006,0.9048055324001227,0.0026532509806712224,0.2744324511807092,0.001192415045823164,0.6910700256137552,0.8085666669970842,1.4567505751247247,-1.0161329645585022,1
0.890123685007999,-1.1099901739376037,-1.179024470547907,-0.33926072532167806,0.7785050963005594,0.9048055324001227,0.0026532509806712224,0.2744324511807092,1.7736079279734327,0.23238544103697253,0.29255569570563505,0.801963507718375,0.9841231756854657,0
0.0428782422044723,-1.1099901739376037,0.17308587110484092,-0.26096212094323606,0.10257878806523006,0.9048055324001227,0.0026532509806712224,-0.3041918912684436,-0.6500360120525788,0.1177142948927768,0.29255569570563505,-0.7853990799333818,0.9841231756854657,0
0.5512255078865883,0.9009088760241706,-1.179024470547907,-0.3779204638288232,0.6095235192417271,0.9048055324001227,0.0026532509806712224,0.2744324511807092,1.159304824061023,0.3470565871811683,-0.22345527558581418,-2.4521297969677263,-1.0161329645585022,1
0.21232733076517762,0.9009088760241706,1.5251962127575889,0.007571454863747974,0.2715603651240624,-1.177851894974348,-0.4090788379283631,-1.461440576166749,-0.3680608168140954,-0.570312581972397,1.066572152642809,-1.3409759856114967,0.9841231756854657,0
0.21232733076517762,-1.1099901739376037,-1.179024470547907,-0.10779185796088261,-0.06640278899360229,-1.177851894974348,-0.5674373336626071,1.4316811360790147,1.4312094766124175,-0.6849837281165926,1.066572152642809,-1.3012919209202027,-1.0161329645585022,1
1.2290218621294098,0.9009088760241706,1.5251962127575889,0.007445115849018741,0.7785050963005594,-1.177851894974348,-1.042512820865339,1.4316811360790147,-1.6705176710108995,-1.143668312693375,0.29255569570563505,0.9408577341379036,-1.0161329645585022,0
0.21232733076517762,0.9009088760241706,0.8491410419312149,-0.24046361580341807,0.10257878806523006,0.9048055324001227,0.0026532509806712224,1.4316811360790147,0.5785701957722418,0.1177142948927768,-0.22345527558581418,-0.6465048535138531,0.9841231756854657,0
1.2290218621294098,0.9009088760241706,-0.502969299721533,0.006987136920625273,0.7785050963005594,-1.177851894974348,-0.07652599688645076,-1.461440576166749,0.4745079213389917,-0.34097028968400567,0.29255569570563505,1.1392780575943733,-1.0161329645585022,0
0.21232733076517762,-1.1099901739376037,-1.179024470547907,-0.142061315706187,0.10257878806523006,0.9048055324001227,0.0026532509806712224,1.4316811360790147,0.15896425047687956,0.003043148748581378,-0.22345527558581418,-1.162397694500674,0.9841231756854657,0
0.890123685007999,-1.1099901739376037,0.8491410419312149,-0.1266479559092206,0.4405419421828948,0.9048055324001227,0.0026532509806712224,0.2744324511807092,-0.3680608168140954,-0.11162799739561437,0.5505611813513597,1.258330251668255,-1.0161329645585022,0
-0.12657084635623306,0.9009088760241706,0.17308587110484092,-0.11311388895635154,-0.23538436605243465,0.9048055324001227,0.0026532509806712224,1.4316811360790147,-0.11965409719924096,-0.11162799739561437,0.29255569570563505,-1.2814498885745558,0.9841231756854657,0
0.0428782422044723,0.9009088760241706,1.5251962127575889,-0.10501239963683949,0.7785050963005594,0.9048055324001227,0.0026532509806712224,-0.8828162337175963,0.860545391010725,-0.11162799739561437,0.5505611813513597,-1.4401861473397315,0.9841231756854657,0
0.5512255078865883,-1.1099901739376037,1.5251962127575889,0.008708505996311068,1.1164682504182242,-1.177851894974348,-0.8524826259842462,1.4316811360790147,-1.1804179269059165,-1.0289971665491795,0.29255569570563505,-0.8449251769703227,0.9841231756854657,0
1.0595727735687044,-1.1099901739376037,0.8491410419312149,-0.10569147184100912,0.9474866733593919,-1.177851894974348,-1.042512820865339,-0.8828162337175963,0.3301634761573873,-1.143668312693375,1.066572152642809,-0.6663468858595001,-1.0161329645585022,1
0.21232733076517762,-1.1099901739376037,-0.502969299721533,0.003133796971383676,0.4405419421828948,-1.177851894974348,-1.042512820865339,1.4316811360790147,-1.8752853723150364,-1.143668312693375,0.29255569570563505,-0.051243883144444294,-1.0161329645585022,0
-0.12657084635623306,0.9009088760241706,0.8491410419312149,0.004160301466058692,0.10257878806523006,-1.177851894974348,-0.18737694390042153,-0.8828162337175963,1.8407448792206904,-0.45564143582820127,0.29255569570563505,-0.11076998018138517,-1.0161329645585022,0
0.21232733076517762,0.9009088760241706,0.8491410419312149,-0.10866043868714609,0.7785050963005594,0.9048055324001227,0.0026532509806712224,-0.3041918912684436,0.2193875065994116,-0.11162799739561437,0.03455021005991044,0.5837011519162584,0.9841231756854657,0
-0.12657084635623306,-1.1099901739376037,0.8491410419312149,-0.2254608578043217,-0.5733475201700994,0.9048055324001227,0.0026532509806712224,0.853056793629862,0.3905867322799193,0.1177142948927768,0.8085666669970842,-0.051243883144444294,-1.0161329645585022,1
0.890123685007999,-1.1099901739376037,-0.502969299721533,0.007808340516365285,0.9474866733593919,0.21058638994196582,-0.963333572998217,0.2744324511807092,0.001192415045823164,-1.143668312693375,0.8085666669970842,1.298014316359549,0.9841231756854657,0
0.890123685007999,0.9009088760241706,-1.179024470547907,0.0056447848891271754,0.9474866733593919,0.21058638994196582,-0.6307807319563046,1.4316811360790147,-0.005521280078902488,-0.7996548742607882,0.8085666669970842,-0.011559818453150373,0.9841231756854657,0
0.21232733076517762,-1.1099901739376037,0.8491410419312149,0.0003069615168170948,0.10257878806523006,-1.177851894974348,-1.042512820865339,0.853056793629862,-1.1233515183457474,-1.143668312693375,0.29255569570563505,-0.3488743683291487,0.9841231756854657,0
0.38177641932588297,-1.1099901739376037,-1.179024470547907,-0.0176489709515751,0.4405419421828948,0.9048055324001227,0.0026532509806712224,0.853056793629862,0.4745079213389917,-0.2262991435398101,1.066572152642809,-1.5989224061049072,0.9841231756854657,0
-0.12657084635623306,0.9009088760241706,-0.502969299721533,-0.07540169305967559,0.2715603651240624,0.9048055324001227,0.0026532509806712224,0.853056793629862,-0.25392799969375696,-0.11162799739561437,0.5505611813513597,1.1591200899400202,-1.0161329645585022,1
0.0428782422044723,0.9009088760241706,-0.502969299721533,-0.10201184803702022,-0.06640278899360229,-1.177851894974348,-0.4882580857954851,-0.3041918912684436,-1.7510820125076092,-0.570312581972397,0.03455021005991044,0.4448069254967297,-1.0161329645585022,1
0.21232733076517762,0.9009088760241706,1.5251962127575889,-0.10674956108936645,0.10257878806523006,-1.177851894974348,2.4413740852880284,0.2744324511807092,3.018998373610068,2.2964660716324943,1.066572152642809,-0.051243883144444294,-1.0161329645585022,1
1.2290218621294098,0.9009088760241706,-1.179024470547907,0.07704212058798479,1.6234129815947211,0.9048055324001227,0.0026532509806712224,-0.3041918912684436,-1.8752853723150364,-0.34097028968400567,0.8085666669970842,-0.13061201252703214,0.9841231756854657,0
0.38177641932588297,-1.1099901739376037,1.5251962127575889,0.10794780206612334,0.10257878806523006,0.9048055324001227,0.0026532509806712224,-0.3041918912684436,0.5382880250238866,-0.34097028968400567,0.03455021005991044,-2.4124457322764323,0.9841231756854657,0
-0.12657084635623306,-1.1099901739376037,-0.502969299721533,-0.10338578482220062,-0.06640278899360229,-1.177851894974348,-1.2008713165995828,0.2744324511807092,1.575553921794022,-1.2583394588375707,0.03455021005991044,0.5440170872249644,-1.0161329645585022,1
-0.12657084635623306,0.9009088760241706,-1.179024470547907,0.22618532747584397,-0.23538436605243465,0.9048055324001227,0.0026532509806712224,-0.8828162337175963,2.0589399707742797,-0.45564143582820127,0.29255569570563505,0.16701847265767225,-1.0161329645585022,0
-0.12657084635623306,0.9009088760241706,-0.502969299721533,0.2361819020162945,0.2715603651240624,0.9048055324001227,0.0026532509806712224,-0.3041918912684436,0.4308689030282738,-0.45564143582820127,0.8085666669970842,-0.190138109563973,0.9841231756854657,0
-0.12657084635623306,0.9009088760241706,-1.179024470547907,-0.11264011765111692,0.10257878806523006,-1.177851894974348,-0.18737694390042153,-0.3041918912684436,0.5785701957722418,-0.2262991435398101,0.8085666669970842,1.6551708985811941,-1.0161329645585022,1
0.38177641932588297,-1.1099901739376037,0.8491410419312149,0.0017440678093621166,-0.23538436605243465,-1.177851894974348,0.38271364074285674,1.4316811360790147,-1.173704231781191,0.1177142948927768,1.066572152642809,-0.686188918205147,0.9841231756854657,0
0.5512255078865883,-1.1099901739376037,-0.502969299721533,0.27582076788759124,0.6095235192417271,0.9048055324001227,0.0026532509806712224,0.2744324511807092,-0.3680608168140954,-0.45564143582820127,0.29255569570563505,0.7424374106814341,0.9841231756854657,0
-0.12657084635623306,0.9009088760241706,-1.179024470547907,0.005960632425950257,0.10257878806523006,-1.177851894974348,-0.052772222526314166,-0.8828162337175963,-0.811164695045998,-0.2262991435398101,0.8085666669970842,0.782121475372728,0.9841231756854657,0
0.7206745964472937,-1.1099901739376037,-1.179024470547907,0.2693932705132415,0.4405419421828948,0.9048055324001227,0.0026532509806712224,-1.461440576166749,0.04483143335654109,-0.45564143582820127,-0.22345527558581418,1.5956448015442533,0.9841231756854657,0
0.38177641932588297,0.9009088760241706,-0.502969299721533,0.013730481831798067,0.2715603651240624,-1.177851894974348,0.8577891279455886,1.4316811360790147,0.04483143335654109,0.5763988794695595,0.5505611813513597,-1.5195542767223194,0.9841231756854657,0
0.38177641932588297,0.9009088760241706,0.8491410419312149,0.0014282202725390348,0.10257878806523006,-1.177851894974348,-0.5674373336626071,-0.8828162337175963,-1.1166378232210217,-0.6849837281165926,0.5505611813513597,-1.2417658238832618,-1.0161329645585022,0
0.38177641932588297,-1.1099901739376037,1.5251962127575889,0.0004806776620697897,0.10257878806523006,-1.177851894974348,0.25602684415546156,-1.461440576166749,-0.5661148229935064,0.003043148748581378,0.8085666669970842,1.1194360252487263,0.9841231756854657,0
0.5512255078865883,-1.1099901739376037,-1.179024470547907,0.0037654920450298393,0.10257878806523006,-1.177851894974348,1.9662985980852963,1.4316811360790147,1.8877407450937713,1.4937680486231246,-0.22345527558581418,0.22654456969461315,0.9841231756854657,0
0.5512255078865883,-1.1099901739376037,0.8491410419312149,0.006718666514325653,1.1164682504182242,-1.177851894974348,0.06599664927436881,0.853056793629862,0.001192415045823164,-0.2262991435398101,-0.22345527558581418,0.18686050500331922,0.9841231756854657,0
0.890123685007999,-1.1099901739376037,-1.179024470547907,0.006197518078567568,1.1164682504182242,-1.177851894974348,1.6495816066168083,0.853056793629862,0.5382880250238866,1.2644257563347332,-0.22345527558581418,-0.13061201252703214,-1.0161329645585022,0
-0.12657084635623306,-1.1099901739376037,0.8491410419312149,0.008282111821599908,-0.23538436605243465,0.9048055324001227,0.0026532509806712224,0.2744324511807092,0.001192415045823164,-0.2262991435398101,0.29255569570563505,-1.6981325678331418,-1.0161329645585022,1
0.7206745964472937,-1.1099901739376037,1.5251962127575889,0.008345281328964524,0.9474866733593919,-1.177851894974348,-0.7257958293968509,0.2744324511807092,-1.6705176710108995,-0.9143260204049839,0.5505611813513597,-0.7258729828964409,0.9841231756854657,0
0.38177641932588297,0.9009088760241706,-1.179024470547907,0.006102763817520644,-0.06640278899360229,-1.177851894974348,-1.0741845200121878,0.853056793629862,0.860545391010725,-1.2583394588375707,0.03455021005991044,0.8614896047553159,-1.0161329645585022,0
0.7206745964472937,-1.1099901739376037,-0.502969299721533,0.007603039617430282,0.4405419421828948,-1.177851894974348,-0.5555604464825388,-1.461440576166749,-1.6705176710108995,-0.6849837281165926,1.066572152642809,1.0995939929030794,0.9841231756854657,0
0.21232733076517762,0.9009088760241706,-1.179024470547907,0.006102763817520644,0.4405419421828948,-1.177851894974348,-0.4090788379283631,-0.3041918912684436,-1.0495008719737637,-0.570312581972397,-0.22345527558581418,1.0599099282117854,0.9841231756854657,0
0.5512255078865883,0.9009088760241706,-1.179024470547907,0.011977528002429964,0.2715603651240624,-1.177851894974348,-0.4090788379283631,-0.3041918912684436,0.2865244578466693,-0.570312581972397,0.03455021005991044,-1.3806600503027906,0.9841231756854657,0
1.0595727735687044,-1.1099901739376037,-1.179024470547907,0.8954030884965894,1.2854498274770565,0.9048055324001227,0.0026532509806712224,-0.8828162337175963,0.001192415045823164,-0.7996548742607882,0.8085666669970842,1.0400678958661385,0.9841231756854657,0
0.21232733076517762,0.9009088760241706,0.8491410419312149,0.015278134762231168,0.7785050963005594,0.21058638994196582,0.38271364074285674,1.4316811360790147,-1.3482603050240614,0.1177142948927768,0.5505611813513597,-0.7655570475877348,0.9841231756854657,0
0.0428782422044723,0.9009088760241706,-0.502969299721533,1.026843040945515,0.10257878806523006,0.9048055324001227,0.0026532509806712224,0.2744324511807092,-1.0092187012254088,-0.7996548742607882,0.29255569570563505,1.0003838311748445,-1.0161329645585022,0
0.5512255078865883,-1.1099901739376037,0.8491410419312149,0.011282663421419184,0.2715603651240624,-1.177851894974348,-0.8524826259842462,1.4316811360790147,-1.1233515183457474,-1.0289971665491795,0.5505611813513597,0.6233852166075523,0.9841231756854657,0
0.5512255078865883,0.9009088760241706,-1.179024470547907,0.8993195979531957,0.2715603651240624,0.9048055324001227,0.0026532509806712224,-0.3041918912684436,1.3103629643673533,-0.7996548742607882,0.29255569570563505,-0.03140185079879733,-1.0161329645585022,1
0.5512255078865883,0.9009088760241706,-0.502969299721533,1.1760967944712621,0.2715603651240624,0.9048055324001227,0.0026532509806712224,0.853056793629862,0.001192415045823164,-0.9143260204049839,0.5505611813513597,1.2186461869769611,-1.0161329645585022,1
0.38177641932588297,-1.1099901739376037,-0.502969299721533,0.00806101854582375,0.10257878806523006,-1.177851894974348,-0.2507203421941191,-1.461440576166749,-1.0495008719737637,-0.45564143582820127,0.8085666669970842,0.16701847265767225,0.9841231756854657,0
-0.12657084635623306,-1.1099901739376037,0.8491410419312149,0.013035617250787288,-0.404365943111267,-1.177851894974348,1.0161476236798326,-0.3041918912684436,-0.005521280078902488,0.6910700256137552,-0.22345527558581418,-1.2616078562289088,0.9841231756854657,0
-0.12657084635623306,0.9009088760241706,-0.502969299721533,-0.17787842638192444,0.2715603651240624,0.9048055324001227,0.018489100554095618,1.4316811360790147,-0.7138161157374736,0.003043148748581378,1.066572152642809,1.5956448015442533,-1.0161329645585022,0
0.890123685007999,-1.1099901739376037,0.8491410419312149,0.013462011425498447,0.4405419421828948,-1.177851894974348,-0.06069014731302636,0.853056793629862,0.001192415045823164,-0.34097028968400567,0.29255569570563505,-0.7853990799333818,0.9841231756854657,0
0.21232733076517762,0.9009088760241706,0.8491410419312149,0.10608430159886716,0.6095235192417271,0.9048055324001227,0.018489100554095618,-1.461440576166749,-0.6936750303632967,-0.34097028968400567,-0.22345527558581418,-1.202081759191968,0.9841231756854657,0
0.38177641932588297,-1.1099901739376037,-1.179024470547907,0.4246007501081039,-0.5733475201700994,0.9048055324001227,0.018489100554095618,-0.3041918912684436,0.001192415045823164,-0.570312581972397,-0.22345527558581418,0.18686050500331922,-1.0161329645585022,0
1.2290218621294098,0.9009088760241706,-1.179024470547907,0.015436058530642708,1.1164682504182242,-1.177851894974348,-0.8524826259842462,1.4316811360790147,-1.7510820125076092,-1.0289971665491795,1.066572152642809,-0.44808453005738347,0.9841231756854657,0
0.38177641932588297,0.9009088760241706,-0.502969299721533,0.022068856803927422,0.10257878806523006,-1.177851894974348,-1.121692068732461,-1.461440576166749,-1.5496711587658354,-1.2583394588375707,0.29255569570563505,0.8416475724096689,0.9841231756854657,0
0.0428782422044723,-1.1099901739376037,0.17308587110484092,-0.7720192278998235,0.10257878806523006,0.9048055324001227,0.026407025340807817,0.2744324511807092,2.431550050196561,1.952452633199907,0.03455021005991044,0.782121475372728,-1.0161329645585022,1
0.0428782422044723,0.9009088760241706,1.5251962127575889,-0.09242587529443969,0.10257878806523006,-1.177851894974348,0.6994306322113446,-1.461440576166749,1.5486991412951188,0.5763988794695595,1.066572152642809,-0.4282424977117365,-1.0161329645585022,1
-0.12657084635623306,0.9009088760241706,0.8491410419312149,-0.7323329848980032,-0.404365943111267,0.9048055324001227,0.026407025340807817,0.2744324511807092,-0.46205254856025635,1.7231103409115156,0.03455021005991044,-2.1743413441286688,-1.0161329645585022,1
-0.12657084635623306,-1.1099901739376037,-0.502969299721533,-0.6991532011547384,-0.06640278899360229,0.9048055324001227,0.026407025340807817,0.853056793629862,-1.173704231781191,1.4937680486231246,0.03455021005991044,1.4369085427790778,-1.0161329645585022,1
-0.12657084635623306,-1.1099901739376037,-1.179024470547907,0.018357648246256214,-0.5733475201700994,-1.177851894974348,0.0026532509806712224,0.2744324511807092,-1.173704231781191,-0.2262991435398101,0.29255569570563505,0.38528082845978884,0.9841231756854657,0
0.5512255078865883,-1.1099901739376037,0.8491410419312149,-0.6245342205802854,0.9474866733593919,0.9048055324001227,0.026407025340807817,0.2744324511807092,1.1861596045599256,1.1497546101905376,0.8085666669970842,0.6035431842619053,-1.0161329645585022,1
0.0428782422044723,0.9009088760241706,1.5251962127575889,0.02341120883542552,0.4405419421828948,-1.177851894974348,2.4413740852880284,1.4316811360790147,-0.21700267650776528,1.952452633199907,0.5505611813513597,1.2186461869769611,-1.0161329645585022,0
0.38177641932588297,-1.1099901739376037,0.8491410419312149,0.020916013294523174,0.9474866733593919,-1.177851894974348,0.8577891279455886,0.853056793629862,0.4107278176540969,0.4617277333253637,0.5505611813513597,1.0599099282117854,0.9841231756854657,0
0.21232733076517762,-1.1099901739376037,0.8491410419312149,0.018262893985209288,-0.23538436605243465,-1.177851894974348,-0.01714156098610927,0.2744324511807092,0.001192415045823164,-0.2262991435398101,1.066572152642809,0.20670253734896618,0.9841231756854657,0
0.890123685007999,0.9009088760241706,0.17308587110484092,-0.6612041196054452,1.1164682504182242,0.9048055324001227,0.05807872448765661,-1.461440576166749,0.665848232393677,1.379096902478929,0.5505611813513597,-0.9441353386985575,-1.0161329645585022,1
1.0595727735687044,0.9009088760241706,-0.502969299721533,0.3858620497167529,1.1164682504182242,0.9048055324001227,0.05807872448765661,1.4316811360790147,-1.0495008719737637,-0.45564143582820127,0.29255569570563505,1.0797519605574324,0.9841231756854657,0
0.7206745964472937,0.9009088760241706,0.8491410419312149,0.026048535767898253,0.2715603651240624,-1.177851894974348,-0.2507203421941191,0.2744324511807092,0.001192415045823164,-0.45564143582820127,0.8085666669970842,-1.4401861473397315,0.9841231756854657,0
0.21232733076517762,0.9009088760241706,-1.179024470547907,0.021342407469234336,-0.06640278899360229,-1.177851894974348,-0.09236184645987515,0.853056793629862,-0.6936750303632967,-0.34097028968400567,0.29255569570563505,0.3654387961141419,0.9841231756854657,0
1.0595727735687044,0.9009088760241706,-1.179024470547907,0.02360071735751937,1.4544314045358888,-1.177851894974348,-0.4090788379283631,-0.8828162337175963,-1.173704231781191,-0.570312581972397,0.8085666669970842,0.9011736694466097,-1.0161329645585022,0
0.5512255078865883,0.9009088760241706,1.5251962127575889,0.020031640191418548,0.7785050963005594,-1.177851894974348,-1.042512820865339,-1.461440576166749,-0.11965409719924096,-1.143668312693375,0.8085666669970842,0.7225953783357871,0.9841231756854657,0
0.7206745964472937,-1.1099901739376037,0.8491410419312149,-0.8470172255184641,0.4405419421828948,0.9048055324001227,0.06599664927436881,0.2744324511807092,0.001192415045823164,2.7551506562092767,0.03455021005991044,-0.30919030363785477,-1.0161329645585022,1
0.890123685007999,0.9009088760241706,-0.502969299721533,-0.8397369397946921,0.7785050963005594,0.9048055324001227,0.06599664927436881,-1.461440576166749,0.5114332445249834,2.640479510065081,0.5505611813513597,1.1789621222856672,-1.0161329645585022,1
-0.12657084635623306,-1.1099901739376037,-0.502969299721533,-0.0883988191999454,0.6095235192417271,-1.177851894974348,-0.4407505370752119,-1.461440576166749,1.6729025011025462,-0.570312581972397,0.29255569570563505,-0.7853990799333818,-1.0161329645585022,1
-0.12657084635623306,-1.1099901739376037,-1.179024470547907,0.02113710657029933,0.10257878806523006,-1.177851894974348,-0.8524826259842462,0.853056793629862,0.001192415045823164,-1.0289971665491795,-0.22345527558581418,0.821805540064022,-1.0161329645585022,0
0.7206745964472937,0.9009088760241706,0.8491410419312149,-0.8288086150206135,1.1164682504182242,0.9048055324001227,0.06599664927436881,0.2744324511807092,2.478545916069642,2.525808363920885,0.03455021005991044,0.3654387961141419,-1.0161329645585022,1
0.38177641932588297,0.9009088760241706,0.8491410419312149,0.025353671186887472,0.10257878806523006,-1.177851894974348,0.06599664927436881,-0.3041918912684436,-1.3482603050240614,-0.2262991435398101,0.03455021005991044,-0.11076998018138517,0.9841231756854657,0
0.7206745964472937,0.9009088760241706,-1.179024470547907,0.027454057306760968,-0.23538436605243465,-1.177851894974348,-0.8841543251310949,-1.461440576166749,0.001192415045823164,-1.0289971665491795,0.8085666669970842,0.6035431842619053,-1.0161329645585022,0
0.890123685007999,0.9009088760241706,-0.502969299721533,-0.7895803509471868,1.1164682504182242,0.9048055324001227,0.06599664927436881,-1.461440576166749,-0.707102420612748,2.1817949254882985,-0.22345527558581418,0.7027533459901402,-1.0161329645585022,1
-0.12657084635623306,0.9009088760241706,-1.179024470547907,-0.7906542325723852,0.6095235192417271,0.9048055324001227,0.06599664927436881,0.2744324511807092,0.7464125738903866,2.2964660716324943,0.5505611813513597,-1.4798702120310254,-1.0161329645585022,1
1.0595727735687044,0.9009088760241706,0.17308587110484092,0.0198421316693247,0.7785050963005594,-1.177851894974348,-0.5040939353689095,-1.461440576166749,0.7464125738903866,-0.6849837281165926,0.29255569570563505,1.298014316359549,0.9841231756854657,0
1.2290218621294098,-1.1099901739376037,0.8491410419312149,0.02677498510259134,0.9474866733593919,-1.177851894974348,-0.4090788379283631,-0.8828162337175963,-1.2979075915886182,-0.570312581972397,0.5505611813513597,-0.051243883144444294,0.9841231756854657,0
1.2290218621294098,-1.1099901739376037,0.8491410419312149,0.016162507865335796,0.9474866733593919,-1.177851894974348,-0.9950052721450657,0.853056793629862,-1.0495008719737637,-1.143668312693375,0.03455021005991044,0.18686050500331922,-1.0161329645585022,0
0.0428782422044723,0.9009088760241706,1.5251962127575889,0.023348039328060906,0.6095235192417271,-1.177851894974348,0.7627740305050422,1.4316811360790147,-0.37813135950118393,0.4617277333253637,1.066572152642809,0.4844909901880236,0.9841231756854657,0
0.21232733076517762,0.9009088760241706,-0.502969299721533,-0.0943841300227428,0.2715603651240624,-1.177851894974348,0.8577891279455886,-0.3041918912684436,-0.37813135950118393,0.6910700256137552,0.8085666669970842,0.16701847265767225,-1.0161329645585022,1
0.0428782422044723,0.9009088760241706,-0.502969299721533,-0.7873852105662663,0.10257878806523006,0.9048055324001227,0.06599664927436881,0.853056793629862,0.6255660616453219,2.1817949254882985,1.066572152642809,2.0123274808028393,-1.0161329645585022,1
0.21232733076517762,0.9009088760241706,-1.179024470547907,0.020442241989288554,0.2715603651240624,0.21058638994196582,-0.9474977234247925,0.2744324511807092,-1.173704231781191,-1.143668312693375,1.066572152642809,-0.20998014190961997,0.9841231756854657,0
-0.12657084635623306,-1.1099901739376037,-1.179024470547907,-0.795028720957385,-0.911310674287764,0.9048055324001227,0.06599664927436881,0.2744324511807092,-1.1166378232210217,2.2964660716324943,0.8085666669970842,-0.7457150152420878,-1.0161329645585022,1
0.21232733076517762,0.9009088760241706,0.8491410419312149,0.020947598048205483,0.7785050963005594,-1.177851894974348,0.06599664927436881,-0.3041918912684436,-1.2979075915886182,-0.2262991435398101,0.03455021005991044,-0.8647672093159696,-1.0161329645585022,0
0.7206745964472937,0.9009088760241706,-1.179024470547907,0.01444113878965,0.9474866733593919,-1.177851894974348,0.06599664927436881,0.2744324511807092,-0.25392799969375696,-0.2262991435398101,0.8085666669970842,0.38528082845978884,-1.0161329645585022,0
0.890123685007999,-1.1099901739376037,-1.179024470547907,0.02282689089230282,0.6095235192417271,-1.177851894974348,2.4413740852880284,-1.461440576166749,-0.005521280078902488,1.952452633199907,0.03455021005991044,0.008282213892496587,-1.0161329645585022,0
-0.12657084635623306,-1.1099901739376037,-0.502969299721533,0.023569132603837063,-0.911310674287764,-1.177851894974348,2.3226052134873454,-0.8828162337175963,1.327147202179168,1.8377814870557112,0.5505611813513597,1.298014316359549,-1.0161329645585022,0
-0.12657084635623306,-1.1099901739376037,0.8491410419312149,-0.7800101705814474,0.10257878806523006,0.9048055324001227,0.06599664927436881,0.2744324511807092,-0.25392799969375696,2.1817949254882985,0.29255569570563505,-3.0077067026458413,-1.0161329645585022,1
-0.12657084635623306,0.9009088760241706,1.5251962127575889,-0.7748934404849135,-0.5733475201700994,0.9048055324001227,0.06599664927436881,-1.461440576166749,0.001192415045823164,2.0671237793441026,0.5505611813513597,1.0400678958661385,-1.0161329645585022,1
0.7206745964472937,0.9009088760241706,1.5251962127575889,0.019952678307212778,0.10257878806523006,0.21058638994196582,1.6495816066168083,-0.3041918912684436,0.27645391515958084,1.2644257563347332,0.29255569570563505,0.22654456969461315,0.9841231756854657,0
0.7206745964472937,0.9009088760241706,-1.179024470547907,-0.7743249149186319,0.7785050963005594,0.9048055324001227,0.06599664927436881,-1.461440576166749,-0.8447331706696268,2.0671237793441026,1.066572152642809,-0.6068207888225592,-1.0161329645585022,1
1.0595727735687044,-1.1099901739376037,-0.502969299721533,-0.7738353512365561,0.7785050963005594,0.9048055324001227,0.06599664927436881,0.2744324511807092,-1.2475548781531747,2.0671237793441026,0.8085666669970842,0.26622863438590705,-1.0161329645585022,1
1.0595727735687044,0.9009088760241706,0.8491410419312149,0.0231427384291259,1.2854498274770565,-1.177851894974348,1.0161476236798326,1.4316811360790147,0.7430557263280237,0.6910700256137552,0.5505611813513597,-1.102871597463733,0.9841231756854657,0
-0.12657084635623306,0.9009088760241706,1.5251962127575889,0.021847763528151265,-0.23538436605243465,0.21058638994196582,-0.7257958293968509,0.853056793629862,0.001192415045823164,-0.9143260204049839,1.066572152642809,0.5241750548793175,0.9841231756854657,0
0.5512255078865883,-1.1099901739376037,-1.179024470547907,0.026996078378367497,0.9474866733593919,-1.177851894974348,0.06599664927436881,0.853056793629862,-1.6705176710108995,-0.2262991435398101,0.29255569570563505,0.6233852166075523,0.9841231756854657,0
0.21232733076517762,0.9009088760241706,1.5251962127575889,-0.7662708027296433,0.4405419421828948,0.9048055324001227,0.06599664927436881,-0.3041918912684436,0.1119683846037988,2.0671237793441026,-0.22345527558581418,0.305912699077201,-1.0161329645585022,1
-0.12657084635623306,-1.1099901739376037,-0.502969299721533,0.030201930877121776,0.10257878806523006,-1.177851894974348,0.1847655210750518,-0.3041918912684436,-1.3751150855229646,-0.11162799739561437,0.03455021005991044,-0.5076106270943244,0.9841231756854657,0
1.0595727735687044,0.9009088760241706,1.5251962127575889,-0.7553108932018824,0.6095235192417271,0.9048055324001227,0.06599664927436881,1.4316811360790147,0.4745079213389917,1.952452633199907,0.29255569570563505,0.7622794430270811,-1.0161329645585022,1
0.7206745964472937,0.9009088760241706,1.5251962127575889,-0.2629519604252215,0.7785050963005594,-1.177851894974348,0.8577891279455886,0.2744324511807092,0.007906110170548816,1.1497546101905376,0.03455021005991044,-0.051243883144444294,-1.0161329645585022,1
0.21232733076517762,-1.1099901739376037,-0.502969299721533,0.024595637098512077,0.4405419421828948,-1.177851894974348,0.06599664927436881,-1.461440576166749,0.04483143335654109,-0.2262991435398101,0.8085666669970842,0.821805540064022,0.9841231756854657,0
0.0428782422044723,0.9009088760241706,-0.502969299721533,0.025480010201616707,-0.06640278899360229,-1.177851894974348,-1.2800505644667048,-0.3041918912684436,-1.3751150855229646,-1.3730106049817663,0.03455021005991044,-0.4282424977117365,0.9841231756854657,0
0.21232733076517762,-1.1099901739376037,-1.179024470547907,0.03059674029815063,0.2715603651240624,-1.177851894974348,0.5094004373302519,-0.8828162337175963,0.16232109803924238,0.23238544103697253,0.5505611813513597,-0.011559818453150373,-1.0161329645585022,0
-0.12657084635623306,-1.1099901739376037,1.5251962127575889,-0.7504942182653304,0.10257878806523006,0.9048055324001227,0.06599664927436881,-0.8828162337175963,-0.25392799969375696,1.952452633199907,0.8085666669970842,0.20670253734896618,-1.0161329645585022,1
-0.12657084635623306,-1.1099901739376037,0.8491410419312149,0.03833500495031613,-0.7423290972289317,-1.177851894974348,-1.359229812333827,-1.461440576166749,-1.2106295549671826,-1.487681751125962,0.29255569570563505,-0.4282424977117365,-1.0161329645585022,0
-0.12657084635623306,0.9009088760241706,1.5251962127575889,-0.7314801965485809,-0.06640278899360229,0.9048055324001227,0.06599664927436881,-1.461440576166749,1.5486991412951188,1.8377814870557112,0.03455021005991044,-0.13061201252703214,-1.0161329645585022,1
1.0595727735687044,0.9009088760241706,0.8491410419312149,-0.7213572829934011,1.2854498274770565,0.9048055324001227,0.06599664927436881,-1.461440576166749,-0.21364582894540246,1.7231103409115156,0.03455021005991044,-1.2814498885745558,-1.0161329645585022,1
1.2290218621294098,-1.1099901739376037,-0.502969299721533,0.036376750222013025,1.4544314045358888,-1.177851894974348,0.06599664927436881,1.4316811360790147,-1.0092187012254088,-0.2262991435398101,-0.22345527558581418,1.8139071573463699,0.9841231756854657,0
0.38177641932588297,0.9009088760241706,0.8491410419312149,0.033407783375876056,0.7785050963005594,-1.177851894974348,1.1745061194140765,0.853056793629862,0.19253272610050842,0.8057411717579506,0.03455021005991044,-0.9242933063529105,0.9841231756854657,0
1.0595727735687044,-1.1099901739376037,-0.502969299721533,0.04313588751002697,0.9474866733593919,0.21058638994196582,0.22435514500861276,1.4316811360790147,-1.0495008719737637,-0.11162799739561437,0.5505611813513597,0.2463866020402601,-1.0161329645585022,0
0.21232733076517762,0.9009088760241706,1.5251962127575889,-0.7127820223686544,0.4405419421828948,0.9048055324001227,0.06599664927436881,0.2744324511807092,0.6154955189582334,1.7231103409115156,0.8085666669970842,0.14717644031202531,-1.0161329645585022,1
0.38177641932588297,-1.1099901739376037,1.5251962127575889,0.038208665935586895,0.4405419421828948,-1.177851894974348,2.1563287929663892,0.853056793629862,1.6628319584154578,1.6084391947673204,0.29255569570563505,2.1512217072223683,-1.0161329645585022,0
0.21232733076517762,0.9009088760241706,0.17308587110484092,0.04610485435616394,0.10257878806523006,-1.177851894974348,-1.2008713165995828,-0.3041918912684436,-1.2005590122800942,-1.3730106049817663,0.29255569570563505,1.694854963272488,0.9841231756854657,0
0.0428782422044723,0.9009088760241706,0.8491410419312149,-0.6731273641205165,-0.404365943111267,0.9048055324001227,0.06599664927436881,0.2744324511807092,2.206641263518246,1.4937680486231246,-0.22345527558581418,0.9408577341379036,-1.0161329645585022,1
0.0428782422044723,0.9009088760241706,-1.179024470547907,-0.6818131713831513,0.10257878806523006,0.9048055324001227,0.06599664927436881,0.853056793629862,-0.707102420612748,1.4937680486231246,-0.22345527558581418,-0.051243883144444294,-1.0161329645585022,1
0.5512255078865883,0.9009088760241706,-0.502969299721533,0.0438149597141966,0.2715603651240624,0.21058638994196582,-0.2507203421941191,1.4316811360790147,-1.0427871768490378,-0.45564143582820127,-0.22345527558581418,1.317856348705196,-1.0161329645585022,0
-0.12657084635623306,-1.1099901739376037,-0.502969299721533,0.04308851037950351,0.2715603651240624,-1.177851894974348,-1.042512820865339,-0.3041918912684436,1.223084927745918,-1.143668312693375,1.066572152642809,1.5361187045073124,0.9841231756854657,0
-0.12657084635623306,-1.1099901739376037,1.5251962127575889,-0.6783704332317797,0.2715603651240624,0.9048055324001227,0.06599664927436881,0.2744324511807092,2.206641263518246,1.4937680486231246,0.03455021005991044,1.2186461869769611,-1.0161329645585022,1
1.2290218621294098,-1.1099901739376037,-1.179024470547907,0.04177774310168772,1.6234129815947211,-1.177851894974348,3.549883555427736,0.853056793629862,2.6933841600608672,2.869821802353472,0.29255569570563505,0.16701847265767225,0.9841231756854657,0
-0.12657084635623306,0.9009088760241706,-0.502969299721533,0.044509824295207376,-0.23538436605243465,0.21058638994196582,1.6495816066168083,0.853056793629862,-1.0427871768490378,1.1497546101905376,0.8085666669970842,0.3654387961141419,0.9841231756854657,0
0.21232733076517762,0.9009088760241706,-0.502969299721533,0.03636095784517187,0.4405419421828948,-1.177851894974348,1.6495816066168083,-0.8828162337175963,-0.707102420612748,1.1497546101905376,-0.22345527558581418,-0.36871640067479566,0.9841231756854657,0
0.890123685007999,0.9009088760241706,0.17308587110484092,0.04488884133939507,1.1164682504182242,-1.177851894974348,1.3328646151483206,0.853056793629862,-1.0427871768490378,0.9204123179021463,1.066572152642809,1.2186461869769611,-1.0161329645585022,0
0.5512255078865883,-1.1099901739376037,-1.179024470547907,0.045188896499377004,-0.06640278899360229,-1.177851894974348,0.38271364074285674,0.853056793629862,0.5651428055227898,0.003043148748581378,0.8085666669970842,0.5241750548793175,0.9841231756854657,0
1.0595727735687044,0.9009088760241706,-1.179024470547907,0.03969314935865538,0.4405419421828948,-1.177851894974348,0.06599664927436881,0.853056793629862,1.7736079279734327,-0.2262991435398101,0.8085666669970842,-0.6068207888225592,0.9841231756854657,0
0.0428782422044723,-1.1099901739376037,1.5251962127575889,0.040388013939666165,0.10257878806523006,-1.177851894974348,-1.121692068732461,1.4316811360790147,0.23617174441122635,-1.2583394588375707,0.29255569570563505,-0.7060309505507939,0.9841231756854657,0
0.0428782422044723,-1.1099901739376037,-0.502969299721533,-0.676759610793982,-0.23538436605243465,0.9048055324001227,0.06599664927436881,1.4316811360790147,1.1861596045599256,1.4937680486231246,0.29255569570563505,-0.7853990799333818,-1.0161329645585022,1
-0.12657084635623306,0.9009088760241706,1.5251962127575889,-0.6729852327289462,-0.23538436605243465,0.9048055324001227,0.06599664927436881,0.853056793629862,0.561785957960427,1.4937680486231246,0.8085666669970842,1.5361187045073124,-1.0161329645585022,1
-0.12657084635623306,0.9009088760241706,1.5251962127575889,0.04755775302555012,-0.23538436605243465,-1.177851894974348,3.2331665639592484,-0.3041918912684436,1.6729025011025462,2.525808363920885,0.29255569570563505,0.12733440796637835,0.9841231756854657,0
0.38177641932588297,-1.1099901739376037,-1.179024470547907,0.04316747226370928,0.6095235192417271,-1.177851894974348,-0.5674373336626071,-0.8828162337175963,-0.1397951825734185,-0.7996548742607882,0.29255569570563505,-0.5472946917856183,-1.0161329645585022,0
0.0428782422044723,0.9009088760241706,0.8491410419312149,-0.6733326650194515,0.4405419421828948,0.9048055324001227,0.06599664927436881,1.4316811360790147,-0.21028898138303903,1.4937680486231246,-0.22345527558581418,0.6432272489531993,-1.0161329645585022,1
0.21232733076517762,-1.1099901739376037,-0.502969299721533,0.04291479423425081,-0.06640278899360229,-1.177851894974348,-0.8841543251310949,-0.8828162337175963,-1.6839450612603513,-1.0289971665491795,-0.22345527558581418,-1.5195542767223194,-1.0161329645585022,0
0.21232733076517762,-1.1099901739376037,0.8491410419312149,-0.6741854533688739,0.6095235192417271,0.9048055324001227,0.06599664927436881,-0.8828162337175963,1.9515208487786668,1.4937680486231246,0.29255569570563505,-0.190138109563973,-1.0161329645585022,1
0.38177641932588297,-1.1099901739376037,-0.502969299721533,-0.6794443148569782,0.10257878806523006,0.9048055324001227,0.06599664927436881,1.4316811360790147,0.001192415045823164,1.4937680486231246,0.29255569570563505,0.3654387961141419,-1.0161329645585022,1
0.0428782422044723,-1.1099901739376037,1.5251962127575889,0.040656484345965783,0.10257878806523006,-1.177851894974348,-1.042512820865339,-0.8828162337175963,-1.8752853723150364,-1.143668312693375,1.066572152642809,-0.5274526594399713,0.9841231756854657,0
0.21232733076517762,-1.1099901739376037,-0.502969299721533,0.04599430771827586,0.10257878806523006,-1.177851894974348,-0.7257958293968509,0.2744324511807092,0.665848232393677,-0.9143260204049839,0.8085666669970842,-2.0552891500547874,0.9841231756854657,0
0.890123685007999,-1.1099901739376037,1.5251962127575889,0.0410986708975181,0.10257878806523006,-1.177851894974348,-0.963333572998217,0.853056793629862,0.3301634761573873,-1.143668312693375,1.066572152642809,0.5837011519162584,0.9841231756854657,0
0.5512255078865883,0.9009088760241706,0.8491410419312149,-0.6833608243135844,0.9474866733593919,0.9048055324001227,0.06599664927436881,0.853056793629862,0.830333762949459,1.4937680486231246,0.5505611813513597,-2.154499311783022,-1.0161329645585022,1
-0.12657084635623306,0.9009088760241706,-0.502969299721533,0.042425230552175036,-0.5733475201700994,-1.177851894974348,-1.2008713165995828,-0.8828162337175963,0.9377528849450718,-1.3730106049817663,-0.22345527558581418,0.6432272489531993,0.9841231756854657,0
0.5512255078865883,0.9009088760241706,-1.179024470547907,0.041746158348005415,0.10257878806523006,-1.177851894974348,1.3328646151483206,-1.461440576166749,-0.33784918875282943,0.9204123179021463,1.066572152642809,-2.4322877646220795,0.9841231756854657,0
-0.12657084635623306,-1.1099901739376037,-1.179024470547907,-0.6843557440545771,-0.7423290972289317,0.9048055324001227,0.06599664927436881,0.853056793629862,1.4446368668618692,1.4937680486231246,0.29255569570563505,0.4844909901880236,-1.0161329645585022,1
1.2290218621294098,0.9009088760241706,0.8491410419312149,-0.06682643243492892,0.10257878806523006,-1.177851894974348,0.5410721364771007,-0.3041918912684436,-0.5896127559300467,0.3470565871811683,1.066572152642809,-0.38855843302044263,-1.0161329645585022,1
0.5512255078865883,0.9009088760241706,0.8491410419312149,-0.6744855085288558,0.6095235192417271,0.9048055324001227,0.06599664927436881,-0.3041918912684436,-0.6936750303632967,1.4937680486231246,1.066572152642809,1.1194360252487263,-1.0161329645585022,1
0.38177641932588297,-1.1099901739376037,0.8491410419312149,0.04293058661109197,0.4405419421828948,-1.177851894974348,-0.5674373336626071,-0.8828162337175963,0.9108981044461687,-0.7996548742607882,-0.22345527558581418,0.12733440796637835,-1.0161329645585022,0
0.0428782422044723,0.9009088760241706,-0.502969299721533,-0.6793021834654078,-0.23538436605243465,0.9048055324001227,0.06599664927436881,-1.461440576166749,-0.5661148229935064,1.4937680486231246,0.29255569570563505,0.6432272489531993,-1.0161329645585022,1
0.5512255078865883,-1.1099901739376037,0.8491410419312149,0.0482842023602432,0.10257878806523006,-1.177851894974348,0.6360872339176471,0.853056793629862,-1.0495008719737637,0.23238544103697253,0.8085666669970842,-0.15045404487267908,0.9841231756854657,0
0.5512255078865883,-1.1099901739376037,-0.502969299721533,-0.6828712606315086,0.10257878806523006,0.9048055324001227,0.06599664927436881,-1.461440576166749,-0.7977373047965461,1.4937680486231246,-0.22345527558581418,0.08765034327508442,-1.0161329645585022,1
0.890123685007999,-1.1099901739376037,-0.502969299721533,-0.674201245745715,0.6095235192417271,0.9048055324001227,0.06599664927436881,0.2744324511807092,0.007906110170548816,1.4937680486231246,0.03455021005991044,-1.2814498885745558,-1.0161329645585022,1
0.0428782422044723,0.9009088760241706,-1.179024470547907,0.04139872605750002,-0.06640278899360229,-1.177851894974348,-1.002923196931778,1.4316811360790147,0.7464125738903866,-1.143668312693375,0.29255569570563505,-2.571181991041608,0.9841231756854657,0
0.0428782422044723,-1.1099901739376037,-0.502969299721533,0.039614187474449614,0.6095235192417271,-1.177851894974348,0.8577891279455886,0.853056793629862,0.001192415045823164,0.4617277333253637,0.5505611813513597,0.22654456969461315,-1.0161329645585022,0
0.7206745964472937,-1.1099901739376037,1.5251962127575889,0.041951459246940416,0.7785050963005594,-1.177851894974348,-0.5516014840891826,0.2744324511807092,-0.25392799969375696,-0.7996548742607882,0.29255569570563505,-0.32903233598350173,0.9841231756854657,0
1.0595727735687044,0.9009088760241706,0.8491410419312149,-0.6648521586557518,1.6234129815947211,0.9048055324001227,0.06599664927436881,0.853056793629862,-0.21364582894540246,1.379096902478929,-0.22345527558581418,0.782121475372728,-1.0161329645585022,1
0.21232733076517762,0.9009088760241706,1.5251962127575889,0.040245882548095774,-0.23538436605243465,-1.177851894974348,-1.042512820865339,0.2744324511807092,0.5785701957722418,-1.143668312693375,0.8085666669970842,0.6233852166075523,0.9841231756854657,0
1.2290218621294098,-1.1099901739376037,1.5251962127575889,-0.07398037914397172,1.6234129815947211,-1.177851894974348,0.06599664927436881,-1.461440576166749,1.451350561986595,-0.11162799739561437,1.066572152642809,-0.8250831446246757,-1.0161329645585022,1
0.21232733076517762,0.9009088760241706,-0.502969299721533,0.044715125194142384,0.4405419421828948,-1.177851894974348,0.8577891279455886,0.853056793629862,0.5785701957722418,0.4617277333253637,0.03455021005991044,0.7622794430270811,0.9841231756854657,0
-0.12657084635623306,0.9009088760241706,1.5251962127575889,0.0461522314866874,-0.23538436605243465,-1.177851894974348,0.19268344586176397,1.4316811360790147,-1.0495008719737637,-0.11162799739561437,0.5505611813513597,-0.17029607721832604,0.9841231756854657,0
0.890123685007999,0.9009088760241706,-0.502969299721533,0.039408886575514605,0.9474866733593919,-1.177851894974348,-0.7257958293968509,1.4316811360790147,0.3939435798422821,-0.9143260204049839,1.066572152642809,0.3455967637684949,0.9841231756854657,0
0.21232733076517762,0.9009088760241706,1.5251962127575889,0.04687868082138049,0.2715603651240624,-1.177851894974348,0.06599664927436881,-0.8828162337175963,-1.0964967378468442,-0.2262991435398101,0.29255569570563505,1.4369085427790778,-1.0161329645585022,0
0.5512255078865883,-1.1099901739376037,-0.502969299721533,0.04368862069946736,0.4405419421828948,0.21058638994196582,0.06599664927436881,1.4316811360790147,0.001192415045823164,-0.2262991435398101,0.29255569570563505,0.7424374106814341,0.9841231756854657,0
0.890123685007999,-1.1099901739376037,-1.179024470547907,0.03985107312706692,1.6234129815947211,-1.177851894974348,-1.1850354670261585,-0.8828162337175963,0.5114332445249834,-1.2583394588375707,0.8085666669970842,0.26622863438590705,0.9841231756854657,0
-0.12657084635623306,0.9009088760241706,1.5251962127575889,-0.6515549773555,-0.23538436605243465,0.9048055324001227,0.06599664927436881,-0.8828162337175963,1.0015329886299666,1.379096902478929,1.066572152642809,0.7027533459901402,-1.0161329645585022,1
0.21232733076517762,-1.1099901739376037,0.8491410419312149,0.039393094198673456,0.2715603651240624,-0.4836327525161911,1.0161476236798326,1.4316811360790147,0.2965950005337584,0.5763988794695595,0.29255569570563505,0.5241750548793175,0.9841231756854657,0
1.0595727735687044,-1.1099901739376037,1.5251962127575889,0.04349911217737352,1.1164682504182242,-1.177851894974348,0.8577891279455886,-0.8828162337175963,0.25966967734776614,0.4617277333253637,-0.22345527558581418,1.1194360252487263,-1.0161329645585022,0
0.0428782422044723,-1.1099901739376037,-0.502969299721533,0.04337277316264428,-0.23538436605243465,0.21058638994196582,0.38271364074285674,-0.8828162337175963,0.3637319517810161,0.1177142948927768,0.8085666669970842,1.4964346398160184,0.9841231756854657,0
-0.12657084635623306,-1.1099901739376037,0.8491410419312149,-0.6572244406414743,-0.23538436605243465,0.9048055324001227,0.06599664927436881,0.2744324511807092,-1.0092187012254088,1.379096902478929,0.8085666669970842,-1.3409759856114967,-1.0161329645585022,1
0.21232733076517762,0.9009088760241706,0.8491410419312149,-0.6492177055830093,0.4405419421828948,0.9048055324001227,0.06599664927436881,-0.8828162337175963,-1.2475548781531747,1.379096902478929,0.03455021005991044,0.32575473142284794,-1.0161329645585022,1
-0.12657084635623306,-1.1099901739376037,0.8491410419312149,-0.6365680117332448,-0.23538436605243465,0.9048055324001227,0.06599664927436881,-0.8828162337175963,0.4745079213389917,1.2644257563347332,0.5505611813513597,0.9805417988291976,-1.0161329645585022,1
-0.12657084635623306,0.9009088760241706,-0.502969299721533,0.04214096776903427,-0.5733475201700994,-1.177851894974348,-0.5674373336626071,0.853056793629862,0.2865244578466693,-0.7996548742607882,0.03455021005991044,0.6829113136444932,0.9841231756854657,0
0.21232733076517762,-1.1099901739376037,-1.179024470547907,0.03661363587463034,0.4405419421828948,-1.177851894974348,0.06599664927436881,0.853056793629862,-0.005521280078902488,-0.2262991435398101,0.8085666669970842,1.0003838311748445,0.9841231756854657,0
0.5512255078865883,-1.1099901739376037,1.5251962127575889,0.04068806909964809,0.6095235192417271,-1.177851894974348,-0.5674373336626071,0.2744324511807092,-0.018948670328354386,-0.7996548742607882,0.8085666669970842,1.278172284013902,-1.0161329645585022,0
0.21232733076517762,0.9009088760241706,-0.502969299721533,0.04365703594578506,0.6095235192417271,-1.177851894974348,-0.963333572998217,0.853056793629862,0.4040141225293712,-1.143668312693375,0.8085666669970842,1.8337491896920168,-1.0161329645585022,0
1.0595727735687044,0.9009088760241706,0.8491410419312149,0.04923174497071245,0.9474866733593919,-1.177851894974348,2.4413740852880284,-0.3041918912684436,-0.005521280078902488,1.8377814870557112,1.066572152642809,-0.7655570475877348,0.9841231756854657,0
0.5512255078865883,0.9009088760241706,-0.502969299721533,0.04938966873912399,0.6095235192417271,-1.177851894974348,0.8577891279455886,-0.8828162337175963,0.23617174441122635,0.4617277333253637,-0.22345527558581418,0.9805417988291976,-1.0161329645585022,0
-0.12657084635623306,-1.1099901739376037,-1.179024470547907,0.05197961854107326,-0.06640278899360229,0.21058638994196582,-0.7257958293968509,-0.8828162337175963,0.665848232393677,-0.9143260204049839,0.5505611813513597,-0.8846092416616166,0.9841231756854657,0
-0.12657084635623306,-1.1099901739376037,0.8491410419312149,-0.62747160267274,-0.23538436605243465,0.9048055324001227,0.06599664927436881,-0.8828162337175963,-0.018948670328354386,1.2644257563347332,-0.22345527558581418,-1.0433455004267922,0.9841231756854657,0
0.21232733076517762,0.9009088760241706,0.8491410419312149,-0.6197649227742569,0.9474866733593919,0.9048055324001227,0.06599664927436881,-1.461440576166749,-1.7510820125076092,1.2644257563347332,0.29255569570563505,-1.4997122443766724,0.9841231756854657,0
0.7206745964472937,0.9009088760241706,0.8491410419312149,-0.6185331173806469,0.7785050963005594,0.9048055324001227,0.06599664927436881,0.853056793629862,-1.173704231781191,1.2644257563347332,0.5505611813513597,0.7027533459901402,-1.0161329645585022,0
-0.12657084635623306,0.9009088760241706,-1.179024470547907,-0.6087102589854491,-0.5733475201700994,0.9048055324001227,0.06599664927436881,0.2744324511807092,0.23617174441122635,1.1497546101905376,-0.22345527558581418,0.22654456969461315,0.9841231756854657,0
0.7206745964472937,-1.1099901739376037,0.8491410419312149,-0.06445757590875581,0.7785050963005594,-1.177851894974348,-0.9158260242779438,0.853056793629862,0.7061304031420315,-1.0289971665491795,1.066572152642809,-1.2219237915376149,-1.0161329645585022,1
-0.12657084635623306,-1.1099901739376037,0.8491410419312149,-0.610747475597958,-0.06640278899360229,0.9048055324001227,0.06599664927436881,-1.461440576166749,1.2465828606824585,1.1497546101905376,0.5505611813513597,1.1789621222856672,-1.0161329645585022,0
0.0428782422044723,0.9009088760241706,-0.502969299721533,0.05449060645881676,-0.404365943111267,-1.177851894974348,0.8577891279455886,-0.3041918912684436,0.954537122756886,0.4617277333253637,1.066572152642809,1.238488219322608,-1.0161329645585022,0
0.0428782422044723,0.9009088760241706,0.8491410419312149,-0.6061676863140232,0.10257878806523006,0.9048055324001227,0.06599664927436881,-0.8828162337175963,1.5352717510456675,1.1497546101905376,0.03455021005991044,-0.22982217425526694,0.9841231756854657,0
-0.12657084635623306,-1.1099901739376037,-0.502969299721533,0.05182169477266172,0.10257878806523006,0.21058638994196582,0.06599664927436881,0.853056793629862,-1.371758237960602,-0.2262991435398101,0.03455021005991044,0.3654387961141419,0.9841231756854657,0
0.38177641932588297,0.9009088760241706,-0.502969299721533,-0.5999139050849263,0.7785050963005594,0.9048055324001227,0.06599664927436881,-0.3041918912684436,1.1861596045599256,1.1497546101905376,0.03455021005991044,1.1194360252487263,-1.0161329645585022,1
0.7206745964472937,0.9009088760241706,1.5251962127575889,0.05306929254311289,1.1164682504182242,-1.177851894974348,-0.7574675285436998,-0.8828162337175963,0.001192415045823164,-0.9143260204049839,0.03455021005991044,1.0400678958661385,0.9841231756854657,0
0.890123685007999,-1.1099901739376037,-0.502969299721533,-0.6056781226319474,0.7785050963005594,0.9048055324001227,0.06599664927436881,-1.461440576166749,1.0787404825643134,1.1497546101905376,0.8085666669970842,0.3654387961141419,0.9841231756854657,0
0.0428782422044723,-1.1099901739376037,0.8491410419312149,0.056022467012408705,-0.06640278899360229,-1.177851894974348,1.9662985980852963,-0.8828162337175963,-1.3482603050240614,1.379096902478929,0.03455021005991044,0.6035431842619053,-1.0161329645585022,0
-0.12657084635623306,-1.1099901739376037,0.8491410419312149,0.05588033562083832,-0.5733475201700994,-1.177851894974348,1.6495816066168083,1.4316811360790147,0.001192415045823164,1.1497546101905376,0.03455021005991044,-0.8647672093159696,0.9841231756854657,0
0.0428782422044723,-1.1099901739376037,0.17308587110484092,-0.6011141257248539,-0.06640278899360229,0.9048055324001227,0.06599664927436881,0.853056793629862,1.253296555807184,1.1497546101905376,0.8085666669970842,-0.4282424977117365,-1.0161329645585022,0
-0.12657084635623306,-1.1099901739376037,-0.502969299721533,-0.6971317769190708,0.10257878806523006,0.9048055324001227,0.06599664927436881,0.853056793629862,0.5651428055227898,1.6084391947673204,1.066572152642809,-1.9957630530178463,-1.0161329645585022,1
0.0428782422044723,0.9009088760241706,0.8491410419312149,-0.5806945824692417,-0.7423290972289317,0.9048055324001227,0.06599664927436881,0.853056793629862,1.934736610966852,1.035083464046342,0.5505611813513597,-0.38855843302044263,0.9841231756854657,0
0.0428782422044723,0.9009088760241706,0.8491410419312149,-0.5839004349679959,-0.23538436605243465,0.9048055324001227,0.06599664927436881,0.853056793629862,1.7736079279734327,1.035083464046342,-0.22345527558581418,-2.075131182400434,0.9841231756854657,0
-0.12657084635623306,-1.1099901739376037,0.8491410419312149,-0.5811841461513174,-0.404365943111267,0.9048055324001227,0.06599664927436881,1.4316811360790147,-0.8447331706696268,1.035083464046342,0.03455021005991044,0.821805540064022,0.9841231756854657,0
0.0428782422044723,0.9009088760241706,-0.502969299721533,0.06360280789616267,0.4405419421828948,-1.177851894974348,-0.8841543251310949,0.2744324511807092,-0.3680608168140954,-1.0289971665491795,0.03455021005991044,0.9210157017922567,-1.0161329645585022,0
0.890123685007999,0.9009088760241706,-1.179024470547907,-0.6962158190622838,1.2854498274770565,0.9048055324001227,0.06599664927436881,1.4316811360790147,0.6893461653302174,1.6084391947673204,0.8085666669970842,0.4844909901880236,-1.0161329645585022,1
0.38177641932588297,-1.1099901739376037,-0.502969299721533,-0.5805998282081948,0.6095235192417271,0.9048055324001227,0.06599664927436881,0.853056793629862,-1.7510820125076092,1.035083464046342,0.8085666669970842,1.337698381050843,0.9841231756854657,0
0.890123685007999,-1.1099901739376037,-0.502969299721533,0.05646465356396102,0.9474866733593919,-1.177851894974348,-0.8841543251310949,-0.3041918912684436,-1.6839450612603513,-1.0289971665491795,0.29255569570563505,1.5162766721616654,-1.0161329645585022,0
-0.12657084635623306,0.9009088760241706,-1.179024470547907,-0.5857007659278876,-0.5733475201700994,0.9048055324001227,0.06599664927436881,0.2744324511807092,-0.37813135950118393,1.035083464046342,0.5505611813513597,0.2463866020402601,0.9841231756854657,0
0.38177641932588297,0.9009088760241706,1.5251962127575889,0.06382390117193883,-0.06640278899360229,-1.177851894974348,0.06599664927436881,1.4316811360790147,-0.34120603631519225,-0.2262991435398101,0.8085666669970842,0.305912699077201,0.9841231756854657,0
0.890123685007999,-1.1099901739376037,-1.179024470547907,-0.5857165583047287,0.9474866733593919,0.9048055324001227,0.06599664927436881,-1.461440576166749,0.830333762949459,1.035083464046342,1.066572152642809,1.794065125000723,0.9841231756854657,0
-0.12657084635623306,0.9009088760241706,-0.502969299721533,-0.5815947479491874,0.2715603651240624,0.9048055324001227,0.06599664927436881,1.4316811360790147,0.830333762949459,1.035083464046342,1.066572152642809,1.238488219322608,-1.0161329645585022,0
0.890123685007999,-1.1099901739376037,-0.502969299721533,0.055248640547192154,1.1164682504182242,-1.177851894974348,-0.3774071387815143,-0.8828162337175963,-0.08944246913797492,-0.570312581972397,0.29255569570563505,0.008282213892496587,-1.0161329645585022,0
0.0428782422044723,-1.1099901739376037,-1.179024470547907,-0.5842478672585013,-0.23538436605243465,0.9048055324001227,0.06599664927436881,0.2744324511807092,1.2096575374964662,1.035083464046342,0.29255569570563505,-0.2893482712922078,-1.0161329645585022,0
0.0428782422044723,0.9009088760241706,-0.502969299721533,-0.06052527407530844,-0.23538436605243465,-1.177851894974348,-0.09236184645987515,-1.461440576166749,0.9108981044461687,-0.2262991435398101,0.8085666669970842,0.008282213892496587,-1.0161329645585022,1
0.890123685007999,-1.1099901739376037,0.8491410419312149,0.06068121818054916,0.6095235192417271,-1.177851894974348,1.6495816066168083,-1.461440576166749,-1.4993184453303918,1.1497546101905376,0.03455021005991044,-0.7853990799333818,0.9841231756854657,0
0.21232733076517762,-1.1099901739376037,0.8491410419312149,0.06192881595100033,-0.23538436605243465,0.21058638994196582,-0.5674373336626071,0.853056793629862,0.03811773823181484,-0.7996548742607882,-0.22345527558581418,-0.09092794783573821,0.9841231756854657,0
0.38177641932588297,-1.1099901739376037,-1.179024470547907,-0.5790995524082851,-0.23538436605243465,0.9048055324001227,0.06599664927436881,0.2744324511807092,0.4040141225293712,1.035083464046342,0.03455021005991044,-0.9242933063529105,-1.0161329645585022,0
0.21232733076517762,0.9009088760241706,-1.179024470547907,0.06177089218258879,0.6095235192417271,-1.177851894974348,0.6994306322113446,-0.3041918912684436,-1.173704231781191,0.3470565871811683,-0.22345527558581418,0.5837011519162584,-1.0161329645585022,0
0.0428782422044723,-1.1099901739376037,0.8491410419312149,0.06344488412775112,0.4405419421828948,0.21058638994196582,-0.5674373336626071,-0.3041918912684436,0.2865244578466693,-0.7996548742607882,0.8085666669970842,0.5043330225336705,-1.0161329645585022,0
0.5512255078865883,0.9009088760241706,-0.502969299721533,-0.6939417167971577,0.6095235192417271,0.9048055324001227,0.06599664927436881,-1.461440576166749,0.9209686471332571,1.6084391947673204,0.5505611813513597,0.5837011519162584,-1.0161329645585022,1
1.0595727735687044,-1.1099901739376037,-0.502969299721533,-0.6913043898646849,1.2854498274770565,0.9048055324001227,0.06599664927436881,-0.8828162337175963,0.27645391515958084,1.6084391947673204,-0.22345527558581418,-0.5076106270943244,-1.0161329645585022,1
-0.12657084635623306,-1.1099901739376037,0.8491410419312149,-0.6970686074117062,0.10257878806523006,0.9048055324001227,0.06599664927436881,-0.3041918912684436,0.665848232393677,1.6084391947673204,0.03455021005991044,-1.8370267942526706,-1.0161329645585022,1
0.21232733076517762,-1.1099901739376037,-0.502969299721533,0.06368176978036844,-0.06640278899360229,-1.177851894974348,0.8577891279455886,0.2744324511807092,-0.12972463988633004,0.4617277333253637,0.03455021005991044,1.5559607368529593,-1.0161329645585022,0
0.5512255078865883,-1.1099901739376037,0.8491410419312149,-0.6930889284477353,-0.23538436605243465,0.9048055324001227,0.06599664927436881,0.2744324511807092,0.9612508178816116,1.6084391947673204,0.03455021005991044,-1.4600281796853785,-1.0161329645585022,1
0.0428782422044723,-1.1099901739376037,0.8491410419312149,0.05719110289865411,-0.23538436605243465,-1.177851894974348,0.06599664927436881,-1.461440576166749,-0.37813135950118393,-0.2262991435398101,0.5505611813513597,0.5241750548793175,-1.0161329645585022,0
1.0595727735687044,-1.1099901739376037,-1.179024470547907,-0.056829857894478385,0.7785050963005594,0.21058638994196582,1.7287608544839304,1.4316811360790147,3.018998373610068,1.4937680486231246,0.5505611813513597,0.9011736694466097,-1.0161329645585022,1
1.0595727735687044,0.9009088760241706,-1.179024470547907,-0.5719613980760835,0.6095235192417271,0.9048055324001227,0.06599664927436881,0.853056793629862,-0.3109944082539262,1.035083464046342,0.03455021005991044,0.008282213892496587,0.9841231756854657,0
0.0428782422044723,-1.1099901739376037,0.8491410419312149,0.06556106262446577,0.2715603651240624,-1.177851894974348,0.06599664927436881,-0.8828162337175963,-0.6936750303632967,-0.2262991435398101,0.5505611813513597,0.26622863438590705,0.9841231756854657,0
0.21232733076517762,-1.1099901739376037,1.5251962127575889,-0.5688187150846938,0.6095235192417271,0.9048055324001227,0.06599664927436881,0.853056793629862,0.001192415045823164,1.035083464046342,0.03455021005991044,1.0797519605574324,0.9841231756854657,0
0.0428782422044723,-1.1099901739376037,1.5251962127575889,-0.054745264151446045,-0.23538436605243465,-1.177851894974348,0.25602684415546156,-1.461440576166749,1.1458774338115711,0.1177142948927768,0.29255569570563505,0.782121475372728,-1.0161329645585022,1
0.5512255078865883,0.9009088760241706,-0.502969299721533,-0.5683291514026181,0.7785050963005594,0.9048055324001227,0.06599664927436881,0.853056793629862,-0.11965409719924096,1.035083464046342,-0.22345527558581418,-0.6663468858595001,-1.0161329645585022,0
0.21232733076517762,0.9009088760241706,-1.179024470547907,0.05725427240601873,0.4405419421828948,-1.177851894974348,1.3328646151483206,0.853056793629862,0.5382880250238866,0.9204123179021463,0.8085666669970842,0.40512286080543575,-1.0161329645585022,0
0.7206745964472937,0.9009088760241706,1.5251962127575889,-0.5671605155163726,0.9474866733593919,0.9048055324001227,0.06599664927436881,1.4316811360790147,0.3301634761573873,1.035083464046342,0.8085666669970842,1.4567505751247247,0.9841231756854657,0
0.0428782422044723,-1.1099901739376037,0.8491410419312149,-0.5689608464762642,0.2715603651240624,0.9048055324001227,0.06599664927436881,-1.461440576166749,0.03476089066945202,1.035083464046342,-0.22345527558581418,0.5638591195706114,0.9841231756854657,0
-0.12657084635623306,-1.1099901739376037,-0.502969299721533,-0.6812920229473932,-0.06640278899360229,0.9048055324001227,0.06599664927436881,-0.8828162337175963,-0.08944246913797492,1.4937680486231246,1.066572152642809,0.801963507718375,-1.0161329645585022,1
1.0595727735687044,0.9009088760241706,0.8491410419312149,0.07497331922179361,0.7785050963005594,-1.177851894974348,0.8577891279455886,-0.3041918912684436,0.001192415045823164,0.4617277333253637,0.03455021005991044,-0.15045404487267908,0.9841231756854657,0
-0.12657084635623306,-1.1099901739376037,1.5251962127575889,0.07538392101966361,-0.06640278899360229,-1.177851894974348,0.8181995040120276,0.2744324511807092,-1.1804179269059165,0.3470565871811683,0.8085666669970842,0.16701847265767225,0.9841231756854657,0
-0.12657084635623306,-1.1099901739376037,-1.179024470547907,-0.6769807040697582,-0.06640278899360229,0.9048055324001227,0.06599664927436881,-0.3041918912684436,0.001192415045823164,1.4937680486231246,0.03455021005991044,-0.9441353386985575,-1.0161329645585022,1
-0.12657084635623306,0.9009088760241706,-1.179024470547907,-0.5648232437438818,-0.5733475201700994,0.9048055324001227,0.06599664927436881,0.853056793629862,2.0757242085860943,1.035083464046342,0.29255569570563505,0.286070666731554,0.9841231756854657,0
-0.12657084635623306,-1.1099901739376037,-0.502969299721533,0.07198855999881548,0.4405419421828948,-1.177851894974348,-0.4882580857954851,0.2744324511807092,-0.08944246913797492,-0.6849837281165926,1.066572152642809,-0.4877685947486774,0.9841231756854657,0
1.2290218621294098,0.9009088760241706,-0.502969299721533,-0.04056370974808968,1.1164682504182242,-1.177851894974348,-0.7574675285436998,-1.461440576166749,0.4745079213389917,-0.9143260204049839,0.03455021005991044,0.8813316371009629,-1.0161329645585022,1
0.890123685007999,0.9009088760241706,0.8491410419312149,0.07513124299020515,0.7785050963005594,-1.177851894974348,1.0161476236798326,0.853056793629862,0.3301634761573873,0.5763988794695595,0.5505611813513597,0.6233852166075523,0.9841231756854657,0
0.0428782422044723,-1.1099901739376037,-0.502969299721533,-0.5637019849881599,0.2715603651240624,0.9048055324001227,0.06599664927436881,0.2744324511807092,-0.811164695045998,1.035083464046342,0.8085666669970842,-1.658448503141848,0.9841231756854657,0
-0.12657084635623306,-1.1099901739376037,1.5251962127575889,0.07644201026802094,-0.5733475201700994,-1.177851894974348,1.1309575330871595,-0.8828162337175963,-0.08944246913797492,0.6910700256137552,0.8085666669970842,0.10749237562073138,-1.0161329645585022,0
-0.12657084635623306,-1.1099901739376037,-0.502969299721533,0.07596823896278632,-0.06640278899360229,0.21058638994196582,0.8577891279455886,-0.8828162337175963,1.8273174889712391,0.4617277333253637,-0.22345527558581418,0.5837011519162584,-1.0161329645585022,0
0.7206745964472937,0.9009088760241706,0.8491410419312149,0.07961627801309291,1.1164682504182242,-1.177851894974348,1.3328646151483206,0.853056793629862,0.16232109803924238,0.8057411717579506,0.5505611813513597,0.3654387961141419,0.9841231756854657,0
0.5512255078865883,-1.1099901739376037,-0.502969299721533,-0.6794285224801371,1.1164682504182242,0.9048055324001227,0.06599664927436881,-1.461440576166749,1.1458774338115711,1.4937680486231246,0.8085666669970842,1.1392780575943733,-1.0161329645585022,1
0.0428782422044723,-1.1099901739376037,0.8491410419312149,0.08173245650980755,0.2715603651240624,-1.177851894974348,0.38271364074285674,1.4316811360790147,-1.1804179269059165,0.003043148748581378,1.066572152642809,-0.22982217425526694,0.9841231756854657,0
0.890123685007999,-1.1099901739376037,0.8491410419312149,0.07650517977538555,0.7785050963005594,-1.177851894974348,-0.5199297849423339,-1.461440576166749,-1.2979075915886182,-0.7996548742607882,1.066572152642809,0.26622863438590705,-1.0161329645585022,0
-0.12657084635623306,0.9009088760241706,-0.502969299721533,0.08806519962311034,-0.23538436605243465,-1.177851894974348,-0.2507203421941191,-1.461440576166749,-1.1233515183457474,-0.570312581972397,1.066572152642809,0.46464895784237664,0.9841231756854657,0
-0.12657084635623306,0.9009088760241706,-1.179024470547907,0.07225703040511511,-0.5733475201700994,-1.177851894974348,0.06599664927436881,0.853056793629862,0.001192415045823164,-0.2262991435398101,0.8085666669970842,0.5837011519162584,-1.0161329645585022,0
0.890123685007999,0.9009088760241706,1.5251962127575889,0.08348541033917566,0.9474866733593919,-1.177851894974348,-1.01084112171849,0.2744324511807092,-0.34120603631519225,-1.143668312693375,0.5505611813513597,1.298014316359549,-1.0161329645585022,0
0.38177641932588297,-1.1099901739376037,-0.502969299721533,-0.5450669803155981,0.7785050963005594,0.9048055324001227,0.06599664927436881,-0.8828162337175963,-0.707102420612748,0.9204123179021463,0.03455021005991044,1.0599099282117854,0.9841231756854657,0
0.38177641932588297,0.9009088760241706,-1.179024470547907,-0.5430929332104538,0.7785050963005594,0.9048055324001227,0.06599664927436881,1.4316811360790147,-1.0495008719737637,0.9204123179021463,0.03455021005991044,0.40512286080543575,0.9841231756854657,0
0.21232733076517762,0.9009088760241706,-0.502969299721533,-0.5406451148000749,-0.06640278899360229,0.9048055324001227,0.06599664927436881,0.2744324511807092,0.5114332445249834,0.9204123179021463,-0.22345527558581418,0.5440170872249644,0.9841231756854657,0
0.21232733076517762,-1.1099901739376037,-1.179024470547907,0.07734217574796672,0.6095235192417271,-1.177851894974348,-0.9791694225716413,-0.8828162337175963,-1.5496711587658354,-1.143668312693375,0.03455021005991044,0.8614896047553159,-1.0161329645585022,0
-0.12657084635623306,-1.1099901739376037,1.5251962127575889,0.07685261206589095,0.2715603651240624,-1.177851894974348,-0.5674373336626071,-0.3041918912684436,-0.0860856215756121,-0.7996548742607882,1.066572152642809,0.028124246238143545,0.9841231756854657,0
0.7206745964472937,-1.1099901739376037,1.5251962127575889,-0.5202255715444627,0.4405419421828948,0.9048055324001227,0.06599664927436881,0.853056793629862,-0.46205254856025635,0.8057411717579506,0.03455021005991044,0.5638591195706114,0.9841231756854657,0
0.38177641932588297,-1.1099901739376037,0.17308587110484092,0.07945835424468137,-0.06640278899360229,0.21058638994196582,-0.5674373336626071,1.4316811360790147,1.092167872813765,-0.7996548742607882,0.5505611813513597,-0.20998014190961997,0.9841231756854657,0
0.0428782422044723,-1.1099901739376037,-0.502969299721533,0.08339065607812873,0.10257878806523006,-1.177851894974348,-0.3774071387815143,-0.3041918912684436,0.27645391515958084,-0.6849837281165926,1.066572152642809,1.0599099282117854,0.9841231756854657,0
0.0428782422044723,-1.1099901739376037,-0.502969299721533,-0.5298115442870432,0.10257878806523006,0.9048055324001227,0.06599664927436881,-1.461440576166749,-0.8447331706696268,0.9204123179021463,0.29255569570563505,-0.40840046536608954,-1.0161329645585022,0
0.38177641932588297,0.9009088760241706,1.5251962127575889,0.07753168427006057,0.2715603651240624,-1.177851894974348,0.2639447689421738,0.853056793629862,0.4040141225293712,-0.11162799739561437,1.066572152642809,-0.190138109563973,0.9841231756854657,0
0.890123685007999,-1.1099901739376037,-1.179024470547907,-0.03298336886433571,0.2715603651240624,-1.177851894974348,0.38271364074285674,1.4316811360790147,0.001192415045823164,0.1177142948927768,0.8085666669970842,-0.051243883144444294,-1.0161329645585022,1
-0.12657084635623306,0.9009088760241706,1.5251962127575889,-0.5247895684515562,-0.23538436605243465,0.9048055324001227,0.06599664927436881,1.4316811360790147,-0.41841353024953903,0.8057411717579506,-0.22345527558581418,0.3654387961141419,0.9841231756854657,0
1.2290218621294098,0.9009088760241706,0.8491410419312149,-0.5282796837334512,1.4544314045358888,0.9048055324001227,0.06599664927436881,0.2744324511807092,-0.34120603631519225,0.9204123179021463,0.29255569570563505,0.08765034327508442,0.9841231756854657,0
0.0428782422044723,0.9009088760241706,-0.502969299721533,-0.5296536205186316,0.7785050963005594,0.9048055324001227,0.06599664927436881,-1.461440576166749,0.8739727812601764,0.9204123179021463,0.29255569570563505,0.9408577341379036,-1.0161329645585022,0
0.5512255078865883,-1.1099901739376037,-0.502969299721533,0.07928463809942868,0.10257878806523006,-1.177851894974348,1.3328646151483206,0.2744324511807092,-0.707102420612748,0.8057411717579506,1.066572152642809,1.317856348705196,0.9841231756854657,0
0.38177641932588297,-1.1099901739376037,0.8491410419312149,0.08389601213704567,0.4405419421828948,-1.177851894974348,0.06599664927436881,-1.461440576166749,0.001192415045823164,-0.2262991435398101,0.29255569570563505,-1.658448503141848,0.9841231756854657,0
0.38177641932588297,-1.1099901739376037,1.5251962127575889,0.07797387082161289,0.6095235192417271,-1.177851894974348,1.3328646151483206,-0.3041918912684436,0.001192415045823164,0.8057411717579506,0.29255569570563505,1.1591200899400202,0.9841231756854657,0
-0.12657084635623306,-1.1099901739376037,0.8491410419312149,-0.521378415053867,-0.5733475201700994,0.9048055324001227,0.06599664927436881,0.2744324511807092,1.417782086362966,0.8057411717579506,0.29255569570563505,-0.40840046536608954,0.9841231756854657,0
1.0595727735687044,0.9009088760241706,1.5251962127575889,-0.513703319909066,1.1164682504182242,0.9048055324001227,0.06599664927436881,0.2744324511807092,-1.1804179269059165,0.8057411717579506,0.03455021005991044,-1.0830295651180861,-1.0161329645585022,0
-0.12657084635623306,0.9009088760241706,0.8491410419312149,0.07876348966367058,-0.23538436605243465,-1.177851894974348,-1.042512820865339,0.853056793629862,0.001192415045823164,-1.143668312693375,0.5505611813513597,-1.6187644384505542,0.9841231756854657,0
-0.12657084635623306,0.9009088760241706,1.5251962127575889,0.08122710045089063,-0.5733475201700994,-1.177851894974348,1.0161476236798326,-0.8828162337175963,-1.0427871768490378,0.5763988794695595,0.29255569570563505,0.7424374106814341,0.9841231756854657,0
0.5512255078865883,0.9009088760241706,-0.502969299721533,0.07720004435639634,0.6095235192417271,-1.177851894974348,-1.042512820865339,0.2744324511807092,-0.707102420612748,-1.143668312693375,0.5505611813513597,-1.6981325678331418,0.9841231756854657,0
0.7206745964472937,0.9009088760241706,1.5251962127575889,-0.5245684751757801,0.7785050963005594,0.9048055324001227,0.06599664927436881,1.4316811360790147,-0.2069321338206762,0.8057411717579506,1.066572152642809,-1.12271362980938,0.9841231756854657,0
0.38177641932588297,0.9009088760241706,-0.502969299721533,0.07671048067432056,0.4405419421828948,-1.177851894974348,0.0976683484212176,0.2744324511807092,0.4745079213389917,-0.2262991435398101,0.03455021005991044,-0.190138109563973,0.9841231756854657,0
0.38177641932588297,0.9009088760241706,-0.502969299721533,0.08549104219800223,0.9474866733593919,-1.177851894974348,-0.4090788379283631,0.2744324511807092,-0.707102420612748,-0.6849837281165926,0.8085666669970842,1.754381060309429,-1.0161329645585022,0
0.0428782422044723,-1.1099901739376037,-0.502969299721533,0.08154294798771371,0.2715603651240624,0.21058638994196582,0.6994306322113446,1.4316811360790147,1.7736079279734327,0.23238544103697253,0.5505611813513597,0.305912699077201,0.9841231756854657,0
0.0428782422044723,-1.1099901739376037,-1.179024470547907,0.08241152871397718,0.10257878806523006,-1.177851894974348,0.8577891279455886,-0.8828162337175963,1.223084927745918,0.4617277333253637,1.066572152642809,-0.03140185079879733,0.9841231756854657,0
1.2290218621294098,-1.1099901739376037,-1.179024470547907,-0.5070231445052579,1.2854498274770565,0.9048055324001227,0.06599664927436881,0.2744324511807092,-0.25392799969375696,0.8057411717579506,-0.22345527558581418,0.46464895784237664,-1.0161329645585022,0
0.0428782422044723,-1.1099901739376037,-1.179024470547907,0.07904775244681136,-0.23538436605243465,-1.177851894974348,-0.2507203421941191,-0.8828162337175963,-1.4724636648314886,-0.570312581972397,-0.22345527558581418,0.7424374106814341,-1.0161329645585022,0
1.0595727735687044,0.9009088760241706,-0.502969299721533,0.08765459782524034,1.1164682504182242,-1.177851894974348,1.9662985980852963,-0.8828162337175963,2.988786745548802,1.379096902478929,0.5505611813513597,0.9805417988291976,0.9841231756854657,0
1.0595727735687044,0.9009088760241706,-0.502969299721533,-0.5030434655412871,0.6095235192417271,0.9048055324001227,0.06599664927436881,0.853056793629862,1.575553921794022,0.8057411717579506,0.29255569570563505,0.6829113136444932,-1.0161329645585022,0
0.7206745964472937,-1.1099901739376037,1.5251962127575889,0.08106917668247908,0.2715603651240624,-1.177851894974348,-1.2325430157464317,0.853056793629862,1.223084927745918,-1.3730106049817663,0.03455021005991044,-0.22982217425526694,0.9841231756854657,0
-0.12657084635623306,-1.1099901739376037,-1.179024470547907,0.07857398114157674,-0.5733475201700994,-1.177851894974348,-0.6941241302500022,-0.3041918912684436,-1.173704231781191,-0.9143260204049839,1.066572152642809,1.5956448015442533,-1.0161329645585022,0
0.38177641932588297,-1.1099901739376037,-1.179024470547907,0.08452770721069183,0.10257878806523006,-1.177851894974348,3.5221708186742435,0.2744324511807092,0.5651428055227898,2.640479510065081,0.5505611813513597,1.1789621222856672,0.9841231756854657,0
-0.12657084635623306,-1.1099901739376037,-1.179024470547907,-0.4898252461252411,-0.23538436605243465,0.9048055324001227,0.06599664927436881,0.853056793629862,1.4647779522360462,0.6910700256137552,0.5505611813513597,1.298014316359549,0.9841231756854657,0
0.21232733076517762,0.9009088760241706,-0.502969299721533,0.08076912152249716,0.4405419421828948,-1.177851894974348,-0.5674373336626071,-0.8828162337175963,1.0955247203761276,-0.7996548742607882,0.29255569570563505,-1.3608180179571436,0.9841231756854657,0
-0.12657084635623306,-1.1099901739376037,1.5251962127575889,-0.4896041528494649,-0.404365943111267,0.9048055324001227,0.06599664927436881,1.4316811360790147,0.001192415045823164,0.6910700256137552,0.29255569570563505,-0.5274526594399713,0.9841231756854657,0
1.2290218621294098,0.9009088760241706,-0.502969299721533,0.08184300314769563,0.7785050963005594,-1.177851894974348,0.38271364074285674,0.2744324511807092,0.23617174441122635,0.003043148748581378,1.066572152642809,-0.30919030363785477,-1.0161329645585022,0
-0.12657084635623306,0.9009088760241706,0.8491410419312149,0.07713687484903171,-0.7423290972289317,-1.177851894974348,0.38271364074285674,1.4316811360790147,-0.3680608168140954,0.003043148748581378,0.03455021005991044,0.5440170872249644,0.9841231756854657,0
-0.12657084635623306,0.9009088760241706,-1.179024470547907,0.08119551569720831,-0.06640278899360229,-1.177851894974348,-0.646616581529729,-1.461440576166749,0.8336906105118219,-0.9143260204049839,1.066572152642809,-2.134657279437375,0.9841231756854657,0
0.5512255078865883,-1.1099901739376037,1.5251962127575889,0.0786213582721002,0.7785050963005594,-1.177851894974348,-0.804975077263973,1.4316811360790147,-1.0427871768490378,-1.0289971665491795,0.5505611813513597,1.8734332543833108,-1.0161329645585022,0
0.38177641932588297,-1.1099901739376037,-0.502969299721533,0.07738955287849018,0.4405419421828948,-1.177851894974348,0.5094004373302519,-0.3041918912684436,0.001192415045823164,0.1177142948927768,0.29255569570563505,0.9408577341379036,-1.0161329645585022,0
0.0428782422044723,-1.1099901739376037,-1.179024470547907,0.07592086183226285,0.7785050963005594,-1.177851894974348,-0.7257958293968509,-1.461440576166749,0.23617174441122635,-0.9143260204049839,0.5505611813513597,1.1392780575943733,-1.0161329645585022,0
0.0428782422044723,0.9009088760241706,-0.502969299721533,-0.4834767106350971,-0.23538436605243465,0.9048055324001227,0.06599664927436881,-0.8828162337175963,0.4745079213389917,0.6910700256137552,-0.22345527558581418,1.1988041546313142,-1.0161329645585022,0
0.38177641932588297,-1.1099901739376037,-1.179024470547907,0.07533654388914016,0.4405419421828948,-1.177851894974348,-0.2507203421941191,-0.8828162337175963,-0.3680608168140954,-0.570312581972397,-0.22345527558581418,0.4249648931510827,-1.0161329645585022,0
0.38177641932588297,0.9009088760241706,-0.502969299721533,-0.48748797435275026,0.9474866733593919,0.9048055324001227,0.06599664927436881,-1.461440576166749,-0.11965409719924096,0.6910700256137552,-0.22345527558581418,0.9011736694466097,0.9841231756854657,0
0.0428782422044723,-1.1099901739376037,-0.502969299721533,0.07892141343208213,0.10257878806523006,-1.177851894974348,-0.6307807319563046,1.4316811360790147,-1.4724636648314886,-0.7996548742607882,-0.22345527558581418,1.6750129309268411,0.9841231756854657,0
-0.12657084635623306,0.9009088760241706,-0.502969299721533,-0.5988400234597278,-0.06640278899360229,0.9048055324001227,0.06599664927436881,0.2744324511807092,1.934736610966852,1.1497546101905376,0.29255569570563505,-0.46792656240303043,-1.0161329645585022,1
1.0595727735687044,0.9009088760241706,-1.179024470547907,0.07964786276677521,1.2854498274770565,-1.177851894974348,-0.7891392276905486,1.4316811360790147,1.2700807936189982,-1.0289971665491795,0.29255569570563505,1.4170665104334308,0.9841231756854657,0
0.21232733076517762,0.9009088760241706,-0.502969299721533,0.07847922688052981,0.2715603651240624,0.21058638994196582,2.4413740852880284,0.853056793629862,1.5486991412951188,1.7231103409115156,0.8085666669970842,0.38528082845978884,0.9841231756854657,0
-0.12657084635623306,0.9009088760241706,0.17308587110484092,-0.6012720494932654,0.2715603651240624,0.9048055324001227,0.06599664927436881,1.4316811360790147,0.8336906105118219,1.1497546101905376,1.066572152642809,-0.9441353386985575,-1.0161329645585022,1
0.890123685007999,0.9009088760241706,-1.179024470547907,0.07340987391451935,0.7785050963005594,-1.177851894974348,-0.9316618738513681,-1.461440576166749,-1.6839450612603513,-1.143668312693375,0.03455021005991044,0.40512286080543575,0.9841231756854657,0
-0.12657084635623306,-1.1099901739376037,-1.179024470547907,0.08045327398567408,-0.06640278899360229,-1.177851894974348,-0.6307807319563046,0.853056793629862,-1.8752853723150364,-0.7996548742607882,0.29255569570563505,0.8416475724096689,0.9841231756854657,0
0.0428782422044723,0.9009088760241706,-0.502969299721533,0.07847922688052981,0.6095235192417271,-1.177851894974348,2.2830155895537843,-1.461440576166749,-1.6839450612603513,1.6084391947673204,-0.22345527558581418,-2.03544711770914,-1.0161329645585022,0
0.890123685007999,0.9009088760241706,-0.502969299721533,0.08001108743412176,1.1164682504182242,0.21058638994196582,2.2830155895537843,1.4316811360790147,-1.1804179269059165,1.6084391947673204,0.03455021005991044,0.16701847265767225,0.9841231756854657,0
0.21232733076517762,0.9009088760241706,0.8491410419312149,0.08146398610350794,0.10257878806523006,-1.177851894974348,-0.8524826259842462,-1.461440576166749,-0.005521280078902488,-1.0289971665491795,0.8085666669970842,0.6432272489531993,0.9841231756854657,0
1.2290218621294098,0.9009088760241706,0.17308587110484092,0.08102179955195563,1.2854498274770565,-1.177851894974348,1.6495816066168083,-0.3041918912684436,0.16232109803924238,1.1497546101905376,1.066572152642809,1.5559607368529593,-1.0161329645585022,0
0.38177641932588297,-1.1099901739376037,-0.502969299721533,0.08294846952657642,0.2715603651240624,-1.177851894974348,0.06599664927436881,-0.3041918912684436,1.9750187817152072,-0.2262991435398101,-0.22345527558581418,-0.22982217425526694,0.9841231756854657,0
-0.12657084635623306,-1.1099901739376037,0.8491410419312149,-0.21707510570166888,-0.06640278899360229,-1.177851894974348,-1.042512820865339,0.2744324511807092,0.001192415045823164,-1.0289971665491795,-0.22345527558581418,-2.075131182400434,-1.0161329645585022,1
-0.12657084635623306,0.9009088760241706,0.8491410419312149,0.08138502421930216,0.6095235192417271,-1.177851894974348,-1.042512820865339,0.853056793629862,-1.8752853723150364,-1.143668312693375,0.29255569570563505,-0.5472946917856183,0.9841231756854657,0
0.7206745964472937,-1.1099901739376037,-0.502969299721533,0.08294846952657642,0.6095235192417271,0.21058638994196582,-1.042512820865339,1.4316811360790147,-1.1804179269059165,-1.143668312693375,-0.22345527558581418,-1.6187644384505542,0.9841231756854657,0
0.890123685007999,-1.1099901739376037,-0.502969299721533,-0.6037198679036443,0.9474866733593919,0.9048055324001227,0.06599664927436881,0.2744324511807092,1.451350561986595,1.1497546101905376,0.5505611813513597,0.801963507718375,-1.0161329645585022,1
1.0595727735687044,-1.1099901739376037,0.8491410419312149,0.08433819868859797,1.2854498274770565,0.21058638994196582,0.06599664927436881,-0.3041918912684436,-0.005521280078902488,-0.2262991435398101,0.8085666669970842,-0.7853990799333818,0.9841231756854657,0
-0.12657084635623306,-1.1099901739376037,-0.502969299721533,-0.4945629591775873,-0.23538436605243465,0.9048055324001227,0.06599664927436881,0.853056793629862,0.001192415045823164,0.8057411717579506,0.03455021005991044,1.2186461869769611,-1.0161329645585022,0
-0.12657084635623306,0.9009088760241706,1.5251962127575889,-0.49175191609986185,-0.06640278899360229,0.9048055324001227,0.06599664927436881,-1.461440576166749,0.11868207972852446,0.8057411717579506,-0.22345527558581418,1.6353288662355472,-1.0161329645585022,0
0.21232733076517762,0.9009088760241706,-0.502969299721533,0.08103759192879678,0.6095235192417271,-1.177851894974348,0.06599664927436881,0.2744324511807092,-1.3482603050240614,-0.2262991435398101,-0.22345527558581418,0.18686050500331922,0.9841231756854657,0
0.21232733076517762,0.9009088760241706,1.5251962127575889,-0.6001665831143846,0.10257878806523006,0.9048055324001227,0.06599664927436881,-1.461440576166749,0.5114332445249834,1.1497546101905376,0.03455021005991044,-0.686188918205147,-1.0161329645585022,1
0.7206745964472937,-1.1099901739376037,-0.502969299721533,0.0832643170633995,0.6095235192417271,-1.177851894974348,-0.5674373336626071,0.853056793629862,-1.8752853723150364,-0.7996548742607882,0.03455021005991044,1.317856348705196,0.9841231756854657,0
-0.12657084635623306,-1.1099901739376037,0.8491410419312149,-0.6073994917076332,-0.06640278899360229,0.9048055324001227,0.06599664927436881,0.853056793629862,1.4647779522360462,1.1497546101905376,-0.22345527558581418,0.26622863438590705,-1.0161329645585022,1
0.0428782422044723,0.9009088760241706,-1.179024470547907,0.07871611253314713,-0.5733475201700994,-1.177851894974348,-0.2507203421941191,-1.461440576166749,-0.8447331706696268,-0.570312581972397,0.8085666669970842,0.4249648931510827,0.9841231756854657,0
0.0428782422044723,0.9009088760241706,1.5251962127575889,-0.21277957920087498,0.6095235192417271,-1.177851894974348,1.3328646151483206,0.2744324511807092,0.665848232393677,1.4937680486231246,0.5505611813513597,1.0599099282117854,-1.0161329645585022,1
0.5512255078865883,0.9009088760241706,1.5251962127575889,0.07753168427006057,1.2854498274770565,-1.177851894974348,-0.5674373336626071,0.2744324511807092,-1.1804179269059165,-0.7996548742607882,0.29255569570563505,0.028124246238143545,-1.0161329645585022,0
-0.12657084635623306,-1.1099901739376037,-0.502969299721533,0.07866873540262366,-0.404365943111267,-1.177851894974348,0.8577891279455886,-1.461440576166749,-1.1804179269059165,0.4617277333253637,0.5505611813513597,0.38528082845978884,-1.0161329645585022,0
0.21232733076517762,0.9009088760241706,-1.179024470547907,0.07876348966367058,0.4405419421828948,-1.177851894974348,-0.17154109432699713,-1.461440576166749,0.04483143335654109,-0.45564143582820127,1.066572152642809,-2.273551505856904,0.9841231756854657,0
-0.12657084635623306,0.9009088760241706,0.8491410419312149,0.08152715561087255,-0.404365943111267,-1.177851894974348,3.7082420511619802,0.2744324511807092,0.001192415045823164,2.869821802353472,0.29255569570563505,-1.5393963090679663,-1.0161329645585022,0
0.21232733076517762,0.9009088760241706,1.5251962127575889,0.07877928204051174,0.10257878806523006,-1.177851894974348,1.6495816066168083,-1.461440576166749,0.001192415045823164,1.1497546101905376,0.5505611813513597,1.0797519605574324,-1.0161329645585022,0
0.5512255078865883,-1.1099901739376037,0.8491410419312149,-0.483666219157191,0.4405419421828948,0.9048055324001227,0.06599664927436881,1.4316811360790147,0.1354663175403392,0.6910700256137552,-0.22345527558581418,0.7424374106814341,-1.0161329645585022,0
-0.12657084635623306,-1.1099901739376037,-0.502969299721533,-0.47186931365684887,-0.23538436605243465,0.9048055324001227,0.06599664927436881,0.2744324511807092,1.0955247203761276,0.6910700256137552,0.03455021005991044,0.305912699077201,0.9841231756854657,0
0.7206745964472937,-1.1099901739376037,1.5251962127575889,0.08389601213704567,1.1164682504182242,-1.177851894974348,0.6994306322113446,1.4316811360790147,-1.1804179269059165,0.23238544103697253,1.066572152642809,0.9210157017922567,-1.0161329645585022,0
0.0428782422044723,0.9009088760241706,-1.179024470547907,0.07536812864282245,-0.06640278899360229,-1.177851894974348,-0.7257958293968509,-0.3041918912684436,-1.3482603050240614,-0.9143260204049839,0.29255569570563505,1.0599099282117854,0.9841231756854657,0
1.0595727735687044,0.9009088760241706,-1.179024470547907,-0.46673679118347383,1.2854498274770565,0.9048055324001227,0.06599664927436881,-0.8828162337175963,0.830333762949459,0.6910700256137552,0.03455021005991044,0.782121475372728,0.9841231756854657,0
-0.12657084635623306,0.9009088760241706,-1.179024470547907,-0.4565980852514529,0.10257878806523006,0.9048055324001227,0.06599664927436881,0.2744324511807092,0.02804719554472637,0.6910700256137552,0.03455021005991044,-1.3012919209202027,0.9841231756854657,0
0.21232733076517762,0.9009088760241706,0.8491410419312149,0.08173245650980755,0.10257878806523006,-1.177851894974348,-0.4090788379283631,-0.3041918912684436,-1.1233515183457474,-0.6849837281165926,1.066572152642809,0.3654387961141419,0.9841231756854657,0
0.21232733076517762,-1.1099901739376037,-0.502969299721533,0.07980578653518676,0.6095235192417271,-1.177851894974348,-1.042512820865339,-1.461440576166749,-0.46205254856025635,-1.143668312693375,0.8085666669970842,0.40512286080543575,-1.0161329645585022,0
-0.12657084635623306,-1.1099901739376037,0.8491410419312149,-0.21503788908916,0.2715603651240624,-1.177851894974348,0.8577891279455886,0.2744324511807092,1.5587696839822078,1.035083464046342,0.8085666669970842,-1.5790803737592602,-1.0161329645585022,1
1.0595727735687044,0.9009088760241706,0.8491410419312149,0.07551026003439285,0.2715603651240624,-1.177851894974348,-0.5674373336626071,1.4316811360790147,0.001192415045823164,-0.7996548742607882,0.03455021005991044,-2.0156050853634935,0.9841231756854657,0
0.38177641932588297,0.9009088760241706,-0.502969299721533,-0.45004424886237393,0.4405419421828948,0.9048055324001227,0.06599664927436881,0.2744324511807092,1.7131846718509007,0.5763988794695595,0.8085666669970842,-0.7655570475877348,0.9841231756854657,0
0.7206745964472937,0.9009088760241706,1.5251962127575889,0.08105338430563792,0.10257878806523006,-1.177851894974348,-0.8841543251310949,1.4316811360790147,-1.7510820125076092,-1.0289971665491795,-0.22345527558581418,1.8535912220376638,-1.0161329645585022,0
-0.12657084635623306,-1.1099901739376037,0.8491410419312149,0.08231677445293026,-0.06640278899360229,-1.177851894974348,2.4413740852880284,-1.461440576166749,-1.1233515183457474,1.7231103409115156,-0.22345527558581418,1.1789621222856672,0.9841231756854657,0
0.21232733076517762,0.9009088760241706,0.8491410419312149,0.07971103227413984,0.4405419421828948,-1.177851894974348,-0.2507203421941191,-0.8828162337175963,0.001192415045823164,-0.570312581972397,0.8085666669970842,-2.114815247091728,0.9841231756854657,0
0.5512255078865883,-1.1099901739376037,-1.179024470547907,-0.21769100839847388,0.4405419421828948,-1.177851894974348,2.7660090015432286,0.2744324511807092,1.1861596045599256,3.0991640946418633,0.29255569570563505,-2.075131182400434,-1.0161329645585022,1
0.38177641932588297,0.9009088760241706,1.5251962127575889,-0.445132819664775,-0.06640278899360229,0.9048055324001227,0.06599664927436881,1.4316811360790147,0.001192415045823164,0.5763988794695595,0.8085666669970842,-0.15045404487267908,-1.0161329645585022,0
0.38177641932588297,0.9009088760241706,-1.179024470547907,-0.44355358198065964,0.4405419421828948,0.9048055324001227,0.06599664927436881,0.2744324511807092,0.001192415045823164,0.5763988794695595,0.29255569570563505,-2.3330776028938445,0.9841231756854657,0
-0.12657084635623306,0.9009088760241706,0.17308587110484092,-0.4540555125800271,-0.5733475201700994,0.9048055324001227,0.06599664927436881,-0.8828162337175963,0.001192415045823164,0.6910700256137552,0.5505611813513597,1.5559607368529593,0.9841231756854657,0
0.0428782422044723,0.9009088760241706,-0.502969299721533,-0.45272895292537013,0.10257878806523006,0.9048055324001227,0.06599664927436881,-0.8828162337175963,-0.5661148229935064,0.6910700256137552,0.8085666669970842,0.7622794430270811,-1.0161329645585022,0
0.0428782422044723,0.9009088760241706,-1.179024470547907,-0.44124789496185113,0.2715603651240624,0.9048055324001227,0.06599664927436881,-1.461440576166749,-1.0495008719737637,0.5763988794695595,0.03455021005991044,-0.13061201252703214,-1.0161329645585022,0
-0.12657084635623306,0.9009088760241706,-1.179024470547907,-0.42935623520046207,-0.404365943111267,0.9048055324001227,0.06599664927436881,0.2744324511807092,0.4745079213389917,0.5763988794695595,0.8085666669970842,0.20670253734896618,0.9841231756854657,0
1.0595727735687044,0.9009088760241706,-0.502969299721533,0.08269579149711795,0.7785050963005594,-1.177851894974348,0.6994306322113446,0.853056793629862,1.8105332511594245,0.23238544103697253,0.03455021005991044,0.3654387961141419,-1.0161329645585022,0
0.0428782422044723,-1.1099901739376037,-0.502969299721533,0.0853962879369553,-0.06640278899360229,0.21058638994196582,2.4413740852880284,0.853056793629862,1.5319149034833046,1.7231103409115156,0.8085666669970842,-0.5274526594399713,-1.0161329645585022,0
0.5512255078865883,0.9009088760241706,-0.502969299721533,0.07877928204051174,-0.06640278899360229,-1.177851894974348,0.38271364074285674,0.2744324511807092,-1.3751150855229646,0.003043148748581378,0.29255569570563505,0.6630692812988462,0.9841231756854657,0
0.5512255078865883,0.9009088760241706,1.5251962127575889,0.07928463809942868,0.4405419421828948,-1.177851894974348,-0.18737694390042153,0.853056793629862,-1.3751150855229646,-0.45564143582820127,0.8085666669970842,-0.9639773710442044,0.9841231756854657,0
-0.12657084635623306,-1.1099901739376037,-1.179024470547907,0.07743693000901364,0.10257878806523006,0.21058638994196582,-1.1612816926660219,-0.3041918912684436,-0.21700267650776528,-1.2583394588375707,0.29255569570563505,-0.8647672093159696,-1.0161329645585022,0
-0.12657084635623306,0.9009088760241706,1.5251962127575889,0.08459087671805644,-0.5733475201700994,-1.177851894974348,-1.3117222636135537,0.2744324511807092,-1.7510820125076092,-1.3730106049817663,0.8085666669970842,0.4448069254967297,0.9841231756854657,0
-0.12657084635623306,0.9009088760241706,-1.179024470547907,0.08174824888664871,0.2715603651240624,-1.177851894974348,-1.359229812333827,-1.461440576166749,-1.4993184453303918,-1.487681751125962,-0.22345527558581418,0.6035431842619053,-1.0161329645585022,0
-0.12657084635623306,-1.1099901739376037,1.5251962127575889,-0.43346225317916215,-0.06640278899360229,0.9048055324001227,0.06599664927436881,0.853056793629862,0.9981761410676039,0.5763988794695595,0.8085666669970842,0.6630692812988462,-1.0161329645585022,0
1.0595727735687044,-1.1099901739376037,-0.502969299721533,0.07795807844477173,1.1164682504182242,-1.177851894974348,1.6495816066168083,-1.461440576166749,-1.4993184453303918,1.1497546101905376,-0.22345527558581418,0.40512286080543575,0.9841231756854657,0
-0.12657084635623306,0.9009088760241706,-1.179024470547907,-0.4312829051750829,-0.06640278899360229,0.9048055324001227,0.06599664927436881,-0.8828162337175963,-1.1804179269059165,0.5763988794695595,1.066572152642809,-2.8489704438806656,0.9841231756854657,0
-0.12657084635623306,-1.1099901739376037,-0.502969299721533,0.08307480854130565,0.10257878806523006,-1.177851894974348,-0.2507203421941191,-0.3041918912684436,1.159304824061023,-0.570312581972397,0.29255569570563505,1.734539027963782,-1.0161329645585022,0
0.5512255078865883,-1.1099901739376037,-1.179024470547907,-0.41808047813587806,0.9474866733593919,0.9048055324001227,0.06599664927436881,0.2744324511807092,-0.08944246913797492,0.5763988794695595,-0.22345527558581418,1.1591200899400202,-1.0161329645585022,0
0.5512255078865883,0.9009088760241706,-0.502969299721533,0.07860556589525905,0.2715603651240624,-1.177851894974348,-0.8841543251310949,-0.8828162337175963,-1.4993184453303918,-1.0289971665491795,0.29255569570563505,0.5837011519162584,-1.0161329645585022,0
0.890123685007999,0.9009088760241706,1.5251962127575889,-0.4226918521734951,1.1164682504182242,0.9048055324001227,0.06599664927436881,0.853056793629862,-1.371758237960602,0.5763988794695595,0.03455021005991044,0.821805540064022,0.9841231756854657,0
0.21232733076517762,-1.1099901739376037,-0.502969299721533,0.07693157395009671,0.10257878806523006,0.21058638994196582,0.5410721364771007,1.4316811360790147,-1.3751150855229646,0.1177142948927768,0.5505611813513597,0.8416475724096689,0.9841231756854657,0
0.38177641932588297,0.9009088760241706,-0.502969299721533,0.07527337438177553,0.2715603651240624,-1.177851894974348,0.0976683484212176,-0.3041918912684436,-1.3751150855229646,-0.2262991435398101,0.5505611813513597,-0.5274526594399713,-1.0161329645585022,0
-0.12657084635623306,-1.1099901739376037,-0.502969299721533,-0.4076733017975575,-0.404365943111267,0.9048055324001227,0.06599664927436881,0.2744324511807092,1.934736610966852,0.4617277333253637,0.8085666669970842,-0.40840046536608954,0.9841231756854657,0
0.38177641932588297,-1.1099901739376037,-0.502969299721533,-0.21260586305562226,0.10257878806523006,-1.177851894974348,2.2038363416866624,0.2744324511807092,-1.3751150855229646,2.411137217776689,0.29255569570563505,1.1789621222856672,-1.0161329645585022,1
0.890123685007999,0.9009088760241706,-0.502969299721533,0.07912671433101713,1.6234129815947211,-1.177851894974348,0.6994306322113446,-0.3041918912684436,0.5382880250238866,0.23238544103697253,1.066572152642809,-0.38855843302044263,-1.0161329645585022,0
1.2290218621294098,0.9009088760241706,0.8491410419312149,-0.41114762470261146,1.2854498274770565,0.9048055324001227,0.06599664927436881,-1.461440576166749,-1.4993184453303918,0.5763988794695595,0.03455021005991044,0.3654387961141419,0.9841231756854657,0
1.2290218621294098,0.9009088760241706,-1.179024470547907,-0.5162143078268095,1.4544314045358888,0.9048055324001227,0.06599664927436881,-0.3041918912684436,0.4107278176540969,0.8057411717579506,0.29255569570563505,0.22654456969461315,-1.0161329645585022,1
0.21232733076517762,0.9009088760241706,-0.502969299721533,-0.39225994200059117,0.2715603651240624,0.9048055324001227,0.06599664927436881,1.4316811360790147,0.4745079213389917,0.4617277333253637,0.29255569570563505,-1.3012919209202027,0.9841231756854657,0
0.7206745964472937,0.9009088760241706,0.8491410419312149,0.07863715064894136,0.9474866733593919,-1.177851894974348,-0.09236184645987515,-0.3041918912684436,-1.2979075915886182,-0.34097028968400567,1.066572152642809,-1.2814498885745558,0.9841231756854657,0
0.38177641932588297,0.9009088760241706,1.5251962127575889,0.07097784788098162,0.9474866733593919,-1.177851894974348,0.4223032646764177,0.853056793629862,-1.173704231781191,0.1177142948927768,0.03455021005991044,-0.40840046536608954,-1.0161329645585022,0
0.38177641932588297,-1.1099901739376037,-1.179024470547907,-0.39197567921745036,-0.06640278899360229,0.9048055324001227,0.06599664927436881,0.853056793629862,-1.173704231781191,0.4617277333253637,0.29255569570563505,-0.07108591549009124,-1.0161329645585022,0
1.0595727735687044,0.9009088760241706,0.8491410419312149,-0.3924968276532085,1.1164682504182242,0.9048055324001227,0.06599664927436881,1.4316811360790147,0.23617174441122635,0.4617277333253637,1.066572152642809,0.6233852166075523,0.9841231756854657,0
0.5512255078865883,-1.1099901739376037,1.5251962127575889,-0.3887382419650138,0.9474866733593919,0.9048055324001227,0.06599664927436881,-0.8828162337175963,-0.11965409719924096,0.4617277333253637,-0.22345527558581418,-0.8647672093159696,-1.0161329645585022,0
0.0428782422044723,-1.1099901739376037,-1.179024470547907,-0.035573318666284985,-0.06640278899360229,-1.177851894974348,-0.5674373336626071,-0.3041918912684436,1.8273174889712391,-0.6849837281165926,0.8085666669970842,0.9606997664835506,-1.0161329645585022,1
0.0428782422044723,0.9009088760241706,-0.502969299721533,0.08059540537724447,0.6095235192417271,-1.177851894974348,-0.8841543251310949,0.2744324511807092,-1.5496711587658354,-1.0289971665491795,0.5505611813513597,1.278172284013902,-1.0161329645585022,0
0.0428782422044723,-1.1099901739376037,0.8491410419312149,-0.3894173141691834,-0.23538436605243465,0.9048055324001227,0.06599664927436881,-1.461440576166749,-0.3680608168140954,0.4617277333253637,0.03455021005991044,0.4844909901880236,0.9841231756854657,0
0.7206745964472937,0.9009088760241706,0.8491410419312149,0.08620169915585416,0.9474866733593919,0.21058638994196582,0.7627740305050422,0.2744324511807092,-1.0495008719737637,0.3470565871811683,1.066572152642809,-0.3488743683291487,0.9841231756854657,0
0.38177641932588297,-1.1099901739376037,-0.502969299721533,0.07530495913545784,0.6095235192417271,-1.177851894974348,0.06599664927436881,-1.461440576166749,-0.0860856215756121,-0.2262991435398101,0.03455021005991044,-0.7258729828964409,0.9841231756854657,0
0.21232733076517762,-1.1099901739376037,-0.502969299721533,-0.38908567425551915,0.10257878806523006,0.9048055324001227,0.06599664927436881,0.2744324511807092,0.001192415045823164,0.4617277333253637,-0.22345527558581418,0.5837011519162584,-1.0161329645585022,0
0.21232733076517762,-1.1099901739376037,-0.502969299721533,0.08076912152249716,-0.06640278899360229,-1.177851894974348,-0.8841543251310949,0.2744324511807092,0.2865244578466693,-1.0289971665491795,-0.22345527558581418,-0.7258729828964409,-1.0161329645585022,0
0.0428782422044723,-1.1099901739376037,-1.179024470547907,0.08080070627617947,0.2715603651240624,0.21058638994196582,-0.2507203421941191,1.4316811360790147,0.16232109803924238,-0.570312581972397,0.8085666669970842,0.9011736694466097,0.9841231756854657,0
0.5512255078865883,0.9009088760241706,-1.179024470547907,0.07964786276677521,-0.06640278899360229,-1.177851894974348,-0.2507203421941191,0.853056793629862,-1.0495008719737637,-0.570312581972397,-0.22345527558581418,0.3455967637684949,-1.0161329645585022,0
-0.12657084635623306,-1.1099901739376037,-0.502969299721533,-0.3915492850427392,-0.5733475201700994,0.9048055324001227,0.06599664927436881,-0.8828162337175963,0.001192415045823164,0.4617277333253637,0.8085666669970842,0.6233852166075523,-1.0161329645585022,0
0.890123685007999,-1.1099901739376037,1.5251962127575889,-0.21630127923645234,1.2854498274770565,-1.177851894974348,-0.7257958293968509,0.2744324511807092,0.2865244578466693,-0.6849837281165926,0.8085666669970842,0.8813316371009629,-1.0161329645585022,1
1.2290218621294098,-1.1099901739376037,0.8491410419312149,-0.39671339226979657,1.6234129815947211,0.9048055324001227,0.06599664927436881,1.4316811360790147,-0.21700267650776528,0.4617277333253637,-0.22345527558581418,-0.8846092416616166,-1.0161329645585022,0
0.21232733076517762,-1.1099901739376037,-0.502969299721533,0.07298347973980819,0.2715603651240624,-1.177851894974348,1.6495816066168083,-0.8828162337175963,-0.37813135950118393,1.1497546101905376,1.066572152642809,-0.20998014190961997,0.9841231756854657,0
0.0428782422044723,0.9009088760241706,-0.502969299721533,0.07890562105524097,-0.23538436605243465,-1.177851894974348,-1.042512820865339,0.853056793629862,-1.5496711587658354,-1.143668312693375,0.5505611813513597,0.008282213892496587,-1.0161329645585022,0
0.38177641932588297,0.9009088760241706,-1.179024470547907,0.08223781256872449,0.10257878806523006,-1.177851894974348,0.8577891279455886,-0.3041918912684436,0.5785701957722418,0.4617277333253637,0.03455021005991044,0.8416475724096689,0.9841231756854657,0
0.0428782422044723,-1.1099901739376037,-0.502969299721533,-0.5096920561914129,-0.404365943111267,0.9048055324001227,0.06599664927436881,0.2744324511807092,1.327147202179168,0.8057411717579506,0.03455021005991044,0.782121475372728,-1.0161329645585022,1
0.5512255078865883,-1.1099901739376037,1.5251962127575889,-0.03310970787906495,1.1164682504182242,-1.177851894974348,2.4413740852880284,-1.461440576166749,-0.12972463988633004,2.0671237793441026,-0.22345527558581418,1.3972244780877838,-1.0161329645585022,1
-0.12657084635623306,0.9009088760241706,1.5251962127575889,-0.3947393451646523,-0.404365943111267,0.9048055324001227,0.06599664927436881,-1.461440576166749,-1.173704231781191,0.4617277333253637,-0.22345527558581418,-1.2616078562289088,0.9841231756854657,0
-0.12657084635623306,-1.1099901739376037,-0.502969299721533,-0.3966818075161143,-0.06640278899360229,0.9048055324001227,0.06599664927436881,0.2744324511807092,1.0787404825643134,0.4617277333253637,0.03455021005991044,0.10749237562073138,0.9841231756854657,0
1.2290218621294098,0.9009088760241706,-0.502969299721533,-0.504575326094879,0.7785050963005594,0.9048055324001227,0.06599664927436881,0.2744324511807092,0.7229146409538463,0.8057411717579506,0.03455021005991044,1.734539027963782,-1.0161329645585022,1
0.38177641932588297,0.9009088760241706,-0.502969299721533,0.08201671929294833,0.2715603651240624,-1.177851894974348,-0.5674373336626071,0.2744324511807092,0.001192415045823164,-0.7996548742607882,0.29255569570563505,1.8139071573463699,0.9841231756854657,0
0.0428782422044723,0.9009088760241706,0.8491410419312149,-0.21554324514807693,-0.7423290972289317,-1.177851894974348,-0.7257958293968509,0.2744324511807092,1.6997572816014495,-0.6849837281165926,0.5505611813513597,0.16701847265767225,-1.0161329645585022,1
0.21232733076517762,-1.1099901739376037,-1.179024470547907,-0.5164038163489034,0.2715603651240624,0.9048055324001227,0.06599664927436881,-0.3041918912684436,1.0418151593783211,0.8057411717579506,0.29255569570563505,-1.162397694500674,-1.0161329645585022,1
0.5512255078865883,-1.1099901739376037,1.5251962127575889,0.0816850793792841,0.6095235192417271,-1.177851894974348,-0.7851802652971924,0.2744324511807092,-0.12972463988633004,-1.0289971665491795,0.03455021005991044,-0.7060309505507939,0.9841231756854657,0
0.5512255078865883,-1.1099901739376037,-0.502969299721533,0.07258867031877934,0.7785050963005594,-1.177851894974348,0.6994306322113446,1.4316811360790147,-1.0495008719737637,0.3470565871811683,1.066572152642809,0.782121475372728,0.9841231756854657,0
0.7206745964472937,-1.1099901739376037,1.5251962127575889,0.08081649865302062,0.9474866733593919,-1.177851894974348,0.06599664927436881,-1.461440576166749,-0.37813135950118393,-0.2262991435398101,-0.22345527558581418,0.40512286080543575,-1.0161329645585022,0
1.2290218621294098,-1.1099901739376037,-1.179024470547907,0.07606299322383324,1.1164682504182242,0.21058638994196582,1.1745061194140765,1.4316811360790147,-0.37813135950118393,0.6910700256137552,0.03455021005991044,1.35754041339649,0.9841231756854657,0
0.38177641932588297,0.9009088760241706,1.5251962127575889,-0.033899326721122655,0.9474866733593919,-1.177851894974348,0.06599664927436881,-1.461440576166749,-0.25392799969375696,-0.11162799739561437,0.5505611813513597,1.734539027963782,-1.0161329645585022,1
0.38177641932588297,-1.1099901739376037,-0.502969299721533,-0.39319169223421924,-0.06640278899360229,0.9048055324001227,0.06599664927436881,1.4316811360790147,0.790051592201104,0.4617277333253637,0.8085666669970842,-1.3806600503027906,0.9841231756854657,0
-0.12657084635623306,0.9009088760241706,1.5251962127575889,-0.20930525629582108,-0.404365943111267,-1.177851894974348,0.22435514500861276,0.2744324511807092,1.451350561986595,0.3470565871811683,1.066572152642809,-1.4997122443766724,-1.0161329645585022,1
0.21232733076517762,0.9009088760241706,0.8491410419312149,0.08165349462560179,0.2715603651240624,-1.177851894974348,-0.4882580857954851,-1.461440576166749,-1.0495008719737637,-0.6849837281165926,0.8085666669970842,-0.7060309505507939,0.9841231756854657,0
0.21232733076517762,0.9009088760241706,-1.179024470547907,0.07750009951637826,-0.23538436605243465,-1.177851894974348,0.06599664927436881,-1.461440576166749,0.954537122756886,-0.2262991435398101,0.29255569570563505,-1.5592383414136133,0.9841231756854657,0
-0.12657084635623306,0.9009088760241706,-1.179024470547907,-0.39428136623625887,-0.5733475201700994,0.9048055324001227,0.06599664927436881,0.2744324511807092,-0.6063969937418614,0.4617277333253637,1.066572152642809,-0.6068207888225592,0.9841231756854657,0
1.0595727735687044,-1.1099901739376037,-1.179024470547907,-0.24297460372116159,0.7785050963005594,0.9048055324001227,-0.8326878140174657,-1.461440576166749,-0.0860856215756121,-0.7996548742607882,-0.22345527558581418,1.4765926074703717,0.9841231756854657,0
0.890123685007999,0.9009088760241706,-0.502969299721533,0.08432240631175683,0.7785050963005594,-1.177851894974348,-1.042512820865339,-1.461440576166749,0.860545391010725,-1.143668312693375,0.8085666669970842,-1.142555662155027,0.9841231756854657,0
0.5512255078865883,0.9009088760241706,-0.502969299721533,-0.03274648321171841,0.4405419421828948,-1.177851894974348,-0.7099599798234266,-1.461440576166749,0.7430557263280237,-0.7996548742607882,1.066572152642809,0.7027533459901402,-1.0161329645585022,1
1.0595727735687044,0.9009088760241706,1.5251962127575889,-1.0521286159313734,0.9474866733593919,0.9048055324001227,-0.844564701197534,1.4316811360790147,0.561785957960427,2.0671237793441026,-0.22345527558581418,0.305912699077201,-1.0161329645585022,1
0.0428782422044723,0.9009088760241706,0.17308587110484092,-0.5860797829720752,-0.06640278899360229,0.9048055324001227,-0.844564701197534,1.4316811360790147,1.9985167146517475,-0.45564143582820127,0.03455021005991044,0.08765034327508442,0.9841231756854657,0
1.0595727735687044,0.9009088760241706,-1.179024470547907,0.08413289778966297,0.6095235192417271,-1.177851894974348,-0.8841543251310949,0.853056793629862,-1.0964967378468442,-1.0289971665491795,-0.22345527558581418,1.298014316359549,-1.0161329645585022,0
0.0428782422044723,0.9009088760241706,0.8491410419312149,-1.0458748347022764,-0.23538436605243465,0.9048055324001227,-0.8524826259842462,-1.461440576166749,0.27645391515958084,1.952452633199907,-0.22345527558581418,-2.49181386165902,-1.0161329645585022,1
0.5512255078865883,0.9009088760241706,-0.502969299721533,-0.9754408339907292,0.10257878806523006,0.9048055324001227,-0.8524826259842462,-1.461440576166749,1.0619562447524988,1.035083464046342,0.5505611813513597,-0.8449251769703227,-1.0161329645585022,1
-0.12657084635623306,0.9009088760241706,-0.502969299721533,0.08057961300040331,-0.5733475201700994,-1.177851894974348,-0.2507203421941191,1.4316811360790147,1.676259348664909,-0.570312581972397,1.066572152642809,-1.0631875327724392,0.9841231756854657,0
0.890123685007999,-1.1099901739376037,1.5251962127575889,0.07974261702782214,1.2854498274770565,-1.177851894974348,-0.6307807319563046,0.853056793629862,0.860545391010725,-0.7996548742607882,0.5505611813513597,-0.13061201252703214,0.9841231756854657,0
0.0428782422044723,-1.1099901739376037,-0.502969299721533,0.07895299818576444,-0.06640278899360229,-1.177851894974348,1.6495816066168083,-0.3041918912684436,0.3939435798422821,1.1497546101905376,0.03455021005991044,0.782121475372728,0.9841231756854657,0
0.38177641932588297,0.9009088760241706,-0.502969299721533,-0.4999007825498974,-0.06640278899360229,0.9048055324001227,0.06599664927436881,-1.461440576166749,3.018998373610068,0.8057411717579506,1.066572152642809,1.1591200899400202,-1.0161329645585022,1
0.5512255078865883,0.9009088760241706,1.5251962127575889,0.07767381566163095,0.6095235192417271,-1.177851894974348,-1.2008713165995828,-0.8828162337175963,-1.2106295549671826,-1.3730106049817663,0.29255569570563505,1.0995939929030794,0.9841231756854657,0
0.21232733076517762,-1.1099901739376037,0.8491410419312149,0.08059540537724447,0.10257878806523006,-0.4836327525161911,-0.7257958293968509,0.853056793629862,0.04483143335654109,-0.9143260204049839,0.03455021005991044,-0.46792656240303043,0.9841231756854657,0
0.0428782422044723,-1.1099901739376037,0.8491410419312149,0.0799952950572806,-0.404365943111267,-1.177851894974348,0.8577891279455886,1.4316811360790147,1.676259348664909,0.4617277333253637,0.29255569570563505,0.5043330225336705,0.9841231756854657,0
-0.12657084635623306,-1.1099901739376037,-1.179024470547907,-0.03186211010861378,-0.23538436605243465,-1.177851894974348,-0.5674373336626071,-0.8828162337175963,0.001192415045823164,-0.6849837281165926,0.03455021005991044,0.028124246238143545,-1.0161329645585022,1
-0.12657084635623306,0.9009088760241706,1.5251962127575889,-0.37433559428588126,-0.06640278899360229,0.9048055324001227,0.06599664927436881,1.4316811360790147,0.001192415045823164,0.4617277333253637,-0.22345527558581418,-0.7258729828964409,-1.0161329645585022,0
0.7206745964472937,0.9009088760241706,-0.502969299721533,-0.3768939593341482,0.4405419421828948,0.9048055324001227,0.06599664927436881,0.853056793629862,-0.1397951825734185,0.4617277333253637,0.29255569570563505,1.4369085427790778,-1.0161329645585022,0
1.2290218621294098,0.9009088760241706,-1.179024470547907,-0.37782570956777634,0.9474866733593919,0.9048055324001227,0.06599664927436881,0.2744324511807092,2.0589399707742797,0.4617277333253637,-0.22345527558581418,-2.650550120424196,0.9841231756854657,0
0.5512255078865883,-1.1099901739376037,0.8491410419312149,-0.3688240547683185,0.2715603651240624,0.9048055324001227,0.06599664927436881,0.2744324511807092,-1.173704231781191,0.4617277333253637,0.29255569570563505,0.40512286080543575,-1.0161329645585022,0
0.21232733076517762,-1.1099901739376037,-0.502969299721533,-0.4890672120368657,0.4405419421828948,0.9048055324001227,0.06599664927436881,-0.3041918912684436,0.7229146409538463,0.6910700256137552,0.29255569570563505,1.0003838311748445,-1.0161329645585022,1
-0.12657084635623306,-1.1099901739376037,-0.502969299721533,-0.37395657724169357,0.10257878806523006,0.9048055324001227,0.06599664927436881,1.4316811360790147,-0.5661148229935064,0.4617277333253637,0.29255569570563505,-1.6386064707962011,0.9841231756854657,0
-0.12657084635623306,-1.1099901739376037,-1.179024470547907,0.0802005959562156,-0.5733475201700994,0.21058638994196582,0.8577891279455886,0.853056793629862,0.6154955189582334,0.4617277333253637,1.066572152642809,0.286070666731554,-1.0161329645585022,0
0.0428782422044723,-1.1099901739376037,-0.502969299721533,-0.6752119578635489,0.10257878806523006,0.9048055324001227,-0.8524826259842462,1.4316811360790147,1.417782086362966,-0.34097028968400567,0.29255569570563505,0.028124246238143545,0.9841231756854657,0
1.0595727735687044,0.9009088760241706,0.8491410419312149,-0.6802497260758771,0.7785050963005594,0.9048055324001227,-0.8524826259842462,1.4316811360790147,-1.7510820125076092,-0.34097028968400567,-0.22345527558581418,1.4170665104334308,0.9841231756854657,0
0.890123685007999,0.9009088760241706,1.5251962127575889,0.07720004435639634,0.9474866733593919,-1.177851894974348,1.6495816066168083,1.4316811360790147,0.6154955189582334,1.1497546101905376,0.29255569570563505,-0.5274526594399713,0.9841231756854657,0
-0.12657084635623306,0.9009088760241706,-0.502969299721533,-0.6721640291332062,0.4405419421828948,0.9048055324001227,-0.8524826259842462,1.4316811360790147,0.5114332445249834,-0.34097028968400567,1.066572152642809,0.305912699077201,-1.0161329645585022,0
1.2290218621294098,0.9009088760241706,-0.502969299721533,-0.6605092550244345,1.6234129815947211,0.9048055324001227,-0.8524826259842462,-0.8828162337175963,1.2700807936189982,-0.34097028968400567,0.03455021005991044,0.9805417988291976,-1.0161329645585022,0
0.0428782422044723,-1.1099901739376037,-1.179024470547907,-0.02854571097197142,0.7785050963005594,-0.4836327525161911,0.8577891279455886,0.853056793629862,-0.46205254856025635,0.5763988794695595,1.066572152642809,0.4448069254967297,-1.0161329645585022,1
0.5512255078865883,-1.1099901739376037,1.5251962127575889,-0.6450169333432623,0.2715603651240624,0.9048055324001227,-0.8524826259842462,0.2744324511807092,-0.34120603631519225,-0.34097028968400567,0.29255569570563505,0.40512286080543575,0.9841231756854657,0
-0.12657084635623306,-1.1099901739376037,-1.179024470547907,-0.6379893256489487,-0.23538436605243465,0.9048055324001227,-0.8524826259842462,0.2744324511807092,-1.0092187012254088,-0.34097028968400567,1.066572152642809,-0.24966420660091387,0.9841231756854657,0
0.0428782422044723,0.9009088760241706,-0.502969299721533,-0.6108106451053226,-0.06640278899360229,0.9048055324001227,-0.8524826259842462,-0.8828162337175963,-0.33784918875282943,-0.45564143582820127,-0.22345527558581418,-0.30919030363785477,0.9841231756854657,0
-0.12657084635623306,0.9009088760241706,0.8491410419312149,-0.5858428973194579,0.6095235192417271,0.9048055324001227,-0.8524826259842462,0.853056793629862,0.001192415045823164,-0.45564143582820127,-0.22345527558581418,0.782121475372728,0.9841231756854657,0
0.38177641932588297,-1.1099901739376037,-1.179024470547907,-0.5656760320933042,0.6095235192417271,0.9048055324001227,-0.8524826259842462,-0.8828162337175963,1.0955247203761276,-0.45564143582820127,-0.22345527558581418,0.32575473142284794,-1.0161329645585022,0
1.0595727735687044,-1.1099901739376037,-0.502969299721533,-0.03784742093141118,1.4544314045358888,-1.177851894974348,2.2830155895537843,0.853056793629862,-0.0995130118250634,1.952452633199907,0.29255569570563505,-0.4282424977117365,-1.0161329645585022,1
0.0428782422044723,0.9009088760241706,-1.179024470547907,0.07802124795213634,0.2715603651240624,-1.177851894974348,-0.6822472430699339,1.4316811360790147,0.001192415045823164,-0.9143260204049839,-0.22345527558581418,0.08765034327508442,0.9841231756854657,0
0.0428782422044723,-1.1099901739376037,-1.179024470547907,0.0795846932594106,-0.23538436605243465,-1.177851894974348,-0.7257958293968509,-0.8828162337175963,-1.2005590122800942,-0.9143260204049839,-0.22345527558581418,-1.8767108589439645,0.9841231756854657,0
0.21232733076517762,0.9009088760241706,-0.502969299721533,0.07934780760679329,0.2715603651240624,-1.177851894974348,-0.7257958293968509,0.2744324511807092,-1.6839450612603513,-0.9143260204049839,-0.22345527558581418,0.06780831092943747,0.9841231756854657,0
0.38177641932588297,0.9009088760241706,-0.502969299721533,-0.4856560586391764,0.7785050963005594,0.9048055324001227,-0.8524826259842462,0.853056793629862,0.561785957960427,-0.570312581972397,0.29255569570563505,0.32575473142284794,0.9841231756854657,0
0.890123685007999,0.9009088760241706,0.8491410419312149,0.08136923184246102,0.7785050963005594,-1.177851894974348,-0.7257958293968509,0.853056793629862,0.23617174441122635,-0.9143260204049839,0.03455021005991044,0.9210157017922567,0.9841231756854657,0
0.0428782422044723,-1.1099901739376037,-0.502969299721533,-0.4902674326767934,-0.06640278899360229,0.9048055324001227,-0.8524826259842462,1.4316811360790147,-1.173704231781191,-0.570312581972397,-0.22345527558581418,-1.3211339532658497,0.9841231756854657,0
0.7206745964472937,0.9009088760241706,-0.502969299721533,0.08247469822134179,0.4405419421828948,-1.177851894974348,-0.8683184755576706,-1.461440576166749,-1.173704231781191,-1.0289971665491795,0.03455021005991044,0.06780831092943747,-1.0161329645585022,0
-0.12657084635623306,0.9009088760241706,1.5251962127575889,0.07952152375204598,0.6095235192417271,-1.177851894974348,-0.5674373336626071,-0.3041918912684436,-1.2475548781531747,-0.7996548742607882,-0.22345527558581418,1.258330251668255,0.9841231756854657,0
0.0428782422044723,0.9009088760241706,-1.179024470547907,0.08531732605274954,0.6095235192417271,0.21058638994196582,-0.963333572998217,1.4316811360790147,-1.4724636648314886,-1.143668312693375,0.8085666669970842,0.2463866020402601,0.9841231756854657,0
0.0428782422044723,-1.1099901739376037,-0.502969299721533,0.08506464802329107,0.10257878806523006,-1.177851894974348,-0.5674373336626071,-0.8828162337175963,0.03476089066945202,-0.7996548742607882,-0.22345527558581418,-0.30919030363785477,-1.0161329645585022,0
-0.12657084635623306,0.9009088760241706,-1.179024470547907,0.08249049059818295,0.4405419421828948,-1.177851894974348,-1.2800505644667048,1.4316811360790147,0.001192415045823164,-1.3730106049817663,0.8085666669970842,0.3455967637684949,-1.0161329645585022,0
0.7206745964472937,0.9009088760241706,-1.179024470547907,0.08910749649462651,0.10257878806523006,-1.177851894974348,0.5410721364771007,0.853056793629862,-1.0495008719737637,0.1177142948927768,0.8085666669970842,0.38528082845978884,-1.0161329645585022,0
-0.12657084635623306,0.9009088760241706,1.5251962127575889,0.08992870009036652,-0.23538436605243465,-1.177851894974348,0.8577891279455886,0.853056793629862,0.001192415045823164,0.4617277333253637,0.8085666669970842,0.4448069254967297,0.9841231756854657,0
-0.12657084635623306,0.9009088760241706,-0.502969299721533,-0.4241605432197224,-0.404365943111267,0.9048055324001227,-0.8524826259842462,0.2744324511807092,-0.08944246913797492,-0.6849837281165926,0.03455021005991044,-2.134657279437375,0.9841231756854657,0
0.7206745964472937,-1.1099901739376037,0.8491410419312149,-0.026634833374191775,0.4405419421828948,-1.177851894974348,1.554566509176262,-0.8828162337175963,0.7061304031420315,1.2644257563347332,1.066572152642809,1.0599099282117854,-1.0161329645585022,1
0.0428782422044723,0.9009088760241706,1.5251962127575889,-0.020917992957693997,0.10257878806523006,-1.177851894974348,-0.8841543251310949,1.4316811360790147,0.9343960373827085,-1.0289971665491795,0.5505611813513597,0.9606997664835506,-1.0161329645585022,1
-0.12657084635623306,-1.1099901739376037,0.8491410419312149,-0.3360232880692415,0.2715603651240624,0.9048055324001227,-0.8524826259842462,-1.461440576166749,-0.08944246913797492,-0.7996548742607882,-0.22345527558581418,0.9805417988291976,0.9841231756854657,0
1.0595727735687044,0.9009088760241706,1.5251962127575889,0.0923133489933808,0.9474866733593919,-1.177851894974348,0.06599664927436881,-1.461440576166749,0.0851136041048956,-0.2262991435398101,0.8085666669970842,-0.17029607721832604,0.9841231756854657,0
0.890123685007999,-1.1099901739376037,-0.502969299721533,0.09030771713455422,0.9474866733593919,-1.177851894974348,-1.2800505644667048,0.2744324511807092,-0.11965409719924096,-1.3730106049817663,-0.22345527558581418,0.801963507718375,0.9841231756854657,0
0.38177641932588297,-1.1099901739376037,-1.179024470547907,-0.32913781176649826,0.9474866733593919,0.9048055324001227,-0.8524826259842462,0.2744324511807092,0.15896425047687956,-0.7996548742607882,0.29255569570563505,0.2463866020402601,-1.0161329645585022,0
0.7206745964472937,-1.1099901739376037,-0.502969299721533,-0.26322043083152113,0.9474866733593919,0.9048055324001227,-0.8524826259842462,-0.8828162337175963,-1.173704231781191,-0.7996548742607882,0.03455021005991044,1.0599099282117854,-1.0161329645585022,0
0.7206745964472937,0.9009088760241706,-0.502969299721533,-0.2616885702779292,1.1164682504182242,0.9048055324001227,-0.8524826259842462,-0.8828162337175963,0.7464125738903866,-0.7996548742607882,1.066572152642809,0.6035431842619053,0.9841231756854657,0
0.0428782422044723,-1.1099901739376037,0.8491410419312149,0.0961982736963047,0.6095235192417271,-1.177851894974348,1.6495816066168083,0.853056793629862,0.4040141225293712,1.035083464046342,0.8085666669970842,-0.07108591549009124,0.9841231756854657,0
1.2290218621294098,0.9009088760241706,-1.179024470547907,-0.24389056157794853,1.1164682504182242,0.9048055324001227,-0.8524826259842462,-0.3041918912684436,0.23617174441122635,-0.7996548742607882,0.03455021005991044,0.801963507718375,-1.0161329645585022,0
0.0428782422044723,-1.1099901739376037,0.8491410419312149,0.09586663378264046,0.10257878806523006,-1.177851894974348,2.4413740852880284,-0.8828162337175963,1.4647779522360462,1.7231103409115156,0.03455021005991044,-0.07108591549009124,-1.0161329645585022,0
0.0428782422044723,-1.1099901739376037,-0.502969299721533,0.10204145312753171,0.4405419421828948,-1.177851894974348,-0.3140637404878167,0.853056793629862,-1.6705176710108995,-0.570312581972397,0.8085666669970842,0.10749237562073138,-1.0161329645585022,0
0.7206745964472937,-1.1099901739376037,-1.179024470547907,-0.22819293899784135,0.7785050963005594,0.9048055324001227,-0.8524826259842462,0.853056793629862,0.9981761410676039,-0.9143260204049839,1.066572152642809,1.238488219322608,0.9841231756854657,0
0.21232733076517762,0.9009088760241706,1.5251962127575889,-0.20657317510230142,0.4405419421828948,0.9048055324001227,-0.8524826259842462,0.853056793629862,1.6594751108530943,-0.9143260204049839,1.066572152642809,0.9210157017922567,0.9841231756854657,0
0.21232733076517762,0.9009088760241706,-0.502969299721533,-0.20597306478233757,0.2715603651240624,0.9048055324001227,-0.8524826259842462,-0.3041918912684436,0.001192415045823164,-0.9143260204049839,0.8085666669970842,-1.6981325678331418,0.9841231756854657,0
0.0428782422044723,0.9009088760241706,-1.179024470547907,0.101251834285474,-0.06640278899360229,-1.177851894974348,0.38271364074285674,0.853056793629862,-0.8447331706696268,0.003043148748581378,0.8085666669970842,-0.26950623894656084,-1.0161329645585022,0
0.38177641932588297,-1.1099901739376037,1.5251962127575889,-0.28278718573771106,1.1164682504182242,0.9048055324001227,-0.8524826259842462,0.853056793629862,-0.3680608168140954,-0.7996548742607882,0.29255569570563505,-0.32903233598350173,-1.0161329645585022,1
0.890123685007999,-1.1099901739376037,1.5251962127575889,0.09376624766276696,0.9474866733593919,-1.177851894974348,-0.6782882806765778,0.2744324511807092,0.16232109803924238,-0.9143260204049839,0.29255569570563505,0.14717644031202531,-1.0161329645585022,0
0.7206745964472937,0.9009088760241706,-0.502969299721533,0.10354172892744135,0.9474866733593919,-1.177851894974348,0.6994306322113446,-0.3041918912684436,-1.3482603050240614,0.23238544103697253,0.5505611813513597,0.0479662785837905,0.9841231756854657,0
0.5512255078865883,-1.1099901739376037,0.8491410419312149,-0.11325602034792193,0.6095235192417271,0.9048055324001227,-0.8524826259842462,-0.3041918912684436,-0.8447331706696268,-0.9143260204049839,1.066572152642809,-0.7853990799333818,-1.0161329645585022,0
0.21232733076517762,-1.1099901739376037,1.5251962127575889,-0.11041339251651419,0.10257878806523006,0.9048055324001227,-0.8524826259842462,0.2744324511807092,-0.7977373047965461,-0.9143260204049839,1.066572152642809,0.5638591195706114,0.9841231756854657,0
0.890123685007999,-1.1099901739376037,1.5251962127575889,0.10052538495078092,1.4544314045358888,-1.177851894974348,0.06599664927436881,-0.3041918912684436,-1.7510820125076092,-0.2262991435398101,0.8085666669970842,1.0003838311748445,0.9841231756854657,0
0.890123685007999,-1.1099901739376037,-1.179024470547907,0.10385757646426443,1.1164682504182242,-1.177851894974348,-0.2507203421941191,-0.8828162337175963,0.561785957960427,-0.570312581972397,1.066572152642809,1.6353288662355472,-1.0161329645585022,0
0.21232733076517762,0.9009088760241706,0.8491410419312149,0.09763537998884972,0.10257878806523006,-1.177851894974348,0.22435514500861276,-0.3041918912684436,0.8135495251376443,-0.11162799739561437,0.03455021005991044,0.7424374106814341,0.9841231756854657,0
0.0428782422044723,-1.1099901739376037,0.17308587110484092,0.09570871001422893,0.6095235192417271,-1.177851894974348,1.6495816066168083,0.853056793629862,0.001192415045823164,1.035083464046342,0.5505611813513597,-1.658448503141848,0.9841231756854657,0
-0.12657084635623306,0.9009088760241706,-1.179024470547907,-0.198329554391219,0.6095235192417271,0.9048055324001227,-0.8524826259842462,0.2744324511807092,1.092167872813765,-0.9143260204049839,0.5505611813513597,0.10749237562073138,-1.0161329645585022,1
1.2290218621294098,-1.1099901739376037,-1.179024470547907,-0.08004465185097488,1.1164682504182242,0.9048055324001227,-0.8524826259842462,0.2744324511807092,-1.2475548781531747,-0.9143260204049839,0.8085666669970842,1.4964346398160184,-1.0161329645585022,0
0.7206745964472937,0.9009088760241706,1.5251962127575889,-0.01671722071794701,1.2854498274770565,0.9048055324001227,-0.8524826259842462,1.4316811360790147,1.2700807936189982,-1.0289971665491795,1.066572152642809,0.782121475372728,0.9841231756854657,0
0.21232733076517762,0.9009088760241706,-1.179024470547907,0.10434714014634021,0.6095235192417271,0.21058638994196582,0.6994306322113446,0.2744324511807092,-1.2979075915886182,0.23238544103697253,-0.22345527558581418,0.5241750548793175,-1.0161329645585022,0
0.890123685007999,0.9009088760241706,-1.179024470547907,0.10129921141599747,1.1164682504182242,-1.177851894974348,-0.5674373336626071,0.853056793629862,1.2465828606824585,-0.7996548742607882,0.29255569570563505,0.8813316371009629,-1.0161329645585022,0
0.21232733076517762,-1.1099901739376037,-1.179024470547907,0.10422080113161097,0.10257878806523006,-1.177851894974348,-0.8841543251310949,-1.461440576166749,-1.2979075915886182,-1.0289971665491795,0.8085666669970842,-0.5472946917856183,-1.0161329645585022,0
-0.12657084635623306,-1.1099901739376037,-0.502969299721533,-0.2288246340714875,-0.404365943111267,0.9048055324001227,-0.8524826259842462,0.2744324511807092,0.3301634761573873,-0.9143260204049839,0.5505611813513597,0.8416475724096689,-1.0161329645585022,1
0.7206745964472937,0.9009088760241706,-1.179024470547907,-0.03044079619290991,0.4405419421828948,0.9048055324001227,-0.8524826259842462,-0.8828162337175963,0.001192415045823164,-1.0289971665491795,-0.22345527558581418,-0.13061201252703214,-1.0161329645585022,1
-0.12657084635623306,0.9009088760241706,-1.179024470547907,0.10232571591067248,-0.23538436605243465,0.9048055324001227,-0.8524826259842462,-1.461440576166749,0.001192415045823164,-1.0289971665491795,-0.22345527558581418,0.08765034327508442,0.9841231756854657,0
1.0595727735687044,-1.1099901739376037,-0.502969299721533,0.08173245650980755,0.7785050963005594,0.9048055324001227,-0.8524826259842462,-0.8828162337175963,1.2096575374964662,-1.0289971665491795,0.03455021005991044,1.238488219322608,-1.0161329645585022,1
0.38177641932588297,-1.1099901739376037,-1.179024470547907,0.3601678525961952,0.2715603651240624,0.9048055324001227,-0.8524826259842462,0.2744324511807092,-1.6839450612603513,-1.143668312693375,0.03455021005991044,0.32575473142284794,0.9841231756854657,0
0.0428782422044723,-1.1099901739376037,0.8491410419312149,0.10842157337135797,0.2715603651240624,-1.177851894974348,0.034324950127520015,1.4316811360790147,0.4040141225293712,-0.34097028968400567,-0.22345527558581418,-0.15045404487267908,0.9841231756854657,0
-0.12657084635623306,-1.1099901739376037,-1.179024470547907,0.5248033811652265,-0.06640278899360229,0.9048055324001227,-0.8524826259842462,0.853056793629862,-1.8752853723150364,-1.143668312693375,0.03455021005991044,0.4844909901880236,0.9841231756854657,0
0.21232733076517762,-1.1099901739376037,0.8491410419312149,-0.7744828386870435,-0.404365943111267,0.9048055324001227,-0.8643595131643145,0.853056793629862,0.23617174441122635,-0.11162799739561437,0.03455021005991044,-0.011559818453150373,0.9841231756854657,0
0.0428782422044723,0.9009088760241706,0.8491410419312149,0.10024112216764014,-0.23538436605243465,-1.177851894974348,2.4413740852880284,-0.8828162337175963,2.5557534100039887,1.7231103409115156,0.29255569570563505,0.5440170872249644,0.9841231756854657,0
1.0595727735687044,0.9009088760241706,0.8491410419312149,-0.12252614555367938,0.6095235192417271,0.9048055324001227,-0.8683184755576706,-0.8828162337175963,1.3103629643673533,-0.9143260204049839,1.066572152642809,-0.30919030363785477,-1.0161329645585022,1
0.5512255078865883,-1.1099901739376037,0.8491410419312149,-0.8813972299016566,0.7785050963005594,0.9048055324001227,-0.8722774379510266,0.2744324511807092,-0.901799579229796,0.3470565871811683,0.03455021005991044,1.1789621222856672,-1.0161329645585022,1
-0.12657084635623306,-1.1099901739376037,-1.179024470547907,0.10358910605796481,-0.23538436605243465,-1.177851894974348,-0.09236184645987515,1.4316811360790147,-1.4993184453303918,-0.45564143582820127,0.03455021005991044,-0.6465048535138531,0.9841231756854657,0
1.0595727735687044,-1.1099901739376037,-0.502969299721533,-0.20712590829174182,0.6095235192417271,0.9048055324001227,-0.8762364003443828,-0.8828162337175963,0.001192415045823164,-0.9143260204049839,0.8085666669970842,-0.40840046536608954,0.9841231756854657,0
-0.12657084635623306,0.9009088760241706,-0.502969299721533,0.105657907424156,-0.23538436605243465,-1.177851894974348,0.8577891279455886,-0.8828162337175963,0.001192415045823164,0.3470565871811683,0.5505611813513597,0.06780831092943747,0.9841231756854657,0
0.21232733076517762,0.9009088760241706,0.8491410419312149,0.11115365456487762,-0.23538436605243465,-1.177851894974348,-0.5674373336626071,-1.461440576166749,-0.46205254856025635,-0.7996548742607882,1.066572152642809,-0.15045404487267908,0.9841231756854657,0
0.0428782422044723,0.9009088760241706,0.8491410419312149,0.10861108189345181,0.2715603651240624,-1.177851894974348,0.8577891279455886,-0.3041918912684436,0.16232109803924238,0.3470565871811683,0.29255569570563505,-0.03140185079879733,-1.0161329645585022,0
1.2290218621294098,0.9009088760241706,0.8491410419312149,0.10373123744953519,1.1164682504182242,-1.177851894974348,1.5228948100294133,-0.3041918912684436,-0.005521280078902488,0.9204123179021463,0.03455021005991044,1.4369085427790778,-1.0161329645585022,0
0.0428782422044723,-1.1099901739376037,0.8491410419312149,-1.0193594339859786,-0.06640278899360229,0.9048055324001227,-0.8841543251310949,0.2744324511807092,0.001192415045823164,1.379096902478929,0.8085666669970842,-2.0552891500547874,-1.0161329645585022,1
-0.12657084635623306,0.9009088760241706,-1.179024470547907,0.11522808778989536,-0.5733475201700994,-1.177851894974348,-0.09236184645987515,-0.3041918912684436,0.9377528849450718,-0.45564143582820127,-0.22345527558581418,0.2463866020402601,0.9841231756854657,0
-0.12657084635623306,0.9009088760241706,-0.502969299721533,0.11352251109105073,-0.404365943111267,-1.177851894974348,0.30353439287573475,-0.8828162337175963,-0.46205254856025635,-0.11162799739561437,0.8085666669970842,0.305912699077201,-1.0161329645585022,0
0.5512255078865883,0.9009088760241706,1.5251962127575889,-0.3530316779271644,-0.06640278899360229,0.9048055324001227,0.06599664927436881,-0.8828162337175963,0.3301634761573873,0.3470565871811683,0.5505611813513597,-0.38855843302044263,0.9841231756854657,0
0.0428782422044723,0.9009088760241706,-1.179024470547907,-0.3543740299586625,-0.23538436605243465,0.9048055324001227,0.06599664927436881,0.853056793629862,-0.34120603631519225,0.3470565871811683,0.5505611813513597,0.821805540064022,-1.0161329645585022,0
0.5512255078865883,-1.1099901739376037,0.8491410419312149,-0.3499363720662982,0.10257878806523006,0.9048055324001227,0.06599664927436881,0.2744324511807092,1.6628319584154578,0.3470565871811683,1.066572152642809,-2.3132355705481977,0.9841231756854657,0
-0.12657084635623306,0.9009088760241706,-0.502969299721533,0.11688628735821655,-0.404365943111267,-1.177851894974348,1.9662985980852963,0.853056793629862,2.206641263518246,1.2644257563347332,0.03455021005991044,0.32575473142284794,0.9841231756854657,0
0.5512255078865883,0.9009088760241706,-1.179024470547907,0.0018704068240913492,0.6095235192417271,-1.177851894974348,-1.1375279183058853,-0.3041918912684436,-0.3680608168140954,-1.2583394588375707,-0.22345527558581418,-1.4997122443766724,-1.0161329645585022,1
0.0428782422044723,-1.1099901739376037,-0.502969299721533,-0.46207804001533337,-0.06640278899360229,0.9048055324001227,0.06599664927436881,-1.461440576166749,0.001192415045823164,0.6910700256137552,0.03455021005991044,0.6829113136444932,-1.0161329645585022,1
1.0595727735687044,0.9009088760241706,-0.502969299721533,0.11788120709920925,1.1164682504182242,0.21058638994196582,0.5648259108372373,0.2744324511807092,-1.6705176710108995,0.1177142948927768,1.066572152642809,-1.102871597463733,0.9841231756854657,0
0.21232733076517762,0.9009088760241706,-1.179024470547907,-0.3408557553826346,0.2715603651240624,0.9048055324001227,0.06599664927436881,-1.461440576166749,-1.1804179269059165,0.3470565871811683,-0.22345527558581418,-1.4401861473397315,0.9841231756854657,0
1.0595727735687044,-1.1099901739376037,0.8491410419312149,0.11698104161926347,0.7785050963005594,-1.177851894974348,0.06599664927436881,-0.3041918912684436,0.8336906105118219,-0.34097028968400567,0.5505611813513597,-0.22982217425526694,-1.0161329645585022,0
0.5512255078865883,0.9009088760241706,-1.179024470547907,-0.45012321074657974,0.10257878806523006,0.9048055324001227,0.06599664927436881,-0.8828162337175963,0.23617174441122635,0.5763988794695595,-0.22345527558581418,-2.03544711770914,-1.0161329645585022,1
-0.12657084635623306,0.9009088760241706,-0.502969299721533,0.12097651296007546,0.10257878806523006,-1.177851894974348,0.06599664927436881,-1.461440576166749,-1.0427871768490378,-0.34097028968400567,0.29255569570563505,0.3455967637684949,0.9841231756854657,0
0.0428782422044723,-1.1099901739376037,-1.179024470547907,0.11625459228457038,0.2715603651240624,-1.177851894974348,-0.804975077263973,0.2744324511807092,-1.4724636648314886,-1.0289971665491795,0.5505611813513597,0.08765034327508442,-1.0161329645585022,0
-0.12657084635623306,0.9009088760241706,-0.502969299721533,0.12050274165484083,0.4405419421828948,-1.177851894974348,1.8237759519244767,0.2744324511807092,-0.707102420612748,1.1497546101905376,0.5505611813513597,-1.3012919209202027,-1.0161329645585022,0
0.38177641932588297,-1.1099901739376037,-1.179024470547907,0.004334017611311387,0.2715603651240624,-1.177851894974348,0.38271364074285674,-0.3041918912684436,0.23617174441122635,0.1177142948927768,0.03455021005991044,1.1988041546313142,-1.0161329645585022,1
0.21232733076517762,-1.1099901739376037,0.8491410419312149,-0.33228049475788796,0.4405419421828948,0.9048055324001227,0.06599664927436881,0.2744324511807092,0.9377528849450718,0.3470565871811683,1.066572152642809,-0.2893482712922078,-1.0161329645585022,0
1.0595727735687044,-1.1099901739376037,1.5251962127575889,0.11737585104029233,0.9474866733593919,-1.177851894974348,-0.5991090328094558,1.4316811360790147,0.001192415045823164,-0.7996548742607882,0.8085666669970842,1.4567505751247247,-1.0161329645585022,0
0.21232733076517762,0.9009088760241706,-0.502969299721533,0.1132540406847511,-0.23538436605243465,-1.177851894974348,0.6994306322113446,0.2744324511807092,-0.11965409719924096,0.23238544103697253,0.29255569570563505,0.6035431842619053,0.9841231756854657,0
-0.12657084635623306,0.9009088760241706,-0.502969299721533,0.11971312281278312,-0.404365943111267,-1.177851894974348,1.1745061194140765,0.2744324511807092,-1.6705176710108995,0.5763988794695595,0.03455021005991044,1.337698381050843,-1.0161329645585022,0
0.21232733076517762,-1.1099901739376037,1.5251962127575889,-0.44600140039103847,0.10257878806523006,0.9048055324001227,0.06599664927436881,-0.3041918912684436,1.4110683912382405,0.5763988794695595,0.29255569570563505,-0.7060309505507939,-1.0161329645585022,1
0.5512255078865883,0.9009088760241706,1.5251962127575889,0.11908142773913696,0.6095235192417271,-1.177851894974348,-1.2167071661730073,0.2744324511807092,-1.173704231781191,-1.3730106049817663,0.03455021005991044,0.3654387961141419,-1.0161329645585022,0
-0.12657084635623306,0.9009088760241706,1.5251962127575889,0.1194130676528012,-0.23538436605243465,-1.177851894974348,0.8577891279455886,-0.8828162337175963,0.001192415045823164,0.3470565871811683,-0.22345527558581418,0.305912699077201,0.9841231756854657,0
0.0428782422044723,-1.1099901739376037,1.5251962127575889,0.11852869454969657,0.7785050963005594,-1.177851894974348,2.91644957249076,-0.8828162337175963,1.6628319584154578,2.0671237793441026,1.066572152642809,-1.658448503141848,0.9841231756854657,0
0.21232733076517762,-1.1099901739376037,-1.179024470547907,-0.3349809911977253,-0.23538436605243465,0.9048055324001227,0.06599664927436881,0.853056793629862,-1.173704231781191,0.3470565871811683,0.29255569570563505,-1.3211339532658497,0.9841231756854657,0
-0.12657084635623306,0.9009088760241706,-0.502969299721533,0.12361383989254819,-0.06640278899360229,-1.177851894974348,-0.4882580857954851,0.2744324511807092,-1.6705176710108995,-0.7996548742607882,-0.22345527558581418,-1.0830295651180861,0.9841231756854657,0
-0.12657084635623306,0.9009088760241706,1.5251962127575889,0.11980787707383006,-0.06640278899360229,0.21058638994196582,0.06599664927436881,0.2744324511807092,-1.4724636648314886,-0.34097028968400567,0.8085666669970842,1.1988041546313142,-1.0161329645585022,0
-0.12657084635623306,0.9009088760241706,1.5251962127575889,0.11950782191384812,-0.404365943111267,-1.177851894974348,0.6994306322113446,0.853056793629862,0.4745079213389917,0.23238544103697253,1.066572152642809,-1.0235034680811452,0.9841231756854657,0
0.5512255078865883,0.9009088760241706,-0.502969299721533,0.11472273173097844,0.4405419421828948,-1.177851894974348,0.034324950127520015,-0.3041918912684436,-1.4724636648314886,-0.34097028968400567,0.5505611813513597,-1.3806600503027906,0.9841231756854657,0
1.2290218621294098,-1.1099901739376037,-1.179024470547907,0.11590715999406499,1.2854498274770565,-1.177851894974348,0.5094004373302519,-0.3041918912684436,-1.4724636648314886,0.1177142948927768,-0.22345527558581418,1.298014316359549,-1.0161329645585022,0
0.21232733076517762,0.9009088760241706,-0.502969299721533,-0.33262792704839333,-0.23538436605243465,0.9048055324001227,0.06599664927436881,0.2744324511807092,-0.12972463988633004,0.3470565871811683,1.066572152642809,0.14717644031202531,-1.0161329645585022,0
-0.12657084635623306,-1.1099901739376037,-0.502969299721533,-0.33919755581431343,0.2715603651240624,0.9048055324001227,0.06599664927436881,0.2744324511807092,-0.12972463988633004,0.3470565871811683,0.03455021005991044,0.028124246238143545,-1.0161329645585022,0
0.0428782422044723,0.9009088760241706,-1.179024470547907,-0.33678132215761686,0.2715603651240624,0.9048055324001227,0.06599664927436881,0.853056793629862,0.830333762949459,0.3470565871811683,0.8085666669970842,-2.2933935382025505,0.9841231756854657,0
-0.12657084635623306,-1.1099901739376037,-0.502969299721533,0.11254338372689918,-0.5733475201700994,-1.177851894974348,0.8577891279455886,-1.461440576166749,-1.8752853723150364,0.3470565871811683,-0.22345527558581418,0.028124246238143545,0.9841231756854657,0
1.0595727735687044,-1.1099901739376037,0.8491410419312149,-0.3400661365405769,1.1164682504182242,0.9048055324001227,0.06599664927436881,0.853056793629862,1.575553921794022,0.3470565871811683,0.8085666669970842,0.0479662785837905,0.9841231756854657,0
0.38177641932588297,0.9009088760241706,-1.179024470547907,-0.33363863916622716,0.4405419421828948,0.9048055324001227,0.06599664927436881,1.4316811360790147,0.6255660616453219,0.3470565871811683,0.5505611813513597,-1.2814498885745558,0.9841231756854657,0
0.38177641932588297,0.9009088760241706,0.8491410419312149,-0.33523366922718373,-0.06640278899360229,0.9048055324001227,0.06599664927436881,-0.8828162337175963,0.3939435798422821,0.3470565871811683,0.8085666669970842,-0.9441353386985575,0.9841231756854657,0
0.38177641932588297,0.9009088760241706,-0.502969299721533,0.1232664076020428,0.10257878806523006,-1.177851894974348,-0.7574675285436998,-1.461440576166749,0.8336906105118219,-1.0289971665491795,0.29255569570563505,0.6432272489531993,-1.0161329645585022,0
0.21232733076517762,0.9009088760241706,-1.179024470547907,0.11846552504233196,0.2715603651240624,-1.177851894974348,0.19268344586176397,-0.8828162337175963,-1.3482603050240614,-0.2262991435398101,0.5505611813513597,-1.4203441149940845,0.9841231756854657,0
0.38177641932588297,-1.1099901739376037,0.8491410419312149,0.12138711475794546,0.4405419421828948,-1.177851894974348,0.6994306322113446,0.2744324511807092,-1.3482603050240614,0.23238544103697253,0.8085666669970842,0.286070666731554,-1.0161329645585022,0
-0.12657084635623306,0.9009088760241706,-0.502969299721533,0.11589136761722384,0.2715603651240624,-1.177851894974348,-0.013182598592753173,0.2744324511807092,1.0015329886299666,-0.34097028968400567,0.03455021005991044,-0.26950623894656084,0.9841231756854657,0
0.890123685007999,-1.1099901739376037,-1.179024470547907,0.1201711017411766,1.1164682504182242,-1.177851894974348,-0.7257958293968509,0.853056793629862,-1.3482603050240614,-0.9143260204049839,-0.22345527558581418,-0.17029607721832604,-1.0161329645585022,0
0.5512255078865883,-1.1099901739376037,1.5251962127575889,0.11868661831810812,0.4405419421828948,0.21058638994196582,1.0161476236798326,-0.8828162337175963,0.001192415045823164,0.4617277333253637,0.29255569570563505,-2.114815247091728,0.9841231756854657,0
-0.12657084635623306,0.9009088760241706,0.8491410419312149,0.11781803759184464,-0.5733475201700994,0.21058638994196582,0.38271364074285674,-0.8828162337175963,-0.34120603631519225,0.003043148748581378,0.8085666669970842,0.5241750548793175,0.9841231756854657,0
0.38177641932588297,0.9009088760241706,-1.179024470547907,0.11772328333079772,-0.06640278899360229,-1.177851894974348,-1.042512820865339,-0.3041918912684436,-0.34120603631519225,-1.2583394588375707,0.8085666669970842,1.0202258635204915,-1.0161329645585022,0
0.890123685007999,-1.1099901739376037,-1.179024470547907,0.11369622723630342,0.7785050963005594,-1.177851894974348,-0.844564701197534,-1.461440576166749,-1.8752853723150364,-1.0289971665491795,-0.22345527558581418,0.008282213892496587,0.9841231756854657,0
0.0428782422044723,-1.1099901739376037,0.8491410419312149,-0.34211914552992695,-0.5733475201700994,0.9048055324001227,0.06599664927436881,-0.8828162337175963,-0.3109944082539262,0.3470565871811683,0.03455021005991044,-0.09092794783573821,-1.0161329645585022,0
-0.12657084635623306,0.9009088760241706,-0.502969299721533,0.12175033942529201,0.10257878806523006,-1.177851894974348,-0.5436835593024705,0.2744324511807092,0.001192415045823164,-0.7996548742607882,-0.22345527558581418,0.5043330225336705,0.9841231756854657,0
0.21232733076517762,-1.1099901739376037,-0.502969299721533,0.11797596136025618,0.4405419421828948,-1.177851894974348,0.38271364074285674,0.2744324511807092,0.16232109803924238,0.003043148748581378,-0.22345527558581418,0.6035431842619053,0.9841231756854657,0
0.21232733076517762,0.9009088760241706,-1.179024470547907,0.1197920846969889,0.2715603651240624,-1.177851894974348,1.1428344202672278,1.4316811360790147,1.5486991412951188,0.5763988794695595,0.8085666669970842,-1.2417658238832618,0.9841231756854657,0
0.0428782422044723,0.9009088760241706,-1.179024470547907,-0.18460597891625607,0.10257878806523006,-1.177851894974348,0.06599664927436881,0.2744324511807092,-0.8447331706696268,0.1177142948927768,0.5505611813513597,0.821805540064022,-1.0161329645585022,1
-0.12657084635623306,0.9009088760241706,-0.502969299721533,0.11950782191384812,-0.23538436605243465,-1.177851894974348,0.06599664927436881,-1.461440576166749,-0.005521280078902488,-0.34097028968400567,0.8085666669970842,-0.5076106270943244,-1.0161329645585022,0
-0.12657084635623306,0.9009088760241706,-0.502969299721533,0.12231886499157356,-0.06640278899360229,-1.177851894974348,-0.4090788379283631,0.853056793629862,0.16232109803924238,-0.6849837281165926,0.5505611813513597,1.734539027963782,-1.0161329645585022,0
0.5512255078865883,-1.1099901739376037,1.5251962127575889,0.11712317301083386,0.10257878806523006,-1.177851894974348,-0.4090788379283631,0.2744324511807092,-1.8752853723150364,-0.6849837281165926,0.5505611813513597,-1.0830295651180861,0.9841231756854657,0
0.38177641932588297,-1.1099901739376037,1.5251962127575889,0.006355441846979109,0.4405419421828948,-1.177851894974348,0.25602684415546156,-0.8828162337175963,0.8336906105118219,0.003043148748581378,0.8085666669970842,-0.2893482712922078,-1.0161329645585022,1
0.38177641932588297,-1.1099901739376037,-1.179024470547907,0.11897088110124888,0.2715603651240624,-1.177851894974348,-0.09236184645987515,-0.8828162337175963,1.417782086362966,-0.45564143582820127,1.066572152642809,-0.8250831446246757,0.9841231756854657,0
-0.12657084635623306,-1.1099901739376037,-0.502969299721533,-0.2988954101156882,-0.7423290972289317,0.9048055324001227,0.06599664927436881,0.853056793629862,-0.08944246913797492,0.23238544103697253,0.29255569570563505,-0.17029607721832604,0.9841231756854657,0
1.2290218621294098,-1.1099901739376037,0.8491410419312149,0.12135553000426315,0.9474866733593919,-1.177851894974348,0.8577891279455886,0.2744324511807092,-0.1397951825734185,0.3470565871811683,0.03455021005991044,0.7622794430270811,0.9841231756854657,0
0.38177641932588297,-1.1099901739376037,0.8491410419312149,0.11972891518962428,0.2715603651240624,-1.177851894974348,-0.5674373336626071,1.4316811360790147,0.3301634761573873,-0.7996548742607882,1.066572152642809,0.2463866020402601,-1.0161329645585022,0
0.7206745964472937,0.9009088760241706,1.5251962127575889,0.11603349900879423,1.2854498274770565,-1.177851894974348,2.2830155895537843,-1.461440576166749,-1.371758237960602,1.6084391947673204,0.5505611813513597,0.821805540064022,0.9841231756854657,0
0.38177641932588297,0.9009088760241706,0.8491410419312149,0.11988683895803583,0.2715603651240624,-1.177851894974348,0.06599664927436881,0.2744324511807092,-0.33784918875282943,-0.34097028968400567,0.29255569570563505,0.46464895784237664,-1.0161329645585022,0
0.21232733076517762,-1.1099901739376037,-1.179024470547907,0.1174548129244981,0.2715603651240624,-1.177851894974348,1.9821344476587208,1.4316811360790147,-1.2475548781531747,1.2644257563347332,-0.22345527558581418,1.3972244780877838,0.9841231756854657,0
1.2290218621294098,0.9009088760241706,-1.179024470547907,-0.295594803355887,1.4544314045358888,0.9048055324001227,0.06599664927436881,-0.8828162337175963,-0.3680608168140954,0.23238544103697253,0.29255569570563505,0.4844909901880236,0.9841231756854657,0
0.5512255078865883,0.9009088760241706,-0.502969299721533,0.11440688419415536,0.9474866733593919,-1.177851894974348,-0.7257958293968509,1.4316811360790147,-1.371758237960602,-0.9143260204049839,1.066572152642809,-0.09092794783573821,-1.0161329645585022,0
0.7206745964472937,-1.1099901739376037,-1.179024470547907,0.008724298373152223,0.7785050963005594,-1.177851894974348,-1.2008713165995828,-1.461440576166749,1.4345663241747801,-1.3730106049817663,0.29255569570563505,-0.30919030363785477,-1.0161329645585022,1
-0.12657084635623306,0.9009088760241706,-0.502969299721533,0.12337695423993088,-0.404365943111267,-1.177851894974348,-0.5674373336626071,-0.8828162337175963,-1.8752853723150364,-0.7996548742607882,1.066572152642809,-2.571181991041608,-1.0161329645585022,0
0.38177641932588297,-1.1099901739376037,0.8491410419312149,0.116112460893,0.2715603651240624,-1.177851894974348,0.0026532509806712224,-0.8828162337175963,1.0619562447524988,-0.34097028968400567,-0.22345527558581418,-0.07108591549009124,0.9841231756854657,0
0.21232733076517762,0.9009088760241706,-0.502969299721533,0.12203460220843278,0.2715603651240624,-1.177851894974348,-0.34573543963466546,0.2744324511807092,-1.8752853723150364,-0.6849837281165926,0.5505611813513597,-0.2893482712922078,0.9841231756854657,0
0.0428782422044723,0.9009088760241706,-0.502969299721533,0.11435950706363189,0.10257878806523006,-1.177851894974348,0.38271364074285674,-0.3041918912684436,-1.371758237960602,0.003043148748581378,0.29255569570563505,-1.7973427295613766,0.9841231756854657,0
-0.12657084635623306,-1.1099901739376037,0.8491410419312149,-0.41192145116782797,-0.06640278899360229,0.9048055324001227,0.06599664927436881,1.4316811360790147,1.4312094766124175,0.5763988794695595,0.29255569570563505,-0.09092794783573821,-1.0161329645585022,1
0.0428782422044723,0.9009088760241706,0.8491410419312149,0.12377176366095972,-0.404365943111267,0.21058638994196582,2.4413740852880284,0.2744324511807092,0.03476089066945202,1.6084391947673204,0.5505611813513597,0.3654387961141419,-1.0161329645585022,0
0.5512255078865883,-1.1099901739376037,-1.179024470547907,-0.2991007110146232,0.4405419421828948,0.9048055324001227,0.06599664927436881,0.2744324511807092,0.5651428055227898,0.23238544103697253,0.5505611813513597,-0.3488743683291487,0.9841231756854657,0
0.890123685007999,-1.1099901739376037,-1.179024470547907,-0.30017459263982166,0.7785050963005594,0.9048055324001227,0.06599664927436881,0.853056793629862,0.001192415045823164,0.23238544103697253,0.5505611813513597,0.20670253734896618,0.9841231756854657,0
-0.12657084635623306,-1.1099901739376037,1.5251962127575889,0.11063250612911953,-0.23538436605243465,-1.177851894974348,0.30353439287573475,0.2744324511807092,-1.3751150855229646,-0.11162799739561437,1.066572152642809,0.2463866020402601,-1.0161329645585022,0
-0.12657084635623306,0.9009088760241706,-1.179024470547907,0.11437529944047305,-0.23538436605243465,-1.177851894974348,-1.1058562191590364,-0.8828162337175963,-0.5896127559300467,-1.2583394588375707,0.29255569570563505,-1.102871597463733,-1.0161329645585022,0
0.21232733076517762,0.9009088760241706,-0.502969299721533,0.1232664076020428,0.10257878806523006,-1.177851894974348,0.06599664927436881,0.853056793629862,-1.623521805137819,-0.34097028968400567,1.066572152642809,1.8734332543833108,-1.0161329645585022,0
0.0428782422044723,0.9009088760241706,-1.179024470547907,-0.2992586347830347,0.2715603651240624,0.9048055324001227,0.06599664927436881,-1.461440576166749,-0.08944246913797492,0.23238544103697253,0.5505611813513597,-1.0036614357354983,-1.0161329645585022,0
0.38177641932588297,0.9009088760241706,-0.502969299721533,-0.3036331231680344,0.9474866733593919,0.9048055324001227,0.06599664927436881,0.2744324511807092,0.001192415045823164,0.23238544103697253,-0.22345527558581418,0.5241750548793175,-1.0161329645585022,0
0.38177641932588297,-1.1099901739376037,-1.179024470547907,-0.28986217056254804,0.10257878806523006,0.9048055324001227,0.06599664927436881,-0.3041918912684436,-0.21700267650776528,0.23238544103697253,0.29255569570563505,-0.190138109563973,0.9841231756854657,0
0.7206745964472937,-1.1099901739376037,0.8491410419312149,-0.3027803348186121,0.6095235192417271,0.9048055324001227,0.06599664927436881,-1.461440576166749,-0.5896127559300467,0.23238544103697253,0.5505611813513597,0.20670253734896618,0.9841231756854657,0
0.0428782422044723,0.9009088760241706,0.8491410419312149,0.12320323809467819,-0.06640278899360229,-1.177851894974348,1.0161476236798326,0.853056793629862,1.6594751108530943,0.4617277333253637,-0.22345527558581418,-0.7060309505507939,0.9841231756854657,0
-0.12657084635623306,0.9009088760241706,-1.179024470547907,0.12165558516424509,-0.23538436605243465,-1.177851894974348,2.2830155895537843,-1.461440576166749,0.001192415045823164,1.4937680486231246,0.8085666669970842,1.238488219322608,0.9841231756854657,0
0.0428782422044723,-1.1099901739376037,0.8491410419312149,-0.30243290252810673,0.6095235192417271,0.9048055324001227,0.06599664927436881,0.853056793629862,-1.0495008719737637,0.23238544103697253,0.29255569570563505,1.258330251668255,0.9841231756854657,0
0.0428782422044723,0.9009088760241706,1.5251962127575889,-0.41062647626685334,-0.06640278899360229,0.9048055324001227,0.06599664927436881,0.2744324511807092,0.830333762949459,0.5763988794695595,0.5505611813513597,1.5956448015442533,-1.0161329645585022,1
0.38177641932588297,0.9009088760241706,1.5251962127575889,-0.2990217491304174,-0.5733475201700994,0.9048055324001227,0.06599664927436881,0.853056793629862,0.7430557263280237,0.23238544103697253,0.29255569570563505,-0.8250831446246757,0.9841231756854657,0
0.38177641932588297,0.9009088760241706,-0.502969299721533,0.11699683399610462,0.6095235192417271,-1.177851894974348,1.6495816066168083,0.2744324511807092,-0.21028898138303903,1.035083464046342,-0.22345527558581418,-3.047390767337135,0.9841231756854657,0
0.21232733076517762,0.9009088760241706,-0.502969299721533,0.11559131245724191,0.2715603651240624,-1.177851894974348,2.2830155895537843,0.2744324511807092,-1.0495008719737637,1.6084391947673204,0.8085666669970842,1.0202258635204915,0.9841231756854657,0
1.0595727735687044,0.9009088760241706,-0.502969299721533,0.11688628735821655,0.4405419421828948,-1.177851894974348,-0.8841543251310949,-0.3041918912684436,-1.2979075915886182,-1.0289971665491795,0.8085666669970842,0.12733440796637835,0.9841231756854657,0
0.38177641932588297,0.9009088760241706,1.5251962127575889,0.1271513323049667,0.7785050963005594,-1.177851894974348,0.38271364074285674,1.4316811360790147,-1.0495008719737637,0.003043148748581378,0.5505611813513597,-0.9242933063529105,0.9841231756854657,0
0.21232733076517762,-1.1099901739376037,-1.179024470547907,-0.30099579623556166,0.2715603651240624,0.9048055324001227,0.06599664927436881,-1.461440576166749,0.0851136041048956,0.23238544103697253,0.03455021005991044,0.008282213892496587,-1.0161329645585022,0
0.5512255078865883,0.9009088760241706,1.5251962127575889,-0.41217412919728647,0.2715603651240624,0.9048055324001227,0.06599664927436881,-0.3041918912684436,-0.0995130118250634,0.5763988794695595,0.8085666669970842,-0.11076998018138517,-1.0161329645585022,1
-0.12657084635623306,0.9009088760241706,-1.179024470547907,-0.41072123052790027,-0.7423290972289317,0.9048055324001227,0.06599664927436881,-1.461440576166749,0.001192415045823164,0.5763988794695595,1.066572152642809,-0.686188918205147,-1.0161329645585022,1
0.38177641932588297,0.9009088760241706,0.8491410419312149,0.1178338299686858,0.10257878806523006,-1.177851894974348,-0.09236184645987515,0.2744324511807092,1.0787404825643134,-0.45564143582820127,0.03455021005991044,-0.8052411122790287,0.9841231756854657,0
0.21232733076517762,-1.1099901739376037,-0.502969299721533,-0.4097105184100664,0.10257878806523006,0.9048055324001227,0.06599664927436881,0.853056793629862,1.451350561986595,0.5763988794695595,0.5505611813513597,0.26622863438590705,-1.0161329645585022,1
1.2290218621294098,0.9009088760241706,0.8491410419312149,0.11386994338155612,1.1164682504182242,-1.177851894974348,0.1847655210750518,-1.461440576166749,-1.173704231781191,-0.2262991435398101,0.8085666669970842,-0.7258729828964409,-1.0161329645585022,0
0.0428782422044723,-1.1099901739376037,0.8491410419312149,0.11660202457507578,-0.06640278899360229,-1.177851894974348,1.9662985980852963,0.2744324511807092,-0.25392799969375696,1.2644257563347332,0.03455021005991044,0.32575473142284794,0.9841231756854657,0
0.0428782422044723,0.9009088760241706,-0.502969299721533,0.1185918640570612,-0.23538436605243465,-1.177851894974348,-0.8841543251310949,-0.3041918912684436,-0.005521280078902488,-1.0289971665491795,0.03455021005991044,-0.40840046536608954,-1.0161329645585022,0
0.21232733076517762,0.9009088760241706,0.8491410419312149,0.1143910918173142,-0.23538436605243465,-1.177851894974348,2.2830155895537843,1.4316811360790147,-0.005521280078902488,1.6084391947673204,0.03455021005991044,0.8813316371009629,-1.0161329645585022,0
0.890123685007999,-1.1099901739376037,-1.179024470547907,-0.39448666713519387,0.6095235192417271,0.9048055324001227,0.06599664927436881,-0.8828162337175963,0.001192415045823164,0.4617277333253637,0.03455021005991044,-0.4877685947486774,-1.0161329645585022,1
0.890123685007999,0.9009088760241706,0.8491410419312149,-0.2818712278809241,1.1164682504182242,0.9048055324001227,0.06599664927436881,-0.8828162337175963,1.8105332511594245,0.23238544103697253,0.29255569570563505,-1.182239726846321,0.9841231756854657,0
0.7206745964472937,0.9009088760241706,0.8491410419312149,-0.28311882565137525,0.7785050963005594,0.9048055324001227,0.06599664927436881,0.853056793629862,0.6893461653302174,0.23238544103697253,0.29255569570563505,0.7027533459901402,-1.0161329645585022,0
-0.12657084635623306,-1.1099901739376037,-0.502969299721533,0.12456138250301743,0.2715603651240624,-1.177851894974348,-0.8524826259842462,0.853056793629862,0.001192415045823164,-1.0289971665491795,-0.22345527558581418,0.5638591195706114,0.9841231756854657,0
0.0428782422044723,0.9009088760241706,-0.502969299721533,-0.2772282690896248,-0.06640278899360229,0.9048055324001227,0.06599664927436881,-0.3041918912684436,-1.371758237960602,0.23238544103697253,0.5505611813513597,0.6829113136444932,-1.0161329645585022,0
0.0428782422044723,-1.1099901739376037,-1.179024470547907,0.12195564032422701,0.10257878806523006,-1.177851894974348,1.0161476236798326,0.853056793629862,1.092167872813765,0.4617277333253637,0.8085666669970842,-0.03140185079879733,0.9841231756854657,0
-0.12657084635623306,0.9009088760241706,-1.179024470547907,-0.2791391466874044,-0.23538436605243465,0.9048055324001227,0.06599664927436881,1.4316811360790147,-1.0495008719737637,0.23238544103697253,-0.22345527558581418,0.9606997664835506,-1.0161329645585022,0
-0.12657084635623306,0.9009088760241706,-0.502969299721533,0.11892350397072543,-0.06640278899360229,0.21058638994196582,0.06599664927436881,1.4316811360790147,-0.6936750303632967,-0.34097028968400567,0.03455021005991044,0.7027533459901402,0.9841231756854657,0
0.21232733076517762,0.9009088760241706,-0.502969299721533,0.11939727527596004,0.10257878806523006,0.21058638994196582,0.06599664927436881,-0.8828162337175963,0.001192415045823164,-0.34097028968400567,0.03455021005991044,0.9210157017922567,0.9841231756854657,0
0.0428782422044723,0.9009088760241706,-1.179024470547907,0.12282422105049048,-0.5733475201700994,-1.177851894974348,0.8577891279455886,1.4316811360790147,-0.6936750303632967,0.3470565871811683,0.8085666669970842,0.008282213892496587,0.9841231756854657,0
0.21232733076517762,0.9009088760241706,1.5251962127575889,-0.0003879030641936849,-0.404365943111267,-1.177851894974348,-0.2190486430472703,-1.461440576166749,2.02537149515065,-0.45564143582820127,0.29255569570563505,0.38528082845978884,-1.0161329645585022,1
0.5512255078865883,0.9009088760241706,1.5251962127575889,0.11781803759184464,0.6095235192417271,-1.177851894974348,0.4302211894631299,1.4316811360790147,1.327147202179168,0.003043148748581378,-0.22345527558581418,-1.5989224061049072,0.9841231756854657,0
0.0428782422044723,0.9009088760241706,0.8491410419312149,0.11581240573301807,-0.5733475201700994,-1.177851894974348,-0.5674373336626071,-0.8828162337175963,1.4647779522360462,-0.7996548742607882,1.066572152642809,0.2463866020402601,0.9841231756854657,0
0.7206745964472937,-1.1099901739376037,-0.502969299721533,-0.2620202101915934,1.2854498274770565,0.9048055324001227,0.06599664927436881,-1.461440576166749,-1.7510820125076092,0.23238544103697253,0.8085666669970842,0.5837011519162584,-1.0161329645585022,0
0.890123685007999,-1.1099901739376037,1.5251962127575889,-0.2641837658188315,0.9474866733593919,0.9048055324001227,0.06599664927436881,-1.461440576166749,-1.2979075915886182,0.23238544103697253,0.03455021005991044,-0.24966420660091387,0.9841231756854657,0
0.38177641932588297,0.9009088760241706,-0.502969299721533,0.11852869454969657,0.4405419421828948,-1.177851894974348,0.38271364074285674,0.853056793629862,-0.018948670328354386,0.003043148748581378,-0.22345527558581418,1.714696995618135,-1.0161329645585022,0
0.0428782422044723,-1.1099901739376037,1.5251962127575889,0.11832339365076157,-0.06640278899360229,-1.177851894974348,0.06599664927436881,-0.3041918912684436,-0.018948670328354386,-0.34097028968400567,0.29255569570563505,-1.0235034680811452,0.9841231756854657,0
-0.12657084635623306,-1.1099901739376037,-0.502969299721533,0.11976049994330659,0.10257878806523006,-1.177851894974348,0.4618928886099787,-0.8828162337175963,0.2965950005337584,0.003043148748581378,0.5505611813513597,0.5043330225336705,0.9841231756854657,0
0.0428782422044723,0.9009088760241706,-1.179024470547907,-0.25622440789088985,-0.5733475201700994,0.9048055324001227,0.06599664927436881,0.853056793629862,0.5651428055227898,0.23238544103697253,0.29255569570563505,0.801963507718375,-1.0161329645585022,0
-0.12657084635623306,-1.1099901739376037,0.8491410419312149,0.12058170353904661,-0.23538436605243465,-1.177851894974348,0.8973787518791496,1.4316811360790147,0.7229146409538463,0.3470565871811683,-0.22345527558581418,0.2463866020402601,0.9841231756854657,0
0.0428782422044723,-1.1099901739376037,-1.179024470547907,0.11781803759184464,-0.23538436605243465,-1.177851894974348,1.3328646151483206,0.853056793629862,0.2965950005337584,0.8057411717579506,1.066572152642809,0.6630692812988462,0.9841231756854657,0
0.0428782422044723,-1.1099901739376037,0.8491410419312149,-0.25732987426977066,-0.23538436605243465,0.9048055324001227,0.06599664927436881,1.4316811360790147,-1.371758237960602,0.23238544103697253,0.5505611813513597,-0.3488743683291487,0.9841231756854657,0
0.21232733076517762,-1.1099901739376037,-0.502969299721533,-0.2633941469767738,0.4405419421828948,0.9048055324001227,0.06599664927436881,0.2744324511807092,0.7464125738903866,0.23238544103697253,0.8085666669970842,-0.6068207888225592,0.9841231756854657,0
0.890123685007999,0.9009088760241706,0.8491410419312149,0.11878137257915504,0.9474866733593919,-1.177851894974348,-0.47242223622206064,-1.461440576166749,0.001192415045823164,-0.6849837281165926,0.8085666669970842,0.6630692812988462,-1.0161329645585022,0
0.21232733076517762,0.9009088760241706,-1.179024470547907,0.11957099142121275,0.7785050963005594,-1.177851894974348,-1.359229812333827,-0.3041918912684436,-1.1166378232210217,-1.487681751125962,0.03455021005991044,1.1194360252487263,-1.0161329645585022,0
0.0428782422044723,-1.1099901739376037,0.17308587110484092,0.11972891518962428,0.10257878806523006,-1.177851894974348,-0.3298995900612411,0.853056793629862,-1.6805882136979884,-0.570312581972397,1.066572152642809,1.8139071573463699,0.9841231756854657,0
0.5512255078865883,0.9009088760241706,-1.179024470547907,-0.2617201550316115,0.2715603651240624,0.9048055324001227,0.06599664927436881,1.4316811360790147,0.27645391515958084,0.23238544103697253,0.29255569570563505,-1.0036614357354983,0.9841231756854657,0
0.21232733076517762,0.9009088760241706,-1.179024470547907,-0.25691927247190066,0.4405419421828948,0.9048055324001227,0.06599664927436881,0.853056793629862,-1.0092187012254088,0.23238544103697253,0.5505611813513597,0.6829113136444932,0.9841231756854657,0
-0.12657084635623306,0.9009088760241706,0.8491410419312149,0.11309611691633957,-0.06640278899360229,0.21058638994196582,-0.2507203421941191,-0.8828162337175963,0.02804719554472637,-0.570312581972397,0.8085666669970842,1.4567505751247247,0.9841231756854657,0
0.890123685007999,0.9009088760241706,-0.502969299721533,-0.23676819962258802,1.1164682504182242,0.9048055324001227,0.06599664927436881,-0.8828162337175963,1.6628319584154578,0.1177142948927768,0.8085666669970842,-1.5195542767223194,0.9841231756854657,0
0.21232733076517762,0.9009088760241706,0.17308587110484092,0.11942886002964236,0.2715603651240624,-1.177851894974348,0.38271364074285674,-1.461440576166749,-0.8447331706696268,0.003043148748581378,0.5505611813513597,-0.17029607721832604,0.9841231756854657,0
0.0428782422044723,0.9009088760241706,-1.179024470547907,0.11634934654561731,0.7785050963005594,-1.177851894974348,1.0161476236798326,0.853056793629862,0.001192415045823164,0.4617277333253637,0.03455021005991044,-0.9242933063529105,0.9841231756854657,0
-0.12657084635623306,-1.1099901739376037,0.8491410419312149,-0.24543821450838163,0.10257878806523006,0.9048055324001227,0.06599664927436881,-0.8828162337175963,-0.25392799969375696,0.23238544103697253,-0.22345527558581418,0.5440170872249644,0.9841231756854657,0
0.890123685007999,0.9009088760241706,-0.502969299721533,-0.2397055817150427,0.6095235192417271,0.9048055324001227,0.06599664927436881,-0.8828162337175963,-0.6936750303632967,0.1177142948927768,0.8085666669970842,0.14717644031202531,0.9841231756854657,0
0.0428782422044723,0.9009088760241706,-1.179024470547907,-0.23984771310661307,-0.06640278899360229,0.9048055324001227,0.06599664927436881,0.2744324511807092,0.2965950005337584,0.1177142948927768,0.03455021005991044,-0.44808453005738347,0.9841231756854657,0
0.0428782422044723,0.9009088760241706,-0.502969299721533,-0.23275693590493488,-0.06640278899360229,0.9048055324001227,0.06599664927436881,0.853056793629862,-1.8752853723150364,0.1177142948927768,-0.22345527558581418,-0.40840046536608954,0.9841231756854657,0
0.21232733076517762,0.9009088760241706,0.8491410419312149,0.12743559508810748,0.4405419421828948,-1.177851894974348,-0.09236184645987515,0.853056793629862,-0.1397951825734185,-0.45564143582820127,0.8085666669970842,-0.26950623894656084,-1.0161329645585022,0
0.890123685007999,-1.1099901739376037,-1.179024470547907,-0.22246030620450244,0.7785050963005594,0.9048055324001227,0.06599664927436881,1.4316811360790147,-0.707102420612748,0.1177142948927768,-0.22345527558581418,-0.9639773710442044,0.9841231756854657,0
0.21232733076517762,0.9009088760241706,-0.502969299721533,0.12895166326485827,0.2715603651240624,-1.177851894974348,3.2331665639592484,0.853056793629862,-1.1804179269059165,2.2964660716324943,0.29255569570563505,2.0520115454941332,0.9841231756854657,0
0.5512255078865883,-1.1099901739376037,1.5251962127575889,0.13149423593628407,0.2715603651240624,-1.177851894974348,-0.11215665842665565,-0.3041918912684436,0.3301634761573873,-0.45564143582820127,0.29255569570563505,1.298014316359549,0.9841231756854657,0
1.2290218621294098,0.9009088760241706,0.8491410419312149,-0.2273875277789425,0.7785050963005594,0.9048055324001227,0.06599664927436881,0.853056793629862,-1.8752853723150364,0.1177142948927768,1.066572152642809,-0.7457150152420878,0.9841231756854657,0
0.7206745964472937,-1.1099901739376037,-1.179024470547907,0.13040456193424443,0.9474866733593919,-1.177851894974348,-0.8841543251310949,-0.3041918912684436,-1.8752853723150364,-1.0289971665491795,1.066572152642809,1.1789621222856672,-1.0161329645585022,0
-0.12657084635623306,-1.1099901739376037,0.8491410419312149,-0.17922077841342254,-0.404365943111267,-1.177851894974348,0.38271364074285674,0.2744324511807092,1.6594751108530943,0.4617277333253637,0.29255569570563505,-0.7457150152420878,-1.0161329645585022,1
1.2290218621294098,0.9009088760241706,0.17308587110484092,0.12958335833850443,1.2854498274770565,-1.177851894974348,-0.8841543251310949,-1.461440576166749,-0.25392799969375696,-1.0289971665491795,0.03455021005991044,0.2463866020402601,-1.0161329645585022,0
0.38177641932588297,0.9009088760241706,1.5251962127575889,-0.21876489002367236,0.6095235192417271,0.9048055324001227,0.06599664927436881,-0.3041918912684436,-1.623521805137819,0.1177142948927768,1.066572152642809,0.5440170872249644,-1.0161329645585022,0
0.21232733076517762,0.9009088760241706,1.5251962127575889,0.131794291096266,0.9474866733593919,-1.177851894974348,-0.4090788379283631,0.2744324511807092,0.9343960373827085,-0.6849837281165926,0.5505611813513597,1.0003838311748445,0.9841231756854657,0
0.890123685007999,0.9009088760241706,-1.179024470547907,-0.21966505550361815,1.1164682504182242,0.9048055324001227,0.06599664927436881,-1.461440576166749,-0.005521280078902488,0.1177142948927768,0.5505611813513597,1.1194360252487263,-1.0161329645585022,0
0.21232733076517762,0.9009088760241706,0.8491410419312149,-0.20123535172999132,0.4405419421828948,0.9048055324001227,0.06599664927436881,1.4316811360790147,-0.34120603631519225,0.1177142948927768,1.066572152642809,0.22654456969461315,-1.0161329645585022,0
-0.12657084635623306,-1.1099901739376037,0.8491410419312149,0.13706894496121147,0.10257878806523006,-1.177851894974348,-0.4090788379283631,-0.3041918912684436,0.001192415045823164,-0.6849837281165926,1.066572152642809,0.12733440796637835,-1.0161329645585022,0
0.0428782422044723,-1.1099901739376037,-1.179024470547907,-0.31314013402640917,0.2715603651240624,0.9048055324001227,0.06599664927436881,0.2744324511807092,-0.21364582894540246,0.3470565871811683,0.8085666669970842,-0.40840046536608954,-1.0161329645585022,1
0.5512255078865883,0.9009088760241706,-1.179024470547907,-0.20447278898242793,0.4405419421828948,0.9048055324001227,0.06599664927436881,-0.3041918912684436,-1.0964967378468442,0.1177142948927768,0.8085666669970842,0.8416475724096689,-1.0161329645585022,0
0.890123685007999,0.9009088760241706,-1.179024470547907,0.13875872928321495,0.2715603651240624,-1.177851894974348,1.07949102197353,0.2744324511807092,0.9343960373827085,0.4617277333253637,0.03455021005991044,0.5837011519162584,0.9841231756854657,0
-0.12657084635623306,0.9009088760241706,0.8491410419312149,0.14254889972509194,-0.06640278899360229,-1.177851894974348,0.06599664927436881,0.853056793629862,1.575553921794022,-0.34097028968400567,0.8085666669970842,0.6035431842619053,-1.0161329645585022,0
1.0595727735687044,0.9009088760241706,-0.502969299721533,0.13146265118260178,0.7785050963005594,-1.177851894974348,0.22435514500861276,0.2744324511807092,0.4040141225293712,-0.2262991435398101,0.5505611813513597,0.028124246238143545,0.9841231756854657,0
-0.12657084635623306,-1.1099901739376037,-0.502969299721533,0.14016425082207767,0.4405419421828948,-1.177851894974348,-0.06069014731302636,-0.8828162337175963,-1.6705176710108995,-0.45564143582820127,0.5505611813513597,-0.22982217425526694,0.9841231756854657,0
0.38177641932588297,0.9009088760241706,-1.179024470547907,-0.3186042964134485,1.1164682504182242,0.9048055324001227,0.06599664927436881,-0.3041918912684436,1.4916327327349495,0.3470565871811683,-0.22345527558581418,0.38528082845978884,-1.0161329645585022,1
0.0428782422044723,0.9009088760241706,1.5251962127575889,0.1381902037169334,0.4405419421828948,-1.177851894974348,0.952804225386135,-1.461440576166749,-1.6705176710108995,0.4617277333253637,0.8085666669970842,-0.24966420660091387,0.9841231756854657,0
-0.12657084635623306,0.9009088760241706,0.8491410419312149,-0.20136169074472057,-0.23538436605243465,0.9048055324001227,0.06599664927436881,-0.8828162337175963,1.0955247203761276,0.1177142948927768,0.29255569570563505,0.8614896047553159,-1.0161329645585022,0
-0.12657084635623306,0.9009088760241706,0.17308587110484092,0.13659517365597684,-0.06640278899360229,-1.177851894974348,0.5410721364771007,-1.461440576166749,-1.6705176710108995,0.1177142948927768,0.8085666669970842,0.9210157017922567,-1.0161329645585022,0
0.5512255078865883,0.9009088760241706,-1.179024470547907,0.13814282658640994,0.7785050963005594,-1.177851894974348,0.8577891279455886,-0.3041918912684436,0.001192415045823164,0.3470565871811683,0.5505611813513597,-1.0830295651180861,-1.0161329645585022,0
0.5512255078865883,0.9009088760241706,0.8491410419312149,-0.19900862659538862,0.6095235192417271,0.9048055324001227,0.06599664927436881,0.2744324511807092,0.4745079213389917,0.1177142948927768,0.29255569570563505,0.5638591195706114,0.9841231756854657,0
0.7206745964472937,-1.1099901739376037,-1.179024470547907,0.13548970727709606,0.7785050963005594,-1.177851894974348,0.0026532509806712224,0.853056793629862,-1.0427871768490378,-0.34097028968400567,0.29255569570563505,-1.3806600503027906,0.9841231756854657,0
0.5512255078865883,0.9009088760241706,-1.179024470547907,-0.20414114906876368,0.2715603651240624,0.9048055324001227,0.06599664927436881,-1.461440576166749,-0.1397951825734185,0.1177142948927768,1.066572152642809,0.12733440796637835,-1.0161329645585022,0
0.7206745964472937,0.9009088760241706,0.8491410419312149,-0.20681006075491873,0.9474866733593919,0.9048055324001227,0.06599664927436881,0.2744324511807092,-0.8447331706696268,0.1177142948927768,1.066572152642809,1.4369085427790778,-1.0161329645585022,0
1.0595727735687044,0.9009088760241706,0.8491410419312149,0.13871135215269148,1.2854498274770565,-1.177851894974348,1.756473591237423,-0.3041918912684436,0.001192415045823164,1.035083464046342,0.29255569570563505,0.10749237562073138,-1.0161329645585022,0
0.7206745964472937,0.9009088760241706,1.5251962127575889,0.13855342838427995,0.7785050963005594,-1.177851894974348,-0.5674373336626071,-0.3041918912684436,1.5486991412951188,-0.7996548742607882,0.5505611813513597,0.2463866020402601,0.9841231756854657,0
0.7206745964472937,0.9009088760241706,-1.179024470547907,0.14389125175659004,0.4405419421828948,-1.177851894974348,-0.17154109432699713,-0.3041918912684436,-1.2475548781531747,-0.45564143582820127,1.066572152642809,0.22654456969461315,-1.0161329645585022,0
-0.12657084635623306,0.9009088760241706,0.8491410419312149,0.13266287182252948,-0.404365943111267,-1.177851894974348,0.06599664927436881,0.853056793629862,-1.7510820125076092,-0.34097028968400567,0.5505611813513597,0.028124246238143545,-1.0161329645585022,0
-0.12657084635623306,0.9009088760241706,-1.179024470547907,-0.2006668261637098,0.4405419421828948,0.9048055324001227,0.06599664927436881,-0.3041918912684436,-0.25392799969375696,0.1177142948927768,-0.22345527558581418,-0.5869787564769122,0.9841231756854657,0
0.21232733076517762,0.9009088760241706,-1.179024470547907,0.1316205749510133,0.10257878806523006,-1.177851894974348,0.38271364074285674,-0.3041918912684436,-1.2475548781531747,0.003043148748581378,1.066572152642809,1.0202258635204915,-1.0161329645585022,0
0.5512255078865883,-1.1099901739376037,0.8491410419312149,0.1337209610708868,0.6095235192417271,-1.177851894974348,0.38271364074285674,1.4316811360790147,0.001192415045823164,0.003043148748581378,0.5505611813513597,-0.20998014190961997,0.9841231756854657,0
0.21232733076517762,-1.1099901739376037,-1.179024470547907,-0.20292513605199483,-0.23538436605243465,0.9048055324001227,0.06599664927436881,-1.461440576166749,0.5114332445249834,0.1177142948927768,0.8085666669970842,-1.658448503141848,0.9841231756854657,0
0.7206745964472937,-1.1099901739376037,-0.502969299721533,-0.19927709700168822,0.4405419421828948,0.9048055324001227,0.06599664927436881,1.4316811360790147,1.1458774338115711,0.1177142948927768,0.8085666669970842,-0.051243883144444294,0.9841231756854657,0
0.0428782422044723,-1.1099901739376037,-1.179024470547907,-0.20488339078029794,-0.06640278899360229,0.9048055324001227,0.06599664927436881,0.2744324511807092,-0.5661148229935064,0.1177142948927768,0.5505611813513597,-0.40840046536608954,-1.0161329645585022,0
-0.12657084635623306,-1.1099901739376037,1.5251962127575889,0.13686364406227647,-0.06640278899360229,-1.177851894974348,1.1745061194140765,-0.8828162337175963,-1.0495008719737637,0.5763988794695595,0.03455021005991044,0.40512286080543575,-1.0161329645585022,0
0.0428782422044723,-1.1099901739376037,-0.502969299721533,0.13866397502216804,0.10257878806523006,-1.177851894974348,0.38271364074285674,0.853056793629862,0.7061304031420315,0.003043148748581378,0.8085666669970842,0.782121475372728,-1.0161329645585022,0
1.0595727735687044,0.9009088760241706,-1.179024470547907,-0.2048202212729333,0.6095235192417271,0.9048055324001227,0.06599664927436881,0.2744324511807092,-0.5023347193086114,0.1177142948927768,-0.22345527558581418,-0.011559818453150373,0.9841231756854657,0
0.0428782422044723,-1.1099901739376037,0.8491410419312149,0.13765326290433416,0.10257878806523006,-1.177851894974348,0.8577891279455886,1.4316811360790147,0.27645391515958084,0.3470565871811683,0.8085666669970842,-1.182239726846321,0.9841231756854657,0
-0.12657084635623306,-1.1099901739376037,-1.179024470547907,-0.19446042206513622,-0.7423290972289317,0.9048055324001227,0.06599664927436881,-1.461440576166749,-1.4993184453303918,0.1177142948927768,1.066572152642809,0.5837011519162584,0.9841231756854657,0
1.2290218621294098,0.9009088760241706,-0.502969299721533,-0.1818896900995776,1.6234129815947211,0.9048055324001227,0.06599664927436881,-0.8828162337175963,0.4745079213389917,0.1177142948927768,-0.22345527558581418,-0.26950623894656084,0.9841231756854657,0
0.5512255078865883,-1.1099901739376037,0.8491410419312149,0.13850605125375648,0.9474866733593919,-1.177851894974348,-0.4407505370752119,-0.8828162337175963,-1.0964967378468442,-0.6849837281165926,0.5505611813513597,1.4369085427790778,-1.0161329645585022,0
0.890123685007999,-1.1099901739376037,1.5251962127575889,-0.17800476539665366,0.4405419421828948,0.9048055324001227,0.06599664927436881,0.853056793629862,0.11868207972852446,0.1177142948927768,0.03455021005991044,0.2463866020402601,-1.0161329645585022,0
0.890123685007999,-1.1099901739376037,-1.179024470547907,-0.18481127981519108,0.6095235192417271,0.9048055324001227,0.06599664927436881,-0.8828162337175963,-1.0964967378468442,0.1177142948927768,-0.22345527558581418,-1.0631875327724392,0.9841231756854657,0
0.0428782422044723,-1.1099901739376037,-1.179024470547907,0.12846209958278249,0.10257878806523006,-1.177851894974348,0.8577891279455886,-0.8828162337175963,0.001192415045823164,0.3470565871811683,0.03455021005991044,-0.7258729828964409,0.9841231756854657,0
-0.12657084635623306,-1.1099901739376037,1.5251962127575889,-0.18438488564047992,-0.06640278899360229,0.9048055324001227,0.06599664927436881,1.4316811360790147,0.11868207972852446,0.1177142948927768,0.5505611813513597,1.298014316359549,-1.0161329645585022,0
0.0428782422044723,-1.1099901739376037,-1.179024470547907,0.136200364234948,-0.404365943111267,-1.177851894974348,0.6994306322113446,-0.8828162337175963,0.5785701957722418,0.23238544103697253,0.03455021005991044,-0.6068207888225592,0.9841231756854657,0
0.0428782422044723,-1.1099901739376037,-0.502969299721533,0.1410486239251823,-0.06640278899360229,-1.177851894974348,-0.8524826259842462,1.4316811360790147,-1.7510820125076092,-1.0289971665491795,0.29255569570563505,0.8416475724096689,0.9841231756854657,0
0.21232733076517762,0.9009088760241706,-1.179024470547907,-0.16115429930714226,0.2715603651240624,0.9048055324001227,0.06599664927436881,-0.8828162337175963,2.562467105128714,0.003043148748581378,0.03455021005991044,0.7225953783357871,0.9841231756854657,0
-0.12657084635623306,0.9009088760241706,0.8491410419312149,0.14057485261994768,-0.5733475201700994,-1.177851894974348,1.3328646151483206,0.853056793629862,-0.005521280078902488,0.6910700256137552,0.5505611813513597,0.8416475724096689,0.9841231756854657,0
-0.12657084635623306,-1.1099901739376037,-0.502969299721533,0.14057485261994768,-0.5733475201700994,-1.177851894974348,0.8577891279455886,-0.8828162337175963,0.7430557263280237,0.3470565871811683,-0.22345527558581418,1.4765926074703717,0.9841231756854657,0
0.7206745964472937,0.9009088760241706,0.8491410419312149,0.14149081047673462,0.4405419421828948,-1.177851894974348,-0.3774071387815143,0.853056793629862,-0.2707122375055717,-0.6849837281165926,0.29255569570563505,0.4448069254967297,0.9841231756854657,0
1.0595727735687044,-1.1099901739376037,-0.502969299721533,0.035808224655731476,1.2854498274770565,-1.177851894974348,0.8577891279455886,0.853056793629862,0.954537122756886,0.4617277333253637,-0.22345527558581418,1.3972244780877838,-1.0161329645585022,1
-0.12657084635623306,0.9009088760241706,-1.179024470547907,0.1387429369063738,-0.06640278899360229,-1.177851894974348,-1.1850354670261585,0.2744324511807092,-1.4254677989584081,-1.3730106049817663,-0.22345527558581418,0.5440170872249644,-1.0161329645585022,0
1.0595727735687044,0.9009088760241706,-1.179024470547907,-0.17062972541183472,0.7785050963005594,0.9048055324001227,0.06599664927436881,-0.8828162337175963,0.04483143335654109,0.003043148748581378,0.5505611813513597,-1.182239726846321,0.9841231756854657,0
0.0428782422044723,-1.1099901739376037,-0.502969299721533,0.14674967196483893,0.10257878806523006,0.21058638994196582,0.06599664927436881,-0.3041918912684436,-0.37813135950118393,-0.34097028968400567,1.066572152642809,-1.5989224061049072,0.9841231756854657,0
0.38177641932588297,-1.1099901739376037,0.8491410419312149,0.1503661262614632,0.10257878806523006,-1.177851894974348,0.06599664927436881,-0.8828162337175963,1.253296555807184,-0.34097028968400567,0.5505611813513597,0.7622794430270811,0.9841231756854657,0
0.7206745964472937,0.9009088760241706,0.8491410419312149,0.14036955172101268,0.2715603651240624,-1.177851894974348,0.38271364074285674,-0.8828162337175963,0.4745079213389917,0.003043148748581378,0.29255569570563505,-0.38855843302044263,0.9841231756854657,0
1.0595727735687044,0.9009088760241706,-1.179024470547907,-0.14995750412676404,1.1164682504182242,0.9048055324001227,0.06599664927436881,0.853056793629862,-0.11965409719924096,0.003043148748581378,0.8085666669970842,-0.5671367241312653,0.9841231756854657,0
-0.12657084635623306,0.9009088760241706,0.8491410419312149,0.1474445365458497,-0.06640278899360229,-1.177851894974348,1.6416636818300963,-0.8828162337175963,1.327147202179168,0.9204123179021463,0.29255569570563505,0.5440170872249644,0.9841231756854657,0
1.0595727735687044,0.9009088760241706,-0.502969299721533,0.1504766728993513,1.1164682504182242,-1.177851894974348,0.8577891279455886,-0.3041918912684436,0.4745079213389917,0.3470565871811683,0.29255569570563505,0.5440170872249644,-1.0161329645585022,0
0.21232733076517762,-1.1099901739376037,-0.502969299721533,-0.14976799560467016,0.10257878806523006,0.9048055324001227,0.06599664927436881,0.853056793629862,-1.3482603050240614,0.003043148748581378,-0.22345527558581418,0.9210157017922567,0.9841231756854657,0
0.7206745964472937,0.9009088760241706,0.8491410419312149,-0.1484256435731721,0.4405419421828948,0.9048055324001227,0.06599664927436881,0.2744324511807092,-0.015591822765990965,0.003043148748581378,1.066572152642809,0.782121475372728,0.9841231756854657,0
0.0428782422044723,0.9009088760241706,1.5251962127575889,-0.14375110002819047,-0.404365943111267,0.9048055324001227,0.06599664927436881,0.2744324511807092,-0.25392799969375696,0.003043148748581378,0.5505611813513597,0.9606997664835506,0.9841231756854657,0
-0.12657084635623306,-1.1099901739376037,0.8491410419312149,-0.14870990635631284,0.4405419421828948,-1.177851894974348,1.0161476236798326,0.2744324511807092,1.7736079279734327,1.035083464046342,0.5505611813513597,-0.22982217425526694,-1.0161329645585022,1
1.2290218621294098,0.9009088760241706,0.8491410419312149,0.15835706894308718,1.1164682504182242,-1.177851894974348,-0.7257958293968509,-1.461440576166749,-1.0427871768490378,-0.9143260204049839,-0.22345527558581418,-0.26950623894656084,0.9841231756854657,0
1.0595727735687044,-1.1099901739376037,-1.179024470547907,0.15571974201061445,1.2854498274770565,-1.177851894974348,1.1745061194140765,-0.8828162337175963,1.0955247203761276,0.5763988794695595,1.066572152642809,-0.5869787564769122,0.9841231756854657,0
-0.12657084635623306,0.9009088760241706,1.5251962127575889,-0.1249265868335348,-0.06640278899360229,0.9048055324001227,0.06599664927436881,-0.8828162337175963,1.7836784706605218,0.003043148748581378,0.03455021005991044,0.5440170872249644,0.9841231756854657,0
0.21232733076517762,-1.1099901739376037,-1.179024470547907,0.15628826757689598,0.10257878806523006,-1.177851894974348,0.38271364074285674,-1.461440576166749,0.001192415045823164,-0.11162799739561437,0.8085666669970842,-1.9362369559809054,0.9841231756854657,0
-0.12657084635623306,0.9009088760241706,0.8491410419312149,0.1581833527978345,-0.404365943111267,-1.177851894974348,0.3985494903162811,-0.8828162337175963,1.9750187817152072,-0.11162799739561437,0.8085666669970842,-0.9044512740072636,-1.0161329645585022,0
0.7206745964472937,-1.1099901739376037,-0.502969299721533,0.1561461361853256,1.2854498274770565,-1.177851894974348,-1.327558113186978,-0.3041918912684436,-1.1804179269059165,-1.487681751125962,0.8085666669970842,0.8416475724096689,0.9841231756854657,0
0.0428782422044723,0.9009088760241706,-0.502969299721533,0.15535651734326789,0.2715603651240624,-1.177851894974348,-0.2823920413409679,0.853056793629862,-0.005521280078902488,-0.570312581972397,0.29255569570563505,-0.6465048535138531,0.9841231756854657,0
0.21232733076517762,0.9009088760241706,-1.179024470547907,-0.22170227211612703,0.6095235192417271,0.9048055324001227,0.06599664927436881,-0.3041918912684436,0.8336906105118219,0.1177142948927768,0.8085666669970842,-0.2893482712922078,-1.0161329645585022,1
0.7206745964472937,-1.1099901739376037,-0.502969299721533,0.15628826757689598,1.1164682504182242,-1.177851894974348,0.8577891279455886,0.853056793629862,0.03476089066945202,0.3470565871811683,0.29255569570563505,0.9011736694466097,-1.0161329645585022,0
0.38177641932588297,-1.1099901739376037,0.8491410419312149,0.15628826757689598,0.4405419421828948,0.21058638994196582,0.1451758971414908,0.2744324511807092,-0.08944246913797492,-0.2262991435398101,0.5505611813513597,0.028124246238143545,0.9841231756854657,0
0.38177641932588297,-1.1099901739376037,1.5251962127575889,0.15005027872464013,0.6095235192417271,-1.177851894974348,-0.3101047780944606,0.853056793629862,0.001192415045823164,-0.570312581972397,-0.22345527558581418,1.317856348705196,-1.0161329645585022,0
0.0428782422044723,-1.1099901739376037,0.8491410419312149,-0.11306651182582808,-0.5733475201700994,0.9048055324001227,0.06599664927436881,-0.8828162337175963,-0.707102420612748,0.003043148748581378,0.8085666669970842,-0.7655570475877348,0.9841231756854657,0
0.890123685007999,-1.1099901739376037,1.5251962127575889,0.15747269583998255,1.1164682504182242,-1.177851894974348,1.7287608544839304,0.2744324511807092,-1.4993184453303918,1.035083464046342,1.066572152642809,-1.4600281796853785,0.9841231756854657,0
0.21232733076517762,0.9009088760241706,-1.179024470547907,0.14919749037521782,-0.06640278899360229,-1.177851894974348,2.4413740852880284,-0.8828162337175963,0.16232109803924238,1.6084391947673204,0.03455021005991044,-0.9441353386985575,0.9841231756854657,0
0.21232733076517762,0.9009088760241706,-1.179024470547907,0.15894138688620987,0.6095235192417271,-1.177851894974348,-0.09236184645987515,-0.3041918912684436,-1.173704231781191,-0.45564143582820127,1.066572152642809,0.821805540064022,0.9841231756854657,0
0.7206745964472937,-1.1099901739376037,-0.502969299721533,0.043625451192102746,1.2854498274770565,-1.177851894974348,-1.359229812333827,-0.8828162337175963,1.2465828606824585,-1.487681751125962,0.8085666669970842,1.5956448015442533,-1.0161329645585022,1
0.0428782422044723,-1.1099901739376037,-0.502969299721533,0.15936778106092103,-0.23538436605243465,-1.177851894974348,1.3328646151483206,-0.8828162337175963,-0.0860856215756121,0.6910700256137552,-0.22345527558581418,-0.6465048535138531,-1.0161329645585022,0
0.21232733076517762,0.9009088760241706,-1.179024470547907,-0.21922286895206583,-0.06640278899360229,0.9048055324001227,0.06599664927436881,0.853056793629862,0.23617174441122635,0.1177142948927768,0.29255569570563505,-0.9044512740072636,-1.0161329645585022,1
0.7206745964472937,0.9009088760241706,-1.179024470547907,0.15777275099996446,0.4405419421828948,0.21058638994196582,-0.7257958293968509,0.853056793629862,-0.12972463988633004,-0.9143260204049839,1.066572152642809,1.0797519605574324,0.9841231756854657,0
0.38177641932588297,-1.1099901739376037,-0.502969299721533,0.16438975689640803,0.10257878806523006,-1.177851894974348,0.6994306322113446,1.4316811360790147,0.9780350556934264,0.23238544103697253,1.066572152642809,1.4369085427790778,-1.0161329645585022,0
0.38177641932588297,0.9009088760241706,-1.179024470547907,-0.10859726917978148,-0.23538436605243465,0.9048055324001227,0.06599664927436881,1.4316811360790147,-1.6705176710108995,0.003043148748581378,0.29255569570563505,0.8614896047553159,0.9841231756854657,0
0.7206745964472937,-1.1099901739376037,-1.179024470547907,-0.10466496734633411,0.9474866733593919,0.9048055324001227,0.06599664927436881,0.853056793629862,0.4745079213389917,0.003043148748581378,0.8085666669970842,0.7622794430270811,0.9841231756854657,0
0.7206745964472937,-1.1099901739376037,-0.502969299721533,0.15535651734326789,0.7785050963005594,-1.177851894974348,-1.2325430157464317,0.853056793629862,-0.6936750303632967,-1.3730106049817663,1.066572152642809,1.1194360252487263,-1.0161329645585022,0
0.38177641932588297,0.9009088760241706,-0.502969299721533,-0.11083978669122535,-0.23538436605243465,0.9048055324001227,0.06599664927436881,0.853056793629862,-1.1804179269059165,0.003043148748581378,0.29255569570563505,1.35754041339649,-1.0161329645585022,0
0.0428782422044723,-1.1099901739376037,-0.502969299721533,-0.22808239235995328,-0.06640278899360229,0.9048055324001227,0.06599664927436881,-0.8828162337175963,1.8407448792206904,0.1177142948927768,0.29255569570563505,1.6750129309268411,-1.0161329645585022,1
1.2290218621294098,-1.1099901739376037,-1.179024470547907,0.15204011820662555,0.7785050963005594,-1.177851894974348,-0.2190486430472703,-0.8828162337175963,-1.0092187012254088,-0.570312581972397,-0.22345527558581418,0.008282213892496587,0.9841231756854657,0
0.0428782422044723,0.9009088760241706,1.5251962127575889,0.15200853345294324,0.2715603651240624,0.21058638994196582,-0.6545345063164412,1.4316811360790147,0.5584291103980642,-0.9143260204049839,0.03455021005991044,0.9805417988291976,-1.0161329645585022,0
1.0595727735687044,-1.1099901739376037,1.5251962127575889,0.16071013309241913,1.4544314045358888,0.21058638994196582,-0.3774071387815143,1.4316811360790147,-1.4724636648314886,-0.6849837281165926,0.29255569570563505,0.7622794430270811,-1.0161329645585022,0
1.2290218621294098,0.9009088760241706,-0.502969299721533,-0.10565988708732682,0.4405419421828948,0.9048055324001227,0.06599664927436881,0.853056793629862,0.03476089066945202,0.003043148748581378,0.8085666669970842,-1.0235034680811452,0.9841231756854657,0
0.21232733076517762,-1.1099901739376037,-1.179024470547907,0.15661990749056023,0.10257878806523006,-1.177851894974348,0.06599664927436881,-1.461440576166749,0.2865244578466693,-0.34097028968400567,0.5505611813513597,0.5043330225336705,-1.0161329645585022,0
0.21232733076517762,-1.1099901739376037,-1.179024470547907,0.15955728958301488,0.4405419421828948,-1.177851894974348,0.5410721364771007,0.853056793629862,0.0851136041048956,0.003043148748581378,0.03455021005991044,-1.8568688265983175,0.9841231756854657,0
0.0428782422044723,0.9009088760241706,0.8491410419312149,-0.22664528606740825,-0.23538436605243465,0.9048055324001227,0.06599664927436881,-1.461440576166749,1.6829730437896346,0.1177142948927768,0.5505611813513597,0.7225953783357871,-1.0161329645585022,1
0.890123685007999,-1.1099901739376037,-1.179024470547907,-0.10746021804721838,1.4544314045358888,0.9048055324001227,0.06599664927436881,-0.8828162337175963,-1.7510820125076092,0.003043148748581378,-0.22345527558581418,-2.194183376474316,0.9841231756854657,0
1.0595727735687044,0.9009088760241706,-0.502969299721533,-0.1108239943143842,1.2854498274770565,0.9048055324001227,0.06599664927436881,-0.8828162337175963,-0.4654093961226198,0.003043148748581378,0.8085666669970842,-0.03140185079879733,-1.0161329645585022,0
0.0428782422044723,0.9009088760241706,-0.502969299721533,-0.1107924095607019,0.10257878806523006,0.9048055324001227,0.06599664927436881,-0.8828162337175963,-1.4993184453303918,0.003043148748581378,0.03455021005991044,-0.07108591549009124,-1.0161329645585022,0
1.0595727735687044,-1.1099901739376037,0.8491410419312149,0.16356855330066802,1.2854498274770565,-1.177851894974348,0.22435514500861276,-0.3041918912684436,-0.5896127559300467,-0.2262991435398101,0.8085666669970842,1.0003838311748445,0.9841231756854657,0
0.7206745964472937,0.9009088760241706,-0.502969299721533,0.1605522093240076,0.4405419421828948,-1.177851894974348,-0.5040939353689095,-1.461440576166749,0.001192415045823164,-0.7996548742607882,1.066572152642809,0.16701847265767225,-1.0161329645585022,0
0.7206745964472937,0.9009088760241706,1.5251962127575889,0.16205248512391723,0.7785050963005594,-1.177851894974348,-0.4090788379283631,0.2744324511807092,-1.0427871768490378,-0.6849837281165926,0.8085666669970842,-0.4877685947486774,0.9841231756854657,0
0.21232733076517762,0.9009088760241706,-0.502969299721533,0.15928881917671528,0.6095235192417271,0.21058638994196582,-0.13591043278679224,0.2744324511807092,-1.6839450612603513,-0.45564143582820127,0.29255569570563505,-0.5076106270943244,-1.0161329645585022,0
0.0428782422044723,-1.1099901739376037,0.8491410419312149,0.16604795646472922,0.2715603651240624,-1.177851894974348,0.38271364074285674,0.2744324511807092,0.001192415045823164,-0.11162799739561437,0.03455021005991044,-1.2616078562289088,0.9841231756854657,0
0.21232733076517762,-1.1099901739376037,1.5251962127575889,-0.10427015792530525,0.6095235192417271,0.9048055324001227,0.06599664927436881,0.2744324511807092,-1.0495008719737637,0.003043148748581378,0.5505611813513597,0.7225953783357871,0.9841231756854657,0
-0.12657084635623306,-1.1099901739376037,-0.502969299721533,-0.21911232231417777,-0.23538436605243465,0.9048055324001227,0.06599664927436881,-1.461440576166749,1.6594751108530943,0.1177142948927768,0.8085666669970842,1.278172284013902,-1.0161329645585022,1
0.38177641932588297,-1.1099901739376037,-1.179024470547907,0.1595888743366972,0.2715603651240624,0.21058638994196582,-0.3298995900612411,1.4316811360790147,0.001192415045823164,-0.6849837281165926,0.29255569570563505,0.14717644031202531,-1.0161329645585022,0
0.5512255078865883,-1.1099901739376037,-1.179024470547907,0.15808859853678756,0.2715603651240624,-1.177851894974348,0.5410721364771007,1.4316811360790147,-1.0495008719737637,0.003043148748581378,1.066572152642809,1.1591200899400202,-1.0161329645585022,0
-0.12657084635623306,-1.1099901739376037,0.8491410419312149,0.052579728861037116,0.2715603651240624,-1.177851894974348,-0.2507203421941191,-1.461440576166749,1.092167872813765,-0.45564143582820127,0.29255569570563505,-1.0036614357354983,-1.0161329645585022,1
0.7206745964472937,0.9009088760241706,-0.502969299721533,-0.10723912477144222,1.1164682504182242,0.9048055324001227,0.06599664927436881,1.4316811360790147,-1.173704231781191,0.003043148748581378,0.8085666669970842,1.6750129309268411,0.9841231756854657,0
0.21232733076517762,-1.1099901739376037,-0.502969299721533,-0.2220497044066324,0.10257878806523006,0.9048055324001227,0.06599664927436881,0.853056793629862,1.327147202179168,0.1177142948927768,0.8085666669970842,0.16701847265767225,-1.0161329645585022,1
0.0428782422044723,0.9009088760241706,-0.502969299721533,0.1658110708121119,-0.911310674287764,0.21058638994196582,-0.013182598592753173,0.853056793629862,-0.07601507888852362,-0.34097028968400567,0.8085666669970842,-0.4282424977117365,0.9841231756854657,0
0.5512255078865883,0.9009088760241706,-0.502969299721533,0.17350195833375395,0.4405419421828948,-1.177851894974348,0.8577891279455886,-1.461440576166749,0.665848232393677,0.3470565871811683,-0.22345527558581418,-1.0433455004267922,0.9841231756854657,0
1.0595727735687044,0.9009088760241706,0.8491410419312149,0.1715910807359743,1.1164682504182242,0.21058638994196582,0.6994306322113446,0.2744324511807092,-0.3680608168140954,0.1177142948927768,-0.22345527558581418,-0.5076106270943244,-1.0161329645585022,0
0.21232733076517762,0.9009088760241706,1.5251962127575889,-0.10651267543674914,-0.06640278899360229,0.9048055324001227,0.06599664927436881,-1.461440576166749,-0.811164695045998,0.003043148748581378,-0.22345527558581418,-0.6465048535138531,-1.0161329645585022,0
0.0428782422044723,-1.1099901739376037,1.5251962127575889,0.16751664751095655,0.7785050963005594,-1.177851894974348,-0.5674373336626071,0.853056793629862,0.9981761410676039,-0.7996548742607882,0.8085666669970842,0.8614896047553159,0.9841231756854657,0
1.0595727735687044,-1.1099901739376037,1.5251962127575889,-0.11279804141952846,1.4544314045358888,0.9048055324001227,0.06599664927436881,-0.3041918912684436,0.860545391010725,0.003043148748581378,0.03455021005991044,0.6233852166075523,-1.0161329645585022,0
-0.12657084635623306,0.9009088760241706,-0.502969299721533,0.17225436056330276,0.2715603651240624,-1.177851894974348,1.8079401023510524,0.2744324511807092,-0.1397951825734185,1.035083464046342,0.29255569570563505,0.16701847265767225,-1.0161329645585022,0
-0.12657084635623306,0.9009088760241706,-0.502969299721533,-0.1067653534662076,0.10257878806523006,0.9048055324001227,0.06599664927436881,0.853056793629862,0.7430557263280237,0.003043148748581378,0.29255569570563505,1.0400678958661385,-1.0161329645585022,0
0.0428782422044723,-1.1099901739376037,-0.502969299721533,0.06434504960769691,0.10257878806523006,-1.177851894974348,1.3328646151483206,0.853056793629862,2.142861159833352,0.8057411717579506,0.29255569570563505,0.9011736694466097,-1.0161329645585022,1
0.0428782422044723,-1.1099901739376037,1.5251962127575889,0.17620245477359128,-0.404365943111267,0.21058638994196582,0.38271364074285674,-0.8828162337175963,0.5651428055227898,-0.11162799739561437,-0.22345527558581418,-1.0235034680811452,0.9841231756854657,0
0.21232733076517762,0.9009088760241706,-0.502969299721533,-0.11305071944898692,0.6095235192417271,0.9048055324001227,0.06599664927436881,-0.8828162337175963,0.3234497810326616,0.003043148748581378,-0.22345527558581418,1.317856348705196,-1.0161329645585022,0
-0.12657084635623306,0.9009088760241706,0.8491410419312149,-0.11319285084055732,-0.23538436605243465,0.9048055324001227,0.06599664927436881,1.4316811360790147,-0.12972463988633004,0.003043148748581378,0.03455021005991044,0.14717644031202531,-1.0161329645585022,0
0.21232733076517762,-1.1099901739376037,1.5251962127575889,0.16994867354449428,0.10257878806523006,0.21058638994196582,1.3328646151483206,1.4316811360790147,0.4745079213389917,0.6910700256137552,0.8085666669970842,1.4567505751247247,-1.0161329645585022,0
0.890123685007999,0.9009088760241706,-1.179024470547907,-0.0959633677068582,0.6095235192417271,0.9048055324001227,0.06599664927436881,1.4316811360790147,-0.08944246913797492,0.003043148748581378,0.03455021005991044,0.3654387961141419,0.9841231756854657,0
0.38177641932588297,-1.1099901739376037,-0.502969299721533,0.17411786103055896,0.2715603651240624,0.21058638994196582,0.06599664927436881,1.4316811360790147,1.0955247203761276,-0.34097028968400567,0.03455021005991044,-0.40840046536608954,0.9841231756854657,0
0.21232733076517762,0.9009088760241706,-1.179024470547907,-0.09045182818929542,0.4405419421828948,0.9048055324001227,0.06599664927436881,1.4316811360790147,1.6997572816014495,-0.11162799739561437,0.8085666669970842,0.20670253734896618,-1.0161329645585022,0
0.0428782422044723,0.9009088760241706,0.8491410419312149,0.17817650187873554,0.10257878806523006,-1.177851894974348,0.8577891279455886,-0.3041918912684436,-0.707102420612748,0.23238544103697253,0.8085666669970842,-0.24966420660091387,0.9841231756854657,0
1.2290218621294098,0.9009088760241706,-0.502969299721533,0.17418103053792358,1.4544314045358888,0.21058638994196582,-0.3140637404878167,1.4316811360790147,0.001192415045823164,-0.6849837281165926,0.29255569570563505,1.5162766721616654,-1.0161329645585022,0
-0.12657084635623306,-1.1099901739376037,0.8491410419312149,-0.4253607638596501,0.2715603651240624,0.9048055324001227,-0.8841543251310949,0.2744324511807092,0.830333762949459,-0.6849837281165926,0.29255569570563505,0.8614896047553159,0.9841231756854657,0
1.0595727735687044,0.9009088760241706,1.5251962127575889,-0.412947955662503,0.6095235192417271,0.9048055324001227,-0.8841543251310949,1.4316811360790147,-0.21700267650776528,-0.7996548742607882,0.8085666669970842,0.7225953783357871,-1.0161329645585022,0
0.890123685007999,0.9009088760241706,0.8491410419312149,0.17422840766844702,0.4405419421828948,-1.177851894974348,-0.5674373336626071,0.853056793629862,-1.0427871768490378,-0.7996548742607882,0.5505611813513597,0.3654387961141419,0.9841231756854657,0
0.7206745964472937,0.9009088760241706,-0.502969299721533,0.17765535344297748,0.4405419421828948,-1.177851894974348,0.38271364074285674,-0.3041918912684436,-0.11965409719924096,-0.11162799739561437,-0.22345527558581418,-1.5393963090679663,0.9841231756854657,0
-0.12657084635623306,-1.1099901739376037,-0.502969299721533,0.1731387336664074,-0.06640278899360229,-1.177851894974348,-0.3298995900612411,0.853056793629862,-0.707102420612748,-0.6849837281165926,1.066572152642809,0.008282213892496587,0.9841231756854657,0
0.21232733076517762,-1.1099901739376037,0.8491410419312149,0.17242807670855548,0.10257878806523006,0.21058638994196582,-0.5674373336626071,1.4316811360790147,0.5651428055227898,-0.7996548742607882,0.29255569570563505,0.40512286080543575,-1.0161329645585022,0
0.0428782422044723,0.9009088760241706,-0.502969299721533,-0.398292629953912,-0.06640278899360229,0.9048055324001227,-0.8841543251310949,-0.8828162337175963,0.001192415045823164,-0.7996548742607882,0.5505611813513597,0.10749237562073138,0.9841231756854657,0
0.0428782422044723,0.9009088760241706,0.8491410419312149,0.17692890410828438,0.10257878806523006,-1.177851894974348,1.1428344202672278,0.2744324511807092,-1.6705176710108995,0.4617277333253637,0.5505611813513597,0.6432272489531993,0.9841231756854657,0
1.2290218621294098,0.9009088760241706,1.5251962127575889,0.17648671755673206,1.7923945586535535,-1.177851894974348,-0.8841543251310949,-1.461440576166749,1.0955247203761276,-1.143668312693375,-0.22345527558581418,1.1988041546313142,0.9841231756854657,0
-0.12657084635623306,-1.1099901739376037,0.8491410419312149,0.17301239465167817,0.10257878806523006,-1.177851894974348,-0.963333572998217,0.853056793629862,-1.6705176710108995,-1.143668312693375,1.066572152642809,-3.126758896719723,0.9841231756854657,0
0.21232733076517762,0.9009088760241706,-0.502969299721533,-0.505807131488489,0.6095235192417271,0.9048055324001227,-0.8841543251310949,1.4316811360790147,1.6729025011025462,-0.6849837281165926,-0.22345527558581418,1.9131173190746047,-1.0161329645585022,1
0.0428782422044723,-1.1099901739376037,-0.502969299721533,0.17666043370198475,0.2715603651240624,-1.177851894974348,0.8577891279455886,0.853056793629862,1.223084927745918,0.23238544103697253,0.29255569570563505,0.008282213892496587,0.9841231756854657,0
0.7206745964472937,0.9009088760241706,0.8491410419312149,0.17926617588077517,0.9474866733593919,-1.177851894974348,-0.6307807319563046,0.853056793629862,1.6628319584154578,-0.9143260204049839,0.8085666669970842,-1.5790803737592602,0.9841231756854657,0
0.5512255078865883,0.9009088760241706,-0.502969299721533,-0.38834343254398496,0.2715603651240624,0.9048055324001227,-0.8841543251310949,-0.8828162337175963,0.8135495251376443,-0.7996548742607882,0.03455021005991044,1.5758027691986063,0.9841231756854657,0
0.0428782422044723,-1.1099901739376037,0.8491410419312149,0.06584532540760654,-0.06640278899360229,-1.177851894974348,3.2331665639592484,-0.8828162337175963,0.001192415045823164,2.525808363920885,0.8085666669970842,-0.5076106270943244,-1.0161329645585022,1
-0.12657084635623306,-1.1099901739376037,-1.179024470547907,0.16802200356987348,-0.06640278899360229,-1.177851894974348,-0.46846327382870456,-1.461440576166749,0.001192415045823164,-0.7996548742607882,1.066572152642809,0.6829113136444932,0.9841231756854657,0
0.38177641932588297,-1.1099901739376037,-0.502969299721533,0.18098754495646097,0.4405419421828948,-1.177851894974348,1.4516334869490035,1.4316811360790147,-1.0427871768490378,0.8057411717579506,0.03455021005991044,0.5837011519162584,-1.0161329645585022,0
0.5512255078865883,0.9009088760241706,-1.179024470547907,0.17465480184315818,0.4405419421828948,-1.177851894974348,1.0953268715469546,-0.8828162337175963,1.934736610966852,0.4617277333253637,0.5505611813513597,0.7225953783357871,-1.0161329645585022,0
0.38177641932588297,0.9009088760241706,-0.502969299721533,-0.3933812007563131,0.4405419421828948,0.9048055324001227,-0.8841543251310949,0.2744324511807092,-0.1397951825734185,-0.7996548742607882,0.5505611813513597,0.305912699077201,-1.0161329645585022,0
0.21232733076517762,0.9009088760241706,-1.179024470547907,-0.3907912509543638,0.10257878806523006,0.9048055324001227,-0.8841543251310949,0.2744324511807092,0.15896425047687956,-0.7996548742607882,0.29255569570563505,-0.2893482712922078,-1.0161329645585022,0
1.2290218621294098,0.9009088760241706,-0.502969299721533,0.17168583499702122,1.9613761357123858,-1.177851894974348,1.6495816066168083,0.853056793629862,0.8336906105118219,0.9204123179021463,-0.22345527558581418,0.4448069254967297,0.9841231756854657,0
0.7206745964472937,0.9009088760241706,1.5251962127575889,0.17402310676951202,1.2854498274770565,-1.177851894974348,0.6994306322113446,0.2744324511807092,-1.6705176710108995,0.1177142948927768,1.066572152642809,-0.07108591549009124,-1.0161329645585022,0
-0.12657084635623306,0.9009088760241706,-0.502969299721533,-0.3843005840726495,-0.404365943111267,0.9048055324001227,-0.8841543251310949,1.4316811360790147,1.0015329886299666,-0.7996548742607882,-0.22345527558581418,0.9210157017922567,-1.0161329645585022,0
0.890123685007999,0.9009088760241706,0.8491410419312149,0.17043823722657006,0.7785050963005594,-1.177851894974348,-0.5674373336626071,0.2744324511807092,-1.173704231781191,-0.7996548742607882,0.5505611813513597,-0.7060309505507939,0.9841231756854657,0
0.7206745964472937,0.9009088760241706,-1.179024470547907,0.1652267528689892,1.4544314045358888,-1.177851894974348,0.38271364074285674,-0.3041918912684436,0.23617174441122635,-0.11162799739561437,0.03455021005991044,2.290115933641897,-1.0161329645585022,0
0.5512255078865883,-1.1099901739376037,1.5251962127575889,-0.07453311233341212,0.9474866733593919,0.9048055324001227,0.06599664927436881,1.4316811360790147,0.6154955189582334,-0.11162799739561437,-0.22345527558581418,1.298014316359549,0.9841231756854657,0
1.0595727735687044,-1.1099901739376037,-1.179024470547907,0.17555496732310397,0.7785050963005594,-1.177851894974348,-1.042512820865339,0.2744324511807092,-1.0427871768490378,-1.2583394588375707,-0.22345527558581418,-1.6386064707962011,-1.0161329645585022,0
0.5512255078865883,0.9009088760241706,-0.502969299721533,0.054980170140892536,0.2715603651240624,-1.177851894974348,-0.8762364003443828,-0.8828162337175963,-1.173704231781191,-1.0289971665491795,0.29255569570563505,0.5043330225336705,-1.0161329645585022,1
1.2290218621294098,-1.1099901739376037,-0.502969299721533,0.06617696532127078,1.4544314045358888,-1.177851894974348,2.52055333315515,1.4316811360790147,2.102578989084997,1.8377814870557112,-0.22345527558581418,-0.44808453005738347,-1.0161329645585022,1
0.21232733076517762,0.9009088760241706,-1.179024470547907,-0.05502952693458682,-0.23538436605243465,0.9048055324001227,0.06599664927436881,0.2744324511807092,-1.1804179269059165,-0.11162799739561437,0.5505611813513597,-1.3806600503027906,0.9841231756854657,0
0.21232733076517762,-1.1099901739376037,-0.502969299721533,-0.05468209464408143,-0.404365943111267,0.9048055324001227,0.06599664927436881,0.853056793629862,1.451350561986595,-0.11162799739561437,0.8085666669970842,0.821805540064022,0.9841231756854657,0
0.890123685007999,0.9009088760241706,-1.179024470547907,0.17945568440286902,0.6095235192417271,-1.177851894974348,2.4413740852880284,0.2744324511807092,-0.11965409719924096,1.4937680486231246,0.29255569570563505,-0.6465048535138531,0.9841231756854657,0
-0.12657084635623306,-1.1099901739376037,0.8491410419312149,-0.03457839892529228,0.6095235192417271,0.9048055324001227,0.06599664927436881,0.853056793629862,1.4312094766124175,-0.11162799739561437,1.066572152642809,-0.7853990799333818,-1.0161329645585022,0
0.7206745964472937,0.9009088760241706,0.8491410419312149,-0.03732627249565309,-0.06640278899360229,0.9048055324001227,0.06599664927436881,-0.8828162337175963,0.5651428055227898,-0.11162799739561437,1.066572152642809,-0.30919030363785477,0.9841231756854657,0
0.21232733076517762,0.9009088760241706,0.8491410419312149,0.178018578110324,0.4405419421828948,-1.177851894974348,-0.2507203421941191,0.2744324511807092,0.665848232393677,-0.570312581972397,1.066572152642809,0.06780831092943747,0.9841231756854657,0
0.21232733076517762,-1.1099901739376037,0.8491410419312149,0.17852393416924095,0.4405419421828948,-1.177851894974348,-0.8524826259842462,0.2744324511807092,-1.8752853723150364,-1.0289971665491795,0.8085666669970842,0.12733440796637835,0.9841231756854657,0
0.38177641932588297,-1.1099901739376037,-0.502969299721533,-0.03683670881357731,0.10257878806523006,0.9048055324001227,0.06599664927436881,-1.461440576166749,0.3301634761573873,-0.11162799739561437,0.03455021005991044,1.278172284013902,-1.0161329645585022,0
0.0428782422044723,-1.1099901739376037,-0.502969299721533,-0.03336238590852341,0.10257878806523006,0.9048055324001227,0.06599664927436881,-0.3041918912684436,0.2193875065994116,-0.11162799739561437,0.5505611813513597,-1.5393963090679663,0.9841231756854657,0
0.0428782422044723,-1.1099901739376037,1.5251962127575889,-0.03064609709184491,0.10257878806523006,0.9048055324001227,0.06599664927436881,-1.461440576166749,-0.11965409719924096,-0.11162799739561437,0.29255569570563505,1.317856348705196,0.9841231756854657,0
0.5512255078865883,0.9009088760241706,0.17308587110484092,0.17135419508335697,0.6095235192417271,-1.177851894974348,0.6677589330644959,0.2744324511807092,0.001192415045823164,0.1177142948927768,0.8085666669970842,1.2186461869769611,0.9841231756854657,0
0.21232733076517762,-1.1099901739376037,1.5251962127575889,0.1741020686537178,0.6095235192417271,-1.177851894974348,-0.2507203421941191,0.2744324511807092,-1.8752853723150364,-0.570312581972397,-0.22345527558581418,0.4249648931510827,0.9841231756854657,0
0.5512255078865883,-1.1099901739376037,-0.502969299721533,0.17743426016720132,0.2715603651240624,-1.177851894974348,-1.042512820865339,1.4316811360790147,-0.8447331706696268,-1.2583394588375707,-0.22345527558581418,-1.4997122443766724,0.9841231756854657,0
0.21232733076517762,-1.1099901739376037,0.8491410419312149,-0.023350018991231725,0.10257878806523006,0.9048055324001227,0.06599664927436881,0.2744324511807092,-0.6936750303632967,-0.11162799739561437,0.29255569570563505,-0.17029607721832604,-1.0161329645585022,0
0.21232733076517762,0.9009088760241706,-0.502969299721533,0.1750654036410282,0.10257878806523006,-1.177851894974348,-0.09236184645987515,0.853056793629862,0.001192415045823164,-0.45564143582820127,0.03455021005991044,0.6630692812988462,0.9841231756854657,0
0.7206745964472937,0.9009088760241706,0.8491410419312149,0.17692890410828438,0.7785050963005594,-1.177851894974348,-0.7257958293968509,0.853056793629862,0.16232109803924238,-1.0289971665491795,0.5505611813513597,-0.051243883144444294,0.9841231756854657,0
0.0428782422044723,-1.1099901739376037,-1.179024470547907,-0.0217076117997517,0.10257878806523006,0.9048055324001227,0.06599664927436881,0.853056793629862,0.830333762949459,-0.11162799739561437,0.29255569570563505,0.7622794430270811,-1.0161329645585022,0
0.890123685007999,-1.1099901739376037,-0.502969299721533,0.17487589511893434,0.7785050963005594,-1.177851894974348,0.06599664927436881,-1.461440576166749,-0.005521280078902488,-0.34097028968400567,1.066572152642809,-0.9639773710442044,0.9841231756854657,0
0.7206745964472937,0.9009088760241706,-1.179024470547907,0.17181217401175045,0.2715603651240624,-1.177851894974348,1.0161476236798326,1.4316811360790147,0.8336906105118219,0.4617277333253637,0.5505611813513597,0.08765034327508442,-1.0161329645585022,0
0.5512255078865883,0.9009088760241706,-1.179024470547907,-0.014000931901268505,0.2715603651240624,0.9048055324001227,0.06599664927436881,0.2744324511807092,-1.1233515183457474,-0.11162799739561437,-0.22345527558581418,1.278172284013902,-1.0161329645585022,0
0.38177641932588297,0.9009088760241706,-0.502969299721533,0.17745005254404247,0.6095235192417271,-1.177851894974348,-0.7257958293968509,0.853056793629862,0.001192415045823164,-1.0289971665491795,1.066572152642809,0.6035431842619053,-1.0161329645585022,0
1.2290218621294098,-1.1099901739376037,-0.502969299721533,-0.12702697295340828,0.7785050963005594,0.9048055324001227,0.06599664927436881,0.853056793629862,0.8336906105118219,0.003043148748581378,1.066572152642809,0.22654456969461315,-1.0161329645585022,1
0.38177641932588297,-1.1099901739376037,-1.179024470547907,-0.015343283932766603,0.2715603651240624,0.9048055324001227,0.06599664927436881,-0.8828162337175963,1.0955247203761276,-0.11162799739561437,0.29255569570563505,1.4369085427790778,0.9841231756854657,0
0.21232733076517762,0.9009088760241706,-1.179024470547907,0.17380201349373586,0.2715603651240624,0.21058638994196582,-0.7257958293968509,-0.8828162337175963,1.5486991412951188,-1.0289971665491795,1.066572152642809,-1.142555662155027,0.9841231756854657,0
0.890123685007999,-1.1099901739376037,-1.179024470547907,-0.01220060094137694,1.1164682504182242,0.9048055324001227,0.06599664927436881,0.2744324511807092,0.3301634761573873,-0.11162799739561437,0.8085666669970842,0.286070666731554,0.9841231756854657,0
-0.12657084635623306,-1.1099901739376037,-1.179024470547907,0.17089621615496353,-0.404365943111267,0.21058638994196582,1.0161476236798326,0.853056793629862,1.9750187817152072,0.4617277333253637,-0.22345527558581418,-1.7179746001787888,0.9841231756854657,0
0.21232733076517762,-1.1099901739376037,1.5251962127575889,0.17945568440286902,0.4405419421828948,-1.177851894974348,-0.2507203421941191,0.853056793629862,0.3301634761573873,-0.570312581972397,-0.22345527558581418,-0.8449251769703227,0.9841231756854657,0
0.5512255078865883,0.9009088760241706,-1.179024470547907,0.17632879378832053,0.4405419421828948,-1.177851894974348,-1.121692068732461,-0.3041918912684436,0.665848232393677,-1.2583394588375707,-0.22345527558581418,1.0995939929030794,0.9841231756854657,0
0.38177641932588297,0.9009088760241706,0.8491410419312149,-0.009926498676250752,0.2715603651240624,0.9048055324001227,0.06599664927436881,0.853056793629862,0.5785701957722418,-0.11162799739561437,0.03455021005991044,0.3654387961141419,0.9841231756854657,0
-0.12657084635623306,0.9009088760241706,0.8491410419312149,-0.1294274142332637,0.10257878806523006,-1.177851894974348,-0.8841543251310949,0.2744324511807092,-1.8752853723150364,-0.9143260204049839,0.03455021005991044,0.20670253734896618,-1.0161329645585022,1
0.0428782422044723,0.9009088760241706,-0.502969299721533,-0.020191543623000907,-0.404365943111267,0.9048055324001227,0.06599664927436881,1.4316811360790147,1.327147202179168,-0.11162799739561437,0.03455021005991044,0.5241750548793175,0.9841231756854657,0
0.0428782422044723,0.9009088760241706,1.5251962127575889,-0.010495024242532298,-0.404365943111267,0.9048055324001227,0.06599664927436881,0.853056793629862,-1.0495008719737637,-0.11162799739561437,0.03455021005991044,-1.2219237915376149,-1.0161329645585022,0
-0.12657084635623306,0.9009088760241706,0.8491410419312149,0.005676369642809483,-0.23538436605243465,0.9048055324001227,0.06599664927436881,1.4316811360790147,-1.0427871768490378,-0.2262991435398101,0.29255569570563505,0.6829113136444932,-1.0161329645585022,0
1.2290218621294098,0.9009088760241706,0.8491410419312149,0.17577606059888012,1.1164682504182242,-1.177851894974348,0.06599664927436881,-0.8828162337175963,-1.2475548781531747,-0.34097028968400567,0.8085666669970842,-1.3608180179571436,0.9841231756854657,0
0.21232733076517762,-1.1099901739376037,-1.179024470547907,0.0043182252344702325,0.4405419421828948,0.9048055324001227,0.06599664927436881,1.4316811360790147,-1.0427871768490378,-0.2262991435398101,0.03455021005991044,0.06780831092943747,0.9841231756854657,0
0.0428782422044723,-1.1099901739376037,-0.502969299721533,0.003702322537665223,0.10257878806523006,0.9048055324001227,0.06599664927436881,1.4316811360790147,-1.0427871768490378,-0.2262991435398101,0.8085666669970842,-1.102871597463733,0.9841231756854657,0
0.7206745964472937,0.9009088760241706,-1.179024470547907,0.0009702413441455664,0.4405419421828948,0.9048055324001227,0.06599664927436881,0.2744324511807092,0.23617174441122635,-0.11162799739561437,0.8085666669970842,-1.4997122443766724,0.9841231756854657,0
0.890123685007999,0.9009088760241706,-0.502969299721533,0.01297244774342267,0.4405419421828948,0.9048055324001227,0.06599664927436881,1.4316811360790147,-0.018948670328354386,-0.2262991435398101,0.03455021005991044,-0.38855843302044263,0.9841231756854657,0
1.2290218621294098,-1.1099901739376037,-0.502969299721533,0.17285447088326664,1.2854498274770565,-1.177851894974348,-0.09236184645987515,-1.461440576166749,-1.7510820125076092,-0.45564143582820127,0.8085666669970842,0.38528082845978884,0.9841231756854657,0
0.5512255078865883,0.9009088760241706,0.8491410419312149,0.1750969883947105,0.4405419421828948,-1.177851894974348,0.38271364074285674,-0.8828162337175963,-1.2475548781531747,-0.11162799739561437,1.066572152642809,0.8416475724096689,-1.0161329645585022,0
0.21232733076517762,0.9009088760241706,-0.502969299721533,0.17563392920730975,-0.404365943111267,-1.177851894974348,1.1665881946273644,-0.8828162337175963,-0.21364582894540246,0.5763988794695595,1.066572152642809,0.10749237562073138,0.9841231756854657,0
-0.12657084635623306,0.9009088760241706,0.8491410419312149,0.17501802651050474,-0.06640278899360229,-1.177851894974348,0.06599664927436881,-0.3041918912684436,0.001192415045823164,-0.34097028968400567,0.29255569570563505,-0.44808453005738347,0.9841231756854657,0
0.38177641932588297,-1.1099901739376037,-0.502969299721533,0.026080120521580562,0.2715603651240624,0.9048055324001227,0.06599664927436881,-1.461440576166749,0.001192415045823164,-0.2262991435398101,0.29255569570563505,0.8614896047553159,-1.0161329645585022,0
1.2290218621294098,0.9009088760241706,-0.502969299721533,0.03427636410213953,1.1164682504182242,0.9048055324001227,0.06599664927436881,0.2744324511807092,-0.11965409719924096,-0.2262991435398101,0.29255569570563505,0.4249648931510827,0.9841231756854657,0
0.0428782422044723,-1.1099901739376037,0.8491410419312149,-0.13266485148570029,-0.5733475201700994,-1.177851894974348,1.6495816066168083,0.2744324511807092,1.3103629643673533,1.6084391947673204,1.066572152642809,0.9606997664835506,-1.0161329645585022,1
0.21232733076517762,-1.1099901739376037,-1.179024470547907,0.04105129376699464,0.2715603651240624,0.9048055324001227,0.06599664927436881,0.853056793629862,1.0955247203761276,-0.2262991435398101,0.5505611813513597,-0.5472946917856183,0.9841231756854657,0
0.7206745964472937,0.9009088760241706,0.8491410419312149,-0.0677265979148747,0.4405419421828948,0.9048055324001227,0.06599664927436881,1.4316811360790147,2.102578989084997,-0.11162799739561437,0.29255569570563505,-0.11076998018138517,-1.0161329645585022,1
0.21232733076517762,0.9009088760241706,-0.502969299721533,0.04537840502147085,-0.5733475201700994,0.9048055324001227,0.06599664927436881,0.2744324511807092,-0.11965409719924096,-0.2262991435398101,-0.22345527558581418,1.1194360252487263,0.9841231756854657,0
1.0595727735687044,0.9009088760241706,1.5251962127575889,0.17787644671875363,1.1164682504182242,-1.177851894974348,1.6495816066168083,-0.3041918912684436,0.6893461653302174,0.9204123179021463,0.5505611813513597,-1.5393963090679663,0.9841231756854657,0
1.0595727735687044,0.9009088760241706,-0.502969299721533,0.17525491216312206,1.1164682504182242,-1.177851894974348,-0.2507203421941191,1.4316811360790147,-1.8752853723150364,-0.570312581972397,1.066572152642809,0.821805540064022,0.9841231756854657,0
0.38177641932588297,0.9009088760241706,-0.502969299721533,0.04776305392448512,0.10257878806523006,0.9048055324001227,0.06599664927436881,0.853056793629862,-0.0860856215756121,-0.2262991435398101,0.29255569570563505,-1.7378166325244357,0.9841231756854657,0
-0.12657084635623306,0.9009088760241706,-1.179024470547907,0.045078349861488926,-0.06640278899360229,0.9048055324001227,0.06599664927436881,-1.461440576166749,0.001192415045823164,-0.2262991435398101,-0.22345527558581418,-0.686188918205147,-1.0161329645585022,0
1.0595727735687044,-1.1099901739376037,-0.502969299721533,0.17016976682027043,0.6095235192417271,-1.177851894974348,0.06599664927436881,0.2744324511807092,0.03476089066945202,-0.34097028968400567,1.066572152642809,0.5440170872249644,0.9841231756854657,0
0.0428782422044723,0.9009088760241706,-1.179024470547907,0.05177431764213826,-0.06640278899360229,0.9048055324001227,0.06599664927436881,0.853056793629862,0.001192415045823164,-0.2262991435398101,-0.22345527558581418,0.22654456969461315,-1.0161329645585022,0
0.21232733076517762,-1.1099901739376037,0.8491410419312149,0.05401683515358214,0.10257878806523006,0.9048055324001227,0.06599664927436881,1.4316811360790147,0.5114332445249834,-0.2262991435398101,0.29255569570563505,-0.9838194033898514,0.9841231756854657,0
0.38177641932588297,-1.1099901739376037,-1.179024470547907,0.05839132353858182,0.2715603651240624,0.9048055324001227,0.06599664927436881,1.4316811360790147,-1.0495008719737637,-0.2262991435398101,1.066572152642809,0.0479662785837905,-1.0161329645585022,0
0.21232733076517762,-1.1099901739376037,-0.502969299721533,0.1741968229147647,0.4405419421828948,-1.177851894974348,0.06599664927436881,0.2744324511807092,-1.8752853723150364,-0.34097028968400567,0.8085666669970842,0.286070666731554,0.9841231756854657,0
1.0595727735687044,0.9009088760241706,-1.179024470547907,0.06425029534664999,0.6095235192417271,0.9048055324001227,0.06599664927436881,0.853056793629862,0.3939435798422821,-0.2262991435398101,0.03455021005991044,0.8614896047553159,-1.0161329645585022,0
0.38177641932588297,-1.1099901739376037,-1.179024470547907,0.17917142161972827,0.10257878806523006,-1.177851894974348,0.8577891279455886,-0.3041918912684436,0.6624913848313142,0.23238544103697253,0.5505611813513597,0.9805417988291976,-1.0161329645585022,0
0.890123685007999,0.9009088760241706,0.8491410419312149,0.17945568440286902,1.1164682504182242,-1.177851894974348,0.38271364074285674,0.853056793629862,-1.8752853723150364,-0.11162799739561437,1.066572152642809,1.298014316359549,-1.0161329645585022,0
-0.12657084635623306,0.9009088760241706,1.5251962127575889,0.0807217443919737,-0.404365943111267,0.9048055324001227,0.06599664927436881,0.2744324511807092,-0.11965409719924096,-0.2262991435398101,1.066572152642809,0.12733440796637835,-1.0161329645585022,0
0.21232733076517762,-1.1099901739376037,-0.502969299721533,0.17618666239675013,0.4405419421828948,-1.177851894974348,-0.5476425216958265,-0.8828162337175963,0.001192415045823164,-0.7996548742607882,0.5505611813513597,-0.8250831446246757,0.9841231756854657,0
0.0428782422044723,0.9009088760241706,-1.179024470547907,0.06423450296980883,0.10257878806523006,-1.177851894974348,0.8577891279455886,-0.8828162337175963,-1.4993184453303918,0.4617277333253637,-0.22345527558581418,0.4249648931510827,-1.0161329645585022,1
0.5512255078865883,0.9009088760241706,-0.502969299721533,0.08070595201513255,0.2715603651240624,0.9048055324001227,0.06599664927436881,0.853056793629862,0.001192415045823164,-0.2262991435398101,0.5505611813513597,0.8614896047553159,0.9841231756854657,0
0.890123685007999,-1.1099901739376037,0.8491410419312149,0.1778922390955948,1.2854498274770565,0.21058638994196582,1.1745061194140765,-0.3041918912684436,-1.4993184453303918,0.5763988794695595,-0.22345527558581418,0.5440170872249644,-1.0161329645585022,0
0.21232733076517762,-1.1099901739376037,-0.502969299721533,0.08263262198975334,0.10257878806523006,0.9048055324001227,0.06599664927436881,-0.3041918912684436,0.001192415045823164,-0.2262991435398101,0.5505611813513597,0.9408577341379036,-1.0161329645585022,0
1.2290218621294098,-1.1099901739376037,1.5251962127575889,0.08091125291406755,0.6095235192417271,0.9048055324001227,0.06599664927436881,-0.3041918912684436,0.9981761410676039,-0.2262991435398101,0.29255569570563505,0.782121475372728,0.9841231756854657,0
-0.12657084635623306,-1.1099901739376037,-0.502969299721533,0.17403889914635318,-0.404365943111267,-1.177851894974348,0.06599664927436881,0.2744324511807092,-1.7510820125076092,-0.34097028968400567,0.29255569570563505,-0.44808453005738347,0.9841231756854657,0
0.7206745964472937,0.9009088760241706,-1.179024470547907,0.17596556912097397,0.4405419421828948,-1.177851894974348,-0.7257958293968509,-0.8828162337175963,0.5382880250238866,-1.0289971665491795,1.066572152642809,-1.5195542767223194,0.9841231756854657,0
1.2290218621294098,-1.1099901739376037,-1.179024470547907,0.08496989376224415,1.1164682504182242,0.9048055324001227,0.06599664927436881,1.4316811360790147,1.8273174889712391,-0.2262991435398101,1.066572152642809,1.1194360252487263,0.9841231756854657,0
0.0428782422044723,-1.1099901739376037,-0.502969299721533,0.0774527223858548,-0.06640278899360229,0.9048055324001227,0.06599664927436881,0.2744324511807092,0.830333762949459,-0.2262991435398101,0.8085666669970842,0.9408577341379036,0.9841231756854657,0
0.0428782422044723,-1.1099901739376037,-1.179024470547907,0.17102255516969275,-0.23538436605243465,-1.177851894974348,1.0161476236798326,-0.3041918912684436,-1.623521805137819,0.4617277333253637,0.03455021005991044,-1.678290535487495,0.9841231756854657,0
-0.12657084635623306,0.9009088760241706,0.8491410419312149,0.07860556589525905,-0.23538436605243465,0.9048055324001227,0.06599664927436881,-0.8828162337175963,-0.005521280078902488,-0.2262991435398101,0.03455021005991044,-1.4005020826484376,-1.0161329645585022,0
1.2290218621294098,0.9009088760241706,-1.179024470547907,0.08934438214724383,1.7923945586535535,0.9048055324001227,0.06599664927436881,-0.8828162337175963,-1.4724636648314886,-0.2262991435398101,-0.22345527558581418,0.6035431842619053,-1.0161329645585022,0
0.38177641932588297,-1.1099901739376037,1.5251962127575889,0.17438633143685858,0.10257878806523006,0.21058638994196582,0.06599664927436881,-0.8828162337175963,-1.0495008719737637,-0.34097028968400567,-0.22345527558581418,-1.182239726846321,0.9841231756854657,0
0.38177641932588297,0.9009088760241706,1.5251962127575889,0.17642354804936744,0.10257878806523006,-1.177851894974348,-0.2507203421941191,0.853056793629862,-1.2979075915886182,-0.570312581972397,0.8085666669970842,-1.678290535487495,0.9841231756854657,0
0.7206745964472937,0.9009088760241706,-0.502969299721533,0.17835021802398826,0.6095235192417271,-1.177851894974348,0.06599664927436881,1.4316811360790147,-0.21028898138303903,-0.34097028968400567,1.066572152642809,-0.15045404487267908,-1.0161329645585022,0
0.21232733076517762,-1.1099901739376037,-0.502969299721533,0.1761392852662267,0.2715603651240624,-1.177851894974348,-0.8841543251310949,0.853056793629862,-0.0860856215756121,-1.143668312693375,0.8085666669970842,0.08765034327508442,-1.0161329645585022,0
-0.12657084635623306,0.9009088760241706,-0.502969299721533,0.09562974813002315,-0.404365943111267,0.9048055324001227,0.06599664927436881,0.2744324511807092,0.5114332445249834,-0.2262991435398101,0.03455021005991044,-0.5076106270943244,0.9841231756854657,0
0.890123685007999,0.9009088760241706,0.8491410419312149,0.17454425520527012,0.7785050963005594,-1.177851894974348,0.06599664927436881,0.2744324511807092,-1.0495008719737637,-0.34097028968400567,0.8085666669970842,0.14717644031202531,0.9841231756854657,0
0.38177641932588297,-1.1099901739376037,0.17308587110484092,0.1760287386283386,0.6095235192417271,-1.177851894974348,0.8577891279455886,0.2744324511807092,-1.0495008719737637,0.23238544103697253,0.8085666669970842,2.210747804259309,0.9841231756854657,0
0.21232733076517762,0.9009088760241706,0.8491410419312149,-0.13274381336990607,0.2715603651240624,-1.177851894974348,-1.042512820865339,0.2744324511807092,2.0757242085860943,-1.143668312693375,0.03455021005991044,-2.2933935382025505,-1.0161329645585022,1
0.21232733076517762,-1.1099901739376037,1.5251962127575889,0.10783725542823526,0.2715603651240624,0.9048055324001227,0.06599664927436881,0.2744324511807092,0.860545391010725,-0.2262991435398101,0.03455021005991044,1.0003838311748445,-1.0161329645585022,0
0.21232733076517762,0.9009088760241706,-1.179024470547907,0.1731387336664074,-0.06640278899360229,0.21058638994196582,0.38271364074285674,-0.3041918912684436,-1.173704231781191,-0.11162799739561437,-0.22345527558581418,0.32575473142284794,-1.0161329645585022,0
0.890123685007999,-1.1099901739376037,0.8491410419312149,0.1714489493444039,0.6095235192417271,-1.177851894974348,0.38271364074285674,0.2744324511807092,0.001192415045823164,-0.11162799739561437,0.5505611813513597,-0.686188918205147,0.9841231756854657,0
0.5512255078865883,0.9009088760241706,-0.502969299721533,0.17310714891272508,0.7785050963005594,-1.177851894974348,0.38271364074285674,-0.8828162337175963,-0.21028898138303903,-0.11162799739561437,1.066572152642809,-0.5671367241312653,-1.0161329645585022,0
0.38177641932588297,-1.1099901739376037,-0.502969299721533,0.1762340395272736,-0.23538436605243465,-1.177851894974348,1.8079401023510524,-0.3041918912684436,1.1223795008750308,1.035083464046342,-0.22345527558581418,0.5241750548793175,-1.0161329645585022,0
0.38177641932588297,-1.1099901739376037,0.8491410419312149,0.005249975468098324,0.2715603651240624,0.9048055324001227,0.06599664927436881,-0.8828162337175963,1.2835081838684501,-0.2262991435398101,0.8085666669970842,-0.5671367241312653,-1.0161329645585022,1
0.38177641932588297,-1.1099901739376037,0.8491410419312149,0.11503857926780152,0.10257878806523006,0.9048055324001227,0.06599664927436881,-1.461440576166749,-0.34120603631519225,-0.34097028968400567,0.29255569570563505,-0.26950623894656084,0.9841231756854657,0
1.0595727735687044,0.9009088760241706,0.17308587110484092,0.11585978286354154,0.4405419421828948,0.9048055324001227,0.06599664927436881,-0.3041918912684436,-1.173704231781191,-0.34097028968400567,0.29255569570563505,0.3455967637684949,0.9841231756854657,0
0.0428782422044723,0.9009088760241706,1.5251962127575889,0.1711173094307397,-0.06640278899360229,-1.177851894974348,0.1451758971414908,-0.3041918912684436,0.001192415045823164,-0.2262991435398101,0.8085666669970842,-0.8647672093159696,0.9841231756854657,0
-0.12657084635623306,0.9009088760241706,-1.179024470547907,0.17598136149781513,-0.23538436605243465,-1.177851894974348,-0.8841543251310949,1.4316811360790147,0.16232109803924238,-1.143668312693375,0.29255569570563505,1.1194360252487263,-1.0161329645585022,0
1.0595727735687044,0.9009088760241706,1.5251962127575889,0.16941173273189503,0.7785050963005594,-1.177851894974348,-0.5674373336626071,-1.461440576166749,-1.173704231781191,-0.7996548742607882,0.29255569570563505,1.4567505751247247,0.9841231756854657,0
0.0428782422044723,-1.1099901739376037,0.8491410419312149,0.0033706826240009874,0.10257878806523006,0.9048055324001227,0.06599664927436881,-1.461440576166749,1.575553921794022,-0.2262991435398101,-0.22345527558581418,-0.11076998018138517,-1.0161329645585022,1
-0.12657084635623306,0.9009088760241706,-0.502969299721533,0.17732371352931323,-0.404365943111267,0.21058638994196582,2.4413740852880284,-0.3041918912684436,0.954537122756886,1.4937680486231246,1.066572152642809,-0.3488743683291487,0.9841231756854657,0
0.21232733076517762,0.9009088760241706,-0.502969299721533,0.18136656200064868,0.10257878806523006,-1.177851894974348,-0.8524826259842462,-0.3041918912684436,-0.005521280078902488,-1.0289971665491795,0.03455021005991044,-1.2417658238832618,0.9841231756854657,0
0.0428782422044723,0.9009088760241706,-0.502969299721533,0.057017386753401414,0.10257878806523006,-1.177851894974348,2.4413740852880284,-1.461440576166749,2.820944367430657,1.8377814870557112,-0.22345527558581418,0.8416475724096689,-1.0161329645585022,1
1.0595727735687044,0.9009088760241706,-1.179024470547907,0.13607402522021878,0.2715603651240624,0.9048055324001227,0.06599664927436881,0.853056793629862,0.03476089066945202,-0.34097028968400567,1.066572152642809,0.305912699077201,0.9841231756854657,0
0.7206745964472937,-1.1099901739376037,-1.179024470547907,0.14046430598205958,0.2715603651240624,0.9048055324001227,0.06599664927436881,-1.461440576166749,-0.811164695045998,-0.34097028968400567,0.5505611813513597,0.2463866020402601,0.9841231756854657,0
0.7206745964472937,0.9009088760241706,-1.179024470547907,0.17301239465167817,0.6095235192417271,-1.177851894974348,1.6495816066168083,1.4316811360790147,1.8273174889712391,0.9204123179021463,0.5505611813513597,0.008282213892496587,0.9841231756854657,0
0.0428782422044723,0.9009088760241706,-0.502969299721533,0.17786065434191248,-0.23538436605243465,-1.177851894974348,0.0026532509806712224,-1.461440576166749,-0.12972463988633004,-0.34097028968400567,0.29255569570563505,-0.5671367241312653,0.9841231756854657,0
0.0428782422044723,0.9009088760241706,0.8491410419312149,0.16045745506296066,0.6095235192417271,0.9048055324001227,0.06599664927436881,-0.3041918912684436,0.23617174441122635,-0.34097028968400567,0.5505611813513597,-1.7576586648700827,0.9841231756854657,0
0.890123685007999,0.9009088760241706,-0.502969299721533,0.15298766081709478,0.9474866733593919,0.9048055324001227,0.06599664927436881,-0.3041918912684436,0.001192415045823164,-0.34097028968400567,0.5505611813513597,0.20670253734896618,-1.0161329645585022,0
0.890123685007999,0.9009088760241706,-1.179024470547907,0.16800621119303233,1.2854498274770565,0.9048055324001227,0.06599664927436881,-0.3041918912684436,1.9750187817152072,-0.34097028968400567,1.066572152642809,0.7027533459901402,-1.0161329645585022,0
-0.12657084635623306,-1.1099901739376037,-0.502969299721533,0.17088042377812238,-0.404365943111267,-1.177851894974348,1.673335380976945,0.853056793629862,0.11868207972852446,0.9204123179021463,0.03455021005991044,0.6432272489531993,0.9841231756854657,0
0.890123685007999,-1.1099901739376037,1.5251962127575889,0.17511278077155165,1.1164682504182242,0.9048055324001227,0.06599664927436881,-0.3041918912684436,0.001192415045823164,-0.34097028968400567,0.03455021005991044,1.0003838311748445,0.9841231756854657,0
0.0428782422044723,0.9009088760241706,0.8491410419312149,0.17459163233579358,0.6095235192417271,0.9048055324001227,0.06599664927436881,1.4316811360790147,-1.0427871768490378,-0.34097028968400567,-0.22345527558581418,0.6630692812988462,-1.0161329645585022,0
1.2290218621294098,-1.1099901739376037,-1.179024470547907,0.17517595027891628,1.4544314045358888,0.21058638994196582,2.4413740852880284,0.2744324511807092,-0.005521280078902488,1.4937680486231246,0.29255569570563505,1.0003838311748445,-1.0161329645585022,0
-0.12657084635623306,0.9009088760241706,-1.179024470547907,0.17599715387465628,-0.404365943111267,-1.177851894974348,-0.17154109432699713,-0.3041918912684436,2.0757242085860943,-0.570312581972397,-0.22345527558581418,-0.8647672093159696,-1.0161329645585022,0
0.21232733076517762,0.9009088760241706,-1.179024470547907,0.17440212381369974,-0.06640278899360229,-1.177851894974348,0.7627740305050422,-1.461440576166749,0.9780350556934264,0.23238544103697253,0.8085666669970842,1.0400678958661385,-1.0161329645585022,0
0.7206745964472937,0.9009088760241706,-1.179024470547907,0.1754128359315336,0.6095235192417271,-1.177851894974348,1.9662985980852963,0.853056793629862,0.9780350556934264,1.1497546101905376,1.066572152642809,0.4249648931510827,0.9841231756854657,0
0.7206745964472937,0.9009088760241706,-1.179024470547907,0.17855551892292326,0.6095235192417271,0.9048055324001227,0.06599664927436881,-0.3041918912684436,-1.2475548781531747,-0.34097028968400567,1.066572152642809,1.4765926074703717,0.9841231756854657,0
0.7206745964472937,-1.1099901739376037,-0.502969299721533,0.17934513776498096,0.9474866733593919,-1.177851894974348,-1.2008713165995828,-0.8828162337175963,1.5587696839822078,-1.3730106049817663,1.066572152642809,-0.011559818453150373,-1.0161329645585022,0
0.38177641932588297,-1.1099901739376037,-1.179024470547907,0.17782906958823017,0.2715603651240624,0.9048055324001227,0.06599664927436881,-0.3041918912684436,-1.2475548781531747,-0.34097028968400567,0.8085666669970842,-1.142555662155027,0.9841231756854657,0
-0.12657084635623306,-1.1099901739376037,-1.179024470547907,0.17310714891272508,-0.06640278899360229,0.9048055324001227,0.06599664927436881,-0.8828162337175963,-0.46205254856025635,-0.34097028968400567,0.8085666669970842,0.06780831092943747,-1.0161329645585022,0
1.0595727735687044,0.9009088760241706,-0.502969299721533,0.1795346462870748,1.2854498274770565,0.9048055324001227,0.06599664927436881,0.853056793629862,-0.33784918875282943,-0.34097028968400567,0.5505611813513597,1.1988041546313142,0.9841231756854657,0
-0.12657084635623306,0.9009088760241706,1.5251962127575889,0.1750022341336636,0.6095235192417271,-1.177851894974348,2.1563287929663892,-0.3041918912684436,0.001192415045823164,1.2644257563347332,0.8085666669970842,1.4170665104334308,0.9841231756854657,0
1.0595727735687044,0.9009088760241706,-0.502969299721533,-0.133249169428823,0.2715603651240624,-1.177851894974348,0.38271364074285674,0.2744324511807092,3.018998373610068,0.3470565871811683,1.066572152642809,-0.17029607721832604,-1.0161329645585022,1
0.7206745964472937,0.9009088760241706,0.8491410419312149,0.17607611575886206,0.4405419421828948,-1.177851894974348,0.8577891279455886,0.853056793629862,0.860545391010725,0.23238544103697253,0.03455021005991044,-0.09092794783573821,0.9841231756854657,0
0.5512255078865883,0.9009088760241706,-0.502969299721533,0.17204905966436776,0.4405419421828948,-1.177851894974348,0.952804225386135,1.4316811360790147,0.27645391515958084,0.3470565871811683,-0.22345527558581418,0.8614896047553159,0.9841231756854657,0
0.38177641932588297,-1.1099901739376037,0.8491410419312149,0.1779554086029594,-0.06640278899360229,-1.177851894974348,0.8577891279455886,1.4316811360790147,0.15896425047687956,0.23238544103697253,0.29255569570563505,-0.5472946917856183,0.9841231756854657,0
0.0428782422044723,0.9009088760241706,-0.502969299721533,0.18068748979647906,-0.7423290972289317,-1.177851894974348,1.6495816066168083,0.2744324511807092,0.3939435798422821,0.9204123179021463,-0.22345527558581418,1.0400678958661385,-1.0161329645585022,0
0.0428782422044723,0.9009088760241706,-0.502969299721533,0.17201747491068545,0.2715603651240624,-1.177851894974348,-0.5674373336626071,-0.3041918912684436,0.15896425047687956,-0.7996548742607882,0.5505611813513597,0.7225953783357871,0.9841231756854657,0
-0.12657084635623306,-1.1099901739376037,-0.502969299721533,0.16975916502240043,0.4405419421828948,-1.177851894974348,1.3328646151483206,0.853056793629862,0.860545391010725,0.6910700256137552,0.8085666669970842,-0.15045404487267908,0.9841231756854657,0
0.5512255078865883,-1.1099901739376037,1.5251962127575889,0.17486010274209318,0.4405419421828948,0.9048055324001227,0.06599664927436881,0.2744324511807092,0.8269769153870962,-0.34097028968400567,0.03455021005991044,-0.32903233598350173,0.9841231756854657,0
0.0428782422044723,0.9009088760241706,-1.179024470547907,0.18179295617535984,-0.404365943111267,-1.177851894974348,0.034324950127520015,0.2744324511807092,0.001192415045823164,-0.34097028968400567,0.29255569570563505,0.7424374106814341,-1.0161329645585022,0
0.21232733076517762,0.9009088760241706,-0.502969299721533,0.16862211388983733,0.2715603651240624,-1.177851894974348,0.06599664927436881,-1.461440576166749,0.15896425047687956,-0.34097028968400567,1.066572152642809,-0.5076106270943244,0.9841231756854657,0
0.0428782422044723,-1.1099901739376037,-0.502969299721533,0.2191893045352127,-0.23538436605243465,0.9048055324001227,0.06599664927436881,0.853056793629862,-0.6063969937418614,-0.34097028968400567,0.29255569570563505,0.801963507718375,0.9841231756854657,0
0.5512255078865883,-1.1099901739376037,-1.179024470547907,-0.0976531520288617,0.4405419421828948,0.9048055324001227,0.06599664927436881,0.2744324511807092,1.8407448792206904,0.003043148748581378,0.03455021005991044,0.008282213892496587,-1.0161329645585022,1
0.5512255078865883,-1.1099901739376037,1.5251962127575889,0.17961360817128058,0.10257878806523006,-1.177851894974348,-0.2507203421941191,1.4316811360790147,2.4181226599471097,-0.570312581972397,0.29255569570563505,-1.0433455004267922,-1.0161329645585022,0
1.0595727735687044,-1.1099901739376037,-1.179024470547907,0.17560234445362743,0.6095235192417271,-1.177851894974348,-0.18737694390042153,-1.461440576166749,0.001192415045823164,-0.570312581972397,0.5505611813513597,-0.8052411122790287,-1.0161329645585022,0
0.21232733076517762,0.9009088760241706,-0.502969299721533,0.1763445861651617,0.10257878806523006,-1.177851894974348,0.38271364074285674,0.2744324511807092,-0.46205254856025635,-0.11162799739561437,0.03455021005991044,0.305912699077201,0.9841231756854657,0
0.7206745964472937,0.9009088760241706,1.5251962127575889,0.1766762260788259,0.4405419421828948,-1.177851894974348,0.06599664927436881,-0.8828162337175963,0.2965950005337584,-0.34097028968400567,-0.22345527558581418,0.26622863438590705,-1.0161329645585022,0
0.5512255078865883,-1.1099901739376037,-0.502969299721533,0.24074589892338805,0.10257878806523006,0.9048055324001227,0.06599664927436881,-0.8828162337175963,0.1354663175403392,-0.34097028968400567,0.5505611813513597,1.0995939929030794,0.9841231756854657,0
1.2290218621294098,0.9009088760241706,-1.179024470547907,0.24535727296100504,1.9613761357123858,0.9048055324001227,0.06599664927436881,0.2744324511807092,-1.173704231781191,-0.45564143582820127,0.5505611813513597,-1.4997122443766724,0.9841231756854657,0
0.890123685007999,-1.1099901739376037,-0.502969299721533,0.17335982694218355,1.2854498274770565,-1.177851894974348,-0.8841543251310949,1.4316811360790147,1.0418151593783211,-1.143668312693375,0.29255569570563505,1.0797519605574324,-1.0161329645585022,0
0.0428782422044723,0.9009088760241706,0.8491410419312149,0.1736914668558478,-0.06640278899360229,-1.177851894974348,0.06599664927436881,1.4316811360790147,0.4040141225293712,-0.34097028968400567,-0.22345527558581418,-0.17029607721832604,-1.0161329645585022,0
0.0428782422044723,-1.1099901739376037,0.8491410419312149,0.25821226770970446,-0.06640278899360229,0.9048055324001227,0.06599664927436881,0.2744324511807092,-1.1233515183457474,-0.45564143582820127,1.066572152642809,0.5638591195706114,0.9841231756854657,0
0.21232733076517762,-1.1099901739376037,-0.502969299721533,0.27046715213844,0.4405419421828948,0.9048055324001227,0.06599664927436881,-0.8828162337175963,2.102578989084997,-0.45564143582820127,0.5505611813513597,0.8416475724096689,-1.0161329645585022,0
0.38177641932588297,0.9009088760241706,0.8491410419312149,0.057949136987029505,-0.06640278899360229,-1.177851894974348,-0.17154109432699713,-0.3041918912684436,0.001192415045823164,-0.45564143582820127,-0.22345527558581418,-0.7060309505507939,-1.0161329645585022,1
1.0595727735687044,0.9009088760241706,-1.179024470547907,0.26901425346905383,1.1164682504182242,0.9048055324001227,0.06599664927436881,-1.461440576166749,-0.3680608168140954,-0.45564143582820127,0.29255569570563505,0.5043330225336705,-1.0161329645585022,0
0.0428782422044723,-1.1099901739376037,-1.179024470547907,0.17615507764306784,0.10257878806523006,-0.4836327525161911,-0.3774071387815143,1.4316811360790147,1.357358830240434,-0.6849837281165926,0.03455021005991044,0.9011736694466097,0.9841231756854657,0
0.5512255078865883,-1.1099901739376037,-1.179024470547907,0.1747179713505228,0.4405419421828948,-1.177851894974348,1.6495816066168083,-0.8828162337175963,1.253296555807184,0.9204123179021463,1.066572152642809,0.6035431842619053,-1.0161329645585022,0
0.5512255078865883,0.9009088760241706,-1.179024470547907,0.2698196646879527,0.6095235192417271,0.9048055324001227,0.06599664927436881,0.853056793629862,0.001192415045823164,-0.45564143582820127,0.8085666669970842,-0.9044512740072636,-1.0161329645585022,0
-0.12657084635623306,0.9009088760241706,0.8491410419312149,0.1751285731483928,0.10257878806523006,0.21058638994196582,-0.5674373336626071,-0.3041918912684436,0.8269769153870962,-0.7996548742607882,0.29255569570563505,0.40512286080543575,0.9841231756854657,0
-0.12657084635623306,0.9009088760241706,-1.179024470547907,0.17552338256942165,-0.404365943111267,-1.177851894974348,-0.8524826259842462,-0.8828162337175963,-0.5661148229935064,-1.0289971665491795,0.5505611813513597,-0.6068207888225592,0.9841231756854657,0
-0.12657084635623306,0.9009088760241706,-0.502969299721533,0.17863448080712901,-0.06640278899360229,-1.177851894974348,-0.2507203421941191,1.4316811360790147,-0.018948670328354386,-0.570312581972397,0.29255569570563505,0.22654456969461315,0.9841231756854657,0
0.890123685007999,-1.1099901739376037,-0.502969299721533,0.18150869339221906,0.7785050963005594,-1.177851894974348,0.8577891279455886,-0.3041918912684436,0.4040141225293712,0.23238544103697253,1.066572152642809,1.0202258635204915,0.9841231756854657,0
1.0595727735687044,-1.1099901739376037,-1.179024470547907,0.1746232170894759,0.7785050963005594,-1.177851894974348,-0.4882580857954851,-1.461440576166749,-0.5459737376193288,-0.7996548742607882,0.29255569570563505,0.5241750548793175,0.9841231756854657,0
0.5512255078865883,-1.1099901739376037,-0.502969299721533,0.26498719737455956,0.4405419421828948,0.9048055324001227,0.06599664927436881,1.4316811360790147,-1.1233515183457474,-0.45564143582820127,0.29255569570563505,0.7027533459901402,0.9841231756854657,0
-0.12657084635623306,0.9009088760241706,-1.179024470547907,0.16964861838451234,-0.404365943111267,-1.177851894974348,-0.8999901747045194,-0.3041918912684436,-0.16664996307232172,-1.143668312693375,0.5505611813513597,-0.8647672093159696,0.9841231756854657,0
-0.12657084635623306,-1.1099901739376037,-1.179024470547907,-0.1328069828772707,-0.06640278899360229,-1.177851894974348,-0.3298995900612411,0.2744324511807092,1.3640725253651598,-0.45564143582820127,0.8085666669970842,0.7622794430270811,-1.0161329645585022,1
0.0428782422044723,-1.1099901739376037,0.8491410419312149,0.17752901442824823,-0.23538436605243465,-1.177851894974348,0.8973787518791496,1.4316811360790147,0.1119683846037988,0.3470565871811683,-0.22345527558581418,0.7225953783357871,0.9841231756854657,0
0.890123685007999,0.9009088760241706,-0.502969299721533,0.17714999738406054,0.6095235192417271,0.21058638994196582,-0.5674373336626071,0.853056793629862,-1.1166378232210217,-0.7996548742607882,0.29255569570563505,0.801963507718375,0.9841231756854657,0
0.21232733076517762,0.9009088760241706,0.8491410419312149,0.17598136149781513,0.4405419421828948,-1.177851894974348,-1.042512820865339,0.853056793629862,-0.522475804682789,-1.2583394588375707,1.066572152642809,-2.987864670300194,0.9841231756854657,0
0.38177641932588297,0.9009088760241706,0.8491410419312149,0.0561961831576614,0.10257878806523006,-1.177851894974348,0.6994306322113446,-1.461440576166749,-0.29085332287974863,0.3470565871811683,1.066572152642809,0.7225953783357871,-1.0161329645585022,1
0.5512255078865883,-1.1099901739376037,-1.179024470547907,0.26437129467775455,0.4405419421828948,0.9048055324001227,0.06599664927436881,-0.3041918912684436,-0.811164695045998,-0.45564143582820127,0.03455021005991044,0.286070666731554,0.9841231756854657,0
-0.12657084635623306,0.9009088760241706,-1.179024470547907,0.17227015294014392,0.10257878806523006,-1.177851894974348,1.8079401023510524,-0.8828162337175963,1.407711543675877,1.035083464046342,0.5505611813513597,1.0599099282117854,0.9841231756854657,0
-0.12657084635623306,0.9009088760241706,-0.502969299721533,0.1703908600960466,-0.23538436605243465,0.21058638994196582,-0.3298995900612411,-0.3041918912684436,-0.8816584938556186,-0.6849837281165926,0.03455021005991044,1.0797519605574324,0.9841231756854657,0
0.21232733076517762,0.9009088760241706,-1.179024470547907,0.06000214597637953,0.4405419421828948,-1.177851894974348,2.4413740852880284,-0.3041918912684436,0.6020681287087821,1.8377814870557112,-0.22345527558581418,0.821805540064022,-1.0161329645585022,1
-0.12657084635623306,-1.1099901739376037,-0.502969299721533,0.2707987920521043,-0.7423290972289317,0.9048055324001227,0.06599664927436881,0.853056793629862,1.407711543675877,-0.45564143582820127,0.29255569570563505,-1.5790803737592602,0.9841231756854657,0
1.2290218621294098,-1.1099901739376037,0.8491410419312149,0.1732808650579778,1.6234129815947211,-1.177851894974348,-0.7257958293968509,0.853056793629862,-0.7742393718600064,-0.9143260204049839,0.8085666669970842,-2.8092863791893716,0.9841231756854657,0
1.2290218621294098,-1.1099901739376037,0.8491410419312149,0.27070403779105734,1.9613761357123858,0.9048055324001227,0.06599664927436881,-0.8828162337175963,-1.173704231781191,-0.45564143582820127,1.066572152642809,0.40512286080543575,0.9841231756854657,0
0.38177641932588297,0.9009088760241706,0.8491410419312149,0.2921816702950269,0.2715603651240624,0.9048055324001227,0.06599664927436881,1.4316811360790147,-1.3751150855229646,-0.45564143582820127,0.8085666669970842,-0.40840046536608954,0.9841231756854657,0
-0.12657084635623306,-1.1099901739376037,-0.502969299721533,0.17669201845566707,0.10257878806523006,-1.177851894974348,1.3407825399350326,0.2744324511807092,-0.33784918875282943,0.6910700256137552,1.066572152642809,0.821805540064022,0.9841231756854657,0
0.7206745964472937,-1.1099901739376037,-0.502969299721533,0.18004000234599174,0.4405419421828948,-1.177851894974348,0.8577891279455886,-0.8828162337175963,0.19253272610050842,0.23238544103697253,-0.22345527558581418,0.08765034327508442,0.9841231756854657,0
-0.12657084635623306,-1.1099901739376037,-0.502969299721533,0.18484088490570258,-0.23538436605243465,-1.177851894974348,-0.5674373336626071,0.2744324511807092,-1.0964967378468442,-0.7996548742607882,0.8085666669970842,0.782121475372728,0.9841231756854657,0
-0.12657084635623306,0.9009088760241706,-1.179024470547907,0.18411443557100948,0.10257878806523006,-1.177851894974348,-0.09236184645987515,-0.8828162337175963,-1.0427871768490378,-0.45564143582820127,-0.22345527558581418,1.5361187045073124,-1.0161329645585022,0
0.0428782422044723,0.9009088760241706,-1.179024470547907,0.18452503736887949,-0.404365943111267,-1.177851894974348,-0.963333572998217,-0.8828162337175963,1.3103629643673533,-1.143668312693375,0.8085666669970842,0.7622794430270811,0.9841231756854657,0
1.2290218621294098,-1.1099901739376037,-0.502969299721533,0.1911262508884819,0.6095235192417271,-1.177851894974348,1.9662985980852963,-0.3041918912684436,-0.37813135950118393,1.1497546101905376,0.5505611813513597,-1.9362369559809054,0.9841231756854657,0
0.21232733076517762,0.9009088760241706,-0.502969299721533,0.3278408572023528,-0.06640278899360229,0.9048055324001227,0.06599664927436881,-0.8828162337175963,0.3301634761573873,-0.45564143582820127,0.03455021005991044,1.5162766721616654,-1.0161329645585022,0
-0.12657084635623306,0.9009088760241706,0.8491410419312149,0.1882046611728684,-0.404365943111267,-1.177851894974348,2.4413740852880284,0.853056793629862,0.8739727812601764,1.4937680486231246,0.03455021005991044,0.7424374106814341,-1.0161329645585022,0
0.0428782422044723,0.9009088760241706,-0.502969299721533,0.3292147939875332,-0.06640278899360229,0.9048055324001227,0.06599664927436881,-1.461440576166749,0.2865244578466693,-0.45564143582820127,1.066572152642809,0.3455967637684949,-1.0161329645585022,0
0.0428782422044723,0.9009088760241706,1.5251962127575889,0.004823581293387163,-0.404365943111267,0.9048055324001227,0.06599664927436881,0.2744324511807092,1.451350561986595,-0.2262991435398101,-0.22345527558581418,0.22654456969461315,-1.0161329645585022,1
-0.12657084635623306,0.9009088760241706,0.17308587110484092,0.18687810151821146,-0.23538436605243465,-1.177851894974348,0.06599664927436881,0.2744324511807092,-0.6936750303632967,-0.34097028968400567,1.066572152642809,1.6154868338899002,-1.0161329645585022,0
0.38177641932588297,-1.1099901739376037,0.8491410419312149,0.18619902931404184,0.7785050963005594,-1.177851894974348,0.06599664927436881,-0.3041918912684436,0.830333762949459,-0.34097028968400567,0.5505611813513597,-0.24966420660091387,0.9841231756854657,0
0.890123685007999,-1.1099901739376037,-1.179024470547907,0.18389334229523333,0.7785050963005594,-1.177851894974348,1.9662985980852963,-0.8828162337175963,-0.25392799969375696,1.1497546101905376,1.066572152642809,0.12733440796637835,0.9841231756854657,0
-0.12657084635623306,0.9009088760241706,0.8491410419312149,0.22883844678515786,-0.06640278899360229,0.9048055324001227,0.06599664927436881,1.4316811360790147,0.954537122756886,-0.34097028968400567,-0.22345527558581418,0.7622794430270811,-1.0161329645585022,1
0.21232733076517762,0.9009088760241706,-1.179024470547907,-0.11374558402999771,0.4405419421828948,-1.177851894974348,0.0026532509806712224,0.2744324511807092,0.8941138666343539,-0.11162799739561437,1.066572152642809,0.286070666731554,-1.0161329645585022,1
-0.12657084635623306,0.9009088760241706,-0.502969299721533,0.18880477149283226,-0.404365943111267,-1.177851894974348,-0.8841543251310949,-1.461440576166749,-0.5661148229935064,-1.143668312693375,0.8085666669970842,1.1392780575943733,0.9841231756854657,0
0.890123685007999,-1.1099901739376037,1.5251962127575889,0.2311283414271252,0.4405419421828948,0.9048055324001227,0.06599664927436881,-0.3041918912684436,0.6893461653302174,-0.34097028968400567,0.8085666669970842,1.1789621222856672,-1.0161329645585022,1
0.38177641932588297,-1.1099901739376037,-0.502969299721533,-0.1150879360614958,0.2715603651240624,-1.177851894974348,1.1745061194140765,0.2744324511807092,1.9750187817152072,1.035083464046342,0.5505611813513597,0.46464895784237664,-1.0161329645585022,1
0.21232733076517762,0.9009088760241706,-0.502969299721533,0.19562707828821083,-0.06640278899360229,0.21058638994196582,-0.2507203421941191,1.4316811360790147,-0.08944246913797492,-0.570312581972397,1.066572152642809,0.8416475724096689,-1.0161329645585022,0
0.7206745964472937,-1.1099901739376037,0.8491410419312149,0.35486161397756744,0.9474866733593919,0.9048055324001227,0.06599664927436881,-1.461440576166749,-0.37813135950118393,-0.45564143582820127,1.066572152642809,-0.6068207888225592,0.9841231756854657,0
0.890123685007999,-1.1099901739376037,1.5251962127575889,0.36313681944233217,1.6234129815947211,0.9048055324001227,0.06599664927436881,-0.8828162337175963,-1.0092187012254088,-0.45564143582820127,1.066572152642809,-0.30919030363785477,0.9841231756854657,0
-0.12657084635623306,0.9009088760241706,-1.179024470547907,0.36929584641038227,-0.06640278899360229,0.9048055324001227,0.06599664927436881,0.853056793629862,-0.16664996307232172,-0.45564143582820127,0.29255569570563505,-0.3488743683291487,0.9841231756854657,0
0.21232733076517762,0.9009088760241706,0.8491410419312149,0.19537440025875236,0.4405419421828948,0.21058638994196582,2.91644957249076,0.2744324511807092,1.934736610966852,1.8377814870557112,1.066572152642809,-0.051243883144444294,-1.0161329645585022,0
0.890123685007999,-1.1099901739376037,-0.502969299721533,0.36661114234738607,0.6095235192417271,0.9048055324001227,0.06599664927436881,0.853056793629862,0.001192415045823164,-0.45564143582820127,-0.22345527558581418,1.1789621222856672,0.9841231756854657,0
0.38177641932588297,0.9009088760241706,-0.502969299721533,0.3638948535307076,0.6095235192417271,0.9048055324001227,0.06599664927436881,-0.3041918912684436,-1.4724636648314886,-0.45564143582820127,0.8085666669970842,1.694854963272488,0.9841231756854657,0
-0.12657084635623306,0.9009088760241706,-1.179024470547907,0.19546915451979927,0.2715603651240624,-1.177851894974348,-0.5040939353689095,-0.8828162337175963,-0.11965409719924096,-0.7996548742607882,0.29255569570563505,0.5638591195706114,0.9841231756854657,0
0.0428782422044723,0.9009088760241706,-0.502969299721533,0.07513124299020515,-0.5733475201700994,-1.177851894974348,-0.09236184645987515,-1.461440576166749,-1.8752853723150364,-0.34097028968400567,0.29255569570563505,-1.2616078562289088,-1.0161329645585022,1
1.0595727735687044,0.9009088760241706,-1.179024470547907,0.36841147330727764,1.2854498274770565,0.9048055324001227,0.06599664927436881,-0.3041918912684436,0.6255660616453219,-0.45564143582820127,0.29255569570563505,-0.32903233598350173,0.9841231756854657,0
0.38177641932588297,0.9009088760241706,1.5251962127575889,0.3626472557602564,-0.06640278899360229,0.9048055324001227,0.06599664927436881,-1.461440576166749,0.7229146409538463,-0.45564143582820127,1.066572152642809,0.4448069254967297,0.9841231756854657,0
-0.12657084635623306,-1.1099901739376037,0.8491410419312149,0.1947427051851062,-0.06640278899360229,-1.177851894974348,0.38271364074285674,-1.461440576166749,0.001192415045823164,-0.11162799739561437,0.03455021005991044,-1.102871597463733,-1.0161329645585022,0
1.2290218621294098,0.9009088760241706,-0.502969299721533,0.20069643125422126,1.7923945586535535,-1.177851894974348,0.06599664927436881,0.853056793629862,-1.8752853723150364,-0.34097028968400567,1.066572152642809,1.6750129309268411,0.9841231756854657,0
0.38177641932588297,0.9009088760241706,-0.502969299721533,0.1961482267239689,0.6095235192417271,-1.177851894974348,-0.527847709729046,-0.3041918912684436,-1.0495008719737637,-0.7996548742607882,1.066572152642809,-2.9283385732632534,0.9841231756854657,0
-0.12657084635623306,0.9009088760241706,-0.502969299721533,0.3690431683809238,-0.06640278899360229,0.9048055324001227,0.06599664927436881,0.2744324511807092,-0.34120603631519225,-0.45564143582820127,0.8085666669970842,-0.3488743683291487,0.9841231756854657,0
-0.12657084635623306,-1.1099901739376037,-1.179024470547907,0.19632194286922158,-0.404365943111267,-1.177851894974348,0.06599664927436881,-1.461440576166749,-0.005521280078902488,-0.34097028968400567,0.8085666669970842,-2.49181386165902,0.9841231756854657,0
0.21232733076517762,0.9009088760241706,-1.179024470547907,0.4249797671522916,-0.06640278899360229,0.9048055324001227,0.06599664927436881,-0.3041918912684436,-1.173704231781191,-0.570312581972397,-0.22345527558581418,-0.6266628211682062,0.9841231756854657,0
-0.12657084635623306,0.9009088760241706,-1.179024470547907,0.42112642720305,-0.5733475201700994,0.9048055324001227,0.06599664927436881,1.4316811360790147,-1.173704231781191,-0.570312581972397,0.29255569570563505,0.46464895784237664,-1.0161329645585022,0
0.5512255078865883,-1.1099901739376037,-1.179024470547907,0.43562382914322945,0.7785050963005594,0.9048055324001227,0.06599664927436881,1.4316811360790147,-0.005521280078902488,-0.570312581972397,0.8085666669970842,-0.7655570475877348,0.9841231756854657,0
-0.12657084635623306,0.9009088760241706,-1.179024470547907,0.4568645759945817,-0.06640278899360229,0.9048055324001227,0.06599664927436881,-0.8828162337175963,-0.33784918875282943,-0.570312581972397,-0.22345527558581418,-3.087074832028429,0.9841231756854657,0
1.0595727735687044,-1.1099901739376037,-0.502969299721533,0.07934780760679329,0.9474866733593919,-1.177851894974348,1.1745061194140765,-1.461440576166749,0.04483143335654109,0.6910700256137552,0.5505611813513597,0.7027533459901402,-1.0161329645585022,1
0.5512255078865883,0.9009088760241706,-0.502969299721533,0.23104937954291943,1.2854498274770565,0.9048055324001227,0.06599664927436881,-0.8828162337175963,1.0955247203761276,-0.34097028968400567,1.066572152642809,1.5162766721616654,-1.0161329645585022,1
-0.12657084635623306,0.9009088760241706,-1.179024470547907,0.46482393392252336,0.10257878806523006,0.9048055324001227,0.06599664927436881,1.4316811360790147,1.0955247203761276,-0.570312581972397,0.5505611813513597,-0.03140185079879733,0.9841231756854657,0
0.38177641932588297,0.9009088760241706,-1.179024470547907,0.1953586078819112,0.2715603651240624,-1.177851894974348,0.38271364074285674,-0.3041918912684436,0.04483143335654109,-0.11162799739561437,-0.22345527558581418,0.9011736694466097,-1.0161329645585022,0
0.21232733076517762,-1.1099901739376037,-1.179024470547907,0.19726948547969084,0.10257878806523006,-1.177851894974348,-0.7574675285436998,0.2744324511807092,-1.3482603050240614,-1.0289971665491795,0.29255569570563505,-0.09092794783573821,-1.0161329645585022,0
0.38177641932588297,-1.1099901739376037,0.8491410419312149,0.20115441018261473,0.2715603651240624,-1.177851894974348,-1.01084112171849,-0.3041918912684436,-0.8447331706696268,-1.2583394588375707,0.29255569570563505,0.12733440796637835,0.9841231756854657,0
0.21232733076517762,0.9009088760241706,-1.179024470547907,0.19875396890275931,0.4405419421828948,-1.177851894974348,1.6495816066168083,-0.8828162337175963,-1.3751150855229646,0.9204123179021463,0.29255569570563505,-0.7258729828964409,0.9841231756854657,0
0.890123685007999,-1.1099901739376037,-0.502969299721533,0.19409521773461888,0.7785050963005594,-1.177851894974348,0.12934004756806639,0.2744324511807092,-1.1233515183457474,-0.34097028968400567,-0.22345527558581418,0.028124246238143545,0.9841231756854657,0
-0.12657084635623306,-1.1099901739376037,-0.502969299721533,0.4563434275588236,-0.23538436605243465,0.9048055324001227,0.06599664927436881,-0.3041918912684436,-1.1804179269059165,-0.570312581972397,1.066572152642809,1.337698381050843,-1.0161329645585022,0
0.38177641932588297,-1.1099901739376037,-0.502969299721533,0.45882283072288477,0.7785050963005594,0.9048055324001227,0.06599664927436881,0.853056793629862,1.5486991412951188,-0.570312581972397,0.03455021005991044,-1.8370267942526706,0.9841231756854657,0
0.38177641932588297,0.9009088760241706,1.5251962127575889,0.2030968725340767,-0.404365943111267,-1.177851894974348,0.38271364074285674,0.2744324511807092,-1.4993184453303918,-0.11162799739561437,-0.22345527558581418,-0.17029607721832604,0.9841231756854657,0
-0.12657084635623306,0.9009088760241706,1.5251962127575889,0.4555538087167659,-0.06640278899360229,0.9048055324001227,0.06599664927436881,-1.461440576166749,-1.1233515183457474,-0.570312581972397,0.29255569570563505,1.6154868338899002,0.9841231756854657,0
0.0428782422044723,-1.1099901739376037,-1.179024470547907,0.20985600982209066,0.2715603651240624,-1.177851894974348,0.06599664927436881,0.2744324511807092,0.4745079213389917,-0.34097028968400567,0.29255569570563505,0.5440170872249644,0.9841231756854657,0
0.21232733076517762,-1.1099901739376037,-0.502969299721533,0.20191244427099014,0.10257878806523006,-1.177851894974348,0.6162924219508665,-0.8828162337175963,-0.6936750303632967,0.1177142948927768,0.8085666669970842,1.2186461869769611,0.9841231756854657,0
0.7206745964472937,0.9009088760241706,-0.502969299721533,0.4622497764974152,0.7785050963005594,0.9048055324001227,0.06599664927436881,-1.461440576166749,0.03811773823181484,-0.570312581972397,0.5505611813513597,-0.38855843302044263,0.9841231756854657,0
0.21232733076517762,0.9009088760241706,0.8491410419312149,0.2017545205025786,0.4405419421828948,-1.177851894974348,1.2695212168546228,-0.3041918912684436,0.7229146409538463,0.5763988794695595,0.29255569570563505,0.7424374106814341,-1.0161329645585022,0
0.38177641932588297,-1.1099901739376037,-1.179024470547907,0.454637850859979,-0.404365943111267,0.9048055324001227,0.06599664927436881,-0.8828162337175963,1.0653130923148617,-0.570312581972397,1.066572152642809,0.26622863438590705,0.9841231756854657,0
-0.12657084635623306,-1.1099901739376037,1.5251962127575889,0.2090821833568741,-0.404365943111267,-1.177851894974348,1.1745061194140765,-1.461440576166749,0.4745079213389917,0.4617277333253637,1.066572152642809,1.5559607368529593,-1.0161329645585022,0
-0.12657084635623306,0.9009088760241706,1.5251962127575889,-0.10352791621377101,-0.06640278899360229,-1.177851894974348,-1.038553858471983,0.2744324511807092,-0.005521280078902488,-1.143668312693375,1.066572152642809,-0.4877685947486774,-1.0161329645585022,1
-0.12657084635623306,-1.1099901739376037,-1.179024470547907,0.20871895868952756,-0.5733475201700994,-1.177851894974348,-0.7257958293968509,-0.8828162337175963,0.16232109803924238,-1.0289971665491795,0.29255569570563505,-0.011559818453150373,0.9841231756854657,0
0.21232733076517762,-1.1099901739376037,-1.179024470547907,0.2083241492684987,0.2715603651240624,0.21058638994196582,-1.1375279183058853,1.4316811360790147,-0.4654093961226198,-1.2583394588375707,1.066572152642809,0.8416475724096689,0.9841231756854657,0
-0.12657084635623306,0.9009088760241706,-1.179024470547907,0.09550340911529392,-0.06640278899360229,-1.177851894974348,1.6495816066168083,-0.8828162337175963,3.018998373610068,1.035083464046342,0.5505611813513597,0.8614896047553159,-1.0161329645585022,1
0.0428782422044723,0.9009088760241706,-1.179024470547907,0.2129039385524334,-0.23538436605243465,-1.177851894974348,-1.2325430157464317,-0.8828162337175963,0.3939435798422821,-1.3730106049817663,0.5505611813513597,-2.23386744116561,0.9841231756854657,0
0.5512255078865883,-1.1099901739376037,-1.179024470547907,0.20723447526645908,0.6095235192417271,-1.177851894974348,0.06599664927436881,1.4316811360790147,1.223084927745918,-0.34097028968400567,-0.22345527558581418,1.0995939929030794,-1.0161329645585022,0
0.7206745964472937,-1.1099901739376037,0.8491410419312149,0.21386727353974377,1.4544314045358888,-1.177851894974348,0.06599664927436881,-0.8828162337175963,1.934736610966852,-0.34097028968400567,0.5505611813513597,0.8813316371009629,0.9841231756854657,0
0.38177641932588297,0.9009088760241706,0.8491410419312149,0.27024605886266384,0.4405419421828948,0.9048055324001227,0.06599664927436881,-1.461440576166749,0.4040141225293712,-0.45564143582820127,0.03455021005991044,-2.3727616675851384,-1.0161329645585022,1
0.5512255078865883,0.9009088760241706,0.8491410419312149,0.21776799061950886,-0.06640278899360229,-1.177851894974348,-0.5674373336626071,-0.3041918912684436,0.5651428055227898,-0.9143260204049839,0.5505611813513597,1.1194360252487263,-1.0161329645585022,0
-0.12657084635623306,0.9009088760241706,1.5251962127575889,0.21235120536299298,0.6095235192417271,-1.177851894974348,-0.7416316789702754,-0.8828162337175963,-1.6705176710108995,-1.0289971665491795,0.29255569570563505,-0.17029607721832604,0.9841231756854657,0
0.0428782422044723,-1.1099901739376037,-1.179024470547907,0.21039295063468988,-0.7423290972289317,-1.177851894974348,-1.1058562191590364,-1.461440576166749,0.23617174441122635,-1.2583394588375707,-0.22345527558581418,0.4249648931510827,0.9841231756854657,0
0.21232733076517762,0.9009088760241706,-0.502969299721533,0.515517463582628,-0.06640278899360229,0.9048055324001227,0.06599664927436881,-0.3041918912684436,0.04483143335654109,-0.570312581972397,0.5505611813513597,0.08765034327508442,0.9841231756854657,0
0.890123685007999,-1.1099901739376037,-1.179024470547907,0.21203535782616992,0.7785050963005594,-1.177851894974348,0.38271364074285674,0.853056793629862,-1.2475548781531747,-0.11162799739561437,1.066572152642809,-0.24966420660091387,-1.0161329645585022,0
-0.12657084635623306,0.9009088760241706,0.8491410419312149,0.21721525743006845,0.6095235192417271,-1.177851894974348,1.4120438630154424,1.4316811360790147,0.03476089066945202,0.6910700256137552,1.066572152642809,-0.5472946917856183,-1.0161329645585022,0
1.0595727735687044,0.9009088760241706,-0.502969299721533,0.5528664348119574,0.9474866733593919,0.9048055324001227,0.06599664927436881,0.2744324511807092,-0.34120603631519225,-0.570312581972397,0.03455021005991044,0.6630692812988462,0.9841231756854657,0
0.38177641932588297,0.9009088760241706,1.5251962127575889,0.2077714160790583,-0.06640278899360229,-1.177851894974348,-0.2507203421941191,-1.461440576166749,-1.2979075915886182,-0.570312581972397,0.29255569570563505,0.782121475372728,0.9841231756854657,0
1.2290218621294098,-1.1099901739376037,0.8491410419312149,-0.10259616598014293,1.4544314045358888,-1.177851894974348,2.4413740852880284,0.2744324511807092,1.9515208487786668,2.2964660716324943,-0.22345527558581418,0.10749237562073138,-1.0161329645585022,1
0.21232733076517762,0.9009088760241706,-1.179024470547907,0.5521873626077878,-0.06640278899360229,0.9048055324001227,0.06599664927436881,0.853056793629862,-0.21028898138303903,-0.570312581972397,-0.22345527558581418,0.305912699077201,0.9841231756854657,0
0.21232733076517762,-1.1099901739376037,0.8491410419312149,0.21091409907044797,0.4405419421828948,-1.177851894974348,-0.7257958293968509,0.853056793629862,-1.2979075915886182,-1.0289971665491795,0.29255569570563505,-0.190138109563973,0.9841231756854657,0
0.38177641932588297,0.9009088760241706,1.5251962127575889,0.2135514260029207,0.10257878806523006,-1.177851894974348,-1.2800505644667048,-1.461440576166749,-1.5496711587658354,-1.3730106049817663,0.29255569570563505,1.4765926074703717,-1.0161329645585022,0
0.38177641932588297,0.9009088760241706,1.5251962127575889,0.21077196767887757,0.4405419421828948,-1.177851894974348,2.4413740852880284,0.853056793629862,0.3939435798422821,1.4937680486231246,1.066572152642809,0.8416475724096689,-1.0161329645585022,0
-0.12657084635623306,-1.1099901739376037,-1.179024470547907,0.09769854949621433,-0.06640278899360229,0.21058638994196582,-0.7257958293968509,1.4316811360790147,2.142861159833352,-0.9143260204049839,0.8085666669970842,-0.9639773710442044,-1.0161329645585022,1
-0.12657084635623306,0.9009088760241706,-1.179024470547907,0.6811794966463343,-0.06640278899360229,0.9048055324001227,0.0897504236345054,-0.3041918912684436,0.001192415045823164,-0.6849837281165926,0.03455021005991044,-0.7457150152420878,0.9841231756854657,0
0.0428782422044723,-1.1099901739376037,-1.179024470547907,0.20710813625172983,-0.23538436605243465,-1.177851894974348,0.8577891279455886,0.853056793629862,0.4040141225293712,0.23238544103697253,-0.22345527558581418,-0.09092794783573821,0.9841231756854657,0
-0.12657084635623306,0.9009088760241706,-1.179024470547907,1.5215234531178254,-0.23538436605243465,0.9048055324001227,0.0937093860278615,1.4316811360790147,0.665848232393677,-0.9143260204049839,0.03455021005991044,0.4844909901880236,-1.0161329645585022,1
1.2290218621294098,-1.1099901739376037,0.8491410419312149,0.21149841701357067,1.1164682504182242,-1.177851894974348,-0.5832731832360314,-0.3041918912684436,-1.6839450612603513,-0.9143260204049839,0.29255569570563505,-0.5671367241312653,-1.0161329645585022,0
0.21232733076517762,-1.1099901739376037,-1.179024470547907,-0.41719610503277343,0.6095235192417271,0.9048055324001227,0.0976683484212176,-0.8828162337175963,-0.2707122375055717,0.5763988794695595,0.5505611813513597,-0.5869787564769122,0.9841231756854657,0
-0.12657084635623306,-1.1099901739376037,-0.502969299721533,0.21538334171649456,0.10257878806523006,-1.177851894974348,2.235508040833511,0.853056793629862,-1.623521805137819,1.2644257563347332,1.066572152642809,0.7424374106814341,0.9841231756854657,0
-0.12657084635623306,-1.1099901739376037,-1.179024470547907,-0.3338123553114799,-0.911310674287764,0.9048055324001227,0.0976683484212176,0.2744324511807092,-0.21028898138303903,0.3470565871811683,1.066572152642809,0.5241750548793175,0.9841231756854657,0
0.0428782422044723,-1.1099901739376037,-0.502969299721533,-0.2158906774385823,0.2715603651240624,0.9048055324001227,0.0976683484212176,0.2744324511807092,1.9750187817152072,0.1177142948927768,-0.22345527558581418,1.0995939929030794,-1.0161329645585022,1
0.21232733076517762,0.9009088760241706,0.8491410419312149,0.21731001169111538,0.10257878806523006,-1.177851894974348,1.9029551997915988,-0.3041918912684436,0.954537122756886,1.035083464046342,0.29255569570563505,1.4567505751247247,-1.0161329645585022,0
0.0428782422044723,0.9009088760241706,1.5251962127575889,0.4622655688742564,-0.23538436605243465,0.9048055324001227,0.0976683484212176,0.853056793629862,-0.707102420612748,-0.570312581972397,0.5505611813513597,1.317856348705196,-1.0161329645585022,0
1.2290218621294098,0.9009088760241706,-0.502969299721533,0.2210843897561512,1.7923945586535535,-1.177851894974348,-0.3298995900612411,-0.8828162337175963,0.007906110170548816,-0.6849837281165926,0.29255569570563505,1.8139071573463699,-1.0161329645585022,0
0.38177641932588297,-1.1099901739376037,-1.179024470547907,0.2205316565667108,-0.06640278899360229,-1.177851894974348,-1.042512820865339,-0.3041918912684436,-1.0964967378468442,-1.2583394588375707,-0.22345527558581418,-0.2893482712922078,0.9841231756854657,0
0.21232733076517762,0.9009088760241706,1.5251962127575889,0.22144761442349775,0.10257878806523006,0.21058638994196582,-1.359229812333827,-0.8828162337175963,-1.2207000976542715,-1.487681751125962,0.8085666669970842,0.26622863438590705,-1.0161329645585022,0
0.5512255078865883,0.9009088760241706,-0.502969299721533,-0.8505073408003593,0.2715603651240624,0.9048055324001227,0.22435514500861276,0.2744324511807092,-0.811164695045998,3.213835240786059,0.03455021005991044,-1.2417658238832618,-1.0161329645585022,1
0.21232733076517762,-1.1099901739376037,-0.502969299721533,0.11251179897321686,-0.404365943111267,-1.177851894974348,0.06599664927436881,0.853056793629862,1.0955247203761276,-0.34097028968400567,0.5505611813513597,0.4844909901880236,-1.0161329645585022,1
0.0428782422044723,0.9009088760241706,0.8491410419312149,0.21904717314364233,0.10257878806523006,0.21058638994196582,-0.2507203421941191,-0.8828162337175963,-0.8447331706696268,-0.570312581972397,0.29255569570563505,0.32575473142284794,0.9841231756854657,0
0.7206745964472937,-1.1099901739376037,-0.502969299721533,0.2210212202487866,0.7785050963005594,-1.177851894974348,0.5410721364771007,0.853056793629862,0.001192415045823164,0.003043148748581378,1.066572152642809,-0.6068207888225592,-1.0161329645585022,0
0.38177641932588297,0.9009088760241706,1.5251962127575889,0.22168450007611507,0.2715603651240624,-1.177851894974348,-0.09236184645987515,-1.461440576166749,-1.0495008719737637,-0.45564143582820127,0.29255569570563505,0.8614896047553159,0.9841231756854657,0
-0.12657084635623306,0.9009088760241706,-0.502969299721533,-0.6754172587624839,0.10257878806523006,0.9048055324001227,0.22435514500861276,-1.461440576166749,-0.3680608168140954,1.8377814870557112,1.066572152642809,0.5440170872249644,-1.0161329645585022,1
0.0428782422044723,0.9009088760241706,-0.502969299721533,0.22046848705934619,0.10257878806523006,-1.177851894974348,0.8577891279455886,0.853056793629862,1.8877407450937713,0.23238544103697253,-0.22345527558581418,1.0400678958661385,-1.0161329645585022,0
0.0428782422044723,0.9009088760241706,-0.502969299721533,0.11540180393514807,0.10257878806523006,-1.177851894974348,2.4413740852880284,0.853056793629862,3.018998373610068,1.7231103409115156,0.8085666669970842,1.8337491896920168,-1.0161329645585022,1
0.890123685007999,0.9009088760241706,0.8491410419312149,-0.6337727610323606,1.4544314045358888,0.9048055324001227,0.22435514500861276,-0.8828162337175963,-1.3482603050240614,1.6084391947673204,1.066572152642809,-0.32903233598350173,-1.0161329645585022,1
0.5512255078865883,-1.1099901739376037,-0.502969299721533,0.228033035566259,0.7785050963005594,-1.177851894974348,1.0557372476133935,-1.461440576166749,-0.005521280078902488,0.3470565871811683,1.066572152642809,-0.38855843302044263,0.9841231756854657,0
0.21232733076517762,0.9009088760241706,-1.179024470547907,0.23310238853226947,0.2715603651240624,-1.177851894974348,1.3328646151483206,0.853056793629862,-1.4724636648314886,0.5763988794695595,-0.22345527558581418,-0.9838194033898514,-1.0161329645585022,0
0.890123685007999,0.9009088760241706,-0.502969299721533,0.23051243873032018,1.6234129815947211,-1.177851894974348,-1.01084112171849,0.2744324511807092,0.8336906105118219,-1.2583394588375707,0.03455021005991044,1.1591200899400202,-1.0161329645585022,0
0.21232733076517762,0.9009088760241706,-1.179024470547907,-0.5824949134291333,0.2715603651240624,0.9048055324001227,0.22435514500861276,0.2744324511807092,-0.811164695045998,1.379096902478929,1.066572152642809,0.6829113136444932,-1.0161329645585022,1
0.890123685007999,0.9009088760241706,-0.502969299721533,0.23267599435755829,0.6095235192417271,-1.177851894974348,1.6495816066168083,0.2744324511807092,1.6628319584154578,0.8057411717579506,1.066572152642809,-0.190138109563973,0.9841231756854657,0
0.0428782422044723,-1.1099901739376037,-1.179024470547907,0.23520277465214295,-0.23538436605243465,-1.177851894974348,1.6020740578965351,-0.3041918912684436,-1.0427871768490378,0.8057411717579506,0.8085666669970842,-1.7576586648700827,0.9841231756854657,0
0.0428782422044723,0.9009088760241706,1.5251962127575889,0.23629244865418259,-0.06640278899360229,-1.177851894974348,0.06599664927436881,-0.3041918912684436,-0.3680608168140954,-0.34097028968400567,-0.22345527558581418,0.9408577341379036,0.9841231756854657,0
-0.12657084635623306,-1.1099901739376037,-0.502969299721533,1.0305068723726627,-0.06640278899360229,0.9048055324001227,0.23227306979532497,-1.461440576166749,0.5651428055227898,-0.6849837281165926,0.29255569570563505,-0.3488743683291487,0.9841231756854657,0
0.5512255078865883,0.9009088760241706,0.8491410419312149,0.11754956718554502,-0.06640278899360229,-1.177851894974348,-0.09236184645987515,-0.8828162337175963,1.6628319584154578,-0.45564143582820127,-0.22345527558581418,1.1789621222856672,-1.0161329645585022,1
0.38177641932588297,-1.1099901739376037,0.8491410419312149,0.2293753875977571,0.2715603651240624,-1.177851894974348,2.5997325810222724,1.4316811360790147,1.6628319584154578,1.6084391947673204,-0.22345527558581418,-0.07108591549009124,-1.0161329645585022,0
0.0428782422044723,-1.1099901739376037,0.8491410419312149,0.22471663642961665,0.10257878806523006,-1.177851894974348,0.38271364074285674,0.2744324511807092,-0.005521280078902488,-0.11162799739561437,1.066572152642809,-0.7258729828964409,0.9841231756854657,0
-0.12657084635623306,-1.1099901739376037,-1.179024470547907,-0.5092024925093371,0.10257878806523006,0.9048055324001227,0.24019099458203716,-1.461440576166749,0.001192415045823164,1.035083464046342,0.8085666669970842,-0.5472946917856183,-1.0161329645585022,1
-0.12657084635623306,-1.1099901739376037,-1.179024470547907,-0.09010439589879005,-0.23538436605243465,-1.177851894974348,0.5410721364771007,0.2744324511807092,-0.8447331706696268,0.4617277333253637,1.066572152642809,-1.7775006972157297,-1.0161329645585022,1
0.0428782422044723,-1.1099901739376037,1.5251962127575889,0.22847522211781132,-0.5733475201700994,-1.177851894974348,-0.7257958293968509,-0.3041918912684436,0.665848232393677,-1.0289971665491795,0.29255569570563505,1.1789621222856672,-1.0161329645585022,0
0.7206745964472937,0.9009088760241706,-1.179024470547907,0.23337085893856907,0.9474866733593919,-1.177851894974348,-0.2507203421941191,-1.461440576166749,-1.3482603050240614,-0.6849837281165926,1.066572152642809,0.028124246238143545,-1.0161329645585022,0
0.21232733076517762,0.9009088760241706,-0.502969299721533,0.11892350397072543,0.7785050963005594,-1.177851894974348,0.38271364074285674,-1.461440576166749,1.5486991412951188,0.003043148748581378,0.8085666669970842,0.46464895784237664,-1.0161329645585022,1
1.2290218621294098,0.9009088760241706,-1.179024470547907,0.2297859893956271,1.2854498274770565,-1.177851894974348,-0.021100523379465372,-0.3041918912684436,-0.005521280078902488,-0.45564143582820127,0.5505611813513597,-0.46792656240303043,0.9841231756854657,0
0.21232733076517762,-1.1099901739376037,-1.179024470547907,0.23044926922295558,-0.7423290972289317,-1.177851894974348,0.0026532509806712224,0.853056793629862,0.001192415045823164,-0.45564143582820127,-0.22345527558581418,0.9606997664835506,0.9841231756854657,0
0.7206745964472937,0.9009088760241706,0.8491410419312149,-0.29382605714967774,0.6095235192417271,0.9048055324001227,0.24019099458203716,-0.3041918912684436,-0.1397951825734185,0.4617277333253637,1.066572152642809,-0.03140185079879733,0.9841231756854657,0
0.5512255078865883,-1.1099901739376037,1.5251962127575889,0.17617087001990897,0.7785050963005594,0.9048055324001227,0.24019099458203716,-0.3041918912684436,-1.6705176710108995,-0.2262991435398101,-0.22345527558581418,-0.44808453005738347,0.9841231756854657,0
-0.12657084635623306,-1.1099901739376037,-0.502969299721533,0.233670914098551,-0.06640278899360229,-1.177851894974348,0.9013377142725056,1.4316811360790147,1.9750187817152072,0.23238544103697253,0.03455021005991044,1.1392780575943733,-1.0161329645585022,0
0.890123685007999,0.9009088760241706,0.17308587110484092,-0.6034671898741859,0.9474866733593919,0.9048055324001227,0.2520678817621055,-1.461440576166749,1.327147202179168,1.4937680486231246,0.5505611813513597,-0.5869787564769122,-1.0161329645585022,1
0.38177641932588297,-1.1099901739376037,-1.179024470547907,-0.6598143904434236,0.6095235192417271,0.9048055324001227,0.25602684415546156,-0.8828162337175963,0.3301634761573873,1.7231103409115156,0.29255569570563505,0.9606997664835506,-1.0161329645585022,1
0.890123685007999,-1.1099901739376037,-0.502969299721533,0.228443637364129,1.1164682504182242,-1.177851894974348,0.06599664927436881,1.4316811360790147,0.001192415045823164,-0.34097028968400567,1.066572152642809,1.5162766721616654,0.9841231756854657,0
1.0595727735687044,-1.1099901739376037,-0.502969299721533,-0.6104947975684994,0.9474866733593919,0.9048055324001227,0.25602684415546156,1.4316811360790147,0.4040141225293712,1.4937680486231246,0.8085666669970842,0.38528082845978884,-1.0161329645585022,1
0.0428782422044723,0.9009088760241706,-0.502969299721533,0.2310651719197606,-0.404365943111267,-1.177851894974348,0.38271364074285674,-1.461440576166749,-1.7510820125076092,-0.11162799739561437,-0.22345527558581418,-1.2219237915376149,0.9841231756854657,0
0.5512255078865883,-1.1099901739376037,-0.502969299721533,-0.5803471501787363,0.9474866733593919,0.9048055324001227,0.25602684415546156,-1.461440576166749,0.7464125738903866,1.379096902478929,0.29255569570563505,-0.051243883144444294,-1.0161329645585022,1
0.21232733076517762,0.9009088760241706,-1.179024470547907,-0.5781520097978159,0.6095235192417271,0.9048055324001227,0.25602684415546156,0.2744324511807092,-0.34120603631519225,1.379096902478929,1.066572152642809,0.6829113136444932,-1.0161329645585022,1
0.890123685007999,0.9009088760241706,-0.502969299721533,-0.580931468121859,0.6095235192417271,0.9048055324001227,0.25602684415546156,0.2744324511807092,-0.21700267650776528,1.379096902478929,0.8085666669970842,0.12733440796637835,-1.0161329645585022,1
0.5512255078865883,-1.1099901739376037,-1.179024470547907,-0.5806787900924005,0.6095235192417271,0.9048055324001227,0.25602684415546156,0.2744324511807092,0.03811773823181484,1.379096902478929,0.03455021005991044,1.1591200899400202,-1.0161329645585022,1
-0.12657084635623306,0.9009088760241706,-0.502969299721533,0.23749266929411028,-0.5733475201700994,-1.177851894974348,-0.7257958293968509,-0.3041918912684436,-1.8752853723150364,-1.0289971665491795,0.29255569570563505,-0.6663468858595001,0.9841231756854657,0
0.38177641932588297,0.9009088760241706,1.5251962127575889,0.22956489611985095,0.2715603651240624,-1.177851894974348,1.6495816066168083,-0.8828162337175963,0.03476089066945202,0.8057411717579506,-0.22345527558581418,-0.2893482712922078,-1.0161329645585022,0
0.5512255078865883,-1.1099901739376037,-1.179024470547907,0.23319714279331638,0.4405419421828948,-1.177851894974348,-0.7257958293968509,-0.3041918912684436,-1.7510820125076092,-1.0289971665491795,1.066572152642809,0.16701847265767225,0.9841231756854657,0
0.21232733076517762,0.9009088760241706,0.8491410419312149,0.2296122732503744,0.10257878806523006,0.21058638994196582,0.7627740305050422,1.4316811360790147,0.001192415045823164,0.1177142948927768,0.29255569570563505,0.9606997664835506,-1.0161329645585022,0
0.0428782422044723,-1.1099901739376037,-1.179024470547907,0.23224960018284713,0.10257878806523006,-1.177851894974348,0.5410721364771007,-0.3041918912684436,0.001192415045823164,0.003043148748581378,0.8085666669970842,0.6233852166075523,0.9841231756854657,0
0.5512255078865883,-1.1099901739376037,-0.502969299721533,0.2361503172626122,0.2715603651240624,-1.177851894974348,-0.2507203421941191,1.4316811360790147,-0.33784918875282943,-0.6849837281165926,0.03455021005991044,-0.15045404487267908,0.9841231756854657,0
1.2290218621294098,-1.1099901739376037,0.17308587110484092,0.2334340284459337,1.2854498274770565,-1.177851894974348,0.06599664927436881,-1.461440576166749,-1.4993184453303918,-0.34097028968400567,0.5505611813513597,0.7622794430270811,0.9841231756854657,0
-0.12657084635623306,-1.1099901739376037,0.8491410419312149,0.23420785491115023,0.10257878806523006,-1.177851894974348,-0.4090788379283631,0.2744324511807092,-0.4654093961226198,-0.7996548742607882,0.03455021005991044,0.38528082845978884,0.9841231756854657,0
0.0428782422044723,-1.1099901739376037,-0.502969299721533,0.22550625527167434,-0.7423290972289317,0.21058638994196582,-0.68620620546329,0.2744324511807092,-1.7510820125076092,-0.9143260204049839,1.066572152642809,-0.6465048535138531,-1.0161329645585022,0
0.38177641932588297,0.9009088760241706,-1.179024470547907,0.23378146073643907,0.6095235192417271,-1.177851894974348,0.19268344586176397,-0.8828162337175963,-0.21700267650776528,-0.34097028968400567,0.8085666669970842,0.4448069254967297,0.9841231756854657,0
0.890123685007999,0.9009088760241706,-1.179024470547907,-0.38534288094416563,0.4405419421828948,0.9048055324001227,0.25602684415546156,-1.461440576166749,-1.7510820125076092,0.6910700256137552,0.5505611813513597,0.821805540064022,-1.0161329645585022,0
0.5512255078865883,0.9009088760241706,-1.179024470547907,-0.3741776705174697,0.6095235192417271,0.9048055324001227,0.25602684415546156,-1.461440576166749,1.0955247203761276,0.6910700256137552,0.03455021005991044,0.821805540064022,0.9841231756854657,0
0.0428782422044723,-1.1099901739376037,-0.502969299721533,-0.36697634667790346,-0.23538436605243465,0.9048055324001227,0.25602684415546156,0.2744324511807092,0.830333762949459,0.6910700256137552,0.5505611813513597,1.1194360252487263,-1.0161329645585022,0
-0.12657084635623306,0.9009088760241706,1.5251962127575889,0.11851290217285541,0.10257878806523006,-1.177851894974348,-0.7257958293968509,0.853056793629862,0.2865244578466693,-0.9143260204049839,1.066572152642809,-1.5790803737592602,-1.0161329645585022,1
-0.12657084635623306,-1.1099901739376037,0.8491410419312149,0.22819095933467054,0.10257878806523006,0.21058638994196582,0.38271364074285674,0.2744324511807092,1.5352717510456675,-0.11162799739561437,0.29255569570563505,-0.6266628211682062,0.9841231756854657,0
0.5512255078865883,-1.1099901739376037,-0.502969299721533,-0.3340492409640972,0.4405419421828948,0.9048055324001227,0.25602684415546156,-0.8828162337175963,0.001192415045823164,0.5763988794695595,-0.22345527558581418,-1.3409759856114967,0.9841231756854657,0
0.0428782422044723,0.9009088760241706,-0.502969299721533,-0.33531263111138954,-0.23538436605243465,0.9048055324001227,0.25602684415546156,0.853056793629862,1.092167872813765,0.5763988794695595,0.03455021005991044,0.0479662785837905,0.9841231756854657,0
0.7206745964472937,-1.1099901739376037,-1.179024470547907,0.23242331632809984,0.4405419421828948,-1.177851894974348,-0.6624524311031534,-1.461440576166749,-1.0495008719737637,-0.9143260204049839,0.03455021005991044,0.18686050500331922,0.9841231756854657,0
0.38177641932588297,-1.1099901739376037,1.5251962127575889,-0.3579746918784456,0.4405419421828948,0.9048055324001227,0.25602684415546156,-0.8828162337175963,0.9981761410676039,0.6910700256137552,0.29255569570563505,-1.9362369559809054,-1.0161329645585022,1
0.890123685007999,-1.1099901739376037,1.5251962127575889,-0.199150757986959,0.4405419421828948,0.9048055324001227,0.25602684415546156,-0.8828162337175963,2.17642963545698,0.3470565871811683,-0.22345527558581418,0.6829113136444932,-1.0161329645585022,0
1.2290218621294098,0.9009088760241706,-0.502969299721533,-0.4908675429967573,0.4405419421828948,0.21058638994196582,0.2758216561222421,0.853056793629862,1.6628319584154578,1.035083464046342,1.066572152642809,1.0797519605574324,0.9841231756854657,0
0.21232733076517762,0.9009088760241706,-0.502969299721533,0.23994048770448917,-0.06640278899360229,-1.177851894974348,0.06599664927436881,1.4316811360790147,0.5785701957722418,-0.34097028968400567,0.29255569570563505,-0.5869787564769122,0.9841231756854657,0
0.21232733076517762,0.9009088760241706,-1.179024470547907,-0.10637054404517875,-0.404365943111267,0.9048055324001227,0.25602684415546156,1.4316811360790147,1.0787404825643134,0.1177142948927768,1.066572152642809,-0.9242933063529105,-1.0161329645585022,0
-0.12657084635623306,0.9009088760241706,-1.179024470547907,0.23221801542916484,-0.404365943111267,0.21058638994196582,-0.5674373336626071,1.4316811360790147,0.3939435798422821,-0.9143260204049839,1.066572152642809,-0.6266628211682062,0.9841231756854657,0
-0.12657084635623306,0.9009088760241706,-1.179024470547907,0.23292867238701676,-0.7423290972289317,-1.177851894974348,-0.7060010174300705,1.4316811360790147,-0.811164695045998,-1.0289971665491795,0.5505611813513597,0.38528082845978884,0.9841231756854657,0
0.890123685007999,-1.1099901739376037,-1.179024470547907,0.23044926922295558,0.6095235192417271,-1.177851894974348,1.6495816066168083,0.2744324511807092,0.3939435798422821,0.8057411717579506,0.5505611813513597,0.12733440796637835,0.9841231756854657,0
-0.12657084635623306,0.9009088760241706,0.8491410419312149,0.23286550287965216,0.10257878806523006,0.21058638994196582,0.8577891279455886,0.853056793629862,-0.6936750303632967,0.23238544103697253,0.29255569570563505,-0.9441353386985575,0.9841231756854657,0
0.0428782422044723,-1.1099901739376037,0.8491410419312149,-0.05419253096200565,-0.06640278899360229,0.9048055324001227,0.25602684415546156,-0.8828162337175963,0.665848232393677,0.1177142948927768,0.29255569570563505,-0.7853990799333818,-1.0161329645585022,0
1.2290218621294098,0.9009088760241706,1.5251962127575889,0.11934989814543659,0.9474866733593919,-1.177851894974348,1.6495816066168083,-0.8828162337175963,1.9112386780303117,1.035083464046342,0.8085666669970842,0.4844909901880236,-1.0161329645585022,1
0.7206745964472937,0.9009088760241706,1.5251962127575889,-0.034009873359010734,0.7785050963005594,0.9048055324001227,0.25602684415546156,-0.3041918912684436,1.253296555807184,0.003043148748581378,0.5505611813513597,1.5361187045073124,-1.0161329645585022,0
1.0595727735687044,0.9009088760241706,0.8491410419312149,-0.10158545386230906,0.7785050963005594,0.9048055324001227,0.25602684415546156,-1.461440576166749,1.5486991412951188,0.1177142948927768,1.066572152642809,-1.8568688265983175,-1.0161329645585022,1
0.21232733076517762,0.9009088760241706,-0.502969299721533,-0.07920765587839372,0.4405419421828948,-1.177851894974348,0.8577891279455886,0.2744324511807092,2.206641263518246,0.6910700256137552,-0.22345527558581418,0.286070666731554,-1.0161329645585022,1
0.890123685007999,-1.1099901739376037,-0.502969299721533,0.08538049556011415,1.2854498274770565,0.9048055324001227,0.25602684415546156,-0.8828162337175963,-0.6936750303632967,-0.11162799739561437,0.03455021005991044,-1.2417658238832618,0.9841231756854657,0
0.38177641932588297,-1.1099901739376037,-0.502969299721533,0.11912880486966043,0.4405419421828948,-1.177851894974348,-0.3298995900612411,-0.3041918912684436,-0.41841353024953903,-0.570312581972397,0.8085666669970842,0.9011736694466097,-1.0161329645585022,1
0.38177641932588297,0.9009088760241706,1.5251962127575889,0.058422908292264125,0.4405419421828948,0.9048055324001227,0.25602684415546156,-0.8828162337175963,0.4745079213389917,-0.11162799739561437,0.03455021005991044,1.5361187045073124,-1.0161329645585022,1
0.38177641932588297,-1.1099901739376037,-1.179024470547907,0.17849234941555864,0.10257878806523006,0.9048055324001227,0.25602684415546156,0.2744324511807092,0.7229146409538463,-0.2262991435398101,-0.22345527558581418,-0.26950623894656084,0.9841231756854657,0
0.7206745964472937,-1.1099901739376037,-0.502969299721533,0.23809277961407416,0.4405419421828948,-1.177851894974348,0.06599664927436881,-0.8828162337175963,-0.005521280078902488,-0.34097028968400567,-0.22345527558581418,-0.20998014190961997,0.9841231756854657,0
1.0595727735687044,0.9009088760241706,-1.179024470547907,0.16124707390501838,0.7785050963005594,0.9048055324001227,0.25602684415546156,-0.8828162337175963,0.2193875065994116,-0.2262991435398101,1.066572152642809,1.3773824457421369,-1.0161329645585022,1
1.2290218621294098,-1.1099901739376037,-1.179024470547907,0.23308659615542832,1.2854498274770565,-1.177851894974348,3.2331665639592484,1.4316811360790147,2.206641263518246,2.0671237793441026,0.5505611813513597,1.0599099282117854,0.9841231756854657,0
1.2290218621294098,0.9009088760241706,0.8491410419312149,0.32657746705506047,1.4544314045358888,0.9048055324001227,0.25602684415546156,0.853056793629862,-0.11965409719924096,-0.34097028968400567,1.066572152642809,0.286070666731554,-1.0161329645585022,0
0.0428782422044723,0.9009088760241706,1.5251962127575889,0.3624261624844803,-0.23538436605243465,0.9048055324001227,0.25602684415546156,-1.461440576166749,-0.3680608168140954,-0.34097028968400567,1.066572152642809,0.7424374106814341,0.9841231756854657,0
0.21232733076517762,0.9009088760241706,-1.179024470547907,0.24153551776544574,-0.404365943111267,-1.177851894974348,0.06599664927436881,1.4316811360790147,2.3778404891987543,-0.34097028968400567,0.8085666669970842,0.4448069254967297,0.9841231756854657,0
1.0595727735687044,-1.1099901739376037,0.8491410419312149,0.24071431416970573,1.1164682504182242,-1.177851894974348,1.1745061194140765,-1.461440576166749,-1.4724636648314886,0.4617277333253637,0.8085666669970842,0.6233852166075523,0.9841231756854657,0
0.7206745964472937,0.9009088760241706,-0.502969299721533,0.23433419392587948,0.9474866733593919,-1.177851894974348,-1.327558113186978,-0.8828162337175963,-0.33784918875282943,-1.487681751125962,-0.22345527558581418,-0.3488743683291487,0.9841231756854657,0
0.21232733076517762,-1.1099901739376037,-1.179024470547907,0.4094874454711194,-0.404365943111267,0.9048055324001227,0.25602684415546156,-0.8828162337175963,0.001192415045823164,-0.34097028968400567,0.5505611813513597,0.6432272489531993,-1.0161329645585022,0
0.0428782422044723,-1.1099901739376037,-0.502969299721533,0.23771376256988644,0.4405419421828948,-1.177851894974348,-0.5674373336626071,-0.8828162337175963,1.417782086362966,-0.9143260204049839,0.5505611813513597,-0.30919030363785477,-1.0161329645585022,0
0.5512255078865883,-1.1099901739376037,-0.502969299721533,0.23589763923315374,0.2715603651240624,-1.177851894974348,0.8577891279455886,1.4316811360790147,0.3939435798422821,0.23238544103697253,0.5505611813513597,1.714696995618135,-1.0161329645585022,0
0.38177641932588297,0.9009088760241706,-0.502969299721533,0.23802961010670953,0.10257878806523006,-0.4836327525161911,0.992393849319696,1.4316811360790147,0.04483143335654109,0.3470565871811683,-0.22345527558581418,1.0995939929030794,0.9841231756854657,0
0.0428782422044723,0.9009088760241706,-1.179024470547907,0.2427515307822146,0.4405419421828948,0.21058638994196582,0.6994306322113446,1.4316811360790147,0.11868207972852446,0.1177142948927768,1.066572152642809,-1.0036614357354983,0.9841231756854657,0
-0.12657084635623306,0.9009088760241706,-1.179024470547907,0.667013734619819,-0.7423290972289317,0.9048055324001227,0.25602684415546156,-1.461440576166749,-0.005521280078902488,-0.570312581972397,0.03455021005991044,0.9805417988291976,-1.0161329645585022,0
0.5512255078865883,0.9009088760241706,0.8491410419312149,0.2549748304572679,0.4405419421828948,0.9048055324001227,0.25602684415546156,0.2744324511807092,1.0015329886299666,-0.2262991435398101,0.5505611813513597,1.0599099282117854,-1.0161329645585022,1
1.2290218621294098,-1.1099901739376037,-0.502969299721533,0.24270415365169115,1.1164682504182242,-1.177851894974348,0.1847655210750518,-1.461440576166749,0.4107278176540969,-0.34097028968400567,0.5505611813513597,-0.7655570475877348,0.9841231756854657,0
1.2290218621294098,-1.1099901739376037,-1.179024470547907,0.2520690331184955,0.9474866733593919,-1.177851894974348,2.4413740852880284,-0.8828162337175963,0.4980058542755321,1.379096902478929,0.8085666669970842,1.5361187045073124,0.9841231756854657,0
0.21232733076517762,0.9009088760241706,1.5251962127575889,-0.4490019519908578,0.6095235192417271,0.9048055324001227,0.27186269372888594,0.2744324511807092,-0.34120603631519225,0.9204123179021463,-0.22345527558581418,0.3654387961141419,-1.0161329645585022,0
1.2290218621294098,0.9009088760241706,1.5251962127575889,-0.18264772418795297,0.9474866733593919,0.9048055324001227,0.27186269372888594,-0.3041918912684436,1.1458774338115711,0.3470565871811683,0.29255569570563505,0.46464895784237664,-1.0161329645585022,0
0.0428782422044723,0.9009088760241706,-0.502969299721533,0.2499054774912574,-0.06640278899360229,-1.177851894974348,0.38271364074285674,-0.3041918912684436,0.7229146409538463,-0.11162799739561437,-0.22345527558581418,0.4448069254967297,0.9841231756854657,0
0.21232733076517762,-1.1099901739376037,-0.502969299721533,-0.7691450153147333,-0.23538436605243465,0.9048055324001227,0.2758216561222421,-0.8828162337175963,0.001192415045823164,2.525808363920885,-0.22345527558581418,-0.6068207888225592,-1.0161329645585022,1
0.890123685007999,0.9009088760241706,-0.502969299721533,-0.4276664508784586,0.9474866733593919,0.9048055324001227,0.27978061851559816,-1.461440576166749,-1.0495008719737637,0.8057411717579506,0.29255569570563505,1.1194360252487263,0.9841231756854657,0
0.5512255078865883,-1.1099901739376037,0.8491410419312149,-0.5840583587364075,0.6095235192417271,0.9048055324001227,0.28769854330231037,1.4316811360790147,-1.3751150855229646,1.4937680486231246,0.5505611813513597,0.06780831092943747,-1.0161329645585022,1
-0.12657084635623306,-1.1099901739376037,-1.179024470547907,0.2550379999646325,0.10257878806523006,-1.177851894974348,0.5410721364771007,1.4316811360790147,0.001192415045823164,0.003043148748581378,0.5505611813513597,0.32575473142284794,0.9841231756854657,0
0.5512255078865883,-1.1099901739376037,1.5251962127575889,0.24714181154405543,0.7785050963005594,-1.177851894974348,1.6495816066168083,-1.461440576166749,0.8336906105118219,0.8057411717579506,0.03455021005991044,0.10749237562073138,-1.0161329645585022,0
0.7206745964472937,0.9009088760241706,0.8491410419312149,0.2531587071205351,1.1164682504182242,-1.177851894974348,-0.2823920413409679,-0.3041918912684436,0.001192415045823164,-0.6849837281165926,0.5505611813513597,1.1194360252487263,-1.0161329645585022,0
0.38177641932588297,-1.1099901739376037,-0.502969299721533,0.248736841605012,0.4405419421828948,-1.177851894974348,1.6495816066168083,-1.461440576166749,0.9108981044461687,0.8057411717579506,1.066572152642809,0.9011736694466097,0.9841231756854657,0
-0.12657084635623306,-1.1099901739376037,-0.502969299721533,-0.25376079710366983,-0.23538436605243465,0.9048055324001227,0.29165750569566645,0.853056793629862,-1.173704231781191,0.4617277333253637,0.29255569570563505,-0.6266628211682062,0.9841231756854657,0
-0.12657084635623306,-1.1099901739376037,-1.179024470547907,0.2468101716303912,-0.7423290972289317,-1.177851894974348,-0.09236184645987515,0.853056793629862,-1.4254677989584081,-0.570312581972397,1.066572152642809,-0.11076998018138517,-1.0161329645585022,0
0.38177641932588297,-1.1099901739376037,-1.179024470547907,0.25289023671423555,0.6095235192417271,-1.177851894974348,-0.3298995900612411,0.853056793629862,-1.2979075915886182,-0.6849837281165926,0.5505611813513597,0.32575473142284794,-1.0161329645585022,0
-0.12657084635623306,0.9009088760241706,-0.502969299721533,0.25164263894378436,-0.5733475201700994,-1.177851894974348,-1.0623076328321195,-0.3041918912684436,1.2029438423717405,-1.2583394588375707,1.066572152642809,1.5559607368529593,0.9841231756854657,0
0.7206745964472937,0.9009088760241706,-0.502969299721533,-0.6731115717436754,0.7785050963005594,0.9048055324001227,0.29561646808902253,0.2744324511807092,-0.34120603631519225,1.952452633199907,0.03455021005991044,0.0479662785837905,-1.0161329645585022,1
-0.12657084635623306,-1.1099901739376037,1.5251962127575889,0.1383323351085038,-0.5733475201700994,-1.177851894974348,0.1451758971414908,-0.3041918912684436,0.27645391515958084,-0.2262991435398101,0.03455021005991044,0.8614896047553159,-1.0161329645585022,1
0.21232733076517762,-1.1099901739376037,-0.502969299721533,0.25958620449488484,0.10257878806523006,-1.177851894974348,-0.4090788379283631,-1.461440576166749,0.001192415045823164,-0.7996548742607882,0.8085666669970842,1.0599099282117854,0.9841231756854657,0
0.0428782422044723,-1.1099901739376037,-1.179024470547907,0.24849995595239469,0.6095235192417271,-1.177851894974348,-1.2008713165995828,1.4316811360790147,1.676259348664909,-1.3730106049817663,1.066572152642809,0.8614896047553159,0.9841231756854657,0
1.0595727735687044,0.9009088760241706,-0.502969299721533,0.24396754379898347,1.1164682504182242,-1.177851894974348,-0.7574675285436998,0.853056793629862,-0.5661148229935064,-1.0289971665491795,0.03455021005991044,-0.5472946917856183,0.9841231756854657,0
0.38177641932588297,0.9009088760241706,1.5251962127575889,0.250679303956474,0.6095235192417271,-1.177851894974348,-0.5674373336626071,-0.3041918912684436,-0.46205254856025635,-0.9143260204049839,0.5505611813513597,1.0202258635204915,0.9841231756854657,0
0.5512255078865883,-1.1099901739376037,-0.502969299721533,0.25412204210784556,-0.404365943111267,-1.177851894974348,-0.7257958293968509,-1.461440576166749,-1.0092187012254088,-1.0289971665491795,0.8085666669970842,1.337698381050843,-1.0161329645585022,0
0.21232733076517762,-1.1099901739376037,-0.502969299721533,-0.4927468358408546,0.10257878806523006,0.9048055324001227,0.29561646808902253,0.853056793629862,-0.8447331706696268,1.1497546101905376,-0.22345527558581418,-1.2616078562289088,0.9841231756854657,0
0.38177641932588297,-1.1099901739376037,0.17308587110484092,-0.01636978842744162,0.2715603651240624,0.9048055324001227,0.29957543048237867,0.853056793629862,0.9108981044461687,0.1177142948927768,0.03455021005991044,1.3972244780877838,0.9841231756854657,0
0.0428782422044723,-1.1099901739376037,-1.179024470547907,-0.8254922158839711,0.10257878806523006,0.9048055324001227,0.30353439287573475,-0.8828162337175963,-0.8447331706696268,3.213835240786059,-0.22345527558581418,-0.40840046536608954,-1.0161329645585022,1
0.5512255078865883,-1.1099901739376037,1.5251962127575889,0.25037924879649204,-0.06640278899360229,-1.177851894974348,1.514976885242701,0.2744324511807092,-1.3482603050240614,0.6910700256137552,0.29255569570563505,-1.182239726846321,0.9841231756854657,0
0.890123685007999,-1.1099901739376037,0.8491410419312149,0.2562540129814013,0.9474866733593919,-1.177851894974348,-0.8841543251310949,1.4316811360790147,-0.21700267650776528,-1.143668312693375,0.03455021005991044,0.286070666731554,-1.0161329645585022,0
0.21232733076517762,0.9009088760241706,0.8491410419312149,0.2490842738955174,0.10257878806523006,-1.177851894974348,-0.2507203421941191,1.4316811360790147,-1.8752853723150364,-0.6849837281165926,0.8085666669970842,-2.273551505856904,0.9841231756854657,0
0.0428782422044723,0.9009088760241706,1.5251962127575889,-0.7629701959698422,0.10257878806523006,0.9048055324001227,0.30353439287573475,0.853056793629862,1.159304824061023,2.525808363920885,0.03455021005991044,1.8139071573463699,-1.0161329645585022,1
-0.12657084635623306,0.9009088760241706,-0.502969299721533,0.25701204706977676,-0.06640278899360229,0.21058638994196582,0.8577891279455886,-0.3041918912684436,2.0589399707742797,0.23238544103697253,0.5505611813513597,-0.7060309505507939,-1.0161329645585022,0
-0.12657084635623306,-1.1099901739376037,1.5251962127575889,-0.6792863910885666,-0.06640278899360229,0.9048055324001227,0.30353439287573475,1.4316811360790147,-0.21700267650776528,1.952452633199907,0.03455021005991044,0.8813316371009629,-1.0161329645585022,1
0.38177641932588297,-1.1099901739376037,-0.502969299721533,0.2590966408128091,0.7785050963005594,-1.177851894974348,-0.5674373336626071,0.2744324511807092,0.8336906105118219,-0.9143260204049839,0.5505611813513597,0.9805417988291976,-1.0161329645585022,0
-0.12657084635623306,0.9009088760241706,-1.179024470547907,-0.6755435977772131,-0.06640278899360229,0.9048055324001227,0.30353439287573475,1.4316811360790147,-0.21700267650776528,1.952452633199907,0.29255569570563505,-2.03544711770914,-1.0161329645585022,1
0.890123685007999,-1.1099901739376037,1.5251962127575889,0.25696466993925327,0.10257878806523006,-1.177851894974348,-0.6426576191363729,0.2744324511807092,0.954537122756886,-0.9143260204049839,0.8085666669970842,-1.9362369559809054,0.9841231756854657,0
0.38177641932588297,0.9009088760241706,1.5251962127575889,-0.6379893256489487,0.6095235192417271,0.9048055324001227,0.30353439287573475,1.4316811360790147,1.417782086362966,1.7231103409115156,0.03455021005991044,1.774223092655076,-1.0161329645585022,1
0.21232733076517762,-1.1099901739376037,1.5251962127575889,-0.637910363764743,0.9474866733593919,0.9048055324001227,0.30353439287573475,0.2744324511807092,1.0787404825643134,1.7231103409115156,0.29255569570563505,0.6233852166075523,-1.0161329645585022,1
1.2290218621294098,0.9009088760241706,-1.179024470547907,0.2572805174760764,0.9474866733593919,-1.177851894974348,0.0026532509806712224,0.853056793629862,1.2096575374964662,-0.45564143582820127,-0.22345527558581418,-0.36871640067479566,0.9841231756854657,0
0.0428782422044723,0.9009088760241706,0.8491410419312149,0.263597468212538,-0.23538436605243465,-1.177851894974348,1.0834499843668863,0.853056793629862,-1.0427871768490378,0.3470565871811683,0.5505611813513597,-0.09092794783573821,0.9841231756854657,0
-0.12657084635623306,0.9009088760241706,-0.502969299721533,-0.5852585793763352,0.10257878806523006,0.9048055324001227,0.30353439287573475,-0.3041918912684436,1.676259348664909,1.4937680486231246,-0.22345527558581418,1.0797519605574324,-1.0161329645585022,1
0.38177641932588297,0.9009088760241706,0.8491410419312149,-0.5637651544955246,0.4405419421828948,0.9048055324001227,0.30353439287573475,-0.8828162337175963,1.4312094766124175,1.379096902478929,0.5505611813513597,0.6432272489531993,-1.0161329645585022,1
0.7206745964472937,-1.1099901739376037,0.8491410419312149,-0.48485064742027756,0.7785050963005594,0.21058638994196582,-0.4090788379283631,1.4316811360790147,0.561785957960427,0.003043148748581378,1.066572152642809,-0.36871640067479566,-1.0161329645585022,0
0.0428782422044723,-1.1099901739376037,-0.502969299721533,-0.6730641946131519,0.2715603651240624,0.9048055324001227,0.30353439287573475,0.2744324511807092,1.159304824061023,1.952452633199907,-0.22345527558581418,0.5638591195706114,-1.0161329645585022,1
1.2290218621294098,0.9009088760241706,1.5251962127575889,0.2660452866229169,1.2854498274770565,-1.177851894974348,4.024959042630468,-1.461440576166749,0.3301634761573873,2.525808363920885,-0.22345527558581418,0.8416475724096689,-1.0161329645585022,0
-0.12657084635623306,0.9009088760241706,1.5251962127575889,-0.512771569675438,-0.404365943111267,0.9048055324001227,0.30353439287573475,-1.461440576166749,0.4745079213389917,1.1497546101905376,0.8085666669970842,-0.051243883144444294,0.9841231756854657,0
0.5512255078865883,0.9009088760241706,-0.502969299721533,0.2675613547996677,0.7785050963005594,-1.177851894974348,-0.7257958293968509,0.853056793629862,-1.3751150855229646,-1.0289971665491795,0.8085666669970842,0.9805417988291976,0.9841231756854657,0
0.21232733076517762,-1.1099901739376037,0.8491410419312149,0.26574523146293494,0.10257878806523006,-1.177851894974348,-0.5674373336626071,-1.461440576166749,-1.2979075915886182,-0.9143260204049839,0.5505611813513597,-2.2537094735112566,-1.0161329645585022,0
0.7206745964472937,0.9009088760241706,-0.502969299721533,0.26907742297641846,0.10257878806523006,-1.177851894974348,0.38271364074285674,-1.461440576166749,0.561785957960427,-0.2262991435398101,1.066572152642809,0.7027533459901402,0.9841231756854657,0
0.21232733076517762,-1.1099901739376037,-1.179024470547907,0.2677666556986027,-0.23538436605243465,-1.177851894974348,1.6495816066168083,1.4316811360790147,1.327147202179168,0.8057411717579506,1.066572152642809,0.9210157017922567,-1.0161329645585022,0
0.890123685007999,-1.1099901739376037,-0.502969299721533,0.26967753329638233,1.6234129815947211,-1.177851894974348,-0.2507203421941191,-0.8828162337175963,3.018998373610068,-0.6849837281165926,-0.22345527558581418,0.6829113136444932,-1.0161329645585022,0
0.0428782422044723,-1.1099901739376037,-0.502969299721533,-0.4860666604370464,-0.23538436605243465,0.21058638994196582,-0.7257958293968509,1.4316811360790147,-0.33784918875282943,-0.45564143582820127,-0.22345527558581418,0.7225953783357871,-1.0161329645585022,0
0.0428782422044723,-1.1099901739376037,1.5251962127575889,0.26904583822273614,0.4405419421828948,0.21058638994196582,0.8577891279455886,0.853056793629862,0.001192415045823164,0.1177142948927768,1.066572152642809,0.782121475372728,0.9841231756854657,0
1.2290218621294098,0.9009088760241706,-1.179024470547907,-0.3309855198569133,0.6095235192417271,0.9048055324001227,0.30353439287573475,0.2744324511807092,0.03476089066945202,0.6910700256137552,0.8085666669970842,-0.5472946917856183,-1.0161329645585022,0
1.2290218621294098,-1.1099901739376037,0.8491410419312149,-0.29998508411772784,0.7785050963005594,0.9048055324001227,0.30353439287573475,0.853056793629862,0.4745079213389917,0.5763988794695595,0.5505611813513597,0.14717644031202531,0.9841231756854657,0
1.2290218621294098,-1.1099901739376037,-1.179024470547907,-0.4879301609043026,0.2715603651240624,0.21058638994196582,-0.7257958293968509,0.853056793629862,-1.371758237960602,-0.45564143582820127,-0.22345527558581418,0.008282213892496587,-1.0161329645585022,0
0.0428782422044723,0.9009088760241706,-1.179024470547907,0.274667924378187,-0.5733475201700994,-1.177851894974348,-0.09236184645987515,-0.3041918912684436,0.5651428055227898,-0.570312581972397,0.03455021005991044,-1.4600281796853785,0.9841231756854657,0
0.21232733076517762,-1.1099901739376037,-1.179024470547907,0.16082067973030723,0.4405419421828948,0.9048055324001227,0.30353439287573475,-0.3041918912684436,0.23617174441122635,-0.11162799739561437,1.066572152642809,0.32575473142284794,0.9841231756854657,0
0.7206745964472937,-1.1099901739376037,-0.502969299721533,0.16731134661202154,0.9474866733593919,0.9048055324001227,0.30353439287573475,1.4316811360790147,-1.328119219649884,-0.11162799739561437,0.5505611813513597,0.6432272489531993,0.9841231756854657,0
0.890123685007999,0.9009088760241706,0.8491410419312149,0.5018254728613474,0.9474866733593919,0.9048055324001227,0.30353439287573475,-0.8828162337175963,-0.33784918875282943,-0.45564143582820127,0.29255569570563505,-0.17029607721832604,0.9841231756854657,0
1.2290218621294098,0.9009088760241706,-1.179024470547907,0.8361816753422616,0.9474866733593919,0.9048055324001227,0.30353439287573475,1.4316811360790147,0.16232109803924238,-0.570312581972397,1.066572152642809,0.20670253734896618,0.9841231756854657,0
-0.12657084635623306,-1.1099901739376037,-1.179024470547907,0.23603977062472412,-0.404365943111267,0.9048055324001227,0.30749335526909083,-0.3041918912684436,0.001192415045823164,-0.2262991435398101,0.5505611813513597,-0.190138109563973,0.9841231756854657,0
1.0595727735687044,-1.1099901739376037,0.8491410419312149,0.27133573286470347,1.2854498274770565,-1.177851894974348,0.8577891279455886,0.853056793629862,-1.6705176710108995,0.1177142948927768,1.066572152642809,-0.5274526594399713,0.9841231756854657,0
0.7206745964472937,-1.1099901739376037,-0.502969299721533,-0.010337100474120758,0.6095235192417271,0.9048055324001227,0.3193702424491591,-0.3041918912684436,0.8336906105118219,0.1177142948927768,0.5505611813513597,0.14717644031202531,-1.0161329645585022,0
1.0595727735687044,0.9009088760241706,-1.179024470547907,0.15576711914113792,0.9474866733593919,-1.177851894974348,0.06599664927436881,1.4316811360790147,1.6628319584154578,-0.34097028968400567,1.066572152642809,0.2463866020402601,-1.0161329645585022,1
-0.12657084635623306,0.9009088760241706,-0.502969299721533,0.26800354135122,0.4405419421828948,-1.177851894974348,-0.17154109432699713,0.853056793629862,-1.6705176710108995,-0.570312581972397,0.03455021005991044,1.0202258635204915,-1.0161329645585022,0
0.7206745964472937,-1.1099901739376037,0.8491410419312149,-0.7763305467774585,0.2715603651240624,0.9048055324001227,0.33520609202258356,0.2744324511807092,0.561785957960427,2.7551506562092767,1.066572152642809,-0.11076998018138517,-1.0161329645585022,1
0.5512255078865883,0.9009088760241706,-0.502969299721533,-0.5831108161259383,0.2715603651240624,0.9048055324001227,0.33520609202258356,0.2744324511807092,0.6893461653302174,1.4937680486231246,0.8085666669970842,1.337698381050843,-1.0161329645585022,1
-0.12657084635623306,0.9009088760241706,-0.502969299721533,-0.4091262004669437,-0.23538436605243465,0.9048055324001227,0.3431240168092957,-0.8828162337175963,1.4446368668618692,0.9204123179021463,0.5505611813513597,-0.46792656240303043,-1.0161329645585022,1
0.21232733076517762,-1.1099901739376037,-1.179024470547907,0.2737361741445589,0.2715603651240624,-1.177851894974348,0.06599664927436881,-0.8828162337175963,-1.0427871768490378,-0.45564143582820127,0.8085666669970842,-2.4719718293133734,0.9841231756854657,0
0.0428782422044723,-1.1099901739376037,-1.179024470547907,0.26437129467775455,-0.5733475201700994,-1.177851894974348,0.38271364074285674,-1.461440576166749,-1.6705176710108995,-0.2262991435398101,0.03455021005991044,-0.22982217425526694,-1.0161329645585022,0
-0.12657084635623306,-1.1099901739376037,-1.179024470547907,0.610224347499029,-0.23538436605243465,0.9048055324001227,0.3431240168092957,-0.8828162337175963,0.8269769153870962,-0.45564143582820127,0.03455021005991044,0.2463866020402601,0.9841231756854657,0
0.0428782422044723,0.9009088760241706,-0.502969299721533,0.2732624028393243,-0.06640278899360229,0.21058638994196582,-0.18737694390042153,-0.8828162337175963,-1.0427871768490378,-0.570312581972397,-0.22345527558581418,1.0202258635204915,-1.0161329645585022,0
0.38177641932588297,0.9009088760241706,-0.502969299721533,0.273846720782447,0.10257878806523006,-1.177851894974348,-1.042512820865339,-0.8828162337175963,-1.4724636648314886,-1.2583394588375707,0.8085666669970842,-0.40840046536608954,0.9841231756854657,0
-0.12657084635623306,-1.1099901739376037,-0.502969299721533,0.2672770920165269,-0.06640278899360229,-1.177851894974348,-0.3298995900612411,-0.8828162337175963,0.23617174441122635,-0.6849837281165926,1.066572152642809,0.08765034327508442,0.9841231756854657,0
-0.12657084635623306,-1.1099901739376037,0.8491410419312149,0.27097250819735696,-0.23538436605243465,-1.177851894974348,-0.5674373336626071,0.853056793629862,-1.6705176710108995,-0.9143260204049839,1.066572152642809,-1.4798702120310254,0.9841231756854657,0
0.890123685007999,-1.1099901739376037,-1.179024470547907,-0.6769964964465993,0.7785050963005594,0.9048055324001227,0.3787546783495006,-1.461440576166749,-0.34120603631519225,2.0671237793441026,0.5505611813513597,0.12733440796637835,-1.0161329645585022,1
-0.12657084635623306,-1.1099901739376037,-0.502969299721533,-0.44456429409849346,0.10257878806523006,0.9048055324001227,0.3787546783495006,0.2744324511807092,0.5114332445249834,1.035083464046342,0.03455021005991044,-0.8449251769703227,0.9841231756854657,0
0.5512255078865883,0.9009088760241706,-0.502969299721533,0.26963015616585884,0.6095235192417271,-1.177851894974348,1.6495816066168083,-0.8828162337175963,-0.707102420612748,0.8057411717579506,1.066572152642809,-0.3488743683291487,0.9841231756854657,0
0.890123685007999,0.9009088760241706,-0.502969299721533,-0.13931344213582617,0.9474866733593919,0.9048055324001227,0.3787546783495006,1.4316811360790147,1.7736079279734327,0.3470565871811683,0.8085666669970842,-1.102871597463733,0.9841231756854657,0
-0.12657084635623306,0.9009088760241706,-0.502969299721533,0.26888791445432464,-0.23538436605243465,-1.177851894974348,-0.34573543963466546,-1.461440576166749,0.5651428055227898,-0.6849837281165926,0.29255569570563505,-0.03140185079879733,0.9841231756854657,0
0.7206745964472937,-1.1099901739376037,0.8491410419312149,0.2718884660541439,0.6095235192417271,-1.177851894974348,0.38271364074285674,1.4316811360790147,-1.6839450612603513,-0.2262991435398101,0.5505611813513597,0.32575473142284794,-1.0161329645585022,0
0.38177641932588297,0.9009088760241706,-1.179024470547907,-0.8180697987686287,0.10257878806523006,0.9048055324001227,0.38271364074285674,1.4316811360790147,-1.2475548781531747,3.328506386930255,-0.22345527558581418,-1.2219237915376149,-1.0161329645585022,1
0.21232733076517762,-1.1099901739376037,-1.179024470547907,0.27024605886266384,-0.06640278899360229,-1.177851894974348,2.4413740852880284,-0.3041918912684436,-1.1804179269059165,1.379096902478929,0.29255569570563505,-0.09092794783573821,0.9841231756854657,0
1.0595727735687044,0.9009088760241706,1.5251962127575889,0.27438366159504624,1.4544314045358888,-1.177851894974348,0.22435514500861276,-0.3041918912684436,-0.005521280078902488,-0.34097028968400567,0.03455021005991044,0.20670253734896618,0.9841231756854657,0
0.7206745964472937,-1.1099901739376037,0.8491410419312149,-0.7929757119680348,1.1164682504182242,0.9048055324001227,0.38271364074285674,0.2744324511807092,0.001192415045823164,2.984492948497668,0.5505611813513597,1.337698381050843,-1.0161329645585022,1
0.38177641932588297,0.9009088760241706,1.5251962127575889,-0.0510814327242983,0.7785050963005594,-1.177851894974348,0.06599664927436881,0.2744324511807092,0.001192415045823164,-0.11162799739561437,0.03455021005991044,0.6432272489531993,-1.0161329645585022,1
-0.12657084635623306,0.9009088760241706,0.8491410419312149,0.2687773678164365,-0.7423290972289317,-1.177851894974348,0.38271364074285674,-0.8828162337175963,-1.3482603050240614,-0.2262991435398101,0.03455021005991044,-1.182239726846321,0.9841231756854657,0
0.0428782422044723,0.9009088760241706,1.5251962127575889,-0.764596810784481,-0.06640278899360229,0.9048055324001227,0.38271364074285674,0.2744324511807092,-0.39491559731299863,2.7551506562092767,0.8085666669970842,-0.20998014190961997,-1.0161329645585022,1
0.38177641932588297,0.9009088760241706,-0.502969299721533,0.27398885217401736,-0.23538436605243465,-1.177851894974348,0.22435514500861276,-0.3041918912684436,0.001192415045823164,-0.34097028968400567,0.03455021005991044,0.801963507718375,0.9841231756854657,0
1.0595727735687044,-1.1099901739376037,-0.502969299721533,-0.7695556171126033,1.2854498274770565,0.9048055324001227,0.38271364074285674,0.853056793629862,0.830333762949459,2.7551506562092767,1.066572152642809,1.774223092655076,-1.0161329645585022,1
0.38177641932588297,0.9009088760241706,-1.179024470547907,-0.762243746635149,0.10257878806523006,0.9048055324001227,0.38271364074285674,0.2744324511807092,1.2700807936189982,2.7551506562092767,1.066572152642809,0.6035431842619053,-1.0161329645585022,1
0.21232733076517762,0.9009088760241706,-1.179024470547907,0.26764031668387345,0.6095235192417271,-1.177851894974348,1.9662985980852963,0.2744324511807092,-0.1397951825734185,1.035083464046342,1.066572152642809,0.801963507718375,-1.0161329645585022,0
-0.12657084635623306,-1.1099901739376037,0.17308587110484092,0.2729465553025012,-0.7423290972289317,-1.177851894974348,4.024959042630468,0.853056793629862,0.001192415045823164,2.525808363920885,0.5505611813513597,0.5043330225336705,0.9841231756854657,0
1.0595727735687044,-1.1099901739376037,-0.502969299721533,0.26721392250916226,1.1164682504182242,-1.177851894974348,-0.9474977234247925,1.4316811360790147,-1.6839450612603513,-1.143668312693375,0.8085666669970842,1.754381060309429,-1.0161329645585022,0
0.0428782422044723,0.9009088760241706,0.17308587110484092,0.2708145844289454,0.4405419421828948,-1.177851894974348,-0.8208109268373974,-0.3041918912684436,0.001192415045823164,-1.0289971665491795,-0.22345527558581418,1.6353288662355472,0.9841231756854657,0
0.7206745964472937,0.9009088760241706,0.8491410419312149,0.2660926637534403,0.4405419421828948,-1.177851894974348,0.913214601452574,-1.461440576166749,-0.8447331706696268,0.23238544103697253,0.29255569570563505,0.8416475724096689,0.9841231756854657,0
-0.12657084635623306,-1.1099901739376037,0.8491410419312149,-0.7503994640042835,0.10257878806523006,0.9048055324001227,0.38271364074285674,1.4316811360790147,0.7430557263280237,2.640479510065081,-0.22345527558581418,0.38528082845978884,-1.0161329645585022,1
0.7206745964472937,0.9009088760241706,-1.179024470547907,-0.7465303316782007,-0.23538436605243465,0.9048055324001227,0.38271364074285674,1.4316811360790147,-1.623521805137819,2.640479510065081,0.8085666669970842,0.9011736694466097,-1.0161329645585022,1
0.21232733076517762,-1.1099901739376037,-0.502969299721533,-0.7377181854008368,-0.06640278899360229,0.9048055324001227,0.38271364074285674,-1.461440576166749,0.7497694214527494,2.525808363920885,0.03455021005991044,0.20670253734896618,-1.0161329645585022,1
-0.12657084635623306,-1.1099901739376037,0.8491410419312149,-0.712939946137066,-0.23538436605243465,0.9048055324001227,0.38271364074285674,0.2744324511807092,-1.173704231781191,2.411137217776689,0.8085666669970842,0.5241750548793175,-1.0161329645585022,1
0.38177641932588297,0.9009088760241706,-0.502969299721533,-0.7196359139177153,0.10257878806523006,0.9048055324001227,0.38271364074285674,0.853056793629862,1.0787404825643134,2.411137217776689,0.5505611813513597,0.0479662785837905,-1.0161329645585022,1
0.0428782422044723,0.9009088760241706,-1.179024470547907,-0.7130031156444306,0.7785050963005594,0.9048055324001227,0.38271364074285674,-1.461440576166749,-1.0495008719737637,2.411137217776689,-0.22345527558581418,0.12733440796637835,-1.0161329645585022,1
0.5512255078865883,-1.1099901739376037,0.8491410419312149,0.2691721772374654,0.4405419421828948,-1.177851894974348,2.4413740852880284,0.853056793629862,-0.34120603631519225,1.379096902478929,1.066572152642809,-0.2893482712922078,0.9841231756854657,0
-0.12657084635623306,-1.1099901739376037,1.5251962127575889,0.26759293955335,-0.23538436605243465,-1.177851894974348,2.243425965620223,0.2744324511807092,-0.005521280078902488,1.2644257563347332,0.8085666669970842,0.9606997664835506,0.9841231756854657,0
1.0595727735687044,0.9009088760241706,1.5251962127575889,-0.6768859498087112,0.7785050963005594,0.9048055324001227,0.38271364074285674,0.853056793629862,0.001192415045823164,2.0671237793441026,0.03455021005991044,1.8734332543833108,-1.0161329645585022,1
0.0428782422044723,-1.1099901739376037,-0.502969299721533,-0.6737748515710038,0.2715603651240624,0.9048055324001227,0.38271364074285674,-1.461440576166749,-1.4724636648314886,2.0671237793441026,0.29255569570563505,-0.40840046536608954,-1.0161329645585022,1
1.0595727735687044,-1.1099901739376037,1.5251962127575889,-0.6801707641916712,1.6234129815947211,0.9048055324001227,0.38271364074285674,-0.3041918912684436,-0.707102420612748,2.1817949254882985,0.5505611813513597,-0.17029607721832604,-1.0161329645585022,1
0.21232733076517762,-1.1099901739376037,-1.179024470547907,-0.6787336578991262,0.4405419421828948,0.9048055324001227,0.38271364074285674,0.853056793629862,-0.21700267650776528,2.0671237793441026,0.29255569570563505,-0.38855843302044263,-1.0161329645585022,1
0.38177641932588297,-1.1099901739376037,-1.179024470547907,0.26719813013232113,0.10257878806523006,-1.177851894974348,1.1428344202672278,1.4316811360790147,-0.005521280078902488,0.3470565871811683,0.5505611813513597,0.5440170872249644,-1.0161329645585022,0
0.38177641932588297,0.9009088760241706,0.8491410419312149,-0.6756067672845777,0.10257878806523006,0.9048055324001227,0.38271364074285674,-1.461440576166749,1.4110683912382405,2.0671237793441026,0.03455021005991044,0.0479662785837905,-1.0161329645585022,1
-0.12657084635623306,0.9009088760241706,-0.502969299721533,-0.6780072085644332,-0.23538436605243465,0.9048055324001227,0.38271364074285674,-0.8828162337175963,0.11868207972852446,2.0671237793441026,0.8085666669970842,0.14717644031202531,-1.0161329645585022,1
0.0428782422044723,0.9009088760241706,1.5251962127575889,0.2693932705132415,-0.06640278899360229,-1.177851894974348,1.0161476236798326,0.853056793629862,-1.6839450612603513,0.3470565871811683,0.29255569570563505,0.3654387961141419,0.9841231756854657,0
0.38177641932588297,-1.1099901739376037,-1.179024470547907,0.2669296597260215,0.10257878806523006,-1.177851894974348,-0.7297547917902071,-0.8828162337175963,-0.1397951825734185,-1.0289971665491795,0.8085666669970842,-0.5671367241312653,0.9841231756854657,0
0.5512255078865883,0.9009088760241706,-1.179024470547907,-0.6785283570001912,0.9474866733593919,0.9048055324001227,0.38271364074285674,-1.461440576166749,-0.2069321338206762,2.0671237793441026,0.8085666669970842,0.08765034327508442,-1.0161329645585022,1
1.0595727735687044,0.9009088760241706,-1.179024470547907,0.26759293955335,0.7785050963005594,-1.177851894974348,0.38271364074285674,0.853056793629862,-1.1804179269059165,-0.2262991435398101,0.8085666669970842,0.6035431842619053,-1.0161329645585022,0
1.0595727735687044,0.9009088760241706,-0.502969299721533,-0.6742328304993973,0.9474866733593919,0.9048055324001227,0.38271364074285674,0.2744324511807092,-0.21028898138303903,2.0671237793441026,-0.22345527558581418,-2.2537094735112566,-1.0161329645585022,1
0.38177641932588297,0.9009088760241706,-0.502969299721533,-0.6576824195698678,0.4405419421828948,0.9048055324001227,0.38271364074285674,0.853056793629862,1.8273174889712391,1.952452633199907,0.29255569570563505,-0.2893482712922078,-1.0161329645585022,1
1.2290218621294098,-1.1099901739376037,0.8491410419312149,0.26599790949239344,0.6095235192417271,0.21058638994196582,0.8577891279455886,0.853056793629862,1.6729025011025462,0.23238544103697253,0.8085666669970842,0.4448069254967297,0.9841231756854657,0
0.38177641932588297,-1.1099901739376037,-1.179024470547907,0.2669454521028627,0.9474866733593919,-1.177851894974348,-0.5674373336626071,1.4316811360790147,1.0619562447524988,-0.9143260204049839,0.03455021005991044,0.4249648931510827,0.9841231756854657,0
0.5512255078865883,-1.1099901739376037,0.8491410419312149,0.1557039496337733,0.2715603651240624,-1.177851894974348,-1.2800505644667048,1.4316811360790147,0.561785957960427,-1.3730106049817663,1.066572152642809,0.5638591195706114,-1.0161329645585022,1
0.5512255078865883,-1.1099901739376037,-0.502969299721533,0.27070403779105734,-0.23538436605243465,-1.177851894974348,1.0161476236798326,-0.3041918912684436,0.9377528849450718,0.23238544103697253,0.8085666669970842,-0.11076998018138517,0.9841231756854657,0
0.21232733076517762,0.9009088760241706,-0.502969299721533,-0.6433271490212588,0.4405419421828948,0.9048055324001227,0.38271364074285674,0.853056793629862,0.001192415045823164,1.952452633199907,0.8085666669970842,1.0797519605574324,-1.0161329645585022,1
0.5512255078865883,0.9009088760241706,1.5251962127575889,0.26378697673463186,0.9474866733593919,-1.177851894974348,0.5014825125435397,-0.8828162337175963,-1.2475548781531747,-0.11162799739561437,1.066572152642809,1.35754041339649,0.9841231756854657,0
-0.12657084635623306,0.9009088760241706,-0.502969299721533,0.2673086767702092,-0.23538436605243465,-1.177851894974348,-0.2507203421941191,0.853056793629862,-0.46205254856025635,-0.6849837281165926,0.03455021005991044,0.286070666731554,-1.0161329645585022,0
0.0428782422044723,0.9009088760241706,-1.179024470547907,-0.6344202484828478,0.10257878806523006,0.9048055324001227,0.38271364074285674,-1.461440576166749,-1.0495008719737637,1.8377814870557112,0.8085666669970842,0.4448069254967297,-1.0161329645585022,1
0.0428782422044723,-1.1099901739376037,-1.179024470547907,-0.6381946265478837,0.2715603651240624,0.9048055324001227,0.38271364074285674,-1.461440576166749,1.092167872813765,1.8377814870557112,1.066572152642809,1.4765926074703717,-1.0161329645585022,1
0.5512255078865883,-1.1099901739376037,1.5251962127575889,0.2692037619911477,0.10257878806523006,-1.177851894974348,0.06599664927436881,0.2744324511807092,0.001192415045823164,-0.45564143582820127,-0.22345527558581418,-0.5869787564769122,0.9841231756854657,0
0.21232733076517762,0.9009088760241706,-0.502969299721533,-0.6254817631907547,0.6095235192417271,0.9048055324001227,0.38271364074285674,0.2744324511807092,1.8273174889712391,1.8377814870557112,0.8085666669970842,-2.531497926350314,-1.0161329645585022,1
0.7206745964472937,0.9009088760241706,-0.502969299721533,-0.6236340551003396,0.9474866733593919,0.9048055324001227,0.38271364074285674,-0.8828162337175963,-1.4993184453303918,1.8377814870557112,0.5505611813513597,0.5440170872249644,-1.0161329645585022,1
0.0428782422044723,0.9009088760241706,-0.502969299721533,0.27406781405822317,0.4405419421828948,-1.177851894974348,0.8577891279455886,-0.3041918912684436,1.0619562447524988,0.1177142948927768,0.5505611813513597,0.46464895784237664,0.9841231756854657,0
0.0428782422044723,-1.1099901739376037,-1.179024470547907,0.2715094490099562,0.6095235192417271,-1.177851894974348,-0.4882580857954851,-0.3041918912684436,0.03476089066945202,-0.7996548742607882,0.29255569570563505,0.821805540064022,0.9841231756854657,0
-0.12657084635623306,0.9009088760241706,1.5251962127575889,0.2698038723111115,0.10257878806523006,-1.177851894974348,-1.042512820865339,-1.461440576166749,0.03476089066945202,-1.2583394588375707,0.29255569570563505,0.8416475724096689,0.9841231756854657,0
-0.12657084635623306,0.9009088760241706,-1.179024470547907,-0.6249290300013143,-0.404365943111267,0.9048055324001227,0.38271364074285674,0.2744324511807092,-0.0860856215756121,1.8377814870557112,-0.22345527558581418,0.26622863438590705,-1.0161329645585022,1
0.0428782422044723,-1.1099901739376037,1.5251962127575889,-0.6098946872485356,-0.7423290972289317,0.9048055324001227,0.38271364074285674,0.853056793629862,-1.1233515183457474,1.7231103409115156,0.8085666669970842,-0.5671367241312653,-1.0161329645585022,1
-0.12657084635623306,0.9009088760241706,1.5251962127575889,0.2696459485427,-0.23538436605243465,-1.177851894974348,0.06599664927436881,-1.461440576166749,0.561785957960427,-0.45564143582820127,-0.22345527558581418,0.20670253734896618,0.9841231756854657,0
0.890123685007999,-1.1099901739376037,-0.502969299721533,0.2720621821993966,0.10257878806523006,-1.177851894974348,-0.5674373336626071,1.4316811360790147,0.03476089066945202,-0.9143260204049839,0.29255569570563505,-1.3409759856114967,-1.0161329645585022,0
-0.12657084635623306,0.9009088760241706,0.17308587110484092,0.2705776987763281,-0.06640278899360229,-1.177851894974348,1.0161476236798326,0.853056793629862,-1.3751150855229646,0.23238544103697253,-0.22345527558581418,0.7225953783357871,0.9841231756854657,0
0.890123685007999,0.9009088760241706,1.5251962127575889,0.2691405924837831,1.1164682504182242,-1.177851894974348,2.2830155895537843,-0.3041918912684436,1.159304824061023,1.2644257563347332,0.03455021005991044,-0.03140185079879733,0.9841231756854657,0
0.5512255078865883,0.9009088760241706,-0.502969299721533,0.2732939875930066,0.4405419421828948,-1.177851894974348,0.4460570390365543,-0.3041918912684436,-0.34120603631519225,-0.11162799739561437,0.03455021005991044,-1.0036614357354983,-1.0161329645585022,0
0.38177641932588297,0.9009088760241706,-0.502969299721533,0.27056190639948696,0.2715603651240624,-1.177851894974348,0.1847655210750518,-1.461440576166749,-1.623521805137819,-0.34097028968400567,-0.22345527558581418,1.0599099282117854,0.9841231756854657,0
0.0428782422044723,0.9009088760241706,-0.502969299721533,0.26933010100587695,0.7785050963005594,0.21058638994196582,-1.042512820865339,0.2744324511807092,-1.4993184453303918,-1.2583394588375707,0.8085666669970842,1.5559607368529593,0.9841231756854657,0
0.5512255078865883,0.9009088760241706,-0.502969299721533,-0.6033408508594567,0.6095235192417271,0.9048055324001227,0.38271364074285674,0.2744324511807092,0.7229146409538463,1.7231103409115156,0.8085666669970842,-0.6465048535138531,-1.0161329645585022,1
-0.12657084635623306,-1.1099901739376037,0.8491410419312149,0.2642923327935488,0.2715603651240624,-1.177851894974348,0.8577891279455886,0.2744324511807092,-1.4993184453303918,0.23238544103697253,0.5505611813513597,0.305912699077201,0.9841231756854657,0
0.5512255078865883,-1.1099901739376037,-0.502969299721533,0.26839835077224883,-0.06640278899360229,0.21058638994196582,0.38271364074285674,0.2744324511807092,-1.7510820125076092,-0.2262991435398101,1.066572152642809,-0.7853990799333818,-1.0161329645585022,0
-0.12657084635623306,0.9009088760241706,-1.179024470547907,-0.4929205519861073,0.10257878806523006,0.21058638994196582,-0.5040939353689095,-0.8828162337175963,-0.5661148229935064,-0.11162799739561437,0.03455021005991044,0.5638591195706114,0.9841231756854657,0
0.21232733076517762,-1.1099901739376037,1.5251962127575889,-0.5796838703514078,-0.06640278899360229,0.9048055324001227,0.38271364074285674,0.2744324511807092,0.19253272610050842,1.6084391947673204,1.066572152642809,-0.6465048535138531,-1.0161329645585022,1
0.21232733076517762,0.9009088760241706,-1.179024470547907,0.2706566606605339,0.9474866733593919,-1.177851894974348,-0.7257958293968509,-0.3041918912684436,1.4110683912382405,-1.0289971665491795,0.03455021005991044,0.8813316371009629,-1.0161329645585022,0
-0.12657084635623306,-1.1099901739376037,-0.502969299721533,-0.5820211421238987,-0.7423290972289317,0.9048055324001227,0.38271364074285674,0.853056793629862,-0.3680608168140954,1.6084391947673204,0.5505611813513597,-1.6187644384505542,-1.0161329645585022,1
0.21232733076517762,0.9009088760241706,-0.502969299721533,0.2672770920165269,0.2715603651240624,-1.177851894974348,-0.804975077263973,-0.3041918912684436,-1.4254677989584081,-1.0289971665491795,1.066572152642809,-1.0036614357354983,-1.0161329645585022,0
-0.12657084635623306,0.9009088760241706,-1.179024470547907,-0.5854796726521114,-0.06640278899360229,0.9048055324001227,0.38271364074285674,-0.8828162337175963,-1.2475548781531747,1.6084391947673204,0.03455021005991044,0.5440170872249644,-1.0161329645585022,1
0.0428782422044723,-1.1099901739376037,-0.502969299721533,0.2695511942816531,0.10257878806523006,-1.177851894974348,0.0026532509806712224,-0.8828162337175963,-1.173704231781191,-0.45564143582820127,0.03455021005991044,0.5638591195706114,-1.0161329645585022,0
0.21232733076517762,0.9009088760241706,-1.179024470547907,0.15996789138088488,-0.06640278899360229,-1.177851894974348,-1.042512820865339,-0.8828162337175963,1.7836784706605218,-1.2583394588375707,0.03455021005991044,1.1392780575943733,-1.0161329645585022,1
0.7206745964472937,-1.1099901739376037,-1.179024470547907,-0.582068519254422,0.9474866733593919,0.9048055324001227,0.38271364074285674,-0.8828162337175963,-1.6839450612603513,1.6084391947673204,1.066572152642809,1.238488219322608,-1.0161329645585022,1
1.2290218621294098,0.9009088760241706,-1.179024470547907,0.2736887970140355,1.1164682504182242,-1.177851894974348,0.8577891279455886,-0.3041918912684436,0.001192415045823164,0.1177142948927768,0.8085666669970842,-0.09092794783573821,0.9841231756854657,0
1.2290218621294098,0.9009088760241706,1.5251962127575889,-0.5636861926113187,1.1164682504182242,0.9048055324001227,0.38271364074285674,0.2744324511807092,1.7736079279734327,1.4937680486231246,0.8085666669970842,2.131379674876721,-1.0161329645585022,1
0.21232733076517762,-1.1099901739376037,0.8491410419312149,-0.5648074513670407,0.2715603651240624,0.9048055324001227,0.38271364074285674,0.2744324511807092,-1.1804179269059165,1.4937680486231246,1.066572152642809,0.6630692812988462,-1.0161329645585022,1
0.21232733076517762,0.9009088760241706,-0.502969299721533,-0.5653601845564811,-0.23538436605243465,0.9048055324001227,0.38271364074285674,1.4316811360790147,-1.1804179269059165,1.4937680486231246,0.29255569570563505,1.0995939929030794,-1.0161329645585022,1
-0.12657084635623306,0.9009088760241706,0.8491410419312149,0.27447841585609317,0.2715603651240624,-1.177851894974348,0.7786098800784667,-0.3041918912684436,-0.0860856215756121,0.1177142948927768,0.03455021005991044,0.22654456969461315,0.9841231756854657,0
0.0428782422044723,0.9009088760241706,-0.502969299721533,-0.561159412316734,-0.23538436605243465,0.9048055324001227,0.38271364074285674,1.4316811360790147,-1.8752853723150364,1.4937680486231246,1.066572152642809,-1.0631875327724392,-1.0161329645585022,1
-0.12657084635623306,0.9009088760241706,-0.502969299721533,0.26849310503329576,-0.06640278899360229,-1.177851894974348,2.2830155895537843,-1.461440576166749,0.03811773823181484,1.2644257563347332,1.066572152642809,0.16701847265767225,-1.0161329645585022,0
0.890123685007999,-1.1099901739376037,-0.502969299721533,-0.5612857513314633,0.6095235192417271,0.9048055324001227,0.38271364074285674,0.853056793629862,-1.2475548781531747,1.4937680486231246,0.03455021005991044,0.6829113136444932,-1.0161329645585022,1
0.7206745964472937,0.9009088760241706,-1.179024470547907,0.2632342435451914,1.1164682504182242,-1.177851894974348,0.5410721364771007,-0.8828162337175963,-1.0495008719737637,-0.11162799739561437,1.066572152642809,0.6829113136444932,0.9841231756854657,0
0.21232733076517762,0.9009088760241706,0.8491410419312149,-0.5646179428449468,-0.23538436605243465,0.9048055324001227,0.38271364074285674,-1.461440576166749,0.4040141225293712,1.4937680486231246,0.8085666669970842,-1.6187644384505542,-1.0161329645585022,1
0.38177641932588297,0.9009088760241706,-1.179024470547907,-0.5545108216666083,-0.23538436605243465,0.9048055324001227,0.38271364074285674,0.2744324511807092,-0.11965409719924096,1.4937680486231246,0.8085666669970842,1.278172284013902,-1.0161329645585022,1
0.0428782422044723,-1.1099901739376037,0.8491410419312149,-0.5456355058818796,0.4405419421828948,0.9048055324001227,0.38271364074285674,0.2744324511807092,0.001192415045823164,1.379096902478929,0.29255569570563505,0.3455967637684949,-1.0161329645585022,1
0.0428782422044723,-1.1099901739376037,-1.179024470547907,0.2687299906859131,0.6095235192417271,-1.177851894974348,1.8079401023510524,0.853056793629862,0.11868207972852446,0.9204123179021463,0.29255569570563505,0.3654387961141419,0.9841231756854657,0
0.7206745964472937,-1.1099901739376037,-1.179024470547907,-0.5438509672988292,0.4405419421828948,0.9048055324001227,0.38271364074285674,0.853056793629862,0.4745079213389917,1.379096902478929,0.29255569570563505,0.8416475724096689,-1.0161329645585022,1
-0.12657084635623306,-1.1099901739376037,-0.502969299721533,0.27138310999522697,-0.23538436605243465,-1.177851894974348,1.6495816066168083,-1.461440576166749,0.11868207972852446,0.8057411717579506,-0.22345527558581418,1.298014316359549,0.9841231756854657,0
0.38177641932588297,0.9009088760241706,-0.502969299721533,0.2699302113258408,-0.06640278899360229,-1.177851894974348,0.38271364074285674,-0.3041918912684436,0.001192415045823164,-0.2262991435398101,0.5505611813513597,-0.4877685947486774,0.9841231756854657,0
0.890123685007999,-1.1099901739376037,-0.502969299721533,0.26582419334714075,0.9474866733593919,-1.177851894974348,-0.5674373336626071,-0.3041918912684436,-1.0495008719737637,-0.9143260204049839,1.066572152642809,0.8416475724096689,-1.0161329645585022,0
0.0428782422044723,-1.1099901739376037,1.5251962127575889,0.27398885217401736,-0.23538436605243465,-1.177851894974348,-1.121692068732461,1.4316811360790147,0.001192415045823164,-1.2583394588375707,0.29255569570563505,1.6551708985811941,0.9841231756854657,0
0.38177641932588297,-1.1099901739376037,1.5251962127575889,-0.5288166245460505,0.4405419421828948,0.9048055324001227,0.38271364074285674,-0.8828162337175963,0.001192415045823164,1.379096902478929,0.03455021005991044,1.0599099282117854,-1.0161329645585022,1
0.0428782422044723,-1.1099901739376037,1.5251962127575889,-0.5371076223876564,-0.5733475201700994,0.9048055324001227,0.38271364074285674,-1.461440576166749,0.001192415045823164,1.379096902478929,0.8085666669970842,0.22654456969461315,-1.0161329645585022,1
0.21232733076517762,0.9009088760241706,-0.502969299721533,-0.524047326740022,-0.06640278899360229,0.9048055324001227,0.38271364074285674,0.853056793629862,0.830333762949459,1.379096902478929,1.066572152642809,-0.011559818453150373,-1.0161329645585022,1
1.0595727735687044,0.9009088760241706,-0.502969299721533,0.26410282427145493,1.2854498274770565,-1.177851894974348,1.4912231108825644,-0.8828162337175963,-0.12972463988633004,0.6910700256137552,1.066572152642809,1.3773824457421369,0.9841231756854657,0
-0.12657084635623306,-1.1099901739376037,-0.502969299721533,-0.5240315343631808,0.4405419421828948,0.9048055324001227,0.38271364074285674,0.2744324511807092,-1.4724636648314886,1.379096902478929,1.066572152642809,0.5837011519162584,-1.0161329645585022,1
0.7206745964472937,0.9009088760241706,1.5251962127575889,0.2737203817677178,0.7785050963005594,0.21058638994196582,0.06599664927436881,1.4316811360790147,0.04483143335654109,-0.45564143582820127,0.8085666669970842,1.0995939929030794,0.9841231756854657,0
0.7206745964472937,-1.1099901739376037,-0.502969299721533,-0.5254686406557258,0.7785050963005594,0.9048055324001227,0.38271364074285674,-0.8828162337175963,0.4745079213389917,1.379096902478929,0.03455021005991044,0.8416475724096689,-1.0161329645585022,1
-0.12657084635623306,0.9009088760241706,-1.179024470547907,0.2696459485427,-0.06640278899360229,0.21058638994196582,-0.7257958293968509,-0.8828162337175963,0.04483143335654109,-1.0289971665491795,0.29255569570563505,0.16701847265767225,-1.0161329645585022,0
0.5512255078865883,0.9009088760241706,-1.179024470547907,0.2708619615594689,0.7785050963005594,-1.177851894974348,-0.5674373336626071,1.4316811360790147,-1.2106295549671826,-0.9143260204049839,0.8085666669970842,0.782121475372728,0.9841231756854657,0
0.890123685007999,-1.1099901739376037,1.5251962127575889,0.2657610238397761,0.7785050963005594,-1.177851894974348,0.38271364074285674,0.2744324511807092,0.04483143335654109,-0.2262991435398101,0.03455021005991044,1.5559607368529593,-1.0161329645585022,0
0.21232733076517762,-1.1099901739376037,-1.179024470547907,0.27053032164580465,0.6095235192417271,0.21058638994196582,2.2830155895537843,1.4316811360790147,0.6255660616453219,1.2644257563347332,0.8085666669970842,-1.8370267942526706,0.9841231756854657,0
0.21232733076517762,0.9009088760241706,0.8491410419312149,0.2642607480398665,-0.911310674287764,-1.177851894974348,-0.7257958293968509,0.853056793629862,-1.0964967378468442,-1.0289971665491795,0.8085666669970842,-1.9163949236352584,0.9841231756854657,0
0.0428782422044723,-1.1099901739376037,-0.502969299721533,0.2669138673491804,0.10257878806523006,-1.177851894974348,-1.0266769712919146,0.853056793629862,-1.328119219649884,-1.2583394588375707,0.8085666669970842,-0.44808453005738347,0.9841231756854657,0
0.0428782422044723,0.9009088760241706,0.8491410419312149,-0.5203834953128742,-0.5733475201700994,0.9048055324001227,0.38271364074285674,0.853056793629862,0.001192415045823164,1.379096902478929,0.29255569570563505,-0.24966420660091387,-1.0161329645585022,1
-0.12657084635623306,-1.1099901739376037,-0.502969299721533,-0.49443662016285805,0.2715603651240624,0.21058638994196582,-0.2507203421941191,1.4316811360790147,0.5114332445249834,0.23238544103697253,0.03455021005991044,-0.9838194033898514,0.9841231756854657,0
1.0595727735687044,0.9009088760241706,-1.179024470547907,-0.05171312779794446,0.7785050963005594,-1.177851894974348,1.3328646151483206,0.2744324511807092,-0.6936750303632967,1.035083464046342,-0.22345527558581418,-0.7853990799333818,-1.0161329645585022,1
-0.12657084635623306,-1.1099901739376037,0.8491410419312149,0.2701986817321404,0.2715603651240624,-1.177851894974348,1.6495816066168083,0.853056793629862,0.001192415045823164,0.8057411717579506,1.066572152642809,-0.07108591549009124,0.9841231756854657,0
0.0428782422044723,0.9009088760241706,-0.502969299721533,-0.5133716799954018,-0.404365943111267,0.9048055324001227,0.38271364074285674,0.853056793629862,-0.0860856215756121,1.2644257563347332,-0.22345527558581418,-0.051243883144444294,-1.0161329645585022,1
0.0428782422044723,0.9009088760241706,1.5251962127575889,0.2663769265365811,0.10257878806523006,-1.177851894974348,0.38271364074285674,-1.461440576166749,0.3939435798422821,-0.2262991435398101,-0.22345527558581418,1.6154868338899002,-1.0161329645585022,0
0.0428782422044723,0.9009088760241706,-1.179024470547907,-0.5181093930477481,0.10257878806523006,0.9048055324001227,0.38271364074285674,0.853056793629862,0.19253272610050842,1.2644257563347332,0.5505611813513597,0.22654456969461315,-1.0161329645585022,1
0.5512255078865883,-1.1099901739376037,0.8491410419312149,0.2710356777047216,0.9474866733593919,-1.177851894974348,-0.3298995900612411,-0.8828162337175963,0.3939435798422821,-0.6849837281165926,0.29255569570563505,-0.2893482712922078,0.9841231756854657,0
0.38177641932588297,0.9009088760241706,1.5251962127575889,0.2708619615594689,0.4405419421828948,-1.177851894974348,-0.2507203421941191,1.4316811360790147,0.9780350556934264,-0.6849837281165926,0.5505611813513597,1.0797519605574324,-1.0161329645585022,0
0.21232733076517762,0.9009088760241706,0.8491410419312149,0.2679245794670142,-0.404365943111267,-1.177851894974348,1.0161476236798326,-0.3041918912684436,0.6154955189582334,0.3470565871811683,0.29255569570563505,0.8813316371009629,0.9841231756854657,0
-0.12657084635623306,0.9009088760241706,0.8491410419312149,0.2703723978773931,-0.5733475201700994,0.21058638994196582,-0.09236184645987515,0.853056793629862,0.4040141225293712,-0.570312581972397,0.5505611813513597,-0.3488743683291487,0.9841231756854657,0
0.0428782422044723,0.9009088760241706,-1.179024470547907,-0.5061703561558356,0.10257878806523006,0.9048055324001227,0.38271364074285674,-1.461440576166749,0.5114332445249834,1.2644257563347332,0.8085666669970842,0.5241750548793175,-1.0161329645585022,1
0.7206745964472937,0.9009088760241706,0.8491410419312149,-0.059798824740615354,0.7785050963005594,-1.177851894974348,-1.0821024447988998,0.2744324511807092,0.001192415045823164,-1.143668312693375,0.29255569570563505,-0.8846092416616166,-1.0161329645585022,1
1.0595727735687044,0.9009088760241706,0.8491410419312149,0.26926693149851233,0.7785050963005594,-1.177851894974348,0.38271364074285674,-0.3041918912684436,0.001192415045823164,-0.2262991435398101,1.066572152642809,0.6233852166075523,0.9841231756854657,0
0.5512255078865883,0.9009088760241706,1.5251962127575889,0.27419415307295236,0.2715603651240624,-1.177851894974348,0.8577891279455886,0.2744324511807092,-0.018948670328354386,0.1177142948927768,0.5505611813513597,-0.5274526594399713,0.9841231756854657,0
0.0428782422044723,0.9009088760241706,-0.502969299721533,0.2712567709804977,0.4405419421828948,-1.177851894974348,0.5410721364771007,-0.8828162337175963,0.8269769153870962,-0.11162799739561437,-0.22345527558581418,-0.7060309505507939,0.9841231756854657,0
0.38177641932588297,0.9009088760241706,0.8491410419312149,0.26558730769452343,0.10257878806523006,0.21058638994196582,-0.2507203421941191,0.853056793629862,1.357358830240434,-0.6849837281165926,-0.22345527558581418,0.5440170872249644,0.9841231756854657,0
-0.12657084635623306,-1.1099901739376037,1.5251962127575889,-0.05351345875783602,0.10257878806523006,-1.177851894974348,-0.2507203421941191,0.2744324511807092,0.1522505553521539,-0.45564143582820127,0.5505611813513597,1.258330251668255,-1.0161329645585022,1
0.0428782422044723,0.9009088760241706,1.5251962127575889,0.16126286628185954,-0.06640278899360229,-1.177851894974348,-0.4090788379283631,1.4316811360790147,1.4681347997984098,-0.6849837281165926,0.8085666669970842,-0.9044512740072636,-1.0161329645585022,1
0.0428782422044723,-1.1099901739376037,-1.179024470547907,0.2724727839972666,-0.7423290972289317,0.21058638994196582,1.0161476236798326,-0.3041918912684436,0.2193875065994116,0.23238544103697253,0.29255569570563505,-0.22982217425526694,-1.0161329645585022,0
0.890123685007999,0.9009088760241706,0.8491410419312149,0.2703881902542343,0.9474866733593919,0.21058638994196582,-0.09236184645987515,-0.3041918912684436,0.3234497810326616,-0.570312581972397,0.29255569570563505,0.3455967637684949,-1.0161329645585022,0
-0.12657084635623306,-1.1099901739376037,-1.179024470547907,0.27070403779105734,-0.06640278899360229,-1.177851894974348,-0.7257958293968509,-0.8828162337175963,-1.0092187012254088,-1.0289971665491795,0.03455021005991044,1.0003838311748445,0.9841231756854657,0
0.0428782422044723,0.9009088760241706,-0.502969299721533,0.26722971488600344,-0.404365943111267,-1.177851894974348,1.6495816066168083,-0.3041918912684436,0.7497694214527494,0.8057411717579506,0.5505611813513597,-0.9242933063529105,0.9841231756854657,0
-0.12657084635623306,-1.1099901739376037,-1.179024470547907,-0.48477168553607175,-0.23538436605243465,0.9048055324001227,0.38271364074285674,0.2744324511807092,0.5651428055227898,1.1497546101905376,0.5505611813513597,0.5241750548793175,-1.0161329645585022,0
0.5512255078865883,-1.1099901739376037,1.5251962127575889,-0.4926362892029665,0.6095235192417271,0.9048055324001227,0.38271364074285674,0.2744324511807092,0.3301634761573873,1.2644257563347332,-0.22345527558581418,0.9606997664835506,0.9841231756854657,0
1.2290218621294098,-1.1099901739376037,-1.179024470547907,0.2694090628900827,1.4544314045358888,-1.177851894974348,-1.01084112171849,0.853056793629862,0.03476089066945202,-1.2583394588375707,0.29255569570563505,0.7424374106814341,0.9841231756854657,0
0.0428782422044723,0.9009088760241706,-1.179024470547907,-0.49099388201148647,0.2715603651240624,0.9048055324001227,0.38271364074285674,1.4316811360790147,0.03476089066945202,1.2644257563347332,-0.22345527558581418,0.5638591195706114,0.9841231756854657,0
0.5512255078865883,0.9009088760241706,0.8491410419312149,0.2747626786392339,0.4405419421828948,-1.177851894974348,-0.963333572998217,0.2744324511807092,0.5382880250238866,-1.143668312693375,1.066572152642809,0.6233852166075523,-1.0161329645585022,0
-0.12657084635623306,-1.1099901739376037,0.8491410419312149,-0.49405760311867036,0.2715603651240624,0.9048055324001227,0.38271364074285674,0.2744324511807092,-0.21364582894540246,1.2644257563347332,0.8085666669970842,-0.44808453005738347,0.9841231756854657,0
0.0428782422044723,-1.1099901739376037,-0.502969299721533,0.2718568813004616,0.10257878806523006,-1.177851894974348,0.38271364074285674,0.2744324511807092,-1.3751150855229646,-0.2262991435398101,0.03455021005991044,0.16701847265767225,0.9841231756854657,0
0.5512255078865883,-1.1099901739376037,1.5251962127575889,0.26989862657215846,0.6095235192417271,-1.177851894974348,-0.646616581529729,0.2744324511807092,-0.0860856215756121,-0.9143260204049839,0.5505611813513597,0.20670253734896618,0.9841231756854657,0
0.0428782422044723,0.9009088760241706,-0.502969299721533,0.2701986817321404,-0.06640278899360229,-1.177851894974348,2.0850674698859795,1.4316811360790147,0.16232109803924238,1.035083464046342,0.03455021005991044,1.317856348705196,-1.0161329645585022,0
0.0428782422044723,0.9009088760241706,-0.502969299721533,-0.603277681352092,-0.5733475201700994,0.9048055324001227,0.38271364074285674,-0.8828162337175963,1.2096575374964662,1.7231103409115156,0.5505611813513597,0.5837011519162584,-1.0161329645585022,1
0.38177641932588297,-1.1099901739376037,-0.502969299721533,-0.6065940804887344,0.7785050963005594,0.9048055324001227,0.38271364074285674,-1.461440576166749,0.6255660616453219,1.7231103409115156,0.03455021005991044,1.0797519605574324,-1.0161329645585022,1
1.2290218621294098,0.9009088760241706,-0.502969299721533,0.26945644002060615,1.4544314045358888,-1.177851894974348,0.7627740305050422,-1.461440576166749,-0.018948670328354386,0.1177142948927768,-0.22345527558581418,0.7027533459901402,-1.0161329645585022,0
0.7206745964472937,0.9009088760241706,-1.179024470547907,-0.4938838869734177,0.7785050963005594,0.9048055324001227,0.38271364074285674,-1.461440576166749,0.2965950005337584,1.2644257563347332,1.066572152642809,-0.9044512740072636,0.9841231756854657,0
0.38177641932588297,-1.1099901739376037,1.5251962127575889,-0.4892567205589595,0.4405419421828948,0.9048055324001227,0.38271364074285674,-0.8828162337175963,-0.6063969937418614,1.2644257563347332,0.5505611813513597,0.7424374106814341,0.9841231756854657,0
0.38177641932588297,0.9009088760241706,0.8491410419312149,-0.5966922602093307,0.4405419421828948,0.9048055324001227,0.38271364074285674,0.2744324511807092,1.327147202179168,1.6084391947673204,0.03455021005991044,0.6035431842619053,-1.0161329645585022,1
0.7206745964472937,0.9009088760241706,-1.179024470547907,-0.5941812722915872,0.6095235192417271,0.9048055324001227,0.38271364074285674,1.4316811360790147,1.327147202179168,1.6084391947673204,0.5505611813513597,1.35754041339649,-1.0161329645585022,1
0.38177641932588297,-1.1099901739376037,-1.179024470547907,0.2697249104269058,0.10257878806523006,0.21058638994196582,2.2830155895537843,1.4316811360790147,-1.1804179269059165,1.2644257563347332,0.29255569570563505,0.16701847265767225,-1.0161329645585022,0
1.0595727735687044,-1.1099901739376037,-0.502969299721533,0.2740836064350643,0.9474866733593919,-1.177851894974348,0.8577891279455886,0.853056793629862,0.5785701957722418,0.1177142948927768,0.8085666669970842,-0.03140185079879733,-1.0161329645585022,0
1.2290218621294098,-1.1099901739376037,-0.502969299721533,0.27386251315928817,1.7923945586535535,-1.177851894974348,0.38271364074285674,-1.461440576166749,-1.0495008719737637,-0.2262991435398101,1.066572152642809,-1.2616078562289088,0.9841231756854657,0
0.21232733076517762,-1.1099901739376037,-0.502969299721533,-0.4697057580296108,0.2715603651240624,0.9048055324001227,0.38271364074285674,0.853056793629862,-0.33784918875282943,1.1497546101905376,0.29255569570563505,-0.051243883144444294,-1.0161329645585022,0
0.0428782422044723,-1.1099901739376037,0.17308587110484092,0.16453188828797843,-0.23538436605243465,-1.177851894974348,1.6495816066168083,-0.3041918912684436,0.001192415045823164,0.9204123179021463,0.5505611813513597,1.4964346398160184,-1.0161329645585022,1
0.7206745964472937,0.9009088760241706,-1.179024470547907,-0.5676342868216072,0.9474866733593919,0.9048055324001227,0.38271364074285674,-1.461440576166749,-1.173704231781191,1.4937680486231246,0.29255569570563505,0.10749237562073138,-1.0161329645585022,1
0.21232733076517762,0.9009088760241706,-1.179024470547907,0.27503114904553355,0.7785050963005594,-1.177851894974348,-0.2507203421941191,1.4316811360790147,-1.2979075915886182,-0.6849837281165926,1.066572152642809,1.1392780575943733,0.9841231756854657,0
0.7206745964472937,0.9009088760241706,1.5251962127575889,-0.4535185717674278,0.7785050963005594,0.9048055324001227,0.38271364074285674,0.853056793629862,-1.173704231781191,1.035083464046342,0.5505611813513597,1.0995939929030794,0.9841231756854657,0
0.5512255078865883,0.9009088760241706,-1.179024470547907,-0.4541028897105505,1.1164682504182242,0.9048055324001227,0.38271364074285674,0.853056793629862,0.001192415045823164,1.035083464046342,0.8085666669970842,0.0479662785837905,-1.0161329645585022,0
-0.12657084635623306,0.9009088760241706,1.5251962127575889,-0.44914408338242817,-0.404365943111267,0.9048055324001227,0.38271364074285674,0.853056793629862,-0.11965409719924096,1.035083464046342,0.29255569570563505,-0.9838194033898514,-1.0161329645585022,0
0.21232733076517762,0.9009088760241706,-0.502969299721533,0.2800057477504971,-0.404365943111267,-1.177851894974348,0.06599664927436881,-0.3041918912684436,0.9108981044461687,-0.45564143582820127,1.066572152642809,-0.3488743683291487,0.9841231756854657,0
0.0428782422044723,-1.1099901739376037,-0.502969299721533,0.2790266203863455,0.10257878806523006,-1.177851894974348,-0.5674373336626071,-1.461440576166749,-1.0964967378468442,-0.9143260204049839,-0.22345527558581418,0.7027533459901402,-1.0161329645585022,0
0.0428782422044723,0.9009088760241706,1.5251962127575889,0.2841591428597206,-0.23538436605243465,-1.177851894974348,-0.8841543251310949,-0.8828162337175963,-0.46205254856025635,-1.143668312693375,0.29255569570563505,1.278172284013902,-1.0161329645585022,0
0.0428782422044723,0.9009088760241706,1.5251962127575889,-0.4529500462011463,-0.5733475201700994,0.9048055324001227,0.38271364074285674,1.4316811360790147,0.03476089066945202,1.035083464046342,0.8085666669970842,-1.0631875327724392,-1.0161329645585022,0
1.0595727735687044,-1.1099901739376037,-1.179024470547907,0.2796583154599917,0.9474866733593919,-1.177851894974348,0.8577891279455886,-0.8828162337175963,0.4040141225293712,0.1177142948927768,0.03455021005991044,1.0400678958661385,0.9841231756854657,0
-0.12657084635623306,0.9009088760241706,-0.502969299721533,-0.5624070100871853,-0.7423290972289317,0.9048055324001227,0.38271364074285674,-1.461440576166749,1.0351014642535956,1.4937680486231246,1.066572152642809,0.38528082845978884,-1.0161329645585022,1
0.5512255078865883,0.9009088760241706,0.8491410419312149,-0.5629913280303079,0.4405419421828948,0.9048055324001227,0.38271364074285674,-0.8828162337175963,-0.21700267650776528,1.4937680486231246,0.5505611813513597,-0.8647672093159696,-1.0161329645585022,1
0.0428782422044723,-1.1099901739376037,-0.502969299721533,0.2792635060389628,-0.23538436605243465,-1.177851894974348,-0.7257958293968509,0.2744324511807092,-1.173704231781191,-1.0289971665491795,0.8085666669970842,0.10749237562073138,0.9841231756854657,0
-0.12657084635623306,0.9009088760241706,-1.179024470547907,0.2800057477504971,-0.911310674287764,-1.177851894974348,-1.042512820865339,0.853056793629862,0.001192415045823164,-1.2583394588375707,1.066572152642809,-2.23386744116561,0.9841231756854657,0
0.38177641932588297,0.9009088760241706,0.8491410419312149,-0.4496178546876628,0.7785050963005594,0.9048055324001227,0.38271364074285674,0.853056793629862,-0.37813135950118393,1.035083464046342,0.5505611813513597,0.06780831092943747,0.9841231756854657,0
0.5512255078865883,0.9009088760241706,-0.502969299721533,-0.4498863250939624,0.10257878806523006,0.9048055324001227,0.38271364074285674,0.2744324511807092,-0.005521280078902488,1.035083464046342,0.8085666669970842,0.10749237562073138,0.9841231756854657,0
0.890123685007999,0.9009088760241706,-1.179024470547907,-0.4512918466328251,0.6095235192417271,0.9048055324001227,0.38271364074285674,-1.461440576166749,0.860545391010725,1.035083464046342,0.29255569570563505,-0.011559818453150373,0.9841231756854657,0
1.2290218621294098,-1.1099901739376037,1.5251962127575889,0.28948117385518957,0.9474866733593919,-1.177851894974348,-0.6624524311031534,-1.461440576166749,0.001192415045823164,-1.0289971665491795,-0.22345527558581418,0.5440170872249644,-1.0161329645585022,0
0.0428782422044723,0.9009088760241706,-0.502969299721533,0.29229221693291496,-0.404365943111267,-1.177851894974348,-1.121692068732461,1.4316811360790147,-1.6839450612603513,-1.2583394588375707,0.03455021005991044,-2.2140254088199627,0.9841231756854657,0
0.38177641932588297,0.9009088760241706,0.8491410419312149,-0.44192696716602076,0.9474866733593919,0.9048055324001227,0.38271364074285674,1.4316811360790147,0.23617174441122635,1.035083464046342,0.5505611813513597,-0.7457150152420878,0.9841231756854657,0
0.38177641932588297,0.9009088760241706,-1.179024470547907,-0.43347804555600333,0.6095235192417271,0.9048055324001227,0.38271364074285674,0.853056793629862,-0.1397951825734185,1.035083464046342,1.066572152642809,0.821805540064022,0.9841231756854657,0
0.21232733076517762,-1.1099901739376037,-0.502969299721533,0.2872228639669045,-0.06640278899360229,-1.177851894974348,0.6994306322113446,0.853056793629862,-1.1233515183457474,0.003043148748581378,0.8085666669970842,0.26622863438590705,-1.0161329645585022,0
-0.12657084635623306,0.9009088760241706,1.5251962127575889,0.29316079765917846,0.2715603651240624,0.21058638994196582,-0.09236184645987515,1.4316811360790147,0.8135495251376443,-0.570312581972397,0.8085666669970842,-0.9044512740072636,-1.0161329645585022,0
0.7206745964472937,-1.1099901739376037,1.5251962127575889,0.28941800434782494,0.7785050963005594,-1.177851894974348,0.06599664927436881,0.853056793629862,-0.21364582894540246,-0.45564143582820127,1.066572152642809,0.18686050500331922,0.9841231756854657,0
0.890123685007999,-1.1099901739376037,-1.179024470547907,0.28782297428686837,0.6095235192417271,0.21058638994196582,0.38271364074285674,0.853056793629862,-1.623521805137819,-0.2262991435398101,0.5505611813513597,-0.7457150152420878,0.9841231756854657,0
0.0428782422044723,0.9009088760241706,-1.179024470547907,0.29104461916246377,0.2715603651240624,-1.177851894974348,-0.5674373336626071,-0.3041918912684436,-1.623521805137819,-0.9143260204049839,1.066572152642809,-1.0631875327724392,0.9841231756854657,0
1.0595727735687044,-1.1099901739376037,1.5251962127575889,-0.5085550050588499,0.6095235192417271,0.21058638994196582,0.38271364074285674,-0.3041918912684436,0.3301634761573873,1.2644257563347332,0.03455021005991044,1.0797519605574324,0.9841231756854657,0
0.21232733076517762,0.9009088760241706,0.8491410419312149,-0.5437404206609411,-0.23538436605243465,0.9048055324001227,0.38271364074285674,-0.3041918912684436,-0.46205254856025635,1.379096902478929,0.29255569570563505,0.46464895784237664,-1.0161329645585022,1
-0.12657084635623306,-1.1099901739376037,-0.502969299721533,-0.42814022218369324,-0.7423290972289317,0.9048055324001227,0.38271364074285674,1.4316811360790147,-0.6936750303632967,1.035083464046342,-0.22345527558581418,1.0400678958661385,0.9841231756854657,0
0.5512255078865883,0.9009088760241706,-1.179024470547907,0.2881230294468503,0.6095235192417271,-1.177851894974348,-0.3774071387815143,-0.3041918912684436,-0.46205254856025635,-0.7996548742607882,0.5505611813513597,0.7424374106814341,0.9841231756854657,0
0.21232733076517762,-1.1099901739376037,0.8491410419312149,0.28281679082822253,0.10257878806523006,-1.177851894974348,-0.2903099661276801,-1.461440576166749,-0.5661148229935064,-0.6849837281165926,1.066572152642809,0.8416475724096689,-1.0161329645585022,0
-0.12657084635623306,-1.1099901739376037,0.8491410419312149,0.2898443985225361,-0.23538436605243465,-1.177851894974348,-0.646616581529729,0.2744324511807092,-1.0092187012254088,-0.9143260204049839,0.5505611813513597,-0.11076998018138517,0.9841231756854657,0
0.21232733076517762,-1.1099901739376037,-1.179024470547907,0.17034348296552312,-0.06640278899360229,-1.177851894974348,0.38271364074285674,0.853056793629862,0.7229146409538463,-0.11162799739561437,0.29255569570563505,0.38528082845978884,-1.0161329645585022,1
0.0428782422044723,0.9009088760241706,0.8491410419312149,0.28565941865963024,0.10257878806523006,-1.177851894974348,-0.7257958293968509,1.4316811360790147,0.5114332445249834,-1.0289971665491795,0.8085666669970842,1.4369085427790778,0.9841231756854657,0
0.890123685007999,-1.1099901739376037,-0.502969299721533,0.17514436552523396,0.4405419421828948,-1.177851894974348,-0.3298995900612411,-1.461440576166749,-0.3109944082539262,-0.6849837281165926,0.8085666669970842,1.8139071573463699,-1.0161329645585022,1
-0.12657084635623306,0.9009088760241706,1.5251962127575889,-0.5113818405134164,-0.23538436605243465,0.21058638994196582,0.0026532509806712224,0.2744324511807092,-1.7510820125076092,0.6910700256137552,1.066572152642809,0.9210157017922567,-1.0161329645585022,0
0.7206745964472937,0.9009088760241706,1.5251962127575889,-0.4030145506294171,0.2715603651240624,0.9048055324001227,0.38271364074285674,0.853056793629862,0.001192415045823164,0.9204123179021463,0.5505611813513597,1.0797519605574324,0.9841231756854657,0
0.0428782422044723,-1.1099901739376037,-1.179024470547907,0.29576653983796886,0.2715603651240624,-1.177851894974348,-0.6941241302500022,-0.3041918912684436,0.16232109803924238,-1.0289971665491795,0.29255569570563505,-0.13061201252703214,-1.0161329645585022,0
0.38177641932588297,0.9009088760241706,-1.179024470547907,0.284711876049161,0.6095235192417271,0.21058638994196582,1.3328646151483206,-0.8828162337175963,-0.0860856215756121,0.4617277333253637,1.066572152642809,0.16701847265767225,0.9841231756854657,0
0.7206745964472937,0.9009088760241706,-1.179024470547907,0.28839149985314994,0.4405419421828948,-1.177851894974348,-0.9474977234247925,-0.8828162337175963,-1.0495008719737637,-1.143668312693375,0.8085666669970842,0.9606997664835506,-1.0161329645585022,0
1.0595727735687044,0.9009088760241706,-1.179024470547907,-0.391217645129075,0.6095235192417271,0.9048055324001227,0.38271364074285674,1.4316811360790147,-1.6705176710108995,0.9204123179021463,0.8085666669970842,1.298014316359549,0.9841231756854657,0
0.21232733076517762,0.9009088760241706,-0.502969299721533,-0.39177037831851536,0.4405419421828948,0.9048055324001227,0.38271364074285674,0.2744324511807092,0.665848232393677,0.9204123179021463,0.29255569570563505,0.8614896047553159,0.9841231756854657,0
0.21232733076517762,0.9009088760241706,-1.179024470547907,0.2945505268212,0.4405419421828948,-1.177851894974348,0.06599664927436881,-0.8828162337175963,0.001192415045823164,-0.45564143582820127,0.5505611813513597,0.7622794430270811,-1.0161329645585022,0
0.0428782422044723,0.9009088760241706,1.5251962127575889,-0.3935233321478835,-0.06640278899360229,0.9048055324001227,0.38271364074285674,-0.8828162337175963,-1.8752853723150364,0.9204123179021463,1.066572152642809,-0.07108591549009124,-1.0161329645585022,0
0.5512255078865883,-1.1099901739376037,-1.179024470547907,0.3031889569533113,0.4405419421828948,-1.177851894974348,-0.8841543251310949,-0.3041918912684436,0.860545391010725,-1.143668312693375,0.29255569570563505,0.18686050500331922,0.9841231756854657,0
0.890123685007999,-1.1099901739376037,-1.179024470547907,0.29827752775571237,0.7785050963005594,-1.177851894974348,-0.09236184645987515,-1.461440576166749,-1.0092187012254088,-0.570312581972397,0.5505611813513597,1.4964346398160184,-1.0161329645585022,0
0.21232733076517762,-1.1099901739376037,0.8491410419312149,0.19426893387987157,0.10257878806523006,0.21058638994196582,2.4413740852880284,-0.3041918912684436,3.018998373610068,1.4937680486231246,0.03455021005991044,-2.5116558940046674,-1.0161329645585022,1
0.21232733076517762,0.9009088760241706,-1.179024470547907,0.30539988971107285,0.6095235192417271,-1.177851894974348,-0.2507203421941191,1.4316811360790147,-1.1233515183457474,-0.6849837281165926,1.066572152642809,0.7027533459901402,0.9841231756854657,0
0.7206745964472937,0.9009088760241706,1.5251962127575889,-0.39191250971008573,0.2715603651240624,0.9048055324001227,0.38271364074285674,0.2744324511807092,-1.0495008719737637,0.9204123179021463,0.03455021005991044,0.8813316371009629,-1.0161329645585022,0
0.890123685007999,-1.1099901739376037,-0.502969299721533,-0.39593956580458006,0.7785050963005594,0.9048055324001227,0.38271364074285674,0.2744324511807092,-1.0495008719737637,0.9204123179021463,0.03455021005991044,-2.610866055732902,0.9841231756854657,0
0.0428782422044723,0.9009088760241706,0.8491410419312149,0.30358376637434015,-0.06640278899360229,-1.177851894974348,-1.042512820865339,-0.8828162337175963,0.4745079213389917,-1.2583394588375707,-0.22345527558581418,0.9805417988291976,-1.0161329645585022,0
0.21232733076517762,0.9009088760241706,0.8491410419312149,-0.5018432449013593,0.10257878806523006,0.21058638994196582,-0.09236184645987515,0.853056793629862,0.5752133482098789,0.5763988794695595,0.8085666669970842,0.5440170872249644,-1.0161329645585022,0
1.2290218621294098,-1.1099901739376037,1.5251962127575889,-0.39484989180254043,0.7785050963005594,0.9048055324001227,0.38271364074285674,0.2744324511807092,0.0851136041048956,0.9204123179021463,-0.22345527558581418,0.9606997664835506,0.9841231756854657,0
1.2290218621294098,0.9009088760241706,-0.502969299721533,0.3075792377151521,0.7785050963005594,-1.177851894974348,1.4595514117357156,0.853056793629862,-1.173704231781191,0.5763988794695595,1.066572152642809,-1.102871597463733,-1.0161329645585022,0
0.21232733076517762,-1.1099901739376037,-0.502969299721533,0.193084505616785,0.9474866733593919,-1.177851894974348,-0.8208109268373974,-1.461440576166749,1.7736079279734327,-1.0289971665491795,1.066572152642809,-0.4877685947486774,-1.0161329645585022,1
0.0428782422044723,-1.1099901739376037,1.5251962127575889,0.3092216449066321,0.4405419421828948,-1.177851894974348,2.4413740852880284,-0.3041918912684436,1.7736079279734327,1.2644257563347332,-0.22345527558581418,0.305912699077201,0.9841231756854657,0
-0.12657084635623306,-1.1099901739376037,-0.502969299721533,0.31561755752729953,0.6095235192417271,-1.177851894974348,-0.8841543251310949,1.4316811360790147,-1.0427871768490378,-1.143668312693375,1.066572152642809,0.821805540064022,-1.0161329645585022,0
0.890123685007999,-1.1099901739376037,0.8491410419312149,0.3078003309909283,0.7785050963005594,-1.177851894974348,-0.5674373336626071,-0.8828162337175963,-1.173704231781191,-0.9143260204049839,1.066572152642809,-0.5671367241312653,0.9841231756854657,0
0.21232733076517762,0.9009088760241706,-1.179024470547907,0.3045155166079682,0.2715603651240624,0.21058638994196582,1.8079401023510524,0.853056793629862,1.223084927745918,0.8057411717579506,-0.22345527558581418,0.6630692812988462,-1.0161329645585022,0
-0.12657084635623306,0.9009088760241706,0.8491410419312149,0.3117010480706933,0.4405419421828948,-1.177851894974348,0.06599664927436881,0.853056793629862,-1.173704231781191,-0.45564143582820127,0.8085666669970842,-0.07108591549009124,0.9841231756854657,0
0.21232733076517762,0.9009088760241706,-1.179024470547907,0.31152733192544063,0.4405419421828948,-1.177851894974348,1.6495816066168083,0.2744324511807092,-0.005521280078902488,0.6910700256137552,0.29255569570563505,0.5043330225336705,0.9841231756854657,0
0.0428782422044723,-1.1099901739376037,1.5251962127575889,-0.3683029063325604,-0.23538436605243465,0.9048055324001227,0.38271364074285674,0.2744324511807092,0.001192415045823164,0.8057411717579506,0.5505611813513597,-1.0036614357354983,-1.0161329645585022,0
0.5512255078865883,0.9009088760241706,1.5251962127575889,0.30093064706502626,0.7785050963005594,-1.177851894974348,-0.2507203421941191,0.853056793629862,0.3301634761573873,-0.6849837281165926,-0.22345527558581418,1.298014316359549,-1.0161329645585022,0
0.21232733076517762,-1.1099901739376037,-1.179024470547907,-0.3775256544077944,0.10257878806523006,0.9048055324001227,0.38271364074285674,0.2744324511807092,-0.08944246913797492,0.8057411717579506,1.066572152642809,-0.40840046536608954,0.9841231756854657,0
0.7206745964472937,0.9009088760241706,-0.502969299721533,0.30949011531293175,0.4405419421828948,-1.177851894974348,-0.2507203421941191,-0.8828162337175963,1.9750187817152072,-0.6849837281165926,0.5505611813513597,1.0400678958661385,0.9841231756854657,0
0.0428782422044723,-1.1099901739376037,0.8491410419312149,-0.48835655507901377,-0.06640278899360229,0.9048055324001227,0.38271364074285674,-1.461440576166749,1.5319149034833046,1.1497546101905376,0.29255569570563505,-1.4401861473397315,-1.0161329645585022,1
0.890123685007999,0.9009088760241706,-0.502969299721533,0.30615792379944823,0.7785050963005594,-1.177851894974348,1.6495816066168083,0.853056793629862,-0.005521280078902488,0.6910700256137552,1.066572152642809,-0.24966420660091387,0.9841231756854657,0
-0.12657084635623306,0.9009088760241706,0.8491410419312149,0.3092374372834733,0.10257878806523006,-1.177851894974348,0.06599664927436881,1.4316811360790147,-1.371758237960602,-0.45564143582820127,0.8085666669970842,-1.4203441149940845,0.9841231756854657,0
-0.12657084635623306,-1.1099901739376037,0.8491410419312149,0.30846361081825674,0.2715603651240624,-1.177851894974348,0.6994306322113446,1.4316811360790147,-0.33784918875282943,0.003043148748581378,0.29255569570563505,0.305912699077201,0.9841231756854657,0
0.0428782422044723,-1.1099901739376037,-1.179024470547907,0.310027056125531,0.7785050963005594,-1.177851894974348,1.3328646151483206,-0.8828162337175963,-1.1233515183457474,0.4617277333253637,0.8085666669970842,0.2463866020402601,0.9841231756854657,0
0.5512255078865883,0.9009088760241706,-1.179024470547907,0.3076581995993579,0.2715603651240624,-1.177851894974348,0.06599664927436881,-0.8828162337175963,-1.2475548781531747,-0.45564143582820127,-0.22345527558581418,-0.07108591549009124,0.9841231756854657,0
0.7206745964472937,0.9009088760241706,-0.502969299721533,0.3014517955007843,0.10257878806523006,-1.177851894974348,0.06599664927436881,0.853056793629862,-0.21700267650776528,-0.45564143582820127,0.8085666669970842,-0.051243883144444294,-1.0161329645585022,0
1.2290218621294098,-1.1099901739376037,-1.179024470547907,0.3061105466689248,1.4544314045358888,-1.177851894974348,0.06599664927436881,-0.3041918912684436,1.9078818304679495,-0.45564143582820127,0.8085666669970842,0.5638591195706114,0.9841231756854657,0
0.0428782422044723,0.9009088760241706,-1.179024470547907,0.3104850350539245,-0.06640278899360229,-1.177851894974348,0.8577891279455886,1.4316811360790147,0.6624913848313142,0.1177142948927768,0.5505611813513597,1.2186461869769611,0.9841231756854657,0
0.5512255078865883,0.9009088760241706,0.8491410419312149,0.3133276628853322,0.4405419421828948,-1.177851894974348,-0.09236184645987515,-0.3041918912684436,-1.8752853723150364,-0.570312581972397,0.8085666669970842,-0.5274526594399713,0.9841231756854657,0
0.21232733076517762,0.9009088760241706,0.17308587110484092,-0.3526526608829767,0.6095235192417271,0.9048055324001227,0.38271364074285674,1.4316811360790147,-1.2475548781531747,0.8057411717579506,0.5505611813513597,2.5679043864809543,-1.0161329645585022,0
0.21232733076517762,-1.1099901739376037,0.8491410419312149,-0.34317723477828427,0.10257878806523006,0.9048055324001227,0.38271364074285674,0.853056793629862,-0.6936750303632967,0.8057411717579506,-0.22345527558581418,-0.13061201252703214,0.9841231756854657,0
0.38177641932588297,-1.1099901739376037,1.5251962127575889,0.31299602297166795,1.1164682504182242,-1.177851894974348,-0.7257958293968509,0.853056793629862,-1.4254677989584081,-1.0289971665491795,0.5505611813513597,1.0003838311748445,-1.0161329645585022,0
0.5512255078865883,-1.1099901739376037,0.8491410419312149,-0.33780782665229186,0.10257878806523006,0.9048055324001227,0.38271364074285674,0.2744324511807092,0.3301634761573873,0.8057411717579506,-0.22345527558581418,0.028124246238143545,0.9841231756854657,0
0.0428782422044723,-1.1099901739376037,-0.502969299721533,-0.3401608908016238,-0.5733475201700994,0.9048055324001227,0.38271364074285674,0.2744324511807092,0.001192415045823164,0.8057411717579506,0.29255569570563505,1.337698381050843,-1.0161329645585022,0
0.7206745964472937,-1.1099901739376037,-1.179024470547907,-0.020096789361953984,0.9474866733593919,-1.177851894974348,2.4413740852880284,0.2744324511807092,0.11868207972852446,2.0671237793441026,-0.22345527558581418,1.1591200899400202,-1.0161329645585022,1
-0.12657084635623306,-1.1099901739376037,-1.179024470547907,-0.3362127965913353,-0.5733475201700994,0.9048055324001227,0.38271364074285674,1.4316811360790147,0.23617174441122635,0.6910700256137552,0.03455021005991044,0.821805540064022,0.9841231756854657,0
-0.12657084635623306,0.9009088760241706,0.8491410419312149,-0.45670863188934097,-0.404365943111267,0.9048055324001227,0.38271364074285674,-1.461440576166749,1.676259348664909,1.1497546101905376,-0.22345527558581418,-0.11076998018138517,-1.0161329645585022,1
1.0595727735687044,0.9009088760241706,-0.502969299721533,0.1959429258250339,0.7785050963005594,-1.177851894974348,1.6495816066168083,-1.461440576166749,2.2603508245160526,0.9204123179021463,-0.22345527558581418,0.12733440796637835,-1.0161329645585022,1
0.21232733076517762,0.9009088760241706,0.8491410419312149,0.19240543341261537,0.6095235192417271,-1.177851894974348,1.6495816066168083,-0.3041918912684436,1.7031141291638117,0.9204123179021463,0.03455021005991044,-0.26950623894656084,-1.0161329645585022,1
0.7206745964472937,-1.1099901739376037,-1.179024470547907,-0.33554951676400685,0.9474866733593919,0.9048055324001227,0.38271364074285674,0.2744324511807092,-1.4724636648314886,0.6910700256137552,0.29255569570563505,1.1194360252487263,-1.0161329645585022,0
1.2290218621294098,0.9009088760241706,-0.502969299721533,0.3052893430731848,1.1164682504182242,-1.177851894974348,-0.3774071387815143,-0.3041918912684436,-1.4724636648314886,-0.7996548742607882,0.29255569570563505,-0.9441353386985575,0.9841231756854657,0
0.0428782422044723,0.9009088760241706,-0.502969299721533,-0.1079024045987707,-0.23538436605243465,0.9048055324001227,0.38271364074285674,1.4316811360790147,-0.3680608168140954,0.23238544103697253,1.066572152642809,-0.38855843302044263,0.9841231756854657,0
0.5512255078865883,0.9009088760241706,-0.502969299721533,0.30808459377406905,-0.06640278899360229,-1.177851894974348,-1.0741845200121878,-0.3041918912684436,0.561785957960427,-1.2583394588375707,0.8085666669970842,0.9805417988291976,0.9841231756854657,0
0.38177641932588297,-1.1099901739376037,0.8491410419312149,-0.10788661222192954,1.1164682504182242,0.9048055324001227,0.38271364074285674,0.853056793629862,0.23617174441122635,0.23238544103697253,0.8085666669970842,-0.32903233598350173,-1.0161329645585022,0
0.38177641932588297,-1.1099901739376037,-0.502969299721533,-0.2213390474487805,0.10257878806523006,0.9048055324001227,0.38271364074285674,-0.8828162337175963,-1.4724636648314886,0.4617277333253637,0.03455021005991044,1.1789621222856672,-1.0161329645585022,1
0.890123685007999,0.9009088760241706,-1.179024470547907,0.3182864692134546,1.6234129815947211,0.21058638994196582,0.7627740305050422,-0.8828162337175963,1.676259348664909,0.003043148748581378,0.29255569570563505,1.258330251668255,0.9841231756854657,0
0.21232733076517762,-1.1099901739376037,-0.502969299721533,-0.11102929521331921,-0.06640278899360229,0.9048055324001227,0.38271364074285674,0.2744324511807092,-0.3680608168140954,0.23238544103697253,0.29255569570563505,0.6432272489531993,0.9841231756854657,0
0.0428782422044723,0.9009088760241706,1.5251962127575889,0.31528591761363534,-0.06640278899360229,-1.177851894974348,0.22435514500861276,0.2744324511807092,-1.1804179269059165,-0.34097028968400567,0.8085666669970842,-0.20998014190961997,0.9841231756854657,0
-0.12657084635623306,0.9009088760241706,1.5251962127575889,-0.11136093512698345,-0.5733475201700994,0.9048055324001227,0.38271364074285674,1.4316811360790147,0.8336906105118219,0.23238544103697253,0.03455021005991044,0.305912699077201,-1.0161329645585022,0
0.5512255078865883,-1.1099901739376037,-0.502969299721533,-0.10687590010409567,0.4405419421828948,0.9048055324001227,0.38271364074285674,0.2744324511807092,-1.1804179269059165,0.23238544103697253,0.8085666669970842,-0.20998014190961997,-1.0161329645585022,0
0.38177641932588297,-1.1099901739376037,-0.502969299721533,0.3216186607269381,0.7785050963005594,-1.177851894974348,0.06599664927436881,-0.8828162337175963,1.5587696839822078,-0.45564143582820127,0.8085666669970842,-0.7457150152420878,0.9841231756854657,0
-0.12657084635623306,-1.1099901739376037,0.8491410419312149,0.31964461362179386,-0.404365943111267,-1.177851894974348,0.24019099458203716,0.853056793629862,-0.6936750303632967,-0.34097028968400567,-0.22345527558581418,-0.07108591549009124,-1.0161329645585022,0
0.38177641932588297,0.9009088760241706,-1.179024470547907,-0.10971852793550342,-0.23538436605243465,0.9048055324001227,0.38271364074285674,0.853056793629862,-0.005521280078902488,0.23238544103697253,0.29255569570563505,-1.9163949236352584,0.9841231756854657,0
0.5512255078865883,0.9009088760241706,-1.179024470547907,0.3199288764049346,0.2715603651240624,-1.177851894974348,0.38271364074285674,1.4316811360790147,-1.4724636648314886,-0.2262991435398101,0.5505611813513597,0.14717644031202531,0.9841231756854657,0
0.38177641932588297,-1.1099901739376037,0.8491410419312149,-0.10537562430418604,0.10257878806523006,0.9048055324001227,0.38271364074285674,-0.3041918912684436,0.9511802751945232,0.23238544103697253,0.29255569570563505,-0.5472946917856183,0.9841231756854657,0
0.5512255078865883,-1.1099901739376037,1.5251962127575889,-0.10976590506602688,0.7785050963005594,0.9048055324001227,0.38271364074285674,-0.3041918912684436,-1.1804179269059165,0.23238544103697253,1.066572152642809,1.0797519605574324,-1.0161329645585022,0
1.0595727735687044,-1.1099901739376037,-1.179024470547907,-0.11669875849929352,0.9474866733593919,0.9048055324001227,0.38271364074285674,1.4316811360790147,-1.371758237960602,0.3470565871811683,0.8085666669970842,0.9408577341379036,-1.0161329645585022,0
0.21232733076517762,0.9009088760241706,0.8491410419312149,0.31176421757805794,-0.06640278899360229,-1.177851894974348,1.5624844339629742,1.4316811360790147,-0.3680608168140954,0.6910700256137552,1.066572152642809,0.305912699077201,0.9841231756854657,0
0.38177641932588297,-1.1099901739376037,0.8491410419312149,-0.009231634095239973,0.2715603651240624,-1.177851894974348,-0.7257958293968509,0.2744324511807092,1.7937490133476108,-0.9143260204049839,0.03455021005991044,-1.5195542767223194,-1.0161329645585022,1
0.5512255078865883,-1.1099901739376037,-0.502969299721533,0.3219976777711258,0.2715603651240624,-0.4836327525161911,-0.5674373336626071,-1.461440576166749,0.3637319517810161,-0.9143260204049839,0.8085666669970842,0.7622794430270811,-1.0161329645585022,0
0.0428782422044723,0.9009088760241706,-0.502969299721533,-0.11049235440071996,0.7785050963005594,0.9048055324001227,0.38271364074285674,0.853056793629862,-1.623521805137819,0.23238544103697253,0.03455021005991044,-1.142555662155027,0.9841231756854657,0
0.0428782422044723,-1.1099901739376037,-1.179024470547907,0.32291363562791275,0.10257878806523006,-1.177851894974348,1.3328646151483206,1.4316811360790147,0.001192415045823164,0.4617277333253637,0.29255569570563505,-0.09092794783573821,0.9841231756854657,0
0.5512255078865883,0.9009088760241706,1.5251962127575889,-0.11126618086593651,0.7785050963005594,0.9048055324001227,0.38271364074285674,0.853056793629862,0.9981761410676039,0.23238544103697253,-0.22345527558581418,1.1988041546313142,0.9841231756854657,0
-0.12657084635623306,0.9009088760241706,1.5251962127575889,0.3244454961815047,-0.911310674287764,-1.177851894974348,-0.963333572998217,-0.8828162337175963,-1.6705176710108995,-1.2583394588375707,-0.22345527558581418,-0.9242933063529105,0.9841231756854657,0
0.38177641932588297,-1.1099901739376037,-0.502969299721533,-0.10682852297357222,-0.06640278899360229,0.9048055324001227,0.38271364074285674,0.853056793629862,-0.005521280078902488,0.23238544103697253,1.066572152642809,1.5162766721616654,0.9841231756854657,0
0.21232733076517762,-1.1099901739376037,-0.502969299721533,-0.10806032836718224,0.10257878806523006,0.9048055324001227,0.38271364074285674,0.853056793629862,1.0787404825643134,0.23238544103697253,0.03455021005991044,0.7225953783357871,0.9841231756854657,0
0.21232733076517762,0.9009088760241706,-1.179024470547907,0.33133097248424787,0.6095235192417271,-1.177851894974348,-0.3298995900612411,-0.3041918912684436,-0.707102420612748,-0.7996548742607882,0.03455021005991044,0.9011736694466097,0.9841231756854657,0
0.0428782422044723,-1.1099901739376037,-1.179024470547907,0.3238453858615408,0.10257878806523006,-1.177851894974348,-0.7257958293968509,-1.461440576166749,0.001192415045823164,-1.0289971665491795,0.8085666669970842,0.7622794430270811,0.9841231756854657,0
0.0428782422044723,-1.1099901739376037,1.5251962127575889,-0.22337626406128935,0.10257878806523006,0.9048055324001227,0.38271364074285674,0.2744324511807092,1.4446368668618692,0.4617277333253637,0.29255569570563505,-0.9044512740072636,-1.0161329645585022,1
0.0428782422044723,-1.1099901739376037,-1.179024470547907,-0.1104449772701965,-0.23538436605243465,0.9048055324001227,0.38271364074285674,0.853056793629862,0.3939435798422821,0.23238544103697253,1.066572152642809,-0.36871640067479566,-1.0161329645585022,0
-0.12657084635623306,-1.1099901739376037,0.8491410419312149,0.3232136907878947,-0.404365943111267,-1.177851894974348,-0.12403354560672394,1.4316811360790147,-0.8447331706696268,-0.570312581972397,0.8085666669970842,-0.686188918205147,0.9841231756854657,0
0.890123685007999,0.9009088760241706,-0.502969299721533,0.32449287331202814,1.1164682504182242,-1.177851894974348,1.3328646151483206,-1.461440576166749,-0.8447331706696268,0.4617277333253637,0.03455021005991044,1.298014316359549,0.9841231756854657,0
-0.12657084635623306,0.9009088760241706,-1.179024470547907,-0.1071443705103953,-0.7423290972289317,0.9048055324001227,0.38271364074285674,0.2744324511807092,0.9780350556934264,0.23238544103697253,0.5505611813513597,-0.15045404487267908,0.9841231756854657,0
-0.12657084635623306,0.9009088760241706,1.5251962127575889,0.33170998952843556,-0.404365943111267,-1.177851894974348,-1.121692068732461,1.4316811360790147,1.0015329886299666,-1.3730106049817663,0.5505611813513597,0.46464895784237664,-1.0161329645585022,0
0.5512255078865883,0.9009088760241706,-0.502969299721533,0.3295938110317209,0.7785050963005594,-1.177851894974348,-0.3298995900612411,0.2744324511807092,0.001192415045823164,-0.7996548742607882,0.03455021005991044,1.6353288662355472,0.9841231756854657,0
0.5512255078865883,0.9009088760241706,0.8491410419312149,0.3274618401581651,0.2715603651240624,-1.177851894974348,-0.3298995900612411,-0.8828162337175963,-1.1233515183457474,-0.7996548742607882,1.066572152642809,-0.36871640067479566,-1.0161329645585022,0
0.0428782422044723,0.9009088760241706,0.8491410419312149,0.3254720006761797,-0.06640278899360229,-1.177851894974348,0.38271364074285674,-1.461440576166749,-0.08944246913797492,-0.2262991435398101,0.03455021005991044,-0.07108591549009124,-1.0161329645585022,0
0.38177641932588297,0.9009088760241706,0.8491410419312149,0.3264827127940136,0.7785050963005594,-1.177851894974348,1.6495816066168083,-1.461440576166749,0.03476089066945202,0.6910700256137552,0.03455021005991044,0.5638591195706114,-1.0161329645585022,0
0.21232733076517762,-1.1099901739376037,-0.502969299721533,0.32528249215408583,0.10257878806523006,-1.177851894974348,-0.3298995900612411,1.4316811360790147,0.001192415045823164,-0.7996548742607882,1.066572152642809,-1.7576586648700827,0.9841231756854657,0
1.0595727735687044,-1.1099901739376037,1.5251962127575889,-0.11417197820470887,0.7785050963005594,0.9048055324001227,0.38271364074285674,-0.8828162337175963,0.40737097009173406,0.3470565871811683,0.29255569570563505,0.32575473142284794,-1.0161329645585022,0
1.2290218621294098,-1.1099901739376037,-1.179024470547907,0.32697227647608934,1.2854498274770565,-1.177851894974348,0.8577891279455886,-0.3041918912684436,0.001192415045823164,0.1177142948927768,0.03455021005991044,1.8139071573463699,0.9841231756854657,0
0.7206745964472937,0.9009088760241706,-0.502969299721533,0.32604052624246127,0.2715603651240624,-1.177851894974348,0.06599664927436881,-0.8828162337175963,-1.0092187012254088,-0.45564143582820127,-0.22345527558581418,-0.40840046536608954,0.9841231756854657,0
0.38177641932588297,0.9009088760241706,0.8491410419312149,-0.08756182322736424,0.4405419421828948,0.9048055324001227,0.38271364074285674,-0.8828162337175963,-1.371758237960602,0.23238544103697253,0.8085666669970842,-0.8846092416616166,0.9841231756854657,0
-0.12657084635623306,0.9009088760241706,-0.502969299721533,-0.09147833268397045,-0.404365943111267,0.9048055324001227,0.38271364074285674,1.4316811360790147,0.4040141225293712,0.23238544103697253,-0.22345527558581418,1.0400678958661385,0.9841231756854657,0
1.2290218621294098,0.9009088760241706,-0.502969299721533,0.32885156932018667,1.2854498274770565,-1.177851894974348,0.8577891279455886,-0.3041918912684436,0.001192415045823164,0.1177142948927768,0.29255569570563505,-1.2616078562289088,0.9841231756854657,0
0.21232733076517762,0.9009088760241706,1.5251962127575889,0.32589839485089084,0.10257878806523006,-1.177851894974348,-0.804975077263973,0.853056793629862,0.16232109803924238,-1.143668312693375,1.066572152642809,-0.20998014190961997,0.9841231756854657,0
0.0428782422044723,-1.1099901739376037,-1.179024470547907,-0.7937653308100926,-0.23538436605243465,0.9048055324001227,-1.042512820865339,0.853056793629862,1.417782086362966,-0.45564143582820127,0.29255569570563505,1.0797519605574324,0.9841231756854657,0
0.5512255078865883,-1.1099901739376037,1.5251962127575889,-0.7897382747155983,0.6095235192417271,0.9048055324001227,-1.042512820865339,-1.461440576166749,-1.1804179269059165,-0.45564143582820127,1.066572152642809,0.7225953783357871,0.9841231756854657,0
0.890123685007999,0.9009088760241706,1.5251962127575889,-0.7931020509827641,0.6095235192417271,0.9048055324001227,-1.042512820865339,0.2744324511807092,-1.4724636648314886,-0.45564143582820127,0.8085666669970842,0.0479662785837905,-1.0161329645585022,0
0.0428782422044723,0.9009088760241706,1.5251962127575889,0.32596156435825546,0.10257878806523006,-1.177851894974348,-0.2507203421941191,-0.8828162337175963,1.0015329886299666,-0.6849837281165926,1.066572152642809,0.7622794430270811,0.9841231756854657,0
0.0428782422044723,-1.1099901739376037,-0.502969299721533,0.32675118320031316,-0.23538436605243465,-1.177851894974348,-0.9474977234247925,0.2744324511807092,1.2465828606824585,-1.143668312693375,0.8085666669970842,0.7424374106814341,0.9841231756854657,0
0.38177641932588297,0.9009088760241706,-0.502969299721533,-0.7881748294083241,0.2715603651240624,0.9048055324001227,-1.042512820865339,0.853056793629862,0.001192415045823164,-0.45564143582820127,0.03455021005991044,0.0479662785837905,-1.0161329645585022,1
0.21232733076517762,0.9009088760241706,-1.179024470547907,-0.7916175675596956,0.2715603651240624,0.9048055324001227,-1.042512820865339,0.853056793629862,0.04483143335654109,-0.45564143582820127,0.03455021005991044,-1.8767108589439645,0.9841231756854657,0
0.0428782422044723,-1.1099901739376037,1.5251962127575889,-0.7908753258481614,0.4405419421828948,0.9048055324001227,-1.042512820865339,1.4316811360790147,-0.5661148229935064,-0.45564143582820127,0.03455021005991044,0.14717644031202531,-1.0161329645585022,0
0.890123685007999,0.9009088760241706,1.5251962127575889,0.33728469855336296,0.4405419421828948,-1.177851894974348,0.5410721364771007,-0.3041918912684436,-1.3482603050240614,-0.11162799739561437,0.29255569570563505,-1.202081759191968,0.9841231756854657,0
1.0595727735687044,0.9009088760241706,1.5251962127575889,0.3320732141957821,0.7785050963005594,-1.177851894974348,-0.7257958293968509,0.853056793629862,1.2700807936189982,-1.0289971665491795,0.5505611813513597,1.8139071573463699,-1.0161329645585022,0
0.0428782422044723,0.9009088760241706,0.8491410419312149,-0.7750039871228015,0.7785050963005594,0.9048055324001227,-1.042512820865339,-1.461440576166749,-1.8752853723150364,-0.45564143582820127,0.03455021005991044,-1.0235034680811452,0.9841231756854657,0
-0.12657084635623306,-1.1099901739376037,1.5251962127575889,-0.7710243081588307,-0.404365943111267,0.9048055324001227,-1.042512820865339,-0.3041918912684436,1.5486991412951188,-0.45564143582820127,-0.22345527558581418,0.028124246238143545,-1.0161329645585022,1
0.7206745964472937,-1.1099901739376037,0.8491410419312149,-0.771766549870365,1.1164682504182242,0.9048055324001227,-1.042512820865339,0.853056793629862,0.830333762949459,-0.45564143582820127,0.03455021005991044,-2.3330776028938445,-1.0161329645585022,0
0.0428782422044723,0.9009088760241706,1.5251962127575889,0.3365898339723522,0.7785050963005594,-1.177851894974348,-0.2507203421941191,-0.8828162337175963,-1.2979075915886182,-0.6849837281165926,0.5505611813513597,-0.4877685947486774,0.9841231756854657,0
1.2290218621294098,-1.1099901739376037,0.8491410419312149,-0.7703452359546611,0.4405419421828948,0.9048055324001227,-1.042512820865339,1.4316811360790147,1.451350561986595,-0.45564143582820127,0.5505611813513597,1.1591200899400202,-1.0161329645585022,1
1.0595727735687044,0.9009088760241706,0.8491410419312149,-0.7651969211044448,0.9474866733593919,0.9048055324001227,-1.042512820865339,1.4316811360790147,-1.2106295549671826,-0.45564143582820127,0.5505611813513597,-1.142555662155027,0.9841231756854657,0
0.38177641932588297,-1.1099901739376037,-1.179024470547907,-0.7728562238724046,0.4405419421828948,0.9048055324001227,-1.042512820865339,-1.461440576166749,0.001192415045823164,-0.45564143582820127,0.29255569570563505,0.305912699077201,0.9841231756854657,0
0.0428782422044723,0.9009088760241706,1.5251962127575889,-0.7710874776661953,-0.404365943111267,0.9048055324001227,-1.042512820865339,-0.8828162337175963,0.7430557263280237,-0.45564143582820127,0.5505611813513597,0.801963507718375,0.9841231756854657,0
0.7206745964472937,0.9009088760241706,0.8491410419312149,0.34038000441422916,0.9474866733593919,-1.177851894974348,0.5094004373302519,-0.8828162337175963,-0.34120603631519225,-0.11162799739561437,0.03455021005991044,-0.7457150152420878,0.9841231756854657,0
-0.12657084635623306,-1.1099901739376037,-0.502969299721533,0.34600209056968,-0.23538436605243465,-1.177851894974348,0.8577891279455886,1.4316811360790147,-1.6705176710108995,0.1177142948927768,0.03455021005991044,-0.5869787564769122,0.9841231756854657,0
1.0595727735687044,-1.1099901739376037,-1.179024470547907,-0.7724772068282169,1.4544314045358888,0.9048055324001227,-1.042512820865339,1.4316811360790147,-1.1233515183457474,-0.45564143582820127,0.5505611813513597,-0.7853990799333818,0.9841231756854657,0
-0.12657084635623306,0.9009088760241706,-0.502969299721533,-0.7680079641821703,0.2715603651240624,0.9048055324001227,-1.042512820865339,0.853056793629862,1.5352717510456675,-0.45564143582820127,0.03455021005991044,0.32575473142284794,-1.0161329645585022,1
0.38177641932588297,-1.1099901739376037,1.5251962127575889,0.3437279883045538,0.10257878806523006,-1.177851894974348,-0.5674373336626071,-1.461440576166749,0.001192415045823164,-0.9143260204049839,0.03455021005991044,-2.789444346843725,0.9841231756854657,0
0.0428782422044723,-1.1099901739376037,-0.502969299721533,-0.758248275294337,-0.06640278899360229,0.9048055324001227,-1.042512820865339,1.4316811360790147,0.001192415045823164,-0.570312581972397,0.8085666669970842,-2.0552891500547874,0.9841231756854657,0
0.0428782422044723,0.9009088760241706,1.5251962127575889,0.3428909923319727,0.2715603651240624,0.21058638994196582,2.4413740852880284,1.4316811360790147,-1.0427871768490378,1.2644257563347332,0.29255569570563505,0.16701847265767225,-1.0161329645585022,0
0.38177641932588297,0.9009088760241706,-0.502969299721533,-0.767360476731683,-0.23538436605243465,0.9048055324001227,-1.042512820865339,0.853056793629862,0.9108981044461687,-0.45564143582820127,1.066572152642809,0.821805540064022,-1.0161329645585022,0
-0.12657084635623306,-1.1099901739376037,1.5251962127575889,-0.7491992433643557,0.10257878806523006,0.9048055324001227,-1.042512820865339,-0.8828162337175963,0.9981761410676039,-0.570312581972397,1.066572152642809,1.258330251668255,0.9841231756854657,0
-0.12657084635623306,-1.1099901739376037,-0.502969299721533,0.3394324618037599,-0.7423290972289317,-1.177851894974348,-0.4090788379283631,0.853056793629862,0.5651428055227898,-0.7996548742607882,1.066572152642809,0.08765034327508442,0.9841231756854657,0
0.5512255078865883,0.9009088760241706,-1.179024470547907,0.3410432842415576,0.2715603651240624,-1.177851894974348,-0.4090788379283631,0.853056793629862,-1.0427871768490378,-0.7996548742607882,0.03455021005991044,1.1194360252487263,0.9841231756854657,0
-0.12657084635623306,-1.1099901739376037,-1.179024470547907,-0.7338174683210716,0.2715603651240624,0.9048055324001227,-1.042512820865339,-1.461440576166749,-1.7510820125076092,-0.570312581972397,1.066572152642809,-1.3608180179571436,0.9841231756854657,0
1.0595727735687044,-1.1099901739376037,1.5251962127575889,0.34647586187491464,0.4405419421828948,-1.177851894974348,3.2331665639592484,1.4316811360790147,-1.0427871768490378,1.7231103409115156,0.5505611813513597,0.9408577341379036,-1.0161329645585022,0
0.890123685007999,-1.1099901739376037,-1.179024470547907,0.3465864085128027,0.9474866733593919,-1.177851894974348,1.6495816066168083,1.4316811360790147,-1.6839450612603513,0.6910700256137552,0.5505611813513597,0.6035431842619053,0.9841231756854657,0
-0.12657084635623306,0.9009088760241706,0.8491410419312149,-0.729127132399249,-0.404365943111267,0.9048055324001227,-1.042512820865339,-0.8828162337175963,-0.005521280078902488,-0.570312581972397,-0.22345527558581418,-0.03140185079879733,0.9841231756854657,0
1.0595727735687044,0.9009088760241706,-1.179024470547907,0.3491289811842285,1.2854498274770565,-1.177851894974348,-1.1375279183058853,-0.8828162337175963,-1.1804179269059165,-1.3730106049817663,0.03455021005991044,0.22654456969461315,-1.0161329645585022,0
0.21232733076517762,-1.1099901739376037,0.8491410419312149,0.33887972861431953,0.4405419421828948,-1.177851894974348,0.8577891279455886,0.2744324511807092,-1.3482603050240614,0.1177142948927768,0.29255569570563505,0.3455967637684949,0.9841231756854657,0
0.7206745964472937,-1.1099901739376037,-0.502969299721533,-0.7215941686460184,0.4405419421828948,0.9048055324001227,-1.042512820865339,0.2744324511807092,0.03811773823181484,-0.570312581972397,0.5505611813513597,0.008282213892496587,-1.0161329645585022,1
0.0428782422044723,-1.1099901739376037,1.5251962127575889,-0.723283952968022,0.4405419421828948,0.9048055324001227,-1.042512820865339,1.4316811360790147,0.860545391010725,-0.570312581972397,1.066572152642809,0.08765034327508442,0.9841231756854657,0
0.0428782422044723,-1.1099901739376037,0.8491410419312149,-0.7176302820588888,-0.06640278899360229,0.9048055324001227,-1.042512820865339,1.4316811360790147,-1.3751150855229646,-0.570312581972397,1.066572152642809,-0.9242933063529105,-1.0161329645585022,0
0.5512255078865883,0.9009088760241706,-1.179024470547907,0.34919215069159315,0.7785050963005594,-1.177851894974348,0.06599664927436881,-0.3041918912684436,-1.6839450612603513,-0.45564143582820127,0.5505611813513597,1.0797519605574324,-1.0161329645585022,0
0.0428782422044723,0.9009088760241706,-0.502969299721533,0.34908160405370503,0.10257878806523006,0.21058638994196582,2.4413740852880284,1.4316811360790147,1.5486991412951188,1.2644257563347332,-0.22345527558581418,0.20670253734896618,0.9841231756854657,0
0.0428782422044723,0.9009088760241706,-0.502969299721533,0.3486552098789939,-0.06640278899360229,-1.177851894974348,-1.359229812333827,-0.8828162337175963,-0.34120603631519225,-1.487681751125962,1.066572152642809,0.8416475724096689,0.9841231756854657,0
-0.12657084635623306,0.9009088760241706,-1.179024470547907,0.2328181257491287,-0.23538436605243465,-1.177851894974348,-0.44470949946856797,0.853056793629862,-0.1397951825734185,-0.7996548742607882,-0.22345527558581418,-2.9481806056089,-1.0161329645585022,1
-0.12657084635623306,-1.1099901739376037,0.8491410419312149,-0.7000691590115254,-0.404365943111267,0.9048055324001227,-1.042512820865339,-0.8828162337175963,-1.0495008719737637,-0.6849837281165926,0.29255569570563505,-1.5393963090679663,-1.0161329645585022,1
0.21232733076517762,-1.1099901739376037,-1.179024470547907,0.3391639913974603,0.2715603651240624,-1.177851894974348,-0.5832731832360314,-0.3041918912684436,-1.1233515183457474,-0.9143260204049839,0.8085666669970842,0.26622863438590705,0.9841231756854657,0
-0.12657084635623306,0.9009088760241706,-0.502969299721533,0.3398746483553122,0.2715603651240624,-1.177851894974348,-0.4090788379283631,-1.461440576166749,-1.2475548781531747,-0.7996548742607882,-0.22345527558581418,0.5043330225336705,0.9841231756854657,0
0.38177641932588297,0.9009088760241706,0.8491410419312149,0.34563886590233345,0.9474866733593919,-1.177851894974348,0.38271364074285674,-0.3041918912684436,0.03476089066945202,-0.2262991435398101,0.8085666669970842,0.46464895784237664,0.9841231756854657,0
1.0595727735687044,0.9009088760241706,-0.502969299721533,-0.692757288534071,0.7785050963005594,0.9048055324001227,-1.042512820865339,1.4316811360790147,0.25966967734776614,-0.6849837281165926,0.8085666669970842,-0.6068207888225592,0.9841231756854657,0
0.0428782422044723,0.9009088760241706,-1.179024470547907,0.3467285399043731,-0.23538436605243465,-1.177851894974348,1.7287608544839304,0.2744324511807092,-0.33784918875282943,0.6910700256137552,-0.22345527558581418,0.3654387961141419,0.9841231756854657,0
0.21232733076517762,0.9009088760241706,-0.502969299721533,0.3446281537844996,0.10257878806523006,0.21058638994196582,-0.5674373336626071,0.853056793629862,-1.8752853723150364,-0.9143260204049839,-0.22345527558581418,-0.5869787564769122,0.9841231756854657,0
0.38177641932588297,0.9009088760241706,1.5251962127575889,-0.6970528150348649,0.4405419421828948,0.9048055324001227,-1.042512820865339,1.4316811360790147,-1.0427871768490378,-0.6849837281165926,0.8085666669970842,0.5043330225336705,0.9841231756854657,0
0.7206745964472937,-1.1099901739376037,-1.179024470547907,0.3450387555823696,0.6095235192417271,-1.177851894974348,0.8577891279455886,0.2744324511807092,-1.3751150855229646,0.1177142948927768,0.29255569570563505,1.258330251668255,0.9841231756854657,0
1.2290218621294098,-1.1099901739376037,-1.179024470547907,-0.6751329959793431,1.6234129815947211,0.9048055324001227,-1.042512820865339,-1.461440576166749,-0.11965409719924096,-0.6849837281165926,0.8085666669970842,-1.4798702120310254,0.9841231756854657,0
0.7206745964472937,0.9009088760241706,1.5251962127575889,-0.6766648565329351,0.6095235192417271,0.9048055324001227,-1.042512820865339,-0.8828162337175963,0.4745079213389917,-0.6849837281165926,0.5505611813513597,0.9408577341379036,0.9841231756854657,0
1.2290218621294098,-1.1099901739376037,-0.502969299721533,0.34180131832993305,0.6095235192417271,0.21058638994196582,-0.09236184645987515,-0.3041918912684436,-1.4254677989584081,-0.570312581972397,0.03455021005991044,1.6154868338899002,0.9841231756854657,0
0.0428782422044723,0.9009088760241706,1.5251962127575889,-0.06919528896110204,-0.404365943111267,0.9048055324001227,0.38271364074285674,1.4316811360790147,-0.11965409719924096,0.23238544103697253,0.5505611813513597,0.9408577341379036,0.9841231756854657,0
0.38177641932588297,0.9009088760241706,0.8491410419312149,-0.07205370916935092,0.2715603651240624,0.9048055324001227,0.38271364074285674,0.2744324511807092,0.23617174441122635,0.23238544103697253,0.8085666669970842,-2.2140254088199627,0.9841231756854657,0
0.5512255078865883,-1.1099901739376037,-0.502969299721533,0.34974488388103353,0.7785050963005594,-1.177851894974348,-0.3140637404878167,1.4316811360790147,-1.173704231781191,-0.7996548742607882,-0.22345527558581418,-0.36871640067479566,0.9841231756854657,0
0.0428782422044723,-1.1099901739376037,-0.502969299721533,-0.06651058489810584,-0.23538436605243465,0.9048055324001227,0.38271364074285674,-0.8828162337175963,0.001192415045823164,0.23238544103697253,1.066572152642809,-0.07108591549009124,0.9841231756854657,0
0.5512255078865883,0.9009088760241706,-0.502969299721533,0.3480077224285066,0.4405419421828948,-1.177851894974348,0.12934004756806639,-0.8828162337175963,1.327147202179168,-0.45564143582820127,0.29255569570563505,-0.44808453005738347,0.9841231756854657,0
0.890123685007999,0.9009088760241706,0.8491410419312149,0.012103867017159197,0.7785050963005594,-1.177851894974348,1.9662985980852963,0.2744324511807092,1.2029438423717405,1.4937680486231246,0.5505611813513597,0.9011736694466097,-1.0161329645585022,1
1.0595727735687044,0.9009088760241706,-1.179024470547907,0.34402804346453575,0.6095235192417271,-1.177851894974348,-0.052772222526314166,0.853056793629862,0.11868207972852446,-0.570312581972397,0.5505611813513597,1.2186461869769611,0.9841231756854657,0
0.0428782422044723,-1.1099901739376037,-0.502969299721533,0.3428909923319727,0.4405419421828948,-1.177851894974348,-0.18737694390042153,0.853056793629862,-1.173704231781191,-0.6849837281165926,1.066572152642809,1.0797519605574324,-1.0161329645585022,0
1.0595727735687044,0.9009088760241706,1.5251962127575889,-0.07522797691442289,0.6095235192417271,0.9048055324001227,0.38271364074285674,1.4316811360790147,-0.005521280078902488,0.23238544103697253,0.03455021005991044,0.9606997664835506,0.9841231756854657,0
-0.12657084635623306,-1.1099901739376037,0.17308587110484092,0.34278044569408456,-0.5733475201700994,-1.177851894974348,0.6994306322113446,0.853056793629862,1.575553921794022,0.003043148748581378,0.29255569570563505,1.6750129309268411,-1.0161329645585022,0
0.21232733076517762,0.9009088760241706,-1.179024470547907,-0.06788452168328625,-0.06640278899360229,0.9048055324001227,0.38271364074285674,0.853056793629862,2.6933841600608672,0.23238544103697253,0.03455021005991044,-0.8449251769703227,-1.0161329645585022,0
-0.12657084635623306,0.9009088760241706,-0.502969299721533,-0.06218347364362962,-0.23538436605243465,0.9048055324001227,0.38271364074285674,0.2744324511807092,0.4745079213389917,0.23238544103697253,0.03455021005991044,0.06780831092943747,0.9841231756854657,0
0.21232733076517762,-1.1099901739376037,1.5251962127575889,0.34508613271289307,0.2715603651240624,0.21058638994196582,0.8577891279455886,-0.8828162337175963,0.3939435798422821,0.1177142948927768,1.066572152642809,-0.5076106270943244,0.9841231756854657,0
0.21232733076517762,0.9009088760241706,-0.502969299721533,0.34650744662859695,0.2715603651240624,-1.177851894974348,1.6495816066168083,-0.3041918912684436,0.27645391515958084,0.6910700256137552,-0.22345527558581418,-0.20998014190961997,0.9841231756854657,0
0.890123685007999,0.9009088760241706,1.5251962127575889,0.339953610239518,0.9474866733593919,-1.177851894974348,1.6495816066168083,-0.8828162337175963,1.2096575374964662,0.6910700256137552,-0.22345527558581418,1.8734332543833108,-1.0161329645585022,0
0.0428782422044723,-1.1099901739376037,-1.179024470547907,-0.06294150773200502,0.2715603651240624,0.9048055324001227,0.38271364074285674,-0.8828162337175963,-1.3751150855229646,0.23238544103697253,-0.22345527558581418,0.6630692812988462,-1.0161329645585022,0
1.2290218621294098,0.9009088760241706,1.5251962127575889,-0.06360478755933349,1.2854498274770565,0.9048055324001227,0.38271364074285674,1.4316811360790147,1.0418151593783211,0.23238544103697253,0.5505611813513597,0.8813316371009629,-1.0161329645585022,0
0.0428782422044723,0.9009088760241706,-0.502969299721533,-0.06033576555321459,0.10257878806523006,0.9048055324001227,0.38271364074285674,-1.461440576166749,0.001192415045823164,0.23238544103697253,0.29255569570563505,0.8614896047553159,0.9841231756854657,0
0.21232733076517762,-1.1099901739376037,-1.179024470547907,0.3478971757906185,0.4405419421828948,-1.177851894974348,0.06599664927436881,1.4316811360790147,0.001192415045823164,-0.45564143582820127,0.5505611813513597,0.6432272489531993,-1.0161329645585022,0
0.7206745964472937,0.9009088760241706,1.5251962127575889,-0.05120777173902753,0.2715603651240624,0.9048055324001227,0.38271364074285674,1.4316811360790147,-1.4724636648314886,0.23238544103697253,1.066572152642809,-1.4997122443766724,-1.0161329645585022,0
0.0428782422044723,0.9009088760241706,-1.179024470547907,-0.04929689414124788,0.4405419421828948,0.9048055324001227,0.38271364074285674,0.2744324511807092,-0.21364582894540246,0.23238544103697253,1.066572152642809,1.1988041546313142,0.9841231756854657,0
0.21232733076517762,0.9009088760241706,-0.502969299721533,0.22977019701878595,0.7785050963005594,-1.177851894974348,2.4413740852880284,-1.461440576166749,1.451350561986595,1.379096902478929,0.03455021005991044,-0.6266628211682062,-1.0161329645585022,1
1.2290218621294098,-1.1099901739376037,-0.502969299721533,-0.03955299763025581,1.2854498274770565,0.9048055324001227,0.38271364074285674,-0.8828162337175963,0.16232109803924238,0.23238544103697253,0.5505611813513597,-0.07108591549009124,0.9841231756854657,0
0.21232733076517762,-1.1099901739376037,0.17308587110484092,0.3587623310573325,0.4405419421828948,-1.177851894974348,4.024959042630468,0.853056793629862,-0.707102420612748,2.2964660716324943,0.03455021005991044,1.1789621222856672,0.9841231756854657,0
-0.12657084635623306,-1.1099901739376037,0.8491410419312149,-0.0439274860152555,0.10257878806523006,0.9048055324001227,0.38271364074285674,0.2744324511807092,0.8336906105118219,0.23238544103697253,-0.22345527558581418,-0.8846092416616166,-1.0161329645585022,0
0.0428782422044723,0.9009088760241706,-1.179024470547907,0.3564724364153652,0.10257878806523006,-1.177851894974348,0.0026532509806712224,-0.3041918912684436,1.4312094766124175,-0.570312581972397,-0.22345527558581418,0.32575473142284794,0.9841231756854657,0
0.5512255078865883,0.9009088760241706,-1.179024470547907,-0.5244105514073685,0.6095235192417271,0.21058638994196582,-0.47242223622206064,-0.8828162337175963,0.8269769153870962,0.003043148748581378,-0.22345527558581418,0.7225953783357871,0.9841231756854657,0
-0.12657084635623306,0.9009088760241706,-0.502969299721533,-0.527537442021917,0.10257878806523006,0.21058638994196582,-0.8841543251310949,-0.3041918912684436,-1.1166378232210217,-0.570312581972397,0.8085666669970842,-0.11076998018138517,0.9841231756854657,0
-0.12657084635623306,0.9009088760241706,-0.502969299721533,0.3581148436068452,-0.06640278899360229,-1.177851894974348,1.3328646151483206,1.4316811360790147,-1.173704231781191,0.4617277333253637,1.066572152642809,0.18686050500331922,0.9841231756854657,0
0.38177641932588297,-1.1099901739376037,-0.502969299721533,-0.527948043819787,0.7785050963005594,0.21058638994196582,-0.5674373336626071,-0.8828162337175963,0.19253272610050842,-0.11162799739561437,0.29255569570563505,-0.30919030363785477,0.9841231756854657,0
0.5512255078865883,-1.1099901739376037,-1.179024470547907,-0.026350570591051,0.4405419421828948,0.9048055324001227,0.38271364074285674,1.4316811360790147,0.5785701957722418,0.1177142948927768,0.5505611813513597,0.9210157017922567,0.9841231756854657,0
-0.12657084635623306,-1.1099901739376037,-1.179024470547907,0.36212610732449835,0.10257878806523006,-1.177851894974348,-0.804975077263973,-1.461440576166749,-1.173704231781191,-1.143668312693375,1.066572152642809,0.6233852166075523,0.9841231756854657,0
0.38177641932588297,-1.1099901739376037,-1.179024470547907,0.3609732638150941,0.10257878806523006,-1.177851894974348,-0.2507203421941191,0.853056793629862,0.5651428055227898,-0.6849837281165926,0.29255569570563505,0.9408577341379036,0.9841231756854657,0
0.5512255078865883,0.9009088760241706,-0.502969299721533,0.3666743118547507,0.4405419421828948,-1.177851894974348,-1.121692068732461,1.4316811360790147,-0.8447331706696268,-1.3730106049817663,1.066572152642809,-0.2893482712922078,-1.0161329645585022,0
0.890123685007999,0.9009088760241706,-0.502969299721533,-0.020602145420870913,0.2715603651240624,0.9048055324001227,0.38271364074285674,1.4316811360790147,0.001192415045823164,0.1177142948927768,0.5505611813513597,-1.0830295651180861,0.9841231756854657,0
0.7206745964472937,0.9009088760241706,-1.179024470547907,0.36432124770541874,1.1164682504182242,-1.177851894974348,-0.5674373336626071,-1.461440576166749,0.665848232393677,-0.9143260204049839,0.29255569570563505,-0.6663468858595001,0.9841231756854657,0
0.7206745964472937,0.9009088760241706,1.5251962127575889,0.36869573609041845,0.9474866733593919,-1.177851894974348,1.6495816066168083,0.2744324511807092,-0.7138161157374736,0.5763988794695595,-0.22345527558581418,0.20670253734896618,-1.0161329645585022,0
0.21232733076517762,0.9009088760241706,-1.179024470547907,-0.12893785055118795,0.2715603651240624,0.9048055324001227,0.38271364074285674,-1.461440576166749,1.8407448792206904,0.3470565871811683,0.8085666669970842,1.317856348705196,-1.0161329645585022,1
0.38177641932588297,-1.1099901739376037,1.5251962127575889,-0.010874041286719998,0.6095235192417271,0.9048055324001227,0.38271364074285674,0.853056793629862,0.16232109803924238,0.1177142948927768,0.29255569570563505,1.9924854484571926,0.9841231756854657,0
1.0595727735687044,-1.1099901739376037,1.5251962127575889,-0.013385029204463496,1.7923945586535535,0.9048055324001227,0.38271364074285674,-1.461440576166749,-1.1804179269059165,0.1177142948927768,0.29255569570563505,1.1591200899400202,0.9841231756854657,0
-0.12657084635623306,0.9009088760241706,-1.179024470547907,-0.014585249844391208,-0.404365943111267,0.9048055324001227,0.38271364074285674,0.853056793629862,0.001192415045823164,0.1177142948927768,-0.22345527558581418,-0.9639773710442044,0.9841231756854657,0
0.5512255078865883,-1.1099901739376037,0.8491410419312149,0.2521637873795424,0.6095235192417271,-1.177851894974348,0.952804225386135,-0.8828162337175963,0.5114332445249834,0.23238544103697253,-0.22345527558581418,-0.32903233598350173,-1.0161329645585022,1
0.7206745964472937,0.9009088760241706,-1.179024470547907,0.3666427271010684,0.2715603651240624,-1.177851894974348,-0.09236184645987515,1.4316811360790147,-0.5661148229935064,-0.570312581972397,0.03455021005991044,0.9805417988291976,0.9841231756854657,0
0.21232733076517762,-1.1099901739376037,-1.179024470547907,0.37010125762928114,0.7785050963005594,-1.177851894974348,-0.5674373336626071,-1.461440576166749,-1.1166378232210217,-0.9143260204049839,0.5505611813513597,-0.03140185079879733,-1.0161329645585022,0
0.38177641932588297,0.9009088760241706,1.5251962127575889,0.36601103202742225,0.6095235192417271,0.21058638994196582,-0.2823920413409679,1.4316811360790147,-1.6705176710108995,-0.6849837281165926,1.066572152642809,0.3654387961141419,0.9841231756854657,0
0.0428782422044723,0.9009088760241706,-1.179024470547907,0.01759961415788082,-0.5733475201700994,0.9048055324001227,0.38271364074285674,-0.3041918912684436,0.001192415045823164,0.1177142948927768,-0.22345527558581418,1.0995939929030794,-1.0161329645585022,0
0.890123685007999,-1.1099901739376037,-1.179024470547907,0.14010108131471305,0.7785050963005594,-1.177851894974348,-0.7257958293968509,-1.461440576166749,1.7736079279734327,-0.9143260204049839,0.8085666669970842,1.0400678958661385,-1.0161329645585022,1
0.0428782422044723,-1.1099901739376037,0.8491410419312149,0.02773832008990174,-0.23538436605243465,0.9048055324001227,0.38271364074285674,-0.8828162337175963,0.001192415045823164,0.1177142948927768,0.29255569570563505,-2.1743413441286688,0.9841231756854657,0
-0.12657084635623306,-1.1099901739376037,-0.502969299721533,0.02162667025237511,-0.06640278899360229,0.9048055324001227,0.38271364074285674,0.853056793629862,0.7464125738903866,0.1177142948927768,0.29255569570563505,-1.4203441149940845,0.9841231756854657,0
0.5512255078865883,-1.1099901739376037,0.8491410419312149,0.044193976758384296,0.9474866733593919,0.9048055324001227,0.38271364074285674,-1.461440576166749,-1.1233515183457474,0.1177142948927768,0.5505611813513597,0.22654456969461315,0.9841231756854657,0
0.5512255078865883,0.9009088760241706,-0.502969299721533,0.04199883637746388,0.6095235192417271,0.9048055324001227,0.38271364074285674,0.2744324511807092,0.001192415045823164,0.1177142948927768,0.03455021005991044,0.6233852166075523,0.9841231756854657,0
-0.12657084635623306,0.9009088760241706,1.5251962127575889,0.3705908213113569,-0.06640278899360229,-1.177851894974348,2.2830155895537843,0.2744324511807092,0.23617174441122635,1.035083464046342,1.066572152642809,-0.051243883144444294,-1.0161329645585022,0
1.2290218621294098,0.9009088760241706,0.8491410419312149,0.3695959015703642,0.9474866733593919,-1.177851894974348,0.6994306322113446,0.2744324511807092,-0.11965409719924096,0.003043148748581378,-0.22345527558581418,0.6829113136444932,0.9841231756854657,0
0.21232733076517762,-1.1099901739376037,0.8491410419312149,-0.041305951459623916,0.7785050963005594,0.9048055324001227,0.38271364074285674,-1.461440576166749,0.4745079213389917,0.23238544103697253,0.5505611813513597,1.0797519605574324,-1.0161329645585022,1
-0.12657084635623306,-1.1099901739376037,0.8491410419312149,0.07603140847015093,-0.404365943111267,0.9048055324001227,0.38271364074285674,1.4316811360790147,-0.25392799969375696,0.003043148748581378,0.8085666669970842,0.286070666731554,0.9841231756854657,0
0.38177641932588297,-1.1099901739376037,-1.179024470547907,0.3579727122152748,0.6095235192417271,-1.177851894974348,0.8577891279455886,-0.8828162337175963,-1.6705176710108995,0.1177142948927768,0.5505611813513597,1.9131173190746047,0.9841231756854657,0
0.0428782422044723,-1.1099901739376037,-1.179024470547907,0.08166928700244294,-0.06640278899360229,0.9048055324001227,0.38271364074285674,-0.3041918912684436,1.0955247203761276,0.003043148748581378,0.03455021005991044,0.08765034327508442,0.9841231756854657,0
-0.12657084635623306,-1.1099901739376037,-0.502969299721533,0.07928463809942868,-0.23538436605243465,0.9048055324001227,0.38271364074285674,0.2744324511807092,-0.11965409719924096,0.003043148748581378,0.5505611813513597,1.0797519605574324,-1.0161329645585022,0
-0.12657084635623306,-1.1099901739376037,0.8491410419312149,0.3649213580253826,-0.23538436605243465,-1.177851894974348,-0.9158260242779438,1.4316811360790147,-1.6705176710108995,-1.143668312693375,0.03455021005991044,-0.686188918205147,0.9841231756854657,0
0.0428782422044723,-1.1099901739376037,-1.179024470547907,0.36518982843168224,-0.23538436605243465,-1.177851894974348,2.2830155895537843,-0.8828162337175963,2.6933841600608672,1.035083464046342,0.29255569570563505,0.38528082845978884,0.9841231756854657,0
-0.12657084635623306,-1.1099901739376037,-1.179024470547907,0.3666427271010684,-0.404365943111267,-1.177851894974348,0.38271364074285674,-0.8828162337175963,-1.4724636648314886,-0.2262991435398101,1.066572152642809,-0.07108591549009124,0.9841231756854657,0
0.21232733076517762,-1.1099901739376037,-1.179024470547907,0.36184184454135754,-0.23538436605243465,-1.177851894974348,0.8577891279455886,0.2744324511807092,-0.11965409719924096,0.1177142948927768,0.8085666669970842,0.8813316371009629,-1.0161329645585022,0
-0.12657084635623306,0.9009088760241706,1.5251962127575889,0.13638987275704184,-0.06640278899360229,-1.177851894974348,1.3328646151483206,-1.461440576166749,0.5651428055227898,0.6910700256137552,0.03455021005991044,0.5638591195706114,-1.0161329645585022,1
0.890123685007999,-1.1099901739376037,-1.179024470547907,0.08566475834325492,0.10257878806523006,0.9048055324001227,0.38271364074285674,0.853056793629862,1.5587696839822078,0.003043148748581378,-0.22345527558581418,-1.658448503141848,-1.0161329645585022,0
0.5512255078865883,0.9009088760241706,-1.179024470547907,0.08007425694148637,0.4405419421828948,0.9048055324001227,0.38271364074285674,-0.3041918912684436,0.001192415045823164,0.003043148748581378,0.03455021005991044,0.8416475724096689,-1.0161329645585022,0
-0.12657084635623306,-1.1099901739376037,-1.179024470547907,0.07688419681957326,-0.23538436605243465,0.9048055324001227,0.38271364074285674,1.4316811360790147,-0.005521280078902488,0.003043148748581378,0.5505611813513597,-3.206127026102311,0.9841231756854657,0
0.7206745964472937,0.9009088760241706,-1.179024470547907,-0.5342649945562487,0.9474866733593919,0.21058638994196582,-0.7257958293968509,0.2744324511807092,1.4647779522360462,-0.34097028968400567,-0.22345527558581418,-0.07108591549009124,-1.0161329645585022,0
-0.12657084635623306,-1.1099901739376037,0.17308587110484092,-0.5364443425603279,-0.5733475201700994,0.21058638994196582,-0.5674373336626071,-0.3041918912684436,-1.8752853723150364,-0.11162799739561437,0.03455021005991044,0.14717644031202531,-1.0161329645585022,0
0.0428782422044723,0.9009088760241706,0.8491410419312149,0.3641001544296426,-0.06640278899360229,-1.177851894974348,1.1428344202672278,-0.8828162337175963,1.8407448792206904,0.23238544103697253,0.5505611813513597,-0.7457150152420878,0.9841231756854657,0
0.21232733076517762,-1.1099901739376037,0.8491410419312149,0.09583504902895815,0.10257878806523006,0.9048055324001227,0.38271364074285674,0.2744324511807092,0.001192415045823164,0.003043148748581378,-0.22345527558581418,0.286070666731554,-1.0161329645585022,0
0.38177641932588297,-1.1099901739376037,-0.502969299721533,0.09848816833827204,0.2715603651240624,0.9048055324001227,0.38271364074285674,-0.3041918912684436,-0.707102420612748,0.003043148748581378,0.5505611813513597,-0.6068207888225592,0.9841231756854657,0
0.21232733076517762,-1.1099901739376037,-0.502969299721533,0.3633737050949495,-0.23538436605243465,-1.177851894974348,-0.3298995900612411,1.4316811360790147,0.16232109803924238,-0.7996548742607882,1.066572152642809,-0.24966420660091387,-1.0161329645585022,0
0.21232733076517762,-1.1099901739376037,-0.502969299721533,0.09923041004980628,-0.06640278899360229,0.9048055324001227,0.38271364074285674,-1.461440576166749,0.7229146409538463,0.003043148748581378,0.8085666669970842,0.0479662785837905,0.9841231756854657,0
0.0428782422044723,-1.1099901739376037,-0.502969299721533,0.11361726535209765,-0.06640278899360229,0.9048055324001227,0.38271364074285674,1.4316811360790147,0.8336906105118219,0.003043148748581378,0.03455021005991044,1.0797519605574324,0.9841231756854657,0
0.38177641932588297,0.9009088760241706,-1.179024470547907,-0.5473568749575655,0.7785050963005594,0.21058638994196582,0.06599664927436881,1.4316811360790147,-1.6705176710108995,0.9204123179021463,1.066572152642809,0.46464895784237664,0.9841231756854657,0
0.0428782422044723,0.9009088760241706,0.8491410419312149,0.12064487304641122,-0.23538436605243465,0.9048055324001227,0.38271364074285674,0.2744324511807092,1.0955247203761276,0.003043148748581378,0.03455021005991044,-1.8171847619070236,0.9841231756854657,0
-0.12657084635623306,-1.1099901739376037,0.8491410419312149,0.11375939674366804,-0.404365943111267,0.9048055324001227,0.38271364074285674,-0.8828162337175963,-1.4724636648314886,0.003043148748581378,0.5505611813513597,-2.23386744116561,0.9841231756854657,0
1.0595727735687044,0.9009088760241706,-1.179024470547907,0.35967828891411946,1.2854498274770565,-1.177851894974348,0.8577891279455886,-0.3041918912684436,1.6729025011025462,0.1177142948927768,0.8085666669970842,-0.7853990799333818,-1.0161329645585022,0
0.0428782422044723,0.9009088760241706,-0.502969299721533,0.36522141318536455,-0.23538436605243465,-1.177851894974348,4.024959042630468,0.853056793629862,-0.34120603631519225,2.2964660716324943,-0.22345527558581418,-1.4600281796853785,0.9841231756854657,0
1.0595727735687044,0.9009088760241706,-0.502969299721533,0.35899921670994983,0.7785050963005594,-1.177851894974348,2.2830155895537843,-0.3041918912684436,0.16232109803924238,1.035083464046342,0.29255569570563505,-1.162397694500674,-1.0161329645585022,0
0.0428782422044723,-1.1099901739376037,-1.179024470547907,0.366295294810563,0.2715603651240624,-1.177851894974348,0.8577891279455886,-0.8828162337175963,-0.8447331706696268,0.1177142948927768,0.29255569570563505,0.8416475724096689,0.9841231756854657,0
1.2290218621294098,0.9009088760241706,-1.179024470547907,0.36218927683186297,1.2854498274770565,-1.177851894974348,1.8079401023510524,-1.461440576166749,-1.1804179269059165,0.6910700256137552,0.8085666669970842,-1.0830295651180861,0.9841231756854657,0
0.0428782422044723,-1.1099901739376037,1.5251962127575889,0.36225244633922754,0.6095235192417271,-1.177851894974348,0.4618928886099787,0.853056793629862,-1.1804179269059165,-0.2262991435398101,0.29255569570563505,-1.6187644384505542,0.9841231756854657,0
0.890123685007999,0.9009088760241706,-0.502969299721533,0.12257154302103201,1.1164682504182242,0.9048055324001227,0.38271364074285674,0.2744324511807092,0.3301634761573873,0.003043148748581378,-0.22345527558581418,0.06780831092943747,0.9841231756854657,0
0.7206745964472937,-1.1099901739376037,-1.179024470547907,0.12361383989254819,0.6095235192417271,0.9048055324001227,0.38271364074285674,1.4316811360790147,-0.12972463988633004,0.003043148748581378,-0.22345527558581418,0.10749237562073138,0.9841231756854657,0
0.0428782422044723,-1.1099901739376037,-0.502969299721533,0.36534775220009374,-0.06640278899360229,-1.177851894974348,-0.08048495927980685,1.4316811360790147,-1.1804179269059165,-0.570312581972397,1.066572152642809,1.0400678958661385,0.9841231756854657,0
0.21232733076517762,0.9009088760241706,0.8491410419312149,-0.06946375936740165,0.2715603651240624,-1.177851894974348,-0.9474977234247925,0.2744324511807092,2.344272013575125,-1.0289971665491795,0.8085666669970842,0.305912699077201,-1.0161329645585022,1
1.0595727735687044,0.9009088760241706,0.8491410419312149,0.008629544112105297,1.2854498274770565,0.9048055324001227,0.38271364074285674,-1.461440576166749,1.1055952630632166,0.1177142948927768,0.03455021005991044,-0.15045404487267908,-1.0161329645585022,1
1.2290218621294098,0.9009088760241706,-1.179024470547907,0.3670849136526207,1.2854498274770565,-1.177851894974348,-0.18737694390042153,-0.8828162337175963,0.3301634761573873,-0.6849837281165926,0.8085666669970842,0.801963507718375,-1.0161329645585022,0
0.7206745964472937,0.9009088760241706,-0.502969299721533,0.358304352128939,0.4405419421828948,-1.177851894974348,-0.2507203421941191,1.4316811360790147,2.6128198185641573,-0.6849837281165926,-0.22345527558581418,0.6829113136444932,0.9841231756854657,0
0.38177641932588297,-1.1099901739376037,-0.502969299721533,0.3663584643179276,0.6095235192417271,-1.177851894974348,-0.5674373336626071,0.2744324511807092,-1.8752853723150364,-0.9143260204049839,0.5505611813513597,0.9408577341379036,-1.0161329645585022,0
0.0428782422044723,0.9009088760241706,-0.502969299721533,0.12939384981641058,-0.5733475201700994,0.9048055324001227,0.38271364074285674,-1.461440576166749,-1.1804179269059165,0.003043148748581378,0.03455021005991044,1.1392780575943733,0.9841231756854657,0
-0.12657084635623306,0.9009088760241706,-1.179024470547907,0.36841147330727764,-0.23538436605243465,-1.177851894974348,0.06599664927436881,0.853056793629862,-1.1804179269059165,-0.45564143582820127,0.5505611813513597,0.6829113136444932,0.9841231756854657,0
1.0595727735687044,-1.1099901739376037,0.17308587110484092,0.13830075035482148,1.1164682504182242,-1.177851894974348,-0.3298995900612411,0.853056793629862,1.6729025011025462,-0.6849837281165926,-0.22345527558581418,2.0123274808028393,-1.0161329645585022,1
0.5512255078865883,0.9009088760241706,-0.502969299721533,0.36886945223567114,0.9474866733593919,-1.177851894974348,1.0161476236798326,1.4316811360790147,0.001192415045823164,0.1177142948927768,1.066572152642809,1.5361187045073124,-1.0161329645585022,0
1.0595727735687044,0.9009088760241706,-1.179024470547907,0.3613522808592818,0.7785050963005594,-1.177851894974348,-0.4882580857954851,-0.3041918912684436,-0.46205254856025635,-0.9143260204049839,0.29255569570563505,0.46464895784237664,0.9841231756854657,0
0.0428782422044723,0.9009088760241706,-1.179024470547907,0.1434174804513554,0.2715603651240624,0.9048055324001227,0.38271364074285674,0.853056793629862,-0.707102420612748,-0.11162799739561437,1.066572152642809,0.20670253734896618,0.9841231756854657,0
-0.12657084635623306,-1.1099901739376037,0.8491410419312149,0.14038534409785383,-0.23538436605243465,0.9048055324001227,0.38271364074285674,-0.3041918912684436,1.0653130923148617,0.003043148748581378,0.29255569570563505,1.0202258635204915,0.9841231756854657,0
-0.12657084635623306,0.9009088760241706,1.5251962127575889,0.15564078012640867,-0.06640278899360229,0.9048055324001227,0.38271364074285674,1.4316811360790147,0.3939435798422821,-0.11162799739561437,0.03455021005991044,1.337698381050843,0.9841231756854657,0
-0.12657084635623306,0.9009088760241706,-0.502969299721533,-0.4851664949571006,-0.23538436605243465,0.9048055324001227,-1.042512820865339,-0.8828162337175963,-1.2106295549671826,-0.9143260204049839,0.8085666669970842,0.5837011519162584,0.9841231756854657,0
-0.12657084635623306,0.9009088760241706,-0.502969299721533,-0.4688371773033473,-0.5733475201700994,0.9048055324001227,-1.042512820865339,0.2744324511807092,0.830333762949459,-0.9143260204049839,-0.22345527558581418,0.06780831092943747,0.9841231756854657,0
0.0428782422044723,0.9009088760241706,0.8491410419312149,0.36972224058509345,-0.23538436605243465,-1.177851894974348,-0.7257958293968509,0.2744324511807092,-1.371758237960602,-1.0289971665491795,0.5505611813513597,0.5638591195706114,-1.0161329645585022,0
0.38177641932588297,0.9009088760241706,-1.179024470547907,0.362805179528668,0.4405419421828948,-1.177851894974348,1.3328646151483206,-0.3041918912684436,0.6893461653302174,0.3470565871811683,-0.22345527558581418,-1.5195542767223194,0.9841231756854657,0
0.0428782422044723,0.9009088760241706,0.8491410419312149,-0.4684739526360008,-0.404365943111267,0.9048055324001227,-1.042512820865339,1.4316811360790147,0.03476089066945202,-0.9143260204049839,0.03455021005991044,-1.0235034680811452,0.9841231756854657,0
0.5512255078865883,0.9009088760241706,1.5251962127575889,-0.5817842564712813,1.1164682504182242,0.9048055324001227,-1.042512820865339,1.4316811360790147,1.253296555807184,-0.7996548742607882,0.8085666669970842,1.774223092655076,-1.0161329645585022,1
0.7206745964472937,-1.1099901739376037,-1.179024470547907,-0.4705585463790331,0.2715603651240624,0.9048055324001227,-1.042512820865339,0.2744324511807092,0.001192415045823164,-0.9143260204049839,0.29255569570563505,-0.03140185079879733,-1.0161329645585022,0
1.2290218621294098,-1.1099901739376037,1.5251962127575889,0.36525299793904686,1.2854498274770565,-1.177851894974348,0.38271364074285674,0.853056793629862,-0.33784918875282943,-0.2262991435398101,-0.22345527558581418,1.8337491896920168,-1.0161329645585022,0
0.0428782422044723,-1.1099901739376037,-1.179024470547907,0.3644949638506714,-0.06640278899360229,-1.177851894974348,1.6495816066168083,-1.461440576166749,-0.4654093961226198,0.5763988794695595,-0.22345527558581418,-1.8568688265983175,0.9841231756854657,0
0.21232733076517762,-1.1099901739376037,-0.502969299721533,-0.4497126089487097,0.4405419421828948,0.9048055324001227,-1.042512820865339,0.2744324511807092,0.5651428055227898,-0.9143260204049839,-0.22345527558581418,0.821805540064022,-1.0161329645585022,0
0.5512255078865883,-1.1099901739376037,-0.502969299721533,0.3648266037643357,0.6095235192417271,-1.177851894974348,-0.804975077263973,0.853056793629862,-1.4993184453303918,-1.143668312693375,0.03455021005991044,1.1194360252487263,0.9841231756854657,0
0.7206745964472937,-1.1099901739376037,-1.179024470547907,-0.45066015155917893,-0.06640278899360229,0.9048055324001227,-1.042512820865339,0.2744324511807092,-1.1804179269059165,-0.9143260204049839,1.066572152642809,-0.5076106270943244,-1.0161329645585022,0
0.21232733076517762,0.9009088760241706,0.8491410419312149,0.3605310772635418,0.4405419421828948,-1.177851894974348,2.4413740852880284,0.853056793629862,-0.5896127559300467,1.1497546101905376,1.066572152642809,0.7622794430270811,0.9841231756854657,0
-0.12657084635623306,0.9009088760241706,-0.502969299721533,-0.5622332939419326,0.4405419421828948,0.9048055324001227,-1.042512820865339,-0.3041918912684436,1.5486991412951188,-0.7996548742607882,0.29255569570563505,0.5440170872249644,-1.0161329645585022,1
1.2290218621294098,0.9009088760241706,-0.502969299721533,-0.5633071755671311,0.6095235192417271,0.9048055324001227,-1.042512820865339,0.853056793629862,0.001192415045823164,-0.7996548742607882,1.066572152642809,0.7424374106814341,-1.0161329645585022,1
0.21232733076517762,0.9009088760241706,1.5251962127575889,0.36741655356628494,-0.404365943111267,-1.177851894974348,1.6495816066168083,1.4316811360790147,-0.21028898138303903,0.5763988794695595,0.8085666669970842,0.16701847265767225,0.9841231756854657,0
-0.12657084635623306,0.9009088760241706,0.17308587110484092,0.3661531634189926,-0.404365943111267,0.21058638994196582,1.6495816066168083,1.4316811360790147,-1.0495008719737637,0.5763988794695595,0.03455021005991044,0.6432272489531993,-1.0161329645585022,0
0.890123685007999,0.9009088760241706,-1.179024470547907,0.3591255557246791,0.7785050963005594,-1.177851894974348,-0.7257958293968509,-1.461440576166749,0.8739727812601764,-1.0289971665491795,0.29255569570563505,0.4844909901880236,0.9841231756854657,0
-0.12657084635623306,0.9009088760241706,-0.502969299721533,0.36727442217471457,-0.06640278899360229,0.21058638994196582,0.06599664927436881,1.4316811360790147,0.7464125738903866,-0.45564143582820127,0.29255569570563505,-0.32903233598350173,-1.0161329645585022,0
-0.12657084635623306,0.9009088760241706,-0.502969299721533,-0.5478148538859589,-0.23538436605243465,0.21058638994196582,1.1349164954805155,1.4316811360790147,1.451350561986595,2.640479510065081,1.066572152642809,0.08765034327508442,-1.0161329645585022,0
0.0428782422044723,0.9009088760241706,-0.502969299721533,-0.4487966510919228,-0.06640278899360229,0.9048055324001227,-1.042512820865339,0.2744324511807092,-0.25392799969375696,-0.9143260204049839,1.066572152642809,-1.3806600503027906,0.9841231756854657,0
-0.12657084635623306,0.9009088760241706,0.8491410419312149,-0.4491756681361105,0.2715603651240624,0.9048055324001227,-1.042512820865339,-0.8828162337175963,-0.6936750303632967,-0.9143260204049839,-0.22345527558581418,-0.22982217425526694,0.9841231756854657,0
-0.12657084635623306,0.9009088760241706,0.8491410419312149,-0.4483386721635293,-0.5733475201700994,0.9048055324001227,-1.042512820865339,1.4316811360790147,0.27645391515958084,-0.9143260204049839,-0.22345527558581418,-2.3727616675851384,0.9841231756854657,0
-0.12657084635623306,0.9009088760241706,-0.502969299721533,-0.45561895788730133,0.2715603651240624,0.9048055324001227,-1.042512820865339,-1.461440576166749,0.001192415045823164,-0.9143260204049839,0.29255569570563505,1.9726434161115456,0.9841231756854657,0
-0.12657084635623306,0.9009088760241706,-1.179024470547907,0.36477922663381224,0.6095235192417271,-1.177851894974348,-0.3298995900612411,1.4316811360790147,-0.005521280078902488,-0.7996548742607882,1.066572152642809,-1.0235034680811452,-1.0161329645585022,0
0.890123685007999,-1.1099901739376037,-1.179024470547907,0.3524769650745532,1.6234129815947211,-1.177851894974348,-0.2507203421941191,-0.3041918912684436,-1.2979075915886182,-0.6849837281165926,0.5505611813513597,-0.011559818453150373,0.9841231756854657,0
0.890123685007999,0.9009088760241706,-1.179024470547907,-0.0705850181231236,0.4405419421828948,-1.177851894974348,1.6495816066168083,0.2744324511807092,0.001192415045823164,1.4937680486231246,0.5505611813513597,1.317856348705196,-1.0161329645585022,1
-0.12657084635623306,-1.1099901739376037,1.5251962127575889,0.36225244633922754,-0.7423290972289317,-1.177851894974348,-0.646616581529729,-0.3041918912684436,0.11868207972852446,-1.0289971665491795,0.8085666669970842,1.5162766721616654,-1.0161329645585022,0
0.5512255078865883,0.9009088760241706,1.5251962127575889,0.1325207404309591,0.2715603651240624,-1.177851894974348,1.0161476236798326,-0.3041918912684436,2.820944367430657,0.4617277333253637,0.03455021005991044,1.337698381050843,-1.0161329645585022,1
0.7206745964472937,-1.1099901739376037,-1.179024470547907,0.14024321270628343,1.1164682504182242,-1.177851894974348,-0.765385453330412,0.853056793629862,0.7061304031420315,-1.0289971665491795,0.8085666669970842,-1.7973427295613766,-1.0161329645585022,1
0.21232733076517762,0.9009088760241706,-1.179024470547907,0.3710172154860681,0.4405419421828948,-1.177851894974348,0.06599664927436881,-0.3041918912684436,-1.0495008719737637,-0.45564143582820127,1.066572152642809,-0.9838194033898514,-1.0161329645585022,0
0.0428782422044723,-1.1099901739376037,0.8491410419312149,-0.43368334645493833,0.2715603651240624,0.9048055324001227,-1.042512820865339,-0.8828162337175963,-1.1166378232210217,-0.9143260204049839,0.03455021005991044,-0.8250831446246757,0.9841231756854657,0
0.7206745964472937,-1.1099901739376037,-0.502969299721533,0.36624791768003956,0.6095235192417271,-1.177851894974348,0.06599664927436881,0.853056793629862,-1.0964967378468442,-0.45564143582820127,0.5505611813513597,0.7225953783357871,-1.0161329645585022,0
0.0428782422044723,0.9009088760241706,1.5251962127575889,0.36680065086947994,0.4405419421828948,-1.177851894974348,1.3328646151483206,0.2744324511807092,0.5114332445249834,0.3470565871811683,1.066572152642809,0.028124246238143545,0.9841231756854657,0
0.0428782422044723,0.9009088760241706,0.8491410419312149,0.1783028408934648,0.2715603651240624,0.9048055324001227,0.38271364074285674,-0.8828162337175963,-1.6705176710108995,-0.11162799739561437,0.03455021005991044,-0.8449251769703227,0.9841231756854657,0
0.0428782422044723,0.9009088760241706,1.5251962127575889,-0.5442457767198581,-0.06640278899360229,0.21058638994196582,-0.2823920413409679,0.2744324511807092,1.5352717510456675,0.3470565871811683,0.8085666669970842,1.5956448015442533,0.9841231756854657,0
0.5512255078865883,-1.1099901739376037,1.5251962127575889,0.13725845348330531,1.1164682504182242,-1.177851894974348,1.3328646151483206,-1.461440576166749,2.142861159833352,0.6910700256137552,1.066572152642809,0.9606997664835506,-1.0161329645585022,1
-0.12657084635623306,0.9009088760241706,-0.502969299721533,0.1740704839000355,0.10257878806523006,0.9048055324001227,0.38271364074285674,1.4316811360790147,0.16232109803924238,-0.11162799739561437,-0.22345527558581418,-1.6386064707962011,-1.0161329645585022,0
-0.12657084635623306,0.9009088760241706,1.5251962127575889,0.36128911135191716,-0.23538436605243465,0.21058638994196582,1.4912231108825644,1.4316811360790147,0.9780350556934264,0.4617277333253637,-0.22345527558581418,1.5361187045073124,0.9841231756854657,0
1.0595727735687044,0.9009088760241706,0.17308587110484092,0.1765498870640967,0.7785050963005594,0.9048055324001227,0.38271364074285674,1.4316811360790147,-1.2475548781531747,-0.11162799739561437,0.5505611813513597,-1.162397694500674,0.9841231756854657,0
0.0428782422044723,-1.1099901739376037,-1.179024470547907,0.36847464281464226,0.10257878806523006,-1.177851894974348,-0.4090788379283631,-1.461440576166749,-0.811164695045998,-0.7996548742607882,-0.22345527558581418,1.6154868338899002,0.9841231756854657,0
0.0428782422044723,-1.1099901739376037,-1.179024470547907,0.06316062134461035,-0.23538436605243465,0.9048055324001227,0.38271364074285674,1.4316811360790147,1.159304824061023,0.003043148748581378,0.8085666669970842,1.278172284013902,-1.0161329645585022,1
-0.12657084635623306,0.9009088760241706,-1.179024470547907,0.364036984922278,-0.06640278899360229,-1.177851894974348,0.12934004756806639,-0.8828162337175963,0.7229146409538463,-0.45564143582820127,0.03455021005991044,-0.07108591549009124,0.9841231756854657,0
0.890123685007999,-1.1099901739376037,-1.179024470547907,0.17269654711485508,0.9474866733593919,0.9048055324001227,0.38271364074285674,0.2744324511807092,-1.0495008719737637,-0.11162799739561437,1.066572152642809,0.4448069254967297,0.9841231756854657,0
-0.12657084635623306,0.9009088760241706,-1.179024470547907,0.17879240457554055,0.10257878806523006,0.9048055324001227,0.38271364074285674,-0.3041918912684436,-0.005521280078902488,-0.11162799739561437,1.066572152642809,1.238488219322608,-1.0161329645585022,0
0.38177641932588297,-1.1099901739376037,-1.179024470547907,0.3617312979034695,0.2715603651240624,-1.177851894974348,2.4413740852880284,-0.8828162337175963,0.6154955189582334,1.1497546101905376,0.5505611813513597,0.4448069254967297,0.9841231756854657,0
1.2290218621294098,0.9009088760241706,-1.179024470547907,0.06292373569199304,1.6234129815947211,0.9048055324001227,0.38271364074285674,-0.8828162337175963,0.0851136041048956,0.003043148748581378,-0.22345527558581418,0.22654456969461315,-1.0161329645585022,1
0.0428782422044723,0.9009088760241706,-0.502969299721533,0.1766446413251436,-0.5733475201700994,0.9048055324001227,0.38271364074285674,-0.3041918912684436,-0.46205254856025635,-0.11162799739561437,0.29255569570563505,1.5559607368529593,0.9841231756854657,0
0.5512255078865883,0.9009088760241706,1.5251962127575889,0.36951693968615845,0.2715603651240624,-1.177851894974348,0.12934004756806639,-1.461440576166749,-0.5661148229935064,-0.45564143582820127,1.066572152642809,1.1988041546313142,-1.0161329645585022,0
1.2290218621294098,0.9009088760241706,-0.502969299721533,0.3684272656841188,1.6234129815947211,-1.177851894974348,1.6495816066168083,-0.8828162337175963,0.4040141225293712,0.5763988794695595,1.066572152642809,0.286070666731554,0.9841231756854657,0
0.5512255078865883,0.9009088760241706,-0.502969299721533,0.37198055047337847,0.10257878806523006,-0.4836327525161911,1.0161476236798326,-0.3041918912684436,0.2965950005337584,0.1177142948927768,1.066572152642809,0.7622794430270811,0.9841231756854657,0
0.21232733076517762,0.9009088760241706,0.8491410419312149,0.3681903800315015,-0.06640278899360229,-1.177851894974348,0.06599664927436881,1.4316811360790147,1.8877407450937713,-0.45564143582820127,0.5505611813513597,-1.8171847619070236,0.9841231756854657,0
1.0595727735687044,0.9009088760241706,-1.179024470547907,0.36525299793904686,1.1164682504182242,-1.177851894974348,-0.17154109432699713,-0.8828162337175963,1.1458774338115711,-0.6849837281165926,0.5505611813513597,-0.8846092416616166,0.9841231756854657,0
0.38177641932588297,0.9009088760241706,-0.502969299721533,0.19471112043142388,0.10257878806523006,0.9048055324001227,0.38271364074285674,-1.461440576166749,-0.005521280078902488,-0.11162799739561437,1.066572152642809,-0.20998014190961997,0.9841231756854657,0
0.21232733076517762,-1.1099901739376037,-0.502969299721533,0.2108351371862422,0.10257878806523006,0.9048055324001227,0.38271364074285674,-0.8828162337175963,0.001192415045823164,-0.11162799739561437,0.8085666669970842,0.8813316371009629,0.9841231756854657,0
0.0428782422044723,0.9009088760241706,0.8491410419312149,0.23420785491115023,-0.06640278899360229,0.9048055324001227,0.38271364074285674,1.4316811360790147,-0.12972463988633004,-0.11162799739561437,1.066572152642809,0.6035431842619053,-1.0161329645585022,0
0.21232733076517762,-1.1099901739376037,-1.179024470547907,0.13931146247265536,0.2715603651240624,-1.177851894974348,1.8079401023510524,-0.8828162337175963,0.790051592201104,1.1497546101905376,0.29255569570563505,0.32575473142284794,-1.0161329645585022,1
0.0428782422044723,0.9009088760241706,-1.179024470547907,-0.5575271656432687,-0.23538436605243465,0.21058638994196582,-0.4090788379283631,0.853056793629862,0.03476089066945202,0.23238544103697253,0.8085666669970842,0.26622863438590705,0.9841231756854657,0
0.38177641932588297,-1.1099901739376037,1.5251962127575889,0.27071983016789847,0.4405419421828948,0.9048055324001227,0.38271364074285674,1.4316811360790147,-0.707102420612748,-0.2262991435398101,1.066572152642809,-0.7853990799333818,0.9841231756854657,0
0.7206745964472937,0.9009088760241706,-0.502969299721533,0.3618260521645164,0.9474866733593919,-1.177851894974348,-0.3298995900612411,-0.3041918912684436,-0.07601507888852362,-0.7996548742607882,1.066572152642809,0.7424374106814341,0.9841231756854657,0
0.0428782422044723,-1.1099901739376037,-0.502969299721533,0.36913792264197076,-0.7423290972289317,-1.177851894974348,-0.2507203421941191,-0.8828162337175963,-1.173704231781191,-0.6849837281165926,0.5505611813513597,-0.30919030363785477,0.9841231756854657,0
-0.12657084635623306,0.9009088760241706,1.5251962127575889,0.274873225277122,-0.404365943111267,0.9048055324001227,0.38271364074285674,-0.8828162337175963,2.206641263518246,-0.2262991435398101,0.29255569570563505,0.6233852166075523,0.9841231756854657,0
0.21232733076517762,0.9009088760241706,-1.179024470547907,0.36575835399796375,0.6095235192417271,-1.177851894974348,-0.10819769603329955,0.2744324511807092,0.001192415045823164,-0.570312581972397,0.03455021005991044,-1.3012919209202027,0.9841231756854657,0
0.5512255078865883,0.9009088760241706,0.8491410419312149,0.37215426661863116,0.6095235192417271,0.21058638994196582,-0.5674373336626071,0.853056793629862,-0.33784918875282943,-0.9143260204049839,0.8085666669970842,-0.3488743683291487,0.9841231756854657,0
0.7206745964472937,0.9009088760241706,-1.179024470547907,0.2669454521028627,0.6095235192417271,0.9048055324001227,0.38271364074285674,-0.3041918912684436,-1.4724636648314886,-0.2262991435398101,1.066572152642809,1.1591200899400202,-1.0161329645585022,0
0.5512255078865883,-1.1099901739376037,-1.179024470547907,0.2722201059678081,0.6095235192417271,0.9048055324001227,0.38271364074285674,-1.461440576166749,-1.7510820125076092,-0.2262991435398101,-0.22345527558581418,0.40512286080543575,-1.0161329645585022,0
0.21232733076517762,0.9009088760241706,-0.502969299721533,0.37933979808135626,0.2715603651240624,-1.177851894974348,-0.013182598592753173,-0.8828162337175963,0.001192415045823164,-0.570312581972397,0.8085666669970842,1.6154868338899002,0.9841231756854657,0
0.38177641932588297,0.9009088760241706,1.5251962127575889,0.3782185393256343,0.10257878806523006,-1.177851894974348,0.6994306322113446,0.853056793629862,-1.1233515183457474,-0.11162799739561437,0.5505611813513597,0.6432272489531993,-1.0161329645585022,0
-0.12657084635623306,0.9009088760241706,-0.502969299721533,0.15330350835391787,0.2715603651240624,-1.177851894974348,0.06599664927436881,-1.461440576166749,2.3241309282009484,-0.34097028968400567,0.03455021005991044,-0.24966420660091387,-1.0161329645585022,1
1.0595727735687044,0.9009088760241706,-1.179024470547907,0.38060318822864864,1.1164682504182242,0.21058638994196582,-0.7257958293968509,1.4316811360790147,-1.2106295549671826,-1.0289971665491795,0.03455021005991044,-0.5472946917856183,0.9841231756854657,0
-0.12657084635623306,0.9009088760241706,-0.502969299721533,-0.05360821301888295,-0.911310674287764,0.9048055324001227,0.38271364074285674,0.2744324511807092,1.6594751108530943,0.23238544103697253,0.8085666669970842,-0.6068207888225592,-1.0161329645585022,1
0.7206745964472937,0.9009088760241706,0.8491410419312149,0.15502487742960366,0.4405419421828948,-1.177851894974348,0.6440051587043593,-0.8828162337175963,0.4745079213389917,0.1177142948927768,1.066572152642809,0.32575473142284794,-1.0161329645585022,1
0.21232733076517762,-1.1099901739376037,-1.179024470547907,0.381566523215959,0.10257878806523006,-1.177851894974348,0.6994306322113446,0.853056793629862,1.0955247203761276,-0.11162799739561437,0.8085666669970842,-0.2893482712922078,0.9841231756854657,0
0.38177641932588297,-1.1099901739376037,-1.179024470547907,-0.5661340110216976,0.4405419421828948,0.21058638994196582,0.06599664927436881,0.2744324511807092,0.5651428055227898,1.035083464046342,1.066572152642809,0.18686050500331922,-1.0161329645585022,0
0.7206745964472937,-1.1099901739376037,1.5251962127575889,0.38388800261160866,0.6095235192417271,-1.177851894974348,0.19268344586176397,0.2744324511807092,0.4745079213389917,-0.45564143582820127,0.29255569570563505,-0.051243883144444294,0.9841231756854657,0
0.7206745964472937,-1.1099901739376037,-0.502969299721533,0.3815191460854355,0.4405419421828948,-1.177851894974348,-0.18737694390042153,0.2744324511807092,-1.4724636648314886,-0.6849837281165926,0.5505611813513597,-0.40840046536608954,0.9841231756854657,0
1.2290218621294098,0.9009088760241706,0.8491410419312149,0.3816770698538471,1.6234129815947211,0.21058638994196582,1.3328646151483206,0.2744324511807092,0.001192415045823164,0.3470565871811683,0.03455021005991044,0.3455967637684949,0.9841231756854657,0
0.5512255078865883,0.9009088760241706,-0.502969299721533,0.2789792432558221,0.6095235192417271,0.9048055324001227,0.38271364074285674,-1.461440576166749,-1.2475548781531747,-0.2262991435398101,1.066572152642809,0.10749237562073138,-1.0161329645585022,0
0.0428782422044723,0.9009088760241706,1.5251962127575889,0.3838406254810852,0.10257878806523006,-1.177851894974348,0.952804225386135,0.853056793629862,-1.6839450612603513,0.1177142948927768,0.29255569570563505,-0.20998014190961997,0.9841231756854657,0
0.890123685007999,-1.1099901739376037,0.8491410419312149,0.38284570574009247,1.1164682504182242,-1.177851894974348,0.8577891279455886,1.4316811360790147,1.8407448792206904,0.003043148748581378,0.8085666669970842,0.8416475724096689,-1.0161329645585022,0
-0.12657084635623306,-1.1099901739376037,-0.502969299721533,0.37938717521187976,-0.23538436605243465,-1.177851894974348,-0.804975077263973,-0.3041918912684436,-0.21364582894540246,-1.143668312693375,0.03455021005991044,0.8813316371009629,0.9841231756854657,0
0.21232733076517762,-1.1099901739376037,1.5251962127575889,0.3856093716872945,0.6095235192417271,-1.177851894974348,-0.18737694390042153,-1.461440576166749,0.001192415045823164,-0.6849837281165926,1.066572152642809,0.10749237562073138,0.9841231756854657,0
-0.12657084635623306,0.9009088760241706,-0.502969299721533,0.2921658779181857,-0.06640278899360229,0.9048055324001227,0.38271364074285674,-1.461440576166749,-0.0995130118250634,-0.2262991435398101,0.03455021005991044,1.5361187045073124,0.9841231756854657,0
1.2290218621294098,-1.1099901739376037,-1.179024470547907,0.38350898556742097,0.7785050963005594,-1.177851894974348,1.6495816066168083,0.2744324511807092,-1.4993184453303918,0.5763988794695595,1.066572152642809,0.5440170872249644,-1.0161329645585022,0
0.0428782422044723,0.9009088760241706,0.8491410419312149,0.3829878371316629,-0.23538436605243465,-1.177851894974348,-1.0979382943723244,0.853056793629862,0.7464125738903866,-1.2583394588375707,-0.22345527558581418,0.028124246238143545,-1.0161329645585022,0
0.0428782422044723,-1.1099901739376037,0.8491410419312149,0.3811085442875655,0.7785050963005594,-1.177851894974348,0.8577891279455886,-0.8828162337175963,-0.12972463988633004,0.003043148748581378,1.066572152642809,-0.6663468858595001,0.9841231756854657,0
0.5512255078865883,-1.1099901739376037,-0.502969299721533,0.33006758233695555,0.2715603651240624,0.9048055324001227,0.38271364074285674,0.853056793629862,0.4745079213389917,-0.2262991435398101,0.29255569570563505,0.7424374106814341,0.9841231756854657,0
0.38177641932588297,0.9009088760241706,-1.179024470547907,0.38265619721799865,0.10257878806523006,-1.177851894974348,0.06599664927436881,-1.461440576166749,0.001192415045823164,-0.45564143582820127,1.066572152642809,-2.3330776028938445,0.9841231756854657,0
-0.12657084635623306,-1.1099901739376037,-0.502969299721533,0.15860974697254565,0.10257878806523006,-1.177851894974348,2.4413740852880284,0.853056793629862,0.1522505553521539,1.6084391947673204,-0.22345527558581418,1.0003838311748445,-1.0161329645585022,1
0.0428782422044723,0.9009088760241706,-1.179024470547907,0.344154382479265,-0.06640278899360229,0.9048055324001227,0.38271364074285674,0.853056793629862,0.23617174441122635,-0.2262991435398101,0.5505611813513597,0.12733440796637835,-1.0161329645585022,0
0.5512255078865883,-1.1099901739376037,-1.179024470547907,0.3754074962479089,0.4405419421828948,0.21058638994196582,-1.2008713165995828,1.4316811360790147,-0.08944246913797492,-1.3730106049817663,0.03455021005991044,-0.09092794783573821,0.9841231756854657,0
0.0428782422044723,0.9009088760241706,-1.179024470547907,0.38080848912758364,0.4405419421828948,-1.177851894974348,-1.042512820865339,1.4316811360790147,-0.34120603631519225,-1.2583394588375707,-0.22345527558581418,1.0202258635204915,0.9841231756854657,0
0.7206745964472937,-1.1099901739376037,-0.502969299721533,0.3836037398284679,0.7785050963005594,-1.177851894974348,-0.2507203421941191,-1.461440576166749,-1.7510820125076092,-0.6849837281165926,-0.22345527558581418,-1.12271362980938,0.9841231756854657,0
-0.12657084635623306,0.9009088760241706,1.5251962127575889,0.3827825362327279,0.10257878806523006,-1.177851894974348,1.0161476236798326,-0.3041918912684436,1.1458774338115711,0.1177142948927768,0.03455021005991044,-0.9044512740072636,0.9841231756854657,0
0.21232733076517762,-1.1099901739376037,0.8491410419312149,0.38475658333787216,0.6095235192417271,-1.177851894974348,2.4413740852880284,-0.3041918912684436,1.9515208487786668,1.1497546101905376,0.8085666669970842,-3.503757511287015,0.9841231756854657,0
1.0595727735687044,-1.1099901739376037,-1.179024470547907,0.3882940757502906,0.9474866733593919,-1.177851894974348,1.3328646151483206,1.4316811360790147,-1.3482603050240614,0.3470565871811683,-0.22345527558581418,-0.20998014190961997,0.9841231756854657,0
0.0428782422044723,0.9009088760241706,-0.502969299721533,0.3871096474872041,0.10257878806523006,-1.177851894974348,-0.5674373336626071,-1.461440576166749,-1.7510820125076092,-0.9143260204049839,1.066572152642809,-0.09092794783573821,-1.0161329645585022,0
-0.12657084635623306,0.9009088760241706,-1.179024470547907,0.3884835842723845,-0.06640278899360229,-1.177851894974348,-1.1612816926660219,0.853056793629862,0.001192415045823164,-1.3730106049817663,0.03455021005991044,0.5440170872249644,-1.0161329645585022,0
0.7206745964472937,0.9009088760241706,1.5251962127575889,0.39664824309926117,0.9474866733593919,-1.177851894974348,-0.2507203421941191,0.2744324511807092,-1.6705176710108995,-0.6849837281165926,1.066572152642809,1.1591200899400202,-1.0161329645585022,0
0.0428782422044723,0.9009088760241706,-1.179024470547907,0.39069451703014607,0.2715603651240624,-1.177851894974348,-0.7257958293968509,-1.461440576166749,-1.0427871768490378,-1.0289971665491795,0.5505611813513597,1.298014316359549,0.9841231756854657,0
-0.12657084635623306,0.9009088760241706,-0.502969299721533,0.34546514975708076,-0.23538436605243465,0.9048055324001227,0.38271364074285674,1.4316811360790147,0.7229146409538463,-0.2262991435398101,-0.22345527558581418,-0.26950623894656084,0.9841231756854657,0
0.38177641932588297,-1.1099901739376037,0.8491410419312149,0.3533613381776578,0.4405419421828948,0.9048055324001227,0.38271364074285674,0.853056793629862,-0.7138161157374736,-0.2262991435398101,0.29255569570563505,0.14717644031202531,-1.0161329645585022,0
0.21232733076517762,0.9009088760241706,-1.179024470547907,0.3864147829061933,0.4405419421828948,-1.177851894974348,-0.2507203421941191,0.853056793629862,0.665848232393677,-0.6849837281165926,0.5505611813513597,0.7424374106814341,0.9841231756854657,0
-0.12657084635623306,0.9009088760241706,-1.179024470547907,0.36500031990958837,0.2715603651240624,0.9048055324001227,0.38271364074285674,0.853056793629862,-0.3680608168140954,-0.2262991435398101,0.29255569570563505,-0.6663468858595001,0.9841231756854657,0
0.0428782422044723,-1.1099901739376037,0.8491410419312149,0.38671483806617524,-0.7423290972289317,-1.177851894974348,1.0161476236798326,-0.8828162337175963,1.0351014642535956,0.1177142948927768,0.03455021005991044,-1.3012919209202027,0.9841231756854657,0
0.0428782422044723,0.9009088760241706,-0.502969299721533,0.3899522753186118,0.2715603651240624,-1.177851894974348,-0.7257958293968509,-0.8828162337175963,-1.7510820125076092,-1.0289971665491795,-0.22345527558581418,-0.24966420660091387,0.9841231756854657,0
-0.12657084635623306,0.9009088760241706,-0.502969299721533,0.16607954121841154,-0.23538436605243465,-1.177851894974348,0.06599664927436881,-1.461440576166749,1.676259348664909,-0.34097028968400567,0.03455021005991044,0.286070666731554,-1.0161329645585022,1
0.5512255078865883,-1.1099901739376037,1.5251962127575889,0.36335791271810836,0.6095235192417271,0.9048055324001227,0.38271364074285674,0.853056793629862,1.4312094766124175,-0.2262991435398101,0.5505611813513597,-0.44808453005738347,-1.0161329645585022,0
0.5512255078865883,0.9009088760241706,1.5251962127575889,0.39064713989962263,0.9474866733593919,0.21058638994196582,2.4413740852880284,1.4316811360790147,0.860545391010725,1.1497546101905376,0.8085666669970842,-0.38855843302044263,0.9841231756854657,0
-0.12657084635623306,-1.1099901739376037,-1.179024470547907,0.39598496327193267,-0.06640278899360229,-1.177851894974348,0.8300763911920959,-0.3041918912684436,0.001192415045823164,0.003043148748581378,0.8085666669970842,1.317856348705196,-1.0161329645585022,0
-0.12657084635623306,0.9009088760241706,0.8491410419312149,0.17171741975070354,-0.5733475201700994,-1.177851894974348,-0.7257958293968509,-0.3041918912684436,0.16232109803924238,-0.9143260204049839,0.03455021005991044,-0.7853990799333818,-1.0161329645585022,1
0.38177641932588297,-1.1099901739376037,-0.502969299721533,0.3952269291835573,0.10257878806523006,-1.177851894974348,-0.17154109432699713,0.2744324511807092,-1.4724636648314886,-0.6849837281165926,1.066572152642809,-0.190138109563973,0.9841231756854657,0
0.7206745964472937,-1.1099901739376037,-1.179024470547907,0.4045128467661559,0.7785050963005594,-1.177851894974348,-1.0741845200121878,-0.3041918912684436,-1.0495008719737637,-1.2583394588375707,0.8085666669970842,-1.12271362980938,0.9841231756854657,0
0.38177641932588297,0.9009088760241706,-0.502969299721533,0.36534775220009374,0.6095235192417271,0.9048055324001227,0.38271364074285674,-0.3041918912684436,0.001192415045823164,-0.2262991435398101,0.03455021005991044,1.4170665104334308,-1.0161329645585022,0
-0.12657084635623306,0.9009088760241706,-1.179024470547907,0.40084901533900813,-0.404365943111267,-1.177851894974348,-0.2507203421941191,1.4316811360790147,-0.1397951825734185,-0.6849837281165926,1.066572152642809,-1.12271362980938,0.9841231756854657,0
-0.12657084635623306,0.9009088760241706,-0.502969299721533,0.17686573460091976,-0.06640278899360229,-1.177851894974348,0.38271364074285674,-0.8828162337175963,-0.3680608168140954,-0.11162799739561437,1.066572152642809,-0.7457150152420878,-1.0161329645585022,1
0.0428782422044723,0.9009088760241706,-0.502969299721533,0.1711173094307397,0.2715603651240624,-1.177851894974348,-1.042512820865339,0.853056793629862,-1.0427871768490378,-1.2583394588375707,0.5505611813513597,-1.7179746001787888,-1.0161329645585022,1
0.38177641932588297,-1.1099901739376037,1.5251962127575889,0.13438424089821527,0.2715603651240624,0.9048055324001227,0.38271364074285674,1.4316811360790147,1.092167872813765,0.003043148748581378,-0.22345527558581418,0.26622863438590705,-1.0161329645585022,1
0.21232733076517762,-1.1099901739376037,-1.179024470547907,0.40456022389667934,0.2715603651240624,-1.177851894974348,0.8577891279455886,-0.3041918912684436,-0.005521280078902488,0.003043148748581378,-0.22345527558581418,-0.011559818453150373,-1.0161329645585022,0
-0.12657084635623306,-1.1099901739376037,-0.502969299721533,0.38467762145366635,0.6095235192417271,0.9048055324001227,0.38271364074285674,-0.8828162337175963,-1.173704231781191,-0.2262991435398101,0.5505611813513597,-0.5076106270943244,-1.0161329645585022,0
0.7206745964472937,0.9009088760241706,-0.502969299721533,0.3932212973247307,0.9474866733593919,0.9048055324001227,0.38271364074285674,-0.3041918912684436,0.23617174441122635,-0.34097028968400567,0.8085666669970842,-1.5790803737592602,0.9841231756854657,0
0.890123685007999,0.9009088760241706,0.8491410419312149,0.40315470235781664,0.9474866733593919,-1.177851894974348,-0.09236184645987515,1.4316811360790147,2.3241309282009484,-0.570312581972397,0.29255569570563505,-0.07108591549009124,0.9841231756854657,0
0.0428782422044723,-1.1099901739376037,-0.502969299721533,-0.5662603500364268,0.2715603651240624,0.21058638994196582,-1.1454458430925976,-0.8828162337175963,0.665848232393677,-1.0289971665491795,-0.22345527558581418,0.801963507718375,-1.0161329645585022,0
0.38177641932588297,0.9009088760241706,1.5251962127575889,-0.5648548284975642,0.7785050963005594,0.21058638994196582,-0.8841543251310949,-0.3041918912684436,0.8336906105118219,-0.570312581972397,1.066572152642809,-0.8846092416616166,-1.0161329645585022,0
0.890123685007999,0.9009088760241706,-1.179024470547907,0.3962534336782323,1.2854498274770565,-1.177851894974348,-0.7257958293968509,-0.8828162337175963,1.327147202179168,-1.0289971665491795,0.8085666669970842,0.5241750548793175,0.9841231756854657,0
0.21232733076517762,-1.1099901739376037,-1.179024470547907,0.4185048926474184,0.4405419421828948,0.9048055324001227,0.38271364074285674,-0.8828162337175963,0.5114332445249834,-0.34097028968400567,-0.22345527558581418,0.20670253734896618,0.9841231756854657,0
0.5512255078865883,-1.1099901739376037,-1.179024470547907,-0.5649969598891346,0.9474866733593919,0.21058638994196582,-0.7257958293968509,1.4316811360790147,-1.3482603050240614,-0.34097028968400567,0.8085666669970842,0.0479662785837905,0.9841231756854657,0
0.0428782422044723,-1.1099901739376037,-0.502969299721533,0.43153360354137055,0.10257878806523006,0.9048055324001227,0.38271364074285674,-0.8828162337175963,1.7736079279734327,-0.34097028968400567,0.03455021005991044,0.6630692812988462,0.9841231756854657,0
0.5512255078865883,-1.1099901739376037,1.5251962127575889,0.4010227314842608,0.2715603651240624,0.21058638994196582,0.8577891279455886,-0.3041918912684436,0.7061304031420315,0.003043148748581378,0.5505611813513597,0.286070666731554,0.9841231756854657,0
-0.12657084635623306,0.9009088760241706,-0.502969299721533,0.40419699922933283,0.4405419421828948,-1.177851894974348,1.827734914317833,1.4316811360790147,0.9780350556934264,0.6910700256137552,-0.22345527558581418,0.801963507718375,0.9841231756854657,0
0.7206745964472937,-1.1099901739376037,-0.502969299721533,0.4007700534548024,1.1164682504182242,-1.177851894974348,2.4097023861411793,0.2744324511807092,0.5114332445249834,1.1497546101905376,-0.22345527558581418,0.26622863438590705,-1.0161329645585022,0
0.21232733076517762,0.9009088760241706,-1.179024470547907,0.40745022885861054,-0.06640278899360229,-1.177851894974348,-0.7574675285436998,1.4316811360790147,-0.6936750303632967,-1.0289971665491795,-0.22345527558581418,-2.134657279437375,0.9841231756854657,0
0.7206745964472937,0.9009088760241706,-0.502969299721533,-0.5655023159480514,0.6095235192417271,0.21058638994196582,-0.7257958293968509,-0.8828162337175963,-0.33784918875282943,-0.34097028968400567,0.03455021005991044,1.5758027691986063,0.9841231756854657,0
-0.12657084635623306,-1.1099901739376037,-1.179024470547907,0.40399169833039783,0.2715603651240624,-1.177851894974348,-0.3774071387815143,1.4316811360790147,-0.46205254856025635,-0.7996548742607882,0.03455021005991044,-0.09092794783573821,0.9841231756854657,0
0.38177641932588297,-1.1099901739376037,-1.179024470547907,-0.5712191563645492,0.6095235192417271,0.21058638994196582,-0.7574675285436998,1.4316811360790147,0.001192415045823164,-0.34097028968400567,0.03455021005991044,0.801963507718375,-1.0161329645585022,0
0.21232733076517762,-1.1099901739376037,-1.179024470547907,0.4404405040797814,0.10257878806523006,0.9048055324001227,0.38271364074285674,0.853056793629862,-1.2475548781531747,-0.34097028968400567,-0.22345527558581418,1.5559607368529593,0.9841231756854657,0
0.7206745964472937,-1.1099901739376037,-1.179024470547907,0.4379768932925614,0.4405419421828948,0.9048055324001227,0.38271364074285674,0.2744324511807092,-0.6936750303632967,-0.34097028968400567,0.03455021005991044,-1.12271362980938,0.9841231756854657,0
0.0428782422044723,0.9009088760241706,1.5251962127575889,0.45084768041810197,0.10257878806523006,0.9048055324001227,0.38271364074285674,0.2744324511807092,1.223084927745918,-0.34097028968400567,0.29255569570563505,1.0003838311748445,0.9841231756854657,0
0.38177641932588297,-1.1099901739376037,-0.502969299721533,0.1714489493444039,0.6095235192417271,-1.177851894974348,0.6994306322113446,-0.3041918912684436,0.9343960373827085,0.1177142948927768,0.5505611813513597,0.5837011519162584,-1.0161329645585022,1
0.890123685007999,-1.1099901739376037,0.8491410419312149,0.4574804786913867,0.6095235192417271,0.9048055324001227,0.38271364074285674,-1.461440576166749,-1.6705176710108995,-0.34097028968400567,0.03455021005991044,0.9210157017922567,0.9841231756854657,0
0.890123685007999,-1.1099901739376037,-1.179024470547907,0.4082240553238271,0.6095235192417271,-1.177851894974348,-1.0662665952254755,0.853056793629862,-1.173704231781191,-1.2583394588375707,0.29255569570563505,-2.2537094735112566,0.9841231756854657,0
0.21232733076517762,0.9009088760241706,-0.502969299721533,0.40689749566917016,0.10257878806523006,-1.177851894974348,0.06599664927436881,0.2744324511807092,-0.5661148229935064,-0.570312581972397,0.5505611813513597,1.1392780575943733,0.9841231756854657,0
1.0595727735687044,0.9009088760241706,-0.502969299721533,0.40648689387130016,0.9474866733593919,-1.177851894974348,0.38271364074285674,0.853056793629862,0.03476089066945202,-0.34097028968400567,-0.22345527558581418,0.46464895784237664,-1.0161329645585022,0
-0.12657084635623306,0.9009088760241706,-0.502969299721533,0.4205736940136096,-0.06640278899360229,-1.177851894974348,-0.4090788379283631,-0.3041918912684436,-0.21700267650776528,-0.7996548742607882,0.03455021005991044,-0.09092794783573821,0.9841231756854657,0
0.21232733076517762,-1.1099901739376037,0.8491410419312149,0.4607495006975056,0.10257878806523006,0.9048055324001227,0.38271364074285674,1.4316811360790147,-0.08944246913797492,-0.34097028968400567,1.066572152642809,-1.0830295651180861,0.9841231756854657,0
0.5512255078865883,0.9009088760241706,-1.179024470547907,0.4106876661110471,0.2715603651240624,-1.177851894974348,0.48564666297011533,0.2744324511807092,-0.707102420612748,-0.2262991435398101,1.066572152642809,-1.0433455004267922,0.9841231756854657,0
0.0428782422044723,0.9009088760241706,-0.502969299721533,0.40827143245435055,0.2715603651240624,-1.177851894974348,0.38271364074285674,0.853056793629862,1.4110683912382405,-0.34097028968400567,1.066572152642809,-1.7179746001787888,-1.0161329645585022,0
0.38177641932588297,0.9009088760241706,0.8491410419312149,0.4133092006666787,0.4405419421828948,0.21058638994196582,-0.7733033781171241,0.2744324511807092,0.001192415045823164,-1.143668312693375,0.29255569570563505,0.18686050500331922,0.9841231756854657,0
0.0428782422044723,0.9009088760241706,-1.179024470547907,0.41419357376978333,0.2715603651240624,0.21058638994196582,0.38271364074285674,1.4316811360790147,0.665848232393677,-0.34097028968400567,0.03455021005991044,0.286070666731554,0.9841231756854657,0
1.0595727735687044,0.9009088760241706,-0.502969299721533,0.4153780020328699,0.7785050963005594,-1.177851894974348,0.8577891279455886,-0.8828162337175963,-0.8447331706696268,0.003043148748581378,0.03455021005991044,0.9210157017922567,0.9841231756854657,0
0.21232733076517762,-1.1099901739376037,-1.179024470547907,0.4161834132517688,0.2715603651240624,-1.177851894974348,0.38271364074285674,0.853056793629862,0.16232109803924238,-0.34097028968400567,0.5505611813513597,-0.40840046536608954,0.9841231756854657,0
1.2290218621294098,-1.1099901739376037,-1.179024470547907,0.4574962710682279,1.1164682504182242,0.9048055324001227,0.38271364074285674,-1.461440576166749,-0.005521280078902488,-0.34097028968400567,0.03455021005991044,-0.13061201252703214,0.9841231756854657,0
0.7206745964472937,0.9009088760241706,-1.179024470547907,0.4630236029626318,1.2854498274770565,0.9048055324001227,0.38271364074285674,0.2744324511807092,-0.12972463988633004,-0.34097028968400567,-0.22345527558581418,-1.2814498885745558,-1.0161329645585022,0
0.890123685007999,0.9009088760241706,-0.502969299721533,0.4213633128556673,1.1164682504182242,-1.177851894974348,-1.0741845200121878,-1.461440576166749,-1.2979075915886182,-1.2583394588375707,0.8085666669970842,0.6233852166075523,0.9841231756854657,0
0.0428782422044723,0.9009088760241706,0.8491410419312149,0.4203210159841511,-0.23538436605243465,-1.177851894974348,2.2830155895537843,0.853056793629862,-0.0860856215756121,1.035083464046342,0.29255569570563505,-0.30919030363785477,0.9841231756854657,0
-0.12657084635623306,-1.1099901739376037,1.5251962127575889,0.41935768099684073,0.4405419421828948,-1.177851894974348,1.6495816066168083,-1.461440576166749,0.6154955189582334,0.5763988794695595,1.066572152642809,1.734539027963782,-1.0161329645585022,0
0.5512255078865883,0.9009088760241706,0.8491410419312149,0.42172653752301387,0.2715603651240624,-1.177851894974348,0.6994306322113446,1.4316811360790147,2.206641263518246,-0.11162799739561437,0.29255569570563505,0.5241750548793175,-1.0161329645585022,0
0.5512255078865883,0.9009088760241706,1.5251962127575889,0.19238964103577422,0.10257878806523006,-1.177851894974348,0.38271364074285674,-0.8828162337175963,1.6628319584154578,-0.11162799739561437,-0.22345527558581418,0.3654387961141419,-1.0161329645585022,1
-0.12657084635623306,-1.1099901739376037,-0.502969299721533,0.41856806215478304,0.10257878806523006,-1.177851894974348,0.6994306322113446,1.4316811360790147,0.4745079213389917,-0.11162799739561437,1.066572152642809,-0.03140185079879733,0.9841231756854657,0
1.2290218621294098,-1.1099901739376037,-1.179024470547907,0.4211580119567323,1.4544314045358888,-1.177851894974348,0.034324950127520015,0.2744324511807092,0.5651428055227898,-0.570312581972397,1.066572152642809,-0.36871640067479566,0.9841231756854657,0
0.38177641932588297,0.9009088760241706,-1.179024470547907,0.4589649621144552,0.9474866733593919,0.9048055324001227,0.38271364074285674,0.2744324511807092,0.4308689030282738,-0.34097028968400567,-0.22345527558581418,2.0520115454941332,-1.0161329645585022,0
0.21232733076517762,0.9009088760241706,-0.502969299721533,0.4651397814593464,0.4405419421828948,0.9048055324001227,0.38271364074285674,0.2744324511807092,-1.2979075915886182,-0.34097028968400567,0.5505611813513597,1.278172284013902,-1.0161329645585022,0
1.0595727735687044,-1.1099901739376037,-0.502969299721533,0.4872017319064387,1.1164682504182242,0.9048055324001227,0.38271364074285674,0.2744324511807092,-1.371758237960602,-0.34097028968400567,0.29255569570563505,0.5043330225336705,0.9841231756854657,0
-0.12657084635623306,-1.1099901739376037,-1.179024470547907,0.42202659268299575,-0.404365943111267,-1.177851894974348,0.7627740305050422,0.853056793629862,0.23617174441122635,0.003043148748581378,0.03455021005991044,-0.09092794783573821,-1.0161329645585022,0
0.38177641932588297,-1.1099901739376037,-0.502969299721533,-0.020333675014571295,0.4405419421828948,-1.177851894974348,-0.2507203421941191,0.2744324511807092,1.6729025011025462,-0.45564143582820127,0.03455021005991044,-2.0552891500547874,-1.0161329645585022,1
-0.12657084635623306,-1.1099901739376037,-0.502969299721533,0.5126906281280613,0.10257878806523006,0.9048055324001227,0.38271364074285674,-0.3041918912684436,-0.707102420612748,-0.34097028968400567,0.5505611813513597,-0.15045404487267908,0.9841231756854657,0
1.2290218621294098,0.9009088760241706,-0.502969299721533,0.5177441887172307,1.1164682504182242,0.9048055324001227,0.38271364074285674,-0.8828162337175963,-0.34120603631519225,-0.34097028968400567,-0.22345527558581418,0.8416475724096689,-1.0161329645585022,0
0.5512255078865883,0.9009088760241706,0.8491410419312149,0.5399008934253698,0.9474866733593919,0.9048055324001227,0.38271364074285674,1.4316811360790147,1.3103629643673533,-0.34097028968400567,0.5505611813513597,0.8813316371009629,-1.0161329645585022,0
0.21232733076517762,0.9009088760241706,0.8491410419312149,0.19602188770923967,-0.06640278899360229,-1.177851894974348,1.6495816066168083,-0.3041918912684436,0.001192415045823164,0.9204123179021463,0.5505611813513597,-0.22982217425526694,-1.0161329645585022,1
0.21232733076517762,-1.1099901739376037,-0.502969299721533,0.4231794361924,-0.06640278899360229,-1.177851894974348,0.8577891279455886,-1.461440576166749,0.954537122756886,0.003043148748581378,0.03455021005991044,-0.7853990799333818,0.9841231756854657,0
-0.12657084635623306,-1.1099901739376037,-0.502969299721533,0.42272145726400656,-0.23538436605243465,0.21058638994196582,-0.963333572998217,-0.3041918912684436,0.860545391010725,-1.2583394588375707,0.5505611813513597,0.4448069254967297,-1.0161329645585022,0
0.0428782422044723,-1.1099901739376037,-0.502969299721533,0.19445844240196541,0.6095235192417271,-1.177851894974348,-0.7257958293968509,-0.3041918912684436,-0.6936750303632967,-1.0289971665491795,-0.22345527558581418,0.2463866020402601,-1.0161329645585022,1
0.5512255078865883,-1.1099901739376037,-1.179024470547907,0.5577620716327152,0.10257878806523006,0.9048055324001227,0.38271364074285674,-1.461440576166749,-0.0860856215756121,-0.45564143582820127,-0.22345527558581418,-0.22982217425526694,0.9841231756854657,0
-0.12657084635623306,0.9009088760241706,-1.179024470547907,0.5608889622472636,-0.911310674287764,0.9048055324001227,0.38271364074285674,-0.8828162337175963,0.03476089066945202,-0.45564143582820127,0.03455021005991044,-0.40840046536608954,-1.0161329645585022,0
0.5512255078865883,-1.1099901739376037,0.8491410419312149,0.1896101827117311,-0.06640278899360229,-1.177851894974348,-0.7257958293968509,0.853056793629862,0.4711510737766289,-1.0289971665491795,0.8085666669970842,-0.7457150152420878,-1.0161329645585022,1
0.5512255078865883,0.9009088760241706,0.8491410419312149,0.42430069494812195,-0.06640278899360229,-1.177851894974348,-0.4090788379283631,-1.461440576166749,-0.6063969937418614,-0.7996548742607882,1.066572152642809,-0.7655570475877348,0.9841231756854657,0
0.38177641932588297,0.9009088760241706,-0.502969299721533,0.5694958076256926,-0.23538436605243465,0.9048055324001227,0.38271364074285674,-0.8828162337175963,0.7464125738903866,-0.45564143582820127,1.066572152642809,1.1591200899400202,0.9841231756854657,0
0.21232733076517762,0.9009088760241706,1.5251962127575889,0.4238427160197285,0.2715603651240624,-1.177851894974348,1.9029551997915988,-1.461440576166749,0.4745079213389917,0.6910700256137552,0.5505611813513597,-0.190138109563973,-1.0161329645585022,0
0.5512255078865883,0.9009088760241706,-0.502969299721533,0.629380500607349,0.10257878806523006,0.9048055324001227,0.38271364074285674,-1.461440576166749,1.092167872813765,-0.45564143582820127,1.066572152642809,-2.134657279437375,0.9841231756854657,0
0.0428782422044723,0.9009088760241706,-0.502969299721533,0.6480155052799107,-0.06640278899360229,0.9048055324001227,0.38271364074285674,1.4316811360790147,0.8739727812601764,-0.45564143582820127,0.8085666669970842,0.46464895784237664,0.9841231756854657,0
0.7206745964472937,-1.1099901739376037,-0.502969299721533,0.4293858402909736,0.4405419421828948,-1.177851894974348,-1.090020369585612,0.2744324511807092,1.0955247203761276,-1.2583394588375707,1.066572152642809,0.5837011519162584,0.9841231756854657,0
0.5512255078865883,-1.1099901739376037,0.8491410419312149,0.43052289142353667,0.4405419421828948,-1.177851894974348,-0.09236184645987515,-0.8828162337175963,-1.2475548781531747,-0.6849837281165926,0.5505611813513597,-1.4401861473397315,0.9841231756854657,0
1.2290218621294098,-1.1099901739376037,0.8491410419312149,0.6526426716943688,1.2854498274770565,0.9048055324001227,0.38271364074285674,0.853056793629862,-1.0495008719737637,-0.45564143582820127,0.03455021005991044,-0.03140185079879733,-1.0161329645585022,0
0.38177641932588297,0.9009088760241706,-0.502969299721533,0.4375662914946914,0.4405419421828948,-1.177851894974348,-0.4090788379283631,-0.8828162337175963,-1.4724636648314886,-0.7996548742607882,0.03455021005991044,-0.7060309505507939,0.9841231756854657,0
0.5512255078865883,0.9009088760241706,0.8491410419312149,0.44421488214481725,0.2715603651240624,-1.177851894974348,0.6994306322113446,-0.8828162337175963,-0.11965409719924096,-0.11162799739561437,1.066572152642809,0.8416475724096689,0.9841231756854657,0
0.38177641932588297,0.9009088760241706,0.8491410419312149,0.4429988691280484,0.2715603651240624,-1.177851894974348,-0.8841543251310949,1.4316811360790147,-1.6705176710108995,-1.143668312693375,0.03455021005991044,-0.6266628211682062,-1.0161329645585022,0
-0.12657084635623306,-1.1099901739376037,-0.502969299721533,0.4400614870355937,-0.404365943111267,-1.177851894974348,0.06599664927436881,-1.461440576166749,-0.11965409719924096,-0.570312581972397,0.29255569570563505,0.7027533459901402,0.9841231756854657,0
0.38177641932588297,-1.1099901739376037,-1.179024470547907,0.6494999887029792,0.9474866733593919,0.9048055324001227,0.38271364074285674,-1.461440576166749,-1.0495008719737637,-0.45564143582820127,0.8085666669970842,-0.9242933063529105,0.9841231756854657,0
0.38177641932588297,-1.1099901739376037,0.8491410419312149,0.4439937888690411,0.6095235192417271,-1.177851894974348,0.19268344586176397,0.853056793629862,0.3301634761573873,-0.45564143582820127,0.5505611813513597,-0.8052411122790287,0.9841231756854657,0
0.0428782422044723,-1.1099901739376037,-0.502969299721533,-0.007447095512189561,-0.404365943111267,-1.177851894974348,0.8577891279455886,0.2744324511807092,1.9750187817152072,0.5763988794695595,0.8085666669970842,0.22654456969461315,-1.0161329645585022,1
0.38177641932588297,-1.1099901739376037,-0.502969299721533,0.2059868774960079,0.2715603651240624,0.9048055324001227,0.38271364074285674,0.2744324511807092,2.102578989084997,-0.11162799739561437,1.066572152642809,-1.8568688265983175,-1.0161329645585022,1
-0.12657084635623306,-1.1099901739376037,1.5251962127575889,0.4401088641661172,-0.23538436605243465,0.21058638994196582,-1.042512820865339,1.4316811360790147,-1.4254677989584081,-1.2583394588375707,0.03455021005991044,0.40512286080543575,-1.0161329645585022,0
0.7206745964472937,0.9009088760241706,0.8491410419312149,0.2095243699084264,0.4405419421828948,-1.177851894974348,2.12465709381954,-1.461440576166749,0.16232109803924238,1.2644257563347332,0.03455021005991044,-0.4282424977117365,-1.0161329645585022,1
1.0595727735687044,-1.1099901739376037,-0.502969299721533,0.44277777585227224,1.2854498274770565,-1.177851894974348,0.06599664927436881,-1.461440576166749,-0.005521280078902488,-0.570312581972397,0.29255569570563505,1.35754041339649,-1.0161329645585022,0
1.0595727735687044,-1.1099901739376037,-0.502969299721533,0.21036136588100757,1.2854498274770565,-1.177851894974348,0.8577891279455886,-0.8828162337175963,0.04483143335654109,0.23238544103697253,0.03455021005991044,0.4844909901880236,-1.0161329645585022,1
-0.12657084635623306,-1.1099901739376037,1.5251962127575889,0.21236699773983414,-0.5733475201700994,-1.177851894974348,0.8577891279455886,-0.8828162337175963,2.2603508245160526,0.23238544103697253,0.03455021005991044,-0.46792656240303043,-1.0161329645585022,1
-0.12657084635623306,0.9009088760241706,-1.179024470547907,0.4386401731198899,0.6095235192417271,-1.177851894974348,-1.0741845200121878,-0.8828162337175963,1.327147202179168,-1.2583394588375707,1.066572152642809,1.4567505751247247,-1.0161329645585022,0
0.890123685007999,0.9009088760241706,-0.502969299721533,0.8430039821376402,0.4405419421828948,0.9048055324001227,0.38271364074285674,-0.3041918912684436,-0.11965409719924096,-0.570312581972397,-0.22345527558581418,-0.38855843302044263,-1.0161329645585022,0
0.5512255078865883,-1.1099901739376037,1.5251962127575889,0.44091427538501604,0.6095235192417271,-1.177851894974348,0.4223032646764177,0.853056793629862,1.357358830240434,-0.34097028968400567,0.5505611813513597,-0.17029607721832604,-1.0161329645585022,0
-0.12657084635623306,-1.1099901739376037,0.8491410419312149,0.4462205140036438,-0.06640278899360229,-1.177851894974348,0.06599664927436881,0.853056793629862,-1.173704231781191,-0.570312581972397,0.8085666669970842,0.9011736694466097,-1.0161329645585022,0
0.38177641932588297,0.9009088760241706,-0.502969299721533,0.8356289421528212,0.2715603651240624,0.9048055324001227,0.38271364074285674,-0.3041918912684436,0.3939435798422821,-0.570312581972397,0.29255569570563505,0.5837011519162584,0.9841231756854657,0
0.21232733076517762,0.9009088760241706,-1.179024470547907,0.43518164259167713,0.6095235192417271,-1.177851894974348,-0.7574675285436998,-0.8828162337175963,1.0418151593783211,-1.143668312693375,0.5505611813513597,0.22654456969461315,0.9841231756854657,0
0.38177641932588297,0.9009088760241706,-1.179024470547907,0.8744781891820603,-0.23538436605243465,0.9048055324001227,0.38271364074285674,-1.461440576166749,-1.1804179269059165,-0.570312581972397,0.03455021005991044,0.8813316371009629,0.9841231756854657,0
0.7206745964472937,-1.1099901739376037,1.5251962127575889,-0.5640178325249829,1.2854498274770565,0.21058638994196582,-0.7416316789702754,0.2744324511807092,0.7430557263280237,-0.34097028968400567,1.066572152642809,1.3773824457421369,-1.0161329645585022,0
0.7206745964472937,-1.1099901739376037,-1.179024470547907,0.2193630206804654,0.6095235192417271,-1.177851894974348,0.06599664927436881,-1.461440576166749,2.491973306319093,-0.34097028968400567,0.03455021005991044,0.14717644031202531,-1.0161329645585022,1
0.21232733076517762,0.9009088760241706,0.8491410419312149,0.4470259252225427,0.10257878806523006,0.21058638994196582,-0.2507203421941191,0.2744324511807092,0.7464125738903866,-0.7996548742607882,1.066572152642809,0.4249648931510827,0.9841231756854657,0
0.0428782422044723,-1.1099901739376037,-1.179024470547907,0.45705408451667556,0.10257878806523006,-1.177851894974348,-0.7574675285436998,1.4316811360790147,-1.8752853723150364,-1.143668312693375,0.5505611813513597,-0.20998014190961997,0.9841231756854657,0
0.7206745964472937,0.9009088760241706,-0.502969299721533,1.0317228853894316,0.4405419421828948,0.9048055324001227,0.38271364074285674,-1.461440576166749,-1.173704231781191,-0.6849837281165926,0.8085666669970842,0.305912699077201,-1.0161329645585022,0
0.21232733076517762,0.9009088760241706,1.5251962127575889,0.45184260015909467,0.2715603651240624,-1.177851894974348,-0.5674373336626071,-0.8828162337175963,0.9981761410676039,-0.9143260204049839,-0.22345527558581418,2.091695610185427,-1.0161329645585022,0
0.38177641932588297,0.9009088760241706,1.5251962127575889,0.45410091004737974,0.7785050963005594,-1.177851894974348,1.6495816066168083,1.4316811360790147,0.001192415045823164,0.4617277333253637,0.8085666669970842,-1.4005020826484376,0.9841231756854657,0
1.2290218621294098,0.9009088760241706,-0.502969299721533,1.023574018939396,1.1164682504182242,0.9048055324001227,0.38271364074285674,-0.3041918912684436,-0.005521280078902488,-0.6849837281165926,0.29255569570563505,-2.789444346843725,0.9841231756854657,0
1.0595727735687044,0.9009088760241706,-1.179024470547907,1.0263692696402802,0.7785050963005594,0.9048055324001227,0.38271364074285674,0.853056793629862,0.16232109803924238,-0.6849837281165926,0.03455021005991044,0.14717644031202531,-1.0161329645585022,0
0.21232733076517762,0.9009088760241706,-0.502969299721533,0.8029229297147912,0.4405419421828948,0.9048055324001227,0.38271364074285674,-0.8828162337175963,0.001192415045823164,-0.570312581972397,0.8085666669970842,0.8614896047553159,-1.0161329645585022,1
-0.12657084635623306,0.9009088760241706,-1.179024470547907,1.0286591642822476,-0.404365943111267,0.9048055324001227,0.38271364074285674,-1.461440576166749,0.001192415045823164,-0.6849837281165926,-0.22345527558581418,0.3455967637684949,-1.0161329645585022,0
0.21232733076517762,0.9009088760241706,0.8491410419312149,0.4613969881479929,0.6095235192417271,-1.177851894974348,0.06599664927436881,-0.8828162337175963,-0.11965409719924096,-0.570312581972397,0.03455021005991044,-1.6386064707962011,0.9841231756854657,0
0.890123685007999,0.9009088760241706,0.8491410419312149,1.0843430850241569,1.2854498274770565,0.9048055324001227,0.38271364074285674,0.2744324511807092,0.27645391515958084,-0.6849837281165926,0.29255569570563505,1.1392780575943733,-1.0161329645585022,0
0.7206745964472937,0.9009088760241706,-1.179024470547907,0.8939186050735209,0.6095235192417271,0.9048055324001227,0.38271364074285674,-0.3041918912684436,1.7736079279734327,-0.570312581972397,-0.22345527558581418,-0.051243883144444294,-1.0161329645585022,1
0.890123685007999,0.9009088760241706,0.8491410419312149,0.5733649399517754,0.7785050963005594,0.9048055324001227,0.38271364074285674,0.2744324511807092,1.5688402266692962,-0.45564143582820127,0.03455021005991044,-0.17029607721832604,-1.0161329645585022,1
-0.12657084635623306,0.9009088760241706,-0.502969299721533,0.4643185778636064,-0.06640278899360229,-1.177851894974348,1.6495816066168083,-0.3041918912684436,0.4745079213389917,0.4617277333253637,1.066572152642809,1.0202258635204915,-1.0161329645585022,0
0.0428782422044723,-1.1099901739376037,-0.502969299721533,0.4622339841205741,0.10257878806523006,-1.177851894974348,-1.2325430157464317,-0.3041918912684436,-1.173704231781191,-1.3730106049817663,-0.22345527558581418,1.0202258635204915,-1.0161329645585022,0
0.7206745964472937,0.9009088760241706,-1.179024470547907,0.9637682878419455,0.6095235192417271,0.9048055324001227,0.38271364074285674,0.853056793629862,2.3241309282009484,-0.570312581972397,1.066572152642809,0.08765034327508442,-1.0161329645585022,1
0.5512255078865883,-1.1099901739376037,0.8491410419312149,0.4569593302556286,0.4405419421828948,-1.177851894974348,-0.5674373336626071,-1.461440576166749,0.23617174441122635,-0.9143260204049839,0.5505611813513597,0.5638591195706114,0.9841231756854657,0
0.38177641932588297,0.9009088760241706,1.5251962127575889,0.9762758503001395,0.4405419421828948,0.9048055324001227,0.38271364074285674,1.4316811360790147,2.6128198185641573,-0.6849837281165926,0.5505611813513597,0.8813316371009629,-1.0161329645585022,1
0.21232733076517762,0.9009088760241706,-1.179024470547907,0.4600230513628125,0.4405419421828948,-1.177851894974348,0.6994306322113446,-1.461440576166749,-1.0427871768490378,-0.11162799739561437,0.8085666669970842,0.9805417988291976,0.9841231756854657,0
0.5512255078865883,-1.1099901739376037,0.8491410419312149,1.217583368432974,0.6095235192417271,0.9048055324001227,0.38271364074285674,1.4316811360790147,1.8407448792206904,-0.6849837281165926,1.066572152642809,0.08765034327508442,0.9841231756854657,0
0.5512255078865883,0.9009088760241706,0.8491410419312149,0.46003884373965365,0.4405419421828948,-1.177851894974348,0.8577891279455886,-1.461440576166749,-1.0427871768490378,0.003043148748581378,0.8085666669970842,-1.8171847619070236,0.9841231756854657,0
-0.12657084635623306,-1.1099901739376037,0.8491410419312149,1.2184835339129196,-0.404365943111267,0.9048055324001227,0.38271364074285674,-0.8828162337175963,1.417782086362966,-0.6849837281165926,1.066572152642809,0.4249648931510827,-1.0161329645585022,0
0.5512255078865883,0.9009088760241706,-0.502969299721533,0.6551694519889535,0.2715603651240624,0.9048055324001227,0.38271364074285674,0.2744324511807092,1.3103629643673533,-0.45564143582820127,0.29255569570563505,0.20670253734896618,-1.0161329645585022,1
1.2290218621294098,0.9009088760241706,0.8491410419312149,1.220252280119129,0.7785050963005594,0.9048055324001227,0.38271364074285674,-0.8828162337175963,-0.0860856215756121,-0.6849837281165926,0.03455021005991044,-1.4005020826484376,0.9841231756854657,0
-0.12657084635623306,0.9009088760241706,0.8491410419312149,0.464681802530953,-0.23538436605243465,-1.177851894974348,2.346358987847482,0.2744324511807092,-0.707102420612748,0.9204123179021463,1.066572152642809,0.5043330225336705,-1.0161329645585022,0
0.0428782422044723,-1.1099901739376037,1.5251962127575889,1.4093975775456316,0.2715603651240624,0.9048055324001227,0.38271364074285674,-1.461440576166749,-0.3680608168140954,-0.7996548742607882,1.066572152642809,0.8813316371009629,0.9841231756854657,0
0.38177641932588297,0.9009088760241706,-0.502969299721533,0.45553801633992475,0.2715603651240624,-1.177851894974348,-0.4090788379283631,-0.3041918912684436,0.23617174441122635,-0.9143260204049839,1.066572152642809,0.3455967637684949,0.9841231756854657,0
0.0428782422044723,-1.1099901739376037,-1.179024470547907,1.404107131303845,-0.06640278899360229,0.9048055324001227,0.38271364074285674,-0.3041918912684436,-1.0495008719737637,-0.7996548742607882,0.29255569570563505,0.46464895784237664,0.9841231756854657,0
-0.12657084635623306,0.9009088760241706,0.17308587110484092,0.45408511767053855,-0.06640278899360229,0.21058638994196582,-0.3298995900612411,1.4316811360790147,-1.173704231781191,-0.7996548742607882,0.03455021005991044,-1.3012919209202027,0.9841231756854657,0
0.890123685007999,0.9009088760241706,-1.179024470547907,0.45866490695447326,0.7785050963005594,-1.177851894974348,0.28769854330231037,0.853056793629862,-1.4724636648314886,-0.45564143582820127,0.5505611813513597,1.238488219322608,0.9841231756854657,0
-0.12657084635623306,0.9009088760241706,1.5251962127575889,0.2277961499136417,-0.23538436605243465,-1.177851894974348,4.024959042630468,-0.3041918912684436,2.102578989084997,2.640479510065081,-0.22345527558581418,-0.3488743683291487,-1.0161329645585022,1
1.0595727735687044,0.9009088760241706,0.8491410419312149,1.5908204026968096,1.1164682504182242,0.9048055324001227,0.38271364074285674,-0.3041918912684436,-0.1397951825734185,-0.7996548742607882,0.8085666669970842,-1.4203441149940845,0.9841231756854657,0
0.38177641932588297,0.9009088760241706,1.5251962127575889,1.596916260157495,0.4405419421828948,0.9048055324001227,0.38271364074285674,-1.461440576166749,-1.2475548781531747,-0.7996548742607882,0.29255569570563505,1.1392780575943733,-1.0161329645585022,0
0.5512255078865883,0.9009088760241706,-1.179024470547907,1.5995535870899678,0.9474866733593919,0.9048055324001227,0.38271364074285674,-0.3041918912684436,-0.08944246913797492,-0.7996548742607882,0.8085666669970842,0.0479662785837905,0.9841231756854657,0
0.0428782422044723,-1.1099901739376037,0.8491410419312149,1.5971057686795889,-0.06640278899360229,0.9048055324001227,0.38271364074285674,0.2744324511807092,-1.4993184453303918,-0.7996548742607882,0.8085666669970842,-0.4877685947486774,0.9841231756854657,0
0.21232733076517762,-1.1099901739376037,0.8491410419312149,0.46109693298801097,0.4405419421828948,-1.177851894974348,-0.5674373336626071,-1.461440576166749,-1.6705176710108995,-1.0289971665491795,-0.22345527558581418,-0.26950623894656084,-1.0161329645585022,0
0.7206745964472937,0.9009088760241706,-0.502969299721533,0.46109693298801097,0.4405419421828948,-1.177851894974348,0.952804225386135,0.853056793629862,-1.0427871768490378,0.003043148748581378,0.8085666669970842,-0.09092794783573821,0.9841231756854657,0
0.0428782422044723,0.9009088760241706,-0.502969299721533,1.9762965290125396,0.2715603651240624,0.9048055324001227,0.38271364074285674,-0.3041918912684436,-1.7510820125076092,-0.9143260204049839,0.03455021005991044,-0.051243883144444294,0.9841231756854657,0
1.0595727735687044,-1.1099901739376037,0.8491410419312149,2.2987926564857473,0.4405419421828948,0.9048055324001227,0.38271364074285674,1.4316811360790147,-1.0427871768490378,-1.0289971665491795,1.066572152642809,0.22654456969461315,0.9841231756854657,0
-0.12657084635623306,-1.1099901739376037,1.5251962127575889,2.9777227292638027,0.2715603651240624,0.9048055324001227,0.38271364074285674,-0.8828162337175963,1.327147202179168,-1.143668312693375,0.03455021005991044,1.3972244780877838,-1.0161329645585022,1
0.7206745964472937,0.9009088760241706,-0.502969299721533,12.092640455426388,1.2854498274770565,0.9048055324001227,0.38271364074285674,0.2744324511807092,1.451350561986595,-1.487681751125962,0.8085666669970842,0.305912699077201,-1.0161329645585022,1
0.7206745964472937,0.9009088760241706,-0.502969299721533,0.4612548567564225,0.7785050963005594,-1.177851894974348,1.87128350064475,-0.8828162337175963,1.417782086362966,0.6910700256137552,-0.22345527558581418,-1.0433455004267922,-1.0161329645585022,0
-0.12657084635623306,-1.1099901739376037,1.5251962127575889,1.972127341526475,-0.06640278899360229,0.9048055324001227,0.39459052792292504,-1.461440576166749,0.4745079213389917,-0.9143260204049839,0.8085666669970842,0.7027533459901402,0.9841231756854657,0
-0.12657084635623306,0.9009088760241706,0.8491410419312149,-0.2247028237159463,0.10257878806523006,0.9048055324001227,0.3985494903162811,0.2744324511807092,-0.522475804682789,0.4617277333253637,0.03455021005991044,-0.44808453005738347,0.9841231756854657,0
0.5512255078865883,0.9009088760241706,-0.502969299721533,0.4616338738006102,0.7785050963005594,-1.177851894974348,1.3328646151483206,0.2744324511807092,0.001192415045823164,0.23238544103697253,0.5505611813513597,-0.22982217425526694,0.9841231756854657,0
0.21232733076517762,0.9009088760241706,-0.502969299721533,0.45782791098189207,0.6095235192417271,-1.177851894974348,1.8079401023510524,-1.461440576166749,0.3301634761573873,0.5763988794695595,1.066572152642809,-0.6465048535138531,-1.0161329645585022,0
-0.12657084635623306,0.9009088760241706,0.8491410419312149,0.4587280764618379,-0.404365943111267,-1.177851894974348,1.6495816066168083,-0.8828162337175963,0.001192415045823164,0.4617277333253637,0.03455021005991044,-0.4282424977117365,0.9841231756854657,0
0.0428782422044723,-1.1099901739376037,-0.502969299721533,0.4609863863501229,0.2715603651240624,-1.177851894974348,-0.7257958293968509,-0.3041918912684436,1.2700807936189982,-1.0289971665491795,0.5505611813513597,0.782121475372728,-1.0161329645585022,0
0.890123685007999,-1.1099901739376037,-1.179024470547907,-0.5694346177814988,1.1164682504182242,0.9048055324001227,0.4143853398897055,-0.8828162337175963,-0.34120603631519225,1.6084391947673204,0.03455021005991044,0.26622863438590705,-1.0161329645585022,1
-0.12657084635623306,-1.1099901739376037,0.8491410419312149,0.45882283072288477,0.10257878806523006,-1.177851894974348,1.8079401023510524,1.4316811360790147,1.5486991412951188,0.5763988794695595,0.8085666669970842,-0.5472946917856183,-1.0161329645585022,0
0.38177641932588297,-1.1099901739376037,-1.179024470547907,0.4504686633739143,0.10257878806523006,-1.177851894974348,1.3328646151483206,0.2744324511807092,-0.8447331706696268,0.3470565871811683,0.8085666669970842,0.10749237562073138,0.9841231756854657,0
0.5512255078865883,-1.1099901739376037,-0.502969299721533,0.4589017926070906,0.10257878806523006,-1.177851894974348,1.1745061194140765,1.4316811360790147,0.001192415045823164,0.23238544103697253,1.066572152642809,1.1194360252487263,0.9841231756854657,0
-0.12657084635623306,0.9009088760241706,0.8491410419312149,-0.7149613703727337,-0.06640278899360229,0.9048055324001227,0.4223032646764177,0.853056793629862,0.0851136041048956,2.411137217776689,0.29255569570563505,-0.24966420660091387,-1.0161329645585022,1
0.38177641932588297,0.9009088760241706,-0.502969299721533,0.45661189796512325,-0.06640278899360229,-1.177851894974348,-0.2507203421941191,1.4316811360790147,0.001192415045823164,-0.7996548742607882,0.8085666669970842,1.4170665104334308,0.9841231756854657,0
0.0428782422044723,0.9009088760241706,0.8491410419312149,-0.7031328801187093,0.10257878806523006,0.9048055324001227,0.4223032646764177,1.4316811360790147,-0.1397951825734185,2.411137217776689,0.8085666669970842,0.26622863438590705,-1.0161329645585022,1
0.21232733076517762,-1.1099901739376037,-0.502969299721533,0.4519531467969828,-0.7423290972289317,-1.177851894974348,0.8577891279455886,-0.8828162337175963,-1.3482603050240614,0.003043148748581378,0.5505611813513597,1.317856348705196,-1.0161329645585022,0
1.2290218621294098,0.9009088760241706,1.5251962127575889,0.45784370335873326,0.9474866733593919,-1.177851894974348,-0.7574675285436998,-0.8828162337175963,-0.34120603631519225,-1.143668312693375,-0.22345527558581418,-1.5393963090679663,0.9841231756854657,0
0.38177641932588297,-1.1099901739376037,-0.502969299721533,-0.6438482974570169,0.2715603651240624,0.9048055324001227,0.4223032646764177,0.2744324511807092,0.954537122756886,1.952452633199907,-0.22345527558581418,-0.5671367241312653,-1.0161329645585022,1
-0.12657084635623306,0.9009088760241706,-0.502969299721533,-0.5770781281726174,-0.404365943111267,0.9048055324001227,0.4223032646764177,0.2744324511807092,0.7464125738903866,1.6084391947673204,0.29255569570563505,1.298014316359549,-1.0161329645585022,1
0.38177641932588297,-1.1099901739376037,-1.179024470547907,0.46100217872696403,0.2715603651240624,-1.177851894974348,-0.804975077263973,-1.461440576166749,-1.6839450612603513,-1.143668312693375,0.03455021005991044,1.5956448015442533,-1.0161329645585022,0
1.0595727735687044,-1.1099901739376037,1.5251962127575889,0.4550800374115313,1.2854498274770565,-1.177851894974348,0.8577891279455886,1.4316811360790147,-1.3482603050240614,0.003043148748581378,0.03455021005991044,-0.686188918205147,-1.0161329645585022,0
1.0595727735687044,0.9009088760241706,-0.502969299721533,0.4576541948366394,1.2854498274770565,-1.177851894974348,-0.3298995900612411,0.2744324511807092,1.417782086362966,-0.7996548742607882,0.5505611813513597,1.4964346398160184,0.9841231756854657,0
0.0428782422044723,-1.1099901739376037,-0.502969299721533,-0.453123762346399,-0.23538436605243465,0.9048055324001227,0.4223032646764177,0.2744324511807092,1.2029438423717405,1.1497546101905376,1.066572152642809,-0.15045404487267908,-1.0161329645585022,1
1.0595727735687044,-1.1099901739376037,1.5251962127575889,0.4610495558574875,1.7923945586535535,-1.177851894974348,0.05016079970094441,-1.461440576166749,-1.6839450612603513,-0.570312581972397,-0.22345527558581418,1.5162766721616654,-1.0161329645585022,0
-0.12657084635623306,0.9009088760241706,0.8491410419312149,-0.26069365053693644,-0.5733475201700994,0.9048055324001227,0.4223032646764177,0.853056793629862,0.11868207972852446,0.5763988794695595,-0.22345527558581418,-0.7457150152420878,-1.0161329645585022,0
-0.12657084635623306,-1.1099901739376037,1.5251962127575889,0.4593755639123252,-0.23538436605243465,-1.177851894974348,0.8577891279455886,-0.3041918912684436,-1.1804179269059165,0.003043148748581378,-0.22345527558581418,0.8813316371009629,-1.0161329645585022,0
0.0428782422044723,-1.1099901739376037,0.8491410419312149,0.23145998134078943,0.2715603651240624,-1.177851894974348,0.06599664927436881,1.4316811360790147,1.6729025011025462,-0.34097028968400567,0.29255569570563505,0.4448069254967297,-1.0161329645585022,1
0.0428782422044723,0.9009088760241706,0.8491410419312149,0.4579542499966213,-0.06640278899360229,-1.177851894974348,1.8079401023510524,0.2744324511807092,-0.08944246913797492,0.5763988794695595,0.29255569570563505,0.08765034327508442,-1.0161329645585022,0
0.21232733076517762,-1.1099901739376037,-1.179024470547907,0.4599282971017656,-0.23538436605243465,-1.177851894974348,0.38271364074285674,0.2744324511807092,-1.7510820125076092,-0.34097028968400567,0.8085666669970842,0.20670253734896618,0.9841231756854657,0
-0.12657084635623306,-1.1099901739376037,1.5251962127575889,0.4513530364770189,-0.06640278899360229,-1.177851894974348,0.38271364074285674,-1.461440576166749,-1.2475548781531747,-0.34097028968400567,-0.22345527558581418,-1.3012919209202027,0.9841231756854657,0
0.21232733076517762,-1.1099901739376037,-1.179024470547907,0.45924922489759595,0.6095235192417271,-1.177851894974348,0.8577891279455886,-0.3041918912684436,0.03476089066945202,0.003043148748581378,0.8085666669970842,1.1789621222856672,0.9841231756854657,0
0.21232733076517762,0.9009088760241706,0.8491410419312149,0.08179562601717218,0.4405419421828948,0.9048055324001227,0.4302211894631299,0.853056793629862,-0.8447331706696268,0.003043148748581378,0.5505611813513597,-0.5671367241312653,0.9841231756854657,0
0.890123685007999,0.9009088760241706,-1.179024470547907,-0.5669552146174376,0.9474866733593919,0.9048055324001227,0.434180151856486,0.2744324511807092,-1.4993184453303918,1.6084391947673204,1.066572152642809,0.4448069254967297,-1.0161329645585022,1
1.0595727735687044,0.9009088760241706,-0.502969299721533,0.46044944553752365,0.7785050963005594,-1.177851894974348,-0.4090788379283631,-0.3041918912684436,-1.7510820125076092,-0.9143260204049839,0.5505611813513597,1.0599099282117854,-1.0161329645585022,0
0.5512255078865883,-1.1099901739376037,0.8491410419312149,0.46435016261728873,0.2715603651240624,-1.177851894974348,0.7627740305050422,0.2744324511807092,-1.1233515183457474,-0.11162799739561437,0.03455021005991044,0.4844909901880236,0.9841231756854657,0
0.38177641932588297,0.9009088760241706,0.8491410419312149,0.17680256509355516,0.4405419421828948,0.9048055324001227,0.434180151856486,0.2744324511807092,0.5785701957722418,0.003043148748581378,0.03455021005991044,-2.154499311783022,0.9841231756854657,0
1.0595727735687044,0.9009088760241706,1.5251962127575889,0.8045969216599534,1.2854498274770565,0.9048055324001227,0.4381391142498421,-0.3041918912684436,1.327147202179168,-0.570312581972397,0.29255569570563505,0.7622794430270811,-1.0161329645585022,1
-0.12657084635623306,0.9009088760241706,-1.179024470547907,0.4618391746995452,0.10257878806523006,-1.177851894974348,-0.2507203421941191,-0.8828162337175963,-1.1233515183457474,-0.7996548742607882,-0.22345527558581418,-1.0433455004267922,-1.0161329645585022,0
0.5512255078865883,0.9009088760241706,0.8491410419312149,0.46087583971223484,-0.06640278899360229,-1.177851894974348,1.3328646151483206,-0.3041918912684436,0.03476089066945202,0.23238544103697253,1.066572152642809,0.8416475724096689,0.9841231756854657,0
0.0428782422044723,0.9009088760241706,0.17308587110484092,0.4610179711038052,-0.06640278899360229,0.21058638994196582,1.6495816066168083,-0.3041918912684436,1.4345663241747801,0.4617277333253637,0.03455021005991044,0.8416475724096689,0.9841231756854657,0
0.38177641932588297,0.9009088760241706,0.8491410419312149,0.46168125093113366,-0.06640278899360229,-1.177851894974348,0.06599664927436881,0.853056793629862,-1.7510820125076092,-0.570312581972397,0.29255569570563505,0.22654456969461315,0.9841231756854657,0
0.7206745964472937,-1.1099901739376037,0.17308587110484092,-0.01409568616231543,0.7785050963005594,0.9048055324001227,0.4460570390365543,-1.461440576166749,0.8336906105118219,0.23238544103697253,0.03455021005991044,1.238488219322608,0.9841231756854657,0
0.38177641932588297,0.9009088760241706,-1.179024470547907,0.12410340357462396,0.6095235192417271,0.9048055324001227,0.4460570390365543,-0.8828162337175963,0.001192415045823164,0.003043148748581378,-0.22345527558581418,-1.102871597463733,0.9841231756854657,0
0.5512255078865883,-1.1099901739376037,-1.179024470547907,0.4573383472998163,0.4405419421828948,-1.177851894974348,0.38271364074285674,-0.8828162337175963,-1.371758237960602,-0.34097028968400567,-0.22345527558581418,1.258330251668255,0.9841231756854657,0
-0.12657084635623306,-1.1099901739376037,-0.502969299721533,-0.5815631631955052,0.2715603651240624,0.9048055324001227,0.4618928886099787,0.2744324511807092,1.5587696839822078,1.7231103409115156,0.5505611813513597,-1.0631875327724392,-1.0161329645585022,1
0.0428782422044723,0.9009088760241706,-1.179024470547907,-0.5821790658923102,0.10257878806523006,0.9048055324001227,0.4618928886099787,-0.8828162337175963,0.001192415045823164,1.7231103409115156,1.066572152642809,0.8416475724096689,-1.0161329645585022,1
0.890123685007999,0.9009088760241706,-1.179024470547907,0.4585227755629029,0.2715603651240624,-1.177851894974348,0.38271364074285674,-1.461440576166749,0.6624913848313142,-0.34097028968400567,0.03455021005991044,0.32575473142284794,0.9841231756854657,0
0.890123685007999,0.9009088760241706,-0.502969299721533,0.4572435930387694,1.1164682504182242,-1.177851894974348,-0.5674373336626071,0.853056793629862,-1.8752853723150364,-0.9143260204049839,0.29255569570563505,-0.6266628211682062,0.9841231756854657,0
-0.12657084635623306,-1.1099901739376037,-1.179024470547907,-0.5602434544599472,0.2715603651240624,0.9048055324001227,0.4618928886099787,-0.8828162337175963,-0.25392799969375696,1.6084391947673204,0.5505611813513597,-2.4124457322764323,-1.0161329645585022,1
1.2290218621294098,0.9009088760241706,-1.179024470547907,0.4588544154765671,1.1164682504182242,-1.177851894974348,0.7786098800784667,0.2744324511807092,-1.4993184453303918,-0.11162799739561437,1.066572152642809,0.22654456969461315,-1.0161329645585022,0
0.7206745964472937,-1.1099901739376037,1.5251962127575889,0.4589965468681375,0.6095235192417271,-1.177851894974348,-1.042512820865339,0.2744324511807092,-0.5896127559300467,-1.2583394588375707,0.8085666669970842,-0.6465048535138531,0.9841231756854657,0
0.5512255078865883,0.9009088760241706,-0.502969299721533,0.4657714765329926,0.7785050963005594,-1.177851894974348,1.0953268715469546,1.4316811360790147,0.5382880250238866,0.1177142948927768,0.03455021005991044,0.9210157017922567,0.9841231756854657,0
-0.12657084635623306,0.9009088760241706,-1.179024470547907,-0.5371865842718622,-0.404365943111267,0.9048055324001227,-1.0741845200121878,0.853056793629862,0.001192415045823164,-0.9143260204049839,0.8085666669970842,-0.38855843302044263,0.9841231756854657,0
0.21232733076517762,-1.1099901739376037,-0.502969299721533,-0.4862087918286168,0.4405419421828948,0.9048055324001227,-1.0741845200121878,-1.461440576166749,0.001192415045823164,-0.9143260204049839,-0.22345527558581418,-0.051243883144444294,0.9841231756854657,0
0.38177641932588297,0.9009088760241706,-1.179024470547907,0.4623919078889856,-0.06640278899360229,-1.177851894974348,-0.09236184645987515,1.4316811360790147,1.5352717510456675,-0.6849837281165926,0.03455021005991044,0.6829113136444932,-1.0161329645585022,0
0.0428782422044723,0.9009088760241706,0.8491410419312149,0.459154470636549,0.10257878806523006,-1.177851894974348,-0.6743293182832217,-0.8828162337175963,-1.0495008719737637,-1.0289971665491795,1.066572152642809,0.9210157017922567,-1.0161329645585022,0
0.5512255078865883,0.9009088760241706,-0.502969299721533,0.45787528811241557,0.9474866733593919,-1.177851894974348,0.38271364074285674,-0.3041918912684436,0.16232109803924238,-0.34097028968400567,0.29255569570563505,1.3972244780877838,-1.0161329645585022,0
0.0428782422044723,0.9009088760241706,0.17308587110484092,0.4608442549585525,0.10257878806523006,-1.177851894974348,0.8577891279455886,0.2744324511807092,-1.0495008719737637,0.003043148748581378,0.03455021005991044,0.40512286080543575,0.9841231756854657,0
0.0428782422044723,0.9009088760241706,0.8491410419312149,0.46664005725925606,0.6095235192417271,-1.177851894974348,2.4413740852880284,1.4316811360790147,0.2865244578466693,1.035083464046342,0.03455021005991044,0.4448069254967297,-1.0161329645585022,0
-0.12657084635623306,0.9009088760241706,-1.179024470547907,0.45988091997124214,0.10257878806523006,-1.177851894974348,0.06599664927436881,0.2744324511807092,-1.2979075915886182,-0.570312581972397,1.066572152642809,-2.7299182498067838,0.9841231756854657,0
1.0595727735687044,-1.1099901739376037,0.8491410419312149,0.4603388988996356,1.1164682504182242,-1.177851894974348,-0.7257958293968509,-1.461440576166749,0.8739727812601764,-1.0289971665491795,0.29255569570563505,-0.44808453005738347,0.9841231756854657,0
0.5512255078865883,-1.1099901739376037,1.5251962127575889,-0.5671131383858492,0.4405419421828948,0.9048055324001227,-1.0741845200121878,1.4316811360790147,1.676259348664909,-0.9143260204049839,0.8085666669970842,0.782121475372728,-1.0161329645585022,1
0.0428782422044723,0.9009088760241706,-0.502969299721533,-0.394091857714165,0.2715603651240624,0.9048055324001227,-1.0741845200121878,-0.8828162337175963,0.001192415045823164,-1.0289971665491795,0.5505611813513597,0.6432272489531993,0.9841231756854657,0
0.0428782422044723,-1.1099901739376037,-0.502969299721533,-0.5027118256276228,-0.06640278899360229,0.9048055324001227,-1.0741845200121878,1.4316811360790147,1.934736610966852,-0.9143260204049839,0.29255569570563505,-0.40840046536608954,-1.0161329645585022,1
-0.12657084635623306,0.9009088760241706,0.8491410419312149,0.45822272040292095,-0.5733475201700994,-1.177851894974348,0.06599664927436881,-1.461440576166749,-1.2979075915886182,-0.570312581972397,-0.22345527558581418,0.16701847265767225,-1.0161329645585022,0
0.0428782422044723,-1.1099901739376037,0.8491410419312149,0.4563434275588236,-0.404365943111267,-1.177851894974348,0.6360872339176471,1.4316811360790147,1.7836784706605218,-0.2262991435398101,0.29255569570563505,0.9210157017922567,-1.0161329645585022,0
0.5512255078865883,0.9009088760241706,-0.502969299721533,-0.36692896954737997,0.9474866733593919,0.9048055324001227,-1.0741845200121878,0.2744324511807092,2.1999275683935204,-1.0289971665491795,1.066572152642809,-0.7853990799333818,0.9841231756854657,0
0.7206745964472937,0.9009088760241706,-1.179024470547907,0.4564697665735528,0.6095235192417271,-1.177851894974348,2.4413740852880284,0.853056793629862,0.11868207972852446,1.035083464046342,0.8085666669970842,0.4844909901880236,0.9841231756854657,0
0.0428782422044723,0.9009088760241706,-1.179024470547907,-0.35751671295005216,0.10257878806523006,0.9048055324001227,-1.0741845200121878,0.853056793629862,-1.3482603050240614,-1.0289971665491795,0.29255569570563505,-0.24966420660091387,0.9841231756854657,0
0.38177641932588297,0.9009088760241706,-1.179024470547907,0.4621550222363683,0.10257878806523006,-1.177851894974348,-0.7257958293968509,0.853056793629862,-1.4254677989584081,-1.0289971665491795,-0.22345527558581418,-1.12271362980938,0.9841231756854657,0
1.0595727735687044,-1.1099901739376037,-1.179024470547907,0.45443254996104393,1.2854498274770565,-1.177851894974348,2.3226052134873454,0.853056793629862,-0.12972463988633004,0.9204123179021463,0.29255569570563505,-0.4282424977117365,0.9841231756854657,0
-0.12657084635623306,-1.1099901739376037,1.5251962127575889,-0.34046094596160575,0.10257878806523006,0.9048055324001227,-1.0741845200121878,0.2744324511807092,-1.1804179269059165,-1.0289971665491795,-0.22345527558581418,-0.8250831446246757,0.9841231756854657,0
-0.12657084635623306,0.9009088760241706,-1.179024470547907,0.46400273032678335,-0.23538436605243465,-1.177851894974348,-0.646616581529729,0.2744324511807092,-0.25392799969375696,-1.0289971665491795,0.8085666669970842,0.40512286080543575,-1.0161329645585022,0
0.890123685007999,-1.1099901739376037,1.5251962127575889,-0.30552820838897293,0.7785050963005594,0.9048055324001227,-1.0741845200121878,-1.461440576166749,0.6154955189582334,-1.0289971665491795,-0.22345527558581418,-0.7258729828964409,-1.0161329645585022,0
0.0428782422044723,-1.1099901739376037,0.8491410419312149,0.2335445750838218,0.10257878806523006,-1.177851894974348,2.2830155895537843,-0.3041918912684436,-0.25392799969375696,1.2644257563347332,0.5505611813513597,0.5837011519162584,-1.0161329645585022,1
-0.12657084635623306,0.9009088760241706,-1.179024470547907,0.014693816819108465,-0.23538436605243465,-1.177851894974348,1.6495816066168083,0.2744324511807092,2.1999275683935204,1.2644257563347332,0.5505611813513597,0.305912699077201,-1.0161329645585022,1
0.0428782422044723,-1.1099901739376037,0.8491410419312149,0.4562960504283001,-0.06640278899360229,-1.177851894974348,1.8079401023510524,-0.8828162337175963,0.11868207972852446,0.5763988794695595,0.5505611813513597,0.3455967637684949,0.9841231756854657,0
0.5512255078865883,0.9009088760241706,-0.502969299721533,0.46114431011853446,0.6095235192417271,-1.177851894974348,0.38271364074285674,-0.3041918912684436,0.830333762949459,-0.34097028968400567,1.066572152642809,0.06780831092943747,-1.0161329645585022,0
0.21232733076517762,0.9009088760241706,-0.502969299721533,-0.580220811164007,-0.06640278899360229,0.21058638994196582,-0.8524826259842462,0.2744324511807092,0.665848232393677,-0.45564143582820127,0.29255569570563505,0.6432272489531993,-1.0161329645585022,0
1.0595727735687044,-1.1099901739376037,-1.179024470547907,-0.30080628771346785,0.6095235192417271,0.9048055324001227,-1.0741845200121878,0.2744324511807092,0.2865244578466693,-1.0289971665491795,0.5505611813513597,0.6630692812988462,-1.0161329645585022,0
-0.12657084635623306,0.9009088760241706,-1.179024470547907,0.4582385127797621,-0.23538436605243465,-1.177851894974348,0.38271364074285674,1.4316811360790147,0.5785701957722418,-0.34097028968400567,0.8085666669970842,1.0995939929030794,0.9841231756854657,0
-0.12657084635623306,-1.1099901739376037,-1.179024470547907,-0.5796838703514078,0.10257878806523006,0.21058638994196582,-0.5674373336626071,-0.3041918912684436,0.3301634761573873,0.003043148748581378,1.066572152642809,0.0479662785837905,-1.0161329645585022,0
-0.12657084635623306,-1.1099901739376037,1.5251962127575889,-0.13268064386254144,0.2715603651240624,0.9048055324001227,-1.0741845200121878,-0.3041918912684436,0.5651428055227898,-1.143668312693375,1.066572152642809,1.0995939929030794,-1.0161329645585022,1
1.0595727735687044,-1.1099901739376037,-1.179024470547907,-0.5845795071721656,1.6234129815947211,0.21058638994196582,-1.2008713165995828,-0.8828162337175963,1.0015329886299666,-1.0289971665491795,0.5505611813513597,0.8813316371009629,-1.0161329645585022,0
-0.12657084635623306,-1.1099901739376037,-1.179024470547907,0.02337962408174321,-0.06640278899360229,0.9048055324001227,-1.0741845200121878,-1.461440576166749,0.6826324702054911,-1.2583394588375707,1.066572152642809,1.1392780575943733,-1.0161329645585022,0
0.0428782422044723,0.9009088760241706,0.8491410419312149,0.46055999217541177,-0.06640278899360229,-1.177851894974348,1.2695212168546228,-0.3041918912684436,1.7937490133476108,0.23238544103697253,-0.22345527558581418,-0.5274526594399713,-1.0161329645585022,0
0.890123685007999,0.9009088760241706,-0.502969299721533,0.456896160748264,1.1164682504182242,-1.177851894974348,-0.2507203421941191,-0.3041918912684436,0.5114332445249834,-0.7996548742607882,0.29255569570563505,0.028124246238143545,0.9841231756854657,0
0.38177641932588297,-1.1099901739376037,-0.502969299721533,0.455459054455719,0.10257878806523006,-1.177851894974348,-0.7257958293968509,-0.3041918912684436,0.6255660616453219,-1.0289971665491795,1.066572152642809,0.2463866020402601,0.9841231756854657,0
0.890123685007999,-1.1099901739376037,-1.179024470547907,0.460591576929094,0.2715603651240624,-1.177851894974348,-0.8524826259842462,1.4316811360790147,-0.6936750303632967,-1.143668312693375,-0.22345527558581418,-0.3488743683291487,0.9841231756854657,0
0.5512255078865883,-1.1099901739376037,0.8491410419312149,0.23351299033013947,1.1164682504182242,-1.177851894974348,-0.7257958293968509,-0.8828162337175963,0.001192415045823164,-1.0289971665491795,-0.22345527558581418,0.6432272489531993,-1.0161329645585022,1
0.0428782422044723,0.9009088760241706,1.5251962127575889,0.46423961597940067,0.10257878806523006,0.21058638994196582,-0.18737694390042153,0.2744324511807092,0.6255660616453219,-0.6849837281165926,0.5505611813513597,1.734539027963782,0.9841231756854657,0
0.0428782422044723,-1.1099901739376037,1.5251962127575889,0.4532165369442751,0.2715603651240624,-1.177851894974348,0.38271364074285674,-0.3041918912684436,0.9780350556934264,-0.34097028968400567,0.03455021005991044,0.9210157017922567,0.9841231756854657,0
-0.12657084635623306,-1.1099901739376037,1.5251962127575889,0.46010201324701827,0.2715603651240624,-1.177851894974348,0.06599664927436881,0.853056793629862,-0.6936750303632967,-0.570312581972397,0.29255569570563505,0.6035431842619053,0.9841231756854657,0
-0.12657084635623306,-1.1099901739376037,-0.502969299721533,0.4631973191078845,0.10257878806523006,-1.177851894974348,0.8577891279455886,0.853056793629862,0.001192415045823164,0.003043148748581378,0.03455021005991044,-0.4877685947486774,0.9841231756854657,0
0.0428782422044723,0.9009088760241706,0.8491410419312149,0.2325338629659879,-0.404365943111267,-1.177851894974348,2.2830155895537843,-0.3041918912684436,0.27645391515958084,1.2644257563347332,0.29255569570563505,-0.15045404487267908,-1.0161329645585022,1
0.21232733076517762,0.9009088760241706,-0.502969299721533,-0.9274162160167796,0.7785050963005594,0.9048055324001227,-1.0821024447988998,-0.3041918912684436,1.286865031430813,-0.11162799739561437,1.066572152642809,0.7225953783357871,-1.0161329645585022,1
-0.12657084635623306,-1.1099901739376037,-0.502969299721533,0.462123437482686,-0.404365943111267,-1.177851894974348,1.7287608544839304,1.4316811360790147,1.327147202179168,0.5763988794695595,0.5505611813513597,0.5638591195706114,0.9841231756854657,0
0.38177641932588297,0.9009088760241706,-1.179024470547907,-0.5489676973953631,0.10257878806523006,0.9048055324001227,-1.0821024447988998,0.2744324511807092,-0.34120603631519225,-0.9143260204049839,-0.22345527558581418,0.38528082845978884,-1.0161329645585022,0
0.38177641932588297,0.9009088760241706,0.8491410419312149,-0.1691926191192897,0.2715603651240624,0.9048055324001227,-1.0821024447988998,-1.461440576166749,-0.21364582894540246,-1.143668312693375,-0.22345527558581418,-0.6266628211682062,0.9841231756854657,0
0.5512255078865883,0.9009088760241706,0.8491410419312149,0.23097041765871365,0.6095235192417271,-1.177851894974348,1.6495816066168083,-0.3041918912684436,1.092167872813765,0.8057411717579506,1.066572152642809,-0.40840046536608954,-1.0161329645585022,1
-0.12657084635623306,0.9009088760241706,-0.502969299721533,0.462123437482686,-0.23538436605243465,-1.177851894974348,1.6495816066168083,0.853056793629862,1.9112386780303117,0.4617277333253637,0.8085666669970842,0.3455967637684949,-1.0161329645585022,0
1.2290218621294098,-1.1099901739376037,-0.502969299721533,-0.9038855745234601,1.6234129815947211,0.9048055324001227,-1.086061407192256,0.2744324511807092,0.001192415045823164,-0.2262991435398101,0.5505611813513597,-1.4798702120310254,0.9841231756854657,0
0.21232733076517762,-1.1099901739376037,1.5251962127575889,-0.7393605925923168,0.2715603651240624,0.9048055324001227,-1.086061407192256,-0.8828162337175963,-0.46205254856025635,-0.6849837281165926,0.03455021005991044,0.7424374106814341,0.9841231756854657,0
0.890123685007999,0.9009088760241706,0.17308587110484092,-0.4114003027320699,0.6095235192417271,0.9048055324001227,-1.086061407192256,-0.3041918912684436,0.3939435798422821,-1.0289971665491795,0.29255569570563505,-1.5989224061049072,-1.0161329645585022,1
0.21232733076517762,-1.1099901739376037,-0.502969299721533,-0.26320463845467995,0.2715603651240624,0.9048055324001227,-1.086061407192256,-0.8828162337175963,0.2193875065994116,-1.143668312693375,0.5505611813513597,0.5638591195706114,0.9841231756854657,0
0.21232733076517762,0.9009088760241706,-0.502969299721533,0.4582700975334444,0.6095235192417271,-1.177851894974348,0.06599664927436881,1.4316811360790147,0.4040141225293712,-0.570312581972397,1.066572152642809,-0.13061201252703214,0.9841231756854657,0
0.38177641932588297,0.9009088760241706,-1.179024470547907,-0.9629016867788528,0.7785050963005594,0.9048055324001227,-1.090020369585612,-0.8828162337175963,0.5651428055227898,0.003043148748581378,-0.22345527558581418,0.32575473142284794,-1.0161329645585022,1
0.7206745964472937,-1.1099901739376037,-0.502969299721533,0.44873150192138733,0.2715603651240624,-1.177851894974348,2.4413740852880284,-0.3041918912684436,0.19253272610050842,1.035083464046342,0.03455021005991044,0.9805417988291976,-1.0161329645585022,0
0.38177641932588297,-1.1099901739376037,1.5251962127575889,0.45618550379041206,0.6095235192417271,-1.177851894974348,0.5410721364771007,-0.8828162337175963,0.2965950005337584,-0.2262991435398101,1.066572152642809,0.5638591195706114,0.9841231756854657,0
0.5512255078865883,0.9009088760241706,-1.179024470547907,0.45882283072288477,0.7785050963005594,-1.177851894974348,0.06599664927436881,-0.8828162337175963,0.5114332445249834,-0.570312581972397,0.5505611813513597,0.028124246238143545,0.9841231756854657,0
0.38177641932588297,-1.1099901739376037,0.8491410419312149,-0.9600274741937628,0.7785050963005594,0.9048055324001227,-1.090020369585612,-0.3041918912684436,-1.2475548781531747,0.003043148748581378,-0.22345527558581418,-0.11076998018138517,-1.0161329645585022,1
1.2290218621294098,-1.1099901739376037,0.8491410419312149,0.46169704330797484,1.4544314045358888,-1.177851894974348,1.6495816066168083,-0.3041918912684436,0.5114332445249834,0.4617277333253637,-0.22345527558581418,0.4249648931510827,0.9841231756854657,0
0.0428782422044723,-1.1099901739376037,0.8491410419312149,0.014235837890714998,-0.5733475201700994,-1.177851894974348,0.38271364074285674,0.2744324511807092,1.0418151593783211,0.1177142948927768,0.03455021005991044,0.10749237562073138,-1.0161329645585022,1
0.0428782422044723,0.9009088760241706,-0.502969299721533,0.2327391638649229,0.4405419421828948,-1.177851894974348,0.38271364074285674,-1.461440576166749,1.995159867089384,-0.11162799739561437,0.29255569570563505,1.6750129309268411,-1.0161329645585022,1
0.890123685007999,0.9009088760241706,-0.502969299721533,-0.9032380870729727,1.6234129815947211,0.9048055324001227,-1.090020369585612,1.4316811360790147,0.5382880250238866,-0.2262991435398101,0.8085666669970842,-1.4798702120310254,-1.0161329645585022,0
0.0428782422044723,-1.1099901739376037,-0.502969299721533,0.4556169782241305,-0.06640278899360229,-1.177851894974348,-0.8841543251310949,-1.461440576166749,-1.0092187012254088,-1.143668312693375,0.03455021005991044,0.6432272489531993,0.9841231756854657,0
0.21232733076517762,0.9009088760241706,1.5251962127575889,0.22714866246315438,-0.23538436605243465,-1.177851894974348,1.3328646151483206,-0.3041918912684436,-0.5459737376193288,0.5763988794695595,0.03455021005991044,0.22654456969461315,-1.0161329645585022,1
0.38177641932588297,0.9009088760241706,-1.179024470547907,0.459770373333354,0.10257878806523006,-1.177851894974348,-0.3298995900612411,0.853056793629862,-0.0995130118250634,-0.7996548742607882,-0.22345527558581418,0.821805540064022,0.9841231756854657,0
0.38177641932588297,0.9009088760241706,1.5251962127575889,0.46585043841719836,-0.06640278899360229,-1.177851894974348,1.6495816066168083,-0.8828162337175963,1.2801513363060872,0.4617277333253637,0.5505611813513597,1.0797519605574324,0.9841231756854657,0
0.38177641932588297,-1.1099901739376037,-0.502969299721533,0.4614285729016752,0.10257878806523006,-1.177851894974348,0.06599664927436881,-0.8828162337175963,-0.7977373047965461,-0.570312581972397,-0.22345527558581418,0.0479662785837905,-1.0161329645585022,0
0.0428782422044723,0.9009088760241706,-1.179024470547907,0.458538567939744,-0.06640278899360229,-1.177851894974348,0.38271364074285674,-0.8828162337175963,-0.901799579229796,-0.34097028968400567,0.5505611813513597,0.8416475724096689,0.9841231756854657,0
0.890123685007999,0.9009088760241706,-1.179024470547907,0.4558854486304301,0.9474866733593919,-1.177851894974348,1.9662985980852963,-0.8828162337175963,0.007906110170548816,0.6910700256137552,-0.22345527558581418,0.06780831092943747,0.9841231756854657,0
0.5512255078865883,-1.1099901739376037,0.8491410419312149,-0.5758147380253251,0.2715603651240624,0.9048055324001227,-1.090020369585612,-0.8828162337175963,0.8336906105118219,-0.9143260204049839,-0.22345527558581418,0.26622863438590705,0.9841231756854657,0
0.21232733076517762,0.9009088760241706,1.5251962127575889,-0.46877400779598266,0.10257878806523006,0.9048055324001227,-1.090020369585612,-0.8828162337175963,-0.33784918875282943,-1.0289971665491795,0.5505611813513597,-1.4005020826484376,0.9841231756854657,0
0.0428782422044723,0.9009088760241706,0.8491410419312149,0.4603704836533179,0.10257878806523006,-1.177851894974348,-0.646616581529729,0.2744324511807092,-1.1804179269059165,-1.0289971665491795,0.29255569570563505,0.5043330225336705,0.9841231756854657,0
0.38177641932588297,0.9009088760241706,-0.502969299721533,0.23826649575932685,0.2715603651240624,-1.177851894974348,2.4413740852880284,0.853056793629862,-1.173704231781191,1.379096902478929,0.29255569570563505,-0.8052411122790287,-1.0161329645585022,1
0.21232733076517762,0.9009088760241706,-0.502969299721533,-0.4730695342967766,0.6095235192417271,0.9048055324001227,-1.090020369585612,1.4316811360790147,0.23617174441122635,-1.0289971665491795,0.29255569570563505,1.0400678958661385,0.9841231756854657,0
-0.12657084635623306,0.9009088760241706,-1.179024470547907,0.23668725807521143,-0.5733475201700994,-1.177851894974348,-0.09236184645987515,-0.3041918912684436,0.001192415045823164,-0.570312581972397,-0.22345527558581418,-1.8965528912896115,-1.0161329645585022,1
0.7206745964472937,0.9009088760241706,-0.502969299721533,0.4634973742678664,0.6095235192417271,-1.177851894974348,0.8577891279455886,1.4316811360790147,0.8269769153870962,0.003043148748581378,0.03455021005991044,0.5837011519162584,-1.0161329645585022,0
0.5512255078865883,-1.1099901739376037,-0.502969299721533,0.237255783641493,1.2854498274770565,-1.177851894974348,0.06599664927436881,0.853056793629862,1.2029438423717405,-0.34097028968400567,0.29255569570563505,0.8813316371009629,-1.0161329645585022,1
0.5512255078865883,0.9009088760241706,-0.502969299721533,0.46578726890983374,0.2715603651240624,-1.177851894974348,-0.013182598592753173,0.2744324511807092,-0.21364582894540246,-0.570312581972397,0.03455021005991044,0.2463866020402601,0.9841231756854657,0
-0.12657084635623306,0.9009088760241706,0.8491410419312149,-0.38992267022810034,-0.404365943111267,0.9048055324001227,-1.090020369585612,0.853056793629862,-0.3680608168140954,-1.0289971665491795,0.03455021005991044,-0.051243883144444294,0.9841231756854657,0
0.0428782422044723,0.9009088760241706,-1.179024470547907,0.46687694291187337,0.2715603651240624,-1.177851894974348,0.38271364074285674,-1.461440576166749,-1.3751150855229646,-0.34097028968400567,0.8085666669970842,0.22654456969461315,-1.0161329645585022,0
1.0595727735687044,0.9009088760241706,-0.502969299721533,0.4725148214441654,1.2854498274770565,-1.177851894974348,1.1745061194140765,-0.8828162337175963,0.954537122756886,0.1177142948927768,-0.22345527558581418,0.801963507718375,0.9841231756854657,0
0.0428782422044723,-1.1099901739376037,-1.179024470547907,0.4752942797682085,-0.06640278899360229,-1.177851894974348,1.6495816066168083,-0.3041918912684436,-1.3751150855229646,0.4617277333253637,0.5505611813513597,0.305912699077201,0.9841231756854657,0
0.0428782422044723,0.9009088760241706,-0.502969299721533,0.48123221346048245,0.6095235192417271,-1.177851894974348,1.3328646151483206,-0.3041918912684436,-0.005521280078902488,0.23238544103697253,-0.22345527558581418,-0.30919030363785477,0.9841231756854657,0
0.38177641932588297,-1.1099901739376037,1.5251962127575889,0.4688194052633353,1.1164682504182242,-1.177851894974348,0.06599664927436881,1.4316811360790147,-1.3751150855229646,-0.570312581972397,0.5505611813513597,-1.9957630530178463,0.9841231756854657,0
0.38177641932588297,0.9009088760241706,1.5251962127575889,0.4848170830034244,-0.06640278899360229,-1.177851894974348,1.4120438630154424,-1.461440576166749,0.4745079213389917,0.3470565871811683,0.29255569570563505,-0.9441353386985575,0.9841231756854657,0
0.38177641932588297,0.9009088760241706,-1.179024470547907,0.47998461569003126,0.2715603651240624,-1.177851894974348,3.858682622109512,-0.8828162337175963,-1.0427871768490378,1.952452633199907,0.29255569570563505,1.1789621222856672,0.9841231756854657,0
0.38177641932588297,-1.1099901739376037,0.8491410419312149,0.4755785425513493,-0.06640278899360229,-1.177851894974348,0.6360872339176471,1.4316811360790147,0.4745079213389917,-0.2262991435398101,0.29255569570563505,-1.4798702120310254,0.9841231756854657,0
-0.12657084635623306,-1.1099901739376037,-1.179024470547907,0.4749152627240208,-0.23538436605243465,-1.177851894974348,0.30749335526909083,0.853056793629862,-1.1804179269059165,-0.45564143582820127,0.29255569570563505,-0.07108591549009124,-1.0161329645585022,0
0.0428782422044723,-1.1099901739376037,1.5251962127575889,0.4789739035721974,0.10257878806523006,0.21058638994196582,-0.4090788379283631,1.4316811360790147,-1.3482603050240614,-0.9143260204049839,0.03455021005991044,0.12733440796637835,-1.0161329645585022,0
1.2290218621294098,-1.1099901739376037,-0.502969299721533,0.47832641612171006,0.6095235192417271,0.21058638994196582,-0.6307807319563046,1.4316811360790147,-0.005521280078902488,-1.0289971665491795,0.5505611813513597,0.5241750548793175,0.9841231756854657,0
-0.12657084635623306,0.9009088760241706,1.5251962127575889,0.48159543812782896,-0.23538436605243465,-1.177851894974348,-1.042512820865339,-0.3041918912684436,-1.6839450612603513,-1.2583394588375707,0.5505611813513597,0.5837011519162584,0.9841231756854657,0
0.5512255078865883,-1.1099901739376037,0.8491410419312149,-1.0578928334783946,0.7785050963005594,0.9048055324001227,-1.0979382943723244,-1.461440576166749,-1.2106295549671826,0.8057411717579506,0.8085666669970842,-0.9639773710442044,-1.0161329645585022,1
1.2290218621294098,-1.1099901739376037,-1.179024470547907,0.4815322686204644,0.9474866733593919,-1.177851894974348,-0.8841543251310949,-0.8828162337175963,-1.2475548781531747,-1.143668312693375,0.8085666669970842,0.7622794430270811,-1.0161329645585022,0
0.0428782422044723,0.9009088760241706,-0.502969299721533,0.4790844502100855,0.2715603651240624,-1.177851894974348,1.8079401023510524,0.2744324511807092,0.7866947446387411,0.5763988794695595,0.03455021005991044,0.6035431842619053,-1.0161329645585022,0
1.0595727735687044,0.9009088760241706,1.5251962127575889,0.4809005735468182,0.9474866733593919,-1.177851894974348,0.8577891279455886,1.4316811360790147,0.001192415045823164,0.003043148748581378,1.066572152642809,1.6750129309268411,-1.0161329645585022,0
0.0428782422044723,0.9009088760241706,1.5251962127575889,-0.335975910938718,0.2715603651240624,0.9048055324001227,-1.0979382943723244,1.4316811360790147,0.0851136041048956,-1.0289971665491795,0.03455021005991044,0.8416475724096689,-1.0161329645585022,0
-0.12657084635623306,0.9009088760241706,-0.502969299721533,0.4767945555681181,0.4405419421828948,-1.177851894974348,0.8102815792253154,-1.461440576166749,-1.0495008719737637,-0.11162799739561437,0.03455021005991044,0.7424374106814341,-1.0161329645585022,0
0.0428782422044723,0.9009088760241706,1.5251962127575889,0.4816901923888759,-0.404365943111267,-1.177851894974348,0.8577891279455886,0.853056793629862,-0.37813135950118393,0.003043148748581378,0.8085666669970842,-0.9639773710442044,0.9841231756854657,0
0.21232733076517762,0.9009088760241706,0.8491410419312149,-0.9633912504609287,0.6095235192417271,0.9048055324001227,-1.1058562191590364,-1.461440576166749,1.7736079279734327,0.003043148748581378,1.066572152642809,0.0479662785837905,-1.0161329645585022,1
1.2290218621294098,0.9009088760241706,0.17308587110484092,0.48386954039295516,1.1164682504182242,0.21058638994196582,0.06599664927436881,-0.8828162337175963,-0.811164695045998,-0.570312581972397,0.8085666669970842,1.2186461869769611,0.9841231756854657,0
0.7206745964472937,-1.1099901739376037,0.8491410419312149,0.027785697220425204,0.7785050963005594,-1.177851894974348,0.5410721364771007,0.2744324511807092,1.676259348664909,0.23238544103697253,0.03455021005991044,-0.03140185079879733,-1.0161329645585022,1
0.21232733076517762,0.9009088760241706,-0.502969299721533,0.479242373978497,-0.23538436605243465,-1.177851894974348,0.952804225386135,-0.3041918912684436,1.575553921794022,0.003043148748581378,0.8085666669970842,1.4369085427790778,-1.0161329645585022,0
0.5512255078865883,-1.1099901739376037,0.8491410419312149,-0.7113765008297918,0.7785050963005594,0.9048055324001227,-1.1058562191590364,0.2744324511807092,-0.3109944082539262,-0.7996548742607882,0.29255569570563505,0.5241750548793175,0.9841231756854657,0
0.21232733076517762,0.9009088760241706,0.8491410419312149,0.47916341209429125,0.4405419421828948,-1.177851894974348,-1.2008713165995828,0.853056793629862,0.16232109803924238,-1.3730106049817663,0.5505611813513597,-0.26950623894656084,0.9841231756854657,0
0.38177641932588297,-1.1099901739376037,-1.179024470547907,0.2582596448402279,0.4405419421828948,-1.177851894974348,-0.09236184645987515,-0.8828162337175963,-0.8447331706696268,-0.570312581972397,0.5505611813513597,0.26622863438590705,-1.0161329645585022,1
-0.12657084635623306,-1.1099901739376037,-1.179024470547907,-0.6582983222666728,0.10257878806523006,0.9048055324001227,-1.1058562191590364,-0.3041918912684436,1.253296555807184,-0.7996548742607882,-0.22345527558581418,0.028124246238143545,-1.0161329645585022,1
0.890123685007999,0.9009088760241706,-0.502969299721533,0.2519426941037663,1.1164682504182242,-1.177851894974348,2.4413740852880284,-0.3041918912684436,1.5352717510456675,1.379096902478929,-0.22345527558581418,1.9131173190746047,-1.0161329645585022,1
0.0428782422044723,0.9009088760241706,1.5251962127575889,-0.6335358753797432,-0.23538436605243465,0.9048055324001227,-1.1058562191590364,-1.461440576166749,0.8336906105118219,-0.7996548742607882,0.5505611813513597,0.782121475372728,0.9841231756854657,0
-0.12657084635623306,-1.1099901739376037,-1.179024470547907,0.48514872291708866,-0.404365943111267,-1.177851894974348,0.8577891279455886,0.2744324511807092,-1.0495008719737637,0.003043148748581378,1.066572152642809,0.782121475372728,0.9841231756854657,0
0.38177641932588297,0.9009088760241706,-0.502969299721533,-0.5385921058107249,0.2715603651240624,0.9048055324001227,-1.1058562191590364,-0.8828162337175963,-0.5896127559300467,-0.9143260204049839,0.29255569570563505,-2.5513399586959613,0.9841231756854657,0
0.890123685007999,0.9009088760241706,-1.179024470547907,0.48639632068753985,1.4544314045358888,-1.177851894974348,-1.2642147148932805,-0.8828162337175963,-0.25392799969375696,-1.487681751125962,-0.22345527558581418,1.238488219322608,0.9841231756854657,0
0.7206745964472937,0.9009088760241706,-1.179024470547907,-0.6393316776804469,0.9474866733593919,0.9048055324001227,-1.1058562191590364,1.4316811360790147,0.001192415045823164,-0.7996548742607882,0.03455021005991044,0.38528082845978884,-1.0161329645585022,1
0.0428782422044723,0.9009088760241706,1.5251962127575889,-0.6015247275227239,0.10257878806523006,0.9048055324001227,-1.1058562191590364,0.853056793629862,1.5486991412951188,-0.9143260204049839,0.8085666669970842,-0.4282424977117365,-1.0161329645585022,1
1.0595727735687044,-1.1099901739376037,0.8491410419312149,-0.5827160067049094,1.4544314045358888,0.21058638994196582,-1.042512820865339,1.4316811360790147,-0.12972463988633004,-0.7996548742607882,0.5505611813513597,0.06780831092943747,-1.0161329645585022,0
1.2290218621294098,0.9009088760241706,-0.502969299721533,-0.47207461455578387,1.1164682504182242,0.9048055324001227,-1.1058562191590364,1.4316811360790147,0.5114332445249834,-1.0289971665491795,0.8085666669970842,1.6154868338899002,-1.0161329645585022,0
0.21232733076517762,-1.1099901739376037,-0.502969299721533,0.4882282364011137,-0.404365943111267,-1.177851894974348,1.9662985980852963,-1.461440576166749,-1.3751150855229646,0.6910700256137552,0.5505611813513597,1.1194360252487263,0.9841231756854657,0
0.38177641932588297,0.9009088760241706,0.8491410419312149,0.4909129404641099,0.2715603651240624,-1.177851894974348,-0.7257958293968509,1.4316811360790147,0.007906110170548816,-1.0289971665491795,0.29255569570563505,0.40512286080543575,0.9841231756854657,0
1.2290218621294098,0.9009088760241706,-0.502969299721533,-0.5155668203763223,1.1164682504182242,0.9048055324001227,-1.1098151815523927,-0.8828162337175963,1.6628319584154578,-1.0289971665491795,0.29255569570563505,0.0479662785837905,-1.0161329645585022,1
0.21232733076517762,-1.1099901739376037,-0.502969299721533,0.5019518118760766,0.10257878806523006,-1.177851894974348,2.4413740852880284,-0.8828162337175963,2.8243012149930204,0.9204123179021463,0.5505611813513597,-0.4282424977117365,-1.0161329645585022,0
0.5512255078865883,0.9009088760241706,-1.179024470547907,0.4895390036789295,0.2715603651240624,-1.177851894974348,-0.5674373336626071,1.4316811360790147,0.001192415045823164,-1.0289971665491795,0.5505611813513597,0.22654456969461315,0.9841231756854657,0
-0.12657084635623306,0.9009088760241706,-0.502969299721533,-0.7720666050303469,-0.23538436605243465,0.9048055324001227,-1.1137741439457487,1.4316811360790147,1.0955247203761276,-0.6849837281165926,-0.22345527558581418,-0.5076106270943244,-1.0161329645585022,0
0.21232733076517762,0.9009088760241706,-1.179024470547907,0.49636131047430804,0.4405419421828948,-1.177851894974348,0.6994306322113446,-0.3041918912684436,-1.6705176710108995,-0.11162799739561437,0.5505611813513597,0.40512286080543575,-1.0161329645585022,0
0.21232733076517762,-1.1099901739376037,1.5251962127575889,-0.5804103196861009,-0.06640278899360229,0.21058638994196582,0.06599664927436881,1.4316811360790147,0.6255660616453219,1.035083464046342,0.5505611813513597,-1.142555662155027,0.9841231756854657,0
0.5512255078865883,-1.1099901739376037,-0.502969299721533,0.009277031562592615,0.4405419421828948,0.9048055324001227,-1.1137741439457487,-0.3041918912684436,0.11868207972852446,-1.2583394588375707,1.066572152642809,-0.38855843302044263,0.9841231756854657,0
1.0595727735687044,0.9009088760241706,0.17308587110484092,-0.7330910189863786,0.9474866733593919,0.9048055324001227,-1.1177331063391047,1.4316811360790147,0.4040141225293712,-0.6849837281165926,0.29255569570563505,-0.5274526594399713,0.9841231756854657,0
0.38177641932588297,0.9009088760241706,-1.179024470547907,0.4932344198597595,0.7785050963005594,-1.177851894974348,-0.7257958293968509,1.4316811360790147,0.001192415045823164,-1.143668312693375,1.066572152642809,1.5559607368529593,0.9841231756854657,0
0.0428782422044723,0.9009088760241706,-1.179024470547907,0.49110244898620375,-0.06640278899360229,-1.177851894974348,-0.5674373336626071,-0.8828162337175963,0.001192415045823164,-1.0289971665491795,0.29255569570563505,1.6750129309268411,-1.0161329645585022,0
0.5512255078865883,-1.1099901739376037,-1.179024470547907,-0.48085517607946554,0.2715603651240624,0.9048055324001227,0.4618928886099787,0.2744324511807092,0.8739727812601764,1.2644257563347332,0.29255569570563505,0.10749237562073138,-1.0161329645585022,1
1.2290218621294098,0.9009088760241706,-1.179024470547907,0.501272739671907,1.6234129815947211,-1.177851894974348,0.38271364074285674,1.4316811360790147,-1.3482603050240614,-0.34097028968400567,0.5505611813513597,1.1591200899400202,-1.0161329645585022,0
0.21232733076517762,0.9009088760241706,1.5251962127575889,0.4905339234199222,-0.5733475201700994,-1.177851894974348,2.2830155895537843,1.4316811360790147,0.16232109803924238,0.9204123179021463,0.29255569570563505,-0.8052411122790287,0.9841231756854657,0
0.21232733076517762,0.9009088760241706,0.17308587110484092,0.4971351369395246,-0.06640278899360229,-1.177851894974348,0.38271364074285674,-0.3041918912684436,-1.4724636648314886,-0.34097028968400567,0.03455021005991044,-1.0036614357354983,0.9841231756854657,0
0.5512255078865883,-1.1099901739376037,-1.179024470547907,-0.4446590483595404,0.2715603651240624,0.9048055324001227,0.4618928886099787,0.853056793629862,0.03476089066945202,1.1497546101905376,-0.22345527558581418,-0.03140185079879733,0.9841231756854657,0
1.2290218621294098,0.9009088760241706,0.8491410419312149,0.49871437462364,1.6234129815947211,-1.177851894974348,0.7627740305050422,0.2744324511807092,-1.3482603050240614,-0.11162799739561437,1.066572152642809,0.6630692812988462,-1.0161329645585022,0
0.7206745964472937,-1.1099901739376037,0.8491410419312149,0.4962981409669434,0.6095235192417271,-1.177851894974348,-0.7257958293968509,-0.8828162337175963,0.001192415045823164,-1.143668312693375,0.5505611813513597,0.46464895784237664,-1.0161329645585022,0
0.5512255078865883,-1.1099901739376037,-0.502969299721533,0.49888809076889273,0.10257878806523006,-1.177851894974348,-0.963333572998217,-0.3041918912684436,-1.7510820125076092,-1.2583394588375707,0.03455021005991044,0.5043330225336705,0.9841231756854657,0
0.21232733076517762,0.9009088760241706,0.8491410419312149,0.5013359091792716,0.2715603651240624,-1.177851894974348,0.25602684415546156,-0.3041918912684436,0.001192415045823164,-0.45564143582820127,-0.22345527558581418,-0.011559818453150373,0.9841231756854657,0
1.0595727735687044,-1.1099901739376037,0.8491410419312149,-0.9757724739043935,1.6234129815947211,0.9048055324001227,-1.121692068732461,0.853056793629862,-0.33784918875282943,0.003043148748581378,-0.22345527558581418,1.0599099282117854,-1.0161329645585022,1
1.0595727735687044,0.9009088760241706,-0.502969299721533,0.4981616414341996,0.6095235192417271,-1.177851894974348,1.0161476236798326,-0.3041918912684436,0.03476089066945202,0.003043148748581378,0.29255569570563505,0.4448069254967297,-1.0161329645585022,0
0.890123685007999,-1.1099901739376037,-1.179024470547907,0.49741939972266536,0.9474866733593919,-1.177851894974348,1.6495816066168083,-0.8828162337175963,0.6893461653302174,0.4617277333253637,1.066572152642809,0.3455967637684949,0.9841231756854657,0
0.890123685007999,0.9009088760241706,1.5251962127575889,0.50158858720873,1.2854498274770565,-1.177851894974348,0.38271364074285674,0.853056793629862,-1.7510820125076092,-0.34097028968400567,-0.22345527558581418,1.1392780575943733,0.9841231756854657,0
0.0428782422044723,0.9009088760241706,-1.179024470547907,0.4912129956240918,-0.23538436605243465,-1.177851894974348,2.4413740852880284,-0.8828162337175963,2.780662196682302,1.035083464046342,0.8085666669970842,0.4448069254967297,0.9841231756854657,0
-0.12657084635623306,0.9009088760241706,0.8491410419312149,-0.9720138882161987,0.10257878806523006,0.9048055324001227,-1.121692068732461,-0.8828162337175963,2.448334288008376,0.003043148748581378,0.29255569570563505,0.18686050500331922,-1.0161329645585022,1
0.5512255078865883,0.9009088760241706,0.8491410419312149,0.49866699749311655,0.6095235192417271,-1.177851894974348,-0.5674373336626071,-0.8828162337175963,0.2865244578466693,-1.0289971665491795,0.8085666669970842,1.1591200899400202,-1.0161329645585022,0
0.0428782422044723,0.9009088760241706,1.5251962127575889,0.5008937226277193,-0.06640278899360229,-1.177851894974348,-0.5674373336626071,1.4316811360790147,-1.4254677989584081,-1.0289971665491795,0.8085666669970842,0.8416475724096689,0.9841231756854657,0
1.0595727735687044,0.9009088760241706,0.8491410419312149,0.49625076383642,1.2854498274770565,-1.177851894974348,0.06599664927436881,0.2744324511807092,-1.173704231781191,-0.570312581972397,1.066572152642809,-0.20998014190961997,0.9841231756854657,0
0.0428782422044723,-1.1099901739376037,-0.502969299721533,0.0430569256258212,-0.06640278899360229,-1.177851894974348,2.362194837420906,0.2744324511807092,2.448334288008376,1.8377814870557112,0.03455021005991044,1.1789621222856672,-1.0161329645585022,1
0.21232733076517762,0.9009088760241706,0.8491410419312149,0.5032152020233689,-0.23538436605243465,-1.177851894974348,2.2830155895537843,-0.8828162337175963,0.001192415045823164,0.8057411717579506,0.03455021005991044,0.8813316371009629,-1.0161329645585022,0
-0.12657084635623306,0.9009088760241706,-0.502969299721533,0.4929027799460953,-0.06640278899360229,-1.177851894974348,1.3328646151483206,-0.8828162337175963,0.15896425047687956,0.23238544103697253,0.29255569570563505,-0.09092794783573821,-1.0161329645585022,0
0.21232733076517762,-1.1099901739376037,1.5251962127575889,0.5001830656698674,0.2715603651240624,-1.177851894974348,0.06599664927436881,0.853056793629862,0.0851136041048956,-0.570312581972397,0.8085666669970842,-0.13061201252703214,0.9841231756854657,0
1.0595727735687044,0.9009088760241706,-0.502969299721533,0.49849328134786386,0.9474866733593919,-1.177851894974348,-0.09236184645987515,0.853056793629862,-0.46205254856025635,-0.6849837281165926,0.5505611813513597,0.14717644031202531,0.9841231756854657,0
0.21232733076517762,0.9009088760241706,0.8491410419312149,-0.937507544818277,-0.23538436605243465,0.9048055324001227,-1.121692068732461,-0.3041918912684436,-1.4724636648314886,-0.2262991435398101,0.8085666669970842,-1.0433455004267922,-1.0161329645585022,1
0.0428782422044723,-1.1099901739376037,0.8491410419312149,-0.9308431617913101,-0.23538436605243465,0.9048055324001227,-1.121692068732461,0.853056793629862,-1.3482603050240614,-0.2262991435398101,1.066572152642809,0.7027533459901402,-1.0161329645585022,0
0.7206745964472937,0.9009088760241706,1.5251962127575889,-0.9285058900188192,0.4405419421828948,0.9048055324001227,-1.121692068732461,-0.8828162337175963,-1.173704231781191,-0.2262991435398101,1.066572152642809,-1.4005020826484376,0.9841231756854657,0
-0.12657084635623306,0.9009088760241706,-0.502969299721533,-0.9095550378094344,-0.23538436605243465,0.9048055324001227,-1.121692068732461,0.853056793629862,1.253296555807184,-0.34097028968400567,0.5505611813513597,0.6233852166075523,-1.0161329645585022,1
0.21232733076517762,0.9009088760241706,-0.502969299721533,0.5019518118760766,0.4405419421828948,-1.177851894974348,0.06599664927436881,1.4316811360790147,-0.46205254856025635,-0.570312581972397,0.03455021005991044,0.7225953783357871,0.9841231756854657,0
0.5512255078865883,-1.1099901739376037,1.5251962127575889,-0.8769753643861334,0.7785050963005594,0.9048055324001227,-1.121692068732461,-0.8828162337175963,-0.4654093961226198,-0.45564143582820127,0.03455021005991044,0.26622863438590705,-1.0161329645585022,1
0.0428782422044723,0.9009088760241706,-0.502969299721533,0.5002620275540731,0.6095235192417271,-1.177851894974348,-0.4090788379283631,1.4316811360790147,-0.46205254856025635,-0.9143260204049839,0.5505611813513597,-1.0235034680811452,0.9841231756854657,0
0.21232733076517762,-1.1099901739376037,0.8491410419312149,0.49869858224679886,0.6095235192417271,-1.177851894974348,-0.4882580857954851,-0.3041918912684436,0.001192415045823164,-0.9143260204049839,0.8085666669970842,-0.24966420660091387,0.9841231756854657,0
0.5512255078865883,0.9009088760241706,-1.179024470547907,-0.8733273253358269,0.6095235192417271,0.9048055324001227,-1.121692068732461,-0.8828162337175963,0.5114332445249834,-0.45564143582820127,1.066572152642809,-0.6663468858595001,-1.0161329645585022,0
-0.12657084635623306,0.9009088760241706,-0.502969299721533,0.04618381624036971,0.10257878806523006,-1.177851894974348,1.2536853672811985,0.2744324511807092,2.3241309282009484,0.8057411717579506,1.066572152642809,0.46464895784237664,-1.0161329645585022,1
-0.12657084635623306,0.9009088760241706,0.8491410419312149,0.504968155852737,-0.23538436605243465,-1.177851894974348,1.2536853672811985,-0.3041918912684436,0.001192415045823164,0.23238544103697253,0.5505611813513597,-1.7378166325244357,0.9841231756854657,0
0.0428782422044723,0.9009088760241706,1.5251962127575889,-0.5855586345363172,0.10257878806523006,0.21058638994196582,0.06599664927436881,1.4316811360790147,0.665848232393677,1.035083464046342,0.8085666669970842,-2.4124457322764323,0.9841231756854657,0
0.0428782422044723,-1.1099901739376037,-0.502969299721533,-0.33423874948619103,0.2715603651240624,0.9048055324001227,0.4618928886099787,0.853056793629862,1.6594751108530943,0.8057411717579506,0.29255569570563505,1.1591200899400202,0.9841231756854657,0
-0.12657084635623306,-1.1099901739376037,-1.179024470547907,0.5104481106166175,0.2715603651240624,-1.177851894974348,0.5410721364771007,0.853056793629862,-1.2979075915886182,-0.2262991435398101,-0.22345527558581418,0.46464895784237664,-1.0161329645585022,0
-0.12657084635623306,0.9009088760241706,-0.502969299721533,-0.5925546574769484,-0.911310674287764,0.21058638994196582,-0.013182598592753173,-0.3041918912684436,-1.173704231781191,0.9204123179021463,1.066572152642809,-0.8449251769703227,0.9841231756854657,0
0.21232733076517762,0.9009088760241706,-1.179024470547907,0.5076212751620509,-0.404365943111267,-1.177851894974348,2.2830155895537843,1.4316811360790147,-1.3751150855229646,0.8057411717579506,0.5505611813513597,1.1392780575943733,0.9841231756854657,0
0.0428782422044723,-1.1099901739376037,0.8491410419312149,0.5130222680417256,-0.5733475201700994,-1.177851894974348,0.4618928886099787,0.2744324511807092,-0.46205254856025635,-0.34097028968400567,0.8085666669970842,0.9210157017922567,0.9841231756854657,0
0.0428782422044723,0.9009088760241706,-0.502969299721533,-0.147699194238479,-0.06640278899360229,0.9048055324001227,0.4618928886099787,-0.8828162337175963,0.23617174441122635,0.4617277333253637,0.29255569570563505,1.5758027691986063,0.9841231756854657,0
-0.12657084635623306,0.9009088760241706,-0.502969299721533,0.5082687626125383,0.10257878806523006,-1.177851894974348,-0.4090788379283631,-0.3041918912684436,-1.8752853723150364,-0.9143260204049839,0.5505611813513597,1.0003838311748445,0.9841231756854657,0
0.38177641932588297,0.9009088760241706,-1.179024470547907,0.5133381155785487,0.2715603651240624,-1.177851894974348,1.3328646151483206,-0.3041918912684436,1.417782086362966,0.23238544103697253,0.8085666669970842,0.20670253734896618,0.9841231756854657,0
0.38177641932588297,-1.1099901739376037,0.8491410419312149,0.5176020573256603,0.10257878806523006,-1.177851894974348,1.6495816066168083,-0.8828162337175963,0.8336906105118219,0.4617277333253637,1.066572152642809,-0.11076998018138517,-1.0161329645585022,0
0.21232733076517762,-1.1099901739376037,-1.179024470547907,-0.5947340054810276,-0.23538436605243465,0.21058638994196582,1.6495816066168083,1.4316811360790147,-1.2475548781531747,3.7871909715070364,1.066572152642809,0.305912699077201,-1.0161329645585022,0
0.890123685007999,-1.1099901739376037,-0.502969299721533,-0.5856691811742052,0.9474866733593919,0.21058638994196582,0.06599664927436881,0.853056793629862,-0.46205254856025635,1.035083464046342,0.29255569570563505,-0.9441353386985575,0.9841231756854657,0
0.7206745964472937,0.9009088760241706,1.5251962127575889,0.5153437474373752,1.2854498274770565,-1.177851894974348,0.06599664927436881,-1.461440576166749,-1.8752853723150364,-0.570312581972397,1.066572152642809,0.9011736694466097,0.9841231756854657,0
0.5512255078865883,-1.1099901739376037,-0.502969299721533,0.5184232609214003,1.1164682504182242,-1.177851894974348,-1.042512820865339,0.2744324511807092,-0.8447331706696268,-1.2583394588375707,0.5505611813513597,1.6750129309268411,-1.0161329645585022,0
0.7206745964472937,0.9009088760241706,1.5251962127575889,0.5136697554922129,0.4405419421828948,-1.177851894974348,0.8577891279455886,-1.461440576166749,0.665848232393677,-0.11162799739561437,1.066572152642809,-0.20998014190961997,0.9841231756854657,0
0.7206745964472937,-1.1099901739376037,-0.502969299721533,0.5178073582245953,0.6095235192417271,-1.177851894974348,1.8079401023510524,1.4316811360790147,-0.08944246913797492,0.5763988794695595,1.066572152642809,0.40512286080543575,0.9841231756854657,0
0.21232733076517762,0.9009088760241706,-1.179024470547907,0.2914868057140161,0.2715603651240624,-1.177851894974348,0.38271364074285674,-1.461440576166749,0.001192415045823164,-0.2262991435398101,0.8085666669970842,0.7027533459901402,-1.0161329645585022,1
0.890123685007999,0.9009088760241706,-1.179024470547907,0.5132275689406606,0.6095235192417271,-1.177851894974348,0.5410721364771007,-1.461440576166749,-1.173704231781191,-0.2262991435398101,0.03455021005991044,0.0479662785837905,-1.0161329645585022,0
0.21232733076517762,0.9009088760241706,-0.502969299721533,0.5208237022012557,-0.06640278899360229,-1.177851894974348,1.6495816066168083,0.853056793629862,1.9515208487786668,0.4617277333253637,0.5505611813513597,0.38528082845978884,0.9841231756854657,0
0.21232733076517762,0.9009088760241706,1.5251962127575889,0.08039010447830947,0.2715603651240624,0.9048055324001227,0.4618928886099787,-0.8828162337175963,-0.7138161157374736,0.1177142948927768,0.29255569570563505,1.0202258635204915,-1.0161329645585022,0
0.5512255078865883,-1.1099901739376037,0.8491410419312149,0.5162597052941622,0.6095235192417271,0.21058638994196582,0.06599664927436881,-0.8828162337175963,0.001192415045823164,-0.570312581972397,0.03455021005991044,-1.5195542767223194,0.9841231756854657,0
-0.12657084635623306,-1.1099901739376037,0.8491410419312149,0.5200182909823569,-0.5733475201700994,-1.177851894974348,1.0161476236798326,-1.461440576166749,0.860545391010725,0.003043148748581378,1.066572152642809,-1.2417658238832618,0.9841231756854657,0
0.38177641932588297,0.9009088760241706,-0.502969299721533,0.5156753873510395,0.6095235192417271,-1.177851894974348,2.0454778459524183,0.2744324511807092,0.27645391515958084,0.6910700256137552,0.8085666669970842,0.5241750548793175,0.9841231756854657,0
0.21232733076517762,-1.1099901739376037,0.8491410419312149,0.273846720782447,0.6095235192417271,0.9048055324001227,0.4618928886099787,0.2744324511807092,0.23617174441122635,-0.11162799739561437,0.29255569570563505,0.5837011519162584,0.9841231756854657,0
0.21232733076517762,-1.1099901739376037,-0.502969299721533,0.6270590212116992,0.10257878806523006,0.9048055324001227,0.4618928886099787,-0.3041918912684436,0.001192415045823164,-0.45564143582820127,0.8085666669970842,0.40512286080543575,0.9841231756854657,0
-0.12657084635623306,0.9009088760241706,-1.179024470547907,0.6811321195158109,-0.5733475201700994,0.9048055324001227,0.4618928886099787,1.4316811360790147,0.3301634761573873,-0.45564143582820127,0.29255569570563505,-0.5671367241312653,0.9841231756854657,0
0.38177641932588297,0.9009088760241706,-1.179024470547907,0.5216606981738369,0.9474866733593919,-1.177851894974348,-1.121692068732461,-0.3041918912684436,-1.6839450612603513,-1.3730106049817663,0.03455021005991044,0.18686050500331922,0.9841231756854657,0
0.7206745964472937,0.9009088760241706,-0.502969299721533,1.2164463173004108,0.4405419421828948,0.9048055324001227,0.4618928886099787,0.853056793629862,-0.34120603631519225,-0.6849837281165926,0.03455021005991044,1.0202258635204915,0.9841231756854657,0
0.0428782422044723,0.9009088760241706,1.5251962127575889,1.5960634718080728,0.4405419421828948,0.9048055324001227,0.4618928886099787,0.2744324511807092,1.1223795008750308,-0.7996548742607882,0.5505611813513597,1.3972244780877838,-1.0161329645585022,0
0.0428782422044723,-1.1099901739376037,1.5251962127575889,0.5274565004745404,0.10257878806523006,-1.177851894974348,4.024959042630468,0.853056793629862,-0.8447331706696268,1.952452633199907,0.03455021005991044,1.774223092655076,0.9841231756854657,0
-0.12657084635623306,0.9009088760241706,-0.502969299721533,-0.10896049384712801,0.10257878806523006,0.9048055324001227,0.48564666297011533,-0.8828162337175963,0.001192415045823164,0.3470565871811683,0.8085666669970842,0.7424374106814341,-1.0161329645585022,0
-0.12657084635623306,0.9009088760241706,-1.179024470547907,0.5250402668178439,-0.23538436605243465,-1.177851894974348,1.0161476236798326,-0.3041918912684436,0.19253272610050842,0.003043148748581378,-0.22345527558581418,0.7225953783357871,0.9841231756854657,0
0.0428782422044723,0.9009088760241706,-1.179024470547907,-0.2227761537413255,0.10257878806523006,0.9048055324001227,0.4935645877568275,-1.461440576166749,0.23617174441122635,0.5763988794695595,0.29255569570563505,-0.38855843302044263,-1.0161329645585022,1
0.38177641932588297,-1.1099901739376037,0.17308587110484092,0.5331417561373559,0.4405419421828948,-1.177851894974348,0.06599664927436881,-0.8828162337175963,1.0955247203761276,-0.570312581972397,0.03455021005991044,0.5837011519162584,0.9841231756854657,0
0.21232733076517762,0.9009088760241706,-0.502969299721533,0.5324784763100274,0.10257878806523006,-1.177851894974348,3.2331665639592484,0.853056793629862,-1.4724636648314886,1.379096902478929,0.29255569570563505,1.0400678958661385,-1.0161329645585022,0
-0.12657084635623306,0.9009088760241706,-0.502969299721533,-0.22283932324869013,-0.911310674287764,0.9048055324001227,0.5014825125435397,-0.3041918912684436,0.001192415045823164,0.5763988794695595,0.29255569570563505,1.6551708985811941,-1.0161329645585022,1
0.21232733076517762,-1.1099901739376037,1.5251962127575889,0.5368687570718683,0.10257878806523006,-1.177851894974348,-0.7574675285436998,0.2744324511807092,-0.005521280078902488,-1.143668312693375,-0.22345527558581418,-0.7060309505507939,0.9841231756854657,0
1.2290218621294098,-1.1099901739376037,-1.179024470547907,0.5411326988189799,1.2854498274770565,-1.177851894974348,0.06599664927436881,-0.3041918912684436,-1.1804179269059165,-0.570312581972397,0.8085666669970842,0.6829113136444932,-1.0161329645585022,0
-0.12657084635623306,0.9009088760241706,-1.179024470547907,-0.580015510265072,0.2715603651240624,0.9048055324001227,0.5094004373302519,-0.8828162337175963,-0.33784918875282943,1.8377814870557112,0.29255569570563505,-0.07108591549009124,-1.0161329645585022,1
0.38177641932588297,0.9009088760241706,-0.502969299721533,-0.6756383520382601,-0.06640278899360229,0.9048055324001227,0.5094004373302519,0.2744324511807092,1.2700807936189982,2.2964660716324943,0.8085666669970842,-1.0631875327724392,-1.0161329645585022,1
0.5512255078865883,0.9009088760241706,-0.502969299721533,0.5399324781790522,0.6095235192417271,-1.177851894974348,-1.042512820865339,0.853056793629862,-1.8752853723150364,-1.2583394588375707,1.066572152642809,-0.24966420660091387,0.9841231756854657,0
0.38177641932588297,-1.1099901739376037,1.5251962127575889,-0.5183462787003653,0.6095235192417271,0.9048055324001227,0.5094004373302519,0.2744324511807092,-1.7510820125076092,1.4937680486231246,0.5505611813513597,1.258330251668255,-1.0161329645585022,1
1.0595727735687044,-1.1099901739376037,-0.502969299721533,0.5355579897940524,1.2854498274770565,-1.177851894974348,0.8577891279455886,0.2744324511807092,-1.4993184453303918,-0.11162799739561437,-0.22345527558581418,1.317856348705196,-1.0161329645585022,0
1.2290218621294098,0.9009088760241706,-1.179024470547907,0.5338839978488902,1.4544314045358888,-1.177851894974348,0.8577891279455886,1.4316811360790147,-0.37813135950118393,-0.11162799739561437,1.066572152642809,-0.8647672093159696,0.9841231756854657,0
0.21232733076517762,-1.1099901739376037,-1.179024470547907,0.5340892987478252,0.4405419421828948,-1.177851894974348,0.06599664927436881,0.853056793629862,-1.173704231781191,-0.570312581972397,0.29255569570563505,-1.3608180179571436,0.9841231756854657,0
-0.12657084635623306,0.9009088760241706,-1.179024470547907,-0.3990506640422874,0.10257878806523006,0.9048055324001227,0.5094004373302519,0.2744324511807092,0.27645391515958084,1.035083464046342,0.8085666669970842,1.0202258635204915,-1.0161329645585022,0
1.2290218621294098,-1.1099901739376037,-1.179024470547907,-0.3760411709847259,0.6095235192417271,0.9048055324001227,0.5094004373302519,0.853056793629862,0.830333762949459,1.035083464046342,0.5505611813513597,1.0995939929030794,0.9841231756854657,0
0.38177641932588297,0.9009088760241706,0.17308587110484092,0.5368845494487094,0.6095235192417271,0.21058638994196582,0.7627740305050422,1.4316811360790147,1.0955247203761276,-0.11162799739561437,0.29255569570563505,1.6154868338899002,-1.0161329645585022,0
1.2290218621294098,-1.1099901739376037,1.5251962127575889,0.5388270118001713,1.1164682504182242,-1.177851894974348,0.38271364074285674,0.2744324511807092,-1.4724636648314886,-0.34097028968400567,0.29255569570563505,1.5559607368529593,-1.0161329645585022,0
0.38177641932588297,-1.1099901739376037,-1.179024470547907,0.08005846456464523,0.2715603651240624,-1.177851894974348,2.4413740852880284,0.2744324511807092,1.451350561986595,1.7231103409115156,0.8085666669970842,-0.190138109563973,-1.0161329645585022,1
-0.12657084635623306,0.9009088760241706,-0.502969299721533,0.539506084004341,-0.5733475201700994,-1.177851894974348,0.06599664927436881,0.853056793629862,1.092167872813765,-0.570312581972397,-0.22345527558581418,0.4249648931510827,-1.0161329645585022,0
-0.12657084635623306,0.9009088760241706,0.8491410419312149,0.5440700809114345,0.2715603651240624,-1.177851894974348,-0.2507203421941191,-0.8828162337175963,-1.1804179269059165,-0.7996548742607882,0.29255569570563505,-1.2814498885745558,0.9841231756854657,0
0.5512255078865883,-1.1099901739376037,-0.502969299721533,-0.07320655267875517,0.2715603651240624,0.9048055324001227,0.5094004373302519,0.853056793629862,-0.4654093961226198,0.3470565871811683,0.29255569570563505,1.278172284013902,-1.0161329645585022,0
0.0428782422044723,-1.1099901739376037,-1.179024470547907,-0.07028496296314167,0.7785050963005594,0.9048055324001227,0.5094004373302519,0.2744324511807092,0.7229146409538463,0.3470565871811683,-0.22345527558581418,-1.3012919209202027,0.9841231756854657,0
0.890123685007999,-1.1099901739376037,-0.502969299721533,0.5522347397383112,0.7785050963005594,-1.177851894974348,-0.963333572998217,-0.3041918912684436,0.2965950005337584,-1.2583394588375707,0.29255569570563505,0.5837011519162584,0.9841231756854657,0
0.38177641932588297,-1.1099901739376037,-0.502969299721533,-0.008363053368976497,0.4405419421828948,0.9048055324001227,0.5094004373302519,1.4316811360790147,1.407711543675877,0.23238544103697253,0.5505611813513597,0.18686050500331922,0.9841231756854657,0
0.21232733076517762,0.9009088760241706,-0.502969299721533,-0.01842279741679165,-0.23538436605243465,0.9048055324001227,0.5094004373302519,-0.8828162337175963,-0.522475804682789,0.23238544103697253,1.066572152642809,-0.5076106270943244,0.9841231756854657,0
0.0428782422044723,0.9009088760241706,-0.502969299721533,0.08165349462560179,0.4405419421828948,0.9048055324001227,0.5094004373302519,-1.461440576166749,0.860545391010725,0.1177142948927768,0.03455021005991044,-0.8052411122790287,0.9841231756854657,0
1.0595727735687044,0.9009088760241706,-0.502969299721533,0.06074438768791378,1.4544314045358888,0.9048055324001227,0.5094004373302519,1.4316811360790147,1.575553921794022,0.1177142948927768,-0.22345527558581418,1.5758027691986063,-1.0161329645585022,1
0.7206745964472937,0.9009088760241706,-1.179024470547907,0.18081382881120828,1.1164682504182242,0.9048055324001227,0.5094004373302519,1.4316811360790147,1.253296555807184,0.003043148748581378,0.8085666669970842,-0.7853990799333818,0.9841231756854657,0
-0.12657084635623306,0.9009088760241706,-1.179024470547907,0.27313606382459504,-0.23538436605243465,0.9048055324001227,0.5094004373302519,-0.3041918912684436,2.5725376478158033,-0.11162799739561437,0.03455021005991044,0.22654456969461315,-1.0161329645585022,0
0.7206745964472937,0.9009088760241706,0.17308587110484092,0.36253670912236835,0.9474866733593919,0.9048055324001227,0.5094004373302519,0.2744324511807092,-0.0860856215756121,-0.2262991435398101,0.29255569570563505,1.8734332543833108,-1.0161329645585022,0
-0.12657084635623306,0.9009088760241706,-0.502969299721533,0.7231240495364396,-0.911310674287764,0.9048055324001227,0.5094004373302519,0.853056793629862,-1.2475548781531747,-0.45564143582820127,0.29255569570563505,0.801963507718375,0.9841231756854657,0
0.0428782422044723,-1.1099901739376037,-1.179024470547907,0.5499922222268673,0.2715603651240624,-1.177851894974348,0.8577891279455886,1.4316811360790147,-0.3680608168140954,-0.11162799739561437,0.29255569570563505,-3.166442961411017,0.9841231756854657,0
0.0428782422044723,-1.1099901739376037,-0.502969299721533,0.5547457276560547,-0.06640278899360229,-1.177851894974348,-0.963333572998217,-0.3041918912684436,-1.6705176710108995,-1.2583394588375707,0.29255569570563505,-1.0036614357354983,-1.0161329645585022,0
0.21232733076517762,0.9009088760241706,0.8491410419312149,0.5550299904391954,0.10257878806523006,-1.177851894974348,4.024959042630468,1.4316811360790147,-1.0427871768490378,1.8377814870557112,0.5505611813513597,0.9011736694466097,0.9841231756854657,0
0.5512255078865883,0.9009088760241706,-1.179024470547907,0.5559617406728236,0.6095235192417271,-1.177851894974348,-0.7257958293968509,-0.3041918912684436,-1.6705176710108995,-1.143668312693375,-0.22345527558581418,-1.3608180179571436,0.9841231756854657,0
0.0428782422044723,0.9009088760241706,1.5251962127575889,0.5543825029887082,0.6095235192417271,0.21058638994196582,-0.7574675285436998,1.4316811360790147,0.23617174441122635,-1.143668312693375,1.066572152642809,-0.5869787564769122,0.9841231756854657,0
0.7206745964472937,0.9009088760241706,0.8491410419312149,0.553545507016127,0.4405419421828948,-1.177851894974348,1.6495816066168083,0.853056793629862,-0.11965409719924096,0.3470565871811683,-0.22345527558581418,-1.9362369559809054,0.9841231756854657,0
0.0428782422044723,0.9009088760241706,1.5251962127575889,0.5547615200328958,-0.06640278899360229,-1.177851894974348,2.19591841689995,-1.461440576166749,-1.0427871768490378,0.6910700256137552,-0.22345527558581418,-0.3488743683291487,0.9841231756854657,0
0.5512255078865883,-1.1099901739376037,1.5251962127575889,0.5571935460664336,0.2715603651240624,-1.177851894974348,1.3328646151483206,1.4316811360790147,0.23617174441122635,0.23238544103697253,0.8085666669970842,1.4964346398160184,-1.0161329645585022,0
0.7206745964472937,-1.1099901739376037,-0.502969299721533,0.5499922222268673,0.6095235192417271,-1.177851894974348,-0.7574675285436998,1.4316811360790147,-0.005521280078902488,-1.143668312693375,0.5505611813513597,0.6035431842619053,-1.0161329645585022,0
0.5512255078865883,-1.1099901739376037,1.5251962127575889,0.5541140325824085,0.2715603651240624,-1.177851894974348,0.5727438356239495,-0.3041918912684436,0.665848232393677,-0.34097028968400567,0.5505611813513597,1.278172284013902,0.9841231756854657,0
0.38177641932588297,0.9009088760241706,-1.179024470547907,0.5744072368232915,0.2715603651240624,0.9048055324001227,0.5252362869036763,0.853056793629862,1.2700807936189982,-0.34097028968400567,0.8085666669970842,-0.7457150152420878,0.9841231756854657,0
0.38177641932588297,-1.1099901739376037,1.5251962127575889,0.553340206117192,0.4405419421828948,-1.177851894974348,1.8079401023510524,-0.3041918912684436,0.3301634761573873,0.4617277333253637,-0.22345527558581418,-0.3488743683291487,-1.0161329645585022,0
1.2290218621294098,-1.1099901739376037,1.5251962127575889,-0.29938497379776396,0.9474866733593919,0.9048055324001227,0.5410721364771007,0.2744324511807092,-0.25392799969375696,0.8057411717579506,0.5505611813513597,1.1988041546313142,-1.0161329645585022,0
0.38177641932588297,0.9009088760241706,-0.502969299721533,0.5495342432984739,0.2715603651240624,-1.177851894974348,-0.5674373336626071,0.853056793629862,1.6729025011025462,-1.0289971665491795,0.29255569570563505,0.801963507718375,0.9841231756854657,0
-0.12657084635623306,0.9009088760241706,1.5251962127575889,0.5564986814854228,0.10257878806523006,-1.177851894974348,2.4413740852880284,-0.3041918912684436,-0.005521280078902488,0.9204123179021463,-0.22345527558581418,0.305912699077201,0.9841231756854657,0
0.5512255078865883,-1.1099901739376037,0.8491410419312149,-0.2949631082822408,0.4405419421828948,0.9048055324001227,0.5410721364771007,1.4316811360790147,0.001192415045823164,0.8057411717579506,0.8085666669970842,-0.17029607721832604,0.9841231756854657,0
0.38177641932588297,-1.1099901739376037,-0.502969299721533,-0.4045937883135325,0.6095235192417271,0.9048055324001227,0.5410721364771007,0.2744324511807092,1.7836784706605218,1.1497546101905376,0.03455021005991044,1.238488219322608,-1.0161329645585022,1
0.5512255078865883,0.9009088760241706,-1.179024470547907,-0.37307220413858894,0.6095235192417271,0.9048055324001227,0.5410721364771007,1.4316811360790147,1.2029438423717405,1.035083464046342,0.8085666669970842,-0.8250831446246757,-1.0161329645585022,1
0.38177641932588297,0.9009088760241706,-0.502969299721533,0.5517609684330765,0.2715603651240624,-1.177851894974348,-0.8841543251310949,0.853056793629862,-1.6839450612603513,-1.2583394588375707,0.8085666669970842,-0.9044512740072636,0.9841231756854657,0
0.38177641932588297,0.9009088760241706,1.5251962127575889,0.5561038720643939,0.7785050963005594,-1.177851894974348,-0.6307807319563046,0.2744324511807092,0.20931696391232313,-1.0289971665491795,-0.22345527558581418,1.238488219322608,0.9841231756854657,0
1.0595727735687044,0.9009088760241706,-0.502969299721533,-0.240147768266595,0.9474866733593919,0.9048055324001227,0.5410721364771007,1.4316811360790147,-0.12972463988633004,0.6910700256137552,0.8085666669970842,0.6829113136444932,-1.0161329645585022,0
0.38177641932588297,-1.1099901739376037,-0.502969299721533,0.5552984608454951,0.4405419421828948,-1.177851894974348,-0.7257958293968509,1.4316811360790147,-1.3482603050240614,-1.143668312693375,1.066572152642809,0.4844909901880236,0.9841231756854657,0
0.0428782422044723,-1.1099901739376037,0.8491410419312149,-0.20450437373611022,0.10257878806523006,0.9048055324001227,0.5410721364771007,-0.8828162337175963,-0.005521280078902488,0.5763988794695595,0.5505611813513597,0.0479662785837905,-1.0161329645585022,0
-0.12657084635623306,-1.1099901739376037,-1.179024470547907,-0.20003513109006363,-0.5733475201700994,0.9048055324001227,0.5410721364771007,-1.461440576166749,-0.7138161157374736,0.5763988794695595,0.03455021005991044,0.3654387961141419,0.9841231756854657,0
0.890123685007999,0.9009088760241706,-1.179024470547907,0.5563091729633289,1.6234129815947211,-1.177851894974348,-0.9474977234247925,0.2744324511807092,-0.8447331706696268,-1.2583394588375707,1.066572152642809,0.26622863438590705,-1.0161329645585022,0
-0.12657084635623306,-1.1099901739376037,-1.179024470547907,0.5503396545173728,0.2715603651240624,-1.177851894974348,0.8577891279455886,0.853056793629862,0.561785957960427,-0.11162799739561437,0.8085666669970842,0.8416475724096689,0.9841231756854657,0
0.7206745964472937,-1.1099901739376037,1.5251962127575889,-0.606562495735052,1.1164682504182242,0.21058638994196582,-0.2507203421941191,-0.8828162337175963,1.6829730437896346,0.5763988794695595,0.29255569570563505,1.0599099282117854,-1.0161329645585022,0
0.0428782422044723,-1.1099901739376037,-1.179024470547907,0.554572011510802,0.7785050963005594,-1.177851894974348,0.22435514500861276,0.2744324511807092,0.6893461653302174,-0.45564143582820127,0.8085666669970842,0.286070666731554,0.9841231756854657,0
0.0428782422044723,0.9009088760241706,-1.179024470547907,0.5515714599109828,0.10257878806523006,-1.177851894974348,4.024959042630468,-0.8828162337175963,-0.46205254856025635,1.8377814870557112,-0.22345527558581418,0.7027533459901402,0.9841231756854657,0
0.7206745964472937,0.9009088760241706,-1.179024470547907,0.5506081249236723,0.4405419421828948,-1.177851894974348,-0.17154109432699713,0.853056793629862,-1.7510820125076092,-0.7996548742607882,0.03455021005991044,-0.03140185079879733,0.9841231756854657,0
0.890123685007999,0.9009088760241706,0.8491410419312149,0.5558354016580943,0.6095235192417271,-1.177851894974348,0.25602684415546156,-0.3041918912684436,-1.2475548781531747,-0.45564143582820127,0.5505611813513597,-0.40840046536608954,0.9841231756854657,0
-0.12657084635623306,-1.1099901739376037,-0.502969299721533,-0.14727280006376783,-0.7423290972289317,0.9048055324001227,0.5410721364771007,-1.461440576166749,0.9780350556934264,0.4617277333253637,0.29255569570563505,0.6630692812988462,0.9841231756854657,0
-0.12657084635623306,-1.1099901739376037,1.5251962127575889,-0.1448407740302301,-0.06640278899360229,0.9048055324001227,0.5410721364771007,1.4316811360790147,0.19253272610050842,0.4617277333253637,0.29255569570563505,0.3455967637684949,0.9841231756854657,0
0.5512255078865883,-1.1099901739376037,1.5251962127575889,0.09796701990251395,0.2715603651240624,-1.177851894974348,1.3328646151483206,0.2744324511807092,2.931720336988632,0.8057411717579506,1.066572152642809,1.4964346398160184,-1.0161329645585022,1
-0.12657084635623306,-1.1099901739376037,1.5251962127575889,-0.6110001536274163,0.10257878806523006,0.21058638994196582,1.8475297262846133,0.853056793629862,-0.7138161157374736,4.3605467022280155,0.03455021005991044,0.6630692812988462,0.9841231756854657,0
0.890123685007999,0.9009088760241706,-1.179024470547907,0.5469285011196834,0.7785050963005594,-1.177851894974348,0.38271364074285674,0.2744324511807092,-1.2475548781531747,-0.45564143582820127,0.03455021005991044,-1.8171847619070236,0.9841231756854657,0
0.21232733076517762,0.9009088760241706,-1.179024470547907,-0.12637948550292097,0.4405419421828948,0.9048055324001227,0.5410721364771007,-0.8828162337175963,0.16232109803924238,0.4617277333253637,1.066572152642809,0.5241750548793175,-1.0161329645585022,0
0.0428782422044723,0.9009088760241706,-0.502969299721533,-0.2229814546402605,0.10257878806523006,0.9048055324001227,0.5410721364771007,-0.8828162337175963,1.417782086362966,0.6910700256137552,0.8085666669970842,0.08765034327508442,-1.0161329645585022,1
0.7206745964472937,-1.1099901739376037,0.8491410419312149,0.5491552262542861,0.7785050963005594,-1.177851894974348,1.3328646151483206,0.853056793629862,0.03476089066945202,0.23238544103697253,0.5505611813513597,0.46464895784237664,0.9841231756854657,0
0.890123685007999,0.9009088760241706,-1.179024470547907,0.5606204918409641,0.6095235192417271,-1.177851894974348,-0.2507203421941191,1.4316811360790147,-1.7510820125076092,-0.7996548742607882,1.066572152642809,0.6432272489531993,-1.0161329645585022,0
1.2290218621294098,-1.1099901739376037,-1.179024470547907,-0.08809876403996347,1.1164682504182242,0.9048055324001227,0.5410721364771007,-0.3041918912684436,-1.4993184453303918,0.3470565871811683,0.8085666669970842,0.5837011519162584,-1.0161329645585022,0
0.21232733076517762,0.9009088760241706,-1.179024470547907,0.5573514698348452,0.2715603651240624,-1.177851894974348,-1.1375279183058853,-1.461440576166749,0.9108981044461687,-1.3730106049817663,0.8085666669970842,-0.9838194033898514,0.9841231756854657,0
0.7206745964472937,-1.1099901739376037,-0.502969299721533,0.5586464447358198,0.7785050963005594,-1.177851894974348,-0.09236184645987515,-0.8828162337175963,-1.8752853723150364,-0.6849837281165926,0.29255569570563505,-0.4282424977117365,0.9841231756854657,0
0.0428782422044723,0.9009088760241706,-1.179024470547907,-0.06238877454256462,0.10257878806523006,0.9048055324001227,0.5410721364771007,-1.461440576166749,-0.21364582894540246,0.3470565871811683,0.5505611813513597,-2.69023418511549,0.9841231756854657,0
0.7206745964472937,0.9009088760241706,1.5251962127575889,-0.03764212003247617,0.9474866733593919,0.9048055324001227,0.5410721364771007,-0.8828162337175963,-0.005521280078902488,0.3470565871811683,0.8085666669970842,0.7424374106814341,-1.0161329645585022,0
-0.12657084635623306,0.9009088760241706,-0.502969299721533,-0.03418358950426342,0.10257878806523006,0.9048055324001227,0.5410721364771007,-0.3041918912684436,0.7061304031420315,0.3470565871811683,1.066572152642809,1.238488219322608,0.9841231756854657,0
0.0428782422044723,-1.1099901739376037,0.17308587110484092,0.5553300455991774,0.2715603651240624,0.21058638994196582,2.4413740852880284,-0.3041918912684436,-0.4654093961226198,0.9204123179021463,0.5505611813513597,1.714696995618135,0.9841231756854657,0
0.21232733076517762,0.9009088760241706,1.5251962127575889,0.5589307075189606,-0.06640278899360229,-1.177851894974348,1.6495816066168083,-1.461440576166749,-1.4993184453303918,0.3470565871811683,0.8085666669970842,0.22654456969461315,-1.0161329645585022,0
0.0428782422044723,-1.1099901739376037,0.8491410419312149,0.5528664348119574,0.2715603651240624,-1.177851894974348,-0.7257958293968509,0.2744324511807092,0.001192415045823164,-1.143668312693375,0.29255569570563505,0.6035431842619053,0.9841231756854657,0
0.5512255078865883,-1.1099901739376037,-1.179024470547907,-0.016038148513777384,0.7785050963005594,0.9048055324001227,0.5410721364771007,0.2744324511807092,0.001192415045823164,0.23238544103697253,0.5505611813513597,0.7225953783357871,-1.0161329645585022,0
0.38177641932588297,0.9009088760241706,1.5251962127575889,0.5562460034559643,-0.06640278899360229,-1.177851894974348,2.4413740852880284,0.853056793629862,0.03811773823181484,0.9204123179021463,0.03455021005991044,-0.40840046536608954,-1.0161329645585022,0
1.2290218621294098,-1.1099901739376037,-1.179024470547907,0.552424248260405,1.7923945586535535,-1.177851894974348,0.8577891279455886,-0.3041918912684436,0.16232109803924238,-0.11162799739561437,1.066572152642809,0.26622863438590705,0.9841231756854657,0
0.0428782422044723,0.9009088760241706,0.8491410419312149,0.55304015095721,-0.404365943111267,-1.177851894974348,-0.7257958293968509,-0.3041918912684436,-1.173704231781191,-1.143668312693375,-0.22345527558581418,0.2463866020402601,0.9841231756854657,0
0.38177641932588297,0.9009088760241706,-0.502969299721533,0.5566723976306756,0.7785050963005594,-1.177851894974348,-0.8841543251310949,-1.461440576166749,-1.2979075915886182,-1.2583394588375707,1.066572152642809,1.1591200899400202,0.9841231756854657,0
0.0428782422044723,-1.1099901739376037,-1.179024470547907,0.5567355671380401,-0.06640278899360229,-1.177851894974348,-0.7257958293968509,1.4316811360790147,-1.0495008719737637,-1.143668312693375,0.29255569570563505,0.16701847265767225,0.9841231756854657,0
0.7206745964472937,0.9009088760241706,-1.179024470547907,0.5597045339841771,0.6095235192417271,-1.177851894974348,-0.2507203421941191,-0.3041918912684436,1.286865031430813,-0.7996548742607882,0.8085666669970842,0.6630692812988462,-1.0161329645585022,0
0.7206745964472937,0.9009088760241706,-1.179024470547907,0.55345075275508,1.2854498274770565,-1.177851894974348,-0.7257958293968509,0.853056793629862,-1.173704231781191,-1.143668312693375,1.066572152642809,-0.36871640067479566,0.9841231756854657,0
0.0428782422044723,-1.1099901739376037,1.5251962127575889,0.5572093384432747,0.10257878806523006,-1.177851894974348,0.38271364074285674,-0.8828162337175963,0.7061304031420315,-0.45564143582820127,0.8085666669970842,-0.22982217425526694,-1.0161329645585022,0
0.0428782422044723,-1.1099901739376037,-0.502969299721533,0.5566408128769932,-0.23538436605243465,-1.177851894974348,1.3328646151483206,-1.461440576166749,-1.0495008719737637,0.23238544103697253,1.066572152642809,0.9210157017922567,-1.0161329645585022,0
0.0428782422044723,0.9009088760241706,-0.502969299721533,0.5569566604138163,0.6095235192417271,-1.177851894974348,-0.804975077263973,0.2744324511807092,-0.005521280078902488,-1.143668312693375,0.29255569570563505,0.4844909901880236,0.9841231756854657,0
0.7206745964472937,-1.1099901739376037,0.8491410419312149,-0.014427326075979666,1.2854498274770565,0.9048055324001227,0.5410721364771007,-1.461440576166749,0.5114332445249834,0.23238544103697253,0.03455021005991044,0.7424374106814341,-1.0161329645585022,0
0.7206745964472937,0.9009088760241706,-0.502969299721533,0.5570356222980221,0.10257878806523006,-1.177851894974348,-0.09236184645987515,-0.3041918912684436,-1.0495008719737637,-0.6849837281165926,0.8085666669970842,-1.4005020826484376,-1.0161329645585022,0
-0.12657084635623306,0.9009088760241706,0.8491410419312149,-0.08699329766108269,0.4405419421828948,0.9048055324001227,0.5410721364771007,0.853056793629862,-0.1397951825734185,0.3470565871811683,0.5505611813513597,0.0479662785837905,-1.0161329645585022,1
-0.12657084635623306,-1.1099901739376037,1.5251962127575889,0.5515556675341415,-0.23538436605243465,-1.177851894974348,1.3328646151483206,-1.461440576166749,0.830333762949459,0.23238544103697253,0.8085666669970842,1.278172284013902,0.9841231756854657,0
0.5512255078865883,0.9009088760241706,-0.502969299721533,0.023395416458584367,0.4405419421828948,0.9048055324001227,0.5410721364771007,0.2744324511807092,0.6893461653302174,0.23238544103697253,1.066572152642809,-1.142555662155027,-1.0161329645585022,0
0.21232733076517762,0.9009088760241706,0.8491410419312149,0.040277467301778086,0.10257878806523006,0.9048055324001227,0.5410721364771007,-0.3041918912684436,0.001192415045823164,0.23238544103697253,0.29255569570563505,-0.38855843302044263,0.9841231756854657,0
0.38177641932588297,0.9009088760241706,-0.502969299721533,0.5529453966961632,0.4405419421828948,-1.177851894974348,0.06599664927436881,-1.461440576166749,-1.173704231781191,-0.570312581972397,0.8085666669970842,0.4249648931510827,0.9841231756854657,0
0.5512255078865883,-1.1099901739376037,1.5251962127575889,0.5566250205001521,0.10257878806523006,-1.177851894974348,0.8577891279455886,-0.3041918912684436,0.04483143335654109,-0.11162799739561437,-0.22345527558581418,1.238488219322608,-1.0161329645585022,0
0.0428782422044723,-1.1099901739376037,1.5251962127575889,0.0789687905626056,-0.06640278899360229,0.9048055324001227,0.5410721364771007,0.2744324511807092,0.3939435798422821,0.1177142948927768,0.29255569570563505,-0.03140185079879733,-1.0161329645585022,0
0.38177641932588297,0.9009088760241706,0.8491410419312149,0.555393215106542,0.6095235192417271,-1.177851894974348,0.38271364074285674,-0.3041918912684436,-0.6936750303632967,-0.45564143582820127,-0.22345527558581418,0.4249648931510827,0.9841231756854657,0
1.0595727735687044,0.9009088760241706,-1.179024470547907,0.02202147967340396,1.1164682504182242,0.9048055324001227,0.5410721364771007,-1.461440576166749,1.407711543675877,0.23238544103697253,0.8085666669970842,1.794065125000723,-1.0161329645585022,1
0.21232733076517762,0.9009088760241706,-1.179024470547907,0.1963851123765862,0.6095235192417271,0.9048055324001227,0.5410721364771007,1.4316811360790147,-0.25392799969375696,0.003043148748581378,0.5505611813513597,-0.9044512740072636,0.9841231756854657,0
0.890123685007999,0.9009088760241706,-1.179024470547907,0.21911034265100693,1.1164682504182242,0.9048055324001227,0.5410721364771007,-0.3041918912684436,0.001192415045823164,0.003043148748581378,0.29255569570563505,-1.3409759856114967,0.9841231756854657,0
0.7206745964472937,0.9009088760241706,1.5251962127575889,0.2390087374708611,0.7785050963005594,0.9048055324001227,0.5410721364771007,1.4316811360790147,0.6255660616453219,0.003043148748581378,1.066572152642809,1.0400678958661385,-1.0161329645585022,0
0.5512255078865883,0.9009088760241706,0.17308587110484092,0.5590570465336898,0.4405419421828948,-1.177851894974348,2.4413740852880284,-1.461440576166749,-0.3109944082539262,0.9204123179021463,0.03455021005991044,1.8734332543833108,0.9841231756854657,0
0.890123685007999,0.9009088760241706,1.5251962127575889,0.5511608581131128,-0.23538436605243465,-1.177851894974348,2.2830155895537843,-0.8828162337175963,0.6423502994571366,0.8057411717579506,-0.22345527558581418,-0.7655570475877348,0.9841231756854657,0
0.21232733076517762,-1.1099901739376037,1.5251962127575889,0.3468075017885789,-0.06640278899360229,0.9048055324001227,0.5410721364771007,-1.461440576166749,0.5114332445249834,-0.11162799739561437,0.29255569570563505,-0.6465048535138531,-1.0161329645585022,0
-0.12657084635623306,-1.1099901739376037,1.5251962127575889,0.5533717908708743,-0.23538436605243465,-1.177851894974348,0.8577891279455886,0.853056793629862,-1.173704231781191,-0.11162799739561437,0.8085666669970842,-1.2616078562289088,0.9841231756854657,0
0.5512255078865883,0.9009088760241706,-0.502969299721533,0.5564355119780582,0.6095235192417271,-1.177851894974348,2.4413740852880284,0.853056793629862,1.6997572816014495,0.9204123179021463,0.5505611813513597,1.1392780575943733,-1.0161329645585022,0
1.2290218621294098,-1.1099901739376037,-0.502969299721533,0.4626130011647618,1.6234129815947211,0.9048055324001227,0.5410721364771007,0.853056793629862,-0.5661148229935064,-0.2262991435398101,0.8085666669970842,0.5638591195706114,-1.0161329645585022,0
1.2290218621294098,-1.1099901739376037,1.5251962127575889,0.5583305971989967,1.7923945586535535,-1.177851894974348,0.38271364074285674,0.853056793629862,1.286865031430813,-0.45564143582820127,0.8085666669970842,0.40512286080543575,0.9841231756854657,0
0.7206745964472937,0.9009088760241706,0.17308587110484092,0.5555037617444301,0.4405419421828948,-1.177851894974348,0.8577891279455886,0.2744324511807092,-1.6839450612603513,-0.11162799739561437,0.5505611813513597,1.5162766721616654,0.9841231756854657,0
1.2290218621294098,-1.1099901739376037,0.8491410419312149,0.32946747201699167,0.7785050963005594,-1.177851894974348,0.06599664927436881,-1.461440576166749,2.431550050196561,-0.45564143582820127,0.8085666669970842,-0.8449251769703227,-1.0161329645585022,1
0.21232733076517762,0.9009088760241706,0.8491410419312149,0.5053313805200835,0.4405419421828948,0.9048055324001227,0.5410721364771007,0.2744324511807092,-0.005521280078902488,-0.2262991435398101,0.8085666669970842,-0.36871640067479566,0.9841231756854657,0
-0.12657084635623306,0.9009088760241706,-1.179024470547907,0.5620891828871913,0.6095235192417271,-1.177851894974348,1.6495816066168083,0.853056793629862,1.6594751108530943,0.3470565871811683,0.03455021005991044,0.12733440796637835,0.9841231756854657,0
0.0428782422044723,-1.1099901739376037,-1.179024470547907,0.5706486511350969,-0.06640278899360229,-1.177851894974348,1.1745061194140765,1.4316811360790147,-1.0495008719737637,0.1177142948927768,0.29255569570563505,1.5162766721616654,0.9841231756854657,0
0.0428782422044723,0.9009088760241706,0.8491410419312149,0.5648370564575521,-0.06640278899360229,-1.177851894974348,1.0161476236798326,-0.8828162337175963,1.1727322143104744,0.003043148748581378,0.29255569570563505,-1.182239726846321,0.9841231756854657,0
0.38177641932588297,0.9009088760241706,1.5251962127575889,0.571896248905548,-0.404365943111267,-1.177851894974348,1.3328646151483206,-0.8828162337175963,0.8336906105118219,0.23238544103697253,0.29255569570563505,0.9606997664835506,0.9841231756854657,0
0.7206745964472937,-1.1099901739376037,-0.502969299721533,0.571075045309808,0.6095235192417271,-1.177851894974348,-0.4090788379283631,1.4316811360790147,-1.4724636648314886,-0.9143260204049839,0.03455021005991044,0.8614896047553159,0.9841231756854657,0
1.2290218621294098,-1.1099901739376037,-1.179024470547907,0.34274886094040224,1.1164682504182242,-1.177851894974348,0.8894608270924373,-1.461440576166749,1.4312094766124175,0.1177142948927768,0.29255569570563505,-0.24966420660091387,-1.0161329645585022,1
0.0428782422044723,-1.1099901739376037,0.8491410419312149,0.5732070161833638,0.10257878806523006,-1.177851894974348,0.2639447689421738,-0.3041918912684436,2.206641263518246,-0.45564143582820127,-0.22345527558581418,0.4844909901880236,0.9841231756854657,0
-0.12657084635623306,-1.1099901739376037,0.8491410419312149,0.5724173973413061,-0.404365943111267,-1.177851894974348,0.4618928886099787,-0.3041918912684436,2.6933841600608672,-0.34097028968400567,-0.22345527558581418,-2.3926036999307856,0.9841231756854657,0
0.5512255078865883,-1.1099901739376037,1.5251962127575889,1.4814739854486587,0.2715603651240624,0.9048055324001227,0.5410721364771007,-0.8828162337175963,3.018998373610068,-0.7996548742607882,0.03455021005991044,0.9210157017922567,-1.0161329645585022,1
0.38177641932588297,0.9009088760241706,1.5251962127575889,-0.6030250033226335,0.7785050963005594,0.9048055324001227,0.6360872339176471,0.2744324511807092,0.860545391010725,2.1817949254882985,0.8085666669970842,-0.6266628211682062,-1.0161329645585022,1
0.38177641932588297,0.9009088760241706,-0.502969299721533,0.5739808426485804,0.7785050963005594,-1.177851894974348,-0.4090788379283631,-0.8828162337175963,-1.6705176710108995,-0.9143260204049839,1.066572152642809,0.821805540064022,0.9841231756854657,0
0.0428782422044723,0.9009088760241706,-0.502969299721533,0.5801872467471539,0.2715603651240624,-1.177851894974348,-0.5674373336626071,0.853056793629862,0.5651428055227898,-1.0289971665491795,1.066572152642809,1.4765926074703717,-1.0161329645585022,0
0.0428782422044723,-1.1099901739376037,-0.502969299721533,0.3450387555823696,-0.06640278899360229,-1.177851894974348,-1.042512820865339,-1.461440576166749,1.6729025011025462,-1.2583394588375707,0.03455021005991044,-0.6068207888225592,-1.0161329645585022,1
0.5512255078865883,-1.1099901739376037,-0.502969299721533,0.5683745488699706,0.4405419421828948,-1.177851894974348,0.0026532509806712224,-1.461440576166749,-1.6839450612603513,-0.6849837281165926,1.066572152642809,-0.32903233598350173,-1.0161329645585022,0
-0.12657084635623306,-1.1099901739376037,1.5251962127575889,0.57753412743784,-0.06640278899360229,-1.177851894974348,-1.121692068732461,-1.461440576166749,0.665848232393677,-1.3730106049817663,1.066572152642809,1.4170665104334308,-1.0161329645585022,0
0.38177641932588297,-1.1099901739376037,1.5251962127575889,0.5733649399517754,0.7785050963005594,-1.177851894974348,-0.5674373336626071,1.4316811360790147,-1.8752853723150364,-1.0289971665491795,0.29255569570563505,0.7424374106814341,-1.0161329645585022,0
0.38177641932588297,-1.1099901739376037,-0.502969299721533,0.2708303768057866,0.6095235192417271,0.9048055324001227,0.6360872339176471,0.853056793629862,0.4745079213389917,0.003043148748581378,0.8085666669970842,-1.678290535487495,0.9841231756854657,0
1.0595727735687044,-1.1099901739376037,1.5251962127575889,0.5740124274022627,0.7785050963005594,0.21058638994196582,0.38271364074285674,1.4316811360790147,0.3301634761573873,-0.45564143582820127,0.03455021005991044,0.6432272489531993,0.9841231756854657,0
1.2290218621294098,0.9009088760241706,-1.179024470547907,-0.6182646469743472,1.1164682504182242,0.21058638994196582,-1.2008713165995828,-0.8828162337175963,0.9981761410676039,-1.0289971665491795,0.03455021005991044,1.1392780575943733,0.9841231756854657,0
1.2290218621294098,0.9009088760241706,-1.179024470547907,0.5730490924149523,1.6234129815947211,-1.177851894974348,0.6994306322113446,0.2744324511807092,-1.1804179269059165,-0.2262991435398101,1.066572152642809,-2.4322877646220795,0.9841231756854657,0
0.890123685007999,-1.1099901739376037,0.8491410419312149,0.5752916099263962,0.10257878806523006,-1.177851894974348,-0.09236184645987515,0.2744324511807092,-1.1804179269059165,-0.6849837281165926,0.29255569570563505,1.1392780575943733,-1.0161329645585022,0
0.5512255078865883,0.9009088760241706,-0.502969299721533,-0.6256081022054839,0.4405419421828948,0.21058638994196582,-0.7257958293968509,-1.461440576166749,1.327147202179168,-0.2262991435398101,0.03455021005991044,1.0797519605574324,-1.0161329645585022,0
0.5512255078865883,0.9009088760241706,-0.502969299721533,0.5730017152844288,0.2715603651240624,0.21058638994196582,0.06599664927436881,0.853056793629862,-0.34120603631519225,-0.570312581972397,0.03455021005991044,-0.190138109563973,0.9841231756854657,0
0.38177641932588297,0.9009088760241706,-0.502969299721533,0.5709171215413965,-0.06640278899360229,-1.177851894974348,-0.2507203421941191,-1.461440576166749,-1.3482603050240614,-0.7996548742607882,1.066572152642809,1.794065125000723,-1.0161329645585022,0
1.2290218621294098,0.9009088760241706,-1.179024470547907,0.422563533495595,1.2854498274770565,0.9048055324001227,0.6360872339176471,0.853056793629862,-1.0427871768490378,-0.11162799739561437,0.03455021005991044,-0.3488743683291487,0.9841231756854657,0
0.21232733076517762,-1.1099901739376037,0.8491410419312149,0.10892692943027489,-0.06640278899360229,-1.177851894974348,-0.2507203421941191,0.2744324511807092,-0.8447331706696268,-0.570312581972397,1.066572152642809,-0.7655570475877348,-1.0161329645585022,1
0.5512255078865883,0.9009088760241706,0.8491410419312149,0.5764128686821182,0.4405419421828948,-1.177851894974348,-0.8841543251310949,-0.8828162337175963,-0.005521280078902488,-1.2583394588375707,0.5505611813513597,-0.6068207888225592,0.9841231756854657,0
-0.12657084635623306,-1.1099901739376037,-1.179024470547907,-0.4132480108224849,0.10257878806523006,0.9048055324001227,0.6440051587043593,-0.8828162337175963,-0.11965409719924096,1.2644257563347332,-0.22345527558581418,0.6432272489531993,-1.0161329645585022,1
0.21232733076517762,0.9009088760241706,-1.179024470547907,0.5704749349898441,-0.23538436605243465,-1.177851894974348,0.25602684415546156,-1.461440576166749,-1.8752853723150364,-0.45564143582820127,0.8085666669970842,0.286070666731554,-1.0161329645585022,0
0.0428782422044723,-1.1099901739376037,-0.502969299721533,0.5714224776003134,0.2715603651240624,0.21058638994196582,-1.042512820865339,0.853056793629862,-0.46205254856025635,-1.2583394588375707,0.29255569570563505,-0.20998014190961997,-1.0161329645585022,0
0.0428782422044723,0.9009088760241706,-1.179024470547907,-0.6106685137137522,0.2715603651240624,0.21058638994196582,-0.3298995900612411,-0.3041918912684436,1.4446368668618692,0.4617277333253637,0.03455021005991044,-0.26950623894656084,-1.0161329645585022,0
0.0428782422044723,-1.1099901739376037,-0.502969299721533,0.5769971866252408,-0.7423290972289317,-1.177851894974348,0.06599664927436881,1.4316811360790147,-1.1233515183457474,-0.570312581972397,0.29255569570563505,-1.678290535487495,0.9841231756854657,0
0.890123685007999,-1.1099901739376037,-0.502969299721533,0.5707276130193026,0.7785050963005594,-1.177851894974348,-0.2507203421941191,1.4316811360790147,0.9108981044461687,-0.7996548742607882,0.8085666669970842,0.7622794430270811,-1.0161329645585022,0
0.0428782422044723,0.9009088760241706,0.8491410419312149,-0.1489625843857713,-0.06640278899360229,0.9048055324001227,0.6440051587043593,0.2744324511807092,1.1458774338115711,0.5763988794695595,1.066572152642809,1.0400678958661385,-1.0161329645585022,1
0.5512255078865883,-1.1099901739376037,-0.502969299721533,0.5770445637557643,0.4405419421828948,-1.177851894974348,-0.2507203421941191,-0.3041918912684436,1.0351014642535956,-0.7996548742607882,0.8085666669970842,-0.8250831446246757,-1.0161329645585022,0
0.38177641932588297,-1.1099901739376037,-0.502969299721533,0.5723226430802592,0.4405419421828948,-1.177851894974348,0.38271364074285674,0.2744324511807092,-0.34120603631519225,-0.45564143582820127,0.29255569570563505,-0.11076998018138517,0.9841231756854657,0
0.890123685007999,0.9009088760241706,-0.502969299721533,0.5739966350254215,1.1164682504182242,-1.177851894974348,-1.042512820865339,-1.461440576166749,0.16232109803924238,-1.2583394588375707,0.29255569570563505,0.6829113136444932,-1.0161329645585022,0
0.7206745964472937,0.9009088760241706,-1.179024470547907,-0.6749434874572493,0.4405419421828948,0.9048055324001227,0.6598410082777837,-1.461440576166749,0.5785701957722418,2.640479510065081,0.8085666669970842,1.1194360252487263,-1.0161329645585022,1
0.21232733076517762,-1.1099901739376037,-0.502969299721533,-0.4497757784560743,0.10257878806523006,0.9048055324001227,0.6598410082777837,0.853056793629862,0.11868207972852446,1.4937680486231246,0.5505611813513597,-1.5393963090679663,-1.0161329645585022,1
-0.12657084635623306,-1.1099901739376037,-0.502969299721533,0.5725437363560354,-0.23538436605243465,0.21058638994196582,-0.6307807319563046,0.853056793629862,1.4110683912382405,-1.0289971665491795,0.5505611813513597,0.286070666731554,-1.0161329645585022,0
0.5512255078865883,-1.1099901739376037,0.8491410419312149,0.2746047548708224,0.2715603651240624,0.9048055324001227,0.6598410082777837,-0.8828162337175963,1.9112386780303117,0.003043148748581378,0.03455021005991044,1.337698381050843,0.9841231756854657,0
0.890123685007999,0.9009088760241706,-1.179024470547907,-0.6208388043994554,0.6095235192417271,0.9048055324001227,0.6677589330644959,1.4316811360790147,0.8269769153870962,2.2964660716324943,-0.22345527558581418,0.14717644031202531,-1.0161329645585022,1
0.0428782422044723,0.9009088760241706,-1.179024470547907,-0.2026250808920129,0.2715603651240624,0.9048055324001227,0.6677589330644959,0.2744324511807092,0.27645391515958084,0.8057411717579506,0.03455021005991044,-0.4282424977117365,0.9841231756854657,0
0.21232733076517762,-1.1099901739376037,-0.502969299721533,0.5764444534358004,0.2715603651240624,-1.177851894974348,-0.804975077263973,1.4316811360790147,-1.4254677989584081,-1.143668312693375,1.066572152642809,0.16701847265767225,0.9841231756854657,0
-0.12657084635623306,0.9009088760241706,-0.502969299721533,-0.27386449282245895,-0.404365943111267,0.9048055324001227,0.6677589330644959,1.4316811360790147,0.860545391010725,0.9204123179021463,0.03455021005991044,0.9606997664835506,-1.0161329645585022,1
0.38177641932588297,0.9009088760241706,-1.179024470547907,0.5752284404190315,0.2715603651240624,-1.177851894974348,-0.5674373336626071,0.853056793629862,0.16232109803924238,-1.0289971665491795,0.03455021005991044,-1.2616078562289088,0.9841231756854657,0
0.5512255078865883,-1.1099901739376037,-1.179024470547907,0.57548111844849,0.2715603651240624,-1.177851894974348,2.0454778459524183,0.2744324511807092,0.11868207972852446,0.5763988794695595,-0.22345527558581418,-0.6068207888225592,-1.0161329645585022,0
-0.12657084635623306,0.9009088760241706,-0.502969299721533,-0.6299352134599602,-0.06640278899360229,0.21058638994196582,-0.7257958293968509,0.853056793629862,-1.4724636648314886,-0.2262991435398101,0.5505611813513597,0.9210157017922567,0.9841231756854657,0
0.21232733076517762,-1.1099901739376037,-0.502969299721533,0.5756548345937427,-0.23538436605243465,-1.177851894974348,0.8577891279455886,-1.461440576166749,0.001192415045823164,-0.11162799739561437,0.03455021005991044,0.2463866020402601,-1.0161329645585022,0
0.38177641932588297,-1.1099901739376037,0.8491410419312149,0.5706486511350969,1.1164682504182242,-1.177851894974348,1.1745061194140765,-0.8828162337175963,-0.12972463988633004,0.1177142948927768,1.066572152642809,-0.11076998018138517,-1.0161329645585022,0
0.21232733076517762,0.9009088760241706,-0.502969299721533,0.5768392628568293,0.10257878806523006,-1.177851894974348,0.06599664927436881,-0.3041918912684436,0.001192415045823164,-0.570312581972397,-0.22345527558581418,-0.011559818453150373,0.9841231756854657,0
0.5512255078865883,-1.1099901739376037,-0.502969299721533,0.5760180592610893,0.7785050963005594,-1.177851894974348,0.38271364074285674,1.4316811360790147,0.5785701957722418,-0.45564143582820127,-0.22345527558581418,1.0797519605574324,0.9841231756854657,0
0.21232733076517762,-1.1099901739376037,0.8491410419312149,0.572401604964465,0.4405419421828948,-1.177851894974348,0.38271364074285674,-0.3041918912684436,-0.37813135950118393,-0.45564143582820127,-0.22345527558581418,1.0003838311748445,0.9841231756854657,0
0.21232733076517762,0.9009088760241706,0.8491410419312149,0.3436964035508715,0.6095235192417271,-1.177851894974348,-0.2507203421941191,-1.461440576166749,1.327147202179168,-0.6849837281165926,-0.22345527558581418,0.2463866020402601,-1.0161329645585022,1
-0.12657084635623306,-1.1099901739376037,-0.502969299721533,-0.6337885534092017,-0.404365943111267,0.21058638994196582,-0.06069014731302636,1.4316811360790147,0.2865244578466693,1.035083464046342,0.5505611813513597,0.12733440796637835,-1.0161329645585022,0
0.38177641932588297,-1.1099901739376037,-0.502969299721533,-0.8063676475293335,0.10257878806523006,0.9048055324001227,0.6994306322113446,1.4316811360790147,-1.0495008719737637,4.016533263795428,0.03455021005991044,-0.36871640067479566,-1.0161329645585022,1
0.0428782422044723,0.9009088760241706,0.17308587110484092,-0.463373014916308,0.4405419421828948,0.9048055324001227,0.6994306322113446,-1.461440576166749,0.830333762949459,1.6084391947673204,0.03455021005991044,-0.26950623894656084,-1.0161329645585022,1
0.0428782422044723,0.9009088760241706,-0.502969299721533,0.5683903412468119,0.10257878806523006,0.21058638994196582,0.8577891279455886,-0.8828162337175963,0.8269769153870962,-0.11162799739561437,0.03455021005991044,-0.09092794783573821,0.9841231756854657,0
-0.12657084635623306,-1.1099901739376037,-0.502969299721533,-0.45148135515491894,-0.5733475201700994,0.9048055324001227,0.6994306322113446,-1.461440576166749,-0.37813135950118393,1.4937680486231246,-0.22345527558581418,1.1194360252487263,-1.0161329645585022,1
0.890123685007999,0.9009088760241706,-0.502969299721533,-0.45241310538854707,1.1164682504182242,0.9048055324001227,0.6994306322113446,1.4316811360790147,1.575553921794022,1.4937680486231246,0.5505611813513597,-0.20998014190961997,-1.0161329645585022,1
-0.12657084635623306,-1.1099901739376037,-1.179024470547907,0.34551252688760425,-0.404365943111267,-1.177851894974348,1.6495816066168083,0.853056793629862,0.4308689030282738,0.6910700256137552,0.5505611813513597,-0.26950623894656084,-1.0161329645585022,1
0.5512255078865883,-1.1099901739376037,1.5251962127575889,0.3421171658667561,0.7785050963005594,-1.177851894974348,2.4413740852880284,-0.3041918912684436,2.126076922021537,1.2644257563347332,-0.22345527558581418,0.40512286080543575,-1.0161329645585022,1
0.0428782422044723,-1.1099901739376037,-1.179024470547907,-0.4359890334737468,0.10257878806523006,0.9048055324001227,0.6994306322113446,0.853056793629862,0.04483143335654109,1.4937680486231246,-0.22345527558581418,-0.011559818453150373,-1.0161329645585022,1
1.2290218621294098,0.9009088760241706,1.5251962127575889,0.340774813835258,0.9474866733593919,-1.177851894974348,1.6495816066168083,-1.461440576166749,0.1791053358510565,0.6910700256137552,0.03455021005991044,-0.5472946917856183,-1.0161329645585022,1
0.0428782422044723,-1.1099901739376037,1.5251962127575889,0.5796976830650782,-0.23538436605243465,-1.177851894974348,0.8577891279455886,1.4316811360790147,-0.33784918875282943,-0.11162799739561437,0.8085666669970842,0.5837011519162584,0.9841231756854657,0
0.38177641932588297,0.9009088760241706,0.8491410419312149,0.5817033149239047,-0.06640278899360229,-1.177851894974348,1.3328646151483206,-0.8828162337175963,0.9981761410676039,0.1177142948927768,0.8085666669970842,0.305912699077201,-1.0161329645585022,0
0.21232733076517762,-1.1099901739376037,-1.179024470547907,0.5795555516735078,0.6095235192417271,-1.177851894974348,0.8577891279455886,0.2744324511807092,0.11868207972852446,-0.11162799739561437,0.29255569570563505,1.337698381050843,-1.0161329645585022,0
0.0428782422044723,-1.1099901739376037,-1.179024470547907,-0.5420822210926199,-0.06640278899360229,0.9048055324001227,0.6994306322113446,-1.461440576166749,1.1458774338115711,1.952452633199907,1.066572152642809,1.0202258635204915,-1.0161329645585022,1
0.21232733076517762,-1.1099901739376037,0.8491410419312149,-0.416122223407575,0.2715603651240624,0.9048055324001227,0.6994306322113446,0.2744324511807092,-1.0495008719737637,1.379096902478929,0.03455021005991044,0.9805417988291976,-1.0161329645585022,1
0.0428782422044723,-1.1099901739376037,-1.179024470547907,-0.4131848413151203,-0.06640278899360229,0.9048055324001227,0.6994306322113446,1.4316811360790147,0.001192415045823164,1.379096902478929,0.5505611813513597,0.0479662785837905,-1.0161329645585022,1
0.21232733076517762,0.9009088760241706,0.8491410419312149,-0.39469196803412887,0.2715603651240624,0.9048055324001227,0.6994306322113446,0.853056793629862,0.5651428055227898,1.2644257563347332,-0.22345527558581418,-0.7853990799333818,-1.0161329645585022,1
0.0428782422044723,0.9009088760241706,0.8491410419312149,-0.5078127633473156,0.4405419421828948,0.9048055324001227,0.6994306322113446,-0.8828162337175963,-1.0427871768490378,1.7231103409115156,0.5505611813513597,-0.9639773710442044,-1.0161329645585022,1
0.5512255078865883,0.9009088760241706,-1.179024470547907,-0.3976451425034247,-0.404365943111267,0.9048055324001227,0.6994306322113446,0.2744324511807092,-1.039430329286675,1.379096902478929,-0.22345527558581418,0.7622794430270811,-1.0161329645585022,1
0.0428782422044723,0.9009088760241706,1.5251962127575889,0.5881939818056191,-0.404365943111267,-1.177851894974348,3.2331665639592484,0.2744324511807092,-0.8447331706696268,1.379096902478929,-0.22345527558581418,-0.09092794783573821,-1.0161329645585022,0
0.5512255078865883,-1.1099901739376037,-0.502969299721533,0.5868200450204386,1.1164682504182242,-1.177851894974348,-0.4090788379283631,-1.461440576166749,-1.0092187012254088,-0.9143260204049839,0.03455021005991044,1.6154868338899002,0.9841231756854657,0
-0.12657084635623306,0.9009088760241706,-0.502969299721533,0.5946846486873334,-0.06640278899360229,-1.177851894974348,-1.2800505644667048,-1.461440576166749,-0.018948670328354386,-1.487681751125962,1.066572152642809,0.10749237562073138,0.9841231756854657,0
0.5512255078865883,0.9009088760241706,-0.502969299721533,-0.39159666217326267,0.4405419421828948,0.9048055324001227,0.6994306322113446,0.2744324511807092,0.6893461653302174,1.2644257563347332,0.03455021005991044,0.4448069254967297,-1.0161329645585022,1
0.38177641932588297,-1.1099901739376037,0.8491410419312149,0.590547045954951,-0.06640278899360229,-1.177851894974348,-0.7257958293968509,0.853056793629862,0.8336906105118219,-1.143668312693375,0.8085666669970842,0.5043330225336705,0.9841231756854657,0
-0.12657084635623306,0.9009088760241706,-0.502969299721533,-0.3930337684658077,0.4405419421828948,0.9048055324001227,0.6994306322113446,-0.8828162337175963,-0.41841353024953903,1.2644257563347332,0.8085666669970842,-0.13061201252703214,-1.0161329645585022,1
0.21232733076517762,-1.1099901739376037,-1.179024470547907,0.5907839316075684,-0.06640278899360229,-1.177851894974348,0.06599664927436881,1.4316811360790147,1.223084927745918,-0.570312581972397,0.5505611813513597,-0.4282424977117365,0.9841231756854657,0
0.0428782422044723,-1.1099901739376037,-0.502969299721533,0.5940687459905284,-0.06640278899360229,-1.177851894974348,-0.5674373336626071,-1.461440576166749,-1.1804179269059165,-1.0289971665491795,1.066572152642809,-1.5195542767223194,0.9841231756854657,0
0.0428782422044723,-1.1099901739376037,1.5251962127575889,0.5903259526791749,0.10257878806523006,-1.177851894974348,0.38271364074285674,1.4316811360790147,-0.8447331706696268,-0.45564143582820127,-0.22345527558581418,0.4249648931510827,0.9841231756854657,0
0.5512255078865883,-1.1099901739376037,0.8491410419312149,0.594858364832586,0.4405419421828948,-1.177851894974348,0.38271364074285674,-1.461440576166749,-1.1233515183457474,-0.45564143582820127,0.03455021005991044,0.3654387961141419,0.9841231756854657,0
-0.12657084635623306,-1.1099901739376037,-1.179024470547907,0.592189453146431,0.4405419421828948,-1.177851894974348,0.38271364074285674,1.4316811360790147,-1.3751150855229646,-0.45564143582820127,0.29255569570563505,0.821805540064022,-1.0161329645585022,0
-0.12657084635623306,0.9009088760241706,-1.179024470547907,0.5917946437254021,-0.23538436605243465,-1.177851894974348,-0.9474977234247925,0.853056793629862,-0.5896127559300467,-1.2583394588375707,0.29255569570563505,0.6432272489531993,-1.0161329645585022,0
0.890123685007999,-1.1099901739376037,-1.179024470547907,0.5937371060768641,0.6095235192417271,-1.177851894974348,1.6495816066168083,0.853056793629862,-1.623521805137819,0.3470565871811683,0.5505611813513597,-0.40840046536608954,-1.0161329645585022,0
-0.12657084635623306,0.9009088760241706,0.17308587110484092,0.12023427124854122,-0.404365943111267,-1.177851894974348,0.06599664927436881,0.2744324511807092,1.2835081838684501,-0.34097028968400567,0.03455021005991044,1.794065125000723,-1.0161329645585022,1
1.2290218621294098,0.9009088760241706,-0.502969299721533,-0.35791152237108104,0.9474866733593919,0.9048055324001227,0.6994306322113446,0.2744324511807092,1.0955247203761276,1.1497546101905376,-0.22345527558581418,-0.03140185079879733,0.9841231756854657,0
0.21232733076517762,-1.1099901739376037,1.5251962127575889,0.5869937611656914,-0.06640278899360229,-1.177851894974348,0.06599664927436881,1.4316811360790147,0.4107278176540969,-0.570312581972397,-0.22345527558581418,0.9606997664835506,0.9841231756854657,0
1.2290218621294098,-1.1099901739376037,-0.502969299721533,0.5942582545126223,0.9474866733593919,-1.177851894974348,1.0161476236798326,-1.461440576166749,-0.7138161157374736,0.003043148748581378,1.066572152642809,0.6035431842619053,0.9841231756854657,0
0.21232733076517762,-1.1099901739376037,-0.502969299721533,-0.31800418609348463,-0.23538436605243465,0.9048055324001227,0.6994306322113446,0.853056793629862,-0.11965409719924096,1.035083464046342,0.8085666669970842,-0.5274526594399713,0.9841231756854657,0
0.38177641932588297,0.9009088760241706,-0.502969299721533,0.5930896186263768,0.2715603651240624,-1.177851894974348,2.4413740852880284,1.4316811360790147,1.7836784706605218,0.8057411717579506,-0.22345527558581418,0.6432272489531993,-1.0161329645585022,0
0.5512255078865883,-1.1099901739376037,1.5251962127575889,-0.3099658662813372,0.7785050963005594,0.9048055324001227,0.6994306322113446,0.853056793629862,0.7464125738903866,1.035083464046342,0.5505611813513597,0.6233852166075523,-1.0161329645585022,0
0.21232733076517762,0.9009088760241706,1.5251962127575889,0.596800827184048,0.10257878806523006,0.21058638994196582,0.38271364074285674,1.4316811360790147,0.27645391515958084,-0.45564143582820127,-0.22345527558581418,-1.7378166325244357,-1.0161329645585022,0
0.21232733076517762,0.9009088760241706,-0.502969299721533,0.5869147992814856,-0.404365943111267,0.21058638994196582,0.794445729651891,0.2744324511807092,1.5587696839822078,-0.2262991435398101,0.8085666669970842,0.5043330225336705,0.9841231756854657,0
0.890123685007999,0.9009088760241706,-0.502969299721533,0.5912261181591206,0.6095235192417271,-1.177851894974348,2.4413740852880284,-0.3041918912684436,1.676259348664909,0.8057411717579506,0.03455021005991044,-0.9639773710442044,0.9841231756854657,0
0.7206745964472937,0.9009088760241706,-1.179024470547907,0.594953119093633,0.7785050963005594,-1.177851894974348,-0.646616581529729,-0.3041918912684436,0.3939435798422821,-1.0289971665491795,0.8085666669970842,-0.5671367241312653,0.9841231756854657,0
0.5512255078865883,0.9009088760241706,0.8491410419312149,0.1207554196842993,0.7785050963005594,-0.4836327525161911,2.4413740852880284,0.2744324511807092,2.022014647588288,1.7231103409115156,-0.22345527558581418,-0.5869787564769122,-1.0161329645585022,1
0.0428782422044723,0.9009088760241706,-1.179024470547907,-0.30060098681453284,0.2715603651240624,0.9048055324001227,0.6994306322113446,1.4316811360790147,-1.4993184453303918,1.035083464046342,0.03455021005991044,0.305912699077201,-1.0161329645585022,0
0.38177641932588297,-1.1099901739376037,-0.502969299721533,0.5956321912978026,0.4405419421828948,-1.177851894974348,-0.4882580857954851,0.853056793629862,-1.2475548781531747,-0.9143260204049839,1.066572152642809,0.782121475372728,-1.0161329645585022,0
0.5512255078865883,-1.1099901739376037,-0.502969299721533,-0.6387789444910064,0.4405419421828948,0.21058638994196582,0.4420980766431982,1.4316811360790147,-0.3680608168140954,1.952452633199907,0.29255569570563505,-1.5989224061049072,0.9841231756854657,0
-0.12657084635623306,-1.1099901739376037,-0.502969299721533,0.5977167850408349,-0.7423290972289317,-1.177851894974348,-0.646616581529729,-0.3041918912684436,0.001192415045823164,-1.0289971665491795,0.5505611813513597,-1.7179746001787888,0.9841231756854657,0
-0.12657084635623306,0.9009088760241706,0.8491410419312149,-0.29712666390947895,-0.404365943111267,0.9048055324001227,0.6994306322113446,1.4316811360790147,-1.4993184453303918,1.035083464046342,0.5505611813513597,-1.8767108589439645,0.9841231756854657,0
0.890123685007999,-1.1099901739376037,-0.502969299721533,0.5961691321104019,1.2854498274770565,-1.177851894974348,1.6495816066168083,0.853056793629862,0.4308689030282738,0.3470565871811683,0.8085666669970842,0.9011736694466097,0.9841231756854657,0
0.890123685007999,-1.1099901739376037,-0.502969299721533,0.5930422414958534,0.7785050963005594,-1.177851894974348,-0.8841543251310949,-1.461440576166749,0.001192415045823164,-1.2583394588375707,1.066572152642809,-0.03140185079879733,-1.0161329645585022,0
0.0428782422044723,0.9009088760241706,0.8491410419312149,0.6029756465289393,-0.23538436605243465,-1.177851894974348,-0.4882580857954851,-0.3041918912684436,0.4745079213389917,-0.9143260204049839,0.5505611813513597,0.2463866020402601,-1.0161329645585022,0
0.0428782422044723,0.9009088760241706,-0.502969299721533,-0.41550632071077,-0.404365943111267,0.9048055324001227,0.6994306322113446,-1.461440576166749,2.6967410076232294,1.379096902478929,1.066572152642809,-2.3727616675851384,-1.0161329645585022,1
0.890123685007999,0.9009088760241706,-1.179024470547907,-0.3012642666418613,1.2854498274770565,0.9048055324001227,0.6994306322113446,-1.461440576166749,-0.12972463988633004,1.035083464046342,0.8085666669970842,-0.5076106270943244,0.9841231756854657,0
1.0595727735687044,0.9009088760241706,-0.502969299721533,-0.41170035789205184,1.2854498274770565,0.9048055324001227,0.6994306322113446,-1.461440576166749,1.5587696839822078,1.379096902478929,0.29255569570563505,0.2463866020402601,-1.0161329645585022,1
0.0428782422044723,0.9009088760241706,1.5251962127575889,-0.29984295272615746,0.6095235192417271,0.9048055324001227,0.6994306322113446,1.4316811360790147,0.9343960373827085,1.035083464046342,0.03455021005991044,1.4765926074703717,-1.0161329645585022,0
1.2290218621294098,0.9009088760241706,1.5251962127575889,0.5937686908305464,0.6095235192417271,-1.177851894974348,-0.2507203421941191,0.2744324511807092,-1.8752853723150364,-0.7996548742607882,0.8085666669970842,0.5043330225336705,-1.0161329645585022,0
0.5512255078865883,-1.1099901739376037,-0.502969299721533,0.6009384299164304,0.10257878806523006,-1.177851894974348,-0.5674373336626071,0.2744324511807092,-1.173704231781191,-1.0289971665491795,0.8085666669970842,1.9726434161115456,0.9841231756854657,0
0.5512255078865883,-1.1099901739376037,0.8491410419312149,0.6089609573517367,0.10257878806523006,0.21058638994196582,-0.7257958293968509,0.2744324511807092,1.6628319584154578,-1.143668312693375,0.29255569570563505,-0.09092794783573821,0.9841231756854657,0
0.7206745964472937,-1.1099901739376037,-1.179024470547907,-0.25562429757092603,0.6095235192417271,0.9048055324001227,0.6994306322113446,-0.3041918912684436,0.001192415045823164,0.9204123179021463,1.066572152642809,-0.32903233598350173,0.9841231756854657,0
1.0595727735687044,0.9009088760241706,0.8491410419312149,0.6098769152085236,0.9474866733593919,-1.177851894974348,1.0161476236798326,1.4316811360790147,-1.6705176710108995,-0.11162799739561437,-0.22345527558581418,0.5241750548793175,0.9841231756854657,0
-0.12657084635623306,0.9009088760241706,-0.502969299721533,0.6085187708001843,-0.06640278899360229,-1.177851894974348,0.06599664927436881,0.853056793629862,0.5651428055227898,-0.6849837281165926,0.29255569570563505,0.7424374106814341,-1.0161329645585022,0
0.21232733076517762,0.9009088760241706,1.5251962127575889,0.6058656514908705,0.10257878806523006,-1.177851894974348,-1.2285840533530756,-1.461440576166749,1.0955247203761276,-1.3730106049817663,0.03455021005991044,1.5559607368529593,-1.0161329645585022,0
0.5512255078865883,0.9009088760241706,-0.502969299721533,0.6053602954319536,-0.404365943111267,0.21058638994196582,-0.7099599798234266,-0.3041918912684436,-1.6705176710108995,-1.143668312693375,0.03455021005991044,0.14717644031202531,0.9841231756854657,0
1.0595727735687044,-1.1099901739376037,1.5251962127575889,0.6122141869810144,1.2854498274770565,0.21058638994196582,1.0161476236798326,-0.8828162337175963,-0.005521280078902488,-0.11162799739561437,-0.22345527558581418,0.5440170872249644,0.9841231756854657,0
1.2290218621294098,-1.1099901739376037,0.8491410419312149,-0.3493836388768578,0.7785050963005594,0.9048055324001227,0.6994306322113446,0.853056793629862,1.1458774338115711,1.1497546101905376,0.29255569570563505,0.9805417988291976,-1.0161329645585022,1
0.7206745964472937,0.9009088760241706,-1.179024470547907,0.3821508411590817,0.6095235192417271,-1.177851894974348,0.8577891279455886,-1.461440576166749,1.8105332511594245,0.003043148748581378,-0.22345527558581418,1.1392780575943733,-1.0161329645585022,1
-0.12657084635623306,-1.1099901739376037,1.5251962127575889,0.382182425912764,-0.23538436605243465,-1.177851894974348,1.6495816066168083,-0.3041918912684436,0.8135495251376443,0.5763988794695595,-0.22345527558581418,-0.17029607721832604,-1.0161329645585022,1
-0.12657084635623306,0.9009088760241706,-0.502969299721533,0.38770975780716793,0.10257878806523006,-1.177851894974348,2.12465709381954,-0.8828162337175963,-1.623521805137819,0.9204123179021463,0.29255569570563505,0.9011736694466097,-1.0161329645585022,1
0.38177641932588297,-1.1099901739376037,0.8491410419312149,0.6080923766254732,0.4405419421828948,-1.177851894974348,0.38271364074285674,1.4316811360790147,-0.7138161157374736,-0.45564143582820127,0.29255569570563505,0.3455967637684949,0.9841231756854657,0
-0.12657084635623306,0.9009088760241706,-1.179024470547907,0.6085503555538667,0.10257878806523006,-1.177851894974348,1.1745061194140765,0.853056793629862,-0.7138161157374736,0.003043148748581378,-0.22345527558581418,-1.2616078562289088,0.9841231756854657,0
0.890123685007999,-1.1099901739376037,-1.179024470547907,0.3862410667609406,0.2715603651240624,-1.177851894974348,-0.9474977234247925,-1.461440576166749,0.9981761410676039,-1.2583394588375707,-0.22345527558581418,-1.6981325678331418,-1.0161329645585022,1
-0.12657084635623306,0.9009088760241706,-1.179024470547907,0.6094347286569713,0.10257878806523006,-1.177851894974348,0.8577891279455886,1.4316811360790147,0.11868207972852446,-0.11162799739561437,0.29255569570563505,-1.7775006972157297,0.9841231756854657,0
0.21232733076517762,0.9009088760241706,-1.179024470547907,0.6101769703685055,0.9474866733593919,-1.177851894974348,0.6994306322113446,-0.3041918912684436,-0.25392799969375696,-0.2262991435398101,-0.22345527558581418,0.18686050500331922,0.9841231756854657,0
0.38177641932588297,0.9009088760241706,-0.502969299721533,0.6066710627097693,0.6095235192417271,-1.177851894974348,-0.7257958293968509,-0.3041918912684436,-1.2979075915886182,-1.143668312693375,-0.22345527558581418,1.6750129309268411,0.9841231756854657,0
-0.12657084635623306,0.9009088760241706,-0.502969299721533,-0.3308591808421841,0.10257878806523006,0.9048055324001227,0.6994306322113446,-1.461440576166749,0.9343960373827085,1.1497546101905376,1.066572152642809,-0.26950623894656084,-1.0161329645585022,1
0.890123685007999,-1.1099901739376037,-0.502969299721533,0.610935004456881,0.7785050963005594,-1.177851894974348,2.4413740852880284,1.4316811360790147,0.27645391515958084,0.8057411717579506,1.066572152642809,1.1591200899400202,-1.0161329645585022,0
0.0428782422044723,0.9009088760241706,-1.179024470547907,0.612166809850491,0.4405419421828948,-1.177851894974348,-1.359229812333827,0.2744324511807092,-1.0964967378468442,-1.487681751125962,0.8085666669970842,-0.5274526594399713,-1.0161329645585022,0
0.5512255078865883,0.9009088760241706,-1.179024470547907,0.14419130691657195,0.2715603651240624,-1.177851894974348,1.0161476236798326,0.2744324511807092,0.001192415045823164,0.4617277333253637,0.03455021005991044,-0.03140185079879733,-1.0161329645585022,1
0.21232733076517762,0.9009088760241706,0.8491410419312149,-0.6412267629013852,0.10257878806523006,0.21058638994196582,-1.1850354670261585,-0.3041918912684436,-1.3751150855229646,-1.0289971665491795,-0.22345527558581418,0.5837011519162584,0.9841231756854657,0
0.38177641932588297,0.9009088760241706,-1.179024470547907,0.611456152892639,-0.06640278899360229,-1.177851894974348,-0.963333572998217,1.4316811360790147,-1.1166378232210217,-1.2583394588375707,1.066572152642809,0.9606997664835506,0.9841231756854657,0
0.21232733076517762,0.9009088760241706,-1.179024470547907,-0.19978245306060516,0.4405419421828948,0.9048055324001227,0.6994306322113446,-0.8828162337175963,0.15896425047687956,0.8057411717579506,0.29255569570563505,0.32575473142284794,-1.0161329645585022,0
0.21232733076517762,0.9009088760241706,-1.179024470547907,-0.19978245306060516,0.9474866733593919,0.9048055324001227,0.6994306322113446,-0.3041918912684436,0.19253272610050842,0.8057411717579506,0.03455021005991044,0.4249648931510827,0.9841231756854657,0
0.890123685007999,0.9009088760241706,-0.502969299721533,0.6062130837813758,0.7785050963005594,-1.177851894974348,-0.8841543251310949,1.4316811360790147,-0.005521280078902488,-1.2583394588375707,0.8085666669970842,0.0479662785837905,0.9841231756854657,0
0.7206745964472937,-1.1099901739376037,1.5251962127575889,0.6082660927707259,0.7785050963005594,-1.177851894974348,-0.5674373336626071,-1.461440576166749,-0.7138161157374736,-1.0289971665491795,1.066572152642809,0.6035431842619053,-1.0161329645585022,0
0.21232733076517762,0.9009088760241706,-1.179024470547907,0.6139829331872236,0.2715603651240624,-1.177851894974348,1.6495816066168083,1.4316811360790147,-0.7138161157374736,0.3470565871811683,0.8085666669970842,0.38528082845978884,0.9841231756854657,0
-0.12657084635623306,0.9009088760241706,-0.502969299721533,0.3880413977208322,-0.404365943111267,-1.177851894974348,1.3328646151483206,-0.8828162337175963,0.9108981044461687,0.3470565871811683,0.29255569570563505,0.5638591195706114,-1.0161329645585022,1
0.7206745964472937,-1.1099901739376037,0.8491410419312149,0.6168571457723138,1.4544314045358888,-1.177851894974348,-0.7257958293968509,1.4316811360790147,0.4107278176540969,-1.143668312693375,1.066572152642809,1.5162766721616654,-1.0161329645585022,0
1.2290218621294098,0.9009088760241706,-1.179024470547907,0.619241794675328,0.9474866733593919,-1.177851894974348,0.8577891279455886,0.853056793629862,-1.0495008719737637,-0.11162799739561437,-0.22345527558581418,-1.2417658238832618,0.9841231756854657,0
1.2290218621294098,0.9009088760241706,0.8491410419312149,0.6121510174736498,1.2854498274770565,-1.177851894974348,0.1332990099614225,0.853056793629862,0.16232109803924238,-0.570312581972397,0.8085666669970842,-0.07108591549009124,0.9841231756854657,0
0.0428782422044723,0.9009088760241706,1.5251962127575889,0.6191154556605988,-0.06640278899360229,-1.177851894974348,-1.2800505644667048,0.853056793629862,-1.8752853723150364,-1.487681751125962,-0.22345527558581418,0.6432272489531993,-1.0161329645585022,0
0.0428782422044723,-1.1099901739376037,0.8491410419312149,0.6220844225067357,0.10257878806523006,-1.177851894974348,1.6495816066168083,1.4316811360790147,1.286865031430813,0.3470565871811683,0.8085666669970842,-0.5076106270943244,0.9841231756854657,0
0.7206745964472937,-1.1099901739376037,-0.502969299721533,0.6242006010034503,0.7785050963005594,-1.177851894974348,-0.6624524311031534,-1.461440576166749,-0.5459737376193288,-1.0289971665491795,0.03455021005991044,1.5361187045073124,-1.0161329645585022,0
-0.12657084635623306,0.9009088760241706,0.8491410419312149,-0.19098609916008233,0.4405419421828948,0.9048055324001227,0.6994306322113446,0.2744324511807092,-0.11965409719924096,0.8057411717579506,0.29255569570563505,0.14717644031202531,0.9841231756854657,0
1.0595727735687044,-1.1099901739376037,0.8491410419312149,0.6184837605869525,0.9474866733593919,-1.177851894974348,-1.121692068732461,-1.461440576166749,1.6628319584154578,-1.3730106049817663,1.066572152642809,0.20670253734896618,0.9841231756854657,0
0.38177641932588297,-1.1099901739376037,-0.502969299721533,0.6267589660517173,0.9474866733593919,-1.177851894974348,-0.5674373336626071,-0.8828162337175963,0.001192415045823164,-1.0289971665491795,0.03455021005991044,0.20670253734896618,-1.0161329645585022,0
0.21232733076517762,0.9009088760241706,-0.502969299721533,0.6268063431822408,-0.23538436605243465,0.21058638994196582,-0.09236184645987515,1.4316811360790147,0.2965950005337584,-0.6849837281165926,0.03455021005991044,-0.8052411122790287,0.9841231756854657,0
0.890123685007999,0.9009088760241706,-0.502969299721533,0.6245954104244792,0.9474866733593919,-1.177851894974348,0.06599664927436881,0.2744324511807092,0.001192415045823164,-0.6849837281165926,0.29255569570563505,-1.0036614357354983,-1.0161329645585022,0
-0.12657084635623306,-1.1099901739376037,0.8491410419312149,-0.1514419875498325,-0.404365943111267,0.9048055324001227,0.6994306322113446,-0.8828162337175963,-1.2475548781531747,0.6910700256137552,0.5505611813513597,-0.5274526594399713,0.9841231756854657,0
0.0428782422044723,-1.1099901739376037,1.5251962127575889,0.6298700642894247,0.4405419421828948,0.21058638994196582,-0.2507203421941191,-0.3041918912684436,0.001192415045823164,-0.7996548742607882,0.29255569570563505,-0.3488743683291487,-1.0161329645585022,0
0.21232733076517762,0.9009088760241706,0.8491410419312149,0.6268379279359231,-0.06640278899360229,-1.177851894974348,-0.804975077263973,0.853056793629862,-1.8752853723150364,-1.143668312693375,0.8085666669970842,0.2463866020402601,0.9841231756854657,0
0.21232733076517762,0.9009088760241706,0.8491410419312149,-0.14357738388293778,0.10257878806523006,0.9048055324001227,0.6994306322113446,0.853056793629862,-1.4724636648314886,0.6910700256137552,-0.22345527558581418,-0.6068207888225592,0.9841231756854657,0
1.2290218621294098,0.9009088760241706,-1.179024470547907,0.6308807764072586,1.4544314045358888,-1.177851894974348,-1.042512820865339,0.2744324511807092,-0.005521280078902488,-1.2583394588375707,0.8085666669970842,0.5043330225336705,-1.0161329645585022,0
0.38177641932588297,-1.1099901739376037,0.8491410419312149,-0.11666717374561121,0.4405419421828948,0.9048055324001227,0.6994306322113446,-0.3041918912684436,1.4345663241747801,0.5763988794695595,1.066572152642809,1.1591200899400202,0.9841231756854657,0
-0.12657084635623306,0.9009088760241706,-1.179024470547907,0.6307070602620058,0.2715603651240624,-1.177851894974348,-0.7257958293968509,0.853056793629862,-1.371758237960602,-1.143668312693375,0.5505611813513597,1.0599099282117854,-1.0161329645585022,0
0.890123685007999,-1.1099901739376037,-1.179024470547907,0.6246743723086849,1.1164682504182242,-1.177851894974348,2.2830155895537843,0.2744324511807092,0.11868207972852446,0.6910700256137552,0.29255569570563505,0.40512286080543575,0.9841231756854657,0
-0.12657084635623306,0.9009088760241706,0.8491410419312149,0.6282750342284681,-0.7423290972289317,-1.177851894974348,-0.09236184645987515,1.4316811360790147,-1.2979075915886182,-0.6849837281165926,0.5505611813513597,-2.9680226379545473,0.9841231756854657,0
0.21232733076517762,-1.1099901739376037,0.8491410419312149,0.628669843649497,-0.06640278899360229,-1.177851894974348,-0.5674373336626071,-0.3041918912684436,-0.25392799969375696,-1.0289971665491795,-0.22345527558581418,0.008282213892496587,0.9841231756854657,0
0.0428782422044723,-1.1099901739376037,1.5251962127575889,0.6332654253102729,-0.5733475201700994,-1.177851894974348,1.3328646151483206,1.4316811360790147,-0.41841353024953903,0.1177142948927768,0.29255569570563505,-1.0235034680811452,0.9841231756854657,0
0.21232733076517762,0.9009088760241706,-0.502969299721533,-0.11297175756478116,0.2715603651240624,0.9048055324001227,0.6994306322113446,0.2744324511807092,-1.173704231781191,0.5763988794695595,0.5505611813513597,-0.3488743683291487,0.9841231756854657,0
0.890123685007999,-1.1099901739376037,1.5251962127575889,0.6352868495459405,1.2854498274770565,-1.177851894974348,-0.3298995900612411,0.2744324511807092,-1.7510820125076092,-0.9143260204049839,0.29255569570563505,2.131379674876721,-1.0161329645585022,0
0.21232733076517762,-1.1099901739376037,-0.502969299721533,0.640561503410886,-0.404365943111267,-1.177851894974348,-0.5674373336626071,1.4316811360790147,-1.371758237960602,-1.0289971665491795,0.29255569570563505,0.008282213892496587,-1.0161329645585022,0
0.0428782422044723,-1.1099901739376037,-0.502969299721533,0.638824341958359,-0.404365943111267,-1.177851894974348,-0.7574675285436998,0.2744324511807092,0.001192415045823164,-1.143668312693375,0.29255569570563505,1.0995939929030794,0.9841231756854657,0
0.0428782422044723,-1.1099901739376037,1.5251962127575889,0.6368818796068971,0.4405419421828948,-1.177851894974348,-0.4882580857954851,-1.461440576166749,-1.6839450612603513,-1.0289971665491795,0.03455021005991044,0.782121475372728,-1.0161329645585022,0
0.7206745964472937,-1.1099901739376037,-0.502969299721533,0.6421407410950014,0.2715603651240624,-1.177851894974348,-0.7257958293968509,-0.8828162337175963,0.2865244578466693,-1.143668312693375,0.5505611813513597,-2.1743413441286688,0.9841231756854657,0
0.21232733076517762,0.9009088760241706,-1.179024470547907,0.6441305805769868,0.10257878806523006,-1.177851894974348,-0.5674373336626071,-0.3041918912684436,0.04483143335654109,-1.0289971665491795,0.5505611813513597,0.26622863438590705,-1.0161329645585022,0
1.2290218621294098,0.9009088760241706,-0.502969299721533,0.6469416236547123,0.7785050963005594,-1.177851894974348,-0.2507203421941191,0.853056793629862,-1.2979075915886182,-0.7996548742607882,0.8085666669970842,0.8416475724096689,-1.0161329645585022,0
0.0428782422044723,0.9009088760241706,0.8491410419312149,0.6488367088756507,-0.5733475201700994,-1.177851894974348,0.06599664927436881,1.4316811360790147,-1.8752853723150364,-0.6849837281165926,0.5505611813513597,0.3455967637684949,-1.0161329645585022,0
0.38177641932588297,0.9009088760241706,-0.502969299721533,0.17741846779036016,0.4405419421828948,-1.177851894974348,-0.7574675285436998,0.2744324511807092,2.6128198185641573,-1.0289971665491795,0.29255569570563505,0.6233852166075523,-1.0161329645585022,1
0.890123685007999,0.9009088760241706,-0.502969299721533,0.6495157810798203,1.2854498274770565,-1.177851894974348,-0.5674373336626071,0.853056793629862,0.03476089066945202,-1.0289971665491795,0.29255569570563505,1.0202258635204915,-1.0161329645585022,0
0.5512255078865883,-1.1099901739376037,-0.502969299721533,0.16983812690660618,0.4405419421828948,-1.177851894974348,0.06599664927436881,0.2744324511807092,1.5352717510456675,-0.34097028968400567,0.03455021005991044,1.0797519605574324,-1.0161329645585022,1
0.7206745964472937,0.9009088760241706,-1.179024470547907,0.6513476967933942,0.4405419421828948,-1.177851894974348,-0.4090788379283631,-0.3041918912684436,-1.2979075915886182,-0.9143260204049839,0.8085666669970842,-0.24966420660091387,-1.0161329645585022,0
1.0595727735687044,0.9009088760241706,-0.502969299721533,0.6518846376059935,1.2854498274770565,-1.177851894974348,0.034324950127520015,0.853056793629862,-1.2979075915886182,-0.6849837281165926,0.5505611813513597,1.794065125000723,-1.0161329645585022,0
0.21232733076517762,-1.1099901739376037,0.8491410419312149,0.17721316689142516,0.4405419421828948,-1.177851894974348,0.8577891279455886,0.2744324511807092,1.451350561986595,0.23238544103697253,1.066572152642809,-0.8449251769703227,-1.0161329645585022,1
0.0428782422044723,-1.1099901739376037,-0.502969299721533,-0.06766342840751009,0.2715603651240624,0.9048055324001227,0.6994306322113446,1.4316811360790147,-0.005521280078902488,0.5763988794695595,1.066572152642809,0.286070666731554,-1.0161329645585022,0
-0.12657084635623306,-1.1099901739376037,-0.502969299721533,0.6478417891346581,-0.7423290972289317,-1.177851894974348,-1.042512820865339,1.4316811360790147,0.6154955189582334,-1.3730106049817663,1.066572152642809,1.238488219322608,0.9841231756854657,0
-0.12657084635623306,-1.1099901739376037,-0.502969299721533,-0.17530426895681633,-0.404365943111267,0.9048055324001227,0.6994306322113446,-0.3041918912684436,0.9612508178816116,0.6910700256137552,0.5505611813513597,0.46464895784237664,-1.0161329645585022,1
0.7206745964472937,0.9009088760241706,-0.502969299721533,-0.054287285223052574,0.2715603651240624,0.9048055324001227,0.6994306322113446,-0.8828162337175963,-1.3751150855229646,0.4617277333253637,-0.22345527558581418,1.734539027963782,-1.0161329645585022,0
-0.12657084635623306,-1.1099901739376037,-0.502969299721533,0.42123697384093806,-0.23538436605243465,-1.177851894974348,-0.7257958293968509,-0.3041918912684436,-0.707102420612748,-1.0289971665491795,0.8085666669970842,0.38528082845978884,-1.0161329645585022,1
0.21232733076517762,0.9009088760241706,0.8491410419312149,0.6525163326796396,-0.404365943111267,-1.177851894974348,-0.7257958293968509,0.853056793629862,1.6628319584154578,-1.143668312693375,0.5505611813513597,-0.8250831446246757,0.9841231756854657,0
0.38177641932588297,0.9009088760241706,-1.179024470547907,0.659322847098177,0.10257878806523006,-1.177851894974348,0.06599664927436881,-0.8828162337175963,1.934736610966852,-0.6849837281165926,1.066572152642809,0.20670253734896618,-1.0161329645585022,0
0.0428782422044723,-1.1099901739376037,0.17308587110484092,0.6477944120041346,0.2715603651240624,0.21058638994196582,-1.2008713165995828,1.4316811360790147,1.0955247203761276,-1.3730106049817663,-0.22345527558581418,-2.03544711770914,0.9841231756854657,0
0.38177641932588297,-1.1099901739376037,-1.179024470547907,0.6476838653662464,0.10257878806523006,-1.177851894974348,3.2331665639592484,0.853056793629862,1.934736610966852,1.2644257563347332,0.03455021005991044,-0.6266628211682062,0.9841231756854657,0
-0.12657084635623306,0.9009088760241706,0.8491410419312149,0.005597407758603713,-0.5733475201700994,0.9048055324001227,0.6994306322113446,1.4316811360790147,0.665848232393677,0.3470565871811683,0.5505611813513597,-0.24966420660091387,0.9841231756854657,0
0.38177641932588297,-1.1099901739376037,-1.179024470547907,0.02360071735751937,0.4405419421828948,0.9048055324001227,0.6994306322113446,-0.8828162337175963,0.6154955189582334,0.3470565871811683,0.5505611813513597,0.12733440796637835,0.9841231756854657,0
0.21232733076517762,-1.1099901739376037,-1.179024470547907,0.0461522314866874,0.6095235192417271,0.9048055324001227,0.6994306322113446,1.4316811360790147,0.5382880250238866,0.3470565871811683,0.5505611813513597,0.4844909901880236,-1.0161329645585022,0
-0.12657084635623306,0.9009088760241706,-0.502969299721533,-0.6518392401386408,0.10257878806523006,0.21058638994196582,-0.5674373336626071,-0.8828162337175963,0.23617174441122635,0.23238544103697253,0.03455021005991044,0.5241750548793175,0.9841231756854657,0
0.0428782422044723,0.9009088760241706,-1.179024470547907,-0.6562768980310051,0.10257878806523006,0.21058638994196582,-0.8287288516241096,-0.8828162337175963,-1.6839450612603513,-0.34097028968400567,-0.22345527558581418,0.20670253734896618,0.9841231756854657,0
0.5512255078865883,-1.1099901739376037,-0.502969299721533,0.062023570212047255,0.10257878806523006,0.9048055324001227,0.6994306322113446,0.853056793629862,-1.6705176710108995,0.3470565871811683,1.066572152642809,-1.9362369559809054,-1.0161329645585022,0
-0.12657084635623306,-1.1099901739376037,1.5251962127575889,0.649263103050362,0.10257878806523006,-1.177851894974348,-0.3140637404878167,-1.461440576166749,-1.6705176710108995,-0.9143260204049839,0.8085666669970842,-0.07108591549009124,0.9841231756854657,0
-0.12657084635623306,0.9009088760241706,-1.179024470547907,0.650700209342907,-0.23538436605243465,-1.177851894974348,0.38271364074285674,-0.3041918912684436,-1.6705176710108995,-0.45564143582820127,0.03455021005991044,-1.0631875327724392,0.9841231756854657,0
0.38177641932588297,0.9009088760241706,-1.179024470547907,0.6491209716587916,0.7785050963005594,-1.177851894974348,0.38271364074285674,0.2744324511807092,-0.707102420612748,-0.45564143582820127,1.066572152642809,0.9606997664835506,0.9841231756854657,0
0.5512255078865883,0.9009088760241706,-0.502969299721533,0.6495631582103438,0.6095235192417271,-1.177851894974348,-0.7257958293968509,-0.8828162337175963,0.5651428055227898,-1.143668312693375,0.29255569570563505,-0.22982217425526694,-1.0161329645585022,0
1.2290218621294098,0.9009088760241706,0.8491410419312149,0.6488525012524919,0.7785050963005594,-1.177851894974348,0.06599664927436881,1.4316811360790147,-1.4724636648314886,-0.6849837281165926,0.5505611813513597,0.821805540064022,-1.0161329645585022,0
-0.12657084635623306,-1.1099901739376037,-0.502969299721533,0.6482997680630515,-0.5733475201700994,-1.177851894974348,0.38271364074285674,0.853056793629862,0.001192415045823164,-0.45564143582820127,0.03455021005991044,0.3455967637684949,-1.0161329645585022,0
0.0428782422044723,-1.1099901739376037,1.5251962127575889,0.6460572505516077,0.2715603651240624,-1.177851894974348,0.06599664927436881,-1.461440576166749,0.001192415045823164,-0.6849837281165926,-0.22345527558581418,-0.30919030363785477,0.9841231756854657,0
0.890123685007999,0.9009088760241706,-0.502969299721533,0.6498316286166435,0.9474866733593919,-1.177851894974348,0.8577891279455886,0.2744324511807092,0.23617174441122635,-0.2262991435398101,0.8085666669970842,0.6829113136444932,0.9841231756854657,0
0.0428782422044723,0.9009088760241706,-1.179024470547907,0.6475891111051996,-0.5733475201700994,-1.177851894974348,-0.4090788379283631,-1.461440576166749,-0.707102420612748,-0.9143260204049839,1.066572152642809,-0.5671367241312653,0.9841231756854657,0
1.2290218621294098,-1.1099901739376037,0.8491410419312149,0.6497368743555966,1.2854498274770565,-1.177851894974348,-0.09236184645987515,0.2744324511807092,-0.005521280078902488,-0.7996548742607882,0.5505611813513597,-2.3330776028938445,0.9841231756854657,0
1.2290218621294098,0.9009088760241706,-0.502969299721533,0.14161714949146384,1.1164682504182242,0.9048055324001227,0.6994306322113446,1.4316811360790147,1.2029438423717405,0.23238544103697253,0.5505611813513597,1.0003838311748445,0.9841231756854657,0
1.2290218621294098,-1.1099901739376037,0.8491410419312149,0.6453465935937557,1.2854498274770565,-1.177851894974348,-0.5674373336626071,-0.8828162337175963,-0.34120603631519225,-1.0289971665491795,0.29255569570563505,-0.5076106270943244,0.9841231756854657,0
-0.12657084635623306,-1.1099901739376037,0.8491410419312149,-0.6556609953342001,0.2715603651240624,0.21058638994196582,-0.5674373336626071,-0.3041918912684436,1.1223795008750308,0.23238544103697253,0.29255569570563505,0.9606997664835506,0.9841231756854657,0
0.0428782422044723,-1.1099901739376037,-1.179024470547907,0.6468310770168242,0.4405419421828948,-1.177851894974348,-0.8841543251310949,-0.8828162337175963,-1.1804179269059165,-1.2583394588375707,0.5505611813513597,0.821805540064022,-1.0161329645585022,0
0.5512255078865883,-1.1099901739376037,1.5251962127575889,0.6497052896019142,0.4405419421828948,-1.177851894974348,-0.5674373336626071,0.2744324511807092,-0.005521280078902488,-1.0289971665491795,0.03455021005991044,1.35754041339649,0.9841231756854657,0
1.0595727735687044,-1.1099901739376037,-1.179024470547907,0.1763445861651617,0.9474866733593919,0.9048055324001227,0.6994306322113446,-1.461440576166749,0.5651428055227898,0.1177142948927768,0.29255569570563505,0.7225953783357871,0.9841231756854657,0
0.5512255078865883,0.9009088760241706,0.8491410419312149,0.6483155604398927,0.2715603651240624,-1.177851894974348,-0.2507203421941191,-0.3041918912684436,-1.3482603050240614,-0.7996548742607882,0.29255569570563505,-0.07108591549009124,0.9841231756854657,0
0.0428782422044723,-1.1099901739376037,-1.179024470547907,0.6500211371387373,-0.23538436605243465,-1.177851894974348,1.3328646151483206,1.4316811360790147,1.0015329886299666,0.1177142948927768,0.03455021005991044,-1.4005020826484376,0.9841231756854657,0
0.21232733076517762,0.9009088760241706,0.8491410419312149,0.6499263828776903,0.4405419421828948,-1.177851894974348,0.3866726031362128,-0.8828162337175963,0.8336906105118219,-0.45564143582820127,0.8085666669970842,-1.8568688265983175,-1.0161329645585022,0
0.5512255078865883,-1.1099901739376037,-0.502969299721533,0.6494052344419323,0.4405419421828948,-1.177851894974348,1.4912231108825644,0.853056793629862,-0.8447331706696268,0.23238544103697253,0.8085666669970842,0.6630692812988462,-1.0161329645585022,0
0.5512255078865883,0.9009088760241706,0.17308587110484092,0.6476838653662464,0.6095235192417271,-1.177851894974348,0.38271364074285674,1.4316811360790147,-1.8752853723150364,-0.45564143582820127,0.29255569570563505,0.26622863438590705,0.9841231756854657,0
0.7206745964472937,0.9009088760241706,1.5251962127575889,0.06380810879509767,0.6095235192417271,0.9048055324001227,0.6994306322113446,-0.3041918912684436,0.001192415045823164,0.3470565871811683,0.03455021005991044,1.5162766721616654,-1.0161329645585022,1
0.38177641932588297,0.9009088760241706,1.5251962127575889,0.6433251693580879,0.6095235192417271,-1.177851894974348,1.0161476236798326,1.4316811360790147,1.8407448792206904,-0.11162799739561437,0.8085666669970842,1.337698381050843,0.9841231756854657,0
0.5512255078865883,0.9009088760241706,-1.179024470547907,0.6563854650057224,0.2715603651240624,-1.177851894974348,-0.7257958293968509,0.2744324511807092,-1.8752853723150364,-1.143668312693375,0.5505611813513597,0.4249648931510827,0.9841231756854657,0
-0.12657084635623306,0.9009088760241706,-1.179024470547907,0.17727633639878976,0.4405419421828948,0.9048055324001227,0.6994306322113446,1.4316811360790147,-0.46205254856025635,0.1177142948927768,0.29255569570563505,0.9408577341379036,0.9841231756854657,0
0.21232733076517762,-1.1099901739376037,-1.179024470547907,0.6472890559452177,0.2715603651240624,-1.177851894974348,0.06599664927436881,0.853056793629862,1.2700807936189982,-0.6849837281165926,0.03455021005991044,-2.154499311783022,0.9841231756854657,0
0.7206745964472937,-1.1099901739376037,-0.502969299721533,0.197490578755467,0.6095235192417271,0.9048055324001227,0.6994306322113446,-0.3041918912684436,-0.21028898138303903,0.1177142948927768,-0.22345527558581418,1.0202258635204915,-1.0161329645585022,0
0.7206745964472937,-1.1099901739376037,0.8491410419312149,0.4233689447144939,0.4405419421828948,-1.177851894974348,1.2695212168546228,-1.461440576166749,0.8336906105118219,0.23238544103697253,1.066572152642809,-0.9838194033898514,-1.0161329645585022,1
1.0595727735687044,-1.1099901739376037,0.8491410419312149,0.6497526667324377,1.1164682504182242,-1.177851894974348,0.38271364074285674,-0.8828162337175963,-1.1804179269059165,-0.45564143582820127,0.03455021005991044,-0.7258729828964409,-1.0161329645585022,0
0.5512255078865883,-1.1099901739376037,1.5251962127575889,0.6499737600082138,0.4405419421828948,-1.177851894974348,0.8577891279455886,-0.3041918912684436,-0.1397951825734185,-0.2262991435398101,1.066572152642809,0.7424374106814341,-1.0161329645585022,0
0.21232733076517762,-1.1099901739376037,-0.502969299721533,0.6507949636039538,0.10257878806523006,-1.177851894974348,0.06599664927436881,0.853056793629862,-1.1804179269059165,-0.6849837281165926,0.03455021005991044,0.821805540064022,0.9841231756854657,0
0.5512255078865883,-1.1099901739376037,1.5251962127575889,0.2001752828184632,0.10257878806523006,0.9048055324001227,0.6994306322113446,-0.8828162337175963,0.16232109803924238,0.1177142948927768,1.066572152642809,1.0797519605574324,-1.0161329645585022,0
0.0428782422044723,0.9009088760241706,-1.179024470547907,0.6514582434312823,-0.5733475201700994,-1.177851894974348,0.38271364074285674,-1.461440576166749,-0.005521280078902488,-0.45564143582820127,0.5505611813513597,-0.8647672093159696,0.9841231756854657,0
0.5512255078865883,0.9009088760241706,1.5251962127575889,0.23340244369225138,0.10257878806523006,0.9048055324001227,0.6994306322113446,-1.461440576166749,-0.46205254856025635,0.1177142948927768,0.8085666669970842,-0.8647672093159696,0.9841231756854657,0
1.0595727735687044,0.9009088760241706,-0.502969299721533,0.27356245799930623,0.4405419421828948,0.9048055324001227,0.6994306322113446,-0.8828162337175963,1.0955247203761276,0.003043148748581378,0.29255569570563505,1.337698381050843,0.9841231756854657,0
-0.12657084635623306,-1.1099901739376037,0.8491410419312149,0.6532427820143327,-0.23538436605243465,0.21058638994196582,-0.5674373336626071,1.4316811360790147,-1.1233515183457474,-1.0289971665491795,-0.22345527558581418,0.286070666731554,0.9841231756854657,0
0.890123685007999,-1.1099901739376037,1.5251962127575889,0.6532111972606505,0.9474866733593919,-1.177851894974348,0.8577891279455886,0.853056793629862,-0.33784918875282943,-0.2262991435398101,0.29255569570563505,-0.190138109563973,-1.0161329645585022,0
0.38177641932588297,-1.1099901739376037,-0.502969299721533,0.6491209716587916,0.4405419421828948,-1.177851894974348,0.5094004373302519,-0.8828162337175963,-1.371758237960602,-0.34097028968400567,0.5505611813513597,-0.5671367241312653,0.9841231756854657,0
0.7206745964472937,0.9009088760241706,-0.502969299721533,0.2679087870901731,0.6095235192417271,0.9048055324001227,0.6994306322113446,-0.3041918912684436,-1.8752853723150364,0.003043148748581378,0.8085666669970842,-0.44808453005738347,0.9841231756854657,0
-0.12657084635623306,0.9009088760241706,0.8491410419312149,0.6495947429640261,-0.7423290972289317,-1.177851894974348,0.7627740305050422,0.853056793629862,0.001192415045823164,-0.2262991435398101,0.5505611813513597,-1.678290535487495,0.9841231756854657,0
1.2290218621294098,0.9009088760241706,-0.502969299721533,0.6491367640356327,1.1164682504182242,-1.177851894974348,-1.2325430157464317,1.4316811360790147,-0.46205254856025635,-1.487681751125962,0.5505611813513597,0.6432272489531993,-1.0161329645585022,0
0.0428782422044723,0.9009088760241706,-0.502969299721533,0.2681298803659492,-0.404365943111267,0.9048055324001227,0.6994306322113446,1.4316811360790147,1.3103629643673533,0.003043148748581378,-0.22345527558581418,-1.6187644384505542,0.9841231756854657,0
0.890123685007999,0.9009088760241706,-0.502969299721533,0.6428671904296945,1.2854498274770565,-1.177851894974348,-0.5040939353689095,-1.461440576166749,-1.2475548781531747,-1.0289971665491795,0.8085666669970842,-2.23386744116561,0.9841231756854657,0
0.7206745964472937,0.9009088760241706,0.8491410419312149,0.6423934191244599,0.7785050963005594,-1.177851894974348,4.024959042630468,0.2744324511807092,0.001192415045823164,1.7231103409115156,1.066572152642809,0.6432272489531993,-1.0161329645585022,0
0.38177641932588297,0.9009088760241706,-1.179024470547907,0.6484576918314631,0.6095235192417271,0.21058638994196582,-0.2507203421941191,-0.8828162337175963,-1.2475548781531747,-0.7996548742607882,0.5505611813513597,-1.5989224061049072,-1.0161329645585022,0
0.7206745964472937,0.9009088760241706,-1.179024470547907,0.6443674662296042,0.4405419421828948,-1.177851894974348,-0.804975077263973,0.2744324511807092,-1.8752853723150364,-1.143668312693375,1.066572152642809,-0.22982217425526694,0.9841231756854657,0
0.7206745964472937,-1.1099901739376037,-0.502969299721533,0.6518530528523112,1.1164682504182242,-1.177851894974348,-0.013182598592753173,1.4316811360790147,-1.7510820125076092,-0.6849837281165926,0.5505611813513597,-0.2893482712922078,0.9841231756854657,0
-0.12657084635623306,-1.1099901739376037,0.8491410419312149,-0.6544923594479547,-0.06640278899360229,0.21058638994196582,0.38271364074285674,0.2744324511807092,0.5785701957722418,1.952452633199907,0.03455021005991044,0.7027533459901402,0.9841231756854657,0
-0.12657084635623306,-1.1099901739376037,0.8491410419312149,0.6519004299828346,-0.06640278899360229,-1.177851894974348,1.0161476236798326,-1.461440576166749,0.8135495251376443,-0.11162799739561437,-0.22345527558581418,0.18686050500331922,-1.0161329645585022,0
0.21232733076517762,-1.1099901739376037,1.5251962127575889,0.6538902694648201,0.2715603651240624,0.21058638994196582,0.06599664927436881,-0.3041918912684436,-1.371758237960602,-0.6849837281165926,0.29255569570563505,0.821805540064022,0.9841231756854657,0
0.5512255078865883,0.9009088760241706,0.8491410419312149,0.6445411823748568,0.10257878806523006,-1.177851894974348,0.05807872448765661,0.2744324511807092,-1.8752853723150364,-0.6849837281165926,0.29255569570563505,0.08765034327508442,0.9841231756854657,0
0.38177641932588297,-1.1099901739376037,0.8491410419312149,0.3472812730938135,0.10257878806523006,0.9048055324001227,0.6994306322113446,0.2744324511807092,0.4745079213389917,0.003043148748581378,0.03455021005991044,0.6432272489531993,0.9841231756854657,0
0.0428782422044723,-1.1099901739376037,1.5251962127575889,-0.6630360353190191,0.10257878806523006,0.21058638994196582,-1.359229812333827,-0.3041918912684436,-1.2106295549671826,-1.2583394588375707,0.5505611813513597,1.3972244780877838,-1.0161329645585022,0
0.5512255078865883,0.9009088760241706,1.5251962127575889,-0.656561160814146,0.9474866733593919,0.21058638994196582,0.4618928886099787,0.853056793629862,-0.6936750303632967,2.1817949254882985,0.5505611813513597,1.0003838311748445,0.9841231756854657,0
0.0428782422044723,-1.1099901739376037,-1.179024470547907,0.6517898833449466,-0.404365943111267,0.21058638994196582,1.6495816066168083,-0.3041918912684436,0.561785957960427,0.3470565871811683,0.03455021005991044,0.7622794430270811,-1.0161329645585022,0
0.0428782422044723,0.9009088760241706,0.8491410419312149,0.36440020958962455,0.4405419421828948,0.9048055324001227,0.6994306322113446,0.853056793629862,1.223084927745918,0.003043148748581378,0.8085666669970842,-1.102871597463733,0.9841231756854657,0
0.21232733076517762,0.9009088760241706,-0.502969299721533,0.36023102210355984,0.4405419421828948,0.9048055324001227,0.6994306322113446,-1.461440576166749,-1.8752853723150364,0.003043148748581378,-0.22345527558581418,-2.4719718293133734,0.9841231756854657,0
-0.12657084635623306,-1.1099901739376037,-0.502969299721533,0.6461046276821311,-0.06640278899360229,-1.177851894974348,-0.09236184645987515,0.853056793629862,2.431550050196561,-0.7996548742607882,0.03455021005991044,0.821805540064022,-1.0161329645585022,0
0.38177641932588297,-1.1099901739376037,-0.502969299721533,0.36991174910718727,0.4405419421828948,0.9048055324001227,0.6994306322113446,1.4316811360790147,1.0787404825643134,0.003043148748581378,0.29255569570563505,0.32575473142284794,0.9841231756854657,0
0.890123685007999,-1.1099901739376037,-1.179024470547907,-0.6556925800878824,1.1164682504182242,0.21058638994196582,-1.121692068732461,1.4316811360790147,-0.8816584938556186,-0.7996548742607882,0.8085666669970842,1.337698381050843,0.9841231756854657,0
-0.12657084635623306,0.9009088760241706,0.8491410419312149,0.6488682936293331,-0.06640278899360229,-1.177851894974348,1.0161476236798326,0.2744324511807092,-1.4993184453303918,-0.11162799739561437,-0.22345527558581418,0.4448069254967297,0.9841231756854657,0
1.2290218621294098,0.9009088760241706,-0.502969299721533,-0.6593722038918713,1.7923945586535535,0.21058638994196582,-0.8406057388041779,0.2744324511807092,-0.2438574570066685,-0.34097028968400567,0.29255569570563505,1.0400678958661385,0.9841231756854657,0
-0.12657084635623306,0.9009088760241706,1.5251962127575889,0.6440358263159399,-0.5733475201700994,-1.177851894974348,-0.4763811986154168,0.853056793629862,-1.7510820125076092,-1.0289971665491795,0.03455021005991044,0.8813316371009629,0.9841231756854657,0
0.0428782422044723,-1.1099901739376037,-0.502969299721533,0.6506370398355423,-0.23538436605243465,-1.177851894974348,-0.8920722499178072,-0.8828162337175963,0.001192415045823164,-1.2583394588375707,-0.22345527558581418,1.3773824457421369,-1.0161329645585022,0
0.5512255078865883,0.9009088760241706,1.5251962127575889,0.6461835895663368,0.10257878806523006,-1.177851894974348,0.5410721364771007,-0.3041918912684436,0.5382880250238866,-0.34097028968400567,0.29255569570563505,-0.7060309505507939,-1.0161329645585022,0
0.21232733076517762,0.9009088760241706,0.8491410419312149,0.6513792815470766,0.6095235192417271,-1.177851894974348,-0.7574675285436998,-1.461440576166749,-1.7510820125076092,-1.143668312693375,0.8085666669970842,-1.5393963090679663,0.9841231756854657,0
1.2290218621294098,0.9009088760241706,1.5251962127575889,0.5142540734353356,1.2854498274770565,0.9048055324001227,0.6994306322113446,1.4316811360790147,0.7229146409538463,-0.2262991435398101,0.03455021005991044,1.5361187045073124,-1.0161329645585022,0
0.38177641932588297,0.9009088760241706,-0.502969299721533,0.6510318492565712,-0.06640278899360229,-1.177851894974348,0.06599664927436881,0.853056793629862,-1.623521805137819,-0.6849837281165926,0.8085666669970842,-0.11076998018138517,0.9841231756854657,0
0.21232733076517762,-1.1099901739376037,-0.502969299721533,0.6459151191600372,0.2715603651240624,-1.177851894974348,1.6495816066168083,0.2744324511807092,-1.4993184453303918,0.3470565871811683,-0.22345527558581418,0.6829113136444932,0.9841231756854657,0
-0.12657084635623306,0.9009088760241706,-1.179024470547907,0.6547430578142424,0.2715603651240624,-1.177851894974348,1.6495816066168083,-0.3041918912684436,-1.623521805137819,0.23238544103697253,0.29255569570563505,1.35754041339649,-1.0161329645585022,0
1.0595727735687044,0.9009088760241706,-0.502969299721533,0.6471785093073296,0.9474866733593919,-1.177851894974348,0.8577891279455886,-0.3041918912684436,-1.623521805137819,-0.2262991435398101,1.066572152642809,1.734539027963782,-1.0161329645585022,0
0.0428782422044723,0.9009088760241706,0.8491410419312149,0.6464362675957953,-0.5733475201700994,-1.177851894974348,0.06599664927436881,0.853056793629862,-1.8752853723150364,-0.6849837281165926,0.5505611813513597,-1.3211339532658497,-1.0161329645585022,0
0.38177641932588297,-1.1099901739376037,-0.502969299721533,0.6493104801808853,0.7785050963005594,-1.177851894974348,-0.9474977234247925,-0.3041918912684436,0.001192415045823164,-1.2583394588375707,1.066572152642809,0.3654387961141419,-1.0161329645585022,0
0.21232733076517762,-1.1099901739376037,0.8491410419312149,0.6525795021870042,-0.06640278899360229,-1.177851894974348,0.38271364074285674,-1.461440576166749,-1.3751150855229646,-0.45564143582820127,1.066572152642809,-1.102871597463733,0.9841231756854657,0
0.0428782422044723,0.9009088760241706,-1.179024470547907,0.6504159465597662,-0.06640278899360229,-1.177851894974348,-0.2507203421941191,0.2744324511807092,0.9981761410676039,-0.7996548742607882,0.03455021005991044,-0.11076998018138517,0.9841231756854657,0
0.0428782422044723,-1.1099901739376037,1.5251962127575889,0.6483313528167338,0.2715603651240624,0.21058638994196582,0.22435514500861276,1.4316811360790147,0.8739727812601764,-0.570312581972397,0.5505611813513597,0.6630692812988462,0.9841231756854657,0
0.38177641932588297,-1.1099901739376037,1.5251962127575889,0.6513950739239177,0.7785050963005594,-1.177851894974348,0.5410721364771007,-0.8828162337175963,-1.0495008719737637,-0.34097028968400567,0.8085666669970842,0.801963507718375,0.9841231756854657,0
-0.12657084635623306,-1.1099901739376037,-1.179024470547907,0.6493578573114088,0.10257878806523006,0.9048055324001227,0.6994306322113446,0.2744324511807092,-0.12972463988633004,-0.2262991435398101,0.5505611813513597,-0.8052411122790287,0.9841231756854657,0
0.890123685007999,0.9009088760241706,0.8491410419312149,0.7127326655749602,0.7785050963005594,0.9048055324001227,0.6994306322113446,-0.8828162337175963,2.1999275683935204,-0.34097028968400567,-0.22345527558581418,1.1988041546313142,0.9841231756854657,0
0.38177641932588297,0.9009088760241706,1.5251962127575889,0.6437199787791168,0.2715603651240624,-1.177851894974348,-1.2008713165995828,-0.3041918912684436,0.001192415045823164,-1.3730106049817663,-0.22345527558581418,-0.6266628211682062,-1.0161329645585022,0
0.38177641932588297,0.9009088760241706,-1.179024470547907,0.7434014614004814,0.10257878806523006,0.9048055324001227,0.6994306322113446,-1.461440576166749,0.16232109803924238,-0.34097028968400567,0.03455021005991044,-0.8846092416616166,-1.0161329645585022,0
0.21232733076517762,0.9009088760241706,-1.179024470547907,0.6491367640356327,-0.23538436605243465,-1.177851894974348,2.4413740852880284,1.4316811360790147,0.7464125738903866,0.8057411717579506,0.5505611813513597,1.6154868338899002,-1.0161329645585022,0
-0.12657084635623306,0.9009088760241706,-1.179024470547907,0.6442727119685572,-0.404365943111267,-1.177851894974348,1.7287608544839304,-0.8828162337175963,2.5725376478158033,0.3470565871811683,0.29255569570563505,0.9805417988291976,-1.0161329645585022,0
0.890123685007999,0.9009088760241706,-0.502969299721533,0.649168348789315,0.4405419421828948,-1.177851894974348,-0.2507203421941191,1.4316811360790147,0.2865244578466693,-0.7996548742607882,0.29255569570563505,-0.051243883144444294,0.9841231756854657,0
0.21232733076517762,0.9009088760241706,0.8491410419312149,0.6517425062144231,0.10257878806523006,-1.177851894974348,0.5410721364771007,0.853056793629862,1.451350561986595,-0.34097028968400567,0.03455021005991044,0.5440170872249644,0.9841231756854657,0
1.2290218621294098,-1.1099901739376037,-0.502969299721533,0.9346629373236985,0.6095235192417271,0.9048055324001227,0.6994306322113446,-0.8828162337175963,0.001192415045823164,-0.45564143582820127,0.8085666669970842,0.4844909901880236,-1.0161329645585022,0
0.7206745964472937,0.9009088760241706,1.5251962127575889,0.6501000990229431,1.2854498274770565,-1.177851894974348,-0.5674373336626071,0.853056793629862,-1.2979075915886182,-1.0289971665491795,1.066572152642809,0.2463866020402601,0.9841231756854657,0
0.890123685007999,-1.1099901739376037,-1.179024470547907,0.4195156047652523,1.4544314045358888,-1.177851894974348,1.6495816066168083,-1.461440576166749,0.830333762949459,0.5763988794695595,1.066572152642809,0.2463866020402601,-1.0161329645585022,1
0.5512255078865883,0.9009088760241706,0.8491410419312149,0.6421091563413192,-0.06640278899360229,-1.177851894974348,0.22435514500861276,-1.461440576166749,-1.173704231781191,-0.570312581972397,-0.22345527558581418,-0.7655570475877348,0.9841231756854657,0
0.21232733076517762,0.9009088760241706,-0.502969299721533,0.4266537590974539,-0.404365943111267,-1.177851894974348,1.0161476236798326,-1.461440576166749,1.8273174889712391,0.1177142948927768,0.5505611813513597,0.7622794430270811,-1.0161329645585022,1
0.38177641932588297,0.9009088760241706,1.5251962127575889,0.8454202157943368,0.2715603651240624,0.9048055324001227,0.6994306322113446,1.4316811360790147,1.9750187817152072,-0.45564143582820127,0.03455021005991044,1.734539027963782,-1.0161329645585022,1
0.21232733076517762,-1.1099901739376037,-1.179024470547907,1.119196860712584,0.10257878806523006,0.9048055324001227,0.6994306322113446,-1.461440576166749,-0.46205254856025635,-0.570312581972397,0.03455021005991044,-0.190138109563973,-1.0161329645585022,0
0.890123685007999,0.9009088760241706,-0.502969299721533,0.6474627720904703,0.7785050963005594,-1.177851894974348,2.2830155895537843,-1.461440576166749,-0.25392799969375696,0.6910700256137552,0.03455021005991044,1.9924854484571926,0.9841231756854657,0
1.0595727735687044,0.9009088760241706,-0.502969299721533,0.6503685694292427,0.6095235192417271,-1.177851894974348,1.3328646151483206,0.2744324511807092,0.001192415045823164,0.1177142948927768,0.03455021005991044,-0.3488743683291487,-1.0161329645585022,0
0.0428782422044723,-1.1099901739376037,0.8491410419312149,0.6425513428928714,0.10257878806523006,-1.177851894974348,0.38271364074285674,-0.3041918912684436,-1.0495008719737637,-0.45564143582820127,0.5505611813513597,-1.9362369559809054,0.9841231756854657,0
0.21232733076517762,0.9009088760241706,1.5251962127575889,0.6464994371031599,0.6095235192417271,-1.177851894974348,-0.4090788379283631,-0.3041918912684436,-0.37813135950118393,-0.9143260204049839,1.066572152642809,0.2463866020402601,0.9841231756854657,0
0.38177641932588297,-1.1099901739376037,1.5251962127575889,0.6477154501199288,0.6095235192417271,-1.177851894974348,-1.359229812333827,0.853056793629862,-1.4254677989584081,-1.487681751125962,0.03455021005991044,-1.6981325678331418,0.9841231756854657,0
0.5512255078865883,0.9009088760241706,-1.179024470547907,0.6422670801097307,-0.06640278899360229,-1.177851894974348,1.6495816066168083,1.4316811360790147,0.830333762949459,0.3470565871811683,0.03455021005991044,1.35754041339649,-1.0161329645585022,0
0.0428782422044723,0.9009088760241706,-0.502969299721533,0.6537639304500908,-0.06640278899360229,-1.177851894974348,0.5410721364771007,1.4316811360790147,-0.811164695045998,-0.34097028968400567,-0.22345527558581418,1.278172284013902,0.9841231756854657,0
0.0428782422044723,0.9009088760241706,0.8491410419312149,0.6501474761534666,0.6095235192417271,0.21058638994196582,1.3328646151483206,0.2744324511807092,0.9780350556934264,0.1177142948927768,0.8085666669970842,-1.6187644384505542,0.9841231756854657,0
1.2290218621294098,-1.1099901739376037,-0.502969299721533,1.370011389703793,0.9474866733593919,0.9048055324001227,0.6994306322113446,0.853056793629862,-1.0427871768490378,-0.6849837281165926,0.5505611813513597,0.32575473142284794,-1.0161329645585022,1
0.890123685007999,-1.1099901739376037,-1.179024470547907,0.6487103698609215,0.7785050963005594,0.21058638994196582,2.4413740852880284,0.2744324511807092,0.3939435798422821,0.8057411717579506,1.066572152642809,0.22654456969461315,0.9841231756854657,0
0.38177641932588297,-1.1099901739376037,-0.502969299721533,0.6490578021514269,-0.06640278899360229,-1.177851894974348,0.8577891279455886,0.2744324511807092,0.04483143335654109,-0.2262991435398101,0.8085666669970842,-0.4877685947486774,0.9841231756854657,0
0.21232733076517762,0.9009088760241706,1.5251962127575889,0.6567960668035924,0.9474866733593919,0.21058638994196582,0.9844759245329838,1.4316811360790147,0.04483143335654109,-0.11162799739561437,0.03455021005991044,-0.6068207888225592,0.9841231756854657,0
0.0428782422044723,0.9009088760241706,1.5251962127575889,0.6486156155998746,-0.06640278899360229,-1.177851894974348,2.2830155895537843,0.2744324511807092,0.15896425047687956,0.6910700256137552,0.8085666669970842,-1.0433455004267922,0.9841231756854657,0
0.21232733076517762,0.9009088760241706,-0.502969299721533,0.650400154182925,0.2715603651240624,-1.177851894974348,1.6495816066168083,1.4316811360790147,0.860545391010725,0.3470565871811683,0.8085666669970842,-0.20998014190961997,0.9841231756854657,0
1.2290218621294098,-1.1099901739376037,-0.502969299721533,0.6461520048126546,1.2854498274770565,0.21058638994196582,0.06599664927436881,1.4316811360790147,-0.811164695045998,-0.6849837281165926,0.29255569570563505,-0.8647672093159696,0.9841231756854657,0
0.0428782422044723,-1.1099901739376037,1.5251962127575889,0.6470363779157592,-0.23538436605243465,-1.177851894974348,-0.6782882806765778,1.4316811360790147,0.04483143335654109,-1.143668312693375,-0.22345527558581418,0.9408577341379036,0.9841231756854657,0
0.7206745964472937,0.9009088760241706,-1.179024470547907,-0.33348071539781565,0.6095235192417271,0.9048055324001227,0.715266481784769,-0.8828162337175963,0.8336906105118219,1.1497546101905376,-0.22345527558581418,-1.102871597463733,0.9841231756854657,0
0.0428782422044723,-1.1099901739376037,-1.179024470547907,0.6479839205262284,-0.23538436605243465,-1.177851894974348,1.6495816066168083,1.4316811360790147,0.15896425047687956,0.3470565871811683,-0.22345527558581418,-1.6187644384505542,0.9841231756854657,0
0.38177641932588297,0.9009088760241706,-0.502969299721533,0.330730862164284,0.10257878806523006,0.9048055324001227,0.715266481784769,0.2744324511807092,-1.6705176710108995,0.003043148748581378,0.5505611813513597,-0.20998014190961997,0.9841231756854657,0
1.2290218621294098,0.9009088760241706,-0.502969299721533,-0.6857138884629164,0.9474866733593919,0.9048055324001227,0.7192254441781252,0.2744324511807092,0.665848232393677,2.869821802353472,1.066572152642809,0.6233852166075523,-1.0161329645585022,1
0.21232733076517762,0.9009088760241706,-0.502969299721533,0.6490893869051092,-0.23538436605243465,-1.177851894974348,1.6495816066168083,-0.3041918912684436,1.2096575374964662,0.3470565871811683,1.066572152642809,-0.9838194033898514,0.9841231756854657,0
0.7206745964472937,0.9009088760241706,0.8491410419312149,0.6535428371743146,0.2715603651240624,-1.177851894974348,-0.804975077263973,-0.8828162337175963,0.001192415045823164,-1.143668312693375,-0.22345527558581418,0.7225953783357871,-1.0161329645585022,0
0.0428782422044723,-1.1099901739376037,-0.502969299721533,-0.6783862256086208,-0.23538436605243465,0.9048055324001227,0.7192254441781252,-1.461440576166749,1.253296555807184,2.7551506562092767,1.066572152642809,-0.6663468858595001,-1.0161329645585022,1
-0.12657084635623306,0.9009088760241706,0.8491410419312149,-0.6383683426931364,-0.5733475201700994,0.9048055324001227,0.7192254441781252,0.2744324511807092,0.561785957960427,2.525808363920885,1.066572152642809,0.7622794430270811,-1.0161329645585022,1
0.0428782422044723,0.9009088760241706,0.8491410419312149,0.6541587398711197,-0.5733475201700994,-1.177851894974348,0.06599664927436881,-0.8828162337175963,0.6154955189582334,-0.6849837281165926,-0.22345527558581418,-0.4282424977117365,0.9841231756854657,0
0.5512255078865883,0.9009088760241706,-1.179024470547907,0.6508897178650008,0.4405419421828948,-1.177851894974348,0.8577891279455886,-0.3041918912684436,-0.46205254856025635,-0.2262991435398101,0.29255569570563505,0.14717644031202531,0.9841231756854657,0
1.2290218621294098,-1.1099901739376037,-0.502969299721533,0.42017888459258074,0.9474866733593919,-1.177851894974348,0.06599664927436881,0.853056793629862,1.0418151593783211,-0.570312581972397,0.03455021005991044,0.6035431842619053,-1.0161329645585022,1
-0.12657084635623306,0.9009088760241706,1.5251962127575889,0.6479049586420227,-0.23538436605243465,-1.177851894974348,1.0161476236798326,1.4316811360790147,0.001192415045823164,-0.11162799739561437,0.03455021005991044,-0.6465048535138531,0.9841231756854657,0
0.890123685007999,-1.1099901739376037,1.5251962127575889,-0.5841531129974544,1.4544314045358888,0.9048055324001227,0.7192254441781252,-0.3041918912684436,-0.21364582894540246,2.1817949254882985,0.5505611813513597,0.8416475724096689,-1.0161329645585022,1
0.38177641932588297,-1.1099901739376037,1.5251962127575889,-0.5598644374157594,0.4405419421828948,0.9048055324001227,0.7192254441781252,-0.8828162337175963,-0.707102420612748,2.0671237793441026,0.29255569570563505,1.3773824457421369,-1.0161329645585022,1
-0.12657084635623306,-1.1099901739376037,1.5251962127575889,0.6497526667324377,0.10257878806523006,-1.177851894974348,-1.2008713165995828,0.2744324511807092,-1.0092187012254088,-1.3730106049817663,-0.22345527558581418,1.1789621222856672,-1.0161329645585022,0
0.0428782422044723,0.9009088760241706,-1.179024470547907,0.6443832586064453,-0.06640278899360229,-1.177851894974348,0.6202513843442227,0.853056793629862,-0.5459737376193288,-0.34097028968400567,0.8085666669970842,-0.13061201252703214,-1.0161329645585022,0
-0.12657084635623306,-1.1099901739376037,-0.502969299721533,0.6458993267831961,-0.5733475201700994,-1.177851894974348,0.06599664927436881,0.2744324511807092,0.3637319517810161,-0.6849837281165926,0.8085666669970842,-0.8449251769703227,0.9841231756854657,0
-0.12657084635623306,-1.1099901739376037,-0.502969299721533,-0.5073863691726044,-0.404365943111267,0.9048055324001227,0.7192254441781252,-0.8828162337175963,-0.8447331706696268,1.8377814870557112,-0.22345527558581418,-1.7973427295613766,-1.0161329645585022,1
0.890123685007999,0.9009088760241706,-0.502969299721533,0.6416353850360845,0.9474866733593919,-1.177851894974348,-0.4090788379283631,1.4316811360790147,0.001192415045823164,-0.9143260204049839,0.03455021005991044,0.008282213892496587,-1.0161329645585022,0
0.38177641932588297,-1.1099901739376037,1.5251962127575889,0.6495473658335027,0.6095235192417271,-1.177851894974348,-0.3298995900612411,0.853056793629862,0.19588957366287124,-0.9143260204049839,0.03455021005991044,-0.3488743683291487,0.9841231756854657,0
0.5512255078865883,-1.1099901739376037,-0.502969299721533,0.6464836447263188,0.2715603651240624,-1.177851894974348,-0.4090788379283631,1.4316811360790147,-0.3109944082539262,-0.9143260204049839,1.066572152642809,-0.30919030363785477,0.9841231756854657,0
0.0428782422044723,0.9009088760241706,0.17308587110484092,-0.3703401229450693,-0.06640278899360229,0.9048055324001227,0.7192254441781252,-1.461440576166749,0.001192415045823164,1.2644257563347332,-0.22345527558581418,0.6630692812988462,0.9841231756854657,0
0.890123685007999,0.9009088760241706,-1.179024470547907,0.645283424086391,0.9474866733593919,-1.177851894974348,2.4413740852880284,-0.3041918912684436,-0.2069321338206762,0.8057411717579506,0.5505611813513597,1.0797519605574324,0.9841231756854657,0
0.21232733076517762,0.9009088760241706,-0.502969299721533,-0.48894087302213646,-0.23538436605243465,0.9048055324001227,0.7231844065714812,0.2744324511807092,0.5651428055227898,1.7231103409115156,0.29255569570563505,1.317856348705196,-1.0161329645585022,1
1.2290218621294098,0.9009088760241706,-0.502969299721533,0.6464678523494777,1.1164682504182242,-1.177851894974348,0.38271364074285674,-0.8828162337175963,1.5956950071681995,-0.45564143582820127,0.03455021005991044,0.821805540064022,-1.0161329645585022,0
1.0595727735687044,-1.1099901739376037,0.8491410419312149,-0.6715639188132423,0.4405419421828948,0.21058638994196582,-0.11215665842665565,-0.3041918912684436,1.0955247203761276,1.1497546101905376,0.5505611813513597,0.6233852166075523,-1.0161329645585022,0
0.21232733076517762,-1.1099901739376037,-0.502969299721533,0.6528005954627805,0.2715603651240624,-1.177851894974348,0.8577891279455886,0.2744324511807092,0.3469477139692014,-0.2262991435398101,-0.22345527558581418,-0.4877685947486774,0.9841231756854657,0
-0.12657084635623306,-1.1099901739376037,-0.502969299721533,0.652137315635452,-0.06640278899360229,-1.177851894974348,0.38271364074285674,0.2744324511807092,-0.3512765790022807,-0.45564143582820127,1.066572152642809,0.3654387961141419,0.9841231756854657,0
-0.12657084635623306,0.9009088760241706,0.8491410419312149,0.65183726047547,-0.23538436605243465,-1.177851894974348,-0.7257958293968509,-0.3041918912684436,-0.9857207682888686,-1.143668312693375,1.066572152642809,-0.2893482712922078,0.9841231756854657,0
0.890123685007999,0.9009088760241706,-1.179024470547907,0.42509031379017964,0.9474866733593919,-1.177851894974348,0.8577891279455886,-1.461440576166749,1.6359771779165546,0.003043148748581378,0.5505611813513597,-2.2140254088199627,-1.0161329645585022,1
0.7206745964472937,0.9009088760241706,-1.179024470547907,-0.6726062156847584,0.6095235192417271,0.9048055324001227,0.7469381809316178,-0.8828162337175963,0.8336906105118219,2.7551506562092767,0.5505611813513597,1.5559607368529593,-1.0161329645585022,1
-0.12657084635623306,-1.1099901739376037,-1.179024470547907,-0.6801075946843067,-0.23538436605243465,0.9048055324001227,0.7469381809316178,0.2744324511807092,-0.2069321338206762,2.869821802353472,0.03455021005991044,-0.8846092416616166,-1.0161329645585022,1
-0.12657084635623306,0.9009088760241706,0.8491410419312149,0.6568434439341159,0.10257878806523006,-1.177851894974348,0.8577891279455886,-0.8828162337175963,1.223084927745918,-0.2262991435398101,0.03455021005991044,-1.4798702120310254,-1.0161329645585022,0
0.38177641932588297,0.9009088760241706,0.8491410419312149,-0.6432797718907354,0.4405419421828948,0.9048055324001227,0.7627740305050422,1.4316811360790147,-0.0860856215756121,2.640479510065081,0.29255569570563505,1.337698381050843,-1.0161329645585022,1
1.2290218621294098,0.9009088760241706,-1.179024470547907,0.6615021951022563,1.4544314045358888,-1.177851894974348,2.4413740852880284,0.853056793629862,-0.1397951825734185,0.8057411717579506,0.5505611813513597,-1.7973427295613766,0.9841231756854657,0
0.38177641932588297,-1.1099901739376037,0.8491410419312149,0.666192531024079,0.2715603651240624,-1.177851894974348,1.9662985980852963,1.4316811360790147,0.4745079213389917,0.4617277333253637,0.29255569570563505,-0.13061201252703214,-1.0161329645585022,0
0.21232733076517762,-1.1099901739376037,-0.502969299721533,-0.5638599087565714,0.7785050963005594,0.9048055324001227,0.7627740305050422,0.2744324511807092,-0.12972463988633004,2.1817949254882985,0.03455021005991044,0.3654387961141419,-1.0161329645585022,1
1.2290218621294098,-1.1099901739376037,-1.179024470547907,0.6607757457675633,1.1164682504182242,-1.177851894974348,-1.0741845200121878,0.2744324511807092,0.6255660616453219,-1.3730106049817663,-0.22345527558581418,0.801963507718375,0.9841231756854657,0
-0.12657084635623306,0.9009088760241706,-0.502969299721533,0.436397655608446,0.2715603651240624,-1.177851894974348,1.6495816066168083,-1.461440576166749,0.3301634761573873,0.5763988794695595,0.03455021005991044,-0.32903233598350173,-1.0161329645585022,1
0.0428782422044723,-1.1099901739376037,0.8491410419312149,0.6664610014303787,0.10257878806523006,-1.177851894974348,-0.7257958293968509,-0.8828162337175963,-0.3680608168140954,-1.143668312693375,-0.22345527558581418,-1.5592383414136133,0.9841231756854657,0
0.7206745964472937,-1.1099901739376037,-1.179024470547907,0.6681507857523822,-0.23538436605243465,-1.177851894974348,-0.2507203421941191,-1.461440576166749,0.16232109803924238,-0.7996548742607882,-0.22345527558581418,-0.8449251769703227,-1.0161329645585022,0
0.7206745964472937,-1.1099901739376037,0.17308587110484092,0.6665399633145844,0.2715603651240624,-1.177851894974348,-0.9831283849649974,-0.8828162337175963,1.2700807936189982,-1.2583394588375707,0.5505611813513597,-0.46792656240303043,0.9841231756854657,0
0.890123685007999,0.9009088760241706,-1.179024470547907,0.6702037947417322,1.1164682504182242,-1.177851894974348,-0.7257958293968509,-0.3041918912684436,-1.1804179269059165,-1.143668312693375,0.29255569570563505,-1.5195542767223194,0.9841231756854657,0
0.5512255078865883,0.9009088760241706,0.17308587110484092,0.6667452642135194,0.6095235192417271,-1.177851894974348,1.3328646151483206,-0.8828162337175963,-0.8447331706696268,0.1177142948927768,0.03455021005991044,1.5361187045073124,-1.0161329645585022,0
0.5512255078865883,0.9009088760241706,-0.502969299721533,-0.5233682545358523,0.10257878806523006,0.9048055324001227,0.7627740305050422,1.4316811360790147,-0.6936750303632967,1.952452633199907,0.29255569570563505,-1.3806600503027906,-1.0161329645585022,1
0.21232733076517762,0.9009088760241706,-0.502969299721533,0.6684666332892053,-0.404365943111267,0.21058638994196582,0.38271364074285674,-0.3041918912684436,0.3939435798422821,-0.45564143582820127,0.5505611813513597,0.782121475372728,-1.0161329645585022,0
0.38177641932588297,0.9009088760241706,1.5251962127575889,-0.4275716966174117,0.2715603651240624,0.9048055324001227,0.7627740305050422,-1.461440576166749,-1.3482603050240614,1.4937680486231246,1.066572152642809,0.2463866020402601,-1.0161329645585022,1
0.7206745964472937,-1.1099901739376037,-1.179024470547907,-0.6752909197477547,0.9474866733593919,0.21058638994196582,1.31306980318154,-0.3041918912684436,-1.3482603050240614,3.9018621176512323,-0.22345527558581418,0.4448069254967297,-1.0161329645585022,0
0.0428782422044723,0.9009088760241706,-0.502969299721533,0.6621023054222201,0.10257878806523006,-1.177851894974348,0.8577891279455886,0.2744324511807092,-0.6936750303632967,-0.2262991435398101,0.8085666669970842,0.821805540064022,-1.0161329645585022,0
-0.12657084635623306,-1.1099901739376037,0.8491410419312149,0.6694773454070392,-0.5733475201700994,-1.177851894974348,1.6495816066168083,0.853056793629862,0.001192415045823164,0.23238544103697253,0.5505611813513597,-2.749760282152431,0.9841231756854657,0
0.5512255078865883,-1.1099901739376037,0.8491410419312149,0.6642816534262994,0.4405419421828948,-1.177851894974348,0.38271364074285674,0.853056793629862,-0.46205254856025635,-0.45564143582820127,0.29255569570563505,-1.9362369559809054,-1.0161329645585022,0
0.0428782422044723,-1.1099901739376037,0.8491410419312149,0.6643764076873464,-0.23538436605243465,-1.177851894974348,-0.5674373336626071,0.853056793629862,-0.901799579229796,-1.0289971665491795,0.8085666669970842,0.22654456969461315,0.9841231756854657,0
-0.12657084635623306,-1.1099901739376037,-1.179024470547907,0.6657977216030502,0.10257878806523006,-1.177851894974348,0.22831410740196886,0.2744324511807092,-1.0427871768490378,-0.570312581972397,-0.22345527558581418,-2.4719718293133734,0.9841231756854657,0
-0.12657084635623306,0.9009088760241706,1.5251962127575889,0.6742150584593853,0.10257878806523006,-1.177851894974348,0.38271364074285674,0.2744324511807092,0.001192415045823164,-0.45564143582820127,0.8085666669970842,-0.190138109563973,0.9841231756854657,0
0.5512255078865883,-1.1099901739376037,-0.502969299721533,0.6677717687081944,0.4405419421828948,-1.177851894974348,1.1745061194140765,-1.461440576166749,0.001192415045823164,0.003043148748581378,0.5505611813513597,-2.3132355705481977,0.9841231756854657,0
0.21232733076517762,0.9009088760241706,-0.502969299721533,-0.6795706538717075,-0.06640278899360229,0.21058638994196582,-0.8841543251310949,1.4316811360790147,-1.1804179269059165,-0.34097028968400567,-0.22345527558581418,1.0797519605574324,0.9841231756854657,0
-0.12657084635623306,0.9009088760241706,1.5251962127575889,0.1945374042861712,0.10257878806523006,0.21058638994196582,1.3328646151483206,0.2744324511807092,2.0992221415226346,0.6910700256137552,0.5505611813513597,-0.9242933063529105,-1.0161329645585022,1
1.2290218621294098,-1.1099901739376037,-0.502969299721533,0.6729358759352518,0.9474866733593919,-1.177851894974348,-0.804975077263973,-0.3041918912684436,-0.5661148229935064,-1.143668312693375,-0.22345527558581418,-0.46792656240303043,0.9841231756854657,0
0.5512255078865883,-1.1099901739376037,-1.179024470547907,0.6754468638529953,0.10257878806523006,-1.177851894974348,0.8577891279455886,-0.3041918912684436,0.6255660616453219,-0.2262991435398101,0.5505611813513597,0.22654456969461315,-1.0161329645585022,0
0.21232733076517762,0.9009088760241706,-1.179024470547907,-0.40184591474317166,-0.06640278899360229,0.9048055324001227,0.7627740305050422,1.4316811360790147,0.8739727812601764,1.379096902478929,1.066572152642809,1.238488219322608,-1.0161329645585022,1
0.21232733076517762,0.9009088760241706,-0.502969299721533,-0.3922915267542735,-0.06640278899360229,0.9048055324001227,0.7627740305050422,0.853056793629862,-1.2475548781531747,1.379096902478929,0.8085666669970842,0.10749237562073138,-1.0161329645585022,1
0.38177641932588297,0.9009088760241706,0.8491410419312149,0.46210764510584484,0.2715603651240624,-1.177851894974348,-0.7574675285436998,-1.461440576166749,-0.707102420612748,-1.143668312693375,-0.22345527558581418,-0.3488743683291487,-1.0161329645585022,1
0.38177641932588297,-1.1099901739376037,-1.179024470547907,0.6821902087641681,-0.06640278899360229,-1.177851894974348,0.8577891279455886,-0.3041918912684436,1.5486991412951188,-0.2262991435398101,0.5505611813513597,1.35754041339649,0.9841231756854657,0
0.890123685007999,0.9009088760241706,-0.502969299721533,0.6866120742796913,1.1164682504182242,-1.177851894974348,-0.13986939518014835,-0.8828162337175963,0.665848232393677,-0.7996548742607882,0.8085666669970842,-1.0631875327724392,0.9841231756854657,0
-0.12657084635623306,0.9009088760241706,1.5251962127575889,0.6833746370272548,-0.06640278899360229,-1.177851894974348,1.0161476236798326,0.853056793629862,0.3301634761573873,-0.11162799739561437,-0.22345527558581418,-0.011559818453150373,0.9841231756854657,0
0.0428782422044723,0.9009088760241706,-0.502969299721533,0.6874806550059548,0.10257878806523006,-1.177851894974348,0.06599664927436881,0.853056793629862,-1.6839450612603513,-0.6849837281165926,1.066572152642809,0.7027533459901402,0.9841231756854657,0
-0.12657084635623306,0.9009088760241706,1.5251962127575889,0.6886492908922002,-0.404365943111267,-1.177851894974348,-0.5674373336626071,0.853056793629862,-1.1804179269059165,-1.0289971665491795,0.8085666669970842,0.008282213892496587,-1.0161329645585022,0
0.890123685007999,0.9009088760241706,-0.502969299721533,-0.14359317625977894,0.9474866733593919,0.9048055324001227,0.7627740305050422,1.4316811360790147,-0.3680608168140954,0.6910700256137552,-0.22345527558581418,-1.8965528912896115,0.9841231756854657,0
0.890123685007999,0.9009088760241706,-1.179024470547907,0.6892178164584818,0.4405419421828948,-1.177851894974348,4.024959042630468,1.4316811360790147,0.001192415045823164,1.6084391947673204,0.5505611813513597,-1.3409759856114967,-1.0161329645585022,0
0.38177641932588297,-1.1099901739376037,-0.502969299721533,0.6898179267784456,0.2715603651240624,-1.177851894974348,0.4223032646764177,-0.8828162337175963,-1.1233515183457474,-0.45564143582820127,0.5505611813513597,-1.678290535487495,0.9841231756854657,0
0.5512255078865883,-1.1099901739376037,0.8491410419312149,0.6820007002420743,0.4405419421828948,-1.177851894974348,-0.8841543251310949,-0.8828162337175963,-1.0495008719737637,-1.2583394588375707,1.066572152642809,-1.5790803737592602,0.9841231756854657,0
0.21232733076517762,-1.1099901739376037,1.5251962127575889,0.6892336088353229,0.6095235192417271,-1.177851894974348,-0.5674373336626071,0.2744324511807092,-1.0495008719737637,-1.0289971665491795,0.8085666669970842,0.6233852166075523,0.9841231756854657,0
0.5512255078865883,0.9009088760241706,-1.179024470547907,0.6842905948840416,0.2715603651240624,-1.177851894974348,0.7627740305050422,-0.3041918912684436,0.001192415045823164,-0.2262991435398101,0.03455021005991044,-0.4877685947486774,-1.0161329645585022,0
0.0428782422044723,-1.1099901739376037,0.8491410419312149,-0.014537872713867745,-0.404365943111267,0.9048055324001227,0.7627740305050422,0.2744324511807092,0.04483143335654109,0.4617277333253637,-0.22345527558581418,-1.2219237915376149,0.9841231756854657,0
0.0428782422044723,-1.1099901739376037,-0.502969299721533,0.6829482428525435,0.2715603651240624,-1.177851894974348,0.06599664927436881,1.4316811360790147,0.3939435798422821,-0.6849837281165926,0.29255569570563505,0.7225953783357871,0.9841231756854657,0
1.0595727735687044,-1.1099901739376037,-1.179024470547907,0.04319905701739159,1.7923945586535535,0.9048055324001227,0.7627740305050422,-0.3041918912684436,-0.811164695045998,0.3470565871811683,-0.22345527558581418,1.0400678958661385,0.9841231756854657,0
-0.12657084635623306,-1.1099901739376037,1.5251962127575889,0.6908444312731206,0.10257878806523006,-1.177851894974348,-0.3774071387815143,-1.461440576166749,0.0851136041048956,-0.9143260204049839,0.5505611813513597,0.0479662785837905,-1.0161329645585022,0
-0.12657084635623306,0.9009088760241706,1.5251962127575889,0.685553985031334,-0.06640278899360229,-1.177851894974348,0.8577891279455886,-0.3041918912684436,0.6154955189582334,-0.2262991435398101,0.29255569570563505,0.7225953783357871,0.9841231756854657,0
-0.12657084635623306,0.9009088760241706,0.17308587110484092,0.6862646419891859,-0.23538436605243465,-1.177851894974348,0.06599664927436881,1.4316811360790147,-0.46205254856025635,-0.6849837281165926,0.8085666669970842,1.5361187045073124,-1.0161329645585022,0
0.21232733076517762,0.9009088760241706,1.5251962127575889,0.6848275356966409,0.6095235192417271,0.21058638994196582,1.3328646151483206,0.2744324511807092,-0.5627579754311435,0.1177142948927768,0.29255569570563505,1.258330251668255,-1.0161329645585022,0
0.0428782422044723,0.9009088760241706,0.8491410419312149,0.6845906500440236,-0.5733475201700994,-1.177851894974348,0.8577891279455886,-0.8828162337175963,0.9780350556934264,-0.2262991435398101,0.5505611813513597,0.0479662785837905,-1.0161329645585022,0
0.890123685007999,0.9009088760241706,-0.502969299721533,0.6976193609379757,1.1164682504182242,-1.177851894974348,0.22435514500861276,-0.3041918912684436,0.04483143335654109,-0.570312581972397,0.5505611813513597,-0.8647672093159696,0.9841231756854657,0
0.0428782422044723,-1.1099901739376037,-1.179024470547907,0.14637065492065124,-0.5733475201700994,0.9048055324001227,0.7627740305050422,-0.3041918912684436,0.6624913848313142,0.23238544103697253,0.03455021005991044,-0.5869787564769122,0.9841231756854657,0
-0.12657084635623306,-1.1099901739376037,-1.179024470547907,0.6898179267784456,-0.404365943111267,-1.177851894974348,2.4413740852880284,-0.8828162337175963,1.5319149034833046,0.6910700256137552,1.066572152642809,1.35754041339649,-1.0161329645585022,0
0.38177641932588297,0.9009088760241706,-1.179024470547907,0.6932922496834995,0.2715603651240624,-1.177851894974348,2.4413740852880284,0.853056793629862,0.3939435798422821,0.6910700256137552,0.29255569570563505,0.08765034327508442,-1.0161329645585022,0
-0.12657084635623306,0.9009088760241706,0.8491410419312149,0.6969402887338061,-0.06640278899360229,-1.177851894974348,-0.2507203421941191,-0.3041918912684436,-0.1397951825734185,-0.9143260204049839,0.03455021005991044,-0.07108591549009124,0.9841231756854657,0
-0.12657084635623306,0.9009088760241706,0.8491410419312149,0.6996249927968022,-0.23538436605243465,-1.177851894974348,-0.09236184645987515,-1.461440576166749,0.16232109803924238,-0.7996548742607882,0.03455021005991044,-1.658448503141848,0.9841231756854657,0
0.0428782422044723,0.9009088760241706,-0.502969299721533,0.6983458102726688,-0.23538436605243465,-1.177851894974348,-0.5674373336626071,0.2744324511807092,-1.7510820125076092,-1.0289971665491795,0.5505611813513597,-1.0036614357354983,0.9841231756854657,0
0.38177641932588297,0.9009088760241706,-0.502969299721533,0.7007778363062065,0.6095235192417271,-1.177851894974348,-1.2800505644667048,-0.3041918912684436,-1.0427871768490378,-1.487681751125962,-0.22345527558581418,-0.15045404487267908,0.9841231756854657,0
-0.12657084635623306,0.9009088760241706,-0.502969299721533,0.17075408476339313,-0.23538436605243465,0.9048055324001227,0.7627740305050422,-0.8828162337175963,0.11868207972852446,0.23238544103697253,0.29255569570563505,-0.6266628211682062,-1.0161329645585022,0
0.5512255078865883,0.9009088760241706,-1.179024470547907,0.7018043408008815,0.10257878806523006,0.21058638994196582,0.06599664927436881,-0.8828162337175963,-1.0427871768490378,-0.6849837281165926,1.066572152642809,-1.3806600503027906,0.9841231756854657,0
0.890123685007999,-1.1099901739376037,-0.502969299721533,0.70246762062821,0.6095235192417271,-1.177851894974348,-0.5674373336626071,-0.8828162337175963,0.001192415045823164,-1.0289971665491795,0.5505611813513597,1.238488219322608,0.9841231756854657,0
0.5512255078865883,-1.1099901739376037,-1.179024470547907,0.7024518282513689,0.4405419421828948,-1.177851894974348,0.6994306322113446,-1.461440576166749,-0.3680608168140954,-0.34097028968400567,0.29255569570563505,-0.09092794783573821,0.9841231756854657,0
0.890123685007999,0.9009088760241706,0.8491410419312149,0.7067947318826863,0.9474866733593919,-1.177851894974348,2.2830155895537843,-0.8828162337175963,-1.1804179269059165,0.5763988794695595,1.066572152642809,-1.7973427295613766,-1.0161329645585022,0
0.7206745964472937,-1.1099901739376037,0.8491410419312149,0.7001145564788781,0.4405419421828948,-1.177851894974348,-0.5674373336626071,0.2744324511807092,-1.1804179269059165,-1.0289971665491795,0.5505611813513597,1.5956448015442533,0.9841231756854657,0
0.38177641932588297,-1.1099901739376037,1.5251962127575889,0.7045837991249246,-0.06640278899360229,-1.177851894974348,-0.5040939353689095,0.853056793629862,-1.1804179269059165,-1.0289971665491795,0.8085666669970842,-0.3488743683291487,0.9841231756854657,0
0.0428782422044723,0.9009088760241706,1.5251962127575889,0.7053734179669824,-0.23538436605243465,-1.177851894974348,-0.7257958293968509,-0.8828162337175963,-1.8752853723150364,-1.143668312693375,-0.22345527558581418,0.06780831092943747,-1.0161329645585022,0
1.0595727735687044,-1.1099901739376037,-1.179024470547907,0.704725930516495,0.7785050963005594,-1.177851894974348,-0.9593746106048608,1.4316811360790147,-1.8752853723150364,-1.2583394588375707,0.5505611813513597,-0.13061201252703214,0.9841231756854657,0
0.21232733076517762,-1.1099901739376037,-0.502969299721533,0.7058945664027404,-0.06640278899360229,-1.177851894974348,-0.804975077263973,0.2744324511807092,-1.2475548781531747,-1.143668312693375,0.03455021005991044,-0.5274526594399713,0.9841231756854657,0
-0.12657084635623306,0.9009088760241706,-0.502969299721533,0.7012042304809177,-0.06640278899360229,-1.177851894974348,-0.12403354560672394,0.2744324511807092,-1.2475548781531747,-0.7996548742607882,0.5505611813513597,-0.30919030363785477,0.9841231756854657,0
0.0428782422044723,0.9009088760241706,1.5251962127575889,0.7050891551838416,-0.23538436605243465,-1.177851894974348,0.06599664927436881,1.4316811360790147,-1.173704231781191,-0.6849837281165926,1.066572152642809,-1.0830295651180861,0.9841231756854657,0
0.38177641932588297,-1.1099901739376037,-1.179024470547907,0.2667085664502454,0.9474866733593919,0.9048055324001227,0.7627740305050422,-0.8828162337175963,0.8336906105118219,0.1177142948927768,0.03455021005991044,1.0599099282117854,0.9841231756854657,0
1.0595727735687044,-1.1099901739376037,-0.502969299721533,0.7100795462656463,0.7785050963005594,-1.177851894974348,1.0161476236798326,1.4316811360790147,-0.12972463988633004,-0.11162799739561437,0.29255569570563505,1.0797519605574324,-1.0161329645585022,0
0.7206745964472937,0.9009088760241706,-0.502969299721533,0.34131175464785724,0.10257878806523006,0.9048055324001227,0.7627740305050422,0.853056793629862,0.3301634761573873,0.003043148748581378,0.03455021005991044,0.4448069254967297,-1.0161329645585022,0
0.5512255078865883,-1.1099901739376037,-1.179024470547907,0.7053576255901413,0.6095235192417271,-1.177851894974348,0.8577891279455886,1.4316811360790147,0.001192415045823164,-0.2262991435398101,0.03455021005991044,-1.7775006972157297,0.9841231756854657,0
0.21232733076517762,-1.1099901739376037,-0.502969299721533,0.7052628713290943,-0.23538436605243465,-1.177851894974348,-0.4090788379283631,-0.8828162337175963,0.001192415045823164,-0.9143260204049839,0.8085666669970842,0.12733440796637835,0.9841231756854657,0
0.0428782422044723,0.9009088760241706,1.5251962127575889,0.7108533727308628,0.10257878806523006,-1.177851894974348,-0.09236184645987515,-0.8828162337175963,-0.37813135950118393,-0.7996548742607882,0.03455021005991044,0.8813316371009629,-1.0161329645585022,0
-0.12657084635623306,0.9009088760241706,-0.502969299721533,0.3628525566591914,0.4405419421828948,0.9048055324001227,0.7627740305050422,1.4316811360790147,-0.8447331706696268,0.003043148748581378,1.066572152642809,0.8614896047553159,-1.0161329645585022,0
1.0595727735687044,-1.1099901739376037,1.5251962127575889,0.7081528762910255,1.4544314045358888,-1.177851894974348,0.8577891279455886,-1.461440576166749,0.001192415045823164,-0.2262991435398101,0.5505611813513597,-0.6663468858595001,-1.0161329645585022,0
0.38177641932588297,0.9009088760241706,-1.179024470547907,0.7138539243306821,0.9474866733593919,-1.177851894974348,2.306769363913921,1.4316811360790147,1.2096575374964662,0.5763988794695595,0.8085666669970842,-1.0036614357354983,-1.0161329645585022,0
0.0428782422044723,-1.1099901739376037,1.5251962127575889,0.3627578023981445,-0.23538436605243465,0.9048055324001227,0.7627740305050422,-0.8828162337175963,-0.6500360120525788,0.003043148748581378,0.5505611813513597,1.317856348705196,0.9841231756854657,0
0.0428782422044723,0.9009088760241706,0.8491410419312149,0.7213553033302303,0.4405419421828948,-1.177851894974348,0.06599664927436881,0.2744324511807092,1.0955247203761276,-0.6849837281165926,0.5505611813513597,1.1789621222856672,-1.0161329645585022,0
0.0428782422044723,-1.1099901739376037,-0.502969299721533,0.7213710957070715,-0.23538436605243465,-1.177851894974348,1.3328646151483206,0.853056793629862,-0.005521280078902488,0.003043148748581378,0.29255569570563505,-0.8846092416616166,-1.0161329645585022,0
0.890123685007999,-1.1099901739376037,-1.179024470547907,0.7222238840564937,0.6095235192417271,-1.177851894974348,1.0161476236798326,-0.8828162337175963,0.001192415045823164,-0.11162799739561437,0.8085666669970842,0.9606997664835506,0.9841231756854657,0
-0.12657084635623306,0.9009088760241706,1.5251962127575889,0.7241505540311146,0.10257878806523006,-1.177851894974348,0.06599664927436881,0.853056793629862,-0.11965409719924096,-0.6849837281165926,0.8085666669970842,1.794065125000723,-1.0161329645585022,0
0.21232733076517762,0.9009088760241706,1.5251962127575889,0.7217816975049415,0.10257878806523006,-1.177851894974348,4.024959042630468,-1.461440576166749,-1.1804179269059165,1.6084391947673204,0.5505611813513597,-0.38855843302044263,0.9841231756854657,0
-0.12657084635623306,0.9009088760241706,-1.179024470547907,0.72983580969393,-0.23538436605243465,0.21058638994196582,4.024959042630468,-0.8828162337175963,0.001192415045823164,1.6084391947673204,1.066572152642809,-0.9242933063529105,0.9841231756854657,0
0.38177641932588297,-1.1099901739376037,0.8491410419312149,0.5738229188801688,-0.23538436605243465,0.9048055324001227,0.7627740305050422,0.853056793629862,0.001192415045823164,-0.2262991435398101,0.5505611813513597,-0.11076998018138517,0.9841231756854657,0
-0.12657084635623306,-1.1099901739376037,-0.502969299721533,0.72531918991736,-0.404365943111267,0.21058638994196582,4.024959042630468,-0.8828162337175963,2.344272013575125,1.6084391947673204,0.03455021005991044,0.26622863438590705,0.9841231756854657,0
0.21232733076517762,0.9009088760241706,1.5251962127575889,0.7291251527360781,-0.06640278899360229,-1.177851894974348,1.3328646151483206,-0.3041918912684436,-1.1233515183457474,0.003043148748581378,0.29255569570563505,-1.4600281796853785,0.9841231756854657,0
0.890123685007999,-1.1099901739376037,-0.502969299721533,0.724403232060573,0.9474866733593919,-1.177851894974348,-0.963333572998217,0.2744324511807092,-0.08944246913797492,-1.2583394588375707,0.03455021005991044,0.821805540064022,0.9841231756854657,0
0.21232733076517762,-1.1099901739376037,-0.502969299721533,-0.6747539789351554,-0.06640278899360229,0.21058638994196582,0.06599664927436881,0.853056793629862,-1.623521805137819,1.4937680486231246,-0.22345527558581418,-0.8846092416616166,0.9841231756854657,0
0.7206745964472937,0.9009088760241706,-0.502969299721533,0.6489946326440623,0.7785050963005594,0.9048055324001227,0.7627740305050422,-0.8828162337175963,0.7866947446387411,-0.2262991435398101,0.29255569570563505,0.46464895784237664,0.9841231756854657,0
0.0428782422044723,0.9009088760241706,0.8491410419312149,0.645583479246373,0.4405419421828948,0.9048055324001227,0.7627740305050422,-0.3041918912684436,0.954537122756886,-0.2262991435398101,0.8085666669970842,-0.5869787564769122,0.9841231756854657,0
0.0428782422044723,0.9009088760241706,1.5251962127575889,0.7220975450417645,-0.06640278899360229,-1.177851894974348,1.6495816066168083,0.853056793629862,0.001192415045823164,0.23238544103697253,0.8085666669970842,0.6630692812988462,-1.0161329645585022,0
0.0428782422044723,-1.1099901739376037,-0.502969299721533,0.4994724087120154,0.2715603651240624,-1.177851894974348,-0.2903099661276801,0.853056793629862,1.0787404825643134,-0.7996548742607882,0.03455021005991044,1.1591200899400202,-1.0161329645585022,1
0.38177641932588297,0.9009088760241706,-1.179024470547907,-0.2988954101156882,-0.06640278899360229,0.9048055324001227,0.7746509176851105,-1.461440576166749,0.001192415045823164,1.1497546101905376,0.03455021005991044,0.6829113136444932,0.9841231756854657,0
0.7206745964472937,0.9009088760241706,1.5251962127575889,-0.7030539182345036,0.7785050963005594,0.9048055324001227,0.7786098800784667,0.853056793629862,1.9112386780303117,3.0991640946418633,1.066572152642809,0.7225953783357871,-1.0161329645585022,1
0.7206745964472937,0.9009088760241706,-0.502969299721533,0.7271353132540926,0.6095235192417271,-1.177851894974348,1.1745061194140765,1.4316811360790147,1.2801513363060872,-0.11162799739561437,0.29255569570563505,0.5241750548793175,0.9841231756854657,0
-0.12657084635623306,-1.1099901739376037,-0.502969299721533,0.7383952779418356,-0.23538436605243465,-1.177851894974348,-0.5674373336626071,-0.3041918912684436,-1.2106295549671826,-1.0289971665491795,0.5505611813513597,-0.7060309505507939,0.9841231756854657,0
0.38177641932588297,0.9009088760241706,-0.502969299721533,-0.6766016870255704,0.2715603651240624,0.9048055324001227,0.7786098800784667,0.853056793629862,0.001192415045823164,2.869821802353472,0.5505611813513597,1.1392780575943733,-1.0161329645585022,1
0.38177641932588297,-1.1099901739376037,0.8491410419312149,0.7427855587036764,-0.06640278899360229,-1.177851894974348,2.5997325810222724,-1.461440576166749,-1.173704231781191,0.6910700256137552,1.066572152642809,0.06780831092943747,-1.0161329645585022,0
1.0595727735687044,-1.1099901739376037,-1.179024470547907,-0.6606040092854814,0.7785050963005594,0.9048055324001227,0.7786098800784667,0.2744324511807092,-1.0495008719737637,2.7551506562092767,1.066572152642809,-0.7060309505507939,-1.0161329645585022,1
0.7206745964472937,0.9009088760241706,1.5251962127575889,0.7398797613649041,0.7785050963005594,-1.177851894974348,-0.7257958293968509,0.2744324511807092,1.223084927745918,-1.143668312693375,0.8085666669970842,-2.134657279437375,0.9841231756854657,0
-0.12657084635623306,0.9009088760241706,1.5251962127575889,0.7485497762506976,0.10257878806523006,-1.177851894974348,2.91644957249076,-0.8828162337175963,0.001192415045823164,0.9204123179021463,0.29255569570563505,-0.20998014190961997,-1.0161329645585022,0
0.890123685007999,0.9009088760241706,-0.502969299721533,0.7461019578403187,0.7785050963005594,-1.177851894974348,2.659117016922614,-0.3041918912684436,-0.3680608168140954,0.8057411717579506,0.8085666669970842,-0.9044512740072636,0.9841231756854657,0
0.21232733076517762,0.9009088760241706,-0.502969299721533,0.7442068726193802,-0.06640278899360229,-1.177851894974348,0.38271364074285674,1.4316811360790147,-1.4724636648314886,-0.570312581972397,0.29255569570563505,-0.6068207888225592,0.9841231756854657,0
1.2290218621294098,0.9009088760241706,-1.179024470547907,-0.6399159956235695,0.9474866733593919,0.9048055324001227,0.7786098800784667,0.2744324511807092,-1.623521805137819,2.640479510065081,0.8085666669970842,0.6432272489531993,-1.0161329645585022,1
-0.12657084635623306,-1.1099901739376037,-0.502969299721533,-0.582068519254422,-0.06640278899360229,0.9048055324001227,0.7786098800784667,-1.461440576166749,0.9981761410676039,2.2964660716324943,0.5505611813513597,0.8416475724096689,-1.0161329645585022,1
0.38177641932588297,-1.1099901739376037,-0.502969299721533,0.743148783371023,0.6095235192417271,-1.177851894974348,0.06599664927436881,-0.8828162337175963,-1.6839450612603513,-0.6849837281165926,0.5505611813513597,-0.5671367241312653,0.9841231756854657,0
1.0595727735687044,-1.1099901739376037,0.8491410419312149,0.7421696560068713,1.2854498274770565,-1.177851894974348,0.38271364074285674,1.4316811360790147,-1.3482603050240614,-0.570312581972397,-0.22345527558581418,-0.24966420660091387,0.9841231756854657,0
0.0428782422044723,0.9009088760241706,-1.179024470547907,-0.6760173690824477,-0.7423290972289317,0.9048055324001227,0.7786098800784667,0.2744324511807092,0.04483143335654109,2.869821802353472,0.5505611813513597,-0.4877685947486774,-1.0161329645585022,1
0.21232733076517762,0.9009088760241706,-0.502969299721533,0.7410483972511495,0.10257878806523006,-1.177851894974348,-1.042512820865339,-0.3041918912684436,-1.6839450612603513,-1.3730106049817663,0.03455021005991044,-1.0235034680811452,0.9841231756854657,0
0.38177641932588297,0.9009088760241706,-1.179024470547907,-0.4743803015745924,0.10257878806523006,0.9048055324001227,0.7786098800784667,1.4316811360790147,0.7464125738903866,1.7231103409115156,1.066572152642809,0.9805417988291976,-1.0161329645585022,1
1.2290218621294098,0.9009088760241706,-0.502969299721533,0.7442384573730626,1.1164682504182242,-1.177851894974348,0.06599664927436881,-0.8828162337175963,0.001192415045823164,-0.6849837281165926,1.066572152642809,-0.26950623894656084,-1.0161329645585022,0
0.38177641932588297,0.9009088760241706,0.8491410419312149,0.7435120080383695,-0.06640278899360229,-1.177851894974348,-0.2942689285210362,0.2744324511807092,0.001192415045823164,-0.9143260204049839,0.8085666669970842,0.08765034327508442,-1.0161329645585022,0
0.7206745964472937,0.9009088760241706,-1.179024470547907,0.7433698766467991,0.6095235192417271,-1.177851894974348,0.3985494903162811,-0.8828162337175963,-1.6839450612603513,-0.45564143582820127,0.03455021005991044,0.32575473142284794,-1.0161329645585022,0
-0.12657084635623306,-1.1099901739376037,-1.179024470547907,0.7485655686275388,0.10257878806523006,-1.177851894974348,0.22435514500861276,-0.8828162337175963,-1.1804179269059165,-0.570312581972397,-0.22345527558581418,1.0995939929030794,0.9841231756854657,0
0.0428782422044723,-1.1099901739376037,0.8491410419312149,0.7484392296128095,0.7785050963005594,-1.177851894974348,-0.4090788379283631,-0.8828162337175963,0.001192415045823164,-1.0289971665491795,1.066572152642809,0.6233852166075523,0.9841231756854657,0
1.2290218621294098,-1.1099901739376037,-0.502969299721533,0.748897208541203,0.9474866733593919,-1.177851894974348,-1.042512820865339,0.853056793629862,-0.21364582894540246,-1.3730106049817663,0.29255569570563505,0.9606997664835506,0.9841231756854657,0
0.7206745964472937,-1.1099901739376037,0.8491410419312149,0.25244805016268324,0.2715603651240624,-1.177851894974348,2.2830155895537843,0.2744324511807092,2.5557534100039887,1.2644257563347332,0.5505611813513597,-1.5393963090679663,-1.0161329645585022,1
1.0595727735687044,0.9009088760241706,-1.179024470547907,0.7389638035081171,1.1164682504182242,-1.177851894974348,-0.7257958293968509,-0.3041918912684436,-1.8752853723150364,-1.143668312693375,0.29255569570563505,-0.24966420660091387,0.9841231756854657,0
0.0428782422044723,-1.1099901739376037,-1.179024470547907,0.7478391192928457,0.2715603651240624,-1.177851894974348,0.38271364074285674,1.4316811360790147,-0.46205254856025635,-0.570312581972397,1.066572152642809,-0.3488743683291487,-1.0161329645585022,0
-0.12657084635623306,0.9009088760241706,0.8491410419312149,0.7417590542090013,-0.06640278899360229,-1.177851894974348,2.4413740852880284,-0.8828162337175963,0.4107278176540969,0.6910700256137552,-0.22345527558581418,0.9011736694466097,-1.0161329645585022,0
0.0428782422044723,-1.1099901739376037,0.8491410419312149,0.7460861654634776,0.2715603651240624,-1.177851894974348,2.2830155895537843,-1.461440576166749,0.001192415045823164,0.5763988794695595,0.03455021005991044,-0.6266628211682062,0.9841231756854657,0
0.21232733076517762,-1.1099901739376037,-0.502969299721533,0.7453281313751022,0.10257878806523006,-1.177851894974348,1.6495816066168083,1.4316811360790147,-1.3751150855229646,0.23238544103697253,0.5505611813513597,-2.4124457322764323,0.9841231756854657,0
0.5512255078865883,0.9009088760241706,-0.502969299721533,-0.6741538686151916,0.7785050963005594,0.21058638994196582,-1.0504307456520512,-0.3041918912684436,-0.0860856215756121,-0.6849837281165926,0.29255569570563505,1.1392780575943733,-1.0161329645585022,0
-0.12657084635623306,0.9009088760241706,0.8491410419312149,0.7407325497143263,0.10257878806523006,-1.177851894974348,2.2830155895537843,0.853056793629862,-1.623521805137819,0.5763988794695595,0.03455021005991044,0.10749237562073138,-1.0161329645585022,0
0.7206745964472937,0.9009088760241706,-1.179024470547907,0.744996491461438,0.9474866733593919,-1.177851894974348,1.6495816066168083,0.2744324511807092,-1.4993184453303918,0.23238544103697253,0.8085666669970842,-0.4282424977117365,0.9841231756854657,0
-0.12657084635623306,0.9009088760241706,0.8491410419312149,-0.6821132265431332,0.6095235192417271,0.21058638994196582,-1.2325430157464317,-0.8828162337175963,1.286865031430813,-1.0289971665491795,-0.22345527558581418,1.2186461869769611,-1.0161329645585022,0
0.890123685007999,0.9009088760241706,-0.502969299721533,0.24916323577972316,0.4405419421828948,-1.177851894974348,0.5014825125435397,0.2744324511807092,1.6594751108530943,-0.11162799739561437,1.066572152642809,1.5162766721616654,-1.0161329645585022,1
1.0595727735687044,0.9009088760241706,-1.179024470547907,0.7439068174593984,1.1164682504182242,-1.177851894974348,0.06599664927436881,0.2744324511807092,-1.173704231781191,-0.6849837281165926,0.29255569570563505,-0.9044512740072636,0.9841231756854657,0
0.38177641932588297,-1.1099901739376037,1.5251962127575889,0.7419485627310952,0.2715603651240624,-1.177851894974348,-0.5674373336626071,1.4316811360790147,1.2465828606824585,-1.0289971665491795,1.066572152642809,0.38528082845978884,-1.0161329645585022,0
0.0428782422044723,0.9009088760241706,-1.179024470547907,0.7383636931881532,0.4405419421828948,-1.177851894974348,2.4413740852880284,0.2744324511807092,0.03811773823181484,0.6910700256137552,0.8085666669970842,0.08765034327508442,0.9841231756854657,0
0.21232733076517762,0.9009088760241706,-0.502969299721533,0.7411747362658787,-0.06640278899360229,-1.177851894974348,0.38271364074285674,-0.3041918912684436,-1.0495008719737637,-0.570312581972397,0.29255569570563505,-0.7853990799333818,0.9841231756854657,0
0.5512255078865883,-1.1099901739376037,-0.502969299721533,-0.671848181596383,0.4405419421828948,0.21058638994196582,-1.121692068732461,1.4316811360790147,0.11868207972852446,-0.7996548742607882,0.8085666669970842,0.3654387961141419,0.9841231756854657,0
0.21232733076517762,-1.1099901739376037,-0.502969299721533,0.7477917421623222,0.2715603651240624,-1.177851894974348,1.1745061194140765,-1.461440576166749,-0.25392799969375696,-0.11162799739561437,1.066572152642809,-0.8846092416616166,0.9841231756854657,0
-0.12657084635623306,-1.1099901739376037,1.5251962127575889,0.19788538817649584,-0.06640278899360229,0.9048055324001227,0.7786098800784667,0.2744324511807092,0.5785701957722418,0.23238544103697253,1.066572152642809,-1.202081759191968,-1.0161329645585022,0
0.38177641932588297,-1.1099901739376037,-0.502969299721533,0.7429908596026114,-0.06640278899360229,0.21058638994196582,0.9211325262392862,-0.3041918912684436,0.11868207972852446,-0.2262991435398101,1.066572152642809,-1.0235034680811452,0.9841231756854657,0
0.38177641932588297,0.9009088760241706,-0.502969299721533,0.7468915766823765,0.7785050963005594,-1.177851894974348,0.38271364074285674,-0.8828162337175963,-1.0495008719737637,-0.570312581972397,0.03455021005991044,0.06780831092943747,0.9841231756854657,0
0.38177641932588297,-1.1099901739376037,-1.179024470547907,0.742738181573153,0.4405419421828948,-1.177851894974348,0.5410721364771007,-0.3041918912684436,-0.25392799969375696,-0.45564143582820127,0.8085666669970842,-0.17029607721832604,0.9841231756854657,0
0.0428782422044723,-1.1099901739376037,-1.179024470547907,0.19557970115768736,0.2715603651240624,0.9048055324001227,0.7786098800784667,-0.3041918912684436,0.5382880250238866,0.23238544103697253,0.29255569570563505,1.0797519605574324,-1.0161329645585022,1
0.38177641932588297,0.9009088760241706,1.5251962127575889,0.7434330461541637,0.2715603651240624,-1.177851894974348,1.6495816066168083,-0.8828162337175963,0.27645391515958084,0.23238544103697253,-0.22345527558581418,-0.6663468858595001,0.9841231756854657,0
0.890123685007999,0.9009088760241706,-0.502969299721533,0.46166545855429253,1.2854498274770565,0.9048055324001227,0.7786098800784667,-1.461440576166749,1.223084927745918,-0.11162799739561437,0.8085666669970842,0.6630692812988462,0.9841231756854657,0
0.890123685007999,-1.1099901739376037,-0.502969299721533,0.7410799820048317,0.9474866733593919,-1.177851894974348,-0.4090788379283631,-0.3041918912684436,-1.0964967378468442,-0.9143260204049839,1.066572152642809,-0.11076998018138517,-1.0161329645585022,0
0.38177641932588297,-1.1099901739376037,0.8491410419312149,-0.6809445906568878,0.4405419421828948,0.21058638994196582,-0.2507203421941191,0.853056793629862,1.575553921794022,0.9204123179021463,1.066572152642809,-0.36871640067479566,-1.0161329645585022,0
-0.12657084635623306,0.9009088760241706,-1.179024470547907,0.7382531465502652,0.10257878806523006,-1.177851894974348,1.6495816066168083,-0.8828162337175963,0.15896425047687956,0.23238544103697253,0.03455021005991044,0.5241750548793175,0.9841231756854657,0
0.5512255078865883,0.9009088760241706,-1.179024470547907,-0.6791284673201551,0.2715603651240624,0.21058638994196582,0.06599664927436881,1.4316811360790147,-1.0495008719737637,1.4937680486231246,-0.22345527558581418,-0.13061201252703214,-1.0161329645585022,0
0.21232733076517762,-1.1099901739376037,0.8491410419312149,0.7395481214512398,-0.404365943111267,-1.177851894974348,-0.7257958293968509,0.853056793629862,0.5114332445249834,-1.143668312693375,0.8085666669970842,-2.571181991041608,0.9841231756854657,0
0.0428782422044723,0.9009088760241706,-1.179024470547907,0.7402587784090917,0.10257878806523006,-1.177851894974348,1.4912231108825644,1.4316811360790147,0.4040141225293712,0.1177142948927768,0.03455021005991044,0.6035431842619053,-1.0161329645585022,0
0.21232733076517762,0.9009088760241706,0.8491410419312149,0.7399429308722687,0.10257878806523006,-1.177851894974348,0.8577891279455886,-0.3041918912684436,1.1458774338115711,-0.2262991435398101,-0.22345527558581418,-1.8965528912896115,0.9841231756854657,0
0.890123685007999,-1.1099901739376037,-1.179024470547907,0.738537409333406,0.7785050963005594,-1.177851894974348,-0.7020420550367144,0.853056793629862,0.4711510737766289,-1.143668312693375,0.8085666669970842,1.258330251668255,0.9841231756854657,0
0.5512255078865883,0.9009088760241706,-0.502969299721533,-0.47845473479961015,0.6095235192417271,0.9048055324001227,0.794445729651891,-1.461440576166749,0.001192415045823164,1.7231103409115156,-0.22345527558581418,1.1194360252487263,-1.0161329645585022,1
-0.12657084635623306,-1.1099901739376037,-1.179024470547907,0.756588096062845,0.4405419421828948,-1.177851894974348,0.06599664927436881,-1.461440576166749,-1.2475548781531747,-0.6849837281165926,0.03455021005991044,0.6035431842619053,0.9841231756854657,0
0.5512255078865883,0.9009088760241706,-0.502969299721533,0.526793220647212,0.6095235192417271,-1.177851894974348,2.2830155895537843,1.4316811360790147,1.7031141291638117,0.8057411717579506,0.03455021005991044,1.1194360252487263,-1.0161329645585022,1
0.21232733076517762,-1.1099901739376037,-1.179024470547907,0.5334102265436556,-0.23538436605243465,-1.177851894974348,-0.18737694390042153,-1.461440576166749,0.001192415045823164,-0.7996548742607882,1.066572152642809,0.6630692812988462,-1.0161329645585022,1
0.0428782422044723,0.9009088760241706,0.8491410419312149,-0.701964244232464,0.2715603651240624,0.9048055324001227,0.8577891279455886,-0.8828162337175963,1.223084927745918,3.213835240786059,0.5505611813513597,-0.9838194033898514,-1.0161329645585022,1
0.21232733076517762,0.9009088760241706,0.8491410419312149,0.7645632463676278,-0.7423290972289317,-1.177851894974348,1.554566509176262,-1.461440576166749,0.001192415045823164,0.1177142948927768,0.03455021005991044,-0.11076998018138517,0.9841231756854657,0
-0.12657084635623306,-1.1099901739376037,0.8491410419312149,0.764057890308711,-0.06640278899360229,-1.177851894974348,-0.8841543251310949,-0.3041918912684436,0.23617174441122635,-1.2583394588375707,0.03455021005991044,-2.531497926350314,0.9841231756854657,0
1.2290218621294098,-1.1099901739376037,0.8491410419312149,0.7621943898414547,1.4544314045358888,-1.177851894974348,0.8577891279455886,-1.461440576166749,1.6628319584154578,-0.2262991435398101,0.5505611813513597,1.0400678958661385,-1.0161329645585022,0
0.890123685007999,-1.1099901739376037,-0.502969299721533,0.7605046055194513,0.7785050963005594,-1.177851894974348,-0.5674373336626071,-0.8828162337175963,-0.8447331706696268,-1.0289971665491795,0.5505611813513597,0.5241750548793175,0.9841231756854657,0
1.0595727735687044,-1.1099901739376037,1.5251962127575889,0.7639473436708228,1.1164682504182242,-1.177851894974348,-0.3774071387815143,-0.3041918912684436,-1.2475548781531747,-0.9143260204049839,0.5505611813513597,-0.13061201252703214,0.9841231756854657,0
0.7206745964472937,-1.1099901739376037,0.8491410419312149,0.7581673337469604,1.2854498274770565,-1.177851894974348,0.38271364074285674,-0.3041918912684436,-1.7510820125076092,-0.570312581972397,0.5505611813513597,-0.8250831446246757,0.9841231756854657,0
0.5512255078865883,-1.1099901739376037,1.5251962127575889,0.7625891992624836,0.4405419421828948,-1.177851894974348,-1.1375279183058853,-0.3041918912684436,-0.46205254856025635,-1.3730106049817663,0.03455021005991044,0.9408577341379036,0.9841231756854657,0
-0.12657084635623306,-1.1099901739376037,-1.179024470547907,0.7618311651741082,-0.23538436605243465,-1.177851894974348,2.2830155895537843,-0.3041918912684436,0.9377528849450718,0.5763988794695595,1.066572152642809,-0.5671367241312653,-1.0161329645585022,0
0.38177641932588297,-1.1099901739376037,-0.502969299721533,0.7625734068856425,0.10257878806523006,-1.177851894974348,0.06599664927436881,1.4316811360790147,0.001192415045823164,-0.6849837281165926,0.8085666669970842,0.7622794430270811,0.9841231756854657,0
0.0428782422044723,-1.1099901739376037,-0.502969299721533,-0.6970370226580238,0.7785050963005594,0.9048055324001227,0.8577891279455886,0.853056793629862,0.830333762949459,3.213835240786059,0.5505611813513597,-1.0433455004267922,-1.0161329645585022,1
0.5512255078865883,0.9009088760241706,-1.179024470547907,0.761294224361509,0.4405419421828948,-1.177851894974348,0.8577891279455886,-1.461440576166749,-1.0495008719737637,-0.2262991435398101,0.29255569570563505,-2.094973214746081,0.9841231756854657,0
0.5512255078865883,0.9009088760241706,-1.179024470547907,-0.67276413945317,0.9474866733593919,0.9048055324001227,0.8577891279455886,-0.3041918912684436,-0.33784918875282943,2.984492948497668,0.03455021005991044,0.26622863438590705,-1.0161329645585022,1
0.7206745964472937,0.9009088760241706,-0.502969299721533,0.7636788732645232,0.9474866733593919,-1.177851894974348,0.06599664927436881,0.2744324511807092,0.001192415045823164,-0.6849837281165926,0.29255569570563505,1.714696995618135,-1.0161329645585022,0
1.0595727735687044,-1.1099901739376037,0.8491410419312149,0.7565723036860039,1.4544314045358888,-1.177851894974348,-0.09236184645987515,0.2744324511807092,-1.0495008719737637,-0.7996548742607882,0.03455021005991044,0.7027533459901402,-1.0161329645585022,0
0.5512255078865883,-1.1099901739376037,1.5251962127575889,0.7609467920710036,-0.06640278899360229,-1.177851894974348,-0.5674373336626071,0.2744324511807092,-0.005521280078902488,-1.0289971665491795,0.29255569570563505,0.6432272489531993,0.9841231756854657,0
-0.12657084635623306,0.9009088760241706,-0.502969299721533,0.7689693195063099,-0.404365943111267,0.21058638994196582,1.0161476236798326,0.853056793629862,1.327147202179168,-0.2262991435398101,0.8085666669970842,0.4844909901880236,0.9841231756854657,0
0.0428782422044723,0.9009088760241706,-0.502969299721533,-0.656877008350969,-0.06640278899360229,0.9048055324001227,0.8577891279455886,0.2744324511807092,0.27645391515958084,2.869821802353472,0.8085666669970842,0.46464895784237664,-1.0161329645585022,1
0.7206745964472937,0.9009088760241706,0.8491410419312149,0.7637420427718878,0.6095235192417271,-1.177851894974348,1.6495816066168083,0.853056793629862,0.001192415045823164,0.23238544103697253,-0.22345527558581418,-0.3488743683291487,-1.0161329645585022,0
0.21232733076517762,-1.1099901739376037,0.8491410419312149,0.7660477297906964,0.2715603651240624,-1.177851894974348,-0.5674373336626071,0.853056793629862,0.001192415045823164,-1.0289971665491795,0.29255569570563505,0.286070666731554,0.9841231756854657,0
0.0428782422044723,0.9009088760241706,1.5251962127575889,0.7765022832595404,-0.23538436605243465,-1.177851894974348,0.5608669484438812,-0.8828162337175963,-1.1233515183457474,-0.45564143582820127,0.29255569570563505,-1.8171847619070236,0.9841231756854657,0
0.5512255078865883,-1.1099901739376037,-0.502969299721533,-0.684134650778801,0.4405419421828948,0.21058638994196582,-0.7257958293968509,-0.3041918912684436,0.5114332445249834,0.003043148748581378,0.03455021005991044,-0.5472946917856183,0.9841231756854657,0
1.2290218621294098,0.9009088760241706,-0.502969299721533,0.7736122782976091,1.4544314045358888,-1.177851894974348,-0.19925383108048983,0.2744324511807092,-1.3482603050240614,-0.9143260204049839,1.066572152642809,0.20670253734896618,0.9841231756854657,0
0.21232733076517762,0.9009088760241706,-1.179024470547907,0.7723488881503169,0.4405419421828948,-1.177851894974348,1.3328646151483206,-1.461440576166749,-1.623521805137819,0.003043148748581378,0.8085666669970842,1.1789621222856672,0.9841231756854657,0
1.2290218621294098,0.9009088760241706,-0.502969299721533,0.7740228800954791,1.2854498274770565,-1.177851894974348,0.7865278048651788,0.853056793629862,0.001192415045823164,-0.34097028968400567,1.066572152642809,-0.011559818453150373,0.9841231756854657,0
1.2290218621294098,0.9009088760241706,0.17308587110484092,0.7756021177795945,1.1164682504182242,-1.177851894974348,-0.2507203421941191,-1.461440576166749,-1.371758237960602,-0.9143260204049839,0.8085666669970842,0.06780831092943747,-1.0161329645585022,0
-0.12657084635623306,0.9009088760241706,1.5251962127575889,-0.6398212413625226,0.10257878806523006,0.9048055324001227,0.8577891279455886,-1.461440576166749,0.001192415045823164,2.7551506562092767,0.29255569570563505,0.06780831092943747,-1.0161329645585022,1
0.38177641932588297,-1.1099901739376037,0.8491410419312149,-0.6453327808800854,0.6095235192417271,0.9048055324001227,0.8577891279455886,-1.461440576166749,0.4745079213389917,2.7551506562092767,-0.22345527558581418,1.1194360252487263,-1.0161329645585022,1
-0.12657084635623306,0.9009088760241706,0.8491410419312149,0.7784605379878434,-0.23538436605243465,-1.177851894974348,4.024959042630468,1.4316811360790147,-0.46205254856025635,1.4937680486231246,0.29255569570563505,0.9408577341379036,-1.0161329645585022,0
0.21232733076517762,0.9009088760241706,1.5251962127575889,0.7815400514718686,-0.23538436605243465,-1.177851894974348,2.4413740852880284,0.853056793629862,-0.005521280078902488,0.5763988794695595,-0.22345527558581418,0.10749237562073138,0.9841231756854657,0
0.0428782422044723,-1.1099901739376037,-1.179024470547907,-0.6238551483761158,0.7785050963005594,0.9048055324001227,0.8577891279455886,-0.8828162337175963,0.001192415045823164,2.640479510065081,0.8085666669970842,-1.3806600503027906,-1.0161329645585022,1
0.38177641932588297,-1.1099901739376037,-0.502969299721533,0.7821875389223558,0.2715603651240624,-1.177851894974348,-0.7257958293968509,0.853056793629862,0.001192415045823164,-1.143668312693375,0.29255569570563505,0.0479662785837905,-1.0161329645585022,0
-0.12657084635623306,0.9009088760241706,-1.179024470547907,-0.61761715952386,0.2715603651240624,0.9048055324001227,0.8577891279455886,0.853056793629862,-1.3751150855229646,2.640479510065081,-0.22345527558581418,1.0995939929030794,-1.0161329645585022,1
-0.12657084635623306,-1.1099901739376037,0.8491410419312149,0.7857566160884567,-0.23538436605243465,-1.177851894974348,0.19268344586176397,-0.8828162337175963,-0.46205254856025635,-0.6849837281165926,-0.22345527558581418,0.14717644031202531,0.9841231756854657,0
0.38177641932588297,0.9009088760241706,-0.502969299721533,0.783845738490677,0.4405419421828948,-1.177851894974348,-1.121692068732461,-1.461440576166749,-0.07601507888852362,-1.3730106049817663,0.03455021005991044,0.7225953783357871,-1.0161329645585022,0
-0.12657084635623306,0.9009088760241706,-1.179024470547907,0.7800397756719589,-0.23538436605243465,-1.177851894974348,0.30353439287573475,-0.8828162337175963,-0.8816584938556186,-0.570312581972397,1.066572152642809,-0.9838194033898514,0.9841231756854657,0
0.7206745964472937,0.9009088760241706,-1.179024470547907,0.7828034416191608,0.6095235192417271,-1.177851894974348,-0.8524826259842462,1.4316811360790147,0.23617174441122635,-1.2583394588375707,0.5505611813513597,-0.22982217425526694,0.9841231756854657,0
0.38177641932588297,-1.1099901739376037,-0.502969299721533,0.7859619169873917,0.2715603651240624,-1.177851894974348,0.38271364074285674,1.4316811360790147,0.9343960373827085,-0.570312581972397,1.066572152642809,0.18686050500331922,0.9841231756854657,0
0.21232733076517762,-1.1099901739376037,0.8491410419312149,-0.6152167182440045,0.4405419421828948,0.9048055324001227,-1.2008713165995828,1.4316811360790147,0.23617174441122635,-1.0289971665491795,0.8085666669970842,0.8614896047553159,0.9841231756854657,0
0.21232733076517762,-1.1099901739376037,-0.502969299721533,0.7817611447476447,0.10257878806523006,-1.177851894974348,0.06599664927436881,-0.3041918912684436,0.001192415045823164,-0.6849837281165926,1.066572152642809,0.5043330225336705,0.9841231756854657,0
0.0428782422044723,-1.1099901739376037,0.8491410419312149,0.7855039380589982,-0.404365943111267,-1.177851894974348,-0.2507203421941191,-0.3041918912684436,-1.4254677989584081,-0.9143260204049839,0.8085666669970842,0.305912699077201,-1.0161329645585022,0
0.7206745964472937,0.9009088760241706,1.5251962127575889,0.7882833963830413,0.7785050963005594,0.21058638994196582,2.4413740852880284,0.2744324511807092,1.4110683912382405,0.5763988794695595,1.066572152642809,0.7622794430270811,0.9841231756854657,0
0.7206745964472937,0.9009088760241706,-1.179024470547907,0.799638115331831,0.9474866733593919,0.21058638994196582,-0.6941241302500022,-0.8828162337175963,1.223084927745918,-1.143668312693375,0.5505611813513597,0.32575473142284794,0.9841231756854657,0
0.21232733076517762,-1.1099901739376037,-0.502969299721533,-0.6015878970300885,0.6095235192417271,0.9048055324001227,-1.2008713165995828,0.2744324511807092,1.2465828606824585,-1.0289971665491795,0.29255569570563505,1.4964346398160184,0.9841231756854657,0
0.5512255078865883,-1.1099901739376037,-0.502969299721533,0.5768550552336704,0.6095235192417271,-1.177851894974348,2.4413740852880284,1.4316811360790147,0.001192415045823164,0.8057411717579506,-0.22345527558581418,0.8614896047553159,-1.0161329645585022,1
0.7206745964472937,0.9009088760241706,-1.179024470547907,0.8003013951591595,0.4405419421828948,-1.177851894974348,0.38271364074285674,1.4316811360790147,0.16232109803924238,-0.570312581972397,1.066572152642809,0.4448069254967297,0.9841231756854657,0
-0.12657084635623306,-1.1099901739376037,-0.502969299721533,0.7982168014161273,-0.06640278899360229,-1.177851894974348,1.9029551997915988,-0.8828162337175963,0.001192415045823164,0.3470565871811683,1.066572152642809,0.6432272489531993,0.9841231756854657,0
0.0428782422044723,0.9009088760241706,-0.502969299721533,0.7919788125638714,0.2715603651240624,-1.177851894974348,2.821434475050214,-0.8828162337175963,-0.005521280078902488,0.8057411717579506,0.29255569570563505,-0.24966420660091387,0.9841231756854657,0
0.21232733076517762,0.9009088760241706,-0.502969299721533,-0.5835372103006494,0.7785050963005594,0.9048055324001227,-1.2008713165995828,-1.461440576166749,-0.46205254856025635,-1.0289971665491795,0.5505611813513597,0.6035431842619053,-1.0161329645585022,0
0.38177641932588297,0.9009088760241706,0.8491410419312149,0.8020227642348453,0.4405419421828948,-1.177851894974348,-0.7257958293968509,-0.3041918912684436,-0.005521280078902488,-1.143668312693375,-0.22345527558581418,-0.22982217425526694,-1.0161329645585022,0
0.890123685007999,0.9009088760241706,-1.179024470547907,0.8034756629042316,0.7785050963005594,-1.177851894974348,0.30353439287573475,-0.3041918912684436,-0.34120603631519225,-0.570312581972397,0.29255569570563505,-0.6068207888225592,0.9841231756854657,0
-0.12657084635623306,0.9009088760241706,-1.179024470547907,0.5743124825622447,-0.06640278899360229,-1.177851894974348,-1.042512820865339,1.4316811360790147,1.0619562447524988,-1.2583394588375707,0.8085666669970842,-0.5869787564769122,-1.0161329645585022,1
-0.12657084635623306,0.9009088760241706,0.8491410419312149,-0.5816263327028698,-0.5733475201700994,0.9048055324001227,-1.2008713165995828,0.2744324511807092,-0.005521280078902488,-1.0289971665491795,1.066572152642809,0.6829113136444932,0.9841231756854657,0
0.0428782422044723,0.9009088760241706,0.8491410419312149,0.801991179481163,-0.404365943111267,-1.177851894974348,0.06599664927436881,-1.461440576166749,-0.08944246913797492,-0.6849837281165926,0.03455021005991044,-1.7179746001787888,0.9841231756854657,0
-0.12657084635623306,-1.1099901739376037,-0.502969299721533,0.8050706929651881,-0.23538436605243465,-1.177851894974348,0.6598410082777837,-0.3041918912684436,-1.7510820125076092,-0.34097028968400567,-0.22345527558581418,1.3773824457421369,-1.0161329645585022,0
1.0595727735687044,0.9009088760241706,-1.179024470547907,0.795942699151001,0.7785050963005594,-1.177851894974348,0.06599664927436881,0.853056793629862,-1.3751150855229646,-0.6849837281165926,0.03455021005991044,-0.13061201252703214,-1.0161329645585022,0
-0.12657084635623306,-1.1099901739376037,-1.179024470547907,0.8025439126706034,-0.404365943111267,-1.177851894974348,0.06599664927436881,0.2744324511807092,-1.4993184453303918,-0.6849837281165926,0.5505611813513597,0.0479662785837905,0.9841231756854657,0
0.890123685007999,-1.1099901739376037,1.5251962127575889,0.8019122175969573,1.2854498274770565,-1.177851894974348,-0.3774071387815143,0.853056793629862,1.1223795008750308,-0.9143260204049839,0.03455021005991044,0.6233852166075523,-1.0161329645585022,0
0.21232733076517762,-1.1099901739376037,-0.502969299721533,0.8083555073481482,0.6095235192417271,-1.177851894974348,-0.963333572998217,-1.461440576166749,-1.4254677989584081,-1.2583394588375707,-0.22345527558581418,-0.4282424977117365,-1.0161329645585022,0
-0.12657084635623306,-1.1099901739376037,-0.502969299721533,-0.5723088303665889,-0.911310674287764,0.9048055324001227,-1.2008713165995828,0.2744324511807092,0.3301634761573873,-1.0289971665491795,0.5505611813513597,-0.5671367241312653,0.9841231756854657,0
0.0428782422044723,-1.1099901739376037,-1.179024470547907,0.8007119969570295,-0.06640278899360229,-1.177851894974348,-0.7257958293968509,-0.3041918912684436,0.6255660616453219,-1.143668312693375,0.8085666669970842,0.801963507718375,0.9841231756854657,0
1.2290218621294098,-1.1099901739376037,-0.502969299721533,-0.5432350646020242,1.1164682504182242,0.9048055324001227,-1.2008713165995828,-1.461440576166749,0.0851136041048956,-1.143668312693375,1.066572152642809,-0.190138109563973,0.9841231756854657,0
0.7206745964472937,0.9009088760241706,-0.502969299721533,0.8038546799484192,0.6095235192417271,-1.177851894974348,1.6495816066168083,1.4316811360790147,0.5114332445249834,0.1177142948927768,1.066572152642809,1.4964346398160184,-1.0161329645585022,0
0.21232733076517762,-1.1099901739376037,-1.179024470547907,0.8045653369062712,0.10257878806523006,-1.177851894974348,0.28769854330231037,-0.3041918912684436,-0.5661148229935064,-0.570312581972397,-0.22345527558581418,-1.6981325678331418,0.9841231756854657,0
0.21232733076517762,0.9009088760241706,0.8491410419312149,-0.5242052505084335,0.10257878806523006,0.9048055324001227,-1.2008713165995828,0.2744324511807092,0.6255660616453219,-1.143668312693375,0.8085666669970842,0.18686050500331922,0.9841231756854657,0
0.890123685007999,0.9009088760241706,-0.502969299721533,0.5796345135577136,0.7785050963005594,-1.177851894974348,0.8577891279455886,-1.461440576166749,1.2130143850588289,-0.11162799739561437,1.066572152642809,0.9606997664835506,-1.0161329645585022,1
0.21232733076517762,0.9009088760241706,-1.179024470547907,0.7992117211571199,0.4405419421828948,-1.177851894974348,1.6495816066168083,-0.3041918912684436,-0.1397951825734185,0.1177142948927768,0.29255569570563505,1.1789621222856672,-1.0161329645585022,0
0.0428782422044723,0.9009088760241706,-0.502969299721533,0.797379805443546,0.10257878806523006,-1.177851894974348,-0.6307807319563046,-0.8828162337175963,0.9981761410676039,-1.143668312693375,0.29255569570563505,1.1789621222856672,-1.0161329645585022,0
0.7206745964472937,0.9009088760241706,-1.179024470547907,0.8045179597757477,0.10257878806523006,-1.177851894974348,0.0026532509806712224,0.2744324511807092,0.9343960373827085,-0.7996548742607882,0.03455021005991044,-0.2893482712922078,0.9841231756854657,0
1.2290218621294098,-1.1099901739376037,-1.179024470547907,0.811719283615314,1.2854498274770565,-1.177851894974348,1.0161476236798326,-1.461440576166749,-1.3482603050240614,-0.2262991435398101,-0.22345527558581418,1.298014316359549,-1.0161329645585022,0
-0.12657084635623306,0.9009088760241706,0.8491410419312149,0.811719283615314,-0.06640278899360229,-1.177851894974348,1.2695212168546228,-0.8828162337175963,-1.0495008719737637,-0.11162799739561437,0.5505611813513597,0.5440170872249644,0.9841231756854657,0
0.21232733076517762,-1.1099901739376037,-0.502969299721533,0.8171834460023533,-0.404365943111267,-1.177851894974348,1.9662985980852963,1.4316811360790147,0.001192415045823164,0.3470565871811683,-0.22345527558581418,0.305912699077201,0.9841231756854657,0
-0.12657084635623306,-1.1099901739376037,0.8491410419312149,-0.506423034185294,0.10257878806523006,0.9048055324001227,-1.2008713165995828,-0.8828162337175963,1.6997572816014495,-1.143668312693375,0.29255569570563505,0.4448069254967297,-1.0161329645585022,0
-0.12657084635623306,-1.1099901739376037,-1.179024470547907,0.8197733958043025,0.10257878806523006,-1.177851894974348,-0.8920722499178072,-0.8828162337175963,-1.6705176710108995,-1.2583394588375707,0.29255569570563505,1.0995939929030794,-1.0161329645585022,0
0.890123685007999,0.9009088760241706,-1.179024470547907,0.8193470016295914,0.9474866733593919,-1.177851894974348,0.8577891279455886,0.2744324511807092,0.16232109803924238,-0.34097028968400567,-0.22345527558581418,1.1591200899400202,0.9841231756854657,0
1.0595727735687044,0.9009088760241706,1.5251962127575889,0.8171044841181475,0.9474866733593919,0.21058638994196582,0.8577891279455886,-0.3041918912684436,0.8739727812601764,-0.34097028968400567,0.29255569570563505,1.9924854484571926,-1.0161329645585022,0
0.890123685007999,-1.1099901739376037,-1.179024470547907,0.8205945994000425,1.6234129815947211,-1.177851894974348,1.396208013442018,0.853056793629862,0.4711510737766289,0.003043148748581378,0.5505611813513597,1.6353288662355472,-1.0161329645585022,0
0.21232733076517762,0.9009088760241706,-1.179024470547907,0.31678619341354497,0.6095235192417271,-1.177851894974348,-0.3298995900612411,0.2744324511807092,1.1727322143104744,-0.6849837281165926,0.8085666669970842,1.1591200899400202,-1.0161329645585022,1
-0.12657084635623306,0.9009088760241706,0.8491410419312149,0.5919051903632903,-0.5733475201700994,-1.177851894974348,-0.20717175586720202,0.853056793629862,-0.1397951825734185,-0.7996548742607882,-0.22345527558581418,-0.46792656240303043,-1.0161329645585022,1
1.0595727735687044,-1.1099901739376037,0.8491410419312149,0.8212894639810534,0.9474866733593919,-1.177851894974348,-0.5674373336626071,1.4316811360790147,0.4107278176540969,-1.0289971665491795,0.8085666669970842,1.337698381050843,-1.0161329645585022,0
0.0428782422044723,0.9009088760241706,-1.179024470547907,0.814688250461451,0.7785050963005594,-1.177851894974348,-0.2507203421941191,0.853056793629862,0.03811773823181484,-0.9143260204049839,0.03455021005991044,-1.4203441149940845,0.9841231756854657,0
0.7206745964472937,0.9009088760241706,-1.179024470547907,0.827606414717515,0.6095235192417271,-1.177851894974348,0.38271364074285674,-0.3041918912684436,0.3637319517810161,-0.570312581972397,0.5505611813513597,-1.4600281796853785,0.9841231756854657,0
0.7206745964472937,0.9009088760241706,1.5251962127575889,-0.6966895903675184,0.9474866733593919,0.21058638994196582,-1.2008713165995828,0.853056793629862,-0.8447331706696268,-0.9143260204049839,0.5505611813513597,1.714696995618135,0.9841231756854657,0
1.0595727735687044,0.9009088760241706,-1.179024470547907,0.8399718457841386,0.7785050963005594,-1.177851894974348,0.06599664927436881,-1.461440576166749,-0.005521280078902488,-0.6849837281165926,0.5505611813513597,-0.686188918205147,0.9841231756854657,0
-0.12657084635623306,0.9009088760241706,1.5251962127575889,-0.4978319811837062,0.4405419421828948,0.9048055324001227,-1.2008713165995828,-1.461440576166749,-1.0427871768490378,-1.143668312693375,0.03455021005991044,-0.8052411122790287,0.9841231756854657,0
-0.12657084635623306,0.9009088760241706,0.8491410419312149,0.8361027134580559,-0.23538436605243465,-1.177851894974348,-0.9474977234247925,-0.3041918912684436,-1.6705176710108995,-1.2583394588375707,-0.22345527558581418,0.2463866020402601,0.9841231756854657,0
0.0428782422044723,-1.1099901739376037,1.5251962127575889,-0.614032289980918,-0.404365943111267,0.9048055324001227,0.8577891279455886,0.853056793629862,0.001192415045823164,2.640479510065081,0.03455021005991044,0.16701847265767225,-1.0161329645585022,1
0.21232733076517762,0.9009088760241706,0.8491410419312149,0.8408878036409255,0.2715603651240624,-1.177851894974348,-0.7257958293968509,0.2744324511807092,-0.3680608168140954,-1.143668312693375,0.8085666669970842,-0.051243883144444294,0.9841231756854657,0
1.2290218621294098,0.9009088760241706,1.5251962127575889,0.8387084556368463,1.2854498274770565,-1.177851894974348,-0.09236184645987515,-1.461440576166749,0.23617174441122635,-0.7996548742607882,0.8085666669970842,-0.7060309505507939,-1.0161329645585022,0
-0.12657084635623306,0.9009088760241706,-1.179024470547907,0.844725351213326,-0.5733475201700994,-1.177851894974348,1.0161476236798326,-0.8828162337175963,-1.0427871768490378,-0.2262991435398101,0.29255569570563505,0.32575473142284794,0.9841231756854657,0
-0.12657084635623306,-1.1099901739376037,0.8491410419312149,-0.6068467585181928,0.10257878806523006,0.9048055324001227,0.8577891279455886,-1.461440576166749,-1.7510820125076092,2.525808363920885,0.5505611813513597,0.7424374106814341,-1.0161329645585022,1
0.0428782422044723,0.9009088760241706,0.17308587110484092,0.8370818408222074,-0.06640278899360229,-1.177851894974348,-0.5674373336626071,0.2744324511807092,-1.6705176710108995,-1.0289971665491795,-0.22345527558581418,0.40512286080543575,0.9841231756854657,0
0.0428782422044723,0.9009088760241706,-0.502969299721533,0.8367817856622255,-0.06640278899360229,-1.177851894974348,-0.5674373336626071,-0.3041918912684436,-0.11965409719924096,-1.0289971665491795,0.5505611813513597,0.5638591195706114,-1.0161329645585022,0
1.0595727735687044,-1.1099901739376037,0.8491410419312149,0.8360237515738501,0.7785050963005594,0.21058638994196582,1.6495816066168083,-0.3041918912684436,0.001192415045823164,0.1177142948927768,0.8085666669970842,0.7225953783357871,-1.0161329645585022,0
-0.12657084635623306,0.9009088760241706,-0.502969299721533,-0.4717903517726431,-0.404365943111267,0.9048055324001227,-1.2008713165995828,1.4316811360790147,-1.1804179269059165,-1.143668312693375,0.8085666669970842,0.5440170872249644,0.9841231756854657,0
-0.12657084635623306,0.9009088760241706,-0.502969299721533,-0.4730379495430943,-0.911310674287764,0.9048055324001227,-1.2008713165995828,-1.461440576166749,1.4312094766124175,-1.143668312693375,0.29255569570563505,0.2463866020402601,0.9841231756854657,0
0.890123685007999,-1.1099901739376037,-0.502969299721533,-0.4497757784560743,0.4405419421828948,0.9048055324001227,-1.2008713165995828,-1.461440576166749,1.223084927745918,-1.143668312693375,1.066572152642809,0.9011736694466097,-1.0161329645585022,0
0.0428782422044723,0.9009088760241706,-1.179024470547907,0.8315703013046447,-0.23538436605243465,-1.177851894974348,1.1745061194140765,1.4316811360790147,-1.6705176710108995,-0.11162799739561437,0.29255569570563505,-0.30919030363785477,0.9841231756854657,0
0.38177641932588297,0.9009088760241706,1.5251962127575889,0.8403982399588498,0.4405419421828948,-1.177851894974348,0.06599664927436881,1.4316811360790147,-0.11965409719924096,-0.6849837281165926,0.5505611813513597,1.0599099282117854,0.9841231756854657,0
0.0428782422044723,-1.1099901739376037,0.8491410419312149,0.8368133704159079,0.10257878806523006,-1.177851894974348,2.029641996378994,0.853056793629862,0.001192415045823164,0.3470565871811683,0.03455021005991044,-1.182239726846321,-1.0161329645585022,0
0.38177641932588297,-1.1099901739376037,1.5251962127575889,0.8369712941843194,0.7785050963005594,-1.177851894974348,-0.7257958293968509,0.2744324511807092,0.001192415045823164,-1.143668312693375,1.066572152642809,-0.9838194033898514,0.9841231756854657,0
1.2290218621294098,-1.1099901739376037,-1.179024470547907,0.840113977175709,1.2854498274770565,-1.177851894974348,0.0976683484212176,-0.8828162337175963,-1.8752853723150364,-0.6849837281165926,0.03455021005991044,-0.051243883144444294,-1.0161329645585022,0
0.0428782422044723,-1.1099901739376037,0.8491410419312149,-0.44619090891313234,-0.7423290972289317,0.9048055324001227,-1.2008713165995828,-1.461440576166749,0.16232109803924238,-1.143668312693375,-0.22345527558581418,0.12733440796637835,0.9841231756854657,0
0.7206745964472937,0.9009088760241706,0.8491410419312149,0.8323915049003847,1.1164682504182242,-1.177851894974348,0.06599664927436881,-0.8828162337175963,-0.005521280078902488,-0.6849837281165926,0.8085666669970842,-0.15045404487267908,0.9841231756854657,0
0.890123685007999,0.9009088760241706,-1.179024470547907,-0.4514339780243955,0.4405419421828948,0.9048055324001227,-1.2008713165995828,0.2744324511807092,0.001192415045823164,-1.143668312693375,0.8085666669970842,0.18686050500331922,0.9841231756854657,0
0.38177641932588297,0.9009088760241706,0.8491410419312149,0.6117404156757797,0.10257878806523006,-1.177851894974348,-0.09236184645987515,-0.8828162337175963,0.16232109803924238,-0.6849837281165926,-0.22345527558581418,-1.7775006972157297,-1.0161329645585022,1
0.38177641932588297,0.9009088760241706,-0.502969299721533,0.6135565390125125,0.6095235192417271,-1.177851894974348,4.024959042630468,-0.3041918912684436,-0.1397951825734185,1.7231103409115156,0.5505611813513597,-0.32903233598350173,-1.0161329645585022,1
0.38177641932588297,0.9009088760241706,-1.179024470547907,0.8410615197861783,-0.06640278899360229,-1.177851894974348,-0.7574675285436998,0.2744324511807092,-1.6839450612603513,-1.143668312693375,-0.22345527558581418,0.801963507718375,0.9841231756854657,0
0.38177641932588297,-1.1099901739376037,-0.502969299721533,0.610113800861141,-0.23538436605243465,-1.177851894974348,-0.6941241302500022,-1.461440576166749,1.8407448792206904,-1.143668312693375,0.03455021005991044,-0.4282424977117365,-1.0161329645585022,1
0.5512255078865883,0.9009088760241706,-0.502969299721533,0.8377924977800594,0.9474866733593919,-1.177851894974348,-0.5674373336626071,-1.461440576166749,0.3301634761573873,-1.0289971665491795,0.29255569570563505,1.258330251668255,0.9841231756854657,0
0.21232733076517762,0.9009088760241706,-0.502969299721533,0.6175520103533245,-0.404365943111267,-1.177851894974348,-0.2625972293741874,-0.3041918912684436,-0.1397951825734185,-0.7996548742607882,0.8085666669970842,0.286070666731554,-1.0161329645585022,1
-0.12657084635623306,0.9009088760241706,0.8491410419312149,0.8375398197506009,0.2715603651240624,-1.177851894974348,0.8577891279455886,-1.461440576166749,0.001192415045823164,-0.34097028968400567,1.066572152642809,0.40512286080543575,-1.0161329645585022,0
0.890123685007999,0.9009088760241706,0.8491410419312149,0.8382346843316116,0.7785050963005594,-1.177851894974348,1.3328646151483206,0.2744324511807092,-1.3482603050240614,0.003043148748581378,0.8085666669970842,-1.3409759856114967,0.9841231756854657,0
0.38177641932588297,0.9009088760241706,-1.179024470547907,-0.41460615523082417,0.6095235192417271,0.9048055324001227,-1.2008713165995828,0.2744324511807092,-1.2475548781531747,-1.143668312693375,0.5505611813513597,-0.6266628211682062,0.9841231756854657,0
0.5512255078865883,-1.1099901739376037,-0.502969299721533,0.3309677478169013,0.2715603651240624,-1.177851894974348,0.06599664927436881,0.2744324511807092,0.001192415045823164,-0.45564143582820127,-0.22345527558581418,0.4249648931510827,-1.0161329645585022,1
0.38177641932588297,0.9009088760241706,-1.179024470547907,0.8388505870284166,0.4405419421828948,-1.177851894974348,0.38271364074285674,0.853056793629862,-0.08944246913797492,-0.570312581972397,0.5505611813513597,0.9606997664835506,0.9841231756854657,0
1.0595727735687044,-1.1099901739376037,1.5251962127575889,0.8377135358958536,0.9474866733593919,-1.177851894974348,0.06599664927436881,0.2744324511807092,-1.2475548781531747,-0.6849837281165926,1.066572152642809,-1.8965528912896115,-1.0161329645585022,0
-0.12657084635623306,0.9009088760241706,1.5251962127575889,0.8407140874956729,-0.7423290972289317,-1.177851894974348,3.2331665639592484,1.4316811360790147,0.03476089066945202,1.035083464046342,0.03455021005991044,-1.7179746001787888,0.9841231756854657,0
0.7206745964472937,0.9009088760241706,-1.179024470547907,0.8344603062665759,1.1164682504182242,-1.177851894974348,-0.6307807319563046,1.4316811360790147,-0.08944246913797492,-1.143668312693375,0.29255569570563505,-1.12271362980938,0.9841231756854657,0
-0.12657084635623306,-1.1099901739376037,-0.502969299721533,-0.7047752873101893,-0.5733475201700994,0.21058638994196582,0.5410721364771007,-0.3041918912684436,-1.371758237960602,2.640479510065081,1.066572152642809,1.1591200899400202,0.9841231756854657,0
0.7206745964472937,0.9009088760241706,-0.502969299721533,0.8399560534072975,0.2715603651240624,-1.177851894974348,-0.45658638664863627,-0.3041918912684436,-1.371758237960602,-1.0289971665491795,0.29255569570563505,-0.6663468858595001,0.9841231756854657,0
0.38177641932588297,0.9009088760241706,0.8491410419312149,0.8391980193189221,0.4405419421828948,-1.177851894974348,-0.5674373336626071,0.2744324511807092,-1.371758237960602,-1.0289971665491795,0.5505611813513597,-1.0433455004267922,0.9841231756854657,0
0.0428782422044723,0.9009088760241706,-1.179024470547907,0.8388979641589401,0.2715603651240624,0.21058638994196582,-0.7257958293968509,-0.3041918912684436,2.183143330581707,-1.143668312693375,1.066572152642809,-0.686188918205147,-1.0161329645585022,0
-0.12657084635623306,0.9009088760241706,-0.502969299721533,0.8356763192833447,-0.23538436605243465,-1.177851894974348,0.06599664927436881,0.2744324511807092,-0.21364582894540246,-0.6849837281165926,0.8085666669970842,0.2463866020402601,-1.0161329645585022,0
0.0428782422044723,-1.1099901739376037,0.8491410419312149,0.8375871968811244,0.4405419421828948,-1.177851894974348,0.22435514500861276,1.4316811360790147,-1.7510820125076092,-0.6849837281165926,0.29255569570563505,0.9210157017922567,0.9841231756854657,0
0.0428782422044723,0.9009088760241706,-1.179024470547907,0.8397191677546801,-0.23538436605243465,-1.177851894974348,0.8577891279455886,1.4316811360790147,-0.33784918875282943,-0.34097028968400567,1.066572152642809,-1.7378166325244357,0.9841231756854657,0
0.21232733076517762,0.9009088760241706,0.8491410419312149,0.8373661036053482,0.7785050963005594,-1.177851894974348,0.38271364074285674,1.4316811360790147,-0.21364582894540246,-0.570312581972397,1.066572152642809,-0.5076106270943244,0.9841231756854657,0
0.38177641932588297,0.9009088760241706,-0.502969299721533,0.838060968186359,0.10257878806523006,-1.177851894974348,0.38271364074285674,0.2744324511807092,-0.08944246913797492,-0.570312581972397,0.5505611813513597,1.258330251668255,-1.0161329645585022,0
0.38177641932588297,0.9009088760241706,-0.502969299721533,0.834365552005529,-0.06640278899360229,-1.177851894974348,2.4413740852880284,-1.461440576166749,-0.21700267650776528,0.5763988794695595,0.5505611813513597,0.286070666731554,-1.0161329645585022,0
0.38177641932588297,0.9009088760241706,-0.502969299721533,-0.3731985431533182,0.4405419421828948,0.9048055324001227,-1.2008713165995828,0.853056793629862,-1.3482603050240614,-1.143668312693375,0.5505611813513597,0.16701847265767225,0.9841231756854657,0
0.0428782422044723,0.9009088760241706,1.5251962127575889,0.8370186713148429,0.6095235192417271,-1.177851894974348,0.8577891279455886,-0.3041918912684436,-1.4993184453303918,-0.34097028968400567,0.03455021005991044,0.286070666731554,0.9841231756854657,0
0.890123685007999,-1.1099901739376037,-1.179024470547907,-0.36468645203593614,0.4405419421828948,0.9048055324001227,-1.2008713165995828,0.2744324511807092,1.223084927745918,-1.143668312693375,0.03455021005991044,0.9805417988291976,0.9841231756854657,0
0.7206745964472937,-1.1099901739376037,1.5251962127575889,0.8383294385926586,1.1164682504182242,-1.177851894974348,-0.06069014731302636,0.2744324511807092,-1.7510820125076092,-0.7996548742607882,1.066572152642809,0.028124246238143545,0.9841231756854657,0
-0.12657084635623306,-1.1099901739376037,-1.179024470547907,0.8367186161548609,-0.404365943111267,-1.177851894974348,2.4413740852880284,-1.461440576166749,0.001192415045823164,0.5763988794695595,0.03455021005991044,-0.8250831446246757,0.9841231756854657,0
0.21232733076517762,-1.1099901739376037,-1.179024470547907,-0.3508681222999263,0.2715603651240624,0.9048055324001227,-1.2008713165995828,-1.461440576166749,-0.34120603631519225,-1.2583394588375707,0.03455021005991044,0.38528082845978884,-1.0161329645585022,0
0.890123685007999,-1.1099901739376037,0.8491410419312149,0.8401771466830736,0.2715603651240624,-1.177851894974348,-0.7257958293968509,0.2744324511807092,-1.173704231781191,-1.143668312693375,0.29255569570563505,-0.7655570475877348,0.9841231756854657,0
-0.12657084635623306,0.9009088760241706,1.5251962127575889,0.8370028789380016,0.10257878806523006,0.21058638994196582,2.4413740852880284,1.4316811360790147,1.7836784706605218,0.5763988794695595,0.29255569570563505,-1.7576586648700827,0.9841231756854657,0
0.38177641932588297,-1.1099901739376037,0.8491410419312149,0.8395454516094275,0.2715603651240624,-1.177851894974348,2.4413740852880284,1.4316811360790147,0.03811773823181484,0.5763988794695595,0.8085666669970842,0.9011736694466097,-1.0161329645585022,0
0.0428782422044723,0.9009088760241706,-1.179024470547907,0.837239764590619,0.10257878806523006,-1.177851894974348,-0.963333572998217,-0.3041918912684436,0.16232109803924238,-1.2583394588375707,1.066572152642809,0.305912699077201,0.9841231756854657,0
0.5512255078865883,-1.1099901739376037,1.5251962127575889,-0.34126635718050463,0.6095235192417271,0.9048055324001227,-1.2008713165995828,0.2744324511807092,-0.11965409719924096,-1.2583394588375707,0.03455021005991044,1.694854963272488,-1.0161329645585022,0
0.7206745964472937,0.9009088760241706,-0.502969299721533,-0.45252365202643513,0.7785050963005594,0.9048055324001227,-1.2008713165995828,-0.8828162337175963,1.5486991412951188,-1.143668312693375,0.03455021005991044,-1.6187644384505542,-1.0161329645585022,1
0.21232733076517762,-1.1099901739376037,0.8491410419312149,0.8355341878917744,0.9474866733593919,-1.177851894974348,0.5094004373302519,-0.8828162337175963,1.9515208487786668,-0.45564143582820127,0.03455021005991044,-1.12271362980938,0.9841231756854657,0
0.0428782422044723,0.9009088760241706,-0.502969299721533,0.8427986812387052,-0.23538436605243465,-1.177851894974348,0.1847655210750518,-0.3041918912684436,0.2865244578466693,-0.6849837281165926,0.8085666669970842,-0.07108591549009124,0.9841231756854657,0
0.38177641932588297,-1.1099901739376037,1.5251962127575889,0.8406193332346259,0.10257878806523006,-1.177851894974348,0.38271364074285674,0.853056793629862,0.8739727812601764,-0.570312581972397,1.066572152642809,1.5956448015442533,-1.0161329645585022,0
0.0428782422044723,0.9009088760241706,1.5251962127575889,0.8455623471859072,-0.7423290972289317,-1.177851894974348,-0.7574675285436998,-1.461440576166749,-1.173704231781191,-1.143668312693375,0.8085666669970842,0.8416475724096689,-1.0161329645585022,0
0.0428782422044723,-1.1099901739376037,-1.179024470547907,-0.44478538737426965,0.2715603651240624,0.9048055324001227,-1.2008713165995828,-1.461440576166749,1.327147202179168,-1.143668312693375,0.03455021005991044,-1.6981325678331418,-1.0161329645585022,1
0.0428782422044723,0.9009088760241706,1.5251962127575889,-0.33897646253853725,0.2715603651240624,0.9048055324001227,-1.2008713165995828,-0.8828162337175963,-1.1166378232210217,-1.2583394588375707,0.29255569570563505,-0.17029607721832604,0.9841231756854657,0
0.21232733076517762,0.9009088760241706,1.5251962127575889,0.839292773579969,0.9474866733593919,-1.177851894974348,-0.17154109432699713,-0.8828162337175963,-1.173704231781191,-0.9143260204049839,1.066572152642809,0.5043330225336705,0.9841231756854657,0
1.2290218621294098,-1.1099901739376037,-1.179024470547907,0.8378872520411063,0.6095235192417271,-1.177851894974348,-0.5674373336626071,1.4316811360790147,0.001192415045823164,-1.0289971665491795,0.03455021005991044,-0.5671367241312653,-1.0161329645585022,0
-0.12657084635623306,-1.1099901739376037,-1.179024470547907,0.33193108280421174,-0.06640278899360229,-1.177851894974348,0.38271364074285674,0.2744324511807092,1.4110683912382405,-0.2262991435398101,0.03455021005991044,0.4448069254967297,-1.0161329645585022,1
-0.12657084635623306,-1.1099901739376037,-1.179024470547907,-0.33243841852629946,-0.23538436605243465,0.9048055324001227,-1.2008713165995828,-1.461440576166749,-1.1233515183457474,-1.2583394588375707,0.8085666669970842,1.1988041546313142,-1.0161329645585022,0
-0.12657084635623306,0.9009088760241706,1.5251962127575889,-0.2977899437368074,-0.06640278899360229,0.9048055324001227,-1.2008713165995828,1.4316811360790147,-0.005521280078902488,-1.2583394588375707,-0.22345527558581418,0.305912699077201,0.9841231756854657,0
0.38177641932588297,0.9009088760241706,-0.502969299721533,-0.29257845937922655,0.9474866733593919,0.9048055324001227,-1.2008713165995828,1.4316811360790147,1.2700807936189982,-1.2583394588375707,1.066572152642809,1.0995939929030794,-1.0161329645585022,0
-0.12657084635623306,0.9009088760241706,-0.502969299721533,-0.4108475695426295,-0.911310674287764,0.9048055324001227,-1.2008713165995828,0.2744324511807092,0.16232109803924238,-1.143668312693375,1.066572152642809,0.08765034327508442,-1.0161329645585022,1
0.890123685007999,-1.1099901739376037,-0.502969299721533,0.8407456722493551,1.2854498274770565,-1.177851894974348,2.2513438904069356,0.2744324511807092,-0.25392799969375696,0.4617277333253637,-0.22345527558581418,0.3455967637684949,-1.0161329645585022,0
1.0595727735687044,-1.1099901739376037,1.5251962127575889,-0.3041226868501102,0.7785050963005594,0.9048055324001227,-1.2008713165995828,-0.3041918912684436,0.15896425047687956,-1.2583394588375707,-0.22345527558581418,0.028124246238143545,-1.0161329645585022,0
0.7206745964472937,0.9009088760241706,1.5251962127575889,0.8400350152915033,0.10257878806523006,-1.177851894974348,2.12465709381954,1.4316811360790147,0.15896425047687956,0.3470565871811683,0.8085666669970842,0.7027533459901402,0.9841231756854657,0
1.2290218621294098,0.9009088760241706,-1.179024470547907,0.8408720112640844,1.1164682504182242,-1.177851894974348,0.06599664927436881,-0.3041918912684436,-0.811164695045998,-0.6849837281165926,0.03455021005991044,0.9805417988291976,-1.0161329645585022,0
0.5512255078865883,0.9009088760241706,0.8491410419312149,0.8381083453168825,0.7785050963005594,-1.177851894974348,-0.7257958293968509,-0.3041918912684436,1.092167872813765,-1.143668312693375,1.066572152642809,-0.7060309505507939,0.9841231756854657,0
0.38177641932588297,0.9009088760241706,-1.179024470547907,0.8374134807358716,0.10257878806523006,0.21058638994196582,0.38271364074285674,1.4316811360790147,0.860545391010725,-0.570312581972397,0.29255569570563505,0.40512286080543575,0.9841231756854657,0
0.7206745964472937,0.9009088760241706,1.5251962127575889,0.840524578973579,0.6095235192417271,0.21058638994196582,-0.09236184645987515,-0.8828162337175963,0.15896425047687956,-0.7996548742607882,1.066572152642809,1.4170665104334308,-1.0161329645585022,0
0.5512255078865883,-1.1099901739376037,-0.502969299721533,-0.6001823754912258,0.2715603651240624,0.9048055324001227,0.8577891279455886,1.4316811360790147,-0.37813135950118393,2.525808363920885,0.03455021005991044,-0.5869787564769122,-1.0161329645585022,1
-0.12657084635623306,0.9009088760241706,-0.502969299721533,0.8349656623254927,-0.06640278899360229,-1.177851894974348,-0.7574675285436998,0.2744324511807092,-1.0964967378468442,-1.143668312693375,0.29255569570563505,0.22654456969461315,0.9841231756854657,0
0.0428782422044723,0.9009088760241706,-1.179024470547907,0.8364975228790847,0.10257878806523006,-1.177851894974348,0.38271364074285674,-0.8828162337175963,-0.6936750303632967,-0.570312581972397,1.066572152642809,-0.5076106270943244,-1.0161329645585022,0
0.21232733076517762,-1.1099901739376037,-1.179024470547907,-0.5815315784418229,-0.23538436605243465,0.9048055324001227,0.8577891279455886,1.4316811360790147,-1.0427871768490378,2.411137217776689,1.066572152642809,0.6630692812988462,-1.0161329645585022,1
0.5512255078865883,0.9009088760241706,-1.179024470547907,0.8383768157231821,0.9474866733593919,-1.177851894974348,-0.7257958293968509,1.4316811360790147,1.327147202179168,-1.143668312693375,0.8085666669970842,1.4567505751247247,-1.0161329645585022,0
1.0595727735687044,-1.1099901739376037,-0.502969299721533,-0.579399607568267,1.6234129815947211,0.9048055324001227,0.8577891279455886,0.853056793629862,-0.005521280078902488,2.411137217776689,1.066572152642809,1.1392780575943733,-1.0161329645585022,1
0.21232733076517762,0.9009088760241706,-0.502969299721533,0.8390716803041929,0.2715603651240624,-1.177851894974348,0.8577891279455886,1.4316811360790147,-0.6936750303632967,-0.34097028968400567,0.29255569570563505,1.1392780575943733,-1.0161329645585022,0
0.5512255078865883,0.9009088760241706,1.5251962127575889,-0.5790521752777616,0.10257878806523006,0.9048055324001227,0.8577891279455886,0.2744324511807092,0.7061304031420315,2.411137217776689,0.8085666669970842,-0.17029607721832604,-1.0161329645585022,1
0.5512255078865883,0.9009088760241706,-0.502969299721533,0.8363869762411966,0.9474866733593919,-1.177851894974348,-0.5674373336626071,0.2744324511807092,-1.2106295549671826,-1.0289971665491795,0.03455021005991044,0.7622794430270811,-1.0161329645585022,0
0.21232733076517762,-1.1099901739376037,1.5251962127575889,-0.5823054049070394,0.2715603651240624,0.9048055324001227,0.8577891279455886,-1.461440576166749,0.7430557263280237,2.411137217776689,-0.22345527558581418,-2.2140254088199627,-1.0161329645585022,1
0.0428782422044723,0.9009088760241706,-0.502969299721533,0.8377767054032182,0.2715603651240624,-1.177851894974348,0.8577891279455886,1.4316811360790147,1.7836784706605218,-0.34097028968400567,-0.22345527558581418,-0.7853990799333818,0.9841231756854657,0
0.0428782422044723,0.9009088760241706,0.17308587110484092,0.8396402058704744,-0.23538436605243465,-1.177851894974348,-0.7257958293968509,0.853056793629862,-0.46205254856025635,-1.143668312693375,0.8085666669970842,0.5837011519162584,-1.0161329645585022,0
0.21232733076517762,-1.1099901739376037,0.8491410419312149,0.33707939765442796,0.10257878806523006,-1.177851894974348,-0.7257958293968509,0.2744324511807092,1.995159867089384,-1.0289971665491795,0.03455021005991044,0.20670253734896618,-1.0161329645585022,1
0.7206745964472937,0.9009088760241706,-0.502969299721533,0.615862226031321,0.6095235192417271,-1.177851894974348,0.8577891279455886,-1.461440576166749,-0.018948670328354386,-0.11162799739561437,-0.22345527558581418,-1.0631875327724392,-1.0161329645585022,1
1.2290218621294098,-1.1099901739376037,1.5251962127575889,0.8381083453168825,1.4544314045358888,-1.177851894974348,-0.8841543251310949,0.2744324511807092,0.9343960373827085,-1.2583394588375707,0.03455021005991044,0.6829113136444932,-1.0161329645585022,0
0.21232733076517762,0.9009088760241706,-1.179024470547907,-0.6773123439834223,0.2715603651240624,0.9048055324001227,0.8577891279455886,-1.461440576166749,1.8105332511594245,3.0991640946418633,1.066572152642809,0.08765034327508442,-1.0161329645585022,1
1.0595727735687044,0.9009088760241706,-0.502969299721533,0.8415194987145718,0.9474866733593919,-1.177851894974348,-0.5674373336626071,-0.8828162337175963,-0.522475804682789,-1.0289971665491795,0.03455021005991044,0.6829113136444932,-1.0161329645585022,0
0.5512255078865883,-1.1099901739376037,0.8491410419312149,0.8367028237780197,0.10257878806523006,-1.177851894974348,-0.5674373336626071,-1.461440576166749,-0.5023347193086114,-1.0289971665491795,0.8085666669970842,-1.2417658238832618,0.9841231756854657,0
-0.12657084635623306,-1.1099901739376037,0.8491410419312149,0.8327547295677312,-0.06640278899360229,-1.177851894974348,-1.121692068732461,0.853056793629862,-0.9857207682888686,-1.3730106049817663,0.03455021005991044,-0.9242933063529105,0.9841231756854657,0
0.0428782422044723,-1.1099901739376037,-1.179024470547907,0.8365922771401316,0.2715603651240624,-1.177851894974348,0.8577891279455886,-0.3041918912684436,0.001192415045823164,-0.34097028968400567,0.03455021005991044,0.3654387961141419,0.9841231756854657,0
0.21232733076517762,-1.1099901739376037,-0.502969299721533,0.8392138116957633,0.9474866733593919,-1.177851894974348,0.38271364074285674,0.2744324511807092,-0.21700267650776528,-0.570312581972397,0.03455021005991044,-0.6465048535138531,-1.0161329645585022,0
-0.12657084635623306,0.9009088760241706,1.5251962127575889,0.8325020515382727,-0.911310674287764,-1.177851894974348,2.4413740852880284,0.853056793629862,0.5785701957722418,0.5763988794695595,0.03455021005991044,0.5440170872249644,-1.0161329645585022,0
0.890123685007999,0.9009088760241706,-1.179024470547907,0.8393717354641748,1.1164682504182242,-1.177851894974348,0.38271364074285674,0.2744324511807092,0.001192415045823164,-0.570312581972397,0.29255569570563505,1.0202258635204915,-1.0161329645585022,0
0.0428782422044723,-1.1099901739376037,-0.502969299721533,0.8412826130619544,-0.404365943111267,-1.177851894974348,1.3328646151483206,-0.3041918912684436,0.3905867322799193,0.003043148748581378,1.066572152642809,0.4249648931510827,-1.0161329645585022,0
0.0428782422044723,0.9009088760241706,1.5251962127575889,-0.6787810350296497,-0.06640278899360229,0.9048055324001227,0.8577891279455886,-0.8828162337175963,1.6594751108530943,3.0991640946418633,0.29255569570563505,-0.03140185079879733,-1.0161329645585022,1
0.890123685007999,0.9009088760241706,-1.179024470547907,-0.5571639409759221,0.7785050963005594,0.9048055324001227,0.8577891279455886,0.853056793629862,0.04483143335654109,2.2964660716324943,1.066572152642809,0.5837011519162584,-1.0161329645585022,1
0.7206745964472937,-1.1099901739376037,-0.502969299721533,-0.5473726673344066,0.7785050963005594,0.9048055324001227,0.8577891279455886,0.2744324511807092,-0.4654093961226198,2.1817949254882985,1.066572152642809,-0.30919030363785477,-1.0161329645585022,1
0.7206745964472937,0.9009088760241706,-1.179024470547907,0.8548166800148235,1.1164682504182242,-1.177851894974348,0.12934004756806639,0.2744324511807092,-0.3680608168140954,-0.6849837281165926,0.03455021005991044,1.0797519605574324,0.9841231756854657,0
0.7206745964472937,0.9009088760241706,-0.502969299721533,-0.5524578126772581,0.7785050963005594,0.9048055324001227,0.8577891279455886,1.4316811360790147,-0.12972463988633004,2.1817949254882985,0.5505611813513597,0.7622794430270811,-1.0161329645585022,1
0.5512255078865883,-1.1099901739376037,-1.179024470547907,0.8519266750528923,0.9474866733593919,-1.177851894974348,-0.7020420550367144,-0.3041918912684436,-1.4724636648314886,-1.143668312693375,0.03455021005991044,0.2463866020402601,0.9841231756854657,0
0.21232733076517762,-1.1099901739376037,1.5251962127575889,-0.5403292672632518,-0.06640278899360229,0.9048055324001227,0.8577891279455886,0.2744324511807092,-1.6705176710108995,2.1817949254882985,1.066572152642809,1.1591200899400202,-1.0161329645585022,1
-0.12657084635623306,-1.1099901739376037,-0.502969299721533,-0.5367286053434687,-0.06640278899360229,0.9048055324001227,0.8577891279455886,0.853056793629862,-1.0427871768490378,2.1817949254882985,0.5505611813513597,1.0202258635204915,-1.0161329645585022,1
0.38177641932588297,0.9009088760241706,0.8491410419312149,-0.5348019353688479,0.2715603651240624,0.9048055324001227,0.8577891279455886,0.2744324511807092,0.6893461653302174,2.1817949254882985,0.29255569570563505,0.8614896047553159,-1.0161329645585022,1
0.38177641932588297,-1.1099901739376037,-1.179024470547907,-0.7164458537958022,0.6095235192417271,0.21058638994196582,0.7627740305050422,0.2744324511807092,0.3939435798422821,3.213835240786059,-0.22345527558581418,1.6154868338899002,-1.0161329645585022,0
0.21232733076517762,-1.1099901739376037,-1.179024470547907,0.8708301501317537,-0.06640278899360229,-1.177851894974348,-0.7257958293968509,0.853056793629862,1.0955247203761276,-1.143668312693375,0.03455021005991044,1.0797519605574324,-1.0161329645585022,0
0.21232733076517762,0.9009088760241706,-0.502969299721533,-0.5255318101630905,0.2715603651240624,0.9048055324001227,0.8577891279455886,-1.461440576166749,-1.3751150855229646,2.0671237793441026,0.5505611813513597,-1.5195542767223194,-1.0161329645585022,1
1.0595727735687044,-1.1099901739376037,-0.502969299721533,0.8782999443776196,0.6095235192417271,-1.177851894974348,-1.042512820865339,-1.461440576166749,-1.0964967378468442,-1.3730106049817663,1.066572152642809,-0.7457150152420878,0.9841231756854657,0
-0.12657084635623306,-1.1099901739376037,-1.179024470547907,-0.525484433032567,-0.23538436605243465,0.9048055324001227,0.8577891279455886,-0.8828162337175963,0.5785701957722418,2.0671237793441026,1.066572152642809,0.7225953783357871,-1.0161329645585022,1
0.890123685007999,-1.1099901739376037,-1.179024470547907,-0.5284849846323862,1.1164682504182242,0.9048055324001227,0.8577891279455886,-0.8828162337175963,-1.623521805137819,2.0671237793441026,0.8085666669970842,-0.6465048535138531,-1.0161329645585022,1
-0.12657084635623306,0.9009088760241706,1.5251962127575889,0.8770839313608507,-0.23538436605243465,-1.177851894974348,0.8577891279455886,-0.8828162337175963,0.8336906105118219,-0.34097028968400567,0.5505611813513597,1.9726434161115456,0.9841231756854657,0
0.38177641932588297,-1.1099901739376037,1.5251962127575889,0.8710038662770064,0.7785050963005594,0.21058638994196582,0.38271364074285674,1.4316811360790147,0.001192415045823164,-0.570312581972397,1.066572152642809,0.008282213892496587,0.9841231756854657,0
0.38177641932588297,0.9009088760241706,-1.179024470547907,0.8771155161145331,0.7785050963005594,-1.177851894974348,-0.2507203421941191,0.853056793629862,1.6829730437896346,-0.9143260204049839,1.066572152642809,-0.11076998018138517,-1.0161329645585022,0
0.7206745964472937,0.9009088760241706,1.5251962127575889,0.8777630035650203,0.7785050963005594,-1.177851894974348,0.6994306322113446,-0.8828162337175963,-0.46205254856025635,-0.45564143582820127,0.8085666669970842,-1.3211339532658497,-1.0161329645585022,0
0.0428782422044723,-1.1099901739376037,0.8491410419312149,0.6528795573469862,0.10257878806523006,-1.177851894974348,2.4413740852880284,1.4316811360790147,0.001192415045823164,0.8057411717579506,0.03455021005991044,-1.2616078562289088,-1.0161329645585022,1
-0.12657084635623306,0.9009088760241706,0.8491410419312149,0.8820585300658143,0.10257878806523006,-1.177851894974348,-0.2507203421941191,0.853056793629862,-1.623521805137819,-0.9143260204049839,0.5505611813513597,0.5241750548793175,0.9841231756854657,0
0.0428782422044723,0.9009088760241706,-1.179024470547907,0.8734043075568618,0.2715603651240624,-1.177851894974348,0.8577891279455886,-0.3041918912684436,0.03811773823181484,-0.34097028968400567,0.29255569570563505,0.6233852166075523,-1.0161329645585022,0
0.21232733076517762,-1.1099901739376037,0.17308587110484092,0.8774945331587207,0.9474866733593919,-1.177851894974348,2.4413740852880284,0.853056793629862,1.2096575374964662,0.4617277333253637,-0.22345527558581418,0.7225953783357871,-1.0161329645585022,0
-0.12657084635623306,-1.1099901739376037,-0.502969299721533,0.882342792848955,-0.23538436605243465,-1.177851894974348,0.5410721364771007,-0.8828162337175963,0.860545391010725,-0.45564143582820127,1.066572152642809,-1.8965528912896115,-1.0161329645585022,0
1.0595727735687044,-1.1099901739376037,-1.179024470547907,0.8762311430114285,0.7785050963005594,-1.177851894974348,0.5094004373302519,-0.8828162337175963,-0.6936750303632967,-0.570312581972397,0.03455021005991044,0.4844909901880236,-1.0161329645585022,0
-0.12657084635623306,-1.1099901739376037,0.17308587110484092,-0.48783540664325564,-0.23538436605243465,0.9048055324001227,0.8577891279455886,0.2744324511807092,-1.3751150855229646,1.952452633199907,1.066572152642809,-0.5076106270943244,-1.0161329645585022,1
0.0428782422044723,-1.1099901739376037,1.5251962127575889,0.8798475973080527,-0.06640278899360229,-1.177851894974348,-0.4407505370752119,1.4316811360790147,-1.7510820125076092,-1.0289971665491795,-0.22345527558581418,0.6829113136444932,0.9841231756854657,0
1.0595727735687044,-1.1099901739376037,-0.502969299721533,-0.48804070754219064,0.6095235192417271,0.9048055324001227,0.8577891279455886,0.853056793629862,0.001192415045823164,1.952452633199907,0.03455021005991044,-0.686188918205147,-1.0161329645585022,1
0.7206745964472937,0.9009088760241706,-1.179024470547907,0.8810951950785039,0.6095235192417271,-1.177851894974348,-0.5674373336626071,-1.461440576166749,-1.8752853723150364,-1.143668312693375,1.066572152642809,1.0995939929030794,-1.0161329645585022,0
0.890123685007999,0.9009088760241706,1.5251962127575889,-0.4855770967549706,0.9474866733593919,0.9048055324001227,0.8577891279455886,0.853056793629862,-0.37813135950118393,1.952452633199907,-0.22345527558581418,1.337698381050843,-1.0161329645585022,1
-0.12657084635623306,-1.1099901739376037,0.8491410419312149,0.8884070655559582,-0.404365943111267,-1.177851894974348,0.12934004756806639,-0.3041918912684436,1.5486991412951188,-0.6849837281165926,0.03455021005991044,-1.162397694500674,0.9841231756854657,0
0.21232733076517762,0.9009088760241706,0.8491410419312149,0.8802266143522404,0.6095235192417271,-1.177851894974348,-1.042512820865339,-0.8828162337175963,0.7866947446387411,-1.3730106049817663,1.066572152642809,-0.6465048535138531,0.9841231756854657,0
-0.12657084635623306,0.9009088760241706,-0.502969299721533,-0.5985873454302693,-0.404365943111267,0.9048055324001227,0.8577891279455886,-0.8828162337175963,1.7937490133476108,2.525808363920885,1.066572152642809,0.32575473142284794,-1.0161329645585022,1
-0.12657084635623306,0.9009088760241706,-0.502969299721533,0.8878543323665178,-0.06640278899360229,-1.177851894974348,2.2830155895537843,-1.461440576166749,0.001192415045823164,0.4617277333253637,0.29255569570563505,-0.8052411122790287,-1.0161329645585022,0
0.890123685007999,0.9009088760241706,-0.502969299721533,0.8864646032044963,1.1164682504182242,0.21058638994196582,-0.7257958293968509,0.853056793629862,0.5651428055227898,-1.143668312693375,-0.22345527558581418,0.5440170872249644,-1.0161329645585022,0
-0.12657084635623306,0.9009088760241706,1.5251962127575889,0.8936659270440626,0.10257878806523006,-1.177851894974348,1.4912231108825644,-0.3041918912684436,1.7937490133476108,0.003043148748581378,1.066572152642809,0.6035431842619053,0.9841231756854657,0
0.21232733076517762,0.9009088760241706,-0.502969299721533,0.8940607364650913,0.2715603651240624,-1.177851894974348,-0.2507203421941191,-1.461440576166749,-1.1804179269059165,-0.9143260204049839,0.5505611813513597,0.7424374106814341,-1.0161329645585022,0
0.7206745964472937,-1.1099901739376037,-0.502969299721533,-0.48109206173208285,0.9474866733593919,0.9048055324001227,0.8577891279455886,0.2744324511807092,0.23617174441122635,1.8377814870557112,0.5505611813513597,0.5837011519162584,-1.0161329645585022,1
0.0428782422044723,0.9009088760241706,0.8491410419312149,-0.48444004562240756,-0.06640278899360229,0.9048055324001227,0.8577891279455886,-1.461440576166749,-1.0495008719737637,1.8377814870557112,-0.22345527558581418,-2.4124457322764323,-1.0161329645585022,1
-0.12657084635623306,-1.1099901739376037,-1.179024470547907,0.8905548288063552,0.10257878806523006,-1.177851894974348,-0.5001349729755533,-1.461440576166749,-1.6705176710108995,-1.0289971665491795,0.29255569570563505,0.6432272489531993,0.9841231756854657,0
0.890123685007999,-1.1099901739376037,0.8491410419312149,0.890949638227384,0.7785050963005594,-1.177851894974348,-0.7257958293968509,0.2744324511807092,0.8336906105118219,-1.143668312693375,0.8085666669970842,-1.102871597463733,0.9841231756854657,0
0.0428782422044723,0.9009088760241706,-1.179024470547907,-0.7203623632524084,0.10257878806523006,0.21058638994196582,-0.5674373336626071,-0.3041918912684436,-0.707102420612748,0.3470565871811683,0.5505611813513597,-0.5274526594399713,-1.0161329645585022,0
-0.12657084635623306,-1.1099901739376037,-1.179024470547907,-0.4661840579940334,0.10257878806523006,0.9048055324001227,0.8577891279455886,-0.8828162337175963,-0.8447331706696268,1.8377814870557112,0.5505611813513597,-0.8846092416616166,-1.0161329645585022,1
-0.12657084635623306,0.9009088760241706,0.8491410419312149,-0.47092177104637967,0.2715603651240624,0.9048055324001227,0.8577891279455886,0.2744324511807092,0.15896425047687956,1.8377814870557112,0.5505611813513597,-1.0433455004267922,-1.0161329645585022,1
-0.12657084635623306,-1.1099901739376037,0.8491410419312149,-0.5646969047291526,0.10257878806523006,0.9048055324001227,0.8577891279455886,-0.3041918912684436,1.934736610966852,2.2964660716324943,0.8085666669970842,1.0202258635204915,-1.0161329645585022,1
0.7206745964472937,0.9009088760241706,0.8491410419312149,0.8949135248145137,0.9474866733593919,-1.177851894974348,0.8577891279455886,-0.3041918912684436,1.5688402266692962,-0.34097028968400567,-0.22345527558581418,0.22654456969461315,-1.0161329645585022,0
0.7206745964472937,-1.1099901739376037,-0.502969299721533,0.8975350593701452,0.6095235192417271,-1.177851894974348,-0.7257958293968509,-0.8828162337175963,0.001192415045823164,-1.143668312693375,0.03455021005991044,-0.051243883144444294,0.9841231756854657,0
-0.12657084635623306,0.9009088760241706,-0.502969299721533,0.8986247333721848,-0.23538436605243465,-1.177851894974348,0.8577891279455886,1.4316811360790147,-0.6936750303632967,-0.34097028968400567,0.5505611813513597,0.9805417988291976,0.9841231756854657,0
0.0428782422044723,0.9009088760241706,0.8491410419312149,0.8992722208226722,0.10257878806523006,-1.177851894974348,1.3328646151483206,1.4316811360790147,0.665848232393677,-0.11162799739561437,0.03455021005991044,0.6432272489531993,-1.0161329645585022,0
0.21232733076517762,0.9009088760241706,0.8491410419312149,-0.4518761645759478,0.4405419421828948,0.9048055324001227,0.8577891279455886,0.853056793629862,-0.005521280078902488,1.7231103409115156,0.8085666669970842,-1.202081759191968,-1.0161329645585022,1
-0.12657084635623306,-1.1099901739376037,-0.502969299721533,0.9057628877043865,0.10257878806523006,0.21058638994196582,-1.1850354670261585,1.4316811360790147,0.3301634761573873,-1.3730106049817663,0.29255569570563505,-0.9044512740072636,0.9841231756854657,0
1.0595727735687044,0.9009088760241706,-1.179024470547907,0.9104058464956859,1.1164682504182242,0.21058638994196582,-1.042512820865339,-0.3041918912684436,-1.5496711587658354,-1.3730106049817663,0.5505611813513597,-0.7853990799333818,0.9841231756854657,0
-0.12657084635623306,0.9009088760241706,-1.179024470547907,0.9115428976282489,-0.404365943111267,-1.177851894974348,-0.3298995900612411,0.2744324511807092,-0.7977373047965461,-1.0289971665491795,1.066572152642809,0.028124246238143545,0.9841231756854657,0
0.890123685007999,-1.1099901739376037,1.5251962127575889,0.9205761371813891,0.6095235192417271,-1.177851894974348,1.0161476236798326,-0.8828162337175963,1.934736610966852,-0.2262991435398101,-0.22345527558581418,1.8139071573463699,-1.0161329645585022,0
1.0595727735687044,-1.1099901739376037,0.8491410419312149,0.6771208557981577,1.2854498274770565,-1.177851894974348,-0.3774071387815143,-0.3041918912684436,0.8336906105118219,-0.9143260204049839,-0.22345527558581418,-0.40840046536608954,-1.0161329645585022,1
0.0428782422044723,-1.1099901739376037,-1.179024470547907,0.9154751994616963,0.4405419421828948,-1.177851894974348,-0.2507203421941191,1.4316811360790147,2.562467105128714,-0.9143260204049839,1.066572152642809,0.0479662785837905,0.9841231756854657,0
0.38177641932588297,0.9009088760241706,-1.179024470547907,0.9156805003606313,0.7785050963005594,-1.177851894974348,-0.3774071387815143,0.2744324511807092,-1.6705176710108995,-1.0289971665491795,0.5505611813513597,-0.7853990799333818,-1.0161329645585022,0
0.0428782422044723,0.9009088760241706,1.5251962127575889,0.9092845877399639,-0.5733475201700994,-1.177851894974348,0.38271364074285674,-1.461440576166749,0.001192415045823164,-0.570312581972397,-0.22345527558581418,0.9805417988291976,0.9841231756854657,0
0.0428782422044723,0.9009088760241706,-1.179024470547907,0.9164385344490067,-0.23538436605243465,-1.177851894974348,2.5997325810222724,-0.3041918912684436,-0.8447331706696268,0.5763988794695595,-0.22345527558581418,0.286070666731554,0.9841231756854657,0
0.38177641932588297,-1.1099901739376037,0.17308587110484092,0.9141486398070394,0.10257878806523006,-1.177851894974348,0.06203768688101271,-1.461440576166749,-1.8752853723150364,-0.7996548742607882,1.066572152642809,0.0479662785837905,-1.0161329645585022,0
0.0428782422044723,0.9009088760241706,1.5251962127575889,-0.7263002969446823,0.2715603651240624,0.21058638994196582,-1.2008713165995828,0.853056793629862,0.03811773823181484,-0.9143260204049839,0.5505611813513597,-1.4005020826484376,0.9841231756854657,0
1.2290218621294098,-1.1099901739376037,1.5251962127575889,0.9123641012239889,1.1164682504182242,-1.177851894974348,-0.4090788379283631,-0.8828162337175963,0.16232109803924238,-1.0289971665491795,1.066572152642809,-0.24966420660091387,0.9841231756854657,0
-0.12657084635623306,-1.1099901739376037,-1.179024470547907,0.9154120299543317,-0.23538436605243465,-1.177851894974348,1.6495816066168083,-0.8828162337175963,0.6893461653302174,0.1177142948927768,0.5505611813513597,1.6353288662355472,-1.0161329645585022,0
0.7206745964472937,0.9009088760241706,-1.179024470547907,-0.725336961957372,0.4405419421828948,0.21058638994196582,-0.7257958293968509,1.4316811360790147,1.2029438423717405,0.1177142948927768,1.066572152642809,-0.7258729828964409,0.9841231756854657,0
0.21232733076517762,0.9009088760241706,0.8491410419312149,0.9092845877399639,0.6095235192417271,-1.177851894974348,0.6994306322113446,0.2744324511807092,0.001192415045823164,-0.45564143582820127,0.03455021005991044,-0.24966420660091387,-1.0161329645585022,0
0.7206745964472937,0.9009088760241706,0.17308587110484092,0.3930949583100015,0.2715603651240624,-1.177851894974348,1.6495816066168083,0.2744324511807092,1.253296555807184,0.5763988794695595,0.8085666669970842,1.0995939929030794,-1.0161329645585022,1
0.890123685007999,0.9009088760241706,-0.502969299721533,0.9110059568156497,0.6095235192417271,-1.177851894974348,1.8079401023510524,-1.461440576166749,0.7229146409538463,0.1177142948927768,0.8085666669970842,1.1392780575943733,0.9841231756854657,0
0.0428782422044723,-1.1099901739376037,1.5251962127575889,0.9201971201372013,0.6095235192417271,-1.177851894974348,0.38271364074285674,0.853056793629862,-1.2475548781531747,-0.570312581972397,0.03455021005991044,-0.22982217425526694,-1.0161329645585022,0
0.890123685007999,0.9009088760241706,1.5251962127575889,0.9183178272931041,0.7785050963005594,-1.177851894974348,1.6495816066168083,0.853056793629862,0.830333762949459,0.003043148748581378,-0.22345527558581418,2.1512217072223683,-1.0161329645585022,0
0.38177641932588297,-1.1099901739376037,-1.179024470547907,0.9205919295582302,0.2715603651240624,-1.177851894974348,-0.2507203421941191,1.4316811360790147,-0.6936750303632967,-0.9143260204049839,0.29255569570563505,-0.5274526594399713,0.9841231756854657,0
0.21232733076517762,-1.1099901739376037,-0.502969299721533,-0.4442168618079881,0.4405419421828948,0.9048055324001227,0.8577891279455886,1.4316811360790147,-1.0495008719737637,1.7231103409115156,0.29255569570563505,-0.9838194033898514,-1.0161329645585022,1
0.890123685007999,0.9009088760241706,1.5251962127575889,0.9316465933470381,1.2854498274770565,-1.177851894974348,-0.3378175148479533,0.853056793629862,0.23617174441122635,-1.0289971665491795,-0.22345527558581418,2.0718535778397804,0.9841231756854657,0
0.5512255078865883,0.9009088760241706,-0.502969299721533,0.935120916252092,0.4405419421828948,-1.177851894974348,0.8577891279455886,-1.461440576166749,-1.371758237960602,-0.34097028968400567,0.5505611813513597,0.20670253734896618,0.9841231756854657,0
0.7206745964472937,-1.1099901739376037,-0.502969299721533,0.7111534278908448,1.1164682504182242,-1.177851894974348,3.7082420511619802,0.853056793629862,2.562467105128714,1.379096902478929,0.03455021005991044,1.5758027691986063,-1.0161329645585022,1
0.38177641932588297,-1.1099901739376037,-1.179024470547907,-0.4356100164295591,-0.06640278899360229,0.9048055324001227,0.8577891279455886,1.4316811360790147,0.001192415045823164,1.7231103409115156,0.5505611813513597,0.46464895784237664,-1.0161329645585022,1
0.890123685007999,-1.1099901739376037,0.8491410419312149,0.9316939704775615,0.7785050963005594,-1.177851894974348,0.6994306322113446,0.853056793629862,-1.6705176710108995,-0.45564143582820127,0.5505611813513597,0.028124246238143545,0.9841231756854657,0
0.0428782422044723,-1.1099901739376037,0.8491410419312149,0.9338575261047997,-0.404365943111267,-1.177851894974348,1.9662985980852963,-0.8828162337175963,-1.173704231781191,0.23238544103697253,0.29255569570563505,-0.15045404487267908,0.9841231756854657,0
-0.12657084635623306,0.9009088760241706,1.5251962127575889,0.9328310216101247,-0.23538436605243465,-1.177851894974348,0.7627740305050422,0.853056793629862,0.5651428055227898,-0.45564143582820127,0.03455021005991044,0.821805540064022,-1.0161329645585022,0
0.21232733076517762,-1.1099901739376037,1.5251962127575889,0.9399533835654852,-0.23538436605243465,-1.177851894974348,1.9662985980852963,1.4316811360790147,0.5651428055227898,0.23238544103697253,1.066572152642809,0.0479662785837905,0.9841231756854657,0
-0.12657084635623306,0.9009088760241706,-0.502969299721533,-0.4140692144182249,-0.23538436605243465,0.9048055324001227,0.8577891279455886,0.2744324511807092,0.001192415045823164,1.6084391947673204,0.03455021005991044,-2.114815247091728,-1.0161329645585022,1
0.21232733076517762,-1.1099901739376037,1.5251962127575889,-0.4074522085217814,-0.06640278899360229,0.9048055324001227,0.8577891279455886,0.853056793629862,0.2865244578466693,1.6084391947673204,0.8085666669970842,0.9210157017922567,-1.0161329645585022,1
0.5512255078865883,-1.1099901739376037,1.5251962127575889,0.9349314077299982,0.9474866733593919,-1.177851894974348,0.06599664927436881,0.2744324511807092,0.4745079213389917,-0.7996548742607882,0.03455021005991044,0.6035431842619053,0.9841231756854657,0
-0.12657084635623306,-1.1099901739376037,-0.502969299721533,-0.40858925965434445,0.2715603651240624,0.9048055324001227,0.8577891279455886,0.2744324511807092,0.15896425047687956,1.6084391947673204,-0.22345527558581418,0.5837011519162584,-1.0161329645585022,1
0.0428782422044723,-1.1099901739376037,-1.179024470547907,-0.40884193768380295,-0.404365943111267,0.9048055324001227,0.8577891279455886,1.4316811360790147,0.001192415045823164,1.6084391947673204,1.066572152642809,0.5837011519162584,-1.0161329645585022,1
0.7206745964472937,0.9009088760241706,-1.179024470547907,-0.40653625066499444,0.9474866733593919,0.9048055324001227,0.8577891279455886,1.4316811360790147,1.8407448792206904,1.6084391947673204,-0.22345527558581418,0.8416475724096689,-1.0161329645585022,1
0.0428782422044723,0.9009088760241706,-0.502969299721533,0.9386268239108282,-0.06640278899360229,-1.177851894974348,-0.7257958293968509,-0.3041918912684436,-1.173704231781191,-1.143668312693375,0.5505611813513597,0.821805540064022,-1.0161329645585022,0
0.7206745964472937,0.9009088760241706,1.5251962127575889,-0.4071363609849583,0.4405419421828948,0.9048055324001227,0.8577891279455886,0.2744324511807092,-1.0495008719737637,1.6084391947673204,0.8085666669970842,1.8139071573463699,-1.0161329645585022,1
0.21232733076517762,0.9009088760241706,-0.502969299721533,0.9371265481109186,-0.23538436605243465,-1.177851894974348,-0.7257958293968509,-1.461440576166749,-1.6705176710108995,-1.143668312693375,0.8085666669970842,-0.30919030363785477,0.9841231756854657,0
0.7206745964472937,0.9009088760241706,0.8491410419312149,0.9294672453429589,-0.23538436605243465,-1.177851894974348,-0.3774071387815143,-0.3041918912684436,-1.0427871768490378,-1.0289971665491795,1.066572152642809,-0.44808453005738347,-1.0161329645585022,0
0.0428782422044723,-1.1099901739376037,1.5251962127575889,0.9371581328646008,-0.06640278899360229,-1.177851894974348,1.4120438630154424,0.2744324511807092,0.001192415045823164,-0.11162799739561437,0.29255569570563505,0.8813316371009629,-1.0161329645585022,0
-0.12657084635623306,0.9009088760241706,-0.502969299721533,0.9327994368564423,-0.06640278899360229,-1.177851894974348,-1.359229812333827,0.2744324511807092,-1.6839450612603513,-1.487681751125962,0.5505611813513597,-1.162397694500674,0.9841231756854657,0
0.890123685007999,-1.1099901739376037,0.8491410419312149,0.9363053445151786,0.9474866733593919,-1.177851894974348,1.1428344202672278,-1.461440576166749,-1.8752853723150364,-0.2262991435398101,0.03455021005991044,-0.8846092416616166,0.9841231756854657,0
0.0428782422044723,-1.1099901739376037,-1.179024470547907,0.9354999332962797,-0.06640278899360229,-1.177851894974348,2.91644957249076,0.2744324511807092,0.001192415045823164,0.6910700256137552,-0.22345527558581418,0.821805540064022,-1.0161329645585022,0
0.0428782422044723,0.9009088760241706,1.5251962127575889,0.9312044067954858,-0.23538436605243465,-1.177851894974348,1.3328646151483206,0.853056793629862,-0.1397951825734185,-0.11162799739561437,1.066572152642809,0.20670253734896618,0.9841231756854657,0
0.890123685007999,-1.1099901739376037,-0.502969299721533,0.9364158911530667,0.9474866733593919,-1.177851894974348,0.1451758971414908,0.2744324511807092,0.8336906105118219,-0.6849837281165926,0.8085666669970842,-1.202081759191968,0.9841231756854657,0
-0.12657084635623306,-1.1099901739376037,-1.179024470547907,0.930509542214475,0.10257878806523006,-1.177851894974348,-0.7257958293968509,-1.461440576166749,-0.8447331706696268,-1.143668312693375,0.03455021005991044,1.317856348705196,0.9841231756854657,0
0.0428782422044723,0.9009088760241706,0.8491410419312149,0.9310622754039154,-0.06640278899360229,-1.177851894974348,2.4413740852880284,-0.3041918912684436,-1.1804179269059165,0.4617277333253637,0.03455021005991044,-1.2814498885745558,0.9841231756854657,0
0.21232733076517762,0.9009088760241706,-0.502969299721533,0.9286302493703776,0.4405419421828948,-1.177851894974348,1.9662985980852963,0.2744324511807092,1.417782086362966,0.23238544103697253,0.29255569570563505,0.10749237562073138,0.9841231756854657,0
0.21232733076517762,-1.1099901739376037,-0.502969299721533,0.9322151189133197,0.2715603651240624,-1.177851894974348,-0.23488449262069472,-0.8828162337175963,1.8407448792206904,-0.9143260204049839,1.066572152642809,1.1392780575943733,0.9841231756854657,0
-0.12657084635623306,-1.1099901739376037,-0.502969299721533,0.9296725462418939,-0.23538436605243465,-1.177851894974348,-0.7257958293968509,1.4316811360790147,0.001192415045823164,-1.143668312693375,-0.22345527558581418,1.1194360252487263,0.9841231756854657,0
0.21232733076517762,-1.1099901739376037,-1.179024470547907,0.9310780677807565,-0.06640278899360229,0.21058638994196582,4.024959042630468,-0.8828162337175963,1.4345663241747801,1.2644257563347332,-0.22345527558581418,-0.6266628211682062,-1.0161329645585022,0
0.21232733076517762,0.9009088760241706,0.8491410419312149,0.9297830928797819,0.6095235192417271,-1.177851894974348,-0.6307807319563046,1.4316811360790147,0.8135495251376443,-1.143668312693375,0.5505611813513597,1.1789621222856672,-1.0161329645585022,0
0.0428782422044723,-1.1099901739376037,-0.502969299721533,0.9309359363891861,-0.06640278899360229,-1.177851894974348,-0.804975077263973,0.853056793629862,0.561785957960427,-1.2583394588375707,0.29255569570563505,0.782121475372728,0.9841231756854657,0
-0.12657084635623306,-1.1099901739376037,-0.502969299721533,0.9379951288371821,-0.06640278899360229,-1.177851894974348,0.38271364074285674,-0.8828162337175963,-1.2475548781531747,-0.570312581972397,0.03455021005991044,0.5241750548793175,0.9841231756854657,0
0.0428782422044723,0.9009088760241706,1.5251962127575889,0.6988195815779035,0.10257878806523006,-1.177851894974348,1.6495816066168083,-0.3041918912684436,1.0619562447524988,0.23238544103697253,0.8085666669970842,0.286070666731554,-1.0161329645585022,1
0.0428782422044723,-1.1099901739376037,-0.502969299721533,0.9325467588269839,-0.23538436605243465,-1.177851894974348,1.3328646151483206,-1.461440576166749,-0.21364582894540246,-0.11162799739561437,0.29255569570563505,1.9924854484571926,0.9841231756854657,0
-0.12657084635623306,0.9009088760241706,-0.502969299721533,0.93071484311341,-0.404365943111267,-1.177851894974348,2.2830155895537843,-0.3041918912684436,0.001192415045823164,0.3470565871811683,0.29255569570563505,-1.5790803737592602,0.9841231756854657,0
1.2290218621294098,0.9009088760241706,0.8491410419312149,-0.39552896400671006,1.2854498274770565,0.9048055324001227,0.8577891279455886,-1.461440576166749,0.001192415045823164,1.4937680486231246,0.5505611813513597,0.12733440796637835,-1.0161329645585022,1
0.890123685007999,0.9009088760241706,0.8491410419312149,-0.5055544534590305,1.1164682504182242,0.9048055324001227,0.8577891279455886,-1.461440576166749,2.1999275683935204,1.952452633199907,-0.22345527558581418,-1.9759210206721993,-1.0161329645585022,1
1.0595727735687044,0.9009088760241706,1.5251962127575889,0.9292145673135004,0.7785050963005594,-1.177851894974348,-0.5674373336626071,0.2744324511807092,-1.7510820125076092,-1.143668312693375,0.8085666669970842,1.2186461869769611,0.9841231756854657,0
0.5512255078865883,-1.1099901739376037,0.8491410419312149,0.9302884489386989,-0.06640278899360229,-1.177851894974348,-0.4882580857954851,1.4316811360790147,0.9981761410676039,-1.0289971665491795,0.8085666669970842,0.20670253734896618,0.9841231756854657,0
-0.12657084635623306,0.9009088760241706,-0.502969299721533,0.9337627718437528,-0.5733475201700994,-1.177851894974348,-0.2507203421941191,0.2744324511807092,-1.173704231781191,-0.9143260204049839,0.29255569570563505,1.0599099282117854,0.9841231756854657,0
0.890123685007999,0.9009088760241706,-1.179024470547907,0.9344576364247635,1.1164682504182242,-1.177851894974348,2.4413740852880284,0.2744324511807092,0.2865244578466693,0.4617277333253637,0.5505611813513597,0.0479662785837905,0.9841231756854657,0
1.2290218621294098,-1.1099901739376037,-0.502969299721533,0.9327362673490778,1.4544314045358888,-1.177851894974348,-0.3774071387815143,-0.3041918912684436,0.954537122756886,-1.0289971665491795,1.066572152642809,1.0599099282117854,0.9841231756854657,0
0.21232733076517762,0.9009088760241706,-0.502969299721533,0.9398902140581206,0.2715603651240624,-1.177851894974348,-0.8841543251310949,-1.461440576166749,0.830333762949459,-1.2583394588375707,1.066572152642809,-0.17029607721832604,0.9841231756854657,0
0.0428782422044723,0.9009088760241706,0.8491410419312149,0.9316781781007204,0.10257878806523006,-1.177851894974348,1.0161476236798326,1.4316811360790147,0.954537122756886,-0.2262991435398101,0.5505611813513597,-1.0433455004267922,0.9841231756854657,0
-0.12657084635623306,0.9009088760241706,-0.502969299721533,0.9344418440479224,-0.06640278899360229,-1.177851894974348,-0.5199297849423339,-0.8828162337175963,-1.4254677989584081,-1.0289971665491795,1.066572152642809,0.5241750548793175,-1.0161329645585022,0
-0.12657084635623306,-1.1099901739376037,-0.502969299721533,-0.7350334813378405,-0.06640278899360229,0.21058638994196582,-0.5674373336626071,1.4316811360790147,-1.0092187012254088,0.4617277333253637,0.03455021005991044,-0.03140185079879733,0.9841231756854657,0
0.890123685007999,0.9009088760241706,-1.179024470547907,0.926308769974728,0.7785050963005594,0.21058638994196582,0.7627740305050422,1.4316811360790147,0.04483143335654109,-0.45564143582820127,-0.22345527558581418,1.0202258635204915,-1.0161329645585022,0
-0.12657084635623306,-1.1099901739376037,-0.502969299721533,0.9338101489742762,-0.06640278899360229,-1.177851894974348,0.0026532509806712224,0.2744324511807092,0.6255660616453219,-0.7996548742607882,0.8085666669970842,-0.190138109563973,0.9841231756854657,0
0.21232733076517762,-1.1099901739376037,-0.502969299721533,0.9293724910819119,0.2715603651240624,-1.177851894974348,1.6495816066168083,-0.8828162337175963,0.9343960373827085,0.003043148748581378,0.03455021005991044,0.4249648931510827,0.9841231756854657,0
0.7206745964472937,0.9009088760241706,-0.502969299721533,0.9279985542967315,1.4544314045358888,-1.177851894974348,1.6495816066168083,-0.8828162337175963,1.995159867089384,0.003043148748581378,0.29255569570563505,-0.17029607721832604,0.9841231756854657,0
0.0428782422044723,0.9009088760241706,-1.179024470547907,0.9301936946776519,-0.23538436605243465,-1.177851894974348,0.06599664927436881,-0.3041918912684436,-1.0092187012254088,-0.7996548742607882,0.5505611813513597,1.1988041546313142,-1.0161329645585022,0
0.7206745964472937,0.9009088760241706,-1.179024470547907,-0.3908544204617284,0.4405419421828948,0.9048055324001227,0.8577891279455886,0.853056793629862,0.3939435798422821,1.4937680486231246,0.03455021005991044,0.286070666731554,-1.0161329645585022,1
0.7206745964472937,-1.1099901739376037,-0.502969299721533,0.935847365586785,1.1164682504182242,-1.177851894974348,0.0976683484212176,0.2744324511807092,0.001192415045823164,-0.7996548742607882,0.8085666669970842,1.3773824457421369,0.9841231756854657,0
1.0595727735687044,0.9009088760241706,-1.179024470547907,-0.38437954595685525,1.6234129815947211,0.9048055324001227,0.8577891279455886,-1.461440576166749,0.15896425047687956,1.4937680486231246,0.8085666669970842,1.1392780575943733,-1.0161329645585022,1
0.21232733076517762,0.9009088760241706,-0.502969299721533,0.9468704446219106,0.10257878806523006,-1.177851894974348,-0.4090788379283631,0.853056793629862,-1.4724636648314886,-1.0289971665491795,0.5505611813513597,0.305912699077201,0.9841231756854657,0
-0.12657084635623306,0.9009088760241706,-0.502969299721533,0.9481970042765676,0.10257878806523006,-1.177851894974348,0.06599664927436881,-1.461440576166749,0.11868207972852446,-0.7996548742607882,0.29255569570563505,0.4249648931510827,0.9841231756854657,0
-0.12657084635623306,0.9009088760241706,-0.502969299721533,0.9501236742511884,-0.5733475201700994,-1.177851894974348,1.3328646151483206,-1.461440576166749,-1.1804179269059165,-0.11162799739561437,1.066572152642809,-1.102871597463733,0.9841231756854657,0
0.0428782422044723,0.9009088760241706,-1.179024470547907,0.9553983281161338,0.10257878806523006,0.21058638994196582,0.38271364074285674,1.4316811360790147,0.8336906105118219,-0.570312581972397,0.03455021005991044,1.258330251668255,0.9841231756854657,0
-0.12657084635623306,-1.1099901739376037,0.8491410419312149,0.9532821496194192,0.10257878806523006,0.21058638994196582,-0.5674373336626071,0.2744324511807092,-1.2475548781531747,-1.143668312693375,0.29255569570563505,-1.6981325678331418,0.9841231756854657,0
0.0428782422044723,0.9009088760241706,1.5251962127575889,0.9508501235858815,0.4405419421828948,-1.177851894974348,0.6994306322113446,1.4316811360790147,-1.173704231781191,-0.45564143582820127,0.03455021005991044,1.0995939929030794,0.9841231756854657,0
-0.12657084635623306,-1.1099901739376037,-1.179024470547907,-0.3534580721018756,-0.404365943111267,0.9048055324001227,0.8577891279455886,-1.461440576166749,-0.8447331706696268,1.379096902478929,1.066572152642809,-2.3727616675851384,-1.0161329645585022,1
0.7206745964472937,0.9009088760241706,1.5251962127575889,0.9535979971562423,0.9474866733593919,-1.177851894974348,1.9029551997915988,-0.8828162337175963,-0.12972463988633004,0.1177142948927768,0.8085666669970842,0.7424374106814341,-1.0161329645585022,0
0.0428782422044723,0.9009088760241706,1.5251962127575889,0.9485918136975964,-0.5733475201700994,-1.177851894974348,2.4413740852880284,0.2744324511807092,0.3939435798422821,0.4617277333253637,1.066572152642809,-0.011559818453150373,0.9841231756854657,0
-0.12657084635623306,0.9009088760241706,0.8491410419312149,-0.6978266415000816,-0.23538436605243465,0.9048055324001227,-1.2325430157464317,-1.461440576166749,0.7464125738903866,-1.0289971665491795,-0.22345527558581418,-1.4798702120310254,-1.0161329645585022,1
0.890123685007999,0.9009088760241706,-1.179024470547907,0.9524135688931558,1.1164682504182242,-1.177851894974348,0.8577891279455886,-0.8828162337175963,0.6154955189582334,-0.34097028968400567,0.29255569570563505,1.0400678958661385,0.9841231756854657,0
0.890123685007999,0.9009088760241706,1.5251962127575889,0.9547824254193288,0.7785050963005594,-1.177851894974348,-0.2190486430472703,0.2744324511807092,0.954537122756886,-0.9143260204049839,0.8085666669970842,0.18686050500331922,-1.0161329645585022,0
0.5512255078865883,0.9009088760241706,-0.502969299721533,0.9502815980195999,0.10257878806523006,-1.177851894974348,-0.44470949946856797,0.2744324511807092,-0.811164695045998,-1.0289971665491795,1.066572152642809,-0.7258729828964409,-1.0161329645585022,0
0.21232733076517762,0.9009088760241706,-0.502969299721533,-0.6189121344248346,-0.06640278899360229,0.9048055324001227,-1.2325430157464317,0.2744324511807092,0.5114332445249834,-1.143668312693375,0.5505611813513597,-1.5195542767223194,0.9841231756854657,0
0.7206745964472937,0.9009088760241706,-0.502969299721533,0.7322046662201032,0.4405419421828948,-1.177851894974348,2.2830155895537843,-1.461440576166749,-0.707102420612748,0.5763988794695595,-0.22345527558581418,0.22654456969461315,-1.0161329645585022,1
1.2290218621294098,-1.1099901739376037,0.8491410419312149,-0.7428191231205296,0.9474866733593919,0.21058638994196582,-0.47242223622206064,1.4316811360790147,-1.6839450612603513,0.6910700256137552,0.5505611813513597,-0.20998014190961997,0.9841231756854657,0
0.38177641932588297,-1.1099901739376037,0.8491410419312149,0.9632787241598697,0.2715603651240624,-1.177851894974348,0.8577891279455886,-1.461440576166749,1.2700807936189982,-0.34097028968400567,0.29255569570563505,-0.5274526594399713,-1.0161329645585022,0
0.21232733076517762,-1.1099901739376037,0.8491410419312149,-0.5827633838354329,-0.06640278899360229,0.9048055324001227,-1.2325430157464317,-1.461440576166749,-1.8752853723150364,-1.143668312693375,0.29255569570563505,-1.4401861473397315,0.9841231756854657,0
0.21232733076517762,-1.1099901739376037,-0.502969299721533,0.968742886546909,0.2715603651240624,-1.177851894974348,-0.2823920413409679,1.4316811360790147,-0.707102420612748,-0.9143260204049839,0.5505611813513597,1.4964346398160184,0.9841231756854657,0
0.890123685007999,-1.1099901739376037,-0.502969299721533,0.9686955094163856,0.4405419421828948,-1.177851894974348,1.6495816066168083,-0.3041918912684436,-1.623521805137819,0.003043148748581378,0.03455021005991044,1.2186461869769611,-1.0161329645585022,0
0.5512255078865883,0.9009088760241706,-0.502969299721533,0.9718224000309341,0.6095235192417271,-1.177851894974348,-0.9474977234247925,-0.3041918912684436,-1.3751150855229646,-1.2583394588375707,-0.22345527558581418,-0.9441353386985575,0.9841231756854657,0
0.890123685007999,0.9009088760241706,0.8491410419312149,0.9697220139110606,0.6095235192417271,-1.177851894974348,1.3328646151483206,-0.3041918912684436,0.001192415045823164,-0.11162799739561437,0.5505611813513597,0.22654456969461315,0.9841231756854657,0
1.0595727735687044,0.9009088760241706,-1.179024470547907,-0.5621543320577268,1.6234129815947211,0.9048055324001227,-1.2325430157464317,-1.461440576166749,1.0787404825643134,-1.143668312693375,0.8085666669970842,-0.20998014190961997,0.9841231756854657,0
0.38177641932588297,0.9009088760241706,1.5251962127575889,0.9791500628852295,0.7785050963005594,-1.177851894974348,0.6202513843442227,-0.8828162337175963,-0.8447331706696268,-0.45564143582820127,0.29255569570563505,0.18686050500331922,0.9841231756854657,0
0.21232733076517762,-1.1099901739376037,-0.502969299721533,0.9803660759019984,-0.06640278899360229,0.21058638994196582,1.6495816066168083,1.4316811360790147,-1.623521805137819,0.003043148748581378,0.8085666669970842,-0.5274526594399713,-1.0161329645585022,0
0.38177641932588297,0.9009088760241706,0.8491410419312149,0.9749492906454826,0.10257878806523006,-1.177851894974348,1.2536853672811985,0.853056793629862,-1.2207000976542715,-0.2262991435398101,0.03455021005991044,0.40512286080543575,0.9841231756854657,0
0.5512255078865883,0.9009088760241706,0.8491410419312149,0.9778550879842549,0.6095235192417271,-1.177851894974348,1.8079401023510524,0.2744324511807092,0.8336906105118219,0.1177142948927768,-0.22345527558581418,-0.15045404487267908,0.9841231756854657,0
0.21232733076517762,0.9009088760241706,-0.502969299721533,0.9779972193758253,0.6095235192417271,-1.177851894974348,0.7627740305050422,-1.461440576166749,0.665848232393677,-0.45564143582820127,0.03455021005991044,0.4249648931510827,0.9841231756854657,0
0.890123685007999,-1.1099901739376037,-1.179024470547907,-0.7401817961880568,0.7785050963005594,0.21058638994196582,-0.4090788379283631,1.4316811360790147,0.11868207972852446,0.8057411717579506,0.8085666669970842,-1.7179746001787888,0.9841231756854657,0
-0.12657084635623306,0.9009088760241706,-0.502969299721533,0.9892887688172505,-0.23538436605243465,-1.177851894974348,0.4618928886099787,-0.3041918912684436,-1.623521805137819,-0.570312581972397,0.29255569570563505,-0.30919030363785477,0.9841231756854657,0
-0.12657084635623306,-1.1099901739376037,1.5251962127575889,0.9876147768720882,-0.23538436605243465,-1.177851894974348,1.0161476236798326,-1.461440576166749,-1.0427871768490378,-0.34097028968400567,1.066572152642809,0.46464895784237664,0.9841231756854657,0
0.5512255078865883,0.9009088760241706,0.8491410419312149,0.9856249373901027,0.7785050963005594,-1.177851894974348,-0.5674373336626071,0.2744324511807092,0.5651428055227898,-1.143668312693375,0.8085666669970842,-0.011559818453150373,0.9841231756854657,0
-0.12657084635623306,0.9009088760241706,-0.502969299721533,0.9908206293708425,-0.7423290972289317,-1.177851894974348,0.06599664927436881,0.853056793629862,-1.623521805137819,-0.7996548742607882,0.03455021005991044,0.008282213892496587,0.9841231756854657,0
0.38177641932588297,0.9009088760241706,1.5251962127575889,0.9893993154551386,0.2715603651240624,-1.177851894974348,-0.7257958293968509,0.853056793629862,0.9780350556934264,-1.143668312693375,0.8085666669970842,0.26622863438590705,-1.0161329645585022,0
0.0428782422044723,0.9009088760241706,0.8491410419312149,-0.3350283683282487,-0.23538436605243465,0.9048055324001227,0.8577891279455886,-1.461440576166749,0.001192415045823164,1.379096902478929,0.29255569570563505,-0.8449251769703227,-1.0161329645585022,1
0.21232733076517762,-1.1099901739376037,0.8491410419312149,0.9936790495790914,0.10257878806523006,-1.177851894974348,-0.963333572998217,1.4316811360790147,0.8336906105118219,-1.3730106049817663,0.03455021005991044,-1.5989224061049072,-1.0161329645585022,0
0.21232733076517762,0.9009088760241706,1.5251962127575889,1.0033281918290364,-0.06640278899360229,-1.177851894974348,4.024959042630468,-0.8828162337175963,-1.0427871768490378,1.1497546101905376,0.5505611813513597,0.801963507718375,-1.0161329645585022,0
-0.12657084635623306,0.9009088760241706,-1.179024470547907,1.0012435980860042,-0.7423290972289317,-1.177851894974348,0.8577891279455886,-1.461440576166749,-1.3751150855229646,-0.45564143582820127,0.8085666669970842,0.38528082845978884,0.9841231756854657,0
0.0428782422044723,0.9009088760241706,0.8491410419312149,-0.3343966732546026,0.10257878806523006,0.9048055324001227,0.8577891279455886,0.853056793629862,0.3301634761573873,1.379096902478929,0.29255569570563505,0.06780831092943747,-1.0161329645585022,1
-0.12657084635623306,-1.1099901739376037,-1.179024470547907,1.0149040040536024,-0.06640278899360229,-1.177851894974348,-0.12403354560672394,0.2744324511807092,0.001192415045823164,-0.9143260204049839,0.29255569570563505,0.6035431842619053,-1.0161329645585022,0
1.0595727735687044,0.9009088760241706,-1.179024470547907,-0.7506047649032185,0.6095235192417271,0.21058638994196582,-0.5674373336626071,-0.3041918912684436,0.4745079213389917,0.5763988794695595,0.5505611813513597,-0.6068207888225592,0.9841231756854657,0
0.0428782422044723,0.9009088760241706,-1.179024470547907,1.007386832677213,0.6095235192417271,-1.177851894974348,-0.6743293182832217,0.2744324511807092,-0.21028898138303903,-1.143668312693375,0.29255569570563505,-1.9957630530178463,-1.0161329645585022,0
0.38177641932588297,0.9009088760241706,-0.502969299721533,1.011161210742249,0.4405419421828948,-1.177851894974348,2.4413740852880284,0.853056793629862,0.5785701957722418,0.3470565871811683,0.5505611813513597,1.258330251668255,0.9841231756854657,0
0.21232733076517762,-1.1099901739376037,0.8491410419312149,-0.75240509586311,0.4405419421828948,0.21058638994196582,-0.804975077263973,1.4316811360790147,0.23617174441122635,0.003043148748581378,-0.22345527558581418,0.4844909901880236,0.9841231756854657,0
0.7206745964472937,0.9009088760241706,-0.502969299721533,1.0089660703613286,1.1164682504182242,-1.177851894974348,1.3328646151483206,0.853056793629862,-0.005521280078902488,-0.11162799739561437,0.29255569570563505,-0.8449251769703227,0.9841231756854657,0
-0.12657084635623306,0.9009088760241706,-0.502969299721533,1.0038809250184768,-0.23538436605243465,0.21058638994196582,-0.7257958293968509,-0.8828162337175963,-1.173704231781191,-1.2583394588375707,-0.22345527558581418,-2.114815247091728,0.9841231756854657,0
1.0595727735687044,0.9009088760241706,-0.502969299721533,1.0134511053842163,1.1164682504182242,-1.177851894974348,-0.5674373336626071,-0.3041918912684436,0.001192415045823164,-1.143668312693375,1.066572152642809,1.6353288662355472,-1.0161329645585022,0
0.7206745964472937,0.9009088760241706,-0.502969299721533,1.0118086981927363,0.6095235192417271,-1.177851894974348,-0.09236184645987515,0.2744324511807092,0.8269769153870962,-0.9143260204049839,0.29255569570563505,0.8614896047553159,0.9841231756854657,0
-0.12657084635623306,-1.1099901739376037,0.8491410419312149,0.7874464004104601,-0.23538436605243465,-1.177851894974348,2.2830155895537843,0.853056793629862,3.018998373610068,0.4617277333253637,1.066572152642809,1.1392780575943733,-1.0161329645585022,1
0.21232733076517762,0.9009088760241706,1.5251962127575889,1.018441496466021,0.7785050963005594,-1.177851894974348,-0.4407505370752119,-0.3041918912684436,0.7229146409538463,-1.0289971665491795,1.066572152642809,2.171063739568015,-1.0161329645585022,0
0.21232733076517762,0.9009088760241706,-0.502969299721533,1.032370372839919,-0.23538436605243465,-1.177851894974348,-0.7257958293968509,-1.461440576166749,-0.5661148229935064,-1.2583394588375707,-0.22345527558581418,0.3654387961141419,0.9841231756854657,0
0.38177641932588297,-1.1099901739376037,0.8491410419312149,1.0215683870805694,0.6095235192417271,-1.177851894974348,-0.013182598592753173,-0.3041918912684436,-0.6936750303632967,-0.7996548742607882,1.066572152642809,-0.44808453005738347,0.9841231756854657,0
0.890123685007999,0.9009088760241706,0.8491410419312149,1.0285644100212008,0.6095235192417271,-1.177851894974348,0.7073485569980569,-0.8828162337175963,-0.707102420612748,-0.45564143582820127,0.29255569570563505,0.6233852166075523,-1.0161329645585022,0
0.7206745964472937,-1.1099901739376037,0.8491410419312149,1.0306805885179153,1.1164682504182242,-1.177851894974348,-0.2507203421941191,-1.461440576166749,-0.707102420612748,-0.9143260204049839,0.03455021005991044,-0.20998014190961997,-1.0161329645585022,0
-0.12657084635623306,0.9009088760241706,0.8491410419312149,1.0317544701431138,-0.404365943111267,-1.177851894974348,1.1745061194140765,-0.8828162337175963,-1.6705176710108995,-0.2262991435398101,-0.22345527558581418,-1.4401861473397315,0.9841231756854657,0
1.0595727735687044,-1.1099901739376037,0.17308587110484092,-0.7539211640398609,1.7923945586535535,0.21058638994196582,-1.042512820865339,0.2744324511807092,-0.8447331706696268,-0.570312581972397,0.8085666669970842,1.1194360252487263,0.9841231756854657,0
0.0428782422044723,0.9009088760241706,1.5251962127575889,-0.7481569464928396,0.10257878806523006,0.21058638994196582,-1.121692068732461,-0.3041918912684436,-1.1804179269059165,-0.6849837281165926,0.5505611813513597,1.5361187045073124,-1.0161329645585022,0
0.21232733076517762,0.9009088760241706,-0.502969299721533,-0.34210335315308577,-0.23538436605243465,0.9048055324001227,0.8577891279455886,0.853056793629862,0.11868207972852446,1.379096902478929,0.5505611813513597,0.26622863438590705,-1.0161329645585022,1
0.21232733076517762,-1.1099901739376037,-1.179024470547907,1.0228159848510205,0.6095235192417271,-1.177851894974348,1.0161476236798326,1.4316811360790147,0.4745079213389917,-0.34097028968400567,0.8085666669970842,0.18686050500331922,0.9841231756854657,0
0.21232733076517762,0.9009088760241706,1.5251962127575889,1.0306805885179153,0.2715603651240624,-1.177851894974348,4.024959042630468,-0.8828162337175963,-0.707102420612748,1.1497546101905376,0.29255569570563505,-0.17029607721832604,-1.0161329645585022,0
0.21232733076517762,0.9009088760241706,-1.179024470547907,1.0288486728043416,0.2715603651240624,-1.177851894974348,2.91644957249076,0.2744324511807092,-1.0427871768490378,0.5763988794695595,0.5505611813513597,0.7027533459901402,-1.0161329645585022,0
0.21232733076517762,-1.1099901739376037,-0.502969299721533,1.033317915450388,0.10257878806523006,-1.177851894974348,1.6495816066168083,-0.8828162337175963,0.23617174441122635,0.003043148748581378,-0.22345527558581418,-0.11076998018138517,0.9841231756854657,0
0.21232733076517762,-1.1099901739376037,-1.179024470547907,-0.44639620981206735,0.4405419421828948,0.9048055324001227,0.8577891279455886,0.853056793629862,1.088811025251402,1.7231103409115156,0.8085666669970842,-2.4124457322764323,-1.0161329645585022,1
0.0428782422044723,-1.1099901739376037,1.5251962127575889,-0.32877458709915175,0.2715603651240624,0.9048055324001227,0.8577891279455886,0.2744324511807092,0.665848232393677,1.2644257563347332,0.29255569570563505,-0.7853990799333818,-1.0161329645585022,1
0.0428782422044723,0.9009088760241706,-0.502969299721533,-0.32580562025301474,-0.06640278899360229,0.9048055324001227,0.8577891279455886,0.853056793629862,0.6255660616453219,1.2644257563347332,0.5505611813513597,-0.11076998018138517,-1.0161329645585022,1
-0.12657084635623306,-1.1099901739376037,0.8491410419312149,1.025532273667699,0.2715603651240624,-1.177851894974348,1.6495816066168083,-0.8828162337175963,-0.11965409719924096,0.003043148748581378,0.5505611813513597,-0.5671367241312653,0.9841231756854657,0
0.21232733076517762,-1.1099901739376037,0.8491410419312149,1.031675508258908,0.10257878806523006,-1.177851894974348,0.38271364074285674,1.4316811360790147,-0.11965409719924096,-0.6849837281165926,0.8085666669970842,0.0479662785837905,0.9841231756854657,0
0.38177641932588297,0.9009088760241706,-1.179024470547907,-0.3267847476171663,0.9474866733593919,0.9048055324001227,0.8577891279455886,1.4316811360790147,-0.0860856215756121,1.2644257563347332,0.8085666669970842,0.7225953783357871,-1.0161329645585022,1
0.21232733076517762,0.9009088760241706,-1.179024470547907,1.025532273667699,0.10257878806523006,-1.177851894974348,-0.4090788379283631,0.853056793629862,0.001192415045823164,-1.0289971665491795,0.5505611813513597,0.3455967637684949,0.9841231756854657,0
-0.12657084635623306,0.9009088760241706,-0.502969299721533,1.0205576749627356,0.2715603651240624,-1.177851894974348,0.8577891279455886,-1.461440576166749,0.8336906105118219,-0.45564143582820127,0.03455021005991044,-1.9759210206721993,0.9841231756854657,0
0.38177641932588297,-1.1099901739376037,-0.502969299721533,-0.4094736327574491,0.4405419421828948,0.9048055324001227,0.8577891279455886,0.853056793629862,0.7497694214527494,1.6084391947673204,0.29255569570563505,0.6432272489531993,-1.0161329645585022,1
0.890123685007999,-1.1099901739376037,-1.179024470547907,1.0242057140130423,0.9474866733593919,-1.177851894974348,-1.2008713165995828,1.4316811360790147,0.5651428055227898,-1.487681751125962,0.8085666669970842,-1.8767108589439645,0.9841231756854657,0
-0.12657084635623306,-1.1099901739376037,1.5251962127575889,-0.3023697330207421,-0.23538436605243465,0.9048055324001227,0.8577891279455886,1.4316811360790147,1.934736610966852,1.2644257563347332,-0.22345527558581418,-1.0830295651180861,0.9841231756854657,0
0.21232733076517762,0.9009088760241706,-0.502969299721533,1.0340601571619223,-0.06640278899360229,-1.177851894974348,-0.7257958293968509,1.4316811360790147,-0.3680608168140954,-1.2583394588375707,0.29255569570563505,0.801963507718375,-1.0161329645585022,0
0.21232733076517762,-1.1099901739376037,-0.502969299721533,1.029638291646399,0.10257878806523006,-1.177851894974348,-0.42491468750178746,-0.3041918912684436,-0.11965409719924096,-1.0289971665491795,0.03455021005991044,-0.38855843302044263,0.9841231756854657,0
-0.12657084635623306,0.9009088760241706,1.5251962127575889,1.0317544701431138,0.10257878806523006,-1.177851894974348,0.06599664927436881,-0.3041918912684436,-1.4724636648314886,-0.7996548742607882,1.066572152642809,-0.5472946917856183,0.9841231756854657,0
0.5512255078865883,0.9009088760241706,1.5251962127575889,1.0309332665473738,1.1164682504182242,-1.177851894974348,0.38271364074285674,1.4316811360790147,-1.6705176710108995,-0.6849837281165926,0.03455021005991044,1.8734332543833108,-1.0161329645585022,0
0.38177641932588297,-1.1099901739376037,0.8491410419312149,1.0301120629516338,0.10257878806523006,-1.177851894974348,0.22435514500861276,-0.8828162337175963,-1.6705176710108995,-0.6849837281165926,-0.22345527558581418,0.3654387961141419,0.9841231756854657,0
1.0595727735687044,0.9009088760241706,1.5251962127575889,1.0303173638505687,0.2715603651240624,-1.177851894974348,-0.3932429883549387,0.2744324511807092,-0.707102420612748,-1.0289971665491795,0.5505611813513597,1.317856348705196,0.9841231756854657,0
0.5512255078865883,0.9009088760241706,-0.502969299721533,1.0323072033325542,0.7785050963005594,-1.177851894974348,2.91644957249076,0.2744324511807092,-0.707102420612748,0.5763988794695595,0.8085666669970842,1.0202258635204915,0.9841231756854657,0
-0.12657084635623306,0.9009088760241706,-0.502969299721533,1.031549169244179,-0.23538436605243465,-1.177851894974348,-0.4090788379283631,0.853056793629862,-1.1804179269059165,-1.0289971665491795,0.8085666669970842,-0.24966420660091387,0.9841231756854657,0
1.2290218621294098,-1.1099901739376037,0.8491410419312149,1.0270325494676087,0.9474866733593919,-1.177851894974348,-0.2507203421941191,0.853056793629862,0.001192415045823164,-0.9143260204049839,1.066572152642809,-0.8250831446246757,0.9841231756854657,0
0.0428782422044723,-1.1099901739376037,1.5251962127575889,1.027569490280208,-0.06640278899360229,0.21058638994196582,-0.7257958293968509,1.4316811360790147,-0.11965409719924096,-1.2583394588375707,0.03455021005991044,-1.3409759856114967,-1.0161329645585022,0
0.7206745964472937,0.9009088760241706,-0.502969299721533,1.0251374642466702,1.1164682504182242,-1.177851894974348,2.9560391964243213,0.853056793629862,1.934736610966852,0.6910700256137552,0.8085666669970842,0.305912699077201,0.9841231756854657,0
1.0595727735687044,0.9009088760241706,1.5251962127575889,1.030127855328475,0.4405419421828948,-1.177851894974348,-0.8524826259842462,-0.8828162337175963,0.5651428055227898,-1.2583394588375707,0.03455021005991044,-2.3132355705481977,-1.0161329645585022,0
-0.12657084635623306,0.9009088760241706,-1.179024470547907,1.0293856136169408,-0.404365943111267,-1.177851894974348,1.6495816066168083,-1.461440576166749,-1.173704231781191,0.003043148748581378,0.03455021005991044,-0.011559818453150373,0.9841231756854657,0
0.21232733076517762,0.9009088760241706,-1.179024470547907,1.0274273588886376,0.4405419421828948,-1.177851894974348,1.6495816066168083,-1.461440576166749,0.4745079213389917,0.003043148748581378,0.03455021005991044,1.0599099282117854,0.9841231756854657,0
1.0595727735687044,0.9009088760241706,-1.179024470547907,-0.7570322622775681,0.6095235192417271,0.21058638994196582,0.06599664927436881,-0.8828162337175963,-0.6936750303632967,1.952452633199907,0.8085666669970842,1.0003838311748445,0.9841231756854657,0
0.0428782422044723,0.9009088760241706,-1.179024470547907,-0.2922941965960858,-0.06640278899360229,0.9048055324001227,0.8577891279455886,0.853056793629862,-1.1804179269059165,1.1497546101905376,0.03455021005991044,0.8614896047553159,0.9841231756854657,0
-0.12657084635623306,0.9009088760241706,-1.179024470547907,1.0304279104884568,-0.7423290972289317,0.21058638994196582,-0.7574675285436998,0.2744324511807092,-0.005521280078902488,-1.2583394588375707,1.066572152642809,-1.8965528912896115,0.9841231756854657,0
1.0595727735687044,0.9009088760241706,-0.502969299721533,1.0274115665117964,1.1164682504182242,0.21058638994196582,-0.2823920413409679,1.4316811360790147,-0.005521280078902488,-1.0289971665491795,0.8085666669970842,1.8535912220376638,0.9841231756854657,0
0.38177641932588297,0.9009088760241706,-1.179024470547907,1.0337601020019405,0.4405419421828948,-1.177851894974348,-0.5674373336626071,0.853056793629862,-0.005521280078902488,-1.143668312693375,0.29255569570563505,0.5837011519162584,0.9841231756854657,0
0.38177641932588297,0.9009088760241706,-1.179024470547907,1.0330810297977708,-0.23538436605243465,-1.177851894974348,-0.3774071387815143,-1.461440576166749,-0.34120603631519225,-1.0289971665491795,0.8085666669970842,0.16701847265767225,-1.0161329645585022,0
0.0428782422044723,-1.1099901739376037,0.17308587110484092,1.0322124490715072,-0.404365943111267,-1.177851894974348,0.7786098800784667,0.2744324511807092,-1.8752853723150364,-0.45564143582820127,0.5505611813513597,0.9408577341379036,-1.0161329645585022,0
-0.12657084635623306,0.9009088760241706,-0.502969299721533,1.0279642997012368,-0.06640278899360229,-1.177851894974348,0.6994306322113446,0.853056793629862,0.3301634761573873,-0.45564143582820127,1.066572152642809,0.6829113136444932,-1.0161329645585022,0
0.7206745964472937,-1.1099901739376037,-0.502969299721533,0.796969203645676,1.2854498274770565,-1.177851894974348,-0.18737694390042153,-1.461440576166749,1.6729025011025462,-0.9143260204049839,0.29255569570563505,1.1988041546313142,-1.0161329645585022,1
0.38177641932588297,0.9009088760241706,-0.502969299721533,-0.41135292560154646,0.2715603651240624,0.9048055324001227,0.8577891279455886,-1.461440576166749,-1.4993184453303918,1.6084391947673204,-0.22345527558581418,-0.24966420660091387,-1.0161329645585022,1
0.21232733076517762,0.9009088760241706,-0.502969299721533,1.0295751221390346,0.2715603651240624,0.21058638994196582,1.3328646151483206,0.853056793629862,0.16232109803924238,-0.2262991435398101,1.066572152642809,-0.5076106270943244,-1.0161329645585022,0
0.38177641932588297,0.9009088760241706,0.8491410419312149,1.0324177499704423,0.2715603651240624,-1.177851894974348,0.8577891279455886,-0.8828162337175963,0.001192415045823164,-0.45564143582820127,0.5505611813513597,0.10749237562073138,0.9841231756854657,0
0.0428782422044723,0.9009088760241706,-0.502969299721533,0.5009568921350839,0.6095235192417271,-1.177851894974348,0.06599664927436881,0.2744324511807092,1.9750187817152072,-0.570312581972397,0.5505611813513597,-0.20998014190961997,-1.0161329645585022,1
0.5512255078865883,-1.1099901739376037,-0.502969299721533,1.021726310848981,0.9474866733593919,-1.177851894974348,-0.3298995900612411,0.853056793629862,-0.005521280078902488,-1.0289971665491795,0.8085666669970842,-0.11076998018138517,0.9841231756854657,0
-0.12657084635623306,-1.1099901739376037,1.5251962127575889,1.0258323288276812,0.10257878806523006,-1.177851894974348,-0.2507203421941191,0.853056793629862,-1.6839450612603513,-0.9143260204049839,0.03455021005991044,0.8614896047553159,0.9841231756854657,0
0.38177641932588297,0.9009088760241706,-0.502969299721533,1.0303015714737276,0.4405419421828948,-1.177851894974348,-1.042512820865339,-0.3041918912684436,0.16232109803924238,-1.3730106049817663,0.5505611813513597,0.7622794430270811,-1.0161329645585022,0
0.38177641932588297,0.9009088760241706,-0.502969299721533,0.8002540180286362,0.7785050963005594,-1.177851894974348,-0.7376727165769192,-1.461440576166749,0.001192415045823164,-1.143668312693375,0.8085666669970842,0.782121475372728,-1.0161329645585022,1
0.5512255078865883,0.9009088760241706,1.5251962127575889,1.026843040945515,0.4405419421828948,-1.177851894974348,1.6495816066168083,-0.8828162337175963,-1.1804179269059165,0.003043148748581378,0.03455021005991044,0.6432272489531993,0.9841231756854657,0
0.0428782422044723,-1.1099901739376037,1.5251962127575889,1.031454414983132,-0.06640278899360229,-1.177851894974348,-0.2507203421941191,0.853056793629862,1.5486991412951188,-0.9143260204049839,0.29255569570563505,1.3773824457421369,-1.0161329645585022,0
0.38177641932588297,-1.1099901739376037,-1.179024470547907,1.032686220376742,0.4405419421828948,-1.177851894974348,0.8577891279455886,-0.3041918912684436,-0.005521280078902488,-0.45564143582820127,0.03455021005991044,1.3773824457421369,-1.0161329645585022,0
0.5512255078865883,-1.1099901739376037,1.5251962127575889,0.8021491032495746,0.7785050963005594,-1.177851894974348,4.024959042630468,-1.461440576166749,0.8336906105118219,1.4937680486231246,1.066572152642809,0.32575473142284794,-1.0161329645585022,1
-0.12657084635623306,0.9009088760241706,-0.502969299721533,-0.3002851392777098,0.10257878806523006,0.9048055324001227,0.8577891279455886,1.4316811360790147,0.7229146409538463,1.2644257563347332,0.8085666669970842,0.7225953783357871,-1.0161329645585022,0
1.0595727735687044,0.9009088760241706,-0.502969299721533,-0.29728458767789046,1.2854498274770565,0.9048055324001227,0.8577891279455886,-0.3041918912684436,0.5752133482098789,1.2644257563347332,0.8085666669970842,0.5638591195706114,0.9841231756854657,0
1.2290218621294098,-1.1099901739376037,1.5251962127575889,1.0344549665829512,1.1164682504182242,-1.177851894974348,-0.11611562082001174,0.2744324511807092,-0.005521280078902488,-0.9143260204049839,0.29255569570563505,0.9805417988291976,0.9841231756854657,0
0.890123685007999,-1.1099901739376037,-1.179024470547907,1.027253642743385,0.9474866733593919,-1.177851894974348,-0.804975077263973,0.2744324511807092,-1.6839450612603513,-1.2583394588375707,-0.22345527558581418,1.4170665104334308,0.9841231756854657,0
0.0428782422044723,0.9009088760241706,0.8491410419312149,-0.2991007110146232,0.10257878806523006,0.9048055324001227,0.8577891279455886,-0.8828162337175963,-0.2438574570066685,1.2644257563347332,-0.22345527558581418,-0.38855843302044263,0.9841231756854657,0
0.7206745964472937,0.9009088760241706,-1.179024470547907,1.034423381829269,0.6095235192417271,-1.177851894974348,-0.47242223622206064,-0.3041918912684436,-1.1804179269059165,-1.0289971665491795,0.29255569570563505,1.1789621222856672,0.9841231756854657,0
-0.12657084635623306,0.9009088760241706,1.5251962127575889,1.0274747360191612,-0.06640278899360229,-1.177851894974348,-0.4090788379283631,-1.461440576166749,-1.6839450612603513,-1.0289971665491795,-0.22345527558581418,0.5043330225336705,-1.0161329645585022,0
0.21232733076517762,-1.1099901739376037,-0.502969299721533,1.0279169225707134,0.7785050963005594,0.21058638994196582,-0.4090788379283631,1.4316811360790147,-0.8447331706696268,-1.0289971665491795,0.29255569570563505,1.298014316359549,-1.0161329645585022,0
0.0428782422044723,0.9009088760241706,0.8491410419312149,1.0310122284315797,0.2715603651240624,-1.177851894974348,0.7627740305050422,-0.8828162337175963,-0.08944246913797492,-0.45564143582820127,1.066572152642809,-1.3608180179571436,0.9841231756854657,0
0.38177641932588297,-1.1099901739376037,-1.179024470547907,1.02951195263167,0.2715603651240624,0.21058638994196582,0.06599664927436881,1.4316811360790147,0.6893461653302174,-0.7996548742607882,0.5505611813513597,-2.650550120424196,0.9841231756854657,0
0.890123685007999,-1.1099901739376037,-0.502969299721533,1.030633211387392,0.6095235192417271,-1.177851894974348,-0.5674373336626071,0.853056793629862,-1.371758237960602,-1.143668312693375,0.5505611813513597,0.7424374106814341,-1.0161329645585022,0
0.21232733076517762,-1.1099901739376037,-0.502969299721533,1.0261797611181864,0.4405419421828948,0.21058638994196582,-0.2507203421941191,0.2744324511807092,0.03476089066945202,-0.9143260204049839,1.066572152642809,-0.11076998018138517,-1.0161329645585022,0
0.890123685007999,0.9009088760241706,1.5251962127575889,1.0288644651811827,0.7785050963005594,-1.177851894974348,0.6994306322113446,0.2744324511807092,-1.2475548781531747,-0.45564143582820127,0.5505611813513597,-0.7655570475877348,0.9841231756854657,0
0.21232733076517762,0.9009088760241706,-0.502969299721533,1.0278695454401898,-0.23538436605243465,-1.177851894974348,-0.7257958293968509,-1.461440576166749,-1.8752853723150364,-1.2583394588375707,0.8085666669970842,0.028124246238143545,0.9841231756854657,0
0.38177641932588297,-1.1099901739376037,-0.502969299721533,1.0316281311283846,0.4405419421828948,-1.177851894974348,0.0026532509806712224,0.2744324511807092,-1.1233515183457474,-0.7996548742607882,0.8085666669970842,-0.20998014190961997,0.9841231756854657,0
0.0428782422044723,0.9009088760241706,-1.179024470547907,1.0218842346173926,0.4405419421828948,-1.177851894974348,-0.7257958293968509,-0.3041918912684436,0.6893461653302174,-1.2583394588375707,-0.22345527558581418,-0.5076106270943244,0.9841231756854657,0
0.0428782422044723,-1.1099901739376037,-1.179024470547907,1.024711070071959,-0.404365943111267,-1.177851894974348,0.06599664927436881,-0.8828162337175963,-1.8752853723150364,-0.7996548742607882,0.03455021005991044,0.6630692812988462,-1.0161329645585022,0
0.7206745964472937,0.9009088760241706,-0.502969299721533,-0.27367498430036513,0.6095235192417271,0.9048055324001227,0.8577891279455886,0.853056793629862,3.018998373610068,1.1497546101905376,-0.22345527558581418,1.8932752867289577,-1.0161329645585022,0
1.0595727735687044,-1.1099901739376037,-1.179024470547907,1.0341391190461282,1.7923945586535535,-1.177851894974348,1.6495816066168083,-0.8828162337175963,-0.21364582894540246,0.003043148748581378,1.066572152642809,1.3773824457421369,0.9841231756854657,0
-0.12657084635623306,0.9009088760241706,-0.502969299721533,1.0288802575580238,-0.23538436605243465,-1.177851894974348,1.3328646151483206,-0.3041918912684436,-0.08944246913797492,-0.2262991435398101,0.03455021005991044,-0.190138109563973,0.9841231756854657,0
0.38177641932588297,0.9009088760241706,0.8491410419312149,1.0291961050948468,0.4405419421828948,-1.177851894974348,1.396208013442018,-1.461440576166749,-0.46205254856025635,-0.11162799739561437,0.8085666669970842,0.5241750548793175,-1.0161329645585022,0
0.21232733076517762,-1.1099901739376037,-1.179024470547907,-0.7741669911502204,-0.23538436605243465,0.21058638994196582,-0.4882580857954851,0.2744324511807092,0.8336906105118219,0.8057411717579506,0.8085666669970842,-1.7973427295613766,0.9841231756854657,0
0.21232733076517762,-1.1099901739376037,0.8491410419312149,-0.7719086812619353,0.10257878806523006,0.21058638994196582,0.06599664927436881,0.2744324511807092,0.8336906105118219,2.0671237793441026,-0.22345527558581418,-2.3529196352394917,0.9841231756854657,0
0.0428782422044723,0.9009088760241706,-1.179024470547907,0.49146567365355026,-0.23538436605243465,-1.177851894974348,1.6495816066168083,0.2744324511807092,1.4345663241747801,0.4617277333253637,0.03455021005991044,-0.38855843302044263,-1.0161329645585022,1
0.38177641932588297,-1.1099901739376037,-1.179024470547907,1.0215999718342517,0.7785050963005594,-1.177851894974348,-0.5674373336626071,-0.8828162337175963,-1.8752853723150364,-1.143668312693375,0.8085666669970842,-1.658448503141848,-1.0161329645585022,0
0.38177641932588297,0.9009088760241706,1.5251962127575889,1.0294803678779876,0.7785050963005594,-1.177851894974348,-0.2507203421941191,-0.8828162337175963,-0.21364582894540246,-0.9143260204049839,0.8085666669970842,-0.09092794783573821,-1.0161329645585022,0
0.890123685007999,0.9009088760241706,-0.502969299721533,1.0275379055265257,0.9474866733593919,-1.177851894974348,0.8577891279455886,0.853056793629862,-1.7510820125076092,-0.45564143582820127,0.8085666669970842,0.9606997664835506,0.9841231756854657,0
-0.12657084635623306,-1.1099901739376037,-1.179024470547907,-0.26941104255325354,-0.404365943111267,0.9048055324001227,0.8577891279455886,1.4316811360790147,-0.005521280078902488,1.1497546101905376,0.03455021005991044,0.305912699077201,0.9841231756854657,0
0.21232733076517762,-1.1099901739376037,-0.502969299721533,1.0274273588886376,-0.23538436605243465,0.21058638994196582,-0.7257958293968509,-1.461440576166749,1.0351014642535956,-1.2583394588375707,0.03455021005991044,-0.5076106270943244,0.9841231756854657,0
-0.12657084635623306,-1.1099901739376037,1.5251962127575889,1.028595994774883,-0.5733475201700994,-1.177851894974348,-0.2507203421941191,0.853056793629862,0.5382880250238866,-0.9143260204049839,0.8085666669970842,0.18686050500331922,-1.0161329645585022,0
1.0595727735687044,0.9009088760241706,-0.502969299721533,1.0199891493964541,0.9474866733593919,-1.177851894974348,1.1428344202672278,0.2744324511807092,-1.3751150855229646,-0.2262991435398101,0.03455021005991044,1.8535912220376638,-1.0161329645585022,0
0.38177641932588297,-1.1099901739376037,-0.502969299721533,1.0229897009962734,0.6095235192417271,-1.177851894974348,-0.7574675285436998,-0.8828162337175963,-0.21700267650776528,-1.2583394588375707,0.5505611813513597,0.7225953783357871,-1.0161329645585022,0
0.21232733076517762,-1.1099901739376037,0.8491410419312149,1.0259112907118868,0.4405419421828948,-1.177851894974348,0.06599664927436881,1.4316811360790147,-1.623521805137819,-0.7996548742607882,0.5505611813513597,-2.630708088078549,0.9841231756854657,0
0.7206745964472937,-1.1099901739376037,-0.502969299721533,1.028090638715966,1.2854498274770565,-1.177851894974348,-1.2008713165995828,-0.8828162337175963,0.001192415045823164,-1.487681751125962,-0.22345527558581418,1.5559607368529593,0.9841231756854657,0
0.0428782422044723,0.9009088760241706,0.8491410419312149,1.0300015163137457,-0.23538436605243465,-1.177851894974348,1.9662985980852963,0.2744324511807092,0.9108981044461687,0.1177142948927768,0.03455021005991044,1.0797519605574324,0.9841231756854657,0
1.0595727735687044,0.9009088760241706,1.5251962127575889,0.7944108385974091,1.2854498274770565,-1.177851894974348,2.4413740852880284,-1.461440576166749,3.018998373610068,0.5763988794695595,0.5505611813513597,-0.5671367241312653,-1.0161329645585022,1
-0.12657084635623306,0.9009088760241706,1.5251962127575889,1.0273010198739083,0.2715603651240624,-1.177851894974348,-0.4090788379283631,-0.8828162337175963,-1.2979075915886182,-1.0289971665491795,1.066572152642809,1.3972244780877838,-1.0161329645585022,0
0.890123685007999,0.9009088760241706,-0.502969299721533,1.0226106839520857,0.6095235192417271,0.21058638994196582,-0.5674373336626071,-0.8828162337175963,-1.2979075915886182,-1.143668312693375,1.066572152642809,-3.1862849937566637,0.9841231756854657,0
0.5512255078865883,0.9009088760241706,-0.502969299721533,1.0374871029364527,1.1164682504182242,-1.177851894974348,2.4413740852880284,0.853056793629862,1.7836784706605218,0.3470565871811683,0.29255569570563505,-0.24966420660091387,-1.0161329645585022,0
0.38177641932588297,-1.1099901739376037,0.8491410419312149,1.0280116768317604,-0.404365943111267,-1.177851894974348,0.6994306322113446,-0.8828162337175963,-1.0495008719737637,-0.45564143582820127,0.03455021005991044,-2.114815247091728,0.9841231756854657,0
0.7206745964472937,0.9009088760241706,-0.502969299721533,1.0279327149475546,0.6095235192417271,-1.177851894974348,-0.6307807319563046,-0.3041918912684436,-0.0860856215756121,-1.143668312693375,1.066572152642809,1.1591200899400202,-1.0161329645585022,0
0.0428782422044723,-1.1099901739376037,1.5251962127575889,1.0360499966439078,-0.23538436605243465,0.21058638994196582,-0.9474977234247925,0.853056793629862,1.286865031430813,-1.3730106049817663,0.8085666669970842,0.6432272489531993,-1.0161329645585022,0
0.7206745964472937,0.9009088760241706,-1.179024470547907,-0.244348540506342,0.4405419421828948,0.9048055324001227,0.8577891279455886,0.853056793629862,1.7736079279734327,1.035083464046342,0.03455021005991044,1.0003838311748445,-1.0161329645585022,0
0.7206745964472937,0.9009088760241706,0.8491410419312149,1.0231950018952083,0.7785050963005594,-1.177851894974348,-0.2507203421941191,1.4316811360790147,-1.173704231781191,-0.9143260204049839,0.29255569570563505,0.0479662785837905,0.9841231756854657,0
0.0428782422044723,-1.1099901739376037,-0.502969299721533,1.0312333217073557,-0.06640278899360229,-1.177851894974348,1.6495816066168083,0.853056793629862,0.001192415045823164,0.003043148748581378,-0.22345527558581418,-0.38855843302044263,0.9841231756854657,0
0.21232733076517762,-1.1099901739376037,-0.502969299721533,1.028501240513836,0.6095235192417271,-1.177851894974348,2.12465709381954,1.4316811360790147,0.16232109803924238,0.23238544103697253,-0.22345527558581418,1.278172284013902,-1.0161329645585022,0
0.890123685007999,0.9009088760241706,0.8491410419312149,-0.7887749397282879,0.6095235192417271,0.9048055324001227,-1.2642147148932805,-0.8828162337175963,-0.7138161157374736,-1.0289971665491795,0.03455021005991044,0.6035431842619053,0.9841231756854657,0
0.0428782422044723,0.9009088760241706,-0.502969299721533,-0.795755170292078,0.4405419421828948,0.9048055324001227,-1.2642147148932805,0.2744324511807092,1.357358830240434,-1.0289971665491795,-0.22345527558581418,0.821805540064022,-1.0161329645585022,1
-0.12657084635623306,0.9009088760241706,0.8491410419312149,1.0272378503665438,-0.7423290972289317,-1.177851894974348,-0.18737694390042153,1.4316811360790147,-1.2979075915886182,-0.9143260204049839,0.5505611813513597,-1.4005020826484376,0.9841231756854657,0
0.38177641932588297,0.9009088760241706,1.5251962127575889,1.026843040945515,0.6095235192417271,-1.177851894974348,-0.7257958293968509,-1.461440576166749,-0.21028898138303903,-1.2583394588375707,0.8085666669970842,0.22654456969461315,0.9841231756854657,0
-0.12657084635623306,-1.1099901739376037,0.8491410419312149,1.0291803127180057,-0.404365943111267,-1.177851894974348,2.4413740852880284,-0.3041918912684436,1.6594751108530943,0.3470565871811683,0.8085666669970842,0.3455967637684949,0.9841231756854657,0
0.890123685007999,0.9009088760241706,1.5251962127575889,-0.7724614144513757,0.7785050963005594,0.9048055324001227,-1.2642147148932805,0.2744324511807092,1.9078818304679495,-1.0289971665491795,0.03455021005991044,-0.7457150152420878,-1.0161329645585022,1
0.7206745964472937,0.9009088760241706,-1.179024470547907,1.0291487279643234,0.7785050963005594,-1.177851894974348,2.4413740852880284,1.4316811360790147,-0.005521280078902488,0.3470565871811683,0.03455021005991044,-0.190138109563973,0.9841231756854657,0
0.21232733076517762,-1.1099901739376037,0.8491410419312149,1.0304752876189804,0.10257878806523006,-1.177851894974348,0.38271364074285674,1.4316811360790147,0.830333762949459,-0.6849837281165926,0.29255569570563505,0.7027533459901402,0.9841231756854657,0
-0.12657084635623306,0.9009088760241706,-1.179024470547907,1.0301594400821572,-0.06640278899360229,-1.177851894974348,-0.4090788379283631,0.853056793629862,-1.4254677989584081,-1.0289971665491795,-0.22345527558581418,0.14717644031202531,-1.0161329645585022,0
0.21232733076517762,0.9009088760241706,1.5251962127575889,1.0225633068215623,0.2715603651240624,-1.177851894974348,-0.09236184645987515,0.2744324511807092,-0.25392799969375696,-0.9143260204049839,1.066572152642809,-0.22982217425526694,-1.0161329645585022,0
0.5512255078865883,0.9009088760241706,1.5251962127575889,1.0304279104884568,0.9474866733593919,-1.177851894974348,0.06599664927436881,0.2744324511807092,-1.173704231781191,-0.7996548742607882,0.29255569570563505,0.7027533459901402,0.9841231756854657,0
-0.12657084635623306,-1.1099901739376037,0.8491410419312149,0.49721409882373035,-0.911310674287764,-1.177851894974348,2.4413740852880284,0.2744324511807092,1.6997572816014495,0.9204123179021463,0.8085666669970842,-0.44808453005738347,-1.0161329645585022,1
0.21232733076517762,-1.1099901739376037,-0.502969299721533,1.0317070930125904,0.6095235192417271,-1.177851894974348,-0.7733033781171241,0.853056793629862,-1.2979075915886182,-1.2583394588375707,0.03455021005991044,0.7424374106814341,-1.0161329645585022,0
-0.12657084635623306,0.9009088760241706,-1.179024470547907,0.8012173530159465,-0.404365943111267,-1.177851894974348,2.4413740852880284,-1.461440576166749,1.327147202179168,0.5763988794695595,0.8085666669970842,1.2186461869769611,-1.0161329645585022,1
0.890123685007999,0.9009088760241706,1.5251962127575889,-0.6763490089961119,0.7785050963005594,0.9048055324001227,-1.2642147148932805,-1.461440576166749,-0.25392799969375696,-1.143668312693375,0.8085666669970842,1.298014316359549,0.9841231756854657,0
0.0428782422044723,0.9009088760241706,-0.502969299721533,1.0313122835915616,0.7785050963005594,-1.177851894974348,-0.5674373336626071,-0.3041918912684436,-1.0964967378468442,-1.143668312693375,-0.22345527558581418,0.8614896047553159,0.9841231756854657,0
0.21232733076517762,0.9009088760241706,0.8491410419312149,1.0288328804275004,-0.404365943111267,0.21058638994196582,-0.3298995900612411,-0.8828162337175963,-1.0964967378468442,-1.0289971665491795,0.5505611813513597,0.9805417988291976,0.9841231756854657,0
0.21232733076517762,0.9009088760241706,-0.502969299721533,1.0245373539267064,0.10257878806523006,-1.177851894974348,1.6495816066168083,0.853056793629862,0.9780350556934264,0.003043148748581378,0.03455021005991044,-0.44808453005738347,0.9841231756854657,0
0.5512255078865883,-1.1099901739376037,-1.179024470547907,1.0273799817581142,0.2715603651240624,-1.177851894974348,1.6495816066168083,1.4316811360790147,0.04483143335654109,0.003043148748581378,0.8085666669970842,-0.9639773710442044,0.9841231756854657,0
0.38177641932588297,0.9009088760241706,-1.179024470547907,-0.5216942625906901,0.9474866733593919,0.9048055324001227,-1.2642147148932805,-1.461440576166749,0.8336906105118219,-1.2583394588375707,1.066572152642809,-1.9957630530178463,0.9841231756854657,0
0.21232733076517762,-1.1099901739376037,0.8491410419312149,1.0268114561918327,-0.404365943111267,-1.177851894974348,-0.4090788379283631,-0.3041918912684436,-0.6936750303632967,-1.0289971665491795,1.066572152642809,0.9805417988291976,-1.0161329645585022,0
-0.12657084635623306,0.9009088760241706,1.5251962127575889,-0.617727706161748,0.10257878806523006,0.9048055324001227,-1.2642147148932805,-0.3041918912684436,1.9750187817152072,-1.143668312693375,-0.22345527558581418,1.1789621222856672,-1.0161329645585022,1
0.5512255078865883,-1.1099901739376037,1.5251962127575889,-0.4910886362725334,-0.06640278899360229,0.9048055324001227,-1.2642147148932805,1.4316811360790147,0.001192415045823164,-1.2583394588375707,0.5505611813513597,0.6829113136444932,0.9841231756854657,0
0.5512255078865883,-1.1099901739376037,-0.502969299721533,-0.4863667155970283,0.10257878806523006,0.9048055324001227,-1.2642147148932805,0.2744324511807092,1.2700807936189982,-1.2583394588375707,0.5505611813513597,0.9210157017922567,0.9841231756854657,0
0.38177641932588297,-1.1099901739376037,0.8491410419312149,1.0278695454401898,0.10257878806523006,-1.177851894974348,-0.3298995900612411,1.4316811360790147,1.5587696839822078,-1.0289971665491795,-0.22345527558581418,-2.3529196352394917,0.9841231756854657,0
1.2290218621294098,-1.1099901739376037,0.17308587110484092,-0.6041146773246732,0.4405419421828948,0.9048055324001227,-1.2642147148932805,1.4316811360790147,1.286865031430813,-1.143668312693375,0.03455021005991044,-0.32903233598350173,-1.0161329645585022,1
0.38177641932588297,-1.1099901739376037,-0.502969299721533,-0.45028113451499124,0.6095235192417271,0.9048055324001227,-1.2642147148932805,0.853056793629862,-0.21364582894540246,-1.2583394588375707,0.03455021005991044,0.028124246238143545,0.9841231756854657,0
0.7206745964472937,0.9009088760241706,-0.502969299721533,-0.5619332387819507,0.2715603651240624,0.9048055324001227,-1.2642147148932805,-1.461440576166749,1.0351014642535956,-1.143668312693375,0.8085666669970842,-0.11076998018138517,-1.0161329645585022,1
0.5512255078865883,-1.1099901739376037,-1.179024470547907,-0.7678658327906,0.7785050963005594,0.21058638994196582,-1.0306359336852706,-0.3041918912684436,0.27645391515958084,-0.45564143582820127,-0.22345527558581418,-1.5195542767223194,-1.0161329645585022,0
0.21232733076517762,-1.1099901739376037,-1.179024470547907,-0.44884402822244623,0.2715603651240624,0.9048055324001227,-1.2642147148932805,1.4316811360790147,2.737023178371585,-1.2583394588375707,0.03455021005991044,-2.114815247091728,0.9841231756854657,0
0.21232733076517762,-1.1099901739376037,-1.179024470547907,-0.42836131545946937,0.4405419421828948,0.9048055324001227,-1.2642147148932805,-0.8828162337175963,0.8336906105118219,-1.2583394588375707,1.066572152642809,1.4964346398160184,-1.0161329645585022,0
0.5512255078865883,0.9009088760241706,-0.502969299721533,1.0248374090866883,0.4405419421828948,-1.177851894974348,-0.09236184645987515,1.4316811360790147,-0.6936750303632967,-0.9143260204049839,0.03455021005991044,-0.2893482712922078,0.9841231756854657,0
-0.12657084635623306,-1.1099901739376037,-1.179024470547907,1.0317386777662727,-0.404365943111267,-1.177851894974348,1.6495816066168083,-0.8828162337175963,0.001192415045823164,0.003043148748581378,0.29255569570563505,0.26622863438590705,0.9841231756854657,0
-0.12657084635623306,0.9009088760241706,-0.502969299721533,1.0270957189749734,0.10257878806523006,-1.177851894974348,-0.5674373336626071,0.853056793629862,0.9343960373827085,-1.143668312693375,1.066572152642809,1.6750129309268411,-1.0161329645585022,0
-0.12657084635623306,0.9009088760241706,0.8491410419312149,1.037408141052247,-0.404365943111267,-1.177851894974348,1.0161476236798326,0.2744324511807092,0.4040141225293712,-0.34097028968400567,0.5505611813513597,-0.686188918205147,-1.0161329645585022,0
-0.12657084635623306,0.9009088760241706,-0.502969299721533,-0.28171330411251255,0.10257878806523006,0.9048055324001227,-1.2642147148932805,1.4316811360790147,-0.1397951825734185,-1.2583394588375707,0.03455021005991044,0.06780831092943747,0.9841231756854657,0
0.21232733076517762,0.9009088760241706,-1.179024470547907,1.0242057140130423,-0.06640278899360229,-1.177851894974348,-0.7257958293968509,-0.8828162337175963,-1.1166378232210217,-1.2583394588375707,0.03455021005991044,0.12733440796637835,0.9841231756854657,0
0.21232733076517762,-1.1099901739376037,0.8491410419312149,1.030127855328475,0.4405419421828948,-1.177851894974348,-0.527847709729046,0.2744324511807092,0.5114332445249834,-1.143668312693375,0.5505611813513597,-2.3727616675851384,0.9841231756854657,0
0.0428782422044723,0.9009088760241706,-0.502969299721533,0.4951452974575392,0.6095235192417271,-1.177851894974348,0.8577891279455886,0.2744324511807092,1.4647779522360462,-0.11162799739561437,0.5505611813513597,0.26622863438590705,-1.0161329645585022,1
1.0595727735687044,0.9009088760241706,0.8491410419312149,-0.27067443270054586,0.7785050963005594,0.9048055324001227,-1.2642147148932805,0.2744324511807092,1.4110683912382405,-1.2583394588375707,0.03455021005991044,-1.2417658238832618,-1.0161329645585022,1
-0.12657084635623306,0.9009088760241706,1.5251962127575889,1.0275379055265257,0.10257878806523006,-1.177851894974348,0.06599664927436881,-0.3041918912684436,0.04483143335654109,-0.7996548742607882,0.03455021005991044,0.5043330225336705,0.9841231756854657,0
0.21232733076517762,-1.1099901739376037,0.8491410419312149,-0.04553830845305321,-0.23538436605243465,0.9048055324001227,-1.2642147148932805,-1.461440576166749,0.27645391515958084,-1.3730106049817663,-0.22345527558581418,0.22654456969461315,0.9841231756854657,0
0.21232733076517762,-1.1099901739376037,-0.502969299721533,0.029459689165587534,0.10257878806523006,0.9048055324001227,-1.2642147148932805,0.2744324511807092,-0.707102420612748,-1.3730106049817663,0.29255569570563505,0.5837011519162584,0.9841231756854657,0
0.0428782422044723,-1.1099901739376037,1.5251962127575889,1.0315175844904965,0.2715603651240624,-1.177851894974348,1.6495816066168083,1.4316811360790147,-0.522475804682789,0.003043148748581378,1.066572152642809,-0.22982217425526694,0.9841231756854657,0
0.21232733076517762,0.9009088760241706,-1.179024470547907,0.7963848857025534,0.10257878806523006,-1.177851894974348,2.362194837420906,0.853056793629862,0.5382880250238866,0.5763988794695595,0.8085666669970842,-0.9242933063529105,-1.0161329645585022,1
0.21232733076517762,0.9009088760241706,-0.502969299721533,0.0432306417710739,-0.7423290972289317,0.9048055324001227,-1.2642147148932805,-0.8828162337175963,0.15896425047687956,-1.3730106049817663,1.066572152642809,1.278172284013902,-1.0161329645585022,0
0.5512255078865883,0.9009088760241706,1.5251962127575889,0.49748256923003,0.7785050963005594,-1.177851894974348,-1.165240655059378,0.2744324511807092,-1.2005590122800942,-1.3730106049817663,-0.22345527558581418,0.6035431842619053,-1.0161329645585022,1
1.0595727735687044,-1.1099901739376037,-1.179024470547907,0.49361343690394727,1.2854498274770565,-1.177851894974348,2.4413740852880284,0.2744324511807092,1.6191929401047398,0.9204123179021463,0.8085666669970842,0.38528082845978884,-1.0161329645585022,1
0.7206745964472937,-1.1099901739376037,-0.502969299721533,1.0313122835915616,1.1164682504182242,-1.177851894974348,-0.5674373336626071,-0.3041918912684436,0.3905867322799193,-1.143668312693375,0.5505611813513597,0.5837011519162584,-1.0161329645585022,0
0.0428782422044723,-1.1099901739376037,1.5251962127575889,1.0253269727687642,-0.06640278899360229,-1.177851894974348,-1.359229812333827,-0.8828162337175963,-1.3046212867133438,-1.487681751125962,-0.22345527558581418,1.0400678958661385,0.9841231756854657,0
0.7206745964472937,-1.1099901739376037,-0.502969299721533,0.4948768270512396,0.7785050963005594,-1.177851894974348,2.3819896493876866,0.2744324511807092,1.0283877691288699,0.9204123179021463,0.29255569570563505,-1.2814498885745558,-1.0161329645585022,1
0.38177641932588297,0.9009088760241706,-0.502969299721533,1.030854304663168,0.10257878806523006,-1.177851894974348,-0.20717175586720202,0.2744324511807092,-0.6701770974267564,-0.9143260204049839,0.5505611813513597,0.46464895784237664,0.9841231756854657,0
-0.12657084635623306,-1.1099901739376037,-1.179024470547907,1.0300804781979516,0.2715603651240624,-1.177851894974348,-0.9197849866712998,-0.8828162337175963,0.001192415045823164,-1.2583394588375707,0.03455021005991044,-2.075131182400434,0.9841231756854657,0
0.21232733076517762,0.9009088760241706,-0.502969299721533,1.0308227199094857,-0.06640278899360229,-1.177851894974348,-0.7257958293968509,1.4316811360790147,-1.2005590122800942,-1.2583394588375707,0.03455021005991044,-0.8449251769703227,-1.0161329645585022,0
0.7206745964472937,0.9009088760241706,0.8491410419312149,0.38887839369341337,0.7785050963005594,0.9048055324001227,-1.2642147148932805,-0.8828162337175963,0.7464125738903866,-1.3730106049817663,0.8085666669970842,-1.4401861473397315,-1.0161329645585022,0
0.21232733076517762,0.9009088760241706,-1.179024470547907,-0.7720192278998235,0.7785050963005594,0.21058638994196582,-0.2507203421941191,1.4316811360790147,-0.34120603631519225,1.379096902478929,0.29255569570563505,0.08765034327508442,0.9841231756854657,0
1.0595727735687044,-1.1099901739376037,-0.502969299721533,1.0418300065677701,1.4544314045358888,-1.177851894974348,0.0026532509806712224,-1.461440576166749,0.001192415045823164,-0.7996548742607882,0.29255569570563505,1.0400678958661385,0.9841231756854657,0
1.0595727735687044,-1.1099901739376037,-0.502969299721533,1.0363342594270486,0.9474866733593919,-1.177851894974348,1.6495816066168083,0.2744324511807092,1.2700807936189982,0.003043148748581378,0.5505611813513597,0.9210157017922567,0.9841231756854657,0
0.890123685007999,0.9009088760241706,-0.502969299721533,1.0486523133631487,0.9474866733593919,-1.177851894974348,0.8894608270924373,-0.3041918912684436,0.8739727812601764,-0.45564143582820127,-0.22345527558581418,1.1194360252487263,-1.0161329645585022,0
0.38177641932588297,-1.1099901739376037,-0.502969299721533,-1.0432848849003271,-0.06640278899360229,0.9048055324001227,-1.2800505644667048,0.853056793629862,0.15896425047687956,-0.34097028968400567,0.8085666669970842,0.8416475724096689,-1.0161329645585022,1
-0.12657084635623306,0.9009088760241706,1.5251962127575889,1.047230999447445,-0.23538436605243465,-1.177851894974348,1.1428344202672278,-0.3041918912684436,-1.3751150855229646,-0.34097028968400567,0.5505611813513597,1.9528013837658986,-1.0161329645585022,0
0.890123685007999,-1.1099901739376037,-0.502969299721533,-1.0234338672109964,0.6095235192417271,0.9048055324001227,-1.2800505644667048,0.2744324511807092,0.27645391515958084,-0.45564143582820127,0.03455021005991044,0.40512286080543575,-1.0161329645585022,0
0.5512255078865883,-1.1099901739376037,-0.502969299721533,1.0429986424540156,0.7785050963005594,-1.177851894974348,2.4413740852880284,-1.461440576166749,0.5785701957722418,0.3470565871811683,0.8085666669970842,0.20670253734896618,-1.0161329645585022,0
0.890123685007999,-1.1099901739376037,1.5251962127575889,1.047862694521091,0.6095235192417271,-1.177851894974348,1.2695212168546228,-0.8828162337175963,0.860545391010725,-0.2262991435398101,-0.22345527558581418,1.1789621222856672,-1.0161329645585022,0
1.0595727735687044,0.9009088760241706,-0.502969299721533,-1.00473569303107,1.1164682504182242,0.9048055324001227,-1.2800505644667048,0.2744324511807092,-0.5896127559300467,-0.570312581972397,0.29255569570563505,-0.26950623894656084,0.9841231756854657,0
0.0428782422044723,0.9009088760241706,-1.179024470547907,1.0474047155926975,0.2715603651240624,-1.177851894974348,-0.6624524311031534,0.853056793629862,-1.6839450612603513,-1.143668312693375,0.03455021005991044,0.5638591195706114,-1.0161329645585022,0
0.0428782422044723,-1.1099901739376037,-1.179024470547907,0.5205236470412739,0.6095235192417271,-1.177851894974348,1.6495816066168083,0.2744324511807092,1.253296555807184,0.4617277333253637,0.5505611813513597,-1.4005020826484376,-1.0161329645585022,1
0.7206745964472937,0.9009088760241706,0.8491410419312149,1.0484312200873724,0.2715603651240624,-1.177851894974348,-0.5674373336626071,1.4316811360790147,-1.173704231781191,-1.143668312693375,0.03455021005991044,0.32575473142284794,0.9841231756854657,0
0.21232733076517762,-1.1099901739376037,-0.502969299721533,1.0570222730889605,0.10257878806523006,-1.177851894974348,-0.3774071387815143,-1.461440576166749,0.001192415045823164,-1.0289971665491795,0.29255569570563505,-0.9044512740072636,0.9841231756854657,0
0.21232733076517762,0.9009088760241706,1.5251962127575889,0.8380451758095179,-0.06640278899360229,-1.177851894974348,0.8577891279455886,-0.8828162337175963,0.8269769153870962,-0.34097028968400567,1.066572152642809,0.14717644031202531,-1.0161329645585022,1
0.0428782422044723,0.9009088760241706,0.17308587110484092,1.0670820171367754,-0.06640278899360229,-1.177851894974348,0.8577891279455886,1.4316811360790147,1.934736610966852,-0.45564143582820127,-0.22345527558581418,0.12733440796637835,-1.0161329645585022,0
-0.12657084635623306,0.9009088760241706,-0.502969299721533,-0.7773728436489746,-0.5733475201700994,0.21058638994196582,0.30353439287573475,0.2744324511807092,-0.8447331706696268,2.640479510065081,0.03455021005991044,1.4170665104334308,-1.0161329645585022,0
0.38177641932588297,-1.1099901739376037,-1.179024470547907,1.0614125538508012,0.10257878806523006,-1.177851894974348,0.25602684415546156,-0.3041918912684436,-1.8752853723150364,-0.6849837281165926,0.8085666669970842,1.794065125000723,-1.0161329645585022,0
1.0595727735687044,-1.1099901739376037,-0.502969299721533,-0.973782634422408,1.1164682504182242,0.9048055324001227,-1.2800505644667048,-1.461440576166749,0.5382880250238866,-0.6849837281165926,0.8085666669970842,1.238488219322608,0.9841231756854657,0
-0.12657084635623306,0.9009088760241706,1.5251962127575889,1.0664661144399705,-0.23538436605243465,-1.177851894974348,-0.2507203421941191,-1.461440576166749,-1.0495008719737637,-1.0289971665491795,0.03455021005991044,1.0400678958661385,0.9841231756854657,0
0.5512255078865883,0.9009088760241706,-0.502969299721533,1.0664976991936528,0.4405419421828948,-1.177851894974348,-0.5674373336626071,-0.3041918912684436,-0.5459737376193288,-1.143668312693375,0.8085666669970842,0.3654387961141419,0.9841231756854657,0
0.7206745964472937,0.9009088760241706,1.5251962127575889,1.0650605929011079,0.9474866733593919,-1.177851894974348,0.06599664927436881,-0.3041918912684436,-0.811164695045998,-0.7996548742607882,0.8085666669970842,0.4844909901880236,0.9841231756854657,0
1.0595727735687044,-1.1099901739376037,1.5251962127575889,1.072056615841739,0.7785050963005594,-1.177851894974348,-0.4407505370752119,0.2744324511807092,-0.11965409719924096,-1.0289971665491795,1.066572152642809,1.4765926074703717,0.9841231756854657,0
0.7206745964472937,-1.1099901739376037,-1.179024470547907,1.0702562848818475,0.7785050963005594,-1.177851894974348,0.06599664927436881,0.2744324511807092,-1.0495008719737637,-0.7996548742607882,0.03455021005991044,0.9210157017922567,-1.0161329645585022,0
-0.12657084635623306,0.9009088760241706,-1.179024470547907,1.0856222675482905,-0.06640278899360229,-1.177851894974348,4.024959042630468,1.4316811360790147,-0.8447331706696268,1.1497546101905376,-0.22345527558581418,-0.46792656240303043,-1.0161329645585022,0
-0.12657084635623306,0.9009088760241706,-1.179024470547907,1.0869804119566298,0.6095235192417271,-1.177851894974348,0.5767027980173056,1.4316811360790147,1.7131846718509007,-0.570312581972397,0.29255569570563505,0.38528082845978884,-1.0161329645585022,0
0.7206745964472937,-1.1099901739376037,-0.502969299721533,1.0835534661820991,0.7785050963005594,-1.177851894974348,0.8894608270924373,1.4316811360790147,1.6594751108530943,-0.45564143582820127,0.8085666669970842,-1.4997122443766724,0.9841231756854657,0
0.5512255078865883,-1.1099901739376037,-1.179024470547907,1.0832849957757995,0.4405419421828948,-1.177851894974348,0.8577891279455886,0.2744324511807092,-1.3751150855229646,-0.45564143582820127,0.29255569570563505,-0.5076106270943244,0.9841231756854657,0
0.0428782422044723,-1.1099901739376037,1.5251962127575889,0.8512949799792461,-0.911310674287764,-1.177851894974348,2.4413740852880284,-1.461440576166749,2.948504574800447,0.5763988794695595,-0.22345527558581418,0.2463866020402601,-1.0161329645585022,1
0.0428782422044723,0.9009088760241706,-0.502969299721533,1.080458160321233,0.4405419421828948,0.21058638994196582,-0.8841543251310949,0.853056793629862,-0.811164695045998,-1.2583394588375707,-0.22345527558581418,0.4249648931510827,0.9841231756854657,0
0.5512255078865883,0.9009088760241706,-0.502969299721533,1.0878805774365754,0.4405419421828948,-1.177851894974348,1.4912231108825644,1.4316811360790147,0.8269769153870962,-0.11162799739561437,0.8085666669970842,1.35754041339649,0.9841231756854657,0
0.5512255078865883,0.9009088760241706,-1.179024470547907,0.5448439073766511,0.4405419421828948,-1.177851894974348,0.8577891279455886,0.2744324511807092,1.4647779522360462,-0.11162799739561437,0.5505611813513597,1.0202258635204915,-1.0161329645585022,1
0.38177641932588297,0.9009088760241706,0.8491410419312149,0.8580541172672601,-0.06640278899360229,-1.177851894974348,0.4618928886099787,-0.3041918912684436,2.6967410076232294,-0.570312581972397,0.5505611813513597,0.305912699077201,-1.0161329645585022,1
1.0595727735687044,-1.1099901739376037,0.8491410419312149,-0.9088285884747412,0.7785050963005594,0.9048055324001227,-1.2800505644667048,0.2744324511807092,0.15896425047687956,-0.7996548742607882,0.03455021005991044,-0.17029607721832604,-1.0161329645585022,1
0.0428782422044723,-1.1099901739376037,0.17308587110484092,1.093992227274102,0.10257878806523006,-1.177851894974348,1.3328646151483206,1.4316811360790147,0.001192415045823164,-0.2262991435398101,0.29255569570563505,1.5162766721616654,0.9841231756854657,0
-0.12657084635623306,0.9009088760241706,-0.502969299721533,1.100561856040022,0.10257878806523006,-1.177851894974348,-0.4882580857954851,0.2744324511807092,-1.0092187012254088,-1.143668312693375,0.03455021005991044,0.7225953783357871,0.9841231756854657,0
0.890123685007999,-1.1099901739376037,0.8491410419312149,1.102188470854661,1.1164682504182242,-1.177851894974348,0.6994306322113446,-1.461440576166749,-1.6705176710108995,-0.570312581972397,1.066572152642809,0.12733440796637835,0.9841231756854657,0
-0.12657084635623306,-1.1099901739376037,0.8491410419312149,1.1033571067409065,-0.06640278899360229,-1.177851894974348,-0.8287288516241096,0.853056793629862,0.16232109803924238,-1.2583394588375707,0.03455021005991044,-0.44808453005738347,0.9841231756854657,0
0.21232733076517762,0.9009088760241706,-1.179024470547907,1.1033255219872242,-0.06640278899360229,-1.177851894974348,-1.2008713165995828,-0.3041918912684436,-1.8752853723150364,-1.487681751125962,0.29255569570563505,-0.190138109563973,-1.0161329645585022,0
1.0595727735687044,0.9009088760241706,-0.502969299721533,1.1005144789094987,0.6095235192417271,-1.177851894974348,0.38271364074285674,-0.3041918912684436,-1.173704231781191,-0.6849837281165926,-0.22345527558581418,1.1591200899400202,-1.0161329645585022,0
0.21232733076517762,0.9009088760241706,0.8491410419312149,1.0976560587012498,0.2715603651240624,-1.177851894974348,-0.23488449262069472,0.2744324511807092,-1.173704231781191,-1.0289971665491795,0.29255569570563505,-1.7775006972157297,-1.0161329645585022,0
-0.12657084635623306,-1.1099901739376037,0.8491410419312149,1.1075420866038124,-0.06640278899360229,-1.177851894974348,2.3226052134873454,-1.461440576166749,0.001192415045823164,0.23238544103697253,0.29255569570563505,-0.5671367241312653,0.9841231756854657,0
0.890123685007999,0.9009088760241706,0.8491410419312149,1.1022200556083435,0.6095235192417271,0.21058638994196582,2.2038363416866624,0.853056793629862,1.327147202179168,0.23238544103697253,0.03455021005991044,-0.051243883144444294,0.9841231756854657,0
-0.12657084635623306,0.9009088760241706,-1.179024470547907,-0.8865771295055551,0.10257878806523006,0.9048055324001227,-1.2800505644667048,0.853056793629862,-1.2979075915886182,-0.9143260204049839,1.066572152642809,1.0797519605574324,-1.0161329645585022,0
1.2290218621294098,-1.1099901739376037,-0.502969299721533,1.1170333050853458,0.9474866733593919,-1.177851894974348,1.6495816066168083,-0.8828162337175963,0.16232109803924238,-0.11162799739561437,-0.22345527558581418,-0.36871640067479566,-1.0161329645585022,0
0.5512255078865883,-1.1099901739376037,0.8491410419312149,-0.7940653859700745,0.6095235192417271,0.21058638994196582,-1.2008713165995828,0.853056793629862,1.7736079279734327,-0.7996548742607882,0.8085666669970842,-0.8250831446246757,0.9841231756854657,0
0.21232733076517762,0.9009088760241706,-0.502969299721533,-0.7924229787785945,-0.06640278899360229,0.21058638994196582,-0.3774071387815143,0.853056793629862,-1.173704231781191,1.1497546101905376,0.03455021005991044,-0.17029607721832604,-1.0161329645585022,0
-0.12657084635623306,-1.1099901739376037,0.8491410419312149,-0.8699793414455023,0.10257878806523006,0.9048055324001227,-1.2800505644667048,1.4316811360790147,0.5651428055227898,-0.9143260204049839,0.8085666669970842,1.0003838311748445,0.9841231756854657,0
0.0428782422044723,0.9009088760241706,-0.502969299721533,1.117570245897945,0.10257878806523006,-1.177851894974348,0.8577891279455886,1.4316811360790147,0.5114332445249834,-0.45564143582820127,-0.22345527558581418,0.14717644031202531,-1.0161329645585022,0
0.5512255078865883,0.9009088760241706,0.8491410419312149,1.1223079589502913,1.1164682504182242,-1.177851894974348,2.2830155895537843,-1.461440576166749,-0.8447331706696268,0.23238544103697253,-0.22345527558581418,-0.30919030363785477,0.9841231756854657,0
-0.12657084635623306,0.9009088760241706,0.8491410419312149,1.1256717352174572,0.2715603651240624,-1.177851894974348,-0.09236184645987515,-0.8828162337175963,-1.173704231781191,-0.9143260204049839,0.03455021005991044,-1.3806600503027906,0.9841231756854657,0
0.21232733076517762,0.9009088760241706,1.5251962127575889,1.123902989011248,0.6095235192417271,-1.177851894974348,-0.9791694225716413,1.4316811360790147,-0.3680608168140954,-1.3730106049817663,0.29255569570563505,-0.8449251769703227,0.9841231756854657,0
0.7206745964472937,-1.1099901739376037,-1.179024470547907,1.1236503109817895,0.7785050963005594,-1.177851894974348,-0.09236184645987515,-0.8828162337175963,-1.4724636648314886,-0.9143260204049839,1.066572152642809,0.8813316371009629,0.9841231756854657,0
0.38177641932588297,0.9009088760241706,0.8491410419312149,1.1217078486303276,0.6095235192417271,-1.177851894974348,-0.4090788379283631,1.4316811360790147,0.001192415045823164,-1.0289971665491795,0.29255569570563505,1.0400678958661385,-1.0161329645585022,0
0.0428782422044723,0.9009088760241706,-1.179024470547907,1.1269825024952729,0.4405419421828948,-1.177851894974348,3.2331665639592484,0.853056793629862,-1.173704231781191,0.6910700256137552,-0.22345527558581418,1.0202258635204915,-1.0161329645585022,0
0.38177641932588297,0.9009088760241706,-0.502969299721533,-0.8377944774432302,0.2715603651240624,0.9048055324001227,-1.2800505644667048,0.853056793629862,0.23617174441122635,-0.9143260204049839,0.8085666669970842,1.4369085427790778,-1.0161329645585022,1
0.5512255078865883,0.9009088760241706,-1.179024470547907,1.1232239168070783,0.7785050963005594,0.21058638994196582,3.2331665639592484,0.2744324511807092,-1.173704231781191,0.6910700256137552,0.8085666669970842,0.26622863438590705,-1.0161329645585022,0
0.38177641932588297,-1.1099901739376037,-0.502969299721533,-0.8342411926539706,0.2715603651240624,0.9048055324001227,-1.2800505644667048,-1.461440576166749,1.2465828606824585,-0.9143260204049839,0.5505611813513597,1.1988041546313142,-1.0161329645585022,0
0.7206745964472937,-1.1099901739376037,1.5251962127575889,1.1209813992956343,0.9474866733593919,-1.177851894974348,1.8079401023510524,1.4316811360790147,0.23617174441122635,0.003043148748581378,1.066572152642809,-1.7775006972157297,0.9841231756854657,0
0.0428782422044723,-1.1099901739376037,-0.502969299721533,-0.8167906162444952,-0.404365943111267,0.9048055324001227,-1.2800505644667048,0.2744324511807092,-1.6705176710108995,-1.0289971665491795,0.29255569570563505,0.18686050500331922,-1.0161329645585022,0
0.21232733076517762,-1.1099901739376037,-1.179024470547907,1.1196390472641362,-0.06640278899360229,-1.177851894974348,2.2830155895537843,0.2744324511807092,0.8336906105118219,0.23238544103697253,0.29255569570563505,0.3455967637684949,0.9841231756854657,0
0.5512255078865883,0.9009088760241706,-1.179024470547907,-0.7916017751828545,0.10257878806523006,0.9048055324001227,-1.2800505644667048,-0.3041918912684436,0.2865244578466693,-1.0289971665491795,1.066572152642809,1.0797519605574324,-1.0161329645585022,1
1.0595727735687044,0.9009088760241706,1.5251962127575889,1.124645230722782,0.6095235192417271,-1.177851894974348,-0.06464910970638246,0.2744324511807092,-0.005521280078902488,-0.9143260204049839,-0.22345527558581418,0.782121475372728,0.9841231756854657,0
0.890123685007999,0.9009088760241706,-0.502969299721533,1.1155804064159598,1.2854498274770565,-1.177851894974348,-0.12403354560672394,0.2744324511807092,-0.1397951825734185,-0.9143260204049839,0.29255569570563505,-0.26950623894656084,0.9841231756854657,0
-0.12657084635623306,0.9009088760241706,-1.179024470547907,1.1190073521904902,-0.06640278899360229,-1.177851894974348,3.2331665639592484,0.2744324511807092,-0.005521280078902488,0.6910700256137552,1.066572152642809,1.1988041546313142,0.9841231756854657,0
0.0428782422044723,-1.1099901739376037,-0.502969299721533,-0.7757304364574946,0.2715603651240624,0.9048055324001227,-1.2800505644667048,-0.8828162337175963,-1.0092187012254088,-1.0289971665491795,-0.22345527558581418,-1.0631875327724392,-1.0161329645585022,1
0.5512255078865883,0.9009088760241706,-0.502969299721533,1.1164963642727466,0.6095235192417271,-1.177851894974348,1.3328646151483206,0.2744324511807092,0.3301634761573873,-0.2262991435398101,0.29255569570563505,0.46464895784237664,0.9841231756854657,0
0.0428782422044723,0.9009088760241706,1.5251962127575889,1.1216920562534864,0.2715603651240624,-1.177851894974348,-0.3298995900612411,1.4316811360790147,-1.1804179269059165,-1.0289971665491795,0.29255569570563505,1.1392780575943733,0.9841231756854657,0
0.890123685007999,0.9009088760241706,-1.179024470547907,1.1173017754916454,0.9474866733593919,-1.177851894974348,0.22039618261525667,-0.3041918912684436,-1.3482603050240614,-0.7996548742607882,0.8085666669970842,0.6829113136444932,0.9841231756854657,0
0.21232733076517762,0.9009088760241706,-0.502969299721533,-0.756195266304987,0.2715603651240624,0.9048055324001227,-1.2800505644667048,1.4316811360790147,0.665848232393677,-1.0289971665491795,0.03455021005991044,0.3654387961141419,-1.0161329645585022,0
0.38177641932588297,0.9009088760241706,-0.502969299721533,0.898324678212203,0.10257878806523006,-1.177851894974348,3.2331665639592484,-1.461440576166749,1.5486991412951188,0.9204123179021463,0.5505611813513597,0.20670253734896618,-1.0161329645585022,1
0.38177641932588297,-1.1099901739376037,-1.179024470547907,-0.24237449340119774,0.10257878806523006,0.9048055324001227,0.8577891279455886,0.853056793629862,-0.12972463988633004,1.035083464046342,0.5505611813513597,0.286070666731554,0.9841231756854657,0
0.5512255078865883,-1.1099901739376037,-0.502969299721533,-0.3384868988564615,0.4405419421828948,0.9048055324001227,0.8577891279455886,-1.461440576166749,1.4110683912382405,1.379096902478929,-0.22345527558581418,-0.9838194033898514,-1.0161329645585022,1
0.38177641932588297,0.9009088760241706,-1.179024470547907,1.1247873621143525,0.7785050963005594,-1.177851894974348,2.4413740852880284,-0.3041918912684436,0.9377528849450718,0.3470565871811683,0.03455021005991044,1.298014316359549,-1.0161329645585022,0
0.21232733076517762,0.9009088760241706,1.5251962127575889,1.1183124876094794,-0.06640278899360229,-1.177851894974348,0.06599664927436881,-0.3041918912684436,-1.7510820125076092,-0.7996548742607882,1.066572152642809,-0.6465048535138531,-1.0161329645585022,0
0.21232733076517762,0.9009088760241706,0.8491410419312149,1.1288775877162114,0.4405419421828948,-1.177851894974348,0.7627740305050422,-0.8828162337175963,-1.7510820125076092,-0.45564143582820127,1.066572152642809,0.9408577341379036,-1.0161329645585022,0
0.0428782422044723,0.9009088760241706,0.17308587110484092,-0.21127930340096535,0.10257878806523006,0.9048055324001227,0.8577891279455886,0.853056793629862,1.0351014642535956,1.035083464046342,0.8085666669970842,0.9011736694466097,-1.0161329645585022,0
-0.12657084635623306,-1.1099901739376037,-1.179024470547907,1.1263350150447857,-0.06640278899360229,-1.177851894974348,2.2830155895537843,-0.3041918912684436,-1.3751150855229646,0.23238544103697253,0.5505611813513597,0.5440170872249644,-1.0161329645585022,0
0.7206745964472937,-1.1099901739376037,-0.502969299721533,-0.20278300466042443,0.2715603651240624,0.9048055324001227,0.8577891279455886,1.4316811360790147,-1.4993184453303918,0.9204123179021463,-0.22345527558581418,1.317856348705196,-1.0161329645585022,0
0.21232733076517762,0.9009088760241706,-0.502969299721533,1.123713480489154,-0.23538436605243465,-1.177851894974348,0.38271364074285674,0.853056793629862,-1.7510820125076092,-0.6849837281165926,0.29255569570563505,0.7424374106814341,-1.0161329645585022,0
0.5512255078865883,0.9009088760241706,-0.502969299721533,1.126066544638486,0.4405419421828948,-1.177851894974348,2.4413740852880284,0.853056793629862,-0.0860856215756121,0.3470565871811683,0.29255569570563505,1.3773824457421369,0.9841231756854657,0
0.21232733076517762,0.9009088760241706,0.8491410419312149,1.129240812383558,-0.06640278899360229,-1.177851894974348,0.06599664927436881,-0.3041918912684436,1.1223795008750308,-0.7996548742607882,0.8085666669970842,-2.710076217461137,0.9841231756854657,0
0.7206745964472937,0.9009088760241706,0.8491410419312149,1.1233186710681253,0.6095235192417271,-1.177851894974348,1.6495816066168083,0.853056793629862,0.03811773823181484,-0.11162799739561437,0.8085666669970842,1.6353288662355472,-1.0161329645585022,0
1.2290218621294098,-1.1099901739376037,-1.179024470547907,1.1257191123479806,1.1164682504182242,-1.177851894974348,1.1745061194140765,1.4316811360790147,-1.0495008719737637,-0.34097028968400567,0.03455021005991044,-1.7576586648700827,0.9841231756854657,0
0.0428782422044723,-1.1099901739376037,-0.502969299721533,1.1236661033586306,-0.404365943111267,0.21058638994196582,0.06599664927436881,0.853056793629862,-1.173704231781191,-0.7996548742607882,0.5505611813513597,0.7225953783357871,0.9841231756854657,0
-0.12657084635623306,0.9009088760241706,-0.502969299721533,-0.20229344097834867,0.4405419421828948,0.9048055324001227,0.8577891279455886,1.4316811360790147,0.4745079213389917,0.9204123179021463,1.066572152642809,0.4844909901880236,0.9841231756854657,0
0.0428782422044723,-1.1099901739376037,0.17308587110484092,0.890033680370597,-0.06640278899360229,-1.177851894974348,0.5727438356239495,0.853056793629862,2.5725376478158033,-0.45564143582820127,1.066572152642809,-1.6386064707962011,-1.0161329645585022,1
0.890123685007999,0.9009088760241706,0.8491410419312149,1.1224342979650206,0.9474866733593919,-1.177851894974348,1.6495816066168083,0.2744324511807092,-1.0495008719737637,-0.11162799739561437,-0.22345527558581418,-1.7973427295613766,-1.0161329645585022,0
0.0428782422044723,0.9009088760241706,-1.179024470547907,-0.20573617912972025,-0.23538436605243465,0.9048055324001227,0.8577891279455886,-0.3041918912684436,2.032085190275376,0.9204123179021463,-0.22345527558581418,-0.4282424977117365,0.9841231756854657,0
-0.12657084635623306,0.9009088760241706,-0.502969299721533,1.1227659378786847,-0.06640278899360229,-1.177851894974348,-0.2507203421941191,-0.8828162337175963,-1.4254677989584081,-1.0289971665491795,1.066572152642809,-0.07108591549009124,0.9841231756854657,0
0.21232733076517762,-1.1099901739376037,1.5251962127575889,1.1248031544911936,-0.06640278899360229,-1.177851894974348,-0.963333572998217,0.2744324511807092,0.9981761410676039,-1.3730106049817663,0.5505611813513597,1.5559607368529593,-1.0161329645585022,0
0.0428782422044723,0.9009088760241706,-0.502969299721533,-0.8001296586770777,-0.23538436605243465,0.21058638994196582,-1.042512820865339,1.4316811360790147,-1.3751150855229646,-0.45564143582820127,-0.22345527558581418,-0.07108591549009124,0.9841231756854657,0
0.21232733076517762,-1.1099901739376037,0.8491410419312149,1.1272351805247314,0.2715603651240624,-1.177851894974348,2.4413740852880284,0.853056793629862,-0.12972463988633004,0.3470565871811683,0.5505611813513597,1.0995939929030794,-1.0161329645585022,0
-0.12657084635623306,-1.1099901739376037,-1.179024470547907,-0.7889328634966994,0.10257878806523006,0.21058638994196582,-0.17154109432699713,1.4316811360790147,-1.8752853723150364,1.6084391947673204,0.03455021005991044,-0.9838194033898514,0.9841231756854657,0
0.38177641932588297,-1.1099901739376037,0.8491410419312149,-0.7827580441518082,0.2715603651240624,0.21058638994196582,-0.5674373336626071,0.853056793629862,-1.7510820125076092,0.6910700256137552,0.8085666669970842,0.9408577341379036,0.9841231756854657,0
0.21232733076517762,0.9009088760241706,1.5251962127575889,-0.7865955917242087,-0.404365943111267,0.21058638994196582,0.06599664927436881,1.4316811360790147,-1.7510820125076092,2.1817949254882985,0.29255569570563505,1.2186461869769611,0.9841231756854657,0
0.0428782422044723,0.9009088760241706,-0.502969299721533,1.1234292177060132,-0.06640278899360229,-1.177851894974348,0.8577891279455886,1.4316811360790147,-0.25392799969375696,-0.45564143582820127,0.29255569570563505,1.1789621222856672,-1.0161329645585022,0
0.21232733076517762,0.9009088760241706,-1.179024470547907,0.5756232498400604,0.4405419421828948,-1.177851894974348,0.8894608270924373,0.2744324511807092,0.954537122756886,-0.11162799739561437,-0.22345527558581418,1.0003838311748445,-1.0161329645585022,1
0.38177641932588297,0.9009088760241706,1.5251962127575889,1.122686975994479,0.7785050963005594,-1.177851894974348,-0.2507203421941191,0.2744324511807092,-1.0964967378468442,-1.0289971665491795,1.066572152642809,0.6829113136444932,-1.0161329645585022,0
0.5512255078865883,-1.1099901739376037,0.8491410419312149,1.1199706871778006,0.7785050963005594,-1.177851894974348,0.4618928886099787,1.4316811360790147,0.15896425047687956,-0.6849837281165926,1.066572152642809,0.3455967637684949,0.9841231756854657,0
-0.12657084635623306,0.9009088760241706,0.8491410419312149,1.1198917252935947,-0.23538436605243465,0.21058638994196582,0.5727438356239495,0.853056793629862,0.04483143335654109,-0.570312581972397,0.5505611813513597,0.14717644031202531,-1.0161329645585022,0
0.0428782422044723,-1.1099901739376037,-0.502969299721533,-0.2943787903391181,0.6095235192417271,0.9048055324001227,0.8577891279455886,-1.461440576166749,1.3103629643673533,1.1497546101905376,0.29255569570563505,1.5758027691986063,-1.0161329645585022,1
0.5512255078865883,0.9009088760241706,-1.179024470547907,-0.7936074070416811,-0.06640278899360229,0.21058638994196582,-1.121692068732461,0.2744324511807092,0.001192415045823164,-0.6849837281165926,0.29255569570563505,-1.3608180179571436,0.9841231756854657,0
0.0428782422044723,0.9009088760241706,-0.502969299721533,1.1215657172387572,-0.23538436605243465,-1.177851894974348,-0.2507203421941191,-0.8828162337175963,0.04483143335654109,-1.0289971665491795,1.066572152642809,1.4170665104334308,-1.0161329645585022,0
0.21232733076517762,0.9009088760241706,-1.179024470547907,1.1231291625460313,-0.23538436605243465,-1.177851894974348,-0.5040939353689095,-0.3041918912684436,0.6255660616453219,-1.143668312693375,0.8085666669970842,0.12733440796637835,0.9841231756854657,0
1.0595727735687044,-1.1099901739376037,0.8491410419312149,1.125655942840616,1.4544314045358888,-1.177851894974348,0.38271364074285674,0.2744324511807092,-0.6936750303632967,-0.6849837281165926,0.8085666669970842,-0.15045404487267908,0.9841231756854657,0
-0.12657084635623306,-1.1099901739376037,-0.502969299721533,1.125561188579569,0.6095235192417271,-1.177851894974348,1.6495816066168083,-0.3041918912684436,0.001192415045823164,-0.11162799739561437,-0.22345527558581418,-0.9242933063529105,0.9841231756854657,0
0.0428782422044723,0.9009088760241706,0.8491410419312149,-0.1754464003483867,-0.06640278899360229,0.9048055324001227,0.8577891279455886,-1.461440576166749,0.5382880250238866,0.9204123179021463,1.066572152642809,-1.182239726846321,0.9841231756854657,0
0.21232733076517762,0.9009088760241706,-0.502969299721533,0.886954166886572,-0.23538436605243465,-1.177851894974348,2.4413740852880284,0.853056793629862,2.629604056375972,0.4617277333253637,0.29255569570563505,0.16701847265767225,-1.0161329645585022,1
0.21232733076517762,0.9009088760241706,1.5251962127575889,-0.16767655094253892,-0.404365943111267,0.9048055324001227,0.8577891279455886,0.853056793629862,-0.3680608168140954,0.9204123179021463,0.03455021005991044,1.1194360252487263,-1.0161329645585022,0
0.21232733076517762,-1.1099901739376037,1.5251962127575889,1.1253874724343165,0.9474866733593919,-1.177851894974348,-0.17154109432699713,-0.3041918912684436,0.8269769153870962,-0.9143260204049839,-0.22345527558581418,-0.2893482712922078,-1.0161329645585022,0
0.21232733076517762,0.9009088760241706,-0.502969299721533,0.8944081687555968,-0.23538436605243465,-1.177851894974348,2.4413740852880284,-0.3041918912684436,0.7229146409538463,0.4617277333253637,0.8085666669970842,0.5440170872249644,-1.0161329645585022,1
-0.12657084635623306,-1.1099901739376037,-0.502969299721533,1.1218341876450568,0.10257878806523006,-1.177851894974348,1.0121886612864766,0.853056793629862,0.5752133482098789,-0.34097028968400567,0.5505611813513597,-2.4124457322764323,0.9841231756854657,0
0.890123685007999,0.9009088760241706,-1.179024470547907,1.1174123221295336,0.9474866733593919,0.21058638994196582,-1.042512820865339,0.853056793629862,-1.0931398902844813,-1.3730106049817663,0.5505611813513597,-1.3012919209202027,0.9841231756854657,0
0.38177641932588297,0.9009088760241706,-1.179024470547907,1.1242820060554357,0.4405419421828948,-1.177851894974348,-0.607026957596168,-0.3041918912684436,-1.2005590122800942,-1.143668312693375,-0.22345527558581418,0.782121475372728,0.9841231756854657,0
0.38177641932588297,0.9009088760241706,0.8491410419312149,0.5726858677476058,0.10257878806523006,-1.177851894974348,3.2331665639592484,0.2744324511807092,1.5486991412951188,1.379096902478929,-0.22345527558581418,-0.40840046536608954,-1.0161329645585022,1
0.890123685007999,-1.1099901739376037,-0.502969299721533,-0.268431915189102,1.1164682504182242,0.9048055324001227,0.8577891279455886,0.2744324511807092,1.1458774338115711,1.1497546101905376,1.066572152642809,0.8416475724096689,-1.0161329645585022,1
-0.12657084635623306,0.9009088760241706,1.5251962127575889,-0.15554800552853257,-0.23538436605243465,0.9048055324001227,0.8577891279455886,-1.461440576166749,0.001192415045823164,0.8057411717579506,0.03455021005991044,-0.6663468858595001,0.9841231756854657,0
0.38177641932588297,0.9009088760241706,-1.179024470547907,-0.1442564560871074,0.4405419421828948,0.9048055324001227,0.8577891279455886,0.2744324511807092,-0.8447331706696268,0.8057411717579506,1.066572152642809,1.337698381050843,0.9841231756854657,0
0.0428782422044723,-1.1099901739376037,-1.179024470547907,1.123713480489154,-0.06640278899360229,-1.177851894974348,0.38271364074285674,0.853056793629862,-1.2979075915886182,-0.6849837281165926,-0.22345527558581418,0.14717644031202531,-1.0161329645585022,0
0.0428782422044723,-1.1099901739376037,-1.179024470547907,1.1381319205451277,-0.06640278899360229,-1.177851894974348,0.6677589330644959,0.853056793629862,-1.0495008719737637,-0.570312581972397,0.03455021005991044,-0.051243883144444294,0.9841231756854657,0
0.0428782422044723,-1.1099901739376037,-1.179024470547907,1.1385109375893154,0.4405419421828948,-1.177851894974348,0.38271364074285674,-0.3041918912684436,0.23617174441122635,-0.6849837281165926,0.29255569570563505,-2.4521297969677263,0.9841231756854657,0
0.0428782422044723,0.9009088760241706,-1.179024470547907,1.1370896236736117,-0.23538436605243465,-1.177851894974348,-1.2008713165995828,1.4316811360790147,-0.34120603631519225,-1.487681751125962,1.066572152642809,0.7225953783357871,0.9841231756854657,0
1.0595727735687044,0.9009088760241706,-0.502969299721533,1.141732582464911,1.6234129815947211,-1.177851894974348,0.0026532509806712224,1.4316811360790147,0.16232109803924238,-0.9143260204049839,-0.22345527558581418,0.8614896047553159,-1.0161329645585022,0
0.21232733076517762,0.9009088760241706,0.8491410419312149,1.138258259559857,-0.404365943111267,-1.177851894974348,-0.4090788379283631,1.4316811360790147,1.6829730437896346,-1.0289971665491795,-0.22345527558581418,-0.6068207888225592,0.9841231756854657,0
0.38177641932588297,0.9009088760241706,-0.502969299721533,1.1445752102963187,0.2715603651240624,-1.177851894974348,-0.2507203421941191,1.4316811360790147,-0.08944246913797492,-1.0289971665491795,0.5505611813513597,1.35754041339649,0.9841231756854657,0
0.890123685007999,0.9009088760241706,-0.502969299721533,1.1370106617894058,0.10257878806523006,-1.177851894974348,-0.013182598592753173,-0.3041918912684436,-1.8752853723150364,-0.9143260204049839,0.29255569570563505,0.6829113136444932,-1.0161329645585022,0
0.21232733076517762,0.9009088760241706,-1.179024470547907,1.1424432394227628,0.6095235192417271,-1.177851894974348,-0.49617601058219724,-0.8828162337175963,-0.21364582894540246,-1.143668312693375,0.29255569570563505,-0.11076998018138517,-1.0161329645585022,0
0.21232733076517762,-1.1099901739376037,-0.502969299721533,1.1435644981784847,0.4405419421828948,-1.177851894974348,0.22435514500861276,-0.3041918912684436,-1.3751150855229646,-0.7996548742607882,0.29255569570563505,-0.46792656240303043,-1.0161329645585022,0
0.38177641932588297,-1.1099901739376037,-1.179024470547907,0.90868447742,0.6095235192417271,-1.177851894974348,0.8577891279455886,-0.3041918912684436,-1.4993184453303918,-0.34097028968400567,0.03455021005991044,-1.0433455004267922,-1.0161329645585022,1
0.21232733076517762,0.9009088760241706,1.5251962127575889,-0.14495132066811817,0.4405419421828948,0.9048055324001227,0.8577891279455886,0.2744324511807092,0.7229146409538463,0.8057411717579506,-0.22345527558581418,-0.32903233598350173,-1.0161329645585022,0
-0.12657084635623306,-1.1099901739376037,0.8491410419312149,1.1439119304689902,0.10257878806523006,-1.177851894974348,-0.646616581529729,0.853056793629862,-1.173704231781191,-1.143668312693375,0.8085666669970842,1.0797519605574324,0.9841231756854657,0
0.890123685007999,0.9009088760241706,0.8491410419312149,-0.791649152313378,0.10257878806523006,0.21058638994196582,-1.2206661285663634,-0.3041918912684436,0.001192415045823164,-0.9143260204049839,0.8085666669970842,-0.4282424977117365,0.9841231756854657,0
0.21232733076517762,0.9009088760241706,-0.502969299721533,1.1444962484121128,0.2715603651240624,-1.177851894974348,0.8577891279455886,-0.3041918912684436,-1.0495008719737637,-0.45564143582820127,0.5505611813513597,0.5638591195706114,0.9841231756854657,0
0.7206745964472937,-1.1099901739376037,-0.502969299721533,-0.7877326428567717,0.4405419421828948,0.21058638994196582,-1.0662665952254755,-0.8828162337175963,0.27645391515958084,-0.570312581972397,0.29255569570563505,-0.5472946917856183,0.9841231756854657,0
-0.12657084635623306,-1.1099901739376037,1.5251962127575889,-0.12388428996201863,-0.23538436605243465,0.9048055324001227,0.8577891279455886,-1.461440576166749,-0.0860856215756121,0.8057411717579506,0.29255569570563505,0.7225953783357871,-1.0161329645585022,0
0.5512255078865883,-1.1099901739376037,-1.179024470547907,-0.1191465769096724,0.6095235192417271,0.9048055324001227,0.8577891279455886,0.853056793629862,1.4110683912382405,0.8057411717579506,1.066572152642809,-0.15045404487267908,0.9841231756854657,0
0.5512255078865883,-1.1099901739376037,1.5251962127575889,-0.7922492626333418,0.7785050963005594,0.21058638994196582,-0.5357656345157582,-0.8828162337175963,0.04483143335654109,0.8057411717579506,0.5505611813513597,1.1392780575943733,-1.0161329645585022,0
0.38177641932588297,0.9009088760241706,1.5251962127575889,1.1445436255426362,0.2715603651240624,-1.177851894974348,0.7627740305050422,1.4316811360790147,1.1861596045599256,-0.570312581972397,0.29255569570563505,-0.686188918205147,-1.0161329645585022,0
0.38177641932588297,0.9009088760241706,-0.502969299721533,-0.22203391202979125,-0.06640278899360229,0.9048055324001227,0.8577891279455886,-0.3041918912684436,1.0955247203761276,1.035083464046342,0.5505611813513597,-0.3488743683291487,-1.0161329645585022,1
1.2290218621294098,-1.1099901739376037,-0.502969299721533,1.1503236354664987,1.4544314045358888,-1.177851894974348,0.5410721364771007,-1.461440576166749,-0.21028898138303903,-0.570312581972397,0.5505611813513597,-0.40840046536608954,-1.0161329645585022,0
0.21232733076517762,-1.1099901739376037,0.8491410419312149,0.9237977820569845,0.2715603651240624,-1.177851894974348,3.2331665639592484,-1.461440576166749,2.780662196682302,0.9204123179021463,0.03455021005991044,-1.6981325678331418,-1.0161329645585022,1
1.2290218621294098,-1.1099901739376037,-1.179024470547907,1.1543664839378343,1.1164682504182242,-1.177851894974348,2.3226052134873454,0.2744324511807092,-0.21028898138303903,0.23238544103697253,0.03455021005991044,0.7622794430270811,-1.0161329645585022,0
-0.12657084635623306,0.9009088760241706,1.5251962127575889,1.158567256177581,-0.23538436605243465,-1.177851894974348,1.8079401023510524,0.853056793629862,-0.005521280078902488,0.003043148748581378,0.5505611813513597,1.6750129309268411,0.9841231756854657,0
0.21232733076517762,0.9009088760241706,1.5251962127575889,1.1581724467565522,0.10257878806523006,-1.177851894974348,2.3226052134873454,0.853056793629862,0.11868207972852446,0.23238544103697253,0.5505611813513597,0.4448069254967297,-1.0161329645585022,0
0.38177641932588297,0.9009088760241706,-0.502969299721533,0.924871663682183,0.4405419421828948,-1.177851894974348,1.6495816066168083,-1.461440576166749,1.2029438423717405,0.003043148748581378,0.29255569570563505,-2.273551505856904,-1.0161329645585022,1
0.0428782422044723,-1.1099901739376037,1.5251962127575889,1.1563089462892961,-0.23538436605243465,-1.177851894974348,-0.18737694390042153,-1.461440576166749,0.6255660616453219,-1.0289971665491795,0.29255569570563505,-0.051243883144444294,0.9841231756854657,0
0.890123685007999,0.9009088760241706,0.8491410419312149,0.9484654746828672,0.7785050963005594,-1.177851894974348,-0.7257958293968509,-0.3041918912684436,0.665848232393677,-1.143668312693375,-0.22345527558581418,-0.6266628211682062,-1.0161329645585022,1
-0.12657084635623306,0.9009088760241706,-1.179024470547907,1.1792236850858107,-0.23538436605243465,-1.177851894974348,3.549883555427736,1.4316811360790147,0.03476089066945202,0.8057411717579506,0.29255569570563505,0.4448069254967297,-1.0161329645585022,0
-0.12657084635623306,0.9009088760241706,-0.502969299721533,1.179144723201605,-0.404365943111267,-1.177851894974348,1.3328646151483206,-1.461440576166749,0.27645391515958084,-0.2262991435398101,0.03455021005991044,0.286070666731554,0.9841231756854657,0
-0.12657084635623306,0.9009088760241706,0.8491410419312149,0.9486076060744376,0.10257878806523006,-1.177851894974348,-0.963333572998217,-0.8828162337175963,0.5114332445249834,-1.2583394588375707,1.066572152642809,-1.5592383414136133,-1.0161329645585022,1
-0.12657084635623306,-1.1099901739376037,-1.179024470547907,0.9520029670952858,0.10257878806523006,-1.177851894974348,2.4413740852880284,-0.3041918912684436,0.790051592201104,0.4617277333253637,0.29255569570563505,0.286070666731554,-1.0161329645585022,1
0.7206745964472937,-1.1099901739376037,0.8491410419312149,1.1793974012310633,1.1164682504182242,0.21058638994196582,0.22435514500861276,1.4316811360790147,0.001192415045823164,-0.7996548742607882,0.5505611813513597,-2.3132355705481977,0.9841231756854657,0
1.0595727735687044,-1.1099901739376037,-1.179024470547907,1.1781813882142944,1.1164682504182242,-1.177851894974348,0.8577891279455886,-1.461440576166749,-1.6839450612603513,-0.45564143582820127,0.03455021005991044,-0.011559818453150373,0.9841231756854657,0
0.0428782422044723,0.9009088760241706,-0.502969299721533,1.1862828775338066,-0.06640278899360229,-1.177851894974348,-0.8841543251310949,0.853056793629862,0.7866947446387411,-1.2583394588375707,0.5505611813513597,0.4448069254967297,-1.0161329645585022,0
-0.12657084635623306,-1.1099901739376037,1.5251962127575889,0.9714591753635875,-0.404365943111267,-1.177851894974348,0.38271364074285674,-1.461440576166749,-0.0860856215756121,-0.6849837281165926,0.29255569570563505,1.1988041546313142,-1.0161329645585022,1
1.2290218621294098,-1.1099901739376037,-1.179024470547907,-0.10534403955050373,1.4544314045358888,0.9048055324001227,0.8577891279455886,-1.461440576166749,0.8336906105118219,0.6910700256137552,0.03455021005991044,-0.8250831446246757,0.9841231756854657,0
0.5512255078865883,0.9009088760241706,0.17308587110484092,-0.10897628622396917,-0.06640278899360229,0.9048055324001227,0.8577891279455886,-0.8828162337175963,0.23617174441122635,0.8057411717579506,0.5505611813513597,-2.3926036999307856,0.9841231756854657,0
-0.12657084635623306,0.9009088760241706,1.5251962127575889,1.2104767988544547,-0.23538436605243465,-1.177851894974348,0.06599664927436881,0.853056793629862,-1.4993184453303918,-0.9143260204049839,0.8085666669970842,0.7027533459901402,-1.0161329645585022,0
-0.12657084635623306,0.9009088760241706,0.8491410419312149,1.220962937076981,-0.06640278899360229,-1.177851894974348,-1.0266769712919146,0.2744324511807092,0.03476089066945202,-1.3730106049817663,0.5505611813513597,-0.5869787564769122,0.9841231756854657,0
0.21232733076517762,0.9009088760241706,0.8491410419312149,1.217488614171927,-0.23538436605243465,-1.177851894974348,3.2331665639592484,-0.8828162337175963,2.6128198185641573,0.5763988794695595,0.5505611813513597,-0.6068207888225592,-1.0161329645585022,0
-0.12657084635623306,0.9009088760241706,0.8491410419312149,1.2220368187021795,-0.911310674287764,-1.177851894974348,-0.7574675285436998,0.853056793629862,-0.46205254856025635,-1.2583394588375707,0.8085666669970842,0.7622794430270811,0.9841231756854657,0
0.38177641932588297,0.9009088760241706,-0.502969299721533,1.217678122694021,0.7785050963005594,-1.177851894974348,-0.8841543251310949,1.4316811360790147,0.001192415045823164,-1.2583394588375707,0.03455021005991044,1.3773824457421369,0.9841231756854657,0
0.38177641932588297,0.9009088760241706,1.5251962127575889,1.2181203092455732,0.10257878806523006,-1.177851894974348,2.7580910767565165,1.4316811360790147,0.23617174441122635,0.3470565871811683,0.03455021005991044,0.8614896047553159,0.9841231756854657,0
0.5512255078865883,0.9009088760241706,0.8491410419312149,-0.10915000236922187,0.7785050963005594,0.9048055324001227,0.8577891279455886,-0.8828162337175963,-0.8447331706696268,0.8057411717579506,0.8085666669970842,0.7424374106814341,0.9841231756854657,0
-0.12657084635623306,-1.1099901739376037,-0.502969299721533,1.2120402441617288,0.4405419421828948,0.21058638994196582,0.8577891279455886,0.2744324511807092,-1.6705176710108995,-0.45564143582820127,1.066572152642809,1.0003838311748445,0.9841231756854657,0
1.2290218621294098,0.9009088760241706,-1.179024470547907,1.2183887796518729,0.7785050963005594,-1.177851894974348,-0.7257958293968509,-1.461440576166749,-0.11965409719924096,-1.2583394588375707,0.29255569570563505,0.20670253734896618,0.9841231756854657,0
1.2290218621294098,-1.1099901739376037,1.5251962127575889,-0.10537562430418604,1.4544314045358888,0.9048055324001227,0.8577891279455886,-0.3041918912684436,0.8135495251376443,0.6910700256137552,-0.22345527558581418,1.5758027691986063,0.9841231756854657,0
0.38177641932588297,0.9009088760241706,-1.179024470547907,1.2195890002918006,0.4405419421828948,-1.177851894974348,-0.4090788379283631,1.4316811360790147,-0.3680608168140954,-1.143668312693375,0.8085666669970842,0.9408577341379036,0.9841231756854657,0
-0.12657084635623306,0.9009088760241706,-1.179024470547907,1.223015946066331,-0.06640278899360229,-1.177851894974348,0.0976683484212176,-1.461440576166749,-1.173704231781191,-0.9143260204049839,0.03455021005991044,1.1988041546313142,-1.0161329645585022,0
0.7206745964472937,-1.1099901739376037,-0.502969299721533,1.215846206980447,0.9474866733593919,-1.177851894974348,0.5410721364771007,0.2744324511807092,0.5651428055227898,-0.6849837281165926,0.5505611813513597,1.5559607368529593,-1.0161329645585022,0
0.890123685007999,0.9009088760241706,0.8491410419312149,-0.22648736229899671,1.1164682504182242,0.9048055324001227,0.8577891279455886,-1.461440576166749,0.2865244578466693,1.035083464046342,0.29255569570563505,-1.202081759191968,-1.0161329645585022,1
0.21232733076517762,0.9009088760241706,-1.179024470547907,1.214409100687902,0.2715603651240624,0.21058638994196582,-0.4090788379283631,1.4316811360790147,1.223084927745918,-1.143668312693375,0.8085666669970842,0.9210157017922567,0.9841231756854657,0
0.5512255078865883,-1.1099901739376037,-1.179024470547907,-0.11096612570595459,0.4405419421828948,0.9048055324001227,0.8577891279455886,1.4316811360790147,0.03811773823181484,0.8057411717579506,-0.22345527558581418,0.08765034327508442,0.9841231756854657,0
1.0595727735687044,0.9009088760241706,-1.179024470547907,1.2145512320794725,1.1164682504182242,-1.177851894974348,1.6495816066168083,-1.461440576166749,-0.11965409719924096,-0.11162799739561437,1.066572152642809,0.7622794430270811,-1.0161329645585022,0
0.7206745964472937,-1.1099901739376037,-1.179024470547907,1.2179308007234793,0.7785050963005594,-1.177851894974348,1.0953268715469546,0.2744324511807092,-1.8752853723150364,-0.34097028968400567,0.5505611813513597,-0.17029607721832604,0.9841231756854657,0
0.21232733076517762,-1.1099901739376037,-0.502969299721533,1.2124350535827577,0.2715603651240624,-1.177851894974348,2.4097023861411793,-0.8828162337175963,-1.1804179269059165,0.23238544103697253,1.066572152642809,0.10749237562073138,-1.0161329645585022,0
0.890123685007999,0.9009088760241706,-1.179024470547907,0.9936790495790914,0.9474866733593919,-1.177851894974348,4.024959042630468,-1.461440576166749,2.17642963545698,1.2644257563347332,0.29255569570563505,0.32575473142284794,-1.0161329645585022,1
0.5512255078865883,0.9009088760241706,-1.179024470547907,1.2185467034202844,0.2715603651240624,-1.177851894974348,-1.2642147148932805,0.2744324511807092,1.0015329886299666,-1.487681751125962,0.03455021005991044,0.26622863438590705,0.9841231756854657,0
1.0595727735687044,0.9009088760241706,-1.179024470547907,-0.1092447566302688,1.1164682504182242,0.9048055324001227,0.8577891279455886,0.2744324511807092,-1.0495008719737637,0.8057411717579506,0.29255569570563505,1.1988041546313142,-1.0161329645585022,0
0.890123685007999,0.9009088760241706,0.8491410419312149,1.2172201437656274,1.1164682504182242,-1.177851894974348,-1.1375279183058853,0.853056793629862,-1.8752853723150364,-1.3730106049817663,0.29255569570563505,1.0599099282117854,0.9841231756854657,0
0.21232733076517762,-1.1099901739376037,-0.502969299721533,1.2149934186310247,0.2715603651240624,-1.177851894974348,-0.8524826259842462,-1.461440576166749,-1.3482603050240614,-1.2583394588375707,0.5505611813513597,-0.03140185079879733,0.9841231756854657,0
0.38177641932588297,-1.1099901739376037,-0.502969299721533,1.2212945769906451,0.4405419421828948,-1.177851894974348,0.06599664927436881,-1.461440576166749,-0.8447331706696268,-0.9143260204049839,1.066572152642809,-0.011559818453150373,-1.0161329645585022,0
0.7206745964472937,0.9009088760241706,1.5251962127575889,1.2175517836792917,0.2715603651240624,-1.177851894974348,2.91644957249076,-0.8828162337175963,-0.8447331706696268,0.4617277333253637,0.29255569570563505,0.9011736694466097,-1.0161329645585022,0
1.0595727735687044,0.9009088760241706,0.8491410419312149,-0.22141800933298625,0.9474866733593919,0.9048055324001227,0.8577891279455886,-0.3041918912684436,1.0418151593783211,1.035083464046342,0.29255569570563505,0.4249648931510827,-1.0161329645585022,1
-0.12657084635623306,0.9009088760241706,0.8491410419312149,1.2143775159342196,-0.06640278899360229,-1.177851894974348,2.2830155895537843,1.4316811360790147,-0.005521280078902488,0.1177142948927768,1.066572152642809,0.38528082845978884,-1.0161329645585022,0
0.5512255078865883,-1.1099901739376037,1.5251962127575889,1.2148670796162955,0.4405419421828948,-1.177851894974348,0.034324950127520015,0.2744324511807092,-0.8447331706696268,-0.9143260204049839,-0.22345527558581418,1.35754041339649,-1.0161329645585022,0
0.890123685007999,0.9009088760241706,-0.502969299721533,-0.10698644674198375,1.1164682504182242,0.9048055324001227,0.8577891279455886,0.853056793629862,0.9343960373827085,0.8057411717579506,0.29255569570563505,-0.051243883144444294,0.9841231756854657,0
1.2290218621294098,-1.1099901739376037,0.8491410419312149,-0.22287090800237244,1.2854498274770565,0.9048055324001227,0.8577891279455886,1.4316811360790147,1.6359771779165546,1.035083464046342,0.5505611813513597,-0.6663468858595001,-1.0161329645585022,1
0.7206745964472937,-1.1099901739376037,-0.502969299721533,1.2171569742582629,0.4405419421828948,-1.177851894974348,-0.3298995900612411,-0.8828162337175963,-1.2475548781531747,-1.0289971665491795,0.03455021005991044,0.6233852166075523,-1.0161329645585022,0
0.38177641932588297,0.9009088760241706,-0.502969299721533,1.2120402441617288,0.2715603651240624,-1.177851894974348,3.7478316750955414,-0.8828162337175963,0.6893461653302174,0.8057411717579506,-0.22345527558581418,0.5837011519162584,0.9841231756854657,0
0.0428782422044723,-1.1099901739376037,-0.502969299721533,0.9918629262423586,-0.06640278899360229,-1.177851894974348,2.4413740852880284,0.853056793629862,3.018998373610068,0.4617277333253637,0.03455021005991044,-0.46792656240303043,-1.0161329645585022,1
0.0428782422044723,-1.1099901739376037,1.5251962127575889,-0.09321549413649739,0.2715603651240624,0.9048055324001227,0.8577891279455886,-0.3041918912684436,1.0015329886299666,0.6910700256137552,0.29255569570563505,-0.44808453005738347,-1.0161329645585022,0
-0.12657084635623306,0.9009088760241706,0.8491410419312149,1.213493142831115,-0.23538436605243465,-1.177851894974348,0.22435514500861276,-0.8828162337175963,-0.4654093961226198,-0.7996548742607882,-0.22345527558581418,0.5241750548793175,0.9841231756854657,0
-0.12657084635623306,-1.1099901739376037,-0.502969299721533,1.2112032481891477,-0.23538436605243465,-1.177851894974348,-0.7257958293968509,1.4316811360790147,-0.34120603631519225,-1.2583394588375707,0.8085666669970842,0.5837011519162584,-1.0161329645585022,0
-0.12657084635623306,0.9009088760241706,-0.502969299721533,1.2187677966960606,-0.5733475201700994,-1.177851894974348,0.8577891279455886,-0.3041918912684436,-1.7510820125076092,-0.45564143582820127,0.29255569570563505,0.028124246238143545,-1.0161329645585022,0
-0.12657084635623306,-1.1099901739376037,1.5251962127575889,1.2194468689002302,0.2715603651240624,-1.177851894974348,-0.2507203421941191,0.853056793629862,0.7866947446387411,-1.0289971665491795,0.29255569570563505,1.694854963272488,0.9841231756854657,0
0.0428782422044723,-1.1099901739376037,-0.502969299721533,1.21082423114496,-0.06640278899360229,-1.177851894974348,0.5410721364771007,0.853056793629862,-0.0860856215756121,-0.6849837281165926,1.066572152642809,-1.2814498885745558,0.9841231756854657,0
0.7206745964472937,-1.1099901739376037,0.8491410419312149,0.9921471890254994,0.7785050963005594,-1.177851894974348,-0.11215665842665565,-1.461440576166749,1.286865031430813,-0.9143260204049839,-0.22345527558581418,0.20670253734896618,-1.0161329645585022,1
1.0595727735687044,0.9009088760241706,-0.502969299721533,1.2201101487275585,1.4544314045358888,-1.177851894974348,-0.49617601058219724,0.2744324511807092,0.7464125738903866,-1.143668312693375,0.29255569570563505,1.5956448015442533,-1.0161329645585022,0
0.5512255078865883,-1.1099901739376037,-0.502969299721533,-0.20384109390878177,-0.23538436605243465,0.9048055324001227,0.8577891279455886,0.2744324511807092,1.5352717510456675,0.9204123179021463,1.066572152642809,0.4448069254967297,-1.0161329645585022,1
0.0428782422044723,-1.1099901739376037,-0.502969299721533,-0.0799025204594045,-0.06640278899360229,0.9048055324001227,0.8577891279455886,0.2744324511807092,-0.21364582894540246,0.6910700256137552,0.03455021005991044,0.4249648931510827,-1.0161329645585022,0
1.2290218621294098,0.9009088760241706,-1.179024470547907,1.2216262169043095,1.2854498274770565,-1.177851894974348,-0.4090788379283631,-0.3041918912684436,0.9981761410676039,-1.143668312693375,-0.22345527558581418,-1.678290535487495,0.9841231756854657,0
1.0595727735687044,0.9009088760241706,-0.502969299721533,1.2186730424350136,0.7785050963005594,-1.177851894974348,-0.7257958293968509,-0.3041918912684436,2.1999275683935204,-1.2583394588375707,0.29255569570563505,0.028124246238143545,-1.0161329645585022,0
-0.12657084635623306,-1.1099901739376037,0.8491410419312149,-0.07705989262799677,-0.404365943111267,0.9048055324001227,0.8577891279455886,1.4316811360790147,1.4110683912382405,0.6910700256137552,0.03455021005991044,0.8416475724096689,-1.0161329645585022,0
1.2290218621294098,0.9009088760241706,1.5251962127575889,1.2220526110790206,1.6234129815947211,-1.177851894974348,-0.09236184645987515,-1.461440576166749,0.5785701957722418,-0.9143260204049839,0.5505611813513597,-0.051243883144444294,0.9841231756854657,0
0.21232733076517762,-1.1099901739376037,1.5251962127575889,-0.07516480740705828,0.6095235192417271,0.9048055324001227,0.8577891279455886,1.4316811360790147,-1.3751150855229646,0.6910700256137552,1.066572152642809,1.9726434161115456,0.9841231756854657,0
-0.12657084635623306,-1.1099901739376037,-1.179024470547907,1.2182308558834614,-0.23538436605243465,-1.177851894974348,1.8079401023510524,-0.3041918912684436,-0.12972463988633004,-0.11162799739561437,0.29255569570563505,0.5241750548793175,-1.0161329645585022,0
0.0428782422044723,0.9009088760241706,0.8491410419312149,-0.06802665307485663,-0.06640278899360229,0.9048055324001227,0.8577891279455886,-0.8828162337175963,-1.0427871768490378,0.6910700256137552,0.5505611813513597,-2.630708088078549,0.9841231756854657,0
0.890123685007999,0.9009088760241706,1.5251962127575889,0.9863987638553193,0.2715603651240624,-1.177851894974348,2.4413740852880284,-1.461440576166749,1.327147202179168,0.4617277333253637,0.8085666669970842,0.46464895784237664,-1.0161329645585022,1
0.7206745964472937,0.9009088760241706,1.5251962127575889,-0.06565779654868352,0.7785050963005594,0.9048055324001227,0.8577891279455886,0.2744324511807092,0.665848232393677,0.6910700256137552,0.03455021005991044,0.5043330225336705,0.9841231756854657,0
0.890123685007999,0.9009088760241706,-0.502969299721533,1.214409100687902,0.4405419421828948,-1.177851894974348,2.4413740852880284,0.853056793629862,1.451350561986595,0.23238544103697253,1.066572152642809,-1.182239726846321,0.9841231756854657,0
0.0428782422044723,0.9009088760241706,-1.179024470547907,1.215135550022595,-0.5733475201700994,0.21058638994196582,2.2830155895537843,-0.8828162337175963,0.27645391515958084,0.1177142948927768,1.066572152642809,-1.3806600503027906,0.9841231756854657,0
-0.12657084635623306,0.9009088760241706,-1.179024470547907,1.2186414576813314,-0.23538436605243465,0.21058638994196582,1.8079401023510524,1.4316811360790147,0.001192415045823164,-0.11162799739561437,0.8085666669970842,0.0479662785837905,0.9841231756854657,0
0.38177641932588297,0.9009088760241706,0.8491410419312149,-0.8079784699671313,0.2715603651240624,0.21058638994196582,-0.4090788379283631,1.4316811360790147,-1.173704231781191,1.1497546101905376,0.5505611813513597,0.3455967637684949,0.9841231756854657,0
0.890123685007999,0.9009088760241706,0.8491410419312149,-0.06643162301390007,0.4405419421828948,0.9048055324001227,0.8577891279455886,-0.8828162337175963,0.3301634761573873,0.6910700256137552,0.5505611813513597,0.801963507718375,0.9841231756854657,0
0.0428782422044723,0.9009088760241706,-0.502969299721533,1.2222579119779555,0.7785050963005594,-1.177851894974348,-0.6307807319563046,-0.8828162337175963,1.5587696839822078,-1.143668312693375,0.8085666669970842,-0.9639773710442044,0.9841231756854657,0
0.0428782422044723,-1.1099901739376037,0.8491410419312149,-0.1626229903533696,-0.23538436605243465,0.9048055324001227,0.8577891279455886,1.4316811360790147,1.0418151593783211,0.9204123179021463,1.066572152642809,0.8614896047553159,-1.0161329645585022,1
0.7206745964472937,-1.1099901739376037,-1.179024470547907,1.2133194266858625,0.4405419421828948,-1.177851894974348,0.38271364074285674,0.853056793629862,-0.811164695045998,-0.6849837281165926,0.29255569570563505,0.9210157017922567,0.9841231756854657,0
0.21232733076517762,-1.1099901739376037,-0.502969299721533,1.2156882832120355,0.10257878806523006,-1.177851894974348,1.2536853672811985,1.4316811360790147,-0.6936750303632967,-0.34097028968400567,0.8085666669970842,-0.6266628211682062,0.9841231756854657,0
0.7206745964472937,0.9009088760241706,0.8491410419312149,-0.1607279051324311,-0.06640278899360229,0.9048055324001227,0.8577891279455886,0.853056793629862,0.27645391515958084,0.9204123179021463,-0.22345527558581418,-0.6465048535138531,-1.0161329645585022,1
0.21232733076517762,0.9009088760241706,1.5251962127575889,1.2163199782856817,0.4405419421828948,-1.177851894974348,1.3328646151483206,-1.461440576166749,0.7430557263280237,-0.34097028968400567,0.5505611813513597,1.9924854484571926,-1.0161329645585022,0
0.38177641932588297,0.9009088760241706,-0.502969299721533,1.2185467034202844,0.2715603651240624,-1.177851894974348,-0.5674373336626071,0.2744324511807092,0.4040141225293712,-1.143668312693375,0.8085666669970842,-1.102871597463733,0.9841231756854657,0
0.0428782422044723,0.9009088760241706,-1.179024470547907,1.2149618338773425,0.10257878806523006,-1.177851894974348,-0.09236184645987515,-0.8828162337175963,-1.0092187012254088,-0.9143260204049839,0.03455021005991044,0.26622863438590705,0.9841231756854657,0
0.38177641932588297,-1.1099901739376037,1.5251962127575889,1.2161778468941113,0.6095235192417271,-1.177851894974348,-0.17154109432699713,-0.3041918912684436,0.6154955189582334,-1.0289971665491795,-0.22345527558581418,0.028124246238143545,0.9841231756854657,0
1.0595727735687044,0.9009088760241706,1.5251962127575889,0.9919260957497232,0.9474866733593919,-1.177851894974348,2.4413740852880284,-0.8828162337175963,0.25966967734776614,0.4617277333253637,0.29255569570563505,-0.190138109563973,-1.0161329645585022,1
0.21232733076517762,0.9009088760241706,1.5251962127575889,1.220757636178046,0.10257878806523006,-1.177851894974348,-0.5674373336626071,-1.461440576166749,0.6826324702054911,-1.143668312693375,0.8085666669970842,0.7225953783357871,-1.0161329645585022,0
-0.12657084635623306,0.9009088760241706,-0.502969299721533,1.216667410576187,-0.5733475201700994,-1.177851894974348,-0.7257958293968509,0.853056793629862,-0.7977373047965461,-1.2583394588375707,-0.22345527558581418,-0.2893482712922078,0.9841231756854657,0
0.0428782422044723,0.9009088760241706,1.5251962127575889,1.2167463724603929,-0.404365943111267,-1.177851894974348,0.38271364074285674,-0.3041918912684436,0.8538316958859994,-0.6849837281165926,0.5505611813513597,1.0003838311748445,0.9841231756854657,0
1.2290218621294098,0.9009088760241706,0.8491410419312149,1.2151987195299596,0.6095235192417271,-1.177851894974348,0.38271364074285674,0.853056793629862,-0.3109944082539262,-0.6849837281165926,0.29255569570563505,-1.4005020826484376,0.9841231756854657,0
1.0595727735687044,-1.1099901739376037,-0.502969299721533,-0.031183037904444152,1.2854498274770565,0.9048055324001227,0.8577891279455886,-0.8828162337175963,-0.25392799969375696,0.5763988794695595,0.5505611813513597,-1.0433455004267922,0.9841231756854657,0
0.0428782422044723,0.9009088760241706,1.5251962127575889,-0.013606122480239654,0.2715603651240624,0.9048055324001227,0.8577891279455886,-0.3041918912684436,-1.173704231781191,0.5763988794695595,0.03455021005991044,1.5758027691986063,0.9841231756854657,0
0.21232733076517762,-1.1099901739376037,0.8491410419312149,1.238697776269597,-0.404365943111267,-1.177851894974348,-0.7574675285436998,1.4316811360790147,0.23617174441122635,-1.2583394588375707,0.8085666669970842,0.4448069254967297,-1.0161329645585022,0
0.38177641932588297,-1.1099901739376037,-0.502969299721533,-0.8199175068590437,0.7785050963005594,0.21058638994196582,-0.7257958293968509,0.2744324511807092,-1.173704231781191,0.4617277333253637,1.066572152642809,-0.38855843302044263,0.9841231756854657,0
-0.12657084635623306,0.9009088760241706,-0.502969299721533,1.010450553784397,0.6095235192417271,-1.177851894974348,3.2331665639592484,-1.461440576166749,2.431550050196561,0.8057411717579506,0.29255569570563505,-0.2893482712922078,-1.0161329645585022,1
0.7206745964472937,0.9009088760241706,1.5251962127575889,1.2374343861223047,0.7785050963005594,-1.177851894974348,0.25602684415546156,-1.461440576166749,-0.25392799969375696,-0.7996548742607882,-0.22345527558581418,1.4765926074703717,-1.0161329645585022,0
0.0428782422044723,0.9009088760241706,0.8491410419312149,1.2376081022675574,0.2715603651240624,-1.177851894974348,2.4413740852880284,-0.8828162337175963,-1.0427871768490378,0.23238544103697253,-0.22345527558581418,-1.0433455004267922,-1.0161329645585022,0
0.38177641932588297,0.9009088760241706,1.5251962127575889,1.23203339324263,0.2715603651240624,-1.177851894974348,-0.7257958293968509,1.4316811360790147,-0.8447331706696268,-1.2583394588375707,0.5505611813513597,1.9924854484571926,-1.0161329645585022,0
0.0428782422044723,-1.1099901739376037,-0.502969299721533,1.2371975004696874,-0.23538436605243465,-1.177851894974348,0.06599664927436881,1.4316811360790147,0.7866947446387411,-0.9143260204049839,1.066572152642809,0.3654387961141419,0.9841231756854657,0
-0.12657084635623306,-1.1099901739376037,-0.502969299721533,1.0238109045920134,0.4405419421828948,-1.177851894974348,0.06599664927436881,-0.3041918912684436,0.5382880250238866,-0.7996548742607882,0.03455021005991044,-1.202081759191968,-1.0161329645585022,1
0.21232733076517762,-1.1099901739376037,-1.179024470547907,1.0268114561918327,0.4405419421828948,-1.177851894974348,0.6994306322113446,-1.461440576166749,-1.623521805137819,-0.45564143582820127,0.8085666669970842,1.238488219322608,-1.0161329645585022,1
1.2290218621294098,-1.1099901739376037,1.5251962127575889,1.255106055807556,1.2854498274770565,-1.177851894974348,1.9662985980852963,0.853056793629862,-1.4993184453303918,0.003043148748581378,-0.22345527558581418,0.8813316371009629,0.9841231756854657,0
0.7206745964472937,-1.1099901739376037,0.8491410419312149,1.2523108051066718,0.7785050963005594,-1.177851894974348,1.3328646151483206,1.4316811360790147,0.001192415045823164,-0.34097028968400567,-0.22345527558581418,-0.7457150152420878,0.9841231756854657,0
0.0428782422044723,0.9009088760241706,-1.179024470547907,1.2559588441569784,-0.911310674287764,-1.177851894974348,2.4413740852880284,-1.461440576166749,-0.34120603631519225,0.23238544103697253,1.066572152642809,0.26622863438590705,0.9841231756854657,0
0.7206745964472937,-1.1099901739376037,0.8491410419312149,1.2532109705866175,0.9474866733593919,-1.177851894974348,2.4413740852880284,-0.3041918912684436,-0.005521280078902488,0.23238544103697253,0.29255569570563505,0.2463866020402601,0.9841231756854657,0
0.0428782422044723,0.9009088760241706,1.5251962127575889,1.2701877756908582,-0.06640278899360229,-1.177851894974348,1.6495816066168083,0.2744324511807092,-0.11965409719924096,-0.2262991435398101,-0.22345527558581418,1.6353288662355472,-1.0161329645585022,0
1.0595727735687044,0.9009088760241706,0.8491410419312149,-0.013795631002333502,0.9474866733593919,0.9048055324001227,0.8577891279455886,0.853056793629862,0.001192415045823164,0.5763988794695595,0.03455021005991044,0.4448069254967297,0.9841231756854657,0
1.2290218621294098,-1.1099901739376037,-0.502969299721533,1.2673609402362915,0.6095235192417271,-1.177851894974348,0.8577891279455886,-0.3041918912684436,1.934736610966852,-0.570312581972397,0.29255569570563505,0.6432272489531993,-1.0161329645585022,0
0.21232733076517762,0.9009088760241706,-1.179024470547907,-0.01246907134767656,-0.06640278899360229,0.9048055324001227,0.8577891279455886,1.4316811360790147,0.27645391515958084,0.5763988794695595,0.8085666669970842,0.10749237562073138,0.9841231756854657,0
0.5512255078865883,0.9009088760241706,-1.179024470547907,1.0469783214179864,0.9474866733593919,-1.177851894974348,0.38271364074285674,1.4316811360790147,1.7736079279734327,-0.6849837281165926,0.03455021005991044,-0.40840046536608954,-1.0161329645585022,1
0.21232733076517762,-1.1099901739376037,1.5251962127575889,-0.008457807630023422,-0.23538436605243465,0.9048055324001227,0.8577891279455886,-0.8828162337175963,1.676259348664909,0.5763988794695595,0.5505611813513597,1.5162766721616654,0.9841231756854657,0
1.0595727735687044,-1.1099901739376037,1.5251962127575889,1.048273296318961,0.7785050963005594,-1.177851894974348,0.38271364074285674,-0.3041918912684436,1.2029438423717405,-0.6849837281165926,0.5505611813513597,-0.5076106270943244,-1.0161329645585022,1
-0.12657084635623306,-1.1099901739376037,0.8491410419312149,-0.014190440423362354,-0.404365943111267,0.9048055324001227,0.8577891279455886,-0.8828162337175963,0.6154955189582334,0.5763988794695595,-0.22345527558581418,0.32575473142284794,-1.0161329645585022,0
0.38177641932588297,0.9009088760241706,-1.179024470547907,1.2928972135884378,-0.06640278899360229,-1.177851894974348,-0.6307807319563046,-1.461440576166749,0.001192415045823164,-1.2583394588375707,-0.22345527558581418,0.5440170872249644,0.9841231756854657,0
0.21232733076517762,0.9009088760241706,1.5251962127575889,1.2958345956808925,-0.23538436605243465,-1.177851894974348,-0.5674373336626071,-1.461440576166749,-1.6839450612603513,-1.143668312693375,0.5505611813513597,0.4249648931510827,0.9841231756854657,0
1.2290218621294098,-1.1099901739376037,-1.179024470547907,1.0637024484927686,0.9474866733593919,-1.177851894974348,2.4413740852880284,1.4316811360790147,1.407711543675877,0.3470565871811683,1.066572152642809,1.1988041546313142,-1.0161329645585022,1
0.21232733076517762,-1.1099901739376037,0.8491410419312149,1.2942711503736182,-0.06640278899360229,-1.177851894974348,-0.2507203421941191,0.853056793629862,1.0787404825643134,-1.0289971665491795,0.29255569570563505,-0.4877685947486774,0.9841231756854657,0
0.38177641932588297,-1.1099901739376037,0.8491410419312149,1.3039834621309279,0.6095235192417271,-1.177851894974348,2.2830155895537843,-1.461440576166749,1.6628319584154578,0.1177142948927768,0.03455021005991044,-1.202081759191968,0.9841231756854657,0
0.5512255078865883,0.9009088760241706,-1.179024470547907,1.3084369124001334,0.7785050963005594,-1.177851894974348,1.3328646151483206,1.4316811360790147,-0.08944246913797492,-0.34097028968400567,0.8085666669970842,-0.30919030363785477,0.9841231756854657,0
0.0428782422044723,0.9009088760241706,0.8491410419312149,-0.26220971871368726,-0.06640278899360229,0.9048055324001227,0.8577891279455886,0.2744324511807092,0.001192415045823164,1.1497546101905376,0.8085666669970842,0.0479662785837905,-1.0161329645585022,1
0.21232733076517762,0.9009088760241706,1.5251962127575889,0.024927277012176313,0.10257878806523006,0.9048055324001227,0.8577891279455886,-0.8828162337175963,0.860545391010725,0.4617277333253637,0.8085666669970842,0.6630692812988462,0.9841231756854657,0
0.890123685007999,0.9009088760241706,-0.502969299721533,1.3112163707241766,0.7785050963005594,-1.177851894974348,0.38271364074285674,-1.461440576166749,-1.0427871768490378,-0.7996548742607882,0.29255569570563505,0.7225953783357871,0.9841231756854657,0
0.38177641932588297,-1.1099901739376037,-0.502969299721533,1.31003194246109,0.9474866733593919,-1.177851894974348,3.549883555427736,-1.461440576166749,-1.0427871768490378,0.6910700256137552,0.8085666669970842,1.8932752867289577,0.9841231756854657,0
0.890123685007999,-1.1099901739376037,1.5251962127575889,1.3121954980883281,0.7785050963005594,-1.177851894974348,2.005888222018857,0.2744324511807092,0.001192415045823164,0.003043148748581378,0.8085666669970842,1.0995939929030794,0.9841231756854657,0
1.0595727735687044,-1.1099901739376037,-0.502969299721533,1.3201074788857463,1.1164682504182242,-1.177851894974348,0.8577891279455886,0.853056793629862,-1.8752853723150364,-0.570312581972397,0.03455021005991044,-0.011559818453150373,0.9841231756854657,0
0.21232733076517762,0.9009088760241706,-1.179024470547907,1.31085314605683,0.10257878806523006,-1.177851894974348,2.2830155895537843,0.2744324511807092,-1.6839450612603513,0.1177142948927768,1.066572152642809,-0.32903233598350173,0.9841231756854657,0
0.0428782422044723,-1.1099901739376037,-1.179024470547907,1.312069159073599,-0.23538436605243465,-1.177851894974348,0.7627740305050422,0.2744324511807092,-1.8752853723150364,-0.570312581972397,0.5505611813513597,0.9210157017922567,0.9841231756854657,0
0.21232733076517762,0.9009088760241706,0.8491410419312149,-0.09176259546711121,0.4405419421828948,0.9048055324001227,0.8577891279455886,0.853056793629862,1.327147202179168,0.6910700256137552,0.5505611813513597,-1.5393963090679663,-1.0161329645585022,1
0.7206745964472937,0.9009088760241706,-0.502969299721533,1.3142642994545193,0.9474866733593919,-1.177851894974348,0.06599664927436881,0.853056793629862,-0.005521280078902488,-0.9143260204049839,0.03455021005991044,0.4249648931510827,0.9841231756854657,0
0.21232733076517762,0.9009088760241706,1.5251962127575889,0.039203585676579604,0.4405419421828948,0.9048055324001227,0.8577891279455886,0.853056793629862,0.2865244578466693,0.4617277333253637,0.5505611813513597,1.6750129309268411,0.9841231756854657,0
0.7206745964472937,-1.1099901739376037,-1.179024470547907,1.3123376294798985,1.1164682504182242,-1.177851894974348,1.0161476236798326,-1.461440576166749,0.001192415045823164,-0.45564143582820127,1.066572152642809,1.0599099282117854,0.9841231756854657,0
0.890123685007999,-1.1099901739376037,1.5251962127575889,1.3119112353051874,0.9474866733593919,0.21058638994196582,-0.5238887473356899,0.853056793629862,-1.3751150855229646,-1.143668312693375,0.29255569570563505,2.230589836604956,-1.0161329645585022,0
0.5512255078865883,-1.1099901739376037,-0.502969299721533,0.03197067708333103,0.9474866733593919,0.9048055324001227,0.8577891279455886,-0.8828162337175963,0.2965950005337584,0.4617277333253637,0.5505611813513597,-0.686188918205147,-1.0161329645585022,0
0.5512255078865883,0.9009088760241706,1.5251962127575889,1.3084369124001334,0.7785050963005594,-1.177851894974348,0.8577891279455886,0.853056793629862,-0.0860856215756121,-0.570312581972397,0.03455021005991044,-0.03140185079879733,-1.0161329645585022,0
-0.12657084635623306,0.9009088760241706,-1.179024470547907,1.3176122833448438,-0.23538436605243465,-1.177851894974348,2.4413740852880284,0.2744324511807092,0.03811773823181484,0.1177142948927768,0.5505611813513597,-1.4203441149940845,0.9841231756854657,0
0.0428782422044723,0.9009088760241706,-1.179024470547907,1.0842325383862688,-0.23538436605243465,-1.177851894974348,0.06599664927436881,0.853056793629862,-1.2979075915886182,-0.7996548742607882,0.03455021005991044,0.12733440796637835,-1.0161329645585022,1
0.5512255078865883,0.9009088760241706,-0.502969299721533,1.3111847859704941,0.4405419421828948,-1.177851894974348,0.06599664927436881,1.4316811360790147,-1.2979075915886182,-0.9143260204049839,0.03455021005991044,-0.9242933063529105,0.9841231756854657,0
0.0428782422044723,-1.1099901739376037,-1.179024470547907,0.038982492400803447,0.10257878806523006,0.9048055324001227,0.8577891279455886,0.853056793629862,0.7229146409538463,0.4617277333253637,0.29255569570563505,-0.686188918205147,0.9841231756854657,0
0.0428782422044723,-1.1099901739376037,1.5251962127575889,1.0863013397524601,-0.5733475201700994,-1.177851894974348,0.8577891279455886,-1.461440576166749,0.954537122756886,-0.45564143582820127,0.8085666669970842,0.3455967637684949,-1.0161329645585022,1
0.5512255078865883,0.9009088760241706,1.5251962127575889,1.310253035736866,0.7785050963005594,-1.177851894974348,1.6495816066168083,0.2744324511807092,0.11868207972852446,-0.2262991435398101,0.8085666669970842,-0.11076998018138517,0.9841231756854657,0
0.890123685007999,-1.1099901739376037,1.5251962127575889,1.3114058792462704,0.2715603651240624,-1.177851894974348,0.06599664927436881,1.4316811360790147,-1.173704231781191,-0.9143260204049839,1.066572152642809,0.06780831092943747,-1.0161329645585022,0
0.5512255078865883,0.9009088760241706,-0.502969299721533,1.3122270828420104,-0.06640278899360229,-1.177851894974348,0.8577891279455886,0.2744324511807092,0.954537122756886,-0.570312581972397,1.066572152642809,-1.3806600503027906,0.9841231756854657,0
0.7206745964472937,-1.1099901739376037,1.5251962127575889,1.3084684971538156,0.6095235192417271,-1.177851894974348,0.5410721364771007,0.853056793629862,-1.0495008719737637,-0.6849837281165926,-0.22345527558581418,0.782121475372728,0.9841231756854657,0
0.890123685007999,0.9009088760241706,0.8491410419312149,1.3142642994545193,1.6234129815947211,0.21058638994196582,1.2536853672811985,0.853056793629862,0.27645391515958084,-0.34097028968400567,0.5505611813513597,0.4249648931510827,-1.0161329645585022,0
0.21232733076517762,-1.1099901739376037,-0.502969299721533,1.3084211200232923,0.10257878806523006,-1.177851894974348,1.3328646151483206,-0.3041918912684436,1.2096575374964662,-0.34097028968400567,0.5505611813513597,0.821805540064022,-1.0161329645585022,0
-0.12657084635623306,-1.1099901739376037,1.5251962127575889,0.7313360854938397,-0.404365943111267,-1.177851894974348,2.12465709381954,0.2744324511807092,2.491973306319093,0.4617277333253637,0.8085666669970842,-1.0830295651180861,-1.0161329645585022,1
0.0428782422044723,-1.1099901739376037,-0.502969299721533,1.0810266858875146,-0.404365943111267,0.21058638994196582,1.9662985980852963,-1.461440576166749,3.018998373610068,0.1177142948927768,0.5505611813513597,0.46464895784237664,-1.0161329645585022,1
0.21232733076517762,0.9009088760241706,1.5251962127575889,1.3129377397998623,-0.06640278899360229,-1.177851894974348,0.22435514500861276,1.4316811360790147,0.27645391515958084,-0.7996548742607882,0.29255569570563505,0.8614896047553159,0.9841231756854657,0
0.21232733076517762,-1.1099901739376037,-0.502969299721533,1.3117533115367757,0.10257878806523006,-1.177851894974348,0.22435514500861276,-0.8828162337175963,-0.6936750303632967,-0.7996548742607882,0.5505611813513597,0.7027533459901402,0.9841231756854657,0
0.7206745964472937,-1.1099901739376037,-0.502969299721533,0.08045327398567408,0.6095235192417271,0.9048055324001227,0.8577891279455886,0.2744324511807092,1.0955247203761276,0.4617277333253637,-0.22345527558581418,0.32575473142284794,0.9841231756854657,0
1.2290218621294098,-1.1099901739376037,-0.502969299721533,1.3133799263514145,1.1164682504182242,-1.177851894974348,0.06599664927436881,-0.8828162337175963,0.7229146409538463,-0.9143260204049839,0.29255569570563505,1.4567505751247247,0.9841231756854657,0
1.0595727735687044,0.9009088760241706,1.5251962127575889,1.3099845653305664,1.4544314045358888,-1.177851894974348,-0.2507203421941191,-0.8828162337175963,-0.5661148229935064,-1.0289971665491795,0.03455021005991044,0.6035431842619053,0.9841231756854657,0
0.21232733076517762,-1.1099901739376037,-1.179024470547907,-0.034325720895833814,0.6095235192417271,0.9048055324001227,0.8577891279455886,-0.8828162337175963,1.4312094766124175,0.5763988794695595,0.03455021005991044,0.5043330225336705,-1.0161329645585022,1
1.0595727735687044,-1.1099901739376037,1.5251962127575889,1.3105530908968481,0.9474866733593919,-1.177851894974348,0.8577891279455886,-0.8828162337175963,0.8269769153870962,-0.570312581972397,0.29255569570563505,-1.2417658238832618,0.9841231756854657,0
0.38177641932588297,0.9009088760241706,-0.502969299721533,1.3146906936292304,0.2715603651240624,-1.177851894974348,2.4413740852880284,0.853056793629862,1.4244957814876917,0.1177142948927768,0.8085666669970842,1.1988041546313142,-1.0161329645585022,0
-0.12657084635623306,0.9009088760241706,-0.502969299721533,0.08043748160883292,0.10257878806523006,0.9048055324001227,0.8577891279455886,0.2744324511807092,-1.7510820125076092,0.4617277333253637,0.03455021005991044,0.9011736694466097,-1.0161329645585022,0
-0.12657084635623306,0.9009088760241706,1.5251962127575889,1.0854643437798788,-0.911310674287764,0.21058638994196582,2.0217240715922817,-0.3041918912684436,1.0283877691288699,0.1177142948927768,0.03455021005991044,0.6630692812988462,-1.0161329645585022,1
1.0595727735687044,0.9009088760241706,-0.502969299721533,1.3234712551529122,0.4405419421828948,-1.177851894974348,-1.359229812333827,-0.8828162337175963,-1.8752853723150364,-1.487681751125962,0.29255569570563505,1.5559607368529593,0.9841231756854657,0
0.38177641932588297,-1.1099901739376037,-1.179024470547907,0.07680523493536748,0.4405419421828948,0.9048055324001227,0.8577891279455886,0.853056793629862,0.8739727812601764,0.4617277333253637,0.5505611813513597,1.1988041546313142,-1.0161329645585022,0
0.0428782422044723,0.9009088760241706,-0.502969299721533,1.3249399461991394,0.6095235192417271,-1.177851894974348,0.4618928886099787,-0.3041918912684436,-0.811164695045998,-0.6849837281165926,0.03455021005991044,1.1988041546313142,-1.0161329645585022,0
0.38177641932588297,0.9009088760241706,1.5251962127575889,1.3294881507293919,0.2715603651240624,-1.177851894974348,-1.0741845200121878,1.4316811360790147,-0.11965409719924096,-1.3730106049817663,1.066572152642809,1.2186461869769611,-1.0161329645585022,0
0.7206745964472937,-1.1099901739376037,-1.179024470547907,1.3318885920092471,1.1164682504182242,-1.177851894974348,0.38271364074285674,0.2744324511807092,-0.33784918875282943,-0.7996548742607882,0.5505611813513597,0.6035431842619053,0.9841231756854657,0
-0.12657084635623306,-1.1099901739376037,-0.502969299721533,1.330546239977749,0.10257878806523006,-1.177851894974348,-0.7257958293968509,0.853056793629862,-1.623521805137819,-1.2583394588375707,1.066572152642809,0.14717644031202531,0.9841231756854657,0
1.2290218621294098,0.9009088760241706,-0.502969299721533,1.3313674435734892,0.7785050963005594,-1.177851894974348,0.8577891279455886,-0.8828162337175963,0.001192415045823164,-0.570312581972397,0.8085666669970842,-0.09092794783573821,-1.0161329645585022,0
0.0428782422044723,0.9009088760241706,-1.179024470547907,1.3328203422428753,0.2715603651240624,-1.177851894974348,-0.2507203421941191,0.853056793629862,0.8739727812601764,-1.0289971665491795,0.29255569570563505,-0.190138109563973,0.9841231756854657,0
1.2290218621294098,0.9009088760241706,-0.502969299721533,1.3319833462702941,1.6234129815947211,-1.177851894974348,0.8577891279455886,-0.8828162337175963,-1.0495008719737637,-0.570312581972397,0.03455021005991044,0.12733440796637835,0.9841231756854657,0
1.0595727735687044,0.9009088760241706,-1.179024470547907,1.3417272427812863,0.9474866733593919,-1.177851894974348,0.8577891279455886,1.4316811360790147,-1.0495008719737637,-0.570312581972397,0.03455021005991044,-0.686188918205147,-1.0161329645585022,0
0.0428782422044723,0.9009088760241706,-1.179024470547907,1.1182177333484324,0.10257878806523006,-1.177851894974348,-0.7257958293968509,-0.3041918912684436,0.3301634761573873,-1.2583394588375707,0.8085666669970842,0.5043330225336705,-1.0161329645585022,1
0.0428782422044723,-1.1099901739376037,-0.502969299721533,0.08321693993287604,-0.404365943111267,0.9048055324001227,0.8577891279455886,0.2744324511807092,0.2965950005337584,0.4617277333253637,0.29255569570563505,-0.5472946917856183,0.9841231756854657,0
0.38177641932588297,0.9009088760241706,-1.179024470547907,1.3536031101658341,-0.06640278899360229,-1.177851894974348,-0.765385453330412,1.4316811360790147,0.3939435798422821,-1.2583394588375707,0.29255569570563505,-0.13061201252703214,-1.0161329645585022,0
-0.12657084635623306,-1.1099901739376037,-0.502969299721533,1.3624152564431982,0.10257878806523006,-1.177851894974348,0.5410721364771007,-1.461440576166749,-1.2979075915886182,-0.6849837281165926,0.8085666669970842,0.9408577341379036,-1.0161329645585022,0
0.0428782422044723,0.9009088760241706,-1.179024470547907,1.3697587116743346,-0.23538436605243465,-1.177851894974348,-0.7257958293968509,0.2744324511807092,-1.4724636648314886,-1.2583394588375707,-0.22345527558581418,1.317856348705196,-1.0161329645585022,0
0.21232733076517762,0.9009088760241706,-1.179024470547907,1.370832593299533,0.2715603651240624,-1.177851894974348,2.4413740852880284,-0.8828162337175963,0.6893461653302174,0.1177142948927768,1.066572152642809,-0.44808453005738347,0.9841231756854657,0
0.7206745964472937,-1.1099901739376037,-1.179024470547907,1.3743385009582694,0.6095235192417271,-1.177851894974348,1.6495816066168083,-0.8828162337175963,-1.0495008719737637,-0.2262991435398101,0.29255569570563505,-0.8647672093159696,-1.0161329645585022,0
0.7206745964472937,0.9009088760241706,0.8491410419312149,1.362194163167422,0.6095235192417271,-1.177851894974348,1.1428344202672278,1.4316811360790147,1.1223795008750308,-0.45564143582820127,0.8085666669970842,-0.5869787564769122,0.9841231756854657,0
1.0595727735687044,0.9009088760241706,-1.179024470547907,1.3726171318825835,0.9474866733593919,-1.177851894974348,2.4413740852880284,-1.461440576166749,0.03811773823181484,0.1177142948927768,0.03455021005991044,1.4964346398160184,-1.0161329645585022,0
0.5512255078865883,-1.1099901739376037,1.5251962127575889,1.3666002363061038,0.6095235192417271,-1.177851894974348,2.2830155895537843,0.2744324511807092,-0.12972463988633004,0.003043148748581378,0.03455021005991044,0.5241750548793175,0.9841231756854657,0
-0.12657084635623306,-1.1099901739376037,1.5251962127575889,1.375744022497132,-0.06640278899360229,-1.177851894974348,1.1745061194140765,0.853056793629862,-1.0495008719737637,-0.45564143582820127,-0.22345527558581418,-0.5472946917856183,-1.0161329645585022,0
0.0428782422044723,0.9009088760241706,-1.179024470547907,-0.8459117591395834,-0.23538436605243465,0.21058638994196582,-0.2903099661276801,-0.8828162337175963,-1.173704231781191,1.7231103409115156,0.8085666669970842,0.6432272489531993,0.9841231756854657,0
0.21232733076517762,-1.1099901739376037,1.5251962127575889,1.369790296428017,0.10257878806523006,-1.177851894974348,-0.3298995900612411,-0.3041918912684436,0.7497694214527494,-1.0289971665491795,0.5505611813513597,1.3773824457421369,-1.0161329645585022,0
1.0595727735687044,0.9009088760241706,-0.502969299721533,1.3768810736296953,1.4544314045358888,-1.177851894974348,2.4413740852880284,0.853056793629862,1.2029438423717405,0.1177142948927768,0.5505611813513597,-1.7179746001787888,0.9841231756854657,0
0.0428782422044723,0.9009088760241706,-0.502969299721533,1.3784129341832871,0.10257878806523006,-1.177851894974348,0.38271364074285674,-1.461440576166749,0.665848232393677,-0.7996548742607882,0.29255569570563505,-0.8449251769703227,0.9841231756854657,0
0.0428782422044723,0.9009088760241706,-0.502969299721533,1.3906836109888638,-0.23538436605243465,-1.177851894974348,1.6495816066168083,0.853056793629862,0.9343960373827085,-0.2262991435398101,0.8085666669970842,-0.9441353386985575,0.9841231756854657,0
1.2290218621294098,-1.1099901739376037,0.8491410419312149,1.3895939369868242,1.9613761357123858,-1.177851894974348,4.024959042630468,-1.461440576166749,0.5651428055227898,0.8057411717579506,0.03455021005991044,0.6432272489531993,0.9841231756854657,0
0.38177641932588297,0.9009088760241706,0.17308587110484092,1.395105476504387,0.7785050963005594,-1.177851894974348,0.8577891279455886,-0.8828162337175963,0.8269769153870962,-0.570312581972397,0.03455021005991044,1.238488219322608,-1.0161329645585022,0
0.7206745964472937,0.9009088760241706,0.8491410419312149,1.3945211585612642,0.7785050963005594,-1.177851894974348,-0.5674373336626071,-0.8828162337175963,-1.0427871768490378,-1.143668312693375,-0.22345527558581418,0.5043330225336705,0.9841231756854657,0
0.21232733076517762,0.9009088760241706,-1.179024470547907,1.3996694734114805,-0.23538436605243465,-1.177851894974348,0.8577891279455886,-0.3041918912684436,0.001192415045823164,-0.570312581972397,-0.22345527558581418,0.4249648931510827,-1.0161329645585022,0
0.0428782422044723,-1.1099901739376037,0.8491410419312149,1.3993220411209752,0.2715603651240624,-1.177851894974348,-0.6664113934965095,-0.3041918912684436,-0.6936750303632967,-1.2583394588375707,0.03455021005991044,-1.0830295651180861,0.9841231756854657,0
0.0428782422044723,0.9009088760241706,-1.179024470547907,1.4083552806741153,0.2715603651240624,0.21058638994196582,1.3328646151483206,1.4316811360790147,1.7736079279734327,-0.34097028968400567,0.29255569570563505,0.008282213892496587,0.9841231756854657,0
0.21232733076517762,0.9009088760241706,1.5251962127575889,1.406491780206859,-0.5733475201700994,0.21058638994196582,2.7580910767565165,1.4316811360790147,-0.3680608168140954,0.23238544103697253,0.29255569570563505,1.1194360252487263,-1.0161329645585022,0
-0.12657084635623306,-1.1099901739376037,-1.179024470547907,0.09810915129408435,0.10257878806523006,0.9048055324001227,0.8577891279455886,-0.8828162337175963,-0.6701770974267564,0.3470565871811683,0.03455021005991044,-0.6068207888225592,0.9841231756854657,0
0.21232733076517762,-1.1099901739376037,-0.502969299721533,1.4105504210550357,0.9474866733593919,-1.177851894974348,1.1388754578738716,-0.8828162337175963,1.0955247203761276,-0.45564143582820127,1.066572152642809,0.782121475372728,-1.0161329645585022,0
0.0428782422044723,0.9009088760241706,-0.502969299721533,1.4077551703541515,0.10257878806523006,0.21058638994196582,1.2695212168546228,-0.8828162337175963,0.4745079213389917,-0.45564143582820127,0.03455021005991044,-2.4719718293133734,0.9841231756854657,0
0.38177641932588297,-1.1099901739376037,0.8491410419312149,1.4089238062403968,0.10257878806523006,-1.177851894974348,-0.7257958293968509,0.853056793629862,-0.707102420612748,-1.2583394588375707,0.03455021005991044,-0.36871640067479566,0.9841231756854657,0
0.0428782422044723,-1.1099901739376037,0.8491410419312149,1.411924357840216,0.10257878806523006,-1.177851894974348,1.3328646151483206,-0.3041918912684436,1.223084927745918,-0.34097028968400567,0.29255569570563505,-2.1743413441286688,0.9841231756854657,0
-0.12657084635623306,0.9009088760241706,-1.179024470547907,1.407897301745722,0.10257878806523006,-1.177851894974348,1.3328646151483206,0.853056793629862,-1.0427871768490378,-0.34097028968400567,0.8085666669970842,0.305912699077201,-1.0161329645585022,0
0.0428782422044723,0.9009088760241706,0.8491410419312149,1.3997010581651628,-0.06640278899360229,-1.177851894974348,1.9662985980852963,0.2744324511807092,-1.0427871768490378,-0.11162799739561437,0.03455021005991044,-0.38855843302044263,0.9841231756854657,0
0.5512255078865883,-1.1099901739376037,-0.502969299721533,1.4068234201205234,1.1164682504182242,-1.177851894974348,3.2331665639592484,0.2744324511807092,0.23617174441122635,0.4617277333253637,0.29255569570563505,0.9408577341379036,-1.0161329645585022,0
0.0428782422044723,0.9009088760241706,-0.502969299721533,1.4059232546405775,0.10257878806523006,-1.177851894974348,-0.7257958293968509,-0.3041918912684436,0.16232109803924238,-1.2583394588375707,0.8085666669970842,-0.7060309505507939,0.9841231756854657,0
0.0428782422044723,0.9009088760241706,1.5251962127575889,0.1182444317665558,0.10257878806523006,0.9048055324001227,0.8577891279455886,0.2744324511807092,-1.4993184453303918,0.3470565871811683,0.03455021005991044,-0.07108591549009124,0.9841231756854657,0
0.5512255078865883,0.9009088760241706,1.5251962127575889,1.1838350591234277,0.4405419421828948,-1.177851894974348,4.024959042630468,-1.461440576166749,1.6729025011025462,1.035083464046342,0.03455021005991044,0.286070666731554,-1.0161329645585022,1
-0.12657084635623306,0.9009088760241706,1.5251962127575889,0.12097651296007546,-0.06640278899360229,0.9048055324001227,0.8577891279455886,0.2744324511807092,0.2865244578466693,0.3470565871811683,0.03455021005991044,-0.6465048535138531,0.9841231756854657,0
0.890123685007999,0.9009088760241706,-0.502969299721533,-0.8457854201248541,0.6095235192417271,0.21058638994196582,-0.2903099661276801,-0.8828162337175963,0.27645391515958084,1.7231103409115156,0.03455021005991044,1.3773824457421369,0.9841231756854657,0
0.0428782422044723,0.9009088760241706,-1.179024470547907,1.1785919900121644,0.10257878806523006,-1.177851894974348,0.7627740305050422,-1.461440576166749,3.018998373610068,-0.570312581972397,0.5505611813513597,1.238488219322608,-1.0161329645585022,1
-0.12657084635623306,0.9009088760241706,1.5251962127575889,1.4035543981144045,-0.06640278899360229,-1.177851894974348,-1.0741845200121878,0.853056793629862,0.3301634761573873,-1.3730106049817663,0.8085666669970842,-0.5076106270943244,-1.0161329645585022,0
0.890123685007999,-1.1099901739376037,-0.502969299721533,-0.8466855856047999,1.2854498274770565,0.21058638994196582,-0.9474977234247925,0.853056793629862,0.23617174441122635,0.003043148748581378,-0.22345527558581418,-0.051243883144444294,-1.0161329645585022,0
1.0595727735687044,-1.1099901739376037,-0.502969299721533,1.178639367142688,1.2854498274770565,-1.177851894974348,0.434180151856486,-0.3041918912684436,-0.8447331706696268,-0.6849837281165926,-0.22345527558581418,0.6829113136444932,-1.0161329645585022,1
0.0428782422044723,0.9009088760241706,1.5251962127575889,1.4098081793435016,0.7785050963005594,-1.177851894974348,-0.09236184645987515,1.4316811360790147,-1.6839450612603513,-1.0289971665491795,0.8085666669970842,1.298014316359549,0.9841231756854657,0
0.5512255078865883,0.9009088760241706,1.5251962127575889,1.4048651653922202,0.6095235192417271,-1.177851894974348,0.22435514500861276,-0.3041918912684436,-0.33784918875282943,-0.7996548742607882,0.5505611813513597,0.5440170872249644,-1.0161329645585022,0
0.0428782422044723,-1.1099901739376037,-1.179024470547907,0.8142618562867397,0.10257878806523006,-1.177851894974348,4.024959042630468,0.2744324511807092,1.8105332511594245,1.4937680486231246,0.29255569570563505,-2.3330776028938445,-1.0161329645585022,1
-0.12657084635623306,-1.1099901739376037,0.8491410419312149,1.4039492075354334,-0.5733475201700994,-1.177851894974348,-1.090020369585612,0.2744324511807092,0.001192415045823164,-1.3730106049817663,0.8085666669970842,0.6829113136444932,-1.0161329645585022,0
-0.12657084635623306,-1.1099901739376037,-1.179024470547907,1.4052125976827257,0.10257878806523006,0.21058638994196582,2.91644957249076,0.853056793629862,1.5587696839822078,0.3470565871811683,-0.22345527558581418,-2.2537094735112566,0.9841231756854657,0
-0.12657084635623306,-1.1099901739376037,-1.179024470547907,1.4057811232490072,-0.23538436605243465,-1.177851894974348,0.06599664927436881,-1.461440576166749,0.001192415045823164,-0.9143260204049839,0.03455021005991044,0.4448069254967297,-1.0161329645585022,0
0.7206745964472937,0.9009088760241706,-1.179024470547907,1.4096502555750898,0.7785050963005594,-1.177851894974348,0.38271364074285674,-0.3041918912684436,0.001192415045823164,-0.7996548742607882,0.5505611813513597,-2.2537094735112566,-1.0161329645585022,0
0.890123685007999,-1.1099901739376037,0.8491410419312149,1.4064601954531768,0.2715603651240624,-1.177851894974348,-0.2507203421941191,1.4316811360790147,-1.7510820125076092,-1.0289971665491795,0.03455021005991044,-1.12271362980938,0.9841231756854657,0
1.0595727735687044,-1.1099901739376037,1.5251962127575889,1.406902382004729,0.7785050963005594,-1.177851894974348,0.38271364074285674,-0.8828162337175963,-1.2475548781531747,-0.7996548742607882,0.5505611813513597,0.801963507718375,-1.0161329645585022,0
0.21232733076517762,0.9009088760241706,1.5251962127575889,0.817151861248671,0.2715603651240624,-1.177851894974348,1.4120438630154424,0.2744324511807092,2.2804919098902308,0.003043148748581378,1.066572152642809,0.40512286080543575,-1.0161329645585022,1
0.0428782422044723,-1.1099901739376037,-1.179024470547907,1.4004906770072205,0.10257878806523006,-1.177851894974348,2.4413740852880284,-0.3041918912684436,1.6594751108530943,0.1177142948927768,1.066572152642809,1.298014316359549,0.9841231756854657,0
0.890123685007999,0.9009088760241706,1.5251962127575889,1.4091922766466964,0.7785050963005594,-1.177851894974348,0.0026532509806712224,0.2744324511807092,-1.3751150855229646,-0.9143260204049839,1.066572152642809,0.8416475724096689,-1.0161329645585022,0
0.0428782422044723,0.9009088760241706,-0.502969299721533,1.408955390994079,-0.23538436605243465,-1.177851894974348,0.8577891279455886,0.2744324511807092,-0.7138161157374736,-0.570312581972397,-0.22345527558581418,0.5638591195706114,0.9841231756854657,0
0.7206745964472937,0.9009088760241706,0.8491410419312149,1.406681288728953,0.7785050963005594,-1.177851894974348,1.3328646151483206,-0.3041918912684436,-1.623521805137819,-0.34097028968400567,-0.22345527558581418,1.337698381050843,-1.0161329645585022,0
0.7206745964472937,-1.1099901739376037,-1.179024470547907,1.4081026026446568,0.7785050963005594,-1.177851894974348,0.22435514500861276,-0.8828162337175963,-1.8752853723150364,-0.7996548742607882,0.5505611813513597,1.1392780575943733,-1.0161329645585022,0
0.7206745964472937,0.9009088760241706,1.5251962127575889,0.15752007297050602,0.2715603651240624,0.9048055324001227,0.8577891279455886,1.4316811360790147,2.062296818336642,0.3470565871811683,0.03455021005991044,0.6829113136444932,0.9841231756854657,0
0.21232733076517762,0.9009088760241706,-1.179024470547907,1.4054810680890253,0.10257878806523006,-1.177851894974348,0.4777287381834031,1.4316811360790147,0.001192415045823164,-0.7996548742607882,0.03455021005991044,-0.6663468858595001,0.9841231756854657,0
1.0595727735687044,-1.1099901739376037,-1.179024470547907,1.403096419186011,1.7923945586535535,-1.177851894974348,0.38271364074285674,1.4316811360790147,1.4110683912382405,-0.7996548742607882,1.066572152642809,1.0003838311748445,0.9841231756854657,0
0.21232733076517762,0.9009088760241706,1.5251962127575889,1.408639543457256,0.2715603651240624,-1.177851894974348,2.2830155895537843,0.2744324511807092,-1.0495008719737637,0.003043148748581378,-0.22345527558581418,-0.5671367241312653,0.9841231756854657,0
0.7206745964472937,0.9009088760241706,-1.179024470547907,1.4116558874339165,0.10257878806523006,-1.177851894974348,-0.7257958293968509,-0.8828162337175963,-0.21028898138303903,-1.2583394588375707,0.03455021005991044,-0.38855843302044263,0.9841231756854657,0
0.21232733076517762,-1.1099901739376037,0.17308587110484092,1.401864613792401,-0.23538436605243465,-1.177851894974348,2.3226052134873454,0.2744324511807092,0.03811773823181484,0.003043148748581378,0.5505611813513597,-1.5592383414136133,0.9841231756854657,0
1.0595727735687044,0.9009088760241706,-1.179024470547907,1.1802501895804858,0.4405419421828948,-1.177851894974348,-1.042512820865339,-1.461440576166749,0.001192415045823164,-1.3730106049817663,1.066572152642809,-1.2616078562289088,-1.0161329645585022,1
0.5512255078865883,-1.1099901739376037,-1.179024470547907,0.15455110612436904,1.1164682504182242,0.9048055324001227,0.8577891279455886,-0.8828162337175963,-0.1397951825734185,0.3470565871811683,0.8085666669970842,-0.09092794783573821,-1.0161329645585022,0
0.7206745964472937,0.9009088760241706,-1.179024470547907,1.4100766497498012,1.4544314045358888,-1.177851894974348,1.6495816066168083,-0.3041918912684436,0.03811773823181484,-0.2262991435398101,0.8085666669970842,-0.24966420660091387,0.9841231756854657,0
1.0595727735687044,-1.1099901739376037,-1.179024470547907,1.4082605264130683,1.2854498274770565,0.21058638994196582,-0.8841543251310949,-0.8828162337175963,-1.0495008719737637,-1.3730106049817663,0.29255569570563505,0.8416475724096689,0.9841231756854657,0
0.5512255078865883,0.9009088760241706,-0.502969299721533,1.4052915595669313,0.2715603651240624,-1.177851894974348,0.38271364074285674,-1.461440576166749,-1.0495008719737637,-0.7996548742607882,0.8085666669970842,0.821805540064022,0.9841231756854657,0
0.890123685007999,0.9009088760241706,1.5251962127575889,1.3983271213799824,0.9474866733593919,-1.177851894974348,-0.5674373336626071,-0.3041918912684436,-1.4254677989584081,-1.143668312693375,0.03455021005991044,-0.40840046536608954,0.9841231756854657,0
0.21232733076517762,-1.1099901739376037,-1.179024470547907,0.17703945074617244,0.6095235192417271,0.9048055324001227,0.8577891279455886,0.853056793629862,-1.0495008719737637,0.23238544103697253,0.8085666669970842,-0.13061201252703214,-1.0161329645585022,0
0.890123685007999,0.9009088760241706,1.5251962127575889,1.4074709075710106,0.7785050963005594,-1.177851894974348,0.5410721364771007,0.2744324511807092,-1.173704231781191,-0.6849837281165926,0.03455021005991044,0.5837011519162584,-1.0161329645585022,0
0.5512255078865883,0.9009088760241706,1.5251962127575889,0.17493906462629896,0.6095235192417271,0.9048055324001227,0.8577891279455886,-1.461440576166749,0.5651428055227898,0.23238544103697253,-0.22345527558581418,0.32575473142284794,-1.0161329645585022,0
1.0595727735687044,0.9009088760241706,-0.502969299721533,1.1835823810939692,0.9474866733593919,0.21058638994196582,2.4413740852880284,-1.461440576166749,2.142861159833352,0.23238544103697253,-0.22345527558581418,0.5440170872249644,-1.0161329645585022,1
0.38177641932588297,-1.1099901739376037,-0.502969299721533,0.8116719064847905,0.2715603651240624,-1.177851894974348,0.8577891279455886,0.2744324511807092,1.7937490133476108,-0.34097028968400567,0.5505611813513597,0.4249648931510827,-1.0161329645585022,1
-0.12657084635623306,0.9009088760241706,-0.502969299721533,1.4035859828680868,-0.404365943111267,0.21058638994196582,2.298851439127209,1.4316811360790147,0.27645391515958084,0.003043148748581378,1.066572152642809,0.6630692812988462,-1.0161329645585022,0
-0.12657084635623306,-1.1099901739376037,1.5251962127575889,1.4028595335333938,-0.404365943111267,-1.177851894974348,-0.5674373336626071,-0.3041918912684436,0.860545391010725,-1.143668312693375,-0.22345527558581418,0.028124246238143545,0.9841231756854657,0
-0.12657084635623306,-1.1099901739376037,0.8491410419312149,0.17261758523064932,-0.06640278899360229,0.9048055324001227,0.8577891279455886,0.853056793629862,-1.3751150855229646,0.3470565871811683,1.066572152642809,0.18686050500331922,-1.0161329645585022,0
-0.12657084635623306,0.9009088760241706,1.5251962127575889,1.4064286106994945,-0.5733475201700994,-1.177851894974348,0.6994306322113446,-0.8828162337175963,0.001192415045823164,-0.6849837281165926,-0.22345527558581418,1.1988041546313142,-1.0161329645585022,0
1.2290218621294098,-1.1099901739376037,0.8491410419312149,1.4030174573018053,1.4544314045358888,-1.177851894974348,2.4413740852880284,0.2744324511807092,0.4040141225293712,0.1177142948927768,1.066572152642809,0.14717644031202531,0.9841231756854657,0
0.7206745964472937,0.9009088760241706,1.5251962127575889,1.4050704662911553,0.6095235192417271,-1.177851894974348,2.4413740852880284,1.4316811360790147,-0.3109944082539262,0.1177142948927768,0.29255569570563505,1.317856348705196,-1.0161329645585022,0
-0.12657084635623306,-1.1099901739376037,-1.179024470547907,1.4059548393942598,-0.23538436605243465,-1.177851894974348,0.034324950127520015,1.4316811360790147,-1.8752853723150364,-0.9143260204049839,0.03455021005991044,-1.8370267942526706,0.9841231756854657,0
1.0595727735687044,-1.1099901739376037,-0.502969299721533,1.4114505865349816,1.7923945586535535,-1.177851894974348,0.38271364074285674,-1.461440576166749,0.001192415045823164,-0.7996548742607882,0.5505611813513597,-0.5472946917856183,0.9841231756854657,0
0.7206745964472937,-1.1099901739376037,0.8491410419312149,1.4132825022485553,0.6095235192417271,-1.177851894974348,1.6495816066168083,0.2744324511807092,-1.3751150855229646,-0.2262991435398101,1.066572152642809,1.4170665104334308,-1.0161329645585022,0
-0.12657084635623306,0.9009088760241706,-1.179024470547907,0.17435474668317627,0.10257878806523006,0.9048055324001227,0.8577891279455886,-1.461440576166749,1.1223795008750308,0.23238544103697253,-0.22345527558581418,-0.8647672093159696,0.9841231756854657,0
-0.12657084635623306,0.9009088760241706,0.8491410419312149,1.4288695781907745,-0.5733475201700994,-1.177851894974348,-0.49617601058219724,1.4316811360790147,-1.6839450612603513,-1.143668312693375,1.066572152642809,-0.7457150152420878,-1.0161329645585022,0
0.21232733076517762,-1.1099901739376037,-0.502969299721533,1.4318701297905938,0.10257878806523006,-1.177851894974348,-0.2507203421941191,1.4316811360790147,-1.3482603050240614,-1.0289971665491795,0.8085666669970842,-0.7457150152420878,-1.0161329645585022,0
0.0428782422044723,-1.1099901739376037,-0.502969299721533,1.4272113786224532,0.2715603651240624,-1.177851894974348,-0.09236184645987515,-0.3041918912684436,-1.2979075915886182,-1.0289971665491795,0.5505611813513597,0.46464895784237664,0.9841231756854657,0
0.0428782422044723,0.9009088760241706,-0.502969299721533,1.444614577901405,-0.06640278899360229,-1.177851894974348,0.5410721364771007,1.4316811360790147,0.001192415045823164,-0.6849837281165926,0.29255569570563505,0.7424374106814341,-1.0161329645585022,0
-0.12657084635623306,0.9009088760241706,-1.179024470547907,1.2136668589763677,-0.23538436605243465,-1.177851894974348,0.5094004373302519,1.4316811360790147,1.286865031430813,-0.6849837281165926,0.29255569570563505,-1.0631875327724392,-1.0161329645585022,1
0.7206745964472937,-1.1099901739376037,-1.179024470547907,1.21862566530449,0.10257878806523006,-1.177851894974348,-0.7257958293968509,-1.461440576166749,0.001192415045823164,-1.2583394588375707,0.8085666669970842,-1.4798702120310254,-1.0161329645585022,1
0.38177641932588297,0.9009088760241706,-0.502969299721533,1.4456726671497624,0.6095235192417271,-1.177851894974348,0.06599664927436881,1.4316811360790147,0.03811773823181484,-0.9143260204049839,0.5505611813513597,0.7027533459901402,-1.0161329645585022,0
0.0428782422044723,0.9009088760241706,-1.179024470547907,1.4485152949811702,-0.23538436605243465,-1.177851894974348,1.3328646151483206,-0.8828162337175963,-0.21028898138303903,-0.45564143582820127,0.5505611813513597,0.40512286080543575,0.9841231756854657,0
0.21232733076517762,0.9009088760241706,0.8491410419312149,1.44194566621525,0.10257878806523006,0.21058638994196582,2.3226052134873454,-0.8828162337175963,0.15896425047687956,0.003043148748581378,0.29255569570563505,-0.20998014190961997,0.9841231756854657,0
0.890123685007999,-1.1099901739376037,-0.502969299721533,0.05802809887123527,0.7785050963005594,0.9048055324001227,0.8577891279455886,-0.3041918912684436,-0.12972463988633004,0.4617277333253637,0.29255569570563505,1.4765926074703717,-1.0161329645585022,1
0.38177641932588297,-1.1099901739376037,1.5251962127575889,0.8560800701621158,1.1164682504182242,-1.177851894974348,2.4413740852880284,0.2744324511807092,1.451350561986595,0.5763988794695595,0.8085666669970842,0.06780831092943747,-1.0161329645585022,1
0.38177641932588297,0.9009088760241706,0.8491410419312149,1.459775259668913,0.2715603651240624,-1.177851894974348,1.3328646151483206,0.853056793629862,-0.8447331706696268,-0.45564143582820127,0.29255569570563505,-1.162397694500674,0.9841231756854657,0
0.21232733076517762,-1.1099901739376037,-0.502969299721533,1.4635338453571076,0.4405419421828948,-1.177851894974348,1.1428344202672278,-0.3041918912684436,-1.623521805137819,-0.45564143582820127,0.8085666669970842,-1.3608180179571436,0.9841231756854657,0
-0.12657084635623306,-1.1099901739376037,1.5251962127575889,0.17484431036525205,0.4405419421828948,0.9048055324001227,0.8577891279455886,1.4316811360790147,0.04483143335654109,0.23238544103697253,0.03455021005991044,0.7027533459901402,-1.0161329645585022,0
0.890123685007999,0.9009088760241706,1.5251962127575889,1.4702771902682805,0.2715603651240624,-1.177851894974348,0.06599664927436881,1.4316811360790147,-1.3482603050240614,-0.9143260204049839,0.8085666669970842,-0.07108591549009124,-1.0161329645585022,0
1.0595727735687044,0.9009088760241706,-1.179024470547907,1.4685716135694358,1.1164682504182242,-1.177851894974348,0.38271364074285674,1.4316811360790147,-0.5661148229935064,-0.7996548742607882,0.03455021005991044,-0.6663468858595001,0.9841231756854657,0
1.2290218621294098,0.9009088760241706,0.8491410419312149,1.4780312472972872,0.7785050963005594,-1.177851894974348,-0.2507203421941191,0.853056793629862,-0.12972463988633004,-1.0289971665491795,0.29255569570563505,0.22654456969461315,-1.0161329645585022,0
0.38177641932588297,0.9009088760241706,-1.179024470547907,1.4734830427670347,0.2715603651240624,-1.177851894974348,1.6495816066168083,-0.3041918912684436,0.2965950005337584,-0.2262991435398101,0.5505611813513597,1.2186461869769611,0.9841231756854657,0
-0.12657084635623306,0.9009088760241706,-0.502969299721533,1.4862748680083695,0.10257878806523006,-1.177851894974348,1.0161476236798326,-0.8828162337175963,1.934736610966852,-0.570312581972397,0.03455021005991044,1.9329593514202517,0.9841231756854657,0
-0.12657084635623306,-1.1099901739376037,0.8491410419312149,1.4802421800550487,-0.7423290972289317,-1.177851894974348,0.22435514500861276,-1.461440576166749,-0.707102420612748,-0.9143260204049839,0.03455021005991044,1.0003838311748445,-1.0161329645585022,0
0.890123685007999,-1.1099901739376037,-1.179024470547907,1.4859274357178642,1.1164682504182242,-1.177851894974348,-0.7257958293968509,0.2744324511807092,-0.707102420612748,-1.2583394588375707,1.066572152642809,0.6432272489531993,0.9841231756854657,0
0.0428782422044723,-1.1099901739376037,0.8491410419312149,1.4874119191409327,0.4405419421828948,-1.177851894974348,4.024959042630468,0.2744324511807092,-0.707102420612748,0.6910700256137552,0.29255569570563505,-1.3608180179571436,0.9841231756854657,0
1.2290218621294098,-1.1099901739376037,-0.502969299721533,1.480873875128695,0.9474866733593919,-1.177851894974348,4.024959042630468,-0.8828162337175963,0.001192415045823164,0.6910700256137552,0.8085666669970842,-3.087074832028429,0.9841231756854657,0
0.21232733076517762,-1.1099901739376037,0.8491410419312149,1.4831163926401387,0.10257878806523006,-1.177851894974348,1.0161476236798326,1.4316811360790147,-1.4724636648314886,-0.570312581972397,0.8085666669970842,0.08765034327508442,0.9841231756854657,0
0.21232733076517762,-1.1099901739376037,1.5251962127575889,1.4841113123811314,0.9474866733593919,-1.177851894974348,-0.4090788379283631,0.2744324511807092,-0.1397951825734185,-1.143668312693375,1.066572152642809,-0.7853990799333818,-1.0161329645585022,0
0.38177641932588297,0.9009088760241706,-0.502969299721533,1.482105680522305,0.6095235192417271,-1.177851894974348,-0.5674373336626071,0.2744324511807092,-0.8447331706696268,-1.2583394588375707,0.5505611813513597,0.32575473142284794,-1.0161329645585022,0
0.0428782422044723,-1.1099901739376037,-0.502969299721533,1.4762467087142368,0.4405419421828948,0.21058638994196582,-0.4090788379283631,0.2744324511807092,1.6729025011025462,-1.143668312693375,1.066572152642809,0.4249648931510827,0.9841231756854657,0
0.0428782422044723,-1.1099901739376037,-1.179024470547907,1.481916172000211,0.10257878806523006,-1.177851894974348,3.2331665639592484,0.853056793629862,0.001192415045823164,0.3470565871811683,-0.22345527558581418,-0.11076998018138517,0.9841231756854657,0
-0.12657084635623306,0.9009088760241706,-1.179024470547907,1.4843008209032253,0.2715603651240624,-1.177851894974348,-0.7257958293968509,0.2744324511807092,-1.1804179269059165,-1.2583394588375707,-0.22345527558581418,0.5440170872249644,0.9841231756854657,0
0.38177641932588297,0.9009088760241706,-0.502969299721533,1.4844113675411135,0.4405419421828948,-1.177851894974348,4.024959042630468,0.853056793629862,0.561785957960427,0.6910700256137552,0.5505611813513597,1.1591200899400202,-1.0161329645585022,0
-0.12657084635623306,-1.1099901739376037,-0.502969299721533,0.17653409468725553,-0.23538436605243465,0.9048055324001227,0.8577891279455886,-0.3041918912684436,-0.12301094476160378,0.23238544103697253,0.03455021005991044,-1.9362369559809054,0.9841231756854657,0
0.21232733076517762,0.9009088760241706,0.8491410419312149,1.4807475361139657,0.10257878806523006,-1.177851894974348,-0.7257958293968509,-1.461440576166749,0.6893461653302174,-1.2583394588375707,0.29255569570563505,0.06780831092943747,0.9841231756854657,0
0.38177641932588297,-1.1099901739376037,0.8491410419312149,1.4810791760276298,0.10257878806523006,-1.177851894974348,-0.5674373336626071,1.4316811360790147,-1.3751150855229646,-1.2583394588375707,0.03455021005991044,-1.5790803737592602,-1.0161329645585022,0
0.38177641932588297,0.9009088760241706,-1.179024470547907,0.06878270750006121,0.4405419421828948,0.9048055324001227,0.8577891279455886,0.853056793629862,1.2029438423717405,0.4617277333253637,0.29255569570563505,0.8813316371009629,-1.0161329645585022,1
-0.12657084635623306,0.9009088760241706,-0.502969299721533,1.4885647626503369,-0.404365943111267,-1.177851894974348,1.8079401023510524,-1.461440576166749,0.860545391010725,-0.2262991435398101,0.5505611813513597,0.6829113136444932,0.9841231756854657,0
0.0428782422044723,0.9009088760241706,-0.502969299721533,0.19550073927348158,-0.5733475201700994,0.9048055324001227,0.8577891279455886,-0.3041918912684436,0.5785701957722418,0.23238544103697253,0.8085666669970842,-0.5671367241312653,-1.0161329645585022,0
0.890123685007999,0.9009088760241706,0.8491410419312149,1.4837165029601025,0.4405419421828948,-1.177851894974348,1.4912231108825644,-0.8828162337175963,0.001192415045823164,-0.34097028968400567,0.5505611813513597,0.7424374106814341,-1.0161329645585022,0
0.5512255078865883,0.9009088760241706,-1.179024470547907,0.198311782351207,0.2715603651240624,0.9048055324001227,0.8577891279455886,0.853056793629862,-1.0495008719737637,0.23238544103697253,0.29255569570563505,-0.6266628211682062,0.9841231756854657,0
0.38177641932588297,0.9009088760241706,-1.179024470547907,1.505604737261942,0.2715603651240624,-1.177851894974348,2.4413740852880284,0.853056793629862,0.27645391515958084,0.003043148748581378,-0.22345527558581418,-1.2814498885745558,0.9841231756854657,0
0.38177641932588297,-1.1099901739376037,-0.502969299721533,1.5024778466473936,0.6095235192417271,-1.177851894974348,0.0026532509806712224,-0.3041918912684436,-1.0427871768490378,-1.0289971665491795,0.03455021005991044,0.08765034327508442,0.9841231756854657,0
0.5512255078865883,0.9009088760241706,-0.502969299721533,-0.8746696773673249,0.6095235192417271,0.21058638994196582,-0.7257958293968509,-0.3041918912684436,-0.811164695045998,0.6910700256137552,0.5505611813513597,-0.20998014190961997,0.9841231756854657,0
0.21232733076517762,-1.1099901739376037,1.5251962127575889,1.4990035237423398,0.2715603651240624,-1.177851894974348,0.6994306322113446,1.4316811360790147,1.934736610966852,-0.6849837281165926,-0.22345527558581418,0.40512286080543575,0.9841231756854657,0
0.38177641932588297,0.9009088760241706,-1.179024470547907,1.4976295869571594,0.4405419421828948,-1.177851894974348,-0.5674373336626071,-1.461440576166749,-0.1397951825734185,-1.2583394588375707,0.5505611813513597,0.8416475724096689,0.9841231756854657,0
0.7206745964472937,-1.1099901739376037,1.5251962127575889,0.10153609706861477,0.4405419421828948,0.9048055324001227,0.8577891279455886,-0.8828162337175963,1.6594751108530943,0.3470565871811683,0.8085666669970842,1.4964346398160184,-1.0161329645585022,1
0.21232733076517762,0.9009088760241706,-0.502969299721533,-0.8674841459045999,-0.06640278899360229,0.21058638994196582,-1.042512820865339,1.4316811360790147,-1.0092187012254088,-0.2262991435398101,-0.22345527558581418,1.6353288662355472,-1.0161329645585022,0
0.5512255078865883,-1.1099901739376037,-0.502969299721533,0.21268284527665723,0.6095235192417271,0.9048055324001227,0.8577891279455886,0.853056793629862,-0.8816584938556186,0.23238544103697253,0.5505611813513597,-0.7060309505507939,0.9841231756854657,0
0.0428782422044723,-1.1099901739376037,-1.179024470547907,1.499429917917051,0.10257878806523006,-1.177851894974348,2.4413740852880284,1.4316811360790147,0.001192415045823164,0.003043148748581378,0.8085666669970842,0.5638591195706114,-1.0161329645585022,0
0.38177641932588297,-1.1099901739376037,-0.502969299721533,0.24712601916721427,0.6095235192417271,0.9048055324001227,0.8577891279455886,-0.8828162337175963,0.001192415045823164,0.23238544103697253,0.29255569570563505,0.008282213892496587,-1.0161329645585022,0
0.38177641932588297,0.9009088760241706,-1.179024470547907,1.5068523350323932,0.10257878806523006,-1.177851894974348,0.38271364074285674,-0.8828162337175963,0.001192415045823164,-0.7996548742607882,0.5505611813513597,1.4765926074703717,0.9841231756854657,0
0.7206745964472937,0.9009088760241706,-0.502969299721533,1.5023830923863468,0.2715603651240624,-1.177851894974348,1.6495816066168083,-1.461440576166749,0.11868207972852446,-0.34097028968400567,0.5505611813513597,0.7225953783357871,-1.0161329645585022,0
0.0428782422044723,0.9009088760241706,-0.502969299721533,0.26722971488600344,0.2715603651240624,0.9048055324001227,0.8577891279455886,0.2744324511807092,0.8336906105118219,0.1177142948927768,-0.22345527558581418,0.38528082845978884,0.9841231756854657,0
0.21232733076517762,-1.1099901739376037,-1.179024470547907,1.498940354234975,-0.06640278899360229,-1.177851894974348,2.4413740852880284,1.4316811360790147,-0.3109944082539262,0.003043148748581378,0.5505611813513597,0.3455967637684949,0.9841231756854657,0
0.0428782422044723,-1.1099901739376037,-0.502969299721533,1.2715143353455152,0.2715603651240624,-1.177851894974348,1.6495816066168083,-1.461440576166749,0.001192415045823164,-0.2262991435398101,-0.22345527558581418,-0.4282424977117365,-1.0161329645585022,1
-0.12657084635623306,0.9009088760241706,-1.179024470547907,1.5216024150020313,-0.06640278899360229,-1.177851894974348,-0.646616581529729,0.2744324511807092,-1.8752853723150364,-1.2583394588375707,0.03455021005991044,0.028124246238143545,-1.0161329645585022,0
1.0595727735687044,-1.1099901739376037,0.8491410419312149,0.9123956859776713,0.9474866733593919,-1.177851894974348,4.024959042630468,0.2744324511807092,2.562467105128714,1.2644257563347332,1.066572152642809,-3.2259690584479577,-1.0161329645585022,1
-0.12657084635623306,-1.1099901739376037,-0.502969299721533,1.5176385284149017,-0.23538436605243465,-1.177851894974348,-1.121692068732461,0.2744324511807092,-0.8447331706696268,-1.487681751125962,-0.22345527558581418,0.028124246238143545,0.9841231756854657,0
0.21232733076517762,-1.1099901739376037,-1.179024470547907,1.5208917580441792,0.10257878806523006,-1.177851894974348,-0.9158260242779438,0.2744324511807092,-1.5496711587658354,-1.3730106049817663,0.03455021005991044,0.8813316371009629,-1.0161329645585022,0
0.5512255078865883,-1.1099901739376037,-1.179024470547907,1.5235606697303343,0.7785050963005594,-1.177851894974348,-1.121692068732461,-0.8828162337175963,1.9112386780303117,-1.487681751125962,0.8085666669970842,1.0599099282117854,0.9841231756854657,0
0.21232733076517762,-1.1099901739376037,1.5251962127575889,0.26822463462699614,-0.5733475201700994,0.9048055324001227,0.8577891279455886,0.2744324511807092,-0.21364582894540246,0.1177142948927768,0.5505611813513597,0.7225953783357871,0.9841231756854657,0
0.21232733076517762,0.9009088760241706,-1.179024470547907,0.27199901269203197,-0.404365943111267,0.9048055324001227,0.8577891279455886,0.2744324511807092,0.9108981044461687,0.1177142948927768,-0.22345527558581418,0.16701847265767225,0.9841231756854657,0
0.0428782422044723,0.9009088760241706,-1.179024470547907,1.5464596161500077,-0.911310674287764,-1.177851894974348,0.06599664927436881,-1.461440576166749,0.03811773823181484,-0.9143260204049839,0.29255569570563505,0.6432272489531993,0.9841231756854657,0
-0.12657084635623306,0.9009088760241706,1.5251962127575889,-0.8761225760367112,0.6095235192417271,0.21058638994196582,-0.2507203421941191,0.853056793629862,-0.707102420612748,2.1817949254882985,0.5505611813513597,1.734539027963782,-1.0161329645585022,1
0.0428782422044723,-1.1099901739376037,1.5251962127575889,0.26031265382957797,0.4405419421828948,0.9048055324001227,0.8577891279455886,-1.461440576166749,0.15896425047687956,0.23238544103697253,-0.22345527558581418,-0.9639773710442044,-1.0161329645585022,0
-0.12657084635623306,0.9009088760241706,-1.179024470547907,1.5575300723156569,-0.06640278899360229,-1.177851894974348,-0.804975077263973,-0.3041918912684436,0.16232109803924238,-1.2583394588375707,-0.22345527558581418,-0.5076106270943244,0.9841231756854657,0
0.890123685007999,-1.1099901739376037,0.8491410419312149,1.5588250472166314,0.4405419421828948,-1.177851894974348,-0.2507203421941191,1.4316811360790147,0.9981761410676039,-1.143668312693375,-0.22345527558581418,-1.0036614357354983,0.9841231756854657,0
0.21232733076517762,-1.1099901739376037,-1.179024470547907,1.331967553893453,0.6095235192417271,-1.177851894974348,-0.286351003734324,-1.461440576166749,1.327147202179168,-1.0289971665491795,-0.22345527558581418,0.286070666731554,-1.0161329645585022,1
0.890123685007999,-1.1099901739376037,-0.502969299721533,0.31076929783706525,0.6095235192417271,0.9048055324001227,0.8577891279455886,1.4316811360790147,1.1223795008750308,0.1177142948927768,0.29255569570563505,1.1988041546313142,-1.0161329645585022,0
0.21232733076517762,-1.1099901739376037,-0.502969299721533,0.3373794528144099,0.9474866733593919,0.9048055324001227,0.8577891279455886,-0.3041918912684436,0.8135495251376443,0.1177142948927768,1.066572152642809,0.10749237562073138,0.9841231756854657,0
-0.12657084635623306,0.9009088760241706,-1.179024470547907,1.5902992542610515,0.4405419421828948,0.21058638994196582,0.8577891279455886,0.2744324511807092,0.007906110170548816,-0.6849837281165926,1.066572152642809,0.6829113136444932,-1.0161329645585022,0
0.0428782422044723,-1.1099901739376037,0.8491410419312149,0.3474549892390662,0.6095235192417271,0.9048055324001227,0.8577891279455886,-0.3041918912684436,0.2865244578466693,0.1177142948927768,0.8085666669970842,-0.09092794783573821,-1.0161329645585022,0
0.7206745964472937,0.9009088760241706,-1.179024470547907,0.3426698990561965,0.7785050963005594,0.9048055324001227,0.8577891279455886,-1.461440576166749,-0.005521280078902488,0.1177142948927768,0.29255569570563505,-0.46792656240303043,0.9841231756854657,0
0.7206745964472937,0.9009088760241706,-0.502969299721533,1.5945947807618455,0.6095235192417271,-1.177851894974348,1.0161476236798326,0.2744324511807092,-1.6705176710108995,-0.570312581972397,1.066572152642809,0.286070666731554,-1.0161329645585022,0
0.890123685007999,0.9009088760241706,0.8491410419312149,1.6001536974099317,0.7785050963005594,-1.177851894974348,0.6994306322113446,1.4316811360790147,-1.4724636648314886,-0.6849837281165926,0.29255569570563505,0.38528082845978884,0.9841231756854657,0
1.0595727735687044,-1.1099901739376037,-0.502969299721533,1.5954475691112677,0.9474866733593919,-1.177851894974348,-0.5674373336626071,-1.461440576166749,-1.6705176710108995,-1.2583394588375707,1.066572152642809,1.0202258635204915,0.9841231756854657,0
0.7206745964472937,0.9009088760241706,-0.502969299721533,1.5976900866227117,0.6095235192417271,-1.177851894974348,1.6495816066168083,0.853056793629862,-1.0427871768490378,-0.34097028968400567,1.066572152642809,-0.8250831446246757,0.9841231756854657,0
1.0595727735687044,-1.1099901739376037,-1.179024470547907,1.368368982512313,1.2854498274770565,-1.177851894974348,-1.1375279183058853,-0.3041918912684436,2.988786745548802,-1.487681751125962,0.29255569570563505,1.238488219322608,-1.0161329645585022,1
1.0595727735687044,-1.1099901739376037,-1.179024470547907,1.5995535870899678,0.7785050963005594,-1.177851894974348,2.91644957249076,1.4316811360790147,0.23617174441122635,0.1177142948927768,-0.22345527558581418,1.337698381050843,-1.0161329645585022,0
0.7206745964472937,0.9009088760241706,-1.179024470547907,0.021500331237645876,0.4405419421828948,0.9048055324001227,0.8577891279455886,0.2744324511807092,0.001192415045823164,0.4617277333253637,-0.22345527558581418,-0.13061201252703214,-1.0161329645585022,1
0.21232733076517762,0.9009088760241706,-0.502969299721533,0.2510741133775028,0.7785050963005594,0.9048055324001227,0.8577891279455886,-0.3041918912684436,1.575553921794022,0.23238544103697253,0.29255569570563505,0.2463866020402601,-1.0161329645585022,1
1.2290218621294098,-1.1099901739376037,0.17308587110484092,1.5929681659472066,1.2854498274770565,-1.177851894974348,0.06599664927436881,-0.3041918912684436,-1.0427871768490378,-0.9143260204049839,0.8085666669970842,1.6154868338899002,0.9841231756854657,0
0.7206745964472937,0.9009088760241706,1.5251962127575889,1.5939946704418815,0.9474866733593919,0.21058638994196582,-0.2507203421941191,-0.3041918912684436,0.001192415045823164,-1.143668312693375,0.03455021005991044,-0.051243883144444294,-1.0161329645585022,0
0.38177641932588297,0.9009088760241706,1.5251962127575889,-0.887066693187631,0.2715603651240624,0.21058638994196582,-1.1850354670261585,0.853056793629862,-1.2979075915886182,-0.570312581972397,-0.22345527558581418,-1.658448503141848,0.9841231756854657,0
0.7206745964472937,0.9009088760241706,-0.502969299721533,1.5958265861554555,1.4544314045358888,-1.177851894974348,0.38271364074285674,1.4316811360790147,0.665848232393677,-0.7996548742607882,0.8085666669970842,0.008282213892496587,0.9841231756854657,0
0.5512255078865883,-1.1099901739376037,-1.179024470547907,1.3657158632029993,-0.06640278899360229,-1.177851894974348,4.024959042630468,0.853056793629862,-1.1804179269059165,0.8057411717579506,-0.22345527558581418,-0.6465048535138531,-1.0161329645585022,1
1.2290218621294098,0.9009088760241706,-0.502969299721533,0.13016767628162712,1.1164682504182242,0.9048055324001227,0.8577891279455886,-0.3041918912684436,1.5319149034833046,0.3470565871811683,0.5505611813513597,-1.5790803737592602,-1.0161329645585022,1
0.38177641932588297,0.9009088760241706,0.8491410419312149,1.3703114448637752,0.7785050963005594,-1.177851894974348,0.06599664927436881,-0.3041918912684436,-0.005521280078902488,-0.9143260204049839,1.066572152642809,-0.26950623894656084,-1.0161329645585022,1
0.21232733076517762,0.9009088760241706,0.8491410419312149,-0.07415409528922441,0.4405419421828948,0.9048055324001227,0.8577891279455886,0.2744324511807092,1.6594751108530943,0.6910700256137552,0.5505611813513597,0.8813316371009629,-1.0161329645585022,1
0.890123685007999,0.9009088760241706,1.5251962127575889,0.9772233929106088,0.4405419421828948,-1.177851894974348,1.0161476236798326,0.2744324511807092,1.6729025011025462,-0.34097028968400567,-0.22345527558581418,0.9606997664835506,-1.0161329645585022,1
-0.12657084635623306,-1.1099901739376037,-1.179024470547907,1.5975163704774589,-0.06640278899360229,-1.177851894974348,-0.5674373336626071,1.4316811360790147,0.8336906105118219,-1.2583394588375707,0.03455021005991044,0.12733440796637835,0.9841231756854657,0
0.7206745964472937,0.9009088760241706,-0.502969299721533,1.5975795399848236,0.4405419421828948,-1.177851894974348,-0.5674373336626071,0.853056793629862,-1.1804179269059165,-1.2583394588375707,0.8085666669970842,1.4567505751247247,-1.0161329645585022,0
-0.12657084635623306,-1.1099901739376037,0.8491410419312149,0.38361953220530903,-0.06640278899360229,0.9048055324001227,0.8577891279455886,-1.461440576166749,-1.3751150855229646,0.003043148748581378,-0.22345527558581418,-0.26950623894656084,-1.0161329645585022,0
0.890123685007999,-1.1099901739376037,-0.502969299721533,1.6043386772728374,0.9474866733593919,-1.177851894974348,0.5608669484438812,-0.8828162337175963,0.001192415045823164,-0.7996548742607882,0.8085666669970842,-0.7258729828964409,0.9841231756854657,0
0.7206745964472937,-1.1099901739376037,0.8491410419312149,0.38300362950850403,0.7785050963005594,0.9048055324001227,0.8577891279455886,1.4316811360790147,-1.6705176710108995,0.003043148748581378,0.29255569570563505,0.7225953783357871,0.9841231756854657,0
0.21232733076517762,0.9009088760241706,-0.502969299721533,1.6001536974099317,-0.404365943111267,-1.177851894974348,0.06599664927436881,0.2744324511807092,0.8336906105118219,-0.9143260204049839,1.066572152642809,0.10749237562073138,-1.0161329645585022,0
0.0428782422044723,-1.1099901739376037,-1.179024470547907,-0.884097726341494,-0.06640278899360229,0.21058638994196582,-0.7733033781171241,0.853056793629862,1.4446368668618692,0.6910700256137552,-0.22345527558581418,-0.44808453005738347,-1.0161329645585022,1
0.21232733076517762,-1.1099901739376037,-0.502969299721533,1.5920206233367373,0.9474866733593919,-1.177851894974348,-0.3774071387815143,0.2744324511807092,-1.2475548781531747,-1.143668312693375,0.29255569570563505,0.6233852166075523,-1.0161329645585022,0
0.21232733076517762,-1.1099901739376037,0.17308587110484092,0.39544802245933347,0.10257878806523006,0.9048055324001227,0.8577891279455886,-0.3041918912684436,-0.1397951825734185,0.003043148748581378,0.03455021005991044,0.5638591195706114,-1.0161329645585022,0
0.38177641932588297,-1.1099901739376037,-0.502969299721533,1.5954475691112677,0.4405419421828948,0.21058638994196582,-0.6584934687097973,0.853056793629862,0.001192415045823164,-1.2583394588375707,-0.22345527558581418,1.0599099282117854,-1.0161329645585022,0
0.7206745964472937,-1.1099901739376037,-0.502969299721533,0.17636037854200284,0.4405419421828948,0.9048055324001227,0.8577891279455886,-0.3041918912684436,-0.7138161157374736,0.23238544103697253,0.8085666669970842,-0.5472946917856183,-1.0161329645585022,1
0.890123685007999,-1.1099901739376037,-1.179024470547907,1.6037543593297148,0.4405419421828948,-1.177851894974348,-0.8841543251310949,-1.461440576166749,-0.21364582894540246,-1.3730106049817663,0.29255569570563505,-1.0036614357354983,0.9841231756854657,0
1.2290218621294098,-1.1099901739376037,1.5251962127575889,0.3999646422359035,1.4544314045358888,0.9048055324001227,0.8577891279455886,1.4316811360790147,0.001192415045823164,0.003043148748581378,0.29255569570563505,-1.3211339532658497,0.9841231756854657,0
-0.12657084635623306,0.9009088760241706,-0.502969299721533,1.5912467968715207,0.4405419421828948,-1.177851894974348,2.4413740852880284,0.853056793629862,-0.21700267650776528,0.003043148748581378,0.29255569570563505,-0.07108591549009124,0.9841231756854657,0
0.21232733076517762,0.9009088760241706,-1.179024470547907,1.595589700502838,0.4405419421828948,-1.177851894974348,0.6994306322113446,-1.461440576166749,-1.7510820125076092,-0.6849837281165926,0.8085666669970842,1.1194360252487263,0.9841231756854657,0
0.21232733076517762,-1.1099901739376037,-1.179024470547907,1.5953370224733796,-0.23538436605243465,-1.177851894974348,0.38271364074285674,1.4316811360790147,-1.8752853723150364,-0.7996548742607882,0.8085666669970842,-0.15045404487267908,0.9841231756854657,0
0.5512255078865883,0.9009088760241706,-0.502969299721533,-0.8881721595665117,-0.06640278899360229,0.21058638994196582,-0.4090788379283631,-0.3041918912684436,0.001192415045823164,1.8377814870557112,0.5505611813513597,0.5043330225336705,-1.0161329645585022,1
-0.12657084635623306,0.9009088760241706,0.8491410419312149,1.5955581157491558,-0.23538436605243465,-1.177851894974348,1.6495816066168083,-1.461440576166749,0.001192415045823164,-0.34097028968400567,0.8085666669970842,0.305912699077201,0.9841231756854657,0
-0.12657084635623306,-1.1099901739376037,1.5251962127575889,1.6011486171509244,0.2715603651240624,-1.177851894974348,1.3328646151483206,0.2744324511807092,0.001192415045823164,-0.45564143582820127,-0.22345527558581418,1.4170665104334308,0.9841231756854657,0
0.890123685007999,0.9009088760241706,-1.179024470547907,1.368858546194389,0.10257878806523006,-1.177851894974348,2.4413740852880284,-0.3041918912684436,3.018998373610068,0.1177142948927768,1.066572152642809,0.32575473142284794,-1.0161329645585022,1
-0.12657084635623306,0.9009088760241706,-1.179024470547907,1.5986218368563396,-0.7423290972289317,-1.177851894974348,-0.2507203421941191,-0.8828162337175963,2.0757242085860943,-1.143668312693375,-0.22345527558581418,0.7622794430270811,-1.0161329645585022,0
0.890123685007999,0.9009088760241706,-1.179024470547907,-0.8903830923242733,0.4405419421828948,0.21058638994196582,-0.963333572998217,-1.461440576166749,0.7229146409538463,0.1177142948927768,0.03455021005991044,-0.5076106270943244,-1.0161329645585022,1
1.0595727735687044,0.9009088760241706,-1.179024470547907,1.5965688278669896,1.1164682504182242,-1.177851894974348,0.8577891279455886,1.4316811360790147,0.2865244578466693,-0.6849837281165926,0.8085666669970842,-1.5195542767223194,-1.0161329645585022,0
0.0428782422044723,0.9009088760241706,-1.179024470547907,1.5997904727425851,-0.404365943111267,-1.177851894974348,1.6495816066168083,-0.8828162337175963,0.001192415045823164,-0.34097028968400567,0.5505611813513597,-0.03140185079879733,0.9841231756854657,0
0.7206745964472937,0.9009088760241706,1.5251962127575889,1.6005169220772781,0.7785050963005594,-1.177851894974348,-0.2823920413409679,-1.461440576166749,0.2865244578466693,-1.143668312693375,0.8085666669970842,1.258330251668255,-1.0161329645585022,0
0.0428782422044723,-1.1099901739376037,-0.502969299721533,1.5946895350228922,0.2715603651240624,0.21058638994196582,-0.17154109432699713,-0.3041918912684436,-1.4254677989584081,-1.0289971665491795,0.5505611813513597,-0.9441353386985575,0.9841231756854657,0
1.0595727735687044,0.9009088760241706,0.17308587110484092,0.23206009166075328,1.1164682504182242,0.9048055324001227,0.8577891279455886,-1.461440576166749,1.8105332511594245,0.23238544103697253,-0.22345527558581418,2.190905771913662,-1.0161329645585022,1
0.21232733076517762,0.9009088760241706,-1.179024470547907,1.6006748458456896,0.4405419421828948,-1.177851894974348,0.38271364074285674,-0.3041918912684436,-0.12972463988633004,-0.7996548742607882,0.8085666669970842,1.714696995618135,0.9841231756854657,0
0.21232733076517762,0.9009088760241706,-1.179024470547907,1.5958581709091377,0.10257878806523006,-1.177851894974348,0.17684759628833957,-0.3041918912684436,1.0787404825643134,-0.9143260204049839,0.8085666669970842,-0.5076106270943244,0.9841231756854657,0
0.0428782422044723,-1.1099901739376037,-1.179024470547907,1.5998378498731085,0.4405419421828948,-1.177851894974348,0.06599664927436881,-0.8828162337175963,0.001192415045823164,-0.9143260204049839,0.03455021005991044,-0.8449251769703227,0.9841231756854657,0
0.0428782422044723,0.9009088760241706,1.5251962127575889,1.5998852270036321,0.2715603651240624,-1.177851894974348,0.8577891279455886,-0.3041918912684436,-1.0495008719737637,-0.6849837281165926,0.03455021005991044,-0.26950623894656084,0.9841231756854657,0
1.0595727735687044,-1.1099901739376037,-0.502969299721533,0.46237611551214447,1.2854498274770565,0.9048055324001227,0.8577891279455886,1.4316811360790147,0.03811773823181484,0.003043148748581378,-0.22345527558581418,1.5162766721616654,-1.0161329645585022,0
0.38177641932588297,0.9009088760241706,0.17308587110484092,1.37215915295419,0.4405419421828948,-1.177851894974348,2.2790566271604282,-0.8828162337175963,2.3241309282009484,0.003043148748581378,0.29255569570563505,1.0202258635204915,-1.0161329645585022,1
0.21232733076517762,-1.1099901739376037,-0.502969299721533,1.3695218260217175,0.6095235192417271,-1.177851894974348,2.2830155895537843,0.853056793629862,1.7937490133476108,0.003043148748581378,0.03455021005991044,1.337698381050843,-1.0161329645585022,1
0.7206745964472937,0.9009088760241706,1.5251962127575889,1.6034385117928918,0.7785050963005594,-1.177851894974348,2.2830155895537843,0.853056793629862,2.02537149515065,-0.11162799739561437,0.8085666669970842,-0.190138109563973,0.9841231756854657,0
0.890123685007999,0.9009088760241706,-1.179024470547907,1.594026255195564,1.1164682504182242,0.21058638994196582,1.8079401023510524,1.4316811360790147,0.27645391515958084,-0.2262991435398101,0.8085666669970842,0.32575473142284794,0.9841231756854657,0
0.38177641932588297,-1.1099901739376037,-1.179024470547907,1.5970268067953832,0.7785050963005594,0.21058638994196582,2.2830155895537843,0.853056793629862,0.27645391515958084,-0.11162799739561437,-0.22345527558581418,0.9210157017922567,0.9841231756854657,0
0.890123685007999,-1.1099901739376037,-1.179024470547907,1.5942157637176577,0.6095235192417271,0.21058638994196582,1.6495816066168083,0.853056793629862,0.15896425047687956,-0.34097028968400567,0.29255569570563505,1.1194360252487263,-1.0161329645585022,0
0.21232733076517762,-1.1099901739376037,-1.179024470547907,0.45659610558828206,0.6095235192417271,0.9048055324001227,0.8577891279455886,0.2744324511807092,0.954537122756886,0.003043148748581378,1.066572152642809,-0.7060309505507939,0.9841231756854657,0
-0.12657084635623306,0.9009088760241706,-1.179024470547907,1.5983059893195166,-0.23538436605243465,0.21058638994196582,0.06599664927436881,-0.8828162337175963,-0.811164695045998,-0.9143260204049839,0.03455021005991044,-0.9044512740072636,0.9841231756854657,0
0.38177641932588297,0.9009088760241706,-0.502969299721533,0.459565072434419,0.2715603651240624,0.9048055324001227,0.8577891279455886,-0.3041918912684436,1.327147202179168,0.003043148748581378,0.03455021005991044,0.782121475372728,-1.0161329645585022,0
1.0595727735687044,0.9009088760241706,0.8491410419312149,1.5937419924124232,1.2854498274770565,-1.177851894974348,2.4413740852880284,1.4316811360790147,1.9112386780303117,0.003043148748581378,0.03455021005991044,-0.6465048535138531,0.9841231756854657,0
-0.12657084635623306,0.9009088760241706,-0.502969299721533,1.6004853373235959,0.10257878806523006,-1.177851894974348,0.38271364074285674,1.4316811360790147,0.2965950005337584,-0.7996548742607882,-0.22345527558581418,0.9408577341379036,-1.0161329645585022,0
-0.12657084635623306,0.9009088760241706,0.8491410419312149,1.5966793745048777,-0.23538436605243465,-1.177851894974348,1.6495816066168083,0.853056793629862,0.6154955189582334,-0.34097028968400567,0.03455021005991044,0.801963507718375,0.9841231756854657,0
0.21232733076517762,0.9009088760241706,-1.179024470547907,1.5984007435805636,-0.06640278899360229,-1.177851894974348,-0.4090788379283631,0.853056793629862,-0.5661148229935064,-1.143668312693375,0.03455021005991044,-0.8449251769703227,0.9841231756854657,0
0.0428782422044723,0.9009088760241706,1.5251962127575889,1.6014012951803829,-0.23538436605243465,-1.177851894974348,0.8577891279455886,-0.3041918912684436,0.2965950005337584,-0.6849837281165926,0.8085666669970842,-0.07108591549009124,0.9841231756854657,0
1.2290218621294098,0.9009088760241706,-1.179024470547907,1.5998220574962674,1.1164682504182242,-1.177851894974348,0.8577891279455886,-1.461440576166749,0.7229146409538463,-0.6849837281165926,0.29255569570563505,-0.03140185079879733,0.9841231756854657,0
0.0428782422044723,0.9009088760241706,1.5251962127575889,0.4983669423331346,-0.404365943111267,0.9048055324001227,0.8577891279455886,-1.461440576166749,-1.0427871768490378,-0.11162799739561437,0.8085666669970842,-0.6465048535138531,0.9841231756854657,0
0.0428782422044723,0.9009088760241706,0.8491410419312149,1.5958739632859789,-0.404365943111267,-1.177851894974348,0.8577891279455886,-0.3041918912684436,-0.46205254856025635,-0.6849837281165926,0.8085666669970842,-1.142555662155027,0.9841231756854657,0
-0.12657084635623306,0.9009088760241706,-1.179024470547907,1.596505658359625,-0.404365943111267,-1.177851894974348,-0.09236184645987515,0.853056793629862,-0.46205254856025635,-1.0289971665491795,1.066572152642809,0.18686050500331922,0.9841231756854657,0
-0.12657084635623306,0.9009088760241706,-1.179024470547907,1.5957950014017732,0.2715603651240624,-1.177851894974348,-0.2507203421941191,1.4316811360790147,0.4040141225293712,-1.143668312693375,-0.22345527558581418,-0.20998014190961997,0.9841231756854657,0
0.0428782422044723,-1.1099901739376037,1.5251962127575889,1.5961740184459607,0.2715603651240624,-1.177851894974348,2.4413740852880284,1.4316811360790147,1.4244957814876917,0.003043148748581378,0.5505611813513597,-0.11076998018138517,0.9841231756854657,0
0.21232733076517762,0.9009088760241706,-1.179024470547907,1.5945000265007985,0.10257878806523006,-1.177851894974348,1.0161476236798326,-0.3041918912684436,0.04483143335654109,-0.570312581972397,0.29255569570563505,-0.8846092416616166,-1.0161329645585022,0
0.38177641932588297,-1.1099901739376037,-0.502969299721533,-0.5253265092641555,0.7785050963005594,0.9048055324001227,0.8657070527323008,0.2744324511807092,-0.34120603631519225,2.0671237793441026,0.29255569570563505,0.286070666731554,-1.0161329645585022,1
0.38177641932588297,0.9009088760241706,1.5251962127575889,1.596489865982784,0.4405419421828948,-1.177851894974348,0.38271364074285674,-0.3041918912684436,0.2865244578466693,-0.7996548742607882,0.5505611813513597,1.0202258635204915,0.9841231756854657,0
0.0428782422044723,-1.1099901739376037,1.5251962127575889,1.5993798709447151,0.2715603651240624,-1.177851894974348,0.06599664927436881,1.4316811360790147,-0.9857207682888686,-0.9143260204049839,0.5505611813513597,1.5162766721616654,0.9841231756854657,0
0.38177641932588297,-1.1099901739376037,-0.502969299721533,1.5943105179787047,0.10257878806523006,-1.177851894974348,-0.7257958293968509,0.853056793629862,0.001192415045823164,-1.2583394588375707,0.8085666669970842,0.10749237562073138,0.9841231756854657,0
0.5512255078865883,0.9009088760241706,-1.179024470547907,-0.7017115662030055,0.4405419421828948,0.9048055324001227,0.8696660151256569,-0.3041918912684436,0.001192415045823164,3.213835240786059,1.066572152642809,-0.4282424977117365,-1.0161329645585022,1
-0.12657084635623306,0.9009088760241706,1.5251962127575889,1.6136877643628007,-0.23538436605243465,-1.177851894974348,-0.5674373336626071,0.853056793629862,0.23617174441122635,-1.2583394588375707,0.8085666669970842,-0.9242933063529105,-1.0161329645585022,0
0.5512255078865883,0.9009088760241706,1.5251962127575889,1.6181412146320062,0.2715603651240624,-1.177851894974348,0.06599664927436881,1.4316811360790147,-1.3751150855229646,-1.0289971665491795,0.5505611813513597,1.0797519605574324,0.9841231756854657,0
0.5512255078865883,0.9009088760241706,1.5251962127575889,1.6156460190911037,0.6095235192417271,-1.177851894974348,1.8079401023510524,-0.8828162337175963,0.3234497810326616,-0.2262991435398101,0.5505611813513597,-0.011559818453150373,0.9841231756854657,0
0.38177641932588297,0.9009088760241706,0.8491410419312149,1.6239054321790274,0.4405419421828948,-1.177851894974348,1.2576443296745545,-0.3041918912684436,0.5752133482098789,-0.45564143582820127,0.29255569570563505,-0.8647672093159696,0.9841231756854657,0
0.5512255078865883,0.9009088760241706,1.5251962127575889,1.6385449655107773,0.4405419421828948,-1.177851894974348,0.8577891279455886,0.853056793629862,-0.8447331706696268,-0.6849837281165926,0.29255569570563505,0.38528082845978884,-1.0161329645585022,0
1.2290218621294098,0.9009088760241706,-1.179024470547907,1.4046598644932853,0.9474866733593919,-1.177851894974348,-0.18737694390042153,0.853056793629862,0.6624913848313142,-1.0289971665491795,0.8085666669970842,0.4844909901880236,-1.0161329645585022,1
1.2290218621294098,-1.1099901739376037,0.8491410419312149,1.6560902961812993,1.6234129815947211,-1.177851894974348,-0.013182598592753173,0.853056793629862,0.3301634761573873,-1.0289971665491795,1.066572152642809,0.40512286080543575,-1.0161329645585022,0
0.890123685007999,0.9009088760241706,0.8491410419312149,1.6502313243732312,0.10257878806523006,-1.177851894974348,0.06599664927436881,1.4316811360790147,1.2700807936189982,-1.0289971665491795,-0.22345527558581418,1.0003838311748445,-1.0161329645585022,0
0.0428782422044723,0.9009088760241706,-0.502969299721533,-0.9020852435635685,0.2715603651240624,0.21058638994196582,-0.963333572998217,1.4316811360790147,1.0787404825643134,0.1177142948927768,-0.22345527558581418,-2.3330776028938445,-1.0161329645585022,1
0.21232733076517762,-1.1099901739376037,1.5251962127575889,1.6540214948151082,0.2715603651240624,0.21058638994196582,-1.042512820865339,1.4316811360790147,-0.08944246913797492,-1.3730106049817663,0.5505611813513597,0.7225953783357871,0.9841231756854657,0
0.7206745964472937,0.9009088760241706,-1.179024470547907,1.6549374526718952,1.2854498274770565,-1.177851894974348,-0.18737694390042153,1.4316811360790147,0.6154955189582334,-1.0289971665491795,0.8085666669970842,-0.13061201252703214,0.9841231756854657,0
1.2290218621294098,0.9009088760241706,1.5251962127575889,1.669276930843663,1.4544314045358888,-1.177851894974348,2.2830155895537843,-0.3041918912684436,-1.0427871768490378,-0.11162799739561437,1.066572152642809,-0.5076106270943244,0.9841231756854657,0
1.2290218621294098,0.9009088760241706,-1.179024470547907,1.6759097291169478,1.2854498274770565,0.21058638994196582,0.38271364074285674,1.4316811360790147,-1.371758237960602,-0.9143260204049839,-0.22345527558581418,0.32575473142284794,0.9841231756854657,0
1.0595727735687044,0.9009088760241706,-1.179024470547907,1.6699244182941504,1.2854498274770565,-1.177851894974348,-0.8841543251310949,0.853056793629862,-0.21364582894540246,-1.3730106049817663,0.5505611813513597,-1.2616078562289088,0.9841231756854657,0
0.7206745964472937,0.9009088760241706,0.8491410419312149,1.6700033801783563,0.2715603651240624,-1.177851894974348,1.6495816066168083,-1.461440576166749,0.27645391515958084,-0.34097028968400567,0.03455021005991044,0.9408577341379036,-1.0161329645585022,0
0.7206745964472937,-1.1099901739376037,1.5251962127575889,1.6907545633476326,0.6095235192417271,0.21058638994196582,0.8577891279455886,0.2744324511807092,0.4745079213389917,-0.6849837281165926,0.29255569570563505,-0.7457150152420878,0.9841231756854657,0
1.2290218621294098,0.9009088760241706,0.8491410419312149,0.17449687807474665,0.9474866733593919,0.9048055324001227,0.8855018646990813,1.4316811360790147,3.018998373610068,0.3470565871811683,0.5505611813513597,0.0479662785837905,0.9841231756854657,0
0.0428782422044723,-1.1099901739376037,-1.179024470547907,1.464086578546548,0.6095235192417271,-1.177851894974348,-0.20717175586720202,-0.3041918912684436,1.8407448792206904,-1.0289971665491795,0.29255569570563505,-0.26950623894656084,-1.0161329645585022,1
0.5512255078865883,0.9009088760241706,-1.179024470547907,1.6907387709707915,0.10257878806523006,-1.177851894974348,-0.4090788379283631,-0.3041918912684436,-1.8752853723150364,-1.143668312693375,-0.22345527558581418,0.18686050500331922,0.9841231756854657,0
0.0428782422044723,0.9009088760241706,0.8491410419312149,1.4635812224876312,-0.06640278899360229,-1.177851894974348,2.4413740852880284,-1.461440576166749,2.3241309282009484,0.003043148748581378,0.03455021005991044,-0.6663468858595001,-1.0161329645585022,1
0.890123685007999,-1.1099901739376037,1.5251962127575889,-0.9049278713949762,0.6095235192417271,0.21058638994196582,-0.4090788379283631,0.2744324511807092,-1.0092187012254088,1.952452633199907,0.8085666669970842,0.26622863438590705,-1.0161329645585022,1
0.7206745964472937,-1.1099901739376037,0.8491410419312149,1.6877698041246545,0.9474866733593919,-1.177851894974348,-0.2507203421941191,0.2744324511807092,0.001192415045823164,-1.143668312693375,0.03455021005991044,1.0003838311748445,-1.0161329645585022,0
0.0428782422044723,-1.1099901739376037,-1.179024470547907,-0.29444195984648275,0.6095235192417271,0.9048055324001227,0.8894608270924373,-0.8828162337175963,-0.25392799969375696,1.2644257563347332,1.066572152642809,0.782121475372728,0.9841231756854657,0
0.7206745964472937,-1.1099901739376037,-0.502969299721533,1.6913862584212789,0.6095235192417271,-1.177851894974348,0.8577891279455886,1.4316811360790147,-0.8447331706696268,-0.6849837281165926,0.5505611813513597,0.9606997664835506,0.9841231756854657,0
0.38177641932588297,0.9009088760241706,-1.179024470547907,1.706578524942469,0.2715603651240624,-1.177851894974348,-0.2507203421941191,-0.8828162337175963,0.6154955189582334,-1.143668312693375,1.066572152642809,-0.11076998018138517,-1.0161329645585022,0
1.0595727735687044,0.9009088760241706,1.5251962127575889,1.7131797384620715,1.1164682504182242,-1.177851894974348,2.4413740852880284,0.2744324511807092,0.001192415045823164,-0.11162799739561437,0.8085666669970842,1.774223092655076,0.9841231756854657,0
0.890123685007999,-1.1099901739376037,-0.502969299721533,1.709231644251783,-0.06640278899360229,-1.177851894974348,-1.1375279183058853,-0.8828162337175963,-1.1804179269059165,-1.487681751125962,0.03455021005991044,0.9011736694466097,0.9841231756854657,0
0.7206745964472937,-1.1099901739376037,-1.179024470547907,1.7041780836626137,0.7785050963005594,-1.177851894974348,0.06599664927436881,0.853056793629862,-0.46205254856025635,-1.0289971665491795,0.8085666669970842,-1.2616078562289088,0.9841231756854657,0
-0.12657084635623306,-1.1099901739376037,0.8491410419312149,1.7074471056687326,-0.23538436605243465,-1.177851894974348,-0.7257958293968509,-0.3041918912684436,-1.4993184453303918,-1.2583394588375707,0.5505611813513597,0.10749237562073138,0.9841231756854657,0
-0.12657084635623306,-1.1099901739376037,-1.179024470547907,1.7100686402243641,0.2715603651240624,-1.177851894974348,0.8577891279455886,-0.8828162337175963,1.2096575374964662,-0.6849837281165926,0.03455021005991044,1.0797519605574324,-1.0161329645585022,0
0.7206745964472937,0.9009088760241706,-1.179024470547907,1.7234289910319804,0.9474866733593919,-1.177851894974348,2.4413740852880284,-0.8828162337175963,-0.12972463988633004,-0.11162799739561437,0.5505611813513597,0.20670253734896618,-1.0161329645585022,0
0.5512255078865883,0.9009088760241706,1.5251962127575889,1.7281824964611678,0.7785050963005594,-1.177851894974348,-0.3774071387815143,-0.8828162337175963,-1.1804179269059165,-1.143668312693375,0.29255569570563505,0.9210157017922567,-1.0161329645585022,0
0.0428782422044723,0.9009088760241706,-1.179024470547907,1.7323674763240737,-0.23538436605243465,0.21058638994196582,0.38271364074285674,1.4316811360790147,0.9780350556934264,-0.9143260204049839,0.8085666669970842,0.5440170872249644,0.9841231756854657,0
-0.12657084635623306,-1.1099901739376037,-1.179024470547907,1.7389055203363115,0.10257878806523006,0.21058638994196582,2.4413740852880284,0.2744324511807092,0.6255660616453219,-0.11162799739561437,0.03455021005991044,-3.027548734991488,0.9841231756854657,0
-0.12657084635623306,0.9009088760241706,0.8491410419312149,1.7371051893764198,-0.06640278899360229,-1.177851894974348,4.024959042630468,1.4316811360790147,0.665848232393677,0.4617277333253637,0.5505611813513597,0.18686050500331922,-1.0161329645585022,0
0.0428782422044723,0.9009088760241706,-0.502969299721533,1.505288889725119,-0.404365943111267,-1.177851894974348,0.06599664927436881,-1.461440576166749,-0.21364582894540246,-0.9143260204049839,0.29255569570563505,-0.8647672093159696,-1.0161329645585022,1
0.0428782422044723,-1.1099901739376037,-0.502969299721533,1.751460459925029,0.10257878806523006,-1.177851894974348,0.8577891279455886,0.2744324511807092,-1.0427871768490378,-0.6849837281165926,-0.22345527558581418,1.238488219322608,-1.0161329645585022,0
0.38177641932588297,0.9009088760241706,-1.179024470547907,1.7518552693460578,0.7785050963005594,-1.177851894974348,1.8079401023510524,-0.3041918912684436,0.4745079213389917,-0.34097028968400567,0.5505611813513597,-1.5592383414136133,0.9841231756854657,0
0.38177641932588297,0.9009088760241706,0.8491410419312149,0.8599176177345162,0.4405419421828948,0.9048055324001227,0.9290504510259984,1.4316811360790147,-0.03237606057780569,-0.34097028968400567,0.29255569570563505,0.4448069254967297,-1.0161329645585022,0
0.21232733076517762,0.9009088760241706,-1.179024470547907,1.7487599634851916,-0.06640278899360229,0.21058638994196582,0.22435514500861276,-0.8828162337175963,-0.8447331706696268,-0.9143260204049839,0.03455021005991044,-1.102871597463733,0.9841231756854657,0
1.2290218621294098,0.9009088760241706,1.5251962127575889,1.7476071199757874,0.6095235192417271,0.21058638994196582,0.06599664927436881,-0.8828162337175963,-0.46205254856025635,-1.0289971665491795,1.066572152642809,-1.4997122443766724,0.9841231756854657,0
0.21232733076517762,-1.1099901739376037,0.17308587110484092,1.7466279926116357,-0.06640278899360229,0.21058638994196582,1.6495816066168083,0.2744324511807092,-1.4993184453303918,-0.45564143582820127,-0.22345527558581418,1.0797519605574324,0.9841231756854657,0
0.0428782422044723,0.9009088760241706,-1.179024470547907,1.7499917688788016,0.6095235192417271,-1.177851894974348,0.38271364074285674,0.2744324511807092,-1.4724636648314886,-0.9143260204049839,0.5505611813513597,-0.13061201252703214,-1.0161329645585022,0
0.0428782422044723,-1.1099901739376037,-0.502969299721533,1.7660526161262553,-0.06640278899360229,-1.177851894974348,0.8577891279455886,0.853056793629862,0.2865244578466693,-0.6849837281165926,0.5505611813513597,-2.9481806056089,0.9841231756854657,0
-0.12657084635623306,0.9009088760241706,-0.502969299721533,1.7802025857759294,-0.06640278899360229,-1.177851894974348,2.4413740852880284,-0.3041918912684436,0.001192415045823164,-0.11162799739561437,0.5505611813513597,0.8416475724096689,-1.0161329645585022,0
0.21232733076517762,-1.1099901739376037,1.5251962127575889,1.787861888543889,-0.5733475201700994,0.21058638994196582,0.06599664927436881,-0.3041918912684436,0.2865244578466693,-1.0289971665491795,0.29255569570563505,0.5241750548793175,0.9841231756854657,0
0.21232733076517762,-1.1099901739376037,-1.179024470547907,-0.5274426877608701,0.4405419421828948,0.9048055324001227,0.9369683758127106,0.853056793629862,0.4711510737766289,2.1817949254882985,0.03455021005991044,0.286070666731554,-1.0161329645585022,1
0.0428782422044723,0.9009088760241706,-0.502969299721533,1.7930891652783112,0.10257878806523006,-1.177851894974348,3.8666005468962243,-1.461440576166749,-0.3680608168140954,0.4617277333253637,0.29255569570563505,-0.011559818453150373,0.9841231756854657,0
-0.12657084635623306,0.9009088760241706,0.8491410419312149,1.558572369187173,-0.06640278899360229,-1.177851894974348,2.91644957249076,-0.3041918912684436,0.665848232393677,0.23238544103697253,0.03455021005991044,-1.3211339532658497,-1.0161329645585022,1
1.0595727735687044,0.9009088760241706,0.8491410419312149,1.7860773499608387,0.9474866733593919,-1.177851894974348,2.4413740852880284,-1.461440576166749,0.8336906105118219,-0.11162799739561437,-0.22345527558581418,-1.4203441149940845,0.9841231756854657,0
-0.12657084635623306,-1.1099901739376037,-0.502969299721533,1.7816238996916332,-0.23538436605243465,-1.177851894974348,-0.5674373336626071,-1.461440576166749,-0.005521280078902488,-1.2583394588375707,0.03455021005991044,-0.8846092416616166,0.9841231756854657,0
1.0595727735687044,-1.1099901739376037,-1.179024470547907,1.786535328889232,0.7785050963005594,-1.177851894974348,2.12465709381954,-0.3041918912684436,-1.3751150855229646,-0.2262991435398101,1.066572152642809,1.238488219322608,-1.0161329645585022,0
0.38177641932588297,0.9009088760241706,0.8491410419312149,1.787435494369178,0.6095235192417271,-1.177851894974348,-0.4090788379283631,-0.8828162337175963,0.9981761410676039,-1.143668312693375,-0.22345527558581418,-1.0235034680811452,0.9841231756854657,0
1.2290218621294098,-1.1099901739376037,-1.179024470547907,0.04334118840896198,1.1164682504182242,0.9048055324001227,0.952804225386135,0.2744324511807092,0.6154955189582334,0.5763988794695595,0.5505611813513597,-0.190138109563973,-1.0161329645585022,0
0.890123685007999,0.9009088760241706,0.8491410419312149,1.7852561463650987,0.4405419421828948,-1.177851894974348,1.9662985980852963,0.853056793629862,-0.0860856215756121,-0.34097028968400567,0.5505611813513597,0.801963507718375,0.9841231756854657,0
0.7206745964472937,0.9009088760241706,-0.502969299721533,1.7814028064158571,0.9474866733593919,-1.177851894974348,0.38271364074285674,-1.461440576166749,-1.0495008719737637,-0.9143260204049839,0.5505611813513597,0.8416475724096689,0.9841231756854657,0
-0.12657084635623306,-1.1099901739376037,-1.179024470547907,0.45711725402404013,-0.06640278899360229,0.9048055324001227,0.952804225386135,0.853056793629862,0.5651428055227898,0.003043148748581378,0.8085666669970842,0.0479662785837905,0.9841231756854657,0
-0.12657084635623306,0.9009088760241706,-1.179024470547907,1.787340740108131,0.10257878806523006,-1.177851894974348,2.4413740852880284,-0.3041918912684436,-0.005521280078902488,-0.11162799739561437,1.066572152642809,-0.6068207888225592,0.9841231756854657,0
0.7206745964472937,-1.1099901739376037,1.5251962127575889,1.780565810443276,0.6095235192417271,-1.177851894974348,1.2378495177077742,1.4316811360790147,-1.0495008719737637,-0.570312581972397,0.29255569570563505,1.337698381050843,-1.0161329645585022,0
-0.12657084635623306,0.9009088760241706,-1.179024470547907,0.6494526115724557,-0.23538436605243465,0.9048055324001227,0.952804225386135,0.853056793629862,2.3073466903891333,-0.11162799739561437,0.03455021005991044,0.782121475372728,-1.0161329645585022,0
1.2290218621294098,-1.1099901739376037,-1.179024470547907,1.7866458755271202,1.6234129815947211,0.21058638994196582,2.2830155895537843,1.4316811360790147,0.27645391515958084,-0.2262991435398101,0.8085666669970842,0.305912699077201,-1.0161329645585022,0
0.0428782422044723,0.9009088760241706,-0.502969299721533,1.7883988293564883,0.2715603651240624,0.21058638994196582,2.12465709381954,0.853056793629862,0.27645391515958084,-0.2262991435398101,0.5505611813513597,0.801963507718375,0.9841231756854657,0
1.2290218621294098,-1.1099901739376037,-1.179024470547907,1.5619835225848622,0.9474866733593919,-1.177851894974348,2.4413740852880284,-1.461440576166749,1.2130143850588289,0.003043148748581378,1.066572152642809,-0.4877685947486774,-1.0161329645585022,1
1.0595727735687044,-1.1099901739376037,-1.179024470547907,1.7879250580512538,1.1164682504182242,-1.177851894974348,-0.3298995900612411,-1.461440576166749,0.001192415045823164,-1.143668312693375,1.066572152642809,1.0202258635204915,0.9841231756854657,0
0.21232733076517762,0.9009088760241706,-0.502969299721533,1.8274375849078213,-0.23538436605243465,-1.177851894974348,2.4413740852880284,0.853056793629862,0.4745079213389917,-0.11162799739561437,1.066572152642809,-0.9044512740072636,0.9841231756854657,0
0.38177641932588297,-1.1099901739376037,-1.179024470547907,-0.20988957423894378,-0.06640278899360229,0.9048055324001227,0.9844759245329838,-1.461440576166749,1.2465828606824585,1.1497546101905376,0.8085666669970842,-1.7179746001787888,0.9841231756854657,0
-0.12657084635623306,0.9009088760241706,-0.502969299721533,1.6233053218590636,-0.7423290972289317,-1.177851894974348,1.6495816066168083,-1.461440576166749,1.253296555807184,-0.34097028968400567,0.8085666669970842,0.3654387961141419,-1.0161329645585022,1
-0.12657084635623306,-1.1099901739376037,1.5251962127575889,1.8500206837906716,-0.7423290972289317,-1.177851894974348,-0.7574675285436998,1.4316811360790147,0.23617174441122635,-1.3730106049817663,0.5505611813513597,0.9210157017922567,-1.0161329645585022,0
-0.12657084635623306,-1.1099901739376037,-0.502969299721533,1.8759991436943702,0.10257878806523006,-1.177851894974348,4.024959042630468,0.2744324511807092,0.4745079213389917,0.4617277333253637,1.066572152642809,1.5361187045073124,0.9841231756854657,0
0.21232733076517762,0.9009088760241706,0.17308587110484092,1.8826793190981783,-0.23538436605243465,-1.177851894974348,0.06599664927436881,1.4316811360790147,-1.6705176710108995,-1.0289971665491795,1.066572152642809,0.801963507718375,0.9841231756854657,0
1.0595727735687044,-1.1099901739376037,0.8491410419312149,1.8823160944308317,0.4405419421828948,-1.177851894974348,0.38271364074285674,1.4316811360790147,-1.4724636648314886,-0.9143260204049839,0.29255569570563505,0.20670253734896618,0.9841231756854657,0
0.21232733076517762,0.9009088760241706,0.8491410419312149,0.12696182378287285,0.2715603651240624,0.9048055324001227,1.0003117741064083,0.2744324511807092,0.6826324702054911,0.4617277333253637,0.8085666669970842,0.46464895784237664,0.9841231756854657,0
1.2290218621294098,-1.1099901739376037,-1.179024470547907,1.8810842890372217,1.1164682504182242,-1.177851894974348,-0.2507203421941191,-1.461440576166749,0.16232109803924238,-1.143668312693375,0.5505611813513597,-0.5472946917856183,-1.0161329645585022,0
0.890123685007999,-1.1099901739376037,-0.502969299721533,1.2227632680368725,0.9474866733593919,-1.177851894974348,0.06599664927436881,0.2744324511807092,1.2096575374964662,-0.9143260204049839,0.29255569570563505,1.6353288662355472,-1.0161329645585022,1
0.890123685007999,0.9009088760241706,0.8491410419312149,1.6520158629562818,1.2854498274770565,-1.177851894974348,2.1404929433929647,-0.3041918912684436,1.253296555807184,-0.11162799739561437,0.8085666669970842,0.0479662785837905,-1.0161329645585022,1
0.0428782422044723,-1.1099901739376037,-1.179024470547907,1.8756043342733413,-0.06640278899360229,-1.177851894974348,0.4460570390365543,-1.461440576166749,0.0851136041048956,-0.9143260204049839,0.5505611813513597,-1.4798702120310254,0.9841231756854657,0
-0.12657084635623306,0.9009088760241706,1.5251962127575889,1.9003983659139532,-0.23538436605243465,-1.177851894974348,3.2331665639592484,-0.3041918912684436,0.001192415045823164,0.1177142948927768,0.8085666669970842,0.08765034327508442,-1.0161329645585022,0
-0.12657084635623306,-1.1099901739376037,-0.502969299721533,0.268208842250155,-0.23538436605243465,0.9048055324001227,1.0161476236798326,-0.3041918912684436,-1.1804179269059165,0.3470565871811683,0.5505611813513597,-0.38855843302044263,0.9841231756854657,0
0.5512255078865883,-1.1099901739376037,-0.502969299721533,1.9375262438675063,0.6095235192417271,-1.177851894974348,2.4413740852880284,1.4316811360790147,0.6893461653302174,-0.2262991435398101,-0.22345527558581418,0.3455967637684949,-1.0161329645585022,0
0.5512255078865883,0.9009088760241706,0.8491410419312149,1.9351573873413332,0.10257878806523006,-1.177851894974348,0.9369683758127106,1.4316811360790147,-0.5896127559300467,-0.6849837281165926,0.29255569570563505,-1.9362369559809054,0.9841231756854657,0
0.0428782422044723,-1.1099901739376037,0.8491410419312149,1.9384579941011344,-0.06640278899360229,0.21058638994196582,-0.4407505370752119,0.2744324511807092,0.001192415045823164,-1.2583394588375707,0.29255569570563505,-2.4719718293133734,0.9841231756854657,0
0.21232733076517762,-1.1099901739376037,1.5251962127575889,0.15758324247787062,-0.404365943111267,0.9048055324001227,1.0161476236798326,-0.3041918912684436,0.7061304031420315,0.4617277333253637,-0.22345527558581418,0.801963507718375,-1.0161329645585022,1
0.7206745964472937,-1.1099901739376037,1.5251962127575889,1.9769913935935504,1.1164682504182242,-1.177851894974348,-0.5674373336626071,1.4316811360790147,-1.0427871768490378,-1.2583394588375707,0.5505611813513597,1.1591200899400202,-1.0161329645585022,0
0.21232733076517762,0.9009088760241706,-0.502969299721533,1.9774967496524674,0.2715603651240624,-1.177851894974348,1.3328646151483206,-1.461440576166749,0.4745079213389917,-0.570312581972397,0.03455021005991044,-1.5790803737592602,0.9841231756854657,0
0.7206745964472937,-1.1099901739376037,-0.502969299721533,-0.048902084720219036,0.4405419421828948,0.9048055324001227,1.0161476236798326,0.2744324511807092,1.327147202179168,0.8057411717579506,-0.22345527558581418,1.1591200899400202,-1.0161329645585022,1
0.21232733076517762,0.9009088760241706,-1.179024470547907,0.1594467429451268,0.9474866733593919,0.9048055324001227,1.0161476236798326,-0.3041918912684436,0.9343960373827085,0.4617277333253637,0.5505611813513597,-1.4798702120310254,-1.0161329645585022,1
0.0428782422044723,0.9009088760241706,-1.179024470547907,1.973169638397991,0.2715603651240624,-1.177851894974348,1.6495816066168083,0.853056793629862,2.679956769811415,-0.45564143582820127,0.29255569570563505,0.14717644031202531,0.9841231756854657,0
0.890123685007999,-1.1099901739376037,1.5251962127575889,1.754034617350137,0.7785050963005594,-1.177851894974348,0.8577891279455886,0.853056793629862,1.7836784706605218,-0.6849837281165926,-0.22345527558581418,0.008282213892496587,-1.0161329645585022,1
0.0428782422044723,-1.1099901739376037,-0.502969299721533,1.97767046579772,-0.5733475201700994,-1.177851894974348,0.06599664927436881,-0.8828162337175963,0.001192415045823164,-1.0289971665491795,-0.22345527558581418,-0.20998014190961997,0.9841231756854657,0
0.0428782422044723,0.9009088760241706,-1.179024470547907,1.9749699693578826,-0.404365943111267,-1.177851894974348,1.6495816066168083,-0.8828162337175963,0.001192415045823164,-0.45564143582820127,1.066572152642809,-0.8449251769703227,0.9841231756854657,0
0.0428782422044723,-1.1099901739376037,-0.502969299721533,1.97561745680837,0.2715603651240624,-1.177851894974348,-0.8841543251310949,0.2744324511807092,0.001192415045823164,-1.3730106049817663,1.066572152642809,0.9606997664835506,-1.0161329645585022,0
-0.12657084635623306,0.9009088760241706,-1.179024470547907,0.34300153896986074,0.2715603651240624,0.9048055324001227,1.0161476236798326,0.2744324511807092,0.4040141225293712,0.23238544103697253,1.066572152642809,-1.3012919209202027,0.9841231756854657,0
0.38177641932588297,0.9009088760241706,1.5251962127575889,1.9797708519175936,-0.06640278899360229,-1.177851894974348,0.6994306322113446,1.4316811360790147,-0.12972463988633004,-0.7996548742607882,0.03455021005991044,0.6630692812988462,-1.0161329645585022,0
0.890123685007999,-1.1099901739376037,-0.502969299721533,1.9757753805767815,1.1164682504182242,0.21058638994196582,1.8079401023510524,-0.3041918912684436,1.092167872813765,-0.45564143582820127,-0.22345527558581418,-1.0830295651180861,-1.0161329645585022,0
0.38177641932588297,0.9009088760241706,-1.179024470547907,2.013234898443999,0.10257878806523006,-1.177851894974348,1.6495816066168083,1.4316811360790147,0.001192415045823164,-0.45564143582820127,0.5505611813513597,0.0479662785837905,-1.0161329645585022,0
0.890123685007999,-1.1099901739376037,1.5251962127575889,2.0149246827660026,0.9474866733593919,-1.177851894974348,1.0161476236798326,-0.8828162337175963,-0.46205254856025635,-0.6849837281165926,0.5505611813513597,-1.182239726846321,-1.0161329645585022,0
0.5512255078865883,0.9009088760241706,0.8491410419312149,0.363831684023343,0.10257878806523006,0.9048055324001227,1.0161476236798326,-0.8828162337175963,0.1119683846037988,0.23238544103697253,0.5505611813513597,-1.4401861473397315,0.9841231756854657,0
0.21232733076517762,-1.1099901739376037,1.5251962127575889,2.0363391457626077,0.7785050963005594,-1.177851894974348,-0.2507203421941191,1.4316811360790147,0.9343960373827085,-1.143668312693375,1.066572152642809,0.7424374106814341,-1.0161329645585022,0
0.38177641932588297,-1.1099901739376037,1.5251962127575889,1.8457093649130365,0.2715603651240624,-1.177851894974348,-0.963333572998217,0.853056793629862,-0.11965409719924096,-1.3730106049817663,0.5505611813513597,1.4369085427790778,-1.0161329645585022,1
-0.12657084635623306,-1.1099901739376037,1.5251962127575889,2.0729932524109262,-0.23538436605243465,-1.177851894974348,0.8577891279455886,0.2744324511807092,-1.1804179269059165,-0.7996548742607882,0.5505611813513597,0.5638591195706114,0.9841231756854657,0
-0.12657084635623306,-1.1099901739376037,-0.502969299721533,2.063249355899934,0.10257878806523006,-1.177851894974348,1.8079401023510524,1.4316811360790147,0.001192415045823164,-0.45564143582820127,0.03455021005991044,0.782121475372728,-1.0161329645585022,0
-0.12657084635623306,0.9009088760241706,-0.502969299721533,0.4628183020636968,-0.911310674287764,0.9048055324001227,1.0161476236798326,-0.8828162337175963,0.4745079213389917,0.1177142948927768,0.8085666669970842,-1.8767108589439645,0.9841231756854657,0
1.0595727735687044,-1.1099901739376037,-1.179024470547907,2.0705770187542294,0.9474866733593919,-1.177851894974348,0.38271364074285674,0.853056793629862,-0.08944246913797492,-0.9143260204049839,0.29255569570563505,1.0003838311748445,0.9841231756854657,0
0.7206745964472937,0.9009088760241706,0.8491410419312149,2.0737354941224604,0.6095235192417271,-1.177851894974348,2.2830155895537843,-0.3041918912684436,0.001192415045823164,-0.34097028968400567,0.29255569570563505,1.238488219322608,-1.0161329645585022,0
0.0428782422044723,0.9009088760241706,-1.179024470547907,0.4626287935416029,0.10257878806523006,0.9048055324001227,1.0161476236798326,1.4316811360790147,0.561785957960427,0.1177142948927768,1.066572152642809,0.6035431842619053,0.9841231756854657,0
-0.12657084635623306,-1.1099901739376037,-0.502969299721533,0.4533428759590043,-0.23538436605243465,0.9048055324001227,1.0161476236798326,-0.3041918912684436,-0.7138161157374736,0.1177142948927768,0.8085666669970842,0.008282213892496587,0.9841231756854657,0
-0.12657084635623306,-1.1099901739376037,-0.502969299721533,2.0746672443560885,-0.23538436605243465,-1.177851894974348,0.30353439287573475,-0.3041918912684436,-1.173704231781191,-1.0289971665491795,0.29255569570563505,1.8734332543833108,-1.0161329645585022,0
0.890123685007999,0.9009088760241706,-0.502969299721533,2.064875970714573,1.1164682504182242,-1.177851894974348,2.4413740852880284,-1.461440576166749,-0.0860856215756121,-0.2262991435398101,0.8085666669970842,1.4964346398160184,-1.0161329645585022,0
0.21232733076517762,0.9009088760241706,-0.502969299721533,2.069676853274284,0.2715603651240624,-1.177851894974348,-1.121692068732461,1.4316811360790147,-1.2979075915886182,-1.487681751125962,0.03455021005991044,0.7424374106814341,0.9841231756854657,0
0.21232733076517762,0.9009088760241706,0.8491410419312149,2.0702611712174064,0.2715603651240624,-1.177851894974348,0.06599664927436881,-0.3041918912684436,0.001192415045823164,-1.0289971665491795,0.8085666669970842,0.0479662785837905,0.9841231756854657,0
0.38177641932588297,0.9009088760241706,0.17308587110484092,2.0665815474134175,0.6095235192417271,-1.177851894974348,2.4413740852880284,1.4316811360790147,0.001192415045823164,-0.2262991435398101,1.066572152642809,0.12733440796637835,0.9841231756854657,0
1.2290218621294098,0.9009088760241706,0.17308587110484092,2.072077294554139,0.7785050963005594,0.21058638994196582,2.2830155895537843,0.2744324511807092,0.5785701957722418,-0.34097028968400567,1.066572152642809,0.46464895784237664,-1.0161329645585022,0
0.890123685007999,0.9009088760241706,-0.502969299721533,1.8521684470410686,1.1164682504182242,-1.177851894974348,0.06599664927436881,-0.8828162337175963,2.478545916069642,-1.0289971665491795,-0.22345527558581418,1.794065125000723,-1.0161329645585022,1
0.0428782422044723,0.9009088760241706,-1.179024470547907,2.0932390795212856,0.2715603651240624,-1.177851894974348,2.4413740852880284,-0.3041918912684436,-0.25392799969375696,-0.2262991435398101,0.03455021005991044,0.7027533459901402,-1.0161329645585022,0
0.7206745964472937,0.9009088760241706,-0.502969299721533,1.8590223385901294,0.4405419421828948,-1.177851894974348,-1.1375279183058853,-1.461440576166749,1.1458774338115711,-1.487681751125962,1.066572152642809,-0.6465048535138531,-1.0161329645585022,1
0.5512255078865883,0.9009088760241706,1.5251962127575889,2.1056203029647507,0.2715603651240624,-1.177851894974348,-0.963333572998217,-1.461440576166749,0.001192415045823164,-1.3730106049817663,0.29255569570563505,2.131379674876721,0.9841231756854657,0
0.0428782422044723,-1.1099901739376037,-0.502969299721533,2.105272870674245,-0.06640278899360229,-1.177851894974348,1.827734914317833,1.4316811360790147,0.7229146409538463,-0.45564143582820127,-0.22345527558581418,1.5162766721616654,0.9841231756854657,0
0.5512255078865883,-1.1099901739376037,-0.502969299721533,0.08740191979578188,1.1164682504182242,0.9048055324001227,1.0161476236798326,0.2744324511807092,2.17642963545698,0.5763988794695595,0.5505611813513597,-0.190138109563973,-1.0161329645585022,1
0.890123685007999,0.9009088760241706,-0.502969299721533,2.135025708642979,1.2854498274770565,-1.177851894974348,1.6495816066168083,-0.3041918912684436,-1.3482603050240614,-0.570312581972397,0.03455021005991044,1.4369085427790778,0.9841231756854657,0
0.5512255078865883,-1.1099901739376037,0.8491410419312149,2.1452433764592063,0.7785050963005594,-1.177851894974348,0.25602684415546156,0.2744324511807092,1.0955247203761276,-1.0289971665491795,-0.22345527558581418,0.6233852166075523,-1.0161329645585022,0
0.38177641932588297,0.9009088760241706,1.5251962127575889,2.166957894615793,0.6095235192417271,-1.177851894974348,0.6994306322113446,0.2744324511807092,-1.6705176710108995,-0.9143260204049839,0.8085666669970842,1.6353288662355472,0.9841231756854657,0
0.38177641932588297,0.9009088760241706,-0.502969299721533,2.16787385247258,0.10257878806523006,-1.177851894974348,-0.5674373336626071,-1.461440576166749,-1.4724636648314886,-1.2583394588375707,-0.22345527558581418,0.8416475724096689,0.9841231756854657,0
0.38177641932588297,0.9009088760241706,-1.179024470547907,2.1699110690850887,0.9474866733593919,-1.177851894974348,2.91644957249076,0.853056793629862,-0.11965409719924096,-0.11162799739561437,0.03455021005991044,0.801963507718375,0.9841231756854657,0
-0.12657084635623306,0.9009088760241706,-1.179024470547907,2.1672579497757747,0.10257878806523006,-1.177851894974348,1.0161476236798326,-0.3041918912684436,0.001192415045823164,-0.7996548742607882,0.5505611813513597,0.7424374106814341,-1.0161329645585022,0
0.21232733076517762,0.9009088760241706,-1.179024470547907,2.1699584462156123,0.10257878806523006,-1.177851894974348,1.6495816066168083,0.2744324511807092,0.001192415045823164,-0.570312581972397,1.066572152642809,1.3972244780877838,0.9841231756854657,0
0.21232733076517762,0.9009088760241706,-0.502969299721533,2.1667999708473813,0.10257878806523006,-1.177851894974348,0.38271364074285674,-1.461440576166749,0.665848232393677,-0.9143260204049839,-0.22345527558581418,1.1591200899400202,0.9841231756854657,0
-0.12657084635623306,-1.1099901739376037,-1.179024470547907,2.166878932731587,-0.404365943111267,-1.177851894974348,-0.2507203421941191,0.2744324511807092,0.7464125738903866,-1.143668312693375,0.29255569570563505,0.22654456969461315,-1.0161329645585022,0
-0.12657084635623306,0.9009088760241706,-0.502969299721533,0.6503053999218781,-0.23538436605243465,0.9048055324001227,1.0161476236798326,1.4316811360790147,0.03476089066945202,-0.11162799739561437,-0.22345527558581418,0.32575473142284794,0.9841231756854657,0
0.7206745964472937,0.9009088760241706,-0.502969299721533,2.162662368114999,1.1164682504182242,-1.177851894974348,0.952804225386135,0.853056793629862,0.001192415045823164,-0.7996548742607882,1.066572152642809,-0.26950623894656084,0.9841231756854657,0
0.38177641932588297,-1.1099901739376037,0.8491410419312149,2.201606369405285,0.10257878806523006,-1.177851894974348,-0.3774071387815143,0.853056793629862,-1.4724636648314886,-1.2583394588375707,-0.22345527558581418,-2.610866055732902,0.9841231756854657,0
-0.12657084635623306,0.9009088760241706,1.5251962127575889,1.9852981838119974,-0.7423290972289317,-1.177851894974348,0.8577891279455886,-1.461440576166749,0.27645391515958084,-0.7996548742607882,1.066572152642809,0.9210157017922567,-1.0161329645585022,1
1.0595727735687044,-1.1099901739376037,-0.502969299721533,2.2107817403499954,1.6234129815947211,-1.177851894974348,0.8577891279455886,-0.3041918912684436,0.6154955189582334,-0.7996548742607882,0.8085666669970842,1.337698381050843,-1.0161329645585022,0
1.0595727735687044,-1.1099901739376037,-1.179024470547907,0.6673769592871657,1.1164682504182242,0.9048055324001227,1.0161476236798326,1.4316811360790147,-1.623521805137819,-0.11162799739561437,0.8085666669970842,0.06780831092943747,-1.0161329645585022,0
-0.12657084635623306,-1.1099901739376037,1.5251962127575889,0.7388532568702291,-0.5733475201700994,0.9048055324001227,1.0161476236798326,-0.3041918912684436,0.001192415045823164,-0.11162799739561437,0.5505611813513597,0.32575473142284794,0.9841231756854657,0
1.0595727735687044,0.9009088760241706,-1.179024470547907,2.2547635098526095,0.9474866733593919,-1.177851894974348,1.3724542390818815,-1.461440576166749,0.001192415045823164,-0.6849837281165926,-0.22345527558581418,0.10749237562073138,0.9841231756854657,0
0.0428782422044723,0.9009088760241706,0.8491410419312149,0.7756652872869592,-0.23538436605243465,0.9048055324001227,1.0161476236798326,-0.3041918912684436,0.8336906105118219,-0.2262991435398101,0.03455021005991044,0.10749237562073138,-1.0161329645585022,0
-0.12657084635623306,-1.1099901739376037,-0.502969299721533,2.3355888945256362,-0.404365943111267,-1.177851894974348,-0.7060010174300705,1.4316811360790147,1.286865031430813,-1.3730106049817663,0.03455021005991044,1.1988041546313142,0.9841231756854657,0
0.38177641932588297,-1.1099901739376037,-0.502969299721533,2.3374208102392102,0.2715603651240624,-1.177851894974348,1.0161476236798326,-0.3041918912684436,1.7937490133476108,-0.7996548742607882,0.5505611813513597,1.0400678958661385,0.9841231756854657,0
-0.12657084635623306,-1.1099901739376037,1.5251962127575889,0.8418669310050771,-0.23538436605243465,0.9048055324001227,1.0161476236798326,-0.8828162337175963,1.4312094766124175,-0.2262991435398101,0.5505611813513597,-1.6386064707962011,-1.0161329645585022,0
0.21232733076517762,-1.1099901739376037,1.5251962127575889,2.4177092540996377,0.10257878806523006,-1.177851894974348,0.24414995697539327,-1.461440576166749,-0.1397951825734185,-1.0289971665491795,0.03455021005991044,0.5837011519162584,-1.0161329645585022,0
1.0595727735687044,-1.1099901739376037,-0.502969299721533,2.4490571221293282,1.1164682504182242,-1.177851894974348,-0.5674373336626071,1.4316811360790147,1.0955247203761276,-1.2583394588375707,0.5505611813513597,-2.2933935382025505,0.9841231756854657,0
1.0595727735687044,-1.1099901739376037,1.5251962127575889,2.4486781050851407,0.9474866733593919,-1.177851894974348,-0.5674373336626071,0.853056793629862,-1.371758237960602,-1.2583394588375707,1.066572152642809,-0.13061201252703214,-1.0161329645585022,0
0.38177641932588297,0.9009088760241706,1.5251962127575889,0.8338917807002943,0.6095235192417271,0.9048055324001227,1.0161476236798326,-0.3041918912684436,0.001192415045823164,-0.2262991435398101,0.03455021005991044,0.6035431842619053,-1.0161329645585022,0
0.38177641932588297,-1.1099901739376037,1.5251962127575889,2.5115949344202986,0.9474866733593919,-1.177851894974348,-0.7257958293968509,-1.461440576166749,-1.7510820125076092,-1.3730106049817663,0.03455021005991044,0.3654387961141419,0.9841231756854657,0
0.0428782422044723,-1.1099901739376037,1.5251962127575889,2.521891564120731,0.10257878806523006,-1.177851894974348,0.06599664927436881,-0.3041918912684436,-0.5661148229935064,-1.143668312693375,1.066572152642809,1.5559607368529593,-1.0161329645585022,0
-0.12657084635623306,-1.1099901739376037,0.17308587110484092,2.548533303851758,-0.06640278899360229,-1.177851894974348,-0.4090788379283631,0.853056793629862,-1.6705176710108995,-1.2583394588375707,1.066572152642809,1.4567505751247247,-1.0161329645585022,0
0.5512255078865883,-1.1099901739376037,-1.179024470547907,2.545485375121415,0.6095235192417271,-1.177851894974348,-0.2823920413409679,0.2744324511807092,-0.46205254856025635,-1.2583394588375707,0.5505611813513597,-1.0433455004267922,0.9841231756854657,0
1.2290218621294098,0.9009088760241706,1.5251962127575889,2.5440798535825526,1.9613761357123858,-1.177851894974348,2.4413740852880284,-0.8828162337175963,0.001192415045823164,-0.45564143582820127,0.29255569570563505,1.1988041546313142,-1.0161329645585022,0
0.21232733076517762,-1.1099901739376037,-0.502969299721533,0.8045495445294301,0.2715603651240624,0.9048055324001227,1.0161476236798326,-0.8828162337175963,0.001192415045823164,-0.2262991435398101,0.29255569570563505,0.22654456969461315,-1.0161329645585022,1
0.38177641932588297,0.9009088760241706,1.5251962127575889,2.5391526320081126,0.7785050963005594,-1.177851894974348,1.9029551997915988,-1.461440576166749,0.7061304031420315,-0.570312581972397,0.5505611813513597,-2.4521297969677263,0.9841231756854657,0
0.5512255078865883,-1.1099901739376037,-0.502969299721533,2.5449168495551335,0.7785050963005594,-1.177851894974348,-0.09236184645987515,1.4316811360790147,-1.0495008719737637,-1.143668312693375,0.03455021005991044,0.0479662785837905,0.9841231756854657,0
0.21232733076517762,-1.1099901739376037,1.5251962127575889,2.541142471490098,0.9474866733593919,-1.177851894974348,0.38271364074285674,0.2744324511807092,-1.0495008719737637,-1.0289971665491795,0.29255569570563505,0.4844909901880236,-1.0161329645585022,0
0.5512255078865883,-1.1099901739376037,-0.502969299721533,2.5461328625719024,0.4405419421828948,0.21058638994196582,2.2038363416866624,-0.3041918912684436,-0.005521280078902488,-0.45564143582820127,-0.22345527558581418,-0.17029607721832604,-1.0161329645585022,0
0.38177641932588297,0.9009088760241706,1.5251962127575889,2.5451063580772275,0.2715603651240624,0.21058638994196582,1.0161476236798326,1.4316811360790147,0.001192415045823164,-0.7996548742607882,-0.22345527558581418,-2.0156050853634935,0.9841231756854657,0
0.21232733076517762,0.9009088760241706,0.8491410419312149,2.5435744975236356,-0.404365943111267,0.21058638994196582,2.12465709381954,-0.8828162337175963,0.3939435798422821,-0.45564143582820127,0.8085666669970842,0.008282213892496587,0.9841231756854657,0
0.7206745964472937,-1.1099901739376037,-0.502969299721533,2.3180909409856376,0.9474866733593919,-1.177851894974348,0.06599664927436881,-0.8828162337175963,-0.0995130118250634,-1.143668312693375,0.29255569570563505,0.14717644031202531,-1.0161329645585022,1
0.890123685007999,-1.1099901739376037,-0.502969299721533,2.5445062477572638,0.6095235192417271,-1.177851894974348,2.4413740852880284,-0.3041918912684436,-0.41841353024953903,-0.45564143582820127,0.8085666669970842,-0.7060309505507939,0.9841231756854657,0
0.21232733076517762,-1.1099901739376037,-0.502969299721533,2.546496087239249,0.2715603651240624,-1.177851894974348,-0.5674373336626071,0.2744324511807092,0.001192415045823164,-1.3730106049817663,0.5505611813513597,0.7027533459901402,0.9841231756854657,0
1.0595727735687044,-1.1099901739376037,-1.179024470547907,1.2156566984583532,0.7785050963005594,0.9048055324001227,1.0161476236798326,1.4316811360790147,-1.6705176710108995,-0.45564143582820127,0.03455021005991044,-1.8370267942526706,-1.0161329645585022,0
0.7206745964472937,0.9009088760241706,-0.502969299721533,1.2234423402410421,0.6095235192417271,0.9048055324001227,1.0161476236798326,0.853056793629862,0.001192415045823164,-0.45564143582820127,1.066572152642809,-0.36871640067479566,0.9841231756854657,0
0.890123685007999,0.9009088760241706,-0.502969299721533,2.5592563277269016,0.7785050963005594,-1.177851894974348,1.6495816066168083,-1.461440576166749,1.0955247203761276,-0.6849837281165926,0.29255569570563505,-1.2417658238832618,-1.0161329645585022,0
0.0428782422044723,-1.1099901739376037,-1.179024470547907,2.560140700830006,-0.23538436605243465,0.21058638994196582,0.38271364074285674,1.4316811360790147,0.001192415045823164,-1.0289971665491795,0.5505611813513597,1.0995939929030794,-1.0161329645585022,0
0.5512255078865883,0.9009088760241706,0.8491410419312149,2.5703267838925505,0.10257878806523006,-1.177851894974348,0.8577891279455886,-0.3041918912684436,0.03811773823181484,-0.9143260204049839,0.8085666669970842,0.20670253734896618,-1.0161329645585022,0
0.21232733076517762,-1.1099901739376037,-1.179024470547907,2.563109667676143,0.10257878806523006,-1.177851894974348,1.3328646151483206,1.4316811360790147,0.27645391515958084,-0.7996548742607882,1.066572152642809,0.6432272489531993,0.9841231756854657,0
-0.12657084635623306,-1.1099901739376037,0.8491410419312149,2.3872615515498925,-0.06640278899360229,-1.177851894974348,0.8577891279455886,-1.461440576166749,2.206641263518246,-0.9143260204049839,0.5505611813513597,1.337698381050843,-1.0161329645585022,1
0.7206745964472937,0.9009088760241706,0.8491410419312149,2.6205623346242617,1.2854498274770565,0.21058638994196582,2.4413740852880284,-0.8828162337175963,0.03811773823181484,-0.45564143582820127,-0.22345527558581418,-0.30919030363785477,-1.0161329645585022,0
0.21232733076517762,-1.1099901739376037,-0.502969299721533,2.447383130184166,0.10257878806523006,-1.177851894974348,-0.9474977234247925,1.4316811360790147,1.092167872813765,-1.3730106049817663,0.29255569570563505,-0.26950623894656084,-1.0161329645585022,1
0.890123685007999,-1.1099901739376037,-0.502969299721533,2.7309352563670877,0.2715603651240624,-1.177851894974348,1.6495816066168083,-1.461440576166749,-0.3680608168140954,-0.6849837281165926,0.29255569570563505,1.1591200899400202,-1.0161329645585022,0
0.21232733076517762,-1.1099901739376037,1.5251962127575889,2.738878821918188,0.2715603651240624,-1.177851894974348,0.6994306322113446,0.2744324511807092,0.4745079213389917,-0.9143260204049839,0.03455021005991044,2.1115376425310743,-1.0161329645585022,0
-0.12657084635623306,-1.1099901739376037,1.5251962127575889,1.9755858720546877,-0.06640278899360229,0.9048055324001227,1.0161476236798326,-0.3041918912684436,-1.7510820125076092,-0.6849837281165926,0.5505611813513597,1.4765926074703717,-1.0161329645585022,0
0.21232733076517762,0.9009088760241706,-0.502969299721533,2.5479963630391587,0.6095235192417271,0.9048055324001227,1.0161476236798326,-0.8828162337175963,0.5651428055227898,-0.7996548742607882,0.29255569570563505,0.8416475724096689,0.9841231756854657,0
0.0428782422044723,0.9009088760241706,-1.179024470547907,2.5416320351721735,-0.404365943111267,0.9048055324001227,1.0161476236798326,0.853056793629862,-0.03237606057780569,-0.7996548742607882,0.8085666669970842,0.9408577341379036,-1.0161329645585022,0
0.5512255078865883,0.9009088760241706,-0.502969299721533,2.8283110519696435,0.7785050963005594,-1.177851894974348,0.8577891279455886,0.2744324511807092,-0.005521280078902488,-0.9143260204049839,1.066572152642809,0.6035431842619053,0.9841231756854657,0
0.21232733076517762,-1.1099901739376037,1.5251962127575889,4.430858284302595,0.4405419421828948,0.9048055324001227,1.0161476236798326,-0.3041918912684436,0.19253272610050842,-1.143668312693375,0.5505611813513597,0.9805417988291976,0.9841231756854657,0
0.7206745964472937,0.9009088760241706,0.8491410419312149,2.92377596997442,0.6095235192417271,-1.177851894974348,3.7082420511619802,-0.3041918912684436,3.018998373610068,-0.2262991435398101,0.8085666669970842,0.5638591195706114,-1.0161329645585022,0
1.0595727735687044,-1.1099901739376037,1.5251962127575889,2.9159271586843665,0.9474866733593919,-1.177851894974348,-0.3536533644213777,-1.461440576166749,0.3301634761573873,-1.2583394588375707,0.03455021005991044,0.16701847265767225,0.9841231756854657,0
0.21232733076517762,0.9009088760241706,0.8491410419312149,2.924170779395449,0.2715603651240624,-1.177851894974348,-1.121692068732461,-0.8828162337175963,-1.3482603050240614,-1.487681751125962,-0.22345527558581418,0.46464895784237664,0.9841231756854657,0
1.0595727735687044,0.9009088760241706,-0.502969299721533,2.922228317043987,1.2854498274770565,-1.177851894974348,0.26790373133552986,-1.461440576166749,0.665848232393677,-1.143668312693375,0.5505611813513597,-0.03140185079879733,0.9841231756854657,0
0.21232733076517762,0.9009088760241706,0.8491410419312149,2.9233811605533915,0.10257878806523006,-1.177851894974348,-0.17154109432699713,-1.461440576166749,-0.21364582894540246,-1.2583394588375707,-0.22345527558581418,-0.44808453005738347,0.9841231756854657,0
1.0595727735687044,0.9009088760241706,-1.179024470547907,2.963525382483605,0.9474866733593919,-1.177851894974348,0.5410721364771007,0.2744324511807092,-0.8447331706696268,-1.0289971665491795,0.29255569570563505,0.6233852166075523,0.9841231756854657,0
1.2290218621294098,0.9009088760241706,1.5251962127575889,3.0166035610467237,1.2854498274770565,-1.177851894974348,-0.7257958293968509,1.4316811360790147,-1.1804179269059165,-1.3730106049817663,0.8085666669970842,0.8614896047553159,-1.0161329645585022,0
0.7206745964472937,0.9009088760241706,0.8491410419312149,9.596371032898844,1.4544314045358888,0.9048055324001227,1.0161476236798326,0.2744324511807092,-0.41841353024953903,-1.3730106049817663,-0.22345527558581418,1.0797519605574324,0.9841231756854657,0
-0.12657084635623306,0.9009088760241706,-0.502969299721533,2.7915148139297545,0.4405419421828948,-1.177851894974348,4.024959042630468,-1.461440576166749,1.934736610966852,0.003043148748581378,-0.22345527558581418,0.5837011519162584,-1.0161329645585022,1
1.0595727735687044,-1.1099901739376037,0.8491410419312149,3.019998922067572,1.6234129815947211,-1.177851894974348,-1.042512820865339,0.2744324511807092,0.7866947446387411,-1.487681751125962,1.066572152642809,1.3972244780877838,0.9841231756854657,0
0.0428782422044723,0.9009088760241706,-1.179024470547907,3.015798149827825,0.2715603651240624,-1.177851894974348,1.6495816066168083,0.853056793629862,-1.0495008719737637,-0.7996548742607882,0.8085666669970842,-0.32903233598350173,0.9841231756854657,0
0.38177641932588297,-1.1099901739376037,-1.179024470547907,-0.57027161375408,0.10257878806523006,0.9048055324001227,1.4912231108825644,-0.8828162337175963,0.9108981044461687,3.328506386930255,0.29255569570563505,0.2463866020402601,-1.0161329645585022,1
0.0428782422044723,-1.1099901739376037,-0.502969299721533,3.0184354767602977,-0.06640278899360229,-1.177851894974348,-0.5674373336626071,-1.461440576166749,0.03811773823181484,-1.3730106049817663,0.29255569570563505,1.0599099282117854,-1.0161329645585022,0
0.38177641932588297,0.9009088760241706,-0.502969299721533,3.078841318177712,0.7785050963005594,-1.177851894974348,0.5094004373302519,1.4316811360790147,1.451350561986595,-1.0289971665491795,0.5505611813513597,0.6630692812988462,0.9841231756854657,0
-0.12657084635623306,-1.1099901739376037,1.5251962127575889,3.077609512784102,0.10257878806523006,-1.177851894974348,-0.5674373336626071,-0.3041918912684436,-1.2979075915886182,-1.3730106049817663,0.03455021005991044,1.8139071573463699,-1.0161329645585022,0
-0.12657084635623306,-1.1099901739376037,-1.179024470547907,2.265755004134053,0.4405419421828948,-1.177851894974348,4.024959042630468,0.2744324511807092,0.001192415045823164,0.23238544103697253,-0.22345527558581418,-0.8052411122790287,-1.0161329645585022,1
0.38177641932588297,-1.1099901739376037,-1.179024470547907,3.112731758878829,0.4405419421828948,-1.177851894974348,0.38271364074285674,-1.461440576166749,0.9981761410676039,-1.143668312693375,1.066572152642809,0.14717644031202531,0.9841231756854657,0
0.21232733076517762,-1.1099901739376037,-0.502969299721533,2.882542074042167,0.4405419421828948,-1.177851894974348,2.4413740852880284,-1.461440576166749,2.6967410076232294,-0.45564143582820127,0.8085666669970842,-1.0830295651180861,-1.0161329645585022,1
0.0428782422044723,0.9009088760241706,-1.179024470547907,3.1173273405396045,0.2715603651240624,-1.177851894974348,0.06599664927436881,-1.461440576166749,-0.018948670328354386,-1.143668312693375,0.03455021005991044,0.7225953783357871,0.9841231756854657,0
1.2290218621294098,0.9009088760241706,0.8491410419312149,3.195862830570664,1.4544314045358888,-1.177851894974348,-0.3298995900612411,-0.3041918912684436,1.357358830240434,-1.2583394588375707,0.03455021005991044,-0.8052411122790287,0.9841231756854657,0
-0.12657084635623306,-1.1099901739376037,-1.179024470547907,3.2100917621045437,-0.06640278899360229,-1.177851894974348,2.91644957249076,1.4316811360790147,1.6628319584154578,-0.45564143582820127,-0.22345527558581418,-0.7060309505507939,0.9841231756854657,0
0.890123685007999,0.9009088760241706,0.8491410419312149,3.2115920379044534,1.1164682504182242,-1.177851894974348,2.4413740852880284,-0.8828162337175963,-0.12972463988633004,-0.570312581972397,0.03455021005991044,-0.5472946917856183,0.9841231756854657,0
0.0428782422044723,-1.1099901739376037,-1.179024470547907,-0.10695486198830145,0.10257878806523006,0.9048055324001227,1.5228948100294133,-1.461440576166749,-1.0495008719737637,1.379096902478929,0.5505611813513597,-1.2219237915376149,-1.0161329645585022,1
0.5512255078865883,0.9009088760241706,-0.502969299721533,3.2039643198901757,0.6095235192417271,0.21058638994196582,0.25602684415546156,0.2744324511807092,1.5587696839822078,-1.143668312693375,-0.22345527558581418,0.8813316371009629,0.9841231756854657,0
0.38177641932588297,0.9009088760241706,-0.502969299721533,2.9926939025092167,0.4405419421828948,-1.177851894974348,2.4413740852880284,-0.3041918912684436,0.27645391515958084,-0.570312581972397,0.8085666669970842,-0.2893482712922078,-1.0161329645585022,1
0.0428782422044723,0.9009088760241706,0.8491410419312149,2.377075468487348,0.10257878806523006,-1.177851894974348,-0.09236184645987515,0.2744324511807092,1.995159867089384,-1.143668312693375,0.03455021005991044,-0.2893482712922078,-1.0161329645585022,1
0.7206745964472937,0.9009088760241706,-1.179024470547907,3.248435653074866,0.9474866733593919,-1.177851894974348,1.8079401023510524,-0.3041918912684436,-0.6063969937418614,-0.7996548742607882,0.8085666669970842,0.8416475724096689,0.9841231756854657,0
0.21232733076517762,0.9009088760241706,0.8491410419312149,3.2995555769096816,0.7785050963005594,-1.177851894974348,0.38271364074285674,-1.461440576166749,-1.6705176710108995,-1.143668312693375,0.8085666669970842,0.286070666731554,0.9841231756854657,0
0.890123685007999,0.9009088760241706,1.5251962127575889,3.3042932899620276,0.4405419421828948,0.21058638994196582,0.8577891279455886,0.853056793629862,0.7229146409538463,-1.0289971665491795,1.066572152642809,-0.30919030363785477,0.9841231756854657,0
0.21232733076517762,-1.1099901739376037,-1.179024470547907,3.3462536352289742,0.10257878806523006,0.21058638994196582,4.024959042630468,0.2744324511807092,-0.21364582894540246,-0.2262991435398101,0.5505611813513597,0.782121475372728,0.9841231756854657,0
-0.12657084635623306,0.9009088760241706,1.5251962127575889,0.25949145023383796,-0.911310674287764,0.9048055324001227,1.5228948100294133,0.853056793629862,0.9612508178816116,0.6910700256137552,0.8085666669970842,-0.24966420660091387,0.9841231756854657,0
-0.12657084635623306,-1.1099901739376037,-0.502969299721533,3.374600951658846,0.2715603651240624,-0.4836327525161911,0.8577891279455886,1.4316811360790147,1.1458774338115711,-1.0289971665491795,-0.22345527558581418,1.258330251668255,0.9841231756854657,0
0.0428782422044723,0.9009088760241706,-0.502969299721533,3.401037390490938,0.7785050963005594,-1.177851894974348,1.3328646151483206,0.853056793629862,2.142861159833352,-0.9143260204049839,0.8085666669970842,-0.3488743683291487,0.9841231756854657,0
0.7206745964472937,0.9009088760241706,0.8491410419312149,3.4918119725738914,0.9474866733593919,-1.177851894974348,0.6994306322113446,0.853056793629862,0.665848232393677,-1.0289971665491795,0.5505611813513597,-1.102871597463733,0.9841231756854657,0
0.21232733076517762,0.9009088760241706,-1.179024470547907,3.489790548338224,0.4405419421828948,-1.177851894974348,2.4413740852880284,-0.8828162337175963,-1.4724636648314886,-0.6849837281165926,0.8085666669970842,0.7622794430270811,0.9841231756854657,0
0.21232733076517762,0.9009088760241706,-0.502969299721533,3.4914171631528625,0.2715603651240624,-1.177851894974348,0.06599664927436881,0.853056793629862,-1.1804179269059165,-1.2583394588375707,1.066572152642809,1.6750129309268411,0.9841231756854657,0
0.38177641932588297,0.9009088760241706,-0.502969299721533,3.494007112954812,0.6095235192417271,0.21058638994196582,0.8577891279455886,0.2744324511807092,1.6729025011025462,-1.0289971665491795,0.5505611813513597,-0.9838194033898514,0.9841231756854657,0
0.5512255078865883,-1.1099901739376037,-0.502969299721533,3.4908960147171046,0.2715603651240624,-1.177851894974348,0.38271364074285674,0.853056793629862,1.0351014642535956,-1.143668312693375,0.03455021005991044,-0.190138109563973,-1.0161329645585022,0
0.7206745964472937,-1.1099901739376037,1.5251962127575889,3.4914961250370684,0.9474866733593919,-1.177851894974348,1.6495816066168083,-0.8828162337175963,0.15896425047687956,-0.7996548742607882,1.066572152642809,0.801963507718375,0.9841231756854657,0
0.21232733076517762,0.9009088760241706,0.8491410419312149,3.494291375737953,0.4405419421828948,-1.177851894974348,1.6495816066168083,-0.8828162337175963,0.9343960373827085,-0.7996548742607882,0.5505611813513597,-0.30919030363785477,0.9841231756854657,0
-0.12657084635623306,0.9009088760241706,-1.179024470547907,0.3147647691778772,-0.404365943111267,0.9048055324001227,1.5228948100294133,-1.461440576166749,-0.34120603631519225,0.5763988794695595,0.5505611813513597,-0.4282424977117365,0.9841231756854657,0
0.38177641932588297,-1.1099901739376037,-0.502969299721533,3.49206465060335,0.10257878806523006,-1.177851894974348,-0.7257958293968509,-1.461440576166749,-0.6701770974267564,-1.3730106049817663,0.5505611813513597,0.8416475724096689,0.9841231756854657,0
1.0595727735687044,0.9009088760241706,-1.179024470547907,0.1837670032805041,0.6095235192417271,0.9048055324001227,1.5228948100294133,-0.8828162337175963,1.934736610966852,0.8057411717579506,1.066572152642809,0.3654387961141419,-1.0161329645585022,1
0.7206745964472937,-1.1099901739376037,1.5251962127575889,3.720706682509579,0.9474866733593919,-1.177851894974348,0.5094004373302519,0.2744324511807092,-0.3680608168140954,-1.143668312693375,0.5505611813513597,0.22654456969461315,0.9841231756854657,0
-0.12657084635623306,0.9009088760241706,-0.502969299721533,3.7538548814991612,-0.06640278899360229,-1.177851894974348,4.024959042630468,0.2744324511807092,0.001192415045823164,-0.34097028968400567,-0.22345527558581418,-0.9441353386985575,0.9841231756854657,0
0.38177641932588297,-1.1099901739376037,1.5251962127575889,3.551207101873472,0.10257878806523006,-1.177851894974348,2.2830155895537843,-1.461440576166749,1.327147202179168,-0.6849837281165926,0.29255569570563505,1.3972244780877838,-1.0161329645585022,1
0.21232733076517762,0.9009088760241706,-1.179024470547907,3.7790279301839607,-0.404365943111267,-1.177851894974348,2.4413740852880284,0.853056793629862,0.0851136041048956,-0.6849837281165926,1.066572152642809,-0.7060309505507939,0.9841231756854657,0
0.0428782422044723,0.9009088760241706,-0.502969299721533,3.792877844673653,-0.23538436605243465,-1.177851894974348,-0.09236184645987515,0.853056793629862,-1.8752853723150364,-1.2583394588375707,1.066572152642809,0.8614896047553159,-1.0161329645585022,0
0.38177641932588297,-1.1099901739376037,-1.179024470547907,3.9646989047054095,0.2715603651240624,-1.177851894974348,-0.4090788379283631,-0.8828162337175963,0.23617174441122635,-1.3730106049817663,1.066572152642809,1.35754041339649,0.9841231756854657,0
0.5512255078865883,-1.1099901739376037,-0.502969299721533,3.9699577661935135,0.6095235192417271,-1.177851894974348,3.2331665639592484,0.853056793629862,-0.1397951825734185,-0.570312581972397,0.5505611813513597,0.782121475372728,0.9841231756854657,0
-0.12657084635623306,0.9009088760241706,-0.502969299721533,0.4642238236025595,-0.7423290972289317,0.9048055324001227,1.5228948100294133,-0.3041918912684436,-1.3482603050240614,0.4617277333253637,0.5505611813513597,-2.4521297969677263,0.9841231756854657,0
-0.12657084635623306,0.9009088760241706,0.8491410419312149,3.9632617984128644,0.10257878806523006,-1.177851894974348,4.024959042630468,1.4316811360790147,0.001192415045823164,-0.34097028968400567,0.03455021005991044,-1.2616078562289088,0.9841231756854657,0
1.0595727735687044,0.9009088760241706,-0.502969299721533,3.964856828473821,1.2854498274770565,-1.177851894974348,2.4413740852880284,1.4316811360790147,1.7836784706605218,-0.6849837281165926,0.8085666669970842,-0.011559818453150373,-1.0161329645585022,0
0.7206745964472937,0.9009088760241706,0.8491410419312149,0.5583779743295202,0.9474866733593919,0.9048055324001227,1.5228948100294133,-1.461440576166749,0.2965950005337584,0.3470565871811683,0.8085666669970842,-0.07108591549009124,0.9841231756854657,0
0.21232733076517762,-1.1099901739376037,1.5251962127575889,4.252357048867031,0.7785050963005594,-1.177851894974348,0.5687848732305933,0.853056793629862,-0.005521280078902488,-1.143668312693375,0.29255569570563505,1.4170665104334308,-1.0161329645585022,0
-0.12657084635623306,0.9009088760241706,0.8491410419312149,4.248677425063042,-0.404365943111267,-1.177851894974348,-0.2705151541608996,0.2744324511807092,-0.34120603631519225,-1.3730106049817663,0.03455021005991044,0.10749237562073138,-1.0161329645585022,0
0.5512255078865883,-1.1099901739376037,1.5251962127575889,4.3276866863993355,0.6095235192417271,-1.177851894974348,0.38271364074285674,1.4316811360790147,-0.6936750303632967,-1.2583394588375707,0.03455021005991044,0.9805417988291976,-1.0161329645585022,0
0.38177641932588297,-1.1099901739376037,-1.179024470547907,4.436543539965411,0.6095235192417271,0.21058638994196582,4.024959042630468,-0.3041918912684436,-0.1397951825734185,-0.45564143582820127,1.066572152642809,-0.5274526594399713,0.9841231756854657,0
0.0428782422044723,-1.1099901739376037,-1.179024470547907,4.437191027415898,0.10257878806523006,-1.177851894974348,0.0026532509806712224,0.853056793629862,1.417782086362966,-1.2583394588375707,1.066572152642809,0.9011736694466097,0.9841231756854657,0
0.0428782422044723,0.9009088760241706,1.5251962127575889,4.440681142697794,0.2715603651240624,-1.177851894974348,0.08579146124114931,-0.8828162337175963,1.417782086362966,-1.2583394588375707,0.03455021005991044,1.6750129309268411,-1.0161329645585022,0
0.0428782422044723,-1.1099901739376037,-0.502969299721533,4.215071247145066,0.2715603651240624,-1.177851894974348,1.3328646151483206,1.4316811360790147,3.018998373610068,-1.0289971665491795,0.8085666669970842,-0.20998014190961997,-1.0161329645585022,1
0.5512255078865883,-1.1099901739376037,-1.179024470547907,4.43597501439913,0.2715603651240624,-1.177851894974348,4.024959042630468,1.4316811360790147,1.417782086362966,-0.45564143582820127,0.03455021005991044,0.6630692812988462,0.9841231756854657,0
-0.12657084635623306,0.9009088760241706,-1.179024470547907,4.442655189802938,-0.06640278899360229,-1.177851894974348,4.024959042630468,-1.461440576166749,0.001192415045823164,-0.45564143582820127,0.5505611813513597,0.8416475724096689,0.9841231756854657,0
0.0428782422044723,-1.1099901739376037,0.8491410419312149,4.435738128746512,0.10257878806523006,-1.177851894974348,0.19268344586176397,-1.461440576166749,-1.371758237960602,-1.2583394588375707,-0.22345527558581418,-1.7775006972157297,0.9841231756854657,0
0.7206745964472937,0.9009088760241706,-0.502969299721533,4.44145496916301,0.4405419421828948,-1.177851894974348,2.2830155895537843,0.2744324511807092,0.6255660616453219,-0.7996548742607882,1.066572152642809,0.9606997664835506,-1.0161329645585022,0
0.38177641932588297,0.9009088760241706,-0.502969299721533,4.438596548954761,0.4405419421828948,-1.177851894974348,-0.5674373336626071,1.4316811360790147,-0.46205254856025635,-1.3730106049817663,1.066572152642809,1.258330251668255,-1.0161329645585022,0
0.38177641932588297,0.9009088760241706,0.8491410419312149,4.439686222956801,0.2715603651240624,-1.177851894974348,1.6495816066168083,0.2744324511807092,0.19253272610050842,-0.9143260204049839,0.8085666669970842,-1.3409759856114967,0.9841231756854657,0
0.890123685007999,0.9009088760241706,-0.502969299721533,4.437996438634797,0.6095235192417271,0.21058638994196582,2.4413740852880284,0.2744324511807092,1.1458774338115711,-0.7996548742607882,0.29255569570563505,-0.8647672093159696,0.9841231756854657,0
0.38177641932588297,0.9009088760241706,0.8491410419312149,4.632084750012581,-0.06640278899360229,-1.177851894974348,0.6994306322113446,-1.461440576166749,0.001192415045823164,-1.143668312693375,1.066572152642809,-1.9759210206721993,0.9841231756854657,0
-0.12657084635623306,0.9009088760241706,0.8491410419312149,4.8146762110500045,-0.06640278899360229,-1.177851894974348,2.91644957249076,-1.461440576166749,-1.0427871768490378,-0.7996548742607882,0.8085666669970842,-0.190138109563973,0.9841231756854657,0
0.890123685007999,0.9009088760241706,0.8491410419312149,4.81927179271078,1.1164682504182242,-1.177851894974348,0.6994306322113446,1.4316811360790147,-1.039430329286675,-1.143668312693375,-0.22345527558581418,-0.5671367241312653,0.9841231756854657,0
0.5512255078865883,0.9009088760241706,-0.502969299721533,4.917642508054329,0.6095235192417271,-1.177851894974348,0.06599664927436881,0.2744324511807092,-1.6839450612603513,-1.2583394588375707,0.29255569570563505,0.9408577341379036,0.9841231756854657,0
0.0428782422044723,-1.1099901739376037,1.5251962127575889,3.8763721410328347,0.6095235192417271,-1.177851894974348,2.4413740852880284,0.2744324511807092,2.3073466903891333,-0.6849837281165926,0.03455021005991044,-0.36871640067479566,-1.0161329645585022,1
1.2290218621294098,-1.1099901739376037,1.5251962127575889,3.941105093704725,1.4544314045358888,-1.177851894974348,2.4413740852880284,0.2744324511807092,1.2029438423717405,-0.6849837281165926,0.03455021005991044,0.10749237562073138,-1.0161329645585022,1
0.21232733076517762,-1.1099901739376037,1.5251962127575889,5.384986315914602,0.2715603651240624,-1.177851894974348,0.38271364074285674,-1.461440576166749,-1.173704231781191,-1.2583394588375707,0.29255569570563505,1.5361187045073124,-1.0161329645585022,0
1.0595727735687044,-1.1099901739376037,-0.502969299721533,5.51440484412786,1.1164682504182242,-1.177851894974348,0.6994306322113446,-0.3041918912684436,2.562467105128714,-1.2583394588375707,0.8085666669970842,-0.6663468858595001,-1.0161329645585022,0
0.5512255078865883,-1.1099901739376037,-1.179024470547907,5.782227762976992,0.6095235192417271,-1.177851894974348,-0.5872321456293875,-0.3041918912684436,-1.0964967378468442,-1.487681751125962,0.8085666669970842,0.16701847265767225,0.9841231756854657,0
0.38177641932588297,-1.1099901739376037,1.5251962127575889,5.803215831798886,-0.23538436605243465,0.21058638994196582,-1.1375279183058853,-0.3041918912684436,-0.005521280078902488,-1.487681751125962,-0.22345527558581418,-0.7655570475877348,0.9841231756854657,0
0.7206745964472937,0.9009088760241706,1.5251962127575889,6.049529533390366,0.9474866733593919,-1.177851894974348,1.63770471943674,1.4316811360790147,-1.0427871768490378,-1.143668312693375,0.8085666669970842,0.3455967637684949,-1.0161329645585022,0
0.890123685007999,-1.1099901739376037,-0.502969299721533,6.524437889757551,0.7785050963005594,-1.177851894974348,4.024959042630468,-0.3041918912684436,-0.21364582894540246,-0.7996548742607882,-0.22345527558581418,0.4844909901880236,-1.0161329645585022,0
1.2290218621294098,0.9009088760241706,-0.502969299721533,6.616965425669873,1.2854498274770565,-1.177851894974348,0.9369683758127106,-0.3041918912684436,1.8273174889712391,-1.2583394588375707,1.066572152642809,1.5956448015442533,0.9841231756854657,0
0.21232733076517762,0.9009088760241706,-1.179024470547907,6.711924987615733,-0.23538436605243465,-1.177851894974348,-0.2507203421941191,-1.461440576166749,0.5785701957722418,-1.3730106049817663,-0.22345527558581418,-0.6663468858595001,0.9841231756854657,0
0.21232733076517762,-1.1099901739376037,-0.502969299721533,7.183532737223117,-0.06640278899360229,-1.177851894974348,2.4413740852880284,0.853056793629862,-0.4654093961226198,-1.0289971665491795,-0.22345527558581418,-1.102871597463733,0.9841231756854657,0
0.21232733076517762,0.9009088760241706,-0.502969299721533,7.284161762454951,-0.23538436605243465,-1.177851894974348,2.4413740852880284,-0.8828162337175963,1.4647779522360462,-1.0289971665491795,0.29255569570563505,1.0003838311748445,-1.0161329645585022,0
0.21232733076517762,-1.1099901739376037,-1.179024470547907,7.8519924641554875,0.6095235192417271,-1.177851894974348,-0.4882580857954851,0.2744324511807092,-1.8752853723150364,-1.487681751125962,0.03455021005991044,-1.0235034680811452,0.9841231756854657,0
1.0595727735687044,0.9009088760241706,0.17308587110484092,6.294406128689301,0.7785050963005594,-1.177851894974348,0.6994306322113446,0.2744324511807092,1.2096575374964662,-1.2583394588375707,-0.22345527558581418,-0.5671367241312653,-1.0161329645585022,1
0.38177641932588297,-1.1099901739376037,-1.179024470547907,8.64336426004256,-0.23538436605243465,-1.177851894974348,-1.121692068732461,-0.3041918912684436,-1.2005590122800942,-1.6023528972701577,0.8085666669970842,0.08765034327508442,-1.0161329645585022,0
0.890123685007999,0.9009088760241706,-0.502969299721533,-1.0507230943925108,0.4405419421828948,0.21058638994196582,-0.3774071387815143,1.4316811360790147,-1.6705176710108995,4.589888994516407,0.5505611813513597,1.6353288662355472,-1.0161329645585022,1
0.890123685007999,-1.1099901739376037,-1.179024470547907,0.10306795762220672,0.7785050963005594,0.9048055324001227,1.5862382083231108,-0.3041918912684436,1.6997572816014495,1.035083464046342,0.03455021005991044,0.08765034327508442,-1.0161329645585022,1
0.7206745964472937,-1.1099901739376037,1.5251962127575889,0.3378216393659622,-0.06640278899360229,0.9048055324001227,1.5862382083231108,0.2744324511807092,2.0757242085860943,0.5763988794695595,0.29255569570563505,1.4964346398160184,-1.0161329645585022,1
0.0428782422044723,0.9009088760241706,1.5251962127575889,10.198771247504666,-0.06640278899360229,-1.177851894974348,2.4413740852880284,0.853056793629862,-0.6701770974267564,-1.2583394588375707,0.8085666669970842,2.0321695131484865,-1.0161329645585022,1
0.5512255078865883,0.9009088760241706,0.8491410419312149,12.80888791468009,0.7785050963005594,-1.177851894974348,0.38271364074285674,0.2744324511807092,-0.25392799969375696,-1.487681751125962,0.03455021005991044,-0.6663468858595001,-1.0161329645585022,0
0.7206745964472937,0.9009088760241706,-0.502969299721533,12.963858508622335,0.7785050963005594,-1.177851894974348,3.2331665639592484,-1.461440576166749,-0.3680608168140954,-1.2583394588375707,0.5505611813513597,0.286070666731554,0.9841231756854657,0
1.2290218621294098,-1.1099901739376037,-1.179024470547907,13.194158740096885,1.4544314045358888,0.21058638994196582,0.06599664927436881,0.2744324511807092,-0.6936750303632967,-1.487681751125962,1.066572152642809,-0.051243883144444294,0.9841231756854657,0
0.21232733076517762,-1.1099901739376037,1.5251962127575889,-1.0675103909746575,0.4405419421828948,0.9048055324001227,-1.1058562191590364,-1.461440576166749,0.5651428055227898,0.8057411717579506,0.29255569570563505,1.6551708985811941,-1.0161329645585022,1
0.38177641932588297,-1.1099901739376037,-0.502969299721533,-1.0683789717009209,0.4405419421828948,0.9048055324001227,-1.2325430157464317,0.853056793629862,-1.6839450612603513,0.1177142948927768,0.5505611813513597,-0.46792656240303043,-1.0161329645585022,1
0.38177641932588297,-1.1099901739376037,-0.502969299721533,-1.0619988514570948,0.4405419421828948,0.9048055324001227,-1.2800505644667048,-1.461440576166749,0.5785701957722418,-0.2262991435398101,0.5505611813513597,0.20670253734896618,-1.0161329645585022,1
0.0428782422044723,0.9009088760241706,-0.502969299721533,-1.0751854861194583,-0.06640278899360229,0.9048055324001227,-1.042512820865339,-0.3041918912684436,-0.25392799969375696,1.2644257563347332,0.03455021005991044,-1.0433455004267922,-1.0161329645585022,1
0.21232733076517762,0.9009088760241706,-0.502969299721533,-1.08150243685592,0.2715603651240624,0.9048055324001227,-0.804975077263973,1.4316811360790147,-0.7977373047965461,2.869821802353472,1.066572152642809,-0.40840046536608954,-1.0161329645585022,1
0.21232733076517762,-1.1099901739376037,1.5251962127575889,-1.0817866996390608,-0.404365943111267,0.9048055324001227,-1.042512820865339,0.853056793629862,-1.1804179269059165,1.379096902478929,0.29255569570563505,0.3654387961141419,-1.0161329645585022,1
0.5512255078865883,0.9009088760241706,0.8491410419312149,-1.0864770355608835,0.4405419421828948,0.21058638994196582,-1.121692068732461,0.853056793629862,-1.2979075915886182,0.9204123179021463,0.5505611813513597,0.12733440796637835,-1.0161329645585022,1
0.0428782422044723,-1.1099901739376037,-1.179024470547907,-1.093788906038338,-0.23538436605243465,0.9048055324001227,-0.765385453330412,-0.3041918912684436,0.03811773823181484,3.5578486792186466,-0.22345527558581418,-0.9044512740072636,-1.0161329645585022,1
0.5512255078865883,-1.1099901739376037,-0.502969299721533,-1.0921307064700168,0.10257878806523006,0.9048055324001227,-0.8841543251310949,-0.8828162337175963,0.001192415045823164,2.640479510065081,0.29255569570563505,0.008282213892496587,-1.0161329645585022,1
0.21232733076517762,-1.1099901739376037,0.17308587110484092,-1.10681761693229,-0.06640278899360229,0.9048055324001227,-1.1691996174527342,1.4316811360790147,-0.3680608168140954,0.9204123179021463,0.8085666669970842,0.8614896047553159,-1.0161329645585022,1
0.21232733076517762,0.9009088760241706,-1.179024470547907,-1.1350385943474324,0.7785050963005594,0.9048055324001227,-1.002923196931778,-0.3041918912684436,-0.811164695045998,2.984492948497668,0.8085666669970842,-0.22982217425526694,-1.0161329645585022,1
0.7206745964472937,0.9009088760241706,1.5251962127575889,-1.135622912290555,0.6095235192417271,0.9048055324001227,-1.327558113186978,0.853056793629862,0.5785701957722418,0.1177142948927768,0.8085666669970842,-1.0433455004267922,-1.0161329645585022,1
0.38177641932588297,-1.1099901739376037,-0.502969299721533,-0.029919647757151824,0.10257878806523006,-1.177851894974348,0.0976683484212176,-0.8828162337175963,-1.4724636648314886,-0.11162799739561437,-0.22345527558581418,1.0995939929030794,-1.0161329645585022,0
-0.12657084635623306,0.9009088760241706,-1.179024470547907,1.5943736874860692,-0.404365943111267,-1.177851894974348,1.3328646151483206,-0.3041918912684436,0.001192415045823164,-0.45564143582820127,0.29255569570563505,0.40512286080543575,-1.0161329645585022,0
-0.12657084635623306,0.9009088760241706,-0.502969299721533,-0.4469963201320312,-0.23538436605243465,0.9048055324001227,-0.3774071387815143,0.853056793629862,-0.1397951825734185,0.003043148748581378,0.8085666669970842,0.9805417988291976,0.9841231756854657,0
1.0595727735687044,0.9009088760241706,-0.502969299721533,1.029733045907446,1.2854498274770565,-1.177851894974348,2.4413740852880284,-0.3041918912684436,1.6191929401047398,0.3470565871811683,0.5505611813513597,1.258330251668255,0.9841231756854657,0
0.0428782422044723,0.9009088760241706,-1.179024470547907,-0.06665271628967623,0.10257878806523006,0.9048055324001227,0.8577891279455886,-0.3041918912684436,-1.0427871768490378,0.6910700256137552,1.066572152642809,-1.3211339532658497,0.9841231756854657,0
0.5512255078865883,0.9009088760241706,-1.179024470547907,-0.4669105073287265,0.7785050963005594,0.9048055324001227,-0.7257958293968509,0.853056793629862,1.4345663241747801,-0.45564143582820127,-0.22345527558581418,-0.30919030363785477,-1.0161329645585022,0
0.0428782422044723,0.9009088760241706,-1.179024470547907,-0.10619682789992606,0.10257878806523006,-1.177851894974348,-0.7574675285436998,-1.461440576166749,0.001192415045823164,-0.7996548742607882,-0.22345527558581418,-0.8250831446246757,0.9841231756854657,0
0.21232733076517762,0.9009088760241706,-0.502969299721533,-0.3769097517109894,0.6095235192417271,-1.177851894974348,-0.5674373336626071,0.853056793629862,0.16232109803924238,-0.34097028968400567,0.5505611813513597,0.4249648931510827,-1.0161329645585022,0
0.38177641932588297,-1.1099901739376037,1.5251962127575889,1.6901228682739864,-0.06640278899360229,0.9048055324001227,-0.5674373336626071,0.2744324511807092,-1.2979075915886182,-1.2583394588375707,0.5505611813513597,-2.2933935382025505,0.9841231756854657,0
-0.12657084635623306,-1.1099901739376037,-0.502969299721533,0.6464520599726364,-0.23538436605243465,-1.177851894974348,0.7627740305050422,0.853056793629862,0.001192415045823164,-0.2262991435398101,0.5505611813513597,-1.2417658238832618,0.9841231756854657,0
0.7206745964472937,0.9009088760241706,-0.502969299721533,-0.3768781669573071,0.9474866733593919,0.9048055324001227,-1.2325430157464317,-0.8828162337175963,0.19253272610050842,-1.2583394588375707,0.5505611813513597,0.8614896047553159,-1.0161329645585022,0
0.21232733076517762,0.9009088760241706,-0.502969299721533,-0.5832055703869852,-0.06640278899360229,0.9048055324001227,-1.2325430157464317,-1.461440576166749,-1.8752853723150364,-1.143668312693375,-0.22345527558581418,0.286070666731554,-1.0161329645585022,0
0.0428782422044723,-1.1099901739376037,-1.179024470547907,-0.4878511990200968,-0.23538436605243465,-1.177851894974348,1.5228948100294133,-1.461440576166749,-0.3680608168140954,2.869821802353472,0.03455021005991044,-0.051243883144444294,0.9841231756854657,0
0.5512255078865883,-1.1099901739376037,1.5251962127575889,-0.2929416840465731,-0.06640278899360229,-1.177851894974348,-1.042512820865339,1.4316811360790147,0.7430557263280237,-1.0289971665491795,1.066572152642809,1.5361187045073124,0.9841231756854657,0
0.0428782422044723,0.9009088760241706,-0.502969299721533,-0.7701083503020438,-0.06640278899360229,0.9048055324001227,-0.4090788379283631,-0.8828162337175963,-1.371758237960602,0.9204123179021463,0.29255569570563505,-1.4203441149940845,0.9841231756854657,0
0.21232733076517762,0.9009088760241706,0.8491410419312149,-0.29488414639803506,0.7785050963005594,0.21058638994196582,-0.8524826259842462,0.2744324511807092,-0.3680608168140954,-0.7996548742607882,0.03455021005991044,-1.8767108589439645,0.9841231756854657,0
1.2290218621294098,-1.1099901739376037,-1.179024470547907,-0.8444746528470384,0.9474866733593919,0.9048055324001227,-0.2507203421941191,-1.461440576166749,0.04483143335654109,1.8377814870557112,0.29255569570563505,0.9011736694466097,-1.0161329645585022,1
0.7206745964472937,-1.1099901739376037,1.5251962127575889,-0.643453488035988,0.9474866733593919,0.9048055324001227,-0.8841543251310949,0.2744324511807092,0.16232109803924238,-0.45564143582820127,1.066572152642809,0.4249648931510827,-1.0161329645585022,0
0.38177641932588297,-1.1099901739376037,-0.502969299721533,0.6115351147768447,0.4405419421828948,-1.177851894974348,1.6495816066168083,0.2744324511807092,1.2029438423717405,0.3470565871811683,0.5505611813513597,0.3455967637684949,-1.0161329645585022,1
1.0595727735687044,-1.1099901739376037,1.5251962127575889,-0.8123845431058133,1.1164682504182242,0.21058638994196582,-1.121692068732461,1.4316811360790147,0.001192415045823164,-0.570312581972397,0.8085666669970842,0.9408577341379036,0.9841231756854657,0
0.21232733076517762,0.9009088760241706,-0.502969299721533,0.04531523551410624,-0.06640278899360229,0.9048055324001227,0.06599664927436881,-0.8828162337175963,-0.11965409719924096,-0.2262991435398101,-0.22345527558581418,-0.07108591549009124,0.9841231756854657,0
0.0428782422044723,0.9009088760241706,-0.502969299721533,-0.30303301284807055,0.4405419421828948,-1.177851894974348,-0.7257958293968509,1.4316811360790147,-1.0964967378468442,-0.6849837281165926,0.8085666669970842,-0.17029607721832604,0.9841231756854657,0
0.38177641932588297,0.9009088760241706,1.5251962127575889,-0.8347149639592052,0.10257878806523006,0.9048055324001227,-1.2800505644667048,-1.461440576166749,0.23617174441122635,-0.9143260204049839,0.5505611813513597,-0.11076998018138517,-1.0161329645585022,1
0.5512255078865883,0.9009088760241706,-0.502969299721533,-0.2950736549201289,0.4405419421828948,-1.177851894974348,-1.2008713165995828,1.4316811360790147,-1.5496711587658354,-1.2583394588375707,-0.22345527558581418,-1.7576586648700827,0.9841231756854657,0
0.38177641932588297,-1.1099901739376037,-0.502969299721533,-0.014379948945456205,0.6095235192417271,0.9048055324001227,0.5094004373302519,0.853056793629862,1.407711543675877,0.23238544103697253,0.03455021005991044,0.6829113136444932,0.9841231756854657,0
-0.12657084635623306,-1.1099901739376037,-1.179024470547907,-0.7023116765229693,-0.23538436605243465,0.9048055324001227,-0.7257958293968509,0.2744324511807092,1.327147202179168,0.003043148748581378,-0.22345527558581418,-1.7378166325244357,0.9841231756854657,0
0.0428782422044723,0.9009088760241706,-0.502969299721533,0.121339737627422,-0.06640278899360229,-1.177851894974348,1.3328646151483206,-0.3041918912684436,0.2965950005337584,0.8057411717579506,0.5505611813513597,0.3654387961141419,0.9841231756854657,0
0.7206745964472937,-1.1099901739376037,-1.179024470547907,-0.39120185275223385,0.2715603651240624,-1.177851894974348,-0.2507203421941191,0.853056793629862,1.223084927745918,0.1177142948927768,0.5505611813513597,-0.15045404487267908,0.9841231756854657,0
-0.12657084635623306,-1.1099901739376037,-0.502969299721533,-0.509091945871449,-0.06640278899360229,-1.177851894974348,-0.7257958293968509,-0.3041918912684436,2.6128198185641573,-0.45564143582820127,1.066572152642809,0.22654456969461315,-1.0161329645585022,1
-0.12657084635623306,0.9009088760241706,-1.179024470547907,-0.1446670578849774,-0.5733475201700994,0.9048055324001227,-0.4090788379283631,1.4316811360790147,0.001192415045823164,-0.45564143582820127,0.8085666669970842,-2.531497926350314,0.9841231756854657,0
0.5512255078865883,-1.1099901739376037,-1.179024470547907,-0.18692745831190574,0.4405419421828948,0.9048055324001227,-1.042512820865339,-1.461440576166749,1.0955247203761276,-1.143668312693375,0.03455021005991044,-1.7179746001787888,0.9841231756854657,0
0.7206745964472937,-1.1099901739376037,-0.502969299721533,0.16854315200563155,0.7785050963005594,0.9048055324001227,0.06599664927436881,-0.3041918912684436,-1.2475548781531747,-0.34097028968400567,0.29255569570563505,-1.4203441149940845,0.9841231756854657,0
0.5512255078865883,-1.1099901739376037,-0.502969299721533,-0.09488948608165973,0.6095235192417271,0.9048055324001227,-0.14778731996686054,1.4316811360790147,-0.8447331706696268,-0.2262991435398101,0.5505611813513597,0.821805540064022,-1.0161329645585022,0
0.21232733076517762,0.9009088760241706,-0.502969299721533,-0.38032090510867866,-0.23538436605243465,-1.177851894974348,-1.2008713165995828,0.2744324511807092,-1.0495008719737637,-1.143668312693375,0.5505611813513597,0.22654456969461315,0.9841231756854657,0
-0.12657084635623306,-1.1099901739376037,-0.502969299721533,-0.26328360033888576,0.10257878806523006,0.9048055324001227,-0.7099599798234266,-0.3041918912684436,-0.21364582894540246,-0.6849837281165926,0.29255569570563505,1.278172284013902,-1.0161329645585022,0
0.38177641932588297,-1.1099901739376037,-1.179024470547907,-0.17025070836764702,0.10257878806523006,-1.177851894974348,0.38271364074285674,0.2744324511807092,-0.6936750303632967,0.3470565871811683,0.8085666669970842,-0.15045404487267908,-1.0161329645585022,0
0.7206745964472937,0.9009088760241706,-0.502969299721533,-0.3706875552355747,0.7785050963005594,0.9048055324001227,-1.042512820865339,-1.461440576166749,1.7736079279734327,-1.0289971665491795,0.03455021005991044,0.12733440796637835,-1.0161329645585022,1
-0.12657084635623306,-1.1099901739376037,-1.179024470547907,0.06028640875952031,0.10257878806523006,0.9048055324001227,-0.5674373336626071,-1.461440576166749,1.4110683912382405,-0.7996548742607882,0.5505611813513597,-0.4282424977117365,-1.0161329645585022,1
-0.12657084635623306,0.9009088760241706,-1.179024470547907,-0.2823923763166822,-0.06640278899360229,0.9048055324001227,-1.2642147148932805,0.853056793629862,-0.1397951825734185,-1.2583394588375707,0.5505611813513597,0.10749237562073138,-1.0161329645585022,0
0.890123685007999,0.9009088760241706,1.5251962127575889,-0.297853113244172,0.9474866733593919,0.9048055324001227,-0.5674373336626071,0.853056793629862,1.327147202179168,-0.45564143582820127,-0.22345527558581418,-0.190138109563973,0.9841231756854657,0
1.0595727735687044,0.9009088760241706,-0.502969299721533,-0.41550632071077,1.2854498274770565,0.21058638994196582,0.06599664927436881,-0.8828162337175963,0.8135495251376443,0.5763988794695595,0.8085666669970842,0.18686050500331922,0.9841231756854657,0
-0.12657084635623306,-1.1099901739376037,-0.502969299721533,-0.6762700471119062,0.10257878806523006,0.9048055324001227,0.22435514500861276,0.853056793629862,-0.3680608168140954,1.8377814870557112,0.03455021005991044,0.0479662785837905,-1.0161329645585022,1
-0.12657084635623306,-1.1099901739376037,1.5251962127575889,0.2689352915848481,-0.404365943111267,-1.177851894974348,0.8577891279455886,-0.8828162337175963,-1.4993184453303918,0.1177142948927768,0.03455021005991044,0.5440170872249644,0.9841231756854657,0
0.890123685007999,0.9009088760241706,-0.502969299721533,-0.14826771980476053,0.4405419421828948,0.9048055324001227,0.7627740305050422,-1.461440576166749,-0.3680608168140954,0.6910700256137552,0.5505611813513597,1.2186461869769611,0.9841231756854657,0
0.38177641932588297,0.9009088760241706,1.5251962127575889,0.8349972470791751,0.4405419421828948,0.21058638994196582,0.38271364074285674,0.853056793629862,0.860545391010725,-0.570312581972397,1.066572152642809,0.5440170872249644,-1.0161329645585022,0
-0.12657084635623306,0.9009088760241706,-0.502969299721533,-0.4526026139106409,0.2715603651240624,-1.177851894974348,-0.8524826259842462,0.2744324511807092,-1.4254677989584081,-0.6849837281165926,0.8085666669970842,-0.7655570475877348,0.9841231756854657,0
0.21232733076517762,0.9009088760241706,0.8491410419312149,-0.8311932639236278,-0.06640278899360229,0.9048055324001227,-0.2507203421941191,-1.461440576166749,0.001192415045823164,1.7231103409115156,-0.22345527558581418,0.38528082845978884,-1.0161329645585022,1
0.7206745964472937,0.9009088760241706,-0.502969299721533,0.309205852529791,1.2854498274770565,-1.177851894974348,0.06599664927436881,0.853056793629862,-0.21700267650776528,-0.45564143582820127,0.03455021005991044,-0.44808453005738347,0.9841231756854657,0
0.7206745964472937,-1.1099901739376037,-0.502969299721533,-0.2951052396738112,0.6095235192417271,0.9048055324001227,-1.1691996174527342,-0.8828162337175963,1.5587696839822078,-1.143668312693375,0.8085666669970842,0.6630692812988462,0.9841231756854657,0
0.21232733076517762,0.9009088760241706,-1.179024470547907,0.029349142527699455,0.2715603651240624,-1.177851894974348,0.06599664927436881,1.4316811360790147,-1.2979075915886182,-0.2262991435398101,0.5505611813513597,0.4448069254967297,0.9841231756854657,0
0.0428782422044723,-1.1099901739376037,0.8491410419312149,-0.3923073191311146,0.10257878806523006,0.9048055324001227,0.06599664927436881,0.2744324511807092,-0.3680608168140954,0.4617277333253637,-0.22345527558581418,0.10749237562073138,0.9841231756854657,0
-0.12657084635623306,0.9009088760241706,-0.502969299721533,-0.3569481873837706,0.2715603651240624,-1.177851894974348,-0.5674373336626071,-0.8828162337175963,-0.34120603631519225,-0.45564143582820127,0.03455021005991044,1.6154868338899002,0.9841231756854657,0
-0.12657084635623306,0.9009088760241706,-0.502969299721533,3.13697305733,-0.23538436605243465,-1.177851894974348,-1.2008713165995828,0.853056793629862,-0.3680608168140954,-1.487681751125962,1.066572152642809,-0.07108591549009124,0.9841231756854657,0
0.0428782422044723,0.9009088760241706,0.8491410419312149,-0.527221594485094,-0.23538436605243465,-1.177851894974348,0.1847655210750518,0.853056793629862,-0.0860856215756121,1.035083464046342,0.5505611813513597,0.7622794430270811,0.9841231756854657,0
0.0428782422044723,0.9009088760241706,-1.179024470547907,-0.6239656950140039,-0.23538436605243465,0.9048055324001227,0.8577891279455886,-0.8828162337175963,0.001192415045823164,2.640479510065081,1.066572152642809,0.5241750548793175,-1.0161329645585022,1
0.21232733076517762,-1.1099901739376037,-0.502969299721533,1.0248216167098472,0.4405419421828948,-1.177851894974348,-0.7733033781171241,-0.3041918912684436,-1.2979075915886182,-1.2583394588375707,0.8085666669970842,0.06780831092943747,0.9841231756854657,0
0.890123685007999,-1.1099901739376037,-0.502969299721533,0.00461828039445216,1.2854498274770565,0.21058638994196582,-0.963333572998217,-0.3041918912684436,0.001192415045823164,-1.143668312693375,-0.22345527558581418,-0.7060309505507939,0.9841231756854657,0
0.21232733076517762,-1.1099901739376037,-1.179024470547907,0.23198112977654753,0.9474866733593919,0.9048055324001227,-0.09236184645987515,1.4316811360790147,0.4745079213389917,-0.45564143582820127,0.03455021005991044,0.9408577341379036,-1.0161329645585022,0
0.5512255078865883,0.9009088760241706,-0.502969299721533,0.04348331980053236,0.4405419421828948,0.9048055324001227,-0.5674373336626071,0.853056793629862,-1.1804179269059165,-0.7996548742607882,0.03455021005991044,0.4448069254967297,0.9841231756854657,0
0.21232733076517762,0.9009088760241706,-1.179024470547907,-0.2607884047979834,0.10257878806523006,-1.177851894974348,0.38271364074285674,-0.3041918912684436,1.5587696839822078,0.5763988794695595,0.8085666669970842,0.10749237562073138,0.9841231756854657,0
0.38177641932588297,-1.1099901739376037,1.5251962127575889,-0.1993244741322117,-0.06640278899360229,-1.177851894974348,0.38271364074285674,-1.461440576166749,-0.21028898138303903,0.4617277333253637,1.066572152642809,0.08765034327508442,0.9841231756854657,0
0.21232733076517762,-1.1099901739376037,-0.502969299721533,0.17612349288938553,0.7785050963005594,-1.177851894974348,-0.2507203421941191,0.853056793629862,0.3301634761573873,-0.570312581972397,0.5505611813513597,0.6630692812988462,0.9841231756854657,0
1.2290218621294098,0.9009088760241706,-0.502969299721533,-0.06369954182038041,1.6234129815947211,-1.177851894974348,0.0026532509806712224,0.2744324511807092,1.2096575374964662,-0.11162799739561437,0.03455021005991044,1.1789621222856672,-1.0161329645585022,1
0.21232733076517762,0.9009088760241706,-0.502969299721533,3.3009295136948618,-0.06640278899360229,-1.177851894974348,4.024959042630468,0.853056793629862,1.3103629643673533,-0.2262991435398101,0.03455021005991044,-0.3488743683291487,0.9841231756854657,0
1.2290218621294098,0.9009088760241706,1.5251962127575889,-0.48995158513997034,0.7785050963005594,0.21058638994196582,-0.2507203421941191,1.4316811360790147,-1.1233515183457474,0.23238544103697253,0.29255569570563505,0.4249648931510827,0.9841231756854657,0
-0.12657084635623306,0.9009088760241706,-1.179024470547907,-0.35934862866362605,-0.06640278899360229,0.9048055324001227,0.5410721364771007,0.2744324511807092,-0.005521280078902488,1.035083464046342,0.03455021005991044,-1.6386064707962011,0.9841231756854657,0
-0.12657084635623306,0.9009088760241706,0.17308587110484092,0.9534874505183542,-0.06640278899360229,-1.177851894974348,2.4413740852880284,0.853056793629862,0.790051592201104,0.4617277333253637,0.03455021005991044,0.6035431842619053,-1.0161329645585022,1
0.7206745964472937,-1.1099901739376037,0.8491410419312149,-0.09547380402478244,0.6095235192417271,-1.177851894974348,-1.2008713165995828,-1.461440576166749,-1.0427871768490378,-1.2583394588375707,0.5505611813513597,0.821805540064022,0.9841231756854657,0
0.38177641932588297,0.9009088760241706,1.5251962127575889,-0.14747810096270283,0.10257878806523006,-1.177851894974348,0.5727438356239495,-0.3041918912684436,0.001192415045823164,0.5763988794695595,-0.22345527558581418,-0.4877685947486774,0.9841231756854657,0
0.890123685007999,0.9009088760241706,-1.179024470547907,-0.5710612325961377,0.9474866733593919,0.9048055324001227,-0.5674373336626071,0.2744324511807092,0.8336906105118219,0.003043148748581378,0.03455021005991044,-0.5671367241312653,-1.0161329645585022,1
0.21232733076517762,0.9009088760241706,0.8491410419312149,-0.6027723252931751,0.6095235192417271,0.9048055324001227,-1.2008713165995828,1.4316811360790147,1.2465828606824585,-1.0289971665491795,-0.22345527558581418,0.7027533459901402,0.9841231756854657,0
0.5512255078865883,0.9009088760241706,0.8491410419312149,-0.6005456001585724,0.2715603651240624,0.9048055324001227,-0.7257958293968509,-0.8828162337175963,-1.8752853723150364,-0.2262991435398101,0.29255569570563505,0.9606997664835506,0.9841231756854657,0
0.0428782422044723,0.9009088760241706,-0.502969299721533,0.5536718460308562,0.7785050963005594,-1.177851894974348,-0.7257958293968509,0.853056793629862,-1.0495008719737637,-1.143668312693375,0.29255569570563505,-0.44808453005738347,0.9841231756854657,0
0.21232733076517762,-1.1099901739376037,0.8491410419312149,0.9742228413107895,0.4405419421828948,0.9048055324001227,1.8079401023510524,-0.8828162337175963,-0.11965409719924096,0.1177142948927768,-0.22345527558581418,-0.7853990799333818,-1.0161329645585022,0
-0.12657084635623306,0.9009088760241706,-0.502969299721533,-0.08596679316640767,0.2715603651240624,-1.177851894974348,-1.327558113186978,-0.8828162337175963,-0.21364582894540246,-1.3730106049817663,0.8085666669970842,-1.182239726846321,0.9841231756854657,0
0.38177641932588297,-1.1099901739376037,-1.179024470547907,-0.10967115080497995,0.2715603651240624,-1.177851894974348,-0.34573543963466546,0.2744324511807092,0.7061304031420315,-0.45564143582820127,0.5505611813513597,-0.32903233598350173,0.9841231756854657,0
0.38177641932588297,0.9009088760241706,1.5251962127575889,0.5558354016580943,0.6095235192417271,-1.177851894974348,0.38271364074285674,-1.461440576166749,-0.6936750303632967,-0.45564143582820127,0.03455021005991044,1.3972244780877838,-1.0161329645585022,0
0.890123685007999,-1.1099901739376037,0.8491410419312149,-0.10286463638644254,0.9474866733593919,-1.177851894974348,1.1745061194140765,-0.3041918912684436,1.6997572816014495,1.035083464046342,0.8085666669970842,-1.0036614357354983,0.9841231756854657,0
0.890123685007999,0.9009088760241706,0.8491410419312149,0.12284001342733164,0.4405419421828948,-1.177851894974348,2.4413740852880284,0.2744324511807092,1.676259348664909,1.7231103409115156,-0.22345527558581418,-1.5195542767223194,-1.0161329645585022,1
0.7206745964472937,0.9009088760241706,1.5251962127575889,-0.6613936281275391,0.2715603651240624,0.9048055324001227,-0.7257958293968509,-0.8828162337175963,0.16232109803924238,-0.11162799739561437,0.5505611813513597,-0.9242933063529105,-1.0161329645585022,1
0.21232733076517762,0.9009088760241706,-1.179024470547907,-0.20331994547302368,0.2715603651240624,-1.177851894974348,-0.7257958293968509,-0.3041918912684436,0.001192415045823164,-0.7996548742607882,1.066572152642809,1.317856348705196,0.9841231756854657,0
0.38177641932588297,0.9009088760241706,-0.502969299721533,0.1185918640570612,0.6095235192417271,-1.177851894974348,0.0026532509806712224,-0.3041918912684436,1.0619562447524988,-0.34097028968400567,0.8085666669970842,1.0202258635204915,0.9841231756854657,0
-0.12657084635623306,-1.1099901739376037,0.8491410419312149,1.7170804555418364,-0.5733475201700994,-1.177851894974348,-0.7257958293968509,-1.461440576166749,-1.4993184453303918,-1.2583394588375707,-0.22345527558581418,-2.4124457322764323,0.9841231756854657,0
0.21232733076517762,0.9009088760241706,0.8491410419312149,4.063116997179481,-0.23538436605243465,-1.177851894974348,0.8577891279455886,0.2744324511807092,0.665848232393677,-1.143668312693375,0.03455021005991044,0.2463866020402601,0.9841231756854657,0
0.5512255078865883,-1.1099901739376037,-1.179024470547907,-0.11840433519813816,0.2715603651240624,0.9048055324001227,-0.765385453330412,0.853056793629862,-1.6839450612603513,-0.7996548742607882,0.5505611813513597,-0.46792656240303043,-1.0161329645585022,0
1.2290218621294098,-1.1099901739376037,-0.502969299721533,0.2708461691826277,0.9474866733593919,0.9048055324001227,-0.40116091314165087,-0.8828162337175963,-0.7138161157374736,-0.7996548742607882,1.066572152642809,0.286070666731554,0.9841231756854657,0
-0.12657084635623306,-1.1099901739376037,-0.502969299721533,-0.6004350535206843,0.10257878806523006,0.9048055324001227,-0.5674373336626071,-0.8828162337175963,1.4446368668618692,0.003043148748581378,1.066572152642809,0.6233852166075523,-1.0161329645585022,0
1.2290218621294098,0.9009088760241706,-1.179024470547907,-0.26238343485893995,0.7785050963005594,0.9048055324001227,-1.042512820865339,0.2744324511807092,0.15896425047687956,-1.0289971665491795,0.29255569570563505,-0.9441353386985575,0.9841231756854657,0
0.5512255078865883,-1.1099901739376037,0.8491410419312149,-0.6777229457812923,0.4405419421828948,0.9048055324001227,-1.042512820865339,0.2744324511807092,-0.018948670328354386,-0.6849837281165926,0.5505611813513597,-0.3488743683291487,0.9841231756854657,0
0.5512255078865883,-1.1099901739376037,0.8491410419312149,2.563109667676143,0.10257878806523006,-1.177851894974348,0.8577891279455886,0.853056793629862,0.03811773823181484,-0.9143260204049839,-0.22345527558581418,0.12733440796637835,-1.0161329645585022,0
0.5512255078865883,0.9009088760241706,-1.179024470547907,-0.1239948365999067,0.6095235192417271,0.9048055324001227,-0.13195147039343613,-1.461440576166749,0.561785957960427,-0.2262991435398101,0.29255569570563505,-0.40840046536608954,0.9841231756854657,0
0.21232733076517762,-1.1099901739376037,0.8491410419312149,0.3440912129719004,0.10257878806523006,-1.177851894974348,1.6495816066168083,-0.3041918912684436,0.27645391515958084,0.6910700256137552,0.03455021005991044,0.6432272489531993,0.9841231756854657,0
0.7206745964472937,-1.1099901739376037,-0.502969299721533,-0.22637681566110865,0.6095235192417271,-1.177851894974348,0.5410721364771007,1.4316811360790147,0.5114332445249834,0.6910700256137552,1.066572152642809,0.7622794430270811,-1.0161329645585022,0
0.21232733076517762,0.9009088760241706,0.8491410419312149,0.6530374811153977,-0.06640278899360229,0.21058638994196582,0.06599664927436881,0.853056793629862,-1.371758237960602,-0.6849837281165926,0.5505611813513597,0.32575473142284794,-1.0161329645585022,0
0.0428782422044723,-1.1099901739376037,-1.179024470547907,-0.012090054303488862,0.2715603651240624,-1.177851894974348,2.4413740852880284,-1.461440576166749,1.4647779522360462,2.0671237793441026,0.03455021005991044,-0.07108591549009124,-1.0161329645585022,1
-0.12657084635623306,-1.1099901739376037,-1.179024470547907,0.37295967783753003,-0.06640278899360229,0.9048055324001227,0.22435514500861276,-0.3041918912684436,1.6729025011025462,-0.34097028968400567,-0.22345527558581418,-1.3012919209202027,-1.0161329645585022,1
0.5512255078865883,0.9009088760241706,1.5251962127575889,1.027569490280208,0.2715603651240624,-1.177851894974348,2.91644957249076,-1.461440576166749,-0.707102420612748,0.5763988794695595,0.03455021005991044,1.1789621222856672,-1.0161329645585022,0
0.0428782422044723,0.9009088760241706,1.5251962127575889,-0.10794978172929416,0.4405419421828948,0.9048055324001227,0.06599664927436881,-0.3041918912684436,-1.4993184453303918,0.003043148748581378,0.8085666669970842,0.7027533459901402,-1.0161329645585022,0
-0.12657084635623306,0.9009088760241706,1.5251962127575889,-0.652265634313352,0.10257878806523006,0.9048055324001227,-0.5674373336626071,-1.461440576166749,0.6154955189582334,0.23238544103697253,0.5505611813513597,1.4170665104334308,-1.0161329645585022,1
0.5512255078865883,-1.1099901739376037,0.8491410419312149,3.68199956687191,0.2715603651240624,-1.177851894974348,2.4413740852880284,0.2744324511807092,0.860545391010725,-0.6849837281165926,0.03455021005991044,0.7424374106814341,-1.0161329645585022,0
0.7206745964472937,0.9009088760241706,0.8491410419312149,-0.48541917298655907,0.2715603651240624,0.21058638994196582,-0.4090788379283631,1.4316811360790147,0.561785957960427,0.003043148748581378,-0.22345527558581418,0.8416475724096689,-1.0161329645585022,0
-0.12657084635623306,-1.1099901739376037,-1.179024470547907,-0.2954210872106343,-0.23538436605243465,0.9048055324001227,-0.5040939353689095,0.853056793629862,0.7464125738903866,-0.45564143582820127,-0.22345527558581418,-1.5195542767223194,0.9841231756854657,0
0.890123685007999,0.9009088760241706,1.5251962127575889,0.17026452108131734,0.9474866733593919,0.9048055324001227,-0.9474977234247925,1.4316811360790147,1.4312094766124175,-1.143668312693375,0.8085666669970842,1.3773824457421369,0.9841231756854657,0
0.38177641932588297,0.9009088760241706,0.8491410419312149,1.391931208759315,-0.06640278899360229,-1.177851894974348,0.8577891279455886,1.4316811360790147,0.8269769153870962,-0.570312581972397,0.8085666669970842,-2.273551505856904,0.9841231756854657,0
0.890123685007999,0.9009088760241706,-0.502969299721533,-0.9745090837571011,1.2854498274770565,0.21058638994196582,-1.2008713165995828,1.4316811360790147,1.2700807936189982,-0.34097028968400567,1.066572152642809,0.8614896047553159,0.9841231756854657,0
0.0428782422044723,0.9009088760241706,1.5251962127575889,-0.4914044838093565,0.10257878806523006,0.9048055324001227,-1.248378865319856,0.853056793629862,0.001192415045823164,-1.2583394588375707,0.8085666669970842,0.4249648931510827,0.9841231756854657,0
0.21232733076517762,0.9009088760241706,-0.502969299721533,-0.2587511881854745,-0.23538436605243465,-1.177851894974348,-0.2823920413409679,-0.3041918912684436,-0.21700267650776528,-0.2262991435398101,0.8085666669970842,-1.6386064707962011,0.9841231756854657,0
-0.12657084635623306,0.9009088760241706,-0.502969299721533,-0.1722563402264736,-0.06640278899360229,-1.177851894974348,0.38271364074285674,0.2744324511807092,1.6594751108530943,0.3470565871811683,1.066572152642809,0.5043330225336705,-1.0161329645585022,1
0.890123685007999,0.9009088760241706,-0.502969299721533,0.6672190355187541,0.9474866733593919,-1.177851894974348,-0.7257958293968509,-1.461440576166749,-1.1804179269059165,-1.143668312693375,-0.22345527558581418,0.5043330225336705,0.9841231756854657,0
-0.12657084635623306,0.9009088760241706,-1.179024470547907,-0.43054066346354863,-0.5733475201700994,0.9048055324001227,-0.6782882806765778,0.853056793629862,1.223084927745918,-0.45564143582820127,0.29255569570563505,0.22654456969461315,0.9841231756854657,0
0.38177641932588297,-1.1099901739376037,1.5251962127575889,0.17444950094422318,0.2715603651240624,0.9048055324001227,-0.5674373336626071,-1.461440576166749,0.561785957960427,-0.7996548742607882,-0.22345527558581418,0.12733440796637835,0.9841231756854657,0
0.7206745964472937,-1.1099901739376037,0.8491410419312149,1.0696719669387247,0.7785050963005594,-1.177851894974348,0.06599664927436881,0.2744324511807092,-0.811164695045998,-0.7996548742607882,1.066572152642809,1.0400678958661385,-1.0161329645585022,0
-0.12657084635623306,-1.1099901739376037,-0.502969299721533,0.3075476529614698,-0.23538436605243465,-1.177851894974348,0.06599664927436881,1.4316811360790147,-1.173704231781191,-0.45564143582820127,0.03455021005991044,1.4170665104334308,0.9841231756854657,0
0.0428782422044723,-1.1099901739376037,-0.502969299721533,-0.6205703339931558,0.10257878806523006,0.9048055324001227,-0.2507203421941191,0.853056793629862,1.223084927745918,0.6910700256137552,0.8085666669970842,0.5837011519162584,-1.0161329645585022,1
0.890123685007999,0.9009088760241706,-0.502969299721533,-0.6748961103267258,1.2854498274770565,0.9048055324001227,0.3787546783495006,-0.8828162337175963,-0.34120603631519225,2.0671237793441026,-0.22345527558581418,0.06780831092943747,-1.0161329645585022,1
1.0595727735687044,0.9009088760241706,0.8491410419312149,1.5725486226915943,0.9474866733593919,0.9048055324001227,0.38271364074285674,0.2744324511807092,-1.0427871768490378,-0.7996548742607882,0.5505611813513597,-1.4600281796853785,-1.0161329645585022,1
-0.12657084635623306,0.9009088760241706,-0.502969299721533,0.7260772240057354,-0.404365943111267,-1.177851894974348,0.06599664927436881,0.2744324511807092,-0.11965409719924096,-0.6849837281165926,0.29255569570563505,1.1194360252487263,-1.0161329645585022,0
-0.12657084635623306,-1.1099901739376037,1.5251962127575889,-0.49118339053358034,-0.06640278899360229,0.21058638994196582,-0.2507203421941191,-0.3041918912684436,0.5114332445249834,0.23238544103697253,-0.22345527558581418,0.12733440796637835,0.9841231756854657,0
0.0428782422044723,-1.1099901739376037,1.5251962127575889,-0.2955790109790458,-0.404365943111267,0.9048055324001227,-1.2008713165995828,-0.8828162337175963,1.9750187817152072,-1.2583394588375707,-0.22345527558581418,0.7424374106814341,-1.0161329645585022,1
0.0428782422044723,0.9009088760241706,-0.502969299721533,-0.4894146443273711,0.2715603651240624,0.9048055324001227,0.38271364074285674,-1.461440576166749,0.03476089066945202,1.2644257563347332,0.29255569570563505,-0.26950623894656084,-1.0161329645585022,0
-0.12657084635623306,0.9009088760241706,-1.179024470547907,-0.7670920063253833,-0.06640278899360229,0.9048055324001227,-1.1137741439457487,0.2744324511807092,1.0955247203761276,-0.6849837281165926,0.8085666669970842,0.8813316371009629,0.9841231756854657,0
0.7206745964472937,0.9009088760241706,-0.502969299721533,0.27056190639948696,0.4405419421828948,0.9048055324001227,-0.5040939353689095,0.853056793629862,-0.005521280078902488,-0.7996548742607882,0.5505611813513597,1.0400678958661385,-1.0161329645585022,0
0.38177641932588297,-1.1099901739376037,0.8491410419312149,-0.4528394995632582,0.10257878806523006,0.9048055324001227,-1.2246250909597194,0.2744324511807092,0.3301634761573873,-1.143668312693375,0.03455021005991044,0.46464895784237664,0.9841231756854657,0
0.21232733076517762,0.9009088760241706,-0.502969299721533,-0.33646547462079374,0.2715603651240624,0.9048055324001227,-0.5634783712692509,-0.8828162337175963,-0.11965409719924096,-0.45564143582820127,0.03455021005991044,1.714696995618135,-1.0161329645585022,0
0.21232733076517762,-1.1099901739376037,1.5251962127575889,-0.015374868686448911,0.10257878806523006,0.9048055324001227,0.38271364074285674,0.853056793629862,1.8407448792206904,0.1177142948927768,0.29255569570563505,1.4170665104334308,-1.0161329645585022,0
0.0428782422044723,0.9009088760241706,-0.502969299721533,0.08436978344228029,-0.06640278899360229,-1.177851894974348,-0.7257958293968509,0.2744324511807092,-1.3482603050240614,-0.9143260204049839,0.8085666669970842,0.9606997664835506,0.9841231756854657,0
0.21232733076517762,0.9009088760241706,-0.502969299721533,-0.43159875271190595,-0.06640278899360229,0.9048055324001227,-0.5674373336626071,1.4316811360790147,1.6628319584154578,-0.34097028968400567,0.8085666669970842,1.317856348705196,-1.0161329645585022,1
0.21232733076517762,-1.1099901739376037,1.5251962127575889,-0.1098606593270738,0.10257878806523006,-1.177851894974348,-1.2800505644667048,0.2744324511807092,-1.6705176710108995,-1.3730106049817663,-0.22345527558581418,0.7424374106814341,-1.0161329645585022,0
0.5512255078865883,-1.1099901739376037,-1.179024470547907,-0.7887275625977644,0.2715603651240624,0.21058638994196582,-0.5357656345157582,1.4316811360790147,0.04483143335654109,0.8057411717579506,1.066572152642809,0.3455967637684949,0.9841231756854657,0
-0.12657084635623306,0.9009088760241706,-0.502969299721533,0.6265536651527823,-0.06640278899360229,-1.177851894974348,-0.09236184645987515,0.2744324511807092,-1.2979075915886182,-0.6849837281165926,-0.22345527558581418,-0.8250831446246757,0.9841231756854657,0
-0.12657084635623306,0.9009088760241706,-0.502969299721533,2.6821526043047625,-0.5733475201700994,-1.177851894974348,1.9662985980852963,0.853056793629862,-0.12972463988633004,-0.570312581972397,0.29255569570563505,1.1392780575943733,-1.0161329645585022,0
-0.12657084635623306,-1.1099901739376037,0.8491410419312149,0.2329444647638579,-0.06640278899360229,0.9048055324001227,-0.2507203421941191,-0.8828162337175963,-0.811164695045998,-0.6849837281165926,0.5505611813513597,-1.3608180179571436,0.9841231756854657,0
0.5512255078865883,0.9009088760241706,-0.502969299721533,-0.016464542688488543,0.10257878806523006,-1.177851894974348,0.06599664927436881,-1.461440576166749,0.8739727812601764,-0.11162799739561437,0.03455021005991044,-1.5989224061049072,0.9841231756854657,0
0.890123685007999,0.9009088760241706,-0.502969299721533,0.10030429167500476,-0.06640278899360229,-1.177851894974348,-0.6782882806765778,-1.461440576166749,0.16232109803924238,-0.9143260204049839,0.8085666669970842,0.821805540064022,0.9841231756854657,0
0.21232733076517762,0.9009088760241706,0.8491410419312149,0.6327442768745147,0.10257878806523006,-1.177851894974348,-0.5674373336626071,0.853056793629862,-0.25392799969375696,-1.0289971665491795,0.03455021005991044,0.4448069254967297,0.9841231756854657,0
-0.12657084635623306,0.9009088760241706,1.5251962127575889,3.0197304516612724,-0.404365943111267,-1.177851894974348,0.6994306322113446,-1.461440576166749,0.001192415045823164,-1.0289971665491795,0.03455021005991044,1.5361187045073124,0.9841231756854657,0
0.38177641932588297,0.9009088760241706,-0.502969299721533,-0.7700451807946792,0.2715603651240624,0.9048055324001227,-0.963333572998217,0.853056793629862,0.03476089066945202,-0.34097028968400567,0.03455021005991044,-1.4401861473397315,0.9841231756854657,0
0.38177641932588297,-1.1099901739376037,-0.502969299721533,-0.17959979545761023,0.6095235192417271,0.9048055324001227,-0.4090788379283631,-1.461440576166749,0.16232109803924238,-0.45564143582820127,1.066572152642809,0.6233852166075523,-1.0161329645585022,1
0.21232733076517762,-1.1099901739376037,-1.179024470547907,0.0465312485308751,0.4405419421828948,-1.177851894974348,-1.2008713165995828,1.4316811360790147,-1.2005590122800942,-1.3730106049817663,0.29255569570563505,-0.11076998018138517,0.9841231756854657,0
0.890123685007999,-1.1099901739376037,-1.179024470547907,1.4047704111311734,0.6095235192417271,-1.177851894974348,0.5410721364771007,-0.3041918912684436,-1.173704231781191,-0.6849837281165926,0.8085666669970842,0.10749237562073138,-1.0161329645585022,0
0.890123685007999,0.9009088760241706,0.8491410419312149,0.4597387885796717,1.2854498274770565,-1.177851894974348,-0.8524826259842462,-0.8828162337175963,-0.6936750303632967,-1.143668312693375,0.03455021005991044,-2.8886545085719595,0.9841231756854657,0
0.38177641932588297,-1.1099901739376037,1.5251962127575889,-0.10565988708732682,0.4405419421828948,0.9048055324001227,-0.7257958293968509,0.2744324511807092,0.001192415045823164,-0.7996548742607882,0.5505611813513597,1.4170665104334308,0.9841231756854657,0
0.21232733076517762,0.9009088760241706,0.8491410419312149,0.6236004906834866,-0.23538436605243465,0.9048055324001227,-0.2507203421941191,0.853056793629862,0.665848232393677,-0.7996548742607882,0.5505611813513597,-0.11076998018138517,0.9841231756854657,0
-0.12657084635623306,-1.1099901739376037,1.5251962127575889,-0.2940471504254539,-0.23538436605243465,-1.177851894974348,0.8577891279455886,-0.3041918912684436,-0.37813135950118393,1.1497546101905376,-0.22345527558581418,1.1392780575943733,-1.0161329645585022,0
1.2290218621294098,0.9009088760241706,-1.179024470547907,0.36332632796442604,0.7785050963005594,0.9048055324001227,-0.9474977234247925,1.4316811360790147,-1.173704231781191,-1.2583394588375707,0.29255569570563505,0.0479662785837905,0.9841231756854657,0
1.2290218621294098,-1.1099901739376037,1.5251962127575889,-0.9647493948692679,1.2854498274770565,0.21058638994196582,-0.9316618738513681,0.2744324511807092,-0.5661148229935064,0.6910700256137552,-0.22345527558581418,1.8535912220376638,-1.0161329645585022,1
1.0595727735687044,0.9009088760241706,-1.179024470547907,-0.6926309495193418,0.9474866733593919,0.9048055324001227,-0.7257958293968509,-1.461440576166749,-0.21700267650776528,0.003043148748581378,1.066572152642809,0.46464895784237664,-1.0161329645585022,0
0.890123685007999,-1.1099901739376037,1.5251962127575889,0.01444113878965,0.7785050963005594,-1.177851894974348,-0.06069014731302636,-0.8828162337175963,0.001192415045823164,-0.34097028968400567,0.03455021005991044,-0.8250831446246757,-1.0161329645585022,0
0.0428782422044723,-1.1099901739376037,1.5251962127575889,-0.45277633005589357,0.2715603651240624,0.9048055324001227,0.0026532509806712224,-0.8828162337175963,1.2096575374964662,0.5763988794695595,0.8085666669970842,1.9726434161115456,-1.0161329645585022,0
0.5512255078865883,0.9009088760241706,-1.179024470547907,-0.015169567787513908,0.7785050963005594,0.9048055324001227,0.06599664927436881,1.4316811360790147,-1.1233515183457474,-0.11162799739561437,0.8085666669970842,-0.8052411122790287,0.9841231756854657,0
-0.12657084635623306,0.9009088760241706,-0.502969299721533,-0.34802549446851855,-0.7423290972289317,-1.177851894974348,0.8577891279455886,-0.8828162337175963,0.9343960373827085,1.379096902478929,0.03455021005991044,-1.5393963090679663,0.9841231756854657,0
0.21232733076517762,-1.1099901739376037,0.8491410419312149,-0.40963155652586064,-0.23538436605243465,0.9048055324001227,-0.6624524311031534,1.4316811360790147,1.676259348664909,-0.45564143582820127,0.8085666669970842,-1.0036614357354983,-1.0161329645585022,1
-0.12657084635623306,-1.1099901739376037,-0.502969299721533,0.33355769761885057,0.2715603651240624,0.9048055324001227,1.6495816066168083,0.2744324511807092,1.676259348664909,0.6910700256137552,-0.22345527558581418,-0.9838194033898514,-1.0161329645585022,1
1.0595727735687044,-1.1099901739376037,-0.502969299721533,-0.2876828225584688,1.1164682504182242,0.9048055324001227,-0.6624524311031534,1.4316811360790147,0.7229146409538463,-0.570312581972397,0.03455021005991044,0.9805417988291976,-1.0161329645585022,0
1.2290218621294098,-1.1099901739376037,0.8491410419312149,-0.5374866394318442,1.1164682504182242,0.9048055324001227,-0.2507203421941191,0.2744324511807092,-0.005521280078902488,0.3470565871811683,0.29255569570563505,-0.40840046536608954,0.9841231756854657,0
1.2290218621294098,0.9009088760241706,0.8491410419312149,-0.011174096446701925,1.2854498274770565,-1.177851894974348,-0.4882580857954851,-1.461440576166749,-1.8752853723150364,-0.6849837281165926,0.29255569570563505,0.305912699077201,-1.0161329645585022,0
0.5512255078865883,0.9009088760241706,-0.502969299721533,-0.42911934954784475,0.4405419421828948,0.9048055324001227,0.06599664927436881,-0.8828162337175963,-0.08944246913797492,0.5763988794695595,-0.22345527558581418,-1.0235034680811452,0.9841231756854657,0
0.7206745964472937,0.9009088760241706,-0.502969299721533,1.0294329907474642,0.4405419421828948,0.9048055324001227,0.38271364074285674,-0.8828162337175963,-1.173704231781191,-0.6849837281165926,0.8085666669970842,-1.4401861473397315,-1.0161329645585022,0
0.0428782422044723,0.9009088760241706,0.8491410419312149,0.2178469525037146,0.10257878806523006,0.9048055324001227,0.06599664927436881,-0.3041918912684436,-0.6063969937418614,-0.34097028968400567,0.5505611813513597,-0.09092794783573821,0.9841231756854657,0
0.38177641932588297,0.9009088760241706,-0.502969299721533,0.09968838897819975,0.6095235192417271,0.9048055324001227,0.38271364074285674,0.853056793629862,-0.707102420612748,0.003043148748581378,0.8085666669970842,1.4369085427790778,0.9841231756854657,0
0.21232733076517762,0.9009088760241706,-1.179024470547907,0.13725845348330531,-0.06640278899360229,0.9048055324001227,-1.121692068732461,-1.461440576166749,1.1223795008750308,-1.2583394588375707,0.5505611813513597,0.08765034327508442,-1.0161329645585022,0
0.5512255078865883,-1.1099901739376037,0.17308587110484092,1.938300070332723,0.6095235192417271,-1.177851894974348,0.9369683758127106,-0.8828162337175963,-0.5896127559300467,-0.6849837281165926,0.8085666669970842,0.6432272489531993,-1.0161329645585022,0
0.890123685007999,0.9009088760241706,-0.502969299721533,-0.24618045621991586,0.7785050963005594,0.9048055324001227,1.6495816066168083,-0.8828162337175963,0.6826324702054911,1.952452633199907,0.8085666669970842,0.46464895784237664,-1.0161329645585022,1
0.7206745964472937,0.9009088760241706,1.5251962127575889,0.6699511167122737,0.7785050963005594,0.9048055324001227,1.6495816066168083,0.2744324511807092,-0.0860856215756121,0.23238544103697253,0.5505611813513597,-0.11076998018138517,0.9841231756854657,0
0.21232733076517762,-1.1099901739376037,0.8491410419312149,-1.0166747299229826,0.4405419421828948,0.9048055324001227,-0.804975077263973,-0.8828162337175963,1.357358830240434,1.7231103409115156,0.8085666669970842,-0.26950623894656084,-1.0161329645585022,1
0.5512255078865883,-1.1099901739376037,-0.502969299721533,-0.29155195488455155,0.6095235192417271,0.9048055324001227,-0.5674373336626071,0.853056793629862,1.5486991412951188,-0.45564143582820127,0.03455021005991044,-1.9163949236352584,0.9841231756854657,0
-0.12657084635623306,0.9009088760241706,1.5251962127575889,0.8377451206495359,0.2715603651240624,-1.177851894974348,-1.121692068732461,-0.3041918912684436,-0.9857207682888686,-1.3730106049817663,1.066572152642809,0.286070666731554,-1.0161329645585022,0
0.0428782422044723,0.9009088760241706,-1.179024470547907,-0.7877958123641363,-0.5733475201700994,0.9048055324001227,0.06599664927436881,-1.461440576166749,0.6255660616453219,2.1817949254882985,0.5505611813513597,1.1591200899400202,-1.0161329645585022,1
0.38177641932588297,0.9009088760241706,0.8491410419312149,1.6328439174711207,0.10257878806523006,-1.177851894974348,1.2576443296745545,-0.8828162337175963,0.5752133482098789,-0.45564143582820127,0.29255569570563505,-1.2616078562289088,-1.0161329645585022,0
1.0595727735687044,-1.1099901739376037,1.5251962127575889,-0.03993201467444352,0.2715603651240624,0.9048055324001227,-0.963333572998217,0.2744324511807092,-0.33784918875282943,-1.0289971665491795,0.03455021005991044,1.9131173190746047,-1.0161329645585022,0
-0.12657084635623306,0.9009088760241706,-1.179024470547907,0.022274157702862427,0.2715603651240624,0.9048055324001227,0.38271364074285674,-1.461440576166749,0.7464125738903866,0.1177142948927768,0.8085666669970842,-3.3053371878305455,0.9841231756854657,0
0.890123685007999,-1.1099901739376037,-0.502969299721533,-0.836752180571714,1.4544314045358888,0.9048055324001227,-0.4882580857954851,-1.461440576166749,0.001192415045823164,1.1497546101905376,-0.22345527558581418,0.8813316371009629,0.9841231756854657,0
-0.12657084635623306,-1.1099901739376037,-0.502969299721533,-0.31173461248754647,0.2715603651240624,-1.177851894974348,-1.121692068732461,-0.3041918912684436,-1.8752853723150364,-1.143668312693375,1.066572152642809,0.6829113136444932,0.9841231756854657,0
0.21232733076517762,-1.1099901739376037,1.5251962127575889,0.2755996746118151,0.2715603651240624,-1.177851894974348,-0.2507203421941191,0.2744324511807092,-1.2979075915886182,-0.6849837281165926,0.29255569570563505,-0.7060309505507939,0.9841231756854657,0
0.38177641932588297,0.9009088760241706,1.5251962127575889,0.676125936057165,0.2715603651240624,0.9048055324001227,1.3328646151483206,-0.3041918912684436,0.3939435798422821,0.1177142948927768,1.066572152642809,1.1789621222856672,0.9841231756854657,0
-0.12657084635623306,-1.1099901739376037,-0.502969299721533,-0.25794577696657567,-0.23538436605243465,0.21058638994196582,0.0026532509806712224,-0.8828162337175963,1.0351014642535956,0.1177142948927768,1.066572152642809,0.5638591195706114,0.9841231756854657,0
0.0428782422044723,0.9009088760241706,-1.179024470547907,-0.6565295760604636,-0.23538436605243465,0.21058638994196582,-1.359229812333827,0.853056793629862,-1.2106295549671826,-1.2583394588375707,0.29255569570563505,-0.17029607721832604,0.9841231756854657,0
0.7206745964472937,0.9009088760241706,-0.502969299721533,-0.31711981299038,0.7785050963005594,0.9048055324001227,-0.5199297849423339,1.4316811360790147,-0.3680608168140954,-0.34097028968400567,0.03455021005991044,-1.3211339532658497,0.9841231756854657,0
0.0428782422044723,0.9009088760241706,1.5251962127575889,-0.031135660773920687,-0.06640278899360229,-1.177851894974348,-0.7257958293968509,0.2744324511807092,0.7464125738903866,-0.9143260204049839,0.03455021005991044,1.4369085427790778,0.9841231756854657,0
0.21232733076517762,0.9009088760241706,-1.179024470547907,-0.049644326431753275,-0.23538436605243465,0.9048055324001227,0.06599664927436881,0.853056793629862,1.451350561986595,-0.11162799739561437,0.29255569570563505,0.06780831092943747,0.9841231756854657,0
0.5512255078865883,0.9009088760241706,-1.179024470547907,-0.034325720895833814,0.6095235192417271,0.9048055324001227,-0.2507203421941191,0.853056793629862,1.0787404825643134,-0.45564143582820127,-0.22345527558581418,-2.0156050853634935,0.9841231756854657,0
-0.12657084635623306,-1.1099901739376037,-0.502969299721533,-0.6639362007989649,-0.404365943111267,0.9048055324001227,-0.8841543251310949,0.853056793629862,-0.08944246913797492,-0.34097028968400567,1.066572152642809,0.6233852166075523,-1.0161329645585022,0
-0.12657084635623306,-1.1099901739376037,1.5251962127575889,0.3436648187971892,-0.23538436605243465,0.9048055324001227,-0.3774071387815143,1.4316811360790147,0.001192415045823164,-0.7996548742607882,1.066572152642809,-0.9838194033898514,0.9841231756854657,0
1.2290218621294098,-1.1099901739376037,-1.179024470547907,-0.6613620433738567,1.6234129815947211,-1.177851894974348,-0.5674373336626071,-0.3041918912684436,-1.1804179269059165,0.23238544103697253,0.03455021005991044,1.5162766721616654,0.9841231756854657,0
-0.12657084635623306,-1.1099901739376037,0.8491410419312149,-0.39424978148257656,-0.404365943111267,0.21058638994196582,0.38271364074285674,0.853056793629862,-1.6705176710108995,0.9204123179021463,-0.22345527558581418,-1.2814498885745558,0.9841231756854657,0
1.2290218621294098,-1.1099901739376037,0.8491410419312149,0.5298885265080782,1.2854498274770565,-1.177851894974348,0.8577891279455886,-1.461440576166749,-0.37813135950118393,-0.11162799739561437,0.8085666669970842,-0.9044512740072636,0.9841231756854657,0
-0.12657084635623306,-1.1099901739376037,-1.179024470547907,-0.29963765182722246,0.10257878806523006,-1.177851894974348,0.38271364074285674,1.4316811360790147,-1.4724636648314886,0.6910700256137552,0.5505611813513597,0.7225953783357871,0.9841231756854657,0
0.38177641932588297,-1.1099901739376037,1.5251962127575889,0.8359921668201677,0.4405419421828948,-1.177851894974348,-0.7257958293968509,-0.3041918912684436,0.001192415045823164,-1.143668312693375,0.29255569570563505,1.5361187045073124,0.9841231756854657,0
0.890123685007999,0.9009088760241706,-0.502969299721533,-0.5170197190457084,0.9474866733593919,-1.177851894974348,0.06599664927436881,-0.8828162337175963,-0.3680608168140954,0.8057411717579506,0.5505611813513597,-0.17029607721832604,0.9841231756854657,0
0.21232733076517762,0.9009088760241706,-0.502969299721533,-0.678402017985462,0.4405419421828948,-1.177851894974348,-0.8841543251310949,0.2744324511807092,0.001192415045823164,-0.34097028968400567,0.29255569570563505,-1.5989224061049072,-1.0161329645585022,0
0.0428782422044723,-1.1099901739376037,-1.179024470547907,1.4076762084699457,-0.23538436605243465,0.9048055324001227,0.38271364074285674,-0.8828162337175963,-0.3680608168140954,-0.7996548742607882,1.066572152642809,-0.24966420660091387,0.9841231756854657,0
0.5512255078865883,-1.1099901739376037,0.8491410419312149,3.963088082267612,0.9474866733593919,-1.177851894974348,2.4413740852880284,1.4316811360790147,0.954537122756886,-0.6849837281165926,0.29255569570563505,-0.32903233598350173,0.9841231756854657,0
1.0595727735687044,0.9009088760241706,-0.502969299721533,-0.7163984766652788,1.1164682504182242,0.21058638994196582,-1.042512820865339,-0.3041918912684436,-0.34120603631519225,-0.570312581972397,-0.22345527558581418,1.258330251668255,0.9841231756854657,0
0.0428782422044723,0.9009088760241706,-0.502969299721533,-0.7677552861527118,-0.06640278899360229,0.9048055324001227,0.30353439287573475,0.853056793629862,1.159304824061023,2.640479510065081,1.066572152642809,1.0797519605574324,-1.0161329645585022,1
0.7206745964472937,-1.1099901739376037,-0.502969299721533,-0.12318942538100784,0.9474866733593919,0.9048055324001227,-0.5674373336626071,0.2744324511807092,0.7430557263280237,-0.6849837281165926,0.03455021005991044,-2.114815247091728,0.9841231756854657,0
0.21232733076517762,0.9009088760241706,-1.179024470547907,-0.6374839695900317,-0.06640278899360229,0.9048055324001227,-0.09236184645987515,0.853056793629862,1.934736610966852,1.035083464046342,0.5505611813513597,-0.2893482712922078,0.9841231756854657,0
-0.12657084635623306,0.9009088760241706,-1.179024470547907,-0.30265399580388286,-0.5733475201700994,0.9048055324001227,-0.18737694390042153,1.4316811360790147,0.001192415045823164,0.003043148748581378,-0.22345527558581418,0.18686050500331922,-1.0161329645585022,1
-0.12657084635623306,-1.1099901739376037,-0.502969299721533,0.50117798541086,-0.911310674287764,-1.177851894974348,1.2536853672811985,-0.3041918912684436,2.3241309282009484,0.23238544103697253,-0.22345527558581418,-0.7853990799333818,-1.0161329645585022,0
1.2290218621294098,0.9009088760241706,0.8491410419312149,1.7879250580512538,1.9613761357123858,0.21058638994196582,2.2830155895537843,1.4316811360790147,0.27645391515958084,-0.2262991435398101,0.8085666669970842,-0.190138109563973,0.9841231756854657,0
-0.12657084635623306,0.9009088760241706,0.8491410419312149,0.607144834015004,-0.06640278899360229,-1.177851894974348,1.1745061194140765,1.4316811360790147,-0.7138161157374736,0.003043148748581378,0.8085666669970842,0.20670253734896618,0.9841231756854657,0
0.38177641932588297,0.9009088760241706,1.5251962127575889,-0.6397422794783169,0.10257878806523006,0.21058638994196582,-0.646616581529729,1.4316811360790147,-1.0092187012254088,0.003043148748581378,0.5505611813513597,-0.32903233598350173,0.9841231756854657,0
0.38177641932588297,0.9009088760241706,0.8491410419312149,-0.48969890711051184,0.2715603651240624,0.9048055324001227,-1.042512820865339,0.2744324511807092,-1.2979075915886182,-0.9143260204049839,-0.22345527558581418,-1.8370267942526706,0.9841231756854657,0
0.7206745964472937,-1.1099901739376037,1.5251962127575889,0.3681587952778192,0.7785050963005594,-1.177851894974348,-0.3298995900612411,-0.8828162337175963,-0.07601507888852362,-0.7996548742607882,1.066572152642809,-0.40840046536608954,0.9841231756854657,0
0.21232733076517762,0.9009088760241706,0.8491410419312149,0.17601294625149744,0.10257878806523006,0.9048055324001227,-0.4882580857954851,-0.3041918912684436,-0.08944246913797492,-0.7996548742607882,-0.22345527558581418,-0.6266628211682062,0.9841231756854657,0
0.21232733076517762,-1.1099901739376037,-1.179024470547907,-0.205815141013926,0.7785050963005594,-1.177851894974348,0.38271364074285674,-1.461440576166749,-1.1804179269059165,0.4617277333253637,0.5505611813513597,-0.11076998018138517,-1.0161329645585022,0
0.0428782422044723,-1.1099901739376037,0.8491410419312149,0.11090097653541915,-0.404365943111267,0.9048055324001227,-0.7257958293968509,0.2744324511807092,0.03811773823181484,-0.9143260204049839,0.5505611813513597,-0.9044512740072636,-1.0161329645585022,1
1.2290218621294098,-1.1099901739376037,-1.179024470547907,0.32452445806571045,1.4544314045358888,0.9048055324001227,0.22435514500861276,-0.8828162337175963,0.001192415045823164,-0.34097028968400567,0.8085666669970842,0.9011736694466097,-1.0161329645585022,0
0.21232733076517762,0.9009088760241706,-0.502969299721533,-0.08505083530962074,0.4405419421828948,0.9048055324001227,0.8577891279455886,1.4316811360790147,1.327147202179168,0.6910700256137552,1.066572152642809,1.0797519605574324,-1.0161329645585022,1
-0.12657084635623306,0.9009088760241706,1.5251962127575889,2.3584562561916274,0.2715603651240624,0.9048055324001227,1.9662985980852963,1.4316811360790147,-1.3751150855229646,-0.45564143582820127,0.5505611813513597,0.0479662785837905,0.9841231756854657,0
-0.12657084635623306,-1.1099901739376037,1.5251962127575889,0.6875280321364783,-0.06640278899360229,-1.177851894974348,0.8577891279455886,1.4316811360790147,0.6154955189582334,-0.2262991435398101,0.5505611813513597,-0.8647672093159696,0.9841231756854657,0
1.0595727735687044,-1.1099901739376037,0.8491410419312149,0.3499186000262862,0.10257878806523006,0.9048055324001227,-0.09236184645987515,-0.8828162337175963,-1.7510820125076092,-0.570312581972397,1.066572152642809,-1.678290535487495,-1.0161329645585022,0
0.890123685007999,-1.1099901739376037,1.5251962127575889,-0.8884406299728114,0.6095235192417271,0.21058638994196582,-0.963333572998217,0.2744324511807092,0.7229146409538463,0.1177142948927768,-0.22345527558581418,0.008282213892496587,-1.0161329645585022,1
0.0428782422044723,0.9009088760241706,-0.502969299721533,0.31200110323067526,-0.404365943111267,-1.177851894974348,0.22435514500861276,-1.461440576166749,-1.1804179269059165,-0.34097028968400567,0.29255569570563505,0.14717644031202531,0.9841231756854657,0
0.21232733076517762,-1.1099901739376037,-0.502969299721533,-0.9069650880074851,0.6095235192417271,0.9048055324001227,-1.042512820865339,1.4316811360790147,0.5651428055227898,-0.11162799739561437,-0.22345527558581418,-0.9242933063529105,-1.0161329645585022,1
0.38177641932588297,-1.1099901739376037,1.5251962127575889,1.223837149662071,0.2715603651240624,-1.177851894974348,2.4413740852880284,-1.461440576166749,1.451350561986595,0.23238544103697253,0.03455021005991044,-1.8568688265983175,-1.0161329645585022,1
0.38177641932588297,0.9009088760241706,-0.502969299721533,0.7435751775457341,-0.06640278899360229,0.9048055324001227,2.3226052134873454,-0.3041918912684436,1.5587696839822078,0.5763988794695595,0.29255569570563505,-0.11076998018138517,0.9841231756854657,0
0.0428782422044723,-1.1099901739376037,-0.502969299721533,-0.20276721228358327,-0.23538436605243465,0.9048055324001227,-0.7257958293968509,1.4316811360790147,0.5114332445249834,-0.7996548742607882,-0.22345527558581418,0.20670253734896618,0.9841231756854657,0
0.21232733076517762,0.9009088760241706,1.5251962127575889,-0.8858190954171797,-0.06640278899360229,0.9048055324001227,-0.8841543251310949,-1.461440576166749,-0.21364582894540246,0.3470565871811683,0.03455021005991044,0.22654456969461315,-1.0161329645585022,1
0.0428782422044723,0.9009088760241706,-1.179024470547907,-0.012374317086629635,-0.06640278899360229,-1.177851894974348,2.4413740852880284,-1.461440576166749,2.5557534100039887,2.0671237793441026,0.8085666669970842,-1.5393963090679663,-1.0161329645585022,1
1.2290218621294098,0.9009088760241706,-0.502969299721533,-0.8369890662243313,0.4405419421828948,0.9048055324001227,-1.121692068732461,0.853056793629862,1.1223795008750308,-0.570312581972397,-0.22345527558581418,-0.190138109563973,0.9841231756854657,0
0.7206745964472937,0.9009088760241706,1.5251962127575889,-0.011395189722478083,0.6095235192417271,-1.177851894974348,-0.6307807319563046,0.853056793629862,0.19253272610050842,-0.7996548742607882,-0.22345527558581418,-0.20998014190961997,0.9841231756854657,0
1.2290218621294098,-1.1099901739376037,0.8491410419312149,0.6700932481038442,1.2854498274770565,-1.177851894974348,-0.804975077263973,0.853056793629862,-0.5661148229935064,-1.143668312693375,0.5505611813513597,0.7225953783357871,0.9841231756854657,0
0.5512255078865883,-1.1099901739376037,1.5251962127575889,-0.20295672080567714,0.4405419421828948,-1.177851894974348,-0.2507203421941191,-0.3041918912684436,-1.1804179269059165,-0.2262991435398101,0.8085666669970842,0.9606997664835506,-1.0161329645585022,0
0.5512255078865883,0.9009088760241706,-1.179024470547907,-1.0443903512792079,0.4405419421828948,0.9048055324001227,-1.2008713165995828,0.2744324511807092,1.2465828606824585,0.1177142948927768,0.03455021005991044,0.8813316371009629,-1.0161329645585022,1
-0.12657084635623306,0.9009088760241706,-0.502969299721533,-0.3400661365405769,-0.404365943111267,0.9048055324001227,-1.0741845200121878,1.4316811360790147,-1.1804179269059165,-1.0289971665491795,1.066572152642809,0.7622794430270811,0.9841231756854657,0
-0.12657084635623306,0.9009088760241706,-0.502969299721533,-0.39772410438763045,0.6095235192417271,0.21058638994196582,0.19664240825512008,1.4316811360790147,-0.005521280078902488,0.6910700256137552,0.03455021005991044,-2.154499311783022,0.9841231756854657,0
0.38177641932588297,0.9009088760241706,1.5251962127575889,0.09329247635753235,0.10257878806523006,0.9048055324001227,-0.2507203421941191,1.4316811360790147,0.03811773823181484,-0.570312581972397,0.5505611813513597,1.3972244780877838,0.9841231756854657,0
-0.12657084635623306,0.9009088760241706,-0.502969299721533,0.7593991391405704,-0.06640278899360229,-1.177851894974348,-0.8841543251310949,-0.8828162337175963,0.23617174441122635,-1.2583394588375707,0.5505611813513597,0.14717644031202531,0.9841231756854657,0
1.0595727735687044,0.9009088760241706,-0.502969299721533,1.2180255549845262,1.1164682504182242,-1.177851894974348,-0.7257958293968509,0.853056793629862,2.1999275683935204,-1.2583394588375707,0.5505611813513597,1.3972244780877838,-1.0161329645585022,0
0.5512255078865883,-1.1099901739376037,-0.502969299721533,0.1300413372668979,0.7785050963005594,-1.177851894974348,-0.11215665842665565,1.4316811360790147,0.3301634761573873,-0.45564143582820127,0.5505611813513597,0.5440170872249644,0.9841231756854657,0
0.38177641932588297,0.9009088760241706,-0.502969299721533,1.1210129840493168,0.6095235192417271,-1.177851894974348,-0.607026957596168,1.4316811360790147,-1.2005590122800942,-1.143668312693375,1.066572152642809,0.5638591195706114,0.9841231756854657,0
1.2290218621294098,0.9009088760241706,-0.502969299721533,1.8826319419676547,0.7785050963005594,-1.177851894974348,-0.2507203421941191,1.4316811360790147,0.16232109803924238,-1.143668312693375,0.5505611813513597,0.5440170872249644,0.9841231756854657,0
0.890123685007999,-1.1099901739376037,1.5251962127575889,1.1209024374114287,0.7785050963005594,0.9048055324001227,0.38271364074285674,-0.8828162337175963,1.5688402266692962,-0.6849837281165926,0.5505611813513597,-0.5869787564769122,0.9841231756854657,0
-0.12657084635623306,0.9009088760241706,0.8491410419312149,0.7043311210954663,-0.06640278899360229,-1.177851894974348,-0.12403354560672394,0.853056793629862,-1.2475548781531747,-0.7996548742607882,0.5505611813513597,0.40512286080543575,0.9841231756854657,0
0.7206745964472937,-1.1099901739376037,1.5251962127575889,-0.7665550655127841,0.10257878806523006,0.9048055324001227,-0.7257958293968509,0.853056793629862,-1.039430329286675,0.23238544103697253,0.5505611813513597,1.35754041339649,-1.0161329645585022,0
0.0428782422044723,0.9009088760241706,-1.179024470547907,-0.4278401670237113,0.10257878806523006,-1.177851894974348,-0.8841543251310949,0.853056793629862,0.5651428055227898,-0.6849837281165926,-0.22345527558581418,-0.3488743683291487,-1.0161329645585022,0
-0.12657084635623306,0.9009088760241706,-1.179024470547907,-0.6857296808397575,0.10257878806523006,0.9048055324001227,-0.7297547917902071,0.853056793629862,-0.21364582894540246,0.003043148748581378,0.8085666669970842,-1.3806600503027906,-1.0161329645585022,0
0.5512255078865883,-1.1099901739376037,0.8491410419312149,0.005944840049109103,0.6095235192417271,0.9048055324001227,-1.1137741439457487,-0.8828162337175963,0.11868207972852446,-1.2583394588375707,0.8085666669970842,-0.15045404487267908,0.9841231756854657,0
0.0428782422044723,0.9009088760241706,0.8491410419312149,3.020693786648583,0.4405419421828948,-1.177851894974348,-0.09236184645987515,-0.8828162337175963,1.995159867089384,-1.2583394588375707,0.5505611813513597,-1.7775006972157297,-1.0161329645585022,1
1.2290218621294098,0.9009088760241706,-1.179024470547907,0.36582152350532837,1.2854498274770565,-1.177851894974348,1.6495816066168083,-1.461440576166749,0.4040141225293712,0.5763988794695595,0.8085666669970842,1.1194360252487263,-1.0161329645585022,0
0.890123685007999,-1.1099901739376037,1.5251962127575889,-0.22497129412224592,0.7785050963005594,-1.177851894974348,3.549883555427736,0.2744324511807092,1.417782086362966,4.016533263795428,0.29255569570563505,0.8813316371009629,-1.0161329645585022,1
0.890123685007999,-1.1099901739376037,-0.502969299721533,-0.4305564558403898,1.1164682504182242,0.9048055324001227,-0.2190486430472703,1.4316811360790147,-1.0495008719737637,0.23238544103697253,0.8085666669970842,-0.6663468858595001,0.9841231756854657,0
0.7206745964472937,0.9009088760241706,-1.179024470547907,-0.2945209217306885,0.7785050963005594,-1.177851894974348,0.0026532509806712224,0.2744324511807092,-1.4254677989584081,0.23238544103697253,1.066572152642809,0.6233852166075523,0.9841231756854657,0
-0.12657084635623306,0.9009088760241706,-0.502969299721533,-0.650528472860825,0.10257878806523006,0.21058638994196582,0.6994306322113446,-0.3041918912684436,2.3778404891987543,2.525808363920885,0.8085666669970842,-1.12271362980938,0.9841231756854657,0
0.21232733076517762,-1.1099901739376037,-1.179024470547907,-0.20349366161827637,0.2715603651240624,-1.177851894974348,-0.8841543251310949,0.853056793629862,-0.005521280078902488,-0.9143260204049839,0.5505611813513597,0.6233852166075523,0.9841231756854657,0
0.5512255078865883,0.9009088760241706,-0.502969299721533,-0.43243574868448714,-0.23538436605243465,0.9048055324001227,0.5964976099840861,0.2744324511807092,0.4745079213389917,1.2644257563347332,0.8085666669970842,0.18686050500331922,-1.0161329645585022,1
0.0428782422044723,0.9009088760241706,1.5251962127575889,-1.0353413193492267,-0.23538436605243465,-1.177851894974348,-1.1771175422394462,-1.461440576166749,-0.07601507888852362,0.1177142948927768,0.03455021005991044,0.782121475372728,-1.0161329645585022,1
-0.12657084635623306,0.9009088760241706,-1.179024470547907,0.648347145193575,-0.404365943111267,0.9048055324001227,-0.7257958293968509,1.4316811360790147,0.4745079213389917,-1.143668312693375,0.5505611813513597,0.16701847265767225,0.9841231756854657,0
0.7206745964472937,0.9009088760241706,-0.502969299721533,-0.49055169545993416,1.1164682504182242,0.9048055324001227,-0.8841543251310949,0.853056793629862,-0.34120603631519225,-0.6849837281165926,0.5505611813513597,-0.5274526594399713,0.9841231756854657,0
0.7206745964472937,-1.1099901739376037,1.5251962127575889,0.6100506313537764,0.4405419421828948,-1.177851894974348,-0.5674373336626071,1.4316811360790147,-0.7138161157374736,-1.0289971665491795,0.8085666669970842,0.028124246238143545,0.9841231756854657,0
0.21232733076517762,0.9009088760241706,-0.502969299721533,-0.22255506046554935,0.2715603651240624,-1.177851894974348,-0.3298995900612411,0.2744324511807092,-1.1804179269059165,-0.34097028968400567,0.29255569570563505,-3.4243893819044273,-1.0161329645585022,1
0.5512255078865883,-1.1099901739376037,1.5251962127575889,1.4103924972866242,0.4405419421828948,-1.177851894974348,0.38271364074285674,1.4316811360790147,-1.0495008719737637,-0.7996548742607882,0.29255569570563505,1.5559607368529593,-1.0161329645585022,0
0.890123685007999,-1.1099901739376037,-0.502969299721533,-0.454560868638944,0.7785050963005594,0.9048055324001227,0.38271364074285674,0.2744324511807092,0.860545391010725,1.035083464046342,0.03455021005991044,-1.678290535487495,0.9841231756854657,0
0.0428782422044723,0.9009088760241706,-0.502969299721533,0.2653188372882238,0.10257878806523006,-1.177851894974348,0.38271364074285674,0.2744324511807092,-1.3751150855229646,-0.2262991435398101,0.03455021005991044,0.5043330225336705,0.9841231756854657,0
0.0428782422044723,-1.1099901739376037,1.5251962127575889,-0.40102471114743166,-0.06640278899360229,-1.177851894974348,1.6495816066168083,-1.461440576166749,-0.522475804682789,2.640479510065081,0.5505611813513597,1.1988041546313142,-1.0161329645585022,0
0.5512255078865883,-1.1099901739376037,1.5251962127575889,0.9605624353431912,0.10257878806523006,0.9048055324001227,-0.10819769603329955,0.853056793629862,-0.33784918875282943,-0.9143260204049839,-0.22345527558581418,-0.7457150152420878,0.9841231756854657,0
0.21232733076517762,0.9009088760241706,-0.502969299721533,-0.48687207165594526,0.2715603651240624,-1.177851894974348,2.4413740852880284,-0.3041918912684436,0.2865244578466693,4.24587555608382,0.03455021005991044,1.6154868338899002,0.9841231756854657,0
0.21232733076517762,0.9009088760241706,-0.502969299721533,-0.12601626083557443,0.4405419421828948,0.9048055324001227,-0.5674373336626071,-0.8828162337175963,-1.0495008719737637,-0.6849837281165926,0.5505611813513597,0.305912699077201,0.9841231756854657,0
0.21232733076517762,0.9009088760241706,-0.502969299721533,0.09954625758662937,0.10257878806523006,-1.177851894974348,-0.8841543251310949,1.4316811360790147,-1.2979075915886182,-1.0289971665491795,-0.22345527558581418,-0.17029607721832604,0.9841231756854657,0
0.0428782422044723,-1.1099901739376037,1.5251962127575889,-0.44797544749618273,0.10257878806523006,0.9048055324001227,0.38271364074285674,-0.8828162337175963,0.03476089066945202,1.035083464046342,0.8085666669970842,1.9528013837658986,-1.0161329645585022,0
0.21232733076517762,0.9009088760241706,-0.502969299721533,0.17560234445362743,0.10257878806523006,0.21058638994196582,0.38271364074285674,-0.3041918912684436,-1.173704231781191,-0.11162799739561437,0.5505611813513597,1.1392780575943733,0.9841231756854657,0
-0.12657084635623306,0.9009088760241706,-0.502969299721533,0.7208183625176311,-0.06640278899360229,0.9048055324001227,0.5094004373302519,-0.3041918912684436,-1.2475548781531747,-0.45564143582820127,-0.22345527558581418,1.258330251668255,-1.0161329645585022,0
0.0428782422044723,0.9009088760241706,1.5251962127575889,-0.8686527817908453,0.2715603651240624,0.9048055324001227,-0.8841543251310949,-0.8828162337175963,-0.005521280078902488,0.23238544103697253,1.066572152642809,-0.9044512740072636,-1.0161329645585022,0
1.2290218621294098,0.9009088760241706,1.5251962127575889,-0.3378867885364976,1.4544314045358888,-1.177851894974348,-1.2008713165995828,0.2744324511807092,0.3234497810326616,-1.2583394588375707,1.066572152642809,-0.5274526594399713,-1.0161329645585022,0
0.21232733076517762,-1.1099901739376037,-1.179024470547907,-0.634941396918606,0.4405419421828948,0.9048055324001227,0.19268344586176397,0.2744324511807092,0.860545391010725,1.4937680486231246,-0.22345527558581418,-0.5076106270943244,-1.0161329645585022,1
1.0595727735687044,-1.1099901739376037,-1.179024470547907,-0.22378686585915936,0.7785050963005594,-1.177851894974348,0.06599664927436881,1.4316811360790147,-1.2475548781531747,0.1177142948927768,0.29255569570563505,0.8416475724096689,0.9841231756854657,0
-0.12657084635623306,-1.1099901739376037,-1.179024470547907,0.5496921670668854,0.6095235192417271,-1.177851894974348,1.3328646151483206,1.4316811360790147,0.830333762949459,0.23238544103697253,-0.22345527558581418,1.0202258635204915,-1.0161329645585022,0
0.21232733076517762,-1.1099901739376037,-0.502969299721533,0.07715266722587287,0.10257878806523006,-1.177851894974348,0.06599664927436881,0.2744324511807092,-1.3482603050240614,-0.2262991435398101,1.066572152642809,-1.0036614357354983,0.9841231756854657,0
-0.12657084635623306,-1.1099901739376037,-1.179024470547907,-0.4919414246219557,-0.404365943111267,0.21058638994196582,-0.5040939353689095,0.853056793629862,-0.5661148229935064,-0.11162799739561437,0.8085666669970842,-1.9362369559809054,0.9841231756854657,0
0.890123685007999,0.9009088760241706,1.5251962127575889,-0.15630603961690798,0.7785050963005594,0.9048055324001227,-1.2008713165995828,0.2744324511807092,0.001192415045823164,-1.2583394588375707,-0.22345527558581418,1.3773824457421369,-1.0161329645585022,0
0.5512255078865883,-1.1099901739376037,-0.502969299721533,-0.5479569852775292,0.7785050963005594,-1.177851894974348,1.9662985980852963,1.4316811360790147,0.5785701957722418,4.016533263795428,0.03455021005991044,0.7424374106814341,-1.0161329645585022,0
0.890123685007999,0.9009088760241706,-0.502969299721533,-0.20147223738260864,1.1164682504182242,-1.177851894974348,-0.963333572998217,1.4316811360790147,-0.11965409719924096,-1.0289971665491795,1.066572152642809,-0.15045404487267908,0.9841231756854657,0
0.890123685007999,0.9009088760241706,0.17308587110484092,-0.4857981900307468,0.7785050963005594,0.9048055324001227,0.8577891279455886,-0.8828162337175963,-0.37813135950118393,1.952452633199907,0.8085666669970842,1.0003838311748445,-1.0161329645585022,1
-0.12657084635623306,0.9009088760241706,-0.502969299721533,-0.7301694292707651,-0.06640278899360229,0.9048055324001227,-0.7574675285436998,-1.461440576166749,-1.2979075915886182,0.003043148748581378,-0.22345527558581418,1.35754041339649,-1.0161329645585022,0
0.5512255078865883,0.9009088760241706,0.8491410419312149,-0.5609856961714814,0.7785050963005594,0.9048055324001227,0.06599664927436881,0.2744324511807092,1.1458774338115711,1.035083464046342,0.8085666669970842,0.7424374106814341,0.9841231756854657,0
0.5512255078865883,0.9009088760241706,-0.502969299721533,0.11876558020231388,0.4405419421828948,-1.177851894974348,0.034324950127520015,0.2744324511807092,-1.4724636648314886,-0.34097028968400567,0.29255569570563505,0.8813316371009629,0.9841231756854657,0
1.2290218621294098,0.9009088760241706,-1.179024470547907,-0.7539685411703843,1.6234129815947211,0.9048055324001227,-0.2507203421941191,0.853056793629862,-1.0427871768490378,1.2644257563347332,0.03455021005991044,-0.24966420660091387,-1.0161329645585022,1
-0.12657084635623306,0.9009088760241706,0.17308587110484092,0.17670781083250822,-0.23538436605243465,-1.177851894974348,-0.46846327382870456,1.4316811360790147,0.001192415045823164,-0.7996548742607882,0.8085666669970842,0.6432272489531993,0.9841231756854657,0
0.890123685007999,0.9009088760241706,-0.502969299721533,0.7082318381752313,0.6095235192417271,0.9048055324001227,-0.09236184645987515,-0.8828162337175963,1.223084927745918,-0.7996548742607882,0.8085666669970842,0.4249648931510827,-1.0161329645585022,1
0.5512255078865883,-1.1099901739376037,-1.179024470547907,-0.009389557863651513,0.2715603651240624,-1.177851894974348,-0.4090788379283631,-1.461440576166749,-1.0092187012254088,-0.570312581972397,0.29255569570563505,-1.3409759856114967,0.9841231756854657,0
1.0595727735687044,0.9009088760241706,-0.502969299721533,-0.35442140708918596,1.1164682504182242,-1.177851894974348,0.38271364074285674,-0.3041918912684436,-1.0495008719737637,0.8057411717579506,1.066572152642809,0.4844909901880236,0.9841231756854657,0
0.0428782422044723,-1.1099901739376037,1.5251962127575889,0.3813138451865005,-0.404365943111267,-1.177851894974348,0.952804225386135,1.4316811360790147,-1.6839450612603513,0.1177142948927768,0.29255569570563505,0.8614896047553159,-1.0161329645585022,0
0.0428782422044723,-1.1099901739376037,0.8491410419312149,-0.2799761426599856,-0.404365943111267,0.21058638994196582,1.712925004910506,0.2744324511807092,2.2603508245160526,2.1817949254882985,0.03455021005991044,-0.32903233598350173,-1.0161329645585022,1
0.21232733076517762,-1.1099901739376037,-1.179024470547907,-0.38910146663236034,0.4405419421828948,0.21058638994196582,0.06599664927436881,0.2744324511807092,2.206641263518246,0.4617277333253637,0.03455021005991044,-0.7457150152420878,0.9841231756854657,0
0.21232733076517762,0.9009088760241706,1.5251962127575889,-0.1713561747465278,0.6095235192417271,-1.177851894974348,0.06599664927436881,-0.8828162337175963,0.001192415045823164,0.003043148748581378,-0.22345527558581418,-0.36871640067479566,0.9841231756854657,0
0.7206745964472937,-1.1099901739376037,-1.179024470547907,-0.40186170712001285,0.9474866733593919,0.21058638994196582,0.8577891279455886,-0.3041918912684436,-1.173704231781191,1.6084391947673204,-0.22345527558581418,0.9805417988291976,-1.0161329645585022,0
0.890123685007999,-1.1099901739376037,-1.179024470547907,-0.06545249564974852,0.7785050963005594,-1.177851894974348,-0.9316618738513681,-0.3041918912684436,-1.5496711587658354,-1.0289971665491795,0.03455021005991044,1.0797519605574324,-1.0161329645585022,0
0.21232733076517762,-1.1099901739376037,-1.179024470547907,0.007792548139524131,0.9474866733593919,-1.177851894974348,-0.4090788379283631,-1.461440576166749,-0.3680608168140954,-0.570312581972397,0.03455021005991044,-1.6386064707962011,0.9841231756854657,0
0.7206745964472937,-1.1099901739376037,-0.502969299721533,0.9159173860132486,0.10257878806523006,0.9048055324001227,-0.5674373336626071,0.2744324511807092,-0.21364582894540246,-1.143668312693375,0.8085666669970842,0.22654456969461315,-1.0161329645585022,0
0.38177641932588297,0.9009088760241706,-1.179024470547907,0.2968562138400085,0.6095235192417271,0.21058638994196582,1.3328646151483206,0.853056793629862,-0.0860856215756121,0.4617277333253637,-0.22345527558581418,-1.8767108589439645,0.9841231756854657,0
0.38177641932588297,0.9009088760241706,1.5251962127575889,0.002833741811401748,0.2715603651240624,-1.177851894974348,0.25602684415546156,-1.461440576166749,0.8336906105118219,0.003043148748581378,0.03455021005991044,1.6154868338899002,-1.0161329645585022,1
0.21232733076517762,-1.1099901739376037,-0.502969299721533,0.49497158131228647,0.6095235192417271,0.9048055324001227,1.6495816066168083,0.853056793629862,0.9108981044461687,0.4617277333253637,0.5505611813513597,-0.8449251769703227,-1.0161329645585022,0
0.38177641932588297,0.9009088760241706,-1.179024470547907,-0.2932891163370785,-0.06640278899360229,-1.177851894974348,0.06599664927436881,-0.8828162337175963,0.001192415045823164,0.23238544103697253,-0.22345527558581418,0.12733440796637835,0.9841231756854657,0
0.890123685007999,-1.1099901739376037,0.8491410419312149,0.11674415596664617,1.4544314045358888,-1.177851894974348,-0.844564701197534,1.4316811360790147,-1.8752853723150364,-1.0289971665491795,-0.22345527558581418,-0.2893482712922078,-1.0161329645585022,0
0.0428782422044723,-1.1099901739376037,1.5251962127575889,1.7881935284575534,0.10257878806523006,0.21058638994196582,2.12465709381954,1.4316811360790147,0.27645391515958084,-0.2262991435398101,-0.22345527558581418,1.0400678958661385,0.9841231756854657,0
1.2290218621294098,0.9009088760241706,0.8491410419312149,0.188678432478103,1.2854498274770565,0.9048055324001227,-1.359229812333827,0.853056793629862,0.8336906105118219,-1.487681751125962,0.5505611813513597,0.9011736694466097,0.9841231756854657,0
-0.12657084635623306,-1.1099901739376037,-1.179024470547907,0.3708750840944977,0.10257878806523006,-1.177851894974348,-0.9158260242779438,0.2744324511807092,-1.6705176710108995,-1.143668312693375,0.5505611813513597,-0.38855843302044263,0.9841231756854657,0
0.5512255078865883,-1.1099901739376037,-1.179024470547907,0.6451570850716618,-0.404365943111267,0.9048055324001227,1.6495816066168083,1.4316811360790147,0.4745079213389917,0.3470565871811683,0.8085666669970842,-0.22982217425526694,0.9841231756854657,0
0.38177641932588297,0.9009088760241706,-1.179024470547907,0.0838486350065222,0.6095235192417271,-1.177851894974348,-0.4090788379283631,0.853056793629862,-0.707102420612748,-0.6849837281165926,0.5505611813513597,0.8614896047553159,-1.0161329645585022,0
0.38177641932588297,0.9009088760241706,-1.179024470547907,-0.3841268679273968,0.10257878806523006,-1.177851894974348,-0.5040939353689095,0.853056793629862,-0.6936750303632967,-0.2262991435398101,0.29255569570563505,1.3972244780877838,0.9841231756854657,0
1.0595727735687044,-1.1099901739376037,0.8491410419312149,-0.06911632707689626,1.1164682504182242,-1.177851894974348,2.91644957249076,1.4316811360790147,0.23617174441122635,2.640479510065081,0.29255569570563505,1.337698381050843,0.9841231756854657,0
0.5512255078865883,-1.1099901739376037,0.17308587110484092,0.24772612948717815,0.7785050963005594,0.9048055324001227,-0.5674373336626071,-0.3041918912684436,-1.173704231781191,-0.9143260204049839,0.5505611813513597,1.0400678958661385,-1.0161329645585022,1
0.7206745964472937,-1.1099901739376037,-0.502969299721533,-0.37168247497656737,0.4405419421828948,0.9048055324001227,-0.09236184645987515,0.2744324511807092,-1.173704231781191,0.23238544103697253,-0.22345527558581418,0.14717644031202531,-1.0161329645585022,0
0.21232733076517762,0.9009088760241706,1.5251962127575889,-0.030456588569751062,0.9474866733593919,0.9048055324001227,0.8577891279455886,-1.461440576166749,1.4312094766124175,0.5763988794695595,1.066572152642809,-0.5274526594399713,-1.0161329645585022,1
-0.12657084635623306,-1.1099901739376037,-1.179024470547907,1.7399004400773042,-0.06640278899360229,-1.177851894974348,4.024959042630468,-1.461440576166749,0.665848232393677,0.4617277333253637,1.066572152642809,1.1194360252487263,0.9841231756854657,0
-0.12657084635623306,-1.1099901739376037,-0.502969299721533,-0.6083944114486259,0.2715603651240624,0.21058638994196582,1.1349164954805155,-0.8828162337175963,-0.1397951825734185,2.984492948497668,0.03455021005991044,1.4964346398160184,-1.0161329645585022,0
0.21232733076517762,-1.1099901739376037,-1.179024470547907,0.09875663874457166,0.2715603651240624,0.9048055324001227,0.38271364074285674,-0.3041918912684436,0.7229146409538463,0.003043148748581378,-0.22345527558581418,0.6233852166075523,0.9841231756854657,0
0.38177641932588297,0.9009088760241706,0.8491410419312149,-0.5612225818240987,0.10257878806523006,-1.177851894974348,0.8577891279455886,-1.461440576166749,0.27645391515958084,2.2964660716324943,1.066572152642809,-0.8449251769703227,0.9841231756854657,0
-0.12657084635623306,-1.1099901739376037,1.5251962127575889,0.36081534004668253,0.2715603651240624,-1.177851894974348,-0.804975077263973,-1.461440576166749,-1.173704231781191,-1.143668312693375,1.066572152642809,0.12733440796637835,0.9841231756854657,0
0.0428782422044723,-1.1099901739376037,-1.179024470547907,-0.3010589657429263,0.2715603651240624,0.9048055324001227,0.6994306322113446,1.4316811360790147,2.6967410076232294,1.035083464046342,-0.22345527558581418,0.6233852166075523,-1.0161329645585022,0
0.38177641932588297,0.9009088760241706,-0.502969299721533,1.598858722508957,0.6095235192417271,0.9048055324001227,1.8079401023510524,1.4316811360790147,0.5416448725862495,-0.2262991435398101,0.8085666669970842,-0.5274526594399713,0.9841231756854657,0
0.7206745964472937,0.9009088760241706,0.8491410419312149,-0.7721929440450761,0.6095235192417271,0.9048055324001227,-1.042512820865339,0.853056793629862,0.830333762949459,-0.45564143582820127,-0.22345527558581418,-0.6465048535138531,0.9841231756854657,0
1.0595727735687044,-1.1099901739376037,-1.179024470547907,-0.20987378186210262,0.7785050963005594,-1.177851894974348,-1.121692068732461,0.853056793629862,0.8336906105118219,-1.143668312693375,-0.22345527558581418,0.16701847265767225,0.9841231756854657,0
0.0428782422044723,-1.1099901739376037,-1.179024470547907,0.8400666000451855,0.10257878806523006,-1.177851894974348,0.22435514500861276,1.4316811360790147,-1.7510820125076092,-0.6849837281165926,-0.22345527558581418,0.26622863438590705,0.9841231756854657,0
0.21232733076517762,0.9009088760241706,-0.502969299721533,-0.4506759439360201,0.10257878806523006,0.9048055324001227,-0.7257958293968509,1.4316811360790147,1.327147202179168,-0.45564143582820127,-0.22345527558581418,-0.30919030363785477,-1.0161329645585022,1
0.38177641932588297,0.9009088760241706,-0.502969299721533,-0.6607935178075752,0.2715603651240624,-1.177851894974348,0.38271364074285674,1.4316811360790147,1.1458774338115711,2.0671237793441026,0.8085666669970842,-1.4203441149940845,-1.0161329645585022,1
0.38177641932588297,0.9009088760241706,-0.502969299721533,0.917386077059476,0.7785050963005594,-1.177851894974348,0.7627740305050422,-1.461440576166749,1.1861596045599256,-0.45564143582820127,1.066572152642809,1.5361187045073124,-1.0161329645585022,1
0.7206745964472937,0.9009088760241706,0.8491410419312149,-0.1780995196577006,0.9474866733593919,-1.177851894974348,0.06599664927436881,1.4316811360790147,-1.2979075915886182,0.1177142948927768,0.03455021005991044,0.26622863438590705,0.9841231756854657,0
0.7206745964472937,0.9009088760241706,1.5251962127575889,0.4627867173100145,0.9474866733593919,0.9048055324001227,1.6495816066168083,-0.3041918912684436,0.7430557263280237,0.4617277333253637,1.066572152642809,1.6154868338899002,-1.0161329645585022,0
0.890123685007999,0.9009088760241706,0.8491410419312149,-0.08741969183579384,0.7785050963005594,0.9048055324001227,-0.5674373336626071,-0.3041918912684436,-0.2069321338206762,-0.6849837281165926,0.8085666669970842,-1.9362369559809054,-1.0161329645585022,0
-0.12657084635623306,-1.1099901739376037,-0.502969299721533,-0.5190569356582173,-0.06640278899360229,0.9048055324001227,-1.042512820865339,-1.461440576166749,0.15896425047687956,-0.9143260204049839,0.5505611813513597,1.0797519605574324,-1.0161329645585022,0
-0.12657084635623306,-1.1099901739376037,-0.502969299721533,-0.10993962121127956,0.10257878806523006,0.9048055324001227,-0.4090788379283631,0.2744324511807092,-1.3482603050240614,-0.45564143582820127,0.5505611813513597,1.278172284013902,-1.0161329645585022,0
0.890123685007999,0.9009088760241706,0.17308587110484092,0.053937873269376366,0.4405419421828948,0.9048055324001227,-1.327558113186978,-0.3041918912684436,1.7736079279734327,-1.487681751125962,0.8085666669970842,1.1988041546313142,0.9841231756854657,0
0.5512255078865883,-1.1099901739376037,0.8491410419312149,0.04651545615403395,-0.23538436605243465,-1.177851894974348,0.6360872339176471,0.2744324511807092,-1.0495008719737637,0.23238544103697253,-0.22345527558581418,0.7622794430270811,-1.0161329645585022,0
-0.12657084635623306,0.9009088760241706,0.17308587110484092,0.6625918691042959,-0.06640278899360229,-1.177851894974348,1.6495816066168083,1.4316811360790147,0.3301634761573873,0.23238544103697253,0.8085666669970842,1.317856348705196,-1.0161329645585022,0
0.5512255078865883,-1.1099901739376037,0.8491410419312149,-0.5832687398943498,0.6095235192417271,0.9048055324001227,-0.2507203421941191,-0.8828162337175963,0.03476089066945202,0.5763988794695595,1.066572152642809,-0.5274526594399713,-1.0161329645585022,0
0.0428782422044723,0.9009088760241706,-0.502969299721533,0.7260298468752119,0.10257878806523006,-1.177851894974348,1.3328646151483206,-0.3041918912684436,-0.005521280078902488,0.003043148748581378,1.066572152642809,1.278172284013902,-1.0161329645585022,0
0.21232733076517762,0.9009088760241706,-1.179024470547907,1.0328283517683123,0.9474866733593919,-1.177851894974348,4.024959042630468,-1.461440576166749,-0.707102420612748,1.1497546101905376,0.03455021005991044,-0.20998014190961997,0.9841231756854657,0
0.0428782422044723,0.9009088760241706,-0.502969299721533,-0.4679054270697192,-0.23538436605243465,0.9048055324001227,-0.8841543251310949,1.4316811360790147,2.562467105128714,-0.6849837281165926,-0.22345527558581418,-0.15045404487267908,-1.0161329645585022,1
0.0428782422044723,0.9009088760241706,-1.179024470547907,0.15592504290954945,-0.7423290972289317,0.9048055324001227,1.6495816066168083,-0.3041918912684436,-0.3512765790022807,0.9204123179021463,0.8085666669970842,-0.8250831446246757,0.9841231756854657,0
-0.12657084635623306,0.9009088760241706,0.8491410419312149,-0.8601248982966221,0.10257878806523006,0.9048055324001227,-0.646616581529729,1.4316811360790147,-1.3751150855229646,0.9204123179021463,0.5505611813513597,-0.6663468858595001,0.9841231756854657,0
1.0595727735687044,-1.1099901739376037,-0.502969299721533,-0.7006218922009658,1.6234129815947211,0.9048055324001227,-1.121692068732461,-1.461440576166749,3.018998373610068,-0.7996548742607882,0.29255569570563505,1.2186461869769611,-1.0161329645585022,1
0.21232733076517762,-1.1099901739376037,-0.502969299721533,-0.5853059565068587,-0.404365943111267,0.21058638994196582,-0.8524826259842462,0.2744324511807092,0.665848232393677,-0.45564143582820127,0.5505611813513597,-1.3806600503027906,0.9841231756854657,0
0.5512255078865883,0.9009088760241706,1.5251962127575889,0.1406380221273123,0.2715603651240624,-1.177851894974348,0.8577891279455886,-1.461440576166749,0.001192415045823164,0.3470565871811683,0.8085666669970842,1.1194360252487263,-1.0161329645585022,0
-0.12657084635623306,0.9009088760241706,-0.502969299721533,-0.9478199668955507,-0.404365943111267,0.9048055324001227,-1.0741845200121878,0.2744324511807092,-0.11965409719924096,0.003043148748581378,0.29255569570563505,0.4448069254967297,-1.0161329645585022,1
0.7206745964472937,-1.1099901739376037,-0.502969299721533,-0.7387288975186707,0.6095235192417271,0.9048055324001227,-0.804975077263973,1.4316811360790147,0.7061304031420315,0.003043148748581378,-0.22345527558581418,1.4369085427790778,-1.0161329645585022,0
0.21232733076517762,-1.1099901739376037,-0.502969299721533,0.08654913144635955,-0.23538436605243465,-1.177851894974348,-0.8841543251310949,0.2744324511807092,0.2865244578466693,-1.0289971665491795,0.03455021005991044,0.2463866020402601,-1.0161329645585022,0
0.890123685007999,0.9009088760241706,1.5251962127575889,-0.5805366587008302,0.4405419421828948,-1.177851894974348,0.06599664927436881,-0.8828162337175963,-0.005521280078902488,1.035083464046342,0.8085666669970842,-1.3409759856114967,0.9841231756854657,0
-0.12657084635623306,-1.1099901739376037,-1.179024470547907,1.9734381088042907,-0.404365943111267,0.9048055324001227,0.39459052792292504,-0.3041918912684436,0.4745079213389917,-0.9143260204049839,1.066572152642809,-0.44808453005738347,-1.0161329645585022,0
0.38177641932588297,0.9009088760241706,0.8491410419312149,-0.6031987194678863,0.4405419421828948,0.9048055324001227,-0.3298995900612411,-0.3041918912684436,0.001192415045823164,0.4617277333253637,0.5505611813513597,-0.30919030363785477,-1.0161329645585022,1
0.38177641932588297,0.9009088760241706,1.5251962127575889,-0.27966029512316254,0.9474866733593919,0.9048055324001227,-0.7574675285436998,0.853056793629862,0.5651428055227898,-0.6849837281165926,1.066572152642809,1.1789621222856672,0.9841231756854657,0
1.0595727735687044,0.9009088760241706,0.8491410419312149,3.731587630153134,0.9474866733593919,-1.177851894974348,2.4413740852880284,-1.461440576166749,1.7836784706605218,-0.6849837281165926,0.8085666669970842,0.4448069254967297,-1.0161329645585022,1
0.5512255078865883,-1.1099901739376037,-1.179024470547907,-0.9114975001608963,0.2715603651240624,0.21058638994196582,-1.121692068732461,1.4316811360790147,1.253296555807184,-0.34097028968400567,0.29255569570563505,-1.8767108589439645,0.9841231756854657,0
0.5512255078865883,0.9009088760241706,-1.179024470547907,0.39210003856900877,0.6095235192417271,0.21058638994196582,2.4413740852880284,0.853056793629862,0.860545391010725,1.1497546101905376,1.066572152642809,1.0599099282117854,-1.0161329645585022,0
0.0428782422044723,-1.1099901739376037,0.8491410419312149,2.7162799306584966,0.4405419421828948,0.21058638994196582,0.8577891279455886,-0.3041918912684436,1.286865031430813,-0.9143260204049839,0.5505611813513597,-0.22982217425526694,0.9841231756854657,0
1.2290218621294098,-1.1099901739376037,-0.502969299721533,0.6824113020399444,1.1164682504182242,0.9048055324001227,1.6495816066168083,-1.461440576166749,0.954537122756886,0.23238544103697253,-0.22345527558581418,-0.9242933063529105,-1.0161329645585022,0
0.890123685007999,0.9009088760241706,-0.502969299721533,0.27138310999522697,1.1164682504182242,-1.177851894974348,-0.5674373336626071,1.4316811360790147,0.03476089066945202,-0.9143260204049839,0.5505611813513597,1.734539027963782,0.9841231756854657,0
-0.12657084635623306,-1.1099901739376037,-0.502969299721533,0.265445176302953,-0.06640278899360229,0.9048055324001227,1.6495816066168083,-0.8828162337175963,-1.1804179269059165,0.8057411717579506,0.8085666669970842,-0.8052411122790287,-1.0161329645585022,0
1.0595727735687044,-1.1099901739376037,0.8491410419312149,0.040087958779684234,1.1164682504182242,-1.177851894974348,0.8577891279455886,-0.8828162337175963,0.25966967734776614,0.4617277333253637,0.29255569570563505,-1.0036614357354983,0.9841231756854657,0
0.890123685007999,-1.1099901739376037,0.8491410419312149,-0.40209859277263016,0.7785050963005594,-1.177851894974348,-1.2008713165995828,1.4316811360790147,1.0787404825643134,-1.143668312693375,0.8085666669970842,0.5043330225336705,-1.0161329645585022,1
0.7206745964472937,-1.1099901739376037,-1.179024470547907,-0.8683369342540221,0.2715603651240624,0.9048055324001227,-0.765385453330412,1.4316811360790147,-0.21364582894540246,0.5763988794695595,0.29255569570563505,-1.142555662155027,0.9841231756854657,0
0.890123685007999,-1.1099901739376037,0.8491410419312149,0.12366121702307165,1.1164682504182242,-1.177851894974348,-0.7257958293968509,1.4316811360790147,-1.3482603050240614,-0.9143260204049839,0.29255569570563505,-1.4798702120310254,0.9841231756854657,0
0.38177641932588297,-1.1099901739376037,-0.502969299721533,0.7028308452955565,0.4405419421828948,-1.177851894974348,-1.2800505644667048,0.2744324511807092,-1.0427871768490378,-1.487681751125962,1.066572152642809,1.714696995618135,0.9841231756854657,0
-0.12657084635623306,-1.1099901739376037,0.8491410419312149,-0.45096020671916087,-0.404365943111267,0.9048055324001227,-1.042512820865339,0.853056793629862,0.27645391515958084,-0.9143260204049839,0.8085666669970842,-0.11076998018138517,0.9841231756854657,0
0.21232733076517762,0.9009088760241706,1.5251962127575889,2.066707886428147,-0.06640278899360229,-1.177851894974348,0.06599664927436881,0.2744324511807092,0.001192415045823164,-1.0289971665491795,0.29255569570563505,1.0599099282117854,-1.0161329645585022,0
0.38177641932588297,-1.1099901739376037,0.8491410419312149,-0.23858432295932075,0.7785050963005594,0.9048055324001227,0.38271364074285674,-1.461440576166749,-1.6705176710108995,0.5763988794695595,-0.22345527558581418,1.1988041546313142,0.9841231756854657,0
1.2290218621294098,-1.1099901739376037,-1.179024470547907,13.191268735134955,0.7785050963005594,0.21058638994196582,0.06599664927436881,0.2744324511807092,-0.6936750303632967,-1.487681751125962,0.5505611813513597,0.8614896047553159,-1.0161329645585022,0
0.0428782422044723,0.9009088760241706,-0.502969299721533,0.8766417448092985,-0.06640278899360229,0.9048055324001227,-0.5674373336626071,0.2744324511807092,0.5651428055227898,-1.143668312693375,0.5505611813513597,0.286070666731554,0.9841231756854657,0
-0.12657084635623306,-1.1099901739376037,-0.502969299721533,0.4948294499207161,0.10257878806523006,-1.177851894974348,2.4413740852880284,0.2744324511807092,1.6594751108530943,0.9204123179021463,0.8085666669970842,0.8416475724096689,-1.0161329645585022,1
0.21232733076517762,-1.1099901739376037,0.8491410419312149,-0.10723912477144222,0.6095235192417271,-1.177851894974348,2.4413740852880284,-1.461440576166749,3.018998373610068,2.2964660716324943,0.8085666669970842,0.14717644031202531,-1.0161329645585022,1
1.0595727735687044,0.9009088760241706,-1.179024470547907,0.8041547351084012,0.6095235192417271,-1.177851894974348,0.06599664927436881,0.2744324511807092,-1.3751150855229646,-0.6849837281165926,0.5505611813513597,-1.3409759856114967,0.9841231756854657,0
0.7206745964472937,0.9009088760241706,1.5251962127575889,1.2160041307488585,0.4405419421828948,-1.177851894974348,0.38271364074285674,-0.8828162337175963,-0.811164695045998,-0.6849837281165926,-0.22345527558581418,0.6630692812988462,0.9841231756854657,0
0.0428782422044723,0.9009088760241706,-0.502969299721533,0.7964164704562356,0.4405419421828948,0.9048055324001227,1.6495816066168083,-1.461440576166749,1.4446368668618692,0.1177142948927768,0.5505611813513597,1.5758027691986063,-1.0161329645585022,1
0.38177641932588297,-1.1099901739376037,-0.502969299721533,1.2103978369702488,0.2715603651240624,-1.177851894974348,-0.4090788379283631,1.4316811360790147,-0.3680608168140954,-1.143668312693375,0.8085666669970842,-1.202081759191968,0.9841231756854657,0
0.0428782422044723,-1.1099901739376037,-0.502969299721533,-0.6784651874928266,-0.5733475201700994,-1.177851894974348,-1.042512820865339,-0.3041918912684436,-1.4254677989584081,-0.6849837281165926,0.8085666669970842,-1.2417658238832618,0.9841231756854657,0
0.7206745964472937,-1.1099901739376037,0.8491410419312149,-0.6066256652424167,0.9474866733593919,0.21058638994196582,-0.2507203421941191,1.4316811360790147,1.6829730437896346,0.5763988794695595,0.5505611813513597,0.20670253734896618,0.9841231756854657,0
0.0428782422044723,-1.1099901739376037,-1.179024470547907,0.30934798392136137,-0.5733475201700994,-1.177851894974348,0.8577891279455886,0.2744324511807092,0.6624913848313142,0.1177142948927768,0.5505611813513597,1.0003838311748445,0.9841231756854657,0
0.890123685007999,0.9009088760241706,0.8491410419312149,-0.2817922659967183,0.7785050963005594,0.9048055324001227,0.06599664927436881,1.4316811360790147,1.8105332511594245,0.23238544103697253,1.066572152642809,-0.6266628211682062,0.9841231756854657,0
0.7206745964472937,-1.1099901739376037,-1.179024470547907,-0.7747986862238665,0.7785050963005594,0.9048055324001227,0.06599664927436881,0.2744324511807092,-0.8447331706696268,2.0671237793441026,1.066572152642809,0.305912699077201,-1.0161329645585022,1
-0.12657084635623306,0.9009088760241706,-1.179024470547907,-0.6663998115861849,-0.5733475201700994,0.9048055324001227,-0.603067995202812,-1.461440576166749,1.3103629643673533,0.1177142948927768,1.066572152642809,0.14717644031202531,-1.0161329645585022,1
0.7206745964472937,-1.1099901739376037,1.5251962127575889,-0.8870509008107897,0.6095235192417271,0.9048055324001227,-0.19925383108048983,1.4316811360790147,-1.4724636648314886,2.411137217776689,1.066572152642809,-0.07108591549009124,-1.0161329645585022,1
0.21232733076517762,0.9009088760241706,-1.179024470547907,-0.2979004903746955,0.6095235192417271,0.21058638994196582,0.02244806294745172,1.4316811360790147,0.3738024944681046,0.23238544103697253,0.29255569570563505,0.6233852166075523,0.9841231756854657,0
1.0595727735687044,-1.1099901739376037,1.5251962127575889,0.6144093273619349,1.7923945586535535,0.21058638994196582,1.0161476236798326,0.2744324511807092,-0.005521280078902488,-0.11162799739561437,1.066572152642809,0.7622794430270811,-1.0161329645585022,0
-0.12657084635623306,0.9009088760241706,-0.502969299721533,0.18220355797322985,-0.404365943111267,-1.177851894974348,-0.5674373336626071,0.853056793629862,-1.0964967378468442,-0.7996548742607882,0.29255569570563505,-0.9838194033898514,0.9841231756854657,0
0.0428782422044723,0.9009088760241706,-1.179024470547907,-0.5562637754959763,-0.404365943111267,0.9048055324001227,0.06599664927436881,0.2744324511807092,0.03476089066945202,0.9204123179021463,0.5505611813513597,-0.8846092416616166,0.9841231756854657,0
0.5512255078865883,0.9009088760241706,0.8491410419312149,-0.18122641027224912,0.7785050963005594,0.9048055324001227,-0.3298995900612411,1.4316811360790147,0.15896425047687956,-0.34097028968400567,0.03455021005991044,-1.6386064707962011,0.9841231756854657,0
1.0595727735687044,0.9009088760241706,-1.179024470547907,0.5094531908756248,0.9474866733593919,0.9048055324001227,0.5489900612638129,-1.461440576166749,-1.1233515183457474,-0.2262991435398101,0.03455021005991044,0.8614896047553159,0.9841231756854657,0
-0.12657084635623306,-1.1099901739376037,1.5251962127575889,1.1099109431299854,-0.23538436605243465,0.9048055324001227,0.0937093860278615,0.2744324511807092,0.665848232393677,-0.7996548742607882,0.03455021005991044,0.7225953783357871,-1.0161329645585022,1
1.0595727735687044,-1.1099901739376037,-1.179024470547907,-0.3329753593388987,0.6095235192417271,-1.177851894974348,-0.18737694390042153,-0.8828162337175963,0.23617174441122635,0.003043148748581378,1.066572152642809,0.821805540064022,-1.0161329645585022,0
0.0428782422044723,-1.1099901739376037,-1.179024470547907,0.8046285064136358,-0.5733475201700994,-1.177851894974348,2.821434475050214,0.853056793629862,-0.005521280078902488,0.8057411717579506,0.5505611813513597,0.18686050500331922,-1.0161329645585022,0
-0.12657084635623306,-1.1099901739376037,-0.502969299721533,0.4913235422619799,0.2715603651240624,-1.177851894974348,1.6495816066168083,0.2744324511807092,0.001192415045823164,0.4617277333253637,0.8085666669970842,1.0599099282117854,-1.0161329645585022,1
0.7206745964472937,-1.1099901739376037,-1.179024470547907,-0.3966818075161143,0.6095235192417271,-1.177851894974348,-0.8841543251310949,-0.8828162337175963,-1.1804179269059165,-0.7996548742607882,-0.22345527558581418,-1.678290535487495,0.9841231756854657,0
0.38177641932588297,-1.1099901739376037,-0.502969299721533,-0.39570268015196275,0.2715603651240624,0.9048055324001227,-0.7257958293968509,0.2744324511807092,0.5785701957722418,-0.570312581972397,0.5505611813513597,1.4170665104334308,-1.0161329645585022,1
1.0595727735687044,-1.1099901739376037,0.8491410419312149,-0.5785310268420035,0.9474866733593919,0.9048055324001227,0.8577891279455886,1.4316811360790147,-0.005521280078902488,2.411137217776689,-0.22345527558581418,0.9805417988291976,-1.0161329645585022,1
0.38177641932588297,-1.1099901739376037,-1.179024470547907,-0.4879617456579849,0.4405419421828948,0.9048055324001227,-0.646616581529729,-1.461440576166749,-1.0964967378468442,-0.34097028968400567,1.066572152642809,-0.5076106270943244,0.9841231756854657,0
0.0428782422044723,0.9009088760241706,0.8491410419312149,0.08185879552453679,-0.06640278899360229,0.9048055324001227,-0.2823920413409679,-0.8828162337175963,-1.0427871768490378,-0.570312581972397,0.5505611813513597,-1.0631875327724392,0.9841231756854657,0
0.38177641932588297,-1.1099901739376037,1.5251962127575889,-0.5288955864302562,0.6095235192417271,0.9048055324001227,0.8577891279455886,-0.8828162337175963,0.6893461653302174,2.0671237793441026,1.066572152642809,-0.2893482712922078,-1.0161329645585022,1
0.0428782422044723,-1.1099901739376037,-1.179024470547907,-0.335360008241913,0.6095235192417271,0.9048055324001227,0.8577891279455886,-1.461440576166749,0.3301634761573873,1.379096902478929,1.066572152642809,-0.190138109563973,-1.0161329645585022,1
1.2290218621294098,0.9009088760241706,1.5251962127575889,-0.6764753480108412,0.9474866733593919,0.9048055324001227,-0.49221704818884116,0.2744324511807092,-1.8752853723150364,0.3470565871811683,0.03455021005991044,1.0202258635204915,0.9841231756854657,0
0.0428782422044723,-1.1099901739376037,1.5251962127575889,-0.5761305855621481,0.4405419421828948,0.9048055324001227,-1.042512820865339,0.853056793629862,0.03476089066945202,-0.7996548742607882,0.5505611813513597,2.0123274808028393,-1.0161329645585022,1
0.0428782422044723,0.9009088760241706,-1.179024470547907,-0.3676870036357554,0.2715603651240624,-1.177851894974348,-0.5674373336626071,-1.461440576166749,-0.0860856215756121,-0.34097028968400567,0.5505611813513597,0.14717644031202531,0.9841231756854657,0
0.0428782422044723,0.9009088760241706,0.17308587110484092,-0.403519906688334,-0.06640278899360229,-1.177851894974348,0.06599664927436881,-1.461440576166749,-0.811164695045998,0.4617277333253637,1.066572152642809,-0.686188918205147,0.9841231756854657,0
0.0428782422044723,0.9009088760241706,-1.179024470547907,0.8713986756980353,0.6095235192417271,0.9048055324001227,-0.4090788379283631,-1.461440576166749,0.2193875065994116,-1.0289971665491795,0.29255569570563505,-1.0036614357354983,-1.0161329645585022,0
0.21232733076517762,0.9009088760241706,1.5251962127575889,-0.6418584579750315,-0.06640278899360229,0.9048055324001227,-0.48429912340212894,0.853056793629862,1.6997572816014495,0.3470565871811683,0.8085666669970842,0.6829113136444932,-1.0161329645585022,1
0.0428782422044723,-1.1099901739376037,1.5251962127575889,-0.2982005455346774,0.2715603651240624,0.9048055324001227,-0.3774071387815143,0.853056793629862,0.001192415045823164,-0.2262991435398101,0.8085666669970842,-1.4600281796853785,0.9841231756854657,0
0.0428782422044723,0.9009088760241706,1.5251962127575889,0.31135361578018794,0.6095235192417271,0.9048055324001227,1.1349164954805155,1.4316811360790147,3.018998373610068,0.3470565871811683,0.03455021005991044,-0.36871640067479566,-1.0161329645585022,1
0.0428782422044723,0.9009088760241706,0.8491410419312149,-0.1255109047766575,0.6095235192417271,-1.177851894974348,2.2038363416866624,0.853056793629862,0.001192415045823164,2.1817949254882985,0.03455021005991044,-1.12271362980938,0.9841231756854657,0
-0.12657084635623306,-1.1099901739376037,-0.502969299721533,-0.29832688454940665,-0.404365943111267,0.9048055324001227,-0.2507203421941191,-0.8828162337175963,-1.0427871768490378,-0.11162799739561437,0.5505611813513597,1.238488219322608,-1.0161329645585022,0
0.7206745964472937,0.9009088760241706,-1.179024470547907,-0.9029380319129908,0.10257878806523006,0.21058638994196582,-0.765385453330412,1.4316811360790147,-1.0495008719737637,0.8057411717579506,0.03455021005991044,0.6233852166075523,-1.0161329645585022,1
1.0595727735687044,0.9009088760241706,0.8491410419312149,-0.034057250489534195,1.1164682504182242,-1.177851894974348,-0.2507203421941191,0.2744324511807092,-1.3751150855229646,-0.45564143582820127,-0.22345527558581418,0.9805417988291976,-1.0161329645585022,0
0.38177641932588297,-1.1099901739376037,0.8491410419312149,0.3313625572379302,0.4405419421828948,-1.177851894974348,1.6495816066168083,-1.461440576166749,0.03476089066945202,0.6910700256137552,0.8085666669970842,-1.0830295651180861,0.9841231756854657,0
0.0428782422044723,0.9009088760241706,-1.179024470547907,-0.09361030355752625,0.10257878806523006,-1.177851894974348,0.38271364074285674,0.853056793629862,-0.34120603631519225,0.23238544103697253,0.03455021005991044,-0.07108591549009124,0.9841231756854657,0
0.7206745964472937,-1.1099901739376037,0.8491410419312149,0.7446332667940915,0.4405419421828948,0.9048055324001227,-1.042512820865339,-0.8828162337175963,0.001192415045823164,-1.3730106049817663,0.29255569570563505,-1.3012919209202027,0.9841231756854657,0
1.2290218621294098,-1.1099901739376037,-0.502969299721533,0.6500369295155785,0.9474866733593919,-1.177851894974348,0.06599664927436881,0.853056793629862,-1.4724636648314886,-0.6849837281165926,0.5505611813513597,-0.15045404487267908,-1.0161329645585022,0
0.7206745964472937,0.9009088760241706,-0.502969299721533,2.087237976321647,0.9474866733593919,-1.177851894974348,-1.1375279183058853,0.853056793629862,1.1458774338115711,-1.487681751125962,1.066572152642809,0.5837011519162584,0.9841231756854657,0
0.0428782422044723,0.9009088760241706,-1.179024470547907,-0.21047389218206647,-0.06640278899360229,-1.177851894974348,1.6495816066168083,1.4316811360790147,-1.4724636648314886,1.8377814870557112,0.03455021005991044,-1.102871597463733,0.9841231756854657,0
-0.12657084635623306,-1.1099901739376037,-0.502969299721533,-0.23747885658043996,-0.404365943111267,-1.177851894974348,-0.7257958293968509,0.853056793629862,0.001192415045823164,-0.6849837281165926,-0.22345527558581418,-0.4282424977117365,-1.0161329645585022,0
-0.12657084635623306,0.9009088760241706,0.8491410419312149,-0.01649612744217085,-0.7423290972289317,-1.177851894974348,1.3328646151483206,0.853056793629862,-1.173704231781191,1.035083464046342,-0.22345527558581418,-0.6465048535138531,-1.0161329645585022,0
0.38177641932588297,0.9009088760241706,0.8491410419312149,0.02274792900809705,0.7785050963005594,0.9048055324001227,-0.09236184645987515,0.853056793629862,0.6255660616453219,-0.34097028968400567,0.8085666669970842,1.258330251668255,-1.0161329645585022,0
0.7206745964472937,0.9009088760241706,-0.502969299721533,-0.5592169499652722,1.1164682504182242,-1.177851894974348,-1.1058562191590364,0.853056793629862,-1.1804179269059165,-0.9143260204049839,1.066572152642809,0.10749237562073138,0.9841231756854657,0
0.21232733076517762,-1.1099901739376037,-1.179024470547907,1.1561352301440435,0.7785050963005594,-1.177851894974348,2.3226052134873454,0.2744324511807092,0.11868207972852446,0.23238544103697253,1.066572152642809,-0.15045404487267908,-1.0161329645585022,0
1.2290218621294098,0.9009088760241706,0.8491410419312149,0.4788475645574682,1.2854498274770565,0.21058638994196582,0.06599664927436881,0.2744324511807092,-0.811164695045998,-0.570312581972397,0.5505611813513597,0.6233852166075523,0.9841231756854657,0
0.21232733076517762,-1.1099901739376037,-0.502969299721533,-0.10648109068306683,-0.06640278899360229,0.9048055324001227,0.6994306322113446,-0.3041918912684436,-1.173704231781191,0.5763988794695595,-0.22345527558581418,-0.15045404487267908,-1.0161329645585022,0
0.21232733076517762,0.9009088760241706,-1.179024470547907,1.1287196639477999,-0.404365943111267,-1.177851894974348,0.06599664927436881,1.4316811360790147,-1.7510820125076092,-0.7996548742607882,0.8085666669970842,0.32575473142284794,0.9841231756854657,0
1.0595727735687044,0.9009088760241706,0.8491410419312149,-0.7910964191239376,1.2854498274770565,0.21058638994196582,-1.1375279183058853,1.4316811360790147,0.9981761410676039,-0.6849837281165926,0.03455021005991044,-1.5989224061049072,0.9841231756854657,0
0.7206745964472937,-1.1099901739376037,0.8491410419312149,0.09983052036977014,0.2715603651240624,-1.177851894974348,0.6994306322113446,0.2744324511807092,-1.3482603050240614,0.23238544103697253,-0.22345527558581418,-0.051243883144444294,0.9841231756854657,0
0.38177641932588297,-1.1099901739376037,-0.502969299721533,2.9044618930976887,0.2715603651240624,-1.177851894974348,4.024959042630468,0.2744324511807092,2.9149360991768187,-0.11162799739561437,0.8085666669970842,0.7424374106814341,-1.0161329645585022,1
-0.12657084635623306,0.9009088760241706,1.5251962127575889,-0.7484570016528215,-0.06640278899360229,0.9048055324001227,0.38271364074285674,0.2744324511807092,0.7430557263280237,2.640479510065081,0.29255569570563505,1.258330251668255,-1.0161329645585022,1
0.21232733076517762,-1.1099901739376037,-1.179024470547907,0.16372647706907956,0.10257878806523006,0.21058638994196582,-0.13591043278679224,-0.8828162337175963,-1.6839450612603513,-0.45564143582820127,-0.22345527558581418,0.2463866020402601,-1.0161329645585022,0
0.38177641932588297,0.9009088760241706,-1.179024470547907,-0.5269373317019532,0.10257878806523006,0.21058638994196582,-0.5674373336626071,-0.3041918912684436,0.19253272610050842,-0.11162799739561437,0.5505611813513597,0.8813316371009629,0.9841231756854657,0
0.0428782422044723,0.9009088760241706,-1.179024470547907,-0.4863509232201872,-0.06640278899360229,0.9048055324001227,0.6994306322113446,0.2744324511807092,0.2965950005337584,1.7231103409115156,0.5505611813513597,-0.6266628211682062,-1.0161329645585022,1
0.890123685007999,0.9009088760241706,-1.179024470547907,-0.30083787246715016,0.4405419421828948,-1.177851894974348,0.06599664927436881,-0.3041918912684436,-0.34120603631519225,0.23238544103697253,0.29255569570563505,0.5837011519162584,-1.0161329645585022,0
0.38177641932588297,0.9009088760241706,1.5251962127575889,0.085980605880078,0.6095235192417271,0.9048055324001227,0.8577891279455886,-1.461440576166749,0.8739727812601764,0.4617277333253637,0.03455021005991044,0.7424374106814341,-1.0161329645585022,0
0.38177641932588297,0.9009088760241706,0.8491410419312149,0.582745611795421,0.6095235192417271,-1.177851894974348,-0.5674373336626071,-0.3041918912684436,-1.8752853723150364,-1.0289971665491795,0.03455021005991044,-0.8052411122790287,0.9841231756854657,0
0.890123685007999,0.9009088760241706,0.8491410419312149,0.4085399028606502,0.9474866733593919,-1.177851894974348,-0.09236184645987515,1.4316811360790147,2.3241309282009484,-0.570312581972397,0.29255569570563505,0.40512286080543575,-1.0161329645585022,0
1.0595727735687044,0.9009088760241706,-1.179024470547907,0.08196934216242487,1.1164682504182242,-1.177851894974348,1.6495816066168083,-1.461440576166749,-1.4993184453303918,1.1497546101905376,0.03455021005991044,-0.9441353386985575,0.9841231756854657,0
0.0428782422044723,-1.1099901739376037,1.5251962127575889,-0.29767939709891933,-0.23538436605243465,0.9048055324001227,0.8577891279455886,0.853056793629862,-1.1804179269059165,1.2644257563347332,0.5505611813513597,0.12733440796637835,-1.0161329645585022,0
0.21232733076517762,-1.1099901739376037,-0.502969299721533,-0.06351003329828656,0.7785050963005594,0.9048055324001227,-0.2507203421941191,-0.3041918912684436,-1.4724636648314886,-0.34097028968400567,0.8085666669970842,-0.22982217425526694,-1.0161329645585022,0
0.5512255078865883,0.9009088760241706,0.8491410419312149,-0.7907489868334322,0.9474866733593919,0.9048055324001227,-0.8208109268373974,0.853056793629862,1.5486991412951188,0.1177142948927768,0.03455021005991044,-0.07108591549009124,-1.0161329645585022,1
0.5512255078865883,-1.1099901739376037,1.5251962127575889,0.32981490430749705,0.10257878806523006,-1.177851894974348,-0.3298995900612411,0.2744324511807092,0.001192415045823164,-0.7996548742607882,1.066572152642809,-1.4997122443766724,0.9841231756854657,0
0.0428782422044723,0.9009088760241706,-0.502969299721533,-0.1272322738523433,0.2715603651240624,-1.177851894974348,-0.2507203421941191,-1.461440576166749,-1.2207000976542715,-0.34097028968400567,1.066572152642809,-1.4798702120310254,-1.0161329645585022,1
0.38177641932588297,-1.1099901739376037,-0.502969299721533,-0.10771289607667685,-0.23538436605243465,0.21058638994196582,-0.5674373336626071,-1.461440576166749,1.286865031430813,-0.6849837281165926,-0.22345527558581418,0.821805540064022,-1.0161329645585022,0
0.0428782422044723,-1.1099901739376037,-0.502969299721533,-0.44683839636361966,0.2715603651240624,0.9048055324001227,-0.7574675285436998,0.853056793629862,0.4745079213389917,-0.570312581972397,0.8085666669970842,0.305912699077201,-1.0161329645585022,0
0.0428782422044723,-1.1099901739376037,0.17308587110484092,0.9320414027680669,0.10257878806523006,0.9048055324001227,-1.0662665952254755,-0.3041918912684436,-1.4993184453303918,-1.3730106049817663,0.29255569570563505,0.16701847265767225,0.9841231756854657,0
1.0595727735687044,-1.1099901739376037,-0.502969299721533,0.058580832060675665,0.2715603651240624,0.9048055324001227,0.5094004373302519,-0.8828162337175963,1.575553921794022,0.1177142948927768,1.066572152642809,-0.7853990799333818,-1.0161329645585022,1
0.38177641932588297,0.9009088760241706,-1.179024470547907,-0.4859087366686349,0.7785050963005594,0.9048055324001227,-0.09236184645987515,0.2744324511807092,1.934736610966852,0.4617277333253637,0.8085666669970842,0.801963507718375,-1.0161329645585022,0
0.0428782422044723,0.9009088760241706,-1.179024470547907,-0.24346416740323737,0.6095235192417271,0.9048055324001227,-0.4090788379283631,0.853056793629862,-0.37813135950118393,-0.34097028968400567,0.03455021005991044,-1.0631875327724392,-1.0161329645585022,0
0.7206745964472937,0.9009088760241706,-0.502969299721533,-0.34252974732779695,0.6095235192417271,0.9048055324001227,0.22435514500861276,-0.8828162337175963,-1.173704231781191,0.5763988794695595,0.29255569570563505,1.734539027963782,-1.0161329645585022,0
-0.12657084635623306,0.9009088760241706,0.8491410419312149,-0.11338235936265116,-0.404365943111267,-1.177851894974348,0.8577891279455886,-1.461440576166749,0.2865244578466693,0.8057411717579506,0.5505611813513597,-0.15045404487267908,-1.0161329645585022,0
0.38177641932588297,0.9009088760241706,1.5251962127575889,-0.10441228931687564,-0.06640278899360229,0.9048055324001227,-0.2507203421941191,0.2744324511807092,-1.1233515183457474,-0.34097028968400567,-0.22345527558581418,-0.051243883144444294,0.9841231756854657,0
0.5512255078865883,0.9009088760241706,-1.179024470547907,-0.48137632451522366,0.4405419421828948,-1.177851894974348,0.6994306322113446,0.853056793629862,-1.6705176710108995,1.6084391947673204,1.066572152642809,0.5241750548793175,0.9841231756854657,0
1.2290218621294098,-1.1099901739376037,-1.179024470547907,-0.3954342097456631,1.4544314045358888,-1.177851894974348,-0.4882580857954851,-0.8828162337175963,0.9981761410676039,-0.2262991435398101,1.066572152642809,1.3972244780877838,-1.0161329645585022,0
0.38177641932588297,0.9009088760241706,-0.502969299721533,0.36811141814729575,0.10257878806523006,0.9048055324001227,-0.8524826259842462,0.853056793629862,-1.6839450612603513,-1.143668312693375,1.066572152642809,1.1392780575943733,-1.0161329645585022,0
0.0428782422044723,0.9009088760241706,-1.179024470547907,-0.20638366658020757,-0.7423290972289317,-1.177851894974348,-0.2507203421941191,0.853056793629862,0.001192415045823164,-0.2262991435398101,0.8085666669970842,0.028124246238143545,0.9841231756854657,0
-0.12657084635623306,0.9009088760241706,1.5251962127575889,-0.6390632072741472,0.10257878806523006,0.9048055324001227,-0.5991090328094558,0.853056793629862,-1.1804179269059165,0.1177142948927768,0.29255569570563505,-0.32903233598350173,-1.0161329645585022,0
1.0595727735687044,-1.1099901739376037,-1.179024470547907,-0.457735136384016,1.1164682504182242,-1.177851894974348,1.2536853672811985,-1.461440576166749,-1.623521805137819,2.2964660716324943,0.5505611813513597,0.5440170872249644,0.9841231756854657,0
0.21232733076517762,0.9009088760241706,-1.179024470547907,0.5503554468942139,-0.404365943111267,-1.177851894974348,-1.1375279183058853,-0.3041918912684436,0.9108981044461687,-1.3730106049817663,0.5505611813513597,-1.0036614357354983,-1.0161329645585022,0
-0.12657084635623306,0.9009088760241706,-0.502969299721533,0.2684457279027723,-0.23538436605243465,-1.177851894974348,4.024959042630468,1.4316811360790147,0.001192415045823164,2.525808363920885,0.5505611813513597,-0.9441353386985575,0.9841231756854657,0
0.21232733076517762,0.9009088760241706,-1.179024470547907,-0.5659287101227626,0.10257878806523006,0.9048055324001227,0.38271364074285674,1.4316811360790147,0.4040141225293712,1.4937680486231246,1.066572152642809,0.14717644031202531,-1.0161329645585022,1
0.0428782422044723,0.9009088760241706,-1.179024470547907,-0.5006904013919551,-0.404365943111267,0.9048055324001227,-0.7257958293968509,0.853056793629862,-0.25392799969375696,-0.45564143582820127,0.29255569570563505,0.4448069254967297,-1.0161329645585022,0
1.2290218621294098,-1.1099901739376037,0.8491410419312149,-0.8683053495003399,1.7923945586535535,0.9048055324001227,-0.646616581529729,0.2744324511807092,0.5651428055227898,0.9204123179021463,0.8085666669970842,0.8416475724096689,-1.0161329645585022,0
0.890123685007999,-1.1099901739376037,-0.502969299721533,-0.5835845874311729,0.4405419421828948,-1.177851894974348,-0.5674373336626071,-0.8828162337175963,-1.8752853723150364,0.003043148748581378,1.066572152642809,0.801963507718375,-1.0161329645585022,0
0.38177641932588297,-1.1099901739376037,0.8491410419312149,0.7392322739144167,0.6095235192417271,0.21058638994196582,0.9211325262392862,-0.3041918912684436,0.11868207972852446,-0.2262991435398101,0.5505611813513597,0.8614896047553159,-1.0161329645585022,0
0.38177641932588297,0.9009088760241706,0.8491410419312149,-0.31655128742409844,-0.404365943111267,0.21058638994196582,-0.17154109432699713,-0.3041918912684436,0.3939435798422821,0.003043148748581378,1.066572152642809,-0.8052411122790287,0.9841231756854657,0
-0.12657084635623306,0.9009088760241706,0.17308587110484092,-0.11137672750382459,-0.404365943111267,0.9048055324001227,2.4413740852880284,0.853056793629862,0.001192415045823164,2.2964660716324943,0.8085666669970842,1.0003838311748445,-1.0161329645585022,1
0.890123685007999,0.9009088760241706,-0.502969299721533,-0.07176944638621015,0.6095235192417271,0.9048055324001227,-0.2507203421941191,-0.8828162337175963,0.15896425047687956,-0.34097028968400567,-0.22345527558581418,1.3773824457421369,0.9841231756854657,0
0.890123685007999,-1.1099901739376037,-0.502969299721533,-0.6726378004384408,0.6095235192417271,0.9048055324001227,-0.5674373336626071,0.2744324511807092,2.8243012149930204,0.23238544103697253,0.8085666669970842,0.9210157017922567,-1.0161329645585022,1
0.21232733076517762,-1.1099901739376037,0.8491410419312149,-0.6379419485184252,0.2715603651240624,-1.177851894974348,-0.2507203421941191,0.853056793629862,-1.6839450612603513,0.6910700256137552,0.03455021005991044,0.7225953783357871,-1.0161329645585022,0
-0.12657084635623306,-1.1099901739376037,-0.502969299721533,0.4618391746995452,-0.23538436605243465,0.9048055324001227,1.0161476236798326,0.853056793629862,-0.7138161157374736,0.1177142948927768,0.8085666669970842,0.26622863438590705,0.9841231756854657,0
0.7206745964472937,0.9009088760241706,-0.502969299721533,-0.8849347223140751,0.4405419421828948,0.9048055324001227,-0.7257958293968509,1.4316811360790147,-0.34120603631519225,0.8057411717579506,0.03455021005991044,-0.011559818453150373,-1.0161329645585022,1
0.7206745964472937,-1.1099901739376037,-0.502969299721533,0.6739939651836092,0.6095235192417271,0.9048055324001227,0.8577891279455886,-1.461440576166749,2.206641263518246,-0.2262991435398101,-0.22345527558581418,-0.24966420660091387,-1.0161329645585022,1
0.21232733076517762,-1.1099901739376037,-0.502969299721533,2.5447905105404045,0.6095235192417271,0.9048055324001227,1.0161476236798326,0.853056793629862,0.5651428055227898,-0.7996548742607882,0.29255569570563505,-0.38855843302044263,0.9841231756854657,0
0.7206745964472937,0.9009088760241706,1.5251962127575889,0.558156881053744,0.9474866733593919,-1.177851894974348,0.8577891279455886,-0.8828162337175963,-1.6839450612603513,-0.11162799739561437,0.29255569570563505,1.4369085427790778,0.9841231756854657,0
0.21232733076517762,-1.1099901739376037,-0.502969299721533,-0.10447545882424025,0.6095235192417271,-1.177851894974348,0.7192254441781252,0.853056793629862,0.8336906105118219,0.5763988794695595,-0.22345527558581418,1.317856348705196,0.9841231756854657,0
0.5512255078865883,-1.1099901739376037,-1.179024470547907,0.6696668539291329,0.6095235192417271,0.9048055324001227,1.6495816066168083,-1.461440576166749,-1.0427871768490378,0.23238544103697253,-0.22345527558581418,1.734539027963782,-1.0161329645585022,0
0.5512255078865883,0.9009088760241706,-1.179024470547907,0.2687457830627542,0.7785050963005594,0.9048055324001227,0.06599664927436881,1.4316811360790147,0.001192415045823164,-0.45564143582820127,0.8085666669970842,0.286070666731554,0.9841231756854657,0
-0.12657084635623306,-1.1099901739376037,0.8491410419312149,-0.8792020895207362,-0.5733475201700994,0.9048055324001227,-0.0013057114126848765,-0.3041918912684436,-1.4724636648314886,2.984492948497668,-0.22345527558581418,-0.7655570475877348,-1.0161329645585022,1
0.7206745964472937,-1.1099901739376037,-0.502969299721533,-0.6556767877110413,0.10257878806523006,0.9048055324001227,-0.34573543963466546,-0.8828162337175963,1.934736610966852,0.5763988794695595,0.03455021005991044,-0.5076106270943244,-1.0161329645585022,1
0.0428782422044723,0.9009088760241706,-0.502969299721533,0.04782622343184974,0.2715603651240624,-1.177851894974348,-1.121692068732461,-0.3041918912684436,0.23617174441122635,-1.2583394588375707,0.5505611813513597,0.6035431842619053,-1.0161329645585022,0
0.21232733076517762,-1.1099901739376037,-0.502969299721533,-0.5348808972530537,0.2715603651240624,0.9048055324001227,-0.9950052721450657,0.853056793629862,-0.21364582894540246,-0.7996548742607882,-0.22345527558581418,0.9606997664835506,-1.0161329645585022,0
0.21232733076517762,0.9009088760241706,-1.179024470547907,-0.2616569855242469,0.10257878806523006,0.9048055324001227,0.06599664927436881,1.4316811360790147,-1.0092187012254088,0.23238544103697253,0.03455021005991044,-0.5869787564769122,0.9841231756854657,0
-0.12657084635623306,-1.1099901739376037,-0.502969299721533,0.4599440894786067,-0.23538436605243465,-1.177851894974348,0.8577891279455886,-1.461440576166749,0.001192415045823164,0.003043148748581378,0.03455021005991044,-1.6386064707962011,0.9841231756854657,0
0.7206745964472937,0.9009088760241706,-0.502969299721533,0.3634368746023141,0.9474866733593919,-1.177851894974348,-0.09236184645987515,0.853056793629862,-0.5661148229935064,-0.570312581972397,1.066572152642809,-0.6663468858595001,-1.0161329645585022,0
1.0595727735687044,0.9009088760241706,-1.179024470547907,0.4589333773607729,0.9474866733593919,-1.177851894974348,2.3226052134873454,-0.3041918912684436,-0.12972463988633004,0.9204123179021463,0.03455021005991044,0.7027533459901402,-1.0161329645585022,0
0.7206745964472937,-1.1099901739376037,-1.179024470547907,-0.6378945713879017,0.6095235192417271,0.9048055324001227,-0.9791694225716413,-1.461440576166749,0.001192415045823164,-0.570312581972397,0.29255569570563505,-0.7853990799333818,-1.0161329645585022,1
0.890123685007999,-1.1099901739376037,-0.502969299721533,-0.5542739360139909,0.9474866733593919,-1.177851894974348,0.06599664927436881,1.4316811360790147,-0.5627579754311435,0.9204123179021463,0.03455021005991044,-1.4600281796853785,0.9841231756854657,0
1.0595727735687044,-1.1099901739376037,-0.502969299721533,-0.7473199505202585,0.9474866733593919,-1.177851894974348,-0.9474977234247925,-1.461440576166749,-0.37813135950118393,-0.34097028968400567,-0.22345527558581418,1.258330251668255,-1.0161329645585022,0
0.21232733076517762,-1.1099901739376037,-1.179024470547907,-0.3945814213962408,0.4405419421828948,0.9048055324001227,0.38271364074285674,0.2744324511807092,0.665848232393677,0.9204123179021463,0.5505611813513597,0.782121475372728,-1.0161329645585022,0
0.7206745964472937,0.9009088760241706,0.17308587110484092,-0.33526525398086604,0.4405419421828948,-1.177851894974348,-0.6941241302500022,-1.461440576166749,-1.8752853723150364,-0.570312581972397,-0.22345527558581418,1.317856348705196,-1.0161329645585022,0
-0.12657084635623306,-1.1099901739376037,1.5251962127575889,-0.48371359628771443,-0.06640278899360229,0.9048055324001227,1.6495816066168083,0.2744324511807092,-1.3751150855229646,3.0991640946418633,-0.22345527558581418,0.4844909901880236,-1.0161329645585022,1
0.5512255078865883,-1.1099901739376037,-1.179024470547907,-0.010179176705709218,0.4405419421828948,0.9048055324001227,-0.3298995900612411,-0.8828162337175963,-0.018948670328354386,-0.570312581972397,0.03455021005991044,1.0202258635204915,-1.0161329645585022,0
0.38177641932588297,0.9009088760241706,-1.179024470547907,0.34499137845184613,0.2715603651240624,-1.177851894974348,0.38271364074285674,0.853056793629862,0.03476089066945202,-0.2262991435398101,0.29255569570563505,-0.051243883144444294,-1.0161329645585022,0
0.890123685007999,0.9009088760241706,0.8491410419312149,-0.7741196140196969,0.7785050963005594,-1.177851894974348,-1.042512820865339,-1.461440576166749,0.5114332445249834,-0.45564143582820127,0.03455021005991044,0.6035431842619053,0.9841231756854657,0
-0.12657084635623306,0.9009088760241706,-0.502969299721533,-0.2392160180329669,-0.5733475201700994,-1.177851894974348,-0.6307807319563046,-1.461440576166749,0.2865244578466693,-0.570312581972397,0.03455021005991044,-0.44808453005738347,0.9841231756854657,0
-0.12657084635623306,0.9009088760241706,1.5251962127575889,0.012798731598169976,0.10257878806523006,-1.177851894974348,1.8079401023510524,0.2744324511807092,1.5486991412951188,1.379096902478929,1.066572152642809,1.0400678958661385,-1.0161329645585022,1
0.0428782422044723,0.9009088760241706,-1.179024470547907,-0.03186211010861378,-0.23538436605243465,-1.177851894974348,1.6495816066168083,0.853056793629862,0.5651428055227898,1.379096902478929,0.5505611813513597,-0.4877685947486774,0.9841231756854657,0
0.0428782422044723,0.9009088760241706,-0.502969299721533,1.2352550381182255,-0.06640278899360229,-1.177851894974348,0.06599664927436881,0.2744324511807092,0.7866947446387411,-0.9143260204049839,0.29255569570563505,0.9408577341379036,-1.0161329645585022,0
-0.12657084635623306,-1.1099901739376037,1.5251962127575889,-0.582684421951227,-0.23538436605243465,0.9048055324001227,0.06599664927436881,1.4316811360790147,0.830333762949459,1.035083464046342,0.5505611813513597,-0.13061201252703214,0.9841231756854657,0
-0.12657084635623306,0.9009088760241706,-1.179024470547907,3.2022429508144903,-0.5733475201700994,-1.177851894974348,2.91644957249076,0.853056793629862,1.6628319584154578,-0.45564143582820127,0.8085666669970842,-0.36871640067479566,-1.0161329645585022,0
0.0428782422044723,-1.1099901739376037,-1.179024470547907,-0.6062308558213878,-0.06640278899360229,-1.177851894974348,-1.042512820865339,0.2744324511807092,-1.8752853723150364,-0.7996548742607882,-0.22345527558581418,0.38528082845978884,0.9841231756854657,0
0.0428782422044723,-1.1099901739376037,-1.179024470547907,1.4998721044686032,-0.5733475201700994,-1.177851894974348,2.4413740852880284,0.2744324511807092,0.001192415045823164,0.003043148748581378,0.29255569570563505,-0.051243883144444294,-1.0161329645585022,0
0.0428782422044723,-1.1099901739376037,-1.179024470547907,-0.28863036516893803,0.2715603651240624,0.9048055324001227,1.4120438630154424,-0.8828162337175963,1.6829730437896346,1.8377814870557112,-0.22345527558581418,0.7622794430270811,-1.0161329645585022,1
-0.12657084635623306,-1.1099901739376037,0.17308587110484092,-0.48663518600332795,0.4405419421828948,0.9048055324001227,-0.3774071387815143,0.2744324511807092,0.7430557263280237,0.1177142948927768,0.03455021005991044,1.794065125000723,-1.0161329645585022,0
0.5512255078865883,0.9009088760241706,-1.179024470547907,0.1720016825338443,0.7785050963005594,0.9048055324001227,0.06599664927436881,0.853056793629862,0.8269769153870962,-0.34097028968400567,-0.22345527558581418,1.6353288662355472,-1.0161329645585022,0
0.7206745964472937,0.9009088760241706,0.8491410419312149,0.7041889897038958,1.4544314045358888,-1.177851894974348,3.7082420511619802,-0.8828162337175963,2.562467105128714,1.4937680486231246,1.066572152642809,1.4567505751247247,-1.0161329645585022,1
0.38177641932588297,0.9009088760241706,1.5251962127575889,-0.4407425389029342,-0.23538436605243465,0.9048055324001227,0.8577891279455886,0.2744324511807092,-0.0860856215756121,1.7231103409115156,0.03455021005991044,0.5241750548793175,-1.0161329645585022,1
-0.12657084635623306,-1.1099901739376037,1.5251962127575889,-0.48815125418007876,-0.06640278899360229,-1.177851894974348,-0.2507203421941191,-0.3041918912684436,1.2465828606824585,0.23238544103697253,0.29255569570563505,0.3455967637684949,0.9841231756854657,0
-0.12657084635623306,0.9009088760241706,0.8491410419312149,0.2707829996752631,-0.23538436605243465,-1.177851894974348,1.6495816066168083,-0.8828162337175963,0.11868207972852446,0.8057411717579506,0.5505611813513597,0.3654387961141419,-1.0161329645585022,0
-0.12657084635623306,0.9009088760241706,0.17308587110484092,-0.3843321688263318,-0.5733475201700994,0.9048055324001227,1.3328646151483206,1.4316811360790147,0.7229146409538463,2.0671237793441026,0.29255569570563505,0.3455967637684949,-1.0161329645585022,1
-0.12657084635623306,-1.1099901739376037,-0.502969299721533,-0.5859850287110283,0.10257878806523006,0.9048055324001227,-0.2507203421941191,1.4316811360790147,0.4040141225293712,0.5763988794695595,0.5505611813513597,1.5758027691986063,-1.0161329645585022,0
0.38177641932588297,0.9009088760241706,1.5251962127575889,-0.7856006719832159,0.6095235192417271,0.9048055324001227,-0.7257958293968509,0.853056793629862,-0.1397951825734185,0.3470565871811683,0.8085666669970842,1.317856348705196,-1.0161329645585022,0
-0.12657084635623306,-1.1099901739376037,-0.502969299721533,0.8875858619602182,0.4405419421828948,-1.177851894974348,2.2830155895537843,1.4316811360790147,0.001192415045823164,0.4617277333253637,-0.22345527558581418,0.18686050500331922,-1.0161329645585022,0
0.21232733076517762,0.9009088760241706,-1.179024470547907,1.4845377065558425,0.10257878806523006,-1.177851894974348,1.0161476236798326,1.4316811360790147,-1.4724636648314886,-0.570312581972397,0.03455021005991044,1.0797519605574324,-1.0161329645585022,0
-0.12657084635623306,-1.1099901739376037,-0.502969299721533,-0.051934221073720616,-0.06640278899360229,0.21058638994196582,-0.013182598592753173,-0.8828162337175963,-0.9857207682888686,-0.2262991435398101,0.5505611813513597,0.9011736694466097,0.9841231756854657,0
0.21232733076517762,-1.1099901739376037,-1.179024470547907,-0.30424902586483943,0.6095235192417271,-1.177851894974348,-1.2800505644667048,0.2744324511807092,0.7061304031420315,-1.3730106049817663,0.5505611813513597,0.4249648931510827,-1.0161329645585022,0
0.0428782422044723,-1.1099901739376037,1.5251962127575889,-0.2892146831120607,0.2715603651240624,0.9048055324001227,-0.6941241302500022,-0.3041918912684436,0.5114332445249834,-0.6849837281165926,0.5505611813513597,1.1988041546313142,0.9841231756854657,0
0.890123685007999,-1.1099901739376037,-0.502969299721533,-0.838899943822111,0.6095235192417271,0.9048055324001227,0.06599664927436881,0.853056793629862,0.5114332445249834,2.640479510065081,0.29255569570563505,0.782121475372728,-1.0161329645585022,1
-0.12657084635623306,0.9009088760241706,1.5251962127575889,1.0285170328906772,-0.06640278899360229,-1.177851894974348,-0.4090788379283631,-0.8828162337175963,-1.2979075915886182,-1.0289971665491795,0.29255569570563505,-0.6266628211682062,0.9841231756854657,0
0.0428782422044723,0.9009088760241706,0.8491410419312149,0.8398928838999329,0.10257878806523006,-1.177851894974348,0.8577891279455886,0.2744324511807092,-0.33784918875282943,-0.34097028968400567,0.03455021005991044,-1.3012919209202027,0.9841231756854657,0
-0.12657084635623306,0.9009088760241706,-0.502969299721533,0.6462625514505427,-0.404365943111267,-1.177851894974348,0.38271364074285674,-0.3041918912684436,-1.6705176710108995,-0.45564143582820127,0.29255569570563505,0.9805417988291976,-1.0161329645585022,0
0.7206745964472937,-1.1099901739376037,-1.179024470547907,-0.17045600926658203,0.9474866733593919,0.21058638994196582,0.38271364074285674,0.2744324511807092,1.327147202179168,0.3470565871811683,-0.22345527558581418,-0.09092794783573821,-1.0161329645585022,0
-0.12657084635623306,-1.1099901739376037,-1.179024470547907,-0.33275426606312253,-0.5733475201700994,0.9048055324001227,-0.8841543251310949,-0.3041918912684436,-1.6705176710108995,-0.7996548742607882,0.03455021005991044,-0.36871640067479566,-1.0161329645585022,1
1.0595727735687044,0.9009088760241706,0.8491410419312149,0.5952531742536149,1.4544314045358888,0.9048055324001227,1.6495816066168083,-0.3041918912684436,0.7430557263280237,0.3470565871811683,0.29255569570563505,-0.38855843302044263,-1.0161329645585022,0
0.890123685007999,0.9009088760241706,1.5251962127575889,-0.23858432295932075,0.6095235192417271,0.9048055324001227,0.38271364074285674,0.2744324511807092,0.6154955189582334,0.5763988794695595,-0.22345527558581418,-1.202081759191968,0.9841231756854657,0
1.2290218621294098,0.9009088760241706,-1.179024470547907,-0.028119316797260256,1.7923945586535535,-1.177851894974348,0.7786098800784667,0.2744324511807092,-1.1233515183457474,0.5763988794695595,0.5505611813513597,0.7225953783357871,-1.0161329645585022,0
0.5512255078865883,0.9009088760241706,-0.502969299721533,0.43868755025041334,0.2715603651240624,0.9048055324001227,0.06599664927436881,0.2744324511807092,-0.005521280078902488,-0.570312581972397,-0.22345527558581418,-0.051243883144444294,0.9841231756854657,0
0.5512255078865883,0.9009088760241706,0.8491410419312149,0.7636314961339998,0.9474866733593919,-1.177851894974348,-1.1375279183058853,-1.461440576166749,-0.46205254856025635,-1.3730106049817663,-0.22345527558581418,0.3455967637684949,-1.0161329645585022,0
-0.12657084635623306,-1.1099901739376037,-1.179024470547907,1.0213946709353168,-0.06640278899360229,-1.177851894974348,0.6994306322113446,0.853056793629862,0.3301634761573873,-0.45564143582820127,0.29255569570563505,-1.9560789883265524,0.9841231756854657,0
0.0428782422044723,0.9009088760241706,-1.179024470547907,-0.7891381643956344,-0.23538436605243465,0.9048055324001227,-0.7257958293968509,-0.8828162337175963,0.2865244578466693,0.3470565871811683,0.5505611813513597,-0.26950623894656084,-1.0161329645585022,0
0.21232733076517762,-1.1099901739376037,-0.502969299721533,-0.10919737949974533,-0.06640278899360229,-1.177851894974348,0.6202513843442227,0.2744324511807092,-1.173704231781191,0.4617277333253637,-0.22345527558581418,0.008282213892496587,0.9841231756854657,0
0.0428782422044723,-1.1099901739376037,-0.502969299721533,0.8398928838999329,0.10257878806523006,-1.177851894974348,0.38271364074285674,0.2744324511807092,-0.6936750303632967,-0.570312581972397,0.29255569570563505,-3.4243893819044273,0.9841231756854657,0
0.0428782422044723,0.9009088760241706,-0.502969299721533,0.3644633790969891,0.2715603651240624,0.9048055324001227,-0.2507203421941191,-0.8828162337175963,0.23617174441122635,-0.6849837281165926,0.03455021005991044,0.6630692812988462,-1.0161329645585022,0
0.38177641932588297,0.9009088760241706,-0.502969299721533,3.7774960696303688,0.10257878806523006,-1.177851894974348,2.2830155895537843,-0.3041918912684436,1.327147202179168,-0.6849837281165926,0.29255569570563505,1.0599099282117854,-1.0161329645585022,0
1.0595727735687044,0.9009088760241706,0.8491410419312149,1.1415746586964994,0.7785050963005594,-1.177851894974348,0.0026532509806712224,-0.3041918912684436,0.16232109803924238,-0.9143260204049839,1.066572152642809,-0.17029607721832604,-1.0161329645585022,0
0.890123685007999,-1.1099901739376037,-0.502969299721533,0.38636740577566986,0.6095235192417271,-1.177851894974348,0.8577891279455886,0.853056793629862,1.8407448792206904,0.003043148748581378,0.8085666669970842,-0.5472946917856183,0.9841231756854657,0
0.5512255078865883,0.9009088760241706,-0.502969299721533,-0.31629860939464,1.1164682504182242,0.9048055324001227,-0.6307807319563046,0.853056793629862,-1.6705176710108995,-0.570312581972397,0.03455021005991044,1.35754041339649,0.9841231756854657,0
0.0428782422044723,0.9009088760241706,-1.179024470547907,1.3337205077228211,-0.06640278899360229,-1.177851894974348,-0.2507203421941191,1.4316811360790147,0.8739727812601764,-1.0289971665491795,-0.22345527558581418,1.1591200899400202,-1.0161329645585022,0
0.0428782422044723,-1.1099901739376037,-0.502969299721533,0.01513600337066078,0.10257878806523006,0.9048055324001227,-0.09236184645987515,0.2744324511807092,1.7736079279734327,-0.34097028968400567,0.5505611813513597,1.694854963272488,-1.0161329645585022,1
0.0428782422044723,-1.1099901739376037,0.8491410419312149,-0.6145534384166761,0.2715603651240624,-1.177851894974348,1.1269985706938033,0.853056793629862,-1.1233515183457474,3.0991640946418633,-0.22345527558581418,1.0202258635204915,-1.0161329645585022,0
0.38177641932588297,-1.1099901739376037,-0.502969299721533,0.07715266722587287,-0.23538436605243465,0.9048055324001227,-0.3774071387815143,-0.3041918912684436,0.001192415045823164,-0.6849837281165926,-0.22345527558581418,-1.4401861473397315,0.9841231756854657,0
0.890123685007999,-1.1099901739376037,0.8491410419312149,0.6487735393682861,1.6234129815947211,-1.177851894974348,2.4413740852880284,-0.8828162337175963,-0.2069321338206762,0.8057411717579506,0.8085666669970842,0.4249648931510827,0.9841231756854657,0
0.890123685007999,-1.1099901739376037,-1.179024470547907,0.5760180592610893,0.4405419421828948,-1.177851894974348,-0.2507203421941191,-1.461440576166749,0.9108981044461687,-0.7996548742607882,-0.22345527558581418,1.5956448015442533,-1.0161329645585022,0
0.7206745964472937,-1.1099901739376037,-0.502969299721533,-0.6424111911644719,0.4405419421828948,0.9048055324001227,-1.1058562191590364,-1.461440576166749,0.001192415045823164,-0.7996548742607882,0.8085666669970842,1.0003838311748445,-1.0161329645585022,1
0.21232733076517762,0.9009088760241706,-1.179024470547907,-0.524142081001069,-0.23538436605243465,0.9048055324001227,-1.2800505644667048,-0.8828162337175963,0.5114332445249834,-1.2583394588375707,0.5505611813513597,0.821805540064022,-1.0161329645585022,1
0.5512255078865883,0.9009088760241706,0.8491410419312149,-0.11297175756478116,0.9474866733593919,-1.177851894974348,1.9662985980852963,0.2744324511807092,1.8877407450937713,1.8377814870557112,0.03455021005991044,0.5837011519162584,-1.0161329645585022,1
0.5512255078865883,0.9009088760241706,-1.179024470547907,1.3172648510543385,0.6095235192417271,-1.177851894974348,0.8577891279455886,-0.8828162337175963,0.954537122756886,-0.570312581972397,0.8085666669970842,0.46464895784237664,0.9841231756854657,0
0.21232733076517762,0.9009088760241706,1.5251962127575889,-0.7204097403829318,0.4405419421828948,0.9048055324001227,0.06599664927436881,0.2744324511807092,0.6154955189582334,1.7231103409115156,0.29255569570563505,-3.126758896719723,-1.0161329645585022,1
1.2290218621294098,0.9009088760241706,-1.179024470547907,-0.5394764789138295,1.1164682504182242,0.9048055324001227,-1.2008713165995828,1.4316811360790147,0.0851136041048956,-1.143668312693375,0.5505611813513597,1.298014316359549,-1.0161329645585022,0
1.0595727735687044,-1.1099901739376037,1.5251962127575889,1.7808184884727345,0.6095235192417271,-1.177851894974348,2.4413740852880284,-0.3041918912684436,0.8336906105118219,-0.11162799739561437,-0.22345527558581418,1.6551708985811941,0.9841231756854657,0
0.7206745964472937,0.9009088760241706,-1.179024470547907,-0.7444615303120096,0.4405419421828948,0.9048055324001227,-0.2507203421941191,1.4316811360790147,-1.173704231781191,1.1497546101905376,0.03455021005991044,1.2186461869769611,-1.0161329645585022,0
0.38177641932588297,-1.1099901739376037,0.8491410419312149,1.220773428554887,0.6095235192417271,-1.177851894974348,-0.8841543251310949,-1.461440576166749,0.001192415045823164,-1.2583394588375707,0.5505611813513597,0.3654387961141419,-1.0161329645585022,0
0.5512255078865883,-1.1099901739376037,0.8491410419312149,3.265554589570677,0.2715603651240624,-1.177851894974348,0.38271364074285674,-1.461440576166749,1.0351014642535956,-1.143668312693375,1.066572152642809,-0.26950623894656084,-1.0161329645585022,1
0.0428782422044723,-1.1099901739376037,0.8491410419312149,-0.44884402822244623,0.2715603651240624,0.21058638994196582,0.38271364074285674,0.853056793629862,0.2865244578466693,1.035083464046342,0.03455021005991044,0.4448069254967297,-1.0161329645585022,0
0.0428782422044723,-1.1099901739376037,-0.502969299721533,0.46254983165739716,0.2715603651240624,-1.177851894974348,0.38271364074285674,0.853056793629862,-0.901799579229796,-0.34097028968400567,0.8085666669970842,0.4448069254967297,-1.0161329645585022,0
0.21232733076517762,-1.1099901739376037,0.8491410419312149,0.15060301191408051,-0.404365943111267,-1.177851894974348,2.4413740852880284,-0.8828162337175963,0.16232109803924238,1.6084391947673204,0.03455021005991044,-1.162397694500674,0.9841231756854657,0
0.21232733076517762,0.9009088760241706,-1.179024470547907,1.0277274140486194,-0.06640278899360229,0.9048055324001227,1.2536853672811985,0.2744324511807092,0.6255660616453219,-0.2262991435398101,-0.22345527558581418,0.6829113136444932,0.9841231756854657,0
0.0428782422044723,0.9009088760241706,1.5251962127575889,-0.6796654081327543,-0.06640278899360229,-1.177851894974348,-0.3298995900612411,0.853056793629862,0.25966967734776614,0.6910700256137552,0.8085666669970842,-0.7457150152420878,0.9841231756854657,0
0.38177641932588297,-1.1099901739376037,-1.179024470547907,-0.1653392791700481,0.2715603651240624,-1.177851894974348,-0.8841543251310949,-0.3041918912684436,-1.0092187012254088,-0.9143260204049839,0.5505611813513597,-0.15045404487267908,0.9841231756854657,0
0.7206745964472937,0.9009088760241706,-1.179024470547907,3.064091238208074,0.10257878806523006,0.9048055324001227,2.4413740852880284,-0.3041918912684436,0.5114332445249834,-0.570312581972397,1.066572152642809,1.278172284013902,-1.0161329645585022,0
-0.12657084635623306,-1.1099901739376037,1.5251962127575889,-0.2253187264127513,-0.06640278899360229,-1.177851894974348,0.38271364074285674,-1.461440576166749,1.8407448792206904,0.4617277333253637,1.066572152642809,1.238488219322608,-1.0161329645585022,1
0.7206745964472937,-1.1099901739376037,1.5251962127575889,0.2411722930980992,1.1164682504182242,0.9048055324001227,0.8577891279455886,-0.8828162337175963,0.001192415045823164,0.23238544103697253,0.29255569570563505,-0.24966420660091387,-1.0161329645585022,1
1.0595727735687044,-1.1099901739376037,-0.502969299721533,0.21031398875048413,0.9474866733593919,0.9048055324001227,4.024959042630468,-1.461440576166749,2.431550050196561,2.7551506562092767,1.066572152642809,-0.6068207888225592,-1.0161329645585022,1
1.0595727735687044,-1.1099901739376037,-0.502969299721533,0.3436648187971892,0.6095235192417271,-1.177851894974348,-0.052772222526314166,0.2744324511807092,0.11868207972852446,-0.570312581972397,0.29255569570563505,-0.9044512740072636,-1.0161329645585022,0
0.0428782422044723,0.9009088760241706,-1.179024470547907,0.02320590793649052,-0.06640278899360229,0.9048055324001227,-0.7257958293968509,0.2744324511807092,1.092167872813765,-0.9143260204049839,0.03455021005991044,-0.190138109563973,-1.0161329645585022,0
0.21232733076517762,-1.1099901739376037,-1.179024470547907,-0.6736485125562747,-0.06640278899360229,0.9048055324001227,0.0976683484212176,0.853056793629862,2.344272013575125,1.4937680486231246,-0.22345527558581418,0.0479662785837905,-1.0161329645585022,1
0.38177641932588297,-1.1099901739376037,0.8491410419312149,0.10291003385379519,0.2715603651240624,0.9048055324001227,0.0026532509806712224,-1.461440576166749,0.5382880250238866,-0.34097028968400567,0.8085666669970842,0.18686050500331922,-1.0161329645585022,0
1.2290218621294098,0.9009088760241706,1.5251962127575889,-0.4868246945254218,0.7785050963005594,-1.177851894974348,0.8577891279455886,0.2744324511807092,1.1458774338115711,1.952452633199907,0.03455021005991044,-0.3488743683291487,-1.0161329645585022,1
0.5512255078865883,0.9009088760241706,-1.179024470547907,-0.1135086983773804,0.6095235192417271,0.9048055324001227,0.8577891279455886,-0.8828162337175963,0.23617174441122635,0.8057411717579506,0.29255569570563505,0.22654456969461315,0.9841231756854657,0
0.21232733076517762,0.9009088760241706,-1.179024470547907,-0.3003325164082332,-0.23538436605243465,0.9048055324001227,-0.7178779046101388,1.4316811360790147,0.5785701957722418,-0.6849837281165926,0.29255569570563505,-0.30919030363785477,0.9841231756854657,0
0.38177641932588297,-1.1099901739376037,-1.179024470547907,2.543005971957354,0.10257878806523006,-1.177851894974348,0.06599664927436881,0.2744324511807092,-0.811164695045998,-1.143668312693375,1.066572152642809,-0.4282424977117365,0.9841231756854657,0
0.21232733076517762,-1.1099901739376037,0.8491410419312149,-0.7320329297380213,0.10257878806523006,0.9048055324001227,-0.7257958293968509,0.2744324511807092,-1.4254677989584081,0.1177142948927768,0.5505611813513597,0.286070666731554,0.9841231756854657,0
0.5512255078865883,0.9009088760241706,1.5251962127575889,0.242483060375915,0.10257878806523006,0.9048055324001227,0.06599664927436881,-0.8828162337175963,0.1354663175403392,-0.45564143582820127,0.29255569570563505,1.5162766721616654,0.9841231756854657,0
0.7206745964472937,-1.1099901739376037,-0.502969299721533,-0.3917230011879919,0.10257878806523006,-1.177851894974348,-0.3774071387815143,0.853056793629862,0.5651428055227898,-0.11162799739561437,-0.22345527558581418,1.258330251668255,-1.0161329645585022,0
-0.12657084635623306,0.9009088760241706,0.17308587110484092,-0.7929757119680348,-0.404365943111267,0.9048055324001227,-1.2879684892534171,0.2744324511807092,0.001192415045823164,-1.0289971665491795,0.8085666669970842,-0.20998014190961997,0.9841231756854657,0
0.890123685007999,-1.1099901739376037,1.5251962127575889,-0.6357783928911871,0.9474866733593919,0.9048055324001227,-0.8841543251310949,0.853056793629862,-0.901799579229796,-0.45564143582820127,0.8085666669970842,-0.24966420660091387,0.9841231756854657,0
-0.12657084635623306,-1.1099901739376037,-1.179024470547907,-0.8677526163108995,0.10257878806523006,0.9048055324001227,-1.002923196931778,0.853056793629862,0.001192415045823164,-0.11162799739561437,-0.22345527558581418,0.12733440796637835,-1.0161329645585022,1
-0.12657084635623306,0.9009088760241706,0.8491410419312149,1.0266535324234212,-0.5733475201700994,-1.177851894974348,-0.18737694390042153,-1.461440576166749,-1.2979075915886182,-0.9143260204049839,0.03455021005991044,0.028124246238143545,0.9841231756854657,0
0.38177641932588297,0.9009088760241706,1.5251962127575889,-0.6778650771728628,0.4405419421828948,-1.177851894974348,-0.7099599798234266,-1.461440576166749,-1.0427871768490378,0.003043148748581378,-0.22345527558581418,-0.07108591549009124,0.9841231756854657,0
0.5512255078865883,-1.1099901739376037,-0.502969299721533,0.2718726736773027,0.2715603651240624,-1.177851894974348,0.8577891279455886,0.853056793629862,-0.018948670328354386,0.1177142948927768,1.066572152642809,0.7027533459901402,0.9841231756854657,0
0.0428782422044723,-1.1099901739376037,-1.179024470547907,-0.39655546850138507,-0.23538436605243465,0.9048055324001227,-0.09236184645987515,0.2744324511807092,1.223084927745918,0.23238544103697253,0.03455021005991044,-2.531497926350314,0.9841231756854657,0
1.2290218621294098,-1.1099901739376037,-0.502969299721533,-0.11112404947436613,1.2854498274770565,0.9048055324001227,-0.8841543251310949,-0.3041918912684436,0.9981761410676039,-1.0289971665491795,0.29255569570563505,1.337698381050843,-1.0161329645585022,0
-0.12657084635623306,0.9009088760241706,1.5251962127575889,0.027785697220425204,0.10257878806523006,-1.177851894974348,-0.8524826259842462,1.4316811360790147,0.001192415045823164,-1.0289971665491795,0.29255569570563505,1.5559607368529593,-1.0161329645585022,0
0.890123685007999,-1.1099901739376037,0.8491410419312149,1.7834558154052071,0.7785050963005594,-1.177851894974348,1.9662985980852963,-1.461440576166749,-0.0860856215756121,-0.34097028968400567,0.8085666669970842,0.38528082845978884,0.9841231756854657,0
0.21232733076517762,-1.1099901739376037,-1.179024470547907,0.2087979205737333,0.9474866733593919,-1.177851894974348,1.2695212168546228,0.2744324511807092,0.7229146409538463,0.5763988794695595,1.066572152642809,-0.22982217425526694,0.9841231756854657,0
0.38177641932588297,0.9009088760241706,-0.502969299721533,-0.30218022449864823,-0.06640278899360229,-1.177851894974348,0.06599664927436881,-1.461440576166749,0.001192415045823164,0.23238544103697253,0.5505611813513597,0.20670253734896618,0.9841231756854657,0
-0.12657084635623306,0.9009088760241706,0.17308587110484092,0.22713287008631322,-0.06640278899360229,0.21058638994196582,-0.5674373336626071,0.2744324511807092,0.3939435798422821,-0.9143260204049839,-0.22345527558581418,1.5956448015442533,-1.0161329645585022,0
0.0428782422044723,0.9009088760241706,0.8491410419312149,1.1476231390266614,-0.23538436605243465,-1.177851894974348,0.38271364074285674,-0.3041918912684436,0.23617174441122635,-0.6849837281165926,0.5505611813513597,-1.3608180179571436,-1.0161329645585022,0
0.7206745964472937,0.9009088760241706,-0.502969299721533,1.0258797059582045,0.4405419421828948,-1.177851894974348,-0.47242223622206064,-1.461440576166749,-1.1804179269059165,-1.0289971665491795,-0.22345527558581418,-0.8250831446246757,0.9841231756854657,0
-0.12657084635623306,-1.1099901739376037,0.8491410419312149,-0.3804156593697256,-0.23538436605243465,-1.177851894974348,-1.359229812333827,1.4316811360790147,1.7736079279734327,-1.3730106049817663,-0.22345527558581418,0.7027533459901402,0.9841231756854657,0
-0.12657084635623306,-1.1099901739376037,-0.502969299721533,1.0270483418444498,0.2715603651240624,0.9048055324001227,0.23227306979532497,-0.8828162337175963,0.5651428055227898,-0.6849837281165926,0.03455021005991044,-1.7179746001787888,0.9841231756854657,0
0.0428782422044723,0.9009088760241706,-0.502969299721533,-0.40884193768380295,0.10257878806523006,-1.177851894974348,-0.2507203421941191,-0.8828162337175963,-0.1397951825734185,0.1177142948927768,0.03455021005991044,0.06780831092943747,0.9841231756854657,0
0.21232733076517762,0.9009088760241706,-1.179024470547907,3.673992831813445,0.2715603651240624,-1.177851894974348,1.6495816066168083,-0.3041918912684436,-0.21364582894540246,-0.9143260204049839,0.03455021005991044,-1.5790803737592602,-1.0161329645585022,0
-0.12657084635623306,-1.1099901739376037,-1.179024470547907,0.07470484881549398,-0.5733475201700994,0.9048055324001227,1.3328646151483206,-0.8828162337175963,-0.25392799969375696,0.8057411717579506,0.03455021005991044,0.10749237562073138,0.9841231756854657,0
0.21232733076517762,0.9009088760241706,-0.502969299721533,-0.10877098532503417,-0.23538436605243465,-1.177851894974348,-0.17154109432699713,0.2744324511807092,-1.371758237960602,-0.2262991435398101,0.29255569570563505,0.3654387961141419,-1.0161329645585022,0
0.890123685007999,-1.1099901739376037,0.8491410419312149,-0.829471894847942,0.4405419421828948,0.9048055324001227,-0.052772222526314166,1.4316811360790147,0.6255660616453219,2.2964660716324943,0.5505611813513597,-1.8370267942526706,-1.0161329645585022,1
0.21232733076517762,-1.1099901739376037,-0.502969299721533,-0.29548425671799894,-0.06640278899360229,-1.177851894974348,1.9425448237251597,0.853056793629862,0.4745079213389917,2.525808363920885,0.8085666669970842,0.8416475724096689,0.9841231756854657,0
0.890123685007999,0.9009088760241706,1.5251962127575889,-0.30860772187299795,0.9474866733593919,0.9048055324001227,-1.0741845200121878,0.853056793629862,0.6154955189582334,-1.0289971665491795,0.5505611813513597,0.9805417988291976,-1.0161329645585022,0
1.2290218621294098,-1.1099901739376037,-0.502969299721533,-0.9165510607500656,1.6234129815947211,0.21058638994196582,-0.8841543251310949,0.853056793629862,1.7736079279734327,0.4617277333253637,0.5505611813513597,0.10749237562073138,-1.0161329645585022,1
0.21232733076517762,0.9009088760241706,-0.502969299721533,-0.1765834514809498,-0.06640278899360229,0.9048055324001227,-0.4090788379283631,-0.8828162337175963,0.001192415045823164,-0.45564143582820127,0.8085666669970842,0.6035431842619053,-1.0161329645585022,1
0.38177641932588297,-1.1099901739376037,1.5251962127575889,1.5593619880292307,0.4405419421828948,0.9048055324001227,0.06599664927436881,1.4316811360790147,0.8538316958859994,-0.9143260204049839,0.8085666669970842,0.38528082845978884,-1.0161329645585022,0
0.0428782422044723,-1.1099901739376037,1.5251962127575889,-0.118183241922362,0.10257878806523006,-1.177851894974348,-0.5674373336626071,0.853056793629862,-0.005521280078902488,-0.6849837281165926,0.8085666669970842,-2.8886545085719595,0.9841231756854657,0
0.21232733076517762,-1.1099901739376037,-1.179024470547907,0.37322814824382966,-0.23538436605243465,-1.177851894974348,-0.013182598592753173,-0.3041918912684436,0.001192415045823164,-0.570312581972397,0.8085666669970842,1.0599099282117854,0.9841231756854657,0
-0.12657084635623306,-1.1099901739376037,-0.502969299721533,-0.22189178063822088,-0.5733475201700994,-1.177851894974348,2.849147211803707,-0.3041918912684436,0.001192415045823164,3.213835240786059,-0.22345527558581418,-0.44808453005738347,0.9841231756854657,0
0.0428782422044723,-1.1099901739376037,-0.502969299721533,-0.11977827198331857,0.10257878806523006,0.9048055324001227,-0.7257958293968509,-1.461440576166749,-1.7510820125076092,-0.7996548742607882,1.066572152642809,0.7622794430270811,0.9841231756854657,0
0.890123685007999,-1.1099901739376037,0.8491410419312149,-0.10687590010409567,0.9474866733593919,0.9048055324001227,-0.09236184645987515,-1.461440576166749,-0.8447331706696268,-0.2262991435398101,0.5505611813513597,-0.38855843302044263,0.9841231756854657,0
-0.12657084635623306,0.9009088760241706,-0.502969299721533,-0.6537027406058971,-0.23538436605243465,-1.177851894974348,-0.3298995900612411,-1.461440576166749,-1.0964967378468442,0.5763988794695595,-0.22345527558581418,1.6353288662355472,0.9841231756854657,0
-0.12657084635623306,0.9009088760241706,-0.502969299721533,3.6423922857542954,-0.404365943111267,0.9048055324001227,4.024959042630468,-0.8828162337175963,2.562467105128714,-0.34097028968400567,1.066572152642809,-0.8846092416616166,-1.0161329645585022,1
0.21232733076517762,0.9009088760241706,0.8491410419312149,-0.19998775395954016,-0.23538436605243465,0.9048055324001227,-1.327558113186978,-1.461440576166749,-0.34120603631519225,-1.3730106049817663,0.8085666669970842,0.7225953783357871,0.9841231756854657,0
0.7206745964472937,-1.1099901739376037,-0.502969299721533,-0.23812634403092728,0.6095235192417271,-1.177851894974348,-1.2958864140401292,1.4316811360790147,-0.005521280078902488,-1.3730106049817663,1.066572152642809,1.1392780575943733,-1.0161329645585022,0
0.0428782422044723,0.9009088760241706,-0.502969299721533,-0.15638500150111373,-0.23538436605243465,-1.177851894974348,2.12465709381954,0.853056793629862,0.001192415045823164,2.1817949254882985,0.5505611813513597,0.286070666731554,0.9841231756854657,0
0.0428782422044723,-1.1099901739376037,-0.502969299721533,-0.13241217345624184,-0.06640278899360229,-1.177851894974348,-0.7257958293968509,1.4316811360790147,-1.2979075915886182,-0.7996548742607882,0.5505611813513597,0.008282213892496587,-1.0161329645585022,0
0.38177641932588297,0.9009088760241706,0.8491410419312149,-0.6208388043994554,0.2715603651240624,0.9048055324001227,-1.359229812333827,-1.461440576166749,1.2700807936189982,-1.3730106049817663,0.8085666669970842,0.6630692812988462,0.9841231756854657,0
0.21232733076517762,0.9009088760241706,-0.502969299721533,-0.2986427320862297,0.4405419421828948,-1.177851894974348,-0.5199297849423339,0.853056793629862,-1.4724636648314886,-0.45564143582820127,0.5505611813513597,0.008282213892496587,0.9841231756854657,0
1.2290218621294098,-1.1099901739376037,1.5251962127575889,-0.7114712550908386,1.6234129815947211,0.9048055324001227,-0.17154109432699713,0.2744324511807092,0.19253272610050842,1.1497546101905376,0.5505611813513597,0.028124246238143545,-1.0161329645585022,0
0.5512255078865883,-1.1099901739376037,0.8491410419312149,0.13686364406227647,0.2715603651240624,-1.177851894974348,1.0161476236798326,-1.461440576166749,2.820944367430657,0.4617277333253637,0.29255569570563505,1.0797519605574324,-1.0161329645585022,1
0.38177641932588297,0.9009088760241706,-1.179024470547907,-0.5977187647040058,-0.06640278899360229,0.9048055324001227,-0.8841543251310949,0.853056793629862,-0.018948670328354386,-0.45564143582820127,0.8085666669970842,0.6233852166075523,0.9841231756854657,0
0.5512255078865883,-1.1099901739376037,-1.179024470547907,0.11851290217285541,0.7785050963005594,0.9048055324001227,1.8079401023510524,0.853056793629862,0.3301634761573873,1.1497546101905376,0.03455021005991044,-0.30919030363785477,-1.0161329645585022,1
1.0595727735687044,-1.1099901739376037,0.8491410419312149,-0.45302900808535207,1.2854498274770565,-1.177851894974348,-1.2008713165995828,0.2744324511807092,-1.7510820125076092,-1.143668312693375,0.29255569570563505,1.5758027691986063,-1.0161329645585022,0
0.38177641932588297,0.9009088760241706,-1.179024470547907,0.020347487728241628,0.2715603651240624,-1.177851894974348,0.8577891279455886,-0.3041918912684436,0.4107278176540969,0.4617277333253637,0.8085666669970842,-0.5274526594399713,-1.0161329645585022,0
1.2290218621294098,0.9009088760241706,-0.502969299721533,0.36762185446521994,1.1164682504182242,-1.177851894974348,-0.18737694390042153,1.4316811360790147,0.3301634761573873,-0.6849837281165926,0.5505611813513597,0.7424374106814341,0.9841231756854657,0
-0.12657084635623306,0.9009088760241706,0.17308587110484092,1.5137062265814543,-0.06640278899360229,-1.177851894974348,-1.121692068732461,1.4316811360790147,-0.8447331706696268,-1.487681751125962,0.8085666669970842,0.40512286080543575,0.9841231756854657,0
0.21232733076517762,0.9009088760241706,1.5251962127575889,0.002249423868279047,0.2715603651240624,0.9048055324001227,-1.0187590465052023,-1.461440576166749,1.5486991412951188,-1.143668312693375,0.5505611813513597,1.2186461869769611,-1.0161329645585022,1
0.21232733076517762,-1.1099901739376037,-1.179024470547907,-0.3676554188820731,0.10257878806523006,0.9048055324001227,-0.963333572998217,-0.8828162337175963,0.11868207972852446,-0.9143260204049839,0.5505611813513597,-0.9044512740072636,0.9841231756854657,0
0.21232733076517762,0.9009088760241706,-0.502969299721533,0.5919683598706549,0.4405419421828948,0.9048055324001227,2.4413740852880284,1.4316811360790147,-0.21364582894540246,0.8057411717579506,1.066572152642809,-0.8449251769703227,0.9841231756854657,0
0.21232733076517762,0.9009088760241706,1.5251962127575889,-0.05518745070299836,0.9474866733593919,0.9048055324001227,0.06599664927436881,0.2744324511807092,-1.1804179269059165,-0.11162799739561437,-0.22345527558581418,0.32575473142284794,-1.0161329645585022,0
0.0428782422044723,0.9009088760241706,-0.502969299721533,-0.9836528699481293,0.6095235192417271,0.21058638994196582,-0.45658638664863627,1.4316811360790147,-0.46205254856025635,2.7551506562092767,0.5505611813513597,0.4448069254967297,-1.0161329645585022,1
0.0428782422044723,-1.1099901739376037,-1.179024470547907,-0.2972687953010493,-0.23538436605243465,0.9048055324001227,-0.7257958293968509,1.4316811360790147,-0.1397951825734185,-0.6849837281165926,0.29255569570563505,0.305912699077201,-1.0161329645585022,0
1.0595727735687044,-1.1099901739376037,0.8491410419312149,0.27795273876114707,0.4405419421828948,-1.177851894974348,0.8577891279455886,-0.3041918912684436,0.5785701957722418,0.1177142948927768,1.066572152642809,0.46464895784237664,0.9841231756854657,0
0.21232733076517762,0.9009088760241706,-1.179024470547907,-0.24376422256321928,0.2715603651240624,0.9048055324001227,-0.7257958293968509,0.853056793629862,-1.8752853723150364,-0.6849837281165926,-0.22345527558581418,-0.7258729828964409,0.9841231756854657,0
-0.12657084635623306,-1.1099901739376037,-0.502969299721533,0.4564223894430294,-0.06640278899360229,0.21058638994196582,-0.3298995900612411,1.4316811360790147,-1.173704231781191,-0.7996548742607882,1.066572152642809,0.9805417988291976,-1.0161329645585022,0
-0.12657084635623306,-1.1099901739376037,-0.502969299721533,0.1756181368304686,0.10257878806523006,0.9048055324001227,0.6994306322113446,-0.8828162337175963,-0.46205254856025635,0.1177142948927768,-0.22345527558581418,0.5440170872249644,-1.0161329645585022,0
0.0428782422044723,0.9009088760241706,-0.502969299721533,2.6642756337205764,-0.5733475201700994,0.9048055324001227,2.2830155895537843,-0.3041918912684436,0.001192415045823164,-0.45564143582820127,1.066572152642809,-1.3806600503027906,0.9841231756854657,0
0.38177641932588297,-1.1099901739376037,1.5251962127575889,-0.20669951411703064,0.7785050963005594,-1.177851894974348,-0.4882580857954851,-0.3041918912684436,-0.005521280078902488,-0.45564143582820127,0.29255569570563505,-0.7853990799333818,-1.0161329645585022,0
0.38177641932588297,-1.1099901739376037,-0.502969299721533,1.0316281311283846,0.4405419421828948,-1.177851894974348,-0.3298995900612411,1.4316811360790147,1.5587696839822078,-1.0289971665491795,0.5505611813513597,0.6432272489531993,-1.0161329645585022,0
0.5512255078865883,-1.1099901739376037,-0.502969299721533,0.04490463371623623,0.4405419421828948,-1.177851894974348,1.3328646151483206,-1.461440576166749,-0.33784918875282943,0.9204123179021463,0.29255569570563505,0.40512286080543575,0.9841231756854657,0
1.2290218621294098,0.9009088760241706,-0.502969299721533,-0.014569457467550053,1.4544314045358888,-1.177851894974348,1.6495816066168083,-1.461440576166749,-0.25392799969375696,1.2644257563347332,-0.22345527558581418,1.774223092655076,-1.0161329645585022,0
0.21232733076517762,-1.1099901739376037,1.5251962127575889,-0.29354179436653693,-0.06640278899360229,0.9048055324001227,-1.042512820865339,-0.8828162337175963,-1.2475548781531747,-1.0289971665491795,1.066572152642809,-0.2893482712922078,0.9841231756854657,0
0.0428782422044723,0.9009088760241706,1.5251962127575889,0.23493430424584333,0.10257878806523006,-1.177851894974348,0.5410721364771007,0.2744324511807092,0.001192415045823164,0.003043148748581378,0.8085666669970842,-0.8052411122790287,0.9841231756854657,0
1.0595727735687044,0.9009088760241706,-0.502969299721533,0.4843433116981898,0.7785050963005594,-1.177851894974348,0.8577891279455886,0.2744324511807092,0.001192415045823164,0.003043148748581378,0.5505611813513597,1.3773824457421369,0.9841231756854657,0
0.21232733076517762,0.9009088760241706,-0.502969299721533,-0.623160283795105,-0.23538436605243465,0.9048055324001227,-1.248378865319856,-0.8828162337175963,1.417782086362966,-1.143668312693375,-0.22345527558581418,-0.3488743683291487,-1.0161329645585022,0
0.890123685007999,0.9009088760241706,-1.179024470547907,0.2009017321531563,0.4405419421828948,-1.177851894974348,0.12934004756806639,-0.8828162337175963,-1.1233515183457474,-0.34097028968400567,-0.22345527558581418,-1.7378166325244357,0.9841231756854657,0
0.38177641932588297,-1.1099901739376037,-0.502969299721533,-0.44783331610461236,0.6095235192417271,0.9048055324001227,0.8181995040120276,0.2744324511807092,0.001192415045823164,1.7231103409115156,0.5505611813513597,1.1789621222856672,-1.0161329645585022,1
0.21232733076517762,0.9009088760241706,-0.502969299721533,0.35843069114366827,-0.06640278899360229,-1.177851894974348,0.06599664927436881,0.853056793629862,-1.0495008719737637,-0.45564143582820127,-0.22345527558581418,0.821805540064022,0.9841231756854657,0
0.0428782422044723,-1.1099901739376037,-1.179024470547907,0.14182245039039884,-0.06640278899360229,0.9048055324001227,0.38271364074285674,1.4316811360790147,-0.707102420612748,-0.11162799739561437,-0.22345527558581418,-1.7576586648700827,0.9841231756854657,0
0.38177641932588297,-1.1099901739376037,-0.502969299721533,-0.09670560941839244,0.10257878806523006,-1.177851894974348,-1.042512820865339,0.2744324511807092,-1.3046212867133438,-1.143668312693375,-0.22345527558581418,-0.40840046536608954,0.9841231756854657,0
-0.12657084635623306,-1.1099901739376037,0.8491410419312149,0.4530428207990224,-0.23538436605243465,0.9048055324001227,0.06599664927436881,1.4316811360790147,-1.1804179269059165,-0.570312581972397,0.8085666669970842,-0.32903233598350173,-1.0161329645585022,0
-0.12657084635623306,0.9009088760241706,0.8491410419312149,-0.4860982451907287,-0.23538436605243465,0.9048055324001227,0.38271364074285674,0.853056793629862,-0.21364582894540246,1.1497546101905376,0.8085666669970842,-0.7258729828964409,0.9841231756854657,0
0.0428782422044723,-1.1099901739376037,0.8491410419312149,-1.0220441380489749,-0.06640278899360229,0.9048055324001227,-1.1375279183058853,0.2744324511807092,0.561785957960427,0.23238544103697253,0.5505611813513597,-2.710076217461137,-1.0161329645585022,1
-0.12657084635623306,-1.1099901739376037,0.8491410419312149,-0.6771070430844873,-0.06640278899360229,0.9048055324001227,0.5410721364771007,-1.461440576166749,-1.0495008719737637,2.411137217776689,0.5505611813513597,-3.126758896719723,-1.0161329645585022,1
0.7206745964472937,0.9009088760241706,-0.502969299721533,5.345221111028576,0.4405419421828948,-1.177851894974348,2.4413740852880284,0.853056793629862,0.27645391515958084,-0.9143260204049839,1.066572152642809,-1.12271362980938,0.9841231756854657,0
0.21232733076517762,-1.1099901739376037,-1.179024470547907,0.2903181698277707,0.2715603651240624,-1.177851894974348,0.38271364074285674,-1.461440576166749,0.001192415045823164,-0.2262991435398101,0.03455021005991044,-1.5790803737592602,-1.0161329645585022,1
-0.12657084635623306,-1.1099901739376037,1.5251962127575889,0.08309060091814681,-0.5733475201700994,0.9048055324001227,0.06599664927436881,1.4316811360790147,-0.11965409719924096,-0.2262991435398101,-0.22345527558581418,0.8614896047553159,0.9841231756854657,0
0.7206745964472937,0.9009088760241706,1.5251962127575889,0.17558655207678628,1.4544314045358888,0.9048055324001227,0.5094004373302519,1.4316811360790147,1.253296555807184,0.003043148748581378,0.03455021005991044,1.298014316359549,0.9841231756854657,0
1.0595727735687044,0.9009088760241706,0.8491410419312149,-0.5658339558617157,0.9474866733593919,0.9048055324001227,-0.8841543251310949,0.2744324511807092,0.8739727812601764,-0.570312581972397,0.29255569570563505,0.8416475724096689,0.9841231756854657,0
0.21232733076517762,-1.1099901739376037,-0.502969299721533,-0.0638732579656331,0.2715603651240624,0.9048055324001227,-0.09236184645987515,0.853056793629862,0.8336906105118219,-0.2262991435398101,0.8085666669970842,0.10749237562073138,0.9841231756854657,0
0.0428782422044723,0.9009088760241706,-1.179024470547907,0.3176389817629673,0.4405419421828948,0.9048055324001227,-0.9474977234247925,1.4316811360790147,-0.46205254856025635,-1.143668312693375,0.03455021005991044,0.782121475372728,-1.0161329645585022,0
-0.12657084635623306,-1.1099901739376037,1.5251962127575889,0.2689352915848481,0.10257878806523006,-1.177851894974348,-0.7257958293968509,1.4316811360790147,-1.0092187012254088,-1.0289971665491795,1.066572152642809,1.4567505751247247,-1.0161329645585022,0
0.21232733076517762,-1.1099901739376037,0.8491410419312149,-0.39101234423014,-0.23538436605243465,-1.177851894974348,-0.7257958293968509,0.2744324511807092,1.2465828606824585,-0.570312581972397,-0.22345527558581418,0.028124246238143545,-1.0161329645585022,0
0.5512255078865883,-1.1099901739376037,-1.179024470547907,-0.10975011268918572,0.6095235192417271,0.21058638994196582,2.3226052134873454,1.4316811360790147,0.3939435798422821,2.1817949254882985,-0.22345527558581418,-1.3012919209202027,-1.0161329645585022,0
0.0428782422044723,0.9009088760241706,-1.179024470547907,0.49370819116499415,0.2715603651240624,-1.177851894974348,2.362194837420906,1.4316811360790147,2.448334288008376,0.9204123179021463,0.29255569570563505,-0.36871640067479566,0.9841231756854657,0
0.5512255078865883,0.9009088760241706,0.8491410419312149,1.6132297854344073,0.2715603651240624,-1.177851894974348,1.8079401023510524,-0.3041918912684436,0.3234497810326616,-0.2262991435398101,0.5505611813513597,0.6035431842619053,0.9841231756854657,0
-0.12657084635623306,-1.1099901739376037,1.5251962127575889,0.93482086109211,-0.06640278899360229,-1.177851894974348,0.38271364074285674,0.2744324511807092,-1.2475548781531747,-0.570312581972397,0.03455021005991044,1.4567505751247247,0.9841231756854657,0
0.38177641932588297,-1.1099901739376037,-1.179024470547907,1.479657862111926,0.2715603651240624,-1.177851894974348,-0.5674373336626071,0.853056793629862,-0.8447331706696268,-1.2583394588375707,0.29255569570563505,-0.5671367241312653,0.9841231756854657,0
0.21232733076517762,0.9009088760241706,-0.502969299721533,0.13466850368135605,-0.23538436605243465,-1.177851894974348,0.38271364074285674,-0.8828162337175963,-1.2475548781531747,0.003043148748581378,0.5505611813513597,0.06780831092943747,-1.0161329645585022,0
0.7206745964472937,0.9009088760241706,-0.502969299721533,0.08045327398567408,0.9474866733593919,0.9048055324001227,0.04224287491423221,-0.8828162337175963,-1.0931398902844813,-0.2262991435398101,-0.22345527558581418,-1.9759210206721993,0.9841231756854657,0
0.5512255078865883,0.9009088760241706,-0.502969299721533,-0.576114793185307,0.6095235192417271,-1.177851894974348,-0.09236184645987515,-1.461440576166749,-1.6705176710108995,0.8057411717579506,-0.22345527558581418,1.0797519605574324,0.9841231756854657,0
0.0428782422044723,-1.1099901739376037,0.8491410419312149,0.2247008440527755,0.10257878806523006,0.9048055324001227,-0.5674373336626071,-1.461440576166749,-1.1233515183457474,-0.9143260204049839,0.8085666669970842,0.8416475724096689,-1.0161329645585022,0
0.890123685007999,-1.1099901739376037,1.5251962127575889,1.3139958290482197,1.2854498274770565,0.21058638994196582,1.2536853672811985,1.4316811360790147,0.27645391515958084,-0.34097028968400567,-0.22345527558581418,1.8535912220376638,-1.0161329645585022,0
-0.12657084635623306,-1.1099901739376037,0.8491410419312149,0.27236223735937853,0.4405419421828948,-1.177851894974348,-0.34573543963466546,0.2744324511807092,0.5651428055227898,-0.6849837281165926,1.066572152642809,-0.46792656240303043,0.9841231756854657,0
-0.12657084635623306,-1.1099901739376037,-1.179024470547907,-0.2592407518675503,-0.5733475201700994,0.9048055324001227,2.116739169032828,0.2744324511807092,0.8336906105118219,2.525808363920885,1.066572152642809,-1.6187644384505542,-1.0161329645585022,1
0.0428782422044723,0.9009088760241706,-0.502969299721533,-0.6202229017026504,-0.06640278899360229,0.21058638994196582,-0.3298995900612411,0.853056793629862,1.4446368668618692,0.4617277333253637,1.066572152642809,1.0599099282117854,0.9841231756854657,0
0.7206745964472937,0.9009088760241706,-0.502969299721533,-0.7394553468533637,1.1164682504182242,0.9048055324001227,-0.5674373336626071,-0.8828162337175963,0.5785701957722418,0.4617277333253637,-0.22345527558581418,1.258330251668255,0.9841231756854657,0
0.7206745964472937,-1.1099901739376037,0.17308587110484092,-0.6042252239625613,0.2715603651240624,-1.177851894974348,-0.8841543251310949,0.853056793629862,-1.1804179269059165,-0.45564143582820127,0.03455021005991044,2.131379674876721,-1.0161329645585022,0
0.21232733076517762,0.9009088760241706,-0.502969299721533,0.08433819868859797,0.4405419421828948,0.9048055324001227,-0.8287288516241096,-0.8828162337175963,0.001192415045823164,-1.0289971665491795,1.066572152642809,-0.17029607721832604,0.9841231756854657,0
1.0595727735687044,-1.1099901739376037,-0.502969299721533,2.1647153771043492,1.4544314045358888,-1.177851894974348,0.5252362869036763,0.853056793629862,0.665848232393677,-0.9143260204049839,0.5505611813513597,1.1392780575943733,0.9841231756854657,0
0.21232733076517762,-1.1099901739376037,-0.502969299721533,-0.8838608406888766,-0.06640278899360229,0.21058638994196582,-0.5674373336626071,0.853056793629862,0.001192415045823164,1.2644257563347332,-0.22345527558581418,1.238488219322608,-1.0161329645585022,1
0.7206745964472937,-1.1099901739376037,-1.179024470547907,-0.014869512627531981,0.2715603651240624,0.21058638994196582,0.38271364074285674,-0.8828162337175963,0.7866947446387411,0.1177142948927768,1.066572152642809,-0.22982217425526694,0.9841231756854657,0
0.7206745964472937,0.9009088760241706,-0.502969299721533,0.1584834079578164,0.6095235192417271,-1.177851894974348,0.8577891279455886,1.4316811360790147,0.03476089066945202,0.3470565871811683,0.8085666669970842,0.9408577341379036,-1.0161329645585022,0
0.0428782422044723,-1.1099901739376037,1.5251962127575889,0.137432169628558,0.2715603651240624,0.9048055324001227,-1.359229812333827,-1.461440576166749,0.001192415045823164,-1.487681751125962,0.29255569570563505,1.8932752867289577,-1.0161329645585022,0
0.7206745964472937,0.9009088760241706,1.5251962127575889,0.23073353200609634,0.10257878806523006,0.9048055324001227,0.5410721364771007,-0.8828162337175963,0.6255660616453219,0.003043148748581378,1.066572152642809,0.7225953783357871,0.9841231756854657,0
0.38177641932588297,0.9009088760241706,0.8491410419312149,0.1381270342095688,0.2715603651240624,0.9048055324001227,-0.646616581529729,0.853056793629862,-0.34120603631519225,-0.9143260204049839,-0.22345527558581418,-0.36871640067479566,0.9841231756854657,0
1.2290218621294098,-1.1099901739376037,1.5251962127575889,0.9311886144186446,0.9474866733593919,0.9048055324001227,0.6994306322113446,0.2744324511807092,0.001192415045823164,-0.45564143582820127,-0.22345527558581418,0.3455967637684949,0.9841231756854657,0
0.21232733076517762,-1.1099901739376037,-1.179024470547907,0.17288605563694892,0.2715603651240624,-1.177851894974348,-0.8841543251310949,0.2744324511807092,-0.0860856215756121,-1.143668312693375,0.8085666669970842,0.38528082845978884,-1.0161329645585022,0
0.38177641932588297,0.9009088760241706,-1.179024470547907,-0.85407641796646,0.4405419421828948,0.9048055324001227,-0.7257958293968509,0.2744324511807092,-0.34120603631519225,0.5763988794695595,0.8085666669970842,-0.26950623894656084,0.9841231756854657,0
-0.12657084635623306,0.9009088760241706,-0.502969299721533,-0.14957848708257632,-0.404365943111267,0.9048055324001227,-0.7891392276905486,-0.8828162337175963,1.0015329886299666,-0.7996548742607882,1.066572152642809,1.4369085427790778,-1.0161329645585022,0
-0.12657084635623306,-1.1099901739376037,0.8491410419312149,-0.07045867910839436,0.2715603651240624,0.9048055324001227,-0.7257958293968509,-0.3041918912684436,0.001192415045823164,-0.7996548742607882,-0.22345527558581418,1.4369085427790778,-1.0161329645585022,0
-0.12657084635623306,0.9009088760241706,0.8491410419312149,-0.2002878091195221,-0.404365943111267,0.21058638994196582,-0.8841543251310949,0.853056793629862,0.001192415045823164,-0.9143260204049839,1.066572152642809,-1.658448503141848,-1.0161329645585022,0
0.5512255078865883,-1.1099901739376037,-1.179024470547907,0.3046260632458563,0.6095235192417271,-1.177851894974348,-0.09236184645987515,-1.461440576166749,-1.8752853723150364,-0.570312581972397,1.066572152642809,-0.13061201252703214,-1.0161329645585022,0
0.0428782422044723,0.9009088760241706,-0.502969299721533,-0.6171907653491487,0.10257878806523006,0.9048055324001227,0.19268344586176397,-1.461440576166749,0.3637319517810161,1.379096902478929,-0.22345527558581418,0.08765034327508442,-1.0161329645585022,1
0.21232733076517762,0.9009088760241706,-1.179024470547907,0.17053299148761697,-0.404365943111267,0.9048055324001227,0.8577891279455886,0.853056793629862,-1.0495008719737637,0.3470565871811683,-0.22345527558581418,0.3455967637684949,0.9841231756854657,0
-0.12657084635623306,0.9009088760241706,0.8491410419312149,-0.0684846320032501,-0.06640278899360229,-1.177851894974348,0.38271364074285674,0.2744324511807092,-1.8752853723150364,0.23238544103697253,0.03455021005991044,0.5638591195706114,-1.0161329645585022,0
0.21232733076517762,-1.1099901739376037,-0.502969299721533,-0.49083595824307497,-0.404365943111267,0.9048055324001227,0.7231844065714812,0.2744324511807092,0.5651428055227898,1.7231103409115156,-0.22345527558581418,2.0123274808028393,-1.0161329645585022,1
0.21232733076517762,-1.1099901739376037,-1.179024470547907,-0.10703382387250722,-0.23538436605243465,-1.177851894974348,-0.6307807319563046,1.4316811360790147,0.4745079213389917,-0.6849837281165926,1.066572152642809,0.8614896047553159,0.9841231756854657,0
-0.12657084635623306,-1.1099901739376037,-0.502969299721533,-0.11221372347640576,0.6095235192417271,-1.177851894974348,-0.5674373336626071,0.853056793629862,0.15896425047687956,-0.6849837281165926,1.066572152642809,0.40512286080543575,0.9841231756854657,0
-0.12657084635623306,0.9009088760241706,1.5251962127575889,-0.6976055482243054,-0.404365943111267,0.9048055324001227,-0.8841543251310949,0.2744324511807092,-0.0860856215756121,-0.34097028968400567,0.5505611813513597,-0.30919030363785477,0.9841231756854657,0
0.0428782422044723,-1.1099901739376037,0.8491410419312149,-0.6781019628254801,-0.23538436605243465,0.9048055324001227,-0.2507203421941191,-1.461440576166749,0.001192415045823164,0.9204123179021463,0.5505611813513597,-0.9044512740072636,0.9841231756854657,0
0.0428782422044723,-1.1099901739376037,0.8491410419312149,-0.27958133323895673,-0.5733475201700994,-1.177851894974348,-1.1850354670261585,1.4316811360790147,0.4308689030282738,-1.2583394588375707,-0.22345527558581418,0.16701847265767225,-1.0161329645585022,1
0.21232733076517762,-1.1099901739376037,-1.179024470547907,-0.4852928339718299,0.6095235192417271,-1.177851894974348,-0.7257958293968509,0.853056793629862,-1.3482603050240614,-0.45564143582820127,0.29255569570563505,0.20670253734896618,0.9841231756854657,0
-0.12657084635623306,0.9009088760241706,-0.502969299721533,0.08454349958753299,0.10257878806523006,0.9048055324001227,-0.09236184645987515,0.2744324511807092,-1.0495008719737637,-0.34097028968400567,-0.22345527558581418,1.2186461869769611,-1.0161329645585022,0
0.0428782422044723,0.9009088760241706,-0.502969299721533,-0.18476390268466764,0.4405419421828948,-1.177851894974348,-0.7178779046101388,0.2744324511807092,0.4308689030282738,-0.7996548742607882,0.5505611813513597,0.008282213892496587,-1.0161329645585022,1
0.21232733076517762,0.9009088760241706,0.8491410419312149,0.7416327151942721,0.10257878806523006,-1.177851894974348,0.38271364074285674,0.2744324511807092,-1.0495008719737637,-0.570312581972397,1.066572152642809,-1.5989224061049072,-1.0161329645585022,0
0.38177641932588297,0.9009088760241706,0.8491410419312149,-0.24393793870847197,0.2715603651240624,0.9048055324001227,-1.1375279183058853,0.853056793629862,-0.4654093961226198,-1.143668312693375,0.29255569570563505,0.20670253734896618,0.9841231756854657,0
1.2290218621294098,-1.1099901739376037,-0.502969299721533,-0.4245395602639101,0.9474866733593919,0.9048055324001227,-1.327558113186978,-1.461440576166749,0.9377528849450718,-1.3730106049817663,0.5505611813513597,-0.03140185079879733,-1.0161329645585022,0
0.21232733076517762,-1.1099901739376037,-0.502969299721533,-0.9299587886882055,-0.06640278899360229,0.9048055324001227,-0.7257958293968509,0.853056793629862,-1.371758237960602,1.1497546101905376,0.29255569570563505,-0.07108591549009124,-1.0161329645585022,1
-0.12657084635623306,0.9009088760241706,1.5251962127575889,-0.5252633397567908,-0.404365943111267,-1.177851894974348,-0.7257958293968509,-1.461440576166749,-0.41841353024953903,-0.34097028968400567,0.03455021005991044,0.8813316371009629,-1.0161329645585022,0
-0.12657084635623306,0.9009088760241706,-1.179024470547907,0.007129268312195659,-0.06640278899360229,0.9048055324001227,-0.7257958293968509,0.2744324511807092,-1.7510820125076092,-0.9143260204049839,0.8085666669970842,0.9408577341379036,0.9841231756854657,0
0.38177641932588297,-1.1099901739376037,-1.179024470547907,2.161209469445613,0.10257878806523006,-1.177851894974348,-0.5674373336626071,-0.8828162337175963,-1.4724636648314886,-1.2583394588375707,0.5505611813513597,0.821805540064022,0.9841231756854657,0
0.38177641932588297,-1.1099901739376037,-1.179024470547907,0.00720823019640143,0.4405419421828948,-1.177851894974348,0.8577891279455886,-1.461440576166749,0.04483143335654109,0.5763988794695595,-0.22345527558581418,-1.2219237915376149,-1.0161329645585022,0
0.7206745964472937,-1.1099901739376037,-1.179024470547907,-0.5255476025399316,0.6095235192417271,0.9048055324001227,0.38271364074285674,-1.461440576166749,0.4745079213389917,1.379096902478929,0.8085666669970842,0.18686050500331922,-1.0161329645585022,1
-0.12657084635623306,0.9009088760241706,0.8491410419312149,-0.38104735444337173,0.10257878806523006,-1.177851894974348,-1.2879684892534171,-1.461440576166749,-0.8447331706696268,-1.2583394588375707,0.8085666669970842,-2.0156050853634935,0.9841231756854657,0
0.0428782422044723,-1.1099901739376037,-0.502969299721533,0.7860092941179151,0.10257878806523006,-1.177851894974348,-0.2507203421941191,-1.461440576166749,-1.4254677989584081,-0.9143260204049839,0.8085666669970842,0.9805417988291976,-1.0161329645585022,0
1.0595727735687044,0.9009088760241706,-0.502969299721533,0.031749583807554875,1.4544314045358888,-1.177851894974348,0.8577891279455886,-1.461440576166749,0.954537122756886,0.4617277333253637,0.5505611813513597,0.2463866020402601,-1.0161329645585022,1
0.0428782422044723,-1.1099901739376037,1.5251962127575889,0.6493578573114088,0.2715603651240624,-1.177851894974348,0.5410721364771007,0.853056793629862,-0.811164695045998,-0.34097028968400567,0.8085666669970842,1.1392780575943733,-1.0161329645585022,0
1.2290218621294098,0.9009088760241706,-1.179024470547907,-0.6851295705197936,1.2854498274770565,0.9048055324001227,-0.5436835593024705,-0.8828162337175963,0.4040141225293712,0.3470565871811683,1.066572152642809,1.3773824457421369,-1.0161329645585022,0
0.21232733076517762,0.9009088760241706,-0.502969299721533,-0.06608419072339468,0.10257878806523006,-1.177851894974348,-0.7257958293968509,0.2744324511807092,0.11868207972852446,-0.7996548742607882,-0.22345527558581418,0.4448069254967297,-1.0161329645585022,0
0.38177641932588297,0.9009088760241706,0.8491410419312149,-0.3109607860223299,-0.06640278899360229,0.9048055324001227,1.6139509450766034,0.853056793629862,0.4745079213389917,2.1817949254882985,0.8085666669970842,-1.2616078562289088,-1.0161329645585022,1
0.0428782422044723,-1.1099901739376037,-0.502969299721533,-0.7032750115102797,-0.06640278899360229,-1.177851894974348,-1.2008713165995828,-0.8828162337175963,-0.1397951825734185,-0.9143260204049839,0.5505611813513597,0.26622863438590705,-1.0161329645585022,0
0.5512255078865883,0.9009088760241706,-1.179024470547907,-0.5334437909605086,1.1164682504182242,0.9048055324001227,-0.8999901747045194,0.2744324511807092,0.001192415045823164,-0.6849837281165926,1.066572152642809,1.4369085427790778,0.9841231756854657,0
-0.12657084635623306,0.9009088760241706,-1.179024470547907,-0.018470174547315112,0.2715603651240624,-1.177851894974348,-0.2507203421941191,-0.3041918912684436,-1.1804179269059165,-0.45564143582820127,0.8085666669970842,-1.3211339532658497,0.9841231756854657,0
0.890123685007999,0.9009088760241706,-0.502969299721533,-0.7022169222619223,1.2854498274770565,0.9048055324001227,0.06599664927436881,-0.8828162337175963,0.6893461653302174,1.6084391947673204,0.29255569570563505,1.3773824457421369,-1.0161329645585022,1
1.0595727735687044,-1.1099901739376037,1.5251962127575889,-0.6737116820636393,1.1164682504182242,-1.177851894974348,-0.8366467764108217,0.853056793629862,-1.0427871768490378,-0.2262991435398101,0.8085666669970842,0.7622794430270811,-1.0161329645585022,0
0.7206745964472937,-1.1099901739376037,-0.502969299721533,1.4083552806741153,-0.23538436605243465,-1.177851894974348,-0.7257958293968509,-0.3041918912684436,-0.21028898138303903,-1.2583394588375707,1.066572152642809,1.0995939929030794,0.9841231756854657,0
-0.12657084635623306,0.9009088760241706,1.5251962127575889,0.17250703859276123,-0.404365943111267,-1.177851894974348,-0.3298995900612411,0.853056793629862,-0.707102420612748,-0.6849837281165926,1.066572152642809,-0.7655570475877348,0.9841231756854657,0
0.7206745964472937,-1.1099901739376037,-0.502969299721533,0.34856045561794696,0.6095235192417271,0.9048055324001227,0.06599664927436881,-0.3041918912684436,-0.37813135950118393,-0.45564143582820127,0.29255569570563505,-2.154499311783022,0.9841231756854657,0
1.0595727735687044,0.9009088760241706,-0.502969299721533,0.456280258051459,1.1164682504182242,-1.177851894974348,-0.7257958293968509,1.4316811360790147,0.8739727812601764,-1.0289971665491795,0.5505611813513597,-0.32903233598350173,0.9841231756854657,0
-0.12657084635623306,-1.1099901739376037,-1.179024470547907,-0.49819520585105276,-0.404365943111267,-1.177851894974348,-0.3774071387815143,-0.8828162337175963,0.9343960373827085,0.1177142948927768,0.29255569570563505,0.0479662785837905,-1.0161329645585022,0
0.21232733076517762,0.9009088760241706,1.5251962127575889,-0.06862676339482049,0.2715603651240624,-1.177851894974348,0.38271364074285674,1.4316811360790147,-1.173704231781191,0.23238544103697253,0.5505611813513597,0.3455967637684949,0.9841231756854657,0
0.0428782422044723,0.9009088760241706,0.8491410419312149,-0.6976845101085112,-0.404365943111267,0.9048055324001227,0.06599664927436881,-1.461440576166749,1.934736610966852,1.6084391947673204,1.066572152642809,0.9606997664835506,-1.0161329645585022,1
0.0428782422044723,0.9009088760241706,0.8491410419312149,-0.7075863303879147,-0.404365943111267,0.9048055324001227,-0.13986939518014835,1.4316811360790147,1.2096575374964662,1.2644257563347332,0.5505611813513597,0.08765034327508442,-1.0161329645585022,1
0.21232733076517762,-1.1099901739376037,1.5251962127575889,0.9957636433221236,0.10257878806523006,-1.177851894974348,4.024959042630468,-0.8828162337175963,-1.0427871768490378,1.1497546101905376,0.29255569570563505,0.821805540064022,0.9841231756854657,0
0.0428782422044723,0.9009088760241706,0.8491410419312149,-0.7739616902512854,-0.06640278899360229,0.9048055324001227,-0.7257958293968509,1.4316811360790147,-1.173704231781191,0.23238544103697253,0.8085666669970842,0.6630692812988462,0.9841231756854657,0
-0.12657084635623306,-1.1099901739376037,-1.179024470547907,-0.20118797459946788,0.10257878806523006,0.9048055324001227,-0.8841543251310949,-1.461440576166749,-1.4254677989584081,-0.9143260204049839,0.03455021005991044,0.5440170872249644,-1.0161329645585022,0
0.0428782422044723,0.9009088760241706,0.8491410419312149,-0.3573903739353229,-0.06640278899360229,-1.177851894974348,0.06599664927436881,0.2744324511807092,0.8739727812601764,0.3470565871811683,1.066572152642809,0.46464895784237664,-1.0161329645585022,1
0.5512255078865883,0.9009088760241706,-1.179024470547907,0.3671322907831442,0.9474866733593919,0.9048055324001227,1.0161476236798326,1.4316811360790147,0.1119683846037988,0.23238544103697253,0.03455021005991044,0.0479662785837905,-1.0161329645585022,0
0.5512255078865883,-1.1099901739376037,1.5251962127575889,0.2677350709449204,0.6095235192417271,-1.177851894974348,-0.5674373336626071,0.853056793629862,-1.2106295549671826,-0.9143260204049839,0.8085666669970842,0.5440170872249644,0.9841231756854657,0
0.5512255078865883,-1.1099901739376037,1.5251962127575889,0.4636552980362779,0.7785050963005594,-1.177851894974348,0.38271364074285674,0.2744324511807092,-1.371758237960602,-0.34097028968400567,0.03455021005991044,0.7424374106814341,-1.0161329645585022,0
0.890123685007999,0.9009088760241706,-1.179024470547907,1.463865485270772,0.4405419421828948,-1.177851894974348,0.06599664927436881,-0.3041918912684436,-1.3482603050240614,-0.9143260204049839,0.29255569570563505,0.32575473142284794,-1.0161329645585022,0
-0.12657084635623306,-1.1099901739376037,-0.502969299721533,-0.3013590209029082,0.10257878806523006,-1.177851894974348,0.1847655210750518,1.4316811360790147,0.830333762949459,0.4617277333253637,0.29255569570563505,1.238488219322608,0.9841231756854657,0
-0.12657084635623306,-1.1099901739376037,0.8491410419312149,-0.012642787492929256,0.2715603651240624,0.9048055324001227,-0.7257958293968509,0.2744324511807092,1.0015329886299666,-0.9143260204049839,0.29255569570563505,-1.5393963090679663,0.9841231756854657,0
-0.12657084635623306,0.9009088760241706,1.5251962127575889,-0.27406979372139395,-0.23538436605243465,0.9048055324001227,-1.359229812333827,1.4316811360790147,-0.21364582894540246,-1.3730106049817663,0.8085666669970842,-1.3012919209202027,0.9841231756854657,0
1.2290218621294098,-1.1099901739376037,0.8491410419312149,-0.5653917693101633,1.1164682504182242,0.9048055324001227,-0.4090788379283631,0.2744324511807092,-1.3751150855229646,0.23238544103697253,0.5505611813513597,0.9011736694466097,0.9841231756854657,0
0.5512255078865883,-1.1099901739376037,-1.179024470547907,-0.22291828513289588,0.9474866733593919,0.9048055324001227,0.38271364074285674,-0.8828162337175963,-0.005521280078902488,0.4617277333253637,0.8085666669970842,-0.5472946917856183,0.9841231756854657,0
0.7206745964472937,0.9009088760241706,0.8491410419312149,-0.29674764686529126,0.9474866733593919,0.21058638994196582,-0.2507203421941191,0.2744324511807092,-1.1804179269059165,-0.11162799739561437,1.066572152642809,1.258330251668255,0.9841231756854657,0
1.0595727735687044,0.9009088760241706,-1.179024470547907,-0.10711278575671299,1.1164682504182242,-1.177851894974348,0.1451758971414908,0.853056793629862,1.5688402266692962,0.003043148748581378,0.8085666669970842,-0.8846092416616166,-1.0161329645585022,0
-0.12657084635623306,0.9009088760241706,0.17308587110484092,-0.8734852491042384,-0.23538436605243465,0.9048055324001227,-0.5674373336626071,-0.8828162337175963,0.7061304031420315,1.1497546101905376,-0.22345527558581418,0.801963507718375,-1.0161329645585022,0
1.2290218621294098,-1.1099901739376037,-0.502969299721533,-0.6413373095392734,0.7785050963005594,0.9048055324001227,0.7786098800784667,-1.461440576166749,-1.623521805137819,2.640479510065081,-0.22345527558581418,-0.44808453005738347,-1.0161329645585022,1
0.890123685007999,0.9009088760241706,0.8491410419312149,10.355873812320468,0.7785050963005594,0.9048055324001227,-0.5753552584493192,0.2744324511807092,0.5785701957722418,-1.487681751125962,1.066572152642809,0.20670253734896618,-1.0161329645585022,0
0.890123685007999,0.9009088760241706,0.8491410419312149,0.8396875830009979,0.9474866733593919,0.9048055324001227,0.06599664927436881,1.4316811360790147,0.860545391010725,-0.6849837281165926,0.8085666669970842,0.4844909901880236,0.9841231756854657,0
0.5512255078865883,0.9009088760241706,-1.179024470547907,-0.29943235092828746,-0.06640278899360229,0.9048055324001227,0.06599664927436881,1.4316811360790147,-0.0995130118250634,0.23238544103697253,0.03455021005991044,-0.6068207888225592,0.9841231756854657,0
0.0428782422044723,-1.1099901739376037,-0.502969299721533,0.2875702962574099,0.10257878806523006,-1.177851894974348,-0.5674373336626071,0.853056793629862,-1.623521805137819,-0.9143260204049839,0.5505611813513597,0.6829113136444932,0.9841231756854657,0
1.0595727735687044,-1.1099901739376037,-0.502969299721533,-0.33900804729221956,1.2854498274770565,0.9048055324001227,-0.09236184645987515,-1.461440576166749,-1.2979075915886182,0.1177142948927768,1.066572152642809,0.6035431842619053,0.9841231756854657,0
0.5512255078865883,0.9009088760241706,-0.502969299721533,-0.7717823422472061,0.9474866733593919,0.9048055324001227,0.1847655210750518,0.853056793629862,0.5114332445249834,2.411137217776689,0.29255569570563505,-0.3488743683291487,-1.0161329645585022,1
0.890123685007999,-1.1099901739376037,-0.502969299721533,0.5719278336592304,0.6095235192417271,-1.177851894974348,-0.09236184645987515,1.4316811360790147,-1.1804179269059165,-0.6849837281165926,0.29255569570563505,-1.2616078562289088,0.9841231756854657,0
0.5512255078865883,-1.1099901739376037,-0.502969299721533,-0.39267054379846117,0.10257878806523006,0.9048055324001227,0.6994306322113446,0.853056793629862,-1.039430329286675,1.2644257563347332,0.5505611813513597,0.5638591195706114,-1.0161329645585022,1
0.38177641932588297,0.9009088760241706,-0.502969299721533,-0.7167459089557842,0.6095235192417271,0.21058638994196582,-0.5199297849423339,-0.3041918912684436,0.3301634761573873,0.4617277333253637,0.5505611813513597,1.4170665104334308,-1.0161329645585022,0
0.0428782422044723,0.9009088760241706,0.8491410419312149,0.9358315732099439,-0.23538436605243465,-1.177851894974348,-0.7257958293968509,-0.3041918912684436,-1.173704231781191,-1.143668312693375,0.29255569570563505,0.286070666731554,-1.0161329645585022,0
0.890123685007999,0.9009088760241706,1.5251962127575889,-0.6703794905501558,1.2854498274770565,0.9048055324001227,-0.3298995900612411,0.2744324511807092,0.2865244578466693,0.6910700256137552,0.5505611813513597,-2.194183376474316,-1.0161329645585022,1
1.2290218621294098,0.9009088760241706,1.5251962127575889,0.1145963927162492,1.2854498274770565,-1.177851894974348,0.5094004373302519,0.2744324511807092,-1.4724636648314886,0.1177142948927768,1.066572152642809,0.9805417988291976,-1.0161329645585022,0
0.21232733076517762,0.9009088760241706,-0.502969299721533,1.6545426432508663,0.4405419421828948,0.9048055324001227,1.2695212168546228,-1.461440576166749,-0.7742393718600064,-0.45564143582820127,0.29255569570563505,0.9606997664835506,0.9841231756854657,0
0.38177641932588297,-1.1099901739376037,-0.502969299721533,-0.14962586421309979,0.4405419421828948,0.9048055324001227,-0.18737694390042153,-0.3041918912684436,0.6624913848313142,-0.2262991435398101,0.29255569570563505,-0.26950623894656084,0.9841231756854657,0
0.7206745964472937,0.9009088760241706,-0.502969299721533,3.493928151070606,1.1164682504182242,-1.177851894974348,2.4413740852880284,1.4316811360790147,1.2029438423717405,-0.6849837281165926,0.29255569570563505,-1.3409759856114967,0.9841231756854657,0
1.0595727735687044,0.9009088760241706,-1.179024470547907,-0.48766169049800295,1.4544314045358888,0.9048055324001227,2.4413740852880284,-0.8828162337175963,-0.25392799969375696,4.24587555608382,-0.22345527558581418,-0.4282424977117365,-1.0161329645585022,1
-0.12657084635623306,0.9009088760241706,1.5251962127575889,-0.018564928808362035,0.10257878806523006,0.9048055324001227,2.91644957249076,0.853056793629862,-1.0427871768490378,2.525808363920885,1.066572152642809,1.774223092655076,-1.0161329645585022,1
0.7206745964472937,-1.1099901739376037,-0.502969299721533,-0.09117827752398852,0.4405419421828948,-1.177851894974348,0.8577891279455886,0.853056793629862,-1.3482603050240614,0.6910700256137552,0.8085666669970842,-0.6465048535138531,0.9841231756854657,0
1.2290218621294098,-1.1099901739376037,-1.179024470547907,-0.22252347571186704,0.9474866733593919,0.9048055324001227,-0.09236184645987515,-0.8828162337175963,1.159304824061023,0.003043148748581378,0.5505611813513597,-1.2814498885745558,-1.0161329645585022,1
0.5512255078865883,0.9009088760241706,0.17308587110484092,-0.3458461464644393,0.4405419421828948,0.9048055324001227,0.38271364074285674,0.2744324511807092,0.3301634761573873,0.8057411717579506,0.03455021005991044,0.6432272489531993,-1.0161329645585022,0
1.2290218621294098,-1.1099901739376037,0.8491410419312149,1.2172043513887862,1.2854498274770565,0.9048055324001227,-0.8247698892307535,0.2744324511807092,0.001192415045823164,-1.2583394588375707,0.5505611813513597,0.16701847265767225,0.9841231756854657,0
0.5512255078865883,-1.1099901739376037,-0.502969299721533,5.4214035369103035,0.9474866733593919,0.9048055324001227,0.1451758971414908,-0.3041918912684436,1.575553921794022,-1.3730106049817663,0.8085666669970842,1.1194360252487263,-1.0161329645585022,0
0.38177641932588297,0.9009088760241706,0.8491410419312149,-0.6057097073856298,0.2715603651240624,0.9048055324001227,-1.1375279183058853,-1.461440576166749,1.5319149034833046,-0.9143260204049839,-0.22345527558581418,-1.0235034680811452,-1.0161329645585022,1
0.890123685007999,0.9009088760241706,-0.502969299721533,-0.10397010276532333,1.2854498274770565,0.21058638994196582,0.06599664927436881,-0.8828162337175963,0.9981761410676039,0.003043148748581378,0.03455021005991044,0.3455967637684949,0.9841231756854657,0
-0.12657084635623306,0.9009088760241706,-1.179024470547907,-0.33836055984173224,0.10257878806523006,0.9048055324001227,0.06599664927436881,-1.461440576166749,-0.12972463988633004,0.3470565871811683,0.29255569570563505,0.9805417988291976,-1.0161329645585022,0
1.0595727735687044,0.9009088760241706,-0.502969299721533,0.7135696615475413,0.9474866733593919,-1.177851894974348,0.8577891279455886,1.4316811360790147,0.001192415045823164,-0.2262991435398101,-0.22345527558581418,0.26622863438590705,-1.0161329645585022,0
0.5512255078865883,-1.1099901739376037,1.5251962127575889,0.5506081249236723,0.6095235192417271,-1.177851894974348,0.8577891279455886,-1.461440576166749,0.04483143335654109,-0.11162799739561437,0.8085666669970842,0.46464895784237664,0.9841231756854657,0
0.5512255078865883,0.9009088760241706,1.5251962127575889,0.5759548897537247,0.6095235192417271,0.21058638994196582,0.06599664927436881,1.4316811360790147,-0.34120603631519225,-0.570312581972397,-0.22345527558581418,-0.26950623894656084,0.9841231756854657,0
0.21232733076517762,0.9009088760241706,-0.502969299721533,-0.5099763189745536,-0.06640278899360229,-1.177851894974348,1.0161476236798326,-0.8828162337175963,-1.6839450612603513,2.2964660716324943,0.5505611813513597,-0.09092794783573821,0.9841231756854657,0
0.0428782422044723,-1.1099901739376037,1.5251962127575889,0.1807032821733202,0.7785050963005594,0.9048055324001227,-0.7257958293968509,1.4316811360790147,-1.0495008719737637,-1.0289971665491795,0.03455021005991044,2.210747804259309,0.9841231756854657,0
0.890123685007999,-1.1099901739376037,-0.502969299721533,-0.5460934848102731,0.6095235192417271,-1.177851894974348,0.5410721364771007,0.2744324511807092,-0.21700267650776528,1.7231103409115156,0.8085666669970842,-0.6266628211682062,-1.0161329645585022,0
0.0428782422044723,0.9009088760241706,-0.502969299721533,-0.6725430461773938,0.6095235192417271,0.9048055324001227,0.06599664927436881,1.4316811360790147,-0.21028898138303903,1.4937680486231246,-0.22345527558581418,0.4448069254967297,-1.0161329645585022,1
-0.12657084635623306,0.9009088760241706,0.8491410419312149,-0.5180778082940657,-0.06640278899360229,0.9048055324001227,-0.7257958293968509,0.2744324511807092,-0.37813135950118393,-0.34097028968400567,1.066572152642809,-0.5472946917856183,0.9841231756854657,0
0.5512255078865883,-1.1099901739376037,-0.502969299721533,0.22890161629252248,-0.06640278899360229,-1.177851894974348,1.0557372476133935,1.4316811360790147,-0.005521280078902488,0.3470565871811683,0.8085666669970842,1.1392780575943733,-1.0161329645585022,0
0.0428782422044723,-1.1099901739376037,-1.179024470547907,1.4093817851687902,-0.06640278899360229,0.9048055324001227,-0.34573543963466546,-0.3041918912684436,-1.6705176710108995,-1.143668312693375,0.03455021005991044,-0.5274526594399713,-1.0161329645585022,0
0.5512255078865883,0.9009088760241706,0.8491410419312149,-0.3415190352099631,0.4405419421828948,0.9048055324001227,0.06599664927436881,1.4316811360790147,1.6628319584154578,0.3470565871811683,0.03455021005991044,0.7622794430270811,0.9841231756854657,0
0.7206745964472937,0.9009088760241706,-0.502969299721533,-0.39164403930378616,0.9474866733593919,-1.177851894974348,-0.5040939353689095,0.2744324511807092,-1.1804179269059165,-0.2262991435398101,0.8085666669970842,0.06780831092943747,-1.0161329645585022,0
-0.12657084635623306,0.9009088760241706,0.8491410419312149,-0.30530711511319675,0.10257878806523006,0.9048055324001227,0.38271364074285674,-0.3041918912684436,-0.21364582894540246,0.6910700256137552,0.03455021005991044,-0.6663468858595001,0.9841231756854657,0
0.7206745964472937,0.9009088760241706,-1.179024470547907,-0.523226123144282,1.1164682504182242,0.9048055324001227,-0.5120118601556216,-1.461440576166749,-1.7510820125076092,0.003043148748581378,0.5505611813513597,0.5638591195706114,0.9841231756854657,0
1.2290218621294098,-1.1099901739376037,1.5251962127575889,0.4582700975334444,1.7923945586535535,0.9048055324001227,0.38271364074285674,1.4316811360790147,-0.005521280078902488,-0.34097028968400567,0.8085666669970842,1.6353288662355472,-1.0161329645585022,0
0.7206745964472937,0.9009088760241706,-1.179024470547907,2.540510776416452,0.9474866733593919,0.9048055324001227,2.4413740852880284,1.4316811360790147,-0.12972463988633004,-0.45564143582820127,0.8085666669970842,-0.24966420660091387,-1.0161329645585022,0
-0.12657084635623306,-1.1099901739376037,-1.179024470547907,1.027774791179143,0.10257878806523006,-1.177851894974348,-0.4090788379283631,0.853056793629862,-1.4254677989584081,-1.0289971665491795,0.29255569570563505,0.801963507718375,-1.0161329645585022,0
-0.12657084635623306,0.9009088760241706,-1.179024470547907,-0.1832952116384403,-0.06640278899360229,0.9048055324001227,0.6994306322113446,0.853056793629862,-0.11965409719924096,0.6910700256137552,1.066572152642809,-1.8767108589439645,0.9841231756854657,0
0.38177641932588297,0.9009088760241706,1.5251962127575889,-1.0486700854031608,0.4405419421828948,0.21058638994196582,-1.1375279183058853,0.853056793629862,-0.34120603631519225,0.4617277333253637,0.29255569570563505,0.2463866020402601,-1.0161329645585022,1
0.0428782422044723,0.9009088760241706,0.8491410419312149,-0.417764630599055,-0.7423290972289317,0.9048055324001227,1.0161476236798326,0.853056793629862,0.830333762949459,1.8377814870557112,-0.22345527558581418,-0.5869787564769122,-1.0161329645585022,1
0.890123685007999,-1.1099901739376037,-0.502969299721533,0.4980037176657881,1.4544314045358888,-1.177851894974348,1.6495816066168083,0.853056793629862,0.6893461653302174,0.4617277333253637,0.8085666669970842,0.4249648931510827,-1.0161329645585022,0
0.7206745964472937,-1.1099901739376037,1.5251962127575889,0.8015647853064519,0.9474866733593919,0.21058638994196582,-0.6941241302500022,0.853056793629862,1.223084927745918,-1.143668312693375,0.8085666669970842,1.9924854484571926,0.9841231756854657,0
1.2290218621294098,-1.1099901739376037,-1.179024470547907,3.485842454127935,0.9474866733593919,0.21058638994196582,0.8577891279455886,1.4316811360790147,-0.37813135950118393,-1.0289971665491795,0.8085666669970842,0.008282213892496587,-1.0161329645585022,0
0.0428782422044723,0.9009088760241706,-0.502969299721533,0.46310256484683754,0.4405419421828948,-1.177851894974348,-0.646616581529729,-0.3041918912684436,-1.1804179269059165,-1.0289971665491795,0.03455021005991044,-0.011559818453150373,0.9841231756854657,0
0.7206745964472937,-1.1099901739376037,-0.502969299721533,1.027364189381273,0.4405419421828948,-1.177851894974348,-0.6307807319563046,1.4316811360790147,-0.0860856215756121,-1.143668312693375,0.5505611813513597,0.5638591195706114,0.9841231756854657,0
-0.12657084635623306,0.9009088760241706,0.8491410419312149,1.0236845655772842,0.2715603651240624,-1.177851894974348,2.4413740852880284,-0.3041918912684436,1.6997572816014495,0.3470565871811683,1.066572152642809,0.3455967637684949,0.9841231756854657,0
0.21232733076517762,0.9009088760241706,-0.502969299721533,-0.48688786403278644,-0.911310674287764,0.9048055324001227,-0.8841543251310949,0.853056793629862,0.001192415045823164,-0.6849837281165926,0.5505611813513597,0.8614896047553159,-1.0161329645585022,0
0.0428782422044723,0.9009088760241706,-0.502969299721533,0.04049856057755424,0.10257878806523006,0.9048055324001227,0.8577891279455886,0.853056793629862,0.7229146409538463,0.4617277333253637,0.29255569570563505,0.18686050500331922,-1.0161329645585022,0
1.0595727735687044,-1.1099901739376037,-1.179024470547907,-0.1808158084743791,0.4405419421828948,0.9048055324001227,-0.7257958293968509,-1.461440576166749,-0.707102420612748,-0.7996548742607882,-0.22345527558581418,-2.0552891500547874,0.9841231756854657,0
0.7206745964472937,-1.1099901739376037,-1.179024470547907,-0.5801576416566424,0.2715603651240624,-1.177851894974348,-0.8841543251310949,-1.461440576166749,0.8739727812601764,-0.570312581972397,0.03455021005991044,-0.8052411122790287,0.9841231756854657,0
-0.12657084635623306,-1.1099901739376037,0.8491410419312149,-0.01752263193684587,-0.404365943111267,0.9048055324001227,0.38271364074285674,-0.3041918912684436,0.001192415045823164,0.1177142948927768,0.29255569570563505,0.2463866020402601,0.9841231756854657,0
0.38177641932588297,0.9009088760241706,-0.502969299721533,-0.27103765736789237,0.9474866733593919,0.9048055324001227,-0.804975077263973,0.2744324511807092,-1.5496711587658354,-0.7996548742607882,1.066572152642809,-0.6465048535138531,0.9841231756854657,0
0.5512255078865883,0.9009088760241706,-0.502969299721533,0.5563565500938524,0.7785050963005594,0.9048055324001227,-1.121692068732461,-0.8828162337175963,0.9108981044461687,-1.3730106049817663,1.066572152642809,-0.4282424977117365,0.9841231756854657,0
0.38177641932588297,-1.1099901739376037,-0.502969299721533,-0.4497126089487097,0.6095235192417271,0.9048055324001227,-1.1612816926660219,-0.8828162337175963,-0.7138161157374736,-1.143668312693375,0.29255569570563505,1.0202258635204915,0.9841231756854657,0
-0.12657084635623306,0.9009088760241706,-1.179024470547907,-0.769302939083145,0.10257878806523006,0.9048055324001227,-0.2507203421941191,-1.461440576166749,1.286865031430813,1.379096902478929,-0.22345527558581418,0.7225953783357871,-1.0161329645585022,1
0.0428782422044723,0.9009088760241706,-0.502969299721533,0.8361658829654205,0.4405419421828948,-1.177851894974348,0.8577891279455886,-0.8828162337175963,0.001192415045823164,-0.34097028968400567,-0.22345527558581418,-0.7457150152420878,0.9841231756854657,0
0.38177641932588297,0.9009088760241706,0.8491410419312149,0.07890562105524097,-0.06640278899360229,0.9048055324001227,-1.2008713165995828,0.853056793629862,-0.11965409719924096,-1.3730106049817663,1.066572152642809,0.20670253734896618,0.9841231756854657,0
0.0428782422044723,-1.1099901739376037,-0.502969299721533,-0.6793969377264547,0.10257878806523006,0.9048055324001227,-0.8999901747045194,-0.8828162337175963,0.3301634761573873,-0.34097028968400567,0.8085666669970842,0.5440170872249644,0.9841231756854657,0
1.2290218621294098,0.9009088760241706,-0.502969299721533,-0.9167721540258418,1.4544314045358888,0.9048055324001227,-0.3774071387815143,-0.8828162337175963,0.4543668359648142,2.1817949254882985,-0.22345527558581418,0.5837011519162584,-1.0161329645585022,1
0.21232733076517762,-1.1099901739376037,-0.502969299721533,-0.6175066128859719,-0.404365943111267,0.9048055324001227,-0.7257958293968509,1.4316811360790147,-0.707102420612748,-0.2262991435398101,0.5505611813513597,0.18686050500331922,0.9841231756854657,0
-0.12657084635623306,-1.1099901739376037,-1.179024470547907,-0.45200250359067706,0.10257878806523006,0.9048055324001227,-1.042512820865339,1.4316811360790147,0.001192415045823164,-0.9143260204049839,0.5505611813513597,0.028124246238143545,-1.0161329645585022,0
0.7206745964472937,0.9009088760241706,-1.179024470547907,0.32967277291592667,0.7785050963005594,0.9048055324001227,-0.03693637295288977,-0.8828162337175963,0.001192415045823164,-0.570312581972397,0.03455021005991044,0.2463866020402601,0.9841231756854657,0
-0.12657084635623306,0.9009088760241706,-0.502969299721533,0.08637541530110686,-0.06640278899360229,0.9048055324001227,1.6495816066168083,0.853056793629862,0.15896425047687956,1.035083464046342,0.5505611813513597,0.8813316371009629,0.9841231756854657,0
-0.12657084635623306,-1.1099901739376037,1.5251962127575889,-0.6528183675027924,0.4405419421828948,-1.177851894974348,0.4302211894631299,-0.3041918912684436,0.5114332445249834,2.0671237793441026,0.5505611813513597,0.6233852166075523,0.9841231756854657,0
0.0428782422044723,0.9009088760241706,-1.179024470547907,-0.7896119357008691,0.2715603651240624,-1.177851894974348,-1.2800505644667048,0.853056793629862,-1.2979075915886182,-1.0289971665491795,0.03455021005991044,-1.12271362980938,-1.0161329645585022,0
0.890123685007999,0.9009088760241706,0.8491410419312149,-0.5566112077864817,0.9474866733593919,-1.177851894974348,-0.17154109432699713,0.853056793629862,0.001192415045823164,0.5763988794695595,0.5505611813513597,0.5440170872249644,-1.0161329645585022,0
-0.12657084635623306,-1.1099901739376037,-1.179024470547907,-0.659024771601366,-0.404365943111267,0.9048055324001227,-1.1058562191590364,0.2744324511807092,1.253296555807184,-0.7996548742607882,-0.22345527558581418,-0.26950623894656084,-1.0161329645585022,1
0.0428782422044723,0.9009088760241706,0.8491410419312149,-0.6763963861266354,-0.06640278899360229,0.9048055324001227,0.38271364074285674,-1.461440576166749,-1.8752853723150364,2.0671237793441026,0.03455021005991044,-1.162397694500674,-1.0161329645585022,1
1.2290218621294098,0.9009088760241706,0.8491410419312149,-0.6567822540899221,0.9474866733593919,-1.177851894974348,0.8577891279455886,1.4316811360790147,0.7229146409538463,2.869821802353472,0.8085666669970842,0.08765034327508442,0.9841231756854657,0
-0.12657084635623306,0.9009088760241706,-0.502969299721533,0.8338444035697709,-0.5733475201700994,0.9048055324001227,1.3328646151483206,0.2744324511807092,-0.3680608168140954,0.003043148748581378,-0.22345527558581418,0.22654456969461315,-1.0161329645585022,0
0.0428782422044723,0.9009088760241706,0.8491410419312149,-0.6823343198189094,-0.06640278899360229,0.9048055324001227,0.8261174287987398,0.2744324511807092,0.04483143335654109,2.984492948497668,0.29255569570563505,-0.03140185079879733,-1.0161329645585022,1
-0.12657084635623306,0.9009088760241706,-0.502969299721533,0.4243638644554866,0.4405419421828948,0.9048055324001227,-0.09236184645987515,1.4316811360790147,-1.3751150855229646,-0.6849837281165926,0.5505611813513597,-0.22982217425526694,-1.0161329645585022,0
1.0595727735687044,0.9009088760241706,-0.502969299721533,-0.6047463723983194,1.2854498274770565,0.9048055324001227,-0.2507203421941191,-1.461440576166749,2.17642963545698,0.5763988794695595,-0.22345527558581418,0.20670253734896618,-1.0161329645585022,1
0.7206745964472937,0.9009088760241706,-1.179024470547907,-0.5836793416922198,0.9474866733593919,0.9048055324001227,-0.646616581529729,0.853056793629862,0.16232109803924238,-0.11162799739561437,-0.22345527558581418,0.9805417988291976,0.9841231756854657,0
0.0428782422044723,0.9009088760241706,-0.502969299721533,-0.4931100605082011,-0.23538436605243465,0.9048055324001227,0.1451758971414908,-0.8828162337175963,1.0955247203761276,0.9204123179021463,0.03455021005991044,0.7424374106814341,0.9841231756854657,0
0.5512255078865883,0.9009088760241706,-1.179024470547907,-0.8586562072503947,0.2715603651240624,-1.177851894974348,-1.359229812333827,-1.461440576166749,-1.4254677989584081,-1.143668312693375,-0.22345527558581418,-1.12271362980938,0.9841231756854657,0
1.0595727735687044,-1.1099901739376037,-0.502969299721533,-0.5853849183910644,0.9474866733593919,0.9048055324001227,-0.2507203421941191,-0.8828162337175963,0.001192415045823164,0.5763988794695595,1.066572152642809,-0.20998014190961997,0.9841231756854657,0
0.0428782422044723,-1.1099901739376037,-0.502969299721533,-0.7736616350913035,0.7785050963005594,0.9048055324001227,0.38271364074285674,-0.8828162337175963,-0.39491559731299863,2.869821802353472,0.03455021005991044,0.4844909901880236,-1.0161329645585022,1
-0.12657084635623306,0.9009088760241706,-0.502969299721533,-0.27599646369601477,-0.23538436605243465,0.21058638994196582,1.3328646151483206,1.4316811360790147,-1.1804179269059165,1.7231103409115156,0.03455021005991044,-1.2417658238832618,-1.0161329645585022,0
0.21232733076517762,-1.1099901739376037,1.5251962127575889,-0.22111795417300434,-0.23538436605243465,-1.177851894974348,0.8261174287987398,1.4316811360790147,1.4446368668618692,0.9204123179021463,-0.22345527558581418,-0.7853990799333818,-1.0161329645585022,1
-0.12657084635623306,-1.1099901739376037,-1.179024470547907,-0.4331306132654979,0.2715603651240624,0.9048055324001227,0.06599664927436881,0.2744324511807092,-1.1804179269059165,0.5763988794695595,0.03455021005991044,1.1591200899400202,0.9841231756854657,0
0.5512255078865883,0.9009088760241706,-0.502969299721533,-0.07164310737148091,0.4405419421828948,-1.177851894974348,-0.48034016100877286,0.2744324511807092,-1.7510820125076092,-0.570312581972397,1.066572152642809,1.35754041339649,-1.0161329645585022,0
0.38177641932588297,0.9009088760241706,0.8491410419312149,-0.2245291075706936,0.2715603651240624,-1.177851894974348,-0.7257958293968509,-1.461440576166749,0.5382880250238866,-0.6849837281165926,0.8085666669970842,-0.8449251769703227,-1.0161329645585022,1
1.2290218621294098,-1.1099901739376037,-0.502969299721533,-0.6787652426528086,1.1164682504182242,0.9048055324001227,-1.042512820865339,1.4316811360790147,-0.11965409719924096,-0.6849837281165926,0.5505611813513597,0.801963507718375,-1.0161329645585022,0
0.0428782422044723,0.9009088760241706,0.8491410419312149,-0.18634314036878302,0.4405419421828948,0.9048055324001227,1.6495816066168083,-1.461440576166749,2.431550050196561,1.7231103409115156,1.066572152642809,-0.7060309505507939,-1.0161329645585022,1
0.0428782422044723,-1.1099901739376037,1.5251962127575889,-0.5038804615138682,0.2715603651240624,0.9048055324001227,-0.9474977234247925,0.2744324511807092,1.7736079279734327,-0.7996548742607882,0.5505611813513597,0.5440170872249644,-1.0161329645585022,1
0.5512255078865883,0.9009088760241706,0.8491410419312149,-0.6671894304282426,0.7785050963005594,0.9048055324001227,1.6812533057636572,0.853056793629862,1.253296555807184,4.589888994516407,0.5505611813513597,-0.5671367241312653,-1.0161329645585022,1
-0.12657084635623306,0.9009088760241706,-0.502969299721533,-0.41476407899923573,0.2715603651240624,-1.177851894974348,-0.5040939353689095,-0.8828162337175963,0.954537122756886,-0.2262991435398101,1.066572152642809,1.5758027691986063,-1.0161329645585022,0
0.890123685007999,0.9009088760241706,1.5251962127575889,-0.12025204328855318,1.1164682504182242,-1.177851894974348,-1.042512820865339,0.853056793629862,-0.21028898138303903,-1.143668312693375,-0.22345527558581418,0.801963507718375,0.9841231756854657,0
0.38177641932588297,0.9009088760241706,-1.179024470547907,1.3664738972913746,0.6095235192417271,-1.177851894974348,2.2790566271604282,-0.8828162337175963,2.3241309282009484,0.003043148748581378,0.03455021005991044,-1.4997122443766724,-1.0161329645585022,1
0.890123685007999,-1.1099901739376037,0.17308587110484092,-0.48619299945177563,0.7785050963005594,0.9048055324001227,0.2520678817621055,-0.8828162337175963,1.327147202179168,1.035083464046342,-0.22345527558581418,1.4369085427790778,-1.0161329645585022,0
0.0428782422044723,-1.1099901739376037,0.8491410419312149,0.6492946878040442,-0.23538436605243465,-1.177851894974348,-0.2507203421941191,-0.8828162337175963,0.9981761410676039,-0.7996548742607882,0.03455021005991044,0.32575473142284794,0.9841231756854657,0
0.21232733076517762,0.9009088760241706,-0.502969299721533,1.0284222786296304,0.4405419421828948,0.21058638994196582,-0.7257958293968509,0.853056793629862,1.0351014642535956,-1.2583394588375707,-0.22345527558581418,-0.051243883144444294,-1.0161329645585022,0
0.7206745964472937,-1.1099901739376037,-0.502969299721533,1.028390693875948,0.10257878806523006,-1.177851894974348,-1.2008713165995828,-0.8828162337175963,0.001192415045823164,-1.487681751125962,1.066572152642809,0.7225953783357871,-1.0161329645585022,0
0.890123685007999,-1.1099901739376037,-0.502969299721533,1.1214709629777102,1.1164682504182242,-1.177851894974348,1.6495816066168083,-1.461440576166749,-1.0495008719737637,-0.11162799739561437,0.29255569570563505,1.278172284013902,0.9841231756854657,0
0.890123685007999,0.9009088760241706,1.5251962127575889,1.314232714700837,0.9474866733593919,0.21058638994196582,-0.5238887473356899,-0.3041918912684436,-1.3751150855229646,-1.143668312693375,0.29255569570563505,1.0202258635204915,0.9841231756854657,0
0.38177641932588297,0.9009088760241706,1.5251962127575889,1.3114374639999526,0.2715603651240624,0.9048055324001227,2.4413740852880284,1.4316811360790147,1.4110683912382405,0.1177142948927768,0.8085666669970842,-0.8250831446246757,0.9841231756854657,0
0.890123685007999,-1.1099901739376037,-1.179024470547907,6.3348504057794965,1.1164682504182242,-1.177851894974348,0.8577891279455886,0.2744324511807092,-1.6705176710108995,-1.2583394588375707,0.03455021005991044,-0.2893482712922078,0.9841231756854657,0
1.0595727735687044,0.9009088760241706,-0.502969299721533,0.18340377861315754,1.7923945586535535,0.9048055324001227,1.5228948100294133,-0.8828162337175963,1.934736610966852,0.8057411717579506,0.29255569570563505,0.6630692812988462,-1.0161329645585022,1
0.21232733076517762,-1.1099901739376037,1.5251962127575889,-0.7741827835270615,0.2715603651240624,0.9048055324001227,-0.8841543251310949,-1.461440576166749,-1.8752853723150364,-0.11162799739561437,1.066572152642809,-0.4282424977117365,-1.0161329645585022,0
-0.12657084635623306,0.9009088760241706,0.8491410419312149,1.3284300614810345,-0.23538436605243465,-1.177851894974348,-0.7257958293968509,0.853056793629862,-1.623521805137819,-1.2583394588375707,0.03455021005991044,0.22654456969461315,0.9841231756854657,0
0.21232733076517762,-1.1099901739376037,-0.502969299721533,0.6261904404854358,0.10257878806523006,0.9048055324001227,0.4618928886099787,-1.461440576166749,0.001192415045823164,-0.45564143582820127,1.066572152642809,0.18686050500331922,-1.0161329645585022,0
0.21232733076517762,0.9009088760241706,0.8491410419312149,-0.33716033920180455,-0.06640278899360229,-1.177851894974348,-0.804975077263973,0.2744324511807092,-1.8752853723150364,-0.6849837281165926,0.29255569570563505,0.821805540064022,0.9841231756854657,0
-0.12657084635623306,-1.1099901739376037,-0.502969299721533,-0.11486684278571964,-0.23538436605243465,0.9048055324001227,0.06599664927436881,1.4316811360790147,0.7430557263280237,0.003043148748581378,0.29255569570563505,0.32575473142284794,0.9841231756854657,0
0.890123685007999,-1.1099901739376037,-0.502969299721533,-0.02707701992574409,1.2854498274770565,-1.177851894974348,-1.01084112171849,-0.8828162337175963,-1.8752853723150364,-1.143668312693375,0.5505611813513597,-0.46792656240303043,0.9841231756854657,0
0.890123685007999,-1.1099901739376037,-0.502969299721533,0.17443370856738202,0.9474866733593919,-1.177851894974348,0.38271364074285674,-0.8828162337175963,0.001192415045823164,-0.11162799739561437,1.066572152642809,-0.8846092416616166,0.9841231756854657,0
0.5512255078865883,-1.1099901739376037,0.8491410419312149,0.23046506159979674,0.2715603651240624,-1.177851894974348,-0.7257958293968509,-1.461440576166749,0.001192415045823164,-1.0289971665491795,0.29255569570563505,-1.0235034680811452,-1.0161329645585022,1
0.890123685007999,0.9009088760241706,0.8491410419312149,1.9759175119683519,0.7785050963005594,0.21058638994196582,1.8079401023510524,0.2744324511807092,1.092167872813765,-0.45564143582820127,0.8085666669970842,0.08765034327508442,0.9841231756854657,0
0.0428782422044723,0.9009088760241706,0.8491410419312149,0.06483461328977269,-0.404365943111267,-1.177851894974348,1.6495816066168083,-1.461440576166749,1.3103629643673533,1.1497546101905376,-0.22345527558581418,0.5043330225336705,-1.0161329645585022,1
-0.12657084635623306,0.9009088760241706,1.5251962127575889,-0.7913333047765548,-0.23538436605243465,0.9048055324001227,-1.0741845200121878,1.4316811360790147,-0.018948670328354386,-0.570312581972397,1.066572152642809,-1.142555662155027,0.9841231756854657,0
0.5512255078865883,0.9009088760241706,-1.179024470547907,0.36782715536415495,0.9474866733593919,0.9048055324001227,1.4120438630154424,0.2744324511807092,-1.173704231781191,0.4617277333253637,0.29255569570563505,0.6829113136444932,-1.0161329645585022,1
0.890123685007999,0.9009088760241706,-1.179024470547907,1.0766048203719913,0.2715603651240624,0.9048055324001227,0.38271364074285674,-0.8828162337175963,0.27645391515958084,-0.6849837281165926,1.066572152642809,1.1591200899400202,0.9841231756854657,0
0.0428782422044723,0.9009088760241706,-0.502969299721533,-0.7870693630294433,-0.06640278899360229,0.9048055324001227,-0.11215665842665565,-0.8828162337175963,-0.11965409719924096,1.8377814870557112,0.29255569570563505,0.9805417988291976,-1.0161329645585022,1
-0.12657084635623306,0.9009088760241706,0.8491410419312149,-0.8822342258742378,0.10257878806523006,-1.177851894974348,-1.2958864140401292,-1.461440576166749,1.934736610966852,-0.9143260204049839,0.03455021005991044,-1.5790803737592602,-1.0161329645585022,1
0.0428782422044723,-1.1099901739376037,0.8491410419312149,-0.25762992942975255,0.2715603651240624,-1.177851894974348,0.6360872339176471,-1.461440576166749,-1.0495008719737637,0.8057411717579506,-0.22345527558581418,0.5241750548793175,0.9841231756854657,0
-0.12657084635623306,0.9009088760241706,-0.502969299721533,-0.31926757624077695,-0.5733475201700994,0.9048055324001227,-0.8841543251310949,1.4316811360790147,-0.1397951825734185,-0.7996548742607882,-0.22345527558581418,1.1392780575943733,0.9841231756854657,0
0.21232733076517762,-1.1099901739376037,-0.502969299721533,-0.18970691663594885,0.10257878806523006,0.9048055324001227,-0.4090788379283631,-0.3041918912684436,-0.2438574570066685,-0.45564143582820127,0.03455021005991044,0.7424374106814341,0.9841231756854657,0
1.2290218621294098,0.9009088760241706,-1.179024470547907,-0.48908300441370683,0.9474866733593919,0.21058638994196582,-0.7257958293968509,0.2744324511807092,-1.371758237960602,-0.45564143582820127,0.29255569570563505,0.5043330225336705,0.9841231756854657,0
-0.12657084635623306,0.9009088760241706,0.8491410419312149,-0.41031062873003027,0.10257878806523006,-1.177851894974348,0.06599664927436881,0.2744324511807092,-1.371758237960602,0.5763988794695595,0.03455021005991044,0.7027533459901402,0.9841231756854657,0
0.0428782422044723,0.9009088760241706,-0.502969299721533,-0.29695294776422626,-0.23538436605243465,-1.177851894974348,-0.2507203421941191,0.853056793629862,-1.6839450612603513,-0.11162799739561437,0.03455021005991044,-0.7655570475877348,0.9841231756854657,0
0.21232733076517762,-1.1099901739376037,-1.179024470547907,-0.08111853347617337,0.10257878806523006,-1.177851894974348,0.06599664927436881,0.2744324511807092,2.3778404891987543,-0.11162799739561437,0.8085666669970842,-0.5671367241312653,-1.0161329645585022,1
-0.12657084635623306,-1.1099901739376037,-1.179024470547907,-0.8663786795257191,-0.404365943111267,0.9048055324001227,-0.2507203421941191,1.4316811360790147,0.2965950005337584,2.0671237793441026,0.03455021005991044,-1.5592383414136133,-1.0161329645585022,1
0.21232733076517762,0.9009088760241706,1.5251962127575889,-0.48418736759294906,0.4405419421828948,-1.177851894974348,-0.2507203421941191,-1.461440576166749,-0.811164695045998,0.23238544103697253,0.8085666669970842,1.1392780575943733,0.9841231756854657,0
0.38177641932588297,0.9009088760241706,-0.502969299721533,-0.2215759331013978,0.10257878806523006,0.9048055324001227,-0.7257958293968509,-0.3041918912684436,1.3842136107393372,-0.6849837281165926,0.29255569570563505,-1.0036614357354983,-1.0161329645585022,1
0.21232733076517762,0.9009088760241706,0.8491410419312149,-0.3436194213298366,-0.06640278899360229,0.9048055324001227,0.06599664927436881,1.4316811360790147,-1.173704231781191,0.3470565871811683,1.066572152642809,0.5043330225336705,0.9841231756854657,0
1.2290218621294098,-1.1099901739376037,-1.179024470547907,0.4632289038615668,0.4405419421828948,0.9048055324001227,0.22435514500861276,-1.461440576166749,0.3301634761573873,-0.45564143582820127,1.066572152642809,0.286070666731554,-1.0161329645585022,0
0.0428782422044723,0.9009088760241706,0.8491410419312149,-0.525689733931502,-0.23538436605243465,0.9048055324001227,-1.01084112171849,0.853056793629862,-0.46205254856025635,-0.7996548742607882,0.8085666669970842,0.10749237562073138,0.9841231756854657,0
0.21232733076517762,-1.1099901739376037,1.5251962127575889,-0.6310564722156821,-0.23538436605243465,-1.177851894974348,0.16497070910827127,-1.461440576166749,0.001192415045823164,1.4937680486231246,0.5505611813513597,-0.6663468858595001,-1.0161329645585022,0
-0.12657084635623306,0.9009088760241706,0.8491410419312149,0.6081555461328378,-0.404365943111267,0.9048055324001227,0.06599664927436881,1.4316811360790147,-1.4993184453303918,-0.6849837281165926,0.29255569570563505,0.6233852166075523,0.9841231756854657,0
0.38177641932588297,-1.1099901739376037,-0.502969299721533,-1.0649204411727082,0.7785050963005594,0.9048055324001227,-1.2800505644667048,-1.461440576166749,0.5785701957722418,-0.2262991435398101,0.8085666669970842,0.286070666731554,-1.0161329645585022,1
0.5512255078865883,-1.1099901739376037,0.8491410419312149,-0.10948164228288611,1.2854498274770565,0.9048055324001227,2.4413740852880284,-0.8828162337175963,-0.707102420612748,2.2964660716324943,0.29255569570563505,1.0400678958661385,-1.0161329645585022,1
0.38177641932588297,-1.1099901739376037,-1.179024470547907,-0.29998508411772784,0.7785050963005594,0.9048055324001227,-1.2008713165995828,-1.461440576166749,1.2700807936189982,-1.2583394588375707,0.03455021005991044,0.6630692812988462,0.9841231756854657,0
0.0428782422044723,-1.1099901739376037,1.5251962127575889,10.196197090079558,-0.23538436605243465,-1.177851894974348,2.4413740852880284,0.853056793629862,-0.6701770974267564,-1.2583394588375707,0.8085666669970842,-0.5671367241312653,-1.0161329645585022,1
0.21232733076517762,0.9009088760241706,-1.179024470547907,0.11816546988235004,0.9474866733593919,0.9048055324001227,1.0003117741064083,-1.461440576166749,0.6826324702054911,0.4617277333253637,1.066572152642809,0.9011736694466097,0.9841231756854657,0
-0.12657084635623306,-1.1099901739376037,-1.179024470547907,-0.10684431535041337,-0.23538436605243465,0.9048055324001227,-1.2325430157464317,-0.8828162337175963,0.1522505553521539,-1.3730106049817663,0.5505611813513597,0.5043330225336705,0.9841231756854657,0
0.38177641932588297,-1.1099901739376037,-0.502969299721533,1.0331284069282942,0.4405419421828948,-1.177851894974348,0.22435514500861276,-0.8828162337175963,-1.6705176710108995,-0.6849837281165926,0.8085666669970842,0.3654387961141419,0.9841231756854657,0
0.21232733076517762,-1.1099901739376037,-0.502969299721533,0.49783000152053536,-0.23538436605243465,-1.177851894974348,0.06599664927436881,0.2744324511807092,-0.46205254856025635,-0.570312581972397,0.8085666669970842,0.008282213892496587,0.9841231756854657,0
0.5512255078865883,0.9009088760241706,-0.502969299721533,-0.7878905666251833,0.7785050963005594,0.9048055324001227,-0.5674373336626071,-0.8828162337175963,-0.8447331706696268,0.6910700256137552,-0.22345527558581418,0.305912699077201,0.9841231756854657,0
0.5512255078865883,0.9009088760241706,-1.179024470547907,0.23190216789234175,0.9474866733593919,0.9048055324001227,0.6994306322113446,-0.8828162337175963,-0.46205254856025635,0.1177142948927768,-0.22345527558581418,0.5638591195706114,0.9841231756854657,0
0.890123685007999,0.9009088760241706,-0.502969299721533,-0.3011537200039732,0.7785050963005594,0.9048055324001227,-0.09236184645987515,-0.3041918912684436,-1.173704231781191,0.1177142948927768,0.8085666669970842,-0.5076106270943244,0.9841231756854657,0
0.38177641932588297,-1.1099901739376037,0.8491410419312149,0.23379725311328023,0.2715603651240624,-1.177851894974348,2.5997325810222724,0.2744324511807092,1.6628319584154578,1.4937680486231246,-0.22345527558581418,0.6233852166075523,0.9841231756854657,0
0.5512255078865883,0.9009088760241706,0.8491410419312149,-0.2945367141075297,0.4405419421828948,0.9048055324001227,0.38271364074285674,-1.461440576166749,-1.6705176710108995,0.6910700256137552,0.03455021005991044,-0.40840046536608954,0.9841231756854657,0
0.0428782422044723,-1.1099901739376037,-1.179024470547907,-0.19602386737241048,0.2715603651240624,0.21058638994196582,1.3328646151483206,0.2744324511807092,-1.0427871768490378,1.4937680486231246,1.066572152642809,0.2463866020402601,-1.0161329645585022,0
0.21232733076517762,0.9009088760241706,1.5251962127575889,0.4904233767820341,0.9474866733593919,-1.177851894974348,0.06599664927436881,-0.8828162337175963,0.0851136041048956,-0.570312581972397,0.5505611813513597,-0.40840046536608954,0.9841231756854657,0
-0.12657084635623306,-1.1099901739376037,-0.502969299721533,-0.6980793195295399,-0.404365943111267,0.9048055324001227,-1.042512820865339,-0.8828162337175963,-1.0495008719737637,-0.6849837281165926,0.29255569570563505,0.6432272489531993,-1.0161329645585022,1
-0.12657084635623306,0.9009088760241706,1.5251962127575889,-0.5844057910269129,-0.404365943111267,0.9048055324001227,0.06599664927436881,-0.8828162337175963,-0.37813135950118393,1.035083464046342,0.8085666669970842,-0.7060309505507939,0.9841231756854657,0
0.21232733076517762,-1.1099901739376037,0.8491410419312149,0.4582700975334444,0.4405419421828948,-1.177851894974348,-0.5674373336626071,0.853056793629862,0.9981761410676039,-0.9143260204049839,1.066572152642809,0.5440170872249644,0.9841231756854657,0
0.38177641932588297,0.9009088760241706,-1.179024470547907,4.437806930112703,0.2715603651240624,0.21058638994196582,4.024959042630468,1.4316811360790147,-0.1397951825734185,-0.45564143582820127,-0.22345527558581418,0.5043330225336705,-1.0161329645585022,0
0.5512255078865883,-1.1099901739376037,1.5251962127575889,-0.18489024169939686,0.6095235192417271,-1.177851894974348,-0.2507203421941191,0.2744324511807092,-0.811164695045998,-0.2262991435398101,0.03455021005991044,-0.11076998018138517,0.9841231756854657,0
1.0595727735687044,0.9009088760241706,-1.179024470547907,-0.6813551924547578,0.9474866733593919,-1.177851894974348,1.3328646151483206,-1.461440576166749,0.6154955189582334,4.016533263795428,-0.22345527558581418,0.0479662785837905,-1.0161329645585022,0
0.7206745964472937,0.9009088760241706,0.8491410419312149,-0.33777624189860955,0.7785050963005594,0.9048055324001227,-0.9474977234247925,1.4316811360790147,-1.371758237960602,-0.9143260204049839,0.03455021005991044,-0.9044512740072636,0.9841231756854657,0
0.0428782422044723,0.9009088760241706,0.8491410419312149,-0.33739722485442186,0.10257878806523006,-1.177851894974348,-0.7257958293968509,0.2744324511807092,1.4312094766124175,-0.570312581972397,0.5505611813513597,1.5559607368529593,-1.0161329645585022,1
1.0595727735687044,0.9009088760241706,-0.502969299721533,-0.3226945220153074,1.4544314045358888,0.21058638994196582,-1.1375279183058853,-0.3041918912684436,-1.2979075915886182,-1.143668312693375,0.29255569570563505,1.5361187045073124,0.9841231756854657,0
-0.12657084635623306,0.9009088760241706,-1.179024470547907,-0.15816954008416415,-0.23538436605243465,0.21058638994196582,0.8577891279455886,0.2744324511807092,0.3301634761573873,0.8057411717579506,1.066572152642809,0.18686050500331922,-1.0161329645585022,0
0.0428782422044723,0.9009088760241706,1.5251962127575889,-0.11390350779840924,0.2715603651240624,-1.177851894974348,0.8577891279455886,-0.8828162337175963,0.3301634761573873,0.8057411717579506,-0.22345527558581418,-0.2893482712922078,0.9841231756854657,0
1.2290218621294098,0.9009088760241706,1.5251962127575889,-0.7650389973360333,1.1164682504182242,0.9048055324001227,-1.2958864140401292,1.4316811360790147,-0.8447331706696268,-1.143668312693375,0.29255569570563505,1.0599099282117854,-1.0161329645585022,0
0.21232733076517762,-1.1099901739376037,-0.502969299721533,-0.3526210761292944,-0.404365943111267,0.9048055324001227,-0.7099599798234266,0.2744324511807092,0.2865244578466693,-0.570312581972397,0.29255569570563505,0.3654387961141419,0.9841231756854657,0
0.890123685007999,-1.1099901739376037,0.8491410419312149,-0.49404181074182923,0.9474866733593919,-1.177851894974348,-1.042512820865339,0.853056793629862,-1.2207000976542715,-0.9143260204049839,0.8085666669970842,-0.8647672093159696,0.9841231756854657,0
1.0595727735687044,-1.1099901739376037,-0.502969299721533,7.848249670844134,1.1164682504182242,-1.177851894974348,0.6994306322113446,0.853056793629862,1.2096575374964662,-1.3730106049817663,0.8085666669970842,1.298014316359549,-1.0161329645585022,0
0.0428782422044723,0.9009088760241706,0.8491410419312149,-0.10850251491873456,-0.06640278899360229,0.9048055324001227,-0.7891392276905486,-1.461440576166749,-1.0495008719737637,-0.9143260204049839,0.5505611813513597,-0.24966420660091387,-1.0161329645585022,0
-0.12657084635623306,-1.1099901739376037,-0.502969299721533,-0.597529256181912,0.10257878806523006,0.9048055324001227,-0.7257958293968509,-0.8828162337175963,0.9343960373827085,-0.2262991435398101,0.8085666669970842,1.3773824457421369,-1.0161329645585022,0
0.21232733076517762,-1.1099901739376037,-0.502969299721533,-0.6789863359285847,0.2715603651240624,-1.177851894974348,-0.5674373336626071,-0.3041918912684436,-1.7510820125076092,0.23238544103697253,0.03455021005991044,-1.5393963090679663,0.9841231756854657,0
0.0428782422044723,-1.1099901739376037,-0.502969299721533,-0.3360706651997649,0.10257878806523006,0.9048055324001227,-0.8841543251310949,0.853056793629862,1.1223795008750308,-0.7996548742607882,1.066572152642809,1.4170665104334308,-1.0161329645585022,0
0.21232733076517762,-1.1099901739376037,0.8491410419312149,0.15887821737884525,0.2715603651240624,0.9048055324001227,1.0161476236798326,-0.8828162337175963,0.7061304031420315,0.4617277333253637,0.03455021005991044,-0.17029607721832604,-1.0161329645585022,1
0.21232733076517762,-1.1099901739376037,0.8491410419312149,0.451463583114907,-0.23538436605243465,0.21058638994196582,-0.2507203421941191,-0.8828162337175963,0.7464125738903866,-0.7996548742607882,-0.22345527558581418,-2.075131182400434,0.9841231756854657,0
0.0428782422044723,-1.1099901739376037,0.8491410419312149,-0.022892040062838254,0.4405419421828948,-1.177851894974348,-0.7257958293968509,0.2744324511807092,-0.6936750303632967,-0.9143260204049839,0.8085666669970842,-0.9639773710442044,-1.0161329645585022,1
0.7206745964472937,-1.1099901739376037,-0.502969299721533,0.17400731439267086,0.2715603651240624,-1.177851894974348,-1.2008713165995828,1.4316811360790147,1.5587696839822078,-1.3730106049817663,1.066572152642809,0.06780831092943747,0.9841231756854657,0
0.21232733076517762,0.9009088760241706,0.8491410419312149,-0.9065702785864562,-0.404365943111267,0.9048055324001227,-0.5040939353689095,-1.461440576166749,-0.21364582894540246,1.6084391947673204,0.03455021005991044,1.0599099282117854,-1.0161329645585022,1
0.7206745964472937,-1.1099901739376037,-1.179024470547907,3.3029509379305297,0.10257878806523006,-1.177851894974348,-0.18737694390042153,0.2744324511807092,-1.173704231781191,-1.2583394588375707,0.03455021005991044,-1.6187644384505542,0.9841231756854657,0
0.21232733076517762,0.9009088760241706,-1.179024470547907,-0.3213995471143328,0.10257878806523006,-1.177851894974348,0.23227306979532497,1.4316811360790147,-1.8752853723150364,0.5763988794695595,0.03455021005991044,1.0003838311748445,-1.0161329645585022,0
0.5512255078865883,0.9009088760241706,0.8491410419312149,1.1196548396409776,0.9474866733593919,-1.177851894974348,2.2830155895537843,1.4316811360790147,-0.8447331706696268,0.23238544103697253,0.29255569570563505,-0.32903233598350173,-1.0161329645585022,0
-0.12657084635623306,0.9009088760241706,0.8491410419312149,-0.4177962153527373,-0.06640278899360229,-1.177851894974348,-0.5674373336626071,-0.8828162337175963,0.7464125738903866,-0.34097028968400567,0.03455021005991044,-0.46792656240303043,-1.0161329645585022,1
-0.12657084635623306,0.9009088760241706,-1.179024470547907,-0.41503254940553536,0.10257878806523006,0.9048055324001227,0.6440051587043593,-0.8828162337175963,-0.11965409719924096,1.2644257563347332,0.29255569570563505,-1.6386064707962011,-1.0161329645585022,1
0.38177641932588297,-1.1099901739376037,1.5251962127575889,-0.7920281693575657,0.10257878806523006,-1.177851894974348,-0.4090788379283631,0.2744324511807092,-1.4724636648314886,1.1497546101905376,0.8085666669970842,0.12733440796637835,-1.0161329645585022,0
0.5512255078865883,0.9009088760241706,0.8491410419312149,-0.22247609858134357,0.4405419421828948,-1.177851894974348,0.8577891279455886,-0.3041918912684436,-0.8447331706696268,1.035083464046342,-0.22345527558581418,-0.17029607721832604,-1.0161329645585022,1
-0.12657084635623306,0.9009088760241706,-1.179024470547907,1.2565589544769422,-0.404365943111267,0.9048055324001227,1.6495816066168083,-1.461440576166749,0.5785701957722418,-0.11162799739561437,1.066572152642809,-1.0036614357354983,0.9841231756854657,0
0.890123685007999,-1.1099901739376037,-0.502969299721533,-0.7914596437912841,0.6095235192417271,0.9048055324001227,0.06599664927436881,0.2744324511807092,-0.707102420612748,2.2964660716324943,1.066572152642809,0.6233852166075523,-1.0161329645585022,1
-0.12657084635623306,-1.1099901739376037,1.5251962127575889,-0.3176725461798204,-0.5733475201700994,-1.177851894974348,-0.17154109432699713,0.2744324511807092,-0.1397951825734185,0.003043148748581378,1.066572152642809,1.0995939929030794,-1.0161329645585022,0
0.890123685007999,0.9009088760241706,-0.502969299721533,1.043961977441326,0.6095235192417271,-1.177851894974348,0.8894608270924373,-1.461440576166749,0.8739727812601764,-0.45564143582820127,0.29255569570563505,0.028124246238143545,0.9841231756854657,0
1.0595727735687044,-1.1099901739376037,1.5251962127575889,-0.10962377367445648,0.6095235192417271,0.9048055324001227,0.06599664927436881,0.2744324511807092,0.860545391010725,0.003043148748581378,0.03455021005991044,0.7225953783357871,0.9841231756854657,0
0.0428782422044723,0.9009088760241706,0.8491410419312149,-0.18395849146576876,-0.23538436605243465,0.9048055324001227,-0.18737694390042153,0.2744324511807092,-1.173704231781191,-0.2262991435398101,1.066572152642809,-0.686188918205147,-1.0161329645585022,1
0.21232733076517762,-1.1099901739376037,-1.179024470547907,2.1638941735086092,0.7785050963005594,-1.177851894974348,1.6495816066168083,1.4316811360790147,0.001192415045823164,-0.570312581972397,0.03455021005991044,-0.9242933063529105,0.9841231756854657,0
-0.12657084635623306,0.9009088760241706,1.5251962127575889,0.3494132439673693,-0.06640278899360229,0.9048055324001227,0.38271364074285674,0.2744324511807092,0.7229146409538463,-0.2262991435398101,-0.22345527558581418,1.1591200899400202,0.9841231756854657,0
0.5512255078865883,-1.1099901739376037,0.8491410419312149,0.06251313389412304,0.9474866733593919,0.9048055324001227,1.0161476236798326,-0.3041918912684436,-1.6839450612603513,0.5763988794695595,0.8085666669970842,-0.5671367241312653,0.9841231756854657,0
0.21232733076517762,-1.1099901739376037,0.8491410419312149,-0.40862084440802676,0.6095235192417271,0.9048055324001227,1.0161476236798326,-0.8828162337175963,0.001192415045823164,1.8377814870557112,0.5505611813513597,-0.7457150152420878,-1.0161329645585022,1
0.5512255078865883,0.9009088760241706,0.8491410419312149,-0.30355416128382867,0.9474866733593919,-1.177851894974348,-0.7574675285436998,-1.461440576166749,-1.6705176710108995,-0.6849837281165926,0.29255569570563505,0.028124246238143545,0.9841231756854657,0
0.5512255078865883,-1.1099901739376037,1.5251962127575889,-0.8696792862855203,0.6095235192417271,0.21058638994196582,-0.7257958293968509,0.853056793629862,0.27645391515958084,0.6910700256137552,0.29255569570563505,-1.142555662155027,-1.0161329645585022,0
-0.12657084635623306,-1.1099901739376037,-0.502969299721533,-0.03194107199281954,0.10257878806523006,0.9048055324001227,-0.7257958293968509,-1.461440576166749,0.665848232393677,-0.9143260204049839,0.5505611813513597,0.46464895784237664,0.9841231756854657,0
0.38177641932588297,0.9009088760241706,-1.179024470547907,0.5732070161833638,0.10257878806523006,-1.177851894974348,1.1745061194140765,-0.3041918912684436,-0.12972463988633004,0.1177142948927768,1.066572152642809,-0.40840046536608954,0.9841231756854657,0
0.5512255078865883,0.9009088760241706,0.8491410419312149,2.35479242476448,0.4405419421828948,-1.177851894974348,2.2830155895537843,-1.461440576166749,0.001192415045823164,-0.45564143582820127,0.03455021005991044,-1.8965528912896115,0.9841231756854657,0
0.21232733076517762,-1.1099901739376037,0.8491410419312149,0.9994116823724303,-0.06640278899360229,-1.177851894974348,-0.963333572998217,-0.3041918912684436,0.8336906105118219,-1.3730106049817663,-0.22345527558581418,-1.7179746001787888,0.9841231756854657,0
0.7206745964472937,0.9009088760241706,1.5251962127575889,0.6432935846044057,0.9474866733593919,0.9048055324001227,0.7627740305050422,-1.461440576166749,0.7866947446387411,-0.2262991435398101,-0.22345527558581418,1.694854963272488,-1.0161329645585022,0
0.0428782422044723,0.9009088760241706,-0.502969299721533,0.934615560193175,-0.06640278899360229,-1.177851894974348,1.4120438630154424,-0.8828162337175963,0.001192415045823164,-0.11162799739561437,0.8085666669970842,0.8813316371009629,-1.0161329645585022,0
0.38177641932588297,-1.1099901739376037,-0.502969299721533,-0.3206415130259574,0.2715603651240624,0.9048055324001227,-0.7257958293968509,0.853056793629862,1.4446368668618692,-0.6849837281165926,0.29255569570563505,0.6432272489531993,-1.0161329645585022,1
-0.12657084635623306,0.9009088760241706,-0.502969299721533,0.23738212265622222,-0.404365943111267,0.21058638994196582,4.024959042630468,0.2744324511807092,2.344272013575125,2.640479510065081,0.29255569570563505,-0.9639773710442044,-1.0161329645585022,1
0.5512255078865883,-1.1099901739376037,-1.179024470547907,0.5725911134865588,0.9474866733593919,-1.177851894974348,0.0026532509806712224,0.2744324511807092,-1.6839450612603513,-0.6849837281165926,-0.22345527558581418,-1.3012919209202027,-1.0161329645585022,0
0.5512255078865883,0.9009088760241706,1.5251962127575889,-0.1508892543603921,0.2715603651240624,-1.177851894974348,-0.11215665842665565,-0.3041918912684436,0.001192415045823164,-0.11162799739561437,-0.22345527558581418,-0.11076998018138517,0.9841231756854657,0
0.21232733076517762,0.9009088760241706,1.5251962127575889,0.5904049145633806,0.6095235192417271,0.21058638994196582,0.38271364074285674,0.2744324511807092,0.27645391515958084,-0.45564143582820127,0.29255569570563505,-0.7853990799333818,-1.0161329645585022,0
-0.12657084635623306,0.9009088760241706,-1.179024470547907,0.05877034058276952,-0.06640278899360229,-1.177851894974348,-0.8841543251310949,-0.8828162337175963,0.16232109803924238,-1.0289971665491795,0.5505611813513597,0.14717644031202531,-1.0161329645585022,1
1.0595727735687044,-1.1099901739376037,1.5251962127575889,0.13648462701808878,1.1164682504182242,-1.177851894974348,1.756473591237423,0.853056793629862,0.001192415045823164,1.035083464046342,0.8085666669970842,0.26622863438590705,-1.0161329645585022,0
-0.12657084635623306,-1.1099901739376037,0.8491410419312149,-0.44928621477399855,-0.06640278899360229,0.9048055324001227,0.06599664927436881,-0.8828162337175963,0.001192415045823164,0.5763988794695595,0.5505611813513597,0.8416475724096689,0.9841231756854657,0
0.0428782422044723,0.9009088760241706,-1.179024470547907,-0.8492123658993845,-0.06640278899360229,0.9048055324001227,-0.527847709729046,-1.461440576166749,-1.0427871768490378,1.1497546101905376,0.5505611813513597,0.2463866020402601,0.9841231756854657,0
0.21232733076517762,0.9009088760241706,-1.179024470547907,0.06137608276155994,0.6095235192417271,0.21058638994196582,-0.5674373336626071,0.2744324511807092,0.03811773823181484,-0.7996548742607882,0.5505611813513597,1.0400678958661385,-1.0161329645585022,0
0.890123685007999,-1.1099901739376037,1.5251962127575889,-0.534707181107801,0.7785050963005594,0.9048055324001227,-0.8208109268373974,0.853056793629862,0.23617174441122635,-0.45564143582820127,0.5505611813513597,1.1194360252487263,0.9841231756854657,0
0.38177641932588297,0.9009088760241706,-0.502969299721533,-0.11249798625954653,0.6095235192417271,0.21058638994196582,1.6495816066168083,-0.8828162337175963,-1.623521805137819,1.4937680486231246,0.8085666669970842,-3.087074832028429,0.9841231756854657,0
-0.12657084635623306,0.9009088760241706,0.8491410419312149,-0.08602996267377229,-0.23538436605243465,-1.177851894974348,-0.7257958293968509,0.2744324511807092,0.2865244578466693,-0.7996548742607882,-0.22345527558581418,0.028124246238143545,-1.0161329645585022,1
0.890123685007999,-1.1099901739376037,-1.179024470547907,0.2905234707267057,1.1164682504182242,-1.177851894974348,-0.3298995900612411,1.4316811360790147,-0.3109944082539262,-0.6849837281165926,0.8085666669970842,0.8813316371009629,0.9841231756854657,0
1.0595727735687044,0.9009088760241706,-0.502969299721533,-0.6758436529371951,0.7785050963005594,0.9048055324001227,-0.8524826259842462,0.2744324511807092,-1.7510820125076092,-0.34097028968400567,0.5505611813513597,0.5241750548793175,0.9841231756854657,0
0.38177641932588297,-1.1099901739376037,-1.179024470547907,-0.30248027965863017,0.10257878806523006,0.21058638994196582,-0.7257958293968509,-0.3041918912684436,-1.6839450612603513,-0.6849837281165926,1.066572152642809,1.0400678958661385,-1.0161329645585022,0
0.890123685007999,0.9009088760241706,1.5251962127575889,-0.22536610354327477,1.1164682504182242,0.9048055324001227,0.06599664927436881,0.853056793629862,-0.005521280078902488,0.1177142948927768,0.03455021005991044,1.4765926074703717,0.9841231756854657,0
0.890123685007999,-1.1099901739376037,-0.502969299721533,0.4019702740947301,0.7785050963005594,-1.177851894974348,-0.7257958293968509,0.853056793629862,1.327147202179168,-1.0289971665491795,0.03455021005991044,-0.40840046536608954,0.9841231756854657,0
-0.12657084635623306,-1.1099901739376037,-0.502969299721533,0.31490690056944765,-0.404365943111267,-1.177851894974348,0.24019099458203716,-1.461440576166749,-0.6936750303632967,-0.34097028968400567,0.29255569570563505,0.38528082845978884,0.9841231756854657,0
0.0428782422044723,-1.1099901739376037,0.8491410419312149,-0.0688636490474378,0.10257878806523006,0.9048055324001227,0.6044155347707982,-1.461440576166749,0.6893461653302174,0.4617277333253637,0.03455021005991044,-2.114815247091728,0.9841231756854657,0
0.890123685007999,-1.1099901739376037,0.8491410419312149,-0.4090946157132614,0.7785050963005594,0.9048055324001227,-1.086061407192256,0.2744324511807092,0.3939435798422821,-1.0289971665491795,0.03455021005991044,-1.142555662155027,-1.0161329645585022,1
1.2290218621294098,-1.1099901739376037,1.5251962127575889,-0.7166037775642138,0.6095235192417271,0.9048055324001227,0.0026532509806712224,-1.461440576166749,0.860545391010725,1.6084391947673204,0.03455021005991044,-0.46792656240303043,-1.0161329645585022,1
-0.12657084635623306,-1.1099901739376037,-0.502969299721533,1.5932366363535062,-0.7423290972289317,0.21058638994196582,0.06599664927436881,-0.8828162337175963,-0.811164695045998,-0.9143260204049839,0.8085666669970842,-1.2219237915376149,0.9841231756854657,0
1.0595727735687044,-1.1099901739376037,-0.502969299721533,-0.10502819201368065,0.9474866733593919,0.9048055324001227,-0.17154109432699713,0.853056793629862,-0.11965409719924096,-0.2262991435398101,0.5505611813513597,-3.3450212525218395,0.9841231756854657,0
0.5512255078865883,-1.1099901739376037,0.17308587110484092,-0.4537712497968863,0.9474866733593919,0.21058638994196582,-0.3774071387815143,-0.3041918912684436,-0.34120603631519225,0.003043148748581378,0.5505611813513597,0.5043330225336705,0.9841231756854657,0
0.0428782422044723,-1.1099901739376037,-0.502969299721533,0.004444564249199465,0.10257878806523006,-1.177851894974348,-0.4882580857954851,1.4316811360790147,-1.7510820125076092,-0.6849837281165926,0.8085666669970842,-0.17029607721832604,-1.0161329645585022,0
0.7206745964472937,0.9009088760241706,-1.179024470547907,-0.6934995302456053,0.2715603651240624,-1.177851894974348,0.06599664927436881,0.2744324511807092,1.6594751108530943,1.6084391947673204,0.8085666669970842,0.9408577341379036,-1.0161329645585022,1
1.0595727735687044,0.9009088760241706,0.8491410419312149,-0.49063065734413996,0.9474866733593919,0.9048055324001227,-0.7257958293968509,-0.8828162337175963,0.5114332445249834,-0.45564143582820127,-0.22345527558581418,0.16701847265767225,0.9841231756854657,0
0.0428782422044723,-1.1099901739376037,-0.502969299721533,-0.06598943646234776,-0.23538436605243465,-1.177851894974348,-0.9158260242779438,-0.8828162337175963,-1.4724636648314886,-1.0289971665491795,0.03455021005991044,-1.2616078562289088,-1.0161329645585022,0
1.0595727735687044,0.9009088760241706,-0.502969299721533,-0.663636145638983,1.2854498274770565,0.9048055324001227,0.06599664927436881,-1.461440576166749,-0.21364582894540246,1.379096902478929,1.066572152642809,1.4170665104334308,-1.0161329645585022,1
0.7206745964472937,0.9009088760241706,-1.179024470547907,-0.6877195203217429,1.1164682504182242,-1.177851894974348,-0.4090788379283631,-0.8828162337175963,-0.33784918875282943,0.5763988794695595,0.29255569570563505,1.1988041546313142,-1.0161329645585022,1
0.5512255078865883,0.9009088760241706,1.5251962127575889,-0.6784651874928266,0.4405419421828948,0.9048055324001227,-0.47242223622206064,1.4316811360790147,1.8407448792206904,0.4617277333253637,0.03455021005991044,0.20670253734896618,-1.0161329645585022,1
0.5512255078865883,0.9009088760241706,-1.179024470547907,0.2104561201420545,0.7785050963005594,-1.177851894974348,0.06599664927436881,-0.3041918912684436,1.223084927745918,-0.34097028968400567,0.03455021005991044,-0.13061201252703214,0.9841231756854657,0
0.0428782422044723,0.9009088760241706,1.5251962127575889,-0.32422638256889935,-0.404365943111267,0.9048055324001227,0.38271364074285674,-1.461440576166749,0.6255660616453219,0.6910700256137552,-0.22345527558581418,-0.11076998018138517,0.9841231756854657,0
0.0428782422044723,0.9009088760241706,-1.179024470547907,0.2601389376843253,0.10257878806523006,-1.177851894974348,1.0834499843668863,0.853056793629862,-1.0427871768490378,0.3470565871811683,1.066572152642809,-1.9362369559809054,0.9841231756854657,0
0.0428782422044723,-1.1099901739376037,-0.502969299721533,0.2708145844289454,0.7785050963005594,-1.177851894974348,1.8079401023510524,-0.8828162337175963,0.11868207972852446,0.9204123179021463,1.066572152642809,-1.8767108589439645,0.9841231756854657,0
0.0428782422044723,-1.1099901739376037,-1.179024470547907,0.17146474172124507,-0.06640278899360229,-1.177851894974348,0.8973787518791496,-1.461440576166749,0.1119683846037988,0.3470565871811683,0.29255569570563505,0.7622794430270811,-1.0161329645585022,0
0.38177641932588297,-1.1099901739376037,0.8491410419312149,-0.6647258196410226,0.6095235192417271,0.9048055324001227,0.25602684415546156,0.2744324511807092,0.3301634761573873,1.8377814870557112,0.5505611813513597,1.337698381050843,-1.0161329645585022,1
1.2290218621294098,-1.1099901739376037,1.5251962127575889,-0.235536394228978,1.2854498274770565,-1.177851894974348,0.06599664927436881,-0.3041918912684436,-0.3680608168140954,0.1177142948927768,0.8085666669970842,-0.7060309505507939,-1.0161329645585022,0
0.38177641932588297,-1.1099901739376037,-1.179024470547907,-0.1948552314861651,0.6095235192417271,-1.177851894974348,-1.359229812333827,0.2744324511807092,0.001192415045823164,-1.487681751125962,0.29255569570563505,-1.6187644384505542,0.9841231756854657,0
0.0428782422044723,0.9009088760241706,-1.179024470547907,-0.3370971696944399,0.4405419421828948,0.9048055324001227,-1.2008713165995828,1.4316811360790147,1.327147202179168,-1.2583394588375707,-0.22345527558581418,0.32575473142284794,-1.0161329645585022,0
1.2290218621294098,0.9009088760241706,1.5251962127575889,-0.3337333934272741,1.6234129815947211,0.9048055324001227,1.1745061194140765,-0.8828162337175963,-1.0495008719737637,1.7231103409115156,0.5505611813513597,-1.4401861473397315,-1.0161329645585022,1
0.890123685007999,-1.1099901739376037,-1.179024470547907,-0.24499602795682932,1.1164682504182242,0.9048055324001227,-1.121692068732461,-1.461440576166749,-0.34120603631519225,-1.143668312693375,0.29255569570563505,1.278172284013902,0.9841231756854657,0
1.2290218621294098,-1.1099901739376037,-0.502969299721533,-0.627155755135917,1.2854498274770565,0.9048055324001227,-0.7574675285436998,-0.3041918912684436,0.7464125738903866,-0.2262991435398101,0.5505611813513597,1.0003838311748445,-1.0161329645585022,1
1.0595727735687044,0.9009088760241706,1.5251962127575889,1.3118480657978226,1.2854498274770565,0.9048055324001227,1.6495816066168083,1.4316811360790147,2.2603508245160526,-0.2262991435398101,-0.22345527558581418,0.38528082845978884,0.9841231756854657,0
0.890123685007999,0.9009088760241706,-0.502969299721533,0.9318518942459731,0.9474866733593919,-1.177851894974348,2.4413740852880284,0.853056793629862,0.2865244578466693,0.4617277333253637,1.066572152642809,-0.40840046536608954,0.9841231756854657,0
0.21232733076517762,0.9009088760241706,-0.502969299721533,0.043404357916326596,-0.23538436605243465,0.9048055324001227,1.3328646151483206,0.2744324511807092,-0.33784918875282943,0.9204123179021463,1.066572152642809,0.14717644031202531,0.9841231756854657,0
-0.12657084635623306,0.9009088760241706,-0.502969299721533,-0.5192938213108346,-0.06640278899360229,-1.177851894974348,-0.804975077263973,1.4316811360790147,-0.34120603631519225,-0.45564143582820127,0.29255569570563505,0.782121475372728,0.9841231756854657,0
0.0428782422044723,0.9009088760241706,-1.179024470547907,0.3190760880555123,0.10257878806523006,0.9048055324001227,0.22435514500861276,1.4316811360790147,1.7937490133476108,-0.34097028968400567,0.5505611813513597,1.1789621222856672,0.9841231756854657,0
0.21232733076517762,-1.1099901739376037,-1.179024470547907,-0.33575481766294185,0.2715603651240624,0.9048055324001227,0.06599664927436881,1.4316811360790147,-0.12972463988633004,0.3470565871811683,1.066572152642809,0.7027533459901402,-1.0161329645585022,0
0.5512255078865883,0.9009088760241706,1.5251962127575889,-0.7935916146648399,0.4405419421828948,0.9048055324001227,-1.042512820865339,0.853056793629862,-1.1804179269059165,-0.45564143582820127,0.5505611813513597,0.14717644031202531,0.9841231756854657,0
1.2290218621294098,0.9009088760241706,1.5251962127575889,2.5402738907638343,1.1164682504182242,0.9048055324001227,-0.7257958293968509,0.2744324511807092,0.001192415045823164,-1.3730106049817663,1.066572152642809,0.08765034327508442,0.9841231756854657,0
0.38177641932588297,0.9009088760241706,-1.179024470547907,-0.504670080355926,-0.404365943111267,0.9048055324001227,-1.1533637678793096,0.2744324511807092,-0.811164695045998,-1.0289971665491795,0.03455021005991044,-2.8092863791893716,0.9841231756854657,0
0.7206745964472937,-1.1099901739376037,0.8491410419312149,0.7576777700648847,0.10257878806523006,-1.177851894974348,0.06599664927436881,1.4316811360790147,0.001192415045823164,-0.6849837281165926,0.8085666669970842,0.305912699077201,-1.0161329645585022,0
0.21232733076517762,0.9009088760241706,0.8491410419312149,0.49805109479631154,0.6095235192417271,-1.177851894974348,0.38271364074285674,-0.3041918912684436,-1.4724636648314886,-0.34097028968400567,0.5505611813513597,-0.190138109563973,-1.0161329645585022,0
0.38177641932588297,0.9009088760241706,-1.179024470547907,-0.37308799651543006,0.6095235192417271,0.9048055324001227,-0.7257958293968509,1.4316811360790147,0.001192415045823164,-0.570312581972397,0.29255569570563505,-0.6068207888225592,0.9841231756854657,0
1.2290218621294098,0.9009088760241706,-0.502969299721533,1.087927954567099,1.4544314045358888,0.9048055324001227,2.4413740852880284,-0.3041918912684436,2.0757242085860943,0.3470565871811683,0.03455021005991044,1.1392780575943733,-1.0161329645585022,1
0.0428782422044723,-1.1099901739376037,-1.179024470547907,-0.22748228203998944,0.10257878806523006,0.9048055324001227,-1.2325430157464317,0.2744324511807092,0.001192415045823164,-1.2583394588375707,0.5505611813513597,-1.2219237915376149,-1.0161329645585022,0
1.2290218621294098,-1.1099901739376037,0.8491410419312149,-0.00046686494839945537,1.1164682504182242,-1.177851894974348,-1.042512820865339,-0.8828162337175963,-1.6705176710108995,-1.143668312693375,1.066572152642809,-0.7258729828964409,0.9841231756854657,0
0.0428782422044723,0.9009088760241706,-1.179024470547907,-0.03443626753372189,-0.06640278899360229,0.9048055324001227,0.06599664927436881,0.853056793629862,0.2193875065994116,-0.11162799739561437,-0.22345527558581418,-0.011559818453150373,0.9841231756854657,0
0.21232733076517762,0.9009088760241706,-0.502969299721533,-0.4535659488979513,0.4405419421828948,0.9048055324001227,1.3328646151483206,1.4316811360790147,1.223084927745918,2.411137217776689,0.5505611813513597,0.6432272489531993,-1.0161329645585022,1
0.890123685007999,0.9009088760241706,1.5251962127575889,1.4105662134318768,1.1164682504182242,-1.177851894974348,0.0026532509806712224,-1.461440576166749,-1.3751150855229646,-0.9143260204049839,-0.22345527558581418,-2.134657279437375,0.9841231756854657,0
0.7206745964472937,-1.1099901739376037,-1.179024470547907,-0.4224865512745601,0.7785050963005594,0.9048055324001227,-1.2800505644667048,0.853056793629862,0.001192415045823164,-1.2583394588375707,1.066572152642809,0.8614896047553159,-1.0161329645585022,0
1.0595727735687044,-1.1099901739376037,-0.502969299721533,-0.5765727721137005,0.7785050963005594,-1.177851894974348,-0.09236184645987515,-0.8828162337175963,0.8269769153870962,0.8057411717579506,0.5505611813513597,0.22654456969461315,0.9841231756854657,0
1.0595727735687044,-1.1099901739376037,1.5251962127575889,-0.3001272155092982,0.9474866733593919,-1.177851894974348,-0.8841543251310949,-1.461440576166749,-0.707102420612748,-0.7996548742607882,0.29255569570563505,1.754381060309429,-1.0161329645585022,0
1.0595727735687044,-1.1099901739376037,0.8491410419312149,-0.2695531739448239,1.1164682504182242,-1.177851894974348,-0.963333572998217,-0.3041918912684436,0.16232109803924238,-0.9143260204049839,0.29255569570563505,-0.2893482712922078,0.9841231756854657,0
0.0428782422044723,-1.1099901739376037,0.8491410419312149,-0.09332604077438547,0.10257878806523006,-1.177851894974348,0.38271364074285674,0.853056793629862,-1.6705176710108995,0.23238544103697253,-0.22345527558581418,0.6630692812988462,0.9841231756854657,0
0.7206745964472937,-1.1099901739376037,-1.179024470547907,-0.29709507915579664,0.7785050963005594,0.9048055324001227,-1.121692068732461,0.2744324511807092,0.8336906105118219,-1.143668312693375,1.066572152642809,-1.4997122443766724,0.9841231756854657,0
0.0428782422044723,-1.1099901739376037,-1.179024470547907,-0.31704085110617425,-0.404365943111267,0.9048055324001227,0.8577891279455886,0.2744324511807092,1.0351014642535956,1.2644257563347332,-0.22345527558581418,-0.13061201252703214,-1.0161329645585022,1
1.0595727735687044,0.9009088760241706,-1.179024470547907,3.0156244336825724,1.1164682504182242,-1.177851894974348,-1.042512820865339,-1.461440576166749,0.7866947446387411,-1.487681751125962,0.29255569570563505,-0.09092794783573821,-1.0161329645585022,0
1.0595727735687044,-1.1099901739376037,-0.502969299721533,0.16906430044138965,0.9474866733593919,-1.177851894974348,-1.042512820865339,1.4316811360790147,-1.0427871768490378,-1.2583394588375707,0.5505611813513597,0.4844909901880236,-1.0161329645585022,0
0.5512255078865883,0.9009088760241706,-1.179024470547907,-0.27271164931305475,0.4405419421828948,0.9048055324001227,1.4912231108825644,-0.3041918912684436,1.2835081838684501,1.8377814870557112,1.066572152642809,0.38528082845978884,-1.0161329645585022,1
0.0428782422044723,-1.1099901739376037,-1.179024470547907,0.7419801474847776,0.10257878806523006,0.9048055324001227,1.6495816066168083,1.4316811360790147,0.001192415045823164,0.23238544103697253,0.29255569570563505,0.7622794430270811,-1.0161329645585022,1
0.21232733076517762,-1.1099901739376037,-0.502969299721533,-0.3344124656314437,0.4405419421828948,-1.177851894974348,1.233890555314418,1.4316811360790147,1.0955247203761276,1.8377814870557112,1.066572152642809,1.337698381050843,-1.0161329645585022,0
0.5512255078865883,0.9009088760241706,-1.179024470547907,0.8562379939305274,0.9474866733593919,-1.177851894974348,-0.7020420550367144,0.853056793629862,-1.4724636648314886,-1.143668312693375,0.29255569570563505,0.4844909901880236,-1.0161329645585022,0
0.21232733076517762,-1.1099901739376037,1.5251962127575889,0.32228194055426657,0.10257878806523006,-1.177851894974348,-0.3298995900612411,-1.461440576166749,-0.707102420612748,-0.7996548742607882,0.03455021005991044,0.16701847265767225,-1.0161329645585022,0
-0.12657084635623306,-1.1099901739376037,-0.502969299721533,0.081163930943526,0.2715603651240624,0.9048055324001227,0.19268344586176397,-0.3041918912684436,1.3103629643673533,-0.11162799739561437,0.03455021005991044,0.9408577341379036,-1.0161329645585022,0
1.0595727735687044,0.9009088760241706,1.5251962127575889,-0.4003930160737855,0.7785050963005594,-1.177851894974348,0.38271364074285674,-1.461440576166749,0.2865244578466693,0.9204123179021463,-0.22345527558581418,0.821805540064022,0.9841231756854657,0
0.5512255078865883,0.9009088760241706,1.5251962127575889,-0.9218415069918522,0.7785050963005594,-1.177851894974348,-1.1375279183058853,-0.8828162337175963,1.2465828606824585,-0.34097028968400567,-0.22345527558581418,0.8813316371009629,-1.0161329645585022,1
1.0595727735687044,-1.1099901739376037,-1.179024470547907,-0.6742486228762384,0.9474866733593919,0.9048055324001227,0.38271364074285674,-1.461440576166749,-0.707102420612748,2.0671237793441026,0.29255569570563505,0.22654456969461315,-1.0161329645585022,1
1.0595727735687044,0.9009088760241706,-0.502969299721533,0.8261693084249699,0.9474866733593919,-1.177851894974348,-0.5674373336626071,-0.8828162337175963,0.4107278176540969,-1.0289971665491795,-0.22345527558581418,1.0202258635204915,-1.0161329645585022,0
-0.12657084635623306,0.9009088760241706,0.17308587110484092,0.1805611507817498,-0.23538436605243465,-1.177851894974348,1.3407825399350326,0.2744324511807092,-0.33784918875282943,0.6910700256137552,0.29255569570563505,-0.9838194033898514,-1.0161329645585022,0
0.0428782422044723,0.9009088760241706,1.5251962127575889,0.3620313530634514,-0.06640278899360229,0.9048055324001227,-0.09236184645987515,1.4316811360790147,0.001192415045823164,-0.570312581972397,0.29255569570563505,0.5638591195706114,0.9841231756854657,0
0.21232733076517762,0.9009088760241706,-0.502969299721533,-0.4810446846015594,-0.06640278899360229,0.9048055324001227,-0.9474977234247925,-1.461440576166749,-0.811164695045998,-0.7996548742607882,-0.22345527558581418,0.5043330225336705,0.9841231756854657,0
0.7206745964472937,0.9009088760241706,0.8491410419312149,-0.5416558269179088,0.9474866733593919,0.9048055324001227,-0.5674373336626071,0.2744324511807092,-0.21700267650776528,-0.11162799739561437,0.5505611813513597,0.10749237562073138,0.9841231756854657,0
0.0428782422044723,0.9009088760241706,0.8491410419312149,-0.12824298597017716,0.10257878806523006,-1.177851894974348,0.6994306322113446,1.4316811360790147,-0.21700267650776528,0.6910700256137552,0.29255569570563505,0.6432272489531993,-1.0161329645585022,0
1.0595727735687044,0.9009088760241706,-0.502969299721533,-0.2417585907043927,1.1164682504182242,0.9048055324001227,0.5410721364771007,-1.461440576166749,-0.12972463988633004,0.6910700256137552,0.5505611813513597,-1.3409759856114967,0.9841231756854657,0
0.7206745964472937,0.9009088760241706,-1.179024470547907,-0.48917775867475377,0.2715603651240624,-1.177851894974348,1.0161476236798326,0.2744324511807092,-1.6839450612603513,2.1817949254882985,0.8085666669970842,0.26622863438590705,0.9841231756854657,0
0.5512255078865883,-1.1099901739376037,-1.179024470547907,0.25350613941104055,0.2715603651240624,-1.177851894974348,1.514976885242701,-0.8828162337175963,-1.3482603050240614,0.6910700256137552,0.03455021005991044,0.22654456969461315,0.9841231756854657,0
0.7206745964472937,0.9009088760241706,-1.179024470547907,0.6512529425323473,0.9474866733593919,-1.177851894974348,-0.4090788379283631,-1.461440576166749,-1.2979075915886182,-0.9143260204049839,1.066572152642809,0.7225953783357871,-1.0161329645585022,0
0.38177641932588297,-1.1099901739376037,-1.179024470547907,0.229059540060934,0.6095235192417271,0.9048055324001227,0.8577891279455886,-1.461440576166749,1.327147202179168,0.23238544103697253,0.8085666669970842,1.1591200899400202,-1.0161329645585022,1
0.5512255078865883,-1.1099901739376037,-0.502969299721533,0.6351920952848936,0.4405419421828948,0.9048055324001227,0.38271364074285674,-0.3041918912684436,1.092167872813765,-0.45564143582820127,1.066572152642809,0.7027533459901402,-1.0161329645585022,0
0.21232733076517762,-1.1099901739376037,-1.179024470547907,-0.6985846755884569,0.4405419421828948,0.9048055324001227,-1.2958864140401292,0.853056793629862,-1.0427871768490378,-1.143668312693375,0.5505611813513597,1.0003838311748445,0.9841231756854657,0
0.21232733076517762,0.9009088760241706,-0.502969299721533,-0.013653499610763117,-0.23538436605243465,-1.177851894974348,-0.4090788379283631,0.2744324511807092,0.001192415045823164,-0.570312581972397,-0.22345527558581418,-1.2616078562289088,0.9841231756854657,0
0.7206745964472937,0.9009088760241706,0.8491410419312149,-0.2216075178550801,0.10257878806523006,-1.177851894974348,-0.38928402596158257,-0.3041918912684436,-0.34120603631519225,-0.34097028968400567,0.03455021005991044,-0.32903233598350173,-1.0161329645585022,1
0.890123685007999,0.9009088760241706,-0.502969299721533,0.4631973191078845,0.4405419421828948,-1.177851894974348,0.38271364074285674,-0.8828162337175963,0.6624913848313142,-0.34097028968400567,-0.22345527558581418,0.40512286080543575,-1.0161329645585022,0
0.21232733076517762,0.9009088760241706,0.8491410419312149,1.596600412620672,0.7785050963005594,0.9048055324001227,0.8577891279455886,-0.3041918912684436,1.7836784706605218,-0.6849837281165926,-0.22345527558581418,0.7027533459901402,0.9841231756854657,0
0.21232733076517762,0.9009088760241706,-1.179024470547907,-0.7113922932066329,0.4405419421828948,0.9048055324001227,-0.7257958293968509,0.853056793629862,1.6997572816014495,0.003043148748581378,0.5505611813513597,0.5638591195706114,-1.0161329645585022,1
0.38177641932588297,0.9009088760241706,0.8491410419312149,-0.4458908537531504,0.4405419421828948,0.21058638994196582,-0.8841543251310949,0.2744324511807092,1.417782086362966,-0.6849837281165926,-0.22345527558581418,-0.011559818453150373,0.9841231756854657,0
0.38177641932588297,0.9009088760241706,-1.179024470547907,-0.39587639629721544,0.7785050963005594,0.9048055324001227,-0.9950052721450657,0.2744324511807092,0.23617174441122635,-0.9143260204049839,-0.22345527558581418,0.6432272489531993,0.9841231756854657,0
-0.12657084635623306,0.9009088760241706,-0.502969299721533,-0.055787561022962215,-0.404365943111267,0.9048055324001227,2.3226052134873454,0.2744324511807092,1.4446368668618692,2.0671237793441026,0.03455021005991044,0.9606997664835506,-1.0161329645585022,1
0.0428782422044723,0.9009088760241706,-0.502969299721533,-0.015390661063290066,-0.06640278899360229,0.9048055324001227,-0.3774071387815143,-0.3041918912684436,0.9981761410676039,-0.570312581972397,-0.22345527558581418,-0.44808453005738347,0.9841231756854657,0
0.0428782422044723,-1.1099901739376037,-0.502969299721533,-0.8676262772961703,0.7785050963005594,0.9048055324001227,-0.8841543251310949,1.4316811360790147,0.7061304031420315,0.23238544103697253,-0.22345527558581418,-0.011559818453150373,-1.0161329645585022,1
0.21232733076517762,-1.1099901739376037,-1.179024470547907,-0.8754592962093827,0.6095235192417271,0.9048055324001227,-1.2008713165995828,-1.461440576166749,-1.6839450612603513,-0.6849837281165926,0.03455021005991044,-1.7576586648700827,-1.0161329645585022,1
0.0428782422044723,0.9009088760241706,-0.502969299721533,-0.6781809247096858,0.2715603651240624,-1.177851894974348,0.8577891279455886,-0.3041918912684436,0.001192415045823164,3.0991640946418633,0.5505611813513597,1.1591200899400202,-1.0161329645585022,0
1.2290218621294098,0.9009088760241706,1.5251962127575889,-0.21898598329944852,1.1164682504182242,0.21058638994196582,-0.5674373336626071,0.2744324511807092,-1.4724636648314886,-0.570312581972397,-0.22345527558581418,0.12733440796637835,-1.0161329645585022,0
0.38177641932588297,-1.1099901739376037,0.8491410419312149,0.36536354457693493,0.6095235192417271,0.9048055324001227,0.06599664927436881,0.2744324511807092,-1.4724636648314886,-0.45564143582820127,0.03455021005991044,-0.8052411122790287,0.9841231756854657,0
0.5512255078865883,-1.1099901739376037,-0.502969299721533,0.6480628824104342,0.7785050963005594,-1.177851894974348,0.8577891279455886,-0.3041918912684436,-0.46205254856025635,-0.2262991435398101,-0.22345527558581418,0.7622794430270811,0.9841231756854657,0
0.0428782422044723,0.9009088760241706,0.8491410419312149,-0.4869352411633099,0.4405419421828948,0.21058638994196582,-0.9474977234247925,0.2744324511807092,-1.3482603050240614,-0.7996548742607882,1.066572152642809,0.08765034327508442,0.9841231756854657,0
1.0595727735687044,0.9009088760241706,-1.179024470547907,-0.22287090800237244,0.4405419421828948,-1.177851894974348,-0.4090788379283631,0.2744324511807092,0.2965950005337584,-0.34097028968400567,0.8085666669970842,-1.0036614357354983,0.9841231756854657,0
0.38177641932588297,-1.1099901739376037,-1.179024470547907,-0.3942339891057354,0.4405419421828948,0.9048055324001227,0.5806617604106616,-0.8828162337175963,-1.0427871768490378,1.1497546101905376,0.8085666669970842,0.3654387961141419,0.9841231756854657,0
0.21232733076517762,0.9009088760241706,1.5251962127575889,-0.6215494613573073,0.6095235192417271,-1.177851894974348,-0.8524826259842462,1.4316811360790147,0.11868207972852446,-0.45564143582820127,0.03455021005991044,0.782121475372728,0.9841231756854657,0
0.0428782422044723,0.9009088760241706,1.5251962127575889,0.8009488826096469,0.10257878806523006,-1.177851894974348,-0.7257958293968509,1.4316811360790147,0.6255660616453219,-1.143668312693375,0.5505611813513597,0.0479662785837905,-1.0161329645585022,0
0.0428782422044723,0.9009088760241706,0.8491410419312149,-0.6780072085644332,-0.23538436605243465,-1.177851894974348,-1.042512820865339,-1.461440576166749,-1.2475548781531747,-0.6849837281165926,0.29255569570563505,-4.813331646099715,0.9841231756854657,0
0.21232733076517762,-1.1099901739376037,-1.179024470547907,0.12865160810487633,0.10257878806523006,-1.177851894974348,-0.4090788379283631,0.2744324511807092,0.9343960373827085,-0.6849837281165926,0.5505611813513597,0.5043330225336705,-1.0161329645585022,0
0.38177641932588297,-1.1099901739376037,-1.179024470547907,-0.3171829824977446,0.9474866733593919,0.9048055324001227,0.06599664927436881,-0.3041918912684436,1.4916327327349495,0.3470565871811683,0.5505611813513597,1.2186461869769611,-1.0161329645585022,1
0.0428782422044723,-1.1099901739376037,-1.179024470547907,-0.5432824417325477,-0.06640278899360229,0.9048055324001227,-1.042512820865339,-1.461440576166749,0.03811773823181484,-0.7996548742607882,-0.22345527558581418,-0.6663468858595001,-1.0161329645585022,0
0.7206745964472937,0.9009088760241706,-0.502969299721533,0.9357684037025793,0.7785050963005594,0.9048055324001227,-0.8841543251310949,0.853056793629862,0.5651428055227898,-1.2583394588375707,0.5505611813513597,1.4567505751247247,0.9841231756854657,0
1.0595727735687044,-1.1099901739376037,0.8491410419312149,1.3668844990892446,1.2854498274770565,-1.177851894974348,2.4413740852880284,0.2744324511807092,0.03811773823181484,0.1177142948927768,0.03455021005991044,0.6630692812988462,-1.0161329645585022,0
0.21232733076517762,0.9009088760241706,1.5251962127575889,0.48680692248540985,-0.23538436605243465,-1.177851894974348,1.9662985980852963,0.853056793629862,-1.3751150855229646,0.6910700256137552,-0.22345527558581418,1.2186461869769611,0.9841231756854657,0
0.21232733076517762,-1.1099901739376037,0.17308587110484092,-0.6750066569646139,-0.06640278899360229,0.9048055324001227,-0.3774071387815143,1.4316811360790147,1.4312094766124175,0.5763988794695595,0.5505611813513597,0.782121475372728,-1.0161329645585022,0
0.38177641932588297,-1.1099901739376037,0.8491410419312149,1.029417198370623,0.7785050963005594,0.9048055324001227,0.06599664927436881,0.853056793629862,2.02537149515065,-0.7996548742607882,1.066572152642809,0.32575473142284794,0.9841231756854657,0
0.5512255078865883,-1.1099901739376037,0.8491410419312149,0.23247069345862328,0.10257878806523006,-1.177851894974348,1.6495816066168083,-0.3041918912684436,1.092167872813765,0.8057411717579506,0.8085666669970842,-0.7655570475877348,-1.0161329645585022,1
-0.12657084635623306,-1.1099901739376037,1.5251962127575889,-0.39862426986757626,-0.5733475201700994,0.9048055324001227,0.5094004373302519,0.853056793629862,0.27645391515958084,1.035083464046342,0.5505611813513597,0.821805540064022,0.9841231756854657,0
0.0428782422044723,0.9009088760241706,1.5251962127575889,-0.1921705274231689,-0.06640278899360229,-1.177851894974348,-0.7257958293968509,0.853056793629862,0.001192415045823164,-0.7996548742607882,0.03455021005991044,0.7622794430270811,0.9841231756854657,0
0.38177641932588297,0.9009088760241706,-0.502969299721533,-0.6343097018449598,0.2715603651240624,0.9048055324001227,0.5846207228040178,0.853056793629862,0.001192415045823164,2.1817949254882985,0.03455021005991044,-0.40840046536608954,-1.0161329645585022,1
0.21232733076517762,0.9009088760241706,-1.179024470547907,1.74408541994021,-0.06640278899360229,0.21058638994196582,0.22435514500861276,1.4316811360790147,-0.8447331706696268,-0.9143260204049839,0.29255569570563505,1.0995939929030794,-1.0161329645585022,0
0.21232733076517762,-1.1099901739376037,-0.502969299721533,-0.39527628597725156,-0.06640278899360229,0.21058638994196582,-0.2507203421941191,0.853056793629862,0.4040141225293712,0.1177142948927768,-0.22345527558581418,-0.4877685947486774,0.9841231756854657,0
1.0595727735687044,-1.1099901739376037,1.5251962127575889,0.8986247333721848,0.7785050963005594,0.9048055324001227,0.0026532509806712224,-1.461440576166749,0.001192415045823164,-0.7996548742607882,-0.22345527558581418,-2.4322877646220795,0.9841231756854657,0
1.0595727735687044,-1.1099901739376037,-1.179024470547907,-0.7394553468533637,0.9474866733593919,0.9048055324001227,-1.1177331063391047,0.2744324511807092,0.4040141225293712,-0.6849837281165926,1.066572152642809,1.3773824457421369,-1.0161329645585022,0
-0.12657084635623306,-1.1099901739376037,1.5251962127575889,-0.335360008241913,-0.404365943111267,0.9048055324001227,2.4413740852880284,-0.8828162337175963,-0.1397951825734185,3.328506386930255,-0.22345527558581418,0.0479662785837905,-1.0161329645585022,1
-0.12657084635623306,-1.1099901739376037,1.5251962127575889,-0.14357738388293778,-0.404365943111267,0.9048055324001227,-0.5832731832360314,-0.3041918912684436,-0.5661148229935064,-0.6849837281165926,0.03455021005991044,0.32575473142284794,0.9841231756854657,0
0.21232733076517762,0.9009088760241706,1.5251962127575889,-0.9023221292161858,-0.06640278899360229,0.9048055324001227,-1.248378865319856,1.4316811360790147,0.03811773823181484,-0.7996548742607882,0.5505611813513597,-0.3488743683291487,0.9841231756854657,0
0.0428782422044723,0.9009088760241706,0.8491410419312149,-0.188285602720245,-0.06640278899360229,-1.177851894974348,-0.18737694390042153,-0.8828162337175963,-1.173704231781191,-0.2262991435398101,0.03455021005991044,-0.4282424977117365,-1.0161329645585022,0
0.7206745964472937,0.9009088760241706,-1.179024470547907,0.010461459825679172,0.7785050963005594,-1.177851894974348,-0.5555604464825388,0.2744324511807092,-1.6705176710108995,-0.6849837281165926,0.03455021005991044,-0.6663468858595001,0.9841231756854657,0
0.7206745964472937,0.9009088760241706,-0.502969299721533,-0.027756092129913715,0.4405419421828948,0.9048055324001227,0.06599664927436881,-0.3041918912684436,0.5651428055227898,-0.11162799739561437,0.5505611813513597,0.12733440796637835,-1.0161329645585022,0
0.890123685007999,-1.1099901739376037,0.8491410419312149,-0.3943445357436235,0.7785050963005594,0.9048055324001227,0.38271364074285674,-0.8828162337175963,-1.0495008719737637,0.9204123179021463,-0.22345527558581418,-1.162397694500674,0.9841231756854657,0
-0.12657084635623306,0.9009088760241706,1.5251962127575889,0.8925762530420229,-0.5733475201700994,-1.177851894974348,1.6495816066168083,-1.461440576166749,0.001192415045823164,0.1177142948927768,0.5505611813513597,-0.46792656240303043,-1.0161329645585022,1
-0.12657084635623306,-1.1099901739376037,1.5251962127575889,-0.6363469184574687,-0.06640278899360229,0.9048055324001227,1.2893160288214034,0.2744324511807092,0.16232109803924238,3.5578486792186466,0.29255569570563505,0.08765034327508442,-1.0161329645585022,1
0.21232733076517762,0.9009088760241706,-0.502969299721533,0.15554602586536176,0.2715603651240624,0.9048055324001227,-0.804975077263973,1.4316811360790147,0.8739727812601764,-1.0289971665491795,0.5505611813513597,-0.6465048535138531,0.9841231756854657,0
0.21232733076517762,0.9009088760241706,1.5251962127575889,-0.5808525062376533,-0.06640278899360229,0.9048055324001227,0.16497070910827127,0.853056793629862,-1.0427871768490378,1.2644257563347332,0.03455021005991044,-0.6068207888225592,0.9841231756854657,0
0.7206745964472937,0.9009088760241706,-0.502969299721533,-0.388659280080808,1.1164682504182242,0.9048055324001227,-1.042512820865339,-0.8828162337175963,0.5382880250238866,-1.0289971665491795,0.5505611813513597,0.5440170872249644,0.9841231756854657,0
-0.12657084635623306,-1.1099901739376037,0.8491410419312149,-0.06804244545169778,0.10257878806523006,-1.177851894974348,-0.9989642345384219,-0.3041918912684436,-0.5627579754311435,-1.143668312693375,0.5505611813513597,0.4844909901880236,-1.0161329645585022,0
0.5512255078865883,0.9009088760241706,-0.502969299721533,2.5436534594078415,0.7785050963005594,-1.177851894974348,-0.2823920413409679,0.2744324511807092,-0.46205254856025635,-1.2583394588375707,-0.22345527558581418,1.5162766721616654,-1.0161329645585022,0
0.21232733076517762,-1.1099901739376037,-1.179024470547907,-0.351863042040919,0.6095235192417271,0.9048055324001227,-0.7257958293968509,0.2744324511807092,-0.12972463988633004,-0.570312581972397,0.8085666669970842,0.5837011519162584,-1.0161329645585022,0
0.21232733076517762,0.9009088760241706,-1.179024470547907,-0.5307748792743536,-0.06640278899360229,0.9048055324001227,0.38271364074285674,0.2744324511807092,0.830333762949459,1.379096902478929,0.5505611813513597,0.32575473142284794,-1.0161329645585022,1
0.0428782422044723,0.9009088760241706,-0.502969299721533,-0.33468093603774335,-0.23538436605243465,0.21058638994196582,0.38271364074285674,-0.8828162337175963,1.1861596045599256,0.6910700256137552,0.29255569570563505,-0.3488743683291487,-1.0161329645585022,0
0.0428782422044723,0.9009088760241706,0.8491410419312149,-0.6033724356131389,-0.404365943111267,0.9048055324001227,0.0026532509806712224,0.2744324511807092,-0.005521280078902488,1.035083464046342,0.29255569570563505,-0.5472946917856183,0.9841231756854657,0
1.2290218621294098,0.9009088760241706,-1.179024470547907,-0.5249001150894443,1.1164682504182242,0.9048055324001227,-0.2507203421941191,1.4316811360790147,0.001192415045823164,0.3470565871811683,0.8085666669970842,0.12733440796637835,0.9841231756854657,0
0.21232733076517762,0.9009088760241706,0.8491410419312149,0.08018480357937445,0.7785050963005594,0.9048055324001227,-1.1375279183058853,1.4316811360790147,0.03476089066945202,-1.2583394588375707,0.03455021005991044,0.12733440796637835,0.9841231756854657,0
0.890123685007999,0.9009088760241706,-0.502969299721533,0.17604453100517975,0.4405419421828948,-1.177851894974348,-0.5674373336626071,1.4316811360790147,-1.173704231781191,-0.7996548742607882,-0.22345527558581418,-1.5195542767223194,0.9841231756854657,0
0.0428782422044723,0.9009088760241706,1.5251962127575889,0.6461520048126546,-0.23538436605243465,-1.177851894974348,0.06599664927436881,1.4316811360790147,-1.8752853723150364,-0.6849837281165926,0.8085666669970842,-0.6068207888225592,0.9841231756854657,0
0.0428782422044723,-1.1099901739376037,-0.502969299721533,0.39232113184478495,-0.06640278899360229,-1.177851894974348,-0.7257958293968509,0.2744324511807092,-1.0427871768490378,-1.0289971665491795,-0.22345527558581418,1.3773824457421369,0.9841231756854657,0
0.7206745964472937,-1.1099901739376037,-1.179024470547907,-0.01777530996630433,1.2854498274770565,0.9048055324001227,-0.9435387610314364,-0.3041918912684436,-1.6705176710108995,-1.0289971665491795,0.5505611813513597,0.5043330225336705,-1.0161329645585022,0
0.890123685007999,-1.1099901739376037,-1.179024470547907,-0.7921703007491361,0.9474866733593919,0.9048055324001227,-1.359229812333827,-1.461440576166749,1.3103629643673533,-1.2583394588375707,1.066572152642809,-1.678290535487495,-1.0161329645585022,1
0.890123685007999,-1.1099901739376037,1.5251962127575889,0.002423140013531742,0.2715603651240624,0.9048055324001227,-0.5040939353689095,1.4316811360790147,1.327147202179168,-0.6849837281165926,0.03455021005991044,0.6233852166075523,-1.0161329645585022,1
0.0428782422044723,-1.1099901739376037,0.8491410419312149,0.1357108005528722,0.6095235192417271,-1.177851894974348,0.8577891279455886,0.853056793629862,0.27645391515958084,0.3470565871811683,0.29255569570563505,0.6035431842619053,0.9841231756854657,0
0.38177641932588297,-1.1099901739376037,1.5251962127575889,0.009008561156292996,-0.06640278899360229,-1.177851894974348,0.38271364074285674,1.4316811360790147,-1.173704231781191,0.1177142948927768,0.8085666669970842,-1.0631875327724392,0.9841231756854657,0
1.0595727735687044,0.9009088760241706,-1.179024470547907,1.3132377949598442,0.9474866733593919,-1.177851894974348,0.8577891279455886,0.2744324511807092,-1.8752853723150364,-0.570312581972397,0.03455021005991044,0.6233852166075523,0.9841231756854657,0
0.5512255078865883,0.9009088760241706,1.5251962127575889,1.7864405746281853,0.7785050963005594,0.9048055324001227,-0.9474977234247925,1.4316811360790147,1.417782086362966,-1.3730106049817663,0.8085666669970842,0.5837011519162584,0.9841231756854657,0
-0.12657084635623306,-1.1099901739376037,-0.502969299721533,-0.3018959617155075,0.10257878806523006,-1.177851894974348,-0.8841543251310949,-1.461440576166749,0.001192415045823164,-0.7996548742607882,0.03455021005991044,0.22654456969461315,-1.0161329645585022,0
0.21232733076517762,0.9009088760241706,0.8491410419312149,-0.06723703423279892,-0.404365943111267,0.9048055324001227,-0.09236184645987515,-1.461440576166749,0.001192415045823164,-0.2262991435398101,0.29255569570563505,-0.5274526594399713,0.9841231756854657,0
0.890123685007999,-1.1099901739376037,0.8491410419312149,-0.8495440058130488,1.2854498274770565,0.21058638994196582,-0.2903099661276801,-0.3041918912684436,0.27645391515958084,1.8377814870557112,0.29255569570563505,-0.03140185079879733,0.9841231756854657,0
0.7206745964472937,0.9009088760241706,1.5251962127575889,-0.4884355169632195,1.1164682504182242,-1.177851894974348,-0.3298995900612411,1.4316811360790147,-1.6839450612603513,0.1177142948927768,0.5505611813513597,1.1194360252487263,-1.0161329645585022,0
0.21232733076517762,-1.1099901739376037,0.8491410419312149,-0.4845032151297722,0.2715603651240624,0.9048055324001227,-0.4090788379283631,1.4316811360790147,1.3103629643673533,0.003043148748581378,0.5505611813513597,-0.22982217425526694,-1.0161329645585022,1
0.38177641932588297,0.9009088760241706,-0.502969299721533,1.405670576611119,0.6095235192417271,-1.177851894974348,0.8577891279455886,-0.3041918912684436,1.7937490133476108,-0.570312581972397,-0.22345527558581418,1.258330251668255,0.9841231756854657,0
0.7206745964472937,-1.1099901739376037,1.5251962127575889,-0.10929213376079225,0.9474866733593919,-1.177851894974348,-0.5674373336626071,0.2744324511807092,-1.4724636648314886,-0.6849837281165926,-0.22345527558581418,0.40512286080543575,-1.0161329645585022,0
0.890123685007999,-1.1099901739376037,1.5251962127575889,0.058059683624917584,0.6095235192417271,0.9048055324001227,-0.4090788379283631,1.4316811360790147,-1.0092187012254088,-0.6849837281165926,1.066572152642809,-1.7973427295613766,-1.0161329645585022,0
1.2290218621294098,-1.1099901739376037,1.5251962127575889,0.23400255401221523,0.7785050963005594,-1.177851894974348,0.06599664927436881,0.853056793629862,-1.4993184453303918,-0.34097028968400567,-0.22345527558581418,1.1194360252487263,-1.0161329645585022,0
0.5512255078865883,0.9009088760241706,-0.502969299721533,-0.6050148428046189,0.2715603651240624,-1.177851894974348,0.8973787518791496,0.2744324511807092,0.5114332445249834,2.640479510065081,0.5505611813513597,0.821805540064022,0.9841231756854657,0
1.0595727735687044,0.9009088760241706,-0.502969299721533,-0.6424901530486776,0.6095235192417271,-1.177851894974348,-1.1573227302726659,-0.3041918912684436,-1.623521805137819,-0.9143260204049839,1.066572152642809,-0.5869787564769122,0.9841231756854657,0
0.38177641932588297,-1.1099901739376037,1.5251962127575889,-0.7166037775642138,0.10257878806523006,0.9048055324001227,0.38271364074285674,-1.461440576166749,1.0787404825643134,2.411137217776689,0.5505611813513597,-0.3488743683291487,-1.0161329645585022,1
0.0428782422044723,0.9009088760241706,-0.502969299721533,-0.33485465218299604,0.10257878806523006,-1.177851894974348,-1.042512820865339,1.4316811360790147,0.3301634761573873,-1.0289971665491795,0.03455021005991044,0.5043330225336705,-1.0161329645585022,0
0.0428782422044723,-1.1099901739376037,-1.179024470547907,0.23629244865418259,0.10257878806523006,-1.177851894974348,1.6495816066168083,0.2744324511807092,0.001192415045823164,0.8057411717579506,-0.22345527558581418,0.5241750548793175,-1.0161329645585022,1
0.21232733076517762,0.9009088760241706,-0.502969299721533,0.2544536820215098,-0.06640278899360229,-1.177851894974348,-0.2507203421941191,-1.461440576166749,-1.8752853723150364,-0.6849837281165926,-0.22345527558581418,-1.4401861473397315,0.9841231756854657,0
-0.12657084635623306,-1.1099901739376037,0.17308587110484092,-0.3200256103291524,-0.06640278899360229,0.9048055324001227,0.38271364074285674,-0.8828162337175963,0.5114332445249834,0.6910700256137552,0.5505611813513597,0.7622794430270811,-1.0161329645585022,0
0.890123685007999,0.9009088760241706,-0.502969299721533,0.7096531520909352,0.6095235192417271,-1.177851894974348,-0.5674373336626071,-1.461440576166749,0.001192415045823164,-1.0289971665491795,0.5505611813513597,1.6353288662355472,-1.0161329645585022,0
0.21232733076517762,0.9009088760241706,-0.502969299721533,0.4714567321958081,-0.23538436605243465,-1.177851894974348,0.06599664927436881,-1.461440576166749,0.4040141225293712,-0.570312581972397,0.29255569570563505,1.238488219322608,0.9841231756854657,0
1.0595727735687044,-1.1099901739376037,1.5251962127575889,-0.9015483027509692,1.2854498274770565,0.9048055324001227,-1.2800505644667048,-1.461440576166749,0.15896425047687956,-0.7996548742607882,0.5505611813513597,0.9606997664835506,-1.0161329645585022,1
0.21232733076517762,0.9009088760241706,-1.179024470547907,-0.7057386222974997,0.4405419421828948,0.9048055324001227,-0.8841543251310949,-0.8828162337175963,-0.1397951825734185,-0.34097028968400567,0.5505611813513597,0.6432272489531993,0.9841231756854657,0
0.0428782422044723,-1.1099901739376037,0.17308587110484092,-0.45317113947692245,0.4405419421828948,-1.177851894974348,0.06599664927436881,-0.3041918912684436,-0.0860856215756121,0.6910700256137552,0.03455021005991044,1.6154868338899002,-1.0161329645585022,0
0.38177641932588297,-1.1099901739376037,0.8491410419312149,0.5376267911602437,0.4405419421828948,-1.177851894974348,0.06599664927436881,-1.461440576166749,1.0955247203761276,-0.570312581972397,1.066572152642809,-0.22982217425526694,0.9841231756854657,0
-0.12657084635623306,0.9009088760241706,-1.179024470547907,2.164099474407544,0.10257878806523006,-1.177851894974348,-0.2507203421941191,0.853056793629862,0.7464125738903866,-1.143668312693375,0.8085666669970842,0.9408577341379036,0.9841231756854657,0
0.890123685007999,-1.1099901739376037,-0.502969299721533,0.11688628735821655,1.6234129815947211,-1.177851894974348,-0.47242223622206064,-0.3041918912684436,0.001192415045823164,-0.6849837281165926,0.8085666669970842,-0.38855843302044263,0.9841231756854657,0
-0.12657084635623306,-1.1099901739376037,-1.179024470547907,-0.38932255990813647,0.2715603651240624,0.9048055324001227,-0.3140637404878167,0.2744324511807092,1.2029438423717405,0.003043148748581378,0.29255569570563505,0.5241750548793175,-1.0161329645585022,1
0.890123685007999,0.9009088760241706,-0.502969299721533,-0.13351763983512263,0.4405419421828948,0.9048055324001227,-1.042512820865339,1.4316811360790147,0.16232109803924238,-1.143668312693375,-0.22345527558581418,1.6551708985811941,-1.0161329645585022,0
1.2290218621294098,0.9009088760241706,0.8491410419312149,-0.30682318328994757,1.2854498274770565,0.9048055324001227,-0.4090788379283631,0.853056793629862,0.16232109803924238,-0.2262991435398101,0.8085666669970842,0.6233852166075523,0.9841231756854657,0
0.5512255078865883,-1.1099901739376037,-1.179024470547907,-0.11414039345102656,0.9474866733593919,-1.177851894974348,1.554566509176262,1.4316811360790147,2.5255417819427226,1.4937680486231246,1.066572152642809,-0.20998014190961997,0.9841231756854657,0
0.0428782422044723,-1.1099901739376037,1.5251962127575889,-0.4863035460896637,-0.404365943111267,0.9048055324001227,-0.09236184645987515,0.2744324511807092,0.5114332445249834,0.4617277333253637,0.5505611813513597,1.4964346398160184,0.9841231756854657,0
0.21232733076517762,0.9009088760241706,-1.179024470547907,-0.9259475249705523,-0.06640278899360229,0.9048055324001227,-1.0821024447988998,-0.3041918912684436,1.286865031430813,-0.11162799739561437,0.03455021005991044,-2.075131182400434,-1.0161329645585022,1
-0.12657084635623306,0.9009088760241706,1.5251962127575889,-0.1815738425627545,-0.06640278899360229,0.9048055324001227,0.06599664927436881,-0.3041918912684436,0.11868207972852446,0.1177142948927768,1.066572152642809,1.0400678958661385,-1.0161329645585022,0
1.0595727735687044,0.9009088760241706,1.5251962127575889,-0.523842025841087,0.9474866733593919,0.21058638994196582,0.06599664927436881,-0.3041918912684436,-0.6936750303632967,0.8057411717579506,0.8085666669970842,1.35754041339649,-1.0161329645585022,0
0.38177641932588297,-1.1099901739376037,1.5251962127575889,-0.24254820954645043,0.2715603651240624,0.9048055324001227,0.6994306322113446,-1.461440576166749,1.4345663241747801,0.9204123179021463,1.066572152642809,0.46464895784237664,-1.0161329645585022,1
0.7206745964472937,-1.1099901739376037,-1.179024470547907,-0.48546655011708256,0.6095235192417271,0.9048055324001227,-0.38136610117487035,0.2744324511807092,0.665848232393677,0.1177142948927768,0.03455021005991044,0.08765034327508442,0.9841231756854657,0
0.21232733076517762,-1.1099901739376037,-0.502969299721533,7.85571946509,-0.404365943111267,-1.177851894974348,-0.4882580857954851,-1.461440576166749,-1.8752853723150364,-1.487681751125962,0.8085666669970842,1.0599099282117854,-1.0161329645585022,0
0.38177641932588297,-1.1099901739376037,1.5251962127575889,0.08293267714973526,0.2715603651240624,-1.177851894974348,0.06599664927436881,1.4316811360790147,-0.25392799969375696,-0.2262991435398101,0.5505611813513597,-1.7179746001787888,0.9841231756854657,0
0.38177641932588297,0.9009088760241706,0.8491410419312149,0.27179371179309697,0.4405419421828948,-1.177851894974348,-0.5674373336626071,-0.8828162337175963,1.0619562447524988,-0.9143260204049839,0.8085666669970842,-0.011559818453150373,0.9841231756854657,0
0.21232733076517762,-1.1099901739376037,-0.502969299721533,-0.7163037224042318,-0.404365943111267,0.9048055324001227,-0.15966420714692883,-0.8828162337175963,2.8243012149930204,1.2644257563347332,1.066572152642809,0.5043330225336705,-1.0161329645585022,1
0.7206745964472937,-1.1099901739376037,0.8491410419312149,0.49558748400909153,0.4405419421828948,-1.177851894974348,-0.18737694390042153,0.2744324511807092,1.6729025011025462,-0.6849837281165926,0.8085666669970842,-0.6068207888225592,-1.0161329645585022,1
1.2290218621294098,0.9009088760241706,-0.502969299721533,0.3923685089753084,1.9613761357123858,0.21058638994196582,1.3328646151483206,0.853056793629862,0.001192415045823164,0.3470565871811683,0.8085666669970842,-0.051243883144444294,0.9841231756854657,0
0.38177641932588297,0.9009088760241706,1.5251962127575889,0.5691957524657107,0.2715603651240624,-1.177851894974348,-0.2507203421941191,0.2744324511807092,-1.3482603050240614,-0.7996548742607882,0.5505611813513597,1.1392780575943733,-1.0161329645585022,0
0.0428782422044723,-1.1099901739376037,-0.502969299721533,-0.2264557775453144,-0.06640278899360229,0.9048055324001227,0.38271364074285674,-0.3041918912684436,1.4446368668618692,0.4617277333253637,0.03455021005991044,0.12733440796637835,-1.0161329645585022,1
0.21232733076517762,0.9009088760241706,-0.502969299721533,-0.7713243633188126,0.6095235192417271,0.21058638994196582,0.06599664927436881,1.4316811360790147,0.8336906105118219,2.0671237793441026,0.03455021005991044,-1.142555662155027,0.9841231756854657,0
-0.12657084635623306,-1.1099901739376037,1.5251962127575889,-0.3780783875972348,-0.23538436605243465,-1.177851894974348,-1.042512820865339,-1.461440576166749,-1.3482603050240614,-1.0289971665491795,-0.22345527558581418,0.7225953783357871,0.9841231756854657,0
-0.12657084635623306,-1.1099901739376037,0.17308587110484092,-0.49279421297137804,-0.06640278899360229,0.9048055324001227,0.06599664927436881,1.4316811360790147,0.001192415045823164,0.8057411717579506,1.066572152642809,0.6630692812988462,-1.0161329645585022,0
0.890123685007999,-1.1099901739376037,-0.502969299721533,0.1861042750529949,0.6095235192417271,0.9048055324001227,1.6495816066168083,0.2744324511807092,2.206641263518246,0.9204123179021463,0.5505611813513597,0.4448069254967297,-1.0161329645585022,1
-0.12657084635623306,-1.1099901739376037,1.5251962127575889,-0.03868441690399234,0.10257878806523006,-1.177851894974348,1.6495816066168083,-1.461440576166749,-1.4993184453303918,1.379096902478929,-0.22345527558581418,2.1512217072223683,-1.0161329645585022,0
0.0428782422044723,0.9009088760241706,0.8491410419312149,-0.29895857962305283,0.10257878806523006,-1.177851894974348,-0.09236184645987515,0.2744324511807092,0.001192415045823164,0.1177142948927768,1.066572152642809,0.7424374106814341,-1.0161329645585022,0
0.890123685007999,0.9009088760241706,-1.179024470547907,-0.9785677246052777,1.1164682504182242,0.9048055324001227,-0.7574675285436998,0.2744324511807092,-1.4254677989584081,1.4937680486231246,0.29255569570563505,-1.8965528912896115,-1.0161329645585022,1
1.2290218621294098,-1.1099901739376037,-0.502969299721533,1.0278537530633487,1.2854498274770565,0.9048055324001227,0.38271364074285674,1.4316811360790147,-0.005521280078902488,-0.6849837281165926,-0.22345527558581418,0.5638591195706114,0.9841231756854657,0
0.890123685007999,-1.1099901739376037,-1.179024470547907,-0.6723851224089823,0.6095235192417271,0.9048055324001227,-0.4882580857954851,-1.461440576166749,-0.8447331706696268,0.3470565871811683,1.066572152642809,1.278172284013902,0.9841231756854657,0
0.0428782422044723,-1.1099901739376037,-0.502969299721533,-0.30036410116191553,-0.23538436605243465,0.9048055324001227,1.0478193228266814,-0.3041918912684436,1.0015329886299666,1.4937680486231246,0.03455021005991044,-1.0235034680811452,-1.0161329645585022,1
-0.12657084635623306,0.9009088760241706,-0.502969299721533,0.35181368524722473,-0.06640278899360229,-1.177851894974348,-0.4090788379283631,-1.461440576166749,-1.2475548781531747,-0.7996548742607882,1.066572152642809,-0.6465048535138531,-1.0161329645585022,0
0.0428782422044723,0.9009088760241706,1.5251962127575889,-0.2984532235641359,-0.23538436605243465,0.9048055324001227,-1.042512820865339,-0.8828162337175963,-0.21364582894540246,-1.0289971665491795,0.8085666669970842,0.0479662785837905,0.9841231756854657,0
0.0428782422044723,-1.1099901739376037,-1.179024470547907,0.23100200241239596,0.4405419421828948,0.9048055324001227,0.38271364074285674,0.853056793629862,-0.12972463988633004,-0.11162799739561437,0.03455021005991044,-0.11076998018138517,0.9841231756854657,0
-0.12657084635623306,0.9009088760241706,-0.502969299721533,-0.10278567450223677,-0.5733475201700994,0.9048055324001227,0.06599664927436881,1.4316811360790147,-0.12972463988633004,0.003043148748581378,1.066572152642809,0.5837011519162584,0.9841231756854657,0
0.0428782422044723,-1.1099901739376037,-0.502969299721533,-0.6034198127436624,0.4405419421828948,0.9048055324001227,-0.7257958293968509,0.853056793629862,-1.0427871768490378,-0.2262991435398101,-0.22345527558581418,0.0479662785837905,-1.0161329645585022,1
1.2290218621294098,0.9009088760241706,-1.179024470547907,0.2675613547996677,1.4544314045358888,0.21058638994196582,0.8577891279455886,1.4316811360790147,1.6729025011025462,0.1177142948927768,-0.22345527558581418,0.8813316371009629,0.9841231756854657,0
0.0428782422044723,0.9009088760241706,-0.502969299721533,2.839223584366881,0.6095235192417271,-1.177851894974348,1.8079401023510524,-0.3041918912684436,0.3301634761573873,-0.6849837281165926,0.03455021005991044,0.9011736694466097,0.9841231756854657,0
-0.12657084635623306,0.9009088760241706,0.8491410419312149,1.0273168122507494,-0.23538436605243465,-1.177851894974348,1.0161476236798326,1.4316811360790147,0.4040141225293712,-0.34097028968400567,-0.22345527558581418,-1.6981325678331418,0.9841231756854657,0
1.0595727735687044,-1.1099901739376037,-0.502969299721533,1.31249555324831,0.9474866733593919,-1.177851894974348,-0.2507203421941191,1.4316811360790147,-0.5661148229935064,-1.0289971665491795,-0.22345527558581418,0.9011736694466097,-1.0161329645585022,0
0.0428782422044723,0.9009088760241706,1.5251962127575889,1.0260060449729338,-0.06640278899360229,-1.177851894974348,0.7627740305050422,0.2744324511807092,-0.08944246913797492,-0.45564143582820127,0.29255569570563505,1.0599099282117854,0.9841231756854657,0
-0.12657084635623306,-1.1099901739376037,1.5251962127575889,1.1595463835417328,-0.06640278899360229,-1.177851894974348,1.8079401023510524,1.4316811360790147,-0.005521280078902488,0.003043148748581378,-0.22345527558581418,0.5043330225336705,0.9841231756854657,0
-0.12657084635623306,-1.1099901739376037,-0.502969299721533,0.49618759432905535,-0.23538436605243465,-1.177851894974348,1.3328646151483206,-0.8828162337175963,0.15896425047687956,0.23238544103697253,0.5505611813513597,0.20670253734896618,-1.0161329645585022,0
0.5512255078865883,-1.1099901739376037,-0.502969299721533,-0.1684661697845966,0.4405419421828948,0.9048055324001227,-0.09236184645987515,0.2744324511807092,1.451350561986595,-0.11162799739561437,0.03455021005991044,0.5241750548793175,-1.0161329645585022,1
0.0428782422044723,-1.1099901739376037,-1.179024470547907,1.1257033199711395,0.6095235192417271,-1.177851894974348,-0.7257958293968509,0.853056793629862,0.3301634761573873,-1.2583394588375707,-0.22345527558581418,1.4369085427790778,-1.0161329645585022,1
0.21232733076517762,0.9009088760241706,-1.179024470547907,-0.5588537252979255,0.10257878806523006,-1.177851894974348,0.6994306322113446,0.853056793629862,1.0955247203761276,1.952452633199907,1.066572152642809,0.9408577341379036,0.9841231756854657,0
0.38177641932588297,-1.1099901739376037,-0.502969299721533,0.4628340944405379,-0.06640278899360229,-1.177851894974348,1.3328646151483206,0.853056793629862,-0.8447331706696268,0.23238544103697253,0.29255569570563505,-1.3409759856114967,0.9841231756854657,0
0.21232733076517762,0.9009088760241706,0.8491410419312149,-0.48619299945177563,0.2715603651240624,0.21058638994196582,-0.7257958293968509,0.2744324511807092,-1.8752853723150364,-0.45564143582820127,-0.22345527558581418,-0.07108591549009124,0.9841231756854657,0
0.21232733076517762,-1.1099901739376037,-0.502969299721533,-0.29957448231985784,-0.06640278899360229,-1.177851894974348,-0.9514566858181487,-0.3041918912684436,0.16232109803924238,-0.9143260204049839,0.03455021005991044,0.8614896047553159,0.9841231756854657,0
-0.12657084635623306,0.9009088760241706,-0.502969299721533,0.7306728056665112,-0.06640278899360229,0.9048055324001227,0.8577891279455886,-0.8828162337175963,1.934736610966852,-0.2262991435398101,0.03455021005991044,0.3455967637684949,0.9841231756854657,0
0.890123685007999,0.9009088760241706,-1.179024470547907,0.6110139663410867,0.6095235192417271,0.9048055324001227,1.6495816066168083,-0.3041918912684436,-1.3751150855229646,0.3470565871811683,0.29255569570563505,1.0599099282117854,-1.0161329645585022,0
0.21232733076517762,-1.1099901739376037,-1.179024470547907,-0.5404556062779811,-0.5733475201700994,-1.177851894974348,-1.042512820865339,0.853056793629862,1.9515208487786668,-0.7996548742607882,0.29255569570563505,-2.03544711770914,0.9841231756854657,0
0.0428782422044723,0.9009088760241706,-1.179024470547907,1.1211551154408872,0.2715603651240624,-1.177851894974348,-0.2507203421941191,0.2744324511807092,0.04483143335654109,-1.0289971665491795,0.03455021005991044,-2.23386744116561,0.9841231756854657,0
0.21232733076517762,-1.1099901739376037,-0.502969299721533,1.4460043070634265,0.10257878806523006,0.21058638994196582,2.3226052134873454,0.853056793629862,0.15896425047687956,0.003043148748581378,0.5505611813513597,-0.15045404487267908,0.9841231756854657,0
-0.12657084635623306,-1.1099901739376037,-0.502969299721533,1.1159910082138298,-0.404365943111267,-1.177851894974348,-0.2507203421941191,-1.461440576166749,-1.4254677989584081,-1.0289971665491795,0.03455021005991044,0.18686050500331922,0.9841231756854657,0
1.0595727735687044,-1.1099901739376037,-0.502969299721533,-0.5140665445764127,1.4544314045358888,-1.177851894974348,-1.1375279183058853,-1.461440576166749,-0.707102420612748,-1.0289971665491795,0.03455021005991044,0.32575473142284794,0.9841231756854657,0
0.0428782422044723,0.9009088760241706,-0.502969299721533,-0.013748253871810041,0.4405419421828948,-1.177851894974348,0.06599664927436881,-0.3041918912684436,-1.1804179269059165,-0.11162799739561437,0.29255569570563505,1.0400678958661385,-1.0161329645585022,0
1.0595727735687044,0.9009088760241706,0.17308587110484092,-0.20297251318251827,1.4544314045358888,-1.177851894974348,-0.4090788379283631,-0.8828162337175963,0.8336906105118219,-0.45564143582820127,0.29255569570563505,2.190905771913662,-1.0161329645585022,0
1.0595727735687044,0.9009088760241706,0.8491410419312149,0.08443295294964491,0.9474866733593919,0.9048055324001227,-0.5674373336626071,-1.461440576166749,0.2965950005337584,-0.7996548742607882,0.29255569570563505,-0.15045404487267908,0.9841231756854657,0
-0.12657084635623306,-1.1099901739376037,0.8491410419312149,0.11549655819619499,0.6095235192417271,-1.177851894974348,-0.5674373336626071,-0.8828162337175963,-1.8752853723150364,-0.7996548742607882,0.03455021005991044,0.38528082845978884,-1.0161329645585022,0
-0.12657084635623306,0.9009088760241706,0.8491410419312149,1.4247477678352332,-0.23538436605243465,-1.177851894974348,-0.49617601058219724,1.4316811360790147,-1.6839450612603513,-1.143668312693375,0.03455021005991044,0.5638591195706114,-1.0161329645585022,0
0.0428782422044723,-1.1099901739376037,-1.179024470547907,-0.16922420387297202,0.10257878806523006,-1.177851894974348,0.4302211894631299,0.2744324511807092,-1.0495008719737637,0.4617277333253637,0.5505611813513597,-0.9044512740072636,0.9841231756854657,0
1.0595727735687044,-1.1099901739376037,-0.502969299721533,-0.45381862692740976,1.1164682504182242,0.9048055324001227,1.4635103741290718,0.2744324511807092,-1.0427871768490378,2.640479510065081,0.8085666669970842,-0.03140185079879733,-1.0161329645585022,1
0.5512255078865883,0.9009088760241706,-1.179024470547907,0.17225436056330276,0.7785050963005594,-1.177851894974348,0.6677589330644959,-1.461440576166749,0.001192415045823164,0.1177142948927768,0.8085666669970842,-0.9639773710442044,0.9841231756854657,0
0.38177641932588297,-1.1099901739376037,-0.502969299721533,0.6478417891346581,-0.06640278899360229,0.9048055324001227,-1.359229812333827,0.853056793629862,0.23617174441122635,-1.487681751125962,0.03455021005991044,0.4448069254967297,-1.0161329645585022,0
0.21232733076517762,0.9009088760241706,-1.179024470547907,-0.15717462034317145,0.2715603651240624,0.9048055324001227,-0.5674373336626071,-0.8828162337175963,-0.3680608168140954,-0.570312581972397,-0.22345527558581418,0.9210157017922567,0.9841231756854657,0
0.0428782422044723,-1.1099901739376037,-0.502969299721533,0.1148016936151842,0.10257878806523006,-1.177851894974348,1.0161476236798326,1.4316811360790147,1.6594751108530943,0.4617277333253637,-0.22345527558581418,0.7622794430270811,0.9841231756854657,0
0.5512255078865883,-1.1099901739376037,-0.502969299721533,-0.4909149201272807,0.6095235192417271,0.9048055324001227,-1.1375279183058853,-0.8828162337175963,0.001192415045823164,-1.0289971665491795,1.066572152642809,0.20670253734896618,0.9841231756854657,0
0.890123685007999,-1.1099901739376037,-0.502969299721533,-0.793496860403793,0.9474866733593919,0.9048055324001227,-1.2008713165995828,-1.461440576166749,1.1223795008750308,-0.7996548742607882,0.5505611813513597,2.1512217072223683,-1.0161329645585022,0
0.7206745964472937,-1.1099901739376037,-1.179024470547907,-0.8462591914300888,0.4405419421828948,0.9048055324001227,0.06599664927436881,1.4316811360790147,0.001192415045823164,2.7551506562092767,1.066572152642809,0.5043330225336705,-1.0161329645585022,1
-0.12657084635623306,0.9009088760241706,-1.179024470547907,0.8463203812742826,0.10257878806523006,-1.177851894974348,-0.9474977234247925,-0.3041918912684436,-1.6705176710108995,-1.2583394588375707,-0.22345527558581418,1.1591200899400202,-1.0161329645585022,0
0.38177641932588297,-1.1099901739376037,-1.179024470547907,-0.7816683701497685,0.2715603651240624,0.9048055324001227,-0.7257958293968509,0.2744324511807092,-1.3751150855229646,0.23238544103697253,0.29255569570563505,-0.11076998018138517,-1.0161329645585022,0
0.0428782422044723,-1.1099901739376037,-1.179024470547907,-0.6842609897935302,0.7785050963005594,-1.177851894974348,0.1451758971414908,1.4316811360790147,-0.6936750303632967,1.7231103409115156,0.5505611813513597,-1.202081759191968,0.9841231756854657,0
0.38177641932588297,0.9009088760241706,-0.502969299721533,-0.2645627828630192,-0.06640278899360229,-1.177851894974348,-1.01084112171849,0.853056793629862,-1.3482603050240614,-1.0289971665491795,-0.22345527558581418,1.0599099282117854,-1.0161329645585022,0
0.21232733076517762,-1.1099901739376037,-1.179024470547907,1.0296856687769227,-0.5733475201700994,-1.177851894974348,-0.527847709729046,-1.461440576166749,0.5114332445249834,-1.143668312693375,0.8085666669970842,-2.49181386165902,0.9841231756854657,0
0.7206745964472937,0.9009088760241706,-1.179024470547907,0.8578961934988485,0.6095235192417271,-1.177851894974348,0.12934004756806639,-0.3041918912684436,-0.3680608168140954,-0.6849837281165926,0.29255569570563505,-0.7060309505507939,-1.0161329645585022,0
-0.12657084635623306,-1.1099901739376037,-1.179024470547907,-0.34207176839940345,-0.06640278899360229,0.21058638994196582,-0.3298995900612411,1.4316811360790147,0.8269769153870962,-0.11162799739561437,0.03455021005991044,1.0797519605574324,-1.0161329645585022,0
0.38177641932588297,0.9009088760241706,-1.179024470547907,0.4623919078889856,0.4405419421828948,0.9048055324001227,1.3328646151483206,-1.461440576166749,-0.6936750303632967,0.23238544103697253,0.29255569570563505,-0.9441353386985575,0.9841231756854657,0
0.5512255078865883,-1.1099901739376037,0.8491410419312149,0.33212059132630556,0.4405419421828948,-1.177851894974348,0.06599664927436881,0.2744324511807092,0.001192415045823164,-0.45564143582820127,-0.22345527558581418,0.5837011519162584,-1.0161329645585022,1
0.5512255078865883,0.9009088760241706,0.8491410419312149,0.21770482111214423,0.7785050963005594,0.9048055324001227,0.06599664927436881,-0.8828162337175963,1.8407448792206904,-0.34097028968400567,0.29255569570563505,-1.678290535487495,0.9841231756854657,0
0.890123685007999,0.9009088760241706,-1.179024470547907,0.5912261181591206,0.7785050963005594,0.9048055324001227,-0.4090788379283631,-0.8828162337175963,0.6624913848313142,-0.9143260204049839,0.5505611813513597,1.1194360252487263,-1.0161329645585022,0
-0.12657084635623306,0.9009088760241706,-1.179024470547907,-0.16600255899737656,0.4405419421828948,0.9048055324001227,-0.2507203421941191,-0.8828162337175963,1.7736079279734327,-0.2262991435398101,-0.22345527558581418,0.22654456969461315,-1.0161329645585022,0
0.38177641932588297,0.9009088760241706,-0.502969299721533,-0.4849454016813245,-0.06640278899360229,0.9048055324001227,-1.121692068732461,1.4316811360790147,-1.7510820125076092,-1.0289971665491795,0.5505611813513597,1.1194360252487263,-1.0161329645585022,0
0.5512255078865883,0.9009088760241706,-0.502969299721533,-0.6963579504538542,0.4405419421828948,0.9048055324001227,0.8696660151256569,-0.3041918912684436,0.001192415045823164,3.213835240786059,0.29255569570563505,-2.2933935382025505,-1.0161329645585022,1
1.2290218621294098,0.9009088760241706,-1.179024470547907,0.7684007939400284,1.2854498274770565,-1.177851894974348,-0.19925383108048983,1.4316811360790147,-1.3482603050240614,-0.9143260204049839,1.066572152642809,-0.44808453005738347,0.9841231756854657,0
-0.12657084635623306,0.9009088760241706,1.5251962127575889,0.03192329995280757,0.10257878806523006,0.9048055324001227,-1.0741845200121878,0.853056793629862,0.6826324702054911,-1.2583394588375707,0.29255569570563505,-1.4005020826484376,-1.0161329645585022,0
0.5512255078865883,-1.1099901739376037,0.8491410419312149,0.677657796610757,0.7785050963005594,0.9048055324001227,-0.3298995900612411,1.4316811360790147,0.7430557263280237,-0.9143260204049839,0.8085666669970842,-0.26950623894656084,0.9841231756854657,0
1.0595727735687044,-1.1099901739376037,-0.502969299721533,2.924897228730142,1.4544314045358888,-1.177851894974348,0.26790373133552986,-1.461440576166749,0.665848232393677,-1.143668312693375,0.5505611813513597,0.3654387961141419,-1.0161329645585022,0
0.38177641932588297,-1.1099901739376037,-1.179024470547907,-0.7694450704747153,-0.06640278899360229,-1.177851894974348,-0.4090788379283631,-1.461440576166749,-0.005521280078902488,0.9204123179021463,1.066572152642809,0.8614896047553159,0.9841231756854657,0
0.38177641932588297,0.9009088760241706,-1.179024470547907,0.553134905218257,0.10257878806523006,-1.177851894974348,-0.8841543251310949,0.853056793629862,-1.6839450612603513,-1.2583394588375707,0.29255569570563505,-1.2417658238832618,0.9841231756854657,0
1.0595727735687044,-1.1099901739376037,-0.502969299721533,0.2714462795025916,1.2854498274770565,0.9048055324001227,-0.7257958293968509,-0.8828162337175963,-1.623521805137819,-1.0289971665491795,0.5505611813513597,0.7622794430270811,-1.0161329645585022,0
-0.12657084635623306,-1.1099901739376037,1.5251962127575889,-0.5524736050540994,-0.404365943111267,0.9048055324001227,-0.09236184645987515,-0.8828162337175963,-1.1804179269059165,0.6910700256137552,0.03455021005991044,0.46464895784237664,-1.0161329645585022,0
0.890123685007999,0.9009088760241706,0.8491410419312149,-0.5679185496047481,0.7785050963005594,-1.177851894974348,-0.7257958293968509,1.4316811360790147,-0.8447331706696268,-0.34097028968400567,0.8085666669970842,0.5837011519162584,0.9841231756854657,0
0.38177641932588297,0.9009088760241706,0.8491410419312149,-0.012011092419283092,0.4405419421828948,-1.177851894974348,1.6495816066168083,-0.3041918912684436,1.934736610966852,1.2644257563347332,-0.22345527558581418,-1.3608180179571436,0.9841231756854657,0
0.890123685007999,-1.1099901739376037,0.8491410419312149,-0.40040880845062665,1.2854498274770565,-1.177851894974348,-0.2507203421941191,-0.8828162337175963,1.8407448792206904,0.1177142948927768,0.29255569570563505,1.1789621222856672,-1.0161329645585022,1
-0.12657084635623306,0.9009088760241706,-0.502969299721533,1.2106347226228662,-0.23538436605243465,-1.177851894974348,0.06599664927436881,0.853056793629862,-1.4993184453303918,-0.9143260204049839,0.29255569570563505,1.9131173190746047,0.9841231756854657,0
1.0595727735687044,-1.1099901739376037,1.5251962127575889,-0.23270955877441143,1.1164682504182242,0.9048055324001227,-1.01084112171849,0.2744324511807092,-1.4254677989584081,-1.0289971665491795,1.066572152642809,0.3455967637684949,0.9841231756854657,0
-0.12657084635623306,0.9009088760241706,-0.502969299721533,0.23097041765871365,-0.404365943111267,-1.177851894974348,-0.7060010174300705,1.4316811360790147,-0.811164695045998,-1.0289971665491795,0.5505611813513597,-0.6465048535138531,0.9841231756854657,0
0.890123685007999,0.9009088760241706,-1.179024470547907,0.30732655968569367,0.9474866733593919,-1.177851894974348,-0.5674373336626071,1.4316811360790147,-1.173704231781191,-0.9143260204049839,0.03455021005991044,1.2186461869769611,-1.0161329645585022,0
0.0428782422044723,0.9009088760241706,-1.179024470547907,-0.4286929553731336,0.2715603651240624,0.9048055324001227,-1.042512820865339,-0.8828162337175963,-1.1804179269059165,-0.9143260204049839,0.29255569570563505,-0.46792656240303043,0.9841231756854657,0
0.0428782422044723,0.9009088760241706,-0.502969299721533,-0.6579193052224852,0.2715603651240624,0.9048055324001227,-0.9474977234247925,0.2744324511807092,1.0418151593783211,-0.570312581972397,0.5505611813513597,0.12733440796637835,-1.0161329645585022,1
0.7206745964472937,-1.1099901739376037,0.8491410419312149,0.4427619834754311,0.2715603651240624,0.9048055324001227,0.38271364074285674,0.2744324511807092,-0.6936750303632967,-0.34097028968400567,0.03455021005991044,-0.36871640067479566,-1.0161329645585022,0
0.5512255078865883,0.9009088760241706,1.5251962127575889,0.32886736169702785,0.6095235192417271,-1.177851894974348,1.3328646151483206,1.4316811360790147,2.931720336988632,0.4617277333253637,0.5505611813513597,0.22654456969461315,-1.0161329645585022,1
0.21232733076517762,0.9009088760241706,-1.179024470547907,-0.0800762366046572,-0.06640278899360229,0.9048055324001227,0.8577891279455886,0.853056793629862,-1.3751150855229646,0.6910700256137552,0.8085666669970842,-0.7853990799333818,0.9841231756854657,0
0.7206745964472937,-1.1099901739376037,0.8491410419312149,-0.672874686091058,0.4405419421828948,0.9048055324001227,0.29561646808902253,-0.8828162337175963,-0.34120603631519225,1.952452633199907,0.03455021005991044,-0.5671367241312653,-1.0161329645585022,1
0.5512255078865883,0.9009088760241706,-1.179024470547907,-0.7512206676000235,0.2715603651240624,-1.177851894974348,-0.4882580857954851,0.853056793629862,-0.34120603631519225,0.6910700256137552,0.8085666669970842,0.6630692812988462,0.9841231756854657,0
0.38177641932588297,-1.1099901739376037,-1.179024470547907,-0.2629835451789038,0.6095235192417271,-1.177851894974348,0.8063226168319593,-0.3041918912684436,-0.46205254856025635,1.035083464046342,0.29255569570563505,0.5440170872249644,0.9841231756854657,0
1.398470950690115,0.9009088760241706,0.17308587110484092,21.494568838300104,1.6234129815947211,0.21058638994196582,0.06599664927436881,0.2744324511807092,-1.4993184453303918,-1.487681751125962,1.3245776382885335,0.9805417988291976,0.9841231756854657,0
2.0762673049329363,-1.1099901739376037,-0.502969299721533,21.493510749051747,2.2993392898300504,-1.177851894974348,0.06599664927436881,0.2744324511807092,0.001192415045823164,-1.487681751125962,2.6146050665171567,0.08765034327508442,0.9841231756854657,0
3.77075819053999,0.9009088760241706,0.8491410419312149,15.810892413168753,3.8201734833595413,-1.177851894974348,3.2331665639592484,-1.461440576166749,0.5651428055227898,-1.2583394588375707,2.356599580871432,0.20670253734896618,-1.0161329645585022,0
1.398470950690115,-1.1099901739376037,0.8491410419312149,15.813608701985432,1.4544314045358888,-1.177851894974348,-0.5674373336626071,0.853056793629862,0.001192415045823164,-1.487681751125962,1.582583123934258,-0.6465048535138531,0.9841231756854657,0
1.398470950690115,0.9009088760241706,-0.502969299721533,0.06537155410237193,1.2854498274770565,0.9048055324001227,4.024959042630468,1.4316811360790147,0.001192415045823164,3.213835240786059,2.356599580871432,1.337698381050843,-1.0161329645585022,1
2.923512747736463,0.9009088760241706,1.5251962127575889,0.26869840593223077,3.3132287521830444,0.9048055324001227,4.024959042630468,0.2744324511807092,0.001192415045823164,2.525808363920885,1.8405886095799828,-1.3211339532658497,-1.0161329645585022,1
1.5679200392508204,0.9009088760241706,-0.502969299721533,0.27252016112779004,1.4544314045358888,0.9048055324001227,4.024959042630468,-0.3041918912684436,0.3301634761573873,2.525808363920885,2.872610552162881,0.08765034327508442,-1.0161329645585022,1
1.906818216372231,-1.1099901739376037,0.8491410419312149,12.172281411836329,2.130357712771218,-1.177851894974348,2.4413740852880284,-1.461440576166749,0.3939435798422821,-1.2583394588375707,1.582583123934258,0.7027533459901402,-1.0161329645585022,0
2.754063659175758,0.9009088760241706,0.8491410419312149,9.842053039416678,3.144247175124212,-1.177851894974348,1.6495816066168083,0.2744324511807092,0.001192415045823164,-1.2583394588375707,2.6146050665171567,-1.3806600503027906,-1.0161329645585022,1
1.398470950690115,-1.1099901739376037,-1.179024470547907,12.018037267228776,1.4544314045358888,-1.177851894974348,2.4413740852880284,0.2744324511807092,0.5114332445249834,-1.2583394588375707,1.8405886095799828,-0.07108591549009124,0.9841231756854657,0
2.0762673049329363,0.9009088760241706,-0.502969299721533,9.000287769029484,1.7923945586535535,-1.177851894974348,4.024959042630468,0.2744324511807092,1.6729025011025462,-1.0289971665491795,1.3245776382885335,-0.36871640067479566,-1.0161329645585022,1
1.5679200392508204,-1.1099901739376037,-1.179024470547907,0.36566359973691687,0.9474866733593919,0.9048055324001227,4.024959042630468,-0.3041918912684436,-0.707102420612748,2.2964660716324943,2.872610552162881,0.46464895784237664,-1.0161329645585022,1
2.5846145706150523,-1.1099901739376037,1.5251962127575889,8.22628758766768,2.8062840210065474,-1.177851894974348,2.4413740852880284,1.4316811360790147,0.5382880250238866,-1.143668312693375,2.098594095225707,1.0400678958661385,-1.0161329645585022,0
1.906818216372231,0.9009088760241706,1.5251962127575889,6.404621126663716,1.7923945586535535,-1.177851894974348,4.024959042630468,0.2744324511807092,0.001192415045823164,-0.7996548742607882,1.3245776382885335,0.7027533459901402,-1.0161329645585022,1
2.2457163934936415,0.9009088760241706,-1.179024470547907,7.853840172245902,1.9613761357123858,-1.177851894974348,1.0161476236798326,-1.461440576166749,-1.0427871768490378,-1.2583394588375707,2.872610552162881,0.5440170872249644,-1.0161329645585022,0
2.0762673049329363,-1.1099901739376037,0.8491410419312149,1.2718775600128618,1.2854498274770565,0.9048055324001227,4.024959042630468,-0.8828162337175963,1.1861596045599256,0.9204123179021463,2.872610552162881,-0.051243883144444294,-1.0161329645585022,1
1.398470950690115,0.9009088760241706,1.5251962127575889,6.489110342763889,1.6234129815947211,-1.177851894974348,4.024959042630468,-0.3041918912684436,-1.0427871768490378,-0.7996548742607882,1.8405886095799828,0.4249648931510827,0.9841231756854657,0
1.5679200392508204,0.9009088760241706,-0.502969299721533,6.48610979116407,1.7923945586535535,0.9048055324001227,-0.5674373336626071,-0.8828162337175963,0.5382880250238866,-1.487681751125962,1.8405886095799828,1.317856348705196,0.9841231756854657,0
2.5846145706150523,-1.1099901739376037,1.5251962127575889,6.331865646556518,2.4683208668888827,-1.177851894974348,2.91644957249076,1.4316811360790147,-0.3680608168140954,-0.9143260204049839,1.3245776382885335,-0.26950623894656084,-1.0161329645585022,0
2.5846145706150523,0.9009088760241706,-0.502969299721533,5.390734741084782,2.2993392898300504,-1.177851894974348,1.3328646151483206,0.2744324511807092,0.16232109803924238,-1.143668312693375,2.6146050665171567,1.3773824457421369,0.9841231756854657,0
3.0929618362971683,0.9009088760241706,-0.502969299721533,5.11991127063583,3.3132287521830444,0.21058638994196582,-0.09236184645987515,1.4316811360790147,0.16232109803924238,-1.3730106049817663,1.8405886095799828,0.9210157017922567,-1.0161329645585022,0
2.754063659175758,0.9009088760241706,-1.179024470547907,0.03389734705795183,2.4683208668888827,0.9048055324001227,3.613226953721434,-0.3041918912684436,0.001192415045823164,2.869821802353472,1.8405886095799828,0.10749237562073138,-1.0161329645585022,1
2.5846145706150523,-1.1099901739376037,0.8491410419312149,0.15131366887193246,2.2993392898300504,0.9048055324001227,3.3281816613997948,-1.461440576166749,2.6128198185641573,2.2964660716324943,2.872610552162881,0.305912699077201,-1.0161329645585022,1
1.7373691278115257,-1.1099901739376037,0.8491410419312149,4.551638382383742,1.7923945586535535,-1.177851894974348,0.8577891279455886,1.4316811360790147,-0.12972463988633004,-1.143668312693375,2.872610552162881,1.1988041546313142,-1.0161329645585022,0
3.262410924857874,-1.1099901739376037,0.8491410419312149,4.532687530174357,3.144247175124212,-1.177851894974348,0.06599664927436881,-0.3041918912684436,0.8135495251376443,-1.2583394588375707,1.582583123934258,0.6432272489531993,0.9841231756854657,0
3.0929618362971683,-1.1099901739376037,0.8491410419312149,4.534740539163707,3.3132287521830444,-1.177851894974348,1.6495816066168083,1.4316811360790147,2.3241309282009484,-1.0289971665491795,1.8405886095799828,-1.3608180179571436,0.9841231756854657,0
2.415165482054347,-1.1099901739376037,0.8491410419312149,4.4384386251863495,2.9752655980653797,-1.177851894974348,0.06599664927436881,0.853056793629862,2.102578989084997,-1.2583394588375707,2.098594095225707,1.5361187045073124,0.9841231756854657,0
1.5679200392508204,-1.1099901739376037,0.8491410419312149,-0.19736621940390858,1.2854498274770565,0.9048055324001227,3.2331665639592484,-1.461440576166749,-0.3680608168140954,3.5578486792186466,2.356599580871432,0.08765034327508442,-1.0161329645585022,1
3.262410924857874,0.9009088760241706,-0.502969299721533,-1.0157587720661956,2.9752655980653797,0.21058638994196582,-1.208789241386295,0.2744324511807092,0.5651428055227898,-0.11162799739561437,1.582583123934258,0.2463866020402601,-1.0161329645585022,1
1.5679200392508204,-1.1099901739376037,-0.502969299721533,4.4394493373041835,1.7923945586535535,-1.177851894974348,2.4413740852880284,-0.8828162337175963,0.16232109803924238,-0.7996548742607882,2.098594095225707,0.3455967637684949,-1.0161329645585022,0
1.398470950690115,-1.1099901739376037,-1.179024470547907,0.45678561411037594,1.1164682504182242,0.9048055324001227,3.2331665639592484,0.853056793629862,1.6729025011025462,1.6084391947673204,1.3245776382885335,-0.44808453005738347,-1.0161329645585022,1
1.7373691278115257,0.9009088760241706,0.8491410419312149,-1.0141321572515567,1.7923945586535535,0.21058638994196582,-0.7574675285436998,-1.461440576166749,-1.2475548781531747,1.952452633199907,1.582583123934258,-0.9044512740072636,-1.0161329645585022,1
1.398470950690115,-1.1099901739376037,-1.179024470547907,4.057021139718796,1.1164682504182242,0.9048055324001227,-0.7257958293968509,-1.461440576166749,1.092167872813765,-1.487681751125962,2.6146050665171567,0.38528082845978884,0.9841231756854657,0
1.5679200392508204,-1.1099901739376037,0.8491410419312149,2.9200173842862256,0.9474866733593919,0.9048055324001227,3.2331665639592484,-0.8828162337175963,-0.3680608168140954,-0.34097028968400567,2.872610552162881,-0.9838194033898514,0.9841231756854657,0
2.2457163934936415,-1.1099901739376037,1.5251962127575889,3.8326114648059963,2.130357712771218,-1.177851894974348,2.2830155895537843,0.853056793629862,-0.21364582894540246,-0.7996548742607882,1.3245776382885335,1.0003838311748445,0.9841231756854657,0
2.5846145706150523,0.9009088760241706,0.8491410419312149,3.813692197350294,2.4683208668888827,-1.177851894974348,1.8079401023510524,-1.461440576166749,0.5651428055227898,-0.7996548742607882,1.8405886095799828,0.2463866020402601,0.9841231756854657,0
1.5679200392508204,-1.1099901739376037,-1.179024470547907,3.6822522449013686,1.2854498274770565,-1.177851894974348,1.6495816066168083,1.4316811360790147,1.327147202179168,-0.9143260204049839,1.582583123934258,0.801963507718375,0.9841231756854657,0
1.398470950690115,-1.1099901739376037,-1.179024470547907,3.489490493178242,1.1164682504182242,-1.177851894974348,3.45486845798719,0.853056793629862,1.0955247203761276,-0.45564143582820127,2.6146050665171567,-1.4203441149940845,0.9841231756854657,0
2.0762673049329363,0.9009088760241706,-1.179024470547907,-0.17588858689993903,1.7923945586535535,0.9048055324001227,2.91644957249076,-0.3041918912684436,2.5557534100039887,3.0991640946418633,2.098594095225707,0.0479662785837905,-1.0161329645585022,1
2.754063659175758,0.9009088760241706,0.8491410419312149,-1.0217756676426752,2.4683208668888827,0.21058638994196582,-1.2008713165995828,-0.3041918912684436,-0.37813135950118393,-0.11162799739561437,1.3245776382885335,-1.5790803737592602,-1.0161329645585022,1
2.2457163934936415,-1.1099901739376037,0.17308587110484092,3.4939597358242884,2.637302443947715,-1.177851894974348,-0.7257958293968509,-0.8828162337175963,-0.34120603631519225,-1.3730106049817663,1.582583123934258,1.754381060309429,-1.0161329645585022,0
1.398470950690115,-1.1099901739376037,-1.179024470547907,3.4943545452453173,1.6234129815947211,0.9048055324001227,1.6495816066168083,-1.461440576166749,-1.0495008719737637,-0.7996548742607882,2.872610552162881,1.1392780575943733,-1.0161329645585022,0
2.2457163934936415,-1.1099901739376037,0.8491410419312149,3.4940860748390175,2.9752655980653797,-1.177851894974348,-0.8524826259842462,-1.461440576166749,0.7061304031420315,-1.487681751125962,2.098594095225707,1.1392780575943733,-1.0161329645585022,0
1.398470950690115,0.9009088760241706,0.8491410419312149,3.4903748662813463,1.2854498274770565,-1.177851894974348,-0.8841543251310949,1.4316811360790147,-1.2979075915886182,-1.487681751125962,1.582583123934258,0.9210157017922567,-1.0161329645585022,0
3.431860013418579,0.9009088760241706,-1.179024470547907,3.0768988558262502,2.2993392898300504,-1.177851894974348,2.4413740852880284,-0.3041918912684436,1.4446368668618692,-0.570312581972397,1.8405886095799828,0.801963507718375,-1.0161329645585022,1
2.923512747736463,0.9009088760241706,-0.502969299721533,0.3675744773346965,2.9752655980653797,0.9048055324001227,2.5997325810222724,0.853056793629862,1.0955247203761276,1.2644257563347332,2.356599580871432,-0.8449251769703227,-1.0161329645585022,1
2.0762673049329363,-1.1099901739376037,0.8491410419312149,3.1683525101133734,2.130357712771218,-1.177851894974348,0.8577891279455886,0.2744324511807092,0.27645391515958084,-1.0289971665491795,2.356599580871432,0.6829113136444932,0.9841231756854657,0
2.5846145706150523,0.9009088760241706,0.8491410419312149,3.110299732845291,2.637302443947715,-1.177851894974348,2.4413740852880284,-0.3041918912684436,1.5352717510456675,-0.570312581972397,2.356599580871432,0.14717644031202531,0.9841231756854657,0
2.415165482054347,0.9009088760241706,-0.502969299721533,-0.3513103088514786,2.9752655980653797,0.9048055324001227,2.4413740852880284,0.2744324511807092,0.3939435798422821,3.328506386930255,2.356599580871432,-0.44808453005738347,-1.0161329645585022,1
2.923512747736463,0.9009088760241706,0.8491410419312149,3.0248471817578064,2.8062840210065474,0.9048055324001227,1.9979702972321451,0.853056793629862,0.5651428055227898,-0.6849837281165926,1.582583123934258,-2.3926036999307856,0.9841231756854657,0
2.2457163934936415,-1.1099901739376037,0.8491410419312149,3.0114710385733487,1.7923945586535535,-1.177851894974348,4.024959042630468,-0.3041918912684436,1.5486991412951188,-0.11162799739561437,2.098594095225707,-1.678290535487495,0.9841231756854657,0
2.923512747736463,-1.1099901739376037,1.5251962127575889,3.0209306723012,3.3132287521830444,-1.177851894974348,0.06599664927436881,0.853056793629862,0.001192415045823164,-1.143668312693375,1.3245776382885335,-0.011559818453150373,0.9841231756854657,0
2.0762673049329363,0.9009088760241706,0.8491410419312149,2.1049096460068983,2.2993392898300504,0.9048055324001227,2.4413740852880284,0.2744324511807092,-0.005521280078902488,-0.2262991435398101,2.872610552162881,0.821805540064022,-1.0161329645585022,1
2.754063659175758,0.9009088760241706,0.8491410419312149,2.7312353115270693,2.9752655980653797,-1.177851894974348,2.4413740852880284,1.4316811360790147,-0.21364582894540246,-0.45564143582820127,2.098594095225707,1.0400678958661385,0.9841231756854657,0
2.0762673049329363,0.9009088760241706,1.5251962127575889,2.7335725832995603,1.6234129815947211,-1.177851894974348,1.6495816066168083,-0.8828162337175963,-1.623521805137819,-0.6849837281165926,2.872610552162881,0.4448069254967297,0.9841231756854657,0
2.415165482054347,-1.1099901739376037,-0.502969299721533,2.737346961364596,2.637302443947715,-1.177851894974348,1.0161476236798326,1.4316811360790147,0.8269769153870962,-0.9143260204049839,1.3245776382885335,0.18686050500331922,0.9841231756854657,0
2.923512747736463,0.9009088760241706,-1.179024470547907,2.7323881550364737,2.8062840210065474,-1.177851894974348,0.38271364074285674,-1.461440576166749,-0.46205254856025635,-1.0289971665491795,1.582583123934258,-1.7973427295613766,0.9841231756854657,0
2.2457163934936415,0.9009088760241706,0.8491410419312149,-0.31820948699241963,2.4683208668888827,0.9048055324001227,2.4413740852880284,-0.3041918912684436,2.02537149515065,3.213835240786059,1.8405886095799828,-0.5274526594399713,-1.0161329645585022,1
1.7373691278115257,-1.1099901739376037,-1.179024470547907,2.582344782668669,1.4544314045358888,-1.177851894974348,0.8577891279455886,1.4316811360790147,0.3469477139692014,-0.9143260204049839,1.8405886095799828,-1.4203441149940845,0.9841231756854657,0
2.0762673049329363,0.9009088760241706,-1.179024470547907,2.5706426314293735,2.130357712771218,0.9048055324001227,0.4539749638232665,-0.8828162337175963,0.4107278176540969,-1.0289971665491795,2.356599580871432,1.1789621222856672,-1.0161329645585022,0
2.923512747736463,-1.1099901739376037,1.5251962127575889,-0.11341394411633347,2.8062840210065474,0.9048055324001227,2.4413740852880284,-1.461440576166749,-0.34120603631519225,2.2964660716324943,2.6146050665171567,1.258330251668255,-1.0161329645585022,1
1.5679200392508204,-1.1099901739376037,-0.502969299721533,2.540984547721686,1.2854498274770565,-1.177851894974348,-0.7257958293968509,0.853056793629862,0.001192415045823164,-1.3730106049817663,1.582583123934258,1.1591200899400202,-1.0161329645585022,0
1.7373691278115257,-1.1099901739376037,0.8491410419312149,2.5423584845068667,1.6234129815947211,-1.177851894974348,2.4413740852880284,0.853056793629862,-1.0427871768490378,-0.45564143582820127,1.8405886095799828,0.14717644031202531,0.9841231756854657,0
3.77075819053999,-1.1099901739376037,-1.179024470547907,2.5420426369700437,4.327118214536038,0.9048055324001227,-0.4090788379283631,0.853056793629862,-0.005521280078902488,-1.2583394588375707,2.356599580871432,0.8614896047553159,-1.0161329645585022,0
1.5679200392508204,0.9009088760241706,-1.179024470547907,2.5431796881026068,1.6234129815947211,-1.177851894974348,-0.5674373336626071,-1.461440576166749,-1.8752853723150364,-1.3730106049817663,2.098594095225707,-0.11076998018138517,-1.0161329645585022,0
1.906818216372231,-1.1099901739376037,-1.179024470547907,2.546417125355043,2.2993392898300504,-1.177851894974348,-0.7574675285436998,0.853056793629862,-1.1804179269059165,-1.3730106049817663,1.8405886095799828,1.1194360252487263,-1.0161329645585022,0
1.398470950690115,-1.1099901739376037,-1.179024470547907,2.54636974822452,1.6234129815947211,-1.177851894974348,0.6994306322113446,0.2744324511807092,-1.1804179269059165,-0.9143260204049839,2.356599580871432,-0.2893482712922078,0.9841231756854657,0
1.5679200392508204,0.9009088760241706,0.8491410419312149,2.544032476452029,1.6234129815947211,-1.177851894974348,2.4413740852880284,-0.8828162337175963,1.5319149034833046,-0.45564143582820127,2.098594095225707,-1.0631875327724392,-1.0161329645585022,0
1.398470950690115,-1.1099901739376037,-0.502969299721533,2.5408424163301158,1.7923945586535535,0.21058638994196582,2.4413740852880284,-0.3041918912684436,1.407711543675877,-0.45564143582820127,1.8405886095799828,1.4765926074703717,0.9841231756854657,0
2.2457163934936415,0.9009088760241706,0.8491410419312149,2.5519444572494474,2.4683208668888827,-1.177851894974348,-1.359229812333827,1.4316811360790147,-0.21028898138303903,-1.6023528972701577,1.8405886095799828,-0.4282424977117365,-1.0161329645585022,0
1.5679200392508204,0.9009088760241706,0.8491410419312149,2.545564337005621,1.4544314045358888,-1.177851894974348,2.4413740852880284,-0.3041918912684436,-0.0860856215756121,-0.45564143582820127,1.3245776382885335,0.5241750548793175,-1.0161329645585022,0
1.906818216372231,-1.1099901739376037,0.8491410419312149,2.5443009468583284,2.130357712771218,-1.177851894974348,1.3328646151483206,-0.8828162337175963,-0.005521280078902488,-0.7996548742607882,1.8405886095799828,-0.8449251769703227,0.9841231756854657,0
2.2457163934936415,0.9009088760241706,0.8491410419312149,0.014077914122303456,2.130357712771218,0.9048055324001227,2.4413740852880284,-0.8828162337175963,2.1999275683935204,1.952452633199907,2.356599580871432,1.8337491896920168,-1.0161329645585022,1
1.7373691278115257,-1.1099901739376037,0.8491410419312149,2.541253018127986,1.9613761357123858,-1.177851894974348,1.6495816066168083,0.853056793629862,0.15896425047687956,-0.6849837281165926,2.356599580871432,0.40512286080543575,-1.0161329645585022,0
3.262410924857874,0.9009088760241706,-1.179024470547907,-0.18986484040436039,3.4822103292418767,0.9048055324001227,2.4413740852880284,0.2744324511807092,0.001192415045823164,2.640479510065081,1.8405886095799828,0.5043330225336705,-1.0161329645585022,1
2.754063659175758,0.9009088760241706,0.8491410419312149,0.11942886002964236,2.4683208668888827,0.9048055324001227,2.4413740852880284,-0.3041918912684436,2.820944367430657,1.7231103409115156,2.872610552162881,-0.5472946917856183,-1.0161329645585022,1
1.7373691278115257,-1.1099901739376037,0.8491410419312149,2.3939417269537007,1.7923945586535535,-1.177851894974348,-0.6307807319563046,-0.3041918912684436,-1.0427871768490378,-1.3730106049817663,2.098594095225707,0.5638591195706114,0.9841231756854657,0
1.5679200392508204,0.9009088760241706,0.8491410419312149,2.4006376947343497,1.4544314045358888,-1.177851894974348,2.5363891827285747,-1.461440576166749,-1.6839450612603513,-0.34097028968400567,2.872610552162881,-0.24966420660091387,0.9841231756854657,0
3.0929618362971683,-1.1099901739376037,-1.179024470547907,2.3885881112045495,2.637302443947715,-1.177851894974348,2.4413740852880284,1.4316811360790147,1.2700807936189982,-0.34097028968400567,2.098594095225707,0.6432272489531993,0.9841231756854657,0
1.398470950690115,-1.1099901739376037,0.17308587110484092,2.3882090941603615,1.2854498274770565,-0.4836327525161911,1.6495816066168083,1.4316811360790147,0.15896425047687956,-0.570312581972397,2.872610552162881,1.0995939929030794,-1.0161329645585022,0
1.398470950690115,0.9009088760241706,-1.179024470547907,0.06556106262446577,0.9474866733593919,0.9048055324001227,2.4413740852880284,-0.3041918912684436,1.2029438423717405,1.8377814870557112,1.582583123934258,-0.8449251769703227,-1.0161329645585022,1
2.754063659175758,-1.1099901739376037,-1.179024470547907,2.363051837852403,3.4822103292418767,-1.177851894974348,-0.2507203421941191,0.853056793629862,0.7229146409538463,-1.2583394588375707,2.356599580871432,0.305912699077201,-1.0161329645585022,0
1.398470950690115,0.9009088760241706,0.8491410419312149,-0.9746670075255126,1.4544314045358888,0.21058638994196582,-0.4090788379283631,-1.461440576166749,-1.8752853723150364,2.7551506562092767,2.6146050665171567,1.2186461869769611,-1.0161329645585022,1
1.398470950690115,-1.1099901739376037,-0.502969299721533,2.0554163369867218,0.9474866733593919,0.9048055324001227,1.6495816066168083,1.4316811360790147,2.02537149515065,-0.45564143582820127,2.6146050665171567,1.0400678958661385,-1.0161329645585022,1
1.5679200392508204,0.9009088760241706,0.8491410419312149,2.2729879127273014,2.130357712771218,0.21058638994196582,-1.042512820865339,1.4316811360790147,-1.5496711587658354,-1.487681751125962,2.872610552162881,0.8416475724096689,0.9841231756854657,0
3.0929618362971683,-1.1099901739376037,0.8491410419312149,2.2679659368918146,3.144247175124212,-1.177851894974348,1.6495816066168083,1.4316811360790147,0.11868207972852446,-0.570312581972397,2.356599580871432,1.4964346398160184,0.9841231756854657,0
2.5846145706150523,-1.1099901739376037,-1.179024470547907,2.161414770344548,2.2993392898300504,-1.177851894974348,-0.5674373336626071,-0.3041918912684436,1.0955247203761276,-1.2583394588375707,2.872610552162881,0.6035431842619053,0.9841231756854657,0
2.415165482054347,0.9009088760241706,0.17308587110484092,-0.9761672833254222,2.2993392898300504,0.21058638994196582,-0.963333572998217,0.2744324511807092,0.001192415045823164,0.5763988794695595,1.3245776382885335,-1.2616078562289088,-1.0161329645585022,1
1.398470950690115,0.9009088760241706,-0.502969299721533,0.3500607314178566,1.2854498274770565,0.9048055324001227,2.4413740852880284,-0.8828162337175963,0.6255660616453219,1.1497546101905376,1.3245776382885335,-0.30919030363785477,0.9841231756854657,0
1.398470950690115,0.9009088760241706,-0.502969299721533,0.36762185446521994,1.4544314045358888,0.9048055324001227,2.4413740852880284,-0.8828162337175963,0.2865244578466693,1.1497546101905376,1.3245776382885335,1.9131173190746047,-1.0161329645585022,0
1.398470950690115,-1.1099901739376037,0.8491410419312149,2.1622833510708115,1.1164682504182242,0.9048055324001227,2.2830155895537843,-0.8828162337175963,-0.34120603631519225,-0.34097028968400567,2.356599580871432,-1.3409759856114967,0.9841231756854657,0
2.923512747736463,-1.1099901739376037,-1.179024470547907,2.1653786569316775,3.144247175124212,-1.177851894974348,0.06599664927436881,0.2744324511807092,-1.6839450612603513,-1.0289971665491795,1.3245776382885335,1.4964346398160184,-1.0161329645585022,0
3.601309101979284,0.9009088760241706,-1.179024470547907,1.4593488654942017,3.144247175124212,-1.177851894974348,2.2830155895537843,0.2744324511807092,0.001192415045823164,0.003043148748581378,2.098594095225707,-0.8250831446246757,-1.0161329645585022,1
1.906818216372231,-1.1099901739376037,-1.179024470547907,0.23411310065010332,1.7923945586535535,0.9048055324001227,2.4413740852880284,-0.3041918912684436,1.6829730437896346,1.379096902478929,2.872610552162881,0.5440170872249644,-1.0161329645585022,1
2.923512747736463,0.9009088760241706,0.8491410419312149,0.3289147388275513,2.8062840210065474,0.9048055324001227,2.4413740852880284,-0.8828162337175963,0.6255660616453219,1.2644257563347332,2.098594095225707,1.1194360252487263,-1.0161329645585022,1
1.398470950690115,0.9009088760241706,-1.179024470547907,2.0724089344678034,1.2854498274770565,-1.177851894974348,0.35104194159600793,0.2744324511807092,-1.173704231781191,-0.9143260204049839,1.3245776382885335,-0.7258729828964409,0.9841231756854657,0
1.7373691278115257,0.9009088760241706,-1.179024470547907,2.067244827240746,1.4544314045358888,-1.177851894974348,1.8079401023510524,-0.8828162337175963,-0.34120603631519225,-0.45564143582820127,2.098594095225707,-0.8449251769703227,-1.0161329645585022,0
1.5679200392508204,0.9009088760241706,0.8491410419312149,0.5966744881693188,2.2993392898300504,0.9048055324001227,2.4413740852880284,-0.3041918912684436,2.820944367430657,0.8057411717579506,1.3245776382885335,1.298014316359549,0.9841231756854657,0
1.5679200392508204,0.9009088760241706,0.8491410419312149,0.4206842406514977,1.7923945586535535,0.9048055324001227,2.4413740852880284,0.853056793629862,2.9048655564897294,1.035083464046342,1.582583123934258,-0.13061201252703214,-1.0161329645585022,1
1.398470950690115,0.9009088760241706,-0.502969299721533,-0.9641334921724629,1.6234129815947211,0.21058638994196582,-0.7257958293968509,0.853056793629862,0.9780350556934264,1.4937680486231246,2.356599580871432,0.801963507718375,-1.0161329645585022,1
1.5679200392508204,0.9009088760241706,-1.179024470547907,-0.9590167620759289,1.7923945586535535,0.21058638994196582,-0.7257958293968509,1.4316811360790147,-1.0964967378468442,1.379096902478929,1.8405886095799828,1.0599099282117854,-1.0161329645585022,1
3.262410924857874,-1.1099901739376037,0.8491410419312149,0.45725938541561056,3.4822103292418767,0.9048055324001227,2.4413740852880284,1.4316811360790147,1.5587696839822078,1.035083464046342,2.872610552162881,-0.051243883144444294,-1.0161329645585022,1
1.5679200392508204,0.9009088760241706,1.5251962127575889,2.0709086586678938,1.1164682504182242,0.9048055324001227,0.8577891279455886,-0.3041918912684436,-0.41841353024953903,-0.7996548742607882,2.872610552162881,1.4964346398160184,-1.0161329645585022,0
1.5679200392508204,0.9009088760241706,-1.179024470547907,2.072535273482533,1.6234129815947211,-1.177851894974348,-0.4882580857954851,0.2744324511807092,0.7866947446387411,-1.2583394588375707,2.872610552162881,1.317856348705196,0.9841231756854657,0
1.5679200392508204,-1.1099901739376037,1.5251962127575889,0.5362054772445398,1.7923945586535535,0.9048055324001227,2.4413740852880284,-0.3041918912684436,0.7061304031420315,0.9204123179021463,2.6146050665171567,2.1512217072223683,-1.0161329645585022,1
2.754063659175758,-1.1099901739376037,0.8491410419312149,2.011971508296707,3.144247175124212,-1.177851894974348,2.4413740852880284,1.4316811360790147,-0.4654093961226198,-0.2262991435398101,1.3245776382885335,-0.6465048535138531,0.9841231756854657,0
2.2457163934936415,-1.1099901739376037,0.8491410419312149,1.9984058565901555,1.4544314045358888,-1.177851894974348,2.4413740852880284,-0.3041918912684436,0.03811773823181484,-0.2262991435398101,2.098594095225707,0.26622863438590705,-1.0161329645585022,0
1.5679200392508204,0.9009088760241706,-1.179024470547907,1.9761543976209692,1.4544314045358888,-1.177851894974348,2.4413740852880284,-0.3041918912684436,1.8273174889712391,-0.2262991435398101,1.8405886095799828,0.38528082845978884,0.9841231756854657,0
1.5679200392508204,0.9009088760241706,1.5251962127575889,0.8401455619293913,1.7923945586535535,0.9048055324001227,2.4413740852880284,-0.8828162337175963,-0.005521280078902488,0.5763988794695595,1.582583123934258,0.9606997664835506,0.9841231756854657,0
2.0762673049329363,0.9009088760241706,0.8491410419312149,0.6108086654421517,1.7923945586535535,0.9048055324001227,2.4413740852880284,-1.461440576166749,2.6967410076232294,0.8057411717579506,2.6146050665171567,-0.9639773710442044,-1.0161329645585022,1
3.0929618362971683,-1.1099901739376037,1.5251962127575889,1.9729801298758973,2.637302443947715,-1.177851894974348,-0.3774071387815143,-0.3041918912684436,-0.3680608168140954,-1.143668312693375,1.582583123934258,1.1591200899400202,0.9841231756854657,0
1.906818216372231,0.9009088760241706,-1.179024470547907,1.9763281137662219,1.4544314045358888,-1.177851894974348,3.549883555427736,0.2744324511807092,-1.1804179269059165,0.23238544103697253,1.8405886095799828,0.286070666731554,0.9841231756854657,0
1.906818216372231,-1.1099901739376037,0.8491410419312149,1.9788391016839655,1.2854498274770565,0.9048055324001227,1.1745061194140765,-1.461440576166749,0.665848232393677,-0.6849837281165926,2.098594095225707,0.14717644031202531,-1.0161329645585022,0
1.5679200392508204,0.9009088760241706,-1.179024470547907,0.9127431182681767,1.7923945586535535,0.9048055324001227,2.4413740852880284,1.4316811360790147,0.001192415045823164,0.4617277333253637,1.8405886095799828,-0.5076106270943244,-1.0161329645585022,0
1.398470950690115,0.9009088760241706,-0.502969299721533,0.7054681722280293,1.2854498274770565,0.9048055324001227,2.4413740852880284,1.4316811360790147,0.5114332445249834,0.6910700256137552,2.356599580871432,-2.0552891500547874,-1.0161329645585022,1
1.7373691278115257,-1.1099901739376037,0.8491410419312149,1.1127535709613932,2.130357712771218,0.9048055324001227,2.4413740852880284,-0.8828162337175963,0.6893461653302174,0.3470565871811683,1.8405886095799828,1.734539027963782,-1.0161329645585022,0
1.906818216372231,-1.1099901739376037,0.8491410419312149,0.6526742564480512,1.9613761357123858,0.9048055324001227,2.4413740852880284,0.2744324511807092,1.575553921794022,0.8057411717579506,2.6146050665171567,-1.202081759191968,-1.0161329645585022,1
2.0762673049329363,0.9009088760241706,-1.179024470547907,-0.9503467471901353,1.9613761357123858,0.21058638994196582,-0.8841543251310949,-0.8828162337175963,1.575553921794022,0.6910700256137552,1.8405886095799828,0.7622794430270811,-1.0161329645585022,1
1.398470950690115,0.9009088760241706,-1.179024470547907,1.1582829933944403,0.7785050963005594,0.9048055324001227,2.4413740852880284,-1.461440576166749,1.2029438423717405,0.23238544103697253,1.3245776382885335,-0.30919030363785477,-1.0161329645585022,1
1.398470950690115,0.9009088760241706,-0.502969299721533,1.5005353842959317,1.4544314045358888,0.9048055324001227,2.4413740852880284,0.2744324511807092,0.001192415045823164,0.003043148748581378,2.356599580871432,-1.202081759191968,0.9841231756854657,0
3.262410924857874,0.9009088760241706,-1.179024470547907,1.877325703349027,3.4822103292418767,-1.177851894974348,1.6179099074699597,-0.3041918912684436,1.5587696839822078,-0.45564143582820127,2.6146050665171567,0.6432272489531993,-1.0161329645585022,0
2.0762673049329363,-1.1099901739376037,-1.179024470547907,1.7511288200113646,2.2993392898300504,0.9048055324001227,2.4413740852880284,-0.3041918912684436,1.9515208487786668,-0.11162799739561437,2.6146050665171567,-1.3012919209202027,-1.0161329645585022,1
1.7373691278115257,-1.1099901739376037,-0.502969299721533,-0.9359756842646851,2.130357712771218,0.21058638994196582,-1.2008713165995828,1.4316811360790147,0.7464125738903866,-0.45564143582820127,1.3245776382885335,-0.5869787564769122,-1.0161329645585022,0
1.398470950690115,0.9009088760241706,-1.179024470547907,6.9009913231580295,2.130357712771218,0.9048055324001227,2.4413740852880284,1.4316811360790147,0.9377528849450718,-1.0289971665491795,2.6146050665171567,0.6035431842619053,-1.0161329645585022,0
3.431860013418579,-1.1099901739376037,0.8491410419312149,-0.9311905940818155,3.4822103292418767,0.21058638994196582,-0.9950052721450657,-0.3041918912684436,-0.005521280078902488,0.23238544103697253,2.098594095225707,0.7027533459901402,-1.0161329645585022,1
1.5679200392508204,0.9009088760241706,-1.179024470547907,1.7840243409714887,1.6234129815947211,-1.177851894974348,2.2830155895537843,0.853056793629862,-1.4993184453303918,-0.2262991435398101,2.356599580871432,1.2186461869769611,0.9841231756854657,0
1.7373691278115257,-1.1099901739376037,-1.179024470547907,0.40192289696420663,0.9474866733593919,0.9048055324001227,2.3226052134873454,-0.3041918912684436,0.001192415045823164,1.035083464046342,1.582583123934258,0.9011736694466097,0.9841231756854657,0
1.5679200392508204,0.9009088760241706,0.8491410419312149,0.20276523262041246,0.9474866733593919,0.9048055324001227,2.3226052134873454,-1.461440576166749,1.5587696839822078,1.379096902478929,1.8405886095799828,-1.3012919209202027,-1.0161329645585022,1
2.415165482054347,-1.1099901739376037,0.8491410419312149,0.053464101964141746,2.130357712771218,0.9048055324001227,2.3226052134873454,0.2744324511807092,1.5352717510456675,1.7231103409115156,2.098594095225707,-0.6266628211682062,-1.0161329645585022,1
1.398470950690115,0.9009088760241706,-1.179024470547907,1.5592040642608191,1.4544314045358888,-1.177851894974348,0.06599664927436881,-1.461440576166749,1.0418151593783211,-0.9143260204049839,1.8405886095799828,-0.38855843302044263,-1.0161329645585022,1
1.906818216372231,0.9009088760241706,-0.502969299721533,0.23117571855764865,2.2993392898300504,0.9048055324001227,2.3226052134873454,0.2744324511807092,1.676259348664909,1.379096902478929,1.8405886095799828,-0.6266628211682062,-1.0161329645585022,1
1.398470950690115,-1.1099901739376037,-1.179024470547907,-0.9235786684443792,0.9474866733593919,-1.177851894974348,-1.042512820865339,0.2744324511807092,-1.8752853723150364,0.003043148748581378,1.3245776382885335,0.028124246238143545,-1.0161329645585022,1
2.0762673049329363,-1.1099901739376037,-1.179024470547907,1.1245978535922587,1.6234129815947211,0.9048055324001227,2.3226052134873454,-1.461440576166749,0.001192415045823164,0.23238544103697253,2.872610552162881,0.40512286080543575,0.9841231756854657,0
3.77075819053999,-1.1099901739376037,0.8491410419312149,0.9912944006760771,3.3132287521830444,0.9048055324001227,2.3226052134873454,-0.8828162337175963,0.9780350556934264,0.3470565871811683,1.582583123934258,-0.051243883144444294,-1.0161329645585022,1
1.398470950690115,0.9009088760241706,-1.179024470547907,1.3103793747515953,0.6095235192417271,0.9048055324001227,2.3226052134873454,-1.461440576166749,0.6255660616453219,0.1177142948927768,2.356599580871432,-1.142555662155027,-1.0161329645585022,0
2.0762673049329363,0.9009088760241706,-1.179024470547907,-0.39101234423014,2.130357712771218,0.9048055324001227,2.2830155895537843,-0.8828162337175963,-0.11965409719924096,3.4431775330744507,1.3245776382885335,-0.22982217425526694,-1.0161329645585022,1
1.7373691278115257,-1.1099901739376037,-1.179024470547907,-0.9236418379517438,1.4544314045358888,-1.177851894974348,-0.8247698892307535,-0.8828162337175963,-1.173704231781191,0.6910700256137552,2.872610552162881,-2.094973214746081,-1.0161329645585022,1
1.7373691278115257,0.9009088760241706,-1.179024470547907,-0.9151771239648852,1.6234129815947211,0.21058638994196582,-1.359229812333827,-0.3041918912684436,1.7736079279734327,-1.0289971665491795,1.3245776382885335,-0.09092794783573821,-1.0161329645585022,0
1.906818216372231,0.9009088760241706,-1.179024470547907,-0.20235661048571327,1.2854498274770565,0.9048055324001227,2.2830155895537843,-1.461440576166749,0.5114332445249834,2.525808363920885,2.356599580871432,-0.8052411122790287,-1.0161329645585022,1
1.7373691278115257,-1.1099901739376037,-0.502969299721533,-0.11076082480701958,1.7923945586535535,0.9048055324001227,2.2830155895537843,0.853056793629862,0.954537122756886,2.1817949254882985,2.6146050665171567,0.5043330225336705,-1.0161329645585022,1
1.398470950690115,-1.1099901739376037,-1.179024470547907,-0.9081337238937305,1.6234129815947211,0.21058638994196582,-0.5872321456293875,-0.3041918912684436,-1.0427871768490378,1.379096902478929,1.582583123934258,1.1194360252487263,-1.0161329645585022,1
1.906818216372231,0.9009088760241706,0.8491410419312149,-0.9068071642390735,1.7923945586535535,0.21058638994196582,-0.8881132875244511,-1.461440576166749,0.3234497810326616,0.4617277333253637,2.356599580871432,-0.7060309505507939,-1.0161329645585022,1
1.7373691278115257,0.9009088760241706,1.5251962127575889,-0.9138663566870694,1.9613761357123858,0.21058638994196582,-1.0741845200121878,0.2744324511807092,0.001192415045823164,-0.11162799739561437,2.6146050665171567,0.8813316371009629,-1.0161329645585022,1
1.906818216372231,0.9009088760241706,1.5251962127575889,-0.9034118032182255,1.9613761357123858,0.21058638994196582,-0.8247698892307535,0.2744324511807092,-1.8752853723150364,0.5763988794695595,2.872610552162881,0.14717644031202531,-1.0161329645585022,1
1.398470950690115,0.9009088760241706,-1.179024470547907,0.13005712964373906,1.4544314045358888,0.9048055324001227,2.2830155895537843,-0.3041918912684436,1.0351014642535956,1.4937680486231246,1.582583123934258,0.8614896047553159,-1.0161329645585022,1
1.906818216372231,0.9009088760241706,0.8491410419312149,0.02696449362468519,1.9613761357123858,0.9048055324001227,2.2830155895537843,1.4316811360790147,1.4446368668618692,1.7231103409115156,1.3245776382885335,1.5162766721616654,-1.0161329645585022,1
1.398470950690115,0.9009088760241706,1.5251962127575889,0.24322530208744922,1.1164682504182242,0.9048055324001227,2.2830155895537843,0.2744324511807092,0.03811773823181484,1.2644257563347332,1.582583123934258,1.298014316359549,-1.0161329645585022,0
1.7373691278115257,0.9009088760241706,0.8491410419312149,0.2931450052823373,1.9613761357123858,0.9048055324001227,2.2830155895537843,-0.3041918912684436,-0.8447331706696268,1.1497546101905376,1.8405886095799828,-1.3608180179571436,0.9841231756854657,0
2.5846145706150523,-1.1099901739376037,-1.179024470547907,0.6032757016889212,3.144247175124212,0.9048055324001227,2.2830155895537843,1.4316811360790147,-0.005521280078902488,0.6910700256137552,1.3245776382885335,1.734539027963782,-1.0161329645585022,0
1.398470950690115,0.9009088760241706,-1.179024470547907,0.6596071098813179,1.2854498274770565,0.9048055324001227,2.2830155895537843,-0.3041918912684436,0.3301634761573873,0.6910700256137552,1.3245776382885335,0.10749237562073138,0.9841231756854657,0
3.262410924857874,-1.1099901739376037,-0.502969299721533,-0.9007428915320703,3.4822103292418767,-1.177851894974348,-1.042512820865339,0.853056793629862,-1.8752853723150364,-0.11162799739561437,1.582583123934258,0.9011736694466097,-1.0161329645585022,1
3.431860013418579,-1.1099901739376037,-1.179024470547907,1.2169990504898514,3.144247175124212,0.9048055324001227,2.2830155895537843,-0.8828162337175963,-0.3680608168140954,0.1177142948927768,2.356599580871432,0.3455967637684949,-1.0161329645585022,0
2.2457163934936415,0.9009088760241706,0.17308587110484092,-0.1107924095607019,1.9613761357123858,0.9048055324001227,2.2513438904069356,-0.3041918912684436,-1.3751150855229646,2.1817949254882985,2.356599580871432,2.429010160061426,-1.0161329645585022,1
1.5679200392508204,0.9009088760241706,0.8491410419312149,-0.5150930490710877,1.1164682504182242,0.9048055324001227,2.2038363416866624,-0.8828162337175963,0.001192415045823164,4.131204409939624,2.6146050665171567,-2.4521297969677263,-1.0161329645585022,1
1.906818216372231,0.9009088760241706,0.8491410419312149,-0.0354311872747146,1.6234129815947211,0.9048055324001227,2.2038363416866624,-0.8828162337175963,1.092167872813765,1.8377814870557112,1.8405886095799828,0.7225953783357871,-1.0161329645585022,1
1.5679200392508204,-1.1099901739376037,-1.179024470547907,-0.9039961211613481,1.4544314045358888,0.21058638994196582,-1.2800505644667048,0.853056793629862,0.8269769153870962,-0.7996548742607882,1.8405886095799828,-0.6266628211682062,0.9841231756854657,0
2.0762673049329363,-1.1099901739376037,-1.179024470547907,0.328472552275999,1.9613761357123858,0.9048055324001227,2.12465709381954,-0.3041918912684436,0.4543668359648142,1.035083464046342,1.3245776382885335,0.6233852166075523,-1.0161329645585022,1
2.415165482054347,0.9009088760241706,0.8491410419312149,0.02421662005432438,2.130357712771218,0.9048055324001227,2.029641996378994,0.2744324511807092,1.0418151593783211,1.6084391947673204,1.3245776382885335,1.5758027691986063,-1.0161329645585022,1
1.7373691278115257,-1.1099901739376037,-0.502969299721533,0.32452445806571045,1.7923945586535535,0.9048055324001227,2.005888222018857,-0.3041918912684436,3.018998373610068,0.9204123179021463,1.582583123934258,-0.07108591549009124,-1.0161329645585022,1
3.262410924857874,0.9009088760241706,1.5251962127575889,-0.5202413639213038,3.651191906300709,0.9048055324001227,1.9662985980852963,0.2744324511807092,2.609462971001795,3.7871909715070364,2.872610552162881,0.5638591195706114,-1.0161329645585022,1
1.7373691278115257,0.9009088760241706,0.8491410419312149,-0.18427433900259185,1.6234129815947211,0.9048055324001227,1.9662985980852963,-0.3041918912684436,-0.0860856215756121,2.0671237793441026,2.356599580871432,-0.15045404487267908,-1.0161329645585022,1
2.5846145706150523,-1.1099901739376037,1.5251962127575889,0.11816546988235004,1.9613761357123858,0.9048055324001227,1.9662985980852963,-0.8828162337175963,-0.12972463988633004,1.2644257563347332,1.3245776382885335,1.317856348705196,-1.0161329645585022,1
2.415165482054347,0.9009088760241706,0.17308587110484092,0.3102797341549895,2.130357712771218,0.9048055324001227,1.9662985980852963,-1.461440576166749,-0.005521280078902488,0.9204123179021463,1.582583123934258,-0.4877685947486774,0.9841231756854657,0
3.0929618362971683,0.9009088760241706,-1.179024470547907,0.4724674443136419,3.3132287521830444,0.9048055324001227,1.9662985980852963,-0.3041918912684436,2.6128198185641573,0.6910700256137552,2.6146050665171567,0.18686050500331922,-1.0161329645585022,1
1.906818216372231,-1.1099901739376037,-1.179024470547907,1.009108201752899,1.6234129815947211,0.9048055324001227,1.9662985980852963,-1.461440576166749,0.16232109803924238,0.1177142948927768,1.582583123934258,1.1988041546313142,-1.0161329645585022,0
2.0762673049329363,0.9009088760241706,0.8491410419312149,1.913300737793176,1.9613761357123858,0.9048055324001227,1.9662985980852963,1.4316811360790147,-0.005521280078902488,-0.34097028968400567,1.8405886095799828,-0.8250831446246757,-1.0161329645585022,0
3.431860013418579,0.9009088760241706,1.5251962127575889,-0.8850294765751221,3.8201734833595413,0.21058638994196582,-0.4090788379283631,-0.8828162337175963,0.001192415045823164,1.7231103409115156,1.582583123934258,2.27027390129625,-1.0161329645585022,1
1.5679200392508204,-1.1099901739376037,-0.502969299721533,-0.4875827286137972,1.9613761357123858,0.9048055324001227,1.8475297262846133,1.4316811360790147,0.665848232393677,3.328506386930255,2.6146050665171567,0.4249648931510827,-1.0161329645585022,1
1.398470950690115,0.9009088760241706,-1.179024470547907,-0.44824391790248236,1.1164682504182242,0.9048055324001227,1.8079401023510524,-0.8828162337175963,-1.1804179269059165,3.0991640946418633,1.3245776382885335,0.9606997664835506,-1.0161329645585022,1
1.906818216372231,-1.1099901739376037,0.8491410419312149,-0.1458356937712228,1.9613761357123858,0.9048055324001227,1.8079401023510524,-0.8828162337175963,-0.059230841076708896,1.8377814870557112,2.6146050665171567,0.4249648931510827,-1.0161329645585022,1
1.398470950690115,-1.1099901739376037,1.5251962127575889,-0.12707435008393175,1.4544314045358888,0.9048055324001227,1.8079401023510524,0.2744324511807092,1.0418151593783211,1.7231103409115156,2.6146050665171567,-1.12271362980938,-1.0161329645585022,1
1.398470950690115,-1.1099901739376037,0.8491410419312149,0.26659801981235726,1.4544314045358888,0.9048055324001227,1.8079401023510524,1.4316811360790147,0.11868207972852446,0.9204123179021463,1.582583123934258,1.1789621222856672,-1.0161329645585022,0
1.5679200392508204,-1.1099901739376037,0.8491410419312149,0.4984459042173404,1.4544314045358888,0.9048055324001227,1.8079401023510524,1.4316811360790147,0.20931696391232313,0.5763988794695595,2.356599580871432,0.782121475372728,-1.0161329645585022,0
1.906818216372231,-1.1099901739376037,-1.179024470547907,0.8388505870284166,2.130357712771218,0.9048055324001227,1.8079401023510524,0.2744324511807092,0.03476089066945202,0.23238544103697253,2.6146050665171567,1.238488219322608,-1.0161329645585022,0
1.906818216372231,0.9009088760241706,-1.179024470547907,-0.8736589652494912,2.637302443947715,-1.177851894974348,-0.5674373336626071,0.2744324511807092,0.04483143335654109,1.1497546101905376,1.8405886095799828,-1.3409759856114967,-1.0161329645585022,1
1.7373691278115257,0.9009088760241706,1.5251962127575889,2.5423268997531845,1.6234129815947211,0.9048055324001227,1.8079401023510524,-0.3041918912684436,-0.21364582894540246,-0.570312581972397,1.3245776382885335,-1.3211339532658497,-1.0161329645585022,0
1.906818216372231,-1.1099901739376037,-1.179024470547907,-0.3382973903343676,1.7923945586535535,0.9048055324001227,1.7287608544839304,0.2744324511807092,1.2029438423717405,2.411137217776689,2.6146050665171567,0.4249648931510827,-1.0161329645585022,1
1.398470950690115,0.9009088760241706,-1.179024470547907,0.08159032511823718,1.7923945586535535,0.9048055324001227,1.712925004910506,1.4316811360790147,-0.21364582894540246,1.1497546101905376,2.098594095225707,1.0400678958661385,-1.0161329645585022,0
1.5679200392508204,0.9009088760241706,-0.502969299721533,0.0799952950572806,1.6234129815947211,0.9048055324001227,1.712925004910506,0.2744324511807092,0.6893461653302174,1.1497546101905376,1.3245776382885335,1.4369085427790778,0.9841231756854657,0
1.398470950690115,-1.1099901739376037,-0.502969299721533,-0.5275216496450759,0.9474866733593919,0.9048055324001227,1.6495816066168083,1.4316811360790147,0.4711510737766289,3.328506386930255,2.6146050665171567,0.7225953783357871,-1.0161329645585022,1
1.5679200392508204,0.9009088760241706,-1.179024470547907,-0.8642782934058456,1.7923945586535535,0.21058638994196582,-1.042512820865339,1.4316811360790147,0.5651428055227898,-0.2262991435398101,2.872610552162881,0.821805540064022,0.9841231756854657,0
3.431860013418579,-1.1099901739376037,0.8491410419312149,-0.49121497528726266,3.144247175124212,0.9048055324001227,1.6495816066168083,1.4316811360790147,-1.1804179269059165,3.0991640946418633,1.582583123934258,1.0797519605574324,-1.0161329645585022,1
2.923512747736463,0.9009088760241706,0.17308587110484092,-0.5486992269890635,3.3132287521830444,0.9048055324001227,1.6495816066168083,-0.3041918912684436,0.23617174441122635,3.4431775330744507,2.356599580871432,-1.0631875327724392,-1.0161329645585022,1
1.398470950690115,0.9009088760241706,-0.502969299721533,-0.3992717573180636,1.7923945586535535,0.9048055324001227,1.6495816066168083,0.2744324511807092,0.11868207972852446,2.640479510065081,2.098594095225707,0.305912699077201,-1.0161329645585022,1
1.398470950690115,0.9009088760241706,1.5251962127575889,-0.3364496822439526,1.4544314045358888,0.9048055324001227,1.6495816066168083,0.2744324511807092,0.8739727812601764,2.2964660716324943,2.098594095225707,-2.571181991041608,-1.0161329645585022,1
1.5679200392508204,0.9009088760241706,0.8491410419312149,-0.4563611995988356,1.6234129815947211,0.9048055324001227,1.6495816066168083,0.853056793629862,1.088811025251402,2.869821802353472,2.872610552162881,-0.011559818453150373,-1.0161329645585022,1
3.77075819053999,-1.1099901739376037,-0.502969299721533,-0.41433768482452454,3.4822103292418767,0.9048055324001227,1.6495816066168083,0.2744324511807092,3.018998373610068,2.640479510065081,1.3245776382885335,-0.7853990799333818,-1.0161329645585022,1
1.7373691278115257,-1.1099901739376037,1.5251962127575889,-0.2971424562863201,1.4544314045358888,0.9048055324001227,1.6495816066168083,0.2744324511807092,0.954537122756886,2.1817949254882985,2.098594095225707,1.0003838311748445,-1.0161329645585022,1
2.0762673049329363,0.9009088760241706,-1.179024470547907,-0.3066020900141714,1.9613761357123858,0.9048055324001227,1.6495816066168083,-1.461440576166749,0.001192415045823164,2.1817949254882985,2.872610552162881,0.32575473142284794,-1.0161329645585022,1
1.5679200392508204,-1.1099901739376037,-1.179024470547907,-0.3907280814469992,1.4544314045358888,0.9048055324001227,1.6495816066168083,-0.3041918912684436,0.5114332445249834,2.525808363920885,2.098594095225707,-0.07108591549009124,-1.0161329645585022,1
2.5846145706150523,-1.1099901739376037,-1.179024470547907,-0.863393920302741,2.2993392898300504,0.21058638994196582,-0.7257958293968509,-0.8828162337175963,-1.2979075915886182,0.6910700256137552,2.356599580871432,1.4170665104334308,-1.0161329645585022,0
2.0762673049329363,0.9009088760241706,-0.502969299721533,-0.37695712884151283,2.4683208668888827,0.9048055324001227,1.6495816066168083,-1.461440576166749,1.2096575374964662,2.525808363920885,1.3245776382885335,1.4170665104334308,-1.0161329645585022,1
1.398470950690115,0.9009088760241706,-1.179024470547907,-0.8650994970015856,1.2854498274770565,-1.177851894974348,-0.8999901747045194,0.2744324511807092,-1.6839450612603513,0.23238544103697253,1.582583123934258,-0.6266628211682062,-1.0161329645585022,0
1.906818216372231,0.9009088760241706,-0.502969299721533,-0.06316260100778118,1.2854498274770565,0.9048055324001227,1.6495816066168083,0.853056793629862,0.561785957960427,1.379096902478929,1.8405886095799828,1.278172284013902,-1.0161329645585022,1
1.7373691278115257,0.9009088760241706,-1.179024470547907,-0.02600313830054561,1.4544314045358888,0.9048055324001227,1.6495816066168083,-1.461440576166749,0.03476089066945202,1.379096902478929,1.8405886095799828,1.1988041546313142,-1.0161329645585022,1
1.906818216372231,-1.1099901739376037,0.8491410419312149,-0.016196072282188924,2.130357712771218,0.9048055324001227,1.6495816066168083,1.4316811360790147,-0.08944246913797492,1.2644257563347332,2.872610552162881,-0.11076998018138517,-1.0161329645585022,1
1.5679200392508204,0.9009088760241706,0.8491410419312149,-0.01444311845282082,1.1164682504182242,0.9048055324001227,1.6495816066168083,0.853056793629862,-0.25392799969375696,1.2644257563347332,2.6146050665171567,-0.11076998018138517,-1.0161329645585022,1
1.5679200392508204,0.9009088760241706,0.8491410419312149,-0.012247978071900402,1.4544314045358888,0.9048055324001227,1.6495816066168083,-0.3041918912684436,1.914595525592675,1.2644257563347332,2.872610552162881,0.0479662785837905,-1.0161329645585022,1
1.398470950690115,-1.1099901739376037,0.8491410419312149,-0.009642235893109979,1.6234129815947211,0.9048055324001227,1.6495816066168083,-0.8828162337175963,1.451350561986595,1.2644257563347332,2.356599580871432,0.40512286080543575,-1.0161329645585022,1
1.7373691278115257,0.9009088760241706,-0.502969299721533,0.01857874152203237,1.4544314045358888,0.9048055324001227,1.6495816066168083,-0.8828162337175963,1.2029438423717405,1.2644257563347332,2.098594095225707,1.4765926074703717,0.9841231756854657,0
1.7373691278115257,-1.1099901739376037,0.8491410419312149,-0.8458012125016953,1.6234129815947211,-1.177851894974348,-1.042512820865339,-0.3041918912684436,0.8135495251376443,-0.34097028968400567,2.872610552162881,1.3773824457421369,0.9841231756854657,0
1.906818216372231,-1.1099901739376037,-1.179024470547907,0.1178338299686858,1.9613761357123858,0.9048055324001227,1.6495816066168083,0.2744324511807092,0.5651428055227898,1.035083464046342,2.098594095225707,-1.5790803737592602,0.9841231756854657,0
2.0762673049329363,-1.1099901739376037,-0.502969299721533,-0.8466855856047999,1.6234129815947211,-1.177851894974348,-1.2800505644667048,-0.3041918912684436,0.03811773823181484,-0.9143260204049839,2.098594095225707,-0.8250831446246757,-1.0161329645585022,0
2.2457163934936415,0.9009088760241706,-1.179024470547907,0.1741336534074001,2.4683208668888827,0.9048055324001227,1.6495816066168083,0.853056793629862,0.04483143335654109,0.9204123179021463,1.3245776382885335,1.1194360252487263,-1.0161329645585022,0
1.906818216372231,0.9009088760241706,-0.502969299721533,-0.8373049137611545,1.9613761357123858,0.21058638994196582,-0.5674373336626071,0.2744324511807092,-1.6705176710108995,0.9204123179021463,1.582583123934258,0.14717644031202531,0.9841231756854657,0
1.398470950690115,0.9009088760241706,0.17308587110484092,0.20436026268136903,2.130357712771218,0.9048055324001227,1.6495816066168083,0.2744324511807092,0.7430557263280237,0.9204123179021463,1.582583123934258,-1.5195542767223194,0.9841231756854657,0
3.77075819053999,-1.1099901739376037,0.17308587110484092,0.2051972586539502,3.9891550604183736,0.9048055324001227,1.6495816066168083,0.853056793629862,0.3301634761573873,0.9204123179021463,2.872610552162881,1.9329593514202517,0.9841231756854657,0
1.7373691278115257,-1.1099901739376037,0.8491410419312149,-0.8361836550054325,2.130357712771218,0.21058638994196582,-0.765385453330412,-0.8828162337175963,1.417782086362966,0.4617277333253637,2.6146050665171567,-0.8647672093159696,0.9841231756854657,0
1.398470950690115,-1.1099901739376037,-1.179024470547907,-0.8388525666915875,1.4544314045358888,0.21058638994196582,-1.1850354670261585,1.4316811360790147,-0.8447331706696268,-0.6849837281165926,1.582583123934258,1.0202258635204915,-1.0161329645585022,0
2.2457163934936415,0.9009088760241706,-0.502969299721533,-0.8358046379612448,2.4683208668888827,0.21058638994196582,-0.963333572998217,-0.3041918912684436,0.8739727812601764,-0.11162799739561437,1.582583123934258,1.6551708985811941,-1.0161329645585022,0
1.398470950690115,0.9009088760241706,-1.179024470547907,-0.8287138607595665,1.6234129815947211,-1.177851894974348,-0.2507203421941191,-0.8828162337175963,-1.3482603050240614,1.7231103409115156,2.872610552162881,-0.8449251769703227,0.9841231756854657,0
1.398470950690115,-1.1099901739376037,-1.179024470547907,0.3439174968266477,0.6095235192417271,0.9048055324001227,1.6495816066168083,-0.8828162337175963,-0.45869570099789353,0.6910700256137552,2.6146050665171567,0.40512286080543575,-1.0161329645585022,1
2.0762673049329363,-1.1099901739376037,1.5251962127575889,0.1381902037169334,1.4544314045358888,0.9048055324001227,1.6495816066168083,0.2744324511807092,1.1861596045599256,1.035083464046342,1.3245776382885335,1.337698381050843,-1.0161329645585022,1
1.398470950690115,0.9009088760241706,0.8491410419312149,0.7030519385713327,1.6234129815947211,0.9048055324001227,1.6495816066168083,-1.461440576166749,0.9343960373827085,0.23238544103697253,2.872610552162881,-1.7378166325244357,0.9841231756854657,0
1.5679200392508204,-1.1099901739376037,-0.502969299721533,0.5014464558171596,1.1164682504182242,0.9048055324001227,1.6495816066168083,-1.461440576166749,1.159304824061023,0.4617277333253637,2.356599580871432,0.008282213892496587,-1.0161329645585022,1
1.7373691278115257,0.9009088760241706,-1.179024470547907,0.8360553363275324,1.9613761357123858,0.9048055324001227,1.6495816066168083,-0.3041918912684436,-1.3751150855229646,0.1177142948927768,1.8405886095799828,-0.6465048535138531,0.9841231756854657,0
2.0762673049329363,-1.1099901739376037,0.8491410419312149,0.8350604165865397,1.9613761357123858,0.9048055324001227,1.6495816066168083,-0.8828162337175963,-0.21028898138303903,0.1177142948927768,2.6146050665171567,1.0202258635204915,0.9841231756854657,0
2.2457163934936415,-1.1099901739376037,-1.179024470547907,0.8463203812742826,2.4683208668888827,0.9048055324001227,1.6495816066168083,-0.3041918912684436,-1.3751150855229646,0.1177142948927768,2.6146050665171567,-1.202081759191968,0.9841231756854657,0
1.5679200392508204,-1.1099901739376037,0.8491410419312149,0.8029703068453146,1.4544314045358888,0.9048055324001227,1.6495816066168083,-0.3041918912684436,1.7836784706605218,0.1177142948927768,2.356599580871432,0.4448069254967297,-1.0161329645585022,1
1.5679200392508204,-1.1099901739376037,0.8491410419312149,1.0258323288276812,1.1164682504182242,0.9048055324001227,1.6495816066168083,1.4316811360790147,0.8269769153870962,0.003043148748581378,1.3245776382885335,-0.7853990799333818,-1.0161329645585022,0
1.398470950690115,-1.1099901739376037,-1.179024470547907,1.215940961241494,1.7923945586535535,0.9048055324001227,1.6495816066168083,-0.8828162337175963,0.001192415045823164,-0.11162799739561437,2.098594095225707,0.9210157017922567,-1.0161329645585022,0
1.906818216372231,-1.1099901739376037,-1.179024470547907,-0.812968861048936,1.7923945586535535,0.21058638994196582,-0.5040939353689095,0.2744324511807092,-0.707102420612748,1.035083464046342,2.098594095225707,1.317856348705196,-1.0161329645585022,0
2.2457163934936415,0.9009088760241706,0.8491410419312149,1.5976900866227117,2.4683208668888827,0.9048055324001227,1.6495816066168083,0.853056793629862,2.841085452804834,-0.34097028968400567,2.356599580871432,-0.24966420660091387,-1.0161329645585022,0
1.906818216372231,-1.1099901739376037,-1.179024470547907,1.5933787677450766,2.2993392898300504,0.9048055324001227,1.6495816066168083,-0.3041918912684436,-0.3109944082539262,-0.34097028968400567,2.872610552162881,0.0479662785837905,-1.0161329645585022,0
2.923512747736463,0.9009088760241706,0.8491410419312149,-0.8129530686720948,3.3132287521830444,0.21058638994196582,-0.4090788379283631,0.853056793629862,-1.2475548781531747,1.2644257563347332,2.356599580871432,1.6154868338899002,-1.0161329645585022,0
2.0762673049329363,-1.1099901739376037,-0.502969299721533,2.031601432710261,1.6234129815947211,0.9048055324001227,1.6495816066168083,-1.461440576166749,0.001192415045823164,-0.45564143582820127,1.8405886095799828,1.4567505751247247,0.9841231756854657,0
2.415165482054347,0.9009088760241706,0.8491410419312149,15.603048941562324,2.4683208668888827,0.9048055324001227,1.6495816066168083,-0.8828162337175963,0.001192415045823164,-1.3730106049817663,2.872610552162881,-2.0552891500547874,0.9841231756854657,0
2.0762673049329363,0.9009088760241706,1.5251962127575889,-0.805388520165182,2.130357712771218,0.21058638994196582,-0.2903099661276801,0.2744324511807092,-1.0495008719737637,1.4937680486231246,2.6146050665171567,0.5440170872249644,-1.0161329645585022,0
1.398470950690115,-1.1099901739376037,-1.179024470547907,-0.8094629533901998,1.2854498274770565,0.21058638994196582,0.38271364074285674,1.4316811360790147,0.15896425047687956,3.213835240786059,1.3245776382885335,-1.0235034680811452,0.9841231756854657,0
2.0762673049329363,0.9009088760241706,-1.179024470547907,-0.9743511599886896,1.4544314045358888,0.9048055324001227,-1.359229812333827,0.2744324511807092,-0.5896127559300467,-1.0289971665491795,1.3245776382885335,0.028124246238143545,0.9841231756854657,0
2.2457163934936415,-1.1099901739376037,-1.179024470547907,-0.8013772564475289,2.130357712771218,0.21058638994196582,0.06599664927436881,-0.3041918912684436,-0.21028898138303903,2.2964660716324943,2.6146050665171567,-0.09092794783573821,0.9841231756854657,0
3.262410924857874,-1.1099901739376037,0.17308587110484092,-0.9015325103741281,2.9752655980653797,0.9048055324001227,-1.359229812333827,-0.3041918912684436,1.286865031430813,-1.143668312693375,2.6146050665171567,0.4249648931510827,-1.0161329645585022,1
1.7373691278115257,0.9009088760241706,-1.179024470547907,-0.32755857408238287,1.9613761357123858,0.9048055324001227,1.4912231108825644,0.2744324511807092,1.327147202179168,2.0671237793441026,2.6146050665171567,0.5638591195706114,-1.0161329645585022,1
1.7373691278115257,-1.1099901739376037,-0.502969299721533,-0.7946339115363561,1.2854498274770565,-1.177851894974348,-0.2903099661276801,-0.3041918912684436,0.5114332445249834,1.379096902478929,2.098594095225707,1.238488219322608,-1.0161329645585022,1
1.398470950690115,0.9009088760241706,-1.179024470547907,-0.7901646688903095,1.2854498274770565,-1.177851894974348,-0.5357656345157582,1.4316811360790147,-0.11965409719924096,0.8057411717579506,2.6146050665171567,-0.38855843302044263,-1.0161329645585022,0
1.5679200392508204,0.9009088760241706,-1.179024470547907,0.7062419986932459,1.7923945586535535,0.9048055324001227,1.4199617878021547,-1.461440576166749,-1.0495008719737637,0.1177142948927768,1.582583123934258,0.9805417988291976,-1.0161329645585022,0
1.7373691278115257,0.9009088760241706,-1.179024470547907,-0.791238550515508,1.2854498274770565,-1.177851894974348,-1.2800505644667048,-1.461440576166749,-1.6705176710108995,-1.0289971665491795,2.6146050665171567,0.6829113136444932,0.9841231756854657,0
2.415165482054347,0.9009088760241706,0.8491410419312149,1.6011959942814478,2.2993392898300504,0.9048055324001227,1.396208013442018,0.2744324511807092,0.001192415045823164,-0.45564143582820127,2.872610552162881,1.0003838311748445,-1.0161329645585022,0
1.7373691278115257,-1.1099901739376037,-1.179024470547907,-0.4892093434284361,1.4544314045358888,0.9048055324001227,1.3684952766885254,-0.8828162337175963,0.4745079213389917,2.640479510065081,2.872610552162881,-0.15045404487267908,-1.0161329645585022,1
2.415165482054347,-1.1099901739376037,1.5251962127575889,-0.3910597213606634,3.144247175124212,0.9048055324001227,1.3645363142951692,-1.461440576166749,-0.059230841076708896,2.1817949254882985,2.098594095225707,1.714696995618135,-1.0161329645585022,1
1.5679200392508204,-1.1099901739376037,-0.502969299721533,-0.14591465565542858,1.2854498274770565,0.9048055324001227,1.3645363142951692,0.2744324511807092,-0.005521280078902488,1.379096902478929,1.3245776382885335,0.9606997664835506,-1.0161329645585022,1
2.2457163934936415,0.9009088760241706,0.8491410419312149,-0.7904647240502914,2.4683208668888827,-1.177851894974348,-1.2800505644667048,0.2744324511807092,0.001192415045823164,-1.0289971665491795,2.356599580871432,-0.4282424977117365,0.9841231756854657,0
2.5846145706150523,-1.1099901739376037,0.8491410419312149,-0.5517945328499297,2.130357712771218,0.9048055324001227,1.3328646151483206,0.853056793629862,0.23617174441122635,2.984492948497668,2.6146050665171567,-0.4282424977117365,-1.0161329645585022,1
1.5679200392508204,0.9009088760241706,0.8491410419312149,-0.42613459032486667,1.9613761357123858,0.9048055324001227,1.3328646151483206,1.4316811360790147,-0.7138161157374736,2.2964660716324943,2.6146050665171567,1.774223092655076,-1.0161329645585022,1
2.5846145706150523,0.9009088760241706,1.5251962127575889,-0.2996850289577459,2.637302443947715,0.9048055324001227,1.3328646151483206,0.853056793629862,1.1223795008750308,1.8377814870557112,2.6146050665171567,1.4369085427790778,-1.0161329645585022,1
2.923512747736463,0.9009088760241706,-1.179024470547907,-0.7918702455891541,2.8062840210065474,-1.177851894974348,-0.8841543251310949,1.4316811360790147,0.8336906105118219,-0.11162799739561437,1.8405886095799828,-0.26950623894656084,0.9841231756854657,0
2.923512747736463,-1.1099901739376037,0.8491410419312149,-0.32484228526570436,3.4822103292418767,0.9048055324001227,1.3328646151483206,0.2744324511807092,0.954537122756886,1.8377814870557112,2.356599580871432,-1.2814498885745558,-1.0161329645585022,1
2.0762673049329363,-1.1099901739376037,1.5251962127575889,-0.20020884723531632,1.9613761357123858,0.9048055324001227,1.3328646151483206,-0.3041918912684436,-1.0495008719737637,1.4937680486231246,2.098594095225707,1.8139071573463699,-1.0161329645585022,1
1.906818216372231,-1.1099901739376037,0.8491410419312149,0.07947414662152252,1.2854498274770565,0.9048055324001227,1.3328646151483206,0.853056793629862,0.04483143335654109,0.8057411717579506,2.098594095225707,-1.8370267942526706,0.9841231756854657,0
1.906818216372231,0.9009088760241706,-1.179024470547907,0.15023978724673398,1.6234129815947211,0.9048055324001227,1.3328646151483206,-0.8828162337175963,0.001192415045823164,0.6910700256137552,2.356599580871432,-1.0830295651180861,0.9841231756854657,0
2.754063659175758,0.9009088760241706,-0.502969299721533,-0.793291559504858,2.637302443947715,-1.177851894974348,-0.2903099661276801,-0.3041918912684436,1.5352717510456675,1.379096902478929,1.8405886095799828,-1.4997122443766724,0.9841231756854657,0
1.398470950690115,0.9009088760241706,-1.179024470547907,-0.7943496487532153,1.9613761357123858,0.21058638994196582,-0.8841543251310949,1.4316811360790147,1.2465828606824585,0.003043148748581378,2.356599580871432,1.337698381050843,-1.0161329645585022,0
1.7373691278115257,-1.1099901739376037,-1.179024470547907,0.2167099013711515,1.9613761357123858,0.9048055324001227,1.3328646151483206,1.4316811360790147,-0.11965409719924096,0.5763988794695595,1.3245776382885335,1.6750129309268411,-1.0161329645585022,0
2.5846145706150523,-1.1099901739376037,0.8491410419312149,-0.04800191924027325,2.2993392898300504,0.9048055324001227,1.3328646151483206,0.2744324511807092,2.102578989084997,1.035083464046342,2.098594095225707,1.0202258635204915,-1.0161329645585022,1
1.7373691278115257,0.9009088760241706,0.8491410419312149,0.28442761326602023,1.6234129815947211,0.9048055324001227,1.3328646151483206,-1.461440576166749,-0.1397951825734185,0.4617277333253637,2.6146050665171567,0.6233852166075523,0.9841231756854657,0
1.398470950690115,-1.1099901739376037,0.8491410419312149,0.3123011583906572,0.7785050963005594,0.9048055324001227,1.3328646151483206,-0.3041918912684436,0.7430557263280237,0.4617277333253637,2.872610552162881,-1.9759210206721993,0.9841231756854657,0
3.431860013418579,0.9009088760241706,0.8491410419312149,0.31904450330183,3.3132287521830444,0.9048055324001227,1.3328646151483206,-0.3041918912684436,-1.173704231781191,0.4617277333253637,2.6146050665171567,-0.4282424977117365,0.9841231756854657,0
3.262410924857874,-1.1099901739376037,0.8491410419312149,-0.7916965294439015,2.9752655980653797,-1.177851894974348,-0.7099599798234266,-0.3041918912684436,0.001192415045823164,0.3470565871811683,2.6146050665171567,1.5361187045073124,-1.0161329645585022,0
2.0762673049329363,0.9009088760241706,-0.502969299721533,0.36582152350532837,1.6234129815947211,0.9048055324001227,1.3328646151483206,-0.3041918912684436,0.15896425047687956,0.3470565871811683,1.8405886095799828,1.5956448015442533,0.9841231756854657,0
2.5846145706150523,0.9009088760241706,0.8491410419312149,0.457512063445069,1.9613761357123858,0.9048055324001227,1.3328646151483206,0.2744324511807092,0.7061304031420315,0.3470565871811683,1.582583123934258,0.4844909901880236,-1.0161329645585022,0
1.398470950690115,0.9009088760241706,0.8491410419312149,1.124629438345941,1.7923945586535535,0.9048055324001227,1.3328646151483206,-0.3041918912684436,0.03476089066945202,-0.2262991435398101,1.3245776382885335,0.7424374106814341,0.9841231756854657,0
1.398470950690115,0.9009088760241706,-0.502969299721533,1.2131615029174507,1.4544314045358888,0.9048055324001227,1.3328646151483206,0.2744324511807092,0.23617174441122635,-0.34097028968400567,2.098594095225707,0.7424374106814341,0.9841231756854657,0
2.754063659175758,-1.1099901739376037,0.8491410419312149,-0.7889328634966994,2.4683208668888827,0.21058638994196582,-0.7257958293968509,-0.8828162337175963,1.253296555807184,0.3470565871811683,2.356599580871432,-0.7060309505507939,0.9841231756854657,0
1.906818216372231,0.9009088760241706,0.8491410419312149,1.9411111134104484,2.2993392898300504,0.9048055324001227,1.3328646151483206,-0.3041918912684436,2.3241309282009484,-0.570312581972397,1.3245776382885335,1.1194360252487263,-1.0161329645585022,1
1.398470950690115,0.9009088760241706,-1.179024470547907,-0.7956288312773487,1.4544314045358888,-1.177851894974348,-1.2800505644667048,-1.461440576166749,-0.46205254856025635,-1.0289971665491795,2.6146050665171567,-0.20998014190961997,-1.0161329645585022,0
3.77075819053999,-1.1099901739376037,-0.502969299721533,0.36338949747179067,3.8201734833595413,0.9048055324001227,1.2536853672811985,-0.3041918912684436,0.8336906105118219,0.3470565871811683,2.872610552162881,0.40512286080543575,-1.0161329645585022,0
1.7373691278115257,0.9009088760241706,0.8491410419312149,-0.2774967394959244,2.4683208668888827,0.9048055324001227,1.1745061194140765,-0.3041918912684436,-0.21028898138303903,1.4937680486231246,1.3245776382885335,1.4170665104334308,-1.0161329645585022,1
3.601309101979284,-1.1099901739376037,-0.502969299721533,0.08086387578354408,3.3132287521830444,0.9048055324001227,1.1745061194140765,-0.8828162337175963,0.23617174441122635,0.6910700256137552,2.6146050665171567,1.1988041546313142,0.9841231756854657,0
3.0929618362971683,-1.1099901739376037,-1.179024470547907,0.11620721515404692,3.4822103292418767,0.9048055324001227,1.1745061194140765,0.853056793629862,-0.7138161157374736,0.5763988794695595,2.356599580871432,-1.182239726846321,0.9841231756854657,0
2.415165482054347,0.9009088760241706,-1.179024470547907,0.17498644175682243,2.8062840210065474,0.9048055324001227,1.1745061194140765,0.2744324511807092,-1.0427871768490378,0.5763988794695595,2.356599580871432,-1.4798702120310254,-1.0161329645585022,0
2.0762673049329363,-1.1099901739376037,-1.179024470547907,0.5503870316478962,1.9613761357123858,0.9048055324001227,1.1745061194140765,0.853056793629862,-0.33784918875282943,0.1177142948927768,2.356599580871432,-0.09092794783573821,-1.0161329645585022,0
3.601309101979284,-1.1099901739376037,0.8491410419312149,0.3903154999859584,3.4822103292418767,0.9048055324001227,1.154711307447296,0.853056793629862,-1.173704231781191,0.23238544103697253,2.098594095225707,0.4844909901880236,0.9841231756854657,0
1.5679200392508204,-1.1099901739376037,-1.179024470547907,-0.7758251907185415,1.2854498274770565,0.21058638994196582,0.16497070910827127,1.4316811360790147,0.6893461653302174,2.411137217776689,1.582583123934258,0.32575473142284794,0.9841231756854657,0
1.398470950690115,0.9009088760241706,-1.179024470547907,-0.7760146992406354,1.1164682504182242,-1.177851894974348,0.30353439287573475,0.2744324511807092,-1.2475548781531747,2.640479510065081,1.582583123934258,1.1591200899400202,-1.0161329645585022,0
1.7373691278115257,0.9009088760241706,0.8491410419312149,-0.3542634833207744,1.1164682504182242,0.9048055324001227,1.0953268715469546,-1.461440576166749,-1.0427871768490378,1.7231103409115156,2.6146050665171567,-0.03140185079879733,-1.0161329645585022,1
2.5846145706150523,-1.1099901739376037,0.8491410419312149,-0.7732194485397511,2.9752655980653797,-1.177851894974348,0.06599664927436881,-0.8828162337175963,-0.4654093961226198,2.0671237793441026,2.872610552162881,0.9011736694466097,0.9841231756854657,0
1.398470950690115,0.9009088760241706,-0.502969299721533,0.11538601155830691,1.6234129815947211,0.9048055324001227,1.0953268715469546,1.4316811360790147,0.8739727812601764,0.5763988794695595,1.3245776382885335,0.5043330225336705,0.9841231756854657,0
3.431860013418579,0.9009088760241706,1.5251962127575889,0.4979247557815823,2.9752655980653797,0.9048055324001227,1.0953268715469546,-1.461440576166749,0.5651428055227898,0.1177142948927768,2.356599580871432,-0.051243883144444294,0.9841231756854657,0
1.398470950690115,-1.1099901739376037,0.17308587110484092,-0.562896573769261,1.9613761357123858,0.9048055324001227,1.0161476236798326,0.853056793629862,-0.707102420612748,2.525808363920885,2.872610552162881,0.6035431842619053,-1.0161329645585022,1
2.754063659175758,0.9009088760241706,0.8491410419312149,-0.5637651544955246,2.4683208668888827,0.9048055324001227,1.0161476236798326,0.853056793629862,0.16232109803924238,2.525808363920885,1.8405886095799828,-0.44808453005738347,-1.0161329645585022,1
1.906818216372231,-1.1099901739376037,0.8491410419312149,-0.4179383467443077,1.9613761357123858,0.9048055324001227,1.0161476236798326,0.2744324511807092,0.001192415045823164,1.8377814870557112,2.6146050665171567,0.305912699077201,-1.0161329645585022,1
2.2457163934936415,-1.1099901739376037,0.8491410419312149,-0.3929390142047608,1.7923945586535535,0.9048055324001227,1.0161476236798326,0.2744324511807092,0.665848232393677,1.7231103409115156,2.098594095225707,0.028124246238143545,-1.0161329645585022,1
1.398470950690115,0.9009088760241706,1.5251962127575889,-0.7754145889206715,1.4544314045358888,-1.177851894974348,-1.042512820865339,-0.3041918912684436,-0.7742393718600064,-0.45564143582820127,1.582583123934258,0.9606997664835506,0.9841231756854657,0
1.398470950690115,0.9009088760241706,-0.502969299721533,-0.40985264980163677,2.130357712771218,0.9048055324001227,1.0161476236798326,-1.461440576166749,1.223084927745918,1.8377814870557112,1.3245776382885335,0.3654387961141419,-1.0161329645585022,1
3.77075819053999,-1.1099901739376037,-0.502969299721533,-0.29073075128881154,3.144247175124212,0.9048055324001227,1.0161476236798326,0.853056793629862,-1.0427871768490378,1.379096902478929,2.872610552162881,0.6035431842619053,-1.0161329645585022,1
1.398470950690115,-1.1099901739376037,-1.179024470547907,-0.7636650605508529,0.9474866733593919,-1.177851894974348,-0.13986939518014835,-0.8828162337175963,0.4107278176540969,1.6084391947673204,2.098594095225707,0.5638591195706114,-1.0161329645585022,1
1.5679200392508204,-1.1099901739376037,-1.179024470547907,-0.11241902437534076,1.6234129815947211,0.9048055324001227,1.0161476236798326,-1.461440576166749,0.001192415045823164,0.9204123179021463,2.356599580871432,0.6035431842619053,0.9841231756854657,0
2.415165482054347,0.9009088760241706,-1.179024470547907,-0.219443962227842,2.637302443947715,0.9048055324001227,1.0161476236798326,-1.461440576166749,0.6255660616453219,1.1497546101905376,2.098594095225707,1.5559607368529593,-1.0161329645585022,1
1.7373691278115257,0.9009088760241706,-0.502969299721533,-0.10847093016505224,1.6234129815947211,0.9048055324001227,1.0161476236798326,1.4316811360790147,0.7430557263280237,0.9204123179021463,2.098594095225707,1.0797519605574324,-1.0161329645585022,0
1.5679200392508204,0.9009088760241706,0.8491410419312149,-0.7609013946036509,1.4544314045358888,-1.177851894974348,-1.2642147148932805,-0.8828162337175963,0.001192415045823164,-1.0289971665491795,2.098594095225707,-0.32903233598350173,-1.0161329645585022,0
1.906818216372231,-1.1099901739376037,0.8491410419312149,-0.014316779438091587,0.9474866733593919,0.9048055324001227,1.0161476236798326,-0.3041918912684436,0.27645391515958084,0.6910700256137552,2.6146050665171567,-0.5869787564769122,0.9841231756854657,0
1.906818216372231,0.9009088760241706,-1.179024470547907,0.027138209769937884,2.130357712771218,0.9048055324001227,1.0161476236798326,1.4316811360790147,-0.005521280078902488,0.6910700256137552,2.6146050665171567,-1.162397694500674,0.9841231756854657,0
1.906818216372231,-1.1099901739376037,-0.502969299721533,0.08534891080643184,1.9613761357123858,0.9048055324001227,1.0161476236798326,0.2744324511807092,-1.0427871768490378,0.5763988794695595,2.098594095225707,0.0479662785837905,-1.0161329645585022,0
2.0762673049329363,-1.1099901739376037,-1.179024470547907,0.07498911159863476,2.2993392898300504,0.9048055324001227,1.0161476236798326,-1.461440576166749,0.3301634761573873,0.5763988794695595,1.582583123934258,0.2463866020402601,0.9841231756854657,0
3.431860013418579,-1.1099901739376037,0.17308587110484092,0.10095177912549208,2.9752655980653797,0.9048055324001227,1.0161476236798326,0.853056793629862,-0.5896127559300467,0.5763988794695595,2.872610552162881,0.3455967637684949,0.9841231756854657,0
3.601309101979284,0.9009088760241706,0.8491410419312149,0.05995476884585607,3.651191906300709,0.9048055324001227,1.0161476236798326,-0.3041918912684436,1.327147202179168,0.5763988794695595,1.582583123934258,1.1789621222856672,-1.0161329645585022,1
2.415165482054347,0.9009088760241706,-1.179024470547907,-0.8282400894543319,2.4683208668888827,0.9048055324001227,-1.359229812333827,-1.461440576166749,-1.2475548781531747,-1.143668312693375,1.8405886095799828,0.8416475724096689,0.9841231756854657,0
1.7373691278115257,0.9009088760241706,0.8491410419312149,-0.7754461736743539,2.4683208668888827,0.9048055324001227,-1.359229812333827,-0.8828162337175963,-1.0092187012254088,-1.2583394588375707,2.6146050665171567,0.46464895784237664,-1.0161329645585022,0
1.5679200392508204,0.9009088760241706,0.8491410419312149,-0.7528314900378212,1.2854498274770565,0.21058638994196582,-0.5674373336626071,0.2744324511807092,-0.811164695045998,0.5763988794695595,1.582583123934258,-0.9242933063529105,0.9841231756854657,0
1.398470950690115,0.9009088760241706,-1.179024470547907,-0.7275163099614512,0.9474866733593919,0.9048055324001227,-1.359229812333827,-0.8828162337175963,0.16232109803924238,-1.2583394588375707,1.582583123934258,1.238488219322608,0.9841231756854657,0
2.2457163934936415,-1.1099901739376037,1.5251962127575889,-0.7026433164366336,2.130357712771218,0.9048055324001227,-1.359229812333827,-0.8828162337175963,0.001192415045823164,-1.2583394588375707,1.8405886095799828,1.0995939929030794,0.9841231756854657,0
3.0929618362971683,0.9009088760241706,1.5251962127575889,-0.5837583035764256,2.9752655980653797,0.9048055324001227,-1.359229812333827,1.4316811360790147,-1.0427871768490378,-1.3730106049817663,1.582583123934258,0.008282213892496587,0.9841231756854657,0
2.2457163934936415,-1.1099901739376037,-1.179024470547907,-0.7419979195247896,2.637302443947715,-1.177851894974348,0.113504197994642,0.853056793629862,1.7736079279734327,1.952452633199907,2.098594095225707,0.5638591195706114,-1.0161329645585022,1
2.923512747736463,0.9009088760241706,-0.502969299721533,-0.5187568804982353,2.8062840210065474,0.9048055324001227,-1.359229812333827,-1.461440576166749,1.2465828606824585,-1.3730106049817663,1.582583123934258,1.4567505751247247,-1.0161329645585022,0
2.0762673049329363,-1.1099901739376037,-1.179024470547907,-0.48933568244316533,2.2993392898300504,0.9048055324001227,-1.359229812333827,-0.8828162337175963,1.417782086362966,-1.3730106049817663,2.098594095225707,-1.0036614357354983,-1.0161329645585022,0
1.5679200392508204,0.9009088760241706,0.17308587110484092,-0.41727506691697924,1.7923945586535535,0.9048055324001227,-1.359229812333827,-0.8828162337175963,-1.8752853723150364,-1.3730106049817663,1.8405886095799828,0.9805417988291976,-1.0161329645585022,0
1.398470950690115,-1.1099901739376037,0.8491410419312149,-0.45457666101578514,1.4544314045358888,0.9048055324001227,-1.359229812333827,-0.3041918912684436,-1.173704231781191,-1.3730106049817663,2.098594095225707,-0.24966420660091387,-1.0161329645585022,1
1.7373691278115257,0.9009088760241706,-1.179024470547907,-0.10049577986026943,1.9613761357123858,0.9048055324001227,-1.359229812333827,0.853056793629862,-0.522475804682789,-1.487681751125962,2.872610552162881,0.40512286080543575,-1.0161329645585022,0
2.2457163934936415,0.9009088760241706,-1.179024470547907,-0.740308135202786,2.130357712771218,-1.177851894974348,-0.5674373336626071,-1.461440576166749,0.4040141225293712,0.4617277333253637,2.6146050665171567,-2.49181386165902,-1.0161329645585022,1
2.754063659175758,-1.1099901739376037,-1.179024470547907,-0.7379708634302952,2.8062840210065474,-1.177851894974348,-0.5357656345157582,-1.461440576166749,-1.6705176710108995,0.5763988794695595,2.6146050665171567,1.1591200899400202,0.9841231756854657,0
2.923512747736463,0.9009088760241706,-1.179024470547907,-0.739486931607046,2.637302443947715,0.21058638994196582,-0.8841543251310949,0.2744324511807092,-1.0495008719737637,-0.2262991435398101,1.582583123934258,-1.102871597463733,-1.0161329645585022,0
1.398470950690115,0.9009088760241706,1.5251962127575889,-0.7380814100681833,1.1164682504182242,0.21058638994196582,-0.804975077263973,0.2744324511807092,-1.1233515183457474,0.003043148748581378,1.3245776382885335,0.9011736694466097,-1.0161329645585022,0
1.398470950690115,-1.1099901739376037,0.8491410419312149,-0.9300693353260935,0.9474866733593919,0.9048055324001227,-1.327558113186978,0.853056793629862,0.6893461653302174,-0.9143260204049839,2.356599580871432,-0.30919030363785477,0.9841231756854657,0
2.754063659175758,0.9009088760241706,-0.502969299721533,-0.9298008649197939,2.9752655980653797,0.9048055324001227,-1.327558113186978,-1.461440576166749,-1.1233515183457474,-0.9143260204049839,2.098594095225707,0.4844909901880236,0.9841231756854657,0
1.906818216372231,-1.1099901739376037,0.8491410419312149,-0.8960683479870888,1.7923945586535535,0.9048055324001227,-1.327558113186978,-1.461440576166749,1.253296555807184,-1.0289971665491795,1.3245776382885335,0.6829113136444932,-1.0161329645585022,1
1.398470950690115,-1.1099901739376037,1.5251962127575889,-0.8838766330657178,1.4544314045358888,0.9048055324001227,-1.327558113186978,-1.461440576166749,-0.4654093961226198,-1.0289971665491795,2.098594095225707,2.091695610185427,0.9841231756854657,0
1.398470950690115,-1.1099901739376037,-1.179024470547907,-0.6986952222263451,0.6095235192417271,0.9048055324001227,-1.327558113186978,0.2744324511807092,0.4745079213389917,-1.2583394588375707,2.356599580871432,0.16701847265767225,0.9841231756854657,0
1.398470950690115,0.9009088760241706,-1.179024470547907,-0.7345597100326059,1.4544314045358888,0.21058638994196582,-0.5674373336626071,-0.3041918912684436,-1.2979075915886182,0.4617277333253637,2.356599580871432,0.8813316371009629,-1.0161329645585022,0
2.2457163934936415,0.9009088760241706,-1.179024470547907,-0.16287566838282808,2.130357712771218,0.9048055324001227,-1.327558113186978,0.853056793629862,1.6729025011025462,-1.3730106049817663,1.582583123934258,1.4964346398160184,0.9841231756854657,0
1.5679200392508204,0.9009088760241706,0.8491410419312149,0.36604261678110456,1.7923945586535535,0.9048055324001227,-1.327558113186978,1.4316811360790147,-0.707102420612748,-1.487681751125962,1.8405886095799828,0.6829113136444932,-1.0161329645585022,0
2.923512747736463,-1.1099901739376037,0.8491410419312149,-0.7340227692200066,2.4683208668888827,-1.177851894974348,-0.5674373336626071,0.853056793629862,-1.6839450612603513,0.4617277333253637,1.8405886095799828,0.32575473142284794,-1.0161329645585022,1
2.0762673049329363,0.9009088760241706,-1.179024470547907,-0.7288112848624259,1.9613761357123858,-1.177851894974348,-0.4209557251084314,-0.8828162337175963,-0.34120603631519225,0.8057411717579506,2.356599580871432,0.9408577341379036,0.9841231756854657,0
1.906818216372231,-1.1099901739376037,-0.502969299721533,-0.7319697602306566,1.7923945586535535,-1.177851894974348,-0.7574675285436998,-0.3041918912684436,-0.811164695045998,0.003043148748581378,2.872610552162881,0.6630692812988462,0.9841231756854657,0
1.7373691278115257,-1.1099901739376037,0.17308587110484092,-0.5345650497162306,1.7923945586535535,0.9048055324001227,-1.2998453764334854,1.4316811360790147,-1.3751150855229646,-1.2583394588375707,1.3245776382885335,1.0599099282117854,-1.0161329645585022,0
1.7373691278115257,0.9009088760241706,0.8491410419312149,-0.7264266359594116,1.2854498274770565,-1.177851894974348,-0.7733033781171241,0.2744324511807092,0.9780350556934264,0.003043148748581378,1.8405886095799828,-0.8449251769703227,0.9841231756854657,0
1.5679200392508204,-1.1099901739376037,0.8491410419312149,-0.7432455172952407,2.130357712771218,0.9048055324001227,-1.2800505644667048,-0.8828162337175963,-1.3751150855229646,-1.0289971665491795,2.872610552162881,0.26622863438590705,0.9841231756854657,0
2.2457163934936415,-1.1099901739376037,1.5251962127575889,-0.7241999108248088,2.637302443947715,0.9048055324001227,-1.2800505644667048,-1.461440576166749,0.665848232393677,-1.143668312693375,2.356599580871432,0.5241750548793175,-1.0161329645585022,0
3.431860013418579,-1.1099901739376037,0.8491410419312149,-0.7024380155376986,3.4822103292418767,0.9048055324001227,-1.2800505644667048,0.2744324511807092,-1.173704231781191,-1.143668312693375,2.356599580871432,-0.7258729828964409,0.9841231756854657,0
2.415165482054347,0.9009088760241706,-1.179024470547907,-0.6722429910174119,2.4683208668888827,0.9048055324001227,-1.2800505644667048,1.4316811360790147,0.6624913848313142,-1.143668312693375,2.098594095225707,1.3972244780877838,-1.0161329645585022,0
2.0762673049329363,0.9009088760241706,-1.179024470547907,-0.6599407294581529,2.130357712771218,0.9048055324001227,-1.2800505644667048,0.2744324511807092,0.9108981044461687,-1.143668312693375,2.098594095225707,1.238488219322608,-1.0161329645585022,1
3.77075819053999,-1.1099901739376037,-1.179024470547907,-0.702785447828204,3.4822103292418767,0.9048055324001227,-1.2800505644667048,0.853056793629862,-0.2069321338206762,-1.143668312693375,2.356599580871432,1.4170665104334308,-1.0161329645585022,1
2.415165482054347,-1.1099901739376037,-1.179024470547907,-0.5814368241807759,2.637302443947715,0.9048055324001227,-1.2800505644667048,0.2744324511807092,-1.2207000976542715,-1.2583394588375707,1.582583123934258,1.1789621222856672,-1.0161329645585022,0
2.2457163934936415,0.9009088760241706,-0.502969299721533,-0.5751672505748378,2.637302443947715,0.9048055324001227,-1.2800505644667048,1.4316811360790147,0.6255660616453219,-1.2583394588375707,2.098594095225707,1.6353288662355472,0.9841231756854657,0
2.5846145706150523,-1.1099901739376037,-0.502969299721533,-0.7167459089557842,2.4683208668888827,-1.177851894974348,-0.527847709729046,-0.3041918912684436,0.001192415045823164,0.4617277333253637,1.8405886095799828,-0.5076106270943244,-1.0161329645585022,1
2.2457163934936415,0.9009088760241706,1.5251962127575889,-0.6362521641964217,1.6234129815947211,0.9048055324001227,-1.2800505644667048,-0.3041918912684436,1.253296555807184,-1.143668312693375,2.872610552162881,1.3773824457421369,-1.0161329645585022,1
3.431860013418579,0.9009088760241706,0.8491410419312149,-0.6112528316568748,2.8062840210065474,0.9048055324001227,-1.2800505644667048,-0.3041918912684436,1.253296555807184,-1.143668312693375,1.3245776382885335,-0.11076998018138517,-1.0161329645585022,1
1.398470950690115,-1.1099901739376037,0.8491410419312149,-0.7139506582548999,1.1164682504182242,-1.177851894974348,-1.0306359336852706,1.4316811360790147,1.5486991412951188,-0.570312581972397,1.582583123934258,-0.9441353386985575,-1.0161329645585022,1
1.906818216372231,-1.1099901739376037,0.8491410419312149,-0.503343520701269,1.6234129815947211,0.9048055324001227,-1.2800505644667048,-1.461440576166749,-0.21700267650776528,-1.2583394588375707,2.6146050665171567,1.5361187045073124,-1.0161329645585022,1
2.0762673049329363,-1.1099901739376037,-0.502969299721533,-0.2996534442040636,2.2993392898300504,0.9048055324001227,-1.2800505644667048,-1.461440576166749,-0.5661148229935064,-1.3730106049817663,2.6146050665171567,0.18686050500331922,0.9841231756854657,0
2.5846145706150523,0.9009088760241706,0.17308587110484092,-0.27087973359948087,2.8062840210065474,0.9048055324001227,-1.2800505644667048,1.4316811360790147,0.2865244578466693,-1.3730106049817663,1.3245776382885335,1.258330251668255,0.9841231756854657,0
2.923512747736463,-1.1099901739376037,-0.502969299721533,-0.25894069670756836,3.144247175124212,0.9048055324001227,-1.2800505644667048,0.2744324511807092,-0.6936750303632967,-1.3730106049817663,1.8405886095799828,0.821805540064022,-1.0161329645585022,0
2.754063659175758,0.9009088760241706,0.8491410419312149,-0.7232681605911807,2.8062840210065474,0.21058638994196582,-0.963333572998217,1.4316811360790147,-0.6936750303632967,-0.45564143582820127,1.582583123934258,0.5440170872249644,0.9841231756854657,0
3.431860013418579,-1.1099901739376037,0.8491410419312149,-0.7132084165433656,2.8062840210065474,-1.177851894974348,-0.3298995900612411,-0.3041918912684436,-1.0964967378468442,0.9204123179021463,2.6146050665171567,0.801963507718375,0.9841231756854657,0
2.2457163934936415,0.9009088760241706,0.8491410419312149,-0.20594148002865525,2.130357712771218,0.9048055324001227,-1.2800505644667048,1.4316811360790147,-1.6839450612603513,-1.3730106049817663,2.356599580871432,0.9606997664835506,0.9841231756854657,0
2.2457163934936415,0.9009088760241706,-1.179024470547907,-0.051002470840092524,2.2993392898300504,0.9048055324001227,-1.2800505644667048,0.853056793629862,-1.0092187012254088,-1.3730106049817663,2.872610552162881,-1.9163949236352584,0.9841231756854657,0
2.923512747736463,-1.1099901739376037,-1.179024470547907,0.16667965153837538,2.8062840210065474,0.9048055324001227,-1.2800505644667048,0.2744324511807092,0.8739727812601764,-1.3730106049817663,1.8405886095799828,1.5361187045073124,-1.0161329645585022,0
1.7373691278115257,0.9009088760241706,-0.502969299721533,0.27046715213844,1.4544314045358888,0.9048055324001227,-1.2800505644667048,-0.8828162337175963,0.16232109803924238,-1.3730106049817663,2.6146050665171567,-2.571181991041608,0.9841231756854657,0
1.398470950690115,0.9009088760241706,-0.502969299721533,0.4371872744505037,1.6234129815947211,0.9048055324001227,-1.2800505644667048,0.853056793629862,0.11868207972852446,-1.487681751125962,2.098594095225707,0.3654387961141419,0.9841231756854657,0
2.0762673049329363,-1.1099901739376037,-1.179024470547907,0.4585859450702675,1.9613761357123858,0.9048055324001227,-1.2800505644667048,-0.8828162337175963,1.0955247203761276,-1.487681751125962,2.098594095225707,0.08765034327508442,0.9841231756854657,0
1.5679200392508204,-1.1099901739376037,0.8491410419312149,-0.707096766705839,1.9613761357123858,-1.177851894974348,-1.2325430157464317,-0.8828162337175963,-1.4254677989584081,-1.0289971665491795,1.582583123934258,0.40512286080543575,0.9841231756854657,0
2.415165482054347,0.9009088760241706,0.8491410419312149,-0.9868429300700424,2.9752655980653797,0.9048055324001227,-1.248378865319856,-0.8828162337175963,0.7229146409538463,-0.45564143582820127,1.8405886095799828,-0.03140185079879733,0.9841231756854657,0
2.754063659175758,-1.1099901739376037,-1.179024470547907,-0.7382867109671183,2.8062840210065474,0.9048055324001227,-1.248378865319856,-0.8828162337175963,-1.3482603050240614,-1.0289971665491795,2.356599580871432,1.4964346398160184,-1.0161329645585022,0
1.906818216372231,0.9009088760241706,0.8491410419312149,-0.6996585572136554,1.7923945586535535,-1.177851894974348,-0.2507203421941191,0.2744324511807092,-0.21364582894540246,0.9204123179021463,2.098594095225707,0.7225953783357871,0.9841231756854657,0
1.5679200392508204,-1.1099901739376037,0.17308587110484092,-0.4072942847533698,1.2854498274770565,0.9048055324001227,-1.248378865319856,0.853056793629862,-0.1397951825734185,-1.2583394588375707,2.872610552162881,2.0520115454941332,-1.0161329645585022,1
2.2457163934936415,0.9009088760241706,0.8491410419312149,-0.9733404478708557,1.9613761357123858,0.9048055324001227,-1.2325430157464317,0.853056793629862,0.001192415045823164,-0.45564143582820127,2.872610552162881,0.6829113136444932,-1.0161329645585022,0
2.0762673049329363,-1.1099901739376037,0.8491410419312149,-0.8870035236802664,2.2993392898300504,0.9048055324001227,-1.2325430157464317,1.4316811360790147,0.3301634761573873,-0.6849837281165926,1.8405886095799828,-1.3608180179571436,0.9841231756854657,0
1.5679200392508204,-1.1099901739376037,-1.179024470547907,-0.7443509836741214,1.4544314045358888,0.9048055324001227,-1.2325430157464317,0.2744324511807092,0.11868207972852446,-1.0289971665491795,1.3245776382885335,0.4844909901880236,-1.0161329645585022,0
1.398470950690115,0.9009088760241706,0.8491410419312149,-0.39178617069535654,1.4544314045358888,0.9048055324001227,-1.2325430157464317,-1.461440576166749,1.0955247203761276,-1.2583394588375707,2.356599580871432,-0.46792656240303043,-1.0161329645585022,0
1.398470950690115,0.9009088760241706,0.17308587110484092,-0.6995006334452438,1.1164682504182242,0.21058638994196582,-0.6664113934965095,-0.3041918912684436,0.03476089066945202,0.1177142948927768,1.8405886095799828,-0.11076998018138517,0.9841231756854657,0
1.906818216372231,0.9009088760241706,-1.179024470547907,-0.4108159847889472,1.9613761357123858,0.9048055324001227,-1.2325430157464317,0.2744324511807092,1.3103629643673533,-1.2583394588375707,2.872610552162881,-0.07108591549009124,-1.0161329645585022,1
1.5679200392508204,-1.1099901739376037,1.5251962127575889,-0.6973212854411646,2.130357712771218,-1.177851894974348,-0.8841543251310949,1.4316811360790147,-1.4993184453303918,-0.34097028968400567,2.872610552162881,0.22654456969461315,0.9841231756854657,0
1.5679200392508204,-1.1099901739376037,-1.179024470547907,-0.29365234100442505,1.1164682504182242,0.9048055324001227,-1.2325430157464317,1.4316811360790147,-0.707102420612748,-1.2583394588375707,1.3245776382885335,1.0797519605574324,-1.0161329645585022,0
1.5679200392508204,0.9009088760241706,1.5251962127575889,-0.27321700537197163,2.2993392898300504,0.9048055324001227,-1.2325430157464317,-1.461440576166749,-1.173704231781191,-1.2583394588375707,2.098594095225707,-1.2814498885745558,-1.0161329645585022,0
3.601309101979284,0.9009088760241706,1.5251962127575889,-0.6984425441968866,3.651191906300709,-1.177851894974348,0.38271364074285674,0.2744324511807092,0.001192415045823164,2.2964660716324943,2.6146050665171567,0.2463866020402601,0.9841231756854657,0
1.398470950690115,0.9009088760241706,1.5251962127575889,1.7161644976850496,1.4544314045358888,0.9048055324001227,-1.2325430157464317,-0.3041918912684436,-1.0092187012254088,-1.487681751125962,2.6146050665171567,0.16701847265767225,0.9841231756854657,0
2.5846145706150523,0.9009088760241706,-0.502969299721533,-1.035483450740797,2.4683208668888827,0.9048055324001227,-1.208789241386295,-0.8828162337175963,0.001192415045823164,0.003043148748581378,1.3245776382885335,1.4765926074703717,-1.0161329645585022,1
2.415165482054347,-1.1099901739376037,-1.179024470547907,-0.4868246945254218,2.2993392898300504,0.9048055324001227,-1.208789241386295,-1.461440576166749,0.2865244578466693,-1.143668312693375,2.872610552162881,0.8813316371009629,-1.0161329645585022,0
1.398470950690115,-1.1099901739376037,-1.179024470547907,0.4650766119519818,1.6234129815947211,0.9048055324001227,-1.208789241386295,-1.461440576166749,0.4745079213389917,-1.3730106049817663,2.356599580871432,-0.9441353386985575,0.9841231756854657,0
1.906818216372231,-1.1099901739376037,-1.179024470547907,-1.0234970367183611,2.2993392898300504,0.9048055324001227,-1.2008713165995828,1.4316811360790147,-0.11965409719924096,-0.11162799739561437,1.3245776382885335,-0.20998014190961997,-1.0161329645585022,1
1.5679200392508204,0.9009088760241706,1.5251962127575889,-0.6989952773863269,2.130357712771218,-1.177851894974348,-0.2903099661276801,-1.461440576166749,0.001192415045823164,0.9204123179021463,2.6146050665171567,2.5083782894440136,-1.0161329645585022,0
3.431860013418579,0.9009088760241706,-1.179024470547907,-0.9609908091810732,3.4822103292418767,0.9048055324001227,-1.2008713165995828,-1.461440576166749,0.6154955189582334,-0.45564143582820127,2.098594095225707,0.6829113136444932,-1.0161329645585022,0
3.262410924857874,-1.1099901739376037,1.5251962127575889,-0.9035855193634781,3.144247175124212,0.9048055324001227,-1.2008713165995828,-0.8828162337175963,-1.2475548781531747,-0.570312581972397,1.3245776382885335,0.9408577341379036,0.9841231756854657,0
1.906818216372231,0.9009088760241706,-1.179024470547907,-0.8834660312678478,1.9613761357123858,0.9048055324001227,-1.2008713165995828,-0.8828162337175963,-1.0495008719737637,-0.6849837281165926,1.582583123934258,0.8614896047553159,0.9841231756854657,0
2.923512747736463,-1.1099901739376037,0.17308587110484092,-0.8797390303333354,2.2993392898300504,0.9048055324001227,-1.2008713165995828,1.4316811360790147,-0.8447331706696268,-0.6849837281165926,1.582583123934258,0.9408577341379036,0.9841231756854657,0
3.431860013418579,0.9009088760241706,0.8491410419312149,-0.8746380926136427,3.4822103292418767,0.9048055324001227,-1.2008713165995828,0.853056793629862,0.8269769153870962,-0.6849837281165926,1.582583123934258,-2.4719718293133734,0.9841231756854657,0
2.5846145706150523,-1.1099901739376037,-1.179024470547907,-0.7009693244914712,2.9752655980653797,0.21058638994196582,-0.7257958293968509,0.2744324511807092,-1.0495008719737637,0.003043148748581378,1.3245776382885335,1.278172284013902,0.9841231756854657,0
2.415165482054347,-1.1099901739376037,-1.179024470547907,-0.8586246224967125,2.130357712771218,0.9048055324001227,-1.2008713165995828,0.853056793629862,3.018998373610068,-0.6849837281165926,1.8405886095799828,1.5956448015442533,-1.0161329645585022,0
3.0929618362971683,0.9009088760241706,-1.179024470547907,-0.7020274137398285,3.3132287521830444,-1.177851894974348,0.06599664927436881,0.853056793629862,0.19253272610050842,1.6084391947673204,1.3245776382885335,-1.102871597463733,-1.0161329645585022,0
1.906818216372231,-1.1099901739376037,-0.502969299721533,-0.7835160782401835,1.4544314045358888,0.9048055324001227,-1.2008713165995828,0.2744324511807092,-0.005521280078902488,-0.7996548742607882,1.3245776382885335,0.821805540064022,-1.0161329645585022,0
1.906818216372231,-1.1099901739376037,-0.502969299721533,-0.6912885974878438,1.7923945586535535,0.21058638994196582,-1.2325430157464317,1.4316811360790147,-1.2207000976542715,-1.0289971665491795,1.3245776382885335,1.0400678958661385,0.9841231756854657,0
2.2457163934936415,0.9009088760241706,1.5251962127575889,-0.7882695836693709,1.9613761357123858,0.9048055324001227,-1.2008713165995828,0.853056793629862,-1.0931398902844813,-0.7996548742607882,2.872610552162881,0.6630692812988462,-1.0161329645585022,1
1.398470950690115,-1.1099901739376037,1.5251962127575889,-0.6898199064416164,0.9474866733593919,0.21058638994196582,-1.3196401884002658,1.4316811360790147,0.27645391515958084,-1.2583394588375707,2.356599580871432,0.4448069254967297,-1.0161329645585022,0
2.754063659175758,0.9009088760241706,-1.179024470547907,-0.7671709682095891,2.2993392898300504,0.9048055324001227,-1.2008713165995828,0.2744324511807092,0.001192415045823164,-0.9143260204049839,1.8405886095799828,1.5758027691986063,0.9841231756854657,0
1.5679200392508204,-1.1099901739376037,0.8491410419312149,-0.7417926186258545,1.6234129815947211,0.9048055324001227,-1.2008713165995828,-0.8828162337175963,0.7229146409538463,-0.9143260204049839,2.6146050665171567,-0.22982217425526694,-1.0161329645585022,0
1.906818216372231,-1.1099901739376037,0.8491410419312149,-0.7080916864468317,1.4544314045358888,0.9048055324001227,-1.2008713165995828,1.4316811360790147,0.001192415045823164,-0.9143260204049839,2.098594095225707,0.7027533459901402,0.9841231756854657,0
1.906818216372231,-1.1099901739376037,-1.179024470547907,-0.6788915816675378,1.7923945586535535,0.21058638994196582,-0.2507203421941191,-0.3041918912684436,-0.46205254856025635,0.9204123179021463,2.872610552162881,0.16701847265767225,0.9841231756854657,0
3.431860013418579,0.9009088760241706,-0.502969299721533,-0.6761121233434947,3.8201734833595413,-1.177851894974348,-1.1850354670261585,-0.3041918912684436,0.4745079213389917,-0.9143260204049839,2.098594095225707,1.35754041339649,0.9841231756854657,0
2.754063659175758,0.9009088760241706,-1.179024470547907,0.6911444864331026,3.144247175124212,0.9048055324001227,0.8577891279455886,0.2744324511807092,-0.6936750303632967,-0.2262991435398101,1.582583123934258,-0.190138109563973,-1.0161329645585022,0
3.0929618362971683,0.9009088760241706,-0.502969299721533,0.6838010312019659,2.2993392898300504,0.9048055324001227,0.8577891279455886,0.853056793629862,0.7430557263280237,-0.2262991435398101,2.872610552162881,1.6551708985811941,0.9841231756854657,0
2.754063659175758,0.9009088760241706,0.8491410419312149,0.8000645095065423,2.9752655980653797,0.9048055324001227,0.8577891279455886,0.2744324511807092,0.860545391010725,-0.34097028968400567,1.582583123934258,-1.2814498885745558,0.9841231756854657,0
1.5679200392508204,-1.1099901739376037,-1.179024470547907,-0.6727799318300112,1.7923945586535535,0.21058638994196582,-0.7574675285436998,-0.8828162337175963,1.7736079279734327,-0.11162799739561437,1.3245776382885335,1.1988041546313142,0.9841231756854657,0
1.398470950690115,0.9009088760241706,0.8491410419312149,1.0296698764000816,1.6234129815947211,0.9048055324001227,0.8577891279455886,-0.3041918912684436,0.665848232393677,-0.45564143582820127,2.356599580871432,0.5638591195706114,0.9841231756854657,0
1.398470950690115,-1.1099901739376037,-1.179024470547907,1.063433978086469,1.4544314045358888,0.9048055324001227,0.8577891279455886,-0.3041918912684436,0.001192415045823164,-0.45564143582820127,2.872610552162881,1.317856348705196,0.9841231756854657,0
1.906818216372231,0.9009088760241706,-1.179024470547907,-0.6724798766700292,2.2993392898300504,-1.177851894974348,0.1253810851747103,-0.8828162337175963,-0.707102420612748,1.6084391947673204,1.8405886095799828,1.317856348705196,0.9841231756854657,0
1.7373691278115257,0.9009088760241706,0.8491410419312149,3.0175826884108754,1.4544314045358888,0.9048055324001227,0.8577891279455886,-0.8828162337175963,1.5486991412951188,-0.9143260204049839,2.872610552162881,-1.2219237915376149,0.9841231756854657,0
1.5679200392508204,0.9009088760241706,-0.502969299721533,8.762991514614303,1.6234129815947211,0.9048055324001227,0.8577891279455886,1.4316811360790147,0.001192415045823164,-1.3730106049817663,1.582583123934258,2.27027390129625,-1.0161329645585022,0
1.5679200392508204,0.9009088760241706,1.5251962127575889,-0.05164995829057985,2.2993392898300504,0.9048055324001227,0.8419532783721642,-1.461440576166749,-0.46205254856025635,0.5763988794695595,1.8405886095799828,-0.15045404487267908,0.9841231756854657,0
1.5679200392508204,-1.1099901739376037,0.8491410419312149,-0.3392449329448369,2.130357712771218,0.9048055324001227,0.8142405416186715,-1.461440576166749,0.001192415045823164,1.2644257563347332,1.3245776382885335,-0.4282424977117365,-1.0161329645585022,1
1.398470950690115,0.9009088760241706,-1.179024470547907,-0.6759541995750831,1.1164682504182242,0.9048055324001227,-1.2008713165995828,0.2744324511807092,1.092167872813765,-1.0289971665491795,1.582583123934258,0.6829113136444932,-1.0161329645585022,0
2.2457163934936415,-1.1099901739376037,-1.179024470547907,-0.6321619385945628,2.130357712771218,0.9048055324001227,-1.2008713165995828,-0.8828162337175963,-0.005521280078902488,-1.0289971665491795,1.582583123934258,0.6829113136444932,-1.0161329645585022,1
3.431860013418579,-1.1099901739376037,-1.179024470547907,-0.6327620489145267,3.8201734833595413,0.9048055324001227,-1.2008713165995828,1.4316811360790147,2.102578989084997,-1.0289971665491795,2.6146050665171567,0.38528082845978884,-1.0161329645585022,1
1.7373691278115257,-1.1099901739376037,-1.179024470547907,-0.6234761313319281,1.7923945586535535,0.9048055324001227,-1.2008713165995828,1.4316811360790147,1.9750187817152072,-1.0289971665491795,2.098594095225707,0.3654387961141419,-1.0161329645585022,1
2.923512747736463,0.9009088760241706,-1.179024470547907,-0.6678685026324123,2.8062840210065474,-1.177851894974348,-1.359229812333827,0.2744324511807092,1.417782086362966,-1.2583394588375707,1.3245776382885335,1.1194360252487263,-1.0161329645585022,0
2.5846145706150523,0.9009088760241706,-1.179024470547907,-0.11349290600053924,2.2993392898300504,0.9048055324001227,-1.2008713165995828,-1.461440576166749,0.5114332445249834,-1.2583394588375707,2.872610552162881,1.278172284013902,0.9841231756854657,0
2.754063659175758,-1.1099901739376037,-0.502969299721533,-0.01393776239390389,2.9752655980653797,0.9048055324001227,-1.2008713165995828,0.2744324511807092,-1.0427871768490378,-1.2583394588375707,2.098594095225707,0.3654387961141419,-1.0161329645585022,0
2.5846145706150523,-1.1099901739376037,-1.179024470547907,0.06594007966865346,3.3132287521830444,0.9048055324001227,-1.2008713165995828,-1.461440576166749,-0.707102420612748,-1.3730106049817663,2.872610552162881,0.8614896047553159,0.9841231756854657,0
1.5679200392508204,0.9009088760241706,0.8491410419312149,-0.6814657390926459,1.2854498274770565,-1.177851894974348,-0.2507203421941191,-0.3041918912684436,0.001192415045823164,0.9204123179021463,2.872610552162881,0.26622863438590705,-1.0161329645585022,0
2.5846145706150523,-1.1099901739376037,-0.502969299721533,0.36542671408429955,1.9613761357123858,0.9048055324001227,-1.2008713165995828,0.853056793629862,-1.4724636648314886,-1.3730106049817663,2.098594095225707,0.9606997664835506,0.9841231756854657,0
1.398470950690115,-1.1099901739376037,-1.179024470547907,5.801968234028434,1.7923945586535535,0.9048055324001227,-1.2008713165995828,-1.461440576166749,0.001192415045823164,-1.6023528972701577,2.098594095225707,0.10749237562073138,-1.0161329645585022,1
2.0762673049329363,-1.1099901739376037,0.8491410419312149,-0.6771544202150108,1.9613761357123858,0.21058638994196582,-0.7257958293968509,-0.3041918912684436,0.8135495251376443,0.003043148748581378,1.3245776382885335,0.5638591195706114,-1.0161329645585022,0
1.7373691278115257,-1.1099901739376037,0.8491410419312149,-0.5857165583047287,1.4544314045358888,0.9048055324001227,-1.1850354670261585,-1.461440576166749,1.2465828606824585,-1.0289971665491795,1.8405886095799828,0.5837011519162584,-1.0161329645585022,0
1.7373691278115257,0.9009088760241706,-1.179024470547907,-1.0607354613098023,1.7923945586535535,0.9048055324001227,-1.1691996174527342,-0.8828162337175963,-0.46205254856025635,0.3470565871811683,2.872610552162881,0.8813316371009629,-1.0161329645585022,1
1.906818216372231,0.9009088760241706,-0.502969299721533,-0.6030407956994747,1.7923945586535535,0.9048055324001227,0.6994306322113446,-0.3041918912684436,2.206641263518246,2.2964660716324943,2.6146050665171567,2.131379674876721,-1.0161329645585022,1
1.7373691278115257,-1.1099901739376037,-1.179024470547907,-0.6788915816675378,1.7923945586535535,0.9048055324001227,-1.1691996174527342,-1.461440576166749,0.001192415045823164,-0.9143260204049839,1.3245776382885335,1.1789621222856672,0.9841231756854657,0
1.398470950690115,-1.1099901739376037,-1.179024470547907,-0.22446593806332898,1.1164682504182242,0.9048055324001227,-1.165240655059378,-0.3041918912684436,-0.1397951825734185,-1.2583394588375707,2.098594095225707,0.06780831092943747,-1.0161329645585022,1
1.398470950690115,0.9009088760241706,0.8491410419312149,-0.25276587736267714,0.9474866733593919,0.9048055324001227,-1.1612816926660219,-0.3041918912684436,-1.8752853723150364,-1.143668312693375,2.098594095225707,-0.09092794783573821,0.9841231756854657,0
1.906818216372231,0.9009088760241706,-1.179024470547907,-0.6765227251413647,1.6234129815947211,0.9048055324001227,-1.1533637678793096,-1.461440576166749,1.2700807936189982,-0.9143260204049839,2.356599580871432,1.0400678958661385,-1.0161329645585022,0
3.0929618362971683,-1.1099901739376037,-0.502969299721533,-0.6767438184171408,3.3132287521830444,-1.177851894974348,-1.0345948960786266,1.4316811360790147,-1.0495008719737637,-0.6849837281165926,2.098594095225707,0.3455967637684949,-1.0161329645585022,0
1.7373691278115257,0.9009088760241706,-1.179024470547907,-0.8324250693172378,1.7923945586535535,0.9048055324001227,-1.1454458430925976,-1.461440576166749,1.0619562447524988,-0.570312581972397,2.6146050665171567,0.4448069254967297,-1.0161329645585022,0
1.5679200392508204,0.9009088760241706,0.8491410419312149,-0.48546655011708256,1.7923945586535535,0.9048055324001227,-1.1454458430925976,0.2744324511807092,-1.0495008719737637,-1.0289971665491795,1.582583123934258,-1.7576586648700827,0.9841231756854657,0
2.0762673049329363,-1.1099901739376037,1.5251962127575889,-0.9458143350367241,2.4683208668888827,0.9048055324001227,-1.1414868806992413,0.2744324511807092,0.03476089066945202,-0.2262991435398101,1.582583123934258,1.8734332543833108,-1.0161329645585022,0
1.398470950690115,0.9009088760241706,-1.179024470547907,-0.9945338175916845,1.1164682504182242,0.9048055324001227,-1.1375279183058853,-0.8828162337175963,2.17642963545698,0.003043148748581378,1.3245776382885335,0.821805540064022,-1.0161329645585022,1
1.5679200392508204,0.9009088760241706,0.17308587110484092,-0.97613569857174,1.4544314045358888,0.9048055324001227,-1.1375279183058853,-1.461440576166749,0.001192415045823164,-0.11162799739561437,1.3245776382885335,2.1512217072223683,-1.0161329645585022,1
3.601309101979284,-1.1099901739376037,-1.179024470547907,-0.9581639737265066,3.144247175124212,0.9048055324001227,-1.1375279183058853,-0.8828162337175963,-0.3680608168140954,-0.2262991435398101,2.872610552162881,-0.5076106270943244,-1.0161329645585022,1
1.906818216372231,0.9009088760241706,0.8491410419312149,-0.6757488986761481,1.7923945586535535,-1.177851894974348,-0.3774071387815143,0.2744324511807092,1.327147202179168,0.5763988794695595,1.3245776382885335,0.9805417988291976,-1.0161329645585022,1
1.398470950690115,0.9009088760241706,0.8491410419312149,-0.8310195477783751,0.7785050963005594,0.9048055324001227,-1.1375279183058853,0.853056793629862,1.0418151593783211,-0.570312581972397,1.3245776382885335,-0.3488743683291487,0.9841231756854657,0
1.5679200392508204,-1.1099901739376037,1.5251962127575889,-0.782331649977097,1.2854498274770565,0.9048055324001227,-1.1375279183058853,0.853056793629862,0.23617174441122635,-0.6849837281165926,1.3245776382885335,1.714696995618135,-1.0161329645585022,0
1.906818216372231,-1.1099901739376037,0.17308587110484092,-0.6306142856641297,1.7923945586535535,0.9048055324001227,-1.1375279183058853,0.853056793629862,-0.7138161157374736,-0.9143260204049839,2.872610552162881,1.298014316359549,-1.0161329645585022,0
3.262410924857874,0.9009088760241706,-1.179024470547907,-0.6758594453140362,2.9752655980653797,0.21058638994196582,-0.2507203421941191,-0.8828162337175963,0.001192415045823164,0.9204123179021463,2.872610552162881,-0.8250831446246757,0.9841231756854657,0
2.0762673049329363,-1.1099901739376037,1.5251962127575889,-0.582684421951227,2.4683208668888827,0.9048055324001227,-1.1375279183058853,-0.8828162337175963,0.001192415045823164,-0.9143260204049839,2.6146050665171567,0.5440170872249644,-1.0161329645585022,0
1.398470950690115,-1.1099901739376037,0.17308587110484092,-0.6441009754864754,1.1164682504182242,0.9048055324001227,-1.1375279183058853,0.2744324511807092,2.6128198185641573,-0.9143260204049839,2.098594095225707,-0.46792656240303043,-1.0161329645585022,1
1.398470950690115,-1.1099901739376037,-1.179024470547907,-0.5155668203763223,1.2854498274770565,0.9048055324001227,-1.1375279183058853,0.853056793629862,2.478545916069642,-1.0289971665491795,1.582583123934258,0.4448069254967297,-1.0161329645585022,0
1.5679200392508204,-1.1099901739376037,-1.179024470547907,-0.4001245456674859,1.6234129815947211,0.9048055324001227,-1.1375279183058853,1.4316811360790147,-0.3680608168140954,-1.143668312693375,2.6146050665171567,-0.3488743683291487,0.9841231756854657,0
1.398470950690115,-1.1099901739376037,-0.502969299721533,-0.1585011799978284,1.4544314045358888,0.9048055324001227,-1.1375279183058853,-0.8828162337175963,-0.33784918875282943,-1.2583394588375707,2.356599580871432,1.278172284013902,0.9841231756854657,0
1.398470950690115,0.9009088760241706,-1.179024470547907,-0.10704961624934838,1.4544314045358888,0.9048055324001227,-1.1375279183058853,0.853056793629862,-1.7510820125076092,-1.2583394588375707,2.872610552162881,-0.6465048535138531,0.9841231756854657,0
1.5679200392508204,0.9009088760241706,1.5251962127575889,0.648757746991445,0.7785050963005594,0.9048055324001227,-1.1375279183058853,-1.461440576166749,-0.34120603631519225,-1.3730106049817663,2.6146050665171567,1.5559607368529593,0.9841231756854657,0
1.7373691278115257,-1.1099901739376037,-0.502969299721533,-0.6796812005095955,1.6234129815947211,-1.177851894974348,0.06599664927436881,0.853056793629862,0.0716862138554443,1.4937680486231246,2.872610552162881,-0.686188918205147,-1.0161329645585022,0
2.754063659175758,-1.1099901739376037,-0.502969299721533,-0.6750066569646139,2.4683208668888827,-1.177851894974348,-0.3298995900612411,0.853056793629862,0.001192415045823164,0.6910700256137552,2.6146050665171567,-0.11076998018138517,0.9841231756854657,0
1.5679200392508204,0.9009088760241706,-1.179024470547907,-0.6694003631860042,1.4544314045358888,0.21058638994196582,-1.327558113186978,0.2744324511807092,0.3301634761573873,-1.2583394588375707,2.356599580871432,1.0003838311748445,-1.0161329645585022,0
2.754063659175758,-1.1099901739376037,-0.502969299721533,0.649468403949297,2.637302443947715,0.9048055324001227,0.6202513843442227,-0.8828162337175963,-0.707102420612748,-0.34097028968400567,2.872610552162881,-0.6465048535138531,-1.0161329645585022,0
1.906818216372231,0.9009088760241706,-0.502969299721533,2.5639466636487245,1.7923945586535535,0.9048055324001227,0.6202513843442227,1.4316811360790147,0.16232109803924238,-0.9143260204049839,2.098594095225707,-0.5472946917856183,0.9841231756854657,0
1.398470950690115,0.9009088760241706,-0.502969299721533,-0.613321633023066,1.1164682504182242,0.9048055324001227,0.6162924219508665,0.2744324511807092,1.5688402266692962,2.1817949254882985,2.356599580871432,0.7225953783357871,-1.0161329645585022,1
1.906818216372231,0.9009088760241706,0.8491410419312149,-0.05226586098738485,2.130357712771218,0.9048055324001227,0.5727438356239495,1.4316811360790147,-0.37813135950118393,0.3470565871811683,1.3245776382885335,0.20670253734896618,0.9841231756854657,0
2.415165482054347,0.9009088760241706,-1.179024470547907,-0.6599723142118352,1.9613761357123858,-1.177851894974348,-0.3774071387815143,1.4316811360790147,0.3301634761573873,0.5763988794695595,2.872610552162881,0.4448069254967297,-1.0161329645585022,0
2.0762673049329363,-1.1099901739376037,0.8491410419312149,-0.054903187919857585,2.4683208668888827,0.9048055324001227,0.5489900612638129,-0.3041918912684436,0.15896425047687956,0.3470565871811683,2.356599580871432,-1.8568688265983175,-1.0161329645585022,0
2.415165482054347,-1.1099901739376037,1.5251962127575889,-0.5633861374513368,1.6234129815947211,0.9048055324001227,0.5410721364771007,0.2744324511807092,0.5785701957722418,1.7231103409115156,2.6146050665171567,1.4567505751247247,-1.0161329645585022,1
2.415165482054347,-1.1099901739376037,0.8491410419312149,-0.51923065180347,1.9613761357123858,0.9048055324001227,0.5410721364771007,0.2744324511807092,0.001192415045823164,1.6084391947673204,1.3245776382885335,1.0202258635204915,-1.0161329645585022,1
1.7373691278115257,-1.1099901739376037,0.8491410419312149,-0.6543818128100667,2.4683208668888827,-1.177851894974348,-0.5911911080227437,1.4316811360790147,0.8336906105118219,0.1177142948927768,1.3245776382885335,-0.051243883144444294,0.9841231756854657,0
1.5679200392508204,0.9009088760241706,1.5251962127575889,-0.6535290244606443,1.2854498274770565,-1.177851894974348,-1.042512820865339,-0.8828162337175963,-0.34120603631519225,-0.6849837281165926,2.6146050665171567,0.7225953783357871,0.9841231756854657,0
2.923512747736463,0.9009088760241706,-1.179024470547907,-0.8236918849240796,3.3132287521830444,0.9048055324001227,-1.121692068732461,1.4316811360790147,-1.6839450612603513,-0.570312581972397,1.3245776382885335,-0.36871640067479566,-1.0161329645585022,0
2.415165482054347,0.9009088760241706,-0.502969299721533,-0.7474620819118288,2.637302443947715,0.9048055324001227,-1.121692068732461,0.853056793629862,-0.21364582894540246,-0.6849837281165926,2.098594095225707,0.5440170872249644,0.9841231756854657,0
1.398470950690115,-1.1099901739376037,0.17308587110484092,-0.6605724245317991,2.130357712771218,0.9048055324001227,-1.121692068732461,-0.8828162337175963,-0.707102420612748,-0.7996548742607882,1.8405886095799828,1.6551708985811941,0.9841231756854657,0
2.415165482054347,0.9009088760241706,-0.502969299721533,-0.6357152233838225,2.2993392898300504,0.9048055324001227,-1.121692068732461,-1.461440576166749,-1.1804179269059165,-0.9143260204049839,2.872610552162881,2.1115376425310743,-1.0161329645585022,1
1.398470950690115,0.9009088760241706,1.5251962127575889,-0.5615226369840807,1.2854498274770565,0.9048055324001227,-1.121692068732461,-0.8828162337175963,-0.41841353024953903,-0.9143260204049839,2.356599580871432,0.14717644031202531,0.9841231756854657,0
1.398470950690115,-1.1099901739376037,-1.179024470547907,-0.6450485180969446,1.4544314045358888,-1.177851894974348,-0.6782882806765778,-0.8828162337175963,-0.11965409719924096,0.003043148748581378,1.8405886095799828,-1.7775006972157297,0.9841231756854657,0
2.2457163934936415,-1.1099901739376037,0.8491410419312149,-0.6357310157606637,2.637302443947715,-1.177851894974348,-0.5674373336626071,0.853056793629862,0.001192415045823164,0.1177142948927768,1.582583123934258,-1.4401861473397315,-1.0161329645585022,0
3.262410924857874,0.9009088760241706,0.8491410419312149,-0.33753935624599224,3.4822103292418767,0.9048055324001227,-1.121692068732461,0.2744324511807092,1.223084927745918,-1.143668312693375,2.872610552162881,0.5241750548793175,-1.0161329645585022,0
1.5679200392508204,-1.1099901739376037,-1.179024470547907,-0.337002415433393,1.4544314045358888,0.9048055324001227,-1.121692068732461,0.853056793629862,-0.4654093961226198,-1.143668312693375,1.582583123934258,0.7622794430270811,0.9841231756854657,0
1.398470950690115,0.9009088760241706,0.8491410419312149,-0.6398054489856815,0.9474866733593919,-1.177851894974348,0.38271364074285674,-1.461440576166749,-0.21364582894540246,1.8377814870557112,1.3245776382885335,-1.4997122443766724,0.9841231756854657,0
1.398470950690115,-1.1099901739376037,-0.502969299721533,-0.637610308604761,1.2854498274770565,-1.177851894974348,-0.7257958293968509,-0.8828162337175963,-0.7138161157374736,-0.11162799739561437,1.8405886095799828,1.0995939929030794,-1.0161329645585022,0
1.906818216372231,0.9009088760241706,0.8491410419312149,-0.13013807119111565,1.9613761357123858,0.9048055324001227,-1.121692068732461,0.853056793629862,2.609462971001795,-1.2583394588375707,1.8405886095799828,0.46464895784237664,-1.0161329645585022,1
1.398470950690115,-1.1099901739376037,0.8491410419312149,-0.10276988212539562,1.4544314045358888,0.9048055324001227,-1.121692068732461,-0.3041918912684436,0.16232109803924238,-1.2583394588375707,2.6146050665171567,-0.09092794783573821,-1.0161329645585022,1
1.906818216372231,0.9009088760241706,0.8491410419312149,0.0417145735943231,1.9613761357123858,0.9048055324001227,-1.121692068732461,-0.3041918912684436,-1.0495008719737637,-1.2583394588375707,1.582583123934258,-1.2616078562289088,0.9841231756854657,0
3.262410924857874,-1.1099901739376037,-1.179024470547907,0.11470693935413728,3.144247175124212,0.9048055324001227,-1.121692068732461,1.4316811360790147,1.357358830240434,-1.2583394588375707,1.3245776382885335,-0.32903233598350173,0.9841231756854657,0
1.7373691278115257,0.9009088760241706,0.8491410419312149,0.2761682001780966,1.7923945586535535,0.9048055324001227,-1.121692068732461,0.853056793629862,-0.005521280078902488,-1.2583394588375707,1.8405886095799828,0.9606997664835506,-1.0161329645585022,0
2.754063659175758,-1.1099901739376037,0.8491410419312149,0.985956577303767,2.637302443947715,0.9048055324001227,-1.121692068732461,0.2744324511807092,-1.2475548781531747,-1.3730106049817663,1.3245776382885335,0.4844909901880236,-1.0161329645585022,1
2.0762673049329363,0.9009088760241706,-0.502969299721533,-0.7900541222524214,2.130357712771218,0.9048055324001227,-1.0741845200121878,0.2744324511807092,-1.0495008719737637,-0.570312581972397,2.098594095225707,-0.13061201252703214,0.9841231756854657,0
2.2457163934936415,0.9009088760241706,-1.179024470547907,-0.881839416453209,2.637302443947715,0.9048055324001227,-1.0504307456520512,0.2744324511807092,1.8407448792206904,-0.2262991435398101,1.582583123934258,0.12733440796637835,-1.0161329645585022,1
1.398470950690115,0.9009088760241706,-1.179024470547907,-1.0399211086331612,1.2854498274770565,0.9048055324001227,-1.042512820865339,1.4316811360790147,1.934736610966852,0.8057411717579506,1.3245776382885335,-0.8846092416616166,-1.0161329645585022,1
3.431860013418579,0.9009088760241706,0.17308587110484092,-0.6348308502807178,2.9752655980653797,-1.177851894974348,0.8577891279455886,0.2744324511807092,-0.46205254856025635,2.7551506562092767,2.872610552162881,1.794065125000723,-1.0161329645585022,0
1.5679200392508204,-1.1099901739376037,0.8491410419312149,-0.9772569573274619,1.6234129815947211,0.9048055324001227,-1.042512820865339,1.4316811360790147,0.8739727812601764,0.3470565871811683,2.872610552162881,1.0599099282117854,-1.0161329645585022,1
1.5679200392508204,-1.1099901739376037,-1.179024470547907,-0.6311196417230467,1.9613761357123858,0.21058638994196582,-0.2507203421941191,-0.3041918912684436,1.6729025011025462,0.6910700256137552,1.3245776382885335,-0.6068207888225592,0.9841231756854657,0
1.5679200392508204,-1.1099901739376037,-0.502969299721533,-0.9150981620806794,1.7923945586535535,0.9048055324001227,-1.042512820865339,1.4316811360790147,0.001192415045823164,0.003043148748581378,2.6146050665171567,1.35754041339649,-1.0161329645585022,1
1.398470950690115,0.9009088760241706,0.17308587110484092,-0.6360942404280102,1.2854498274770565,-1.177851894974348,-0.47242223622206064,0.853056793629862,0.7497694214527494,0.3470565871811683,1.3245776382885335,1.4964346398160184,-1.0161329645585022,0
1.7373691278115257,0.9009088760241706,-0.502969299721533,-0.9022115825782977,1.9613761357123858,0.9048055324001227,-1.042512820865339,-0.8828162337175963,0.7464125738903866,-0.11162799739561437,2.098594095225707,0.6233852166075523,-1.0161329645585022,1
1.398470950690115,-1.1099901739376037,-1.179024470547907,-0.6267925304685704,1.4544314045358888,-1.177851894974348,-0.17154109432699713,-1.461440576166749,0.16232109803924238,0.8057411717579506,1.582583123934258,-1.202081759191968,-1.0161329645585022,0
2.2457163934936415,0.9009088760241706,-1.179024470547907,-0.8502546627709008,2.4683208668888827,0.9048055324001227,-1.042512820865339,0.2744324511807092,0.001192415045823164,-0.2262991435398101,2.356599580871432,-0.30919030363785477,0.9841231756854657,0
2.0762673049329363,-1.1099901739376037,0.8491410419312149,-0.8367205958180317,1.7923945586535535,0.9048055324001227,-1.042512820865339,-0.3041918912684436,1.0351014642535956,-0.34097028968400567,1.8405886095799828,-2.4719718293133734,-1.0161329645585022,1
1.5679200392508204,0.9009088760241706,-0.502969299721533,-0.8316986199825447,1.7923945586535535,0.9048055324001227,-1.042512820865339,0.2744324511807092,0.3939435798422821,-0.34097028968400567,2.6146050665171567,1.298014316359549,-1.0161329645585022,0
3.262410924857874,-1.1099901739376037,0.8491410419312149,-0.6752119578635489,3.144247175124212,0.9048055324001227,-1.042512820865339,0.853056793629862,0.4107278176540969,-0.6849837281165926,2.6146050665171567,-1.3608180179571436,0.9841231756854657,0
1.398470950690115,-1.1099901739376037,-1.179024470547907,-0.6800918023074655,1.6234129815947211,0.9048055324001227,-1.042512820865339,0.2744324511807092,-0.21028898138303903,-0.6849837281165926,1.3245776382885335,1.5361187045073124,-1.0161329645585022,0
1.5679200392508204,0.9009088760241706,0.8491410419312149,-0.6738222287015273,1.7923945586535535,0.9048055324001227,-1.042512820865339,0.2744324511807092,0.007906110170548816,-0.6849837281165926,1.8405886095799828,1.1392780575943733,0.9841231756854657,0
1.398470950690115,0.9009088760241706,0.8491410419312149,-0.657698211946709,1.2854498274770565,0.9048055324001227,-1.042512820865339,0.853056793629862,0.4745079213389917,-0.6849837281165926,1.582583123934258,1.0003838311748445,0.9841231756854657,0
2.415165482054347,0.9009088760241706,0.8491410419312149,-0.6428533777160241,2.2993392898300504,0.9048055324001227,-1.042512820865339,0.2744324511807092,-1.3482603050240614,-0.6849837281165926,1.582583123934258,0.18686050500331922,0.9841231756854657,0
3.262410924857874,0.9009088760241706,-1.179024470547907,-0.6782283018402093,3.3132287521830444,0.9048055324001227,-1.042512820865339,-0.3041918912684436,0.665848232393677,-0.6849837281165926,1.3245776382885335,0.008282213892496587,-1.0161329645585022,1
1.7373691278115257,-1.1099901739376037,-0.502969299721533,-0.6736327201794334,1.1164682504182242,0.9048055324001227,-1.042512820865339,-0.8828162337175963,0.954537122756886,-0.6849837281165926,2.098594095225707,0.08765034327508442,-1.0161329645585022,1
2.2457163934936415,0.9009088760241706,-0.502969299721533,-0.5405187757853457,2.4683208668888827,0.9048055324001227,-1.042512820865339,0.2744324511807092,0.001192415045823164,-0.7996548742607882,2.6146050665171567,0.10749237562073138,0.9841231756854657,0
2.0762673049329363,-1.1099901739376037,-1.179024470547907,-0.6202229017026504,1.7923945586535535,-1.177851894974348,-1.359229812333827,0.2744324511807092,0.001192415045823164,-1.3730106049817663,2.6146050665171567,-0.30919030363785477,0.9841231756854657,0
1.906818216372231,0.9009088760241706,-1.179024470547907,-0.5176198293656723,1.7923945586535535,0.9048055324001227,-1.042512820865339,0.2744324511807092,0.001192415045823164,-0.9143260204049839,2.6146050665171567,1.1988041546313142,0.9841231756854657,0
1.5679200392508204,-1.1099901739376037,-1.179024470547907,-0.49037797931468147,2.2993392898300504,0.9048055324001227,-1.042512820865339,1.4316811360790147,0.23617174441122635,-0.9143260204049839,2.356599580871432,1.1789621222856672,0.9841231756854657,0
2.2457163934936415,0.9009088760241706,0.8491410419312149,-0.6213915375888958,2.130357712771218,0.21058638994196582,-1.359229812333827,0.2744324511807092,-1.2475548781531747,-1.3730106049817663,2.872610552162881,0.18686050500331922,-1.0161329645585022,0
2.415165482054347,0.9009088760241706,-1.179024470547907,-0.5211257370244085,2.9752655980653797,0.9048055324001227,-1.042512820865339,0.2744324511807092,2.1999275683935204,-0.9143260204049839,2.356599580871432,0.06780831092943747,-1.0161329645585022,1
2.5846145706150523,0.9009088760241706,0.8491410419312149,-0.37413029338694626,1.9613761357123858,0.9048055324001227,-1.042512820865339,1.4316811360790147,0.23617174441122635,-1.0289971665491795,2.872610552162881,0.12733440796637835,-1.0161329645585022,0
1.7373691278115257,0.9009088760241706,-1.179024470547907,-0.34960473215263393,2.2993392898300504,0.9048055324001227,-1.042512820865339,1.4316811360790147,0.001192415045823164,-1.0289971665491795,1.3245776382885335,1.0797519605574324,-1.0161329645585022,0
1.398470950690115,-1.1099901739376037,1.5251962127575889,-0.6120266581220913,1.4544314045358888,0.21058638994196582,0.8577891279455886,1.4316811360790147,2.478545916069642,2.525808363920885,2.6146050665171567,1.4170665104334308,-1.0161329645585022,0
1.398470950690115,-1.1099901739376037,-1.179024470547907,-0.6080627715349617,1.6234129815947211,0.21058638994196582,-1.042512820865339,0.853056793629862,-0.8447331706696268,-0.7996548742607882,2.098594095225707,-1.3012919209202027,0.9841231756854657,0
1.906818216372231,0.9009088760241706,0.8491410419312149,-0.3559532676427779,1.6234129815947211,0.9048055324001227,-1.042512820865339,0.2744324511807092,0.16232109803924238,-1.0289971665491795,1.8405886095799828,0.8813316371009629,-1.0161329645585022,0
3.262410924857874,0.9009088760241706,0.8491410419312149,-0.6119003191073622,2.637302443947715,-1.177851894974348,0.06599664927436881,0.853056793629862,-1.8752853723150364,1.1497546101905376,1.582583123934258,-1.5195542767223194,0.9841231756854657,0
1.5679200392508204,0.9009088760241706,0.8491410419312149,-0.333212244991516,1.9613761357123858,0.9048055324001227,-1.042512820865339,-0.8828162337175963,-1.3482603050240614,-1.0289971665491795,2.098594095225707,0.26622863438590705,0.9841231756854657,0
1.7373691278115257,-1.1099901739376037,-1.179024470547907,-0.309539472106626,1.1164682504182242,0.9048055324001227,-1.042512820865339,-1.461440576166749,-1.173704231781191,-1.0289971665491795,1.8405886095799828,0.20670253734896618,0.9841231756854657,0
1.398470950690115,0.9009088760241706,0.8491410419312149,-0.29750568095366664,1.7923945586535535,0.9048055324001227,-1.042512820865339,1.4316811360790147,0.0851136041048956,-1.0289971665491795,1.3245776382885335,-2.075131182400434,0.9841231756854657,0
1.5679200392508204,0.9009088760241706,0.8491410419312149,-0.29550004909484007,2.130357712771218,0.9048055324001227,-1.042512820865339,1.4316811360790147,0.19253272610050842,-1.0289971665491795,2.098594095225707,-2.134657279437375,0.9841231756854657,0
2.415165482054347,0.9009088760241706,0.8491410419312149,-0.605836046400359,2.637302443947715,-1.177851894974348,-0.7257958293968509,1.4316811360790147,0.001192415045823164,-0.2262991435398101,1.3245776382885335,0.20670253734896618,-1.0161329645585022,0
1.398470950690115,0.9009088760241706,1.5251962127575889,-0.3203572502428166,1.2854498274770565,0.9048055324001227,0.38271364074285674,1.4316811360790147,1.0015329886299666,0.6910700256137552,1.3245776382885335,-0.09092794783573821,0.9841231756854657,0
3.262410924857874,-1.1099901739376037,-1.179024470547907,-0.6038777916720559,3.3132287521830444,-1.177851894974348,-0.4090788379283631,0.853056793629862,-1.1804179269059165,0.3470565871811683,1.8405886095799828,-0.24966420660091387,0.9841231756854657,0
1.906818216372231,-1.1099901739376037,0.8491410419312149,-0.2982321302883597,1.7923945586535535,0.9048055324001227,0.38271364074285674,0.853056793629862,0.23617174441122635,0.6910700256137552,2.356599580871432,-0.6465048535138531,-1.0161329645585022,0
1.398470950690115,0.9009088760241706,-1.179024470547907,-0.6034356051205035,1.7923945586535535,-1.177851894974348,-0.7257958293968509,1.4316811360790147,-0.11965409719924096,-0.2262991435398101,1.3245776382885335,2.0718535778397804,-1.0161329645585022,0
2.923512747736463,-1.1099901739376037,0.8491410419312149,-0.2980426217662659,2.9752655980653797,0.9048055324001227,0.38271364074285674,-0.3041918912684436,0.6255660616453219,0.6910700256137552,1.8405886095799828,0.40512286080543575,-1.0161329645585022,0
2.0762673049329363,-1.1099901739376037,-1.179024470547907,-0.2705480936858166,2.130357712771218,0.9048055324001227,0.38271364074285674,1.4316811360790147,0.5114332445249834,0.5763988794695595,2.356599580871432,0.12733440796637835,0.9841231756854657,0
3.262410924857874,0.9009088760241706,-0.502969299721533,-0.2624623967431457,3.144247175124212,0.9048055324001227,0.38271364074285674,-0.8828162337175963,0.3301634761573873,0.5763988794695595,2.098594095225707,0.3654387961141419,-1.0161329645585022,0
2.0762673049329363,-1.1099901739376037,1.5251962127575889,-0.23920022565612575,1.6234129815947211,0.9048055324001227,0.38271364074285674,-0.3041918912684436,-1.0495008719737637,0.5763988794695595,1.3245776382885335,1.4170665104334308,-1.0161329645585022,0
1.7373691278115257,0.9009088760241706,0.8491410419312149,-0.6031197575836805,1.9613761357123858,0.21058638994196582,0.22435514500861276,-0.3041918912684436,0.9981761410676039,1.379096902478929,2.872610552162881,-1.3608180179571436,0.9841231756854657,0
2.0762673049329363,-1.1099901739376037,-1.179024470547907,-0.22059680573724624,2.8062840210065474,0.9048055324001227,0.38271364074285674,0.853056793629862,-0.12972463988633004,0.4617277333253637,2.098594095225707,0.06780831092943747,0.9841231756854657,0
2.923512747736463,-1.1099901739376037,0.8491410419312149,-0.2087051459758572,2.9752655980653797,0.9048055324001227,0.38271364074285674,1.4316811360790147,-0.3680608168140954,0.4617277333253637,1.582583123934258,-0.15045404487267908,0.9841231756854657,0
2.5846145706150523,0.9009088760241706,-1.179024470547907,-0.6030407956994747,2.4683208668888827,-1.177851894974348,0.034324950127520015,-0.3041918912684436,0.001192415045823164,1.035083464046342,2.872610552162881,1.0202258635204915,0.9841231756854657,0
1.906818216372231,0.9009088760241706,0.8491410419312149,-0.3161248932493873,1.4544314045358888,0.9048055324001227,0.38271364074285674,-1.461440576166749,1.2029438423717405,0.6910700256137552,2.098594095225707,1.0202258635204915,-1.0161329645585022,1
2.2457163934936415,0.9009088760241706,-1.179024470547907,-0.20973165047053224,2.8062840210065474,0.9048055324001227,0.38271364074285674,-1.461440576166749,0.5114332445249834,0.4617277333253637,2.356599580871432,-1.0036614357354983,-1.0161329645585022,0
1.906818216372231,0.9009088760241706,-1.179024470547907,-0.6014457656385181,2.2993392898300504,-1.177851894974348,-0.6941241302500022,1.4316811360790147,-0.41841353024953903,-0.2262991435398101,2.6146050665171567,-1.12271362980938,-1.0161329645585022,0
1.5679200392508204,-1.1099901739376037,0.8491410419312149,-0.199971961582699,1.6234129815947211,0.9048055324001227,0.38271364074285674,0.2744324511807092,0.23617174441122635,0.4617277333253637,2.356599580871432,-1.4997122443766724,0.9841231756854657,0
3.0929618362971683,0.9009088760241706,-1.179024470547907,-0.1741830102010944,3.144247175124212,0.9048055324001227,0.38271364074285674,-0.3041918912684436,-0.21364582894540246,0.3470565871811683,2.098594095225707,0.9606997664835506,-1.0161329645585022,0
2.0762673049329363,0.9009088760241706,-1.179024470547907,-0.5933442763190061,1.6234129815947211,-1.177851894974348,0.06599664927436881,0.2744324511807092,0.001192415045823164,1.1497546101905376,1.582583123934258,-0.17029607721832604,0.9841231756854657,0
2.0762673049329363,0.9009088760241706,0.8491410419312149,-0.240558370064465,2.130357712771218,0.9048055324001227,-1.042512820865339,0.2744324511807092,-0.5661148229935064,-1.0289971665491795,2.356599580871432,-0.5076106270943244,0.9841231756854657,0
2.5846145706150523,0.9009088760241706,1.5251962127575889,-0.22430801429491745,3.144247175124212,0.9048055324001227,-1.042512820865339,-1.461440576166749,-0.6936750303632967,-1.0289971665491795,2.098594095225707,2.250431868950603,-1.0161329645585022,0
1.5679200392508204,-1.1099901739376037,1.5251962127575889,-0.3150510116241888,1.1164682504182242,0.9048055324001227,-1.042512820865339,-1.461440576166749,0.001192415045823164,-1.0289971665491795,2.098594095225707,-1.202081759191968,-1.0161329645585022,1
1.7373691278115257,-1.1099901739376037,-1.179024470547907,-0.5965343364409192,1.4544314045358888,-1.177851894974348,-0.527847709729046,0.853056793629862,-1.1804179269059165,0.1177142948927768,2.6146050665171567,0.14717644031202531,0.9841231756854657,0
1.5679200392508204,-1.1099901739376037,0.8491410419312149,-0.20614678092759026,1.6234129815947211,0.9048055324001227,-1.042512820865339,0.853056793629862,0.001192415045823164,-1.143668312693375,2.098594095225707,1.317856348705196,-1.0161329645585022,0
1.906818216372231,0.9009088760241706,0.8491410419312149,-0.2001140929742694,1.9613761357123858,0.9048055324001227,-1.042512820865339,0.2744324511807092,-0.2707122375055717,-1.143668312693375,2.356599580871432,1.4964346398160184,-1.0161329645585022,0
2.0762673049329363,-1.1099901739376037,-1.179024470547907,-0.1615649011050123,1.6234129815947211,0.9048055324001227,-1.042512820865339,-0.8828162337175963,-0.33784918875282943,-1.143668312693375,2.098594095225707,1.0995939929030794,-1.0161329645585022,0
2.415165482054347,0.9009088760241706,-1.179024470547907,-0.13577594972340765,2.4683208668888827,0.9048055324001227,-1.042512820865339,0.2744324511807092,-0.33449234119046656,-1.143668312693375,2.6146050665171567,0.0479662785837905,-1.0161329645585022,0
2.0762673049329363,-1.1099901739376037,-1.179024470547907,-0.21502209671231884,2.2993392898300504,0.9048055324001227,-1.042512820865339,-0.8828162337175963,1.9750187817152072,-1.0289971665491795,2.356599580871432,-0.6068207888225592,-1.0161329645585022,1
1.398470950690115,0.9009088760241706,-1.179024470547907,-0.5768570348968413,1.1164682504182242,-1.177851894974348,0.38271364074285674,-1.461440576166749,-0.707102420612748,1.6084391947673204,2.872610552162881,1.4170665104334308,-1.0161329645585022,0
1.5679200392508204,0.9009088760241706,1.5251962127575889,-0.10824983688927609,1.7923945586535535,0.9048055324001227,-1.042512820865339,-1.461440576166749,0.5114332445249834,-1.143668312693375,1.3245776382885335,2.210747804259309,-1.0161329645585022,0
2.0762673049329363,0.9009088760241706,-0.502969299721533,-0.5830160618648913,2.8062840210065474,-1.177851894974348,-0.6307807319563046,1.4316811360790147,-0.11965409719924096,-0.11162799739561437,1.8405886095799828,0.8614896047553159,0.9841231756854657,0
1.398470950690115,0.9009088760241706,0.17308587110484092,-0.07418568004290672,1.1164682504182242,0.9048055324001227,-1.042512820865339,-0.8828162337175963,-0.707102420612748,-1.143668312693375,1.582583123934258,1.9528013837658986,-1.0161329645585022,0
2.0762673049329363,-1.1099901739376037,0.8491410419312149,-0.03205161863070762,1.7923945586535535,0.9048055324001227,-1.042512820865339,-0.8828162337175963,-1.0964967378468442,-1.143668312693375,1.8405886095799828,-0.5869787564769122,0.9841231756854657,0
1.5679200392508204,0.9009088760241706,0.8491410419312149,-0.020523183536665143,1.4544314045358888,0.9048055324001227,-1.042512820865339,-1.461440576166749,0.5114332445249834,-1.143668312693375,2.098594095225707,-1.0433455004267922,0.9841231756854657,0
3.77075819053999,-1.1099901739376037,-1.179024470547907,-0.011553113490889623,3.651191906300709,0.9048055324001227,-1.042512820865339,1.4316811360790147,-0.005521280078902488,-1.143668312693375,2.098594095225707,-2.829128411535019,0.9841231756854657,0
1.398470950690115,0.9009088760241706,0.8491410419312149,-0.5832529475175087,1.9613761357123858,-1.177851894974348,-0.3298995900612411,-0.3041918912684436,1.7736079279734327,0.3470565871811683,2.6146050665171567,-0.051243883144444294,0.9841231756854657,0
1.5679200392508204,-1.1099901739376037,-1.179024470547907,-0.5799365483808663,1.7923945586535535,0.21058638994196582,1.0161476236798326,0.2744324511807092,-0.707102420612748,2.640479510065081,1.3245776382885335,0.305912699077201,0.9841231756854657,0
1.7373691278115257,0.9009088760241706,0.8491410419312149,-0.5810578071365883,1.7923945586535535,-1.177851894974348,-0.7574675285436998,1.4316811360790147,-1.173704231781191,-0.34097028968400567,2.098594095225707,0.6432272489531993,-1.0161329645585022,0
2.0762673049329363,-1.1099901739376037,0.17308587110484092,0.08373808836863413,1.9613761357123858,0.9048055324001227,-1.042512820865339,0.2744324511807092,-0.0860856215756121,-1.143668312693375,2.356599580871432,1.6353288662355472,-1.0161329645585022,0
1.398470950690115,0.9009088760241706,0.8491410419312149,-0.6987899764873919,1.7923945586535535,-1.177851894974348,-0.8841543251310949,-0.8828162337175963,-0.8447331706696268,-0.34097028968400567,1.8405886095799828,-0.26950623894656084,-1.0161329645585022,1
2.0762673049329363,-1.1099901739376037,0.8491410419312149,0.16892216904981927,2.8062840210065474,0.9048055324001227,-1.042512820865339,0.2744324511807092,1.0955247203761276,-1.2583394588375707,2.356599580871432,0.9606997664835506,0.9841231756854657,0
2.754063659175758,-1.1099901739376037,0.8491410419312149,0.25555914840039057,2.9752655980653797,0.9048055324001227,-1.042512820865339,-0.3041918912684436,-1.7510820125076092,-1.2583394588375707,1.3245776382885335,-0.011559818453150373,-1.0161329645585022,0
2.2457163934936415,0.9009088760241706,0.8491410419312149,0.3625525014992095,2.637302443947715,0.9048055324001227,-1.042512820865339,0.853056793629862,0.8336906105118219,-1.2583394588375707,2.872610552162881,-0.011559818453150373,-1.0161329645585022,0
1.5679200392508204,0.9009088760241706,0.8491410419312149,0.41976828279471073,1.7923945586535535,0.9048055324001227,-1.042512820865339,0.853056793629862,-1.2106295549671826,-1.2583394588375707,2.356599580871432,0.8813316371009629,0.9841231756854657,0
1.906818216372231,-1.1099901739376037,-0.502969299721533,0.537753130174973,2.2993392898300504,0.9048055324001227,-1.042512820865339,-0.8828162337175963,-0.005521280078902488,-1.2583394588375707,2.6146050665171567,0.10749237562073138,-1.0161329645585022,0
1.906818216372231,-1.1099901739376037,1.5251962127575889,0.5962796787482899,1.7923945586535535,0.9048055324001227,-1.042512820865339,0.853056793629862,-0.5896127559300467,-1.2583394588375707,2.872610552162881,0.6829113136444932,0.9841231756854657,0
1.7373691278115257,-1.1099901739376037,-0.502969299721533,-0.5845637147953244,1.1164682504182242,-1.177851894974348,0.552949023657169,-1.461440576166749,-1.2475548781531747,1.8377814870557112,2.6146050665171567,1.337698381050843,-1.0161329645585022,0
2.0762673049329363,0.9009088760241706,0.8491410419312149,-0.5859534439573459,2.4683208668888827,-1.177851894974348,-0.8841543251310949,-0.8828162337175963,-0.21364582894540246,-0.570312581972397,2.872610552162881,0.4249648931510827,-1.0161329645585022,0
2.2457163934936415,0.9009088760241706,-1.179024470547907,-0.5827475914585917,2.2993392898300504,-1.177851894974348,-1.2800505644667048,-1.461440576166749,0.6893461653302174,-1.2583394588375707,1.582583123934258,0.8614896047553159,-1.0161329645585022,0
1.906818216372231,-1.1099901739376037,0.8491410419312149,5.573357786875888,1.7923945586535535,0.9048055324001227,-1.042512820865339,0.853056793629862,0.15896425047687956,-1.487681751125962,1.582583123934258,0.3455967637684949,-1.0161329645585022,0
3.262410924857874,-1.1099901739376037,-1.179024470547907,-0.017475254806322404,3.651191906300709,0.9048055324001227,-1.0266769712919146,-1.461440576166749,0.8336906105118219,-1.143668312693375,1.582583123934258,0.5638591195706114,0.9841231756854657,0
1.398470950690115,-1.1099901739376037,0.8491410419312149,-0.30492809806900906,1.6234129815947211,0.9048055324001227,-1.0227180088985584,-0.3041918912684436,0.8269769153870962,-1.0289971665491795,2.098594095225707,0.7622794430270811,0.9841231756854657,0
1.398470950690115,0.9009088760241706,-1.179024470547907,-0.24205864586437464,1.6234129815947211,0.9048055324001227,-1.0187590465052023,-0.3041918912684436,1.4312094766124175,-1.0289971665491795,1.582583123934258,-1.7973427295613766,0.9841231756854657,0
2.2457163934936415,0.9009088760241706,-0.502969299721533,-0.5782309716820216,2.2993392898300504,-1.177851894974348,-1.2800505644667048,0.853056793629862,-0.21028898138303903,-1.2583394588375707,2.6146050665171567,-1.2417658238832618,-1.0161329645585022,0
1.398470950690115,-1.1099901739376037,0.8491410419312149,-0.5793048533072201,1.1164682504182242,-1.177851894974348,-0.3298995900612411,-0.3041918912684436,0.001192415045823164,0.3470565871811683,1.8405886095799828,1.1392780575943733,0.9841231756854657,0
1.5679200392508204,-1.1099901739376037,0.8491410419312149,-0.5977029723271646,1.7923945586535535,0.9048055324001227,-1.01084112171849,-0.8828162337175963,0.622209214082959,-0.6849837281165926,2.6146050665171567,0.5837011519162584,-1.0161329645585022,0
2.2457163934936415,-1.1099901739376037,0.17308587110484092,-0.44726479053833085,2.130357712771218,0.9048055324001227,-1.01084112171849,1.4316811360790147,0.3939435798422821,-0.9143260204049839,2.6146050665171567,1.8932752867289577,-1.0161329645585022,0
3.262410924857874,-1.1099901739376037,1.5251962127575889,-0.5810735995134294,2.637302443947715,0.21058638994196582,-1.121692068732461,0.853056793629862,0.001192415045823164,-0.9143260204049839,1.582583123934258,0.08765034327508442,-1.0161329645585022,0
1.5679200392508204,-1.1099901739376037,-0.502969299721533,-0.055361166848251056,1.6234129815947211,0.9048055324001227,-1.01084112171849,-1.461440576166749,0.001192415045823164,-1.143668312693375,1.3245776382885335,1.5361187045073124,-1.0161329645585022,0
1.398470950690115,0.9009088760241706,-1.179024470547907,0.4284856748110278,1.2854498274770565,0.9048055324001227,-1.01084112171849,0.2744324511807092,-0.005521280078902488,-1.2583394588375707,1.8405886095799828,-1.4798702120310254,0.9841231756854657,0
2.923512747736463,0.9009088760241706,-0.502969299721533,-0.5839636044753606,2.8062840210065474,-0.4836327525161911,-0.7574675285436998,0.853056793629862,0.001192415045823164,-0.34097028968400567,1.582583123934258,1.4567505751247247,-1.0161329645585022,0
2.415165482054347,-1.1099901739376037,-0.502969299721533,-0.5841057358669309,2.130357712771218,0.21058638994196582,-1.2008713165995828,0.853056793629862,-1.2207000976542715,-1.0289971665491795,2.098594095225707,1.714696995618135,0.9841231756854657,0
3.601309101979284,-1.1099901739376037,0.8491410419312149,-0.8063360627756513,3.3132287521830444,0.9048055324001227,-1.002923196931778,0.853056793629862,1.4110683912382405,-0.34097028968400567,1.582583123934258,0.9606997664835506,-1.0161329645585022,0
1.906818216372231,0.9009088760241706,-1.179024470547907,-0.6973528701948469,2.130357712771218,0.9048055324001227,-1.002923196931778,0.853056793629862,1.2465828606824585,-0.570312581972397,2.6146050665171567,1.0797519605574324,-1.0161329645585022,0
2.5846145706150523,0.9009088760241706,0.8491410419312149,1.1212340773250928,3.3132287521830444,0.9048055324001227,-1.002923196931778,-0.8828162337175963,-1.1804179269059165,-1.3730106049817663,2.6146050665171567,1.337698381050843,-1.0161329645585022,0
2.923512747736463,-1.1099901739376037,-1.179024470547907,-0.5787047429872563,3.144247175124212,-1.177851894974348,0.06599664927436881,-1.461440576166749,0.001192415045823164,1.035083464046342,2.872610552162881,1.0599099282117854,0.9841231756854657,0
2.0762673049329363,-1.1099901739376037,-1.179024470547907,-0.5664498585585207,1.9613761357123858,0.9048055324001227,-0.9989642345384219,0.2744324511807092,-0.7138161157374736,-0.7996548742607882,1.3245776382885335,0.6035431842619053,0.9841231756854657,0
3.431860013418579,0.9009088760241706,0.17308587110484092,-0.5823211972838805,3.3132287521830444,-1.177851894974348,-0.9950052721450657,0.853056793629862,-1.5496711587658354,-0.6849837281165926,1.8405886095799828,2.171063739568015,0.9841231756854657,0
1.906818216372231,0.9009088760241706,-0.502969299721533,-0.4904727335757284,2.637302443947715,0.9048055324001227,-0.9950052721450657,0.2744324511807092,0.001192415045823164,-0.7996548742607882,1.8405886095799828,-0.07108591549009124,0.9841231756854657,0
1.7373691278115257,0.9009088760241706,1.5251962127575889,-0.20614678092759026,1.9613761357123858,0.9048055324001227,-0.9910463097517096,-0.3041918912684436,1.9750187817152072,-1.0289971665491795,2.098594095225707,0.8614896047553159,0.9841231756854657,0
2.2457163934936415,-1.1099901739376037,-0.502969299721533,-0.5833792865322379,1.7923945586535535,-1.177851894974348,-0.7812213029038364,-0.8828162337175963,-1.0495008719737637,-0.34097028968400567,2.872610552162881,0.8614896047553159,0.9841231756854657,0
1.398470950690115,0.9009088760241706,0.8491410419312149,-0.582479121052292,1.1164682504182242,-1.177851894974348,-0.7257958293968509,-0.3041918912684436,-1.6839450612603513,-0.2262991435398101,1.3245776382885335,-1.4600281796853785,0.9841231756854657,0
2.5846145706150523,-1.1099901739376037,0.17308587110484092,-0.5758779075326896,2.8062840210065474,-1.177851894974348,0.06599664927436881,0.2744324511807092,-0.25392799969375696,1.035083464046342,1.8405886095799828,1.8139071573463699,0.9841231756854657,0
2.415165482054347,-1.1099901739376037,-1.179024470547907,-0.6902778853700099,2.4683208668888827,0.9048055324001227,-0.9712514977849291,0.2744324511807092,-1.0092187012254088,-0.45564143582820127,2.872610552162881,0.38528082845978884,0.9841231756854657,0
1.398470950690115,0.9009088760241706,0.8491410419312149,-0.9376496762098475,1.4544314045358888,0.9048055324001227,-0.963333572998217,-0.8828162337175963,-0.21700267650776528,0.3470565871811683,2.098594095225707,1.4567505751247247,-1.0161329645585022,1
1.7373691278115257,0.9009088760241706,0.8491410419312149,-0.859809050759799,1.7923945586535535,0.9048055324001227,-0.963333572998217,0.2744324511807092,0.5382880250238866,0.003043148748581378,2.6146050665171567,0.26622863438590705,-1.0161329645585022,0
2.415165482054347,0.9009088760241706,0.8491410419312149,-0.5848795623321476,2.130357712771218,0.9048055324001227,-0.963333572998217,0.2744324511807092,0.561785957960427,-0.6849837281165926,2.6146050665171567,1.5758027691986063,0.9841231756854657,0
1.906818216372231,-1.1099901739376037,-0.502969299721533,-0.5691029778678346,1.9613761357123858,-1.177851894974348,-0.38928402596158257,0.853056793629862,-1.0427871768490378,0.23238544103697253,1.582583123934258,1.317856348705196,0.9841231756854657,0
2.754063659175758,-1.1099901739376037,0.8491410419312149,-0.5408188309453276,2.8062840210065474,0.9048055324001227,-0.963333572998217,0.2744324511807092,0.6255660616453219,-0.6849837281165926,1.8405886095799828,-0.8647672093159696,0.9841231756854657,0
2.5846145706150523,-1.1099901739376037,0.8491410419312149,-0.5700978976088273,2.8062840210065474,-1.177851894974348,-0.7257958293968509,1.4316811360790147,-0.3680608168140954,-0.34097028968400567,2.872610552162881,-0.24966420660091387,0.9841231756854657,0
1.906818216372231,-1.1099901739376037,-1.179024470547907,-0.5151720109552934,2.637302443947715,0.9048055324001227,-0.963333572998217,-0.8828162337175963,0.665848232393677,-0.7996548742607882,2.356599580871432,0.5440170872249644,0.9841231756854657,0
2.2457163934936415,-1.1099901739376037,0.8491410419312149,-0.5035804063538862,1.9613761357123858,0.9048055324001227,-0.963333572998217,0.853056793629862,0.7061304031420315,-0.7996548742607882,1.8405886095799828,0.6829113136444932,-1.0161329645585022,0
2.2457163934936415,-1.1099901739376037,-1.179024470547907,-0.5603066239673118,2.130357712771218,-1.177851894974348,-1.121692068732461,1.4316811360790147,-1.0427871768490378,-0.9143260204049839,1.582583123934258,0.38528082845978884,0.9841231756854657,0
1.398470950690115,-1.1099901739376037,0.8491410419312149,-0.5681080581268418,1.4544314045358888,0.21058638994196582,0.8577891279455886,1.4316811360790147,-1.0427871768490378,2.2964660716324943,1.582583123934258,-0.686188918205147,0.9841231756854657,0
1.5679200392508204,-1.1099901739376037,-1.179024470547907,-0.5642231334239179,1.4544314045358888,-1.177851894974348,0.38271364074285674,-1.461440576166749,-1.6705176710108995,1.4937680486231246,1.8405886095799828,1.0599099282117854,0.9841231756854657,0
1.7373691278115257,0.9009088760241706,-1.179024470547907,-0.43060383297091326,1.9613761357123858,0.9048055324001227,-0.963333572998217,-1.461440576166749,0.27645391515958084,-0.7996548742607882,1.582583123934258,2.1115376425310743,-1.0161329645585022,0
3.431860013418579,0.9009088760241706,-1.179024470547907,-0.5625333491019144,3.4822103292418767,0.21058638994196582,-0.2507203421941191,1.4316811360790147,-1.3482603050240614,0.4617277333253637,2.356599580871432,-0.7655570475877348,0.9841231756854657,0
1.5679200392508204,0.9009088760241706,-0.502969299721533,-0.41564845210234036,2.130357712771218,0.9048055324001227,-0.963333572998217,1.4316811360790147,0.8739727812601764,-0.7996548742607882,2.356599580871432,1.1789621222856672,-1.0161329645585022,0
1.5679200392508204,0.9009088760241706,0.8491410419312149,-0.5651390912807049,1.6234129815947211,-1.177851894974348,-0.09236184645987515,-0.8828162337175963,-1.1804179269059165,0.6910700256137552,2.872610552162881,0.9805417988291976,0.9841231756854657,0
1.398470950690115,-1.1099901739376037,0.8491410419312149,-0.24779127865771358,1.1164682504182242,0.9048055324001227,-0.963333572998217,-0.8828162337175963,-0.5661148229935064,-1.0289971665491795,2.872610552162881,0.7424374106814341,0.9841231756854657,0
1.7373691278115257,-1.1099901739376037,0.8491410419312149,-0.5679027572279068,2.2993392898300504,-1.177851894974348,-0.5674373336626071,-1.461440576166749,1.0015329886299666,0.003043148748581378,2.6146050665171567,0.38528082845978884,0.9841231756854657,0
2.754063659175758,0.9009088760241706,-0.502969299721533,-0.6798707090316893,3.144247175124212,-1.177851894974348,-0.804975077263973,-1.461440576166749,1.5486991412951188,-0.2262991435398101,2.356599580871432,0.6233852166075523,-1.0161329645585022,1
2.754063659175758,0.9009088760241706,0.8491410419312149,-0.558695801529514,2.4683208668888827,-1.177851894974348,0.38271364074285674,-0.3041918912684436,1.0015329886299666,1.4937680486231246,1.582583123934258,1.5162766721616654,0.9841231756854657,0
2.0762673049329363,0.9009088760241706,0.8491410419312149,-1.0510231495524927,2.130357712771218,0.9048055324001227,-0.9554156482115047,-0.3041918912684436,0.16232109803924238,1.4937680486231246,2.356599580871432,0.5043330225336705,-1.0161329645585022,1
1.906818216372231,-1.1099901739376037,-0.502969299721533,-0.6749592798340904,1.4544314045358888,0.9048055324001227,-0.9474977234247925,0.853056793629862,-1.1166378232210217,-0.45564143582820127,1.8405886095799828,-2.075131182400434,0.9841231756854657,0
1.5679200392508204,-1.1099901739376037,0.8491410419312149,-0.5727510169181412,1.1164682504182242,0.9048055324001227,-0.9474977234247925,1.4316811360790147,-0.21364582894540246,-0.6849837281165926,1.582583123934258,0.46464895784237664,0.9841231756854657,0
1.7373691278115257,0.9009088760241706,0.8491410419312149,-0.5602592468367883,1.7923945586535535,-1.177851894974348,1.3328646151483206,1.4316811360790147,-0.21028898138303903,3.0991640946418633,1.8405886095799828,1.278172284013902,0.9841231756854657,0
2.754063659175758,0.9009088760241706,0.8491410419312149,-0.5640652096555064,2.8062840210065474,-1.177851894974348,-1.359229812333827,-0.8828162337175963,-1.173704231781191,-1.3730106049817663,2.098594095225707,-1.8171847619070236,-1.0161329645585022,0
1.398470950690115,0.9009088760241706,-1.179024470547907,-0.5428244628041542,1.7923945586535535,0.9048055324001227,0.22435514500861276,-0.8828162337175963,0.5785701957722418,1.1497546101905376,1.582583123934258,-0.03140185079879733,0.9841231756854657,0
2.0762673049329363,0.9009088760241706,0.8491410419312149,-0.5271900097314116,1.9613761357123858,0.9048055324001227,0.22435514500861276,1.4316811360790147,-0.21364582894540246,1.1497546101905376,1.3245776382885335,-0.13061201252703214,0.9841231756854657,0
1.5679200392508204,-1.1099901739376037,1.5251962127575889,-0.5668604603563907,0.7785050963005594,-1.177851894974348,-0.2507203421941191,1.4316811360790147,-1.0495008719737637,0.4617277333253637,2.356599580871432,1.0599099282117854,0.9841231756854657,0
2.2457163934936415,-1.1099901739376037,-1.179024470547907,-0.33716033920180455,1.7923945586535535,0.9048055324001227,0.22435514500861276,0.2744324511807092,-1.1233515183457474,0.5763988794695595,2.356599580871432,1.4964346398160184,0.9841231756854657,0
2.754063659175758,0.9009088760241706,0.8491410419312149,-0.5620279930429976,2.8062840210065474,-1.177851894974348,-1.359229812333827,1.4316811360790147,0.15896425047687956,-1.3730106049817663,2.356599580871432,0.286070666731554,-1.0161329645585022,0
1.906818216372231,0.9009088760241706,-1.179024470547907,-0.4499810793550093,1.2854498274770565,0.9048055324001227,0.22435514500861276,0.853056793629862,0.8538316958859994,0.8057411717579506,1.582583123934258,-0.7060309505507939,-1.0161329645585022,1
1.398470950690115,0.9009088760241706,-1.179024470547907,-0.5648706208744053,1.1164682504182242,-1.177851894974348,0.38271364074285674,1.4316811360790147,-0.46205254856025635,1.4937680486231246,2.356599580871432,0.4448069254967297,0.9841231756854657,0
3.0929618362971683,0.9009088760241706,0.8491410419312149,-0.10325944580747139,3.3132287521830444,0.9048055324001227,0.22435514500861276,-1.461440576166749,-0.3680608168140954,0.1177142948927768,1.8405886095799828,-0.7457150152420878,-1.0161329645585022,0
2.754063659175758,-1.1099901739376037,0.8491410419312149,-0.07124829795045207,2.9752655980653797,0.9048055324001227,0.22435514500861276,-1.461440576166749,-0.9857207682888686,0.1177142948927768,2.6146050665171567,0.12733440796637835,-1.0161329645585022,0
1.5679200392508204,-1.1099901739376037,0.8491410419312149,-0.05169733542110331,1.6234129815947211,0.9048055324001227,0.22435514500861276,-1.461440576166749,0.001192415045823164,0.003043148748581378,2.6146050665171567,-1.162397694500674,0.9841231756854657,0
2.754063659175758,0.9009088760241706,-1.179024470547907,-0.09013598065247234,2.8062840210065474,0.9048055324001227,0.22435514500861276,-1.461440576166749,1.6829730437896346,0.1177142948927768,2.356599580871432,1.4765926074703717,-1.0161329645585022,1
2.5846145706150523,0.9009088760241706,-1.179024470547907,0.07326774252294897,1.7923945586535535,0.9048055324001227,0.22435514500861276,1.4316811360790147,-1.2475548781531747,-0.11162799739561437,2.6146050665171567,1.0599099282117854,-1.0161329645585022,0
1.7373691278115257,0.9009088760241706,-0.502969299721533,-0.5642073410470768,1.6234129815947211,-1.177851894974348,-0.17154109432699713,-0.3041918912684436,0.4040141225293712,0.5763988794695595,2.6146050665171567,0.821805540064022,-1.0161329645585022,0
1.7373691278115257,0.9009088760241706,0.8491410419312149,0.8044863750220654,1.4544314045358888,0.9048055324001227,0.22435514500861276,-0.3041918912684436,0.8336906105118219,-0.6849837281165926,1.582583123934258,0.6630692812988462,-1.0161329645585022,0
2.0762673049329363,0.9009088760241706,0.8491410419312149,0.5728279991391761,2.4683208668888827,0.9048055324001227,0.22435514500861276,0.2744324511807092,1.934736610966852,-0.570312581972397,2.6146050665171567,-0.22982217425526694,-1.0161329645585022,1
1.5679200392508204,0.9009088760241706,0.8491410419312149,-0.3408241706289523,1.1164682504182242,0.9048055324001227,0.21643722022190057,1.4316811360790147,-1.6839450612603513,0.5763988794695595,1.8405886095799828,-1.4203441149940845,0.9841231756854657,0
1.398470950690115,0.9009088760241706,0.8491410419312149,-0.20442541185190446,1.7923945586535535,0.9048055324001227,0.20851929543518838,-0.3041918912684436,0.4745079213389917,0.23238544103697253,1.8405886095799828,0.18686050500331922,0.9841231756854657,0
2.754063659175758,-1.1099901739376037,1.5251962127575889,1.1173649449990102,2.2993392898300504,0.9048055324001227,0.20456033304183227,0.853056793629862,-1.2979075915886182,-0.7996548742607882,2.098594095225707,1.5758027691986063,0.9841231756854657,0
1.906818216372231,-1.1099901739376037,0.8491410419312149,-0.5172092275678023,2.4683208668888827,0.9048055324001227,0.20060137064847616,1.4316811360790147,-0.005521280078902488,1.035083464046342,2.098594095225707,0.8813316371009629,-1.0161329645585022,0
2.754063659175758,0.9009088760241706,-1.179024470547907,-0.581957972616534,3.4822103292418767,0.9048055324001227,0.19664240825512008,-1.461440576166749,-0.11965409719924096,1.2644257563347332,1.582583123934258,1.3773824457421369,-1.0161329645585022,1
1.5679200392508204,0.9009088760241706,0.8491410419312149,-0.6787652426528086,1.9613761357123858,0.9048055324001227,0.19268344586176397,-0.8828162337175963,0.4040141225293712,1.7231103409115156,2.098594095225707,0.8416475724096689,-1.0161329645585022,1
1.398470950690115,0.9009088760241706,0.8491410419312149,-0.6243605044350328,1.7923945586535535,0.9048055324001227,0.19268344586176397,-0.3041918912684436,1.327147202179168,1.4937680486231246,2.356599580871432,-0.6663468858595001,-1.0161329645585022,1
3.262410924857874,-1.1099901739376037,0.8491410419312149,-0.18070526183649102,3.4822103292418767,0.9048055324001227,0.19268344586176397,1.4316811360790147,-0.21700267650776528,0.23238544103697253,1.3245776382885335,-0.36871640067479566,-1.0161329645585022,0
2.2457163934936415,-1.1099901739376037,-1.179024470547907,-0.10902366335449264,2.2993392898300504,0.9048055324001227,0.19268344586176397,0.853056793629862,-0.08944246913797492,0.1177142948927768,1.3245776382885335,-0.7853990799333818,0.9841231756854657,0
2.2457163934936415,-1.1099901739376037,-1.179024470547907,0.07107260214202855,2.4683208668888827,0.9048055324001227,0.19268344586176397,-0.8828162337175963,-1.8752853723150364,-0.11162799739561437,1.8405886095799828,1.278172284013902,-1.0161329645585022,0
1.7373691278115257,-1.1099901739376037,-1.179024470547907,0.08716503414316457,1.4544314045358888,0.9048055324001227,0.19268344586176397,-1.461440576166749,0.4040141225293712,-0.11162799739561437,2.6146050665171567,0.14717644031202531,-1.0161329645585022,0
1.5679200392508204,0.9009088760241706,1.5251962127575889,0.20758190755696446,1.2854498274770565,0.9048055324001227,0.19268344586176397,0.2744324511807092,-1.2979075915886182,-0.2262991435398101,2.872610552162881,1.4170665104334308,-1.0161329645585022,0
1.906818216372231,-1.1099901739376037,0.8491410419312149,1.0077658497214008,2.130357712771218,0.9048055324001227,0.19268344586176397,-0.8828162337175963,-1.1804179269059165,-0.6849837281165926,1.8405886095799828,0.4249648931510827,-1.0161329645585022,0
1.5679200392508204,0.9009088760241706,0.8491410419312149,-0.4729905724125708,1.9613761357123858,0.9048055324001227,0.1847655210750518,0.853056793629862,1.4647779522360462,0.9204123179021463,2.098594095225707,1.6154868338899002,-1.0161329645585022,0
1.5679200392508204,-1.1099901739376037,0.8491410419312149,-0.5460934848102731,1.1164682504182242,-1.177851894974348,-0.8841543251310949,-0.8828162337175963,-0.1397951825734185,-0.570312581972397,1.582583123934258,-0.36871640067479566,0.9841231756854657,0
2.2457163934936415,0.9009088760241706,-1.179024470547907,-0.5478938157701646,2.8062840210065474,-1.177851894974348,-0.5674373336626071,-0.8828162337175963,0.665848232393677,-0.11162799739561437,1.3245776382885335,-0.4282424977117365,0.9841231756854657,0
2.0762673049329363,0.9009088760241706,0.8491410419312149,-0.677375513490787,1.7923945586535535,0.9048055324001227,0.16497070910827127,1.4316811360790147,0.001192415045823164,1.7231103409115156,2.872610552162881,-0.07108591549009124,-1.0161329645585022,1
2.0762673049329363,-1.1099901739376037,-1.179024470547907,0.9767496216053742,1.9613761357123858,0.9048055324001227,0.16497070910827127,-0.3041918912684436,0.04483143335654109,-0.7996548742607882,1.8405886095799828,0.10749237562073138,0.9841231756854657,0
2.0762673049329363,0.9009088760241706,-1.179024470547907,-0.6972265311801177,1.9613761357123858,0.9048055324001227,0.1451758971414908,0.853056793629862,-1.173704231781191,1.7231103409115156,2.6146050665171567,-0.44808453005738347,-1.0161329645585022,1
1.398470950690115,-1.1099901739376037,0.8491410419312149,-0.542698123789425,1.2854498274770565,-1.177851894974348,-0.4090788379283631,0.853056793629862,-1.3751150855229646,0.1177142948927768,1.8405886095799828,0.06780831092943747,0.9841231756854657,0
1.7373691278115257,0.9009088760241706,0.8491410419312149,-0.26915836452379505,2.130357712771218,0.9048055324001227,0.1451758971414908,1.4316811360790147,0.5114332445249834,0.3470565871811683,2.872610552162881,1.1591200899400202,0.9841231756854657,0
3.262410924857874,-1.1099901739376037,0.17308587110484092,-0.5486360574816989,3.144247175124212,-1.177851894974348,-0.34573543963466546,0.853056793629862,-1.0092187012254088,0.23238544103697253,1.8405886095799828,1.8734332543833108,0.9841231756854657,0
2.5846145706150523,-1.1099901739376037,1.5251962127575889,-0.5663077271669503,2.9752655980653797,0.9048055324001227,0.12934004756806639,0.853056793629862,-1.1233515183457474,1.1497546101905376,2.098594095225707,1.6353288662355472,-1.0161329645585022,0
2.5846145706150523,0.9009088760241706,0.8491410419312149,0.46127064913326365,2.637302443947715,0.9048055324001227,0.12934004756806639,-1.461440576166749,0.16232109803924238,-0.45564143582820127,2.098594095225707,-1.182239726846321,0.9841231756854657,0
1.5679200392508204,0.9009088760241706,-1.179024470547907,-0.4448011797511108,1.6234129815947211,0.9048055324001227,-0.9474977234247925,0.2744324511807092,-1.0495008719737637,-0.7996548742607882,1.582583123934258,1.1591200899400202,0.9841231756854657,0
1.398470950690115,0.9009088760241706,-1.179024470547907,-0.5415926574105442,1.2854498274770565,-1.177851894974348,-0.527847709729046,0.853056793629862,-1.6805882136979884,0.003043148748581378,2.098594095225707,-0.8846092416616166,0.9841231756854657,0
2.0762673049329363,0.9009088760241706,-0.502969299721533,-0.534912482006736,1.9613761357123858,-1.177851894974348,0.06599664927436881,0.853056793629862,0.04483143335654109,0.9204123179021463,1.3245776382885335,0.9805417988291976,0.9841231756854657,0
3.0929618362971683,-1.1099901739376037,0.8491410419312149,-0.21709089807851004,3.144247175124212,0.9048055324001227,-0.9474977234247925,0.853056793629862,-0.33784918875282943,-1.0289971665491795,2.098594095225707,1.1988041546313142,-1.0161329645585022,0
2.923512747736463,0.9009088760241706,0.8491410419312149,-0.5351019905288299,2.2993392898300504,-1.177851894974348,-0.7257958293968509,-1.461440576166749,0.16232109803924238,-0.34097028968400567,2.6146050665171567,0.782121475372728,0.9841231756854657,0
1.906818216372231,-1.1099901739376037,-1.179024470547907,-0.10915000236922187,1.7923945586535535,0.9048055324001227,-0.9474977234247925,0.853056793629862,-1.6839450612603513,-1.0289971665491795,1.3245776382885335,1.298014316359549,0.9841231756854657,0
1.7373691278115257,0.9009088760241706,-1.179024470547907,-0.5340281089036314,1.4544314045358888,-0.4836327525161911,0.38271364074285674,-0.8828162337175963,0.8269769153870962,1.379096902478929,2.6146050665171567,-0.2893482712922078,-1.0161329645585022,1
1.398470950690115,0.9009088760241706,-0.502969299721533,-0.5381815040128549,2.130357712771218,-1.177851894974348,0.06599664927436881,1.4316811360790147,-0.5661148229935064,0.9204123179021463,1.582583123934258,1.4567505751247247,0.9841231756854657,0
1.5679200392508204,-1.1099901739376037,1.5251962127575889,0.055232848170351005,1.7923945586535535,0.9048055324001227,-0.9474977234247925,-0.3041918912684436,1.417782086362966,-1.143668312693375,2.356599580871432,-0.03140185079879733,0.9841231756854657,0
1.398470950690115,-1.1099901739376037,-0.502969299721533,0.1581833527978345,1.1164682504182242,0.9048055324001227,-0.9474977234247925,-0.8828162337175963,1.5486991412951188,-1.143668312693375,1.582583123934258,-0.30919030363785477,-1.0161329645585022,1
2.2457163934936415,0.9009088760241706,1.5251962127575889,-0.6590879411087306,2.8062840210065474,0.9048055324001227,-0.9316618738513681,0.2744324511807092,1.7836784706605218,-0.45564143582820127,2.872610552162881,-0.011559818453150373,-1.0161329645585022,1
2.415165482054347,0.9009088760241706,-1.179024470547907,-0.5233050850284877,2.637302443947715,-1.177851894974348,-0.4882580857954851,0.2744324511807092,0.001192415045823164,0.003043148748581378,2.098594095225707,1.1988041546313142,-1.0161329645585022,0
3.0929618362971683,0.9009088760241706,-1.179024470547907,1.4022436308365887,3.4822103292418767,0.9048055324001227,-0.9277029114580121,1.4316811360790147,0.001192415045823164,-1.3730106049817663,2.872610552162881,1.8734332543833108,-1.0161329645585022,0
1.5679200392508204,-1.1099901739376037,0.8491410419312149,-0.8367205958180317,1.9613761357123858,0.9048055324001227,-0.9158260242779438,-1.461440576166749,0.001192415045823164,0.003043148748581378,1.8405886095799828,0.9805417988291976,-1.0161329645585022,1
3.77075819053999,0.9009088760241706,-0.502969299721533,-0.5486518498585401,3.651191906300709,0.9048055324001227,-0.9158260242779438,-1.461440576166749,0.5114332445249834,-0.6849837281165926,2.356599580871432,0.305912699077201,-1.0161329645585022,0
1.906818216372231,-1.1099901739376037,-1.179024470547907,-0.10978169744286803,2.2993392898300504,0.9048055324001227,-0.9158260242779438,-0.3041918912684436,-0.21364582894540246,-1.0289971665491795,2.098594095225707,0.4844909901880236,0.9841231756854657,0
1.398470950690115,0.9009088760241706,0.8491410419312149,-0.2238026582360005,0.7785050963005594,0.9048055324001227,-0.9158260242779438,0.853056793629862,0.001192415045823164,-0.9143260204049839,2.356599580871432,0.9408577341379036,-1.0161329645585022,1
2.415165482054347,-1.1099901739376037,-0.502969299721533,-0.637499761966873,2.130357712771218,-1.177851894974348,0.06599664927436881,0.853056793629862,-0.1397951825734185,1.2644257563347332,1.582583123934258,0.9210157017922567,-1.0161329645585022,1
1.398470950690115,0.9009088760241706,-1.179024470547907,0.3603889458719714,1.1164682504182242,0.9048055324001227,-0.9118670618845877,0.2744324511807092,-1.8752853723150364,-1.143668312693375,2.356599580871432,-0.11076998018138517,-1.0161329645585022,0
2.0762673049329363,0.9009088760241706,-1.179024470547907,-0.9910279099329483,1.4544314045358888,0.9048055324001227,-0.9079080994912315,-1.461440576166749,-0.34120603631519225,0.9204123179021463,1.582583123934258,1.1194360252487263,-1.0161329645585022,1
1.5679200392508204,-1.1099901739376037,-0.502969299721533,0.23138101945658365,1.2854498274770565,0.9048055324001227,-0.8999901747045194,1.4316811360790147,0.001192415045823164,-1.143668312693375,2.6146050665171567,-0.20998014190961997,0.9841231756854657,0
1.5679200392508204,0.9009088760241706,0.8491410419312149,-1.0143374581504918,1.6234129815947211,0.9048055324001227,-0.8841543251310949,-0.8828162337175963,-0.34120603631519225,1.379096902478929,1.8405886095799828,1.258330251668255,-1.0161329645585022,1
1.7373691278115257,-1.1099901739376037,-1.179024470547907,-0.9122397418724305,1.4544314045358888,0.9048055324001227,-0.8841543251310949,0.853056793629862,1.676259348664909,0.4617277333253637,1.3245776382885335,0.9210157017922567,-1.0161329645585022,1
2.923512747736463,0.9009088760241706,0.8491410419312149,-0.8789178267375954,3.144247175124212,0.9048055324001227,-0.8841543251310949,1.4316811360790147,-0.33784918875282943,0.23238544103697253,2.356599580871432,0.6432272489531993,-1.0161329645585022,1
3.77075819053999,-1.1099901739376037,-1.179024470547907,-0.8877141806381182,3.651191906300709,0.9048055324001227,-0.8841543251310949,-0.8828162337175963,0.001192415045823164,0.3470565871811683,1.582583123934258,1.754381060309429,-1.0161329645585022,1
1.5679200392508204,0.9009088760241706,-0.502969299721533,-0.8509179425982293,0.9474866733593919,0.9048055324001227,-0.8841543251310949,1.4316811360790147,2.820944367430657,0.1177142948927768,2.6146050665171567,0.008282213892496587,0.9841231756854657,0
2.2457163934936415,0.9009088760241706,0.17308587110484092,-0.8398790711862625,2.9752655980653797,0.9048055324001227,-0.8841543251310949,0.2744324511807092,-1.173704231781191,0.1177142948927768,2.098594095225707,2.0718535778397804,-1.0161329645585022,0
1.5679200392508204,0.9009088760241706,0.8491410419312149,-0.8298193271384474,1.4544314045358888,0.9048055324001227,-0.8841543251310949,0.2744324511807092,-0.33784918875282943,0.1177142948927768,2.872610552162881,1.5956448015442533,0.9841231756854657,0
1.7373691278115257,0.9009088760241706,-1.179024470547907,-0.8296456109931947,1.1164682504182242,0.9048055324001227,-0.8841543251310949,1.4316811360790147,0.561785957960427,0.1177142948927768,1.582583123934258,0.305912699077201,-1.0161329645585022,0
2.2457163934936415,-1.1099901739376037,-0.502969299721533,-0.7889644482503817,1.6234129815947211,0.9048055324001227,-0.8841543251310949,-1.461440576166749,1.6997572816014495,-0.11162799739561437,2.098594095225707,-0.8647672093159696,-1.0161329645585022,1
1.398470950690115,0.9009088760241706,1.5251962127575889,-0.5222785805338127,1.2854498274770565,-1.177851894974348,-1.2800505644667048,1.4316811360790147,0.001192415045823164,-1.2583394588375707,2.356599580871432,-0.15045404487267908,-1.0161329645585022,0
2.923512747736463,0.9009088760241706,1.5251962127575889,-0.5251527931189027,3.144247175124212,-1.177851894974348,-0.18737694390042153,0.853056793629862,0.3939435798422821,0.4617277333253637,1.3245776382885335,1.754381060309429,0.9841231756854657,0
2.415165482054347,0.9009088760241706,-0.502969299721533,-0.7493571671327673,1.6234129815947211,0.9048055324001227,-0.8841543251310949,-1.461440576166749,-0.34120603631519225,-0.2262991435398101,2.872610552162881,-1.0235034680811452,0.9841231756854657,0
1.5679200392508204,-1.1099901739376037,-1.179024470547907,-0.5206835504728562,0.9474866733593919,-1.177851894974348,-0.4090788379283631,1.4316811360790147,-1.0427871768490378,0.1177142948927768,1.8405886095799828,-0.07108591549009124,-1.0161329645585022,0
1.398470950690115,-1.1099901739376037,-1.179024470547907,-0.7212783211091953,1.1164682504182242,0.9048055324001227,-0.8841543251310949,0.2744324511807092,0.2865244578466693,-0.2262991435398101,1.582583123934258,-1.4401861473397315,0.9841231756854657,0
2.754063659175758,0.9009088760241706,-1.179024470547907,-0.5218206016054192,2.637302443947715,-1.177851894974348,-0.43679157468185575,0.853056793629862,-0.707102420612748,0.1177142948927768,1.582583123934258,1.5361187045073124,0.9841231756854657,0
2.0762673049329363,0.9009088760241706,1.5251962127575889,-0.6971317769190708,1.9613761357123858,0.9048055324001227,-0.8841543251310949,0.2744324511807092,-0.08944246913797492,-0.34097028968400567,2.356599580871432,1.0995939929030794,-1.0161329645585022,0
1.5679200392508204,0.9009088760241706,-0.502969299721533,-0.6802813108295593,0.9474866733593919,0.9048055324001227,-0.8841543251310949,0.2744324511807092,0.2965950005337584,-0.34097028968400567,2.872610552162881,1.258330251668255,-1.0161329645585022,0
1.5679200392508204,-1.1099901739376037,-1.179024470547907,-0.5189463890203292,1.4544314045358888,-1.177851894974348,-1.1375279183058853,-1.461440576166749,-1.3482603050240614,-1.0289971665491795,2.872610552162881,0.08765034327508442,-1.0161329645585022,0
1.398470950690115,-1.1099901739376037,-0.502969299721533,-0.6757488986761481,1.6234129815947211,0.9048055324001227,-0.8841543251310949,-0.8828162337175963,-0.08944246913797492,-0.34097028968400567,1.582583123934258,0.2463866020402601,0.9841231756854657,0
1.398470950690115,0.9009088760241706,-1.179024470547907,-0.5215995083296431,1.1164682504182242,0.21058638994196582,0.06599664927436881,0.853056793629862,-1.623521805137819,0.8057411717579506,1.8405886095799828,0.5043330225336705,0.9841231756854657,0
2.923512747736463,0.9009088760241706,-0.502969299721533,-0.6533395159385504,3.144247175124212,0.9048055324001227,-0.8841543251310949,0.853056793629862,1.327147202179168,-0.45564143582820127,2.872610552162881,1.278172284013902,0.9841231756854657,0
2.754063659175758,-1.1099901739376037,-1.179024470547907,-0.5218206016054192,2.2993392898300504,-1.177851894974348,-1.121692068732461,-0.3041918912684436,0.001192415045823164,-1.0289971665491795,2.872610552162881,-0.46792656240303043,-1.0161329645585022,0
2.754063659175758,0.9009088760241706,0.8491410419312149,-0.6389052835057356,2.130357712771218,0.9048055324001227,-0.8841543251310949,-0.8828162337175963,1.1223795008750308,-0.45564143582820127,1.8405886095799828,0.6035431842619053,0.9841231756854657,0
1.906818216372231,0.9009088760241706,0.8491410419312149,-0.5164511934794269,1.9613761357123858,-1.177851894974348,-0.963333572998217,0.2744324511807092,0.9981761410676039,-0.7996548742607882,2.872610552162881,0.9011736694466097,0.9841231756854657,0
1.398470950690115,-1.1099901739376037,-1.179024470547907,-0.5989347777207746,1.2854498274770565,0.9048055324001227,-0.8841543251310949,1.4316811360790147,1.2029438423717405,-0.45564143582820127,1.3245776382885335,-0.36871640067479566,-1.0161329645585022,1
2.923512747736463,0.9009088760241706,0.8491410419312149,-0.5852585793763352,2.637302443947715,0.9048055324001227,-0.8841543251310949,0.2744324511807092,0.8336906105118219,-0.570312581972397,2.356599580871432,0.008282213892496587,0.9841231756854657,0
1.398470950690115,0.9009088760241706,1.5251962127575889,-0.5134822266332899,1.7923945586535535,-1.177851894974348,-1.2008713165995828,-0.3041918912684436,0.001192415045823164,-1.143668312693375,1.8405886095799828,-0.40840046536608954,0.9841231756854657,0
1.398470950690115,-1.1099901739376037,-0.502969299721533,-0.6830923539072847,1.9613761357123858,0.9048055324001227,-0.8841543251310949,1.4316811360790147,2.344272013575125,-0.34097028968400567,2.356599580871432,1.4369085427790778,-1.0161329645585022,1
2.754063659175758,0.9009088760241706,0.8491410419312149,-0.5697504653183219,2.4683208668888827,0.9048055324001227,-0.8841543251310949,1.4316811360790147,1.407711543675877,-0.570312581972397,1.582583123934258,0.6233852166075523,-1.0161329645585022,0
2.5846145706150523,-1.1099901739376037,-1.179024470547907,-0.5066599198379114,2.637302443947715,-1.177851894974348,-0.2507203421941191,1.4316811360790147,-0.34120603631519225,0.3470565871811683,2.6146050665171567,1.317856348705196,0.9841231756854657,0
1.398470950690115,0.9009088760241706,0.8491410419312149,-0.5077811785936333,1.4544314045358888,-1.177851894974348,-0.4090788379283631,1.4316811360790147,-1.7510820125076092,0.1177142948927768,2.872610552162881,0.8416475724096689,0.9841231756854657,0
1.398470950690115,0.9009088760241706,-1.179024470547907,-0.6166380321597084,1.6234129815947211,0.9048055324001227,-0.8841543251310949,0.853056793629862,0.001192415045823164,-0.45564143582820127,2.872610552162881,-0.38855843302044263,-1.0161329645585022,1
2.5846145706150523,0.9009088760241706,0.8491410419312149,-0.4889882501526599,2.8062840210065474,0.9048055324001227,-0.8841543251310949,0.853056793629862,-0.005521280078902488,-0.6849837281165926,1.3245776382885335,0.7622794430270811,-1.0161329645585022,0
1.906818216372231,-1.1099901739376037,0.8491410419312149,-0.6003560916364785,2.2993392898300504,0.9048055324001227,-0.8841543251310949,0.2744324511807092,0.001192415045823164,-0.45564143582820127,1.8405886095799828,0.9210157017922567,-1.0161329645585022,1
1.7373691278115257,0.9009088760241706,-1.179024470547907,-0.49096229725780416,1.2854498274770565,0.9048055324001227,-0.8841543251310949,0.2744324511807092,0.16232109803924238,-0.6849837281165926,1.582583123934258,0.40512286080543575,-1.0161329645585022,0
3.262410924857874,0.9009088760241706,1.5251962127575889,-0.5052070211685251,3.4822103292418767,-1.177851894974348,-0.6307807319563046,-0.8828162337175963,-0.811164695045998,-0.2262991435398101,1.3245776382885335,0.5043330225336705,-1.0161329645585022,0
1.5679200392508204,-1.1099901739376037,1.5251962127575889,-0.5788310820019855,1.2854498274770565,0.9048055324001227,-0.8841543251310949,0.2744324511807092,-0.5661148229935064,-0.570312581972397,2.6146050665171567,1.2186461869769611,-1.0161329645585022,1
3.0929618362971683,-1.1099901739376037,0.8491410419312149,-0.6182804393511884,3.3132287521830444,-1.177851894974348,0.38271364074285674,0.2744324511807092,0.001192415045823164,1.7231103409115156,2.098594095225707,0.028124246238143545,-1.0161329645585022,1
2.2457163934936415,-1.1099901739376037,-0.502969299721533,-0.4452591586795043,2.130357712771218,0.9048055324001227,-0.8841543251310949,1.4316811360790147,0.8135495251376443,-0.6849837281165926,2.098594095225707,-0.9639773710442044,0.9841231756854657,0
1.5679200392508204,-1.1099901739376037,1.5251962127575889,-0.49860580764892276,1.1164682504182242,0.21058638994196582,-0.2507203421941191,1.4316811360790147,-0.8447331706696268,0.3470565871811683,1.8405886095799828,-0.30919030363785477,0.9841231756854657,0
2.2457163934936415,0.9009088760241706,0.8491410419312149,-0.4247448611628451,2.130357712771218,0.9048055324001227,-0.8841543251310949,0.2744324511807092,0.7464125738903866,-0.6849837281165926,2.6146050665171567,0.801963507718375,0.9841231756854657,0
1.398470950690115,-1.1099901739376037,0.17308587110484092,-0.4321041087708229,1.7923945586535535,0.9048055324001227,-0.8841543251310949,-1.461440576166749,0.9780350556934264,-0.6849837281165926,2.098594095225707,-0.24966420660091387,-1.0161329645585022,0
2.0762673049329363,0.9009088760241706,0.8491410419312149,-0.500169252956197,2.637302443947715,0.21058638994196582,0.06599664927436881,0.853056793629862,-1.2475548781531747,0.8057411717579506,1.3245776382885335,1.1591200899400202,-1.0161329645585022,0
1.398470950690115,0.9009088760241706,-0.502969299721533,-0.4996796892741212,1.4544314045358888,0.21058638994196582,-0.7257958293968509,1.4316811360790147,-1.7510820125076092,-0.45564143582820127,2.6146050665171567,1.1591200899400202,-1.0161329645585022,0
1.5679200392508204,0.9009088760241706,0.17308587110484092,-0.3201519493438816,1.2854498274770565,0.9048055324001227,-0.8841543251310949,0.2744324511807092,-0.5896127559300467,-0.7996548742607882,1.8405886095799828,2.0718535778397804,0.9841231756854657,0
1.5679200392508204,0.9009088760241706,0.8491410419312149,-0.49705815471848963,1.4544314045358888,-1.177851894974348,-0.5674373336626071,-0.3041918912684436,0.001192415045823164,-0.2262991435398101,2.872610552162881,0.7622794430270811,0.9841231756854657,0
1.5679200392508204,0.9009088760241706,-1.179024470547907,-0.4922256874050965,1.7923945586535535,-1.177851894974348,0.8577891279455886,-0.3041918912684436,0.7464125738903866,1.952452633199907,1.3245776382885335,1.1988041546313142,-1.0161329645585022,0
1.7373691278115257,0.9009088760241706,0.8491410419312149,-0.29692136301054395,1.6234129815947211,0.9048055324001227,-0.8841543251310949,1.4316811360790147,-1.0495008719737637,-0.7996548742607882,1.582583123934258,-0.4877685947486774,0.9841231756854657,0
3.431860013418579,-1.1099901739376037,0.8491410419312149,-0.3031277671091175,3.8201734833595413,0.9048055324001227,-0.8841543251310949,-0.8828162337175963,-1.1166378232210217,-0.7996548742607882,1.3245776382885335,0.286070666731554,-1.0161329645585022,0
1.5679200392508204,-1.1099901739376037,-1.179024470547907,-0.4911991829104215,1.7923945586535535,0.21058638994196582,-0.6307807319563046,0.853056793629862,-1.4993184453303918,-0.34097028968400567,2.6146050665171567,-2.3926036999307856,0.9841231756854657,0
1.7373691278115257,-1.1099901739376037,0.8491410419312149,-0.38782228410822683,1.6234129815947211,0.9048055324001227,-0.8841543251310949,-0.8828162337175963,0.16232109803924238,-0.7996548742607882,2.356599580871432,0.0479662785837905,-1.0161329645585022,1
2.0762673049329363,-1.1099901739376037,-1.179024470547907,-0.27757570138013016,1.4544314045358888,0.9048055324001227,-0.8841543251310949,0.2744324511807092,0.03811773823181484,-0.9143260204049839,2.098594095225707,1.298014316359549,-1.0161329645585022,0
2.415165482054347,-1.1099901739376037,-1.179024470547907,-0.489098796790548,2.2993392898300504,-1.177851894974348,-1.121692068732461,-0.3041918912684436,-1.8752853723150364,-1.0289971665491795,1.582583123934258,1.5956448015442533,0.9841231756854657,0
2.923512747736463,-1.1099901739376037,0.8491410419312149,-0.20657317510230142,2.4683208668888827,0.9048055324001227,-0.8841543251310949,0.853056793629862,-1.6705176710108995,-0.9143260204049839,1.582583123934258,0.7622794430270811,0.9841231756854657,0
2.2457163934936415,-1.1099901739376037,-0.502969299721533,-0.4878511990200968,1.9613761357123858,-1.177851894974348,-1.327558113186978,1.4316811360790147,1.4110683912382405,-1.3730106049817663,2.6146050665171567,1.8535912220376638,-1.0161329645585022,0
1.5679200392508204,0.9009088760241706,0.8491410419312149,-0.0814817581435199,0.7785050963005594,0.9048055324001227,-0.8841543251310949,1.4316811360790147,1.2801513363060872,-1.0289971665491795,1.582583123934258,-2.075131182400434,0.9841231756854657,0
1.5679200392508204,0.9009088760241706,0.17308587110484092,-0.051570996406374074,1.4544314045358888,0.9048055324001227,-0.8841543251310949,-0.3041918912684436,0.001192415045823164,-1.0289971665491795,1.8405886095799828,0.286070666731554,-1.0161329645585022,0
1.398470950690115,0.9009088760241706,1.5251962127575889,0.13621615661178915,1.2854498274770565,0.9048055324001227,-0.8841543251310949,0.853056793629862,0.03811773823181484,-1.0289971665491795,2.6146050665171567,0.46464895784237664,-1.0161329645585022,0
1.7373691278115257,0.9009088760241706,1.5251962127575889,0.15592504290954945,1.6234129815947211,0.9048055324001227,-0.8841543251310949,-1.461440576166749,0.0851136041048956,-1.143668312693375,2.098594095225707,1.8535912220376638,0.9841231756854657,0
1.5679200392508204,0.9009088760241706,0.8491410419312149,-0.4964264596448435,1.7923945586535535,-1.177851894974348,1.2536853672811985,1.4316811360790147,-1.0427871768490378,2.525808363920885,1.582583123934258,0.0479662785837905,0.9841231756854657,0
2.2457163934936415,-1.1099901739376037,0.8491410419312149,0.1674218932499096,2.637302443947715,0.9048055324001227,-0.8841543251310949,0.853056793629862,1.7736079279734327,-1.143668312693375,1.582583123934258,0.028124246238143545,0.9841231756854657,0
3.601309101979284,0.9009088760241706,0.8491410419312149,0.3872675712556156,3.651191906300709,0.9048055324001227,-0.8841543251310949,0.2744324511807092,0.001192415045823164,-1.143668312693375,2.872610552162881,1.4964346398160184,-1.0161329645585022,0
1.398470950690115,-1.1099901739376037,-1.179024470547907,0.1941899719956658,2.130357712771218,0.9048055324001227,-0.8841543251310949,-1.461440576166749,2.142861159833352,-1.143668312693375,1.8405886095799828,-0.5472946917856183,-1.0161329645585022,1
2.754063659175758,0.9009088760241706,0.8491410419312149,-0.4818343034436171,2.9752655980653797,-1.177851894974348,-0.2507203421941191,1.4316811360790147,-1.4724636648314886,0.23238544103697253,1.8405886095799828,1.8535912220376638,-1.0161329645585022,0
2.0762673049329363,0.9009088760241706,-1.179024470547907,-0.7039067065839258,1.4544314045358888,0.9048055324001227,-0.8524826259842462,0.853056793629862,1.2465828606824585,-0.2262991435398101,2.6146050665171567,0.7424374106814341,-1.0161329645585022,1
1.906818216372231,0.9009088760241706,-1.179024470547907,-0.4889566653989776,2.130357712771218,0.21058638994196582,0.8577891279455886,-0.3041918912684436,-1.8752853723150364,1.952452633199907,1.8405886095799828,1.258330251668255,-1.0161329645585022,0
3.0929618362971683,-1.1099901739376037,0.8491410419312149,-0.29712666390947895,2.9752655980653797,0.9048055324001227,-0.8287288516241096,0.2744324511807092,-0.005521280078902488,-0.7996548742607882,2.356599580871432,0.782121475372728,0.9841231756854657,0
1.7373691278115257,0.9009088760241706,-1.179024470547907,-0.4811552312394475,1.9613761357123858,0.21058638994196582,-0.09236184645987515,0.2744324511807092,-1.1804179269059165,0.4617277333253637,2.6146050665171567,1.1988041546313142,0.9841231756854657,0
1.7373691278115257,0.9009088760241706,-0.502969299721533,-0.6009877867101246,1.6234129815947211,-1.177851894974348,-0.2507203421941191,1.4316811360790147,1.5486991412951188,0.5763988794695595,1.3245776382885335,0.8813316371009629,-1.0161329645585022,1
1.398470950690115,0.9009088760241706,-0.502969299721533,-0.4889882501526599,1.4544314045358888,0.21058638994196582,0.6994306322113446,1.4316811360790147,-0.005521280078902488,1.7231103409115156,2.6146050665171567,-0.11076998018138517,0.9841231756854657,0
1.5679200392508204,0.9009088760241706,0.8491410419312149,-0.48567185101601756,1.2854498274770565,-1.177851894974348,1.0161476236798326,0.2744324511807092,-0.005521280078902488,2.1817949254882985,2.356599580871432,-0.051243883144444294,0.9841231756854657,0
1.398470950690115,-1.1099901739376037,1.5251962127575889,-0.8687159512982099,1.1164682504182242,0.9048055324001227,-0.8247698892307535,1.4316811360790147,-0.08944246913797492,0.4617277333253637,2.872610552162881,-0.2893482712922078,0.9841231756854657,0
1.7373691278115257,-1.1099901739376037,-1.179024470547907,-0.7894540119324576,1.7923945586535535,0.9048055324001227,-0.8208109268373974,-0.3041918912684436,1.0351014642535956,0.1177142948927768,2.098594095225707,0.5638591195706114,-1.0161329645585022,1
1.5679200392508204,-1.1099901739376037,-0.502969299721533,-0.22610834525480902,1.4544314045358888,0.9048055324001227,-0.8208109268373974,1.4316811360790147,1.5486991412951188,-0.7996548742607882,1.3245776382885335,0.5638591195706114,-1.0161329645585022,1
1.398470950690115,0.9009088760241706,0.17308587110484092,-0.49284159010190154,2.130357712771218,-1.177851894974348,-0.8841543251310949,-0.8828162337175963,2.371126794074029,-0.6849837281165926,2.098594095225707,0.801963507718375,0.9841231756854657,0
1.398470950690115,-1.1099901739376037,0.8491410419312149,-0.4888145340074072,1.2854498274770565,-1.177851894974348,-0.5674373336626071,-0.8828162337175963,0.001192415045823164,-0.2262991435398101,2.356599580871432,1.1194360252487263,-1.0161329645585022,0
1.398470950690115,-1.1099901739376037,-1.179024470547907,-0.4863509232201872,1.2854498274770565,-1.177851894974348,-0.5674373336626071,-0.8828162337175963,-0.8447331706696268,-0.2262991435398101,2.872610552162881,0.4844909901880236,0.9841231756854657,0
1.5679200392508204,0.9009088760241706,0.8491410419312149,-0.48391889718664943,1.6234129815947211,0.21058638994196582,-0.7257958293968509,-0.3041918912684436,0.001192415045823164,-0.45564143582820127,1.582583123934258,0.22654456969461315,0.9841231756854657,0
1.7373691278115257,-1.1099901739376037,1.5251962127575889,-0.4873458429611799,1.7923945586535535,-1.177851894974348,0.06599664927436881,0.2744324511807092,-1.6839450612603513,0.6910700256137552,2.872610552162881,0.20670253734896618,0.9841231756854657,0
1.906818216372231,0.9009088760241706,-1.179024470547907,-0.48736163533802107,2.4683208668888827,0.21058638994196582,-1.359229812333827,1.4316811360790147,-0.21364582894540246,-1.3730106049817663,2.6146050665171567,-1.3806600503027906,0.9841231756854657,0
2.923512747736463,-1.1099901739376037,-0.502969299721533,-0.6404213516824865,3.3132287521830444,0.9048055324001227,-0.804975077263973,0.853056793629862,-1.173704231781191,-0.34097028968400567,1.582583123934258,1.4964346398160184,0.9841231756854657,0
3.0929618362971683,-1.1099901739376037,0.8491410419312149,-0.5820843116312633,3.144247175124212,0.9048055324001227,-0.804975077263973,0.853056793629862,0.561785957960427,-0.45564143582820127,1.8405886095799828,-0.3488743683291487,-1.0161329645585022,0
3.0929618362971683,0.9009088760241706,0.8491410419312149,-0.4909149201272807,3.144247175124212,-1.177851894974348,0.38271364074285674,-0.8828162337175963,-1.3751150855229646,1.2644257563347332,1.3245776382885335,0.6829113136444932,-1.0161329645585022,0
2.754063659175758,0.9009088760241706,0.8491410419312149,-0.5754515133579785,1.7923945586535535,0.9048055324001227,-0.804975077263973,-1.461440576166749,1.2029438423717405,-0.45564143582820127,1.3245776382885335,-3.5235995436326624,-1.0161329645585022,1
1.7373691278115257,0.9009088760241706,0.17308587110484092,-0.44783331610461236,1.4544314045358888,0.9048055324001227,-0.804975077263973,0.2744324511807092,-1.4724636648314886,-0.570312581972397,1.3245776382885335,0.9408577341379036,0.9841231756854657,0
2.2457163934936415,-1.1099901739376037,0.8491410419312149,-0.48646146985807526,2.130357712771218,-1.177851894974348,-1.2800505644667048,0.2744324511807092,-0.21700267650776528,-1.2583394588375707,2.6146050665171567,-0.5076106270943244,0.9841231756854657,0
1.5679200392508204,0.9009088760241706,0.8491410419312149,-0.38442692308737875,1.9613761357123858,0.9048055324001227,-0.804975077263973,-1.461440576166749,0.2865244578466693,-0.6849837281165926,2.6146050665171567,0.9011736694466097,-1.0161329645585022,0
2.5846145706150523,0.9009088760241706,0.8491410419312149,-0.30287508907965904,1.6234129815947211,0.9048055324001227,-0.804975077263973,0.853056793629862,-0.08944246913797492,-0.7996548742607882,2.6146050665171567,-0.09092794783573821,0.9841231756854657,0
1.398470950690115,0.9009088760241706,1.5251962127575889,-0.49303109862399536,0.9474866733593919,0.21058638994196582,-0.7257958293968509,0.853056793629862,-1.0495008719737637,-0.45564143582820127,1.582583123934258,1.4567505751247247,-1.0161329645585022,0
1.906818216372231,0.9009088760241706,-0.502969299721533,-0.2559243527309079,1.7923945586535535,0.9048055324001227,-0.804975077263973,1.4316811360790147,0.3301634761573873,-0.7996548742607882,1.3245776382885335,-0.5869787564769122,0.9841231756854657,0
2.0762673049329363,-1.1099901739376037,-0.502969299721533,-0.24177438308123386,2.2993392898300504,0.9048055324001227,-0.804975077263973,0.2744324511807092,-1.6705176710108995,-0.7996548742607882,2.6146050665171567,1.5361187045073124,-1.0161329645585022,0
1.7373691278115257,0.9009088760241706,-0.502969299721533,-0.014585249844391208,1.9613761357123858,0.9048055324001227,-0.804975077263973,-0.3041918912684436,0.8135495251376443,-0.9143260204049839,1.582583123934258,1.0202258635204915,-1.0161329645585022,0
2.5846145706150523,0.9009088760241706,0.8491410419312149,0.025859027245804404,2.2993392898300504,0.9048055324001227,-0.804975077263973,0.2744324511807092,-1.8752853723150364,-0.9143260204049839,1.8405886095799828,-0.8449251769703227,-1.0161329645585022,0
1.906818216372231,-1.1099901739376037,0.8491410419312149,0.3644633790969891,2.130357712771218,0.9048055324001227,-0.804975077263973,0.853056793629862,-0.005521280078902488,-1.143668312693375,2.098594095225707,0.5638591195706114,-1.0161329645585022,0
1.906818216372231,0.9009088760241706,1.5251962127575889,0.8384399852305466,1.6234129815947211,0.9048055324001227,-0.804975077263973,-0.3041918912684436,0.8336906105118219,-1.2583394588375707,1.3245776382885335,0.14717644031202531,0.9841231756854657,0
3.77075819053999,-1.1099901739376037,1.5251962127575889,-0.573761729035975,3.8201734833595413,0.9048055324001227,-0.7891392276905486,0.2744324511807092,0.4107278176540969,-0.34097028968400567,1.8405886095799828,0.8813316371009629,-1.0161329645585022,0
1.7373691278115257,0.9009088760241706,-1.179024470547907,-0.4496336470645039,2.130357712771218,0.9048055324001227,-0.7891392276905486,-1.461440576166749,0.001192415045823164,-0.570312581972397,2.6146050665171567,-0.5274526594399713,0.9841231756854657,0
2.2457163934936415,-1.1099901739376037,-1.179024470547907,-0.3764991499131194,2.2993392898300504,0.9048055324001227,-0.7891392276905486,0.853056793629862,-0.005521280078902488,-0.6849837281165926,2.6146050665171567,0.286070666731554,0.9841231756854657,0
3.77075819053999,0.9009088760241706,-1.179024470547907,-0.48406102857821987,4.496099791594871,0.21058638994196582,-0.2507203421941191,-0.3041918912684436,-1.0495008719737637,0.23238544103697253,2.098594095225707,0.6630692812988462,-1.0161329645585022,0
3.262410924857874,0.9009088760241706,-1.179024470547907,-0.48598769855284063,2.8062840210065474,-1.177851894974348,-0.5674373336626071,0.853056793629862,-1.0964967378468442,-0.2262991435398101,1.3245776382885335,-0.5869787564769122,0.9841231756854657,0
2.5846145706150523,0.9009088760241706,-1.179024470547907,-0.4909149201272807,2.2993392898300504,-1.177851894974348,1.3328646151483206,0.2744324511807092,0.27645391515958084,2.640479510065081,2.356599580871432,-0.38855843302044263,0.9841231756854657,0
1.7373691278115257,-1.1099901739376037,1.5251962127575889,-0.3532685635797817,1.2854498274770565,0.9048055324001227,-0.7614264909370558,0.2744324511807092,0.001192415045823164,-0.6849837281165926,1.8405886095799828,0.46464895784237664,0.9841231756854657,0
1.398470950690115,0.9009088760241706,-1.179024470547907,-0.9796573986073174,1.2854498274770565,0.9048055324001227,-0.7574675285436998,0.2744324511807092,1.4345663241747801,1.4937680486231246,2.356599580871432,0.6829113136444932,-1.0161329645585022,1
1.7373691278115257,0.9009088760241706,-0.502969299721533,-0.4892093434284361,2.130357712771218,-1.177851894974348,-0.8841543251310949,0.853056793629862,0.4040141225293712,-0.6849837281165926,1.8405886095799828,0.38528082845978884,-1.0161329645585022,0
1.906818216372231,0.9009088760241706,-1.179024470547907,-0.789296088164046,1.7923945586535535,0.9048055324001227,-0.7574675285436998,-1.461440576166749,-1.1804179269059165,0.23238544103697253,2.6146050665171567,1.238488219322608,0.9841231756854657,0
1.5679200392508204,-1.1099901739376037,-1.179024470547907,-0.6625622640137845,2.130357712771218,0.9048055324001227,-0.7574675285436998,1.4316811360790147,0.16232109803924238,-0.11162799739561437,2.6146050665171567,0.6233852166075523,-1.0161329645585022,0
1.398470950690115,-1.1099901739376037,-0.502969299721533,-0.48783540664325564,1.2854498274770565,0.21058638994196582,-0.7257958293968509,0.853056793629862,-1.0092187012254088,-0.45564143582820127,2.6146050665171567,0.8416475724096689,0.9841231756854657,0
1.7373691278115257,-1.1099901739376037,-0.502969299721533,-0.6083786190717848,1.4544314045358888,0.9048055324001227,-0.7574675285436998,1.4316811360790147,-0.8447331706696268,-0.2262991435398101,1.3245776382885335,0.14717644031202531,0.9841231756854657,0
2.0762673049329363,-1.1099901739376037,0.8491410419312149,-0.4824659985172633,2.2993392898300504,0.21058638994196582,0.38271364074285674,0.853056793629862,0.23617174441122635,1.1497546101905376,2.356599580871432,0.7424374106814341,0.9841231756854657,0
1.7373691278115257,-1.1099901739376037,-1.179024470547907,-0.48954098334210033,1.7923945586535535,-1.177851894974348,0.38271364074285674,-0.3041918912684436,-0.707102420612748,1.2644257563347332,2.356599580871432,-0.8647672093159696,-1.0161329645585022,0
1.5679200392508204,0.9009088760241706,0.8491410419312149,-0.5625175567250733,1.6234129815947211,0.9048055324001227,-0.7574675285436998,0.853056793629862,-0.0860856215756121,-0.34097028968400567,2.098594095225707,0.4249648931510827,0.9841231756854657,0
1.7373691278115257,-1.1099901739376037,0.17308587110484092,-0.48170796442888786,1.6234129815947211,-1.177851894974348,0.8577891279455886,-0.8828162337175963,1.6997572816014495,1.8377814870557112,2.098594095225707,0.6829113136444932,-1.0161329645585022,0
1.398470950690115,0.9009088760241706,-1.179024470547907,-0.48826180081796683,1.6234129815947211,0.9048055324001227,-0.7574675285436998,1.4316811360790147,0.001192415045823164,-0.45564143582820127,2.356599580871432,0.3455967637684949,-1.0161329645585022,0
3.0929618362971683,0.9009088760241706,-1.179024470547907,-0.4762595944186897,2.9752655980653797,0.21058638994196582,-0.8841543251310949,-0.8828162337175963,0.23617174441122635,-0.6849837281165926,2.872610552162881,-0.2893482712922078,0.9841231756854657,0
1.398470950690115,0.9009088760241706,-1.179024470547907,-0.473006364789412,1.7923945586535535,-1.177851894974348,-0.33385855245459717,1.4316811360790147,-1.8752853723150364,0.1177142948927768,1.8405886095799828,1.3972244780877838,0.9841231756854657,0
1.5679200392508204,0.9009088760241706,1.5251962127575889,-0.4709059786695385,1.2854498274770565,0.21058638994196582,-1.0623076328321195,0.853056793629862,0.3301634761573873,-0.9143260204049839,2.098594095225707,1.0995939929030794,0.9841231756854657,0
1.5679200392508204,0.9009088760241706,0.17308587110484092,-0.4722167459473543,1.6234129815947211,0.21058638994196582,-0.8841543251310949,1.4316811360790147,0.8336906105118219,-0.6849837281165926,2.098594095225707,1.8337491896920168,0.9841231756854657,0
1.398470950690115,0.9009088760241706,0.8491410419312149,-0.4668157530676796,1.4544314045358888,-1.177851894974348,-0.3774071387815143,-0.3041918912684436,1.7836784706605218,0.003043148748581378,1.3245776382885335,1.1988041546313142,-1.0161329645585022,0
2.415165482054347,0.9009088760241706,-0.502969299721533,-0.4780599253785813,2.637302443947715,-1.177851894974348,0.12934004756806639,-1.461440576166749,-1.173704231781191,0.8057411717579506,2.098594095225707,1.4369085427790778,-1.0161329645585022,0
1.906818216372231,0.9009088760241706,0.8491410419312149,-0.47229570783156005,1.4544314045358888,0.21058638994196582,-0.963333572998217,-0.3041918912684436,-0.811164695045998,-0.7996548742607882,2.098594095225707,-1.0036614357354983,0.9841231756854657,0
1.5679200392508204,0.9009088760241706,-0.502969299721533,-0.20300409793620058,2.130357712771218,0.9048055324001227,-0.7574675285436998,1.4316811360790147,-0.707102420612748,-0.7996548742607882,1.8405886095799828,1.6154868338899002,0.9841231756854657,0
3.0929618362971683,0.9009088760241706,0.8491410419312149,-0.11071344767649612,3.144247175124212,0.9048055324001227,-0.7574675285436998,0.2744324511807092,0.3738024944681046,-0.7996548742607882,2.6146050665171567,0.7622794430270811,-1.0161329645585022,0
1.906818216372231,0.9009088760241706,0.8491410419312149,-0.18676953454349418,1.9613761357123858,0.9048055324001227,-0.7574675285436998,-1.461440576166749,1.9112386780303117,-0.7996548742607882,1.582583123934258,-0.22982217425526694,-1.0161329645585022,1
1.906818216372231,-1.1099901739376037,0.8491410419312149,-0.0336782334453465,2.637302443947715,0.9048055324001227,-0.7574675285436998,-1.461440576166749,0.5785701957722418,-0.9143260204049839,2.6146050665171567,-1.0631875327724392,0.9841231756854657,0
1.5679200392508204,-1.1099901739376037,-0.502969299721533,-0.12915894382696408,1.4544314045358888,0.9048055324001227,-0.7574675285436998,-0.8828162337175963,1.1861596045599256,-0.7996548742607882,2.098594095225707,0.22654456969461315,-1.0161329645585022,1
2.415165482054347,0.9009088760241706,0.8491410419312149,-0.46692629970556765,2.637302443947715,-1.177851894974348,0.06599664927436881,-0.8828162337175963,-0.005521280078902488,0.6910700256137552,1.582583123934258,0.6630692812988462,-1.0161329645585022,0
1.398470950690115,-1.1099901739376037,-1.179024470547907,-0.46981630466749885,1.7923945586535535,-1.177851894974348,-0.527847709729046,-1.461440576166749,-0.12972463988633004,-0.2262991435398101,2.872610552162881,0.3654387961141419,0.9841231756854657,0
3.601309101979284,-1.1099901739376037,0.8491410419312149,0.27342032660773585,3.651191906300709,0.9048055324001227,-0.7574675285436998,-0.3041918912684436,-1.0495008719737637,-1.0289971665491795,2.356599580871432,-1.6981325678331418,0.9841231756854657,0
3.431860013418579,-1.1099901739376037,-1.179024470547907,0.5018096804845062,3.3132287521830444,0.9048055324001227,-0.7574675285436998,0.853056793629862,-1.0495008719737637,-1.143668312693375,2.872610552162881,1.35754041339649,-1.0161329645585022,0
2.5846145706150523,-1.1099901739376037,0.8491410419312149,-0.47501199664823857,2.8062840210065474,-1.177851894974348,-0.5674373336626071,0.2744324511807092,0.7430557263280237,-0.2262991435398101,2.6146050665171567,-0.11076998018138517,-1.0161329645585022,0
2.0762673049329363,0.9009088760241706,-1.179024470547907,-0.46754220240237265,2.637302443947715,-1.177851894974348,-0.5674373336626071,-0.3041918912684436,0.5114332445249834,-0.2262991435398101,1.3245776382885335,0.7027533459901402,0.9841231756854657,0
2.923512747736463,0.9009088760241706,0.8491410419312149,0.7906206681555321,2.9752655980653797,0.9048055324001227,-0.7574675285436998,0.2744324511807092,0.4107278176540969,-1.143668312693375,1.3245776382885335,-0.40840046536608954,-1.0161329645585022,0
2.2457163934936415,-1.1099901739376037,-0.502969299721533,-0.46327826065526106,2.130357712771218,-1.177851894974348,0.06599664927436881,0.2744324511807092,0.3301634761573873,0.6910700256137552,2.098594095225707,0.6829113136444932,-1.0161329645585022,0
1.5679200392508204,-1.1099901739376037,0.8491410419312149,0.5540508630750439,1.9613761357123858,0.9048055324001227,0.06599664927436881,0.2744324511807092,-1.0495008719737637,-0.570312581972397,1.8405886095799828,-0.6266628211682062,0.9841231756854657,0
1.906818216372231,0.9009088760241706,1.5251962127575889,0.3375057918291391,1.6234129815947211,0.9048055324001227,0.06599664927436881,-0.8828162337175963,1.8105332511594245,-0.45564143582820127,2.098594095225707,1.9924854484571926,-1.0161329645585022,1
1.7373691278115257,-1.1099901739376037,0.17308587110484092,0.5697011085246276,1.6234129815947211,0.9048055324001227,0.06599664927436881,-0.3041918912684436,2.6967410076232294,-0.570312581972397,2.098594095225707,0.9011736694466097,0.9841231756854657,0
2.415165482054347,0.9009088760241706,0.8491410419312149,0.6510950187639358,2.4683208668888827,0.9048055324001227,0.06599664927436881,1.4316811360790147,0.8538316958859994,-0.6849837281165926,1.8405886095799828,0.9606997664835506,0.9841231756854657,0
1.7373691278115257,0.9009088760241706,-1.179024470547907,0.8773524017671503,1.7923945586535535,0.9048055324001227,0.06599664927436881,1.4316811360790147,0.0851136041048956,-0.7996548742607882,2.356599580871432,-1.0433455004267922,0.9841231756854657,0
1.5679200392508204,-1.1099901739376037,0.8491410419312149,0.7016937941629935,1.6234129815947211,0.9048055324001227,0.06599664927436881,-0.8828162337175963,1.5486991412951188,-0.6849837281165926,1.582583123934258,-1.3806600503027906,-1.0161329645585022,1
3.601309101979284,-1.1099901739376037,0.8491410419312149,0.9341102041342582,3.3132287521830444,0.9048055324001227,0.06599664927436881,0.853056793629862,-0.21364582894540246,-0.7996548742607882,2.872610552162881,-0.4877685947486774,0.9841231756854657,0
2.0762673049329363,-1.1099901739376037,-1.179024470547907,-0.4501705878771032,1.9613761357123858,-1.177851894974348,1.3328646151483206,0.2744324511807092,-1.7510820125076092,2.411137217776689,2.098594095225707,1.4765926074703717,-1.0161329645585022,0
1.5679200392508204,-1.1099901739376037,-1.179024470547907,0.9631523851451405,1.2854498274770565,0.9048055324001227,0.06599664927436881,-0.8828162337175963,-1.1233515183457474,-0.7996548742607882,1.3245776382885335,-0.30919030363785477,-1.0161329645585022,0
3.601309101979284,0.9009088760241706,1.5251962127575889,-0.453329063245334,3.8201734833595413,-1.177851894974348,-0.2507203421941191,-0.8828162337175963,-1.2979075915886182,0.23238544103697253,2.356599580871432,-2.0552891500547874,0.9841231756854657,0
1.398470950690115,-1.1099901739376037,-0.502969299721533,1.0259112907118868,1.6234129815947211,0.9048055324001227,0.06599664927436881,-0.3041918912684436,0.16232109803924238,-0.7996548742607882,2.098594095225707,1.2186461869769611,0.9841231756854657,0
1.7373691278115257,-1.1099901739376037,-1.179024470547907,1.0266219476697387,0.9474866733593919,0.9048055324001227,0.06599664927436881,-1.461440576166749,-0.2438574570066685,-0.7996548742607882,1.582583123934258,1.1789621222856672,-1.0161329645585022,0
2.2457163934936415,0.9009088760241706,-1.179024470547907,1.050515813830405,1.6234129815947211,0.9048055324001227,0.06599664927436881,1.4316811360790147,-1.6705176710108995,-0.7996548742607882,1.8405886095799828,0.38528082845978884,0.9841231756854657,0
3.262410924857874,0.9009088760241706,-1.179024470547907,1.1368527380209943,2.9752655980653797,0.9048055324001227,0.06599664927436881,0.2744324511807092,-1.3751150855229646,-0.7996548742607882,2.872610552162881,0.5837011519162584,-1.0161329645585022,0
1.5679200392508204,0.9009088760241706,0.8491410419312149,1.3139010747871727,1.6234129815947211,0.9048055324001227,0.06599664927436881,1.4316811360790147,-1.0964967378468442,-0.9143260204049839,1.8405886095799828,1.317856348705196,0.9841231756854657,0
3.262410924857874,0.9009088760241706,1.5251962127575889,1.4054968604658664,3.144247175124212,0.9048055324001227,0.06599664927436881,1.4316811360790147,0.001192415045823164,-0.9143260204049839,1.8405886095799828,1.4964346398160184,-1.0161329645585022,0
2.415165482054347,0.9009088760241706,0.8491410419312149,-0.4468857734941431,2.8062840210065474,0.21058638994196582,0.38271364074285674,1.4316811360790147,-1.6705176710108995,1.035083464046342,2.356599580871432,0.06780831092943747,0.9841231756854657,0
2.5846145706150523,0.9009088760241706,0.8491410419312149,-0.5589326871821314,2.4683208668888827,-1.177851894974348,-0.8841543251310949,-0.3041918912684436,-1.4724636648314886,-0.570312581972397,2.6146050665171567,0.5638591195706114,-1.0161329645585022,1
3.601309101979284,-1.1099901739376037,1.5251962127575889,-0.44724899816148966,3.4822103292418767,-1.177851894974348,-1.042512820865339,0.2744324511807092,-0.707102420612748,-0.9143260204049839,2.356599580871432,2.190905771913662,-1.0161329645585022,0
1.398470950690115,0.9009088760241706,0.8491410419312149,1.9003036116529062,1.9613761357123858,0.9048055324001227,0.06599664927436881,0.2744324511807092,-1.0495008719737637,-1.0289971665491795,2.872610552162881,1.258330251668255,-1.0161329645585022,0
2.0762673049329363,-1.1099901739376037,0.8491410419312149,0.1437649127418608,1.9613761357123858,0.9048055324001227,0.06203768688101271,1.4316811360790147,1.7736079279734327,-0.34097028968400567,2.6146050665171567,-0.30919030363785477,-1.0161329645585022,1
1.398470950690115,-1.1099901739376037,1.5251962127575889,-0.7939706317090276,1.4544314045358888,0.9048055324001227,0.05411976209430051,0.2744324511807092,0.6893461653302174,2.1817949254882985,1.8405886095799828,1.5559607368529593,-1.0161329645585022,1
1.398470950690115,0.9009088760241706,0.8491410419312149,-0.19807687636176052,1.1164682504182242,0.9048055324001227,0.05016079970094441,0.2744324511807092,1.286865031430813,0.1177142948927768,1.8405886095799828,0.801963507718375,-1.0161329645585022,1
2.5846145706150523,0.9009088760241706,-0.502969299721533,-0.4485755578161466,2.637302443947715,-1.177851894974348,-0.286351003734324,0.2744324511807092,-1.6839450612603513,0.1177142948927768,2.6146050665171567,0.4844909901880236,0.9841231756854657,0
1.7373691278115257,0.9009088760241706,0.8491410419312149,-0.4517024484306951,1.4544314045358888,0.21058638994196582,-0.6307807319563046,-0.8828162337175963,-0.34120603631519225,-0.34097028968400567,2.098594095225707,-1.8171847619070236,0.9841231756854657,0
1.398470950690115,-1.1099901739376037,-0.502969299721533,-0.44473801024374615,1.6234129815947211,-1.177851894974348,-0.5674373336626071,1.4316811360790147,-0.1397951825734185,-0.2262991435398101,1.8405886095799828,2.1512217072223683,-1.0161329645585022,0
1.5679200392508204,-1.1099901739376037,-1.179024470547907,-0.4526973681716878,2.2993392898300504,-1.177851894974348,-1.042512820865339,0.2744324511807092,1.417782086362966,-0.9143260204049839,1.3245776382885335,0.9210157017922567,0.9841231756854657,0
1.906818216372231,0.9009088760241706,-1.179024470547907,0.023995526778548222,2.130357712771218,0.9048055324001227,0.034324950127520015,-0.8828162337175963,1.7736079279734327,-0.2262991435398101,2.098594095225707,0.6035431842619053,0.9841231756854657,0
1.5679200392508204,-1.1099901739376037,-1.179024470547907,-0.44762801520567735,1.4544314045358888,-1.177851894974348,-0.804975077263973,-0.8828162337175963,0.665848232393677,-0.570312581972397,1.582583123934258,-0.30919030363785477,0.9841231756854657,0
1.398470950690115,0.9009088760241706,0.8491410419312149,-0.44972840132555086,1.4544314045358888,0.21058638994196582,-1.2008713165995828,0.2744324511807092,1.5486991412951188,-1.143668312693375,1.8405886095799828,-1.7179746001787888,0.9841231756854657,0
1.5679200392508204,0.9009088760241706,1.5251962127575889,0.08173245650980755,1.4544314045358888,0.9048055324001227,-0.7416316789702754,-0.8828162337175963,0.3939435798422821,-0.9143260204049839,2.356599580871432,-0.4877685947486774,0.9841231756854657,0
1.906818216372231,-1.1099901739376037,1.5251962127575889,-0.4528394995632582,1.7923945586535535,-1.177851894974348,-0.7257958293968509,0.853056793629862,-0.8447331706696268,-0.45564143582820127,1.3245776382885335,-0.190138109563973,0.9841231756854657,0
1.906818216372231,0.9009088760241706,-1.179024470547907,-0.21107400250203032,1.9613761357123858,0.9048055324001227,-0.7297547917902071,-1.461440576166749,0.4040141225293712,-0.7996548742607882,1.3245776382885335,1.1194360252487263,-1.0161329645585022,0
2.0762673049329363,-1.1099901739376037,0.8491410419312149,-0.7183409390167407,1.9613761357123858,0.9048055324001227,-0.7257958293968509,1.4316811360790147,0.665848232393677,0.1177142948927768,1.8405886095799828,0.7622794430270811,0.9841231756854657,0
3.262410924857874,0.9009088760241706,1.5251962127575889,-0.7040488379754962,2.9752655980653797,0.9048055324001227,-0.7257958293968509,-0.8828162337175963,-1.8752853723150364,0.003043148748581378,2.356599580871432,0.7424374106814341,-1.0161329645585022,0
1.7373691278115257,-1.1099901739376037,0.8491410419312149,-0.45302900808535207,2.130357712771218,-1.177851894974348,-0.8841543251310949,0.853056793629862,-0.08944246913797492,-0.6849837281165926,1.582583123934258,-1.202081759191968,0.9841231756854657,0
1.7373691278115257,0.9009088760241706,-1.179024470547907,-0.6821448112968155,1.2854498274770565,0.9048055324001227,-0.7257958293968509,1.4316811360790147,0.8739727812601764,0.003043148748581378,1.3245776382885335,-0.6068207888225592,0.9841231756854657,0
2.754063659175758,0.9009088760241706,-1.179024470547907,-0.6764437632571589,2.8062840210065474,0.9048055324001227,-0.7257958293968509,1.4316811360790147,0.9981761410676039,-0.11162799739561437,1.3245776382885335,1.9329593514202517,-1.0161329645585022,0
1.398470950690115,-1.1099901739376037,0.8491410419312149,-0.6849874391282232,1.4544314045358888,0.9048055324001227,-0.7257958293968509,-1.461440576166749,0.04483143335654109,0.003043148748581378,2.872610552162881,1.0797519605574324,0.9841231756854657,0
2.754063659175758,0.9009088760241706,-0.502969299721533,-0.44336407345856577,2.2993392898300504,-1.177851894974348,0.5727438356239495,0.2744324511807092,-1.623521805137819,1.2644257563347332,2.098594095225707,-0.46792656240303043,0.9841231756854657,0
3.77075819053999,0.9009088760241706,-0.502969299721533,-0.6772017973455343,3.8201734833595413,0.9048055324001227,-0.7257958293968509,1.4316811360790147,0.6154955189582334,0.003043148748581378,2.356599580871432,1.3972244780877838,-1.0161329645585022,0
2.5846145706150523,-1.1099901739376037,-1.179024470547907,-0.45396075831898014,2.4683208668888827,-1.177851894974348,1.6495816066168083,1.4316811360790147,0.001192415045823164,2.869821802353472,1.8405886095799828,-0.36871640067479566,-1.0161329645585022,0
2.2457163934936415,0.9009088760241706,0.8491410419312149,-0.6374523848363495,1.9613761357123858,0.9048055324001227,-0.7257958293968509,0.2744324511807092,0.9981761410676039,-0.11162799739561437,2.356599580871432,1.5956448015442533,-1.0161329645585022,0
1.906818216372231,-1.1099901739376037,-1.179024470547907,-0.6408793306108799,1.9613761357123858,0.9048055324001227,-0.7257958293968509,1.4316811360790147,-0.5661148229935064,-0.11162799739561437,1.582583123934258,-1.4401861473397315,0.9841231756854657,0
1.398470950690115,-1.1099901739376037,-0.502969299721533,-0.6403581821751219,0.9474866733593919,0.9048055324001227,-0.7257958293968509,1.4316811360790147,-0.12972463988633004,-0.11162799739561437,2.356599580871432,0.9011736694466097,0.9841231756854657,0
1.906818216372231,-1.1099901739376037,0.17308587110484092,-0.45197091883699475,1.9613761357123858,0.21058638994196582,-0.2507203421941191,0.853056793629862,-0.21028898138303903,0.23238544103697253,2.872610552162881,0.008282213892496587,-1.0161329645585022,0
3.77075819053999,0.9009088760241706,-0.502969299721533,-0.45127605425598394,3.9891550604183736,-1.177851894974348,0.06599664927436881,-0.3041918912684436,1.286865031430813,0.5763988794695595,1.8405886095799828,-0.03140185079879733,0.9841231756854657,0
3.77075819053999,0.9009088760241706,-0.502969299721533,-0.6024722701331932,4.158136637477206,0.9048055324001227,-0.7257958293968509,1.4316811360790147,-1.7510820125076092,-0.2262991435398101,1.582583123934258,-0.38855843302044263,0.9841231756854657,0
2.2457163934936415,-1.1099901739376037,-1.179024470547907,-0.5877221901635552,2.637302443947715,0.9048055324001227,-0.7257958293968509,-1.461440576166749,0.3301634761573873,-0.2262991435398101,2.098594095225707,0.12733440796637835,0.9841231756854657,0
1.398470950690115,-1.1099901739376037,-1.179024470547907,-0.4529026690706228,1.4544314045358888,-1.177851894974348,0.38271364074285674,-0.3041918912684436,0.001192415045823164,1.035083464046342,2.356599580871432,0.3455967637684949,-1.0161329645585022,0
3.601309101979284,0.9009088760241706,-1.179024470547907,-0.45179720269174206,3.651191906300709,-1.177851894974348,1.1349164954805155,-0.8828162337175963,-0.005521280078902488,2.1817949254882985,1.582583123934258,-1.0433455004267922,0.9841231756854657,0
2.415165482054347,0.9009088760241706,-1.179024470547907,-0.7005429303167601,2.2993392898300504,0.9048055324001227,-0.7257958293968509,0.853056793629862,1.8407448792206904,0.003043148748581378,1.8405886095799828,0.5241750548793175,-1.0161329645585022,1
1.7373691278115257,0.9009088760241706,0.8491410419312149,-0.5770149586652528,1.6234129815947211,0.9048055324001227,-0.7257958293968509,0.853056793629862,-0.34120603631519225,-0.2262991435398101,2.098594095225707,0.782121475372728,0.9841231756854657,0
1.398470950690115,-1.1099901739376037,-1.179024470547907,-0.45073911344338474,1.4544314045358888,-1.177851894974348,-0.2823920413409679,0.853056793629862,0.5114332445249834,0.1177142948927768,1.8405886095799828,0.4249648931510827,-1.0161329645585022,0
1.398470950690115,-1.1099901739376037,-0.502969299721533,-0.6989636926326446,1.4544314045358888,0.9048055324001227,-0.7257958293968509,0.2744324511807092,1.8273174889712391,0.003043148748581378,1.8405886095799828,-1.3211339532658497,-1.0161329645585022,1
1.7373691278115257,0.9009088760241706,1.5251962127575889,-0.5851638251152883,1.6234129815947211,0.9048055324001227,-0.7257958293968509,1.4316811360790147,1.4647779522360462,-0.2262991435398101,2.098594095225707,1.714696995618135,-1.0161329645585022,0
1.5679200392508204,-1.1099901739376037,-1.179024470547907,-0.5826686295743859,1.9613761357123858,0.9048055324001227,-0.7257958293968509,0.2744324511807092,0.8269769153870962,-0.2262991435398101,2.872610552162881,-1.5592383414136133,0.9841231756854657,0
2.0762673049329363,-1.1099901739376037,0.8491410419312149,-0.56657619757325,1.9613761357123858,0.9048055324001227,-0.7257958293968509,0.2744324511807092,-0.0860856215756121,-0.34097028968400567,2.6146050665171567,1.4170665104334308,0.9841231756854657,0
1.906818216372231,-1.1099901739376037,0.8491410419312149,-0.5582062378474383,1.7923945586535535,0.9048055324001227,-0.7257958293968509,0.2744324511807092,0.001192415045823164,-0.34097028968400567,2.6146050665171567,0.46464895784237664,0.9841231756854657,0
3.77075819053999,0.9009088760241706,-0.502969299721533,-0.5648864132512464,3.4822103292418767,0.9048055324001227,-0.7257958293968509,1.4316811360790147,-0.21364582894540246,-0.34097028968400567,2.6146050665171567,-0.30919030363785477,0.9841231756854657,0
1.906818216372231,0.9009088760241706,-1.179024470547907,-0.5451143574461216,1.7923945586535535,0.9048055324001227,-0.7257958293968509,0.853056793629862,0.001192415045823164,-0.34097028968400567,2.872610552162881,-2.4719718293133734,0.9841231756854657,0
1.7373691278115257,-1.1099901739376037,1.5251962127575889,-0.54413523008197,1.6234129815947211,0.9048055324001227,-0.7257958293968509,-1.461440576166749,-0.34120603631519225,-0.34097028968400567,1.3245776382885335,1.734539027963782,-1.0161329645585022,0
2.923512747736463,0.9009088760241706,-1.179024470547907,-0.44532232818686884,3.651191906300709,-1.177851894974348,-0.33385855245459717,1.4316811360790147,0.8336906105118219,0.003043148748581378,2.356599580871432,0.782121475372728,0.9841231756854657,0
2.2457163934936415,-1.1099901739376037,0.8491410419312149,-0.5044647794569909,2.2993392898300504,0.9048055324001227,-0.7257958293968509,1.4316811360790147,0.001192415045823164,-0.45564143582820127,2.356599580871432,-0.9838194033898514,0.9841231756854657,0
1.7373691278115257,-1.1099901739376037,0.8491410419312149,-0.5032487664402221,1.7923945586535535,0.9048055324001227,-0.7257958293968509,0.2744324511807092,0.7430557263280237,-0.45564143582820127,2.098594095225707,-0.24966420660091387,-1.0161329645585022,0
1.906818216372231,0.9009088760241706,0.8491410419312149,-0.6021722149732113,1.6234129815947211,0.9048055324001227,-0.7257958293968509,0.853056793629862,-0.8447331706696268,-0.2262991435398101,2.356599580871432,0.7027533459901402,-1.0161329645585022,1
3.431860013418579,-1.1099901739376037,-1.179024470547907,-0.5520630032562294,3.8201734833595413,-1.177851894974348,0.8577891279455886,-0.3041918912684436,0.5651428055227898,2.1817949254882985,2.6146050665171567,-0.8250831446246757,-1.0161329645585022,1
2.415165482054347,0.9009088760241706,-0.502969299721533,-0.48894087302213646,2.4683208668888827,0.9048055324001227,-0.7257958293968509,0.2744324511807092,-1.623521805137819,-0.45564143582820127,1.582583123934258,2.190905771913662,-1.0161329645585022,0
1.398470950690115,-1.1099901739376037,0.8491410419312149,-0.48687207165594526,1.2854498274770565,0.9048055324001227,-0.7257958293968509,0.2744324511807092,0.5382880250238866,-0.45564143582820127,1.8405886095799828,-0.03140185079879733,0.9841231756854657,0
2.923512747736463,-1.1099901739376037,0.17308587110484092,-0.601635274160612,3.144247175124212,0.9048055324001227,-0.7257958293968509,-0.8828162337175963,0.001192415045823164,-0.2262991435398101,1.3245776382885335,0.7225953783357871,-1.0161329645585022,1
1.5679200392508204,-1.1099901739376037,0.8491410419312149,-0.4885776483547899,1.4544314045358888,0.9048055324001227,-0.7257958293968509,1.4316811360790147,0.3939435798422821,-0.45564143582820127,1.582583123934258,-1.3806600503027906,0.9841231756854657,0
2.0762673049329363,0.9009088760241706,-0.502969299721533,-0.43281476572867483,2.2993392898300504,-1.177851894974348,-0.18737694390042153,1.4316811360790147,0.8336906105118219,0.23238544103697253,1.582583123934258,1.1591200899400202,-1.0161329645585022,0
2.0762673049329363,0.9009088760241706,0.8491410419312149,-0.42583453516488473,1.6234129815947211,0.21058638994196582,0.8577891279455886,0.2744324511807092,1.676259348664909,1.6084391947673204,2.6146050665171567,0.0479662785837905,0.9841231756854657,0
3.431860013418579,0.9009088760241706,0.8491410419312149,-0.46548919341302264,3.651191906300709,0.9048055324001227,-0.7257958293968509,0.2744324511807092,-1.2475548781531747,-0.45564143582820127,2.6146050665171567,-0.6068207888225592,-1.0161329645585022,0
2.2457163934936415,-1.1099901739376037,0.8491410419312149,-0.4456223833468508,2.4683208668888827,0.9048055324001227,-0.7257958293968509,1.4316811360790147,-1.1804179269059165,-0.45564143582820127,2.356599580871432,0.4844909901880236,0.9841231756854657,0
1.7373691278115257,-1.1099901739376037,-0.502969299721533,-0.4333832912949564,1.9613761357123858,-1.177851894974348,-0.21113071826055813,-1.461440576166749,-1.173704231781191,0.23238544103697253,1.582583123934258,-0.5472946917856183,0.9841231756854657,0
2.923512747736463,-1.1099901739376037,-0.502969299721533,-0.42820339169105787,2.4683208668888827,-1.177851894974348,-0.9474977234247925,1.4316811360790147,0.8336906105118219,-0.7996548742607882,2.356599580871432,0.821805540064022,0.9841231756854657,0
1.398470950690115,0.9009088760241706,0.8491410419312149,-0.5423822762526018,1.7923945586535535,-1.177851894974348,-1.042512820865339,0.2744324511807092,2.478545916069642,-0.7996548742607882,2.356599580871432,0.06780831092943747,-1.0161329645585022,1
1.906818216372231,0.9009088760241706,-1.179024470547907,-0.5360653255161403,1.9613761357123858,0.9048055324001227,-0.7257958293968509,-0.8828162337175963,1.5486991412951188,-0.34097028968400567,2.356599580871432,0.5837011519162584,-1.0161329645585022,1
2.5846145706150523,0.9009088760241706,0.8491410419312149,-0.4312513204214006,2.9752655980653797,-1.177851894974348,0.8577891279455886,0.2744324511807092,-0.7138161157374736,1.7231103409115156,1.582583123934258,0.9805417988291976,-1.0161329645585022,0
1.7373691278115257,-1.1099901739376037,-1.179024470547907,-0.39541841736882194,1.4544314045358888,0.9048055324001227,-0.7257958293968509,0.2744324511807092,0.561785957960427,-0.570312581972397,1.8405886095799828,-0.9242933063529105,0.9841231756854657,0
1.7373691278115257,-1.1099901739376037,1.5251962127575889,-0.4330042742507687,1.7923945586535535,0.21058638994196582,0.06599664927436881,1.4316811360790147,-1.173704231781191,0.5763988794695595,1.582583123934258,0.6035431842619053,-1.0161329645585022,0
1.7373691278115257,-1.1099901739376037,0.8491410419312149,-0.5014484354803305,2.130357712771218,0.9048055324001227,-0.7257958293968509,-0.8828162337175963,2.2603508245160526,-0.45564143582820127,2.872610552162881,0.0479662785837905,-1.0161329645585022,1
2.2457163934936415,0.9009088760241706,0.8491410419312149,-0.383021401548516,2.130357712771218,0.9048055324001227,-0.7257958293968509,0.2744324511807092,-1.623521805137819,-0.570312581972397,2.098594095225707,0.38528082845978884,-1.0161329645585022,0
2.2457163934936415,0.9009088760241706,-1.179024470547907,-0.4311723585371948,2.2993392898300504,0.21058638994196582,2.0929853946726915,1.4316811360790147,0.4040141225293712,3.328506386930255,1.3245776382885335,0.3654387961141419,0.9841231756854657,0
1.906818216372231,0.9009088760241706,-0.502969299721533,-0.4290877647941625,1.9613761357123858,-1.177851894974348,-0.527847709729046,-0.3041918912684436,-1.1166378232210217,-0.2262991435398101,2.098594095225707,-0.7060309505507939,-1.0161329645585022,0
2.0762673049329363,0.9009088760241706,0.8491410419312149,-0.42992476076674363,1.9613761357123858,-1.177851894974348,-1.121692068732461,0.2744324511807092,0.6154955189582334,-1.0289971665491795,2.098594095225707,1.0400678958661385,0.9841231756854657,0
2.2457163934936415,0.9009088760241706,0.8491410419312149,-0.3577851833563518,2.130357712771218,0.9048055324001227,-0.7257958293968509,0.853056793629862,-1.173704231781191,-0.570312581972397,1.3245776382885335,0.821805540064022,-1.0161329645585022,0
3.77075819053999,0.9009088760241706,1.5251962127575889,-0.46444689654150645,3.4822103292418767,0.9048055324001227,-0.7257958293968509,-1.461440576166749,1.4446368668618692,-0.45564143582820127,2.6146050665171567,1.5758027691986063,-1.0161329645585022,1
1.398470950690115,0.9009088760241706,-1.179024470547907,-0.43204093926345827,1.6234129815947211,-1.177851894974348,0.22435514500861276,-1.461440576166749,0.001192415045823164,0.8057411717579506,1.582583123934258,0.6432272489531993,-1.0161329645585022,0
2.754063659175758,-1.1099901739376037,-0.502969299721533,-0.337413017231263,2.637302443947715,0.9048055324001227,-0.7257958293968509,1.4316811360790147,0.8135495251376443,-0.570312581972397,2.098594095225707,0.8416475724096689,-1.0161329645585022,0
3.262410924857874,-1.1099901739376037,0.8491410419312149,-0.42899301053311556,2.8062840210065474,-1.177851894974348,0.6598410082777837,-0.3041918912684436,1.286865031430813,1.379096902478929,1.8405886095799828,-0.20998014190961997,0.9841231756854657,0
1.906818216372231,-1.1099901739376037,-1.179024470547907,-0.32504758616463936,1.7923945586535535,0.9048055324001227,-0.7257958293968509,0.853056793629862,-0.005521280078902488,-0.6849837281165926,1.8405886095799828,1.0995939929030794,0.9841231756854657,0
2.923512747736463,0.9009088760241706,0.8491410419312149,-0.4148904180139649,2.9752655980653797,0.9048055324001227,-0.7257958293968509,-0.8828162337175963,0.001192415045823164,-0.570312581972397,2.098594095225707,1.337698381050843,-1.0161329645585022,1
2.2457163934936415,0.9009088760241706,1.5251962127575889,-0.19055970498537117,2.2993392898300504,0.9048055324001227,-0.09236184645987515,-0.3041918912684436,-1.6839450612603513,-0.11162799739561437,2.6146050665171567,0.028124246238143545,0.9841231756854657,0
1.398470950690115,0.9009088760241706,-1.179024470547907,-0.41988080909576964,1.2854498274770565,-1.177851894974348,0.8577891279455886,0.853056793629862,0.7061304031420315,1.6084391947673204,2.356599580871432,-0.38855843302044263,-1.0161329645585022,0
1.398470950690115,-1.1099901739376037,0.8491410419312149,-0.41826998665797194,1.7923945586535535,-1.177851894974348,-0.5674373336626071,-1.461440576166749,-1.0495008719737637,-0.34097028968400567,2.356599580871432,0.3455967637684949,-1.0161329645585022,0
2.5846145706150523,-1.1099901739376037,0.8491410419312149,-0.2243238066717586,2.8062840210065474,0.9048055324001227,-0.09236184645987515,-0.3041918912684436,1.5587696839822078,0.003043148748581378,2.6146050665171567,-0.09092794783573821,-1.0161329645585022,1
1.5679200392508204,-1.1099901739376037,0.8491410419312149,-0.4142745153171599,1.4544314045358888,-1.177851894974348,-0.7257958293968509,0.853056793629862,-1.1804179269059165,-0.570312581972397,1.8405886095799828,1.2186461869769611,0.9841231756854657,0
1.7373691278115257,0.9009088760241706,-0.502969299721533,-0.4147324942455534,1.7923945586535535,-1.177851894974348,0.06599664927436881,0.853056793629862,-0.46205254856025635,0.5763988794695595,2.872610552162881,1.6551708985811941,-1.0161329645585022,0
1.5679200392508204,0.9009088760241706,-1.179024470547907,-0.01799640324208049,1.4544314045358888,0.9048055324001227,-0.09236184645987515,-1.461440576166749,-1.3751150855229646,-0.34097028968400567,2.356599580871432,-0.22982217425526694,-1.0161329645585022,0
1.906818216372231,-1.1099901739376037,-1.179024470547907,-0.41192145116782797,2.130357712771218,-1.177851894974348,-0.2507203421941191,0.2744324511807092,-0.46205254856025635,0.1177142948927768,2.872610552162881,-0.7258729828964409,0.9841231756854657,0
2.5846145706150523,-1.1099901739376037,1.5251962127575889,-0.4134217269677376,2.4683208668888827,-1.177851894974348,0.06599664927436881,0.853056793629862,-0.21028898138303903,0.5763988794695595,2.098594095225707,-0.8846092416616166,0.9841231756854657,0
3.262410924857874,0.9009088760241706,-1.179024470547907,0.08057961300040331,3.3132287521830444,0.9048055324001227,-0.09236184645987515,-0.8828162337175963,0.6255660616453219,-0.34097028968400567,2.098594095225707,0.5043330225336705,-1.0161329645585022,0
1.7373691278115257,0.9009088760241706,0.8491410419312149,0.1584834079578164,1.9613761357123858,0.9048055324001227,-0.09236184645987515,-0.8828162337175963,0.6154955189582334,-0.45564143582820127,1.582583123934258,0.46464895784237664,-1.0161329645585022,0
3.262410924857874,-1.1099901739376037,1.5251962127575889,-0.4090946157132614,3.3132287521830444,0.21058638994196582,-0.8841543251310949,-0.3041918912684436,0.04483143335654109,-0.7996548742607882,2.6146050665171567,0.10749237562073138,0.9841231756854657,0
2.5846145706150523,0.9009088760241706,1.5251962127575889,-0.4140850067950661,3.144247175124212,0.21058638994196582,-0.2507203421941191,0.2744324511807092,-0.5661148229935064,0.1177142948927768,2.356599580871432,0.5440170872249644,0.9841231756854657,0
1.906818216372231,-1.1099901739376037,0.8491410419312149,-0.4160748462770515,2.2993392898300504,-1.177851894974348,-1.121692068732461,0.853056793629862,-1.1166378232210217,-1.0289971665491795,2.356599580871432,-1.4798702120310254,0.9841231756854657,0
1.7373691278115257,0.9009088760241706,0.8491410419312149,-0.40903144620589676,1.9613761357123858,0.21058638994196582,-0.4090788379283631,1.4316811360790147,-0.41841353024953903,-0.11162799739561437,1.582583123934258,0.801963507718375,0.9841231756854657,0
2.5846145706150523,-1.1099901739376037,1.5251962127575889,0.3706539908187215,2.637302443947715,0.9048055324001227,-0.09236184645987515,-0.8828162337175963,0.2965950005337584,-0.570312581972397,1.3245776382885335,1.4170665104334308,-1.0161329645585022,0
3.262410924857874,-1.1099901739376037,1.5251962127575889,0.3817086546075294,2.9752655980653797,0.9048055324001227,-0.09236184645987515,-0.3041918912684436,0.6255660616453219,-0.570312581972397,1.8405886095799828,0.8614896047553159,-1.0161329645585022,1
2.0762673049329363,0.9009088760241706,-1.179024470547907,0.8007119969570295,2.130357712771218,0.9048055324001227,-0.09236184645987515,-0.3041918912684436,0.2865244578466693,-0.7996548742607882,1.582583123934258,0.7622794430270811,-1.0161329645585022,1
1.5679200392508204,-1.1099901739376037,0.8491410419312149,1.2777049470672475,1.2854498274770565,0.9048055324001227,-0.09236184645987515,0.2744324511807092,0.954537122756886,-0.9143260204049839,1.582583123934258,0.8416475724096689,0.9841231756854657,0
3.262410924857874,-1.1099901739376037,-0.502969299721533,3.374427235513593,2.4683208668888827,0.9048055324001227,-0.09236184645987515,-0.3041918912684436,0.8739727812601764,-1.2583394588375707,1.3245776382885335,0.9210157017922567,-1.0161329645585022,0
2.2457163934936415,-1.1099901739376037,0.8491410419312149,-0.6771544202150108,2.4683208668888827,0.9048055324001227,-0.11215665842665565,0.2744324511807092,-1.8752853723150364,1.1497546101905376,2.356599580871432,0.4844909901880236,-1.0161329645585022,0
2.415165482054347,0.9009088760241706,0.8491410419312149,-0.6317355444198517,2.2993392898300504,0.9048055324001227,-0.11215665842665565,-1.461440576166749,1.7736079279734327,0.9204123179021463,2.6146050665171567,0.801963507718375,-1.0161329645585022,1
2.2457163934936415,0.9009088760241706,0.8491410419312149,-0.5281059675881986,2.130357712771218,0.9048055324001227,-0.11215665842665565,0.2744324511807092,2.6933841600608672,0.5763988794695595,1.3245776382885335,-0.5869787564769122,0.9841231756854657,0
3.0929618362971683,0.9009088760241706,1.5251962127575889,-0.3973608797202839,2.8062840210065474,-1.177851894974348,-0.5674373336626071,0.853056793629862,0.8941138666343539,-0.34097028968400567,1.582583123934258,1.4567505751247247,-1.0161329645585022,0
3.431860013418579,0.9009088760241706,0.17308587110484092,-0.6421585131350134,3.144247175124212,0.9048055324001227,-0.12403354560672394,0.2744324511807092,1.5486991412951188,0.9204123179021463,1.3245776382885335,-0.7060309505507939,-1.0161329645585022,1
2.923512747736463,0.9009088760241706,-1.179024470547907,-0.3957974344130097,3.144247175124212,-1.177851894974348,0.9567631877794911,0.853056793629862,-0.707102420612748,1.6084391947673204,1.8405886095799828,-0.8250831446246757,0.9841231756854657,0
3.262410924857874,-1.1099901739376037,0.8491410419312149,-0.39287584469739617,3.3132287521830444,0.21058638994196582,0.25602684415546156,0.2744324511807092,-1.4724636648314886,0.6910700256137552,1.582583123934258,0.5638591195706114,0.9841231756854657,0
3.431860013418579,0.9009088760241706,-1.179024470547907,-0.30176962270077823,3.144247175124212,0.9048055324001227,-0.7257958293968509,-0.3041918912684436,0.16232109803924238,-0.6849837281165926,1.582583123934258,2.171063739568015,-1.0161329645585022,0
1.398470950690115,0.9009088760241706,-1.179024470547907,-0.4175277449464377,1.7923945586535535,0.9048055324001227,-0.7257958293968509,0.2744324511807092,0.7430557263280237,-0.570312581972397,1.8405886095799828,1.1591200899400202,-1.0161329645585022,1
1.5679200392508204,0.9009088760241706,-0.502969299721533,-0.39129660701328073,1.4544314045358888,0.21058638994196582,0.19268344586176397,1.4316811360790147,-1.6705176710108995,0.6910700256137552,2.098594095225707,1.4170665104334308,0.9841231756854657,0
1.7373691278115257,0.9009088760241706,0.8491410419312149,-0.41558528259497574,1.4544314045358888,0.9048055324001227,-0.7257958293968509,0.853056793629862,1.5587696839822078,-0.570312581972397,2.098594095225707,0.12733440796637835,-1.0161329645585022,1
1.5679200392508204,0.9009088760241706,-1.179024470547907,-0.2992428424061936,2.130357712771218,0.9048055324001227,-0.7257958293968509,-1.461440576166749,0.2965950005337584,-0.6849837281165926,1.582583123934258,-0.6465048535138531,0.9841231756854657,0
2.0762673049329363,0.9009088760241706,-0.502969299721533,-0.39240207339216154,1.4544314045358888,-1.177851894974348,-0.9474977234247925,-0.3041918912684436,-1.4724636648314886,-0.7996548742607882,1.8405886095799828,0.9210157017922567,0.9841231756854657,0
2.923512747736463,0.9009088760241706,0.8491410419312149,-0.3963659599792912,2.8062840210065474,-1.177851894974348,0.6994306322113446,-0.3041918912684436,-1.4724636648314886,1.379096902478929,1.582583123934258,0.782121475372728,-1.0161329645585022,0
1.906818216372231,0.9009088760241706,-0.502969299721533,-0.7899435756145333,2.2993392898300504,0.9048055324001227,-0.17154109432699713,0.2744324511807092,-1.1804179269059165,1.6084391947673204,1.582583123934258,-0.011559818453150373,-1.0161329645585022,1
1.906818216372231,-1.1099901739376037,-0.502969299721533,-0.39469196803412887,2.637302443947715,-1.177851894974348,-1.042512820865339,0.853056793629862,-1.0427871768490378,-1.0289971665491795,2.356599580871432,0.9805417988291976,-1.0161329645585022,0
1.398470950690115,-1.1099901739376037,-0.502969299721533,-0.7556267407387055,1.6234129815947211,0.9048055324001227,-0.17154109432699713,-1.461440576166749,-0.12972463988633004,1.4937680486231246,2.098594095225707,0.12733440796637835,-1.0161329645585022,1
1.5679200392508204,0.9009088760241706,-0.502969299721533,-0.7405923979859268,1.6234129815947211,0.9048055324001227,-0.17154109432699713,-0.3041918912684436,-0.8447331706696268,1.379096902478929,2.872610552162881,1.4765926074703717,-1.0161329645585022,1
1.906818216372231,0.9009088760241706,-0.502969299721533,-0.3906649119396346,1.1164682504182242,-1.177851894974348,-0.15174628236021664,1.4316811360790147,0.001192415045823164,0.23238544103697253,1.8405886095799828,0.3455967637684949,-1.0161329645585022,0
1.5679200392508204,-1.1099901739376037,-1.179024470547907,-0.43322536752654484,1.6234129815947211,0.9048055324001227,-0.17154109432699713,0.2744324511807092,-0.7138161157374736,0.23238544103697253,1.3245776382885335,-0.2893482712922078,0.9841231756854657,0
1.7373691278115257,-1.1099901739376037,0.8491410419312149,-0.019259793389372816,1.6234129815947211,0.9048055324001227,-0.17154109432699713,-1.461440576166749,-1.173704231781191,-0.34097028968400567,1.8405886095799828,-0.24966420660091387,-1.0161329645585022,0
2.415165482054347,-1.1099901739376037,0.8491410419312149,0.04395709110576698,1.9613761357123858,0.9048055324001227,-0.17154109432699713,0.2744324511807092,-0.21364582894540246,-0.45564143582820127,1.582583123934258,-1.7179746001787888,0.9841231756854657,0
1.906818216372231,0.9009088760241706,-1.179024470547907,-0.6756699367919423,1.7923945586535535,0.9048055324001227,-0.17945901911370934,1.4316811360790147,-1.6839450612603513,1.035083464046342,2.6146050665171567,-2.134657279437375,0.9841231756854657,0
2.415165482054347,0.9009088760241706,0.8491410419312149,37.408215341217414,1.7923945586535535,0.9048055324001227,-0.17945901911370934,1.4316811360790147,0.4308689030282738,-1.6023528972701577,2.356599580871432,0.0479662785837905,0.9841231756854657,0
2.5846145706150523,-1.1099901739376037,-1.179024470547907,-0.3772413916246536,2.130357712771218,0.9048055324001227,-0.7257958293968509,-0.8828162337175963,-0.21028898138303903,-0.570312581972397,2.098594095225707,1.0202258635204915,-1.0161329645585022,1
2.2457163934936415,0.9009088760241706,-0.502969299721533,-0.26159381601688225,2.4683208668888827,0.9048055324001227,-0.7257958293968509,-1.461440576166749,-1.0495008719737637,-0.6849837281165926,1.8405886095799828,1.2186461869769611,-1.0161329645585022,0
1.906818216372231,-1.1099901739376037,1.5251962127575889,-0.2559085603540668,2.2993392898300504,0.9048055324001227,-0.7257958293968509,-0.8828162337175963,0.001192415045823164,-0.6849837281165926,2.872610552162881,1.1988041546313142,0.9841231756854657,0
1.398470950690115,0.9009088760241706,0.8491410419312149,-0.2409058023549704,1.2854498274770565,0.9048055324001227,-0.7257958293968509,0.2744324511807092,-0.08944246913797492,-0.6849837281165926,1.582583123934258,1.2186461869769611,0.9841231756854657,0
3.0929618362971683,-1.1099901739376037,1.5251962127575889,-0.39614486670351506,2.9752655980653797,-1.177851894974348,0.4223032646764177,0.2744324511807092,-1.4993184453303918,0.9204123179021463,2.6146050665171567,1.1591200899400202,0.9841231756854657,0
2.5846145706150523,0.9009088760241706,-1.179024470547907,-0.3897647464596888,2.4683208668888827,-1.177851894974348,-0.6149448823828803,0.2744324511807092,-1.3751150855229646,-0.45564143582820127,1.3245776382885335,0.2463866020402601,0.9841231756854657,0
3.77075819053999,0.9009088760241706,-1.179024470547907,-0.2006984109173921,3.4822103292418767,0.9048055324001227,-0.7257958293968509,-1.461440576166749,0.8269769153870962,-0.7996548742607882,2.098594095225707,0.5440170872249644,0.9841231756854657,0
1.398470950690115,-1.1099901739376037,-0.502969299721533,-0.3930969379731723,0.7785050963005594,-1.177851894974348,-0.4090788379283631,-0.8828162337175963,-1.2979075915886182,-0.11162799739561437,2.098594095225707,1.0003838311748445,-1.0161329645585022,0
2.5846145706150523,0.9009088760241706,0.8491410419312149,-0.39150190791221573,2.637302443947715,0.21058638994196582,-1.2008713165995828,0.2744324511807092,0.16232109803924238,-1.143668312693375,2.872610552162881,0.26622863438590705,-1.0161329645585022,0
1.7373691278115257,-1.1099901739376037,0.8491410419312149,-0.39224414962375,2.2993392898300504,-1.177851894974348,-0.5080528977622656,-1.461440576166749,-1.173704231781191,-0.2262991435398101,2.6146050665171567,-0.20998014190961997,0.9841231756854657,0
1.398470950690115,0.9009088760241706,0.8491410419312149,-0.14826771980476053,1.6234129815947211,0.9048055324001227,-0.7257958293968509,1.4316811360790147,-1.4724636648314886,-0.7996548742607882,2.6146050665171567,-0.11076998018138517,0.9841231756854657,0
1.906818216372231,0.9009088760241706,0.8491410419312149,-0.3903806491564938,2.130357712771218,-1.177851894974348,0.38271364074285674,-1.461440576166749,1.2465828606824585,0.9204123179021463,2.356599580871432,-3.106916864374076,0.9841231756854657,0
2.2457163934936415,-1.1099901739376037,-1.179024470547907,-0.25500839487412097,2.130357712771218,0.9048055324001227,-0.7257958293968509,-1.461440576166749,0.6154955189582334,-0.6849837281165926,2.872610552162881,-1.6386064707962011,-1.0161329645585022,1
2.0762673049329363,-1.1099901739376037,-1.179024470547907,-0.13116457568579065,1.9613761357123858,0.9048055324001227,-0.7257958293968509,-0.8828162337175963,-1.1804179269059165,-0.7996548742607882,1.3245776382885335,0.5638591195706114,-1.0161329645585022,0
1.7373691278115257,0.9009088760241706,0.8491410419312149,-0.10941847277552148,1.9613761357123858,0.9048055324001227,-0.7257958293968509,-0.8828162337175963,1.2700807936189982,-0.7996548742607882,2.872610552162881,1.1392780575943733,-1.0161329645585022,0
1.398470950690115,-1.1099901739376037,0.8491410419312149,-0.3914703231585334,1.7923945586535535,-1.177851894974348,-1.2008713165995828,-0.3041918912684436,-0.37813135950118393,-1.143668312693375,1.582583123934258,0.028124246238143545,0.9841231756854657,0
2.2457163934936415,-1.1099901739376037,-1.179024470547907,-0.10739704853985377,1.9613761357123858,0.9048055324001227,-0.7257958293968509,0.853056793629862,-1.8752853723150364,-0.7996548742607882,2.872610552162881,0.5043330225336705,0.9841231756854657,0
1.5679200392508204,-1.1099901739376037,0.8491410419312149,-0.10984486695023264,1.4544314045358888,0.9048055324001227,-0.7257958293968509,1.4316811360790147,-1.623521805137819,-0.7996548742607882,1.8405886095799828,-1.0830295651180861,0.9841231756854657,0
2.0762673049329363,0.9009088760241706,0.17308587110484092,-0.10643371355254336,2.130357712771218,0.9048055324001227,-0.7257958293968509,-0.8828162337175963,1.4446368668618692,-0.7996548742607882,2.6146050665171567,0.16701847265767225,0.9841231756854657,0
1.5679200392508204,0.9009088760241706,-0.502969299721533,-0.05163416591373869,1.7923945586535535,0.9048055324001227,-0.7257958293968509,-0.3041918912684436,-0.2707122375055717,-0.7996548742607882,2.6146050665171567,-1.142555662155027,0.9841231756854657,0
1.7373691278115257,0.9009088760241706,0.8491410419312149,-0.036662992668324616,1.7923945586535535,0.9048055324001227,-0.7257958293968509,-1.461440576166749,-1.0495008719737637,-0.9143260204049839,2.6146050665171567,1.0797519605574324,-1.0161329645585022,0
2.0762673049329363,0.9009088760241706,1.5251962127575889,-0.014648419351755823,1.9613761357123858,0.9048055324001227,-0.7257958293968509,-1.461440576166749,-0.46205254856025635,-0.9143260204049839,2.6146050665171567,0.9805417988291976,-1.0161329645585022,0
2.5846145706150523,0.9009088760241706,0.8491410419312149,-0.016701428341105856,2.4683208668888827,0.9048055324001227,-0.7257958293968509,0.2744324511807092,-0.4654093961226198,-0.9143260204049839,2.6146050665171567,-0.38855843302044263,0.9841231756854657,0
1.5679200392508204,0.9009088760241706,-1.179024470547907,-0.12538456576192827,2.130357712771218,0.9048055324001227,-0.7257958293968509,0.853056793629862,1.286865031430813,-0.7996548742607882,2.098594095225707,-0.8846092416616166,-1.0161329645585022,1
2.754063659175758,-1.1099901739376037,0.8491410419312149,-0.01335344445078119,2.4683208668888827,0.9048055324001227,-0.7257958293968509,1.4316811360790147,-1.0092187012254088,-0.9143260204049839,2.356599580871432,1.1789621222856672,0.9841231756854657,0
1.906818216372231,0.9009088760241706,0.8491410419312149,0.044462447164683915,1.4544314045358888,0.9048055324001227,-0.7257958293968509,-0.8828162337175963,0.8336906105118219,-0.9143260204049839,1.3245776382885335,0.0479662785837905,-1.0161329645585022,0
1.398470950690115,0.9009088760241706,-0.502969299721533,-0.3903490644028115,0.9474866733593919,0.21058638994196582,-0.2507203421941191,-1.461440576166749,1.253296555807184,0.003043148748581378,1.8405886095799828,0.22654456969461315,0.9841231756854657,0
1.7373691278115257,-1.1099901739376037,0.8491410419312149,0.07892141343208213,1.4544314045358888,0.9048055324001227,-0.7257958293968509,0.2744324511807092,0.4745079213389917,-0.9143260204049839,1.3245776382885335,1.0995939929030794,-1.0161329645585022,0
1.5679200392508204,-1.1099901739376037,-1.179024470547907,-0.3967449770234789,1.9613761357123858,0.21058638994196582,0.38271364074285674,-0.8828162337175963,0.4040141225293712,0.9204123179021463,1.582583123934258,1.2186461869769611,-1.0161329645585022,0
2.754063659175758,0.9009088760241706,-1.179024470547907,-0.21849641961737276,2.637302443947715,0.9048055324001227,-0.7257958293968509,0.2744324511807092,0.5382880250238866,-0.6849837281165926,2.098594095225707,-0.011559818453150373,-1.0161329645585022,1
2.5846145706150523,0.9009088760241706,-1.179024470547907,0.09964101184767629,2.130357712771218,0.9048055324001227,-0.7257958293968509,1.4316811360790147,0.04483143335654109,-0.9143260204049839,2.098594095225707,0.5043330225336705,0.9841231756854657,0
3.77075819053999,0.9009088760241706,0.8491410419312149,0.17463900946631702,3.651191906300709,0.9048055324001227,-0.7257958293968509,1.4316811360790147,0.7464125738903866,-1.0289971665491795,2.356599580871432,-0.4877685947486774,0.9841231756854657,0
2.415165482054347,0.9009088760241706,0.8491410419312149,-0.3885961105734434,2.2993392898300504,0.21058638994196582,-0.7257958293968509,1.4316811360790147,-1.2005590122800942,-0.570312581972397,1.582583123934258,0.6630692812988462,-1.0161329645585022,0
2.0762673049329363,-1.1099901739376037,1.5251962127575889,0.20064905412369782,1.7923945586535535,0.9048055324001227,-0.7257958293968509,0.853056793629862,0.9108981044461687,-1.0289971665491795,2.356599580871432,0.8813316371009629,-1.0161329645585022,0
1.398470950690115,-1.1099901739376037,-1.179024470547907,-0.3925126200300496,0.9474866733593919,-1.177851894974348,1.1349164954805155,-0.8828162337175963,-1.0495008719737637,1.8377814870557112,1.8405886095799828,-0.26950623894656084,0.9841231756854657,0
1.5679200392508204,0.9009088760241706,0.17308587110484092,0.3476918748916835,1.7923945586535535,0.9048055324001227,-0.7257958293968509,-0.3041918912684436,-0.33784918875282943,-1.0289971665491795,2.6146050665171567,1.35754041339649,-1.0161329645585022,0
3.77075819053999,0.9009088760241706,-0.502969299721533,-0.3811894858349421,3.4822103292418767,-1.177851894974348,-0.7257958293968509,0.853056793629862,-1.0427871768490378,-0.570312581972397,2.6146050665171567,1.0797519605574324,-1.0161329645585022,0
2.0762673049329363,-1.1099901739376037,0.8491410419312149,-0.376972921218354,2.8062840210065474,-1.177851894974348,-0.4090788379283631,-0.3041918912684436,-1.4724636648314886,-0.2262991435398101,2.872610552162881,0.5440170872249644,0.9841231756854657,0
1.398470950690115,0.9009088760241706,-1.179024470547907,-0.37949970151293866,1.9613761357123858,-1.177851894974348,0.06599664927436881,0.2744324511807092,0.8336906105118219,0.4617277333253637,2.6146050665171567,-2.49181386165902,0.9841231756854657,0
1.398470950690115,0.9009088760241706,-1.179024470547907,0.4032336642420224,2.130357712771218,0.9048055324001227,-0.7257958293968509,0.2744324511807092,0.9981761410676039,-1.0289971665491795,2.098594095225707,0.6630692812988462,-1.0161329645585022,0
1.7373691278115257,0.9009088760241706,0.8491410419312149,0.4603546912764767,1.1164682504182242,0.9048055324001227,-0.7257958293968509,0.2744324511807092,-0.8447331706696268,-1.0289971665491795,2.356599580871432,0.5440170872249644,0.9841231756854657,0
1.398470950690115,-1.1099901739376037,0.8491410419312149,-0.3770834678562421,1.4544314045358888,-1.177851894974348,1.3328646151483206,0.2744324511807092,-1.3751150855229646,2.0671237793441026,1.3245776382885335,0.305912699077201,-1.0161329645585022,0
2.2457163934936415,0.9009088760241706,-0.502969299721533,0.4631183572236787,2.637302443947715,0.9048055324001227,-0.7257958293968509,1.4316811360790147,1.092167872813765,-1.0289971665491795,1.8405886095799828,1.3773824457421369,0.9841231756854657,0
1.398470950690115,0.9009088760241706,-1.179024470547907,-0.5010694184361428,1.2854498274770565,-1.177851894974348,-1.2325430157464317,-0.8828162337175963,1.0351014642535956,-1.143668312693375,2.872610552162881,1.0003838311748445,-1.0161329645585022,1
1.7373691278115257,-1.1099901739376037,0.8491410419312149,0.5386217109012363,1.9613761357123858,0.9048055324001227,-0.7257958293968509,0.853056793629862,1.451350561986595,-1.143668312693375,2.6146050665171567,-0.46792656240303043,-1.0161329645585022,0
1.7373691278115257,0.9009088760241706,0.8491410419312149,0.5530875280877335,1.7923945586535535,0.9048055324001227,-0.7257958293968509,0.2744324511807092,0.830333762949459,-1.143668312693375,2.6146050665171567,0.5638591195706114,-1.0161329645585022,0
2.754063659175758,0.9009088760241706,0.8491410419312149,0.6078554909728558,2.637302443947715,0.9048055324001227,-0.7257958293968509,-0.3041918912684436,1.6628319584154578,-1.143668312693375,1.8405886095799828,1.0003838311748445,0.9841231756854657,0
2.5846145706150523,-1.1099901739376037,-1.179024470547907,0.6224792319277646,2.8062840210065474,0.9048055324001227,-0.7257958293968509,1.4316811360790147,1.286865031430813,-1.143668312693375,2.098594095225707,0.3654387961141419,-1.0161329645585022,0
2.415165482054347,0.9009088760241706,-1.179024470547907,-0.3769413364646717,2.4683208668888827,-1.177851894974348,0.0026532509806712224,-1.461440576166749,-1.173704231781191,0.3470565871811683,2.872610552162881,-0.13061201252703214,0.9841231756854657,0
1.398470950690115,0.9009088760241706,-1.179024470547907,0.6513634891702353,1.4544314045358888,0.9048055324001227,-0.7257958293968509,-1.461440576166749,-1.1233515183457474,-1.143668312693375,1.3245776382885335,-1.3211339532658497,0.9841231756854657,0
1.5679200392508204,-1.1099901739376037,-1.179024470547907,-0.3764675651594371,1.1164682504182242,-1.177851894974348,-0.5674373336626071,1.4316811360790147,-0.5896127559300467,-0.34097028968400567,2.6146050665171567,-0.8052411122790287,0.9841231756854657,0
2.5846145706150523,-1.1099901739376037,0.8491410419312149,-0.3739881619953759,2.8062840210065474,-1.177851894974348,-0.5199297849423339,-0.8828162337175963,-1.173704231781191,-0.34097028968400567,2.098594095225707,1.0202258635204915,0.9841231756854657,0
1.7373691278115257,-1.1099901739376037,-1.179024470547907,0.7946793090037088,1.9613761357123858,0.9048055324001227,-0.7257958293968509,0.853056793629862,1.4110683912382405,-1.143668312693375,2.872610552162881,0.16701847265767225,-1.0161329645585022,1
2.0762673049329363,-1.1099901739376037,-1.179024470547907,-0.3785837436561517,1.9613761357123858,-1.177851894974348,0.06599664927436881,-0.3041918912684436,-1.0427871768490378,0.4617277333253637,2.098594095225707,-1.6386064707962011,-1.0161329645585022,0
2.2457163934936415,0.9009088760241706,-0.502969299721533,-0.3766728660583721,1.9613761357123858,-1.177851894974348,-0.2982278909143923,1.4316811360790147,0.23617174441122635,0.003043148748581378,2.872610552162881,-0.40840046536608954,0.9841231756854657,0
1.7373691278115257,-1.1099901739376037,-1.179024470547907,-0.7506995191642654,1.7923945586535535,0.9048055324001227,-0.6941241302500022,1.4316811360790147,0.8135495251376443,0.23238544103697253,2.356599580871432,-2.03544711770914,0.9841231756854657,0
1.398470950690115,0.9009088760241706,0.17308587110484092,-0.371335042686062,1.2854498274770565,-1.177851894974348,-0.2507203421941191,1.4316811360790147,-1.8752853723150364,0.003043148748581378,2.356599580871432,1.8535912220376638,-1.0161329645585022,0
1.906818216372231,0.9009088760241706,0.8491410419312149,-0.48644567748123413,1.6234129815947211,0.9048055324001227,-0.6941241302500022,-0.8828162337175963,-1.4724636648314886,-0.34097028968400567,2.872610552162881,0.3654387961141419,-1.0161329645585022,0
3.77075819053999,0.9009088760241706,0.8491410419312149,-0.37602537860788476,3.9891550604183736,-1.177851894974348,-0.15570524475357272,-0.8828162337175963,1.0351014642535956,0.1177142948927768,1.582583123934258,0.40512286080543575,-1.0161329645585022,0
1.5679200392508204,-1.1099901739376037,-1.179024470547907,-0.370308538191387,1.2854498274770565,-1.177851894974348,-0.7257958293968509,-0.8828162337175963,-0.0860856215756121,-0.570312581972397,2.098594095225707,-0.24966420660091387,-1.0161329645585022,0
2.2457163934936415,0.9009088760241706,0.8491410419312149,-0.8014720107085758,2.2993392898300504,0.9048055324001227,-0.6664113934965095,1.4316811360790147,0.001192415045823164,0.4617277333253637,2.6146050665171567,0.9606997664835506,-1.0161329645585022,0
1.7373691278115257,-1.1099901739376037,0.8491410419312149,-0.7049016263249186,1.4544314045358888,0.9048055324001227,-0.6624524311031534,-0.8828162337175963,0.8269769153870962,0.1177142948927768,1.3245776382885335,-0.9242933063529105,0.9841231756854657,0
2.0762673049329363,0.9009088760241706,0.8491410419312149,-0.6975739634706231,2.2993392898300504,0.9048055324001227,-0.6624524311031534,-1.461440576166749,-0.21364582894540246,0.1177142948927768,2.356599580871432,0.5837011519162584,0.9841231756854657,0
1.7373691278115257,0.9009088760241706,-1.179024470547907,-0.37127187317869736,1.7923945586535535,-1.177851894974348,-0.4882580857954851,1.4316811360790147,-1.6705176710108995,-0.2262991435398101,2.356599580871432,-0.15045404487267908,-1.0161329645585022,0
2.0762673049329363,0.9009088760241706,0.8491410419312149,-0.5944497426978869,1.9613761357123858,0.9048055324001227,-0.6624524311031534,0.853056793629862,0.5382880250238866,-0.11162799739561437,1.8405886095799828,1.278172284013902,-1.0161329645585022,1
1.5679200392508204,0.9009088760241706,-1.179024470547907,-0.21786472454372657,0.7785050963005594,0.9048055324001227,-0.6624524311031534,0.2744324511807092,1.0015329886299666,-0.6849837281165926,2.872610552162881,-1.7378166325244357,-1.0161329645585022,1
1.398470950690115,0.9009088760241706,-1.179024470547907,-0.9776201819948085,1.7923945586535535,0.9048055324001227,-0.646616581529729,-0.8828162337175963,2.1999275683935204,1.952452633199907,1.3245776382885335,0.8813316371009629,-1.0161329645585022,1
1.5679200392508204,-1.1099901739376037,0.8491410419312149,-0.4729274029052062,1.4544314045358888,-1.177851894974348,-0.2507203421941191,-1.461440576166749,1.4110683912382405,0.23238544103697253,1.8405886095799828,-1.3409759856114967,-1.0161329645585022,1
2.2457163934936415,0.9009088760241706,1.5251962127575889,-0.8451853098048903,2.130357712771218,0.9048055324001227,-0.646616581529729,0.2744324511807092,-1.7510820125076092,0.8057411717579506,2.098594095225707,0.5837011519162584,-1.0161329645585022,0
1.5679200392508204,0.9009088760241706,1.5251962127575889,-0.3574061663121641,1.7923945586535535,-1.177851894974348,0.6598410082777837,-0.8828162337175963,0.9981761410676039,1.1497546101905376,1.8405886095799828,1.1392780575943733,-1.0161329645585022,0
1.5679200392508204,-1.1099901739376037,-1.179024470547907,-0.732206645883274,1.2854498274770565,0.9048055324001227,-0.646616581529729,0.2744324511807092,0.001192415045823164,0.23238544103697253,1.582583123934258,-1.182239726846321,0.9841231756854657,0
2.2457163934936415,0.9009088760241706,0.8491410419312149,-0.3589854039962795,1.9613761357123858,-1.177851894974348,-0.3774071387815143,-1.461440576166749,-1.173704231781191,-0.11162799739561437,2.6146050665171567,0.9606997664835506,-1.0161329645585022,0
1.5679200392508204,-1.1099901739376037,0.8491410419312149,-0.6997848962283847,1.2854498274770565,0.9048055324001227,-0.646616581529729,-0.8828162337175963,-1.6705176710108995,0.1177142948927768,2.356599580871432,1.0797519605574324,0.9841231756854657,0
1.398470950690115,-1.1099901739376037,1.5251962127575889,-0.6810709296716171,1.6234129815947211,0.9048055324001227,-0.646616581529729,-0.8828162337175963,-0.707102420612748,0.1177142948927768,1.3245776382885335,2.1115376425310743,0.9841231756854657,0
3.262410924857874,0.9009088760241706,1.5251962127575889,-0.352684245636659,2.9752655980653797,-1.177851894974348,-0.3298995900612411,0.853056793629862,-1.4724636648314886,-0.11162799739561437,1.582583123934258,1.0003838311748445,0.9841231756854657,0
2.0762673049329363,0.9009088760241706,-1.179024470547907,-0.6793811453496136,2.2993392898300504,0.9048055324001227,-0.646616581529729,0.2744324511807092,1.253296555807184,0.1177142948927768,1.582583123934258,0.16701847265767225,0.9841231756854657,0
1.398470950690115,0.9009088760241706,0.8491410419312149,-0.6597196361823767,1.2854498274770565,0.9048055324001227,-0.646616581529729,0.853056793629862,0.5114332445249834,0.003043148748581378,2.356599580871432,-1.202081759191968,0.9841231756854657,0
1.7373691278115257,0.9009088760241706,0.8491410419312149,-0.3522420590851067,1.9613761357123858,-1.177851894974348,0.22435514500861276,-1.461440576166749,-0.707102420612748,0.5763988794695595,2.6146050665171567,-0.6465048535138531,0.9841231756854657,0
1.398470950690115,0.9009088760241706,-1.179024470547907,-0.6088997675075429,1.6234129815947211,0.9048055324001227,-0.646616581529729,0.2744324511807092,0.4308689030282738,-0.11162799739561437,2.872610552162881,1.317856348705196,0.9841231756854657,0
2.5846145706150523,0.9009088760241706,0.17308587110484092,-0.3345230122693318,2.9752655980653797,0.9048055324001227,-0.646616581529729,0.2744324511807092,0.5382880250238866,-0.570312581972397,2.872610552162881,2.4488521924070725,-1.0161329645585022,0
1.906818216372231,-1.1099901739376037,-0.502969299721533,-0.2973793419389374,1.9613761357123858,0.9048055324001227,-0.646616581529729,0.853056793629862,-1.4993184453303918,-0.570312581972397,1.8405886095799828,-1.0433455004267922,0.9841231756854657,0
2.2457163934936415,-1.1099901739376037,-1.179024470547907,-0.35435823758182133,1.7923945586535535,-1.177851894974348,-0.3298995900612411,-0.8828162337175963,0.03811773823181484,-0.11162799739561437,1.8405886095799828,1.3972244780877838,0.9841231756854657,0
1.398470950690115,0.9009088760241706,-0.502969299721533,-0.298879617738847,1.4544314045358888,0.9048055324001227,-0.646616581529729,-1.461440576166749,-0.901799579229796,-0.570312581972397,2.6146050665171567,-0.190138109563973,0.9841231756854657,0
3.0929618362971683,0.9009088760241706,-1.179024470547907,-0.3526210761292944,2.637302443947715,-1.177851894974348,-0.5674373336626071,0.853056793629862,-1.2979075915886182,-0.45564143582820127,2.356599580871432,-1.162397694500674,0.9841231756854657,0
2.5846145706150523,0.9009088760241706,0.8491410419312149,-0.35645862370169484,1.9613761357123858,0.21058638994196582,0.06599664927436881,1.4316811360790147,-1.0495008719737637,0.3470565871811683,2.6146050665171567,0.10749237562073138,-1.0161329645585022,0
1.5679200392508204,0.9009088760241706,-1.179024470547907,-0.35641124657117135,1.4544314045358888,-1.177851894974348,-0.4090788379283631,0.853056793629862,0.001192415045823164,-0.2262991435398101,1.3245776382885335,0.5837011519162584,0.9841231756854657,0
1.398470950690115,-1.1099901739376037,0.8491410419312149,-0.35438982233550365,1.4544314045358888,-1.177851894974348,-0.646616581529729,-0.8828162337175963,-1.2979075915886182,-0.45564143582820127,2.6146050665171567,1.2186461869769611,-1.0161329645585022,0
2.2457163934936415,-1.1099901739376037,-1.179024470547907,-0.353916051030269,2.2993392898300504,0.21058638994196582,0.6994306322113446,0.853056793629862,-1.0495008719737637,1.1497546101905376,1.582583123934258,0.6035431842619053,0.9841231756854657,0
1.5679200392508204,0.9009088760241706,0.8491410419312149,-0.2200282801709647,1.9613761357123858,0.9048055324001227,-0.646616581529729,1.4316811360790147,0.7464125738903866,-0.6849837281165926,1.582583123934258,0.821805540064022,-1.0161329645585022,1
3.0929618362971683,0.9009088760241706,0.8491410419312149,-0.10922896425342764,3.8201734833595413,0.9048055324001227,-0.646616581529729,0.853056793629862,1.0787404825643134,-0.6849837281165926,2.872610552162881,-1.3806600503027906,0.9841231756854657,0
2.754063659175758,0.9009088760241706,1.5251962127575889,-0.04757552506556209,3.144247175124212,0.9048055324001227,-0.646616581529729,0.2744324511807092,-1.173704231781191,-0.7996548742607882,1.8405886095799828,1.0400678958661385,-1.0161329645585022,0
1.5679200392508204,0.9009088760241706,0.8491410419312149,0.26923534674483,1.1164682504182242,0.9048055324001227,-0.646616581529729,-0.8828162337175963,-1.0495008719737637,-0.9143260204049839,1.3245776382885335,-0.7457150152420878,-1.0161329645585022,0
1.7373691278115257,-1.1099901739376037,1.5251962127575889,1.9768808469556622,1.6234129815947211,0.9048055324001227,-0.646616581529729,1.4316811360790147,0.001192415045823164,-1.2583394588375707,1.8405886095799828,1.774223092655076,0.9841231756854657,0
1.906818216372231,0.9009088760241706,0.8491410419312149,-0.3435404594456308,2.2993392898300504,-1.177851894974348,-0.7257958293968509,-1.461440576166749,-1.173704231781191,-0.570312581972397,2.098594095225707,-0.7655570475877348,0.9841231756854657,0
1.398470950690115,-1.1099901739376037,1.5251962127575889,-0.3469358204664789,1.1164682504182242,-1.177851894974348,-1.090020369585612,-1.461440576166749,-1.7510820125076092,-1.0289971665491795,2.098594095225707,1.1789621222856672,-1.0161329645585022,0
1.7373691278115257,-1.1099901739376037,-0.502969299721533,-0.677786115288657,1.7923945586535535,0.9048055324001227,-0.6307807319563046,-0.8828162337175963,-0.34120603631519225,0.1177142948927768,2.356599580871432,0.08765034327508442,-1.0161329645585022,1
1.7373691278115257,0.9009088760241706,1.5251962127575889,-0.5900278771823637,1.6234129815947211,0.9048055324001227,-0.6307807319563046,0.853056793629862,0.03476089066945202,-0.11162799739561437,1.3245776382885335,1.6353288662355472,0.9841231756854657,0
2.0762673049329363,0.9009088760241706,0.17308587110484092,-0.5270636707166824,2.4683208668888827,0.9048055324001227,-0.6307807319563046,0.2744324511807092,0.19253272610050842,-0.2262991435398101,2.872610552162881,0.5241750548793175,-1.0161329645585022,0
3.0929618362971683,0.9009088760241706,1.5251962127575889,-0.3362443813450176,3.144247175124212,0.21058638994196582,2.785803813510009,1.4316811360790147,-0.8447331706696268,3.672519825362842,1.8405886095799828,0.5241750548793175,0.9841231756854657,0
1.5679200392508204,-1.1099901739376037,-1.179024470547907,-0.33649705937447605,1.6234129815947211,-1.177851894974348,-0.4090788379283631,-0.3041918912684436,-1.0427871768490378,-0.2262991435398101,2.356599580871432,1.337698381050843,-1.0161329645585022,0
2.415165482054347,0.9009088760241706,-1.179024470547907,-0.24674898178619742,2.4683208668888827,0.9048055324001227,-0.6307807319563046,-0.8828162337175963,-0.005521280078902488,-0.570312581972397,2.098594095225707,1.5559607368529593,0.9841231756854657,0
1.7373691278115257,-1.1099901739376037,-1.179024470547907,-0.34147165807943963,1.7923945586535535,-1.177851894974348,-0.2823920413409679,-0.3041918912684436,-0.11965409719924096,-0.11162799739561437,1.582583123934258,-1.8568688265983175,0.9841231756854657,0
1.5679200392508204,-1.1099901739376037,0.8491410419312149,-0.33960815761218344,0.9474866733593919,0.21058638994196582,-1.121692068732461,0.853056793629862,-1.6705176710108995,-1.143668312693375,1.3245776382885335,0.46464895784237664,-1.0161329645585022,0
1.398470950690115,-1.1099901739376037,0.8491410419312149,-0.3367655297807757,0.9474866733593919,-1.177851894974348,-1.2800505644667048,1.4316811360790147,-0.707102420612748,-1.2583394588375707,2.6146050665171567,0.0479662785837905,-1.0161329645585022,0
1.7373691278115257,0.9009088760241706,-1.179024470547907,-0.33302273646942215,2.2993392898300504,-1.177851894974348,-0.7257958293968509,-0.3041918912684436,-0.11965409719924096,-0.570312581972397,2.6146050665171567,0.9210157017922567,-1.0161329645585022,0
2.923512747736463,0.9009088760241706,-0.502969299721533,0.13668992791702378,2.9752655980653797,0.9048055324001227,-0.6307807319563046,-0.8828162337175963,1.4312094766124175,-0.9143260204049839,1.3245776382885335,-0.9639773710442044,-1.0161329645585022,1
2.5846145706150523,-1.1099901739376037,-1.179024470547907,-0.3403661917005588,2.8062840210065474,-1.177851894974348,0.12934004756806639,1.4316811360790147,-1.6839450612603513,0.4617277333253637,2.872610552162881,-0.7853990799333818,0.9841231756854657,0
2.2457163934936415,0.9009088760241706,-1.179024470547907,1.3505709738123326,1.9613761357123858,0.9048055324001227,-0.6307807319563046,1.4316811360790147,-0.811164695045998,-1.2583394588375707,1.3245776382885335,0.5837011519162584,-1.0161329645585022,0
1.398470950690115,0.9009088760241706,1.5251962127575889,-0.48668256313385144,1.1164682504182242,0.9048055324001227,-0.6149448823828803,0.2744324511807092,-1.2475548781531747,-0.2262991435398101,1.8405886095799828,1.5162766721616654,-1.0161329645585022,0
1.7373691278115257,0.9009088760241706,-1.179024470547907,-0.605330690341442,1.4544314045358888,0.9048055324001227,-0.607026957596168,0.2744324511807092,0.001192415045823164,0.003043148748581378,2.6146050665171567,0.286070666731554,0.9841231756854657,0
2.754063659175758,0.9009088760241706,-1.179024470547907,-0.34229286167517964,3.144247175124212,-1.177851894974348,-0.7257958293968509,-1.461440576166749,-0.34120603631519225,-0.570312581972397,2.356599580871432,-2.670392152769843,0.9841231756854657,0
2.415165482054347,-1.1099901739376037,0.8491410419312149,0.3619365988024045,2.637302443947715,0.9048055324001227,-0.607026957596168,1.4316811360790147,0.665848232393677,-0.9143260204049839,2.356599580871432,-1.8370267942526706,0.9841231756854657,0
1.906818216372231,0.9009088760241706,0.8491410419312149,-0.33798154279754455,1.7923945586535535,-1.177851894974348,-1.042512820865339,-1.461440576166749,-1.8752853723150364,-1.0289971665491795,1.3245776382885335,0.06780831092943747,0.9841231756854657,0
3.431860013418579,0.9009088760241706,-0.502969299721533,-0.5039436310212329,3.8201734833595413,0.9048055324001227,-0.5991090328094558,0.2744324511807092,1.1861596045599256,-0.2262991435398101,2.356599580871432,-0.5274526594399713,-1.0161329645585022,1
1.7373691278115257,0.9009088760241706,0.8491410419312149,-0.33840793697225574,1.2854498274770565,-1.177851894974348,1.3328646151483206,0.853056793629862,-0.8447331706696268,1.952452633199907,1.3245776382885335,0.008282213892496587,0.9841231756854657,0
1.7373691278115257,0.9009088760241706,0.8491410419312149,-0.34069783161422307,1.4544314045358888,-1.177851894974348,-0.5357656345157582,0.853056793629862,-1.2475548781531747,-0.34097028968400567,2.098594095225707,-2.650550120424196,0.9841231756854657,0
1.906818216372231,0.9009088760241706,-1.179024470547907,-0.7995295483571139,2.130357712771218,0.9048055324001227,-0.5911911080227437,0.853056793629862,1.407711543675877,0.6910700256137552,1.582583123934258,1.0202258635204915,-1.0161329645585022,0
3.431860013418579,-1.1099901739376037,1.5251962127575889,-0.4163591090601923,3.4822103292418767,0.9048055324001227,-0.5911911080227437,0.2744324511807092,-0.34120603631519225,-0.34097028968400567,1.8405886095799828,2.1512217072223683,0.9841231756854657,0
2.5846145706150523,0.9009088760241706,-1.179024470547907,-0.33940285671324844,2.130357712771218,-1.177851894974348,-0.804975077263973,1.4316811360790147,-1.8752853723150364,-0.6849837281165926,2.098594095225707,1.5361187045073124,-1.0161329645585022,0
2.754063659175758,0.9009088760241706,-0.502969299721533,1.0093924645360397,2.4683208668888827,0.9048055324001227,-0.5832731832360314,-1.461440576166749,-1.623521805137819,-1.143668312693375,2.098594095225707,0.3455967637684949,0.9841231756854657,0
1.7373691278115257,-1.1099901739376037,-0.502969299721533,-0.576730695882112,1.9613761357123858,0.9048055324001227,-0.5753552584493192,0.853056793629862,0.23952859197358917,0.003043148748581378,1.3245776382885335,0.4844909901880236,-1.0161329645585022,0
2.415165482054347,0.9009088760241706,-1.179024470547907,-0.3356600634018949,2.130357712771218,-1.177851894974348,-0.4882580857954851,0.2744324511807092,-1.2475548781531747,-0.34097028968400567,1.3245776382885335,-1.2417658238832618,0.9841231756854657,0
1.5679200392508204,-1.1099901739376037,1.5251962127575889,-0.45138660089387206,1.9613761357123858,-1.177851894974348,-1.042512820865339,-1.461440576166749,-1.623521805137819,-0.9143260204049839,1.8405886095799828,-0.3488743683291487,-1.0161329645585022,1
1.7373691278115257,0.9009088760241706,-1.179024470547907,-0.8934626058082983,1.2854498274770565,0.9048055324001227,-0.5674373336626071,1.4316811360790147,1.6729025011025462,1.379096902478929,1.582583123934258,0.08765034327508442,-1.0161329645585022,1
1.906818216372231,-1.1099901739376037,0.8491410419312149,-0.8550871300842939,1.7923945586535535,0.9048055324001227,-0.5674373336626071,0.2744324511807092,1.4312094766124175,1.035083464046342,1.8405886095799828,0.12733440796637835,0.9841231756854657,0
2.0762673049329363,-1.1099901739376037,-1.179024470547907,-0.34200859889203883,1.9613761357123858,-1.177851894974348,-0.2507203421941191,-0.3041918912684436,1.6594751108530943,0.003043148748581378,1.3245776382885335,0.7622794430270811,0.9841231756854657,0
1.5679200392508204,-1.1099901739376037,-1.179024470547907,-0.33654443650499954,1.4544314045358888,-1.177851894974348,-0.963333572998217,-0.3041918912684436,-1.0495008719737637,-0.9143260204049839,2.356599580871432,0.5440170872249644,-1.0161329645585022,0
2.415165482054347,-1.1099901739376037,0.8491410419312149,-0.33820263607332074,1.9613761357123858,0.21058638994196582,-0.963333572998217,0.853056793629862,1.1223795008750308,-0.9143260204049839,1.582583123934258,0.18686050500331922,0.9841231756854657,0
1.7373691278115257,0.9009088760241706,-1.179024470547907,-0.3367655297807757,1.6234129815947211,0.21058638994196582,-0.3140637404878167,1.4316811360790147,-1.0495008719737637,-0.11162799739561437,1.3245776382885335,0.38528082845978884,-1.0161329645585022,0
1.5679200392508204,-1.1099901739376037,-0.502969299721533,-0.7934021061427461,1.7923945586535535,0.9048055324001227,-0.5674373336626071,0.2744324511807092,0.16232109803924238,0.6910700256137552,2.872610552162881,-0.32903233598350173,-1.0161329645585022,0
3.262410924857874,0.9009088760241706,0.8491410419312149,-0.3341124104714618,2.4683208668888827,-1.177851894974348,1.1349164954805155,0.2744324511807092,-0.12972463988633004,1.7231103409115156,1.582583123934258,-1.0036614357354983,0.9841231756854657,0
1.7373691278115257,-1.1099901739376037,1.5251962127575889,-0.7693661085905096,1.7923945586535535,0.9048055324001227,-0.5674373336626071,-1.461440576166749,1.2029438423717405,0.5763988794695595,1.582583123934258,-0.03140185079879733,-1.0161329645585022,1
3.431860013418579,0.9009088760241706,-1.179024470547907,-0.44492751876584,3.3132287521830444,-1.177851894974348,0.7627740305050422,-1.461440576166749,0.6255660616453219,1.6084391947673204,2.872610552162881,1.8139071573463699,-1.0161329645585022,1
1.5679200392508204,0.9009088760241706,-1.179024470547907,-0.7323329848980032,1.1164682504182242,0.9048055324001227,-0.5674373336626071,1.4316811360790147,-0.21364582894540246,0.4617277333253637,1.582583123934258,0.08765034327508442,0.9841231756854657,0
2.754063659175758,0.9009088760241706,1.5251962127575889,-0.33592853380819454,2.637302443947715,-1.177851894974348,1.2536853672811985,-1.461440576166749,0.3939435798422821,1.8377814870557112,2.356599580871432,-0.5472946917856183,0.9841231756854657,0
2.923512747736463,0.9009088760241706,0.8491410419312149,-0.33801312755122687,2.4683208668888827,-1.177851894974348,-0.2507203421941191,-0.3041918912684436,-0.46205254856025635,0.003043148748581378,1.8405886095799828,0.9210157017922567,0.9841231756854657,0
1.398470950690115,0.9009088760241706,-1.179024470547907,-0.7042067617439077,1.6234129815947211,0.9048055324001227,-0.5674373336626071,-0.8828162337175963,1.6628319584154578,0.3470565871811683,1.582583123934258,-0.5274526594399713,-1.0161329645585022,0
1.398470950690115,0.9009088760241706,-1.179024470547907,-0.33346492302097447,1.7923945586535535,-1.177851894974348,0.06599664927436881,1.4316811360790147,-0.46205254856025635,0.3470565871811683,2.098594095225707,0.22654456969461315,0.9841231756854657,0
3.431860013418579,-1.1099901739376037,0.8491410419312149,-0.6784336027391443,2.637302443947715,0.9048055324001227,-0.5674373336626071,-1.461440576166749,0.4745079213389917,0.23238544103697253,1.582583123934258,0.46464895784237664,-1.0161329645585022,1
3.0929618362971683,-1.1099901739376037,-1.179024470547907,-0.33155404542319483,3.144247175124212,-1.177851894974348,0.0026532509806712224,0.853056793629862,0.001192415045823164,0.23238544103697253,2.872610552162881,0.286070666731554,0.9841231756854657,0
1.906818216372231,-1.1099901739376037,-1.179024470547907,-0.6805813659895412,1.4544314045358888,0.9048055324001227,-0.5674373336626071,0.853056793629862,-0.0860856215756121,0.23238544103697253,2.098594095225707,-2.4521297969677263,-1.0161329645585022,0
2.2457163934936415,0.9009088760241706,0.8491410419312149,-0.6646310653799756,2.4683208668888827,0.9048055324001227,-0.5674373336626071,0.2744324511807092,-0.1397951825734185,0.23238544103697253,1.8405886095799828,-0.190138109563973,0.9841231756854657,0
1.906818216372231,-1.1099901739376037,0.8491410419312149,-0.3306696723200902,2.4683208668888827,0.21058638994196582,-0.7574675285436998,1.4316811360790147,0.9981761410676039,-0.6849837281165926,1.8405886095799828,1.6551708985811941,0.9841231756854657,0
1.5679200392508204,0.9009088760241706,-1.179024470547907,-0.32460539961308704,1.2854498274770565,-1.177851894974348,-0.5674373336626071,0.853056793629862,-1.0495008719737637,-0.45564143582820127,1.582583123934258,1.3773824457421369,0.9841231756854657,0
1.7373691278115257,0.9009088760241706,1.5251962127575889,-0.638636813099436,1.1164682504182242,0.9048055324001227,-0.5674373336626071,-1.461440576166749,0.11868207972852446,0.1177142948927768,2.6146050665171567,0.3654387961141419,-1.0161329645585022,1
2.5846145706150523,0.9009088760241706,-0.502969299721533,-0.6180909308290946,2.130357712771218,0.9048055324001227,-0.5674373336626071,-1.461440576166749,1.5486991412951188,0.1177142948927768,2.098594095225707,0.08765034327508442,-1.0161329645585022,1
1.906818216372231,-1.1099901739376037,0.8491410419312149,-0.32297878479844816,2.130357712771218,-1.177851894974348,0.8577891279455886,0.853056793629862,-0.37813135950118393,1.2644257563347332,2.356599580871432,-1.0235034680811452,0.9841231756854657,0
1.7373691278115257,0.9009088760241706,0.8491410419312149,-0.5995190956638974,1.9613761357123858,0.9048055324001227,-0.5674373336626071,0.2744324511807092,-1.0427871768490378,0.003043148748581378,1.3245776382885335,-0.8449251769703227,-1.0161329645585022,0
1.398470950690115,-1.1099901739376037,-1.179024470547907,-0.6001665831143846,1.2854498274770565,0.9048055324001227,-0.5674373336626071,0.853056793629862,0.860545391010725,0.003043148748581378,2.6146050665171567,-1.3211339532658497,-1.0161329645585022,0
1.7373691278115257,-1.1099901739376037,-0.502969299721533,-0.3200098179523112,1.2854498274770565,-1.177851894974348,-0.7257958293968509,-0.8828162337175963,-1.2475548781531747,-0.6849837281165926,1.582583123934258,0.32575473142284794,-1.0161329645585022,0
1.7373691278115257,-1.1099901739376037,-1.179024470547907,-0.31517735063891805,2.2993392898300504,-1.177851894974348,-0.36948921399480206,-1.461440576166749,0.3301634761573873,-0.2262991435398101,1.3245776382885335,0.7622794430270811,-1.0161329645585022,0
1.398470950690115,-1.1099901739376037,-1.179024470547907,-0.32053096638806927,1.1164682504182242,0.21058638994196582,-0.8524826259842462,0.853056793629862,1.6829730437896346,-0.7996548742607882,1.8405886095799828,0.14717644031202531,0.9841231756854657,0
1.906818216372231,0.9009088760241706,-1.179024470547907,-0.5656286549627807,1.9613761357123858,0.9048055324001227,-0.5674373336626071,0.2744324511807092,-0.8447331706696268,0.003043148748581378,2.098594095225707,0.40512286080543575,-1.0161329645585022,0
3.77075819053999,0.9009088760241706,-1.179024470547907,-0.5607961876493875,3.9891550604183736,0.9048055324001227,-0.5674373336626071,0.2744324511807092,0.001192415045823164,0.003043148748581378,1.3245776382885335,1.5758027691986063,-1.0161329645585022,0
2.923512747736463,-1.1099901739376037,-1.179024470547907,-0.5628491966387376,2.637302443947715,0.9048055324001227,-0.5674373336626071,-0.8828162337175963,0.001192415045823164,0.003043148748581378,1.582583123934258,-0.32903233598350173,0.9841231756854657,0
2.754063659175758,0.9009088760241706,-1.179024470547907,-0.31629860939464,3.144247175124212,-1.177851894974348,-0.9474977234247925,1.4316811360790147,1.7736079279734327,-0.9143260204049839,2.098594095225707,0.8416475724096689,0.9841231756854657,0
1.7373691278115257,0.9009088760241706,-0.502969299721533,-0.550389011311067,1.4544314045358888,0.9048055324001227,-0.5674373336626071,0.853056793629862,0.6255660616453219,-0.11162799739561437,2.872610552162881,-0.15045404487267908,0.9841231756854657,0
1.398470950690115,0.9009088760241706,0.8491410419312149,-0.5555847032918066,1.7923945586535535,0.9048055324001227,-0.5674373336626071,1.4316811360790147,1.2700807936189982,-0.11162799739561437,2.098594095225707,0.26622863438590705,0.9841231756854657,0
1.5679200392508204,-1.1099901739376037,1.5251962127575889,-0.5160090069278745,1.6234129815947211,0.9048055324001227,-0.5674373336626071,0.853056793629862,1.451350561986595,-0.11162799739561437,2.6146050665171567,0.5241750548793175,0.9841231756854657,0
2.754063659175758,-1.1099901739376037,-1.179024470547907,-0.30282771194913555,2.637302443947715,-1.177851894974348,-0.8841543251310949,-0.3041918912684436,-0.12972463988633004,-0.7996548742607882,2.098594095225707,-0.8449251769703227,-1.0161329645585022,0
2.5846145706150523,-1.1099901739376037,1.5251962127575889,-0.30262241105020055,2.130357712771218,-1.177851894974348,1.0161476236798326,0.853056793629862,0.8336906105118219,1.379096902478929,1.8405886095799828,1.4567505751247247,0.9841231756854657,0
1.398470950690115,-1.1099901739376037,-0.502969299721533,-0.5256739415546609,1.1164682504182242,0.9048055324001227,-0.5674373336626071,-0.8828162337175963,0.5382880250238866,-0.11162799739561437,2.872610552162881,0.4448069254967297,-1.0161329645585022,0
2.0762673049329363,-1.1099901739376037,0.8491410419312149,-0.6355888843690933,1.6234129815947211,0.9048055324001227,-0.5674373336626071,-0.3041918912684436,-1.0427871768490378,0.1177142948927768,2.356599580871432,-1.2417658238832618,-1.0161329645585022,1
2.415165482054347,0.9009088760241706,0.8491410419312149,-0.6098473101180121,1.6234129815947211,0.9048055324001227,-0.5674373336626071,0.853056793629862,1.7736079279734327,0.1177142948927768,2.356599580871432,0.4448069254967297,-1.0161329645585022,1
1.7373691278115257,0.9009088760241706,-1.179024470547907,-0.30162749130920785,1.7923945586535535,-1.177851894974348,0.38271364074285674,-0.8828162337175963,0.769910506826927,0.6910700256137552,1.3245776382885335,0.4844909901880236,0.9841231756854657,0
2.754063659175758,0.9009088760241706,-1.179024470547907,-0.49647383677536694,2.4683208668888827,0.9048055324001227,-0.5674373336626071,0.853056793629862,0.001192415045823164,-0.2262991435398101,2.356599580871432,-1.3012919209202027,0.9841231756854657,0
1.398470950690115,-1.1099901739376037,1.5251962127575889,-0.3015327370481609,2.130357712771218,-1.177851894974348,-1.0741845200121878,1.4316811360790147,0.001192415045823164,-1.0289971665491795,2.872610552162881,1.714696995618135,-1.0161329645585022,0
1.398470950690115,0.9009088760241706,0.8491410419312149,-0.29955868994301665,0.7785050963005594,-1.177851894974348,-0.18737694390042153,-0.3041918912684436,0.8739727812601764,0.003043148748581378,1.582583123934258,0.9210157017922567,-1.0161329645585022,0
1.906818216372231,-1.1099901739376037,0.8491410419312149,-0.48691944878646876,1.6234129815947211,0.9048055324001227,-0.5674373336626071,0.853056793629862,1.1861596045599256,-0.2262991435398101,2.6146050665171567,-0.20998014190961997,0.9841231756854657,0
1.398470950690115,0.9009088760241706,1.5251962127575889,-0.29919546527567015,1.4544314045358888,-1.177851894974348,-0.7257958293968509,0.853056793629862,-1.173704231781191,-0.6849837281165926,2.6146050665171567,-2.8886545085719595,0.9841231756854657,0
1.7373691278115257,0.9009088760241706,0.8491410419312149,-0.4636414853226076,1.2854498274770565,0.9048055324001227,-0.5674373336626071,-1.461440576166749,0.8739727812601764,-0.2262991435398101,2.872610552162881,1.317856348705196,0.9841231756854657,0
2.754063659175758,0.9009088760241706,0.17308587110484092,-0.42858240873524556,2.9752655980653797,0.9048055324001227,-0.5674373336626071,0.2744324511807092,-1.8752853723150364,-0.34097028968400567,1.3245776382885335,0.7225953783357871,-1.0161329645585022,0
2.415165482054347,-1.1099901739376037,1.5251962127575889,-0.4194228301673762,2.4683208668888827,0.9048055324001227,-0.5674373336626071,-1.461440576166749,-0.46205254856025635,-0.34097028968400567,2.098594095225707,1.4369085427790778,-1.0161329645585022,0
1.906818216372231,-1.1099901739376037,-1.179024470547907,-0.403109304890464,1.9613761357123858,0.9048055324001227,-0.5674373336626071,0.2744324511807092,-1.0495008719737637,-0.34097028968400567,2.872610552162881,0.028124246238143545,-1.0161329645585022,0
1.5679200392508204,-1.1099901739376037,0.8491410419312149,-0.394091857714165,1.2854498274770565,0.9048055324001227,-0.5674373336626071,0.853056793629862,0.001192415045823164,-0.34097028968400567,2.6146050665171567,0.6035431842619053,-1.0161329645585022,0
1.7373691278115257,0.9009088760241706,0.8491410419312149,-0.39756618061921895,1.7923945586535535,0.9048055324001227,-0.5674373336626071,-0.8828162337175963,0.23617174441122635,-0.34097028968400567,1.582583123934258,0.4448069254967297,0.9841231756854657,0
1.398470950690115,-1.1099901739376037,-1.179024470547907,-0.3904911957943819,1.6234129815947211,0.9048055324001227,-0.5674373336626071,-1.461440576166749,-0.34120603631519225,-0.34097028968400567,1.582583123934258,1.0003838311748445,-1.0161329645585022,0
1.5679200392508204,0.9009088760241706,-0.502969299721533,-0.3918967173332446,0.7785050963005594,0.9048055324001227,-0.5674373336626071,-0.8828162337175963,0.5382880250238866,-0.34097028968400567,2.872610552162881,1.2186461869769611,0.9841231756854657,0
1.398470950690115,-1.1099901739376037,1.5251962127575889,-0.3005378173071682,2.130357712771218,-1.177851894974348,0.06599664927436881,-1.461440576166749,-1.6705176710108995,0.23238544103697253,1.8405886095799828,-0.11076998018138517,-1.0161329645585022,0
1.5679200392508204,0.9009088760241706,1.5251962127575889,-0.3727405642249247,1.6234129815947211,0.9048055324001227,-0.5674373336626071,-0.8828162337175963,0.16232109803924238,-0.34097028968400567,1.8405886095799828,0.38528082845978884,0.9841231756854657,0
1.5679200392508204,-1.1099901739376037,0.8491410419312149,-0.2992428424061936,1.7923945586535535,-1.177851894974348,-0.18737694390042153,1.4316811360790147,-1.6705176710108995,0.003043148748581378,1.3245776382885335,-0.8449251769703227,0.9841231756854657,0
1.5679200392508204,0.9009088760241706,1.5251962127575889,-0.3007115334524209,1.2854498274770565,-1.177851894974348,-1.01084112171849,0.853056793629862,-1.173704231781191,-1.0289971665491795,2.872610552162881,-1.5195542767223194,0.9841231756854657,0
1.906818216372231,0.9009088760241706,0.8491410419312149,-0.36997689827772273,1.7923945586535535,0.9048055324001227,-0.5674373336626071,0.853056793629862,-1.3482603050240614,-0.34097028968400567,1.3245776382885335,-0.38855843302044263,0.9841231756854657,0
1.7373691278115257,0.9009088760241706,-0.502969299721533,-0.3381394665659561,1.1164682504182242,0.9048055324001227,-0.5674373336626071,0.2744324511807092,0.001192415045823164,-0.45564143582820127,2.872610552162881,0.801963507718375,0.9841231756854657,0
2.5846145706150523,0.9009088760241706,-0.502969299721533,-0.33564427102505373,2.9752655980653797,0.9048055324001227,-0.5674373336626071,0.853056793629862,0.04483143335654109,-0.45564143582820127,1.8405886095799828,0.9606997664835506,0.9841231756854657,0
1.906818216372231,0.9009088760241706,0.17308587110484092,-0.4524446901422294,2.130357712771218,0.9048055324001227,-0.5674373336626071,0.853056793629862,2.206641263518246,-0.2262991435398101,1.582583123934258,-1.6386064707962011,-1.0161329645585022,1
2.0762673049329363,0.9009088760241706,-1.179024470547907,-0.3344914275156495,1.4544314045358888,0.9048055324001227,-0.5674373336626071,1.4316811360790147,-0.3109944082539262,-0.45564143582820127,1.8405886095799828,-0.7655570475877348,0.9841231756854657,0
2.754063659175758,0.9009088760241706,-0.502969299721533,-0.29771098185260164,3.4822103292418767,-1.177851894974348,-0.5674373336626071,-1.461440576166749,0.3301634761573873,-0.45564143582820127,2.872610552162881,-0.07108591549009124,0.9841231756854657,0
1.398470950690115,-1.1099901739376037,-0.502969299721533,-0.417354028801185,1.7923945586535535,0.9048055324001227,-0.5674373336626071,-0.3041918912684436,0.001192415045823164,-0.34097028968400567,1.582583123934258,-0.7060309505507939,-1.0161329645585022,1
1.5679200392508204,-1.1099901739376037,0.8491410419312149,-0.29666868498108545,0.9474866733593919,-1.177851894974348,-1.1494048054859536,-0.8828162337175963,-1.3482603050240614,-1.143668312693375,2.872610552162881,0.8813316371009629,0.9841231756854657,0
2.2457163934936415,0.9009088760241706,0.8491410419312149,-0.2973951343157786,1.9613761357123858,0.9048055324001227,-0.5674373336626071,0.853056793629862,-0.7138161157374736,-0.45564143582820127,2.872610552162881,0.8416475724096689,0.9841231756854657,0
2.0762673049329363,0.9009088760241706,0.8491410419312149,-0.4138481211424488,1.6234129815947211,0.9048055324001227,-0.5674373336626071,0.853056793629862,0.001192415045823164,-0.34097028968400567,1.582583123934258,1.3773824457421369,-1.0161329645585022,1
1.5679200392508204,0.9009088760241706,0.8491410419312149,-0.4105633067594887,1.4544314045358888,0.9048055324001227,-0.5674373336626071,1.4316811360790147,2.02537149515065,-0.34097028968400567,2.872610552162881,0.9210157017922567,-1.0161329645585022,1
2.2457163934936415,-1.1099901739376037,-1.179024470547907,-0.29960606707354015,1.9613761357123858,0.9048055324001227,-0.5674373336626071,0.2744324511807092,-0.0995130118250634,-0.45564143582820127,1.3245776382885335,0.7225953783357871,-1.0161329645585022,0
1.7373691278115257,-1.1099901739376037,-1.179024470547907,-0.2969371553873851,1.6234129815947211,0.9048055324001227,-0.5674373336626071,-0.3041918912684436,0.9343960373827085,-0.45564143582820127,1.3245776382885335,0.8416475724096689,-1.0161329645585022,0
2.5846145706150523,-1.1099901739376037,1.5251962127575889,-0.29976399084195166,2.4683208668888827,-1.177851894974348,-0.7257958293968509,-0.3041918912684436,-0.33784918875282943,-0.6849837281165926,2.6146050665171567,1.6353288662355472,0.9841231756854657,0
3.262410924857874,0.9009088760241706,-1.179024470547907,-0.2655261178503296,3.3132287521830444,0.9048055324001227,-0.5674373336626071,0.853056793629862,-0.005521280078902488,-0.45564143582820127,2.6146050665171567,1.0400678958661385,0.9841231756854657,0
1.398470950690115,0.9009088760241706,-1.179024470547907,-0.2634731088609796,1.2854498274770565,0.9048055324001227,-0.5674373336626071,-0.8828162337175963,-0.34120603631519225,-0.570312581972397,1.582583123934258,-0.051243883144444294,0.9841231756854657,0
2.5846145706150523,0.9009088760241706,-0.502969299721533,-0.29943235092828746,2.4683208668888827,-1.177851894974348,-0.7257958293968509,-1.461440576166749,-0.46205254856025635,-0.6849837281165926,2.6146050665171567,1.238488219322608,0.9841231756854657,0
1.7373691278115257,0.9009088760241706,0.8491410419312149,-0.2937155105117897,1.9613761357123858,-1.177851894974348,0.06599664927436881,0.853056793629862,0.001192415045823164,0.23238544103697253,2.356599580871432,1.6154868338899002,-1.0161329645585022,0
2.923512747736463,-1.1099901739376037,0.8491410419312149,-0.21048968455890762,2.9752655980653797,0.9048055324001227,-0.5674373336626071,0.2744324511807092,0.001192415045823164,-0.570312581972397,2.872610552162881,-0.22982217425526694,0.9841231756854657,0
1.906818216372231,0.9009088760241706,-0.502969299721533,-0.2067153064938718,2.2993392898300504,0.9048055324001227,-0.5674373336626071,-0.8828162337175963,0.665848232393677,-0.570312581972397,1.8405886095799828,-1.182239726846321,0.9841231756854657,0
3.262410924857874,0.9009088760241706,1.5251962127575889,-0.2994165585514463,2.9752655980653797,-1.177851894974348,-0.8841543251310949,-0.8828162337175963,0.001192415045823164,-0.7996548742607882,1.582583123934258,0.7027533459901402,0.9841231756854657,0
3.431860013418579,-1.1099901739376037,-0.502969299721533,-0.3148141259715715,3.3132287521830444,0.9048055324001227,-0.5674373336626071,-0.8828162337175963,1.0351014642535956,-0.45564143582820127,1.3245776382885335,-1.3409759856114967,-1.0161329645585022,1
2.5846145706150523,-1.1099901739376037,0.17308587110484092,-0.301232681888179,3.144247175124212,0.21058638994196582,-0.7257958293968509,0.2744324511807092,0.7866947446387411,-0.6849837281165926,1.582583123934258,0.782121475372728,-1.0161329645585022,0
2.5846145706150523,0.9009088760241706,0.8491410419312149,-0.30203809310707785,2.4683208668888827,-1.177851894974348,0.30353439287573475,0.2744324511807092,0.001192415045823164,0.5763988794695595,1.582583123934258,-0.15045404487267908,0.9841231756854657,0
2.0762673049329363,-1.1099901739376037,-0.502969299721533,-0.20074578804791557,1.6234129815947211,0.9048055324001227,-0.5674373336626071,1.4316811360790147,-1.3482603050240614,-0.570312581972397,1.8405886095799828,0.06780831092943747,0.9841231756854657,0
2.754063659175758,0.9009088760241706,0.8491410419312149,-0.4123952224730626,2.4683208668888827,-1.177851894974348,-0.7257958293968509,1.4316811360790147,0.4107278176540969,-0.570312581972397,1.582583123934258,-1.2616078562289088,-1.0161329645585022,1
1.5679200392508204,0.9009088760241706,-0.502969299721533,-0.2962422908063743,1.2854498274770565,-1.177851894974348,1.6495816066168083,-0.8828162337175963,-1.623521805137819,2.1817949254882985,1.582583123934258,1.4170665104334308,-1.0161329645585022,0
2.5846145706150523,-1.1099901739376037,-0.502969299721533,-0.16961901329400086,2.637302443947715,0.9048055324001227,-0.5674373336626071,-0.8828162337175963,-0.0860856215756121,-0.570312581972397,1.8405886095799828,1.278172284013902,-1.0161329645585022,0
2.415165482054347,-1.1099901739376037,0.8491410419312149,-0.14826771980476053,2.637302443947715,0.9048055324001227,-0.5674373336626071,1.4316811360790147,-0.811164695045998,-0.570312581972397,1.582583123934258,0.9408577341379036,0.9841231756854657,0
3.431860013418579,0.9009088760241706,0.8491410419312149,-0.12835353260806523,3.3132287521830444,0.9048055324001227,-0.5674373336626071,-0.8828162337175963,-1.6839450612603513,-0.6849837281165926,1.582583123934258,-0.5671367241312653,-1.0161329645585022,0
1.906818216372231,-1.1099901739376037,-0.502969299721533,-0.10494923012947488,1.7923945586535535,0.9048055324001227,-0.5674373336626071,-1.461440576166749,1.4312094766124175,-0.6849837281165926,2.098594095225707,-0.7258729828964409,0.9841231756854657,0
1.7373691278115257,-1.1099901739376037,-1.179024470547907,-0.10485447586842796,2.130357712771218,0.9048055324001227,-0.5674373336626071,-0.3041918912684436,0.860545391010725,-0.6849837281165926,2.356599580871432,1.4369085427790778,-1.0161329645585022,0
2.415165482054347,0.9009088760241706,-1.179024470547907,-0.30548083125844944,2.130357712771218,-1.177851894974348,-0.4090788379283631,-0.8828162337175963,0.001192415045823164,-0.2262991435398101,1.582583123934258,1.298014316359549,0.9841231756854657,0
1.7373691278115257,-1.1099901739376037,0.8491410419312149,-0.2974109266926197,1.4544314045358888,-1.177851894974348,0.06599664927436881,1.4316811360790147,0.2865244578466693,0.23238544103697253,1.3245776382885335,-1.2616078562289088,0.9841231756854657,0
1.5679200392508204,-1.1099901739376037,-1.179024470547907,-0.2995428975661755,1.6234129815947211,-1.177851894974348,1.0161476236798326,0.2744324511807092,0.001192415045823164,1.379096902478929,1.582583123934258,-0.190138109563973,0.9841231756854657,0
2.2457163934936415,-1.1099901739376037,-0.502969299721533,-0.3019275464691898,1.9613761357123858,-1.177851894974348,-0.7257958293968509,-1.461440576166749,-1.4254677989584081,-0.6849837281165926,1.582583123934258,0.9011736694466097,-1.0161329645585022,0
1.398470950690115,-1.1099901739376037,0.8491410419312149,-0.656055804755229,1.4544314045358888,0.9048055324001227,-0.3932429883549387,1.4316811360790147,-0.707102420612748,0.5763988794695595,1.582583123934258,0.9210157017922567,0.9841231756854657,0
1.398470950690115,0.9009088760241706,1.5251962127575889,-0.29878486347780014,1.4544314045358888,-1.177851894974348,1.0161476236798326,0.2744324511807092,0.830333762949459,1.379096902478929,2.356599580871432,1.3972244780877838,0.9841231756854657,0
1.398470950690115,-1.1099901739376037,0.8491410419312149,-0.29995349936404553,1.1164682504182242,-1.177851894974348,0.4223032646764177,0.853056793629862,0.5785701957722418,0.6910700256137552,1.582583123934258,-0.20998014190961997,0.9841231756854657,0
1.5679200392508204,-1.1099901739376037,-1.179024470547907,-0.7888696939893348,1.6234129815947211,0.9048055324001227,-0.4090788379283631,0.2744324511807092,-1.371758237960602,1.035083464046342,2.098594095225707,0.028124246238143545,0.9841231756854657,0
2.0762673049329363,0.9009088760241706,1.5251962127575889,-0.301027380989244,1.9613761357123858,-1.177851894974348,-0.5674373336626071,-0.3041918912684436,1.327147202179168,-0.45564143582820127,2.6146050665171567,1.0995939929030794,0.9841231756854657,0
3.0929618362971683,0.9009088760241706,0.8491410419312149,-0.009010540819463815,2.9752655980653797,0.9048055324001227,-0.5674373336626071,-0.8828162337175963,0.5651428055227898,-0.6849837281165926,1.8405886095799828,1.1392780575943733,-1.0161329645585022,0
2.0762673049329363,-1.1099901739376037,-1.179024470547907,-0.29485256164435275,2.130357712771218,-1.177851894974348,0.38271364074285674,-0.8828162337175963,0.001192415045823164,0.6910700256137552,2.356599580871432,0.10749237562073138,0.9841231756854657,0
3.601309101979284,0.9009088760241706,0.8491410419312149,-0.29973240608826934,3.8201734833595413,-1.177851894974348,0.992393849319696,0.853056793629862,1.092167872813765,1.379096902478929,2.872610552162881,1.1194360252487263,0.9841231756854657,0
1.7373691278115257,-1.1099901739376037,-0.502969299721533,-0.29540529483379313,1.1164682504182242,-1.177851894974348,-1.042512820865339,0.853056793629862,1.357358830240434,-1.0289971665491795,1.582583123934258,-0.13061201252703214,0.9841231756854657,0
3.431860013418579,0.9009088760241706,-1.179024470547907,0.0031653817250659843,3.651191906300709,0.9048055324001227,-0.5674373336626071,1.4316811360790147,0.2965950005337584,-0.7996548742607882,1.3245776382885335,-1.0631875327724392,0.9841231756854657,0
2.415165482054347,0.9009088760241706,1.5251962127575889,0.014504308297014617,2.8062840210065474,0.9048055324001227,-0.5674373336626071,1.4316811360790147,-0.25392799969375696,-0.7996548742607882,2.356599580871432,0.38528082845978884,0.9841231756854657,0
2.754063659175758,-1.1099901739376037,0.8491410419312149,-0.2948999387748762,1.9613761357123858,0.21058638994196582,-0.17154109432699713,1.4316811360790147,0.001192415045823164,0.003043148748581378,2.356599580871432,-0.5472946917856183,-1.0161329645585022,0
1.7373691278115257,-1.1099901739376037,-1.179024470547907,-0.29467884549910006,1.6234129815947211,-1.177851894974348,-1.042512820865339,-1.461440576166749,0.001192415045823164,-1.0289971665491795,2.872610552162881,0.40512286080543575,0.9841231756854657,0
1.398470950690115,0.9009088760241706,0.17308587110484092,-0.29973240608826934,1.7923945586535535,0.21058638994196582,0.8894608270924373,-0.3041918912684436,0.4040141225293712,1.2644257563347332,2.356599580871432,-1.0830295651180861,-1.0161329645585022,0
1.906818216372231,0.9009088760241706,-1.179024470547907,-0.2969371553873851,2.2993392898300504,-1.177851894974348,-0.2507203421941191,-0.8828162337175963,-1.1166378232210217,-0.11162799739561437,2.098594095225707,0.821805540064022,0.9841231756854657,0
3.262410924857874,0.9009088760241706,0.8491410419312149,0.07901616769312905,3.144247175124212,0.9048055324001227,-0.5674373336626071,-0.3041918912684436,-0.8447331706696268,-0.7996548742607882,1.582583123934258,1.0995939929030794,-1.0161329645585022,0
2.754063659175758,0.9009088760241706,-0.502969299721533,0.08462246147173876,2.2993392898300504,0.9048055324001227,-0.5674373336626071,-1.461440576166749,-1.7510820125076092,-0.7996548742607882,2.6146050665171567,-1.8965528912896115,0.9841231756854657,0
1.398470950690115,-1.1099901739376037,1.5251962127575889,0.08005846456464523,1.6234129815947211,0.9048055324001227,-0.5674373336626071,1.4316811360790147,-1.2475548781531747,-0.7996548742607882,2.356599580871432,-1.162397694500674,0.9841231756854657,0
1.906818216372231,0.9009088760241706,0.8491410419312149,0.08321693993287604,2.130357712771218,0.9048055324001227,-0.5674373336626071,-0.3041918912684436,-0.6936750303632967,-0.7996548742607882,1.582583123934258,0.20670253734896618,0.9841231756854657,0
2.0762673049329363,-1.1099901739376037,-1.179024470547907,0.11191168865325302,2.4683208668888827,0.9048055324001227,-0.5674373336626071,-0.8828162337175963,-0.46205254856025635,-0.7996548742607882,2.872610552162881,0.38528082845978884,0.9841231756854657,0
3.601309101979284,0.9009088760241706,0.8491410419312149,-0.30022196977034515,3.3132287521830444,-1.177851894974348,0.06599664927436881,-1.461440576166749,-0.6500360120525788,0.23238544103697253,2.356599580871432,1.0202258635204915,0.9841231756854657,0
2.5846145706150523,0.9009088760241706,0.8491410419312149,0.11747060530133925,2.9752655980653797,0.9048055324001227,-0.5674373336626071,0.2744324511807092,0.4745079213389917,-0.7996548742607882,2.872610552162881,-0.17029607721832604,0.9841231756854657,0
3.77075819053999,0.9009088760241706,-1.179024470547907,-0.18342155065316953,3.3132287521830444,0.9048055324001227,-0.5674373336626071,0.2744324511807092,1.8407448792206904,-0.570312581972397,2.098594095225707,0.9805417988291976,-1.0161329645585022,1
2.5846145706150523,-1.1099901739376037,0.8491410419312149,0.1300097525132156,2.2993392898300504,0.9048055324001227,-0.5674373336626071,0.853056793629862,0.001192415045823164,-0.7996548742607882,2.356599580871432,0.38528082845978884,0.9841231756854657,0
1.398470950690115,0.9009088760241706,0.17308587110484092,-0.41389549827297223,1.1164682504182242,-1.177851894974348,-0.02901844816617757,-1.461440576166749,0.769910506826927,0.4617277333253637,2.356599580871432,-0.07108591549009124,-1.0161329645585022,1
1.5679200392508204,-1.1099901739376037,1.5251962127575889,0.1673271389888627,1.4544314045358888,0.9048055324001227,-0.5674373336626071,1.4316811360790147,1.092167872813765,-0.7996548742607882,2.872610552162881,1.0400678958661385,-1.0161329645585022,0
1.398470950690115,0.9009088760241706,1.5251962127575889,-0.4139112906498134,1.4544314045358888,-1.177851894974348,-1.2325430157464317,0.2744324511807092,-0.33784918875282943,-1.2583394588375707,1.8405886095799828,-2.3330776028938445,-1.0161329645585022,1
1.906818216372231,-1.1099901739376037,0.17308587110484092,-0.09842697849407825,1.6234129815947211,0.9048055324001227,-0.5674373336626071,0.2744324511807092,1.451350561986595,-0.6849837281165926,2.356599580871432,1.4170665104334308,-1.0161329645585022,1
1.7373691278115257,-1.1099901739376037,-1.179024470547907,0.23698731323519337,1.9613761357123858,0.9048055324001227,-0.5674373336626071,0.2744324511807092,-1.3482603050240614,-0.9143260204049839,2.356599580871432,1.0797519605574324,0.9841231756854657,0
2.2457163934936415,0.9009088760241706,-1.179024470547907,0.2283015059725586,1.6234129815947211,0.9048055324001227,-0.5674373336626071,-0.3041918912684436,-0.46205254856025635,-0.9143260204049839,1.3245776382885335,1.0995939929030794,-1.0161329645585022,0
1.5679200392508204,-1.1099901739376037,-0.502969299721533,0.25078985059436204,1.4544314045358888,0.9048055324001227,-0.5674373336626071,-1.461440576166749,-0.33784918875282943,-0.9143260204049839,2.6146050665171567,0.4249648931510827,0.9841231756854657,0
3.262410924857874,0.9009088760241706,0.8491410419312149,-0.3013432285260671,3.144247175124212,-1.177851894974348,-0.2507203421941191,1.4316811360790147,0.001192415045823164,-0.11162799739561437,2.356599580871432,0.3654387961141419,-1.0161329645585022,0
3.0929618362971683,-1.1099901739376037,-1.179024470547907,-0.29870590159359434,2.9752655980653797,-1.177851894974348,-1.042512820865339,0.853056793629862,-0.811164695045998,-1.0289971665491795,1.8405886095799828,0.38528082845978884,0.9841231756854657,0
1.7373691278115257,0.9009088760241706,-1.179024470547907,0.26956698665849427,1.7923945586535535,0.9048055324001227,-0.5674373336626071,0.853056793629862,0.27645391515958084,-0.9143260204049839,1.582583123934258,0.821805540064022,-1.0161329645585022,0
2.0762673049329363,0.9009088760241706,0.8491410419312149,0.2687931601932777,2.4683208668888827,0.9048055324001227,-0.5674373336626071,0.2744324511807092,-0.6936750303632967,-0.9143260204049839,1.3245776382885335,-0.15045404487267908,0.9841231756854657,0
1.398470950690115,0.9009088760241706,0.8491410419312149,0.2685878592943427,2.130357712771218,0.9048055324001227,-0.5674373336626071,-0.3041918912684436,0.6255660616453219,-0.9143260204049839,2.6146050665171567,-3.245811090793605,0.9841231756854657,0
3.431860013418579,0.9009088760241706,0.8491410419312149,-0.30077470295978553,3.3132287521830444,-0.4836327525161911,0.12934004756806639,0.2744324511807092,0.19253272610050842,0.3470565871811683,1.3245776382885335,-0.46792656240303043,0.9841231756854657,0
1.906818216372231,0.9009088760241706,0.8491410419312149,0.3816770698538471,1.6234129815947211,0.9048055324001227,-0.5674373336626071,-0.3041918912684436,1.286865031430813,-0.9143260204049839,1.8405886095799828,-0.22982217425526694,0.9841231756854657,0
1.5679200392508204,-1.1099901739376037,-1.179024470547907,0.385561994556771,1.6234129815947211,0.9048055324001227,-0.5674373336626071,0.853056793629862,-1.2979075915886182,-0.9143260204049839,2.872610552162881,-0.9242933063529105,0.9841231756854657,0
1.398470950690115,-1.1099901739376037,-1.179024470547907,-0.29131506923193423,1.2854498274770565,-1.177851894974348,0.4935645877568275,-0.3041918912684436,-1.2475548781531747,0.8057411717579506,1.8405886095799828,0.40512286080543575,0.9841231756854657,0
3.0929618362971683,0.9009088760241706,-0.502969299721533,0.7452333771140552,2.4683208668888827,0.9048055324001227,-0.5674373336626071,-0.8828162337175963,-1.2979075915886182,-1.0289971665491795,2.6146050665171567,-0.30919030363785477,0.9841231756854657,0
2.415165482054347,0.9009088760241706,0.8491410419312149,0.8324862591614316,2.8062840210065474,0.9048055324001227,-0.5674373336626071,0.2744324511807092,-0.707102420612748,-1.0289971665491795,2.098594095225707,1.35754041339649,0.9841231756854657,0
2.415165482054347,-1.1099901739376037,-1.179024470547907,1.7855562015250805,2.637302443947715,0.9048055324001227,-0.5674373336626071,1.4316811360790147,-0.11965409719924096,-1.2583394588375707,2.872610552162881,0.9408577341379036,0.9841231756854657,0
2.2457163934936415,0.9009088760241706,1.5251962127575889,-0.28322937228926337,1.6234129815947211,-1.177851894974348,-0.5674373336626071,0.853056793629862,-0.005521280078902488,-0.45564143582820127,2.872610552162881,1.4964346398160184,-1.0161329645585022,0
2.415165482054347,0.9009088760241706,-1.179024470547907,-0.27937603234002173,1.4544314045358888,0.21058638994196582,1.3328646151483206,1.4316811360790147,-0.3680608168140954,1.7231103409115156,1.8405886095799828,-1.5790803737592602,0.9841231756854657,0
2.415165482054347,0.9009088760241706,0.8491410419312149,-0.2772598538433071,2.637302443947715,-1.177851894974348,1.6495816066168083,-1.461440576166749,-0.8447331706696268,2.0671237793441026,2.098594095225707,0.7622794430270811,-1.0161329645585022,0
1.398470950690115,-1.1099901739376037,-1.179024470547907,-0.7671867605864303,1.4544314045358888,0.9048055324001227,-0.5357656345157582,0.853056793629862,-0.3680608168140954,0.6910700256137552,2.098594095225707,0.38528082845978884,-1.0161329645585022,1
2.0762673049329363,-1.1099901739376037,0.8491410419312149,-0.4113371332247053,2.130357712771218,0.9048055324001227,-0.5357656345157582,0.2744324511807092,-1.8752853723150364,-0.2262991435398101,2.872610552162881,1.774223092655076,-1.0161329645585022,0
2.5846145706150523,-1.1099901739376037,-1.179024470547907,-0.6108896069895283,2.2993392898300504,0.9048055324001227,-0.5318066721224022,0.853056793629862,1.2700807936189982,0.1177142948927768,2.872610552162881,1.5758027691986063,-1.0161329645585022,0
2.923512747736463,0.9009088760241706,0.8491410419312149,-0.28229762205563524,2.9752655980653797,-1.177851894974348,-0.4090788379283631,0.2744324511807092,-1.0495008719737637,-0.34097028968400567,1.582583123934258,0.5837011519162584,0.9841231756854657,0
1.5679200392508204,-1.1099901739376037,-1.179024470547907,-0.2058941028981318,1.1164682504182242,0.9048055324001227,-0.4090788379283631,-0.3041918912684436,1.7836784706605218,-0.45564143582820127,1.8405886095799828,-0.5472946917856183,-1.0161329645585022,0
2.2457163934936415,-1.1099901739376037,1.5251962127575889,-0.27920231619476904,1.9613761357123858,-1.177851894974348,0.7786098800784667,-0.3041918912684436,-0.6936750303632967,1.035083464046342,1.3245776382885335,0.08765034327508442,0.9841231756854657,0
1.398470950690115,0.9009088760241706,1.5251962127575889,-0.2816027574746245,1.6234129815947211,-1.177851894974348,-1.359229812333827,1.4316811360790147,0.27645391515958084,-1.3730106049817663,1.582583123934258,1.734539027963782,0.9841231756854657,0
1.5679200392508204,-1.1099901739376037,-1.179024470547907,-0.28319778753558106,1.2854498274770565,-1.177851894974348,0.5094004373302519,-1.461440576166749,0.6154955189582334,0.8057411717579506,1.582583123934258,1.2186461869769611,-1.0161329645585022,0
2.754063659175758,-1.1099901739376037,-0.502969299721533,-0.1511735171435329,3.4822103292418767,0.9048055324001227,-0.4090788379283631,0.853056793629862,-1.2106295549671826,-0.45564143582820127,1.3245776382885335,0.6233852166075523,0.9841231756854657,0
3.431860013418579,0.9009088760241706,-1.179024470547907,-0.15189996647822598,3.651191906300709,0.9048055324001227,-0.4090788379283631,-0.3041918912684436,0.8739727812601764,-0.45564143582820127,1.582583123934258,0.8416475724096689,-1.0161329645585022,0
1.398470950690115,-1.1099901739376037,0.8491410419312149,-0.28092368527045486,0.9474866733593919,-1.177851894974348,-0.7614264909370558,-0.3041918912684436,0.04483143335654109,-0.6849837281165926,2.098594095225707,0.14717644031202531,-1.0161329645585022,0
1.906818216372231,-1.1099901739376037,0.8491410419312149,-0.2813816641988483,0.7785050963005594,0.21058638994196582,0.38271364074285674,-0.8828162337175963,0.1119683846037988,0.5763988794695595,2.872610552162881,-0.2893482712922078,0.9841231756854657,0
1.398470950690115,-1.1099901739376037,0.8491410419312149,-0.25396609800260483,1.7923945586535535,0.9048055324001227,-0.4090788379283631,-1.461440576166749,0.954537122756886,-0.34097028968400567,1.3245776382885335,1.5361187045073124,-1.0161329645585022,1
2.923512747736463,-1.1099901739376037,-1.179024470547907,-0.22097582278143393,2.2993392898300504,0.9048055324001227,-0.4090788379283631,-0.8828162337175963,0.001192415045823164,-0.34097028968400567,2.6146050665171567,0.7622794430270811,-1.0161329645585022,1
1.398470950690115,0.9009088760241706,0.8491410419312149,-0.11297175756478116,1.4544314045358888,0.9048055324001227,-0.4090788379283631,-0.3041918912684436,-1.0495008719737637,-0.45564143582820127,1.582583123934258,-0.8846092416616166,-1.0161329645585022,0
2.415165482054347,0.9009088760241706,0.8491410419312149,-0.1962923377787101,2.637302443947715,0.9048055324001227,-0.4090788379283631,-1.461440576166749,1.6594751108530943,-0.45564143582820127,2.356599580871432,1.0202258635204915,-1.0161329645585022,1
3.77075819053999,0.9009088760241706,-1.179024470547907,-0.26729486405653885,3.8201734833595413,0.21058638994196582,0.20456033304183227,1.4316811360790147,-1.1804179269059165,0.3470565871811683,2.098594095225707,0.6035431842619053,0.9841231756854657,0
1.7373691278115257,-1.1099901739376037,0.17308587110484092,-0.06922687371478434,1.6234129815947211,0.9048055324001227,-0.4090788379283631,-0.8828162337175963,-0.12972463988633004,-0.570312581972397,2.098594095225707,1.4170665104334308,-1.0161329645585022,0
3.0929618362971683,-1.1099901739376037,-1.179024470547907,-0.2747488659255636,3.3132287521830444,-1.177851894974348,0.06599664927436881,0.853056793629862,-1.173704231781191,0.23238544103697253,2.872610552162881,-0.09092794783573821,0.9841231756854657,0
1.7373691278115257,0.9009088760241706,0.17308587110484092,-0.011410982099319237,1.4544314045358888,0.9048055324001227,-0.4090788379283631,1.4316811360790147,-1.0495008719737637,-0.570312581972397,1.3245776382885335,1.8932752867289577,0.9841231756854657,0
1.398470950690115,-1.1099901739376037,-1.179024470547907,-0.25966714604226143,1.7923945586535535,0.21058638994196582,-0.17154109432699713,-0.3041918912684436,0.16232109803924238,-0.11162799739561437,2.6146050665171567,0.5043330225336705,0.9841231756854657,0
2.0762673049329363,-1.1099901739376037,-0.502969299721533,0.03869822961766267,1.7923945586535535,0.9048055324001227,-0.4090788379283631,-0.3041918912684436,-1.173704231781191,-0.6849837281165926,1.3245776382885335,1.0202258635204915,0.9841231756854657,0
1.906818216372231,0.9009088760241706,-0.502969299721533,0.14877109620050666,1.6234129815947211,0.9048055324001227,-0.4090788379283631,0.2744324511807092,-0.3680608168140954,-0.6849837281165926,1.8405886095799828,1.774223092655076,0.9841231756854657,0
1.398470950690115,0.9009088760241706,-0.502969299721533,-0.26197283306106994,1.1164682504182242,-1.177851894974348,-0.3298995900612411,0.2744324511807092,-0.16664996307232172,-0.2262991435398101,2.356599580871432,-0.5076106270943244,0.9841231756854657,0
1.5679200392508204,0.9009088760241706,0.17308587110484092,-0.258182662619193,1.1164682504182242,-1.177851894974348,0.8577891279455886,1.4316811360790147,0.001192415045823164,1.1497546101905376,2.098594095225707,0.286070666731554,0.9841231756854657,0
1.398470950690115,0.9009088760241706,0.8491410419312149,0.17067512287918737,0.9474866733593919,0.9048055324001227,-0.4090788379283631,0.2744324511807092,-1.371758237960602,-0.6849837281165926,2.872610552162881,-0.30919030363785477,0.9841231756854657,0
1.398470950690115,-1.1099901739376037,0.8491410419312149,-0.37777833243725284,1.6234129815947211,-1.177851894974348,-0.6703703558898656,0.853056793629862,1.4312094766124175,-0.45564143582820127,1.582583123934258,-0.8250831446246757,-1.0161329645585022,1
1.398470950690115,0.9009088760241706,-0.502969299721533,-0.2581984549960341,1.6234129815947211,-1.177851894974348,-0.19925383108048983,1.4316811360790147,0.001192415045823164,-0.11162799739561437,2.872610552162881,0.46464895784237664,0.9841231756854657,0
1.7373691278115257,-1.1099901739376037,0.8491410419312149,-0.2610884599579653,1.7923945586535535,-1.177851894974348,-0.7257958293968509,-1.461440576166749,-0.005521280078902488,-0.6849837281165926,2.356599580871432,0.9210157017922567,0.9841231756854657,0
2.415165482054347,0.9009088760241706,0.8491410419312149,0.6031967398047154,1.6234129815947211,0.9048055324001227,-0.4090788379283631,-0.8828162337175963,-0.707102420612748,-0.9143260204049839,1.8405886095799828,0.5043330225336705,0.9841231756854657,0
3.262410924857874,0.9009088760241706,0.8491410419312149,-0.26179911691581725,2.9752655980653797,-1.177851894974348,0.38271364074285674,0.2744324511807092,-1.2475548781531747,0.5763988794695595,2.6146050665171567,0.4249648931510827,0.9841231756854657,0
1.5679200392508204,-1.1099901739376037,-0.502969299721533,-0.26034621824643106,1.7923945586535535,-1.177851894974348,-0.5674373336626071,-1.461440576166749,-0.7138161157374736,-0.570312581972397,2.6146050665171567,0.2463866020402601,0.9841231756854657,0
2.5846145706150523,-1.1099901739376037,-0.502969299721533,2.079926105844193,2.2993392898300504,0.9048055324001227,-0.4090788379283631,-0.3041918912684436,-1.6839450612603513,-1.2583394588375707,1.582583123934258,1.0995939929030794,0.9841231756854657,0
1.5679200392508204,0.9009088760241706,0.17308587110484092,-0.9703083115173541,2.130357712771218,0.9048055324001227,-0.4169967627150753,0.853056793629862,-1.1233515183457474,2.7551506562092767,1.8405886095799828,0.14717644031202531,-1.0161329645585022,1
1.7373691278115257,0.9009088760241706,-1.179024470547907,-0.26258873575787495,0.9474866733593919,0.21058638994196582,-0.2507203421941191,0.853056793629862,1.4110683912382405,-0.11162799739561437,1.8405886095799828,-1.2417658238832618,-1.0161329645585022,0
1.398470950690115,-1.1099901739376037,-1.179024470547907,-0.26819502953648466,1.6234129815947211,-1.177851894974348,-1.1573227302726659,-1.461440576166749,0.2865244578466693,-1.143668312693375,1.582583123934258,1.694854963272488,0.9841231756854657,0
2.0762673049329363,0.9009088760241706,0.8491410419312149,-0.26468912187774846,2.4683208668888827,-1.177851894974348,0.8973787518791496,-1.461440576166749,0.2865244578466693,1.1497546101905376,1.582583123934258,0.7027533459901402,0.9841231756854657,0
1.398470950690115,0.9009088760241706,-0.502969299721533,-0.26077261242114225,1.2854498274770565,-1.177851894974348,-0.2507203421941191,-0.3041918912684436,-1.173704231781191,-0.11162799739561437,2.098594095225707,1.0003838311748445,0.9841231756854657,0
1.5679200392508204,0.9009088760241706,-1.179024470547907,-0.8354729980475806,0.6095235192417271,0.9048055324001227,-0.4882580857954851,0.2744324511807092,-0.8447331706696268,1.1497546101905376,1.582583123934258,-1.5195542767223194,-1.0161329645585022,0
1.7373691278115257,0.9009088760241706,0.8491410419312149,-0.2602514639853841,1.7923945586535535,-1.177851894974348,0.8973787518791496,-1.461440576166749,-1.0495008719737637,1.1497546101905376,2.356599580871432,-1.0235034680811452,0.9841231756854657,0
1.398470950690115,0.9009088760241706,0.8491410419312149,-0.7916965294439015,1.4544314045358888,0.9048055324001227,-0.4882580857954851,0.2744324511807092,-1.2475548781531747,0.9204123179021463,1.8405886095799828,-1.12271362980938,0.9841231756854657,0
2.2457163934936415,-1.1099901739376037,1.5251962127575889,-0.7031802572492327,2.9752655980653797,0.9048055324001227,-0.4882580857954851,0.2744324511807092,0.5651428055227898,0.4617277333253637,2.356599580871432,0.801963507718375,-1.0161329645585022,0
1.5679200392508204,0.9009088760241706,1.5251962127575889,-0.6810709296716171,1.1164682504182242,0.9048055324001227,-0.4882580857954851,0.2744324511807092,-0.21364582894540246,0.4617277333253637,1.3245776382885335,0.6829113136444932,-1.0161329645585022,0
2.2457163934936415,0.9009088760241706,-1.179024470547907,-0.6654206842220334,2.9752655980653797,0.9048055324001227,-0.4882580857954851,-1.461440576166749,-0.11965409719924096,0.3470565871811683,1.582583123934258,-1.2616078562289088,-1.0161329645585022,0
3.262410924857874,0.9009088760241706,0.17308587110484092,-0.6517760706312762,2.9752655980653797,0.9048055324001227,-0.4882580857954851,1.4316811360790147,-0.5661148229935064,0.3470565871811683,2.6146050665171567,0.782121475372728,-1.0161329645585022,0
2.923512747736463,0.9009088760241706,-1.179024470547907,-0.2554979585561968,3.3132287521830444,-1.177851894974348,0.6994306322113446,-0.8828162337175963,0.001192415045823164,0.9204123179021463,2.6146050665171567,0.305912699077201,0.9841231756854657,0
2.754063659175758,0.9009088760241706,0.17308587110484092,-0.26203600256843457,2.637302443947715,-1.177851894974348,-0.5674373336626071,1.4316811360790147,-0.811164695045998,-0.570312581972397,1.3245776382885335,1.0599099282117854,-1.0161329645585022,0
1.398470950690115,0.9009088760241706,-1.179024470547907,-0.2608673666821892,1.1164682504182242,0.21058638994196582,-1.042512820865339,1.4316811360790147,-0.46205254856025635,-1.0289971665491795,2.356599580871432,0.4844909901880236,-1.0161329645585022,0
2.2457163934936415,0.9009088760241706,0.8491410419312149,-0.2545504159457275,2.4683208668888827,-1.177851894974348,-1.2800505644667048,-1.461440576166749,-0.901799579229796,-1.3730106049817663,2.098594095225707,-0.9044512740072636,0.9841231756854657,0
3.262410924857874,0.9009088760241706,0.8491410419312149,-0.25770889131395835,3.3132287521830444,0.21058638994196582,-0.7257958293968509,1.4316811360790147,-0.3109944082539262,-0.6849837281165926,1.582583123934258,0.305912699077201,0.9841231756854657,0
1.906818216372231,0.9009088760241706,0.8491410419312149,-0.44598560801419734,1.6234129815947211,0.9048055324001227,-0.4882580857954851,0.2744324511807092,1.0015329886299666,-0.11162799739561437,2.098594095225707,1.0599099282117854,-1.0161329645585022,0
1.5679200392508204,-1.1099901739376037,1.5251962127575889,-0.2605831038990484,0.9474866733593919,-1.177851894974348,0.06599664927436881,-0.3041918912684436,-1.7510820125076092,0.23238544103697253,2.872610552162881,1.4170665104334308,-1.0161329645585022,0
2.0762673049329363,0.9009088760241706,-1.179024470547907,-0.2572035352550414,1.9613761357123858,-1.177851894974348,-0.8841543251310949,0.853056793629862,0.001192415045823164,-0.9143260204049839,2.356599580871432,0.4448069254967297,-1.0161329645585022,0
1.398470950690115,-1.1099901739376037,0.17308587110484092,-0.3054018693742437,1.1164682504182242,0.9048055324001227,-0.4882580857954851,-0.8828162337175963,0.001192415045823164,-0.34097028968400567,2.356599580871432,0.4844909901880236,0.9841231756854657,0
2.415165482054347,-1.1099901739376037,-1.179024470547907,-0.2578194379518464,2.2993392898300504,-1.177851894974348,1.8079401023510524,-0.3041918912684436,-0.21028898138303903,2.1817949254882985,1.8405886095799828,0.821805540064022,-1.0161329645585022,0
1.906818216372231,-1.1099901739376037,-1.179024470547907,-0.2593670908822795,1.9613761357123858,0.9048055324001227,-0.4882580857954851,0.853056793629862,0.001192415045823164,-0.45564143582820127,1.582583123934258,0.3455967637684949,0.9841231756854657,0
1.906818216372231,-1.1099901739376037,-0.502969299721533,-0.24250083241592696,1.4544314045358888,0.9048055324001227,-0.4882580857954851,-0.8828162337175963,-1.2475548781531747,-0.45564143582820127,2.872610552162881,0.286070666731554,0.9841231756854657,0
1.7373691278115257,0.9009088760241706,-0.502969299721533,-0.2010774279615798,1.7923945586535535,0.9048055324001227,-0.4882580857954851,-0.8828162337175963,0.007906110170548816,-0.45564143582820127,1.582583123934258,-0.2893482712922078,0.9841231756854657,0
2.0762673049329363,-1.1099901739376037,-0.502969299721533,-0.10711278575671299,1.7923945586535535,0.9048055324001227,-0.4882580857954851,-1.461440576166749,0.03476089066945202,-0.570312581972397,1.8405886095799828,0.9408577341379036,-1.0161329645585022,0
1.398470950690115,0.9009088760241706,0.8491410419312149,-0.24820188045558358,1.9613761357123858,-1.177851894974348,0.8577891279455886,-0.3041918912684436,0.7229146409538463,1.035083464046342,1.8405886095799828,-2.2140254088199627,0.9841231756854657,0
2.0762673049329363,-1.1099901739376037,0.17308587110484092,0.17236490720119085,2.130357712771218,0.9048055324001227,-0.4882580857954851,-0.8828162337175963,-1.0427871768490378,-0.7996548742607882,2.356599580871432,1.3972244780877838,-1.0161329645585022,0
1.398470950690115,0.9009088760241706,0.17308587110484092,-0.36283874394552107,1.1164682504182242,-1.177851894974348,-1.0741845200121878,0.2744324511807092,-1.173704231781191,-1.0289971665491795,1.582583123934258,0.06780831092943747,-1.0161329645585022,1
3.0929618362971683,0.9009088760241706,-0.502969299721533,-0.24374843018637812,2.637302443947715,-1.177851894974348,-1.0741845200121878,0.2744324511807092,-1.4254677989584081,-1.143668312693375,2.098594095225707,1.337698381050843,-1.0161329645585022,0
1.5679200392508204,0.9009088760241706,0.8491410419312149,-0.7518997398041931,1.2854498274770565,0.9048055324001227,-0.47242223622206064,1.4316811360790147,0.16232109803924238,0.6910700256137552,2.356599580871432,-0.32903233598350173,0.9841231756854657,0
2.2457163934936415,-1.1099901739376037,0.8491410419312149,-0.23480994489428492,2.637302443947715,-1.177851894974348,0.22435514500861276,1.4316811360790147,0.001192415045823164,0.3470565871811683,2.098594095225707,-1.162397694500674,0.9841231756854657,0
2.0762673049329363,-1.1099901739376037,0.8491410419312149,-0.24979691051654015,2.130357712771218,0.9048055324001227,-0.47242223622206064,0.853056793629862,1.1861596045599256,-0.45564143582820127,1.8405886095799828,0.4249648931510827,-1.0161329645585022,1
1.5679200392508204,-1.1099901739376037,-0.502969299721533,0.45130565934649547,1.6234129815947211,0.9048055324001227,-0.47242223622206064,0.2744324511807092,0.5114332445249834,-0.9143260204049839,1.582583123934258,1.337698381050843,0.9841231756854657,0
2.923512747736463,-1.1099901739376037,0.17308587110484092,-0.8816025308005916,2.8062840210065474,0.9048055324001227,-0.45658638664863627,-0.3041918912684436,0.6423502994571366,1.6084391947673204,2.356599580871432,2.0321695131484865,-1.0161329645585022,1
1.398470950690115,-1.1099901739376037,0.8491410419312149,-0.24010039113607154,1.2854498274770565,-1.177851894974348,-1.1691996174527342,-1.461440576166749,1.1223795008750308,-1.2583394588375707,2.872610552162881,0.3455967637684949,0.9841231756854657,0
1.5679200392508204,0.9009088760241706,1.5251962127575889,-0.6995953877062908,0.7785050963005594,0.9048055324001227,-0.4526274242552802,0.853056793629862,-0.7138161157374736,0.5763988794695595,2.6146050665171567,0.9408577341379036,0.9841231756854657,0
1.906818216372231,0.9009088760241706,0.8491410419312149,-0.28458751669760257,1.9613761357123858,0.9048055324001227,-0.4526274242552802,-0.8828162337175963,1.8273174889712391,-0.34097028968400567,1.3245776382885335,-0.5274526594399713,0.9841231756854657,0
1.5679200392508204,-1.1099901739376037,-0.502969299721533,-0.5338228080046964,1.2854498274770565,0.9048055324001227,-0.44866846186192405,0.853056793629862,-1.3751150855229646,0.1177142948927768,2.6146050665171567,-0.26950623894656084,0.9841231756854657,0
2.0762673049329363,0.9009088760241706,-1.179024470547907,-0.24357471404112543,2.8062840210065474,-1.177851894974348,-1.042512820865339,0.2744324511807092,-0.12972463988633004,-1.0289971665491795,2.872610552162881,0.5638591195706114,-1.0161329645585022,0
1.398470950690115,0.9009088760241706,-1.179024470547907,-0.35399501291447477,1.2854498274770565,-1.177851894974348,-0.7416316789702754,0.2744324511807092,1.0418151593783211,-0.570312581972397,1.3245776382885335,-0.9441353386985575,-1.0161329645585022,1
2.415165482054347,0.9009088760241706,0.17308587110484092,-0.8511864130045288,2.4683208668888827,0.9048055324001227,-0.5040939353689095,1.4316811360790147,0.04483143335654109,1.2644257563347332,2.098594095225707,-0.36871640067479566,0.9841231756854657,0
1.5679200392508204,-1.1099901739376037,0.8491410419312149,-0.2352995085763607,1.2854498274770565,-1.177851894974348,-0.8841543251310949,-1.461440576166749,-1.8752853723150364,-0.9143260204049839,1.3245776382885335,-1.7378166325244357,-1.0161329645585022,0
1.7373691278115257,0.9009088760241706,0.8491410419312149,-0.22901414259358138,1.6234129815947211,-1.177851894974348,-0.8841543251310949,1.4316811360790147,0.8135495251376443,-0.9143260204049839,1.582583123934258,-0.6465048535138531,0.9841231756854657,0
1.906818216372231,-1.1099901739376037,0.8491410419312149,-0.6537185329827382,1.7923945586535535,0.9048055324001227,-0.5040939353689095,0.853056793629862,0.16232109803924238,0.3470565871811683,2.356599580871432,-1.142555662155027,0.9841231756854657,0
3.262410924857874,-1.1099901739376037,-0.502969299721533,-0.22940895201461023,3.651191906300709,-1.177851894974348,0.8577891279455886,1.4316811360790147,0.23617174441122635,1.035083464046342,2.872610552162881,0.26622863438590705,0.9841231756854657,0
2.5846145706150523,-1.1099901739376037,-1.179024470547907,-0.641605779945573,2.8062840210065474,0.9048055324001227,-0.5040939353689095,1.4316811360790147,-1.1804179269059165,0.23238544103697253,2.6146050665171567,0.9805417988291976,0.9841231756854657,0
2.5846145706150523,-1.1099901739376037,0.8491410419312149,-0.5806787900924005,2.8062840210065474,0.9048055324001227,-0.5040939353689095,0.853056793629862,-0.707102420612748,0.1177142948927768,2.098594095225707,0.3455967637684949,-1.0161329645585022,0
1.906818216372231,-1.1099901739376037,-0.502969299721533,-0.22397637438125323,1.6234129815947211,-1.177851894974348,-0.09236184645987515,-0.3041918912684436,0.23617174441122635,0.003043148748581378,1.582583123934258,0.20670253734896618,-1.0161329645585022,0
2.0762673049329363,0.9009088760241706,0.8491410419312149,-0.22422905241071167,1.6234129815947211,-1.177851894974348,-0.5674373336626071,-0.3041918912684436,0.8336906105118219,-0.570312581972397,1.3245776382885335,0.9408577341379036,0.9841231756854657,0
1.5679200392508204,-1.1099901739376037,0.8491410419312149,-0.27755990900328903,1.6234129815947211,0.9048055324001227,-0.5040939353689095,1.4316811360790147,1.9750187817152072,-0.45564143582820127,1.8405886095799828,-0.20998014190961997,0.9841231756854657,0
3.431860013418579,-1.1099901739376037,0.8491410419312149,-0.22065997524461087,3.4822103292418767,-1.177851894974348,-1.2008713165995828,-0.3041918912684436,-1.6839450612603513,-1.2583394588375707,2.6146050665171567,0.6630692812988462,0.9841231756854657,0
1.5679200392508204,-1.1099901739376037,0.8491410419312149,-0.10880257007871648,1.6234129815947211,0.9048055324001227,-0.5040939353689095,0.853056793629862,-0.45869570099789353,-0.570312581972397,1.582583123934258,0.9210157017922567,0.9841231756854657,0
1.906818216372231,-1.1099901739376037,0.8491410419312149,0.20412337702875172,1.4544314045358888,0.9048055324001227,-0.5040939353689095,1.4316811360790147,0.001192415045823164,-0.7996548742607882,2.356599580871432,-0.3488743683291487,0.9841231756854657,0
2.5846145706150523,0.9009088760241706,0.8491410419312149,0.27111463958892734,2.9752655980653797,0.9048055324001227,-0.5040939353689095,-0.3041918912684436,0.23617174441122635,-0.7996548742607882,1.3245776382885335,-1.6187644384505542,0.9841231756854657,0
2.754063659175758,0.9009088760241706,-0.502969299721533,0.26620321039132844,2.637302443947715,0.9048055324001227,-0.5040939353689095,0.853056793629862,0.7229146409538463,-0.7996548742607882,1.3245776382885335,1.0995939929030794,0.9841231756854657,0
2.0762673049329363,0.9009088760241706,0.17308587110484092,-0.2260451757474444,1.2854498274770565,-1.177851894974348,-0.7257958293968509,0.853056793629862,-1.8752853723150364,-0.6849837281165926,1.8405886095799828,0.4448069254967297,-1.0161329645585022,0
2.2457163934936415,-1.1099901739376037,0.8491410419312149,-0.22956687578302176,2.130357712771218,-1.177851894974348,-0.5674373336626071,-1.461440576166749,-1.623521805137819,-0.570312581972397,2.098594095225707,1.3773824457421369,-1.0161329645585022,0
1.398470950690115,0.9009088760241706,-1.179024470547907,0.8819953605584496,1.7923945586535535,0.9048055324001227,-0.5040939353689095,-1.461440576166749,-0.34120603631519225,-1.0289971665491795,2.6146050665171567,-0.03140185079879733,0.9841231756854657,0
1.7373691278115257,0.9009088760241706,-1.179024470547907,-0.33302273646942215,2.2993392898300504,-1.177851894974348,-0.09236184645987515,0.2744324511807092,1.4110683912382405,0.1177142948927768,2.356599580871432,-0.13061201252703214,-1.0161329645585022,1
1.906818216372231,-1.1099901739376037,0.8491410419312149,-0.22242872145082013,1.7923945586535535,-1.177851894974348,2.4413740852880284,0.853056793629862,0.16232109803924238,2.7551506562092767,2.6146050665171567,-0.2893482712922078,0.9841231756854657,0
1.5679200392508204,-1.1099901739376037,0.8491410419312149,-0.21900177567628967,1.4544314045358888,-1.177851894974348,-0.2507203421941191,-0.3041918912684436,0.001192415045823164,-0.2262991435398101,2.356599580871432,-0.4282424977117365,0.9841231756854657,0
2.0762673049329363,-1.1099901739376037,-0.502969299721533,-0.7792205517393896,1.6234129815947211,0.9048055324001227,-0.4090788379283631,1.4316811360790147,0.001192415045823164,1.035083464046342,2.356599580871432,0.5837011519162584,-1.0161329645585022,0
1.398470950690115,0.9009088760241706,-0.502969299721533,-0.22291828513289588,1.1164682504182242,-1.177851894974348,-0.7257958293968509,0.2744324511807092,0.001192415045823164,-0.6849837281165926,2.6146050665171567,-1.5790803737592602,0.9841231756854657,0
1.398470950690115,-1.1099901739376037,1.5251962127575889,-0.3356916481555772,1.1164682504182242,-1.177851894974348,-1.2800505644667048,-0.8828162337175963,0.9780350556934264,-1.2583394588375707,1.8405886095799828,1.1392780575943733,-1.0161329645585022,1
3.262410924857874,-1.1099901739376037,0.8491410419312149,-0.22024937344674086,3.651191906300709,-1.177851894974348,-0.8841543251310949,-1.461440576166749,0.19253272610050842,-0.9143260204049839,1.3245776382885335,0.5837011519162584,0.9841231756854657,0
3.0929618362971683,-1.1099901739376037,0.8491410419312149,-0.2202019963162174,3.144247175124212,-1.177851894974348,-0.804975077263973,1.4316811360790147,0.16232109803924238,-0.7996548742607882,2.098594095225707,1.1789621222856672,0.9841231756854657,0
1.5679200392508204,-1.1099901739376037,0.8491410419312149,-0.3300695620001264,1.7923945586535535,-1.177851894974348,-0.4090788379283631,0.2744324511807092,1.4110683912382405,-0.2262991435398101,2.872610552162881,-0.20998014190961997,-1.0161329645585022,1
2.2457163934936415,0.9009088760241706,-0.502969299721533,-0.21636444874381694,2.2993392898300504,-1.177851894974348,-0.2982278909143923,-0.8828162337175963,-1.3751150855229646,-0.2262991435398101,2.872610552162881,1.337698381050843,-1.0161329645585022,0
1.398470950690115,0.9009088760241706,-1.179024470547907,-0.21221105363459342,1.1164682504182242,-1.177851894974348,1.7287608544839304,1.4316811360790147,-1.3751150855229646,1.952452633199907,2.872610552162881,-0.2893482712922078,0.9841231756854657,0
1.906818216372231,-1.1099901739376037,0.8491410419312149,-0.6287192004431913,1.9613761357123858,0.9048055324001227,-0.4090788379283631,0.2744324511807092,0.001192415045823164,0.3470565871811683,2.6146050665171567,-1.142555662155027,0.9841231756854657,0
1.5679200392508204,-1.1099901739376037,0.8491410419312149,-0.21047389218206647,1.9613761357123858,-1.177851894974348,1.6495816066168083,1.4316811360790147,0.001192415045823164,1.8377814870557112,2.356599580871432,0.08765034327508442,0.9841231756854657,0
1.5679200392508204,0.9009088760241706,-0.502969299721533,-0.209605311455803,1.4544314045358888,-1.177851894974348,-0.4090788379283631,-0.3041918912684436,-1.371758237960602,-0.34097028968400567,1.8405886095799828,-3.3251792201761927,0.9841231756854657,0
1.906818216372231,0.9009088760241706,0.8491410419312149,-0.20472546701188638,1.7923945586535535,0.21058638994196582,-0.646616581529729,1.4316811360790147,-1.173704231781191,-0.6849837281165926,1.3245776382885335,-0.7258729828964409,0.9841231756854657,0
3.262410924857874,-1.1099901739376037,0.8491410419312149,-0.2031778140814533,3.144247175124212,-1.177851894974348,-0.09236184645987515,0.2744324511807092,-0.21028898138303903,-0.11162799739561437,2.6146050665171567,0.46464895784237664,-1.0161329645585022,0
2.2457163934936415,0.9009088760241706,0.8491410419312149,-0.5464409171007785,1.9613761357123858,0.9048055324001227,-0.4090788379283631,0.853056793629862,-0.5661148229935064,0.1177142948927768,2.6146050665171567,-1.3608180179571436,0.9841231756854657,0
1.906818216372231,-1.1099901739376037,-1.179024470547907,-0.5276953657903286,2.637302443947715,0.9048055324001227,-0.4090788379283631,-1.461440576166749,0.16232109803924238,0.1177142948927768,1.3245776382885335,-0.03140185079879733,-1.0161329645585022,0
2.415165482054347,-1.1099901739376037,0.8491410419312149,-0.20832612893166952,1.7923945586535535,-1.177851894974348,1.0953268715469546,1.4316811360790147,0.5651428055227898,1.2644257563347332,1.3245776382885335,0.38528082845978884,0.9841231756854657,0
3.0929618362971683,0.9009088760241706,-1.179024470547907,-0.1991191732332767,2.8062840210065474,-1.177851894974348,-0.7257958293968509,0.2744324511807092,-0.3680608168140954,-0.7996548742607882,2.098594095225707,1.0797519605574324,0.9841231756854657,0
1.5679200392508204,0.9009088760241706,-1.179024470547907,-0.5857165583047287,1.4544314045358888,0.9048055324001227,-0.4090788379283631,-1.461440576166749,1.934736610966852,0.23238544103697253,2.872610552162881,0.9408577341379036,-1.0161329645585022,1
2.5846145706150523,0.9009088760241706,-1.179024470547907,-0.20248294950044252,1.9613761357123858,-1.177851894974348,0.06599664927436881,1.4316811360790147,-1.6705176710108995,0.1177142948927768,2.872610552162881,-0.44808453005738347,0.9841231756854657,0
2.923512747736463,0.9009088760241706,-1.179024470547907,-0.31944129238602964,3.3132287521830444,0.21058638994196582,2.3226052134873454,0.2744324511807092,2.6933841600608672,3.0991640946418633,1.3245776382885335,0.5241750548793175,-1.0161329645585022,1
1.398470950690115,0.9009088760241706,0.8491410419312149,-0.46899510107175885,1.6234129815947211,0.9048055324001227,-0.4090788379283631,0.853056793629862,-0.46205254856025635,0.003043148748581378,2.098594095225707,0.2463866020402601,0.9841231756854657,0
1.7373691278115257,-1.1099901739376037,-0.502969299721533,-0.19866119430488322,1.1164682504182242,0.21058638994196582,0.952804225386135,-0.3041918912684436,-1.0427871768490378,1.035083464046342,2.356599580871432,0.40512286080543575,0.9841231756854657,0
1.398470950690115,0.9009088760241706,0.8491410419312149,-0.2008721270626448,0.9474866733593919,-1.177851894974348,-1.042512820865339,-0.8828162337175963,0.001192415045823164,-1.143668312693375,2.098594095225707,-1.162397694500674,-1.0161329645585022,0
1.398470950690115,-1.1099901739376037,0.8491410419312149,-0.4479912398730239,1.2854498274770565,0.9048055324001227,-0.4090788379283631,1.4316811360790147,-1.4724636648314886,0.003043148748581378,2.6146050665171567,-0.6465048535138531,0.9841231756854657,0
2.5846145706150523,0.9009088760241706,-1.179024470547907,-0.4507864905739082,2.130357712771218,0.9048055324001227,-0.4090788379283631,-0.8828162337175963,1.327147202179168,0.003043148748581378,2.6146050665171567,-0.36871640067479566,0.9841231756854657,0
2.0762673049329363,0.9009088760241706,-1.179024470547907,-0.2073627939443591,2.4683208668888827,-1.177851894974348,0.38271364074285674,-0.8828162337175963,-1.4724636648314886,0.4617277333253637,2.356599580871432,0.821805540064022,-1.0161329645585022,0
1.906818216372231,0.9009088760241706,-1.179024470547907,-0.2078523576264349,2.130357712771218,-1.177851894974348,0.06599664927436881,0.853056793629862,-1.8752853723150364,0.1177142948927768,2.6146050665171567,0.32575473142284794,-1.0161329645585022,0
2.2457163934936415,-1.1099901739376037,0.8491410419312149,-0.43720504649051567,2.130357712771218,0.9048055324001227,-0.4090788379283631,1.4316811360790147,-1.2005590122800942,-0.11162799739561437,1.8405886095799828,0.12733440796637835,0.9841231756854657,0
2.0762673049329363,0.9009088760241706,0.8491410419312149,-0.527126840224047,1.9613761357123858,0.9048055324001227,-0.4090788379283631,-1.461440576166749,1.6729025011025462,0.1177142948927768,2.6146050665171567,0.305912699077201,-1.0161329645585022,1
1.398470950690115,0.9009088760241706,-0.502969299721533,-0.4111634170794526,1.2854498274770565,0.9048055324001227,-0.4090788379283631,-0.8828162337175963,-1.0092187012254088,-0.11162799739561437,1.3245776382885335,-1.3806600503027906,-1.0161329645585022,0
1.7373691278115257,-1.1099901739376037,-1.179024470547907,-0.20197759344152558,1.6234129815947211,-1.177851894974348,-0.5674373336626071,0.853056793629862,-1.8752853723150364,-0.570312581972397,2.098594095225707,0.6233852166075523,0.9841231756854657,0
1.398470950690115,0.9009088760241706,-0.502969299721533,-0.39224414962375,1.2854498274770565,0.9048055324001227,-0.4090788379283631,0.2744324511807092,-0.3680608168140954,-0.11162799739561437,1.582583123934258,0.6432272489531993,0.9841231756854657,0
2.5846145706150523,0.9009088760241706,0.8491410419312149,-0.39590798105089775,2.130357712771218,0.9048055324001227,-0.4090788379283631,-0.8828162337175963,0.665848232393677,-0.11162799739561437,2.098594095225707,0.06780831092943747,0.9841231756854657,0
1.5679200392508204,0.9009088760241706,0.8491410419312149,-0.39505519270147543,1.2854498274770565,0.9048055324001227,-0.4090788379283631,-1.461440576166749,-1.1804179269059165,-0.11162799739561437,2.356599580871432,-0.051243883144444294,0.9841231756854657,0
2.5846145706150523,0.9009088760241706,0.8491410419312149,-0.3926863361753023,2.2993392898300504,0.9048055324001227,-0.4090788379283631,-0.8828162337175963,-1.8752853723150364,-0.11162799739561437,1.582583123934258,0.5837011519162584,-1.0161329645585022,0
2.2457163934936415,-1.1099901739376037,0.8491410419312149,-0.20292513605199483,2.2993392898300504,-1.177851894974348,-0.09236184645987515,0.853056793629862,-1.6839450612603513,-0.11162799739561437,2.872610552162881,-0.6266628211682062,0.9841231756854657,0
1.7373691278115257,0.9009088760241706,1.5251962127575889,-0.35559004297543134,1.7923945586535535,0.9048055324001227,-0.4090788379283631,0.853056793629862,0.7866947446387411,-0.2262991435398101,1.8405886095799828,0.9210157017922567,0.9841231756854657,0
1.5679200392508204,0.9009088760241706,-1.179024470547907,-0.2030672674435652,1.4544314045358888,0.21058638994196582,2.342400025454126,1.4316811360790147,-0.21364582894540246,2.525808363920885,1.8405886095799828,-0.011559818453150373,0.9841231756854657,0
3.0929618362971683,0.9009088760241706,-0.502969299721533,-0.20287775892147136,3.144247175124212,-1.177851894974348,0.8577891279455886,1.4316811360790147,-0.21364582894540246,0.9204123179021463,1.3245776382885335,0.9606997664835506,0.9841231756854657,0
1.7373691278115257,-1.1099901739376037,0.8491410419312149,-0.205815141013926,1.2854498274770565,-1.177851894974348,0.33520609202258356,-0.8828162337175963,-1.1233515183457474,0.3470565871811683,2.356599580871432,0.305912699077201,0.9841231756854657,0
2.2457163934936415,0.9009088760241706,0.8491410419312149,-0.2991322957683055,1.9613761357123858,0.9048055324001227,-0.4090788379283631,0.853056793629862,0.6255660616453219,-0.34097028968400567,1.582583123934258,1.4369085427790778,-1.0161329645585022,0
1.906818216372231,0.9009088760241706,-1.179024470547907,-0.2904622808825119,1.2854498274770565,0.9048055324001227,-0.4090788379283631,-0.8828162337175963,0.2865244578466693,-0.34097028968400567,1.3245776382885335,1.734539027963782,-1.0161329645585022,0
1.7373691278115257,0.9009088760241706,-0.502969299721533,-0.2577246836907995,1.9613761357123858,0.9048055324001227,-0.4090788379283631,-0.8828162337175963,-1.6839450612603513,-0.34097028968400567,1.3245776382885335,1.3972244780877838,0.9841231756854657,0
1.398470950690115,0.9009088760241706,0.8491410419312149,-0.19572381221242857,1.4544314045358888,-1.177851894974348,0.38271364074285674,0.853056793629862,0.001192415045823164,0.4617277333253637,1.8405886095799828,-0.11076998018138517,0.9841231756854657,0
1.906818216372231,0.9009088760241706,-0.502969299721533,-0.22824031612836482,1.7923945586535535,0.9048055324001227,-0.4090788379283631,-0.3041918912684436,-0.4654093961226198,-0.34097028968400567,2.356599580871432,1.0599099282117854,-1.0161329645585022,0
1.906818216372231,0.9009088760241706,-1.179024470547907,-0.20608361142022563,2.2993392898300504,0.21058638994196582,0.5410721364771007,-0.3041918912684436,0.9981761410676039,0.5763988794695595,2.098594095225707,-1.6187644384505542,0.9841231756854657,0
1.398470950690115,0.9009088760241706,-0.502969299721533,-0.32419479781521704,1.1164682504182242,0.9048055324001227,-0.4090788379283631,-0.3041918912684436,-0.08944246913797492,-0.2262991435398101,2.6146050665171567,-0.24966420660091387,-1.0161329645585022,1
1.398470950690115,0.9009088760241706,-1.179024470547907,-0.198329554391219,1.1164682504182242,0.9048055324001227,-0.4090788379283631,1.4316811360790147,-1.371758237960602,-0.45564143582820127,2.6146050665171567,0.801963507718375,0.9841231756854657,0
2.2457163934936415,0.9009088760241706,-1.179024470547907,-0.14029256949997773,2.637302443947715,0.9048055324001227,-0.3853250635682265,0.853056793629862,1.6729025011025462,-0.45564143582820127,2.6146050665171567,1.35754041339649,-1.0161329645585022,1
1.5679200392508204,-1.1099901739376037,-0.502969299721533,-0.10742863329353607,0.9474866733593919,0.9048055324001227,-0.38136610117487035,1.4316811360790147,-1.0427871768490378,-0.45564143582820127,2.098594095225707,0.801963507718375,0.9841231756854657,0
2.754063659175758,0.9009088760241706,0.17308587110484092,-0.20862618409165146,2.8062840210065474,-1.177851894974348,-0.7257958293968509,-0.8828162337175963,-1.173704231781191,-0.7996548742607882,1.3245776382885335,-1.3012919209202027,-1.0161329645585022,0
1.906818216372231,-1.1099901739376037,0.17308587110484092,-0.8145165139793691,2.130357712771218,0.9048055324001227,-0.3774071387815143,0.2744324511807092,0.001192415045823164,1.2644257563347332,2.872610552162881,0.801963507718375,-1.0161329645585022,1
2.0762673049329363,0.9009088760241706,-0.502969299721533,-0.20548350110026178,1.7923945586535535,-1.177851894974348,-0.9474977234247925,1.4316811360790147,-1.5496711587658354,-1.0289971665491795,2.098594095225707,0.32575473142284794,-1.0161329645585022,0
1.7373691278115257,0.9009088760241706,0.8491410419312149,-0.7918228684586306,1.6234129815947211,0.9048055324001227,-0.3774071387815143,0.2744324511807092,-0.11965409719924096,1.1497546101905376,2.098594095225707,-2.829128411535019,0.9841231756854657,0
1.398470950690115,0.9009088760241706,0.8491410419312149,-0.77320365616291,0.9474866733593919,0.9048055324001227,-0.3774071387815143,0.2744324511807092,-1.2475548781531747,1.035083464046342,1.3245776382885335,-0.07108591549009124,-1.0161329645585022,0
2.754063659175758,-1.1099901739376037,1.5251962127575889,-0.6985846755884569,2.130357712771218,0.9048055324001227,-0.3774071387815143,-1.461440576166749,0.23617174441122635,0.6910700256137552,2.872610552162881,0.18686050500331922,-1.0161329645585022,0
2.0762673049329363,-1.1099901739376037,-1.179024470547907,-0.2072364549296299,2.8062840210065474,0.21058638994196582,-0.2507203421941191,-0.3041918912684436,0.11868207972852446,-0.2262991435398101,2.872610552162881,0.008282213892496587,0.9841231756854657,0
3.431860013418579,-1.1099901739376037,0.8491410419312149,-0.20414114906876368,3.651191906300709,-1.177851894974348,0.06599664927436881,-0.3041918912684436,0.001192415045823164,0.1177142948927768,1.3245776382885335,2.0123274808028393,-1.0161329645585022,0
2.5846145706150523,0.9009088760241706,-1.179024470547907,-0.20442541185190446,1.7923945586535535,0.21058638994196582,-1.2008713165995828,1.4316811360790147,0.5114332445249834,-1.2583394588375707,1.3245776382885335,0.5241750548793175,-1.0161329645585022,0
1.7373691278115257,-1.1099901739376037,0.8491410419312149,-0.20431486521401637,1.7923945586535535,-1.177851894974348,0.6994306322113446,0.2744324511807092,0.7430557263280237,0.8057411717579506,1.8405886095799828,0.286070666731554,-1.0161329645585022,0
1.398470950690115,-1.1099901739376037,-1.179024470547907,-0.20917891728109184,1.9613761357123858,0.21058638994196582,-0.09236184645987515,0.2744324511807092,0.001192415045823164,0.003043148748581378,2.6146050665171567,0.028124246238143545,0.9841231756854657,0
1.5679200392508204,0.9009088760241706,0.8491410419312149,-0.6940048863045223,1.7923945586535535,0.9048055324001227,-0.3774071387815143,0.853056793629862,2.6933841600608672,0.6910700256137552,2.098594095225707,-0.09092794783573821,-1.0161329645585022,1
1.5679200392508204,0.9009088760241706,0.8491410419312149,-0.3124294770685572,1.6234129815947211,-1.177851894974348,-0.8841543251310949,0.2744324511807092,1.5587696839822078,-0.7996548742607882,2.872610552162881,-0.8052411122790287,-1.0161329645585022,1
2.415165482054347,0.9009088760241706,0.8491410419312149,-0.4884355169632195,2.4683208668888827,0.9048055324001227,-0.3774071387815143,-1.461440576166749,-0.0860856215756121,0.1177142948927768,2.872610552162881,-1.3806600503027906,0.9841231756854657,0
1.5679200392508204,0.9009088760241706,1.5251962127575889,-0.3889751276176311,1.6234129815947211,0.9048055324001227,-0.3774071387815143,0.2744324511807092,-0.46205254856025635,-0.11162799739561437,2.098594095225707,1.5758027691986063,-1.0161329645585022,0
1.398470950690115,-1.1099901739376037,0.8491410419312149,-0.29613174416848626,0.9474866733593919,0.9048055324001227,-0.3774071387815143,1.4316811360790147,0.9981761410676039,-0.2262991435398101,2.356599580871432,0.5837011519162584,0.9841231756854657,0
1.398470950690115,0.9009088760241706,0.8491410419312149,-0.32032566548913427,1.1164682504182242,-1.177851894974348,-0.2507203421941191,-1.461440576166749,1.5688402266692962,-0.11162799739561437,2.098594095225707,-2.531497926350314,-1.0161329645585022,1
1.398470950690115,-1.1099901739376037,-1.179024470547907,-0.10594414987046759,0.9474866733593919,0.9048055324001227,-0.3774071387815143,0.853056793629862,0.001192415045823164,-0.45564143582820127,1.582583123934258,0.008282213892496587,0.9841231756854657,0
2.415165482054347,-1.1099901739376037,-1.179024470547907,-0.11519848269938388,1.9613761357123858,0.9048055324001227,-0.3774071387815143,-0.3041918912684436,-1.7510820125076092,-0.45564143582820127,1.3245776382885335,1.4369085427790778,-1.0161329645585022,0
1.5679200392508204,0.9009088760241706,-1.179024470547907,-0.199766660683764,1.4544314045358888,-1.177851894974348,-0.4882580857954851,1.4316811360790147,-1.6705176710108995,-0.45564143582820127,2.6146050665171567,-0.2893482712922078,0.9841231756854657,0
2.415165482054347,-1.1099901739376037,-0.502969299721533,-0.19286539200417968,2.4683208668888827,0.21058638994196582,-1.2008713165995828,1.4316811360790147,0.16232109803924238,-1.2583394588375707,2.356599580871432,0.38528082845978884,0.9841231756854657,0
1.5679200392508204,-1.1099901739376037,0.8491410419312149,0.014662232065426158,1.4544314045358888,0.9048055324001227,-0.3774071387815143,-1.461440576166749,-0.33784918875282943,-0.570312581972397,2.356599580871432,-0.17029607721832604,0.9841231756854657,0
1.398470950690115,0.9009088760241706,0.8491410419312149,-0.19322861667152622,1.4544314045358888,-1.177851894974348,-0.2705151541608996,-0.8828162337175963,0.3301634761573873,-0.2262991435398101,1.582583123934258,-1.6981325678331418,0.9841231756854657,0
1.7373691278115257,-1.1099901739376037,-0.502969299721533,-0.200998466077374,1.7923945586535535,-1.177851894974348,2.0454778459524183,-0.3041918912684436,-1.1804179269059165,2.1817949254882985,1.582583123934258,0.3455967637684949,0.9841231756854657,0
1.5679200392508204,-1.1099901739376037,-1.179024470547907,-0.19014910318750117,1.4544314045358888,-1.177851894974348,1.1745061194140765,0.853056793629862,-0.7742393718600064,1.2644257563347332,1.582583123934258,0.2463866020402601,0.9841231756854657,0
1.906818216372231,0.9009088760241706,1.5251962127575889,-0.3019275464691898,2.2993392898300504,-1.177851894974348,0.4777287381834031,-1.461440576166749,1.9750187817152072,0.8057411717579506,2.356599580871432,1.9131173190746047,-1.0161329645585022,1
3.431860013418579,0.9009088760241706,1.5251962127575889,-0.1822213300132418,3.4822103292418767,-1.177851894974348,0.8577891279455886,-1.461440576166749,-1.3482603050240614,0.9204123179021463,2.098594095225707,-0.07108591549009124,0.9841231756854657,0
1.398470950690115,0.9009088760241706,0.8491410419312149,0.5535612993929682,1.1164682504182242,0.9048055324001227,-0.3496944020280216,1.4316811360790147,-0.6936750303632967,-0.9143260204049839,2.356599580871432,-0.13061201252703214,-1.0161329645585022,0
3.0929618362971683,0.9009088760241706,0.8491410419312149,-0.18631155561510074,2.9752655980653797,-1.177851894974348,-0.5674373336626071,-0.8828162337175963,0.001192415045823164,-0.570312581972397,2.6146050665171567,0.782121475372728,-1.0161329645585022,0
2.5846145706150523,0.9009088760241706,1.5251962127575889,-0.8811919290027216,2.4683208668888827,0.9048055324001227,-0.3298995900612411,-0.3041918912684436,-0.6701770974267564,1.952452633199907,1.3245776382885335,-0.8647672093159696,-1.0161329645585022,1
1.906818216372231,-1.1099901739376037,0.8491410419312149,-0.1823002918974476,1.7923945586535535,-1.177851894974348,0.06599664927436881,0.853056793629862,0.5785701957722418,0.1177142948927768,1.582583123934258,0.18686050500331922,-1.0161329645585022,0
1.5679200392508204,-1.1099901739376037,0.8491410419312149,-0.7735984655839389,0.9474866733593919,0.9048055324001227,-0.3298995900612411,0.2744324511807092,-0.005521280078902488,1.1497546101905376,2.872610552162881,0.028124246238143545,0.9841231756854657,0
1.7373691278115257,-1.1099901739376037,-1.179024470547907,-0.7471778191286881,1.2854498274770565,0.9048055324001227,-0.3298995900612411,-1.461440576166749,0.8269769153870962,1.035083464046342,1.582583123934258,-0.8449251769703227,-1.0161329645585022,1
1.5679200392508204,0.9009088760241706,-1.179024470547907,-0.1823950461584945,0.7785050963005594,-1.177851894974348,0.5410721364771007,-0.3041918912684436,-0.46205254856025635,0.5763988794695595,2.872610552162881,-1.102871597463733,0.9841231756854657,0
1.906818216372231,0.9009088760241706,0.8491410419312149,-0.1806420923291264,2.2993392898300504,-1.177851894974348,-0.5674373336626071,-0.3041918912684436,0.11868207972852446,-0.570312581972397,1.8405886095799828,-1.5989224061049072,0.9841231756854657,0
2.415165482054347,0.9009088760241706,0.8491410419312149,-0.5853217488836998,2.2993392898300504,0.9048055324001227,-0.3298995900612411,0.2744324511807092,-0.34120603631519225,0.4617277333253637,2.356599580871432,0.4249648931510827,0.9841231756854657,0
1.7373691278115257,-1.1099901739376037,0.8491410419312149,-0.5611278275630518,1.7923945586535535,0.9048055324001227,-0.3298995900612411,-0.8828162337175963,0.11868207972852446,0.3470565871811683,1.8405886095799828,0.9805417988291976,-1.0161329645585022,0
2.2457163934936415,0.9009088760241706,0.17308587110484092,-0.551510270066789,1.9613761357123858,0.9048055324001227,-0.3298995900612411,0.2744324511807092,-0.015591822765990965,0.3470565871811683,2.098594095225707,-0.24966420660091387,-1.0161329645585022,0
1.398470950690115,0.9009088760241706,-1.179024470547907,-0.17527268420313402,1.2854498274770565,0.21058638994196582,1.6495816066168083,0.853056793629862,0.860545391010725,1.7231103409115156,1.582583123934258,-0.24966420660091387,0.9841231756854657,0
2.2457163934936415,0.9009088760241706,0.8491410419312149,-0.5120924974712684,2.637302443947715,0.9048055324001227,-0.3298995900612411,0.2744324511807092,-0.8447331706696268,0.23238544103697253,1.582583123934258,0.0479662785837905,0.9841231756854657,0
1.5679200392508204,0.9009088760241706,0.8491410419312149,-0.17599913353782712,1.2854498274770565,-1.177851894974348,0.06599664927436881,-0.8828162337175963,0.001192415045823164,0.1177142948927768,1.8405886095799828,0.2463866020402601,-1.0161329645585022,0
1.398470950690115,0.9009088760241706,-1.179024470547907,-0.17432514159266477,1.7923945586535535,-1.177851894974348,0.38271364074285674,1.4316811360790147,-1.1804179269059165,0.3470565871811683,2.872610552162881,1.258330251668255,-1.0161329645585022,0
1.398470950690115,-1.1099901739376037,-0.502969299721533,-0.1707086872960405,1.4544314045358888,-1.177851894974348,0.38271364074285674,1.4316811360790147,0.9108981044461687,0.3470565871811683,1.3245776382885335,0.18686050500331922,0.9841231756854657,0
1.7373691278115257,0.9009088760241706,-1.179024470547907,-0.16922420387297202,2.130357712771218,0.21058638994196582,0.8577891279455886,-0.3041918912684436,2.102578989084997,0.9204123179021463,2.6146050665171567,0.821805540064022,-1.0161329645585022,0
2.5846145706150523,-1.1099901739376037,-1.179024470547907,-0.1672975338983512,2.8062840210065474,-1.177851894974348,-1.086061407192256,-0.8828162337175963,0.001192415045823164,-1.143668312693375,1.582583123934258,1.8139071573463699,-1.0161329645585022,0
1.906818216372231,0.9009088760241706,-0.502969299721533,-0.16219659617865845,1.9613761357123858,-1.177851894974348,-0.5199297849423339,-0.8828162337175963,-0.005521280078902488,-0.570312581972397,2.872610552162881,-0.7853990799333818,0.9841231756854657,0
1.5679200392508204,0.9009088760241706,-0.502969299721533,-0.33505995308193104,1.6234129815947211,0.9048055324001227,-0.3298995900612411,0.853056793629862,0.001192415045823164,-0.11162799739561437,1.8405886095799828,0.6829113136444932,0.9841231756854657,0
1.5679200392508204,-1.1099901739376037,0.8491410419312149,-0.33943444146693075,1.4544314045358888,0.9048055324001227,-0.3298995900612411,0.2744324511807092,1.7736079279734327,-0.11162799739561437,2.098594095225707,0.16701847265767225,0.9841231756854657,0
2.754063659175758,0.9009088760241706,-1.179024470547907,-0.33155404542319483,2.637302443947715,0.9048055324001227,-0.3298995900612411,0.2744324511807092,0.16232109803924238,-0.11162799739561437,2.356599580871432,1.6750129309268411,-1.0161329645585022,0
3.77075819053999,-1.1099901739376037,0.8491410419312149,-0.30225918638285404,3.144247175124212,0.9048055324001227,-0.3298995900612411,-0.3041918912684436,0.001192415045823164,-0.2262991435398101,2.6146050665171567,1.5361187045073124,0.9841231756854657,0
2.2457163934936415,0.9009088760241706,0.8491410419312149,-0.17206683170437975,2.637302443947715,-1.177851894974348,0.06599664927436881,0.853056793629862,-1.173704231781191,0.003043148748581378,1.582583123934258,0.305912699077201,0.9841231756854657,0
1.398470950690115,0.9009088760241706,0.8491410419312149,-0.20223027147098405,1.4544314045358888,0.9048055324001227,-0.3298995900612411,1.4316811360790147,-0.707102420612748,-0.34097028968400567,1.8405886095799828,1.1591200899400202,-1.0161329645585022,0
1.906818216372231,0.9009088760241706,0.8491410419312149,-0.16841879265407314,2.2993392898300504,-1.177851894974348,-1.042512820865339,-1.461440576166749,-0.46205254856025635,-1.143668312693375,2.098594095225707,-0.46792656240303043,-1.0161329645585022,0
1.398470950690115,-1.1099901739376037,0.8491410419312149,-0.2787759220200579,1.2854498274770565,-1.177851894974348,0.06599664927436881,0.2744324511807092,1.5688402266692962,0.23238544103697253,2.6146050665171567,-1.7775006972157297,-1.0161329645585022,1
2.415165482054347,0.9009088760241706,-0.502969299721533,-0.149341601429959,2.8062840210065474,0.9048055324001227,-0.3298995900612411,-1.461440576166749,0.665848232393677,-0.34097028968400567,2.872610552162881,1.1988041546313142,0.9841231756854657,0
2.2457163934936415,-1.1099901739376037,0.8491410419312149,-0.14477760452286548,1.9613761357123858,0.9048055324001227,-0.3298995900612411,0.853056793629862,0.007906110170548816,-0.34097028968400567,2.6146050665171567,1.0599099282117854,-1.0161329645585022,0
1.398470950690115,-1.1099901739376037,1.5251962127575889,-0.22748228203998944,0.7785050963005594,0.9048055324001227,-0.3298995900612411,-0.3041918912684436,0.001192415045823164,-0.34097028968400567,2.098594095225707,1.5162766721616654,-1.0161329645585022,1
2.2457163934936415,-1.1099901739376037,-0.502969299721533,-0.1581853324610053,1.7923945586535535,-1.177851894974348,-0.17154109432699713,-1.461440576166749,-1.7510820125076092,-0.2262991435398101,1.3245776382885335,0.6829113136444932,0.9841231756854657,0
3.0929618362971683,0.9009088760241706,0.8491410419312149,-0.15905391318726878,3.3132287521830444,-1.177851894974348,-0.09236184645987515,-1.461440576166749,-1.371758237960602,-0.11162799739561437,2.098594095225707,-1.7378166325244357,0.9841231756854657,0
2.2457163934936415,0.9009088760241706,0.8491410419312149,-0.0705850181231236,2.4683208668888827,0.9048055324001227,-0.3298995900612411,0.2744324511807092,0.11868207972852446,-0.45564143582820127,2.6146050665171567,0.9011736694466097,-1.0161329645585022,0
1.7373691278115257,0.9009088760241706,-1.179024470547907,-0.018786022084138192,1.4544314045358888,0.9048055324001227,-0.3298995900612411,0.853056793629862,-0.46205254856025635,-0.45564143582820127,1.3245776382885335,0.6035431842619053,-1.0161329645585022,0
1.7373691278115257,0.9009088760241706,0.8491410419312149,-0.014253609930726972,1.7923945586535535,0.9048055324001227,-0.3298995900612411,0.853056793629862,0.4308689030282738,-0.570312581972397,1.8405886095799828,0.10749237562073138,0.9841231756854657,0
2.2457163934936415,-1.1099901739376037,0.8491410419312149,0.03509756769787954,1.9613761357123858,0.9048055324001227,-0.3298995900612411,-0.3041918912684436,-0.37813135950118393,-0.570312581972397,2.356599580871432,0.12733440796637835,-1.0161329645585022,0
1.5679200392508204,-1.1099901739376037,0.8491410419312149,-0.1510313857519625,1.2854498274770565,-1.177851894974348,0.8577891279455886,-1.461440576166749,-0.46205254856025635,0.8057411717579506,1.582583123934258,0.06780831092943747,0.9841231756854657,0
1.398470950690115,-1.1099901739376037,1.5251962127575889,-0.15527953512223294,2.130357712771218,0.21058638994196582,-0.8841543251310949,-0.8828162337175963,0.001192415045823164,-0.9143260204049839,2.356599580871432,0.12733440796637835,0.9841231756854657,0
1.7373691278115257,-1.1099901739376037,1.5251962127575889,-0.1535739584233883,1.6234129815947211,-1.177851894974348,-0.09236184645987515,-1.461440576166749,-0.005521280078902488,-0.11162799739561437,1.582583123934258,1.1392780575943733,-1.0161329645585022,0
3.77075819053999,-1.1099901739376037,0.8491410419312149,0.05308508491995405,4.158136637477206,0.9048055324001227,-0.3298995900612411,1.4316811360790147,-0.22707321919485376,-0.570312581972397,2.356599580871432,1.0400678958661385,0.9841231756854657,0
1.398470950690115,0.9009088760241706,-1.179024470547907,0.2718410889236204,1.7923945586535535,0.9048055324001227,-0.3298995900612411,-0.8828162337175963,0.16232109803924238,-0.6849837281165926,2.356599580871432,0.5638591195706114,-1.0161329645585022,0
2.754063659175758,-1.1099901739376037,0.8491410419312149,-0.15895915892622184,2.8062840210065474,-1.177851894974348,-0.9474977234247925,0.2744324511807092,-1.3482603050240614,-1.0289971665491795,2.098594095225707,0.16701847265767225,-1.0161329645585022,0
1.5679200392508204,0.9009088760241706,0.8491410419312149,0.5522821168688347,1.7923945586535535,0.9048055324001227,-0.3298995900612411,-1.461440576166749,-1.173704231781191,-0.7996548742607882,2.6146050665171567,0.7424374106814341,0.9841231756854657,0
2.2457163934936415,0.9009088760241706,0.17308587110484092,-0.15216843688452558,2.130357712771218,-1.177851894974348,0.8577891279455886,0.853056793629862,-0.4654093961226198,0.8057411717579506,1.582583123934258,0.8614896047553159,0.9841231756854657,0
1.906818216372231,0.9009088760241706,1.5251962127575889,-0.14468285026181857,2.2993392898300504,-1.177851894974348,-0.2507203421941191,-0.3041918912684436,-1.0495008719737637,-0.34097028968400567,2.6146050665171567,1.3972244780877838,0.9841231756854657,0
1.906818216372231,-1.1099901739376037,-1.179024470547907,0.9891782221793625,1.6234129815947211,0.9048055324001227,-0.3298995900612411,-0.3041918912684436,0.7497694214527494,-1.0289971665491795,2.098594095225707,-0.20998014190961997,-1.0161329645585022,1
3.431860013418579,0.9009088760241706,-0.502969299721533,1.17770761690906,3.144247175124212,0.9048055324001227,-0.3298995900612411,-0.8828162337175963,2.17642963545698,-1.0289971665491795,1.3245776382885335,0.8614896047553159,-1.0161329645585022,1
1.5679200392508204,0.9009088760241706,-0.502969299721533,2.1275401220202723,1.6234129815947211,0.9048055324001227,-0.3298995900612411,-1.461440576166749,0.04483143335654109,-1.2583394588375707,1.3245776382885335,1.5559607368529593,-1.0161329645585022,0
2.2457163934936415,0.9009088760241706,-1.179024470547907,2.731898591354398,2.130357712771218,0.9048055324001227,-0.3298995900612411,0.853056793629862,-1.6705176710108995,-1.2583394588375707,2.098594095225707,-0.8052411122790287,-1.0161329645585022,0
2.2457163934936415,-1.1099901739376037,1.5251962127575889,-0.14714646104903858,2.637302443947715,-1.177851894974348,-1.2325430157464317,-1.461440576166749,-1.173704231781191,-1.2583394588375707,1.582583123934258,0.3455967637684949,0.9841231756854657,0
1.5679200392508204,-1.1099901739376037,-1.179024470547907,13.534926647575308,0.9474866733593919,0.9048055324001227,-0.3298995900612411,-0.3041918912684436,0.3939435798422821,-1.487681751125962,2.356599580871432,0.38528082845978884,0.9841231756854657,0
1.398470950690115,-1.1099901739376037,-1.179024470547907,-0.8409055756809375,0.6095235192417271,0.9048055324001227,-0.32198166527452887,-1.461440576166749,1.2096575374964662,1.6084391947673204,1.8405886095799828,1.0599099282117854,-1.0161329645585022,1
2.754063659175758,0.9009088760241706,-0.502969299721533,-0.14777815612268475,2.8062840210065474,-1.177851894974348,-0.5040939353689095,1.4316811360790147,1.7736079279734327,-0.570312581972397,1.8405886095799828,0.8813316371009629,-1.0161329645585022,0
2.2457163934936415,0.9009088760241706,0.8491410419312149,-0.5901700085739341,2.4683208668888827,0.9048055324001227,-0.32198166527452887,-1.461440576166749,1.9750187817152072,0.4617277333253637,2.098594095225707,1.5956448015442533,-1.0161329645585022,1
2.0762673049329363,0.9009088760241706,0.8491410419312149,-0.2567613487034891,1.7923945586535535,-1.177851894974348,-0.4090788379283631,-0.3041918912684436,1.223084927745918,-0.34097028968400567,2.098594095225707,0.38528082845978884,-1.0161329645585022,1
2.0762673049329363,-1.1099901739376037,-0.502969299721533,-0.14580410901754048,2.130357712771218,-1.177851894974348,-0.2507203421941191,-0.8828162337175963,2.6128198185641573,-0.34097028968400567,1.582583123934258,1.6750129309268411,-1.0161329645585022,0
1.398470950690115,0.9009088760241706,-0.502969299721533,0.26839835077224883,1.4544314045358888,0.9048055324001227,-0.3140637404878167,0.2744324511807092,0.8336906105118219,-0.6849837281165926,2.356599580871432,0.6233852166075523,0.9841231756854657,0
1.906818216372231,0.9009088760241706,1.5251962127575889,-0.6764437632571589,1.4544314045358888,0.9048055324001227,-0.3021868533077484,-0.3041918912684436,1.676259348664909,0.8057411717579506,2.6146050665171567,1.0995939929030794,-1.0161329645585022,1
1.5679200392508204,0.9009088760241706,0.8491410419312149,-0.2432746588811435,1.4544314045358888,0.9048055324001227,-0.2982278909143923,1.4316811360790147,0.001192415045823164,-0.2262991435398101,1.8405886095799828,-0.09092794783573821,0.9841231756854657,0
2.0762673049329363,-1.1099901739376037,0.8491410419312149,-0.05035498338960521,1.6234129815947211,0.9048055324001227,-0.2982278909143923,-0.8828162337175963,1.417782086362966,-0.45564143582820127,1.3245776382885335,-0.6663468858595001,-1.0161329645585022,0
1.398470950690115,0.9009088760241706,0.8491410419312149,-0.14245612512721584,1.4544314045358888,-1.177851894974348,1.9029551997915988,0.853056793629862,-1.4993184453303918,1.8377814870557112,2.098594095225707,-0.5869787564769122,0.9841231756854657,0
1.5679200392508204,0.9009088760241706,-0.502969299721533,-0.6844031211851006,1.2854498274770565,0.9048055324001227,-0.2903099661276801,1.4316811360790147,0.001192415045823164,0.8057411717579506,2.872610552162881,-0.4282424977117365,-1.0161329645585022,1
1.398470950690115,0.9009088760241706,0.8491410419312149,-0.2573772514002941,1.4544314045358888,-1.177851894974348,-1.2800505644667048,0.853056793629862,0.11868207972852446,-1.3730106049817663,2.872610552162881,1.298014316359549,-1.0161329645585022,1
2.5846145706150523,0.9009088760241706,1.5251962127575889,-0.149546902328894,2.8062840210065474,-1.177851894974348,-0.09236184645987515,-0.8828162337175963,0.7430557263280237,-0.11162799739561437,2.098594095225707,1.1591200899400202,0.9841231756854657,0
2.2457163934936415,0.9009088760241706,0.8491410419312149,-0.14853619021106015,2.8062840210065474,-1.177851894974348,-0.6941241302500022,-1.461440576166749,0.6255660616453219,-0.7996548742607882,1.3245776382885335,0.4249648931510827,-1.0161329645585022,0
2.754063659175758,0.9009088760241706,-0.502969299721533,-0.4323094096697579,2.8062840210065474,0.9048055324001227,-0.2823920413409679,-1.461440576166749,0.001192415045823164,0.1177142948927768,1.8405886095799828,-0.686188918205147,0.9841231756854657,0
3.0929618362971683,0.9009088760241706,-1.179024470547907,-0.14435121034815432,2.9752655980653797,-1.177851894974348,-0.5199297849423339,0.853056793629862,0.007906110170548816,-0.570312581972397,1.8405886095799828,-0.36871640067479566,-1.0161329645585022,0
1.5679200392508204,-1.1099901739376037,0.8491410419312149,-0.26083578192850687,1.4544314045358888,-1.177851894974348,1.0161476236798326,-1.461440576166749,1.4244957814876917,1.2644257563347332,1.3245776382885335,-0.686188918205147,-1.0161329645585022,1
1.906818216372231,-1.1099901739376037,-1.179024470547907,0.6847643661892763,1.4544314045358888,0.9048055324001227,-0.2823920413409679,-0.8828162337175963,0.3301634761573873,-0.9143260204049839,1.3245776382885335,1.0995939929030794,0.9841231756854657,0
2.415165482054347,0.9009088760241706,-1.179024470547907,-0.9035223498561135,2.9752655980653797,0.9048055324001227,-0.2507203421941191,1.4316811360790147,-1.3751150855229646,2.411137217776689,2.872610552162881,0.4448069254967297,-1.0161329645585022,1
2.923512747736463,-1.1099901739376037,-1.179024470547907,-0.13089610527949105,3.3132287521830444,-1.177851894974348,-0.09236184645987515,0.2744324511807092,-1.0427871768490378,-0.11162799739561437,2.6146050665171567,-0.3488743683291487,-1.0161329645585022,0
1.398470950690115,0.9009088760241706,0.8491410419312149,-0.2421060229948981,1.9613761357123858,-1.177851894974348,0.06599664927436881,-0.3041918912684436,0.9981761410676039,0.1177142948927768,2.6146050665171567,0.9606997664835506,-1.0161329645585022,1
1.906818216372231,0.9009088760241706,-1.179024470547907,-0.7917123218207426,1.9613761357123858,0.9048055324001227,-0.2507203421941191,1.4316811360790147,0.9377528849450718,1.4937680486231246,1.582583123934258,1.1789621222856672,-1.0161329645585022,1
1.5679200392508204,-1.1099901739376037,0.8491410419312149,-0.13016965594479796,1.6234129815947211,-1.177851894974348,-0.09236184645987515,-0.3041918912684436,-0.25392799969375696,-0.11162799739561437,1.8405886095799828,0.9011736694466097,0.9841231756854657,0
1.398470950690115,-1.1099901739376037,1.5251962127575889,-0.7906858173260676,1.6234129815947211,0.9048055324001227,-0.2507203421941191,-1.461440576166749,0.8739727812601764,1.4937680486231246,2.098594095225707,1.0797519605574324,-1.0161329645585022,1
1.5679200392508204,-1.1099901739376037,-1.179024470547907,-0.133865072125628,1.7923945586535535,-1.177851894974348,0.22435514500861276,0.2744324511807092,0.001192415045823164,0.1177142948927768,2.872610552162881,0.6829113136444932,-1.0161329645585022,0
2.5846145706150523,-1.1099901739376037,-1.179024470547907,-0.7739301054976031,1.7923945586535535,0.9048055324001227,-0.2507203421941191,0.2744324511807092,0.3301634761573873,1.379096902478929,2.872610552162881,-0.5869787564769122,-1.0161329645585022,1
1.398470950690115,0.9009088760241706,0.8491410419312149,-0.7715928337251122,1.4544314045358888,0.9048055324001227,-0.2507203421941191,0.2744324511807092,1.5587696839822078,1.379096902478929,1.8405886095799828,0.4844909901880236,-1.0161329645585022,1
1.398470950690115,-1.1099901739376037,-1.179024470547907,-0.12756391376600754,1.2854498274770565,-1.177851894974348,0.06599664927436881,1.4316811360790147,-1.173704231781191,0.003043148748581378,2.356599580871432,-2.3727616675851384,0.9841231756854657,0
2.0762673049329363,-1.1099901739376037,-0.502969299721533,-0.11491421991624311,2.130357712771218,-1.177851894974348,-0.646616581529729,1.4316811360790147,-1.2979075915886182,-0.6849837281165926,1.3245776382885335,-1.4005020826484376,0.9841231756854657,0
2.754063659175758,-1.1099901739376037,-0.502969299721533,-0.7141875439075172,3.144247175124212,0.9048055324001227,-0.2507203421941191,-0.8828162337175963,-1.1804179269059165,1.035083464046342,1.3245776382885335,1.337698381050843,-1.0161329645585022,0
1.398470950690115,0.9009088760241706,-1.179024470547907,-0.1152616522067485,1.4544314045358888,-1.177851894974348,1.8079401023510524,-0.3041918912684436,1.5486991412951188,1.7231103409115156,1.8405886095799828,-0.36871640067479566,0.9841231756854657,0
1.398470950690115,0.9009088760241706,0.8491410419312149,-0.1084867225418934,1.2854498274770565,-1.177851894974348,1.3645363142951692,1.4316811360790147,2.431550050196561,1.2644257563347332,2.356599580871432,-0.03140185079879733,0.9841231756854657,0
1.7373691278115257,0.9009088760241706,-1.179024470547907,-0.6754014663856427,1.7923945586535535,0.9048055324001227,-0.2507203421941191,0.2744324511807092,0.001192415045823164,0.9204123179021463,2.098594095225707,1.238488219322608,-1.0161329645585022,0
2.415165482054347,-1.1099901739376037,0.8491410419312149,-0.6811025144252993,2.2993392898300504,0.9048055324001227,-0.2507203421941191,1.4316811360790147,1.327147202179168,0.9204123179021463,2.356599580871432,-0.8052411122790287,0.9841231756854657,0
2.2457163934936415,0.9009088760241706,-1.179024470547907,-0.655850503856294,2.2993392898300504,0.9048055324001227,-0.2507203421941191,1.4316811360790147,-0.21028898138303903,0.8057411717579506,2.872610552162881,1.1591200899400202,-1.0161329645585022,0
1.906818216372231,0.9009088760241706,-0.502969299721533,-0.11016071448705572,2.2993392898300504,-1.177851894974348,1.1745061194140765,-0.8828162337175963,1.223084927745918,1.035083464046342,2.098594095225707,0.6432272489531993,0.9841231756854657,0
3.431860013418579,-1.1099901739376037,1.5251962127575889,-0.635351998716476,3.3132287521830444,0.9048055324001227,-0.2507203421941191,0.2744324511807092,-1.4724636648314886,0.6910700256137552,2.098594095225707,0.801963507718375,0.9841231756854657,0
2.923512747736463,0.9009088760241706,-1.179024470547907,-0.6419058351055549,3.4822103292418767,0.9048055324001227,-0.2507203421941191,-1.461440576166749,-0.005521280078902488,0.6910700256137552,1.582583123934258,0.9805417988291976,-1.0161329645585022,0
1.398470950690115,-1.1099901739376037,0.8491410419312149,-0.10654426019043144,1.4544314045358888,-1.177851894974348,1.1824240442007887,-1.461440576166749,0.5651428055227898,1.035083464046342,2.098594095225707,0.08765034327508442,0.9841231756854657,0
1.5679200392508204,-1.1099901739376037,0.8491410419312149,-0.6093577464359363,2.130357712771218,0.9048055324001227,-0.2507203421941191,0.853056793629862,0.001192415045823164,0.5763988794695595,2.872610552162881,-0.6663468858595001,0.9841231756854657,0
1.398470950690115,0.9009088760241706,1.5251962127575889,-0.6028512871773809,1.4544314045358888,0.9048055324001227,-0.2507203421941191,0.853056793629862,0.001192415045823164,0.5763988794695595,2.356599580871432,0.22654456969461315,0.9841231756854657,0
1.398470950690115,-1.1099901739376037,0.8491410419312149,-0.5946550435968219,1.7923945586535535,0.9048055324001227,-0.2507203421941191,-1.461440576166749,0.001192415045823164,0.5763988794695595,2.6146050665171567,-0.6266628211682062,0.9841231756854657,0
1.906818216372231,-1.1099901739376037,-1.179024470547907,-0.5864903847699452,1.9613761357123858,0.9048055324001227,-0.2507203421941191,-0.8828162337175963,0.7430557263280237,0.5763988794695595,2.098594095225707,0.7622794430270811,0.9841231756854657,0
3.262410924857874,0.9009088760241706,-1.179024470547907,-0.676554309895047,2.9752655980653797,0.9048055324001227,-0.2507203421941191,-1.461440576166749,0.3939435798422821,0.9204123179021463,1.3245776382885335,0.4448069254967297,-1.0161329645585022,1
1.906818216372231,-1.1099901739376037,0.8491410419312149,-0.10836038352716416,2.130357712771218,-1.177851894974348,0.5094004373302519,-1.461440576166749,-1.4724636648314886,0.4617277333253637,2.098594095225707,-0.5076106270943244,0.9841231756854657,0
1.398470950690115,0.9009088760241706,1.5251962127575889,-0.672669385192123,1.6234129815947211,0.9048055324001227,-0.2507203421941191,-0.3041918912684436,0.03476089066945202,0.8057411717579506,1.8405886095799828,0.3654387961141419,-1.0161329645585022,1
1.398470950690115,0.9009088760241706,0.8491410419312149,-0.6570981016267452,1.6234129815947211,0.9048055324001227,-0.2507203421941191,0.2744324511807092,1.0418151593783211,0.8057411717579506,1.582583123934258,0.40512286080543575,-1.0161329645585022,1
1.5679200392508204,0.9009088760241706,0.8491410419312149,-0.21746991512269773,1.4544314045358888,-1.177851894974348,-0.963333572998217,-0.8828162337175963,1.9750187817152072,-1.0289971665491795,1.8405886095799828,1.1988041546313142,-1.0161329645585022,1
2.415165482054347,0.9009088760241706,0.8491410419312149,-0.10866043868714609,2.8062840210065474,-1.177851894974348,-0.2507203421941191,0.2744324511807092,-1.8752853723150364,-0.34097028968400567,1.8405886095799828,0.8813316371009629,0.9841231756854657,0
2.0762673049329363,0.9009088760241706,-0.502969299721533,-0.10962377367445648,2.4683208668888827,-1.177851894974348,0.7627740305050422,-0.3041918912684436,-1.8752853723150364,0.6910700256137552,1.582583123934258,1.9528013837658986,-1.0161329645585022,0
3.0929618362971683,0.9009088760241706,-1.179024470547907,-0.1034647467064064,3.3132287521830444,0.21058638994196582,-0.8683184755576706,-0.8828162337175963,0.8336906105118219,-0.9143260204049839,1.3245776382885335,0.08765034327508442,-1.0161329645585022,0
1.7373691278115257,0.9009088760241706,-0.502969299721533,-0.10381217899691178,1.2854498274770565,-1.177851894974348,-1.090020369585612,1.4316811360790147,0.3301634761573873,-1.143668312693375,2.356599580871432,1.238488219322608,0.9841231756854657,0
2.0762673049329363,0.9009088760241706,-0.502969299721533,-0.6408319534803565,1.6234129815947211,0.9048055324001227,-0.2507203421941191,-1.461440576166749,1.327147202179168,0.6910700256137552,2.872610552162881,0.0479662785837905,-1.0161329645585022,1
1.906818216372231,0.9009088760241706,0.8491410419312149,-0.6232076609256285,1.6234129815947211,0.9048055324001227,-0.2507203421941191,-1.461440576166749,1.092167872813765,0.6910700256137552,1.582583123934258,0.5043330225336705,-1.0161329645585022,1
1.906818216372231,0.9009088760241706,0.8491410419312149,-0.4902516402999522,1.9613761357123858,0.9048055324001227,-0.2507203421941191,-0.8828162337175963,-1.2979075915886182,0.23238544103697253,2.6146050665171567,-0.6266628211682062,0.9841231756854657,0
3.77075819053999,0.9009088760241706,-0.502969299721533,-0.10769710369983569,3.651191906300709,-1.177851894974348,-1.2008713165995828,-1.461440576166749,-1.1804179269059165,-1.2583394588375707,2.356599580871432,-0.5472946917856183,-1.0161329645585022,0
2.2457163934936415,0.9009088760241706,-1.179024470547907,-0.10558092520312104,2.4683208668888827,-1.177851894974348,1.1428344202672278,0.853056793629862,2.344272013575125,1.035083464046342,2.6146050665171567,1.2186461869769611,0.9841231756854657,0
1.7373691278115257,0.9009088760241706,1.5251962127575889,-0.10633895929149643,1.4544314045358888,-1.177851894974348,-0.2507203421941191,-1.461440576166749,-0.005521280078902488,-0.34097028968400567,1.8405886095799828,1.337698381050843,-1.0161329645585022,0
1.398470950690115,-1.1099901739376037,-0.502969299721533,-0.5982241207629228,1.6234129815947211,0.9048055324001227,-0.2507203421941191,-0.3041918912684436,2.2603508245160526,0.5763988794695595,2.872610552162881,0.9805417988291976,-1.0161329645585022,1
1.5679200392508204,-1.1099901739376037,-1.179024470547907,-0.44502227302688696,1.2854498274770565,0.9048055324001227,-0.2507203421941191,-1.461440576166749,0.5651428055227898,0.1177142948927768,2.356599580871432,0.46464895784237664,0.9841231756854657,0
1.906818216372231,-1.1099901739376037,0.8491410419312149,-0.1112030113585719,1.9613761357123858,-1.177851894974348,-0.8841543251310949,0.853056793629862,-0.1397951825734185,-1.0289971665491795,1.582583123934258,-0.4877685947486774,0.9841231756854657,0
3.0929618362971683,0.9009088760241706,0.8491410419312149,-0.10692327723461914,3.144247175124212,-1.177851894974348,-0.9474977234247925,-0.8828162337175963,-1.3482603050240614,-1.0289971665491795,1.582583123934258,1.317856348705196,0.9841231756854657,0
2.0762673049329363,-1.1099901739376037,-1.179024470547907,-0.11123459611225421,2.2993392898300504,-1.177851894974348,-0.963333572998217,-0.3041918912684436,0.665848232393677,-1.0289971665491795,2.098594095225707,0.4249648931510827,-1.0161329645585022,0
1.5679200392508204,0.9009088760241706,-0.502969299721533,-0.4319935621329348,1.6234129815947211,0.9048055324001227,-0.2507203421941191,0.2744324511807092,0.16232109803924238,0.1177142948927768,1.8405886095799828,-0.11076998018138517,0.9841231756854657,0
2.5846145706150523,0.9009088760241706,0.8491410419312149,-0.10873940057135185,3.144247175124212,-1.177851894974348,1.3328646151483206,1.4316811360790147,-0.005521280078902488,1.2644257563347332,1.3245776382885335,1.258330251668255,0.9841231756854657,0
1.906818216372231,-1.1099901739376037,0.8491410419312149,-0.40394630086304517,1.1164682504182242,0.9048055324001227,-0.2507203421941191,0.2744324511807092,0.5114332445249834,0.1177142948927768,2.098594095225707,-0.9242933063529105,-1.0161329645585022,0
1.906818216372231,0.9009088760241706,-0.502969299721533,-0.10834459115032301,2.130357712771218,0.21058638994196582,-0.4407505370752119,1.4316811360790147,2.17642963545698,-0.570312581972397,2.098594095225707,0.6829113136444932,-1.0161329645585022,0
3.431860013418579,-1.1099901739376037,0.8491410419312149,-0.11095033332911343,3.144247175124212,-1.177851894974348,-0.2507203421941191,0.2744324511807092,-0.21364582894540246,-0.34097028968400567,2.872610552162881,1.6154868338899002,-1.0161329645585022,0
1.5679200392508204,0.9009088760241706,-0.502969299721533,-0.3890225047481546,2.130357712771218,0.9048055324001227,-0.2507203421941191,-0.8828162337175963,-0.08944246913797492,0.003043148748581378,2.872610552162881,0.5638591195706114,0.9841231756854657,0
2.2457163934936415,-1.1099901739376037,0.8491410419312149,-0.5103869207724236,2.130357712771218,0.9048055324001227,-0.2507203421941191,0.853056793629862,1.286865031430813,0.3470565871811683,2.098594095225707,0.801963507718375,-1.0161329645585022,1
1.7373691278115257,0.9009088760241706,0.17308587110484092,-0.10412802653373487,1.1164682504182242,-1.177851894974348,0.38271364074285674,-1.461440576166749,-1.1233515183457474,0.23238544103697253,2.356599580871432,-0.03140185079879733,0.9841231756854657,0
1.5679200392508204,-1.1099901739376037,0.17308587110484092,-0.3906175348091111,1.2854498274770565,0.9048055324001227,-0.2507203421941191,-0.8828162337175963,-0.46205254856025635,0.003043148748581378,2.872610552162881,2.1512217072223683,-1.0161329645585022,0
1.398470950690115,0.9009088760241706,0.8491410419312149,-0.1092763413839511,1.2854498274770565,0.21058638994196582,0.1016273108145737,0.853056793629862,2.183143330581707,0.003043148748581378,1.8405886095799828,0.5241750548793175,-1.0161329645585022,0
2.415165482054347,-1.1099901739376037,-1.179024470547907,-0.11142410463434806,2.4683208668888827,-1.177851894974348,-0.11611562082001174,-0.3041918912684436,-0.21364582894540246,-0.2262991435398101,2.6146050665171567,0.5837011519162584,-1.0161329645585022,0
1.5679200392508204,-1.1099901739376037,1.5251962127575889,-0.35301588555032326,1.4544314045358888,0.9048055324001227,-0.2507203421941191,-0.8828162337175963,0.001192415045823164,0.003043148748581378,1.582583123934258,1.4765926074703717,-1.0161329645585022,0
2.2457163934936415,0.9009088760241706,0.17308587110484092,-0.3364812669976349,2.8062840210065474,0.9048055324001227,-0.2507203421941191,-0.8828162337175963,-1.6839450612603513,0.003043148748581378,2.356599580871432,0.782121475372728,-1.0161329645585022,0
3.431860013418579,0.9009088760241706,0.8491410419312149,-0.10922896425342764,3.3132287521830444,-1.177851894974348,-1.121692068732461,-1.461440576166749,-1.2475548781531747,-1.2583394588375707,1.3245776382885335,1.3773824457421369,-1.0161329645585022,0
2.2457163934936415,0.9009088760241706,0.8491410419312149,-0.11106087996700151,2.130357712771218,-1.177851894974348,-0.7416316789702754,-0.8828162337175963,1.0351014642535956,-0.7996548742607882,1.582583123934258,-0.011559818453150373,0.9841231756854657,0
1.398470950690115,-1.1099901739376037,1.5251962127575889,-0.2974583038231432,2.130357712771218,0.9048055324001227,-0.2507203421941191,0.853056793629862,2.17642963545698,-0.11162799739561437,2.098594095225707,1.5559607368529593,0.9841231756854657,0
2.5846145706150523,-1.1099901739376037,0.8491410419312149,-0.2975846428378724,2.637302443947715,0.9048055324001227,-0.2507203421941191,-0.3041918912684436,-1.1804179269059165,-0.11162799739561437,2.6146050665171567,-2.571181991041608,0.9841231756854657,0
1.5679200392508204,-1.1099901739376037,-1.179024470547907,-0.2998271603493163,1.2854498274770565,0.9048055324001227,-0.2507203421941191,-0.3041918912684436,-0.005521280078902488,-0.11162799739561437,2.6146050665171567,1.4170665104334308,0.9841231756854657,0
1.5679200392508204,0.9009088760241706,-1.179024470547907,-0.2256661587032567,1.2854498274770565,-1.177851894974348,2.4413740852880284,-1.461440576166749,1.5319149034833046,2.7551506562092767,2.6146050665171567,0.6035431842619053,-1.0161329645585022,1
2.5846145706150523,-1.1099901739376037,-1.179024470547907,-0.10933951089131572,2.8062840210065474,-1.177851894974348,-0.052772222526314166,0.2744324511807092,-1.7510820125076092,-0.11162799739561437,2.872610552162881,1.5956448015442533,-1.0161329645585022,0
2.5846145706150523,0.9009088760241706,-1.179024470547907,-0.303380445138576,2.8062840210065474,0.9048055324001227,-0.2507203421941191,-0.3041918912684436,0.6154955189582334,-0.11162799739561437,2.872610552162881,0.20670253734896618,-1.0161329645585022,0
2.2457163934936415,0.9009088760241706,-1.179024470547907,-0.11137672750382459,1.7923945586535535,0.21058638994196582,0.38271364074285674,0.853056793629862,-1.3751150855229646,0.23238544103697253,1.8405886095799828,0.8416475724096689,-1.0161329645585022,0
2.415165482054347,0.9009088760241706,-1.179024470547907,-0.2986427320862297,2.130357712771218,0.9048055324001227,-0.2507203421941191,-0.3041918912684436,-0.29085332287974863,-0.11162799739561437,2.356599580871432,0.6829113136444932,0.9841231756854657,0
1.5679200392508204,0.9009088760241706,0.8491410419312149,-0.2974583038231432,1.7923945586535535,0.9048055324001227,-0.2507203421941191,-1.461440576166749,0.001192415045823164,-0.11162799739561437,2.6146050665171567,1.1789621222856672,-1.0161329645585022,0
3.262410924857874,0.9009088760241706,1.5251962127575889,-0.4114634722394345,3.144247175124212,0.9048055324001227,-0.2507203421941191,0.2744324511807092,0.001192415045823164,0.1177142948927768,1.3245776382885335,1.1194360252487263,-1.0161329645585022,1
1.398470950690115,-1.1099901739376037,0.8491410419312149,-0.29032014949094154,1.6234129815947211,0.9048055324001227,-0.2507203421941191,-0.3041918912684436,-0.005521280078902488,-0.11162799739561437,2.872610552162881,-0.36871640067479566,0.9841231756854657,0
2.2457163934936415,0.9009088760241706,-1.179024470547907,-0.10880257007871648,2.2993392898300504,-1.177851894974348,-0.9079080994912315,0.2744324511807092,0.7866947446387411,-1.0289971665491795,1.8405886095799828,-0.7655570475877348,0.9841231756854657,0
1.398470950690115,0.9009088760241706,0.17308587110484092,-0.2762807264791555,1.9613761357123858,0.9048055324001227,-0.2507203421941191,0.2744324511807092,0.8269769153870962,-0.11162799739561437,1.8405886095799828,-2.075131182400434,-1.0161329645585022,0
1.906818216372231,-1.1099901739376037,1.5251962127575889,-0.11121880373541305,2.130357712771218,-1.177851894974348,0.8577891279455886,1.4316811360790147,-1.3751150855229646,0.8057411717579506,2.098594095225707,1.8139071573463699,-1.0161329645585022,0
2.2457163934936415,0.9009088760241706,0.8491410419312149,-0.2208494837667047,1.7923945586535535,-1.177851894974348,-0.7257958293968509,1.4316811360790147,0.7464125738903866,-0.6849837281165926,1.582583123934258,0.9011736694466097,-1.0161329645585022,1
1.398470950690115,0.9009088760241706,0.8491410419312149,-0.1084867225418934,0.9474866733593919,-1.177851894974348,0.8577891279455886,-0.8828162337175963,-1.0495008719737637,0.8057411717579506,2.872610552162881,-1.3806600503027906,-1.0161329645585022,0
1.7373691278115257,-1.1099901739376037,-0.502969299721533,-0.23975295884556616,1.4544314045358888,0.9048055324001227,-0.2507203421941191,0.2744324511807092,0.001192415045823164,-0.2262991435398101,1.8405886095799828,1.0003838311748445,-1.0161329645585022,0
1.7373691278115257,-1.1099901739376037,-1.179024470547907,-0.11204000733115306,1.6234129815947211,-1.177851894974348,0.06599664927436881,1.4316811360790147,-1.173704231781191,0.003043148748581378,2.098594095225707,-0.6465048535138531,0.9841231756854657,0
1.398470950690115,-1.1099901739376037,1.5251962127575889,-0.3211468690848743,1.1164682504182242,0.9048055324001227,-0.2507203421941191,-1.461440576166749,1.4446368668618692,-0.11162799739561437,1.8405886095799828,0.286070666731554,-1.0161329645585022,1
1.398470950690115,0.9009088760241706,-0.502969299721533,-0.11118721898173074,1.2854498274770565,-1.177851894974348,0.6598410082777837,0.2744324511807092,-1.173704231781191,0.5763988794695595,1.582583123934258,1.1591200899400202,-1.0161329645585022,0
2.2457163934936415,0.9009088760241706,0.8491410419312149,-0.15466363242542794,2.4683208668888827,0.9048055324001227,-0.2507203421941191,0.853056793629862,-1.6705176710108995,-0.34097028968400567,1.582583123934258,-1.2616078562289088,0.9841231756854657,0
1.398470950690115,-1.1099901739376037,1.5251962127575889,-0.24332203601166696,0.9474866733593919,0.9048055324001227,-0.2507203421941191,0.2744324511807092,0.001192415045823164,-0.2262991435398101,2.098594095225707,-0.17029607721832604,-1.0161329645585022,1
1.5679200392508204,0.9009088760241706,0.8491410419312149,-0.11131355799645998,1.4544314045358888,-1.177851894974348,0.38271364074285674,-1.461440576166749,0.5785701957722418,0.23238544103697253,2.356599580871432,1.238488219322608,0.9841231756854657,0
2.923512747736463,-1.1099901739376037,0.8491410419312149,-0.21862275863210198,3.3132287521830444,-1.177851894974348,-0.2903099661276801,-0.8828162337175963,1.6997572816014495,-0.2262991435398101,1.8405886095799828,0.12733440796637835,-1.0161329645585022,1
2.5846145706150523,-1.1099901739376037,-1.179024470547907,-0.11143989701118921,2.8062840210065474,0.9048055324001227,-0.2507203421941191,0.2744324511807092,-0.21364582894540246,-0.34097028968400567,2.6146050665171567,0.305912699077201,-1.0161329645585022,0
2.754063659175758,-1.1099901739376037,0.8491410419312149,-0.10806032836718224,2.637302443947715,-1.177851894974348,0.8577891279455886,-0.3041918912684436,0.001192415045823164,0.8057411717579506,1.8405886095799828,1.258330251668255,0.9841231756854657,0
2.0762673049329363,-1.1099901739376037,-0.502969299721533,-0.1083130063966407,1.9613761357123858,-1.177851894974348,-0.7574675285436998,1.4316811360790147,1.2029438423717405,-0.7996548742607882,1.3245776382885335,0.12733440796637835,0.9841231756854657,0
1.906818216372231,-1.1099901739376037,-1.179024470547907,-0.10948164228288611,2.130357712771218,0.9048055324001227,-0.2507203421941191,0.853056793629862,-0.37813135950118393,-0.34097028968400567,2.098594095225707,-0.40840046536608954,0.9841231756854657,0
2.0762673049329363,0.9009088760241706,0.8491410419312149,-0.07687038410590291,1.7923945586535535,0.9048055324001227,-0.2507203421941191,0.853056793629862,0.15896425047687956,-0.34097028968400567,2.872610552162881,1.1591200899400202,-1.0161329645585022,0
1.906818216372231,0.9009088760241706,0.8491410419312149,-0.10674956108936645,2.130357712771218,0.9048055324001227,-0.6941241302500022,0.853056793629862,0.001192415045823164,-0.7996548742607882,1.3245776382885335,-0.15045404487267908,-1.0161329645585022,0
1.7373691278115257,0.9009088760241706,0.8491410419312149,-0.10954481179025072,2.130357712771218,0.21058638994196582,-0.5674373336626071,1.4316811360790147,1.327147202179168,-0.6849837281165926,2.098594095225707,0.6630692812988462,-1.0161329645585022,0
2.5846145706150523,-1.1099901739376037,-1.179024470547907,-0.11148727414171267,2.4683208668888827,-1.177851894974348,0.06599664927436881,-0.3041918912684436,-0.37813135950118393,0.003043148748581378,2.6146050665171567,-0.07108591549009124,-1.0161329645585022,0
2.754063659175758,0.9009088760241706,1.5251962127575889,0.04338856553948544,2.637302443947715,0.9048055324001227,-0.7020420550367144,-0.8828162337175963,-1.0427871768490378,-0.9143260204049839,2.098594095225707,0.7622794430270811,0.9841231756854657,0
1.7373691278115257,-1.1099901739376037,0.8491410419312149,-0.10817087500507032,1.9613761357123858,-1.177851894974348,1.0161476236798326,-0.8828162337175963,1.7937490133476108,0.9204123179021463,2.872610552162881,-1.0235034680811452,0.9841231756854657,0
1.398470950690115,0.9009088760241706,1.5251962127575889,-0.8654153445384086,1.2854498274770565,0.9048055324001227,-0.7139189422167826,0.853056793629862,0.15896425047687956,0.6910700256137552,1.3245776382885335,1.754381060309429,-1.0161329645585022,1
2.5846145706150523,-1.1099901739376037,0.8491410419312149,-0.8109000596827448,3.144247175124212,0.9048055324001227,-0.7139189422167826,0.2744324511807092,-0.1397951825734185,0.4617277333253637,1.582583123934258,1.5559607368529593,0.9841231756854657,0
3.0929618362971683,0.9009088760241706,-0.502969299721533,-0.7295535265739601,3.144247175124212,0.9048055324001227,-0.7178779046101388,0.2744324511807092,0.001192415045823164,0.1177142948927768,1.3245776382885335,1.0400678958661385,-1.0161329645585022,0
1.906818216372231,-1.1099901739376037,-0.502969299721533,-0.22353418782970091,1.9613761357123858,-1.177851894974348,-0.5674373336626071,0.853056793629862,0.27645391515958084,-0.570312581972397,2.6146050665171567,0.0479662785837905,-1.0161329645585022,1
1.398470950690115,0.9009088760241706,-1.179024470547907,-0.11147148176487151,1.2854498274770565,-1.177851894974348,-0.2507203421941191,-0.8828162337175963,0.9780350556934264,-0.34097028968400567,2.356599580871432,1.2186461869769611,-1.0161329645585022,0
3.601309101979284,-1.1099901739376037,-1.179024470547907,-0.11125038848909537,3.4822103292418767,0.21058638994196582,-0.4090788379283631,0.853056793629862,0.001192415045823164,-0.45564143582820127,1.8405886095799828,0.286070666731554,0.9841231756854657,0
1.398470950690115,0.9009088760241706,0.8491410419312149,-0.962301576458889,2.130357712771218,0.9048055324001227,-0.7257958293968509,0.853056793629862,-0.1397951825734185,1.379096902478929,1.3245776382885335,0.9210157017922567,-1.0161329645585022,1
2.0762673049329363,-1.1099901739376037,-1.179024470547907,-0.11229268536061153,1.9613761357123858,-1.177851894974348,0.38271364074285674,0.2744324511807092,-0.6936750303632967,0.23238544103697253,2.356599580871432,0.9210157017922567,0.9841231756854657,0
2.0762673049329363,-1.1099901739376037,0.8491410419312149,-0.9243367025327546,1.7923945586535535,0.9048055324001227,-0.7257958293968509,0.853056793629862,-0.6936750303632967,1.035083464046342,2.872610552162881,0.782121475372728,-1.0161329645585022,1
1.5679200392508204,0.9009088760241706,-1.179024470547907,-0.10809191312086454,2.130357712771218,0.21058638994196582,-0.7257958293968509,-0.3041918912684436,-0.5661148229935064,-0.7996548742607882,1.582583123934258,0.4249648931510827,0.9841231756854657,0
1.906818216372231,0.9009088760241706,1.5251962127575889,-0.11595651678775928,2.637302443947715,-1.177851894974348,-0.4090788379283631,0.2744324511807092,-1.1166378232210217,-0.45564143582820127,2.356599580871432,0.821805540064022,0.9841231756854657,0
1.5679200392508204,0.9009088760241706,0.8491410419312149,-0.10919737949974533,1.2854498274770565,-1.177851894974348,-0.5674373336626071,-0.3041918912684436,-0.5661148229935064,-0.6849837281165926,2.6146050665171567,0.6233852166075523,-1.0161329645585022,0
1.5679200392508204,-1.1099901739376037,-1.179024470547907,-0.8599353897745282,1.6234129815947211,0.9048055324001227,-0.7257958293968509,-1.461440576166749,0.001192415045823164,0.6910700256137552,1.582583123934258,0.14717644031202531,0.9841231756854657,0
2.0762673049329363,-1.1099901739376037,0.8491410419312149,-0.10494923012947488,2.130357712771218,0.21058638994196582,0.38271364074285674,1.4316811360790147,-0.46205254856025635,0.23238544103697253,1.8405886095799828,1.5956448015442533,0.9841231756854657,0
3.262410924857874,0.9009088760241706,-1.179024470547907,-0.8452484793122549,3.4822103292418767,0.9048055324001227,-0.7257958293968509,-1.461440576166749,1.6729025011025462,0.5763988794695595,2.6146050665171567,0.4448069254967297,-1.0161329645585022,1
1.5679200392508204,-1.1099901739376037,-1.179024470547907,-0.8500019847414423,1.4544314045358888,0.9048055324001227,-0.7257958293968509,0.853056793629862,1.4110683912382405,0.5763988794695595,1.3245776382885335,-0.8052411122790287,0.9841231756854657,0
1.398470950690115,0.9009088760241706,0.8491410419312149,-0.22523976452854555,1.6234129815947211,-1.177851894974348,0.06599664927436881,0.2744324511807092,1.3170766594920789,0.1177142948927768,1.3245776382885335,-0.15045404487267908,-1.0161329645585022,1
1.5679200392508204,-1.1099901739376037,0.17308587110484092,-0.7937179536795691,0.9474866733593919,0.9048055324001227,-0.7257958293968509,1.4316811360790147,1.223084927745918,0.3470565871811683,2.098594095225707,1.8139071573463699,-1.0161329645585022,0
2.754063659175758,0.9009088760241706,-1.179024470547907,-0.10911841761553956,3.144247175124212,0.21058638994196582,0.35104194159600793,0.853056793629862,-0.7977373047965461,0.23238544103697253,1.582583123934258,-1.0235034680811452,0.9841231756854657,0
3.0929618362971683,-1.1099901739376037,-1.179024470547907,-0.1054230014347095,2.8062840210065474,-1.177851894974348,-0.7257958293968509,-0.8828162337175963,0.23952859197358917,-0.7996548742607882,2.6146050665171567,0.028124246238143545,0.9841231756854657,0
1.398470950690115,-1.1099901739376037,0.8491410419312149,-0.7905121011808148,0.6095235192417271,0.9048055324001227,-0.7257958293968509,-0.8828162337175963,-0.21700267650776528,0.3470565871811683,2.872610552162881,-0.32903233598350173,0.9841231756854657,0
2.5846145706150523,-1.1099901739376037,-0.502969299721533,-0.10774448083035916,2.2993392898300504,-1.177851894974348,-0.7574675285436998,0.2744324511807092,-0.45869570099789353,-0.7996548742607882,1.8405886095799828,-0.5671367241312653,0.9841231756854657,0
1.906818216372231,0.9009088760241706,-0.502969299721533,-0.7955656617699841,1.6234129815947211,0.9048055324001227,-0.7257958293968509,-0.8828162337175963,0.04483143335654109,0.3470565871811683,1.582583123934258,0.782121475372728,0.9841231756854657,0
1.398470950690115,-1.1099901739376037,0.8491410419312149,-0.771766549870365,1.1164682504182242,0.9048055324001227,-0.7257958293968509,1.4316811360790147,-1.4724636648314886,0.23238544103697253,2.356599580871432,0.10749237562073138,-1.0161329645585022,0
1.398470950690115,-1.1099901739376037,0.8491410419312149,-0.09302598561440355,1.9613761357123858,-1.177851894974348,0.8577891279455886,-1.461440576166749,-0.46205254856025635,0.6910700256137552,2.098594095225707,0.9805417988291976,0.9841231756854657,0
2.0762673049329363,-1.1099901739376037,1.5251962127575889,-0.20497814504134484,1.9613761357123858,-1.177851894974348,-0.5674373336626071,0.853056793629862,-0.41841353024953903,-0.570312581972397,2.098594095225707,1.8734332543833108,-1.0161329645585022,1
2.754063659175758,-1.1099901739376037,0.8491410419312149,-0.7463250307792657,2.8062840210065474,0.9048055324001227,-0.7257958293968509,-0.8828162337175963,-0.33784918875282943,0.1177142948927768,1.3245776382885335,1.694854963272488,-1.0161329645585022,0
2.2457163934936415,0.9009088760241706,1.5251962127575889,-0.09498424034270665,1.6234129815947211,-1.177851894974348,0.8577891279455886,-1.461440576166749,0.001192415045823164,0.6910700256137552,1.3245776382885335,1.9131173190746047,0.9841231756854657,0
1.906818216372231,0.9009088760241706,0.8491410419312149,-0.08760920035788769,1.6234129815947211,-1.177851894974348,0.6994306322113446,1.4316811360790147,1.7736079279734327,0.5763988794695595,2.872610552162881,-1.2814498885745558,0.9841231756854657,0
2.2457163934936415,0.9009088760241706,-1.179024470547907,-0.09100456137873582,2.8062840210065474,-1.177851894974348,-0.17154109432699713,0.853056793629862,0.001192415045823164,-0.34097028968400567,2.098594095225707,0.14717644031202531,0.9841231756854657,0
1.5679200392508204,-1.1099901739376037,-0.502969299721533,-0.7352703669904579,1.4544314045358888,0.9048055324001227,-0.7257958293968509,1.4316811360790147,0.16232109803924238,0.1177142948927768,1.3245776382885335,0.7622794430270811,-1.0161329645585022,0
1.7373691278115257,-1.1099901739376037,-1.179024470547907,-0.7193200663808922,0.9474866733593919,0.9048055324001227,-0.7257958293968509,0.2744324511807092,1.2029438423717405,0.1177142948927768,2.6146050665171567,-0.9044512740072636,-1.0161329645585022,1
1.7373691278115257,0.9009088760241706,0.8491410419312149,-0.20681006075491873,1.9613761357123858,-1.177851894974348,2.4413740852880284,-1.461440576166749,0.001192415045823164,2.640479510065081,2.098594095225707,-0.5869787564769122,-1.0161329645585022,1
2.415165482054347,-1.1099901739376037,0.8491410419312149,-0.08858832772203924,2.637302443947715,0.21058638994196582,0.7627740305050422,0.853056793629862,-1.173704231781191,0.5763988794695595,2.872610552162881,-0.15045404487267908,0.9841231756854657,0
2.0762673049329363,0.9009088760241706,-1.179024470547907,-0.07597021862595714,1.7923945586535535,0.9048055324001227,-0.2507203421941191,-1.461440576166749,-0.8447331706696268,-0.34097028968400567,2.356599580871432,-0.8846092416616166,0.9841231756854657,0
2.415165482054347,-1.1099901739376037,-1.179024470547907,-0.07148518360306938,2.2993392898300504,0.9048055324001227,-0.2507203421941191,0.853056793629862,-0.46205254856025635,-0.34097028968400567,1.3245776382885335,0.782121475372728,-1.0161329645585022,0
1.398470950690115,-1.1099901739376037,-1.179024470547907,-0.09106773088610044,1.6234129815947211,-1.177851894974348,0.06599664927436881,-1.461440576166749,-0.25392799969375696,-0.11162799739561437,1.582583123934258,0.4448069254967297,0.9841231756854657,0
1.398470950690115,-1.1099901739376037,-1.179024470547907,-0.06902157281584934,1.7923945586535535,0.9048055324001227,-0.2507203421941191,-1.461440576166749,0.03811773823181484,-0.34097028968400567,1.8405886095799828,-0.38855843302044263,-1.0161329645585022,0
2.923512747736463,-1.1099901739376037,-0.502969299721533,-0.08460864875806842,2.4683208668888827,-1.177851894974348,0.3193702424491591,-1.461440576166749,0.830333762949459,0.23238544103697253,1.3245776382885335,1.258330251668255,0.9841231756854657,0
1.5679200392508204,0.9009088760241706,0.8491410419312149,-0.08893576001254463,1.9613761357123858,-1.177851894974348,0.06599664927436881,-1.461440576166749,0.860545391010725,-0.11162799739561437,2.356599580871432,1.0995939929030794,-1.0161329645585022,0
2.923512747736463,0.9009088760241706,-1.179024470547907,-0.08983592549249042,3.3132287521830444,0.21058638994196582,1.6495816066168083,0.2744324511807092,0.7430557263280237,1.4937680486231246,2.872610552162881,1.6551708985811941,-1.0161329645585022,0
1.906818216372231,0.9009088760241706,1.5251962127575889,-0.0820344913329603,2.2993392898300504,-1.177851894974348,-0.6941241302500022,0.853056793629862,-0.8447331706696268,-0.7996548742607882,2.872610552162881,0.14717644031202531,0.9841231756854657,0
1.5679200392508204,0.9009088760241706,-1.179024470547907,-0.08381902991601071,1.2854498274770565,-1.177851894974348,-0.5120118601556216,0.2744324511807092,-1.173704231781191,-0.570312581972397,2.098594095225707,0.4844909901880236,0.9841231756854657,0
1.7373691278115257,0.9009088760241706,1.5251962127575889,-0.01993886559354244,1.7923945586535535,0.9048055324001227,-0.2507203421941191,-1.461440576166749,0.27645391515958084,-0.45564143582820127,1.3245776382885335,0.305912699077201,0.9841231756854657,0
1.7373691278115257,0.9009088760241706,0.8491410419312149,-0.08067634692462106,1.6234129815947211,0.21058638994196582,0.4618928886099787,1.4316811360790147,-1.1804179269059165,0.3470565871811683,2.6146050665171567,-0.011559818453150373,0.9841231756854657,0
1.5679200392508204,-1.1099901739376037,-1.179024470547907,0.04931070685491822,1.7923945586535535,0.9048055324001227,-0.2507203421941191,0.853056793629862,-1.173704231781191,-0.45564143582820127,2.6146050665171567,1.4567505751247247,-1.0161329645585022,0
1.398470950690115,-1.1099901739376037,0.8491410419312149,0.056448861187119864,1.2854498274770565,0.9048055324001227,-0.2507203421941191,0.853056793629862,-0.46205254856025635,-0.45564143582820127,2.6146050665171567,-1.3012919209202027,0.9841231756854657,0
1.906818216372231,-1.1099901739376037,0.8491410419312149,-0.09068871384191274,1.6234129815947211,-1.177851894974348,-0.646616581529729,-0.8828162337175963,-1.2979075915886182,-0.7996548742607882,2.356599580871432,-1.5790803737592602,-1.0161329645585022,0
3.601309101979284,-1.1099901739376037,1.5251962127575889,-0.07518059978389943,3.651191906300709,-1.177851894974348,0.38271364074285674,0.853056793629862,0.4040141225293712,0.23238544103697253,1.582583123934258,2.389326095370132,-1.0161329645585022,0
2.923512747736463,0.9009088760241706,0.8491410419312149,-0.18076843134385565,3.4822103292418767,-1.177851894974348,-0.4090788379283631,-1.461440576166749,1.7736079279734327,-0.45564143582820127,1.582583123934258,-1.3409759856114967,-1.0161329645585022,1
3.601309101979284,0.9009088760241706,0.8491410419312149,0.11641251605298193,3.651191906300709,0.9048055324001227,-0.2507203421941191,-1.461440576166749,-1.1804179269059165,-0.570312581972397,2.872610552162881,-0.051243883144444294,-1.0161329645585022,0
2.0762673049329363,0.9009088760241706,-0.502969299721533,-0.0707903190220586,1.9613761357123858,0.21058638994196582,-0.7574675285436998,-1.461440576166749,0.001192415045823164,-0.9143260204049839,2.6146050665171567,1.5956448015442533,-1.0161329645585022,0
1.398470950690115,-1.1099901739376037,1.5251962127575889,-0.06808982258222125,1.4544314045358888,-1.177851894974348,-0.5674373336626071,1.4316811360790147,0.665848232393677,-0.6849837281165926,1.8405886095799828,1.5758027691986063,0.9841231756854657,0
1.906818216372231,0.9009088760241706,0.17308587110484092,-0.08013940611202182,1.7923945586535535,0.21058638994196582,-0.3774071387815143,0.853056793629862,-1.1804179269059165,-0.45564143582820127,1.582583123934258,-0.190138109563973,0.9841231756854657,0
1.906818216372231,0.9009088760241706,-1.179024470547907,0.17056457624129928,1.4544314045358888,0.9048055324001227,-0.2507203421941191,1.4316811360790147,-1.4993184453303918,-0.570312581972397,2.356599580871432,1.278172284013902,-1.0161329645585022,0
2.0762673049329363,-1.1099901739376037,-1.179024470547907,-0.07355398496926056,2.130357712771218,-1.177851894974348,-1.1058562191590364,-1.461440576166749,-1.1233515183457474,-1.2583394588375707,2.098594095225707,-0.24966420660091387,-1.0161329645585022,0
1.5679200392508204,0.9009088760241706,-1.179024470547907,0.15312979220866518,1.4544314045358888,0.9048055324001227,-0.2507203421941191,-0.8828162337175963,1.9750187817152072,-0.570312581972397,2.356599580871432,0.46464895784237664,-1.0161329645585022,1
2.5846145706150523,-1.1099901739376037,0.8491410419312149,-0.07252748047458554,2.2993392898300504,-1.177851894974348,-0.7257958293968509,-0.3041918912684436,-1.0495008719737637,-0.7996548742607882,2.098594095225707,1.0400678958661385,0.9841231756854657,0
1.7373691278115257,-1.1099901739376037,0.8491410419312149,-0.06838987774220318,1.4544314045358888,-1.177851894974348,0.8577891279455886,-0.3041918912684436,-1.0495008719737637,0.6910700256137552,1.582583123934258,0.305912699077201,0.9841231756854657,0
2.5846145706150523,0.9009088760241706,-0.502969299721533,-0.07352240021557825,2.8062840210065474,-1.177851894974348,1.6495816066168083,-0.8828162337175963,-0.25392799969375696,1.4937680486231246,2.098594095225707,0.46464895784237664,0.9841231756854657,0
1.398470950690115,0.9009088760241706,0.8491410419312149,0.40487607143350246,1.6234129815947211,0.9048055324001227,-0.2507203421941191,0.2744324511807092,1.223084927745918,-0.6849837281165926,2.098594095225707,0.16701847265767225,0.9841231756854657,0
1.398470950690115,0.9009088760241706,-1.179024470547907,-0.07527535404494635,1.2854498274770565,-1.177851894974348,-0.3298995900612411,-1.461440576166749,-0.811164695045998,-0.45564143582820127,2.098594095225707,-0.9242933063529105,0.9841231756854657,0
2.923512747736463,0.9009088760241706,-1.179024470547907,0.4038969440693509,3.4822103292418767,0.9048055324001227,-0.2507203421941191,-1.461440576166749,0.7061304031420315,-0.6849837281165926,2.356599580871432,1.0003838311748445,-1.0161329645585022,0
2.754063659175758,0.9009088760241706,0.8491410419312149,0.4271275304026885,2.637302443947715,0.9048055324001227,-0.2507203421941191,-0.8828162337175963,-0.21028898138303903,-0.7996548742607882,1.582583123934258,0.32575473142284794,0.9841231756854657,0
1.398470950690115,-1.1099901739376037,-1.179024470547907,-0.06865834814850279,1.2854498274770565,-1.177851894974348,-0.7574675285436998,-0.8828162337175963,-1.0092187012254088,-0.9143260204049839,1.582583123934258,-1.6187644384505542,0.9841231756854657,0
1.7373691278115257,0.9009088760241706,0.8491410419312149,0.3874886645313918,1.7923945586535535,0.9048055324001227,-0.2507203421941191,0.2744324511807092,-1.4993184453303918,-0.6849837281165926,2.872610552162881,1.0202258635204915,-1.0161329645585022,1
1.5679200392508204,0.9009088760241706,-1.179024470547907,0.7953425888310371,1.4544314045358888,0.9048055324001227,-0.2507203421941191,-0.8828162337175963,-0.18343420088413584,-0.9143260204049839,2.098594095225707,0.14717644031202531,-1.0161329645585022,1
1.398470950690115,-1.1099901739376037,-1.179024470547907,1.1413851501744054,0.7785050963005594,0.9048055324001227,-0.2507203421941191,0.2744324511807092,-1.2979075915886182,-1.0289971665491795,1.3245776382885335,0.8813316371009629,0.9841231756854657,0
1.906818216372231,-1.1099901739376037,0.17308587110484092,0.9531558106046899,2.130357712771218,0.9048055324001227,-0.2507203421941191,1.4316811360790147,1.4312094766124175,-0.9143260204049839,1.3245776382885335,1.4964346398160184,-1.0161329645585022,1
1.398470950690115,-1.1099901739376037,-1.179024470547907,-0.06371533419722157,1.6234129815947211,-1.177851894974348,-1.1375279183058853,-1.461440576166749,-1.1804179269059165,-1.2583394588375707,2.098594095225707,-1.4997122443766724,0.9841231756854657,0
1.398470950690115,0.9009088760241706,-1.179024470547907,-0.06696856382649931,1.7923945586535535,-1.177851894974348,0.38271364074285674,0.853056793629862,1.9750187817152072,0.23238544103697253,2.098594095225707,1.8337491896920168,-1.0161329645585022,0
3.0929618362971683,0.9009088760241706,1.5251962127575889,1.3108057689263066,2.637302443947715,0.9048055324001227,-0.2507203421941191,1.4316811360790147,0.001192415045823164,-1.0289971665491795,2.098594095225707,0.38528082845978884,0.9841231756854657,0
1.398470950690115,-1.1099901739376037,-1.179024470547907,-0.06647900014442353,1.6234129815947211,-1.177851894974348,0.715266481784769,1.4316811360790147,0.6624913848313142,0.5763988794695595,2.098594095225707,1.0797519605574324,0.9841231756854657,0
2.0762673049329363,-1.1099901739376037,-1.179024470547907,1.8660025691539195,2.2993392898300504,0.9048055324001227,-0.2507203421941191,-1.461440576166749,0.001192415045823164,-1.143668312693375,2.872610552162881,0.801963507718375,0.9841231756854657,0
1.5679200392508204,0.9009088760241706,0.8491410419312149,-0.06646320776758237,0.9474866733593919,-1.177851894974348,0.06599664927436881,1.4316811360790147,1.2096575374964662,-0.11162799739561437,2.872610552162881,-0.38855843302044263,0.9841231756854657,0
2.0762673049329363,-1.1099901739376037,-1.179024470547907,-0.06993753067263628,1.9613761357123858,-1.177851894974348,-0.4090788379283631,-0.8828162337175963,2.7269526356844955,-0.570312581972397,1.582583123934258,1.3972244780877838,-1.0161329645585022,0
3.431860013418579,0.9009088760241706,-1.179024470547907,-0.4912781447946273,3.651191906300709,0.9048055324001227,-0.2428024174074069,-1.461440576166749,0.6624913848313142,0.23238544103697253,1.8405886095799828,0.26622863438590705,-1.0161329645585022,0
2.2457163934936415,-1.1099901739376037,-1.179024470547907,-0.06441019877823234,2.4683208668888827,-1.177851894974348,-0.7257958293968509,-0.3041918912684436,-0.8447331706696268,-0.7996548742607882,2.356599580871432,0.8813316371009629,0.9841231756854657,0
2.923512747736463,0.9009088760241706,-0.502969299721533,1.4158882444273457,2.4683208668888827,0.9048055324001227,-0.22300760544062642,-0.8828162337175963,-1.6839450612603513,-1.0289971665491795,2.872610552162881,-0.07108591549009124,0.9841231756854657,0
3.431860013418579,-1.1099901739376037,0.8491410419312149,-0.17119825097811628,3.4822103292418767,-1.177851894974348,0.8577891279455886,-1.461440576166749,0.04483143335654109,0.9204123179021463,1.3245776382885335,-0.4282424977117365,-1.0161329645585022,1
1.7373691278115257,0.9009088760241706,0.8491410419312149,-0.05946718482695112,2.2993392898300504,0.21058638994196582,-0.5674373336626071,1.4316811360790147,0.8336906105118219,-0.6849837281165926,1.8405886095799828,0.2463866020402601,0.9841231756854657,0
1.398470950690115,0.9009088760241706,-0.502969299721533,-0.16448649082062577,0.7785050963005594,-1.177851894974348,-0.5357656345157582,1.4316811360790147,0.001192415045823164,-0.570312581972397,1.3245776382885335,0.5043330225336705,-1.0161329645585022,1
2.923512747736463,0.9009088760241706,-1.179024470547907,-0.05152361927585061,3.4822103292418767,-1.177851894974348,0.38271364074285674,1.4316811360790147,-0.3680608168140954,0.23238544103697253,1.8405886095799828,-0.2893482712922078,0.9841231756854657,0
1.5679200392508204,0.9009088760241706,0.8491410419312149,-0.6155167734039865,1.2854498274770565,0.9048055324001227,-0.18737694390042153,-1.461440576166749,0.9780350556934264,0.8057411717579506,1.3245776382885335,-2.194183376474316,0.9841231756854657,0
1.7373691278115257,0.9009088760241706,0.8491410419312149,-0.5598960221694418,2.130357712771218,0.9048055324001227,-0.18737694390042153,0.2744324511807092,0.7430557263280237,0.5763988794695595,2.6146050665171567,0.6432272489531993,-1.0161329645585022,0
1.5679200392508204,-1.1099901739376037,0.8491410419312149,-0.4506285668054966,2.130357712771218,0.9048055324001227,-0.18737694390042153,1.4316811360790147,0.8336906105118219,0.23238544103697253,2.356599580871432,-0.5274526594399713,0.9841231756854657,0
1.906818216372231,-1.1099901739376037,-1.179024470547907,-0.052344822871590625,2.2993392898300504,-1.177851894974348,0.8577891279455886,0.853056793629862,0.001192415045823164,0.6910700256137552,2.356599580871432,1.2186461869769611,-1.0161329645585022,0
1.398470950690115,0.9009088760241706,-1.179024470547907,-0.1633178549343804,1.2854498274770565,-1.177851894974348,-1.2800505644667048,-0.3041918912684436,-0.4654093961226198,-1.3730106049817663,2.6146050665171567,1.4170665104334308,-1.0161329645585022,1
2.415165482054347,0.9009088760241706,-1.179024470547907,-0.5637493621186833,2.637302443947715,0.9048055324001227,-0.18737694390042153,0.2744324511807092,1.7836784706605218,0.5763988794695595,2.356599580871432,0.46464895784237664,-1.0161329645585022,1
1.7373691278115257,0.9009088760241706,0.17308587110484092,-0.4436009591111831,1.7923945586535535,0.9048055324001227,-0.18737694390042153,0.853056793629862,0.8336906105118219,0.23238544103697253,2.098594095225707,0.5043330225336705,-1.0161329645585022,0
1.906818216372231,-1.1099901739376037,0.8491410419312149,-0.34131373431102807,2.130357712771218,0.9048055324001227,-0.18737694390042153,0.2744324511807092,0.5114332445249834,0.003043148748581378,2.872610552162881,0.305912699077201,-1.0161329645585022,0
2.415165482054347,0.9009088760241706,0.8491410419312149,-0.4109897009341999,2.637302443947715,0.9048055324001227,-0.18737694390042153,-0.8828162337175963,0.860545391010725,0.23238544103697253,1.8405886095799828,-0.09092794783573821,-1.0161329645585022,1
1.398470950690115,-1.1099901739376037,0.17308587110484092,-0.05092350895588676,1.2854498274770565,-1.177851894974348,-0.8524826259842462,0.2744324511807092,-1.2979075915886182,-1.0289971665491795,1.8405886095799828,0.4249648931510827,-1.0161329645585022,0
3.0929618362971683,0.9009088760241706,-1.179024470547907,-0.33578640241662416,2.8062840210065474,0.9048055324001227,-0.18737694390042153,-0.8828162337175963,2.528898629505085,0.003043148748581378,2.6146050665171567,0.5837011519162584,-1.0161329645585022,1
1.398470950690115,0.9009088760241706,1.5251962127575889,-0.05046553002749329,1.4544314045358888,-1.177851894974348,-0.527847709729046,0.2744324511807092,-1.1804179269059165,-0.6849837281165926,1.582583123934258,0.801963507718375,0.9841231756854657,0
1.5679200392508204,0.9009088760241706,0.8491410419312149,0.0813060623350964,1.2854498274770565,0.9048055324001227,-0.18737694390042153,-0.3041918912684436,-1.1804179269059165,-0.45564143582820127,2.356599580871432,-0.11076998018138517,0.9841231756854657,0
1.7373691278115257,0.9009088760241706,0.8491410419312149,-0.04629634254142861,0.9474866733593919,0.21058638994196582,-1.1375279183058853,-0.8828162337175963,0.11868207972852446,-1.2583394588375707,1.582583123934258,-0.07108591549009124,-1.0161329645585022,0
1.398470950690115,0.9009088760241706,0.8491410419312149,-0.04310628241951549,0.9474866733593919,-1.177851894974348,-0.6941241302500022,-0.3041918912684436,-1.039430329286675,-0.7996548742607882,2.098594095225707,-0.44808453005738347,0.9841231756854657,0
2.2457163934936415,0.9009088760241706,0.8491410419312149,0.13560025391498415,2.130357712771218,0.9048055324001227,-0.16362316954028494,-0.8828162337175963,1.1055952630632166,-0.45564143582820127,2.6146050665171567,-0.8449251769703227,-1.0161329645585022,1
2.0762673049329363,0.9009088760241706,0.8491410419312149,-0.03355189443061726,2.130357712771218,-1.177851894974348,0.38271364074285674,-0.8828162337175963,-0.25392799969375696,0.1177142948927768,2.872610552162881,-0.11076998018138517,0.9841231756854657,0
2.0762673049329363,0.9009088760241706,-1.179024470547907,-0.016748805471629317,2.130357712771218,0.9048055324001227,-0.13986939518014835,0.2744324511807092,-1.0495008719737637,-0.34097028968400567,1.8405886095799828,0.9011736694466097,-1.0161329645585022,0
2.415165482054347,-1.1099901739376037,-1.179024470547907,-0.03506796260736805,2.130357712771218,-1.177851894974348,-1.1533637678793096,-1.461440576166749,-1.3482603050240614,-1.2583394588375707,1.582583123934258,-0.6663468858595001,-1.0161329645585022,0
2.5846145706150523,0.9009088760241706,-1.179024470547907,-0.22304462414762513,2.2993392898300504,0.9048055324001227,-0.13591043278679224,-0.8828162337175963,-1.2475548781531747,-0.11162799739561437,2.098594095225707,1.0599099282117854,0.9841231756854657,0
2.923512747736463,0.9009088760241706,1.5251962127575889,-0.03353610205377611,2.8062840210065474,-1.177851894974348,-0.5674373336626071,0.2744324511807092,-1.2475548781531747,-0.6849837281165926,2.098594095225707,-0.7853990799333818,-1.0161329645585022,0
1.398470950690115,0.9009088760241706,-1.179024470547907,-0.3836057194916387,1.2854498274770565,0.9048055324001227,-0.12799250800008005,0.853056793629862,0.4543668359648142,0.23238544103697253,2.872610552162881,0.6630692812988462,-1.0161329645585022,0
2.5846145706150523,-1.1099901739376037,-0.502969299721533,-0.03342555541588803,2.8062840210065474,-1.177851894974348,0.8577891279455886,0.2744324511807092,-1.0495008719737637,0.5763988794695595,2.872610552162881,1.1789621222856672,-1.0161329645585022,0
2.415165482054347,0.9009088760241706,0.8491410419312149,-0.8267871907849458,2.130357712771218,0.9048055324001227,-0.09236184645987515,0.853056793629862,-1.1233515183457474,2.1817949254882985,1.3245776382885335,1.5758027691986063,-1.0161329645585022,1
3.601309101979284,-1.1099901739376037,-1.179024470547907,-0.14777815612268475,3.9891550604183736,-1.177851894974348,1.0161476236798326,0.853056793629862,1.451350561986595,1.035083464046342,1.8405886095799828,-0.13061201252703214,-1.0161329645585022,1
2.923512747736463,-1.1099901739376037,1.5251962127575889,-0.7847794683874759,3.4822103292418767,0.9048055324001227,-0.09236184645987515,-0.8828162337175963,-0.11965409719924096,1.8377814870557112,2.098594095225707,-0.011559818453150373,-1.0161329645585022,1
2.415165482054347,-1.1099901739376037,-1.179024470547907,-0.7300115055023536,1.9613761357123858,0.9048055324001227,-0.09236184645987515,0.2744324511807092,0.03476089066945202,1.4937680486231246,2.6146050665171567,1.35754041339649,-1.0161329645585022,1
1.398470950690115,-1.1099901739376037,-1.179024470547907,-0.030377626685545292,1.2854498274770565,-1.177851894974348,-0.013182598592753173,1.4316811360790147,0.001192415045823164,-0.2262991435398101,2.356599580871432,-1.9560789883265524,0.9841231756854657,0
1.398470950690115,-1.1099901739376037,-0.502969299721533,-0.6790495054359493,1.7923945586535535,0.9048055324001227,-0.09236184645987515,-0.8828162337175963,0.3939435798422821,1.1497546101905376,2.872610552162881,-1.7378166325244357,0.9841231756854657,0
3.601309101979284,0.9009088760241706,1.5251962127575889,-0.02654007911314485,3.4822103292418767,-1.177851894974348,-0.46846327382870456,-0.3041918912684436,2.431550050196561,-0.6849837281165926,2.6146050665171567,1.6154868338899002,0.9841231756854657,0
1.906818216372231,0.9009088760241706,-1.179024470547907,-0.6790968825664728,1.6234129815947211,0.9048055324001227,-0.09236184645987515,-1.461440576166749,1.9750187817152072,1.1497546101905376,2.6146050665171567,0.4249648931510827,-1.0161329645585022,1
2.5846145706150523,0.9009088760241706,0.8491410419312149,-0.5670341765016434,2.4683208668888827,0.9048055324001227,-0.09236184645987515,0.2744324511807092,-1.7510820125076092,0.6910700256137552,2.872610552162881,0.06780831092943747,0.9841231756854657,0
3.77075819053999,-1.1099901739376037,-0.502969299721533,-0.133249169428823,3.3132287521830444,-1.177851894974348,1.9662985980852963,-1.461440576166749,2.2603508245160526,1.952452633199907,2.356599580871432,1.3773824457421369,-1.0161329645585022,1
1.398470950690115,-1.1099901739376037,1.5251962127575889,-0.017933233734715875,1.1164682504182242,-1.177851894974348,-0.09236184645987515,-0.8828162337175963,-0.1397951825734185,-0.34097028968400567,1.8405886095799828,0.5043330225336705,-1.0161329645585022,0
1.398470950690115,-1.1099901739376037,-1.179024470547907,-0.5681396428805242,1.2854498274770565,0.9048055324001227,-0.09236184645987515,-1.461440576166749,0.5785701957722418,0.6910700256137552,2.872610552162881,-0.051243883144444294,-1.0161329645585022,0
1.7373691278115257,-1.1099901739376037,-1.179024470547907,-0.5640494172786653,1.4544314045358888,0.9048055324001227,-0.09236184645987515,0.2744324511807092,0.27645391515958084,0.6910700256137552,1.3245776382885335,0.7424374106814341,0.9841231756854657,0
2.415165482054347,-1.1099901739376037,-0.502969299721533,-0.01858072118520319,2.8062840210065474,0.21058638994196582,2.0850674698859795,-0.8828162337175963,-0.707102420612748,1.7231103409115156,1.582583123934258,-0.38855843302044263,0.9841231756854657,0
1.5679200392508204,-1.1099901739376037,-1.179024470547907,-0.015595961962225069,0.9474866733593919,-1.177851894974348,0.22435514500861276,0.853056793629862,-0.3680608168140954,0.003043148748581378,2.6146050665171567,-0.3488743683291487,0.9841231756854657,0
1.398470950690115,0.9009088760241706,-0.502969299721533,-0.012911257899228874,0.9474866733593919,-1.177851894974348,2.1761236049331694,-0.8828162337175963,1.4312094766124175,1.7231103409115156,2.098594095225707,1.6154868338899002,-1.0161329645585022,0
1.7373691278115257,0.9009088760241706,0.8491410419312149,-0.018012195618921645,2.130357712771218,-1.177851894974348,0.06599664927436881,0.2744324511807092,0.8336906105118219,-0.11162799739561437,1.582583123934258,-0.051243883144444294,0.9841231756854657,0
1.906818216372231,-1.1099901739376037,-0.502969299721533,-0.014916889758055442,1.4544314045358888,-1.177851894974348,0.8577891279455886,-0.8828162337175963,-1.0427871768490378,0.5763988794695595,2.098594095225707,0.46464895784237664,0.9841231756854657,0
2.5846145706150523,0.9009088760241706,0.8491410419312149,-0.01842279741679165,2.637302443947715,0.21058638994196582,0.8577891279455886,0.2744324511807092,0.23617174441122635,0.5763988794695595,1.8405886095799828,-0.3488743683291487,0.9841231756854657,0
2.5846145706150523,0.9009088760241706,-1.179024470547907,-0.01569071622327199,2.2993392898300504,-1.177851894974348,-0.3774071387815143,1.4316811360790147,1.7736079279734327,-0.570312581972397,2.872610552162881,0.5837011519162584,-1.0161329645585022,0
1.5679200392508204,-1.1099901739376037,1.5251962127575889,-0.3933022388721073,1.4544314045358888,0.9048055324001227,-0.09236184645987515,-1.461440576166749,-0.811164695045998,0.23238544103697253,2.6146050665171567,1.238488219322608,0.9841231756854657,0
2.5846145706150523,-1.1099901739376037,0.8491410419312149,-0.01498005926542006,2.4683208668888827,-1.177851894974348,-0.5674373336626071,1.4316811360790147,-1.1804179269059165,-0.6849837281165926,2.872610552162881,1.0400678958661385,0.9841231756854657,0
2.0762673049329363,-1.1099901739376037,-0.502969299721533,-0.39628699809508544,2.4683208668888827,0.9048055324001227,-0.09236184645987515,-0.8828162337175963,-0.6936750303632967,0.23238544103697253,1.8405886095799828,1.734539027963782,-1.0161329645585022,0
1.5679200392508204,-1.1099901739376037,0.8491410419312149,-0.12538456576192827,1.6234129815947211,-1.177851894974348,0.8577891279455886,-1.461440576166749,2.344272013575125,0.8057411717579506,1.582583123934258,0.32575473142284794,-1.0161329645585022,1
1.7373691278115257,0.9009088760241706,0.8491410419312149,-0.3822159903296172,0.9474866733593919,0.9048055324001227,-0.09236184645987515,1.4316811360790147,1.7736079279734327,0.23238544103697253,1.8405886095799828,-1.0830295651180861,0.9841231756854657,0
2.2457163934936415,-1.1099901739376037,1.5251962127575889,-0.3806209602686606,1.9613761357123858,0.9048055324001227,-0.09236184645987515,-1.461440576166749,-0.33784918875282943,0.23238544103697253,1.582583123934258,0.6035431842619053,0.9841231756854657,0
1.398470950690115,0.9009088760241706,-1.179024470547907,-0.31438773179686036,1.1164682504182242,0.9048055324001227,-0.09236184645987515,-0.8828162337175963,-0.005521280078902488,0.1177142948927768,1.582583123934258,-0.6266628211682062,0.9841231756854657,0
1.5679200392508204,0.9009088760241706,-1.179024470547907,-0.12993277029218064,1.6234129815947211,-1.177851894974348,0.38271364074285674,0.2744324511807092,1.5486991412951188,0.3470565871811683,1.582583123934258,-1.6187644384505542,-1.0161329645585022,1
1.5679200392508204,0.9009088760241706,0.8491410419312149,-0.3898595007207357,1.1164682504182242,0.9048055324001227,-0.09236184645987515,0.853056793629862,0.23617174441122635,0.23238544103697253,1.582583123934258,0.6829113136444932,-1.0161329645585022,1
1.906818216372231,0.9009088760241706,-1.179024470547907,-0.013306067320257726,1.9613761357123858,-1.177851894974348,-0.5674373336626071,-0.8828162337175963,1.5486991412951188,-0.6849837281165926,2.098594095225707,0.9805417988291976,0.9841231756854657,0
1.398470950690115,-1.1099901739376037,1.5251962127575889,-0.007494472642713023,0.9474866733593919,-1.177851894974348,-0.4882580857954851,1.4316811360790147,-1.7510820125076092,-0.6849837281165926,2.6146050665171567,-0.9242933063529105,0.9841231756854657,0
2.2457163934936415,0.9009088760241706,0.8491410419312149,-0.4904411488220461,2.130357712771218,0.9048055324001227,-0.06069014731302636,0.853056793629862,-1.1804179269059165,0.5763988794695595,1.8405886095799828,1.1591200899400202,0.9841231756854657,0
3.601309101979284,-1.1099901739376037,1.5251962127575889,-0.2989269948693705,3.4822103292418767,0.9048055324001227,-0.06069014731302636,-1.461440576166749,0.001192415045823164,0.1177142948927768,2.6146050665171567,0.26622863438590705,0.9841231756854657,0
1.5679200392508204,-1.1099901739376037,0.8491410419312149,-0.41544315120340536,1.6234129815947211,0.9048055324001227,-0.06069014731302636,0.853056793629862,0.6154955189582334,0.3470565871811683,1.8405886095799828,1.714696995618135,-1.0161329645585022,1
2.415165482054347,0.9009088760241706,0.8491410419312149,-0.01583284761484238,2.130357712771218,-1.177851894974348,0.06599664927436881,0.2744324511807092,-0.08944246913797492,-0.11162799739561437,1.8405886095799828,-0.44808453005738347,-1.0161329645585022,0
1.7373691278115257,0.9009088760241706,-1.179024470547907,-0.011221473577225386,1.4544314045358888,-1.177851894974348,0.8577891279455886,-0.8828162337175963,-0.21700267650776528,0.5763988794695595,2.872610552162881,-0.03140185079879733,-1.0161329645585022,0
1.7373691278115257,-1.1099901739376037,0.8491410419312149,-0.016590881703217777,1.6234129815947211,0.21058638994196582,-0.9474977234247925,-0.3041918912684436,-0.7138161157374736,-1.0289971665491795,2.356599580871432,-1.2814498885745558,-1.0161329645585022,0
3.262410924857874,0.9009088760241706,-1.179024470547907,-0.01239010946347079,3.4822103292418767,-1.177851894974348,-0.4090788379283631,-0.3041918912684436,1.1223795008750308,-0.570312581972397,1.3245776382885335,0.3654387961141419,-1.0161329645585022,0
2.2457163934936415,0.9009088760241706,-0.502969299721533,-0.6607935178075752,2.130357712771218,0.9048055324001227,-0.052772222526314166,-0.3041918912684436,1.8407448792206904,1.1497546101905376,1.8405886095799828,1.0400678958661385,-1.0161329645585022,1
1.398470950690115,0.9009088760241706,1.5251962127575889,-0.14338787536084394,1.4544314045358888,0.9048055324001227,-0.048813260132958065,-0.3041918912684436,1.2465828606824585,-0.11162799739561437,2.6146050665171567,0.6432272489531993,0.9841231756854657,0
1.5679200392508204,-1.1099901739376037,-1.179024470547907,-0.012958635029752336,2.130357712771218,-1.177851894974348,-0.8841543251310949,0.853056793629862,-0.0860856215756121,-1.0289971665491795,2.356599580871432,-0.051243883144444294,-1.0161329645585022,0
1.398470950690115,0.9009088760241706,-1.179024470547907,-0.01984411133249552,1.1164682504182242,-1.177851894974348,-0.4090788379283631,1.4316811360790147,0.16232109803924238,-0.570312581972397,1.3245776382885335,-0.4877685947486774,0.9841231756854657,0
1.7373691278115257,0.9009088760241706,-1.179024470547907,-0.014269402307568126,1.7923945586535535,0.21058638994196582,-0.2507203421941191,0.853056793629862,-0.12972463988633004,-0.45564143582820127,2.098594095225707,0.6432272489531993,0.9841231756854657,0
2.5846145706150523,-1.1099901739376037,-1.179024470547907,-0.013811423379174657,1.9613761357123858,-1.177851894974348,2.2830155895537843,-0.8828162337175963,-0.005521280078902488,1.8377814870557112,1.8405886095799828,1.3773824457421369,-1.0161329645585022,0
1.398470950690115,0.9009088760241706,0.8491410419312149,-0.014379948945456205,2.130357712771218,-1.177851894974348,-0.8841543251310949,1.4316811360790147,0.830333762949459,-1.0289971665491795,1.582583123934258,1.5956448015442533,0.9841231756854657,0
3.601309101979284,-1.1099901739376037,0.8491410419312149,-0.014348364191773896,3.3132287521830444,-1.177851894974348,0.38271364074285674,0.853056793629862,-0.12972463988633004,0.1177142948927768,2.872610552162881,0.5837011519162584,0.9841231756854657,0
2.2457163934936415,-1.1099901739376037,0.8491410419312149,-0.6237919788687512,2.2993392898300504,0.9048055324001227,-0.02901844816617757,1.4316811360790147,-0.707102420612748,1.035083464046342,2.6146050665171567,0.6035431842619053,-1.0161329645585022,0
1.398470950690115,-1.1099901739376037,-1.179024470547907,-0.8097314237964994,0.9474866733593919,0.9048055324001227,-0.021100523379465372,0.853056793629862,-0.21364582894540246,2.1817949254882985,1.8405886095799828,1.3773824457421369,-1.0161329645585022,1
1.7373691278115257,-1.1099901739376037,0.8491410419312149,-0.015201152541196217,1.4544314045358888,-1.177851894974348,0.30353439287573475,0.2744324511807092,0.9780350556934264,0.1177142948927768,2.6146050665171567,0.9805417988291976,-1.0161329645585022,0
1.906818216372231,0.9009088760241706,0.17308587110484092,-0.5169407571615027,1.9613761357123858,0.9048055324001227,-0.013182598592753173,0.2744324511807092,-0.12972463988633004,0.6910700256137552,1.3245776382885335,1.6353288662355472,-1.0161329645585022,0
1.7373691278115257,0.9009088760241706,-1.179024470547907,-0.5950656453946919,1.2854498274770565,0.9048055324001227,-0.013182598592753173,0.2744324511807092,1.159304824061023,0.9204123179021463,2.356599580871432,0.6035431842619053,-1.0161329645585022,1
2.5846145706150523,-1.1099901739376037,0.8491410419312149,-0.3013432285260671,1.6234129815947211,0.9048055324001227,-0.013182598592753173,-0.3041918912684436,-0.37813135950118393,0.23238544103697253,2.356599580871432,-2.829128411535019,0.9841231756854657,0
2.2457163934936415,0.9009088760241706,0.8491410419312149,-0.016006563760095075,2.2993392898300504,-1.177851894974348,1.6495816066168083,-0.3041918912684436,0.4040141225293712,1.2644257563347332,1.8405886095799828,-0.7258729828964409,0.9841231756854657,0
1.5679200392508204,0.9009088760241706,0.8491410419312149,-0.15028914404042826,1.1164682504182242,0.9048055324001227,-0.013182598592753173,-0.8828162337175963,-0.3512765790022807,-0.11162799739561437,2.356599580871432,-1.2417658238832618,0.9841231756854657,0
1.398470950690115,-1.1099901739376037,-0.502969299721533,-0.10946584990604495,1.4544314045358888,0.9048055324001227,-0.013182598592753173,-0.8828162337175963,-1.2979075915886182,-0.11162799739561437,1.582583123934258,1.5956448015442533,0.9841231756854657,0
2.415165482054347,-1.1099901739376037,0.8491410419312149,-0.010337100474120758,2.130357712771218,-1.177851894974348,-0.5674373336626071,-1.461440576166749,-0.5661148229935064,-0.6849837281165926,2.6146050665171567,-0.26950623894656084,0.9841231756854657,0
1.398470950690115,-1.1099901739376037,0.17308587110484092,-0.20742596345172373,1.4544314045358888,0.9048055324001227,-0.013182598592753173,-0.8828162337175963,1.5486991412951188,0.003043148748581378,1.582583123934258,1.9528013837658986,-1.0161329645585022,1
1.7373691278115257,-1.1099901739376037,-1.179024470547907,-0.1498943346193994,1.9613761357123858,0.9048055324001227,-0.013182598592753173,0.2744324511807092,1.7937490133476108,-0.11162799739561437,2.6146050665171567,-0.7853990799333818,-1.0161329645585022,1
3.262410924857874,0.9009088760241706,0.8491410419312149,-0.016859352109517396,3.4822103292418767,0.9048055324001227,-0.013182598592753173,-0.8828162337175963,0.2965950005337584,-0.2262991435398101,2.098594095225707,0.0479662785837905,-1.0161329645585022,0
2.754063659175758,-1.1099901739376037,0.8491410419312149,0.08081649865302062,3.144247175124212,0.9048055324001227,-0.013182598592753173,-0.8828162337175963,1.0787404825643134,-0.34097028968400567,2.098594095225707,0.26622863438590705,0.9841231756854657,0
2.2457163934936415,0.9009088760241706,-0.502969299721533,-0.6969580607738181,2.130357712771218,0.9048055324001227,0.0026532509806712224,0.2744324511807092,0.8336906105118219,1.4937680486231246,2.6146050665171567,0.028124246238143545,-1.0161329645585022,1
2.0762673049329363,0.9009088760241706,0.8491410419312149,-0.6373102534447791,1.6234129815947211,0.9048055324001227,0.0026532509806712224,-1.461440576166749,-0.37813135950118393,1.1497546101905376,2.098594095225707,0.9210157017922567,0.9841231756854657,0
2.754063659175758,-1.1099901739376037,0.8491410419312149,-0.009626443516268825,2.8062840210065474,-1.177851894974348,2.4413740852880284,-0.8828162337175963,0.2865244578466693,2.0671237793441026,2.872610552162881,0.9606997664835506,0.9841231756854657,0
1.5679200392508204,-1.1099901739376037,-1.179024470547907,-0.017348915791593172,1.4544314045358888,-1.177851894974348,1.1745061194140765,0.2744324511807092,0.0851136041048956,0.9204123179021463,1.8405886095799828,-2.273551505856904,0.9841231756854657,0
2.5846145706150523,0.9009088760241706,1.5251962127575889,-0.13029599495952718,2.9752655980653797,-1.177851894974348,0.8577891279455886,0.853056793629862,0.001192415045823164,0.8057411717579506,1.8405886095799828,1.8734332543833108,-1.0161329645585022,1
1.7373691278115257,0.9009088760241706,1.5251962127575889,-0.4876458981211618,1.4544314045358888,0.9048055324001227,0.0026532509806712224,0.853056793629862,0.03476089066945202,0.6910700256137552,1.3245776382885335,-1.8767108589439645,0.9841231756854657,0
1.5679200392508204,-1.1099901739376037,1.5251962127575889,-0.007004908960637247,1.4544314045358888,-1.177851894974348,0.06599664927436881,0.853056793629862,-0.2069321338206762,-0.11162799739561437,1.8405886095799828,0.5837011519162584,0.9841231756854657,0
1.398470950690115,-1.1099901739376037,0.17308587110484092,-0.007226002236413404,1.6234129815947211,-1.177851894974348,-0.2507203421941191,0.2744324511807092,-1.2475548781531747,-0.45564143582820127,1.8405886095799828,1.6551708985811941,0.9841231756854657,0
2.415165482054347,0.9009088760241706,-0.502969299721533,-0.4469963201320312,2.130357712771218,0.9048055324001227,0.0026532509806712224,1.4316811360790147,0.7464125738903866,0.5763988794695595,2.356599580871432,-0.190138109563973,-1.0161329645585022,0
2.2457163934936415,0.9009088760241706,-1.179024470547907,-0.004920315217604907,1.6234129815947211,-1.177851894974348,-1.042512820865339,1.4316811360790147,0.001192415045823164,-1.143668312693375,2.356599580871432,0.9408577341379036,0.9841231756854657,0
3.262410924857874,0.9009088760241706,0.8491410419312149,-0.11188208356274153,3.4822103292418767,-1.177851894974348,-0.5674373336626071,-0.8828162337175963,1.5352717510456675,-0.6849837281165926,2.356599580871432,0.18686050500331922,-1.0161329645585022,1
2.923512747736463,0.9009088760241706,-0.502969299721533,0.007587247240589128,3.144247175124212,-1.177851894974348,-0.09236184645987515,-0.8828162337175963,1.2029438423717405,-0.34097028968400567,2.356599580871432,1.9528013837658986,0.9841231756854657,0
2.2457163934936415,0.9009088760241706,0.8491410419312149,0.0035917758997771445,2.4683208668888827,-1.177851894974348,0.06599664927436881,1.4316811360790147,-1.4724636648314886,-0.2262991435398101,1.582583123934258,0.32575473142284794,0.9841231756854657,0
1.5679200392508204,0.9009088760241706,-1.179024470547907,-0.21082132447257187,1.9613761357123858,0.9048055324001227,0.0026532509806712224,0.853056793629862,-0.34120603631519225,0.003043148748581378,1.582583123934258,-1.678290535487495,-1.0161329645585022,0
2.0762673049329363,0.9009088760241706,-1.179024470547907,0.0007965251988928714,1.9613761357123858,0.21058638994196582,-0.5476425216958265,0.2744324511807092,1.223084927745918,-0.6849837281165926,2.872610552162881,1.5758027691986063,0.9841231756854657,0
3.431860013418579,0.9009088760241706,-0.502969299721533,0.0016808983019975003,2.9752655980653797,-1.177851894974348,0.4579339262166226,-0.3041918912684436,-1.4724636648314886,0.23238544103697253,1.3245776382885335,1.5758027691986063,-1.0161329645585022,0
2.754063659175758,0.9009088760241706,0.17308587110484092,-0.2084682603232399,2.4683208668888827,0.9048055324001227,0.0026532509806712224,0.853056793629862,0.0851136041048956,0.003043148748581378,2.6146050665171567,0.6630692812988462,-1.0161329645585022,0
1.398470950690115,-1.1099901739376037,0.8491410419312149,-0.0759860110027983,0.9474866733593919,0.9048055324001227,0.0026532509806712224,-1.461440576166749,-0.5661148229935064,-0.11162799739561437,1.3245776382885335,0.5241750548793175,0.9841231756854657,0
1.5679200392508204,-1.1099901739376037,-1.179024470547907,0.2313652270797425,1.4544314045358888,0.9048055324001227,0.0026532509806712224,0.2744324511807092,0.665848232393677,-0.45564143582820127,2.6146050665171567,-0.5472946917856183,0.9841231756854657,0
2.754063659175758,0.9009088760241706,-1.179024470547907,0.004065547205011767,2.4683208668888827,-1.177851894974348,-0.7257958293968509,0.853056793629862,0.830333762949459,-0.9143260204049839,1.3245776382885335,-0.03140185079879733,-1.0161329645585022,0
1.398470950690115,0.9009088760241706,0.8491410419312149,-0.10550196331891527,1.4544314045358888,-1.177851894974348,0.5410721364771007,-1.461440576166749,1.0418151593783211,0.4617277333253637,2.098594095225707,1.1194360252487263,-1.0161329645585022,1
1.398470950690115,-1.1099901739376037,-0.502969299721533,0.36087850955404716,1.2854498274770565,0.9048055324001227,0.0026532509806712224,0.853056793629862,-1.173704231781191,-0.570312581972397,2.356599580871432,1.714696995618135,-1.0161329645585022,0
1.5679200392508204,-1.1099901739376037,-1.179024470547907,0.0062133104554087226,1.9613761357123858,0.21058638994196582,1.1745061194140765,0.853056793629862,0.5785701957722418,0.8057411717579506,2.872610552162881,0.028124246238143545,0.9841231756854657,0
1.906818216372231,0.9009088760241706,0.8491410419312149,0.008740090749993375,1.9613761357123858,-1.177851894974348,0.6598410082777837,1.4316811360790147,-0.37813135950118393,0.3470565871811683,2.6146050665171567,-1.142555662155027,-1.0161329645585022,0
1.7373691278115257,-1.1099901739376037,-1.179024470547907,0.012135451770841504,1.6234129815947211,-1.177851894974348,-0.6386986567430168,0.2744324511807092,-1.6839450612603513,-0.7996548742607882,1.3245776382885335,-0.20998014190961997,0.9841231756854657,0
1.5679200392508204,0.9009088760241706,0.17308587110484092,-0.11387192304472694,1.7923945586535535,0.9048055324001227,0.018489100554095618,1.4316811360790147,0.8739727812601764,-0.11162799739561437,1.3245776382885335,0.782121475372728,0.9841231756854657,0
2.754063659175758,0.9009088760241706,1.5251962127575889,-0.7809261284382343,2.4683208668888827,0.9048055324001227,0.026407025340807817,1.4316811360790147,1.934736610966852,2.0671237793441026,2.356599580871432,0.7622794430270811,-1.0161329645585022,1
3.431860013418579,0.9009088760241706,0.8491410419312149,0.02638017568156249,3.651191906300709,-1.177851894974348,2.2830155895537843,1.4316811360790147,-0.12972463988633004,1.7231103409115156,1.582583123934258,1.3972244780877838,0.9841231756854657,0
1.5679200392508204,-1.1099901739376037,-0.502969299721533,-0.8689054598203038,1.7923945586535535,0.9048055324001227,0.06599664927436881,-0.8828162337175963,2.0589399707742797,2.984492948497668,1.3245776382885335,1.6551708985811941,-1.0161329645585022,1
2.754063659175758,0.9009088760241706,0.8491410419312149,0.027169794523620193,2.637302443947715,-1.177851894974348,-1.042512820865339,-0.3041918912684436,0.001192415045823164,-1.143668312693375,2.098594095225707,1.1392780575943733,0.9841231756854657,0
2.415165482054347,0.9009088760241706,0.8491410419312149,-0.8134110476004883,2.8062840210065474,0.9048055324001227,0.06599664927436881,-0.8828162337175963,-0.005521280078902488,2.411137217776689,2.872610552162881,0.3455967637684949,-1.0161329645585022,1
1.7373691278115257,-1.1099901739376037,-0.502969299721533,-0.8151324166761741,1.4544314045358888,0.9048055324001227,0.06599664927436881,-0.8828162337175963,0.830333762949459,2.411137217776689,2.6146050665171567,1.1591200899400202,-1.0161329645585022,1
1.906818216372231,0.9009088760241706,-0.502969299721533,0.02522733217215824,1.9613761357123858,-1.177851894974348,0.8577891279455886,-0.3041918912684436,-0.21364582894540246,0.4617277333253637,2.356599580871432,1.4369085427790778,-1.0161329645585022,0
1.398470950690115,0.9009088760241706,-0.502969299721533,-0.7854269558379633,1.2854498274770565,0.9048055324001227,0.06599664927436881,-1.461440576166749,0.2865244578466693,2.1817949254882985,2.356599580871432,1.5758027691986063,-1.0161329645585022,1
1.5679200392508204,-1.1099901739376037,0.17308587110484092,-0.7919807922270422,1.7923945586535535,0.9048055324001227,0.06599664927436881,-1.461440576166749,-0.41841353024953903,2.2964660716324943,1.8405886095799828,0.46464895784237664,-1.0161329645585022,1
2.5846145706150523,-1.1099901739376037,-1.179024470547907,-0.08885679812833887,2.637302443947715,-1.177851894974348,1.0161476236798326,-1.461440576166749,0.001192415045823164,0.9204123179021463,2.872610552162881,0.5638591195706114,-1.0161329645585022,1
1.5679200392508204,0.9009088760241706,-1.179024470547907,-0.7709769310283072,0.9474866733593919,0.9048055324001227,0.06599664927436881,0.2744324511807092,1.7736079279734327,2.0671237793441026,1.3245776382885335,-0.7457150152420878,-1.0161329645585022,1
2.415165482054347,-1.1099901739376037,0.8491410419312149,-0.7701557274325672,2.130357712771218,0.9048055324001227,0.06599664927436881,0.2744324511807092,-1.3482603050240614,2.0671237793441026,2.872610552162881,-0.11076998018138517,-1.0161329645585022,1
1.906818216372231,0.9009088760241706,-0.502969299721533,-0.09473156231324818,1.7923945586535535,-1.177851894974348,0.06203768688101271,-1.461440576166749,1.0015329886299666,-0.11162799739561437,1.3245776382885335,0.18686050500331922,-1.0161329645585022,1
1.7373691278115257,-1.1099901739376037,0.17308587110484092,0.02963340531084023,1.7923945586535535,-1.177851894974348,-0.2507203421941191,-0.8828162337175963,-1.0427871768490378,-0.45564143582820127,1.3245776382885335,0.22654456969461315,0.9841231756854657,0
2.415165482054347,-1.1099901739376037,0.8491410419312149,-0.7705663292304372,2.130357712771218,0.9048055324001227,0.06599664927436881,-0.3041918912684436,1.286865031430813,2.0671237793441026,2.098594095225707,0.7622794430270811,-1.0161329645585022,1
2.923512747736463,0.9009088760241706,-1.179024470547907,-0.7525788120083627,2.2993392898300504,0.9048055324001227,0.06599664927436881,0.2744324511807092,-0.8447331706696268,1.952452633199907,1.8405886095799828,-0.24966420660091387,-1.0161329645585022,1
1.398470950690115,0.9009088760241706,-0.502969299721533,-0.7523577187325866,1.1164682504182242,0.9048055324001227,0.06599664927436881,0.853056793629862,1.4446368668618692,1.952452633199907,2.098594095225707,0.08765034327508442,-1.0161329645585022,1
1.5679200392508204,-1.1099901739376037,-0.502969299721533,-0.7472251962592115,1.7923945586535535,0.9048055324001227,0.06599664927436881,0.2744324511807092,2.6933841600608672,1.952452633199907,1.582583123934258,-2.8688124762263127,-1.0161329645585022,1
1.5679200392508204,-1.1099901739376037,-0.502969299721533,0.038666644863980366,1.6234129815947211,-1.177851894974348,3.7082420511619802,-0.8828162337175963,-0.34120603631519225,2.984492948497668,2.356599580871432,1.258330251668255,-1.0161329645585022,0
2.923512747736463,-1.1099901739376037,0.17308587110484092,-0.25300276301529445,2.9752655980653797,-1.177851894974348,0.12934004756806639,0.2744324511807092,2.841085452804834,0.23238544103697253,1.582583123934258,0.6630692812988462,-1.0161329645585022,1
1.7373691278115257,0.9009088760241706,0.8491410419312149,0.037687517499828814,2.130357712771218,-1.177851894974348,-0.7257958293968509,-1.461440576166749,0.001192415045823164,-0.9143260204049839,2.356599580871432,0.3654387961141419,-1.0161329645585022,0
3.0929618362971683,0.9009088760241706,0.8491410419312149,-0.6712480712764192,2.9752655980653797,0.9048055324001227,0.06599664927436881,-1.461440576166749,0.8336906105118219,1.4937680486231246,1.582583123934258,-2.0552891500547874,-1.0161329645585022,1
1.906818216372231,-1.1099901739376037,0.17308587110484092,0.041588234579593875,1.6234129815947211,-1.177851894974348,1.0161476236798326,0.853056793629862,0.8336906105118219,0.5763988794695595,1.8405886095799828,1.3773824457421369,0.9841231756854657,0
3.77075819053999,0.9009088760241706,0.8491410419312149,0.04528365076042393,3.4822103292418767,-1.177851894974348,0.06599664927436881,0.853056793629862,0.16232109803924238,-0.2262991435398101,1.8405886095799828,1.278172284013902,-1.0161329645585022,0
1.5679200392508204,0.9009088760241706,0.17308587110484092,-0.6743749618909677,1.4544314045358888,0.9048055324001227,0.06599664927436881,0.2744324511807092,-0.5896127559300467,1.4937680486231246,2.6146050665171567,0.8416475724096689,-1.0161329645585022,1
2.5846145706150523,-1.1099901739376037,0.8491410419312149,0.04098812425963002,1.7923945586535535,0.21058638994196582,-0.7257958293968509,-0.8828162337175963,-1.3482603050240614,-0.9143260204049839,2.356599580871432,-0.30919030363785477,0.9841231756854657,0
1.5679200392508204,-1.1099901739376037,-1.179024470547907,0.04207779826166965,1.2854498274770565,0.21058638994196582,-0.4090788379283631,1.4316811360790147,-1.2475548781531747,-0.6849837281165926,1.3245776382885335,0.16701847265767225,0.9841231756854657,0
1.7373691278115257,-1.1099901739376037,0.8491410419312149,-0.677786115288657,1.9613761357123858,0.9048055324001227,0.06599664927436881,-0.8828162337175963,-1.173704231781191,1.4937680486231246,2.098594095225707,1.1988041546313142,-1.0161329645585022,1
2.5846145706150523,-1.1099901739376037,-1.179024470547907,0.04182512023221118,2.4683208668888827,-1.177851894974348,-0.4090788379283631,0.853056793629862,0.5382880250238866,-0.6849837281165926,1.3245776382885335,1.35754041339649,0.9841231756854657,0
2.415165482054347,0.9009088760241706,1.5251962127575889,0.046689172299286645,2.637302443947715,-1.177851894974348,-0.7257958293968509,1.4316811360790147,-1.173704231781191,-0.9143260204049839,2.872610552162881,1.734539027963782,-1.0161329645585022,0
1.906818216372231,0.9009088760241706,-1.179024470547907,-0.6697162107228273,2.130357712771218,0.9048055324001227,0.06599664927436881,0.2744324511807092,1.575553921794022,1.4937680486231246,2.356599580871432,0.26622863438590705,-1.0161329645585022,1
1.7373691278115257,-1.1099901739376037,0.8491410419312149,-0.6626886030285137,1.7923945586535535,0.9048055324001227,0.06599664927436881,-0.8828162337175963,1.0787404825643134,1.379096902478929,1.582583123934258,0.6630692812988462,-1.0161329645585022,1
2.0762673049329363,-1.1099901739376037,-1.179024470547907,0.0436412435689439,2.130357712771218,-1.177851894974348,-0.06069014731302636,0.853056793629862,-0.6936750303632967,-0.34097028968400567,1.3245776382885335,1.0202258635204915,0.9841231756854657,0
1.398470950690115,0.9009088760241706,0.8491410419312149,-0.6586615469340193,1.6234129815947211,0.9048055324001227,0.06599664927436881,-0.8828162337175963,-1.3751150855229646,1.379096902478929,2.356599580871432,-0.5472946917856183,-1.0161329645585022,1
1.398470950690115,0.9009088760241706,-1.179024470547907,0.04542578215199432,1.6234129815947211,-0.4836327525161911,-0.3774071387815143,0.853056793629862,-0.46205254856025635,-0.570312581972397,2.356599580871432,0.028124246238143545,0.9841231756854657,0
2.0762673049329363,-1.1099901739376037,0.8491410419312149,-0.6444957849075041,2.4683208668888827,0.9048055324001227,0.06599664927436881,0.2744324511807092,0.001192415045823164,1.379096902478929,1.8405886095799828,-2.273551505856904,-1.0161329645585022,1
2.415165482054347,-1.1099901739376037,0.8491410419312149,-0.6348308502807178,2.9752655980653797,0.9048055324001227,0.06599664927436881,0.853056793629862,0.23617174441122635,1.2644257563347332,1.3245776382885335,0.9210157017922567,-1.0161329645585022,1
2.415165482054347,0.9009088760241706,-1.179024470547907,-0.6352730368322702,2.4683208668888827,0.9048055324001227,0.06599664927436881,1.4316811360790147,-0.21028898138303903,1.2644257563347332,2.356599580871432,1.1392780575943733,-1.0161329645585022,1
1.5679200392508204,0.9009088760241706,-0.502969299721533,-0.6320355995798336,0.9474866733593919,0.9048055324001227,0.06599664927436881,-1.461440576166749,0.9343960373827085,1.2644257563347332,2.356599580871432,-1.2814498885745558,-1.0161329645585022,1
2.0762673049329363,-1.1099901739376037,-1.179024470547907,-0.6301405143588952,1.9613761357123858,0.9048055324001227,0.06599664927436881,-1.461440576166749,-0.33784918875282943,1.2644257563347332,2.098594095225707,1.35754041339649,-1.0161329645585022,1
1.5679200392508204,0.9009088760241706,-1.179024470547907,-0.6239025255066393,1.2854498274770565,0.9048055324001227,0.06599664927436881,1.4316811360790147,-1.6839450612603513,1.2644257563347332,1.3245776382885335,0.22654456969461315,0.9841231756854657,0
2.754063659175758,0.9009088760241706,0.8491410419312149,0.052105957555802496,2.9752655980653797,-1.177851894974348,0.7469381809316178,0.853056793629862,1.4446368668618692,0.3470565871811683,2.872610552162881,-2.094973214746081,0.9841231756854657,0
1.398470950690115,0.9009088760241706,-1.179024470547907,-0.5838372654606313,1.6234129815947211,0.9048055324001227,0.06599664927436881,1.4316811360790147,0.001192415045823164,1.035083464046342,2.356599580871432,0.028124246238143545,0.9841231756854657,0
2.923512747736463,0.9009088760241706,0.8491410419312149,-0.5819421802396929,2.4683208668888827,0.9048055324001227,0.06599664927436881,-1.461440576166749,-0.8447331706696268,1.035083464046342,1.3245776382885335,-0.36871640067479566,0.9841231756854657,0
1.7373691278115257,-1.1099901739376037,0.8491410419312149,-0.6973528701948469,1.2854498274770565,0.9048055324001227,0.06599664927436881,-1.461440576166749,0.001192415045823164,1.6084391947673204,2.6146050665171567,1.5559607368529593,-1.0161329645585022,1
3.262410924857874,0.9009088760241706,1.5251962127575889,0.0604285401510907,3.3132287521830444,-1.177851894974348,1.6495816066168083,1.4316811360790147,-1.4993184453303918,1.1497546101905376,1.582583123934258,1.298014316359549,0.9841231756854657,0
1.5679200392508204,-1.1099901739376037,1.5251962127575889,0.06137608276155994,1.7923945586535535,0.21058638994196582,0.38271364074285674,-0.3041918912684436,-0.5661148229935064,0.003043148748581378,1.8405886095799828,-0.686188918205147,-1.0161329645585022,0
2.2457163934936415,0.9009088760241706,-1.179024470547907,-0.5636704002344776,2.4683208668888827,0.9048055324001227,0.06599664927436881,-1.461440576166749,-1.6705176710108995,1.035083464046342,2.356599580871432,0.7424374106814341,0.9841231756854657,0
2.923512747736463,0.9009088760241706,-1.179024470547907,-0.5675711173142426,3.3132287521830444,0.9048055324001227,0.06599664927436881,0.2744324511807092,0.03476089066945202,1.035083464046342,1.3245776382885335,1.714696995618135,0.9841231756854657,0
2.923512747736463,0.9009088760241706,0.8491410419312149,0.07100943263466393,2.637302443947715,0.21058638994196582,-0.5674373336626071,1.4316811360790147,-1.0427871768490378,-0.7996548742607882,1.8405886095799828,1.1988041546313142,-1.0161329645585022,0
2.5846145706150523,0.9009088760241706,1.5251962127575889,-0.5675395325605603,2.4683208668888827,0.9048055324001227,0.06599664927436881,0.2744324511807092,-0.6936750303632967,1.035083464046342,1.3245776382885335,1.5956448015442533,0.9841231756854657,0
1.398470950690115,-1.1099901739376037,0.8491410419312149,0.07912671433101713,1.2854498274770565,-1.177851894974348,-1.121692068732461,1.4316811360790147,2.02537149515065,-1.2583394588375707,2.098594095225707,-0.5869787564769122,0.9841231756854657,0
2.415165482054347,0.9009088760241706,0.17308587110484092,0.07429424701762398,2.4683208668888827,-1.177851894974348,0.06599664927436881,0.853056793629862,-1.1233515183457474,-0.2262991435398101,1.582583123934258,1.5361187045073124,0.9841231756854657,0
1.5679200392508204,0.9009088760241706,-1.179024470547907,0.08449612245700952,1.9613761357123858,-1.177851894974348,-0.7257958293968509,0.853056793629862,0.001192415045823164,-0.9143260204049839,2.6146050665171567,0.3654387961141419,0.9841231756854657,0
2.0762673049329363,0.9009088760241706,-1.179024470547907,0.07533654388914016,2.130357712771218,-0.4836327525161911,-0.5674373336626071,-0.3041918912684436,0.5114332445249834,-0.7996548742607882,1.3245776382885335,-0.6663468858595001,-1.0161329645585022,0
3.77075819053999,-1.1099901739376037,-1.179024470547907,0.07934780760679329,3.9891550604183736,0.21058638994196582,-0.2507203421941191,1.4316811360790147,-0.5661148229935064,-0.570312581972397,2.872610552162881,0.2463866020402601,-1.0161329645585022,0
1.7373691278115257,0.9009088760241706,0.8491410419312149,-0.5251212083652205,1.7923945586535535,0.9048055324001227,0.06599664927436881,-1.461440576166749,-0.811164695045998,0.8057411717579506,2.356599580871432,0.8813316371009629,0.9841231756854657,0
3.77075819053999,-1.1099901739376037,-0.502969299721533,-0.5041173471664855,3.651191906300709,0.9048055324001227,0.06599664927436881,1.4316811360790147,-1.6839450612603513,0.8057411717579506,1.582583123934258,1.0599099282117854,0.9841231756854657,0
2.923512747736463,-1.1099901739376037,0.8491410419312149,-0.02718756656363217,3.144247175124212,-1.177851894974348,-0.7574675285436998,0.853056793629862,-0.707102420612748,-0.9143260204049839,2.872610552162881,1.1392780575943733,-1.0161329645585022,1
3.431860013418579,0.9009088760241706,-1.179024470547907,0.07678944255852632,3.8201734833595413,-1.177851894974348,1.9029551997915988,-0.3041918912684436,-1.173704231781191,1.2644257563347332,1.3245776382885335,0.6233852166075523,0.9841231756854657,0
1.906818216372231,0.9009088760241706,-0.502969299721533,0.08211147355399526,1.7923945586535535,-1.177851894974348,0.4618928886099787,0.853056793629862,-1.0427871768490378,0.1177142948927768,1.582583123934258,1.4170665104334308,-1.0161329645585022,0
1.5679200392508204,-1.1099901739376037,-1.179024470547907,-0.4922256874050965,1.2854498274770565,0.9048055324001227,0.06599664927436881,0.2744324511807092,-0.11965409719924096,0.8057411717579506,2.098594095225707,-0.051243883144444294,0.9841231756854657,0
1.5679200392508204,-1.1099901739376037,-1.179024470547907,0.08179562601717218,1.4544314045358888,-1.177851894974348,3.2331665639592484,1.4316811360790147,-0.11965409719924096,2.411137217776689,2.098594095225707,-0.6266628211682062,0.9841231756854657,0
2.0762673049329363,-1.1099901739376037,-1.179024470547907,0.08031114259410368,1.9613761357123858,-1.177851894974348,1.3328646151483206,0.2744324511807092,-1.0427871768490378,0.8057411717579506,1.582583123934258,0.0479662785837905,0.9841231756854657,0
1.7373691278115257,0.9009088760241706,-0.502969299721533,0.075320751512299,1.7923945586535535,-1.177851894974348,1.1745061194140765,-0.8828162337175963,-1.6705176710108995,0.6910700256137552,1.8405886095799828,0.6630692812988462,0.9841231756854657,0
1.906818216372231,-1.1099901739376037,0.8491410419312149,0.07720004435639634,1.4544314045358888,-1.177851894974348,1.5704023587496865,0.2744324511807092,-1.0427871768490378,1.035083464046342,2.098594095225707,1.5361187045073124,-1.0161329645585022,0
1.7373691278115257,0.9009088760241706,-1.179024470547907,-0.4892725129358007,1.6234129815947211,0.9048055324001227,0.06599664927436881,0.853056793629862,1.7736079279734327,0.6910700256137552,1.582583123934258,-1.4798702120310254,0.9841231756854657,0
2.2457163934936415,-1.1099901739376037,-1.179024470547907,0.07756326902374287,2.2993392898300504,-1.177851894974348,-0.7257958293968509,0.853056793629862,0.5651428055227898,-0.9143260204049839,1.582583123934258,1.238488219322608,-1.0161329645585022,0
1.398470950690115,-1.1099901739376037,1.5251962127575889,-0.0294458764519172,0.9474866733593919,-1.177851894974348,-0.4407505370752119,-1.461440576166749,2.478545916069642,-0.570312581972397,1.582583123934258,0.9011736694466097,-1.0161329645585022,1
3.431860013418579,-1.1099901739376037,0.8491410419312149,-0.4855455120012883,2.9752655980653797,0.9048055324001227,0.06599664927436881,0.2744324511807092,0.001192415045823164,0.6910700256137552,2.872610552162881,-0.26950623894656084,0.9841231756854657,0
2.415165482054347,0.9009088760241706,-0.502969299721533,0.07784753180688365,2.130357712771218,-1.177851894974348,0.1451758971414908,1.4316811360790147,-1.3482603050240614,-0.2262991435398101,1.582583123934258,1.4964346398160184,0.9841231756854657,0
1.398470950690115,-1.1099901739376037,1.5251962127575889,0.08686497898318263,0.9474866733593919,-1.177851894974348,-0.5674373336626071,-1.461440576166749,-1.8752853723150364,-0.7996548742607882,2.6146050665171567,-0.7655570475877348,0.9841231756854657,0
3.262410924857874,0.9009088760241706,-1.179024470547907,-0.46735269388027884,2.4683208668888827,0.9048055324001227,0.06599664927436881,0.2744324511807092,0.9343960373827085,0.6910700256137552,2.6146050665171567,-2.49181386165902,0.9841231756854657,0
3.431860013418579,-1.1099901739376037,1.5251962127575889,0.08089546053722639,3.3132287521830444,-1.177851894974348,-0.09236184645987515,-0.3041918912684436,1.1861596045599256,-0.34097028968400567,2.872610552162881,1.2186461869769611,-1.0161329645585022,0
3.0929618362971683,-1.1099901739376037,-0.502969299721533,0.08211147355399526,3.3132287521830444,-1.177851894974348,-0.2507203421941191,0.853056793629862,-1.2475548781531747,-0.570312581972397,1.8405886095799828,-0.2893482712922078,-1.0161329645585022,0
2.0762673049329363,-1.1099901739376037,-0.502969299721533,0.07855818876473558,1.7923945586535535,-1.177851894974348,0.38271364074285674,-0.3041918912684436,-1.7510820125076092,0.003043148748581378,2.098594095225707,0.5837011519162584,-1.0161329645585022,0
1.5679200392508204,-1.1099901739376037,0.17308587110484092,-0.42872454012681593,1.9613761357123858,0.9048055324001227,0.06599664927436881,0.2744324511807092,-1.0427871768490378,0.5763988794695595,2.6146050665171567,1.754381060309429,-1.0161329645585022,0
1.906818216372231,0.9009088760241706,-1.179024470547907,0.07852660401105328,1.9613761357123858,-1.177851894974348,0.06599664927436881,-0.8828162337175963,-1.623521805137819,-0.2262991435398101,2.356599580871432,1.774223092655076,0.9841231756854657,0
2.0762673049329363,0.9009088760241706,0.8491410419312149,0.07813179459002442,2.2993392898300504,-1.177851894974348,0.3193702424491591,1.4316811360790147,-1.3751150855229646,0.003043148748581378,2.872610552162881,0.14717644031202531,0.9841231756854657,0
1.398470950690115,0.9009088760241706,-0.502969299721533,0.08432240631175683,0.9474866733593919,-1.177851894974348,1.0161476236798326,-1.461440576166749,-1.3751150855229646,0.5763988794695595,2.098594095225707,0.5043330225336705,-1.0161329645585022,0
1.5679200392508204,0.9009088760241706,-1.179024470547907,0.07985316366571021,0.9474866733593919,-1.177851894974348,0.8577891279455886,-0.8828162337175963,1.407711543675877,0.4617277333253637,2.356599580871432,-0.07108591549009124,-1.0161329645585022,0
1.5679200392508204,-1.1099901739376037,-1.179024470547907,-0.4107844000352649,1.4544314045358888,0.9048055324001227,0.06599664927436881,0.853056793629862,-1.3751150855229646,0.5763988794695595,2.356599580871432,1.2186461869769611,-1.0161329645585022,0
1.398470950690115,-1.1099901739376037,-1.179024470547907,-0.3871274195272161,1.1164682504182242,0.9048055324001227,0.06599664927436881,0.2744324511807092,1.6729025011025462,0.4617277333253637,2.098594095225707,0.3654387961141419,0.9841231756854657,0
1.5679200392508204,0.9009088760241706,1.5251962127575889,0.07546288290386939,1.2854498274770565,-1.177851894974348,0.06599664927436881,1.4316811360790147,0.001192415045823164,-0.2262991435398101,1.3245776382885335,0.8813316371009629,-1.0161329645585022,0
1.7373691278115257,-1.1099901739376037,0.8491410419312149,0.07224123802827395,1.6234129815947211,-1.177851894974348,-0.052772222526314166,0.853056793629862,-1.173704231781191,-0.34097028968400567,2.872610552162881,-1.2814498885745558,-1.0161329645585022,0
1.398470950690115,-1.1099901739376037,0.8491410419312149,0.0793793923604756,0.7785050963005594,-1.177851894974348,0.06599664927436881,1.4316811360790147,-0.37813135950118393,-0.2262991435398101,2.098594095225707,-0.190138109563973,0.9841231756854657,0
1.906818216372231,-1.1099901739376037,-1.179024470547907,0.07942676949099906,2.2993392898300504,-1.177851894974348,-0.18737694390042153,-1.461440576166749,-1.0495008719737637,-0.45564143582820127,2.356599580871432,0.028124246238143545,0.9841231756854657,0
3.601309101979284,0.9009088760241706,0.8491410419312149,-0.3952289088467281,3.651191906300709,0.9048055324001227,0.06599664927436881,0.853056793629862,1.0787404825643134,0.4617277333253637,1.582583123934258,1.6551708985811941,-1.0161329645585022,0
1.398470950690115,0.9009088760241706,0.8491410419312149,0.08413289778966297,1.2854498274770565,-1.177851894974348,0.22435514500861276,0.853056793629862,-1.173704231781191,-0.11162799739561437,1.582583123934258,0.40512286080543575,0.9841231756854657,0
1.906818216372231,0.9009088760241706,-1.179024470547907,0.07802124795213634,1.9613761357123858,0.21058638994196582,-0.2507203421941191,1.4316811360790147,0.001192415045823164,-0.570312581972397,1.582583123934258,1.0995939929030794,-1.0161329645585022,0
2.923512747736463,0.9009088760241706,-0.502969299721533,-0.5611278275630518,2.8062840210065474,0.9048055324001227,-0.8366467764108217,1.4316811360790147,-0.03237606057780569,-0.45564143582820127,2.872610552162881,0.028124246238143545,0.9841231756854657,0
1.906818216372231,0.9009088760241706,0.8491410419312149,-0.10902366335449264,1.2854498274770565,0.9048055324001227,-0.8366467764108217,-1.461440576166749,-1.1804179269059165,-0.9143260204049839,2.872610552162881,-0.7060309505507939,0.9841231756854657,0
1.906818216372231,0.9009088760241706,1.5251962127575889,-0.036410314638866154,1.7923945586535535,-1.177851894974348,-0.13195147039343613,-1.461440576166749,0.001192415045823164,-0.34097028968400567,1.8405886095799828,-0.26950623894656084,-1.0161329645585022,1
2.923512747736463,-1.1099901739376037,-1.179024470547907,0.08372229599179297,3.3132287521830444,-1.177851894974348,0.06599664927436881,0.2744324511807092,-0.811164695045998,-0.2262991435398101,1.582583123934258,1.3972244780877838,0.9841231756854657,0
3.431860013418579,-1.1099901739376037,1.5251962127575889,-1.019501565377549,3.651191906300709,0.9048055324001227,-0.8524826259842462,0.2744324511807092,0.001192415045823164,1.4937680486231246,2.098594095225707,0.3455967637684949,-1.0161329645585022,1
2.0762673049329363,-1.1099901739376037,0.8491410419312149,-0.21271640969351036,1.6234129815947211,-1.177851894974348,2.4413740852880284,0.2744324511807092,2.3778404891987543,2.7551506562092767,1.582583123934258,-0.5076106270943244,-1.0161329645585022,1
1.906818216372231,0.9009088760241706,0.8491410419312149,-0.3846480163631549,1.9613761357123858,0.9048055324001227,0.06599664927436881,0.853056793629862,1.7736079279734327,0.4617277333253637,2.356599580871432,-0.7060309505507939,0.9841231756854657,0
2.2457163934936415,0.9009088760241706,-0.502969299721533,0.0802005959562156,2.4683208668888827,-1.177851894974348,1.6495816066168083,-0.8828162337175963,1.092167872813765,1.1497546101905376,1.8405886095799828,0.08765034327508442,-1.0161329645585022,0
2.2457163934936415,0.9009088760241706,0.8491410419312149,0.08064278250776792,1.7923945586535535,-1.177851894974348,0.6994306322113446,-0.8828162337175963,1.9112386780303117,0.23238544103697253,1.8405886095799828,0.10749237562073138,0.9841231756854657,0
1.398470950690115,0.9009088760241706,-1.179024470547907,0.08086387578354408,1.1164682504182242,-1.177851894974348,-0.5674373336626071,1.4316811360790147,0.9343960373827085,-0.7996548742607882,2.356599580871432,-0.011559818453150373,-1.0161329645585022,0
2.415165482054347,-1.1099901739376037,-1.179024470547907,-0.49017267841574647,2.4683208668888827,0.9048055324001227,0.06599664927436881,0.853056793629862,1.676259348664909,0.6910700256137552,1.582583123934258,1.4567505751247247,-1.0161329645585022,1
1.398470950690115,0.9009088760241706,0.8491410419312149,-0.3752673445195093,1.4544314045358888,0.9048055324001227,0.06599664927436881,-1.461440576166749,0.5114332445249834,0.4617277333253637,2.098594095225707,0.32575473142284794,-1.0161329645585022,0
2.2457163934936415,0.9009088760241706,-1.179024470547907,0.08027955784042139,2.637302443947715,-1.177851894974348,1.7762684032042035,-1.461440576166749,0.4040141225293712,1.1497546101905376,1.3245776382885335,-0.6465048535138531,0.9841231756854657,0
2.415165482054347,0.9009088760241706,0.8491410419312149,-0.6762858394887473,2.2993392898300504,0.9048055324001227,-0.8524826259842462,-1.461440576166749,-1.1804179269059165,-0.34097028968400567,1.8405886095799828,-1.7378166325244357,0.9841231756854657,0
1.398470950690115,-1.1099901739376037,-1.179024470547907,0.08040589685515061,1.2854498274770565,-1.177851894974348,2.4413740852880284,0.853056793629862,0.6154955189582334,1.7231103409115156,2.6146050665171567,1.1392780575943733,0.9841231756854657,0
1.5679200392508204,-1.1099901739376037,0.8491410419312149,0.0774211376321725,0.7785050963005594,-1.177851894974348,2.4413740852880284,0.2744324511807092,-0.41841353024953903,1.7231103409115156,1.582583123934258,0.5837011519162584,-1.0161329645585022,0
2.415165482054347,0.9009088760241706,-0.502969299721533,0.07442058603235321,2.8062840210065474,-1.177851894974348,-1.0702255576188315,0.2744324511807092,-0.45869570099789353,-1.2583394588375707,2.872610552162881,1.0797519605574324,0.9841231756854657,0
2.0762673049329363,0.9009088760241706,-1.179024470547907,0.08170087175612525,2.4683208668888827,-1.177851894974348,0.6994306322113446,-0.8828162337175963,-0.34120603631519225,0.23238544103697253,2.098594095225707,-3.126758896719723,0.9841231756854657,0
2.415165482054347,0.9009088760241706,0.17308587110484092,-0.4493020071508397,2.637302443947715,0.9048055324001227,-0.8524826259842462,0.853056793629862,0.7866947446387411,-0.6849837281165926,2.872610552162881,-0.32903233598350173,0.9841231756854657,0
1.5679200392508204,0.9009088760241706,0.8491410419312149,-0.43387285497703215,0.9474866733593919,0.9048055324001227,-0.8524826259842462,1.4316811360790147,0.8336906105118219,-0.6849837281165926,2.098594095225707,-0.46792656240303043,-1.0161329645585022,0
1.5679200392508204,0.9009088760241706,0.8491410419312149,-0.3337018086735918,1.7923945586535535,0.9048055324001227,-0.8524826259842462,0.853056793629862,-0.1397951825734185,-0.7996548742607882,2.098594095225707,-0.7258729828964409,0.9841231756854657,0
2.2457163934936415,0.9009088760241706,-0.502969299721533,0.09166586154289348,1.6234129815947211,-1.177851894974348,0.38271364074285674,0.853056793629862,-1.4724636648314886,0.003043148748581378,1.3245776382885335,0.4844909901880236,-1.0161329645585022,0
2.415165482054347,-1.1099901739376037,-1.179024470547907,-0.2844453853060322,2.4683208668888827,0.9048055324001227,-0.8524826259842462,0.853056793629862,-1.1804179269059165,-0.7996548742607882,1.3245776382885335,0.9408577341379036,0.9841231756854657,0
2.2457163934936415,-1.1099901739376037,-1.179024470547907,-0.2051044840560741,2.130357712771218,0.9048055324001227,-0.8524826259842462,-0.3041918912684436,0.5651428055227898,-0.9143260204049839,2.6146050665171567,0.801963507718375,0.9841231756854657,0
1.5679200392508204,0.9009088760241706,-1.179024470547907,0.1006675163423513,1.9613761357123858,-1.177851894974348,0.25602684415546156,-1.461440576166749,0.4745079213389917,-0.11162799739561437,1.3245776382885335,0.46464895784237664,-1.0161329645585022,0
2.754063659175758,0.9009088760241706,0.8491410419312149,-0.16772392807306236,2.9752655980653797,0.9048055324001227,-0.8524826259842462,0.2744324511807092,0.001192415045823164,-0.9143260204049839,1.8405886095799828,0.4249648931510827,0.9841231756854657,0
2.754063659175758,0.9009088760241706,-0.502969299721533,0.10283107196958942,2.637302443947715,-1.177851894974348,-0.09236184645987515,-0.8828162337175963,0.001192415045823164,-0.45564143582820127,1.3245776382885335,-1.0631875327724392,0.9841231756854657,0
2.2457163934936415,-1.1099901739376037,-0.502969299721533,0.10447347916106944,2.130357712771218,-1.177851894974348,0.38271364074285674,-1.461440576166749,0.001192415045823164,0.003043148748581378,2.356599580871432,0.12733440796637835,0.9841231756854657,0
2.0762673049329363,0.9009088760241706,-0.502969299721533,0.09454007412798351,1.6234129815947211,-1.177851894974348,-0.4090788379283631,-0.8828162337175963,1.4681347997984098,-0.6849837281165926,1.582583123934258,-0.9441353386985575,0.9841231756854657,0
1.398470950690115,-1.1099901739376037,-1.179024470547907,-0.016701428341105856,1.1164682504182242,-1.177851894974348,0.06599664927436881,-0.8828162337175963,1.6594751108530943,-0.11162799739561437,2.098594095225707,0.6630692812988462,-1.0161329645585022,1
1.398470950690115,0.9009088760241706,0.8491410419312149,-1.0171169164745348,1.2854498274770565,0.9048055324001227,-0.8841543251310949,0.2744324511807092,-0.12972463988633004,1.379096902478929,1.3245776382885335,0.6035431842619053,-1.0161329645585022,1
2.2457163934936415,0.9009088760241706,0.8491410419312149,-0.4618885314932395,2.4683208668888827,0.9048055324001227,0.06599664927436881,0.2744324511807092,1.8273174889712391,0.6910700256137552,2.872610552162881,1.1591200899400202,-1.0161329645585022,1
1.398470950690115,0.9009088760241706,0.8491410419312149,0.11780224521500349,1.2854498274770565,-1.177851894974348,0.5410721364771007,-0.3041918912684436,0.001192415045823164,0.1177142948927768,1.8405886095799828,0.7622794430270811,-1.0161329645585022,0
2.2457163934936415,0.9009088760241706,0.8491410419312149,-0.3436510060835189,2.4683208668888827,0.9048055324001227,0.06599664927436881,-1.461440576166749,-0.08944246913797492,0.3470565871811683,2.6146050665171567,0.9210157017922567,0.9841231756854657,0
2.2457163934936415,-1.1099901739376037,-0.502969299721533,0.11854448692653773,2.2993392898300504,0.21058638994196582,0.06599664927436881,-0.3041918912684436,0.8336906105118219,-0.34097028968400567,1.3245776382885335,0.4448069254967297,0.9841231756854657,0
2.415165482054347,0.9009088760241706,0.8491410419312149,0.11717055014135733,2.4683208668888827,-1.177851894974348,-0.18737694390042153,-0.3041918912684436,-1.4724636648314886,-0.45564143582820127,1.3245776382885335,0.9805417988291976,0.9841231756854657,0
1.7373691278115257,-1.1099901739376037,-1.179024470547907,0.1221293564694797,1.2854498274770565,-1.177851894974348,0.8577891279455886,-0.8828162337175963,0.8336906105118219,0.3470565871811683,2.872610552162881,0.9606997664835506,-1.0161329645585022,0
3.601309101979284,0.9009088760241706,0.8491410419312149,0.12249258113682625,3.9891550604183736,-1.177851894974348,0.8300763911920959,1.4316811360790147,-1.6705176710108995,0.3470565871811683,1.582583123934258,1.3972244780877838,-1.0161329645585022,0
2.923512747736463,-1.1099901739376037,1.5251962127575889,-0.3341597876019853,3.4822103292418767,0.9048055324001227,0.06599664927436881,-1.461440576166749,0.2865244578466693,0.3470565871811683,2.6146050665171567,1.1789621222856672,-1.0161329645585022,0
1.906818216372231,0.9009088760241706,0.8491410419312149,-0.33940285671324844,1.7923945586535535,0.9048055324001227,0.06599664927436881,1.4316811360790147,0.7430557263280237,0.3470565871811683,2.6146050665171567,-2.4322877646220795,0.9841231756854657,0
1.398470950690115,-1.1099901739376037,0.8491410419312149,0.11229070569744071,1.2854498274770565,-1.177851894974348,-0.963333572998217,0.2744324511807092,-1.3482603050240614,-1.143668312693375,1.8405886095799828,0.32575473142284794,0.9841231756854657,0
1.5679200392508204,-1.1099901739376037,1.5251962127575889,0.11706000350346925,1.1164682504182242,-1.177851894974348,-0.6307807319563046,1.4316811360790147,-1.8752853723150364,-0.9143260204049839,2.356599580871432,1.4964346398160184,-1.0161329645585022,0
2.5846145706150523,0.9009088760241706,0.17308587110484092,0.11663360932875809,1.9613761357123858,-1.177851894974348,-0.7178779046101388,-1.461440576166749,-1.3482603050240614,-0.9143260204049839,2.6146050665171567,1.4567505751247247,0.9841231756854657,0
1.398470950690115,0.9009088760241706,0.8491410419312149,-0.33248579565682296,0.7785050963005594,0.9048055324001227,0.06599664927436881,-1.461440576166749,0.8739727812601764,0.3470565871811683,2.356599580871432,-1.0631875327724392,0.9841231756854657,0
2.2457163934936415,-1.1099901739376037,-1.179024470547907,-0.43617854199584066,2.4683208668888827,0.9048055324001227,0.06599664927436881,1.4316811360790147,1.5486991412951188,0.5763988794695595,1.582583123934258,1.1591200899400202,-1.0161329645585022,1
1.906818216372231,0.9009088760241706,-1.179024470547907,0.0013018812578098021,1.6234129815947211,-1.177851894974348,-1.2008713165995828,-0.3041918912684436,2.478545916069642,-1.2583394588375707,1.582583123934258,1.0797519605574324,-1.0161329645585022,1
1.7373691278115257,-1.1099901739376037,0.8491410419312149,-0.4347888128338191,1.7923945586535535,0.9048055324001227,0.06599664927436881,0.2744324511807092,1.9750187817152072,0.5763988794695595,1.582583123934258,1.3972244780877838,-1.0161329645585022,1
1.5679200392508204,0.9009088760241706,0.8491410419312149,-0.3105501842244599,1.2854498274770565,0.9048055324001227,0.06599664927436881,0.2744324511807092,-1.1233515183457474,0.3470565871811683,2.098594095225707,0.9805417988291976,-1.0161329645585022,0
1.7373691278115257,0.9009088760241706,-1.179024470547907,-0.17934711742815176,2.4683208668888827,-1.177851894974348,-0.5516014840891826,0.2744324511807092,1.2700807936189982,-0.570312581972397,2.098594095225707,1.35754041339649,-1.0161329645585022,1
1.7373691278115257,-1.1099901739376037,-1.179024470547907,0.11694945686558117,1.6234129815947211,-1.177851894974348,-0.5674373336626071,-1.461440576166749,-1.6839450612603513,-0.7996548742607882,1.3245776382885335,0.46464895784237664,-1.0161329645585022,0
1.398470950690115,-1.1099901739376037,-0.502969299721533,0.12227148786105009,1.2854498274770565,-1.177851894974348,-0.2507203421941191,-0.8828162337175963,-1.371758237960602,-0.570312581972397,1.582583123934258,-0.190138109563973,0.9841231756854657,0
1.7373691278115257,0.9009088760241706,-1.179024470547907,-0.29772677422944277,2.2993392898300504,0.9048055324001227,0.06599664927436881,0.853056793629862,0.001192415045823164,0.23238544103697253,1.8405886095799828,-0.9639773710442044,-1.0161329645585022,0
1.906818216372231,0.9009088760241706,0.17308587110484092,0.1155597277035596,1.7923945586535535,-1.177851894974348,0.8577891279455886,-1.461440576166749,0.2865244578466693,0.3470565871811683,2.356599580871432,0.6432272489531993,-1.0161329645585022,0
1.5679200392508204,-1.1099901739376037,-1.179024470547907,0.0024389323903728963,2.130357712771218,-1.177851894974348,2.4413740852880284,-0.8828162337175963,0.2865244578466693,1.952452633199907,1.8405886095799828,-0.4282424977117365,-1.0161329645585022,1
3.77075819053999,-1.1099901739376037,-0.502969299721533,0.11274868462583418,3.4822103292418767,-1.177851894974348,-0.2507203421941191,0.2744324511807092,0.16232109803924238,-0.570312581972397,2.098594095225707,2.0321695131484865,0.9841231756854657,0
1.398470950690115,0.9009088760241706,-1.179024470547907,0.12039219501695275,1.1164682504182242,-1.177851894974348,-1.121692068732461,1.4316811360790147,-1.173704231781191,-1.2583394588375707,2.098594095225707,-0.8449251769703227,0.9841231756854657,0
3.431860013418579,0.9009088760241706,-0.502969299721533,-0.2961633289221685,3.4822103292418767,0.9048055324001227,0.06599664927436881,-0.3041918912684436,-0.46205254856025635,0.23238544103697253,2.098594095225707,0.9210157017922567,-1.0161329645585022,0
2.415165482054347,-1.1099901739376037,0.8491410419312149,0.1151491259056896,1.7923945586535535,-1.177851894974348,0.06599664927436881,-1.461440576166749,-1.2979075915886182,-0.34097028968400567,1.8405886095799828,-0.8846092416616166,0.9841231756854657,0
1.398470950690115,-1.1099901739376037,-1.179024470547907,0.11764432144659194,0.9474866733593919,0.21058638994196582,-0.5674373336626071,1.4316811360790147,0.11868207972852446,-0.7996548742607882,2.872610552162881,0.286070666731554,0.9841231756854657,0
1.906818216372231,-1.1099901739376037,-0.502969299721533,-0.18526925874358455,1.7923945586535535,-1.177851894974348,-0.2507203421941191,0.2744324511807092,1.6997572816014495,-0.2262991435398101,2.098594095225707,1.0202258635204915,-1.0161329645585022,1
2.0762673049329363,-1.1099901739376037,-1.179024470547907,0.11410682903417343,1.7923945586535535,-1.177851894974348,0.7786098800784667,-1.461440576166749,-1.0495008719737637,0.3470565871811683,1.582583123934258,1.258330251668255,0.9841231756854657,0
3.601309101979284,-1.1099901739376037,-1.179024470547907,-0.18443226277100339,3.9891550604183736,-1.177851894974348,0.8577891279455886,0.2744324511807092,0.001192415045823164,0.9204123179021463,1.8405886095799828,-1.12271362980938,-1.0161329645585022,1
1.5679200392508204,0.9009088760241706,1.5251962127575889,-0.279091769556881,1.1164682504182242,0.9048055324001227,0.06599664927436881,0.853056793629862,0.5651428055227898,0.23238544103697253,2.356599580871432,-0.8647672093159696,0.9841231756854657,0
3.431860013418579,0.9009088760241706,0.17308587110484092,0.11661781695191693,3.3132287521830444,-1.177851894974348,-0.4090788379283631,-0.3041918912684436,1.327147202179168,-0.6849837281165926,2.872610552162881,1.9924854484571926,0.9841231756854657,0
2.5846145706150523,-1.1099901739376037,1.5251962127575889,0.11451743083204344,3.144247175124212,-1.177851894974348,0.06599664927436881,0.2744324511807092,0.001192415045823164,-0.34097028968400567,1.3245776382885335,2.190905771913662,0.9841231756854657,0
1.5679200392508204,0.9009088760241706,-0.502969299721533,0.12290318293469625,2.130357712771218,-1.177851894974348,-1.2642147148932805,-0.8828162337175963,0.9780350556934264,-1.3730106049817663,2.6146050665171567,1.4170665104334308,0.9841231756854657,0
1.7373691278115257,0.9009088760241706,0.8491410419312149,0.11829180889707926,1.4544314045358888,-1.177851894974348,-0.2507203421941191,0.853056793629862,0.4040141225293712,-0.570312581972397,2.098594095225707,0.3654387961141419,-1.0161329645585022,0
1.5679200392508204,0.9009088760241706,-1.179024470547907,-0.2657630035029469,2.130357712771218,0.9048055324001227,0.06599664927436881,-0.3041918912684436,0.23617174441122635,0.23238544103697253,2.098594095225707,0.9805417988291976,0.9841231756854657,0
1.7373691278115257,0.9009088760241706,-0.502969299721533,0.11882874970967851,1.7923945586535535,-1.177851894974348,-0.7257958293968509,-0.3041918912684436,0.6423502994571366,-0.9143260204049839,2.6146050665171567,1.3773824457421369,-1.0161329645585022,0
2.754063659175758,-1.1099901739376037,-0.502969299721533,0.11620721515404692,2.637302443947715,-1.177851894974348,-0.8524826259842462,1.4316811360790147,1.0619562447524988,-1.0289971665491795,2.098594095225707,-0.8647672093159696,0.9841231756854657,0
2.754063659175758,0.9009088760241706,0.17308587110484092,-0.22310779365498976,2.4683208668888827,0.9048055324001227,0.06599664927436881,-1.461440576166749,0.001192415045823164,0.1177142948927768,1.3245776382885335,0.4249648931510827,0.9841231756854657,0
2.2457163934936415,0.9009088760241706,0.17308587110484092,-0.22590304435587402,2.9752655980653797,0.9048055324001227,0.06599664927436881,0.2744324511807092,0.7464125738903866,0.1177142948927768,2.872610552162881,-0.6465048535138531,0.9841231756854657,0
2.5846145706150523,-1.1099901739376037,0.8491410419312149,0.13694260594648225,2.637302443947715,-1.177851894974348,1.6495816066168083,-0.3041918912684436,0.6154955189582334,1.035083464046342,1.582583123934258,1.4567505751247247,-1.0161329645585022,0
1.5679200392508204,0.9009088760241706,-0.502969299721533,0.13435265614453296,1.7923945586535535,-1.177851894974348,2.12465709381954,-0.8828162337175963,0.19253272610050842,1.379096902478929,2.872610552162881,1.5162766721616654,0.9841231756854657,0
1.398470950690115,0.9009088760241706,-0.502969299721533,-0.2049623526645037,1.6234129815947211,0.9048055324001227,0.06599664927436881,0.2744324511807092,0.8269769153870962,0.1177142948927768,1.8405886095799828,-0.15045404487267908,-1.0161329645585022,0
1.5679200392508204,0.9009088760241706,-1.179024470547907,0.1423909759566804,2.130357712771218,-1.177851894974348,-0.7257958293968509,-1.461440576166749,-1.6839450612603513,-0.9143260204049839,2.356599580871432,0.6829113136444932,0.9841231756854657,0
1.906818216372231,-1.1099901739376037,-0.502969299721533,-0.199561359784829,1.7923945586535535,0.9048055324001227,0.06599664927436881,1.4316811360790147,-0.005521280078902488,0.1177142948927768,1.8405886095799828,1.6750129309268411,-1.0161329645585022,0
3.431860013418579,0.9009088760241706,-0.502969299721533,0.14095386966413537,2.9752655980653797,-1.177851894974348,0.06599664927436881,1.4316811360790147,-1.2475548781531747,-0.34097028968400567,1.582583123934258,-1.0235034680811452,0.9841231756854657,0
1.906818216372231,0.9009088760241706,0.8491410419312149,0.13296292698251141,2.130357712771218,-1.177851894974348,0.06599664927436881,1.4316811360790147,-1.173704231781191,-0.34097028968400567,2.098594095225707,0.20670253734896618,0.9841231756854657,0
2.415165482054347,-1.1099901739376037,0.8491410419312149,-0.19444462968829507,2.8062840210065474,0.9048055324001227,0.06599664927436881,-0.8828162337175963,0.9343960373827085,0.1177142948927768,1.8405886095799828,1.0995939929030794,0.9841231756854657,0
1.906818216372231,-1.1099901739376037,0.8491410419312149,-0.17659924385779097,2.130357712771218,0.9048055324001227,0.06599664927436881,-1.461440576166749,0.6893461653302174,0.1177142948927768,1.3245776382885335,-0.011559818453150373,0.9841231756854657,0
2.2457163934936415,-1.1099901739376037,1.5251962127575889,-0.17860487571661754,1.9613761357123858,0.9048055324001227,0.06599664927436881,1.4316811360790147,-0.34120603631519225,0.1177142948927768,2.872610552162881,0.8813316371009629,-1.0161329645585022,0
2.754063659175758,-1.1099901739376037,-1.179024470547907,0.14783934596687856,3.4822103292418767,0.21058638994196582,1.6495816066168083,1.4316811360790147,0.3939435798422821,0.9204123179021463,2.872610552162881,2.091695610185427,-1.0161329645585022,0
1.5679200392508204,0.9009088760241706,1.5251962127575889,-0.1473517619479736,1.6234129815947211,0.9048055324001227,0.06599664927436881,-1.461440576166749,0.001192415045823164,0.003043148748581378,1.582583123934258,1.3773824457421369,-1.0161329645585022,0
2.5846145706150523,0.9009088760241706,-1.179024470547907,0.14968705405729357,1.9613761357123858,-1.177851894974348,0.22435514500861276,0.2744324511807092,-0.3680608168140954,-0.2262991435398101,2.356599580871432,-0.7853990799333818,0.9841231756854657,0
1.5679200392508204,0.9009088760241706,-1.179024470547907,0.15516700882117404,1.4544314045358888,-1.177851894974348,0.38271364074285674,-0.8828162337175963,-1.173704231781191,-0.11162799739561437,2.872610552162881,0.3654387961141419,0.9841231756854657,0
1.5679200392508204,-1.1099901739376037,-1.179024470547907,-0.11290858805741653,0.7785050963005594,0.9048055324001227,0.06599664927436881,0.2744324511807092,0.001192415045823164,0.003043148748581378,1.582583123934258,0.7225953783357871,0.9841231756854657,0
3.0929618362971683,-1.1099901739376037,-0.502969299721533,-0.22260243759607282,3.144247175124212,0.9048055324001227,0.06599664927436881,0.853056793629862,0.23617174441122635,0.1177142948927768,2.356599580871432,1.298014316359549,-1.0161329645585022,1
1.398470950690115,0.9009088760241706,-1.179024470547907,0.15853078508833987,0.9474866733593919,-1.177851894974348,1.3328646151483206,-0.3041918912684436,0.001192415045823164,0.6910700256137552,1.582583123934258,0.5440170872249644,0.9841231756854657,0
3.0929618362971683,0.9009088760241706,-1.179024470547907,0.15638302183794292,2.8062840210065474,-1.177851894974348,1.6495816066168083,1.4316811360790147,0.561785957960427,0.9204123179021463,2.6146050665171567,-0.6068207888225592,0.9841231756854657,0
3.77075819053999,0.9009088760241706,-1.179024470547907,-0.10787081984508838,4.327118214536038,0.9048055324001227,0.06599664927436881,1.4316811360790147,0.8336906105118219,0.003043148748581378,1.582583123934258,1.9329593514202517,0.9841231756854657,0
1.398470950690115,-1.1099901739376037,0.8491410419312149,0.1563514370842606,1.2854498274770565,-1.177851894974348,-1.2800505644667048,-0.8828162337175963,-0.12972463988633004,-1.3730106049817663,2.6146050665171567,-1.4401861473397315,0.9841231756854657,0
1.5679200392508204,-1.1099901739376037,0.8491410419312149,-0.10989224408075611,1.6234129815947211,0.9048055324001227,0.06599664927436881,-0.3041918912684436,-1.173704231781191,0.003043148748581378,1.3245776382885335,0.08765034327508442,0.9841231756854657,0
2.415165482054347,-1.1099901739376037,0.8491410419312149,0.16033111604823144,1.9613761357123858,-1.177851894974348,1.0161476236798326,0.853056793629862,0.5785701957722418,0.4617277333253637,2.6146050665171567,0.9011736694466097,0.9841231756854657,0
2.415165482054347,0.9009088760241706,0.8491410419312149,0.15535651734326789,2.2993392898300504,-1.177851894974348,-0.6782882806765778,-1.461440576166749,-0.8816584938556186,-0.9143260204049839,1.582583123934258,-0.9044512740072636,0.9841231756854657,0
2.0762673049329363,0.9009088760241706,1.5251962127575889,0.1499871092172755,1.7923945586535535,-1.177851894974348,-0.38928402596158257,1.4316811360790147,-1.4724636648314886,-0.6849837281165926,2.098594095225707,-0.7060309505507939,0.9841231756854657,0
1.7373691278115257,0.9009088760241706,0.8491410419312149,0.15898876401673334,1.4544314045358888,-1.177851894974348,1.3328646151483206,0.853056793629862,1.1223795008750308,0.6910700256137552,2.356599580871432,0.5837011519162584,0.9841231756854657,0
2.0762673049329363,0.9009088760241706,-1.179024470547907,-0.10834459115032301,2.130357712771218,0.9048055324001227,0.06599664927436881,-0.3041918912684436,1.6594751108530943,0.003043148748581378,2.098594095225707,1.1988041546313142,0.9841231756854657,0
2.5846145706150523,0.9009088760241706,0.8491410419312149,0.046389117139304714,2.8062840210065474,-1.177851894974348,0.0026532509806712224,1.4316811360790147,0.8336906105118219,-0.2262991435398101,2.6146050665171567,0.18686050500331922,-1.0161329645585022,1
3.77075819053999,0.9009088760241706,0.8491410419312149,0.15876767074095718,3.4822103292418767,-1.177851894974348,-0.4090788379283631,1.4316811360790147,-1.1804179269059165,-0.6849837281165926,2.098594095225707,-0.09092794783573821,-1.0161329645585022,0
1.398470950690115,-1.1099901739376037,-1.179024470547907,0.05422213605251714,0.7785050963005594,-1.177851894974348,-0.4090788379283631,-0.8828162337175963,0.830333762949459,-0.6849837281165926,1.3245776382885335,-1.7973427295613766,-1.0161329645585022,1
1.5679200392508204,-1.1099901739376037,-1.179024470547907,0.1640581169827438,1.1164682504182242,0.21058638994196582,-0.3298995900612411,1.4316811360790147,-1.328119219649884,-0.6849837281165926,1.3245776382885335,0.06780831092943747,0.9841231756854657,0
3.0929618362971683,0.9009088760241706,-1.179024470547907,0.1687642452814077,3.144247175124212,-1.177851894974348,0.1451758971414908,1.4316811360790147,0.3637319517810161,-0.2262991435398101,1.8405886095799828,0.14717644031202531,-1.0161329645585022,0
3.0929618362971683,0.9009088760241706,0.8491410419312149,-0.10032206371501673,3.3132287521830444,0.9048055324001227,0.06599664927436881,0.853056793629862,-0.6936750303632967,0.003043148748581378,2.872610552162881,0.9606997664835506,0.9841231756854657,0
2.754063659175758,0.9009088760241706,-0.502969299721533,-0.08893576001254463,3.144247175124212,0.9048055324001227,0.06599664927436881,0.853056793629862,1.6628319584154578,-0.11162799739561437,2.356599580871432,0.4844909901880236,0.9841231756854657,0
1.398470950690115,-1.1099901739376037,-1.179024470547907,0.1735177507105951,0.6095235192417271,-1.177851894974348,2.2830155895537843,0.853056793629862,-1.173704231781191,1.379096902478929,1.8405886095799828,0.18686050500331922,0.9841231756854657,0
2.923512747736463,-1.1099901739376037,0.17308587110484092,0.17364408972532433,2.2993392898300504,-1.177851894974348,0.06599664927436881,0.2744324511807092,1.0955247203761276,-0.34097028968400567,2.872610552162881,1.1988041546313142,-1.0161329645585022,0
1.5679200392508204,0.9009088760241706,0.8491410419312149,-0.5018432449013593,1.4544314045358888,0.9048055324001227,-0.8841543251310949,-0.8828162337175963,1.223084927745918,-0.6849837281165926,2.356599580871432,-3.2259690584479577,-1.0161329645585022,1
2.0762673049329363,-1.1099901739376037,0.8491410419312149,0.1750022341336636,1.6234129815947211,-1.177851894974348,0.06599664927436881,1.4316811360790147,-1.4724636648314886,-0.34097028968400567,2.872610552162881,1.4567505751247247,0.9841231756854657,0
2.754063659175758,0.9009088760241706,-1.179024470547907,0.1773710906598367,2.637302443947715,-1.177851894974348,-0.5674373336626071,-0.8828162337175963,-0.707102420612748,-0.7996548742607882,1.3245776382885335,-0.46792656240303043,0.9841231756854657,0
1.7373691278115257,0.9009088760241706,-1.179024470547907,0.1737546363632124,1.1164682504182242,-1.177851894974348,-0.07652599688645076,1.4316811360790147,-1.6705176710108995,-0.45564143582820127,1.8405886095799828,0.38528082845978884,-1.0161329645585022,0
2.415165482054347,0.9009088760241706,0.17308587110484092,-0.0698269840347482,2.130357712771218,0.9048055324001227,0.06599664927436881,1.4316811360790147,-0.8447331706696268,-0.11162799739561437,2.098594095225707,-2.49181386165902,0.9841231756854657,0
2.923512747736463,-1.1099901739376037,0.8491410419312149,-0.06581572031709505,2.8062840210065474,0.9048055324001227,0.06599664927436881,-1.461440576166749,-0.2069321338206762,-0.11162799739561437,1.3245776382885335,-2.610866055732902,0.9841231756854657,0
1.5679200392508204,0.9009088760241706,-1.179024470547907,0.17612349288938553,1.1164682504182242,-1.177851894974348,-0.5674373336626071,0.2744324511807092,-1.6705176710108995,-0.7996548742607882,1.3245776382885335,1.1392780575943733,0.9841231756854657,0
3.0929618362971683,0.9009088760241706,0.8491410419312149,-0.04945481790965943,2.4683208668888827,0.9048055324001227,0.06599664927436881,-0.3041918912684436,-0.16664996307232172,-0.11162799739561437,1.3245776382885335,0.4448069254967297,0.9841231756854657,0
1.906818216372231,0.9009088760241706,-0.502969299721533,0.17181217401175045,1.9613761357123858,-1.177851894974348,-0.5674373336626071,0.2744324511807092,0.001192415045823164,-0.7996548742607882,2.356599580871432,0.38528082845978884,0.9841231756854657,0
3.262410924857874,0.9009088760241706,0.8491410419312149,-0.027566583607819866,3.3132287521830444,0.9048055324001227,0.06599664927436881,-0.8828162337175963,0.001192415045823164,-0.11162799739561437,2.098594095225707,0.14717644031202531,0.9841231756854657,0
1.398470950690115,0.9009088760241706,1.5251962127575889,-0.025481989864787526,0.9474866733593919,0.9048055324001227,0.06599664927436881,-0.3041918912684436,0.001192415045823164,-0.11162799739561437,2.098594095225707,-0.011559818453150373,0.9841231756854657,0
1.7373691278115257,0.9009088760241706,-1.179024470547907,0.1754444206852159,1.7923945586535535,-1.177851894974348,2.4413740852880284,-0.3041918912684436,-0.1397951825734185,1.4937680486231246,2.6146050665171567,0.5241750548793175,0.9841231756854657,0
2.754063659175758,0.9009088760241706,-1.179024470547907,-0.12830615547754176,2.8062840210065474,0.9048055324001227,0.06599664927436881,-0.8828162337175963,1.5486991412951188,0.003043148748581378,1.8405886095799828,1.1591200899400202,-1.0161329645585022,1
1.398470950690115,0.9009088760241706,-1.179024470547907,0.1740704839000355,1.4544314045358888,-1.177851894974348,0.06599664927436881,0.2744324511807092,-1.3482603050240614,-0.34097028968400567,1.8405886095799828,0.305912699077201,-1.0161329645585022,0
1.5679200392508204,0.9009088760241706,-1.179024470547907,-0.013021804537116953,1.6234129815947211,0.9048055324001227,0.06599664927436881,-1.461440576166749,-1.8752853723150364,-0.11162799739561437,2.098594095225707,0.4448069254967297,-1.0161329645585022,0
2.2457163934936415,0.9009088760241706,-1.179024470547907,0.17539704355469243,2.8062840210065474,-1.177851894974348,-0.646616581529729,-0.8828162337175963,0.6255660616453219,-0.9143260204049839,2.6146050665171567,0.008282213892496587,-1.0161329645585022,0
2.2457163934936415,0.9009088760241706,-1.179024470547907,-0.013685084364445424,2.130357712771218,0.9048055324001227,0.06599664927436881,-0.8828162337175963,0.001192415045823164,-0.11162799739561437,2.356599580871432,-0.7655570475877348,-1.0161329645585022,0
2.415165482054347,-1.1099901739376037,0.8491410419312149,0.1731703184200897,2.2993392898300504,-1.177851894974348,0.0026532509806712224,-0.8828162337175963,0.3301634761573873,-0.34097028968400567,1.3245776382885335,1.1988041546313142,0.9841231756854657,0
1.398470950690115,-1.1099901739376037,0.8491410419312149,-0.0010353905146810024,0.9474866733593919,0.9048055324001227,0.06599664927436881,-0.8828162337175963,-1.4724636648314886,-0.11162799739561437,1.582583123934258,-0.8250831446246757,0.9841231756854657,0
1.5679200392508204,-1.1099901739376037,-0.502969299721533,-0.10537562430418604,1.7923945586535535,0.9048055324001227,0.06599664927436881,1.4316811360790147,1.6729025011025462,0.003043148748581378,2.098594095225707,-0.011559818453150373,-1.0161329645585022,1
2.5846145706150523,0.9009088760241706,-1.179024470547907,-0.11222951585324692,2.4683208668888827,0.9048055324001227,0.06599664927436881,-0.8828162337175963,0.7497694214527494,0.003043148748581378,2.356599580871432,0.782121475372728,-1.0161329645585022,1
1.398470950690115,-1.1099901739376037,0.8491410419312149,0.01992109355353047,1.6234129815947211,0.9048055324001227,0.06599664927436881,0.853056793629862,1.676259348664909,-0.2262991435398101,2.098594095225707,-0.26950623894656084,-1.0161329645585022,0
2.754063659175758,0.9009088760241706,0.8491410419312149,0.024879899881652852,2.637302443947715,0.9048055324001227,0.06599664927436881,0.2744324511807092,0.8336906105118219,-0.2262991435398101,1.582583123934258,0.821805540064022,0.9841231756854657,0
2.754063659175758,-1.1099901739376037,-0.502969299721533,-0.08873045911360963,3.3132287521830444,0.9048055324001227,0.06599664927436881,-1.461440576166749,1.0418151593783211,-0.11162799739561437,1.582583123934258,1.734539027963782,-1.0161329645585022,1
2.754063659175758,-1.1099901739376037,0.8491410419312149,0.02298481466071436,2.8062840210065474,0.9048055324001227,0.06599664927436881,-1.461440576166749,0.2193875065994116,-0.2262991435398101,2.356599580871432,1.8139071573463699,-1.0161329645585022,0
1.398470950690115,-1.1099901739376037,-0.502969299721533,-0.13664453044967112,1.4544314045358888,-1.177851894974348,0.06599664927436881,0.2744324511807092,0.001192415045823164,0.003043148748581378,2.356599580871432,0.6630692812988462,-1.0161329645585022,1
2.754063659175758,-1.1099901739376037,0.8491410419312149,-0.06385746558879195,2.2993392898300504,0.9048055324001227,0.06599664927436881,-0.3041918912684436,1.9515208487786668,-0.11162799739561437,2.356599580871432,0.10749237562073138,-1.0161329645585022,1
3.601309101979284,0.9009088760241706,1.5251962127575889,0.05927569664168645,3.144247175124212,0.9048055324001227,0.06599664927436881,1.4316811360790147,0.830333762949459,-0.2262991435398101,2.6146050665171567,0.008282213892496587,0.9841231756854657,0
2.415165482054347,-1.1099901739376037,0.8491410419312149,0.06421871059296767,2.2993392898300504,0.9048055324001227,0.06599664927436881,-0.3041918912684436,-1.1804179269059165,-0.2262991435398101,1.8405886095799828,0.20670253734896618,-1.0161329645585022,0
1.398470950690115,-1.1099901739376037,-1.179024470547907,-0.0329201993569711,0.7785050963005594,0.9048055324001227,0.06599664927436881,-0.8828162337175963,1.4345663241747801,-0.11162799739561437,1.582583123934258,0.08765034327508442,-1.0161329645585022,1
2.0762673049329363,-1.1099901739376037,0.8491410419312149,0.17967677767864518,2.2993392898300504,-1.177851894974348,-0.3298995900612411,-0.8828162337175963,0.4107278176540969,-0.6849837281165926,2.6146050665171567,0.5837011519162584,-1.0161329645585022,0
1.7373691278115257,-1.1099901739376037,0.17308587110484092,-0.20652579797177795,1.9613761357123858,0.9048055324001227,0.06599664927436881,0.2744324511807092,1.451350561986595,0.1177142948927768,2.356599580871432,1.9131173190746047,-1.0161329645585022,1
2.2457163934936415,-1.1099901739376037,-1.179024470547907,0.07239916179668549,1.7923945586535535,0.9048055324001227,0.06599664927436881,-0.3041918912684436,-1.0495008719737637,-0.2262991435398101,1.8405886095799828,0.32575473142284794,0.9841231756854657,0
3.0929618362971683,-1.1099901739376037,-1.179024470547907,0.08231677445293026,2.9752655980653797,0.9048055324001227,0.06599664927436881,0.2744324511807092,-0.811164695045998,-0.2262991435398101,2.098594095225707,2.27027390129625,-1.0161329645585022,0
2.2457163934936415,0.9009088760241706,0.8491410419312149,0.0964035745952397,2.637302443947715,0.9048055324001227,0.06599664927436881,1.4316811360790147,0.11868207972852446,-0.2262991435398101,1.582583123934258,-0.4877685947486774,-1.0161329645585022,0
2.2457163934936415,0.9009088760241706,0.8491410419312149,0.10704763658617755,2.2993392898300504,0.9048055324001227,0.06599664927436881,-0.8828162337175963,-1.2979075915886182,-0.2262991435398101,2.098594095225707,1.3773824457421369,0.9841231756854657,0
1.7373691278115257,0.9009088760241706,0.8491410419312149,0.00349702163873022,1.6234129815947211,0.9048055324001227,0.06599664927436881,0.853056793629862,1.6729025011025462,-0.2262991435398101,1.582583123934258,1.4170665104334308,-1.0161329645585022,1
1.398470950690115,0.9009088760241706,-1.179024470547907,0.1175179824318627,1.2854498274770565,0.9048055324001227,0.06599664927436881,0.853056793629862,0.16232109803924238,-0.34097028968400567,2.098594095225707,0.22654456969461315,0.9841231756854657,0
1.906818216372231,0.9009088760241706,0.8491410419312149,0.17343878882638933,2.130357712771218,-1.177851894974348,1.0161476236798326,-1.461440576166749,-1.0495008719737637,0.4617277333253637,2.098594095225707,0.9805417988291976,0.9841231756854657,0
1.398470950690115,0.9009088760241706,-1.179024470547907,0.13357882967931642,1.7923945586535535,0.9048055324001227,0.06599664927436881,0.2744324511807092,-1.0427871768490378,-0.34097028968400567,1.3245776382885335,-1.162397694500674,0.9841231756854657,0
1.398470950690115,-1.1099901739376037,-0.502969299721533,0.17449687807474665,0.7785050963005594,-1.177851894974348,0.7627740305050422,-1.461440576166749,-0.25392799969375696,0.23238544103697253,2.356599580871432,-1.2417658238832618,0.9841231756854657,0
1.7373691278115257,-1.1099901739376037,-0.502969299721533,0.17572868346835666,1.4544314045358888,-1.177851894974348,1.6495816066168083,1.4316811360790147,0.11868207972852446,0.9204123179021463,1.3245776382885335,0.46464895784237664,-1.0161329645585022,0
1.398470950690115,-1.1099901739376037,0.8491410419312149,0.17703945074617244,1.1164682504182242,0.9048055324001227,0.06599664927436881,-0.3041918912684436,0.3301634761573873,-0.34097028968400567,1.582583123934258,-0.09092794783573821,-1.0161329645585022,0
2.2457163934936415,-1.1099901739376037,0.8491410419312149,-0.13544430980974342,2.2993392898300504,-1.177851894974348,0.38271364074285674,0.2744324511807092,0.04483143335654109,0.3470565871811683,2.6146050665171567,0.2463866020402601,-1.0161329645585022,1
1.398470950690115,-1.1099901739376037,-1.179024470547907,0.17797120097980054,1.1164682504182242,-1.177851894974348,0.8577891279455886,-0.8828162337175963,0.3939435798422821,0.23238544103697253,2.6146050665171567,0.5440170872249644,-1.0161329645585022,0
1.5679200392508204,0.9009088760241706,-1.179024470547907,0.17323348792745433,0.9474866733593919,0.9048055324001227,0.06599664927436881,1.4316811360790147,0.001192415045823164,-0.34097028968400567,2.356599580871432,1.8139071573463699,-1.0161329645585022,0
3.0929618362971683,-1.1099901739376037,0.8491410419312149,-0.06911632707689626,2.8062840210065474,0.9048055324001227,0.06599664927436881,0.2744324511807092,-0.46205254856025635,-0.11162799739561437,1.8405886095799828,1.0003838311748445,-1.0161329645585022,1
3.262410924857874,0.9009088760241706,-0.502969299721533,0.17456004758211127,3.4822103292418767,-0.4836327525161911,0.38271364074285674,-1.461440576166749,0.6154955189582334,-0.11162799739561437,1.3245776382885335,-1.102871597463733,0.9841231756854657,0
2.5846145706150523,0.9009088760241706,0.17308587110484092,0.2706566606605339,2.2993392898300504,0.9048055324001227,0.06599664927436881,-0.3041918912684436,0.16232109803924238,-0.45564143582820127,1.582583123934258,1.4765926074703717,0.9841231756854657,0
1.5679200392508204,0.9009088760241706,-1.179024470547907,0.17689731935460207,1.2854498274770565,-1.177851894974348,1.1745061194140765,1.4316811360790147,0.25966967734776614,0.5763988794695595,1.3245776382885335,-0.40840046536608954,-1.0161329645585022,0
2.923512747736463,-1.1099901739376037,0.8491410419312149,0.17528649691680434,2.8062840210065474,-1.177851894974348,0.8577891279455886,-0.8828162337175963,0.001192415045823164,0.23238544103697253,1.582583123934258,0.46464895784237664,0.9841231756854657,0
1.398470950690115,0.9009088760241706,0.8491410419312149,0.2730728943172305,0.7785050963005594,0.9048055324001227,0.06599664927436881,0.853056793629862,0.8739727812601764,-0.45564143582820127,2.098594095225707,0.10749237562073138,0.9841231756854657,0
2.0762673049329363,0.9009088760241706,0.8491410419312149,0.060049523106903,1.9613761357123858,-1.177851894974348,0.5727438356239495,-1.461440576166749,0.7497694214527494,0.23238544103697253,2.098594095225707,0.38528082845978884,-1.0161329645585022,1
1.5679200392508204,0.9009088760241706,0.8491410419312149,0.18405126606364486,1.4544314045358888,-1.177851894974348,2.91644957249076,-1.461440576166749,-1.1804179269059165,1.952452633199907,2.356599580871432,-1.3409759856114967,-1.0161329645585022,0
2.0762673049329363,0.9009088760241706,1.5251962127575889,0.1821877655963887,1.7923945586535535,-1.177851894974348,0.6994306322113446,1.4316811360790147,-1.173704231781191,0.1177142948927768,2.098594095225707,1.317856348705196,0.9841231756854657,0
1.7373691278115257,0.9009088760241706,0.8491410419312149,0.19295816660205578,1.7923945586535535,-1.177851894974348,1.352659427115101,-0.3041918912684436,1.286865031430813,0.6910700256137552,1.582583123934258,-0.7457150152420878,0.9841231756854657,0
1.7373691278115257,-1.1099901739376037,-1.179024470547907,0.19663779040604468,1.4544314045358888,-1.177851894974348,-0.963333572998217,-1.461440576166749,-1.2475548781531747,-1.143668312693375,1.8405886095799828,1.0400678958661385,-1.0161329645585022,0
1.5679200392508204,0.9009088760241706,0.8491410419312149,0.19850129087330087,1.7923945586535535,-1.177851894974348,-0.8208109268373974,-1.461440576166749,0.001192415045823164,-1.0289971665491795,2.872610552162881,0.6233852166075523,0.9841231756854657,0
2.0762673049329363,-1.1099901739376037,-1.179024470547907,0.19178953071581037,1.7923945586535535,-1.177851894974348,-0.9474977234247925,0.2744324511807092,0.6255660616453219,-1.143668312693375,1.3245776382885335,-1.7179746001787888,0.9841231756854657,0
1.906818216372231,0.9009088760241706,1.5251962127575889,0.19613243434712774,1.6234129815947211,-1.177851894974348,-0.7257958293968509,-0.3041918912684436,-1.6705176710108995,-1.0289971665491795,2.098594095225707,0.3455967637684949,-1.0161329645585022,0
2.5846145706150523,0.9009088760241706,1.5251962127575889,0.19148947555582846,2.2993392898300504,-1.177851894974348,-0.06860807209973856,-0.3041918912684436,1.7736079279734327,-0.45564143582820127,2.6146050665171567,0.6035431842619053,0.9841231756854657,0
2.754063659175758,0.9009088760241706,-1.179024470547907,0.19400046347357194,2.4683208668888827,-1.177851894974348,-0.9474977234247925,-0.3041918912684436,1.2700807936189982,-1.143668312693375,1.582583123934258,0.0479662785837905,-1.0161329645585022,0
1.5679200392508204,-1.1099901739376037,0.8491410419312149,0.3642738705748953,1.4544314045358888,0.9048055324001227,0.06599664927436881,-0.8828162337175963,1.0955247203761276,-0.45564143582820127,2.098594095225707,1.278172284013902,-1.0161329645585022,0
2.2457163934936415,-1.1099901739376037,0.17308587110484092,0.19562707828821083,1.4544314045358888,-1.177851894974348,-0.7574675285436998,-0.3041918912684436,-1.8752853723150364,-1.0289971665491795,2.6146050665171567,1.3773824457421369,-1.0161329645585022,0
1.7373691278115257,0.9009088760241706,1.5251962127575889,0.19191586973053962,1.6234129815947211,-1.177851894974348,-0.09236184645987515,0.853056793629862,-1.6839450612603513,-0.45564143582820127,1.582583123934258,1.8734332543833108,-1.0161329645585022,0
1.7373691278115257,-1.1099901739376037,0.8491410419312149,0.3599783440741014,1.6234129815947211,0.9048055324001227,0.06599664927436881,0.2744324511807092,0.03811773823181484,-0.45564143582820127,1.582583123934258,-0.8449251769703227,0.9841231756854657,0
1.906818216372231,0.9009088760241706,1.5251962127575889,0.36479501901065337,2.2993392898300504,0.9048055324001227,0.06599664927436881,0.853056793629862,-0.5661148229935064,-0.45564143582820127,2.6146050665171567,0.32575473142284794,0.9841231756854657,0
1.7373691278115257,-1.1099901739376037,-1.179024470547907,0.38055581109812514,1.9613761357123858,0.9048055324001227,0.06599664927436881,-1.461440576166749,0.5114332445249834,-0.45564143582820127,1.8405886095799828,-0.11076998018138517,-1.0161329645585022,0
1.5679200392508204,0.9009088760241706,-1.179024470547907,0.45967561907230714,1.1164682504182242,0.9048055324001227,0.06599664927436881,1.4316811360790147,-0.6936750303632967,-0.570312581972397,1.582583123934258,-1.7576586648700827,0.9841231756854657,0
3.0929618362971683,0.9009088760241706,0.8491410419312149,0.21380410403237918,2.637302443947715,-1.177851894974348,0.5410721364771007,-1.461440576166749,1.6628319584154578,0.003043148748581378,1.8405886095799828,0.5043330225336705,0.9841231756854657,0
1.398470950690115,0.9009088760241706,-0.502969299721533,0.2094927851547441,1.2854498274770565,-1.177851894974348,-0.5357656345157582,0.853056793629862,-1.6839450612603513,-0.7996548742607882,2.872610552162881,1.5162766721616654,-1.0161329645585022,0
3.601309101979284,0.9009088760241706,-1.179024470547907,0.09784068088778472,3.8201734833595413,-1.177851894974348,0.8577891279455886,-1.461440576166749,1.286865031430813,0.3470565871811683,1.3245776382885335,1.4369085427790778,-1.0161329645585022,1
1.398470950690115,0.9009088760241706,-0.502969299721533,0.49519267458806265,1.4544314045358888,0.9048055324001227,0.06599664927436881,-1.461440576166749,0.23617174441122635,-0.570312581972397,2.6146050665171567,-0.03140185079879733,-1.0161329645585022,0
3.262410924857874,0.9009088760241706,0.8491410419312149,0.5190391636182053,3.144247175124212,0.9048055324001227,0.06599664927436881,0.853056793629862,0.001192415045823164,-0.570312581972397,2.6146050665171567,0.5638591195706114,-1.0161329645585022,0
2.5846145706150523,-1.1099901739376037,0.8491410419312149,0.2138988582934261,2.637302443947715,-1.177851894974348,0.38271364074285674,-0.8828162337175963,-1.6839450612603513,-0.11162799739561437,2.6146050665171567,0.38528082845978884,0.9841231756854657,0
2.0762673049329363,0.9009088760241706,0.8491410419312149,0.21222486634826376,2.2993392898300504,-1.177851894974348,0.38271364074285674,-0.8828162337175963,0.001192415045823164,-0.11162799739561437,1.582583123934258,-0.8846092416616166,0.9841231756854657,0
1.5679200392508204,-1.1099901739376037,-1.179024470547907,0.21295131568295686,2.130357712771218,-1.177851894974348,-0.804975077263973,0.2744324511807092,-1.3482603050240614,-1.0289971665491795,1.582583123934258,0.4249648931510827,0.9841231756854657,0
1.398470950690115,0.9009088760241706,1.5251962127575889,0.21655197760273998,1.2854498274770565,-1.177851894974348,-0.5674373336626071,0.853056793629862,-1.3482603050240614,-0.9143260204049839,1.582583123934258,1.6154868338899002,-1.0161329645585022,0
2.2457163934936415,0.9009088760241706,-1.179024470547907,0.5537666002919032,1.9613761357123858,0.9048055324001227,0.06599664927436881,1.4316811360790147,1.8407448792206904,-0.570312581972397,2.6146050665171567,-2.4719718293133734,0.9841231756854657,0
1.7373691278115257,0.9009088760241706,0.8491410419312149,-0.29050965801303535,1.9613761357123858,0.9048055324001227,0.0818324988477932,-1.461440576166749,0.16232109803924238,0.23238544103697253,2.6146050665171567,0.26622863438590705,0.9841231756854657,0
1.398470950690115,0.9009088760241706,-1.179024470547907,0.21263546814613377,1.2854498274770565,-1.177851894974348,0.06599664927436881,-0.8828162337175963,1.7937490133476108,-0.34097028968400567,1.8405886095799828,1.794065125000723,-1.0161329645585022,0
1.5679200392508204,0.9009088760241706,0.8491410419312149,0.2140409896849965,1.1164682504182242,-1.177851894974348,0.8577891279455886,1.4316811360790147,0.4308689030282738,0.23238544103697253,2.356599580871432,0.22654456969461315,0.9841231756854657,0
1.5679200392508204,0.9009088760241706,-1.179024470547907,-0.4490019519908578,2.130357712771218,0.9048055324001227,0.0976683484212176,0.853056793629862,0.7229146409538463,0.6910700256137552,2.098594095225707,1.278172284013902,-1.0161329645585022,0
3.431860013418579,0.9009088760241706,1.5251962127575889,-0.20529399257816794,3.144247175124212,0.9048055324001227,0.0976683484212176,0.2744324511807092,0.9780350556934264,0.1177142948927768,2.6146050665171567,2.429010160061426,0.9841231756854657,0
1.5679200392508204,0.9009088760241706,-1.179024470547907,0.2314757737176306,1.4544314045358888,0.9048055324001227,0.0976683484212176,-0.8828162337175963,0.6893461653302174,-0.34097028968400567,1.8405886095799828,0.6035431842619053,0.9841231756854657,0
3.431860013418579,-1.1099901739376037,0.8491410419312149,0.3330049644294102,3.4822103292418767,0.9048055324001227,0.0976683484212176,-0.8828162337175963,-1.7510820125076092,-0.45564143582820127,2.098594095225707,-2.531497926350314,0.9841231756854657,0
1.7373691278115257,-1.1099901739376037,-1.179024470547907,0.21558864261542957,1.7923945586535535,0.21058638994196582,-1.042512820865339,1.4316811360790147,-0.811164695045998,-1.2583394588375707,2.356599580871432,-0.11076998018138517,0.9841231756854657,0
1.906818216372231,0.9009088760241706,-1.179024470547907,0.2162992995732815,1.1164682504182242,-1.177851894974348,0.06599664927436881,-0.3041918912684436,0.2865244578466693,-0.34097028968400567,1.3245776382885335,1.0599099282117854,0.9841231756854657,0
1.398470950690115,-1.1099901739376037,-1.179024470547907,1.251931788062484,1.1164682504182242,0.9048055324001227,0.0976683484212176,-0.3041918912684436,-1.173704231781191,-0.9143260204049839,1.8405886095799828,-1.162397694500674,-1.0161329645585022,0
1.906818216372231,0.9009088760241706,0.8491410419312149,-0.7537790326482905,1.6234129815947211,0.9048055324001227,0.22435514500861276,-1.461440576166749,-0.811164695045998,2.2964660716324943,1.582583123934258,-0.20998014190961997,-1.0161329645585022,1
3.262410924857874,-1.1099901739376037,0.8491410419312149,0.21683624038588076,3.3132287521830444,-1.177851894974348,2.4413740852880284,-0.8828162337175963,-0.005521280078902488,1.4937680486231246,2.098594095225707,0.7225953783357871,-1.0161329645585022,0
3.601309101979284,0.9009088760241706,-0.502969299721533,0.22871210777042864,2.9752655980653797,-1.177851894974348,-0.2507203421941191,-1.461440576166749,-1.6705176710108995,-0.6849837281165926,2.872610552162881,0.5440170872249644,-1.0161329645585022,0
2.415165482054347,0.9009088760241706,0.8491410419312149,-0.5631334594218783,2.9752655980653797,0.9048055324001227,0.22435514500861276,0.2744324511807092,0.3234497810326616,1.2644257563347332,2.6146050665171567,0.7225953783357871,-1.0161329645585022,1
1.906818216372231,0.9009088760241706,-1.179024470547907,-0.11109246472068382,1.4544314045358888,0.9048055324001227,0.22831410740196886,0.2744324511807092,-0.1397951825734185,0.1177142948927768,1.582583123934258,-1.3012919209202027,-1.0161329645585022,0
1.7373691278115257,-1.1099901739376037,0.8491410419312149,-0.582273820153357,1.7923945586535535,0.9048055324001227,0.24019099458203716,-0.8828162337175963,-1.4724636648314886,1.379096902478929,2.098594095225707,0.286070666731554,-1.0161329645585022,1
2.415165482054347,-1.1099901739376037,0.8491410419312149,0.2277171880294359,2.4683208668888827,-1.177851894974348,1.6495816066168083,-0.8828162337175963,-0.005521280078902488,0.8057411717579506,1.3245776382885335,0.9805417988291976,0.9841231756854657,0
1.7373691278115257,0.9009088760241706,0.8491410419312149,0.23453949482481448,1.7923945586535535,-1.177851894974348,-1.006882159325134,-0.3041918912684436,-1.7510820125076092,-1.2583394588375707,1.8405886095799828,0.06780831092943747,0.9841231756854657,0
1.5679200392508204,-1.1099901739376037,-1.179024470547907,-0.4908517506199161,1.6234129815947211,0.21058638994196582,-1.042512820865339,0.853056793629862,-0.3680608168140954,-0.9143260204049839,2.356599580871432,-1.102871597463733,-1.0161329645585022,0
1.7373691278115257,-1.1099901739376037,0.8491410419312149,0.2342552320416737,1.1164682504182242,-1.177851894974348,-0.527847709729046,-0.8828162337175963,-1.4254677989584081,-0.7996548742607882,2.6146050665171567,-0.8846092416616166,0.9841231756854657,0
1.398470950690115,0.9009088760241706,-1.179024470547907,0.2294385571051217,1.4544314045358888,-1.177851894974348,0.8577891279455886,0.853056793629862,-1.0495008719737637,0.23238544103697253,2.6146050665171567,-0.4877685947486774,-1.0161329645585022,0
1.398470950690115,0.9009088760241706,-1.179024470547907,-0.06856359388745586,1.1164682504182242,0.9048055324001227,0.25602684415546156,-0.3041918912684436,-0.1397951825734185,0.1177142948927768,2.6146050665171567,0.7225953783357871,0.9841231756854657,0
1.7373691278115257,0.9009088760241706,0.8491410419312149,0.2351869822753018,1.6234129815947211,-1.177851894974348,-0.7930981900839047,1.4316811360790147,-1.0964967378468442,-1.0289971665491795,2.098594095225707,-0.46792656240303043,0.9841231756854657,0
2.415165482054347,0.9009088760241706,0.8491410419312149,0.009656048606780312,1.7923945586535535,0.9048055324001227,0.25602684415546156,-1.461440576166749,-1.7510820125076092,0.003043148748581378,1.582583123934258,0.38528082845978884,-1.0161329645585022,0
1.906818216372231,-1.1099901739376037,-1.179024470547907,0.23523435940582527,1.9613761357123858,-1.177851894974348,0.38271364074285674,-0.8828162337175963,0.860545391010725,-0.11162799739561437,1.3245776382885335,1.754381060309429,0.9841231756854657,0
2.923512747736463,-1.1099901739376037,1.5251962127575889,0.039819488373384615,2.9752655980653797,0.9048055324001227,0.25602684415546156,0.853056793629862,0.001192415045823164,0.003043148748581378,2.872610552162881,0.8614896047553159,-1.0161329645585022,0
1.5679200392508204,-1.1099901739376037,-1.179024470547907,0.23341823606909254,1.2854498274770565,-1.177851894974348,0.38271364074285674,-1.461440576166749,-0.39491559731299863,-0.11162799739561437,1.3245776382885335,-0.8647672093159696,0.9841231756854657,0
2.415165482054347,0.9009088760241706,-0.502969299721533,0.23277074861860522,1.9613761357123858,-1.177851894974348,-0.2507203421941191,0.2744324511807092,-0.07601507888852362,-0.6849837281165926,1.8405886095799828,1.337698381050843,-1.0161329645585022,0
2.415165482054347,0.9009088760241706,-1.179024470547907,0.23881922894876723,1.9613761357123858,-1.177851894974348,2.4413740852880284,0.2744324511807092,-0.21700267650776528,1.379096902478929,2.6146050665171567,-0.5671367241312653,-1.0161329645585022,0
2.0762673049329363,0.9009088760241706,1.5251962127575889,1.251410639626726,1.7923945586535535,0.9048055324001227,0.25602684415546156,-1.461440576166749,0.561785957960427,-0.7996548742607882,1.582583123934258,0.7027533459901402,0.9841231756854657,0
3.77075819053999,0.9009088760241706,-1.179024470547907,1.5933945601219177,3.3132287521830444,0.9048055324001227,0.25602684415546156,-0.3041918912684436,0.04483143335654109,-0.9143260204049839,1.3245776382885335,0.7027533459901402,-1.0161329645585022,0
1.398470950690115,0.9009088760241706,-1.179024470547907,-0.48560868150865294,1.4544314045358888,0.9048055324001227,0.2639447689421738,-0.8828162337175963,1.0955247203761276,1.035083464046342,1.582583123934258,-1.4997122443766724,0.9841231756854657,0
2.923512747736463,-1.1099901739376037,0.8491410419312149,-0.6144744765324702,2.637302443947715,0.9048055324001227,0.27186269372888594,1.4316811360790147,0.3905867322799193,1.6084391947673204,1.3245776382885335,0.3455967637684949,-1.0161329645585022,1
1.906818216372231,0.9009088760241706,1.5251962127575889,0.25675936904031826,2.130357712771218,-1.177851894974348,0.8577891279455886,-1.461440576166749,0.23617174441122635,0.23238544103697253,1.8405886095799828,-0.03140185079879733,0.9841231756854657,0
2.415165482054347,-1.1099901739376037,-0.502969299721533,-0.11241902437534076,2.2993392898300504,0.9048055324001227,0.27186269372888594,0.853056793629862,0.8739727812601764,0.23238544103697253,2.098594095225707,1.6353288662355472,-1.0161329645585022,0
2.5846145706150523,-1.1099901739376037,0.8491410419312149,0.24775771424086046,2.2993392898300504,-1.177851894974348,-0.8841543251310949,-0.3041918912684436,-0.7138161157374736,-1.143668312693375,1.582583123934258,0.10749237562073138,-1.0161329645585022,0
1.398470950690115,-1.1099901739376037,-1.179024470547907,0.25838598385495715,0.7785050963005594,-1.177851894974348,0.06599664927436881,0.853056793629862,-1.6705176710108995,-0.45564143582820127,2.098594095225707,2.131379674876721,-1.0161329645585022,0
3.262410924857874,-1.1099901739376037,-1.179024470547907,0.25677516141715945,3.3132287521830444,-1.177851894974348,1.0161476236798326,-0.8828162337175963,-1.173704231781191,0.3470565871811683,1.8405886095799828,1.0400678958661385,0.9841231756854657,0
2.2457163934936415,0.9009088760241706,-1.179024470547907,-0.6188963420479934,2.2993392898300504,0.9048055324001227,0.30353439287573475,-0.8828162337175963,0.6624913848313142,1.6084391947673204,2.356599580871432,0.16701847265767225,-1.0161329645585022,1
2.0762673049329363,0.9009088760241706,-1.179024470547907,-0.05809324804177071,2.130357712771218,-1.177851894974348,-0.3298995900612411,0.2744324511807092,2.6967410076232294,-0.45564143582820127,1.582583123934258,-0.8846092416616166,-1.0161329645585022,1
1.5679200392508204,-1.1099901739376037,0.8491410419312149,-0.49596848071645,1.4544314045358888,0.9048055324001227,0.30353439287573475,0.853056793629862,0.830333762949459,1.1497546101905376,2.356599580871432,0.5043330225336705,0.9841231756854657,0
1.906818216372231,-1.1099901739376037,-0.502969299721533,-0.45869847137132636,1.7923945586535535,0.9048055324001227,0.30353439287573475,1.4316811360790147,1.0351014642535956,1.035083464046342,1.8405886095799828,-0.9639773710442044,-1.0161329645585022,0
2.0762673049329363,0.9009088760241706,-0.502969299721533,-0.4864140927275518,1.7923945586535535,0.21058638994196582,0.06599664927436881,-0.8828162337175963,0.001192415045823164,0.6910700256137552,2.6146050665171567,1.298014316359549,-1.0161329645585022,0
1.906818216372231,-1.1099901739376037,0.17308587110484092,-0.19262850635156237,1.9613761357123858,0.9048055324001227,0.30353439287573475,-0.3041918912684436,0.7430557263280237,0.3470565871811683,1.3245776382885335,0.22654456969461315,-1.0161329645585022,0
2.2457163934936415,0.9009088760241706,-1.179024470547907,0.26740343103125613,2.2993392898300504,0.21058638994196582,1.1745061194140765,1.4316811360790147,0.001192415045823164,0.4617277333253637,2.6146050665171567,-1.4997122443766724,0.9841231756854657,0
2.754063659175758,0.9009088760241706,-1.179024470547907,0.2673402615238915,2.130357712771218,-1.177851894974348,0.06599664927436881,0.2744324511807092,-1.6705176710108995,-0.45564143582820127,2.356599580871432,0.38528082845978884,-1.0161329645585022,0
1.5679200392508204,0.9009088760241706,-1.179024470547907,0.13850605125375648,1.9613761357123858,0.9048055324001227,0.30353439287573475,-1.461440576166749,0.4040141225293712,-0.11162799739561437,1.3245776382885335,-0.32903233598350173,0.9841231756854657,0
2.0762673049329363,0.9009088760241706,0.8491410419312149,-0.4883881398326961,2.2993392898300504,0.21058638994196582,0.6598410082777837,-0.3041918912684436,-0.7138161157374736,1.6084391947673204,2.6146050665171567,0.6630692812988462,-1.0161329645585022,0
1.5679200392508204,0.9009088760241706,-1.179024470547907,0.15166110116243783,1.2854498274770565,-1.177851894974348,0.06599664927436881,0.853056793629862,1.7736079279734327,-0.34097028968400567,2.098594095225707,-0.8449251769703227,-1.0161329645585022,1
2.5846145706150523,0.9009088760241706,0.8491410419312149,-0.6774702677518339,2.637302443947715,0.9048055324001227,0.30749335526909083,0.853056793629862,0.860545391010725,1.952452633199907,2.872610552162881,-0.8846092416616166,-1.0161329645585022,1
1.398470950690115,0.9009088760241706,-1.179024470547907,0.27169895753205003,1.6234129815947211,-1.177851894974348,0.06599664927436881,1.4316811360790147,-1.4724636648314886,-0.45564143582820127,2.098594095225707,0.5638591195706114,0.9841231756854657,0
1.5679200392508204,0.9009088760241706,-0.502969299721533,0.2712409786036566,1.7923945586535535,-1.177851894974348,0.5410721364771007,-1.461440576166749,-1.4724636648314886,-0.11162799739561437,1.8405886095799828,0.12733440796637835,0.9841231756854657,0
1.398470950690115,0.9009088760241706,0.8491410419312149,0.2712409786036566,1.4544314045358888,-1.177851894974348,0.3866726031362128,1.4316811360790147,-0.11965409719924096,-0.2262991435398101,2.6146050665171567,1.1591200899400202,-1.0161329645585022,0
2.5846145706150523,-1.1099901739376037,-1.179024470547907,-0.20343049211091174,2.4683208668888827,0.9048055324001227,0.3431240168092957,0.2744324511807092,-0.005521280078902488,0.4617277333253637,2.872610552162881,-0.9044512740072636,0.9841231756854657,0
2.415165482054347,0.9009088760241706,1.5251962127575889,-0.05103405559377484,2.9752655980653797,-1.177851894974348,-1.042512820865339,0.2744324511807092,0.001192415045823164,-1.143668312693375,2.098594095225707,0.9408577341379036,-1.0161329645585022,1
3.431860013418579,-1.1099901739376037,0.8491410419312149,-0.8573296475957378,3.651191906300709,0.9048055324001227,0.38271364074285674,0.2744324511807092,-1.1804179269059165,3.7871909715070364,1.582583123934258,0.46464895784237664,-1.0161329645585022,1
2.415165482054347,-1.1099901739376037,-1.179024470547907,0.2673244691470504,1.9613761357123858,-1.177851894974348,0.06599664927436881,0.853056793629862,0.16232109803924238,-0.45564143582820127,2.098594095225707,0.5440170872249644,0.9841231756854657,0
2.5846145706150523,0.9009088760241706,0.17308587110484092,0.26522408302717687,2.637302443947715,-1.177851894974348,0.034324950127520015,1.4316811360790147,-1.6839450612603513,-0.45564143582820127,2.872610552162881,1.4567505751247247,-1.0161329645585022,0
3.262410924857874,0.9009088760241706,-1.179024470547907,-0.739392177345999,3.144247175124212,0.9048055324001227,0.38271364074285674,0.853056793629862,0.769910506826927,2.525808363920885,1.582583123934258,1.0599099282117854,-1.0161329645585022,1
1.398470950690115,0.9009088760241706,-1.179024470547907,0.2663769265365811,0.7785050963005594,-1.177851894974348,1.6495816066168083,-0.8828162337175963,-0.005521280078902488,0.8057411717579506,2.356599580871432,0.46464895784237664,0.9841231756854657,0
2.5846145706150523,0.9009088760241706,0.8491410419312149,0.26928272387535346,2.4683208668888827,-1.177851894974348,0.06599664927436881,-1.461440576166749,-1.3482603050240614,-0.45564143582820127,2.356599580871432,0.18686050500331922,0.9841231756854657,0
1.5679200392508204,-1.1099901739376037,-1.179024470547907,-0.6783388484780974,1.2854498274770565,0.9048055324001227,0.38271364074285674,1.4316811360790147,0.4745079213389917,2.0671237793441026,2.356599580871432,0.3455967637684949,-1.0161329645585022,1
2.754063659175758,-1.1099901739376037,1.5251962127575889,-0.6774544753749928,2.130357712771218,0.9048055324001227,0.38271364074285674,-1.461440576166749,0.03476089066945202,2.0671237793441026,2.356599580871432,1.278172284013902,-1.0161329645585022,1
2.415165482054347,0.9009088760241706,0.8491410419312149,0.2692037619911477,2.637302443947715,-1.177851894974348,-0.7257958293968509,0.853056793629862,0.3301634761573873,-1.0289971665491795,2.872610552162881,0.10749237562073138,0.9841231756854657,0
2.754063659175758,0.9009088760241706,0.8491410419312149,-0.6776597762739278,3.4822103292418767,0.9048055324001227,0.38271364074285674,0.2744324511807092,0.27645391515958084,2.0671237793441026,1.3245776382885335,0.5043330225336705,-1.0161329645585022,1
3.601309101979284,0.9009088760241706,0.8491410419312149,0.16339483715541533,3.8201734833595413,-1.177851894974348,0.38271364074285674,-1.461440576166749,2.344272013575125,-0.11162799739561437,2.356599580871432,-0.4282424977117365,-1.0161329645585022,1
2.5846145706150523,0.9009088760241706,-1.179024470547907,0.26805091848174345,2.2993392898300504,-1.177851894974348,0.06599664927436881,0.853056793629862,0.001192415045823164,-0.45564143582820127,2.6146050665171567,0.10749237562073138,0.9841231756854657,0
1.398470950690115,-1.1099901739376037,-1.179024470547907,0.26759293955335,0.7785050963005594,-1.177851894974348,-0.7257958293968509,-1.461440576166749,-1.2475548781531747,-1.0289971665491795,2.6146050665171567,0.008282213892496587,-1.0161329645585022,0
3.0929618362971683,0.9009088760241706,-1.179024470547907,0.2739098902898116,3.144247175124212,-1.177851894974348,1.6495816066168083,-0.3041918912684436,1.1861596045599256,0.8057411717579506,1.8405886095799828,0.20670253734896618,-1.0161329645585022,0
1.5679200392508204,0.9009088760241706,-1.179024470547907,-0.6333463668576494,1.6234129815947211,0.9048055324001227,0.38271364074285674,1.4316811360790147,-1.1804179269059165,1.8377814870557112,2.356599580871432,-0.8647672093159696,-1.0161329645585022,1
1.7373691278115257,0.9009088760241706,-1.179024470547907,0.2728833857951366,1.9613761357123858,-1.177851894974348,0.06599664927436881,-0.3041918912684436,-1.2475548781531747,-0.45564143582820127,2.6146050665171567,0.7027533459901402,-1.0161329645585022,0
1.906818216372231,-1.1099901739376037,0.8491410419312149,0.27090933868999234,2.130357712771218,-1.177851894974348,-0.6307807319563046,0.853056793629862,0.8135495251376443,-0.9143260204049839,1.8405886095799828,0.16701847265767225,-1.0161329645585022,0
1.5679200392508204,-1.1099901739376037,1.5251962127575889,0.26847731265645464,1.6234129815947211,-1.177851894974348,0.06599664927436881,-1.461440576166749,-0.34120603631519225,-0.45564143582820127,1.8405886095799828,1.3972244780877838,0.9841231756854657,0
1.398470950690115,0.9009088760241706,0.8491410419312149,-0.6126109760652141,1.7923945586535535,0.9048055324001227,0.38271364074285674,-0.8828162337175963,0.11868207972852446,1.7231103409115156,1.8405886095799828,-1.142555662155027,-1.0161329645585022,1
1.5679200392508204,-1.1099901739376037,0.8491410419312149,-0.4827028841698806,1.6234129815947211,0.21058638994196582,0.8577891279455886,1.4316811360790147,0.15896425047687956,1.8377814870557112,2.098594095225707,1.1392780575943733,-1.0161329645585022,0
1.5679200392508204,-1.1099901739376037,0.8491410419312149,0.26647168079762806,1.4544314045358888,-1.177851894974348,-1.042512820865339,-0.3041918912684436,0.001192415045823164,-1.2583394588375707,2.356599580871432,-0.44808453005738347,0.9841231756854657,0
3.0929618362971683,-1.1099901739376037,1.5251962127575889,0.2657136467092526,3.651191906300709,-1.177851894974348,0.06599664927436881,-0.3041918912684436,-1.623521805137819,-0.45564143582820127,1.8405886095799828,0.5638591195706114,0.9841231756854657,0
3.262410924857874,-1.1099901739376037,-1.179024470547907,0.27169895753205003,2.8062840210065474,-1.177851894974348,0.06599664927436881,-0.8828162337175963,-1.4993184453303918,-0.45564143582820127,1.8405886095799828,0.7424374106814341,0.9841231756854657,0
1.7373691278115257,0.9009088760241706,0.8491410419312149,0.2685088974101369,1.6234129815947211,-1.177851894974348,-0.8841543251310949,-1.461440576166749,0.6624913848313142,-1.143668312693375,1.8405886095799828,0.8416475724096689,0.9841231756854657,0
1.398470950690115,0.9009088760241706,-1.179024470547907,0.15688837789685983,1.1164682504182242,-1.177851894974348,2.4413740852880284,-0.3041918912684436,2.2804919098902308,1.6084391947673204,1.3245776382885335,-0.13061201252703214,-1.0161329645585022,1
1.906818216372231,0.9009088760241706,0.8491410419312149,0.2686510288017073,2.130357712771218,-1.177851894974348,1.6179099074699597,-0.3041918912684436,0.7464125738903866,0.6910700256137552,1.8405886095799828,-0.6266628211682062,-1.0161329645585022,0
3.0929618362971683,0.9009088760241706,0.8491410419312149,0.26659801981235726,2.2993392898300504,-1.177851894974348,-0.7257958293968509,1.4316811360790147,0.2865244578466693,-1.0289971665491795,2.356599580871432,0.7225953783357871,-1.0161329645585022,0
1.398470950690115,0.9009088760241706,0.8491410419312149,0.26636113415973994,1.4544314045358888,-1.177851894974348,-0.5674373336626071,-0.8828162337175963,0.001192415045823164,-0.9143260204049839,1.3245776382885335,0.6829113136444932,-1.0161329645585022,0
1.7373691278115257,0.9009088760241706,0.8491410419312149,-0.5575587503969509,1.1164682504182242,0.9048055324001227,0.38271364074285674,-0.8828162337175963,-1.173704231781191,1.4937680486231246,1.3245776382885335,-2.3330776028938445,-1.0161329645585022,1
1.7373691278115257,-1.1099901739376037,-1.179024470547907,0.26591894760818763,1.9613761357123858,-1.177851894974348,-0.7257958293968509,0.2744324511807092,0.954537122756886,-1.0289971665491795,2.356599580871432,-1.3211339532658497,-1.0161329645585022,0
2.754063659175758,0.9009088760241706,0.8491410419312149,0.26591894760818763,2.9752655980653797,-1.177851894974348,0.8577891279455886,-1.461440576166749,0.7061304031420315,0.23238544103697253,2.6146050665171567,-0.46792656240303043,-1.0161329645585022,0
2.754063659175758,-1.1099901739376037,-0.502969299721533,0.2749048100308043,1.9613761357123858,-1.177851894974348,2.4413740852880284,1.4316811360790147,1.451350561986595,1.379096902478929,2.872610552162881,1.2186461869769611,0.9841231756854657,0
1.5679200392508204,0.9009088760241706,0.8491410419312149,-0.524347381900004,1.6234129815947211,0.9048055324001227,0.38271364074285674,1.4316811360790147,-0.6936750303632967,1.379096902478929,2.098594095225707,0.6829113136444932,-1.0161329645585022,1
1.5679200392508204,-1.1099901739376037,1.5251962127575889,-0.5171776428141199,1.7923945586535535,0.9048055324001227,0.38271364074285674,0.853056793629862,-1.0495008719737637,1.2644257563347332,1.582583123934258,-0.7457150152420878,-1.0161329645585022,1
1.5679200392508204,0.9009088760241706,1.5251962127575889,0.27135152524154466,1.4544314045358888,-1.177851894974348,1.6495816066168083,0.2744324511807092,0.27645391515958084,0.8057411717579506,1.8405886095799828,1.9528013837658986,0.9841231756854657,0
1.398470950690115,-1.1099901739376037,0.8491410419312149,0.15548285635799713,0.6095235192417271,-1.177851894974348,0.10558627320792979,-0.8828162337175963,0.15896425047687956,-0.34097028968400567,2.356599580871432,0.22654456969461315,-1.0161329645585022,1
3.431860013418579,-1.1099901739376037,0.8491410419312149,0.2691879696143065,4.158136637477206,-1.177851894974348,-0.2982278909143923,-1.461440576166749,-0.46205254856025635,-0.6849837281165926,1.3245776382885335,-0.9242933063529105,0.9841231756854657,0
1.398470950690115,0.9009088760241706,0.8491410419312149,0.1541562967033402,1.6234129815947211,-1.177851894974348,0.06599664927436881,0.853056793629862,0.007906110170548816,-0.34097028968400567,2.356599580871432,-0.2893482712922078,-1.0161329645585022,1
1.398470950690115,-1.1099901739376037,1.5251962127575889,0.26904583822273614,0.7785050963005594,-1.177851894974348,0.8577891279455886,-0.8828162337175963,-0.0995130118250634,0.1177142948927768,2.098594095225707,1.5162766721616654,0.9841231756854657,0
1.906818216372231,0.9009088760241706,0.8491410419312149,-0.49178350085354416,2.637302443947715,0.9048055324001227,0.38271364074285674,1.4316811360790147,-0.08944246913797492,1.2644257563347332,2.6146050665171567,0.10749237562073138,-1.0161329645585022,0
1.906818216372231,-1.1099901739376037,-1.179024470547907,0.2691405924837831,1.7923945586535535,0.21058638994196582,-0.7257958293968509,0.2744324511807092,0.0716862138554443,-1.0289971665491795,1.8405886095799828,0.5837011519162584,-1.0161329645585022,0
1.5679200392508204,-1.1099901739376037,0.8491410419312149,-0.4853560034791945,1.4544314045358888,0.9048055324001227,0.38271364074285674,0.2744324511807092,-0.3680608168140954,1.1497546101905376,2.6146050665171567,-1.142555662155027,0.9841231756854657,0
2.2457163934936415,0.9009088760241706,-0.502969299721533,-0.05585073053032683,2.637302443947715,-1.177851894974348,0.0026532509806712224,0.2744324511807092,-0.33784918875282943,-0.11162799739561437,1.582583123934258,1.238488219322608,-1.0161329645585022,1
1.7373691278115257,0.9009088760241706,-1.179024470547907,-0.49048852595256953,1.1164682504182242,0.9048055324001227,0.38271364074285674,1.4316811360790147,-0.1397951825734185,1.2644257563347332,1.3245776382885335,-1.182239726846321,0.9841231756854657,0
2.0762673049329363,0.9009088760241706,0.8491410419312149,0.26647168079762806,2.2993392898300504,-1.177851894974348,-0.013182598592753173,-0.8828162337175963,-1.173704231781191,-0.45564143582820127,1.582583123934258,0.26622863438590705,-1.0161329645585022,0
3.262410924857874,-1.1099901739376037,-1.179024470547907,0.2720463898225554,2.8062840210065474,-1.177851894974348,-0.4090788379283631,-0.8828162337175963,0.001192415045823164,-0.7996548742607882,2.356599580871432,1.258330251668255,0.9841231756854657,0
2.754063659175758,0.9009088760241706,0.8491410419312149,0.27297814005618354,2.2993392898300504,-1.177851894974348,-0.2507203421941191,0.2744324511807092,-0.21028898138303903,-0.6849837281165926,2.6146050665171567,0.7225953783357871,0.9841231756854657,0
2.754063659175758,0.9009088760241706,0.8491410419312149,0.2739256826666528,2.9752655980653797,-1.177851894974348,-0.646616581529729,-1.461440576166749,0.9780350556934264,-0.9143260204049839,1.8405886095799828,1.0995939929030794,0.9841231756854657,0
1.5679200392508204,0.9009088760241706,0.8491410419312149,-0.4501863802539443,1.1164682504182242,0.9048055324001227,0.38271364074285674,0.2744324511807092,0.001192415045823164,1.035083464046342,1.8405886095799828,-0.20998014190961997,0.9841231756854657,0
2.415165482054347,0.9009088760241706,0.8491410419312149,-0.4526499910411644,2.8062840210065474,0.9048055324001227,0.38271364074285674,0.853056793629862,-0.21364582894540246,1.035083464046342,1.3245776382885335,0.9606997664835506,-1.0161329645585022,0
1.7373691278115257,0.9009088760241706,-1.179024470547907,0.28775980477950375,2.130357712771218,-1.177851894974348,0.06599664927436881,0.853056793629862,1.0955247203761276,-0.45564143582820127,2.6146050665171567,-0.36871640067479566,0.9841231756854657,0
1.398470950690115,-1.1099901739376037,1.5251962127575889,0.2860068509501356,1.4544314045358888,-1.177851894974348,-0.5674373336626071,-0.3041918912684436,0.665848232393677,-0.9143260204049839,2.872610552162881,1.5361187045073124,-1.0161329645585022,0
1.7373691278115257,0.9009088760241706,-1.179024470547907,0.2833063545102983,1.9613761357123858,-1.177851894974348,0.22435514500861276,-0.8828162337175963,-0.21700267650776528,-0.34097028968400567,2.098594095225707,0.5440170872249644,0.9841231756854657,0
1.7373691278115257,-1.1099901739376037,0.8491410419312149,0.29390303937071266,1.9613761357123858,0.21058638994196582,-0.4090788379283631,-0.8828162337175963,-0.34120603631519225,-0.7996548742607882,1.3245776382885335,1.1988041546313142,0.9841231756854657,0
2.0762673049329363,-1.1099901739376037,-1.179024470547907,0.2884388769836734,2.130357712771218,-1.177851894974348,1.6495816066168083,-0.3041918912684436,-1.623521805137819,0.6910700256137552,2.098594095225707,1.0599099282117854,-1.0161329645585022,0
2.0762673049329363,0.9009088760241706,0.8491410419312149,0.291170958177193,2.2993392898300504,-1.177851894974348,2.2830155895537843,-0.8828162337175963,-0.5896127559300467,1.1497546101905376,2.356599580871432,-0.44808453005738347,-1.0161329645585022,0
1.7373691278115257,-1.1099901739376037,0.8491410419312149,0.2976774174357485,1.2854498274770565,-1.177851894974348,-0.2507203421941191,-0.3041918912684436,0.03811773823181484,-0.6849837281165926,1.582583123934258,-2.0156050853634935,0.9841231756854657,0
3.77075819053999,0.9009088760241706,-0.502969299721533,0.30314157982278783,4.158136637477206,-1.177851894974348,-0.7257958293968509,0.2744324511807092,0.001192415045823164,-1.0289971665491795,2.098594095225707,1.5956448015442533,-1.0161329645585022,0
2.5846145706150523,0.9009088760241706,0.8491410419312149,-0.39586060392037425,2.2993392898300504,0.9048055324001227,0.38271364074285674,0.2744324511807092,-1.3751150855229646,0.9204123179021463,1.582583123934258,0.16701847265767225,0.9841231756854657,0
3.431860013418579,0.9009088760241706,0.8491410419312149,-0.023886959803830963,3.4822103292418767,-1.177851894974348,0.8577891279455886,0.2744324511807092,0.001192415045823164,0.5763988794695595,1.582583123934258,1.0400678958661385,-1.0161329645585022,1
2.415165482054347,-1.1099901739376037,-0.502969299721533,-0.02650849435946254,2.4683208668888827,-1.177851894974348,3.2331665639592484,0.2744324511807092,2.6933841600608672,2.7551506562092767,2.872610552162881,0.14717644031202531,-1.0161329645585022,1
2.754063659175758,-1.1099901739376037,0.8491410419312149,-0.5103869207724236,2.2993392898300504,0.9048055324001227,0.38271364074285674,0.2744324511807092,0.04483143335654109,1.2644257563347332,2.356599580871432,0.028124246238143545,-1.0161329645585022,1
2.415165482054347,0.9009088760241706,0.8491410419312149,0.3137856418137257,2.8062840210065474,-1.177851894974348,2.7264193776096675,-0.3041918912684436,0.001192415045823164,1.4937680486231246,2.356599580871432,0.4448069254967297,-1.0161329645585022,0
1.906818216372231,-1.1099901739376037,1.5251962127575889,0.31162208618648757,2.130357712771218,-1.177851894974348,-0.2507203421941191,-0.3041918912684436,2.8243012149930204,-0.6849837281165926,2.872610552162881,1.1392780575943733,0.9841231756854657,0
2.2457163934936415,0.9009088760241706,-1.179024470547907,0.30743710632358173,2.2993392898300504,-1.177851894974348,0.38271364074285674,-0.3041918912684436,-1.173704231781191,-0.2262991435398101,2.872610552162881,1.0995939929030794,0.9841231756854657,0
1.7373691278115257,0.9009088760241706,0.8491410419312149,-0.37973658716555597,1.7923945586535535,0.9048055324001227,0.38271364074285674,0.2744324511807092,-0.3680608168140954,0.8057411717579506,2.6146050665171567,-1.7378166325244357,0.9841231756854657,0
3.601309101979284,0.9009088760241706,0.8491410419312149,0.3099638866181664,3.651191906300709,-1.177851894974348,0.06599664927436881,0.853056793629862,1.8407448792206904,-0.45564143582820127,1.582583123934258,-0.07108591549009124,0.9841231756854657,0
1.7373691278115257,0.9009088760241706,0.8491410419312149,0.30727918255517017,1.7923945586535535,0.21058638994196582,0.06599664927436881,-0.3041918912684436,0.3301634761573873,-0.45564143582820127,1.8405886095799828,0.028124246238143545,-1.0161329645585022,0
1.5679200392508204,0.9009088760241706,1.5251962127575889,-0.1233789339031017,1.9613761357123858,0.9048055324001227,0.38271364074285674,-1.461440576166749,-1.4993184453303918,0.3470565871811683,2.6146050665171567,-1.8171847619070236,0.9841231756854657,0
3.0929618362971683,0.9009088760241706,0.8491410419312149,0.3150016548304945,3.144247175124212,-1.177851894974348,-0.47242223622206064,0.853056793629862,-1.1233515183457474,-0.7996548742607882,1.8405886095799828,-1.7179746001787888,0.9841231756854657,0
1.398470950690115,-1.1099901739376037,-0.502969299721533,0.31691253242827416,1.1164682504182242,-1.177851894974348,0.22435514500861276,0.2744324511807092,-0.11965409719924096,-0.34097028968400567,1.3245776382885335,1.0599099282117854,0.9841231756854657,0
2.0762673049329363,-1.1099901739376037,-1.179024470547907,0.3201025925501873,1.9613761357123858,-1.177851894974348,-0.5674373336626071,0.2744324511807092,0.001192415045823164,-0.9143260204049839,2.098594095225707,0.2463866020402601,0.9841231756854657,0
1.906818216372231,-1.1099901739376037,0.8491410419312149,-0.22651894705267903,2.130357712771218,0.9048055324001227,0.38271364074285674,-1.461440576166749,1.0787404825643134,0.4617277333253637,1.582583123934258,-0.5076106270943244,-1.0161329645585022,1
2.5846145706150523,-1.1099901739376037,-1.179024470547907,0.3285357217833636,2.8062840210065474,-1.177851894974348,-1.042512820865339,-0.3041918912684436,-0.3680608168140954,-1.2583394588375707,2.872610552162881,-0.03140185079879733,0.9841231756854657,0
2.2457163934936415,0.9009088760241706,-0.502969299721533,0.32191871588692006,2.637302443947715,-1.177851894974348,-1.042512820865339,-0.3041918912684436,0.27645391515958084,-1.2583394588375707,1.582583123934258,-0.7655570475877348,0.9841231756854657,0
1.398470950690115,0.9009088760241706,1.5251962127575889,0.331141463962154,1.1164682504182242,-1.177851894974348,0.5410721364771007,1.4316811360790147,0.3234497810326616,-0.11162799739561437,2.098594095225707,1.337698381050843,-1.0161329645585022,0
1.5679200392508204,0.9009088760241706,-1.179024470547907,-0.7901646688903095,1.2854498274770565,0.9048055324001227,-1.042512820865339,-0.3041918912684436,2.6933841600608672,-0.45564143582820127,1.3245776382885335,0.14717644031202531,-1.0161329645585022,1
1.7373691278115257,0.9009088760241706,0.8491410419312149,-0.7923282245175476,1.1164682504182242,0.9048055324001227,-1.042512820865339,0.2744324511807092,0.001192415045823164,-0.45564143582820127,2.6146050665171567,-1.2616078562289088,0.9841231756854657,0
1.906818216372231,-1.1099901739376037,0.8491410419312149,-0.7910964191239376,1.9613761357123858,0.9048055324001227,-1.042512820865339,-0.3041918912684436,1.045172006940684,-0.45564143582820127,1.3245776382885335,0.16701847265767225,-1.0161329645585022,1
1.7373691278115257,0.9009088760241706,0.8491410419312149,-0.7741985759039027,0.9474866733593919,0.9048055324001227,-1.042512820865339,0.2744324511807092,0.001192415045823164,-0.45564143582820127,1.8405886095799828,0.9210157017922567,-1.0161329645585022,1
1.398470950690115,0.9009088760241706,1.5251962127575889,0.3440912129719004,1.1164682504182242,-1.177851894974348,0.5727438356239495,0.853056793629862,-1.173704231781191,-0.11162799739561437,1.582583123934258,0.9606997664835506,0.9841231756854657,0
1.398470950690115,-1.1099901739376037,-0.502969299721533,0.3463811076138677,1.4544314045358888,-1.177851894974348,-0.5674373336626071,0.853056793629862,0.5651428055227898,-0.9143260204049839,1.8405886095799828,0.6233852166075523,0.9841231756854657,0
1.5679200392508204,0.9009088760241706,1.5251962127575889,0.34548094213392194,1.2854498274770565,-1.177851894974348,2.2830155895537843,1.4316811360790147,0.001192415045823164,1.1497546101905376,2.872610552162881,-0.5274526594399713,0.9841231756854657,0
2.0762673049329363,0.9009088760241706,-1.179024470547907,-0.7225259188796466,2.2993392898300504,0.9048055324001227,-1.042512820865339,1.4316811360790147,-0.25392799969375696,-0.570312581972397,2.872610552162881,0.9408577341379036,-1.0161329645585022,0
1.5679200392508204,0.9009088760241706,-1.179024470547907,0.3494132439673693,1.1164682504182242,-1.177851894974348,-0.21508968065391423,-0.3041918912684436,0.665848232393677,-0.6849837281165926,1.3245776382885335,-0.11076998018138517,0.9841231756854657,0
2.923512747736463,-1.1099901739376037,-1.179024470547907,-0.704633155918619,2.8062840210065474,0.9048055324001227,-1.042512820865339,0.2744324511807092,0.001192415045823164,-0.570312581972397,1.3245776382885335,0.4844909901880236,0.9841231756854657,0
1.7373691278115257,0.9009088760241706,0.8491410419312149,0.3437753654350773,1.9613761357123858,-1.177851894974348,0.19268344586176397,-0.3041918912684436,0.001192415045823164,-0.34097028968400567,2.356599580871432,0.06780831092943747,0.9841231756854657,0
1.7373691278115257,-1.1099901739376037,0.8491410419312149,0.3465548237591204,1.4544314045358888,-1.177851894974348,0.8577891279455886,1.4316811360790147,-0.46205254856025635,0.1177142948927768,2.6146050665171567,0.46464895784237664,0.9841231756854657,0
3.431860013418579,-1.1099901739376037,0.8491410419312149,-0.6965948361064715,3.8201734833595413,0.9048055324001227,-1.042512820865339,-1.461440576166749,0.4980058542755321,-0.6849837281165926,2.098594095225707,1.1789621222856672,-1.0161329645585022,1
2.5846145706150523,0.9009088760241706,0.8491410419312149,0.3484341166032177,2.4683208668888827,-1.177851894974348,0.38271364074285674,-1.461440576166749,-1.8752853723150364,-0.2262991435398101,2.6146050665171567,0.305912699077201,0.9841231756854657,0
1.906818216372231,-1.1099901739376037,1.5251962127575889,0.3490500193000228,2.2993392898300504,0.21058638994196582,0.04620183730758831,-0.8828162337175963,-1.173704231781191,-0.45564143582820127,2.356599580871432,0.9606997664835506,-1.0161329645585022,0
1.398470950690115,0.9009088760241706,-0.502969299721533,0.3457336201633804,0.9474866733593919,-1.177851894974348,-1.359229812333827,1.4316811360790147,-1.173704231781191,-1.487681751125962,2.6146050665171567,0.286070666731554,-1.0161329645585022,0
1.7373691278115257,0.9009088760241706,0.8491410419312149,-0.07473841323234712,2.130357712771218,0.9048055324001227,0.38271364074285674,-1.461440576166749,0.001192415045823164,0.23238544103697253,2.6146050665171567,-0.9441353386985575,0.9841231756854657,0
2.0762673049329363,0.9009088760241706,-1.179024470547907,0.34747078161590733,2.130357712771218,-1.177851894974348,1.3209877279682523,-0.3041918912684436,1.092167872813765,0.4617277333253637,2.6146050665171567,-0.5472946917856183,0.9841231756854657,0
1.906818216372231,0.9009088760241706,0.8491410419312149,0.34873417176319965,1.6234129815947211,-1.177851894974348,-0.8841543251310949,-0.8828162337175963,-0.46205254856025635,-1.143668312693375,1.582583123934258,-2.5513399586959613,0.9841231756854657,0
3.601309101979284,-1.1099901739376037,0.8491410419312149,0.35081876550623203,3.651191906300709,-1.177851894974348,0.6994306322113446,0.2744324511807092,0.2965950005337584,0.003043148748581378,2.872610552162881,1.6750129309268411,-1.0161329645585022,0
1.398470950690115,0.9009088760241706,1.5251962127575889,0.36586890063585187,1.6234129815947211,-1.177851894974348,-0.963333572998217,0.853056793629862,0.5651428055227898,-1.2583394588375707,2.6146050665171567,0.9408577341379036,-1.0161329645585022,0
3.262410924857874,0.9009088760241706,1.5251962127575889,-0.021518103277657852,2.8062840210065474,0.9048055324001227,0.38271364074285674,-0.8828162337175963,-1.8752853723150364,0.1177142948927768,2.872610552162881,-0.7060309505507939,0.9841231756854657,0
1.5679200392508204,-1.1099901739376037,1.5251962127575889,-0.012374317086629635,1.6234129815947211,0.9048055324001227,0.38271364074285674,0.853056793629862,1.8407448792206904,0.1177142948927768,2.872610552162881,0.6829113136444932,0.9841231756854657,0
1.5679200392508204,0.9009088760241706,1.5251962127575889,-0.013843008132856965,0.9474866733593919,0.9048055324001227,0.38271364074285674,-0.8828162337175963,0.9981761410676039,0.1177142948927768,2.356599580871432,0.18686050500331922,0.9841231756854657,0
1.906818216372231,0.9009088760241706,-1.179024470547907,0.05488541587984561,1.7923945586535535,0.9048055324001227,0.38271364074285674,0.2744324511807092,-0.5627579754311435,0.003043148748581378,2.6146050665171567,-0.190138109563973,0.9841231756854657,0
2.0762673049329363,0.9009088760241706,-1.179024470547907,0.3667374813621153,1.9613761357123858,-1.177851894974348,-0.7257958293968509,-0.3041918912684436,1.0955247203761276,-1.0289971665491795,2.6146050665171567,0.06780831092943747,-1.0161329645585022,0
2.415165482054347,0.9009088760241706,1.5251962127575889,0.08542787269063762,1.7923945586535535,0.9048055324001227,0.38271364074285674,0.2744324511807092,0.001192415045823164,0.003043148748581378,1.582583123934258,1.0003838311748445,0.9841231756854657,0
1.7373691278115257,-1.1099901739376037,0.8491410419312149,0.3599941364509425,1.9613761357123858,-1.177851894974348,0.8577891279455886,1.4316811360790147,-1.6705176710108995,0.1177142948927768,2.356599580871432,0.14717644031202531,0.9841231756854657,0
1.5679200392508204,-1.1099901739376037,0.8491410419312149,0.3662637100568807,1.4544314045358888,-1.177851894974348,-0.646616581529729,-0.3041918912684436,0.5651428055227898,-1.0289971665491795,1.3245776382885335,-2.2933935382025505,0.9841231756854657,0
1.5679200392508204,0.9009088760241706,0.8491410419312149,0.3597572507983252,1.4544314045358888,-1.177851894974348,0.06599664927436881,-0.3041918912684436,-0.34120603631519225,-0.45564143582820127,2.6146050665171567,1.6551708985811941,0.9841231756854657,0
1.5679200392508204,-1.1099901739376037,-1.179024470547907,0.36747972307364957,1.4544314045358888,-1.177851894974348,-0.2507203421941191,-0.3041918912684436,0.3301634761573873,-0.6849837281165926,2.872610552162881,-1.12271362980938,-1.0161329645585022,0
1.7373691278115257,0.9009088760241706,0.8491410419312149,0.36514245130115874,0.9474866733593919,-1.177851894974348,-0.5674373336626071,0.853056793629862,-0.005521280078902488,-0.9143260204049839,2.098594095225707,-0.6068207888225592,-1.0161329645585022,0
1.398470950690115,0.9009088760241706,-1.179024470547907,0.13327877451933448,1.2854498274770565,-1.177851894974348,-0.2507203421941191,-1.461440576166749,2.17642963545698,-0.570312581972397,2.872610552162881,-0.9441353386985575,-1.0161329645585022,1
1.398470950690115,-1.1099901739376037,0.8491410419312149,0.13285238034462332,1.2854498274770565,0.9048055324001227,0.38271364074285674,1.4316811360790147,-1.1233515183457474,0.003043148748581378,1.582583123934258,0.9408577341379036,-1.0161329645585022,0
1.5679200392508204,-1.1099901739376037,-1.179024470547907,0.3598993821898956,2.2993392898300504,-1.177851894974348,-0.6307807319563046,1.4316811360790147,-1.8752853723150364,-1.0289971665491795,1.8405886095799828,-0.7853990799333818,0.9841231756854657,0
1.7373691278115257,0.9009088760241706,0.8491410419312149,0.3627578023981445,1.7923945586535535,-1.177851894974348,0.06599664927436881,1.4316811360790147,0.001192415045823164,-0.45564143582820127,1.582583123934258,0.38528082845978884,0.9841231756854657,0
2.415165482054347,0.9009088760241706,0.17308587110484092,0.35898342433310865,2.4683208668888827,-1.177851894974348,-0.17154109432699713,-0.3041918912684436,1.5352717510456675,-0.6849837281165926,1.582583123934258,1.9528013837658986,-1.0161329645585022,0
1.5679200392508204,-1.1099901739376037,0.8491410419312149,-0.5418137506863203,1.4544314045358888,0.21058638994196582,-0.5555604464825388,1.4316811360790147,0.2865244578466693,-0.11162799739561437,2.098594095225707,0.08765034327508442,0.9841231756854657,0
1.906818216372231,0.9009088760241706,-1.179024470547907,0.3599625516972602,1.9613761357123858,-1.177851894974348,-0.7257958293968509,1.4316811360790147,0.2865244578466693,-1.0289971665491795,2.356599580871432,0.5837011519162584,0.9841231756854657,0
3.431860013418579,-1.1099901739376037,0.8491410419312149,0.37193317334285503,3.144247175124212,-1.177851894974348,0.06599664927436881,-0.8828162337175963,-1.173704231781191,-0.45564143582820127,1.8405886095799828,-0.07108591549009124,-1.0161329645585022,0
1.5679200392508204,-1.1099901739376037,-0.502969299721533,-0.4498547403402801,1.6234129815947211,0.9048055324001227,-1.042512820865339,1.4316811360790147,-1.173704231781191,-0.9143260204049839,1.8405886095799828,-1.3409759856114967,0.9841231756854657,0
3.262410924857874,-1.1099901739376037,0.8491410419312149,0.366911197507368,3.651191906300709,-1.177851894974348,-0.646616581529729,-1.461440576166749,-1.4254677989584081,-1.0289971665491795,1.582583123934258,-1.0433455004267922,0.9841231756854657,0
2.2457163934936415,0.9009088760241706,0.8491410419312149,-0.5434245731241181,2.4683208668888827,0.21058638994196582,0.06599664927436881,1.4316811360790147,0.9343960373827085,0.9204123179021463,1.8405886095799828,1.0400678958661385,0.9841231756854657,0
2.0762673049329363,0.9009088760241706,0.8491410419312149,0.3670849136526207,1.7923945586535535,-1.177851894974348,0.06599664927436881,-0.8828162337175963,0.6255660616453219,-0.45564143582820127,1.3245776382885335,0.22654456969461315,0.9841231756854657,0
1.398470950690115,-1.1099901739376037,0.8491410419312149,0.3652845826927292,0.9474866733593919,0.21058638994196582,-0.2507203421941191,-0.8828162337175963,1.327147202179168,-0.6849837281165926,2.098594095225707,1.238488219322608,-1.0161329645585022,0
2.5846145706150523,0.9009088760241706,0.8491410419312149,0.17429157717581165,2.4683208668888827,0.9048055324001227,0.38271364074285674,-0.3041918912684436,-1.0427871768490378,-0.11162799739561437,2.6146050665171567,1.754381060309429,0.9841231756854657,0
1.5679200392508204,0.9009088760241706,0.8491410419312149,0.36102064094561753,1.6234129815947211,0.21058638994196582,0.06599664927436881,-0.8828162337175963,2.491973306319093,-0.45564143582820127,2.6146050665171567,-1.142555662155027,-1.0161329645585022,0
2.923512747736463,0.9009088760241706,0.8491410419312149,-0.5501047485279262,2.8062840210065474,0.21058638994196582,-1.2008713165995828,0.853056793629862,-1.173704231781191,-1.143668312693375,2.6146050665171567,0.6233852166075523,-1.0161329645585022,0
1.906818216372231,-1.1099901739376037,0.8491410419312149,0.36476343425697105,1.7923945586535535,-1.177851894974348,0.38271364074285674,0.853056793629862,-0.5661148229935064,-0.2262991435398101,1.8405886095799828,1.238488219322608,0.9841231756854657,0
3.0929618362971683,0.9009088760241706,1.5251962127575889,0.363421082225473,3.4822103292418767,-0.4836327525161911,-1.359229812333827,-0.3041918912684436,-1.1166378232210217,-1.487681751125962,1.582583123934258,2.27027390129625,-1.0161329645585022,0
3.262410924857874,0.9009088760241706,0.8491410419312149,0.3643370400822599,2.9752655980653797,-1.177851894974348,0.06599664927436881,-0.3041918912684436,-0.9857207682888686,-0.45564143582820127,2.356599580871432,-0.44808453005738347,0.9841231756854657,0
3.0929618362971683,0.9009088760241706,0.8491410419312149,0.360452115379336,2.9752655980653797,0.21058638994196582,-0.7257958293968509,1.4316811360790147,-1.2005590122800942,-1.0289971665491795,1.8405886095799828,-0.011559818453150373,0.9841231756854657,0
2.754063659175758,0.9009088760241706,0.17308587110484092,0.3668954051305269,2.130357712771218,-1.177851894974348,-0.4090788379283631,0.853056793629862,-0.12972463988633004,-0.7996548742607882,1.582583123934258,0.18686050500331922,0.9841231756854657,0
1.906818216372231,-1.1099901739376037,0.8491410419312149,0.38219821828960515,1.4544314045358888,-1.177851894974348,-0.17154109432699713,-0.3041918912684436,-1.6705176710108995,-0.6849837281165926,1.3245776382885335,1.2186461869769611,0.9841231756854657,0
1.398470950690115,-1.1099901739376037,1.5251962127575889,-0.04986541970752943,1.4544314045358888,-1.177851894974348,-0.527847709729046,0.2744324511807092,0.8336906105118219,-0.6849837281165926,1.582583123934258,0.7622794430270811,-1.0161329645585022,1
2.415165482054347,-1.1099901739376037,0.8491410419312149,0.19310029799362616,2.8062840210065474,0.9048055324001227,0.38271364074285674,-0.8828162337175963,1.3103629643673533,-0.11162799739561437,1.582583123934258,-0.6068207888225592,-1.0161329645585022,1
2.415165482054347,0.9009088760241706,-1.179024470547907,0.30686858075730017,2.4683208668888827,0.9048055324001227,0.38271364074285674,1.4316811360790147,0.7497694214527494,-0.2262991435398101,1.8405886095799828,1.5162766721616654,0.9841231756854657,0
3.431860013418579,-1.1099901739376037,0.17308587110484092,0.3276671410571001,2.4683208668888827,0.9048055324001227,0.38271364074285674,1.4316811360790147,-0.005521280078902488,-0.2262991435398101,2.872610552162881,1.9131173190746047,-1.0161329645585022,0
2.5846145706150523,0.9009088760241706,0.17308587110484092,0.3841406806410671,2.637302443947715,-1.177851894974348,0.06599664927436881,-0.3041918912684436,-0.34120603631519225,-0.45564143582820127,2.098594095225707,0.7225953783357871,0.9841231756854657,0
2.754063659175758,0.9009088760241706,1.5251962127575889,-0.5678395877205422,2.9752655980653797,0.21058638994196582,-0.8841543251310949,-0.8828162337175963,1.7736079279734327,-0.570312581972397,1.3245776382885335,1.774223092655076,-1.0161329645585022,0
1.398470950690115,0.9009088760241706,0.8491410419312149,-0.5623754253335029,1.2854498274770565,0.21058638994196582,0.06599664927436881,0.2744324511807092,1.7736079279734327,1.035083464046342,2.872610552162881,-0.9242933063529105,0.9841231756854657,0
2.5846145706150523,0.9009088760241706,1.5251962127575889,0.38162969272332364,2.130357712771218,-1.177851894974348,-1.1691996174527342,1.4316811360790147,0.001192415045823164,-1.3730106049817663,2.6146050665171567,0.6233852166075523,-1.0161329645585022,0
2.5846145706150523,-1.1099901739376037,-1.179024470547907,0.3836984940895148,2.637302443947715,-1.177851894974348,-0.4882580857954851,-0.3041918912684436,-1.0964967378468442,-0.9143260204049839,1.8405886095799828,0.6035431842619053,0.9841231756854657,0
1.398470950690115,-1.1099901739376037,-1.179024470547907,0.3579095427079102,1.4544314045358888,0.9048055324001227,0.38271364074285674,0.2744324511807092,-1.2475548781531747,-0.2262991435398101,2.098594095225707,1.4964346398160184,0.9841231756854657,0
1.5679200392508204,0.9009088760241706,0.17308587110484092,0.3914367587416803,1.4544314045358888,-1.177851894974348,-0.4882580857954851,-0.8828162337175963,-1.2979075915886182,-0.9143260204049839,1.8405886095799828,2.3297999983331907,-1.0161329645585022,0
2.0762673049329363,-1.1099901739376037,1.5251962127575889,0.3963166031855969,1.6234129815947211,-1.177851894974348,0.06599664927436881,-0.3041918912684436,-0.25392799969375696,-0.45564143582820127,2.6146050665171567,-0.26950623894656084,0.9841231756854657,0
3.262410924857874,0.9009088760241706,0.8491410419312149,0.3909787798132868,3.4822103292418767,-1.177851894974348,2.2830155895537843,0.2744324511807092,0.001192415045823164,1.035083464046342,2.872610552162881,1.4567505751247247,-1.0161329645585022,0
1.906818216372231,-1.1099901739376037,0.8491410419312149,0.3644791714738303,1.9613761357123858,0.9048055324001227,0.38271364074285674,-0.3041918912684436,-1.6705176710108995,-0.2262991435398101,1.582583123934258,-1.7775006972157297,0.9841231756854657,0
1.7373691278115257,0.9009088760241706,-1.179024470547907,0.39230533946794377,1.1164682504182242,-1.177851894974348,-0.7257958293968509,0.853056793629862,1.5352717510456675,-1.0289971665491795,1.582583123934258,1.5559607368529593,0.9841231756854657,0
3.0929618362971683,-1.1099901739376037,-1.179024470547907,0.39871704446545236,2.8062840210065474,-1.177851894974348,0.06599664927436881,1.4316811360790147,-0.6936750303632967,-0.45564143582820127,2.356599580871432,-0.40840046536608954,0.9841231756854657,0
1.906818216372231,-1.1099901739376037,-1.179024470547907,0.3650950741706353,1.9613761357123858,0.9048055324001227,0.38271364074285674,-0.8828162337175963,-0.08944246913797492,-0.2262991435398101,1.8405886095799828,0.22654456969461315,-1.0161329645585022,0
3.601309101979284,-1.1099901739376037,-1.179024470547907,0.17350195833375395,4.327118214536038,-1.177851894974348,0.952804225386135,-1.461440576166749,2.102578989084997,0.3470565871811683,1.3245776382885335,1.6750129309268411,-1.0161329645585022,1
2.2457163934936415,0.9009088760241706,0.17308587110484092,0.17604453100517975,2.130357712771218,-1.177851894974348,-0.7574675285436998,-1.461440576166749,1.5352717510456675,-1.0289971665491795,2.356599580871432,1.9329593514202517,-1.0161329645585022,1
3.601309101979284,0.9009088760241706,-1.179024470547907,0.4234005294681762,3.4822103292418767,0.9048055324001227,0.38271364074285674,1.4316811360790147,-1.4724636648314886,-0.34097028968400567,2.872610552162881,1.5758027691986063,-1.0161329645585022,0
2.2457163934936415,0.9009088760241706,-1.179024470547907,0.3994908709306689,2.2993392898300504,-1.177851894974348,-0.09236184645987515,0.853056793629862,1.676259348664909,-0.570312581972397,1.582583123934258,-0.17029607721832604,0.9841231756854657,0
3.262410924857874,-1.1099901739376037,-1.179024470547907,0.40231770638523545,3.651191906300709,-1.177851894974348,0.06599664927436881,0.853056793629862,0.001192415045823164,-0.570312581972397,1.3245776382885335,-0.5869787564769122,-1.0161329645585022,0
3.0929618362971683,0.9009088760241706,0.8491410419312149,0.39868545971177005,3.4822103292418767,-1.177851894974348,1.6495816066168083,0.853056793629862,0.4711510737766289,0.5763988794695595,2.872610552162881,0.305912699077201,-1.0161329645585022,0
1.5679200392508204,0.9009088760241706,0.8491410419312149,0.46008622087017714,0.9474866733593919,0.9048055324001227,0.38271364074285674,0.853056793629862,-1.173704231781191,-0.34097028968400567,1.8405886095799828,0.821805540064022,0.9841231756854657,0
2.0762673049329363,0.9009088760241706,0.8491410419312149,0.4018913122105243,1.6234129815947211,-1.177851894974348,1.2695212168546228,0.853056793629862,-1.0427871768490378,0.3470565871811683,1.8405886095799828,1.1194360252487263,0.9841231756854657,0
3.601309101979284,-1.1099901739376037,-1.179024470547907,0.45964403431862483,2.9752655980653797,0.9048055324001227,0.38271364074285674,-0.8828162337175963,0.001192415045823164,-0.34097028968400567,2.6146050665171567,0.32575473142284794,0.9841231756854657,0
1.5679200392508204,0.9009088760241706,-1.179024470547907,0.4229109657861004,1.2854498274770565,-1.177851894974348,0.7390202561449056,-0.8828162337175963,0.2965950005337584,-0.11162799739561437,2.098594095225707,0.0479662785837905,-1.0161329645585022,0
1.398470950690115,0.9009088760241706,0.17308587110484092,0.5161807434099565,1.2854498274770565,0.9048055324001227,0.38271364074285674,0.853056793629862,0.830333762949459,-0.34097028968400567,1.582583123934258,1.4964346398160184,-1.0161329645585022,0
1.5679200392508204,-1.1099901739376037,-0.502969299721533,0.4220108003061546,1.1164682504182242,-1.177851894974348,0.05411976209430051,-0.3041918912684436,0.001192415045823164,-0.570312581972397,2.6146050665171567,0.9805417988291976,-1.0161329645585022,0
2.2457163934936415,0.9009088760241706,0.8491410419312149,0.4195471895189346,2.9752655980653797,-1.177851894974348,-0.8841543251310949,-0.3041918912684436,-1.2979075915886182,-1.143668312693375,2.872610552162881,0.008282213892496587,-1.0161329645585022,0
1.5679200392508204,0.9009088760241706,-0.502969299721533,0.4199104141862811,2.2993392898300504,-1.177851894974348,0.38271364074285674,1.4316811360790147,-1.173704231781191,-0.34097028968400567,2.872610552162881,1.3972244780877838,-1.0161329645585022,0
1.398470950690115,0.9009088760241706,-1.179024470547907,0.5582200505611086,1.4544314045358888,0.9048055324001227,0.38271364074285674,0.853056793629862,-0.005521280078902488,-0.45564143582820127,1.3245776382885335,0.8416475724096689,-1.0161329645585022,0
1.5679200392508204,-1.1099901739376037,-0.502969299721533,0.41815746035691304,1.9613761357123858,-1.177851894974348,-1.359229812333827,1.4316811360790147,0.830333762949459,-1.487681751125962,1.3245776382885335,-0.46792656240303043,0.9841231756854657,0
2.415165482054347,-1.1099901739376037,1.5251962127575889,0.1381902037169334,2.2993392898300504,0.9048055324001227,0.38271364074285674,0.2744324511807092,1.934736610966852,0.003043148748581378,1.8405886095799828,-0.13061201252703214,-1.0161329645585022,1
1.5679200392508204,0.9009088760241706,0.8491410419312149,0.4284856748110278,1.7923945586535535,-1.177851894974348,0.8577891279455886,-0.3041918912684436,-0.29085332287974863,0.003043148748581378,2.098594095225707,0.8813316371009629,0.9841231756854657,0
3.601309101979284,0.9009088760241706,-1.179024470547907,0.43145464165716474,3.3132287521830444,-1.177851894974348,1.6495816066168083,0.2744324511807092,0.9780350556934264,0.5763988794695595,2.098594095225707,1.8139071573463699,0.9841231756854657,0
2.2457163934936415,0.9009088760241706,-0.502969299721533,0.6512687349091885,2.4683208668888827,0.9048055324001227,0.38271364074285674,0.853056793629862,-0.08944246913797492,-0.45564143582820127,2.098594095225707,-0.5472946917856183,-1.0161329645585022,0
1.5679200392508204,0.9009088760241706,-1.179024470547907,0.44201974176389686,1.2854498274770565,-1.177851894974348,-0.9474977234247925,1.4316811360790147,-1.4724636648314886,-1.2583394588375707,2.872610552162881,1.1392780575943733,0.9841231756854657,0
1.7373691278115257,-1.1099901739376037,0.8491410419312149,0.4389718130335541,1.4544314045358888,-1.177851894974348,-0.5674373336626071,0.853056793629862,-1.8752853723150364,-0.9143260204049839,1.8405886095799828,-0.15045404487267908,-1.0161329645585022,0
1.7373691278115257,-1.1099901739376037,-1.179024470547907,0.4363029013473991,2.130357712771218,-1.177851894974348,0.06599664927436881,-0.8828162337175963,0.001192415045823164,-0.570312581972397,1.8405886095799828,1.0202258635204915,0.9841231756854657,0
3.601309101979284,0.9009088760241706,-1.179024470547907,0.21533596458597112,3.651191906300709,-1.177851894974348,1.0161476236798326,-1.461440576166749,1.0351014642535956,0.3470565871811683,1.582583123934258,0.20670253734896618,-1.0161329645585022,1
1.5679200392508204,-1.1099901739376037,-0.502969299721533,0.44303045388173073,1.4544314045358888,-1.177851894974348,-0.7257958293968509,-0.8828162337175963,-1.3751150855229646,-1.0289971665491795,2.356599580871432,-1.102871597463733,0.9841231756854657,0
2.0762673049329363,0.9009088760241706,1.5251962127575889,-0.5608119800262287,1.9613761357123858,0.21058638994196582,-1.2008713165995828,-0.8828162337175963,0.860545391010725,-1.0289971665491795,1.582583123934258,0.40512286080543575,-1.0161329645585022,0
3.77075819053999,-1.1099901739376037,0.8491410419312149,1.0264640239013272,3.8201734833595413,0.9048055324001227,0.38271364074285674,0.2744324511807092,-0.4654093961226198,-0.6849837281165926,1.582583123934258,0.40512286080543575,0.9841231756854657,0
2.2457163934936415,0.9009088760241706,0.8491410419312149,0.4598177504638775,1.9613761357123858,-1.177851894974348,0.8577891279455886,1.4316811360790147,0.8336906105118219,0.003043148748581378,2.356599580871432,1.258330251668255,-1.0161329645585022,0
2.2457163934936415,0.9009088760241706,0.8491410419312149,1.1262876379142621,2.130357712771218,0.9048055324001227,0.38271364074285674,-1.461440576166749,0.8336906105118219,-0.6849837281165926,1.582583123934258,1.3972244780877838,-1.0161329645585022,0
1.7373691278115257,0.9009088760241706,-1.179024470547907,1.1193389921041543,1.6234129815947211,0.9048055324001227,0.38271364074285674,-0.8828162337175963,-1.1233515183457474,-0.6849837281165926,2.098594095225707,1.35754041339649,-1.0161329645585022,0
1.398470950690115,-1.1099901739376037,0.8491410419312149,0.4611285177416933,1.4544314045358888,0.21058638994196582,-0.9158260242779438,-0.3041918912684436,-1.6705176710108995,-1.2583394588375707,2.098594095225707,-1.0433455004267922,0.9841231756854657,0
1.398470950690115,-1.1099901739376037,1.5251962127575889,0.45986512759440096,1.4544314045358888,-1.177851894974348,0.38271364074285674,-0.8828162337175963,-1.4724636648314886,-0.34097028968400567,1.8405886095799828,0.9210157017922567,0.9841231756854657,0
2.2457163934936415,0.9009088760241706,-1.179024470547907,0.8951188257134487,2.2993392898300504,0.9048055324001227,0.38271364074285674,1.4316811360790147,1.676259348664909,-0.570312581972397,2.356599580871432,0.782121475372728,-1.0161329645585022,1
1.7373691278115257,-1.1099901739376037,-0.502969299721533,0.46273934017949103,1.9613761357123858,-1.177851894974348,2.4413740852880284,-0.8828162337175963,0.001192415045823164,1.035083464046342,2.872610552162881,0.821805540064022,-1.0161329645585022,0
2.0762673049329363,0.9009088760241706,0.8491410419312149,0.45773315672084514,1.6234129815947211,-1.177851894974348,-1.0741845200121878,-1.461440576166749,-0.11965409719924096,-1.2583394588375707,2.098594095225707,-0.8250831446246757,-1.0161329645585022,0
2.2457163934936415,0.9009088760241706,-0.502969299721533,0.45918605539023133,2.9752655980653797,-1.177851894974348,0.5727438356239495,1.4316811360790147,-1.4724636648314886,-0.2262991435398101,1.8405886095799828,-1.5393963090679663,0.9841231756854657,0
1.5679200392508204,-1.1099901739376037,-1.179024470547907,0.4559959952683182,1.4544314045358888,-1.177851894974348,-0.8841543251310949,0.2744324511807092,-1.4724636648314886,-1.143668312693375,2.6146050665171567,1.0797519605574324,0.9841231756854657,0
1.7373691278115257,0.9009088760241706,0.8491410419312149,0.22525357724221587,1.4544314045358888,-1.177851894974348,0.8577891279455886,-0.3041918912684436,1.4312094766124175,0.23238544103697253,2.872610552162881,-0.686188918205147,-1.0161329645585022,1
1.906818216372231,0.9009088760241706,-0.502969299721533,3.963009120383406,1.1164682504182242,0.9048055324001227,0.38271364074285674,0.853056793629862,-0.8447331706696268,-1.143668312693375,2.098594095225707,1.0797519605574324,0.9841231756854657,0
1.398470950690115,-1.1099901739376037,-0.502969299721533,-0.33671815265025223,1.6234129815947211,0.9048055324001227,0.40646741510299333,0.853056793629862,-1.7510820125076092,0.8057411717579506,2.098594095225707,-1.6187644384505542,0.9841231756854657,0
1.7373691278115257,-1.1099901739376037,-1.179024470547907,0.45405353291685624,1.7923945586535535,-1.177851894974348,-0.4090788379283631,-1.461440576166749,-1.3482603050240614,-0.9143260204049839,2.6146050665171567,0.9011736694466097,0.9841231756854657,0
2.923512747736463,-1.1099901739376037,-1.179024470547907,0.4568645759945817,2.8062840210065474,-1.177851894974348,-1.121692068732461,1.4316811360790147,0.3301634761573873,-1.3730106049817663,1.8405886095799828,2.0520115454941332,0.9841231756854657,0
1.906818216372231,-1.1099901739376037,-0.502969299721533,0.4568487836177405,1.7923945586535535,-1.177851894974348,1.3328646151483206,0.2744324511807092,-0.005521280078902488,0.3470565871811683,1.3245776382885335,-0.8846092416616166,0.9841231756854657,0
1.7373691278115257,-1.1099901739376037,-1.179024470547907,0.4611601024953756,2.130357712771218,-1.177851894974348,1.8079401023510524,1.4316811360790147,-0.1397951825734185,0.5763988794695595,1.3245776382885335,0.5638591195706114,-1.0161329645585022,0
1.906818216372231,-1.1099901739376037,0.8491410419312149,0.4578594957355744,2.130357712771218,-1.177851894974348,0.1451758971414908,1.4316811360790147,-1.1233515183457474,-0.45564143582820127,1.582583123934258,-0.46792656240303043,0.9841231756854657,0
1.5679200392508204,-1.1099901739376037,1.5251962127575889,0.23452370244797333,1.2854498274770565,-1.177851894974348,-0.6307807319563046,0.853056793629862,-0.08944246913797492,-0.9143260204049839,1.582583123934258,0.2463866020402601,-1.0161329645585022,1
1.906818216372231,0.9009088760241706,-0.502969299721533,0.4660873240698157,2.4683208668888827,-1.177851894974348,-0.7891392276905486,0.853056793629862,0.03476089066945202,-1.143668312693375,1.3245776382885335,-1.2417658238832618,0.9841231756854657,0
1.398470950690115,0.9009088760241706,0.8491410419312149,-0.561364713215669,1.2854498274770565,0.9048055324001227,0.4420980766431982,1.4316811360790147,1.0955247203761276,1.6084391947673204,2.6146050665171567,0.40512286080543575,-1.0161329645585022,1
1.398470950690115,0.9009088760241706,-1.179024470547907,-0.46675258356031496,1.7923945586535535,0.9048055324001227,0.4460570390365543,-1.461440576166749,-0.11965409719924096,1.2644257563347332,2.098594095225707,0.7225953783357871,0.9841231756854657,0
1.5679200392508204,0.9009088760241706,0.8491410419312149,-0.40405684750093324,1.2854498274770565,0.9048055324001227,0.4460570390365543,0.2744324511807092,0.0851136041048956,1.035083464046342,2.098594095225707,1.2186461869769611,0.9841231756854657,0
1.5679200392508204,-1.1099901739376037,-1.179024470547907,-0.582779176212274,1.7923945586535535,0.21058638994196582,0.5806617604106616,0.853056793629862,0.23617174441122635,1.952452633199907,2.098594095225707,0.5440170872249644,0.9841231756854657,0
1.5679200392508204,0.9009088760241706,0.8491410419312149,0.4553800925715132,1.6234129815947211,-1.177851894974348,1.9662985980852963,-1.461440576166749,-0.7138161157374736,0.6910700256137552,1.582583123934258,0.9408577341379036,-1.0161329645585022,0
2.5846145706150523,0.9009088760241706,0.8491410419312149,0.4613969881479929,2.8062840210065474,-1.177851894974348,0.8577891279455886,1.4316811360790147,1.159304824061023,0.003043148748581378,1.3245776382885335,-0.190138109563973,0.9841231756854657,0
2.415165482054347,-1.1099901739376037,-1.179024470547907,0.22755926426102438,2.2993392898300504,-1.177851894974348,-0.4090788379283631,-1.461440576166749,-1.8752853723150364,-0.7996548742607882,2.356599580871432,1.4170665104334308,-1.0161329645585022,1
3.0929618362971683,-1.1099901739376037,1.5251962127575889,0.4565487284577586,3.144247175124212,-1.177851894974348,1.6495816066168083,-1.461440576166749,-1.3751150855229646,0.4617277333253637,2.6146050665171567,2.6075884511722482,-1.0161329645585022,0
2.415165482054347,0.9009088760241706,0.8491410419312149,-0.48608245281388757,2.9752655980653797,0.9048055324001227,-1.0741845200121878,1.4316811360790147,0.001192415045823164,-0.9143260204049839,1.582583123934258,-0.011559818453150373,0.9841231756854657,0
2.2457163934936415,0.9009088760241706,-0.502969299721533,0.45553801633992475,2.130357712771218,0.21058638994196582,-0.2507203421941191,1.4316811360790147,-1.173704231781191,-0.7996548742607882,2.6146050665171567,1.8337491896920168,-1.0161329645585022,0
1.398470950690115,0.9009088760241706,-1.179024470547907,0.23262861722703485,1.2854498274770565,-1.177851894974348,0.0026532509806712224,-1.461440576166749,0.9981761410676039,-0.45564143582820127,1.8405886095799828,0.3654387961141419,-1.0161329645585022,1
2.2457163934936415,0.9009088760241706,-1.179024470547907,0.4613811957711518,1.9613761357123858,-1.177851894974348,-1.042512820865339,-0.8828162337175963,-1.2979075915886182,-1.2583394588375707,2.098594095225707,0.821805540064022,-1.0161329645585022,0
2.923512747736463,0.9009088760241706,-0.502969299721533,-0.3509786689378144,3.144247175124212,0.9048055324001227,-1.0741845200121878,0.2744324511807092,-0.4654093961226198,-1.0289971665491795,1.3245776382885335,-1.4997122443766724,0.9841231756854657,0
3.0929618362971683,-1.1099901739376037,-1.179024470547907,-0.3185253345292427,2.9752655980653797,0.9048055324001227,-1.0741845200121878,0.2744324511807092,-0.1397951825734185,-1.0289971665491795,1.8405886095799828,-1.3211339532658497,0.9841231756854657,0
3.77075819053999,0.9009088760241706,0.8491410419312149,0.4540377405400151,3.8201734833595413,-1.177851894974348,2.2830155895537843,1.4316811360790147,0.11868207972852446,0.9204123179021463,1.8405886095799828,0.8614896047553159,0.9841231756854657,0
1.7373691278115257,0.9009088760241706,-1.179024470547907,0.45825430515660326,1.4544314045358888,-1.177851894974348,0.6994306322113446,0.853056793629862,0.5785701957722418,-0.11162799739561437,1.582583123934258,-0.051243883144444294,0.9841231756854657,0
1.398470950690115,0.9009088760241706,-1.179024470547907,-0.5857639354352522,1.4544314045358888,0.21058638994196582,-0.5674373336626071,1.4316811360790147,0.16232109803924238,0.003043148748581378,1.8405886095799828,1.35754041339649,-1.0161329645585022,0
1.398470950690115,0.9009088760241706,-0.502969299721533,0.1162861770382527,1.7923945586535535,0.9048055324001227,-1.0741845200121878,-1.461440576166749,0.001192415045823164,-1.2583394588375707,2.6146050665171567,0.9606997664835506,-1.0161329645585022,0
1.906818216372231,-1.1099901739376037,-1.179024470547907,-0.5874379273804144,1.4544314045358888,0.21058638994196582,-0.4407505370752119,0.853056793629862,-0.8447331706696268,0.23238544103697253,2.356599580871432,1.1591200899400202,-1.0161329645585022,0
1.7373691278115257,0.9009088760241706,-1.179024470547907,0.46076529307434677,1.6234129815947211,-1.177851894974348,0.0026532509806712224,-0.3041918912684436,0.9780350556934264,-0.570312581972397,2.872610552162881,0.4844909901880236,0.9841231756854657,0
2.0762673049329363,-1.1099901739376037,0.8491410419312149,0.4624392850195091,1.4544314045358888,0.9048055324001227,-1.0741845200121878,-0.8828162337175963,0.03476089066945202,-1.2583394588375707,1.8405886095799828,0.7424374106814341,0.9841231756854657,0
1.5679200392508204,-1.1099901739376037,-1.179024470547907,0.2355659993194895,1.1164682504182242,-1.177851894974348,1.6495816066168083,-1.461440576166749,1.7937490133476108,0.8057411717579506,2.098594095225707,0.6630692812988462,-1.0161329645585022,1
1.398470950690115,0.9009088760241706,1.5251962127575889,0.4604020684070002,1.6234129815947211,-1.177851894974348,1.6495816066168083,-0.8828162337175963,1.2096575374964662,0.4617277333253637,1.3245776382885335,1.4369085427790778,-1.0161329645585022,0
1.5679200392508204,-1.1099901739376037,-1.179024470547907,-0.7742617454112674,1.4544314045358888,0.9048055324001227,-1.0781434824055438,1.4316811360790147,1.5587696839822078,-0.570312581972397,2.098594095225707,0.4249648931510827,-1.0161329645585022,1
1.7373691278115257,0.9009088760241706,-1.179024470547907,-0.5811209766439528,1.6234129815947211,0.21058638994196582,-1.2325430157464317,-0.8828162337175963,1.8407448792206904,-1.143668312693375,1.582583123934258,-0.6266628211682062,0.9841231756854657,0
1.7373691278115257,0.9009088760241706,0.8491410419312149,0.4673191294634257,2.4683208668888827,-1.177851894974348,-0.044854297739601964,-0.8828162337175963,0.27645391515958084,-0.6849837281165926,2.872610552162881,1.0797519605574324,-1.0161329645585022,0
2.0762673049329363,0.9009088760241706,-1.179024470547907,-0.7941285554774391,2.2993392898300504,0.9048055324001227,-1.090020369585612,1.4316811360790147,1.0955247203761276,-0.570312581972397,2.872610552162881,0.08765034327508442,0.9841231756854657,0
2.923512747736463,-1.1099901739376037,0.8491410419312149,-0.6812604381937108,2.4683208668888827,0.9048055324001227,-1.090020369585612,-0.8828162337175963,0.6154955189582334,-0.7996548742607882,2.872610552162881,-1.3806600503027906,0.9841231756854657,0
1.906818216372231,-1.1099901739376037,-0.502969299721533,0.45705408451667556,1.6234129815947211,-1.177851894974348,1.9662985980852963,-0.3041918912684436,0.5584291103980642,0.6910700256137552,2.356599580871432,0.3654387961141419,0.9841231756854657,0
2.0762673049329363,-1.1099901739376037,-1.179024470547907,0.48118483632995895,1.4544314045358888,-1.177851894974348,1.9662985980852963,-0.3041918912684436,-1.623521805137819,0.6910700256137552,2.098594095225707,0.7225953783357871,0.9841231756854657,0
2.2457163934936415,0.9009088760241706,-1.179024470547907,0.47676297081443586,2.4683208668888827,-1.177851894974348,-1.1375279183058853,1.4316811360790147,-0.08944246913797492,-1.3730106049817663,2.6146050665171567,-0.40840046536608954,0.9841231756854657,0
2.754063659175758,0.9009088760241706,-1.179024470547907,0.4813743448520528,2.8062840210065474,-1.177851894974348,-0.2665561917675435,0.2744324511807092,-0.811164695045998,-0.7996548742607882,2.098594095225707,1.0995939929030794,-1.0161329645585022,0
1.7373691278115257,-1.1099901739376037,-1.179024470547907,0.48424855743714285,1.4544314045358888,-1.177851894974348,-0.09236184645987515,-0.3041918912684436,0.561785957960427,-0.6849837281165926,2.6146050665171567,1.337698381050843,0.9841231756854657,0
1.906818216372231,0.9009088760241706,-1.179024470547907,0.49762470062160036,2.130357712771218,-1.177851894974348,-0.9870873473583536,-0.3041918912684436,-1.8752853723150364,-1.2583394588375707,1.3245776382885335,0.16701847265767225,0.9841231756854657,0
1.5679200392508204,0.9009088760241706,0.8491410419312149,0.2722201059678081,1.6234129815947211,-1.177851894974348,-0.09236184645987515,0.853056793629862,0.001192415045823164,-0.570312581972397,2.098594095225707,0.9011736694466097,-1.0161329645585022,1
2.415165482054347,0.9009088760241706,0.8491410419312149,0.3189339566639419,2.2993392898300504,0.9048055324001227,-1.1098151815523927,-1.461440576166749,-1.4254677989584081,-1.2583394588375707,1.3245776382885335,1.317856348705196,0.9841231756854657,0
1.906818216372231,-1.1099901739376037,1.5251962127575889,0.4956190687627738,1.4544314045358888,-1.177851894974348,1.6495816066168083,0.853056793629862,1.2700807936189982,0.4617277333253637,2.6146050665171567,0.305912699077201,0.9841231756854657,0
1.398470950690115,0.9009088760241706,-1.179024470547907,0.49708775980900116,0.9474866733593919,-1.177851894974348,-0.8841543251310949,0.2744324511807092,-1.2475548781531747,-1.143668312693375,1.3245776382885335,-0.11076998018138517,0.9841231756854657,0
2.2457163934936415,-1.1099901739376037,0.8491410419312149,0.5011937777877012,2.2993392898300504,-1.177851894974348,0.38271364074285674,0.2744324511807092,-1.1233515183457474,-0.34097028968400567,2.356599580871432,-0.011559818453150373,-1.0161329645585022,0
2.2457163934936415,0.9009088760241706,0.8491410419312149,0.5006410445982609,2.8062840210065474,-1.177851894974348,-0.2507203421941191,-0.3041918912684436,-0.46205254856025635,-0.7996548742607882,1.8405886095799828,0.6630692812988462,-1.0161329645585022,0
2.415165482054347,0.9009088760241706,0.17308587110484092,-0.998481911801973,2.2993392898300504,0.9048055324001227,-1.121692068732461,-1.461440576166749,0.001192415045823164,0.1177142948927768,2.098594095225707,0.028124246238143545,-1.0161329645585022,1
3.0929618362971683,0.9009088760241706,-0.502969299721533,0.49498737368912765,3.144247175124212,-1.177851894974348,0.5291952492970324,-0.8828162337175963,0.001192415045823164,-0.2262991435398101,2.872610552162881,1.0797519605574324,0.9841231756854657,0
1.5679200392508204,0.9009088760241706,-0.502969299721533,0.4996461248572681,1.2854498274770565,0.21058638994196582,0.38271364074285674,0.2744324511807092,0.04483143335654109,-0.34097028968400567,2.098594095225707,1.1591200899400202,-1.0161329645585022,0
3.262410924857874,-1.1099901739376037,1.5251962127575889,0.49697721317111304,2.9752655980653797,0.21058638994196582,0.38271364074285674,-0.3041918912684436,1.0418151593783211,-0.34097028968400567,1.582583123934258,1.714696995618135,0.9841231756854657,0
1.7373691278115257,-1.1099901739376037,0.8491410419312149,0.5171756631509491,1.9613761357123858,-1.177851894974348,-0.6664113934965095,0.2744324511807092,-0.16664996307232172,-1.0289971665491795,2.6146050665171567,0.32575473142284794,0.9841231756854657,0
2.5846145706150523,-1.1099901739376037,1.5251962127575889,0.5147120523637291,2.637302443947715,-1.177851894974348,-0.4090788379283631,0.853056793629862,-1.2979075915886182,-0.9143260204049839,1.8405886095799828,-0.190138109563973,-1.0161329645585022,0
1.7373691278115257,0.9009088760241706,0.8491410419312149,-0.5960289803820022,1.4544314045358888,0.21058638994196582,0.38271364074285674,0.2744324511807092,0.001192415045823164,1.6084391947673204,1.582583123934258,-0.7258729828964409,-1.0161329645585022,0
1.5679200392508204,0.9009088760241706,-0.502969299721533,0.5130696451722491,1.4544314045358888,-1.177851894974348,1.3328646151483206,1.4316811360790147,0.3939435798422821,0.23238544103697253,1.3245776382885335,1.8337491896920168,-1.0161329645585022,0
3.0929618362971683,0.9009088760241706,1.5251962127575889,0.2883125379689441,2.9752655980653797,-1.177851894974348,-0.4090788379283631,-0.8828162337175963,-0.522475804682789,-0.7996548742607882,2.098594095225707,0.2463866020402601,-1.0161329645585022,1
1.906818216372231,0.9009088760241706,-1.179024470547907,2.2071021165460065,2.2993392898300504,0.9048055324001227,0.4618928886099787,-1.461440576166749,-1.8752853723150364,-0.9143260204049839,2.098594095225707,0.782121475372728,-1.0161329645585022,0
1.398470950690115,-1.1099901739376037,-1.179024470547907,0.5345788624299009,1.6234129815947211,-1.177851894974348,-0.8524826259842462,-0.3041918912684436,-1.6839450612603513,-1.143668312693375,1.582583123934258,-0.26950623894656084,0.9841231756854657,0
2.754063659175758,-1.1099901739376037,-1.179024470547907,0.30604737716156016,2.637302443947715,-1.177851894974348,-0.18737694390042153,-1.461440576166749,0.6154955189582334,-0.6849837281165926,2.872610552162881,1.6154868338899002,-1.0161329645585022,1
2.754063659175758,-1.1099901739376037,0.17308587110484092,0.5350684261119767,2.8062840210065474,-1.177851894974348,-0.8208109268373974,-1.461440576166749,-1.2475548781531747,-1.143668312693375,1.8405886095799828,1.774223092655076,0.9841231756854657,0
1.398470950690115,-1.1099901739376037,-1.179024470547907,0.5362054772445398,1.6234129815947211,-1.177851894974348,0.06599664927436881,0.853056793629862,-0.5661148229935064,-0.570312581972397,2.356599580871432,0.5043330225336705,0.9841231756854657,0
2.2457163934936415,0.9009088760241706,0.17308587110484092,-0.18365843630578685,2.4683208668888827,0.9048055324001227,0.5094004373302519,-0.8828162337175963,0.15896425047687956,0.5763988794695595,2.356599580871432,0.4249648931510827,0.9841231756854657,0
2.754063659175758,0.9009088760241706,0.8491410419312149,0.5546983505255313,2.130357712771218,-1.177851894974348,-0.34573543963466546,1.4316811360790147,-1.0495008719737637,-0.9143260204049839,2.6146050665171567,1.4170665104334308,-1.0161329645585022,0
1.398470950690115,-1.1099901739376037,-1.179024470547907,0.5595624025926067,1.2854498274770565,-1.177851894974348,0.5410721364771007,0.853056793629862,-0.11965409719924096,-0.34097028968400567,1.3245776382885335,0.0479662785837905,-1.0161329645585022,0
2.0762673049329363,-1.1099901739376037,-1.179024470547907,0.5510976886057481,2.2993392898300504,0.21058638994196582,-0.7257958293968509,-0.3041918912684436,-0.11965409719924096,-1.143668312693375,2.6146050665171567,-1.12271362980938,-1.0161329645585022,0
3.262410924857874,0.9009088760241706,-1.179024470547907,0.5542877487276613,3.651191906300709,-1.177851894974348,-0.7257958293968509,-0.8828162337175963,-1.6705176710108995,-1.143668312693375,2.6146050665171567,1.4170665104334308,0.9841231756854657,0
1.906818216372231,0.9009088760241706,-1.179024470547907,0.5576831097485093,1.9613761357123858,0.21058638994196582,-0.2507203421941191,-0.3041918912684436,0.5651428055227898,-0.7996548742607882,2.098594095225707,0.8416475724096689,0.9841231756854657,0
3.601309101979284,0.9009088760241706,0.17308587110484092,0.5579042030242856,3.8201734833595413,-1.177851894974348,-0.3298995900612411,-1.461440576166749,-1.6705176710108995,-0.7996548742607882,1.8405886095799828,-1.0235034680811452,-1.0161329645585022,0
2.754063659175758,0.9009088760241706,0.8491410419312149,0.5520610235930585,3.144247175124212,-1.177851894974348,1.8396118014979013,0.853056793629862,-0.3680608168140954,0.4617277333253637,2.098594095225707,0.3654387961141419,-1.0161329645585022,0
2.754063659175758,0.9009088760241706,0.8491410419312149,-0.2980426217662659,2.9752655980653797,0.9048055324001227,0.5410721364771007,1.4316811360790147,0.7229146409538463,0.8057411717579506,1.8405886095799828,1.714696995618135,0.9841231756854657,0
2.5846145706150523,0.9009088760241706,-1.179024470547907,-0.37973658716555597,1.6234129815947211,0.9048055324001227,0.5410721364771007,0.2744324511807092,1.575553921794022,1.035083464046342,1.8405886095799828,0.20670253734896618,-1.0161329645585022,1
2.923512747736463,0.9009088760241706,1.5251962127575889,-0.25027068182177475,2.9752655980653797,0.9048055324001227,0.5410721364771007,0.2744324511807092,-1.371758237960602,0.6910700256137552,2.356599580871432,0.305912699077201,-1.0161329645585022,0
1.7373691278115257,-1.1099901739376037,-1.179024470547907,0.32589839485089084,1.6234129815947211,-1.177851894974348,2.2830155895537843,-1.461440576166749,1.3103629643673533,1.1497546101905376,1.582583123934258,0.286070666731554,-1.0161329645585022,1
3.601309101979284,0.9009088760241706,0.17308587110484092,0.552929604319322,3.3132287521830444,-1.177851894974348,-1.042512820865339,-0.3041918912684436,-1.8752853723150364,-1.2583394588375707,1.582583123934258,0.10749237562073138,-1.0161329645585022,0
2.923512747736463,-1.1099901739376037,-1.179024470547907,-0.6081259410423263,2.9752655980653797,0.21058638994196582,-0.8841543251310949,1.4316811360790147,-1.5496711587658354,-0.45564143582820127,1.3245776382885335,0.16701847265767225,-1.0161329645585022,0
1.5679200392508204,-1.1099901739376037,-1.179024470547907,0.5534823375087624,1.4544314045358888,-1.177851894974348,-1.002923196931778,-0.3041918912684436,0.7866947446387411,-1.2583394588375707,1.8405886095799828,1.6353288662355472,0.9841231756854657,0
1.5679200392508204,0.9009088760241706,1.5251962127575889,-0.01347978346551042,1.4544314045358888,0.9048055324001227,0.5410721364771007,-0.8828162337175963,0.665848232393677,0.23238544103697253,1.582583123934258,-0.5472946917856183,0.9841231756854657,0
1.906818216372231,0.9009088760241706,-1.179024470547907,0.5486656625722104,1.9613761357123858,-1.177851894974348,1.6495816066168083,-0.3041918912684436,1.286865031430813,0.3470565871811683,1.3245776382885335,-1.7179746001787888,0.9841231756854657,0
1.7373691278115257,0.9009088760241706,-1.179024470547907,0.022605797616526663,1.9613761357123858,0.9048055324001227,0.5410721364771007,-0.3041918912684436,0.001192415045823164,0.23238544103697253,2.872610552162881,-0.7655570475877348,0.9841231756854657,0
2.2457163934936415,-1.1099901739376037,0.8491410419312149,0.5505133706626254,2.2993392898300504,-1.177851894974348,2.4413740852880284,0.853056793629862,0.001192415045823164,0.9204123179021463,1.582583123934258,0.305912699077201,-1.0161329645585022,0
1.7373691278115257,0.9009088760241706,0.17308587110484092,0.5567197747611989,2.130357712771218,0.21058638994196582,0.6994306322113446,-0.3041918912684436,2.2603508245160526,-0.2262991435398101,2.872610552162881,-0.011559818453150373,0.9841231756854657,0
1.906818216372231,0.9009088760241706,-0.502969299721533,0.08550683457484339,1.4544314045358888,0.9048055324001227,0.5410721364771007,-0.8828162337175963,0.3301634761573873,0.1177142948927768,2.872610552162881,0.4844909901880236,0.9841231756854657,0
2.2457163934936415,0.9009088760241706,-1.179024470547907,0.5520452312162174,1.9613761357123858,0.21058638994196582,1.9029551997915988,-0.3041918912684436,0.9780350556934264,0.5763988794695595,1.3245776382885335,1.0003838311748445,0.9841231756854657,0
2.0762673049329363,0.9009088760241706,-1.179024470547907,0.32635637377928434,2.2993392898300504,-1.177851894974348,-1.0741845200121878,-0.8828162337175963,0.3939435798422821,-1.2583394588375707,1.8405886095799828,0.40512286080543575,-1.0161329645585022,1
2.754063659175758,-1.1099901739376037,-1.179024470547907,0.3268143527076778,2.8062840210065474,-0.4836327525161911,0.38271364074285674,-0.8828162337175963,1.676259348664909,-0.2262991435398101,2.356599580871432,1.8337491896920168,-1.0161329645585022,1
1.7373691278115257,-1.1099901739376037,-1.179024470547907,0.5552352913381304,2.130357712771218,-1.177851894974348,-0.8841543251310949,-0.8828162337175963,-0.46205254856025635,-1.2583394588375707,1.582583123934258,1.0599099282117854,-1.0161329645585022,0
2.754063659175758,0.9009088760241706,0.8491410419312149,0.5567355671380401,2.8062840210065474,-1.177851894974348,0.06599664927436881,1.4316811360790147,-0.018948670328354386,-0.570312581972397,2.356599580871432,-0.07108591549009124,0.9841231756854657,0
2.0762673049329363,0.9009088760241706,-1.179024470547907,0.8350762089633809,1.7923945586535535,0.9048055324001227,0.5410721364771007,-0.3041918912684436,-0.3680608168140954,-0.45564143582820127,2.872610552162881,-0.051243883144444294,0.9841231756854657,0
2.0762673049329363,-1.1099901739376037,1.5251962127575889,0.5677112690426422,2.130357712771218,0.21058638994196582,0.8577891279455886,0.2744324511807092,0.3939435798422821,-0.11162799739561437,2.098594095225707,1.4170665104334308,0.9841231756854657,0
1.5679200392508204,-1.1099901739376037,-0.502969299721533,1.2186414576813314,1.9613761357123858,0.9048055324001227,0.5410721364771007,0.853056793629862,-0.37813135950118393,-0.6849837281165926,2.6146050665171567,0.4249648931510827,0.9841231756854657,0
1.7373691278115257,0.9009088760241706,-1.179024470547907,0.5736492027349162,1.1164682504182242,-1.177851894974348,-0.5674373336626071,-1.461440576166749,-1.6705176710108995,-1.0289971665491795,2.6146050665171567,0.5440170872249644,0.9841231756854657,0
3.0929618362971683,0.9009088760241706,-0.502969299721533,0.5766181695810532,2.637302443947715,-1.177851894974348,0.06599664927436881,-1.461440576166749,0.5651428055227898,-0.570312581972397,1.3245776382885335,0.10749237562073138,0.9841231756854657,0
1.398470950690115,-1.1099901739376037,0.8491410419312149,-0.42976683699833207,1.1164682504182242,0.9048055324001227,0.6360872339176471,-1.461440576166749,1.5352717510456675,1.379096902478929,1.582583123934258,-0.8647672093159696,-1.0161329645585022,1
1.5679200392508204,0.9009088760241706,-0.502969299721533,0.10591058545361445,1.7923945586535535,-1.177851894974348,-1.0266769712919146,0.2744324511807092,3.018998373610068,-1.143668312693375,2.098594095225707,0.801963507718375,-1.0161329645585022,1
2.415165482054347,-1.1099901739376037,-1.179024470547907,0.5725437363560354,2.637302443947715,-1.177851894974348,-0.7099599798234266,0.853056793629862,-1.8752853723150364,-1.143668312693375,2.098594095225707,0.16701847265767225,0.9841231756854657,0
2.0762673049329363,-1.1099901739376037,0.8491410419312149,-0.38114210870441867,1.9613761357123858,0.9048055324001227,0.6440051587043593,0.2744324511807092,-0.25392799969375696,1.1497546101905376,1.8405886095799828,1.1392780575943733,-1.0161329645585022,0
2.923512747736463,-1.1099901739376037,0.17308587110484092,0.0017914449398855788,3.144247175124212,0.9048055324001227,0.6440051587043593,-0.3041918912684436,0.4745079213389917,0.3470565871811683,1.3245776382885335,0.7225953783357871,-1.0161329645585022,0
2.5846145706150523,-1.1099901739376037,-1.179024470547907,-0.7335332055379309,2.637302443947715,0.9048055324001227,0.6598410082777837,0.853056793629862,1.4446368668618692,3.0991640946418633,2.356599580871432,0.8614896047553159,-1.0161329645585022,1
2.2457163934936415,-1.1099901739376037,0.8491410419312149,-0.6225285887214589,2.4683208668888827,0.9048055324001227,0.6598410082777837,0.2744324511807092,0.9343960373827085,2.2964660716324943,1.3245776382885335,0.7027533459901402,-1.0161329645585022,1
2.0762673049329363,0.9009088760241706,-0.502969299721533,-0.6270925856285524,1.9613761357123858,0.9048055324001227,0.6637999706711397,1.4316811360790147,0.6624913848313142,2.2964660716324943,2.098594095225707,-1.4401861473397315,-1.0161329645585022,1
2.415165482054347,-1.1099901739376037,-1.179024470547907,0.03217597798226604,2.2993392898300504,0.9048055324001227,0.6677589330644959,-0.3041918912684436,1.0015329886299666,0.3470565871811683,2.6146050665171567,1.1988041546313142,0.9841231756854657,0
2.0762673049329363,-1.1099901739376037,-1.179024470547907,0.5674427986363426,1.9613761357123858,-1.177851894974348,-1.01084112171849,-0.3041918912684436,0.001192415045823164,-1.2583394588375707,2.872610552162881,1.1988041546313142,0.9841231756854657,0
1.7373691278115257,0.9009088760241706,0.8491410419312149,-0.633093688828191,1.4544314045358888,0.21058638994196582,-0.5674373336626071,0.853056793629862,-0.6936750303632967,0.1177142948927768,2.6146050665171567,-0.011559818453150373,0.9841231756854657,0
1.7373691278115257,-1.1099901739376037,0.8491410419312149,0.5698906170467215,1.4544314045358888,-1.177851894974348,-1.2800505644667048,0.853056793629862,1.092167872813765,-1.487681751125962,2.098594095225707,0.9805417988291976,0.9841231756854657,0
1.5679200392508204,0.9009088760241706,0.8491410419312149,0.5913840419275321,1.2854498274770565,-1.177851894974348,0.5410721364771007,0.853056793629862,0.001192415045823164,-0.34097028968400567,1.8405886095799828,0.6233852166075523,-1.0161329645585022,0
2.415165482054347,0.9009088760241706,-0.502969299721533,0.591668304710673,2.130357712771218,-1.177851894974348,-1.2800505644667048,0.853056793629862,1.6628319584154578,-1.487681751125962,2.6146050665171567,1.0003838311748445,0.9841231756854657,0
1.5679200392508204,0.9009088760241706,0.8491410419312149,-0.39241786576900267,1.1164682504182242,0.9048055324001227,0.6994306322113446,0.853056793629862,0.11868207972852446,1.2644257563347332,2.6146050665171567,1.258330251668255,-1.0161329645585022,1
2.5846145706150523,-1.1099901739376037,0.8491410419312149,0.5966586957924777,2.2993392898300504,-1.177851894974348,0.6994306322113446,0.2744324511807092,0.23617174441122635,-0.2262991435398101,1.8405886095799828,-0.4877685947486774,0.9841231756854657,0
1.906818216372231,0.9009088760241706,-1.179024470547907,-0.47554893746083776,1.4544314045358888,0.9048055324001227,0.6994306322113446,0.2744324511807092,1.676259348664909,1.6084391947673204,2.872610552162881,1.5758027691986063,-1.0161329645585022,1
1.7373691278115257,0.9009088760241706,0.8491410419312149,-0.32526867944041554,1.7923945586535535,0.9048055324001227,0.6994306322113446,0.2744324511807092,0.7430557263280237,1.1497546101905376,2.098594095225707,-0.07108591549009124,0.9841231756854657,0
1.5679200392508204,-1.1099901739376037,0.8491410419312149,0.5933265042789941,1.4544314045358888,-1.177851894974348,0.06599664927436881,0.853056793629862,0.001192415045823164,-0.570312581972397,2.356599580871432,-0.9639773710442044,-1.0161329645585022,0
1.398470950690115,0.9009088760241706,-1.179024470547907,-0.6447010858064391,1.2854498274770565,0.21058638994196582,-0.9474977234247925,-0.8828162337175963,0.8336906105118219,-0.570312581972397,1.3245776382885335,-0.22982217425526694,0.9841231756854657,0
1.906818216372231,0.9009088760241706,-1.179024470547907,-0.2585616796633807,1.9613761357123858,0.9048055324001227,0.6994306322113446,-1.461440576166749,0.23617174441122635,0.9204123179021463,1.582583123934258,0.286070666731554,0.9841231756854657,0
1.5679200392508204,0.9009088760241706,-1.179024470547907,-0.6427586234549773,1.4544314045358888,0.21058638994196582,0.40646741510299333,-0.3041918912684436,-1.4724636648314886,1.952452633199907,1.8405886095799828,-0.4282424977117365,0.9841231756854657,0
1.5679200392508204,0.9009088760241706,0.8491410419312149,-0.25931971375175605,1.7923945586535535,0.9048055324001227,0.6994306322113446,1.4316811360790147,0.7229146409538463,0.9204123179021463,1.3245776382885335,0.2463866020402601,0.9841231756854657,0
1.906818216372231,-1.1099901739376037,0.8491410419312149,0.6133196533598952,2.130357712771218,-1.177851894974348,-0.2507203421941191,0.2744324511807092,0.8336906105118219,-0.7996548742607882,2.6146050665171567,-0.4877685947486774,0.9841231756854657,0
2.2457163934936415,0.9009088760241706,0.8491410419312149,0.6094821057874947,1.7923945586535535,-1.177851894974348,-0.7257958293968509,0.2744324511807092,-0.005521280078902488,-1.143668312693375,2.872610552162881,-1.8568688265983175,0.9841231756854657,0
1.906818216372231,0.9009088760241706,-0.502969299721533,0.6142356112166821,2.130357712771218,-1.177851894974348,4.024959042630468,-0.3041918912684436,1.6729025011025462,1.7231103409115156,2.356599580871432,1.4369085427790778,-1.0161329645585022,0
2.0762673049329363,-1.1099901739376037,0.8491410419312149,0.6131617295914836,2.4683208668888827,-1.177851894974348,-0.6941241302500022,1.4316811360790147,-0.46205254856025635,-1.143668312693375,2.6146050665171567,0.5638591195706114,0.9841231756854657,0
1.7373691278115257,0.9009088760241706,1.5251962127575889,0.6097505761937944,1.7923945586535535,-1.177851894974348,0.38271364074285674,0.2744324511807092,-0.21364582894540246,-0.45564143582820127,2.872610552162881,0.7225953783357871,-1.0161329645585022,0
2.415165482054347,0.9009088760241706,-0.502969299721533,0.6092925972654009,2.637302443947715,-1.177851894974348,1.3328646151483206,-0.8828162337175963,0.19253272610050842,0.1177142948927768,1.3245776382885335,1.5361187045073124,0.9841231756854657,0
1.7373691278115257,-1.1099901739376037,-1.179024470547907,-0.2010774279615798,1.9613761357123858,0.9048055324001227,0.6994306322113446,-0.3041918912684436,0.15896425047687956,0.8057411717579506,2.6146050665171567,1.0599099282117854,0.9841231756854657,0
1.398470950690115,0.9009088760241706,-1.179024470547907,-0.6378629866342195,1.2854498274770565,0.21058638994196582,-1.327558113186978,-0.8828162337175963,-1.2979075915886182,-1.2583394588375707,2.6146050665171567,-0.30919030363785477,0.9841231756854657,0
2.5846145706150523,-1.1099901739376037,-0.502969299721533,0.6143619502314114,2.2993392898300504,-1.177851894974348,-0.5674373336626071,0.853056793629862,-1.8752853723150364,-1.0289971665491795,2.356599580871432,0.26622863438590705,0.9841231756854657,0
2.2457163934936415,0.9009088760241706,0.8491410419312149,0.6077291519581267,2.130357712771218,-1.177851894974348,0.38271364074285674,-1.461440576166749,0.860545391010725,-0.45564143582820127,2.356599580871432,0.5043330225336705,-1.0161329645585022,0
1.398470950690115,-1.1099901739376037,-1.179024470547907,0.6165728829891729,1.9613761357123858,-1.177851894974348,1.6495816066168083,0.853056793629862,1.7937490133476108,0.3470565871811683,2.6146050665171567,0.782121475372728,-1.0161329645585022,0
2.754063659175758,0.9009088760241706,0.8491410419312149,0.6281171104600566,2.637302443947715,-1.177851894974348,0.06599664927436881,-0.8828162337175963,0.561785957960427,-0.6849837281165926,1.3245776382885335,1.238488219322608,-1.0161329645585022,0
2.754063659175758,-1.1099901739376037,-0.502969299721533,0.6291120302010493,2.2993392898300504,-1.177851894974348,-0.2507203421941191,-0.8828162337175963,-0.5896127559300467,-0.7996548742607882,2.098594095225707,-0.36871640067479566,-1.0161329645585022,0
1.398470950690115,-1.1099901739376037,-1.179024470547907,0.6413669146297849,1.1164682504182242,0.21058638994196582,-0.8841543251310949,1.4316811360790147,-1.0964967378468442,-1.2583394588375707,2.6146050665171567,-0.46792656240303043,-1.0161329645585022,0
2.754063659175758,0.9009088760241706,0.8491410419312149,0.6474311873367881,3.144247175124212,-1.177851894974348,0.7627740305050422,1.4316811360790147,0.4107278176540969,-0.2262991435398101,2.6146050665171567,0.8416475724096689,0.9841231756854657,0
1.7373691278115257,0.9009088760241706,-0.502969299721533,-0.21917549182154236,1.1164682504182242,0.9048055324001227,0.6994306322113446,0.2744324511807092,0.001192415045823164,0.8057411717579506,2.872610552162881,1.0995939929030794,-1.0161329645585022,1
3.431860013418579,0.9009088760241706,0.8491410419312149,-0.06898998806216702,3.4822103292418767,0.9048055324001227,0.6994306322113446,-0.8828162337175963,0.5651428055227898,0.5763988794695595,1.582583123934258,0.6035431842619053,-1.0161329645585022,0
2.2457163934936415,0.9009088760241706,-0.502969299721533,-0.06883206429375549,2.4683208668888827,0.9048055324001227,0.6994306322113446,-0.3041918912684436,-0.707102420612748,0.5763988794695595,2.872610552162881,0.3654387961141419,0.9841231756854657,0
1.7373691278115257,0.9009088760241706,0.8491410419312149,0.6513950739239177,1.9613761357123858,0.21058638994196582,2.4413740852880284,-0.3041918912684436,1.327147202179168,0.8057411717579506,1.8405886095799828,-0.7655570475877348,0.9841231756854657,0
2.2457163934936415,0.9009088760241706,1.5251962127575889,-0.06289413060148155,1.6234129815947211,0.9048055324001227,0.6994306322113446,-0.8828162337175963,-0.25392799969375696,0.4617277333253637,2.6146050665171567,-0.46792656240303043,0.9841231756854657,0
1.906818216372231,0.9009088760241706,0.17308587110484092,0.6425671352697125,2.4683208668888827,-1.177851894974348,0.38271364074285674,1.4316811360790147,0.001192415045823164,-0.45564143582820127,1.8405886095799828,-0.686188918205147,0.9841231756854657,0
1.398470950690115,0.9009088760241706,0.8491410419312149,0.650905510241842,1.2854498274770565,-1.177851894974348,-0.03693637295288977,0.2744324511807092,-1.173704231781191,-0.6849837281165926,2.098594095225707,0.12733440796637835,0.9841231756854657,0
2.923512747736463,0.9009088760241706,0.17308587110484092,0.644256919591716,2.8062840210065474,-1.177851894974348,1.0161476236798326,0.853056793629862,-1.4724636648314886,-0.11162799739561437,2.6146050665171567,1.774223092655076,0.9841231756854657,0
1.7373691278115257,0.9009088760241706,0.8491410419312149,-0.1309434824100145,1.6234129815947211,0.9048055324001227,0.6994306322113446,1.4316811360790147,0.9377528849450718,0.6910700256137552,2.098594095225707,0.7225953783357871,-1.0161329645585022,1
1.5679200392508204,0.9009088760241706,0.8491410419312149,-0.6540343805195613,0.7785050963005594,0.21058638994196582,-0.47242223622206064,1.4316811360790147,-1.8752853723150364,0.3470565871811683,1.582583123934258,-0.36871640067479566,-1.0161329645585022,0
3.0929618362971683,-1.1099901739376037,-1.179024470547907,0.08441716057280375,3.3132287521830444,0.9048055324001227,0.6994306322113446,-0.3041918912684436,0.0851136041048956,0.23238544103697253,2.6146050665171567,0.38528082845978884,0.9841231756854657,0
1.5679200392508204,-1.1099901739376037,0.17308587110484092,0.6482208061788457,1.6234129815947211,-1.177851894974348,1.396208013442018,1.4316811360790147,-1.6839450612603513,0.1177142948927768,2.356599580871432,-0.190138109563973,0.9841231756854657,0
2.2457163934936415,-1.1099901739376037,0.17308587110484092,0.6471311321768061,2.130357712771218,-1.177851894974348,-0.5674373336626071,-0.8828162337175963,-0.8447331706696268,-1.0289971665491795,2.356599580871432,1.35754041339649,0.9841231756854657,0
2.415165482054347,-1.1099901739376037,-0.502969299721533,0.17981890907021558,1.7923945586535535,0.9048055324001227,0.6994306322113446,-0.3041918912684436,-1.6705176710108995,0.1177142948927768,2.098594095225707,1.1591200899400202,0.9841231756854657,0
1.5679200392508204,-1.1099901739376037,0.8491410419312149,0.4246323348617862,1.1164682504182242,-1.177851894974348,-0.5674373336626071,-0.3041918912684436,0.3301634761573873,-0.9143260204049839,1.582583123934258,-0.4877685947486774,-1.0161329645585022,1
2.0762673049329363,0.9009088760241706,0.8491410419312149,0.3117484252012168,2.130357712771218,0.9048055324001227,0.6994306322113446,0.2744324511807092,-0.21364582894540246,0.003043148748581378,1.8405886095799828,-1.102871597463733,0.9841231756854657,0
1.5679200392508204,0.9009088760241706,0.8491410419312149,0.13493697408765568,1.4544314045358888,0.9048055324001227,0.6994306322113446,-1.461440576166749,1.6829730437896346,0.23238544103697253,2.872610552162881,-1.2417658238832618,-1.0161329645585022,1
1.7373691278115257,0.9009088760241706,-0.502969299721533,0.6507949636039538,2.4683208668888827,-1.177851894974348,-0.646616581529729,0.853056793629862,-0.21364582894540246,-1.0289971665491795,1.8405886095799828,-0.09092794783573821,0.9841231756854657,0
3.262410924857874,0.9009088760241706,0.8491410419312149,0.6501158913997842,2.8062840210065474,-1.177851894974348,-1.121692068732461,-0.8828162337175963,-0.34120603631519225,-1.3730106049817663,2.356599580871432,0.6233852166075523,0.9841231756854657,0
1.7373691278115257,0.9009088760241706,-1.179024470547907,0.6514424510544412,2.130357712771218,0.9048055324001227,0.6994306322113446,-1.461440576166749,0.7464125738903866,-0.2262991435398101,2.098594095225707,0.5638591195706114,0.9841231756854657,0
1.398470950690115,-1.1099901739376037,-0.502969299721533,0.4156464724391695,0.7785050963005594,-1.177851894974348,-0.2903099661276801,-1.461440576166749,0.7464125738903866,-0.7996548742607882,2.098594095225707,-0.6068207888225592,-1.0161329645585022,1
1.5679200392508204,0.9009088760241706,-1.179024470547907,0.6793949580632839,1.2854498274770565,0.9048055324001227,0.6994306322113446,1.4316811360790147,0.001192415045823164,-0.34097028968400567,1.8405886095799828,-1.4997122443766724,-1.0161329645585022,0
1.5679200392508204,0.9009088760241706,-0.502969299721533,0.7469073690592176,1.2854498274770565,0.9048055324001227,0.6994306322113446,-1.461440576166749,-1.6705176710108995,-0.34097028968400567,1.3245776382885335,-0.15045404487267908,-1.0161329645585022,0
1.398470950690115,0.9009088760241706,-0.502969299721533,0.6485840308461923,1.4544314045358888,-1.177851894974348,-0.2507203421941191,-0.8828162337175963,-1.4254677989584081,-0.7996548742607882,1.3245776382885335,-0.4877685947486774,0.9841231756854657,0
1.398470950690115,-1.1099901739376037,0.8491410419312149,0.6547114730605601,1.2854498274770565,-1.177851894974348,-0.5674373336626071,-1.461440576166749,-1.2979075915886182,-1.0289971665491795,2.872610552162881,-0.8250831446246757,0.9841231756854657,0
2.923512747736463,0.9009088760241706,0.8491410419312149,1.122592221733432,3.3132287521830444,0.9048055324001227,0.6994306322113446,-0.8828162337175963,0.5382880250238866,-0.570312581972397,1.582583123934258,1.1988041546313142,0.9841231756854657,0
1.398470950690115,0.9009088760241706,-1.179024470547907,1.1444014941510658,1.1164682504182242,0.9048055324001227,0.6994306322113446,-0.3041918912684436,-1.1233515183457474,-0.570312581972397,2.872610552162881,-1.4600281796853785,0.9841231756854657,0
1.398470950690115,-1.1099901739376037,-1.179024470547907,1.2196205850454829,0.9474866733593919,0.9048055324001227,0.6994306322113446,-1.461440576166749,-0.21364582894540246,-0.570312581972397,2.098594095225707,0.8813316371009629,0.9841231756854657,0
2.923512747736463,0.9009088760241706,0.8491410419312149,1.0811056477717202,2.130357712771218,0.9048055324001227,0.6994306322113446,-0.8828162337175963,0.001192415045823164,-0.570312581972397,2.872610552162881,0.20670253734896618,-1.0161329645585022,1
3.431860013418579,0.9009088760241706,-1.179024470547907,0.6507317940965892,2.9752655980653797,-1.177851894974348,0.8577891279455886,-1.461440576166749,-0.37813135950118393,-0.2262991435398101,1.3245776382885335,0.6829113136444932,-1.0161329645585022,0
1.906818216372231,0.9009088760241706,0.8491410419312149,0.6500369295155785,1.2854498274770565,-1.177851894974348,-1.042512820865339,-1.461440576166749,-1.2979075915886182,-1.3730106049817663,1.3245776382885335,0.40512286080543575,0.9841231756854657,0
3.77075819053999,0.9009088760241706,0.8491410419312149,1.5914205130167733,3.651191906300709,0.9048055324001227,0.6994306322113446,-1.461440576166749,-1.3751150855229646,-0.6849837281165926,1.582583123934258,0.028124246238143545,0.9841231756854657,0
2.2457163934936415,0.9009088760241706,-0.502969299721533,2.1647627542348724,2.130357712771218,0.9048055324001227,0.6994306322113446,-1.461440576166749,-1.6705176710108995,-0.9143260204049839,2.356599580871432,-1.7576586648700827,-1.0161329645585022,0
1.5679200392508204,-1.1099901739376037,-1.179024470547907,0.6487893317451273,1.1164682504182242,-1.177851894974348,0.0026532509806712224,1.4316811360790147,0.7430557263280237,-0.6849837281165926,2.872610552162881,0.7622794430270811,-1.0161329645585022,0
2.415165482054347,0.9009088760241706,-1.179024470547907,0.6517740909681053,2.2993392898300504,-1.177851894974348,-0.7257958293968509,-0.8828162337175963,1.092167872813765,-1.143668312693375,2.356599580871432,-2.8886545085719595,0.9841231756854657,0
1.906818216372231,0.9009088760241706,1.5251962127575889,0.6481102595409577,2.2993392898300504,-1.177851894974348,-0.5674373336626071,1.4316811360790147,1.0418151593783211,-1.0289971665491795,2.6146050665171567,-0.38855843302044263,-1.0161329645585022,0
2.415165482054347,-1.1099901739376037,0.8491410419312149,0.6519004299828346,2.2993392898300504,-1.177851894974348,-0.7574675285436998,-1.461440576166749,0.8269769153870962,-1.143668312693375,1.8405886095799828,-0.5472946917856183,0.9841231756854657,0
3.262410924857874,-1.1099901739376037,0.8491410419312149,1.013024711209505,3.4822103292418767,0.9048055324001227,0.7390202561449056,0.853056793629862,-1.1233515183457474,-0.45564143582820127,2.6146050665171567,-0.07108591549009124,-1.0161329645585022,0
2.0762673049329363,-1.1099901739376037,-0.502969299721533,0.6480628824104342,2.4683208668888827,-1.177851894974348,-0.2507203421941191,0.2744324511807092,-0.34120603631519225,-0.7996548742607882,2.356599580871432,1.1392780575943733,0.9841231756854657,0
1.398470950690115,0.9009088760241706,1.5251962127575889,0.6464678523494777,0.9474866733593919,-1.177851894974348,1.6495816066168083,1.4316811360790147,0.8336906105118219,0.3470565871811683,1.3245776382885335,0.4448069254967297,-1.0161329645585022,0
1.7373691278115257,-1.1099901739376037,-1.179024470547907,0.6511423958944592,0.9474866733593919,-1.177851894974348,1.309110840788184,1.4316811360790147,0.3301634761573873,0.1177142948927768,2.872610552162881,-0.03140185079879733,0.9841231756854657,0
3.601309101979284,0.9009088760241706,-0.502969299721533,0.17666043370198475,3.651191906300709,0.9048055324001227,0.7469381809316178,0.2744324511807092,-1.173704231781191,0.23238544103697253,2.6146050665171567,1.0003838311748445,-1.0161329645585022,0
1.398470950690115,0.9009088760241706,-0.502969299721533,0.6657187597188444,0.9474866733593919,-1.177851894974348,0.38271364074285674,0.2744324511807092,0.001192415045823164,-0.45564143582820127,2.098594095225707,0.7424374106814341,0.9841231756854657,0
1.7373691278115257,0.9009088760241706,-1.179024470547907,-0.6764121785034766,1.6234129815947211,0.9048055324001227,0.7627740305050422,-0.3041918912684436,0.6020681287087821,2.869821802353472,2.872610552162881,0.4249648931510827,-1.0161329645585022,1
1.906818216372231,0.9009088760241706,0.8491410419312149,0.6718619943100534,1.7923945586535535,-1.177851894974348,-1.121692068732461,-0.8828162337175963,0.8269769153870962,-1.3730106049817663,2.872610552162881,0.0479662785837905,0.9841231756854657,0
1.398470950690115,0.9009088760241706,-1.179024470547907,0.6714671848890246,1.9613761357123858,-1.177851894974348,0.38271364074285674,0.2744324511807092,-1.7510820125076092,-0.45564143582820127,1.3245776382885335,1.2186461869769611,0.9841231756854657,0
3.0929618362971683,0.9009088760241706,1.5251962127575889,0.6783526611917677,3.144247175124212,-1.177851894974348,0.8577891279455886,-1.461440576166749,0.04483143335654109,-0.2262991435398101,2.098594095225707,1.5361187045073124,-1.0161329645585022,0
2.923512747736463,0.9009088760241706,0.8491410419312149,-0.3331490754841514,2.8062840210065474,0.9048055324001227,0.7627740305050422,0.853056793629862,-0.8447331706696268,1.1497546101905376,2.356599580871432,1.3773824457421369,0.9841231756854657,0
2.2457163934936415,0.9009088760241706,-0.502969299721533,0.6869437141933555,2.130357712771218,-1.177851894974348,-0.3298995900612411,1.4316811360790147,0.16232109803924238,-0.9143260204049839,2.872610552162881,0.26622863438590705,0.9841231756854657,0
2.2457163934936415,0.9009088760241706,0.8491410419312149,0.6874332778754313,1.9613761357123858,0.21058638994196582,-0.4090788379283631,-0.8828162337175963,-1.371758237960602,-0.9143260204049839,1.582583123934258,0.20670253734896618,-1.0161329645585022,0
1.5679200392508204,0.9009088760241706,0.8491410419312149,-0.10782344271456493,1.7923945586535535,0.9048055324001227,0.7627740305050422,0.2744324511807092,-0.12972463988633004,0.6910700256137552,2.356599580871432,0.38528082845978884,-1.0161329645585022,0
3.77075819053999,-1.1099901739376037,0.8491410419312149,0.6863120191197094,3.651191906300709,-1.177851894974348,0.38271364074285674,-0.3041918912684436,1.327147202179168,-0.45564143582820127,1.3245776382885335,0.7424374106814341,-1.0161329645585022,0
2.2457163934936415,0.9009088760241706,-1.179024470547907,0.6940029066413514,2.637302443947715,-1.177851894974348,-0.12403354560672394,0.2744324511807092,0.19253272610050842,-0.7996548742607882,1.3245776382885335,1.278172284013902,0.9841231756854657,0
1.906818216372231,0.9009088760241706,0.8491410419312149,0.17980311669337443,0.9474866733593919,0.9048055324001227,0.7627740305050422,-0.8828162337175963,0.5114332445249834,0.23238544103697253,1.3245776382885335,0.6233852166075523,0.9841231756854657,0
3.601309101979284,0.9009088760241706,-0.502969299721533,0.7152436534927037,3.3132287521830444,-1.177851894974348,0.4777287381834031,-1.461440576166749,-0.5661148229935064,-0.45564143582820127,1.3245776382885335,1.0599099282117854,0.9841231756854657,0
1.7373691278115257,0.9009088760241706,-1.179024470547907,0.36844305806095995,1.7923945586535535,0.9048055324001227,0.7627740305050422,1.4316811360790147,0.3301634761573873,0.003043148748581378,2.098594095225707,-1.0830295651180861,0.9841231756854657,0
1.7373691278115257,-1.1099901739376037,0.8491410419312149,0.7248927957426489,1.6234129815947211,-1.177851894974348,0.8577891279455886,-1.461440576166749,1.1223795008750308,-0.2262991435398101,2.098594095225707,0.7225953783357871,0.9841231756854657,0
1.398470950690115,-1.1099901739376037,1.5251962127575889,-0.6784651874928266,1.9613761357123858,0.21058638994196582,-0.2507203421941191,1.4316811360790147,-0.34120603631519225,0.9204123179021463,2.356599580871432,-0.6465048535138531,0.9841231756854657,0
1.906818216372231,0.9009088760241706,1.5251962127575889,0.5789554413535439,1.4544314045358888,0.9048055324001227,0.7627740305050422,-1.461440576166749,1.407711543675877,-0.2262991435398101,1.3245776382885335,1.0400678958661385,-1.0161329645585022,1
1.7373691278115257,-1.1099901739376037,0.8491410419312149,0.7378425447523952,1.2854498274770565,-1.177851894974348,0.6994306322113446,-0.3041918912684436,-1.6705176710108995,-0.34097028968400567,1.3245776382885335,-0.6068207888225592,0.9841231756854657,0
1.7373691278115257,-1.1099901739376037,1.5251962127575889,0.7445385125330445,2.4683208668888827,-1.177851894974348,0.4381391142498421,1.4316811360790147,-1.4724636648314886,-0.45564143582820127,1.3245776382885335,1.3972244780877838,-1.0161329645585022,0
2.415165482054347,0.9009088760241706,-1.179024470547907,0.7387111254786587,2.4683208668888827,-1.177851894974348,-1.1375279183058853,-0.8828162337175963,0.6893461653302174,-1.3730106049817663,2.872610552162881,1.8932752867289577,-1.0161329645585022,0
2.415165482054347,0.9009088760241706,0.8491410419312149,-0.45568212739466596,2.637302443947715,0.9048055324001227,0.7786098800784667,-0.8828162337175963,1.5319149034833046,1.6084391947673204,2.098594095225707,0.4249648931510827,-1.0161329645585022,1
2.2457163934936415,0.9009088760241706,-0.502969299721533,0.7492762255853908,2.2993392898300504,-1.177851894974348,1.8079401023510524,1.4316811360790147,-0.25392799969375696,0.23238544103697253,2.356599580871432,1.0599099282117854,-1.0161329645585022,0
1.5679200392508204,0.9009088760241706,-1.179024470547907,0.2757575983802266,0.9474866733593919,0.9048055324001227,0.7786098800784667,0.2744324511807092,0.0851136041048956,0.1177142948927768,2.098594095225707,-0.24966420660091387,-1.0161329645585022,0
1.5679200392508204,0.9009088760241706,0.8491410419312149,0.7474916870023403,1.2854498274770565,-1.177851894974348,2.4413740852880284,-0.8828162337175963,0.3939435798422821,0.6910700256137552,2.356599580871432,0.20670253734896618,-1.0161329645585022,0
3.601309101979284,0.9009088760241706,-1.179024470547907,0.7394849519438752,3.8201734833595413,-1.177851894974348,0.22435514500861276,-1.461440576166749,-0.5661148229935064,-0.570312581972397,1.8405886095799828,1.1392780575943733,-1.0161329645585022,0
1.906818216372231,0.9009088760241706,0.8491410419312149,0.743875232705716,1.9613761357123858,-1.177851894974348,-0.09236184645987515,-1.461440576166749,-0.5661148229935064,-0.7996548742607882,1.582583123934258,0.4844909901880236,-1.0161329645585022,0
2.2457163934936415,0.9009088760241706,0.8491410419312149,-0.36715006282315615,2.4683208668888827,0.9048055324001227,0.7825688424718227,0.853056793629862,0.03476089066945202,1.379096902478929,2.6146050665171567,-2.49181386165902,-1.0161329645585022,1
2.5846145706150523,-1.1099901739376037,0.8491410419312149,0.5193392187781872,2.2993392898300504,-1.177851894974348,-0.3298995900612411,-1.461440576166749,0.622209214082959,-0.7996548742607882,2.356599580871432,0.9210157017922567,-1.0161329645585022,1
3.0929618362971683,0.9009088760241706,0.8491410419312149,0.2771789122959305,3.144247175124212,0.9048055324001227,0.7865278048651788,-0.8828162337175963,-0.6936750303632967,0.1177142948927768,1.3245776382885335,-1.102871597463733,0.9841231756854657,0
1.906818216372231,-1.1099901739376037,0.8491410419312149,0.749718412136943,2.130357712771218,-1.177851894974348,0.8577891279455886,1.4316811360790147,-1.3751150855229646,-0.2262991435398101,2.356599580871432,-2.571181991041608,0.9841231756854657,0
3.0929618362971683,-1.1099901739376037,0.17308587110484092,0.7540613157682604,3.3132287521830444,-1.177851894974348,1.7604325536307792,-0.3041918912684436,2.1562885500828033,0.23238544103697253,1.582583123934258,1.5956448015442533,-1.0161329645585022,0
1.398470950690115,0.9009088760241706,0.8491410419312149,0.763031385814036,1.2854498274770565,0.21058638994196582,0.38271364074285674,1.4316811360790147,0.3301634761573873,-0.570312581972397,2.356599580871432,-0.46792656240303043,0.9841231756854657,0
1.398470950690115,0.9009088760241706,1.5251962127575889,0.7619890889425197,1.6234129815947211,-1.177851894974348,-0.8801953627377389,-0.3041918912684436,-1.1804179269059165,-1.2583394588375707,2.098594095225707,0.6829113136444932,0.9841231756854657,0
1.7373691278115257,0.9009088760241706,-1.179024470547907,0.7592254229953178,1.9613761357123858,-1.177851894974348,-0.7257958293968509,-0.3041918912684436,0.665848232393677,-1.143668312693375,1.582583123934258,-0.6465048535138531,-1.0161329645585022,0
3.77075819053999,-1.1099901739376037,0.8491410419312149,0.7620522584498843,3.9891550604183736,-1.177851894974348,0.0976683484212176,0.2744324511807092,-0.5661148229935064,-0.6849837281165926,2.356599580871432,1.5162766721616654,0.9841231756854657,0
3.431860013418579,0.9009088760241706,0.8491410419312149,0.5354474431561644,3.144247175124212,-1.177851894974348,2.12465709381954,-1.461440576166749,1.327147202179168,0.6910700256137552,2.6146050665171567,-1.3012919209202027,-1.0161329645585022,1
3.0929618362971683,0.9009088760241706,0.8491410419312149,0.7836088528380597,2.9752655980653797,0.21058638994196582,-0.8841543251310949,1.4316811360790147,0.8336906105118219,-1.2583394588375707,2.098594095225707,0.7225953783357871,-1.0161329645585022,0
1.7373691278115257,-1.1099901739376037,0.8491410419312149,0.7851407133916517,1.4544314045358888,-1.177851894974348,0.8577891279455886,1.4316811360790147,-0.33784918875282943,-0.2262991435398101,2.6146050665171567,-0.8846092416616166,-1.0161329645585022,0
1.398470950690115,-1.1099901739376037,1.5251962127575889,0.7818085218781682,1.9613761357123858,-1.177851894974348,0.5410721364771007,-0.3041918912684436,0.27645391515958084,-0.45564143582820127,2.356599580871432,0.26622863438590705,0.9841231756854657,0
2.754063659175758,0.9009088760241706,1.5251962127575889,-0.6754172587624839,2.2993392898300504,0.21058638994196582,-0.3298995900612411,1.4316811360790147,-0.2069321338206762,0.6910700256137552,1.3245776382885335,-1.0036614357354983,0.9841231756854657,0
1.398470950690115,-1.1099901739376037,-1.179024470547907,0.7986431955908384,1.2854498274770565,-1.177851894974348,0.6994306322113446,-0.8828162337175963,-0.707102420612748,-0.34097028968400567,1.582583123934258,-0.6068207888225592,0.9841231756854657,0
3.431860013418579,-1.1099901739376037,-1.179024470547907,-0.6849400619976997,3.651191906300709,0.21058638994196582,0.06599664927436881,-0.8828162337175963,0.001192415045823164,1.4937680486231246,1.582583123934258,0.6035431842619053,0.9841231756854657,0
2.0762673049329363,-1.1099901739376037,1.5251962127575889,0.8002382256517949,1.4544314045358888,0.21058638994196582,-0.963333572998217,0.853056793629862,0.001192415045823164,-1.2583394588375707,2.356599580871432,-0.32903233598350173,-1.0161329645585022,0
2.754063659175758,0.9009088760241706,-1.179024470547907,0.7999855476223365,2.130357712771218,-1.177851894974348,0.06599664927436881,-0.3041918912684436,0.03476089066945202,-0.6849837281165926,1.3245776382885335,1.238488219322608,0.9841231756854657,0
2.0762673049329363,-1.1099901739376037,0.8491410419312149,-0.5832055703869852,1.7923945586535535,0.9048055324001227,-1.2008713165995828,0.2744324511807092,-1.3751150855229646,-1.0289971665491795,2.098594095225707,-0.7258729828964409,0.9841231756854657,0
1.7373691278115257,0.9009088760241706,0.8491410419312149,0.8038388875715781,1.9613761357123858,-1.177851894974348,-0.8841543251310949,1.4316811360790147,-1.0964967378468442,-1.2583394588375707,1.3245776382885335,-0.9639773710442044,0.9841231756854657,0
1.398470950690115,-1.1099901739376037,-1.179024470547907,0.8034914552810727,1.4544314045358888,-1.177851894974348,-0.4090788379283631,0.2744324511807092,-1.0964967378468442,-1.0289971665491795,2.098594095225707,-0.9639773710442044,0.9841231756854657,0
2.5846145706150523,-1.1099901739376037,-1.179024470547907,0.8128879195015594,2.2993392898300504,-1.177851894974348,1.3328646151483206,0.2744324511807092,-0.0860856215756121,0.003043148748581378,1.8405886095799828,0.06780831092943747,-1.0161329645585022,0
3.262410924857874,-1.1099901739376037,0.8491410419312149,0.8207841079221364,2.8062840210065474,0.21058638994196582,1.0161476236798326,1.4316811360790147,-1.328119219649884,-0.2262991435398101,2.098594095225707,1.1988041546313142,0.9841231756854657,0
2.754063659175758,-1.1099901739376037,1.5251962127575889,0.8205314298926779,2.637302443947715,-1.177851894974348,0.5094004373302519,0.2744324511807092,0.9343960373827085,-0.45564143582820127,1.582583123934258,1.4170665104334308,-1.0161329645585022,0
2.2457163934936415,0.9009088760241706,-1.179024470547907,0.8391348498115575,1.9613761357123858,-1.177851894974348,1.6495816066168083,-1.461440576166749,0.7866947446387411,0.1177142948927768,2.872610552162881,1.5361187045073124,-1.0161329645585022,0
1.398470950690115,0.9009088760241706,1.5251962127575889,-0.48521387208762407,1.4544314045358888,0.9048055324001227,-1.2008713165995828,1.4316811360790147,0.16232109803924238,-1.143668312693375,1.3245776382885335,-0.07108591549009124,0.9841231756854657,0
2.415165482054347,0.9009088760241706,-1.179024470547907,0.8317124326962151,2.9752655980653797,-1.177851894974348,0.19268344586176397,1.4316811360790147,1.0955247203761276,-0.6849837281165926,2.872610552162881,0.6233852166075523,0.9841231756854657,0
2.2457163934936415,-1.1099901739376037,0.8491410419312149,0.8358342430517562,2.4683208668888827,-1.177851894974348,3.2331665639592484,1.4316811360790147,-0.3680608168140954,1.035083464046342,1.3245776382885335,-0.17029607721832604,0.9841231756854657,0
1.398470950690115,0.9009088760241706,0.8491410419312149,0.8351709632244277,0.6095235192417271,-1.177851894974348,1.0161476236798326,1.4316811360790147,-1.6705176710108995,-0.2262991435398101,1.582583123934258,1.0599099282117854,-1.0161329645585022,0
1.7373691278115257,0.9009088760241706,1.5251962127575889,-0.45500305519049633,1.4544314045358888,0.9048055324001227,-1.2008713165995828,0.853056793629862,-0.21028898138303903,-1.143668312693375,2.872610552162881,1.4765926074703717,-1.0161329645585022,0
1.7373691278115257,0.9009088760241706,0.8491410419312149,0.843698846718651,1.6234129815947211,-1.177851894974348,-1.042512820865339,0.2744324511807092,-0.8447331706696268,-1.3730106049817663,2.872610552162881,1.238488219322608,-1.0161329645585022,0
2.2457163934936415,-1.1099901739376037,-0.502969299721533,-0.4497126089487097,1.9613761357123858,0.9048055324001227,-1.2008713165995828,-1.461440576166749,0.7464125738903866,-1.143668312693375,2.356599580871432,1.0003838311748445,-1.0161329645585022,0
1.398470950690115,-1.1099901739376037,0.8491410419312149,-0.4514497704012366,1.2854498274770565,0.9048055324001227,-1.2008713165995828,1.4316811360790147,0.04483143335654109,-1.143668312693375,1.3245776382885335,-1.0433455004267922,0.9841231756854657,0
2.0762673049329363,-1.1099901739376037,-0.502969299721533,0.835802658298074,1.7923945586535535,-1.177851894974348,-0.7257958293968509,0.853056793629862,0.16232109803924238,-1.143668312693375,2.098594095225707,1.6750129309268411,0.9841231756854657,0
1.398470950690115,-1.1099901739376037,0.8491410419312149,0.8494788566425134,1.4544314045358888,-1.177851894974348,-0.09236184645987515,0.2744324511807092,0.001192415045823164,-0.7996548742607882,2.6146050665171567,0.32575473142284794,0.9841231756854657,0
1.7373691278115257,-1.1099901739376037,-1.179024470547907,0.8430513592681637,1.4544314045358888,0.21058638994196582,0.38271364074285674,0.853056793629862,0.665848232393677,-0.570312581972397,1.3245776382885335,-1.2814498885745558,0.9841231756854657,0
1.7373691278115257,0.9009088760241706,0.17308587110484092,0.8363080143569909,1.4544314045358888,-1.177851894974348,1.0161476236798326,0.853056793629862,0.3301634761573873,-0.2262991435398101,2.872610552162881,-0.190138109563973,-1.0161329645585022,0
2.923512747736463,0.9009088760241706,0.8491410419312149,0.8400981847988679,2.4683208668888827,-1.177851894974348,1.6495816066168083,0.853056793629862,0.03476089066945202,0.1177142948927768,2.6146050665171567,0.7424374106814341,-1.0161329645585022,0
3.601309101979284,0.9009088760241706,-1.179024470547907,0.8371765950832544,3.3132287521830444,-1.177851894974348,-1.042512820865339,-0.3041918912684436,-1.173704231781191,-1.3730106049817663,2.6146050665171567,1.35754041339649,-1.0161329645585022,0
1.7373691278115257,0.9009088760241706,-1.179024470547907,-0.7088813052888894,1.6234129815947211,0.21058638994196582,0.5410721364771007,1.4316811360790147,-0.901799579229796,2.640479510065081,1.582583123934258,0.40512286080543575,-1.0161329645585022,0
1.5679200392508204,0.9009088760241706,0.8491410419312149,0.8292961990395185,1.2854498274770565,-1.177851894974348,2.2830155895537843,0.2744324511807092,0.11868207972852446,0.4617277333253637,1.3245776382885335,0.5440170872249644,0.9841231756854657,0
2.0762673049329363,0.9009088760241706,0.8491410419312149,-0.3009010419745148,2.637302443947715,0.9048055324001227,-1.2008713165995828,0.853056793629862,0.16232109803924238,-1.2583394588375707,2.872610552162881,0.5837011519162584,-1.0161329645585022,0
1.5679200392508204,-1.1099901739376037,0.8491410419312149,0.838471569984229,1.6234129815947211,-1.177851894974348,0.38271364074285674,-0.3041918912684436,-1.0495008719737637,-0.570312581972397,2.6146050665171567,1.0599099282117854,0.9841231756854657,0
3.431860013418579,0.9009088760241706,1.5251962127575889,0.8455149700553837,3.4822103292418767,-1.177851894974348,-0.5674373336626071,-0.8828162337175963,-0.6936750303632967,-1.143668312693375,2.098594095225707,1.238488219322608,0.9841231756854657,0
1.398470950690115,-1.1099901739376037,-1.179024470547907,-0.4083207892480448,1.4544314045358888,0.9048055324001227,-1.2008713165995828,-1.461440576166749,0.8739727812601764,-1.143668312693375,1.8405886095799828,0.5837011519162584,-1.0161329645585022,1
1.398470950690115,-1.1099901739376037,-1.179024470547907,0.8430197745144814,1.6234129815947211,-1.177851894974348,0.8577891279455886,-0.3041918912684436,-0.46205254856025635,-0.34097028968400567,2.356599580871432,1.1591200899400202,-1.0161329645585022,0
1.5679200392508204,0.9009088760241706,0.8491410419312149,-0.674201245745715,1.6234129815947211,0.9048055324001227,0.8577891279455886,0.853056793629862,0.001192415045823164,2.984492948497668,1.582583123934258,1.4765926074703717,-1.0161329645585022,1
1.7373691278115257,0.9009088760241706,-1.179024470547907,-0.6757488986761481,1.7923945586535535,0.9048055324001227,0.8577891279455886,0.853056793629862,1.2096575374964662,2.984492948497668,2.356599580871432,0.12733440796637835,-1.0161329645585022,1
2.2457163934936415,-1.1099901739376037,0.8491410419312149,0.8427355117313406,1.9613761357123858,-1.177851894974348,2.4413740852880284,-0.8828162337175963,0.5785701957722418,0.5763988794695595,2.098594095225707,1.5559607368529593,0.9841231756854657,0
2.0762673049329363,-1.1099901739376037,-1.179024470547907,-0.7138559039938529,1.9613761357123858,0.21058638994196582,-1.2642147148932805,1.4316811360790147,-0.34120603631519225,-1.0289971665491795,2.872610552162881,-0.686188918205147,0.9841231756854657,0
2.2457163934936415,-1.1099901739376037,-1.179024470547907,-0.7111238228003333,2.130357712771218,0.21058638994196582,-1.2008713165995828,-0.8828162337175963,-1.0964967378468442,-0.9143260204049839,2.6146050665171567,0.9606997664835506,0.9841231756854657,0
2.0762673049329363,-1.1099901739376037,-1.179024470547907,-0.7085812501289075,2.130357712771218,0.21058638994196582,0.38271364074285674,0.853056793629862,1.676259348664909,2.2964660716324943,2.098594095225707,0.4249648931510827,-1.0161329645585022,0
2.5846145706150523,-1.1099901739376037,0.8491410419312149,0.8788210928133777,3.144247175124212,-1.177851894974348,2.4413740852880284,0.853056793629862,1.327147202179168,0.4617277333253637,2.356599580871432,0.16701847265767225,-1.0161329645585022,0
2.923512747736463,0.9009088760241706,-0.502969299721533,0.6445095976211745,2.9752655980653797,-1.177851894974348,0.06599664927436881,-1.461440576166749,1.676259348664909,-0.6849837281165926,1.8405886095799828,0.801963507718375,-1.0161329645585022,1
1.7373691278115257,-1.1099901739376037,-1.179024470547907,0.8795791269017531,2.2993392898300504,-1.177851894974348,2.4413740852880284,-0.8828162337175963,-1.3482603050240614,0.4617277333253637,1.8405886095799828,-1.0235034680811452,0.9841231756854657,0
2.415165482054347,-1.1099901739376037,-1.179024470547907,0.6677717687081944,2.4683208668888827,-1.177851894974348,2.4413740852880284,-1.461440576166749,1.726612062100352,0.6910700256137552,2.872610552162881,-1.0235034680811452,-1.0161329645585022,1
1.7373691278115257,-1.1099901739376037,0.8491410419312149,0.9126957411376532,1.4544314045358888,-1.177851894974348,1.4912231108825644,-1.461440576166749,-0.34120603631519225,0.003043148748581378,1.582583123934258,-0.03140185079879733,-1.0161329645585022,0
2.0762673049329363,-1.1099901739376037,0.8491410419312149,0.9160437250279778,2.130357712771218,-1.177851894974348,-0.5674373336626071,0.2744324511807092,-1.8752853723150364,-1.143668312693375,2.872610552162881,0.8416475724096689,0.9841231756854657,0
2.415165482054347,-1.1099901739376037,-1.179024470547907,0.913706453255487,1.9613761357123858,-1.177851894974348,1.5228948100294133,0.853056793629862,0.11868207972852446,0.003043148748581378,2.356599580871432,0.7225953783357871,0.9841231756854657,0
2.0762673049329363,0.9009088760241706,-1.179024470547907,0.9179230178720752,2.130357712771218,-1.177851894974348,4.024959042630468,-1.461440576166749,-0.707102420612748,1.2644257563347332,2.098594095225707,-0.686188918205147,0.9841231756854657,0
3.0929618362971683,-1.1099901739376037,0.8491410419312149,0.9229765784612445,2.9752655980653797,-1.177851894974348,-1.042512820865339,-0.8828162337175963,-0.811164695045998,-1.3730106049817663,2.872610552162881,1.337698381050843,0.9841231756854657,0
2.415165482054347,0.9009088760241706,0.8491410419312149,0.9288987197766773,2.4683208668888827,-1.177851894974348,-1.0662665952254755,1.4316811360790147,0.001192415045823164,-1.3730106049817663,1.582583123934258,-0.15045404487267908,0.9841231756854657,0
1.906818216372231,0.9009088760241706,0.17308587110484092,0.9335258861911354,1.7923945586535535,-1.177851894974348,0.4618928886099787,-1.461440576166749,-1.4993184453303918,-0.570312581972397,1.3245776382885335,0.8813316371009629,-1.0161329645585022,0
1.906818216372231,-1.1099901739376037,-1.179024470547907,-0.4039778856167275,1.7923945586535535,0.9048055324001227,0.8577891279455886,-1.461440576166749,0.5114332445249834,1.6084391947673204,1.8405886095799828,0.3654387961141419,-1.0161329645585022,1
1.398470950690115,0.9009088760241706,0.17308587110484092,0.9298146776334643,0.7785050963005594,-1.177851894974348,0.06599664927436881,1.4316811360790147,-1.8752853723150364,-0.7996548742607882,2.356599580871432,-0.8647672093159696,0.9841231756854657,0
3.601309101979284,-1.1099901739376037,-1.179024470547907,-0.3929232218279196,3.3132287521830444,0.9048055324001227,0.8577891279455886,-1.461440576166749,0.8336906105118219,1.4937680486231246,1.582583123934258,1.4369085427790778,-1.0161329645585022,1
2.754063659175758,0.9009088760241706,0.8491410419312149,0.9337469794669115,2.4683208668888827,-1.177851894974348,0.38271364074285674,-0.3041918912684436,0.001192415045823164,-0.570312581972397,2.098594095225707,1.317856348705196,0.9841231756854657,0
3.0929618362971683,-1.1099901739376037,-1.179024470547907,-0.5073863691726044,2.9752655980653797,0.9048055324001227,0.8577891279455886,-1.461440576166749,-0.005521280078902488,1.952452633199907,1.582583123934258,1.1789621222856672,-1.0161329645585022,1
1.906818216372231,0.9009088760241706,-0.502969299721533,0.9296409614882115,1.6234129815947211,-1.177851894974348,2.4413740852880284,1.4316811360790147,1.5352717510456675,0.4617277333253637,2.872610552162881,0.6829113136444932,0.9841231756854657,0
2.923512747736463,0.9009088760241706,0.17308587110484092,0.9324993816964604,2.637302443947715,-1.177851894974348,-0.2507203421941191,1.4316811360790147,-0.6936750303632967,-0.9143260204049839,1.3245776382885335,0.8614896047553159,0.9841231756854657,0
2.2457163934936415,-1.1099901739376037,0.8491410419312149,0.9344260516710812,2.637302443947715,-1.177851894974348,1.6495816066168083,0.853056793629862,1.2096575374964662,0.003043148748581378,1.3245776382885335,-1.5592383414136133,0.9841231756854657,0
1.5679200392508204,0.9009088760241706,-0.502969299721533,-0.508681344073579,1.1164682504182242,0.9048055324001227,0.8577891279455886,0.853056793629862,-0.015591822765990965,1.952452633199907,1.582583123934258,0.5837011519162584,-1.0161329645585022,1
3.0929618362971683,0.9009088760241706,1.5251962127575889,0.9562669088423973,2.2993392898300504,-1.177851894974348,0.06599664927436881,-1.461440576166749,-1.6705176710108995,-0.7996548742607882,2.356599580871432,0.18686050500331922,0.9841231756854657,0
3.0929618362971683,0.9009088760241706,-0.502969299721533,0.7235346513343096,3.3132287521830444,-1.177851894974348,3.2331665639592484,-0.8828162337175963,2.478545916069642,1.1497546101905376,2.356599580871432,1.4170665104334308,-1.0161329645585022,1
1.906818216372231,-1.1099901739376037,0.8491410419312149,0.42679589048902433,2.2993392898300504,-1.177851894974348,2.4413740852880284,0.2744324511807092,2.448334288008376,1.035083464046342,1.8405886095799828,0.22654456969461315,-1.0161329645585022,1
2.923512747736463,0.9009088760241706,-0.502969299721533,-0.35004691870418625,3.3132287521830444,0.9048055324001227,0.8577891279455886,0.2744324511807092,1.8105332511594245,1.379096902478929,1.3245776382885335,1.5758027691986063,-1.0161329645585022,1
2.0762673049329363,0.9009088760241706,-1.179024470547907,0.9585252187306823,1.9613761357123858,-1.177851894974348,0.38271364074285674,1.4316811360790147,0.001192415045823164,-0.570312581972397,2.6146050665171567,-1.0235034680811452,0.9841231756854657,0
3.77075819053999,0.9009088760241706,-1.179024470547907,0.9487971145965314,3.651191906300709,-1.177851894974348,-0.7257958293968509,0.853056793629862,-0.25392799969375696,-1.143668312693375,2.872610552162881,1.2186461869769611,0.9841231756854657,0
1.7373691278115257,0.9009088760241706,0.8491410419312149,0.9691850730984614,1.7923945586535535,-1.177851894974348,0.17684759628833957,-0.3041918912684436,1.0955247203761276,-0.6849837281165926,2.098594095225707,0.6630692812988462,-1.0161329645585022,0
1.398470950690115,0.9009088760241706,-1.179024470547907,0.969658844403696,1.1164682504182242,-1.177851894974348,1.712925004910506,-0.3041918912684436,0.6893461653302174,0.003043148748581378,1.3245776382885335,-0.7060309505507939,0.9841231756854657,0
1.5679200392508204,0.9009088760241706,-1.179024470547907,0.9801923597567458,1.4544314045358888,-1.177851894974348,-0.2507203421941191,-0.3041918912684436,0.6893461653302174,-0.9143260204049839,1.8405886095799828,0.6035431842619053,0.9841231756854657,0
1.5679200392508204,-1.1099901739376037,0.8491410419312149,0.9707958955362591,1.4544314045358888,-1.177851894974348,0.06599664927436881,0.853056793629862,-0.6936750303632967,-0.7996548742607882,1.3245776382885335,-2.0156050853634935,0.9841231756854657,0
1.7373691278115257,0.9009088760241706,0.8491410419312149,0.9786289144494715,1.6234129815947211,-1.177851894974348,1.0161476236798326,0.853056793629862,-0.0860856215756121,-0.34097028968400567,2.6146050665171567,0.0479662785837905,-1.0161329645585022,0
1.5679200392508204,0.9009088760241706,0.17308587110484092,-0.49039377169152265,1.7923945586535535,0.9048055324001227,-1.2325430157464317,0.2744324511807092,-0.46205254856025635,-1.143668312693375,1.8405886095799828,1.794065125000723,-1.0161329645585022,0
1.7373691278115257,0.9009088760241706,-1.179024470547907,0.9886570737436043,1.7923945586535535,-1.177851894974348,0.38271364074285674,0.2744324511807092,0.001192415045823164,-0.6849837281165926,2.872610552162881,0.821805540064022,-1.0161329645585022,0
1.7373691278115257,0.9009088760241706,-0.502969299721533,-0.7444457379351684,1.4544314045358888,0.21058638994196582,-0.765385453330412,-0.3041918912684436,0.5785701957722418,0.003043148748581378,2.098594095225707,2.1115376425310743,0.9841231756854657,0
1.7373691278115257,-1.1099901739376037,0.8491410419312149,0.9936632572022502,2.130357712771218,-1.177851894974348,0.28769854330231037,-1.461440576166749,-0.1397951825734185,-0.6849837281165926,1.582583123934258,-1.7179746001787888,0.9841231756854657,0
2.415165482054347,0.9009088760241706,-1.179024470547907,-0.4695320418843581,1.7923945586535535,0.9048055324001227,0.8577891279455886,-0.3041918912684436,1.995159867089384,1.8377814870557112,2.356599580871432,0.9011736694466097,-1.0161329645585022,1
2.923512747736463,0.9009088760241706,-1.179024470547907,0.9874726454805178,2.637302443947715,-1.177851894974348,2.4413740852880284,-0.3041918912684436,0.3939435798422821,0.4617277333253637,1.582583123934258,0.5241750548793175,0.9841231756854657,0
2.5846145706150523,-1.1099901739376037,-0.502969299721533,-0.33982925088795957,2.637302443947715,0.9048055324001227,0.8577891279455886,0.853056793629862,0.4745079213389917,1.379096902478929,1.582583123934258,2.0321695131484865,-1.0161329645585022,1
2.2457163934936415,0.9009088760241706,0.17308587110484092,0.9957162661916003,2.130357712771218,-1.177851894974348,2.91644957249076,0.2744324511807092,0.23617174441122635,0.6910700256137552,1.8405886095799828,1.4765926074703717,-1.0161329645585022,0
2.923512747736463,-1.1099901739376037,1.5251962127575889,1.002854420523802,3.144247175124212,-1.177851894974348,1.6495816066168083,1.4316811360790147,0.001192415045823164,0.003043148748581378,2.356599580871432,1.9726434161115456,0.9841231756854657,0
1.398470950690115,-1.1099901739376037,-1.179024470547907,-0.33714454682496336,1.6234129815947211,0.9048055324001227,0.8577891279455886,0.2744324511807092,0.9981761410676039,1.379096902478929,2.356599580871432,0.821805540064022,-1.0161329645585022,1
2.923512747736463,-1.1099901739376037,0.8491410419312149,1.0081764515192708,2.9752655980653797,-1.177851894974348,-0.7257958293968509,0.853056793629862,0.16232109803924238,-1.2583394588375707,1.8405886095799828,-0.9044512740072636,0.9841231756854657,0
2.754063659175758,0.9009088760241706,0.8491410419312149,1.0306647961410742,3.3132287521830444,-1.177851894974348,-0.8841543251310949,-0.3041918912684436,0.001192415045823164,-1.2583394588375707,2.098594095225707,1.4567505751247247,-1.0161329645585022,0
2.2457163934936415,0.9009088760241706,-1.179024470547907,-0.4210968221125385,2.8062840210065474,0.9048055324001227,0.8577891279455886,0.2744324511807092,0.5785701957722418,1.6084391947673204,2.356599580871432,1.9131173190746047,-1.0161329645585022,1
1.398470950690115,-1.1099901739376037,-0.502969299721533,1.0322598262020308,1.6234129815947211,-1.177851894974348,3.2331665639592484,0.2744324511807092,-1.4724636648314886,0.8057411717579506,1.3245776382885335,-1.0830295651180861,0.9841231756854657,0
2.0762673049329363,-1.1099901739376037,0.8491410419312149,0.7965112247172826,1.9613761357123858,-1.177851894974348,-0.5674373336626071,-1.461440576166749,2.102578989084997,-1.0289971665491795,2.6146050665171567,0.08765034327508442,-1.0161329645585022,1
2.0762673049329363,0.9009088760241706,-0.502969299721533,-0.7564637367112866,1.9613761357123858,0.21058638994196582,-0.765385453330412,-0.3041918912684436,0.001192415045823164,0.1177142948927768,2.872610552162881,1.1789621222856672,0.9841231756854657,0
1.398470950690115,-1.1099901739376037,1.5251962127575889,-0.30243290252810673,1.6234129815947211,0.9048055324001227,0.8577891279455886,-0.3041918912684436,-0.707102420612748,1.2644257563347332,2.098594095225707,-1.6981325678331418,0.9841231756854657,0
1.906818216372231,-1.1099901739376037,-1.179024470547907,0.8025754974242858,1.9613761357123858,-1.177851894974348,0.38271364074285674,-0.3041918912684436,-1.3482603050240614,-0.570312581972397,1.8405886095799828,-0.190138109563973,-1.0161329645585022,1
1.398470950690115,0.9009088760241706,0.8491410419312149,1.0307121732715976,0.6095235192417271,-1.177851894974348,0.7786098800784667,-1.461440576166749,-1.8752853723150364,-0.45564143582820127,2.356599580871432,1.0400678958661385,-1.0161329645585022,0
1.5679200392508204,-1.1099901739376037,0.8491410419312149,1.0275379055265257,1.4544314045358888,-1.177851894974348,-0.6624524311031534,0.853056793629862,-1.6839450612603513,-1.143668312693375,2.872610552162881,0.6829113136444932,0.9841231756854657,0
1.906818216372231,0.9009088760241706,0.8491410419312149,0.8046916759210004,1.7923945586535535,-1.177851894974348,3.2331665639592484,-0.8828162337175963,1.8407448792206904,1.035083464046342,1.3245776382885335,1.0202258635204915,-1.0161329645585022,1
1.5679200392508204,0.9009088760241706,0.8491410419312149,-0.29914808814514665,1.6234129815947211,0.9048055324001227,0.8577891279455886,-0.3041918912684436,0.7430557263280237,1.2644257563347332,1.3245776382885335,0.6829113136444932,-1.0161329645585022,0
3.431860013418579,-1.1099901739376037,-0.502969299721533,1.032180864317825,3.4822103292418767,-1.177851894974348,-0.9474977234247925,-1.461440576166749,0.001192415045823164,-1.3730106049817663,2.872610552162881,0.5241750548793175,-1.0161329645585022,0
2.0762673049329363,0.9009088760241706,0.17308587110484092,1.0313912454757672,2.8062840210065474,-1.177851894974348,0.0026532509806712224,0.853056793629862,-0.1397951825734185,-0.7996548742607882,2.098594095225707,-0.8846092416616166,0.9841231756854657,0
3.262410924857874,0.9009088760241706,-1.179024470547907,1.0284538633833127,3.144247175124212,-1.177851894974348,0.8577891279455886,-0.8828162337175963,-0.005521280078902488,-0.45564143582820127,1.582583123934258,1.3972244780877838,-1.0161329645585022,0
1.5679200392508204,-1.1099901739376037,0.8491410419312149,-0.7736774274681446,1.4544314045358888,0.21058638994196582,-0.7257958293968509,1.4316811360790147,-0.3680608168140954,0.23238544103697253,1.3245776382885335,-1.0235034680811452,0.9841231756854657,0
1.906818216372231,0.9009088760241706,1.5251962127575889,0.7970007883993584,2.130357712771218,-1.177851894974348,1.6495816066168083,-0.3041918912684436,1.1861596045599256,0.1177142948927768,2.098594095225707,1.694854963272488,-1.0161329645585022,1
3.77075819053999,0.9009088760241706,0.8491410419312149,1.0315965463747023,4.496099791594871,-1.177851894974348,-0.6347396943496607,-0.3041918912684436,1.407711543675877,-1.143668312693375,1.8405886095799828,1.9329593514202517,0.9841231756854657,0
2.0762673049329363,-1.1099901739376037,1.5251962127575889,-0.7676289471379826,1.9613761357123858,0.21058638994196582,-0.17154109432699713,1.4316811360790147,-1.173704231781191,1.4937680486231246,1.3245776382885335,-0.03140185079879733,0.9841231756854657,0
1.906818216372231,0.9009088760241706,0.8491410419312149,1.0271430961054968,1.6234129815947211,-1.177851894974348,0.38271364074285674,0.2744324511807092,-1.7510820125076092,-0.6849837281165926,1.3245776382885335,0.008282213892496587,0.9841231756854657,0
1.5679200392508204,-1.1099901739376037,-0.502969299721533,0.4925869324092722,1.7923945586535535,-1.177851894974348,1.6495816066168083,0.2744324511807092,1.286865031430813,0.4617277333253637,1.582583123934258,-0.8846092416616166,-1.0161329645585022,1
2.5846145706150523,-1.1099901739376037,-1.179024470547907,0.49411879296286415,2.2993392898300504,-1.177851894974348,-0.18737694390042153,0.2744324511807092,1.286865031430813,-0.6849837281165926,2.098594095225707,0.5638591195706114,-1.0161329645585022,1
2.415165482054347,0.9009088760241706,1.5251962127575889,1.032086110056778,1.9613761357123858,-1.177851894974348,-0.052772222526314166,-0.8828162337175963,0.2865244578466693,-0.9143260204049839,1.8405886095799828,0.6829113136444932,-1.0161329645585022,0
2.415165482054347,-1.1099901739376037,-1.179024470547907,1.0271904732360202,2.130357712771218,-1.177851894974348,-0.5674373336626071,0.853056793629862,-0.21028898138303903,-1.143668312693375,1.3245776382885335,-0.8846092416616166,-1.0161329645585022,0
2.2457163934936415,-1.1099901739376037,-1.179024470547907,1.0306016266337097,2.4683208668888827,-1.177851894974348,1.6495816066168083,0.2744324511807092,-0.25392799969375696,0.003043148748581378,1.3245776382885335,1.337698381050843,-1.0161329645585022,0
1.7373691278115257,0.9009088760241706,0.8491410419312149,1.0299699315600634,1.4544314045358888,-1.177851894974348,2.3226052134873454,-1.461440576166749,0.001192415045823164,0.3470565871811683,1.582583123934258,0.8416475724096689,0.9841231756854657,0
3.601309101979284,-1.1099901739376037,0.17308587110484092,1.0263850620171215,3.4822103292418767,-1.177851894974348,0.38271364074285674,0.2744324511807092,-0.005521280078902488,-0.6849837281165926,1.582583123934258,1.6750129309268411,-1.0161329645585022,0
1.398470950690115,-1.1099901739376037,-1.179024470547907,1.0322124490715072,1.2854498274770565,-1.177851894974348,2.4413740852880284,-0.3041918912684436,-0.005521280078902488,0.3470565871811683,1.3245776382885335,0.6233852166075523,0.9841231756854657,0
2.0762673049329363,0.9009088760241706,1.5251962127575889,1.0287539185432946,2.130357712771218,0.21058638994196582,1.6495816066168083,0.2744324511807092,0.001192415045823164,0.003043148748581378,1.3245776382885335,1.9924854484571926,-1.0161329645585022,0
1.7373691278115257,0.9009088760241706,0.8491410419312149,1.028911842311706,0.7785050963005594,0.21058638994196582,2.2196721912600865,1.4316811360790147,1.327147202179168,0.23238544103697253,1.8405886095799828,1.0003838311748445,-1.0161329645585022,0
1.5679200392508204,0.9009088760241706,0.17308587110484092,0.49358185215026495,1.2854498274770565,-1.177851894974348,-0.7257958293968509,0.2744324511807092,2.841085452804834,-1.143668312693375,2.6146050665171567,1.0400678958661385,-1.0161329645585022,1
1.906818216372231,0.9009088760241706,0.8491410419312149,-0.778841534695202,1.9613761357123858,0.21058638994196582,-0.2507203421941191,0.853056793629862,-1.173704231781191,1.379096902478929,2.098594095225707,-0.26950623894656084,-1.0161329645585022,0
3.262410924857874,-1.1099901739376037,0.8491410419312149,-0.771766549870365,2.637302443947715,0.21058638994196582,0.1847655210750518,0.853056793629862,1.0787404825643134,2.411137217776689,2.6146050665171567,-1.2616078562289088,0.9841231756854657,0
2.0762673049329363,-1.1099901739376037,-0.502969299721533,1.0262745153792334,2.2993392898300504,-1.177851894974348,1.1745061194140765,1.4316811360790147,-0.16664996307232172,-0.2262991435398101,2.356599580871432,0.4448069254967297,-1.0161329645585022,0
2.415165482054347,0.9009088760241706,0.8491410419312149,0.7995749458244665,2.2993392898300504,-1.177851894974348,0.7627740305050422,1.4316811360790147,0.8941138666343539,-0.34097028968400567,2.6146050665171567,-0.36871640067479566,-1.0161329645585022,1
1.398470950690115,-1.1099901739376037,-1.179024470547907,1.0291013508338,1.2854498274770565,0.21058638994196582,0.06599664927436881,0.853056793629862,0.769910506826927,-0.7996548742607882,1.8405886095799828,0.7424374106814341,-1.0161329645585022,0
1.398470950690115,0.9009088760241706,-1.179024470547907,-0.23390977941433913,1.1164682504182242,0.9048055324001227,-1.2642147148932805,0.2744324511807092,0.4040141225293712,-1.3730106049817663,2.6146050665171567,0.14717644031202531,-1.0161329645585022,1
1.5679200392508204,-1.1099901739376037,0.8491410419312149,1.0447989734139072,1.7923945586535535,-1.177851894974348,-0.8841543251310949,-0.3041918912684436,-1.1233515183457474,-1.2583394588375707,2.356599580871432,0.7027533459901402,-1.0161329645585022,0
1.906818216372231,0.9009088760241706,0.8491410419312149,-1.0187277389123326,1.9613761357123858,0.9048055324001227,-1.2800505644667048,0.2744324511807092,0.03476089066945202,-0.45564143582820127,1.3245776382885335,0.6432272489531993,0.9841231756854657,0
1.906818216372231,-1.1099901739376037,-1.179024470547907,1.054716586070152,1.7923945586535535,-1.177851894974348,-1.2879684892534171,1.4316811360790147,-1.4254677989584081,-1.487681751125962,2.872610552162881,0.7225953783357871,-1.0161329645585022,0
2.5846145706150523,0.9009088760241706,0.8491410419312149,1.0678242588483098,2.4683208668888827,0.21058638994196582,0.38271364074285674,0.2744324511807092,0.27645391515958084,-0.6849837281165926,1.3245776382885335,0.8416475724096689,-1.0161329645585022,0
2.5846145706150523,0.9009088760241706,0.8491410419312149,1.0734463450037606,2.637302443947715,-1.177851894974348,-0.06860807209973856,-0.8828162337175963,-1.6705176710108995,-0.9143260204049839,1.582583123934258,-0.4877685947486774,0.9841231756854657,0
1.5679200392508204,-1.1099901739376037,-0.502969299721533,1.0806476688433269,1.6234129815947211,-1.177851894974348,4.024959042630468,0.853056793629862,1.0955247203761276,1.1497546101905376,2.6146050665171567,0.9210157017922567,-1.0161329645585022,0
2.2457163934936415,0.9009088760241706,-1.179024470547907,-0.9301956743408227,2.130357712771218,0.9048055324001227,-1.2800505644667048,0.853056793629862,1.417782086362966,-0.7996548742607882,1.8405886095799828,0.6432272489531993,-1.0161329645585022,1
3.0929618362971683,0.9009088760241706,1.5251962127575889,-0.9132662463671055,2.9752655980653797,0.9048055324001227,-1.2800505644667048,-0.3041918912684436,0.04483143335654109,-0.7996548742607882,1.8405886095799828,1.337698381050843,-1.0161329645585022,1
1.7373691278115257,-1.1099901739376037,-1.179024470547907,1.0994721820379825,2.130357712771218,-1.177851894974348,0.38271364074285674,-0.8828162337175963,-1.371758237960602,-0.6849837281165926,2.098594095225707,2.0520115454941332,0.9841231756854657,0
2.415165482054347,-1.1099901739376037,-1.179024470547907,1.100640817924228,1.7923945586535535,-1.177851894974348,-0.5040939353689095,-1.461440576166749,-1.3482603050240614,-1.143668312693375,2.6146050665171567,1.8139071573463699,0.9841231756854657,0
1.5679200392508204,0.9009088760241706,0.17308587110484092,1.1088212691279458,1.7923945586535535,-1.177851894974348,3.2331665639592484,-0.3041918912684436,2.344272013575125,0.6910700256137552,1.582583123934258,-0.11076998018138517,0.9841231756854657,0
1.398470950690115,0.9009088760241706,0.8491410419312149,1.106799844892278,1.2854498274770565,-1.177851894974348,-1.2008713165995828,-1.461440576166749,0.665848232393677,-1.487681751125962,2.6146050665171567,1.0400678958661385,-1.0161329645585022,0
1.7373691278115257,-1.1099901739376037,1.5251962127575889,1.1012567206210329,1.7923945586535535,-1.177851894974348,0.38271364074285674,1.4316811360790147,0.001192415045823164,-0.6849837281165926,2.6146050665171567,0.8813316371009629,0.9841231756854657,0
1.5679200392508204,0.9009088760241706,0.8491410419312149,1.1029465049430365,1.1164682504182242,-1.177851894974348,1.4912231108825644,-0.3041918912684436,0.9780350556934264,-0.11162799739561437,2.6146050665171567,0.46464895784237664,0.9841231756854657,0
2.2457163934936415,0.9009088760241706,-1.179024470547907,-0.7986925523845326,1.6234129815947211,0.21058638994196582,-0.804975077263973,-0.8828162337175963,0.665848232393677,0.1177142948927768,2.098594095225707,0.3455967637684949,-1.0161329645585022,0
2.415165482054347,0.9009088760241706,-0.502969299721533,1.122686975994479,2.4683208668888827,-1.177851894974348,4.024959042630468,0.2744324511807092,-1.0427871768490378,1.035083464046342,1.582583123934258,2.171063739568015,-1.0161329645585022,0
2.923512747736463,0.9009088760241706,-1.179024470547907,1.1198601405399125,3.4822103292418767,-1.177851894974348,0.38271364074285674,-0.3041918912684436,-1.6705176710108995,-0.6849837281165926,2.098594095225707,1.5758027691986063,-1.0161329645585022,0
2.415165482054347,-1.1099901739376037,0.8491410419312149,-0.7940022164627099,1.9613761357123858,0.21058638994196582,-0.7257958293968509,0.2744324511807092,0.001192415045823164,0.3470565871811683,1.3245776382885335,-2.0156050853634935,0.9841231756854657,0
2.0762673049329363,-1.1099901739376037,-1.179024470547907,-0.8087365040555067,1.9613761357123858,0.9048055324001227,-1.2800505644667048,0.2744324511807092,-1.2475548781531747,-1.0289971665491795,2.6146050665171567,0.46464895784237664,0.9841231756854657,0
1.906818216372231,0.9009088760241706,-1.179024470547907,1.1174123221295336,1.9613761357123858,-1.177851894974348,-0.804975077263973,-1.461440576166749,-1.4724636648314886,-1.2583394588375707,1.3245776382885335,0.8614896047553159,0.9841231756854657,0
2.2457163934936415,-1.1099901739376037,0.8491410419312149,1.1209182297882698,2.4683208668888827,-1.177851894974348,0.8538301655522325,1.4316811360790147,-1.6705176710108995,-0.45564143582820127,2.6146050665171567,0.26622863438590705,0.9841231756854657,0
1.398470950690115,0.9009088760241706,0.8491410419312149,1.1200812338156887,0.9474866733593919,-1.177851894974348,0.7786098800784667,0.2744324511807092,0.001192415045823164,-0.45564143582820127,2.6146050665171567,-1.6187644384505542,-1.0161329645585022,0
1.906818216372231,-1.1099901739376037,-0.502969299721533,-0.7741038216428557,1.9613761357123858,0.9048055324001227,-1.2800505644667048,-1.461440576166749,1.0787404825643134,-1.0289971665491795,1.8405886095799828,0.6630692812988462,-1.0161329645585022,1
2.0762673049329363,-1.1099901739376037,0.17308587110484092,1.1209971916724755,1.9613761357123858,-1.177851894974348,0.0976683484212176,0.853056793629862,-1.1804179269059165,-0.7996548742607882,1.8405886095799828,1.5559607368529593,0.9841231756854657,0
2.0762673049329363,-1.1099901739376037,0.8491410419312149,-0.23090922781451986,1.9613761357123858,0.9048055324001227,0.8577891279455886,0.853056793629862,1.092167872813765,1.035083464046342,1.582583123934258,0.5043330225336705,0.9841231756854657,0
2.5846145706150523,-1.1099901739376037,1.5251962127575889,1.1216288867461217,2.8062840210065474,-1.177851894974348,-0.12403354560672394,-0.3041918912684436,-1.0495008719737637,-0.9143260204049839,1.8405886095799828,-0.011559818453150373,0.9841231756854657,0
2.2457163934936415,0.9009088760241706,-0.502969299721533,1.1192600302199487,2.130357712771218,-1.177851894974348,1.6495816066168083,-1.461440576166749,0.7061304031420315,-0.11162799739561437,1.8405886095799828,1.0995939929030794,0.9841231756854657,0
2.923512747736463,0.9009088760241706,-1.179024470547907,1.1223079589502913,3.144247175124212,-1.177851894974348,0.06599664927436881,0.853056793629862,0.001192415045823164,-0.7996548742607882,1.582583123934258,1.278172284013902,0.9841231756854657,0
3.77075819053999,-1.1099901739376037,0.8491410419312149,-0.18351630491421644,3.3132287521830444,0.9048055324001227,0.8577891279455886,-0.3041918912684436,0.8269769153870962,0.9204123179021463,2.356599580871432,0.5241750548793175,0.9841231756854657,0
2.415165482054347,0.9009088760241706,0.8491410419312149,0.8959558216860298,2.4683208668888827,-1.177851894974348,2.2830155895537843,-0.8828162337175963,1.4446368668618692,0.4617277333253637,2.356599580871432,0.028124246238143545,-1.0161329645585022,1
1.5679200392508204,0.9009088760241706,-0.502969299721533,1.119291614973631,1.2854498274770565,-1.177851894974348,-0.2507203421941191,-0.3041918912684436,-0.5661148229935064,-1.0289971665491795,2.356599580871432,1.4964346398160184,0.9841231756854657,0
2.415165482054347,0.9009088760241706,-0.502969299721533,-0.1650708087637485,2.4683208668888827,0.9048055324001227,0.8577891279455886,0.2744324511807092,0.8135495251376443,0.9204123179021463,1.582583123934258,1.4170665104334308,-1.0161329645585022,0
2.0762673049329363,-1.1099901739376037,-1.179024470547907,-0.26219392633684613,2.2993392898300504,0.9048055324001227,0.8577891279455886,-0.8828162337175963,2.5557534100039887,1.1497546101905376,2.872610552162881,0.6233852166075523,-1.0161329645585022,1
2.923512747736463,-1.1099901739376037,1.5251962127575889,1.1390005012713913,1.9613761357123858,-1.177851894974348,-0.5674373336626071,1.4316811360790147,-0.11965409719924096,-1.143668312693375,1.582583123934258,0.4448069254967297,-1.0161329645585022,0
2.754063659175758,-1.1099901739376037,-1.179024470547907,-0.14540929959651164,2.4683208668888827,0.9048055324001227,0.8577891279455886,-0.3041918912684436,0.830333762949459,0.8057411717579506,2.356599580871432,0.5440170872249644,-1.0161329645585022,0
1.906818216372231,0.9009088760241706,-0.502969299721533,1.1447963035720947,1.2854498274770565,-1.177851894974348,0.6994306322113446,0.2744324511807092,-0.34120603631519225,-0.570312581972397,2.098594095225707,0.0479662785837905,-1.0161329645585022,0
1.7373691278115257,-1.1099901739376037,-1.179024470547907,1.142964387858521,1.6234129815947211,-1.177851894974348,-1.1375279183058853,-0.8828162337175963,0.001192415045823164,-1.3730106049817663,2.098594095225707,0.10749237562073138,0.9841231756854657,0
1.906818216372231,0.9009088760241706,-1.179024470547907,-0.7964816196267711,2.130357712771218,0.21058638994196582,-1.042512820865339,-0.3041918912684436,-1.0964967378468442,-0.45564143582820127,1.3245776382885335,0.5241750548793175,0.9841231756854657,0
2.0762673049329363,-1.1099901739376037,-1.179024470547907,0.9358947427173085,1.6234129815947211,-1.177851894974348,0.06599664927436881,-0.3041918912684436,0.03476089066945202,-0.7996548742607882,1.3245776382885335,1.0995939929030794,-1.0161329645585022,1
1.5679200392508204,0.9009088760241706,-1.179024470547907,-0.10523349291261565,1.4544314045358888,0.9048055324001227,0.8577891279455886,-1.461440576166749,0.4745079213389917,0.6910700256137552,2.356599580871432,1.0797519605574324,0.9841231756854657,0
2.5846145706150523,-1.1099901739376037,0.8491410419312149,0.6258272158180892,2.4683208668888827,-1.177851894974348,-0.2903099661276801,0.2744324511807092,1.4446368668618692,-0.9143260204049839,2.098594095225707,-0.3488743683291487,-1.0161329645585022,1
2.415165482054347,0.9009088760241706,-1.179024470547907,0.6244848637865912,2.4683208668888827,-1.177851894974348,2.3226052134873454,0.2744324511807092,1.0787404825643134,0.6910700256137552,2.098594095225707,0.12733440796637835,-1.0161329645585022,1
3.0929618362971683,0.9009088760241706,-1.179024470547907,-0.10491764537579257,2.8062840210065474,0.9048055324001227,0.8577891279455886,0.2744324511807092,0.8336906105118219,0.6910700256137552,2.872610552162881,-0.46792656240303043,0.9841231756854657,0
1.7373691278115257,-1.1099901739376037,-1.179024470547907,1.2155619441973062,1.6234129815947211,-1.177851894974348,3.2331665639592484,-0.3041918912684436,-0.3680608168140954,0.5763988794695595,2.098594095225707,1.3773824457421369,0.9841231756854657,0
3.0929618362971683,0.9009088760241706,-0.502969299721533,-0.10908683286185725,3.144247175124212,0.9048055324001227,0.8577891279455886,1.4316811360790147,1.7836784706605218,0.8057411717579506,1.8405886095799828,-0.11076998018138517,0.9841231756854657,0
1.398470950690115,-1.1099901739376037,1.5251962127575889,-0.10913420999238072,1.2854498274770565,0.9048055324001227,0.8577891279455886,1.4316811360790147,0.001192415045823164,0.8057411717579506,2.6146050665171567,0.5043330225336705,0.9841231756854657,0
1.398470950690115,-1.1099901739376037,0.17308587110484092,-0.10644950592938451,1.4544314045358888,0.9048055324001227,0.8577891279455886,-0.3041918912684436,0.860545391010725,0.8057411717579506,1.582583123934258,2.210747804259309,-1.0161329645585022,0
2.923512747736463,0.9009088760241706,0.17308587110484092,0.9856091450132616,2.8062840210065474,-1.177851894974348,0.0026532509806712224,-0.8828162337175963,1.0015329886299666,-0.7996548742607882,1.582583123934258,2.230589836604956,-1.0161329645585022,1
1.7373691278115257,-1.1099901739376037,-1.179024470547907,1.21862566530449,1.6234129815947211,-1.177851894974348,0.22435514500861276,-1.461440576166749,-0.08944246913797492,-0.7996548742607882,1.3245776382885335,0.4249648931510827,-1.0161329645585022,0
1.398470950690115,0.9009088760241706,0.8491410419312149,1.2218788949337678,1.1164682504182242,-1.177851894974348,0.38271364074285674,0.853056793629862,0.001192415045823164,-0.6849837281165926,2.098594095225707,-0.22982217425526694,0.9841231756854657,0
2.0762673049329363,-1.1099901739376037,0.8491410419312149,0.6475891111051996,1.6234129815947211,-1.177851894974348,2.4413740852880284,0.2744324511807092,1.2835081838684501,0.8057411717579506,2.6146050665171567,-2.3529196352394917,-1.0161329645585022,1
2.0762673049329363,0.9009088760241706,-1.179024470547907,1.2135247275847973,2.130357712771218,-1.177851894974348,2.3226052134873454,-1.461440576166749,-1.623521805137819,0.1177142948927768,2.6146050665171567,0.7027533459901402,0.9841231756854657,0
1.906818216372231,-1.1099901739376037,-1.179024470547907,1.2175517836792917,1.6234129815947211,0.21058638994196582,2.4413740852880284,-0.3041918912684436,1.6997572816014495,0.23238544103697253,2.098594095225707,1.238488219322608,0.9841231756854657,0
1.5679200392508204,0.9009088760241706,0.17308587110484092,-0.8178171207391702,0.9474866733593919,0.21058638994196582,-0.4090788379283631,-0.8828162337175963,-1.6705176710108995,1.2644257563347332,2.356599580871432,1.9131173190746047,-1.0161329645585022,0
1.398470950690115,-1.1099901739376037,0.8491410419312149,-0.01161628299825424,1.2854498274770565,0.9048055324001227,0.8577891279455886,0.2744324511807092,-0.1397951825734185,0.5763988794695595,2.872610552162881,-1.3409759856114967,-1.0161329645585022,0
2.2457163934936415,0.9009088760241706,-1.179024470547907,1.2554376957212203,2.2993392898300504,-1.177851894974348,-0.2507203421941191,-1.461440576166749,0.8336906105118219,-1.0289971665491795,2.872610552162881,1.6154868338899002,-1.0161329645585022,0
2.0762673049329363,-1.1099901739376037,-0.502969299721533,1.255311356706491,2.130357712771218,-1.177851894974348,-0.3298995900612411,-0.3041918912684436,-1.2475548781531747,-1.0289971665491795,2.356599580871432,1.0797519605574324,0.9841231756854657,0
1.398470950690115,-1.1099901739376037,-1.179024470547907,-0.01676459784847047,1.2854498274770565,0.9048055324001227,0.8577891279455886,0.2744324511807092,0.9108981044461687,0.5763988794695595,1.3245776382885335,0.10749237562073138,-1.0161329645585022,0
1.906818216372231,0.9009088760241706,-0.502969299721533,1.2955345405209104,1.7923945586535535,-1.177851894974348,2.4413740852880284,1.4316811360790147,-0.25392799969375696,0.1177142948927768,2.872610552162881,-0.46792656240303043,0.9841231756854657,0
2.415165482054347,0.9009088760241706,-1.179024470547907,-0.11107667234384266,2.2993392898300504,0.9048055324001227,0.8577891279455886,0.853056793629862,0.001192415045823164,0.8057411717579506,2.356599580871432,1.4170665104334308,-1.0161329645585022,1
1.398470950690115,0.9009088760241706,0.8491410419312149,1.0844852164157273,1.4544314045358888,-1.177851894974348,-1.121692068732461,-1.461440576166749,1.3103629643673533,-1.3730106049817663,2.098594095225707,-1.0235034680811452,-1.0161329645585022,1
2.2457163934936415,0.9009088760241706,0.8491410419312149,1.3100161500842489,2.4683208668888827,-1.177851894974348,1.6495816066168083,0.2744324511807092,-0.5896127559300467,-0.2262991435398101,1.8405886095799828,-0.8250831446246757,-1.0161329645585022,0
2.2457163934936415,0.9009088760241706,-1.179024470547907,0.04605747722564048,2.2993392898300504,0.9048055324001227,0.8577891279455886,-0.8828162337175963,0.8269769153870962,0.4617277333253637,1.582583123934258,1.6353288662355472,0.9841231756854657,0
1.398470950690115,-1.1099901739376037,0.8491410419312149,-0.055329582094568744,1.1164682504182242,0.9048055324001227,0.8577891279455886,-0.8828162337175963,0.23617174441122635,0.6910700256137552,1.8405886095799828,0.8813316371009629,-1.0161329645585022,1
2.0762673049329363,0.9009088760241706,0.8491410419312149,1.3362788727710881,2.130357712771218,-1.177851894974348,1.8079401023510524,-0.3041918912684436,-0.34120603631519225,-0.11162799739561437,2.6146050665171567,-0.40840046536608954,0.9841231756854657,0
1.398470950690115,-1.1099901739376037,0.8491410419312149,1.3342100714048968,1.9613761357123858,-1.177851894974348,-0.7574675285436998,1.4316811360790147,1.2465828606824585,-1.2583394588375707,2.356599580871432,0.7424374106814341,0.9841231756854657,0
2.415165482054347,0.9009088760241706,1.5251962127575889,1.3301040534261968,2.2993392898300504,-1.177851894974348,-0.2507203421941191,-0.8828162337175963,-1.4724636648314886,-1.0289971665491795,2.356599580871432,1.8932752867289577,0.9841231756854657,0
3.77075819053999,0.9009088760241706,1.5251962127575889,1.3509973679870437,3.3132287521830444,-1.177851894974348,2.12465709381954,0.2744324511807092,-1.0427871768490378,0.003043148748581378,1.8405886095799828,-0.5472946917856183,-1.0161329645585022,0
1.5679200392508204,-1.1099901739376037,1.5251962127575889,1.3652262995209234,1.2854498274770565,-1.177851894974348,-0.8841543251310949,-0.8828162337175963,1.5486991412951188,-1.3730106049817663,1.582583123934258,-0.36871640067479566,0.9841231756854657,0
2.5846145706150523,0.9009088760241706,-1.179024470547907,1.3717011740257967,2.9752655980653797,-1.177851894974348,0.05016079970094441,-0.3041918912684436,-1.3482603050240614,-0.9143260204049839,2.098594095225707,-0.5671367241312653,0.9841231756854657,0
1.398470950690115,0.9009088760241706,-0.502969299721533,1.3721907377078724,1.1164682504182242,-1.177851894974348,0.06599664927436881,1.4316811360790147,0.9981761410676039,-0.9143260204049839,1.582583123934258,1.0797519605574324,-1.0161329645585022,0
1.7373691278115257,-1.1099901739376037,0.8491410419312149,0.09981472799292898,1.6234129815947211,0.9048055324001227,0.8577891279455886,0.2744324511807092,-0.7138161157374736,0.3470565871811683,2.356599580871432,1.1194360252487263,-1.0161329645585022,0
2.923512747736463,0.9009088760241706,-0.502969299721533,1.4002064142240798,3.3132287521830444,0.21058638994196582,-0.09236184645987515,-0.3041918912684436,-1.173704231781191,-1.0289971665491795,1.582583123934258,-0.03140185079879733,0.9841231756854657,0
2.923512747736463,0.9009088760241706,0.17308587110484092,1.4087658824719853,2.4683208668888827,-1.177851894974348,-0.3298995900612411,-0.3041918912684436,-1.4724636648314886,-1.143668312693375,2.356599580871432,0.0479662785837905,0.9841231756854657,0
1.7373691278115257,0.9009088760241706,0.8491410419312149,1.4107399295771295,1.4544314045358888,-1.177851894974348,0.06599664927436881,-0.3041918912684436,1.5486991412951188,-0.9143260204049839,1.3245776382885335,0.782121475372728,0.9841231756854657,0
3.431860013418579,-1.1099901739376037,-0.502969299721533,1.4097134250824546,3.4822103292418767,-1.177851894974348,1.3328646151483206,-0.8828162337175963,-0.34120603631519225,-0.34097028968400567,1.3245776382885335,0.782121475372728,0.9841231756854657,0
1.398470950690115,0.9009088760241706,-0.502969299721533,1.4059864241479423,1.6234129815947211,-1.177851894974348,-0.2507203421941191,0.853056793629862,-1.3482603050240614,-1.0289971665491795,1.3245776382885335,1.1789621222856672,0.9841231756854657,0
1.7373691278115257,0.9009088760241706,-0.502969299721533,0.13361041443299873,2.4683208668888827,0.9048055324001227,0.8577891279455886,0.853056793629862,0.561785957960427,0.3470565871811683,1.582583123934258,-1.5393963090679663,-1.0161329645585022,0
2.923512747736463,-1.1099901739376037,1.5251962127575889,1.4047546187543323,3.3132287521830444,-1.177851894974348,-0.4090788379283631,-0.3041918912684436,-1.2475548781531747,-1.143668312693375,2.872610552162881,1.9726434161115456,0.9841231756854657,0
2.2457163934936415,-1.1099901739376037,-1.179024470547907,0.8125089024573717,2.2993392898300504,-1.177851894974348,0.8577891279455886,0.2744324511807092,2.3073466903891333,-0.34097028968400567,2.6146050665171567,-1.102871597463733,-1.0161329645585022,1
2.2457163934936415,0.9009088760241706,0.8491410419312149,1.4093186156614257,2.130357712771218,-1.177851894974348,2.4413740852880284,1.4316811360790147,0.9377528849450718,0.1177142948927768,1.582583123934258,-2.03544711770914,0.9841231756854657,0
1.5679200392508204,-1.1099901739376037,-0.502969299721533,0.15072935092880976,2.2993392898300504,0.9048055324001227,0.8577891279455886,0.853056793629862,0.23617174441122635,0.3470565871811683,1.3245776382885335,0.821805540064022,-1.0161329645585022,0
1.7373691278115257,0.9009088760241706,1.5251962127575889,1.4069339667584115,1.6234129815947211,-1.177851894974348,2.4413740852880284,-0.3041918912684436,-0.34120603631519225,0.1177142948927768,1.582583123934258,1.317856348705196,0.9841231756854657,0
1.7373691278115257,0.9009088760241706,-1.179024470547907,1.4054178985816606,1.7923945586535535,-1.177851894974348,0.06599664927436881,0.853056793629862,1.0351014642535956,-0.9143260204049839,2.6146050665171567,-0.24966420660091387,0.9841231756854657,0
1.5679200392508204,0.9009088760241706,1.5251962127575889,1.4041860931880505,1.6234129815947211,-1.177851894974348,0.6994306322113446,-0.3041918912684436,-1.173704231781191,-0.6849837281165926,1.582583123934258,1.1789621222856672,-1.0161329645585022,0
1.5679200392508204,-1.1099901739376037,0.8491410419312149,0.1737862211168947,1.4544314045358888,0.9048055324001227,0.8577891279455886,-0.3041918912684436,1.1727322143104744,0.23238544103697253,2.356599580871432,-0.11076998018138517,0.9841231756854657,0
3.77075819053999,0.9009088760241706,0.8491410419312149,0.06102865047105455,3.8201734833595413,0.9048055324001227,0.8577891279455886,-1.461440576166749,0.001192415045823164,0.4617277333253637,2.872610552162881,1.1988041546313142,-1.0161329645585022,1
2.0762673049329363,0.9009088760241706,-1.179024470547907,0.17569709871467437,2.4683208668888827,0.9048055324001227,0.8577891279455886,-0.8828162337175963,-1.2475548781531747,0.23238544103697253,1.3245776382885335,0.008282213892496587,0.9841231756854657,0
1.906818216372231,-1.1099901739376037,0.8491410419312149,1.1799185496668214,2.130357712771218,-1.177851894974348,1.6495816066168083,-0.3041918912684436,0.7061304031420315,-0.11162799739561437,2.356599580871432,-0.44808453005738347,-1.0161329645585022,1
1.398470950690115,0.9009088760241706,-1.179024470547907,1.4046914492469675,1.1164682504182242,0.21058638994196582,1.7762684032042035,1.4316811360790147,0.15896425047687956,-0.2262991435398101,1.3245776382885335,0.9408577341379036,0.9841231756854657,0
2.754063659175758,0.9009088760241706,-0.502969299721533,1.4100608573729598,2.2993392898300504,0.21058638994196582,1.8871193502181745,1.4316811360790147,0.27645391515958084,-0.11162799739561437,2.098594095225707,0.2463866020402601,0.9841231756854657,0
1.7373691278115257,-1.1099901739376037,0.8491410419312149,1.4053863138279783,1.4544314045358888,0.21058638994196582,2.2830155895537843,1.4316811360790147,0.3939435798422821,0.003043148748581378,2.356599580871432,0.9805417988291976,-1.0161329645585022,0
1.7373691278115257,0.9009088760241706,-0.502969299721533,1.4093186156614257,1.7923945586535535,-1.177851894974348,-0.2507203421941191,0.2744324511807092,-0.018948670328354386,-1.0289971665491795,2.098594095225707,1.754381060309429,0.9841231756854657,0
1.398470950690115,0.9009088760241706,0.8491410419312149,1.4106451753160827,1.4544314045358888,-1.177851894974348,0.06599664927436881,-1.461440576166749,-1.371758237960602,-0.9143260204049839,1.3245776382885335,0.5440170872249644,0.9841231756854657,0
1.7373691278115257,0.9009088760241706,-1.179024470547907,-0.862888564243824,0.9474866733593919,0.21058638994196582,-0.527847709729046,0.853056793629862,0.001192415045823164,1.2644257563347332,1.582583123934258,-0.17029607721832604,0.9841231756854657,0
2.415165482054347,-1.1099901739376037,0.8491410419312149,1.4127929385664797,2.130357712771218,-1.177851894974348,0.6994306322113446,0.853056793629862,-0.005521280078902488,-0.6849837281165926,2.098594095225707,0.22654456969461315,-1.0161329645585022,0
2.5846145706150523,0.9009088760241706,0.8491410419312149,1.4202785251891867,2.130357712771218,-1.177851894974348,-0.5674373336626071,0.2744324511807092,-0.005521280078902488,-1.143668312693375,2.098594095225707,0.6233852166075523,-1.0161329645585022,0
2.5846145706150523,0.9009088760241706,1.5251962127575889,1.4240686956310635,2.637302443947715,-1.177851894974348,0.8577891279455886,1.4316811360790147,0.5114332445249834,-0.570312581972397,2.6146050665171567,1.0995939929030794,-1.0161329645585022,0
1.398470950690115,0.9009088760241706,-1.179024470547907,1.436923690379763,1.7923945586535535,-1.177851894974348,-0.5674373336626071,-0.3041918912684436,0.16232109803924238,-1.143668312693375,2.6146050665171567,0.6432272489531993,-1.0161329645585022,0
2.0762673049329363,0.9009088760241706,-1.179024470547907,1.4448514635540224,1.6234129815947211,-1.177851894974348,0.8577891279455886,1.4316811360790147,-0.005521280078902488,-0.570312581972397,2.098594095225707,0.008282213892496587,-1.0161329645585022,0
3.262410924857874,-1.1099901739376037,0.8491410419312149,0.17612349288938553,2.9752655980653797,0.9048055324001227,0.8577891279455886,-0.3041918912684436,0.830333762949459,0.23238544103697253,2.872610552162881,-1.142555662155027,0.9841231756854657,0
2.0762673049329363,0.9009088760241706,0.8491410419312149,1.447583544747542,2.637302443947715,-1.177851894974348,2.4413740852880284,0.853056793629862,1.4446368668618692,0.1177142948927768,2.098594095225707,1.0599099282117854,0.9841231756854657,0
2.5846145706150523,0.9009088760241706,1.5251962127575889,1.4522107111620002,2.4683208668888827,-1.177851894974348,1.6495816066168083,0.2744324511807092,0.16232109803924238,-0.2262991435398101,2.356599580871432,0.7424374106814341,-1.0161329645585022,0
1.906818216372231,0.9009088760241706,-1.179024470547907,0.06395024018666806,2.637302443947715,0.9048055324001227,0.8577891279455886,0.853056793629862,1.1458774338115711,0.4617277333253637,1.582583123934258,1.2186461869769611,-1.0161329645585022,1
1.398470950690115,0.9009088760241706,0.8491410419312149,1.4817266634781172,0.9474866733593919,-1.177851894974348,1.8079401023510524,-1.461440576166749,-1.0427871768490378,-0.2262991435398101,2.6146050665171567,0.4844909901880236,-1.0161329645585022,0
1.398470950690115,0.9009088760241706,1.5251962127575889,1.4755676365100672,1.2854498274770565,-1.177851894974348,-0.3140637404878167,0.853056793629862,1.417782086362966,-1.143668312693375,2.6146050665171567,0.38528082845978884,-1.0161329645585022,0
1.5679200392508204,0.9009088760241706,0.8491410419312149,1.480589612345554,1.4544314045358888,-1.177851894974348,0.06599664927436881,-0.8828162337175963,1.0619562447524988,-0.9143260204049839,2.098594095225707,-0.17029607721832604,0.9841231756854657,0
2.2457163934936415,-1.1099901739376037,-1.179024470547907,1.4813318540570883,2.130357712771218,-1.177851894974348,2.4413740852880284,-0.3041918912684436,-0.3109944082539262,0.003043148748581378,1.3245776382885335,0.46464895784237664,-1.0161329645585022,0
1.5679200392508204,-1.1099901739376037,-0.502969299721533,1.504562440390426,1.2854498274770565,-1.177851894974348,1.8079401023510524,-1.461440576166749,0.3301634761573873,-0.2262991435398101,2.356599580871432,-0.6465048535138531,0.9841231756854657,0
1.398470950690115,0.9009088760241706,0.8491410419312149,1.4970452690140366,1.2854498274770565,-1.177851894974348,-0.7257958293968509,0.853056793629862,-0.4654093961226198,-1.2583394588375707,2.6146050665171567,1.5559607368529593,-1.0161329645585022,0
2.5846145706150523,-1.1099901739376037,-1.179024470547907,1.5018619439505887,2.130357712771218,-1.177851894974348,1.6495816066168083,1.4316811360790147,-1.3751150855229646,-0.34097028968400567,2.872610552162881,1.1194360252487263,0.9841231756854657,0
2.0762673049329363,0.9009088760241706,0.8491410419312149,1.5045466480135847,1.6234129815947211,-1.177851894974348,0.8577891279455886,-1.461440576166749,-1.0495008719737637,-0.570312581972397,2.356599580871432,0.06780831092943747,-1.0161329645585022,0
1.5679200392508204,-1.1099901739376037,-0.502969299721533,1.523623839237699,1.2854498274770565,-1.177851894974348,0.06599664927436881,-1.461440576166749,1.0015329886299666,-0.9143260204049839,2.6146050665171567,1.298014316359549,0.9841231756854657,0
1.398470950690115,0.9009088760241706,0.8491410419312149,-0.8818552088300501,1.1164682504182242,0.21058638994196582,-0.804975077263973,-0.3041918912684436,0.8336906105118219,0.5763988794695595,2.098594095225707,-0.9838194033898514,-1.0161329645585022,1
2.0762673049329363,0.9009088760241706,0.8491410419312149,1.566152710070927,2.4683208668888827,-1.177851894974348,-0.7257958293968509,-0.3041918912684436,-1.6705176710108995,-1.2583394588375707,2.6146050665171567,-2.23386744116561,0.9841231756854657,0
1.398470950690115,-1.1099901739376037,0.8491410419312149,0.3106903359528595,1.9613761357123858,0.9048055324001227,0.8577891279455886,0.853056793629862,1.0351014642535956,0.1177142948927768,2.6146050665171567,0.801963507718375,-1.0161329645585022,0
1.906818216372231,-1.1099901739376037,0.8491410419312149,1.5912941740020443,2.2993392898300504,-1.177851894974348,3.2331665639592484,-0.8828162337175963,-0.707102420612748,0.3470565871811683,2.356599580871432,1.3972244780877838,0.9841231756854657,0
2.0762673049329363,-1.1099901739376037,1.5251962127575889,1.5933313906145532,1.9613761357123858,-1.177851894974348,2.2830155895537843,0.2744324511807092,-1.4724636648314886,-0.11162799739561437,2.098594095225707,1.8139071573463699,-1.0161329645585022,0
2.415165482054347,0.9009088760241706,-1.179024470547907,1.5995693794668089,2.9752655980653797,-1.177851894974348,1.0161476236798326,-0.3041918912684436,-0.8447331706696268,-0.570312581972397,1.582583123934258,-1.4600281796853785,0.9841231756854657,0
2.0762673049329363,0.9009088760241706,1.5251962127575889,1.5950369673133977,1.9613761357123858,-1.177851894974348,1.6495816066168083,0.853056793629862,0.665848232393677,-0.34097028968400567,2.098594095225707,0.0479662785837905,0.9841231756854657,0
1.398470950690115,0.9009088760241706,1.5251962127575889,1.5941525942102932,1.1164682504182242,0.21058638994196582,-0.3774071387815143,1.4316811360790147,-1.371758237960602,-1.143668312693375,1.8405886095799828,1.3773824457421369,0.9841231756854657,0
1.398470950690115,0.9009088760241706,-1.179024470547907,1.5969952220417007,1.6234129815947211,-1.177851894974348,-0.4090788379283631,-0.8828162337175963,-1.2475548781531747,-1.143668312693375,2.356599580871432,-1.0830295651180861,0.9841231756854657,0
2.0762673049329363,0.9009088760241706,-1.179024470547907,1.595984509923867,1.9613761357123858,-1.177851894974348,0.38271364074285674,0.853056793629862,-0.21364582894540246,-0.7996548742607882,1.582583123934258,0.5837011519162584,-1.0161329645585022,0
2.754063659175758,-1.1099901739376037,0.8491410419312149,1.5985112902184517,3.144247175124212,-1.177851894974348,2.4413740852880284,0.853056793629862,0.8135495251376443,0.003043148748581378,2.872610552162881,-0.36871640067479566,0.9841231756854657,0
1.7373691278115257,0.9009088760241706,1.5251962127575889,1.593205051599824,1.6234129815947211,-1.177851894974348,-0.3298995900612411,-1.461440576166749,-0.33784918875282943,-1.143668312693375,1.8405886095799828,0.9408577341379036,-1.0161329645585022,0
1.398470950690115,0.9009088760241706,0.8491410419312149,1.6000747355257259,1.9613761357123858,-1.177851894974348,-1.042512820865339,-0.8828162337175963,-1.2475548781531747,-1.3730106049817663,2.872610552162881,1.4567505751247247,0.9841231756854657,0
2.923512747736463,0.9009088760241706,0.8491410419312149,0.43104403985929474,2.8062840210065474,0.9048055324001227,0.8577891279455886,-0.3041918912684436,1.2835081838684501,0.003043148748581378,1.582583123934258,0.5043330225336705,0.9841231756854657,0
1.7373691278115257,0.9009088760241706,-1.179024470547907,-0.8850452689519632,1.4544314045358888,0.21058638994196582,-1.121692068732461,1.4316811360790147,0.2865244578466693,-0.45564143582820127,2.356599580871432,-0.13061201252703214,0.9841231756854657,0
1.398470950690115,0.9009088760241706,-1.179024470547907,1.5928576193093185,1.4544314045358888,-1.177851894974348,0.06599664927436881,-1.461440576166749,0.001192415045823164,-0.9143260204049839,2.6146050665171567,0.9210157017922567,-1.0161329645585022,0
1.5679200392508204,0.9009088760241706,-0.502969299721533,1.598242819812152,1.7923945586535535,-1.177851894974348,0.06599664927436881,-0.8828162337175963,0.830333762949459,-0.9143260204049839,1.582583123934258,-0.13061201252703214,-1.0161329645585022,0
1.7373691278115257,-1.1099901739376037,-1.179024470547907,1.5987007987405455,1.7923945586535535,-1.177851894974348,0.38271364074285674,0.2744324511807092,0.04483143335654109,-0.7996548742607882,2.872610552162881,0.7225953783357871,-1.0161329645585022,0
2.2457163934936415,-1.1099901739376037,-1.179024470547907,1.6038017364602382,2.4683208668888827,0.21058638994196582,2.362194837420906,1.4316811360790147,0.27645391515958084,0.003043148748581378,2.872610552162881,0.9210157017922567,0.9841231756854657,0
1.5679200392508204,-1.1099901739376037,0.8491410419312149,0.9760389646475223,1.6234129815947211,-1.177851894974348,0.06599664927436881,0.2744324511807092,0.001192415045823164,-0.7996548742607882,1.3245776382885335,-2.094973214746081,-1.0161329645585022,1
1.7373691278115257,0.9009088760241706,0.8491410419312149,1.5927786574251126,1.9613761357123858,0.21058638994196582,2.2830155895537843,1.4316811360790147,0.27645391515958084,-0.11162799739561437,1.8405886095799828,-0.24966420660091387,-1.0161329645585022,0
1.906818216372231,-1.1099901739376037,1.5251962127575889,1.3713063646047678,2.2993392898300504,-1.177851894974348,1.6495816066168083,-0.3041918912684436,0.04483143335654109,-0.2262991435398101,1.582583123934258,-1.2219237915376149,-1.0161329645585022,1
3.601309101979284,0.9009088760241706,-1.179024470547907,1.5952896453428562,2.9752655980653797,-1.177851894974348,1.6495816066168083,-0.8828162337175963,1.995159867089384,-0.34097028968400567,2.6146050665171567,0.20670253734896618,0.9841231756854657,0
1.5679200392508204,0.9009088760241706,0.8491410419312149,0.5119483864165272,1.6234129815947211,0.9048055324001227,0.8577891279455886,-0.8828162337175963,-1.1804179269059165,-0.11162799739561437,2.098594095225707,-0.9639773710442044,0.9841231756854657,0
2.0762673049329363,0.9009088760241706,-1.179024470547907,1.5959371327933436,2.130357712771218,-1.177851894974348,-0.3298995900612411,-0.8828162337175963,-0.9857207682888686,-1.143668312693375,2.356599580871432,-0.13061201252703214,0.9841231756854657,0
1.906818216372231,-1.1099901739376037,-1.179024470547907,1.6058863302032707,1.6234129815947211,-1.177851894974348,1.8079401023510524,-1.461440576166749,0.001192415045823164,-0.2262991435398101,1.582583123934258,-0.26950623894656084,0.9841231756854657,0
2.415165482054347,-1.1099901739376037,0.8491410419312149,1.6077972078010503,2.637302443947715,0.21058638994196582,-0.22696656783398253,0.853056793629862,-1.3482603050240614,-1.143668312693375,2.872610552162881,-0.09092794783573821,0.9841231756854657,0
1.7373691278115257,0.9009088760241706,0.17308587110484092,1.619767829446645,1.6234129815947211,-1.177851894974348,4.024959042630468,-1.461440576166749,-0.707102420612748,0.5763988794695595,1.582583123934258,1.337698381050843,0.9841231756854657,0
2.2457163934936415,-1.1099901739376037,0.8491410419312149,1.4250636153720564,1.9613761357123858,-1.177851894974348,2.4413740852880284,-1.461440576166749,1.327147202179168,0.1177142948927768,1.8405886095799828,0.16701847265767225,-1.0161329645585022,1
1.906818216372231,0.9009088760241706,-0.502969299721533,-0.31456144794211305,2.130357712771218,0.9048055324001227,0.8855018646990813,-1.461440576166749,2.7269526356844955,1.2644257563347332,1.3245776382885335,0.8614896047553159,-1.0161329645585022,1
2.415165482054347,0.9009088760241706,-0.502969299721533,1.6725143680960997,2.637302443947715,0.21058638994196582,1.6495816066168083,0.853056793629862,0.001192415045823164,-0.34097028968400567,2.356599580871432,1.0003838311748445,-1.0161329645585022,0
1.398470950690115,-1.1099901739376037,-1.179024470547907,1.6893016646782464,1.2854498274770565,-1.177851894974348,3.2331665639592484,-1.461440576166749,-1.0427871768490378,0.23238544103697253,2.872610552162881,0.5043330225336705,-1.0161329645585022,0
1.398470950690115,0.9009088760241706,0.8491410419312149,1.6923022162780657,1.1164682504182242,-1.177851894974348,2.4413740852880284,1.4316811360790147,-0.08944246913797492,-0.11162799739561437,1.3245776382885335,0.26622863438590705,0.9841231756854657,0
1.5679200392508204,0.9009088760241706,-1.179024470547907,1.6884172915751419,1.4544314045358888,-1.177851894974348,1.6495816066168083,-0.3041918912684436,-1.4993184453303918,-0.34097028968400567,2.356599580871432,-0.190138109563973,0.9841231756854657,0
2.415165482054347,0.9009088760241706,0.8491410419312149,-0.5505311427026374,2.9752655980653797,0.9048055324001227,0.8894608270924373,-0.8828162337175963,1.092167872813765,2.2964660716324943,2.6146050665171567,1.0599099282117854,-1.0161329645585022,1
2.0762673049329363,0.9009088760241706,-1.179024470547907,-0.556026889843359,2.130357712771218,0.9048055324001227,0.8973787518791496,1.4316811360790147,0.5114332445249834,2.2964660716324943,2.6146050665171567,0.4249648931510827,-1.0161329645585022,1
3.262410924857874,-1.1099901739376037,-0.502969299721533,1.705852075607776,2.9752655980653797,-1.177851894974348,1.3328646151483206,-0.8828162337175963,0.3301634761573873,-0.45564143582820127,2.872610552162881,0.8813316371009629,-1.0161329645585022,0
1.5679200392508204,0.9009088760241706,-0.502969299721533,1.7105582039064398,1.9613761357123858,-1.177851894974348,-0.8841543251310949,-0.3041918912684436,-0.8447331706696268,-1.3730106049817663,2.356599580871432,0.46464895784237664,-1.0161329645585022,0
1.906818216372231,-1.1099901739376037,1.5251962127575889,1.7034358419510793,2.130357712771218,-1.177851894974348,0.8577891279455886,-1.461440576166749,0.2965950005337584,-0.6849837281165926,1.3245776382885335,-0.15045404487267908,-1.0161329645585022,0
1.5679200392508204,-1.1099901739376037,1.5251962127575889,1.5011197022390543,1.7923945586535535,-1.177851894974348,0.28373958090895424,0.853056793629862,-0.005521280078902488,-0.7996548742607882,2.098594095225707,1.337698381050843,-1.0161329645585022,1
2.0762673049329363,0.9009088760241706,0.8491410419312149,1.777817936872915,2.2993392898300504,-1.177851894974348,0.38271364074285674,-0.8828162337175963,1.0955247203761276,-0.9143260204049839,2.872610552162881,0.9210157017922567,0.9841231756854657,0
2.0762673049329363,-1.1099901739376037,-1.179024470547907,0.003512814015571374,2.130357712771218,0.9048055324001227,0.9488452629927789,-1.461440576166749,1.0955247203761276,0.5763988794695595,1.8405886095799828,0.9606997664835506,-1.0161329645585022,0
1.7373691278115257,-1.1099901739376037,0.8491410419312149,1.7906255544910912,1.4544314045358888,-1.177851894974348,0.6994306322113446,1.4316811360790147,-1.4724636648314886,-0.7996548742607882,1.8405886095799828,0.305912699077201,-1.0161329645585022,0
2.415165482054347,0.9009088760241706,0.8491410419312149,1.7803131324138175,2.637302443947715,-1.177851894974348,1.9662985980852963,0.2744324511807092,-1.3482603050240614,-0.34097028968400567,2.6146050665171567,1.1591200899400202,-1.0161329645585022,0
1.398470950690115,0.9009088760241706,-1.179024470547907,-0.45114971524125475,0.9474866733593919,0.9048055324001227,0.952804225386135,0.853056793629862,0.001192415045823164,1.8377814870557112,2.098594095225707,-1.2814498885745558,-1.0161329645585022,1
1.5679200392508204,-1.1099901739376037,1.5251962127575889,-0.23730514043518727,1.4544314045358888,0.9048055324001227,0.952804225386135,0.2744324511807092,0.001192415045823164,1.1497546101905376,2.356599580871432,0.8813316371009629,-1.0161329645585022,0
1.398470950690115,0.9009088760241706,-1.179024470547907,0.061597176037336096,1.6234129815947211,0.9048055324001227,0.952804225386135,0.2744324511807092,-0.005521280078902488,0.5763988794695595,2.6146050665171567,-0.24966420660091387,-1.0161329645585022,0
1.5679200392508204,-1.1099901739376037,-1.179024470547907,1.784561281784088,1.4544314045358888,-1.177851894974348,0.06599664927436881,-0.3041918912684436,-1.173704231781191,-1.0289971665491795,1.8405886095799828,-0.686188918205147,-1.0161329645585022,0
1.398470950690115,0.9009088760241706,1.5251962127575889,1.7828083279547198,0.9474866733593919,-1.177851894974348,0.06599664927436881,-0.8828162337175963,0.5785701957722418,-1.0289971665491795,2.356599580871432,0.801963507718375,-1.0161329645585022,0
1.398470950690115,-1.1099901739376037,-1.179024470547907,1.784971883581958,1.4544314045358888,0.21058638994196582,2.2830155895537843,1.4316811360790147,1.327147202179168,-0.2262991435398101,2.098594095225707,0.6432272489531993,0.9841231756854657,0
2.754063659175758,0.9009088760241706,1.5251962127575889,-0.3959553581814212,2.8062840210065474,0.9048055324001227,0.9805169621396277,1.4316811360790147,-0.005521280078902488,1.7231103409115156,1.582583123934258,-0.6068207888225592,-1.0161329645585022,1
2.0762673049329363,0.9009088760241706,-0.502969299721533,-0.17509896805788133,2.130357712771218,0.9048055324001227,0.9805169621396277,-0.8828162337175963,-0.1397951825734185,1.035083464046342,2.098594095225707,1.0400678958661385,0.9841231756854657,0
1.906818216372231,-1.1099901739376037,0.8491410419312149,1.8619755130594253,1.7923945586535535,-1.177851894974348,4.024959042630468,1.4316811360790147,1.0015329886299666,0.4617277333253637,2.098594095225707,0.286070666731554,0.9841231756854657,0
2.415165482054347,0.9009088760241706,-1.179024470547907,1.6478150907165348,2.4683208668888827,-1.177851894974348,2.4413740852880284,-0.8828162337175963,3.018998373610068,0.003043148748581378,2.098594095225707,0.6233852166075523,-1.0161329645585022,1
2.0762673049329363,0.9009088760241706,-1.179024470547907,1.8861852267569144,2.130357712771218,-1.177851894974348,-0.09236184645987515,-1.461440576166749,-1.173704231781191,-1.0289971665491795,2.6146050665171567,-0.24966420660091387,0.9841231756854657,0
1.398470950690115,0.9009088760241706,-1.179024470547907,0.19809068907543084,0.6095235192417271,0.9048055324001227,1.0161476236798326,0.2744324511807092,-0.6936750303632967,0.3470565871811683,1.582583123934258,0.3654387961141419,-1.0161329645585022,0
3.262410924857874,-1.1099901739376037,1.5251962127575889,1.9350626330802863,3.144247175124212,-1.177851894974348,-0.12799250800008005,-0.8828162337175963,-0.8447331706696268,-1.143668312693375,1.582583123934258,-0.3488743683291487,0.9841231756854657,0
1.398470950690115,0.9009088760241706,1.5251962127575889,1.9771493173619619,1.4544314045358888,-1.177851894974348,2.4413740852880284,1.4316811360790147,-1.173704231781191,-0.2262991435398101,1.8405886095799828,1.2186461869769611,-1.0161329645585022,0
2.2457163934936415,-1.1099901739376037,0.8491410419312149,1.9781916142334781,1.9613761357123858,-1.177851894974348,1.6495816066168083,0.2744324511807092,0.03476089066945202,-0.45564143582820127,1.3245776382885335,-0.44808453005738347,-1.0161329645585022,0
3.0929618362971683,0.9009088760241706,-1.179024470547907,0.2991934856124993,3.144247175124212,0.9048055324001227,1.0161476236798326,-0.8828162337175963,-0.005521280078902488,0.23238544103697253,2.6146050665171567,0.7622794430270811,0.9841231756854657,0
2.2457163934936415,0.9009088760241706,-0.502969299721533,0.4419091951260088,2.2993392898300504,0.9048055324001227,1.0161476236798326,1.4316811360790147,-0.018948670328354386,0.1177142948927768,2.356599580871432,0.5043330225336705,-1.0161329645585022,0
2.415165482054347,0.9009088760241706,1.5251962127575889,2.0736249474845723,2.4683208668888827,-1.177851894974348,-0.4090788379283631,0.853056793629862,0.665848232393677,-1.2583394588375707,1.8405886095799828,0.6035431842619053,0.9841231756854657,0
2.754063659175758,0.9009088760241706,0.8491410419312149,2.075535825082352,2.8062840210065474,-1.177851894974348,0.8577891279455886,-0.3041918912684436,-1.1233515183457474,-0.7996548742607882,2.872610552162881,1.0202258635204915,0.9841231756854657,0
2.2457163934936415,0.9009088760241706,0.8491410419312149,1.3780497095159405,1.9613761357123858,-1.177851894974348,2.12465709381954,0.2744324511807092,1.327147202179168,0.003043148748581378,1.582583123934258,-1.182239726846321,-1.0161329645585022,1
1.7373691278115257,0.9009088760241706,0.8491410419312149,2.06921887434589,1.6234129815947211,-1.177851894974348,0.06599664927436881,1.4316811360790147,0.0851136041048956,-1.0289971665491795,2.872610552162881,0.46464895784237664,-1.0161329645585022,0
2.754063659175758,-1.1099901739376037,-0.502969299721533,1.421352406814385,2.2993392898300504,-1.177851894974348,4.024959042630468,0.2744324511807092,1.8407448792206904,0.8057411717579506,2.356599580871432,0.028124246238143545,-1.0161329645585022,1
3.262410924857874,0.9009088760241706,-0.502969299721533,2.1228813708521317,2.9752655980653797,0.21058638994196582,-0.09236184645987515,1.4316811360790147,-0.005521280078902488,-1.143668312693375,2.872610552162881,1.238488219322608,0.9841231756854657,0
3.0929618362971683,-1.1099901739376037,0.8491410419312149,2.1634519869570568,3.144247175124212,-1.177851894974348,1.3328646151483206,1.4316811360790147,-0.3680608168140954,-0.6849837281165926,1.3245776382885335,0.32575473142284794,-1.0161329645585022,0
2.2457163934936415,0.9009088760241706,-1.179024470547907,2.162851876637093,2.130357712771218,0.21058638994196582,0.6994306322113446,0.2744324511807092,-1.6839450612603513,-0.9143260204049839,1.3245776382885335,1.2186461869769611,0.9841231756854657,0
1.5679200392508204,0.9009088760241706,-1.179024470547907,2.1864930647683005,1.2854498274770565,-1.177851894974348,1.6495816066168083,-1.461440576166749,0.954537122756886,-0.570312581972397,2.872610552162881,1.238488219322608,-1.0161329645585022,0
2.0762673049329363,0.9009088760241706,0.8491410419312149,2.200153470735899,2.4683208668888827,-1.177851894974348,2.4413740852880284,-0.3041918912684436,1.6997572816014495,-0.34097028968400567,1.582583123934258,0.3654387961141419,-1.0161329645585022,0
1.7373691278115257,-1.1099901739376037,0.8491410419312149,0.6459467039137196,2.2993392898300504,0.9048055324001227,1.0161476236798326,-0.3041918912684436,0.001192415045823164,-0.11162799739561437,1.3245776382885335,0.5440170872249644,0.9841231756854657,0
3.431860013418579,0.9009088760241706,0.17308587110484092,2.2621069650837464,3.3132287521830444,-1.177851894974348,0.06599664927436881,1.4316811360790147,3.018998373610068,-1.143668312693375,2.098594095225707,-0.24966420660091387,-1.0161329645585022,0
1.398470950690115,0.9009088760241706,-1.179024470547907,2.2624543973742517,0.7785050963005594,-1.177851894974348,-0.5674373336626071,1.4316811360790147,-0.33784918875282943,-1.2583394588375707,2.356599580871432,0.6829113136444932,-1.0161329645585022,0
1.5679200392508204,0.9009088760241706,1.5251962127575889,2.261901664184811,1.9613761357123858,-1.177851894974348,-0.8841543251310949,1.4316811360790147,-0.33784918875282943,-1.3730106049817663,1.3245776382885335,0.5241750548793175,-1.0161329645585022,0
3.262410924857874,0.9009088760241706,-1.179024470547907,2.2945129223617946,3.3132287521830444,-1.177851894974348,0.6994306322113446,-0.3041918912684436,-0.707102420612748,-0.9143260204049839,2.6146050665171567,0.32575473142284794,0.9841231756854657,0
2.0762673049329363,-1.1099901739376037,0.8491410419312149,2.29212827345878,1.9613761357123858,-1.177851894974348,0.06599664927436881,-1.461440576166749,-1.0427871768490378,-1.143668312693375,2.872610552162881,1.4567505751247247,0.9841231756854657,0
1.5679200392508204,-1.1099901739376037,0.8491410419312149,0.8183047047580753,1.6234129815947211,0.9048055324001227,1.0161476236798326,-0.8828162337175963,0.7061304031420315,-0.2262991435398101,1.8405886095799828,-0.8250831446246757,0.9841231756854657,0
1.7373691278115257,0.9009088760241706,0.8491410419312149,0.6119457165747147,1.7923945586535535,0.9048055324001227,1.0161476236798326,-1.461440576166749,1.8105332511594245,-0.11162799739561437,2.356599580871432,-0.7258729828964409,-1.0161329645585022,1
2.5846145706150523,0.9009088760241706,1.5251962127575889,2.452515652657541,2.9752655980653797,-1.177851894974348,0.06599664927436881,-0.8828162337175963,0.5785701957722418,-1.143668312693375,1.582583123934258,0.20670253734896618,-1.0161329645585022,0
2.754063659175758,-1.1099901739376037,0.8491410419312149,2.541758374186903,2.9752655980653797,-1.177851894974348,1.6495816066168083,1.4316811360790147,-1.173704231781191,-0.6849837281165926,1.3245776382885335,1.4369085427790778,0.9841231756854657,0
2.0762673049329363,0.9009088760241706,-1.179024470547907,-0.9702135572563072,2.130357712771218,0.21058638994196582,-0.2507203421941191,-0.3041918912684436,-1.2979075915886182,3.328506386930255,1.582583123934258,-2.8886545085719595,-1.0161329645585022,1
1.398470950690115,-1.1099901739376037,0.8491410419312149,1.0291645203411646,1.2854498274770565,0.9048055324001227,1.0161476236798326,-0.3041918912684436,0.6893461653302174,-0.34097028968400567,2.6146050665171567,-0.7060309505507939,0.9841231756854657,0
1.5679200392508204,0.9009088760241706,-1.179024470547907,2.549970410144303,2.2993392898300504,-1.177851894974348,0.06599664927436881,-0.8828162337175963,0.9377528849450718,-1.143668312693375,2.6146050665171567,1.0202258635204915,-1.0161329645585022,0
1.7373691278115257,0.9009088760241706,-0.502969299721533,2.5422321454921373,1.4544314045358888,-1.177851894974348,-1.042512820865339,-0.8828162337175963,-1.1166378232210217,-1.487681751125962,2.356599580871432,0.8813316371009629,0.9841231756854657,0
3.262410924857874,0.9009088760241706,-0.502969299721533,2.61903047407067,3.3132287521830444,-1.177851894974348,0.06599664927436881,-0.8828162337175963,0.6893461653302174,-1.143668312693375,1.8405886095799828,-1.182239726846321,0.9841231756854657,0
1.5679200392508204,0.9009088760241706,-1.179024470547907,2.634822850911824,1.9613761357123858,-1.177851894974348,1.3328646151483206,-0.8828162337175963,-0.2069321338206762,-0.7996548742607882,2.098594095225707,-0.686188918205147,0.9841231756854657,0
1.398470950690115,0.9009088760241706,0.8491410419312149,2.011481944614631,1.2854498274770565,-1.177851894974348,-0.02901844816617757,0.2744324511807092,1.5486991412951188,-1.0289971665491795,1.3245776382885335,-2.2140254088199627,-1.0161329645585022,1
2.415165482054347,0.9009088760241706,-1.179024470547907,4.434711624251837,2.4683208668888827,0.9048055324001227,1.0161476236798326,0.2744324511807092,-0.46205254856025635,-1.143668312693375,2.356599580871432,0.12733440796637835,-1.0161329645585022,0
2.415165482054347,0.9009088760241706,-1.179024470547907,2.9995477940582775,2.4683208668888827,-1.177851894974348,2.4413740852880284,-0.8828162337175963,0.2865244578466693,-0.570312581972397,2.356599580871432,0.6829113136444932,0.9841231756854657,0
2.5846145706150523,-1.1099901739376037,0.8491410419312149,0.07626829412276824,3.144247175124212,0.9048055324001227,1.5228948100294133,0.2744324511807092,0.001192415045823164,1.035083464046342,1.3245776382885335,0.9606997664835506,0.9841231756854657,0
2.0762673049329363,-1.1099901739376037,0.8491410419312149,3.494433507129523,2.130357712771218,-1.177851894974348,2.91644957249076,-0.8828162337175963,-1.0427871768490378,-0.570312581972397,1.8405886095799828,1.6154868338899002,-1.0161329645585022,0
1.906818216372231,-1.1099901739376037,-0.502969299721533,3.493233286489595,1.9613761357123858,-1.177851894974348,-0.8841543251310949,1.4316811360790147,1.417782086362966,-1.487681751125962,1.8405886095799828,-0.38855843302044263,0.9841231756854657,0
1.5679200392508204,-1.1099901739376037,0.8491410419312149,3.4890640990035307,1.6234129815947211,-1.177851894974348,3.8666005468962243,-0.8828162337175963,1.2700807936189982,-0.34097028968400567,2.6146050665171567,0.5043330225336705,0.9841231756854657,0
1.5679200392508204,0.9009088760241706,0.8491410419312149,0.15644619134530754,1.4544314045358888,0.9048055324001227,1.5228948100294133,-0.3041918912684436,0.6255660616453219,0.8057411717579506,1.582583123934258,-0.30919030363785477,-1.0161329645585022,1
1.398470950690115,-1.1099901739376037,-1.179024470547907,3.2609274231562186,1.6234129815947211,-1.177851894974348,2.4413740852880284,-1.461440576166749,1.6594751108530943,-0.570312581972397,2.872610552162881,0.801963507718375,-1.0161329645585022,1
2.923512747736463,-1.1099901739376037,-1.179024470547907,0.4449255391026692,2.637302443947715,0.9048055324001227,1.5228948100294133,0.853056793629862,0.001192415045823164,0.4617277333253637,1.582583123934258,-1.162397694500674,-1.0161329645585022,0
2.0762673049329363,-1.1099901739376037,0.8491410419312149,3.960577094349868,2.4683208668888827,-1.177851894974348,2.362194837420906,0.2744324511807092,-0.005521280078902488,-0.7996548742607882,1.8405886095799828,1.4170665104334308,0.9841231756854657,0
1.398470950690115,0.9009088760241706,0.8491410419312149,4.247840429090461,1.7923945586535535,-1.177851894974348,2.4413740852880284,0.853056793629862,1.5587696839822078,-0.7996548742607882,2.6146050665171567,-1.3608180179571436,0.9841231756854657,0
1.5679200392508204,-1.1099901739376037,-1.179024470547907,3.388213980495921,1.1164682504182242,-1.177851894974348,4.024959042630468,0.2744324511807092,2.478545916069642,-0.2262991435398101,2.098594095225707,-0.051243883144444294,-1.0161329645585022,1
2.0762673049329363,0.9009088760241706,-1.179024470547907,4.439275621158931,2.130357712771218,-1.177851894974348,1.0161476236798326,1.4316811360790147,1.0619562447524988,-1.143668312693375,2.098594095225707,-1.0631875327724392,0.9841231756854657,0
2.0762673049329363,-1.1099901739376037,-1.179024470547907,-0.6053622750951244,1.9613761357123858,0.9048055324001227,1.5347716972094816,-0.8828162337175963,1.1727322143104744,3.672519825362842,1.3245776382885335,0.6233852166075523,-1.0161329645585022,1
1.7373691278115257,-1.1099901739376037,-0.502969299721533,4.685699869388299,2.130357712771218,-1.177851894974348,1.9029551997915988,-1.461440576166749,0.001192415045823164,-0.9143260204049839,2.6146050665171567,-0.051243883144444294,0.9841231756854657,0
2.415165482054347,-1.1099901739376037,-1.179024470547907,4.759102836945983,2.4683208668888827,-1.177851894974348,1.554566509176262,0.853056793629862,0.001192415045823164,-1.0289971665491795,1.8405886095799828,1.238488219322608,0.9841231756854657,0
1.398470950690115,0.9009088760241706,0.8491410419312149,3.7103468833017814,1.4544314045358888,-1.177851894974348,2.2830155895537843,0.2744324511807092,-0.12972463988633004,-0.6849837281165926,2.6146050665171567,-0.4282424977117365,-1.0161329645585022,1
1.906818216372231,-1.1099901739376037,-1.179024470547907,4.637201480109115,1.9613761357123858,-1.177851894974348,0.8577891279455886,-1.461440576166749,1.5587696839822078,-1.143668312693375,1.3245776382885335,-1.2616078562289088,-1.0161329645585022,1
1.906818216372231,0.9009088760241706,0.8491410419312149,4.912841625494618,2.130357712771218,-1.177851894974348,1.3328646151483206,0.853056793629862,1.327147202179168,-1.0289971665491795,2.098594095225707,0.6035431842619053,0.9841231756854657,0
2.415165482054347,0.9009088760241706,0.8491410419312149,5.576958448795671,2.637302443947715,-1.177851894974348,2.4413740852880284,-0.8828162337175963,-0.34120603631519225,-0.9143260204049839,2.098594095225707,-1.142555662155027,-1.0161329645585022,0
2.923512747736463,-1.1099901739376037,-0.502969299721533,-0.22048625909935818,3.144247175124212,0.9048055324001227,1.5585254715696182,-1.461440576166749,0.3301634761573873,1.7231103409115156,2.872610552162881,0.14717644031202531,-1.0161329645585022,1
2.2457163934936415,0.9009088760241706,-1.179024470547907,5.981938160510226,1.9613761357123858,-1.177851894974348,4.024959042630468,0.2744324511807092,0.8336906105118219,-0.6849837281165926,2.098594095225707,-1.4798702120310254,0.9841231756854657,0
2.2457163934936415,0.9009088760241706,0.8491410419312149,7.163744889041151,2.2993392898300504,-1.177851894974348,-1.121692068732461,-0.8828162337175963,1.4446368668618692,-1.6023528972701577,1.3245776382885335,0.6829113136444932,0.9841231756854657,0
2.0762673049329363,0.9009088760241706,-0.502969299721533,9.173403803962215,1.9613761357123858,-1.177851894974348,1.3328646151483206,1.4316811360790147,0.03811773823181484,-1.2583394588375707,1.582583123934258,2.1115376425310743,-1.0161329645585022,0
2.0762673049329363,-1.1099901739376037,-1.179024470547907,9.177367690549344,1.9613761357123858,-1.177851894974348,-0.2507203421941191,0.2744324511807092,-0.0860856215756121,-1.487681751125962,2.098594095225707,0.20670253734896618,0.9841231756854657,0
1.5679200392508204,-1.1099901739376037,0.8491410419312149,10.127863475487885,1.1164682504182242,0.21058638994196582,1.0161476236798326,-0.3041918912684436,-0.25392799969375696,-1.3730106049817663,2.098594095225707,-0.6663468858595001,0.9841231756854657,0
2.415165482054347,0.9009088760241706,0.8491410419312149,8.228119503381254,1.9613761357123858,0.21058638994196582,2.2830155895537843,0.2744324511807092,2.491973306319093,-1.143668312693375,1.3245776382885335,0.6829113136444932,-1.0161329645585022,1
2.415165482054347,0.9009088760241706,-0.502969299721533,10.13245905714866,2.2993392898300504,-0.4836327525161911,2.4413740852880284,-0.8828162337175963,1.253296555807184,-1.2583394588375707,1.3245776382885335,1.258330251668255,-1.0161329645585022,0
2.5846145706150523,0.9009088760241706,0.8491410419312149,13.533600087920652,2.637302443947715,-1.177851894974348,-1.359229812333827,-0.3041918912684436,-0.6936750303632967,-1.6023528972701577,1.3245776382885335,0.4844909901880236,0.9841231756854657,0
1.7373691278115257,0.9009088760241706,-1.179024470547907,-0.5355125923266999,1.6234129815947211,0.9048055324001227,1.6099919826832474,1.4316811360790147,0.9780350556934264,3.328506386930255,2.6146050665171567,-0.9441353386985575,-1.0161329645585022,1
1.5679200392508204,-1.1099901739376037,0.8491410419312149,13.917291675653331,1.1164682504182242,-1.177851894974348,0.8577891279455886,-1.461440576166749,0.11868207972852446,-1.3730106049817663,2.872610552162881,0.4448069254967297,0.9841231756854657,0
1.398470950690115,-1.1099901739376037,-1.179024470547907,14.444077989943708,0.9474866733593919,-1.177851894974348,-0.8524826259842462,-0.3041918912684436,0.001192415045823164,-1.6023528972701577,2.6146050665171567,0.32575473142284794,-1.0161329645585022,0
2.415165482054347,-1.1099901739376037,1.5251962127575889,-0.5055228687053482,2.637302443947715,0.9048055324001227,1.6099919826832474,-0.3041918912684436,-0.11965409719924096,3.0991640946418633,2.098594095225707,0.821805540064022,-1.0161329645585022,1
1.5679200392508204,0.9009088760241706,-1.179024470547907,15.811792578648697,1.6234129815947211,-1.177851894974348,2.4413740852880284,0.853056793629862,0.6255660616453219,-1.3730106049817663,1.8405886095799828,-0.15045404487267908,0.9841231756854657,0
3.262410924857874,0.9009088760241706,0.8491410419312149,24.57052903753589,3.144247175124212,-1.177851894974348,-0.47242223622206064,1.4316811360790147,-1.0964967378468442,-1.6023528972701577,2.872610552162881,-0.8250831446246757,0.9841231756854657,0
1.398470950690115,-1.1099901739376037,0.8491410419312149,-1.068268425063033,1.4544314045358888,-1.177851894974348,-1.002923196931778,1.4316811360790147,0.16232109803924238,1.379096902478929,2.356599580871432,0.2463866020402601,-1.0161329645585022,1
2.754063659175758,0.9009088760241706,0.8491410419312149,26.042647029537754,2.4683208668888827,-1.177851894974348,-0.5040939353689095,-1.461440576166749,-1.2106295549671826,-1.6023528972701577,2.356599580871432,-1.182239726846321,0.9841231756854657,0
1.398470950690115,0.9009088760241706,-1.179024470547907,-0.3931601074805369,1.4544314045358888,0.9048055324001227,1.6099919826832474,0.2744324511807092,0.7866947446387411,2.525808363920885,2.098594095225707,0.6630692812988462,-1.0161329645585022,1
2.0762673049329363,-1.1099901739376037,0.17308587110484092,-1.0823710175821835,2.8062840210065474,0.21058638994196582,-1.121692068732461,-1.461440576166749,0.001192415045823164,0.9204123179021463,2.872610552162881,1.8734332543833108,-1.0161329645585022,1
3.0929618362971683,-1.1099901739376037,0.8491410419312149,-1.0959840464192583,3.144247175124212,0.9048055324001227,-1.2642147148932805,0.2744324511807092,1.1458774338115711,0.1177142948927768,1.3245776382885335,0.8813316371009629,-1.0161329645585022,1
1.5679200392508204,-1.1099901739376037,0.8491410419312149,-1.10640701513442,1.6234129815947211,0.9048055324001227,-1.359229812333827,1.4316811360790147,0.04483143335654109,-0.45564143582820127,1.8405886095799828,-3.166442961411017,0.9841231756854657,0
1.5679200392508204,0.9009088760241706,0.8491410419312149,-1.133980505099075,1.7923945586535535,0.21058638994196582,-1.3117222636135537,1.4316811360790147,-1.6705176710108995,0.23238544103697253,1.3245776382885335,-1.4203441149940845,-1.0161329645585022,1
2.2457163934936415,-1.1099901739376037,1.5251962127575889,-1.135622912290555,1.6234129815947211,0.9048055324001227,-1.2008713165995828,0.2744324511807092,0.7430557263280237,1.2644257563347332,2.356599580871432,2.0718535778397804,-1.0161329645585022,1
1.398470950690115,-1.1099901739376037,0.8491410419312149,-0.6977634719927169,1.2854498274770565,0.9048055324001227,-0.5674373336626071,0.2744324511807092,1.6628319584154578,0.3470565871811683,1.8405886095799828,0.40512286080543575,-1.0161329645585022,0
3.262410924857874,-1.1099901739376037,1.5251962127575889,0.26064429374324216,2.8062840210065474,-1.177851894974348,1.0161476236798326,0.2744324511807092,-1.173704231781191,0.3470565871811683,2.098594095225707,0.8614896047553159,-1.0161329645585022,0
2.754063659175758,0.9009088760241706,-0.502969299721533,-0.5644916038302176,2.9752655980653797,-1.177851894974348,-1.359229812333827,-0.8828162337175963,-1.173704231781191,-1.3730106049817663,2.872610552162881,1.1591200899400202,0.9841231756854657,0
3.262410924857874,0.9009088760241706,1.5251962127575889,-0.3323436642652525,3.144247175124212,0.9048055324001227,-1.121692068732461,-1.461440576166749,1.223084927745918,-1.143668312693375,2.872610552162881,1.8932752867289577,0.9841231756854657,0
2.5846145706150523,-1.1099901739376037,-1.179024470547907,-0.3796102481508267,2.637302443947715,0.9048055324001227,-0.7257958293968509,-0.8828162337175963,-0.21028898138303903,-0.570312581972397,2.356599580871432,-1.0235034680811452,-1.0161329645585022,1
1.906818216372231,0.9009088760241706,-1.179024470547907,0.07914250670785829,1.7923945586535535,-1.177851894974348,0.4618928886099787,1.4316811360790147,-1.0427871768490378,0.1177142948927768,1.8405886095799828,-0.7060309505507939,0.9841231756854657,0
1.5679200392508204,0.9009088760241706,1.5251962127575889,-0.7720666050303469,1.7923945586535535,0.9048055324001227,-0.3298995900612411,-0.8828162337175963,-0.005521280078902488,1.1497546101905376,2.356599580871432,1.4369085427790778,-1.0161329645585022,0
2.754063659175758,0.9009088760241706,-1.179024470547907,0.5375952064065613,2.9752655980653797,-1.177851894974348,-0.8208109268373974,0.2744324511807092,-1.2475548781531747,-1.143668312693375,1.3245776382885335,1.774223092655076,-1.0161329645585022,0
2.415165482054347,0.9009088760241706,-1.179024470547907,0.35963091178359596,2.8062840210065474,0.9048055324001227,-0.607026957596168,0.2744324511807092,0.665848232393677,-0.9143260204049839,2.098594095225707,0.028124246238143545,0.9841231756854657,0
1.7373691278115257,-1.1099901739376037,1.5251962127575889,-0.5336490918594436,2.130357712771218,0.9048055324001227,-1.2998453764334854,-0.8828162337175963,-1.3751150855229646,-1.2583394588375707,2.356599580871432,0.22654456969461315,0.9841231756854657,0
1.5679200392508204,-1.1099901739376037,0.8491410419312149,0.16840102061406118,0.9474866733593919,0.9048055324001227,0.8577891279455886,-0.3041918912684436,1.1727322143104744,0.3470565871811683,1.3245776382885335,0.46464895784237664,0.9841231756854657,0
2.0762673049329363,0.9009088760241706,-1.179024470547907,-0.5670657612553257,2.130357712771218,0.9048055324001227,-0.9989642345384219,0.853056793629862,-0.7138161157374736,-0.7996548742607882,1.8405886095799828,-0.190138109563973,0.9841231756854657,0
3.0929618362971683,0.9009088760241706,-1.179024470547907,-0.35596906001961903,3.3132287521830444,-1.177851894974348,-0.5674373336626071,0.853056793629862,-1.2979075915886182,-0.45564143582820127,2.098594095225707,1.8535912220376638,0.9841231756854657,0
1.398470950690115,-1.1099901739376037,-0.502969299721533,-0.42043354228521,1.1164682504182242,-1.177851894974348,0.8577891279455886,1.4316811360790147,0.7061304031420315,1.6084391947673204,2.872610552162881,1.0797519605574324,0.9841231756854657,0
1.5679200392508204,-1.1099901739376037,-0.502969299721533,-0.6340728161923425,1.7923945586535535,0.21058638994196582,-0.2507203421941191,-0.8828162337175963,1.6729025011025462,0.6910700256137552,1.582583123934258,1.278172284013902,-1.0161329645585022,0
2.754063659175758,-1.1099901739376037,-0.502969299721533,0.4228320039018946,3.3132287521830444,0.9048055324001227,-0.2507203421941191,-0.8828162337175963,-0.21028898138303903,-0.7996548742607882,1.3245776382885335,1.3773824457421369,-1.0161329645585022,0
2.0762673049329363,0.9009088760241706,-1.179024470547907,-0.527632196282964,1.9613761357123858,0.9048055324001227,-0.4090788379283631,-1.461440576166749,1.6729025011025462,0.1177142948927768,2.6146050665171567,-0.20998014190961997,-1.0161329645585022,1
1.7373691278115257,0.9009088760241706,0.8491410419312149,1.7825556499252613,1.2854498274770565,-1.177851894974348,0.6994306322113446,-0.8828162337175963,-1.4724636648314886,-0.7996548742607882,2.6146050665171567,-0.46792656240303043,-1.0161329645585022,0
3.431860013418579,0.9009088760241706,-1.179024470547907,-0.8841293110951762,3.3132287521830444,0.21058638994196582,-0.4090788379283631,0.2744324511807092,0.001192415045823164,1.7231103409115156,2.6146050665171567,0.7225953783357871,-1.0161329645585022,1
1.7373691278115257,0.9009088760241706,-0.502969299721533,-0.20271983515305983,1.9613761357123858,-1.177851894974348,0.33520609202258356,-1.461440576166749,-1.1233515183457474,0.3470565871811683,1.8405886095799828,1.3972244780877838,0.9841231756854657,0
1.398470950690115,0.9009088760241706,-0.502969299721533,-0.8684316885150691,1.1164682504182242,0.9048055324001227,-0.8247698892307535,-0.8828162337175963,-0.08944246913797492,0.4617277333253637,1.3245776382885335,0.801963507718375,-1.0161329645585022,0
2.2457163934936415,0.9009088760241706,-1.179024470547907,0.8382504767084529,2.2993392898300504,-1.177851894974348,3.2331665639592484,1.4316811360790147,-0.3680608168140954,1.035083464046342,2.872610552162881,1.0797519605574324,-1.0161329645585022,0
1.5679200392508204,0.9009088760241706,-1.179024470547907,-0.2623044729747342,1.6234129815947211,0.9048055324001227,0.6994306322113446,1.4316811360790147,0.7229146409538463,0.9204123179021463,2.356599580871432,0.5440170872249644,-1.0161329645585022,0
2.0762673049329363,0.9009088760241706,-1.179024470547907,-0.948878056143908,1.7923945586535535,0.9048055324001227,-1.1414868806992413,-1.461440576166749,0.03476089066945202,-0.2262991435398101,1.582583123934258,1.337698381050843,-1.0161329645585022,0
1.7373691278115257,-1.1099901739376037,-1.179024470547907,1.2149460415005011,1.9613761357123858,-1.177851894974348,3.2331665639592484,-1.461440576166749,-0.3680608168140954,0.5763988794695595,1.3245776382885335,-0.26950623894656084,0.9841231756854657,0
1.398470950690115,0.9009088760241706,0.8491410419312149,-0.509597301930366,0.9474866733593919,-1.177851894974348,-1.2008713165995828,0.2744324511807092,0.001192415045823164,-1.143668312693375,1.8405886095799828,0.6233852166075523,0.9841231756854657,0
1.398470950690115,0.9009088760241706,-1.179024470547907,1.6900439063897807,1.6234129815947211,-1.177851894974348,3.2331665639592484,0.2744324511807092,-1.0427871768490378,0.23238544103697253,2.098594095225707,0.06780831092943747,0.9841231756854657,0
1.906818216372231,-1.1099901739376037,0.8491410419312149,0.35225587179877704,2.130357712771218,0.21058638994196582,0.04620183730758831,1.4316811360790147,-1.173704231781191,-0.45564143582820127,2.098594095225707,-0.26950623894656084,0.9841231756854657,0
1.7373691278115257,0.9009088760241706,0.17308587110484092,0.2900496994214711,1.9613761357123858,-1.177851894974348,0.22435514500861276,-0.3041918912684436,-0.21700267650776528,-0.34097028968400567,2.098594095225707,0.9805417988291976,0.9841231756854657,0
1.5679200392508204,-1.1099901739376037,-0.502969299721533,0.167358723742545,1.2854498274770565,0.9048055324001227,-0.5674373336626071,0.853056793629862,1.092167872813765,-0.7996548742607882,2.6146050665171567,-1.2417658238832618,-1.0161329645585022,0
1.5679200392508204,-1.1099901739376037,-1.179024470547907,-0.6116950182084272,1.9613761357123858,0.9048055324001227,-0.18737694390042153,1.4316811360790147,0.9780350556934264,0.6910700256137552,2.872610552162881,1.8734332543833108,-1.0161329645585022,0
3.262410924857874,-1.1099901739376037,0.8491410419312149,-0.015927601875889305,3.4822103292418767,0.9048055324001227,-1.0266769712919146,0.2744324511807092,0.8336906105118219,-1.143668312693375,2.6146050665171567,-1.182239726846321,0.9841231756854657,0
2.2457163934936415,0.9009088760241706,0.8491410419312149,-0.5861587448562809,2.2993392898300504,-1.177851894974348,-1.2800505644667048,1.4316811360790147,0.6893461653302174,-1.143668312693375,1.8405886095799828,0.8416475724096689,-1.0161329645585022,0
1.5679200392508204,0.9009088760241706,-1.179024470547907,-0.11218213872272345,1.6234129815947211,0.9048055324001227,-1.042512820865339,-0.8828162337175963,0.5114332445249834,-1.143668312693375,2.356599580871432,-0.30919030363785477,0.9841231756854657,0
1.7373691278115257,-1.1099901739376037,0.8491410419312149,0.8338444035697709,2.4683208668888827,0.21058638994196582,0.38271364074285674,1.4316811360790147,0.665848232393677,-0.570312581972397,1.3245776382885335,-0.8449251769703227,0.9841231756854657,0
3.77075819053999,0.9009088760241706,-1.179024470547907,-0.1357917421002488,3.9891550604183736,-1.177851894974348,1.9662985980852963,0.2744324511807092,2.2603508245160526,1.952452633199907,1.8405886095799828,-0.051243883144444294,-1.0161329645585022,1
1.7373691278115257,0.9009088760241706,-1.179024470547907,-0.8903830923242733,1.6234129815947211,0.21058638994196582,-1.121692068732461,1.4316811360790147,0.2865244578466693,-0.34097028968400567,2.6146050665171567,0.801963507718375,0.9841231756854657,0
1.5679200392508204,0.9009088760241706,0.8491410419312149,-0.11229268536061153,2.130357712771218,0.9048055324001227,1.0161476236798326,1.4316811360790147,0.001192415045823164,0.9204123179021463,2.356599580871432,0.38528082845978884,-1.0161329645585022,0
2.5846145706150523,0.9009088760241706,-1.179024470547907,0.5988854209270804,2.8062840210065474,0.9048055324001227,2.2830155895537843,0.853056793629862,-0.005521280078902488,0.6910700256137552,2.6146050665171567,0.801963507718375,-1.0161329645585022,0
3.0929618362971683,0.9009088760241706,0.8491410419312149,0.45842802130185595,3.651191906300709,-1.177851894974348,1.6495816066168083,-1.461440576166749,-1.3751150855229646,0.4617277333253637,2.356599580871432,1.4964346398160184,0.9841231756854657,0
1.5679200392508204,0.9009088760241706,-1.179024470547907,-0.33543897012611873,1.4544314045358888,0.9048055324001227,-0.3298995900612411,0.2744324511807092,1.7736079279734327,-0.11162799739561437,1.582583123934258,0.286070666731554,0.9841231756854657,0
2.415165482054347,-1.1099901739376037,0.8491410419312149,5.570120349623451,2.9752655980653797,-1.177851894974348,2.4413740852880284,-0.3041918912684436,-0.34120603631519225,-0.9143260204049839,2.872610552162881,1.1789621222856672,0.9841231756854657,0
1.5679200392508204,0.9009088760241706,-0.502969299721533,-0.10382797137375294,1.9613761357123858,0.9048055324001227,0.06599664927436881,0.2744324511807092,1.6729025011025462,0.003043148748581378,2.872610552162881,1.6154868338899002,-1.0161329645585022,1
1.906818216372231,0.9009088760241706,0.8491410419312149,-1.0198174129143722,1.7923945586535535,0.9048055324001227,-1.2008713165995828,-1.461440576166749,-0.11965409719924096,-0.11162799739561437,2.6146050665171567,1.1392780575943733,-1.0161329645585022,1
2.5846145706150523,0.9009088760241706,-1.179024470547907,-0.2954526719643166,2.637302443947715,-1.177851894974348,0.30353439287573475,-0.8828162337175963,0.001192415045823164,0.5763988794695595,1.3245776382885335,-0.051243883144444294,0.9841231756854657,0
3.77075819053999,0.9009088760241706,1.5251962127575889,-0.45302900808535207,3.651191906300709,0.9048055324001227,-0.7257958293968509,0.2744324511807092,1.4446368668618692,-0.45564143582820127,1.582583123934258,0.22654456969461315,-1.0161329645585022,1
3.77075819053999,-1.1099901739376037,0.8491410419312149,0.044604578556254305,3.4822103292418767,-1.177851894974348,0.06599664927436881,0.853056793629862,0.16232109803924238,-0.2262991435398101,2.6146050665171567,-0.7655570475877348,-1.0161329645585022,0
2.2457163934936415,-1.1099901739376037,0.8491410419312149,1.401975160430289,1.6234129815947211,-1.177851894974348,0.8577891279455886,-0.8828162337175963,2.3073466903891333,-0.570312581972397,1.3245776382885335,1.0995939929030794,0.9841231756854657,0
1.398470950690115,0.9009088760241706,-1.179024470547907,-0.3864957244535699,1.2854498274770565,-1.177851894974348,0.06599664927436881,1.4316811360790147,0.8336906105118219,0.4617277333253637,2.356599580871432,0.305912699077201,-1.0161329645585022,0
1.398470950690115,0.9009088760241706,-1.179024470547907,-0.30352257653014636,1.4544314045358888,0.9048055324001227,-0.3774071387815143,1.4316811360790147,0.9981761410676039,-0.2262991435398101,2.872610552162881,0.5440170872249644,0.9841231756854657,0
1.398470950690115,0.9009088760241706,-1.179024470547907,-0.26303092230942726,1.1164682504182242,0.9048055324001227,-0.4090788379283631,-0.8828162337175963,0.954537122756886,-0.34097028968400567,2.098594095225707,-1.4203441149940845,-1.0161329645585022,1
3.431860013418579,0.9009088760241706,1.5251962127575889,-0.46078306511435874,3.4822103292418767,0.9048055324001227,-0.7257958293968509,0.2744324511807092,-1.2475548781531747,-0.45564143582820127,2.098594095225707,0.7225953783357871,-1.0161329645585022,0
1.398470950690115,-1.1099901739376037,1.5251962127575889,-0.5200992325297334,1.6234129815947211,0.9048055324001227,-1.1375279183058853,-0.8828162337175963,2.478545916069642,-1.0289971665491795,1.8405886095799828,-1.4005020826484376,0.9841231756854657,0
1.398470950690115,-1.1099901739376037,-1.179024470547907,-0.6101631576548352,1.4544314045358888,0.9048055324001227,0.38271364074285674,-0.8828162337175963,0.11868207972852446,1.7231103409115156,2.6146050665171567,-0.40840046536608954,-1.0161329645585022,1
1.7373691278115257,0.9009088760241706,0.8491410419312149,-0.35870114121313873,1.9613761357123858,0.9048055324001227,-0.7614264909370558,1.4316811360790147,0.001192415045823164,-0.6849837281165926,2.098594095225707,-1.0036614357354983,0.9841231756854657,0
1.7373691278115257,-1.1099901739376037,0.8491410419312149,-0.4460961546520854,1.7923945586535535,0.9048055324001227,-0.7891392276905486,0.853056793629862,0.001192415045823164,-0.570312581972397,2.872610552162881,0.6432272489531993,0.9841231756854657,0
1.5679200392508204,-1.1099901739376037,0.8491410419312149,0.2699933808332054,1.6234129815947211,0.9048055324001227,2.4413740852880284,0.2744324511807092,0.7061304031420315,1.379096902478929,2.6146050665171567,1.337698381050843,-1.0161329645585022,1
1.5679200392508204,0.9009088760241706,-1.179024470547907,0.8006804122033473,1.7923945586535535,0.9048055324001227,1.6495816066168083,1.4316811360790147,1.7836784706605218,0.1177142948927768,1.8405886095799828,1.4369085427790778,-1.0161329645585022,1
1.398470950690115,0.9009088760241706,-0.502969299721533,-0.07170627687884554,1.4544314045358888,0.9048055324001227,-0.2507203421941191,-0.3041918912684436,0.03811773823181484,-0.34097028968400567,1.582583123934258,0.801963507718375,-1.0161329645585022,0
1.398470950690115,-1.1099901739376037,0.8491410419312149,-0.16893994108983124,1.4544314045358888,-1.177851894974348,-0.5357656345157582,0.2744324511807092,0.001192415045823164,-0.570312581972397,1.8405886095799828,-0.6266628211682062,-1.0161329645585022,1
1.7373691278115257,0.9009088760241706,0.17308587110484092,-0.9282058348588373,2.2993392898300504,-1.177851894974348,-0.8247698892307535,-0.8828162337175963,-1.173704231781191,0.8057411717579506,1.8405886095799828,1.6353288662355472,-1.0161329645585022,1
1.5679200392508204,-1.1099901739376037,0.8491410419312149,0.17825546376294132,1.4544314045358888,0.9048055324001227,0.06599664927436881,-0.3041918912684436,0.001192415045823164,-0.34097028968400567,2.872610552162881,0.4448069254967297,0.9841231756854657,0
1.5679200392508204,0.9009088760241706,-1.179024470547907,-0.45133922376334856,1.1164682504182242,0.9048055324001227,0.38271364074285674,0.2744324511807092,0.001192415045823164,1.035083464046342,2.098594095225707,-1.4997122443766724,-1.0161329645585022,0
1.398470950690115,0.9009088760241706,-1.179024470547907,-0.7383025033439594,1.7923945586535535,0.21058638994196582,-0.804975077263973,1.4316811360790147,-1.1233515183457474,0.003043148748581378,2.098594095225707,-0.4877685947486774,0.9841231756854657,0
2.754063659175758,0.9009088760241706,-1.179024470547907,1.402575270750253,2.4683208668888827,0.21058638994196582,1.8871193502181745,0.2744324511807092,0.27645391515958084,-0.11162799739561437,1.3245776382885335,-1.8171847619070236,0.9841231756854657,0
2.2457163934936415,-1.1099901739376037,0.8491410419312149,0.0621814939804588,1.6234129815947211,0.9048055324001227,-0.8841543251310949,-1.461440576166749,1.7736079279734327,-1.0289971665491795,1.8405886095799828,-1.8370267942526706,-1.0161329645585022,1
3.262410924857874,0.9009088760241706,-1.179024470547907,-0.4123952224730626,3.144247175124212,0.9048055324001227,-0.2507203421941191,0.853056793629862,0.001192415045823164,0.1177142948927768,2.356599580871432,0.5837011519162584,-1.0161329645585022,1
1.5679200392508204,0.9009088760241706,0.8491410419312149,-0.3912492298827573,1.4544314045358888,0.9048055324001227,-0.09236184645987515,-1.461440576166749,0.23617174441122635,0.23238544103697253,2.6146050665171567,0.3654387961141419,-1.0161329645585022,1
2.754063659175758,0.9009088760241706,-0.502969299721533,-0.164202228037485,2.9752655980653797,0.9048055324001227,-0.8524826259842462,0.853056793629862,0.001192415045823164,-0.9143260204049839,1.3245776382885335,1.35754041339649,-1.0161329645585022,0
1.5679200392508204,0.9009088760241706,-1.179024470547907,0.6530532734922389,1.7923945586535535,-1.177851894974348,-0.5674373336626071,1.4316811360790147,0.3301634761573873,-1.0289971665491795,1.8405886095799828,0.4249648931510827,-1.0161329645585022,0
2.2457163934936415,0.9009088760241706,-1.179024470547907,-0.4868246945254218,2.4683208668888827,0.9048055324001227,-0.06069014731302636,0.853056793629862,-1.1804179269059165,0.5763988794695595,2.356599580871432,0.7027533459901402,-1.0161329645585022,0
3.262410924857874,0.9009088760241706,-0.502969299721533,-0.5456512982587207,3.4822103292418767,-1.177851894974348,-0.34573543963466546,-0.3041918912684436,-1.0092187012254088,0.23238544103697253,2.356599580871432,1.6750129309268411,-1.0161329645585022,0
1.398470950690115,0.9009088760241706,-1.179024470547907,0.8412036511777486,1.2854498274770565,-1.177851894974348,-0.09236184645987515,-0.8828162337175963,0.001192415045823164,-0.7996548742607882,1.8405886095799828,0.40512286080543575,-1.0161329645585022,0
1.906818216372231,-1.1099901739376037,1.5251962127575889,-0.6553767325510593,1.6234129815947211,0.9048055324001227,-0.5040939353689095,-0.8828162337175963,0.16232109803924238,0.3470565871811683,2.6146050665171567,1.4964346398160184,0.9841231756854657,0
1.7373691278115257,-1.1099901739376037,0.8491410419312149,2.5451379428309098,2.2993392898300504,-1.177851894974348,1.6495816066168083,0.2744324511807092,0.15896425047687956,-0.6849837281165926,1.3245776382885335,-2.8886545085719595,0.9841231756854657,0
2.754063659175758,-1.1099901739376037,0.8491410419312149,-0.11118721898173074,3.3132287521830444,-1.177851894974348,0.8577891279455886,-0.3041918912684436,0.001192415045823164,0.8057411717579506,1.3245776382885335,-0.4282424977117365,0.9841231756854657,0
2.0762673049329363,0.9009088760241706,0.8491410419312149,-0.037610535278793863,2.2993392898300504,-1.177851894974348,0.38271364074285674,-0.8828162337175963,-0.25392799969375696,0.1177142948927768,1.582583123934258,0.08765034327508442,0.9841231756854657,0
1.398470950690115,0.9009088760241706,0.8491410419312149,-0.33453880464617297,1.1164682504182242,-1.177851894974348,-1.2800505644667048,0.2744324511807092,0.9780350556934264,-1.2583394588375707,1.3245776382885335,-2.3330776028938445,-1.0161329645585022,1
1.906818216372231,0.9009088760241706,0.8491410419312149,-0.49039377169152265,2.2993392898300504,0.9048055324001227,-0.5674373336626071,-0.8828162337175963,1.1861596045599256,-0.2262991435398101,1.3245776382885335,1.0599099282117854,-1.0161329645585022,0
2.415165482054347,-1.1099901739376037,-1.179024470547907,-0.49461033630811074,1.9613761357123858,-1.177851894974348,-1.121692068732461,-0.3041918912684436,-1.8752853723150364,-1.0289971665491795,1.582583123934258,-1.3608180179571436,0.9841231756854657,0
1.398470950690115,-1.1099901739376037,-1.179024470547907,-0.7739458978744442,1.1164682504182242,-1.177851894974348,-1.042512820865339,0.2744324511807092,-0.7742393718600064,-0.45564143582820127,2.098594095225707,1.298014316359549,-1.0161329645585022,0
1.7373691278115257,-1.1099901739376037,-1.179024470547907,-0.01393776239390389,1.4544314045358888,-1.177851894974348,0.30353439287573475,0.853056793629862,0.9780350556934264,0.1177142948927768,2.098594095225707,-0.051243883144444294,-1.0161329645585022,0
2.2457163934936415,-1.1099901739376037,1.5251962127575889,0.5515556675341415,1.9613761357123858,0.21058638994196582,1.9029551997915988,0.2744324511807092,0.9780350556934264,0.5763988794695595,1.582583123934258,1.0400678958661385,0.9841231756854657,0
2.0762673049329363,0.9009088760241706,-1.179024470547907,-0.29970082133458703,2.637302443947715,-1.177851894974348,-0.5674373336626071,0.853056793629862,1.327147202179168,-0.45564143582820127,2.356599580871432,2.250431868950603,-1.0161329645585022,0
1.7373691278115257,-1.1099901739376037,-1.179024470547907,0.7411747362658787,1.7923945586535535,-1.177851894974348,0.6994306322113446,1.4316811360790147,-1.6705176710108995,-0.34097028968400567,2.098594095225707,0.22654456969461315,0.9841231756854657,0
1.398470950690115,0.9009088760241706,-1.179024470547907,1.031770262519955,1.2854498274770565,-1.177851894974348,0.7786098800784667,-0.3041918912684436,-1.8752853723150364,-0.45564143582820127,1.8405886095799828,1.5162766721616654,0.9841231756854657,0
1.398470950690115,-1.1099901739376037,0.8491410419312149,1.215530359443624,0.9474866733593919,-1.177851894974348,0.38271364074285674,0.2744324511807092,0.001192415045823164,-0.6849837281165926,2.098594095225707,-0.3488743683291487,0.9841231756854657,0
1.906818216372231,0.9009088760241706,0.8491410419312149,-0.19941922839325862,2.130357712771218,0.9048055324001227,2.2830155895537843,-0.3041918912684436,0.5114332445249834,2.525808363920885,1.3245776382885335,0.4448069254967297,-1.0161329645585022,1
2.2457163934936415,0.9009088760241706,0.17308587110484092,-0.8345570401907936,1.6234129815947211,0.21058638994196582,-0.963333572998217,-0.8828162337175963,0.8739727812601764,-0.11162799739561437,1.8405886095799828,0.8416475724096689,-1.0161329645585022,0
1.5679200392508204,0.9009088760241706,-1.179024470547907,0.11600191425511192,1.2854498274770565,-1.177851894974348,-1.2642147148932805,0.853056793629862,0.9780350556934264,-1.3730106049817663,1.582583123934258,1.2186461869769611,-1.0161329645585022,0
2.923512747736463,-1.1099901739376037,-1.179024470547907,-0.39483409942569925,3.4822103292418767,-1.177851894974348,0.6994306322113446,-0.8828162337175963,-1.4724636648314886,1.2644257563347332,1.582583123934258,-1.0235034680811452,-1.0161329645585022,0
1.7373691278115257,-1.1099901739376037,-1.179024470547907,0.15890980213252756,1.9613761357123858,-1.177851894974348,1.3328646151483206,-1.461440576166749,1.1223795008750308,0.6910700256137552,2.872610552162881,-1.8965528912896115,0.9841231756854657,0
1.906818216372231,0.9009088760241706,0.8491410419312149,2.21809361082745,1.7923945586535535,0.9048055324001227,0.4618928886099787,-0.3041918912684436,-1.8752853723150364,-0.9143260204049839,1.3245776382885335,-1.7576586648700827,0.9841231756854657,0
1.7373691278115257,-1.1099901739376037,0.8491410419312149,-0.8656680225678671,1.4544314045358888,0.21058638994196582,-0.527847709729046,-0.3041918912684436,0.001192415045823164,1.2644257563347332,2.356599580871432,0.46464895784237664,0.9841231756854657,0
3.262410924857874,0.9009088760241706,1.5251962127575889,-0.02090220058085284,3.3132287521830444,-1.177851894974348,-0.4090788379283631,1.4316811360790147,1.1223795008750308,-0.570312581972397,2.872610552162881,0.5241750548793175,0.9841231756854657,0
1.5679200392508204,-1.1099901739376037,0.8491410419312149,-0.8087365040555067,1.4544314045358888,0.21058638994196582,-0.4090788379283631,-0.8828162337175963,-1.6705176710108995,1.1497546101905376,1.582583123934258,-0.5472946917856183,0.9841231756854657,0
1.398470950690115,-1.1099901739376037,-1.179024470547907,2.8128503150421538,1.6234129815947211,-1.177851894974348,-0.02901844816617757,-0.3041918912684436,1.5486991412951188,-1.143668312693375,1.582583123934258,1.317856348705196,-1.0161329645585022,0
1.906818216372231,0.9009088760241706,-1.179024470547907,-0.7325698705506205,2.130357712771218,-1.177851894974348,-0.7574675285436998,-1.461440576166749,-0.811164695045998,0.003043148748581378,1.8405886095799828,1.5956448015442533,-1.0161329645585022,0
2.0762673049329363,-1.1099901739376037,1.5251962127575889,-0.6775334372591986,1.2854498274770565,0.9048055324001227,0.16497070910827127,1.4316811360790147,0.001192415045823164,1.7231103409115156,1.8405886095799828,-1.4401861473397315,-1.0161329645585022,1
3.0929618362971683,0.9009088760241706,0.8491410419312149,-0.30364891554487555,3.144247175124212,0.9048055324001227,-0.8287288516241096,-0.3041918912684436,-0.005521280078902488,-0.7996548742607882,2.6146050665171567,0.7424374106814341,-1.0161329645585022,0
2.0762673049329363,-1.1099901739376037,1.5251962127575889,0.15213487246767246,1.4544314045358888,-1.177851894974348,-0.38928402596158257,-0.8828162337175963,-1.4724636648314886,-0.6849837281165926,2.098594095225707,-0.44808453005738347,0.9841231756854657,0
2.2457163934936415,0.9009088760241706,0.8491410419312149,-0.517493490350943,1.7923945586535535,0.9048055324001227,-0.3298995900612411,-1.461440576166749,-0.8447331706696268,0.23238544103697253,1.582583123934258,-3.4045473495587806,0.9841231756854657,0
1.398470950690115,0.9009088760241706,1.5251962127575889,-0.06185183372996538,1.4544314045358888,-1.177851894974348,-1.1375279183058853,0.853056793629862,-1.1804179269059165,-1.2583394588375707,2.098594095225707,1.0599099282117854,0.9841231756854657,0
1.5679200392508204,-1.1099901739376037,-1.179024470547907,0.5893468253150234,1.7923945586535535,-1.177851894974348,0.06599664927436881,-1.461440576166749,0.001192415045823164,-0.570312581972397,2.356599580871432,-0.09092794783573821,-1.0161329645585022,0
1.7373691278115257,-1.1099901739376037,-1.179024470547907,-0.24591198581361623,1.4544314045358888,0.9048055324001227,-0.2507203421941191,-0.8828162337175963,0.001192415045823164,-0.2262991435398101,2.356599580871432,-1.0433455004267922,-1.0161329645585022,0
2.0762673049329363,0.9009088760241706,0.8491410419312149,-0.43302006662760983,2.637302443947715,0.21058638994196582,0.8577891279455886,-0.8828162337175963,1.676259348664909,1.7231103409115156,2.872610552162881,0.8813316371009629,-1.0161329645585022,0
1.398470950690115,-1.1099901739376037,0.8491410419312149,14.44521504107627,1.2854498274770565,-1.177851894974348,-0.8524826259842462,0.2744324511807092,0.001192415045823164,-1.6023528972701577,1.8405886095799828,-3.0077067026458413,0.9841231756854657,0
3.262410924857874,0.9009088760241706,0.8491410419312149,-0.8999374803131716,2.8062840210065474,0.9048055324001227,-1.2008713165995828,0.2744324511807092,-1.2475548781531747,-0.570312581972397,1.3245776382885335,0.821805540064022,0.9841231756854657,0
1.7373691278115257,-1.1099901739376037,-0.502969299721533,0.2638501462419965,1.7923945586535535,0.9048055324001227,-1.121692068732461,-0.8828162337175963,-0.005521280078902488,-1.2583394588375707,1.8405886095799828,1.8337491896920168,0.9841231756854657,0
2.415165482054347,-1.1099901739376037,-0.502969299721533,0.910011037074657,2.4683208668888827,-1.177851894974348,1.5228948100294133,-1.461440576166749,0.11868207972852446,0.003043148748581378,2.872610552162881,-0.30919030363785477,0.9841231756854657,0
1.7373691278115257,-1.1099901739376037,1.5251962127575889,0.29042871646565876,1.7923945586535535,-1.177851894974348,0.06599664927436881,-1.461440576166749,1.0955247203761276,-0.45564143582820127,1.3245776382885335,1.794065125000723,0.9841231756854657,0
2.415165482054347,0.9009088760241706,0.8491410419312149,-0.023192095222820182,2.2993392898300504,0.21058638994196582,2.0850674698859795,1.4316811360790147,-0.707102420612748,1.7231103409115156,2.872610552162881,-1.4005020826484376,0.9841231756854657,0
2.754063659175758,0.9009088760241706,0.8491410419312149,-0.5436614587767353,2.4683208668888827,0.9048055324001227,-0.963333572998217,0.853056793629862,0.6255660616453219,-0.6849837281165926,1.8405886095799828,-0.20998014190961997,0.9841231756854657,0
3.431860013418579,0.9009088760241706,1.5251962127575889,-0.7154351416779683,2.9752655980653797,-1.177851894974348,-0.3298995900612411,-0.8828162337175963,-1.0964967378468442,0.9204123179021463,2.872610552162881,0.9210157017922567,-1.0161329645585022,0
1.7373691278115257,-1.1099901739376037,0.8491410419312149,-0.10976590506602688,1.6234129815947211,0.21058638994196582,-0.5674373336626071,0.853056793629862,1.327147202179168,-0.6849837281165926,1.3245776382885335,-1.0433455004267922,-1.0161329645585022,0
1.398470950690115,-1.1099901739376037,0.8491410419312149,-0.2381895135382919,1.1164682504182242,0.9048055324001227,-0.2507203421941191,0.2744324511807092,0.001192415045823164,-0.2262991435398101,1.3245776382885335,1.317856348705196,-1.0161329645585022,1
1.398470950690115,0.9009088760241706,-1.179024470547907,3.4940386977084943,0.9474866733593919,0.9048055324001227,1.6495816066168083,-1.461440576166749,-1.0495008719737637,-0.7996548742607882,2.872610552162881,0.6432272489531993,-1.0161329645585022,0
3.262410924857874,-1.1099901739376037,0.17308587110484092,-0.9044383077129005,3.4822103292418767,-1.177851894974348,-1.042512820865339,-1.461440576166749,-1.8752853723150364,-0.11162799739561437,1.8405886095799828,0.9210157017922567,-1.0161329645585022,1
2.5846145706150523,0.9009088760241706,-0.502969299721533,-0.5619174464051094,2.4683208668888827,0.9048055324001227,-0.09236184645987515,0.2744324511807092,-1.7510820125076092,0.6910700256137552,2.098594095225707,1.1392780575943733,-1.0161329645585022,0
1.5679200392508204,0.9009088760241706,1.5251962127575889,-0.18182652059221296,1.4544314045358888,-1.177851894974348,1.1745061194140765,-0.8828162337175963,-0.7742393718600064,1.2644257563347332,1.3245776382885335,1.0003838311748445,-1.0161329645585022,0
1.7373691278115257,-1.1099901739376037,-1.179024470547907,0.15426684334122825,1.2854498274770565,0.9048055324001227,-0.09236184645987515,0.2744324511807092,0.6154955189582334,-0.45564143582820127,2.356599580871432,0.286070666731554,-1.0161329645585022,0
3.0929618362971683,-1.1099901739376037,-0.502969299721533,-0.11319285084055732,2.9752655980653797,-1.177851894974348,-0.9474977234247925,0.853056793629862,-1.3482603050240614,-1.0289971665491795,1.8405886095799828,0.12733440796637835,0.9841231756854657,0
1.906818216372231,-1.1099901739376037,-1.179024470547907,2.5656996174780926,1.7923945586535535,0.9048055324001227,0.6202513843442227,1.4316811360790147,0.16232109803924238,-0.9143260204049839,2.6146050665171567,-0.5472946917856183,0.9841231756854657,0
3.77075819053999,-1.1099901739376037,-1.179024470547907,-0.8809866281037866,3.4822103292418767,0.9048055324001227,-0.8841543251310949,-1.461440576166749,0.001192415045823164,0.3470565871811683,1.3245776382885335,1.4369085427790778,-1.0161329645585022,1
1.5679200392508204,0.9009088760241706,0.8491410419312149,0.1657794860584296,0.9474866733593919,0.21058638994196582,-0.3298995900612411,1.4316811360790147,-1.328119219649884,-0.6849837281165926,2.098594095225707,1.1392780575943733,-1.0161329645585022,0
1.906818216372231,0.9009088760241706,0.8491410419312149,-0.528153344718722,1.4544314045358888,0.9048055324001227,-0.4090788379283631,-1.461440576166749,0.16232109803924238,0.1177142948927768,2.6146050665171567,-2.075131182400434,0.9841231756854657,0
2.923512747736463,0.9009088760241706,-1.179024470547907,0.07683681968904979,2.637302443947715,0.21058638994196582,-0.5674373336626071,1.4316811360790147,-1.0427871768490378,-0.7996548742607882,1.582583123934258,1.2186461869769611,-1.0161329645585022,0
2.0762673049329363,0.9009088760241706,0.8491410419312149,0.2716357880246854,2.637302443947715,0.9048055324001227,-0.5674373336626071,0.853056793629862,-0.6936750303632967,-0.9143260204049839,1.3245776382885335,0.06780831092943747,0.9841231756854657,0
2.0762673049329363,-1.1099901739376037,-1.179024470547907,0.10605271684518484,0.7785050963005594,0.9048055324001227,-0.5674373336626071,0.853056793629862,-0.46205254856025635,-0.7996548742607882,2.098594095225707,0.06780831092943747,-1.0161329645585022,0
3.431860013418579,0.9009088760241706,-1.179024470547907,-0.6741064914846681,3.144247175124212,-1.177851894974348,-1.1850354670261585,1.4316811360790147,0.4745079213389917,-0.9143260204049839,2.6146050665171567,1.1988041546313142,-1.0161329645585022,0
1.398470950690115,0.9009088760241706,0.8491410419312149,-0.014711588859120439,1.4544314045358888,-1.177851894974348,-0.4882580857954851,-0.8828162337175963,-1.7510820125076092,-0.6849837281165926,1.582583123934258,-0.36871640067479566,0.9841231756854657,0
1.7373691278115257,0.9009088760241706,-0.502969299721533,0.9907100827329544,2.130357712771218,-1.177851894974348,0.28769854330231037,0.853056793629862,-0.1397951825734185,-0.6849837281165926,2.6146050665171567,1.8535912220376638,-1.0161329645585022,0
2.0762673049329363,0.9009088760241706,0.8491410419312149,-0.4912307676641038,2.130357712771218,0.21058638994196582,0.6598410082777837,0.2744324511807092,-0.7138161157374736,1.6084391947673204,2.098594095225707,0.0479662785837905,-1.0161329645585022,0
1.7373691278115257,0.9009088760241706,-1.179024470547907,-0.6796969928864366,1.7923945586535535,0.9048055324001227,-1.1691996174527342,0.853056793629862,0.001192415045823164,-0.9143260204049839,2.356599580871432,-1.2219237915376149,0.9841231756854657,0
2.5846145706150523,-1.1099901739376037,-0.502969299721533,0.22822254408835285,2.637302443947715,-1.177851894974348,0.8577891279455886,-1.461440576166749,1.159304824061023,0.23238544103697253,1.8405886095799828,0.38528082845978884,-1.0161329645585022,1
1.398470950690115,0.9009088760241706,-1.179024470547907,-0.6943049414645042,2.130357712771218,0.9048055324001227,-1.327558113186978,1.4316811360790147,0.4745079213389917,-1.2583394588375707,1.3245776382885335,0.0479662785837905,0.9841231756854657,0
1.5679200392508204,0.9009088760241706,0.8491410419312149,1.5071681825692165,1.9613761357123858,-1.177851894974348,0.28373958090895424,0.853056793629862,-0.005521280078902488,-0.9143260204049839,1.3245776382885335,-1.2219237915376149,-1.0161329645585022,1
2.415165482054347,0.9009088760241706,-1.179024470547907,1.1261139217690095,2.8062840210065474,-1.177851894974348,4.024959042630468,1.4316811360790147,-1.0427871768490378,1.035083464046342,2.872610552162881,0.8416475724096689,-1.0161329645585022,0
2.0762673049329363,-1.1099901739376037,0.8491410419312149,-0.6205545416163146,2.2993392898300504,0.9048055324001227,0.6637999706711397,-0.3041918912684436,0.6624913848313142,2.2964660716324943,1.3245776382885335,1.0400678958661385,-1.0161329645585022,1
1.5679200392508204,0.9009088760241706,-0.502969299721533,13.537485012623575,1.4544314045358888,0.9048055324001227,-0.3298995900612411,1.4316811360790147,0.3939435798422821,-1.487681751125962,1.8405886095799828,1.1789621222856672,0.9841231756854657,0
1.5679200392508204,-1.1099901739376037,-0.502969299721533,0.4212211814640969,2.130357712771218,0.9048055324001227,2.4413740852880284,-0.8828162337175963,2.9048655564897294,1.035083464046342,2.356599580871432,2.3297999983331907,-1.0161329645585022,1
2.0762673049329363,-1.1099901739376037,-1.179024470547907,0.07915829908469944,1.2854498274770565,-1.177851894974348,1.3328646151483206,-0.8828162337175963,-1.0427871768490378,0.8057411717579506,2.098594095225707,1.8734332543833108,-1.0161329645585022,0
2.0762673049329363,-1.1099901739376037,0.8491410419312149,3.1691737137091134,1.4544314045358888,-1.177851894974348,0.8577891279455886,1.4316811360790147,0.27645391515958084,-1.0289971665491795,1.582583123934258,-0.2893482712922078,0.9841231756854657,0
3.601309101979284,0.9009088760241706,0.8491410419312149,0.20391807612981672,3.4822103292418767,-1.177851894974348,0.8577891279455886,0.853056793629862,1.286865031430813,0.23238544103697253,1.3245776382885335,0.7027533459901402,-1.0161329645585022,0
2.5846145706150523,0.9009088760241706,-0.502969299721533,6.331597176150219,2.637302443947715,-1.177851894974348,2.91644957249076,-0.3041918912684436,-0.3680608168140954,-0.9143260204049839,1.3245776382885335,1.3773824457421369,0.9841231756854657,0
2.0762673049329363,-1.1099901739376037,-0.502969299721533,1.1249926630132876,1.9613761357123858,-1.177851894974348,0.0976683484212176,-0.3041918912684436,-1.1804179269059165,-0.7996548742607882,2.098594095225707,1.754381060309429,-1.0161329645585022,0
2.2457163934936415,-1.1099901739376037,1.5251962127575889,-0.44784910848145354,1.9613761357123858,0.9048055324001227,-0.7257958293968509,0.2744324511807092,-1.1804179269059165,-0.45564143582820127,1.582583123934258,0.26622863438590705,0.9841231756854657,0
1.398470950690115,0.9009088760241706,0.17308587110484092,-0.27492258207081627,1.9613761357123858,-1.177851894974348,-0.7614264909370558,-0.8828162337175963,0.04483143335654109,-0.6849837281165926,1.3245776382885335,1.317856348705196,0.9841231756854657,0
1.7373691278115257,-1.1099901739376037,-1.179024470547907,-0.6777229457812923,1.6234129815947211,0.9048055324001227,-0.2507203421941191,-1.461440576166749,0.001192415045823164,0.9204123179021463,1.582583123934258,0.6432272489531993,0.9841231756854657,0
3.262410924857874,-1.1099901739376037,1.5251962127575889,-0.26334676984625033,3.144247175124212,-1.177851894974348,0.38271364074285674,-1.461440576166749,-1.2475548781531747,0.5763988794695595,1.8405886095799828,-2.3727616675851384,0.9841231756854657,0
2.5846145706150523,0.9009088760241706,1.5251962127575889,-0.19689244809867396,2.637302443947715,-1.177851894974348,0.06599664927436881,-1.461440576166749,-1.6705176710108995,0.1177142948927768,1.3245776382885335,0.5043330225336705,0.9841231756854657,0
2.415165482054347,-1.1099901739376037,1.5251962127575889,0.2355028298121249,2.637302443947715,-1.177851894974348,1.6495816066168083,1.4316811360790147,-0.005521280078902488,0.8057411717579506,1.582583123934258,1.754381060309429,-1.0161329645585022,0
2.415165482054347,0.9009088760241706,-0.502969299721533,0.6508739254881596,2.4683208668888827,-1.177851894974348,-0.7257958293968509,-0.8828162337175963,1.092167872813765,-1.143668312693375,1.582583123934258,0.028124246238143545,0.9841231756854657,0
1.5679200392508204,0.9009088760241706,-0.502969299721533,0.13441582565189758,2.130357712771218,0.9048055324001227,0.30353439287573475,-0.3041918912684436,0.4040141225293712,-0.11162799739561437,1.8405886095799828,1.4765926074703717,-1.0161329645585022,0
1.5679200392508204,-1.1099901739376037,0.8491410419312149,-0.04954957217070635,1.1164682504182242,0.9048055324001227,0.8419532783721642,-0.8828162337175963,-0.46205254856025635,0.5763988794695595,2.872610552162881,-0.051243883144444294,0.9841231756854657,0
2.2457163934936415,0.9009088760241706,0.8491410419312149,-0.22135483982562165,1.6234129815947211,-1.177851894974348,-0.7257958293968509,-0.3041918912684436,0.7464125738903866,-0.6849837281165926,1.582583123934258,-0.6663468858595001,-1.0161329645585022,1
1.7373691278115257,0.9009088760241706,-1.179024470547907,0.007081891181672197,1.6234129815947211,-1.177851894974348,-0.7257958293968509,-1.461440576166749,0.6423502994571366,-0.9143260204049839,2.6146050665171567,0.20670253734896618,-1.0161329645585022,1
2.5846145706150523,0.9009088760241706,-0.502969299721533,-0.20853142983060452,2.8062840210065474,0.9048055324001227,0.3431240168092957,-1.461440576166749,-0.005521280078902488,0.4617277333253637,2.6146050665171567,1.1789621222856672,0.9841231756854657,0
2.415165482054347,-1.1099901739376037,-1.179024470547907,-0.33216994811999984,2.2993392898300504,0.21058638994196582,-0.963333572998217,-0.8828162337175963,1.1223795008750308,-0.9143260204049839,2.872610552162881,-1.3608180179571436,0.9841231756854657,0
2.0762673049329363,0.9009088760241706,1.5251962127575889,0.552834850058275,1.9613761357123858,0.9048055324001227,1.1745061194140765,-0.3041918912684436,-0.33784918875282943,0.1177142948927768,1.582583123934258,1.4170665104334308,-1.0161329645585022,0
2.754063659175758,-1.1099901739376037,-1.179024470547907,-0.06319418576146348,2.4683208668888827,0.9048055324001227,0.06599664927436881,0.853056793629862,1.9515208487786668,-0.11162799739561437,2.356599580871432,1.278172284013902,-1.0161329645585022,1
2.0762673049329363,-1.1099901739376037,-1.179024470547907,-0.3668500076631742,1.4544314045358888,0.9048055324001227,1.6495816066168083,-1.461440576166749,1.2096575374964662,2.411137217776689,1.8405886095799828,-1.8370267942526706,-1.0161329645585022,1
1.7373691278115257,0.9009088760241706,0.8491410419312149,-0.087024882414765,2.130357712771218,0.9048055324001227,-1.359229812333827,-0.8828162337175963,-0.522475804682789,-1.487681751125962,1.582583123934258,0.9606997664835506,-1.0161329645585022,0
3.262410924857874,-1.1099901739376037,-1.179024470547907,-0.2563823316593014,3.4822103292418767,0.9048055324001227,-0.5674373336626071,0.2744324511807092,-0.005521280078902488,-0.570312581972397,2.098594095225707,0.5043330225336705,0.9841231756854657,0
2.2457163934936415,0.9009088760241706,-1.179024470547907,0.6477470348736111,2.2993392898300504,0.9048055324001227,0.38271364074285674,1.4316811360790147,-0.08944246913797492,-0.45564143582820127,1.582583123934258,-0.9044512740072636,0.9841231756854657,0
2.923512747736463,0.9009088760241706,-1.179024470547907,1.0098820282181153,2.9752655980653797,-1.177851894974348,-0.7257958293968509,1.4316811360790147,0.16232109803924238,-1.2583394588375707,1.8405886095799828,1.694854963272488,0.9841231756854657,0
2.5846145706150523,-1.1099901739376037,0.17308587110484092,-0.37763620104568246,2.9752655980653797,0.9048055324001227,0.5410721364771007,0.2744324511807092,1.575553921794022,1.035083464046342,2.356599580871432,-0.30919030363785477,-1.0161329645585022,1
2.2457163934936415,-1.1099901739376037,0.8491410419312149,-0.5203045334286684,2.4683208668888827,0.9048055324001227,-0.11215665842665565,0.2744324511807092,2.6933841600608672,0.5763988794695595,1.3245776382885335,1.298014316359549,0.9841231756854657,0
2.415165482054347,-1.1099901739376037,-1.179024470547907,-0.6532605540543447,2.8062840210065474,-1.177851894974348,-0.3774071387815143,-1.461440576166749,0.3301634761573873,0.5763988794695595,2.6146050665171567,2.0123274808028393,-1.0161329645585022,0
3.431860013418579,0.9009088760241706,-1.179024470547907,-0.1095132270365684,3.144247175124212,-1.177851894974348,-1.121692068732461,1.4316811360790147,-1.2475548781531747,-1.2583394588375707,1.8405886095799828,1.35754041339649,-1.0161329645585022,0
2.2457163934936415,0.9009088760241706,-1.179024470547907,0.7057682273880113,2.4683208668888827,-1.177851894974348,1.6495816066168083,-1.461440576166749,1.2096575374964662,0.23238544103697253,2.6146050665171567,0.38528082845978884,-1.0161329645585022,1
2.0762673049329363,-1.1099901739376037,0.8491410419312149,1.3275456883779297,1.7923945586535535,-1.177851894974348,1.8079401023510524,-0.8828162337175963,-0.34120603631519225,-0.11162799739561437,1.8405886095799828,-0.190138109563973,0.9841231756854657,0
1.398470950690115,0.9009088760241706,0.8491410419312149,-0.45151293990860125,1.6234129815947211,0.21058638994196582,-1.2008713165995828,1.4316811360790147,1.5486991412951188,-1.143668312693375,2.098594095225707,-0.38855843302044263,0.9841231756854657,0
2.0762673049329363,-1.1099901739376037,-1.179024470547907,0.043404357916326596,1.6234129815947211,0.9048055324001227,-0.4090788379283631,1.4316811360790147,-1.173704231781191,-0.6849837281165926,2.6146050665171567,0.782121475372728,0.9841231756854657,0
1.7373691278115257,0.9009088760241706,0.8491410419312149,-0.8874457102318186,1.6234129815947211,0.9048055324001227,-0.5674373336626071,-1.461440576166749,1.6729025011025462,1.2644257563347332,1.582583123934258,0.4249648931510827,-1.0161329645585022,1
1.398470950690115,0.9009088760241706,0.8491410419312149,-0.6906253176605153,1.7923945586535535,0.21058638994196582,-1.3196401884002658,-0.3041918912684436,0.27645391515958084,-1.2583394588375707,1.3245776382885335,0.20670253734896618,0.9841231756854657,0
1.5679200392508204,0.9009088760241706,0.8491410419312149,-1.0092838975613223,1.7923945586535535,0.9048055324001227,-0.8841543251310949,1.4316811360790147,-0.34120603631519225,1.2644257563347332,1.8405886095799828,1.8139071573463699,-1.0161329645585022,1
1.398470950690115,0.9009088760241706,-1.179024470547907,0.132615494692006,1.7923945586535535,0.9048055324001227,2.2830155895537843,-0.3041918912684436,1.0351014642535956,1.4937680486231246,2.6146050665171567,1.317856348705196,-1.0161329645585022,1
2.754063659175758,-1.1099901739376037,0.8491410419312149,1.026542985785533,2.4683208668888827,-1.177851894974348,-0.8841543251310949,1.4316811360790147,0.001192415045823164,-1.2583394588375707,2.098594095225707,1.317856348705196,0.9841231756854657,0
1.398470950690115,-1.1099901739376037,1.5251962127575889,1.5936946152818996,0.9474866733593919,-1.177851894974348,0.06599664927436881,0.2744324511807092,0.001192415045823164,-0.9143260204049839,2.098594095225707,1.238488219322608,0.9841231756854657,0
1.5679200392508204,0.9009088760241706,-0.502969299721533,-0.29570534999377507,1.6234129815947211,0.9048055324001227,-0.7257958293968509,1.4316811360790147,0.2965950005337584,-0.6849837281165926,1.582583123934258,-0.36871640067479566,-1.0161329645585022,0
1.5679200392508204,-1.1099901739376037,0.8491410419312149,-0.21750149987638004,1.6234129815947211,-1.177851894974348,-0.2507203421941191,0.853056793629862,0.001192415045823164,-0.2262991435398101,2.356599580871432,-0.7258729828964409,0.9841231756854657,0
2.415165482054347,0.9009088760241706,0.8491410419312149,-0.6777229457812923,2.9752655980653797,0.9048055324001227,-0.2507203421941191,1.4316811360790147,1.327147202179168,0.9204123179021463,1.582583123934258,1.8734332543833108,0.9841231756854657,0
2.0762673049329363,0.9009088760241706,0.8491410419312149,0.5564986814854228,2.130357712771218,0.21058638994196582,-0.7257958293968509,0.2744324511807092,-0.11965409719924096,-1.143668312693375,1.3245776382885335,-1.5790803737592602,0.9841231756854657,0
1.906818216372231,0.9009088760241706,-1.179024470547907,-0.33649705937447605,2.637302443947715,-1.177851894974348,-1.042512820865339,0.2744324511807092,-1.8752853723150364,-1.0289971665491795,2.6146050665171567,0.6035431842619053,0.9841231756854657,0
1.906818216372231,0.9009088760241706,-0.502969299721533,-0.7893908424250929,2.130357712771218,0.9048055324001227,-1.042512820865339,1.4316811360790147,1.045172006940684,-0.45564143582820127,1.582583123934258,0.286070666731554,-1.0161329645585022,1
1.5679200392508204,0.9009088760241706,0.8491410419312149,2.2775992867649184,1.6234129815947211,0.21058638994196582,-1.042512820865339,1.4316811360790147,-1.5496711587658354,-1.487681751125962,1.8405886095799828,1.238488219322608,0.9841231756854657,0
1.5679200392508204,-1.1099901739376037,-0.502969299721533,-0.39548158687618656,2.2993392898300504,0.9048055324001227,-0.3774071387815143,0.2744324511807092,-0.46205254856025635,-0.11162799739561437,1.3245776382885335,0.3455967637684949,0.9841231756854657,0
1.398470950690115,0.9009088760241706,-0.502969299721533,0.27278863153408967,1.2854498274770565,-1.177851894974348,-0.5674373336626071,1.4316811360790147,0.001192415045823164,-0.9143260204049839,2.098594095225707,0.9606997664835506,0.9841231756854657,0
1.906818216372231,-1.1099901739376037,-0.502969299721533,-0.584832185201624,2.2993392898300504,0.9048055324001227,-0.2507203421941191,0.2744324511807092,0.7430557263280237,0.5763988794695595,2.6146050665171567,-2.094973214746081,0.9841231756854657,0
1.5679200392508204,-1.1099901739376037,-0.502969299721533,-0.016164487528506615,1.1164682504182242,0.9048055324001227,-0.09236184645987515,-0.8828162337175963,-1.3751150855229646,-0.34097028968400567,2.098594095225707,1.0599099282117854,0.9841231756854657,0
1.5679200392508204,-1.1099901739376037,0.8491410419312149,-0.48647726223491644,1.2854498274770565,0.9048055324001227,0.38271364074285674,1.4316811360790147,-0.3680608168140954,1.1497546101905376,2.356599580871432,0.8614896047553159,-1.0161329645585022,0
2.2457163934936415,-1.1099901739376037,0.8491410419312149,-0.6820974341662921,1.9613761357123858,0.9048055324001227,-0.11215665842665565,0.853056793629862,-1.8752853723150364,1.1497546101905376,2.6146050665171567,-0.46792656240303043,0.9841231756854657,0
2.2457163934936415,0.9009088760241706,0.8491410419312149,5.9818749910028615,2.130357712771218,-1.177851894974348,4.024959042630468,0.853056793629862,0.8336906105118219,-0.6849837281165926,2.6146050665171567,0.8614896047553159,0.9841231756854657,0
2.923512747736463,0.9009088760241706,-1.179024470547907,-0.440726746526093,3.3132287521830444,-1.177851894974348,-0.33385855245459717,-0.3041918912684436,0.8336906105118219,0.003043148748581378,1.8405886095799828,1.1392780575943733,-1.0161329645585022,0
1.5679200392508204,0.9009088760241706,1.5251962127575889,-0.7767253561984874,1.4544314045358888,0.9048055324001227,-1.0781434824055438,-0.3041918912684436,1.5587696839822078,-0.570312581972397,1.582583123934258,2.0520115454941332,-1.0161329645585022,1
1.5679200392508204,-1.1099901739376037,-1.179024470547907,1.216351563039364,1.4544314045358888,0.9048055324001227,0.5410721364771007,1.4316811360790147,-0.37813135950118393,-0.6849837281165926,2.098594095225707,-0.26950623894656084,0.9841231756854657,0
1.5679200392508204,0.9009088760241706,0.8491410419312149,0.458743868838679,1.1164682504182242,0.9048055324001227,0.38271364074285674,-0.3041918912684436,-1.173704231781191,-0.34097028968400567,1.3245776382885335,0.40512286080543575,0.9841231756854657,0
1.398470950690115,0.9009088760241706,-1.179024470547907,-0.6031197575836805,1.2854498274770565,-1.177851894974348,-0.7257958293968509,0.853056793629862,-0.11965409719924096,-0.2262991435398101,2.356599580871432,1.6353288662355472,-1.0161329645585022,0
3.77075819053999,0.9009088760241706,-1.179024470547907,1.034344419945063,3.9891550604183736,-1.177851894974348,-0.6347396943496607,1.4316811360790147,1.407711543675877,-1.143668312693375,2.872610552162881,0.3654387961141419,-1.0161329645585022,0
2.754063659175758,0.9009088760241706,0.17308587110484092,-0.2613095532337415,2.2993392898300504,0.9048055324001227,0.06599664927436881,0.2744324511807092,1.0418151593783211,0.23238544103697253,1.582583123934258,-0.5671367241312653,-1.0161329645585022,1
1.5679200392508204,-1.1099901739376037,0.8491410419312149,-0.14376689240503163,1.4544314045358888,0.9048055324001227,1.3645363142951692,1.4316811360790147,-0.005521280078902488,1.379096902478929,2.872610552162881,-2.075131182400434,-1.0161329645585022,1
2.415165482054347,0.9009088760241706,-1.179024470547907,-0.24938630871867015,2.637302443947715,-1.177851894974348,1.8079401023510524,0.853056793629862,-0.21028898138303903,2.1817949254882985,2.356599580871432,1.0797519605574324,0.9841231756854657,0
1.5679200392508204,0.9009088760241706,-1.179024470547907,-0.7878273971178187,1.7923945586535535,0.9048055324001227,-0.7257958293968509,-1.461440576166749,1.223084927745918,0.3470565871811683,2.356599580871432,-0.07108591549009124,0.9841231756854657,0
3.0929618362971683,0.9009088760241706,1.5251962127575889,5.122595974698827,2.637302443947715,0.21058638994196582,-0.09236184645987515,-0.8828162337175963,0.16232109803924238,-1.3730106049817663,2.098594095225707,0.801963507718375,0.9841231756854657,0
2.754063659175758,0.9009088760241706,-1.179024470547907,0.3248560979793747,2.9752655980653797,-0.4836327525161911,0.38271364074285674,0.853056793629862,1.676259348664909,-0.2262991435398101,1.582583123934258,0.18686050500331922,-1.0161329645585022,1
1.398470950690115,0.9009088760241706,0.8491410419312149,-0.5601802849525825,1.2854498274770565,0.9048055324001227,-1.121692068732461,-1.461440576166749,-0.41841353024953903,-0.9143260204049839,1.582583123934258,0.7424374106814341,0.9841231756854657,0
2.2457163934936415,0.9009088760241706,0.8491410419312149,0.688428197616424,1.9613761357123858,-1.177851894974348,-0.12403354560672394,-0.8828162337175963,0.19253272610050842,-0.7996548742607882,1.3245776382885335,-0.190138109563973,0.9841231756854657,0
2.0762673049329363,0.9009088760241706,0.8491410419312149,-0.8347939258434109,2.637302443947715,-1.177851894974348,-1.2800505644667048,0.2744324511807092,0.03811773823181484,-0.9143260204049839,2.872610552162881,-0.22982217425526694,0.9841231756854657,0
1.7373691278115257,-1.1099901739376037,0.8491410419312149,0.23382883786696254,1.7923945586535535,-1.177851894974348,-0.527847709729046,1.4316811360790147,-1.4254677989584081,-0.7996548742607882,2.6146050665171567,-1.4401861473397315,0.9841231756854657,0
1.906818216372231,0.9009088760241706,0.8491410419312149,-0.29643179932846814,1.7923945586535535,-1.177851894974348,-0.2507203421941191,0.853056793629862,-1.1166378232210217,-0.11162799739561437,1.3245776382885335,0.6829113136444932,0.9841231756854657,0
2.754063659175758,-1.1099901739376037,-1.179024470547907,0.26906163059957733,2.4683208668888827,-1.177851894974348,2.4413740852880284,-0.3041918912684436,1.451350561986595,1.379096902478929,1.3245776382885335,1.754381060309429,0.9841231756854657,0
1.398470950690115,0.9009088760241706,0.8491410419312149,0.360452115379336,1.2854498274770565,-1.177851894974348,-0.963333572998217,0.853056793629862,0.5651428055227898,-1.2583394588375707,1.8405886095799828,-1.8568688265983175,0.9841231756854657,0
2.2457163934936415,-1.1099901739376037,-0.502969299721533,-0.7897224823387572,2.4683208668888827,0.9048055324001227,-0.8841543251310949,0.2744324511807092,1.6997572816014495,-0.11162799739561437,2.6146050665171567,0.40512286080543575,-1.0161329645585022,1
1.7373691278115257,-1.1099901739376037,-1.179024470547907,1.1395690268376728,2.2993392898300504,-1.177851894974348,-1.1375279183058853,1.4316811360790147,0.001192415045823164,-1.3730106049817663,2.098594095225707,-0.38855843302044263,0.9841231756854657,0
1.398470950690115,0.9009088760241706,1.5251962127575889,-0.664362594973676,2.130357712771218,0.9048055324001227,-0.2507203421941191,0.853056793629862,1.0418151593783211,0.8057411717579506,2.098594095225707,1.9329593514202517,-1.0161329645585022,1
1.5679200392508204,0.9009088760241706,0.8491410419312149,-0.3054018693742437,1.4544314045358888,0.9048055324001227,0.8577891279455886,-1.461440576166749,0.7430557263280237,1.2644257563347332,2.356599580871432,0.008282213892496587,0.9841231756854657,0
1.7373691278115257,0.9009088760241706,0.8491410419312149,-0.6777229457812923,1.2854498274770565,-1.177851894974348,0.06599664927436881,-0.3041918912684436,0.0716862138554443,1.4937680486231246,2.098594095225707,0.16701847265767225,0.9841231756854657,0
2.415165482054347,-1.1099901739376037,0.8491410419312149,-0.6345781722512595,2.130357712771218,0.9048055324001227,0.06599664927436881,-1.461440576166749,0.23617174441122635,1.2644257563347332,2.098594095225707,-0.44808453005738347,-1.0161329645585022,1
1.398470950690115,-1.1099901739376037,-1.179024470547907,-0.9604222836147916,1.4544314045358888,0.21058638994196582,-0.7257958293968509,-0.3041918912684436,0.9780350556934264,1.379096902478929,1.3245776382885335,0.26622863438590705,-1.0161329645585022,1
1.5679200392508204,0.9009088760241706,-0.502969299721533,-0.8656680225678671,1.7923945586535535,0.9048055324001227,-0.7257958293968509,1.4316811360790147,0.001192415045823164,0.6910700256137552,2.098594095225707,-0.051243883144444294,0.9841231756854657,0
1.398470950690115,0.9009088760241706,1.5251962127575889,1.5021619991105706,1.2854498274770565,-1.177851894974348,-0.7257958293968509,-1.461440576166749,-0.4654093961226198,-1.2583394588375707,1.582583123934258,1.0995939929030794,-1.0161329645585022,0
1.398470950690115,0.9009088760241706,0.8491410419312149,0.1199973855959239,1.2854498274770565,-1.177851894974348,-0.2507203421941191,1.4316811360790147,-1.371758237960602,-0.570312581972397,2.6146050665171567,1.0599099282117854,-1.0161329645585022,0
1.398470950690115,0.9009088760241706,0.8491410419312149,-0.9271319532336388,1.1164682504182242,0.9048055324001227,-1.327558113186978,1.4316811360790147,0.6893461653302174,-0.9143260204049839,2.098594095225707,-0.9639773710442044,0.9841231756854657,0
1.398470950690115,-1.1099901739376037,0.8491410419312149,0.06317641372145151,1.2854498274770565,0.9048055324001227,0.952804225386135,0.2744324511807092,-0.005521280078902488,0.5763988794695595,1.582583123934258,0.8416475724096689,0.9841231756854657,0
3.262410924857874,0.9009088760241706,-1.179024470547907,-0.22675583270529634,3.4822103292418767,-1.177851894974348,0.8577891279455886,-0.3041918912684436,0.23617174441122635,1.035083464046342,2.6146050665171567,-0.38855843302044263,0.9841231756854657,0
1.398470950690115,0.9009088760241706,-1.179024470547907,-0.10938688802183918,0.6095235192417271,0.9048055324001227,0.8577891279455886,-0.3041918912684436,0.001192415045823164,0.8057411717579506,1.582583123934258,-3.047390767337135,0.9841231756854657,0
1.5679200392508204,0.9009088760241706,-1.179024470547907,0.3696116939472054,0.9474866733593919,0.9048055324001227,4.024959042630468,-1.461440576166749,-0.707102420612748,2.2964660716324943,2.872610552162881,0.18686050500331922,-1.0161329645585022,1
1.398470950690115,0.9009088760241706,-0.502969299721533,-0.6354941301080463,1.7923945586535535,0.9048055324001227,-0.7257958293968509,0.2744324511807092,-0.12972463988633004,-0.11162799739561437,1.8405886095799828,1.5758027691986063,-1.0161329645585022,0
2.2457163934936415,0.9009088760241706,0.8491410419312149,-0.18444805514784454,2.4683208668888827,0.9048055324001227,0.5094004373302519,1.4316811360790147,0.15896425047687956,0.5763988794695595,1.582583123934258,1.0003838311748445,0.9841231756854657,0
2.0762673049329363,-1.1099901739376037,-1.179024470547907,0.1326944565762118,1.2854498274770565,0.9048055324001227,0.06203768688101271,0.853056793629862,1.7736079279734327,-0.34097028968400567,2.872610552162881,1.0202258635204915,-1.0161329645585022,1
1.5679200392508204,0.9009088760241706,-0.502969299721533,-0.741334639697461,1.7923945586535535,0.9048055324001227,-1.2008713165995828,0.2744324511807092,0.7229146409538463,-0.9143260204049839,1.582583123934258,1.2186461869769611,0.9841231756854657,0
3.262410924857874,-1.1099901739376037,0.8491410419312149,-0.2971424562863201,3.9891550604183736,-1.177851894974348,-0.8841543251310949,1.4316811360790147,0.001192415045823164,-0.7996548742607882,2.872610552162881,1.0400678958661385,0.9841231756854657,0
3.0929618362971683,-1.1099901739376037,0.8491410419312149,-0.10798136648297646,2.8062840210065474,-1.177851894974348,-0.7257958293968509,-0.3041918912684436,0.23952859197358917,-0.7996548742607882,1.8405886095799828,0.9805417988291976,-1.0161329645585022,0
2.754063659175758,-1.1099901739376037,0.8491410419312149,-0.09026231966720158,2.637302443947715,0.9048055324001227,0.22435514500861276,-1.461440576166749,1.6829730437896346,0.1177142948927768,1.582583123934258,-0.26950623894656084,-1.0161329645585022,1
1.5679200392508204,0.9009088760241706,-1.179024470547907,-0.45661387762829403,1.2854498274770565,0.9048055324001227,-0.18737694390042153,0.2744324511807092,0.8336906105118219,0.23238544103697253,2.098594095225707,1.3773824457421369,0.9841231756854657,0
3.0929618362971683,0.9009088760241706,-1.179024470547907,0.12007634748012967,2.9752655980653797,0.9048055324001227,1.1745061194140765,-0.3041918912684436,-0.7138161157374736,0.5763988794695595,2.098594095225707,0.9011736694466097,-1.0161329645585022,0
1.398470950690115,-1.1099901739376037,0.8491410419312149,-0.7930546738522407,1.2854498274770565,-1.177851894974348,-1.2800505644667048,0.2744324511807092,-0.46205254856025635,-1.0289971665491795,2.098594095225707,-0.22982217425526694,0.9841231756854657,0
1.906818216372231,-1.1099901739376037,-0.502969299721533,0.17591819199045053,2.130357712771218,0.9048055324001227,0.7627740305050422,0.853056793629862,0.5114332445249834,0.23238544103697253,2.356599580871432,1.298014316359549,-1.0161329645585022,0
2.2457163934936415,0.9009088760241706,-1.179024470547907,-0.26424693532619614,2.130357712771218,0.9048055324001227,-0.7257958293968509,-0.8828162337175963,0.6154955189582334,-0.6849837281165926,1.8405886095799828,0.0479662785837905,-1.0161329645585022,1
1.7373691278115257,-1.1099901739376037,-1.179024470547907,-0.9043119686981712,1.7923945586535535,0.9048055324001227,-1.042512820865339,0.853056793629862,0.7464125738903866,-0.11162799739561437,2.872610552162881,0.46464895784237664,-1.0161329645585022,1
3.601309101979284,-1.1099901739376037,-1.179024470547907,1.030949058924215,3.3132287521830444,-1.177851894974348,0.38271364074285674,0.2744324511807092,-0.005521280078902488,-0.6849837281165926,1.582583123934258,0.9408577341379036,-1.0161329645585022,0
1.398470950690115,0.9009088760241706,-1.179024470547907,-0.7878431894946598,1.6234129815947211,0.9048055324001227,0.05411976209430051,0.2744324511807092,0.6893461653302174,2.1817949254882985,1.582583123934258,1.278172284013902,-1.0161329645585022,1
2.0762673049329363,-1.1099901739376037,-1.179024470547907,-0.2018038772962729,1.9613761357123858,0.9048055324001227,1.3328646151483206,-0.8828162337175963,-1.0495008719737637,1.4937680486231246,2.098594095225707,1.0202258635204915,-1.0161329645585022,1
2.0762673049329363,-1.1099901739376037,-1.179024470547907,1.567889871523454,2.4683208668888827,-1.177851894974348,-0.7257958293968509,1.4316811360790147,-1.6705176710108995,-1.2583394588375707,1.3245776382885335,1.4964346398160184,0.9841231756854657,0
1.906818216372231,-1.1099901739376037,-0.502969299721533,0.5937371060768641,1.7923945586535535,0.9048055324001227,-1.042512820865339,-1.461440576166749,-0.5896127559300467,-1.2583394588375707,1.8405886095799828,-0.6465048535138531,0.9841231756854657,0
2.0762673049329363,-1.1099901739376037,0.8491410419312149,-0.11704619078979892,1.6234129815947211,-1.177851894974348,-0.646616581529729,-1.461440576166749,-1.2979075915886182,-0.6849837281165926,2.098594095225707,0.10749237562073138,-1.0161329645585022,0
3.0929618362971683,0.9009088760241706,-1.179024470547907,-0.31768833855666156,3.144247175124212,0.9048055324001227,-1.0741845200121878,0.2744324511807092,-0.1397951825734185,-1.0289971665491795,2.098594095225707,1.0202258635204915,-1.0161329645585022,0
1.398470950690115,0.9009088760241706,0.8491410419312149,-0.14787291038373168,1.6234129815947211,0.9048055324001227,-0.7257958293968509,-1.461440576166749,-1.4724636648314886,-0.7996548742607882,2.872610552162881,-0.7655570475877348,0.9841231756854657,0
3.431860013418579,-1.1099901739376037,-0.502969299721533,1.4070287210194583,3.651191906300709,-1.177851894974348,1.3328646151483206,-0.8828162337175963,-0.34120603631519225,-0.34097028968400567,1.582583123934258,0.38528082845978884,-1.0161329645585022,0
1.5679200392508204,-1.1099901739376037,0.8491410419312149,-0.6804866117284943,1.6234129815947211,0.9048055324001227,0.06599664927436881,0.853056793629862,-0.5896127559300467,1.4937680486231246,1.8405886095799828,0.008282213892496587,-1.0161329645585022,1
1.398470950690115,0.9009088760241706,-0.502969299721533,0.6183416291953822,1.2854498274770565,-1.177851894974348,1.6495816066168083,1.4316811360790147,1.7937490133476108,0.3470565871811683,1.582583123934258,0.6432272489531993,-1.0161329645585022,0
3.0929618362971683,-1.1099901739376037,-1.179024470547907,0.4268906447500712,3.3132287521830444,-1.177851894974348,3.2331665639592484,0.2744324511807092,2.478545916069642,1.6084391947673204,2.6146050665171567,2.210747804259309,-1.0161329645585022,1
2.0762673049329363,-1.1099901739376037,-1.179024470547907,-0.02840357958040103,1.6234129815947211,0.9048055324001227,-1.042512820865339,-1.461440576166749,-1.0964967378468442,-1.143668312693375,2.872610552162881,0.9805417988291976,0.9841231756854657,0
1.398470950690115,0.9009088760241706,-1.179024470547907,-0.792265055010183,1.6234129815947211,0.21058638994196582,-0.8841543251310949,1.4316811360790147,1.2465828606824585,-0.11162799739561437,1.582583123934258,0.4249648931510827,-1.0161329645585022,0
1.7373691278115257,-1.1099901739376037,0.17308587110484092,-0.01193213053507732,1.7923945586535535,0.9048055324001227,-0.4090788379283631,0.2744324511807092,-1.0495008719737637,-0.570312581972397,2.872610552162881,1.1789621222856672,-1.0161329645585022,0
3.601309101979284,-1.1099901739376037,0.8491410419312149,-0.9631543648083113,3.4822103292418767,0.9048055324001227,-1.1375279183058853,0.2744324511807092,-0.3680608168140954,-0.11162799739561437,1.8405886095799828,-0.13061201252703214,-1.0161329645585022,1
3.601309101979284,-1.1099901739376037,-0.502969299721533,-0.019559848549354743,4.327118214536038,-1.177851894974348,0.06599664927436881,0.2744324511807092,1.8407448792206904,-0.11162799739561437,1.582583123934258,-1.4005020826484376,-1.0161329645585022,1
1.398470950690115,-1.1099901739376037,0.8491410419312149,-0.6576034576856621,0.9474866733593919,0.9048055324001227,-1.121692068732461,1.4316811360790147,-0.707102420612748,-0.7996548742607882,2.356599580871432,-0.5274526594399713,0.9841231756854657,0
1.398470950690115,0.9009088760241706,0.8491410419312149,-0.10971852793550342,1.6234129815947211,-1.177851894974348,-0.2507203421941191,1.4316811360790147,0.9780350556934264,-0.34097028968400567,2.098594095225707,0.8416475724096689,0.9841231756854657,0
2.2457163934936415,-1.1099901739376037,-1.179024470547907,-0.3802419432244729,2.2993392898300504,0.9048055324001227,-0.7891392276905486,-1.461440576166749,-0.005521280078902488,-0.6849837281165926,2.098594095225707,0.3654387961141419,0.9841231756854657,0
1.7373691278115257,-1.1099901739376037,-1.179024470547907,-0.20268825039937752,1.7923945586535535,0.9048055324001227,0.6994306322113446,0.853056793629862,0.15896425047687956,0.8057411717579506,2.098594095225707,-0.09092794783573821,0.9841231756854657,0
1.7373691278115257,-1.1099901739376037,0.8491410419312149,-0.8543922655032832,2.4683208668888827,0.9048055324001227,-0.963333572998217,-1.461440576166749,0.5382880250238866,0.003043148748581378,1.582583123934258,-0.11076998018138517,-1.0161329645585022,0
1.906818216372231,0.9009088760241706,-1.179024470547907,-0.033283424024317644,1.9613761357123858,0.9048055324001227,-0.7574675285436998,-0.3041918912684436,0.5785701957722418,-0.9143260204049839,1.3245776382885335,1.3773824457421369,-1.0161329645585022,0
1.906818216372231,0.9009088760241706,-1.179024470547907,0.13490538933397336,1.6234129815947211,-1.177851894974348,0.06599664927436881,-1.461440576166749,-1.173704231781191,-0.34097028968400567,1.8405886095799828,0.16701847265767225,0.9841231756854657,0
1.7373691278115257,0.9009088760241706,-1.179024470547907,-0.9227416724717981,1.7923945586535535,0.21058638994196582,-1.359229812333827,1.4316811360790147,1.7736079279734327,-1.0289971665491795,1.8405886095799828,-0.9044512740072636,-1.0161329645585022,0
1.398470950690115,0.9009088760241706,0.8491410419312149,2.1619990882876707,1.6234129815947211,-0.4836327525161911,1.6495816066168083,0.853056793629862,0.15896425047687956,-0.570312581972397,2.356599580871432,-1.4203441149940845,-1.0161329645585022,1
2.415165482054347,0.9009088760241706,-1.179024470547907,0.08127447758141408,2.637302443947715,0.9048055324001227,0.38271364074285674,0.853056793629862,0.001192415045823164,0.003043148748581378,2.872610552162881,1.3972244780877838,-1.0161329645585022,0
1.398470950690115,-1.1099901739376037,0.8491410419312149,-0.11889389888021394,1.4544314045358888,-1.177851894974348,1.8079401023510524,0.853056793629862,1.5486991412951188,1.7231103409115156,2.098594095225707,0.38528082845978884,0.9841231756854657,0
3.262410924857874,0.9009088760241706,0.8491410419312149,0.6509686797492066,3.144247175124212,-1.177851894974348,-1.121692068732461,1.4316811360790147,-0.34120603631519225,-1.3730106049817663,2.6146050665171567,-0.9441353386985575,0.9841231756854657,0
2.0762673049329363,-1.1099901739376037,0.8491410419312149,1.5974689933469355,1.9613761357123858,-1.177851894974348,0.38271364074285674,0.853056793629862,-0.21364582894540246,-0.7996548742607882,2.356599580871432,0.5638591195706114,0.9841231756854657,0
2.0762673049329363,0.9009088760241706,-1.179024470547907,-0.22209708153715588,2.637302443947715,0.9048055324001227,0.38271364074285674,0.853056793629862,-0.12972463988633004,0.4617277333253637,2.872610552162881,1.278172284013902,0.9841231756854657,0
2.0762673049329363,-1.1099901739376037,-1.179024470547907,-0.7835950401243894,2.2993392898300504,0.9048055324001227,-1.090020369585612,0.853056793629862,1.0955247203761276,-0.570312581972397,1.3245776382885335,0.32575473142284794,0.9841231756854657,0
1.5679200392508204,-1.1099901739376037,-1.179024470547907,-0.39281267519003155,2.130357712771218,0.9048055324001227,-0.2507203421941191,-1.461440576166749,-0.46205254856025635,0.1177142948927768,2.098594095225707,0.7424374106814341,0.9841231756854657,0
2.2457163934936415,0.9009088760241706,0.8491410419312149,0.8988458266479611,2.130357712771218,0.9048055324001227,0.38271364074285674,0.853056793629862,1.676259348664909,-0.570312581972397,2.356599580871432,0.2463866020402601,-1.0161329645585022,1
2.0762673049329363,0.9009088760241706,-0.502969299721533,0.004997297438639858,1.7923945586535535,0.21058638994196582,-0.5476425216958265,0.853056793629862,1.223084927745918,-0.6849837281165926,1.8405886095799828,0.7424374106814341,0.9841231756854657,0
2.0762673049329363,-1.1099901739376037,-0.502969299721533,-0.2980426217662659,2.2993392898300504,-1.177851894974348,0.38271364074285674,0.853056793629862,0.001192415045823164,0.6910700256137552,2.872610552162881,0.7424374106814341,0.9841231756854657,0
1.7373691278115257,-1.1099901739376037,0.17308587110484092,0.48017412421212513,1.7923945586535535,-1.177851894974348,-0.09236184645987515,-0.8828162337175963,0.561785957960427,-0.6849837281165926,1.3245776382885335,1.0599099282117854,0.9841231756854657,0
1.5679200392508204,-1.1099901739376037,0.17308587110484092,-0.1079024045987707,2.130357712771218,-1.177851894974348,0.38271364074285674,-0.8828162337175963,0.5785701957722418,0.23238544103697253,2.872610552162881,0.2463866020402601,0.9841231756854657,0
2.0762673049329363,0.9009088760241706,0.8491410419312149,0.6472100940610118,2.130357712771218,-1.177851894974348,-0.2507203421941191,0.853056793629862,-0.34120603631519225,-0.7996548742607882,2.872610552162881,-0.011559818453150373,-1.0161329645585022,0
1.7373691278115257,0.9009088760241706,-0.502969299721533,0.55345075275508,2.2993392898300504,0.21058638994196582,0.6994306322113446,1.4316811360790147,2.2603508245160526,-0.2262991435398101,2.872610552162881,1.0599099282117854,-1.0161329645585022,0
2.754063659175758,0.9009088760241706,0.8491410419312149,-0.3372393010860103,2.9752655980653797,-1.177851894974348,1.2536853672811985,-0.3041918912684436,0.3939435798422821,1.8377814870557112,1.3245776382885335,0.10749237562073138,0.9841231756854657,0
2.0762673049329363,-1.1099901739376037,-1.179024470547907,1.255800920388567,1.9613761357123858,0.9048055324001227,0.25602684415546156,-0.8828162337175963,0.561785957960427,-0.7996548742607882,1.3245776382885335,-1.9362369559809054,0.9841231756854657,0
2.0762673049329363,-1.1099901739376037,0.8491410419312149,0.38134542994018283,2.637302443947715,0.9048055324001227,1.6495816066168083,-0.8828162337175963,1.1861596045599256,0.5763988794695595,1.8405886095799828,-0.9242933063529105,-1.0161329645585022,1
1.906818216372231,-1.1099901739376037,0.8491410419312149,-0.7985504209929623,1.6234129815947211,0.9048055324001227,-0.17154109432699713,-1.461440576166749,-1.1804179269059165,1.7231103409115156,1.582583123934258,-1.6981325678331418,-1.0161329645585022,1
2.5846145706150523,0.9009088760241706,-1.179024470547907,-0.22795605334522404,2.8062840210065474,0.9048055324001227,-0.09236184645987515,0.853056793629862,1.5587696839822078,0.003043148748581378,2.098594095225707,1.754381060309429,-1.0161329645585022,1
1.5679200392508204,-1.1099901739376037,0.8491410419312149,1.0237319427078075,1.1164682504182242,-1.177851894974348,1.6495816066168083,0.853056793629862,1.286865031430813,0.003043148748581378,1.3245776382885335,0.46464895784237664,0.9841231756854657,0
2.5846145706150523,-1.1099901739376037,-1.179024470547907,1.36887433857123,2.4683208668888827,-1.177851894974348,0.05016079970094441,-0.8828162337175963,-1.3482603050240614,-0.9143260204049839,2.098594095225707,-0.17029607721832604,0.9841231756854657,0
2.415165482054347,-1.1099901739376037,0.8491410419312149,0.17321769555061317,2.130357712771218,0.9048055324001227,1.1745061194140765,0.2744324511807092,-1.0427871768490378,0.5763988794695595,1.8405886095799828,1.0599099282117854,0.9841231756854657,0
1.5679200392508204,0.9009088760241706,0.8491410419312149,0.27158841089416197,2.130357712771218,-1.177851894974348,0.5410721364771007,-1.461440576166749,-1.4724636648314886,-0.11162799739561437,2.6146050665171567,0.801963507718375,-1.0161329645585022,0
2.2457163934936415,0.9009088760241706,0.8491410419312149,0.49621917908273766,2.637302443947715,-1.177851894974348,0.38271364074285674,-0.8828162337175963,-1.1233515183457474,-0.34097028968400567,1.8405886095799828,1.4369085427790778,-1.0161329645585022,0
1.398470950690115,0.9009088760241706,0.8491410419312149,1.335141821638525,1.7923945586535535,-1.177851894974348,-0.7574675285436998,-0.8828162337175963,1.2465828606824585,-1.2583394588375707,1.582583123934258,-0.7457150152420878,0.9841231756854657,0
2.2457163934936415,-1.1099901739376037,0.8491410419312149,0.07838447261948289,2.130357712771218,0.9048055324001227,0.06599664927436881,-0.8828162337175963,-1.0495008719737637,-0.2262991435398101,2.872610552162881,0.16701847265767225,0.9841231756854657,0
1.398470950690115,-1.1099901739376037,-0.502969299721533,6.897864432543481,1.6234129815947211,0.9048055324001227,2.4413740852880284,-0.8828162337175963,0.9377528849450718,-1.0289971665491795,1.3245776382885335,-2.3727616675851384,0.9841231756854657,0
2.754063659175758,0.9009088760241706,0.8491410419312149,-0.33269109655575796,2.4683208668888827,0.9048055324001227,-0.7257958293968509,0.2744324511807092,0.8135495251376443,-0.6849837281165926,2.872610552162881,-0.5076106270943244,0.9841231756854657,0
2.754063659175758,0.9009088760241706,0.8491410419312149,0.5511766504899539,2.9752655980653797,-1.177851894974348,0.06599664927436881,-0.8828162337175963,-0.018948670328354386,-0.570312581972397,1.3245776382885335,0.7027533459901402,-1.0161329645585022,0
2.0762673049329363,0.9009088760241706,-0.502969299721533,-0.01351136821919273,1.7923945586535535,0.9048055324001227,-0.7257958293968509,-0.3041918912684436,-0.46205254856025635,-0.9143260204049839,2.872610552162881,0.801963507718375,-1.0161329645585022,0
2.2457163934936415,0.9009088760241706,0.8491410419312149,-0.5445142471261577,1.9613761357123858,-1.177851894974348,-0.5674373336626071,1.4316811360790147,0.665848232393677,-0.11162799739561437,1.3245776382885335,0.6035431842619053,-1.0161329645585022,0
1.906818216372231,0.9009088760241706,-1.179024470547907,-0.25459779307625097,1.9613761357123858,0.9048055324001227,-0.7257958293968509,-0.8828162337175963,0.001192415045823164,-0.6849837281165926,1.582583123934258,1.0599099282117854,-1.0161329645585022,0
1.5679200392508204,0.9009088760241706,1.5251962127575889,-0.010447647112008837,1.7923945586535535,0.9048055324001227,0.38271364074285674,-0.3041918912684436,0.9981761410676039,0.1177142948927768,1.582583123934258,0.6829113136444932,-1.0161329645585022,0
1.7373691278115257,0.9009088760241706,0.8491410419312149,1.4065549497142238,1.9613761357123858,-1.177851894974348,2.4413740852880284,1.4316811360790147,-0.34120603631519225,0.1177142948927768,1.8405886095799828,-1.0830295651180861,-1.0161329645585022,0
2.5846145706150523,0.9009088760241706,-1.179024470547907,-0.437236631244198,1.9613761357123858,-1.177851894974348,0.8577891279455886,0.853056793629862,-0.7138161157374736,1.7231103409115156,2.356599580871432,0.9011736694466097,0.9841231756854657,0
2.5846145706150523,-1.1099901739376037,-1.179024470547907,5.387165663918681,1.9613761357123858,-1.177851894974348,1.3328646151483206,0.853056793629862,0.16232109803924238,-1.143668312693375,2.098594095225707,1.278172284013902,0.9841231756854657,0
2.0762673049329363,0.9009088760241706,-0.502969299721533,-0.3737354839659174,2.2993392898300504,-1.177851894974348,0.06599664927436881,0.2744324511807092,-1.0427871768490378,0.4617277333253637,2.6146050665171567,1.4369085427790778,-1.0161329645585022,0
1.906818216372231,-1.1099901739376037,-0.502969299721533,-0.3951025698319989,2.4683208668888827,-1.177851894974348,0.38271364074285674,0.853056793629862,1.2465828606824585,0.9204123179021463,1.8405886095799828,1.8337491896920168,-1.0161329645585022,0
1.398470950690115,0.9009088760241706,-1.179024470547907,-0.017791102343145487,1.4544314045358888,-1.177851894974348,-0.4090788379283631,-1.461440576166749,0.16232109803924238,-0.570312581972397,2.356599580871432,0.6233852166075523,-1.0161329645585022,0
1.398470950690115,0.9009088760241706,-0.502969299721533,1.3678004569460316,1.2854498274770565,-1.177851894974348,0.06599664927436881,1.4316811360790147,0.9981761410676039,-0.9143260204049839,2.356599580871432,-0.7060309505507939,0.9841231756854657,0
2.0762673049329363,-1.1099901739376037,0.8491410419312149,0.39745365431816004,2.2993392898300504,-1.177851894974348,0.06599664927436881,-1.461440576166749,-0.25392799969375696,-0.45564143582820127,2.098594095225707,-0.07108591549009124,0.9841231756854657,0
3.262410924857874,-1.1099901739376037,-1.179024470547907,-0.35524261068492596,3.3132287521830444,-1.177851894974348,-0.3298995900612411,0.2744324511807092,-1.4724636648314886,-0.11162799739561437,1.8405886095799828,0.4448069254967297,-1.0161329645585022,0
2.754063659175758,-1.1099901739376037,0.8491410419312149,-0.5177303760035603,2.4683208668888827,-1.177851894974348,-0.43679157468185575,-0.3041918912684436,-0.707102420612748,0.003043148748581378,1.3245776382885335,-0.13061201252703214,0.9841231756854657,0
1.5679200392508204,0.9009088760241706,0.8491410419312149,-0.49075699635886916,1.6234129815947211,0.21058638994196582,0.8577891279455886,-0.3041918912684436,0.15896425047687956,1.952452633199907,2.872610552162881,-0.36871640067479566,0.9841231756854657,0
2.2457163934936415,0.9009088760241706,-1.179024470547907,-0.42446059837970435,1.9613761357123858,0.9048055324001227,0.8577891279455886,1.4316811360790147,0.5785701957722418,1.6084391947673204,2.356599580871432,1.1392780575943733,-1.0161329645585022,1
1.5679200392508204,-1.1099901739376037,-1.179024470547907,0.04812627859183166,1.6234129815947211,0.9048055324001227,-0.9474977234247925,0.2744324511807092,1.417782086362966,-1.143668312693375,1.3245776382885335,0.10749237562073138,-1.0161329645585022,0
1.906818216372231,0.9009088760241706,-1.179024470547907,-0.8994479166310957,2.2993392898300504,0.9048055324001227,-1.327558113186978,-0.8828162337175963,1.253296555807184,-1.0289971665491795,2.872610552162881,1.754381060309429,-1.0161329645585022,1
1.398470950690115,0.9009088760241706,1.5251962127575889,0.5154227093215811,0.7785050963005594,0.9048055324001227,0.38271364074285674,0.2744324511807092,0.830333762949459,-0.34097028968400567,1.8405886095799828,0.305912699077201,0.9841231756854657,0
2.0762673049329363,0.9009088760241706,-1.179024470547907,-0.24629100285780395,2.2993392898300504,0.9048055324001227,-0.47242223622206064,-0.3041918912684436,1.1861596045599256,-0.45564143582820127,2.872610552162881,1.298014316359549,-1.0161329645585022,1
1.398470950690115,0.9009088760241706,-1.179024470547907,1.3132693797135266,1.4544314045358888,-1.177851894974348,-1.121692068732461,1.4316811360790147,1.3103629643673533,-1.3730106049817663,2.872610552162881,1.35754041339649,0.9841231756854657,0
1.7373691278115257,-1.1099901739376037,-1.179024470547907,-0.5630387051608314,1.6234129815947211,-1.177851894974348,-0.5674373336626071,-0.3041918912684436,1.0015329886299666,0.003043148748581378,1.582583123934258,1.317856348705196,-1.0161329645585022,0
1.398470950690115,0.9009088760241706,0.8491410419312149,1.7886199226322645,1.6234129815947211,0.21058638994196582,2.2830155895537843,1.4316811360790147,1.327147202179168,-0.2262991435398101,2.356599580871432,0.0479662785837905,0.9841231756854657,0
1.906818216372231,0.9009088760241706,0.8491410419312149,0.1340683933613922,1.4544314045358888,-1.177851894974348,-0.7257958293968509,-0.8828162337175963,0.2865244578466693,-0.9143260204049839,2.6146050665171567,1.238488219322608,-1.0161329645585022,1
1.398470950690115,0.9009088760241706,-1.179024470547907,-0.0908782223640066,0.6095235192417271,-1.177851894974348,0.06599664927436881,1.4316811360790147,-0.25392799969375696,-0.11162799739561437,2.098594095225707,1.0797519605574324,0.9841231756854657,0
2.415165482054347,0.9009088760241706,-1.179024470547907,-0.38989108547441803,2.2993392898300504,0.9048055324001227,1.3645363142951692,0.2744324511807092,-0.059230841076708896,2.1817949254882985,2.6146050665171567,-0.7060309505507939,-1.0161329645585022,1
1.906818216372231,-1.1099901739376037,-0.502969299721533,4.913157473031442,1.6234129815947211,-1.177851894974348,1.3328646151483206,0.853056793629862,1.327147202179168,-1.0289971665491795,2.872610552162881,1.1789621222856672,-1.0161329645585022,0
2.415165482054347,0.9009088760241706,-0.502969299721533,-0.9951497202884895,1.9613761357123858,0.9048055324001227,-1.121692068732461,1.4316811360790147,0.001192415045823164,0.1177142948927768,2.356599580871432,1.258330251668255,-1.0161329645585022,1
1.7373691278115257,0.9009088760241706,-0.502969299721533,-0.5814210318039348,0.9474866733593919,0.9048055324001227,-0.6307807319563046,-1.461440576166749,0.03476089066945202,-0.11162799739561437,2.872610552162881,0.4448069254967297,0.9841231756854657,0
1.7373691278115257,0.9009088760241706,0.8491410419312149,-0.11812007241499739,1.7923945586535535,-1.177851894974348,1.352659427115101,0.2744324511807092,1.286865031430813,1.2644257563347332,1.8405886095799828,-0.9441353386985575,-1.0161329645585022,1
1.5679200392508204,-1.1099901739376037,0.17308587110484092,-0.8395474312725983,1.6234129815947211,0.9048055324001227,-1.042512820865339,0.2744324511807092,0.3939435798422821,-0.34097028968400567,2.098594095225707,2.27027390129625,-1.0161329645585022,0
1.7373691278115257,-1.1099901739376037,0.8491410419312149,0.039077246661850376,1.1164682504182242,-1.177851894974348,-0.7257958293968509,0.2744324511807092,0.001192415045823164,-0.9143260204049839,1.8405886095799828,-2.075131182400434,0.9841231756854657,0
1.906818216372231,0.9009088760241706,-1.179024470547907,-0.48371359628771443,1.4544314045358888,0.21058638994196582,-1.359229812333827,1.4316811360790147,-0.21364582894540246,-1.3730106049817663,2.6146050665171567,-2.2140254088199627,0.9841231756854657,0
1.906818216372231,-1.1099901739376037,-0.502969299721533,0.27048294451528115,1.9613761357123858,-1.177851894974348,-0.6307807319563046,0.2744324511807092,0.8135495251376443,-0.9143260204049839,2.872610552162881,-0.46792656240303043,-1.0161329645585022,0
1.5679200392508204,0.9009088760241706,-1.179024470547907,-0.3618438242045284,1.4544314045358888,-1.177851894974348,-0.2507203421941191,1.4316811360790147,1.4110683912382405,0.003043148748581378,2.356599580871432,0.6630692812988462,-1.0161329645585022,0
3.431860013418579,0.9009088760241706,0.8491410419312149,1.028169600600172,3.4822103292418767,-1.177851894974348,-0.9474977234247925,-0.3041918912684436,0.001192415045823164,-1.3730106049817663,2.6146050665171567,0.6829113136444932,0.9841231756854657,0
3.0929618362971683,0.9009088760241706,1.5251962127575889,2.1680475686178324,3.144247175124212,-1.177851894974348,1.3328646151483206,0.2744324511807092,-0.3680608168140954,-0.6849837281165926,1.582583123934258,-0.9441353386985575,0.9841231756854657,0
2.5846145706150523,0.9009088760241706,-1.179024470547907,-0.2752226372307982,2.9752655980653797,0.9048055324001227,-1.2800505644667048,1.4316811360790147,0.2865244578466693,-1.3730106049817663,1.582583123934258,1.1789621222856672,0.9841231756854657,0
2.415165482054347,-1.1099901739376037,-0.502969299721533,-0.02418701496381289,2.2993392898300504,-1.177851894974348,3.2331665639592484,0.2744324511807092,2.6933841600608672,2.7551506562092767,2.098594095225707,1.0797519605574324,-1.0161329645585022,1
2.2457163934936415,0.9009088760241706,-1.179024470547907,-0.7927072415617352,2.2993392898300504,-1.177851894974348,-1.2800505644667048,-1.461440576166749,0.001192415045823164,-1.0289971665491795,2.098594095225707,1.0599099282117854,-1.0161329645585022,0
1.5679200392508204,-1.1099901739376037,-0.502969299721533,-0.6361416175585337,0.9474866733593919,0.9048055324001227,0.06599664927436881,0.2744324511807092,0.9343960373827085,1.2644257563347332,2.098594095225707,1.3773824457421369,-1.0161329645585022,1
1.906818216372231,0.9009088760241706,0.8491410419312149,1.5930629202082536,2.2993392898300504,-1.177851894974348,3.2331665639592484,0.2744324511807092,-0.707102420612748,0.3470565871811683,1.3245776382885335,0.9011736694466097,-1.0161329645585022,0
1.5679200392508204,0.9009088760241706,0.17308587110484092,-0.8340516841318767,1.7923945586535535,0.9048055324001227,-0.9158260242779438,0.2744324511807092,0.001192415045823164,0.003043148748581378,1.3245776382885335,-1.6386064707962011,-1.0161329645585022,1
2.2457163934936415,0.9009088760241706,1.5251962127575889,0.457717364344004,1.9613761357123858,-1.177851894974348,-1.042512820865339,0.853056793629862,-1.2979075915886182,-1.2583394588375707,2.872610552162881,-0.8647672093159696,0.9841231756854657,0
2.923512747736463,0.9009088760241706,1.5251962127575889,-0.10438070456319333,3.651191906300709,0.9048055324001227,2.4413740852880284,-0.8828162337175963,-0.34120603631519225,2.2964660716324943,2.098594095225707,1.5559607368529593,-1.0161329645585022,1
2.0762673049329363,0.9009088760241706,-1.179024470547907,-0.4321672782781875,1.9613761357123858,-1.177851894974348,-1.121692068732461,0.853056793629862,0.6154955189582334,-1.0289971665491795,2.098594095225707,1.774223092655076,0.9841231756854657,0
2.415165482054347,-1.1099901739376037,0.8491410419312149,-0.2885040261542088,2.2993392898300504,0.9048055324001227,-0.8524826259842462,0.2744324511807092,-1.1804179269059165,-0.7996548742607882,2.098594095225707,-0.011559818453150373,-1.0161329645585022,0
1.7373691278115257,0.9009088760241706,-1.179024470547907,-0.6785125646233501,1.9613761357123858,0.9048055324001227,-1.042512820865339,0.2744324511807092,0.954537122756886,-0.6849837281165926,2.098594095225707,1.238488219322608,-1.0161329645585022,1
3.431860013418579,0.9009088760241706,1.5251962127575889,0.003923415813441381,3.144247175124212,0.9048055324001227,-0.5674373336626071,-0.3041918912684436,0.2965950005337584,-0.7996548742607882,2.6146050665171567,-0.4877685947486774,0.9841231756854657,0
1.7373691278115257,-1.1099901739376037,0.8491410419312149,-0.49198880175247917,2.130357712771218,-1.177851894974348,0.06599664927436881,0.853056793629862,-1.6839450612603513,0.8057411717579506,2.872610552162881,-0.32903233598350173,0.9841231756854657,0
3.0929618362971683,0.9009088760241706,0.8491410419312149,-0.10878677770187532,2.4683208668888827,0.9048055324001227,0.8577891279455886,-0.3041918912684436,1.7836784706605218,0.8057411717579506,2.6146050665171567,-0.07108591549009124,0.9841231756854657,0
3.0929618362971683,-1.1099901739376037,0.17308587110484092,-0.18572723767197802,2.9752655980653797,-1.177851894974348,-0.5674373336626071,0.2744324511807092,0.001192415045823164,-0.570312581972397,1.8405886095799828,2.5083782894440136,0.9841231756854657,0
2.5846145706150523,-1.1099901739376037,0.8491410419312149,-1.0260869865203104,2.637302443947715,0.9048055324001227,-1.208789241386295,-0.8828162337175963,0.001192415045823164,-0.11162799739561437,1.3245776382885335,0.06780831092943747,-1.0161329645585022,1
1.398470950690115,0.9009088760241706,0.8491410419312149,-0.22710326499580172,1.9613761357123858,-1.177851894974348,1.3645363142951692,-1.461440576166749,2.431550050196561,1.6084391947673204,1.582583123934258,-0.6068207888225592,-1.0161329645585022,1
2.2457163934936415,0.9009088760241706,0.8491410419312149,-0.7951866447257965,2.130357712771218,0.21058638994196582,-0.804975077263973,-0.8828162337175963,0.665848232393677,0.1177142948927768,1.582583123934258,-0.5076106270943244,-1.0161329645585022,0
2.415165482054347,-1.1099901739376037,-1.179024470547907,-0.5155668203763223,1.9613761357123858,0.9048055324001227,0.5410721364771007,0.2744324511807092,0.001192415045823164,1.6084391947673204,2.872610552162881,0.821805540064022,-1.0161329645585022,1
2.923512747736463,0.9009088760241706,-1.179024470547907,-0.027108604679426395,3.4822103292418767,-1.177851894974348,-0.5674373336626071,0.853056793629862,-1.2475548781531747,-0.6849837281165926,1.582583123934258,-1.5393963090679663,0.9841231756854657,0
2.5846145706150523,0.9009088760241706,-1.179024470547907,0.8780788511018435,3.144247175124212,-1.177851894974348,2.4413740852880284,0.853056793629862,1.327147202179168,0.4617277333253637,2.6146050665171567,-1.4005020826484376,0.9841231756854657,0
1.7373691278115257,-1.1099901739376037,0.8491410419312149,-1.0221230999331807,1.6234129815947211,0.21058638994196582,-0.7574675285436998,-0.8828162337175963,-1.2475548781531747,2.0671237793441026,1.582583123934258,-1.8370267942526706,-1.0161329645585022,1
1.398470950690115,0.9009088760241706,-1.179024470547907,-0.3210836995775097,1.9613761357123858,0.9048055324001227,0.38271364074285674,0.2744324511807092,1.0015329886299666,0.6910700256137552,1.8405886095799828,-0.4877685947486774,0.9841231756854657,0
1.398470950690115,-1.1099901739376037,1.5251962127575889,-0.4134848964751022,1.1164682504182242,0.9048055324001227,-0.2507203421941191,-1.461440576166749,2.17642963545698,0.1177142948927768,2.356599580871432,0.8813316371009629,-1.0161329645585022,1
1.7373691278115257,-1.1099901739376037,0.17308587110484092,0.6473996025831057,1.7923945586535535,0.21058638994196582,2.4413740852880284,0.2744324511807092,1.327147202179168,0.8057411717579506,1.3245776382885335,-0.44808453005738347,-1.0161329645585022,0
2.0762673049329363,0.9009088760241706,-1.179024470547907,-0.6168275406818022,2.130357712771218,-1.177851894974348,-1.359229812333827,-0.3041918912684436,0.001192415045823164,-1.3730106049817663,2.356599580871432,-0.051243883144444294,-1.0161329645585022,0
1.5679200392508204,0.9009088760241706,-1.179024470547907,0.4599440894786067,1.7923945586535535,-1.177851894974348,-0.8841543251310949,-1.461440576166749,-1.4724636648314886,-1.143668312693375,2.356599580871432,1.1392780575943733,0.9841231756854657,0
2.415165482054347,-1.1099901739376037,-1.179024470547907,10.130785065203499,2.130357712771218,-0.4836327525161911,2.4413740852880284,-0.3041918912684436,1.253296555807184,-1.2583394588375707,2.6146050665171567,0.46464895784237664,-1.0161329645585022,0
1.7373691278115257,-1.1099901739376037,-0.502969299721533,2.5460065235571734,1.9613761357123858,-1.177851894974348,-1.042512820865339,-1.461440576166749,-1.1166378232210217,-1.487681751125962,1.582583123934258,1.0202258635204915,0.9841231756854657,0
1.7373691278115257,0.9009088760241706,-1.179024470547907,0.8373029340979836,1.9613761357123858,-1.177851894974348,1.0161476236798326,0.2744324511807092,0.3301634761573873,-0.2262991435398101,1.8405886095799828,-1.9362369559809054,0.9841231756854657,0
1.398470950690115,-1.1099901739376037,-1.179024470547907,0.49356605977342377,1.6234129815947211,-1.177851894974348,-0.8841543251310949,-1.461440576166749,-1.2475548781531747,-1.143668312693375,1.8405886095799828,0.9606997664835506,-1.0161329645585022,0
2.415165482054347,-1.1099901739376037,-1.179024470547907,0.6591333385760832,1.7923945586535535,-1.177851894974348,2.4413740852880284,-1.461440576166749,1.726612062100352,0.8057411717579506,2.098594095225707,1.1988041546313142,-1.0161329645585022,1
2.0762673049329363,-1.1099901739376037,-1.179024470547907,-0.2614832693789942,1.9613761357123858,0.9048055324001227,0.8577891279455886,-0.8828162337175963,2.5557534100039887,1.1497546101905376,2.6146050665171567,-0.30919030363785477,-1.0161329645585022,1
5.126350899025632,0.9009088760241706,1.5251962127575889,15.808302463366804,5.847952408065529,0.9048055324001227,1.5862382083231108,-1.461440576166749,0.9981761410676039,-1.3730106049817663,5.710670894265851,1.0995939929030794,0.9841231756854657,0
6.31249451895057,-1.1099901739376037,-1.179024470547907,0.1988645155406474,6.354897139242027,0.9048055324001227,4.024959042630468,-0.8828162337175963,-0.005521280078902488,2.7551506562092767,5.452665408620127,2.0321695131484865,-1.0161329645585022,1
3.940207279100695,-1.1099901739376037,0.17308587110484092,11.404313918427846,3.4822103292418767,-1.177851894974348,0.06599664927436881,0.853056793629862,0.9981761410676039,-1.487681751125962,4.162637980391504,2.5282203217896604,-1.0161329645585022,0
4.279105456222106,0.9009088760241706,0.8491410419312149,0.3699907109913931,4.158136637477206,0.9048055324001227,4.024959042630468,0.853056793629862,1.5587696839822078,2.2964660716324943,3.38862152345433,0.32575473142284794,-1.0161329645585022,1
5.126350899025632,0.9009088760241706,-0.502969299721533,0.8067604772871916,4.665081368653703,0.9048055324001227,4.024959042630468,0.853056793629862,1.3103629643673533,1.4937680486231246,3.38862152345433,2.131379674876721,-1.0161329645585022,1
3.940207279100695,0.9009088760241706,-0.502969299721533,8.22505578227407,4.665081368653703,-1.177851894974348,1.6495816066168083,0.853056793629862,-0.21364582894540246,-1.2583394588375707,3.38862152345433,1.0003838311748445,-1.0161329645585022,0
4.279105456222106,0.9009088760241706,-1.179024470547907,4.5326243606669925,4.327118214536038,0.9048055324001227,-0.7257958293968509,1.4316811360790147,-0.7138161157374736,-1.487681751125962,5.968676379911576,1.317856348705196,0.9841231756854657,0
6.481943607511275,0.9009088760241706,0.8491410419312149,4.43899135837579,6.523878716300859,-1.177851894974348,2.91644957249076,0.853056793629862,-1.4724636648314886,-0.6849837281165926,4.4206434660372285,1.9528013837658986,-1.0161329645585022,0
5.634698164707748,0.9009088760241706,0.8491410419312149,1.7896464271269394,6.354897139242027,0.9048055324001227,3.2331665639592484,0.853056793629862,0.001192415045823164,0.23238544103697253,5.452665408620127,2.0123274808028393,-1.0161329645585022,0
4.448554544782811,0.9009088760241706,0.8491410419312149,-0.23332546147121644,4.834062945712535,0.9048055324001227,3.209412789599112,-0.3041918912684436,0.001192415045823164,3.672519825362842,5.710670894265851,0.08765034327508442,-1.0161329645585022,1
3.940207279100695,0.9009088760241706,-1.179024470547907,3.6796938798531014,3.9891550604183736,-1.177851894974348,0.6994306322113446,0.853056793629862,-1.1233515183457474,-1.143668312693375,5.194659922974402,-0.6266628211682062,0.9841231756854657,0
6.481943607511275,-1.1099901739376037,0.8491410419312149,-0.10712857813355414,6.185915562183195,0.9048055324001227,2.7660090015432286,0.2744324511807092,0.001192415045823164,2.640479510065081,5.710670894265851,1.714696995618135,-1.0161329645585022,1
4.956901810464927,0.9009088760241706,-1.179024470547907,-0.9659022383786722,4.834062945712535,-1.177851894974348,-1.042512820865339,-1.461440576166749,0.561785957960427,0.23238544103697253,4.4206434660372285,0.8614896047553159,-1.0161329645585022,1
5.295799987586338,0.9009088760241706,0.8491410419312149,2.0697084380279662,5.341007676889032,0.9048055324001227,0.38271364074285674,0.853056793629862,-0.1397951825734185,-0.9143260204049839,5.452665408620127,0.46464895784237664,0.9841231756854657,0
3.940207279100695,0.9009088760241706,-1.179024470547907,1.6517473925499822,3.651191906300709,0.9048055324001227,2.4413740852880284,0.853056793629862,1.5352717510456675,0.003043148748581378,4.4206434660372285,1.4765926074703717,-1.0161329645585022,1
5.804147253268454,0.9009088760241706,0.8491410419312149,0.05136371584426825,6.523878716300859,0.9048055324001227,2.3226052134873454,0.2744324511807092,0.5785701957722418,1.7231103409115156,5.710670894265851,1.1789621222856672,-1.0161329645585022,1
3.940207279100695,0.9009088760241706,-1.179024470547907,-0.9304167676165989,4.158136637477206,0.21058638994196582,-1.359229812333827,0.853056793629862,0.03476089066945202,-1.0289971665491795,4.162637980391504,0.10749237562073138,0.9841231756854657,0
4.279105456222106,-1.1099901739376037,0.8491410419312149,0.07835288786580058,4.496099791594871,0.9048055324001227,2.2830155895537843,0.853056793629862,1.934736610966852,1.6084391947673204,3.646627009100055,-1.2814498885745558,-1.0161329645585022,1
4.448554544782811,-1.1099901739376037,1.5251962127575889,0.21233541298615183,4.158136637477206,0.9048055324001227,2.2830155895537843,1.4316811360790147,0.8336906105118219,1.379096902478929,3.90463249474578,1.3773824457421369,-1.0161329645585022,1
6.481943607511275,-1.1099901739376037,0.8491410419312149,-0.43428345677490215,6.692860293359692,0.9048055324001227,2.005888222018857,-1.461440576166749,1.2029438423717405,3.213835240786059,4.4206434660372285,0.782121475372728,-1.0161329645585022,1
5.465249076147043,0.9009088760241706,-1.179024470547907,-0.3778730866982998,5.1720260998302,0.9048055324001227,1.6495816066168083,0.853056793629862,-0.33784918875282943,2.525808363920885,3.646627009100055,0.286070666731554,-1.0161329645585022,1
4.448554544782811,0.9009088760241706,0.17308587110484092,-0.2963212526905801,4.327118214536038,0.9048055324001227,1.6495816066168083,-1.461440576166749,-1.0427871768490378,2.1817949254882985,3.646627009100055,1.6154868338899002,-1.0161329645585022,1
4.618003633343516,0.9009088760241706,-1.179024470547907,-0.294978900659082,4.665081368653703,0.9048055324001227,1.6495816066168083,-0.3041918912684436,-1.173704231781191,2.1817949254882985,6.226681865557301,0.5440170872249644,-1.0161329645585022,1
4.1096563676614,0.9009088760241706,-1.179024470547907,-0.20652579797177795,4.327118214536038,0.9048055324001227,1.6495816066168083,-0.3041918912684436,-1.1804179269059165,1.8377814870557112,4.936654437328678,1.4170665104334308,-1.0161329645585022,1
5.634698164707748,-1.1099901739376037,1.5251962127575889,-0.2813658718220072,5.847952408065529,0.9048055324001227,1.6495816066168083,0.2744324511807092,1.0351014642535956,2.0671237793441026,3.90463249474578,1.8734332543833108,-1.0161329645585022,1
4.1096563676614,-1.1099901739376037,0.8491410419312149,-0.13443359769190955,4.496099791594871,0.9048055324001227,1.6495816066168083,-1.461440576166749,1.5352717510456675,1.6084391947673204,4.162637980391504,1.4964346398160184,-1.0161329645585022,1
4.618003633343516,-1.1099901739376037,-0.502969299721533,0.17395993726214742,4.327118214536038,0.9048055324001227,1.6495816066168083,0.2744324511807092,0.27645391515958084,0.9204123179021463,4.4206434660372285,0.5241750548793175,0.9841231756854657,0
5.804147253268454,-1.1099901739376037,0.8491410419312149,0.19771167203124315,5.1720260998302,0.9048055324001227,1.6495816066168083,-0.8828162337175963,1.934736610966852,0.9204123179021463,5.968676379911576,1.1392780575943733,-1.0161329645585022,1
6.143045430389865,-1.1099901739376037,0.8491410419312149,0.7434962156615283,6.016933985124362,0.9048055324001227,1.6495816066168083,-0.3041918912684436,2.562467105128714,0.23238544103697253,6.226681865557301,-0.03140185079879733,0.9841231756854657,0
4.1096563676614,-1.1099901739376037,1.5251962127575889,-0.8206913333242604,3.9891550604183736,-1.177851894974348,-0.5674373336626071,0.853056793629862,0.8336906105118219,0.8057411717579506,3.90463249474578,1.6353288662355472,0.9841231756854657,0
3.940207279100695,0.9009088760241706,-1.179024470547907,-0.9009008153004819,4.158136637477206,0.9048055324001227,-1.359229812333827,0.853056793629862,1.223084927745918,-1.143668312693375,3.646627009100055,1.4765926074703717,-1.0161329645585022,1
4.1096563676614,-1.1099901739376037,0.8491410419312149,-0.29919546527567015,3.9891550604183736,0.9048055324001227,1.3328646151483206,0.2744324511807092,1.2029438423717405,1.8377814870557112,4.936654437328678,-0.190138109563973,-1.0161329645585022,1
3.940207279100695,-1.1099901739376037,-1.179024470547907,0.27338874185405354,4.496099791594871,0.9048055324001227,1.3328646151483206,1.4316811360790147,2.609462971001795,0.5763988794695595,3.38862152345433,0.305912699077201,-1.0161329645585022,0
4.1096563676614,-1.1099901739376037,0.8491410419312149,0.34901843454634046,4.158136637477206,0.9048055324001227,1.3328646151483206,1.4316811360790147,-0.8447331706696268,0.4617277333253637,4.678648951682953,1.3773824457421369,-1.0161329645585022,0
3.940207279100695,-1.1099901739376037,0.8491410419312149,-0.3943445357436235,3.3132287521830444,0.9048055324001227,1.0161476236798326,-1.461440576166749,-1.0427871768490378,1.7231103409115156,3.38862152345433,-1.4401861473397315,-1.0161329645585022,1
4.448554544782811,-1.1099901739376037,0.8491410419312149,-0.6082049029265321,4.496099791594871,0.9048055324001227,-1.359229812333827,-1.461440576166749,-0.11965409719924096,-1.3730106049817663,5.968676379911576,1.3773824457421369,-1.0161329645585022,1
7.159739961754097,0.9009088760241706,-0.502969299721533,-0.6802023489453536,7.030823447477356,0.9048055324001227,-1.359229812333827,-1.461440576166749,2.17642963545698,-1.2583394588375707,3.90463249474578,0.20670253734896618,-1.0161329645585022,1
4.618003633343516,-1.1099901739376037,-1.179024470547907,-0.22629785377690287,3.651191906300709,0.9048055324001227,-1.359229812333827,-1.461440576166749,1.0015329886299666,-1.3730106049817663,5.452665408620127,0.782121475372728,-1.0161329645585022,1
4.1096563676614,0.9009088760241706,0.8491410419312149,0.3674955154504907,3.9891550604183736,0.9048055324001227,-1.359229812333827,0.2744324511807092,-0.707102420612748,-1.487681751125962,5.710670894265851,0.18686050500331922,0.9841231756854657,0
4.1096563676614,0.9009088760241706,-0.502969299721533,-0.9535052225583661,4.158136637477206,0.9048055324001227,-1.327558113186978,0.853056793629862,0.001192415045823164,-0.9143260204049839,3.646627009100055,1.5559607368529593,-1.0161329645585022,1
5.126350899025632,0.9009088760241706,-0.502969299721533,-0.6092314074212071,5.341007676889032,0.9048055324001227,-1.2800505644667048,-0.8828162337175963,1.2700807936189982,-1.143668312693375,5.710670894265851,0.9210157017922567,0.9841231756854657,0
4.1096563676614,0.9009088760241706,-0.502969299721533,-0.21936500034363624,4.834062945712535,0.9048055324001227,-1.2800505644667048,0.853056793629862,-0.8447331706696268,-1.3730106049817663,4.678648951682953,2.0321695131484865,-1.0161329645585022,1
3.940207279100695,0.9009088760241706,0.8491410419312149,-0.14672006687432743,3.8201734833595413,0.9048055324001227,-1.2800505644667048,0.2744324511807092,2.6933841600608672,-1.3730106049817663,4.162637980391504,0.2463866020402601,-1.0161329645585022,1
5.126350899025632,0.9009088760241706,0.8491410419312149,-0.4202756185167985,5.5099892539478645,0.9048055324001227,-1.2325430157464317,-0.8828162337175963,1.327147202179168,-1.2583394588375707,3.90463249474578,1.6353288662355472,-1.0161329645585022,0
4.448554544782811,0.9009088760241706,-1.179024470547907,-0.6920150468225368,4.834062945712535,-1.177851894974348,-1.121692068732461,0.853056793629862,0.23617174441122635,-0.7996548742607882,4.678648951682953,2.190905771913662,-1.0161329645585022,0
5.465249076147043,0.9009088760241706,1.5251962127575889,0.611250851993704,5.678970831006697,0.9048055324001227,0.8577891279455886,-1.461440576166749,1.7736079279734327,-0.11162799739561437,4.936654437328678,-0.03140185079879733,-1.0161329645585022,1
4.279105456222106,0.9009088760241706,-0.502969299721533,1.3680689273523312,4.834062945712535,0.9048055324001227,0.8577891279455886,0.853056793629862,0.5651428055227898,-0.570312581972397,3.90463249474578,1.6353288662355472,-1.0161329645585022,1
5.126350899025632,0.9009088760241706,-0.502969299721533,-0.2741329632287586,4.665081368653703,0.9048055324001227,0.6202513843442227,0.853056793629862,0.19253272610050842,0.9204123179021463,3.90463249474578,2.3297999983331907,-1.0161329645585022,0
3.940207279100695,0.9009088760241706,-1.179024470547907,-0.5265741070346066,3.651191906300709,0.9048055324001227,0.5410721364771007,0.853056793629862,0.4745079213389917,1.6084391947673204,3.130616037808606,0.7027533459901402,-1.0161329645585022,1
4.618003633343516,0.9009088760241706,-1.179024470547907,-0.5078285557241567,5.003044522771368,0.9048055324001227,0.5410721364771007,-0.3041918912684436,0.15896425047687956,1.4937680486231246,5.452665408620127,1.6353288662355472,-1.0161329645585022,1
4.279105456222106,0.9009088760241706,0.8491410419312149,-0.7422348051774068,4.158136637477206,0.9048055324001227,-1.121692068732461,-1.461440576166749,0.001192415045823164,-0.6849837281165926,5.710670894265851,0.12733440796637835,0.9841231756854657,0
4.956901810464927,0.9009088760241706,-1.179024470547907,-0.7508416505558358,5.341007676889032,0.9048055324001227,-1.121692068732461,0.853056793629862,0.830333762949459,-0.6849837281165926,3.130616037808606,-0.011559818453150373,-1.0161329645585022,0
5.465249076147043,-1.1099901739376037,-1.179024470547907,-0.6985688832116158,5.003044522771368,0.9048055324001227,-1.121692068732461,-0.3041918912684436,1.451350561986595,-0.7996548742607882,5.452665408620127,0.3455967637684949,-1.0161329645585022,1
5.126350899025632,0.9009088760241706,-1.179024470547907,-0.49115180577989803,3.9891550604183736,0.9048055324001227,-1.121692068732461,1.4316811360790147,-0.21364582894540246,-1.0289971665491795,5.452665408620127,0.10749237562073138,0.9841231756854657,0
4.956901810464927,0.9009088760241706,-1.179024470547907,-0.9413766771443598,5.341007676889032,0.9048055324001227,-1.042512820865339,0.2744324511807092,-0.21028898138303903,0.1177142948927768,3.646627009100055,1.5758027691986063,-1.0161329645585022,1
3.940207279100695,-1.1099901739376037,-0.502969299721533,-0.5391132542464829,3.651191906300709,0.9048055324001227,-1.042512820865339,0.2744324511807092,-0.12972463988633004,-0.7996548742607882,6.226681865557301,1.774223092655076,-1.0161329645585022,1
4.956901810464927,0.9009088760241706,-0.502969299721533,-0.38562714372730644,4.834062945712535,0.9048055324001227,-1.042512820865339,1.4316811360790147,-0.3680608168140954,-1.0289971665491795,3.646627009100055,1.714696995618135,0.9841231756854657,0
8.51533267023974,0.9009088760241706,-1.179024470547907,-0.3386921997553965,8.72063921806568,0.9048055324001227,-1.042512820865339,0.2744324511807092,-1.173704231781191,-1.0289971665491795,4.936654437328678,2.4091681277157786,-1.0161329645585022,0
3.940207279100695,0.9009088760241706,-1.179024470547907,-0.29981136797247515,3.8201734833595413,0.9048055324001227,0.38271364074285674,-1.461440576166749,-0.21364582894540246,0.6910700256137552,4.936654437328678,0.5043330225336705,-1.0161329645585022,0
4.279105456222106,0.9009088760241706,0.17308587110484092,-0.6033882279899802,3.9891550604183736,-1.177851894974348,0.06599664927436881,0.2744324511807092,-0.2069321338206762,1.1497546101905376,6.226681865557301,2.429010160061426,-1.0161329645585022,1
6.31249451895057,0.9009088760241706,0.8491410419312149,-0.14450913411656585,6.016933985124362,0.9048055324001227,-1.042512820865339,-0.8828162337175963,0.001192415045823164,-1.143668312693375,5.452665408620127,0.6829113136444932,0.9841231756854657,0
5.126350899025632,-1.1099901739376037,-1.179024470547907,-0.7248789830289785,4.665081368653703,0.9048055324001227,-0.963333572998217,-0.3041918912684436,1.676259348664909,-0.45564143582820127,3.90463249474578,0.782121475372728,-1.0161329645585022,1
7.159739961754097,0.9009088760241706,-1.179024470547907,-0.48151845590679404,6.861841870418524,0.9048055324001227,-0.9474977234247925,0.2744324511807092,1.417782086362966,-0.7996548742607882,3.38862152345433,1.5758027691986063,-1.0161329645585022,0
6.481943607511275,-1.1099901739376037,-0.502969299721533,-0.5194991222097696,6.523878716300859,0.9048055324001227,0.22435514500861276,0.2744324511807092,-1.8752853723150364,1.035083464046342,3.38862152345433,2.190905771913662,-1.0161329645585022,0
4.1096563676614,0.9009088760241706,0.8491410419312149,-0.337413017231263,4.496099791594871,0.9048055324001227,0.22435514500861276,0.2744324511807092,0.5785701957722418,0.5763988794695595,4.162637980391504,1.0202258635204915,-1.0161329645585022,0
4.1096563676614,0.9009088760241706,-0.502969299721533,0.36294731092023835,4.327118214536038,0.9048055324001227,0.22435514500861276,-1.461440576166749,0.4745079213389917,-0.34097028968400567,4.936654437328678,1.0400678958661385,-1.0161329645585022,0
6.990290873193391,0.9009088760241706,-0.502969299721533,-0.54413523008197,7.368786601595021,0.9048055324001227,0.1847655210750518,0.2744324511807092,1.2029438423717405,1.1497546101905376,5.452665408620127,2.72664064524613,0.9841231756854657,0
6.31249451895057,0.9009088760241706,0.8491410419312149,-0.3725036785723074,6.523878716300859,0.9048055324001227,0.1451758971414908,1.4316811360790147,1.7836784706605218,0.5763988794695595,4.678648951682953,1.35754041339649,-1.0161329645585022,0
5.126350899025632,-1.1099901739376037,-1.179024470547907,-0.867294637382506,4.327118214536038,0.9048055324001227,-0.8841543251310949,-0.8828162337175963,-0.34120603631519225,0.23238544103697253,6.226681865557301,0.3455967637684949,0.9841231756854657,0
4.618003633343516,-1.1099901739376037,-1.179024470547907,-0.778746780434155,4.834062945712535,0.9048055324001227,-0.8841543251310949,1.4316811360790147,0.9780350556934264,-0.11162799739561437,5.452665408620127,0.6035431842619053,-1.0161329645585022,0
4.279105456222106,-1.1099901739376037,0.8491410419312149,-0.4871721268159272,4.327118214536038,0.9048055324001227,-0.8841543251310949,1.4316811360790147,0.665848232393677,-0.6849837281165926,4.162637980391504,1.278172284013902,0.9841231756854657,0
4.448554544782811,0.9009088760241706,-0.502969299721533,-0.5019695839160886,3.9891550604183736,-1.177851894974348,1.6495816066168083,0.853056793629862,-0.0995130118250634,3.213835240786059,3.38862152345433,1.4170665104334308,-1.0161329645585022,0
4.279105456222106,0.9009088760241706,-1.179024470547907,-0.7951076828415907,3.4822103292418767,0.9048055324001227,-0.8208109268373974,0.2744324511807092,0.4745079213389917,0.1177142948927768,4.4206434660372285,1.9726434161115456,0.9841231756854657,0
5.295799987586338,0.9009088760241706,-0.502969299721533,-0.49326798427661267,5.341007676889032,-1.177851894974348,-0.9474977234247925,0.853056793629862,-1.1804179269059165,-0.7996548742607882,4.678648951682953,-0.2893482712922078,0.9841231756854657,0
4.279105456222106,-1.1099901739376037,-1.179024470547907,-0.10943426515236264,4.496099791594871,0.9048055324001227,-0.8168519644440413,0.2744324511807092,-0.707102420612748,-0.9143260204049839,5.968676379911576,1.1392780575943733,0.9841231756854657,0
4.1096563676614,0.9009088760241706,0.8491410419312149,-0.29808999889678933,3.9891550604183736,0.9048055324001227,-0.804975077263973,-0.8828162337175963,0.2965950005337584,-0.7996548742607882,4.936654437328678,1.694854963272488,0.9841231756854657,0
5.126350899025632,0.9009088760241706,-1.179024470547907,0.11606508376247654,5.678970831006697,0.9048055324001227,-0.804975077263973,-0.8828162337175963,0.001192415045823164,-1.0289971665491795,3.130616037808606,1.337698381050843,0.9841231756854657,0
4.1096563676614,-1.1099901739376037,0.8491410419312149,0.47565750443555505,4.327118214536038,0.9048055324001227,-0.804975077263973,0.2744324511807092,1.2465828606824585,-1.143668312693375,5.710670894265851,-0.03140185079879733,-1.0161329645585022,0
5.465249076147043,0.9009088760241706,-1.179024470547907,-0.6475121288841647,5.003044522771368,0.9048055324001227,-0.7812213029038364,-1.461440576166749,0.7464125738903866,-0.2262991435398101,5.452665408620127,0.7622794430270811,-1.0161329645585022,0
6.143045430389865,0.9009088760241706,-0.502969299721533,-0.37329329741436507,6.523878716300859,0.9048055324001227,-0.7574675285436998,0.853056793629862,0.02804719554472637,-0.570312581972397,4.678648951682953,2.5083782894440136,-1.0161329645585022,0
6.990290873193391,0.9009088760241706,1.5251962127575889,0.2783475481821759,7.199805024536189,0.9048055324001227,-0.7574675285436998,0.2744324511807092,1.2700807936189982,-1.0289971665491795,4.162637980391504,3.0044290980851875,-1.0161329645585022,0
4.448554544782811,-1.1099901739376037,0.8491410419312149,0.7867041586989258,4.834062945712535,0.9048055324001227,0.06599664927436881,1.4316811360790147,-0.3680608168140954,-0.6849837281165926,3.646627009100055,2.210747804259309,0.9841231756854657,0
4.787452721904222,0.9009088760241706,1.5251962127575889,1.5981954426816285,4.327118214536038,0.9048055324001227,0.06599664927436881,-0.3041918912684436,0.8336906105118219,-0.9143260204049839,3.646627009100055,0.7027533459901402,0.9841231756854657,0
7.668087227436213,-1.1099901739376037,-0.502969299721533,-0.4499968717318505,7.030823447477356,-1.177851894974348,-0.7257958293968509,0.853056793629862,-1.1804179269059165,-0.45564143582820127,5.710670894265851,1.4567505751247247,-1.0161329645585022,0
4.1096563676614,0.9009088760241706,0.8491410419312149,-0.6752751273709136,4.496099791594871,0.9048055324001227,-0.7257958293968509,0.2744324511807092,0.5785701957722418,-0.11162799739561437,3.130616037808606,1.5758027691986063,-1.0161329645585022,0
7.159739961754097,0.9009088760241706,-1.179024470547907,-0.681781586629469,6.354897139242027,0.9048055324001227,-0.7257958293968509,0.2744324511807092,-0.015591822765990965,0.003043148748581378,5.710670894265851,1.8932752867289577,0.9841231756854657,0
5.465249076147043,0.9009088760241706,0.8491410419312149,-0.5402503053790461,5.003044522771368,-1.177851894974348,0.06599664927436881,0.853056793629862,-1.4993184453303918,0.9204123179021463,5.452665408620127,-0.7258729828964409,-1.0161329645585022,1
7.159739961754097,0.9009088760241706,-0.502969299721533,-0.4201019023715458,7.537768178653853,-1.177851894974348,-0.4090788379283631,0.853056793629862,0.2193875065994116,-0.11162799739561437,4.678648951682953,0.3654387961141419,0.9841231756854657,0
3.940207279100695,0.9009088760241706,0.8491410419312149,0.633486518586049,3.651191906300709,0.9048055324001227,-0.09236184645987515,-0.3041918912684436,0.16232109803924238,-0.7996548742607882,4.162637980391504,-1.3211339532658497,0.9841231756854657,0
3.940207279100695,0.9009088760241706,0.8491410419312149,-0.1011590596875979,3.651191906300709,0.9048055324001227,-0.17154109432699713,-1.461440576166749,-1.7510820125076092,-0.2262991435398101,3.130616037808606,0.9606997664835506,-1.0161329645585022,0
4.956901810464927,0.9009088760241706,-1.179024470547907,-0.17086661106445203,4.327118214536038,0.9048055324001227,-0.7257958293968509,0.853056793629862,1.6628319584154578,-0.7996548742607882,4.678648951682953,1.8734332543833108,-1.0161329645585022,0
5.126350899025632,0.9009088760241706,0.8491410419312149,-0.3971555788213489,5.003044522771368,-1.177851894974348,-0.963333572998217,0.853056793629862,-1.4254677989584081,-0.9143260204049839,3.646627009100055,1.9329593514202517,-1.0161329645585022,0
4.1096563676614,0.9009088760241706,-0.502969299721533,-0.020096789361953984,4.158136637477206,0.9048055324001227,-0.7257958293968509,0.853056793629862,0.0851136041048956,-0.9143260204049839,4.936654437328678,1.774223092655076,0.9841231756854657,0
4.279105456222106,-1.1099901739376037,0.8491410419312149,0.42414277117971044,4.327118214536038,0.9048055324001227,-0.7257958293968509,-0.8828162337175963,-0.8447331706696268,-1.0289971665491795,4.936654437328678,0.6233852166075523,-1.0161329645585022,0
5.126350899025632,-1.1099901739376037,-1.179024470547907,-0.382200197952776,5.5099892539478645,-1.177851894974348,-0.5674373336626071,0.853056793629862,0.665848232393677,-0.34097028968400567,4.936654437328678,0.8813316371009629,-1.0161329645585022,0
4.279105456222106,-1.1099901739376037,0.8491410419312149,-0.3703243305682281,3.8201734833595413,0.21058638994196582,-0.7376727165769192,0.853056793629862,0.23617174441122635,-0.570312581972397,5.710670894265851,0.5440170872249644,-1.0161329645585022,0
5.973596341829159,-1.1099901739376037,1.5251962127575889,-0.5423664838757607,6.354897139242027,0.9048055324001227,-0.6545345063164412,-1.461440576166749,1.6628319584154578,-0.2262991435398101,4.162637980391504,0.5837011519162584,-1.0161329645585022,1
3.940207279100695,-1.1099901739376037,0.8491410419312149,-0.3607383578256476,4.665081368653703,-1.177851894974348,0.3193702424491591,0.853056793629862,-0.6936750303632967,0.6910700256137552,6.226681865557301,1.8734332543833108,-1.0161329645585022,0
4.618003633343516,-1.1099901739376037,-1.179024470547907,-0.3349967835745664,5.1720260998302,0.9048055324001227,-0.646616581529729,-0.8828162337175963,-0.12972463988633004,-0.570312581972397,4.162637980391504,0.9210157017922567,-1.0161329645585022,1
4.279105456222106,0.9009088760241706,-1.179024470547907,-0.3903174796491292,3.9891550604183736,0.9048055324001227,-0.6307807319563046,-1.461440576166749,0.9343960373827085,-0.45564143582820127,4.162637980391504,1.5758027691986063,-1.0161329645585022,0
3.940207279100695,0.9009088760241706,0.8491410419312149,-0.454150266841074,3.9891550604183736,-1.177851894974348,0.8577891279455886,-1.461440576166749,1.0015329886299666,1.7231103409115156,3.646627009100055,0.821805540064022,-1.0161329645585022,1
4.618003633343516,0.9009088760241706,1.5251962127575889,-0.2186859281394666,4.665081368653703,0.9048055324001227,-0.5991090328094558,1.4316811360790147,-1.4254677989584081,-0.570312581972397,4.678648951682953,1.8337491896920168,-1.0161329645585022,0
6.990290873193391,-1.1099901739376037,-0.502969299721533,-0.7909542877323672,7.030823447477356,0.9048055324001227,-0.5674373336626071,0.2744324511807092,-1.4724636648314886,0.6910700256137552,3.646627009100055,1.734539027963782,0.9841231756854657,0
4.448554544782811,-1.1099901739376037,0.17308587110484092,-0.33861323787119074,3.8201734833595413,0.21058638994196582,-0.5674373336626071,0.853056793629862,-1.0092187012254088,-0.45564143582820127,3.646627009100055,1.9329593514202517,-1.0161329645585022,0
4.1096563676614,-1.1099901739376037,0.8491410419312149,-0.5826054600670213,3.8201734833595413,0.9048055324001227,-0.5674373336626071,0.853056793629862,0.001192415045823164,0.003043148748581378,4.162637980391504,0.12733440796637835,0.9841231756854657,0
5.465249076147043,0.9009088760241706,0.8491410419312149,-0.31678817307671575,5.1720260998302,0.21058638994196582,0.38271364074285674,0.853056793629862,0.9343960373827085,0.6910700256137552,6.226681865557301,-0.26950623894656084,-1.0161329645585022,0
5.804147253268454,-1.1099901739376037,0.8491410419312149,0.008898014518404917,5.847952408065529,0.9048055324001227,-0.5674373336626071,-0.8828162337175963,0.001192415045823164,-0.7996548742607882,4.4206434660372285,0.5638591195706114,-1.0161329645585022,0
4.279105456222106,-1.1099901739376037,1.5251962127575889,-0.2970161172715909,4.327118214536038,-1.177851894974348,-0.804975077263973,0.853056793629862,0.001192415045823164,-0.7996548742607882,3.130616037808606,0.26622863438590705,-1.0161329645585022,0
3.940207279100695,0.9009088760241706,0.8491410419312149,0.6075396434360328,3.4822103292418767,0.9048055324001227,-0.5674373336626071,0.853056793629862,1.6628319584154578,-1.0289971665491795,4.4206434660372285,1.0797519605574324,0.9841231756854657,0
4.279105456222106,-1.1099901739376037,-1.179024470547907,0.8379820063021532,4.496099791594871,0.9048055324001227,-0.5674373336626071,1.4316811360790147,-1.0427871768490378,-1.0289971665491795,4.4206434660372285,1.0003838311748445,-1.0161329645585022,0
4.787452721904222,0.9009088760241706,0.8491410419312149,-0.8826922048026312,4.158136637477206,0.9048055324001227,-0.5634783712692509,1.4316811360790147,0.23617174441122635,1.2644257563347332,3.38862152345433,0.9011736694466097,-1.0161329645585022,1
4.1096563676614,0.9009088760241706,0.8491410419312149,0.18463558400676758,3.9891550604183736,0.9048055324001227,-0.5476425216958265,-1.461440576166749,-1.0964967378468442,-0.7996548742607882,3.130616037808606,1.754381060309429,-1.0161329645585022,0
3.940207279100695,0.9009088760241706,0.17308587110484092,0.09588242615948162,4.496099791594871,0.9048055324001227,-0.4090788379283631,1.4316811360790147,0.001192415045823164,-0.6849837281165926,3.90463249474578,1.5758027691986063,-1.0161329645585022,0
4.1096563676614,-1.1099901739376037,-1.179024470547907,0.11341196445316265,3.9891550604183736,0.9048055324001227,-0.4090788379283631,1.4316811360790147,1.9515208487786668,-0.6849837281165926,5.710670894265851,1.4765926074703717,-1.0161329645585022,1
4.1096563676614,0.9009088760241706,1.5251962127575889,-0.2631888460778388,4.665081368653703,0.21058638994196582,0.0026532509806712224,0.853056793629862,-0.8447331706696268,0.1177142948927768,3.38862152345433,2.0520115454941332,0.9841231756854657,0
4.448554544782811,0.9009088760241706,0.17308587110484092,-0.2583090016339222,5.1720260998302,-1.177851894974348,-1.359229812333827,0.853056793629862,-0.33784918875282943,-1.3730106049817663,5.194659922974402,2.171063739568015,0.9841231756854657,0
4.1096563676614,-1.1099901739376037,-1.179024470547907,1.601511841818271,3.8201734833595413,0.9048055324001227,-0.4090788379283631,-1.461440576166749,-1.3482603050240614,-1.143668312693375,5.710670894265851,0.18686050500331922,0.9841231756854657,0
4.956901810464927,-1.1099901739376037,-1.179024470547907,1.9759175119683519,5.003044522771368,0.9048055324001227,-0.5199297849423339,-0.3041918912684436,0.7061304031420315,-1.2583394588375707,5.194659922974402,-0.3488743683291487,0.9841231756854657,0
4.1096563676614,0.9009088760241706,0.8491410419312149,-0.258182662619193,3.4822103292418767,-1.177851894974348,0.06599664927436881,0.853056793629862,0.001192415045823164,0.23238544103697253,5.968676379911576,0.7225953783357871,0.9841231756854657,0
4.956901810464927,0.9009088760241706,-1.179024470547907,0.08165349462560179,5.341007676889032,0.9048055324001227,-0.47242223622206064,1.4316811360790147,-0.005521280078902488,-0.6849837281165926,3.90463249474578,1.1789621222856672,0.9841231756854657,0
5.634698164707748,-1.1099901739376037,0.17308587110484092,-0.2431009427358908,5.678970831006697,-1.177851894974348,-0.4090788379283631,0.853056793629862,-1.1804179269059165,-0.34097028968400567,4.4206434660372285,2.6274304835178954,0.9841231756854657,0
4.956901810464927,0.9009088760241706,-1.179024470547907,0.22309002161497776,5.003044522771368,0.9048055324001227,-0.46846327382870456,1.4316811360790147,-1.1233515183457474,-0.7996548742607882,5.968676379911576,1.2186461869769611,-1.0161329645585022,0
4.956901810464927,0.9009088760241706,-1.179024470547907,-0.24632258761148626,4.834062945712535,-1.177851894974348,-0.5991090328094558,0.853056793629862,0.7229146409538463,-0.570312581972397,6.226681865557301,0.6630692812988462,-1.0161329645585022,0
8.85423084736115,0.9009088760241706,0.8491410419312149,-0.031830525354931465,9.565547103359842,0.9048055324001227,-0.4407505370752119,0.2744324511807092,0.23617174441122635,-0.570312581972397,4.936654437328678,0.801963507718375,-1.0161329645585022,0
6.481943607511275,0.9009088760241706,0.8491410419312149,-0.4481333712645943,6.523878716300859,0.9048055324001227,-0.49221704818884116,0.2744324511807092,-0.34120603631519225,-0.11162799739561437,4.678648951682953,1.8932752867289577,-1.0161329645585022,0
4.279105456222106,-1.1099901739376037,-1.179024470547907,-0.717867167711506,3.4822103292418767,0.9048055324001227,-0.4090788379283631,-1.461440576166749,-1.6805882136979884,0.6910700256137552,5.194659922974402,-0.46792656240303043,0.9841231756854657,0
5.295799987586338,-1.1099901739376037,-0.502969299721533,-0.2062415351886372,5.5099892539478645,-1.177851894974348,-1.359229812333827,0.853056793629862,-0.1397951825734185,-1.487681751125962,5.968676379911576,1.1988041546313142,-1.0161329645585022,0
6.481943607511275,0.9009088760241706,-1.179024470547907,-0.48973049186419415,6.185915562183195,0.9048055324001227,-0.4090788379283631,-0.8828162337175963,1.5688402266692962,0.003043148748581378,5.968676379911576,1.0599099282117854,-1.0161329645585022,1
3.940207279100695,0.9009088760241706,-1.179024470547907,-0.20807345090221105,3.9891550604183736,-1.177851894974348,1.1349164954805155,0.853056793629862,1.407711543675877,1.2644257563347332,3.90463249474578,0.8416475724096689,-1.0161329645585022,0
5.126350899025632,0.9009088760241706,-1.179024470547907,-0.3170566434830154,4.665081368653703,-1.177851894974348,-0.3298995900612411,0.2744324511807092,0.8538316958859994,-0.11162799739561437,4.678648951682953,-1.0235034680811452,-1.0161329645585022,1
4.448554544782811,0.9009088760241706,-1.179024470547907,-0.8134110476004883,4.327118214536038,0.9048055324001227,-0.3298995900612411,0.2744324511807092,0.2965950005337584,1.379096902478929,4.162637980391504,-1.658448503141848,-1.0161329645585022,1
4.787452721904222,0.9009088760241706,0.8491410419312149,-0.01564333909274853,4.327118214536038,0.9048055324001227,-0.2982278909143923,-1.461440576166749,-1.8752853723150364,-0.45564143582820127,4.678648951682953,0.5241750548793175,-1.0161329645585022,0
4.1096563676614,-1.1099901739376037,0.8491410419312149,-0.2633625622230915,4.158136637477206,-1.177851894974348,1.1745061194140765,0.2744324511807092,-1.0495008719737637,1.4937680486231246,3.130616037808606,-0.6266628211682062,-1.0161329645585022,1
7.668087227436213,0.9009088760241706,-0.502969299721533,0.17005922018238234,7.030823447477356,0.9048055324001227,-0.2823920413409679,0.2744324511807092,0.001192415045823164,-0.570312581972397,4.678648951682953,1.258330251668255,0.9841231756854657,0
3.940207279100695,-1.1099901739376037,-1.179024470547907,-0.7175355277978418,3.9891550604183736,0.9048055324001227,-0.2507203421941191,1.4316811360790147,0.2865244578466693,1.035083464046342,5.194659922974402,-0.30919030363785477,0.9841231756854657,0
4.1096563676614,0.9009088760241706,0.8491410419312149,-0.6045568638762255,3.8201734833595413,0.9048055324001227,-0.2507203421941191,0.2744324511807092,-0.5896127559300467,0.5763988794695595,4.936654437328678,-0.38855843302044263,0.9841231756854657,0
5.804147253268454,0.9009088760241706,0.8491410419312149,-0.1081077054977057,6.016933985124362,-1.177851894974348,1.0161476236798326,0.853056793629862,-0.707102420612748,0.9204123179021463,3.38862152345433,0.6829113136444932,-1.0161329645585022,0
7.159739961754097,0.9009088760241706,0.8491410419312149,-0.4465225488267966,7.537768178653853,0.9048055324001227,-0.2507203421941191,0.2744324511807092,-0.46205254856025635,0.1177142948927768,4.678648951682953,0.4844909901880236,-1.0161329645585022,0
3.940207279100695,-1.1099901739376037,0.8491410419312149,-0.11551433023620697,3.144247175124212,-1.177851894974348,-0.3298995900612411,0.853056793629862,0.001192415045823164,-0.45564143582820127,4.678648951682953,-0.5274526594399713,0.9841231756854657,0
5.465249076147043,-1.1099901739376037,-1.179024470547907,-0.10894470147028687,5.5099892539478645,0.21058638994196582,-0.09236184645987515,0.853056793629862,0.9377528849450718,-0.2262991435398101,5.452665408620127,0.8614896047553159,0.9841231756854657,0
4.618003633343516,-1.1099901739376037,0.8491410419312149,-0.2869563732237757,4.834062945712535,0.9048055324001227,-0.2507203421941191,0.853056793629862,-1.7510820125076092,-0.11162799739561437,5.194659922974402,-0.9044512740072636,0.9841231756854657,0
6.481943607511275,-1.1099901739376037,-1.179024470547907,-0.2233288869307659,6.523878716300859,0.9048055324001227,-0.2507203421941191,0.2744324511807092,1.6829730437896346,-0.2262991435398101,5.194659922974402,2.1512217072223683,-1.0161329645585022,0
3.940207279100695,0.9009088760241706,0.8491410419312149,-0.11035022300914958,3.9891550604183736,-1.177851894974348,-0.2507203421941191,0.853056793629862,0.830333762949459,-0.34097028968400567,4.4206434660372285,-1.0631875327724392,0.9841231756854657,0
4.448554544782811,-1.1099901739376037,0.8491410419312149,-0.8655890606836614,4.834062945712535,0.9048055324001227,-0.7257958293968509,-1.461440576166749,0.001192415045823164,0.6910700256137552,3.38862152345433,1.0400678958661385,0.9841231756854657,0
4.279105456222106,0.9009088760241706,-1.179024470547907,-0.7956762084078722,4.496099791594871,0.9048055324001227,-0.7257958293968509,-0.8828162337175963,1.1458774338115711,0.3470565871811683,5.452665408620127,0.7424374106814341,-1.0161329645585022,1
4.1096563676614,0.9009088760241706,-0.502969299721533,-0.770645291114643,4.158136637477206,0.9048055324001227,-0.7257958293968509,0.2744324511807092,0.5382880250238866,0.23238544103697253,4.162637980391504,0.9011736694466097,-1.0161329645585022,1
4.618003633343516,0.9009088760241706,-1.179024470547907,-0.09018335778299581,5.003044522771368,-1.177851894974348,-0.17154109432699713,0.853056793629862,-1.4254677989584081,-0.34097028968400567,3.646627009100055,0.7424374106814341,-1.0161329645585022,0
3.940207279100695,0.9009088760241706,0.8491410419312149,-0.06709490284122854,3.4822103292418767,0.9048055324001227,-0.2507203421941191,1.4316811360790147,0.001192415045823164,-0.34097028968400567,6.226681865557301,1.298014316359549,0.9841231756854657,0
4.956901810464927,-1.1099901739376037,-1.179024470547907,-0.026761172388921006,4.496099791594871,0.9048055324001227,-0.2507203421941191,1.4316811360790147,-0.707102420612748,-0.45564143582820127,3.38862152345433,0.801963507718375,0.9841231756854657,0
4.1096563676614,-1.1099901739376037,0.8491410419312149,0.33275228639995175,4.665081368653703,0.9048055324001227,-0.2507203421941191,-1.461440576166749,1.6628319584154578,-0.6849837281165926,6.226681865557301,0.028124246238143545,-1.0161329645585022,0
4.279105456222106,-1.1099901739376037,1.5251962127575889,0.3622208615855453,4.158136637477206,0.9048055324001227,-0.2507203421941191,0.2744324511807092,-1.0964967378468442,-0.6849837281165926,5.710670894265851,2.349642030678838,-1.0161329645585022,0
4.956901810464927,0.9009088760241706,-0.502969299721533,-0.07113775131256399,4.665081368653703,-1.177851894974348,-1.2008713165995828,0.853056793629862,0.9108981044461687,-1.2583394588375707,4.678648951682953,1.9131173190746047,0.9841231756854657,0
3.940207279100695,-1.1099901739376037,-1.179024470547907,-0.38523233430627757,4.158136637477206,0.9048055324001227,-0.18737694390042153,0.2744324511807092,0.7061304031420315,0.1177142948927768,3.130616037808606,0.5043330225336705,-1.0161329645585022,0
5.804147253268454,-1.1099901739376037,-0.502969299721533,-0.2717325219489032,5.5099892539478645,0.9048055324001227,-0.16758213193364102,0.853056793629862,-1.4993184453303918,0.003043148748581378,4.678648951682953,-1.102871597463733,0.9841231756854657,0
4.787452721904222,-1.1099901739376037,-1.179024470547907,-0.6320671843335159,4.496099791594871,0.9048055324001227,-0.15966420714692883,0.2744324511807092,-1.173704231781191,0.8057411717579506,3.130616037808606,1.2186461869769611,0.9841231756854657,0
4.448554544782811,0.9009088760241706,0.8491410419312149,-0.016275034166394694,3.9891550604183736,-1.177851894974348,0.0026532509806712224,0.853056793629862,1.6729025011025462,-0.2262991435398101,3.646627009100055,0.3455967637684949,0.9841231756854657,0
3.940207279100695,0.9009088760241706,-0.502969299721533,-0.2553400347877852,3.9891550604183736,0.9048055324001227,-0.06069014731302636,1.4316811360790147,0.8739727812601764,0.003043148748581378,4.678648951682953,1.5758027691986063,-1.0161329645585022,0
4.279105456222106,0.9009088760241706,-0.502969299721533,-0.2053097849550091,4.158136637477206,0.9048055324001227,-0.013182598592753173,-0.3041918912684436,-1.8752853723150364,0.003043148748581378,5.194659922974402,0.22654456969461315,0.9841231756854657,0
5.295799987586338,0.9009088760241706,0.8491410419312149,-0.4522235968664532,5.341007676889032,0.9048055324001227,0.0026532509806712224,0.853056793629862,-1.1233515183457474,0.5763988794695595,3.38862152345433,1.5559607368529593,-1.0161329645585022,0
3.940207279100695,-1.1099901739376037,-0.502969299721533,0.035144944828403,3.3132287521830444,-1.177851894974348,0.8577891279455886,0.853056793629862,0.7061304031420315,0.4617277333253637,5.452665408620127,0.7225953783357871,0.9841231756854657,0
5.126350899025632,0.9009088760241706,0.17308587110484092,0.044036052989972756,4.834062945712535,-1.177851894974348,-0.2507203421941191,0.853056793629862,-0.005521280078902488,-0.45564143582820127,5.968676379911576,1.238488219322608,-1.0161329645585022,0
3.940207279100695,0.9009088760241706,-0.502969299721533,-0.5609699037946402,4.327118214536038,0.9048055324001227,0.06599664927436881,0.2744324511807092,1.5587696839822078,1.035083464046342,6.226681865557301,1.298014316359549,0.9841231756854657,0
4.1096563676614,0.9009088760241706,0.8491410419312149,0.08046906636251523,4.665081368653703,0.21058638994196582,0.38271364074285674,0.853056793629862,0.03476089066945202,0.003043148748581378,4.162637980391504,0.2463866020402601,0.9841231756854657,0
4.787452721904222,0.9009088760241706,-0.502969299721533,0.07888982867839982,5.341007676889032,-1.177851894974348,-1.121692068732461,0.853056793629862,-1.6839450612603513,-1.2583394588375707,4.4206434660372285,1.8535912220376638,0.9841231756854657,0
4.279105456222106,0.9009088760241706,0.17308587110484092,-0.4293246504467798,4.158136637477206,0.9048055324001227,0.06599664927436881,1.4316811360790147,-0.37813135950118393,0.5763988794695595,6.226681865557301,1.1988041546313142,0.9841231756854657,0
4.787452721904222,-1.1099901739376037,-1.179024470547907,0.0827115838739591,4.496099791594871,-1.177851894974348,0.8577891279455886,0.853056793629862,-0.21028898138303903,0.4617277333253637,3.646627009100055,-0.13061201252703214,0.9841231756854657,0
6.31249451895057,0.9009088760241706,0.8491410419312149,-0.3807157145297075,6.016933985124362,0.9048055324001227,0.06599664927436881,0.853056793629862,0.001192415045823164,0.4617277333253637,5.968676379911576,0.5241750548793175,-1.0161329645585022,0
5.634698164707748,0.9009088760241706,0.8491410419312149,-1.0381207776732697,5.5099892539478645,0.9048055324001227,-0.8841543251310949,0.853056793629862,0.4040141225293712,1.6084391947673204,4.936654437328678,0.008282213892496587,-1.0161329645585022,1
4.787452721904222,0.9009088760241706,-0.502969299721533,0.11557552008040076,5.003044522771368,0.21058638994196582,-0.3417764772413094,0.853056793629862,-0.34120603631519225,-0.570312581972397,4.162637980391504,-0.09092794783573821,0.9841231756854657,0
5.465249076147043,0.9009088760241706,-1.179024470547907,0.1166967788361227,5.678970831006697,0.21058638994196582,0.06599664927436881,0.853056793629862,-0.1397951825734185,-0.34097028968400567,4.678648951682953,0.08765034327508442,0.9841231756854657,0
3.940207279100695,0.9009088760241706,0.8491410419312149,0.13337352878038142,4.158136637477206,-1.177851894974348,-0.6149448823828803,0.853056793629862,-1.1233515183457474,-0.9143260204049839,5.710670894265851,1.1591200899400202,0.9841231756854657,0
4.787452721904222,0.9009088760241706,-1.179024470547907,-0.12153122581268667,4.327118214536038,0.9048055324001227,0.06599664927436881,-1.461440576166749,0.8739727812601764,0.003043148748581378,3.646627009100055,0.9606997664835506,0.9841231756854657,0
4.279105456222106,0.9009088760241706,0.8491410419312149,-0.21860696625526083,3.8201734833595413,0.9048055324001227,0.06599664927436881,0.2744324511807092,1.2029438423717405,0.1177142948927768,5.452665408620127,0.26622863438590705,-1.0161329645585022,1
3.940207279100695,0.9009088760241706,1.5251962127575889,0.1700434278055412,3.8201734833595413,-1.177851894974348,-1.042512820865339,0.853056793629862,0.8336906105118219,-1.2583394588375707,3.130616037808606,1.5956448015442533,-1.0161329645585022,0
6.143045430389865,0.9009088760241706,-0.502969299721533,-0.18607466996248342,6.523878716300859,0.9048055324001227,0.06599664927436881,-1.461440576166749,1.9515208487786668,0.1177142948927768,3.130616037808606,1.1392780575943733,-1.0161329645585022,1
4.618003633343516,0.9009088760241706,0.8491410419312149,0.17433895430633511,4.327118214536038,-1.177851894974348,-0.2982278909143923,0.853056793629862,1.286865031430813,-0.6849837281165926,3.130616037808606,-0.13061201252703214,0.9841231756854657,0
4.618003633343516,0.9009088760241706,-1.179024470547907,0.17016976682027043,4.496099791594871,-1.177851894974348,0.06599664927436881,0.853056793629862,-1.173704231781191,-0.34097028968400567,3.646627009100055,1.0797519605574324,-1.0161329645585022,0
4.279105456222106,0.9009088760241706,-1.179024470547907,0.1787450274450171,4.327118214536038,-1.177851894974348,0.06599664927436881,0.853056793629862,-0.6936750303632967,-0.34097028968400567,3.38862152345433,0.16701847265767225,0.9841231756854657,0
5.634698164707748,-1.1099901739376037,-0.502969299721533,0.4587754535923613,5.5099892539478645,0.9048055324001227,0.06599664927436881,0.2744324511807092,-1.7510820125076092,-0.570312581972397,3.646627009100055,1.3773824457421369,0.9841231756854657,0
3.940207279100695,-1.1099901739376037,1.5251962127575889,0.2144831762365488,3.9891550604183736,-1.177851894974348,0.8577891279455886,0.853056793629862,-0.34120603631519225,0.23238544103697253,3.646627009100055,1.1392780575943733,0.9841231756854657,0
4.1096563676614,-1.1099901739376037,-1.179024470547907,-0.5646969047291526,3.651191906300709,0.9048055324001227,0.25602684415546156,-1.461440576166749,0.3939435798422821,1.2644257563347332,5.968676379911576,0.10749237562073138,-1.0161329645585022,1
5.804147253268454,-1.1099901739376037,-1.179024470547907,-0.07156414548727515,5.847952408065529,-1.177851894974348,2.4413740852880284,0.2744324511807092,0.8135495251376443,2.1817949254882985,5.710670894265851,0.6630692812988462,-1.0161329645585022,1
4.448554544782811,0.9009088760241706,-1.179024470547907,0.27010392747109346,4.158136637477206,-1.177851894974348,-1.2325430157464317,0.853056793629862,-0.37813135950118393,-1.3730106049817663,3.90463249474578,-0.30919030363785477,-1.0161329645585022,0
4.279105456222106,0.9009088760241706,1.5251962127575889,0.2703408131237108,4.665081368653703,0.21058638994196582,0.8577891279455886,0.853056793629862,-1.4724636648314886,0.1177142948927768,4.678648951682953,2.0123274808028393,-1.0161329645585022,0
4.618003633343516,-1.1099901739376037,-1.179024470547907,-0.6016036894069297,4.665081368653703,0.9048055324001227,0.38271364074285674,-1.461440576166749,-1.371758237960602,1.7231103409115156,6.226681865557301,-0.8052411122790287,-1.0161329645585022,1
6.481943607511275,0.9009088760241706,-1.179024470547907,0.3085583650793037,6.354897139242027,-1.177851894974348,2.91644957249076,0.853056793629862,-1.0427871768490378,1.6084391947673204,3.646627009100055,1.5559607368529593,-1.0161329645585022,0
6.143045430389865,0.9009088760241706,0.8491410419312149,-0.7948865895658145,6.016933985124362,0.9048055324001227,-1.042512820865339,0.2744324511807092,-1.3482603050240614,-0.45564143582820127,3.90463249474578,1.4964346398160184,-1.0161329645585022,0
5.295799987586338,0.9009088760241706,0.8491410419312149,0.3437279883045538,5.341007676889032,-1.177851894974348,0.38271364074285674,0.853056793629862,0.2865244578466693,-0.2262991435398101,3.130616037808606,-1.3409759856114967,0.9841231756854657,0
4.618003633343516,-1.1099901739376037,0.8491410419312149,0.23627665627734143,4.496099791594871,-1.177851894974348,-0.2507203421941191,-1.461440576166749,0.001192415045823164,-0.6849837281165926,5.968676379911576,0.32575473142284794,-1.0161329645585022,1
3.940207279100695,0.9009088760241706,0.8491410419312149,0.039093039038691525,3.651191906300709,0.9048055324001227,0.38271364074285674,0.853056793629862,1.934736610966852,0.1177142948927768,5.710670894265851,1.278172284013902,-1.0161329645585022,0
5.634698164707748,0.9009088760241706,0.8491410419312149,0.3701170500061223,5.847952408065529,-1.177851894974348,-0.09236184645987515,0.853056793629862,-0.34120603631519225,-0.570312581972397,4.162637980391504,1.317856348705196,0.9841231756854657,0
5.126350899025632,0.9009088760241706,0.8491410419312149,0.3700538804987577,5.003044522771368,-1.177851894974348,-0.2507203421941191,0.853056793629862,0.16232109803924238,-0.6849837281165926,5.710670894265851,-0.15045404487267908,-1.0161329645585022,0
3.940207279100695,0.9009088760241706,0.17308587110484092,0.2682404270038373,3.8201734833595413,0.9048055324001227,0.38271364074285674,-0.3041918912684436,0.5651428055227898,-0.2262991435398101,4.4206434660372285,1.734539027963782,0.9841231756854657,0
3.940207279100695,0.9009088760241706,0.8491410419312149,0.3473918197317016,3.8201734833595413,0.9048055324001227,0.38271364074285674,-0.3041918912684436,-1.1804179269059165,-0.2262991435398101,4.4206434660372285,0.821805540064022,0.9841231756854657,0
6.143045430389865,0.9009088760241706,-0.502969299721533,0.40050158304850275,6.354897139242027,-1.177851894974348,0.8577891279455886,0.853056793629862,-1.173704231781191,0.003043148748581378,5.452665408620127,0.9606997664835506,0.9841231756854657,0
5.465249076147043,0.9009088760241706,1.5251962127575889,0.4199419989399634,6.016933985124362,0.21058638994196582,-0.5674373336626071,0.853056793629862,0.001192415045823164,-0.9143260204049839,3.130616037808606,1.5162766721616654,0.9841231756854657,0
5.126350899025632,0.9009088760241706,-0.502969299721533,0.6554852995257766,5.003044522771368,0.9048055324001227,0.38271364074285674,-0.8828162337175963,-0.707102420612748,-0.45564143582820127,6.226681865557301,2.210747804259309,0.9841231756854657,0
4.279105456222106,0.9009088760241706,-0.502969299721533,0.743559385168893,3.9891550604183736,0.9048055324001227,0.38271364074285674,-0.8828162337175963,-1.3751150855229646,-0.570312581972397,4.4206434660372285,-0.36871640067479566,0.9841231756854657,0
5.973596341829159,0.9009088760241706,0.8491410419312149,32.52019044609708,6.354897139242027,0.9048055324001227,0.3866726031362128,-0.8828162337175963,1.0955247203761276,-1.487681751125962,6.226681865557301,1.8139071573463699,-1.0161329645585022,0
5.634698164707748,0.9009088760241706,0.8491410419312149,0.2282067517115117,5.678970831006697,-1.177851894974348,-0.16758213193364102,0.853056793629862,1.1861596045599256,-0.570312581972397,5.452665408620127,0.801963507718375,-1.0161329645585022,1
4.787452721904222,-1.1099901739376037,0.8491410419312149,0.452695388508517,4.496099791594871,-1.177851894974348,-0.3774071387815143,0.853056793629862,-1.623521805137819,-0.7996548742607882,3.90463249474578,1.0003838311748445,0.9841231756854657,0
4.618003633343516,-1.1099901739376037,-1.179024470547907,0.48383795563927284,4.834062945712535,-1.177851894974348,0.06599664927436881,0.853056793629862,-1.4724636648314886,-0.570312581972397,5.710670894265851,1.0599099282117854,-1.0161329645585022,0
4.279105456222106,-1.1099901739376037,-1.179024470547907,0.500451536076167,4.327118214536038,-1.177851894974348,0.8577891279455886,0.853056793629862,0.03811773823181484,-0.11162799739561437,4.162637980391504,0.9805417988291976,-1.0161329645585022,0
5.804147253268454,0.9009088760241706,1.5251962127575889,-0.927858402568332,5.847952408065529,0.9048055324001227,-1.121692068732461,1.4316811360790147,-1.3751150855229646,-0.2262991435398101,4.678648951682953,1.4170665104334308,-1.0161329645585022,0
6.31249451895057,0.9009088760241706,0.8491410419312149,0.5157701416120865,6.692860293359692,-1.177851894974348,2.4413740852880284,0.853056793629862,-0.34120603631519225,0.9204123179021463,5.452665408620127,1.1194360252487263,0.9841231756854657,0
4.618003633343516,-1.1099901739376037,0.8491410419312149,0.5331891332678794,4.834062945712535,-1.177851894974348,-0.8841543251310949,0.853056793629862,-1.4724636648314886,-1.143668312693375,5.194659922974402,0.9606997664835506,-1.0161329645585022,0
3.940207279100695,-1.1099901739376037,-1.179024470547907,0.5493605271532211,3.8201734833595413,-1.177851894974348,-0.7257958293968509,0.853056793629862,0.001192415045823164,-1.143668312693375,6.226681865557301,0.26622863438590705,0.9841231756854657,0
9.532027201603972,0.9009088760241706,0.8491410419312149,0.5495026585447915,9.396565526301009,-1.177851894974348,0.06599664927436881,0.853056793629862,-1.173704231781191,-0.570312581972397,4.678648951682953,3.0044290980851875,0.9841231756854657,0
4.448554544782811,-1.1099901739376037,0.8491410419312149,0.5569882451674986,4.834062945712535,-1.177851894974348,-0.4882580857954851,0.853056793629862,-0.11965409719924096,-0.9143260204049839,5.194659922974402,0.286070666731554,0.9841231756854657,0
4.279105456222106,-1.1099901739376037,-1.179024470547907,0.554572011510802,4.327118214536038,0.21058638994196582,-0.5674373336626071,0.853056793629862,-1.8752853723150364,-1.0289971665491795,6.226681865557301,-0.46792656240303043,0.9841231756854657,0
4.787452721904222,-1.1099901739376037,0.8491410419312149,0.5590254617800074,4.834062945712535,-1.177851894974348,0.38271364074285674,0.853056793629862,0.19253272610050842,-0.45564143582820127,3.646627009100055,0.08765034327508442,0.9841231756854657,0
4.618003633343516,0.9009088760241706,-1.179024470547907,0.5922526226537956,4.834062945712535,-1.177851894974348,1.1745061194140765,0.853056793629862,0.001192415045823164,0.003043148748581378,6.226681865557301,-1.3012919209202027,0.9841231756854657,0
4.448554544782811,0.9009088760241706,-0.502969299721533,0.6114719452694801,4.834062945712535,-1.177851894974348,0.06599664927436881,0.853056793629862,0.7464125738903866,-0.6849837281165926,3.646627009100055,-0.07108591549009124,-1.0161329645585022,0
5.126350899025632,-1.1099901739376037,0.8491410419312149,0.6422354953560483,5.847952408065529,-1.177851894974348,-0.5674373336626071,0.853056793629862,-1.8752853723150364,-1.0289971665491795,3.38862152345433,1.317856348705196,-1.0161329645585022,0
4.1096563676614,0.9009088760241706,-1.179024470547907,0.6461835895663368,3.651191906300709,0.21058638994196582,0.06599664927436881,0.853056793629862,-0.37813135950118393,-0.6849837281165926,4.936654437328678,1.238488219322608,-1.0161329645585022,0
5.973596341829159,0.9009088760241706,-0.502969299721533,0.7608678301867978,6.354897139242027,-1.177851894974348,0.30353439287573475,0.853056793629862,0.6624913848313142,-0.570312581972397,4.4206434660372285,0.9805417988291976,-1.0161329645585022,0
4.279105456222106,0.9009088760241706,-0.502969299721533,0.7620996355804078,3.8201734833595413,-1.177851894974348,1.6495816066168083,0.853056793629862,-0.37813135950118393,0.23238544103697253,4.4206434660372285,-0.13061201252703214,0.9841231756854657,0
4.1096563676614,0.9009088760241706,-1.179024470547907,-0.6966106284833127,4.158136637477206,0.21058638994196582,-0.4090788379283631,0.853056793629862,-1.1804179269059165,0.6910700256137552,3.646627009100055,0.16701847265767225,-1.0161329645585022,0
4.618003633343516,0.9009088760241706,-0.502969299721533,-0.6983004128053162,4.327118214536038,0.21058638994196582,-0.7257958293968509,0.853056793629862,1.451350561986595,0.003043148748581378,4.162637980391504,-0.7655570475877348,-1.0161329645585022,0
4.956901810464927,0.9009088760241706,0.8491410419312149,-0.48747218197590914,4.834062945712535,0.9048055324001227,0.8577891279455886,-1.461440576166749,-0.707102420612748,1.952452633199907,3.646627009100055,-0.36871640067479566,-1.0161329645585022,1
3.940207279100695,-1.1099901739376037,1.5251962127575889,0.9478653643629034,4.327118214536038,-1.177851894974348,0.38271364074285674,0.853056793629862,-1.0495008719737637,-0.570312581972397,5.968676379911576,0.8614896047553159,0.9841231756854657,0
4.1096563676614,0.9009088760241706,0.17308587110484092,0.956645925886585,3.8201734833595413,-1.177851894974348,0.5094004373302519,0.853056793629862,-0.34120603631519225,-0.570312581972397,4.4206434660372285,1.1194360252487263,-1.0161329645585022,0
7.668087227436213,0.9009088760241706,-1.179024470547907,-0.5058703009958536,7.199805024536189,0.9048055324001227,-1.2325430157464317,0.2744324511807092,0.5114332445249834,-1.143668312693375,3.90463249474578,1.0202258635204915,-1.0161329645585022,0
7.159739961754097,0.9009088760241706,-0.502969299721533,-0.33155404542319483,7.030823447477356,0.9048055324001227,0.8577891279455886,0.2744324511807092,-1.3482603050240614,1.2644257563347332,4.678648951682953,2.349642030678838,-1.0161329645585022,1
6.143045430389865,0.9009088760241706,0.8491410419312149,1.0098978205949565,6.523878716300859,-1.177851894974348,-0.7257958293968509,0.853056793629862,-1.0092187012254088,-1.2583394588375707,4.162637980391504,1.298014316359549,-1.0161329645585022,0
3.940207279100695,0.9009088760241706,-1.179024470547907,1.0277116216717783,3.651191906300709,-1.177851894974348,3.2331665639592484,0.853056793629862,-1.0427871768490378,0.8057411717579506,4.162637980391504,0.14717644031202531,0.9841231756854657,0
4.448554544782811,0.9009088760241706,-1.179024470547907,1.021505217573205,4.158136637477206,-1.177851894974348,1.273480179247979,0.853056793629862,-1.1804179269059165,-0.2262991435398101,3.646627009100055,0.20670253734896618,0.9841231756854657,0
6.143045430389865,0.9009088760241706,-1.179024470547907,1.0283749014991068,6.523878716300859,-1.177851894974348,1.6495816066168083,0.853056793629862,0.03476089066945202,0.003043148748581378,4.936654437328678,0.22654456969461315,0.9841231756854657,0
6.990290873193391,0.9009088760241706,-1.179024470547907,1.0260850068571394,6.354897139242027,-1.177851894974348,1.6495816066168083,0.853056793629862,1.286865031430813,0.003043148748581378,5.452665408620127,0.801963507718375,0.9841231756854657,0
6.31249451895057,0.9009088760241706,0.17308587110484092,1.0259112907118868,6.185915562183195,-1.177851894974348,0.38271364074285674,0.853056793629862,0.15896425047687956,-0.6849837281165926,3.90463249474578,1.714696995618135,-1.0161329645585022,0
4.618003633343516,0.9009088760241706,1.5251962127575889,1.0848168563293916,3.9891550604183736,-1.177851894974348,0.06599664927436881,0.853056793629862,-0.005521280078902488,-0.7996548742607882,5.194659922974402,0.5043330225336705,-1.0161329645585022,0
4.448554544782811,-1.1099901739376037,0.8491410419312149,1.1271720110173669,4.496099791594871,-1.177851894974348,0.38271364074285674,0.853056793629862,-1.4724636648314886,-0.6849837281165926,4.678648951682953,1.0995939929030794,-1.0161329645585022,0
4.618003633343516,0.9009088760241706,0.8491410419312149,1.1191178988283783,4.496099791594871,-1.177851894974348,-0.18737694390042153,0.853056793629862,-0.46205254856025635,-0.9143260204049839,3.130616037808606,1.278172284013902,-1.0161329645585022,0
7.159739961754097,0.9009088760241706,-1.179024470547907,1.2536215723844877,7.368786601595021,-1.177851894974348,0.6994306322113446,0.853056793629862,0.001192415045823164,-0.570312581972397,4.678648951682953,0.14717644031202531,0.9841231756854657,0
4.448554544782811,-1.1099901739376037,0.8491410419312149,1.1994221350656467,5.1720260998302,-1.177851894974348,-0.09236184645987515,-0.8828162337175963,0.16232109803924238,-0.9143260204049839,3.130616037808606,1.4765926074703717,-1.0161329645585022,1
8.176434493118329,-1.1099901739376037,-0.502969299721533,0.1741020686537178,8.889620795124513,0.9048055324001227,0.8577891279455886,0.2744324511807092,-0.6936750303632967,0.23238544103697253,4.936654437328678,2.0718535778397804,-1.0161329645585022,0
6.31249451895057,0.9009088760241706,0.8491410419312149,1.2708194707645044,6.185915562183195,-1.177851894974348,1.3328646151483206,-1.461440576166749,0.001192415045823164,-0.34097028968400567,4.936654437328678,0.8416475724096689,-1.0161329645585022,1
5.465249076147043,0.9009088760241706,0.17308587110484092,1.59671095925856,5.341007676889032,-1.177851894974348,0.06599664927436881,0.853056793629862,-1.7510820125076092,-0.9143260204049839,3.130616037808606,1.258330251668255,-1.0161329645585022,0
4.787452721904222,0.9009088760241706,0.8491410419312149,1.595273852966015,4.834062945712535,-1.177851894974348,0.8577891279455886,0.853056793629862,0.15896425047687956,-0.6849837281165926,5.710670894265851,0.9805417988291976,0.9841231756854657,0
4.448554544782811,0.9009088760241706,0.17308587110484092,1.677252081148446,4.496099791594871,-1.177851894974348,0.38271364074285674,0.853056793629862,0.5651428055227898,-0.9143260204049839,5.194659922974402,1.9726434161115456,0.9841231756854657,0
5.634698164707748,0.9009088760241706,0.8491410419312149,1.5540083722800795,5.003044522771368,-1.177851894974348,2.2830155895537843,-1.461440576166749,-0.21028898138303903,-0.11162799739561437,3.646627009100055,1.734539027963782,-1.0161329645585022,1
4.448554544782811,-1.1099901739376037,-1.179024470547907,1.972348434802251,4.327118214536038,-1.177851894974348,0.22435514500861276,0.853056793629862,-1.4724636648314886,-1.0289971665491795,3.646627009100055,0.3455967637684949,-1.0161329645585022,0
4.1096563676614,0.9009088760241706,-1.179024470547907,1.8449039536941376,3.651191906300709,-1.177851894974348,2.4413740852880284,0.853056793629862,1.0418151593783211,-0.11162799739561437,6.226681865557301,-0.051243883144444294,-1.0161329645585022,1
6.651392696071981,0.9009088760241706,-1.179024470547907,2.545990731180332,6.692860293359692,-1.177851894974348,-1.042512820865339,0.853056793629862,-0.2438574570066685,-1.487681751125962,5.194659922974402,1.4964346398160184,-1.0161329645585022,0
4.1096563676614,0.9009088760241706,0.8491410419312149,12.394432776860842,3.8201734833595413,-1.177851894974348,-0.2625972293741874,0.853056793629862,-0.6936750303632967,-1.487681751125962,6.226681865557301,1.3773824457421369,0.9841231756854657,0
5.126350899025632,0.9009088760241706,1.5251962127575889,13.534942439952149,5.1720260998302,-1.177851894974348,-0.804975077263973,0.853056793629862,-1.3751150855229646,-1.6023528972701577,3.646627009100055,2.766324709937424,-1.0161329645585022,0
5.465249076147043,0.9009088760241706,-1.179024470547907,-1.0685526878461737,5.847952408065529,0.9048055324001227,-1.0741845200121878,-1.461440576166749,-0.005521280078902488,1.035083464046342,5.710670894265851,1.5956448015442533,-1.0161329645585022,1
5.465249076147043,-1.1099901739376037,0.8491410419312149,34.76013380011585,5.341007676889032,-1.177851894974348,-1.2800505644667048,0.853056793629862,0.001192415045823164,-1.6023528972701577,3.90463249474578,0.9805417988291976,0.9841231756854657,0
4.279105456222106,0.9009088760241706,0.8491410419312149,-1.135622912290555,4.158136637477206,0.21058638994196582,-1.2958864140401292,1.4316811360790147,0.001192415045823164,0.4617277333253637,5.710670894265851,-0.011559818453150373,-1.0161329645585022,1
4.448554544782811,-1.1099901739376037,-1.179024470547907,-0.6962158190622838,4.327118214536038,-1.177851894974348,-1.121692068732461,0.853056793629862,0.23617174441122635,-0.7996548742607882,5.710670894265851,-0.13061201252703214,0.9841231756854657,0
4.279105456222106,0.9009088760241706,1.5251962127575889,-0.37695712884151283,3.9891550604183736,0.21058638994196582,-0.7376727165769192,0.853056793629862,0.23617174441122635,-0.570312581972397,4.4206434660372285,0.16701847265767225,-1.0161329645585022,0
4.787452721904222,0.9009088760241706,0.8491410419312149,0.11638093129929962,4.496099791594871,0.21058638994196582,-0.3417764772413094,0.853056793629862,-0.34120603631519225,-0.570312581972397,4.678648951682953,1.1988041546313142,0.9841231756854657,0
5.126350899025632,0.9009088760241706,-1.179024470547907,13.532573583425977,5.341007676889032,-1.177851894974348,-0.804975077263973,0.853056793629862,-1.3751150855229646,-1.6023528972701577,3.38862152345433,0.5043330225336705,-1.0161329645585022,0
6.31249451895057,0.9009088760241706,0.8491410419312149,-0.3803840746160433,6.861841870418524,0.9048055324001227,0.06599664927436881,-0.8828162337175963,0.001192415045823164,0.4617277333253637,3.38862152345433,2.091695610185427,-1.0161329645585022,0
4.448554544782811,0.9009088760241706,0.17308587110484092,-0.8643098781595279,4.496099791594871,0.9048055324001227,-0.7257958293968509,0.2744324511807092,0.001192415045823164,0.6910700256137552,5.710670894265851,0.5638591195706114,0.9841231756854657,0
5.465249076147043,0.9009088760241706,0.8491410419312149,0.6093241820190832,5.678970831006697,0.9048055324001227,0.8577891279455886,-0.3041918912684436,1.7736079279734327,-0.11162799739561437,5.968676379911576,0.08765034327508442,-1.0161329645585022,1
3.940207279100695,0.9009088760241706,0.8491410419312149,0.2749521871613278,3.8201734833595413,0.9048055324001227,1.3328646151483206,-0.3041918912684436,2.609462971001795,0.4617277333253637,3.646627009100055,0.028124246238143545,0.9841231756854657,0
4.618003633343516,-1.1099901739376037,0.8491410419312149,-0.2950104854127643,4.496099791594871,0.9048055324001227,1.6495816066168083,-1.461440576166749,-1.173704231781191,2.1817949254882985,5.710670894265851,1.4369085427790778,-1.0161329645585022,1
6.990290873193391,0.9009088760241706,-0.502969299721533,-0.7934336908964283,6.692860293359692,0.9048055324001227,-0.5674373336626071,0.2744324511807092,-1.4724636648314886,0.6910700256137552,4.4206434660372285,1.8139071573463699,-1.0161329645585022,0
4.787452721904222,0.9009088760241706,-1.179024470547907,0.07702632821114364,4.496099791594871,-1.177851894974348,0.8577891279455886,0.853056793629862,-0.21028898138303903,0.4617277333253637,4.678648951682953,-0.8052411122790287,-1.0161329645585022,0
3.940207279100695,0.9009088760241706,-1.179024470547907,-0.14995750412676404,3.8201734833595413,0.9048055324001227,-1.2800505644667048,0.2744324511807092,2.6933841600608672,-1.3730106049817663,4.678648951682953,1.9528013837658986,-1.0161329645585022,1
4.956901810464927,0.9009088760241706,0.8491410419312149,0.22282155120867814,5.003044522771368,0.9048055324001227,-0.46846327382870456,0.853056793629862,-1.1233515183457474,-0.7996548742607882,5.452665408620127,0.7424374106814341,0.9841231756854657,0
4.448554544782811,0.9009088760241706,1.5251962127575889,1.203117551246477,3.9891550604183736,-1.177851894974348,-0.09236184645987515,-0.8828162337175963,0.16232109803924238,-0.9143260204049839,4.678648951682953,-1.678290535487495,-1.0161329645585022,1
5.634698164707748,-1.1099901739376037,0.8491410419312149,1.7843086037546294,5.678970831006697,-1.177851894974348,2.2830155895537843,0.853056793629862,-0.21028898138303903,-0.2262991435398101,3.90463249474578,0.2463866020402601,0.9841231756854657,0
4.1096563676614,0.9009088760241706,-1.179024470547907,0.10341538991271211,3.651191906300709,0.9048055324001227,-0.4090788379283631,-0.8828162337175963,1.9515208487786668,-0.6849837281165926,4.678648951682953,1.9726434161115456,-1.0161329645585022,1
4.279105456222106,-1.1099901739376037,0.8491410419312149,-0.396444921863497,4.327118214536038,0.9048055324001227,-0.6307807319563046,0.853056793629862,0.9343960373827085,-0.45564143582820127,5.710670894265851,-0.5472946917856183,0.9841231756854657,0
4.956901810464927,0.9009088760241706,-0.502969299721533,-0.48707737255488026,4.834062945712535,0.9048055324001227,0.8577891279455886,0.2744324511807092,-0.707102420612748,1.952452633199907,3.90463249474578,2.1512217072223683,-1.0161329645585022,1
4.1096563676614,0.9009088760241706,1.5251962127575889,-0.6757962758066716,3.8201734833595413,0.9048055324001227,-0.7257958293968509,1.4316811360790147,0.5785701957722418,-0.11162799739561437,3.130616037808606,0.46464895784237664,0.9841231756854657,0
4.279105456222106,0.9009088760241706,0.8491410419312149,0.3631684041960145,3.8201734833595413,0.9048055324001227,-0.2507203421941191,0.853056793629862,-1.0964967378468442,-0.6849837281165926,5.194659922974402,1.0599099282117854,0.9841231756854657,0
5.465249076147043,0.9009088760241706,1.5251962127575889,-0.3190464829650008,5.5099892539478645,0.21058638994196582,0.38271364074285674,0.853056793629862,0.9343960373827085,0.6910700256137552,3.90463249474578,2.6075884511722482,-1.0161329645585022,0
3.940207279100695,-1.1099901739376037,-1.179024470547907,-0.10584939560942067,3.9891550604183736,-1.177851894974348,-0.3298995900612411,0.853056793629862,0.001192415045823164,-0.45564143582820127,4.4206434660372285,1.734539027963782,0.9841231756854657,0
5.126350899025632,0.9009088760241706,1.5251962127575889,0.1219240555705447,5.003044522771368,0.9048055324001227,-0.804975077263973,-0.3041918912684436,0.001192415045823164,-1.0289971665491795,4.4206434660372285,1.8337491896920168,-1.0161329645585022,0
5.465249076147043,0.9009088760241706,0.8491410419312149,-0.3827055540116929,5.678970831006697,0.9048055324001227,1.6495816066168083,1.4316811360790147,-0.33784918875282943,2.525808363920885,5.194659922974402,0.028124246238143545,-1.0161329645585022,1
4.1096563676614,-1.1099901739376037,0.8491410419312149,-0.2627308671494453,4.327118214536038,0.21058638994196582,0.0026532509806712224,0.853056793629862,-0.8447331706696268,0.1177142948927768,4.162637980391504,0.801963507718375,0.9841231756854657,0
4.787452721904222,0.9009088760241706,0.8491410419312149,0.45784370335873326,4.834062945712535,-1.177851894974348,-0.3774071387815143,0.853056793629862,-1.623521805137819,-0.7996548742607882,3.38862152345433,1.734539027963782,0.9841231756854657,0
4.1096563676614,0.9009088760241706,-1.179024470547907,-0.004793976202875675,4.496099791594871,0.9048055324001227,1.6495816066168083,0.853056793629862,1.5352717510456675,1.2644257563347332,3.38862152345433,1.0202258635204915,-1.0161329645585022,1
4.1096563676614,0.9009088760241706,0.8491410419312149,-0.025592536502675605,3.4822103292418767,0.9048055324001227,-0.7257958293968509,-0.8828162337175963,0.0851136041048956,-0.9143260204049839,3.646627009100055,0.5440170872249644,-1.0161329645585022,0
4.956901810464927,0.9009088760241706,-1.179024470547907,-0.2393897341782196,4.834062945712535,-1.177851894974348,-0.5991090328094558,0.853056793629862,0.7229146409538463,-0.570312581972397,6.226681865557301,2.250431868950603,0.9841231756854657,0
4.448554544782811,-1.1099901739376037,0.8491410419312149,1.025105879492988,3.9891550604183736,-1.177851894974348,1.273480179247979,0.853056793629862,-1.1804179269059165,-0.2262991435398101,3.38862152345433,1.298014316359549,0.9841231756854657,0
6.31249451895057,0.9009088760241706,0.8491410419312149,0.18859947059389726,6.692860293359692,0.9048055324001227,4.024959042630468,-0.3041918912684436,-0.005521280078902488,2.7551506562092767,5.710670894265851,1.0599099282117854,-1.0161329645585022,1
4.787452721904222,0.9009088760241706,-0.502969299721533,1.5987165911173866,4.834062945712535,-1.177851894974348,0.8577891279455886,0.853056793629862,0.15896425047687956,-0.6849837281165926,5.194659922974402,-0.9044512740072636,0.9841231756854657,0
6.481943607511275,0.9009088760241706,-0.502969299721533,-0.449128291005587,6.523878716300859,0.9048055324001227,-0.49221704818884116,0.2744324511807092,-0.34120603631519225,-0.11162799739561437,6.226681865557301,-0.6465048535138531,0.9841231756854657,0
1.398470950690115,-1.1099901739376037,0.8491410419312149,0.2953085609095754,1.2854498274770565,0.9048055324001227,-0.5674373336626071,1.4316811360790147,0.4946490067131693,-0.9143260204049839,2.872610552162881,-1.7576586648700827,-1.0161329645585022,0
-1.143265377720465,0.9009088760241706,0.8491410419312149,1.0264640239013272,-0.911310674287764,0.9048055324001227,0.06599664927436881,-1.461440576166749,0.11868207972852446,-0.7996548742607882,-0.7394662468772634,-1.5393963090679663,0.9841231756854657,0
-0.2960199349169384,0.9009088760241706,0.8491410419312149,3.0211675579538175,-0.06640278899360229,-1.177851894974348,2.4413740852880284,1.4316811360790147,-0.03908975570253134,-0.570312581972397,-0.7394662468772634,0.46464895784237664,0.9841231756854657,0
0.5512255078865883,0.9009088760241706,1.5251962127575889,-0.695726255380208,0.6095235192417271,0.21058638994196582,-1.2008713165995828,0.2744324511807092,-0.7138161157374736,-0.9143260204049839,0.29255569570563505,-1.658448503141848,-1.0161329645585022,0
1.398470950690115,-1.1099901739376037,-0.502969299721533,-0.015959186629571614,1.9613761357123858,0.9048055324001227,-0.2507203421941191,0.853056793629862,0.2160306590370488,-0.45564143582820127,1.066572152642809,0.801963507718375,0.9841231756854657,0
0.5512255078865883,0.9009088760241706,0.8491410419312149,-0.24122164989179348,0.10257878806523006,0.9048055324001227,0.38271364074285674,1.4316811360790147,-1.1401357561575618,0.5763988794695595,-0.22345527558581418,-0.7258729828964409,-1.0161329645585022,0
0.0428782422044723,0.9009088760241706,-0.502969299721533,-0.5272531792387762,0.10257878806523006,0.9048055324001227,0.1847655210750518,1.4316811360790147,-0.0860856215756121,1.035083464046342,0.8085666669970842,1.6750129309268411,0.9841231756854657,0
-0.2960199349169384,0.9009088760241706,0.8491410419312149,0.688428197616424,-0.404365943111267,-1.177851894974348,0.2938745246359459,-0.8828162337175963,-1.2911938964638923,-0.570312581972397,-0.4814607612315388,-1.4600281796853785,0.9841231756854657,0
-0.46546902347764374,-1.1099901739376037,-1.179024470547907,-0.6806287431200647,-0.5733475201700994,-1.177851894974348,-1.042512820865339,-1.461440576166749,0.041474585794178266,-0.6849837281165926,-0.4814607612315388,-0.6266628211682062,0.9841231756854657,0
-0.12657084635623306,0.9009088760241706,-1.179024470547907,-0.33719192395548686,-0.06640278899360229,-1.177851894974348,0.06599664927436881,-0.8828162337175963,-1.6805882136979884,0.3470565871811683,-0.22345527558581418,1.1392780575943733,-1.0161329645585022,0
-0.8043672005990544,0.9009088760241706,1.5251962127575889,-0.011963715288759629,-0.06640278899360229,-1.177851894974348,-0.4090788379283631,0.2744324511807092,-0.97565022560178,-0.570312581972397,-0.4814607612315388,0.7424374106814341,-1.0161329645585022,0
0.0428782422044723,0.9009088760241706,-0.502969299721533,-0.37457247993849857,-0.7423290972289317,0.9048055324001227,-0.3298995900612411,1.4316811360790147,0.7027735555796687,-0.11162799739561437,0.03455021005991044,0.028124246238143545,0.9841231756854657,0
0.38177641932588297,-1.1099901739376037,0.8491410419312149,-0.3376972800144038,0.10257878806523006,0.9048055324001227,0.06599664927436881,0.2744324511807092,0.29995184809612124,0.3470565871811683,0.8085666669970842,0.22654456969461315,0.9841231756854657,0
4.1096563676614,-1.1099901739376037,1.5251962127575889,11.987052623866433,4.158136637477206,-1.177851894974348,-0.12498369658112941,-1.461440576166749,0.014619805295275064,-1.487681751125962,5.452665408620127,1.0202258635204915,0.9841231756854657,0
-0.46546902347764374,-1.1099901739376037,0.8491410419312149,0.07699474345746134,-0.7423290972289317,0.9048055324001227,0.06599664927436881,-0.8828162337175963,-0.41841353024953903,-0.2262991435398101,-0.7394662468772634,0.3455967637684949,0.9841231756854657,0
-0.2960199349169384,-1.1099901739376037,0.8491410419312149,1.5013723802685128,-0.06640278899360229,-1.177851894974348,2.4413740852880284,-0.8828162337175963,0.09182729922962125,0.003043148748581378,-0.22345527558581418,-0.5076106270943244,0.9841231756854657,0
-0.634918112038349,-1.1099901739376037,-1.179024470547907,-0.7362021172240859,-0.7423290972289317,0.21058638994196582,-0.7485994527825821,-1.461440576166749,0.7531262690151123,0.1177142948927768,-0.4814607612315388,0.10749237562073138,0.9841231756854657,0
-0.9738162891597597,0.9009088760241706,-1.179024470547907,-0.39346016264051886,-0.911310674287764,0.9048055324001227,0.06599664927436881,-0.8828162337175963,-0.03237606057780569,0.4617277333253637,-0.7394662468772634,1.0599099282117854,0.9841231756854657,0
-0.2960199349169384,0.9009088760241706,0.8491410419312149,-0.5250422464810147,0.2715603651240624,-1.177851894974348,0.8577891279455886,0.2744324511807092,1.447993714424232,2.0671237793441026,-0.7394662468772634,0.008282213892496587,-1.0161329645585022,0
-0.8043672005990544,-1.1099901739376037,-0.502969299721533,0.17493906462629896,-0.911310674287764,0.9048055324001227,-0.5674373336626071,0.853056793629862,-1.6705176710108995,-0.7996548742607882,-0.4814607612315388,-0.9044512740072636,0.9841231756854657,0
-0.634918112038349,0.9009088760241706,-0.502969299721533,1.2831217323237634,-0.5733475201700994,-1.177851894974348,2.3260891003934985,0.853056793629862,-0.05587399351434607,0.1177142948927768,-0.4814607612315388,0.26622863438590705,0.9841231756854657,0
0.0428782422044723,-1.1099901739376037,0.8491410419312149,0.07020402141576508,0.6095235192417271,-1.177851894974348,0.8577891279455886,-0.8828162337175963,0.5248606347744353,0.4617277333253637,-0.22345527558581418,-0.7060309505507939,0.9841231756854657,0
-0.46546902347764374,0.9009088760241706,0.8491410419312149,0.2702144741089816,-0.5733475201700994,-1.177851894974348,1.3328646151483206,-0.8828162337175963,-1.7510820125076092,0.5763988794695595,-0.7394662468772634,0.06780831092943747,-1.0161329645585022,0
-0.634918112038349,0.9009088760241706,-1.179024470547907,0.14131709433148193,-0.404365943111267,-1.177851894974348,-0.4090788379283631,1.4316811360790147,-1.3482603050240614,-0.6849837281165926,-0.4814607612315388,-0.07108591549009124,0.9841231756854657,0
2.754063659175758,0.9009088760241706,-0.502969299721533,-0.07456469708709443,2.8062840210065474,0.9048055324001227,0.22783903191476612,-1.461440576166749,-0.8917290365427076,0.1177142948927768,2.6146050665171567,1.5758027691986063,-1.0161329645585022,0
-0.634918112038349,0.9009088760241706,0.8491410419312149,0.6490104250209034,-0.911310674287764,-1.177851894974348,2.4413740852880284,1.4316811360790147,0.19924642122523406,0.8057411717579506,-0.4814607612315388,0.6829113136444932,-1.0161329645585022,0
-0.46546902347764374,0.9009088760241706,-0.502969299721533,1.0707774333176057,-0.911310674287764,0.9048055324001227,0.8577891279455886,-0.3041918912684436,0.19253272610050842,-0.45564143582820127,-0.4814607612315388,-2.273551505856904,0.9841231756854657,0
0.890123685007999,-1.1099901739376037,-1.179024470547907,0.7575672234269966,0.6095235192417271,-1.177851894974348,0.8577891279455886,-1.461440576166749,0.29995184809612124,-0.2262991435398101,0.5505611813513597,0.6035431842619053,0.9841231756854657,0
-0.12657084635623306,0.9009088760241706,0.8491410419312149,1.0040230564100472,-0.23538436605243465,-1.177851894974348,0.8577891279455886,-0.3041918912684436,0.09518414679198407,-0.45564143582820127,-0.22345527558581418,0.4844909901880236,0.9841231756854657,0
-0.12657084635623306,0.9009088760241706,1.5251962127575889,-0.4914044838093565,-0.06640278899360229,0.9048055324001227,-0.5674373336626071,0.2744324511807092,-0.04916029838962042,-0.2262991435398101,-0.22345527558581418,-0.46792656240303043,0.9841231756854657,0
-0.12657084635623306,-1.1099901739376037,0.8491410419312149,0.6245164485402734,0.2715603651240624,-1.177851894974348,-0.7273794143541934,0.853056793629862,0.1522505553521539,-1.143668312693375,-0.7394662468772634,0.6630692812988462,-1.0161329645585022,0
-0.12657084635623306,-1.1099901739376037,-1.179024470547907,-0.24933893158814668,-0.404365943111267,-1.177851894974348,-0.7574675285436998,-0.8828162337175963,1.555412836419845,-0.7996548742607882,0.5505611813513597,1.337698381050843,0.9841231756854657,0
-0.8043672005990544,-1.1099901739376037,-1.179024470547907,-0.19965611404587594,-0.06640278899360229,-1.177851894974348,-1.1927950333171364,-0.8828162337175963,0.08175675654253277,-1.2583394588375707,-0.7394662468772634,0.38528082845978884,0.9841231756854657,0
-0.2960199349169384,-1.1099901739376037,-1.179024470547907,-0.7234102919827512,-0.5733475201700994,0.9048055324001227,-0.9546238557328335,1.4316811360790147,-0.8480900182319897,-0.45564143582820127,0.5505611813513597,-1.3806600503027906,0.9841231756854657,0
0.38177641932588297,0.9009088760241706,-1.179024470547907,0.07778436229951903,0.10257878806523006,0.9048055324001227,-0.3774071387815143,-0.3041918912684436,0.03811773823181484,-0.6849837281165926,0.03455021005991044,0.821805540064022,0.9841231756854657,0
1.0595727735687044,-1.1099901739376037,1.5251962127575889,1.4030016649249641,0.7785050963005594,-1.177851894974348,0.38271364074285674,-0.3041918912684436,1.286865031430813,-0.7996548742607882,1.066572152642809,0.2463866020402601,0.9841231756854657,0
-0.9738162891597597,-1.1099901739376037,-1.179024470547907,-0.8458012125016953,-0.911310674287764,0.9048055324001227,-0.5470090877128896,1.4316811360790147,1.1861596045599256,1.035083464046342,-0.7394662468772634,0.4844909901880236,0.9841231756854657,0
0.0428782422044723,-1.1099901739376037,1.5251962127575889,1.7081893473802667,0.2715603651240624,-1.177851894974348,-0.6768630542149696,-0.3041918912684436,-1.4355383416454968,-1.2583394588375707,0.8085666669970842,1.734539027963782,-1.0161329645585022,0
1.2290218621294098,-1.1099901739376037,1.5251962127575889,0.45760681770611594,0.7785050963005594,-1.177851894974348,-0.8841543251310949,-1.461440576166749,-0.8682311036061672,-1.143668312693375,2.098594095225707,-0.20998014190961997,-1.0161329645585022,0
-0.2960199349169384,-1.1099901739376037,-1.179024470547907,0.7986905727213619,-0.06640278899360229,-1.177851894974348,-0.10423873363994345,-0.8828162337175963,-1.0964967378468442,-0.7996548742607882,-0.7394662468772634,-2.03544711770914,0.9841231756854657,0
-0.9738162891597597,-1.1099901739376037,-0.502969299721533,0.4365713717536987,-0.911310674287764,-1.177851894974348,1.0432269264503884,1.4316811360790147,0.5382880250238866,0.1177142948927768,-0.4814607612315388,1.4369085427790778,0.9841231756854657,0
1.398470950690115,0.9009088760241706,-0.502969299721533,1.0308069275326446,1.1164682504182242,0.9048055324001227,2.3226052134873454,0.853056793629862,0.32009293347029877,0.3470565871811683,1.3245776382885335,-0.26950623894656084,0.9841231756854657,0
0.38177641932588297,0.9009088760241706,-0.502969299721533,1.2190204747255189,0.4405419421828948,-1.177851894974348,-0.17011586786538893,0.2744324511807092,0.42415520790354816,-1.0289971665491795,-0.22345527558581418,-0.15045404487267908,0.9841231756854657,0
-0.634918112038349,0.9009088760241706,-1.179024470547907,0.19957517249849935,0.10257878806523006,-1.177851894974348,1.9662985980852963,-0.3041918912684436,-0.5896127559300467,1.1497546101905376,-0.7394662468772634,-2.154499311783022,0.9841231756854657,0
-0.12657084635623306,-1.1099901739376037,-0.502969299721533,-0.14937318618364132,0.10257878806523006,0.9048055324001227,-0.41367123430465613,1.4316811360790147,-0.33449234119046656,-0.45564143582820127,0.5505611813513597,1.337698381050843,-1.0161329645585022,0
-0.9738162891597597,0.9009088760241706,0.8491410419312149,-0.07791268097741909,-0.911310674287764,-1.177851894974348,-0.7257958293968509,1.4316811360790147,-0.915226969479248,-0.7996548742607882,-0.4814607612315388,0.5638591195706114,0.9841231756854657,0
0.890123685007999,-1.1099901739376037,-0.502969299721533,-0.12669533303974406,0.4405419421828948,-1.177851894974348,0.22435514500861276,1.4316811360790147,-0.025662365453080038,0.1177142948927768,1.8405886095799828,0.26622863438590705,0.9841231756854657,0
-0.9738162891597597,0.9009088760241706,-0.502969299721533,-0.29526316344222275,-0.911310674287764,-1.177851894974348,-0.2823920413409679,0.853056793629862,-1.4724636648314886,-0.11162799739561437,-0.7394662468772634,0.6233852166075523,0.9841231756854657,0
-0.2960199349169384,0.9009088760241706,0.8491410419312149,0.896271669222853,-0.5733475201700994,0.21058638994196582,-1.0171754615478599,1.4316811360790147,0.001192415045823164,-1.3730106049817663,-0.7394662468772634,-0.686188918205147,0.9841231756854657,0
-0.12657084635623306,0.9009088760241706,-1.179024470547907,-0.5787521201177798,-0.23538436605243465,0.9048055324001227,-1.042512820865339,-0.8828162337175963,0.001192415045823164,-0.7996548742607882,0.29255569570563505,0.4249648931510827,-1.0161329645585022,0
-0.12657084635623306,0.9009088760241706,-0.502969299721533,3.0748458468369,-0.404365943111267,-1.177851894974348,-0.5639534467564536,-1.461440576166749,-1.2945507440262551,-1.3730106049817663,0.03455021005991044,0.14717644031202531,0.9841231756854657,0
1.2290218621294098,0.9009088760241706,-0.502969299721533,-0.30077470295978553,1.4544314045358888,-1.177851894974348,-0.8841543251310949,0.2744324511807092,-0.7775962194223691,-0.7996548742607882,0.8085666669970842,0.20670253734896618,0.9841231756854657,0
-0.12657084635623306,0.9009088760241706,0.8491410419312149,0.17661305657146129,-0.404365943111267,0.9048055324001227,0.12775646261072396,0.2744324511807092,0.24624228709831483,-0.34097028968400567,0.5505611813513597,0.6630692812988462,0.9841231756854657,0
0.5512255078865883,-1.1099901739376037,1.5251962127575889,4.192235470232758,0.2715603651240624,-1.177851894974348,2.4413740852880284,-0.8828162337175963,1.706470976726175,-0.7996548742607882,1.066572152642809,-0.190138109563973,0.9841231756854657,0
0.5512255078865883,0.9009088760241706,-1.179024470547907,0.4351500578379948,-0.404365943111267,0.9048055324001227,-1.294461187578521,-0.8828162337175963,0.001192415045823164,-1.487681751125962,1.066572152642809,-0.6266628211682062,0.9841231756854657,0
-0.634918112038349,0.9009088760241706,-1.179024470547907,0.6502106456608312,-0.911310674287764,-1.177851894974348,-0.8613507017453639,-0.8828162337175963,-0.11629724963687813,-1.2583394588375707,-0.7394662468772634,0.782121475372728,0.9841231756854657,0
0.38177641932588297,-1.1099901739376037,1.5251962127575889,0.45673823697985244,0.4405419421828948,0.9048055324001227,0.06599664927436881,-0.8828162337175963,1.0720267874395872,-0.570312581972397,1.066572152642809,1.734539027963782,-1.0161329645585022,0
2.415165482054347,0.9009088760241706,-1.179024470547907,0.12129236049689854,2.2993392898300504,0.9048055324001227,-0.2507203421941191,-0.8828162337175963,-1.2878370489015294,-0.570312581972397,2.872610552162881,0.9408577341379036,-1.0161329645585022,0
0.21232733076517762,0.9009088760241706,1.5251962127575889,0.22539570863378627,0.10257878806523006,0.9048055324001227,-0.09157005398120394,-1.461440576166749,0.4308689030282738,-0.45564143582820127,0.03455021005991044,1.298014316359549,0.9841231756854657,0
0.890123685007999,0.9009088760241706,-0.502969299721533,-0.18402166097313338,0.4405419421828948,-1.177851894974348,1.0161476236798326,-0.8828162337175963,-1.5563848538905611,1.035083464046342,0.5505611813513597,-0.9044512740072636,0.9841231756854657,0
-0.8043672005990544,-1.1099901739376037,0.8491410419312149,-0.5640967944091887,-0.7423290972289317,0.9048055324001227,-0.5674373336626071,-0.8828162337175963,-0.522475804682789,0.003043148748581378,-0.7394662468772634,-0.8647672093159696,-1.0161329645585022,0
0.0428782422044723,-1.1099901739376037,0.8491410419312149,-0.5624543872177087,0.4405419421828948,-1.177851894974348,2.0027210521041723,1.4316811360790147,1.0317446166912327,4.131204409939624,-0.22345527558581418,-0.44808453005738347,-1.0161329645585022,0
-0.12657084635623306,0.9009088760241706,0.8491410419312149,-0.5849269394626709,-0.23538436605243465,0.9048055324001227,-1.2325430157464317,0.2744324511807092,-1.6067375673260047,-1.143668312693375,-0.4814607612315388,-0.7457150152420878,0.9841231756854657,0
-0.2960199349169384,0.9009088760241706,0.8491410419312149,3.4886534972056604,-0.7423290972289317,-1.177851894974348,-0.051663713056174454,-0.8828162337175963,-0.6601065547396678,-1.2583394588375707,0.03455021005991044,-1.8171847619070236,0.9841231756854657,0
0.0428782422044723,0.9009088760241706,0.8491410419312149,-0.6101157805243117,-0.7423290972289317,-1.177851894974348,-1.042512820865339,0.2744324511807092,-0.4687662436849826,-0.7996548742607882,0.5505611813513597,0.3455967637684949,-1.0161329645585022,0
0.38177641932588297,0.9009088760241706,-0.502969299721533,0.15393520342756403,0.4405419421828948,-1.177851894974348,-1.327558113186978,-0.3041918912684436,-0.5896127559300467,-1.487681751125962,0.29255569570563505,-0.03140185079879733,-1.0161329645585022,0
0.0428782422044723,0.9009088760241706,0.8491410419312149,0.5340261292404606,0.10257878806523006,-1.177851894974348,-0.9349874022617872,0.2744324511807092,-1.2240569452166343,-1.2583394588375707,0.5505611813513597,-1.0830295651180861,0.9841231756854657,0
-0.634918112038349,0.9009088760241706,0.8491410419312149,-0.2966055154737208,-0.404365943111267,-1.177851894974348,-0.5674373336626071,0.853056793629862,-1.6873019088227141,-0.45564143582820127,-0.4814607612315388,-0.7853990799333818,0.9841231756854657,0
-0.2960199349169384,0.9009088760241706,-1.179024470547907,0.2713673176183858,-0.7423290972289317,-1.177851894974348,1.0161476236798326,-0.8828162337175963,-1.2441980305908118,0.23238544103697253,-0.22345527558581418,0.782121475372728,-1.0161329645585022,0
1.398470950690115,0.9009088760241706,0.8491410419312149,-0.48791436852746145,1.6234129815947211,-1.177851894974348,0.06599664927436881,0.2744324511807092,-0.04244660326489417,0.6910700256137552,1.8405886095799828,1.1789621222856672,0.9841231756854657,0
1.7373691278115257,0.9009088760241706,1.5251962127575889,1.4101082345034834,1.6234129815947211,-1.177851894974348,2.4413740852880284,1.4316811360790147,-0.2874964753173858,0.1177142948927768,1.582583123934258,2.0520115454941332,-1.0161329645585022,0
2.415165482054347,0.9009088760241706,-1.179024470547907,0.11671257121296386,2.130357712771218,-1.177851894974348,0.8406864104062902,0.2744324511807092,-1.6067375673260047,0.3470565871811683,1.066572152642809,0.801963507718375,-1.0161329645585022,0
1.5679200392508204,-1.1099901739376037,0.8491410419312149,-0.015580169585383915,1.4544314045358888,-1.177851894974348,0.22783903191476612,-0.3041918912684436,-0.4419114631860794,0.003043148748581378,2.356599580871432,-0.7457150152420878,0.9841231756854657,0
0.0428782422044723,-1.1099901739376037,0.8491410419312149,-0.2982321302883597,-0.06640278899360229,0.21058638994196582,0.029890912246961183,0.853056793629862,-0.29085332287974863,0.23238544103697253,0.03455021005991044,1.0797519605574324,-1.0161329645585022,0
2.0762673049329363,0.9009088760241706,-0.502969299721533,1.5014355497758776,1.6234129815947211,-1.177851894974348,1.745388496536026,-1.461440576166749,-0.34456288387755507,-0.2262991435398101,2.6146050665171567,-0.44808453005738347,-1.0161329645585022,0
-0.8043672005990544,0.9009088760241706,-1.179024470547907,0.3646213028654007,-0.404365943111267,-1.177851894974348,0.8577891279455886,1.4316811360790147,-1.428824646520771,0.1177142948927768,-0.997471732522988,0.14717644031202531,-1.0161329645585022,0
0.0428782422044723,0.9009088760241706,-0.502969299721533,-0.6956472934960023,-0.06640278899360229,0.9048055324001227,-1.3530538310001914,0.2744324511807092,-0.7910236096718204,-1.2583394588375707,0.03455021005991044,0.3654387961141419,-1.0161329645585022,0
-0.12657084635623306,0.9009088760241706,-0.502969299721533,-0.4290719724173213,-0.06640278899360229,0.9048055324001227,-0.029651882149114545,-1.461440576166749,-0.8145215426083608,0.4617277333253637,-0.22345527558581418,0.8416475724096689,0.9841231756854657,0
0.38177641932588297,-1.1099901739376037,1.5251962127575889,0.5727332448781292,0.6095235192417271,-1.177851894974348,-0.5674373336626071,0.853056793629862,-1.8752853723150364,-1.0289971665491795,0.29255569570563505,0.40512286080543575,0.9841231756854657,0
0.21232733076517762,0.9009088760241706,0.8491410419312149,1.3080263106022634,-0.23538436605243465,-1.177851894974348,1.8999463883726482,1.4316811360790147,-0.1129404020745153,-0.11162799739561437,0.29255569570563505,0.46464895784237664,0.9841231756854657,0
-0.2960199349169384,-1.1099901739376037,-0.502969299721533,-0.4152852274349938,-0.06640278899360229,-1.177851894974348,0.06599664927436881,0.853056793629862,-0.7339572011116512,0.5763988794695595,0.03455021005991044,-1.6981325678331418,0.9841231756854657,0
1.0595727735687044,-1.1099901739376037,1.5251962127575889,-0.05622974757451453,1.4544314045358888,0.9048055324001227,0.5727438356239495,-1.461440576166749,-0.5896127559300467,0.3470565871811683,0.8085666669970842,1.0400678958661385,0.9841231756854657,0
0.0428782422044723,0.9009088760241706,-1.179024470547907,-0.47248521635365387,0.6095235192417271,0.9048055324001227,0.04493496934171436,-0.8828162337175963,-0.5392600424946031,0.6910700256137552,0.8085666669970842,-1.5393963090679663,-1.0161329645585022,0
0.7206745964472937,0.9009088760241706,-1.179024470547907,-0.11483525803203734,0.7785050963005594,-1.177851894974348,0.38271364074285674,-0.8828162337175963,-1.4858910550809403,0.3470565871811683,1.3245776382885335,-0.9639773710442044,0.9841231756854657,0
0.5512255078865883,-1.1099901739376037,-1.179024470547907,2.5354888005809646,0.2715603651240624,0.9048055324001227,-0.7257958293968509,0.853056793629862,-0.6265380791160384,-1.3730106049817663,0.8085666669970842,0.18686050500331922,0.9841231756854657,0
1.2290218621294098,-1.1099901739376037,-0.502969299721533,-0.3945182518888762,1.2854498274770565,0.9048055324001227,-0.6941241302500022,0.2744324511807092,0.6960598604549431,-0.570312581972397,1.066572152642809,1.0003838311748445,0.9841231756854657,0
-0.46546902347764374,0.9009088760241706,-1.179024470547907,-0.019559848549354743,-0.911310674287764,0.9048055324001227,-0.7257958293968509,0.853056793629862,-1.0192892439124976,-0.9143260204049839,-0.22345527558581418,-1.12271362980938,0.9841231756854657,0
-0.9738162891597597,-1.1099901739376037,0.8491410419312149,-0.48459796939081906,-0.404365943111267,0.9048055324001227,0.06599664927436881,-0.8828162337175963,-1.4321814940831339,0.6910700256137552,-0.7394662468772634,-3.106916864374076,0.9841231756854657,0
0.5512255078865883,0.9009088760241706,-0.502969299721533,-0.4707480549011269,0.10257878806523006,0.9048055324001227,-0.8841543251310949,1.4316811360790147,-0.22371637163249095,-0.6849837281165926,0.8085666669970842,1.1789621222856672,0.9841231756854657,0
0.0428782422044723,-1.1099901739376037,-0.502969299721533,0.963815664972469,-0.06640278899360229,-1.177851894974348,1.8386616505234956,-0.3041918912684436,0.48793531158844367,0.1177142948927768,-0.22345527558581418,0.028124246238143545,-1.0161329645585022,0
0.0428782422044723,-1.1099901739376037,-0.502969299721533,-0.4545134915084206,-0.7423290972289317,0.9048055324001227,-0.7381477920641221,-0.8828162337175963,-0.09279931670033775,-0.45564143582820127,0.29255569570563505,0.16701847265767225,-1.0161329645585022,0
-0.46546902347764374,-1.1099901739376037,1.5251962127575889,-0.6199544312963507,-0.404365943111267,0.9048055324001227,-0.2507203421941191,-0.8828162337175963,0.13210946997797635,0.6910700256137552,-0.7394662468772634,1.3773824457421369,0.9841231756854657,0
-0.9738162891597597,0.9009088760241706,-1.179024470547907,0.0784476421268475,-0.911310674287764,-1.177851894974348,-0.5674373336626071,-0.8828162337175963,-1.3818287806476905,-0.7996548742607882,-0.4814607612315388,-0.5274526594399713,0.9841231756854657,0
-0.12657084635623306,-1.1099901739376037,-0.502969299721533,-0.5804419044397833,0.2715603651240624,-1.177851894974348,-0.09236184645987515,0.2744324511807092,0.13210946997797635,0.8057411717579506,-0.22345527558581418,0.08765034327508442,-1.0161329645585022,0
-0.634918112038349,0.9009088760241706,-0.502969299721533,0.23003866742508558,-0.7423290972289317,0.9048055324001227,-0.5995841082966585,0.2744324511807092,0.001192415045823164,-0.9143260204049839,-0.7394662468772634,0.8614896047553159,0.9841231756854657,0
0.7206745964472937,0.9009088760241706,-1.179024470547907,-0.6832660700525375,0.6095235192417271,-1.177851894974348,0.06599664927436881,1.4316811360790147,-0.9320112072910621,1.4937680486231246,0.8085666669970842,-0.32903233598350173,0.9841231756854657,0
-0.2960199349169384,-1.1099901739376037,-1.179024470547907,-0.7738353512365561,-0.911310674287764,0.21058638994196582,-0.17154109432699713,-0.8828162337175963,-1.428824646520771,1.6084391947673204,-0.7394662468772634,-1.102871597463733,-1.0161329645585022,0
-0.9738162891597597,-1.1099901739376037,-1.179024470547907,-0.4518287874454244,-0.911310674287764,0.9048055324001227,0.06599664927436881,-0.8828162337175963,0.273097067597218,0.5763988794695595,-0.4814607612315388,1.1392780575943733,-1.0161329645585022,0
-0.8043672005990544,-1.1099901739376037,-0.502969299721533,-0.4848664397971187,-0.911310674287764,0.9048055324001227,-0.09236184645987515,-0.8828162337175963,0.0045492626081859895,0.4617277333253637,-0.4814607612315388,0.12733440796637835,0.9841231756854657,0
-0.8043672005990544,0.9009088760241706,1.5251962127575889,-0.3923389038847969,-0.404365943111267,0.9048055324001227,-0.023159183824010544,-0.8828162337175963,0.726271488516209,0.3470565871811683,-0.7394662468772634,1.4369085427790778,-1.0161329645585022,0
0.38177641932588297,0.9009088760241706,-0.502969299721533,0.39473736550148153,-0.06640278899360229,0.9048055324001227,-1.1189999743049788,0.853056793629862,-0.5090484144333371,-1.3730106049817663,0.5505611813513597,-0.7060309505507939,0.9841231756854657,0
-0.8043672005990544,-1.1099901739376037,-1.179024470547907,-0.10975011268918572,-0.911310674287764,0.9048055324001227,0.30353439287573475,0.853056793629862,0.04483143335654109,0.23238544103697253,-0.4814607612315388,0.12733440796637835,0.9841231756854657,0
-0.634918112038349,0.9009088760241706,-0.502969299721533,-0.41253735386463297,-0.404365943111267,0.9048055324001227,0.11809659437093507,-0.8828162337175963,0.7598399641398379,0.5763988794695595,-0.4814607612315388,-1.0036614357354983,0.9841231756854657,0
0.21232733076517762,0.9009088760241706,-0.502969299721533,0.13337352878038142,-0.23538436605243465,-1.177851894974348,3.229841035548829,1.4316811360790147,-1.0528577195361266,2.2964660716324943,0.29255569570563505,-0.44808453005738347,-1.0161329645585022,0
-0.8043672005990544,0.9009088760241706,0.8491410419312149,-0.4851349102034183,-0.7423290972289317,0.9048055324001227,0.06599664927436881,-0.8828162337175963,-1.368401390398239,0.6910700256137552,-0.7394662468772634,-0.30919030363785477,0.9841231756854657,0
1.7373691278115257,0.9009088760241706,-0.502969299721533,-0.25642970878982485,1.7923945586535535,0.21058638994196582,0.0026532509806712224,-0.8828162337175963,-0.7238866584245627,0.1177142948927768,1.582583123934258,1.337698381050843,0.9841231756854657,0
0.5512255078865883,0.9009088760241706,0.8491410419312149,-0.4327358038444691,0.7785050963005594,0.9048055324001227,-0.09236184645987515,0.853056793629862,0.1656779456016052,0.3470565871811683,-0.22345527558581418,-0.9639773710442044,0.9841231756854657,0
-0.8043672005990544,0.9009088760241706,-0.502969299721533,1.0265903629160564,-0.7423290972289317,0.9048055324001227,2.2755727402542747,1.4316811360790147,-0.1397951825734185,0.3470565871811683,-0.4814607612315388,1.0797519605574324,0.9841231756854657,0
-0.12657084635623306,-1.1099901739376037,-0.502969299721533,-0.11038180776283188,-0.23538436605243465,-1.177851894974348,0.06599664927436881,0.853056793629862,-1.0092187012254088,0.003043148748581378,0.29255569570563505,1.4369085427790778,0.9841231756854657,0
-0.634918112038349,0.9009088760241706,1.5251962127575889,0.7502711453263834,-0.7423290972289317,-1.177851894974348,-0.93023664738976,-0.3041918912684436,-0.6097538413042243,-1.2583394588375707,-0.4814607612315388,1.337698381050843,-1.0161329645585022,0
0.0428782422044723,-1.1099901739376037,1.5251962127575889,-0.7915228132986487,-0.23538436605243465,0.9048055324001227,-0.7257958293968509,-1.461440576166749,0.34023401884447574,0.3470565871811683,-0.22345527558581418,-1.0631875327724392,0.9841231756854657,0
-0.8043672005990544,-1.1099901739376037,-0.502969299721533,-0.3023697330207421,-0.911310674287764,0.9048055324001227,-0.4090788379283631,1.4316811360790147,-0.10286985938742682,-0.2262991435398101,-0.7394662468772634,0.305912699077201,-1.0161329645585022,0
-0.46546902347764374,0.9009088760241706,0.8491410419312149,-0.14686219826589783,-0.911310674287764,0.9048055324001227,-0.5674373336626071,0.853056793629862,0.4140846652164597,-0.6849837281165926,-0.4814607612315388,0.305912699077201,0.9841231756854657,0
-0.12657084635623306,-1.1099901739376037,-0.502969299721533,-0.5034066902086336,-0.5733475201700994,-1.177851894974348,-1.042512820865339,0.2744324511807092,-0.48890732905915957,-0.9143260204049839,0.03455021005991044,-0.5472946917856183,0.9841231756854657,0
0.38177641932588297,0.9009088760241706,-0.502969299721533,-0.6428849624697065,-0.404365943111267,0.9048055324001227,-0.5674373336626071,0.2744324511807092,0.32009293347029877,0.1177142948927768,0.8085666669970842,-0.11076998018138517,0.9841231756854657,0
0.38177641932588297,-1.1099901739376037,-1.179024470547907,1.123002823531302,0.10257878806523006,0.9048055324001227,-1.031586084659676,-0.8828162337175963,0.5819270433346045,-1.3730106049817663,0.29255569570563505,-0.011559818453150373,0.9841231756854657,0
-0.634918112038349,-1.1099901739376037,0.8491410419312149,-0.20030360149636325,-0.7423290972289317,0.9048055324001227,0.18872448346840787,-0.8828162337175963,-0.5560442803064178,0.23238544103697253,-0.4814607612315388,0.0479662785837905,-1.0161329645585022,0
-0.8043672005990544,-1.1099901739376037,-0.502969299721533,-0.7875589267115191,-0.23538436605243465,0.9048055324001227,-0.8841543251310949,1.4316811360790147,0.058258823605992396,-0.11162799739561437,-0.4814607612315388,-0.36871640067479566,-1.0161329645585022,0
-0.2960199349169384,0.9009088760241706,0.8491410419312149,0.3613996579898052,-0.7423290972289317,-1.177851894974348,0.06599664927436881,-0.8828162337175963,0.2193875065994116,-0.45564143582820127,-0.997471732522988,-0.30919030363785477,0.9841231756854657,0
0.5512255078865883,0.9009088760241706,-1.179024470547907,-0.2051360688097564,-0.06640278899360229,0.9048055324001227,0.9952443022429124,0.853056793629862,0.001192415045823164,1.1497546101905376,0.29255569570563505,-0.03140185079879733,-1.0161329645585022,0
-0.8043672005990544,-1.1099901739376037,-0.502969299721533,0.02525891692584055,-0.911310674287764,-1.177851894974348,-1.0084657442824765,0.853056793629862,-1.2274137927789974,-1.143668312693375,-0.997471732522988,-1.0433455004267922,0.9841231756854657,0
-0.634918112038349,0.9009088760241706,1.5251962127575889,-0.5989979472281393,-0.7423290972289317,0.9048055324001227,-0.09236184645987515,-1.461440576166749,0.6692050799560398,0.8057411717579506,-0.4814607612315388,-0.8052411122790287,0.9841231756854657,0
0.38177641932588297,-1.1099901739376037,-0.502969299721533,0.26680332071129226,-0.5733475201700994,-1.177851894974348,0.7705335967960202,-0.3041918912684436,0.3335203237197501,0.1177142948927768,0.8085666669970842,-0.4282424977117365,0.9841231756854657,0
2.0762673049329363,0.9009088760241706,0.8491410419312149,1.0700667763597536,2.130357712771218,-1.177851894974348,0.3508835831002737,0.2744324511807092,-0.2673553899432083,-0.6849837281165926,1.3245776382885335,1.1392780575943733,-1.0161329645585022,0
-0.634918112038349,-1.1099901739376037,1.5251962127575889,-0.471774559395802,-0.404365943111267,0.9048055324001227,0.053169611119895044,1.4316811360790147,-1.2979075915886182,0.6910700256137552,-0.4814607612315388,-0.9242933063529105,0.9841231756854657,0
1.0595727735687044,-1.1099901739376037,1.5251962127575889,-0.5728931483097116,1.2854498274770565,-1.177851894974348,1.3563016725169885,0.853056793629862,-0.4956210241838858,3.213835240786059,1.3245776382885335,0.6630692812988462,-1.0161329645585022,0
-0.2960199349169384,0.9009088760241706,-0.502969299721533,0.5331417561373559,-0.911310674287764,-1.177851894974348,0.8691909396384542,-1.461440576166749,-1.4858910550809403,-0.11162799739561437,-0.7394662468772634,1.1591200899400202,-1.0161329645585022,0
1.906818216372231,0.9009088760241706,-0.502969299721533,0.4532165369442751,2.130357712771218,0.9048055324001227,-1.2800505644667048,-0.8828162337175963,0.8404043056365476,-1.487681751125962,2.098594095225707,-0.40840046536608954,0.9841231756854657,0
-0.2960199349169384,-1.1099901739376037,-0.502969299721533,-0.46710001585082034,-0.7423290972289317,0.9048055324001227,-1.042512820865339,1.4316811360790147,0.03476089066945202,-0.9143260204049839,-0.7394662468772634,0.26622863438590705,0.9841231756854657,0
-0.8043672005990544,0.9009088760241706,-0.502969299721533,0.08748088167998765,-0.7423290972289317,0.9048055324001227,0.06599664927436881,-1.461440576166749,-0.2606416948184826,-0.2262991435398101,-0.997471732522988,-0.5274526594399713,0.9841231756854657,0
0.7206745964472937,0.9009088760241706,0.8491410419312149,-0.7939706317090276,0.4405419421828948,0.9048055324001227,-0.963333572998217,0.2744324511807092,0.665848232393677,-0.2262991435398101,-0.22345527558581418,0.2463866020402601,-1.0161329645585022,0
1.5679200392508204,0.9009088760241706,0.8491410419312149,-0.018517551677838574,0.6095235192417271,0.9048055324001227,-0.09236184645987515,-0.8828162337175963,-0.37813135950118393,-0.34097028968400567,2.098594095225707,-1.0433455004267922,-1.0161329645585022,0
-0.46546902347764374,-1.1099901739376037,-1.179024470547907,-0.7374655073713783,-0.5733475201700994,0.21058638994196582,-0.3615712892080899,0.2744324511807092,0.12203892729088728,0.9204123179021463,-0.4814607612315388,-0.24966420660091387,0.9841231756854657,0
-0.12657084635623306,-1.1099901739376037,-0.502969299721533,-0.5642863029312826,-0.06640278899360229,-1.177851894974348,0.6994306322113446,0.853056793629862,0.8941138666343539,2.0671237793441026,0.29255569570563505,-0.9044512740072636,-1.0161329645585022,0
-0.8043672005990544,-1.1099901739376037,-0.502969299721533,-0.7701873121862496,-0.7423290972289317,0.9048055324001227,-0.8841543251310949,1.4316811360790147,0.44765314084008856,-0.11162799739561437,-0.4814607612315388,0.10749237562073138,-1.0161329645585022,0
1.398470950690115,-1.1099901739376037,-1.179024470547907,1.519217766099017,0.6095235192417271,-1.177851894974348,0.06599664927436881,-1.461440576166749,0.9008275617590796,-0.9143260204049839,2.356599580871432,0.6630692812988462,-1.0161329645585022,0
-0.46546902347764374,-1.1099901739376037,-0.502969299721533,-0.7024064307840162,-0.404365943111267,-1.177851894974348,-1.042512820865339,-0.8828162337175963,0.12875262241561353,-0.6849837281165926,-0.7394662468772634,-0.13061201252703214,0.9841231756854657,0
0.21232733076517762,0.9009088760241706,0.8491410419312149,0.7430224443562937,0.6095235192417271,-1.177851894974348,0.8577891279455886,-0.3041918912684436,0.9276823422579827,-0.2262991435398101,-0.22345527558581418,0.9210157017922567,0.9841231756854657,0
0.0428782422044723,0.9009088760241706,-0.502969299721533,-0.17333022185167207,0.4405419421828948,0.9048055324001227,-0.5674373336626071,1.4316811360790147,-1.0931398902844813,-0.570312581972397,0.03455021005991044,-0.38855843302044263,0.9841231756854657,0
-0.9738162891597597,0.9009088760241706,-1.179024470547907,-0.615264095374528,-0.911310674287764,0.9048055324001227,0.06599664927436881,0.2744324511807092,0.25966967734776614,1.1497546101905376,-0.4814607612315388,0.821805540064022,0.9841231756854657,0
-0.8043672005990544,0.9009088760241706,-1.179024470547907,-0.10682852297357222,-0.911310674287764,-1.177851894974348,0.8577891279455886,0.2744324511807092,-1.0125755487877717,0.8057411717579506,-0.4814607612315388,-0.5274526594399713,0.9841231756854657,0
-1.143265377720465,-1.1099901739376037,-1.179024470547907,-0.8729641006684803,-0.911310674287764,0.9048055324001227,-0.8160601719653701,0.2744324511807092,-0.7272435059869256,0.4617277333253637,-0.4814607612315388,-1.5592383414136133,0.9841231756854657,0
-0.46546902347764374,0.9009088760241706,-1.179024470547907,0.4577015719671629,-0.911310674287764,-1.177851894974348,-0.0017807868998876084,-1.461440576166749,0.6792756226431284,-0.570312581972397,-0.4814607612315388,1.3972244780877838,0.9841231756854657,0
0.38177641932588297,-1.1099901739376037,-1.179024470547907,-0.6022037997268935,0.2715603651240624,0.9048055324001227,-0.8841543251310949,1.4316811360790147,0.041474585794178266,-0.45564143582820127,0.8085666669970842,0.32575473142284794,0.9841231756854657,0
-0.8043672005990544,0.9009088760241706,-0.502969299721533,-0.014158855669680047,-0.911310674287764,0.9048055324001227,0.0026532509806712224,0.853056793629862,0.8974707141967168,-0.2262991435398101,-0.4814607612315388,0.5837011519162584,-1.0161329645585022,0
-0.46546902347764374,0.9009088760241706,1.5251962127575889,0.06033378589004377,-0.23538436605243465,0.9048055324001227,-1.3552708499404706,-1.461440576166749,-0.87158795116853,-1.487681751125962,-0.4814607612315388,-0.8647672093159696,0.9841231756854657,0
-0.9738162891597597,-1.1099901739376037,-1.179024470547907,-0.4871089573085626,-0.911310674287764,0.9048055324001227,-0.4882580857954851,1.4316811360790147,-1.5933101770765532,-0.11162799739561437,-0.4814607612315388,-0.07108591549009124,-1.0161329645585022,0
-0.9738162891597597,-1.1099901739376037,-0.502969299721533,-0.09094139187137121,-0.911310674287764,-1.177851894974348,0.38271364074285674,1.4316811360790147,0.8336906105118219,0.23238544103697253,-0.7394662468772634,-0.20998014190961997,-1.0161329645585022,0
0.38177641932588297,0.9009088760241706,-1.179024470547907,0.9336996023363882,-0.06640278899360229,-1.177851894974348,-0.4736891041879346,1.4316811360790147,0.8135495251376443,-1.0289971665491795,0.8085666669970842,-0.5274526594399713,0.9841231756854657,0
-0.12657084635623306,0.9009088760241706,-1.179024470547907,0.2178153677500323,-0.23538436605243465,-1.177851894974348,0.519852098048712,0.853056793629862,0.001192415045823164,0.003043148748581378,-0.22345527558581418,0.3654387961141419,-1.0161329645585022,0
-0.634918112038349,-1.1099901739376037,-0.502969299721533,-0.32010457221335814,-0.911310674287764,0.9048055324001227,0.09038385761744237,-0.8828162337175963,-0.22707321919485376,0.3470565871811683,-0.7394662468772634,0.22654456969461315,-1.0161329645585022,0
-0.9738162891597597,0.9009088760241706,0.8491410419312149,-0.25995140882540224,-0.911310674287764,0.9048055324001227,0.38271364074285674,-0.8828162337175963,0.34359086640683856,0.5763988794695595,-0.7394662468772634,0.7027533459901402,0.9841231756854657,0
-0.2960199349169384,0.9009088760241706,-0.502969299721533,-0.18280564795636453,-0.23538436605243465,-1.177851894974348,0.5410721364771007,-1.461440576166749,-0.780953066984732,0.5763988794695595,-0.4814607612315388,0.9210157017922567,0.9841231756854657,0
0.0428782422044723,0.9009088760241706,-0.502969299721533,-0.47166401275791386,-0.23538436605243465,0.9048055324001227,0.38271364074285674,0.853056793629862,-0.6802476401138448,1.1497546101905376,-0.22345527558581418,0.6630692812988462,-1.0161329645585022,0
0.21232733076517762,-1.1099901739376037,-0.502969299721533,-0.3396555347427069,0.2715603651240624,0.9048055324001227,-0.3298995900612411,1.4316811360790147,0.3133792383455725,-0.11162799739561437,0.5505611813513597,-0.15045404487267908,-1.0161329645585022,0
-0.634918112038349,-1.1099901739376037,-0.502969299721533,0.5536718460308562,-0.911310674287764,-1.177851894974348,4.024959042630468,-0.8828162337175963,-1.0427871768490378,1.8377814870557112,-0.22345527558581418,-2.7299182498067838,0.9841231756854657,0
0.0428782422044723,-1.1099901739376037,1.5251962127575889,-0.30004825362509246,0.10257878806523006,0.9048055324001227,-0.2507203421941191,1.4316811360790147,-1.2979075915886182,-0.11162799739561437,0.29255569570563505,-0.46792656240303043,0.9841231756854657,0
-0.8043672005990544,-1.1099901739376037,0.8491410419312149,-0.07772317245532524,-0.911310674287764,0.9048055324001227,-0.18737694390042153,0.2744324511807092,0.984748750818152,-0.34097028968400567,-0.4814607612315388,0.5043330225336705,-1.0161329645585022,0
0.21232733076517762,-1.1099901739376037,-1.179024470547907,-0.49110442864937454,0.4405419421828948,-1.177851894974348,-1.0087824612739449,1.4316811360790147,-0.5862559083676839,-0.7996548742607882,0.29255569570563505,-0.9242933063529105,0.9841231756854657,0
0.38177641932588297,-1.1099901739376037,-1.179024470547907,-0.4520498807212005,-0.06640278899360229,0.9048055324001227,-0.7257958293968509,0.2744324511807092,0.001192415045823164,-0.45564143582820127,0.29255569570563505,-0.07108591549009124,-1.0161329645585022,0
1.7373691278115257,0.9009088760241706,-0.502969299721533,0.9312833686796915,1.2854498274770565,-1.177851894974348,-0.2507203421941191,1.4316811360790147,0.6255660616453219,-0.9143260204049839,0.5505611813513597,1.6750129309268411,-1.0161329645585022,0
0.890123685007999,0.9009088760241706,-1.179024470547907,0.21235120536299298,0.6095235192417271,0.9048055324001227,1.2547938767513382,0.2744324511807092,0.17239164072633087,0.5763988794695595,1.3245776382885335,0.6233852166075523,0.9841231756854657,0
-0.46546902347764374,0.9009088760241706,0.8491410419312149,-0.14087688744310042,-0.911310674287764,0.9048055324001227,-0.4090788379283631,1.4316811360790147,-1.1535631464070133,-0.45564143582820127,-0.22345527558581418,-0.2893482712922078,0.9841231756854657,0
-0.634918112038349,0.9009088760241706,-0.502969299721533,0.763347233350859,-0.404365943111267,-1.177851894974348,0.8577891279455886,-1.461440576166749,-1.1804179269059165,-0.2262991435398101,-0.7394662468772634,1.5361187045073124,-1.0161329645585022,0
-0.634918112038349,-1.1099901739376037,0.8491410419312149,-0.355147856423879,-0.911310674287764,-1.177851894974348,0.22435514500861276,0.853056793629862,0.0045492626081859895,0.5763988794695595,-0.4814607612315388,-2.670392152769843,0.9841231756854657,0
-0.46546902347764374,0.9009088760241706,-0.502969299721533,-0.2931785696991904,-0.911310674287764,0.9048055324001227,-0.7257958293968509,-0.8828162337175963,0.11868207972852446,-0.6849837281165926,-0.7394662468772634,-0.5076106270943244,0.9841231756854657,0
0.890123685007999,0.9009088760241706,-0.502969299721533,2.018067365757392,0.6095235192417271,0.9048055324001227,1.0052208874741697,-1.461440576166749,-0.4452683107484422,-0.6849837281165926,0.5505611813513597,-0.46792656240303043,0.9841231756854657,0
-0.12657084635623306,-1.1099901739376037,1.5251962127575889,0.5727332448781292,-0.23538436605243465,-1.177851894974348,1.6495816066168083,1.4316811360790147,1.8306743365336027,0.3470565871811683,-0.22345527558581418,1.1194360252487263,0.9841231756854657,0
0.0428782422044723,0.9009088760241706,-1.179024470547907,0.31634400686199265,0.10257878806523006,-1.177851894974348,1.3697621446543993,-1.461440576166749,-0.522475804682789,0.4617277333253637,0.03455021005991044,-0.5076106270943244,0.9841231756854657,0
0.21232733076517762,-1.1099901739376037,0.17308587110484092,-0.45448190675473826,-0.06640278899360229,0.9048055324001227,0.06599664927436881,-0.8828162337175963,-0.059230841076708896,0.6910700256137552,0.29255569570563505,1.5162766721616654,-1.0161329645585022,0
-0.46546902347764374,-1.1099901739376037,0.8491410419312149,-0.3374919791154688,-0.404365943111267,0.9048055324001227,-1.042512820865339,-0.8828162337175963,0.9478234276321603,-1.0289971665491795,-0.4814607612315388,1.0995939929030794,0.9841231756854657,0
-0.8043672005990544,-1.1099901739376037,0.8491410419312149,-0.45171824080753625,-0.911310674287764,-1.177851894974348,0.8246922023371316,-0.8828162337175963,0.6927030128925802,1.7231103409115156,-0.4814607612315388,-1.6187644384505542,0.9841231756854657,0
-0.9738162891597597,-1.1099901739376037,-0.502969299721533,-0.24340099789587274,-0.911310674287764,0.9048055324001227,-0.725162395413914,0.853056793629862,-1.7812936405688753,-0.6849837281165926,-0.7394662468772634,0.801963507718375,0.9841231756854657,0
-0.46546902347764374,-1.1099901739376037,-0.502969299721533,0.5649949802259637,-0.404365943111267,-1.177851894974348,-0.8624592112155035,-0.8828162337175963,-0.11965409719924096,-1.143668312693375,-0.4814607612315388,-0.8449251769703227,0.9841231756854657,0
0.38177641932588297,-1.1099901739376037,-0.502969299721533,-0.3189517287039539,0.2715603651240624,-1.177851894974348,-0.17154109432699713,0.2744324511807092,0.5987112811464187,0.003043148748581378,1.066572152642809,0.9805417988291976,0.9841231756854657,0
1.398470950690115,-1.1099901739376037,0.8491410419312149,0.34559148877181,1.4544314045358888,0.9048055324001227,-0.5674373336626071,1.4316811360790147,0.5147900920873463,-0.9143260204049839,1.8405886095799828,0.16701847265767225,0.9841231756854657,0
-0.12657084635623306,-1.1099901739376037,-1.179024470547907,0.15095044420458592,-0.06640278899360229,0.9048055324001227,0.38271364074285674,1.4316811360790147,1.0317446166912327,-0.11162799739561437,0.29255569570563505,-0.46792656240303043,0.9841231756854657,0
-0.2960199349169384,-1.1099901739376037,-1.179024470547907,-0.646833056679995,-0.5733475201700994,0.9048055324001227,-1.1790178441882573,0.853056793629862,-0.3915587497506358,-1.0289971665491795,-0.22345527558581418,0.12733440796637835,-1.0161329645585022,0
0.21232733076517762,0.9009088760241706,-0.502969299721533,0.4607810854511879,0.6095235192417271,-1.177851894974348,0.38271364074285674,-0.8828162337175963,-0.9320112072910621,-0.34097028968400567,0.8085666669970842,-1.4005020826484376,0.9841231756854657,0
0.5512255078865883,-1.1099901739376037,1.5251962127575889,-0.03298336886433571,0.2715603651240624,-1.177851894974348,-0.4923754066845754,0.2744324511807092,-1.1602768415317393,-0.6849837281165926,0.29255569570563505,-0.686188918205147,0.9841231756854657,0
0.0428782422044723,-1.1099901739376037,-0.502969299721533,0.2345710795784968,-0.06640278899360229,-1.177851894974348,-0.5384577289432404,1.4316811360790147,-1.173704231781191,-0.7996548742607882,0.29255569570563505,-0.6663468858595001,0.9841231756854657,0
1.5679200392508204,0.9009088760241706,0.17308587110484092,-0.1460725794238401,2.130357712771218,0.9048055324001227,-0.3298995900612411,-1.461440576166749,0.5785701957722418,-0.34097028968400567,2.356599580871432,1.1591200899400202,0.9841231756854657,0
0.0428782422044723,-1.1099901739376037,-1.179024470547907,3.093086042088433,-0.23538436605243465,-1.177851894974348,4.024959042630468,-0.3041918912684436,1.0988815679384905,-0.11162799739561437,0.03455021005991044,-2.03544711770914,0.9841231756854657,0
0.21232733076517762,0.9009088760241706,0.8491410419312149,0.46147595003219866,-0.06640278899360229,0.9048055324001227,-0.3862752145426319,0.853056793629862,-1.5127458355798435,-0.7996548742607882,0.03455021005991044,0.16701847265767225,0.9841231756854657,0
1.2290218621294098,0.9009088760241706,-1.179024470547907,1.8708508288441539,0.7785050963005594,-1.177851894974348,-0.29363549453809923,-1.461440576166749,-0.06930138376379737,-1.143668312693375,1.582583123934258,1.5758027691986063,-1.0161329645585022,0
1.7373691278115257,0.9009088760241706,-1.179024470547907,0.3954322300824923,1.2854498274770565,0.9048055324001227,1.2997676895398635,0.2744324511807092,-1.1871316220306425,0.3470565871811683,1.066572152642809,0.16701847265767225,-1.0161329645585022,0
-0.46546902347764374,-1.1099901739376037,-0.502969299721533,-0.2949631082822408,-0.911310674287764,-1.177851894974348,-0.2507203421941191,-1.461440576166749,-1.1804179269059165,-0.11162799739561437,-0.4814607612315388,-0.4877685947486774,0.9841231756854657,0
0.38177641932588297,0.9009088760241706,0.8491410419312149,0.46052840742172946,-0.06640278899360229,-1.177851894974348,1.3328646151483206,0.853056793629862,-0.08944246913797492,0.3470565871811683,0.29255569570563505,0.6035431842619053,-1.0161329645585022,0
0.7206745964472937,0.9009088760241706,-1.179024470547907,-0.3356126862713714,0.7785050963005594,0.21058638994196582,0.3956990373930647,0.2744324511807092,-0.8447331706696268,0.8057411717579506,1.3245776382885335,-0.46792656240303043,0.9841231756854657,0
-0.12657084635623306,-1.1099901739376037,-0.502969299721533,-0.8375417994137717,-0.911310674287764,0.9048055324001227,-0.5674373336626071,1.4316811360790147,-1.5026752928927547,0.9204123179021463,0.03455021005991044,-0.11076998018138517,-1.0161329645585022,0
-0.634918112038349,-1.1099901739376037,0.8491410419312149,0.4070238346838994,-0.5733475201700994,-1.177851894974348,0.06599664927436881,-0.8828162337175963,-1.2811233537768034,-0.570312581972397,-0.4814607612315388,0.06780831092943747,-1.0161329645585022,0
2.5846145706150523,-1.1099901739376037,0.8491410419312149,-0.3601856246362072,2.2993392898300504,-1.177851894974348,-0.3298995900612411,-0.8828162337175963,-1.365044542835876,-0.11162799739561437,1.582583123934258,0.46464895784237664,-1.0161329645585022,0
0.21232733076517762,0.9009088760241706,-1.179024470547907,0.34028525015318223,0.7785050963005594,-1.177851894974348,0.21897095615364848,-0.8828162337175963,-0.34456288387755507,-0.34097028968400567,0.8085666669970842,0.06780831092943747,-1.0161329645585022,0
0.21232733076517762,-1.1099901739376037,-0.502969299721533,1.4030174573018053,0.6095235192417271,-1.177851894974348,2.4413740852880284,-0.3041918912684436,-0.22707321919485376,0.1177142948927768,0.03455021005991044,-0.40840046536608954,0.9841231756854657,0
-0.8043672005990544,0.9009088760241706,-0.502969299721533,0.6474469797136292,-0.911310674287764,-1.177851894974348,0.06599664927436881,-0.8828162337175963,0.6121386713958706,-0.6849837281165926,-0.4814607612315388,0.6630692812988462,0.9841231756854657,0
1.0595727735687044,-1.1099901739376037,1.5251962127575889,0.04078282336069501,0.9474866733593919,-1.177851894974348,-1.121692068732461,-0.8828162337175963,-0.3647039692517326,-1.2583394588375707,1.066572152642809,0.18686050500331922,0.9841231756854657,0
-0.46546902347764374,0.9009088760241706,-0.502969299721533,-0.15504264946961563,-0.7423290972289317,-1.177851894974348,-0.8841543251310949,-0.8828162337175963,-0.6567497071773044,-0.9143260204049839,-0.22345527558581418,1.1194360252487263,0.9841231756854657,0
-0.46546902347764374,0.9009088760241706,-0.502969299721533,-0.40492542822719674,-0.06640278899360229,-1.177851894974348,1.5455400749194101,1.4316811360790147,-0.3848450546259102,2.525808363920885,-0.22345527558581418,-0.46792656240303043,0.9841231756854657,0
0.0428782422044723,0.9009088760241706,1.5251962127575889,-0.39094917472277535,-0.06640278899360229,0.9048055324001227,0.13852484032065254,1.4316811360790147,1.4748484949231353,0.5763988794695595,0.8085666669970842,0.40512286080543575,0.9841231756854657,0
0.5512255078865883,0.9009088760241706,-0.502969299721533,-0.7962131492204715,0.2715603651240624,0.9048055324001227,-1.121692068732461,0.2744324511807092,-0.47547993880970824,-0.6849837281165926,0.29255569570563505,-1.6187644384505542,0.9841231756854657,0
-0.12657084635623306,0.9009088760241706,-1.179024470547907,-0.1462778803227751,-0.7423290972289317,0.9048055324001227,-1.2844846023472636,-1.461440576166749,0.4040141225293712,-1.3730106049817663,0.8085666669970842,0.06780831092943747,0.9841231756854657,0
-0.46546902347764374,0.9009088760241706,-0.502969299721533,-0.5189148042666469,-0.06640278899360229,0.9048055324001227,-1.183451882068816,1.4316811360790147,-0.20021843869595057,-1.143668312693375,-0.7394662468772634,0.6035431842619053,-1.0161329645585022,0
-0.2960199349169384,0.9009088760241706,0.8491410419312149,0.19466374330090042,-0.911310674287764,-1.177851894974348,0.06599664927436881,-1.461440576166749,-0.07601507888852362,-0.34097028968400567,-0.7394662468772634,-0.686188918205147,0.9841231756854657,0
1.5679200392508204,0.9009088760241706,-0.502969299721533,-0.2983742616799301,1.1164682504182242,0.9048055324001227,0.06599664927436881,-1.461440576166749,-1.2509117257155373,0.23238544103697253,2.098594095225707,0.3654387961141419,0.9841231756854657,0
2.754063659175758,0.9009088760241706,-1.179024470547907,-0.4306670024782779,2.637302443947715,0.9048055324001227,-0.2790665129305488,0.2744324511807092,0.01797665285763789,0.1177142948927768,1.8405886095799828,-0.38855843302044263,-1.0161329645585022,0
-0.2960199349169384,-1.1099901739376037,-1.179024470547907,-0.11294017281109885,-0.404365943111267,-1.177851894974348,-0.4090788379283631,1.4316811360790147,-0.18343420088413584,-0.45564143582820127,-0.7394662468772634,-0.03140185079879733,0.9841231756854657,0
-0.634918112038349,-1.1099901739376037,-1.179024470547907,0.7966849408625353,-0.404365943111267,-1.177851894974348,-0.2507203421941191,-1.461440576166749,0.31673608590793534,-0.9143260204049839,-0.4814607612315388,-0.5869787564769122,0.9841231756854657,0
0.38177641932588297,0.9009088760241706,-0.502969299721533,2.068050238459645,0.4405419421828948,0.9048055324001227,1.3108527842412605,-0.8828162337175963,-1.559741701452924,-0.6849837281165926,0.8085666669970842,-0.6266628211682062,-1.0161329645585022,0
0.38177641932588297,-1.1099901739376037,1.5251962127575889,-0.3540265976681571,0.10257878806523006,-1.177851894974348,-0.6548512233079097,0.2744324511807092,-0.3647039692517326,-0.570312581972397,-0.22345527558581418,1.9924854484571926,0.9841231756854657,0
1.5679200392508204,0.9009088760241706,0.8491410419312149,-0.4331306132654979,1.1164682504182242,0.9048055324001227,-0.963333572998217,1.4316811360790147,-0.20021843869595057,-0.7996548742607882,1.3245776382885335,0.22654456969461315,0.9841231756854657,0
0.38177641932588297,0.9009088760241706,-0.502969299721533,0.08067436726145023,0.2715603651240624,0.9048055324001227,0.38271364074285674,0.2744324511807092,-1.0226460914748605,0.003043148748581378,0.29255569570563505,0.5638591195706114,-1.0161329645585022,0
1.2290218621294098,-1.1099901739376037,-0.502969299721533,-0.3080865734372399,0.9474866733593919,-1.177851894974348,-0.8841543251310949,-0.8828162337175963,0.051545128481266744,-0.7996548742607882,0.8085666669970842,0.12733440796637835,0.9841231756854657,0
-0.46546902347764374,0.9009088760241706,1.5251962127575889,-0.33558110151768916,-0.404365943111267,0.9048055324001227,-0.2507203421941191,1.4316811360790147,0.6826324702054911,0.003043148748581378,-0.4814607612315388,1.238488219322608,-1.0161329645585022,0
-0.634918112038349,-1.1099901739376037,1.5251962127575889,0.17424420004528818,-0.911310674287764,-1.177851894974348,0.38271364074285674,-0.3041918912684436,0.8941138666343539,-0.11162799739561437,-0.4814607612315388,1.298014316359549,0.9841231756854657,0
0.890123685007999,0.9009088760241706,1.5251962127575889,0.1683220587298554,1.4544314045358888,0.9048055324001227,-0.9474977234247925,-0.8828162337175963,1.4312094766124175,-1.143668312693375,0.8085666669970842,-0.5869787564769122,0.9841231756854657,0
-0.46546902347764374,-1.1099901739376037,-1.179024470547907,-0.5859850287110283,-0.23538436605243465,0.9048055324001227,-0.5039355768731753,0.2744324511807092,0.007906110170548816,0.1177142948927768,-0.7394662468772634,0.10749237562073138,0.9841231756854657,0
0.0428782422044723,-1.1099901739376037,-0.502969299721533,-0.24185334496543964,-0.06640278899360229,0.9048055324001227,0.06599664927436881,0.2744324511807092,0.18246218341341994,0.1177142948927768,0.03455021005991044,0.5440170872249644,-1.0161329645585022,0
-0.634918112038349,-1.1099901739376037,0.8491410419312149,0.36308944231180873,-0.404365943111267,-1.177851894974348,0.38271364074285674,0.2744324511807092,-1.1199946707833845,-0.2262991435398101,-0.4814607612315388,0.801963507718375,-1.0161329645585022,0
0.0428782422044723,0.9009088760241706,1.5251962127575889,-0.6588036783255898,-0.06640278899360229,0.9048055324001227,-0.8841543251310949,0.2744324511807092,-0.10622670694978965,-0.45564143582820127,0.5505611813513597,0.5241750548793175,-1.0161329645585022,0
-0.46546902347764374,0.9009088760241706,1.5251962127575889,-0.1092447566302688,-0.911310674287764,-1.177851894974348,1.1745061194140765,0.853056793629862,-1.133422061032836,1.035083464046342,-0.7394662468772634,0.286070666731554,0.9841231756854657,0
-0.12657084635623306,-1.1099901739376037,-1.179024470547907,0.16252625642915186,-0.06640278899360229,0.9048055324001227,0.8577891279455886,1.4316811360790147,0.18917587853814558,0.3470565871811683,-0.22345527558581418,-2.0156050853634935,0.9841231756854657,0
0.7206745964472937,0.9009088760241706,0.8491410419312149,0.17400731439267086,0.9474866733593919,-1.177851894974348,-0.5674373336626071,0.2744324511807092,-1.1065672805339328,-0.7996548742607882,1.066572152642809,-1.202081759191968,0.9841231756854657,0
0.0428782422044723,-1.1099901739376037,-1.179024470547907,-0.2608199895516657,0.10257878806523006,-1.177851894974348,0.6360872339176471,-0.8828162337175963,-1.0495008719737637,0.8057411717579506,0.29255569570563505,-1.9759210206721993,0.9841231756854657,0
0.5512255078865883,-1.1099901739376037,1.5251962127575889,3.6861371696042924,0.9474866733593919,-1.177851894974348,2.7786776812019682,0.2744324511807092,-1.1703473842188281,-0.570312581972397,0.29255569570563505,0.821805540064022,0.9841231756854657,0
-0.2960199349169384,-1.1099901739376037,-1.179024470547907,-0.07481737511655288,-0.23538436605243465,0.9048055324001227,-0.4090788379283631,-0.8828162337175963,-0.2707122375055717,-0.570312581972397,-0.4814607612315388,0.5241750548793175,0.9841231756854657,0
-0.634918112038349,0.9009088760241706,-0.502969299721533,0.365063489416953,-0.7423290972289317,-1.177851894974348,2.2830155895537843,0.2744324511807092,-0.06594453620143455,1.035083464046342,-0.7394662468772634,-0.7655570475877348,0.9841231756854657,0
-0.46546902347764374,-1.1099901739376037,1.5251962127575889,0.15022399486989282,-0.7423290972289317,-1.177851894974348,2.3099365338286058,1.4316811360790147,0.1253957748532507,1.4937680486231246,-0.7394662468772634,1.754381060309429,0.9841231756854657,0
-0.8043672005990544,0.9009088760241706,-1.179024470547907,-0.6783862256086208,-0.7423290972289317,0.9048055324001227,-0.5816895982786889,0.2744324511807092,-1.0629282622232152,0.23238544103697253,-0.7394662468772634,0.5638591195706114,-1.0161329645585022,0
-0.2960199349169384,-1.1099901739376037,0.8491410419312149,-0.40802073408806294,0.2715603651240624,0.9048055324001227,-0.7257958293968509,-0.8828162337175963,-0.29421017044211145,-0.570312581972397,-0.7394662468772634,-0.011559818453150373,0.9841231756854657,0
-0.8043672005990544,0.9009088760241706,-0.502969299721533,-0.25753517516870567,-0.7423290972289317,-1.177851894974348,-0.7257958293968509,0.853056793629862,-1.3516171525864242,-0.6849837281165926,-0.7394662468772634,-0.30919030363785477,0.9841231756854657,0
0.0428782422044723,-1.1099901739376037,0.8491410419312149,-0.5634019298281779,-0.404365943111267,-1.177851894974348,-0.5674373336626071,-0.3041918912684436,1.1257363484373937,0.003043148748581378,0.5505611813513597,-0.3488743683291487,0.9841231756854657,0
-0.2960199349169384,0.9009088760241706,-0.502969299721533,0.8392296040726044,-0.404365943111267,-1.177851894974348,0.06599664927436881,-0.3041918912684436,-0.06930138376379737,-0.6849837281165926,-0.4814607612315388,-1.4005020826484376,0.9841231756854657,0
-0.8043672005990544,-1.1099901739376037,-0.502969299721533,-0.816458976330831,-0.7423290972289317,0.9048055324001227,-0.5674373336626071,-0.8828162337175963,0.9948192935052411,0.8057411717579506,-0.4814607612315388,0.08765034327508442,0.9841231756854657,0
-0.46546902347764374,0.9009088760241706,-0.502969299721533,0.12342433137045435,-0.5733475201700994,0.9048055324001227,0.06599664927436881,0.2744324511807092,0.665848232393677,-0.34097028968400567,-0.4814607612315388,0.4249648931510827,-1.0161329645585022,0
1.7373691278115257,0.9009088760241706,1.5251962127575889,0.17735529828299554,2.2993392898300504,0.9048055324001227,0.06599664927436881,1.4316811360790147,-0.4654093961226198,-0.34097028968400567,2.872610552162881,0.46464895784237664,0.9841231756854657,0
-0.12657084635623306,-1.1099901739376037,-0.502969299721533,-0.3337333934272741,-0.404365943111267,-1.177851894974348,-0.5674373336626071,0.853056793629862,-0.6735339449891191,-0.45564143582820127,-0.22345527558581418,0.3654387961141419,-1.0161329645585022,0
-0.46546902347764374,-1.1099901739376037,1.5251962127575889,-0.10975011268918572,-0.911310674287764,0.9048055324001227,-0.3774071387815143,-0.8828162337175963,-0.4150566826871762,-0.45564143582820127,-0.997471732522988,-2.749760282152431,0.9841231756854657,0
-0.2960199349169384,0.9009088760241706,-1.179024470547907,-0.3345545970230141,0.10257878806523006,0.9048055324001227,-1.2008713165995828,-0.8828162337175963,0.05490197604362957,-1.2583394588375707,-0.4814607612315388,-0.03140185079879733,-1.0161329645585022,0
-0.9738162891597597,-1.1099901739376037,-0.502969299721533,2.407302077761317,-0.911310674287764,-1.177851894974348,1.6495816066168083,0.2744324511807092,-1.240841183028449,-0.570312581972397,-0.4814607612315388,0.26622863438590705,0.9841231756854657,0
-0.8043672005990544,0.9009088760241706,1.5251962127575889,-0.8286348988753608,-0.911310674287764,0.9048055324001227,-1.121692068732461,0.2744324511807092,0.2294580492865001,-0.570312581972397,-0.997471732522988,-1.4401861473397315,0.9841231756854657,0
0.0428782422044723,-1.1099901739376037,1.5251962127575889,-0.5846584690563713,0.2715603651240624,0.9048055324001227,0.06599664927436881,0.2744324511807092,1.8944544402184968,1.035083464046342,0.5505611813513597,0.10749237562073138,0.9841231756854657,0
-0.12657084635623306,0.9009088760241706,1.5251962127575889,0.6866594514102148,0.4405419421828948,-1.177851894974348,0.8577891279455886,-0.3041918912684436,0.4174415127788225,-0.2262991435398101,-0.22345527558581418,0.8813316371009629,-1.0161329645585022,0
0.38177641932588297,-1.1099901739376037,-1.179024470547907,-0.6584246612814021,-0.23538436605243465,0.9048055324001227,-1.0244599523516351,1.4316811360790147,0.7934084397634668,-0.6849837281165926,1.066572152642809,-1.9362369559809054,0.9841231756854657,0
0.0428782422044723,0.9009088760241706,-1.179024470547907,-0.7910016648628906,-0.06640278899360229,0.9048055324001227,-1.042512820865339,1.4316811360790147,-0.8145215426083608,-0.45564143582820127,0.03455021005991044,-0.6068207888225592,0.9841231756854657,0
-0.46546902347764374,-1.1099901739376037,-0.502969299721533,1.0258323288276812,-0.404365943111267,-1.177851894974348,1.80635651739371,-0.3041918912684436,1.092167872813765,0.003043148748581378,-0.7394662468772634,0.40512286080543575,-1.0161329645585022,0
-0.12657084635623306,-1.1099901739376037,1.5251962127575889,-0.33736564010073955,-0.5733475201700994,-1.177851894974348,0.0026532509806712224,-0.8828162337175963,0.8739727812601764,0.23238544103697253,-0.4814607612315388,0.9011736694466097,-1.0161329645585022,0
-0.8043672005990544,0.9009088760241706,-1.179024470547907,-0.07015862394841244,-0.911310674287764,-1.177851894974348,-1.2008713165995828,-0.8828162337175963,1.3405745924286192,-1.2583394588375707,-0.7394662468772634,0.6829113136444932,-1.0161329645585022,0
0.5512255078865883,-1.1099901739376037,-1.179024470547907,0.13724266110646416,0.10257878806523006,-1.177851894974348,-0.42966544237381477,1.4316811360790147,-1.076355652472667,-0.6849837281165926,0.5505611813513597,-0.30919030363785477,0.9841231756854657,0
1.398470950690115,0.9009088760241706,-0.502969299721533,-0.17956821070392792,1.1164682504182242,-1.177851894974348,1.6495816066168083,-0.8828162337175963,0.860545391010725,1.7231103409115156,1.582583123934258,-2.114815247091728,-1.0161329645585022,0
-0.46546902347764374,0.9009088760241706,-0.502969299721533,-0.6555820334499943,-0.911310674287764,0.9048055324001227,-1.2920858101425075,-0.8828162337175963,-0.1532225728228698,-1.143668312693375,-0.997471732522988,0.7225953783357871,0.9841231756854657,0
0.0428782422044723,-1.1099901739376037,0.8491410419312149,-0.49413656500287617,-0.06640278899360229,0.9048055324001227,0.38271364074285674,0.2744324511807092,-0.015591822765990965,1.2644257563347332,0.03455021005991044,-0.9838194033898514,-1.0161329645585022,0
0.21232733076517762,0.9009088760241706,-0.502969299721533,0.32983069668433823,0.7785050963005594,-1.177851894974348,-0.3298995900612411,0.2744324511807092,-0.1129404020745153,-0.7996548742607882,1.066572152642809,-1.0036614357354983,-1.0161329645585022,0
-0.8043672005990544,-1.1099901739376037,0.8491410419312149,-0.48360304964982637,-0.911310674287764,0.9048055324001227,-0.5674373336626071,0.2744324511807092,0.03140404310708919,-0.2262991435398101,-0.4814607612315388,0.6035431842619053,0.9841231756854657,0
-0.2960199349169384,-1.1099901739376037,-0.502969299721533,0.45601178764515937,-0.7423290972289317,-1.177851894974348,0.06599664927436881,0.853056793629862,-1.6470197380743594,-0.570312581972397,-0.22345527558581418,-2.0552891500547874,0.9841231756854657,0
-0.12657084635623306,0.9009088760241706,0.8491410419312149,-0.7531947147051677,-0.06640278899360229,-1.177851894974348,-0.7257958293968509,0.2744324511807092,0.26302652491012896,0.23238544103697253,0.03455021005991044,-0.09092794783573821,0.9841231756854657,0
0.7206745964472937,0.9009088760241706,-1.179024470547907,-0.5631492517987196,0.9474866733593919,0.9048055324001227,-1.121692068732461,-0.8828162337175963,-0.24721430456903132,-0.9143260204049839,0.29255569570563505,0.22654456969461315,0.9841231756854657,0
0.38177641932588297,-1.1099901739376037,-0.502969299721533,0.08564896596641378,0.7785050963005594,-1.177851894974348,0.06599664927436881,0.2744324511807092,-0.48555048149679675,-0.2262991435398101,0.5505611813513597,0.22654456969461315,0.9841231756854657,0
-0.634918112038349,-1.1099901739376037,-1.179024470547907,0.26310790453046223,-0.06640278899360229,0.9048055324001227,1.0161476236798326,-0.3041918912684436,1.088811025251402,0.3470565871811683,-0.4814607612315388,-2.194183376474316,0.9841231756854657,0
0.38177641932588297,0.9009088760241706,1.5251962127575889,0.15186640206137283,0.4405419421828948,-1.177851894974348,0.06599664927436881,-0.3041918912684436,-0.7003887254880223,-0.34097028968400567,0.03455021005991044,1.8734332543833108,-1.0161329645585022,0
0.21232733076517762,-1.1099901739376037,-1.179024470547907,-0.4288982562720686,0.4405419421828948,0.9048055324001227,-0.8841543251310949,-0.8828162337175963,0.24624228709831483,-0.6849837281165926,0.5505611813513597,1.298014316359549,-1.0161329645585022,0
-0.8043672005990544,-1.1099901739376037,-0.502969299721533,0.17680256509355516,-0.5733475201700994,0.9048055324001227,-0.7257958293968509,1.4316811360790147,0.001192415045823164,-1.0289971665491795,-0.4814607612315388,-1.4997122443766724,0.9841231756854657,0
1.398470950690115,-1.1099901739376037,0.8491410419312149,-0.2602514639853841,1.7923945586535535,0.9048055324001227,-0.2507203421941191,1.4316811360790147,1.0015329886299666,-0.11162799739561437,1.582583123934258,0.305912699077201,-1.0161329645585022,0
-0.2960199349169384,-1.1099901739376037,-0.502969299721533,0.6461520048126546,-0.23538436605243465,-1.177851894974348,0.6994306322113446,1.4316811360790147,-0.1129404020745153,-0.2262991435398101,0.29255569570563505,0.028124246238143545,-1.0161329645585022,0
-0.8043672005990544,-1.1099901739376037,-1.179024470547907,0.4604020684070002,-0.7423290972289317,-1.177851894974348,-0.2507203421941191,-0.8828162337175963,-0.21700267650776528,-0.7996548742607882,-0.7394662468772634,0.821805540064022,-1.0161329645585022,0
-0.46546902347764374,-1.1099901739376037,-0.502969299721533,0.2726622925193604,-0.5733475201700994,-1.177851894974348,0.38271364074285674,1.4316811360790147,-0.603040146179498,-0.2262991435398101,-0.4814607612315388,0.40512286080543575,0.9841231756854657,0
-0.8043672005990544,-1.1099901739376037,1.5251962127575889,0.03989845025759039,-0.911310674287764,0.9048055324001227,0.5576997785291963,1.4316811360790147,-0.7440277437987403,0.23238544103697253,-0.997471732522988,-1.162397694500674,0.9841231756854657,0
-0.46546902347764374,-1.1099901739376037,-0.502969299721533,-0.06592626695498313,-0.5733475201700994,-1.177851894974348,-0.8841543251310949,0.853056793629862,-0.5560442803064178,-1.0289971665491795,-0.4814607612315388,-1.2417658238832618,0.9841231756854657,0
0.7206745964472937,0.9009088760241706,-0.502969299721533,-0.2955632186022047,0.4405419421828948,0.9048055324001227,0.38271364074285674,-1.461440576166749,-1.6604471283238111,0.6910700256137552,0.03455021005991044,0.6432272489531993,0.9841231756854657,0
-0.46546902347764374,-1.1099901739376037,-0.502969299721533,0.38856254615659025,-0.911310674287764,-1.177851894974348,0.4150187738726425,0.2744324511807092,-1.2475548781531747,-0.2262991435398101,-0.997471732522988,-1.2219237915376149,0.9841231756854657,0
-0.8043672005990544,0.9009088760241706,-1.179024470547907,0.48388533276979634,-0.911310674287764,-1.177851894974348,0.38271364074285674,0.853056793629862,-0.6936750303632967,-0.34097028968400567,-0.7394662468772634,0.7027533459901402,-1.0161329645585022,0
0.5512255078865883,0.9009088760241706,-0.502969299721533,-0.008047205832153416,0.4405419421828948,-1.177851894974348,-0.4090788379283631,-0.3041918912684436,-0.7540982864858288,-0.570312581972397,0.29255569570563505,1.0797519605574324,0.9841231756854657,0
1.2290218621294098,0.9009088760241706,0.8491410419312149,-0.11134514275014229,1.6234129815947211,-1.177851894974348,-0.5674373336626071,0.2744324511807092,-0.9722933780394172,-0.6849837281165926,1.8405886095799828,0.5638591195706114,0.9841231756854657,0
-0.634918112038349,0.9009088760241706,-0.502969299721533,-0.35249473711456514,-0.911310674287764,-1.177851894974348,-0.5674373336626071,1.4316811360790147,-0.885015341417982,-0.45564143582820127,-0.7394662468772634,-0.8052411122790287,0.9841231756854657,0
-0.46546902347764374,-1.1099901739376037,0.8491410419312149,-0.33303852884626334,-0.5733475201700994,0.9048055324001227,-0.646616581529729,0.2744324511807092,-0.14986572526050698,-0.570312581972397,-0.4814607612315388,-0.36871640067479566,0.9841231756854657,0
0.0428782422044723,-1.1099901739376037,-1.179024470547907,-0.6027723252931751,0.2715603651240624,0.9048055324001227,-0.5642701637479222,-1.461440576166749,-1.365044542835876,0.003043148748581378,0.29255569570563505,1.5758027691986063,-1.0161329645585022,0
1.7373691278115257,-1.1099901739376037,0.8491410419312149,-0.027013850418379472,1.7923945586535535,0.9048055324001227,-1.031586084659676,-0.8828162337175963,-1.361687695273513,-1.143668312693375,2.098594095225707,-0.011559818453150373,0.9841231756854657,0
-0.46546902347764374,-1.1099901739376037,0.8491410419312149,0.08023218070989792,-0.23538436605243465,-1.177851894974348,-1.042512820865339,0.853056793629862,-1.5429574636411096,-1.143668312693375,-0.4814607612315388,1.1194360252487263,0.9841231756854657,0
0.38177641932588297,0.9009088760241706,0.8491410419312149,-0.26547874071980615,0.2715603651240624,-1.177851894974348,0.38271364074285674,1.4316811360790147,-1.0495008719737637,0.5763988794695595,1.066572152642809,0.20670253734896618,-1.0161329645585022,0
-0.46546902347764374,-1.1099901739376037,-0.502969299721533,-0.7194621977724627,-0.911310674287764,0.9048055324001227,-0.5009267654542245,1.4316811360790147,0.790051592201104,0.5763988794695595,-0.4814607612315388,1.0995939929030794,-1.0161329645585022,0
0.38177641932588297,-1.1099901739376037,-1.179024470547907,-0.33698662305655186,0.6095235192417271,0.9048055324001227,0.06599664927436881,-0.8828162337175963,0.5517154152733386,0.3470565871811683,0.8085666669970842,0.7622794430270811,-1.0161329645585022,0
0.0428782422044723,-1.1099901739376037,0.17308587110484092,0.7205498921113315,0.10257878806523006,-1.177851894974348,0.06599664927436881,0.853056793629862,1.0854541776890392,-0.6849837281165926,0.8085666669970842,1.0003838311748445,0.9841231756854657,0
0.0428782422044723,-1.1099901739376037,0.8491410419312149,0.35888867007206177,-0.5733475201700994,0.9048055324001227,-0.09236184645987515,1.4316811360790147,-0.08272877401324927,-0.570312581972397,0.29255569570563505,-0.9639773710442044,0.9841231756854657,0
0.7206745964472937,0.9009088760241706,-0.502969299721533,6.332813189166988,0.2715603651240624,-1.177851894974348,1.3358734265672711,-0.8828162337175963,-1.1535631464070133,-1.143668312693375,0.29255569570563505,0.8614896047553159,-1.0161329645585022,0
-0.2960199349169384,-1.1099901739376037,0.8491410419312149,1.8026909303977328,-0.23538436605243465,-1.177851894974348,3.203711883752679,0.853056793629862,-1.0025050061006833,0.1177142948927768,-0.4814607612315388,-2.789444346843725,0.9841231756854657,0
1.5679200392508204,-1.1099901739376037,0.17308587110484092,-0.07775475720900754,1.7923945586535535,0.9048055324001227,-0.9232688735774532,1.4316811360790147,0.13210946997797635,-1.0289971665491795,1.3245776382885335,0.06780831092943747,0.9841231756854657,0
-0.8043672005990544,0.9009088760241706,1.5251962127575889,0.0034812292618890657,-0.23538436605243465,-1.177851894974348,0.06599664927436881,0.853056793629862,-0.12972463988633004,-0.2262991435398101,-0.4814607612315388,0.8416475724096689,-1.0161329645585022,0
0.7206745964472937,0.9009088760241706,-1.179024470547907,-0.8878405196528475,0.4405419421828948,0.21058638994196582,-1.098413369859527,1.4316811360790147,-0.18679104844649927,-0.34097028968400567,1.3245776382885335,-1.6187644384505542,0.9841231756854657,0
-0.46546902347764374,0.9009088760241706,0.8491410419312149,0.7638683817866171,-0.404365943111267,-1.177851894974348,0.06599664927436881,-0.8828162337175963,-0.2572848472561198,-0.6849837281165926,-0.7394662468772634,0.6432272489531993,0.9841231756854657,0
4.787452721904222,0.9009088760241706,0.8491410419312149,2.0679081070680745,3.9891550604183736,-1.177851894974348,0.38271364074285674,0.853056793629862,-0.06258768863907171,-0.9143260204049839,4.936654437328678,0.0479662785837905,0.9841231756854657,0
-0.12657084635623306,-1.1099901739376037,-0.502969299721533,-0.49048852595256953,-0.404365943111267,0.21058638994196582,-0.5040939353689095,-0.8828162337175963,-0.572828518118232,-0.11162799739561437,0.03455021005991044,1.0003838311748445,-1.0161329645585022,0
2.2457163934936415,0.9009088760241706,-1.179024470547907,-0.06878468716323202,1.7923945586535535,-1.177851894974348,-0.7257958293968509,-0.3041918912684436,-0.8514468657943525,-0.7996548742607882,1.8405886095799828,1.694854963272488,0.9841231756854657,0
0.0428782422044723,0.9009088760241706,0.8491410419312149,-0.6964842894685834,-0.06640278899360229,0.9048055324001227,-0.38928402596158257,0.2744324511807092,-1.5966670246389159,0.6910700256137552,0.03455021005991044,0.5043330225336705,0.9841231756854657,0
0.21232733076517762,-1.1099901739376037,-0.502969299721533,0.4593755639123252,0.6095235192417271,-1.177851894974348,0.611383308583105,-0.8828162337175963,-0.6466791644902159,-0.2262991435398101,-0.22345527558581418,-1.4600281796853785,0.9841231756854657,0
0.0428782422044723,0.9009088760241706,0.8491410419312149,-0.6829975996462379,-0.23538436605243465,0.9048055324001227,-0.11215665842665565,-0.8828162337175963,-1.3046212867133438,1.1497546101905376,0.29255569570563505,0.0479662785837905,0.9841231756854657,0
-0.12657084635623306,-1.1099901739376037,0.17308587110484092,0.8346498147886697,-0.5733475201700994,-1.177851894974348,2.4413740852880284,0.853056793629862,0.5215037872120725,0.5763988794695595,0.03455021005991044,0.008282213892496587,0.9841231756854657,0
0.0428782422044723,-1.1099901739376037,1.5251962127575889,0.32923058636437436,0.10257878806523006,-1.177851894974348,-0.37503176134550065,1.4316811360790147,0.4778647689013546,-0.7996548742607882,0.29255569570563505,0.38528082845978884,0.9841231756854657,0
0.21232733076517762,0.9009088760241706,0.8491410419312149,-0.39383917968470655,0.10257878806523006,-1.177851894974348,-0.3298995900612411,0.2744324511807092,-0.5661148229935064,0.003043148748581378,0.29255569570563505,-0.13061201252703214,0.9841231756854657,0
-0.8043672005990544,0.9009088760241706,-0.502969299721533,-0.1504470678088398,-0.404365943111267,0.9048055324001227,0.5163682111425586,-1.461440576166749,0.3738024944681046,0.4617277333253637,-0.4814607612315388,-0.09092794783573821,0.9841231756854657,0
-0.2960199349169384,0.9009088760241706,0.8491410419312149,-0.8329620101298371,-0.404365943111267,-1.177851894974348,-0.2507203421941191,0.853056793629862,-1.1166378232210217,1.7231103409115156,-0.22345527558581418,-2.154499311783022,0.9841231756854657,0
-0.46546902347764374,-1.1099901739376037,0.8491410419312149,0.5566408128769932,-0.7423290972289317,-1.177851894974348,-0.8841543251310949,-0.8828162337175963,-1.039430329286675,-1.2583394588375707,-0.4814607612315388,1.278172284013902,-1.0161329645585022,0
0.38177641932588297,0.9009088760241706,-0.502969299721533,-0.5297799595333609,0.10257878806523006,0.9048055324001227,-0.5674373336626071,-1.461440576166749,0.001192415045823164,-0.11162799739561437,1.066572152642809,-1.6981325678331418,0.9841231756854657,0
0.38177641932588297,0.9009088760241706,-0.502969299721533,1.1257980742321865,0.4405419421828948,0.9048055324001227,-0.6056017311345598,0.853056793629862,-1.2005590122800942,-1.143668312693375,1.066572152642809,1.0797519605574324,0.9841231756854657,0
2.0762673049329363,-1.1099901739376037,-1.179024470547907,-0.296826608749497,1.9613761357123858,0.9048055324001227,-0.4090788379283631,-1.461440576166749,0.5147900920873463,-0.34097028968400567,1.582583123934258,1.258330251668255,-1.0161329645585022,0
-0.8043672005990544,-1.1099901739376037,-0.502969299721533,-0.589948915298158,-0.911310674287764,0.9048055324001227,-0.8841543251310949,-1.461440576166749,0.0851136041048956,-0.570312581972397,-0.4814607612315388,-0.8250831446246757,0.9841231756854657,0
-0.634918112038349,0.9009088760241706,-0.502969299721533,0.6499421752545316,-0.5733475201700994,-1.177851894974348,-0.5674373336626071,0.853056793629862,0.8538316958859994,-1.0289971665491795,-0.7394662468772634,-2.2933935382025505,0.9841231756854657,0
-0.8043672005990544,-1.1099901739376037,0.8491410419312149,-0.020538975913506296,-0.911310674287764,-1.177851894974348,-0.33876766582235873,0.853056793629862,-1.3415466098993358,-0.570312581972397,-0.4814607612315388,-1.162397694500674,0.9841231756854657,0
-0.9738162891597597,-1.1099901739376037,-1.179024470547907,-0.5520472108793881,-0.911310674287764,-1.177851894974348,0.05982066794073329,-1.461440576166749,-1.3751150855229646,0.9204123179021463,-0.7394662468772634,0.32575473142284794,-1.0161329645585022,0
-0.634918112038349,0.9009088760241706,-0.502969299721533,1.2178676312161147,-0.5733475201700994,-1.177851894974348,1.6568660974205836,1.4316811360790147,-0.12972463988633004,-0.11162799739561437,-0.22345527558581418,1.0995939929030794,0.9841231756854657,0
-0.46546902347764374,0.9009088760241706,0.8491410419312149,0.5308202767417063,0.10257878806523006,0.9048055324001227,1.6495816066168083,-0.3041918912684436,-0.008878127641265313,0.4617277333253637,-0.4814607612315388,0.7424374106814341,0.9841231756854657,0
0.0428782422044723,0.9009088760241706,-0.502969299721533,1.1860775766348715,0.10257878806523006,-1.177851894974348,-0.8914388159348702,-0.8828162337175963,0.8068358300129187,-1.2583394588375707,0.5505611813513597,-1.7775006972157297,-1.0161329645585022,0
-0.46546902347764374,-1.1099901739376037,-1.179024470547907,-0.19916655036380015,-0.06640278899360229,-1.177851894974348,-0.2507203421941191,-0.8828162337175963,-0.5929696034924096,-0.2262991435398101,-0.22345527558581418,-0.17029607721832604,0.9841231756854657,0
0.38177641932588297,-1.1099901739376037,-0.502969299721533,-0.33278585081680484,-0.404365943111267,0.9048055324001227,-0.2507203421941191,0.853056793629862,0.7833378970763782,0.003043148748581378,0.29255569570563505,1.337698381050843,0.9841231756854657,0
-0.634918112038349,-1.1099901739376037,-1.179024470547907,-0.7695398247357622,-0.23538436605243465,0.9048055324001227,-0.7257958293968509,-0.8828162337175963,-0.11629724963687813,0.23238544103697253,-0.22345527558581418,-0.2893482712922078,0.9841231756854657,0
-0.2960199349169384,-1.1099901739376037,-0.502969299721533,0.3656478073600757,-0.911310674287764,-1.177851894974348,-0.8147933039994961,0.853056793629862,-1.197202164717731,-1.143668312693375,-0.22345527558581418,0.4844909901880236,0.9841231756854657,0
0.38177641932588297,0.9009088760241706,1.5251962127575889,-0.39225994200059117,-0.5733475201700994,-1.177851894974348,0.8577891279455886,0.853056793629862,0.0045492626081859895,1.4937680486231246,0.03455021005991044,0.4844909901880236,-1.0161329645585022,0
-0.12657084635623306,-1.1099901739376037,0.8491410419312149,-0.6042410163394024,-0.5733475201700994,0.9048055324001227,-0.5674373336626071,0.853056793629862,-0.5157621095580628,0.003043148748581378,0.8085666669970842,-0.7060309505507939,0.9841231756854657,0
-0.8043672005990544,0.9009088760241706,0.8491410419312149,0.3825614429569517,-0.911310674287764,0.9048055324001227,-0.5674373336626071,-0.8828162337175963,-0.33784918875282943,-0.9143260204049839,-0.4814607612315388,-0.8846092416616166,-1.0161329645585022,0
0.0428782422044723,0.9009088760241706,1.5251962127575889,0.07737376050164903,-0.06640278899360229,-1.177851894974348,-0.2507203421941191,-0.3041918912684436,0.6289229092076853,-0.570312581972397,0.5505611813513597,0.6233852166075523,0.9841231756854657,0
-0.634918112038349,-1.1099901739376037,-0.502969299721533,-0.29940076617460515,-0.7423290972289317,0.9048055324001227,0.06599664927436881,-1.461440576166749,0.38387303715519366,0.23238544103697253,-0.7394662468772634,1.1789621222856672,0.9841231756854657,0
0.38177641932588297,-1.1099901739376037,0.8491410419312149,-0.4859719061759995,-0.23538436605243465,0.9048055324001227,-0.4090788379283631,0.2744324511807092,0.6020681287087821,0.003043148748581378,-0.22345527558581418,-1.9362369559809054,0.9841231756854657,0
0.5512255078865883,0.9009088760241706,1.5251962127575889,-0.3354863472566422,0.4405419421828948,0.9048055324001227,-1.2008713165995828,-0.3041918912684436,0.9176117995708943,-1.2583394588375707,0.5505611813513597,1.4567505751247247,0.9841231756854657,0
-0.12657084635623306,0.9009088760241706,0.8491410419312149,0.49745098447634767,-0.7423290972289317,0.9048055324001227,2.4413740852880284,-0.8828162337175963,2.5691808002534398,0.9204123179021463,-0.22345527558581418,-2.3529196352394917,0.9841231756854657,0
-0.634918112038349,0.9009088760241706,0.8491410419312149,0.8371292179527309,-0.5733475201700994,-1.177851894974348,0.06599664927436881,-0.3041918912684436,-0.8044509999212723,-0.6849837281165926,-0.997471732522988,-0.7655570475877348,0.9841231756854657,0
0.21232733076517762,-1.1099901739376037,-1.179024470547907,-0.01142677447616039,-0.06640278899360229,-1.177851894974348,-1.121692068732461,1.4316811360790147,0.4510099884024514,-1.2583394588375707,0.29255569570563505,-0.190138109563973,0.9841231756854657,0
-0.8043672005990544,-1.1099901739376037,-0.502969299721533,0.4000751888737916,-0.911310674287764,-1.177851894974348,-1.2241500154725167,-0.8828162337175963,-0.8346626279825383,-1.3730106049817663,-0.4814607612315388,-0.32903233598350173,0.9841231756854657,0
-0.9738162891597597,-1.1099901739376037,-0.502969299721533,0.0006859785610047928,-0.911310674287764,-1.177851894974348,1.1428344202672278,0.853056793629862,0.9679645130063379,0.8057411717579506,-0.7394662468772634,-3.3648632848674866,0.9841231756854657,0
-0.8043672005990544,-1.1099901739376037,1.5251962127575889,0.8389769260431459,-0.911310674287764,-1.177851894974348,-1.0667416707126782,1.4316811360790147,-0.8917290365427076,-1.3730106049817663,-0.4814607612315388,0.5440170872249644,-1.0161329645585022,0
0.38177641932588297,-1.1099901739376037,-1.179024470547907,0.5793028736440493,-0.23538436605243465,-1.177851894974348,0.02102283648584352,-0.3041918912684436,-1.7376546222581577,-0.6849837281165926,-0.22345527558581418,-0.9639773710442044,-1.0161329645585022,0
0.890123685007999,0.9009088760241706,-0.502969299721533,-0.20731541681383567,0.4405419421828948,-1.177851894974348,-1.2800505644667048,-0.8828162337175963,-0.14986572526050698,-1.3730106049817663,1.3245776382885335,-0.20998014190961997,0.9841231756854657,0
0.21232733076517762,0.9009088760241706,-0.502969299721533,1.4044071864638268,0.2715603651240624,-1.177851894974348,0.06599664927436881,-0.3041918912684436,0.377159342030468,-0.9143260204049839,0.29255569570563505,-0.3488743683291487,0.9841231756854657,0
-0.2960199349169384,0.9009088760241706,0.8491410419312149,-0.09863227939301325,-0.404365943111267,0.9048055324001227,-1.1121905589884062,0.2744324511807092,-1.365044542835876,-1.2583394588375707,-0.4814607612315388,-0.6266628211682062,0.9841231756854657,0
1.398470950690115,-1.1099901739376037,1.5251962127575889,0.17579185297572128,1.1164682504182242,0.9048055324001227,0.06599664927436881,-0.3041918912684436,-1.3348329147746099,-0.34097028968400567,1.8405886095799828,0.9606997664835506,-1.0161329645585022,0
-0.12657084635623306,0.9009088760241706,1.5251962127575889,1.3116111801452053,-0.404365943111267,-1.177851894974348,0.06599664927436881,1.4316811360790147,1.437923171737143,-0.9143260204049839,-0.4814607612315388,-0.36871640067479566,0.9841231756854657,0
-0.46546902347764374,0.9009088760241706,-1.179024470547907,-0.5778045775073105,-0.7423290972289317,0.9048055324001227,0.1361494628846389,0.2744324511807092,-0.5258326522451519,1.1497546101905376,-0.7394662468772634,0.5440170872249644,-1.0161329645585022,0
-0.634918112038349,-1.1099901739376037,1.5251962127575889,-0.7751303261375307,-0.7423290972289317,0.9048055324001227,-0.7626933589029299,0.853056793629862,0.7464125738903866,0.1177142948927768,-0.7394662468772634,-0.20998014190961997,-1.0161329645585022,0
-0.9738162891597597,0.9009088760241706,-0.502969299721533,-0.5268583698177474,-0.23538436605243465,0.9048055324001227,0.06599664927436881,0.853056793629862,0.8336906105118219,0.8057411717579506,-0.997471732522988,-1.678290535487495,0.9841231756854657,0
0.7206745964472937,0.9009088760241706,-0.502969299721533,-0.30025355452402747,0.7785050963005594,-1.177851894974348,1.0161476236798326,1.4316811360790147,0.14218001266506483,1.379096902478929,0.29255569570563505,1.6750129309268411,0.9841231756854657,0
-0.2960199349169384,0.9009088760241706,-0.502969299721533,-0.2617517397852938,0.10257878806523006,-1.177851894974348,-1.042512820865339,0.2744324511807092,-0.33449234119046656,-1.0289971665491795,-0.4814607612315388,-0.03140185079879733,0.9841231756854657,0
-0.12657084635623306,0.9009088760241706,1.5251962127575889,-0.26173594740845263,-0.23538436605243465,0.9048055324001227,-0.2507203421941191,-1.461440576166749,-1.3348329147746099,-0.11162799739561437,0.5505611813513597,-0.26950623894656084,0.9841231756854657,0
0.890123685007999,-1.1099901739376037,0.8491410419312149,-0.2982795074188832,1.2854498274770565,-1.177851894974348,1.0161476236798326,1.4316811360790147,0.9209686471332571,1.379096902478929,0.8085666669970842,0.6829113136444932,-1.0161329645585022,0
-0.2960199349169384,0.9009088760241706,-0.502969299721533,0.2691405924837831,-0.911310674287764,-1.177851894974348,1.1745061194140765,1.4316811360790147,0.6322797567700481,0.4617277333253637,-0.22345527558581418,-0.07108591549009124,0.9841231756854657,0
0.21232733076517762,-1.1099901739376037,-1.179024470547907,-0.5678395877205422,0.2715603651240624,0.9048055324001227,-0.2507203421941191,0.853056793629862,0.2529559822230405,0.4617277333253637,0.5505611813513597,0.18686050500331922,0.9841231756854657,0
-0.2960199349169384,0.9009088760241706,0.8491410419312149,0.5024255831813113,-0.23538436605243465,0.9048055324001227,0.5410721364771007,-1.461440576166749,-0.005521280078902488,-0.2262991435398101,-0.7394662468772634,-0.8846092416616166,-1.0161329645585022,0
-0.8043672005990544,0.9009088760241706,-1.179024470547907,0.10567369980099715,-0.911310674287764,0.9048055324001227,0.22863082439343735,-1.461440576166749,0.427512055465911,-0.11162799739561437,-0.7394662468772634,-2.531497926350314,0.9841231756854657,0
-0.8043672005990544,-1.1099901739376037,1.5251962127575889,-0.015580169585383915,-0.5733475201700994,-1.177851894974348,-0.2507203421941191,-0.8828162337175963,-1.4153972562713195,-0.45564143582820127,-0.7394662468772634,-1.0830295651180861,0.9841231756854657,0
-0.9738162891597597,-1.1099901739376037,-0.502969299721533,-0.8266134746396931,-0.7423290972289317,0.21058638994196582,-0.17154109432699713,0.853056793629862,-0.09279931670033775,1.952452633199907,-0.4814607612315388,0.18686050500331922,0.9841231756854657,0
-0.2960199349169384,0.9009088760241706,0.8491410419312149,-0.6001349983607024,-0.404365943111267,0.21058638994196582,0.1700381809717671,1.4316811360790147,0.35701825665629044,1.2644257563347332,0.8085666669970842,-0.5274526594399713,0.9841231756854657,0
0.5512255078865883,-1.1099901739376037,-0.502969299721533,-0.642632284440248,0.9474866733593919,0.9048055324001227,-0.5674373336626071,0.2744324511807092,0.19924642122523406,0.1177142948927768,0.8085666669970842,0.5043330225336705,-1.0161329645585022,0
-0.2960199349169384,-1.1099901739376037,0.8491410419312149,0.04834737186760782,-0.911310674287764,-1.177851894974348,2.383731592840763,1.4316811360790147,-0.5023347193086114,1.8377814870557112,-0.4814607612315388,0.286070666731554,0.9841231756854657,0
-0.12657084635623306,0.9009088760241706,1.5251962127575889,0.13654779652545337,-0.06640278899360229,-1.177851894974348,1.6649423807030301,-0.3041918912684436,0.635636604332411,1.035083464046342,-0.4814607612315388,0.10749237562073138,0.9841231756854657,0
-0.8043672005990544,0.9009088760241706,1.5251962127575889,-0.5087445135809436,-0.404365943111267,-1.177851894974348,-1.3221739243320136,0.2744324511807092,0.7229146409538463,-1.2583394588375707,-0.7394662468772634,0.6630692812988462,0.9841231756854657,0
-0.12657084635623306,-1.1099901739376037,-0.502969299721533,-0.3364180974902703,-0.23538436605243465,0.9048055324001227,-1.042512820865339,-0.8828162337175963,-1.7510820125076092,-1.0289971665491795,0.03455021005991044,-0.5274526594399713,0.9841231756854657,0
0.38177641932588297,0.9009088760241706,1.5251962127575889,-0.7258265256394477,0.10257878806523006,0.9048055324001227,-0.4090788379283631,0.2744324511807092,-0.811164695045998,0.8057411717579506,0.5505611813513597,-0.03140185079879733,-1.0161329645585022,0
0.38177641932588297,-1.1099901739376037,-1.179024470547907,1.601211786658289,0.2715603651240624,0.9048055324001227,-0.887479853541514,1.4316811360790147,-0.6668202498643935,-1.3730106049817663,-0.22345527558581418,1.2186461869769611,0.9841231756854657,0
-0.46546902347764374,0.9009088760241706,0.8491410419312149,1.5797657389080018,-0.7423290972289317,0.21058638994196582,-0.39134268640612774,1.4316811360790147,-0.3076375606915634,-1.143668312693375,-0.7394662468772634,-0.011559818453150373,-1.0161329645585022,0
-0.8043672005990544,-1.1099901739376037,-1.179024470547907,-0.45048643541392625,-0.5733475201700994,-1.177851894974348,-0.6643527330519643,-0.8828162337175963,0.2294580492865001,-0.45564143582820127,-0.4814607612315388,0.7225953783357871,0.9841231756854657,0
-0.46546902347764374,0.9009088760241706,-1.179024470547907,0.27053032164580465,-0.5733475201700994,-1.177851894974348,-0.5674373336626071,0.2744324511807092,-0.8950858841050704,-0.9143260204049839,-0.4814607612315388,-1.6187644384505542,0.9841231756854657,0
1.906818216372231,0.9009088760241706,-1.179024470547907,0.11871820307179043,2.2993392898300504,-1.177851894974348,0.8577891279455886,0.2744324511807092,0.5483585677109757,0.3470565871811683,2.6146050665171567,1.0202258635204915,0.9841231756854657,0
-0.634918112038349,0.9009088760241706,0.8491410419312149,0.22929642571355133,-0.911310674287764,0.9048055324001227,0.38271364074285674,0.853056793629862,-1.559741701452924,-0.11162799739561437,-0.4814607612315388,-1.7576586648700827,-1.0161329645585022,0
-0.46546902347764374,0.9009088760241706,-1.179024470547907,-0.0576510614902184,-0.404365943111267,-1.177851894974348,-0.3565038173445941,-0.8828162337175963,-0.8145215426083608,-0.45564143582820127,-0.22345527558581418,0.5043330225336705,0.9841231756854657,0
0.7206745964472937,0.9009088760241706,-1.179024470547907,1.6012433714119714,0.10257878806523006,0.9048055324001227,-0.2507203421941191,-0.8828162337175963,0.2831676102843065,-1.143668312693375,0.03455021005991044,-0.38855843302044263,0.9841231756854657,0
-0.634918112038349,0.9009088760241706,-1.179024470547907,-0.6685001977060584,-0.404365943111267,0.9048055324001227,-0.7257958293968509,-0.8828162337175963,-1.0931398902844813,-0.11162799739561437,-0.997471732522988,0.3654387961141419,-1.0161329645585022,0
0.0428782422044723,-1.1099901739376037,-0.502969299721533,-0.4888619111379307,-0.06640278899360229,-1.177851894974348,-1.01084112171849,1.4316811360790147,-0.25392799969375696,-0.7996548742607882,-0.22345527558581418,-0.011559818453150373,0.9841231756854657,0
0.0428782422044723,0.9009088760241706,-0.502969299721533,0.273230818085642,-0.23538436605243465,-1.177851894974348,-0.34383513768585455,-0.8828162337175963,0.5450017201486129,-0.6849837281165926,1.066572152642809,1.4369085427790778,0.9841231756854657,0
-0.2960199349169384,0.9009088760241706,-0.502969299721533,-1.0248393887498592,0.2715603651240624,0.9048055324001227,-1.359229812333827,-1.461440576166749,-0.13643833501105568,-0.7996548742607882,-0.7394662468772634,0.5241750548793175,-1.0161329645585022,0
-0.634918112038349,0.9009088760241706,-0.502969299721533,0.027169794523620193,-0.23538436605243465,0.9048055324001227,-0.32546555218068224,0.2744324511807092,1.1962301472470147,-0.570312581972397,-0.4814607612315388,1.0202258635204915,0.9841231756854657,0
1.0595727735687044,-1.1099901739376037,-0.502969299721533,0.8304490425489227,-0.06640278899360229,-1.177851894974348,-0.5674373336626071,-0.8828162337175963,-0.6668202498643935,-1.0289971665491795,0.03455021005991044,-1.0235034680811452,0.9841231756854657,0
0.7206745964472937,-1.1099901739376037,1.5251962127575889,0.6515687900691703,0.6095235192417271,-1.177851894974348,-0.4090788379283631,-0.3041918912684436,-1.166990536656465,-0.9143260204049839,1.066572152642809,-0.44808453005738347,0.9841231756854657,0
4.279105456222106,0.9009088760241706,0.8491410419312149,-0.38619566929358795,3.9891550604183736,-1.177851894974348,-0.5736133149962426,1.4316811360790147,0.4510099884024514,-0.34097028968400567,4.162637980391504,-0.7060309505507939,0.9841231756854657,0
-0.9738162891597597,-1.1099901739376037,-0.502969299721533,-0.3542950680744567,-0.911310674287764,0.9048055324001227,-0.4090788379283631,1.4316811360790147,-1.2911938964638923,-0.2262991435398101,-0.4814607612315388,0.3455967637684949,0.9841231756854657,0
0.7206745964472937,0.9009088760241706,-1.179024470547907,-0.3175777919187735,0.4405419421828948,-1.177851894974348,-0.7257958293968509,0.2744324511807092,0.9444665800697976,-0.6849837281165926,0.29255569570563505,-1.4203441149940845,0.9841231756854657,0
-0.2960199349169384,0.9009088760241706,-0.502969299721533,-0.4883723474558549,-0.7423290972289317,0.9048055324001227,-0.3774071387815143,-0.8828162337175963,-0.029019213015442864,0.1177142948927768,-0.22345527558581418,-0.20998014190961997,0.9841231756854657,0
-0.46546902347764374,-1.1099901739376037,-0.502969299721533,2.540321267894358,0.10257878806523006,-1.177851894974348,-1.071809142576174,0.853056793629862,-0.6198243839913128,-1.487681751125962,-0.7394662468772634,-1.5592383414136133,0.9841231756854657,0
0.21232733076517762,0.9009088760241706,-0.502969299721533,-0.26503655416825384,0.7785050963005594,-1.177851894974348,-1.2167071661730073,1.4316811360790147,0.16232109803924238,-1.2583394588375707,0.29255569570563505,0.32575473142284794,0.9841231756854657,0
0.5512255078865883,0.9009088760241706,0.8491410419312149,0.15630405995373714,0.9474866733593919,0.9048055324001227,0.8577891279455886,0.853056793629862,0.08175675654253277,0.3470565871811683,0.29255569570563505,-2.2140254088199627,0.9841231756854657,0
-0.634918112038349,-1.1099901739376037,0.8491410419312149,-0.30077470295978553,-0.5733475201700994,0.9048055324001227,-1.0478970097203033,-1.461440576166749,-1.2475548781531747,-1.0289971665491795,-0.7394662468772634,-0.7258729828964409,0.9841231756854657,0
1.5679200392508204,0.9009088760241706,-1.179024470547907,-0.5227049747085238,1.2854498274770565,0.9048055324001227,-0.5674373336626071,0.853056793629862,1.0988815679384905,-0.11162799739561437,2.872610552162881,-0.11076998018138517,0.9841231756854657,0
-0.634918112038349,0.9009088760241706,-1.179024470547907,-0.2051676535634387,-0.911310674287764,-1.177851894974348,0.06599664927436881,0.853056793629862,-1.0897830427221185,0.1177142948927768,-0.4814607612315388,-1.7378166325244357,0.9841231756854657,0
0.890123685007999,0.9009088760241706,0.8491410419312149,-0.46999002081275154,0.7785050963005594,0.9048055324001227,0.12934004756806639,0.853056793629862,-0.76752567673528,0.8057411717579506,0.8085666669970842,-1.202081759191968,0.9841231756854657,0
0.0428782422044723,0.9009088760241706,-0.502969299721533,0.4724042748062773,-0.404365943111267,-1.177851894974348,1.1068870417355543,-0.8828162337175963,-0.2975670180044749,0.1177142948927768,-0.22345527558581418,-0.13061201252703214,-1.0161329645585022,0
-0.8043672005990544,-1.1099901739376037,1.5251962127575889,0.6539534389721847,-0.06640278899360229,0.9048055324001227,0.38271364074285674,-0.8828162337175963,0.860545391010725,-0.45564143582820127,-0.7394662468772634,1.258330251668255,0.9841231756854657,0
-0.2960199349169384,-1.1099901739376037,-1.179024470547907,-0.8417899487840421,-0.7423290972289317,-1.177851894974348,-1.2673818848079654,0.2744324511807092,0.007906110170548816,-0.9143260204049839,0.29255569570563505,-4.237912708075953,0.9841231756854657,0
-0.634918112038349,0.9009088760241706,-0.502969299721533,-0.6709322237395962,-0.911310674287764,0.9048055324001227,-1.359229812333827,-0.8828162337175963,-1.0092187012254088,-1.2583394588375707,-0.997471732522988,0.22654456969461315,-1.0161329645585022,0
2.2457163934936415,0.9009088760241706,0.17308587110484092,0.10295741098431864,2.637302443947715,0.9048055324001227,0.38271364074285674,0.853056793629862,-0.05251714595198324,0.003043148748581378,2.356599580871432,0.821805540064022,0.9841231756854657,0
1.5679200392508204,-1.1099901739376037,-1.179024470547907,-0.013258690189734265,1.9613761357123858,0.9048055324001227,0.38271364074285674,0.853056793629862,1.3137198119297162,0.1177142948927768,2.098594095225707,-0.36871640067479566,-1.0161329645585022,0
-0.12657084635623306,0.9009088760241706,0.8491410419312149,1.215135550022595,-0.404365943111267,-1.177851894974348,-1.0293690657193966,0.853056793629862,0.03476089066945202,-1.3730106049817663,0.5505611813513597,0.6432272489531993,0.9841231756854657,0
-0.2960199349169384,0.9009088760241706,-0.502969299721533,-0.5237156868263577,-0.23538436605243465,-1.177851894974348,-0.899831816208785,-0.3041918912684436,-1.036073481724312,-0.6849837281165926,-0.7394662468772634,-0.7258729828964409,0.9841231756854657,0
-0.8043672005990544,0.9009088760241706,-1.179024470547907,-0.35483200888705596,-0.23538436605243465,0.9048055324001227,-0.4090788379283631,0.2744324511807092,0.03476089066945202,-0.2262991435398101,-0.4814607612315388,0.9408577341379036,-1.0161329645585022,0
-0.12657084635623306,-1.1099901739376037,-1.179024470547907,-0.5137349046627484,-0.06640278899360229,0.9048055324001227,-0.580422730312815,-0.8828162337175963,-0.603040146179498,-0.2262991435398101,-0.4814607612315388,-0.36871640067479566,0.9841231756854657,0
1.5679200392508204,0.9009088760241706,-0.502969299721533,-0.48894087302213646,1.6234129815947211,0.9048055324001227,-0.7257958293968509,0.853056793629862,0.03140404310708919,-0.45564143582820127,1.8405886095799828,0.0479662785837905,0.9841231756854657,0
-0.8043672005990544,-1.1099901739376037,1.5251962127575889,-0.1117873293016946,-0.911310674287764,0.9048055324001227,0.8577891279455886,0.853056793629862,1.646047720603643,0.8057411717579506,-0.7394662468772634,-1.0036614357354983,0.9841231756854657,0
-0.8043672005990544,0.9009088760241706,-0.502969299721533,-0.0652156099971312,-0.911310674287764,-1.177851894974348,-1.1967539957104925,-0.8828162337175963,1.1391637386868456,-1.2583394588375707,-0.997471732522988,0.801963507718375,-1.0161329645585022,0
0.890123685007999,-1.1099901739376037,-1.179024470547907,1.7848139598135464,1.1164682504182242,0.9048055324001227,-0.3298995900612411,-0.8828162337175963,0.03476089066945202,-1.143668312693375,0.8085666669970842,1.3972244780877838,0.9841231756854657,0
-0.2960199349169384,0.9009088760241706,-0.502969299721533,0.5867094983825506,-0.5733475201700994,0.9048055324001227,-0.41826363068094924,-1.461440576166749,-0.47547993880970824,-0.9143260204049839,-0.4814607612315388,-1.7576586648700827,0.9841231756854657,0
1.0595727735687044,-1.1099901739376037,1.5251962127575889,2.1647627542348724,1.2854498274770565,-1.177851894974348,0.7298354633923195,0.2744324511807092,-0.8783016462932557,-0.7996548742607882,0.29255569570563505,0.32575473142284794,0.9841231756854657,0
1.398470950690115,-1.1099901739376037,-1.179024470547907,-0.6564506141762578,1.2854498274770565,0.9048055324001227,-0.4762228401196825,-0.8828162337175963,-1.7880073356936013,0.3470565871811683,1.3245776382885335,0.4448069254967297,-1.0161329645585022,0
-0.12657084635623306,0.9009088760241706,-0.502969299721533,0.3468706712959435,-0.404365943111267,-1.177851894974348,-0.37550683683270336,1.4316811360790147,-0.029019213015442864,-0.7996548742607882,1.066572152642809,0.22654456969461315,0.9841231756854657,0
1.398470950690115,0.9009088760241706,-0.502969299721533,-0.5476885148712296,1.4544314045358888,0.9048055324001227,-0.5674373336626071,0.2744324511807092,0.10525468947907315,-0.11162799739561437,0.5505611813513597,1.5162766721616654,0.9841231756854657,0
-0.634918112038349,-1.1099901739376037,0.8491410419312149,0.11660202457507578,-0.911310674287764,0.9048055324001227,1.3181372750450358,1.4316811360790147,-0.8044509999212723,0.8057411717579506,-0.7394662468772634,-0.051243883144444294,0.9841231756854657,0
-0.9738162891597597,0.9009088760241706,-1.179024470547907,-0.006499552901720316,-0.911310674287764,-1.177851894974348,-0.8841543251310949,0.853056793629862,-1.197202164717731,-1.0289971665491795,-0.4814607612315388,-0.46792656240303043,0.9841231756854657,0
0.38177641932588297,-1.1099901739376037,-0.502969299721533,-0.34410898501191234,0.9474866733593919,-1.177851894974348,2.249126871466656,-0.8828162337175963,0.4409394457153629,3.0991640946418633,0.8085666669970842,0.7622794430270811,-1.0161329645585022,0
-0.634918112038349,0.9009088760241706,-1.179024470547907,-0.7933705213890637,-0.7423290972289317,0.21058638994196582,-0.2507203421941191,0.853056793629862,-1.6839450612603513,1.4937680486231246,-0.4814607612315388,0.6233852166075523,0.9841231756854657,0
0.0428782422044723,-1.1099901739376037,-0.502969299721533,-0.321936487926932,0.10257878806523006,-1.177851894974348,-0.17154109432699713,0.853056793629862,-0.03908975570253134,0.003043148748581378,1.066572152642809,-1.0036614357354983,0.9841231756854657,0
-0.634918112038349,-1.1099901739376037,-0.502969299721533,-0.013779838625492348,-0.404365943111267,-1.177851894974348,0.0026532509806712224,0.853056793629862,0.3268066285950244,-0.2262991435398101,-0.7394662468772634,1.1194360252487263,0.9841231756854657,0
-0.8043672005990544,0.9009088760241706,1.5251962127575889,0.27654721722228437,-0.7423290972289317,0.9048055324001227,-0.9474977234247925,-1.461440576166749,0.4543668359648142,-1.143668312693375,-0.4814607612315388,0.5638591195706114,0.9841231756854657,0
-0.8043672005990544,0.9009088760241706,0.8491410419312149,-0.3373024705933749,-0.5733475201700994,0.9048055324001227,-1.1375279183058853,0.853056793629862,-0.07937192645088645,-1.143668312693375,-0.4814607612315388,-1.2219237915376149,-1.0161329645585022,0
1.2290218621294098,-1.1099901739376037,-1.179024470547907,-0.17238267924120282,1.4544314045358888,-1.177851894974348,0.38271364074285674,0.2744324511807092,0.44429629327772574,0.3470565871811683,1.3245776382885335,0.8416475724096689,-1.0161329645585022,0
0.0428782422044723,-1.1099901739376037,-0.502969299721533,-0.48423474472347255,0.10257878806523006,-1.177851894974348,1.5228948100294133,-0.8828162337175963,-0.3680608168140954,2.869821802353472,0.5505611813513597,1.6750129309268411,-1.0161329645585022,0
-0.46546902347764374,0.9009088760241706,-1.179024470547907,-0.7753987965438304,-0.23538436605243465,0.21058638994196582,-0.10107156372525856,-0.8828162337175963,-1.338189762336973,1.7231103409115156,-0.4814607612315388,1.0599099282117854,0.9841231756854657,0
1.0595727735687044,0.9009088760241706,-0.502969299721533,0.38832566050397294,1.1164682504182242,-1.177851894974348,0.06599664927436881,-0.3041918912684436,-0.0995130118250634,-0.45564143582820127,1.582583123934258,-0.3488743683291487,0.9841231756854657,0
-0.2960199349169384,-1.1099901739376037,-0.502969299721533,2.014908890389161,0.2715603651240624,0.9048055324001227,0.38271364074285674,-0.8828162337175963,0.16232109803924238,-0.9143260204049839,-0.4814607612315388,0.5241750548793175,0.9841231756854657,0
-0.8043672005990544,0.9009088760241706,-1.179024470547907,0.40397590595355665,-0.911310674287764,0.9048055324001227,1.6495816066168083,-1.461440576166749,0.9209686471332571,0.5763988794695595,-0.4814607612315388,-1.7179746001787888,0.9841231756854657,0
0.0428782422044723,-1.1099901739376037,0.17308587110484092,-0.2998271603493163,-0.23538436605243465,0.9048055324001227,-1.2008713165995828,1.4316811360790147,0.011262957732911642,-1.2583394588375707,0.03455021005991044,1.278172284013902,0.9841231756854657,0
1.2290218621294098,0.9009088760241706,0.8491410419312149,0.11873399544863157,0.7785050963005594,-1.177851894974348,0.5233359849548653,0.2744324511807092,-1.5228163782669324,0.1177142948927768,0.29255569570563505,0.6233852166075523,0.9841231756854657,0
-0.2960199349169384,-1.1099901739376037,-0.502969299721533,0.18016634136072096,0.10257878806523006,-1.177851894974348,-0.2507203421941191,1.4316811360790147,1.3137198119297162,-0.570312581972397,-0.22345527558581418,-0.8449251769703227,0.9841231756854657,0
-0.8043672005990544,-1.1099901739376037,-0.502969299721533,-0.0025356663145906407,-0.911310674287764,0.9048055324001227,1.1428344202672278,0.853056793629862,0.09182729922962125,0.8057411717579506,-0.997471732522988,-0.011559818453150373,-1.0161329645585022,0
-0.46546902347764374,0.9009088760241706,0.8491410419312149,-0.4494441385424101,-0.7423290972289317,0.9048055324001227,-0.5674373336626071,0.2744324511807092,0.4946490067131693,-0.2262991435398101,-0.7394662468772634,0.5638591195706114,-1.0161329645585022,0
1.2290218621294098,0.9009088760241706,-0.502969299721533,-0.14651476597539242,1.1164682504182242,0.9048055324001227,-0.3298995900612411,-1.461440576166749,0.20260326878759688,-0.34097028968400567,2.098594095225707,1.3972244780877838,-1.0161329645585022,0
0.5512255078865883,0.9009088760241706,-1.179024470547907,-0.3935233321478835,0.2715603651240624,0.9048055324001227,-0.09236184645987515,-1.461440576166749,0.6490639945818623,0.23238544103697253,0.03455021005991044,-1.162397694500674,0.9841231756854657,0
0.0428782422044723,-1.1099901739376037,1.5251962127575889,-0.2055150858539441,0.2715603651240624,0.21058638994196582,1.3328646151483206,0.853056793629862,0.9209686471332571,1.4937680486231246,0.03455021005991044,0.5043330225336705,0.9841231756854657,0
-0.2960199349169384,-1.1099901739376037,-1.179024470547907,-0.7246578897532023,-0.23538436605243465,0.9048055324001227,-1.165874089042315,0.2744324511807092,0.4912921591508065,-0.7996548742607882,-0.4814607612315388,0.06780831092943747,0.9841231756854657,0
-0.2960199349169384,-1.1099901739376037,-0.502969299721533,1.1435329134248025,-0.5733475201700994,-1.177851894974348,0.8530383730735613,0.853056793629862,-0.9286543597286993,-0.45564143582820127,-0.4814607612315388,-0.6068207888225592,0.9841231756854657,0
-0.634918112038349,-1.1099901739376037,-1.179024470547907,-0.674201245745715,-0.404365943111267,0.9048055324001227,-0.5674373336626071,-0.8828162337175963,0.20596011634995973,0.23238544103697253,-0.997471732522988,1.2186461869769611,-1.0161329645585022,0
0.7206745964472937,0.9009088760241706,-0.502969299721533,0.07870032015630597,0.4405419421828948,-1.177851894974348,0.2612526745146916,-1.461440576166749,-0.5862559083676839,-0.11162799739561437,0.03455021005991044,0.9606997664835506,0.9841231756854657,0
0.5512255078865883,-1.1099901739376037,-1.179024470547907,0.47369924970725197,0.7785050963005594,-1.177851894974348,0.38271364074285674,0.2744324511807092,-0.9387249024157878,-0.34097028968400567,0.03455021005991044,-1.2417658238832618,0.9841231756854657,0
0.7206745964472937,-1.1099901739376037,0.8491410419312149,-0.3922757343774323,0.10257878806523006,0.9048055324001227,-0.4090788379283631,1.4316811360790147,0.5349311774615239,-0.11162799739561437,0.5505611813513597,-0.051243883144444294,0.9841231756854657,0
0.21232733076517762,-1.1099901739376037,-1.179024470547907,-0.8668682432077949,0.2715603651240624,0.21058638994196582,-0.7257958293968509,-0.3041918912684436,-1.4456088843325854,0.6910700256137552,0.29255569570563505,1.238488219322608,-1.0161329645585022,0
-0.2960199349169384,0.9009088760241706,0.8491410419312149,0.17310714891272508,-0.7423290972289317,0.9048055324001227,0.0026532509806712224,0.853056793629862,-0.41169983512481334,-0.34097028968400567,-0.4814607612315388,-0.03140185079879733,0.9841231756854657,0
2.0762673049329363,-1.1099901739376037,-1.179024470547907,0.5582990124453143,1.6234129815947211,-1.177851894974348,-0.7257958293968509,0.2744324511807092,-0.11965409719924096,-1.143668312693375,2.6146050665171567,-0.9838194033898514,0.9841231756854657,0
0.38177641932588297,-1.1099901739376037,1.5251962127575889,-0.914434882253351,-0.06640278899360229,0.21058638994196582,-1.1147242949201541,-0.8828162337175963,0.8907570190719911,-0.2262991435398101,0.5505611813513597,0.7027533459901402,0.9841231756854657,0
0.38177641932588297,0.9009088760241706,0.8491410419312149,0.393663483876283,-0.06640278899360229,0.9048055324001227,0.8416365613806958,0.853056793629862,-0.6869613352385705,0.003043148748581378,0.8085666669970842,-1.3012919209202027,-1.0161329645585022,0
-0.46546902347764374,0.9009088760241706,0.8491410419312149,-0.40879456055327945,-0.404365943111267,0.9048055324001227,0.06599664927436881,0.853056793629862,-0.18007735332177302,0.5763988794695595,-0.4814607612315388,-2.987864670300194,0.9841231756854657,0
-0.46546902347764374,0.9009088760241706,-0.502969299721533,0.2315073584713129,-0.911310674287764,-1.177851894974348,-0.2507203421941191,1.4316811360790147,-1.4724636648314886,-0.6849837281165926,-0.7394662468772634,1.3773824457421369,-1.0161329645585022,0
-0.634918112038349,0.9009088760241706,0.8491410419312149,0.23258124009651138,-0.5733475201700994,-1.177851894974348,-0.7257958293968509,-0.3041918912684436,0.36708879934337896,-1.0289971665491795,-0.7394662468772634,-0.8846092416616166,0.9841231756854657,0
-0.8043672005990544,-1.1099901739376037,-1.179024470547907,-0.39625541334140313,-0.911310674287764,0.9048055324001227,-0.7257958293968509,0.2744324511807092,-0.1263677923239666,-0.570312581972397,-0.4814607612315388,-0.5869787564769122,0.9841231756854657,0
-0.634918112038349,0.9009088760241706,0.8491410419312149,-0.6935311149992877,-0.404365943111267,-1.177851894974348,-1.121692068732461,0.853056793629862,-0.5124052619956999,-0.7996548742607882,-0.7394662468772634,-0.8846092416616166,-1.0161329645585022,0
2.5846145706150523,0.9009088760241706,-1.179024470547907,-0.2972687953010493,2.2993392898300504,0.9048055324001227,-0.804975077263973,-0.8828162337175963,-0.10622670694978965,-0.7996548742607882,2.6146050665171567,0.5638591195706114,0.9841231756854657,0
0.38177641932588297,0.9009088760241706,1.5251962127575889,-0.08849357346099232,0.10257878806523006,0.21058638994196582,-0.09236184645987515,1.4316811360790147,0.024690347982363543,-0.2262991435398101,0.03455021005991044,0.6035431842619053,0.9841231756854657,0
-0.12657084635623306,0.9009088760241706,-0.502969299721533,0.2970773071157847,-0.404365943111267,-1.177851894974348,-0.5674373336626071,-0.3041918912684436,-0.8883721889803448,-0.9143260204049839,-0.22345527558581418,1.5361187045073124,0.9841231756854657,0
-0.634918112038349,-1.1099901739376037,0.8491410419312149,-0.48993579276312915,-0.911310674287764,0.9048055324001227,-1.359229812333827,-0.8828162337175963,-1.2441980305908118,-1.3730106049817663,-0.7394662468772634,-1.8965528912896115,0.9841231756854657,0
0.0428782422044723,-1.1099901739376037,-0.502969299721533,-0.327163764661354,-0.404365943111267,0.9048055324001227,0.38271364074285674,1.4316811360790147,0.6255660616453219,0.6910700256137552,0.5505611813513597,0.40512286080543575,0.9841231756854657,0
0.7206745964472937,0.9009088760241706,-0.502969299721533,-0.5427770856736307,0.2715603651240624,0.21058638994196582,-0.7348222636537028,-0.8828162337175963,0.05490197604362957,-0.34097028968400567,0.29255569570563505,1.35754041339649,0.9841231756854657,0
-0.9738162891597597,-1.1099901739376037,-1.179024470547907,-0.5744092164864624,-0.911310674287764,0.9048055324001227,-1.1753755987863697,0.2744324511807092,-1.1770610793435539,-1.0289971665491795,-0.997471732522988,-0.7060309505507939,0.9841231756854657,0
-0.46546902347764374,-1.1099901739376037,1.5251962127575889,-0.3930337684658077,-0.7423290972289317,-1.177851894974348,-0.3298995900612411,-0.8828162337175963,-0.7205298108621999,0.003043148748581378,-0.7394662468772634,-0.11076998018138517,0.9841231756854657,0
-0.8043672005990544,-1.1099901739376037,0.8491410419312149,-0.48808808467271414,-0.5733475201700994,0.9048055324001227,-0.3298995900612411,-1.461440576166749,0.3503045615315648,0.1177142948927768,-0.4814607612315388,0.32575473142284794,-1.0161329645585022,0
-0.634918112038349,0.9009088760241706,-0.502969299721533,0.36504769704011186,-0.911310674287764,-1.177851894974348,2.4413740852880284,0.2744324511807092,0.001192415045823164,1.1497546101905376,-0.4814607612315388,-0.07108591549009124,-1.0161329645585022,0
-0.8043672005990544,0.9009088760241706,-0.502969299721533,-0.5308222564048771,-0.911310674287764,0.9048055324001227,-0.7257958293968509,0.2744324511807092,0.19253272610050842,-0.34097028968400567,-0.4814607612315388,0.6233852166075523,0.9841231756854657,0
-0.634918112038349,0.9009088760241706,0.8491410419312149,0.6440989958233045,-0.7423290972289317,-1.177851894974348,-0.5674373336626071,1.4316811360790147,-1.7577957076323352,-1.0289971665491795,-0.7394662468772634,-0.011559818453150373,0.9841231756854657,0
-0.2960199349169384,-1.1099901739376037,-0.502969299721533,-0.34597248547916853,-0.06640278899360229,-1.177851894974348,0.38271364074285674,-1.461440576166749,-0.6500360120525788,0.8057411717579506,-0.22345527558581418,0.0479662785837905,-1.0161329645585022,0
-0.634918112038349,0.9009088760241706,-0.502969299721533,0.06284477380778727,-0.911310674287764,0.9048055324001227,-0.4797067270258359,0.2744324511807092,-1.4422520367702227,-0.6849837281165926,-0.7394662468772634,-0.9639773710442044,0.9841231756854657,0
0.0428782422044723,-1.1099901739376037,1.5251962127575889,1.5969636372880185,0.10257878806523006,-1.177851894974348,0.06599664927436881,-0.8828162337175963,-0.17000681063468454,-0.9143260204049839,1.066572152642809,-0.03140185079879733,-1.0161329645585022,0
-0.634918112038349,0.9009088760241706,-1.179024470547907,0.17277550899906086,-0.911310674287764,0.9048055324001227,-1.2008713165995828,-0.8828162337175963,-0.34120603631519225,-1.3730106049817663,-0.4814607612315388,-0.3488743683291487,-1.0161329645585022,0
0.21232733076517762,-1.1099901739376037,-0.502969299721533,0.12389810267568896,-0.404365943111267,-1.177851894974348,2.9835935746820796,1.4316811360790147,1.0619562447524988,2.0671237793441026,1.066572152642809,-1.9560789883265524,0.9841231756854657,0
0.7206745964472937,0.9009088760241706,-1.179024470547907,0.07571556093332785,0.10257878806523006,-1.177851894974348,-0.8045000017767703,0.853056793629862,-0.9857207682888686,-1.0289971665491795,0.5505611813513597,-0.40840046536608954,-1.0161329645585022,0
-0.46546902347764374,0.9009088760241706,-0.502969299721533,-0.42916672667836825,-0.7423290972289317,0.9048055324001227,0.06599664927436881,-0.8828162337175963,0.377159342030468,0.5763988794695595,-0.4814607612315388,-0.6663468858595001,0.9841231756854657,0
0.38177641932588297,-1.1099901739376037,-0.502969299721533,-0.6017142360448178,0.10257878806523006,0.9048055324001227,-1.2057804299673445,-0.8828162337175963,1.0485288545030476,-1.0289971665491795,0.03455021005991044,0.38528082845978884,-1.0161329645585022,0
-0.8043672005990544,0.9009088760241706,-0.502969299721533,-0.0789076007184118,-0.911310674287764,-1.177851894974348,0.25602684415546156,-1.461440576166749,-1.1569199939693766,0.1177142948927768,-0.4814607612315388,0.6432272489531993,-1.0161329645585022,0
-0.46546902347764374,0.9009088760241706,1.5251962127575889,0.8952609571050191,-0.23538436605243465,-1.177851894974348,1.326688633814685,1.4316811360790147,0.4006572749670078,-0.11162799739561437,-0.22345527558581418,2.091695610185427,-1.0161329645585022,0
0.5512255078865883,0.9009088760241706,0.8491410419312149,0.7042521592112604,0.4405419421828948,-1.177851894974348,0.8368858065086684,-0.8828162337175963,-0.04580345082725759,-0.2262991435398101,0.29255569570563505,-1.7378166325244357,0.9841231756854657,0
-0.2960199349169384,0.9009088760241706,-0.502969299721533,-0.11979406436015971,-0.7423290972289317,0.9048055324001227,-0.5674373336626071,0.853056793629862,0.06497251873071805,-0.6849837281165926,-0.7394662468772634,-1.4401861473397315,0.9841231756854657,0
0.21232733076517762,0.9009088760241706,1.5251962127575889,1.141843129102799,0.10257878806523006,-1.177851894974348,-0.5316483136266679,1.4316811360790147,-0.4419114631860794,-1.143668312693375,0.5505611813513597,0.7225953783357871,0.9841231756854657,0
-0.8043672005990544,-1.1099901739376037,1.5251962127575889,-0.6390158301436237,-0.911310674287764,-1.177851894974348,-0.006531541771914927,-0.8828162337175963,0.6792756226431284,1.1497546101905376,-0.4814607612315388,1.3773824457421369,0.9841231756854657,0
-0.2960199349169384,0.9009088760241706,-1.179024470547907,0.8399718457841386,0.10257878806523006,-1.177851894974348,-0.2507203421941191,1.4316811360790147,1.1055952630632166,-0.9143260204049839,-0.997471732522988,1.0202258635204915,0.9841231756854657,0
1.398470950690115,0.9009088760241706,0.8491410419312149,-0.01580126286116007,1.6234129815947211,-1.177851894974348,0.8577891279455886,0.2744324511807092,-0.1129404020745153,0.5763988794695595,2.872610552162881,-1.4798702120310254,0.9841231756854657,0
-0.634918112038349,0.9009088760241706,-0.502969299721533,-0.3894331065460246,-0.7423290972289317,0.9048055324001227,-0.08539407264756842,-0.8828162337175963,-1.2609822684026262,0.23238544103697253,-0.4814607612315388,-3.245811090793605,0.9841231756854657,0
-0.634918112038349,0.9009088760241706,-0.502969299721533,-0.39257578953741423,-0.06640278899360229,0.9048055324001227,-0.8841543251310949,0.853056793629862,0.19924642122523406,-0.7996548742607882,-0.997471732522988,-0.9044512740072636,0.9841231756854657,0
-0.634918112038349,0.9009088760241706,-1.179024470547907,-0.31727773675879156,-0.911310674287764,-1.177851894974348,-1.1349941823741374,-0.3041918912684436,-1.240841183028449,-1.143668312693375,-0.22345527558581418,0.2463866020402601,0.9841231756854657,0
-0.8043672005990544,0.9009088760241706,-1.179024470547907,-0.4518445798222655,-0.404365943111267,0.9048055324001227,-0.18737694390042153,0.2744324511807092,1.1055952630632166,0.23238544103697253,-0.22345527558581418,-0.5472946917856183,0.9841231756854657,0
-0.634918112038349,-1.1099901739376037,-1.179024470547907,-0.07134305221149899,-0.23538436605243465,0.9048055324001227,0.06599664927436881,-0.8828162337175963,0.9041844093214424,-0.11162799739561437,-0.7394662468772634,-0.5076106270943244,0.9841231756854657,0
-0.46546902347764374,0.9009088760241706,0.8491410419312149,-0.4373313855052449,-0.7423290972289317,0.9048055324001227,0.38271364074285674,-1.461440576166749,0.13210946997797635,1.035083464046342,-0.7394662468772634,-2.3330776028938445,0.9841231756854657,0
-0.634918112038349,0.9009088760241706,1.5251962127575889,-0.11703039841295776,-0.5733475201700994,-1.177851894974348,-1.042512820865339,-1.461440576166749,-1.036073481724312,-1.143668312693375,-0.4814607612315388,1.258330251668255,0.9841231756854657,0
-0.46546902347764374,0.9009088760241706,1.5251962127575889,-0.22228659005924972,-0.7423290972289317,-1.177851894974348,0.2215046920853964,0.853056793629862,-1.8014347259430528,0.3470565871811683,-0.7394662468772634,-0.9242933063529105,0.9841231756854657,0
-0.46546902347764374,0.9009088760241706,0.8491410419312149,-0.11113984185120729,-0.5733475201700994,-1.177851894974348,-0.4090788379283631,-0.8828162337175963,-0.8648742560438044,-0.45564143582820127,-0.7394662468772634,0.4249648931510827,-1.0161329645585022,0
-0.46546902347764374,0.9009088760241706,-1.179024470547907,-0.3958448115435331,-0.7423290972289317,-1.177851894974348,0.06599664927436881,-0.8828162337175963,-0.29085332287974863,0.4617277333253637,-0.4814607612315388,0.6630692812988462,0.9841231756854657,0
-0.8043672005990544,0.9009088760241706,-0.502969299721533,-0.5190885204118996,-0.911310674287764,0.9048055324001227,-1.359229812333827,-0.8828162337175963,0.16232109803924238,-1.3730106049817663,-0.7394662468772634,0.9606997664835506,-1.0161329645585022,0
1.2290218621294098,-1.1099901739376037,-1.179024470547907,0.23038609971559096,0.9474866733593919,-1.177851894974348,0.06599664927436881,-1.461440576166749,-1.2274137927789974,-0.34097028968400567,0.5505611813513597,0.7424374106814341,0.9841231756854657,0
-0.46546902347764374,0.9009088760241706,-0.502969299721533,2.545880184542444,-0.7423290972289317,-1.177851894974348,0.38271364074285674,1.4316811360790147,0.561785957960427,-1.0289971665491795,-0.997471732522988,0.20670253734896618,0.9841231756854657,0
-0.634918112038349,0.9009088760241706,-0.502969299721533,0.21645722334169307,-0.911310674287764,-1.177851894974348,-1.042512820865339,-1.461440576166749,-0.5359031949322403,-1.2583394588375707,-0.7394662468772634,-0.24966420660091387,0.9841231756854657,0
1.906818216372231,0.9009088760241706,-0.502969299721533,-0.5186147491066649,1.7923945586535535,0.9048055324001227,-1.042512820865339,-1.461440576166749,0.021333500420000717,-0.9143260204049839,2.6146050665171567,-0.4282424977117365,0.9841231756854657,0
1.5679200392508204,-1.1099901739376037,1.5251962127575889,-0.5255476025399316,1.7923945586535535,0.9048055324001227,-0.5674373336626071,0.853056793629862,0.7564831165774751,-0.11162799739561437,2.872610552162881,1.278172284013902,-1.0161329645585022,0
-0.634918112038349,-1.1099901739376037,0.8491410419312149,-0.49121497528726266,-0.404365943111267,0.9048055324001227,-0.4090788379283631,-0.8828162337175963,0.1119683846037988,0.003043148748581378,-0.997471732522988,0.32575473142284794,-1.0161329645585022,0
-0.46546902347764374,0.9009088760241706,-1.179024470547907,0.6438305254170049,-0.911310674287764,-1.177851894974348,-0.4090788379283631,1.4316811360790147,-1.4355383416454968,-0.9143260204049839,-0.7394662468772634,-0.07108591549009124,0.9841231756854657,0
1.0595727735687044,0.9009088760241706,-1.179024470547907,1.124645230722782,0.7785050963005594,-1.177851894974348,1.6495816066168083,-1.461440576166749,0.041474585794178266,-0.11162799739561437,1.3245776382885335,0.9606997664835506,-1.0161329645585022,0
-0.2960199349169384,-1.1099901739376037,0.8491410419312149,0.21321978608925646,0.2715603651240624,-1.177851894974348,1.9662985980852963,-0.3041918912684436,-1.3146918294004326,1.1497546101905376,-0.4814607612315388,-0.4282424977117365,0.9841231756854657,0
-0.8043672005990544,-1.1099901739376037,1.5251962127575889,-0.5631808365524018,-0.7423290972289317,-1.177851894974348,0.23512352271854137,-0.8828162337175963,-1.3818287806476905,1.2644257563347332,-0.7394662468772634,0.6233852166075523,-1.0161329645585022,0
0.0428782422044723,0.9009088760241706,0.8491410419312149,-0.5667972908490261,-0.7423290972289317,0.21058638994196582,-1.001656328965904,0.853056793629862,-0.9823639207265057,-0.7996548742607882,-0.22345527558581418,-0.3488743683291487,0.9841231756854657,0
0.21232733076517762,-1.1099901739376037,0.8491410419312149,0.18643591496665915,0.10257878806523006,-1.177851894974348,0.5559578350761196,-0.8828162337175963,-0.2707122375055717,0.003043148748581378,0.5505611813513597,0.6233852166075523,-1.0161329645585022,0
-0.46546902347764374,-1.1099901739376037,0.8491410419312149,-0.6803286879600828,-0.23538436605243465,0.9048055324001227,-1.258197092055379,0.853056793629862,1.3305040497415308,-1.143668312693375,-0.4814607612315388,-1.9163949236352584,0.9841231756854657,0
-0.634918112038349,-1.1099901739376037,-0.502969299721533,0.4295595564362263,-0.404365943111267,0.21058638994196582,-0.7257958293968509,-0.8828162337175963,0.830333762949459,-1.0289971665491795,-0.4814607612315388,-0.44808453005738347,0.9841231756854657,0
1.7373691278115257,0.9009088760241706,-1.179024470547907,-0.2967950239958147,2.4683208668888827,-1.177851894974348,0.06599664927436881,0.853056793629862,0.001192415045823164,0.23238544103697253,2.356599580871432,0.3654387961141419,-1.0161329645585022,0
0.38177641932588297,-1.1099901739376037,0.8491410419312149,-0.24504340508735276,0.10257878806523006,0.9048055324001227,0.8577891279455886,0.853056793629862,-1.166990536656465,1.035083464046342,-0.22345527558581418,0.40512286080543575,0.9841231756854657,0
1.7373691278115257,-1.1099901739376037,1.5251962127575889,-0.2610252904506007,1.4544314045358888,-1.177851894974348,0.6994306322113446,1.4316811360790147,0.06161567116835522,0.9204123179021463,1.582583123934258,0.9210157017922567,-1.0161329645585022,0
-0.634918112038349,0.9009088760241706,0.8491410419312149,-0.2618622864231819,-0.7423290972289317,0.9048055324001227,-0.7574675285436998,-0.8828162337175963,-0.1935047435712249,-0.6849837281165926,-0.997471732522988,0.028124246238143545,0.9841231756854657,0
-0.8043672005990544,-1.1099901739376037,0.8491410419312149,-0.7903857621660856,-0.7423290972289317,0.9048055324001227,-0.7257958293968509,-1.461440576166749,-0.3009238655668377,0.3470565871811683,-0.4814607612315388,-3.8013879964717194,0.9841231756854657,0
-0.46546902347764374,-1.1099901739376037,-1.179024470547907,-0.11213476159219998,0.10257878806523006,0.9048055324001227,-0.18737694390042153,1.4316811360790147,1.8978112877808604,-0.2262991435398101,-0.7394662468772634,0.028124246238143545,-1.0161329645585022,0
1.0595727735687044,-1.1099901739376037,-0.502969299721533,0.04522048125305931,0.9474866733593919,0.9048055324001227,0.7133661798359581,-0.3041918912684436,0.8034789824505558,0.3470565871811683,1.3245776382885335,0.46464895784237664,0.9841231756854657,0
-0.9738162891597597,0.9009088760241706,0.8491410419312149,-0.4904569411988872,-0.911310674287764,0.9048055324001227,-0.5674373336626071,-0.8828162337175963,0.36708879934337896,-0.2262991435398101,-0.4814607612315388,-1.0433455004267922,0.9841231756854657,0
-0.9738162891597597,0.9009088760241706,-0.502969299721533,-0.7735037113228919,-0.911310674287764,0.21058638994196582,-0.7257958293968509,1.4316811360790147,-1.6705176710108995,0.23238544103697253,-0.7394662468772634,0.2463866020402601,-1.0161329645585022,0
0.0428782422044723,0.9009088760241706,-1.179024470547907,-0.46940570286962885,0.2715603651240624,0.9048055324001227,-1.2008713165995828,1.4316811360790147,0.8135495251376443,-1.143668312693375,0.5505611813513597,0.08765034327508442,-1.0161329645585022,0
0.21232733076517762,-1.1099901739376037,0.8491410419312149,0.458538567939744,-0.23538436605243465,-1.177851894974348,-0.8667348906003282,-1.461440576166749,-0.43519776806135313,-1.143668312693375,-0.22345527558581418,0.38528082845978884,0.9841231756854657,0
0.7206745964472937,0.9009088760241706,-0.502969299721533,-0.5927757507527246,0.4405419421828948,0.9048055324001227,-1.2154402982071333,0.2744324511807092,0.5886407384593302,-1.0289971665491795,0.29255569570563505,0.6432272489531993,-1.0161329645585022,0
0.21232733076517762,0.9009088760241706,-1.179024470547907,-0.09757419014465592,-0.404365943111267,0.9048055324001227,-0.14905418793273448,0.853056793629862,-0.9118701219168851,-0.2262991435398101,0.29255569570563505,0.7225953783357871,-1.0161329645585022,0
0.38177641932588297,0.9009088760241706,0.8491410419312149,-0.1637284567322504,0.6095235192417271,-1.177851894974348,2.0632139974746537,0.853056793629862,-0.4083429875624505,2.1817949254882985,0.5505611813513597,-0.30919030363785477,0.9841231756854657,0
0.38177641932588297,0.9009088760241706,-0.502969299721533,-0.5103711283955825,0.10257878806523006,0.9048055324001227,-1.1511467489390304,-1.461440576166749,-0.7037455730503852,-1.0289971665491795,0.5505611813513597,-1.8370267942526706,0.9841231756854657,0
0.21232733076517762,0.9009088760241706,-0.502969299721533,-0.8405897281441145,-0.06640278899360229,-1.177851894974348,-1.2857514703131376,1.4316811360790147,0.011262957732911642,-1.0289971665491795,0.29255569570563505,0.9011736694466097,-1.0161329645585022,0
-0.2960199349169384,-1.1099901739376037,-1.179024470547907,-0.5666551594574557,-0.7423290972289317,-1.177851894974348,-0.5674373336626071,0.2744324511807092,-0.4284840729366275,0.003043148748581378,-0.4814607612315388,-0.13061201252703214,0.9841231756854657,0
-0.8043672005990544,0.9009088760241706,-0.502969299721533,-0.4136428202435138,-0.911310674287764,0.9048055324001227,0.06599664927436881,0.853056793629862,0.5819270433346045,0.5763988794695595,-0.997471732522988,-0.051243883144444294,0.9841231756854657,0
-0.2960199349169384,-1.1099901739376037,0.8491410419312149,1.0299383468063812,-0.7423290972289317,-1.177851894974348,-0.2507203421941191,-0.8828162337175963,-0.1532225728228698,-0.9143260204049839,-0.7394662468772634,0.821805540064022,0.9841231756854657,0
-0.46546902347764374,0.9009088760241706,-0.502969299721533,0.9315992162165146,-0.911310674287764,-1.177851894974348,-0.7257958293968509,-0.3041918912684436,-0.08944246913797492,-1.143668312693375,-0.7394662468772634,-1.3211339532658497,0.9841231756854657,0
0.0428782422044723,0.9009088760241706,-1.179024470547907,-0.33592853380819454,-0.06640278899360229,0.9048055324001227,0.7388618976491714,-1.461440576166749,0.21267381147468598,1.1497546101905376,0.03455021005991044,-1.2417658238832618,0.9841231756854657,0
-0.634918112038349,0.9009088760241706,0.8491410419312149,-0.564428434322853,-0.7423290972289317,-1.177851894974348,-0.8841543251310949,0.2744324511807092,-1.657090280761448,-0.570312581972397,-0.7394662468772634,-0.09092794783573821,0.9841231756854657,0
0.38177641932588297,-1.1099901739376037,1.5251962127575889,1.032275618578872,0.10257878806523006,0.9048055324001227,0.38271364074285674,1.4316811360790147,-0.002164432516539662,-0.6849837281165926,0.03455021005991044,-1.4798702120310254,0.9841231756854657,0
-0.634918112038349,0.9009088760241706,1.5251962127575889,0.3864937447903991,-0.7423290972289317,-1.177851894974348,0.06599664927436881,1.4316811360790147,0.1354663175403392,-0.45564143582820127,-0.7394662468772634,0.9011736694466097,-1.0161329645585022,0
-0.8043672005990544,-1.1099901739376037,-1.179024470547907,0.06848265234007928,-0.911310674287764,-1.177851894974348,-0.7574675285436998,0.2744324511807092,-0.0860856215756121,-0.9143260204049839,-0.997471732522988,0.38528082845978884,0.9841231756854657,0
-0.2960199349169384,0.9009088760241706,0.8491410419312149,-0.656877008350969,-0.06640278899360229,0.9048055324001227,-0.5040939353689095,-0.8828162337175963,-1.1065672805339328,0.3470565871811683,-0.4814607612315388,0.22654456969461315,-1.0161329645585022,0
0.890123685007999,-1.1099901739376037,-1.179024470547907,-0.03189369486229608,0.9474866733593919,-1.177851894974348,0.8577891279455886,-0.3041918912684436,-0.24721430456903132,0.5763988794695595,0.5505611813513597,0.14717644031202531,0.9841231756854657,0
0.38177641932588297,-1.1099901739376037,0.17308587110484092,1.1156593683001654,-0.23538436605243465,-1.177851894974348,-0.2507203421941191,0.2744324511807092,-0.9857207682888686,-1.0289971665491795,0.8085666669970842,1.6551708985811941,-1.0161329645585022,0
-0.12657084635623306,-1.1099901739376037,-0.502969299721533,-0.14490394353759473,-0.06640278899360229,0.9048055324001227,-0.7805878689208994,-0.8828162337175963,0.5181469396497097,-0.7996548742607882,0.8085666669970842,0.16701847265767225,0.9841231756854657,0
0.0428782422044723,0.9009088760241706,-1.179024470547907,1.1196706320178187,0.10257878806523006,-1.177851894974348,0.8577891279455886,0.853056793629862,0.5651428055227898,-0.45564143582820127,-0.22345527558581418,0.10749237562073138,0.9841231756854657,0
0.21232733076517762,0.9009088760241706,-0.502969299721533,1.0619494946634005,-0.23538436605243465,-1.177851894974348,0.25602684415546156,0.2744324511807092,-1.4456088843325854,-0.6849837281165926,0.5505611813513597,0.3455967637684949,0.9841231756854657,0
-0.634918112038349,0.9009088760241706,0.8491410419312149,0.660349351592852,-0.911310674287764,-1.177851894974348,-0.5674373336626071,0.853056793629862,-1.7040861466345287,-1.0289971665491795,-0.4814607612315388,0.10749237562073138,0.9841231756854657,0
0.890123685007999,0.9009088760241706,1.5251962127575889,0.4030757404736109,-0.06640278899360229,-1.177851894974348,-1.1329355219295922,-0.8828162337175963,-1.0662851097855781,-1.3730106049817663,-0.22345527558581418,-0.03140185079879733,-1.0161329645585022,0
-0.9738162891597597,0.9009088760241706,-0.502969299721533,-0.39508677745515774,-0.911310674287764,-1.177851894974348,-0.7257958293968509,-0.8828162337175963,-1.2576254208402633,-0.570312581972397,-0.4814607612315388,-0.46792656240303043,0.9841231756854657,0
-0.8043672005990544,-1.1099901739376037,0.8491410419312149,0.3875518340387564,-0.911310674287764,-1.177851894974348,1.0161476236798326,-0.8828162337175963,0.31673608590793534,0.1177142948927768,-0.7394662468772634,-0.17029607721832604,0.9841231756854657,0
0.21232733076517762,0.9009088760241706,1.5251962127575889,0.9101531684662274,0.2715603651240624,-1.177851894974348,2.592289731722763,0.853056793629862,-0.8044509999212723,0.5763988794695595,0.03455021005991044,0.5043330225336705,-1.0161329645585022,0
0.5512255078865883,0.9009088760241706,-0.502969299721533,-0.6822079808041801,0.2715603651240624,0.9048055324001227,-1.051539255122191,-0.3041918912684436,-0.15993626794759605,-0.6849837281165926,0.29255569570563505,0.4844909901880236,0.9841231756854657,0
-0.46546902347764374,0.9009088760241706,0.8491410419312149,-0.1991823427406413,-0.23538436605243465,-1.177851894974348,0.0569702150175169,-0.3041918912684436,-1.5496711587658354,0.1177142948927768,-0.7394662468772634,-0.36871640067479566,-1.0161329645585022,0
-0.9738162891597597,0.9009088760241706,0.8491410419312149,-0.5856375964205229,-0.911310674287764,-1.177851894974348,-0.9474977234247925,1.4316811360790147,0.2663833724724924,-0.6849837281165926,-0.7394662468772634,0.5241750548793175,-1.0161329645585022,0
-0.8043672005990544,-1.1099901739376037,0.8491410419312149,-0.22017041156253508,-0.911310674287764,-1.177851894974348,-1.042512820865339,-1.461440576166749,0.001192415045823164,-1.0289971665491795,-0.4814607612315388,0.6035431842619053,-1.0161329645585022,0
1.5679200392508204,-1.1099901739376037,-1.179024470547907,-0.1105871086617669,1.4544314045358888,0.9048055324001227,-0.4090788379283631,0.2744324511807092,-1.4858910550809403,-0.45564143582820127,1.582583123934258,1.0599099282117854,-1.0161329645585022,0
-0.2960199349169384,0.9009088760241706,-0.502969299721533,-0.16762917381201545,-0.5733475201700994,0.21058638994196582,-0.2507203421941191,-0.3041918912684436,-1.5463143112034723,-0.2262991435398101,-0.22345527558581418,0.6630692812988462,0.9841231756854657,0
1.2290218621294098,-1.1099901739376037,-1.179024470547907,-0.6013825961311535,0.7785050963005594,0.9048055324001227,-0.5862819946549821,1.4316811360790147,0.6389934518947737,0.003043148748581378,1.582583123934258,-0.03140185079879733,0.9841231756854657,0
0.0428782422044723,0.9009088760241706,-1.179024470547907,-0.08940953131777926,-0.404365943111267,-1.177851894974348,0.38271364074285674,0.853056793629862,-0.8178783901707236,0.23238544103697253,0.03455021005991044,1.1591200899400202,0.9841231756854657,0
0.21232733076517762,0.9009088760241706,-0.502969299721533,-0.8675946925424879,0.2715603651240624,0.9048055324001227,-0.646616581529729,-0.8828162337175963,0.5651428055227898,0.9204123179021463,0.03455021005991044,1.0202258635204915,-1.0161329645585022,0
0.5512255078865883,0.9009088760241706,-1.179024470547907,-0.8554187699979582,0.4405419421828948,0.21058638994196582,-0.37693206329431156,1.4316811360790147,0.1522505553521539,1.6084391947673204,0.03455021005991044,-1.3211339532658497,0.9841231756854657,0
5.634698164707748,0.9009088760241706,0.8491410419312149,0.3626788405139387,6.016933985124362,0.9048055324001227,-0.09236184645987515,-0.3041918912684436,-0.33784918875282943,-0.570312581972397,4.162637980391504,-0.5472946917856183,-1.0161329645585022,0
-0.46546902347764374,-1.1099901739376037,1.5251962127575889,0.2687457830627542,-0.7423290972289317,-1.177851894974348,1.3328646151483206,-0.8828162337175963,-1.6134512624507305,0.5763988794695595,-0.7394662468772634,0.4844909901880236,-1.0161329645585022,0
-0.12657084635623306,-1.1099901739376037,0.8491410419312149,0.27252016112779004,-0.404365943111267,0.9048055324001227,-0.8841543251310949,-0.8828162337175963,0.2965950005337584,-1.143668312693375,0.29255569570563505,-0.20998014190961997,0.9841231756854657,0
-0.12657084635623306,-1.1099901739376037,-1.179024470547907,-0.6584720384119256,0.10257878806523006,0.9048055324001227,-0.8841543251310949,0.2744324511807092,-0.17336365819704735,-0.45564143582820127,-0.4814607612315388,-1.4798702120310254,-1.0161329645585022,0
0.38177641932588297,-1.1099901739376037,0.8491410419312149,-0.022971001947044028,0.7785050963005594,-1.177851894974348,0.8577891279455886,-0.8828162337175963,0.27645391515958084,0.5763988794695595,1.066572152642809,0.38528082845978884,0.9841231756854657,0
0.38177641932588297,-1.1099901739376037,0.8491410419312149,1.7818923700979328,0.10257878806523006,0.9048055324001227,-0.21841520906433334,-0.8828162337175963,0.427512055465911,-1.143668312693375,0.29255569570563505,-1.3409759856114967,0.9841231756854657,0
1.906818216372231,0.9009088760241706,-1.179024470547907,-0.11134514275014229,1.9613761357123858,0.9048055324001227,-0.9474977234247925,-1.461440576166749,-1.6705176710108995,-1.0289971665491795,1.3245776382885335,1.0995939929030794,-1.0161329645585022,0
0.0428782422044723,-1.1099901739376037,-0.502969299721533,-0.031609432079155314,-0.06640278899360229,-1.177851894974348,-0.3861168560468977,0.2744324511807092,-0.8346626279825383,-0.570312581972397,0.8085666669970842,1.1988041546313142,0.9841231756854657,0
1.0595727735687044,-1.1099901739376037,0.17308587110484092,-0.15319494137920062,0.6095235192417271,0.9048055324001227,-0.5674373336626071,-0.3041918912684436,-0.29085332287974863,-0.570312581972397,0.29255569570563505,0.6829113136444932,0.9841231756854657,0
0.890123685007999,-1.1099901739376037,-0.502969299721533,0.7974587673277518,0.4405419421828948,-1.177851894974348,-0.4090788379283631,-0.3041918912684436,-0.5594011278687807,-1.0289971665491795,1.3245776382885335,-1.142555662155027,0.9841231756854657,0
1.398470950690115,0.9009088760241706,-0.502969299721533,-0.14725700768692668,0.9474866733593919,-1.177851894974348,0.8577891279455886,0.853056793629862,-0.14650887769814416,0.8057411717579506,1.3245776382885335,0.5638591195706114,0.9841231756854657,0
-0.634918112038349,-1.1099901739376037,-1.179024470547907,-0.10730229427880685,-0.911310674287764,-1.177851894974348,-0.8841543251310949,-0.3041918912684436,1.0116035313170553,-1.0289971665491795,-0.997471732522988,-1.8171847619070236,0.9841231756854657,0
-0.634918112038349,-1.1099901739376037,0.8491410419312149,-0.7320960992453859,-0.911310674287764,-1.177851894974348,-0.2629139463656559,1.4316811360790147,-0.5526874327440551,1.1497546101905376,-0.4814607612315388,-0.4877685947486774,0.9841231756854657,0
-0.12657084635623306,-1.1099901739376037,-0.502969299721533,0.6820480773725978,-0.06640278899360229,-1.177851894974348,0.06599664927436881,0.853056793629862,-0.8648742560438044,-0.6849837281165926,-0.7394662468772634,0.8416475724096689,0.9841231756854657,0
1.5679200392508204,-1.1099901739376037,-1.179024470547907,0.07503648872915822,1.4544314045358888,-1.177851894974348,-0.2507203421941191,1.4316811360790147,-0.4318409204989903,-0.570312581972397,0.8085666669970842,0.7027533459901402,0.9841231756854657,0
-0.634918112038349,0.9009088760241706,0.8491410419312149,-0.3507733680388794,-0.911310674287764,0.9048055324001227,0.22356335252994156,0.853056793629862,-0.12301094476160378,0.5763988794695595,-0.4814607612315388,-1.4401861473397315,0.9841231756854657,0
3.262410924857874,0.9009088760241706,-1.179024470547907,24.353146970317407,3.651191906300709,-1.177851894974348,-0.4352079897245133,0.2744324511807092,-1.1233515183457474,-1.6023528972701577,2.872610552162881,-1.5393963090679663,0.9841231756854657,0
1.0595727735687044,-1.1099901739376037,0.8491410419312149,0.38305100663902747,1.2854498274770565,-1.177851894974348,-0.17961737760944357,0.2744324511807092,-0.8078078474836352,-0.6849837281165926,1.3245776382885335,-0.8449251769703227,0.9841231756854657,0
2.0762673049329363,0.9009088760241706,-0.502969299721533,-0.4512286771254605,2.4683208668888827,0.9048055324001227,-0.4090788379283631,-1.461440576166749,0.8571885434483623,0.003043148748581378,2.098594095225707,1.8139071573463699,-1.0161329645585022,0
0.7206745964472937,0.9009088760241706,-1.179024470547907,0.0834380332086522,0.4405419421828948,0.9048055324001227,0.5410721364771007,0.853056793629862,-1.133422061032836,0.1177142948927768,0.8085666669970842,0.5043330225336705,0.9841231756854657,0
-0.8043672005990544,0.9009088760241706,-0.502969299721533,0.23888239845613185,-0.911310674287764,0.9048055324001227,0.691829424416101,1.4316811360790147,0.6826324702054911,0.1177142948927768,-0.7394662468772634,1.3773824457421369,-1.0161329645585022,0
-0.46546902347764374,-1.1099901739376037,0.8491410419312149,0.39369506862996534,-0.5733475201700994,-1.177851894974348,1.0451272283991992,-0.8828162337175963,0.09518414679198407,0.1177142948927768,-0.22345527558581418,0.16701847265767225,-1.0161329645585022,0
0.5512255078865883,-1.1099901739376037,-0.502969299721533,1.3151486725576238,0.2715603651240624,-1.177851894974348,-0.9516150443138829,1.4316811360790147,0.7128440982667578,-1.3730106049817663,0.8085666669970842,-1.5790803737592602,0.9841231756854657,0
-0.634918112038349,-1.1099901739376037,-1.179024470547907,0.41877336305371804,-0.911310674287764,-1.177851894974348,-0.4523107072638117,0.853056793629862,0.14218001266506483,-0.9143260204049839,-0.4814607612315388,-1.142555662155027,0.9841231756854657,0
-0.634918112038349,-1.1099901739376037,-0.502969299721533,-0.31931495337130045,-0.404365943111267,0.9048055324001227,0.06599664927436881,-0.8828162337175963,1.3204335070544417,0.3470565871811683,-0.4814607612315388,0.3654387961141419,0.9841231756854657,0
-0.634918112038349,-1.1099901739376037,-0.502969299721533,0.3051787964352967,-0.7423290972289317,0.9048055324001227,0.7760761441467188,-0.8828162337175963,-1.0461440244114009,0.1177142948927768,-0.7394662468772634,-1.4600281796853785,0.9841231756854657,0
0.21232733076517762,0.9009088760241706,0.8491410419312149,-0.4493967614118866,0.2715603651240624,0.9048055324001227,0.27186269372888594,-1.461440576166749,-0.33784918875282943,0.9204123179021463,-0.22345527558581418,0.9210157017922567,0.9841231756854657,0
-0.634918112038349,0.9009088760241706,0.8491410419312149,0.8423249099334705,-0.5733475201700994,-1.177851894974348,0.38271364074285674,0.2744324511807092,-0.10958355451215247,-0.570312581972397,-0.7394662468772634,-0.6068207888225592,-1.0161329645585022,0
-0.8043672005990544,0.9009088760241706,-0.502969299721533,-0.30039568591559784,-0.7423290972289317,0.9048055324001227,-0.3298995900612411,1.4316811360790147,-0.5627579754311435,-0.2262991435398101,-0.4814607612315388,0.008282213892496587,0.9841231756854657,0
0.0428782422044723,-1.1099901739376037,1.5251962127575889,2.168379208531497,0.10257878806523006,-1.177851894974348,0.8706161661000623,-0.3041918912684436,0.4107278176540969,-0.7996548742607882,1.066572152642809,0.40512286080543575,0.9841231756854657,0
-0.634918112038349,0.9009088760241706,0.8491410419312149,-0.8594300337156113,-0.404365943111267,0.9048055324001227,-0.562211503303377,-0.8828162337175963,1.6225497876671027,1.1497546101905376,-0.22345527558581418,-2.1743413441286688,0.9841231756854657,0
-0.46546902347764374,-1.1099901739376037,-0.502969299721533,0.5704433502361619,-0.7423290972289317,-1.177851894974348,1.6495816066168083,-0.8828162337175963,0.01797665285763789,0.3470565871811683,-0.4814607612315388,-0.22982217425526694,0.9841231756854657,0
1.0595727735687044,-1.1099901739376037,-0.502969299721533,0.17670781083250822,0.7785050963005594,-1.177851894974348,-0.8841543251310949,0.2744324511807092,0.9780350556934264,-1.143668312693375,0.29255569570563505,0.5638591195706114,-1.0161329645585022,0
-0.634918112038349,0.9009088760241706,0.8491410419312149,-0.4680159737076073,-0.911310674287764,0.9048055324001227,-0.4944340671291206,-1.461440576166749,0.051545128481266744,-0.11162799739561437,-0.4814607612315388,-0.8449251769703227,-1.0161329645585022,0
-0.9738162891597597,-1.1099901739376037,0.8491410419312149,-0.2964002145747858,-0.911310674287764,-1.177851894974348,0.06599664927436881,1.4316811360790147,-0.37813135950118393,0.23238544103697253,-0.4814607612315388,-1.202081759191968,0.9841231756854657,0
0.38177641932588297,0.9009088760241706,-0.502969299721533,0.05802809887123527,-0.23538436605243465,-1.177851894974348,1.6495816066168083,-1.461440576166749,-0.5359031949322403,1.1497546101905376,0.03455021005991044,0.6432272489531993,0.9841231756854657,0
-0.2960199349169384,0.9009088760241706,-0.502969299721533,-0.5637335697418422,0.10257878806523006,0.9048055324001227,-0.09236184645987515,0.853056793629862,-0.9185838170416109,0.6910700256137552,-0.22345527558581418,-0.8250831446246757,0.9841231756854657,0
0.38177641932588297,0.9009088760241706,1.5251962127575889,-0.40350411431149286,-0.23538436605243465,-1.177851894974348,-0.4882580857954851,-1.461440576166749,1.2163712326211924,-0.2262991435398101,0.03455021005991044,0.028124246238143545,-1.0161329645585022,0
-0.8043672005990544,0.9009088760241706,0.8491410419312149,-0.38884878860290184,-0.404365943111267,-1.177851894974348,0.7881113898225213,-0.8828162337175963,0.14218001266506483,1.379096902478929,-0.4814607612315388,-1.2814498885745558,0.9841231756854657,0
0.0428782422044723,-1.1099901739376037,-1.179024470547907,-0.007510265019554177,0.2715603651240624,0.9048055324001227,0.06599664927436881,-1.461440576166749,-0.05251714595198324,-0.11162799739561437,0.03455021005991044,-1.4005020826484376,0.9841231756854657,0
-0.9738162891597597,0.9009088760241706,0.8491410419312149,-0.7663181798601668,-0.5733475201700994,0.9048055324001227,-0.4090788379283631,0.853056793629862,-1.3516171525864242,0.9204123179021463,-0.7394662468772634,0.8614896047553159,0.9841231756854657,0
-0.634918112038349,-1.1099901739376037,-0.502969299721533,0.36163654364242254,-0.5733475201700994,-1.177851894974348,-0.3298995900612411,-0.8828162337175963,0.35701825665629044,-0.7996548742607882,-0.997471732522988,0.801963507718375,0.9841231756854657,0
1.906818216372231,-1.1099901739376037,-0.502969299721533,-0.6767280260402997,1.7923945586535535,0.9048055324001227,-1.2800505644667048,-1.461440576166749,0.739698878765661,-1.143668312693375,1.8405886095799828,1.4170665104334308,-1.0161329645585022,0
0.0428782422044723,0.9009088760241706,0.8491410419312149,-0.396034320065627,0.10257878806523006,-1.177851894974348,-0.35903755327634196,-1.461440576166749,-1.197202164717731,-0.11162799739561437,0.8085666669970842,0.5837011519162584,0.9841231756854657,0
-0.634918112038349,0.9009088760241706,0.8491410419312149,-0.7256212247405127,-0.5733475201700994,0.9048055324001227,-0.3298995900612411,-0.8828162337175963,-1.4422520367702227,0.9204123179021463,0.03455021005991044,-0.5869787564769122,0.9841231756854657,0
-0.46546902347764374,0.9009088760241706,0.8491410419312149,0.11585978286354154,-0.23538436605243465,-1.177851894974348,0.6994306322113446,0.2744324511807092,0.46443737865190327,0.23238544103697253,-0.7394662468772634,-0.4282424977117365,-1.0161329645585022,0
-0.46546902347764374,0.9009088760241706,0.8491410419312149,0.2681456727427904,-0.06640278899360229,-1.177851894974348,-1.042512820865339,1.4316811360790147,-1.6738745185732626,-1.2583394588375707,-0.7394662468772634,-1.202081759191968,0.9841231756854657,0
-0.8043672005990544,0.9009088760241706,-0.502969299721533,1.0688981404735083,-0.911310674287764,-1.177851894974348,-0.5674373336626071,-0.8828162337175963,-1.328119219649884,-1.143668312693375,-0.997471732522988,-0.5472946917856183,0.9841231756854657,0
-0.634918112038349,-1.1099901739376037,-0.502969299721533,-0.49097808963464534,-0.911310674287764,0.9048055324001227,-1.2008713165995828,0.853056793629862,0.19588957366287124,-1.143668312693375,-0.7394662468772634,-0.13061201252703214,0.9841231756854657,0
-0.634918112038349,-1.1099901739376037,-1.179024470547907,-0.12189445048003321,-0.5733475201700994,0.9048055324001227,-0.3403512507797012,-0.8828162337175963,-1.3449034574616987,-0.45564143582820127,-0.997471732522988,-1.182239726846321,0.9841231756854657,0
0.7206745964472937,-1.1099901739376037,-0.502969299721533,2.1661208986432117,0.10257878806523006,-1.177851894974348,0.46205124710571294,-1.461440576166749,0.665848232393677,-0.9143260204049839,0.29255569570563505,-0.38855843302044263,0.9841231756854657,0
0.0428782422044723,0.9009088760241706,-1.179024470547907,-0.3966028456319085,-0.23538436605243465,-1.177851894974348,-1.042512820865339,0.2744324511807092,-1.6537334331990852,-1.0289971665491795,0.5505611813513597,0.6233852166075523,0.9841231756854657,0
0.21232733076517762,0.9009088760241706,1.5251962127575889,0.049516007753853224,0.4405419421828948,0.9048055324001227,1.3328646151483206,0.853056793629862,-0.14315203013578132,0.9204123179021463,0.8085666669970842,0.5440170872249644,0.9841231756854657,0
0.890123685007999,0.9009088760241706,0.8491410419312149,-0.6762068776045416,0.6095235192417271,-1.177851894974348,-0.7257958293968509,0.2744324511807092,-0.8950858841050704,-0.11162799739561437,0.8085666669970842,0.6829113136444932,-1.0161329645585022,0
0.0428782422044723,-1.1099901739376037,-1.179024470547907,-0.6540501728964024,-0.06640278899360229,0.9048055324001227,-0.3298995900612411,0.2744324511807092,-1.076355652472667,0.5763988794695595,0.03455021005991044,-0.17029607721832604,0.9841231756854657,0
2.2457163934936415,0.9009088760241706,0.8491410419312149,1.0274905283960023,1.9613761357123858,-1.177851894974348,1.6495816066168083,-0.8828162337175963,-0.25057115213139414,0.003043148748581378,1.3245776382885335,-1.0631875327724392,0.9841231756854657,0
0.7206745964472937,0.9009088760241706,-0.502969299721533,0.12344012374729549,0.7785050963005594,-1.177851894974348,2.2830155895537843,-1.461440576166749,-1.1703473842188281,1.4937680486231246,0.5505611813513597,0.008282213892496587,-1.0161329645585022,0
0.0428782422044723,-1.1099901739376037,-0.502969299721533,0.6676770144471476,-0.5733475201700994,-1.177851894974348,0.23654874918014956,0.2744324511807092,-0.965579682914691,-0.570312581972397,0.03455021005991044,-0.9441353386985575,0.9841231756854657,0
-0.634918112038349,0.9009088760241706,0.8491410419312149,-0.48625616895914026,-0.7423290972289317,0.9048055324001227,-0.7257958293968509,-1.461440576166749,0.4745079213389917,-0.45564143582820127,-0.4814607612315388,-0.17029607721832604,0.9841231756854657,0
-0.12657084635623306,-1.1099901739376037,-0.502969299721533,-0.20117218222262673,-0.5733475201700994,0.9048055324001227,-0.8841543251310949,-0.8828162337175963,-0.613110688866587,-0.9143260204049839,0.8085666669970842,0.7225953783357871,-1.0161329645585022,0
-0.12657084635623306,0.9009088760241706,-1.179024470547907,-0.20363579300984674,-0.06640278899360229,0.9048055324001227,-0.5674373336626071,-1.461440576166749,-0.10622670694978965,-0.570312581972397,-0.22345527558581418,1.1194360252487263,-1.0161329645585022,0
1.2290218621294098,0.9009088760241706,1.5251962127575889,-0.013385029204463496,0.7785050963005594,0.9048055324001227,-0.5674373336626071,0.2744324511807092,-1.274409658652078,-0.6849837281165926,1.066572152642809,1.794065125000723,0.9841231756854657,0
0.38177641932588297,-1.1099901739376037,-0.502969299721533,-0.20761547197381758,0.7785050963005594,0.9048055324001227,0.06599664927436881,-1.461440576166749,0.25966967734776614,0.1177142948927768,0.5505611813513597,1.3773824457421369,0.9841231756854657,0
0.38177641932588297,-1.1099901739376037,1.5251962127575889,-0.6314670740135521,-0.404365943111267,-1.177851894974348,-1.0357034055487664,0.2744324511807092,1.1257363484373937,-0.6849837281165926,0.03455021005991044,-1.5592383414136133,0.9841231756854657,0
0.21232733076517762,0.9009088760241706,-0.502969299721533,-0.656766461713081,0.4405419421828948,0.21058638994196582,-0.5674373336626071,-0.8828162337175963,-0.025662365453080038,0.23238544103697253,0.29255569570563505,-0.5274526594399713,-1.0161329645585022,0
0.890123685007999,-1.1099901739376037,0.17308587110484092,-0.43136186705928864,0.9474866733593919,0.9048055324001227,0.06599664927436881,0.2744324511807092,0.7866947446387411,0.5763988794695595,1.066572152642809,0.3455967637684949,0.9841231756854657,0
-0.2960199349169384,-1.1099901739376037,-0.502969299721533,-0.14703591441115052,-0.5733475201700994,0.9048055324001227,-0.42063900811696286,1.4316811360790147,-0.8313057804201756,-0.45564143582820127,0.03455021005991044,-2.789444346843725,0.9841231756854657,0
0.21232733076517762,-1.1099901739376037,-1.179024470547907,0.77923436445306,0.6095235192417271,-1.177851894974348,0.34470760176663817,-0.8828162337175963,0.058258823605992396,-0.570312581972397,1.066572152642809,0.305912699077201,-1.0161329645585022,0
0.38177641932588297,0.9009088760241706,0.8491410419312149,-0.45220780448961206,-0.404365943111267,0.9048055324001227,0.06599664927436881,0.2744324511807092,0.001192415045823164,0.6910700256137552,0.5505611813513597,0.2463866020402601,-1.0161329645585022,0
-0.12657084635623306,-1.1099901739376037,1.5251962127575889,-0.04940744077913596,-0.06640278899360229,-1.177851894974348,-0.4090788379283631,-0.8828162337175963,1.2331554704330066,-0.570312581972397,-0.7394662468772634,0.9408577341379036,-1.0161329645585022,0
-0.12657084635623306,0.9009088760241706,0.8491410419312149,-0.0553453744714099,-0.23538436605243465,-1.177851894974348,2.4413740852880284,-0.8828162337175963,0.5987112811464187,2.1817949254882985,-0.22345527558581418,-3.14660092906537,0.9841231756854657,0
-0.9738162891597597,0.9009088760241706,0.8491410419312149,-0.10161703861599136,-0.7423290972289317,-1.177851894974348,-0.5674373336626071,-0.8828162337175963,0.11532523216616163,-0.6849837281165926,-0.4814607612315388,-1.7378166325244357,0.9841231756854657,0
-0.46546902347764374,-1.1099901739376037,-1.179024470547907,-0.3040437249659044,-0.7423290972289317,0.9048055324001227,0.38271364074285674,0.853056793629862,1.7870353182228842,0.6910700256137552,-0.4814607612315388,0.286070666731554,0.9841231756854657,0
-0.46546902347764374,0.9009088760241706,-1.179024470547907,-0.6781651323328447,-0.911310674287764,0.9048055324001227,-0.09236184645987515,0.2744324511807092,-1.0830693475973925,1.1497546101905376,-0.4814607612315388,0.4249648931510827,-1.0161329645585022,0
-0.12657084635623306,0.9009088760241706,1.5251962127575889,0.5150752770310757,-0.5733475201700994,-1.177851894974348,-1.042512820865339,0.2744324511807092,-1.0964967378468442,-1.2583394588375707,0.03455021005991044,0.4249648931510827,-1.0161329645585022,0
-0.8043672005990544,0.9009088760241706,1.5251962127575889,0.08923383550935575,-0.5733475201700994,-1.177851894974348,1.8079401023510524,-1.461440576166749,0.9209686471332571,1.2644257563347332,-0.4814607612315388,-1.2814498885745558,0.9841231756854657,0
0.0428782422044723,0.9009088760241706,1.5251962127575889,-0.28600883061330645,0.2715603651240624,0.9048055324001227,-0.6941241302500022,1.4316811360790147,0.5114332445249834,-0.6849837281165926,0.5505611813513597,1.5559607368529593,0.9841231756854657,0
-0.12657084635623306,-1.1099901739376037,1.5251962127575889,0.4593281867818017,-0.23538436605243465,-1.177851894974348,1.6495816066168083,-0.3041918912684436,1.7333257572250789,0.4617277333253637,1.066572152642809,1.0995939929030794,0.9841231756854657,0
0.7206745964472937,0.9009088760241706,-0.502969299721533,0.023853395386977835,0.2715603651240624,-1.177851894974348,-1.042512820865339,-1.461440576166749,-1.2542685732779006,-1.143668312693375,1.066572152642809,-2.5116558940046674,0.9841231756854657,0
2.754063659175758,0.9009088760241706,0.8491410419312149,-0.6371839144300498,2.637302443947715,0.9048055324001227,-0.804975077263973,0.2744324511807092,-1.1871316220306425,-0.34097028968400567,1.582583123934258,-1.6187644384505542,0.9841231756854657,0
-0.634918112038349,-1.1099901739376037,-1.179024470547907,-0.7723034906829642,-0.911310674287764,0.9048055324001227,-1.121692068732461,1.4316811360790147,-0.35463342656464414,-0.6849837281165926,-0.4814607612315388,0.5043330225336705,0.9841231756854657,0
0.38177641932588297,0.9009088760241706,1.5251962127575889,0.13668992791702378,0.6095235192417271,-1.177851894974348,0.8577891279455886,-0.8828162337175963,0.1253957748532507,0.3470565871811683,0.8085666669970842,-0.32903233598350173,0.9841231756854657,0
-0.8043672005990544,0.9009088760241706,0.8491410419312149,-0.5314065743479998,-0.7423290972289317,0.9048055324001227,-0.7257958293968509,-0.8828162337175963,-1.338189762336973,-0.34097028968400567,-0.7394662468772634,-2.094973214746081,0.9841231756854657,0
1.906818216372231,-1.1099901739376037,0.8491410419312149,-0.2998745374798398,2.130357712771218,0.9048055324001227,-0.2507203421941191,-0.3041918912684436,-0.6097538413042243,-0.11162799739561437,2.098594095225707,1.5361187045073124,-1.0161329645585022,0
-0.46546902347764374,0.9009088760241706,-1.179024470547907,0.27053032164580465,-0.404365943111267,-1.177851894974348,2.4413740852880284,-0.8828162337175963,0.6960598604549431,1.379096902478929,-0.997471732522988,-2.3132355705481977,0.9841231756854657,0
-0.9738162891597597,0.9009088760241706,-1.179024470547907,-0.582273820153357,-0.911310674287764,0.9048055324001227,-1.042512820865339,1.4316811360790147,-0.23378691431957943,-0.7996548742607882,-0.997471732522988,-0.686188918205147,0.9841231756854657,0
-0.8043672005990544,0.9009088760241706,0.8491410419312149,0.6485366537156688,-0.7423290972289317,-1.177851894974348,0.8577891279455886,-0.8828162337175963,0.31673608590793534,-0.2262991435398101,-0.997471732522988,-2.075131182400434,0.9841231756854657,0
1.5679200392508204,0.9009088760241706,-1.179024470547907,-0.8473330730552873,1.6234129815947211,0.9048055324001227,-1.042512820865339,-0.3041918912684436,-0.04244660326489417,-0.34097028968400567,1.582583123934258,1.3972244780877838,-1.0161329645585022,0
-0.634918112038349,0.9009088760241706,0.8491410419312149,0.7009831372051415,-0.404365943111267,-1.177851894974348,-0.7257958293968509,1.4316811360790147,1.239869165557732,-1.143668312693375,-0.4814607612315388,-1.142555662155027,0.9841231756854657,0
-0.8043672005990544,-1.1099901739376037,-0.502969299721533,0.23681359708994068,-0.404365943111267,-1.177851894974348,-0.7492328867655191,-0.8828162337175963,-0.2673553899432083,-1.0289971665491795,-0.997471732522988,1.1988041546313142,-1.0161329645585022,0
-0.634918112038349,-1.1099901739376037,0.8491410419312149,0.843193490659734,-0.911310674287764,-1.177851894974348,0.8577891279455886,-0.8828162337175963,0.03140404310708919,-0.34097028968400567,-0.4814607612315388,-1.9362369559809054,0.9841231756854657,0
2.0762673049329363,-1.1099901739376037,0.8491410419312149,0.08252207535186526,1.6234129815947211,-1.177851894974348,1.0161476236798326,-0.3041918912684436,0.36037510421865326,0.5763988794695595,1.582583123934258,1.4567505751247247,0.9841231756854657,0
0.7206745964472937,0.9009088760241706,0.8491410419312149,-0.6052517284572363,0.7785050963005594,0.9048055324001227,-0.8841543251310949,1.4316811360790147,-0.5996832986171352,-0.45564143582820127,0.5505611813513597,-1.7775006972157297,0.9841231756854657,0
-0.634918112038349,0.9009088760241706,0.8491410419312149,-0.6107790603516402,-0.7423290972289317,0.9048055324001227,-1.359229812333827,0.2744324511807092,-0.8648742560438044,-1.3730106049817663,-0.4814607612315388,-0.11076998018138517,0.9841231756854657,0
0.21232733076517762,-1.1099901739376037,-0.502969299721533,-0.48868819499267796,0.4405419421828948,-1.177851894974348,1.3328646151483206,0.2744324511807092,-0.19686159113358773,2.640479510065081,0.03455021005991044,0.8614896047553159,-1.0161329645585022,0
0.890123685007999,0.9009088760241706,-0.502969299721533,0.574770461490638,0.7785050963005594,-1.177851894974348,0.7117825948786157,0.853056793629862,-1.1535631464070133,-0.2262991435398101,0.8085666669970842,0.22654456969461315,0.9841231756854657,0
-0.2960199349169384,0.9009088760241706,-1.179024470547907,-0.2028619665446302,-0.23538436605243465,-1.177851894974348,-0.7257958293968509,1.4316811360790147,-1.1199946707833845,-0.7996548742607882,-0.4814607612315388,0.782121475372728,0.9841231756854657,0
-0.9738162891597597,0.9009088760241706,0.8491410419312149,-0.5771570900568231,-0.911310674287764,0.9048055324001227,-0.727062697362725,0.2744324511807092,-0.002164432516539662,-0.2262991435398101,-0.7394662468772634,-2.094973214746081,0.9841231756854657,0
-0.634918112038349,0.9009088760241706,-0.502969299721533,-0.44078991603345763,-0.404365943111267,0.9048055324001227,0.47471992676445246,0.853056793629862,-0.0995130118250634,1.1497546101905376,-0.4814607612315388,-0.8846092416616166,0.9841231756854657,0
0.5512255078865883,0.9009088760241706,-0.502969299721533,0.46465021777727067,0.10257878806523006,0.9048055324001227,1.3328646151483206,0.2744324511807092,-0.08272877401324927,0.23238544103697253,1.066572152642809,0.2463866020402601,0.9841231756854657,0
1.0595727735687044,0.9009088760241706,-0.502969299721533,0.2498423079838928,0.6095235192417271,-1.177851894974348,0.8577891279455886,1.4316811360790147,1.1458774338115711,0.23238544103697253,1.3245776382885335,0.9408577341379036,-1.0161329645585022,0
-0.634918112038349,0.9009088760241706,-0.502969299721533,1.314216922323996,-0.911310674287764,-1.177851894974348,0.8577891279455886,-0.8828162337175963,1.451350561986595,-0.570312581972397,-0.22345527558581418,1.1591200899400202,-1.0161329645585022,0
0.21232733076517762,-1.1099901739376037,-1.179024470547907,0.04416239200470199,0.2715603651240624,-1.177851894974348,-1.121692068732461,-0.3041918912684436,0.5517154152733386,-1.2583394588375707,0.8085666669970842,0.7424374106814341,-1.0161329645585022,0
0.5512255078865883,-1.1099901739376037,-1.179024470547907,-0.5236209325653108,0.7785050963005594,0.9048055324001227,-0.5067860297963916,1.4316811360790147,-1.8047915735054156,0.003043148748581378,0.29255569570563505,-2.630708088078549,0.9841231756854657,0
0.890123685007999,0.9009088760241706,-0.502969299721533,-0.2075680948432941,0.7785050963005594,-1.177851894974348,-0.4090788379283631,-0.3041918912684436,-1.371758237960602,-0.45564143582820127,0.8085666669970842,-0.011559818453150373,-1.0161329645585022,0
-0.8043672005990544,0.9009088760241706,-0.502969299721533,-0.113161266086875,-0.911310674287764,0.9048055324001227,-0.2507203421941191,1.4316811360790147,0.5114332445249834,-0.34097028968400567,-0.7394662468772634,-1.142555662155027,0.9841231756854657,0
0.5512255078865883,-1.1099901739376037,-1.179024470547907,4.530460805039755,-0.5733475201700994,-1.177851894974348,4.024959042630468,-1.461440576166749,1.944807153653941,-0.45564143582820127,1.066572152642809,0.10749237562073138,-1.0161329645585022,0
-0.46546902347764374,0.9009088760241706,0.8491410419312149,-0.20267245802253636,-0.5733475201700994,0.9048055324001227,-0.8841543251310949,-0.8828162337175963,-0.8178783901707236,-0.9143260204049839,-0.7394662468772634,-0.6266628211682062,0.9841231756854657,0
0.5512255078865883,-1.1099901739376037,1.5251962127575889,0.27193584318466735,-0.404365943111267,0.9048055324001227,-1.2008713165995828,0.853056793629862,-0.33113549362810374,-1.3730106049817663,0.29255569570563505,1.1194360252487263,0.9841231756854657,0
-0.46546902347764374,0.9009088760241706,-1.179024470547907,-0.2785074516137583,-0.7423290972289317,-1.177851894974348,-0.3938764223378757,0.2744324511807092,-0.20021843869595057,-0.34097028968400567,0.29255569570563505,-1.0830295651180861,0.9841231756854657,0
-0.2960199349169384,0.9009088760241706,0.8491410419312149,0.08007425694148637,-0.404365943111267,-1.177851894974348,-0.2507203421941191,0.853056793629862,1.1156658057503053,-0.570312581972397,-0.22345527558581418,-1.0235034680811452,0.9841231756854657,0
-0.8043672005990544,0.9009088760241706,-0.502969299721533,2.515606198137952,-0.911310674287764,0.21058638994196582,2.3121535527688852,1.4316811360790147,0.8974707141967168,-0.45564143582820127,-0.7394662468772634,0.5043330225336705,-1.0161329645585022,0
-1.143265377720465,0.9009088760241706,-1.179024470547907,-0.6806445354969058,-0.911310674287764,0.9048055324001227,-1.01084112171849,0.2744324511807092,0.041474585794178266,-0.570312581972397,-0.7394662468772634,-0.26950623894656084,0.9841231756854657,0
-0.8043672005990544,0.9009088760241706,-0.502969299721533,0.6523899936649105,-0.7423290972289317,-1.177851894974348,0.6994306322113446,0.2744324511807092,-1.623521805137819,-0.2262991435398101,-0.4814607612315388,-1.12271362980938,-1.0161329645585022,0
-0.634918112038349,-1.1099901739376037,-0.502969299721533,0.08005846456464523,-0.404365943111267,0.9048055324001227,0.06599664927436881,0.2744324511807092,-0.45869570099789353,-0.2262991435398101,-0.4814607612315388,0.5837011519162584,0.9841231756854657,0
0.7206745964472937,0.9009088760241706,0.8491410419312149,1.4703087750219628,0.7785050963005594,-1.177851894974348,0.06599664927436881,-0.3041918912684436,-1.0897830427221185,-0.9143260204049839,0.29255569570563505,0.7424374106814341,-1.0161329645585022,0
-0.634918112038349,0.9009088760241706,0.8491410419312149,0.4556169782241305,-0.911310674287764,-1.177851894974348,-0.7257958293968509,1.4316811360790147,-0.5795422132429582,-1.0289971665491795,-0.4814607612315388,0.028124246238143545,0.9841231756854657,0
0.38177641932588297,0.9009088760241706,-0.502969299721533,0.24374645052320731,0.4405419421828948,0.9048055324001227,0.06599664927436881,0.2744324511807092,-0.1263677923239666,-0.45564143582820127,0.29255569570563505,0.5241750548793175,0.9841231756854657,0
0.21232733076517762,-1.1099901739376037,-1.179024470547907,1.1228764845165728,-0.7423290972289317,0.9048055324001227,0.06599664927436881,1.4316811360790147,-0.10622670694978965,-0.7996548742607882,0.03455021005991044,0.8813316371009629,-1.0161329645585022,0
-0.2960199349169384,0.9009088760241706,-0.502969299721533,0.3470759721948785,-0.23538436605243465,0.9048055324001227,0.8577891279455886,-1.461440576166749,-0.2035752862583134,0.1177142948927768,-0.4814607612315388,1.0797519605574324,-1.0161329645585022,0
-0.634918112038349,0.9009088760241706,-0.502969299721533,-0.20216710196361942,-0.911310674287764,-1.177851894974348,0.8577891279455886,0.853056793629862,0.29995184809612124,0.9204123179021463,-0.7394662468772634,-1.4997122443766724,0.9841231756854657,0
-0.634918112038349,-1.1099901739376037,-0.502969299721533,-0.02090220058085284,-0.911310674287764,0.9048055324001227,0.06599664927436881,-0.3041918912684436,-0.06930138376379737,-0.11162799739561437,-0.22345527558581418,0.5837011519162584,0.9841231756854657,0
-0.634918112038349,0.9009088760241706,0.8491410419312149,0.03130739725600256,-0.5733475201700994,0.9048055324001227,0.06599664927436881,-1.461440576166749,1.6829730437896346,-0.2262991435398101,-0.997471732522988,-0.11076998018138517,0.9841231756854657,0
0.0428782422044723,0.9009088760241706,-0.502969299721533,6.745594335041074,-0.5733475201700994,-1.177851894974348,-0.12815086649581428,-0.8828162337175963,-0.05251714595198324,-1.3730106049817663,-0.4814607612315388,-0.6663468858595001,-1.0161329645585022,0
-0.12657084635623306,0.9009088760241706,1.5251962127575889,0.025037823650064392,-0.404365943111267,-1.177851894974348,0.06599664927436881,0.2744324511807092,-0.08272877401324927,-0.2262991435398101,-0.22345527558581418,0.9210157017922567,0.9841231756854657,0
-0.46546902347764374,-1.1099901739376037,-0.502969299721533,0.11688628735821655,-0.23538436605243465,0.9048055324001227,-0.2507203421941191,-0.3041918912684436,-0.35799027412700696,-0.570312581972397,-0.4814607612315388,1.0400678958661385,0.9841231756854657,0
1.398470950690115,0.9009088760241706,-0.502969299721533,0.15796225952205833,0.6095235192417271,0.9048055324001227,-0.38374147861088403,0.2744324511807092,-0.8044509999212723,-0.6849837281165926,1.582583123934258,1.0202258635204915,0.9841231756854657,0
0.38177641932588297,0.9009088760241706,0.8491410419312149,-0.2006668261637098,0.4405419421828948,0.9048055324001227,0.06599664927436881,0.2744324511807092,-0.05251714595198324,0.1177142948927768,0.5505611813513597,-0.15045404487267908,0.9841231756854657,0
-0.2960199349169384,0.9009088760241706,0.8491410419312149,-0.016590881703217777,-0.7423290972289317,-1.177851894974348,0.8577891279455886,1.4316811360790147,0.12875262241561353,0.5763988794695595,-0.4814607612315388,0.5043330225336705,-1.0161329645585022,0
-0.634918112038349,-1.1099901739376037,-0.502969299721533,-0.28130270231464255,-0.404365943111267,0.9048055324001227,0.06172096988954422,0.2744324511807092,0.35701825665629044,0.23238544103697253,-0.7394662468772634,0.22654456969461315,-1.0161329645585022,0
-0.46546902347764374,-1.1099901739376037,-0.502969299721533,0.8378714596642651,-0.5733475201700994,-1.177851894974348,-0.47701463259835375,1.4316811360790147,-0.23714376188194225,-1.0289971665491795,-0.7394662468772634,0.12733440796637835,0.9841231756854657,0
-0.2960199349169384,0.9009088760241706,0.8491410419312149,1.2131457105406096,-0.23538436605243465,-1.177851894974348,0.06599664927436881,0.853056793629862,-1.5865964819518272,-0.9143260204049839,-0.997471732522988,0.782121475372728,0.9841231756854657,0
0.38177641932588297,0.9009088760241706,-0.502969299721533,0.6675348830555772,-0.06640278899360229,-1.177851894974348,0.38271364074285674,0.2744324511807092,-0.2606416948184826,-0.45564143582820127,0.5505611813513597,0.4448069254967297,-1.0161329645585022,0
-0.634918112038349,-1.1099901739376037,1.5251962127575889,-0.26159381601688225,-0.911310674287764,0.9048055324001227,0.38271364074285674,-0.8828162337175963,0.665848232393677,0.5763988794695595,-0.4814607612315388,0.9606997664835506,-1.0161329645585022,0
-0.46546902347764374,-1.1099901739376037,-0.502969299721533,0.8860382090297851,-0.5733475201700994,0.9048055324001227,-0.5674373336626071,-1.461440576166749,0.19253272610050842,-1.143668312693375,-0.4814607612315388,-1.4005020826484376,0.9841231756854657,0
-0.9738162891597597,0.9009088760241706,-0.502969299721533,-0.3073285393488645,-0.911310674287764,-1.177851894974348,-0.6988748851220296,-0.8828162337175963,-1.0159323963501345,-0.570312581972397,-0.997471732522988,-1.102871597463733,0.9841231756854657,0
0.38177641932588297,0.9009088760241706,-1.179024470547907,-0.4262609293395959,0.2715603651240624,0.9048055324001227,-0.7257958293968509,0.2744324511807092,0.07839990898016995,-0.570312581972397,0.8085666669970842,-0.44808453005738347,-1.0161329645585022,0
0.0428782422044723,0.9009088760241706,-0.502969299721533,-0.09195210398920507,-0.404365943111267,0.9048055324001227,0.38271364074285674,0.853056793629862,0.4006572749670078,0.23238544103697253,0.03455021005991044,0.16701847265767225,0.9841231756854657,0
0.5512255078865883,-1.1099901739376037,-1.179024470547907,0.26456080319984837,0.9474866733593919,-1.177851894974348,-0.5674373336626071,0.853056793629862,-1.2441980305908118,-0.9143260204049839,1.066572152642809,0.7225953783357871,-1.0161329645585022,0
-0.8043672005990544,0.9009088760241706,0.8491410419312149,-0.7089128900425717,-0.7423290972289317,0.9048055324001227,-0.646616581529729,0.2744324511807092,0.5114332445249834,0.23238544103697253,-0.997471732522988,-1.7775006972157297,0.9841231756854657,0
0.890123685007999,-1.1099901739376037,-1.179024470547907,0.04760513015607358,1.4544314045358888,-1.177851894974348,-0.9474977234247925,-0.3041918912684436,0.2294580492865001,-1.143668312693375,0.5505611813513597,0.7424374106814341,0.9841231756854657,0
-0.634918112038349,-1.1099901739376037,-0.502969299721533,0.08618590677901301,-0.911310674287764,0.21058638994196582,2.2967927786826636,0.853056793629862,-0.3244217985033781,1.6084391947673204,-0.4814607612315388,1.4170665104334308,-1.0161329645585022,0
-0.2960199349169384,0.9009088760241706,-1.179024470547907,-0.00867890090579958,-0.911310674287764,0.21058638994196582,-0.4090788379283631,1.4316811360790147,0.23617174441122635,-0.570312581972397,-0.7394662468772634,-0.9441353386985575,-1.0161329645585022,0
-0.2960199349169384,-1.1099901739376037,-0.502969299721533,-0.29917967289882896,-0.404365943111267,-1.177851894974348,1.4264544861272586,-0.8828162337175963,-0.87158795116853,1.8377814870557112,-0.22345527558581418,0.9408577341379036,-1.0161329645585022,0
1.398470950690115,-1.1099901739376037,-1.179024470547907,0.26989862657215846,1.4544314045358888,-1.177851894974348,-0.5674373336626071,1.4316811360790147,0.011262957732911642,-0.9143260204049839,1.3245776382885335,-0.46792656240303043,-1.0161329645585022,0
0.5512255078865883,0.9009088760241706,1.5251962127575889,0.6284803351274031,0.4405419421828948,-1.177851894974348,0.3923735089826456,-1.461440576166749,0.9612508178816116,-0.45564143582820127,1.066572152642809,-0.6663468858595001,0.9841231756854657,0
0.7206745964472937,-1.1099901739376037,-0.502969299721533,-0.5766359416210651,0.7785050963005594,0.9048055324001227,-1.1931117503086048,0.2744324511807092,-1.2777665062144405,-1.0289971665491795,0.8085666669970842,-0.24966420660091387,-1.0161329645585022,0
0.5512255078865883,0.9009088760241706,-0.502969299721533,1.4844429522947957,0.4405419421828948,-1.177851894974348,-0.2847674187769816,0.2744324511807092,1.3372177448662566,-1.143668312693375,1.3245776382885335,-0.6068207888225592,0.9841231756854657,0
-0.2960199349169384,-1.1099901739376037,-1.179024470547907,0.11800754611393849,-0.5733475201700994,0.21058638994196582,1.0161476236798326,1.4316811360790147,-0.1397951825734185,0.4617277333253637,-0.4814607612315388,0.9606997664835506,0.9841231756854657,0
-0.9738162891597597,0.9009088760241706,0.8491410419312149,-0.39508677745515774,-0.911310674287764,-1.177851894974348,-1.01084112171849,-0.8828162337175963,-1.4355383416454968,-0.9143260204049839,-0.4814607612315388,0.4844909901880236,-1.0161329645585022,0
-0.8043672005990544,-1.1099901739376037,-0.502969299721533,-0.6781177552023212,-0.23538436605243465,0.9048055324001227,-0.7257958293968509,0.853056793629862,0.26302652491012896,0.003043148748581378,-0.7394662468772634,-0.7060309505507939,0.9841231756854657,0
-0.634918112038349,0.9009088760241706,0.8491410419312149,-0.4836820115340321,-0.5733475201700994,0.9048055324001227,-1.2341266007037741,0.2744324511807092,-0.17672050575941017,-1.143668312693375,-0.7394662468772634,0.18686050500331922,0.9841231756854657,0
-0.9738162891597597,-1.1099901739376037,-1.179024470547907,-0.7957077931615546,-0.911310674287764,0.9048055324001227,-0.500610048462756,1.4316811360790147,0.10861153704143597,0.9204123179021463,-0.7394662468772634,-0.3488743683291487,-1.0161329645585022,0
-0.634918112038349,-1.1099901739376037,-1.179024470547907,0.514285658189018,-0.7423290972289317,-1.177851894974348,-1.042512820865339,-1.461440576166749,-1.1770610793435539,-1.2583394588375707,-0.4814607612315388,1.298014316359549,0.9841231756854657,0
-0.8043672005990544,0.9009088760241706,0.8491410419312149,1.0293382364864172,-0.911310674287764,-1.177851894974348,-0.9459141384674501,-1.461440576166749,-0.25057115213139414,-1.3730106049817663,-0.4814607612315388,-0.4877685947486774,-1.0161329645585022,0
0.0428782422044723,-1.1099901739376037,-1.179024470547907,0.8815847587605796,0.10257878806523006,0.9048055324001227,-0.4030612150904618,-1.461440576166749,-1.1938453171553682,-1.0289971665491795,0.5505611813513597,-0.24966420660091387,0.9841231756854657,0
-0.9738162891597597,-1.1099901739376037,-1.179024470547907,-0.158359048606258,-0.911310674287764,0.21058638994196582,-0.2507203421941191,-0.3041918912684436,-0.4284840729366275,-0.34097028968400567,-0.7394662468772634,-0.9639773710442044,0.9841231756854657,0
0.5512255078865883,0.9009088760241706,-1.179024470547907,-0.20646262846441335,0.10257878806523006,0.9048055324001227,0.06599664927436881,-1.461440576166749,0.36037510421865326,0.1177142948927768,0.5505611813513597,-0.40840046536608954,0.9841231756854657,0
-0.2960199349169384,-1.1099901739376037,-1.179024470547907,0.36432124770541874,-0.404365943111267,-1.177851894974348,-1.2008713165995828,-1.461440576166749,0.501362701837895,-1.3730106049817663,0.03455021005991044,-0.38855843302044263,0.9841231756854657,0
-0.634918112038349,0.9009088760241706,-1.179024470547907,-0.6792863910885666,-0.06640278899360229,0.9048055324001227,-0.16631526396776708,-0.8828162337175963,0.5047195494002578,1.035083464046342,-0.7394662468772634,0.5837011519162584,-1.0161329645585022,0
-0.634918112038349,0.9009088760241706,-0.502969299721533,-0.1467990287585332,-0.5733475201700994,-0.4836327525161911,1.0161476236798326,1.4316811360790147,0.3637319517810161,1.035083464046342,-0.22345527558581418,-1.9759210206721993,0.9841231756854657,0
-0.634918112038349,-1.1099901739376037,-0.502969299721533,1.0259112907118868,-0.911310674287764,-1.177851894974348,0.9124228089739028,0.853056793629862,0.9041844093214424,-0.34097028968400567,-0.997471732522988,-0.7655570475877348,0.9841231756854657,0
-0.8043672005990544,0.9009088760241706,1.5251962127575889,0.34682329416542,-0.911310674287764,-1.177851894974348,2.0617887710130454,-1.461440576166749,0.29323815297139555,0.9204123179021463,-0.7394662468772634,0.7225953783357871,-1.0161329645585022,0
-0.9738162891597597,0.9009088760241706,-1.179024470547907,-0.40980527267111333,-0.7423290972289317,0.9048055324001227,0.06599664927436881,0.853056793629862,1.2096575374964662,0.5763988794695595,-0.7394662468772634,-0.09092794783573821,0.9841231756854657,0
-0.634918112038349,0.9009088760241706,-1.179024470547907,1.2142511769194904,-0.911310674287764,-1.177851894974348,0.5410721364771007,1.4316811360790147,0.5919975860216931,-0.6849837281165926,-0.4814607612315388,0.7027533459901402,0.9841231756854657,0
-0.2960199349169384,-1.1099901739376037,-0.502969299721533,-0.7520576635726046,-0.911310674287764,0.9048055324001227,-1.2008713165995828,0.2744324511807092,0.6826324702054911,-0.9143260204049839,-0.22345527558581418,0.12733440796637835,-1.0161329645585022,0
-0.634918112038349,0.9009088760241706,0.8491410419312149,0.7932422027111637,-0.404365943111267,-1.177851894974348,-0.8535911354543859,1.4316811360790147,0.021333500420000717,-1.2583394588375707,-0.4814607612315388,-1.0433455004267922,0.9841231756854657,0
-0.2960199349169384,0.9009088760241706,0.8491410419312149,-0.0638732579656331,-0.7423290972289317,-1.177851894974348,0.38271364074285674,1.4316811360790147,-0.3512765790022807,0.23238544103697253,-0.4814607612315388,-0.7258729828964409,-1.0161329645585022,0
-0.634918112038349,-1.1099901739376037,-1.179024470547907,-0.010037045314138831,-0.404365943111267,0.9048055324001227,-0.3298995900612411,-0.8828162337175963,-0.8917290365427076,-0.570312581972397,-0.4814607612315388,0.782121475372728,-1.0161329645585022,0
-0.46546902347764374,-1.1099901739376037,0.8491410419312149,1.1082685359385054,-0.911310674287764,-1.177851894974348,-1.2246250909597194,0.2744324511807092,0.001192415045823164,-1.487681751125962,-0.4814607612315388,0.9408577341379036,-1.0161329645585022,0
0.21232733076517762,-1.1099901739376037,1.5251962127575889,0.5735544484738693,-0.5733475201700994,-1.177851894974348,1.6495816066168083,1.4316811360790147,-0.29085332287974863,0.3470565871811683,0.03455021005991044,-0.44808453005738347,0.9841231756854657,0
0.7206745964472937,-1.1099901739376037,-0.502969299721533,-0.2518025423753667,0.2715603651240624,0.9048055324001227,0.5410721364771007,1.4316811360790147,-0.08944246913797492,0.6910700256137552,1.066572152642809,0.9606997664835506,0.9841231756854657,0
-0.12657084635623306,-1.1099901739376037,-0.502969299721533,-0.39140715365116885,-0.5733475201700994,0.9048055324001227,0.06599664927436881,0.2744324511807092,1.0518857020654102,0.4617277333253637,0.03455021005991044,-0.7457150152420878,0.9841231756854657,0
1.906818216372231,-1.1099901739376037,-1.179024470547907,-0.19943502077009978,1.4544314045358888,-1.177851894974348,0.0026532509806712224,-0.8828162337175963,-0.10286985938742682,0.003043148748581378,2.098594095225707,1.4567505751247247,-1.0161329645585022,0
-0.2960199349169384,-1.1099901739376037,-0.502969299721533,-0.7017747357103701,0.10257878806523006,0.21058638994196582,-1.2008713165995828,0.2744324511807092,0.19924642122523406,-0.9143260204049839,-0.22345527558581418,1.3773824457421369,0.9841231756854657,0
-0.12657084635623306,-1.1099901739376037,1.5251962127575889,1.2185940805508078,-0.404365943111267,-1.177851894974348,1.8079401023510524,1.4316811360790147,-0.11629724963687813,-0.11162799739561437,0.5505611813513597,0.6432272489531993,0.9841231756854657,0
0.21232733076517762,0.9009088760241706,-1.179024470547907,0.30933219154452024,0.10257878806523006,0.9048055324001227,1.3328646151483206,-0.3041918912684436,-1.099853585409207,0.4617277333253637,1.066572152642809,-0.6068207888225592,-1.0161329645585022,0
-0.9738162891597597,0.9009088760241706,0.8491410419312149,-0.017791102343145487,-0.911310674287764,-1.177851894974348,-1.2810007154411103,1.4316811360790147,-0.9622228353523281,-1.3730106049817663,-0.22345527558581418,0.46464895784237664,-1.0161329645585022,0
-0.46546902347764374,0.9009088760241706,-0.502969299721533,-0.8722534437106284,-0.06640278899360229,0.9048055324001227,-0.5674373336626071,-0.8828162337175963,-0.7272435059869256,1.1497546101905376,-0.7394662468772634,0.6035431842619053,0.9841231756854657,0
0.38177641932588297,0.9009088760241706,-0.502969299721533,2.5458959769192853,0.2715603651240624,-1.177851894974348,0.06599664927436881,0.853056793629862,0.5517154152733386,-1.143668312693375,0.8085666669970842,0.06780831092943747,0.9841231756854657,0
-0.8043672005990544,-1.1099901739376037,-1.179024470547907,-0.31741986815036194,-0.911310674287764,-1.177851894974348,-1.1372112013144169,-0.3041918912684436,0.24959913466067765,-1.143668312693375,-0.7394662468772634,-0.20998014190961997,0.9841231756854657,0
0.38177641932588297,-1.1099901739376037,1.5251962127575889,-0.8634886745637879,0.9474866733593919,0.21058638994196582,-0.7257958293968509,0.853056793629862,0.07504306141780712,0.6910700256137552,0.29255569570563505,1.35754041339649,-1.0161329645585022,0
-0.46546902347764374,-1.1099901739376037,1.5251962127575889,-0.3557795514975252,-0.911310674287764,0.9048055324001227,-0.8841543251310949,-1.461440576166749,-1.4724636648314886,-0.7996548742607882,-0.4814607612315388,-1.12271362980938,0.9841231756854657,0
0.5512255078865883,0.9009088760241706,-0.502969299721533,-0.09817430046461978,0.4405419421828948,0.9048055324001227,-0.14778731996686054,0.853056793629862,-0.8447331706696268,-0.2262991435398101,0.5505611813513597,1.1194360252487263,-1.0161329645585022,0
0.21232733076517762,-1.1099901739376037,-1.179024470547907,-0.6790652978127905,-0.06640278899360229,0.9048055324001227,-0.4090788379283631,0.2744324511807092,0.058258823605992396,0.5763988794695595,0.5505611813513597,-0.9242933063529105,0.9841231756854657,0
-0.634918112038349,-1.1099901739376037,0.8491410419312149,-0.2822028677945883,-0.7423290972289317,0.9048055324001227,0.03907570499954734,-0.3041918912684436,-0.4821936339344339,0.23238544103697253,-0.7394662468772634,0.40512286080543575,0.9841231756854657,0
-0.634918112038349,0.9009088760241706,-1.179024470547907,-0.5766359416210651,-0.23538436605243465,0.9048055324001227,-1.359229812333827,1.4316811360790147,0.7195577933914834,-1.3730106049817663,-0.4814607612315388,-0.46792656240303043,0.9841231756854657,0
-0.46546902347764374,-1.1099901739376037,1.5251962127575889,-0.792675656808053,-0.911310674287764,0.9048055324001227,-0.8841543251310949,1.4316811360790147,0.22274435416177443,-0.11162799739561437,-0.4814607612315388,0.16701847265767225,0.9841231756854657,0
0.21232733076517762,0.9009088760241706,1.5251962127575889,-0.49078858111255147,0.2715603651240624,0.9048055324001227,0.38271364074285674,0.2744324511807092,-0.4687662436849826,1.2644257563347332,0.8085666669970842,-0.22982217425526694,-1.0161329645585022,0
0.5512255078865883,-1.1099901739376037,-1.179024470547907,0.041177632781723865,0.4405419421828948,0.9048055324001227,0.06599664927436881,0.853056793629862,-0.05251714595198324,-0.2262991435398101,0.29255569570563505,-0.9242933063529105,0.9841231756854657,0
0.38177641932588297,0.9009088760241706,-0.502969299721533,0.9283301942103958,0.2715603651240624,-1.177851894974348,1.4912231108825644,-1.461440576166749,0.44765314084008856,0.003043148748581378,0.29255569570563505,0.4249648931510827,0.9841231756854657,0
0.0428782422044723,-1.1099901739376037,0.8491410419312149,0.47592597484185467,0.2715603651240624,-1.177851894974348,0.6150255539849926,-0.8828162337175963,0.739698878765661,-0.2262991435398101,0.03455021005991044,0.3654387961141419,0.9841231756854657,0
-0.9738162891597597,0.9009088760241706,-1.179024470547907,0.1277040654944071,-0.911310674287764,0.9048055324001227,-0.4624456509908033,-0.3041918912684436,0.21267381147468598,-0.6849837281165926,-0.4814607612315388,0.40512286080543575,-1.0161329645585022,0
0.21232733076517762,-1.1099901739376037,-1.179024470547907,-0.5317540066385051,-0.404365943111267,0.9048055324001227,0.06599664927436881,1.4316811360790147,-0.8783016462932557,0.9204123179021463,-0.22345527558581418,-0.190138109563973,0.9841231756854657,0
0.38177641932588297,0.9009088760241706,-1.179024470547907,0.11800754611393849,0.2715603651240624,-1.177851894974348,-0.09236184645987515,0.2744324511807092,1.407711543675877,-0.45564143582820127,1.066572152642809,0.18686050500331922,-1.0161329645585022,0
-0.46546902347764374,-1.1099901739376037,0.8491410419312149,0.743875232705716,-0.5733475201700994,-1.177851894974348,-0.5674373336626071,-0.8828162337175963,-0.0995130118250634,-1.0289971665491795,-0.4814607612315388,-0.5274526594399713,0.9841231756854657,0
-0.12657084635623306,0.9009088760241706,0.8491410419312149,-0.5361758721540283,-0.7423290972289317,0.9048055324001227,-0.2507203421941191,0.2744324511807092,0.5584291103980642,0.3470565871811683,0.03455021005991044,-1.3608180179571436,0.9841231756854657,0
0.7206745964472937,0.9009088760241706,0.8491410419312149,-0.5250896236115381,0.7785050963005594,0.9048055324001227,-1.359229812333827,-0.8828162337175963,0.4912921591508065,-1.3730106049817663,0.29255569570563505,-1.102871597463733,0.9841231756854657,0
-0.634918112038349,0.9009088760241706,1.5251962127575889,-0.47212199168630736,-0.911310674287764,0.9048055324001227,0.38271364074285674,0.853056793629862,-0.4654093961226198,1.1497546101905376,-0.7394662468772634,1.0797519605574324,0.9841231756854657,0
0.7206745964472937,-1.1099901739376037,-0.502969299721533,-0.7750987413838485,0.6095235192417271,0.9048055324001227,-0.954940572724302,0.853056793629862,-0.3479197314399179,-0.2262991435398101,0.29255569570563505,-0.5869787564769122,0.9841231756854657,0
0.21232733076517762,0.9009088760241706,0.8491410419312149,-0.5279322514429459,0.4405419421828948,0.9048055324001227,-0.4882580857954851,0.2744324511807092,-0.3647039692517326,0.003043148748581378,0.8085666669970842,0.3654387961141419,0.9841231756854657,0
0.38177641932588297,-1.1099901739376037,0.8491410419312149,-0.39222835724690885,-0.06640278899360229,0.9048055324001227,-0.7257958293968509,-0.8828162337175963,1.0250309215665072,-0.570312581972397,0.03455021005991044,-1.4203441149940845,0.9841231756854657,0
-0.8043672005990544,-1.1099901739376037,-1.179024470547907,1.0276326597875727,-0.7423290972289317,-1.177851894974348,-0.5674373336626071,0.2744324511807092,-0.4318409204989903,-1.143668312693375,-0.7394662468772634,0.7622794430270811,-1.0161329645585022,0
0.5512255078865883,0.9009088760241706,-0.502969299721533,1.4596331282773427,0.2715603651240624,-1.177851894974348,2.4090689521582425,0.853056793629862,1.2801513363060872,0.003043148748581378,0.29255569570563505,0.3654387961141419,-1.0161329645585022,0
-0.8043672005990544,-1.1099901739376037,-1.179024470547907,-0.016006563760095075,-0.7423290972289317,-1.177851894974348,-0.7023587720281829,-1.461440576166749,-0.27742593263029736,-0.7996548742607882,-0.4814607612315388,0.22654456969461315,-1.0161329645585022,0
-0.634918112038349,-1.1099901739376037,0.8491410419312149,-0.6755120130235308,-0.5733475201700994,0.9048055324001227,-1.359229812333827,-0.8828162337175963,-1.1804179269059165,-1.2583394588375707,-0.7394662468772634,-1.5393963090679663,0.9841231756854657,0
-0.12657084635623306,0.9009088760241706,0.8491410419312149,-0.6568612159741278,0.10257878806523006,0.9048055324001227,-0.5674373336626071,-0.8828162337175963,0.9478234276321603,0.23238544103697253,0.29255569570563505,0.8813316371009629,-1.0161329645585022,0
0.38177641932588297,-1.1099901739376037,-0.502969299721533,-0.29711087153263777,0.7785050963005594,0.9048055324001227,-0.7253207539096482,0.2744324511807092,0.03140404310708919,-0.6849837281165926,-0.22345527558581418,1.238488219322608,0.9841231756854657,0
-0.12657084635623306,0.9009088760241706,-0.502969299721533,-0.24652788851042126,0.10257878806523006,0.9048055324001227,0.0026532509806712224,1.4316811360790147,-0.27406908506793454,0.1177142948927768,0.29255569570563505,1.1194360252487263,-1.0161329645585022,0
-0.46546902347764374,-1.1099901739376037,-0.502969299721533,0.0046814499018167765,-0.7423290972289317,-1.177851894974348,-0.4090788379283631,-1.461440576166749,0.0851136041048956,-0.570312581972397,-0.7394662468772634,0.10749237562073138,0.9841231756854657,0
-0.634918112038349,-1.1099901739376037,-0.502969299721533,0.04931070685491822,-0.7423290972289317,-1.177851894974348,0.20186823861435013,1.4316811360790147,-0.4821936339344339,-0.11162799739561437,-0.4814607612315388,0.008282213892496587,-1.0161329645585022,0
-0.12657084635623306,0.9009088760241706,-0.502969299721533,2.362309596140869,-0.5733475201700994,-1.177851894974348,1.6495816066168083,1.4316811360790147,0.3503045615315648,-0.570312581972397,-0.22345527558581418,-1.3806600503027906,0.9841231756854657,0
-0.46546902347764374,-1.1099901739376037,-1.179024470547907,-0.6264135134243828,-0.7423290972289317,0.9048055324001227,-0.5674373336626071,0.853056793629862,0.08175675654253277,0.1177142948927768,-0.7394662468772634,0.12733440796637835,-1.0161329645585022,0
1.7373691278115257,0.9009088760241706,0.8491410419312149,1.1212972468324576,2.2993392898300504,0.9048055324001227,0.38271364074285674,0.853056793629862,-1.1233515183457474,-0.6849837281165926,2.098594095225707,0.9011736694466097,-1.0161329645585022,0
-0.634918112038349,0.9009088760241706,-1.179024470547907,-0.11308230420266924,-0.5733475201700994,0.9048055324001227,-0.4882580857954851,-1.461440576166749,-1.0629282622232152,-0.570312581972397,-0.7394662468772634,0.305912699077201,-1.0161329645585022,0
-0.46546902347764374,0.9009088760241706,-0.502969299721533,1.5991429852920978,-0.23538436605243465,-1.177851894974348,1.6495816066168083,0.853056793629862,-0.11965409719924096,-0.34097028968400567,0.03455021005991044,-0.22982217425526694,-1.0161329645585022,0
0.7206745964472937,-1.1099901739376037,1.5251962127575889,-0.290778128419335,0.4405419421828948,0.9048055324001227,-0.2507203421941191,0.2744324511807092,-0.1263677923239666,-0.11162799739561437,0.8085666669970842,1.317856348705196,0.9841231756854657,0
0.5512255078865883,-1.1099901739376037,0.8491410419312149,-0.5588537252979255,0.2715603651240624,0.9048055324001227,0.06599664927436881,0.853056793629862,1.1760890618728372,0.9204123179021463,0.8085666669970842,-0.7457150152420878,-1.0161329645585022,0
1.7373691278115257,0.9009088760241706,0.8491410419312149,0.8433198296744633,2.130357712771218,-1.177851894974348,1.0161476236798326,-0.8828162337175963,0.3301634761573873,-0.2262991435398101,2.6146050665171567,1.0003838311748445,0.9841231756854657,0
-0.46546902347764374,-1.1099901739376037,0.8491410419312149,0.1762656242809559,-0.911310674287764,-1.177851894974348,0.0026532509806712224,0.853056793629862,-0.5996832986171352,-0.34097028968400567,-0.4814607612315388,-1.202081759191968,-1.0161329645585022,0
-0.2960199349169384,-1.1099901739376037,-1.179024470547907,0.12798832827754786,-0.7423290972289317,0.9048055324001227,0.05586170554737719,0.2744324511807092,-0.4956210241838858,-0.34097028968400567,-0.7394662468772634,-1.0036614357354983,0.9841231756854657,0
-0.9738162891597597,-1.1099901739376037,1.5251962127575889,-0.01239010946347079,-0.911310674287764,-1.177851894974348,-0.18278454752412845,-0.8828162337175963,0.32009293347029877,-0.34097028968400567,-0.4814607612315388,-0.7655570475877348,0.9841231756854657,0
-0.46546902347764374,-1.1099901739376037,-0.502969299721533,-0.0723379719524917,-0.5733475201700994,0.9048055324001227,-1.2642147148932805,0.2744324511807092,0.8236200678247334,-1.3730106049817663,-0.4814607612315388,0.9606997664835506,0.9841231756854657,0
0.0428782422044723,-1.1099901739376037,-1.179024470547907,0.28679646979219336,0.2715603651240624,0.9048055324001227,-0.19434471771272827,0.853056793629862,-0.9991481585383204,-0.570312581972397,0.5505611813513597,-2.4124457322764323,0.9841231756854657,0
-0.12657084635623306,0.9009088760241706,1.5251962127575889,-0.6757331062993069,-0.404365943111267,0.9048055324001227,-0.646616581529729,0.853056793629862,-0.022305517890717212,0.1177142948927768,0.03455021005991044,-2.749760282152431,0.9841231756854657,0
1.0595727735687044,-1.1099901739376037,-1.179024470547907,-0.7957077931615546,0.6095235192417271,0.9048055324001227,-0.5333902570797446,-0.8828162337175963,-0.3244217985033781,0.8057411717579506,2.098594095225707,0.32575473142284794,-1.0161329645585022,0
-0.2960199349169384,0.9009088760241706,0.8491410419312149,-0.304406949633251,0.10257878806523006,0.9048055324001227,-0.17629184919902446,-0.3041918912684436,-0.018948670328354386,0.003043148748581378,-0.22345527558581418,0.40512286080543575,-1.0161329645585022,0
-0.12657084635623306,0.9009088760241706,-0.502969299721533,-0.2198229792720297,-0.404365943111267,0.9048055324001227,0.38271364074285674,-1.461440576166749,-0.6500360120525788,0.4617277333253637,0.29255569570563505,0.9011736694466097,0.9841231756854657,0
-0.9738162891597597,-1.1099901739376037,1.5251962127575889,-0.4091419928437849,-0.911310674287764,0.9048055324001227,0.38271364074285674,-0.8828162337175963,0.2865244578466693,0.9204123179021463,-0.997471732522988,-0.4877685947486774,0.9841231756854657,0
-0.9738162891597597,0.9009088760241706,0.8491410419312149,-0.013985139524427351,-0.5733475201700994,0.9048055324001227,0.5410721364771007,-0.8828162337175963,0.8907570190719911,0.23238544103697253,-0.7394662468772634,-1.3012919209202027,0.9841231756854657,0
0.0428782422044723,0.9009088760241706,1.5251962127575889,0.6501474761534666,-0.5733475201700994,0.9048055324001227,1.6495816066168083,1.4316811360790147,0.0716862138554443,0.3470565871811683,0.8085666669970842,0.22654456969461315,-1.0161329645585022,0
-0.9738162891597597,0.9009088760241706,-1.179024470547907,-0.1118189140553769,-0.911310674287764,-1.177851894974348,0.38271364074285674,-0.8828162337175963,-0.10286985938742682,0.23238544103697253,-0.7394662468772634,-0.24966420660091387,0.9841231756854657,0
-0.46546902347764374,0.9009088760241706,0.8491410419312149,-0.0702375858326182,-0.5733475201700994,0.9048055324001227,-0.2507203421941191,1.4316811360790147,0.6289229092076853,-0.34097028968400567,-0.4814607612315388,0.028124246238143545,0.9841231756854657,0
-0.9738162891597597,-1.1099901739376037,1.5251962127575889,-0.10607048888519682,-0.911310674287764,0.9048055324001227,0.8577891279455886,-0.8828162337175963,0.23617174441122635,0.6910700256137552,-0.4814607612315388,0.9011736694466097,0.9841231756854657,0
0.38177641932588297,0.9009088760241706,-0.502969299721533,-0.10881836245555764,-0.06640278899360229,-1.177851894974348,-0.7113852062850348,-0.8828162337175963,-0.7205298108621999,-0.7996548742607882,0.5505611813513597,0.14717644031202531,0.9841231756854657,0
-0.46546902347764374,0.9009088760241706,-0.502969299721533,-0.6384788893310245,-0.23538436605243465,0.9048055324001227,-0.06544090218505368,0.853056793629862,2.0287283427130136,1.035083464046342,0.03455021005991044,1.238488219322608,0.9841231756854657,0
-0.8043672005990544,0.9009088760241706,-0.502969299721533,-0.11245060912902308,-0.911310674287764,-1.177851894974348,-0.2507203421941191,-0.8828162337175963,-1.0260029390372234,-0.34097028968400567,-0.4814607612315388,-0.190138109563973,0.9841231756854657,0
-0.2960199349169384,0.9009088760241706,0.8491410419312149,2.5603302093521,-0.404365943111267,-1.177851894974348,0.6938880848606461,1.4316811360790147,-1.0327166341619494,-0.9143260204049839,-0.22345527558581418,-0.24966420660091387,-1.0161329645585022,0
0.21232733076517762,0.9009088760241706,-1.179024470547907,0.32575626345932046,-0.06640278899360229,-1.177851894974348,0.06599664927436881,-0.8828162337175963,-1.1770610793435539,-0.45564143582820127,-0.22345527558581418,-2.710076217461137,0.9841231756854657,0
-0.9738162891597597,0.9009088760241706,-1.179024470547907,-0.055313789717727595,-0.911310674287764,-1.177851894974348,-0.7664939628005517,-1.461440576166749,-0.35799027412700696,-0.9143260204049839,-0.4814607612315388,0.286070666731554,0.9841231756854657,0
2.415165482054347,-1.1099901739376037,0.8491410419312149,0.9555404595077043,2.637302443947715,-1.177851894974348,-0.7257958293968509,0.853056793629862,0.26302652491012896,-1.143668312693375,1.8405886095799828,0.16701847265767225,0.9841231756854657,0
0.0428782422044723,0.9009088760241706,-1.179024470547907,0.7485023991201741,-0.404365943111267,-1.177851894974348,1.309110840788184,1.4316811360790147,-0.3479197314399179,0.003043148748581378,-0.22345527558581418,1.0599099282117854,0.9841231756854657,0
-0.634918112038349,0.9009088760241706,1.5251962127575889,0.1754444206852159,-0.5733475201700994,-1.177851894974348,3.217489072881558,0.853056793629862,-0.04916029838962042,2.1817949254882985,-0.4814607612315388,0.782121475372728,-1.0161329645585022,0
0.38177641932588297,0.9009088760241706,-1.179024470547907,0.36315261181917335,0.10257878806523006,0.9048055324001227,-0.09236184645987515,-0.3041918912684436,-0.17000681063468454,-0.570312581972397,0.29255569570563505,0.38528082845978884,-1.0161329645585022,0
-0.8043672005990544,0.9009088760241706,0.8491410419312149,-0.29728458767789046,-0.911310674287764,-1.177851894974348,0.06599664927436881,0.853056793629862,-0.005521280078902488,0.23238544103697253,-0.7394662468772634,0.40512286080543575,-1.0161329645585022,0
-0.8043672005990544,-1.1099901739376037,-0.502969299721533,-0.22459227707805823,-0.7423290972289317,0.9048055324001227,-0.6375901472728771,1.4316811360790147,-0.5627579754311435,-0.6849837281165926,-0.7394662468772634,0.10749237562073138,0.9841231756854657,0
-0.634918112038349,0.9009088760241706,1.5251962127575889,0.7030519385713327,-0.911310674287764,-1.177851894974348,-0.8787701362761307,1.4316811360790147,0.850474848323636,-1.2583394588375707,-0.7394662468772634,1.4369085427790778,0.9841231756854657,0
0.21232733076517762,-1.1099901739376037,-1.179024470547907,0.5766339619578943,0.2715603651240624,-1.177851894974348,0.06599664927436881,-0.3041918912684436,-1.0864261951597556,-0.570312581972397,0.29255569570563505,0.9805417988291976,-1.0161329645585022,0
-0.12657084635623306,-1.1099901739376037,0.8491410419312149,-0.010463439488849991,-0.404365943111267,0.9048055324001227,1.3328646151483206,-0.3041918912684436,-0.717172963299837,1.035083464046342,-0.22345527558581418,-0.46792656240303043,0.9841231756854657,0
-0.634918112038349,-1.1099901739376037,-1.179024470547907,0.34609684483072695,-0.911310674287764,-1.177851894974348,-0.8423476822572545,0.853056793629862,-1.3952561708971423,-1.143668312693375,-0.4814607612315388,-1.0036614357354983,0.9841231756854657,0
-0.8043672005990544,-1.1099901739376037,1.5251962127575889,0.09861450735300127,-0.23538436605243465,0.9048055324001227,0.06599664927436881,0.2744324511807092,-1.0159323963501345,-0.2262991435398101,-0.7394662468772634,-1.142555662155027,0.9841231756854657,0
-0.634918112038349,-1.1099901739376037,0.8491410419312149,0.26599790949239344,-0.404365943111267,0.9048055324001227,1.6495816066168083,1.4316811360790147,-0.2438574570066685,0.8057411717579506,-0.7394662468772634,0.5043330225336705,0.9841231756854657,0
-0.46546902347764374,-1.1099901739376037,0.8491410419312149,1.2153882280520536,-0.5733475201700994,-1.177851894974348,2.4413740852880284,0.2744324511807092,0.007906110170548816,0.23238544103697253,-0.4814607612315388,0.10749237562073138,-1.0161329645585022,0
-0.8043672005990544,-1.1099901739376037,-0.502969299721533,1.0137985376747216,-0.911310674287764,0.9048055324001227,0.38271364074285674,-0.8828162337175963,-0.2069321338206762,-0.6849837281165926,-0.7394662468772634,0.20670253734896618,0.9841231756854657,0
2.415165482054347,-1.1099901739376037,-0.502969299721533,-0.1521368521308433,1.6234129815947211,0.9048055324001227,-0.3298995900612411,-1.461440576166749,0.3268066285950244,-0.34097028968400567,2.872610552162881,1.0599099282117854,-1.0161329645585022,0
-0.2960199349169384,-1.1099901739376037,-0.502969299721533,-0.29952710518933434,-0.7423290972289317,0.9048055324001227,-0.7574675285436998,1.4316811360790147,-0.002164432516539662,-0.6849837281165926,-0.7394662468772634,-1.102871597463733,-1.0161329645585022,0
-0.46546902347764374,0.9009088760241706,-0.502969299721533,-0.5636388154807953,-0.911310674287764,0.9048055324001227,0.06599664927436881,-1.461440576166749,0.04483143335654109,1.035083464046342,-0.4814607612315388,1.298014316359549,-1.0161329645585022,0
-0.8043672005990544,0.9009088760241706,-0.502969299721533,-0.4066625896797237,-0.5733475201700994,0.9048055324001227,0.38271364074285674,0.853056793629862,1.256653403369547,0.9204123179021463,-0.4814607612315388,1.1591200899400202,-1.0161329645585022,0
0.0428782422044723,-1.1099901739376037,-0.502969299721533,-0.49506831523650424,0.6095235192417271,0.9048055324001227,-0.7257958293968509,1.4316811360790147,0.5987112811464187,-0.45564143582820127,1.066572152642809,0.5241750548793175,-1.0161329645585022,0
-0.8043672005990544,0.9009088760241706,-1.179024470547907,-0.5639862477713007,-0.7423290972289317,0.9048055324001227,-0.7257958293968509,-0.8828162337175963,0.9209686471332571,-0.34097028968400567,-0.7394662468772634,-3.14660092906537,0.9841231756854657,0
0.0428782422044723,-1.1099901739376037,-1.179024470547907,0.3553669700364844,0.10257878806523006,0.9048055324001227,0.38271364074285674,0.853056793629862,-0.15993626794759605,-0.2262991435398101,0.29255569570563505,1.5559607368529593,-1.0161329645585022,0
0.0428782422044723,-1.1099901739376037,-0.502969299721533,0.08446453770332721,0.2715603651240624,-1.177851894974348,-1.1611233341702876,-0.3041918912684436,-0.09615616426270057,-1.2583394588375707,0.5505611813513597,-1.678290535487495,0.9841231756854657,0
-0.9738162891597597,0.9009088760241706,-1.179024470547907,-0.10090638165813944,-0.911310674287764,0.9048055324001227,-0.5674373336626071,-0.8828162337175963,0.001192415045823164,-0.6849837281165926,-0.4814607612315388,0.6035431842619053,0.9841231756854657,0
-0.46546902347764374,0.9009088760241706,1.5251962127575889,-0.5670183841248022,-0.5733475201700994,0.9048055324001227,-0.09236184645987515,-0.8828162337175963,-0.7306003535492884,0.6910700256137552,-0.4814607612315388,-2.1743413441286688,0.9841231756854657,0
0.0428782422044723,0.9009088760241706,-0.502969299721533,1.4075182847015342,-0.23538436605243465,-1.177851894974348,2.4413740852880284,-0.3041918912684436,1.0418151593783211,0.1177142948927768,0.8085666669970842,0.26622863438590705,0.9841231756854657,0
-1.143265377720465,0.9009088760241706,-0.502969299721533,-0.06799506832117432,-0.911310674287764,-1.177851894974348,-0.5674373336626071,-0.8828162337175963,-1.173704231781191,-0.6849837281165926,-0.4814607612315388,-1.6187644384505542,0.9841231756854657,0
-0.634918112038349,0.9009088760241706,0.8491410419312149,-0.11063448579229035,-0.911310674287764,0.9048055324001227,0.8577891279455886,-1.461440576166749,0.27645391515958084,0.8057411717579506,-0.7394662468772634,0.286070666731554,-1.0161329645585022,0
1.398470950690115,0.9009088760241706,0.8491410419312149,-0.7002428751567781,0.7785050963005594,0.9048055324001227,-0.5674373336626071,-0.8828162337175963,1.6426908730412801,0.3470565871811683,1.8405886095799828,-0.24966420660091387,0.9841231756854657,0
-0.12657084635623306,-1.1099901739376037,-1.179024470547907,0.5027256383412931,0.10257878806523006,-1.177851894974348,1.2536853672811985,1.4316811360790147,-0.08272877401324927,0.23238544103697253,0.5505611813513597,-2.9084965409176062,0.9841231756854657,0
-0.9738162891597597,0.9009088760241706,-1.179024470547907,-0.7922492626333418,-0.404365943111267,0.9048055324001227,-1.359229812333827,0.2744324511807092,0.6154955189582334,-1.2583394588375707,-0.4814607612315388,-0.03140185079879733,-1.0161329645585022,0
-0.8043672005990544,-1.1099901739376037,1.5251962127575889,-0.10412802653373487,-0.911310674287764,-1.177851894974348,0.38271364074285674,-0.8828162337175963,-1.173704231781191,0.23238544103697253,-0.7394662468772634,1.1988041546313142,0.9841231756854657,0
-0.46546902347764374,0.9009088760241706,0.8491410419312149,0.6481734290483223,-0.5733475201700994,-1.177851894974348,1.0161476236798326,-1.461440576166749,0.058258823605992396,-0.11162799739561437,-0.7394662468772634,-0.09092794783573821,-1.0161329645585022,0
-0.46546902347764374,-1.1099901739376037,0.8491410419312149,1.7838664172030771,-0.23538436605243465,-1.177851894974348,0.38271364074285674,0.853056793629862,-0.5963264510547723,-0.9143260204049839,-0.4814607612315388,-0.5869787564769122,0.9841231756854657,0
-0.46546902347764374,0.9009088760241706,-0.502969299721533,-0.6767754031708232,-0.911310674287764,0.21058638994196582,-0.4090788379283631,1.4316811360790147,0.058258823605992396,0.5763988794695595,-0.7394662468772634,0.6630692812988462,-1.0161329645585022,0
-0.46546902347764374,-1.1099901739376037,-1.179024470547907,-0.2980426217662659,-0.911310674287764,-1.177851894974348,0.38271364074285674,0.853056793629862,-0.9320112072910621,0.6910700256137552,-0.997471732522988,-1.5592383414136133,0.9841231756854657,0
0.0428782422044723,0.9009088760241706,-1.179024470547907,-0.1992455122480059,0.4405419421828948,-1.177851894974348,-1.042512820865339,1.4316811360790147,-0.38148820706354736,-1.143668312693375,0.8085666669970842,-1.9163949236352584,0.9841231756854657,0
1.5679200392508204,0.9009088760241706,-1.179024470547907,0.26970911805006464,0.9474866733593919,-1.177851894974348,0.5410721364771007,-1.461440576166749,-1.4724636648314886,-0.11162799739561437,2.6146050665171567,-1.0433455004267922,0.9841231756854657,0
-0.634918112038349,0.9009088760241706,-0.502969299721533,0.29001811466778876,-0.7423290972289317,-1.177851894974348,0.06599664927436881,0.853056793629862,1.4009978485511514,-0.45564143582820127,-0.22345527558581418,0.08765034327508442,-1.0161329645585022,0
0.38177641932588297,-1.1099901739376037,-1.179024470547907,0.6856961164229044,0.10257878806523006,-1.177851894974348,0.8577891279455886,-0.3041918912684436,1.3640725253651598,-0.2262991435398101,0.5505611813513597,0.6630692812988462,0.9841231756854657,0
0.38177641932588297,0.9009088760241706,-0.502969299721533,-0.10864464631030493,0.6095235192417271,0.9048055324001227,-0.5048857278475807,-1.461440576166749,0.2563128297854033,-0.570312581972397,0.8085666669970842,-0.8449251769703227,0.9841231756854657,0
1.0595727735687044,-1.1099901739376037,1.5251962127575889,0.27588393739495587,1.1164682504182242,-1.177851894974348,0.38271364074285674,-0.3041918912684436,-0.9286543597286993,-0.2262991435398101,0.8085666669970842,-0.5472946917856183,0.9841231756854657,0
-0.9738162891597597,0.9009088760241706,0.8491410419312149,0.3989697224949108,-0.911310674287764,0.9048055324001227,0.24383323998392478,-0.8828162337175963,-0.4452683107484422,-0.34097028968400567,-0.4814607612315388,-1.4997122443766724,0.9841231756854657,0
1.0595727735687044,-1.1099901739376037,-1.179024470547907,-0.35974343808465487,1.1164682504182242,-1.177851894974348,-0.3298995900612411,-1.461440576166749,-1.143492603719925,-0.11162799739561437,1.3245776382885335,-1.2616078562289088,0.9841231756854657,0
1.0595727735687044,-1.1099901739376037,-0.502969299721533,1.1413061882901998,1.4544314045358888,-1.177851894974348,-1.1661908060337836,-0.8828162337175963,-0.1532225728228698,-1.487681751125962,1.8405886095799828,-0.9639773710442044,0.9841231756854657,0
0.38177641932588297,-1.1099901739376037,-0.502969299721533,-0.2835136350724041,0.7785050963005594,-1.177851894974348,-0.4090788379283631,-1.461440576166749,-0.06258768863907171,-0.34097028968400567,0.03455021005991044,1.8337491896920168,0.9841231756854657,0
0.0428782422044723,-1.1099901739376037,-1.179024470547907,1.5925575641493366,-0.404365943111267,-1.177851894974348,0.6994306322113446,1.4316811360790147,-0.4553388534355307,-0.6849837281165926,-0.4814607612315388,0.9606997664835506,0.9841231756854657,0
-0.46546902347764374,0.9009088760241706,-1.179024470547907,-0.6287034080663501,-0.5733475201700994,0.9048055324001227,-0.7574675285436998,0.853056793629862,-0.492264176621523,-0.2262991435398101,-0.4814607612315388,0.5043330225336705,-1.0161329645585022,0
-0.8043672005990544,-1.1099901739376037,-0.502969299721533,-0.34008192891741806,-0.5733475201700994,-1.177851894974348,-0.4649793869225512,-0.8828162337175963,0.17239164072633087,-0.34097028968400567,-0.7394662468772634,-2.03544711770914,0.9841231756854657,0
-1.143265377720465,0.9009088760241706,-1.179024470547907,-0.9067755794853912,-0.911310674287764,0.9048055324001227,-1.1228005782026007,0.2744324511807092,0.19924642122523406,-0.34097028968400567,-0.7394662468772634,-0.11076998018138517,0.9841231756854657,0
0.38177641932588297,0.9009088760241706,-0.502969299721533,-0.3031277671091175,-0.5733475201700994,-1.177851894974348,-0.7257958293968509,0.2744324511807092,-0.002164432516539662,-0.6849837281165926,0.03455021005991044,-0.22982217425526694,0.9841231756854657,0
0.5512255078865883,0.9009088760241706,0.8491410419312149,-0.10573884897153259,0.10257878806523006,0.9048055324001227,-0.19260277425965158,1.4316811360790147,0.4107278176540969,-0.34097028968400567,0.03455021005991044,-0.190138109563973,0.9841231756854657,0
-0.634918112038349,-1.1099901739376037,0.8491410419312149,-0.7708663843904192,-0.7423290972289317,0.9048055324001227,-0.6290387885032279,1.4316811360790147,0.25966967734776614,0.4617277333253637,-0.4814607612315388,-0.051243883144444294,0.9841231756854657,0
-0.634918112038349,-1.1099901739376037,-0.502969299721533,-0.8539974560822543,-0.7423290972289317,0.9048055324001227,-0.6173202598188939,-0.8828162337175963,-0.8749447987308929,0.9204123179021463,-0.4814607612315388,-1.4798702120310254,0.9841231756854657,0
-0.46546902347764374,-1.1099901739376037,-1.179024470547907,-0.5583167844853264,-0.5733475201700994,0.9048055324001227,-0.646616581529729,0.853056793629862,-0.04244660326489417,-0.2262991435398101,-0.7394662468772634,0.46464895784237664,0.9841231756854657,0
0.890123685007999,0.9009088760241706,0.8491410419312149,-0.10703382387250722,0.6095235192417271,0.9048055324001227,-0.963333572998217,-0.3041918912684436,-0.9924344634135942,-1.0289971665491795,0.8085666669970842,-0.190138109563973,0.9841231756854657,0
0.7206745964472937,-1.1099901739376037,1.5251962127575889,-0.8350623962497106,0.9474866733593919,0.9048055324001227,-1.042512820865339,1.4316811360790147,0.13210946997797635,-0.34097028968400567,0.8085666669970842,1.298014316359549,0.9841231756854657,0
0.7206745964472937,0.9009088760241706,-0.502969299721533,0.7098110758593467,0.6095235192417271,0.9048055324001227,2.2961593446997264,-0.8828162337175963,0.12875262241561353,0.5763988794695595,1.066572152642809,-1.182239726846321,0.9841231756854657,0
2.415165482054347,0.9009088760241706,-1.179024470547907,-0.5795259465829963,2.8062840210065474,0.9048055324001227,-1.121692068732461,-1.461440576166749,-0.15657942038523323,-0.9143260204049839,1.066572152642809,0.9805417988291976,-1.0161329645585022,0
-0.12657084635623306,0.9009088760241706,-1.179024470547907,-0.3403030221931942,-0.911310674287764,0.9048055324001227,-0.5674373336626071,-0.8828162337175963,0.665848232393677,-0.45564143582820127,0.29255569570563505,0.6630692812988462,0.9841231756854657,0
-0.2960199349169384,-1.1099901739376037,-0.502969299721533,-0.22208128916031472,-0.5733475201700994,-1.177851894974348,-0.004472881327369755,0.853056793629862,0.769910506826927,0.1177142948927768,0.03455021005991044,-0.3488743683291487,0.9841231756854657,0
0.21232733076517762,0.9009088760241706,-0.502969299721533,-0.22478178560015208,0.10257878806523006,-1.177851894974348,0.38271364074285674,0.853056793629862,1.1727322143104744,0.4617277333253637,1.066572152642809,0.8813316371009629,-1.0161329645585022,0
0.21232733076517762,-1.1099901739376037,1.5251962127575889,0.6496263277177085,0.10257878806523006,-1.177851894974348,0.6015650818475818,0.853056793629862,-0.0726582313261608,-0.34097028968400567,0.8085666669970842,-0.051243883144444294,0.9841231756854657,0
0.21232733076517762,0.9009088760241706,0.8491410419312149,-0.7358704773104218,-0.23538436605243465,0.9048055324001227,-0.7257958293968509,-1.461440576166749,-1.4254677989584081,0.1177142948927768,0.8085666669970842,0.6035431842619053,-1.0161329645585022,0
-0.8043672005990544,-1.1099901739376037,-1.179024470547907,-0.6527078208649043,-0.911310674287764,0.9048055324001227,-0.9612749125536718,-1.461440576166749,-1.0495008719737637,-0.570312581972397,-0.997471732522988,-2.273551505856904,-1.0161329645585022,0
0.7206745964472937,-1.1099901739376037,0.8491410419312149,0.7446332667940915,0.4405419421828948,-1.177851894974348,0.06599664927436881,-0.8828162337175963,-1.4959615977680292,-0.6849837281165926,0.5505611813513597,0.5241750548793175,-1.0161329645585022,0
0.7206745964472937,-1.1099901739376037,-0.502969299721533,-0.3981978756928651,0.4405419421828948,0.9048055324001227,-1.2130649207711197,0.2744324511807092,-1.4355383416454968,-1.143668312693375,0.8085666669970842,1.1591200899400202,0.9841231756854657,0
-0.634918112038349,-1.1099901739376037,0.8491410419312149,-0.7203149861218849,-0.7423290972289317,0.9048055324001227,-1.042512820865339,-0.8828162337175963,0.16232109803924238,-0.570312581972397,0.03455021005991044,-2.2933935382025505,0.9841231756854657,0
-0.634918112038349,0.9009088760241706,0.8491410419312149,-0.2963844221979447,-0.911310674287764,-1.177851894974348,-0.2507203421941191,0.853056793629862,-0.002164432516539662,-0.11162799739561437,-0.7394662468772634,-2.0156050853634935,0.9841231756854657,0
-0.12657084635623306,0.9009088760241706,-0.502969299721533,-0.31903069058815964,0.2715603651240624,0.9048055324001227,-0.7257958293968509,0.2744324511807092,0.2529559822230405,-0.6849837281165926,1.066572152642809,-0.38855843302044263,-1.0161329645585022,0
0.38177641932588297,-1.1099901739376037,1.5251962127575889,0.5352737270109117,0.2715603651240624,-1.177851894974348,-0.7541420001332807,0.853056793629862,0.14553686022742765,-1.143668312693375,0.29255569570563505,0.6630692812988462,-1.0161329645585022,0
0.38177641932588297,0.9009088760241706,0.8491410419312149,2.070387510232136,0.2715603651240624,-1.177851894974348,0.8577891279455886,-0.3041918912684436,0.0716862138554443,-0.7996548742607882,0.5505611813513597,-1.9957630530178463,0.9841231756854657,0
1.7373691278115257,-1.1099901739376037,-1.179024470547907,-0.507860140477839,1.9613761357123858,-1.177851894974348,-0.6171619013231596,-1.461440576166749,-0.029019213015442864,-0.2262991435398101,0.8085666669970842,-0.17029607721832604,0.9841231756854657,0
0.5512255078865883,-1.1099901739376037,-1.179024470547907,0.12375597128411858,-0.06640278899360229,0.9048055324001227,0.06599664927436881,-1.461440576166749,-0.2069321338206762,-0.34097028968400567,0.5505611813513597,-0.3488743683291487,0.9841231756854657,0
-0.8043672005990544,0.9009088760241706,1.5251962127575889,0.2377295549467276,-0.404365943111267,0.9048055324001227,1.6495816066168083,1.4316811360790147,0.82026322026237,0.8057411717579506,-0.4814607612315388,0.305912699077201,0.9841231756854657,0
0.0428782422044723,-1.1099901739376037,-0.502969299721533,1.0332073688125,0.2715603651240624,-1.177851894974348,-0.6147865238871459,-0.3041918912684436,-0.9689365304770544,-1.143668312693375,0.03455021005991044,0.9805417988291976,-1.0161329645585022,0
-0.8043672005990544,0.9009088760241706,-0.502969299721533,0.26839835077224883,-0.5733475201700994,-1.177851894974348,2.4413740852880284,-0.8828162337175963,-0.16664996307232172,1.379096902478929,-0.4814607612315388,-0.5472946917856183,0.9841231756854657,0
-0.46546902347764374,-1.1099901739376037,-0.502969299721533,0.4222161012050896,-0.7423290972289317,0.9048055324001227,0.38271364074285674,0.2744324511807092,-0.8648742560438044,-0.34097028968400567,-0.22345527558581418,1.0797519605574324,-1.0161329645585022,0
-0.8043672005990544,-1.1099901739376037,-0.502969299721533,0.03043881652973909,-0.911310674287764,0.9048055324001227,-0.05261386403057992,-1.461440576166749,-1.7376546222581577,-0.34097028968400567,-0.7394662468772634,0.40512286080543575,0.9841231756854657,0
-0.634918112038349,-1.1099901739376037,0.8491410419312149,-0.6748961103267258,-0.7423290972289317,0.9048055324001227,-1.042512820865339,0.853056793629862,1.159304824061023,-0.6849837281165926,-0.4814607612315388,-1.6386064707962011,0.9841231756854657,0
0.0428782422044723,-1.1099901739376037,0.8491410419312149,0.07963207038993406,0.2715603651240624,0.9048055324001227,0.8577891279455886,1.4316811360790147,1.5352717510456675,0.4617277333253637,0.5505611813513597,-0.4282424977117365,0.9841231756854657,0
0.0428782422044723,0.9009088760241706,0.8491410419312149,-0.11150306651855382,-0.5733475201700994,-1.177851894974348,-0.5674373336626071,-0.3041918912684436,-1.459036274582037,-0.6849837281165926,0.8085666669970842,-0.26950623894656084,0.9841231756854657,0
-0.8043672005990544,-1.1099901739376037,-0.502969299721533,-0.2031778140814533,-0.911310674287764,-1.177851894974348,-0.7257958293968509,1.4316811360790147,-1.328119219649884,-0.7996548742607882,-0.7394662468772634,-0.22982217425526694,0.9841231756854657,0
1.5679200392508204,-1.1099901739376037,0.8491410419312149,1.2170148428666925,1.6234129815947211,-1.177851894974348,0.3649774892206214,0.853056793629862,-0.008878127641265313,-0.6849837281165926,2.098594095225707,-0.051243883144444294,-1.0161329645585022,0
0.21232733076517762,-1.1099901739376037,1.5251962127575889,-0.30243290252810673,0.10257878806523006,-1.177851894974348,-0.5674373336626071,-0.3041918912684436,-0.24721430456903132,-0.45564143582820127,0.03455021005991044,-0.4877685947486774,0.9841231756854657,0
0.38177641932588297,0.9009088760241706,0.8491410419312149,-0.4552557332199548,0.4405419421828948,0.9048055324001227,-0.29553579648691014,0.2744324511807092,1.4278526290500546,0.1177142948927768,0.29255569570563505,-0.09092794783573821,0.9841231756854657,0
2.415165482054347,0.9009088760241706,-1.179024470547907,-0.3600908703751603,2.130357712771218,-1.177851894974348,-0.3298995900612411,-0.8828162337175963,-0.17672050575941017,-0.11162799739561437,1.8405886095799828,-0.190138109563973,0.9841231756854657,0
-0.8043672005990544,0.9009088760241706,0.8491410419312149,0.6478102043809757,-0.911310674287764,-1.177851894974348,0.8577891279455886,0.2744324511807092,0.8001221348881931,-0.2262991435398101,-0.7394662468772634,-1.7576586648700827,0.9841231756854657,0
-0.12657084635623306,0.9009088760241706,-1.179024470547907,-0.10269092024118985,-0.06640278899360229,0.9048055324001227,-0.4882580857954851,-0.3041918912684436,-0.3277786460657409,-0.570312581972397,-0.4814607612315388,-0.8052411122790287,-1.0161329645585022,0
0.21232733076517762,0.9009088760241706,-1.179024470547907,-0.21530635949545962,-0.23538436605243465,-1.177851894974348,0.20630227649490895,0.853056793629862,-1.0864261951597556,0.23238544103697253,-0.22345527558581418,1.0400678958661385,-1.0161329645585022,0
-0.46546902347764374,-1.1099901739376037,0.8491410419312149,-0.48628775371282257,-0.06640278899360229,0.9048055324001227,-0.9474977234247925,-0.8828162337175963,-1.1804179269059165,-0.7996548742607882,-0.4814607612315388,-0.22982217425526694,0.9841231756854657,0
-0.46546902347764374,-1.1099901739376037,0.8491410419312149,0.12258733539787317,-0.5733475201700994,-1.177851894974348,1.3328646151483206,1.4316811360790147,1.7098278242885385,0.8057411717579506,-0.7394662468772634,-1.9759210206721993,0.9841231756854657,0
-0.634918112038349,-1.1099901739376037,-0.502969299721533,0.4603388988996356,-0.911310674287764,0.9048055324001227,-0.4090788379283631,0.2744324511807092,-0.0995130118250634,-0.9143260204049839,-0.7394662468772634,-1.2814498885745558,0.9841231756854657,0
0.21232733076517762,0.9009088760241706,-0.502969299721533,-0.301027380989244,0.10257878806523006,-1.177851894974348,1.9425448237251597,-0.3041918912684436,0.4745079213389917,2.525808363920885,1.066572152642809,-0.15045404487267908,0.9841231756854657,0
0.5512255078865883,-1.1099901739376037,-1.179024470547907,1.4077709627309927,0.6095235192417271,0.9048055324001227,1.6495816066168083,-0.8828162337175963,-0.12972463988633004,-0.2262991435398101,0.8085666669970842,-1.3806600503027906,-1.0161329645585022,0
0.890123685007999,-1.1099901739376037,0.8491410419312149,-0.015359076309607757,0.10257878806523006,0.9048055324001227,-0.5674373336626071,0.2744324511807092,-1.1871316220306425,-0.6849837281165926,0.03455021005991044,-0.8647672093159696,0.9841231756854657,0
-0.46546902347764374,-1.1099901739376037,-0.502969299721533,1.0310911903157853,-0.911310674287764,-1.177851894974348,0.06599664927436881,-0.8828162337175963,-1.0897830427221185,-0.7996548742607882,-0.7394662468772634,-0.13061201252703214,0.9841231756854657,0
-0.2960199349169384,0.9009088760241706,-0.502969299721533,0.08329590181708181,0.2715603651240624,0.9048055324001227,0.06599664927436881,-0.3041918912684436,-0.025662365453080038,-0.2262991435398101,-0.7394662468772634,1.0797519605574324,-1.0161329645585022,0
-0.46546902347764374,-1.1099901739376037,-0.502969299721533,-0.4917203313461796,-0.7423290972289317,0.9048055324001227,-0.09236184645987515,1.4316811360790147,0.5215037872120725,0.4617277333253637,-0.997471732522988,0.821805540064022,-1.0161329645585022,0
-0.634918112038349,0.9009088760241706,-0.502969299721533,-0.8600617287892575,-0.23538436605243465,0.9048055324001227,-0.6409156756832962,1.4316811360790147,-0.4956210241838858,0.9204123179021463,-0.4814607612315388,-0.9639773710442044,0.9841231756854657,0
0.0428782422044723,0.9009088760241706,-0.502969299721533,-0.5482570404375112,-0.23538436605243465,0.9048055324001227,-0.09236184645987515,0.2744324511807092,-0.11629724963687813,0.6910700256137552,0.03455021005991044,1.794065125000723,-1.0161329645585022,0
1.7373691278115257,-1.1099901739376037,-1.179024470547907,2.438476229645755,1.6234129815947211,-1.177851894974348,0.06599664927436881,-0.3041918912684436,0.6087818238335078,-1.143668312693375,1.066572152642809,-0.4877685947486774,-1.0161329645585022,0
-0.46546902347764374,-1.1099901739376037,0.8491410419312149,-0.05602444667557953,-0.911310674287764,0.9048055324001227,-0.2507203421941191,-0.3041918912684436,-1.1703473842188281,-0.45564143582820127,-0.7394662468772634,0.32575473142284794,0.9841231756854657,0
0.0428782422044723,0.9009088760241706,-0.502969299721533,-0.20076158042475672,0.10257878806523006,-1.177851894974348,-0.2507203421941191,0.2744324511807092,0.3503045615315648,-0.2262991435398101,0.8085666669970842,0.008282213892496587,-1.0161329645585022,0
-0.2960199349169384,-1.1099901739376037,1.5251962127575889,-0.3832898719548156,-0.911310674287764,-1.177851894974348,-0.5674373336626071,1.4316811360790147,-0.8480900182319897,-0.34097028968400567,-0.22345527558581418,1.317856348705196,-1.0161329645585022,0
-0.634918112038349,0.9009088760241706,-1.179024470547907,-0.7911753810081433,-0.7423290972289317,0.9048055324001227,-0.7257958293968509,-1.461440576166749,-1.0226460914748605,0.3470565871811683,-0.7394662468772634,1.1591200899400202,-1.0161329645585022,0
-0.46546902347764374,0.9009088760241706,-1.179024470547907,-0.7001954980262547,-0.23538436605243465,0.9048055324001227,-0.8841543251310949,-0.8828162337175963,-1.7141566893216171,-0.34097028968400567,-0.4814607612315388,0.7622794430270811,-1.0161329645585022,0
1.398470950690115,0.9009088760241706,1.5251962127575889,-0.3360390804460826,1.6234129815947211,0.9048055324001227,-1.2800505644667048,0.2744324511807092,-0.47547993880970824,-1.2583394588375707,1.582583123934258,1.5162766721616654,-1.0161329645585022,0
0.7206745964472937,-1.1099901739376037,0.8491410419312149,0.8019438023506396,0.6095235192417271,-1.177851894974348,1.6495816066168083,-0.3041918912684436,0.31673608590793534,0.1177142948927768,1.066572152642809,0.10749237562073138,0.9841231756854657,0
-0.8043672005990544,0.9009088760241706,0.8491410419312149,-0.25785102270552873,-0.23538436605243465,-1.177851894974348,-0.7574675285436998,-0.8828162337175963,-0.43855461562371656,-0.6849837281165926,-0.997471732522988,-0.07108591549009124,-1.0161329645585022,0
1.5679200392508204,0.9009088760241706,0.8491410419312149,-0.3962080362108797,1.7923945586535535,0.9048055324001227,-0.4090788379283631,-0.8828162337175963,-1.039430329286675,-0.11162799739561437,2.356599580871432,-0.5472946917856183,-1.0161329645585022,0
3.940207279100695,0.9009088760241706,-1.179024470547907,0.5582832200684732,4.496099791594871,0.9048055324001227,-0.5674373336626071,0.853056793629862,-1.6839450612603513,-1.0289971665491795,5.710670894265851,1.0797519605574324,-1.0161329645585022,0
0.38177641932588297,0.9009088760241706,-1.179024470547907,0.265855778100823,0.6095235192417271,0.9048055324001227,0.7627740305050422,0.853056793629862,0.8169063727000071,0.1177142948927768,0.03455021005991044,-2.075131182400434,0.9841231756854657,0
-0.9738162891597597,-1.1099901739376037,-0.502969299721533,-0.38107893919705405,-0.911310674287764,-1.177851894974348,0.06599664927436881,1.4316811360790147,1.2264417753082808,0.4617277333253637,-0.4814607612315388,-0.7060309505507939,0.9841231756854657,0
0.38177641932588297,0.9009088760241706,-0.502969299721533,0.1218924708168624,0.10257878806523006,-1.177851894974348,0.38271364074285674,0.2744324511807092,-0.06258768863907171,0.003043148748581378,0.03455021005991044,-0.4877685947486774,0.9841231756854657,0
-0.9738162891597597,0.9009088760241706,-0.502969299721533,-0.47109548719163236,-0.911310674287764,0.9048055324001227,-0.7257958293968509,1.4316811360790147,-0.9051564267921589,-0.45564143582820127,-0.7394662468772634,1.1392780575943733,0.9841231756854657,0
-0.2960199349169384,-1.1099901739376037,0.8491410419312149,0.17569709871467437,-0.404365943111267,0.9048055324001227,0.06599664927436881,0.853056793629862,0.05490197604362957,-0.34097028968400567,-0.7394662468772634,-0.6266628211682062,-1.0161329645585022,0
-0.12657084635623306,0.9009088760241706,-1.179024470547907,-0.5082233651451856,-0.23538436605243465,-1.177851894974348,-0.4090788379283631,0.2744324511807092,0.138823165102702,0.1177142948927768,0.03455021005991044,0.32575473142284794,0.9841231756854657,0
-0.9738162891597597,-1.1099901739376037,-0.502969299721533,-0.38437954595685525,-0.911310674287764,-1.177851894974348,-1.203563411027065,1.4316811360790147,-0.07601507888852362,-1.143668312693375,-0.7394662468772634,0.0479662785837905,0.9841231756854657,0
0.5512255078865883,0.9009088760241706,0.8491410419312149,-0.2078523576264349,0.4405419421828948,0.9048055324001227,0.8904109780668429,0.853056793629862,1.7299689096627155,1.035083464046342,0.03455021005991044,-0.6663468858595001,-1.0161329645585022,0
-1.143265377720465,-1.1099901739376037,-0.502969299721533,-0.6747381865583143,-0.911310674287764,0.9048055324001227,-1.01084112171849,0.2744324511807092,0.001192415045823164,-0.570312581972397,-0.7394662468772634,-3.1862849937566637,0.9841231756854657,0
1.7373691278115257,-1.1099901739376037,1.5251962127575889,-0.7191305578587984,1.9613761357123858,0.21058638994196582,-1.289235357219291,-0.8828162337175963,0.6692050799560398,-1.143668312693375,1.8405886095799828,0.38528082845978884,0.9841231756854657,0
2.0762673049329363,0.9009088760241706,0.8491410419312149,-0.794933966696338,1.6234129815947211,0.9048055324001227,-0.804975077263973,-0.8828162337175963,0.6524208421442251,0.1177142948927768,2.098594095225707,1.0995939929030794,-1.0161329645585022,0
-0.2960199349169384,-1.1099901739376037,-0.502969299721533,-0.5457934296502912,-0.404365943111267,0.21058638994196582,-0.3680639875331939,0.853056793629862,-0.5694716705558691,0.23238544103697253,-0.4814607612315388,-0.7655570475877348,0.9841231756854657,0
-0.634918112038349,0.9009088760241706,-1.179024470547907,0.8014858234222462,-0.404365943111267,-1.177851894974348,1.3024597839673457,-0.3041918912684436,0.6121386713958706,0.003043148748581378,-0.4814607612315388,-1.5592383414136133,0.9841231756854657,0
-0.8043672005990544,0.9009088760241706,-1.179024470547907,1.0263218925097568,-0.911310674287764,0.9048055324001227,2.313262062239025,0.2744324511807092,1.0048898361923295,0.3470565871811683,-0.4814607612315388,-0.17029607721832604,0.9841231756854657,0
-0.8043672005990544,-1.1099901739376037,0.8491410419312149,-0.49325219189977154,-0.06640278899360229,-1.177851894974348,0.5410721364771007,-0.8828162337175963,0.7598399641398379,1.4937680486231246,-0.7394662468772634,-1.0631875327724392,0.9841231756854657,0
-0.8043672005990544,0.9009088760241706,1.5251962127575889,-0.2730274968498778,-0.911310674287764,-1.177851894974348,0.06599664927436881,-0.3041918912684436,-1.3851856282100534,0.23238544103697253,-0.7394662468772634,0.9606997664835506,0.9841231756854657,0
-0.634918112038349,0.9009088760241706,1.5251962127575889,-0.2988322406083236,-0.23538436605243465,0.9048055324001227,0.06599664927436881,1.4316811360790147,0.3704456469057418,0.23238544103697253,-0.7394662468772634,1.298014316359549,-1.0161329645585022,0
1.0595727735687044,0.9009088760241706,1.5251962127575889,-0.16889256395930777,1.4544314045358888,0.9048055324001227,0.06599664927436881,-0.8828162337175963,0.04483143335654109,0.003043148748581378,0.5505611813513597,-1.3409759856114967,0.9841231756854657,0
-0.2960199349169384,-1.1099901739376037,-0.502969299721533,0.5528822271887985,-0.5733475201700994,-1.177851894974348,1.6495816066168083,-0.8828162337175963,0.39730042740464494,0.3470565871811683,-0.7394662468772634,0.8813316371009629,0.9841231756854657,0
-0.2960199349169384,-1.1099901739376037,-1.179024470547907,0.04792097769289666,-0.5733475201700994,-1.177851894974348,-0.4882580857954851,1.4316811360790147,0.5517154152733386,-0.6849837281165926,-0.4814607612315388,-0.9838194033898514,0.9841231756854657,0
0.5512255078865883,-1.1099901739376037,-0.502969299721533,3.140242079336119,0.9474866733593919,-1.177851894974348,-0.21350609569657178,0.2744324511807092,-0.5056915668709743,-1.2583394588375707,0.8085666669970842,0.5241750548793175,0.9841231756854657,0
-0.634918112038349,-1.1099901739376037,-0.502969299721533,-0.6191963972079754,-0.7423290972289317,0.9048055324001227,-0.10170499770819555,0.2744324511807092,0.8806864763849026,0.9204123179021463,0.03455021005991044,1.0202258635204915,-1.0161329645585022,0
0.0428782422044723,0.9009088760241706,0.17308587110484092,5.796235601235096,-0.5733475201700994,-1.177851894974348,1.8185501215652466,-0.3041918912684436,0.03476089066945202,-1.0289971665491795,0.03455021005991044,-1.3012919209202027,0.9841231756854657,0
-0.46546902347764374,0.9009088760241706,-1.179024470547907,0.20232304606886015,-0.5733475201700994,0.9048055324001227,-0.7257958293968509,-0.8828162337175963,-0.46205254856025635,-1.0289971665491795,-0.7394662468772634,-0.03140185079879733,0.9841231756854657,0
0.21232733076517762,0.9009088760241706,0.17308587110484092,0.4667506038971441,0.4405419421828948,-1.177851894974348,0.38271364074285674,-0.8828162337175963,-1.2878370489015294,-0.34097028968400567,0.5505611813513597,1.6353288662355472,-1.0161329645585022,0
-0.12657084635623306,0.9009088760241706,0.8491410419312149,1.9751278931262943,-0.23538436605243465,0.9048055324001227,0.38271364074285674,0.853056793629862,-1.2844802013391665,-0.9143260204049839,-0.22345527558581418,-1.4600281796853785,0.9841231756854657,0
-0.634918112038349,0.9009088760241706,0.8491410419312149,-0.21508526621968346,-0.7423290972289317,-1.177851894974348,-0.8841543251310949,0.853056793629862,-1.7342977746957948,-0.9143260204049839,-0.7394662468772634,-1.4005020826484376,0.9841231756854657,0
-0.9738162891597597,-1.1099901739376037,-1.179024470547907,-0.29611595179164507,-0.7423290972289317,0.9048055324001227,-0.5674373336626071,0.2744324511807092,-0.21028898138303903,-0.45564143582820127,-0.4814607612315388,-0.4877685947486774,0.9841231756854657,0
-0.8043672005990544,0.9009088760241706,-0.502969299721533,-0.11425094008891463,-0.911310674287764,-1.177851894974348,-0.4090788379283631,-0.8828162337175963,-1.4153972562713195,-0.45564143582820127,-0.7394662468772634,0.9805417988291976,-1.0161329645585022,0
0.38177641932588297,-1.1099901739376037,-0.502969299721533,-0.6040041306867852,-0.06640278899360229,0.9048055324001227,-0.5674373336626071,-0.8828162337175963,0.2294580492865001,0.003043148748581378,0.8085666669970842,0.782121475372728,0.9841231756854657,0
-0.12657084635623306,0.9009088760241706,-1.179024470547907,0.7458808645645426,-0.23538436605243465,-1.177851894974348,0.8577891279455886,-0.8828162337175963,0.6960598604549431,-0.2262991435398101,-0.4814607612315388,-0.7655570475877348,-1.0161329645585022,0
0.38177641932588297,0.9009088760241706,0.8491410419312149,0.27310447907091273,0.10257878806523006,-1.177851894974348,-0.5674373336626071,0.853056793629862,-1.3348329147746099,-0.9143260204049839,1.066572152642809,0.305912699077201,0.9841231756854657,0
3.0929618362971683,0.9009088760241706,0.8491410419312149,-0.6999112352431138,2.8062840210065474,0.21058638994196582,0.37194526303292813,1.4316811360790147,0.001192415045823164,2.2964660716324943,2.356599580871432,0.5043330225336705,0.9841231756854657,0
-0.634918112038349,0.9009088760241706,0.8491410419312149,0.5005304979603727,-0.911310674287764,-1.177851894974348,2.3226052134873454,0.2744324511807092,0.10525468947907315,0.9204123179021463,-0.7394662468772634,-0.8647672093159696,0.9841231756854657,0
-0.46546902347764374,-1.1099901739376037,-1.179024470547907,-0.053387119743106795,-0.23538436605243465,-1.177851894974348,2.4413740852880284,-0.8828162337175963,0.9612508178816116,2.1817949254882985,-0.7394662468772634,0.6035431842619053,-1.0161329645585022,0
0.21232733076517762,-1.1099901739376037,1.5251962127575889,-0.05389247580202373,-0.06640278899360229,0.9048055324001227,0.06599664927436881,0.2744324511807092,-1.2072727074048197,-0.11162799739561437,-0.22345527558581418,0.7225953783357871,-1.0161329645585022,0
-0.634918112038349,0.9009088760241706,-1.179024470547907,-0.5860008210878694,-0.5733475201700994,0.9048055324001227,-0.5674373336626071,0.853056793629862,0.24959913466067765,0.003043148748581378,-0.4814607612315388,1.238488219322608,0.9841231756854657,0
-0.8043672005990544,-1.1099901739376037,0.8491410419312149,-0.10968694318182111,-0.7423290972289317,0.9048055324001227,1.1745061194140765,0.853056793629862,-0.11629724963687813,1.035083464046342,-0.7394662468772634,-0.20998014190961997,0.9841231756854657,0
0.38177641932588297,0.9009088760241706,-0.502969299721533,0.749197263701185,0.6095235192417271,0.9048055324001227,2.2830155895537843,1.4316811360790147,0.5550722628357013,0.5763988794695595,0.03455021005991044,0.08765034327508442,-1.0161329645585022,0
-0.634918112038349,-1.1099901739376037,-0.502969299721533,-0.36279136681499763,-0.23538436605243465,-1.177851894974348,0.8577891279455886,1.4316811360790147,-0.11965409719924096,1.379096902478929,-0.4814607612315388,0.14717644031202531,0.9841231756854657,0
0.5512255078865883,-1.1099901739376037,-1.179024470547907,0.07827392598159481,0.2715603651240624,-1.177851894974348,1.3328646151483206,-0.8828162337175963,-0.48890732905915957,0.8057411717579506,1.066572152642809,0.4249648931510827,-1.0161329645585022,0
0.21232733076517762,0.9009088760241706,-1.179024470547907,-0.44698052775519004,0.2715603651240624,0.9048055324001227,0.06599664927436881,0.2744324511807092,0.001192415045823164,0.5763988794695595,0.5505611813513597,-0.36871640067479566,0.9841231756854657,0
-0.634918112038349,0.9009088760241706,-1.179024470547907,0.4567224446030113,-0.23538436605243465,0.9048055324001227,1.5667601133477989,0.853056793629862,-0.33113549362810374,0.4617277333253637,-0.7394662468772634,0.801963507718375,-1.0161329645585022,0
0.38177641932588297,-1.1099901739376037,-0.502969299721533,-0.5198307621234338,-0.23538436605243465,0.9048055324001227,-0.5674373336626071,0.853056793629862,-0.572828518118232,-0.11162799739561437,0.8085666669970842,0.6630692812988462,-1.0161329645585022,0
-0.634918112038349,0.9009088760241706,-1.179024470547907,-0.4615410992027341,-0.5733475201700994,0.9048055324001227,-0.6301472979733677,-1.461440576166749,-1.663803975886174,-0.34097028968400567,-0.7394662468772634,-0.7060309505507939,-1.0161329645585022,0
0.21232733076517762,0.9009088760241706,-1.179024470547907,-0.014111478539156584,0.10257878806523006,-1.177851894974348,1.2536853672811985,-1.461440576166749,0.001192415045823164,0.9204123179021463,0.03455021005991044,-1.162397694500674,0.9841231756854657,0
0.0428782422044723,-1.1099901739376037,0.8491410419312149,-0.18438488564047992,-0.404365943111267,0.9048055324001227,-0.06844971360400431,-0.8828162337175963,-1.2911938964638923,-0.11162799739561437,0.5505611813513597,-0.40840046536608954,-1.0161329645585022,0
-0.8043672005990544,0.9009088760241706,0.8491410419312149,-0.4929837214934719,-0.5733475201700994,0.21058638994196582,-1.2008713165995828,-0.8828162337175963,0.8941138666343539,-1.143668312693375,-0.7394662468772634,-1.9163949236352584,-1.0161329645585022,0
0.38177641932588297,-1.1099901739376037,1.5251962127575889,-0.30293825858702367,0.10257878806523006,-1.177851894974348,0.06599664927436881,1.4316811360790147,-0.1397951825734185,0.23238544103697253,-0.22345527558581418,0.6035431842619053,0.9841231756854657,0
0.5512255078865883,0.9009088760241706,0.8491410419312149,0.9019885096393507,0.9474866733593919,-1.177851894974348,2.4413740852880284,0.853056793629862,-0.07937192645088645,0.4617277333253637,0.29255569570563505,0.12733440796637835,-1.0161329645585022,0
0.38177641932588297,0.9009088760241706,1.5251962127575889,0.6473364330757411,0.4405419421828948,0.9048055324001227,-1.359229812333827,0.853056793629862,-0.2606416948184826,-1.487681751125962,0.29255569570563505,-0.7258729828964409,-1.0161329645585022,0
-0.8043672005990544,0.9009088760241706,-0.502969299721533,-0.34008192891741806,-0.404365943111267,0.9048055324001227,-0.7257958293968509,1.4316811360790147,-0.7473845913611031,-0.570312581972397,-0.7394662468772634,1.1194360252487263,-1.0161329645585022,0
-0.12657084635623306,0.9009088760241706,-0.502969299721533,-0.6061834786908644,0.10257878806523006,-1.177851894974348,-1.042512820865339,0.2744324511807092,0.6289229092076853,-0.7996548742607882,0.5505611813513597,-0.15045404487267908,0.9841231756854657,0
0.7206745964472937,-1.1099901739376037,-1.179024470547907,-0.016006563760095075,0.6095235192417271,-1.177851894974348,1.1428344202672278,0.2744324511807092,-0.35799027412700696,0.8057411717579506,0.03455021005991044,-0.8449251769703227,0.9841231756854657,0
-0.634918112038349,-1.1099901739376037,-1.179024470547907,0.08373808836863413,-0.5733475201700994,0.9048055324001227,0.5410721364771007,-0.8828162337175963,-0.15657942038523323,0.1177142948927768,-0.7394662468772634,0.028124246238143545,-1.0161329645585022,0
-0.2960199349169384,-1.1099901739376037,-0.502969299721533,0.5608257927398991,-0.911310674287764,0.9048055324001227,2.307244439401124,-0.8828162337175963,-0.7104592681751108,0.8057411717579506,-0.7394662468772634,0.20670253734896618,-1.0161329645585022,0
-0.8043672005990544,0.9009088760241706,1.5251962127575889,1.7881935284575534,-0.5733475201700994,-1.177851894974348,-0.4090788379283631,-1.461440576166749,-0.522475804682789,-1.143668312693375,-0.4814607612315388,0.9805417988291976,-1.0161329645585022,0
-0.46546902347764374,-1.1099901739376037,0.8491410419312149,0.038982492400803447,-0.23538436605243465,-1.177851894974348,-1.3532121894959255,-0.8828162337175963,-0.48890732905915957,-1.487681751125962,-0.22345527558581418,1.0995939929030794,0.9841231756854657,0
-0.12657084635623306,0.9009088760241706,0.8491410419312149,1.2140458760205555,-0.404365943111267,-1.177851894974348,1.3103777087540578,0.2744324511807092,-0.9420817499781512,-0.34097028968400567,-0.4814607612315388,-0.5076106270943244,-1.0161329645585022,0
-0.12657084635623306,0.9009088760241706,-0.502969299721533,-0.6528025751259512,-0.404365943111267,0.9048055324001227,-0.7257958293968509,-0.8828162337175963,-0.7138161157374736,-0.11162799739561437,-0.4814607612315388,-0.7060309505507939,0.9841231756854657,0
-0.8043672005990544,0.9009088760241706,0.8491410419312149,-0.20565721724551447,-0.5733475201700994,-1.177851894974348,-0.7257958293968509,-0.8828162337175963,-1.1132809756586586,-0.7996548742607882,-0.7394662468772634,0.4249648931510827,-1.0161329645585022,0
-0.8043672005990544,-1.1099901739376037,0.8491410419312149,0.08634383054742455,-0.404365943111267,-1.177851894974348,0.7082987079724623,-1.461440576166749,1.0653130923148617,0.23238544103697253,-0.4814607612315388,-1.3409759856114967,0.9841231756854657,0
-0.9738162891597597,-1.1099901739376037,-1.179024470547907,-0.2955790109790458,-0.911310674287764,-1.177851894974348,0.8577891279455886,-0.8828162337175963,-0.7473845913611031,1.2644257563347332,-0.7394662468772634,0.5043330225336705,0.9841231756854657,0
-0.8043672005990544,0.9009088760241706,-0.502969299721533,-0.26404163442726114,-0.5733475201700994,0.9048055324001227,-1.1209002762537896,-0.3041918912684436,0.021333500420000717,-1.143668312693375,-0.7394662468772634,1.298014316359549,-1.0161329645585022,0
0.0428782422044723,0.9009088760241706,0.8491410419312149,3.980349150154993,0.10257878806523006,0.9048055324001227,-0.44360098999842823,0.853056793629862,-0.4821936339344339,-1.3730106049817663,1.066572152642809,0.10749237562073138,-1.0161329645585022,0
0.7206745964472937,-1.1099901739376037,1.5251962127575889,0.44257247495333724,0.2715603651240624,0.9048055324001227,0.4113765284707549,0.2744324511807092,0.790051592201104,-0.34097028968400567,0.5505611813513597,1.9726434161115456,0.9841231756854657,0
-0.634918112038349,-1.1099901739376037,-1.179024470547907,-0.32937469741911557,-0.911310674287764,0.9048055324001227,0.22435514500861276,0.2744324511807092,-0.5761853656805954,0.5763988794695595,-0.4814607612315388,-1.162397694500674,0.9841231756854657,0
-0.9738162891597597,-1.1099901739376037,1.5251962127575889,-0.5653759769333222,-0.911310674287764,0.9048055324001227,-0.5674373336626071,-0.8828162337175963,0.3066655432208469,0.003043148748581378,-0.7394662468772634,0.7622794430270811,0.9841231756854657,0
-0.46546902347764374,-1.1099901739376037,-0.502969299721533,-0.331569837800036,-0.911310674287764,0.9048055324001227,-1.2008713165995828,-1.461440576166749,0.4677942262142661,-1.2583394588375707,-0.4814607612315388,-0.09092794783573821,0.9841231756854657,0
0.21232733076517762,0.9009088760241706,-0.502969299721533,-0.07115354368940514,-0.7423290972289317,-1.177851894974348,-1.0260435373089776,0.853056793629862,0.5886407384593302,-1.143668312693375,0.5505611813513597,0.4844909901880236,0.9841231756854657,0
1.0595727735687044,-1.1099901739376037,1.5251962127575889,-0.10276988212539562,1.2854498274770565,0.9048055324001227,-0.2507203421941191,0.853056793629862,0.5651428055227898,-0.34097028968400567,0.29255569570563505,0.5241750548793175,0.9841231756854657,0
-0.8043672005990544,-1.1099901739376037,-0.502969299721533,-0.2982005455346774,-0.404365943111267,-1.177851894974348,-0.4090788379283631,1.4316811360790147,-1.1938453171553682,-0.34097028968400567,-0.4814607612315388,1.258330251668255,0.9841231756854657,0
-0.2960199349169384,0.9009088760241706,-0.502969299721533,0.4044812620124736,-0.06640278899360229,-1.177851894974348,0.8577891279455886,-0.3041918912684436,0.1354663175403392,0.003043148748581378,-0.4814607612315388,0.5440170872249644,-1.0161329645585022,0
1.0595727735687044,-1.1099901739376037,-0.502969299721533,-0.29731617243157277,1.2854498274770565,-1.177851894974348,-0.3298995900612411,0.853056793629862,0.14218001266506483,-0.2262991435398101,0.8085666669970842,-0.13061201252703214,0.9841231756854657,0
-0.12657084635623306,-1.1099901739376037,1.5251962127575889,-0.6775176448823573,-0.5733475201700994,0.9048055324001227,-0.3774071387815143,0.853056793629862,1.0317446166912327,0.5763988794695595,0.29255569570563505,0.7622794430270811,0.9841231756854657,0
-0.2960199349169384,0.9009088760241706,0.8491410419312149,-0.5850532784774002,-0.7423290972289317,0.9048055324001227,-0.9048992880722809,1.4316811360790147,-1.3885424757724163,-0.570312581972397,-0.7394662468772634,-0.5076106270943244,0.9841231756854657,0
-0.46546902347764374,-1.1099901739376037,-0.502969299721533,0.2675297700459854,-0.23538436605243465,0.9048055324001227,0.6994306322113446,1.4316811360790147,1.5386285986080301,0.003043148748581378,-0.4814607612315388,-0.9639773710442044,0.9841231756854657,0
1.906818216372231,0.9009088760241706,-1.179024470547907,0.20886109008109793,1.7923945586535535,-1.177851894974348,-0.5139121621044326,-1.461440576166749,-0.522475804682789,-0.7996548742607882,2.6146050665171567,-0.7258729828964409,0.9841231756854657,0
0.21232733076517762,0.9009088760241706,1.5251962127575889,3.018151213977157,-0.06640278899360229,-1.177851894974348,2.294575759742384,0.853056793629862,0.0045492626081859895,-0.570312581972397,0.29255569570563505,-1.4005020826484376,0.9841231756854657,0
0.38177641932588297,0.9009088760241706,-1.179024470547907,-0.05684565027131954,0.10257878806523006,-1.177851894974348,0.6493893475593235,-0.8828162337175963,-0.035732908140168516,0.4617277333253637,-0.22345527558581418,-1.9362369559809054,0.9841231756854657,0
-0.12657084635623306,0.9009088760241706,1.5251962127575889,-0.10973432031234456,-0.06640278899360229,-1.177851894974348,-0.4090788379283631,-0.3041918912684436,-1.3482603050240614,-0.45564143582820127,1.066572152642809,1.35754041339649,-1.0161329645585022,0
0.21232733076517762,-1.1099901739376037,-0.502969299721533,1.1215973019924395,-0.23538436605243465,0.9048055324001227,0.06599664927436881,1.4316811360790147,0.3536614090939276,-0.7996548742607882,0.8085666669970842,0.6035431842619053,-1.0161329645585022,0
-0.46546902347764374,-1.1099901739376037,0.8491410419312149,-0.1341493349087688,-0.911310674287764,0.9048055324001227,-0.2507203421941191,0.853056793629862,0.3335203237197501,-0.34097028968400567,-0.4814607612315388,-0.5869787564769122,0.9841231756854657,0
-0.634918112038349,-1.1099901739376037,-1.179024470547907,-0.3579746918784456,-0.06640278899360229,0.9048055324001227,-0.2507203421941191,-0.8828162337175963,-0.17336365819704735,0.003043148748581378,-0.4814607612315388,0.18686050500331922,0.9841231756854657,0
0.5512255078865883,0.9009088760241706,0.8491410419312149,-0.767565777630618,0.7785050963005594,0.21058638994196582,-0.4683049153329703,0.2744324511807092,0.7363420312032976,0.8057411717579506,0.03455021005991044,0.26622863438590705,-1.0161329645585022,0
0.21232733076517762,0.9009088760241706,0.17308587110484092,0.7429592748489291,-0.06640278899360229,-1.177851894974348,1.1515441375326112,1.4316811360790147,-0.34120603631519225,-0.11162799739561437,1.066572152642809,0.0479662785837905,0.9841231756854657,0
1.398470950690115,0.9009088760241706,-0.502969299721533,0.40149650278949545,0.7785050963005594,0.9048055324001227,0.8577891279455886,-0.3041918912684436,0.4778647689013546,0.003043148748581378,1.3245776382885335,1.2186461869769611,0.9841231756854657,0
-0.2960199349169384,-1.1099901739376037,-0.502969299721533,-0.8802285940154112,-0.23538436605243465,0.9048055324001227,-1.2198743360876922,0.2744324511807092,0.1522505553521539,-0.6849837281165926,-0.7394662468772634,0.9606997664835506,-1.0161329645585022,0
-0.8043672005990544,-1.1099901739376037,0.8491410419312149,1.0301752324589983,-0.911310674287764,-1.177851894974348,-0.7257958293968509,0.853056793629862,1.2465828606824585,-1.2583394588375707,-0.7394662468772634,-0.5671367241312653,0.9841231756854657,0
0.890123685007999,0.9009088760241706,1.5251962127575889,0.9326888902185543,0.6095235192417271,0.9048055324001227,-0.3346503449332684,-0.3041918912684436,0.1488937077897905,-1.0289971665491795,0.29255569570563505,-0.9044512740072636,0.9841231756854657,0
-0.8043672005990544,0.9009088760241706,-0.502969299721533,-0.3347756902987903,-0.911310674287764,-1.177851894974348,0.38271364074285674,0.2744324511807092,-1.6705176710108995,0.6910700256137552,-0.7394662468772634,0.38528082845978884,-1.0161329645585022,0
2.754063659175758,-1.1099901739376037,-1.179024470547907,0.26416599377881955,3.144247175124212,-1.177851894974348,0.06599664927436881,-0.3041918912684436,-1.4623931221444,-0.45564143582820127,2.356599580871432,1.337698381050843,-1.0161329645585022,0
0.5512255078865883,-1.1099901739376037,1.5251962127575889,1.1039098399303469,-0.23538436605243465,-1.177851894974348,2.256253003774697,-1.461440576166749,0.7430557263280237,0.23238544103697253,0.29255569570563505,0.4448069254967297,-1.0161329645585022,0
-0.8043672005990544,0.9009088760241706,1.5251962127575889,-0.3010589657429263,-0.7423290972289317,0.9048055324001227,-0.012074089122613466,-0.8828162337175963,-1.3348329147746099,0.23238544103697253,-0.7394662468772634,1.6750129309268411,-1.0161329645585022,0
1.2290218621294098,-1.1099901739376037,-0.502969299721533,-0.4539765506958213,1.1164682504182242,0.9048055324001227,-0.4090788379283631,1.4316811360790147,-0.9420817499781512,0.003043148748581378,1.8405886095799828,-0.9242933063529105,0.9841231756854657,0
-0.12657084635623306,-1.1099901739376037,0.8491410419312149,0.7447596058088206,0.2715603651240624,-1.177851894974348,-0.7257958293968509,0.853056793629862,0.8840433239472655,-1.143668312693375,0.29255569570563505,-1.4401861473397315,0.9841231756854657,0
-0.634918112038349,0.9009088760241706,-1.179024470547907,0.942195901076929,-0.23538436605243465,0.9048055324001227,-0.3256239106764165,-0.3041918912684436,-0.284139627755023,-1.0289971665491795,-0.4814607612315388,0.821805540064022,0.9841231756854657,0
1.5679200392508204,-1.1099901739376037,0.8491410419312149,0.15949412007565028,1.6234129815947211,0.21058638994196582,-0.33116645802711503,1.4316811360790147,-1.2878370489015294,-0.6849837281165926,2.098594095225707,1.238488219322608,0.9841231756854657,0
0.0428782422044723,0.9009088760241706,0.8491410419312149,-0.07465945134814135,0.4405419421828948,-1.177851894974348,-0.9546238557328335,-0.8828162337175963,-0.3076375606915634,-1.0289971665491795,0.29255569570563505,-0.13061201252703214,-1.0161329645585022,0
0.21232733076517762,0.9009088760241706,1.5251962127575889,0.2675613547996677,-0.7423290972289317,-1.177851894974348,0.8577891279455886,0.2744324511807092,0.001192415045823164,0.1177142948927768,1.066572152642809,1.8734332543833108,0.9841231756854657,0
-0.46546902347764374,-1.1099901739376037,-1.179024470547907,-0.6026775710321282,-0.911310674287764,0.9048055324001227,-0.5674373336626071,-1.461440576166749,0.5181469396497097,0.003043148748581378,0.03455021005991044,0.0479662785837905,0.9841231756854657,0
-0.2960199349169384,-1.1099901739376037,-1.179024470547907,-0.2426903409380208,-0.911310674287764,-1.177851894974348,1.8079401023510524,-1.461440576166749,-0.1263677923239666,2.1817949254882985,-0.22345527558581418,-1.3806600503027906,0.9841231756854657,0
-0.8043672005990544,0.9009088760241706,-0.502969299721533,-0.10829721401979954,-0.911310674287764,0.9048055324001227,-0.7257958293968509,-1.461440576166749,1.0183172264417808,-0.7996548742607882,-0.7394662468772634,0.6630692812988462,0.9841231756854657,0
0.890123685007999,-1.1099901739376037,0.8491410419312149,0.4599598818554479,0.7785050963005594,-1.177851894974348,0.38271364074285674,-0.8828162337175963,-1.3113349818380697,-0.34097028968400567,0.8085666669970842,0.7424374106814341,-1.0161329645585022,0
2.0762673049329363,-1.1099901739376037,-0.502969299721533,-0.29733196480841395,2.130357712771218,0.9048055324001227,-0.7257958293968509,0.853056793629862,-0.07601507888852362,-0.6849837281165926,2.098594095225707,1.1789621222856672,0.9841231756854657,0
-0.46546902347764374,-1.1099901739376037,-0.502969299721533,0.23300763427122254,-0.911310674287764,-1.177851894974348,-0.2507203421941191,-1.461440576166749,-1.3549740001487873,-0.6849837281165926,-0.4814607612315388,0.7225953783357871,-1.0161329645585022,0
-0.46546902347764374,0.9009088760241706,-0.502969299721533,-0.9638334370124809,-0.23538436605243465,0.9048055324001227,-1.182818448085879,1.4316811360790147,0.4778647689013546,-0.34097028968400567,-0.4814607612315388,-0.24966420660091387,0.9841231756854657,0
-0.8043672005990544,0.9009088760241706,-1.179024470547907,-0.48810387704955527,-0.5733475201700994,0.9048055324001227,-1.2008713165995828,0.853056793629862,0.23617174441122635,-1.143668312693375,-0.7394662468772634,0.6035431842619053,-1.0161329645585022,0
0.0428782422044723,-1.1099901739376037,-0.502969299721533,0.23104937954291943,0.2715603651240624,0.9048055324001227,0.38271364074285674,-0.3041918912684436,-0.1129404020745153,-0.11162799739561437,0.03455021005991044,0.5837011519162584,0.9841231756854657,0
1.0595727735687044,0.9009088760241706,-0.502969299721533,0.025811650115280943,1.1164682504182242,0.9048055324001227,1.6495816066168083,-0.8828162337175963,0.21267381147468598,1.2644257563347332,0.8085666669970842,1.5559607368529593,0.9841231756854657,0
-0.8043672005990544,0.9009088760241706,0.8491410419312149,-0.6758752376908773,-0.7423290972289317,0.9048055324001227,-1.0741845200121878,0.2744324511807092,-1.4959615977680292,-0.6849837281165926,-0.7394662468772634,-0.24966420660091387,0.9841231756854657,0
0.5512255078865883,0.9009088760241706,0.8491410419312149,-0.5663077271669503,0.6095235192417271,-1.177851894974348,-1.2371354121227247,-1.461440576166749,0.23952859197358917,-1.143668312693375,0.8085666669970842,-0.6663468858595001,0.9841231756854657,0
-0.46546902347764374,0.9009088760241706,1.5251962127575889,-0.33578640241662416,-0.911310674287764,0.9048055324001227,-0.3298995900612411,0.2744324511807092,0.9377528849450718,-0.11162799739561437,-0.7394662468772634,0.8416475724096689,0.9841231756854657,0
0.38177641932588297,0.9009088760241706,1.5251962127575889,-0.25341336481316445,0.4405419421828948,0.9048055324001227,0.6994306322113446,1.4316811360790147,0.021333500420000717,0.9204123179021463,1.066572152642809,-0.8846092416616166,-1.0161329645585022,0
-0.634918112038349,0.9009088760241706,0.8491410419312149,-0.340176683178465,-0.5733475201700994,0.21058638994196582,-1.2642147148932805,-0.3041918912684436,0.8874001715096282,-1.2583394588375707,-0.4814607612315388,-1.5790803737592602,0.9841231756854657,0
-0.46546902347764374,0.9009088760241706,0.8491410419312149,-0.30039568591559784,-0.06640278899360229,0.9048055324001227,-0.9474977234247925,-0.8828162337175963,0.20596011634995973,-0.9143260204049839,-0.7394662468772634,-0.3488743683291487,0.9841231756854657,0
-0.46546902347764374,0.9009088760241706,-1.179024470547907,0.8380293834326766,-0.404365943111267,-1.177851894974348,-0.4090788379283631,1.4316811360790147,-0.31770810337865185,-1.0289971665491795,-0.997471732522988,0.5043330225336705,-1.0161329645585022,0
0.890123685007999,0.9009088760241706,0.8491410419312149,0.16149975193447683,0.7785050963005594,-1.177851894974348,-0.4036946490733988,0.2744324511807092,-1.1166378232210217,-0.6849837281165926,0.8085666669970842,0.028124246238143545,0.9841231756854657,0
-0.2960199349169384,-1.1099901739376037,-0.502969299721533,0.019320983233566614,-0.911310674287764,-1.177851894974348,-0.04849654314148957,0.2744324511807092,0.001192415045823164,-0.34097028968400567,-0.22345527558581418,1.258330251668255,0.9841231756854657,0
-0.8043672005990544,-1.1099901739376037,0.8491410419312149,1.024600523434071,-0.7423290972289317,0.9048055324001227,2.2830155895537843,1.4316811360790147,0.0851136041048956,0.3470565871811683,-0.4814607612315388,-0.32903233598350173,0.9841231756854657,0
1.2290218621294098,0.9009088760241706,0.8491410419312149,0.8201524128484903,1.6234129815947211,-1.177851894974348,0.8682407886640487,-1.461440576166749,0.8639022385730879,-0.34097028968400567,0.5505611813513597,-0.011559818453150373,0.9841231756854657,0
-0.2960199349169384,-1.1099901739376037,1.5251962127575889,-0.2616411931474057,-0.911310674287764,-1.177851894974348,-0.7257958293968509,0.2744324511807092,1.3842136107393372,-0.6849837281165926,-0.4814607612315388,-0.9242933063529105,0.9841231756854657,0
2.923512747736463,0.9009088760241706,-1.179024470547907,-0.22553981968852746,2.9752655980653797,-1.177851894974348,0.8577891279455886,-0.8828162337175963,0.20260326878759688,1.035083464046342,2.6146050665171567,0.6233852166075523,-1.0161329645585022,0
0.38177641932588297,-1.1099901739376037,-0.502969299721533,0.4954927297480446,0.9474866733593919,-1.177851894974348,-0.7257958293968509,1.4316811360790147,0.0045492626081859895,-1.143668312693375,0.29255569570563505,1.4369085427790778,0.9841231756854657,0
-0.9738162891597597,0.9009088760241706,-1.179024470547907,-0.26033042586958993,-0.911310674287764,0.9048055324001227,0.38271364074285674,-0.8828162337175963,0.8639022385730879,0.5763988794695595,-0.7394662468772634,0.782121475372728,-1.0161329645585022,0
-0.46546902347764374,0.9009088760241706,-1.179024470547907,-0.34665155768333816,0.10257878806523006,0.9048055324001227,0.38271364074285674,0.2744324511807092,-0.31770810337865185,0.8057411717579506,-0.4814607612315388,-2.749760282152431,0.9841231756854657,0
0.890123685007999,-1.1099901739376037,-1.179024470547907,0.18141393913117215,0.4405419421828948,-1.177851894974348,-1.042512820865339,0.853056793629862,-0.9521522926652397,-1.2583394588375707,0.29255569570563505,-1.142555662155027,0.9841231756854657,0
-0.46546902347764374,0.9009088760241706,1.5251962127575889,-0.8175170655791884,-0.404365943111267,0.9048055324001227,-0.7638018683730695,-1.461440576166749,0.058258823605992396,0.3470565871811683,-0.22345527558581418,1.9329593514202517,-1.0161329645585022,0
-0.8043672005990544,-1.1099901739376037,0.8491410419312149,-0.2978057361136486,-0.911310674287764,0.9048055324001227,-0.5674373336626071,0.853056793629862,-0.035732908140168516,-0.45564143582820127,-0.7394662468772634,-0.32903233598350173,-1.0161329645585022,0
-0.634918112038349,-1.1099901739376037,-0.502969299721533,-0.7177092439430945,-0.7423290972289317,0.9048055324001227,-0.8540662109415886,0.853056793629862,1.256653403369547,-0.2262991435398101,-0.4814607612315388,-1.5989224061049072,0.9841231756854657,0
-0.634918112038349,-1.1099901739376037,0.8491410419312149,-0.3382658055806853,-0.5733475201700994,-1.177851894974348,0.06599664927436881,0.853056793629862,-1.1804179269059165,0.3470565871811683,-0.7394662468772634,-1.5195542767223194,0.9841231756854657,0
-0.8043672005990544,-1.1099901739376037,-0.502969299721533,-0.8081995632429074,-0.911310674287764,0.9048055324001227,-0.6512089779060221,1.4316811360790147,-1.6470197380743594,0.5763988794695595,-0.7394662468772634,-0.9838194033898514,-1.0161329645585022,0
0.0428782422044723,-1.1099901739376037,-1.179024470547907,-0.5411504708589918,-0.06640278899360229,0.9048055324001227,-1.1511467489390304,-0.8828162337175963,0.6792756226431284,-1.0289971665491795,0.29255569570563505,0.801963507718375,0.9841231756854657,0
0.21232733076517762,-1.1099901739376037,1.5251962127575889,-0.6759384071982419,0.4405419421828948,0.9048055324001227,-0.5674373336626071,-0.3041918912684436,-0.7708825242976429,0.23238544103697253,1.066572152642809,0.0479662785837905,0.9841231756854657,0
0.5512255078865883,0.9009088760241706,-1.179024470547907,-0.20006671584374594,0.7785050963005594,-1.177851894974348,-0.4090788379283631,-0.8828162337175963,0.82026322026237,-0.45564143582820127,0.5505611813513597,-1.182239726846321,0.9841231756854657,0
-0.9738162891597597,-1.1099901739376037,-0.502969299721533,0.2688563297006423,-0.911310674287764,-1.177851894974348,-0.7257958293968509,1.4316811360790147,0.457723683527177,-1.0289971665491795,-0.7394662468772634,-1.0830295651180861,0.9841231756854657,0
-0.46546902347764374,0.9009088760241706,0.8491410419312149,-0.3730248270080655,-0.404365943111267,0.9048055324001227,-0.15491345227490153,-0.8828162337175963,-0.03237606057780569,0.1177142948927768,-0.997471732522988,0.2463866020402601,0.9841231756854657,0
0.7206745964472937,0.9009088760241706,0.8491410419312149,-0.41087915429631183,0.9474866733593919,-1.177851894974348,-0.646616581529729,1.4316811360790147,-0.23378691431957943,-0.45564143582820127,0.8085666669970842,-1.678290535487495,0.9841231756854657,0
-0.2960199349169384,0.9009088760241706,0.8491410419312149,-0.39202305634797385,-0.404365943111267,0.9048055324001227,0.22435514500861276,-1.461440576166749,0.07504306141780712,0.6910700256137552,0.03455021005991044,1.5559607368529593,-1.0161329645585022,0
1.2290218621294098,0.9009088760241706,-0.502969299721533,1.099914368589535,0.9474866733593919,-1.177851894974348,1.4912231108825644,0.853056793629862,0.9209686471332571,-0.11162799739561437,2.098594095225707,0.5638591195706114,-1.0161329645585022,0
0.5512255078865883,0.9009088760241706,1.5251962127575889,-0.5873905502498911,0.10257878806523006,0.9048055324001227,-0.8841543251310949,-1.461440576166749,-0.717172963299837,-0.570312581972397,0.5505611813513597,1.35754041339649,-1.0161329645585022,0
-0.2960199349169384,-1.1099901739376037,-0.502969299721533,2.54760155361813,0.4405419421828948,-1.177851894974348,-1.076401538952467,-1.461440576166749,0.9343960373827085,-1.487681751125962,-0.7394662468772634,0.5638591195706114,-1.0161329645585022,0
0.0428782422044723,0.9009088760241706,0.8491410419312149,2.3525341148761947,0.2715603651240624,-1.177851894974348,0.9064051861360015,-0.8828162337175963,0.5517154152733386,-0.7996548742607882,-0.22345527558581418,-1.142555662155027,0.9841231756854657,0
-0.46546902347764374,0.9009088760241706,-1.179024470547907,0.07847922688052981,-0.7423290972289317,-1.177851894974348,1.0161476236798326,-0.8828162337175963,0.44765314084008856,0.5763988794695595,-0.4814607612315388,-2.23386744116561,0.9841231756854657,0
-0.46546902347764374,0.9009088760241706,-0.502969299721533,0.32493505986358046,-0.404365943111267,-1.177851894974348,2.4413740852880284,-1.461440576166749,0.001192415045823164,1.2644257563347332,-0.7394662468772634,1.0797519605574324,-1.0161329645585022,0
-0.2960199349169384,-1.1099901739376037,-0.502969299721533,-0.20333573784986483,-0.5733475201700994,0.9048055324001227,-0.8524826259842462,0.2744324511807092,1.0082466837546924,-0.9143260204049839,-0.22345527558581418,0.2463866020402601,-1.0161329645585022,0
-0.9738162891597597,-1.1099901739376037,0.8491410419312149,-0.5676816639521307,-0.7423290972289317,0.9048055324001227,-0.8841543251310949,0.2744324511807092,-1.2609822684026262,-0.570312581972397,-0.4814607612315388,-2.789444346843725,0.9841231756854657,0
-0.8043672005990544,-1.1099901739376037,1.5251962127575889,-0.35900119637312067,-0.5733475201700994,0.9048055324001227,-0.12403354560672394,-0.8828162337175963,-1.1132809756586586,0.1177142948927768,-0.4814607612315388,1.1591200899400202,0.9841231756854657,0
-0.634918112038349,0.9009088760241706,-1.179024470547907,1.4297223665401968,-0.7423290972289317,-1.177851894974348,0.06599664927436881,-0.8828162337175963,-1.1804179269059165,-0.9143260204049839,-0.997471732522988,-1.0830295651180861,0.9841231756854657,0
0.5512255078865883,0.9009088760241706,1.5251962127575889,-0.8025774770874565,0.7785050963005594,0.9048055324001227,-1.042512820865339,0.853056793629862,-1.1804179269059165,-0.45564143582820127,1.066572152642809,0.06780831092943747,-1.0161329645585022,0
-0.8043672005990544,0.9009088760241706,-0.502969299721533,-0.8664418490330837,-0.911310674287764,0.9048055324001227,-0.963333572998217,0.2744324511807092,0.6121386713958706,0.003043148748581378,-0.7394662468772634,0.46464895784237664,-1.0161329645585022,0
0.0428782422044723,0.9009088760241706,-0.502969299721533,0.9286302493703776,-0.23538436605243465,-1.177851894974348,2.519128106693542,0.853056793629862,-1.0159323963501345,0.4617277333253637,0.03455021005991044,0.06780831092943747,0.9841231756854657,0
0.0428782422044723,-1.1099901739376037,-1.179024470547907,-0.2603778030001134,-0.404365943111267,0.9048055324001227,-0.7257958293968509,0.853056793629862,0.427512055465911,-0.6849837281165926,0.8085666669970842,-3.067232799682782,0.9841231756854657,0
-0.12657084635623306,0.9009088760241706,1.5251962127575889,0.4606073693059352,-0.23538436605243465,-1.177851894974348,0.7599235775818258,0.2744324511807092,-0.492264176621523,-0.11162799739561437,0.29255569570563505,0.305912699077201,0.9841231756854657,0
-0.634918112038349,0.9009088760241706,0.8491410419312149,-0.3017538303239371,-0.5733475201700994,-1.177851894974348,0.8577891279455886,1.4316811360790147,-0.6063969937418614,1.2644257563347332,-0.7394662468772634,-3.8013879964717194,0.9841231756854657,0
-0.9738162891597597,-1.1099901739376037,-1.179024470547907,-0.3895910303144361,-0.911310674287764,0.9048055324001227,-0.5674373336626071,1.4316811360790147,0.1354663175403392,-0.34097028968400567,-0.7394662468772634,-1.5592383414136133,0.9841231756854657,0
0.21232733076517762,-1.1099901739376037,0.8491410419312149,3.4899800568603174,0.6095235192417271,-1.177851894974348,0.06472978130849485,-0.8828162337175963,-1.1804179269059165,-1.2583394588375707,1.066572152642809,0.8416475724096689,0.9841231756854657,0
-0.8043672005990544,0.9009088760241706,-1.179024470547907,-0.39243365814584386,-0.404365943111267,0.9048055324001227,0.22435514500861276,0.2744324511807092,-0.42177037781190185,0.6910700256137552,-0.997471732522988,-0.051243883144444294,0.9841231756854657,0
-0.8043672005990544,0.9009088760241706,-0.502969299721533,-0.6787968274064908,-0.23538436605243465,0.21058638994196582,0.7284102369307113,-0.8828162337175963,-1.3046212867133438,2.7551506562092767,-0.4814607612315388,-0.2893482712922078,0.9841231756854657,0
-0.9738162891597597,-1.1099901739376037,-0.502969299721533,-0.704222554120749,-0.911310674287764,0.9048055324001227,-0.2507203421941191,0.2744324511807092,0.09182729922962125,1.035083464046342,-0.997471732522988,-0.13061201252703214,0.9841231756854657,0
-0.634918112038349,-1.1099901739376037,-0.502969299721533,-0.35909595063416755,-0.23538436605243465,0.9048055324001227,0.6994306322113446,1.4316811360790147,-1.0159323963501345,1.1497546101905376,-0.4814607612315388,-0.6266628211682062,0.9841231756854657,0
-0.8043672005990544,-1.1099901739376037,-1.179024470547907,-0.04582257123619399,-0.7423290972289317,0.9048055324001227,-0.8841543251310949,-0.3041918912684436,-0.29421017044211145,-1.0289971665491795,-0.4814607612315388,-0.6465048535138531,0.9841231756854657,0
0.890123685007999,-1.1099901739376037,-1.179024470547907,5.347684721815796,0.6095235192417271,-1.177851894974348,2.3583942335232844,0.853056793629862,0.2663833724724924,-0.9143260204049839,1.3245776382885335,0.2463866020402601,0.9841231756854657,0
-0.46546902347764374,-1.1099901739376037,-0.502969299721533,-0.3959553581814212,-0.7423290972289317,0.9048055324001227,-1.2008713165995828,0.2744324511807092,-0.780953066984732,-1.143668312693375,-0.7394662468772634,0.32575473142284794,0.9841231756854657,0
2.0762673049329363,0.9009088760241706,0.8491410419312149,0.17130681795283353,2.2993392898300504,0.9048055324001227,-0.6448746380766524,0.853056793629862,0.5483585677109757,-0.9143260204049839,2.356599580871432,0.5638591195706114,-1.0161329645585022,0
-0.2960199349169384,0.9009088760241706,-1.179024470547907,0.16314215912595686,0.2715603651240624,-1.177851894974348,0.0026532509806712224,-1.461440576166749,-0.06930138376379737,-0.34097028968400567,-0.4814607612315388,0.9011736694466097,-1.0161329645585022,0
-0.8043672005990544,0.9009088760241706,-1.179024470547907,-0.09215740488814007,-0.7423290972289317,0.9048055324001227,-0.5674373336626071,-0.8828162337175963,0.001192415045823164,-0.6849837281165926,-0.4814607612315388,-1.142555662155027,0.9841231756854657,0
-0.634918112038349,-1.1099901739376037,0.8491410419312149,0.20570261471286713,-0.404365943111267,0.9048055324001227,-0.7489161697740506,-0.8828162337175963,-0.9823639207265057,-1.0289971665491795,-0.4814607612315388,-0.5274526594399713,0.9841231756854657,0
1.906818216372231,-1.1099901739376037,0.8491410419312149,0.007618831994271436,1.7923945586535535,0.9048055324001227,0.6599993667735179,1.4316811360790147,-0.38148820706354736,0.3470565871811683,2.6146050665171567,1.0797519605574324,0.9841231756854657,0
-0.2960199349169384,-1.1099901739376037,-0.502969299721533,-0.48747218197590914,-0.06640278899360229,0.9048055324001227,-0.7257958293968509,-1.461440576166749,0.02804719554472637,-0.45564143582820127,-0.4814607612315388,0.801963507718375,-1.0161329645585022,0
-0.8043672005990544,-1.1099901739376037,-1.179024470547907,0.9265930327578688,-0.911310674287764,-1.177851894974348,0.5798699679319904,-0.8828162337175963,-0.34456288387755507,-0.45564143582820127,-0.4814607612315388,0.782121475372728,0.9841231756854657,0
-0.634918112038349,-1.1099901739376037,1.5251962127575889,-0.8313827724457217,-0.7423290972289317,0.21058638994196582,-0.5674373336626071,1.4316811360790147,0.5752133482098789,0.9204123179021463,-0.4814607612315388,1.1392780575943733,0.9841231756854657,0
-0.46546902347764374,0.9009088760241706,0.8491410419312149,-0.9148770688049033,-0.404365943111267,0.9048055324001227,-1.2593056015255188,0.853056793629862,-0.2572848472561198,-0.7996548742607882,0.03455021005991044,-0.38855843302044263,-1.0161329645585022,0
2.0762673049329363,-1.1099901739376037,0.8491410419312149,0.006529157992231804,2.130357712771218,-1.177851894974348,-0.08412720468169446,-0.8828162337175963,0.9679645130063379,-0.34097028968400567,1.582583123934258,0.6829113136444932,-1.0161329645585022,0
-0.8043672005990544,-1.1099901739376037,0.8491410419312149,0.22928063333671017,-0.404365943111267,-1.177851894974348,-0.7870805672460034,1.4316811360790147,-1.0797125000350298,-1.0289971665491795,-0.997471732522988,0.5638591195706114,-1.0161329645585022,0
0.21232733076517762,0.9009088760241706,-1.179024470547907,2.5456275065129854,0.7785050963005594,-1.177851894974348,0.38271364074285674,-0.3041918912684436,-0.8212352377330865,-1.0289971665491795,0.29255569570563505,0.9805417988291976,-1.0161329645585022,0
2.2457163934936415,0.9009088760241706,-1.179024470547907,0.08689656373686494,2.130357712771218,0.9048055324001227,-0.007323334250586147,-0.8828162337175963,-0.005521280078902488,-0.34097028968400567,1.8405886095799828,-0.5274526594399713,-1.0161329645585022,0
-0.46546902347764374,0.9009088760241706,0.8491410419312149,-0.05618237044399107,-0.06640278899360229,0.9048055324001227,-0.10645575258022287,0.2744324511807092,-1.1199946707833845,-0.2262991435398101,-0.4814607612315388,-0.13061201252703214,0.9841231756854657,0
0.38177641932588297,-1.1099901739376037,1.5251962127575889,-0.7890118253809052,-0.06640278899360229,0.9048055324001227,-1.042512820865339,1.4316811360790147,-0.4150566826871762,-0.45564143582820127,0.29255569570563505,-0.38855843302044263,0.9841231756854657,0
-0.2960199349169384,-1.1099901739376037,0.8491410419312149,0.3624261624844803,-0.06640278899360229,-1.177851894974348,-1.1109236910225324,-0.8828162337175963,-0.9252975121663365,-1.3730106049817663,-0.7394662468772634,-1.678290535487495,0.9841231756854657,0
1.398470950690115,0.9009088760241706,-0.502969299721533,1.6012591637888125,1.1164682504182242,-1.177851894974348,0.06599664927436881,-0.8828162337175963,-0.1129404020745153,-0.9143260204049839,2.6146050665171567,0.821805540064022,0.9841231756854657,0
-0.634918112038349,0.9009088760241706,-1.179024470547907,-0.4942155268870819,-0.7423290972289317,-1.177851894974348,0.06599664927436881,-1.461440576166749,-1.1938453171553682,0.8057411717579506,-0.4814607612315388,0.46464895784237664,-1.0161329645585022,0
2.415165482054347,-1.1099901739376037,1.5251962127575889,0.8024965355400799,1.9613761357123858,-1.177851894974348,0.8577891279455886,-1.461440576166749,0.5349311774615239,-0.34097028968400567,1.3245776382885335,-0.7258729828964409,0.9841231756854657,0
-0.12657084635623306,0.9009088760241706,-0.502969299721533,1.0215999718342517,0.4405419421828948,-1.177851894974348,0.06599664927436881,-0.3041918912684436,0.29995184809612124,-0.7996548742607882,-0.22345527558581418,-0.46792656240303043,0.9841231756854657,0
-0.46546902347764374,0.9009088760241706,-1.179024470547907,-0.380352489862361,-0.5733475201700994,0.9048055324001227,-0.09236184645987515,0.2744324511807092,-1.7342977746957948,0.23238544103697253,-0.4814607612315388,0.7622794430270811,-1.0161329645585022,0
-0.8043672005990544,-1.1099901739376037,0.8491410419312149,0.15788329763785255,-0.911310674287764,0.9048055324001227,0.38271364074285674,1.4316811360790147,0.1757484882886937,-0.11162799739561437,-0.7394662468772634,-0.190138109563973,-1.0161329645585022,0
-0.634918112038349,-1.1099901739376037,-1.179024470547907,0.40274410055994664,-0.7423290972289317,-1.177851894974348,2.4413740852880284,-1.461440576166749,0.8639022385730879,1.1497546101905376,-0.7394662468772634,-0.051243883144444294,-1.0161329645585022,0
0.5512255078865883,0.9009088760241706,-1.179024470547907,-0.35505310216283215,0.2715603651240624,0.9048055324001227,0.06599664927436881,1.4316811360790147,0.12203892729088728,0.3470565871811683,0.5505611813513597,0.12733440796637835,-1.0161329645585022,0
-0.2960199349169384,0.9009088760241706,-0.502969299721533,-0.1307697662647618,-0.06640278899360229,-1.177851894974348,-0.2290252282785277,1.4316811360790147,-0.6936750303632967,-0.34097028968400567,0.03455021005991044,0.3455967637684949,0.9841231756854657,0
-0.9738162891597597,-1.1099901739376037,0.8491410419312149,-0.008394638122658806,-0.911310674287764,-1.177851894974348,0.06599664927436881,-0.8828162337175963,-1.536243768516384,-0.11162799739561437,-0.7394662468772634,-2.9481806056089,0.9841231756854657,0
-0.634918112038349,-1.1099901739376037,0.8491410419312149,0.1644371340269315,-0.5733475201700994,-1.177851894974348,2.4119194050814587,1.4316811360790147,0.024690347982363543,1.4937680486231246,-0.4814607612315388,0.3654387961141419,-1.0161329645585022,0
1.2290218621294098,0.9009088760241706,0.8491410419312149,-0.41501675702869417,1.2854498274770565,0.9048055324001227,-0.963333572998217,-0.8828162337175963,0.8269769153870962,-0.7996548742607882,2.098594095225707,-0.190138109563973,0.9841231756854657,0
0.0428782422044723,0.9009088760241706,-1.179024470547907,-0.6306616627946532,-0.23538436605243465,-1.177851894974348,-1.042512820865339,1.4316811360790147,0.02804719554472637,-0.6849837281165926,-0.22345527558581418,-0.5274526594399713,-1.0161329645585022,0
-0.634918112038349,0.9009088760241706,-1.179024470547907,-0.8496387600740958,-0.06640278899360229,0.21058638994196582,-0.32863272209536715,-0.8828162337175963,0.5550722628357013,1.7231103409115156,-0.7394662468772634,-0.38855843302044263,-1.0161329645585022,0
1.7373691278115257,-1.1099901739376037,0.8491410419312149,-0.03202003387702532,1.6234129815947211,0.9048055324001227,-0.7555672265948888,-1.461440576166749,0.4812216164637174,-0.9143260204049839,1.3245776382885335,0.8813316371009629,0.9841231756854657,0
-0.46546902347764374,-1.1099901739376037,-0.502969299721533,-0.16426539754484962,-0.404365943111267,-1.177851894974348,-0.5674373336626071,1.4316811360790147,-1.0125755487877717,-0.570312581972397,-0.7394662468772634,0.5638591195706114,0.9841231756854657,0
-0.2960199349169384,-1.1099901739376037,-0.502969299721533,-0.20360420825616446,-0.404365943111267,0.9048055324001227,-0.09236184645987515,-0.3041918912684436,0.2294580492865001,-0.11162799739561437,-0.997471732522988,1.4765926074703717,-1.0161329645585022,0
-0.2960199349169384,0.9009088760241706,-0.502969299721533,0.13405260098455105,-0.404365943111267,0.9048055324001227,-1.08732827515813,-1.461440576166749,0.6389934518947737,-1.2583394588375707,0.29255569570563505,-0.15045404487267908,-1.0161329645585022,0
0.38177641932588297,0.9009088760241706,1.5251962127575889,-0.11142410463434806,-0.06640278899360229,0.9048055324001227,-0.963333572998217,-0.3041918912684436,-0.542616890056966,-1.0289971665491795,0.5505611813513597,0.5837011519162584,0.9841231756854657,0
0.7206745964472937,-1.1099901739376037,1.5251962127575889,-0.052234276233702547,1.1164682504182242,0.9048055324001227,0.6994306322113446,-0.8828162337175963,-1.3079781342757066,0.4617277333253637,-0.22345527558581418,1.4567505751247247,0.9841231756854657,0
-0.46546902347764374,-1.1099901739376037,-0.502969299721533,-0.14646738884486896,-0.7423290972289317,0.9048055324001227,-0.7257958293968509,-1.461440576166749,-1.5026752928927547,-0.7996548742607882,-0.4814607612315388,-2.075131182400434,0.9841231756854657,0
-0.8043672005990544,0.9009088760241706,0.8491410419312149,0.17902929022815786,-0.911310674287764,0.9048055324001227,-0.7257958293968509,1.4316811360790147,0.011262957732911642,-1.0289971665491795,-0.7394662468772634,0.7424374106814341,0.9841231756854657,0
-0.46546902347764374,-1.1099901739376037,-0.502969299721533,-0.4691372324633292,-0.06640278899360229,0.9048055324001227,0.3833470747257937,0.853056793629862,0.0045492626081859895,1.1497546101905376,-0.7394662468772634,0.9011736694466097,0.9841231756854657,0
0.21232733076517762,0.9009088760241706,0.8491410419312149,0.11647568556034654,0.4405419421828948,0.9048055324001227,0.06599664927436881,-0.3041918912684436,-0.9957913109759576,-0.34097028968400567,0.03455021005991044,-0.8449251769703227,-1.0161329645585022,0
-0.46546902347764374,0.9009088760241706,-1.179024470547907,-0.8702478118518018,-0.7423290972289317,0.9048055324001227,-0.9454390629802474,-0.3041918912684436,0.001192415045823164,0.1177142948927768,-0.4814607612315388,0.8614896047553159,-1.0161329645585022,0
-0.634918112038349,0.9009088760241706,-0.502969299721533,0.06038116302056723,-0.23538436605243465,-1.177851894974348,0.8577891279455886,-0.8828162337175963,0.5450017201486129,0.4617277333253637,-0.7394662468772634,-0.36871640067479566,-1.0161329645585022,0
-0.634918112038349,0.9009088760241706,0.8491410419312149,-0.8654153445384086,-0.06640278899360229,0.9048055324001227,-0.809567473640266,0.853056793629862,0.8773296288225392,0.4617277333253637,-0.4814607612315388,1.1194360252487263,0.9841231756854657,0
-0.8043672005990544,-1.1099901739376037,-0.502969299721533,-0.01845438217047396,-0.911310674287764,-1.177851894974348,-1.1574810887684,-1.461440576166749,0.007906110170548816,-1.2583394588375707,-0.7394662468772634,0.9408577341379036,0.9841231756854657,0
0.38177641932588297,-1.1099901739376037,-1.179024470547907,0.008408450836329141,0.4405419421828948,-1.177851894974348,0.8577891279455886,0.2744324511807092,-0.03908975570253134,0.5763988794695595,0.5505611813513597,-0.17029607721832604,0.9841231756854657,0
-0.46546902347764374,0.9009088760241706,-0.502969299721533,-0.18100531699647296,-0.911310674287764,0.9048055324001227,0.6994306322113446,0.2744324511807092,-0.6063969937418614,0.6910700256137552,-0.997471732522988,-0.38855843302044263,0.9841231756854657,0
-0.2960199349169384,0.9009088760241706,1.5251962127575889,1.2517422795403903,-0.5733475201700994,-1.177851894974348,0.20202659711008436,-0.8828162337175963,-0.3613471216893698,-0.7996548742607882,-0.4814607612315388,-0.24966420660091387,0.9841231756854657,0
-0.2960199349169384,0.9009088760241706,-1.179024470547907,0.5764918305663239,-0.5733475201700994,-1.177851894974348,-0.7257958293968509,1.4316811360790147,0.27981076272194366,-1.143668312693375,-0.22345527558581418,0.5638591195706114,-1.0161329645585022,0
-0.2960199349169384,-1.1099901739376037,-1.179024470547907,0.969658844403696,-0.404365943111267,-1.177851894974348,0.7627740305050422,1.4316811360790147,0.001192415045823164,-0.45564143582820127,-0.4814607612315388,1.4170665104334308,-1.0161329645585022,0
0.5512255078865883,-1.1099901739376037,-1.179024470547907,-0.4672263548655496,0.2715603651240624,0.9048055324001227,-0.8841543251310949,1.4316811360790147,-0.24050060944430565,-0.6849837281165926,0.8085666669970842,0.7027533459901402,0.9841231756854657,0
0.890123685007999,0.9009088760241706,-0.502969299721533,1.0226738534594502,0.6095235192417271,-1.177851894974348,-0.5674373336626071,0.853056793629862,-1.3583308477111502,-1.143668312693375,0.8085666669970842,0.9408577341379036,-1.0161329645585022,0
2.0762673049329363,0.9009088760241706,-1.179024470547907,-0.5826054600670213,1.6234129815947211,0.9048055324001227,-1.121692068732461,-1.461440576166749,-0.5157621095580628,-0.9143260204049839,0.8085666669970842,-0.8647672093159696,0.9841231756854657,0
0.38177641932588297,-1.1099901739376037,0.17308587110484092,1.7471333486705527,0.6095235192417271,-1.177851894974348,1.7881452903842718,-1.461440576166749,0.22610120172413728,-0.34097028968400567,0.5505611813513597,-0.11076998018138517,0.9841231756854657,0
-0.634918112038349,-1.1099901739376037,-1.179024470547907,0.7430382367331348,-0.404365943111267,-1.177851894974348,-0.5821646737658918,-1.461440576166749,0.0716862138554443,-1.0289971665491795,-0.7394662468772634,-0.15045404487267908,0.9841231756854657,0
-0.2960199349169384,-1.1099901739376037,0.8491410419312149,-0.48295556219933905,-0.911310674287764,0.9048055324001227,-1.121692068732461,1.4316811360790147,-1.365044542835876,-1.0289971665491795,-0.22345527558581418,-1.2219237915376149,0.9841231756854657,0
-0.9738162891597597,0.9009088760241706,-0.502969299721533,-0.6438325050801758,-0.911310674287764,0.9048055324001227,-0.5674373336626071,-0.8828162337175963,-0.7507414389234659,0.1177142948927768,-0.7394662468772634,-0.46792656240303043,0.9841231756854657,0
-0.634918112038349,0.9009088760241706,-1.179024470547907,-0.06700014858018162,-0.911310674287764,0.9048055324001227,-0.4090788379283631,0.2744324511807092,-0.21028898138303903,-0.570312581972397,-0.7394662468772634,0.16701847265767225,0.9841231756854657,0
-0.634918112038349,0.9009088760241706,-0.502969299721533,-0.29589485851586894,-0.404365943111267,0.9048055324001227,-0.2507203421941191,-0.8828162337175963,1.8978112877808604,-0.11162799739561437,-0.4814607612315388,-0.7853990799333818,0.9841231756854657,0
1.5679200392508204,-1.1099901739376037,1.5251962127575889,-0.5623122558261383,1.4544314045358888,0.9048055324001227,-0.09236184645987515,0.2744324511807092,0.2529559822230405,0.6910700256137552,2.872610552162881,-0.011559818453150373,-1.0161329645585022,0
-0.634918112038349,-1.1099901739376037,-1.179024470547907,2.3531658099498407,-0.911310674287764,0.9048055324001227,0.5250779284079421,-0.8828162337175963,-1.0797125000350298,-0.9143260204049839,-0.4814607612315388,-0.36871640067479566,-1.0161329645585022,0
-0.2960199349169384,0.9009088760241706,-1.179024470547907,-0.5563269450033409,-0.404365943111267,0.9048055324001227,-0.9474977234247925,-0.8828162337175963,0.8639022385730879,-0.6849837281165926,0.29255569570563505,-0.4877685947486774,0.9841231756854657,0
0.38177641932588297,0.9009088760241706,-1.179024470547907,-0.39195988684060923,0.10257878806523006,0.9048055324001227,-0.5674373336626071,-0.8828162337175963,0.42079836034118534,-0.34097028968400567,0.5505611813513597,-0.30919030363785477,0.9841231756854657,0
-0.12657084635623306,0.9009088760241706,-1.179024470547907,0.11619142277720577,-0.404365943111267,0.9048055324001227,-0.09236184645987515,-0.8828162337175963,1.380856763176974,-0.45564143582820127,-0.22345527558581418,-0.7853990799333818,0.9841231756854657,0
0.0428782422044723,0.9009088760241706,-1.179024470547907,0.5929632796116476,0.4405419421828948,-1.177851894974348,0.7908034842500035,1.4316811360790147,0.9108981044461687,-0.2262991435398101,0.5505611813513597,1.317856348705196,0.9841231756854657,0
-0.46546902347764374,0.9009088760241706,-0.502969299721533,0.9008672508836287,-0.911310674287764,-1.177851894974348,-0.5017185579328958,-1.461440576166749,-0.6903181828009338,-1.0289971665491795,0.03455021005991044,-0.686188918205147,0.9841231756854657,0
0.0428782422044723,0.9009088760241706,1.5251962127575889,0.2691405924837831,0.2715603651240624,-1.177851894974348,0.8577891279455886,-0.3041918912684436,0.82026322026237,0.1177142948927768,0.5505611813513597,1.6353288662355472,-1.0161329645585022,0
-0.2960199349169384,0.9009088760241706,0.8491410419312149,0.11709158825715155,-0.7423290972289317,-1.177851894974348,0.06599664927436881,-0.8828162337175963,1.286865031430813,-0.34097028968400567,-0.7394662468772634,-0.24966420660091387,-1.0161329645585022,0
2.415165482054347,-1.1099901739376037,-1.179024470547907,-0.7451563948930203,2.4683208668888827,0.9048055324001227,-0.7257958293968509,0.2744324511807092,-0.19686159113358773,0.1177142948927768,1.066572152642809,1.1194360252487263,-1.0161329645585022,0
2.5846145706150523,0.9009088760241706,0.8491410419312149,0.45678561411037594,2.130357712771218,-1.177851894974348,2.251660607398404,-0.3041918912684436,0.14553686022742765,0.9204123179021463,1.3245776382885335,0.9408577341379036,0.9841231756854657,0
1.0595727735687044,0.9009088760241706,1.5251962127575889,0.11685470260453425,0.7785050963005594,0.9048055324001227,1.6495816066168083,1.4316811360790147,0.06161567116835522,1.035083464046342,0.29255569570563505,1.1194360252487263,-1.0161329645585022,0
-0.2960199349169384,-1.1099901739376037,-0.502969299721533,-0.2963528374442624,-0.5733475201700994,0.9048055324001227,0.5410721364771007,0.2744324511807092,0.0851136041048956,0.8057411717579506,-0.7394662468772634,-0.7060309505507939,0.9841231756854657,0
0.890123685007999,-1.1099901739376037,-1.179024470547907,0.42126855859462037,0.7785050963005594,-1.177851894974348,0.710040651425539,1.4316811360790147,1.6997572816014495,-0.11162799739561437,0.8085666669970842,1.1789621222856672,-1.0161329645585022,0
-0.12657084635623306,0.9009088760241706,-1.179024470547907,-0.10556513282627988,-0.404365943111267,0.9048055324001227,0.06599664927436881,0.853056793629862,0.790051592201104,0.003043148748581378,0.29255569570563505,0.6432272489531993,-1.0161329645585022,0
2.0762673049329363,-1.1099901739376037,0.8491410419312149,-0.4490177443676989,2.2993392898300504,-1.177851894974348,-0.3316415335143178,-0.8828162337175963,0.4174415127788225,0.1177142948927768,1.3245776382885335,1.1789621222856672,0.9841231756854657,0
0.0428782422044723,-1.1099901739376037,-1.179024470547907,0.7439384022130806,-0.06640278899360229,-1.177851894974348,-0.7257958293968509,0.853056793629862,-0.5124052619956999,-1.143668312693375,-0.4814607612315388,-0.6266628211682062,0.9841231756854657,0
-0.9738162891597597,0.9009088760241706,-1.179024470547907,0.06935123306634275,-0.911310674287764,0.9048055324001227,-0.15206299935168513,0.2744324511807092,0.13210946997797635,-0.45564143582820127,-0.4814607612315388,0.06780831092943747,0.9841231756854657,0
1.398470950690115,-1.1099901739376037,-0.502969299721533,1.711095144719039,0.6095235192417271,-1.177851894974348,-1.2076807319161553,-1.461440576166749,-1.0528577195361266,-1.487681751125962,2.098594095225707,-0.17029607721832604,0.9841231756854657,0
-0.46546902347764374,-1.1099901739376037,-0.502969299721533,0.7416958847016367,-0.404365943111267,-1.177851894974348,0.38271364074285674,-1.461440576166749,0.6188523665205963,-0.570312581972397,-0.7394662468772634,-1.2616078562289088,-1.0161329645585022,0
1.0595727735687044,-1.1099901739376037,0.8491410419312149,-0.2377789117404219,1.1164682504182242,0.9048055324001227,-1.0266769712919146,0.2744324511807092,-1.0427871768490378,-1.0289971665491795,0.03455021005991044,0.7622794430270811,0.9841231756854657,0
0.5512255078865883,-1.1099901739376037,-0.502969299721533,-0.5181567701782716,0.10257878806523006,0.9048055324001227,-0.3298995900612411,0.2744324511807092,-0.37141766437645823,0.23238544103697253,0.03455021005991044,-2.0552891500547874,0.9841231756854657,0
3.0929618362971683,-1.1099901739376037,0.17308587110484092,-0.35549528871438446,3.3132287521830444,-1.177851894974348,-0.5674373336626071,1.4316811360790147,-1.2979075915886182,-0.45564143582820127,2.356599580871432,1.1392780575943733,-1.0161329645585022,0
-0.634918112038349,-1.1099901739376037,-1.179024470547907,0.4597229962028306,-0.5733475201700994,-1.177851894974348,-0.7257958293968509,-0.3041918912684436,-0.8514468657943525,-1.0289971665491795,-0.4814607612315388,-0.5274526594399713,0.9841231756854657,0
-0.634918112038349,0.9009088760241706,0.8491410419312149,0.2730886866940716,-0.404365943111267,0.9048055324001227,0.7640408984709162,0.2744324511807092,0.22274435416177443,0.1177142948927768,-0.7394662468772634,-3.3648632848674866,0.9841231756854657,0
0.5512255078865883,0.9009088760241706,-0.502969299721533,-0.8592089404398351,0.6095235192417271,0.9048055324001227,-0.963333572998217,0.2744324511807092,-0.3042807131292006,0.003043148748581378,0.5505611813513597,1.4964346398160184,-1.0161329645585022,0
0.38177641932588297,-1.1099901739376037,0.8491410419312149,0.7476969879012754,0.2715603651240624,0.9048055324001227,0.6962634622966598,-0.3041918912684436,0.03140404310708919,-0.34097028968400567,0.03455021005991044,-1.4203441149940845,0.9841231756854657,0
0.5512255078865883,0.9009088760241706,-0.502969299721533,0.04991081717488208,0.6095235192417271,-1.177851894974348,0.8577891279455886,-0.8828162337175963,0.24624228709831483,0.4617277333253637,0.03455021005991044,0.6432272489531993,-1.0161329645585022,0
-0.46546902347764374,0.9009088760241706,0.8491410419312149,-0.6614567976349037,-0.23538436605243465,-1.177851894974348,-0.3249904766934795,0.853056793629862,-0.6298949266784012,0.6910700256137552,0.03455021005991044,0.8614896047553159,0.9841231756854657,0
-0.634918112038349,0.9009088760241706,-1.179024470547907,0.27210955932992004,-0.7423290972289317,-1.177851894974348,-0.7592094719967765,-0.3041918912684436,-1.1703473842188281,-1.0289971665491795,-0.4814607612315388,0.3654387961141419,-1.0161329645585022,0
-0.2960199349169384,0.9009088760241706,0.8491410419312149,0.07985316366571021,-0.23538436605243465,-1.177851894974348,-1.2008713165995828,1.4316811360790147,0.44765314084008856,-1.3730106049817663,-0.997471732522988,0.10749237562073138,-1.0161329645585022,0
0.7206745964472937,-1.1099901739376037,-1.179024470547907,0.8412352359314309,0.6095235192417271,-1.177851894974348,2.4413740852880284,-0.8828162337175963,0.10189784191671032,0.5763988794695595,0.5505611813513597,0.801963507718375,0.9841231756854657,0
0.0428782422044723,0.9009088760241706,-1.179024470547907,0.9489392459881019,-0.404365943111267,-1.177851894974348,0.38271364074285674,0.853056793629862,0.7531262690151123,-0.570312581972397,0.03455021005991044,0.7027533459901402,-1.0161329645585022,0
-0.2960199349169384,0.9009088760241706,0.8491410419312149,-0.030693474222368372,-0.5733475201700994,-1.177851894974348,-1.0049818573763232,-0.8828162337175963,-1.274409658652078,-1.143668312693375,0.03455021005991044,0.7225953783357871,-1.0161329645585022,0
4.279105456222106,0.9009088760241706,0.17308587110484092,0.39805376463812386,4.327118214536038,0.9048055324001227,0.8577891279455886,-0.3041918912684436,-0.8413763231072641,0.003043148748581378,3.90463249474578,2.4488521924070725,0.9841231756854657,0
-0.9738162891597597,0.9009088760241706,1.5251962127575889,-0.38562714372730644,-0.911310674287764,0.9048055324001227,-0.8858962685841716,-1.461440576166749,-1.1199946707833845,-0.7996548742607882,-0.4814607612315388,-0.44808453005738347,0.9841231756854657,0
-0.8043672005990544,0.9009088760241706,0.8491410419312149,0.3640527772991191,-0.404365943111267,-1.177851894974348,0.06599664927436881,0.2744324511807092,0.05490197604362957,-0.45564143582820127,-0.7394662468772634,-1.9362369559809054,0.9841231756854657,0
1.2290218621294098,0.9009088760241706,-0.502969299721533,-0.47043220736430386,1.4544314045358888,-1.177851894974348,0.06599664927436881,-0.3041918912684436,0.2193875065994116,0.6910700256137552,1.066572152642809,0.5837011519162584,0.9841231756854657,0
-0.12657084635623306,0.9009088760241706,-0.502969299721533,-0.4566612547588175,-0.5733475201700994,0.9048055324001227,-1.1375279183058853,0.853056793629862,0.041474585794178266,-1.0289971665491795,-0.22345527558581418,-0.46792656240303043,-1.0161329645585022,0
-0.8043672005990544,-1.1099901739376037,-1.179024470547907,-0.47408024641461044,-0.23538436605243465,0.9048055324001227,-0.7257958293968509,-0.8828162337175963,0.001192415045823164,-0.45564143582820127,-0.997471732522988,-0.15045404487267908,0.9841231756854657,0
-0.9738162891597597,0.9009088760241706,1.5251962127575889,-0.2026566656456952,-0.911310674287764,0.9048055324001227,-0.5674373336626071,-0.8828162337175963,-0.7574551340481915,-0.570312581972397,-0.7394662468772634,0.8416475724096689,-1.0161329645585022,0
0.38177641932588297,0.9009088760241706,-0.502969299721533,1.1272035957710491,0.2715603651240624,-1.177851894974348,2.2830155895537843,1.4316811360790147,-1.0830693475973925,0.23238544103697253,0.29255569570563505,0.2463866020402601,-1.0161329645585022,0
-0.12657084635623306,-1.1099901739376037,-0.502969299721533,-0.20373054727089368,-0.404365943111267,0.9048055324001227,-0.7257958293968509,-0.8828162337175963,0.7934084397634668,-0.7996548742607882,-0.22345527558581418,-0.09092794783573821,0.9841231756854657,0
0.890123685007999,-1.1099901739376037,0.8491410419312149,-0.6817657942526278,0.4405419421828948,0.9048055324001227,-1.34181037780306,1.4316811360790147,-1.0461440244114009,-1.2583394588375707,0.8085666669970842,-0.7853990799333818,0.9841231756854657,0
-0.9738162891597597,-1.1099901739376037,0.8491410419312149,-0.6770754583308051,-0.911310674287764,0.9048055324001227,-0.646616581529729,0.853056793629862,0.24288543953595199,0.1177142948927768,-0.7394662468772634,-2.2140254088199627,0.9841231756854657,0
-0.12657084635623306,-1.1099901739376037,-1.179024470547907,-0.5292272263439205,-0.23538436605243465,0.9048055324001227,-1.0014979704701696,-0.8828162337175963,0.1119683846037988,-0.7996548742607882,-0.4814607612315388,0.8614896047553159,0.9841231756854657,0
-0.634918112038349,0.9009088760241706,1.5251962127575889,-0.6739643600930977,-0.5733475201700994,0.9048055324001227,-0.5674373336626071,0.2744324511807092,-1.173704231781191,0.23238544103697253,-0.7394662468772634,1.694854963272488,0.9841231756854657,0
-0.634918112038349,-1.1099901739376037,0.8491410419312149,-0.2995113128124932,-0.911310674287764,-1.177851894974348,-0.5674373336626071,0.853056793629862,-1.1804179269059165,-0.45564143582820127,-0.4814607612315388,-0.6266628211682062,-1.0161329645585022,0
-0.9738162891597597,-1.1099901739376037,-1.179024470547907,-0.7674552309927299,-0.911310674287764,0.21058638994196582,-0.7257958293968509,1.4316811360790147,-0.885015341417982,0.23238544103697253,-0.997471732522988,-1.102871597463733,-1.0161329645585022,0
0.7206745964472937,0.9009088760241706,-0.502969299721533,0.5730017152844288,0.9474866733593919,-1.177851894974348,-0.2507203421941191,0.2744324511807092,0.09518414679198407,-0.7996548742607882,0.29255569570563505,0.38528082845978884,0.9841231756854657,0
1.7373691278115257,-1.1099901739376037,-1.179024470547907,-0.7918070760817895,2.2993392898300504,-1.177851894974348,-1.2800505644667048,-1.461440576166749,-0.29421017044211145,-1.0289971665491795,2.098594095225707,0.5638591195706114,0.9841231756854657,0
0.7206745964472937,0.9009088760241706,-0.502969299721533,2.1790074781455937,0.6095235192417271,-1.177851894974348,-0.3940347808336099,0.2744324511807092,-1.274409658652078,-1.2583394588375707,0.03455021005991044,-0.6266628211682062,-1.0161329645585022,0
-0.634918112038349,0.9009088760241706,0.8491410419312149,0.07773698516899558,-0.5733475201700994,-0.4836327525161911,-0.09236184645987515,0.853056793629862,0.27645391515958084,-0.34097028968400567,-0.7394662468772634,-0.190138109563973,0.9841231756854657,0
1.2290218621294098,-1.1099901739376037,1.5251962127575889,-0.5679975114889538,1.1164682504182242,0.9048055324001227,-0.5674373336626071,-1.461440576166749,0.7967652873258302,0.003043148748581378,0.8085666669970842,0.5241750548793175,0.9841231756854657,0
0.5512255078865883,0.9009088760241706,1.5251962127575889,-0.08574569989063151,0.4405419421828948,0.9048055324001227,-0.5674373336626071,-0.3041918912684436,-0.13643833501105568,-0.6849837281165926,0.03455021005991044,-0.24966420660091387,-1.0161329645585022,0
0.0428782422044723,0.9009088760241706,0.8491410419312149,0.5772498646546993,-0.06640278899360229,-1.177851894974348,2.9782093858271157,-0.3041918912684436,-1.0058618536630461,1.1497546101905376,1.066572152642809,0.16701847265767225,0.9841231756854657,0
-0.46546902347764374,0.9009088760241706,0.8491410419312149,-0.3284745319391698,-0.5733475201700994,0.9048055324001227,-0.2507203421941191,0.2744324511807092,1.3372177448662566,0.003043148748581378,-0.4814607612315388,-0.5076106270943244,0.9841231756854657,0
0.38177641932588297,0.9009088760241706,-0.502969299721533,2.1636572878559917,0.6095235192417271,-1.177851894974348,1.658449682377926,-0.8828162337175963,0.15896425047687956,-0.570312581972397,0.5505611813513597,1.4765926074703717,-1.0161329645585022,0
0.5512255078865883,0.9009088760241706,-1.179024470547907,-0.6080469791581206,0.4405419421828948,0.9048055324001227,-0.7257958293968509,1.4316811360790147,-0.717172963299837,-0.2262991435398101,0.29255569570563505,1.3972244780877838,-1.0161329645585022,0
-0.12657084635623306,0.9009088760241706,-0.502969299721533,-0.5612699589546222,-0.404365943111267,-1.177851894974348,-0.8841543251310949,0.853056793629862,-0.5661148229935064,-0.570312581972397,0.03455021005991044,0.7027533459901402,-1.0161329645585022,0
-0.8043672005990544,-1.1099901739376037,0.8491410419312149,-0.5607646028957052,-0.911310674287764,0.9048055324001227,-0.4090788379283631,-0.8828162337175963,-0.9957913109759576,0.23238544103697253,-0.4814607612315388,0.08765034327508442,0.9841231756854657,0
2.0762673049329363,-1.1099901739376037,-1.179024470547907,0.3579095427079102,1.9613761357123858,-1.177851894974348,0.06599664927436881,-0.8828162337175963,0.7531262690151123,-0.45564143582820127,1.582583123934258,0.782121475372728,-1.0161329645585022,0
-0.12657084635623306,0.9009088760241706,1.5251962127575889,-0.5438351749219881,-0.23538436605243465,0.9048055324001227,-0.25325407812586703,-0.8828162337175963,-0.005521280078902488,0.4617277333253637,1.066572152642809,0.9210157017922567,0.9841231756854657,0
-0.8043672005990544,-1.1099901739376037,1.5251962127575889,-0.2968108163726559,-0.23538436605243465,0.9048055324001227,-0.5674373336626071,0.2744324511807092,0.1757484882886937,-0.45564143582820127,-0.7394662468772634,-0.24966420660091387,0.9841231756854657,0
-0.2960199349169384,-1.1099901739376037,-0.502969299721533,0.9378214126919293,-0.404365943111267,-1.177851894974348,1.6495816066168083,-0.8828162337175963,-0.5459737376193288,0.003043148748581378,-0.997471732522988,-0.5671367241312653,-1.0161329645585022,0
0.5512255078865883,-1.1099901739376037,1.5251962127575889,-0.1704244245128997,0.6095235192417271,-1.177851894974348,2.0499118838329773,-0.8828162337175963,-0.4956210241838858,2.1817949254882985,0.29255569570563505,1.317856348705196,0.9841231756854657,0
0.0428782422044723,0.9009088760241706,-0.502969299721533,-0.360675188318283,-0.06640278899360229,-1.177851894974348,-0.3298995900612411,1.4316811360790147,-0.6533928596149416,-0.11162799739561437,0.29255569570563505,0.14717644031202531,0.9841231756854657,0
0.890123685007999,0.9009088760241706,-1.179024470547907,-0.11254536339007,0.2715603651240624,0.9048055324001227,-0.09236184645987515,-0.3041918912684436,-0.8447331706696268,-0.2262991435398101,0.03455021005991044,0.5638591195706114,0.9841231756854657,0
0.21232733076517762,-1.1099901739376037,-1.179024470547907,0.7215921889828476,0.6095235192417271,-1.177851894974348,1.3328646151483206,1.4316811360790147,-0.2606416948184826,0.003043148748581378,0.29255569570563505,0.6035431842619053,0.9841231756854657,0
-0.46546902347764374,0.9009088760241706,0.8491410419312149,-0.035368017767349984,-0.404365943111267,-1.177851894974348,-0.5674373336626071,-0.8828162337175963,-0.13643833501105568,-0.6849837281165926,-0.22345527558581418,-0.6663468858595001,0.9841231756854657,0
-0.46546902347764374,-1.1099901739376037,0.8491410419312149,-0.3070126918120414,-0.23538436605243465,0.9048055324001227,-1.1338856729039977,-1.461440576166749,-1.1804179269059165,-1.143668312693375,-0.997471732522988,1.0797519605574324,-1.0161329645585022,0
0.7206745964472937,-1.1099901739376037,1.5251962127575889,-0.5831739856333029,0.6095235192417271,0.9048055324001227,-0.7257958293968509,0.2744324511807092,-0.7037455730503852,-0.2262991435398101,-0.22345527558581418,-1.2814498885745558,0.9841231756854657,0
-0.2960199349169384,0.9009088760241706,-0.502969299721533,-0.5667025365879792,0.2715603651240624,0.9048055324001227,0.06599664927436881,0.853056793629862,0.001192415045823164,1.035083464046342,-0.7394662468772634,-0.07108591549009124,0.9841231756854657,0
0.5512255078865883,-1.1099901739376037,-1.179024470547907,-0.747683175187605,0.7785050963005594,0.9048055324001227,-0.4090788379283631,-0.8828162337175963,-0.15993626794759605,0.8057411717579506,0.5505611813513597,-1.102871597463733,-1.0161329645585022,0
0.0428782422044723,-1.1099901739376037,-0.502969299721533,-0.4469331506246666,-0.23538436605243465,0.9048055324001227,-0.646616581529729,-0.8828162337175963,-0.37813135950118393,-0.34097028968400567,0.03455021005991044,-0.5472946917856183,-1.0161329645585022,0
-0.2960199349169384,-1.1099901739376037,0.8491410419312149,-0.3927337133058258,-0.404365943111267,-1.177851894974348,0.06599664927436881,-0.3041918912684436,1.1559479764986598,0.4617277333253637,-0.7394662468772634,0.0479662785837905,0.9841231756854657,0
-0.2960199349169384,-1.1099901739376037,-0.502969299721533,0.0732203653924255,-0.23538436605243465,0.9048055324001227,-0.6307807319563046,0.2744324511807092,-1.3180486769627955,-0.7996548742607882,0.03455021005991044,0.8416475724096689,0.9841231756854657,0
-1.143265377720465,-1.1099901739376037,-1.179024470547907,-0.8686527817908453,-0.911310674287764,0.9048055324001227,-1.121692068732461,-0.8828162337175963,0.9343960373827085,-0.45564143582820127,-0.4814607612315388,-1.0036614357354983,0.9841231756854657,0
0.0428782422044723,0.9009088760241706,-1.179024470547907,3.012402788806977,-0.06640278899360229,-1.177851894974348,1.4983492431906054,0.853056793629862,-0.4452683107484422,-0.7996548742607882,0.5505611813513597,0.6233852166075523,-1.0161329645585022,0
0.890123685007999,0.9009088760241706,-0.502969299721533,0.08187458790137794,0.7785050963005594,0.9048055324001227,-0.015716334524501076,-0.8828162337175963,-0.018948670328354386,-0.34097028968400567,0.29255569570563505,0.4844909901880236,0.9841231756854657,0
0.21232733076517762,-1.1099901739376037,-1.179024470547907,-0.602251176857417,-0.5733475201700994,0.9048055324001227,-0.7257958293968509,-0.8828162337175963,0.011262957732911642,-0.2262991435398101,0.8085666669970842,0.26622863438590705,0.9841231756854657,0
0.0428782422044723,0.9009088760241706,1.5251962127575889,-0.5996296423017854,-0.06640278899360229,0.9048055324001227,-0.646616581529729,0.853056793629862,0.23281489684886292,-0.11162799739561437,-0.22345527558581418,-1.182239726846321,0.9841231756854657,0
0.38177641932588297,-1.1099901739376037,0.8491410419312149,-0.29996929174088666,-0.06640278899360229,0.9048055324001227,-0.8480485881036873,0.2744324511807092,0.5416448725862495,-0.7996548742607882,0.29255569570563505,0.22654456969461315,0.9841231756854657,0
0.21232733076517762,0.9009088760241706,-0.502969299721533,-0.30609673395525444,0.4405419421828948,0.9048055324001227,0.2482672778644836,1.4316811360790147,0.4812216164637174,0.4617277333253637,0.29255569570563505,-0.17029607721832604,0.9841231756854657,0
-0.12657084635623306,0.9009088760241706,0.8491410419312149,-0.3900016321123061,-0.06640278899360229,0.9048055324001227,-0.9503481763480089,1.4316811360790147,0.13210946997797635,-0.9143260204049839,-0.4814607612315388,0.18686050500331922,0.9841231756854657,0
-0.634918112038349,-1.1099901739376037,0.8491410419312149,-0.6398844108698872,-0.5733475201700994,-1.177851894974348,-0.5674373336626071,1.4316811360790147,-1.361687695273513,0.1177142948927768,-0.4814607612315388,-1.658448503141848,0.9841231756854657,0
-0.46546902347764374,-1.1099901739376037,-0.502969299721533,0.6674717135482126,0.10257878806523006,-1.177851894974348,0.8577891279455886,-0.8828162337175963,1.0048898361923295,-0.2262991435398101,-0.7394662468772634,-0.11076998018138517,-1.0161329645585022,0
-0.46546902347764374,-1.1099901739376037,-1.179024470547907,-0.10984486695023264,-0.7423290972289317,0.9048055324001227,0.06599664927436881,0.2744324511807092,0.43758259815300005,0.003043148748581378,-0.997471732522988,-0.2893482712922078,-1.0161329645585022,0
-0.8043672005990544,0.9009088760241706,1.5251962127575889,-0.5656444473396218,-0.911310674287764,-1.177851894974348,0.38271364074285674,0.2744324511807092,-0.8313057804201756,1.4937680486231246,-0.7394662468772634,-0.5671367241312653,0.9841231756854657,0
-0.8043672005990544,0.9009088760241706,-0.502969299721533,0.7635209494961117,-0.911310674287764,-1.177851894974348,-0.16362316954028494,0.2744324511807092,-0.37813135950118393,-0.7996548742607882,-0.997471732522988,-2.134657279437375,0.9841231756854657,0
0.21232733076517762,-1.1099901739376037,0.8491410419312149,-0.2635994478757088,0.6095235192417271,0.9048055324001227,0.06599664927436881,0.853056793629862,-0.9219406646039736,0.23238544103697253,0.03455021005991044,-1.8370267942526706,0.9841231756854657,0
-0.9738162891597597,0.9009088760241706,-0.502969299721533,-0.11191366831642383,-0.911310674287764,0.9048055324001227,-0.7257958293968509,0.853056793629862,0.830333762949459,-0.7996548742607882,-0.997471732522988,0.0479662785837905,0.9841231756854657,0
0.7206745964472937,0.9009088760241706,0.8491410419312149,-0.45362911840531595,1.1164682504182242,0.9048055324001227,-0.4090788379283631,1.4316811360790147,-0.9118701219168851,0.003043148748581378,0.5505611813513597,0.9210157017922567,0.9841231756854657,0
1.906818216372231,-1.1099901739376037,-1.179024470547907,0.8415826682219364,1.9613761357123858,0.9048055324001227,0.5410721364771007,-1.461440576166749,-0.4251272253742647,-0.45564143582820127,2.6146050665171567,-0.2893482712922078,-1.0161329645585022,0
-0.2960199349169384,0.9009088760241706,0.8491410419312149,-0.14450913411656585,0.10257878806523006,0.9048055324001227,-1.289235357219291,-0.8828162337175963,0.8001221348881931,-1.3730106049817663,0.03455021005991044,-0.8250831446246757,0.9841231756854657,0
0.890123685007999,-1.1099901739376037,-0.502969299721533,0.17680256509355516,0.7785050963005594,-1.177851894974348,-0.5674373336626071,0.2744324511807092,-1.1032104329715702,-0.7996548742607882,0.29255569570563505,0.40512286080543575,0.9841231756854657,0
-0.9738162891597597,-1.1099901739376037,-0.502969299721533,-0.5650285446428168,-0.5733475201700994,0.9048055324001227,-0.5674373336626071,-0.8828162337175963,-1.173704231781191,0.003043148748581378,-0.4814607612315388,1.2186461869769611,-1.0161329645585022,0
-0.12657084635623306,0.9009088760241706,-1.179024470547907,-0.6570981016267452,-0.23538436605243465,0.9048055324001227,-0.7257958293968509,1.4316811360790147,0.9948192935052411,-0.11162799739561437,-0.22345527558581418,0.20670253734896618,0.9841231756854657,0
0.0428782422044723,0.9009088760241706,-1.179024470547907,1.2211366532222336,0.2715603651240624,-1.177851894974348,-0.4090788379283631,1.4316811360790147,-0.6399654693654903,-1.143668312693375,-0.7394662468772634,-0.26950623894656084,0.9841231756854657,0
-0.634918112038349,-1.1099901739376037,0.8491410419312149,-0.43098285001510095,-0.7423290972289317,0.9048055324001227,-1.042512820865339,-0.8828162337175963,0.622209214082959,-0.9143260204049839,-0.4814607612315388,0.2463866020402601,-1.0161329645585022,0
-0.2960199349169384,0.9009088760241706,-0.502969299721533,0.7351736330662402,-0.5733475201700994,0.9048055324001227,0.38271364074285674,0.853056793629862,0.4946490067131693,-0.570312581972397,-0.7394662468772634,0.6233852166075523,-1.0161329645585022,0
1.0595727735687044,0.9009088760241706,0.8491410419312149,-0.15407931448230525,0.4405419421828948,-1.177851894974348,1.1596204208150576,-0.8828162337175963,-0.9118701219168851,1.1497546101905376,0.5505611813513597,1.0202258635204915,-1.0161329645585022,0
1.398470950690115,-1.1099901739376037,-1.179024470547907,-0.013779838625492348,0.7785050963005594,-1.177851894974348,-0.09236184645987515,-0.8828162337175963,-0.8548037133567153,-0.34097028968400567,1.582583123934258,0.821805540064022,0.9841231756854657,0
-0.634918112038349,-1.1099901739376037,-0.502969299721533,2.549228168432769,-0.911310674287764,-1.177851894974348,0.38271364074285674,1.4316811360790147,0.635636604332411,-1.0289971665491795,-0.997471732522988,0.16701847265767225,0.9841231756854657,0
0.7206745964472937,0.9009088760241706,-0.502969299721533,-0.3364812669976349,0.4405419421828948,-1.177851894974348,1.6495816066168083,0.853056793629862,0.9411097325074347,2.2964660716324943,1.066572152642809,0.286070666731554,0.9841231756854657,0
-0.12657084635623306,-1.1099901739376037,-1.179024470547907,4.448387822596277,0.10257878806523006,-1.177851894974348,1.6495816066168083,-0.3041918912684436,-0.7574551340481915,-0.9143260204049839,0.03455021005991044,0.821805540064022,0.9841231756854657,0
0.5512255078865883,0.9009088760241706,-1.179024470547907,1.0306174190105508,0.10257878806523006,-1.177851894974348,-0.3298995900612411,-1.461440576166749,1.585624464481111,-1.0289971665491795,0.5505611813513597,-1.4401861473397315,-1.0161329645585022,0
-0.9738162891597597,-1.1099901739376037,1.5251962127575889,-0.2243238066717586,-0.911310674287764,-1.177851894974348,-1.042512820865339,-1.461440576166749,-0.03908975570253134,-1.0289971665491795,-0.4814607612315388,-1.0235034680811452,0.9841231756854657,0
-0.634918112038349,-1.1099901739376037,-0.502969299721533,-0.5860166134647106,-0.404365943111267,0.9048055324001227,-0.4090788379283631,1.4316811360790147,-0.35799027412700696,0.23238544103697253,-0.7394662468772634,0.06780831092943747,0.9841231756854657,0
-0.2960199349169384,-1.1099901739376037,-0.502969299721533,0.13405260098455105,-0.911310674287764,-1.177851894974348,-1.1448124091096605,0.2744324511807092,0.20260326878759688,-1.2583394588375707,0.03455021005991044,0.6829113136444932,0.9841231756854657,0
-0.634918112038349,0.9009088760241706,-1.179024470547907,0.08479617761699144,-0.404365943111267,-1.177851894974348,0.6994306322113446,1.4316811360790147,-1.7074429941968916,0.23238544103697253,-0.7394662468772634,0.7225953783357871,0.9841231756854657,0
-0.9738162891597597,0.9009088760241706,-1.179024470547907,0.17170162737386238,-0.5733475201700994,-1.177851894974348,2.4413740852880284,1.4316811360790147,0.011262957732911642,1.6084391947673204,-0.997471732522988,-0.40840046536608954,0.9841231756854657,0
1.398470950690115,-1.1099901739376037,0.8491410419312149,0.838266269085294,0.6095235192417271,-1.177851894974348,2.4413740852880284,-1.461440576166749,-0.005521280078902488,0.5763988794695595,1.582583123934258,-1.3409759856114967,0.9841231756854657,0
-0.634918112038349,-1.1099901739376037,-1.179024470547907,-0.5652654302954342,-0.7423290972289317,0.9048055324001227,-0.7257958293968509,-0.8828162337175963,-0.015591822765990965,-0.34097028968400567,-0.4814607612315388,0.0479662785837905,0.9841231756854657,0
0.21232733076517762,0.9009088760241706,-0.502969299721533,1.0264640239013272,0.6095235192417271,-1.177851894974348,1.365011389782372,0.853056793629862,-0.27742593263029736,-0.11162799739561437,0.5505611813513597,1.298014316359549,-1.0161329645585022,0
-0.634918112038349,-1.1099901739376037,0.8491410419312149,-0.9708768370836357,-0.5733475201700994,0.9048055324001227,-1.2270004683957332,0.2744324511807092,-0.37141766437645823,-0.45564143582820127,-0.7394662468772634,0.8416475724096689,-1.0161329645585022,0
-0.2960199349169384,0.9009088760241706,0.8491410419312149,-0.4803814047742309,-0.404365943111267,-1.177851894974348,-0.4869912178296111,1.4316811360790147,-0.4956210241838858,-0.11162799739561437,-0.22345527558581418,-0.8250831446246757,0.9841231756854657,0
1.5679200392508204,0.9009088760241706,0.8491410419312149,-0.39608169719615044,1.4544314045358888,-1.177851894974348,-0.5069443882921258,0.853056793629862,-1.1770610793435539,-0.2262991435398101,2.356599580871432,-1.9759210206721993,0.9841231756854657,0
-0.8043672005990544,0.9009088760241706,-0.502969299721533,-0.6788757892906966,-0.7423290972289317,0.9048055324001227,-1.042512820865339,1.4316811360790147,-0.8917290365427076,-0.6849837281165926,-0.7394662468772634,0.9805417988291976,0.9841231756854657,0
-0.46546902347764374,0.9009088760241706,-0.502969299721533,-0.7462934460255835,-0.7423290972289317,0.9048055324001227,-1.191211448359794,0.853056793629862,0.5382880250238866,-0.9143260204049839,-0.4814607612315388,1.3972244780877838,-1.0161329645585022,0
-0.9738162891597597,0.9009088760241706,0.8491410419312149,0.0837854654991576,-0.5733475201700994,-1.177851894974348,-0.09236184645987515,-0.8828162337175963,0.7430557263280237,-0.34097028968400567,-0.997471732522988,-2.134657279437375,0.9841231756854657,0
0.0428782422044723,0.9009088760241706,-0.502969299721533,-0.6020300835816409,0.10257878806523006,0.9048055324001227,-0.5674373336626071,1.4316811360790147,0.1119683846037988,0.003043148748581378,0.03455021005991044,0.26622863438590705,0.9841231756854657,0
-0.634918112038349,-1.1099901739376037,-0.502969299721533,-0.036094467102043074,-0.7423290972289317,-1.177851894974348,-0.4090788379283631,0.2744324511807092,-0.3680608168140954,-0.570312581972397,-0.22345527558581418,-0.190138109563973,0.9841231756854657,0
-0.46546902347764374,-1.1099901739376037,-1.179024470547907,0.7602203427363105,-0.5733475201700994,-1.177851894974348,-0.7839133973313185,-0.3041918912684436,-0.9252975121663365,-1.143668312693375,-0.7394662468772634,1.1789621222856672,0.9841231756854657,0
-0.12657084635623306,0.9009088760241706,-1.179024470547907,-0.004825560956557983,-0.404365943111267,0.9048055324001227,0.23702382466735228,-0.3041918912684436,-0.6097538413042243,0.003043148748581378,0.03455021005991044,0.16701847265767225,-1.0161329645585022,0
-0.634918112038349,-1.1099901739376037,-1.179024470547907,-0.1094500575292038,-0.404365943111267,-1.177851894974348,-1.042512820865339,-1.461440576166749,-1.3113349818380697,-1.143668312693375,-0.7394662468772634,-0.051243883144444294,0.9841231756854657,0
0.21232733076517762,0.9009088760241706,1.5251962127575889,-0.012342732332947326,0.10257878806523006,-1.177851894974348,0.8577891279455886,-0.8828162337175963,0.23617174441122635,0.5763988794695595,0.8085666669970842,0.5241750548793175,0.9841231756854657,0
2.0762673049329363,-1.1099901739376037,-1.179024470547907,-0.2979004903746955,2.637302443947715,0.9048055324001227,-0.8841543251310949,1.4316811360790147,0.43758259815300005,-0.7996548742607882,0.5505611813513597,1.317856348705196,0.9841231756854657,0
1.2290218621294098,0.9009088760241706,-0.502969299721533,1.1439593075995136,0.4405419421828948,-1.177851894974348,0.03970913898248431,0.2744324511807092,0.5584291103980642,-0.9143260204049839,0.03455021005991044,-0.2893482712922078,-1.0161329645585022,0
0.7206745964472937,-1.1099901739376037,0.8491410419312149,-0.10610207363887914,1.2854498274770565,-1.177851894974348,-0.7257958293968509,0.853056793629862,-1.7107998417592545,-0.7996548742607882,0.29255569570563505,0.782121475372728,-1.0161329645585022,0
0.5512255078865883,0.9009088760241706,-1.179024470547907,1.0312017369536735,0.4405419421828948,-1.177851894974348,-0.5674373336626071,0.853056793629862,-0.15993626794759605,-1.143668312693375,0.5505611813513597,-0.686188918205147,0.9841231756854657,0
-0.634918112038349,0.9009088760241706,-0.502969299721533,-0.10708120100303069,-0.911310674287764,0.9048055324001227,0.06599664927436881,0.853056793629862,-1.0897830427221185,0.003043148748581378,-0.4814607612315388,-0.5671367241312653,0.9841231756854657,0
-0.634918112038349,-1.1099901739376037,1.5251962127575889,-0.0650103090981962,-0.06640278899360229,-1.177851894974348,-0.008115126729257367,-0.8828162337175963,-1.2207000976542715,-0.11162799739561437,-0.997471732522988,-0.38855843302044263,-1.0161329645585022,0
-0.46546902347764374,-1.1099901739376037,-0.502969299721533,0.08089546053722639,-0.7423290972289317,-1.177851894974348,0.309552015713636,1.4316811360790147,-0.33449234119046656,0.003043148748581378,-0.7394662468772634,-0.9242933063529105,0.9841231756854657,0
-0.46546902347764374,0.9009088760241706,-1.179024470547907,0.13755850864328725,-0.06640278899360229,-1.177851894974348,-1.0710173500975029,0.2744324511807092,0.40737097009173406,-1.2583394588375707,0.03455021005991044,0.4844909901880236,-1.0161329645585022,0
0.5512255078865883,0.9009088760241706,-1.179024470547907,-0.245990947697822,-0.06640278899360229,0.9048055324001227,0.0026532509806712224,-0.3041918912684436,-0.8212352377330865,0.1177142948927768,0.8085666669970842,1.5162766721616654,-1.0161329645585022,0
0.38177641932588297,0.9009088760241706,0.8491410419312149,-0.6781493399560036,0.4405419421828948,-1.177851894974348,-0.7094849043362239,1.4316811360790147,-0.9622228353523281,0.003043148748581378,-0.22345527558581418,-0.44808453005738347,0.9841231756854657,0
-0.634918112038349,0.9009088760241706,-1.179024470547907,-0.2645311981093369,-0.5733475201700994,-1.177851894974348,-0.963333572998217,1.4316811360790147,-1.2811233537768034,-0.9143260204049839,-0.7394662468772634,0.46464895784237664,0.9841231756854657,0
-0.2960199349169384,0.9009088760241706,1.5251962127575889,-0.28346625794188063,-0.5733475201700994,-1.177851894974348,-0.17882558513077235,-0.8828162337175963,-0.4150566826871762,0.003043148748581378,-0.4814607612315388,0.8416475724096689,-1.0161329645585022,0
-1.143265377720465,-1.1099901739376037,-0.502969299721533,-0.8992426157321607,-0.5733475201700994,0.9048055324001227,-1.1291349180319703,0.2744324511807092,0.6490639945818623,-0.34097028968400567,-0.7394662468772634,-0.8052411122790287,0.9841231756854657,0
-0.46546902347764374,0.9009088760241706,0.8491410419312149,1.402780571649188,-0.7423290972289317,-1.177851894974348,0.06599664927436881,-0.3041918912684436,0.04483143335654109,-0.9143260204049839,-0.7394662468772634,-3.8807561258543073,0.9841231756854657,0
-0.634918112038349,-1.1099901739376037,-1.179024470547907,0.8382820614621351,-0.911310674287764,0.9048055324001227,0.38271364074285674,0.853056793629862,-0.7843099145470948,-0.570312581972397,-0.997471732522988,0.08765034327508442,0.9841231756854657,0
0.7206745964472937,-1.1099901739376037,-0.502969299721533,0.17209643679489123,0.6095235192417271,0.9048055324001227,1.0161476236798326,1.4316811360790147,0.7363420312032976,0.4617277333253637,0.5505611813513597,1.1194360252487263,-1.0161329645585022,0
-0.634918112038349,-1.1099901739376037,1.5251962127575889,-0.6747381865583143,-0.7423290972289317,0.9048055324001227,-0.5674373336626071,-1.461440576166749,0.8101926775752815,0.23238544103697253,-0.7394662468772634,0.10749237562073138,0.9841231756854657,0
-0.2960199349169384,-1.1099901739376037,-0.502969299721533,0.8867646583644782,-0.7423290972289317,-1.177851894974348,1.3480670307388078,-0.8828162337175963,0.21267381147468598,-0.11162799739561437,-0.4814607612315388,0.26622863438590705,-1.0161329645585022,0
1.5679200392508204,-1.1099901739376037,-1.179024470547907,-0.29292589166973193,1.7923945586535535,0.9048055324001227,-1.2338098837123057,-0.8828162337175963,-0.6869613352385705,-1.2583394588375707,1.3245776382885335,0.3654387961141419,0.9841231756854657,0
-0.9738162891597597,-1.1099901739376037,-0.502969299721533,0.32273991948266006,-0.911310674287764,-1.177851894974348,2.4413740852880284,-0.8828162337175963,1.6594751108530943,1.2644257563347332,-0.4814607612315388,0.5043330225336705,0.9841231756854657,0
-0.634918112038349,-1.1099901739376037,0.8491410419312149,-0.7061334317185286,-0.23538436605243465,0.9048055324001227,-0.5672789751668728,0.2744324511807092,-0.6936750303632967,0.3470565871811683,-0.7394662468772634,0.22654456969461315,0.9841231756854657,0
0.0428782422044723,-1.1099901739376037,-0.502969299721533,0.9449437746472898,0.2715603651240624,-1.177851894974348,2.4413740852880284,1.4316811360790147,0.11868207972852446,0.4617277333253637,1.066572152642809,-0.7258729828964409,0.9841231756854657,0
-0.634918112038349,0.9009088760241706,1.5251962127575889,-0.7447615854719914,-0.5733475201700994,0.9048055324001227,-0.5674373336626071,0.2744324511807092,0.2965950005337584,0.4617277333253637,-0.7394662468772634,1.0202258635204915,0.9841231756854657,0
0.21232733076517762,-1.1099901739376037,-0.502969299721533,-0.4206862203146685,0.10257878806523006,0.9048055324001227,-0.8786117777803965,-0.8828162337175963,0.6121386713958706,-0.6849837281165926,0.03455021005991044,0.22654456969461315,0.9841231756854657,0
0.5512255078865883,0.9009088760241706,-1.179024470547907,-0.6578245509614382,0.6095235192417271,0.9048055324001227,-1.1259677481172854,-0.8828162337175963,-0.9252975121663365,-0.9143260204049839,0.5505611813513597,0.8614896047553159,-1.0161329645585022,0
0.5512255078865883,-1.1099901739376037,1.5251962127575889,2.0588906598917753,0.4405419421828948,-1.177851894974348,0.38271364074285674,0.853056793629862,-0.04244660326489417,-0.9143260204049839,0.8085666669970842,-0.5671367241312653,-1.0161329645585022,0
-0.634918112038349,0.9009088760241706,1.5251962127575889,-0.6215494613573073,-0.5733475201700994,-1.177851894974348,-1.042512820865339,1.4316811360790147,0.11532523216616163,-0.7996548742607882,-0.997471732522988,-0.20998014190961997,0.9841231756854657,0
0.38177641932588297,0.9009088760241706,0.8491410419312149,-0.6319092605651044,0.4405419421828948,0.9048055324001227,-1.042512820865339,0.2744324511807092,-0.7910236096718204,-0.6849837281165926,0.8085666669970842,-0.051243883144444294,0.9841231756854657,0
-0.2960199349169384,0.9009088760241706,-1.179024470547907,-0.04913897037283634,-0.5733475201700994,0.9048055324001227,-0.654376147820707,-0.3041918912684436,0.9343960373827085,-0.7996548742607882,-0.7394662468772634,0.0479662785837905,-1.0161329645585022,0
-0.634918112038349,-1.1099901739376037,-0.502969299721533,-0.9032065023192904,-0.911310674287764,0.21058638994196582,-1.0783018409012781,0.853056793629862,-1.1099241280962957,-0.2262991435398101,-0.7394662468772634,0.5440170872249644,0.9841231756854657,0
0.5512255078865883,0.9009088760241706,0.8491410419312149,-0.1474149314553382,0.2715603651240624,-1.177851894974348,0.8577891279455886,0.2744324511807092,0.27981076272194366,0.8057411717579506,0.5505611813513597,-0.5274526594399713,0.9841231756854657,0
-0.634918112038349,0.9009088760241706,0.8491410419312149,-0.2599987859559257,-0.911310674287764,-1.177851894974348,-0.7257958293968509,0.853056793629862,-1.2911938964638923,-0.6849837281165926,-0.7394662468772634,0.3654387961141419,-1.0161329645585022,0
-0.46546902347764374,-1.1099901739376037,-1.179024470547907,-0.10644950592938451,-0.911310674287764,0.9048055324001227,-1.1375279183058853,0.853056793629862,0.82026322026237,-1.2583394588375707,-0.4814607612315388,0.305912699077201,-1.0161329645585022,0
1.5679200392508204,0.9009088760241706,-1.179024470547907,-0.20927367154213877,1.6234129815947211,-1.177851894974348,2.343983610411468,-1.461440576166749,-0.2035752862583134,2.640479510065081,1.8405886095799828,1.2186461869769611,-1.0161329645585022,0
1.2290218621294098,0.9009088760241706,-0.502969299721533,-0.2655892873576942,1.4544314045358888,0.9048055324001227,0.7038646700919035,-1.461440576166749,0.2160306590370488,0.9204123179021463,1.066572152642809,-1.0235034680811452,-1.0161329645585022,0
0.38177641932588297,0.9009088760241706,1.5251962127575889,-0.0935945111806851,0.2715603651240624,-1.177851894974348,-0.09236184645987515,1.4316811360790147,-0.915226969479248,-0.2262991435398101,0.29255569570563505,0.8813316371009629,0.9841231756854657,0
-0.9738162891597597,-1.1099901739376037,1.5251962127575889,-0.48126577787733554,-0.911310674287764,0.9048055324001227,-0.8841543251310949,0.853056793629862,0.18581903097578276,-0.6849837281165926,-0.4814607612315388,-0.9044512740072636,0.9841231756854657,0
0.21232733076517762,-1.1099901739376037,-0.502969299721533,-0.6575244958014563,0.10257878806523006,-1.177851894974348,-0.3298995900612411,0.853056793629862,-1.133422061032836,0.6910700256137552,0.8085666669970842,0.9805417988291976,-1.0161329645585022,0
0.7206745964472937,-1.1099901739376037,0.8491410419312149,-0.2559717298614314,0.7785050963005594,0.9048055324001227,-0.8174853984269782,-0.8828162337175963,-0.0726582313261608,-0.7996548742607882,0.29255569570563505,-2.3529196352394917,0.9841231756854657,0
-0.46546902347764374,0.9009088760241706,0.8491410419312149,-0.37392499248801125,-0.7423290972289317,-1.177851894974348,-1.042512820865339,0.2744324511807092,-1.1804179269059165,-1.0289971665491795,-0.22345527558581418,-0.7853990799333818,0.9841231756854657,0
-0.634918112038349,-1.1099901739376037,1.5251962127575889,-0.4715850508737081,-0.7423290972289317,-1.177851894974348,-0.5674373336626071,-0.8828162337175963,-1.1401357561575618,-0.2262991435398101,-0.4814607612315388,0.9805417988291976,-1.0161329645585022,0
0.38177641932588297,0.9009088760241706,-1.179024470547907,-0.10670218395884298,0.10257878806523006,0.9048055324001227,-1.2091059583777635,0.853056793629862,0.5080763969626206,-1.2583394588375707,0.5505611813513597,-0.3488743683291487,-1.0161329645585022,0
0.38177641932588297,-1.1099901739376037,-0.502969299721533,2.54678035002239,0.2715603651240624,-1.177851894974348,-0.7257958293968509,0.853056793629862,-0.5526874327440551,-1.3730106049817663,0.5505611813513597,0.16701847265767225,0.9841231756854657,0
-0.12657084635623306,0.9009088760241706,0.8491410419312149,0.5112061447049929,-0.23538436605243465,-1.177851894974348,1.0161476236798326,-0.3041918912684436,0.6725619275184026,0.003043148748581378,0.8085666669970842,0.38528082845978884,0.9841231756854657,0
0.0428782422044723,-1.1099901739376037,-0.502969299721533,1.4101240268803246,-0.23538436605243465,-1.177851894974348,2.4413740852880284,-0.3041918912684436,0.5114332445249834,0.1177142948927768,0.29255569570563505,1.337698381050843,0.9841231756854657,0
-0.634918112038349,0.9009088760241706,1.5251962127575889,-0.5087603059577849,-0.911310674287764,0.21058638994196582,-1.2874934137662144,0.2744324511807092,1.3002924216802647,-1.2583394588375707,-0.7394662468772634,-0.5472946917856183,0.9841231756854657,0
1.398470950690115,0.9009088760241706,-1.179024470547907,-0.10894470147028687,1.1164682504182242,0.9048055324001227,-0.4090788379283631,-0.3041918912684436,-1.0629282622232152,-0.45564143582820127,1.582583123934258,-0.5076106270943244,-1.0161329645585022,0
-0.8043672005990544,-1.1099901739376037,-1.179024470547907,0.6467363227557772,-0.911310674287764,-1.177851894974348,1.6495816066168083,0.853056793629862,0.2831676102843065,0.3470565871811683,-0.7394662468772634,-1.0631875327724392,0.9841231756854657,0
-0.634918112038349,-1.1099901739376037,1.5251962127575889,-0.5251212083652205,-0.404365943111267,0.9048055324001227,-1.3486197931196324,-0.8828162337175963,-0.035732908140168516,-1.3730106049817663,-0.4814607612315388,1.0797519605574324,-1.0161329645585022,0
-0.634918112038349,-1.1099901739376037,-1.179024470547907,-0.10417540366425833,-0.7423290972289317,0.9048055324001227,-1.3410185853243888,0.2744324511807092,-0.8413763231072641,-1.3730106049817663,-0.7394662468772634,0.9805417988291976,0.9841231756854657,0
3.262410924857874,0.9009088760241706,-1.179024470547907,-0.6031987194678863,2.4683208668888827,0.9048055324001227,-1.2800505644667048,0.2744324511807092,0.4006572749670078,-1.143668312693375,3.90463249474578,-1.162397694500674,-1.0161329645585022,0
-0.634918112038349,-1.1099901739376037,0.8491410419312149,-0.6523603885743989,-0.7423290972289317,0.9048055324001227,-0.9588995351176581,1.4316811360790147,-1.2207000976542715,-0.570312581972397,-0.4814607612315388,-1.4005020826484376,0.9841231756854657,0
-0.2960199349169384,-1.1099901739376037,-0.502969299721533,-0.5485255108438108,-0.404365943111267,0.9048055324001227,-0.646616581529729,1.4316811360790147,0.11532523216616163,-0.2262991435398101,0.03455021005991044,-0.09092794783573821,-1.0161329645585022,0
0.38177641932588297,0.9009088760241706,1.5251962127575889,-0.4339834016149202,0.7785050963005594,-1.177851894974348,-0.963333572998217,1.4316811360790147,0.2193875065994116,-0.7996548742607882,0.5505611813513597,0.782121475372728,-1.0161329645585022,0
0.890123685007999,0.9009088760241706,-0.502969299721533,-0.5359863636319345,0.2715603651240624,0.9048055324001227,-0.8189106248885865,0.853056793629862,0.0045492626081859895,-0.45564143582820127,0.5505611813513597,0.5638591195706114,0.9841231756854657,0
0.21232733076517762,-1.1099901739376037,-1.179024470547907,-0.4334148760486387,-0.23538436605243465,0.9048055324001227,-1.327558113186978,0.2744324511807092,0.14218001266506483,-1.3730106049817663,0.03455021005991044,0.46464895784237664,0.9841231756854657,0
0.38177641932588297,0.9009088760241706,0.17308587110484092,-0.22479757797699323,0.2715603651240624,-1.177851894974348,-1.2008713165995828,-0.3041918912684436,-1.828289506441956,-1.2583394588375707,0.03455021005991044,-0.30919030363785477,0.9841231756854657,0
-0.2960199349169384,0.9009088760241706,-1.179024470547907,-0.24385897682426622,-0.23538436605243465,-1.177851894974348,0.8577891279455886,1.4316811360790147,1.0753836350019508,1.035083464046342,-0.7394662468772634,0.782121475372728,0.9841231756854657,0
1.7373691278115257,0.9009088760241706,-1.179024470547907,-0.49961651976675664,1.6234129815947211,0.9048055324001227,-0.2507203421941191,-0.8828162337175963,-0.11629724963687813,0.3470565871811683,1.8405886095799828,1.0995939929030794,-1.0161329645585022,0
-0.46546902347764374,0.9009088760241706,-0.502969299721533,0.6770892710444754,-0.7423290972289317,-1.177851894974348,-0.46703804736709637,0.2744324511807092,-0.03908975570253134,-1.0289971665491795,-0.7394662468772634,-0.051243883144444294,0.9841231756854657,0
0.7206745964472937,-1.1099901739376037,-0.502969299721533,0.021610877875533955,0.4405419421828948,-1.177851894974348,0.06599664927436881,-0.3041918912684436,-0.522475804682789,-0.2262991435398101,0.8085666669970842,0.7424374106814341,-1.0161329645585022,0
3.601309101979284,0.9009088760241706,0.8491410419312149,-0.5651548836575461,3.4822103292418767,0.9048055324001227,-0.7905644541521568,1.4316811360790147,0.4510099884024514,-0.45564143582820127,1.8405886095799828,1.2186461869769611,0.9841231756854657,0
-0.9738162891597597,0.9009088760241706,0.8491410419312149,0.31364351042215527,-0.911310674287764,-1.177851894974348,1.6495816066168083,0.2744324511807092,-0.035732908140168516,0.6910700256137552,-0.7394662468772634,-2.4322877646220795,0.9841231756854657,0
0.38177641932588297,-1.1099901739376037,0.8491410419312149,2.0661709456155477,0.2715603651240624,0.9048055324001227,1.301351274497206,-0.8828162337175963,-1.4791773599562146,-0.6849837281165926,0.8085666669970842,0.0479662785837905,0.9841231756854657,0
-0.9738162891597597,0.9009088760241706,0.8491410419312149,-0.8601722754271455,-0.911310674287764,0.9048055324001227,-1.1375279183058853,0.2744324511807092,0.16232109803924238,-0.570312581972397,-0.22345527558581418,-0.7060309505507939,0.9841231756854657,0
-0.2960199349169384,-1.1099901739376037,0.8491410419312149,-0.6948418822771034,-0.23538436605243465,0.9048055324001227,-0.47242223622206064,-0.8828162337175963,0.001192415045823164,0.4617277333253637,-0.4814607612315388,0.22654456969461315,-1.0161329645585022,0
0.7206745964472937,0.9009088760241706,1.5251962127575889,-0.4853402111023533,0.6095235192417271,0.9048055324001227,-0.8841543251310949,0.2744324511807092,0.4107278176540969,-0.6849837281165926,0.5505611813513597,1.1591200899400202,0.9841231756854657,0
-0.2960199349169384,0.9009088760241706,1.5251962127575889,0.8271168510354392,-0.06640278899360229,-1.177851894974348,-1.1577978057598686,0.853056793629862,-1.0797125000350298,-1.3730106049817663,-0.4814607612315388,-0.8052411122790287,-1.0161329645585022,0
1.5679200392508204,0.9009088760241706,1.5251962127575889,0.1199973855959239,1.4544314045358888,-1.177851894974348,-0.5674373336626071,1.4316811360790147,0.14553686022742765,-0.7996548742607882,2.872610552162881,0.3654387961141419,0.9841231756854657,0
1.2290218621294098,-1.1099901739376037,-1.179024470547907,-0.5476569301175473,0.7785050963005594,0.9048055324001227,-0.7788459254678227,1.4316811360790147,-1.3549740001487873,-0.45564143582820127,0.5505611813513597,0.821805540064022,0.9841231756854657,0
0.890123685007999,0.9009088760241706,0.8491410419312149,-0.48704578780119795,0.6095235192417271,-1.177851894974348,0.6994306322113446,1.4316811360790147,-1.365044542835876,1.7231103409115156,0.5505611813513597,-0.15045404487267908,-1.0161329645585022,0
0.0428782422044723,-1.1099901739376037,1.5251962127575889,-0.5418453354400027,0.6095235192417271,0.9048055324001227,-0.5040939353689095,0.853056793629862,0.34023401884447574,0.003043148748581378,0.03455021005991044,0.9606997664835506,-1.0161329645585022,0
-0.8043672005990544,0.9009088760241706,-1.179024470547907,-0.7183883161472642,-0.911310674287764,0.9048055324001227,-0.44059217857947763,-0.8828162337175963,-0.8447331706696268,0.6910700256137552,-0.4814607612315388,0.20670253734896618,0.9841231756854657,0
0.0428782422044723,0.9009088760241706,-0.502969299721533,1.1402323066650013,-0.5733475201700994,-1.177851894974348,-0.5674373336626071,0.853056793629862,-1.2374843354660858,-1.143668312693375,-0.4814607612315388,0.5837011519162584,0.9841231756854657,0
-0.8043672005990544,0.9009088760241706,-0.502969299721533,-0.35290533891243514,-0.911310674287764,0.9048055324001227,-0.8841543251310949,1.4316811360790147,0.2663833724724924,-0.7996548742607882,-0.4814607612315388,-2.531497926350314,0.9841231756854657,0
-0.2960199349169384,0.9009088760241706,0.8491410419312149,-0.2968108163726559,-0.404365943111267,0.9048055324001227,-0.4882580857954851,1.4316811360790147,0.4711510737766289,-0.34097028968400567,0.03455021005991044,-0.22982217425526694,0.9841231756854657,0
-0.634918112038349,0.9009088760241706,-1.179024470547907,0.5568619061527693,-0.911310674287764,-1.177851894974348,0.06599664927436881,0.853056793629862,0.24959913466067765,-0.570312581972397,-0.22345527558581418,0.22654456969461315,0.9841231756854657,0
2.754063659175758,0.9009088760241706,-1.179024470547907,-0.56903980836047,2.130357712771218,-1.177851894974348,0.38271364074285674,1.4316811360790147,0.8068358300129187,1.4937680486231246,1.8405886095799828,-0.7258729828964409,0.9841231756854657,0
-0.9738162891597597,0.9009088760241706,-1.179024470547907,-0.7235682157511627,-0.911310674287764,0.9048055324001227,-0.17914230212224083,1.4316811360790147,-1.4053267135842307,1.2644257563347332,-0.7394662468772634,-0.07108591549009124,-1.0161329645585022,0
0.21232733076517762,-1.1099901739376037,0.8491410419312149,-0.5826370448207037,0.7785050963005594,0.9048055324001227,0.13424916093582795,0.2744324511807092,0.7497694214527494,1.1497546101905376,0.29255569570563505,0.18686050500331922,-1.0161329645585022,0
-0.2960199349169384,0.9009088760241706,0.17308587110484092,-0.5823054049070394,-0.06640278899360229,0.9048055324001227,-0.7574675285436998,-1.461440576166749,-1.7141566893216171,-0.34097028968400567,-0.7394662468772634,1.3972244780877838,0.9841231756854657,0
-0.8043672005990544,0.9009088760241706,0.8491410419312149,-0.20377792440141715,-0.7423290972289317,0.9048055324001227,-0.013182598592753173,1.4316811360790147,-0.9521522926652397,0.003043148748581378,-0.4814607612315388,0.38528082845978884,-1.0161329645585022,0
-0.46546902347764374,-1.1099901739376037,0.8491410419312149,-0.6627675649127195,-0.23538436605243465,0.9048055324001227,-0.7257958293968509,1.4316811360790147,-0.6533928596149416,-0.11162799739561437,-0.997471732522988,0.5043330225336705,0.9841231756854657,0
0.38177641932588297,-1.1099901739376037,-1.179024470547907,0.36520562080852337,0.6095235192417271,-1.177851894974348,0.8577891279455886,0.2744324511807092,-1.240841183028449,0.1177142948927768,0.5505611813513597,-1.2814498885745558,0.9841231756854657,0
-0.46546902347764374,-1.1099901739376037,0.8491410419312149,0.08658071620004186,-0.911310674287764,-1.177851894974348,-0.14747060297539205,0.2744324511807092,0.635636604332411,-0.45564143582820127,0.03455021005991044,0.6432272489531993,-1.0161329645585022,0
0.21232733076517762,0.9009088760241706,-0.502969299721533,-0.44312718780594845,0.6095235192417271,0.9048055324001227,-0.7257958293968509,0.2744324511807092,-1.7477251649452463,-0.45564143582820127,0.03455021005991044,0.2463866020402601,-1.0161329645585022,0
-0.634918112038349,-1.1099901739376037,1.5251962127575889,-0.20442541185190446,-0.23538436605243465,-1.177851894974348,0.06599664927436881,-0.8828162337175963,-0.20021843869595057,0.1177142948927768,-0.4814607612315388,0.0479662785837905,-1.0161329645585022,0
1.2290218621294098,-1.1099901739376037,-0.502969299721533,0.026364383304721333,1.1164682504182242,0.9048055324001227,0.5410721364771007,1.4316811360790147,0.2697402200348552,0.23238544103697253,2.098594095225707,0.8416475724096689,-1.0161329645585022,0
1.2290218621294098,-1.1099901739376037,-0.502969299721533,1.7841033028556945,1.2854498274770565,-1.177851894974348,-0.3298995900612411,-0.8828162337175963,-0.4821936339344339,-1.143668312693375,1.066572152642809,0.22654456969461315,-1.0161329645585022,0
1.398470950690115,0.9009088760241706,0.8491410419312149,1.4772258360783883,1.6234129815947211,-1.177851894974348,-0.28650936223005824,0.2744324511807092,0.7464125738903866,-1.143668312693375,1.8405886095799828,0.7424374106814341,0.9841231756854657,0
-0.8043672005990544,-1.1099901739376037,-1.179024470547907,3.965899125345337,-0.911310674287764,0.9048055324001227,0.3706783950670542,0.853056793629862,0.19253272610050842,-1.143668312693375,-0.7394662468772634,-1.658448503141848,0.9841231756854657,0
1.7373691278115257,-1.1099901739376037,-0.502969299721533,-0.2982479226652009,1.4544314045358888,0.9048055324001227,-0.8841543251310949,0.2744324511807092,0.5819270433346045,-0.7996548742607882,0.5505611813513597,0.9805417988291976,0.9841231756854657,0
1.398470950690115,0.9009088760241706,0.8491410419312149,1.9683055863309158,1.6234129815947211,-1.177851894974348,1.7507726853909904,-0.8828162337175963,0.7094872507043943,-0.45564143582820127,1.066572152642809,1.5758027691986063,0.9841231756854657,0
0.38177641932588297,0.9009088760241706,0.8491410419312149,1.4923865178458962,0.10257878806523006,-1.177851894974348,-0.5674373336626071,-1.461440576166749,-0.002164432516539662,-1.2583394588375707,0.8085666669970842,0.0479662785837905,0.9841231756854657,0
1.7373691278115257,-1.1099901739376037,-0.502969299721533,0.3973115229265896,1.6234129815947211,-1.177851894974348,-0.7257958293968509,-0.8828162337175963,1.4949895802973128,-1.0289971665491795,1.3245776382885335,1.794065125000723,-1.0161329645585022,0
-0.46546902347764374,0.9009088760241706,0.8491410419312149,-0.26964792820587086,-0.7423290972289317,-1.177851894974348,-0.8841543251310949,-0.8828162337175963,-0.6533928596149416,-0.9143260204049839,0.03455021005991044,-0.15045404487267908,0.9841231756854657,0
0.0428782422044723,0.9009088760241706,-0.502969299721533,0.8434461686891925,-0.23538436605243465,-1.177851894974348,0.06599664927436881,-0.3041918912684436,-0.23043006675721658,-0.6849837281165926,0.8085666669970842,1.1392780575943733,-1.0161329645585022,0
-0.46546902347764374,0.9009088760241706,-1.179024470547907,-0.2565402554277129,-0.23538436605243465,0.9048055324001227,0.6994306322113446,-1.461440576166749,-1.2576254208402633,0.9204123179021463,-0.22345527558581418,-1.102871597463733,0.9841231756854657,0
0.21232733076517762,0.9009088760241706,0.8491410419312149,1.8377973841156183,0.6095235192417271,-1.177851894974348,2.4413740852880284,0.853056793629862,-0.3512765790022807,-0.11162799739561437,-0.22345527558581418,0.4249648931510827,0.9841231756854657,0
-0.8043672005990544,0.9009088760241706,-0.502969299721533,-0.3812368629654656,-0.911310674287764,0.9048055324001227,0.22213812606833336,1.4316811360790147,-0.07937192645088645,0.6910700256137552,-0.4814607612315388,0.9210157017922567,-1.0161329645585022,0
0.21232733076517762,0.9009088760241706,-1.179024470547907,-0.6020616683353232,-0.23538436605243465,0.9048055324001227,-0.7257958293968509,1.4316811360790147,-0.06258768863907171,-0.2262991435398101,0.8085666669970842,-0.2893482712922078,0.9841231756854657,0
-0.12657084635623306,-1.1099901739376037,-0.502969299721533,-0.26378895639780264,-0.23538436605243465,-1.177851894974348,0.8322934101323753,-0.3041918912684436,-0.39827244487536145,1.035083464046342,-0.22345527558581418,0.4844909901880236,-1.0161329645585022,0
-0.46546902347764374,-1.1099901739376037,0.8491410419312149,0.263802769111473,-0.404365943111267,-1.177851894974348,-0.09236184645987515,0.853056793629862,-0.3479197314399179,-0.570312581972397,-0.4814607612315388,-2.670392152769843,0.9841231756854657,0
0.0428782422044723,0.9009088760241706,-0.502969299721533,-0.13250692771728875,-0.23538436605243465,0.9048055324001227,-0.18721858540468728,0.853056793629862,0.8571885434483623,-0.2262991435398101,0.8085666669970842,0.305912699077201,-1.0161329645585022,0
-0.12657084635623306,0.9009088760241706,1.5251962127575889,0.2722201059678081,0.10257878806523006,0.9048055324001227,0.06599664927436881,-0.3041918912684436,0.22274435416177443,-0.45564143582820127,0.29255569570563505,-1.7378166325244357,0.9841231756854657,0
-0.8043672005990544,0.9009088760241706,0.8491410419312149,-0.6753540892551193,-0.404365943111267,-1.177851894974348,-0.5674373336626071,-0.8828162337175963,0.44765314084008856,0.23238544103697253,-0.7394662468772634,-0.46792656240303043,0.9841231756854657,0
-0.8043672005990544,0.9009088760241706,0.8491410419312149,-0.11259274052059345,-0.911310674287764,-1.177851894974348,-0.3774071387815143,-1.461440576166749,0.7128440982667578,-0.45564143582820127,-0.4814607612315388,-0.9838194033898514,0.9841231756854657,0
-0.634918112038349,-1.1099901739376037,0.8491410419312149,-0.2953737100801108,-0.7423290972289317,0.9048055324001227,0.06599664927436881,0.853056793629862,-1.1032104329715702,0.23238544103697253,-0.997471732522988,-0.8052411122790287,0.9841231756854657,0
-0.634918112038349,0.9009088760241706,0.8491410419312149,0.5482076836438169,-0.911310674287764,-1.177851894974348,-0.4938006331461836,0.853056793629862,-0.915226969479248,-0.9143260204049839,-0.4814607612315388,-1.162397694500674,-1.0161329645585022,0
0.38177641932588297,0.9009088760241706,-0.502969299721533,-0.013542952972875038,0.6095235192417271,-1.177851894974348,-0.6372734302814086,-0.8828162337175963,-1.0260029390372234,-0.7996548742607882,-0.22345527558581418,0.821805540064022,0.9841231756854657,0
0.38177641932588297,-1.1099901739376037,-0.502969299721533,-0.5364285501834868,-0.06640278899360229,0.9048055324001227,-1.2779919040221597,-1.461440576166749,-0.5325463473698775,-1.2583394588375707,0.29255569570563505,-0.7060309505507939,0.9841231756854657,0
-0.634918112038349,0.9009088760241706,-1.179024470547907,0.3558723260954013,-0.7423290972289317,-1.177851894974348,2.4413740852880284,0.2744324511807092,0.0851136041048956,1.1497546101905376,-0.4814607612315388,1.0202258635204915,-1.0161329645585022,0
-0.46546902347764374,-1.1099901739376037,-1.179024470547907,0.23678201233625837,-0.5733475201700994,0.9048055324001227,0.06599664927436881,1.4316811360790147,-1.7510820125076092,-0.34097028968400567,-0.7394662468772634,-1.7775006972157297,-1.0161329645585022,0
-0.8043672005990544,-1.1099901739376037,-0.502969299721533,-0.015532792454860452,-0.911310674287764,-1.177851894974348,-1.121692068732461,0.2744324511807092,0.8739727812601764,-1.2583394588375707,-0.997471732522988,-0.7258729828964409,0.9841231756854657,0
0.38177641932588297,0.9009088760241706,-0.502969299721533,0.9376319041698354,0.6095235192417271,-1.177851894974348,1.949195880545998,-0.8828162337175963,0.377159342030468,0.23238544103697253,1.066572152642809,-0.40840046536608954,0.9841231756854657,0
-0.634918112038349,0.9009088760241706,-0.502969299721533,-0.5060913942716297,-0.911310674287764,-1.177851894974348,-1.3194818299045317,0.2744324511807092,0.7766242019516526,-1.2583394588375707,-0.7394662468772634,-2.094973214746081,0.9841231756854657,0
0.38177641932588297,0.9009088760241706,-0.502969299721533,0.9345997678163339,-0.06640278899360229,-1.177851894974348,1.6495816066168083,-0.8828162337175963,0.561785957960427,0.003043148748581378,0.29255569570563505,0.6630692812988462,0.9841231756854657,0
0.21232733076517762,0.9009088760241706,-1.179024470547907,-0.09141516317660583,0.2715603651240624,0.9048055324001227,-0.7520833396887355,1.4316811360790147,0.9981761410676039,-0.7996548742607882,0.8085666669970842,1.35754041339649,-1.0161329645585022,0
0.38177641932588297,-1.1099901739376037,1.5251962127575889,3.781412579086975,0.4405419421828948,-1.177851894974348,2.312786986751822,0.853056793629862,1.0384583118159585,-0.6849837281165926,0.5505611813513597,1.2186461869769611,-1.0161329645585022,0
-0.9738162891597597,0.9009088760241706,-0.502969299721533,-0.2450276127105116,-0.911310674287764,0.9048055324001227,0.06599664927436881,0.2744324511807092,-0.12972463988633004,0.23238544103697253,-0.4814607612315388,-1.102871597463733,0.9841231756854657,0
-0.46546902347764374,0.9009088760241706,1.5251962127575889,-0.8287770302669312,-0.911310674287764,0.21058638994196582,-0.3298995900612411,1.4316811360790147,0.0045492626081859895,1.4937680486231246,-0.4814607612315388,0.10749237562073138,-1.0161329645585022,0
0.21232733076517762,-1.1099901739376037,1.5251962127575889,-0.8197437907137911,0.2715603651240624,0.9048055324001227,-1.042512820865339,-0.8828162337175963,-0.3076375606915634,-0.34097028968400567,-0.4814607612315388,0.7424374106814341,0.9841231756854657,0
-0.46546902347764374,-1.1099901739376037,1.5251962127575889,-0.36181223945084606,-0.23538436605243465,0.9048055324001227,-0.7257958293968509,0.853056793629862,-1.3986130184595051,-0.570312581972397,-0.7394662468772634,1.4567505751247247,0.9841231756854657,0
-0.2960199349169384,-1.1099901739376037,-0.502969299721533,-0.6795390691180251,-0.7423290972289317,0.9048055324001227,-0.2507203421941191,-1.461440576166749,0.6289229092076853,0.9204123179021463,-0.7394662468772634,-2.273551505856904,0.9841231756854657,0
0.38177641932588297,0.9009088760241706,-0.502969299721533,1.0219789888784394,0.7785050963005594,-1.177851894974348,-0.3298995900612411,1.4316811360790147,-0.22707321919485376,-1.0289971665491795,0.5505611813513597,-1.7576586648700827,0.9841231756854657,0
1.5679200392508204,0.9009088760241706,-1.179024470547907,-0.455176771335749,1.6234129815947211,0.9048055324001227,-1.2008713165995828,1.4316811360790147,1.343931439990982,-1.143668312693375,2.098594095225707,0.16701847265767225,0.9841231756854657,0
-0.9738162891597597,-1.1099901739376037,0.8491410419312149,0.3040891224332571,-0.911310674287764,-1.177851894974348,1.6495816066168083,-0.8828162337175963,-1.0629282622232152,0.6910700256137552,-0.7394662468772634,0.286070666731554,0.9841231756854657,0
-0.46546902347764374,0.9009088760241706,-1.179024470547907,0.8421827785419002,-0.911310674287764,-1.177851894974348,-0.7257958293968509,1.4316811360790147,-0.3915587497506358,-1.143668312693375,-0.4814607612315388,0.9408577341379036,0.9841231756854657,0
-0.634918112038349,-1.1099901739376037,-1.179024470547907,-0.7511417057158177,-0.5733475201700994,0.9048055324001227,-0.7581009625266367,1.4316811360790147,-0.005521280078902488,0.1177142948927768,0.03455021005991044,0.008282213892496587,-1.0161329645585022,0
-0.634918112038349,-1.1099901739376037,0.8491410419312149,-0.29707928677895545,-0.5733475201700994,0.9048055324001227,-0.7257958293968509,1.4316811360790147,0.058258823605992396,-0.6849837281165926,-0.4814607612315388,0.6233852166075523,-1.0161329645585022,0
0.0428782422044723,0.9009088760241706,0.8491410419312149,1.2139827065131907,0.2715603651240624,-1.177851894974348,0.5410721364771007,0.853056793629862,-0.09279931670033775,-0.6849837281165926,1.066572152642809,-0.11076998018138517,-1.0161329645585022,0
-0.46546902347764374,-1.1099901739376037,-0.502969299721533,-0.3382500132038442,-0.911310674287764,0.9048055324001227,-0.3298995900612411,0.2744324511807092,0.6893461653302174,-0.11162799739561437,-0.7394662468772634,0.6829113136444932,0.9841231756854657,0
0.21232733076517762,-1.1099901739376037,1.5251962127575889,-0.336181211837653,0.2715603651240624,0.9048055324001227,0.22023782411952242,0.2744324511807092,0.3939435798422821,0.5763988794695595,0.29255569570563505,-0.20998014190961997,-1.0161329645585022,0
-0.46546902347764374,0.9009088760241706,-0.502969299721533,-0.14978378798151132,-0.911310674287764,-1.177851894974348,-1.0577152364558264,-0.8828162337175963,0.30330869565848406,-1.143668312693375,-0.22345527558581418,-0.36871640067479566,-1.0161329645585022,0
-0.46546902347764374,-1.1099901739376037,-0.502969299721533,-0.8686369894140041,-0.06640278899360229,0.9048055324001227,-0.963333572998217,0.2744324511807092,-0.2438574570066685,0.003043148748581378,-0.7394662468772634,0.8813316371009629,-1.0161329645585022,0
-0.8043672005990544,0.9009088760241706,-1.179024470547907,-0.7906068554418618,-0.7423290972289317,0.9048055324001227,-0.8670516075917966,-1.461440576166749,0.0985409943543475,0.003043148748581378,-0.4814607612315388,-0.8449251769703227,0.9841231756854657,0
-0.634918112038349,0.9009088760241706,-1.179024470547907,-0.562485971971391,-0.5733475201700994,0.9048055324001227,0.06599664927436881,-0.8828162337175963,-0.4721230912473454,1.035083464046342,-0.7394662468772634,0.4844909901880236,0.9841231756854657,0
1.7373691278115257,-1.1099901739376037,-1.179024470547907,-0.6725430461773938,2.2993392898300504,0.9048055324001227,-0.7257958293968509,1.4316811360790147,0.830333762949459,-0.11162799739561437,1.582583123934258,0.3455967637684949,0.9841231756854657,0
0.0428782422044723,0.9009088760241706,-0.502969299721533,0.8434303763123514,0.10257878806523006,-1.177851894974348,0.8577891279455886,-0.8828162337175963,-0.015591822765990965,-0.34097028968400567,-0.22345527558581418,-1.202081759191968,0.9841231756854657,0
2.5846145706150523,-1.1099901739376037,0.17308587110484092,-0.022781493424950176,2.637302443947715,0.9048055324001227,-0.7257958293968509,0.853056793629862,-0.3009238655668377,-0.9143260204049839,3.130616037808606,1.6353288662355472,-1.0161329645585022,0
-0.2960199349169384,0.9009088760241706,-0.502969299721533,-0.11241902437534076,0.2715603651240624,-1.177851894974348,-0.7257958293968509,0.2744324511807092,-0.3009238655668377,-0.7996548742607882,-0.7394662468772634,1.3773824457421369,-1.0161329645585022,0
-0.9738162891597597,0.9009088760241706,1.5251962127575889,-0.6056149531245828,-0.404365943111267,0.9048055324001227,-0.5674373336626071,0.853056793629862,0.5416448725862495,0.003043148748581378,-0.4814607612315388,-0.03140185079879733,0.9841231756854657,0
-0.634918112038349,-1.1099901739376037,0.8491410419312149,-0.8473014883016049,-0.5733475201700994,0.9048055324001227,-0.7257958293968509,0.853056793629862,0.04818828091890392,0.5763988794695595,-0.7394662468772634,-0.26950623894656084,0.9841231756854657,0
-0.2960199349169384,0.9009088760241706,0.8491410419312149,-0.5280901752113575,-0.404365943111267,-1.177851894974348,-0.17154109432699713,1.4316811360790147,-1.526173225829295,0.4617277333253637,0.5505611813513597,0.18686050500331922,0.9841231756854657,0
0.0428782422044723,-1.1099901739376037,-1.179024470547907,-0.7730457323944985,-0.7423290972289317,0.9048055324001227,-0.4090788379283631,-1.461440576166749,-0.5191189571204256,1.035083464046342,0.5505611813513597,-0.20998014190961997,0.9841231756854657,0
-0.8043672005990544,0.9009088760241706,-1.179024470547907,-0.13474944522873264,-0.911310674287764,0.21058638994196582,-0.7124937157551745,-0.3041918912684436,0.20596011634995973,-0.7996548742607882,-0.4814607612315388,0.008282213892496587,-1.0161329645585022,0
-0.634918112038349,0.9009088760241706,-1.179024470547907,-0.3531264321882113,-0.911310674287764,-1.177851894974348,-0.3298995900612411,-0.8828162337175963,-1.12670836590811,-0.11162799739561437,-0.22345527558581418,0.18686050500331922,-1.0161329645585022,0
0.0428782422044723,0.9009088760241706,-1.179024470547907,-0.4518445798222655,0.6095235192417271,-1.177851894974348,-0.30772940065844695,0.853056793629862,-1.6805882136979884,0.1177142948927768,0.03455021005991044,0.2463866020402601,0.9841231756854657,0
0.0428782422044723,-1.1099901739376037,0.8491410419312149,0.08155874036455486,0.10257878806523006,-1.177851894974348,-1.042512820865339,0.853056793629862,-0.9622228353523281,-1.143668312693375,0.5505611813513597,-0.09092794783573821,-1.0161329645585022,0
-0.12657084635623306,0.9009088760241706,0.8491410419312149,-0.3300221848696029,-0.23538436605243465,-1.177851894974348,-0.7257958293968509,0.853056793629862,-1.0025050061006833,-0.6849837281165926,0.03455021005991044,0.06780831092943747,0.9841231756854657,0
1.7373691278115257,-1.1099901739376037,-1.179024470547907,0.30271518564807665,2.2993392898300504,-1.177851894974348,-0.2507203421941191,0.853056793629862,2.448334288008376,-0.6849837281165926,2.6146050665171567,-1.0235034680811452,0.9841231756854657,0
-0.46546902347764374,-1.1099901739376037,0.8491410419312149,-0.7732510332934335,-0.5733475201700994,0.9048055324001227,-0.5009267654542245,-1.461440576166749,-0.3244217985033781,0.8057411717579506,-0.4814607612315388,-1.4005020826484376,0.9841231756854657,0
1.5679200392508204,0.9009088760241706,0.17308587110484092,-0.3294536593033213,0.9474866733593919,-1.177851894974348,-0.18737694390042153,1.4316811360790147,0.4174415127788225,0.003043148748581378,2.356599580871432,-0.686188918205147,0.9841231756854657,0
0.0428782422044723,-1.1099901739376037,-0.502969299721533,-0.5640810020323476,-0.5733475201700994,0.9048055324001227,-0.8684768340534048,0.853056793629862,0.9813919032557892,-0.570312581972397,-0.4814607612315388,-1.8767108589439645,0.9841231756854657,0
-0.2960199349169384,0.9009088760241706,-1.179024470547907,0.11819705463603233,-0.5733475201700994,-1.177851894974348,-1.2018214675739884,1.4316811360790147,-1.12670836590811,-1.3730106049817663,-0.22345527558581418,-4.019650352273836,0.9841231756854657,0
0.5512255078865883,0.9009088760241706,-0.502969299721533,1.2157514527194,0.9474866733593919,-1.177851894974348,-0.7257958293968509,0.853056793629862,1.5386285986080301,-1.2583394588375707,0.03455021005991044,-0.38855843302044263,0.9841231756854657,0
1.2290218621294098,-1.1099901739376037,-0.502969299721533,-0.30314355948595867,1.2854498274770565,-1.177851894974348,-0.5674373336626071,0.853056793629862,-0.21364582894540246,-0.45564143582820127,0.03455021005991044,1.1988041546313142,0.9841231756854657,0
1.398470950690115,-1.1099901739376037,-1.179024470547907,0.22549046289483318,1.2854498274770565,0.9048055324001227,-0.017616636473312006,0.2744324511807092,0.08847045166725842,-0.45564143582820127,1.066572152642809,-0.7655570475877348,0.9841231756854657,0
-0.634918112038349,0.9009088760241706,1.5251962127575889,-0.7736616350913035,-0.7423290972289317,0.9048055324001227,-0.8841543251310949,-1.461440576166749,0.15896425047687956,-0.11162799739561437,-0.4814607612315388,0.6035431842619053,0.9841231756854657,0
0.5512255078865883,0.9009088760241706,-1.179024470547907,3.020820125663312,0.4405419421828948,-1.177851894974348,-1.042512820865339,0.2744324511807092,0.15896425047687956,-1.487681751125962,0.03455021005991044,-0.09092794783573821,0.9841231756854657,0
-0.8043672005990544,0.9009088760241706,-0.502969299721533,-0.153131771871836,-0.404365943111267,-1.177851894974348,0.06599664927436881,-0.8828162337175963,1.3338608973038937,0.003043148748581378,-0.4814607612315388,0.9210157017922567,0.9841231756854657,0
3.431860013418579,0.9009088760241706,0.8491410419312149,-0.6754488435161662,3.3132287521830444,0.9048055324001227,-0.7257958293968509,1.4316811360790147,0.6692050799560398,-0.11162799739561437,2.6146050665171567,0.7027533459901402,-1.0161329645585022,0
-0.8043672005990544,-1.1099901739376037,0.8491410419312149,0.17805016286400632,-0.911310674287764,0.9048055324001227,-0.7257958293968509,1.4316811360790147,0.06832936629308146,-1.0289971665491795,-0.4814607612315388,-0.5472946917856183,0.9841231756854657,0
-0.9738162891597597,0.9009088760241706,-0.502969299721533,-0.1849849959604438,-0.911310674287764,0.9048055324001227,0.38271364074285674,1.4316811360790147,-0.13308148744869286,0.4617277333253637,-0.4814607612315388,-0.13061201252703214,0.9841231756854657,0
-0.46546902347764374,-1.1099901739376037,1.5251962127575889,0.6171729933091368,-0.5733475201700994,-1.177851894974348,-0.5674373336626071,0.853056793629862,-0.3009238655668377,-1.0289971665491795,0.03455021005991044,0.7225953783357871,0.9841231756854657,0
-0.2960199349169384,-1.1099901739376037,-0.502969299721533,-0.8066992874429978,-0.5733475201700994,0.9048055324001227,-0.8363300594193532,0.2744324511807092,0.273097067597218,0.1177142948927768,-0.4814607612315388,-0.15045404487267908,0.9841231756854657,0
-0.9738162891597597,0.9009088760241706,-0.502969299721533,-0.5837898883301079,-0.23538436605243465,-1.177851894974348,-0.2507203421941191,-0.8828162337175963,-1.3986130184595051,0.5763988794695595,-0.7394662468772634,0.9210157017922567,-1.0161329645585022,0
0.5512255078865883,-1.1099901739376037,-0.502969299721533,-0.7030539182345036,0.4405419421828948,-1.177851894974348,-0.5333902570797446,0.853056793629862,0.2898813054090322,0.4617277333253637,0.8085666669970842,0.26622863438590705,-1.0161329645585022,0
-0.12657084635623306,0.9009088760241706,-1.179024470547907,0.19861183751118894,-0.06640278899360229,-1.177851894974348,-1.0683252556700207,-0.8828162337175963,0.1791053358510565,-1.2583394588375707,0.03455021005991044,1.0400678958661385,-1.0161329645585022,0
1.398470950690115,-1.1099901739376037,-1.179024470547907,1.5894464659116292,1.1164682504182242,-1.177851894974348,0.06599664927436881,-0.8828162337175963,0.001192415045823164,-0.9143260204049839,2.356599580871432,0.06780831092943747,-1.0161329645585022,0
1.2290218621294098,0.9009088760241706,-1.179024470547907,-0.03322025451695303,1.1164682504182242,-1.177851894974348,-0.7257958293968509,1.4316811360790147,-0.38148820706354736,-0.9143260204049839,1.8405886095799828,-0.6068207888225592,0.9841231756854657,0
-0.634918112038349,0.9009088760241706,-1.179024470547907,-0.656150559016276,-0.5733475201700994,0.9048055324001227,-1.2008713165995828,0.2744324511807092,1.1794459094352001,-1.0289971665491795,-0.7394662468772634,-0.13061201252703214,0.9841231756854657,0
-0.634918112038349,0.9009088760241706,1.5251962127575889,-0.5625965186092791,-0.23538436605243465,0.9048055324001227,-0.1761334907032902,0.2744324511807092,-0.06594453620143455,0.5763988794695595,-0.4814607612315388,1.0400678958661385,-1.0161329645585022,0
-0.46546902347764374,-1.1099901739376037,-0.502969299721533,0.04293058661109197,-0.5733475201700994,0.9048055324001227,0.06599664927436881,0.853056793629862,1.6695456535401834,-0.2262991435398101,-0.997471732522988,0.10749237562073138,0.9841231756854657,0
1.0595727735687044,-1.1099901739376037,-0.502969299721533,0.478626471281692,1.2854498274770565,0.9048055324001227,-0.7549337926119519,-0.8828162337175963,0.5584291103980642,-1.143668312693375,1.582583123934258,-0.17029607721832604,0.9841231756854657,0
-0.634918112038349,0.9009088760241706,1.5251962127575889,0.1768815269777609,-0.7423290972289317,0.9048055324001227,-1.17426708931623,1.4316811360790147,-0.9286543597286993,-1.3730106049817663,-0.4814607612315388,-0.9838194033898514,0.9841231756854657,0
1.398470950690115,0.9009088760241706,-0.502969299721533,-0.17058234828131125,1.4544314045358888,0.9048055324001227,-1.042512820865339,-0.8828162337175963,0.6960598604549431,-1.143668312693375,1.582583123934258,1.1194360252487263,0.9841231756854657,0
-0.634918112038349,-1.1099901739376037,0.8491410419312149,-0.6084102038254671,-0.911310674287764,-1.177851894974348,-1.121692068732461,0.853056793629862,-1.4254677989584081,-0.9143260204049839,-0.7394662468772634,-3.3450212525218395,0.9841231756854657,0
6.481943607511275,0.9009088760241706,-1.179024470547907,-0.44663309546468466,6.692860293359692,0.9048055324001227,-0.49221704818884116,0.2744324511807092,-0.34120603631519225,-0.11162799739561437,4.936654437328678,1.714696995618135,-1.0161329645585022,0
-0.634918112038349,0.9009088760241706,0.8491410419312149,0.11912880486966043,-0.5733475201700994,0.9048055324001227,-0.38880895047437986,-0.8828162337175963,-0.8682311036061672,-0.6849837281165926,-0.7394662468772634,-0.36871640067479566,-1.0161329645585022,0
0.0428782422044723,0.9009088760241706,1.5251962127575889,1.123081785415508,-0.404365943111267,-1.177851894974348,0.6994306322113446,-0.8828162337175963,-0.27742593263029736,-0.570312581972397,0.03455021005991044,1.1194360252487263,0.9841231756854657,0
1.0595727735687044,-1.1099901739376037,-0.502969299721533,-0.1867379497898119,1.1164682504182242,-1.177851894974348,0.06599664927436881,0.853056793629862,0.20596011634995973,0.1177142948927768,0.29255569570563505,-0.686188918205147,0.9841231756854657,0
1.398470950690115,0.9009088760241706,-0.502969299721533,-0.7717349651166826,1.7923945586535535,0.9048055324001227,-0.3298995900612411,-1.461440576166749,0.06832936629308146,1.1497546101905376,2.6146050665171567,1.35754041339649,-1.0161329645585022,0
0.21232733076517762,-1.1099901739376037,1.5251962127575889,-0.4301774387962021,0.2715603651240624,0.9048055324001227,-0.2507203421941191,0.2744324511807092,1.253296555807184,0.1177142948927768,-0.22345527558581418,1.6154868338899002,-1.0161329645585022,0
0.38177641932588297,-1.1099901739376037,1.5251962127575889,0.10302058049168326,-0.23538436605243465,-1.177851894974348,0.8577891279455886,-0.8828162337175963,-0.1935047435712249,0.3470565871811683,1.066572152642809,-0.190138109563973,-1.0161329645585022,0
0.890123685007999,0.9009088760241706,-1.179024470547907,-0.205815141013926,1.2854498274770565,0.9048055324001227,-0.17154109432699713,-0.3041918912684436,-0.5896127559300467,-0.11162799739561437,0.29255569570563505,2.0123274808028393,-1.0161329645585022,0
-0.12657084635623306,-1.1099901739376037,-1.179024470547907,-0.49028322505363453,-0.7423290972289317,0.9048055324001227,-0.7522416981844697,-0.8828162337175963,-0.7775962194223691,-0.45564143582820127,-0.4814607612315388,-0.15045404487267908,0.9841231756854657,0
-0.46546902347764374,0.9009088760241706,-0.502969299721533,-0.39259158191425536,-0.23538436605243465,-1.177851894974348,-0.84852366359089,-1.461440576166749,-1.3113349818380697,-0.6849837281165926,-0.7394662468772634,0.22654456969461315,0.9841231756854657,0
-0.8043672005990544,0.9009088760241706,0.8491410419312149,-0.29957448231985784,-0.911310674287764,-1.177851894974348,0.8577891279455886,-0.8828162337175963,-0.29085332287974863,1.2644257563347332,-0.7394662468772634,0.7424374106814341,-1.0161329645585022,0
-0.12657084635623306,-1.1099901739376037,0.8491410419312149,4.436638294226458,0.10257878806523006,-1.177851894974348,1.2332571213314811,1.4316811360790147,1.3137198119297162,-1.0289971665491795,-0.22345527558581418,-0.7060309505507939,0.9841231756854657,0
0.21232733076517762,0.9009088760241706,-0.502969299721533,1.119402161611519,-0.06640278899360229,-1.177851894974348,-0.2507203421941191,-0.8828162337175963,-0.05251714595198324,-1.0289971665491795,1.066572152642809,-0.07108591549009124,0.9841231756854657,0
1.398470950690115,0.9009088760241706,-1.179024470547907,0.23193375264602406,1.1164682504182242,-1.177851894974348,1.6495816066168083,-0.8828162337175963,0.2697402200348552,0.8057411717579506,1.066572152642809,0.5837011519162584,-1.0161329645585022,0
-0.8043672005990544,-1.1099901739376037,0.8491410419312149,-0.8120686955689902,-0.911310674287764,0.9048055324001227,-0.646616581529729,0.853056793629862,-1.6772313661356255,0.5763988794695595,-0.7394662468772634,-0.9639773710442044,0.9841231756854657,0
-0.46546902347764374,-1.1099901739376037,-1.179024470547907,-0.49034639456099915,-0.7423290972289317,0.9048055324001227,-0.7257958293968509,-1.461440576166749,0.19588957366287124,-0.45564143582820127,-0.4814607612315388,-1.142555662155027,0.9841231756854657,0
-0.46546902347764374,0.9009088760241706,0.8491410419312149,-0.6602249922412936,-0.911310674287764,0.21058638994196582,-0.804975077263973,0.2744324511807092,-1.3784719330853274,-0.2262991435398101,-0.7394662468772634,-0.17029607721832604,0.9841231756854657,0
-0.12657084635623306,0.9009088760241706,-0.502969299721533,-0.31173461248754647,-0.404365943111267,-1.177851894974348,-1.121692068732461,-0.3041918912684436,-1.8752853723150364,-1.143668312693375,1.066572152642809,1.1988041546313142,0.9841231756854657,0
0.890123685007999,0.9009088760241706,0.8491410419312149,0.08204830404663063,0.7785050963005594,0.9048055324001227,-0.5674373336626071,-1.461440576166749,-0.059230841076708896,-0.7996548742607882,0.5505611813513597,-0.30919030363785477,0.9841231756854657,0
0.5512255078865883,0.9009088760241706,0.8491410419312149,0.9253138502337354,0.2715603651240624,-1.177851894974348,1.501833130096759,0.853056793629862,0.5953544335840558,0.003043148748581378,0.8085666669970842,-1.0631875327724392,0.9841231756854657,0
-0.46546902347764374,0.9009088760241706,-1.179024470547907,0.1770552431230136,-0.5733475201700994,-1.177851894974348,2.243109248628755,1.4316811360790147,-0.7138161157374736,1.379096902478929,-0.22345527558581418,0.12733440796637835,0.9841231756854657,0
-0.8043672005990544,0.9009088760241706,-1.179024470547907,1.2161462621404289,-0.404365943111267,-1.177851894974348,-0.7257958293968509,0.853056793629862,-0.7910236096718204,-1.2583394588375707,-0.4814607612315388,-0.8647672093159696,0.9841231756854657,0
0.0428782422044723,0.9009088760241706,1.5251962127575889,-0.6114423401789687,0.4405419421828948,-1.177851894974348,1.8780929159613224,1.4316811360790147,-0.6399654693654903,4.3605467022280155,0.29255569570563505,0.46464895784237664,-1.0161329645585022,0
-0.46546902347764374,-1.1099901739376037,1.5251962127575889,-0.2032409835888179,-0.5733475201700994,0.9048055324001227,-0.5674373336626071,-0.3041918912684436,1.3405745924286192,-0.570312581972397,-0.7394662468772634,1.4964346398160184,-1.0161329645585022,0
-0.634918112038349,0.9009088760241706,0.8491410419312149,0.07914250670785829,-0.911310674287764,0.9048055324001227,0.8577891279455886,1.4316811360790147,0.07839990898016995,0.4617277333253637,-0.22345527558581418,-0.6663468858595001,0.9841231756854657,0
-0.2960199349169384,0.9009088760241706,-0.502969299721533,0.06306586708356343,-0.404365943111267,0.9048055324001227,0.22435514500861276,-0.8828162337175963,0.3872298847175565,-0.11162799739561437,-0.4814607612315388,-0.8250831446246757,-1.0161329645585022,0
-0.9738162891597597,0.9009088760241706,0.8491410419312149,-0.5311854810722236,-0.7423290972289317,0.9048055324001227,-0.2507203421941191,0.2744324511807092,-0.21700267650776528,0.3470565871811683,-0.7394662468772634,0.8813316371009629,0.9841231756854657,0
0.5512255078865883,-1.1099901739376037,1.5251962127575889,-0.6613462509970156,0.2715603651240624,0.9048055324001227,-0.7257958293968509,1.4316811360790147,0.03811773823181484,-0.11162799739561437,0.8085666669970842,1.5758027691986063,0.9841231756854657,0
0.7206745964472937,0.9009088760241706,-1.179024470547907,-0.07398037914397172,0.9474866733593919,-1.177851894974348,-1.2800505644667048,0.2744324511807092,0.5450017201486129,-1.3730106049817663,0.29255569570563505,-1.102871597463733,0.9841231756854657,0
1.2290218621294098,-1.1099901739376037,-0.502969299721533,0.03778227176087574,0.9474866733593919,-1.177851894974348,1.0161476236798326,1.4316811360790147,0.29995184809612124,0.5763988794695595,-0.22345527558581418,-0.32903233598350173,0.9841231756854657,0
-0.2960199349169384,0.9009088760241706,0.8491410419312149,0.6184995529637938,-0.404365943111267,-1.177851894974348,-0.32483211819774527,0.853056793629862,0.8907570190719911,-0.9143260204049839,-0.22345527558581418,0.08765034327508442,0.9841231756854657,0
0.5512255078865883,-1.1099901739376037,0.8491410419312149,0.7046311762554481,0.4405419421828948,-1.177851894974348,-0.8415558897785833,1.4316811360790147,-1.3952561708971423,-1.2583394588375707,0.29255569570563505,0.8416475724096689,0.9841231756854657,0
1.0595727735687044,0.9009088760241706,0.8491410419312149,-0.39260737429109654,0.6095235192417271,0.9048055324001227,-0.6450329965723866,-0.8828162337175963,-1.2106295549671826,-0.45564143582820127,0.03455021005991044,0.9210157017922567,0.9841231756854657,0
-0.9738162891597597,0.9009088760241706,-0.502969299721533,0.35636188977747707,-0.7423290972289317,0.9048055324001227,-1.0214511409326845,-0.8828162337175963,-0.5661148229935064,-1.2583394588375707,-0.4814607612315388,-1.6386064707962011,0.9841231756854657,0
-0.46546902347764374,-1.1099901739376037,-1.179024470547907,-0.18375319056683376,-0.404365943111267,-1.177851894974348,-0.7257958293968509,0.853056793629862,0.9813919032557892,-0.7996548742607882,-0.4814607612315388,0.9805417988291976,0.9841231756854657,0
0.5512255078865883,-1.1099901739376037,0.8491410419312149,-0.0866774501242596,-0.06640278899360229,0.9048055324001227,-0.5674373336626071,-0.8828162337175963,-0.1397951825734185,-0.6849837281165926,0.5505611813513597,0.2463866020402601,0.9841231756854657,0
-0.634918112038349,0.9009088760241706,1.5251962127575889,-0.10787081984508838,-0.911310674287764,-1.177851894974348,0.5410721364771007,0.2744324511807092,-1.173704231781191,0.4617277333253637,-0.7394662468772634,1.754381060309429,-1.0161329645585022,0
-0.2960199349169384,-1.1099901739376037,0.8491410419312149,-0.5532790162729982,-0.7423290972289317,0.9048055324001227,-0.7257958293968509,-1.461440576166749,-1.5328869209540208,-0.34097028968400567,-0.997471732522988,-0.20998014190961997,0.9841231756854657,0
-0.2960199349169384,0.9009088760241706,-0.502969299721533,0.23073353200609634,-0.7423290972289317,-1.177851894974348,0.3937987354442538,-1.461440576166749,0.4543668359648142,-0.11162799739561437,-0.4814607612315388,-0.24966420660091387,0.9841231756854657,0
0.7206745964472937,0.9009088760241706,-1.179024470547907,-0.22782971433049481,0.7785050963005594,0.21058638994196582,2.4413740852880284,-0.8828162337175963,-0.24721430456903132,2.7551506562092767,0.8085666669970842,1.278172284013902,0.9841231756854657,0
-0.634918112038349,-1.1099901739376037,-1.179024470547907,-0.3627597820613153,-0.404365943111267,0.9048055324001227,-0.11088979046078169,1.4316811360790147,0.8437611531989103,0.23238544103697253,-0.7394662468772634,0.4448069254967297,0.9841231756854657,0
-0.12657084635623306,-1.1099901739376037,-0.502969299721533,-0.01273754175397618,-0.23538436605243465,0.9048055324001227,-0.18737694390042153,-0.8828162337175963,-1.2945507440262551,-0.34097028968400567,-0.22345527558581418,-0.07108591549009124,0.9841231756854657,0
0.5512255078865883,0.9009088760241706,1.5251962127575889,0.004207678596582154,0.4405419421828948,0.9048055324001227,-0.7257958293968509,0.2744324511807092,-0.9521522926652397,-0.9143260204049839,0.8085666669970842,1.0202258635204915,0.9841231756854657,0
0.21232733076517762,-1.1099901739376037,0.8491410419312149,-0.3450881123760639,0.7785050963005594,0.9048055324001227,-1.2008713165995828,0.2744324511807092,-0.34120603631519225,-1.2583394588375707,0.03455021005991044,-0.686188918205147,-1.0161329645585022,0
-0.634918112038349,0.9009088760241706,-1.179024470547907,0.935847365586785,-0.911310674287764,-1.177851894974348,0.1705132564589698,0.2744324511807092,0.9713213605687007,-0.6849837281165926,-0.4814607612315388,0.0479662785837905,0.9841231756854657,0
-0.8043672005990544,-1.1099901739376037,-0.502969299721533,-0.34606723974021547,-0.404365943111267,0.9048055324001227,-0.7257958293968509,0.2744324511807092,0.11532523216616163,-0.570312581972397,-0.4814607612315388,0.7027533459901402,0.9841231756854657,0
-0.634918112038349,0.9009088760241706,0.8491410419312149,-0.2610252904506007,-0.404365943111267,0.9048055324001227,-0.8388637953511012,-0.8828162337175963,0.1119683846037988,-0.7996548742607882,-0.4814607612315388,-0.46792656240303043,0.9841231756854657,0
-0.2960199349169384,-1.1099901739376037,-0.502969299721533,0.6862172648586624,-0.404365943111267,0.9048055324001227,0.06599664927436881,1.4316811360790147,-0.5929696034924096,-0.6849837281165926,-0.997471732522988,0.821805540064022,-1.0161329645585022,0
-0.46546902347764374,0.9009088760241706,1.5251962127575889,-0.607273152692904,-0.5733475201700994,0.9048055324001227,0.06599664927436881,0.2744324511807092,0.2193875065994116,1.1497546101905376,0.03455021005991044,-0.2893482712922078,0.9841231756854657,0
0.0428782422044723,0.9009088760241706,0.8491410419312149,0.23182320600813597,-0.404365943111267,-1.177851894974348,-0.6949159227286734,1.4316811360790147,-1.331476067212247,-1.0289971665491795,1.066572152642809,1.0003838311748445,0.9841231756854657,0
-0.12657084635623306,-1.1099901739376037,-0.502969299721533,-0.48728267345381526,-0.5733475201700994,0.9048055324001227,-0.5674373336626071,-1.461440576166749,0.0045492626081859895,-0.2262991435398101,0.8085666669970842,-0.15045404487267908,0.9841231756854657,0
3.940207279100695,-1.1099901739376037,0.8491410419312149,-0.7141559591538349,3.4822103292418767,0.9048055324001227,-0.40733689447528637,-1.461440576166749,-1.5463143112034723,0.6910700256137552,4.936654437328678,1.258330251668255,0.9841231756854657,0
0.21232733076517762,-1.1099901739376037,-0.502969299721533,0.23663988094468796,-0.06640278899360229,0.9048055324001227,0.6994306322113446,-0.8828162337175963,-0.06258768863907171,0.1177142948927768,0.8085666669970842,-0.26950623894656084,0.9841231756854657,0
-0.12657084635623306,-1.1099901739376037,-1.179024470547907,-0.3945656290193996,0.2715603651240624,-1.177851894974348,-0.3298995900612411,-0.8828162337175963,0.7631968117022008,0.003043148748581378,0.03455021005991044,-0.40840046536608954,0.9841231756854657,0
-0.12657084635623306,0.9009088760241706,-1.179024470547907,0.8865909422192255,-0.5733475201700994,-1.177851894974348,2.244692833586097,0.853056793629862,-0.17672050575941017,0.3470565871811683,-0.22345527558581418,-0.8647672093159696,0.9841231756854657,0
-0.12657084635623306,-1.1099901739376037,-1.179024470547907,-0.0628783382246404,0.10257878806523006,-1.177851894974348,-0.7257958293968509,0.853056793629862,0.001192415045823164,-0.7996548742607882,-0.22345527558581418,0.9210157017922567,-1.0161329645585022,0
0.7206745964472937,-1.1099901739376037,0.8491410419312149,0.22447975077699933,0.10257878806523006,0.9048055324001227,0.0026532509806712224,-1.461440576166749,0.5382880250238866,-0.45564143582820127,1.8405886095799828,0.9606997664835506,0.9841231756854657,0
0.0428782422044723,-1.1099901739376037,0.8491410419312149,0.9292303596903415,0.10257878806523006,-1.177851894974348,1.2742719717266502,-1.461440576166749,-0.7238866584245627,-0.11162799739561437,-0.4814607612315388,-1.9957630530178463,-1.0161329645585022,0
-0.46546902347764374,-1.1099901739376037,1.5251962127575889,-0.6791284673201551,-0.5733475201700994,0.9048055324001227,-1.2008713165995828,0.2744324511807092,0.7464125738903866,-1.0289971665491795,-0.4814607612315388,0.0479662785837905,-1.0161329645585022,0
-0.634918112038349,0.9009088760241706,1.5251962127575889,1.2241687895757352,-0.911310674287764,-1.177851894974348,0.8577891279455886,-0.8828162337175963,-0.6936750303632967,-0.45564143582820127,-0.4814607612315388,0.9210157017922567,-1.0161329645585022,0
0.21232733076517762,0.9009088760241706,-0.502969299721533,-0.2960369899074393,0.10257878806523006,-1.177851894974348,1.0161476236798326,1.4316811360790147,0.7061304031420315,1.379096902478929,-0.22345527558581418,1.1392780575943733,-1.0161329645585022,0
-0.2960199349169384,0.9009088760241706,-0.502969299721533,-0.6779124543033862,-0.404365943111267,0.9048055324001227,-1.01084112171849,0.2744324511807092,-0.5056915668709743,-0.570312581972397,-0.4814607612315388,0.9805417988291976,0.9841231756854657,0
-0.46546902347764374,-1.1099901739376037,-0.502969299721533,1.7879724351817772,-0.404365943111267,-1.177851894974348,0.8603228638773365,0.853056793629862,0.12875262241561353,-0.6849837281165926,-0.4814607612315388,0.14717644031202531,0.9841231756854657,0
-0.12657084635623306,0.9009088760241706,1.5251962127575889,0.3645107562275126,0.10257878806523006,-1.177851894974348,0.8577891279455886,-0.8828162337175963,0.6692050799560398,0.1177142948927768,-0.4814607612315388,-1.4203441149940845,0.9841231756854657,0
-0.8043672005990544,0.9009088760241706,0.8491410419312149,0.45466943561366124,-0.911310674287764,0.9048055324001227,0.09465953700226697,-0.8828162337175963,0.2697402200348552,-0.570312581972397,-0.7394662468772634,-0.6266628211682062,0.9841231756854657,0
-0.634918112038349,0.9009088760241706,0.8491410419312149,-0.4894462290810534,-0.404365943111267,0.9048055324001227,-0.9474977234247925,0.2744324511807092,0.3503045615315648,-0.7996548742607882,-0.4814607612315388,-0.26950623894656084,0.9841231756854657,0
-0.12657084635623306,0.9009088760241706,-1.179024470547907,0.28919691107204876,-0.06640278899360229,-1.177851894974348,-0.9569992331688472,-0.8828162337175963,-0.4654093961226198,-1.143668312693375,0.03455021005991044,-2.2140254088199627,0.9841231756854657,0
-0.2960199349169384,-1.1099901739376037,-0.502969299721533,0.1712436484454689,-0.06640278899360229,0.9048055324001227,-0.015716334524501076,0.853056793629862,0.001192415045823164,-0.45564143582820127,-0.22345527558581418,0.782121475372728,-1.0161329645585022,0
0.0428782422044723,0.9009088760241706,1.5251962127575889,0.17997683283862712,0.2715603651240624,-1.177851894974348,-0.8841543251310949,0.853056793629862,-0.8749447987308929,-1.143668312693375,0.29255569570563505,1.714696995618135,0.9841231756854657,0
-0.9738162891597597,0.9009088760241706,0.8491410419312149,-0.11306651182582808,-0.911310674287764,0.9048055324001227,-0.5588859748929579,1.4316811360790147,-0.4553388534355307,-0.6849837281165926,-0.4814607612315388,-0.17029607721832604,-1.0161329645585022,0
1.398470950690115,0.9009088760241706,-1.179024470547907,-0.7158299510989972,1.4544314045358888,0.9048055324001227,-0.2507203421941191,-1.461440576166749,-1.1468494512822878,1.035083464046342,0.8085666669970842,-1.3409759856114967,0.9841231756854657,0
0.38177641932588297,-1.1099901739376037,0.8491410419312149,-0.31743566052720307,0.4405419421828948,0.9048055324001227,-0.7257958293968509,0.2744324511807092,1.357358830240434,-0.6849837281165926,0.03455021005991044,-0.24966420660091387,0.9841231756854657,0
-0.2960199349169384,0.9009088760241706,-0.502969299721533,-0.7897382747155983,0.2715603651240624,0.9048055324001227,-1.327558113186978,1.4316811360790147,1.2969355741179014,-1.143668312693375,-0.22345527558581418,-0.03140185079879733,0.9841231756854657,0
0.890123685007999,0.9009088760241706,1.5251962127575889,0.8241162994356199,0.7785050963005594,-1.177851894974348,-0.5674373336626071,-0.8828162337175963,0.4006572749670078,-1.0289971665491795,0.8085666669970842,1.3972244780877838,-1.0161329645585022,0
-0.9738162891597597,0.9009088760241706,-0.502969299721533,-0.03470473794002151,-0.911310674287764,0.9048055324001227,-0.4613371415206636,0.2744324511807092,-0.8883721889803448,-0.570312581972397,-0.4814607612315388,0.9606997664835506,-1.0161329645585022,0
-0.9738162891597597,0.9009088760241706,-1.179024470547907,-0.39015955588071766,-0.911310674287764,0.9048055324001227,-0.7257958293968509,0.2744324511807092,0.4946490067131693,-0.570312581972397,-0.997471732522988,-2.194183376474316,0.9841231756854657,0
-0.634918112038349,0.9009088760241706,-0.502969299721533,1.2219420644411325,-0.404365943111267,-1.177851894974348,-0.42016393262976015,1.4316811360790147,-0.0860856215756121,-1.143668312693375,-0.7394662468772634,1.0202258635204915,0.9841231756854657,0
-0.46546902347764374,0.9009088760241706,0.8491410419312149,-0.6782756789707328,-0.5733475201700994,0.9048055324001227,-0.2507203421941191,0.2744324511807092,-0.5359031949322403,0.9204123179021463,-0.7394662468772634,0.008282213892496587,-1.0161329645585022,0
1.7373691278115257,0.9009088760241706,0.8491410419312149,0.6936080972203226,1.7923945586535535,-1.177851894974348,-0.11548218683707477,0.2744324511807092,0.18581903097578276,-0.7996548742607882,1.066572152642809,0.5440170872249644,-1.0161329645585022,0
1.2290218621294098,0.9009088760241706,1.5251962127575889,-0.48178692631309367,1.1164682504182242,0.21058638994196582,-0.7257958293968509,0.853056793629862,-1.371758237960602,-0.45564143582820127,0.03455021005991044,1.1591200899400202,0.9841231756854657,0
0.38177641932588297,0.9009088760241706,0.8491410419312149,-0.03307812312538264,0.7785050963005594,0.9048055324001227,-0.7416316789702754,-0.3041918912684436,0.007906110170548816,-0.9143260204049839,1.3245776382885335,1.238488219322608,0.9841231756854657,0
-0.634918112038349,-1.1099901739376037,1.5251962127575889,0.17465480184315818,-0.404365943111267,-1.177851894974348,0.06599664927436881,1.4316811360790147,-0.06594453620143455,-0.34097028968400567,-0.4814607612315388,0.9011736694466097,-1.0161329645585022,0
-0.634918112038349,-1.1099901739376037,-0.502969299721533,0.2713673176183858,-0.404365943111267,-1.177851894974348,1.3328646151483206,1.4316811360790147,-0.2807827801926602,0.5763988794695595,-0.997471732522988,0.4844909901880236,0.9841231756854657,0
1.5679200392508204,0.9009088760241706,-0.502969299721533,0.27334136472353004,1.1164682504182242,-1.177851894974348,2.4413740852880284,0.853056793629862,0.7766242019516526,1.379096902478929,0.8085666669970842,1.3773824457421369,-1.0161329645585022,0
-0.12657084635623306,-1.1099901739376037,0.8491410419312149,0.42389009315025195,-0.404365943111267,-1.177851894974348,0.7627740305050422,-0.3041918912684436,0.1522505553521539,-0.11162799739561437,-0.22345527558581418,-1.0235034680811452,0.9841231756854657,0
-0.46546902347764374,-1.1099901739376037,1.5251962127575889,-0.33760252575335686,0.10257878806523006,0.9048055324001227,-0.5674373336626071,-0.8828162337175963,-0.14650887769814416,-0.45564143582820127,-0.7394662468772634,-0.4877685947486774,0.9841231756854657,0
-0.8043672005990544,-1.1099901739376037,-1.179024470547907,-0.26489442277668346,-0.911310674287764,0.9048055324001227,-0.4090788379283631,-0.8828162337175963,-1.12670836590811,-0.34097028968400567,-0.4814607612315388,-2.114815247091728,0.9841231756854657,0
0.890123685007999,-1.1099901739376037,-0.502969299721533,-0.7211835668481484,0.2715603651240624,0.9048055324001227,-1.042512820865339,-0.8828162337175963,0.10525468947907315,-0.570312581972397,1.3245776382885335,1.238488219322608,0.9841231756854657,0
0.21232733076517762,-1.1099901739376037,1.5251962127575889,-0.7231418215764516,0.7785050963005594,0.21058638994196582,0.815824126576014,-0.8828162337175963,-0.6601065547396678,3.328506386930255,0.5505611813513597,1.0202258635204915,-1.0161329645585022,0
-0.2960199349169384,-1.1099901739376037,1.5251962127575889,-0.3971871635750312,-0.06640278899360229,-1.177851894974348,0.06599664927436881,-0.3041918912684436,1.9750187817152072,0.4617277333253637,-0.4814607612315388,-0.7258729828964409,-1.0161329645585022,0
-0.9738162891597597,-1.1099901739376037,-1.179024470547907,-0.4524288977653882,-0.404365943111267,0.9048055324001227,0.06599664927436881,-0.8828162337175963,0.8471180007612732,0.6910700256137552,-0.7394662468772634,1.0995939929030794,0.9841231756854657,0
0.21232733076517762,0.9009088760241706,1.5251962127575889,0.5759233050000423,0.2715603651240624,-1.177851894974348,0.06599664927436881,0.853056793629862,-0.4654093961226198,-0.570312581972397,0.5505611813513597,0.4249648931510827,0.9841231756854657,0
-0.9738162891597597,0.9009088760241706,0.8491410419312149,-0.37354597544382356,-0.911310674287764,-1.177851894974348,-0.8860546270799059,0.853056793629862,0.001192415045823164,-0.7996548742607882,-0.7394662468772634,0.4448069254967297,-1.0161329645585022,0
-0.634918112038349,0.9009088760241706,1.5251962127575889,-0.8469066788805761,-0.404365943111267,0.9048055324001227,-0.8995150992173166,-1.461440576166749,1.0418151593783211,0.1177142948927768,-0.4814607612315388,0.7027533459901402,-1.0161329645585022,0
0.21232733076517762,0.9009088760241706,-0.502969299721533,1.3557982505467545,0.6095235192417271,-1.177851894974348,0.06599664927436881,1.4316811360790147,-0.5090484144333371,-0.9143260204049839,0.8085666669970842,0.286070666731554,-1.0161329645585022,0
0.38177641932588297,-1.1099901739376037,-0.502969299721533,0.253964118339434,0.10257878806523006,-1.177851894974348,-0.7417900374660097,0.2744324511807092,-0.965579682914691,-1.0289971665491795,0.5505611813513597,0.7424374106814341,-1.0161329645585022,0
-0.12657084635623306,0.9009088760241706,1.5251962127575889,0.3435700645361423,-0.06640278899360229,-1.177851894974348,-0.5674373336626071,1.4316811360790147,-0.33784918875282943,-0.9143260204049839,-0.4814607612315388,1.2186461869769611,-1.0161329645585022,0
0.38177641932588297,0.9009088760241706,-0.502969299721533,0.5493763195300623,0.10257878806523006,-1.177851894974348,-0.8841543251310949,0.853056793629862,-1.6671608234485367,-1.2583394588375707,1.066572152642809,-0.8052411122790287,0.9841231756854657,0
-0.634918112038349,0.9009088760241706,0.8491410419312149,-0.7301062597634005,-0.911310674287764,0.9048055324001227,-0.8841543251310949,0.853056793629862,-0.21364582894540246,-0.2262991435398101,-0.4814607612315388,-1.8568688265983175,0.9841231756854657,0
-0.8043672005990544,-1.1099901739376037,-1.179024470547907,-0.8327409168540609,-0.911310674287764,0.9048055324001227,-0.6548512233079097,-0.8828162337175963,0.3268066285950244,0.6910700256137552,-0.4814607612315388,-1.142555662155027,0.9841231756854657,0
1.7373691278115257,0.9009088760241706,-1.179024470547907,1.114269639138144,1.7923945586535535,-1.177851894974348,2.4413740852880284,-1.461440576166749,0.6759187750807655,0.3470565871811683,1.8405886095799828,-0.09092794783573821,0.9841231756854657,0
-0.46546902347764374,0.9009088760241706,0.8491410419312149,-0.639963372754093,-0.5733475201700994,0.9048055324001227,-0.7257958293968509,-1.461440576166749,-0.04916029838962042,-0.11162799739561437,-0.997471732522988,-0.011559818453150373,-1.0161329645585022,0
0.38177641932588297,0.9009088760241706,0.8491410419312149,0.5530085662035278,0.10257878806523006,-1.177851894974348,1.6495816066168083,-0.8828162337175963,-0.08272877401324927,0.3470565871811683,-0.22345527558581418,0.008282213892496587,0.9841231756854657,0
-0.634918112038349,-1.1099901739376037,-0.502969299721533,-0.5822580277765159,-0.911310674287764,0.9048055324001227,0.06599664927436881,-1.461440576166749,0.14553686022742765,1.035083464046342,-0.4814607612315388,-0.24966420660091387,0.9841231756854657,0
0.21232733076517762,-1.1099901739376037,-1.179024470547907,-0.6801549718148301,0.4405419421828948,0.9048055324001227,-0.9474977234247925,1.4316811360790147,-0.09279931670033775,-0.45564143582820127,0.8085666669970842,-0.44808453005738347,0.9841231756854657,0
0.0428782422044723,0.9009088760241706,-0.502969299721533,0.3702591813976927,0.10257878806523006,0.9048055324001227,-0.00985707018233405,-0.8828162337175963,-0.25392799969375696,-0.570312581972397,0.5505611813513597,0.6233852166075523,-1.0161329645585022,0
2.5846145706150523,-1.1099901739376037,0.8491410419312149,2.5398790813428054,2.4683208668888827,-1.177851894974348,1.6796697208063147,0.853056793629862,-0.9924344634135942,-0.6849837281165926,1.3245776382885335,-0.011559818453150373,0.9841231756854657,0
1.0595727735687044,-1.1099901739376037,-1.179024470547907,0.48142172198257627,1.2854498274770565,-1.177851894974348,0.8577891279455886,0.2744324511807092,0.001192415045823164,0.003043148748581378,1.066572152642809,-0.5671367241312653,0.9841231756854657,0
0.7206745964472937,-1.1099901739376037,0.8491410419312149,-0.7716560032324769,0.10257878806523006,-1.177851894974348,-0.5674373336626071,0.853056793629862,-1.5396006160787468,0.5763988794695595,0.5505611813513597,0.08765034327508442,-1.0161329645585022,0
-0.8043672005990544,0.9009088760241706,-1.179024470547907,-0.6977792643695581,-0.911310674287764,0.9048055324001227,-0.7628517173986641,0.2744324511807092,0.4711510737766289,-0.11162799739561437,-0.22345527558581418,-0.011559818453150373,-1.0161329645585022,0
2.5846145706150523,0.9009088760241706,0.8491410419312149,-0.26399425729673764,2.130357712771218,0.9048055324001227,-1.2800505644667048,1.4316811360790147,0.2865244578466693,-1.3730106049817663,1.582583123934258,0.008282213892496587,-1.0161329645585022,0
-0.8043672005990544,0.9009088760241706,0.8491410419312149,-0.5271110478472059,-0.911310674287764,0.9048055324001227,-0.804975077263973,0.853056793629862,-1.7846504881312382,-0.45564143582820127,-0.4814607612315388,-2.4322877646220795,0.9841231756854657,0
0.0428782422044723,0.9009088760241706,-0.502969299721533,-0.45107075335704894,-0.404365943111267,0.9048055324001227,0.0026532509806712224,1.4316811360790147,-0.5862559083676839,0.5763988794695595,0.5505611813513597,0.5638591195706114,0.9841231756854657,0
0.38177641932588297,0.9009088760241706,-0.502969299721533,-0.5380709573749668,0.10257878806523006,0.9048055324001227,-0.476539557111151,0.853056793629862,0.6087818238335078,0.003043148748581378,0.8085666669970842,1.4964346398160184,0.9841231756854657,0
-0.12657084635623306,-1.1099901739376037,-0.502969299721533,-0.8316828276057036,-0.06640278899360229,0.9048055324001227,-1.121692068732461,1.4316811360790147,-1.368401390398239,-0.570312581972397,-0.4814607612315388,-0.686188918205147,0.9841231756854657,0
-0.2960199349169384,-1.1099901739376037,-0.502969299721533,-0.43903696220408955,-0.7423290972289317,0.9048055324001227,-0.8949227028410236,-0.8828162337175963,0.6490639945818623,-0.6849837281165926,-0.4814607612315388,-0.13061201252703214,-1.0161329645585022,0
-0.46546902347764374,-1.1099901739376037,1.5251962127575889,0.7409378506132613,-0.23538436605243465,-1.177851894974348,0.38271364074285674,1.4316811360790147,-1.4724636648314886,-0.570312581972397,0.03455021005991044,0.8614896047553159,0.9841231756854657,0
0.0428782422044723,0.9009088760241706,-0.502969299721533,1.8452040088541195,-0.06640278899360229,-1.177851894974348,2.4413740852880284,0.853056793629862,1.4916327327349495,-0.11162799739561437,0.5505611813513597,0.6432272489531993,-1.0161329645585022,0
1.906818216372231,-1.1099901739376037,0.8491410419312149,-0.6804708193516532,1.4544314045358888,0.9048055324001227,-1.154947352836652,0.2744324511807092,1.0183172264417808,-0.9143260204049839,2.356599580871432,0.028124246238143545,-1.0161329645585022,0
0.21232733076517762,-1.1099901739376037,-1.179024470547907,-0.2590670357222976,0.6095235192417271,0.9048055324001227,0.19268344586176397,-0.3041918912684436,-0.4721230912473454,0.3470565871811683,0.5505611813513597,-1.5989224061049072,0.9841231756854657,0
0.21232733076517762,-1.1099901739376037,-0.502969299721533,-0.07180103113989246,-0.23538436605243465,-1.177851894974348,0.38271364074285674,0.853056793629862,-0.4318409204989903,0.23238544103697253,0.5505611813513597,-0.3488743683291487,-1.0161329645585022,0
0.38177641932588297,0.9009088760241706,-1.179024470547907,0.4625972087879206,0.6095235192417271,-1.177851894974348,1.3328646151483206,-0.3041918912684436,0.2193875065994116,0.23238544103697253,0.5505611813513597,-1.4600281796853785,0.9841231756854657,0
-0.2960199349169384,-1.1099901739376037,-0.502969299721533,-0.5651232989038637,-0.5733475201700994,-1.177851894974348,0.6994306322113446,0.853056793629862,0.5987112811464187,2.0671237793441026,-0.22345527558581418,-0.13061201252703214,-1.0161329645585022,0
-0.12657084635623306,-1.1099901739376037,-1.179024470547907,-0.2598566545643553,0.2715603651240624,0.9048055324001227,0.2302144093507798,0.2744324511807092,-0.17336365819704735,0.3470565871811683,0.8085666669970842,1.0202258635204915,0.9841231756854657,0
0.21232733076517762,0.9009088760241706,-1.179024470547907,-0.658519415542449,-0.06640278899360229,0.9048055324001227,-0.7257958293968509,-0.8828162337175963,0.7497694214527494,-0.11162799739561437,0.8085666669970842,-0.44808453005738347,0.9841231756854657,0
1.7373691278115257,0.9009088760241706,0.8491410419312149,-0.014458910829661975,0.9474866733593919,0.9048055324001227,-0.4090788379283631,1.4316811360790147,-1.0495008719737637,-0.570312581972397,2.6146050665171567,0.5837011519162584,0.9841231756854657,0
-0.2960199349169384,-1.1099901739376037,0.8491410419312149,-0.4264978149922132,-0.404365943111267,0.9048055324001227,-0.8841543251310949,0.2744324511807092,0.30330869565848406,-0.6849837281165926,-0.4814607612315388,-0.36871640067479566,0.9841231756854657,0
-0.46546902347764374,0.9009088760241706,-1.179024470547907,-0.4296404979836029,-0.911310674287764,0.9048055324001227,0.06599664927436881,-0.8828162337175963,-1.0058618536630461,0.5763988794695595,-0.7394662468772634,0.14717644031202531,0.9841231756854657,0
-0.12657084635623306,-1.1099901739376037,-1.179024470547907,-0.10840776065768762,-0.06640278899360229,-1.177851894974348,-0.7574675285436998,-0.3041918912684436,-0.21364582894540246,-0.7996548742607882,0.03455021005991044,0.8416475724096689,0.9841231756854657,0
0.21232733076517762,-1.1099901739376037,-1.179024470547907,0.9263877318589337,0.4405419421828948,-1.177851894974348,0.8577891279455886,1.4316811360790147,-1.0528577195361266,-0.34097028968400567,0.29255569570563505,0.7424374106814341,0.9841231756854657,0
0.7206745964472937,0.9009088760241706,-1.179024470547907,-0.015374868686448911,1.2854498274770565,-1.177851894974348,0.06599664927436881,-1.461440576166749,0.6692050799560398,-0.11162799739561437,0.8085666669970842,-1.9957630530178463,0.9841231756854657,0
-0.12657084635623306,-1.1099901739376037,-0.502969299721533,0.38475658333787216,0.2715603651240624,-1.177851894974348,1.3328646151483206,1.4316811360790147,-0.8078078474836352,0.3470565871811683,-0.7394662468772634,0.9606997664835506,0.9841231756854657,0
-0.46546902347764374,-1.1099901739376037,-1.179024470547907,-0.7136032259643945,-0.23538436605243465,0.9048055324001227,-0.4995015389926164,0.2744324511807092,1.1794459094352001,0.5763988794695595,-0.997471732522988,-0.03140185079879733,0.9841231756854657,0
-0.2960199349169384,0.9009088760241706,0.8491410419312149,-0.23638918257840033,0.2715603651240624,0.9048055324001227,-0.49554257659926026,-0.8828162337175963,0.10861153704143597,-0.45564143582820127,0.03455021005991044,-1.6386064707962011,-1.0161329645585022,0
-0.8043672005990544,0.9009088760241706,0.8491410419312149,0.07770540041531326,-0.7423290972289317,-1.177851894974348,-1.359229812333827,-1.461440576166749,1.0418151593783211,-1.487681751125962,-0.7394662468772634,-2.0552891500547874,0.9841231756854657,0
-0.46546902347764374,-1.1099901739376037,1.5251962127575889,-0.4156642444791815,-0.23538436605243465,0.9048055324001227,-0.11231501692238989,0.2744324511807092,-0.8145215426083608,0.3470565871811683,-0.4814607612315388,0.18686050500331922,0.9841231756854657,0
-0.12657084635623306,-1.1099901739376037,-0.502969299721533,-0.10403327227268794,-0.23538436605243465,0.9048055324001227,-0.7257958293968509,0.2744324511807092,0.5382880250238866,-0.7996548742607882,-0.4814607612315388,0.5241750548793175,0.9841231756854657,0
0.7206745964472937,-1.1099901739376037,0.8491410419312149,-0.5249159074662855,0.6095235192417271,0.9048055324001227,-0.5072611052835944,1.4316811360790147,-1.7745799454441495,0.003043148748581378,0.5505611813513597,0.26622863438590705,0.9841231756854657,0
-0.634918112038349,-1.1099901739376037,-0.502969299721533,0.18913641140649648,-0.911310674287764,0.9048055324001227,-0.4090788379283631,-0.8828162337175963,-1.267695963527352,-0.6849837281165926,-0.4814607612315388,-0.190138109563973,-1.0161329645585022,0
-0.46546902347764374,0.9009088760241706,-1.179024470547907,1.5078156700197036,-0.7423290972289317,-1.177851894974348,0.38271364074285674,0.2744324511807092,-1.7510820125076092,-0.7996548742607882,-0.7394662468772634,0.821805540064022,0.9841231756854657,0
-0.46546902347764374,0.9009088760241706,-0.502969299721533,0.5806610180523886,-0.5733475201700994,0.9048055324001227,2.4413740852880284,-0.8828162337175963,0.4745079213389917,0.8057411717579506,-0.7394662468772634,1.3773824457421369,-1.0161329645585022,0
0.5512255078865883,0.9009088760241706,-1.179024470547907,0.902020094393033,0.2715603651240624,-1.177851894974348,-1.1037975587144913,-0.8828162337175963,-0.7406708962363768,-1.3730106049817663,0.5505611813513597,0.9606997664835506,0.9841231756854657,0
0.0428782422044723,-1.1099901739376037,-1.179024470547907,3.676882836775376,0.10257878806523006,-1.177851894974348,2.7796278321763737,0.853056793629862,0.24288543953595199,-0.570312581972397,-0.4814607612315388,-1.3211339532658497,0.9841231756854657,0
-0.634918112038349,-1.1099901739376037,0.8491410419312149,-0.3080076115530341,-0.911310674287764,0.9048055324001227,0.5410721364771007,0.2744324511807092,0.24959913466067765,0.9204123179021463,-0.7394662468772634,-2.0156050853634935,0.9841231756854657,0
-0.634918112038349,-1.1099901739376037,0.8491410419312149,-0.7723034906829642,-0.911310674287764,-1.177851894974348,-0.49190033119737264,0.2744324511807092,-0.3076375606915634,0.8057411717579506,-0.4814607612315388,-0.8052411122790287,0.9841231756854657,0
0.38177641932588297,0.9009088760241706,0.8491410419312149,1.4345232490999076,-0.23538436605243465,-1.177851894974348,0.5561161935718538,0.853056793629862,0.001192415045823164,-0.6849837281165926,0.5505611813513597,0.0479662785837905,0.9841231756854657,0
-0.634918112038349,-1.1099901739376037,0.8491410419312149,-0.2944893369770062,-0.7423290972289317,-1.177851894974348,0.4618928886099787,-1.461440576166749,-0.5661148229935064,0.6910700256137552,-0.7394662468772634,-0.6465048535138531,0.9841231756854657,0
-0.12657084635623306,-1.1099901739376037,-1.179024470547907,0.1733124498116601,0.4405419421828948,-1.177851894974348,-0.46846327382870456,-0.3041918912684436,0.001192415045823164,-0.7996548742607882,1.066572152642809,0.12733440796637835,0.9841231756854657,0
-0.12657084635623306,0.9009088760241706,-0.502969299721533,0.36195239117924566,-0.404365943111267,0.9048055324001227,0.7627740305050422,-0.8828162337175963,-0.8447331706696268,0.003043148748581378,0.29255569570563505,-1.3409759856114967,0.9841231756854657,0
1.398470950690115,0.9009088760241706,-1.179024470547907,-0.08726176806738231,1.6234129815947211,-1.177851894974348,0.8577891279455886,-0.3041918912684436,-0.4553388534355307,0.6910700256137552,2.098594095225707,0.6630692812988462,-1.0161329645585022,0
-0.12657084635623306,-1.1099901739376037,-1.179024470547907,-0.22151276359403319,0.4405419421828948,-1.177851894974348,-0.5674373336626071,-1.461440576166749,0.8236200678247334,-0.570312581972397,0.29255569570563505,-1.0036614357354983,0.9841231756854657,0
0.0428782422044723,-1.1099901739376037,1.5251962127575889,1.0631497153033282,0.2715603651240624,0.9048055324001227,0.8577891279455886,-0.3041918912684436,1.6225497876671027,-0.45564143582820127,-0.22345527558581418,0.6035431842619053,0.9841231756854657,0
0.7206745964472937,-1.1099901739376037,-0.502969299721533,-0.7489623577117385,0.4405419421828948,0.9048055324001227,-1.1324604464423895,-0.8828162337175963,0.8706159336978135,-0.7996548742607882,1.3245776382885335,1.337698381050843,-1.0161329645585022,0
-0.8043672005990544,0.9009088760241706,-0.502969299721533,0.17081725427075775,-0.5733475201700994,0.9048055324001227,0.06599664927436881,1.4316811360790147,-1.4993184453303918,-0.34097028968400567,-0.4814607612315388,-0.9639773710442044,0.9841231756854657,0
-0.12657084635623306,-1.1099901739376037,0.8491410419312149,-0.2656208721113765,-0.7423290972289317,0.21058638994196582,0.010096100280180688,-0.8828162337175963,-0.23714376188194225,0.1177142948927768,0.03455021005991044,0.22654456969461315,0.9841231756854657,0
-0.12657084635623306,-1.1099901739376037,1.5251962127575889,-0.48807229229587296,-0.7423290972289317,0.9048055324001227,-1.327558113186978,1.4316811360790147,0.18246218341341994,-1.3730106049817663,0.5505611813513597,1.5162766721616654,0.9841231756854657,0
0.0428782422044723,0.9009088760241706,1.5251962127575889,0.3217923768721908,0.6095235192417271,0.9048055324001227,0.06599664927436881,-0.8828162337175963,0.21267381147468598,-0.45564143582820127,1.066572152642809,-0.17029607721832604,-1.0161329645585022,0
-0.9738162891597597,-1.1099901739376037,-1.179024470547907,-0.49118339053358034,-0.911310674287764,-1.177851894974348,-0.7257958293968509,0.2744324511807092,-1.6671608234485367,-0.45564143582820127,-0.7394662468772634,-2.273551505856904,0.9841231756854657,0
0.5512255078865883,-1.1099901739376037,1.5251962127575889,-0.803335511175832,0.6095235192417271,0.9048055324001227,-0.7257958293968509,-0.8828162337175963,0.04483143335654109,0.3470565871811683,0.5505611813513597,0.028124246238143545,-1.0161329645585022,0
0.0428782422044723,-1.1099901739376037,-0.502969299721533,-0.5248527379589208,-0.911310674287764,0.9048055324001227,-0.49000002924856173,1.4316811360790147,0.5181469396497097,0.003043148748581378,0.5505611813513597,0.06780831092943747,0.9841231756854657,0
-0.9738162891597597,0.9009088760241706,-0.502969299721533,-0.33529683873454835,-0.7423290972289317,-1.177851894974348,-0.4882580857954851,-0.8828162337175963,-0.6634634023020307,-0.34097028968400567,-0.7394662468772634,-0.051243883144444294,0.9841231756854657,0
-0.9738162891597597,0.9009088760241706,0.8491410419312149,-0.05122356411586868,-0.7423290972289317,0.9048055324001227,-0.7574675285436998,-0.8828162337175963,0.1354663175403392,-0.9143260204049839,-0.4814607612315388,-0.5274526594399713,0.9841231756854657,0
0.0428782422044723,0.9009088760241706,1.5251962127575889,-0.29891120249252934,-0.404365943111267,0.9048055324001227,0.6994306322113446,1.4316811360790147,-1.368401390398239,1.035083464046342,0.03455021005991044,-0.8647672093159696,0.9841231756854657,0
-0.46546902347764374,0.9009088760241706,0.8491410419312149,0.35862019966576214,-0.404365943111267,-1.177851894974348,1.6495816066168083,-0.8828162337175963,-0.06930138376379737,0.5763988794695595,-0.7394662468772634,-0.9242933063529105,-1.0161329645585022,0
-0.12657084635623306,0.9009088760241706,-1.179024470547907,0.31238012027486295,-0.06640278899360229,-1.177851894974348,-0.9969055740938767,1.4316811360790147,-1.4153972562713195,-1.2583394588375707,-0.4814607612315388,-0.44808453005738347,-1.0161329645585022,0
1.5679200392508204,-1.1099901739376037,-1.179024470547907,-0.108139290251388,1.9613761357123858,0.9048055324001227,0.8577891279455886,-0.3041918912684436,0.21267381147468598,0.8057411717579506,2.6146050665171567,1.35754041339649,0.9841231756854657,0
1.2290218621294098,-1.1099901739376037,-0.502969299721533,-0.34142428094891614,1.2854498274770565,-1.177851894974348,-0.326574061650822,0.853056793629862,-1.5429574636411096,-0.11162799739561437,1.3245776382885335,-1.8171847619070236,0.9841231756854657,0
-0.2960199349169384,0.9009088760241706,0.8491410419312149,-0.3931443151036958,-0.911310674287764,0.9048055324001227,-1.2800505644667048,0.2744324511807092,-1.371758237960602,-1.2583394588375707,-0.7394662468772634,-1.2616078562289088,0.9841231756854657,0
0.38177641932588297,-1.1099901739376037,-0.502969299721533,0.5715488166150426,0.4405419421828948,-1.177851894974348,-0.5674373336626071,0.853056793629862,-1.0226460914748605,-1.0289971665491795,0.8085666669970842,2.0123274808028393,0.9841231756854657,0
-0.12657084635623306,-1.1099901739376037,-1.179024470547907,-0.2973951343157786,-0.5733475201700994,0.9048055324001227,-1.0741845200121878,0.2744324511807092,-1.2509117257155373,-1.0289971665491795,-0.4814607612315388,0.40512286080543575,-1.0161329645585022,0
0.0428782422044723,0.9009088760241706,-0.502969299721533,0.9805713768009334,-0.06640278899360229,-1.177851894974348,0.7269850104691031,1.4316811360790147,-0.03237606057780569,-0.45564143582820127,-0.22345527558581418,0.821805540064022,0.9841231756854657,0
-0.46546902347764374,0.9009088760241706,-0.502969299721533,-0.2791865238179279,-0.5733475201700994,0.9048055324001227,-0.09236184645987515,-0.8828162337175963,-1.264339115964989,0.003043148748581378,-0.7394662468772634,-1.8370267942526706,0.9841231756854657,0
3.77075819053999,0.9009088760241706,-0.502969299721533,0.03999320451863731,3.651191906300709,-1.177851894974348,-0.2507203421941191,1.4316811360790147,-0.3009238655668377,-0.45564143582820127,4.4206434660372285,2.5282203217896604,0.9841231756854657,0
1.0595727735687044,-1.1099901739376037,-0.502969299721533,-0.10625999740729067,0.7785050963005594,0.9048055324001227,-0.2507203421941191,0.853056793629862,0.6389934518947737,-0.34097028968400567,0.8085666669970842,-0.8647672093159696,0.9841231756854657,0
-0.8043672005990544,-1.1099901739376037,-0.502969299721533,-0.48562447388549407,-0.911310674287764,0.9048055324001227,-0.4090788379283631,-0.8828162337175963,0.24288543953595199,0.003043148748581378,-0.7394662468772634,0.9606997664835506,-1.0161329645585022,0
1.2290218621294098,0.9009088760241706,-1.179024470547907,-0.6935153226224464,0.9474866733593919,-1.177851894974348,-1.121692068732461,0.853056793629862,-0.8279489328578127,-0.7996548742607882,1.582583123934258,-1.0433455004267922,0.9841231756854657,0
-0.12657084635623306,-1.1099901739376037,-1.179024470547907,-0.19307069290311468,-0.23538436605243465,0.9048055324001227,-0.9474977234247925,0.853056793629862,0.03476089066945202,-1.0289971665491795,0.29255569570563505,-0.36871640067479566,-1.0161329645585022,0
1.398470950690115,-1.1099901739376037,0.8491410419312149,0.8352815098623159,1.4544314045358888,-1.177851894974348,-0.09236184645987515,-0.8828162337175963,0.001192415045823164,-0.7996548742607882,2.6146050665171567,-2.749760282152431,0.9841231756854657,0
0.890123685007999,-1.1099901739376037,0.8491410419312149,-0.5800313026419132,0.2715603651240624,-1.177851894974348,0.38271364074285674,-1.461440576166749,0.5752133482098789,1.6084391947673204,0.5505611813513597,0.028124246238143545,-1.0161329645585022,0
0.38177641932588297,0.9009088760241706,-0.502969299721533,0.2729149705488189,0.9474866733593919,0.9048055324001227,-0.3298995900612411,-0.8828162337175963,0.3939435798422821,-0.6849837281165926,0.29255569570563505,0.3654387961141419,-1.0161329645585022,0
-0.8043672005990544,0.9009088760241706,-1.179024470547907,-0.7532894689662146,-0.23538436605243465,0.9048055324001227,-0.527847709729046,0.2744324511807092,-0.3915587497506358,0.5763988794695595,-0.7394662468772634,-0.30919030363785477,-1.0161329645585022,0
2.0762673049329363,-1.1099901739376037,-1.179024470547907,0.11180114201536494,2.130357712771218,0.9048055324001227,-0.5674373336626071,-1.461440576166749,-0.46205254856025635,-0.7996548742607882,2.356599580871432,-0.9242933063529105,0.9841231756854657,0
-0.8043672005990544,-1.1099901739376037,-0.502969299721533,0.04544157452883547,-0.911310674287764,-1.177851894974348,-0.5014018409414273,1.4316811360790147,-1.2777665062144405,-0.6849837281165926,-0.4814607612315388,-0.17029607721832604,-1.0161329645585022,0
1.0595727735687044,0.9009088760241706,1.5251962127575889,0.6501158913997842,0.6095235192417271,0.9048055324001227,1.3328646151483206,1.4316811360790147,0.23281489684886292,0.1177142948927768,0.5505611813513597,-0.03140185079879733,-1.0161329645585022,0
0.38177641932588297,0.9009088760241706,0.8491410419312149,-0.10637054404517875,0.10257878806523006,0.9048055324001227,0.38271364074285674,0.853056793629862,-0.34456288387755507,0.23238544103697253,0.29255569570563505,0.2463866020402601,0.9841231756854657,0
-0.46546902347764374,0.9009088760241706,1.5251962127575889,-0.4869352411633099,-0.7423290972289317,0.9048055324001227,-1.042512820865339,0.853056793629862,-0.2874964753173858,-0.9143260204049839,-0.7394662468772634,0.305912699077201,0.9841231756854657,0
-0.8043672005990544,0.9009088760241706,-0.502969299721533,0.08138502421930216,-0.911310674287764,-1.177851894974348,-0.9601664030835321,-0.8828162337175963,-1.4456088843325854,-1.143668312693375,-0.7394662468772634,0.4844909901880236,0.9841231756854657,0
-0.46546902347764374,0.9009088760241706,-1.179024470547907,-0.29973240608826934,-0.404365943111267,0.9048055324001227,0.8577891279455886,1.4316811360790147,-0.33449234119046656,1.2644257563347332,-0.22345527558581418,-1.0036614357354983,0.9841231756854657,0
-0.46546902347764374,0.9009088760241706,1.5251962127575889,-0.1508260848530275,-0.5733475201700994,0.9048055324001227,0.5234943434505996,1.4316811360790147,0.3503045615315648,0.4617277333253637,0.03455021005991044,0.5638591195706114,-1.0161329645585022,0
-0.46546902347764374,0.9009088760241706,-0.502969299721533,0.38412488826422597,-0.404365943111267,-1.177851894974348,1.0161476236798326,-0.3041918912684436,1.6259066352294655,0.1177142948927768,-0.7394662468772634,-0.6068207888225592,0.9841231756854657,0
1.0595727735687044,0.9009088760241706,-1.179024470547907,0.4607179159438233,0.9474866733593919,-1.177851894974348,0.05681185652178266,-1.461440576166749,-0.97565022560178,-0.570312581972397,0.29255569570563505,0.9408577341379036,-1.0161329645585022,0
0.7206745964472937,0.9009088760241706,1.5251962127575889,3.962898573745518,0.2715603651240624,-1.177851894974348,3.118198296056187,1.4316811360790147,0.138823165102702,-0.570312581972397,0.8085666669970842,1.1194360252487263,-1.0161329645585022,0
-0.2960199349169384,0.9009088760241706,-0.502969299721533,-0.7161457986358203,0.10257878806523006,0.9048055324001227,-1.0904954450728148,0.2744324511807092,0.739698878765661,-0.6849837281165926,0.03455021005991044,0.782121475372728,0.9841231756854657,0
-0.2960199349169384,-1.1099901739376037,-1.179024470547907,-0.6043673553541317,-0.404365943111267,0.9048055324001227,-0.646616581529729,0.853056793629862,1.8575291170325052,-0.11162799739561437,-0.4814607612315388,0.782121475372728,-1.0161329645585022,0
-0.2960199349169384,-1.1099901739376037,-1.179024470547907,-0.6070204746634456,-0.404365943111267,0.21058638994196582,-0.2507203421941191,0.853056793629862,-0.5291894998075146,0.5763988794695595,0.29255569570563505,-0.03140185079879733,0.9841231756854657,0
1.0595727735687044,0.9009088760241706,-1.179024470547907,4.82118267030856,1.6234129815947211,-1.177851894974348,0.710040651425539,0.853056793629862,-0.9991481585383204,-1.143668312693375,0.03455021005991044,-1.6187644384505542,0.9841231756854657,0
0.21232733076517762,0.9009088760241706,1.5251962127575889,-0.5879432834393314,0.2715603651240624,0.9048055324001227,-0.6356898453240661,0.853056793629862,0.5248606347744353,-0.11162799739561437,0.29255569570563505,1.8535912220376638,-1.0161329645585022,0
-0.2960199349169384,0.9009088760241706,-0.502969299721533,1.0246321081877534,-0.06640278899360229,-1.177851894974348,0.06599664927436881,0.2744324511807092,-1.8685716771903105,-0.7996548742607882,-0.7394662468772634,1.0003838311748445,-1.0161329645585022,0
0.21232733076517762,0.9009088760241706,-0.502969299721533,0.15472482226962173,0.6095235192417271,-1.177851894974348,1.385122918740621,-1.461440576166749,0.4409394457153629,0.6910700256137552,0.5505611813513597,0.3654387961141419,0.9841231756854657,0
0.21232733076517762,0.9009088760241706,-0.502969299721533,-0.04888629234337788,0.7785050963005594,-1.177851894974348,0.8577891279455886,0.2744324511807092,0.5919975860216931,0.6910700256137552,0.5505611813513597,1.3773824457421369,0.9841231756854657,0
-0.46546902347764374,0.9009088760241706,0.8491410419312149,-0.7936074070416811,-0.911310674287764,0.21058638994196582,-1.121692068732461,0.2744324511807092,0.25966967734776614,-0.6849837281165926,-0.4814607612315388,0.10749237562073138,-1.0161329645585022,0
0.21232733076517762,0.9009088760241706,-0.502969299721533,0.17067512287918737,-0.404365943111267,0.9048055324001227,-0.8841543251310949,-0.3041918912684436,-0.0860856215756121,-1.143668312693375,0.8085666669970842,1.0599099282117854,-1.0161329645585022,0
-0.2960199349169384,0.9009088760241706,0.8491410419312149,0.1240560264441005,-0.7423290972289317,-1.177851894974348,1.6495816066168083,0.2744324511807092,-0.8413763231072641,1.035083464046342,-0.4814607612315388,0.16701847265767225,-1.0161329645585022,0
0.21232733076517762,0.9009088760241706,0.8491410419312149,0.366089993911628,-0.06640278899360229,-1.177851894974348,1.6495816066168083,1.4316811360790147,-0.11965409719924096,0.5763988794695595,0.8085666669970842,-0.07108591549009124,0.9841231756854657,0
0.7206745964472937,0.9009088760241706,0.8491410419312149,-0.6916044450246668,0.6095235192417271,0.9048055324001227,-0.7257958293968509,-0.8828162337175963,-0.17336365819704735,0.003043148748581378,0.29255569570563505,0.3654387961141419,0.9841231756854657,0
1.398470950690115,0.9009088760241706,-1.179024470547907,-0.1947131000945947,0.7785050963005594,0.9048055324001227,0.14438410466281956,0.853056793629862,-1.0528577195361266,0.23238544103697253,1.3245776382885335,-1.7378166325244357,0.9841231756854657,0
1.2290218621294098,-1.1099901739376037,1.5251962127575889,0.36890103698935345,0.6095235192417271,-1.177851894974348,-0.18737694390042153,-0.8828162337175963,0.3301634761573873,-0.6849837281165926,0.8085666669970842,0.26622863438590705,-1.0161329645585022,0
-0.12657084635623306,-1.1099901739376037,0.8491410419312149,0.2673244691470504,-0.23538436605243465,-1.177851894974348,4.024959042630468,0.853056793629862,0.001192415045823164,2.525808363920885,0.5505611813513597,-1.9362369559809054,-1.0161329645585022,0
-0.8043672005990544,0.9009088760241706,1.5251962127575889,-0.10873940057135185,-0.911310674287764,0.9048055324001227,-0.4090788379283631,-0.8828162337175963,-1.428824646520771,-0.45564143582820127,-0.4814607612315388,-0.03140185079879733,-1.0161329645585022,0
-0.634918112038349,-1.1099901739376037,-0.502969299721533,-0.8647362723342391,-0.404365943111267,0.9048055324001227,-1.359229812333827,0.2744324511807092,0.6457071470194995,-1.143668312693375,-0.22345527558581418,1.4964346398160184,0.9841231756854657,0
-0.46546902347764374,0.9009088760241706,-1.179024470547907,0.23700310561203453,-0.5733475201700994,-1.177851894974348,2.4413740852880284,0.2744324511807092,-0.45869570099789353,1.379096902478929,-0.4814607612315388,-0.09092794783573821,0.9841231756854657,0
-0.634918112038349,-1.1099901739376037,0.8491410419312149,0.4632446962384079,-0.404365943111267,-1.177851894974348,-0.7257958293968509,1.4316811360790147,-0.12972463988633004,-1.0289971665491795,-0.7394662468772634,-0.46792656240303043,0.9841231756854657,0
0.890123685007999,0.9009088760241706,-0.502969299721533,1.8854903621759036,-0.06640278899360229,-1.177851894974348,-0.28730115470872947,-1.461440576166749,0.02804719554472637,-1.143668312693375,0.5505611813513597,1.794065125000723,-1.0161329645585022,0
0.0428782422044723,0.9009088760241706,-0.502969299721533,0.2549590380804267,-0.404365943111267,-1.177851894974348,0.36196867780167075,-0.3041918912684436,0.6188523665205963,-0.2262991435398101,-0.22345527558581418,-0.9838194033898514,-1.0161329645585022,0
2.0762673049329363,-1.1099901739376037,0.8491410419312149,0.11437529944047305,1.9613761357123858,-1.177851894974348,0.8283344477390192,-1.461440576166749,-0.21028898138303903,0.3470565871811683,2.098594095225707,0.9210157017922567,0.9841231756854657,0
-0.9738162891597597,0.9009088760241706,-1.179024470547907,-0.013053389290799262,-0.911310674287764,-1.177851894974348,-1.184085316051753,-1.461440576166749,0.7665536592645635,-1.2583394588375707,-0.4814607612315388,-1.12271362980938,0.9841231756854657,0
0.38177641932588297,0.9009088760241706,0.17308587110484092,0.11980787707383006,0.7785050963005594,0.9048055324001227,0.38271364074285674,0.2744324511807092,-0.012234975203628139,0.003043148748581378,-0.22345527558581418,1.694854963272488,-1.0161329645585022,0
-0.9738162891597597,-1.1099901739376037,0.8491410419312149,-0.33605487282292373,-0.911310674287764,0.9048055324001227,-1.2539214126705547,0.853056793629862,0.9948192935052411,-1.2583394588375707,-0.4814607612315388,0.32575473142284794,0.9841231756854657,0
-0.46546902347764374,-1.1099901739376037,1.5251962127575889,-0.18599570807827764,-0.7423290972289317,-1.177851894974348,-0.7257958293968509,0.853056793629862,-1.6000238722012787,-0.7996548742607882,-0.4814607612315388,-1.0631875327724392,0.9841231756854657,0
-0.8043672005990544,0.9009088760241706,-0.502969299721533,-0.5626754804934849,-0.23538436605243465,0.9048055324001227,-0.963333572998217,1.4316811360790147,0.18917587853814558,-0.6849837281165926,-0.7394662468772634,0.7027533459901402,-1.0161329645585022,0
-0.46546902347764374,-1.1099901739376037,-0.502969299721533,-0.6992953325463088,-0.5733475201700994,0.9048055324001227,-0.7257958293968509,-0.8828162337175963,-0.885015341417982,0.003043148748581378,-0.4814607612315388,0.12733440796637835,0.9841231756854657,0
0.38177641932588297,-1.1099901739376037,0.8491410419312149,-0.3752199673889859,0.2715603651240624,0.9048055324001227,-1.2008713165995828,0.2744324511807092,-1.1871316220306425,-1.143668312693375,0.5505611813513597,0.12733440796637835,0.9841231756854657,0
-0.46546902347764374,0.9009088760241706,-0.502969299721533,-0.22833507038941175,-0.7423290972289317,-1.177851894974348,-0.5674373336626071,-0.8828162337175963,-0.9252975121663365,-0.570312581972397,-0.997471732522988,1.0599099282117854,-1.0161329645585022,0
-0.12657084635623306,0.9009088760241706,-0.502969299721533,-0.7024696002913808,0.2715603651240624,0.9048055324001227,-1.0368119150189061,1.4316811360790147,0.5852838908969674,-0.570312581972397,-0.4814607612315388,-1.2219237915376149,0.9841231756854657,0
1.0595727735687044,0.9009088760241706,1.5251962127575889,0.2678929947133319,1.1164682504182242,-1.177851894974348,1.6495816066168083,-0.8828162337175963,0.9411097325074347,0.8057411717579506,0.5505611813513597,0.38528082845978884,0.9841231756854657,0
-0.2960199349169384,0.9009088760241706,-0.502969299721533,-0.37048225433663967,-0.404365943111267,0.9048055324001227,0.29815020402077047,-1.461440576166749,0.5785701957722418,0.6910700256137552,-0.22345527558581418,0.6829113136444932,0.9841231756854657,0
-0.46546902347764374,0.9009088760241706,-0.502969299721533,0.20319162679512362,-0.911310674287764,-1.177851894974348,-0.7257958293968509,-0.8828162337175963,0.19253272610050842,-1.0289971665491795,-0.7394662468772634,0.9210157017922567,0.9841231756854657,0
-0.8043672005990544,-1.1099901739376037,-0.502969299721533,0.3675113078273319,-0.911310674287764,0.9048055324001227,0.38271364074285674,1.4316811360790147,0.7229146409538463,-0.2262991435398101,-0.4814607612315388,0.18686050500331922,-1.0161329645585022,0
0.0428782422044723,-1.1099901739376037,-1.179024470547907,0.6516477519533762,-0.5733475201700994,0.9048055324001227,1.3328646151483206,1.4316811360790147,0.9981761410676039,0.1177142948927768,0.29255569570563505,0.5440170872249644,0.9841231756854657,0
-0.46546902347764374,-1.1099901739376037,-0.502969299721533,0.5711697995708549,-0.404365943111267,-1.177851894974348,-0.5674373336626071,0.853056793629862,-1.0595714146608524,-1.0289971665491795,-0.4814607612315388,-0.190138109563973,-1.0161329645585022,0
-0.46546902347764374,-1.1099901739376037,-1.179024470547907,0.11423316804890266,-0.5733475201700994,-1.177851894974348,-0.5674373336626071,1.4316811360790147,-0.41841353024953903,-0.7996548742607882,-0.7394662468772634,0.2463866020402601,-1.0161329645585022,0
0.0428782422044723,-1.1099901739376037,-0.502969299721533,-0.053134441713648325,0.10257878806523006,-1.177851894974348,0.25412654220665065,-1.461440576166749,0.6255660616453219,0.1177142948927768,0.29255569570563505,-0.17029607721832604,-1.0161329645585022,0
0.38177641932588297,-1.1099901739376037,-1.179024470547907,-0.33531263111138954,0.10257878806523006,0.9048055324001227,-1.2008713165995828,-1.461440576166749,-0.0860856215756121,-1.2583394588375707,-0.22345527558581418,0.0479662785837905,-1.0161329645585022,0
0.38177641932588297,-1.1099901739376037,-1.179024470547907,-0.4432535268206777,0.4405419421828948,0.9048055324001227,-0.963333572998217,-0.8828162337175963,-0.07601507888852362,-0.7996548742607882,0.03455021005991044,-0.32903233598350173,-1.0161329645585022,0
-0.8043672005990544,0.9009088760241706,0.8491410419312149,-0.10461759021581064,-0.911310674287764,-1.177851894974348,-0.5674373336626071,1.4316811360790147,-0.5124052619956999,-0.6849837281165926,-0.997471732522988,-1.3806600503027906,0.9841231756854657,0
1.906818216372231,-1.1099901739376037,0.8491410419312149,0.16906430044138965,1.7923945586535535,-1.177851894974348,0.06599664927436881,1.4316811360790147,-0.8212352377330865,-0.34097028968400567,2.872610552162881,-0.11076998018138517,0.9841231756854657,0
-0.46546902347764374,0.9009088760241706,0.8491410419312149,-0.5674289859226722,-0.7423290972289317,0.21058638994196582,-0.646616581529729,0.853056793629862,1.2935787265555385,-0.11162799739561437,-0.4814607612315388,-0.3488743683291487,-1.0161329645585022,0
0.5512255078865883,-1.1099901739376037,0.8491410419312149,-0.560227662083106,0.10257878806523006,0.9048055324001227,-1.121692068732461,0.853056793629862,-0.17672050575941017,-0.9143260204049839,0.29255569570563505,0.5440170872249644,-1.0161329645585022,0
-0.2960199349169384,-1.1099901739376037,-1.179024470547907,0.5543509182350258,-0.23538436605243465,-1.177851894974348,1.6495816066168083,-0.3041918912684436,1.3002924216802647,0.3470565871811683,-0.4814607612315388,0.16701847265767225,-1.0161329645585022,0
1.398470950690115,-1.1099901739376037,0.8491410419312149,-0.3723773395575782,1.1164682504182242,0.9048055324001227,0.06599664927436881,0.2744324511807092,-1.3415466098993358,0.4617277333253637,1.066572152642809,-1.162397694500674,0.9841231756854657,0
-0.9738162891597597,-1.1099901739376037,0.8491410419312149,0.12140290713478662,-0.911310674287764,-1.177851894974348,-0.2298170207571989,-0.3041918912684436,-1.3146918294004326,-0.570312581972397,-0.4814607612315388,0.286070666731554,-1.0161329645585022,0
0.38177641932588297,0.9009088760241706,1.5251962127575889,0.023111153675443592,0.2715603651240624,0.9048055324001227,-0.2507203421941191,1.4316811360790147,0.001192415045823164,-0.45564143582820127,0.5505611813513597,-0.051243883144444294,0.9841231756854657,0
-0.634918112038349,-1.1099901739376037,1.5251962127575889,-0.7969080138014822,-0.911310674287764,0.21058638994196582,-0.7257958293968509,-1.461440576166749,-0.06930138376379737,0.3470565871811683,-0.7394662468772634,1.1988041546313142,-1.0161329645585022,0
-0.8043672005990544,-1.1099901739376037,-1.179024470547907,-0.30014300788613935,-0.911310674287764,0.9048055324001227,-0.2507203421941191,-0.8828162337175963,0.24624228709831483,-0.11162799739561437,-0.4814607612315388,0.40512286080543575,0.9841231756854657,0
-0.634918112038349,0.9009088760241706,1.5251962127575889,-0.11035022300914958,-0.5733475201700994,-1.177851894974348,0.6994306322113446,1.4316811360790147,-0.37141766437645823,0.5763988794695595,-0.7394662468772634,0.9805417988291976,0.9841231756854657,0
-0.634918112038349,-1.1099901739376037,1.5251962127575889,-0.5376129784465733,-0.5733475201700994,0.9048055324001227,-1.2488539408070587,-1.461440576166749,-0.33113549362810374,-1.143668312693375,-0.7394662468772634,-1.678290535487495,0.9841231756854657,0
1.398470950690115,0.9009088760241706,-1.179024470547907,0.07960048563625176,1.1164682504182242,-1.177851894974348,0.6994306322113446,1.4316811360790147,0.9411097325074347,0.23238544103697253,1.3245776382885335,1.8337491896920168,-1.0161329645585022,0
-0.2960199349169384,-1.1099901739376037,0.8491410419312149,-0.9304641447471224,-0.7423290972289317,0.9048055324001227,-1.3509951705556462,1.4316811360790147,0.7934084397634668,-1.0289971665491795,0.29255569570563505,-0.011559818453150373,0.9841231756854657,0
-0.46546902347764374,-1.1099901739376037,-1.179024470547907,0.12468772151774667,-0.404365943111267,-1.177851894974348,1.1745061194140765,-1.461440576166749,-1.0226460914748605,0.5763988794695595,-0.4814607612315388,1.0003838311748445,0.9841231756854657,0
-0.12657084635623306,0.9009088760241706,-1.179024470547907,1.3152118420649885,-0.06640278899360229,-1.177851894974348,-0.5549270124996017,-0.8828162337175963,-1.371758237960602,-1.143668312693375,-0.4814607612315388,0.286070666731554,-1.0161329645585022,0
0.21232733076517762,0.9009088760241706,1.5251962127575889,-0.22321834029287782,0.6095235192417271,-1.177851894974348,0.5410721364771007,1.4316811360790147,-0.2438574570066685,0.6910700256137552,0.29255569570563505,-0.8250831446246757,0.9841231756854657,0
0.21232733076517762,0.9009088760241706,0.8491410419312149,-0.20284617416778905,0.2715603651240624,0.9048055324001227,-0.8841543251310949,0.2744324511807092,-0.005521280078902488,-0.9143260204049839,0.03455021005991044,-0.9242933063529105,0.9841231756854657,0
-0.9738162891597597,-1.1099901739376037,-0.502969299721533,-0.26260452813471613,-0.911310674287764,0.9048055324001227,0.06599664927436881,1.4316811360790147,0.23617174441122635,0.23238544103697253,-0.7394662468772634,-1.0235034680811452,0.9841231756854657,0
-0.46546902347764374,0.9009088760241706,-1.179024470547907,-0.07459628184077673,-0.5733475201700994,-1.177851894974348,1.6495816066168083,0.2744324511807092,0.001192415045823164,1.4937680486231246,-0.22345527558581418,-2.7696023144980777,0.9841231756854657,0
-0.12657084635623306,0.9009088760241706,-1.179024470547907,-0.6101157805243117,0.2715603651240624,0.9048055324001227,-1.1943786182744789,0.2744324511807092,0.1656779456016052,-1.0289971665491795,-0.22345527558581418,0.9408577341379036,0.9841231756854657,0
0.21232733076517762,0.9009088760241706,1.5251962127575889,-0.3893541446618188,-0.06640278899360229,0.9048055324001227,0.06599664927436881,-1.461440576166749,-1.173704231781191,0.4617277333253637,0.29255569570563505,1.3972244780877838,-1.0161329645585022,0
0.0428782422044723,0.9009088760241706,-0.502969299721533,-0.300616779191374,-0.23538436605243465,0.9048055324001227,-0.2507203421941191,0.853056793629862,1.058599397190136,-0.11162799739561437,1.066572152642809,0.9606997664835506,0.9841231756854657,0
0.5512255078865883,0.9009088760241706,-1.179024470547907,-0.3894646912997069,0.4405419421828948,-1.177851894974348,-0.4882580857954851,-0.8828162337175963,0.635636604332411,-0.2262991435398101,0.8085666669970842,-1.3806600503027906,0.9841231756854657,0
-0.9738162891597597,-1.1099901739376037,-0.502969299721533,-0.10750759517774185,-0.911310674287764,0.9048055324001227,-0.2507203421941191,-0.8828162337175963,0.5684996530851527,-0.34097028968400567,-0.7394662468772634,-0.32903233598350173,0.9841231756854657,0
-0.46546902347764374,-1.1099901739376037,-1.179024470547907,-0.5750093268064262,-0.7423290972289317,0.9048055324001227,0.06599664927436881,1.4316811360790147,-0.6701770974267564,1.035083464046342,-0.7394662468772634,-1.202081759191968,0.9841231756854657,0
-0.12657084635623306,-1.1099901739376037,-0.502969299721533,-0.01780689471998664,-0.06640278899360229,-1.177851894974348,-0.804975077263973,-0.3041918912684436,-1.1166378232210217,-0.9143260204049839,-0.4814607612315388,-0.46792656240303043,0.9841231756854657,0
-0.12657084635623306,0.9009088760241706,1.5251962127575889,-0.059593523841680346,-0.5733475201700994,0.9048055324001227,0.38271364074285674,0.2744324511807092,-0.04580345082725759,0.23238544103697253,0.03455021005991044,0.5241750548793175,0.9841231756854657,0
0.7206745964472937,0.9009088760241706,-1.179024470547907,-0.11053973153124343,0.4405419421828948,-1.177851894974348,1.8079401023510524,-0.3041918912684436,1.0216740740041443,1.7231103409115156,1.3245776382885335,0.0479662785837905,0.9841231756854657,0
-0.9738162891597597,0.9009088760241706,-1.179024470547907,-0.48996737751681146,-0.23538436605243465,0.9048055324001227,-0.4090788379283631,-0.8828162337175963,0.11532523216616163,0.003043148748581378,-0.4814607612315388,-2.670392152769843,0.9841231756854657,0
0.0428782422044723,-1.1099901739376037,1.5251962127575889,-0.6622937936074849,-0.404365943111267,-1.177851894974348,0.06172096988954422,-1.461440576166749,-0.6668202498643935,1.379096902478929,0.03455021005991044,-1.9759210206721993,0.9841231756854657,0
2.754063659175758,0.9009088760241706,1.5251962127575889,-0.11213476159219998,2.2993392898300504,0.9048055324001227,-0.7257958293968509,0.853056793629862,0.7833378970763782,-0.7996548742607882,2.6146050665171567,1.6154868338899002,-1.0161329645585022,0
-0.8043672005990544,0.9009088760241706,0.8491410419312149,-0.0166856359642647,-0.911310674287764,-1.177851894974348,-1.042512820865339,0.853056793629862,0.9612508178816116,-1.143668312693375,-0.4814607612315388,0.32575473142284794,0.9841231756854657,0
-0.2960199349169384,0.9009088760241706,0.8491410419312149,-0.7155141035621742,-0.911310674287764,0.9048055324001227,-0.47558940613674555,1.4316811360790147,-0.015591822765990965,0.5763988794695595,-0.7394662468772634,-2.154499311783022,0.9841231756854657,0
0.0428782422044723,0.9009088760241706,-0.502969299721533,-0.5859534439573459,0.10257878806523006,0.9048055324001227,0.12934004756806639,0.2744324511807092,0.2294580492865001,1.1497546101905376,0.5505611813513597,-0.20998014190961997,-1.0161329645585022,0
-0.634918112038349,0.9009088760241706,-0.502969299721533,-0.200587864279504,-0.911310674287764,-1.177851894974348,0.0026532509806712224,-0.8828162337175963,-1.1703473842188281,0.003043148748581378,-0.997471732522988,0.008282213892496587,0.9841231756854657,0
-0.8043672005990544,-1.1099901739376037,-0.502969299721533,-0.3934917473942012,-0.5733475201700994,0.9048055324001227,-0.5340236910626815,-1.461440576166749,0.8068358300129187,-0.34097028968400567,-0.4814607612315388,0.20670253734896618,0.9841231756854657,0
1.906818216372231,-1.1099901739376037,-1.179024470547907,-0.1053914166810272,1.9613761357123858,-1.177851894974348,-0.8988816652343796,-1.461440576166749,0.8672590861354508,-1.0289971665491795,1.3245776382885335,-1.142555662155027,0.9841231756854657,0
-0.9738162891597597,0.9009088760241706,-0.502969299721533,-0.5799681331345486,-0.911310674287764,0.9048055324001227,-0.2507203421941191,-0.8828162337175963,-0.6063969937418614,0.5763988794695595,-0.4814607612315388,0.8416475724096689,-1.0161329645585022,0
-0.12657084635623306,-1.1099901739376037,-0.502969299721533,0.7073632574489678,-0.404365943111267,-1.177851894974348,-0.8442479842060655,1.4316811360790147,-0.6265380791160384,-1.2583394588375707,0.03455021005991044,-2.114815247091728,0.9841231756854657,0
-0.9738162891597597,0.9009088760241706,-1.179024470547907,-0.10390693325795872,-0.5733475201700994,-1.177851894974348,0.5410721364771007,0.2744324511807092,-0.45869570099789353,0.4617277333253637,-0.4814607612315388,-2.7299182498067838,0.9841231756854657,0
-0.8043672005990544,0.9009088760241706,0.8491410419312149,-0.5214889616917551,-0.911310674287764,0.9048055324001227,-1.2008713165995828,1.4316811360790147,-0.7708825242976429,-1.143668312693375,-0.7394662468772634,-0.03140185079879733,-1.0161329645585022,0
-0.8043672005990544,-1.1099901739376037,-0.502969299721533,0.07852660401105328,-0.911310674287764,-1.177851894974348,1.6495816066168083,0.853056793629862,0.1488937077897905,1.1497546101905376,-0.4814607612315388,0.32575473142284794,-1.0161329645585022,0
-0.634918112038349,-1.1099901739376037,1.5251962127575889,0.36552146834534643,-0.911310674287764,-1.177851894974348,0.3274465257316056,0.2744324511807092,-1.3415466098993358,-0.34097028968400567,-0.4814607612315388,-0.24966420660091387,0.9841231756854657,0
0.7206745964472937,0.9009088760241706,-0.502969299721533,-0.463578315815243,0.6095235192417271,0.9048055324001227,-1.042512820865339,1.4316811360790147,-0.522475804682789,-0.9143260204049839,0.29255569570563505,-1.4005020826484376,0.9841231756854657,0
0.5512255078865883,-1.1099901739376037,1.5251962127575889,0.745201792360373,0.4405419421828948,-1.177851894974348,0.3933236599570511,1.4316811360790147,-1.6134512624507305,-0.570312581972397,0.29255569570563505,1.794065125000723,0.9841231756854657,0
0.38177641932588297,-1.1099901739376037,-1.179024470547907,0.45773315672084514,0.7785050963005594,0.9048055324001227,-0.4090788379283631,0.2744324511807092,-0.35799027412700696,-0.9143260204049839,0.8085666669970842,0.9011736694466097,0.9841231756854657,0
0.38177641932588297,0.9009088760241706,-0.502969299721533,0.268208842250155,0.10257878806523006,-1.177851894974348,-0.9587411766219238,-1.461440576166749,0.1354663175403392,-1.143668312693375,0.29255569570563505,0.8416475724096689,0.9841231756854657,0
3.0929618362971683,-1.1099901739376037,0.17308587110484092,-0.3001272155092982,2.637302443947715,-1.177851894974348,0.06599664927436881,-1.461440576166749,-0.34456288387755507,0.23238544103697253,2.098594095225707,1.794065125000723,0.9841231756854657,0
-0.634918112038349,0.9009088760241706,1.5251962127575889,0.5531191128414158,-0.911310674287764,-1.177851894974348,-0.7257958293968509,0.853056793629862,-0.7238866584245627,-1.143668312693375,-0.7394662468772634,0.22654456969461315,0.9841231756854657,0
3.940207279100695,-1.1099901739376037,-1.179024470547907,0.17610770051254437,3.9891550604183736,0.21058638994196582,-0.3037704382650908,1.4316811360790147,0.9343960373827085,-0.6849837281165926,2.872610552162881,1.1591200899400202,-1.0161329645585022,0
0.38177641932588297,-1.1099901739376037,1.5251962127575889,-0.33327541449888065,0.10257878806523006,0.9048055324001227,0.06599664927436881,0.2744324511807092,0.23281489684886292,0.3470565871811683,1.066572152642809,0.7622794430270811,0.9841231756854657,0
-0.634918112038349,-1.1099901739376037,-0.502969299721533,-0.3442984935340062,-0.911310674287764,-1.177851894974348,0.8577891279455886,0.2744324511807092,-0.6701770974267564,1.379096902478929,-0.22345527558581418,0.821805540064022,0.9841231756854657,0
0.21232733076517762,-1.1099901739376037,-0.502969299721533,1.1217394333840098,0.10257878806523006,-1.177851894974348,0.6831197071507176,0.853056793629862,-0.7641688291729173,-0.570312581972397,0.03455021005991044,-1.202081759191968,0.9841231756854657,0
-0.46546902347764374,-1.1099901739376037,-0.502969299721533,-0.2544714540615218,-0.5733475201700994,0.9048055324001227,-0.2507203421941191,0.2744324511807092,-0.22371637163249095,-0.11162799739561437,-0.7394662468772634,0.3455967637684949,-1.0161329645585022,0
-0.8043672005990544,-1.1099901739376037,0.8491410419312149,-0.2443169557526597,-0.911310674287764,-1.177851894974348,-0.35175306247256677,0.2744324511807092,1.058599397190136,-0.34097028968400567,-0.22345527558581418,-0.13061201252703214,-1.0161329645585022,0
0.38177641932588297,-1.1099901739376037,-0.502969299721533,-0.37454089518481626,-0.404365943111267,-1.177851894974348,-0.5655370317137961,0.853056793629862,0.790051592201104,-0.34097028968400567,0.5505611813513597,0.9408577341379036,-1.0161329645585022,0
1.2290218621294098,0.9009088760241706,0.8491410419312149,0.5376741682907671,0.7785050963005594,-1.177851894974348,0.8577891279455886,1.4316811360790147,-0.37813135950118393,-0.11162799739561437,1.066572152642809,0.305912699077201,0.9841231756854657,0
0.21232733076517762,0.9009088760241706,0.8491410419312149,-0.593849632377923,-0.23538436605243465,-1.177851894974348,1.0161476236798326,0.853056793629862,0.6054249762711449,2.7551506562092767,1.066572152642809,-1.9362369559809054,0.9841231756854657,0
0.0428782422044723,0.9009088760241706,1.5251962127575889,0.8411878588009075,-0.06640278899360229,-1.177851894974348,0.38271364074285674,-0.3041918912684436,-0.8514468657943525,-0.570312581972397,-0.22345527558581418,-0.7853990799333818,0.9841231756854657,0
-0.12657084635623306,0.9009088760241706,1.5251962127575889,-0.52046245719708,-0.7423290972289317,-1.177851894974348,0.6558820458844276,0.853056793629862,-0.012234975203628139,1.7231103409115156,-0.22345527558581418,-1.3608180179571436,0.9841231756854657,0
0.890123685007999,0.9009088760241706,0.8491410419312149,0.7075369735942205,0.4405419421828948,-1.177851894974348,-0.5674373336626071,0.2744324511807092,0.001192415045823164,-1.0289971665491795,0.5505611813513597,-1.0631875327724392,0.9841231756854657,0
0.890123685007999,0.9009088760241706,-0.502969299721533,-0.6806445354969058,1.4544314045358888,0.9048055324001227,-0.8524826259842462,1.4316811360790147,-1.0797125000350298,-0.34097028968400567,0.5505611813513597,-0.44808453005738347,-1.0161329645585022,0
-0.8043672005990544,0.9009088760241706,0.8491410419312149,-0.17971034209549833,-0.911310674287764,-1.177851894974348,-1.038712216967717,-0.8828162337175963,-0.8078078474836352,-1.143668312693375,-0.7394662468772634,-0.17029607721832604,0.9841231756854657,0
0.0428782422044723,-1.1099901739376037,-1.179024470547907,-0.5444510776187931,-0.06640278899360229,-1.177851894974348,0.4960983236885754,0.2744324511807092,-0.6701770974267564,1.6084391947673204,0.03455021005991044,0.5837011519162584,0.9841231756854657,0
-0.46546902347764374,0.9009088760241706,-0.502969299721533,0.019747377408277773,-0.5733475201700994,-1.177851894974348,-0.4090788379283631,-0.8828162337175963,-0.6936750303632967,-0.570312581972397,-0.7394662468772634,1.0599099282117854,0.9841231756854657,0
2.754063659175758,0.9009088760241706,0.8491410419312149,-0.7328383409569201,3.144247175124212,0.9048055324001227,-1.2540797711662888,-0.8828162337175963,-0.9823639207265057,-1.0289971665491795,2.356599580871432,0.6432272489531993,0.9841231756854657,0
-0.12657084635623306,0.9009088760241706,-0.502969299721533,-0.5189779737740116,0.10257878806523006,0.9048055324001227,-1.042512820865339,-1.461440576166749,0.15896425047687956,-0.9143260204049839,0.8085666669970842,-1.102871597463733,0.9841231756854657,0
-0.46546902347764374,0.9009088760241706,-0.502969299721533,0.8387558327673698,-0.911310674287764,0.9048055324001227,1.3328646151483206,0.2744324511807092,-0.04580345082725759,0.003043148748581378,-0.7394662468772634,-0.44808453005738347,0.9841231756854657,0
-0.634918112038349,-1.1099901739376037,0.8491410419312149,0.46052840742172946,-0.911310674287764,-1.177851894974348,-0.3298995900612411,-1.461440576166749,0.007906110170548816,-0.7996548742607882,-0.4814607612315388,1.0003838311748445,0.9841231756854657,0
0.7206745964472937,0.9009088760241706,-0.502969299721533,-0.24468018042000622,1.1164682504182242,-1.177851894974348,-0.4090788379283631,-0.3041918912684436,0.457723683527177,-0.34097028968400567,0.8085666669970842,-1.4203441149940845,-1.0161329645585022,0
-0.634918112038349,-1.1099901739376037,-1.179024470547907,-0.39464459090360543,-0.06640278899360229,0.9048055324001227,-0.2507203421941191,-0.8828162337175963,-0.18343420088413584,0.1177142948927768,-0.4814607612315388,-0.6266628211682062,0.9841231756854657,0
0.38177641932588297,-1.1099901739376037,-1.179024470547907,-0.4518129950685832,0.4405419421828948,0.9048055324001227,-1.2238332984810483,0.2744324511807092,0.2193875065994116,-1.143668312693375,-0.22345527558581418,-1.2814498885745558,0.9841231756854657,0
-0.634918112038349,-1.1099901739376037,0.8491410419312149,0.07931622285311098,-0.5733475201700994,0.9048055324001227,0.06599664927436881,1.4316811360790147,0.001192415045823164,-0.2262991435398101,-0.4814607612315388,0.9408577341379036,-1.0161329645585022,0
-0.9738162891597597,-1.1099901739376037,-0.502969299721533,-0.20515186118659756,-0.911310674287764,0.9048055324001227,-0.5674373336626071,-0.8828162337175963,1.0955247203761276,-0.570312581972397,-0.7394662468772634,-2.630708088078549,0.9841231756854657,0
1.398470950690115,0.9009088760241706,-0.502969299721533,-0.22923523586935754,1.6234129815947211,-1.177851894974348,-0.4090788379283631,0.2744324511807092,-0.4318409204989903,-0.34097028968400567,1.8405886095799828,0.008282213892496587,0.9841231756854657,0
-0.12657084635623306,-1.1099901739376037,0.8491410419312149,0.5681534555941945,-0.5733475201700994,-1.177851894974348,-0.4090788379283631,-0.8828162337175963,-1.6369491953872708,-0.9143260204049839,-0.22345527558581418,-0.5671367241312653,0.9841231756854657,0
0.38177641932588297,0.9009088760241706,0.8491410419312149,-0.45234993588118244,0.4405419421828948,-1.177851894974348,2.051653827286054,1.4316811360790147,-0.7775962194223691,3.4431775330744507,0.5505611813513597,-1.6386064707962011,0.9841231756854657,0
-0.634918112038349,0.9009088760241706,0.8491410419312149,0.14711289663218546,-0.911310674287764,-1.177851894974348,-0.4090788379283631,-0.8828162337175963,-1.1065672805339328,-0.6849837281165926,-0.4814607612315388,-0.5472946917856183,0.9841231756854657,0
0.38177641932588297,-1.1099901739376037,1.5251962127575889,-0.7150403322569395,0.6095235192417271,0.9048055324001227,-1.1167829553646993,0.2744324511807092,-0.0995130118250634,-0.7996548742607882,0.5505611813513597,-0.9242933063529105,-1.0161329645585022,0
-0.634918112038349,-1.1099901739376037,-0.502969299721533,-0.07014283157157128,-0.5733475201700994,0.9048055324001227,-0.2507203421941191,1.4316811360790147,0.6121386713958706,-0.34097028968400567,-0.4814607612315388,0.5241750548793175,-1.0161329645585022,0
-0.12657084635623306,-1.1099901739376037,-0.502969299721533,-0.18943844622964923,-0.06640278899360229,-1.177851894974348,0.3242793558169207,-0.3041918912684436,0.561785957960427,0.3470565871811683,-0.22345527558581418,0.4448069254967297,0.9841231756854657,0
-0.8043672005990544,-1.1099901739376037,1.5251962127575889,-0.14839405881948978,-0.23538436605243465,0.9048055324001227,0.06599664927436881,-0.8828162337175963,1.1660185191857488,0.003043148748581378,-0.7394662468772634,-0.9838194033898514,0.9841231756854657,0
1.5679200392508204,-1.1099901739376037,0.8491410419312149,-0.567097346009008,1.7923945586535535,0.9048055324001227,-1.001656328965904,0.2744324511807092,-0.7910236096718204,-0.7996548742607882,1.066572152642809,1.5361187045073124,0.9841231756854657,0
-0.9738162891597597,0.9009088760241706,0.8491410419312149,0.4188997020684473,-0.911310674287764,-1.177851894974348,0.8577891279455886,-0.8828162337175963,0.273097067597218,0.003043148748581378,-0.4814607612315388,-0.9639773710442044,0.9841231756854657,0
0.0428782422044723,-1.1099901739376037,-1.179024470547907,-0.5422243524841903,-0.23538436605243465,0.9048055324001227,-1.042512820865339,0.2744324511807092,1.4614211046736834,-0.7996548742607882,0.03455021005991044,-0.40840046536608954,0.9841231756854657,0
0.7206745964472937,-1.1099901739376037,-1.179024470547907,0.9129957962976352,0.6095235192417271,-1.177851894974348,-0.5674373336626071,0.2744324511807092,-0.27406908506793454,-1.143668312693375,-0.22345527558581418,-1.202081759191968,0.9841231756854657,0
-0.634918112038349,-1.1099901739376037,-0.502969299721533,-0.7935442375343165,-0.911310674287764,0.9048055324001227,-0.8841543251310949,1.4316811360790147,0.2663833724724924,-0.11162799739561437,-0.7394662468772634,0.7225953783357871,-1.0161329645585022,0
1.0595727735687044,-1.1099901739376037,-0.502969299721533,0.2647029345914188,0.6095235192417271,-1.177851894974348,-0.3298995900612411,-0.8828162337175963,-1.3516171525864242,-0.6849837281165926,1.582583123934258,-2.03544711770914,0.9841231756854657,0
0.38177641932588297,0.9009088760241706,0.8491410419312149,0.6682929171439526,0.6095235192417271,-1.177851894974348,1.0161476236798326,1.4316811360790147,-1.3012644391509811,-0.11162799739561437,0.03455021005991044,0.26622863438590705,0.9841231756854657,0
-0.12657084635623306,-1.1099901739376037,-0.502969299721533,0.07626829412276824,-0.06640278899360229,-1.177851894974348,0.8577891279455886,-1.461440576166749,-1.2844802013391665,0.4617277333253637,0.5505611813513597,-1.102871597463733,0.9841231756854657,0
1.398470950690115,0.9009088760241706,-1.179024470547907,1.0267167019307857,1.6234129815947211,-1.177851894974348,3.2331665639592484,0.2744324511807092,-0.38148820706354736,0.8057411717579506,1.8405886095799828,1.4567505751247247,0.9841231756854657,0
0.890123685007999,0.9009088760241706,-0.502969299721533,0.003923415813441381,0.7785050963005594,0.9048055324001227,0.06599664927436881,1.4316811360790147,0.11532523216616163,-0.2262991435398101,1.066572152642809,-0.38855843302044263,0.9841231756854657,0
1.0595727735687044,0.9009088760241706,0.8491410419312149,0.15998368375772604,0.9474866733593919,-1.177851894974348,-0.3774071387815143,1.4316811360790147,-1.3952561708971423,-0.6849837281165926,0.5505611813513597,0.5440170872249644,0.9841231756854657,0
0.21232733076517762,-1.1099901739376037,1.5251962127575889,-0.3018169998313017,0.2715603651240624,0.9048055324001227,-1.042512820865339,-0.3041918912684436,-0.284139627755023,-1.0289971665491795,0.8085666669970842,-0.38855843302044263,-1.0161329645585022,0
0.38177641932588297,-1.1099901739376037,-0.502969299721533,-0.454971470436814,0.7785050963005594,0.9048055324001227,-0.6177953353060966,0.853056793629862,0.3133792383455725,-0.34097028968400567,0.5505611813513597,-0.40840046536608954,0.9841231756854657,0
-0.2960199349169384,-1.1099901739376037,-0.502969299721533,-0.41684867274226806,-0.7423290972289317,0.9048055324001227,-0.7257958293968509,-0.3041918912684436,-0.7843099145470948,-0.570312581972397,-0.4814607612315388,-0.051243883144444294,0.9841231756854657,0
-0.634918112038349,0.9009088760241706,0.8491410419312149,-0.4894304367042122,-0.7423290972289317,0.9048055324001227,0.38271364074285674,1.4316811360790147,-0.059230841076708896,1.2644257563347332,-0.997471732522988,-0.6068207888225592,0.9841231756854657,0
-0.634918112038349,0.9009088760241706,-0.502969299721533,-0.7304378996770647,-0.911310674287764,0.9048055324001227,-1.1310352199807814,-0.8828162337175963,0.2563128297854033,-0.7996548742607882,-0.7394662468772634,0.5241750548793175,0.9841231756854657,0
-0.46546902347764374,-1.1099901739376037,0.8491410419312149,-0.16824507650882045,-0.911310674287764,0.9048055324001227,-1.2692821867567763,-0.3041918912684436,0.9981761410676039,-1.3730106049817663,-0.4814607612315388,-0.5274526594399713,-1.0161329645585022,0
2.415165482054347,0.9009088760241706,0.8491410419312149,0.9272878973388796,1.7923945586535535,0.9048055324001227,-1.042512820865339,-0.3041918912684436,-0.37813135950118393,-1.3730106049817663,2.098594095225707,1.0003838311748445,-1.0161329645585022,0
-0.46546902347764374,0.9009088760241706,0.8491410419312149,-0.4461435317826089,-0.404365943111267,0.9048055324001227,-0.2507203421941191,-0.8828162337175963,-0.002164432516539662,0.1177142948927768,-0.4814607612315388,-0.24966420660091387,0.9841231756854657,0
-0.8043672005990544,-1.1099901739376037,0.8491410419312149,-0.7892487110335226,-0.5733475201700994,0.9048055324001227,-0.7257958293968509,1.4316811360790147,-0.14986572526050698,0.3470565871811683,-0.4814607612315388,-1.3608180179571436,0.9841231756854657,0
-0.8043672005990544,-1.1099901739376037,0.8491410419312149,1.5974847857237766,-0.7423290972289317,-1.177851894974348,0.001228024519063027,-1.461440576166749,-1.1904884695930054,-1.0289971665491795,-0.7394662468772634,-1.3806600503027906,0.9841231756854657,0
-0.2960199349169384,0.9009088760241706,-0.502969299721533,0.5897732194897345,-0.5733475201700994,-1.177851894974348,0.38271364074285674,1.4316811360790147,-0.542616890056966,-0.45564143582820127,-0.4814607612315388,-0.26950623894656084,0.9841231756854657,0
-0.12657084635623306,-1.1099901739376037,0.8491410419312149,0.7635051571192706,-0.404365943111267,-1.177851894974348,-0.7663356043048174,-0.3041918912684436,-1.0830693475973925,-1.143668312693375,0.03455021005991044,1.0003838311748445,0.9841231756854657,0
-0.46546902347764374,0.9009088760241706,0.8491410419312149,-0.05174471255162677,-0.7423290972289317,-1.177851894974348,-0.9430636855442337,-0.3041918912684436,-1.5496711587658354,-1.0289971665491795,-0.4814607612315388,1.0400678958661385,0.9841231756854657,0
-0.2960199349169384,0.9009088760241706,0.8491410419312149,0.11606508376247654,-0.404365943111267,-1.177851894974348,-1.332150509563271,-0.8828162337175963,0.9276823422579827,-1.487681751125962,-0.4814607612315388,-1.7775006972157297,0.9841231756854657,0
-0.8043672005990544,0.9009088760241706,-1.179024470547907,-0.4865246393654399,-0.911310674287764,-1.177851894974348,-0.5674373336626071,0.2744324511807092,0.561785957960427,-0.2262991435398101,-0.4814607612315388,0.9011736694466097,0.9841231756854657,0
-0.2960199349169384,0.9009088760241706,-0.502969299721533,0.8353288869928394,-0.5733475201700994,0.9048055324001227,0.38271364074285674,0.853056793629862,-1.0461440244114009,-0.570312581972397,-0.997471732522988,-1.4798702120310254,0.9841231756854657,0
-0.634918112038349,0.9009088760241706,0.8491410419312149,0.17738688303667785,-0.404365943111267,-1.177851894974348,-0.3298995900612411,-0.8828162337175963,0.08175675654253277,-0.6849837281165926,-0.4814607612315388,-0.44808453005738347,-1.0161329645585022,0
2.5846145706150523,-1.1099901739376037,-1.179024470547907,-0.39894011740439933,2.637302443947715,0.9048055324001227,-0.4090788379283631,-0.8828162337175963,-0.448625158310805,-0.11162799739561437,2.098594095225707,1.337698381050843,-1.0161329645585022,0
-0.46546902347764374,-1.1099901739376037,-1.179024470547907,-0.2385685305824796,-0.404365943111267,0.9048055324001227,-1.042512820865339,0.2744324511807092,1.0015329886299666,-1.0289971665491795,-0.7394662468772634,0.32575473142284794,0.9841231756854657,0
-0.634918112038349,0.9009088760241706,0.8491410419312149,0.13934304722633767,-0.23538436605243465,0.9048055324001227,-0.7257958293968509,0.2744324511807092,-0.5056915668709743,-0.9143260204049839,-0.997471732522988,-1.8568688265983175,0.9841231756854657,0
-0.8043672005990544,0.9009088760241706,-1.179024470547907,-0.49410498024919386,-0.911310674287764,0.9048055324001227,-0.5674373336626071,1.4316811360790147,-1.0260029390372234,-0.2262991435398101,-0.7394662468772634,-0.5076106270943244,-1.0161329645585022,0
-0.2960199349169384,0.9009088760241706,-1.179024470547907,-0.14319836683875006,-0.5733475201700994,-1.177851894974348,-1.0783018409012781,-0.8828162337175963,0.4812216164637174,-1.143668312693375,0.03455021005991044,0.46464895784237664,0.9841231756854657,0
0.38177641932588297,-1.1099901739376037,-0.502969299721533,-0.23811055165408612,0.4405419421828948,0.9048055324001227,0.8577891279455886,0.853056793629862,-0.6466791644902159,1.035083464046342,1.066572152642809,0.08765034327508442,0.9841231756854657,0
0.21232733076517762,-1.1099901739376037,1.5251962127575889,0.7415221685563841,-0.06640278899360229,-1.177851894974348,0.38271364074285674,1.4316811360790147,-1.4053267135842307,-0.570312581972397,0.5505611813513597,-0.38855843302044263,0.9841231756854657,0
-0.46546902347764374,0.9009088760241706,-0.502969299721533,-0.012800711261340796,-0.5733475201700994,0.9048055324001227,-0.7574675285436998,-0.3041918912684436,-0.5191189571204256,-0.9143260204049839,-0.4814607612315388,0.9805417988291976,0.9841231756854657,0
0.5512255078865883,-1.1099901739376037,0.8491410419312149,1.028896049934865,0.10257878806523006,0.9048055324001227,0.38271364074285674,1.4316811360790147,-0.002164432516539662,-0.6849837281165926,0.03455021005991044,-0.8250831446246757,-1.0161329645585022,0
0.21232733076517762,-1.1099901739376037,-0.502969299721533,0.1506819737982863,-0.06640278899360229,0.9048055324001227,-1.2019798260697225,-1.461440576166749,-1.1636336890941021,-1.3730106049817663,0.29255569570563505,1.0003838311748445,-1.0161329645585022,0
-0.12657084635623306,0.9009088760241706,0.8491410419312149,0.6883176509785359,-0.7423290972289317,-1.177851894974348,0.8577891279455886,-0.3041918912684436,0.6154955189582334,-0.2262991435398101,0.5505611813513597,-0.3488743683291487,0.9841231756854657,0
0.7206745964472937,-1.1099901739376037,-1.179024470547907,-0.5189937661508527,-0.06640278899360229,0.9048055324001227,-0.03772816543156099,1.4316811360790147,0.4342257505906372,0.6910700256137552,-0.22345527558581418,-1.8370267942526706,0.9841231756854657,0
-0.12657084635623306,-1.1099901739376037,1.5251962127575889,-0.14957848708257632,0.2715603651240624,0.9048055324001227,-0.36758891204599115,-0.8828162337175963,0.138823165102702,-0.45564143582820127,0.03455021005991044,2.0718535778397804,-1.0161329645585022,0
2.2457163934936415,-1.1099901739376037,0.8491410419312149,-0.20140906787524404,2.2993392898300504,-1.177851894974348,-0.8841543251310949,0.853056793629862,-1.1602768415317393,-0.9143260204049839,1.3245776382885335,-0.190138109563973,-1.0161329645585022,0
-0.634918112038349,0.9009088760241706,-1.179024470547907,-0.3990822487959697,-0.911310674287764,0.21058638994196582,-0.7726699441341872,-0.8828162337175963,-0.1263677923239666,-0.570312581972397,-0.997471732522988,-0.30919030363785477,0.9841231756854657,0
-0.634918112038349,0.9009088760241706,0.8491410419312149,-0.30118530475765554,-0.06640278899360229,0.9048055324001227,-0.2507203421941191,-0.8828162337175963,-1.0226460914748605,-0.11162799739561437,-0.4814607612315388,-1.4401861473397315,0.9841231756854657,0
0.7206745964472937,-1.1099901739376037,1.5251962127575889,-0.4539291735652978,0.2715603651240624,0.9048055324001227,-0.23630971908230292,0.2744324511807092,1.5151306656714898,0.23238544103697253,0.8085666669970842,0.0479662785837905,0.9841231756854657,0
-0.8043672005990544,-1.1099901739376037,-0.502969299721533,-0.8726482531316573,-0.911310674287764,0.9048055324001227,-1.258038733559645,-1.461440576166749,-1.0964967378468442,-0.7996548742607882,-0.7394662468772634,0.801963507718375,-1.0161329645585022,0
-0.46546902347764374,0.9009088760241706,0.8491410419312149,0.36171550552662834,-0.911310674287764,-1.177851894974348,-0.30012819286320325,-1.461440576166749,0.02804719554472637,-0.7996548742607882,0.03455021005991044,0.4249648931510827,-1.0161329645585022,0
1.0595727735687044,0.9009088760241706,-0.502969299721533,2.1638310040012443,0.7785050963005594,-1.177851894974348,0.5355295891264021,-1.461440576166749,-0.5694716705558691,-0.9143260204049839,0.5505611813513597,1.4765926074703717,-1.0161329645585022,0
-1.143265377720465,0.9009088760241706,-1.179024470547907,-0.11262432527427577,-0.911310674287764,-1.177851894974348,-0.5674373336626071,-0.8828162337175963,-1.3751150855229646,-0.6849837281165926,-0.4814607612315388,0.9408577341379036,0.9841231756854657,0
-0.12657084635623306,0.9009088760241706,-0.502969299721533,-0.3678291350273258,0.10257878806523006,0.9048055324001227,-1.121692068732461,-1.461440576166749,1.1358068911244827,-1.143668312693375,-0.4814607612315388,-1.142555662155027,-1.0161329645585022,0
0.38177641932588297,0.9009088760241706,0.8491410419312149,0.08102179955195563,0.7785050963005594,-1.177851894974348,0.1847655210750518,-0.8828162337175963,0.860545391010725,-0.11162799739561437,1.3245776382885335,-0.46792656240303043,0.9841231756854657,0
0.7206745964472937,-1.1099901739376037,0.8491410419312149,-0.6204755797321089,1.1164682504182242,0.9048055324001227,-0.06512418519358519,-0.8828162337175963,-1.0461440244114009,1.035083464046342,0.8085666669970842,0.18686050500331922,0.9841231756854657,0
1.398470950690115,0.9009088760241706,1.5251962127575889,-0.3315382530463537,0.6095235192417271,0.9048055324001227,0.22435514500861276,0.2744324511807092,-0.48555048149679675,0.5763988794695595,1.582583123934258,1.278172284013902,0.9841231756854657,0
-0.12657084635623306,-1.1099901739376037,1.5251962127575889,-0.2994481433051286,-0.06640278899360229,-1.177851894974348,0.8577891279455886,-0.8828162337175963,-0.37141766437645823,1.2644257563347332,-0.4814607612315388,1.238488219322608,0.9841231756854657,0
-0.8043672005990544,0.9009088760241706,1.5251962127575889,-0.19002276417277195,-0.911310674287764,0.9048055324001227,-0.09236184645987515,-0.3041918912684436,-0.022305517890717212,-0.11162799739561437,-0.7394662468772634,1.0599099282117854,0.9841231756854657,0
-0.8043672005990544,0.9009088760241706,-0.502969299721533,-0.20722066255278873,-0.911310674287764,0.9048055324001227,-0.8841543251310949,0.2744324511807092,-0.5661148229935064,-0.9143260204049839,-0.7394662468772634,-0.09092794783573821,0.9841231756854657,0
-0.8043672005990544,0.9009088760241706,-1.179024470547907,0.2334340284459337,-0.911310674287764,-1.177851894974348,-1.328191547169915,-0.8828162337175963,-0.3109944082539262,-1.487681751125962,-0.4814607612315388,-0.9639773710442044,0.9841231756854657,0
1.2290218621294098,-1.1099901739376037,0.8491410419312149,-0.5830002694880502,0.4405419421828948,0.9048055324001227,-0.2507203421941191,-0.8828162337175963,0.09518414679198407,0.5763988794695595,1.3245776382885335,-1.102871597463733,0.9841231756854657,0
-0.2960199349169384,0.9009088760241706,-0.502969299721533,0.3440438358413769,-0.911310674287764,0.9048055324001227,0.8577891279455886,0.2744324511807092,-0.47883678637207105,0.1177142948927768,-0.4814607612315388,-2.0156050853634935,0.9841231756854657,0
-0.46546902347764374,-1.1099901739376037,-0.502969299721533,-0.39582901916669194,-0.404365943111267,0.9048055324001227,-1.042512820865339,0.2744324511807092,-1.6201649575754564,-1.0289971665491795,-0.4814607612315388,-1.2219237915376149,0.9841231756854657,0
-0.634918112038349,-1.1099901739376037,-1.179024470547907,0.5000725190319792,-0.5733475201700994,-1.177851894974348,2.343191817932797,1.4316811360790147,0.0985409943543475,0.9204123179021463,-0.4814607612315388,0.32575473142284794,0.9841231756854657,0
-0.12657084635623306,0.9009088760241706,1.5251962127575889,0.0005596395462755602,-0.23538436605243465,0.9048055324001227,-0.2171483410984594,-0.3041918912684436,1.572197074231659,-0.45564143582820127,0.29255569570563505,0.12733440796637835,-1.0161329645585022,0
1.906818216372231,-1.1099901739376037,0.8491410419312149,-0.7906700249492264,1.7923945586535535,0.21058638994196582,-0.3061458157011045,0.853056793629862,0.4980058542755321,1.379096902478929,1.582583123934258,-0.6465048535138531,0.9841231756854657,0
0.890123685007999,0.9009088760241706,1.5251962127575889,-0.5640967944091887,0.6095235192417271,-1.177851894974348,-0.4090788379283631,-0.3041918912684436,0.2294580492865001,0.23238544103697253,0.8085666669970842,-1.162397694500674,0.9841231756854657,0
-0.46546902347764374,0.9009088760241706,0.8491410419312149,-0.01752263193684587,-0.06640278899360229,-1.177851894974348,0.29276601516580614,0.853056793629862,-0.17336365819704735,0.1177142948927768,-0.4814607612315388,-0.8449251769703227,-1.0161329645585022,0
0.21232733076517762,0.9009088760241706,1.5251962127575889,0.517365171673043,-0.06640278899360229,-1.177851894974348,-0.6380652227600798,0.2744324511807092,-0.03237606057780569,-1.0289971665491795,0.29255569570563505,-0.6465048535138531,0.9841231756854657,0
-0.634918112038349,-1.1099901739376037,-0.502969299721533,-0.660256576994976,-0.911310674287764,0.9048055324001227,-0.4090788379283631,-0.8828162337175963,1.5621265315445705,0.4617277333253637,-0.4814607612315388,0.32575473142284794,-1.0161329645585022,0
0.5512255078865883,0.9009088760241706,-0.502969299721533,-0.06884785667059665,0.10257878806523006,-1.177851894974348,-0.5674373336626071,0.2744324511807092,0.5349311774615239,-0.6849837281165926,0.03455021005991044,-0.36871640067479566,-1.0161329645585022,0
-0.8043672005990544,0.9009088760241706,0.8491410419312149,-0.22462386183174055,-0.404365943111267,-1.177851894974348,-0.4090788379283631,0.2744324511807092,-0.9118701219168851,-0.34097028968400567,-0.4814607612315388,0.4249648931510827,-1.0161329645585022,0
-0.8043672005990544,0.9009088760241706,-1.179024470547907,-0.7893276729177283,-0.7423290972289317,0.9048055324001227,-0.804975077263973,0.2744324511807092,0.3335203237197501,0.1177142948927768,-0.4814607612315388,-0.20998014190961997,-1.0161329645585022,0
0.21232733076517762,-1.1099901739376037,-1.179024470547907,-0.4783599805385632,-0.23538436605243465,-1.177851894974348,-0.5674373336626071,-0.8828162337175963,-0.9487954451028768,-0.2262991435398101,0.5505611813513597,-0.5472946917856183,0.9841231756854657,0
-0.634918112038349,0.9009088760241706,0.8491410419312149,0.17345458120323048,-0.911310674287764,-1.177851894974348,-0.2507203421941191,-0.8828162337175963,1.2096575374964662,-0.570312581972397,-0.7394662468772634,0.6233852166075523,0.9841231756854657,0
-0.2960199349169384,0.9009088760241706,-1.179024470547907,0.6415090460213553,0.10257878806523006,0.9048055324001227,1.6495816066168083,-0.3041918912684436,0.6524208421442251,0.3470565871811683,-0.4814607612315388,-2.4719718293133734,0.9841231756854657,0
-0.12657084635623306,-1.1099901739376037,-0.502969299721533,1.3656053165651112,-0.23538436605243465,-1.177851894974348,-0.7257958293968509,-0.8828162337175963,-0.945438597540514,-1.2583394588375707,-0.22345527558581418,-2.0156050853634935,0.9841231756854657,0
0.38177641932588297,0.9009088760241706,-1.179024470547907,0.4381979865683376,0.6095235192417271,0.9048055324001227,-0.3896007429530511,-0.8828162337175963,-0.572828518118232,-0.7996548742607882,0.8085666669970842,-1.9163949236352584,0.9841231756854657,0
-0.2960199349169384,0.9009088760241706,0.8491410419312149,1.6757044282180127,-0.7423290972289317,-1.177851894974348,1.9878353535051536,0.853056793629862,0.7967652873258302,-0.2262991435398101,-0.7394662468772634,0.4448069254967297,0.9841231756854657,0
-0.8043672005990544,0.9009088760241706,-0.502969299721533,-0.3015169446713198,-0.7423290972289317,-1.177851894974348,0.06599664927436881,1.4316811360790147,0.16903479316396802,0.23238544103697253,-0.4814607612315388,1.4170665104334308,0.9841231756854657,0
-0.12657084635623306,0.9009088760241706,-1.179024470547907,0.6933870039445464,0.2715603651240624,-1.177851894974348,2.4413740852880284,0.853056793629862,-0.008878127641265313,0.6910700256137552,-0.7394662468772634,-0.07108591549009124,-1.0161329645585022,0
-0.634918112038349,-1.1099901739376037,0.8491410419312149,-0.31680396545355693,-0.404365943111267,0.9048055324001227,-0.7257958293968509,0.2744324511807092,0.9343960373827085,-0.6849837281165926,-0.4814607612315388,0.38528082845978884,-1.0161329645585022,0
-0.8043672005990544,-1.1099901739376037,0.8491410419312149,0.501683341469777,-0.5733475201700994,0.9048055324001227,-0.4269733479463326,1.4316811360790147,0.4107278176540969,-0.9143260204049839,-0.4814607612315388,-1.102871597463733,0.9841231756854657,0
2.2457163934936415,0.9009088760241706,-1.179024470547907,-0.7031486724955505,2.4683208668888827,0.9048055324001227,-0.7257958293968509,1.4316811360790147,-1.1703473842188281,0.003043148748581378,1.8405886095799828,0.32575473142284794,0.9841231756854657,0
-0.46546902347764374,0.9009088760241706,-1.179024470547907,-0.5648706208744053,-0.7423290972289317,-1.177851894974348,-1.2008713165995828,1.4316811360790147,1.4043546961135143,-1.0289971665491795,-0.7394662468772634,1.1789621222856672,0.9841231756854657,0
0.7206745964472937,-1.1099901739376037,-1.179024470547907,1.4034280590996753,0.10257878806523006,-1.177851894974348,2.4413740852880284,-0.3041918912684436,1.5587696839822078,0.1177142948927768,1.066572152642809,-0.13061201252703214,0.9841231756854657,0
2.0762673049329363,0.9009088760241706,0.8491410419312149,-0.20673109887071295,1.4544314045358888,-1.177851894974348,0.337423110962863,-0.8828162337175963,-0.8245920852954493,0.4617277333253637,2.098594095225707,-1.202081759191968,0.9841231756854657,0
1.0595727735687044,-1.1099901739376037,0.8491410419312149,-0.6796338233790721,0.7785050963005594,-1.177851894974348,-0.8841543251310949,0.2744324511807092,-0.10286985938742682,-0.34097028968400567,0.03455021005991044,-1.3608180179571436,0.9841231756854657,0
1.398470950690115,0.9009088760241706,-1.179024470547907,-0.0944157147764251,0.9474866733593919,-1.177851894974348,-1.3519453215300516,-1.461440576166749,-0.4519820058731679,-1.487681751125962,1.582583123934258,0.12733440796637835,-1.0161329645585022,0
2.754063659175758,-1.1099901739376037,1.5251962127575889,-0.2620202101915934,2.2993392898300504,0.21058638994196582,0.0026532509806712224,-0.8828162337175963,-0.7775962194223691,0.1177142948927768,2.356599580871432,0.16701847265767225,-1.0161329645585022,0
-0.2960199349169384,0.9009088760241706,-0.502969299721533,-0.17803635015033598,-0.5733475201700994,0.9048055324001227,0.38271364074285674,-1.461440576166749,-0.04244660326489417,0.3470565871811683,0.03455021005991044,-0.9242933063529105,0.9841231756854657,0
0.7206745964472937,-1.1099901739376037,-1.179024470547907,-0.3510260460683378,0.2715603651240624,0.9048055324001227,-0.9840785359394029,-0.8828162337175963,-0.39827244487536145,-0.9143260204049839,0.8085666669970842,1.1789621222856672,0.9841231756854657,0
-0.2960199349169384,0.9009088760241706,0.8491410419312149,0.8284118259364138,-0.404365943111267,-1.177851894974348,-0.5674373336626071,-0.8828162337175963,-1.0495008719737637,-1.0289971665491795,-0.7394662468772634,0.286070666731554,0.9841231756854657,0
0.21232733076517762,-1.1099901739376037,-1.179024470547907,0.26931430862903577,0.2715603651240624,-1.177851894974348,1.0161476236798326,-0.3041918912684436,0.35701825665629044,0.3470565871811683,0.29255569570563505,0.286070666731554,0.9841231756854657,0
1.5679200392508204,-1.1099901739376037,-1.179024470547907,-0.33351230015149796,1.4544314045358888,0.9048055324001227,-0.3298995900612411,0.2744324511807092,1.7736079279734327,-0.11162799739561437,1.8405886095799828,0.4249648931510827,-1.0161329645585022,0
0.0428782422044723,-1.1099901739376037,-1.179024470547907,2.1669105174852694,0.4405419421828948,-1.177851894974348,0.7531141622652533,0.2744324511807092,-0.2572848472561198,-0.7996548742607882,-0.22345527558581418,-0.9838194033898514,-1.0161329645585022,0
-0.8043672005990544,0.9009088760241706,1.5251962127575889,0.23043347684611443,-0.7423290972289317,0.9048055324001227,0.0026532509806712224,-1.461440576166749,0.6087818238335078,-0.45564143582820127,-0.22345527558581418,-1.6981325678331418,0.9841231756854657,0
-0.9738162891597597,0.9009088760241706,0.8491410419312149,-0.011047757431972692,-0.911310674287764,-1.177851894974348,-0.7257958293968509,-0.8828162337175963,-0.5493305851816922,-0.9143260204049839,-0.4814607612315388,-0.8052411122790287,-1.0161329645585022,0
0.0428782422044723,0.9009088760241706,1.5251962127575889,0.9966322240483871,0.10257878806523006,-1.177851894974348,2.4413740852880284,-0.3041918912684436,0.35701825665629044,0.3470565871811683,0.03455021005991044,-0.22982217425526694,0.9841231756854657,0
0.0428782422044723,0.9009088760241706,-0.502969299721533,-0.16222818093234076,-0.06640278899360229,0.9048055324001227,-0.32008136332571796,0.853056793629862,0.7430557263280237,-0.34097028968400567,-0.22345527558581418,0.08765034327508442,0.9841231756854657,0
-0.634918112038349,-1.1099901739376037,-0.502969299721533,-0.2580405312276226,-0.7423290972289317,-1.177851894974348,-0.7257958293968509,0.853056793629862,-0.676890792551482,-0.6849837281165926,-0.997471732522988,-1.12271362980938,0.9841231756854657,0
-0.8043672005990544,-1.1099901739376037,-1.179024470547907,-0.5663866890511561,-0.911310674287764,0.9048055324001227,0.06599664927436881,-1.461440576166749,0.058258823605992396,1.035083464046342,-0.4814607612315388,-1.0631875327724392,0.9841231756854657,0
-0.12657084635623306,-1.1099901739376037,-0.502969299721533,-0.7730299400176572,-0.23538436605243465,0.9048055324001227,-0.5674373336626071,0.2744324511807092,-0.885015341417982,0.5763988794695595,-0.22345527558581418,-0.7853990799333818,0.9841231756854657,0
-0.12657084635623306,0.9009088760241706,-0.502969299721533,0.2679403718438554,-0.06640278899360229,0.9048055324001227,-0.09236184645987515,-0.8828162337175963,0.3905867322799193,-0.570312581972397,0.5505611813513597,-2.3529196352394917,0.9841231756854657,0
2.2457163934936415,0.9009088760241706,-1.179024470547907,0.27048294451528115,1.9613761357123858,-1.177851894974348,0.06599664927436881,-0.3041918912684436,-0.05251714595198324,-0.45564143582820127,1.8405886095799828,-0.7258729828964409,0.9841231756854657,0
-0.634918112038349,0.9009088760241706,-1.179024470547907,-0.47101652530742655,-0.911310674287764,0.9048055324001227,-1.2008713165995828,1.4316811360790147,-1.3918993233347792,-1.143668312693375,-0.22345527558581418,-1.4005020826484376,0.9841231756854657,0
-0.634918112038349,-1.1099901739376037,1.5251962127575889,0.34347531027509537,-0.404365943111267,-1.177851894974348,1.6495816066168083,-0.8828162337175963,0.058258823605992396,0.6910700256137552,-0.4814607612315388,0.5837011519162584,-1.0161329645585022,0
-0.12657084635623306,0.9009088760241706,-1.179024470547907,0.12149766139583354,-0.7423290972289317,0.9048055324001227,0.38271364074285674,0.2744324511807092,0.9108981044461687,0.003043148748581378,0.03455021005991044,-0.24966420660091387,0.9841231756854657,0
-0.8043672005990544,-1.1099901739376037,1.5251962127575889,0.08065857488460908,-0.23538436605243465,-1.177851894974348,1.6495816066168083,0.853056793629862,0.11532523216616163,1.1497546101905376,-0.997471732522988,-0.7060309505507939,0.9841231756854657,0
0.890123685007999,-1.1099901739376037,-1.179024470547907,-0.5657234092238276,0.6095235192417271,0.9048055324001227,-0.7257958293968509,1.4316811360790147,-0.6265380791160384,-0.34097028968400567,1.066572152642809,1.0003838311748445,0.9841231756854657,0
-0.2960199349169384,0.9009088760241706,-1.179024470547907,2.545153735207751,-0.5733475201700994,-1.177851894974348,0.38271364074285674,0.2744324511807092,0.23617174441122635,-1.0289971665491795,-0.997471732522988,1.0797519605574324,-1.0161329645585022,0
-0.8043672005990544,-1.1099901739376037,0.8491410419312149,0.4636079209057545,-0.911310674287764,0.9048055324001227,-1.121850427228195,1.4316811360790147,0.7430557263280237,-1.3730106049817663,-0.7394662468772634,0.5241750548793175,-1.0161329645585022,0
0.7206745964472937,-1.1099901739376037,0.8491410419312149,1.21205603653857,0.6095235192417271,-1.177851894974348,-0.09236184645987515,-0.3041918912684436,-0.21700267650776528,-0.9143260204049839,0.5505611813513597,-1.6187644384505542,0.9841231756854657,0
1.0595727735687044,-1.1099901739376037,-0.502969299721533,0.3143383750031661,0.9474866733593919,-1.177851894974348,-0.7257958293968509,0.853056793629862,-0.5929696034924096,-1.0289971665491795,0.8085666669970842,0.7622794430270811,0.9841231756854657,0
1.0595727735687044,0.9009088760241706,1.5251962127575889,-0.3319014777137002,1.1164682504182242,-1.177851894974348,-0.7257958293968509,-1.461440576166749,0.4946490067131693,-0.6849837281165926,1.066572152642809,-0.15045404487267908,0.9841231756854657,0
-0.2960199349169384,-1.1099901739376037,0.8491410419312149,-0.2015196145131321,-0.23538436605243465,-1.177851894974348,0.06599664927436881,1.4316811360790147,-1.3482603050240614,0.1177142948927768,-0.7394662468772634,-0.30919030363785477,0.9841231756854657,0
-0.46546902347764374,0.9009088760241706,-1.179024470547907,-0.4881670465569199,-0.911310674287764,0.9048055324001227,-1.282742658894187,0.2744324511807092,1.0183172264417808,-1.2583394588375707,-0.7394662468772634,0.9606997664835506,-1.0161329645585022,0
1.7373691278115257,0.9009088760241706,-1.179024470547907,0.8354236412538862,1.2854498274770565,-1.177851894974348,1.0161476236798326,1.4316811360790147,-1.633592347824908,-0.2262991435398101,1.8405886095799828,-0.7258729828964409,0.9841231756854657,0
0.0428782422044723,0.9009088760241706,-1.179024470547907,0.22792248892837091,-0.5733475201700994,0.9048055324001227,1.3328646151483206,-0.8828162337175963,-0.4519820058731679,0.5763988794695595,-0.4814607612315388,-0.8052411122790287,0.9841231756854657,0
-0.8043672005990544,-1.1099901739376037,-1.179024470547907,0.27070403779105734,-0.7423290972289317,-1.177851894974348,-0.5674373336626071,0.853056793629862,-1.1535631464070133,-0.9143260204049839,-0.7394662468772634,0.7424374106814341,0.9841231756854657,0
-0.12657084635623306,-1.1099901739376037,0.8491410419312149,0.080958630044591,0.10257878806523006,-1.177851894974348,2.4413740852880284,0.853056793629862,-0.21028898138303903,1.7231103409115156,0.29255569570563505,1.0400678958661385,-1.0161329645585022,0
-0.46546902347764374,0.9009088760241706,-0.502969299721533,-0.1094500575292038,-0.5733475201700994,-1.177851894974348,0.38271364074285674,-0.8828162337175963,0.7061304031420315,0.23238544103697253,-0.7394662468772634,0.7027533459901402,-1.0161329645585022,0
-0.46546902347764374,0.9009088760241706,1.5251962127575889,-0.3504575205020563,-0.23538436605243465,0.9048055324001227,-1.042512820865339,0.853056793629862,-1.0327166341619494,-1.0289971665491795,-0.4814607612315388,0.305912699077201,0.9841231756854657,0
0.890123685007999,0.9009088760241706,-0.502969299721533,-0.5214889616917551,0.6095235192417271,-1.177851894974348,0.06599664927436881,1.4316811360790147,-0.3479197314399179,0.8057411717579506,1.066572152642809,0.12733440796637835,0.9841231756854657,0
-0.2960199349169384,0.9009088760241706,0.8491410419312149,1.21534085092153,-0.7423290972289317,-1.177851894974348,-0.3881755164914429,-0.8828162337175963,-0.6701770974267564,-1.0289971665491795,-0.7394662468772634,-0.8250831446246757,-1.0161329645585022,0
0.7206745964472937,0.9009088760241706,1.5251962127575889,-0.2247344084696286,0.4405419421828948,-1.177851894974348,-0.9194682696798313,0.853056793629862,-0.5694716705558691,-0.9143260204049839,0.29255569570563505,0.5043330225336705,0.9841231756854657,0
-0.46546902347764374,0.9009088760241706,-1.179024470547907,-0.06854780151061471,-0.23538436605243465,0.9048055324001227,-1.271024130209853,-0.8828162337175963,-0.29085332287974863,-1.3730106049817663,-0.4814607612315388,0.10749237562073138,0.9841231756854657,0
0.890123685007999,-1.1099901739376037,-0.502969299721533,0.5065631859136935,0.9474866733593919,-1.177851894974348,0.5470897593150019,-1.461440576166749,-0.8413763231072641,-0.2262991435398101,0.29255569570563505,1.1392780575943733,-1.0161329645585022,0
-0.8043672005990544,-1.1099901739376037,0.8491410419312149,-0.1085183072955757,-0.911310674287764,0.9048055324001227,0.5729021941196837,0.853056793629862,-0.8447331706696268,0.4617277333253637,-0.4814607612315388,0.26622863438590705,-1.0161329645585022,0
-0.2960199349169384,-1.1099901739376037,0.8491410419312149,-0.2980110370125836,-0.7423290972289317,0.9048055324001227,-0.4090788379283631,1.4316811360790147,-0.33449234119046656,-0.34097028968400567,-0.997471732522988,-2.0156050853634935,0.9841231756854657,0
2.415165482054347,-1.1099901739376037,-0.502969299721533,0.6258114234412481,2.637302443947715,-1.177851894974348,-0.7348222636537028,1.4316811360790147,0.92432549469562,-1.143668312693375,2.098594095225707,1.5758027691986063,-1.0161329645585022,0
0.0428782422044723,-1.1099901739376037,-1.179024470547907,-0.05585073053032683,-0.404365943111267,-1.177851894974348,2.4413740852880284,-0.8828162337175963,0.5450017201486129,2.1817949254882985,0.03455021005991044,-0.7060309505507939,-1.0161329645585022,0
-0.2960199349169384,0.9009088760241706,0.8491410419312149,-0.5617121455061744,-0.404365943111267,0.9048055324001227,-0.4090788379283631,0.853056793629862,0.3939435798422821,0.23238544103697253,0.03455021005991044,0.2463866020402601,-1.0161329645585022,0
0.21232733076517762,-1.1099901739376037,0.8491410419312149,0.5690852058278226,-0.23538436605243465,0.9048055324001227,-0.4090788379283631,1.4316811360790147,-1.4422520367702227,-0.9143260204049839,0.8085666669970842,-1.7576586648700827,0.9841231756854657,0
2.754063659175758,-1.1099901739376037,0.8491410419312149,0.08580688973482531,3.3132287521830444,0.9048055324001227,-0.012549164609816197,-0.8828162337175963,1.0485288545030476,-0.34097028968400567,2.098594095225707,0.9011736694466097,0.9841231756854657,0
1.906818216372231,0.9009088760241706,-0.502969299721533,-0.5204308724433977,1.6234129815947211,0.9048055324001227,-0.4138295928003904,0.2744324511807092,-0.9823639207265057,0.1177142948927768,1.8405886095799828,1.1591200899400202,0.9841231756854657,0
-0.634918112038349,0.9009088760241706,-1.179024470547907,0.36225244633922754,-0.911310674287764,0.9048055324001227,1.0161476236798326,1.4316811360790147,-1.616808110013093,0.23238544103697253,-0.7394662468772634,0.4844909901880236,-1.0161329645585022,0
-0.8043672005990544,-1.1099901739376037,0.8491410419312149,-0.3957974344130097,-0.7423290972289317,-1.177851894974348,-0.7257958293968509,1.4316811360790147,-1.2005590122800942,-0.570312581972397,-0.4814607612315388,-1.12271362980938,0.9841231756854657,0
-0.2960199349169384,-1.1099901739376037,-0.502969299721533,-0.34764647742433086,-0.23538436605243465,0.9048055324001227,0.4039336791712454,0.2744324511807092,-0.3915587497506358,0.8057411717579506,-0.4814607612315388,-0.8449251769703227,0.9841231756854657,0
-0.8043672005990544,0.9009088760241706,-1.179024470547907,0.3311572563389952,-0.911310674287764,0.9048055324001227,0.12934004756806639,-0.8828162337175963,0.2663833724724924,-0.45564143582820127,-0.7394662468772634,0.4844909901880236,0.9841231756854657,0
0.38177641932588297,-1.1099901739376037,-0.502969299721533,-0.48928830531264184,0.10257878806523006,0.9048055324001227,-0.3298995900612411,0.2744324511807092,0.4543668359648142,0.1177142948927768,0.29255569570563505,0.22654456969461315,-1.0161329645585022,0
-0.46546902347764374,-1.1099901739376037,1.5251962127575889,0.6122141869810144,-0.911310674287764,-1.177851894974348,0.06599664927436881,1.4316811360790147,-0.5963264510547723,-0.6849837281165926,0.29255569570563505,0.7622794430270811,0.9841231756854657,0
-0.46546902347764374,-1.1099901739376037,0.8491410419312149,0.5902943679254925,-0.06640278899360229,-1.177851894974348,-0.2507203421941191,-0.8828162337175963,0.09518414679198407,-0.7996548742607882,-0.4814607612315388,-0.011559818453150373,0.9841231756854657,0
-0.9738162891597597,-1.1099901739376037,0.8491410419312149,-0.2967318544884501,-0.911310674287764,-1.177851894974348,0.8577891279455886,0.853056793629862,-1.5026752928927547,1.2644257563347332,-0.4814607612315388,-1.678290535487495,-1.0161329645585022,0
-0.8043672005990544,-1.1099901739376037,0.8491410419312149,-0.6187857954101054,-0.911310674287764,0.9048055324001227,-0.7257958293968509,-0.8828162337175963,0.4812216164637174,-0.2262991435398101,-0.7394662468772634,-1.8370267942526706,0.9841231756854657,0
0.890123685007999,0.9009088760241706,-0.502969299721533,-0.013732461494968887,0.7785050963005594,0.9048055324001227,-0.13100131941903068,-0.8828162337175963,-1.3986130184595051,-0.34097028968400567,1.3245776382885335,1.4765926074703717,0.9841231756854657,0
0.38177641932588297,0.9009088760241706,1.5251962127575889,-0.41482724850660035,-0.06640278899360229,-1.177851894974348,0.8166159190546852,0.853056793629862,-0.3109944082539262,1.4937680486231246,1.066572152642809,1.337698381050843,-1.0161329645585022,0
0.21232733076517762,-1.1099901739376037,-1.179024470547907,-0.11136093512698345,-0.06640278899360229,-1.177851894974348,2.2130211344392485,1.4316811360790147,0.48793531158844367,2.0671237793441026,0.03455021005991044,0.32575473142284794,-1.0161329645585022,0
0.7206745964472937,-1.1099901739376037,-1.179024470547907,-0.6865192996818152,-0.06640278899360229,0.9048055324001227,-0.5674373336626071,1.4316811360790147,0.23617174441122635,0.23238544103697253,0.8085666669970842,-1.2417658238832618,0.9841231756854657,0
0.21232733076517762,0.9009088760241706,-0.502969299721533,-0.5487623964964281,-0.23538436605243465,0.9048055324001227,-0.09236184645987515,0.2744324511807092,-0.3680608168140954,0.6910700256137552,0.03455021005991044,1.278172284013902,0.9841231756854657,0
-0.8043672005990544,0.9009088760241706,-1.179024470547907,-0.30017459263982166,-0.404365943111267,0.9048055324001227,0.4618928886099787,-1.461440576166749,-0.915226969479248,0.8057411717579506,-0.997471732522988,1.1591200899400202,-1.0161329645585022,0
0.890123685007999,0.9009088760241706,-0.502969299721533,-0.19731884227338511,1.4544314045358888,0.9048055324001227,0.19885942719539948,1.4316811360790147,-0.5258326522451519,0.23238544103697253,0.5505611813513597,1.258330251668255,0.9841231756854657,0
0.890123685007999,0.9009088760241706,-0.502969299721533,0.2704039826310754,0.9474866733593919,-1.177851894974348,-0.2507203421941191,1.4316811360790147,3.018998373610068,-0.6849837281165926,0.03455021005991044,0.10749237562073138,0.9841231756854657,0
2.2457163934936415,-1.1099901739376037,0.8491410419312149,1.2589593957567977,2.4683208668888827,-1.177851894974348,-0.2820753243494994,0.853056793629862,0.007906110170548816,-1.0289971665491795,2.872610552162881,0.16701847265767225,0.9841231756854657,0
2.2457163934936415,-1.1099901739376037,-1.179024470547907,-0.10943426515236264,2.637302443947715,-1.177851894974348,-0.9093333259528398,-0.8828162337175963,0.5919975860216931,-1.0289971665491795,2.098594095225707,-0.20998014190961997,0.9841231756854657,0
-0.2960199349169384,0.9009088760241706,-0.502969299721533,-0.5439141368061938,-0.404365943111267,0.9048055324001227,-0.4090788379283631,0.853056793629862,-1.2039158598424569,0.1177142948927768,0.03455021005991044,-0.13061201252703214,0.9841231756854657,0
-0.634918112038349,0.9009088760241706,-1.179024470547907,0.5865673669909802,-0.911310674287764,0.9048055324001227,1.0182062841243777,1.4316811360790147,-1.4758205123938515,0.003043148748581378,-0.7394662468772634,0.3654387961141419,0.9841231756854657,0
-0.8043672005990544,0.9009088760241706,-1.179024470547907,-0.29959027469669897,-0.911310674287764,0.9048055324001227,0.06599664927436881,-0.8828162337175963,0.15896425047687956,0.23238544103697253,-0.7394662468772634,0.5043330225336705,0.9841231756854657,0
-0.634918112038349,0.9009088760241706,-1.179024470547907,-0.39426557385941774,-0.7423290972289317,0.9048055324001227,0.2593523725658807,0.853056793629862,-0.3076375606915634,0.6910700256137552,-0.7394662468772634,-0.9639773710442044,0.9841231756854657,0
-0.46546902347764374,0.9009088760241706,-0.502969299721533,-0.44832287978668817,-0.911310674287764,0.9048055324001227,-1.2110062603265745,1.4316811360790147,-1.4791773599562146,-1.143668312693375,-0.4814607612315388,-0.32903233598350173,0.9841231756854657,0
0.21232733076517762,-1.1099901739376037,-0.502969299721533,0.11810230037498541,0.10257878806523006,0.9048055324001227,-0.2507203421941191,-1.461440576166749,-0.4284840729366275,-0.570312581972397,0.8085666669970842,0.9210157017922567,-1.0161329645585022,0
1.398470950690115,-1.1099901739376037,-1.179024470547907,-0.34906779134003474,1.4544314045358888,0.9048055324001227,0.06599664927436881,1.4316811360790147,0.8773296288225392,0.3470565871811683,1.8405886095799828,-0.8449251769703227,0.9841231756854657,0
0.38177641932588297,-1.1099901739376037,-0.502969299721533,-0.10967115080497995,0.6095235192417271,-1.177851894974348,-0.7257958293968509,-0.8828162337175963,1.8340311840959649,-0.7996548742607882,0.5505611813513597,0.16701847265767225,0.9841231756854657,0
-0.634918112038349,-1.1099901739376037,1.5251962127575889,-0.3397029118732304,-0.911310674287764,0.9048055324001227,-0.4090788379283631,0.2744324511807092,-0.5459737376193288,-0.2262991435398101,-0.4814607612315388,0.6233852166075523,0.9841231756854657,0
-0.2960199349169384,0.9009088760241706,-1.179024470547907,1.195458248478517,-0.7423290972289317,-1.177851894974348,3.8349288477493753,-0.8828162337175963,0.014619805295275064,0.9204123179021463,-0.22345527558581418,1.298014316359549,-1.0161329645585022,0
0.5512255078865883,0.9009088760241706,1.5251962127575889,-0.11586176252671235,0.4405419421828948,0.9048055324001227,0.8577891279455886,0.2744324511807092,1.0787404825643134,0.8057411717579506,1.066572152642809,-0.13061201252703214,-1.0161329645585022,0
0.0428782422044723,0.9009088760241706,-0.502969299721533,-0.2028619665446302,0.2715603651240624,0.9048055324001227,0.38271364074285674,-0.3041918912684436,-0.1397951825734185,0.4617277333253637,0.5505611813513597,0.18686050500331922,-1.0161329645585022,0
-0.634918112038349,0.9009088760241706,0.8491410419312149,3.4928542694454077,-0.911310674287764,-1.177851894974348,-0.7257958293968509,-1.461440576166749,-0.7473845913611031,-1.3730106049817663,-0.22345527558581418,-0.09092794783573821,0.9841231756854657,0
2.5846145706150523,0.9009088760241706,-1.179024470547907,0.6001330186975316,3.144247175124212,-1.177851894974348,2.2830155895537843,1.4316811360790147,-0.005521280078902488,0.6910700256137552,2.098594095225707,1.8535912220376638,-1.0161329645585022,0
-0.634918112038349,-1.1099901739376037,-1.179024470547907,-0.7956604160310311,-0.404365943111267,0.21058638994196582,-1.121692068732461,0.2744324511807092,0.03140404310708919,-0.6849837281165926,-0.7394662468772634,0.10749237562073138,0.9841231756854657,0
-0.12657084635623306,-1.1099901739376037,1.5251962127575889,-0.12443702315145902,-0.404365943111267,-1.177851894974348,-0.5674373336626071,-0.8828162337175963,-0.6903181828009338,-0.6849837281165926,-0.22345527558581418,-1.9163949236352584,0.9841231756854657,0
-0.8043672005990544,-1.1099901739376037,-1.179024470547907,-0.44822812552564123,-0.911310674287764,0.9048055324001227,0.14723455758603596,-1.461440576166749,1.159304824061023,0.6910700256137552,-0.7394662468772634,-2.0156050853634935,0.9841231756854657,0
-0.12657084635623306,-1.1099901739376037,-0.502969299721533,-0.8664102642794014,-0.23538436605243465,0.9048055324001227,-0.8841543251310949,-0.8828162337175963,0.3503045615315648,0.23238544103697253,-0.22345527558581418,0.6233852166075523,-1.0161329645585022,0
0.38177641932588297,-1.1099901739376037,-1.179024470547907,0.26560310007136456,0.2715603651240624,-1.177851894974348,1.6495816066168083,-0.8828162337175963,-0.8145215426083608,0.8057411717579506,1.3245776382885335,-1.6981325678331418,0.9841231756854657,0
-0.12657084635623306,0.9009088760241706,0.8491410419312149,-0.24584881630625163,-0.404365943111267,-1.177851894974348,-0.5674373336626071,-0.8828162337175963,-1.0327166341619494,-0.570312581972397,0.03455021005991044,-2.2933935382025505,0.9841231756854657,0
-0.8043672005990544,0.9009088760241706,0.8491410419312149,0.2343657786795618,-0.911310674287764,-1.177851894974348,0.8577891279455886,0.853056793629862,0.2294580492865001,0.23238544103697253,-0.4814607612315388,-1.4798702120310254,-1.0161329645585022,0
-0.8043672005990544,0.9009088760241706,0.8491410419312149,0.011330040551942646,-0.5733475201700994,-1.177851894974348,-0.1713827358312629,-0.8828162337175963,-0.002164432516539662,-0.34097028968400567,-0.7394662468772634,-1.6187644384505542,0.9841231756854657,0
-0.9738162891597597,0.9009088760241706,1.5251962127575889,-0.584010981605884,-0.911310674287764,0.21058638994196582,-0.8841543251310949,1.4316811360790147,-1.234127487903723,-0.570312581972397,-0.7394662468772634,1.298014316359549,0.9841231756854657,0
-0.634918112038349,-1.1099901739376037,-1.179024470547907,0.2861647747185472,-0.911310674287764,-1.177851894974348,-1.0295274242151309,-0.8828162337175963,-0.20021843869595057,-1.2583394588375707,-0.7394662468772634,0.20670253734896618,0.9841231756854657,0
-0.8043672005990544,0.9009088760241706,0.8491410419312149,-0.10712857813355414,-0.911310674287764,-1.177851894974348,1.6495816066168083,-0.8828162337175963,-1.0595714146608524,1.4937680486231246,-0.7394662468772634,-4.2577547404216,0.9841231756854657,0
0.7206745964472937,-1.1099901739376037,-1.179024470547907,1.1237924423733598,0.9474866733593919,0.9048055324001227,-1.042512820865339,-0.8828162337175963,0.24959913466067765,-1.3730106049817663,1.066572152642809,-1.142555662155027,0.9841231756854657,0
1.0595727735687044,-1.1099901739376037,-0.502969299721533,-0.8397843169252156,0.9474866733593919,0.9048055324001227,-1.285909828808872,0.2744324511807092,0.024690347982363543,-1.0289971665491795,1.066572152642809,0.801963507718375,-1.0161329645585022,0
0.5512255078865883,-1.1099901739376037,-1.179024470547907,0.48026887847317207,0.2715603651240624,-1.177851894974348,0.8577891279455886,0.2744324511807092,-0.38148820706354736,0.003043148748581378,0.5505611813513597,0.3455967637684949,-1.0161329645585022,0
-0.634918112038349,0.9009088760241706,-1.179024470547907,-0.4518761645759478,-0.911310674287764,0.9048055324001227,-0.7574675285436998,-1.461440576166749,0.3469477139692014,-0.570312581972397,-0.4814607612315388,-2.094973214746081,0.9841231756854657,0
-0.12657084635623306,0.9009088760241706,-1.179024470547907,0.02009480969878316,-0.404365943111267,0.9048055324001227,-0.24438600236474936,1.4316811360790147,0.7094872507043943,-0.45564143582820127,0.5505611813513597,0.2463866020402601,-1.0161329645585022,0
-0.46546902347764374,-1.1099901739376037,0.8491410419312149,-0.011174096446701925,-0.404365943111267,0.9048055324001227,-0.1656818299848301,-0.8828162337175963,-1.1502062988446506,-0.34097028968400567,-0.7394662468772634,0.08765034327508442,0.9841231756854657,0
0.0428782422044723,0.9009088760241706,1.5251962127575889,-0.12849566399963563,0.10257878806523006,-1.177851894974348,0.7021227266388268,1.4316811360790147,-0.2069321338206762,0.6910700256137552,0.29255569570563505,-0.9838194033898514,0.9841231756854657,0
-0.9738162891597597,-1.1099901739376037,1.5251962127575889,-0.11016071448705572,-0.911310674287764,-1.177851894974348,0.06599664927436881,0.2744324511807092,0.03811773823181484,0.003043148748581378,-0.4814607612315388,1.6353288662355472,-1.0161329645585022,0
0.21232733076517762,0.9009088760241706,-0.502969299721533,4.434727416628679,-0.23538436605243465,-1.177851894974348,2.3002766655888167,-0.8828162337175963,1.5822676169187482,-0.7996548742607882,0.29255569570563505,0.22654456969461315,-1.0161329645585022,0
0.0428782422044723,0.9009088760241706,-1.179024470547907,-0.10643371355254336,-0.404365943111267,0.9048055324001227,-1.042512820865339,-1.461440576166749,0.08847045166725842,-1.143668312693375,-0.22345527558581418,1.5361187045073124,0.9841231756854657,0
0.21232733076517762,-1.1099901739376037,-0.502969299721533,-0.28092368527045486,0.6095235192417271,0.9048055324001227,-0.5674373336626071,0.2744324511807092,-1.3113349818380697,-0.45564143582820127,1.066572152642809,-0.5274526594399713,0.9841231756854657,0
-0.8043672005990544,-1.1099901739376037,1.5251962127575889,0.7450754533456437,-0.5733475201700994,0.9048055324001227,-0.3774071387815143,0.2744324511807092,-1.0964967378468442,-0.9143260204049839,-0.4814607612315388,-0.22982217425526694,-1.0161329645585022,0
-0.634918112038349,0.9009088760241706,1.5251962127575889,0.2720148050688731,-0.7423290972289317,-1.177851894974348,4.024959042630468,0.853056793629862,0.001192415045823164,2.525808363920885,-0.22345527558581418,1.35754041339649,-1.0161329645585022,0
-0.46546902347764374,-1.1099901739376037,-1.179024470547907,-0.4867615250180572,-0.7423290972289317,0.9048055324001227,-0.9474977234247925,0.2744324511807092,-1.1804179269059165,-0.7996548742607882,-0.4814607612315388,-0.6465048535138531,0.9841231756854657,0
-0.46546902347764374,0.9009088760241706,0.8491410419312149,-0.3174672452808854,-0.404365943111267,-1.177851894974348,2.381039498413281,-0.3041918912684436,0.6255660616453219,3.0991640946418633,-0.7394662468772634,0.801963507718375,-1.0161329645585022,0
-0.8043672005990544,0.9009088760241706,-1.179024470547907,0.21078776005571873,-0.911310674287764,0.9048055324001227,0.6620580272180631,-0.8828162337175963,0.011262957732911642,0.1177142948927768,-0.22345527558581418,-0.190138109563973,0.9841231756854657,0
-0.634918112038349,-1.1099901739376037,-1.179024470547907,0.8738938712389376,-0.911310674287764,0.9048055324001227,-0.5379826534560377,-1.461440576166749,-0.8816584938556186,-1.0289971665491795,-0.4814607612315388,-1.3409759856114967,0.9841231756854657,0
-0.2960199349169384,0.9009088760241706,0.8491410419312149,-0.10979748981970919,-0.7423290972289317,0.9048055324001227,-0.2507203421941191,1.4316811360790147,0.3234497810326616,-0.34097028968400567,-0.4814607612315388,1.258330251668255,-1.0161329645585022,0
-0.12657084635623306,0.9009088760241706,-1.179024470547907,-0.5855744269131583,-0.23538436605243465,0.9048055324001227,-0.4090788379283631,1.4316811360790147,0.5651428055227898,0.23238544103697253,-0.22345527558581418,0.20670253734896618,0.9841231756854657,0
0.0428782422044723,0.9009088760241706,-0.502969299721533,1.3438434212780008,-0.5733475201700994,-1.177851894974348,-1.038712216967717,1.4316811360790147,-0.03908975570253134,-1.3730106049817663,-0.7394662468772634,0.5837011519162584,0.9841231756854657,0
0.21232733076517762,-1.1099901739376037,-0.502969299721533,-0.5854638802752702,-0.5733475201700994,-1.177851894974348,-0.00035556043827941264,0.853056793629862,0.6457071470194995,0.9204123179021463,0.5505611813513597,1.238488219322608,0.9841231756854657,0
-0.8043672005990544,0.9009088760241706,0.8491410419312149,-0.2381895135382919,-0.7423290972289317,-1.177851894974348,-0.7257958293968509,0.853056793629862,-0.34456288387755507,-0.6849837281165926,-0.7394662468772634,0.10749237562073138,0.9841231756854657,0
-0.9738162891597597,0.9009088760241706,-1.179024470547907,-0.3608331120866945,-0.911310674287764,0.9048055324001227,0.38271364074285674,0.2744324511807092,0.7766242019516526,0.8057411717579506,-0.7394662468772634,-0.6465048535138531,0.9841231756854657,0
0.7206745964472937,0.9009088760241706,-1.179024470547907,-0.39627120571824426,0.4405419421828948,0.9048055324001227,-0.2507203421941191,0.2744324511807092,0.6322797567700481,0.1177142948927768,0.5505611813513597,0.008282213892496587,0.9841231756854657,0
-0.46546902347764374,-1.1099901739376037,-0.502969299721533,-0.5276479886598051,-0.5733475201700994,0.9048055324001227,-0.5674373336626071,-0.8828162337175963,0.18581903097578276,-0.11162799739561437,-0.997471732522988,1.1988041546313142,0.9841231756854657,0
-0.9738162891597597,-1.1099901739376037,0.8491410419312149,0.47235689767575384,-0.7423290972289317,-1.177851894974348,1.6495816066168083,-0.3041918912684436,-0.18343420088413584,0.4617277333253637,-0.7394662468772634,-0.3488743683291487,0.9841231756854657,0
-0.46546902347764374,-1.1099901739376037,-0.502969299721533,-0.018312250778903572,-0.5733475201700994,-1.177851894974348,0.8577891279455886,1.4316811360790147,-0.05251714595198324,0.5763988794695595,-0.4814607612315388,-0.7457150152420878,-1.0161329645585022,0
2.754063659175758,-1.1099901739376037,-1.179024470547907,-0.33716033920180455,2.4683208668888827,-1.177851894974348,1.2536853672811985,0.853056793629862,0.3939435798422821,1.8377814870557112,1.582583123934258,1.1194360252487263,0.9841231756854657,0
0.0428782422044723,0.9009088760241706,-1.179024470547907,-0.7362337019777683,-0.404365943111267,0.21058638994196582,-0.8353799084449478,1.4316811360790147,-1.663803975886174,-0.11162799739561437,0.29255569570563505,-1.4005020826484376,0.9841231756854657,0
0.0428782422044723,-1.1099901739376037,0.8491410419312149,-0.9772569573274619,0.10257878806523006,0.9048055324001227,-1.3546374159575338,0.2744324511807092,0.0045492626081859895,-0.9143260204049839,0.8085666669970842,-1.9362369559809054,0.9841231756854657,0
-0.46546902347764374,0.9009088760241706,-0.502969299721533,-0.6369470287774326,-0.7423290972289317,0.9048055324001227,-0.804975077263973,0.853056793629862,-1.2139864025295457,-0.34097028968400567,-0.997471732522988,1.6154868338899002,0.9841231756854657,0
-0.9738162891597597,0.9009088760241706,-0.502969299721533,-0.06507347860556081,-0.911310674287764,-1.177851894974348,-0.7257958293968509,1.4316811360790147,-0.522475804682789,-0.7996548742607882,-0.4814607612315388,1.4765926074703717,-1.0161329645585022,0
-0.2960199349169384,0.9009088760241706,-0.502969299721533,0.2973615698989254,-0.911310674287764,0.9048055324001227,-0.6101941275108529,-0.3041918912684436,-1.4758205123938515,-0.9143260204049839,-0.4814607612315388,0.4844909901880236,-1.0161329645585022,0
-0.634918112038349,-1.1099901739376037,-0.502969299721533,0.26678752833445113,-0.7423290972289317,0.9048055324001227,0.38271364074285674,-0.8828162337175963,0.48793531158844367,-0.2262991435398101,-0.7394662468772634,-0.07108591549009124,0.9841231756854657,0
-0.46546902347764374,-1.1099901739376037,-0.502969299721533,-0.05007072060646443,-0.404365943111267,0.9048055324001227,-0.9042658540893439,-0.8828162337175963,0.27981076272194366,-1.0289971665491795,-0.4814607612315388,-0.40840046536608954,0.9841231756854657,0
-0.12657084635623306,0.9009088760241706,-1.179024470547907,0.09626144320366932,-0.5733475201700994,0.9048055324001227,0.04683527129052529,0.2744324511807092,0.16232109803924238,-0.34097028968400567,-0.22345527558581418,0.20670253734896618,0.9841231756854657,0
-0.2960199349169384,-1.1099901739376037,0.8491410419312149,0.945464923083048,-0.23538436605243465,0.9048055324001227,-1.0167003860606572,-0.3041918912684436,1.585624464481111,-1.3730106049817663,-0.4814607612315388,-0.9838194033898514,0.9841231756854657,0
-0.8043672005990544,-1.1099901739376037,-0.502969299721533,-0.10564409471048566,-0.911310674287764,0.9048055324001227,-0.6516840533932248,-0.3041918912684436,-1.0931398902844813,-0.7996548742607882,-0.7394662468772634,-0.190138109563973,-1.0161329645585022,0
-0.2960199349169384,-1.1099901739376037,0.8491410419312149,-0.8521655403686804,-0.5733475201700994,0.9048055324001227,-0.7257958293968509,0.853056793629862,1.5017032754220385,0.5763988794695595,-0.22345527558581418,0.8416475724096689,0.9841231756854657,0
-0.634918112038349,0.9009088760241706,-1.179024470547907,0.2675139776691442,-0.911310674287764,0.9048055324001227,0.06599664927436881,-0.8828162337175963,0.4778647689013546,-0.45564143582820127,-0.7394662468772634,-0.7258729828964409,0.9841231756854657,0
0.7206745964472937,0.9009088760241706,-0.502969299721533,-0.07093245041362899,0.2715603651240624,-1.177851894974348,-0.9379962136807379,-0.8828162337175963,-1.4456088843325854,-1.0289971665491795,0.5505611813513597,-0.7060309505507939,0.9841231756854657,0
-0.46546902347764374,-1.1099901739376037,-0.502969299721533,2.547506799357083,-0.911310674287764,-1.177851894974348,0.880117675844117,-0.8828162337175963,-0.008878127641265313,-0.9143260204049839,-0.4814607612315388,-1.3608180179571436,0.9841231756854657,0
0.0428782422044723,0.9009088760241706,-0.502969299721533,-0.77361425796078,0.10257878806523006,0.9048055324001227,-1.2642147148932805,0.2744324511807092,0.5248606347744353,-1.0289971665491795,-0.22345527558581418,0.18686050500331922,0.9841231756854657,0
0.0428782422044723,0.9009088760241706,1.5251962127575889,-0.5199097240076396,-0.06640278899360229,0.9048055324001227,-0.5674373336626071,-1.461440576166749,-0.18343420088413584,-0.11162799739561437,0.5505611813513597,0.06780831092943747,0.9841231756854657,0
-0.634918112038349,0.9009088760241706,1.5251962127575889,0.5200656681128804,-0.911310674287764,-1.177851894974348,-1.2008713165995828,-0.8828162337175963,-0.22707321919485376,-1.3730106049817663,-0.4814607612315388,1.5162766721616654,0.9841231756854657,0
-0.8043672005990544,0.9009088760241706,0.8491410419312149,-0.5422401448610314,-0.5733475201700994,0.9048055324001227,0.06599664927436881,-1.461440576166749,-0.4083429875624505,0.9204123179021463,-0.7394662468772634,0.8614896047553159,0.9841231756854657,0
-0.9738162891597597,0.9009088760241706,1.5251962127575889,0.546375767930243,-0.911310674287764,-1.177851894974348,1.6495816066168083,-0.8828162337175963,0.051545128481266744,0.3470565871811683,-0.7394662468772634,1.8734332543833108,-1.0161329645585022,0
-0.2960199349169384,0.9009088760241706,-1.179024470547907,0.6669505651124544,-0.7423290972289317,-1.177851894974348,1.0942183620768149,-1.461440576166749,-0.4150566826871762,0.003043148748581378,-0.7394662468772634,-1.3012919209202027,-1.0161329645585022,0
-0.634918112038349,-1.1099901739376037,0.8491410419312149,-0.22361314971390667,-0.404365943111267,-1.177851894974348,-0.7257958293968509,0.853056793629862,-0.9555091402276025,-0.6849837281165926,-0.7394662468772634,0.5043330225336705,-1.0161329645585022,0
-0.46546902347764374,0.9009088760241706,0.8491410419312149,1.0238424893456957,-0.5733475201700994,-1.177851894974348,-0.17660856619049295,-1.461440576166749,-1.7007292990721656,-0.9143260204049839,-0.22345527558581418,0.4844909901880236,-1.0161329645585022,0
-0.46546902347764374,-1.1099901739376037,-0.502969299721533,1.0279327149475546,-0.5733475201700994,-1.177851894974348,1.7396875906895932,-0.3041918912684436,1.0250309215665072,0.003043148748581378,-0.7394662468772634,0.7622794430270811,0.9841231756854657,0
1.0595727735687044,-1.1099901739376037,-1.179024470547907,-0.0045412981734172094,1.4544314045358888,-1.177851894974348,1.4912231108825644,0.2744324511807092,0.2663833724724924,1.1497546101905376,0.29255569570563505,0.801963507718375,0.9841231756854657,0
-0.8043672005990544,0.9009088760241706,-0.502969299721533,1.412240205377039,-0.7423290972289317,-1.177851894974348,0.06599664927436881,-1.461440576166749,0.011262957732911642,-0.9143260204049839,-0.7394662468772634,-0.9639773710442044,0.9841231756854657,0
-0.2960199349169384,0.9009088760241706,-0.502969299721533,0.787730663193601,-0.23538436605243465,-1.177851894974348,-1.2637396394060778,-0.8828162337175963,0.5886407384593302,-1.487681751125962,-0.4814607612315388,-1.4401861473397315,0.9841231756854657,0
-0.9738162891597597,0.9009088760241706,-1.179024470547907,-0.5674289859226722,-0.7423290972289317,-1.177851894974348,0.43576373681382846,0.2744324511807092,-0.12301094476160378,1.6084391947673204,-0.4814607612315388,0.9805417988291976,-1.0161329645585022,0
0.21232733076517762,-1.1099901739376037,0.8491410419312149,-0.04855465242971364,0.2715603651240624,0.9048055324001227,-0.529748011677857,-0.3041918912684436,-0.5828990608053211,-0.6849837281165926,0.5505611813513597,-0.26950623894656084,-1.0161329645585022,0
1.5679200392508204,0.9009088760241706,-1.179024470547907,-0.4887513645000426,1.9613761357123858,0.9048055324001227,0.0026532509806712224,1.4316811360790147,0.04818828091890392,0.6910700256137552,1.066572152642809,1.298014316359549,0.9841231756854657,0
0.0428782422044723,-1.1099901739376037,0.8491410419312149,0.48456440497396597,-0.06640278899360229,0.9048055324001227,-0.7262709048840538,-0.8828162337175963,0.8370474580741847,-1.0289971665491795,1.3245776382885335,-1.4997122443766724,-1.0161329645585022,0
1.2290218621294098,-1.1099901739376037,0.8491410419312149,-0.22476599322331092,1.1164682504182242,-1.177851894974348,-1.2008713165995828,-0.3041918912684436,-1.4422520367702227,-1.2583394588375707,1.582583123934258,1.4964346398160184,-1.0161329645585022,0
0.21232733076517762,-1.1099901739376037,0.8491410419312149,0.02224257294918012,0.7785050963005594,0.9048055324001227,-0.2456528703306233,1.4316811360790147,0.7866947446387411,-0.45564143582820127,0.8085666669970842,0.4844909901880236,0.9841231756854657,0
1.5679200392508204,0.9009088760241706,0.8491410419312149,0.4990618069141454,1.4544314045358888,0.9048055324001227,1.6495816066168083,0.853056793629862,1.1895164521222892,0.4617277333253637,2.356599580871432,0.821805540064022,0.9841231756854657,0
-0.2960199349169384,-1.1099901739376037,-0.502969299721533,0.6422670801097307,-0.404365943111267,-1.177851894974348,-0.2507203421941191,0.2744324511807092,0.12875262241561353,-0.7996548742607882,-0.22345527558581418,1.35754041339649,-1.0161329645585022,0
0.890123685007999,0.9009088760241706,-1.179024470547907,1.2127035239890573,0.6095235192417271,-1.177851894974348,0.5410721364771007,0.853056793629862,0.3905867322799193,-0.6849837281165926,1.066572152642809,-0.6663468858595001,0.9841231756854657,0
-0.46546902347764374,0.9009088760241706,-1.179024470547907,-0.22454489994753477,-0.7423290972289317,0.9048055324001227,-1.2958864140401292,-0.8828162337175963,-1.4355383416454968,-1.3730106049817663,-0.22345527558581418,-0.17029607721832604,0.9841231756854657,0
-0.634918112038349,-1.1099901739376037,0.8491410419312149,-0.20305147506672405,-0.7423290972289317,0.9048055324001227,-0.09236184645987515,1.4316811360790147,1.1223795008750308,-0.11162799739561437,-0.7394662468772634,0.06780831092943747,0.9841231756854657,0
0.7206745964472937,0.9009088760241706,-1.179024470547907,-0.638226211301566,0.4405419421828948,0.9048055324001227,-0.3774071387815143,0.2744324511807092,0.6524208421442251,0.4617277333253637,-0.22345527558581418,0.5837011519162584,0.9841231756854657,0
0.7206745964472937,0.9009088760241706,0.8491410419312149,0.036329373091489564,0.9474866733593919,0.9048055324001227,1.6495816066168083,-0.3041918912684436,0.16232109803924238,1.1497546101905376,-0.22345527558581418,0.7424374106814341,0.9841231756854657,0
-0.12657084635623306,0.9009088760241706,-1.179024470547907,1.409144899516173,-0.23538436605243465,0.9048055324001227,-0.09236184645987515,1.4316811360790147,-1.56645539657765,-1.0289971665491795,0.5505611813513597,-1.0235034680811452,0.9841231756854657,0
-0.2960199349169384,0.9009088760241706,-0.502969299721533,-0.5210151903865204,-0.7423290972289317,-1.177851894974348,-0.8974564387727715,0.2744324511807092,-0.811164695045998,-0.6849837281165926,-0.7394662468772634,0.5440170872249644,-1.0161329645585022,0
0.38177641932588297,0.9009088760241706,0.8491410419312149,0.6638868440052705,-0.06640278899360229,0.9048055324001227,-0.3089962686243209,-1.461440576166749,0.635636604332411,-0.9143260204049839,-0.22345527558581418,1.5758027691986063,-1.0161329645585022,0
0.7206745964472937,0.9009088760241706,-1.179024470547907,0.8338759883234531,0.7785050963005594,-1.177851894974348,0.19268344586176397,1.4316811360790147,-0.3042807131292006,-0.6849837281165926,1.066572152642809,-0.4877685947486774,-1.0161329645585022,0
-0.8043672005990544,-1.1099901739376037,-1.179024470547907,-0.012800711261340796,-0.911310674287764,0.9048055324001227,-0.7257958293968509,-0.8828162337175963,0.34023401884447574,-0.9143260204049839,-0.7394662468772634,-2.154499311783022,0.9841231756854657,0
0.21232733076517762,-1.1099901739376037,1.5251962127575889,0.11687049498137539,0.4405419421828948,0.9048055324001227,-0.09236184645987515,-0.8828162337175963,0.6859893177678545,-0.45564143582820127,-0.22345527558581418,1.258330251668255,0.9841231756854657,0
0.38177641932588297,-1.1099901739376037,-0.502969299721533,-0.7350176889609994,0.9474866733593919,0.21058638994196582,-0.5991090328094558,0.2744324511807092,-1.029359786599586,0.3470565871811683,0.5505611813513597,0.7424374106814341,-1.0161329645585022,0
-0.46546902347764374,0.9009088760241706,-0.502969299721533,0.32580364058984396,-0.404365943111267,-1.177851894974348,0.06599664927436881,-0.8828162337175963,-0.9790070731641428,-0.45564143582820127,-0.4814607612315388,0.8416475724096689,0.9841231756854657,0
-0.8043672005990544,0.9009088760241706,-1.179024470547907,-0.4292614809394152,-0.911310674287764,-1.177851894974348,-0.09236184645987515,-0.8828162337175963,-0.7339572011116512,0.3470565871811683,-0.4814607612315388,-0.38855843302044263,0.9841231756854657,0
-0.12657084635623306,0.9009088760241706,0.8491410419312149,-0.13602862775286612,-0.7423290972289317,0.9048055324001227,-1.042512820865339,0.2744324511807092,-0.37141766437645823,-1.143668312693375,-0.22345527558581418,-2.0156050853634935,0.9841231756854657,0
-0.634918112038349,0.9009088760241706,-0.502969299721533,-0.3025118644123125,-0.404365943111267,-1.177851894974348,-0.5674373336626071,-1.461440576166749,-1.271052811089715,-0.45564143582820127,-0.4814607612315388,-0.20998014190961997,-1.0161329645585022,0
1.2290218621294098,-1.1099901739376037,-0.502969299721533,2.066818433066035,1.7923945586535535,-1.177851894974348,0.8577891279455886,-0.3041918912684436,-0.5459737376193288,-0.7996548742607882,2.356599580871432,1.238488219322608,0.9841231756854657,0
-0.8043672005990544,-1.1099901739376037,1.5251962127575889,0.3051156269279321,-0.7423290972289317,-1.177851894974348,0.22324663553847307,-0.8828162337175963,-0.015591822765990965,-0.34097028968400567,-0.7394662468772634,1.0003838311748445,-1.0161329645585022,0
0.0428782422044723,0.9009088760241706,-0.502969299721533,-0.34680948145174967,0.2715603651240624,0.9048055324001227,-0.17154109432699713,-0.8828162337175963,-1.0427871768490378,0.1177142948927768,1.066572152642809,-0.7853990799333818,0.9841231756854657,0
0.7206745964472937,0.9009088760241706,-1.179024470547907,-0.4966317605437785,0.6095235192417271,0.9048055324001227,-1.1251759556386143,-1.461440576166749,-1.1837747744682794,-1.0289971665491795,0.8085666669970842,0.7027533459901402,0.9841231756854657,0
0.890123685007999,-1.1099901739376037,-1.179024470547907,-0.30139060565659054,0.7785050963005594,0.9048055324001227,-0.5674373336626071,0.853056793629862,-0.9353680548534249,-0.45564143582820127,0.29255569570563505,0.9210157017922567,0.9841231756854657,0
-0.8043672005990544,0.9009088760241706,1.5251962127575889,0.11603349900879423,-0.911310674287764,-1.177851894974348,-0.7257958293968509,-0.8828162337175963,0.0851136041048956,-0.9143260204049839,-0.7394662468772634,-1.0235034680811452,0.9841231756854657,0
0.7206745964472937,0.9009088760241706,1.5251962127575889,0.15338247023812365,0.10257878806523006,0.9048055324001227,0.38271364074285674,1.4316811360790147,0.4745079213389917,-0.11162799739561437,0.29255569570563505,-0.8449251769703227,0.9841231756854657,0
0.21232733076517762,0.9009088760241706,-1.179024470547907,0.45962824194178364,0.10257878806523006,0.9048055324001227,0.37669601790495544,0.853056793629862,-0.9387249024157878,-0.34097028968400567,0.8085666669970842,-0.6266628211682062,-1.0161329645585022,0
-0.2960199349169384,-1.1099901739376037,-0.502969299721533,-0.3296747525790975,-0.404365943111267,-1.177851894974348,0.5410721364771007,-0.3041918912684436,-0.05587399351434607,0.9204123179021463,-0.7394662468772634,0.8416475724096689,0.9841231756854657,0
-0.2960199349169384,0.9009088760241706,0.8491410419312149,-0.6439904288485873,0.10257878806523006,0.9048055324001227,-0.20923041631174719,1.4316811360790147,-0.8581605609190788,0.8057411717579506,-0.4814607612315388,-0.13061201252703214,0.9841231756854657,0
-0.634918112038349,-1.1099901739376037,-0.502969299721533,0.6675822601861007,-0.5733475201700994,-1.177851894974348,3.2331665639592484,0.2744324511807092,2.2569939769536904,1.2644257563347332,-0.997471732522988,-0.38855843302044263,0.9841231756854657,0
-0.2960199349169384,0.9009088760241706,-1.179024470547907,-0.3337333934272741,-0.23538436605243465,0.9048055324001227,-1.1006303887998063,-0.8828162337175963,0.06832936629308146,-1.143668312693375,-0.22345527558581418,-0.8449251769703227,0.9841231756854657,0
-0.46546902347764374,0.9009088760241706,-1.179024470547907,-0.4879933304116672,-0.5733475201700994,0.9048055324001227,-0.5357656345157582,-0.8828162337175963,0.7531262690151123,-0.11162799739561437,-0.7394662468772634,-1.5195542767223194,0.9841231756854657,0
-0.634918112038349,0.9009088760241706,1.5251962127575889,-0.03819485322191656,-0.911310674287764,0.9048055324001227,-0.7257958293968509,1.4316811360790147,-0.7742393718600064,-0.9143260204049839,-0.4814607612315388,-0.011559818453150373,0.9841231756854657,0
-0.2960199349169384,0.9009088760241706,-1.179024470547907,-0.013811423379174657,-0.404365943111267,0.9048055324001227,-0.7574675285436998,-0.3041918912684436,0.8974707141967168,-0.9143260204049839,-0.997471732522988,0.4448069254967297,0.9841231756854657,0
-0.634918112038349,-1.1099901739376037,0.8491410419312149,-0.11001858309548534,-0.404365943111267,0.9048055324001227,-0.09236184645987515,1.4316811360790147,0.7967652873258302,-0.2262991435398101,-0.4814607612315388,0.22654456969461315,0.9841231756854657,0
1.398470950690115,-1.1099901739376037,0.8491410419312149,0.26615583326080494,1.9613761357123858,-1.177851894974348,-0.5674373336626071,1.4316811360790147,0.15896425047687956,-0.9143260204049839,1.066572152642809,-0.22982217425526694,0.9841231756854657,0
-0.9738162891597597,0.9009088760241706,-1.179024470547907,-0.6559926352478643,-0.911310674287764,0.9048055324001227,-0.5040939353689095,1.4316811360790147,-0.5661148229935064,0.3470565871811683,-0.4814607612315388,0.26622863438590705,0.9841231756854657,0
1.0595727735687044,0.9009088760241706,-1.179024470547907,-0.18399007621945107,0.9474866733593919,-1.177851894974348,1.0121886612864766,-0.8828162337175963,-1.4926047502056663,1.035083464046342,0.8085666669970842,0.9210157017922567,0.9841231756854657,0
0.21232733076517762,0.9009088760241706,0.8491410419312149,-0.11401405443629732,0.7785050963005594,0.21058638994196582,1.0161476236798326,0.853056793629862,0.5785701957722418,0.9204123179021463,0.8085666669970842,-1.2219237915376149,0.9841231756854657,0
0.38177641932588297,0.9009088760241706,1.5251962127575889,-0.5771570900568231,0.6095235192417271,0.9048055324001227,-0.2507203421941191,-0.8828162337175963,-0.5862559083676839,0.4617277333253637,0.8085666669970842,-0.2893482712922078,0.9841231756854657,0
-0.634918112038349,-1.1099901739376037,0.8491410419312149,-0.2646101599935427,-0.404365943111267,0.21058638994196582,0.5410721364771007,-0.8828162337175963,0.3368771712821129,0.8057411717579506,-0.997471732522988,-0.8647672093159696,0.9841231756854657,0
2.2457163934936415,0.9009088760241706,-1.179024470547907,0.27357825037614736,2.4683208668888827,-1.177851894974348,0.06599664927436881,-0.3041918912684436,0.001192415045823164,-0.45564143582820127,2.098594095225707,-1.12271362980938,0.9841231756854657,0
-0.634918112038349,-1.1099901739376037,0.8491410419312149,0.27131994048786234,-0.911310674287764,0.9048055324001227,-0.2507203421941191,0.2744324511807092,-1.133422061032836,-0.6849837281165926,-0.7394662468772634,0.6829113136444932,-1.0161329645585022,0
-0.12657084635623306,-1.1099901739376037,0.8491410419312149,0.6870384684544024,-0.23538436605243465,-1.177851894974348,0.07486472503548647,1.4316811360790147,-0.29085332287974863,-0.6849837281165926,0.5505611813513597,-1.162397694500674,-1.0161329645585022,0
0.0428782422044723,-1.1099901739376037,0.8491410419312149,0.936257967384655,-0.5733475201700994,0.9048055324001227,-1.052964481583799,-0.3041918912684436,-0.7238866584245627,-1.3730106049817663,0.03455021005991044,0.4448069254967297,-1.0161329645585022,0
0.7206745964472937,-1.1099901739376037,1.5251962127575889,-0.03579441194206114,0.6095235192417271,0.9048055324001227,-0.744640490389226,1.4316811360790147,-0.06930138376379737,-0.9143260204049839,1.066572152642809,1.278172284013902,0.9841231756854657,0
0.21232733076517762,0.9009088760241706,-0.502969299721533,-0.4362259191263641,-0.23538436605243465,0.9048055324001227,-0.6363232793070032,0.853056793629862,-0.6500360120525788,-0.34097028968400567,0.03455021005991044,-1.5989224061049072,-1.0161329645585022,0
0.21232733076517762,0.9009088760241706,-0.502969299721533,0.17361250497164202,0.2715603651240624,-1.177851894974348,-0.8524826259842462,-0.3041918912684436,-1.5161026831422064,-1.0289971665491795,0.8085666669970842,-0.2893482712922078,0.9841231756854657,0
0.38177641932588297,0.9009088760241706,1.5251962127575889,-0.7667761587885603,0.2715603651240624,0.21058638994196582,-1.3020623953737647,-0.8828162337175963,-1.3146918294004326,-1.143668312693375,0.03455021005991044,0.7424374106814341,0.9841231756854657,0
0.38177641932588297,0.9009088760241706,1.5251962127575889,0.2721253517067612,0.2715603651240624,0.9048055324001227,-0.49411735013765207,0.2744324511807092,0.01797665285763789,-0.7996548742607882,0.5505611813513597,-1.142555662155027,-1.0161329645585022,0
-0.8043672005990544,0.9009088760241706,-0.502969299721533,-0.7676289471379826,-0.911310674287764,0.9048055324001227,-0.646616581529729,0.853056793629862,-0.613110688866587,0.4617277333253637,-0.4814607612315388,-2.3529196352394917,0.9841231756854657,0
-0.2960199349169384,0.9009088760241706,1.5251962127575889,-0.397676727257107,-0.06640278899360229,0.9048055324001227,-0.5674373336626071,-0.8828162337175963,-1.7107998417592545,-0.34097028968400567,-0.997471732522988,0.9606997664835506,-1.0161329645585022,0
0.0428782422044723,0.9009088760241706,-0.502969299721533,-0.8104420807543513,-0.06640278899360229,0.21058638994196582,-0.7577842455351683,0.853056793629862,-0.1901478960088621,0.3470565871811683,0.29255569570563505,-1.3409759856114967,0.9841231756854657,0
-0.46546902347764374,-1.1099901739376037,-1.179024470547907,0.07596823896278632,-0.7423290972289317,0.9048055324001227,-1.121692068732461,-1.461440576166749,0.4745079213389917,-1.2583394588375707,-0.4814607612315388,-1.7775006972157297,0.9841231756854657,0
-0.634918112038349,0.9009088760241706,-1.179024470547907,0.8863066794360848,-0.911310674287764,-1.177851894974348,-0.18896052885776396,-0.8828162337175963,-0.15657942038523323,-0.9143260204049839,-0.7394662468772634,0.3455967637684949,-1.0161329645585022,0
-0.12657084635623306,0.9009088760241706,-1.179024470547907,-0.34677789669806736,0.2715603651240624,0.9048055324001227,0.06599664927436881,1.4316811360790147,-0.10622670694978965,0.3470565871811683,0.29255569570563505,-1.0036614357354983,0.9841231756854657,0
-0.634918112038349,-1.1099901739376037,-1.179024470547907,-0.6661629259335676,-0.5733475201700994,0.9048055324001227,-0.2507203421941191,-1.461440576166749,-1.3449034574616987,0.8057411717579506,-0.4814607612315388,0.5837011519162584,-1.0161329645585022,0
-0.8043672005990544,0.9009088760241706,1.5251962127575889,0.1722385681864616,-0.911310674287764,-1.177851894974348,-0.09236184645987515,0.853056793629862,-1.173704231781191,-0.45564143582820127,-0.4814607612315388,0.4249648931510827,-1.0161329645585022,0
-0.46546902347764374,-1.1099901739376037,0.8491410419312149,0.6534322905364266,0.10257878806523006,-1.177851894974348,2.4413740852880284,1.4316811360790147,0.04483143335654109,0.8057411717579506,-0.4814607612315388,-0.40840046536608954,0.9841231756854657,0
-0.9738162891597597,-1.1099901739376037,-0.502969299721533,-0.4686318764044123,-0.911310674287764,0.9048055324001227,-0.4090788379283631,-1.461440576166749,-1.4556794270196742,0.003043148748581378,-0.7394662468772634,-0.07108591549009124,0.9841231756854657,0
0.7206745964472937,0.9009088760241706,0.8491410419312149,-0.5858902744499814,0.4405419421828948,0.9048055324001227,-0.3298995900612411,0.2744324511807092,-0.6466791644902159,0.4617277333253637,0.29255569570563505,0.9805417988291976,0.9841231756854657,0
-0.46546902347764374,-1.1099901739376037,-0.502969299721533,-0.6170644263344195,-0.911310674287764,-1.177851894974348,-1.042512820865339,1.4316811360790147,-1.5026752928927547,-0.7996548742607882,-0.997471732522988,-0.7060309505507939,0.9841231756854657,0
-0.8043672005990544,-1.1099901739376037,1.5251962127575889,-0.24024252252764192,-0.7423290972289317,-1.177851894974348,1.3070521803436388,-0.8828162337175963,0.8571885434483623,1.6084391947673204,-0.4814607612315388,1.1789621222856672,-1.0161329645585022,0
2.2457163934936415,0.9009088760241706,-0.502969299721533,3.49425979098427,1.9613761357123858,-1.177851894974348,-0.744640490389226,1.4316811360790147,-0.18343420088413584,-1.3730106049817663,1.8405886095799828,1.8734332543833108,-1.0161329645585022,0
1.2290218621294098,0.9009088760241706,0.8491410419312149,0.11492803262991344,1.6234129815947211,-1.177851894974348,0.18587403054519147,-1.461440576166749,-1.1938453171553682,-0.2262991435398101,0.8085666669970842,-1.8568688265983175,-1.0161329645585022,0
0.38177641932588297,-1.1099901739376037,0.8491410419312149,0.27152524138679734,0.2715603651240624,-1.177851894974348,0.7700585213088175,-0.3041918912684436,0.3469477139692014,0.1177142948927768,0.8085666669970842,0.38528082845978884,0.9841231756854657,0
-0.2960199349169384,0.9009088760241706,-0.502969299721533,-0.4574034964703517,-0.23538436605243465,0.9048055324001227,0.13979170828652648,-1.461440576166749,-0.5392600424946031,0.8057411717579506,-0.22345527558581418,-0.9838194033898514,0.9841231756854657,0
1.5679200392508204,-1.1099901739376037,-1.179024470547907,0.45866490695447326,1.1164682504182242,-1.177851894974348,-1.042512820865339,-0.8828162337175963,0.12203892729088728,-1.2583394588375707,1.3245776382885335,0.18686050500331922,0.9841231756854657,0
-0.2960199349169384,-1.1099901739376037,-1.179024470547907,-0.397060824560302,-0.7423290972289317,-1.177851894974348,0.8862936571777525,0.853056793629862,1.0753836350019508,1.6084391947673204,0.8085666669970842,0.16701847265767225,0.9841231756854657,0
1.0595727735687044,-1.1099901739376037,-0.502969299721533,1.7844349427693587,0.6095235192417271,0.21058638994196582,2.2389919277396646,0.853056793629862,0.27645391515958084,-0.2262991435398101,0.5505611813513597,0.8614896047553159,0.9841231756854657,0
0.890123685007999,0.9009088760241706,-1.179024470547907,-0.5220890720117188,0.4405419421828948,0.9048055324001227,-1.042512820865339,-0.8828162337175963,1.058599397190136,-0.9143260204049839,1.066572152642809,1.317856348705196,-1.0161329645585022,0
0.21232733076517762,-1.1099901739376037,-1.179024470547907,-0.7067019572848101,0.10257878806523006,0.21058638994196582,0.40868443404327276,1.4316811360790147,-0.18679104844649927,2.411137217776689,0.5505611813513597,0.32575473142284794,0.9841231756854657,0
-0.634918112038349,0.9009088760241706,1.5251962127575889,0.555598516005477,-0.404365943111267,-1.177851894974348,-0.7257958293968509,0.853056793629862,-0.6836044876762076,-1.143668312693375,-0.997471732522988,1.0400678958661385,-1.0161329645585022,0
-0.9738162891597597,0.9009088760241706,-1.179024470547907,1.4138826125685193,-0.911310674287764,-1.177851894974348,1.3328646151483206,-0.3041918912684436,-1.0427871768490378,-0.34097028968400567,-0.22345527558581418,-0.22982217425526694,0.9841231756854657,0
2.754063659175758,0.9009088760241706,0.17308587110484092,-0.5429823865725657,2.4683208668888827,0.9048055324001227,-0.9623834220238114,-0.8828162337175963,0.6490639945818623,-0.6849837281165926,1.8405886095799828,1.8337491896920168,-1.0161329645585022,0
0.5512255078865883,0.9009088760241706,-0.502969299721533,0.6479681281493873,0.7785050963005594,-1.177851894974348,-0.4090788379283631,-1.461440576166749,-0.34120603631519225,-0.9143260204049839,1.066572152642809,0.6630692812988462,0.9841231756854657,0
-0.8043672005990544,0.9009088760241706,-0.502969299721533,-0.2972530029242082,-0.911310674287764,0.9048055324001227,-0.4090788379283631,1.4316811360790147,-0.5963264510547723,-0.34097028968400567,-0.4814607612315388,-1.142555662155027,0.9841231756854657,0
1.906818216372231,0.9009088760241706,-1.179024470547907,-0.21674346578800466,1.4544314045358888,-1.177851894974348,-0.9543071387413651,0.853056793629862,-0.0995130118250634,-1.0289971665491795,1.3245776382885335,-0.24966420660091387,0.9841231756854657,0
-0.2960199349169384,0.9009088760241706,-0.502969299721533,-0.6395053938256995,0.10257878806523006,0.9048055324001227,-0.5055191618305176,-0.8828162337175963,0.6591345372689513,0.23238544103697253,-0.4814607612315388,-0.5472946917856183,0.9841231756854657,0
0.38177641932588297,0.9009088760241706,-0.502969299721533,-0.014174648046521202,0.7785050963005594,0.9048055324001227,0.06599664927436881,-0.8828162337175963,0.9713213605687007,-0.11162799739561437,0.29255569570563505,-0.2893482712922078,0.9841231756854657,0
-0.46546902347764374,-1.1099901739376037,-0.502969299721533,0.36436862483594223,-0.23538436605243465,0.9048055324001227,0.38271364074285674,1.4316811360790147,0.8639022385730879,-0.2262991435398101,-0.4814607612315388,-2.2537094735112566,0.9841231756854657,0
0.5512255078865883,0.9009088760241706,0.17308587110484092,-0.4824975832709456,0.6095235192417271,-1.177851894974348,0.6994306322113446,1.4316811360790147,-0.4821936339344339,1.6084391947673204,1.3245776382885335,0.6630692812988462,0.9841231756854657,0
-0.12657084635623306,-1.1099901739376037,-1.179024470547907,2.7246498903843084,-0.404365943111267,-1.177851894974348,0.8577891279455886,1.4316811360790147,0.954537122756886,-0.9143260204049839,0.03455021005991044,-0.24966420660091387,0.9841231756854657,0
0.7206745964472937,-1.1099901739376037,0.8491410419312149,0.1843829059773091,0.7785050963005594,0.9048055324001227,0.8577891279455886,0.2744324511807092,0.19253272610050842,0.23238544103697253,0.03455021005991044,-1.8370267942526706,0.9841231756854657,0
-0.8043672005990544,-1.1099901739376037,1.5251962127575889,-0.5440878529514466,-0.911310674287764,0.9048055324001227,0.06599664927436881,-1.461440576166749,0.001192415045823164,0.9204123179021463,-0.7394662468772634,1.4964346398160184,0.9841231756854657,0
0.21232733076517762,0.9009088760241706,0.8491410419312149,1.5008196470790724,-0.06640278899360229,-1.177851894974348,2.4413740852880284,-0.8828162337175963,-0.22035952407012813,0.003043148748581378,0.5505611813513597,-1.5195542767223194,0.9841231756854657,0
-0.634918112038349,0.9009088760241706,-0.502969299721533,-0.6716270883206069,-0.5733475201700994,0.9048055324001227,-0.7257958293968509,-0.8828162337175963,-0.9622228353523281,-0.11162799739561437,-0.997471732522988,-0.5274526594399713,0.9841231756854657,0
-0.634918112038349,-1.1099901739376037,-1.179024470547907,0.460591576929094,-0.911310674287764,0.9048055324001227,0.06599664927436881,-1.461440576166749,-1.173704231781191,-0.570312581972397,-0.4814607612315388,-0.190138109563973,0.9841231756854657,0
-0.8043672005990544,0.9009088760241706,-0.502969299721533,-0.09072029859559505,-0.911310674287764,-1.177851894974348,-0.3458937981303997,-0.8828162337175963,-0.5359031949322403,-0.45564143582820127,-0.997471732522988,0.38528082845978884,0.9841231756854657,0
-0.8043672005990544,-1.1099901739376037,0.8491410419312149,0.4582700975334444,-0.7423290972289317,-1.177851894974348,1.6495816066168083,0.853056793629862,0.001192415045823164,0.4617277333253637,-0.4814607612315388,0.20670253734896618,0.9841231756854657,0
-0.2960199349169384,0.9009088760241706,1.5251962127575889,-0.6780545856949566,-0.5733475201700994,-1.177851894974348,0.8577891279455886,-0.3041918912684436,0.051545128481266744,3.0991640946418633,-0.997471732522988,-0.7655570475877348,0.9841231756854657,0
3.77075819053999,-1.1099901739376037,-0.502969299721533,0.22585368756217974,3.4822103292418767,0.9048055324001227,-0.4616538585121321,-1.461440576166749,-0.6836044876762076,-0.7996548742607882,4.162637980391504,1.8932752867289577,0.9841231756854657,0
-0.8043672005990544,-1.1099901739376037,0.8491410419312149,-0.5808525062376533,-0.404365943111267,0.9048055324001227,-1.042512820865339,1.4316811360790147,-0.07601507888852362,-0.7996548742607882,-0.7394662468772634,0.305912699077201,0.9841231756854657,0
-0.634918112038349,0.9009088760241706,-0.502969299721533,1.7874039096154957,-0.911310674287764,-1.177851894974348,0.38271364074285674,-1.461440576166749,-1.7980778783806897,-0.9143260204049839,-0.22345527558581418,-0.30919030363785477,0.9841231756854657,0
-0.46546902347764374,0.9009088760241706,-1.179024470547907,-0.4956210484259446,-0.23538436605243465,0.9048055324001227,-0.39419313932934413,-0.8828162337175963,0.18917587853814558,0.1177142948927768,0.03455021005991044,0.782121475372728,-1.0161329645585022,0
-0.46546902347764374,0.9009088760241706,-0.502969299721533,-0.1119610454469473,-0.5733475201700994,-1.177851894974348,-0.8841543251310949,-0.8828162337175963,-0.18679104844649927,-1.0289971665491795,-0.4814607612315388,0.32575473142284794,0.9841231756854657,0
0.7206745964472937,-1.1099901739376037,0.8491410419312149,-0.7552635160713589,0.4405419421828948,0.9048055324001227,-0.46672133037562785,0.2744324511807092,-0.002164432516539662,0.8057411717579506,0.5505611813513597,-0.7853990799333818,0.9841231756854657,0
0.21232733076517762,0.9009088760241706,0.17308587110484092,-0.12879571915961754,0.10257878806523006,0.9048055324001227,-0.5674373336626071,-0.8828162337175963,-0.012234975203628139,-0.6849837281165926,0.29255569570563505,1.258330251668255,0.9841231756854657,0
-0.9738162891597597,-1.1099901739376037,1.5251962127575889,-0.7884590921914648,-0.404365943111267,0.9048055324001227,-1.2800505644667048,-0.8828162337175963,0.6759187750807655,-1.0289971665491795,-0.4814607612315388,-0.5472946917856183,-1.0161329645585022,0
-0.2960199349169384,-1.1099901739376037,-1.179024470547907,-0.6510969984271066,-0.5733475201700994,0.9048055324001227,-0.9474977234247925,1.4316811360790147,-0.38148820706354736,-0.570312581972397,-0.4814607612315388,0.10749237562073138,0.9841231756854657,0
0.7206745964472937,-1.1099901739376037,1.5251962127575889,0.64855244609251,1.2854498274770565,-1.177851894974348,0.38271364074285674,-1.461440576166749,0.7799810495140155,-0.45564143582820127,0.5505611813513597,1.1988041546313142,0.9841231756854657,0
-0.2960199349169384,-1.1099901739376037,0.8491410419312149,-0.2864036400343353,-0.404365943111267,0.9048055324001227,-1.2540797711662888,1.4316811360790147,0.4409394457153629,-1.2583394588375707,-0.22345527558581418,0.5638591195706114,-1.0161329645585022,0
-0.8043672005990544,-1.1099901739376037,1.5251962127575889,0.3995224556843512,-0.911310674287764,-1.177851894974348,-1.187410844462172,-0.8828162337175963,-0.008878127641265313,-1.3730106049817663,-0.997471732522988,-0.36871640067479566,0.9841231756854657,0
-0.634918112038349,0.9009088760241706,-1.179024470547907,-0.29628966793689776,-0.911310674287764,-1.177851894974348,-0.5674373336626071,0.853056793629862,-1.143492603719925,-0.45564143582820127,-0.4814607612315388,-0.32903233598350173,-1.0161329645585022,0
-0.634918112038349,-1.1099901739376037,0.8491410419312149,-0.4855928891318118,-0.5733475201700994,0.9048055324001227,-1.359229812333827,-0.8828162337175963,-1.3751150855229646,-1.3730106049817663,-0.4814607612315388,1.2186461869769611,-1.0161329645585022,0
0.5512255078865883,-1.1099901739376037,-0.502969299721533,-0.1707718568034051,0.7785050963005594,-1.177851894974348,0.38271364074285674,0.2744324511807092,-0.26399854238084547,0.3470565871811683,0.5505611813513597,-1.4401861473397315,0.9841231756854657,0
-0.2960199349169384,-1.1099901739376037,-1.179024470547907,-0.5146666548963764,-0.404365943111267,0.9048055324001227,-1.042512820865339,-1.461440576166749,0.1119683846037988,-0.9143260204049839,0.5505611813513597,-1.2219237915376149,0.9841231756854657,0
6.31249451895057,-1.1099901739376037,-0.502969299721533,-0.5434719502546415,6.523878716300859,0.9048055324001227,0.18872448346840787,-0.8828162337175963,0.9444665800697976,1.1497546101905376,4.936654437328678,-0.09092794783573821,-1.0161329645585022,0
-0.9738162891597597,0.9009088760241706,-1.179024470547907,-0.1034963314600887,-0.911310674287764,-1.177851894974348,1.3328646151483206,-0.8828162337175963,-0.37813135950118393,1.2644257563347332,-0.7394662468772634,0.5241750548793175,0.9841231756854657,0
0.5512255078865883,0.9009088760241706,-1.179024470547907,-0.2264241927916321,0.4405419421828948,-1.177851894974348,-0.9272278359708093,-0.8828162337175963,-0.8447331706696268,-0.9143260204049839,0.29255569570563505,0.32575473142284794,0.9841231756854657,0
-0.9738162891597597,0.9009088760241706,-1.179024470547907,-1.016627352792459,-0.911310674287764,0.9048055324001227,-1.359229812333827,-0.8828162337175963,0.8739727812601764,-0.9143260204049839,-0.997471732522988,-0.11076998018138517,0.9841231756854657,0
0.38177641932588297,0.9009088760241706,-1.179024470547907,0.29352402232652497,0.2715603651240624,0.9048055324001227,1.3328646151483206,-1.461440576166749,-0.005521280078902488,0.4617277333253637,-0.22345527558581418,0.6829113136444932,0.9841231756854657,0
-0.2960199349169384,-1.1099901739376037,0.8491410419312149,-0.14632525745329858,-0.5733475201700994,0.9048055324001227,-0.2507203421941191,-0.8828162337175963,-0.47883678637207105,-0.34097028968400567,-0.22345527558581418,-2.094973214746081,0.9841231756854657,0
-0.46546902347764374,-1.1099901739376037,0.8491410419312149,-0.29977978321879284,-0.06640278899360229,-1.177851894974348,-0.5040939353689095,1.4316811360790147,-0.901799579229796,-0.34097028968400567,-0.4814607612315388,0.4448069254967297,-1.0161329645585022,0
0.21232733076517762,0.9009088760241706,1.5251962127575889,-0.6362995413269452,0.4405419421828948,-1.177851894974348,-0.2507203421941191,0.2744324511807092,-1.4489657318949483,0.6910700256137552,0.03455021005991044,1.3972244780877838,-1.0161329645585022,0
-0.9738162891597597,-1.1099901739376037,-1.179024470547907,-0.7288902467466316,-0.7423290972289317,0.9048055324001227,-0.7257958293968509,-1.461440576166749,-1.4187541038336824,0.1177142948927768,-0.7394662468772634,0.5440170872249644,-1.0161329645585022,0
-0.8043672005990544,-1.1099901739376037,1.5251962127575889,0.7597465714310759,-0.23538436605243465,0.9048055324001227,-0.23599300209083443,0.853056793629862,0.0716862138554443,-0.9143260204049839,-0.997471732522988,-2.114815247091728,0.9841231756854657,0
-0.8043672005990544,0.9009088760241706,-1.179024470547907,-0.4879775380348261,-0.5733475201700994,0.9048055324001227,-0.2507203421941191,-1.461440576166749,-1.529530073391658,0.23238544103697253,-0.7394662468772634,-0.011559818453150373,0.9841231756854657,0
0.21232733076517762,-1.1099901739376037,-0.502969299721533,-0.8493860820446373,-0.06640278899360229,0.9048055324001227,-0.5417832573536595,-0.8828162337175963,-0.5056915668709743,1.1497546101905376,0.5505611813513597,1.1194360252487263,-1.0161329645585022,0
1.398470950690115,0.9009088760241706,0.8491410419312149,-0.17958400308076908,1.6234129815947211,-1.177851894974348,0.5410721364771007,1.4316811360790147,-0.5090484144333371,0.5763988794695595,2.6146050665171567,1.278172284013902,0.9841231756854657,0
-0.46546902347764374,0.9009088760241706,-0.502969299721533,-0.45585584353991865,-0.7423290972289317,0.9048055324001227,0.06599664927436881,-0.8828162337175963,0.8068358300129187,0.6910700256137552,-0.997471732522988,-1.7179746001787888,0.9841231756854657,0
-0.634918112038349,0.9009088760241706,-0.502969299721533,-0.28030778257364986,-0.7423290972289317,0.9048055324001227,0.8577891279455886,-1.461440576166749,0.03811773823181484,1.1497546101905376,-0.4814607612315388,0.801963507718375,-1.0161329645585022,0
-0.2960199349169384,0.9009088760241706,-1.179024470547907,-0.05171312779794446,-0.5733475201700994,0.9048055324001227,0.4751950022516552,-0.3041918912684436,-0.47547993880970824,0.23238544103697253,-0.22345527558581418,-0.22982217425526694,0.9841231756854657,0
-0.12657084635623306,0.9009088760241706,1.5251962127575889,0.0004806776620697897,-0.06640278899360229,0.9048055324001227,-0.22823343579985647,-0.8828162337175963,1.4714916473607724,-0.45564143582820127,0.29255569570563505,0.18686050500331922,0.9841231756854657,0
0.7206745964472937,-1.1099901739376037,-0.502969299721533,0.28851783886787913,0.4405419421828948,0.9048055324001227,-0.3298995900612411,-0.3041918912684436,-0.29085332287974863,-0.6849837281165926,0.8085666669970842,1.5559607368529593,0.9841231756854657,0
-0.8043672005990544,0.9009088760241706,1.5251962127575889,0.23123888806501328,-0.23538436605243465,-1.177851894974348,-0.2507203421941191,-0.8828162337175963,0.8437611531989103,-0.6849837281165926,-0.4814607612315388,0.22654456969461315,-1.0161329645585022,0
-0.8043672005990544,-1.1099901739376037,-1.179024470547907,-0.9669919123807118,-0.911310674287764,0.9048055324001227,-1.2433113934563602,0.2744324511807092,0.561785957960427,-0.570312581972397,-0.7394662468772634,-1.5195542767223194,0.9841231756854657,0
0.7206745964472937,-1.1099901739376037,-1.179024470547907,-0.2217812340003328,0.4405419421828948,-1.177851894974348,-0.7257958293968509,-1.461440576166749,-1.069641957347941,-0.6849837281165926,0.29255569570563505,-2.0156050853634935,-1.0161329645585022,0
0.7206745964472937,0.9009088760241706,-0.502969299721533,0.4936292292807884,0.7785050963005594,-1.177851894974348,0.38271364074285674,0.2744324511807092,-1.4053267135842307,-0.34097028968400567,1.066572152642809,-0.4282424977117365,0.9841231756854657,0
0.7206745964472937,0.9009088760241706,0.8491410419312149,-0.1094500575292038,1.2854498274770565,-1.177851894974348,-0.2507203421941191,-1.461440576166749,-1.3549740001487873,-0.34097028968400567,0.5505611813513597,-0.7853990799333818,0.9841231756854657,0
0.38177641932588297,-1.1099901739376037,0.8491410419312149,-0.5795575313366786,-0.06640278899360229,0.21058638994196582,0.06599664927436881,-0.8828162337175963,-1.6671608234485367,1.035083464046342,0.8085666669970842,0.2463866020402601,0.9841231756854657,0
1.398470950690115,0.9009088760241706,-1.179024470547907,0.27215693646044353,1.4544314045358888,0.9048055324001227,-0.3298995900612411,-0.8828162337175963,0.20931696391232313,-0.6849837281165926,2.098594095225707,-0.5274526594399713,-1.0161329645585022,0
0.890123685007999,0.9009088760241706,1.5251962127575889,5.487384087352645,0.9474866733593919,-1.177851894974348,0.5062332674155671,1.4316811360790147,2.2167118062053355,-1.2583394588375707,0.8085666669970842,0.8416475724096689,0.9841231756854657,0
0.5512255078865883,0.9009088760241706,-0.502969299721533,0.15878346311779834,0.10257878806523006,-1.177851894974348,-1.327558113186978,-0.3041918912684436,-0.6466791644902159,-1.487681751125962,0.29255569570563505,0.9408577341379036,0.9841231756854657,0
-0.8043672005990544,-1.1099901739376037,-1.179024470547907,0.3607521705393179,-0.404365943111267,-1.177851894974348,0.06599664927436881,-1.461440576166749,-1.5429574636411096,-0.45564143582820127,-0.7394662468772634,-0.9242933063529105,0.9841231756854657,0
0.0428782422044723,0.9009088760241706,0.8491410419312149,-0.5084128736672794,-0.23538436605243465,0.9048055324001227,-1.186619051983501,-1.461440576166749,0.001192415045823164,-1.143668312693375,0.29255569570563505,-0.8449251769703227,0.9841231756854657,0
-0.9738162891597597,-1.1099901739376037,0.8491410419312149,0.39974354896012737,-0.911310674287764,-1.177851894974348,0.06599664927436881,-0.8828162337175963,-0.27742593263029736,-0.45564143582820127,-0.7394662468772634,1.0797519605574324,-1.0161329645585022,0
0.38177641932588297,0.9009088760241706,-0.502969299721533,1.5904729704063043,0.6095235192417271,-1.177851894974348,-0.5674373336626071,0.853056793629862,-0.08272877401324927,-1.2583394588375707,0.5505611813513597,0.9805417988291976,0.9841231756854657,0
-0.46546902347764374,-1.1099901739376037,-1.179024470547907,0.287270241097428,-0.23538436605243465,-1.177851894974348,0.06599664927436881,0.853056793629862,0.9578939703192488,-0.45564143582820127,0.03455021005991044,-0.8846092416616166,0.9841231756854657,0
-0.8043672005990544,0.9009088760241706,-1.179024470547907,-0.00987912154572729,-0.5733475201700994,-1.177851894974348,-0.4090788379283631,1.4316811360790147,-1.0058618536630461,-0.570312581972397,-0.4814607612315388,0.5638591195706114,0.9841231756854657,0
-0.46546902347764374,0.9009088760241706,0.8491410419312149,1.8800419921657054,-0.23538436605243465,-1.177851894974348,1.6495816066168083,-0.8828162337175963,0.011262957732911642,-0.45564143582820127,-0.4814607612315388,0.7027533459901402,-1.0161329645585022,0
1.398470950690115,0.9009088760241706,1.5251962127575889,1.4752359965964028,1.1164682504182242,-1.177851894974348,-0.27209873911824206,0.2744324511807092,0.3939435798422821,-1.0289971665491795,1.3245776382885335,0.8614896047553159,0.9841231756854657,0
-0.2960199349169384,0.9009088760241706,1.5251962127575889,0.8361974677191027,-0.23538436605243465,-1.177851894974348,1.0161476236798326,1.4316811360790147,-0.4083429875624505,-0.2262991435398101,-0.22345527558581418,-3.087074832028429,0.9841231756854657,0
1.7373691278115257,0.9009088760241706,-1.179024470547907,2.5423742768837077,1.9613761357123858,-1.177851894974348,-1.042512820865339,0.853056793629862,-1.1166378232210217,-1.487681751125962,2.098594095225707,1.337698381050843,-1.0161329645585022,0
-0.2960199349169384,0.9009088760241706,0.8491410419312149,1.3091791541116677,-0.7423290972289317,0.9048055324001227,2.2830155895537843,-1.461440576166749,1.159304824061023,0.1177142948927768,-0.4814607612315388,0.26622863438590705,-1.0161329645585022,0
-0.2960199349169384,-1.1099901739376037,-0.502969299721533,-0.5806472053387183,-0.5733475201700994,0.9048055324001227,-0.3774071387815143,0.853056793629862,-0.41841353024953903,0.3470565871811683,-0.4814607612315388,0.0479662785837905,0.9841231756854657,0
-0.8043672005990544,-1.1099901739376037,-0.502969299721533,-0.7931178433596053,-0.911310674287764,0.9048055324001227,-0.7257958293968509,-1.461440576166749,0.6188523665205963,0.3470565871811683,-0.7394662468772634,-0.8647672093159696,0.9841231756854657,0
0.890123685007999,0.9009088760241706,0.8491410419312149,0.4191365877210646,0.7785050963005594,0.9048055324001227,-0.09236184645987515,1.4316811360790147,0.7665536592645635,-0.6849837281165926,1.066572152642809,1.4964346398160184,0.9841231756854657,0
-0.8043672005990544,-1.1099901739376037,0.8491410419312149,0.3486552098789939,-0.5733475201700994,-1.177851894974348,2.4413740852880284,1.4316811360790147,-0.17672050575941017,1.2644257563347332,-0.997471732522988,-1.4600281796853785,-1.0161329645585022,0
0.38177641932588297,-1.1099901739376037,0.8491410419312149,-0.2982795074188832,0.4405419421828948,0.9048055324001227,-0.483032255436255,1.4316811360790147,-0.1935047435712249,-0.34097028968400567,-0.22345527558581418,-0.07108591549009124,0.9841231756854657,0
0.38177641932588297,-1.1099901739376037,-0.502969299721533,-0.393681255916295,0.7785050963005594,0.9048055324001227,-1.1850354670261585,1.4316811360790147,-0.9722933780394172,-1.143668312693375,0.8085666669970842,0.26622863438590705,0.9841231756854657,0
-0.46546902347764374,0.9009088760241706,-1.179024470547907,0.4012122400063547,-0.5733475201700994,-1.177851894974348,0.06599664927436881,-0.8828162337175963,-0.22035952407012813,-0.570312581972397,-0.7394662468772634,0.6432272489531993,-1.0161329645585022,0
-0.634918112038349,0.9009088760241706,-0.502969299721533,-0.27879171439689904,-0.7423290972289317,0.9048055324001227,0.7787682385742009,0.2744324511807092,-0.9722933780394172,1.035083464046342,-0.4814607612315388,-0.9242933063529105,0.9841231756854657,0
-0.2960199349169384,0.9009088760241706,-0.502969299721533,0.9369370395888247,-0.7423290972289317,-1.177851894974348,1.5873467177932505,-0.8828162337175963,0.7665536592645635,0.003043148748581378,-0.7394662468772634,-0.5076106270943244,-1.0161329645585022,0
0.890123685007999,-1.1099901739376037,1.5251962127575889,-0.11033443063230843,0.9474866733593919,0.21058638994196582,1.0161476236798326,0.853056793629862,0.38387303715519366,0.9204123179021463,1.066572152642809,-0.9044512740072636,0.9841231756854657,0
0.0428782422044723,-1.1099901739376037,1.5251962127575889,-0.6747381865583143,-0.404365943111267,0.9048055324001227,-0.6941241302500022,-0.8828162337175963,-1.8014347259430528,0.003043148748581378,0.29255569570563505,-1.658448503141848,-1.0161329645585022,0
-0.8043672005990544,-1.1099901739376037,-1.179024470547907,-0.4370787074757864,-0.911310674287764,-1.177851894974348,-0.00304765486576156,-1.461440576166749,-1.3918993233347792,0.4617277333253637,-0.7394662468772634,-1.7973427295613766,0.9841231756854657,0
-0.634918112038349,-1.1099901739376037,-1.179024470547907,0.12550892511348669,-0.7423290972289317,0.9048055324001227,1.1567699678918413,0.2744324511807092,-1.3516171525864242,0.5763988794695595,-0.4814607612315388,-0.36871640067479566,0.9841231756854657,0
-0.2960199349169384,-1.1099901739376037,-1.179024470547907,0.17383359824741818,-0.06640278899360229,-1.177851894974348,0.38271364074285674,-0.3041918912684436,-1.3583308477111502,-0.11162799739561437,-0.4814607612315388,0.6035431842619053,0.9841231756854657,0
2.415165482054347,0.9009088760241706,0.8491410419312149,0.6255903301654719,2.4683208668888827,-1.177851894974348,-0.7189864140802785,1.4316811360790147,1.092167872813765,-1.143668312693375,2.098594095225707,0.6432272489531993,0.9841231756854657,0
-0.8043672005990544,-1.1099901739376037,0.8491410419312149,-0.10727070952512453,-0.5733475201700994,-1.177851894974348,0.30353439287573475,0.853056793629862,-0.7910236096718204,0.23238544103697253,-0.997471732522988,-1.3806600503027906,0.9841231756854657,0
0.7206745964472937,0.9009088760241706,-0.502969299721533,-0.48815125418007876,0.6095235192417271,0.9048055324001227,-0.8841543251310949,0.2744324511807092,0.8639022385730879,-0.6849837281165926,0.29255569570563505,0.008282213892496587,-1.0161329645585022,0
-0.9738162891597597,0.9009088760241706,1.5251962127575889,-0.5257529034388666,-0.911310674287764,0.9048055324001227,0.06599664927436881,0.853056793629862,0.8336906105118219,0.8057411717579506,-0.997471732522988,0.782121475372728,-1.0161329645585022,0
-0.9738162891597597,-1.1099901739376037,-0.502969299721533,-1.0672892976988813,-0.5733475201700994,0.9048055324001227,-1.327558113186978,-0.8828162337175963,-0.18343420088413584,-0.45564143582820127,-0.7394662468772634,-0.03140185079879733,0.9841231756854657,0
1.0595727735687044,-1.1099901739376037,-1.179024470547907,-0.015927601875889305,0.7785050963005594,-1.177851894974348,-1.042512820865339,0.853056793629862,0.3301634761573873,-1.143668312693375,1.582583123934258,-0.4282424977117365,0.9841231756854657,0
1.2290218621294098,-1.1099901739376037,-0.502969299721533,-0.4316935069729529,1.2854498274770565,0.9048055324001227,-0.5436835593024705,0.2744324511807092,-0.6500360120525788,-0.2262991435398101,1.582583123934258,1.0995939929030794,-1.0161329645585022,0
1.0595727735687044,0.9009088760241706,-0.502969299721533,-0.31944129238602964,0.9474866733593919,-1.177851894974348,-1.1375279183058853,-1.461440576166749,-1.2844802013391665,-1.143668312693375,-0.22345527558581418,-0.6465048535138531,0.9841231756854657,0
-0.8043672005990544,0.9009088760241706,1.5251962127575889,-0.33856586074066725,-0.911310674287764,-1.177851894974348,-0.46814655683723605,-0.8828162337175963,0.11532523216616163,-0.34097028968400567,-0.7394662468772634,-0.15045404487267908,0.9841231756854657,0
-0.12657084635623306,0.9009088760241706,-0.502969299721533,0.04146189556486464,-0.06640278899360229,-1.177851894974348,-0.5674373336626071,-0.8828162337175963,-1.099853585409207,-0.7996548742607882,-0.4814607612315388,0.5837011519162584,-1.0161329645585022,0
-0.2960199349169384,0.9009088760241706,0.8491410419312149,0.7404956640617091,-0.23538436605243465,-1.177851894974348,2.4413740852880284,-0.8828162337175963,0.18917587853814558,0.6910700256137552,-0.4814607612315388,0.40512286080543575,0.9841231756854657,0
-0.46546902347764374,-1.1099901739376037,0.8491410419312149,-0.4929521367397896,-0.7423290972289317,-1.177851894974348,-0.804975077263973,-0.8828162337175963,0.6087818238335078,-0.570312581972397,-0.7394662468772634,0.9606997664835506,0.9841231756854657,0
-0.12657084635623306,-1.1099901739376037,0.8491410419312149,-0.44990211747080355,0.10257878806523006,0.9048055324001227,-0.4882580857954851,-0.8828162337175963,-1.1602768415317393,-0.11162799739561437,-0.22345527558581418,0.9011736694466097,0.9841231756854657,0
-0.12657084635623306,-1.1099901739376037,0.17308587110484092,1.4501577021726502,-0.404365943111267,-1.177851894974348,-0.7668106797920202,1.4316811360790147,0.6759187750807655,-1.2583394588375707,0.5505611813513597,0.6035431842619053,0.9841231756854657,0
-0.634918112038349,0.9009088760241706,-0.502969299721533,0.4627077554258087,-0.911310674287764,-1.177851894974348,-1.042512820865339,0.853056793629862,0.5953544335840558,-1.2583394588375707,-0.4814607612315388,-0.30919030363785477,0.9841231756854657,0
1.2290218621294098,0.9009088760241706,-1.179024470547907,0.9302252794313343,0.6095235192417271,0.9048055324001227,-1.0662665952254755,-0.3041918912684436,-0.8178783901707236,-1.3730106049817663,1.3245776382885335,-0.32903233598350173,0.9841231756854657,0
0.0428782422044723,0.9009088760241706,1.5251962127575889,0.060712802934231466,0.10257878806523006,0.9048055324001227,-1.2008713165995828,1.4316811360790147,-1.3851856282100534,-1.3730106049817663,0.03455021005991044,-0.5869787564769122,-1.0161329645585022,0
-0.634918112038349,-1.1099901739376037,1.5251962127575889,0.552724303420387,-0.404365943111267,-1.177851894974348,-0.7257958293968509,0.853056793629862,-0.37813135950118393,-1.143668312693375,-0.4814607612315388,1.5956448015442533,-1.0161329645585022,0
0.5512255078865883,0.9009088760241706,-0.502969299721533,-0.37722559924781246,0.6095235192417271,0.9048055324001227,-0.7257958293968509,1.4316811360790147,0.001192415045823164,-0.570312581972397,0.5505611813513597,1.6551708985811941,-1.0161329645585022,0
-0.2960199349169384,0.9009088760241706,-1.179024470547907,0.27015130460161696,-0.06640278899360229,-1.177851894974348,0.5410721364771007,-1.461440576166749,-1.1401357561575618,-0.11162799739561437,-0.4814607612315388,1.238488219322608,0.9841231756854657,0
0.38177641932588297,0.9009088760241706,0.8491410419312149,-0.6719745206111123,0.9474866733593919,-1.177851894974348,-0.8841543251310949,0.2744324511807092,-0.15993626794759605,-0.34097028968400567,0.29255569570563505,1.0202258635204915,-1.0161329645585022,0
-0.2960199349169384,-1.1099901739376037,-1.179024470547907,1.6017961046014118,-0.911310674287764,-1.177851894974348,2.4413740852880284,-0.8828162337175963,-0.3076375606915634,0.003043148748581378,-0.4814607612315388,-0.36871640067479566,-1.0161329645585022,0
-0.2960199349169384,0.9009088760241706,-0.502969299721533,-0.40843133588593294,-0.06640278899360229,-1.177851894974348,-0.8841543251310949,-0.3041918912684436,-1.2777665062144405,-0.7996548742607882,-0.7394662468772634,-0.38855843302044263,0.9841231756854657,0
0.38177641932588297,-1.1099901739376037,1.5251962127575889,-0.1740724635632063,0.10257878806523006,-1.177851894974348,1.6495816066168083,0.853056793629862,0.43758259815300005,1.7231103409115156,0.5505611813513597,-1.0235034680811452,0.9841231756854657,0
-0.8043672005990544,0.9009088760241706,-1.179024470547907,-0.2622255110905284,-0.911310674287764,0.21058638994196582,0.0026532509806712224,0.853056793629862,-1.2542685732779006,0.1177142948927768,-0.22345527558581418,-0.20998014190961997,0.9841231756854657,0
-0.2960199349169384,0.9009088760241706,0.8491410419312149,0.15344563974548825,-0.7423290972289317,0.9048055324001227,-1.3296167736315232,-1.461440576166749,0.5114332445249834,-1.487681751125962,-0.997471732522988,-0.44808453005738347,0.9841231756854657,0
-0.46546902347764374,0.9009088760241706,0.8491410419312149,-0.6783862256086208,-0.7423290972289317,0.9048055324001227,-1.042512820865339,0.853056793629862,0.2831676102843065,-0.6849837281165926,-0.4814607612315388,0.7622794430270811,0.9841231756854657,0
0.21232733076517762,0.9009088760241706,-0.502969299721533,0.5218186219422485,0.10257878806523006,-1.177851894974348,-0.6109859199895241,-1.461440576166749,0.34359086640683856,-1.0289971665491795,0.03455021005991044,-0.46792656240303043,0.9841231756854657,0
3.0929618362971683,-1.1099901739376037,0.8491410419312149,0.5540508630750439,3.3132287521830444,-1.177851894974348,-0.7257958293968509,0.2744324511807092,-1.338189762336973,-1.143668312693375,2.356599580871432,0.26622863438590705,0.9841231756854657,0
-0.8043672005990544,0.9009088760241706,-0.502969299721533,-0.4455118367089627,-0.911310674287764,0.9048055324001227,-0.5664871826882015,1.4316811360790147,-0.09279931670033775,-0.2262991435398101,-0.4814607612315388,-0.5274526594399713,-1.0161329645585022,0
-0.8043672005990544,0.9009088760241706,0.8491410419312149,-0.26366261738307345,-0.7423290972289317,0.9048055324001227,-0.8999901747045194,-0.8828162337175963,-1.0159323963501345,-0.9143260204049839,-0.4814607612315388,-2.3529196352394917,0.9841231756854657,0
1.398470950690115,-1.1099901739376037,-1.179024470547907,0.30729497493201136,1.9613761357123858,-1.177851894974348,-0.2507203421941191,0.853056793629862,2.4449774404460123,-0.6849837281165926,1.8405886095799828,-0.4877685947486774,0.9841231756854657,0
0.0428782422044723,0.9009088760241706,-1.179024470547907,0.3605152848867006,0.2715603651240624,0.9048055324001227,-0.09236184645987515,-0.3041918912684436,0.001192415045823164,-0.570312581972397,0.29255569570563505,0.286070666731554,-1.0161329645585022,0
-0.46546902347764374,-1.1099901739376037,0.8491410419312149,-0.29610015941480394,-0.7423290972289317,-1.177851894974348,-0.5253139737972982,0.853056793629862,-1.1770610793435539,-0.45564143582820127,-0.22345527558581418,-0.09092794783573821,0.9841231756854657,0
-0.634918112038349,0.9009088760241706,-0.502969299721533,-0.4924941578113961,-0.911310674287764,-1.177851894974348,-0.39419313932934413,-0.8828162337175963,1.1425205862492085,0.1177142948927768,-0.22345527558581418,-0.4877685947486774,0.9841231756854657,0
-0.8043672005990544,-1.1099901739376037,0.8491410419312149,-0.47924435364166784,-0.911310674287764,0.9048055324001227,-1.042512820865339,0.853056793629862,0.8169063727000071,-0.9143260204049839,-0.4814607612315388,-0.8647672093159696,0.9841231756854657,0
-0.2960199349169384,-1.1099901739376037,-0.502969299721533,0.8921656512441529,-0.7423290972289317,-1.177851894974348,0.9428276401548776,-0.3041918912684436,-0.14315203013578132,-0.34097028968400567,-0.22345527558581418,-0.22982217425526694,0.9841231756854657,0
-0.12657084635623306,-1.1099901739376037,1.5251962127575889,0.6460098734210842,-0.23538436605243465,-1.177851894974348,0.38271364074285674,-0.3041918912684436,-0.18679104844649927,-0.45564143582820127,0.03455021005991044,1.774223092655076,-1.0161329645585022,0
-0.46546902347764374,0.9009088760241706,0.8491410419312149,-0.8539658713285719,-0.404365943111267,0.9048055324001227,-1.0596155384046373,-1.461440576166749,0.5248606347744353,-0.34097028968400567,-0.4814607612315388,0.22654456969461315,0.9841231756854657,0
-0.2960199349169384,-1.1099901739376037,0.8491410419312149,-0.25791419221289336,-0.06640278899360229,0.9048055324001227,-0.2507203421941191,-0.8828162337175963,-0.14315203013578132,-0.11162799739561437,-0.4814607612315388,0.9805417988291976,-1.0161329645585022,0
-0.12657084635623306,0.9009088760241706,0.8491410419312149,-0.5147456167805823,-0.404365943111267,0.9048055324001227,-0.9474977234247925,-1.461440576166749,0.138823165102702,-0.6849837281165926,-0.22345527558581418,0.22654456969461315,-1.0161329645585022,0
-0.2960199349169384,-1.1099901739376037,-1.179024470547907,1.5980533112900581,-0.06640278899360229,-1.177851894974348,0.031949572691506355,-1.461440576166749,-1.1938453171553682,-1.0289971665491795,-0.22345527558581418,-2.9481806056089,0.9841231756854657,0
-0.9738162891597597,0.9009088760241706,-1.179024470547907,0.06038116302056723,-0.911310674287764,-1.177851894974348,0.8577891279455886,-0.8828162337175963,-0.8447331706696268,0.4617277333253637,-0.997471732522988,-1.4203441149940845,0.9841231756854657,0
0.0428782422044723,0.9009088760241706,1.5251962127575889,0.7093215121772709,0.10257878806523006,-1.177851894974348,-0.7824881708697103,-0.8828162337175963,-0.5862559083676839,-1.143668312693375,0.03455021005991044,0.26622863438590705,-1.0161329645585022,0
-0.634918112038349,0.9009088760241706,0.8491410419312149,-0.7766306019374404,-0.5733475201700994,0.21058638994196582,-0.7257958293968509,1.4316811360790147,-0.24721430456903132,0.23238544103697253,-0.4814607612315388,-0.051243883144444294,0.9841231756854657,0
1.0595727735687044,-1.1099901739376037,1.5251962127575889,-0.3087340608877272,0.7785050963005594,0.9048055324001227,0.38271364074285674,1.4316811360790147,0.635636604332411,0.6910700256137552,0.5505611813513597,0.028124246238143545,0.9841231756854657,0
0.38177641932588297,-1.1099901739376037,-1.179024470547907,0.13668992791702378,0.10257878806523006,-1.177851894974348,0.8577891279455886,-0.8828162337175963,0.1253957748532507,0.3470565871811683,0.8085666669970842,0.6630692812988462,0.9841231756854657,0
-0.8043672005990544,0.9009088760241706,1.5251962127575889,-0.4269715862974478,-0.5733475201700994,-1.177851894974348,0.06599664927436881,-0.8828162337175963,0.06161567116835522,0.5763988794695595,-0.4814607612315388,-2.5513399586959613,0.9841231756854657,0
-0.12657084635623306,0.9009088760241706,0.8491410419312149,-0.26674213086709847,0.2715603651240624,0.9048055324001227,-0.5674373336626071,0.2744324511807092,-0.7910236096718204,-0.45564143582820127,0.5505611813513597,-0.9242933063529105,0.9841231756854657,0
-0.2960199349169384,-1.1099901739376037,-1.179024470547907,-0.14424066371026625,-0.23538436605243465,-1.177851894974348,-0.7929398315881704,-0.8828162337175963,0.427512055465911,-0.9143260204049839,0.8085666669970842,-1.2616078562289088,0.9841231756854657,0
-0.8043672005990544,0.9009088760241706,-0.502969299721533,-0.3046754200395506,-0.404365943111267,0.9048055324001227,-0.5674373336626071,-1.461440576166749,0.20931696391232313,-0.45564143582820127,-0.7394662468772634,0.2463866020402601,-1.0161329645585022,0
-0.46546902347764374,-1.1099901739376037,-1.179024470547907,0.17763956106613632,-0.404365943111267,0.9048055324001227,-0.5058358788219861,1.4316811360790147,-0.9185838170416109,-0.7996548742607882,-0.4814607612315388,-0.7258729828964409,0.9841231756854657,0
1.398470950690115,0.9009088760241706,0.8491410419312149,1.028990804195912,1.2854498274770565,-1.177851894974348,2.4413740852880284,-0.3041918912684436,0.01797665285763789,0.3470565871811683,1.3245776382885335,1.278172284013902,-1.0161329645585022,0
0.21232733076517762,0.9009088760241706,-1.179024470547907,-0.3749830817363686,-0.404365943111267,0.9048055324001227,0.38271364074285674,-0.8828162337175963,0.001192415045823164,0.8057411717579506,0.8085666669970842,-1.0433455004267922,0.9841231756854657,0
-0.46546902347764374,0.9009088760241706,-0.502969299721533,0.12092913582955199,-0.404365943111267,0.9048055324001227,0.06599664927436881,0.853056793629862,-0.21364582894540246,-0.34097028968400567,-0.4814607612315388,0.08765034327508442,0.9841231756854657,0
-0.2960199349169384,0.9009088760241706,-0.502969299721533,-0.42504491632282704,-0.404365943111267,-1.177851894974348,1.0022120760552191,1.4316811360790147,-0.35799027412700696,1.8377814870557112,-0.7394662468772634,0.2463866020402601,0.9841231756854657,0
0.7206745964472937,-1.1099901739376037,-0.502969299721533,0.7441594954888568,0.6095235192417271,-1.177851894974348,-0.7257958293968509,0.2744324511807092,1.0854541776890392,-1.143668312693375,0.8085666669970842,-1.2616078562289088,0.9841231756854657,0
0.21232733076517762,0.9009088760241706,-0.502969299721533,-0.10824983688927609,0.2715603651240624,-1.177851894974348,-0.7257958293968509,0.2744324511807092,0.001192415045823164,-0.7996548742607882,0.5505611813513597,-0.7258729828964409,0.9841231756854657,0
0.890123685007999,0.9009088760241706,-1.179024470547907,-0.07033234009366512,0.7785050963005594,0.9048055324001227,-0.4090788379283631,0.2744324511807092,-1.3348329147746099,-0.570312581972397,0.8085666669970842,0.10749237562073138,-1.0161329645585022,0
-0.2960199349169384,0.9009088760241706,-1.179024470547907,0.12383493316832435,-0.404365943111267,-1.177851894974348,0.2620444669933628,-0.8828162337175963,-0.3613471216893698,-0.11162799739561437,-0.4814607612315388,-0.44808453005738347,0.9841231756854657,0
-0.634918112038349,-1.1099901739376037,0.8491410419312149,-0.3953394554846162,-0.23538436605243465,0.9048055324001227,-0.4090788379283631,1.4316811360790147,-1.173704231781191,-0.11162799739561437,-0.4814607612315388,-0.09092794783573821,0.9841231756854657,0
-0.9738162891597597,-1.1099901739376037,0.8491410419312149,0.2688563297006423,-0.911310674287764,-1.177851894974348,-0.7257958293968509,1.4316811360790147,0.6624913848313142,-1.0289971665491795,-0.7394662468772634,-0.9838194033898514,0.9841231756854657,0
4.956901810464927,0.9009088760241706,-1.179024470547907,0.39953824806119237,5.003044522771368,0.9048055324001227,0.8577891279455886,-0.3041918912684436,-0.87158795116853,0.003043148748581378,4.162637980391504,-0.07108591549009124,0.9841231756854657,0
-0.634918112038349,-1.1099901739376037,0.8491410419312149,-0.24085842522444695,-0.7423290972289317,0.9048055324001227,0.06599664927436881,-1.461440576166749,-1.0260029390372234,0.1177142948927768,-0.4814607612315388,0.38528082845978884,-1.0161329645585022,0
-0.634918112038349,-1.1099901739376037,0.8491410419312149,-0.8476962977226338,-0.911310674287764,0.9048055324001227,-0.8990400237301139,-1.461440576166749,1.0351014642535956,0.1177142948927768,-0.4814607612315388,-2.094973214746081,0.9841231756854657,0
-0.8043672005990544,-1.1099901739376037,-1.179024470547907,-0.7894224271787752,-0.911310674287764,0.9048055324001227,-0.7257958293968509,0.2744324511807092,0.5483585677109757,0.3470565871811683,-0.4814607612315388,-0.7060309505507939,0.9841231756854657,0
-0.634918112038349,-1.1099901739376037,1.5251962127575889,0.4135618786961372,-0.5733475201700994,0.9048055324001227,1.6495816066168083,-1.461440576166749,0.7531262690151123,0.5763988794695595,-0.22345527558581418,-0.9441353386985575,0.9841231756854657,0
0.38177641932588297,-1.1099901739376037,-0.502969299721533,-0.3936970482931362,0.2715603651240624,-1.177851894974348,0.07739846096723438,-0.8828162337175963,0.739698878765661,0.4617277333253637,0.5505611813513597,1.238488219322608,0.9841231756854657,0
-0.634918112038349,0.9009088760241706,-0.502969299721533,-0.28684582658588764,-0.911310674287764,0.9048055324001227,-1.0876449921495985,-1.461440576166749,-0.9320112072910621,-1.143668312693375,-0.7394662468772634,-1.3012919209202027,0.9841231756854657,0
0.21232733076517762,0.9009088760241706,-0.502969299721533,1.1049047596713395,-0.404365943111267,-1.177851894974348,-1.2008713165995828,-1.461440576166749,-1.8752853723150364,-1.487681751125962,0.29255569570563505,-1.4798702120310254,0.9841231756854657,0
-0.2960199349169384,-1.1099901739376037,-0.502969299721533,-0.22947212152197483,-0.23538436605243465,0.9048055324001227,-0.2507203421941191,0.2744324511807092,-1.8047915735054156,-0.2262991435398101,-0.4814607612315388,0.5837011519162584,-1.0161329645585022,0
0.0428782422044723,-1.1099901739376037,-0.502969299721533,0.34447023001608806,-0.5733475201700994,0.21058638994196582,2.4413740852880284,1.4316811360790147,-1.029359786599586,1.2644257563347332,0.29255569570563505,-0.7258729828964409,0.9841231756854657,0
-0.2960199349169384,-1.1099901739376037,-0.502969299721533,-0.40426214839986824,-0.404365943111267,-1.177851894974348,-0.5674373336626071,0.2744324511807092,-1.0260029390372234,-0.34097028968400567,0.03455021005991044,0.5837011519162584,-1.0161329645585022,0
-0.2960199349169384,-1.1099901739376037,-0.502969299721533,-0.3904280262870173,-0.7423290972289317,-1.177851894974348,-0.5750385414578507,0.2744324511807092,-1.1468494512822878,-0.34097028968400567,-0.7394662468772634,-0.26950623894656084,0.9841231756854657,0
0.0428782422044723,-1.1099901739376037,1.5251962127575889,-0.48867240261583683,-0.5733475201700994,0.9048055324001227,-1.2958864140401292,-0.8828162337175963,-0.6063969937418614,-1.2583394588375707,0.29255569570563505,1.0202258635204915,0.9841231756854657,0
-0.12657084635623306,-1.1099901739376037,1.5251962127575889,-0.917514395737376,-0.23538436605243465,0.9048055324001227,-1.359229812333827,1.4316811360790147,-1.1569199939693766,-1.0289971665491795,-0.22345527558581418,-0.6068207888225592,0.9841231756854657,0
0.7206745964472937,0.9009088760241706,1.5251962127575889,0.17190692827279738,1.2854498274770565,-1.177851894974348,0.38271364074285674,-0.3041918912684436,0.1757484882886937,-0.11162799739561437,0.8085666669970842,-3.047390767337135,0.9841231756854657,0
0.21232733076517762,0.9009088760241706,-1.179024470547907,0.12015530936433544,0.2715603651240624,-1.177851894974348,-1.3286666226571178,-0.8828162337175963,1.2767944887437244,-1.487681751125962,0.5505611813513597,0.4844909901880236,-1.0161329645585022,0
1.398470950690115,-1.1099901739376037,-0.502969299721533,0.0853962879369553,1.7923945586535535,-1.177851894974348,3.2331665639592484,-0.3041918912684436,-0.29085332287974863,2.411137217776689,1.8405886095799828,1.4567505751247247,0.9841231756854657,0
0.0428782422044723,0.9009088760241706,0.8491410419312149,1.3131588330756385,0.2715603651240624,-1.177851894974348,1.87650933100398,1.4316811360790147,0.3704456469057418,-0.11162799739561437,-0.22345527558581418,-1.8370267942526706,0.9841231756854657,0
2.415165482054347,0.9009088760241706,0.8491410419312149,0.8765154057945692,2.130357712771218,-1.177851894974348,2.4413740852880284,0.853056793629862,0.5886407384593302,0.4617277333253637,2.6146050665171567,0.305912699077201,-1.0161329645585022,0
1.2290218621294098,0.9009088760241706,-1.179024470547907,-0.816869578128701,1.4544314045358888,0.9048055324001227,-0.963333572998217,-0.8828162337175963,1.0384583118159585,-0.2262991435398101,0.8085666669970842,1.278172284013902,0.9841231756854657,0
-0.46546902347764374,-1.1099901739376037,-0.502969299721533,-0.7642493784939756,-0.911310674287764,-1.177851894974348,-1.359229812333827,0.2744324511807092,0.024690347982363543,-1.2583394588375707,-0.22345527558581418,-0.9044512740072636,0.9841231756854657,0
-0.8043672005990544,-1.1099901739376037,-1.179024470547907,0.1147385241078196,-0.911310674287764,0.9048055324001227,0.38271364074285674,0.2744324511807092,1.286865031430813,0.003043148748581378,-0.4814607612315388,-0.09092794783573821,0.9841231756854657,0
0.890123685007999,0.9009088760241706,-1.179024470547907,-0.7452353567772261,0.7785050963005594,0.9048055324001227,-0.4090788379283631,0.2744324511807092,0.11868207972852446,0.8057411717579506,0.8085666669970842,0.9805417988291976,0.9841231756854657,0
0.0428782422044723,0.9009088760241706,-1.179024470547907,-0.18833297985076844,0.10257878806523006,-1.177851894974348,1.6495816066168083,-0.8828162337175963,-0.2807827801926602,1.7231103409115156,0.5505611813513597,0.16701847265767225,-1.0161329645585022,0
-0.8043672005990544,0.9009088760241706,1.5251962127575889,0.2312704728186956,-0.7423290972289317,-1.177851894974348,-1.3220155658362795,-0.8828162337175963,-0.2975670180044749,-1.487681751125962,-0.4814607612315388,0.18686050500331922,-1.0161329645585022,0
-0.12657084635623306,-1.1099901739376037,1.5251962127575889,0.8176888020612703,0.4405419421828948,-1.177851894974348,2.8676751558046134,0.853056793629862,-0.18007735332177302,0.8057411717579506,-0.22345527558581418,-1.3409759856114967,-1.0161329645585022,0
0.21232733076517762,0.9009088760241706,-0.502969299721533,0.5514767056499358,0.10257878806523006,0.9048055324001227,0.6994306322113446,1.4316811360790147,0.7598399641398379,-0.2262991435398101,0.8085666669970842,-2.610866055732902,0.9841231756854657,0
-0.2960199349169384,-1.1099901739376037,-0.502969299721533,-0.4235762252765997,-0.404365943111267,0.9048055324001227,-1.0274687637705857,-0.8828162337175963,1.0250309215665072,-0.9143260204049839,-0.4814607612315388,0.32575473142284794,0.9841231756854657,0
-0.2960199349169384,-1.1099901739376037,0.8491410419312149,-0.48488223217395987,-0.404365943111267,0.9048055324001227,-0.9474977234247925,-1.461440576166749,-1.1703473842188281,-0.7996548742607882,-0.4814607612315388,0.6233852166075523,0.9841231756854657,0
0.7206745964472937,-1.1099901739376037,-1.179024470547907,0.367527100204173,0.6095235192417271,-1.177851894974348,-1.2008713165995828,1.4316811360790147,0.3738024944681046,-1.3730106049817663,1.3245776382885335,-0.8052411122790287,0.9841231756854657,0
-0.12657084635623306,0.9009088760241706,1.5251962127575889,-0.7898488213534863,-0.23538436605243465,0.9048055324001227,-1.1832935235730817,0.2744324511807092,0.82026322026237,-0.7996548742607882,-0.4814607612315388,1.278172284013902,-1.0161329645585022,0
0.5512255078865883,-1.1099901739376037,-0.502969299721533,-0.29687398588002045,0.10257878806523006,-1.177851894974348,-1.2184491096260839,1.4316811360790147,-1.0662851097855781,-1.2583394588375707,0.8085666669970842,-1.4798702120310254,0.9841231756854657,0
-0.46546902347764374,-1.1099901739376037,0.8491410419312149,-0.18861724263390922,-0.23538436605243465,0.9048055324001227,-0.7257958293968509,0.853056793629862,-0.8581605609190788,-0.7996548742607882,-0.7394662468772634,0.06780831092943747,0.9841231756854657,0
-0.46546902347764374,-1.1099901739376037,0.8491410419312149,0.272204313590967,-0.5733475201700994,0.9048055324001227,1.6495816066168083,1.4316811360790147,1.0283877691288699,0.8057411717579506,-0.4814607612315388,0.12733440796637835,-1.0161329645585022,0
-0.8043672005990544,0.9009088760241706,0.8491410419312149,0.9388795019402867,-0.911310674287764,-1.177851894974348,0.09291759354919028,0.2744324511807092,0.1488937077897905,-0.7996548742607882,-0.7394662468772634,-2.5116558940046674,0.9841231756854657,0
-0.634918112038349,0.9009088760241706,-0.502969299721533,-0.7310695947507109,-0.911310674287764,0.9048055324001227,-0.3298995900612411,-0.8828162337175963,-1.4388951892078599,0.9204123179021463,0.03455021005991044,0.12733440796637835,-1.0161329645585022,0
0.38177641932588297,-1.1099901739376037,-1.179024470547907,-0.738460427112371,0.10257878806523006,-1.177851894974348,-0.8025996998279593,0.853056793629862,0.041474585794178266,0.003043148748581378,0.29255569570563505,-2.075131182400434,0.9841231756854657,0
2.0762673049329363,-1.1099901739376037,0.8491410419312149,-0.2831819951587399,2.130357712771218,-1.177851894974348,-0.4521523487680774,-0.8828162337175963,1.7971058609099733,-0.34097028968400567,1.582583123934258,1.5162766721616654,-1.0161329645585022,0
2.923512747736463,-1.1099901739376037,-0.502969299721533,-0.2610410828274419,2.637302443947715,0.21058638994196582,0.0026532509806712224,-0.8828162337175963,-0.7876667621094576,0.1177142948927768,2.6146050665171567,0.8614896047553159,-1.0161329645585022,0
0.38177641932588297,0.9009088760241706,1.5251962127575889,0.4398561861366587,0.2715603651240624,-1.177851894974348,-0.875127890874243,-0.8828162337175963,-1.4825342075185775,-1.143668312693375,0.03455021005991044,0.7622794430270811,-1.0161329645585022,0
0.7206745964472937,0.9009088760241706,1.5251962127575889,1.3332309440407453,0.2715603651240624,-1.177851894974348,-0.2507203421941191,-1.461440576166749,0.34023401884447574,-1.0289971665491795,0.8085666669970842,-0.11076998018138517,-1.0161329645585022,0
1.0595727735687044,-1.1099901739376037,0.8491410419312149,-0.4821817357341225,0.2715603651240624,0.9048055324001227,-0.4090788379283631,1.4316811360790147,1.1391637386868456,0.003043148748581378,0.29255569570563505,0.5440170872249644,0.9841231756854657,0
-0.12657084635623306,-1.1099901739376037,1.5251962127575889,-0.744098305644663,-0.06640278899360229,0.9048055324001227,-1.0493222361819114,0.2744324511807092,-1.1804179269059165,-0.570312581972397,0.03455021005991044,1.258330251668255,-1.0161329645585022,0
1.5679200392508204,-1.1099901739376037,-1.179024470547907,-0.6755435977772131,1.4544314045358888,0.9048055324001227,-0.11215665842665565,-0.8828162337175963,-0.1397951825734185,1.1497546101905376,1.3245776382885335,0.8614896047553159,0.9841231756854657,0
-0.634918112038349,0.9009088760241706,1.5251962127575889,-0.396855523661367,-0.5733475201700994,-1.177851894974348,1.1349164954805155,-0.8828162337175963,0.5785701957722418,1.952452633199907,-0.4814607612315388,0.9606997664835506,0.9841231756854657,0
-0.46546902347764374,-1.1099901739376037,-1.179024470547907,-0.7197780453092857,-0.5733475201700994,0.21058638994196582,0.7192254441781252,1.4316811360790147,-1.3482603050240614,3.0991640946418633,-0.4814607612315388,0.5043330225336705,0.9841231756854657,0
0.0428782422044723,0.9009088760241706,0.8491410419312149,-0.5414031488884503,0.4405419421828948,0.9048055324001227,-1.042512820865339,0.2744324511807092,0.051545128481266744,-0.7996548742607882,-0.22345527558581418,-0.15045404487267908,0.9841231756854657,0
-0.2960199349169384,-1.1099901739376037,1.5251962127575889,-0.4534711946369044,-0.911310674287764,0.9048055324001227,0.2644198444293765,-1.461440576166749,0.7497694214527494,0.9204123179021463,-0.22345527558581418,-0.2893482712922078,0.9841231756854657,0
-1.143265377720465,-1.1099901739376037,-0.502969299721533,-0.011410982099319237,-0.911310674287764,-1.177851894974348,0.06599664927436881,-0.8828162337175963,-1.6705176710108995,-0.11162799739561437,-0.7394662468772634,0.18686050500331922,-1.0161329645585022,0
1.7373691278115257,0.9009088760241706,0.8491410419312149,-0.2004931100184571,2.130357712771218,0.9048055324001227,-0.5674373336626071,0.853056793629862,0.6960598604549431,-0.570312581972397,1.582583123934258,0.028124246238143545,-1.0161329645585022,0
-0.634918112038349,0.9009088760241706,0.8491410419312149,1.0258165364508398,-0.7423290972289317,0.9048055324001227,2.232974304901763,1.4316811360790147,0.7665536592645635,0.23238544103697253,-0.7394662468772634,-1.102871597463733,0.9841231756854657,0
-0.634918112038349,0.9009088760241706,0.8491410419312149,-0.4280454679226463,-0.5733475201700994,0.9048055324001227,-0.2507203421941191,1.4316811360790147,-0.7507414389234659,0.1177142948927768,-0.7394662468772634,-1.8568688265983175,0.9841231756854657,0
1.5679200392508204,0.9009088760241706,-0.502969299721533,-0.3936180864089304,1.2854498274770565,0.9048055324001227,0.44114792566879274,0.2744324511807092,-0.8917290365427076,0.9204123179021463,1.066572152642809,1.4369085427790778,-1.0161329645585022,0
0.38177641932588297,0.9009088760241706,1.5251962127575889,-0.4543081906094855,0.9474866733593919,0.9048055324001227,0.38271364074285674,0.2744324511807092,0.2294580492865001,1.035083464046342,0.8085666669970842,0.8813316371009629,0.9841231756854657,0
-0.46546902347764374,-1.1099901739376037,0.8491410419312149,0.30560519061000785,-0.5733475201700994,-1.177851894974348,-0.40876212093689457,-0.8828162337175963,-0.34456288387755507,-0.7996548742607882,-0.22345527558581418,0.2463866020402601,0.9841231756854657,0
0.890123685007999,0.9009088760241706,-0.502969299721533,10.352968014981695,1.1164682504182242,0.9048055324001227,-0.5753552584493192,-1.461440576166749,0.5785701957722418,-1.487681751125962,1.066572152642809,-1.0830295651180861,0.9841231756854657,0
3.431860013418579,0.9009088760241706,-0.502969299721533,-0.26345731648413845,2.9752655980653797,0.21058638994196582,0.0026532509806712224,-0.8828162337175963,-0.4721230912473454,0.1177142948927768,3.646627009100055,0.16701847265767225,-1.0161329645585022,0
-0.8043672005990544,-1.1099901739376037,1.5251962127575889,-0.2035884158793233,-0.911310674287764,0.9048055324001227,-0.963333572998217,-1.461440576166749,-0.33784918875282943,-1.0289971665491795,-0.4814607612315388,0.18686050500331922,-1.0161329645585022,0
0.0428782422044723,0.9009088760241706,-0.502969299721533,3.0164772220319946,0.10257878806523006,-1.177851894974348,2.6502489411614962,1.4316811360790147,0.8404043056365476,-0.45564143582820127,0.03455021005991044,0.782121475372728,0.9841231756854657,0
0.0428782422044723,-1.1099901739376037,0.8491410419312149,0.9379003745761351,0.2715603651240624,-1.177851894974348,1.3328646151483206,-1.461440576166749,-0.04580345082725759,-0.11162799739561437,0.8085666669970842,-3.4045473495587806,0.9841231756854657,0
1.0595727735687044,0.9009088760241706,-1.179024470547907,0.007839925270047593,0.6095235192417271,0.9048055324001227,0.6734598389109286,1.4316811360790147,-0.018948670328354386,0.3470565871811683,1.582583123934258,-2.630708088078549,0.9841231756854657,0
-0.2960199349169384,-1.1099901739376037,0.8491410419312149,-0.3376499028838803,-0.06640278899360229,-1.177851894974348,-0.005581390797509463,-0.8828162337175963,-0.4654093961226198,0.23238544103697253,-0.22345527558581418,-0.07108591549009124,0.9841231756854657,0
-0.46546902347764374,-1.1099901739376037,0.8491410419312149,-0.5110659929765933,-0.7423290972289317,0.21058638994196582,0.38271364074285674,1.4316811360790147,-0.21028898138303903,1.2644257563347332,-0.7394662468772634,0.18686050500331922,0.9841231756854657,0
-0.8043672005990544,0.9009088760241706,-0.502969299721533,0.36432124770541874,-0.7423290972289317,0.9048055324001227,-0.37756549727724853,1.4316811360790147,-1.361687695273513,-0.7996548742607882,-0.4814607612315388,0.5440170872249644,-1.0161329645585022,0
-0.2960199349169384,0.9009088760241706,-0.502969299721533,0.3455599040181277,-0.5733475201700994,0.9048055324001227,0.38271364074285674,0.853056793629862,-0.06594453620143455,-0.2262991435398101,-0.4814607612315388,0.782121475372728,0.9841231756854657,0
-0.12657084635623306,-1.1099901739376037,-0.502969299721533,-0.1663973684184054,-0.06640278899360229,0.9048055324001227,0.38271364074285674,-0.8828162337175963,0.5819270433346045,0.3470565871811683,-0.22345527558581418,-0.24966420660091387,0.9841231756854657,0
0.38177641932588297,0.9009088760241706,1.5251962127575889,-0.46059355659226486,0.4405419421828948,-1.177851894974348,0.8474958257228628,1.4316811360790147,-0.3009238655668377,1.7231103409115156,0.8085666669970842,0.18686050500331922,0.9841231756854657,0
-0.634918112038349,-1.1099901739376037,0.8491410419312149,0.3640211925454368,-0.911310674287764,-1.177851894974348,-0.8841543251310949,-0.8828162337175963,-1.240841183028449,-1.143668312693375,-0.4814607612315388,-2.9084965409176062,0.9841231756854657,0
-0.46546902347764374,0.9009088760241706,-1.179024470547907,0.4757364663197608,-0.7423290972289317,-1.177851894974348,0.6897707639715558,-1.461440576166749,0.4778647689013546,-0.11162799739561437,-0.7394662468772634,-0.5472946917856183,-1.0161329645585022,0
-0.46546902347764374,0.9009088760241706,1.5251962127575889,0.30890579736980905,-0.911310674287764,-1.177851894974348,1.6495816066168083,0.2744324511807092,0.5987112811464187,0.6910700256137552,-0.997471732522988,0.22654456969461315,-1.0161329645585022,0
-0.12657084635623306,0.9009088760241706,0.8491410419312149,-0.6619621536938206,0.2715603651240624,0.9048055324001227,-0.7365642071067796,1.4316811360790147,-0.17336365819704735,-0.11162799739561437,-0.4814607612315388,0.4448069254967297,-1.0161329645585022,0
0.7206745964472937,0.9009088760241706,-0.502969299721533,1.1214235858471868,0.9474866733593919,-1.177851894974348,0.44304822761760365,0.853056793629862,-0.04580345082725759,-0.6849837281165926,1.066572152642809,0.9408577341379036,0.9841231756854657,0
-0.46546902347764374,-1.1099901739376037,-0.502969299721533,0.11563868958776538,-0.911310674287764,-1.177851894974348,1.168963572063378,0.2744324511807092,-1.1770610793435539,0.5763988794695595,-0.4814607612315388,0.10749237562073138,-1.0161329645585022,0
-0.46546902347764374,-1.1099901739376037,1.5251962127575889,-0.31768833855666156,-0.5733475201700994,0.21058638994196582,-1.042512820865339,0.853056793629862,0.3234497810326616,-1.0289971665491795,-0.997471732522988,1.1392780575943733,-1.0161329645585022,0
0.21232733076517762,0.9009088760241706,-1.179024470547907,-0.3733564669217297,-0.06640278899360229,-1.177851894974348,-0.8841543251310949,0.853056793629862,-0.97565022560178,-0.7996548742607882,0.8085666669970842,0.5837011519162584,0.9841231756854657,0
-0.634918112038349,0.9009088760241706,0.8491410419312149,0.45967561907230714,-0.5733475201700994,0.21058638994196582,-0.21952371853447306,0.853056793629862,0.001192415045823164,-0.6849837281165926,-0.7394662468772634,-1.3806600503027906,0.9841231756854657,0
-0.8043672005990544,-1.1099901739376037,-1.179024470547907,-0.24486968894210007,-0.911310674287764,0.9048055324001227,0.06599664927436881,0.2744324511807092,-0.2673553899432083,0.23238544103697253,-0.4814607612315388,0.008282213892496587,-1.0161329645585022,0
-0.12657084635623306,-1.1099901739376037,0.8491410419312149,-0.6539080415048321,-0.06640278899360229,-1.177851894974348,0.38271364074285674,0.2744324511807092,0.15560740291451672,1.952452633199907,-0.4814607612315388,-0.22982217425526694,0.9841231756854657,0
1.0595727735687044,0.9009088760241706,-0.502969299721533,0.004049754828170613,1.4544314045358888,0.9048055324001227,0.25602684415546156,-0.3041918912684436,-0.9085132743545218,0.003043148748581378,1.066572152642809,-0.4282424977117365,-1.0161329645585022,0
-0.8043672005990544,-1.1099901739376037,-0.502969299721533,-0.39976132100013934,-0.7423290972289317,-1.177851894974348,0.8577891279455886,1.4316811360790147,0.42079836034118534,1.4937680486231246,-0.7394662468772634,1.6154868338899002,0.9841231756854657,0
2.415165482054347,0.9009088760241706,-0.502969299721533,-0.26734224118706235,2.8062840210065474,0.9048055324001227,-1.2800505644667048,1.4316811360790147,0.23617174441122635,-1.3730106049817663,1.582583123934258,0.32575473142284794,-1.0161329645585022,0
0.0428782422044723,-1.1099901739376037,-1.179024470547907,0.11742322817081578,0.4405419421828948,-1.177851894974348,0.38271364074285674,0.853056793629862,-0.9689365304770544,0.003043148748581378,0.5505611813513597,1.6353288662355472,-1.0161329645585022,0
-0.46546902347764374,-1.1099901739376037,-1.179024470547907,1.025611235551905,-0.911310674287764,-1.177851894974348,0.06599664927436881,0.2744324511807092,-1.4623931221444,-0.7996548742607882,-0.997471732522988,-1.0830295651180861,0.9841231756854657,0
-0.12657084635623306,0.9009088760241706,0.8491410419312149,-0.24676477416303857,-0.06640278899360229,0.9048055324001227,0.016588798605284692,-0.3041918912684436,-0.1901478960088621,0.1177142948927768,-0.22345527558581418,-0.8052411122790287,0.9841231756854657,0
-0.12657084635623306,-1.1099901739376037,-1.179024470547907,-0.07480158273971173,0.2715603651240624,0.9048055324001227,-0.06670777015092763,-0.3041918912684436,0.726271488516209,-0.2262991435398101,-0.22345527558581418,-0.15045404487267908,0.9841231756854657,0
-0.634918112038349,0.9009088760241706,-0.502969299721533,-0.10613365839256143,-0.23538436605243465,-1.177851894974348,0.06599664927436881,-0.8828162337175963,-1.7477251649452463,0.003043148748581378,-0.4814607612315388,0.9408577341379036,-1.0161329645585022,0
0.21232733076517762,0.9009088760241706,-0.502969299721533,-0.5880696224540607,0.4405419421828948,-1.177851894974348,-0.9474977234247925,1.4316811360790147,-0.4956210241838858,-0.6849837281165926,1.066572152642809,1.337698381050843,0.9841231756854657,0
-0.46546902347764374,0.9009088760241706,1.5251962127575889,-0.6362047870658983,-0.911310674287764,0.9048055324001227,-0.3298995900612411,0.2744324511807092,0.7027735555796687,0.5763988794695595,-0.22345527558581418,0.821805540064022,-1.0161329645585022,0
0.21232733076517762,0.9009088760241706,-1.179024470547907,0.18022951086808559,0.6095235192417271,-1.177851894974348,0.38271364074285674,-0.3041918912684436,-0.9790070731641428,-0.11162799739561437,0.03455021005991044,-0.5274526594399713,0.9841231756854657,0
-0.46546902347764374,0.9009088760241706,1.5251962127575889,0.3661215786653103,-0.7423290972289317,0.9048055324001227,0.8577891279455886,1.4316811360790147,-0.945438597540514,0.1177142948927768,-0.4814607612315388,0.38528082845978884,0.9841231756854657,0
-0.46546902347764374,0.9009088760241706,-1.179024470547907,-0.5850374861005591,-0.404365943111267,0.9048055324001227,-0.963333572998217,0.853056793629862,1.223084927745918,-0.6849837281165926,-0.4814607612315388,-1.3806600503027906,0.9841231756854657,0
-0.634918112038349,0.9009088760241706,-1.179024470547907,-0.2994797280588109,-0.5733475201700994,-1.177851894974348,-0.5040939353689095,1.4316811360790147,-1.0629282622232152,-0.34097028968400567,-0.4814607612315388,-0.6068207888225592,0.9841231756854657,0
-0.9738162891597597,0.9009088760241706,-1.179024470547907,-0.7319855526074979,-0.911310674287764,0.9048055324001227,-0.7257958293968509,-0.8828162337175963,-0.9487954451028768,0.1177142948927768,-0.7394662468772634,0.38528082845978884,0.9841231756854657,0
4.787452721904222,-1.1099901739376037,1.5251962127575889,0.4594703181733721,5.1720260998302,0.9048055324001227,-0.3774071387815143,-1.461440576166749,-1.623521805137819,-0.7996548742607882,3.646627009100055,2.0520115454941332,-1.0161329645585022,0
-0.634918112038349,0.9009088760241706,-1.179024470547907,-0.12841670211542985,-0.7423290972289317,-1.177851894974348,-0.01144065513967649,-0.8828162337175963,-1.3180486769627955,-0.11162799739561437,-0.4814607612315388,-2.9680226379545473,0.9841231756854657,0
-0.12657084635623306,0.9009088760241706,0.8491410419312149,1.2213103693674863,0.10257878806523006,-1.177851894974348,0.8577891279455886,-0.3041918912684436,-1.6067375673260047,-0.45564143582820127,1.066572152642809,-0.22982217425526694,-1.0161329645585022,0
-0.9738162891597597,0.9009088760241706,1.5251962127575889,-0.4960790273543381,-0.7423290972289317,0.9048055324001227,-0.7079013193788815,-1.461440576166749,-0.542616890056966,-0.34097028968400567,-0.4814607612315388,-0.8846092416616166,0.9841231756854657,0
-0.46546902347764374,-1.1099901739376037,0.8491410419312149,-0.3748409503447982,-0.5733475201700994,0.9048055324001227,-0.09236184645987515,-1.461440576166749,-1.5429574636411096,0.23238544103697253,-0.7394662468772634,0.7225953783357871,0.9841231756854657,0
-0.634918112038349,0.9009088760241706,0.8491410419312149,-0.14403536281133125,-0.911310674287764,-1.177851894974348,0.22752231492329764,0.853056793629862,0.5684996530851527,0.23238544103697253,-0.4814607612315388,0.08765034327508442,-1.0161329645585022,0
-0.8043672005990544,0.9009088760241706,-1.179024470547907,0.08125868520457294,-0.404365943111267,0.9048055324001227,0.38271364074285674,0.2744324511807092,0.4745079213389917,0.003043148748581378,-0.4814607612315388,-1.7775006972157297,0.9841231756854657,0
-0.46546902347764374,-1.1099901739376037,-1.179024470547907,0.6486472003535569,-0.911310674287764,-1.177851894974348,2.2830155895537843,0.2744324511807092,0.0045492626081859895,0.6910700256137552,-0.4814607612315388,0.9210157017922567,-1.0161329645585022,0
0.21232733076517762,-1.1099901739376037,-0.502969299721533,-0.05446100136830527,-0.06640278899360229,0.9048055324001227,1.3328646151483206,-0.8828162337175963,-0.08272877401324927,1.1497546101905376,0.8085666669970842,1.5162766721616654,0.9841231756854657,0
1.5679200392508204,-1.1099901739376037,0.8491410419312149,-0.2980110370125836,1.6234129815947211,-1.177851894974348,0.14026678377372923,0.2744324511807092,-1.0528577195361266,0.3470565871811683,0.8085666669970842,-1.142555662155027,-1.0161329645585022,0
-0.12657084635623306,-1.1099901739376037,-1.179024470547907,-0.3731985431533182,-0.5733475201700994,0.9048055324001227,0.38271364074285674,0.2744324511807092,-0.965579682914691,0.8057411717579506,0.03455021005991044,-0.46792656240303043,0.9841231756854657,0
0.7206745964472937,0.9009088760241706,-1.179024470547907,0.188267830680233,0.7785050963005594,0.9048055324001227,-1.359229812333827,1.4316811360790147,0.8336906105118219,-1.487681751125962,0.8085666669970842,0.9606997664835506,-1.0161329645585022,0
-0.46546902347764374,-1.1099901739376037,-1.179024470547907,-0.36034354840461874,0.10257878806523006,0.21058638994196582,-0.4090788379283631,-0.8828162337175963,-1.1300652134704734,-0.2262991435398101,-0.4814607612315388,1.714696995618135,-1.0161329645585022,0
0.7206745964472937,-1.1099901739376037,-0.502969299721533,-0.6242025806666212,0.10257878806523006,0.9048055324001227,-0.3298995900612411,-0.8828162337175963,0.09182729922962125,0.5763988794695595,0.8085666669970842,0.3654387961141419,-1.0161329645585022,0
-0.8043672005990544,0.9009088760241706,0.8491410419312149,0.12026585600222352,-0.7423290972289317,-1.177851894974348,-0.14667881049672082,-0.8828162337175963,-1.4892479026433032,-0.45564143582820127,-0.4814607612315388,-1.4798702120310254,-1.0161329645585022,0
-0.2960199349169384,0.9009088760241706,-0.502969299721533,-0.20126693648367364,-0.7423290972289317,0.9048055324001227,-0.8841543251310949,-0.8828162337175963,-0.8514468657943525,-0.9143260204049839,-0.4814607612315388,-1.4401861473397315,0.9841231756854657,0
3.0929618362971683,0.9009088760241706,1.5251962127575889,2.126103015727727,2.9752655980653797,0.9048055324001227,-0.10582231859728589,0.853056793629862,0.12875262241561353,-1.143668312693375,2.6146050665171567,-0.40840046536608954,0.9841231756854657,0
-0.46546902347764374,0.9009088760241706,-0.502969299721533,-0.839721147417851,-0.7423290972289317,0.21058638994196582,-0.17154109432699713,1.4316811360790147,-0.5795422132429582,2.0671237793441026,-0.4814607612315388,0.7225953783357871,0.9841231756854657,0
0.0428782422044723,0.9009088760241706,-0.502969299721533,0.3659320701432165,0.4405419421828948,-1.177851894974348,1.6495816066168083,0.2744324511807092,-0.15657942038523323,0.5763988794695595,0.8085666669970842,0.10749237562073138,-1.0161329645585022,0
0.890123685007999,0.9009088760241706,1.5251962127575889,0.5113482760965633,0.4405419421828948,0.9048055324001227,0.5470897593150019,-1.461440576166749,-1.166990536656465,-0.2262991435398101,0.03455021005991044,0.18686050500331922,0.9841231756854657,0
-0.12657084635623306,-1.1099901739376037,-0.502969299721533,-0.011916338158236168,-0.5733475201700994,0.9048055324001227,-0.7574675285436998,-0.3041918912684436,0.6759187750807655,-0.9143260204049839,-0.7394662468772634,0.32575473142284794,0.9841231756854657,0
-0.46546902347764374,-1.1099901739376037,0.8491410419312149,-0.2643258972104019,-0.911310674287764,0.9048055324001227,0.06599664927436881,-0.3041918912684436,0.24959913466067765,0.23238544103697253,-0.4814607612315388,-0.11076998018138517,-1.0161329645585022,0
-0.9738162891597597,0.9009088760241706,-1.179024470547907,-0.7916807370670602,-0.404365943111267,0.9048055324001227,-1.2008713165995828,-0.8828162337175963,0.1757484882886937,-0.7996548742607882,-0.4814607612315388,-0.24966420660091387,-1.0161329645585022,0
0.0428782422044723,-1.1099901739376037,1.5251962127575889,0.08136923184246102,0.10257878806523006,0.9048055324001227,-0.6307807319563046,0.2744324511807092,1.0082466837546924,-0.7996548742607882,0.03455021005991044,0.6630692812988462,0.9841231756854657,0
-0.634918112038349,-1.1099901739376037,0.8491410419312149,0.02622225191315095,-0.404365943111267,-1.177851894974348,-0.8841543251310949,-1.461440576166749,-0.5493305851816922,-1.0289971665491795,-0.7394662468772634,0.5043330225336705,0.9841231756854657,0
0.38177641932588297,0.9009088760241706,-1.179024470547907,2.546274993963473,-0.404365943111267,0.9048055324001227,0.8577891279455886,-0.3041918912684436,-0.1263677923239666,-0.9143260204049839,0.03455021005991044,0.7027533459901402,0.9841231756854657,0
0.0428782422044723,0.9009088760241706,1.5251962127575889,-0.09166784120606429,0.10257878806523006,0.9048055324001227,-0.5674373336626071,-1.461440576166749,-0.05251714595198324,-0.6849837281165926,-0.22345527558581418,0.5241750548793175,-1.0161329645585022,0
-0.634918112038349,-1.1099901739376037,0.8491410419312149,-0.4875827286137972,-0.5733475201700994,-1.177851894974348,-0.7257958293968509,0.2744324511807092,0.9881055983805148,-0.45564143582820127,-0.4814607612315388,-1.202081759191968,0.9841231756854657,0
-0.2960199349169384,-1.1099901739376037,-0.502969299721533,-0.5446563785177281,-0.404365943111267,-1.177851894974348,-0.331799892010052,-0.8828162337175963,-0.14315203013578132,0.23238544103697253,-0.4814607612315388,-0.2893482712922078,0.9841231756854657,0
-0.46546902347764374,-1.1099901739376037,0.8491410419312149,-0.6376261009816021,-0.404365943111267,-1.177851894974348,0.4618928886099787,1.4316811360790147,-0.8648742560438044,2.0671237793441026,-0.4814607612315388,0.7027533459901402,-1.0161329645585022,0
0.5512255078865883,0.9009088760241706,-0.502969299721533,0.32370325446997045,0.4405419421828948,-1.177851894974348,-0.3298995900612411,0.2744324511807092,-0.059230841076708896,-0.7996548742607882,0.03455021005991044,-0.4877685947486774,0.9841231756854657,0
-0.12657084635623306,-1.1099901739376037,-1.179024470547907,0.49460835664493996,-0.06640278899360229,-1.177851894974348,0.38271364074285674,1.4316811360790147,0.14218001266506483,-0.34097028968400567,-0.4814607612315388,0.12733440796637835,0.9841231756854657,0
0.0428782422044723,-1.1099901739376037,-0.502969299721533,-0.2534291571900056,0.10257878806523006,0.9048055324001227,-0.7257958293968509,0.853056793629862,-0.5761853656805954,-0.6849837281165926,0.29255569570563505,-1.0235034680811452,-1.0161329645585022,0
2.5846145706150523,-1.1099901739376037,-0.502969299721533,1.021931611747916,2.8062840210065474,-1.177851894974348,-0.6502588269316166,-0.3041918912684436,-0.3277786460657409,-1.143668312693375,2.872610552162881,1.8734332543833108,0.9841231756854657,0
-0.634918112038349,-1.1099901739376037,1.5251962127575889,0.019399945117772384,-0.7423290972289317,-1.177851894974348,-1.3402267928457177,0.2744324511807092,-0.3915587497506358,-1.487681751125962,-0.4814607612315388,1.4765926074703717,0.9841231756854657,0
0.0428782422044723,0.9009088760241706,-0.502969299721533,-0.6399791651309341,-0.23538436605243465,-1.177851894974348,-0.2507203421941191,-1.461440576166749,-0.6735339449891191,0.6910700256137552,-0.22345527558581418,1.1988041546313142,0.9841231756854657,0
-0.634918112038349,-1.1099901739376037,0.8491410419312149,0.11677574072032847,-0.911310674287764,0.9048055324001227,-1.042512820865339,0.853056793629862,0.23952859197358917,-1.2583394588375707,-0.997471732522988,0.0479662785837905,-1.0161329645585022,0
0.21232733076517762,0.9009088760241706,-0.502969299721533,-0.37823631136564634,-0.06640278899360229,-1.177851894974348,-0.4882580857954851,-0.8828162337175963,-1.3784719330853274,-0.2262991435398101,0.5505611813513597,0.40512286080543575,0.9841231756854657,0
2.754063659175758,0.9009088760241706,-1.179024470547907,0.5552984608454951,2.4683208668888827,-1.177851894974348,1.847846443276082,-0.3041918912684436,-0.19686159113358773,0.4617277333253637,2.098594095225707,0.12733440796637835,0.9841231756854657,0
-0.46546902347764374,0.9009088760241706,0.8491410419312149,-0.2018354620499552,-0.404365943111267,-1.177851894974348,-0.646616581529729,1.4316811360790147,0.1354663175403392,-0.6849837281165926,-0.22345527558581418,0.3455967637684949,0.9841231756854657,0
1.2290218621294098,-1.1099901739376037,-0.502969299721533,-0.5254686406557258,0.6095235192417271,0.9048055324001227,0.0004362320403918072,1.4316811360790147,-1.039430329286675,0.8057411717579506,0.8085666669970842,-0.5869787564769122,0.9841231756854657,0
0.5512255078865883,0.9009088760241706,-0.502969299721533,-0.7325856629274616,0.6095235192417271,0.9048055324001227,-1.2800505644667048,-0.8828162337175963,-0.025662365453080038,-1.143668312693375,0.5505611813513597,-0.32903233598350173,0.9841231756854657,0
1.7373691278115257,0.9009088760241706,-1.179024470547907,0.1289042861343348,1.9613761357123858,-1.177851894974348,-0.7257958293968509,0.853056793629862,0.4342257505906372,-0.9143260204049839,2.6146050665171567,-2.3132355705481977,0.9841231756854657,0
-0.634918112038349,-1.1099901739376037,-0.502969299721533,-0.6780703780717978,-0.7423290972289317,0.9048055324001227,-1.042512820865339,1.4316811360790147,-1.616808110013093,-0.6849837281165926,-0.4814607612315388,0.9606997664835506,0.9841231756854657,0
-0.46546902347764374,0.9009088760241706,-1.179024470547907,-0.31111870979074147,-0.911310674287764,0.9048055324001227,-0.5693376356114179,-0.8828162337175963,1.5956950071681995,-0.45564143582820127,-0.4814607612315388,-0.8449251769703227,-1.0161329645585022,0
-0.8043672005990544,-1.1099901739376037,-0.502969299721533,-0.22167068736244472,-0.5733475201700994,-1.177851894974348,-0.09236184645987515,-1.461440576166749,0.3872298847175565,0.003043148748581378,-0.4814607612315388,0.8813316371009629,0.9841231756854657,0
0.890123685007999,0.9009088760241706,-0.502969299721533,-0.294978900659082,0.7785050963005594,0.9048055324001227,0.38271364074285674,0.853056793629862,0.4946490067131693,0.6910700256137552,1.8405886095799828,1.258330251668255,0.9841231756854657,0
-0.8043672005990544,-1.1099901739376037,0.8491410419312149,-0.30334886038489367,-0.5733475201700994,-1.177851894974348,-0.8841543251310949,0.853056793629862,0.27981076272194366,-0.7996548742607882,-0.4814607612315388,-1.5195542767223194,-1.0161329645585022,0
-0.634918112038349,-1.1099901739376037,-0.502969299721533,-0.5572429028601279,-0.7423290972289317,-1.177851894974348,-0.6375901472728771,0.2744324511807092,-0.17336365819704735,-0.2262991435398101,-0.4814607612315388,-0.7457150152420878,0.9841231756854657,0
-0.46546902347764374,-1.1099901739376037,0.8491410419312149,-0.04659639770141054,-0.23538436605243465,-1.177851894974348,-0.8841543251310949,-0.8828162337175963,-0.09615616426270057,-1.0289971665491795,0.29255569570563505,0.4844909901880236,0.9841231756854657,0
-0.2960199349169384,0.9009088760241706,0.8491410419312149,-0.04975487306964135,-0.7423290972289317,0.9048055324001227,-1.0450465567970868,-1.461440576166749,0.7631968117022008,-1.143668312693375,-0.7394662468772634,-1.102871597463733,0.9841231756854657,0
0.5512255078865883,0.9009088760241706,1.5251962127575889,-0.18571144529513686,-0.06640278899360229,-1.177851894974348,0.01896417604129835,-0.8828162337175963,-1.5865964819518272,0.003043148748581378,0.29255569570563505,-0.011559818453150373,0.9841231756854657,0
-0.8043672005990544,0.9009088760241706,-0.502969299721533,-0.04872836857496634,-0.911310674287764,0.9048055324001227,-0.6578600347268604,1.4316811360790147,0.8974707141967168,-0.7996548742607882,-0.7394662468772634,1.4369085427790778,0.9841231756854657,0
0.0428782422044723,0.9009088760241706,-0.502969299721533,-0.5937075009863526,-0.23538436605243465,-1.177851894974348,0.06599664927436881,0.2744324511807092,-0.2874964753173858,1.1497546101905376,-0.22345527558581418,0.4249648931510827,-1.0161329645585022,0
-0.8043672005990544,-1.1099901739376037,-0.502969299721533,0.4986038279857519,-0.911310674287764,0.9048055324001227,-0.5332318985840103,-0.8828162337175963,-0.16329311550995887,-0.9143260204049839,-0.7394662468772634,1.337698381050843,-1.0161329645585022,0
0.0428782422044723,0.9009088760241706,-1.179024470547907,-0.17972613447233948,0.10257878806523006,0.9048055324001227,-0.7257958293968509,0.853056793629862,-0.6433223169278531,-0.7996548742607882,0.5505611813513597,0.12733440796637835,0.9841231756854657,0
-0.634918112038349,-1.1099901739376037,1.5251962127575889,-0.7476200056802403,-0.911310674287764,0.9048055324001227,-0.5674373336626071,0.2744324511807092,-1.1300652134704734,0.4617277333253637,-0.4814607612315388,-0.9044512740072636,0.9841231756854657,0
1.5679200392508204,0.9009088760241706,1.5251962127575889,-0.3015169446713198,1.9613761357123858,0.9048055324001227,0.8577891279455886,-0.3041918912684436,-0.5996832986171352,1.2644257563347332,2.356599580871432,-1.0036614357354983,0.9841231756854657,0
-0.2960199349169384,0.9009088760241706,0.8491410419312149,0.1737546363632124,-0.06640278899360229,-1.177851894974348,0.0026532509806712224,0.853056793629862,-0.7003887254880223,-0.34097028968400567,-0.4814607612315388,-0.20998014190961997,0.9841231756854657,0
-0.634918112038349,-1.1099901739376037,-0.502969299721533,-0.5784204802041155,-0.911310674287764,0.21058638994196582,-1.042512820865339,0.2744324511807092,0.3738024944681046,-0.7996548742607882,-0.7394662468772634,-0.190138109563973,-1.0161329645585022,0
-0.8043672005990544,0.9009088760241706,-0.502969299721533,-0.16707644062257504,-0.911310674287764,-1.177851894974348,1.6495816066168083,-0.8828162337175963,0.3301634761573873,1.7231103409115156,-0.7394662468772634,-3.8410720611630134,0.9841231756854657,0
-0.2960199349169384,0.9009088760241706,-0.502969299721533,-0.5307590868975125,-0.5733475201700994,0.9048055324001227,-0.804975077263973,-0.8828162337175963,-0.8581605609190788,-0.45564143582820127,0.03455021005991044,0.5440170872249644,-1.0161329645585022,0
3.601309101979284,0.9009088760241706,-0.502969299721533,0.03391313943479299,3.144247175124212,0.9048055324001227,0.8577891279455886,-0.8828162337175963,0.6423502994571366,0.4617277333253637,4.678648951682953,1.8535912220376638,0.9841231756854657,0
0.0428782422044723,-1.1099901739376037,0.8491410419312149,0.0784160573731652,0.2715603651240624,0.9048055324001227,0.8577891279455886,0.853056793629862,0.8001221348881931,0.4617277333253637,1.066572152642809,0.8614896047553159,0.9841231756854657,0
-0.634918112038349,0.9009088760241706,-0.502969299721533,0.4960612553143261,-0.5733475201700994,0.9048055324001227,-0.4882580857954851,-0.8828162337175963,-0.9051564267921589,-0.9143260204049839,-0.7394662468772634,1.0202258635204915,0.9841231756854657,0
-0.12657084635623306,0.9009088760241706,-1.179024470547907,-0.19826638488385437,0.10257878806523006,0.9048055324001227,0.6561987628758961,0.2744324511807092,0.0985409943543475,0.6910700256137552,0.03455021005991044,-1.2616078562289088,0.9841231756854657,0
-0.12657084635623306,0.9009088760241706,1.5251962127575889,0.3665795575937038,-0.23538436605243465,0.9048055324001227,0.06599664927436881,-0.3041918912684436,-0.04580345082725759,-0.45564143582820127,-0.7394662468772634,-1.0036614357354983,0.9841231756854657,0
-0.46546902347764374,0.9009088760241706,-0.502969299721533,0.2367030504520526,-0.5733475201700994,-1.177851894974348,0.06599664927436881,1.4316811360790147,-1.626878652700182,-0.34097028968400567,-0.997471732522988,0.305912699077201,0.9841231756854657,0
-0.634918112038349,0.9009088760241706,1.5251962127575889,-0.014711588859120439,-0.23538436605243465,0.9048055324001227,-0.9474977234247925,-0.3041918912684436,-0.13308148744869286,-1.0289971665491795,-0.997471732522988,1.278172284013902,0.9841231756854657,0
-0.634918112038349,-1.1099901739376037,1.5251962127575889,-0.2591617899833445,-0.7423290972289317,-1.177851894974348,-0.8841543251310949,0.853056793629862,1.2667239460566353,-0.9143260204049839,-0.7394662468772634,1.1988041546313142,0.9841231756854657,0
-0.46546902347764374,-1.1099901739376037,-0.502969299721533,-0.42836131545946937,-0.404365943111267,0.9048055324001227,-0.8841543251310949,-0.8828162337175963,0.5953544335840558,-0.6849837281165926,-0.7394662468772634,0.7027533459901402,0.9841231756854657,0
-0.46546902347764374,0.9009088760241706,0.8491410419312149,0.5937686908305464,-0.404365943111267,-1.177851894974348,0.8468623917399257,0.2744324511807092,-0.10958355451215247,-0.11162799739561437,-0.22345527558581418,-1.4798702120310254,-1.0161329645585022,0
1.906818216372231,-1.1099901739376037,-0.502969299721533,0.7498763359053546,1.6234129815947211,-1.177851894974348,0.8577891279455886,-0.3041918912684436,-1.3046212867133438,-0.2262991435398101,2.356599580871432,1.0797519605574324,-1.0161329645585022,0
-0.634918112038349,-1.1099901739376037,-0.502969299721533,-0.4885776483547899,-0.404365943111267,0.9048055324001227,-1.359229812333827,-0.8828162337175963,-1.5429574636411096,-1.3730106049817663,-0.7394662468772634,0.5043330225336705,-1.0161329645585022,0
-0.2960199349169384,0.9009088760241706,-0.502969299721533,-0.2849191566112668,-0.404365943111267,-1.177851894974348,-0.2507203421941191,1.4316811360790147,-0.22371637163249095,-0.11162799739561437,0.03455021005991044,-0.011559818453150373,0.9841231756854657,0
-0.2960199349169384,0.9009088760241706,0.8491410419312149,-0.6656259851209684,-0.23538436605243465,0.9048055324001227,-0.8524826259842462,-0.8828162337175963,0.20931696391232313,-0.34097028968400567,-0.22345527558581418,-1.3211339532658497,0.9841231756854657,0
0.7206745964472937,0.9009088760241706,-1.179024470547907,-0.39532366310777506,0.6095235192417271,0.9048055324001227,0.38271364074285674,0.2744324511807092,-0.9353680548534249,0.9204123179021463,0.03455021005991044,-1.4203441149940845,0.9841231756854657,0
1.398470950690115,0.9009088760241706,0.8491410419312149,-0.35587430575857215,1.2854498274770565,0.9048055324001227,-1.0247766693431035,0.853056793629862,-0.002164432516539662,-1.0289971665491795,1.066572152642809,1.0797519605574324,-1.0161329645585022,0
-0.634918112038349,0.9009088760241706,-0.502969299721533,-0.48753535148327376,-0.5733475201700994,0.9048055324001227,-0.804975077263973,-0.8828162337175963,-1.1871316220306425,-0.570312581972397,-0.7394662468772634,0.6432272489531993,0.9841231756854657,0
-0.9738162891597597,0.9009088760241706,-1.179024470547907,0.11802333849077964,-0.911310674287764,0.21058638994196582,0.8577891279455886,0.853056793629862,-0.3109944082539262,0.3470565871811683,-0.7394662468772634,0.9805417988291976,0.9841231756854657,0
-0.12657084635623306,-1.1099901739376037,1.5251962127575889,-0.06633686875285315,-0.5733475201700994,-1.177851894974348,0.5410721364771007,1.4316811360790147,-0.9420817499781512,0.3470565871811683,-0.22345527558581418,0.028124246238143545,-1.0161329645585022,0
1.7373691278115257,-1.1099901739376037,-0.502969299721533,-0.5635914383502718,1.7923945586535535,-1.177851894974348,0.38271364074285674,1.4316811360790147,1.4110683912382405,1.4937680486231246,1.3245776382885335,0.20670253734896618,-1.0161329645585022,0
-0.634918112038349,0.9009088760241706,-1.179024470547907,-0.35617436091855403,-0.404365943111267,-1.177851894974348,-0.7257958293968509,0.853056793629862,-1.361687695273513,-0.570312581972397,-0.7394662468772634,0.22654456969461315,0.9841231756854657,0
-0.46546902347764374,0.9009088760241706,-1.179024470547907,-0.4116371883846872,-0.911310674287764,0.9048055324001227,-0.5674373336626071,0.2744324511807092,0.5752133482098789,-0.34097028968400567,-0.4814607612315388,0.22654456969461315,0.9841231756854657,0
-0.8043672005990544,-1.1099901739376037,0.8491410419312149,0.4601335980007006,-0.911310674287764,-1.177851894974348,0.38271364074285674,-0.8828162337175963,0.4812216164637174,-0.34097028968400567,-0.4814607612315388,-0.9242933063529105,0.9841231756854657,0
-0.634918112038349,-1.1099901739376037,0.8491410419312149,1.5989692691468451,-0.911310674287764,-1.177851894974348,-0.2507203421941191,-0.8828162337175963,-0.7574551340481915,-1.143668312693375,-0.4814607612315388,-1.162397694500674,0.9841231756854657,0
0.21232733076517762,-1.1099901739376037,-1.179024470547907,0.121339737627422,0.10257878806523006,-1.177851894974348,1.0128220952694134,0.853056793629862,1.451350561986595,0.4617277333253637,0.29255569570563505,-0.30919030363785477,0.9841231756854657,0
-0.12657084635623306,-1.1099901739376037,-0.502969299721533,1.2132088800479743,0.2715603651240624,-1.177851894974348,0.06599664927436881,0.853056793629862,-1.2844802013391665,-0.9143260204049839,-0.22345527558581418,1.6154868338899002,0.9841231756854657,0
-0.12657084635623306,0.9009088760241706,-0.502969299721533,-0.14188759956093427,-0.404365943111267,0.9048055324001227,0.5396469100154925,-1.461440576166749,0.15896425047687956,0.4617277333253637,0.29255569570563505,-0.8052411122790287,-1.0161329645585022,0
-0.9738162891597597,-1.1099901739376037,0.8491410419312149,-0.01687514448635855,-0.7423290972289317,0.9048055324001227,1.0161476236798326,0.853056793629862,-0.2807827801926602,0.6910700256137552,-0.7394662468772634,0.286070666731554,-1.0161329645585022,0
0.38177641932588297,-1.1099901739376037,-1.179024470547907,-0.33695503830286955,0.2715603651240624,0.9048055324001227,-0.8841543251310949,0.853056793629862,0.36708879934337896,-0.7996548742607882,0.03455021005991044,-0.011559818453150373,0.9841231756854657,0
-0.2960199349169384,0.9009088760241706,0.8491410419312149,-0.7914754361681252,-0.911310674287764,0.9048055324001227,-0.5674373336626071,-0.3041918912684436,-1.0058618536630461,0.6910700256137552,-0.4814607612315388,-0.38855843302044263,-1.0161329645585022,0
-0.8043672005990544,-1.1099901739376037,-0.502969299721533,0.567995531825783,-0.23538436605243465,-1.177851894974348,0.38271364074285674,1.4316811360790147,-1.0864261951597556,-0.45564143582820127,-0.4814607612315388,-1.142555662155027,0.9841231756854657,0
2.0762673049329363,0.9009088760241706,-1.179024470547907,-0.5307590868975125,1.6234129815947211,-1.177851894974348,-0.6322059584179128,-0.3041918912684436,0.13210946997797635,-0.2262991435398101,2.872610552162881,1.774223092655076,0.9841231756854657,0
-0.634918112038349,-1.1099901739376037,0.8491410419312149,0.17168583499702122,-0.911310674287764,-1.177851894974348,-0.6553262987951124,-0.8828162337175963,-0.25392799969375696,-0.9143260204049839,-0.4814607612315388,-0.40840046536608954,0.9841231756854657,0
0.7206745964472937,0.9009088760241706,0.8491410419312149,0.26760873193019113,0.6095235192417271,-1.177851894974348,0.8577891279455886,-0.3041918912684436,1.4009978485511514,0.1177142948927768,0.29255569570563505,-1.0631875327724392,0.9841231756854657,0
0.38177641932588297,0.9009088760241706,1.5251962127575889,0.07811600221318327,-0.23538436605243465,-1.177851894974348,-0.8027580583236935,1.4316811360790147,-1.6940156039474399,-1.0289971665491795,0.8085666669970842,1.0599099282117854,0.9841231756854657,0
0.5512255078865883,0.9009088760241706,-0.502969299721533,0.30562098298684903,0.4405419421828948,-1.177851894974348,-0.08824452557078481,-1.461440576166749,-1.8484305918161332,-0.570312581972397,0.8085666669970842,1.2186461869769611,-1.0161329645585022,0
-0.8043672005990544,0.9009088760241706,-0.502969299721533,-0.11249798625954653,-0.911310674287764,-1.177851894974348,1.2536853672811985,-1.461440576166749,-1.1065672805339328,1.1497546101905376,-0.4814607612315388,0.821805540064022,0.9841231756854657,0
-0.46546902347764374,-1.1099901739376037,0.8491410419312149,0.5891889015466117,-0.06640278899360229,-1.177851894974348,-0.028385014183240593,1.4316811360790147,-1.3247623720875215,-0.6849837281165926,-0.7394662468772634,-0.9639773710442044,0.9841231756854657,0
-0.46546902347764374,-1.1099901739376037,-1.179024470547907,0.03673997488935957,-0.7423290972289317,0.9048055324001227,-1.042512820865339,0.853056793629862,1.0955247203761276,-1.143668312693375,-0.7394662468772634,-0.4282424977117365,-1.0161329645585022,0
0.38177641932588297,-1.1099901739376037,-1.179024470547907,-0.4496494394413451,0.2715603651240624,0.9048055324001227,-0.646616581529729,0.2744324511807092,-0.7104592681751108,-0.34097028968400567,0.03455021005991044,0.12733440796637835,0.9841231756854657,0
0.7206745964472937,-1.1099901739376037,0.8491410419312149,-0.21584330030805887,0.4405419421828948,0.9048055324001227,-0.7365642071067796,-0.8828162337175963,0.07504306141780712,-0.7996548742607882,0.5505611813513597,-0.5869787564769122,0.9841231756854657,0
0.21232733076517762,-1.1099901739376037,1.5251962127575889,-0.3606436035646007,-0.23538436605243465,0.21058638994196582,0.6994306322113446,1.4316811360790147,-0.12301094476160378,1.2644257563347332,-0.22345527558581418,1.0202258635204915,0.9841231756854657,0
0.38177641932588297,0.9009088760241706,-0.502969299721533,0.3692010921493354,0.7785050963005594,-1.177851894974348,0.12934004756806639,-1.461440576166749,-0.8447331706696268,-0.45564143582820127,0.8085666669970842,1.1789621222856672,0.9841231756854657,0
0.5512255078865883,0.9009088760241706,-1.179024470547907,0.4607495006975056,0.7785050963005594,-1.177851894974348,1.3328646151483206,0.2744324511807092,0.4711510737766289,0.3470565871811683,0.8085666669970842,-2.2933935382025505,0.9841231756854657,0
-0.46546902347764374,0.9009088760241706,0.8491410419312149,-0.2973793419389374,-0.404365943111267,-1.177851894974348,-0.5674373336626071,0.853056793629862,-1.4254677989584081,-0.45564143582820127,-0.7394662468772634,-0.46792656240303043,0.9841231756854657,0
-0.634918112038349,-1.1099901739376037,-0.502969299721533,-0.11090295619858997,-0.7423290972289317,0.9048055324001227,0.8577891279455886,0.853056793629862,1.5789107693563853,0.8057411717579506,-0.4814607612315388,0.4844909901880236,-1.0161329645585022,0
-0.9738162891597597,-1.1099901739376037,0.8491410419312149,-0.6737116820636393,-0.7423290972289317,0.9048055324001227,-1.042512820865339,0.853056793629862,-1.6302355002625448,-0.6849837281165926,-0.4814607612315388,-1.142555662155027,0.9841231756854657,0
-0.634918112038349,-1.1099901739376037,0.8491410419312149,-0.7695714094894446,-0.911310674287764,0.9048055324001227,-1.0428295378568073,-0.8828162337175963,-0.8346626279825383,-0.45564143582820127,-0.997471732522988,-1.6981325678331418,0.9841231756854657,0
-0.2960199349169384,-1.1099901739376037,0.8491410419312149,-0.507038936882099,-0.23538436605243465,0.9048055324001227,-0.7257958293968509,-0.8828162337175963,0.1791053358510565,-0.45564143582820127,0.03455021005991044,-1.12271362980938,0.9841231756854657,0
0.38177641932588297,-1.1099901739376037,1.5251962127575889,-0.5658339558617157,0.2715603651240624,0.9048055324001227,-1.1188416158092445,-0.3041918912684436,-0.21028898138303903,-0.9143260204049839,0.5505611813513597,-1.5592383414136133,0.9841231756854657,0
0.38177641932588297,-1.1099901739376037,-0.502969299721533,-0.5823527820375629,0.4405419421828948,0.9048055324001227,-1.121692068732461,-1.461440576166749,-0.6063969937418614,-0.9143260204049839,-0.22345527558581418,-1.5195542767223194,0.9841231756854657,0
0.21232733076517762,-1.1099901739376037,-0.502969299721533,-0.3800366423255379,0.10257878806523006,-1.177851894974348,-1.2008713165995828,0.2744324511807092,-0.9890776158512313,-1.143668312693375,1.066572152642809,0.6432272489531993,0.9841231756854657,0
0.890123685007999,-1.1099901739376037,-1.179024470547907,-0.638842113998371,1.1164682504182242,0.9048055324001227,-0.8841543251310949,0.2744324511807092,-0.8480900182319897,-0.45564143582820127,0.8085666669970842,-0.44808453005738347,-1.0161329645585022,0
-0.9738162891597597,0.9009088760241706,-0.502969299721533,-0.806415024659857,-0.911310674287764,0.9048055324001227,-1.042512820865339,-0.8828162337175963,-0.6198243839913128,-0.45564143582820127,-0.7394662468772634,-1.0235034680811452,0.9841231756854657,0
-0.12657084635623306,0.9009088760241706,0.8491410419312149,-0.06916370420741973,-0.5733475201700994,0.9048055324001227,0.38271364074285674,0.853056793629862,1.6057655498552879,0.23238544103697253,-0.4814607612315388,-1.3409759856114967,0.9841231756854657,0
-0.2960199349169384,-1.1099901739376037,-1.179024470547907,0.4632920733689314,-0.23538436605243465,0.9048055324001227,-0.4090788379283631,0.2744324511807092,0.830333762949459,-0.9143260204049839,-0.7394662468772634,-0.30919030363785477,0.9841231756854657,0
-0.12657084635623306,0.9009088760241706,-0.502969299721533,-0.25933550612859724,-0.5733475201700994,-1.177851894974348,0.38271364074285674,-0.3041918912684436,1.407711543675877,0.5763988794695595,0.03455021005991044,0.8416475724096689,-1.0161329645585022,0
0.38177641932588297,-1.1099901739376037,-1.179024470547907,0.25364827080261093,0.6095235192417271,-1.177851894974348,0.8527216560820928,1.4316811360790147,0.011262957732911642,0.23238544103697253,0.29255569570563505,-0.5274526594399713,-1.0161329645585022,0
0.5512255078865883,0.9009088760241706,1.5251962127575889,-0.33976608138059494,0.2715603651240624,-1.177851894974348,-0.7257958293968509,-0.3041918912684436,-1.0830693475973925,-0.570312581972397,0.8085666669970842,0.5638591195706114,0.9841231756854657,0
1.2290218621294098,0.9009088760241706,1.5251962127575889,0.08086387578354408,1.2854498274770565,0.9048055324001227,1.6757107584129587,0.853056793629862,-0.0860856215756121,1.1497546101905376,1.582583123934258,1.3972244780877838,0.9841231756854657,0
0.38177641932588297,0.9009088760241706,1.5251962127575889,-0.6990584468936916,-0.06640278899360229,0.21058638994196582,-0.527847709729046,-1.461440576166749,0.1757484882886937,0.4617277333253637,0.5505611813513597,-1.8767108589439645,0.9841231756854657,0
1.2290218621294098,-1.1099901739376037,-1.179024470547907,0.03433953360950415,0.9474866733593919,-1.177851894974348,-0.044062505260930744,-1.461440576166749,-0.901799579229796,-0.34097028968400567,0.8085666669970842,0.6630692812988462,0.9841231756854657,0
-0.2960199349169384,0.9009088760241706,0.8491410419312149,-0.3113082183128353,-0.911310674287764,-1.177851894974348,-1.1319853709551868,-0.3041918912684436,-1.4187541038336824,-1.143668312693375,-0.22345527558581418,0.6233852166075523,0.9841231756854657,0
-0.8043672005990544,0.9009088760241706,0.8491410419312149,-0.6769175345623936,-0.7423290972289317,0.9048055324001227,-0.18674350991748456,-0.8828162337175963,1.1760890618728372,1.035083464046342,-0.7394662468772634,-0.6266628211682062,-1.0161329645585022,0
0.0428782422044723,-1.1099901739376037,-1.179024470547907,-0.240147768266595,-0.23538436605243465,-1.177851894974348,-0.7257958293968509,0.853056793629862,-0.2707122375055717,-0.6849837281165926,-0.22345527558581418,0.7225953783357871,-1.0161329645585022,0
-0.12657084635623306,0.9009088760241706,1.5251962127575889,0.4640501074573068,-0.23538436605243465,-1.177851894974348,-0.8249282477264878,-0.8828162337175963,-1.2811233537768034,-1.143668312693375,-0.22345527558581418,-0.13061201252703214,-1.0161329645585022,0
-0.9738162891597597,-1.1099901739376037,-0.502969299721533,-0.27928127807897485,-0.911310674287764,0.9048055324001227,-0.6065518821089653,1.4316811360790147,-0.5661148229935064,-0.570312581972397,-0.4814607612315388,-0.5869787564769122,-1.0161329645585022,0
-0.46546902347764374,-1.1099901739376037,0.8491410419312149,0.039519433213402684,-0.5733475201700994,-1.177851894974348,-0.9533569877669595,-0.3041918912684436,-1.519459530704569,-1.143668312693375,-0.4814607612315388,0.20670253734896618,0.9841231756854657,0
1.2290218621294098,0.9009088760241706,0.8491410419312149,-0.5860008210878694,1.1164682504182242,0.9048055324001227,-1.0054569328635259,1.4316811360790147,0.4342257505906372,-0.6849837281165926,0.8085666669970842,-1.4401861473397315,0.9841231756854657,0
-0.8043672005990544,0.9009088760241706,-1.179024470547907,-0.11074503243017843,-0.911310674287764,0.9048055324001227,-1.1851938255218928,0.853056793629862,1.2365123179953694,-1.2583394588375707,-0.7394662468772634,0.5241750548793175,0.9841231756854657,0
-0.46546902347764374,-1.1099901739376037,-0.502969299721533,-0.04648585106352246,-0.7423290972289317,0.9048055324001227,-0.2507203421941191,1.4316811360790147,0.3872298847175565,-0.45564143582820127,-0.4814607612315388,-1.0036614357354983,-1.0161329645585022,0
1.0595727735687044,-1.1099901739376037,-0.502969299721533,8.392344430152415,0.7785050963005594,-1.177851894974348,-1.1780676932138519,-1.461440576166749,0.6255660616453219,-1.6023528972701577,0.29255569570563505,1.5758027691986063,-1.0161329645585022,0
-0.8043672005990544,0.9009088760241706,0.8491410419312149,-0.2425955866769739,-0.911310674287764,0.9048055324001227,-1.042512820865339,0.2744324511807092,0.4812216164637174,-1.0289971665491795,-0.4814607612315388,-0.7060309505507939,0.9841231756854657,0
0.890123685007999,-1.1099901739376037,1.5251962127575889,-0.30042727066928016,1.1164682504182242,0.9048055324001227,0.38271364074285674,1.4316811360790147,-1.5899533295141903,0.6910700256137552,0.03455021005991044,0.4844909901880236,0.9841231756854657,0
0.890123685007999,0.9009088760241706,1.5251962127575889,-0.5631334594218783,1.4544314045358888,-1.177851894974348,-0.5674373336626071,1.4316811360790147,0.5248606347744353,0.003043148748581378,0.8085666669970842,0.305912699077201,-1.0161329645585022,0
0.21232733076517762,-1.1099901739376037,0.8491410419312149,0.11255917610374033,-0.06640278899360229,-1.177851894974348,1.0074379064144492,0.853056793629862,0.8639022385730879,0.4617277333253637,1.066572152642809,0.5440170872249644,-1.0161329645585022,0
-0.2960199349169384,-1.1099901739376037,0.17308587110484092,-0.2339255717911803,0.2715603651240624,-1.177851894974348,0.1747889358437944,-1.461440576166749,-1.5899533295141903,0.23238544103697253,-0.4814607612315388,0.32575473142284794,0.9841231756854657,0
-0.8043672005990544,0.9009088760241706,-1.179024470547907,-0.17969454971865717,-0.911310674287764,-1.177851894974348,-0.7257958293968509,0.853056793629862,-1.3918993233347792,-0.7996548742607882,-0.4814607612315388,0.20670253734896618,0.9841231756854657,0
-0.634918112038349,0.9009088760241706,0.8491410419312149,0.029949252847663314,-0.911310674287764,-1.177851894974348,-0.5040939353689095,-0.3041918912684436,0.0045492626081859895,-0.6849837281165926,-0.4814607612315388,-0.09092794783573821,0.9841231756854657,0
-0.634918112038349,-1.1099901739376037,-0.502969299721533,0.3648266037643357,-0.404365943111267,-1.177851894974348,-0.8841543251310949,-0.8828162337175963,-1.3012644391509811,-1.143668312693375,-0.4814607612315388,0.5837011519162584,0.9841231756854657,0
-0.12657084635623306,0.9009088760241706,1.5251962127575889,-0.5876116435256672,0.10257878806523006,0.9048055324001227,-0.5674373336626071,0.2744324511807092,0.2898813054090322,0.003043148748581378,1.066572152642809,0.6035431842619053,-1.0161329645585022,0
-0.46546902347764374,-1.1099901739376037,-0.502969299721533,0.0021230848535498145,-0.404365943111267,0.9048055324001227,1.3018263499844087,-0.8828162337175963,0.5684996530851527,0.9204123179021463,-0.7394662468772634,-0.30919030363785477,-1.0161329645585022,0
0.38177641932588297,0.9009088760241706,-0.502969299721533,1.4896544366523765,0.10257878806523006,-1.177851894974348,-0.5767804849109275,1.4316811360790147,-0.4150566826871762,-1.2583394588375707,0.5505611813513597,0.08765034327508442,-1.0161329645585022,0
0.21232733076517762,0.9009088760241706,-0.502969299721533,0.44852620102245233,-0.06640278899360229,0.9048055324001227,-1.2262086759170618,0.853056793629862,0.6054249762711449,-1.3730106049817663,0.29255569570563505,0.5043330225336705,0.9841231756854657,0
-0.8043672005990544,0.9009088760241706,0.8491410419312149,0.35025023993995047,-0.911310674287764,-1.177851894974348,0.06599664927436881,-1.461440576166749,-1.133422061032836,-0.45564143582820127,-0.7394662468772634,-1.6386064707962011,0.9841231756854657,0
-0.46546902347764374,0.9009088760241706,-0.502969299721533,0.6184521758332703,-0.911310674287764,-1.177851894974348,-0.09236184645987515,1.4316811360790147,-1.0595714146608524,-0.6849837281165926,-0.22345527558581418,-0.20998014190961997,0.9841231756854657,0
0.21232733076517762,-1.1099901739376037,-1.179024470547907,0.4963139333437846,-0.06640278899360229,-1.177851894974348,3.613385312217168,-0.8828162337175963,-0.6802476401138448,1.7231103409115156,0.03455021005991044,-0.07108591549009124,0.9841231756854657,0
-0.46546902347764374,-1.1099901739376037,-1.179024470547907,-0.4721061993094662,-0.911310674287764,0.9048055324001227,0.401716660230966,-1.461440576166749,0.0716862138554443,1.1497546101905376,-0.4814607612315388,0.6432272489531993,0.9841231756854657,0
3.262410924857874,-1.1099901739376037,1.5251962127575889,0.458127966141874,2.8062840210065474,0.9048055324001227,0.38271364074285674,0.853056793629862,-0.2438574570066685,-0.34097028968400567,2.6146050665171567,1.337698381050843,-1.0161329645585022,0
-0.2960199349169384,0.9009088760241706,-1.179024470547907,0.3993645319159397,-0.06640278899360229,-1.177851894974348,2.4413740852880284,-1.461440576166749,0.7094872507043943,1.1497546101905376,-0.7394662468772634,0.028124246238143545,-1.0161329645585022,0
-0.46546902347764374,0.9009088760241706,-0.502969299721533,-0.20632049707284295,-0.404365943111267,0.21058638994196582,2.314687288700633,-1.461440576166749,-0.8447331706696268,2.525808363920885,-0.7394662468772634,0.5638591195706114,0.9841231756854657,0
-0.9738162891597597,0.9009088760241706,0.8491410419312149,0.31369088755267877,-0.911310674287764,-1.177851894974348,0.7413956335809193,0.2744324511807092,-0.6601065547396678,0.003043148748581378,-0.7394662468772634,0.2463866020402601,-1.0161329645585022,0
2.5846145706150523,-1.1099901739376037,-1.179024470547907,1.4124770910296565,2.8062840210065474,-1.177851894974348,1.860990198422024,0.2744324511807092,0.24959913466067765,-0.11162799739561437,1.3245776382885335,0.286070666731554,-1.0161329645585022,0
-0.634918112038349,0.9009088760241706,-0.502969299721533,-0.2758069551739209,-0.23538436605243465,-1.177851894974348,0.12316406623443088,-1.461440576166749,0.02804719554472637,0.3470565871811683,-0.997471732522988,1.278172284013902,0.9841231756854657,0
-0.8043672005990544,0.9009088760241706,0.8491410419312149,-0.21716985996271582,-0.7423290972289317,0.9048055324001227,-0.9766356866398934,-1.461440576166749,-1.368401390398239,-1.0289971665491795,-0.997471732522988,-1.2219237915376149,0.9841231756854657,0
0.7206745964472937,0.9009088760241706,-1.179024470547907,-0.672053482495318,0.2715603651240624,0.21058638994196582,-0.7257958293968509,0.2744324511807092,0.8672590861354508,-0.11162799739561437,1.066572152642809,0.8416475724096689,0.9841231756854657,0
-0.8043672005990544,0.9009088760241706,-1.179024470547907,-0.5331911129310501,-0.911310674287764,0.9048055324001227,-1.0681668971742864,0.2744324511807092,-1.2039158598424569,-0.9143260204049839,-0.22345527558581418,0.008282213892496587,0.9841231756854657,0
-0.46546902347764374,0.9009088760241706,0.8491410419312149,-0.1130980965795104,-0.404365943111267,-1.177851894974348,0.06599664927436881,-1.461440576166749,-0.05587399351434607,0.003043148748581378,-0.4814607612315388,-0.5671367241312653,-1.0161329645585022,0
-0.9738162891597597,0.9009088760241706,-0.502969299721533,-0.24501182033367047,-0.7423290972289317,0.9048055324001227,-1.042512820865339,0.2744324511807092,0.08175675654253277,-1.0289971665491795,-0.4814607612315388,0.4249648931510827,0.9841231756854657,0
0.5512255078865883,-1.1099901739376037,0.17308587110484092,0.8359447896896444,0.6095235192417271,-1.177851894974348,0.38271364074285674,0.853056793629862,0.8672590861354508,-0.570312581972397,1.066572152642809,-1.0433455004267922,0.9841231756854657,0
-0.8043672005990544,0.9009088760241706,1.5251962127575889,-1.0410423673888833,-0.7423290972289317,0.21058638994196582,-1.2958864140401292,0.853056793629862,-0.5661148229935064,-0.45564143582820127,-0.4814607612315388,1.0995939929030794,0.9841231756854657,0
2.5846145706150523,0.9009088760241706,0.8491410419312149,0.025937989130010174,2.637302443947715,-1.177851894974348,-1.042512820865339,-1.461440576166749,-0.08944246913797492,-1.143668312693375,2.098594095225707,-0.24966420660091387,-1.0161329645585022,0
1.398470950690115,0.9009088760241706,-0.502969299721533,0.2710514700815627,1.2854498274770565,-1.177851894974348,1.6495816066168083,-0.8828162337175963,0.18917587853814558,0.8057411717579506,2.098594095225707,1.0003838311748445,0.9841231756854657,0
-0.9738162891597597,0.9009088760241706,0.8491410419312149,-0.775872567849065,-0.911310674287764,0.9048055324001227,-1.2008713165995828,1.4316811360790147,0.9478234276321603,-0.9143260204049839,-0.4814607612315388,0.0479662785837905,0.9841231756854657,0
1.906818216372231,0.9009088760241706,-0.502969299721533,0.18030847275229137,2.130357712771218,-1.177851894974348,-0.3298995900612411,0.853056793629862,0.3536614090939276,-0.6849837281165926,2.356599580871432,0.26622863438590705,0.9841231756854657,0
-0.634918112038349,0.9009088760241706,0.8491410419312149,0.1735493354642774,-0.7423290972289317,0.9048055324001227,0.38271364074285674,0.853056793629862,0.4107278176540969,-0.11162799739561437,-0.7394662468772634,-0.9242933063529105,0.9841231756854657,0
-0.46546902347764374,-1.1099901739376037,0.8491410419312149,0.5170967012667433,-0.911310674287764,0.9048055324001227,0.06599664927436881,-0.8828162337175963,-0.6332517742407646,-0.570312581972397,-0.22345527558581418,0.286070666731554,0.9841231756854657,0
-0.46546902347764374,0.9009088760241706,0.8491410419312149,0.6484892765851453,-0.404365943111267,-1.177851894974348,0.38271364074285674,1.4316811360790147,0.12875262241561353,-0.45564143582820127,-0.4814607612315388,0.2463866020402601,0.9841231756854657,0
-0.2960199349169384,0.9009088760241706,-0.502969299721533,-0.8329935948835193,-0.7423290972289317,0.9048055324001227,-0.5674373336626071,0.2744324511807092,-1.23077064034136,0.9204123179021463,0.29255569570563505,0.4249648931510827,0.9841231756854657,0
3.262410924857874,-1.1099901739376037,0.8491410419312149,0.1724438690853966,2.8062840210065474,0.9048055324001227,0.748996841376163,-1.461440576166749,-1.0092187012254088,0.23238544103697253,2.356599580871432,0.0479662785837905,0.9841231756854657,0
-0.2960199349169384,-1.1099901739376037,-0.502969299721533,-0.5796838703514078,-0.7423290972289317,0.9048055324001227,-0.3774071387815143,0.2744324511807092,-0.6366086218031275,0.3470565871811683,-0.7394662468772634,-0.9242933063529105,-1.0161329645585022,0
1.0595727735687044,-1.1099901739376037,-1.179024470547907,-0.22512921789065746,0.9474866733593919,-1.177851894974348,0.06599664927436881,1.4316811360790147,-0.23378691431957943,0.1177142948927768,0.5505611813513597,0.7225953783357871,-1.0161329645585022,0
-0.634918112038349,0.9009088760241706,-1.179024470547907,1.413045616595938,-0.911310674287764,-1.177851894974348,0.38271364074285674,0.853056793629862,0.19253272610050842,-0.7996548742607882,-0.4814607612315388,0.7622794430270811,-1.0161329645585022,0
-0.46546902347764374,0.9009088760241706,-0.502969299721533,0.6513319044165531,-0.5733475201700994,-1.177851894974348,2.4413740852880284,1.4316811360790147,0.3503045615315648,0.8057411717579506,-0.22345527558581418,-1.0235034680811452,0.9841231756854657,0
1.906818216372231,-1.1099901739376037,-1.179024470547907,-0.20466229750452178,1.9613761357123858,0.21058638994196582,-1.359229812333827,1.4316811360790147,0.02804719554472637,-1.487681751125962,2.6146050665171567,0.9805417988291976,0.9841231756854657,0
0.890123685007999,0.9009088760241706,-1.179024470547907,0.17981890907021558,1.2854498274770565,0.9048055324001227,0.6994306322113446,-0.8828162337175963,-0.8917290365427076,0.1177142948927768,0.8085666669970842,-0.11076998018138517,0.9841231756854657,0
-0.634918112038349,0.9009088760241706,-1.179024470547907,-0.2627782442799688,-0.404365943111267,-1.177851894974348,-1.326766320708307,1.4316811360790147,0.9881055983805148,-1.3730106049817663,-0.997471732522988,-0.5671367241312653,0.9841231756854657,0
-0.12657084635623306,0.9009088760241706,0.8491410419312149,-0.26159381601688225,-0.06640278899360229,0.9048055324001227,-0.3793074407303252,-0.8828162337175963,0.2831676102843065,-0.34097028968400567,-0.22345527558581418,-0.011559818453150373,-1.0161329645585022,0
-0.8043672005990544,0.9009088760241706,-0.502969299721533,-0.44852818068562317,-0.7423290972289317,0.9048055324001227,-0.4090788379283631,0.2744324511807092,0.860545391010725,0.003043148748581378,-0.997471732522988,0.9408577341379036,-1.0161329645585022,0
0.7206745964472937,0.9009088760241706,-0.502969299721533,-0.30262241105020055,0.7785050963005594,-1.177851894974348,1.0161476236798326,1.4316811360790147,-0.6533928596149416,1.379096902478929,0.8085666669970842,1.35754041339649,0.9841231756854657,0
2.5846145706150523,0.9009088760241706,-1.179024470547907,-0.4851664949571006,2.130357712771218,0.9048055324001227,-0.9474977234247925,-1.461440576166749,0.7329851836409347,-0.7996548742607882,1.3245776382885335,1.3972244780877838,-1.0161329645585022,0
-0.634918112038349,0.9009088760241706,-0.502969299721533,0.6477154501199288,-0.5733475201700994,-1.177851894974348,0.06599664927436881,-0.8828162337175963,0.6255660616453219,-0.6849837281165926,-0.4814607612315388,0.20670253734896618,0.9841231756854657,0
0.0428782422044723,0.9009088760241706,0.8491410419312149,0.08688077136002378,0.10257878806523006,-1.177851894974348,0.8577891279455886,-1.461440576166749,-0.284139627755023,0.4617277333253637,0.29255569570563505,0.305912699077201,0.9841231756854657,0
-0.46546902347764374,0.9009088760241706,-0.502969299721533,0.07737376050164903,-0.06640278899360229,-1.177851894974348,-0.4090788379283631,0.2744324511807092,0.6389934518947737,-0.6849837281165926,-0.7394662468772634,0.32575473142284794,0.9841231756854657,0
-0.46546902347764374,-1.1099901739376037,0.8491410419312149,-0.7328699257106025,-0.5733475201700994,0.9048055324001227,-1.132777163433858,-0.8828162337175963,-0.012234975203628139,-0.7996548742607882,-0.4814607612315388,0.4448069254967297,0.9841231756854657,0
-0.634918112038349,-1.1099901739376037,0.8491410419312149,-0.1065284678135903,-0.911310674287764,0.9048055324001227,-0.5846984096976396,0.2744324511807092,-1.2576254208402633,-0.6849837281165926,-0.7394662468772634,-0.8449251769703227,0.9841231756854657,0
0.38177641932588297,-1.1099901739376037,0.8491410419312149,0.31343820952322027,0.9474866733593919,0.9048055324001227,-0.8813038722078785,-1.461440576166749,-0.35799027412700696,-1.143668312693375,0.29255569570563505,0.38528082845978884,0.9841231756854657,0
-0.9738162891597597,0.9009088760241706,0.8491410419312149,0.07541550577334592,-0.911310674287764,-1.177851894974348,-0.5674373336626071,1.4316811360790147,0.36037510421865326,-0.7996548742607882,-0.4814607612315388,0.0479662785837905,-1.0161329645585022,0
-0.46546902347764374,0.9009088760241706,-0.502969299721533,0.4531849521905928,-0.7423290972289317,-1.177851894974348,0.8577891279455886,0.2744324511807092,0.48793531158844367,0.003043148748581378,-0.7394662468772634,-0.36871640067479566,0.9841231756854657,0
-0.9738162891597597,0.9009088760241706,0.8491410419312149,-0.35917491251837336,-0.911310674287764,0.9048055324001227,0.38271364074285674,0.2744324511807092,0.6692050799560398,0.8057411717579506,-0.7394662468772634,-0.15045404487267908,-1.0161329645585022,0
-0.2960199349169384,0.9009088760241706,0.8491410419312149,0.5544456724960728,-0.23538436605243465,0.9048055324001227,0.7531141622652533,1.4316811360790147,0.5819270433346045,-0.2262991435398101,0.03455021005991044,0.028124246238143545,-1.0161329645585022,0
-0.2960199349169384,0.9009088760241706,-0.502969299721533,-0.10916579474606303,-0.404365943111267,0.9048055324001227,-0.3774071387815143,-0.8828162337175963,0.12203892729088728,-0.45564143582820127,-0.4814607612315388,-0.5869787564769122,0.9841231756854657,0
-0.46546902347764374,0.9009088760241706,-0.502969299721533,-0.5657865787311922,-0.911310674287764,0.21058638994196582,0.7705335967960202,-0.8828162337175963,-0.06930138376379737,2.1817949254882985,0.29255569570563505,0.4448069254967297,-1.0161329645585022,0
-0.46546902347764374,0.9009088760241706,0.8491410419312149,-0.11295596518794,-0.23538436605243465,0.9048055324001227,0.4618928886099787,-0.8828162337175963,0.1757484882886937,0.3470565871811683,-0.997471732522988,-0.32903233598350173,0.9841231756854657,0
0.0428782422044723,0.9009088760241706,-1.179024470547907,3.0121501107775184,-0.5733475201700994,-1.177851894974348,1.0072795479187149,-0.8828162337175963,0.6792756226431284,-0.9143260204049839,0.03455021005991044,-0.7258729828964409,0.9841231756854657,0
-0.8043672005990544,-1.1099901739376037,-1.179024470547907,0.2726780848962016,-0.7423290972289317,-1.177851894974348,0.8577891279455886,-0.8828162337175963,0.5215037872120725,0.1177142948927768,-0.4814607612315388,-1.9560789883265524,0.9841231756854657,0
-0.12657084635623306,0.9009088760241706,0.8491410419312149,-0.5755778523727078,-0.06640278899360229,0.9048055324001227,-1.19517041075315,-0.8828162337175963,0.9041844093214424,-1.0289971665491795,0.29255569570563505,0.5837011519162584,0.9841231756854657,0
-0.634918112038349,0.9009088760241706,-0.502969299721533,0.17599715387465628,-0.7423290972289317,-1.177851894974348,0.8533550900650297,-0.8828162337175963,-0.35799027412700696,0.23238544103697253,-0.4814607612315388,0.9011736694466097,-1.0161329645585022,0
-0.9738162891597597,0.9009088760241706,-0.502969299721533,0.05355885622518867,-0.911310674287764,0.9048055324001227,0.38271364074285674,1.4316811360790147,-0.3109944082539262,0.003043148748581378,-0.4814607612315388,-0.13061201252703214,0.9841231756854657,0
1.398470950690115,0.9009088760241706,-0.502969299721533,-0.45031271926867356,0.9474866733593919,0.9048055324001227,-0.18737694390042153,-1.461440576166749,0.3368771712821129,0.23238544103697253,1.8405886095799828,1.5956448015442533,-1.0161329645585022,0
0.0428782422044723,-1.1099901739376037,0.8491410419312149,0.5450492082755861,-0.06640278899360229,-1.177851894974348,-0.33908438281382725,1.4316811360790147,0.29995184809612124,-0.7996548742607882,0.03455021005991044,1.0202258635204915,-1.0161329645585022,0
-0.634918112038349,-1.1099901739376037,-1.179024470547907,-0.20532557733185025,-0.911310674287764,-1.177851894974348,0.0026532509806712224,1.4316811360790147,-0.6198243839913128,0.003043148748581378,0.03455021005991044,-0.2893482712922078,0.9841231756854657,0
1.906818216372231,-1.1099901739376037,0.8491410419312149,0.2882177837078972,1.4544314045358888,-1.177851894974348,2.2830155895537843,1.4316811360790147,-0.780953066984732,1.1497546101905376,2.098594095225707,0.801963507718375,0.9841231756854657,0
0.0428782422044723,0.9009088760241706,-1.179024470547907,-0.29832688454940665,-0.5733475201700994,0.21058638994196582,0.38271364074285674,1.4316811360790147,-1.1065672805339328,0.6910700256137552,-0.22345527558581418,0.6035431842619053,-1.0161329645585022,0
0.7206745964472937,0.9009088760241706,-1.179024470547907,-0.39818208331602395,0.6095235192417271,-1.177851894974348,-0.5040939353689095,0.853056793629862,-1.1804179269059165,-0.2262991435398101,0.8085666669970842,0.9011736694466097,-1.0161329645585022,0
-0.2960199349169384,0.9009088760241706,0.8491410419312149,0.17666043370198475,-0.06640278899360229,0.9048055324001227,1.4874225069849425,1.4316811360790147,-0.5191189571204256,0.8057411717579506,-0.4814607612315388,0.6233852166075523,0.9841231756854657,0
0.0428782422044723,-1.1099901739376037,-1.179024470547907,0.45755944057559245,-0.06640278899360229,0.9048055324001227,0.06599664927436881,1.4316811360790147,-0.6802476401138448,-0.570312581972397,1.066572152642809,0.08765034327508442,0.9841231756854657,0
-0.634918112038349,0.9009088760241706,0.8491410419312149,0.3580516740994806,-0.911310674287764,-1.177851894974348,1.951254540990543,-1.461440576166749,-1.1300652134704734,0.8057411717579506,-0.4814607612315388,-0.46792656240303043,-1.0161329645585022,0
-0.46546902347764374,0.9009088760241706,-1.179024470547907,-0.07101141229783475,-0.23538436605243465,-1.177851894974348,-0.8841543251310949,-0.8828162337175963,-0.20021843869595057,-1.0289971665491795,-0.7394662468772634,0.22654456969461315,0.9841231756854657,0
0.38177641932588297,0.9009088760241706,-1.179024470547907,-0.23964241220767807,-0.06640278899360229,0.9048055324001227,0.38271364074285674,-1.461440576166749,-1.0327166341619494,0.5763988794695595,0.29255569570563505,-0.5076106270943244,0.9841231756854657,0
-0.12657084635623306,0.9009088760241706,-0.502969299721533,-0.1148826351625608,-0.5733475201700994,-1.177851894974348,-1.042512820865339,1.4316811360790147,0.860545391010725,-1.143668312693375,0.29255569570563505,0.9011736694466097,0.9841231756854657,0
-0.634918112038349,0.9009088760241706,-1.179024470547907,-0.6794285224801371,-0.7423290972289317,0.9048055324001227,-0.5674373336626071,0.2744324511807092,-1.173704231781191,0.23238544103697253,-0.4814607612315388,0.5440170872249644,0.9841231756854657,0
-0.9738162891597597,0.9009088760241706,0.8491410419312149,-1.100784928978969,-0.911310674287764,0.9048055324001227,-1.328191547169915,-0.8828162337175963,1.3741430680522482,-0.2262991435398101,-0.7394662468772634,-0.190138109563973,0.9841231756854657,0
-0.8043672005990544,0.9009088760241706,-0.502969299721533,-0.49296792911663073,-0.911310674287764,0.9048055324001227,-0.2507203421941191,-0.8828162337175963,0.14553686022742765,0.23238544103697253,-0.7394662468772634,-0.5472946917856183,0.9841231756854657,0
1.0595727735687044,-1.1099901739376037,0.8491410419312149,0.49415037771654646,0.7785050963005594,-1.177851894974348,-0.9698262713233209,-1.461440576166749,-1.7846504881312382,-1.2583394588375707,0.5505611813513597,0.9210157017922567,0.9841231756854657,0
-0.46546902347764374,-1.1099901739376037,-0.502969299721533,0.3620155606866102,-0.404365943111267,0.9048055324001227,0.0026532509806712224,-0.8828162337175963,0.8773296288225392,-0.570312581972397,-0.4814607612315388,0.801963507718375,-1.0161329645585022,0
-0.8043672005990544,0.9009088760241706,-0.502969299721533,-0.16154910872817113,-0.7423290972289317,0.9048055324001227,-1.1345191068869347,-1.461440576166749,1.119022653312668,-1.2583394588375707,-0.7394662468772634,0.7622794430270811,-1.0161329645585022,0
-0.2960199349169384,0.9009088760241706,-0.502969299721533,0.17261758523064932,-0.911310674287764,-1.177851894974348,-0.4236478195359135,1.4316811360790147,-0.5090484144333371,-0.6849837281165926,-0.4814607612315388,-0.03140185079879733,0.9841231756854657,0
0.21232733076517762,0.9009088760241706,-0.502969299721533,0.46152332716272215,0.4405419421828948,0.9048055324001227,-0.5674373336626071,-1.461440576166749,0.9981761410676039,-1.0289971665491795,0.5505611813513597,1.4567505751247247,0.9841231756854657,0
-0.2960199349169384,-1.1099901739376037,1.5251962127575889,0.3691695073956531,-0.06640278899360229,-1.177851894974348,0.06599664927436881,-0.8828162337175963,0.36708879934337896,-0.45564143582820127,-0.7394662468772634,0.6035431842619053,-1.0161329645585022,0
0.0428782422044723,-1.1099901739376037,1.5251962127575889,0.26370801485042605,-0.06640278899360229,0.9048055324001227,-0.4074952529710206,-0.8828162337175963,0.4711510737766289,-0.7996548742607882,-0.7394662468772634,1.35754041339649,0.9841231756854657,0
0.5512255078865883,-1.1099901739376037,0.8491410419312149,-0.5406135300463926,0.4405419421828948,0.9048055324001227,-0.2507203421941191,-0.8828162337175963,-0.9689365304770544,0.4617277333253637,0.03455021005991044,0.18686050500331922,0.9841231756854657,0
0.38177641932588297,0.9009088760241706,0.8491410419312149,-0.37228258529653124,0.4405419421828948,0.9048055324001227,-0.7257958293968509,-0.8828162337175963,0.001192415045823164,-0.570312581972397,0.5505611813513597,-0.46792656240303043,0.9841231756854657,0
-0.2960199349169384,0.9009088760241706,-1.179024470547907,0.9306042964755219,-0.5733475201700994,-1.177851894974348,2.2830155895537843,-0.3041918912684436,-0.41169983512481334,0.3470565871811683,-0.7394662468772634,0.9210157017922567,0.9841231756854657,0
-0.9738162891597597,-1.1099901739376037,-0.502969299721533,0.4073554745975636,-0.7423290972289317,-1.177851894974348,2.4413740852880284,-0.3041918912684436,0.6960598604549431,1.1497546101905376,-0.7394662468772634,0.028124246238143545,-1.0161329645585022,0
-0.2960199349169384,0.9009088760241706,-0.502969299721533,-0.2963844221979447,-0.404365943111267,0.9048055324001227,0.5410721364771007,0.2744324511807092,0.2294580492865001,0.8057411717579506,-0.7394662468772634,1.6750129309268411,0.9841231756854657,0
0.890123685007999,-1.1099901739376037,-1.179024470547907,5.754685857766019,0.2715603651240624,-1.177851894974348,-0.6556430157865809,-0.3041918912684436,-0.9085132743545218,-1.487681751125962,1.066572152642809,1.3773824457421369,-1.0161329645585022,0
0.21232733076517762,-1.1099901739376037,-1.179024470547907,0.07724742148691979,0.2715603651240624,-1.177851894974348,-0.7257958293968509,0.853056793629862,0.1119683846037988,-0.9143260204049839,0.29255569570563505,-0.03140185079879733,0.9841231756854657,0
-0.2960199349169384,0.9009088760241706,0.8491410419312149,-0.29771098185260164,-0.5733475201700994,-1.177851894974348,-0.9573159501603157,0.853056793629862,-0.7473845913611031,-0.9143260204049839,0.03455021005991044,-0.07108591549009124,-1.0161329645585022,0
-0.2960199349169384,0.9009088760241706,-0.502969299721533,0.3448334546834346,-0.7423290972289317,-1.177851894974348,0.0922841595662533,-1.461440576166749,0.427512055465911,-0.45564143582820127,-0.22345527558581418,1.4765926074703717,-1.0161329645585022,0
-0.8043672005990544,-1.1099901739376037,-1.179024470547907,0.45721200828508707,-0.7423290972289317,0.9048055324001227,-0.4090788379283631,0.853056793629862,-0.002164432516539662,-0.9143260204049839,-0.7394662468772634,0.5837011519162584,-1.0161329645585022,0
-0.2960199349169384,-1.1099901739376037,-0.502969299721533,-0.31421401565160767,-0.7423290972289317,0.9048055324001227,0.22435514500861276,1.4316811360790147,0.3704456469057418,0.4617277333253637,0.29255569570563505,0.8416475724096689,0.9841231756854657,0
0.38177641932588297,-1.1099901739376037,-1.179024470547907,-0.1086920234408284,0.10257878806523006,0.9048055324001227,-0.646616581529729,-0.3041918912684436,-0.8145215426083608,-0.6849837281165926,0.8085666669970842,1.3972244780877838,-1.0161329645585022,0
5.634698164707748,0.9009088760241706,0.8491410419312149,0.768985111883151,6.016933985124362,-1.177851894974348,0.30385110986720326,-0.8828162337175963,0.4812216164637174,-0.570312581972397,4.162637980391504,2.1512217072223683,0.9841231756854657,0
-0.8043672005990544,0.9009088760241706,0.8491410419312149,0.43135988739611786,-0.5733475201700994,-1.177851894974348,-1.0466301417544293,0.2744324511807092,-1.4959615977680292,-1.2583394588375707,-0.7394662468772634,-0.03140185079879733,0.9841231756854657,0
-0.46546902347764374,-1.1099901739376037,1.5251962127575889,0.11846552504233196,-0.23538436605243465,-1.177851894974348,1.0161476236798326,-0.8828162337175963,-0.603040146179498,0.4617277333253637,-0.4814607612315388,0.028124246238143545,0.9841231756854657,0
0.0428782422044723,0.9009088760241706,0.8491410419312149,0.11968153805910083,-0.23538436605243465,0.9048055324001227,-1.042512820865339,-0.3041918912684436,-0.7037455730503852,-1.2583394588375707,-0.4814607612315388,-1.2417658238832618,-1.0161329645585022,0
-0.8043672005990544,0.9009088760241706,-0.502969299721533,-0.2875564835437396,-0.911310674287764,0.9048055324001227,-1.0817857278074314,-1.461440576166749,-0.6668202498643935,-1.143668312693375,-0.997471732522988,-1.8171847619070236,0.9841231756854657,0
0.21232733076517762,0.9009088760241706,0.8491410419312149,2.9349727651547983,0.6095235192417271,-1.177851894974348,0.017538949579690155,-1.461440576166749,0.26302652491012896,-1.143668312693375,-0.4814607612315388,-0.9838194033898514,0.9841231756854657,0
-0.8043672005990544,-1.1099901739376037,-0.502969299721533,-0.4883881398326961,-0.911310674287764,0.9048055324001227,-1.0741845200121878,-1.461440576166749,-0.8917290365427076,-0.9143260204049839,-0.4814607612315388,1.3972244780877838,-1.0161329645585022,0
0.38177641932588297,0.9009088760241706,-1.179024470547907,-0.7575692030901674,0.4405419421828948,0.9048055324001227,-0.4882580857954851,0.2744324511807092,0.2160306590370488,0.6910700256137552,1.066572152642809,-0.26950623894656084,-1.0161329645585022,0
-0.46546902347764374,0.9009088760241706,0.8491410419312149,-0.2989269948693705,-0.911310674287764,0.9048055324001227,0.8577891279455886,1.4316811360790147,0.01797665285763789,1.2644257563347332,-0.997471732522988,-0.13061201252703214,0.9841231756854657,0
0.21232733076517762,-1.1099901739376037,0.8491410419312149,0.9374739804014239,0.4405419421828948,-1.177851894974348,-0.7257958293968509,-0.3041918912684436,-1.5731690917023755,-1.143668312693375,0.8085666669970842,0.0479662785837905,0.9841231756854657,0
-0.634918112038349,-1.1099901739376037,1.5251962127575889,0.4036442660398924,-0.23538436605243465,-1.177851894974348,-0.8933391178836811,-0.8828162337175963,-1.5429574636411096,-1.143668312693375,-0.7394662468772634,-0.8250831446246757,0.9841231756854657,0
-0.2960199349169384,-1.1099901739376037,-0.502969299721533,1.2194626612770714,-0.06640278899360229,-1.177851894974348,1.6495816066168083,0.853056793629862,0.7833378970763782,-0.11162799739561437,-0.7394662468772634,0.38528082845978884,0.9841231756854657,0
-0.12657084635623306,-1.1099901739376037,-1.179024470547907,-0.016117110397983154,-0.404365943111267,0.9048055324001227,-0.5674373336626071,-0.8828162337175963,1.4983464278596756,-0.6849837281165926,-0.22345527558581418,0.4448069254967297,0.9841231756854657,0
0.21232733076517762,-1.1099901739376037,-1.179024470547907,1.032291410955713,-0.06640278899360229,-1.177851894974348,1.6495816066168083,0.853056793629862,0.18581903097578276,0.003043148748581378,0.03455021005991044,-1.7378166325244357,0.9841231756854657,0
0.0428782422044723,0.9009088760241706,-0.502969299721533,-0.5610172809251637,0.10257878806523006,0.9048055324001227,-0.5674373336626071,-0.8828162337175963,0.9209686471332571,0.003043148748581378,0.5505611813513597,-0.2893482712922078,-1.0161329645585022,0
3.262410924857874,0.9009088760241706,-1.179024470547907,-0.5446721708945692,3.144247175124212,-1.177851894974348,-0.34573543963466546,0.853056793629862,-1.0092187012254088,0.23238544103697253,2.356599580871432,1.1194360252487263,0.9841231756854657,0
-0.8043672005990544,-1.1099901739376037,-0.502969299721533,-0.010368685227803067,-0.911310674287764,0.9048055324001227,-0.4090788379283631,-0.8828162337175963,0.051545128481266744,-0.570312581972397,-0.4814607612315388,-1.162397694500674,0.9841231756854657,0
-0.8043672005990544,0.9009088760241706,-1.179024470547907,-0.10807612074402338,-0.404365943111267,0.9048055324001227,0.8577891279455886,-0.8828162337175963,0.024690347982363543,0.8057411717579506,-0.4814607612315388,-0.9242933063529105,0.9841231756854657,0
0.0428782422044723,0.9009088760241706,-0.502969299721533,-0.4886408178621545,-0.23538436605243465,0.9048055324001227,-0.4882580857954851,1.4316811360790147,0.014619805295275064,-0.11162799739561437,0.03455021005991044,0.7622794430270811,0.9841231756854657,0
-0.12657084635623306,0.9009088760241706,0.8491410419312149,-0.27978663413789173,-0.06640278899360229,-1.177851894974348,-0.18737694390042153,-0.3041918912684436,-0.07601507888852362,0.003043148748581378,-0.22345527558581418,0.7225953783357871,-1.0161329645585022,0
0.0428782422044723,-1.1099901739376037,-1.179024470547907,-0.0509077165790456,0.2715603651240624,0.9048055324001227,-0.8524826259842462,-0.3041918912684436,-1.6403060429496337,-1.0289971665491795,-0.22345527558581418,0.26622863438590705,0.9841231756854657,0
-0.12657084635623306,-1.1099901739376037,1.5251962127575889,0.6497684591092788,0.10257878806523006,-1.177851894974348,0.06599664927436881,1.4316811360790147,-1.1770610793435539,-0.6849837281165926,-0.22345527558581418,-2.9283385732632534,0.9841231756854657,0
-0.8043672005990544,0.9009088760241706,-1.179024470547907,-0.25646129354350716,-0.911310674287764,-1.177851894974348,-0.5674373336626071,-0.8828162337175963,-0.015591822765990965,-0.570312581972397,-0.7394662468772634,0.7424374106814341,-1.0161329645585022,0
-0.8043672005990544,-1.1099901739376037,-1.179024470547907,-0.5670183841248022,-0.911310674287764,-1.177851894974348,-1.359229812333827,0.2744324511807092,-0.06594453620143455,-1.3730106049817663,-0.7394662468772634,-0.5869787564769122,0.9841231756854657,0
0.0428782422044723,0.9009088760241706,-0.502969299721533,-0.7911911733849845,-0.5733475201700994,-1.177851894974348,-0.5311732381394652,1.4316811360790147,0.5382880250238866,0.8057411717579506,0.29255569570563505,-0.38855843302044263,0.9841231756854657,0
-0.46546902347764374,-1.1099901739376037,1.5251962127575889,0.2720463898225554,-0.404365943111267,0.9048055324001227,-0.8841543251310949,-1.461440576166749,2.414765812384746,-1.143668312693375,-0.4814607612315388,-0.03140185079879733,0.9841231756854657,0
-0.12657084635623306,0.9009088760241706,0.8491410419312149,3.3803177920753438,-0.06640278899360229,-1.177851894974348,0.7832022764547597,1.4316811360790147,0.7027735555796687,-1.0289971665491795,-0.22345527558581418,0.4249648931510827,0.9841231756854657,0
-0.46546902347764374,0.9009088760241706,0.8491410419312149,-0.29447354460016506,-0.404365943111267,-1.177851894974348,0.8577891279455886,-1.461440576166749,1.726612062100352,1.1497546101905376,-0.4814607612315388,-0.011559818453150373,0.9841231756854657,0
-0.12657084635623306,0.9009088760241706,-0.502969299721533,-0.5820527268775809,-0.5733475201700994,0.9048055324001227,0.06599664927436881,0.2744324511807092,-0.9689365304770544,1.035083464046342,-0.7394662468772634,0.7225953783357871,-1.0161329645585022,0
-0.46546902347764374,-1.1099901739376037,0.8491410419312149,-0.4111792094562937,-0.06640278899360229,-1.177851894974348,-0.5078945392665313,-0.8828162337175963,-0.005521280078902488,-0.2262991435398101,-0.7394662468772634,-0.051243883144444294,0.9841231756854657,0
0.0428782422044723,-1.1099901739376037,0.8491410419312149,0.36315261181917335,0.2715603651240624,-1.177851894974348,-0.08080167627127534,0.853056793629862,-1.1468494512822878,-0.570312581972397,1.066572152642809,0.16701847265767225,0.9841231756854657,0
0.5512255078865883,-1.1099901739376037,-1.179024470547907,-0.37839423513405784,0.10257878806523006,0.9048055324001227,0.26030252354028616,-1.461440576166749,1.045172006940684,0.6910700256137552,0.03455021005991044,1.278172284013902,0.9841231756854657,0
0.0428782422044723,0.9009088760241706,-1.179024470547907,-0.02622423157632177,0.2715603651240624,0.9048055324001227,0.38271364074285674,0.853056793629862,0.1253957748532507,0.1177142948927768,-0.22345527558581418,-0.17029607721832604,0.9841231756854657,0
-0.8043672005990544,-1.1099901739376037,-1.179024470547907,-0.49705815471848963,-0.911310674287764,-1.177851894974348,-0.5674373336626071,-0.8828162337175963,-1.0495008719737637,-0.2262991435398101,-0.7394662468772634,-0.6266628211682062,0.9841231756854657,0
-0.8043672005990544,0.9009088760241706,-1.179024470547907,-0.29919546527567015,-0.911310674287764,0.21058638994196582,-0.9474977234247925,-0.8828162337175963,-1.526173225829295,-0.9143260204049839,-0.7394662468772634,-1.3608180179571436,-1.0161329645585022,0
0.7206745964472937,-1.1099901739376037,-1.179024470547907,-0.22266560710343744,0.6095235192417271,-1.177851894974348,-0.17154109432699713,1.4316811360790147,-1.12670836590811,-0.11162799739561437,0.03455021005991044,0.008282213892496587,0.9841231756854657,0
0.38177641932588297,-1.1099901739376037,-0.502969299721533,1.4813792311876117,0.6095235192417271,-1.177851894974348,-0.7077429608831471,-1.461440576166749,1.9985167146517475,-1.2583394588375707,0.29255569570563505,1.2186461869769611,-1.0161329645585022,0
0.0428782422044723,0.9009088760241706,0.8491410419312149,-0.5965817135714427,-0.23538436605243465,0.21058638994196582,1.1338079860103758,0.853056793629862,-0.29421017044211145,2.984492948497668,0.29255569570563505,0.5837011519162584,0.9841231756854657,0
-0.634918112038349,-1.1099901739376037,-0.502969299721533,-0.2615148541326765,-0.911310674287764,0.9048055324001227,-0.2507203421941191,-0.8828162337175963,-0.8950858841050704,-0.11162799739561437,-0.4814607612315388,0.22654456969461315,-1.0161329645585022,0
0.21232733076517762,0.9009088760241706,-0.502969299721533,-0.48271867654672174,0.10257878806523006,0.9048055324001227,-1.042512820865339,0.2744324511807092,-1.3214055245251584,-0.9143260204049839,1.066572152642809,-0.03140185079879733,0.9841231756854657,0
-0.2960199349169384,-1.1099901739376037,-1.179024470547907,0.8388979641589401,-0.06640278899360229,-1.177851894974348,1.6495816066168083,-0.8828162337175963,-0.7238866584245627,0.1177142948927768,-0.7394662468772634,-0.011559818453150373,0.9841231756854657,0
-0.634918112038349,-1.1099901739376037,-1.179024470547907,-0.33716033920180455,-0.7423290972289317,0.9048055324001227,-1.1753755987863697,-0.3041918912684436,1.2633670984942724,-1.143668312693375,-0.4814607612315388,0.38528082845978884,0.9841231756854657,0
-0.46546902347764374,0.9009088760241706,0.8491410419312149,0.45782791098189207,-0.5733475201700994,0.9048055324001227,-1.121692068732461,-0.8828162337175963,0.6994167080173058,-1.3730106049817663,-0.4814607612315388,-1.102871597463733,0.9841231756854657,0
1.5679200392508204,0.9009088760241706,0.8491410419312149,0.15894138688620987,1.1164682504182242,-1.177851894974348,-0.38279132763647855,0.2744324511807092,-1.4724636648314886,-0.6849837281165926,1.3245776382885335,-1.8568688265983175,0.9841231756854657,0
-0.8043672005990544,0.9009088760241706,1.5251962127575889,-0.6216284232415131,-0.5733475201700994,0.9048055324001227,-0.09236184645987515,0.2744324511807092,-0.18343420088413584,0.9204123179021463,-0.7394662468772634,0.26622863438590705,-1.0161329645585022,0
0.890123685007999,-1.1099901739376037,-1.179024470547907,0.17416523816108243,1.1164682504182242,0.9048055324001227,0.8577891279455886,-0.3041918912684436,0.05490197604362957,0.23238544103697253,1.066572152642809,0.26622863438590705,-1.0161329645585022,0
-0.634918112038349,-1.1099901739376037,-1.179024470547907,-0.1664763303026112,-0.7423290972289317,0.9048055324001227,-0.7544587171247491,-0.3041918912684436,-0.16329311550995887,-0.7996548742607882,-0.4814607612315388,0.14717644031202531,-1.0161329645585022,0
0.21232733076517762,-1.1099901739376037,0.8491410419312149,-0.10709699337987183,0.10257878806523006,-1.177851894974348,-0.7257958293968509,-1.461440576166749,0.001192415045823164,-0.7996548742607882,0.29255569570563505,-0.7258729828964409,0.9841231756854657,0
-0.634918112038349,-1.1099901739376037,0.8491410419312149,-0.12445281552830018,-0.911310674287764,-1.177851894974348,-1.2008713165995828,0.853056793629862,-1.8316463540043189,-1.2583394588375707,-0.7394662468772634,0.5440170872249644,0.9841231756854657,0
-0.634918112038349,-1.1099901739376037,-1.179024470547907,-0.12805347744808332,-0.911310674287764,-1.177851894974348,-0.9479727989119953,-1.461440576166749,-1.1569199939693766,-1.0289971665491795,-0.7394662468772634,0.3654387961141419,0.9841231756854657,0
0.7206745964472937,-1.1099901739376037,-0.502969299721533,-0.7677868709063941,0.6095235192417271,0.9048055324001227,-1.042512820865339,-1.461440576166749,0.5651428055227898,-0.45564143582820127,0.03455021005991044,-0.15045404487267908,0.9841231756854657,0
2.0762673049329363,0.9009088760241706,0.8491410419312149,1.0264798162781683,1.9613761357123858,0.9048055324001227,0.38271364074285674,0.2744324511807092,-1.7443683173828834,-0.6849837281165926,1.582583123934258,-1.2616078562289088,0.9841231756854657,0
-0.634918112038349,0.9009088760241706,-0.502969299721533,0.26986704181847615,-0.5733475201700994,0.9048055324001227,1.6495816066168083,1.4316811360790147,0.6893461653302174,0.8057411717579506,-0.4814607612315388,0.801963507718375,-1.0161329645585022,0
0.5512255078865883,0.9009088760241706,0.8491410419312149,-0.6283717681526859,0.4405419421828948,0.9048055324001227,-0.7257958293968509,0.2744324511807092,0.001192415045823164,-0.2262991435398101,0.03455021005991044,-0.22982217425526694,-1.0161329645585022,0
0.0428782422044723,-1.1099901739376037,-0.502969299721533,-0.44236915371757307,-0.06640278899360229,0.9048055324001227,-0.5674373336626071,0.2744324511807092,-0.8413763231072641,-0.2262991435398101,0.5505611813513597,0.32575473142284794,-1.0161329645585022,0
-0.9738162891597597,0.9009088760241706,-1.179024470547907,-0.6793653529727725,-0.7423290972289317,-1.177851894974348,-0.4882580857954851,-1.461440576166749,0.954537122756886,0.4617277333253637,-0.7394662468772634,-1.0235034680811452,0.9841231756854657,0
1.5679200392508204,0.9009088760241706,0.8491410419312149,0.2707829996752631,1.6234129815947211,-1.177851894974348,-0.29110175860635135,-0.3041918912684436,-0.4083429875624505,-0.6849837281165926,0.5505611813513597,-0.15045404487267908,0.9841231756854657,0
-0.634918112038349,0.9009088760241706,0.8491410419312149,-0.3810315620665306,-0.404365943111267,0.9048055324001227,0.22435514500861276,-1.461440576166749,0.011262957732911642,0.6910700256137552,-0.7394662468772634,-0.011559818453150373,0.9841231756854657,0
-0.46546902347764374,0.9009088760241706,1.5251962127575889,0.8975824365006687,0.10257878806523006,-1.177851894974348,2.4413740852880284,0.853056793629862,0.20260326878759688,0.4617277333253637,0.03455021005991044,0.5043330225336705,-1.0161329645585022,0
-0.46546902347764374,-1.1099901739376037,-1.179024470547907,0.5538139774224267,-0.7423290972289317,-1.177851894974348,1.6495816066168083,-0.3041918912684436,0.22274435416177443,0.3470565871811683,-0.7394662468772634,0.782121475372728,0.9841231756854657,0
-0.12657084635623306,-1.1099901739376037,-1.179024470547907,-0.8471593569100345,0.10257878806523006,0.21058638994196582,-0.3536533644213777,-0.3041918912684436,0.35701825665629044,1.6084391947673204,-0.22345527558581418,-2.610866055732902,0.9841231756854657,0
0.38177641932588297,0.9009088760241706,1.5251962127575889,-0.3005220249303271,0.10257878806523006,0.9048055324001227,-1.042512820865339,-0.3041918912684436,0.7027735555796687,-1.0289971665491795,1.066572152642809,1.9924854484571926,-1.0161329645585022,0
-0.634918112038349,0.9009088760241706,-0.502969299721533,-0.22590304435587402,-0.911310674287764,-1.177851894974348,-1.042512820865339,-1.461440576166749,-0.4452683107484422,-1.0289971665491795,-0.7394662468772634,0.08765034327508442,-1.0161329645585022,0
-0.2960199349169384,0.9009088760241706,-1.179024470547907,1.9779073514503374,-0.06640278899360229,0.9048055324001227,0.3909482825210374,1.4316811360790147,0.34023401884447574,-0.9143260204049839,0.5505611813513597,0.782121475372728,0.9841231756854657,0
-0.2960199349169384,0.9009088760241706,-0.502969299721533,0.23164948986288328,-0.7423290972289317,-1.177851894974348,1.3328646151483206,-0.8828162337175963,0.8169063727000071,0.5763988794695595,-0.7394662468772634,-3.4243893819044273,0.9841231756854657,0
-0.46546902347764374,-1.1099901739376037,-0.502969299721533,0.010098235158332627,-0.23538436605243465,-1.177851894974348,1.6495816066168083,0.853056793629862,-0.2035752862583134,1.2644257563347332,0.29255569570563505,1.1591200899400202,-1.0161329645585022,0
-0.8043672005990544,0.9009088760241706,-1.179024470547907,0.01788387694102159,-0.911310674287764,-1.177851894974348,2.4057434237478232,1.4316811360790147,1.4882758851725866,1.952452633199907,-0.4814607612315388,-0.17029607721832604,0.9841231756854657,0
-0.12657084635623306,-1.1099901739376037,1.5251962127575889,-0.01401672427810966,-0.23538436605243465,-1.177851894974348,-1.2008713165995828,0.2744324511807092,-0.5493305851816922,-1.2583394588375707,-0.22345527558581418,0.7622794430270811,-1.0161329645585022,0
0.0428782422044723,0.9009088760241706,1.5251962127575889,-0.7554530245934528,-0.5733475201700994,-1.177851894974348,-0.7257958293968509,0.2744324511807092,0.03811773823181484,0.23238544103697253,0.29255569570563505,0.9805417988291976,0.9841231756854657,0
-0.2960199349169384,0.9009088760241706,0.8491410419312149,0.6469100389010299,-0.06640278899360229,-1.177851894974348,-0.7257958293968509,-0.8828162337175963,-0.7440277437987403,-1.143668312693375,-0.4814607612315388,0.028124246238143545,0.9841231756854657,0
0.38177641932588297,-1.1099901739376037,-0.502969299721533,-0.5860008210878694,0.2715603651240624,0.21058638994196582,-0.9474977234247925,0.853056793629862,0.5651428055227898,-0.6849837281165926,0.29255569570563505,1.0202258635204915,0.9841231756854657,0
-0.12657084635623306,0.9009088760241706,0.8491410419312149,1.0273799817581142,0.2715603651240624,-1.177851894974348,-0.5674373336626071,0.853056793629862,0.9108981044461687,-1.143668312693375,1.066572152642809,-0.051243883144444294,0.9841231756854657,0
-0.8043672005990544,0.9009088760241706,0.8491410419312149,-0.4519077493296301,-0.5733475201700994,-1.177851894974348,-0.4090788379283631,-0.8828162337175963,-0.05587399351434607,0.003043148748581378,-0.7394662468772634,-0.38855843302044263,0.9841231756854657,0
-0.12657084635623306,0.9009088760241706,1.5251962127575889,0.8373029340979836,0.2715603651240624,-1.177851894974348,2.4413740852880284,-0.3041918912684436,0.42079836034118534,0.5763988794695595,-0.22345527558581418,0.782121475372728,0.9841231756854657,0
-1.143265377720465,0.9009088760241706,-1.179024470547907,-0.016669843587423547,-0.911310674287764,0.9048055324001227,-0.7574675285436998,-0.3041918912684436,-0.24721430456903132,-0.9143260204049839,-0.7394662468772634,0.5440170872249644,-1.0161329645585022,0
1.2290218621294098,0.9009088760241706,1.5251962127575889,0.5901048594033987,1.1164682504182242,-1.177851894974348,2.4413740852880284,1.4316811360790147,2.0018735622141097,0.8057411717579506,0.5505611813513597,0.9408577341379036,-1.0161329645585022,0
1.398470950690115,-1.1099901739376037,-0.502969299721533,0.6449359917958857,1.2854498274770565,-1.177851894974348,-0.5674373336626071,-0.8828162337175963,-0.965579682914691,-1.0289971665491795,2.356599580871432,1.1392780575943733,-1.0161329645585022,0
-0.9738162891597597,-1.1099901739376037,1.5251962127575889,-0.770029388417838,-0.7423290972289317,0.21058638994196582,0.24019099458203716,-0.8828162337175963,-0.46205254856025635,2.525808363920885,-0.7394662468772634,0.26622863438590705,0.9841231756854657,0
0.5512255078865883,0.9009088760241706,-1.179024470547907,-0.607683754490774,0.4405419421828948,0.9048055324001227,-0.09236184645987515,0.853056793629862,-1.0897830427221185,0.9204123179021463,0.03455021005991044,-1.3608180179571436,0.9841231756854657,0
1.0595727735687044,-1.1099901739376037,1.5251962127575889,1.5929049964398418,0.7785050963005594,-1.177851894974348,1.6495816066168083,0.853056793629862,0.273097067597218,-0.34097028968400567,0.5505611813513597,-1.3012919209202027,0.9841231756854657,0
-0.8043672005990544,0.9009088760241706,1.5251962127575889,1.5375369232347558,-0.7423290972289317,-1.177851894974348,2.4230044997828557,-1.461440576166749,-0.22371637163249095,0.003043148748581378,-0.7394662468772634,-0.9838194033898514,0.9841231756854657,0
0.7206745964472937,0.9009088760241706,-0.502969299721533,-0.449538892803457,1.2854498274770565,0.9048055324001227,-0.7257958293968509,0.2744324511807092,-0.2707122375055717,-0.45564143582820127,0.8085666669970842,-0.24966420660091387,-1.0161329645585022,0
-0.2960199349169384,-1.1099901739376037,0.8491410419312149,-0.019796734201972054,-0.06640278899360229,0.9048055324001227,-1.042512820865339,-1.461440576166749,-1.623521805137819,-1.143668312693375,-0.7394662468772634,-0.09092794783573821,0.9841231756854657,0
0.0428782422044723,-1.1099901739376037,-1.179024470547907,0.11955519904437159,0.10257878806523006,-1.177851894974348,1.0161476236798326,-0.8828162337175963,-0.09615616426270057,0.4617277333253637,-0.22345527558581418,1.317856348705196,-1.0161329645585022,0
-0.2960199349169384,-1.1099901739376037,-0.502969299721533,0.22842784498728785,-0.5733475201700994,-1.177851894974348,-0.1945030762084625,-1.461440576166749,-1.3180486769627955,-0.570312581972397,-0.4814607612315388,0.782121475372728,0.9841231756854657,0
0.5512255078865883,0.9009088760241706,-0.502969299721533,0.9303516184460635,-0.06640278899360229,-1.177851894974348,1.6495816066168083,-0.8828162337175963,1.649404568166006,0.003043148748581378,0.03455021005991044,1.1789621222856672,-1.0161329645585022,0
-0.46546902347764374,-1.1099901739376037,1.5251962127575889,-0.4524920672727528,-0.7423290972289317,-1.177851894974348,-0.09236184645987515,1.4316811360790147,-1.2576254208402633,0.4617277333253637,-0.7394662468772634,0.20670253734896618,-1.0161329645585022,0
-0.8043672005990544,-1.1099901739376037,-0.502969299721533,-0.6774070982444693,-0.911310674287764,0.21058638994196582,-1.042512820865339,0.853056793629862,0.1522505553521539,-0.6849837281165926,-0.997471732522988,1.0599099282117854,-1.0161329645585022,0
0.0428782422044723,0.9009088760241706,1.5251962127575889,0.9306832583597276,0.2715603651240624,-1.177851894974348,-0.7257958293968509,-1.461440576166749,-0.5828990608053211,-1.143668312693375,0.03455021005991044,1.0797519605574324,0.9841231756854657,0
0.0428782422044723,0.9009088760241706,-0.502969299721533,0.0815113632340314,-0.404365943111267,-1.177851894974348,0.38271364074285674,-0.3041918912684436,-0.005521280078902488,0.003043148748581378,0.5505611813513597,0.8614896047553159,-1.0161329645585022,0
-0.8043672005990544,0.9009088760241706,-0.502969299721533,-0.7498151460611607,-0.5733475201700994,0.9048055324001227,-0.7577842455351683,1.4316811360790147,-0.005521280078902488,0.1177142948927768,-0.4814607612315388,-0.13061201252703214,-1.0161329645585022,0
-0.634918112038349,0.9009088760241706,-0.502969299721533,-0.20619415805811372,-0.7423290972289317,0.9048055324001227,-0.3774071387815143,-1.461440576166749,0.3066655432208469,-0.34097028968400567,-0.7394662468772634,0.5043330225336705,-1.0161329645585022,0
2.5846145706150523,0.9009088760241706,-0.502969299721533,-0.6032934737289332,2.130357712771218,0.9048055324001227,-0.2507203421941191,-1.461440576166749,-0.4654093961226198,0.5763988794695595,2.356599580871432,1.734539027963782,0.9841231756854657,0
0.5512255078865883,0.9009088760241706,0.8491410419312149,-0.6705847914490908,0.9474866733593919,0.9048055324001227,-0.757625887039434,-0.8828162337175963,0.4308689030282738,-0.11162799739561437,0.5505611813513597,0.8813316371009629,-1.0161329645585022,0
0.5512255078865883,-1.1099901739376037,-0.502969299721533,-0.30004825362509246,0.6095235192417271,0.9048055324001227,0.38271364074285674,1.4316811360790147,-1.6705176710108995,0.6910700256137552,0.03455021005991044,-0.2893482712922078,-1.0161329645585022,0
0.38177641932588297,0.9009088760241706,-0.502969299721533,-0.965791691740784,0.2715603651240624,0.9048055324001227,-1.2008713165995828,1.4316811360790147,-0.9622228353523281,-0.34097028968400567,0.03455021005991044,0.9805417988291976,0.9841231756854657,0
-0.634918112038349,0.9009088760241706,0.8491410419312149,1.212150790799617,-0.911310674287764,-1.177851894974348,0.8577891279455886,1.4316811360790147,1.0149603788794181,-0.45564143582820127,-0.4814607612315388,-1.9759210206721993,0.9841231756854657,0
-0.634918112038349,-1.1099901739376037,0.8491410419312149,0.9344418440479224,-0.23538436605243465,-1.177851894974348,2.295684269212524,-0.8828162337175963,-0.6735339449891191,0.3470565871811683,-0.7394662468772634,-0.03140185079879733,-1.0161329645585022,0
0.38177641932588297,0.9009088760241706,-1.179024470547907,0.4764155385239304,0.2715603651240624,-1.177851894974348,1.3920906925529277,-0.3041918912684436,0.3536614090939276,0.3470565871811683,0.29255569570563505,-0.22982217425526694,-1.0161329645585022,0
-0.634918112038349,0.9009088760241706,0.8491410419312149,-0.6180751384522534,-0.911310674287764,0.9048055324001227,-1.2361852611483193,-0.8828162337175963,0.1522505553521539,-1.143668312693375,-0.22345527558581418,-1.0235034680811452,-1.0161329645585022,0
-0.9738162891597597,-1.1099901739376037,0.8491410419312149,-0.5155036508689577,-0.911310674287764,0.9048055324001227,-0.7395730185257302,0.2744324511807092,-0.22707321919485376,-0.45564143582820127,-0.7394662468772634,-0.9639773710442044,0.9841231756854657,0
-0.12657084635623306,0.9009088760241706,-0.502969299721533,-0.4118740740373045,-0.404365943111267,0.9048055324001227,-0.7514499057057985,-0.3041918912684436,-1.0864261951597556,-0.570312581972397,0.8085666669970842,0.9210157017922567,0.9841231756854657,0
2.0762673049329363,0.9009088760241706,0.8491410419312149,-0.6797759547706425,1.4544314045358888,0.9048055324001227,-0.10756426205036257,0.2744324511807092,-1.365044542835876,1.1497546101905376,2.872610552162881,-0.5472946917856183,0.9841231756854657,0
-0.8043672005990544,0.9009088760241706,-1.179024470547907,-0.2669790165197158,-0.911310674287764,-1.177851894974348,-0.7257958293968509,0.2744324511807092,-0.7473845913611031,-0.6849837281165926,-0.7394662468772634,-0.4877685947486774,-1.0161329645585022,0
-0.2960199349169384,0.9009088760241706,-0.502969299721533,0.6120246784589206,-0.06640278899360229,-1.177851894974348,-1.2018214675739884,0.853056793629862,-1.133422061032836,-1.3730106049817663,-0.7394662468772634,-0.11076998018138517,0.9841231756854657,0
-0.9738162891597597,0.9009088760241706,-0.502969299721533,0.0461522314866874,-0.911310674287764,-1.177851894974348,1.052728436194443,-1.461440576166749,0.06497251873071805,0.6910700256137552,-0.7394662468772634,-0.38855843302044263,0.9841231756854657,0
0.5512255078865883,0.9009088760241706,-1.179024470547907,0.3874412874008683,0.6095235192417271,-1.177851894974348,-0.2507203421941191,0.2744324511807092,-0.5157621095580628,-0.6849837281165926,0.29255569570563505,0.7225953783357871,-1.0161329645585022,0
-0.634918112038349,-1.1099901739376037,-1.179024470547907,0.022274157702862427,-0.7423290972289317,0.9048055324001227,0.38271364074285674,-0.8828162337175963,0.4711510737766289,0.1177142948927768,0.03455021005991044,-0.7258729828964409,0.9841231756854657,0
2.0762673049329363,0.9009088760241706,-1.179024470547907,-0.841363554609331,2.130357712771218,0.9048055324001227,-1.2800505644667048,0.2744324511807092,0.03811773823181484,-0.9143260204049839,2.6146050665171567,0.782121475372728,0.9841231756854657,0
0.5512255078865883,-1.1099901739376037,0.8491410419312149,-0.015153775410672754,0.7785050963005594,-1.177851894974348,-0.804975077263973,0.2744324511807092,1.447993714424232,-0.9143260204049839,1.066572152642809,-1.2219237915376149,0.9841231756854657,0
-0.2960199349169384,0.9009088760241706,0.8491410419312149,-0.14506186730600626,0.2715603651240624,0.9048055324001227,-0.7257958293968509,-0.3041918912684436,0.3335203237197501,-0.7996548742607882,-0.22345527558581418,-1.8568688265983175,0.9841231756854657,0
-0.2960199349169384,-1.1099901739376037,-0.502969299721533,-0.6964369123380599,-0.5733475201700994,0.9048055324001227,-1.359229812333827,-0.8828162337175963,-1.623521805137819,-1.2583394588375707,-0.4814607612315388,0.06780831092943747,-1.0161329645585022,0
0.0428782422044723,0.9009088760241706,-0.502969299721533,0.35759369517108713,-0.23538436605243465,-1.177851894974348,-0.5674373336626071,-1.461440576166749,-0.8044509999212723,-0.9143260204049839,0.29255569570563505,0.5638591195706114,-1.0161329645585022,0
-0.46546902347764374,-1.1099901739376037,-0.502969299721533,-0.11076082480701958,-0.5733475201700994,-1.177851894974348,-1.2800505644667048,0.2744324511807092,0.7799810495140155,-1.3730106049817663,-0.22345527558581418,-0.03140185079879733,0.9841231756854657,0
0.7206745964472937,-1.1099901739376037,0.8491410419312149,-0.26426272770303727,0.9474866733593919,-1.177851894974348,1.6495816066168083,0.2744324511807092,-0.005521280078902488,2.0671237793441026,0.8085666669970842,0.7225953783357871,-1.0161329645585022,0
-0.2960199349169384,0.9009088760241706,-0.502969299721533,-0.15005225838781094,0.10257878806523006,0.9048055324001227,-0.5674373336626071,-0.3041918912684436,0.3503045615315648,-0.570312581972397,-0.4814607612315388,0.7622794430270811,-1.0161329645585022,0
-0.634918112038349,0.9009088760241706,0.8491410419312149,-0.14498290542180048,-0.5733475201700994,0.9048055324001227,0.8577891279455886,0.2744324511807092,-0.20021843869595057,0.8057411717579506,-0.4814607612315388,0.3654387961141419,0.9841231756854657,0
-0.46546902347764374,0.9009088760241706,0.8491410419312149,-0.3349336140672018,-0.911310674287764,-1.177851894974348,-0.8841543251310949,0.2744324511807092,-1.7141566893216171,-0.7996548742607882,-0.4814607612315388,-1.12271362980938,0.9841231756854657,0
-0.2960199349169384,0.9009088760241706,-1.179024470547907,-0.4914992380704034,-0.911310674287764,-1.177851894974348,0.8205748814480412,-0.3041918912684436,0.5416448725862495,1.8377814870557112,0.8085666669970842,-0.5671367241312653,0.9841231756854657,0
-0.634918112038349,0.9009088760241706,1.5251962127575889,0.1694591098624185,-0.404365943111267,-1.177851894974348,0.38271364074285674,-0.3041918912684436,1.0518857020654102,-0.11162799739561437,-0.4814607612315388,-1.2616078562289088,0.9841231756854657,0
-0.634918112038349,-1.1099901739376037,1.5251962127575889,-0.25087079214173863,-0.7423290972289317,-1.177851894974348,-0.4090788379283631,-0.3041918912684436,-1.5798827868271015,-0.34097028968400567,-0.4814607612315388,0.38528082845978884,0.9841231756854657,0
-0.8043672005990544,0.9009088760241706,-0.502969299721533,-0.015943394252730458,-0.911310674287764,0.9048055324001227,-0.4090788379283631,-0.8828162337175963,0.3939435798422821,-0.570312581972397,-0.4814607612315388,-1.7378166325244357,0.9841231756854657,0
0.7206745964472937,-1.1099901739376037,-1.179024470547907,-0.5246474370599858,0.6095235192417271,0.9048055324001227,0.06599664927436881,0.2744324511807092,-0.7507414389234659,0.8057411717579506,0.29255569570563505,-0.6465048535138531,0.9841231756854657,0
0.7206745964472937,0.9009088760241706,0.8491410419312149,2.2853059666634015,0.6095235192417271,-1.177851894974348,0.06599664927436881,0.2744324511807092,1.4312094766124175,-1.143668312693375,1.066572152642809,-1.5393963090679663,0.9841231756854657,0
-1.143265377720465,0.9009088760241706,-1.179024470547907,0.21040874301153104,-0.911310674287764,-1.177851894974348,2.316745949145178,-0.8828162337175963,0.18581903097578276,1.379096902478929,-0.7394662468772634,-0.8052411122790287,0.9841231756854657,0
-0.634918112038349,0.9009088760241706,-0.502969299721533,-0.5187252957445531,-0.5733475201700994,0.21058638994196582,0.38271364074285674,1.4316811360790147,-0.21028898138303903,1.2644257563347332,-0.4814607612315388,-2.114815247091728,0.9841231756854657,0
-0.46546902347764374,0.9009088760241706,-0.502969299721533,-0.30124847426502016,-0.911310674287764,0.9048055324001227,-0.4090788379283631,-0.8828162337175963,-0.5124052619956999,-0.2262991435398101,-0.7394662468772634,0.9408577341379036,0.9841231756854657,0
-0.634918112038349,0.9009088760241706,-1.179024470547907,-0.1673291186520335,-0.404365943111267,-1.177851894974348,-0.09236184645987515,-0.8828162337175963,-1.2240569452166343,-0.11162799739561437,-0.7394662468772634,-0.011559818453150373,0.9841231756854657,0
-0.634918112038349,0.9009088760241706,0.8491410419312149,0.20527622053815597,-0.5733475201700994,-1.177851894974348,-0.8841543251310949,0.853056793629862,0.3133792383455725,-1.143668312693375,-0.7394662468772634,0.6829113136444932,-1.0161329645585022,0
0.7206745964472937,0.9009088760241706,-0.502969299721533,0.12269788203576125,0.7785050963005594,-1.177851894974348,-0.477806425077025,-1.461440576166749,-0.2035752862583134,-0.7996548742607882,0.5505611813513597,-0.6266628211682062,0.9841231756854657,0
0.5512255078865883,0.9009088760241706,-1.179024470547907,-0.2042043185761283,0.10257878806523006,-1.177851894974348,-0.4882580857954851,-0.3041918912684436,0.1656779456016052,-0.45564143582820127,1.066572152642809,-2.2140254088199627,0.9841231756854657,0
1.7373691278115257,-1.1099901739376037,0.8491410419312149,0.1558302886485025,1.2854498274770565,-1.177851894974348,-0.39973568668004267,1.4316811360790147,-0.6903181828009338,-0.6849837281165926,1.582583123934258,1.238488219322608,0.9841231756854657,0
-0.46546902347764374,0.9009088760241706,1.5251962127575889,0.34322263224563687,-0.5733475201700994,-1.177851894974348,1.6495816066168083,0.853056793629862,0.92432549469562,0.6910700256137552,-0.997471732522988,0.5837011519162584,-1.0161329645585022,0
0.21232733076517762,0.9009088760241706,-1.179024470547907,0.37006967287559883,0.2715603651240624,-1.177851894974348,1.3328646151483206,-0.8828162337175963,0.5517154152733386,0.3470565871811683,0.8085666669970842,-1.3409759856114967,0.9841231756854657,0
3.262410924857874,0.9009088760241706,0.17308587110484092,-0.4878511990200968,2.637302443947715,0.9048055324001227,-0.9474977234247925,-0.8828162337175963,-1.0260029390372234,-0.7996548742607882,3.130616037808606,1.8734332543833108,-1.0161329645585022,0
0.38177641932588297,0.9009088760241706,-1.179024470547907,-0.26069365053693644,-0.23538436605243465,0.9048055324001227,-0.4090788379283631,-0.3041918912684436,-0.19686159113358773,-0.34097028968400567,0.5505611813513597,-0.9838194033898514,0.9841231756854657,0
-0.9738162891597597,0.9009088760241706,0.8491410419312149,0.9340628270037347,-0.911310674287764,-1.177851894974348,1.6495816066168083,-1.461440576166749,-0.10958355451215247,0.003043148748581378,-0.4814607612315388,-0.2893482712922078,0.9841231756854657,0
-0.46546902347764374,0.9009088760241706,0.8491410419312149,-0.5222627881569716,-0.5733475201700994,0.9048055324001227,-0.4261815554676614,-0.8828162337175963,-1.143492603719925,0.1177142948927768,-0.7394662468772634,-1.6187644384505542,0.9841231756854657,0
-0.8043672005990544,-1.1099901739376037,-1.179024470547907,0.45656452083459975,-0.5733475201700994,0.9048055324001227,-0.7257958293968509,0.853056793629862,1.4714916473607724,-1.0289971665491795,-0.4814607612315388,-2.7299182498067838,0.9841231756854657,0
-0.634918112038349,-1.1099901739376037,1.5251962127575889,-0.2589722814612507,-0.404365943111267,0.9048055324001227,-0.18737694390042153,1.4316811360790147,-1.529530073391658,-0.11162799739561437,-0.4814607612315388,1.1591200899400202,0.9841231756854657,0
-0.8043672005990544,0.9009088760241706,0.8491410419312149,-0.4654576086593403,-0.911310674287764,-1.177851894974348,-0.5674373336626071,-0.8828162337175963,-0.9588659877899653,-0.2262991435398101,-0.4814607612315388,1.1789621222856672,0.9841231756854657,0
0.21232733076517762,-1.1099901739376037,-0.502969299721533,-0.5649811675122933,0.6095235192417271,-1.177851894974348,-0.7574675285436998,1.4316811360790147,0.4812216164637174,-0.34097028968400567,0.8085666669970842,0.6035431842619053,0.9841231756854657,0
0.0428782422044723,0.9009088760241706,0.8491410419312149,-0.033488724923252645,0.10257878806523006,-1.177851894974348,-1.0288939902321939,-0.8828162337175963,-0.8010941523589095,-1.143668312693375,0.03455021005991044,0.4448069254967297,0.9841231756854657,0
-0.634918112038349,0.9009088760241706,1.5251962127575889,-0.5415926574105442,-0.7423290972289317,0.9048055324001227,0.06599664927436881,-0.8828162337175963,-0.87158795116853,0.9204123179021463,-0.7394662468772634,0.32575473142284794,0.9841231756854657,0
1.0595727735687044,-1.1099901739376037,-0.502969299721533,1.595258060589174,0.7785050963005594,-1.177851894974348,-0.5674373336626071,-1.461440576166749,-1.6000238722012787,-1.2583394588375707,1.066572152642809,1.3972244780877838,-1.0161329645585022,0
0.5512255078865883,-1.1099901739376037,1.5251962127575889,-0.1130980965795104,0.6095235192417271,-1.177851894974348,1.3868648621936976,-0.8828162337175963,1.5621265315445705,1.2644257563347332,1.066572152642809,1.8932752867289577,-1.0161329645585022,0
0.38177641932588297,-1.1099901739376037,0.8491410419312149,-0.11033443063230843,0.7785050963005594,0.9048055324001227,-0.3774071387815143,-0.3041918912684436,-1.4254677989584081,-0.45564143582820127,0.5505611813513597,-0.8052411122790287,0.9841231756854657,0
-0.634918112038349,-1.1099901739376037,0.8491410419312149,0.3673691764357615,-0.404365943111267,-1.177851894974348,0.0026532509806712224,0.853056793629862,0.3066655432208469,-0.570312581972397,-0.4814607612315388,-0.8250831446246757,0.9841231756854657,0
-0.46546902347764374,0.9009088760241706,-0.502969299721533,-0.4291825190552094,-0.06640278899360229,0.9048055324001227,-0.2507203421941191,1.4316811360790147,-0.676890792551482,0.1177142948927768,-0.4814607612315388,-0.03140185079879733,0.9841231756854657,0
-0.12657084635623306,0.9009088760241706,-0.502969299721533,-0.38276872351905755,-0.06640278899360229,-1.177851894974348,-0.49190033119737264,0.853056793629862,-0.16664996307232172,-0.2262991435398101,-0.22345527558581418,1.0202258635204915,0.9841231756854657,0
-0.2960199349169384,-1.1099901739376037,0.8491410419312149,0.5539719011908382,-0.404365943111267,-1.177851894974348,-0.4790732930428989,0.853056793629862,-1.0327166341619494,-0.9143260204049839,-0.4814607612315388,-0.5076106270943244,0.9841231756854657,0
-0.8043672005990544,0.9009088760241706,0.8491410419312149,0.3670849136526207,-0.911310674287764,0.9048055324001227,0.06599664927436881,0.853056793629862,-1.623521805137819,-0.45564143582820127,-0.4814607612315388,0.16701847265767225,0.9841231756854657,0
2.415165482054347,-1.1099901739376037,0.8491410419312149,0.08094283766774985,2.4683208668888827,0.9048055324001227,0.38271364074285674,-0.3041918912684436,0.007906110170548816,0.003043148748581378,2.872610552162881,0.9011736694466097,-1.0161329645585022,0
-0.8043672005990544,0.9009088760241706,-0.502969299721533,-0.7014273034198647,-0.911310674287764,-1.177851894974348,0.10257746178897915,1.4316811360790147,1.162661671623386,1.7231103409115156,-0.997471732522988,-0.8846092416616166,-1.0161329645585022,0
-0.8043672005990544,0.9009088760241706,1.5251962127575889,-0.07494371413128212,-0.911310674287764,-1.177851894974348,0.5410721364771007,-0.3041918912684436,0.4174415127788225,0.3470565871811683,-0.4814607612315388,1.238488219322608,0.9841231756854657,0
-0.634918112038349,0.9009088760241706,0.8491410419312149,0.4529322741611343,-0.404365943111267,0.9048055324001227,0.38271364074285674,-1.461440576166749,-1.0327166341619494,-0.34097028968400567,-0.7394662468772634,-1.3806600503027906,0.9841231756854657,0
0.38177641932588297,0.9009088760241706,1.5251962127575889,0.2785844338347932,0.7785050963005594,0.9048055324001227,0.06599664927436881,1.4316811360790147,-1.0125755487877717,-0.45564143582820127,0.03455021005991044,-2.3330776028938445,0.9841231756854657,0
0.38177641932588297,0.9009088760241706,0.8491410419312149,0.11740743579397464,0.2715603651240624,-1.177851894974348,-0.48319061393198925,-0.8828162337175963,-0.4016292924377243,-0.7996548742607882,0.29255569570563505,0.6035431842619053,0.9841231756854657,0
0.0428782422044723,0.9009088760241706,0.8491410419312149,0.4567540293566936,0.10257878806523006,-1.177851894974348,0.38271364074285674,-0.8828162337175963,-0.9588659877899653,-0.34097028968400567,0.5505611813513597,-1.678290535487495,-1.0161329645585022,0
0.21232733076517762,0.9009088760241706,-1.179024470547907,0.3505187103462501,0.10257878806523006,0.9048055324001227,-0.5788391453554727,1.4316811360790147,-0.7708825242976429,-0.9143260204049839,0.8085666669970842,1.0202258635204915,-1.0161329645585022,0
0.21232733076517762,0.9009088760241706,-0.502969299721533,0.7443963811414741,0.4405419421828948,0.9048055324001227,2.2830155895537843,1.4316811360790147,0.18917587853814558,0.5763988794695595,0.03455021005991044,-0.3488743683291487,0.9841231756854657,0
-0.46546902347764374,-1.1099901739376037,0.8491410419312149,-0.0893305694335735,-0.404365943111267,0.9048055324001227,-0.7083763948660842,0.2744324511807092,-0.3277786460657409,-0.7996548742607882,-0.7394662468772634,-0.26950623894656084,-1.0161329645585022,0
-0.634918112038349,-1.1099901739376037,1.5251962127575889,0.2628078493704803,-0.911310674287764,0.21058638994196582,2.4608521802633403,0.853056793629862,-0.21028898138303903,1.379096902478929,-0.7394662468772634,-0.24966420660091387,0.9841231756854657,0
0.0428782422044723,-1.1099901739376037,-0.502969299721533,-0.6193859057300692,-0.06640278899360229,0.9048055324001227,-0.3199230048299837,0.853056793629862,-0.08272877401324927,0.5763988794695595,0.8085666669970842,1.6353288662355472,-1.0161329645585022,0
0.21232733076517762,0.9009088760241706,-0.502969299721533,1.3105846756505304,-0.404365943111267,-1.177851894974348,0.22435514500861276,1.4316811360790147,-0.4083429875624505,-0.7996548742607882,0.5505611813513597,1.4170665104334308,-1.0161329645585022,0
-0.12657084635623306,-1.1099901739376037,0.17308587110484092,2.684947855005647,-0.7423290972289317,0.9048055324001227,1.9662985980852963,0.853056793629862,-0.12972463988633004,-0.570312581972397,0.03455021005991044,0.40512286080543575,0.9841231756854657,0
-0.8043672005990544,-1.1099901739376037,-1.179024470547907,-0.39532366310777506,-0.911310674287764,0.9048055324001227,0.265369995403782,0.853056793629862,0.4308689030282738,0.8057411717579506,-0.997471732522988,-2.3132355705481977,0.9841231756854657,0
0.0428782422044723,0.9009088760241706,-0.502969299721533,0.57137510046979,-0.23538436605243465,0.9048055324001227,0.8577891279455886,-0.8828162337175963,-0.2606416948184826,-0.11162799739561437,0.03455021005991044,0.16701847265767225,-1.0161329645585022,0
0.5512255078865883,-1.1099901739376037,0.8491410419312149,-0.4486071425698289,-0.06640278899360229,0.9048055324001227,-0.17993409460091206,0.2744324511807092,-0.7003887254880223,0.23238544103697253,0.5505611813513597,-1.0830295651180861,-1.0161329645585022,0
0.38177641932588297,0.9009088760241706,0.17308587110484092,0.604381168067802,0.4405419421828948,-1.177851894974348,1.0161476236798326,-1.461440576166749,-0.5056915668709743,0.003043148748581378,-0.4814607612315388,-0.13061201252703214,-1.0161329645585022,0
-0.46546902347764374,0.9009088760241706,-0.502969299721533,0.010398290318314555,-0.23538436605243465,-1.177851894974348,-0.8223945117947398,-0.8828162337175963,-1.1804179269059165,-1.0289971665491795,-0.4814607612315388,1.0202258635204915,0.9841231756854657,0
0.890123685007999,0.9009088760241706,-1.179024470547907,0.5562617958328056,0.10257878806523006,-1.177851894974348,-0.8841543251310949,0.853056793629862,-1.3583308477111502,-1.2583394588375707,0.8085666669970842,0.08765034327508442,-1.0161329645585022,0
-0.634918112038349,0.9009088760241706,-1.179024470547907,-0.4030145506294171,-0.404365943111267,0.21058638994196582,1.1745061194140765,-0.3041918912684436,-0.8145215426083608,1.952452633199907,-0.997471732522988,0.12733440796637835,-1.0161329645585022,0
1.2290218621294098,0.9009088760241706,-0.502969299721533,0.6474943568441527,0.6095235192417271,-1.177851894974348,-1.042512820865339,-1.461440576166749,-0.8883721889803448,-1.3730106049817663,1.066572152642809,-1.4401861473397315,-1.0161329645585022,0
0.38177641932588297,-1.1099901739376037,-1.179024470547907,1.246499210429127,0.6095235192417271,-1.177851894974348,-0.3298995900612411,0.853056793629862,-0.1129404020745153,-1.0289971665491795,0.29255569570563505,0.7424374106814341,0.9841231756854657,0
0.21232733076517762,0.9009088760241706,-0.502969299721533,-0.19727146514286167,0.10257878806523006,-1.177851894974348,2.235508040833511,-1.461440576166749,-0.9420817499781512,2.411137217776689,0.03455021005991044,-0.9441353386985575,0.9841231756854657,0
-0.12657084635623306,-1.1099901739376037,-0.502969299721533,3.442555549206332,-0.06640278899360229,0.9048055324001227,1.3328646151483206,-0.8828162337175963,1.417782086362966,-0.9143260204049839,0.29255569570563505,1.1789621222856672,-1.0161329645585022,0
-0.12657084635623306,0.9009088760241706,-1.179024470547907,-0.6759857843287654,-0.23538436605243465,0.9048055324001227,-0.8524826259842462,1.4316811360790147,-0.03237606057780569,-0.34097028968400567,0.29255569570563505,-2.1743413441286688,0.9841231756854657,0
-0.8043672005990544,0.9009088760241706,-1.179024470547907,-0.8389631133294756,-0.5733475201700994,0.21058638994196582,-0.5674373336626071,1.4316811360790147,1.417782086362966,0.9204123179021463,-0.4814607612315388,0.4844909901880236,0.9841231756854657,0
0.890123685007999,-1.1099901739376037,-1.179024470547907,-0.20044573288793363,0.7785050963005594,0.9048055324001227,-0.9474977234247925,-1.461440576166749,-1.3516171525864242,-1.0289971665491795,0.29255569570563505,1.1392780575943733,-1.0161329645585022,0
0.890123685007999,0.9009088760241706,0.8491410419312149,2.4103342141148185,-0.06640278899360229,-1.177851894974348,-0.6678366199581177,-1.461440576166749,-0.9118701219168851,-1.3730106049817663,1.066572152642809,-1.4005020826484376,0.9841231756854657,0
-0.12657084635623306,0.9009088760241706,-0.502969299721533,-0.10992382883443842,-0.06640278899360229,0.9048055324001227,0.38271364074285674,-0.3041918912684436,0.739698878765661,0.23238544103697253,0.03455021005991044,1.2186461869769611,0.9841231756854657,0
-0.634918112038349,-1.1099901739376037,-0.502969299721533,-0.6297614973147074,-0.06640278899360229,0.9048055324001227,-0.8841543251310949,-1.461440576166749,0.06161567116835522,-0.45564143582820127,-0.997471732522988,-1.142555662155027,0.9841231756854657,0
2.0762673049329363,0.9009088760241706,0.8491410419312149,-0.4900463394010172,2.130357712771218,0.21058638994196582,0.6598410082777837,0.2744324511807092,-0.7138161157374736,1.6084391947673204,2.6146050665171567,0.0479662785837905,0.9841231756854657,0
-0.634918112038349,0.9009088760241706,-0.502969299721533,-0.29505786254328775,-0.911310674287764,0.9048055324001227,0.6994306322113446,1.4316811360790147,-0.41841353024953903,1.035083464046342,-0.7394662468772634,0.4249648931510827,0.9841231756854657,0
0.0428782422044723,-1.1099901739376037,-0.502969299721533,-0.7547265752587597,-0.23538436605243465,0.9048055324001227,-0.5674373336626071,0.853056793629862,-1.2945507440262551,0.5763988794695595,0.03455021005991044,-0.7258729828964409,-1.0161329645585022,0
1.906818216372231,0.9009088760241706,0.8491410419312149,0.009561294345733388,1.9613761357123858,-1.177851894974348,-0.6306223734605704,0.2744324511807092,-1.5228163782669324,-0.7996548742607882,1.582583123934258,-0.30919030363785477,-1.0161329645585022,0
-0.8043672005990544,0.9009088760241706,-1.179024470547907,0.5561512491949174,-0.911310674287764,-1.177851894974348,0.06599664927436881,0.853056793629862,-1.0226460914748605,-0.570312581972397,-0.4814607612315388,-1.102871597463733,0.9841231756854657,0
-0.634918112038349,0.9009088760241706,0.8491410419312149,0.1703118982118408,-0.23538436605243465,0.9048055324001227,0.38271364074285674,0.853056793629862,0.5114332445249834,-0.11162799739561437,-0.4814607612315388,-0.8052411122790287,0.9841231756854657,0
-0.2960199349169384,0.9009088760241706,1.5251962127575889,-0.10932371851447456,-0.5733475201700994,-1.177851894974348,-0.7257958293968509,0.853056793629862,-1.2005590122800942,-0.7996548742607882,-0.22345527558581418,-0.20998014190961997,0.9841231756854657,0
-0.12657084635623306,0.9009088760241706,-0.502969299721533,0.0794109771141579,-0.7423290972289317,0.9048055324001227,-0.6307807319563046,-1.461440576166749,-0.6802476401138448,-0.7996548742607882,-0.22345527558581418,0.4844909901880236,-1.0161329645585022,0
0.890123685007999,0.9009088760241706,0.8491410419312149,-0.33302273646942215,1.2854498274770565,0.9048055324001227,-0.9474977234247925,1.4316811360790147,-0.8548037133567153,-0.9143260204049839,0.29255569570563505,-0.190138109563973,0.9841231756854657,0
1.398470950690115,0.9009088760241706,-1.179024470547907,-1.1104340712289142,0.9474866733593919,0.9048055324001227,-1.3731653599584404,-0.8828162337175963,0.01797665285763789,-0.45564143582820127,1.582583123934258,-0.24966420660091387,0.9841231756854657,0
0.21232733076517762,0.9009088760241706,1.5251962127575889,-0.11069765529965497,-0.06640278899360229,0.9048055324001227,1.1745061194140765,0.853056793629862,1.045172006940684,1.035083464046342,0.8085666669970842,-0.30919030363785477,0.9841231756854657,0
0.890123685007999,-1.1099901739376037,1.5251962127575889,0.07429424701762398,0.7785050963005594,0.9048055324001227,-1.1266011821002224,-1.461440576166749,1.3942841534264256,-1.2583394588375707,1.3245776382885335,0.6233852166075523,0.9841231756854657,0
-0.634918112038349,0.9009088760241706,-0.502969299721533,-0.526305636628307,-0.911310674287764,0.9048055324001227,-0.2507203421941191,-0.8828162337175963,0.5886407384593302,0.3470565871811683,-0.4814607612315388,0.22654456969461315,0.9841231756854657,0
-0.634918112038349,0.9009088760241706,-0.502969299721533,0.07882665917103521,-0.7423290972289317,-1.177851894974348,0.02894076127255572,-0.8828162337175963,0.8538316958859994,-0.2262991435398101,-0.7394662468772634,0.46464895784237664,-1.0161329645585022,0
-0.46546902347764374,-1.1099901739376037,0.8491410419312149,0.2005858846163332,-0.7423290972289317,-1.177851894974348,-0.7257958293968509,-0.8828162337175963,-0.31435125581628903,-1.0289971665491795,-0.7394662468772634,-0.46792656240303043,-1.0161329645585022,0
0.0428782422044723,0.9009088760241706,1.5251962127575889,0.1159387447477473,-0.23538436605243465,-1.177851894974348,1.3328646151483206,0.853056793629862,0.29323815297139555,0.8057411717579506,0.5505611813513597,-0.30919030363785477,-1.0161329645585022,0
-0.46546902347764374,-1.1099901739376037,0.8491410419312149,-0.674611847543585,-0.404365943111267,-1.177851894974348,-0.2507203421941191,-0.3041918912684436,-1.4959615977680292,0.9204123179021463,-0.7394662468772634,-1.3608180179571436,0.9841231756854657,0
0.5512255078865883,-1.1099901739376037,-1.179024470547907,2.547001443298166,0.7785050963005594,-1.177851894974348,1.4605015627101212,1.4316811360790147,0.22274435416177443,-0.6849837281165926,0.8085666669970842,-1.5592383414136133,0.9841231756854657,0
-0.2960199349169384,0.9009088760241706,1.5251962127575889,0.8792159022344065,-0.06640278899360229,-1.177851894974348,-0.9946885551535972,-1.461440576166749,-0.8178783901707236,-1.3730106049817663,0.29255569570563505,-1.5195542767223194,-1.0161329645585022,0
1.5679200392508204,0.9009088760241706,-1.179024470547907,-0.45241310538854707,0.4405419421828948,0.9048055324001227,-0.7257958293968509,0.2744324511807092,-1.2005590122800942,-0.45564143582820127,1.3245776382885335,-1.8171847619070236,0.9841231756854657,0
-0.634918112038349,-1.1099901739376037,0.8491410419312149,-0.39570268015196275,-0.5733475201700994,0.9048055324001227,-0.5674373336626071,-0.8828162337175963,0.001192415045823164,-0.34097028968400567,-0.7394662468772634,-0.17029607721832604,0.9841231756854657,0
0.5512255078865883,-1.1099901739376037,-1.179024470547907,-0.5594380432410483,-0.23538436605243465,0.9048055324001227,-0.2507203421941191,0.853056793629862,-0.7306003535492884,0.4617277333253637,0.5505611813513597,0.7027533459901402,0.9841231756854657,0
0.0428782422044723,0.9009088760241706,-0.502969299721533,-0.5809156757450178,-0.5733475201700994,0.9048055324001227,-1.2325430157464317,0.2744324511807092,-0.9320112072910621,-1.143668312693375,-0.22345527558581418,0.12733440796637835,0.9841231756854657,0
0.21232733076517762,-1.1099901739376037,-0.502969299721533,-0.3350125759514076,0.2715603651240624,-1.177851894974348,-1.003081555427512,-0.8828162337175963,-1.4221109513960455,-0.9143260204049839,0.29255569570563505,0.3455967637684949,0.9841231756854657,0
0.0428782422044723,0.9009088760241706,-0.502969299721533,-0.4878038218895734,-0.404365943111267,0.9048055324001227,0.31113560067097845,0.853056793629862,0.29995184809612124,1.1497546101905376,0.5505611813513597,0.7622794430270811,-1.0161329645585022,0
0.21232733076517762,0.9009088760241706,-1.179024470547907,-0.5239525724789751,0.10257878806523006,0.9048055324001227,-1.359229812333827,-0.8828162337175963,-1.0125755487877717,-1.3730106049817663,0.8085666669970842,0.7622794430270811,0.9841231756854657,0
0.7206745964472937,0.9009088760241706,-0.502969299721533,1.6947342423116034,1.1164682504182242,-1.177851894974348,-0.33338347696739445,0.853056793629862,0.09518414679198407,-1.143668312693375,0.03455021005991044,0.40512286080543575,0.9841231756854657,0
-0.46546902347764374,-1.1099901739376037,0.8491410419312149,-0.6766964412866173,-0.7423290972289317,0.9048055324001227,-0.4882580857954851,0.2744324511807092,-0.03908975570253134,0.4617277333253637,-0.4814607612315388,-1.6981325678331418,0.9841231756854657,0
-0.46546902347764374,0.9009088760241706,0.8491410419312149,-0.6002455449985904,-0.7423290972289317,0.9048055324001227,-0.21303102020936904,-1.461440576166749,0.3268066285950244,0.6910700256137552,-0.4814607612315388,-1.2814498885745558,0.9841231756854657,0
-0.46546902347764374,-1.1099901739376037,0.8491410419312149,0.7232503885511687,-0.23538436605243465,-1.177851894974348,0.014846855152208007,0.853056793629862,-0.965579682914691,-0.6849837281165926,-0.997471732522988,-0.13061201252703214,0.9841231756854657,0
-0.634918112038349,-1.1099901739376037,-0.502969299721533,-0.5898541610371111,-0.404365943111267,0.9048055324001227,-1.2008713165995828,0.2744324511807092,0.23617174441122635,-1.0289971665491795,-0.7394662468772634,-1.202081759191968,0.9841231756854657,0
-0.634918112038349,0.9009088760241706,-1.179024470547907,-0.7442404370362334,-0.7423290972289317,0.9048055324001227,-0.7631684343901326,0.853056793629862,-0.005521280078902488,0.1177142948927768,-0.22345527558581418,-0.9044512740072636,0.9841231756854657,0
-0.634918112038349,-1.1099901739376037,-0.502969299721533,0.5562302110791232,-0.7423290972289317,0.9048055324001227,0.06599664927436881,0.853056793629862,-0.04580345082725759,-0.570312581972397,-0.4814607612315388,0.2463866020402601,0.9841231756854657,0
0.5512255078865883,-1.1099901739376037,-0.502969299721533,0.019320983233566614,0.10257878806523006,-1.177851894974348,-0.030918750114988496,-0.3041918912684436,0.001192415045823164,-0.2262991435398101,1.066572152642809,-0.8647672093159696,-1.0161329645585022,0
0.0428782422044723,0.9009088760241706,-1.179024470547907,0.02440612857641823,0.10257878806523006,0.9048055324001227,-0.7257958293968509,0.2744324511807092,0.40737097009173406,-0.9143260204049839,0.8085666669970842,0.22654456969461315,0.9841231756854657,0
-0.12657084635623306,-1.1099901739376037,-1.179024470547907,-0.18266351656479413,0.10257878806523006,0.9048055324001227,0.6994306322113446,0.2744324511807092,-0.022305517890717212,0.6910700256137552,0.29255569570563505,1.5559607368529593,0.9841231756854657,0
-0.9738162891597597,0.9009088760241706,-0.502969299721533,-0.5856375964205229,-0.911310674287764,-1.177851894974348,0.4063090566072591,1.4316811360790147,1.0518857020654102,1.6084391947673204,-0.4814607612315388,-0.09092794783573821,0.9841231756854657,0
-0.9738162891597597,-1.1099901739376037,0.8491410419312149,-0.260440972507478,-0.5733475201700994,-1.177851894974348,-0.5674373336626071,0.2744324511807092,-1.0495008719737637,-0.570312581972397,-0.4814607612315388,0.32575473142284794,0.9841231756854657,0
0.0428782422044723,0.9009088760241706,-0.502969299721533,-0.38812233926820877,0.10257878806523006,0.9048055324001227,-0.7257958293968509,-1.461440576166749,0.07839990898016995,-0.570312581972397,-0.4814607612315388,0.38528082845978884,0.9841231756854657,0
1.5679200392508204,0.9009088760241706,-1.179024470547907,-0.48769327525168527,1.9613761357123858,0.9048055324001227,-0.7257958293968509,1.4316811360790147,0.39730042740464494,-0.45564143582820127,1.582583123934258,0.7622794430270811,0.9841231756854657,0
0.0428782422044723,0.9009088760241706,-1.179024470547907,-0.2990217491304174,0.4405419421828948,0.9048055324001227,0.8577891279455886,0.853056793629862,-1.2609822684026262,1.2644257563347332,0.8085666669970842,0.9606997664835506,0.9841231756854657,0
-0.8043672005990544,-1.1099901739376037,0.8491410419312149,-0.7029117868429331,-0.911310674287764,0.9048055324001227,-0.7257958293968509,-0.8828162337175963,-1.2979075915886182,0.003043148748581378,-0.7394662468772634,0.26622863438590705,0.9841231756854657,0
0.7206745964472937,-1.1099901739376037,-1.179024470547907,-0.23894754762666728,0.10257878806523006,0.9048055324001227,-0.09299528044281213,1.4316811360790147,-1.469106817269126,0.003043148748581378,0.03455021005991044,1.0995939929030794,-1.0161329645585022,0
-0.634918112038349,-1.1099901739376037,1.5251962127575889,0.6519793918670405,-0.911310674287764,-1.177851894974348,2.4413740852880284,1.4316811360790147,0.14218001266506483,0.8057411717579506,-0.4814607612315388,0.7027533459901402,0.9841231756854657,0
-0.46546902347764374,0.9009088760241706,0.8491410419312149,-0.4322778249160756,-0.06640278899360229,0.9048055324001227,-0.5674373336626071,0.2744324511807092,-0.05251714595198324,-0.34097028968400567,-0.4814607612315388,0.6233852166075523,0.9841231756854657,0
-0.8043672005990544,0.9009088760241706,1.5251962127575889,0.411903679127816,-0.911310674287764,0.9048055324001227,1.6495816066168083,-1.461440576166749,0.8034789824505558,0.5763988794695595,-0.4814607612315388,0.8416475724096689,0.9841231756854657,0
-0.46546902347764374,-1.1099901739376037,-0.502969299721533,-0.10114326731075675,-0.7423290972289317,0.9048055324001227,1.1745061194140765,0.853056793629862,0.23617174441122635,1.035083464046342,-0.997471732522988,-0.26950623894656084,0.9841231756854657,0
-0.2960199349169384,0.9009088760241706,-0.502969299721533,-0.6814025695852813,-0.404365943111267,0.9048055324001227,-0.6694202049154602,-0.8828162337175963,0.44429629327772574,0.1177142948927768,-0.4814607612315388,0.6432272489531993,-1.0161329645585022,0
0.5512255078865883,-1.1099901739376037,-1.179024470547907,-0.8184961929433399,0.4405419421828948,0.21058638994196582,-0.4090788379283631,-0.8828162337175963,-1.2274137927789974,1.2644257563347332,0.8085666669970842,0.3654387961141419,-1.0161329645585022,0
-0.2960199349169384,0.9009088760241706,-1.179024470547907,-0.5671447231395315,-0.23538436605243465,-1.177851894974348,-0.6782882806765778,-0.8828162337175963,-1.166990536656465,-0.2262991435398101,-0.4814607612315388,-1.182239726846321,-1.0161329645585022,0
-0.634918112038349,-1.1099901739376037,0.8491410419312149,-0.3592854591562614,-0.7423290972289317,0.21058638994196582,-0.4090788379283631,0.2744324511807092,-1.724227232008706,-0.2262991435398101,-0.4814607612315388,-0.3488743683291487,0.9841231756854657,0
-0.46546902347764374,-1.1099901739376037,-1.179024470547907,0.31193793372331063,-0.5733475201700994,0.9048055324001227,-0.5674373336626071,-0.3041918912684436,-1.0495008719737637,-0.9143260204049839,-0.7394662468772634,-0.8250831446246757,0.9841231756854657,0
0.21232733076517762,-1.1099901739376037,-0.502969299721533,-0.39573426490564506,-0.06640278899360229,0.9048055324001227,-0.09236184645987515,-0.8828162337175963,0.7061304031420315,0.23238544103697253,0.29255569570563505,-0.8052411122790287,-1.0161329645585022,0
0.890123685007999,-1.1099901739376037,-0.502969299721533,-0.679728577640119,1.1164682504182242,0.9048055324001227,-0.09236184645987515,-0.8828162337175963,-1.1804179269059165,1.1497546101905376,0.8085666669970842,-1.202081759191968,0.9841231756854657,0
-0.634918112038349,-1.1099901739376037,-1.179024470547907,-0.9971395597704749,-0.911310674287764,0.9048055324001227,-1.3161563014941124,0.2744324511807092,-0.022305517890717212,-0.6849837281165926,-0.7394662468772634,0.782121475372728,-1.0161329645585022,0
-0.46546902347764374,0.9009088760241706,-0.502969299721533,0.1735809202179597,-0.7423290972289317,-1.177851894974348,-0.4464514429216446,-1.461440576166749,-1.0964967378468442,-0.7996548742607882,-0.4814607612315388,1.1392780575943733,-1.0161329645585022,0
1.2290218621294098,0.9009088760241706,-1.179024470547907,-0.10218556418227291,1.1164682504182242,0.9048055324001227,-0.7104350553106293,0.853056793629862,0.29323815297139555,-0.7996548742607882,1.066572152642809,0.7424374106814341,0.9841231756854657,0
-0.634918112038349,-1.1099901739376037,-1.179024470547907,0.02622225191315095,-0.911310674287764,0.9048055324001227,-1.042512820865339,-1.461440576166749,-0.33113549362810374,-1.143668312693375,-0.7394662468772634,-0.686188918205147,0.9841231756854657,0
0.38177641932588297,0.9009088760241706,-0.502969299721533,1.9736118249495433,0.6095235192417271,0.9048055324001227,2.4065352162264944,-0.3041918912684436,1.0955247203761276,-0.2262991435398101,0.29255569570563505,-1.7378166325244357,-1.0161329645585022,0
0.7206745964472937,0.9009088760241706,-1.179024470547907,-0.49322060714608923,0.7785050963005594,0.9048055324001227,-0.4090788379283631,0.853056793629862,-0.4452683107484422,0.003043148748581378,1.066572152642809,0.6035431842619053,0.9841231756854657,0
0.0428782422044723,-1.1099901739376037,0.8491410419312149,-0.07183261589357476,0.4405419421828948,0.9048055324001227,0.13108199102114307,-0.8828162337175963,0.7531262690151123,0.003043148748581378,1.066572152642809,-2.670392152769843,0.9841231756854657,0
-0.46546902347764374,-1.1099901739376037,0.8491410419312149,-0.21797527118161467,-0.23538436605243465,-1.177851894974348,0.675676857851208,0.853056793629862,-0.5963264510547723,0.8057411717579506,-0.7394662468772634,-1.0631875327724392,0.9841231756854657,0
-0.12657084635623306,0.9009088760241706,-0.502969299721533,0.7782710294657497,-0.23538436605243465,-1.177851894974348,0.21358676729868417,1.4316811360790147,-0.542616890056966,-0.6849837281165926,0.03455021005991044,0.5043330225336705,-1.0161329645585022,0
-0.2960199349169384,0.9009088760241706,-0.502969299721533,-0.6798707090316893,-0.5733475201700994,0.9048055324001227,-1.27688339455202,-1.461440576166749,0.8236200678247334,-1.143668312693375,-0.22345527558581418,-0.9838194033898514,0.9841231756854657,0
-0.2960199349169384,-1.1099901739376037,-1.179024470547907,-0.4933469461608184,-0.06640278899360229,0.9048055324001227,-0.3774071387815143,-0.8828162337175963,-0.16664996307232172,0.1177142948927768,-0.22345527558581418,-0.4282424977117365,0.9841231756854657,0
-0.46546902347764374,0.9009088760241706,1.5251962127575889,-0.5911965130686091,-0.911310674287764,0.9048055324001227,0.06599664927436881,1.4316811360790147,0.2663833724724924,1.1497546101905376,-0.4814607612315388,1.0599099282117854,0.9841231756854657,0
-0.2960199349169384,0.9009088760241706,-0.502969299721533,-0.11374558402999771,-0.5733475201700994,-1.177851894974348,1.0161476236798326,-0.8828162337175963,-1.0461440244114009,0.9204123179021463,-0.4814607612315388,0.4448069254967297,0.9841231756854657,0
-0.46546902347764374,0.9009088760241706,0.8491410419312149,-0.11060290103860804,-0.7423290972289317,0.9048055324001227,-0.2507203421941191,-0.8828162337175963,-1.7846504881312382,-0.34097028968400567,-0.997471732522988,0.14717644031202531,0.9841231756854657,0
-0.9738162891597597,0.9009088760241706,-0.502969299721533,0.11849710979601427,-0.911310674287764,0.9048055324001227,-0.5088446902409368,-0.8828162337175963,-1.4221109513960455,-0.7996548742607882,-0.997471732522988,-1.3806600503027906,0.9841231756854657,0
0.5512255078865883,0.9009088760241706,0.8491410419312149,-0.1444933417397247,0.2715603651240624,0.9048055324001227,-1.2669068093207627,-1.461440576166749,-0.32106495094101467,-1.3730106049817663,1.066572152642809,0.3654387961141419,0.9841231756854657,0
-0.2960199349169384,-1.1099901739376037,-0.502969299721533,0.08432240631175683,-0.5733475201700994,-1.177851894974348,-0.4090788379283631,0.2744324511807092,0.9578939703192488,-0.6849837281165926,-0.4814607612315388,-1.7775006972157297,0.9841231756854657,0
1.5679200392508204,-1.1099901739376037,-1.179024470547907,-0.805183219266247,1.6234129815947211,0.9048055324001227,-0.6841475450187449,1.4316811360790147,-0.3512765790022807,0.4617277333253637,1.582583123934258,1.278172284013902,0.9841231756854657,0
-0.634918112038349,0.9009088760241706,1.5251962127575889,-0.011821583897189243,-0.5733475201700994,0.9048055324001227,-0.2507203421941191,0.853056793629862,-0.6533928596149416,-0.45564143582820127,-0.7394662468772634,0.14717644031202531,-1.0161329645585022,0
-0.634918112038349,-1.1099901739376037,-1.179024470547907,-0.8660154548583725,-0.911310674287764,0.21058638994196582,-0.5465340122256869,1.4316811360790147,-0.9118701219168851,1.1497546101905376,-0.7394662468772634,-1.0433455004267922,-1.0161329645585022,0
0.890123685007999,0.9009088760241706,-1.179024470547907,0.8193470016295914,1.1164682504182242,-1.177851894974348,1.3943077114932072,0.2744324511807092,0.4140846652164597,0.003043148748581378,0.8085666669970842,-0.6465048535138531,0.9841231756854657,0
0.21232733076517762,-1.1099901739376037,-0.502969299721533,0.1801505489838798,0.4405419421828948,0.9048055324001227,1.1745061194140765,1.4316811360790147,0.0851136041048956,0.5763988794695595,0.03455021005991044,-0.4877685947486774,0.9841231756854657,0
1.2290218621294098,-1.1099901739376037,-1.179024470547907,-0.12679008730079097,1.2854498274770565,-1.177851894974348,-0.09236184645987515,-0.8828162337175963,-0.3512765790022807,-0.11162799739561437,1.582583123934258,-0.44808453005738347,0.9841231756854657,0
4.618003633343516,-1.1099901739376037,0.8491410419312149,0.17825546376294132,3.9891550604183736,-1.177851894974348,0.06599664927436881,1.4316811360790147,-0.97565022560178,-0.34097028968400567,3.646627009100055,0.18686050500331922,0.9841231756854657,0
-0.8043672005990544,-1.1099901739376037,-1.179024470547907,-0.0016512932114860117,-0.911310674287764,0.9048055324001227,0.06884710219758519,-1.461440576166749,0.25966967734776614,-0.11162799739561437,-0.4814607612315388,-0.051243883144444294,-1.0161329645585022,0
0.890123685007999,-1.1099901739376037,-1.179024470547907,-0.1475570628469086,0.6095235192417271,0.9048055324001227,-0.2507203421941191,1.4316811360790147,-0.005521280078902488,-0.34097028968400567,0.29255569570563505,0.7027533459901402,0.9841231756854657,0
-0.46546902347764374,-1.1099901739376037,0.8491410419312149,2.0676712214154573,-0.23538436605243465,-1.177851894974348,-0.2762160600073324,-0.8828162337175963,0.48457846402608024,-1.143668312693375,-0.4814607612315388,0.2463866020402601,0.9841231756854657,0
2.754063659175758,0.9009088760241706,1.5251962127575889,-0.11303492707214577,2.4683208668888827,0.9048055324001227,0.8577891279455886,-0.3041918912684436,0.001192415045823164,0.8057411717579506,2.098594095225707,2.230589836604956,-1.0161329645585022,0
1.5679200392508204,-1.1099901739376037,0.8491410419312149,0.07972682465098099,1.4544314045358888,-1.177851894974348,-0.7417900374660097,0.2744324511807092,0.3872298847175565,-0.9143260204049839,2.356599580871432,0.008282213892496587,0.9841231756854657,0
0.5512255078865883,0.9009088760241706,-1.179024470547907,-0.055992861921897216,0.4405419421828948,-1.177851894974348,-0.5674373336626071,0.2744324511807092,0.2663833724724924,-0.6849837281165926,0.5505611813513597,0.6829113136444932,-1.0161329645585022,0
0.0428782422044723,0.9009088760241706,-1.179024470547907,0.8382188919547705,-0.06640278899360229,-1.177851894974348,-0.7604763399626504,0.2744324511807092,-1.0125755487877717,-1.143668312693375,0.8085666669970842,-1.2616078562289088,-1.0161329645585022,0
-0.634918112038349,0.9009088760241706,1.5251962127575889,1.30387291549304,-0.23538436605243465,-1.177851894974348,0.5035411729880849,1.4316811360790147,0.8739727812601764,-0.6849837281165926,-0.4814607612315388,1.1988041546313142,-1.0161329645585022,0
-0.8043672005990544,0.9009088760241706,-1.179024470547907,-0.11396667730577387,-0.5733475201700994,-1.177851894974348,0.5727438356239495,0.853056793629862,-1.029359786599586,0.4617277333253637,-0.4814607612315388,1.4170665104334308,0.9841231756854657,0
-0.2960199349169384,-1.1099901739376037,-1.179024470547907,0.652453163172275,0.10257878806523006,-1.177851894974348,2.2830155895537843,-0.3041918912684436,-0.005521280078902488,0.6910700256137552,-0.4814607612315388,1.0400678958661385,0.9841231756854657,0
-0.8043672005990544,-1.1099901739376037,-0.502969299721533,-0.5800313026419132,-0.5733475201700994,0.9048055324001227,-0.7574675285436998,-1.461440576166749,-1.8752853723150364,-0.34097028968400567,-0.7394662468772634,1.278172284013902,0.9841231756854657,0
0.0428782422044723,0.9009088760241706,-0.502969299721533,1.1239661585186125,-0.06640278899360229,-1.177851894974348,1.6495816066168083,-1.461440576166749,0.007906110170548816,-0.11162799739561437,0.03455021005991044,-0.38855843302044263,-1.0161329645585022,0
-0.46546902347764374,0.9009088760241706,1.5251962127575889,-0.6304089847651947,-0.23538436605243465,0.9048055324001227,-0.7257958293968509,0.853056793629862,-0.9823639207265057,-0.11162799739561437,0.03455021005991044,1.0797519605574324,-1.0161329645585022,0
0.0428782422044723,-1.1099901739376037,-1.179024470547907,-0.8588457157724886,-0.06640278899360229,0.9048055324001227,-0.8928640423964783,-1.461440576166749,0.39730042740464494,0.1177142948927768,0.03455021005991044,0.5837011519162584,-1.0161329645585022,0
-0.12657084635623306,-1.1099901739376037,0.8491410419312149,0.02320590793649052,-0.06640278899360229,0.9048055324001227,0.38271364074285674,-0.8828162337175963,0.08847045166725842,0.1177142948927768,0.29255569570563505,0.3455967637684949,0.9841231756854657,0
-0.46546902347764374,-1.1099901739376037,0.8491410419312149,-0.3152563125231238,-0.911310674287764,-1.177851894974348,-0.7574675285436998,-0.8828162337175963,0.021333500420000717,-0.6849837281165926,-0.22345527558581418,0.4448069254967297,0.9841231756854657,0
0.21232733076517762,0.9009088760241706,1.5251962127575889,0.8403982399588498,0.10257878806523006,-1.177851894974348,-0.7257958293968509,0.2744324511807092,-0.33449234119046656,-1.143668312693375,0.8085666669970842,1.4369085427790778,0.9841231756854657,0
-0.8043672005990544,-1.1099901739376037,-1.179024470547907,-0.5803629425555774,-0.911310674287764,0.9048055324001227,-0.2507203421941191,-0.8828162337175963,-0.4553388534355307,0.5763988794695595,-0.7394662468772634,-0.6465048535138531,-1.0161329645585022,0
0.5512255078865883,-1.1099901739376037,0.8491410419312149,-0.10970273555866226,1.1164682504182242,0.9048055324001227,-0.765385453330412,-0.3041918912684436,-0.8514468657943525,-0.7996548742607882,0.29255569570563505,-0.5869787564769122,-1.0161329645585022,0
-0.46546902347764374,0.9009088760241706,1.5251962127575889,1.7858720490619038,-0.23538436605243465,-1.177851894974348,1.6495816066168083,1.4316811360790147,1.9985167146517475,-0.45564143582820127,-0.7394662468772634,0.801963507718375,-1.0161329645585022,0
-0.2960199349169384,0.9009088760241706,-1.179024470547907,0.17225436056330276,-0.911310674287764,0.9048055324001227,-0.4090788379283631,0.853056793629862,-0.2606416948184826,-0.6849837281165926,-0.4814607612315388,-0.8052411122790287,-1.0161329645585022,0
0.38177641932588297,0.9009088760241706,1.5251962127575889,-0.6197965075279392,0.9474866733593919,0.9048055324001227,-0.5674373336626071,0.853056793629862,-0.7138161157374736,0.1177142948927768,0.5505611813513597,1.6551708985811941,-1.0161329645585022,0
-0.2960199349169384,-1.1099901739376037,0.8491410419312149,0.5793976279050962,0.10257878806523006,-1.177851894974348,-1.2800505644667048,-0.3041918912684436,-0.2069321338206762,-1.487681751125962,-0.7394662468772634,-0.30919030363785477,0.9841231756854657,0
1.398470950690115,-1.1099901739376037,-0.502969299721533,0.26945644002060615,0.7785050963005594,-1.177851894974348,-0.7257958293968509,0.2744324511807092,0.03476089066945202,-1.0289971665491795,1.066572152642809,-1.0433455004267922,-1.0161329645585022,0
-0.8043672005990544,-1.1099901739376037,1.5251962127575889,-0.3450407352455404,-0.404365943111267,0.9048055324001227,-0.963333572998217,1.4316811360790147,0.5651428055227898,-0.9143260204049839,-0.7394662468772634,-0.36871640067479566,0.9841231756854657,0
-0.12657084635623306,-1.1099901739376037,-0.502969299721533,1.7794287593107128,-0.23538436605243465,-1.177851894974348,2.4413740852880284,-0.3041918912684436,0.001192415045823164,-0.11162799739561437,0.8085666669970842,1.1392780575943733,-1.0161329645585022,0
1.0595727735687044,0.9009088760241706,-0.502969299721533,-0.2565718401813952,1.1164682504182242,0.9048055324001227,0.6994306322113446,1.4316811360790147,0.3469477139692014,0.9204123179021463,1.582583123934258,0.9408577341379036,-1.0161329645585022,0
-0.12657084635623306,0.9009088760241706,0.8491410419312149,1.5987323834942277,-0.404365943111267,0.9048055324001227,-0.2507203421941191,-0.8828162337175963,0.3234497810326616,-1.143668312693375,0.29255569570563505,-0.5869787564769122,0.9841231756854657,0
0.5512255078865883,0.9009088760241706,-0.502969299721533,2.5483911724601875,0.4405419421828948,-1.177851894974348,-0.2823920413409679,0.853056793629862,-0.46205254856025635,-1.2583394588375707,0.03455021005991044,0.7225953783357871,-1.0161329645585022,0
-0.2960199349169384,0.9009088760241706,-0.502969299721533,-0.3007273258292621,-0.911310674287764,-1.177851894974348,1.6495816066168083,-0.3041918912684436,1.256653403369547,2.1817949254882985,-0.4814607612315388,-0.9441353386985575,0.9841231756854657,0
0.0428782422044723,-1.1099901739376037,1.5251962127575889,1.1211867001945695,0.10257878806523006,-1.177851894974348,-0.2507203421941191,0.2744324511807092,-0.37813135950118393,-1.0289971665491795,0.5505611813513597,0.26622863438590705,-1.0161329645585022,0
-0.634918112038349,-1.1099901739376037,0.8491410419312149,0.5524558330140874,-0.911310674287764,-1.177851894974348,-0.8841543251310949,1.4316811360790147,-0.022305517890717212,-1.2583394588375707,-0.4814607612315388,-0.24966420660091387,-1.0161329645585022,0
-0.8043672005990544,-1.1099901739376037,0.8491410419312149,-0.3060335644478898,-0.911310674287764,-1.177851894974348,-0.09283692194707789,0.853056793629862,1.0854541776890392,0.1177142948927768,-0.22345527558581418,0.12733440796637835,0.9841231756854657,0
0.7206745964472937,-1.1099901739376037,-1.179024470547907,1.5951001368207625,1.1164682504182242,0.21058638994196582,2.2830155895537843,1.4316811360790147,-1.3079781342757066,-0.11162799739561437,0.5505611813513597,-0.17029607721832604,-1.0161329645585022,0
0.7206745964472937,-1.1099901739376037,-0.502969299721533,0.6601914278244405,0.6095235192417271,0.9048055324001227,1.6495816066168083,0.853056793629862,-0.37813135950118393,0.23238544103697253,0.5505611813513597,-1.8965528912896115,0.9841231756854657,0
0.7206745964472937,-1.1099901739376037,-1.179024470547907,-0.521378415053867,0.10257878806523006,0.9048055324001227,0.21960439013658545,-0.8828162337175963,-0.9420817499781512,1.035083464046342,0.8085666669970842,0.8614896047553159,-1.0161329645585022,0
3.431860013418579,0.9009088760241706,-1.179024470547907,-0.010463439488849991,2.9752655980653797,0.9048055324001227,-0.3089962686243209,0.853056793629862,-1.2441980305908118,-0.45564143582820127,3.646627009100055,0.16701847265767225,-1.0161329645585022,0
-0.8043672005990544,-1.1099901739376037,0.8491410419312149,-0.060999045380543064,-0.911310674287764,-1.177851894974348,0.38271364074285674,0.2744324511807092,-1.2475548781531747,0.23238544103697253,-0.4814607612315388,0.3455967637684949,-1.0161329645585022,0
-0.634918112038349,-1.1099901739376037,1.5251962127575889,-0.39748721873501314,-0.911310674287764,0.9048055324001227,0.38271364074285674,0.2744324511807092,-0.915226969479248,0.9204123179021463,-0.7394662468772634,-0.8052411122790287,0.9841231756854657,0
0.38177641932588297,0.9009088760241706,-1.179024470547907,-0.5818790107323283,-0.23538436605243465,0.9048055324001227,-1.2008713165995828,-0.8828162337175963,-0.43855461562371656,-1.0289971665491795,0.5505611813513597,-0.44808453005738347,0.9841231756854657,0
-0.634918112038349,-1.1099901739376037,-0.502969299721533,0.5705065197435265,-0.911310674287764,-1.177851894974348,0.06599664927436881,-0.8828162337175963,-0.2807827801926602,-0.570312581972397,-0.7394662468772634,0.16701847265767225,-1.0161329645585022,0
1.5679200392508204,0.9009088760241706,0.8491410419312149,-0.11104508759016035,1.4544314045358888,0.9048055324001227,-0.5674373336626071,1.4316811360790147,0.5651428055227898,-0.6849837281165926,1.3245776382885335,0.3654387961141419,-1.0161329645585022,0
0.0428782422044723,0.9009088760241706,1.5251962127575889,-0.6755751825308954,-0.06640278899360229,0.9048055324001227,-0.31200508004327154,0.853056793629862,0.830333762949459,0.8057411717579506,0.5505611813513597,0.8416475724096689,0.9841231756854657,0
4.787452721904222,0.9009088760241706,-0.502969299721533,0.7404009098006621,3.8201734833595413,-1.177851894974348,1.6495816066168083,-0.8828162337175963,1.4278526290500546,0.23238544103697253,4.936654437328678,-0.9044512740072636,0.9841231756854657,0
-0.2960199349169384,0.9009088760241706,-1.179024470547907,0.7455492246508784,-0.5733475201700994,-1.177851894974348,-0.7389395845427933,-0.3041918912684436,0.10189784191671032,-1.143668312693375,-0.4814607612315388,-0.46792656240303043,0.9841231756854657,0
-1.143265377720465,0.9009088760241706,-1.179024470547907,-0.59230197944749,-0.911310674287764,0.9048055324001227,-0.4090788379283631,1.4316811360790147,0.830333762949459,0.3470565871811683,-0.7394662468772634,-0.051243883144444294,0.9841231756854657,0
1.2290218621294098,-1.1099901739376037,1.5251962127575889,0.07557342954175747,0.2715603651240624,0.9048055324001227,-0.7257958293968509,0.853056793629862,-0.24721430456903132,-0.9143260204049839,0.5505611813513597,1.238488219322608,0.9841231756854657,0
-0.9738162891597597,0.9009088760241706,-1.179024470547907,-0.30042727066928016,-0.911310674287764,0.9048055324001227,-0.4185803476724177,1.4316811360790147,-1.2005590122800942,-0.34097028968400567,-0.4814607612315388,-0.9639773710442044,0.9841231756854657,0
-0.2960199349169384,0.9009088760241706,-0.502969299721533,-0.044543388712060504,-0.911310674287764,-1.177851894974348,1.6495816066168083,-0.8828162337175963,-0.448625158310805,1.379096902478929,-0.7394662468772634,0.7424374106814341,0.9841231756854657,0
1.5679200392508204,0.9009088760241706,0.17308587110484092,-0.5396659874359234,1.1164682504182242,0.9048055324001227,-0.9574743086560499,0.2744324511807092,0.571856500647516,-0.6849837281165926,1.066572152642809,0.4844909901880236,-1.0161329645585022,0
0.890123685007999,0.9009088760241706,0.8491410419312149,0.2718726736773027,0.6095235192417271,-1.177851894974348,-0.2507203421941191,1.4316811360790147,3.018998373610068,-0.6849837281165926,0.03455021005991044,0.7027533459901402,-1.0161329645585022,0
-0.12657084635623306,-1.1099901739376037,-0.502969299721533,-0.008236714354247264,-0.404365943111267,0.9048055324001227,1.3328646151483206,-0.3041918912684436,-0.2874964753173858,1.035083464046342,-0.22345527558581418,0.782121475372728,-1.0161329645585022,0
-0.12657084635623306,-1.1099901739376037,0.8491410419312149,-0.2036515853866879,0.10257878806523006,0.9048055324001227,0.06599664927436881,-0.8828162337175963,-0.24721430456903132,0.1177142948927768,-0.22345527558581418,0.22654456969461315,0.9841231756854657,0
-0.8043672005990544,0.9009088760241706,-1.179024470547907,0.459359771535484,-0.7423290972289317,0.9048055324001227,0.38271364074285674,-0.8828162337175963,-0.6164675364289499,-0.34097028968400567,-0.7394662468772634,-0.03140185079879733,0.9841231756854657,0
-0.634918112038349,0.9009088760241706,1.5251962127575889,-0.20237240286255442,-0.06640278899360229,0.9048055324001227,0.06599664927436881,1.4316811360790147,1.1257363484373937,0.1177142948927768,-0.7394662468772634,-0.11076998018138517,0.9841231756854657,0
0.890123685007999,-1.1099901739376037,1.5251962127575889,-0.41500096465185304,0.7785050963005594,0.9048055324001227,-0.0518220715519087,0.2744324511807092,-1.1569199939693766,0.3470565871811683,0.29255569570563505,0.7622794430270811,0.9841231756854657,0
-0.12657084635623306,0.9009088760241706,-0.502969299721533,0.6492315182966796,0.2715603651240624,-1.177851894974348,0.8577891279455886,0.2744324511807092,0.964607665443975,-0.2262991435398101,-0.22345527558581418,0.18686050500331922,0.9841231756854657,0
0.0428782422044723,-1.1099901739376037,-0.502969299721533,-0.18113165601120218,-0.06640278899360229,-1.177851894974348,0.5410721364771007,1.4316811360790147,-0.34456288387755507,0.5763988794695595,-0.22345527558581418,-0.09092794783573821,0.9841231756854657,0
0.38177641932588297,-1.1099901739376037,-1.179024470547907,0.5721489269350065,0.4405419421828948,-1.177851894974348,-0.5674373336626071,-0.3041918912684436,-1.1602768415317393,-1.0289971665491795,0.5505611813513597,0.2463866020402601,0.9841231756854657,0
1.2290218621294098,-1.1099901739376037,-0.502969299721533,0.2745731701171401,1.4544314045358888,-1.177851894974348,-0.28967653214474315,-0.8828162337175963,-0.39827244487536145,-0.6849837281165926,0.29255569570563505,0.20670253734896618,0.9841231756854657,0
-0.8043672005990544,0.9009088760241706,-1.179024470547907,-0.6433903185286234,-0.911310674287764,0.9048055324001227,-0.7257958293968509,-1.461440576166749,-1.1602768415317393,-0.11162799739561437,-0.22345527558581418,0.4249648931510827,-1.0161329645585022,0
-0.12657084635623306,-1.1099901739376037,-0.502969299721533,-0.4873932200917033,-0.5733475201700994,0.9048055324001227,0.38271364074285674,1.4316811360790147,-0.2606416948184826,1.1497546101905376,-0.22345527558581418,0.5241750548793175,-1.0161329645585022,0
-0.2960199349169384,0.9009088760241706,0.8491410419312149,-0.48911458916738915,-0.06640278899360229,0.9048055324001227,-0.2507203421941191,-1.461440576166749,-0.03237606057780569,0.23238544103697253,-0.22345527558581418,-0.8647672093159696,0.9841231756854657,0
-0.634918112038349,-1.1099901739376037,-1.179024470547907,-0.3961764514571974,-0.5733475201700994,-1.177851894974348,0.7927037861988143,-0.8828162337175963,-0.284139627755023,1.4937680486231246,-0.4814607612315388,0.3455967637684949,-1.0161329645585022,0
-0.46546902347764374,-1.1099901739376037,-0.502969299721533,0.12471930627142898,-0.404365943111267,-1.177851894974348,-0.5674373336626071,-0.8828162337175963,-1.2374843354660858,-0.7996548742607882,-0.4814607612315388,-0.2893482712922078,0.9841231756854657,0
-0.8043672005990544,-1.1099901739376037,1.5251962127575889,-0.3368286992881403,-0.911310674287764,-1.177851894974348,0.05174438465828685,-0.8828162337175963,-0.5056915668709743,0.3470565871811683,-0.4814607612315388,0.5837011519162584,0.9841231756854657,0
-0.634918112038349,-1.1099901739376037,1.5251962127575889,0.004081339581852921,-0.5733475201700994,0.21058638994196582,-0.4613371415206636,0.853056793629862,-0.23043006675721658,-0.6849837281165926,-0.7394662468772634,-0.8449251769703227,0.9841231756854657,0
-0.2960199349169384,-1.1099901739376037,-0.502969299721533,-0.8568874610441855,-0.5733475201700994,0.9048055324001227,-0.6404406001960935,1.4316811360790147,-1.2039158598424569,0.9204123179021463,0.03455021005991044,0.0479662785837905,0.9841231756854657,0
-0.2960199349169384,0.9009088760241706,0.8491410419312149,-0.3419928065151977,-0.404365943111267,-1.177851894974348,-1.042512820865339,1.4316811360790147,-0.07937192645088645,-1.0289971665491795,-0.4814607612315388,0.4448069254967297,0.9841231756854657,0
1.2290218621294098,0.9009088760241706,-1.179024470547907,-0.058503849839640715,0.7785050963005594,0.9048055324001227,0.6994306322113446,-0.8828162337175963,0.051545128481266744,0.4617277333253637,1.3245776382885335,1.6750129309268411,-1.0161329645585022,0
0.890123685007999,0.9009088760241706,1.5251962127575889,2.3573507898127466,0.6095235192417271,-1.177851894974348,1.701206476226172,1.4316811360790147,0.6490639945818623,-0.570312581972397,1.066572152642809,0.8416475724096689,-1.0161329645585022,0
-0.12657084635623306,0.9009088760241706,-0.502969299721533,0.7745440285312373,0.10257878806523006,0.9048055324001227,-0.5674373336626071,-0.8828162337175963,0.964607665443975,-1.0289971665491795,-0.22345527558581418,0.7424374106814341,0.9841231756854657,0
-0.2960199349169384,0.9009088760241706,-1.179024470547907,-0.4853717958560356,-0.23538436605243465,0.9048055324001227,-0.7257958293968509,0.2744324511807092,0.9478234276321603,-0.45564143582820127,-0.7394662468772634,0.18686050500331922,-1.0161329645585022,0
-0.634918112038349,0.9009088760241706,0.8491410419312149,1.2522160508456248,-0.7423290972289317,-1.177851894974348,0.06599664927436881,-0.3041918912684436,-0.7540982864858288,-0.9143260204049839,-0.4814607612315388,-0.07108591549009124,0.9841231756854657,0
0.21232733076517762,0.9009088760241706,0.8491410419312149,-0.6730168174826284,-0.404365943111267,0.9048055324001227,-1.042512820865339,0.2744324511807092,-1.2374843354660858,-0.6849837281165926,0.5505611813513597,-1.0036614357354983,0.9841231756854657,0
-0.634918112038349,-1.1099901739376037,-1.179024470547907,-0.7663971417443726,-0.5733475201700994,0.9048055324001227,-1.195803844736087,1.4316811360790147,0.3133792383455725,-0.9143260204049839,-0.7394662468772634,0.6630692812988462,0.9841231756854657,0
-0.634918112038349,0.9009088760241706,1.5251962127575889,0.4630709800931552,-0.23538436605243465,0.9048055324001227,0.8577891279455886,-0.3041918912684436,1.676259348664909,0.003043148748581378,-0.4814607612315388,-0.5671367241312653,0.9841231756854657,0
0.21232733076517762,-1.1099901739376037,1.5251962127575889,-0.6600828608497232,-0.23538436605243465,-1.177851894974348,0.0530112526241608,0.853056793629862,-1.0427871768490378,1.379096902478929,0.03455021005991044,-1.8171847619070236,0.9841231756854657,0
0.7206745964472937,-1.1099901739376037,-0.502969299721533,-0.18266351656479413,0.4405419421828948,-1.177851894974348,0.30464290234587443,-0.3041918912684436,0.001192415045823164,0.3470565871811683,0.8085666669970842,0.7424374106814341,0.9841231756854657,0
0.21232733076517762,-1.1099901739376037,0.8491410419312149,-0.047133338514009776,-0.23538436605243465,0.9048055324001227,0.06599664927436881,0.2744324511807092,1.2432260131200956,-0.11162799739561437,0.29255569570563505,-2.154499311783022,0.9841231756854657,0
0.7206745964472937,0.9009088760241706,0.8491410419312149,0.8041705274852423,0.4405419421828948,-1.177851894974348,0.8577891279455886,-1.461440576166749,-0.32106495094101467,-0.34097028968400567,0.8085666669970842,-1.3211339532658497,0.9841231756854657,0
-0.46546902347764374,0.9009088760241706,-0.502969299721533,-0.24101634899285848,-0.23538436605243465,-1.177851894974348,-0.2507203421941191,-0.8828162337175963,-0.9252975121663365,-0.2262991435398101,-0.997471732522988,-1.5393963090679663,-1.0161329645585022,0
1.398470950690115,-1.1099901739376037,0.8491410419312149,-0.26322043083152113,0.9474866733593919,0.9048055324001227,-1.042512820865339,0.2744324511807092,0.04483143335654109,-1.0289971665491795,0.5505611813513597,-0.6068207888225592,-1.0161329645585022,0
-0.46546902347764374,0.9009088760241706,1.5251962127575889,-0.5007219861456375,-0.5733475201700994,0.9048055324001227,-0.5021936334200985,1.4316811360790147,-0.15993626794759605,-0.11162799739561437,-0.7394662468772634,-0.17029607721832604,-1.0161329645585022,0
-0.634918112038349,-1.1099901739376037,-1.179024470547907,-0.7687817906473868,-0.5733475201700994,0.9048055324001227,-1.1969123542062268,1.4316811360790147,0.48457846402608024,-0.9143260204049839,-0.7394662468772634,-0.011559818453150373,0.9841231756854657,0
-0.8043672005990544,-1.1099901739376037,1.5251962127575889,0.07424686988710053,-0.5733475201700994,-1.177851894974348,-1.3454526232049475,0.853056793629862,0.001192415045823164,-1.487681751125962,-0.7394662468772634,-1.8370267942526706,0.9841231756854657,0
-0.8043672005990544,0.9009088760241706,-1.179024470547907,-0.26778442773861466,-0.7423290972289317,-1.177851894974348,-0.8629342867027062,0.853056793629862,-0.4821936339344339,-0.7996548742607882,-0.7394662468772634,1.0003838311748445,0.9841231756854657,0
4.279105456222106,0.9009088760241706,-0.502969299721533,-0.6776281915202454,4.327118214536038,0.9048055324001227,-0.7257958293968509,1.4316811360790147,0.5550722628357013,0.003043148748581378,3.38862152345433,1.317856348705196,-1.0161329645585022,0
0.38177641932588297,-1.1099901739376037,0.8491410419312149,1.9852034295509506,0.10257878806523006,0.9048055324001227,2.4413740852880284,-0.3041918912684436,0.6725619275184026,-0.2262991435398101,0.29255569570563505,-1.5790803737592602,0.9841231756854657,0
0.5512255078865883,0.9009088760241706,-0.502969299721533,0.5782763691493743,0.6095235192417271,-1.177851894974348,0.38271364074285674,1.4316811360790147,0.17239164072633087,-0.45564143582820127,0.03455021005991044,0.40512286080543575,0.9841231756854657,0
-0.2960199349169384,0.9009088760241706,-1.179024470547907,-0.39428136623625887,0.10257878806523006,0.9048055324001227,-0.4090788379283631,-0.8828162337175963,-1.1837747744682794,-0.11162799739561437,-0.4814607612315388,-2.03544711770914,0.9841231756854657,0
-0.8043672005990544,-1.1099901739376037,-1.179024470547907,-0.7040014608449727,-0.911310674287764,0.9048055324001227,-0.1728079622928711,-1.461440576166749,-1.0629282622232152,1.1497546101905376,-0.7394662468772634,-1.6386064707962011,0.9841231756854657,0
0.21232733076517762,-1.1099901739376037,0.17308587110484092,-0.016322411296918155,-0.23538436605243465,-1.177851894974348,0.8577891279455886,1.4316811360790147,0.12203892729088728,0.5763988794695595,0.5505611813513597,1.9726434161115456,0.9841231756854657,0
-0.12657084635623306,-1.1099901739376037,-1.179024470547907,-0.7144718066906579,-0.23538436605243465,0.9048055324001227,-0.5674373336626071,1.4316811360790147,0.8471180007612732,0.3470565871811683,0.03455021005991044,0.7424374106814341,0.9841231756854657,0
-0.8043672005990544,0.9009088760241706,-1.179024470547907,-0.6768227803013466,-0.7423290972289317,0.9048055324001227,-0.7257958293968509,-0.8828162337175963,0.2697402200348552,-0.11162799739561437,-0.7394662468772634,0.6432272489531993,0.9841231756854657,0
-0.2960199349169384,-1.1099901739376037,0.8491410419312149,-0.05259750090104909,-0.7423290972289317,0.9048055324001227,-0.25119541768132186,1.4316811360790147,0.501362701837895,-0.45564143582820127,-0.7394662468772634,0.22654456969461315,0.9841231756854657,0
-0.46546902347764374,0.9009088760241706,-1.179024470547907,0.19327401413887885,-0.911310674287764,0.9048055324001227,-1.0816273693116971,-0.8828162337175963,-0.7037455730503852,-1.2583394588375707,0.03455021005991044,0.782121475372728,0.9841231756854657,0
1.0595727735687044,-1.1099901739376037,1.5251962127575889,0.24624164606410967,0.9474866733593919,0.9048055324001227,0.18650746452812847,-0.3041918912684436,0.27645391515958084,-0.34097028968400567,0.8085666669970842,1.9528013837658986,0.9841231756854657,0
-0.2960199349169384,0.9009088760241706,-0.502969299721533,0.3694063930482704,-0.404365943111267,0.9048055324001227,0.38271364074285674,0.853056793629862,0.001192415045823164,-0.2262991435398101,-0.7394662468772634,-0.190138109563973,-1.0161329645585022,0
0.890123685007999,-1.1099901739376037,-1.179024470547907,2.5462276168329496,0.9474866733593919,-1.177851894974348,1.6495816066168083,0.853056793629862,0.15896425047687956,-0.6849837281165926,1.066572152642809,-0.11076998018138517,0.9841231756854657,0
-0.8043672005990544,0.9009088760241706,0.8491410419312149,-0.4475332609446304,-0.911310674287764,0.9048055324001227,-0.5647452392351249,1.4316811360790147,-0.42177037781190185,-0.2262991435398101,-0.4814607612315388,0.7424374106814341,0.9841231756854657,0
-0.634918112038349,0.9009088760241706,-0.502969299721533,-0.18086318560490255,-0.911310674287764,0.9048055324001227,-0.09236184645987515,-0.3041918912684436,-0.17000681063468454,-0.11162799739561437,-0.7394662468772634,1.0995939929030794,0.9841231756854657,0
0.890123685007999,0.9009088760241706,0.17308587110484092,-0.45381862692740976,0.9474866733593919,0.9048055324001227,-1.2008713165995828,1.4316811360790147,0.1757484882886937,-1.143668312693375,1.066572152642809,0.6630692812988462,0.9841231756854657,0
-0.9738162891597597,-1.1099901739376037,1.5251962127575889,-0.7097498860151529,-0.911310674287764,0.9048055324001227,-1.3369012644352984,0.2744324511807092,0.5953544335840558,-1.2583394588375707,-0.4814607612315388,1.3773824457421369,-1.0161329645585022,0
-0.634918112038349,0.9009088760241706,-1.179024470547907,0.023474378342790137,-0.404365943111267,0.9048055324001227,1.6495816066168083,-0.3041918912684436,0.09518414679198407,1.2644257563347332,-0.997471732522988,-0.22982217425526694,0.9841231756854657,0
0.38177641932588297,-1.1099901739376037,-0.502969299721533,1.2927392898200263,0.6095235192417271,-1.177851894974348,-0.652475845871896,1.4316811360790147,0.02804719554472637,-1.2583394588375707,-0.22345527558581418,0.4448069254967297,-1.0161329645585022,0
0.7206745964472937,-1.1099901739376037,-0.502969299721533,1.5098686790090539,0.6095235192417271,-1.177851894974348,-1.2046719204972047,0.2744324511807092,0.2865244578466693,-1.487681751125962,0.03455021005991044,1.238488219322608,0.9841231756854657,0
0.890123685007999,-1.1099901739376037,0.17308587110484092,-0.04834935153077864,0.7785050963005594,-1.177851894974348,0.5939638740523382,1.4316811360790147,0.5282174823367981,0.3470565871811683,0.8085666669970842,1.694854963272488,-1.0161329645585022,0
-0.12657084635623306,0.9009088760241706,-0.502969299721533,-0.015311699179084296,-0.404365943111267,0.9048055324001227,-0.29917804188879776,-1.461440576166749,0.7934084397634668,-0.45564143582820127,-0.22345527558581418,-0.38855843302044263,0.9841231756854657,0
-0.46546902347764374,0.9009088760241706,0.8491410419312149,0.5086161949030437,-0.404365943111267,-1.177851894974348,-0.6722706578386766,0.2744324511807092,-0.3009238655668377,-1.0289971665491795,-0.4814607612315388,-0.9044512740072636,0.9841231756854657,0
-0.46546902347764374,0.9009088760241706,-0.502969299721533,-0.7365337571377502,-0.911310674287764,0.9048055324001227,-1.042512820865339,0.853056793629862,-0.07601507888852362,-0.570312581972397,-0.7394662468772634,0.9606997664835506,0.9841231756854657,0
0.21232733076517762,0.9009088760241706,-0.502969299721533,-0.29788469799785433,0.4405419421828948,-1.177851894974348,-0.2507203421941191,1.4316811360790147,-1.5832396343894644,-0.11162799739561437,0.5505611813513597,0.12733440796637835,-1.0161329645585022,0
-0.8043672005990544,-1.1099901739376037,0.8491410419312149,-0.2289351807093756,-0.911310674287764,-1.177851894974348,-0.16013928263413157,-0.3041918912684436,-1.0528577195361266,-0.11162799739561437,-0.7394662468772634,-0.7457150152420878,0.9841231756854657,0
1.398470950690115,0.9009088760241706,-1.179024470547907,0.2671507530017977,1.2854498274770565,0.9048055324001227,-1.2122731282924484,1.4316811360790147,-0.03237606057780569,-1.3730106049817663,1.066572152642809,0.6233852166075523,-1.0161329645585022,0
0.21232733076517762,0.9009088760241706,-1.179024470547907,-0.2949315235285585,0.10257878806523006,0.9048055324001227,0.7713253892746914,-1.461440576166749,0.001192415045823164,1.1497546101905376,-0.22345527558581418,-2.154499311783022,0.9841231756854657,0
0.21232733076517762,0.9009088760241706,0.8491410419312149,0.49433988623864034,-0.23538436605243465,-1.177851894974348,1.9895772969582302,-0.3041918912684436,-0.9722933780394172,0.6910700256137552,0.29255569570563505,0.08765034327508442,0.9841231756854657,0
-0.8043672005990544,0.9009088760241706,1.5251962127575889,0.17733950590615438,-0.911310674287764,-1.177851894974348,-1.042512820865339,-0.3041918912684436,-1.173704231781191,-1.2583394588375707,-0.7394662468772634,0.08765034327508442,-1.0161329645585022,0
-0.12657084635623306,0.9009088760241706,-0.502969299721533,-0.48977786899471765,-0.23538436605243465,0.21058638994196582,0.8577891279455886,-0.3041918912684436,-0.6399654693654903,1.952452633199907,-0.22345527558581418,-1.9163949236352584,0.9841231756854657,0
-0.12657084635623306,0.9009088760241706,-0.502969299721533,-0.0702375858326182,0.2715603651240624,-1.177851894974348,0.0026532509806712224,-0.8828162337175963,0.9377528849450718,-0.11162799739561437,0.29255569570563505,0.5837011519162584,0.9841231756854657,0
-0.8043672005990544,-1.1099901739376037,1.5251962127575889,0.038461343965045365,-0.911310674287764,0.9048055324001227,-0.3298995900612411,0.853056793629862,-0.17672050575941017,-0.570312581972397,-0.7394662468772634,-1.4401861473397315,0.9841231756854657,0
0.0428782422044723,0.9009088760241706,1.5251962127575889,0.8422143632955825,0.6095235192417271,-1.177851894974348,0.8577891279455886,-0.3041918912684436,-1.0427871768490378,-0.34097028968400567,0.03455021005991044,0.6432272489531993,-1.0161329645585022,0
0.38177641932588297,0.9009088760241706,0.8491410419312149,-0.29712666390947895,0.10257878806523006,0.9048055324001227,-0.20321279347384594,-0.3041918912684436,-0.18343420088413584,0.003043148748581378,0.29255569570563505,0.32575473142284794,-1.0161329645585022,0
-0.2960199349169384,-1.1099901739376037,-1.179024470547907,-0.10859726917978148,-0.404365943111267,-1.177851894974348,0.6202513843442227,0.853056793629862,-1.1804179269059165,0.4617277333253637,-0.7394662468772634,-0.07108591549009124,0.9841231756854657,0
-0.2960199349169384,-1.1099901739376037,-1.179024470547907,-0.07066398000732936,0.2715603651240624,-1.177851894974348,-1.042512820865339,-0.3041918912684436,-0.4016292924377243,-1.143668312693375,0.29255569570563505,1.2186461869769611,0.9841231756854657,0
-0.12657084635623306,0.9009088760241706,-1.179024470547907,0.08476459286330915,0.2715603651240624,0.9048055324001227,-0.2507203421941191,-0.3041918912684436,1.192873299684652,-0.570312581972397,0.5505611813513597,-0.20998014190961997,-1.0161329645585022,0
-0.12657084635623306,0.9009088760241706,0.8491410419312149,1.0266061552928976,-0.23538436605243465,0.9048055324001227,0.23068948483798252,-0.8828162337175963,0.531574329899161,-0.6849837281165926,0.29255569570563505,-0.44808453005738347,0.9841231756854657,0
-0.8043672005990544,-1.1099901739376037,-0.502969299721533,-0.6760489538361301,-0.911310674287764,0.9048055324001227,-0.5674373336626071,-1.461440576166749,0.4409394457153629,0.23238544103697253,-0.4814607612315388,0.9805417988291976,-1.0161329645585022,0
0.38177641932588297,-1.1099901739376037,-0.502969299721533,0.025448425447934398,0.10257878806523006,-1.177851894974348,-0.058473128372746944,-1.461440576166749,0.09182729922962125,-0.34097028968400567,0.5505611813513597,-0.32903233598350173,-1.0161329645585022,0
-0.9738162891597597,-1.1099901739376037,-0.502969299721533,-0.2221286662908382,-0.911310674287764,0.9048055324001227,0.38271364074285674,-1.461440576166749,-0.27406908506793454,0.4617277333253637,-0.7394662468772634,-0.17029607721832604,-1.0161329645585022,0
0.7206745964472937,0.9009088760241706,0.8491410419312149,1.4096344631982487,0.7785050963005594,-1.177851894974348,0.38271364074285674,-0.3041918912684436,-0.5896127559300467,-0.7996548742607882,0.5505611813513597,-0.9838194033898514,0.9841231756854657,0
0.21232733076517762,0.9009088760241706,1.5251962127575889,1.0242372987667245,0.6095235192417271,-1.177851894974348,-0.4090788379283631,0.853056793629862,-0.8548037133567153,-1.0289971665491795,1.066572152642809,0.12733440796637835,0.9841231756854657,0
-0.8043672005990544,-1.1099901739376037,0.8491410419312149,-0.5255949796704551,-0.911310674287764,0.9048055324001227,-1.1359443333485428,0.2744324511807092,0.8739727812601764,-1.0289971665491795,-0.4814607612315388,-0.011559818453150373,-1.0161329645585022,0
0.7206745964472937,-1.1099901739376037,1.5251962127575889,0.27032502074686965,0.2715603651240624,-1.177851894974348,-0.7257958293968509,1.4316811360790147,-1.1401357561575618,-1.0289971665491795,2.098594095225707,1.3773824457421369,-1.0161329645585022,0
0.0428782422044723,0.9009088760241706,-1.179024470547907,1.4993825407865276,0.10257878806523006,-1.177851894974348,0.38271364074285674,0.853056793629862,-0.06930138376379737,-0.7996548742607882,0.29255569570563505,-0.4282424977117365,-1.0161329645585022,0
-0.9738162891597597,0.9009088760241706,0.8491410419312149,-0.36955050410301155,-0.911310674287764,0.9048055324001227,-0.5256306907887667,-1.461440576166749,0.3234497810326616,-0.34097028968400567,-0.4814607612315388,0.6829113136444932,0.9841231756854657,0
0.5512255078865883,-1.1099901739376037,0.8491410419312149,0.5536086765234917,0.2715603651240624,-1.177851894974348,2.4413740852880284,0.853056793629862,0.4543668359648142,0.9204123179021463,0.29255569570563505,-1.182239726846321,0.9841231756854657,0
-0.8043672005990544,0.9009088760241706,0.8491410419312149,0.26983545706479384,-0.404365943111267,0.9048055324001227,-0.8841543251310949,-0.8828162337175963,0.041474585794178266,-1.143668312693375,-0.22345527558581418,-0.5274526594399713,0.9841231756854657,0
0.0428782422044723,0.9009088760241706,0.8491410419312149,1.593126089715618,0.10257878806523006,-1.177851894974348,1.6495816066168083,0.853056793629862,0.1522505553521539,-0.34097028968400567,0.5505611813513597,-0.011559818453150373,-1.0161329645585022,0
0.5512255078865883,0.9009088760241706,0.17308587110484092,-0.32969054495593864,0.2715603651240624,-1.177851894974348,-0.5674373336626071,0.853056793629862,-0.3915587497506358,-0.45564143582820127,0.8085666669970842,1.6551708985811941,0.9841231756854657,0
-0.2960199349169384,0.9009088760241706,-1.179024470547907,-0.01703306825477009,-0.911310674287764,0.9048055324001227,-0.8524826259842462,-1.461440576166749,1.407711543675877,-1.0289971665491795,-0.4814607612315388,-0.2893482712922078,0.9841231756854657,0
-0.46546902347764374,0.9009088760241706,1.5251962127575889,-0.6743907542678089,-0.7423290972289317,0.9048055324001227,-0.7257958293968509,-0.8828162337175963,-1.036073481724312,-0.11162799739561437,-0.4814607612315388,1.5758027691986063,0.9841231756854657,0
-0.8043672005990544,-1.1099901739376037,0.8491410419312149,-0.06954272125160742,-0.911310674287764,-1.177851894974348,-0.4974428785480712,0.853056793629862,-0.1901478960088621,-0.570312581972397,-0.7394662468772634,-0.190138109563973,0.9841231756854657,0
0.21232733076517762,0.9009088760241706,0.8491410419312149,0.30884262786244443,0.10257878806523006,-1.177851894974348,0.06599664927436881,0.853056793629862,-0.8044509999212723,-0.45564143582820127,0.03455021005991044,-0.7853990799333818,-1.0161329645585022,0
1.2290218621294098,-1.1099901739376037,0.17308587110484092,-0.4899989622704938,1.1164682504182242,0.9048055324001227,0.0026532509806712224,1.4316811360790147,0.44765314084008856,0.6910700256137552,0.5505611813513597,1.5758027691986063,-1.0161329645585022,0
-0.8043672005990544,-1.1099901739376037,-1.179024470547907,-0.14970482609730557,-0.911310674287764,-1.177851894974348,-0.495384218103526,1.4316811360790147,-0.2572848472561198,-0.570312581972397,-0.7394662468772634,-0.190138109563973,0.9841231756854657,0
-0.634918112038349,0.9009088760241706,0.8491410419312149,-0.08612471693481921,-0.06640278899360229,-1.177851894974348,-0.6027512782113434,0.853056793629862,-0.7138161157374736,-0.6849837281165926,-0.7394662468772634,-0.6465048535138531,0.9841231756854657,0
-0.46546902347764374,0.9009088760241706,0.8491410419312149,0.3655056759685053,-0.5733475201700994,-1.177851894974348,1.777851988161546,1.4316811360790147,0.20596011634995973,0.6910700256137552,-0.7394662468772634,0.6233852166075523,0.9841231756854657,0
-0.12657084635623306,-1.1099901739376037,0.8491410419312149,-0.28422429203025606,0.2715603651240624,0.9048055324001227,-1.2325430157464317,0.853056793629862,0.7329851836409347,-1.2583394588375707,0.03455021005991044,-0.32903233598350173,-1.0161329645585022,0
-0.46546902347764374,0.9009088760241706,0.8491410419312149,-0.11344552887001577,0.10257878806523006,-1.177851894974348,-0.41446302678332736,-0.8828162337175963,-0.5023347193086114,-0.45564143582820127,-0.7394662468772634,0.3455967637684949,-1.0161329645585022,0
-0.8043672005990544,0.9009088760241706,0.8491410419312149,-0.37395657724169357,-0.911310674287764,0.9048055324001227,-0.605760089630294,1.4316811360790147,-0.6433223169278531,-0.45564143582820127,-0.4814607612315388,0.08765034327508442,0.9841231756854657,0
0.0428782422044723,-1.1099901739376037,-0.502969299721533,-0.3513892707356844,0.2715603651240624,0.9048055324001227,-0.7257958293968509,0.2744324511807092,0.22274435416177443,-0.570312581972397,-0.22345527558581418,1.0400678958661385,-1.0161329645585022,0
0.21232733076517762,-1.1099901739376037,-0.502969299721533,-0.20036677100372785,-0.06640278899360229,0.9048055324001227,0.6994306322113446,-0.8828162337175963,0.16903479316396802,0.8057411717579506,0.03455021005991044,0.4448069254967297,0.9841231756854657,0
1.5679200392508204,-1.1099901739376037,-1.179024470547907,0.3285357217833636,1.7923945586535535,0.9048055324001227,0.11223733002876804,-0.8828162337175963,-0.7608119816105544,-0.45564143582820127,0.8085666669970842,-0.09092794783573821,0.9841231756854657,0
1.7373691278115257,-1.1099901739376037,-1.179024470547907,0.04332539603212082,1.4544314045358888,0.9048055324001227,-0.4179469136894807,1.4316811360790147,0.14553686022742765,-0.6849837281165926,1.066572152642809,0.3654387961141419,0.9841231756854657,0
0.0428782422044723,-1.1099901739376037,1.5251962127575889,-0.5392553856380534,-0.404365943111267,0.9048055324001227,0.06599664927436881,-0.8828162337175963,-1.0931398902844813,0.9204123179021463,0.29255569570563505,-0.011559818453150373,0.9841231756854657,0
-0.634918112038349,0.9009088760241706,1.5251962127575889,0.2681614651196315,-0.06640278899360229,-1.177851894974348,-0.5674373336626071,0.853056793629862,-0.2975670180044749,-0.9143260204049839,-0.7394662468772634,1.734539027963782,0.9841231756854657,0
1.398470950690115,-1.1099901739376037,-1.179024470547907,-0.790322592658721,0.9474866733593919,-1.177851894974348,-0.5357656345157582,-0.8828162337175963,-0.10958355451215247,0.8057411717579506,2.6146050665171567,-2.0156050853634935,0.9841231756854657,0
0.38177641932588297,0.9009088760241706,-1.179024470547907,-0.6798391242780071,0.4405419421828948,0.9048055324001227,-1.0741845200121878,-1.461440576166749,0.6826324702054911,-0.6849837281165926,0.29255569570563505,-0.11076998018138517,0.9841231756854657,0
0.5512255078865883,0.9009088760241706,-0.502969299721533,-0.03129358454233223,0.7785050963005594,-1.177851894974348,-0.09236184645987515,0.853056793629862,-1.5026752928927547,-0.2262991435398101,-0.22345527558581418,0.801963507718375,-1.0161329645585022,0
-0.12657084635623306,0.9009088760241706,0.8491410419312149,-0.24932313921130553,-0.23538436605243465,0.9048055324001227,-0.09236184645987515,0.853056793629862,-1.099853585409207,0.003043148748581378,0.03455021005991044,0.5241750548793175,0.9841231756854657,0
0.890123685007999,0.9009088760241706,0.8491410419312149,-0.03347293254641149,0.2715603651240624,-1.177851894974348,0.01896417604129835,0.853056793629862,-0.04580345082725759,-0.2262991435398101,1.582583123934258,-1.2219237915376149,0.9841231756854657,0
-0.12657084635623306,0.9009088760241706,0.8491410419312149,-0.3575798824574168,-0.5733475201700994,-1.177851894974348,0.4346552273436887,-1.461440576166749,-0.19686159113358773,0.9204123179021463,0.03455021005991044,-0.5671367241312653,0.9841231756854657,0
-0.2960199349169384,0.9009088760241706,0.8491410419312149,-0.8475067892005399,-0.404365943111267,0.9048055324001227,-0.8892217969945908,-1.461440576166749,0.3234497810326616,0.1177142948927768,-0.7394662468772634,-0.09092794783573821,-1.0161329645585022,0
-0.8043672005990544,0.9009088760241706,-0.502969299721533,-0.24160066693598117,-0.911310674287764,0.9048055324001227,-0.5036188598817067,-0.8828162337175963,1.1391637386868456,-0.45564143582820127,-0.4814607612315388,-1.5393963090679663,0.9841231756854657,0
0.5512255078865883,0.9009088760241706,0.8491410419312149,0.8392769812031279,0.6095235192417271,0.9048055324001227,0.06599664927436881,-0.3041918912684436,0.1253957748532507,-0.6849837281165926,0.03455021005991044,0.7027533459901402,0.9841231756854657,0
-0.2960199349169384,0.9009088760241706,-0.502969299721533,1.033507423972482,0.2715603651240624,-1.177851894974348,0.06599664927436881,-0.8828162337175963,-0.87158795116853,-0.7996548742607882,-0.22345527558581418,0.782121475372728,-1.0161329645585022,0
-0.634918112038349,-1.1099901739376037,0.8491410419312149,1.075009790311035,-0.7423290972289317,0.9048055324001227,0.38271364074285674,0.2744324511807092,-1.0830693475973925,-0.6849837281165926,-0.7394662468772634,-2.2140254088199627,0.9841231756854657,0
-0.2960199349169384,0.9009088760241706,-1.179024470547907,-0.2997166137114282,-0.23538436605243465,-1.177851894974348,0.06599664927436881,-0.8828162337175963,-1.0495008719737637,0.23238544103697253,-0.997471732522988,-0.7457150152420878,0.9841231756854657,0
-0.8043672005990544,-1.1099901739376037,1.5251962127575889,-0.11297175756478116,-0.911310674287764,-1.177851894974348,0.38271364074285674,0.853056793629862,0.06161567116835522,0.23238544103697253,-0.7394662468772634,1.1591200899400202,-1.0161329645585022,0
0.21232733076517762,0.9009088760241706,-1.179024470547907,2.389598823322383,-0.23538436605243465,-1.177851894974348,1.6495816066168083,1.4316811360790147,-0.717172963299837,-0.570312581972397,1.066572152642809,-1.4005020826484376,0.9841231756854657,0
-0.12657084635623306,0.9009088760241706,-1.179024470547907,1.5937419924124232,-0.06640278899360229,0.9048055324001227,-0.2507203421941191,-0.8828162337175963,1.223084927745918,-1.143668312693375,0.03455021005991044,0.6829113136444932,-1.0161329645585022,0
0.21232733076517762,-1.1099901739376037,0.17308587110484092,1.974180350515825,0.7785050963005594,-1.177851894974348,2.4413740852880284,-0.3041918912684436,1.055242549627773,-0.2262991435398101,-0.22345527558581418,0.6035431842619053,-1.0161329645585022,0
-0.2960199349169384,0.9009088760241706,0.8491410419312149,1.220362826757017,-0.06640278899360229,-1.177851894974348,0.8577891279455886,0.2744324511807092,0.16903479316396802,-0.45564143582820127,0.29255569570563505,-2.2537094735112566,0.9841231756854657,0
-0.12657084635623306,0.9009088760241706,-1.179024470547907,0.0760787856006744,0.10257878806523006,-1.177851894974348,0.8577891279455886,0.2744324511807092,-1.2542685732779006,0.4617277333253637,0.5505611813513597,-0.9441353386985575,0.9841231756854657,0
0.890123685007999,0.9009088760241706,0.8491410419312149,-0.18359526679842222,0.7785050963005594,-1.177851894974348,0.38271364074285674,0.2744324511807092,-1.4825342075185775,0.4617277333253637,0.03455021005991044,0.8416475724096689,-1.0161329645585022,0
-0.9738162891597597,-1.1099901739376037,0.8491410419312149,0.043625451192102746,-0.5733475201700994,-1.177851894974348,0.06599664927436881,-0.8828162337175963,-0.012234975203628139,-0.2262991435398101,-0.997471732522988,-0.8052411122790287,0.9841231756854657,0
-0.8043672005990544,-1.1099901739376037,-1.179024470547907,0.8254428590902769,-0.5733475201700994,-1.177851894974348,-0.3298995900612411,0.853056793629862,-0.33784918875282943,-0.9143260204049839,-0.4814607612315388,-0.6663468858595001,0.9841231756854657,0
-0.634918112038349,0.9009088760241706,-0.502969299721533,-0.5883854699908837,-0.911310674287764,-1.177851894974348,0.0005945905361260511,0.853056793629862,-1.133422061032836,0.9204123179021463,-0.7394662468772634,0.6432272489531993,0.9841231756854657,0
-0.9738162891597597,-1.1099901739376037,-1.179024470547907,-0.5823843667912452,-0.5733475201700994,-1.177851894974348,-0.09236184645987515,0.2744324511807092,-0.6433223169278531,0.8057411717579506,-0.4814607612315388,-0.24966420660091387,0.9841231756854657,0
0.0428782422044723,-1.1099901739376037,-1.179024470547907,0.7961637924267772,-0.06640278899360229,-1.177851894974348,2.821434475050214,-0.8828162337175963,-0.005521280078902488,0.8057411717579506,0.5505611813513597,-0.7853990799333818,-1.0161329645585022,0
-0.46546902347764374,0.9009088760241706,-1.179024470547907,0.2123827901166753,-0.5733475201700994,0.9048055324001227,0.8577891279455886,0.853056793629862,-1.3851856282100534,0.23238544103697253,-0.4814607612315388,0.38528082845978884,-1.0161329645585022,0
0.890123685007999,0.9009088760241706,1.5251962127575889,-0.4569455175419583,1.4544314045358888,0.9048055324001227,-0.974418667699614,0.2744324511807092,-0.3479197314399179,-0.7996548742607882,0.8085666669970842,-0.6663468858595001,-1.0161329645585022,0
0.890123685007999,0.9009088760241706,0.8491410419312149,1.7131165689547068,0.4405419421828948,-1.177851894974348,-1.1452874845968632,-0.8828162337175963,-0.7440277437987403,-1.487681751125962,1.8405886095799828,-2.2537094735112566,0.9841231756854657,0
-0.46546902347764374,0.9009088760241706,-0.502969299721533,-0.39265475142162,-0.911310674287764,0.9048055324001227,-0.08444392167316296,-0.8828162337175963,-1.4355383416454968,0.23238544103697253,-0.4814607612315388,0.9210157017922567,0.9841231756854657,0
-0.2960199349169384,-1.1099901739376037,0.8491410419312149,-0.4889250806452953,-0.404365943111267,0.9048055324001227,0.38271364074285674,0.2744324511807092,-0.33784918875282943,1.2644257563347332,-0.4814607612315388,-1.4798702120310254,0.9841231756854657,0
-0.634918112038349,0.9009088760241706,0.8491410419312149,0.27027764361634615,-0.06640278899360229,0.9048055324001227,-1.1734752968375586,0.853056793629862,0.7195577933914834,-1.3730106049817663,-0.4814607612315388,0.6035431842619053,0.9841231756854657,0
-0.46546902347764374,-1.1099901739376037,1.5251962127575889,-0.6781493399560036,-0.23538436605243465,0.21058638994196582,-0.7257958293968509,0.853056793629862,-0.10286985938742682,0.003043148748581378,-0.4814607612315388,0.7027533459901402,-1.0161329645585022,0
-0.8043672005990544,0.9009088760241706,-0.502969299721533,0.41469892982870027,-0.7423290972289317,-1.177851894974348,2.4413740852880284,-0.3041918912684436,0.2563128297854033,1.1497546101905376,-0.4814607612315388,-1.3012919209202027,-1.0161329645585022,0
-0.9738162891597597,-1.1099901739376037,1.5251962127575889,-0.20319360645829443,-0.911310674287764,0.9048055324001227,-1.121692068732461,0.853056793629862,0.7430557263280237,-1.143668312693375,-0.4814607612315388,1.0003838311748445,0.9841231756854657,0
-0.634918112038349,-1.1099901739376037,-1.179024470547907,-0.29959027469669897,-0.5733475201700994,0.9048055324001227,0.8577891279455886,1.4316811360790147,0.8773296288225392,1.2644257563347332,-0.4814607612315388,-0.6465048535138531,0.9841231756854657,0
0.7206745964472937,-1.1099901739376037,0.8491410419312149,-0.6764279708803177,0.6095235192417271,0.9048055324001227,-0.8524826259842462,1.4316811360790147,-0.8245920852954493,-0.34097028968400567,0.5505611813513597,0.7622794430270811,0.9841231756854657,0
0.38177641932588297,0.9009088760241706,-0.502969299721533,0.04501518035412431,-0.06640278899360229,-1.177851894974348,0.06599664927436881,0.853056793629862,-0.8044509999212723,-0.2262991435398101,0.29255569570563505,1.4170665104334308,0.9841231756854657,0
-0.634918112038349,0.9009088760241706,-1.179024470547907,-0.10949743465972726,-0.5733475201700994,0.9048055324001227,-0.18737694390042153,1.4316811360790147,-1.1502062988446506,-0.2262991435398101,-0.7394662468772634,-1.182239726846321,0.9841231756854657,0
0.7206745964472937,0.9009088760241706,1.5251962127575889,0.12710395517444323,0.9474866733593919,-1.177851894974348,0.2834228639174858,0.853056793629862,0.6289229092076853,-0.11162799739561437,0.5505611813513597,1.6750129309268411,0.9841231756854657,0
0.21232733076517762,-1.1099901739376037,-1.179024470547907,0.6499421752545316,0.7785050963005594,-1.177851894974348,0.8577891279455886,0.2744324511807092,0.05490197604362957,-0.2262991435398101,1.066572152642809,0.3455967637684949,0.9841231756854657,0
-0.9738162891597597,-1.1099901739376037,-0.502969299721533,-0.4862403765822991,-0.5733475201700994,-1.177851894974348,0.05364468660709778,-1.461440576166749,-1.0931398902844813,0.6910700256137552,-0.4814607612315388,-1.7973427295613766,0.9841231756854657,0
-0.46546902347764374,0.9009088760241706,-0.502969299721533,-0.30041147829243897,-0.5733475201700994,0.9048055324001227,-0.3298995900612411,1.4316811360790147,-0.06594453620143455,-0.2262991435398101,-0.7394662468772634,0.4844909901880236,0.9841231756854657,0
1.398470950690115,-1.1099901739376037,-0.502969299721533,0.3165651001377688,1.1164682504182242,-1.177851894974348,2.603849901911363,-0.8828162337175963,0.001192415045823164,1.379096902478929,1.066572152642809,-2.094973214746081,0.9841231756854657,0
-0.8043672005990544,0.9009088760241706,0.8491410419312149,-0.7397080248828222,-0.5733475201700994,0.9048055324001227,-1.2635812809103435,0.2744324511807092,0.03811773823181484,-1.0289971665491795,-0.7394662468772634,0.6035431842619053,0.9841231756854657,0
-0.634918112038349,-1.1099901739376037,-0.502969299721533,0.6425513428928714,-0.911310674287764,-1.177851894974348,0.8577891279455886,0.2744324511807092,0.24959913466067765,-0.2262991435398101,-0.7394662468772634,1.754381060309429,-1.0161329645585022,0
-0.8043672005990544,0.9009088760241706,-0.502969299721533,-0.9612119024568494,-0.404365943111267,0.9048055324001227,-1.1785427687010546,1.4316811360790147,0.42415520790354816,-0.34097028968400567,-0.4814607612315388,1.5758027691986063,-1.0161329645585022,0
2.2457163934936415,0.9009088760241706,-0.502969299721533,2.1618253721424177,1.9613761357123858,-1.177851894974348,-0.5674373336626071,-0.3041918912684436,0.5215037872120725,-1.2583394588375707,2.356599580871432,0.8614896047553159,0.9841231756854657,0
0.21232733076517762,0.9009088760241706,-0.502969299721533,-0.7372444140956022,-0.06640278899360229,0.9048055324001227,-0.8604005507709583,-0.8828162337175963,-0.8078078474836352,-0.2262991435398101,0.5505611813513597,0.06780831092943747,-1.0161329645585022,0
-0.634918112038349,-1.1099901739376037,-0.502969299721533,0.3640685696759603,-0.5733475201700994,0.9048055324001227,0.06599664927436881,0.853056793629862,0.9411097325074347,-0.45564143582820127,-0.7394662468772634,-1.7973427295613766,-1.0161329645585022,0
-0.46546902347764374,0.9009088760241706,1.5251962127575889,0.17099097041601044,-0.404365943111267,-1.177851894974348,0.8577891279455886,-1.461440576166749,-1.3482603050240614,0.3470565871811683,-0.7394662468772634,0.0479662785837905,0.9841231756854657,0
0.21232733076517762,0.9009088760241706,1.5251962127575889,-0.29984295272615746,-0.5733475201700994,-1.177851894974348,1.9457119936398446,0.853056793629862,0.36708879934337896,2.525808363920885,0.8085666669970842,-0.686188918205147,-1.0161329645585022,0
1.2290218621294098,0.9009088760241706,-1.179024470547907,0.48101112018470626,0.9474866733593919,0.9048055324001227,0.06599664927436881,0.2744324511807092,-0.7977373047965461,-0.570312581972397,0.8085666669970842,1.1789621222856672,0.9841231756854657,0
0.890123685007999,0.9009088760241706,-1.179024470547907,2.542595370159484,0.2715603651240624,-1.177851894974348,-1.042512820865339,0.853056793629862,-0.2035752862583134,-1.487681751125962,0.8085666669970842,0.40512286080543575,0.9841231756854657,0
-0.12657084635623306,-1.1099901739376037,-0.502969299721533,-0.4116687731383695,-0.06640278899360229,-1.177851894974348,-0.4090788379283631,1.4316811360790147,-1.3818287806476905,-0.11162799739561437,0.29255569570563505,0.9011736694466097,0.9841231756854657,0
0.890123685007999,0.9009088760241706,0.8491410419312149,0.1711173094307397,0.6095235192417271,0.9048055324001227,-0.5674373336626071,0.2744324511807092,0.25966967734776614,-0.7996548742607882,1.582583123934258,-0.5076106270943244,-1.0161329645585022,0
0.0428782422044723,-1.1099901739376037,-0.502969299721533,0.43360240490756174,-0.404365943111267,-1.177851894974348,-1.0702255576188315,1.4316811360790147,-0.08944246913797492,-1.2583394588375707,0.5505611813513597,-0.5869787564769122,0.9841231756854657,0
0.5512255078865883,-1.1099901739376037,-1.179024470547907,2.095718482685347,-0.06640278899360229,-1.177851894974348,1.8228258009500713,-1.461440576166749,0.4543668359648142,-0.45564143582820127,0.5505611813513597,0.7225953783357871,0.9841231756854657,0
-0.9738162891597597,-1.1099901739376037,0.8491410419312149,0.09555078624581738,-0.911310674287764,0.9048055324001227,0.06599664927436881,0.2744324511807092,0.3704456469057418,-0.2262991435398101,-0.997471732522988,0.08765034327508442,-1.0161329645585022,0
-0.634918112038349,-1.1099901739376037,0.8491410419312149,0.36537933695377606,-0.404365943111267,-1.177851894974348,0.38271364074285674,1.4316811360790147,-1.4221109513960455,-0.2262991435398101,-0.7394662468772634,-1.102871597463733,0.9841231756854657,0
0.21232733076517762,-1.1099901739376037,0.8491410419312149,-0.6302826457504656,-0.06640278899360229,0.9048055324001227,-0.3504861945066928,0.2744324511807092,0.24959913466067765,0.4617277333253637,-0.22345527558581418,-1.9560789883265524,0.9841231756854657,0
0.7206745964472937,-1.1099901739376037,0.8491410419312149,1.878336415466861,0.7785050963005594,-1.177851894974348,0.6231018372674391,1.4316811360790147,-0.23378691431957943,-0.7996548742607882,0.8085666669970842,-1.3806600503027906,0.9841231756854657,0
-0.8043672005990544,0.9009088760241706,-0.502969299721533,1.596805713519607,-0.23538436605243465,-1.177851894974348,-0.2190486430472703,-0.8828162337175963,-1.4556794270196742,-1.0289971665491795,-0.7394662468772634,-0.6266628211682062,0.9841231756854657,0
-0.46546902347764374,0.9009088760241706,0.8491410419312149,-0.9666286877133652,-0.404365943111267,0.9048055324001227,-1.3395933588627806,1.4316811360790147,-0.8480900182319897,-0.9143260204049839,0.03455021005991044,-1.0036614357354983,0.9841231756854657,0
-0.12657084635623306,-1.1099901739376037,-0.502969299721533,-0.3569955645142941,0.2715603651240624,0.9048055324001227,-0.2507203421941191,-0.8828162337175963,-0.3647039692517326,0.003043148748581378,-0.22345527558581418,1.298014316359549,0.9841231756854657,0
0.7206745964472937,0.9009088760241706,-0.502969299721533,-0.4317250917266352,0.7785050963005594,-1.177851894974348,-0.17154109432699713,1.4316811360790147,-0.48555048149679675,0.23238544103697253,0.29255569570563505,1.238488219322608,0.9841231756854657,0
-0.2960199349169384,0.9009088760241706,0.8491410419312149,0.34319104749195456,-0.911310674287764,0.9048055324001227,-0.7759954725446063,-0.3041918912684436,0.07504306141780712,-1.0289971665491795,-0.7394662468772634,-0.051243883144444294,0.9841231756854657,0
-0.46546902347764374,0.9009088760241706,-0.502969299721533,-0.08787767076418732,-0.5733475201700994,-1.177851894974348,1.1745061194140765,-0.3041918912684436,-1.6705176710108995,1.035083464046342,0.03455021005991044,-0.30919030363785477,0.9841231756854657,0
0.7206745964472937,0.9009088760241706,1.5251962127575889,-0.6137954043283006,0.2715603651240624,0.9048055324001227,-0.5674373336626071,-1.461440576166749,-0.03237606057780569,0.1177142948927768,0.03455021005991044,-1.9362369559809054,0.9841231756854657,0
-0.634918112038349,-1.1099901739376037,-1.179024470547907,-0.3888329962260607,-0.911310674287764,0.9048055324001227,0.6174009314210063,-0.8828162337175963,-1.0495008719737637,1.1497546101905376,-0.4814607612315388,0.5440170872249644,0.9841231756854657,0
1.2290218621294098,-1.1099901739376037,-0.502969299721533,-0.10979748981970919,1.2854498274770565,-1.177851894974348,-0.4090788379283631,0.853056793629862,-1.6537334331990852,-0.45564143582820127,1.3245776382885335,-0.30919030363785477,0.9841231756854657,0
-0.46546902347764374,0.9009088760241706,-0.502969299721533,-0.8048199945989004,-0.911310674287764,-1.177851894974348,-0.4090788379283631,-1.461440576166749,-0.0995130118250634,1.1497546101905376,-0.7394662468772634,-1.102871597463733,0.9841231756854657,0
-0.634918112038349,0.9009088760241706,0.8491410419312149,0.0635238460119569,-0.7423290972289317,-1.177851894974348,-0.2790665129305488,0.853056793629862,0.3738024944681046,-0.570312581972397,0.03455021005991044,-2.154499311783022,0.9841231756854657,0
-0.8043672005990544,-1.1099901739376037,0.8491410419312149,1.8967819116173288,-0.5733475201700994,-1.177851894974348,0.38271364074285674,0.853056793629862,0.6289229092076853,-0.9143260204049839,-0.4814607612315388,-1.12271362980938,-1.0161329645585022,0
-0.46546902347764374,0.9009088760241706,0.8491410419312149,-0.8072204358787559,-0.911310674287764,0.9048055324001227,-0.8635677206856432,0.853056793629862,0.29995184809612124,0.003043148748581378,-0.7394662468772634,-1.162397694500674,0.9841231756854657,0
0.0428782422044723,0.9009088760241706,0.8491410419312149,-0.3769255440878305,0.10257878806523006,0.9048055324001227,-1.0608824063705111,1.4316811360790147,0.5080763969626206,-1.0289971665491795,0.5505611813513597,-0.17029607721832604,0.9841231756854657,0
-0.46546902347764374,-1.1099901739376037,1.5251962127575889,1.222921191805284,-0.911310674287764,-1.177851894974348,0.8577891279455886,-0.3041918912684436,0.2831676102843065,-0.45564143582820127,-0.4814607612315388,0.801963507718375,0.9841231756854657,0
0.7206745964472937,0.9009088760241706,0.8491410419312149,1.7886988845164702,1.2854498274770565,-1.177851894974348,2.0177651091989257,1.4316811360790147,0.03140404310708919,-0.2262991435398101,0.5505611813513597,-0.30919030363785477,0.9841231756854657,0
-0.2960199349169384,0.9009088760241706,0.8491410419312149,1.0249795404782587,-0.5733475201700994,-1.177851894974348,-0.6246047506226691,-0.3041918912684436,0.2965950005337584,-1.143668312693375,-0.7394662468772634,0.9011736694466097,-1.0161329645585022,0
0.0428782422044723,0.9009088760241706,1.5251962127575889,0.17294922514431355,0.6095235192417271,0.9048055324001227,1.3328646151483206,1.4316811360790147,0.4812216164637174,0.6910700256137552,0.8085666669970842,-0.7853990799333818,0.9841231756854657,0
-0.12657084635623306,0.9009088760241706,-1.179024470547907,0.13837971223902726,0.10257878806523006,-1.177851894974348,0.38271364074285674,-0.8828162337175963,-0.5963264510547723,0.003043148748581378,0.29255569570563505,0.38528082845978884,-1.0161329645585022,0
-0.8043672005990544,0.9009088760241706,1.5251962127575889,-0.4890356272831834,-0.23538436605243465,0.21058638994196582,0.8577891279455886,-0.8828162337175963,0.48457846402608024,1.952452633199907,-0.4814607612315388,1.317856348705196,-1.0161329645585022,0
0.38177641932588297,0.9009088760241706,0.8491410419312149,-0.5265425222809244,0.2715603651240624,0.9048055324001227,-0.5674373336626071,-0.8828162337175963,1.0351014642535956,-0.11162799739561437,0.8085666669970842,0.08765034327508442,0.9841231756854657,0
0.0428782422044723,-1.1099901739376037,-1.179024470547907,-0.13024861782900374,-0.404365943111267,-1.177851894974348,-0.25990513494670525,0.2744324511807092,0.1488937077897905,-0.34097028968400567,-0.22345527558581418,0.38528082845978884,0.9841231756854657,0
0.5512255078865883,-1.1099901739376037,-1.179024470547907,-0.2034462844877529,-0.06640278899360229,0.9048055324001227,-0.7257958293968509,0.853056793629862,-1.0629282622232152,-0.7996548742607882,0.8085666669970842,-1.182239726846321,-1.0161329645585022,0
-0.9738162891597597,-1.1099901739376037,0.8491410419312149,-0.5636704002344776,-0.911310674287764,0.9048055324001227,-0.7257958293968509,-0.8828162337175963,0.7195577933914834,-0.34097028968400567,-0.4814607612315388,0.06780831092943747,-1.0161329645585022,0
-0.46546902347764374,-1.1099901739376037,-1.179024470547907,-0.35378971201553977,-0.911310674287764,0.9048055324001227,-0.5674373336626071,0.853056793629862,-0.448625158310805,-0.45564143582820127,-0.7394662468772634,0.7027533459901402,0.9841231756854657,0
-0.9738162891597597,0.9009088760241706,-0.502969299721533,-0.10629158216097298,-0.911310674287764,-1.177851894974348,0.38271364074285674,-0.8828162337175963,-0.18679104844649927,0.23238544103697253,-0.7394662468772634,0.9210157017922567,0.9841231756854657,0
1.0595727735687044,-1.1099901739376037,-0.502969299721533,-0.10583360323257951,0.9474866733593919,-1.177851894974348,0.07343949857387827,0.853056793629862,0.7329851836409347,0.003043148748581378,0.03455021005991044,0.9805417988291976,-1.0161329645585022,0
-1.143265377720465,0.9009088760241706,0.8491410419312149,-0.6737748515710038,-0.911310674287764,0.9048055324001227,-1.01084112171849,0.2744324511807092,0.021333500420000717,-0.570312581972397,-0.7394662468772634,-1.202081759191968,0.9841231756854657,0
1.2290218621294098,0.9009088760241706,-1.179024470547907,0.12025006362538238,1.1164682504182242,-1.177851894974348,0.5272949473482215,-0.3041918912684436,-1.536243768516384,0.1177142948927768,1.066572152642809,0.9011736694466097,-1.0161329645585022,0
-0.634918112038349,0.9009088760241706,-0.502969299721533,0.5558669864117767,-0.404365943111267,-1.177851894974348,-0.8592920413008186,1.4316811360790147,-1.0427871768490378,-1.143668312693375,-0.4814607612315388,-0.6663468858595001,-1.0161329645585022,0
-0.8043672005990544,-1.1099901739376037,0.8491410419312149,-0.3015327370481609,-0.404365943111267,-1.177851894974348,-0.09236184645987515,0.853056793629862,0.25966967734776614,0.1177142948927768,-0.7394662468772634,0.3455967637684949,0.9841231756854657,0
0.38177641932588297,-1.1099901739376037,-0.502969299721533,0.08179562601717218,0.6095235192417271,-1.177851894974348,-0.6394904492216881,0.2744324511807092,-1.4556794270196742,-0.7996548742607882,0.8085666669970842,1.35754041339649,0.9841231756854657,0
0.38177641932588297,-1.1099901739376037,0.8491410419312149,-0.5421295982231434,0.4405419421828948,0.9048055324001227,-0.2507203421941191,-0.8828162337175963,-0.47883678637207105,0.4617277333253637,0.8085666669970842,-2.134657279437375,-1.0161329645585022,0
0.0428782422044723,0.9009088760241706,-0.502969299721533,0.843193490659734,-0.404365943111267,-1.177851894974348,0.8577891279455886,-0.8828162337175963,0.635636604332411,-0.34097028968400567,-0.22345527558581418,0.4448069254967297,0.9841231756854657,0
0.21232733076517762,-1.1099901739376037,-0.502969299721533,-0.6629728658116545,0.10257878806523006,0.9048055324001227,-0.963333572998217,1.4316811360790147,-1.6503765856367223,-0.570312581972397,0.5505611813513597,0.6829113136444932,-1.0161329645585022,0
-0.8043672005990544,-1.1099901739376037,1.5251962127575889,-0.16071211275558994,-0.911310674287764,-1.177851894974348,-0.8841543251310949,-1.461440576166749,0.001192415045823164,-0.9143260204049839,-0.7394662468772634,-0.011559818453150373,-1.0161329645585022,0
-0.8043672005990544,0.9009088760241706,-0.502969299721533,0.1353001987550022,-0.911310674287764,-1.177851894974348,0.25745207061706976,0.853056793629862,0.014619805295275064,-0.11162799739561437,-0.7394662468772634,-0.5076106270943244,0.9841231756854657,0
0.890123685007999,0.9009088760241706,-1.179024470547907,2.449262423028263,0.6095235192417271,-1.177851894974348,-1.2912940176638361,1.4316811360790147,0.7598399641398379,-1.487681751125962,0.5505611813513597,0.5440170872249644,-1.0161329645585022,0
1.5679200392508204,-1.1099901739376037,-0.502969299721533,-0.1081077054977057,1.1164682504182242,-1.177851894974348,1.3328646151483206,-0.3041918912684436,-0.33449234119046656,1.2644257563347332,0.8085666669970842,0.782121475372728,0.9841231756854657,0
2.923512747736463,-1.1099901739376037,1.5251962127575889,-0.5642705105544414,3.4822103292418767,0.9048055324001227,-0.2507203421941191,0.853056793629862,-1.2542685732779006,0.4617277333253637,2.356599580871432,2.091695610185427,0.9841231756854657,0
-0.12657084635623306,-1.1099901739376037,0.8491410419312149,0.5751968556653493,0.2715603651240624,0.9048055324001227,1.2247057625618318,0.853056793629862,0.10189784191671032,0.1177142948927768,0.03455021005991044,0.08765034327508442,-1.0161329645585022,0
-0.634918112038349,0.9009088760241706,0.8491410419312149,-0.10946584990604495,-0.404365943111267,-1.177851894974348,-0.7257958293968509,-1.461440576166749,-1.338189762336973,-0.7996548742607882,-0.7394662468772634,-1.9362369559809054,0.9841231756854657,0
4.279105456222106,0.9009088760241706,0.8491410419312149,-0.45380283455056863,4.158136637477206,0.9048055324001227,0.0026532509806712224,-0.8828162337175963,-0.4284840729366275,0.5763988794695595,3.130616037808606,0.7027533459901402,0.9841231756854657,0
0.38177641932588297,-1.1099901739376037,0.8491410419312149,-0.3239579121625997,0.6095235192417271,-1.177851894974348,-0.17154109432699713,0.2744324511807092,0.34359086640683856,0.003043148748581378,1.066572152642809,0.9210157017922567,0.9841231756854657,0
0.38177641932588297,-1.1099901739376037,-1.179024470547907,1.0245057691730242,0.10257878806523006,-1.177851894974348,1.3936742775102702,0.853056793629862,-0.41841353024953903,-0.11162799739561437,0.8085666669970842,0.46464895784237664,-1.0161329645585022,0
0.21232733076517762,-1.1099901739376037,-0.502969299721533,0.8030018915989969,-0.23538436605243465,-1.177851894974348,-0.7343471881665001,-0.3041918912684436,0.1253957748532507,-1.143668312693375,-0.22345527558581418,-0.30919030363785477,0.9841231756854657,0
-0.8043672005990544,0.9009088760241706,0.8491410419312149,-0.04482765149520128,-0.911310674287764,0.9048055324001227,-0.747174226320974,-0.8828162337175963,-0.008878127641265313,-0.9143260204049839,-0.4814607612315388,0.22654456969461315,0.9841231756854657,0
1.7373691278115257,0.9009088760241706,-0.502969299721533,0.2633605825599207,1.7923945586535535,0.9048055324001227,-1.121692068732461,1.4316811360790147,-0.015591822765990965,-1.2583394588375707,1.8405886095799828,1.694854963272488,-1.0161329645585022,0
-0.8043672005990544,-1.1099901739376037,-0.502969299721533,-0.13557064882447264,-0.23538436605243465,-1.177851894974348,-0.8841543251310949,0.2744324511807092,-1.0092187012254088,-0.9143260204049839,-0.7394662468772634,-2.273551505856904,0.9841231756854657,0
-0.2960199349169384,0.9009088760241706,-1.179024470547907,0.33006758233695555,-0.23538436605243465,-1.177851894974348,-0.22427447340650036,-1.461440576166749,-0.13643833501105568,-0.6849837281165926,0.03455021005991044,0.08765034327508442,-1.0161329645585022,0
0.5512255078865883,0.9009088760241706,-0.502969299721533,-0.3961290743266739,0.7785050963005594,0.9048055324001227,-0.2507203421941191,0.2744324511807092,-0.029019213015442864,0.1177142948927768,1.066572152642809,-0.09092794783573821,0.9841231756854657,0
-0.2960199349169384,-1.1099901739376037,1.5251962127575889,-0.48398206669401406,-0.7423290972289317,0.9048055324001227,0.38271364074285674,0.2744324511807092,-0.11965409719924096,1.1497546101905376,-0.7394662468772634,1.3773824457421369,0.9841231756854657,0
-0.634918112038349,0.9009088760241706,0.8491410419312149,0.7414589990490195,-0.911310674287764,-1.177851894974348,1.6495816066168083,1.4316811360790147,0.15896425047687956,0.23238544103697253,-0.7394662468772634,0.305912699077201,0.9841231756854657,0
0.38177641932588297,-1.1099901739376037,-1.179024470547907,-0.37086127138082736,0.4405419421828948,-1.177851894974348,-0.5674373336626071,0.853056793629862,-1.3113349818380697,-0.34097028968400567,0.03455021005991044,0.08765034327508442,0.9841231756854657,0
-0.9738162891597597,-1.1099901739376037,-1.179024470547907,-0.6750540340951373,-0.911310674287764,0.21058638994196582,-1.042512820865339,0.853056793629862,-0.20021843869595057,-0.6849837281165926,-0.997471732522988,1.0003838311748445,-1.0161329645585022,0
-0.634918112038349,0.9009088760241706,-1.179024470547907,0.4297964420888436,-0.5733475201700994,-1.177851894974348,-1.042512820865339,0.2744324511807092,-1.5933101770765532,-1.2583394588375707,-0.997471732522988,-0.38855843302044263,0.9841231756854657,0
0.890123685007999,0.9009088760241706,1.5251962127575889,1.8771835719574566,0.2715603651240624,0.9048055324001227,-0.634264618862458,-0.8828162337175963,-1.1300652134704734,-1.2583394588375707,1.066572152642809,0.028124246238143545,0.9841231756854657,0
-0.12657084635623306,0.9009088760241706,-0.502969299721533,0.2732624028393243,-0.911310674287764,-1.177851894974348,0.8577891279455886,-0.8828162337175963,1.5352717510456675,0.1177142948927768,-0.7394662468772634,-1.102871597463733,0.9841231756854657,0
-0.2960199349169384,0.9009088760241706,-1.179024470547907,0.08591743637271339,-0.23538436605243465,-1.177851894974348,-0.4090788379283631,-1.461440576166749,-1.2240569452166343,-0.6849837281165926,-0.22345527558581418,-0.9838194033898514,0.9841231756854657,0
1.398470950690115,-1.1099901739376037,-1.179024470547907,-0.5633703450744957,0.9474866733593919,0.9048055324001227,-1.121692068732461,1.4316811360790147,-0.41841353024953903,-0.9143260204049839,1.8405886095799828,0.16701847265767225,0.9841231756854657,0
-0.634918112038349,0.9009088760241706,-1.179024470547907,-0.4964580443985258,-0.911310674287764,-1.177851894974348,-0.5674373336626071,0.2744324511807092,-1.0159323963501345,-0.2262991435398101,-0.4814607612315388,0.10749237562073138,0.9841231756854657,0
-0.9738162891597597,0.9009088760241706,-1.179024470547907,-0.3321383633663175,-0.911310674287764,0.9048055324001227,-0.7257958293968509,-1.461440576166749,0.0045492626081859895,-0.6849837281165926,-0.7394662468772634,-0.07108591549009124,-1.0161329645585022,0
-0.46546902347764374,0.9009088760241706,0.8491410419312149,0.14130130195464077,-0.911310674287764,0.9048055324001227,0.6994306322113446,0.853056793629862,0.6792756226431284,0.23238544103697253,-0.7394662468772634,0.4844909901880236,-1.0161329645585022,0
-1.143265377720465,0.9009088760241706,-0.502969299721533,-0.4467278497257316,-0.7423290972289317,0.9048055324001227,-0.4090788379283631,-0.8828162337175963,1.347288287553345,0.003043148748581378,-0.4814607612315388,-1.5790803737592602,0.9841231756854657,0
-0.12657084635623306,0.9009088760241706,0.8491410419312149,-0.3920862258553385,-0.06640278899360229,-1.177851894974348,0.8577891279455886,1.4316811360790147,1.3338608973038937,1.4937680486231246,0.29255569570563505,-1.4401861473397315,-1.0161329645585022,0
-0.2960199349169384,-1.1099901739376037,-0.502969299721533,-0.547925400523847,0.10257878806523006,0.9048055324001227,-0.09236184645987515,0.2744324511807092,-0.4687662436849826,0.6910700256137552,-0.4814607612315388,0.9210157017922567,-1.0161329645585022,0
-0.8043672005990544,0.9009088760241706,-0.502969299721533,-0.6821606036736567,-0.911310674287764,0.9048055324001227,-0.8694269850278102,-0.8828162337175963,1.0720267874395872,-0.34097028968400567,-0.4814607612315388,-2.3727616675851384,0.9841231756854657,0
-0.634918112038349,-1.1099901739376037,1.5251962127575889,-0.49100967438832765,-0.5733475201700994,0.9048055324001227,0.22435514500861276,0.853056793629862,-0.008878127641265313,1.035083464046342,-0.4814607612315388,0.6829113136444932,0.9841231756854657,0
-0.2960199349169384,0.9009088760241706,-0.502969299721533,-0.7173776040294303,-0.404365943111267,0.9048055324001227,-0.6961827906945474,0.2744324511807092,0.34359086640683856,0.1177142948927768,-0.4814607612315388,1.298014316359549,-1.0161329645585022,0
0.21232733076517762,0.9009088760241706,-0.502969299721533,-0.4502021726307855,-0.404365943111267,0.9048055324001227,-0.08951139353665877,0.853056793629862,0.5684996530851527,0.4617277333253637,-0.22345527558581418,-1.9759210206721993,-1.0161329645585022,0
-0.634918112038349,0.9009088760241706,-0.502969299721533,0.038666644863980366,-0.911310674287764,-1.177851894974348,-0.8841543251310949,-0.8828162337175963,-0.14315203013578132,-1.0289971665491795,-0.22345527558581418,0.286070666731554,0.9841231756854657,0
-0.9738162891597597,0.9009088760241706,0.8491410419312149,-0.10621262027676721,-0.911310674287764,-1.177851894974348,1.2536853672811985,-1.461440576166749,-1.0495008719737637,1.1497546101905376,-0.7394662468772634,-2.194183376474316,0.9841231756854657,0
-0.8043672005990544,0.9009088760241706,0.8491410419312149,-0.4859719061759995,-0.911310674287764,0.9048055324001227,0.06599664927436881,-0.8828162337175963,0.001192415045823164,0.6910700256137552,-0.997471732522988,-2.5513399586959613,0.9841231756854657,0
-0.46546902347764374,-1.1099901739376037,-0.502969299721533,-0.33272268130944027,-0.7423290972289317,0.9048055324001227,-0.5674373336626071,-0.8828162337175963,-0.08944246913797492,-0.45564143582820127,-0.4814607612315388,0.7622794430270811,-1.0161329645585022,0
0.5512255078865883,-1.1099901739376037,-0.502969299721533,-0.07377507824503672,-0.06640278899360229,0.9048055324001227,-0.0885612425622533,0.2744324511807092,0.19924642122523406,-0.2262991435398101,0.8085666669970842,-0.22982217425526694,0.9841231756854657,0
-0.2960199349169384,0.9009088760241706,1.5251962127575889,1.0246794853182768,-0.23538436605243465,-1.177851894974348,0.06599664927436881,-0.3041918912684436,0.3738024944681046,-0.7996548742607882,-0.7394662468772634,-1.658448503141848,-1.0161329645585022,0
0.7206745964472937,-1.1099901739376037,-1.179024470547907,-0.07113775131256399,0.6095235192417271,0.9048055324001227,-1.042512820865339,0.853056793629862,-1.1099241280962957,-1.143668312693375,0.8085666669970842,0.4448069254967297,0.9841231756854657,0
0.7206745964472937,0.9009088760241706,-0.502969299721533,-0.23765257272569265,-0.06640278899360229,-1.177851894974348,-1.296994923510269,1.4316811360790147,0.021333500420000717,-1.3730106049817663,0.03455021005991044,1.5559607368529593,0.9841231756854657,0
-0.2960199349169384,0.9009088760241706,-0.502969299721533,-0.5584589158768968,-0.7423290972289317,-1.177851894974348,0.38271364074285674,1.4316811360790147,0.021333500420000717,1.4937680486231246,-0.22345527558581418,-0.8052411122790287,0.9841231756854657,0
0.5512255078865883,0.9009088760241706,-1.179024470547907,1.0282011853538542,0.4405419421828948,-1.177851894974348,-0.3793074407303252,-1.461440576166749,-0.388201902188273,-1.0289971665491795,0.8085666669970842,-1.5989224061049072,0.9841231756854657,0
-0.634918112038349,0.9009088760241706,-0.502969299721533,1.0302541943432042,-0.911310674287764,-1.177851894974348,-0.5674373336626071,1.4316811360790147,0.6624913848313142,-1.143668312693375,-0.4814607612315388,-0.4282424977117365,0.9841231756854657,0
-0.9738162891597597,0.9009088760241706,0.8491410419312149,-0.7722245287987585,-0.5733475201700994,0.9048055324001227,-1.0436213303354787,-0.8828162337175963,0.27981076272194366,-0.45564143582820127,-0.7394662468772634,-0.051243883144444294,0.9841231756854657,0
-0.12657084635623306,0.9009088760241706,-0.502969299721533,0.17315452604324855,0.2715603651240624,-1.177851894974348,-0.3774071387815143,-1.461440576166749,-0.14986572526050698,-0.6849837281165926,0.03455021005991044,1.0995939929030794,0.9841231756854657,0
-0.8043672005990544,-1.1099901739376037,0.8491410419312149,0.2712251862268154,-0.911310674287764,0.9048055324001227,0.38271364074285674,-0.8828162337175963,0.3637319517810161,-0.2262991435398101,-0.22345527558581418,-0.011559818453150373,0.9841231756854657,0
-0.634918112038349,-1.1099901739376037,0.8491410419312149,-0.30304880522491173,-0.5733475201700994,0.9048055324001227,-0.7257958293968509,-1.461440576166749,-0.07937192645088645,-0.6849837281165926,-0.7394662468772634,0.4249648931510827,-1.0161329645585022,0
1.0595727735687044,0.9009088760241706,-1.179024470547907,7.843764635821246,0.6095235192417271,-1.177851894974348,0.8465456747484573,-1.461440576166749,1.2029438423717405,-1.2583394588375707,0.8085666669970842,0.3654387961141419,-1.0161329645585022,0
-0.12657084635623306,0.9009088760241706,1.5251962127575889,-0.29050965801303535,-0.7423290972289317,0.9048055324001227,-1.2800505644667048,-1.461440576166749,0.4040141225293712,-1.3730106049817663,-0.22345527558581418,1.278172284013902,0.9841231756854657,0
-0.46546902347764374,-1.1099901739376037,-0.502969299721533,1.502209376241094,-0.911310674287764,-1.177851894974348,-0.40607002650941243,-0.3041918912684436,-0.022305517890717212,-1.143668312693375,-0.7394662468772634,-1.3409759856114967,-1.0161329645585022,0
4.1096563676614,-1.1099901739376037,1.5251962127575889,-0.37882062930876903,4.327118214536038,0.9048055324001227,-0.7371976410897165,-0.8828162337175963,0.18246218341341994,-0.570312581972397,5.710670894265851,-0.09092794783573821,0.9841231756854657,0
0.0428782422044723,0.9009088760241706,0.8491410419312149,-0.7758883602259061,-0.404365943111267,0.9048055324001227,-0.8824123816780183,0.853056793629862,0.021333500420000717,-0.11162799739561437,0.8085666669970842,1.1392780575943733,0.9841231756854657,0
1.0595727735687044,0.9009088760241706,0.17308587110484092,1.5956528700102028,0.6095235192417271,-1.177851894974348,0.06599664927436881,0.2744324511807092,0.5382880250238866,-0.9143260204049839,1.066572152642809,1.0202258635204915,0.9841231756854657,0
-0.46546902347764374,-1.1099901739376037,-1.179024470547907,-0.11404563918997963,-0.404365943111267,-1.177851894974348,1.4120438630154424,-0.8828162337175963,0.9377528849450718,1.2644257563347332,-0.997471732522988,-0.26950623894656084,0.9841231756854657,0
1.0595727735687044,0.9009088760241706,-0.502969299721533,-0.5147929939111057,1.4544314045358888,-1.177851894974348,-0.2507203421941191,-0.8828162337175963,-0.029019213015442864,0.3470565871811683,0.8085666669970842,1.4369085427790778,0.9841231756854657,0
-0.8043672005990544,-1.1099901739376037,1.5251962127575889,-0.14389323141976085,-0.7423290972289317,-1.177851894974348,-0.8841543251310949,0.2744324511807092,-1.0092187012254088,-0.9143260204049839,-0.7394662468772634,0.46464895784237664,0.9841231756854657,0
2.923512747736463,-1.1099901739376037,0.8491410419312149,-0.573240580600217,3.144247175124212,0.9048055324001227,0.06599664927436881,0.2744324511807092,-0.25392799969375696,1.035083464046342,2.356599580871432,0.26622863438590705,0.9841231756854657,0
0.38177641932588297,-1.1099901739376037,0.8491410419312149,-0.11022388399442035,0.2715603651240624,0.9048055324001227,0.38271364074285674,0.853056793629862,0.14218001266506483,0.23238544103697253,1.066572152642809,0.286070666731554,0.9841231756854657,0
2.2457163934936415,0.9009088760241706,0.8491410419312149,0.7815400514718686,2.130357712771218,0.9048055324001227,-0.9231105150817189,1.4316811360790147,0.6289229092076853,-1.2583394588375707,1.582583123934258,0.7225953783357871,-1.0161329645585022,0
-0.634918112038349,-1.1099901739376037,0.8491410419312149,0.17441791619054087,-0.911310674287764,-1.177851894974348,0.38271364074285674,-0.3041918912684436,-1.4556794270196742,-0.11162799739561437,-0.4814607612315388,-0.011559818453150373,-1.0161329645585022,0
-0.12657084635623306,0.9009088760241706,-0.502969299721533,-0.40487805109667324,-0.404365943111267,0.21058638994196582,1.6495816066168083,1.4316811360790147,-0.2673553899432083,2.640479510065081,0.29255569570563505,-1.2219237915376149,0.9841231756854657,0
-0.634918112038349,0.9009088760241706,1.5251962127575889,-0.2984532235641359,-0.5733475201700994,0.9048055324001227,-0.4090788379283631,1.4316811360790147,0.11532523216616163,-0.34097028968400567,-0.7394662468772634,1.4567505751247247,-1.0161329645585022,0
-0.2960199349169384,-1.1099901739376037,-1.179024470547907,-0.7355862145272809,-0.911310674287764,0.9048055324001227,-1.1096568230566584,-0.8828162337175963,0.6322797567700481,-0.6849837281165926,-0.22345527558581418,1.317856348705196,-1.0161329645585022,0
-0.46546902347764374,-1.1099901739376037,-1.179024470547907,1.7884146217333294,-0.404365943111267,0.9048055324001227,1.6495816066168083,0.853056793629862,1.162661671623386,-0.45564143582820127,-0.997471732522988,1.0400678958661385,-1.0161329645585022,0
-0.8043672005990544,0.9009088760241706,0.8491410419312149,-0.0006721658473344584,-0.7423290972289317,-1.177851894974348,1.1428344202672278,0.853056793629862,0.6859893177678545,0.8057411717579506,-0.997471732522988,-0.2893482712922078,-1.0161329645585022,0
-0.9738162891597597,-1.1099901739376037,0.8491410419312149,-0.4298931760130613,-0.911310674287764,0.9048055324001227,-0.5674373336626071,1.4316811360790147,-1.136778908595199,-0.34097028968400567,-0.4814607612315388,-2.8092863791893716,0.9841231756854657,0
-0.46546902347764374,0.9009088760241706,-0.502969299721533,-0.1871801363413642,-0.23538436605243465,-1.177851894974348,-0.2507203421941191,-0.8828162337175963,-1.1233515183457474,-0.2262991435398101,-0.4814607612315388,0.7225953783357871,0.9841231756854657,0
-0.46546902347764374,-1.1099901739376037,1.5251962127575889,-0.5422717296147138,-0.7423290972289317,0.9048055324001227,-0.450568763810735,0.853056793629862,-0.6298949266784012,0.1177142948927768,-0.22345527558581418,1.278172284013902,0.9841231756854657,0
-0.8043672005990544,0.9009088760241706,-0.502969299721533,-0.17138775950021012,-0.911310674287764,-1.177851894974348,0.2886486942767158,0.2744324511807092,-0.23714376188194225,0.3470565871811683,-0.4814607612315388,-1.4600281796853785,0.9841231756854657,0
-0.46546902347764374,-1.1099901739376037,-0.502969299721533,-0.5052228135453664,-0.06640278899360229,0.9048055324001227,-0.06813299661253583,0.2744324511807092,-0.26399854238084547,0.5763988794695595,-0.22345527558581418,0.3455967637684949,0.9841231756854657,0
-0.46546902347764374,0.9009088760241706,-0.502969299721533,0.05798072174071181,-0.911310674287764,-1.177851894974348,-0.8524826259842462,-0.3041918912684436,-0.7272435059869256,-1.0289971665491795,-0.4814607612315388,0.9805417988291976,0.9841231756854657,0
-0.634918112038349,0.9009088760241706,0.8491410419312149,0.6521057308817696,-0.5733475201700994,-1.177851894974348,0.539963627006961,-0.8828162337175963,0.0851136041048956,-0.34097028968400567,-0.4814607612315388,0.4844909901880236,-1.0161329645585022,0
-0.9738162891597597,0.9009088760241706,-0.502969299721533,-0.7170301717389249,-0.5733475201700994,0.9048055324001227,-0.8841543251310949,1.4316811360790147,0.6255660616453219,-0.2262991435398101,-0.7394662468772634,-0.15045404487267908,0.9841231756854657,0
0.0428782422044723,-1.1099901739376037,-1.179024470547907,0.234081515896421,0.2715603651240624,-1.177851894974348,0.5410721364771007,-0.8828162337175963,0.001192415045823164,0.003043148748581378,0.8085666669970842,-0.011559818453150373,-1.0161329645585022,0
0.0428782422044723,0.9009088760241706,1.5251962127575889,-0.5742197079643685,0.6095235192417271,0.9048055324001227,0.06599664927436881,0.2744324511807092,-0.14986572526050698,1.035083464046342,0.8085666669970842,-0.17029607721832604,0.9841231756854657,0
-0.12657084635623306,0.9009088760241706,1.5251962127575889,0.07838447261948289,0.2715603651240624,0.9048055324001227,-0.39973568668004267,-0.3041918912684436,0.6591345372689513,-0.6849837281165926,-0.7394662468772634,1.4567505751247247,0.9841231756854657,0
0.38177641932588297,0.9009088760241706,-1.179024470547907,0.08261682961291218,0.2715603651240624,0.9048055324001227,0.5494651367510156,-0.8828162337175963,-0.7910236096718204,0.1177142948927768,0.5505611813513597,-1.142555662155027,0.9841231756854657,0
-0.46546902347764374,0.9009088760241706,-1.179024470547907,-0.49322060714608923,-0.23538436605243465,-1.177851894974348,-0.7257958293968509,0.2744324511807092,0.5382880250238866,-0.45564143582820127,-0.4814607612315388,0.46464895784237664,-1.0161329645585022,0
-0.2960199349169384,-1.1099901739376037,-0.502969299721533,-0.6410688391329737,0.10257878806523006,0.9048055324001227,-0.7257958293968509,0.2744324511807092,-1.3482603050240614,-0.11162799739561437,-0.997471732522988,0.4844909901880236,0.9841231756854657,0
-0.12657084635623306,0.9009088760241706,-0.502969299721533,-0.14768340186163784,-0.404365943111267,0.21058638994196582,-0.4882580857954851,0.2744324511807092,0.9881055983805148,-0.570312581972397,0.5505611813513597,0.9805417988291976,0.9841231756854657,0
-0.8043672005990544,-1.1099901739376037,-1.179024470547907,0.6507791712271127,-0.404365943111267,-1.177851894974348,2.4413740852880284,1.4316811360790147,0.19588957366287124,0.8057411717579506,-0.4814607612315388,0.5837011519162584,0.9841231756854657,0
-0.2960199349169384,0.9009088760241706,0.8491410419312149,-0.4917203313461796,-0.911310674287764,-1.177851894974348,-0.963333572998217,1.4316811360790147,-0.8078078474836352,-0.7996548742607882,0.29255569570563505,-1.5592383414136133,-1.0161329645585022,0
0.5512255078865883,0.9009088760241706,0.8491410419312149,0.7809241487750636,-0.06640278899360229,-1.177851894974348,0.38271364074285674,-0.8828162337175963,0.8874001715096282,-0.570312581972397,1.066572152642809,-0.9838194033898514,0.9841231756854657,0
-0.9738162891597597,-1.1099901739376037,1.5251962127575889,-0.4858297747844291,-0.911310674287764,0.9048055324001227,-0.5674373336626071,-1.461440576166749,0.4174415127788225,-0.2262991435398101,-0.4814607612315388,1.6750129309268411,-1.0161329645585022,0
1.5679200392508204,-1.1099901739376037,0.8491410419312149,-0.9225679563265453,1.7923945586535535,0.9048055324001227,-1.359229812333827,1.4316811360790147,1.6191929401047398,-1.0289971665491795,1.582583123934258,-0.9242933063529105,0.9841231756854657,0
1.398470950690115,0.9009088760241706,0.8491410419312149,-0.24409586247688353,1.1164682504182242,0.9048055324001227,0.38271364074285674,-1.461440576166749,0.0716862138554443,0.5763988794695595,0.29255569570563505,-0.9639773710442044,0.9841231756854657,0
1.5679200392508204,-1.1099901739376037,-1.179024470547907,-0.5601802849525825,1.6234129815947211,-1.177851894974348,-0.7574675285436998,1.4316811360790147,-0.14650887769814416,-0.34097028968400567,2.098594095225707,0.8416475724096689,0.9841231756854657,0
0.21232733076517762,0.9009088760241706,-0.502969299721533,1.5138167732193424,0.2715603651240624,-1.177851894974348,-1.1579561642556027,0.2744324511807092,-0.3512765790022807,-1.487681751125962,0.03455021005991044,-0.9838194033898514,0.9841231756854657,0
-0.8043672005990544,0.9009088760241706,-1.179024470547907,-0.3939497263225946,-0.911310674287764,0.9048055324001227,-0.7574675285436998,0.853056793629862,0.7833378970763782,-0.570312581972397,-0.4814607612315388,-2.0552891500547874,-1.0161329645585022,0
0.38177641932588297,0.9009088760241706,-0.502969299721533,1.048478597217896,0.7785050963005594,-1.177851894974348,2.49854150224809,-0.3041918912684436,1.676259348664909,0.3470565871811683,0.8085666669970842,-1.0433455004267922,0.9841231756854657,0
0.7206745964472937,-1.1099901739376037,0.8491410419312149,0.5759706821305658,1.1164682504182242,-1.177851894974348,1.6495816066168083,1.4316811360790147,0.5819270433346045,0.3470565871811683,0.8085666669970842,-0.13061201252703214,0.9841231756854657,0
-0.2960199349169384,-1.1099901739376037,-0.502969299721533,-0.5604487553588822,0.2715603651240624,-1.177851894974348,-0.6624524311031534,0.2744324511807092,-0.9857207682888686,-0.2262991435398101,-0.4814607612315388,0.14717644031202531,0.9841231756854657,0
0.0428782422044723,-1.1099901739376037,-1.179024470547907,0.028685862700370986,-0.5733475201700994,0.9048055324001227,-0.3298995900612411,-0.8828162337175963,-0.4049861400000871,-0.570312581972397,0.29255569570563505,0.10749237562073138,-1.0161329645585022,0
-0.46546902347764374,0.9009088760241706,0.8491410419312149,-0.10482289111474564,-0.911310674287764,0.9048055324001227,-0.18737694390042153,1.4316811360790147,0.571856500647516,-0.34097028968400567,-0.7394662468772634,0.286070666731554,0.9841231756854657,0
-0.634918112038349,0.9009088760241706,0.8491410419312149,-0.507544292941016,-0.911310674287764,0.21058638994196582,-1.2800505644667048,1.4316811360790147,1.5486991412951188,-1.2583394588375707,-0.7394662468772634,-0.44808453005738347,0.9841231756854657,0
-0.46546902347764374,0.9009088760241706,1.5251962127575889,-0.4830819012140683,-0.911310674287764,-1.177851894974348,-0.7775790575019488,0.2744324511807092,0.22274435416177443,-0.570312581972397,-0.7394662468772634,0.0479662785837905,-1.0161329645585022,0
2.754063659175758,-1.1099901739376037,-0.502969299721533,5.114336561610903,1.7923945586535535,0.21058638994196582,0.20155152162288165,1.4316811360790147,0.24624228709831483,-1.2583394588375707,2.098594095225707,0.0479662785837905,0.9841231756854657,0
-0.2960199349169384,0.9009088760241706,-0.502969299721533,0.8406193332346259,-0.911310674287764,-1.177851894974348,2.4413740852880284,0.853056793629862,0.12203892729088728,0.5763988794695595,-0.4814607612315388,0.10749237562073138,-1.0161329645585022,0
-0.46546902347764374,-1.1099901739376037,0.8491410419312149,-0.11112404947436613,-0.23538436605243465,-1.177851894974348,0.06599664927436881,-0.8828162337175963,0.3234497810326616,0.003043148748581378,-0.4814607612315388,-0.7457150152420878,0.9841231756854657,0
0.5512255078865883,0.9009088760241706,-1.179024470547907,1.59260494127986,0.9474866733593919,-1.177851894974348,2.3389161385479724,0.853056793629862,-0.008878127641265313,-0.11162799739561437,0.8085666669970842,0.6630692812988462,0.9841231756854657,0
0.21232733076517762,0.9009088760241706,-1.179024470547907,-0.6338675152934075,-0.23538436605243465,-1.177851894974348,-1.042512820865339,1.4316811360790147,-0.3076375606915634,-0.6849837281165926,0.29255569570563505,-0.24966420660091387,0.9841231756854657,0
2.0762673049329363,0.9009088760241706,-0.502969299721533,0.6501000990229431,1.6234129815947211,-1.177851894974348,-1.133410597416795,-1.461440576166749,-0.34120603631519225,-1.3730106049817663,2.6146050665171567,0.7424374106814341,0.9841231756854657,0
1.0595727735687044,-1.1099901739376037,-0.502969299721533,1.2142669692963315,0.2715603651240624,-1.177851894974348,-0.4090788379283631,1.4316811360790147,0.5684996530851527,-1.143668312693375,-0.22345527558581418,0.22654456969461315,-1.0161329645585022,0
0.890123685007999,0.9009088760241706,-0.502969299721533,-0.5902647628349811,0.6095235192417271,-1.177851894974348,0.06599664927436881,0.2744324511807092,-0.45869570099789353,1.1497546101905376,0.29255569570563505,1.5559607368529593,0.9841231756854657,0
-0.9738162891597597,0.9009088760241706,-1.179024470547907,0.20143867296575552,-0.911310674287764,-1.177851894974348,0.8577891279455886,0.853056793629862,-0.005521280078902488,0.23238544103697253,-0.4814607612315388,-0.7655570475877348,0.9841231756854657,0
0.0428782422044723,-1.1099901739376037,-0.502969299721533,1.1238556118807244,0.4405419421828948,0.9048055324001227,0.22372171102567578,0.853056793629862,0.30330869565848406,-0.7996548742607882,-0.22345527558581418,-0.7853990799333818,-1.0161329645585022,0
0.0428782422044723,-1.1099901739376037,-0.502969299721533,-0.5072284454041929,-0.5733475201700994,-1.177851894974348,-1.0442547643184157,0.2744324511807092,-1.0025050061006833,-0.9143260204049839,0.29255569570563505,-1.0036614357354983,0.9841231756854657,0
0.21232733076517762,0.9009088760241706,-1.179024470547907,-0.09526850312584742,0.10257878806523006,0.9048055324001227,0.38271364074285674,1.4316811360790147,-1.5530280063281983,0.23238544103697253,0.5505611813513597,0.4249648931510827,0.9841231756854657,0
-0.2960199349169384,0.9009088760241706,-0.502969299721533,0.6900548124310629,-0.7423290972289317,-1.177851894974348,0.8577891279455886,-0.3041918912684436,0.9041844093214424,-0.2262991435398101,0.03455021005991044,-0.36871640067479566,-1.0161329645585022,0
1.0595727735687044,0.9009088760241706,1.5251962127575889,-0.48827759319480796,0.7785050963005594,0.9048055324001227,0.38271364074285674,0.2744324511807092,-0.07601507888852362,1.1497546101905376,0.5505611813513597,0.8614896047553159,-1.0161329645585022,0
0.0428782422044723,0.9009088760241706,1.5251962127575889,1.144417286527907,-0.06640278899360229,-1.177851894974348,-0.3199230048299837,-0.3041918912684436,0.6927030128925802,-1.0289971665491795,-0.4814607612315388,0.12733440796637835,-1.0161329645585022,0
1.7373691278115257,-1.1099901739376037,-0.502969299721533,-0.13950295065792,1.6234129815947211,0.9048055324001227,-0.7257958293968509,-1.461440576166749,-0.9387249024157878,-0.7996548742607882,1.066572152642809,1.0003838311748445,-1.0161329645585022,0
2.923512747736463,0.9009088760241706,-1.179024470547907,-0.26048834963800144,2.8062840210065474,0.9048055324001227,-0.5674373336626071,-0.8828162337175963,-0.6332517742407646,-0.570312581972397,1.582583123934258,0.3455967637684949,-1.0161329645585022,0
-0.9738162891597597,0.9009088760241706,1.5251962127575889,-0.7919649998502011,-0.911310674287764,0.9048055324001227,-1.2800505644667048,-0.8828162337175963,0.10861153704143597,-1.0289971665491795,-0.7394662468772634,0.7225953783357871,-1.0161329645585022,0
0.38177641932588297,0.9009088760241706,0.8491410419312149,-0.24267454856117965,0.7785050963005594,-1.177851894974348,-0.5010851239499589,-0.8828162337175963,0.34023401884447574,-0.45564143582820127,1.066572152642809,-0.17029607721832604,0.9841231756854657,0
1.5679200392508204,0.9009088760241706,0.8491410419312149,0.1576937891157587,1.2854498274770565,-1.177851894974348,-0.38279132763647855,0.2744324511807092,-1.4724636648314886,-0.6849837281165926,1.3245776382885335,-0.22982217425526694,0.9841231756854657,0
-0.634918112038349,-1.1099901739376037,-1.179024470547907,-0.7737879741060327,-0.5733475201700994,0.9048055324001227,-1.0032399139232464,0.2744324511807092,0.9209686471332571,-0.34097028968400567,-0.4814607612315388,-0.5274526594399713,-1.0161329645585022,0
0.21232733076517762,-1.1099901739376037,-0.502969299721533,-0.4963948748911612,0.2715603651240624,-1.177851894974348,-1.042512820865339,0.853056793629862,-0.9890776158512313,-0.9143260204049839,0.29255569570563505,1.9924854484571926,-1.0161329645585022,0
0.38177641932588297,-1.1099901739376037,0.8491410419312149,0.5955374370367557,0.10257878806523006,-1.177851894974348,-0.7275377728499277,0.853056793629862,0.7866947446387411,-1.143668312693375,0.8085666669970842,-0.44808453005738347,0.9841231756854657,0
-0.12657084635623306,-1.1099901739376037,1.5251962127575889,0.2654609686797942,-0.404365943111267,-1.177851894974348,0.8577891279455886,-0.8828162337175963,0.3268066285950244,0.23238544103697253,-0.22345527558581418,-1.2417658238832618,-1.0161329645585022,0
-0.12657084635623306,0.9009088760241706,-0.502969299721533,0.8365133152559259,-0.23538436605243465,-1.177851894974348,2.4413740852880284,0.853056793629862,0.06161567116835522,0.5763988794695595,-0.7394662468772634,1.0400678958661385,0.9841231756854657,0
-0.9738162891597597,0.9009088760241706,1.5251962127575889,0.19190007735369846,-0.911310674287764,0.9048055324001227,-0.42111408360416563,-0.8828162337175963,0.0985409943543475,-0.6849837281165926,-0.997471732522988,1.278172284013902,0.9841231756854657,0
0.21232733076517762,-1.1099901739376037,0.8491410419312149,0.07652097215222671,-0.23538436605243465,0.9048055324001227,0.06599664927436881,-0.3041918912684436,0.6692050799560398,-0.2262991435398101,0.8085666669970842,1.1194360252487263,-1.0161329645585022,0
-0.8043672005990544,0.9009088760241706,-0.502969299721533,1.7853509006261457,-0.7423290972289317,-1.177851894974348,4.024959042630468,1.4316811360790147,0.7296283360785719,0.4617277333253637,-0.997471732522988,0.4844909901880236,0.9841231756854657,0
0.7206745964472937,-1.1099901739376037,1.5251962127575889,-0.39535524786145737,0.4405419421828948,0.9048055324001227,-1.042512820865339,0.2744324511807092,0.22274435416177443,-1.0289971665491795,0.8085666669970842,1.35754041339649,-1.0161329645585022,0
-0.2960199349169384,0.9009088760241706,-0.502969299721533,-0.200177262481634,-0.23538436605243465,0.9048055324001227,0.06599664927436881,1.4316811360790147,0.5147900920873463,0.1177142948927768,-0.7394662468772634,0.26622863438590705,0.9841231756854657,0
-0.46546902347764374,0.9009088760241706,-1.179024470547907,0.08476459286330915,-0.404365943111267,0.9048055324001227,0.38271364074285674,1.4316811360790147,-0.37813135950118393,0.003043148748581378,-0.7394662468772634,-0.190138109563973,-1.0161329645585022,0
-0.634918112038349,-1.1099901739376037,0.8491410419312149,-0.5678869648510657,-0.5733475201700994,-1.177851894974348,-0.7574675285436998,1.4316811360790147,0.8739727812601764,-0.34097028968400567,-0.7394662468772634,0.32575473142284794,0.9841231756854657,0
1.398470950690115,-1.1099901739376037,-0.502969299721533,16.07287215258666,1.7923945586535535,-1.177851894974348,-0.753666924646078,0.853056793629862,-0.0995130118250634,-1.6023528972701577,1.3245776382885335,0.7225953783357871,0.9841231756854657,0
-0.634918112038349,0.9009088760241706,0.8491410419312149,-0.015422245816972375,-0.06640278899360229,-1.177851894974348,-0.5284811437119831,0.853056793629862,-1.361687695273513,-0.6849837281165926,-0.997471732522988,-0.09092794783573821,0.9841231756854657,0
-0.634918112038349,0.9009088760241706,-0.502969299721533,-0.20020884723531632,-0.911310674287764,-1.177851894974348,-0.2507203421941191,1.4316811360790147,-1.3516171525864242,-0.2262991435398101,-0.4814607612315388,0.3455967637684949,0.9841231756854657,0
0.0428782422044723,-1.1099901739376037,-0.502969299721533,3.0383812487106754,-0.06640278899360229,-1.177851894974348,3.412270022634678,-0.3041918912684436,-0.4284840729366275,-0.34097028968400567,0.03455021005991044,0.4844909901880236,-1.0161329645585022,0
0.21232733076517762,-1.1099901739376037,-1.179024470547907,0.5519978540856939,-0.06640278899360229,-1.177851894974348,-0.7257958293968509,0.853056793629862,-1.5026752928927547,-1.143668312693375,-0.4814607612315388,0.9606997664835506,-1.0161329645585022,0
3.601309101979284,-1.1099901739376037,-1.179024470547907,-0.20456754324347484,3.8201734833595413,-1.177851894974348,-0.7257958293968509,-0.8828162337175963,0.46108053108954045,-0.7996548742607882,2.098594095225707,1.8139071573463699,0.9841231756854657,0
0.7206745964472937,0.9009088760241706,-0.502969299721533,-0.10314889916958331,1.1164682504182242,-1.177851894974348,-1.121692068732461,-0.8828162337175963,0.8034789824505558,-1.2583394588375707,0.03455021005991044,1.8337491896920168,0.9841231756854657,0
0.21232733076517762,-1.1099901739376037,0.8491410419312149,0.3615891665118991,0.6095235192417271,0.9048055324001227,0.06599664927436881,-0.3041918912684436,-1.0495008719737637,-0.45564143582820127,0.8085666669970842,1.278172284013902,0.9841231756854657,0
-0.2960199349169384,-1.1099901739376037,1.5251962127575889,1.2169358809824866,-0.7423290972289317,-1.177851894974348,3.2331665639592484,1.4316811360790147,-0.022305517890717212,0.5763988794695595,-0.22345527558581418,-0.2893482712922078,0.9841231756854657,0
3.431860013418579,0.9009088760241706,-1.179024470547907,1.028817088050659,3.3132287521830444,0.9048055324001227,0.38271364074285674,0.2744324511807092,-0.005521280078902488,-0.6849837281165926,1.582583123934258,1.298014316359549,0.9841231756854657,0
-0.8043672005990544,0.9009088760241706,-1.179024470547907,-0.5828423457196387,-0.911310674287764,0.9048055324001227,-0.5674373336626071,-0.8828162337175963,-0.059230841076708896,0.003043148748581378,-0.4814607612315388,0.10749237562073138,0.9841231756854657,0
-0.2960199349169384,-1.1099901739376037,-0.502969299721533,-0.3375077714923099,-0.23538436605243465,0.9048055324001227,-0.4090788379283631,-0.8828162337175963,-0.13308148744869286,-0.2262991435398101,-0.997471732522988,0.20670253734896618,0.9841231756854657,0
-0.9738162891597597,-1.1099901739376037,-1.179024470547907,0.274667924378187,-0.911310674287764,-1.177851894974348,-0.7257958293968509,1.4316811360790147,0.7195577933914834,-1.0289971665491795,-0.997471732522988,-0.4282424977117365,0.9841231756854657,0
0.38177641932588297,0.9009088760241706,-1.179024470547907,2.9390945755103397,0.4405419421828948,-1.177851894974348,-1.109498464560924,-1.461440576166749,-1.0226460914748605,-1.487681751125962,0.03455021005991044,-1.3211339532658497,0.9841231756854657,0
-0.46546902347764374,0.9009088760241706,-0.502969299721533,-0.37474619608375126,-0.5733475201700994,-1.177851894974348,-0.907591382499763,0.853056793629862,0.001192415045823164,-0.7996548742607882,-0.7394662468772634,-0.8449251769703227,0.9841231756854657,0
-0.2960199349169384,0.9009088760241706,-1.179024470547907,0.07688419681957326,-0.404365943111267,-1.177851894974348,-0.7238955274480401,-1.461440576166749,-0.2807827801926602,-0.9143260204049839,-0.4814607612315388,-0.8846092416616166,0.9841231756854657,0
-0.634918112038349,0.9009088760241706,0.8491410419312149,-0.4888145340074072,-0.5733475201700994,0.9048055324001227,-0.9474977234247925,0.2744324511807092,-0.3042807131292006,-0.7996548742607882,-0.4814607612315388,-0.011559818453150373,0.9841231756854657,0
-0.12657084635623306,-1.1099901739376037,0.8491410419312149,0.4622497764974152,0.10257878806523006,-1.177851894974348,-0.2507203421941191,-0.8828162337175963,-0.965579682914691,-0.7996548742607882,-0.22345527558581418,0.9011736694466097,0.9841231756854657,0
0.38177641932588297,0.9009088760241706,1.5251962127575889,-0.38087363829811904,0.4405419421828948,-1.177851894974348,1.3328646151483206,0.2744324511807092,-1.1233515183457474,2.0671237793441026,0.8085666669970842,-0.9044512740072636,0.9841231756854657,0
0.7206745964472937,0.9009088760241706,1.5251962127575889,0.36308944231180873,0.7785050963005594,-1.177851894974348,1.6495816066168083,1.4316811360790147,-0.6802476401138448,0.5763988794695595,-0.22345527558581418,2.230589836604956,-1.0161329645585022,0
0.0428782422044723,0.9009088760241706,-0.502969299721533,-0.6760015767056066,-0.5733475201700994,-1.177851894974348,0.38271364074285674,-0.8828162337175963,-0.284139627755023,2.0671237793441026,-0.4814607612315388,-0.9838194033898514,0.9841231756854657,0
0.0428782422044723,0.9009088760241706,0.8491410419312149,0.6689246122175987,-0.06640278899360229,-1.177851894974348,0.8577891279455886,-0.3041918912684436,-0.5627579754311435,-0.2262991435398101,0.8085666669970842,-2.1743413441286688,0.9841231756854657,0
0.38177641932588297,0.9009088760241706,0.8491410419312149,0.8006646198265062,0.10257878806523006,-1.177851894974348,-0.38785879949997437,0.853056793629862,-0.6735339449891191,-1.0289971665491795,0.03455021005991044,-0.20998014190961997,-1.0161329645585022,0
-0.46546902347764374,0.9009088760241706,-0.502969299721533,-0.6768227803013466,-0.404365943111267,0.9048055324001227,-1.042512820865339,0.2744324511807092,0.16903479316396802,-0.6849837281165926,-0.4814607612315388,1.35754041339649,0.9841231756854657,0
-0.8043672005990544,-1.1099901739376037,-1.179024470547907,-0.2033831149803883,-0.7423290972289317,-1.177851894974348,-0.2507203421941191,-0.8828162337175963,-1.1804179269059165,-0.2262991435398101,-0.7394662468772634,0.5440170872249644,-1.0161329645585022,0
0.890123685007999,0.9009088760241706,-1.179024470547907,-0.015611754339066223,0.9474866733593919,-1.177851894974348,0.38271364074285674,0.853056793629862,-1.1636336890941021,0.1177142948927768,0.29255569570563505,-0.9441353386985575,0.9841231756854657,0
1.7373691278115257,-1.1099901739376037,0.8491410419312149,-0.38114210870441867,1.2854498274770565,-1.177851894974348,0.06599664927436881,1.4316811360790147,1.2734376411813615,0.4617277333253637,2.6146050665171567,-1.8171847619070236,0.9841231756854657,0
1.398470950690115,-1.1099901739376037,0.8491410419312149,-0.03888971780292735,1.4544314045358888,-1.177851894974348,-0.2507203421941191,-0.3041918912684436,-1.328119219649884,-0.45564143582820127,0.03455021005991044,1.238488219322608,0.9841231756854657,0
1.2290218621294098,-1.1099901739376037,1.5251962127575889,-0.20548350110026178,1.2854498274770565,-1.177851894974348,-1.2882852062448855,-0.8828162337175963,-0.09279931670033775,-1.3730106049817663,-0.22345527558581418,0.9408577341379036,0.9841231756854657,0
-0.8043672005990544,0.9009088760241706,-0.502969299721533,-0.6751645807330254,-0.404365943111267,0.9048055324001227,-0.8524826259842462,1.4316811360790147,-0.2707122375055717,-0.34097028968400567,-0.4814607612315388,-1.5393963090679663,0.9841231756854657,0
-0.8043672005990544,0.9009088760241706,1.5251962127575889,-0.3898595007207357,-0.911310674287764,-1.177851894974348,-0.7257958293968509,1.4316811360790147,-1.2173432500919086,-0.570312581972397,-0.4814607612315388,0.26622863438590705,-1.0161329645585022,0
-0.12657084635623306,0.9009088760241706,-0.502969299721533,-0.338439521725938,-0.23538436605243465,-1.177851894974348,0.38271364074285674,0.2744324511807092,0.22274435416177443,0.8057411717579506,-0.4814607612315388,1.2186461869769611,0.9841231756854657,0
0.7206745964472937,-1.1099901739376037,1.5251962127575889,0.18059273553543212,0.6095235192417271,-1.177851894974348,-0.6307807319563046,0.853056793629862,1.6628319584154578,-0.9143260204049839,0.8085666669970842,1.4964346398160184,-1.0161329645585022,0
0.0428782422044723,-1.1099901739376037,-0.502969299721533,-0.06403118173404465,-0.23538436605243465,0.9048055324001227,0.38271364074285674,1.4316811360790147,0.18581903097578276,0.23238544103697253,0.03455021005991044,0.8813316371009629,0.9841231756854657,0
-0.634918112038349,-1.1099901739376037,0.8491410419312149,-0.10738125616301261,-0.911310674287764,-1.177851894974348,-0.8841543251310949,-0.8828162337175963,-1.1032104329715702,-1.0289971665491795,-0.7394662468772634,-0.30919030363785477,0.9841231756854657,0
-0.12657084635623306,-1.1099901739376037,0.8491410419312149,-0.7487254720591211,-0.404365943111267,0.9048055324001227,-0.4008441961501824,0.2744324511807092,-0.7272435059869256,0.9204123179021463,0.29255569570563505,-0.09092794783573821,0.9841231756854657,0
0.21232733076517762,-1.1099901739376037,-0.502969299721533,-0.07551223969756367,0.10257878806523006,-1.177851894974348,0.06599664927436881,-0.8828162337175963,0.5651428055227898,-0.11162799739561437,-0.4814607612315388,0.9805417988291976,-1.0161329645585022,0
-0.634918112038349,0.9009088760241706,0.8491410419312149,-0.4391159240882953,-0.911310674287764,0.21058638994196582,-1.1962789202232897,-0.8828162337175963,-1.6067375673260047,-1.143668312693375,-0.7394662468772634,-0.5274526594399713,0.9841231756854657,0
0.38177641932588297,0.9009088760241706,-1.179024470547907,-0.013195520682369647,0.10257878806523006,-1.177851894974348,2.257519871740571,-0.8828162337175963,2.062296818336642,1.8377814870557112,0.5505611813513597,1.0400678958661385,0.9841231756854657,0
-0.46546902347764374,0.9009088760241706,1.5251962127575889,-0.972345528129863,-0.7423290972289317,0.9048055324001227,-1.2008713165995828,1.4316811360790147,-0.1532225728228698,-0.34097028968400567,-0.4814607612315388,1.1392780575943733,0.9841231756854657,0
2.0762673049329363,-1.1099901739376037,0.8491410419312149,0.4201472998388984,2.2993392898300504,-1.177851894974348,-0.2507203421941191,0.2744324511807092,-0.5493305851816922,-0.6849837281165926,1.3245776382885335,0.14717644031202531,-1.0161329645585022,0
1.398470950690115,-1.1099901739376037,-0.502969299721533,-0.6957894248875727,0.9474866733593919,0.9048055324001227,-0.9666591014086361,1.4316811360790147,-0.15657942038523323,-0.45564143582820127,1.3245776382885335,-0.03140185079879733,0.9841231756854657,0
1.0595727735687044,0.9009088760241706,0.8491410419312149,-0.7697293332578561,0.6095235192417271,0.9048055324001227,-0.9269111189793409,-1.461440576166749,0.48457846402608024,-0.2262991435398101,0.29255569570563505,-0.7060309505507939,0.9841231756854657,0
0.0428782422044723,-1.1099901739376037,1.5251962127575889,-0.5181093930477481,-0.06640278899360229,0.9048055324001227,-0.9525651952882883,-1.461440576166749,0.5987112811464187,-0.6849837281165926,0.29255569570563505,-0.7655570475877348,0.9841231756854657,0
-0.9738162891597597,0.9009088760241706,0.8491410419312149,-0.21101083299466572,-0.23538436605243465,0.9048055324001227,-1.121692068732461,0.853056793629862,0.0985409943543475,-1.143668312693375,-0.4814607612315388,0.10749237562073138,0.9841231756854657,0
-0.9738162891597597,-1.1099901739376037,-1.179024470547907,-0.5915123606054322,-0.911310674287764,0.9048055324001227,-1.042512820865339,-0.8828162337175963,0.9075412568838058,-0.7996548742607882,-0.7394662468772634,-1.2417658238832618,0.9841231756854657,0
-0.634918112038349,-1.1099901739376037,0.8491410419312149,-0.3943129509899412,-0.911310674287764,-1.177851894974348,-0.7812213029038364,-1.461440576166749,-0.33784918875282943,-0.6849837281165926,-0.997471732522988,-0.8846092416616166,0.9841231756854657,0
1.2290218621294098,-1.1099901739376037,-0.502969299721533,-0.7003850065483485,0.9474866733593919,0.9048055324001227,-1.3310420000931313,0.2744324511807092,0.2965950005337584,-1.2583394588375707,1.3245776382885335,0.4844909901880236,0.9841231756854657,0
1.0595727735687044,0.9009088760241706,-1.179024470547907,-0.2582300397497164,1.1164682504182242,0.9048055324001227,0.8577891279455886,1.4316811360790147,0.18581903097578276,1.1497546101905376,1.582583123934258,1.0599099282117854,0.9841231756854657,0
-0.8043672005990544,-1.1099901739376037,-0.502969299721533,-0.4539133811884567,-0.404365943111267,-1.177851894974348,0.38271364074285674,0.853056793629862,0.9478234276321603,1.035083464046342,-0.7394662468772634,0.5241750548793175,-1.0161329645585022,0
0.38177641932588297,-1.1099901739376037,0.8491410419312149,2.154687217810216,0.2715603651240624,-1.177851894974348,-0.2694066446907599,0.853056793629862,0.5785701957722418,-1.143668312693375,1.066572152642809,-0.26950623894656084,0.9841231756854657,0
-0.8043672005990544,-1.1099901739376037,-0.502969299721533,-0.10681273059673106,-0.911310674287764,0.9048055324001227,-1.1910530898640597,-0.8828162337175963,0.7665536592645635,-1.2583394588375707,-0.7394662468772634,0.5638591195706114,0.9841231756854657,0
-0.8043672005990544,-1.1099901739376037,0.8491410419312149,-0.13072238913423834,-0.911310674287764,0.9048055324001227,0.22435514500861276,0.853056793629862,-0.13308148744869286,0.1177142948927768,-0.4814607612315388,-1.4401861473397315,0.9841231756854657,0
0.21232733076517762,0.9009088760241706,-1.179024470547907,0.4962981409669434,0.10257878806523006,-1.177851894974348,0.8577891279455886,-1.461440576166749,-1.0562145670984893,-0.11162799739561437,1.066572152642809,0.4249648931510827,0.9841231756854657,0
0.21232733076517762,0.9009088760241706,-1.179024470547907,-0.29976399084195166,-0.23538436605243465,-1.177851894974348,1.9434949746995651,0.2744324511807092,0.4107278176540969,2.525808363920885,1.066572152642809,1.4369085427790778,-1.0161329645585022,0
1.0595727735687044,-1.1099901739376037,-0.502969299721533,-0.25003379616915744,0.6095235192417271,0.9048055324001227,-1.150988390443296,0.853056793629862,-1.271052811089715,-1.143668312693375,1.582583123934258,-0.46792656240303043,-1.0161329645585022,0
-0.46546902347764374,0.9009088760241706,-0.502969299721533,-0.07284332801140862,-0.911310674287764,-1.177851894974348,-0.4866745008381426,0.2744324511807092,-0.3613471216893698,-0.570312581972397,-0.4814607612315388,-0.9044512740072636,0.9841231756854657,0
-0.2960199349169384,-1.1099901739376037,-0.502969299721533,-0.5684554904173472,-0.404365943111267,-1.177851894974348,-0.3298995900612411,-0.8828162337175963,0.22274435416177443,0.3470565871811683,-0.4814607612315388,0.20670253734896618,0.9841231756854657,0
0.890123685007999,-1.1099901739376037,-1.179024470547907,0.33298917205256906,1.1164682504182242,-1.177851894974348,0.5627672503926922,0.853056793629862,-0.8044509999212723,-0.11162799739561437,0.8085666669970842,0.7027533459901402,0.9841231756854657,0
-0.12657084635623306,-1.1099901739376037,-0.502969299721533,-0.29076233604249385,-0.404365943111267,-1.177851894974348,0.22435514500861276,1.4316811360790147,-0.48555048149679675,0.4617277333253637,-0.22345527558581418,0.26622863438590705,0.9841231756854657,0
-0.46546902347764374,-1.1099901739376037,0.8491410419312149,0.18912061902965532,-0.23538436605243465,-1.177851894974348,0.7752843516680475,0.2744324511807092,-0.12301094476160378,0.23238544103697253,-0.4814607612315388,-0.11076998018138517,0.9841231756854657,0
-0.2960199349169384,0.9009088760241706,0.8491410419312149,-0.015106398280149293,-0.911310674287764,-1.177851894974348,0.8577891279455886,-0.8828162337175963,0.15560740291451672,0.5763988794695595,-0.22345527558581418,-1.102871597463733,-1.0161329645585022,0
0.38177641932588297,0.9009088760241706,1.5251962127575889,0.14074856876520037,-0.06640278899360229,-1.177851894974348,0.1937919553319037,0.853056793629862,-0.6701770974267564,-0.2262991435398101,0.03455021005991044,-1.4600281796853785,0.9841231756854657,0
2.2457163934936415,-1.1099901739376037,-0.502969299721533,0.17495485700314012,2.130357712771218,0.9048055324001227,0.38271364074285674,-0.8828162337175963,-1.1099241280962957,-0.11162799739561437,2.098594095225707,0.7027533459901402,-1.0161329645585022,0
-0.46546902347764374,-1.1099901739376037,1.5251962127575889,-0.4130900870540734,-0.7423290972289317,0.9048055324001227,0.06599664927436881,0.853056793629862,-0.7104592681751108,0.5763988794695595,-0.997471732522988,-0.051243883144444294,-1.0161329645585022,0
-0.46546902347764374,0.9009088760241706,-0.502969299721533,-0.3037436698059225,-0.911310674287764,-1.177851894974348,-0.20321279347384594,-0.3041918912684436,-0.48555048149679675,0.003043148748581378,-0.22345527558581418,-1.8370267942526706,0.9841231756854657,0
0.21232733076517762,-1.1099901739376037,-1.179024470547907,0.44325154715750686,0.2715603651240624,0.21058638994196582,-0.2507203421941191,1.4316811360790147,0.6154955189582334,-0.7996548742607882,-0.22345527558581418,1.0003838311748445,0.9841231756854657,0
0.5512255078865883,0.9009088760241706,-0.502969299721533,0.6688140655797107,0.4405419421828948,-1.177851894974348,-0.7257958293968509,-0.3041918912684436,-0.8514468657943525,-1.143668312693375,-0.22345527558581418,-0.4877685947486774,-1.0161329645585022,0
-0.46546902347764374,-1.1099901739376037,-1.179024470547907,-0.06955851362844857,-0.911310674287764,-1.177851894974348,-0.9441721950143734,1.4316811360790147,-1.2878370489015294,-1.0289971665491795,-0.4814607612315388,0.5440170872249644,0.9841231756854657,0
-0.12657084635623306,0.9009088760241706,-0.502969299721533,-0.2986585244630709,0.10257878806523006,0.9048055324001227,-0.18753530239615576,-0.3041918912684436,1.2331554704330066,0.003043148748581378,-0.4814607612315388,-1.0631875327724392,0.9841231756854657,0
0.7206745964472937,0.9009088760241706,-1.179024470547907,1.125134794404858,0.6095235192417271,-1.177851894974348,-0.2507203421941191,0.2744324511807092,-0.7440277437987403,-1.0289971665491795,1.066572152642809,0.12733440796637835,-1.0161329645585022,0
-0.9738162891597597,0.9009088760241706,1.5251962127575889,-0.21794368642793235,-0.911310674287764,0.9048055324001227,-0.963333572998217,-0.3041918912684436,-1.5496711587658354,-1.0289971665491795,-0.7394662468772634,0.32575473142284794,0.9841231756854657,0
-0.634918112038349,0.9009088760241706,-0.502969299721533,-0.5585062930074202,-0.911310674287764,-1.177851894974348,-0.5040939353689095,-0.8828162337175963,0.1522505553521539,0.003043148748581378,-0.4814607612315388,-0.6068207888225592,0.9841231756854657,0
-0.634918112038349,0.9009088760241706,-0.502969299721533,-0.1473201771942913,-0.5733475201700994,0.9048055324001227,-1.285276394825935,-1.461440576166749,-0.7574551340481915,-1.3730106049817663,-0.4814607612315388,-2.8886545085719595,0.9841231756854657,0
0.5512255078865883,0.9009088760241706,-1.179024470547907,-0.7913017200228726,-0.23538436605243465,0.9048055324001227,-1.121692068732461,0.2744324511807092,-1.136778908595199,-0.6849837281165926,0.03455021005991044,0.9805417988291976,-1.0161329645585022,0
-0.12657084635623306,-1.1099901739376037,-0.502969299721533,1.1418905062333224,-0.404365943111267,-1.177851894974348,-0.2507203421941191,0.853056793629862,0.20931696391232313,-1.0289971665491795,-0.22345527558581418,-0.5869787564769122,0.9841231756854657,0
-0.2960199349169384,0.9009088760241706,1.5251962127575889,-0.07176944638621015,-0.404365943111267,-1.177851894974348,1.1745061194140765,-0.8828162337175963,-1.4120404087089566,1.035083464046342,-0.22345527558581418,0.4249648931510827,0.9841231756854657,0
-0.634918112038349,-1.1099901739376037,0.8491410419312149,-0.6816710399915809,-0.7423290972289317,0.21058638994196582,0.06599664927436881,-0.8828162337175963,0.48457846402608024,1.4937680486231246,-0.7394662468772634,0.10749237562073138,0.9841231756854657,0
0.0428782422044723,-1.1099901739376037,-1.179024470547907,0.6456782335074199,0.4405419421828948,-1.177851894974348,1.6495816066168083,-0.8828162337175963,-0.6970318779256596,0.3470565871811683,0.03455021005991044,1.6353288662355472,0.9841231756854657,0
0.21232733076517762,0.9009088760241706,-0.502969299721533,0.2721253517067612,0.2715603651240624,-1.177851894974348,2.0177651091989257,1.4316811360790147,-0.008878127641265313,1.035083464046342,0.8085666669970842,1.794065125000723,-1.0161329645585022,0
0.0428782422044723,0.9009088760241706,1.5251962127575889,0.3667532737389565,0.10257878806523006,-1.177851894974348,-0.8138431530250906,0.853056793629862,-1.338189762336973,-1.143668312693375,-0.22345527558581418,0.7424374106814341,-1.0161329645585022,0
-1.143265377720465,-1.1099901739376037,-1.179024470547907,-0.7175355277978418,-0.404365943111267,0.9048055324001227,-0.8841543251310949,0.2744324511807092,0.24624228709831483,-0.2262991435398101,-0.7394662468772634,-0.190138109563973,-1.0161329645585022,0
1.5679200392508204,-1.1099901739376037,0.8491410419312149,-0.22443435330964667,1.4544314045358888,-1.177851894974348,-0.2507203421941191,0.2744324511807092,0.001192415045823164,-0.2262991435398101,2.356599580871432,-0.6663468858595001,0.9841231756854657,0
-0.2960199349169384,-1.1099901739376037,-0.502969299721533,-0.29959027469669897,0.10257878806523006,-1.177851894974348,0.28991556224258974,0.853056793629862,-1.0797125000350298,0.5763988794695595,-0.4814607612315388,-1.0036614357354983,0.9841231756854657,0
0.5512255078865883,-1.1099901739376037,-1.179024470547907,-0.3996823591159336,0.6095235192417271,-1.177851894974348,-0.3298995900612411,-1.461440576166749,-1.0092187012254088,0.003043148748581378,0.8085666669970842,-0.03140185079879733,-1.0161329645585022,0
-0.8043672005990544,-1.1099901739376037,0.8491410419312149,-0.10836038352716416,-0.911310674287764,0.9048055324001227,-0.3298995900612411,0.853056793629862,-0.388201902188273,-0.45564143582820127,-0.4814607612315388,-2.5513399586959613,0.9841231756854657,0
0.7206745964472937,0.9009088760241706,-0.502969299721533,-0.5181883549319538,1.2854498274770565,-1.177851894974348,0.06599664927436881,1.4316811360790147,-0.25392799969375696,0.8057411717579506,0.5505611813513597,0.3455967637684949,0.9841231756854657,0
-0.46546902347764374,0.9009088760241706,-0.502969299721533,1.59876396824791,-0.5733475201700994,-1.177851894974348,2.4413740852880284,-1.461440576166749,-0.0860856215756121,0.003043148748581378,-0.997471732522988,0.7622794430270811,-1.0161329645585022,0
-0.12657084635623306,-1.1099901739376037,-0.502969299721533,0.1843513212236268,-0.23538436605243465,-1.177851894974348,1.3398323889606272,0.2744324511807092,-0.2975670180044749,0.6910700256137552,0.29255569570563505,-0.6663468858595001,0.9841231756854657,0
-0.8043672005990544,0.9009088760241706,-1.179024470547907,-0.010858248909878843,-0.911310674287764,-1.177851894974348,0.38271364074285674,-0.8828162337175963,-0.015591822765990965,0.1177142948927768,-0.7394662468772634,-1.5393963090679663,0.9841231756854657,0
0.38177641932588297,0.9009088760241706,1.5251962127575889,-0.6766648565329351,0.10257878806523006,0.9048055324001227,-0.2507203421941191,0.853056793629862,0.665848232393677,0.9204123179021463,0.8085666669970842,0.6630692812988462,0.9841231756854657,0
0.5512255078865883,-1.1099901739376037,-1.179024470547907,-0.6251501232770904,0.2715603651240624,-1.177851894974348,-1.042512820865339,0.2744324511807092,0.014619805295275064,-0.7996548742607882,-0.22345527558581418,0.7622794430270811,0.9841231756854657,0
-0.46546902347764374,-1.1099901739376037,-0.502969299721533,0.554777312409737,-0.404365943111267,-1.177851894974348,-0.4811319534874441,-0.8828162337175963,-0.9924344634135942,-0.9143260204049839,-0.7394662468772634,-0.13061201252703214,0.9841231756854657,0
0.5512255078865883,0.9009088760241706,0.8491410419312149,-0.20666792936334835,0.4405419421828948,-1.177851894974348,-0.8817789476950812,0.853056793629862,-0.002164432516539662,-0.9143260204049839,0.29255569570563505,-2.03544711770914,0.9841231756854657,0
-0.8043672005990544,0.9009088760241706,-0.502969299721533,-0.33444405038512603,-0.911310674287764,-1.177851894974348,-0.2906266831191486,-0.3041918912684436,-1.0495008719737637,-0.11162799739561437,-0.7394662468772634,0.06780831092943747,0.9841231756854657,0
0.7206745964472937,-1.1099901739376037,-1.179024470547907,-0.10575464134837374,0.7785050963005594,0.9048055324001227,0.06599664927436881,1.4316811360790147,-1.3247623720875215,0.003043148748581378,0.8085666669970842,-0.4282424977117365,-1.0161329645585022,0
-0.634918112038349,-1.1099901739376037,-1.179024470547907,-0.49083595824307497,-0.404365943111267,0.9048055324001227,0.06599664927436881,-1.461440576166749,0.18246218341341994,0.6910700256137552,-0.7394662468772634,0.40512286080543575,-1.0161329645585022,0
0.890123685007999,0.9009088760241706,0.8491410419312149,-0.6316249977819636,1.1164682504182242,-1.177851894974348,-0.482398821453318,0.2744324511807092,0.27645391515958084,0.23238544103697253,0.5505611813513597,0.40512286080543575,-1.0161329645585022,0
0.0428782422044723,0.9009088760241706,-0.502969299721533,-0.48371359628771443,-0.23538436605243465,-1.177851894974348,0.06599664927436881,-1.461440576166749,-0.25057115213139414,0.6910700256137552,0.03455021005991044,0.14717644031202531,-1.0161329645585022,0
0.5512255078865883,0.9009088760241706,-1.179024470547907,0.5545246343802785,0.6095235192417271,0.9048055324001227,-1.121692068732461,-1.461440576166749,0.9108981044461687,-1.3730106049817663,0.29255569570563505,0.10749237562073138,0.9841231756854657,0
-0.2960199349169384,0.9009088760241706,-1.179024470547907,-0.20205655532573136,-0.911310674287764,0.9048055324001227,-0.5674373336626071,-1.461440576166749,-1.3079781342757066,-0.570312581972397,-0.4814607612315388,-2.273551505856904,0.9841231756854657,0
-0.12657084635623306,-1.1099901739376037,-1.179024470547907,-0.6477016374062584,-0.911310674287764,0.9048055324001227,-0.5674373336626071,-0.8828162337175963,0.02804719554472637,0.1177142948927768,0.03455021005991044,0.7424374106814341,-1.0161329645585022,0
-0.2960199349169384,-1.1099901739376037,-0.502969299721533,0.8275274528333092,0.2715603651240624,-1.177851894974348,1.6495816066168083,1.4316811360790147,2.0186578000259243,0.1177142948927768,-0.997471732522988,-0.9044512740072636,0.9841231756854657,0
-0.8043672005990544,-1.1099901739376037,-1.179024470547907,-0.8388683590684287,-0.7423290972289317,0.9048055324001227,-0.6577016762311261,-0.8828162337175963,0.20260326878759688,0.6910700256137552,-0.4814607612315388,0.18686050500331922,0.9841231756854657,0
-0.9738162891597597,0.9009088760241706,-0.502969299721533,-0.4054149919092725,-0.911310674287764,0.9048055324001227,0.5094004373302519,0.2744324511807092,0.5785701957722418,1.1497546101905376,-0.7394662468772634,-0.5671367241312653,-1.0161329645585022,0
-0.46546902347764374,0.9009088760241706,-1.179024470547907,-0.6775650220128808,-0.06640278899360229,-1.177851894974348,-1.042512820865339,-1.461440576166749,-1.6403060429496337,-0.6849837281165926,-0.22345527558581418,-3.027548734991488,0.9841231756854657,0
0.0428782422044723,0.9009088760241706,0.8491410419312149,0.8920393122294237,0.10257878806523006,-1.177851894974348,1.481246525651307,1.4316811360790147,1.417782086362966,0.003043148748581378,1.066572152642809,-0.20998014190961997,0.9841231756854657,0
-0.2960199349169384,-1.1099901739376037,0.8491410419312149,0.7276090845593273,-0.7423290972289317,-1.177851894974348,1.5985901709903818,1.4316811360790147,-0.059230841076708896,0.23238544103697253,-0.7394662468772634,-1.678290535487495,0.9841231756854657,0
-0.8043672005990544,0.9009088760241706,1.5251962127575889,0.36785874011783726,-0.911310674287764,-1.177851894974348,-0.8841543251310949,-0.8828162337175963,-1.56645539657765,-1.143668312693375,-0.4814607612315388,-0.40840046536608954,-1.0161329645585022,0
0.21232733076517762,0.9009088760241706,-1.179024470547907,0.11230649807428186,-0.404365943111267,0.9048055324001227,-0.8841543251310949,-0.3041918912684436,1.2499397082448211,-1.0289971665491795,0.03455021005991044,-1.182239726846321,0.9841231756854657,0
-0.46546902347764374,-1.1099901739376037,1.5251962127575889,0.44280936060595455,-0.911310674287764,0.9048055324001227,-1.2551882806364285,0.853056793629862,0.3536614090939276,-1.3730106049817663,-0.4814607612315388,1.258330251668255,0.9841231756854657,0
3.262410924857874,0.9009088760241706,-1.179024470547907,24.97813028380608,2.8062840210065474,-1.177851894974348,-0.4811319534874441,0.2744324511807092,-1.12670836590811,-1.6023528972701577,2.872610552162881,-0.20998014190961997,0.9841231756854657,0
1.0595727735687044,-1.1099901739376037,-0.502969299721533,-0.20185125442679636,0.9474866733593919,0.9048055324001227,0.38271364074285674,-1.461440576166749,0.6692050799560398,0.4617277333253637,0.5505611813513597,1.1789621222856672,-1.0161329645585022,0
-0.9738162891597597,0.9009088760241706,0.8491410419312149,-0.6741696609920327,-0.911310674287764,-1.177851894974348,-0.47242223622206064,0.853056793629862,1.1458774338115711,0.4617277333253637,-0.4814607612315388,0.2463866020402601,0.9841231756854657,0
-0.8043672005990544,-1.1099901739376037,0.8491410419312149,-0.7876852657262483,-0.911310674287764,0.21058638994196582,-0.5674373336626071,0.2744324511807092,0.5584291103980642,0.6910700256137552,-0.4814607612315388,0.7027533459901402,-1.0161329645585022,0
0.0428782422044723,0.9009088760241706,-1.179024470547907,-0.30197492359971323,0.2715603651240624,0.9048055324001227,-0.3774071387815143,-1.461440576166749,0.04818828091890392,-0.2262991435398101,0.29255569570563505,1.3773824457421369,0.9841231756854657,0
2.5846145706150523,0.9009088760241706,-0.502969299721533,-0.2051360688097564,2.4683208668888827,0.9048055324001227,-0.7257958293968509,0.853056793629862,-0.9588659877899653,-0.7996548742607882,1.3245776382885335,0.5043330225336705,-1.0161329645585022,0
-0.634918112038349,-1.1099901739376037,0.8491410419312149,-0.634120193322866,-0.911310674287764,-1.177851894974348,-0.5674373336626071,0.853056793629862,-0.1129404020745153,0.1177142948927768,-0.22345527558581418,-1.2219237915376149,0.9841231756854657,0
0.21232733076517762,-1.1099901739376037,-0.502969299721533,-0.5160721764352392,0.2715603651240624,0.9048055324001227,-1.1691996174527342,1.4316811360790147,0.6423502994571366,-1.0289971665491795,0.5505611813513597,0.32575473142284794,0.9841231756854657,0
0.0428782422044723,-1.1099901739376037,-1.179024470547907,3.114105695664009,0.10257878806523006,-1.177851894974348,-0.07209195900589192,-1.461440576166749,-0.3647039692517326,-1.2583394588375707,-0.22345527558581418,0.9011736694466097,-1.0161329645585022,0
-0.12657084635623306,0.9009088760241706,-0.502969299721533,-0.5456986753892442,-0.404365943111267,0.9048055324001227,-0.09236184645987515,0.2744324511807092,-0.10958355451215247,0.6910700256137552,0.03455021005991044,-0.11076998018138517,0.9841231756854657,0
-0.9738162891597597,-1.1099901739376037,-0.502969299721533,-0.2815711727209422,-0.911310674287764,0.9048055324001227,-0.3298995900612411,0.853056793629862,0.7430557263280237,-0.2262991435398101,-0.7394662468772634,0.06780831092943747,-1.0161329645585022,0
-0.634918112038349,-1.1099901739376037,-0.502969299721533,-0.014964266888578905,-0.404365943111267,-1.177851894974348,0.06599664927436881,-0.8828162337175963,-1.1602768415317393,-0.11162799739561437,-0.7394662468772634,-0.22982217425526694,0.9841231756854657,0
-0.9738162891597597,-1.1099901739376037,1.5251962127575889,-0.6095630473348713,-0.404365943111267,-1.177851894974348,-1.042512820865339,0.2744324511807092,0.3268066285950244,-0.7996548742607882,-0.22345527558581418,0.5241750548793175,-1.0161329645585022,0
-0.8043672005990544,0.9009088760241706,-0.502969299721533,-0.8481542766510273,-0.911310674287764,0.9048055324001227,-0.7652270948346778,1.4316811360790147,-0.018948670328354386,0.4617277333253637,-0.7394662468772634,1.298014316359549,0.9841231756854657,0
2.415165482054347,-1.1099901739376037,1.5251962127575889,1.7876881723986364,2.2993392898300504,0.21058638994196582,2.2830155895537843,1.4316811360790147,-1.2441980305908118,-0.2262991435398101,2.872610552162881,1.754381060309429,0.9841231756854657,0
-0.2960199349169384,-1.1099901739376037,0.8491410419312149,0.4584911908092206,0.2715603651240624,-1.177851894974348,0.23290650377826194,0.853056793629862,-0.15993626794759605,-0.45564143582820127,-0.4814607612315388,-0.09092794783573821,-1.0161329645585022,0
-0.2960199349169384,0.9009088760241706,-0.502969299721533,-0.07165889974832207,-0.23538436605243465,-1.177851894974348,0.38271364074285674,1.4316811360790147,-1.828289506441956,0.23238544103697253,-0.997471732522988,-1.4798702120310254,0.9841231756854657,0
2.415165482054347,-1.1099901739376037,-1.179024470547907,-0.3561427761648718,1.6234129815947211,0.9048055324001227,-1.0741845200121878,0.853056793629862,-0.4318409204989903,-1.0289971665491795,1.066572152642809,-1.4997122443766724,0.9841231756854657,0
-0.634918112038349,0.9009088760241706,0.8491410419312149,-0.29772677422944277,-0.06640278899360229,-1.177851894974348,0.47313634180711,-1.461440576166749,-0.14315203013578132,0.8057411717579506,-0.4814607612315388,-0.9441353386985575,0.9841231756854657,0
-0.634918112038349,0.9009088760241706,1.5251962127575889,0.5036731809517624,-0.911310674287764,0.9048055324001227,0.38271364074285674,-1.461440576166749,-1.173704231781191,-0.34097028968400567,-0.4814607612315388,-0.24966420660091387,0.9841231756854657,0
0.7206745964472937,-1.1099901739376037,-1.179024470547907,-0.7729667705102927,0.6095235192417271,0.9048055324001227,-1.042512820865339,-1.461440576166749,-0.43519776806135313,-0.45564143582820127,0.8085666669970842,1.317856348705196,-1.0161329645585022,0
-0.46546902347764374,-1.1099901739376037,-0.502969299721533,0.34764449776116,-0.5733475201700994,-1.177851894974348,-0.836171700923619,0.853056793629862,-0.25392799969375696,-1.143668312693375,-0.4814607612315388,0.08765034327508442,0.9841231756854657,0
3.0929618362971683,0.9009088760241706,0.8491410419312149,-0.1088973243397634,2.9752655980653797,-1.177851894974348,-0.7257958293968509,-0.8828162337175963,0.24959913466067765,-0.7996548742607882,2.098594095225707,-2.23386744116561,0.9841231756854657,0
1.0595727735687044,0.9009088760241706,0.8491410419312149,1.9776230886671966,1.4544314045358888,-1.177851894974348,3.7986647522262333,0.853056793629862,-0.21364582894540246,0.23238544103697253,0.8085666669970842,0.6035431842619053,-1.0161329645585022,0
-0.12657084635623306,-1.1099901739376037,-1.179024470547907,0.0774843071395371,-0.23538436605243465,0.9048055324001227,0.5410721364771007,-0.8828162337175963,0.3536614090939276,0.1177142948927768,0.29255569570563505,-1.5989224061049072,0.9841231756854657,0
-0.12657084635623306,0.9009088760241706,1.5251962127575889,-0.7694924476052387,-0.06640278899360229,0.21058638994196582,-0.2507203421941191,-0.8828162337175963,-0.49897787174624864,1.379096902478929,0.03455021005991044,0.8416475724096689,0.9841231756854657,0
-0.8043672005990544,-1.1099901739376037,-1.179024470547907,-0.43570477069060604,-0.911310674287764,0.9048055324001227,-0.7257958293968509,0.2744324511807092,-0.9387249024157878,-0.45564143582820127,-0.997471732522988,0.6630692812988462,-1.0161329645585022,0
-0.46546902347764374,-1.1099901739376037,1.5251962127575889,-0.4462382860436558,-0.404365943111267,-1.177851894974348,-0.2507203421941191,0.853056793629862,0.014619805295275064,0.1177142948927768,-0.997471732522988,-0.32903233598350173,-1.0161329645585022,0
-0.46546902347764374,0.9009088760241706,-0.502969299721533,-0.1472096305564032,-0.404365943111267,0.9048055324001227,0.06599664927436881,-0.8828162337175963,0.7497694214527494,0.003043148748581378,-0.4814607612315388,-0.36871640067479566,0.9841231756854657,0
-0.634918112038349,-1.1099901739376037,-1.179024470547907,0.2744942082329343,-0.404365943111267,-1.177851894974348,0.8577891279455886,-0.3041918912684436,0.4946490067131693,0.1177142948927768,-0.7394662468772634,-0.5076106270943244,0.9841231756854657,0
-0.634918112038349,-1.1099901739376037,-1.179024470547907,0.0728097635945555,-0.7423290972289317,-1.177851894974348,-0.7257958293968509,0.853056793629862,-0.23378691431957943,-0.9143260204049839,-0.7394662468772634,1.278172284013902,0.9841231756854657,0
1.0595727735687044,0.9009088760241706,1.5251962127575889,-0.1112030113585719,0.4405419421828948,-1.177851894974348,-1.2008713165995828,-0.3041918912684436,-1.143492603719925,-1.2583394588375707,0.29255569570563505,0.6630692812988462,-1.0161329645585022,0
-0.46546902347764374,-1.1099901739376037,0.8491410419312149,-0.42446059837970435,-0.23538436605243465,0.9048055324001227,-1.042512820865339,-0.8828162337175963,-1.6302355002625448,-0.9143260204049839,-0.22345527558581418,0.4448069254967297,-1.0161329645585022,0
-0.46546902347764374,0.9009088760241706,-1.179024470547907,-0.5494572610774389,-0.5733475201700994,-1.177851894974348,0.06599664927436881,1.4316811360790147,0.17239164072633087,0.9204123179021463,-0.22345527558581418,-0.4282424977117365,0.9841231756854657,0
-0.46546902347764374,-1.1099901739376037,1.5251962127575889,-0.5289903406913032,-0.404365943111267,0.9048055324001227,-0.4090788379283631,-0.8828162337175963,-0.3076375606915634,0.1177142948927768,-0.22345527558581418,-1.0235034680811452,0.9841231756854657,0
-0.2960199349169384,0.9009088760241706,0.8491410419312149,0.11306453216265726,-0.7423290972289317,-1.177851894974348,-0.09236184645987515,-0.3041918912684436,-0.542616890056966,-0.45564143582820127,-0.22345527558581418,0.22654456969461315,-1.0161329645585022,0
0.7206745964472937,-1.1099901739376037,1.5251962127575889,-0.48935147482000646,-0.06640278899360229,0.9048055324001227,0.0026532509806712224,1.4316811360790147,0.5080763969626206,0.6910700256137552,0.03455021005991044,1.1194360252487263,-1.0161329645585022,0
1.398470950690115,-1.1099901739376037,0.8491410419312149,-0.30060098681453284,0.6095235192417271,0.9048055324001227,-1.042512820865339,-0.8828162337175963,-0.27406908506793454,-1.0289971665491795,1.3245776382885335,0.2463866020402601,-1.0161329645585022,0
-0.46546902347764374,-1.1099901739376037,0.8491410419312149,-0.10583360323257951,-0.5733475201700994,-1.177851894974348,-0.2507203421941191,-1.461440576166749,-1.7510820125076092,-0.34097028968400567,-0.997471732522988,-1.2616078562289088,0.9841231756854657,0
0.0428782422044723,-1.1099901739376037,-0.502969299721533,0.4004542059179793,0.4405419421828948,-1.177851894974348,-0.4996598974883506,1.4316811360790147,-0.14650887769814416,-0.9143260204049839,0.03455021005991044,0.10749237562073138,0.9841231756854657,0
3.0929618362971683,0.9009088760241706,0.8491410419312149,0.023458585965948985,3.651191906300709,-1.177851894974348,2.287449627434343,-0.8828162337175963,0.03140404310708919,1.8377814870557112,1.582583123934258,-0.30919030363785477,0.9841231756854657,0
-0.46546902347764374,0.9009088760241706,0.8491410419312149,-0.10929213376079225,0.10257878806523006,0.9048055324001227,0.49989892758619725,-1.461440576166749,-0.08272877401324927,0.3470565871811683,0.29255569570563505,0.26622863438590705,0.9841231756854657,0
0.5512255078865883,0.9009088760241706,-1.179024470547907,0.7027834681650331,0.10257878806523006,-1.177851894974348,-0.5528683520550566,0.2744324511807092,-0.04916029838962042,-1.0289971665491795,0.29255569570563505,0.8614896047553159,-1.0161329645585022,0
-0.8043672005990544,-1.1099901739376037,-0.502969299721533,-0.06913211945373741,-0.5733475201700994,-1.177851894974348,-0.5785224283640041,-1.461440576166749,-1.4556794270196742,-0.6849837281165926,-0.997471732522988,0.46464895784237664,-1.0161329645585022,0
-0.9738162891597597,-1.1099901739376037,-0.502969299721533,-0.48687207165594526,-0.911310674287764,0.9048055324001227,-1.327558113186978,1.4316811360790147,1.4547074095489578,-1.3730106049817663,-0.22345527558581418,0.5837011519162584,0.9841231756854657,0
0.7206745964472937,-1.1099901739376037,-0.502969299721533,-0.3738144458501232,0.9474866733593919,0.9048055324001227,-0.2507203421941191,-1.461440576166749,-0.9991481585383204,0.003043148748581378,1.8405886095799828,1.238488219322608,0.9841231756854657,0
-0.634918112038349,0.9009088760241706,-0.502969299721533,-0.4009773340169082,-0.7423290972289317,-1.177851894974348,-0.4882580857954851,-1.461440576166749,0.1253957748532507,-0.2262991435398101,-0.7394662468772634,0.4448069254967297,-1.0161329645585022,0
-0.12657084635623306,0.9009088760241706,-1.179024470547907,-0.6203808254710619,-0.404365943111267,-1.177851894974348,-0.8178021154184467,-0.8828162337175963,-0.8178783901707236,-0.34097028968400567,-0.22345527558581418,-1.0830295651180861,0.9841231756854657,0
-0.9738162891597597,0.9009088760241706,-1.179024470547907,-0.4662630198782392,-0.911310674287764,0.9048055324001227,-0.4090788379283631,-0.8828162337175963,-1.7074429941968916,0.003043148748581378,-0.4814607612315388,0.22654456969461315,0.9841231756854657,0
-0.634918112038349,0.9009088760241706,1.5251962127575889,1.5979743494058525,-0.911310674287764,-1.177851894974348,-0.2507203421941191,-0.8828162337175963,-0.7574551340481915,-1.143668312693375,-0.4814607612315388,-0.9639773710442044,0.9841231756854657,0
-0.634918112038349,0.9009088760241706,-0.502969299721533,0.7934475036100987,-0.911310674287764,-1.177851894974348,0.2929243736615404,-0.8828162337175963,-0.2807827801926602,-0.570312581972397,-0.4814607612315388,-0.17029607721832604,-1.0161329645585022,0
0.890123685007999,-1.1099901739376037,0.8491410419312149,-0.5826054600670213,1.1164682504182242,0.9048055324001227,0.06599664927436881,1.4316811360790147,0.2193875065994116,1.035083464046342,1.066572152642809,0.008282213892496587,0.9841231756854657,0
0.0428782422044723,-1.1099901739376037,0.8491410419312149,-0.48998316989365265,-0.911310674287764,0.9048055324001227,-1.2453700539009054,0.2744324511807092,0.10189784191671032,-1.143668312693375,0.5505611813513597,-0.38855843302044263,0.9841231756854657,0
-0.12657084635623306,0.9009088760241706,-1.179024470547907,-0.7207097955429138,-0.5733475201700994,0.9048055324001227,-1.1357859748528085,0.2744324511807092,-1.855144286940859,-0.7996548742607882,0.29255569570563505,1.0202258635204915,-1.0161329645585022,0
-0.9738162891597597,0.9009088760241706,1.5251962127575889,-0.5618858616514272,-0.911310674287764,0.9048055324001227,0.06599664927436881,-0.8828162337175963,-0.34120603631519225,1.035083464046342,-0.7394662468772634,0.46464895784237664,0.9841231756854657,0
-0.8043672005990544,0.9009088760241706,-1.179024470547907,-0.5437720054146234,-0.911310674287764,0.9048055324001227,-0.7257958293968509,1.4316811360790147,-0.34456288387755507,-0.34097028968400567,-0.4814607612315388,-0.2893482712922078,0.9841231756854657,0
-0.2960199349169384,-1.1099901739376037,-0.502969299721533,0.14757087556057893,-0.7423290972289317,-1.177851894974348,0.06599664927436881,-0.8828162337175963,-1.4456088843325854,-0.34097028968400567,-0.4814607612315388,0.028124246238143545,0.9841231756854657,0
-0.634918112038349,0.9009088760241706,-0.502969299721533,0.1605522093240076,-0.7423290972289317,0.9048055324001227,0.3771710933921582,0.2744324511807092,0.4912921591508065,-0.11162799739561437,-0.22345527558581418,0.9011736694466097,-1.0161329645585022,0
0.7206745964472937,0.9009088760241706,1.5251962127575889,1.026748286684468,0.2715603651240624,-1.177851894974348,-0.2507203421941191,-0.8828162337175963,-1.0830693475973925,-0.9143260204049839,0.29255569570563505,-2.134657279437375,0.9841231756854657,0
1.906818216372231,-1.1099901739376037,0.8491410419312149,-0.580220811164007,2.130357712771218,0.9048055324001227,-0.2507203421941191,-0.8828162337175963,0.7430557263280237,0.5763988794695595,2.356599580871432,-0.6465048535138531,0.9841231756854657,0
-0.46546902347764374,0.9009088760241706,-1.179024470547907,0.7575198462964732,-0.911310674287764,-1.177851894974348,-0.7763121895360748,-0.3041918912684436,-0.8816584938556186,-1.143668312693375,-0.7394662468772634,0.6829113136444932,0.9841231756854657,0
0.5512255078865883,-1.1099901739376037,1.5251962127575889,0.18232989698795907,0.4405419421828948,0.9048055324001227,0.6994306322113446,0.2744324511807092,0.3301634761573873,0.1177142948927768,0.03455021005991044,-0.8846092416616166,0.9841231756854657,0
-0.8043672005990544,0.9009088760241706,1.5251962127575889,0.3632473660802203,-0.911310674287764,0.9048055324001227,0.38271364074285674,1.4316811360790147,0.7061304031420315,-0.2262991435398101,-0.4814607612315388,-0.051243883144444294,0.9841231756854657,0
-0.9738162891597597,-1.1099901739376037,0.8491410419312149,-0.4101211202079364,-0.911310674287764,0.9048055324001227,0.3678279421438378,0.2744324511807092,0.7833378970763782,0.9204123179021463,-0.7394662468772634,-0.3488743683291487,0.9841231756854657,0
-0.634918112038349,-1.1099901739376037,0.8491410419312149,-0.014111478539156584,-0.911310674287764,-1.177851894974348,-0.662769148094622,-0.8828162337175963,-0.717172963299837,-0.7996548742607882,-0.4814607612315388,0.46464895784237664,-1.0161329645585022,0
1.398470950690115,0.9009088760241706,0.8491410419312149,-0.07775475720900754,0.9474866733593919,-1.177851894974348,1.6495816066168083,-0.8828162337175963,0.2663833724724924,1.4937680486231246,1.3245776382885335,-0.9044512740072636,-1.0161329645585022,0
1.398470950690115,0.9009088760241706,-0.502969299721533,0.07996371030359829,1.4544314045358888,0.9048055324001227,0.06599664927436881,-0.3041918912684436,1.055242549627773,-0.2262991435398101,1.3245776382885335,0.26622863438590705,0.9841231756854657,0
-0.8043672005990544,0.9009088760241706,-0.502969299721533,-0.3027487500649298,-0.911310674287764,0.9048055324001227,0.6994306322113446,1.4316811360790147,1.5285580559209417,1.035083464046342,-0.4814607612315388,-0.9441353386985575,0.9841231756854657,0
-0.46546902347764374,-1.1099901739376037,-0.502969299721533,-0.5507048588478901,-0.911310674287764,0.9048055324001227,-0.06512418519358519,0.2744324511807092,1.2365123179953694,0.6910700256137552,-0.22345527558581418,-0.7258729828964409,-1.0161329645585022,0
0.0428782422044723,0.9009088760241706,1.5251962127575889,1.2437039597282429,-0.23538436605243465,-1.177851894974348,0.08104070636912199,-0.3041918912684436,-0.07937192645088645,-0.9143260204049839,-0.22345527558581418,-1.2417658238832618,-1.0161329645585022,0
-0.2960199349169384,-1.1099901739376037,0.8491410419312149,0.19600609533239852,-0.911310674287764,0.9048055324001227,-0.6801885826253887,-1.461440576166749,-0.9085132743545218,-0.9143260204049839,-0.7394662468772634,0.22654456969461315,0.9841231756854657,0
-0.46546902347764374,0.9009088760241706,-0.502969299721533,-0.5820053497470574,-0.404365943111267,0.9048055324001227,-0.3774071387815143,0.2744324511807092,-0.24050060944430565,0.3470565871811683,-0.4814607612315388,1.0003838311748445,0.9841231756854657,0
0.0428782422044723,0.9009088760241706,-0.502969299721533,4.374021520051282,-0.06640278899360229,-1.177851894974348,0.9279419415558586,1.4316811360790147,-0.43519776806135313,-1.143668312693375,0.29255569570563505,0.2463866020402601,0.9841231756854657,0
-0.12657084635623306,-1.1099901739376037,-1.179024470547907,-0.05272383991577832,-0.911310674287764,0.9048055324001227,1.3328646151483206,-0.8828162337175963,-0.2069321338206762,1.1497546101905376,0.5505611813513597,-0.44808453005738347,0.9841231756854657,0
-0.8043672005990544,0.9009088760241706,-0.502969299721533,0.4358765071726879,-0.7423290972289317,-1.177851894974348,2.2830155895537843,0.853056793629862,-1.338189762336973,0.9204123179021463,-0.7394662468772634,0.5440170872249644,-1.0161329645585022,0
0.38177641932588297,0.9009088760241706,-1.179024470547907,-0.29747409619998433,0.4405419421828948,0.9048055324001227,0.06599664927436881,-1.461440576166749,0.011262957732911642,0.23238544103697253,0.03455021005991044,0.32575473142284794,0.9841231756854657,0
-0.46546902347764374,-1.1099901739376037,0.8491410419312149,0.8433672068049868,-0.5733475201700994,-1.177851894974348,-0.5033021428902382,-0.8828162337175963,0.8404043056365476,-1.0289971665491795,-0.7394662468772634,-0.3488743683291487,-1.0161329645585022,0
-0.634918112038349,0.9009088760241706,-1.179024470547907,0.11017452720072607,-0.7423290972289317,0.9048055324001227,-1.042512820865339,-0.3041918912684436,-1.2005590122800942,-1.2583394588375707,-0.997471732522988,-0.09092794783573821,0.9841231756854657,0
-0.634918112038349,0.9009088760241706,0.8491410419312149,-0.6730641946131519,-0.7423290972289317,0.9048055324001227,-0.7257958293968509,0.853056793629862,-0.13643833501105568,-0.11162799739561437,-0.7394662468772634,-0.5671367241312653,0.9841231756854657,0
-0.12657084635623306,0.9009088760241706,-1.179024470547907,0.277431590325389,-0.06640278899360229,0.21058638994196582,-1.1006303887998063,0.853056793629862,-0.09279931670033775,-1.2583394588375707,0.03455021005991044,-0.8052411122790287,0.9841231756854657,0
1.906818216372231,-1.1099901739376037,-1.179024470547907,0.652342616534387,1.7923945586535535,-1.177851894974348,0.38271364074285674,0.2744324511807092,0.001192415045823164,-0.45564143582820127,2.098594095225707,-1.0631875327724392,0.9841231756854657,0
-0.634918112038349,0.9009088760241706,0.8491410419312149,-0.45010741836973855,-0.911310674287764,0.9048055324001227,-0.5674373336626071,1.4316811360790147,0.20596011634995973,-0.2262991435398101,-0.997471732522988,0.6233852166075523,-1.0161329645585022,0
-0.8043672005990544,-1.1099901739376037,-0.502969299721533,0.10036746118236937,-0.911310674287764,0.9048055324001227,-1.0174921785393283,1.4316811360790147,0.8874001715096282,-1.143668312693375,-0.4814607612315388,-0.190138109563973,0.9841231756854657,0
0.0428782422044723,0.9009088760241706,-0.502969299721533,0.26860365167118383,-0.06640278899360229,-1.177851894974348,2.2830155895537843,-1.461440576166749,-0.3512765790022807,1.2644257563347332,0.03455021005991044,-0.36871640067479566,0.9841231756854657,0
-0.8043672005990544,-1.1099901739376037,-0.502969299721533,0.2674508081617796,-0.5733475201700994,-1.177851894974348,-1.2008713165995828,0.2744324511807092,-0.22707321919485376,-1.3730106049817663,-0.4814607612315388,0.26622863438590705,0.9841231756854657,0
0.0428782422044723,-1.1099901739376037,1.5251962127575889,0.4570698768935167,0.2715603651240624,-1.177851894974348,1.8079401023510524,1.4316811360790147,-0.13308148744869286,0.5763988794695595,0.29255569570563505,-0.190138109563973,0.9841231756854657,0
-0.46546902347764374,-1.1099901739376037,1.5251962127575889,0.6853960612629224,-0.404365943111267,-1.177851894974348,0.6856534430824655,-1.461440576166749,-0.8950858841050704,-0.34097028968400567,-0.7394662468772634,0.305912699077201,-1.0161329645585022,0
-0.2960199349169384,0.9009088760241706,-0.502969299721533,-0.30287508907965904,-0.7423290972289317,-1.177851894974348,1.1996851202358214,1.4316811360790147,-0.8279489328578127,1.6084391947673204,-0.4814607612315388,1.0400678958661385,0.9841231756854657,0
-0.9738162891597597,0.9009088760241706,-0.502969299721533,-0.10913420999238072,-0.911310674287764,0.9048055324001227,0.06599664927436881,-0.8828162337175963,0.7061304031420315,0.003043148748581378,-0.7394662468772634,0.6829113136444932,0.9841231756854657,0
-0.634918112038349,0.9009088760241706,0.8491410419312149,-0.3371129620712811,-0.06640278899360229,-1.177851894974348,-0.8292039271113123,1.4316811360790147,-1.82157581131723,-0.7996548742607882,-0.4814607612315388,-0.22982217425526694,0.9841231756854657,0
-0.46546902347764374,-1.1099901739376037,0.8491410419312149,-0.11042918489335535,-0.06640278899360229,0.9048055324001227,-1.327558113186978,-1.461440576166749,0.7598399641398379,-1.3730106049817663,-0.7394662468772634,-1.0830295651180861,0.9841231756854657,0
-0.46546902347764374,0.9009088760241706,-1.179024470547907,0.11483327836886652,0.10257878806523006,0.21058638994196582,1.0161476236798326,1.4316811360790147,0.3234497810326616,0.4617277333253637,-0.4814607612315388,-0.38855843302044263,-1.0161329645585022,0
-0.46546902347764374,-1.1099901739376037,1.5251962127575889,0.49206578397351414,-0.911310674287764,0.9048055324001227,0.38271364074285674,-1.461440576166749,1.1559479764986598,-0.34097028968400567,-0.7394662468772634,-1.4203441149940845,0.9841231756854657,0
-0.12657084635623306,0.9009088760241706,-0.502969299721533,1.5197704992884573,-0.7423290972289317,-1.177851894974348,-1.121692068732461,0.2744324511807092,-0.8447331706696268,-1.487681751125962,0.03455021005991044,-0.8250831446246757,0.9841231756854657,0
0.890123685007999,-1.1099901739376037,1.5251962127575889,0.36522141318536455,0.9474866733593919,-1.177851894974348,0.8577891279455886,-0.8828162337175963,1.4748484949231353,0.1177142948927768,0.5505611813513597,1.5361187045073124,0.9841231756854657,0
-0.634918112038349,0.9009088760241706,-1.179024470547907,-0.6736327201794334,-0.7423290972289317,0.9048055324001227,-0.8841543251310949,-0.8828162337175963,-1.6000238722012787,-0.34097028968400567,-0.7394662468772634,-0.5671367241312653,-1.0161329645585022,0
0.890123685007999,-1.1099901739376037,-0.502969299721533,-0.14517241394389432,0.7785050963005594,0.9048055324001227,0.7679998608642723,-0.3041918912684436,-0.022305517890717212,0.6910700256137552,0.03455021005991044,-2.3132355705481977,0.9841231756854657,0
1.906818216372231,-1.1099901739376037,0.8491410419312149,-0.30184858458498404,1.2854498274770565,-1.177851894974348,-0.5674373336626071,0.853056793629862,0.7162009458291205,-0.45564143582820127,1.3245776382885335,0.5638591195706114,0.9841231756854657,0
0.21232733076517762,0.9009088760241706,1.5251962127575889,0.9294356605892765,0.10257878806523006,-1.177851894974348,-0.37360653488389245,-0.3041918912684436,0.11868207972852446,-1.0289971665491795,-0.22345527558581418,0.4249648931510827,0.9841231756854657,0
0.21232733076517762,-1.1099901739376037,-1.179024470547907,-0.4721535764399897,0.4405419421828948,0.21058638994196582,-0.09236184645987515,0.2744324511807092,-0.19686159113358773,0.4617277333253637,0.03455021005991044,1.694854963272488,-1.0161329645585022,0
-0.634918112038349,-1.1099901739376037,-0.502969299721533,-0.26672633849025734,-0.404365943111267,0.9048055324001227,0.06599664927436881,1.4316811360790147,-0.3009238655668377,0.23238544103697253,-0.7394662468772634,0.028124246238143545,-1.0161329645585022,0
-0.634918112038349,-1.1099901739376037,-1.179024470547907,-0.11243481675218192,-0.7423290972289317,0.9048055324001227,0.38271364074285674,0.853056793629862,1.417782086362966,0.23238544103697253,-0.4814607612315388,0.286070666731554,-1.0161329645585022,0
-0.634918112038349,0.9009088760241706,0.8491410419312149,0.9324204198122547,-0.7423290972289317,-1.177851894974348,0.38271364074285674,-0.8828162337175963,-1.5429574636411096,-0.570312581972397,-0.22345527558581418,0.10749237562073138,0.9841231756854657,0
0.0428782422044723,0.9009088760241706,-1.179024470547907,0.9257560367852876,0.10257878806523006,-1.177851894974348,1.3010345575057374,-0.8828162337175963,-0.19686159113358773,-0.11162799739561437,-0.4814607612315388,-1.0036614357354983,-1.0161329645585022,0
-0.2960199349169384,0.9009088760241706,-1.179024470547907,0.2667085664502454,-0.5733475201700994,0.9048055324001227,0.38271364074285674,-0.8828162337175963,1.2734376411813615,-0.2262991435398101,-0.22345527558581418,-0.32903233598350173,0.9841231756854657,0
-0.46546902347764374,-1.1099901739376037,-0.502969299721533,0.45140041360754235,-0.23538436605243465,-1.177851894974348,0.8577891279455886,0.2744324511807092,-0.20021843869595057,0.003043148748581378,-0.997471732522988,0.12733440796637835,0.9841231756854657,0
-0.634918112038349,0.9009088760241706,-0.502969299721533,-0.2986901092167532,-0.23538436605243465,0.9048055324001227,-0.7257958293968509,1.4316811360790147,0.8639022385730879,-0.6849837281165926,-0.22345527558581418,0.08765034327508442,0.9841231756854657,0
0.21232733076517762,-1.1099901739376037,-0.502969299721533,0.23455528720165564,0.2715603651240624,0.9048055324001227,0.06599664927436881,-0.8828162337175963,2.1865001781440694,-0.34097028968400567,0.8085666669970842,0.3455967637684949,-1.0161329645585022,0
0.38177641932588297,-1.1099901739376037,-0.502969299721533,0.5566881900075167,0.4405419421828948,0.9048055324001227,0.06599664927436881,-1.461440576166749,-0.23378691431957943,-0.570312581972397,0.03455021005991044,0.008282213892496587,-1.0161329645585022,0
0.38177641932588297,-1.1099901739376037,0.8491410419312149,-0.7581535210332901,0.4405419421828948,-1.177851894974348,-0.4725805947177949,-0.8828162337175963,-0.17672050575941017,0.8057411717579506,0.29255569570563505,0.286070666731554,-1.0161329645585022,0
-0.2960199349169384,0.9009088760241706,-0.502969299721533,-0.24049520055710039,0.10257878806523006,0.9048055324001227,-0.8841543251310949,-0.8828162337175963,-1.3751150855229646,-0.9143260204049839,-0.4814607612315388,0.14717644031202531,0.9841231756854657,0
-0.634918112038349,-1.1099901739376037,0.8491410419312149,1.973359146920085,-0.7423290972289317,0.9048055324001227,0.38413886720446494,-0.3041918912684436,0.0851136041048956,-0.9143260204049839,-0.7394662468772634,-0.8647672093159696,0.9841231756854657,0
-1.143265377720465,-1.1099901739376037,0.8491410419312149,-0.16317572354281,-0.911310674287764,-1.177851894974348,-0.2507203421941191,-0.3041918912684436,-0.492264176621523,-0.34097028968400567,-0.7394662468772634,-1.9957630530178463,0.9841231756854657,0
-0.634918112038349,0.9009088760241706,-1.179024470547907,-0.5689924312299465,-0.7423290972289317,0.21058638994196582,0.26932895779713806,-0.8828162337175963,0.4040141225293712,1.379096902478929,-0.997471732522988,-0.7457150152420878,0.9841231756854657,0
0.21232733076517762,-1.1099901739376037,1.5251962127575889,0.9314886695786265,-0.404365943111267,-1.177851894974348,-0.23535956810789746,1.4316811360790147,1.7501099950368924,-0.9143260204049839,1.066572152642809,-0.8250831446246757,0.9841231756854657,0
2.0762673049329363,-1.1099901739376037,-1.179024470547907,-0.5404082291474576,1.7923945586535535,0.9048055324001227,0.1847655210750518,-0.8828162337175963,1.5956950071681995,1.1497546101905376,0.8085666669970842,-0.40840046536608954,0.9841231756854657,0
-0.12657084635623306,0.9009088760241706,0.8491410419312149,3.125776262149622,-0.404365943111267,-1.177851894974348,-0.6705287143855998,-0.8828162337175963,-0.7574551340481915,-1.3730106049817663,-0.4814607612315388,-0.686188918205147,0.9841231756854657,0
-0.634918112038349,-1.1099901739376037,-0.502969299721533,-0.11001858309548534,-0.404365943111267,0.9048055324001227,0.06599664927436881,-0.8828162337175963,0.001192415045823164,0.003043148748581378,-0.997471732522988,-0.7258729828964409,0.9841231756854657,0
-0.634918112038349,-1.1099901739376037,1.5251962127575889,-0.20463071275083947,-0.404365943111267,0.21058638994196582,1.429938373033412,0.2744324511807092,0.5450017201486129,1.6084391947673204,-0.7394662468772634,1.5758027691986063,0.9841231756854657,0
0.21232733076517762,0.9009088760241706,-0.502969299721533,1.7889041854154053,0.7785050963005594,-1.177851894974348,-0.4090788379283631,-1.461440576166749,-0.015591822765990965,-1.143668312693375,0.5505611813513597,0.5638591195706114,0.9841231756854657,0
-0.8043672005990544,-1.1099901739376037,-0.502969299721533,-0.3373814324775807,-0.911310674287764,-1.177851894974348,-0.7574675285436998,-1.461440576166749,-0.4956210241838858,-0.6849837281165926,-0.4814607612315388,0.26622863438590705,-1.0161329645585022,0
0.0428782422044723,0.9009088760241706,1.5251962127575889,-0.7898804061071687,0.4405419421828948,0.9048055324001227,-0.7257958293968509,0.853056793629862,0.4677942262142661,0.3470565871811683,0.03455021005991044,-0.9639773710442044,0.9841231756854657,0
-0.46546902347764374,0.9009088760241706,1.5251962127575889,-0.6617568527948856,-0.404365943111267,0.9048055324001227,-0.7257958293968509,0.853056793629862,-0.4956210241838858,-0.11162799739561437,-0.997471732522988,1.734539027963782,0.9841231756854657,0
1.5679200392508204,-1.1099901739376037,0.17308587110484092,-0.32571086599196786,1.2854498274770565,0.9048055324001227,-0.7257958293968509,1.4316811360790147,-0.15657942038523323,-0.6849837281165926,1.582583123934258,0.6432272489531993,0.9841231756854657,0
0.21232733076517762,-1.1099901739376037,0.8491410419312149,0.7457861103034956,0.10257878806523006,-1.177851894974348,2.4624357652206825,-0.8828162337175963,-0.002164432516539662,0.6910700256137552,0.8085666669970842,0.5837011519162584,0.9841231756854657,0
-0.46546902347764374,-1.1099901739376037,-1.179024470547907,-0.6763016318655886,-0.911310674287764,-1.177851894974348,0.38271364074285674,-0.8828162337175963,-0.8010941523589095,2.0671237793441026,-0.4814607612315388,-0.051243883144444294,0.9841231756854657,0
0.7206745964472937,0.9009088760241706,0.8491410419312149,1.028074846339125,1.2854498274770565,-1.177851894974348,2.9520802340309653,0.2744324511807092,1.6628319584154578,0.5763988794695595,0.8085666669970842,0.9011736694466097,0.9841231756854657,0
-0.634918112038349,0.9009088760241706,0.8491410419312149,-0.4888619111379307,-0.5733475201700994,0.9048055324001227,-0.5674373336626071,1.4316811360790147,-1.1233515183457474,-0.2262991435398101,-0.7394662468772634,0.22654456969461315,-1.0161329645585022,0
-0.8043672005990544,-1.1099901739376037,-0.502969299721533,-0.2611042523348065,-0.404365943111267,0.9048055324001227,-0.5674373336626071,-0.8828162337175963,0.5684996530851527,-0.570312581972397,-0.4814607612315388,0.6432272489531993,-1.0161329645585022,0
-0.2960199349169384,0.9009088760241706,-0.502969299721533,1.214630193963678,-0.23538436605243465,-1.177851894974348,-0.09236184645987515,0.2744324511807092,-0.7339572011116512,-0.9143260204049839,-0.4814607612315388,1.0995939929030794,0.9841231756854657,0
2.2457163934936415,0.9009088760241706,0.8491410419312149,0.08040589685515061,2.4683208668888827,0.9048055324001227,0.38271364074285674,0.2744324511807092,-1.5865964819518272,0.003043148748581378,2.098594095225707,-0.4877685947486774,-1.0161329645585022,0
2.5846145706150523,0.9009088760241706,0.8491410419312149,-0.07165889974832207,1.9613761357123858,0.9048055324001227,-1.2008713165995828,-0.3041918912684436,0.7195577933914834,-1.2583394588375707,2.098594095225707,-0.8250831446246757,-1.0161329645585022,0
4.1096563676614,0.9009088760241706,0.8491410419312149,-0.09165204882922313,3.9891550604183736,0.9048055324001227,-0.16758213193364102,0.853056793629862,-1.331476067212247,-0.2262991435398101,3.38862152345433,0.9805417988291976,0.9841231756854657,0
-0.12657084635623306,-1.1099901739376037,-0.502969299721533,0.46520295096671105,-0.5733475201700994,0.9048055324001227,0.06599664927436881,-1.461440576166749,-1.1703473842188281,-0.570312581972397,0.8085666669970842,1.1392780575943733,-1.0161329645585022,0
0.0428782422044723,0.9009088760241706,-1.179024470547907,1.5936630305282173,-0.06640278899360229,-1.177851894974348,0.06599664927436881,-0.8828162337175963,-0.07937192645088645,-0.9143260204049839,0.03455021005991044,1.2186461869769611,-1.0161329645585022,0
-0.8043672005990544,-1.1099901739376037,-1.179024470547907,-0.3201519493438816,-0.911310674287764,0.9048055324001227,-0.8841543251310949,1.4316811360790147,1.0015329886299666,-0.7996548742607882,-0.4814607612315388,-1.8568688265983175,-1.0161329645585022,0
-0.634918112038349,0.9009088760241706,-0.502969299721533,-0.8208334647158307,-0.404365943111267,0.21058638994196582,-0.11532382834134053,-1.461440576166749,-1.724227232008706,2.0671237793441026,-0.4814607612315388,-2.8688124762263127,0.9841231756854657,0
0.38177641932588297,-1.1099901739376037,-1.179024470547907,-0.06764763603066894,0.6095235192417271,0.9048055324001227,-1.042512820865339,-0.3041918912684436,1.2331554704330066,-1.143668312693375,0.5505611813513597,0.7622794430270811,-1.0161329645585022,0
0.890123685007999,0.9009088760241706,0.8491410419312149,0.17174900450438585,0.7785050963005594,-1.177851894974348,-0.5674373336626071,-1.461440576166749,-1.1099241280962957,-0.7996548742607882,0.29255569570563505,-0.46792656240303043,0.9841231756854657,0
-0.634918112038349,0.9009088760241706,-1.179024470547907,0.8396559982473155,-0.911310674287764,-1.177851894974348,0.8117068056869237,1.4316811360790147,0.4140846652164597,-0.34097028968400567,-0.4814607612315388,0.3654387961141419,0.9841231756854657,0
-0.12657084635623306,0.9009088760241706,-0.502969299721533,-0.44885982059928736,0.10257878806523006,0.9048055324001227,-1.359229812333827,1.4316811360790147,0.13210946997797635,-1.3730106049817663,-0.22345527558581418,0.32575473142284794,0.9841231756854657,0
-0.12657084635623306,0.9009088760241706,-0.502969299721533,0.5041785370106793,-0.23538436605243465,0.9048055324001227,0.5410721364771007,-1.461440576166749,-1.12670836590811,-0.2262991435398101,-0.22345527558581418,-0.09092794783573821,-1.0161329645585022,0
-0.634918112038349,0.9009088760241706,-1.179024470547907,0.2759786916560028,-0.404365943111267,-1.177851894974348,-0.8841543251310949,-1.461440576166749,-1.4623931221444,-1.143668312693375,-0.4814607612315388,0.6829113136444932,0.9841231756854657,0
-0.634918112038349,0.9009088760241706,-0.502969299721533,0.6142040264629999,-0.23538436605243465,-1.177851894974348,2.4413740852880284,1.4316811360790147,0.2193875065994116,0.8057411717579506,-0.7394662468772634,-0.20998014190961997,-1.0161329645585022,0
0.7206745964472937,0.9009088760241706,-0.502969299721533,1.9766755460567274,0.4405419421828948,-1.177851894974348,0.06599664927436881,0.853056793629862,0.04483143335654109,-1.0289971665491795,-0.22345527558581418,1.258330251668255,0.9841231756854657,0
-0.12657084635623306,-1.1099901739376037,-0.502969299721533,0.8509159629350584,0.2715603651240624,-1.177851894974348,2.91644957249076,0.853056793629862,-0.9622228353523281,0.8057411717579506,0.29255569570563505,1.0797519605574324,-1.0161329645585022,0
1.7373691278115257,0.9009088760241706,0.8491410419312149,0.08174824888664871,1.1164682504182242,-1.177851894974348,1.7829194600250418,-1.461440576166749,0.4745079213389917,1.1497546101905376,1.066572152642809,-0.7457150152420878,0.9841231756854657,0
0.890123685007999,0.9009088760241706,-0.502969299721533,-0.324289552076264,0.2715603651240624,0.9048055324001227,-0.5490677481574348,0.2744324511807092,-0.14315203013578132,-0.45564143582820127,0.03455021005991044,1.35754041339649,0.9841231756854657,0
0.21232733076517762,-1.1099901739376037,0.8491410419312149,0.6109981739642456,0.2715603651240624,-1.177851894974348,1.6495816066168083,1.4316811360790147,-0.6869613352385705,0.3470565871811683,0.8085666669970842,-0.7060309505507939,0.9841231756854657,0
0.38177641932588297,-1.1099901739376037,-1.179024470547907,0.028891163599305988,-0.06640278899360229,0.9048055324001227,1.6495816066168083,-0.3041918912684436,0.7833378970763782,1.1497546101905376,1.066572152642809,-0.9044512740072636,0.9841231756854657,0
-0.634918112038349,0.9009088760241706,0.8491410419312149,-0.6376261009816021,-0.23538436605243465,0.21058638994196582,-0.9611165540579375,0.2744324511807092,1.0686699398772244,-0.570312581972397,-0.7394662468772634,-0.13061201252703214,0.9841231756854657,0
-0.634918112038349,0.9009088760241706,-1.179024470547907,0.17473376372736396,-0.7423290972289317,0.9048055324001227,-1.2024549015569252,1.4316811360790147,-0.3613471216893698,-1.3730106049817663,-0.7394662468772634,-0.7853990799333818,0.9841231756854657,0
-0.2960199349169384,0.9009088760241706,-1.179024470547907,-0.3319014777137002,-0.5733475201700994,-1.177851894974348,0.06599664927436881,0.853056793629862,-0.6836044876762076,0.3470565871811683,-0.4814607612315388,-0.07108591549009124,-1.0161329645585022,0
1.7373691278115257,0.9009088760241706,0.8491410419312149,-0.41248997673410953,1.7923945586535535,-1.177851894974348,-0.2507203421941191,0.2744324511807092,-0.4049861400000871,0.1177142948927768,1.582583123934258,-0.8449251769703227,0.9841231756854657,0
2.923512747736463,-1.1099901739376037,0.8491410419312149,0.07629987887645055,3.144247175124212,0.9048055324001227,-0.5674373336626071,1.4316811360790147,-1.0427871768490378,-0.7996548742607882,1.8405886095799828,0.801963507718375,0.9841231756854657,0
3.431860013418579,0.9009088760241706,-1.179024470547907,1.0316123387515435,3.8201734833595413,-1.177851894974348,3.185659015238975,0.2744324511807092,-0.5325463473698775,0.6910700256137552,3.646627009100055,0.782121475372728,-1.0161329645585022,0
-0.8043672005990544,-1.1099901739376037,1.5251962127575889,-0.203556831125641,-0.404365943111267,-1.177851894974348,-0.2507203421941191,-0.8828162337175963,-1.1804179269059165,-0.2262991435398101,-0.4814607612315388,0.46464895784237664,0.9841231756854657,0
0.7206745964472937,-1.1099901739376037,1.5251962127575889,-0.7691923924452568,1.2854498274770565,0.9048055324001227,-0.7273794143541934,1.4316811360790147,-1.099853585409207,0.23238544103697253,0.03455021005991044,1.4170665104334308,0.9841231756854657,0
-0.2960199349169384,0.9009088760241706,-0.502969299721533,-0.5683133590257768,-0.06640278899360229,0.9048055324001227,-0.7574675285436998,1.4316811360790147,1.995159867089384,-0.34097028968400567,-0.22345527558581418,0.8614896047553159,0.9841231756854657,0
0.5512255078865883,-1.1099901739376037,-1.179024470547907,0.8807635551648396,0.4405419421828948,-1.177851894974348,-1.015433518094783,-0.8828162337175963,-1.361687695273513,-1.3730106049817663,0.5505611813513597,-2.8092863791893716,0.9841231756854657,0
-0.8043672005990544,-1.1099901739376037,-0.502969299721533,-0.3008852495976736,-0.5733475201700994,-1.177851894974348,-1.2008713165995828,0.853056793629862,0.3536614090939276,-1.2583394588375707,-0.7394662468772634,0.8614896047553159,0.9841231756854657,0
-0.46546902347764374,0.9009088760241706,0.8491410419312149,-0.01692252161688201,-0.404365943111267,-1.177851894974348,0.38271364074285674,-0.3041918912684436,0.4006572749670078,0.1177142948927768,-0.4814607612315388,0.0479662785837905,0.9841231756854657,0
0.21232733076517762,0.9009088760241706,1.5251962127575889,-0.1067653534662076,0.2715603651240624,-1.177851894974348,-0.8548580034202599,-1.461440576166749,-0.7003887254880223,-0.9143260204049839,1.066572152642809,-1.3409759856114967,-1.0161329645585022,0
-0.2960199349169384,0.9009088760241706,0.8491410419312149,-0.3383447674648911,-0.5733475201700994,0.9048055324001227,-0.2507203421941191,-1.461440576166749,-0.5124052619956999,0.003043148748581378,-0.7394662468772634,1.1988041546313142,0.9841231756854657,0
0.0428782422044723,-1.1099901739376037,0.8491410419312149,-0.3409189248899992,-0.06640278899360229,0.21058638994196582,-1.2800505644667048,1.4316811360790147,0.8269769153870962,-1.2583394588375707,-0.22345527558581418,-0.30919030363785477,-1.0161329645585022,0
-0.46546902347764374,0.9009088760241706,0.8491410419312149,-0.24684373604724433,-0.911310674287764,0.9048055324001227,-1.1669825985124547,-1.461440576166749,-0.6298949266784012,-1.2583394588375707,0.03455021005991044,0.5241750548793175,-1.0161329645585022,0
0.21232733076517762,0.9009088760241706,0.17308587110484092,-0.74994148507589,-0.23538436605243465,0.21058638994196582,-0.804975077263973,1.4316811360790147,0.1791053358510565,0.003043148748581378,-0.22345527558581418,0.8813316371009629,-1.0161329645585022,0
-0.634918112038349,0.9009088760241706,0.8491410419312149,-0.22001248779412355,-0.911310674287764,-1.177851894974348,-1.042512820865339,-1.461440576166749,-0.14650887769814416,-1.0289971665491795,-0.7394662468772634,0.10749237562073138,0.9841231756854657,0
-0.8043672005990544,0.9009088760241706,0.8491410419312149,-0.2645627828630192,-0.911310674287764,-1.177851894974348,-0.3774071387815143,0.853056793629862,0.17239164072633087,-0.34097028968400567,-0.7394662468772634,-2.670392152769843,0.9841231756854657,0
-0.46546902347764374,0.9009088760241706,0.8491410419312149,-0.6222127411846358,-0.5733475201700994,0.9048055324001227,-0.3298995900612411,0.853056793629862,0.6188523665205963,0.5763988794695595,-0.22345527558581418,-2.5513399586959613,0.9841231756854657,0
-0.9738162891597597,0.9009088760241706,0.8491410419312149,-0.3845058849715845,-0.911310674287764,0.9048055324001227,-0.7257958293968509,1.4316811360790147,-0.23714376188194225,-0.570312581972397,-0.22345527558581418,-1.4600281796853785,0.9841231756854657,0
0.890123685007999,0.9009088760241706,0.8491410419312149,-0.28381369023238606,1.2854498274770565,0.9048055324001227,-0.7590511135010423,0.853056793629862,0.34023401884447574,-0.6849837281165926,1.3245776382885335,0.10749237562073138,-1.0161329645585022,0
-0.8043672005990544,0.9009088760241706,1.5251962127575889,0.7453439237519434,-0.5733475201700994,-1.177851894974348,0.38271364074285674,1.4316811360790147,-0.8380194755449012,-0.570312581972397,-0.4814607612315388,-0.8250831446246757,0.9841231756854657,0
-0.8043672005990544,0.9009088760241706,-0.502969299721533,-0.5881485843382664,-0.911310674287764,0.9048055324001227,-0.4882580857954851,0.2744324511807092,0.7430557263280237,0.1177142948927768,-0.4814607612315388,-2.571181991041608,0.9841231756854657,0
0.5512255078865883,-1.1099901739376037,-1.179024470547907,-0.09503161747323012,0.10257878806523006,0.9048055324001227,-0.14778731996686054,0.853056793629862,-0.8447331706696268,-0.2262991435398101,0.5505611813513597,1.238488219322608,-1.0161329645585022,0
2.5846145706150523,-1.1099901739376037,-1.179024470547907,0.6100506313537764,2.8062840210065474,-1.177851894974348,-0.7257958293968509,0.2744324511807092,1.1022384155008533,-1.143668312693375,2.356599580871432,-0.011559818453150373,0.9841231756854657,0
0.38177641932588297,-1.1099901739376037,1.5251962127575889,0.5946688563104923,0.2715603651240624,0.9048055324001227,-0.4214308005956341,-1.461440576166749,0.7464125738903866,-0.9143260204049839,-0.22345527558581418,-1.142555662155027,0.9841231756854657,0
-0.2960199349169384,0.9009088760241706,-0.502969299721533,-0.16851354691512008,-0.7423290972289317,-1.177851894974348,-0.5674373336626071,1.4316811360790147,-1.6503765856367223,-0.570312581972397,-0.7394662468772634,-0.17029607721832604,-1.0161329645585022,0
-0.46546902347764374,-1.1099901739376037,-0.502969299721533,-0.11046076964703766,-0.06640278899360229,-1.177851894974348,0.06599664927436881,-1.461440576166749,0.07504306141780712,0.003043148748581378,-0.7394662468772634,-0.9242933063529105,0.9841231756854657,0
-0.8043672005990544,0.9009088760241706,-0.502969299721533,-0.7534789774883085,-0.7423290972289317,0.9048055324001227,-0.8841543251310949,0.2744324511807092,-0.5157621095580628,-0.2262991435398101,-0.7394662468772634,-1.0433455004267922,0.9841231756854657,0
-0.12657084635623306,0.9009088760241706,-0.502969299721533,-0.41376915925824304,-0.5733475201700994,-1.177851894974348,-0.2507203421941191,0.2744324511807092,0.9075412568838058,0.1177142948927768,-0.4814607612315388,1.4170665104334308,-1.0161329645585022,0
0.5512255078865883,0.9009088760241706,0.8491410419312149,1.2648973294490715,0.6095235192417271,-1.177851894974348,-0.2516704931685246,0.853056793629862,0.8336906105118219,-1.0289971665491795,0.03455021005991044,0.6829113136444932,0.9841231756854657,0
0.5512255078865883,0.9009088760241706,-1.179024470547907,0.9512923101374338,0.4405419421828948,-1.177851894974348,-0.45943683957185266,-0.8828162337175963,-0.8648742560438044,-1.0289971665491795,1.066572152642809,1.6154868338899002,0.9841231756854657,0
-0.8043672005990544,0.9009088760241706,-0.502969299721533,0.19450581953248888,-0.911310674287764,0.9048055324001227,-0.4090788379283631,-0.8828162337175963,-1.428824646520771,-0.6849837281165926,-0.4814607612315388,0.782121475372728,-1.0161329645585022,0
-0.2960199349169384,-1.1099901739376037,-0.502969299721533,0.38609893536937023,-0.5733475201700994,-1.177851894974348,1.6495816066168083,0.853056793629862,-0.33449234119046656,0.5763988794695595,-0.4814607612315388,0.38528082845978884,0.9841231756854657,0
0.890123685007999,0.9009088760241706,-1.179024470547907,-0.998481911801973,0.2715603651240624,0.9048055324001227,-1.286068187304606,0.2744324511807092,-0.47547993880970824,-0.570312581972397,0.29255569570563505,0.8416475724096689,-1.0161329645585022,0
-0.634918112038349,-1.1099901739376037,0.8491410419312149,-0.6774544753749928,-0.911310674287764,0.9048055324001227,-0.4882580857954851,0.2744324511807092,-1.069641957347941,0.4617277333253637,-0.22345527558581418,-0.32903233598350173,0.9841231756854657,0
-0.8043672005990544,0.9009088760241706,1.5251962127575889,0.12127656812005738,-0.911310674287764,-1.177851894974348,0.06599664927436881,-0.3041918912684436,0.2898813054090322,-0.34097028968400567,-0.7394662468772634,1.2186461869769611,-1.0161329645585022,0
0.21232733076517762,0.9009088760241706,-0.502969299721533,-0.1054545861883918,0.10257878806523006,-1.177851894974348,-1.2008713165995828,-0.8828162337175963,-0.04916029838962042,-1.2583394588375707,0.03455021005991044,0.16701847265767225,0.9841231756854657,0
0.890123685007999,-1.1099901739376037,-1.179024470547907,-0.06992173829579512,0.9474866733593919,0.9048055324001227,-1.042512820865339,-0.3041918912684436,-0.9118701219168851,-1.143668312693375,0.8085666669970842,0.40512286080543575,-1.0161329645585022,0
-0.634918112038349,-1.1099901739376037,0.8491410419312149,-0.3764517727825959,-0.5733475201700994,0.9048055324001227,-1.2008713165995828,0.853056793629862,-0.5157621095580628,-1.143668312693375,-0.7394662468772634,-0.7853990799333818,0.9841231756854657,0
-0.634918112038349,-1.1099901739376037,-0.502969299721533,-0.20398322530035215,-0.404365943111267,-1.177851894974348,-0.646616581529729,1.4316811360790147,-1.0159323963501345,-0.6849837281165926,-0.7394662468772634,0.8416475724096689,-1.0161329645585022,0
0.0428782422044723,-1.1099901739376037,1.5251962127575889,0.54975533657425,-0.23538436605243465,-1.177851894974348,-0.33908438281382725,-1.461440576166749,0.2965950005337584,-0.9143260204049839,0.03455021005991044,-0.7655570475877348,0.9841231756854657,0
-0.634918112038349,0.9009088760241706,-0.502969299721533,0.4787686026732624,-0.404365943111267,-1.177851894974348,0.06599664927436881,0.2744324511807092,-0.09615616426270057,-0.570312581972397,-0.4814607612315388,0.7027533459901402,-1.0161329645585022,0
-0.12657084635623306,0.9009088760241706,-1.179024470547907,-0.05994095613218574,-0.5733475201700994,-1.177851894974348,2.2830155895537843,-0.8828162337175963,0.1656779456016052,2.0671237793441026,-0.22345527558581418,-0.4282424977117365,0.9841231756854657,0
1.5679200392508204,-1.1099901739376037,0.8491410419312149,0.35407199513550974,1.6234129815947211,-1.177851894974348,0.6994306322113446,0.853056793629862,0.15896425047687956,0.003043148748581378,1.3245776382885335,0.305912699077201,0.9841231756854657,0
-0.12657084635623306,0.9009088760241706,-0.502969299721533,0.1764393404262086,-0.06640278899360229,0.9048055324001227,0.8577891279455886,-1.461440576166749,-0.035732908140168516,0.23238544103697253,0.03455021005991044,-2.4719718293133734,0.9841231756854657,0
-0.9738162891597597,0.9009088760241706,0.8491410419312149,0.0818903802782191,-0.911310674287764,0.9048055324001227,-0.5040939353689095,1.4316811360790147,2.17642963545698,-0.6849837281165926,-0.22345527558581418,0.3455967637684949,-1.0161329645585022,0
0.21232733076517762,-1.1099901739376037,-0.502969299721533,-0.20617836568127257,0.10257878806523006,0.9048055324001227,-1.042512820865339,1.4316811360790147,-0.9420817499781512,-1.143668312693375,0.8085666669970842,1.1988041546313142,-1.0161329645585022,0
0.38177641932588297,-1.1099901739376037,-1.179024470547907,-0.21402717697132614,0.2715603651240624,0.9048055324001227,-0.7459073583551,-0.8828162337175963,0.041474585794178266,-0.7996548742607882,-0.22345527558581418,-2.2537094735112566,0.9841231756854657,0
1.0595727735687044,0.9009088760241706,-0.502969299721533,-0.10564409471048566,0.9474866733593919,-1.177851894974348,0.09355102753212725,0.853056793629862,0.011262957732911642,0.003043148748581378,0.03455021005991044,-0.7060309505507939,0.9841231756854657,0
-0.12657084635623306,0.9009088760241706,-0.502969299721533,0.46433437024044755,0.4405419421828948,-1.177851894974348,1.6495816066168083,-0.3041918912684436,1.5654833791069334,0.4617277333253637,0.03455021005991044,-1.0830295651180861,0.9841231756854657,0
-0.9738162891597597,-1.1099901739376037,0.8491410419312149,-0.2935260019896958,-0.911310674287764,-1.177851894974348,0.06599664927436881,-0.8828162337175963,-1.6705176710108995,0.23238544103697253,-0.4814607612315388,0.32575473142284794,-1.0161329645585022,0
-0.634918112038349,0.9009088760241706,0.8491410419312149,0.3607679629161591,-0.911310674287764,0.9048055324001227,-0.3774071387815143,-0.8828162337175963,-0.5929696034924096,-0.7996548742607882,-0.4814607612315388,-0.26950623894656084,-1.0161329645585022,0
-0.12657084635623306,0.9009088760241706,-0.502969299721533,-0.6396949023477934,-0.23538436605243465,0.21058638994196582,-0.48746629331681385,1.4316811360790147,1.0854541776890392,0.3470565871811683,-0.7394662468772634,1.0797519605574324,-1.0161329645585022,0
1.398470950690115,-1.1099901739376037,0.8491410419312149,-0.3380920894354326,1.2854498274770565,0.9048055324001227,-1.121692068732461,0.853056793629862,-1.3348329147746099,-1.143668312693375,1.3245776382885335,-0.7060309505507939,-1.0161329645585022,0
2.754063659175758,0.9009088760241706,0.8491410419312149,-0.6982214509211104,2.8062840210065474,0.9048055324001227,-0.43299097078423393,-0.8828162337175963,-0.9219406646039736,0.5763988794695595,3.130616037808606,0.4448069254967297,-1.0161329645585022,0
-0.9738162891597597,-1.1099901739376037,1.5251962127575889,-0.2832609570429456,-0.911310674287764,-1.177851894974348,1.9662985980852963,0.2744324511807092,-0.022305517890717212,2.411137217776689,-0.7394662468772634,1.258330251668255,0.9841231756854657,0
-0.2960199349169384,-1.1099901739376037,-1.179024470547907,0.8321862040014497,0.10257878806523006,-1.177851894974348,-0.2507203421941191,1.4316811360790147,0.5886407384593302,-0.9143260204049839,-0.7394662468772634,-0.07108591549009124,0.9841231756854657,0
0.38177641932588297,0.9009088760241706,0.17308587110484092,0.2345710795784968,0.6095235192417271,-1.177851894974348,1.6495816066168083,-0.8828162337175963,0.23281489684886292,0.8057411717579506,0.03455021005991044,1.5559607368529593,-1.0161329645585022,0
-0.634918112038349,0.9009088760241706,0.8491410419312149,0.3088268354856033,-0.7423290972289317,-1.177851894974348,-0.377882214268717,-0.8828162337175963,0.984748750818152,-0.7996548742607882,-0.4814607612315388,-0.36871640067479566,-1.0161329645585022,0
-0.9738162891597597,0.9009088760241706,-0.502969299721533,-0.09026231966720158,-0.911310674287764,0.9048055324001227,-0.3943514978250784,-0.8828162337175963,0.9075412568838058,-0.45564143582820127,-0.997471732522988,-1.5790803737592602,-1.0161329645585022,0
-0.12657084635623306,-1.1099901739376037,-1.179024470547907,1.0305226647495038,-0.7423290972289317,-1.177851894974348,0.06599664927436881,-1.461440576166749,0.2865244578466693,-0.7996548742607882,-0.22345527558581418,1.238488219322608,0.9841231756854657,0
-0.2960199349169384,-1.1099901739376037,0.8491410419312149,-0.3348388598061549,-0.23538436605243465,-1.177851894974348,0.7181169347079854,1.4316811360790147,0.24624228709831483,1.1497546101905376,-0.4814607612315388,0.0479662785837905,0.9841231756854657,0
-0.8043672005990544,-1.1099901739376037,0.8491410419312149,-0.3163144017714811,-0.404365943111267,-1.177851894974348,-0.5674373336626071,0.853056793629862,0.20596011634995973,-0.45564143582820127,-0.4814607612315388,-0.13061201252703214,0.9841231756854657,0
0.0428782422044723,-1.1099901739376037,-0.502969299721533,0.008503205097376065,-0.06640278899360229,0.9048055324001227,-0.7257958293968509,1.4316811360790147,-1.0226460914748605,-0.9143260204049839,0.03455021005991044,0.3654387961141419,-1.0161329645585022,0
-0.46546902347764374,0.9009088760241706,-0.502969299721533,0.12484564528615821,-0.404365943111267,-1.177851894974348,0.2637864104464395,0.2744324511807092,-1.267695963527352,-0.11162799739561437,-0.22345527558581418,-2.0156050853634935,0.9841231756854657,0
-0.2960199349169384,0.9009088760241706,0.8491410419312149,0.26882474494696,-0.404365943111267,0.9048055324001227,1.6495816066168083,-0.8828162337175963,-1.2878370489015294,0.8057411717579506,0.5505611813513597,-2.571181991041608,0.9841231756854657,0
1.398470950690115,0.9009088760241706,1.5251962127575889,-0.3339544867030503,1.6234129815947211,0.9048055324001227,-0.5674373336626071,0.853056793629862,-0.5392600424946031,-0.45564143582820127,2.098594095225707,-0.4282424977117365,0.9841231756854657,0
-0.8043672005990544,-1.1099901739376037,-0.502969299721533,1.7787181023528609,-0.911310674287764,-1.177851894974348,0.38271364074285674,0.853056793629862,-1.8752853723150364,-0.9143260204049839,-0.4814607612315388,-0.7060309505507939,0.9841231756854657,0
0.5512255078865883,0.9009088760241706,-1.179024470547907,0.11508595639832499,0.2715603651240624,0.9048055324001227,-0.4090788379283631,0.853056793629862,-1.7040861466345287,-0.6849837281165926,0.5505611813513597,-0.22982217425526694,0.9841231756854657,0
-0.9738162891597597,0.9009088760241706,-0.502969299721533,0.652137315635452,-0.911310674287764,0.9048055324001227,-1.327558113186978,0.2744324511807092,-0.811164695045998,-1.487681751125962,-0.7394662468772634,1.278172284013902,-1.0161329645585022,0
-0.12657084635623306,0.9009088760241706,-1.179024470547907,-0.054018814816752955,-0.404365943111267,-1.177851894974348,-0.9493980253736035,-0.3041918912684436,-1.4858910550809403,-1.0289971665491795,0.03455021005991044,-1.0235034680811452,-1.0161329645585022,0
-0.8043672005990544,-1.1099901739376037,-1.179024470547907,-0.6023143463647816,-0.911310674287764,-1.177851894974348,-1.021134423941216,1.4316811360790147,-0.9823639207265057,-0.6849837281165926,-0.4814607612315388,-0.20998014190961997,0.9841231756854657,0
-0.634918112038349,0.9009088760241706,0.8491410419312149,-0.22863512554939366,-0.404365943111267,-1.177851894974348,-0.3995773281843084,0.2744324511807092,-0.6399654693654903,-0.34097028968400567,-0.997471732522988,0.305912699077201,0.9841231756854657,0
1.0595727735687044,-1.1099901739376037,-1.179024470547907,0.6694615530301979,0.4405419421828948,-1.177851894974348,0.38271364074285674,0.2744324511807092,-1.240841183028449,-0.45564143582820127,1.3245776382885335,0.5043330225336705,-1.0161329645585022,0
0.5512255078865883,-1.1099901739376037,-1.179024470547907,-0.11046076964703766,0.6095235192417271,0.21058638994196582,2.3226052134873454,1.4316811360790147,0.3939435798422821,2.1817949254882985,0.29255569570563505,0.305912699077201,0.9841231756854657,0
0.38177641932588297,0.9009088760241706,1.5251962127575889,0.552013646462535,-0.23538436605243465,0.9048055324001227,-0.5674373336626071,0.853056793629862,0.2294580492865001,-1.0289971665491795,0.29255569570563505,-0.5472946917856183,0.9841231756854657,0
-0.2960199349169384,-1.1099901739376037,-0.502969299721533,-0.7681185108200583,-0.911310674287764,0.9048055324001227,-0.8841543251310949,0.853056793629862,-0.8380194755449012,-0.11162799739561437,-0.4814607612315388,0.7225953783357871,-1.0161329645585022,0
-0.2960199349169384,-1.1099901739376037,0.17308587110484092,-0.24684373604724433,-0.404365943111267,-1.177851894974348,-0.5674373336626071,-0.8828162337175963,-1.4724636648314886,-0.570312581972397,-0.7394662468772634,0.9408577341379036,0.9841231756854657,0
-0.9738162891597597,-1.1099901739376037,1.5251962127575889,-0.6242341654203035,-0.911310674287764,0.9048055324001227,-0.7257958293968509,-0.8828162337175963,-0.03237606057780569,-0.2262991435398101,-0.997471732522988,-1.7378166325244357,0.9841231756854657,0
0.890123685007999,0.9009088760241706,1.5251962127575889,-0.11826220380656777,0.7785050963005594,-1.177851894974348,-1.042512820865339,0.2744324511807092,-0.21028898138303903,-1.143668312693375,0.03455021005991044,0.40512286080543575,0.9841231756854657,0
0.21232733076517762,-1.1099901739376037,0.8491410419312149,0.12012372461065314,0.6095235192417271,-1.177851894974348,2.29330889177651,-1.461440576166749,-0.9790070731641428,1.4937680486231246,0.8085666669970842,-1.12271362980938,0.9841231756854657,0
-0.46546902347764374,-1.1099901739376037,-0.502969299721533,0.3447071156687054,-0.5733475201700994,-1.177851894974348,0.06599664927436881,1.4316811360790147,-0.7104592681751108,-0.45564143582820127,-0.4814607612315388,-1.2616078562289088,-1.0161329645585022,0
-0.46546902347764374,-1.1099901739376037,0.8491410419312149,-0.4492072528897928,-0.06640278899360229,-1.177851894974348,-0.963333572998217,0.853056793629862,-1.2811233537768034,-0.7996548742607882,-0.4814607612315388,0.5638591195706114,-1.0161329645585022,0
1.398470950690115,0.9009088760241706,-1.179024470547907,-0.94876750950602,0.9474866733593919,0.9048055324001227,-1.1468710695542057,-1.461440576166749,0.2563128297854033,-0.2262991435398101,1.066572152642809,0.9210157017922567,0.9841231756854657,0
-0.46546902347764374,0.9009088760241706,-1.179024470547907,-0.0534187044967891,-0.404365943111267,0.9048055324001227,0.38271364074285674,0.2744324511807092,0.8571885434483623,0.23238544103697253,-0.7394662468772634,-0.9838194033898514,0.9841231756854657,0
-0.634918112038349,-1.1099901739376037,-0.502969299721533,-0.8677368239340584,-0.23538436605243465,0.9048055324001227,-0.963333572998217,0.2744324511807092,0.10525468947907315,0.003043148748581378,-0.7394662468772634,0.18686050500331922,0.9841231756854657,0
0.21232733076517762,-1.1099901739376037,-0.502969299721533,1.5787234420364855,-0.404365943111267,-1.177851894974348,2.31009489232434,1.4316811360790147,0.5987112811464187,-0.11162799739561437,0.5505611813513597,0.3455967637684949,0.9841231756854657,0
0.21232733076517762,0.9009088760241706,0.8491410419312149,0.15872029361043372,0.10257878806523006,-1.177851894974348,2.4413740852880284,1.4316811360790147,0.16232109803924238,1.6084391947673204,0.03455021005991044,-1.658448503141848,0.9841231756854657,0
1.0595727735687044,0.9009088760241706,-0.502969299721533,0.7973955978203873,1.1164682504182242,-1.177851894974348,0.056336781034579925,-1.461440576166749,-1.0192892439124976,-0.6849837281165926,0.5505611813513597,1.337698381050843,0.9841231756854657,0
0.38177641932588297,-1.1099901739376037,-0.502969299721533,0.8396875830009979,0.10257878806523006,0.9048055324001227,1.3328646151483206,-1.461440576166749,-0.945438597540514,0.003043148748581378,0.29255569570563505,0.7622794430270811,-1.0161329645585022,0
1.5679200392508204,-1.1099901739376037,-1.179024470547907,-0.490125301285223,1.9613761357123858,0.21058638994196582,0.6929379338862407,-0.3041918912684436,-0.12301094476160378,1.7231103409115156,2.6146050665171567,1.298014316359549,-1.0161329645585022,0
-0.634918112038349,-1.1099901739376037,0.8491410419312149,1.2175675760561329,-0.404365943111267,0.21058638994196582,2.2546694188173544,1.4316811360790147,0.138823165102702,0.1177142948927768,-0.7394662468772634,-0.7457150152420878,-1.0161329645585022,0
-0.8043672005990544,-1.1099901739376037,1.5251962127575889,1.033002067913565,-0.911310674287764,-1.177851894974348,0.06599664927436881,-0.8828162337175963,-0.4956210241838858,-0.7996548742607882,-0.7394662468772634,-1.3211339532658497,0.9841231756854657,0
-0.2960199349169384,0.9009088760241706,-1.179024470547907,-0.2286193331725525,0.10257878806523006,0.9048055324001227,-0.5674373336626071,-0.8828162337175963,-1.5865964819518272,-0.570312581972397,-0.22345527558581418,0.9210157017922567,0.9841231756854657,0
0.5512255078865883,-1.1099901739376037,-0.502969299721533,0.04528365076042393,0.2715603651240624,0.9048055324001227,1.3328646151483206,0.2744324511807092,-0.33784918875282943,0.9204123179021463,1.066572152642809,0.9011736694466097,0.9841231756854657,0
-0.634918112038349,-1.1099901739376037,0.8491410419312149,-0.3345703893998553,-0.911310674287764,0.9048055324001227,-0.3774071387815143,0.853056793629862,0.30330869565848406,-0.2262991435398101,-0.4814607612315388,0.0479662785837905,0.9841231756854657,0
0.890123685007999,0.9009088760241706,1.5251962127575889,1.5044834785062202,0.4405419421828948,-1.177851894974348,-0.621912656195187,-0.8828162337175963,-0.25057115213139414,-1.2583394588375707,1.066572152642809,-0.40840046536608954,0.9841231756854657,0
1.0595727735687044,-1.1099901739376037,-1.179024470547907,1.0300015163137457,0.6095235192417271,-1.177851894974348,1.142992778762962,-0.8828162337175963,-1.3751150855229646,-0.2262991435398101,0.03455021005991044,-0.09092794783573821,0.9841231756854657,0
-0.12657084635623306,0.9009088760241706,-1.179024470547907,-0.5319277227837579,-0.5733475201700994,0.9048055324001227,-1.2477454313369192,-1.461440576166749,-0.8480900182319897,-1.143668312693375,0.29255569570563505,-0.3488743683291487,0.9841231756854657,0
0.38177641932588297,0.9009088760241706,-0.502969299721533,0.8401297695525501,-0.23538436605243465,-1.177851894974348,1.0161476236798326,-0.8828162337175963,1.1693753667481117,-0.2262991435398101,1.066572152642809,1.5162766721616654,0.9841231756854657,0
-0.2960199349169384,0.9009088760241706,0.8491410419312149,-0.3949604384404285,-0.06640278899360229,0.9048055324001227,0.12934004756806639,1.4316811360790147,-0.18679104844649927,0.5763988794695595,-0.4814607612315388,-1.7179746001787888,-1.0161329645585022,0
-0.8043672005990544,-1.1099901739376037,-1.179024470547907,-0.6203808254710619,-0.911310674287764,0.9048055324001227,-1.228900770344544,-0.8828162337175963,-1.851787439378496,-1.143668312693375,-0.7394662468772634,-1.2814498885745558,0.9841231756854657,0
0.38177641932588297,0.9009088760241706,-0.502969299721533,0.2848540074407314,0.7785050963005594,-1.177851894974348,1.6495816066168083,-0.3041918912684436,-0.4049861400000871,0.6910700256137552,0.5505611813513597,-0.051243883144444294,-1.0161329645585022,0
-0.9738162891597597,0.9009088760241706,-0.502969299721533,-0.24744384636720818,-0.7423290972289317,0.9048055324001227,0.06599664927436881,-0.8828162337175963,-0.14986572526050698,0.23238544103697253,-0.4814607612315388,0.5043330225336705,0.9841231756854657,0
-0.9738162891597597,0.9009088760241706,-0.502969299721533,-0.22059680573724624,-0.911310674287764,-1.177851894974348,0.06599664927436881,0.853056793629862,-0.09615616426270057,0.1177142948927768,-0.4814607612315388,-0.9838194033898514,0.9841231756854657,0
-0.12657084635623306,0.9009088760241706,0.8491410419312149,1.3353629149143011,0.10257878806523006,-1.177851894974348,0.05411976209430051,1.4316811360790147,-0.17336365819704735,-0.9143260204049839,-0.22345527558581418,-0.15045404487267908,-1.0161329645585022,0
-0.8043672005990544,0.9009088760241706,-1.179024470547907,0.04676813418349241,-0.7423290972289317,0.9048055324001227,0.26616178788245315,0.853056793629862,-0.8178783901707236,0.003043148748581378,-0.4814607612315388,-0.6068207888225592,0.9841231756854657,0
-0.2960199349169384,0.9009088760241706,-0.502969299721533,0.005565823004921405,0.10257878806523006,-1.177851894974348,-1.1286598425447676,1.4316811360790147,0.04483143335654109,-1.2583394588375707,-0.22345527558581418,-0.03140185079879733,0.9841231756854657,0
-0.634918112038349,-1.1099901739376037,1.5251962127575889,-0.301437982787114,-0.7423290972289317,0.9048055324001227,-0.5674373336626071,0.853056793629862,0.1488937077897905,-0.45564143582820127,-0.7394662468772634,1.0599099282117854,0.9841231756854657,0
-0.8043672005990544,0.9009088760241706,1.5251962127575889,-0.33861323787119074,-0.911310674287764,0.9048055324001227,-0.7257958293968509,-1.461440576166749,-0.07601507888852362,-0.570312581972397,-0.4814607612315388,-2.2140254088199627,-1.0161329645585022,0
1.5679200392508204,0.9009088760241706,0.8491410419312149,1.9190491629633561,1.7923945586535535,0.9048055324001227,1.8977293694323687,1.4316811360790147,0.08175675654253277,-0.34097028968400567,1.3245776382885335,-0.9242933063529105,0.9841231756854657,0
2.754063659175758,0.9009088760241706,-1.179024470547907,-0.25770889131395835,2.130357712771218,0.9048055324001227,-0.7257958293968509,-1.461440576166749,0.041474585794178266,-0.6849837281165926,1.3245776382885335,0.3455967637684949,0.9841231756854657,0
1.7373691278115257,0.9009088760241706,0.8491410419312149,0.6519004299828346,1.4544314045358888,0.9048055324001227,-0.7257958293968509,-0.8828162337175963,-0.43519776806135313,-1.143668312693375,1.066572152642809,-0.5472946917856183,-1.0161329645585022,0
-0.46546902347764374,0.9009088760241706,-0.502969299721533,0.08108496905932024,-0.5733475201700994,0.9048055324001227,-0.2507203421941191,-0.8828162337175963,1.6628319584154578,-0.570312581972397,-0.7394662468772634,0.20670253734896618,0.9841231756854657,0
-0.634918112038349,-1.1099901739376037,0.8491410419312149,0.5522505321151524,-0.911310674287764,-1.177851894974348,4.024959042630468,-0.8828162337175963,-1.0595714146608524,1.8377814870557112,-0.4814607612315388,0.3455967637684949,0.9841231756854657,0
-0.12657084635623306,0.9009088760241706,-0.502969299721533,0.2330234266480637,-0.06640278899360229,-1.177851894974348,-0.7064760929172732,-0.3041918912684436,-0.8212352377330865,-1.0289971665491795,0.5505611813513597,1.317856348705196,0.9841231756854657,0
1.0595727735687044,0.9009088760241706,-0.502969299721533,0.6117088309220975,0.7785050963005594,-1.177851894974348,1.6495816066168083,1.4316811360790147,-0.4654093961226198,0.3470565871811683,0.8085666669970842,0.6233852166075523,-1.0161329645585022,0
1.0595727735687044,-1.1099901739376037,1.5251962127575889,-0.030314457178180675,0.2715603651240624,-1.177851894974348,-0.37883236524312247,0.2744324511807092,-1.2005590122800942,-0.570312581972397,0.29255569570563505,1.0995939929030794,0.9841231756854657,0
1.0595727735687044,0.9009088760241706,-0.502969299721533,-0.2994639356819697,0.7785050963005594,0.9048055324001227,-0.8841543251310949,-1.461440576166749,0.1522505553521539,-0.7996548742607882,0.03455021005991044,1.1194360252487263,-1.0161329645585022,0
-0.634918112038349,-1.1099901739376037,-0.502969299721533,0.46155491191640446,-0.911310674287764,-1.177851894974348,0.38271364074285674,-0.8828162337175963,0.3939435798422821,-0.34097028968400567,-0.7394662468772634,1.35754041339649,0.9841231756854657,0
0.21232733076517762,-1.1099901739376037,-1.179024470547907,0.2870175630679695,0.10257878806523006,0.9048055324001227,0.38271364074285674,0.853056793629862,-0.19686159113358773,-0.2262991435398101,0.29255569570563505,-0.09092794783573821,-1.0161329645585022,0
-0.2960199349169384,0.9009088760241706,-1.179024470547907,-0.6366627659942917,-0.911310674287764,0.9048055324001227,-0.48509091588080017,-0.8828162337175963,-0.12301094476160378,0.23238544103697253,-0.4814607612315388,1.0003838311748445,-1.0161329645585022,0
-0.12657084635623306,0.9009088760241706,1.5251962127575889,0.12045536452431738,-0.5733475201700994,0.9048055324001227,-0.4090788379283631,-0.8828162337175963,-0.3244217985033781,-0.6849837281165926,-0.4814607612315388,0.7027533459901402,0.9841231756854657,0
-0.9738162891597597,0.9009088760241706,-1.179024470547907,0.11467535460045497,-0.911310674287764,-1.177851894974348,0.5497818537424841,-0.3041918912684436,-0.33784918875282943,0.1177142948927768,-0.7394662468772634,-0.32903233598350173,0.9841231756854657,0
-0.634918112038349,0.9009088760241706,0.8491410419312149,1.257869721754758,-0.5733475201700994,-1.177851894974348,2.91644957249076,-0.8828162337175963,-0.8447331706696268,0.4617277333253637,-0.7394662468772634,-0.22982217425526694,-1.0161329645585022,0
0.21232733076517762,0.9009088760241706,0.8491410419312149,-0.4858297747844291,0.10257878806523006,0.21058638994196582,-0.5040939353689095,1.4316811360790147,-1.1300652134704734,-0.11162799739561437,0.29255569570563505,-1.6981325678331418,0.9841231756854657,0
1.7373691278115257,-1.1099901739376037,-1.179024470547907,0.6531796125069681,1.4544314045358888,-1.177851894974348,-0.2507203421941191,-0.8828162337175963,-1.1502062988446506,-0.7996548742607882,1.8405886095799828,0.5837011519162584,0.9841231756854657,0
-0.8043672005990544,-1.1099901739376037,0.8491410419312149,3.495065202203169,-0.911310674287764,-1.177851894974348,-0.7324468862176893,-1.461440576166749,-0.7306003535492884,-1.3730106049817663,-0.4814607612315388,-0.9639773710442044,0.9841231756854657,0
0.890123685007999,0.9009088760241706,0.8491410419312149,-0.20185125442679636,0.7785050963005594,0.9048055324001227,-0.963333572998217,-1.461440576166749,-0.11965409719924096,-1.0289971665491795,0.5505611813513597,-0.051243883144444294,0.9841231756854657,0
-0.634918112038349,0.9009088760241706,1.5251962127575889,-0.6510180365429008,-0.7423290972289317,0.9048055324001227,-1.1733169383418245,0.853056793629862,-0.7708825242976429,-0.9143260204049839,-0.4814607612315388,1.0797519605574324,0.9841231756854657,0
-0.634918112038349,-1.1099901739376037,-0.502969299721533,1.0288644651811827,-0.911310674287764,-1.177851894974348,0.06599664927436881,-0.8828162337175963,-1.4623931221444,-0.7996548742607882,-0.4814607612315388,0.5440170872249644,-1.0161329645585022,0
-0.634918112038349,-1.1099901739376037,1.5251962127575889,0.2746363396245047,-0.911310674287764,-1.177851894974348,-0.6443995625894496,0.2744324511807092,-0.7339572011116512,-0.9143260204049839,-0.997471732522988,0.6829113136444932,0.9841231756854657,0
-0.46546902347764374,-1.1099901739376037,0.8491410419312149,-0.03579441194206114,-0.7423290972289317,-1.177851894974348,-0.2507203421941191,1.4316811360790147,-0.022305517890717212,-0.45564143582820127,-0.7394662468772634,-1.2814498885745558,0.9841231756854657,0
0.890123685007999,-1.1099901739376037,-0.502969299721533,-0.2302775327408737,1.1164682504182242,-1.177851894974348,2.6833458667699532,0.853056793629862,-0.17000681063468454,3.0991640946418633,0.03455021005991044,-0.9242933063529105,0.9841231756854657,0
-0.12657084635623306,-1.1099901739376037,-1.179024470547907,-0.29540529483379313,-0.5733475201700994,-1.177851894974348,-1.042512820865339,0.853056793629862,0.6255660616453219,-1.0289971665491795,-0.4814607612315388,-0.4282424977117365,-1.0161329645585022,0
0.0428782422044723,0.9009088760241706,1.5251962127575889,-0.4486071425698289,-0.06640278899360229,0.9048055324001227,-1.1546306358451837,1.4316811360790147,-0.2807827801926602,-1.143668312693375,-0.22345527558581418,0.12733440796637835,0.9841231756854657,0
-0.634918112038349,-1.1099901739376037,0.8491410419312149,-0.16570250383739465,-0.911310674287764,-1.177851894974348,0.5233359849548653,0.853056793629862,-1.0427871768490378,0.5763988794695595,-0.7394662468772634,-0.686188918205147,0.9841231756854657,0
-0.9738162891597597,-1.1099901739376037,0.8491410419312149,-0.4506443591823378,-0.911310674287764,0.9048055324001227,-0.7257958293968509,0.2744324511807092,-1.1166378232210217,-0.45564143582820127,-0.4814607612315388,-1.202081759191968,0.9841231756854657,0
-0.12657084635623306,-1.1099901739376037,0.8491410419312149,1.3135062653661438,-0.5733475201700994,-1.177851894974348,0.19268344586176397,1.4316811360790147,-0.2707122375055717,-0.7996548742607882,0.29255569570563505,-0.13061201252703214,0.9841231756854657,0
-0.12657084635623306,0.9009088760241706,-0.502969299721533,0.3628683490360326,-0.06640278899360229,0.9048055324001227,-0.5674373336626071,-1.461440576166749,-0.3747745119388211,-0.9143260204049839,-0.4814607612315388,0.7424374106814341,0.9841231756854657,0
0.38177641932588297,0.9009088760241706,-1.179024470547907,2.166263030034782,0.2715603651240624,-1.177851894974348,0.8661821282195036,-0.3041918912684436,-1.5966670246389159,-0.7996548742607882,0.29255569570563505,-0.051243883144444294,0.9841231756854657,0
0.38177641932588297,-1.1099901739376037,0.8491410419312149,0.020805466656635095,0.6095235192417271,-1.177851894974348,-0.8841543251310949,1.4316811360790147,-0.3076375606915634,-1.0289971665491795,0.5505611813513597,0.801963507718375,-1.0161329645585022,0
0.0428782422044723,0.9009088760241706,-0.502969299721533,-0.5469304807828542,0.2715603651240624,0.9048055324001227,-1.042512820865339,0.2744324511807092,0.03811773823181484,-0.7996548742607882,0.03455021005991044,0.5440170872249644,0.9841231756854657,0
-0.9738162891597597,0.9009088760241706,-0.502969299721533,2.326871502509319,-0.911310674287764,-1.177851894974348,-1.1511467489390304,0.853056793629862,-0.915226969479248,-1.487681751125962,-0.7394662468772634,-0.7655570475877348,-1.0161329645585022,0
-0.12657084635623306,0.9009088760241706,-1.179024470547907,-0.5182041473087949,0.10257878806523006,0.9048055324001227,-1.0171754615478599,-1.461440576166749,0.5450017201486129,-0.7996548742607882,-0.4814607612315388,0.4249648931510827,0.9841231756854657,0
-0.2960199349169384,0.9009088760241706,-1.179024470547907,1.6001536974099317,-0.404365943111267,-1.177851894974348,0.38793947110208676,-1.461440576166749,-0.9722933780394172,-0.7996548742607882,-0.4814607612315388,0.10749237562073138,-1.0161329645585022,0
-0.9738162891597597,-1.1099901739376037,-1.179024470547907,-0.7459460137350781,-0.7423290972289317,0.9048055324001227,-0.7828048878611789,0.853056793629862,0.3335203237197501,0.003043148748581378,-0.7394662468772634,0.6630692812988462,0.9841231756854657,0
1.398470950690115,-1.1099901739376037,-0.502969299721533,0.17230173769382623,1.2854498274770565,-1.177851894974348,0.06599664927436881,-0.3041918912684436,0.24959913466067765,-0.34097028968400567,1.582583123934258,1.258330251668255,0.9841231756854657,0
-0.634918112038349,0.9009088760241706,1.5251962127575889,1.0312964912147204,-0.5733475201700994,-1.177851894974348,2.4413740852880284,-0.8828162337175963,1.4278526290500546,0.3470565871811683,-0.7394662468772634,-0.11076998018138517,-1.0161329645585022,0
0.38177641932588297,0.9009088760241706,-0.502969299721533,-0.4429850564143781,0.10257878806523006,0.9048055324001227,-0.646616581529729,-0.8828162337175963,-0.0860856215756121,-0.34097028968400567,0.5505611813513597,-2.7299182498067838,0.9841231756854657,0
1.0595727735687044,0.9009088760241706,-0.502969299721533,0.2506635115796328,0.7785050963005594,-1.177851894974348,-0.7574675285436998,-0.3041918912684436,-0.5996832986171352,-1.0289971665491795,0.03455021005991044,0.16701847265767225,0.9841231756854657,0
2.2457163934936415,0.9009088760241706,0.8491410419312149,0.5526927186667047,2.4683208668888827,-1.177851894974348,1.9029551997915988,-0.3041918912684436,0.9780350556934264,0.5763988794695595,1.582583123934258,0.14717644031202531,0.9841231756854657,0
-0.46546902347764374,-1.1099901739376037,0.8491410419312149,1.046425588228546,-0.404365943111267,-1.177851894974348,1.693446909935194,-0.3041918912684436,-0.059230841076708896,0.003043148748581378,-0.997471732522988,-0.30919030363785477,0.9841231756854657,0
0.890123685007999,0.9009088760241706,1.5251962127575889,-0.112750664289005,0.7785050963005594,0.9048055324001227,0.06599664927436881,0.853056793629862,0.14218001266506483,0.003043148748581378,0.8085666669970842,2.0123274808028393,-1.0161329645585022,0
-0.12657084635623306,-1.1099901739376037,-1.179024470547907,-0.5287850397923682,0.4405419421828948,0.21058638994196582,-0.4882580857954851,0.2744324511807092,-1.8047915735054156,0.003043148748581378,0.03455021005991044,-0.15045404487267908,0.9841231756854657,0
-0.634918112038349,-1.1099901739376037,-0.502969299721533,0.36334212034126717,-0.5733475201700994,-1.177851894974348,0.06599664927436881,0.2744324511807092,0.24624228709831483,-0.45564143582820127,-0.4814607612315388,0.286070666731554,0.9841231756854657,0
-0.9738162891597597,0.9009088760241706,0.8491410419312149,-0.763775607188741,-0.911310674287764,0.9048055324001227,-0.5674373336626071,0.2744324511807092,-1.1636336890941021,0.5763988794695595,-0.7394662468772634,-1.9759210206721993,0.9841231756854657,0
0.5512255078865883,-1.1099901739376037,-0.502969299721533,0.5494079042837446,0.7785050963005594,-1.177851894974348,2.2830155895537843,-0.8828162337175963,0.7866947446387411,0.8057411717579506,1.066572152642809,1.337698381050843,0.9841231756854657,0
-0.9738162891597597,0.9009088760241706,-0.502969299721533,0.009008561156292996,-0.5733475201700994,0.9048055324001227,-1.1349941823741374,-0.8828162337175963,-0.0726582313261608,-1.2583394588375707,-0.7394662468772634,0.40512286080543575,0.9841231756854657,0
-0.8043672005990544,0.9009088760241706,-1.179024470547907,0.6487261622377627,-0.911310674287764,-1.177851894974348,0.06599664927436881,1.4316811360790147,-0.12301094476160378,-0.6849837281165926,-0.7394662468772634,-0.9242933063529105,0.9841231756854657,0
-0.2960199349169384,-1.1099901739376037,-1.179024470547907,0.7436857241836222,0.2715603651240624,-1.177851894974348,0.06599664927436881,-0.8828162337175963,-0.41841353024953903,-0.6849837281165926,-0.7394662468772634,0.305912699077201,-1.0161329645585022,0
0.21232733076517762,0.9009088760241706,-0.502969299721533,-0.44786490085829467,-0.06640278899360229,0.9048055324001227,-1.042512820865339,0.2744324511807092,0.4711510737766289,-0.9143260204049839,-0.22345527558581418,1.5162766721616654,0.9841231756854657,0
0.21232733076517762,0.9009088760241706,-0.502969299721533,1.0248374090866883,0.10257878806523006,-1.177851894974348,-0.7257958293968509,-1.461440576166749,-0.6366086218031275,-1.2583394588375707,0.03455021005991044,0.10749237562073138,0.9841231756854657,0
0.38177641932588297,-1.1099901739376037,-1.179024470547907,-0.17138775950021012,0.10257878806523006,0.9048055324001227,-0.8841543251310949,-0.3041918912684436,-1.0192892439124976,-0.9143260204049839,0.8085666669970842,0.40512286080543575,0.9841231756854657,0
-0.12657084635623306,0.9009088760241706,-1.179024470547907,0.08004267218780407,-0.404365943111267,0.9048055324001227,0.8577891279455886,0.853056793629862,1.8206037938465136,0.4617277333253637,-0.22345527558581418,0.22654456969461315,0.9841231756854657,0
1.2290218621294098,0.9009088760241706,1.5251962127575889,-0.4850717406960537,0.9474866733593919,0.9048055324001227,-0.2507203421941191,-1.461440576166749,-1.3415466098993358,0.23238544103697253,0.03455021005991044,0.6432272489531993,-1.0161329645585022,0
-0.2960199349169384,0.9009088760241706,1.5251962127575889,0.8387242480136875,-0.23538436605243465,-1.177851894974348,1.3328646151483206,0.2744324511807092,0.021333500420000717,0.003043148748581378,-0.22345527558581418,-1.2814498885745558,0.9841231756854657,0
-0.46546902347764374,0.9009088760241706,-1.179024470547907,-0.24234290864751543,-0.911310674287764,-1.177851894974348,-0.8079838886829236,1.4316811360790147,-1.2777665062144405,-0.7996548742607882,-0.22345527558581418,-0.03140185079879733,0.9841231756854657,0
-0.9738162891597597,-1.1099901739376037,-0.502969299721533,0.26497140499771843,-0.911310674287764,-1.177851894974348,-0.7257958293968509,0.2744324511807092,-0.7037455730503852,-1.0289971665491795,-0.7394662468772634,0.782121475372728,0.9841231756854657,0
-0.2960199349169384,0.9009088760241706,-1.179024470547907,-0.6210914824289139,-0.404365943111267,0.9048055324001227,-0.8841543251310949,-1.461440576166749,-1.4825342075185775,-0.45564143582820127,0.29255569570563505,0.38528082845978884,-1.0161329645585022,0
0.7206745964472937,0.9009088760241706,-0.502969299721533,-0.4218548562009139,0.4405419421828948,0.9048055324001227,0.06599664927436881,0.853056793629862,-0.13643833501105568,0.5763988794695595,0.03455021005991044,1.0202258635204915,0.9841231756854657,0
-0.9738162891597597,0.9009088760241706,-0.502969299721533,-0.8638676916079756,-0.911310674287764,0.9048055324001227,-1.121692068732461,-0.8828162337175963,1.0720267874395872,-0.45564143582820127,-0.4814607612315388,1.1392780575943733,-1.0161329645585022,0
-0.46546902347764374,0.9009088760241706,0.8491410419312149,0.36950114730931727,-0.911310674287764,-1.177851894974348,0.08104070636912199,1.4316811360790147,0.6792756226431284,-0.45564143582820127,-0.22345527558581418,-0.24966420660091387,-1.0161329645585022,0
0.38177641932588297,-1.1099901739376037,1.5251962127575889,-0.29943235092828746,0.10257878806523006,-1.177851894974348,-1.2208244870620977,1.4316811360790147,-0.9890776158512313,-1.2583394588375707,0.8085666669970842,0.32575473142284794,-1.0161329645585022,0
1.398470950690115,0.9009088760241706,0.8491410419312149,-0.49197300937563804,0.7785050963005594,0.9048055324001227,0.277721958071053,0.853056793629862,1.6091223974176514,1.035083464046342,1.3245776382885335,0.16701847265767225,0.9841231756854657,0
-0.9738162891597597,0.9009088760241706,0.8491410419312149,2.313511151701703,-0.5733475201700994,-1.177851894974348,-1.1870941274707036,1.4316811360790147,-0.8749447987308929,-1.487681751125962,-0.22345527558581418,0.782121475372728,0.9841231756854657,0
0.890123685007999,-1.1099901739376037,0.8491410419312149,-0.49200459412932035,0.9474866733593919,-1.177851894974348,1.111162721120379,0.2744324511807092,-0.6399654693654903,2.2964660716324943,0.29255569570563505,0.38528082845978884,0.9841231756854657,0
0.0428782422044723,0.9009088760241706,-0.502969299721533,-0.16655529218681697,-0.404365943111267,-1.177851894974348,0.5391718345282898,0.853056793629862,-0.522475804682789,0.5763988794695595,-0.22345527558581418,1.1988041546313142,0.9841231756854657,0
-0.8043672005990544,-1.1099901739376037,0.8491410419312149,-0.8826922048026312,-0.5733475201700994,0.21058638994196582,-1.0619909158406509,0.853056793629862,-0.9320112072910621,-0.2262991435398101,-0.7394662468772634,0.7622794430270811,-1.0161329645585022,0
0.21232733076517762,-1.1099901739376037,-0.502969299721533,1.4124612986528153,-0.23538436605243465,-1.177851894974348,-0.1919693402767146,1.4316811360790147,0.2193875065994116,-1.0289971665491795,-0.4814607612315388,0.305912699077201,0.9841231756854657,0
-0.634918112038349,0.9009088760241706,-0.502969299721533,0.11934989814543659,-0.911310674287764,0.9048055324001227,0.38271364074285674,0.2744324511807092,1.0820973301266763,0.003043148748581378,-0.4814607612315388,0.9011736694466097,0.9841231756854657,0
2.5846145706150523,0.9009088760241706,0.17308587110484092,-0.7154193493011272,2.130357712771218,0.21058638994196582,-0.3298995900612411,-0.8828162337175963,-0.7339572011116512,0.9204123179021463,1.8405886095799828,0.801963507718375,0.9841231756854657,0
-0.2960199349169384,-1.1099901739376037,-1.179024470547907,0.17746584492088363,-0.404365943111267,0.9048055324001227,0.15198531245806327,-0.8828162337175963,-1.0125755487877717,-0.2262991435398101,0.29255569570563505,-0.7853990799333818,0.9841231756854657,0
-0.46546902347764374,0.9009088760241706,1.5251962127575889,-0.20167753828154364,-0.7423290972289317,0.9048055324001227,-0.09236184645987515,1.4316811360790147,1.0720267874395872,-0.11162799739561437,-0.997471732522988,0.3455967637684949,0.9841231756854657,0
-0.634918112038349,-1.1099901739376037,0.8491410419312149,0.4410406143997453,-0.911310674287764,-1.177851894974348,0.8577891279455886,-0.3041918912684436,2.203284415955884,0.003043148748581378,-0.4814607612315388,0.12733440796637835,-1.0161329645585022,0
-0.2960199349169384,0.9009088760241706,0.8491410419312149,0.03989845025759039,-0.911310674287764,0.9048055324001227,0.06599664927436881,-0.8828162337175963,1.1257363484373937,-0.2262991435398101,-0.4814607612315388,-0.26950623894656084,0.9841231756854657,0
-0.8043672005990544,0.9009088760241706,-1.179024470547907,0.9069631083443143,-0.404365943111267,-1.177851894974348,-0.2507203421941191,-0.8828162337175963,-0.4687662436849826,-0.9143260204049839,-0.4814607612315388,-0.5671367241312653,0.9841231756854657,0
0.21232733076517762,-1.1099901739376037,0.8491410419312149,0.4964876494890373,0.6095235192417271,0.9048055324001227,2.4413740852880284,1.4316811360790147,2.7974464344941166,0.9204123179021463,0.8085666669970842,-1.0433455004267922,0.9841231756854657,0
-0.8043672005990544,-1.1099901739376037,-0.502969299721533,-0.22378686585915936,-0.911310674287764,-1.177851894974348,-1.042512820865339,-1.461440576166749,-0.13643833501105568,-1.0289971665491795,-0.4814607612315388,-1.2616078562289088,0.9841231756854657,0
0.0428782422044723,-1.1099901739376037,-1.179024470547907,-1.0171800859818994,0.4405419421828948,0.9048055324001227,-1.253604695679086,1.4316811360790147,0.09518414679198407,-0.34097028968400567,-0.22345527558581418,1.0202258635204915,-1.0161329645585022,0
0.890123685007999,-1.1099901739376037,-1.179024470547907,-0.6803918574674475,0.7785050963005594,0.9048055324001227,-1.3250243772552301,-0.8828162337175963,0.0851136041048956,-1.2583394588375707,0.8085666669970842,-0.7457150152420878,0.9841231756854657,0
-0.8043672005990544,0.9009088760241706,-0.502969299721533,-0.4431745649364719,-0.7423290972289317,0.9048055324001227,-0.4882580857954851,-0.8828162337175963,-0.522475804682789,-0.11162799739561437,-0.7394662468772634,1.734539027963782,0.9841231756854657,0
0.21232733076517762,0.9009088760241706,-1.179024470547907,-0.42881929438786287,-0.23538436605243465,0.9048055324001227,-0.7818547368867733,0.853056793629862,-1.657090280761448,-0.570312581972397,0.03455021005991044,-1.2417658238832618,0.9841231756854657,0
0.890123685007999,-1.1099901739376037,0.8491410419312149,0.36627950243372187,0.2715603651240624,-1.177851894974348,0.6994306322113446,0.853056793629862,-0.7507414389234659,0.003043148748581378,-0.22345527558581418,-1.8370267942526706,0.9841231756854657,0
-1.143265377720465,-1.1099901739376037,-1.179024470547907,-0.29464726074541775,-0.911310674287764,0.9048055324001227,-0.4090788379283631,1.4316811360790147,-0.21028898138303903,-0.34097028968400567,-0.4814607612315388,-1.2219237915376149,0.9841231756854657,0
-0.634918112038349,-1.1099901739376037,-1.179024470547907,0.7446648515477737,-0.911310674287764,-1.177851894974348,0.38271364074285674,1.4316811360790147,0.5450017201486129,-0.570312581972397,-0.997471732522988,-1.0036614357354983,0.9841231756854657,0
1.0595727735687044,0.9009088760241706,1.5251962127575889,-0.33714454682496336,0.7785050963005594,-1.177851894974348,-0.7257958293968509,-1.461440576166749,0.0985409943543475,-0.570312581972397,1.066572152642809,-0.5076106270943244,-1.0161329645585022,0
0.0428782422044723,-1.1099901739376037,1.5251962127575889,0.13288396509830563,0.4405419421828948,-1.177851894974348,0.8577891279455886,-0.3041918912684436,0.1253957748532507,0.3470565871811683,0.29255569570563505,-0.9441353386985575,-1.0161329645585022,0
-0.634918112038349,-1.1099901739376037,1.5251962127575889,-0.6356046767459345,-0.7423290972289317,0.9048055324001227,-0.7596845474839792,1.4316811360790147,-0.22035952407012813,-0.2262991435398101,-0.7394662468772634,1.337698381050843,-1.0161329645585022,0
-0.12657084635623306,-1.1099901739376037,0.8491410419312149,0.8387558327673698,-0.23538436605243465,-1.177851894974348,1.0161476236798326,-0.3041918912684436,1.390927305864063,-0.2262991435398101,0.5505611813513597,-0.9639773710442044,0.9841231756854657,0
1.0595727735687044,0.9009088760241706,-1.179024470547907,0.1169020797350577,0.6095235192417271,-1.177851894974348,0.18603238904092573,-0.8828162337175963,-1.2039158598424569,-0.2262991435398101,0.8085666669970842,-1.678290535487495,0.9841231756854657,0
-0.634918112038349,0.9009088760241706,0.8491410419312149,-0.8077889614450374,-0.911310674287764,0.9048055324001227,-1.2707074132183844,0.2744324511807092,-0.46205254856025635,-1.0289971665491795,-0.997471732522988,-0.8647672093159696,0.9841231756854657,0
-0.46546902347764374,-1.1099901739376037,0.8491410419312149,-0.6992637477926266,-0.5733475201700994,0.9048055324001227,-1.2718159226885242,0.853056793629862,-1.2911938964638923,-1.143668312693375,-0.7394662468772634,-1.9957630530178463,-1.0161329645585022,0
0.21232733076517762,-1.1099901739376037,-0.502969299721533,-0.20655738272546026,-0.06640278899360229,-1.177851894974348,-0.7257958293968509,1.4316811360790147,0.001192415045823164,-0.7996548742607882,0.8085666669970842,0.7027533459901402,0.9841231756854657,0
-0.2960199349169384,-1.1099901739376037,-1.179024470547907,-0.20748913295908836,0.10257878806523006,-1.177851894974348,0.8577891279455886,0.2744324511807092,-0.3479197314399179,0.9204123179021463,-0.997471732522988,-0.9044512740072636,-1.0161329645585022,0
-0.8043672005990544,-1.1099901739376037,-1.179024470547907,0.1785713112997644,-0.23538436605243465,-1.177851894974348,1.029449737321509,1.4316811360790147,-0.7306003535492884,0.4617277333253637,-0.7394662468772634,0.7424374106814341,-1.0161329645585022,0
-0.46546902347764374,0.9009088760241706,-0.502969299721533,-0.29690557063370276,-0.06640278899360229,0.9048055324001227,-0.2507203421941191,-0.8828162337175963,1.9112386780303117,-0.11162799739561437,-0.7394662468772634,0.16701847265767225,0.9841231756854657,0
0.7206745964472937,-1.1099901739376037,-1.179024470547907,0.09656149836365124,0.7785050963005594,-1.177851894974348,0.6994306322113446,0.2744324511807092,-1.338189762336973,0.23238544103697253,-0.22345527558581418,0.40512286080543575,-1.0161329645585022,0
-0.634918112038349,-1.1099901739376037,-1.179024470547907,-0.49053590308309303,-0.911310674287764,0.9048055324001227,-1.042512820865339,0.853056793629862,-0.059230841076708896,-0.9143260204049839,-0.4814607612315388,-0.24966420660091387,0.9841231756854657,0
0.890123685007999,0.9009088760241706,0.17308587110484092,-0.8154956413435206,0.7785050963005594,0.21058638994196582,-0.4372666501690585,-0.8828162337175963,-0.18007735332177302,1.1497546101905376,0.8085666669970842,0.0479662785837905,-1.0161329645585022,0
-0.634918112038349,-1.1099901739376037,-0.502969299721533,-0.35194200392512476,-0.911310674287764,0.21058638994196582,-0.8841543251310949,0.853056793629862,-0.5056915668709743,-0.7996548742607882,-0.4814607612315388,0.7027533459901402,0.9841231756854657,0
-0.634918112038349,0.9009088760241706,1.5251962127575889,1.2146933634710428,-0.5733475201700994,0.21058638994196582,2.2256898140979877,1.4316811360790147,0.11532523216616163,0.1177142948927768,-0.7394662468772634,0.20670253734896618,0.9841231756854657,0
-0.2960199349169384,0.9009088760241706,-1.179024470547907,0.2724727839972666,-0.5733475201700994,0.9048055324001227,1.6495816066168083,-0.8828162337175963,-0.32106495094101467,0.8057411717579506,0.03455021005991044,0.20670253734896618,-1.0161329645585022,0
0.7206745964472937,0.9009088760241706,1.5251962127575889,0.5534191680013978,0.6095235192417271,-1.177851894974348,-0.33290840148019174,1.4316811360790147,-0.492264176621523,-0.7996548742607882,1.582583123934258,0.9606997664835506,0.9841231756854657,0
-0.12657084635623306,0.9009088760241706,-1.179024470547907,0.7817611447476447,-0.404365943111267,-1.177851894974348,2.396558630995237,0.853056793629862,0.14553686022742765,0.5763988794695595,-0.22345527558581418,1.5361187045073124,0.9841231756854657,0
-0.634918112038349,-1.1099901739376037,0.8491410419312149,0.07923726096890521,-0.911310674287764,0.9048055324001227,-0.5674373336626071,-0.8828162337175963,0.6759187750807655,-0.7996548742607882,-0.997471732522988,0.4249648931510827,0.9841231756854657,0
-0.8043672005990544,0.9009088760241706,0.8491410419312149,0.07814758696686558,-0.404365943111267,0.9048055324001227,0.38271364074285674,-0.8828162337175963,-0.1263677923239666,0.003043148748581378,-0.7394662468772634,-0.32903233598350173,0.9841231756854657,0
-0.46546902347764374,-1.1099901739376037,1.5251962127575889,0.17997683283862712,-0.404365943111267,-1.177851894974348,-0.7257958293968509,1.4316811360790147,0.5852838908969674,-1.0289971665491795,-0.4814607612315388,0.6432272489531993,0.9841231756854657,0
0.0428782422044723,0.9009088760241706,-0.502969299721533,-0.012800711261340796,-0.5733475201700994,-1.177851894974348,-0.5292729361906542,0.853056793629862,0.0985409943543475,-0.6849837281165926,-0.4814607612315388,1.4964346398160184,-1.0161329645585022,0
-0.12657084635623306,0.9009088760241706,1.5251962127575889,0.6513634891702353,-0.5733475201700994,-1.177851894974348,0.5410721364771007,0.853056793629862,0.32009293347029877,-0.34097028968400567,0.03455021005991044,0.5241750548793175,0.9841231756854657,0
-0.46546902347764374,0.9009088760241706,0.8491410419312149,0.2685404821638192,-0.7423290972289317,-1.177851894974348,-1.0947711244576395,-0.3041918912684436,-0.09279931670033775,-1.2583394588375707,-0.4814607612315388,-0.6465048535138531,0.9841231756854657,0
-0.2960199349169384,-1.1099901739376037,0.8491410419312149,-0.35647441607853597,-0.404365943111267,0.9048055324001227,0.5052831164411615,-0.8828162337175963,0.24624228709831483,0.9204123179021463,-0.997471732522988,0.5043330225336705,0.9841231756854657,0
-0.8043672005990544,-1.1099901739376037,-1.179024470547907,-0.19905600372591206,-0.5733475201700994,0.9048055324001227,-0.7257958293968509,-0.8828162337175963,0.8739727812601764,-0.7996548742607882,-0.997471732522988,-0.40840046536608954,0.9841231756854657,0
0.7206745964472937,0.9009088760241706,-1.179024470547907,-0.2807973462557256,0.6095235192417271,0.9048055324001227,0.8577891279455886,-1.461440576166749,0.1488937077897905,1.1497546101905376,0.8085666669970842,0.6233852166075523,-1.0161329645585022,0
0.38177641932588297,-1.1099901739376037,-1.179024470547907,-0.07249589572090323,0.4405419421828948,-1.177851894974348,0.8577891279455886,-0.8828162337175963,-1.5026752928927547,0.6910700256137552,1.066572152642809,-0.9441353386985575,-1.0161329645585022,0
0.7206745964472937,0.9009088760241706,-0.502969299721533,-0.6398528261162049,0.2715603651240624,-1.177851894974348,-1.327558113186978,-0.8828162337175963,-0.6198243839913128,-1.2583394588375707,1.582583123934258,1.4567505751247247,-1.0161329645585022,0
0.5512255078865883,0.9009088760241706,-1.179024470547907,0.2747153015087105,0.4405419421828948,0.9048055324001227,-0.5010851239499589,0.2744324511807092,-0.22035952407012813,-0.7996548742607882,0.8085666669970842,-0.46792656240303043,-1.0161329645585022,0
-0.9738162891597597,-1.1099901739376037,-1.179024470547907,-0.10826562926611724,-0.7423290972289317,-1.177851894974348,-0.7257958293968509,-1.461440576166749,-1.5228163782669324,-0.7996548742607882,-0.4814607612315388,-0.38855843302044263,0.9841231756854657,0
-0.8043672005990544,0.9009088760241706,0.8491410419312149,-0.1661288980121058,-0.5733475201700994,-1.177851894974348,0.38271364074285674,-0.8828162337175963,-0.2673553899432083,0.3470565871811683,-0.997471732522988,-0.2893482712922078,0.9841231756854657,0
1.2290218621294098,0.9009088760241706,-1.179024470547907,-0.3389132930311726,1.4544314045358888,0.9048055324001227,-1.042512820865339,-0.8828162337175963,-1.8014347259430528,-1.0289971665491795,1.3245776382885335,0.40512286080543575,0.9841231756854657,0
-0.634918112038349,-1.1099901739376037,1.5251962127575889,-0.24370105305585468,-0.911310674287764,0.9048055324001227,-1.042512820865339,0.2744324511807092,0.665848232393677,-1.0289971665491795,-0.7394662468772634,0.12733440796637835,0.9841231756854657,0
-0.8043672005990544,-1.1099901739376037,1.5251962127575889,-0.10656005256727259,-0.404365943111267,0.9048055324001227,-1.042512820865339,-1.461440576166749,-0.901799579229796,-1.143668312693375,-0.7394662468772634,0.5241750548793175,0.9841231756854657,0
-0.634918112038349,0.9009088760241706,0.8491410419312149,0.08672284759161225,-0.911310674287764,-0.4836327525161911,-0.09236184645987515,0.853056793629862,-0.37141766437645823,-0.34097028968400567,-0.997471732522988,-0.20998014190961997,-1.0161329645585022,0
0.0428782422044723,0.9009088760241706,0.8491410419312149,-0.01749104718316356,0.2715603651240624,0.9048055324001227,-0.5674373336626071,0.2744324511807092,0.06161567116835522,-0.6849837281165926,0.8085666669970842,0.26622863438590705,-1.0161329645585022,0
0.0428782422044723,-1.1099901739376037,-0.502969299721533,1.4789314127772328,0.10257878806523006,-1.177851894974348,-0.6556430157865809,-1.461440576166749,2.491973306319093,-1.2583394588375707,0.03455021005991044,0.4249648931510827,-1.0161329645585022,0
0.21232733076517762,0.9009088760241706,1.5251962127575889,0.4807584421552478,0.2715603651240624,-1.177851894974348,-1.1988126561550376,-1.461440576166749,0.1757484882886937,-1.3730106049817663,0.5505611813513597,0.38528082845978884,0.9841231756854657,0
-0.46546902347764374,-1.1099901739376037,-0.502969299721533,-0.19861381717435975,-0.911310674287764,-1.177851894974348,0.8577891279455886,0.2744324511807092,0.001192415045823164,0.9204123179021463,-0.7394662468772634,1.3773824457421369,-1.0161329645585022,0
-0.46546902347764374,-1.1099901739376037,-1.179024470547907,-0.6773281363602636,-0.7423290972289317,0.21058638994196582,-0.7257958293968509,0.853056793629862,-0.07601507888852362,0.003043148748581378,-0.4814607612315388,-0.5472946917856183,0.9841231756854657,0
0.21232733076517762,-1.1099901739376037,-0.502969299721533,0.9513238948911161,0.4405419421828948,0.9048055324001227,-0.40686181898808366,-1.461440576166749,-1.4623931221444,-1.0289971665491795,0.5505611813513597,0.4844909901880236,0.9841231756854657,0
-0.8043672005990544,-1.1099901739376037,-1.179024470547907,-0.5347545582383244,-0.911310674287764,0.9048055324001227,-1.01084112171849,-0.8828162337175963,0.6624913848313142,-0.7996548742607882,-0.7394662468772634,0.46464895784237664,0.9841231756854657,0
-0.634918112038349,-1.1099901739376037,1.5251962127575889,0.8383926081000233,-0.911310674287764,-1.177851894974348,1.6495816066168083,-0.8828162337175963,0.051545128481266744,0.1177142948927768,-0.7394662468772634,-0.22982217425526694,0.9841231756854657,0
0.21232733076517762,-1.1099901739376037,-0.502969299721533,0.5898679737507814,-0.23538436605243465,-1.177851894974348,0.38271364074285674,1.4316811360790147,-0.21364582894540246,-0.45564143582820127,0.29255569570563505,0.5241750548793175,-1.0161329645585022,0
-0.634918112038349,-1.1099901739376037,-0.502969299721533,-0.5436930435304177,-0.911310674287764,0.9048055324001227,-0.3774071387815143,0.853056793629862,0.38387303715519366,0.23238544103697253,-0.7394662468772634,0.22654456969461315,0.9841231756854657,0
-0.12657084635623306,0.9009088760241706,-1.179024470547907,-0.5464093323470962,-0.7423290972289317,0.9048055324001227,-0.2709902296481023,-0.8828162337175963,0.024690347982363543,0.3470565871811683,0.03455021005991044,-0.17029607721832604,-1.0161329645585022,0
-0.8043672005990544,-1.1099901739376037,-1.179024470547907,-0.6705689990722495,-0.911310674287764,0.9048055324001227,-0.8524826259842462,0.2744324511807092,-0.915226969479248,-0.34097028968400567,-0.4814607612315388,0.821805540064022,0.9841231756854657,0
0.38177641932588297,-1.1099901739376037,-0.502969299721533,0.32735129352027703,0.6095235192417271,-1.177851894974348,-0.5910327495270093,1.4316811360790147,-0.22707321919485376,-0.9143260204049839,0.5505611813513597,1.1392780575943733,0.9841231756854657,0
0.21232733076517762,-1.1099901739376037,1.5251962127575889,0.6516951290838996,0.7785050963005594,-1.177851894974348,0.06599664927436881,1.4316811360790147,1.2767944887437244,-0.6849837281165926,1.066572152642809,0.32575473142284794,-1.0161329645585022,0
-0.634918112038349,0.9009088760241706,0.8491410419312149,1.0437882612960732,-0.911310674287764,-1.177851894974348,1.6495816066168083,1.4316811360790147,-0.707102420612748,0.003043148748581378,-0.4814607612315388,-1.3211339532658497,0.9841231756854657,0
-0.634918112038349,-1.1099901739376037,0.8491410419312149,-0.6009719943332835,-0.7423290972289317,0.9048055324001227,-0.5674373336626071,-1.461440576166749,0.8739727812601764,0.003043148748581378,-0.4814607612315388,0.3455967637684949,-1.0161329645585022,0
-0.46546902347764374,0.9009088760241706,1.5251962127575889,-0.6762858394887473,-0.5733475201700994,0.9048055324001227,-0.8841543251310949,-0.8828162337175963,0.6591345372689513,-0.34097028968400567,-0.4814607612315388,0.8416475724096689,0.9841231756854657,0
0.21232733076517762,-1.1099901739376037,-0.502969299721533,-0.01231114757926502,-0.06640278899360229,0.9048055324001227,-1.042512820865339,-0.3041918912684436,-1.526173225829295,-1.143668312693375,0.5505611813513597,1.1194360252487263,-1.0161329645585022,0
-0.634918112038349,0.9009088760241706,-0.502969299721533,0.3831615532769156,-0.911310674287764,-1.177851894974348,2.4413740852880284,-0.3041918912684436,0.15560740291451672,1.1497546101905376,-0.4814607612315388,-0.44808453005738347,-1.0161329645585022,0
0.0428782422044723,0.9009088760241706,-0.502969299721533,-0.33654443650499954,0.6095235192417271,0.9048055324001227,-1.2129065622753854,-1.461440576166749,-0.08944246913797492,-1.2583394588375707,-0.22345527558581418,1.6551708985811941,-1.0161329645585022,0
-0.8043672005990544,-1.1099901739376037,-0.502969299721533,0.23084407864398443,-0.5733475201700994,0.9048055324001227,0.0026532509806712224,0.853056793629862,0.6490639945818623,-0.45564143582820127,-0.22345527558581418,0.08765034327508442,0.9841231756854657,0
2.5846145706150523,0.9009088760241706,-0.502969299721533,4.5197219887877695,2.637302443947715,-1.177851894974348,1.6495816066168083,1.4316811360790147,1.8944544402184968,-1.0289971665491795,1.8405886095799828,-0.051243883144444294,-1.0161329645585022,0
-0.46546902347764374,-1.1099901739376037,-1.179024470547907,1.6013697104267006,-0.5733475201700994,-1.177851894974348,1.6495816066168083,-1.461440576166749,-0.1935047435712249,-0.34097028968400567,-0.4814607612315388,-0.9639773710442044,-1.0161329645585022,0
-0.8043672005990544,0.9009088760241706,0.8491410419312149,-0.33265951180207565,-0.911310674287764,0.9048055324001227,-0.7574675285436998,-1.461440576166749,-1.3012644391509811,-0.6849837281165926,-0.4814607612315388,0.305912699077201,0.9841231756854657,0
0.7206745964472937,-1.1099901739376037,-1.179024470547907,1.2146617787173604,0.9474866733593919,-1.177851894974348,1.030083171304446,0.2744324511807092,-0.3277786460657409,-0.45564143582820127,1.066572152642809,-0.7853990799333818,0.9841231756854657,0
1.398470950690115,0.9009088760241706,0.8491410419312149,0.16012581514929644,0.4405419421828948,-1.177851894974348,-0.3796241577217937,0.2744324511807092,-1.4724636648314886,-0.6849837281165926,0.8085666669970842,-0.22982217425526694,0.9841231756854657,0
1.906818216372231,-1.1099901739376037,-0.502969299721533,0.49358185215026495,2.130357712771218,-1.177851894974348,-0.9581077426389869,-1.461440576166749,-1.7007292990721656,-1.2583394588375707,1.3245776382885335,1.0202258635204915,-1.0161329645585022,0
0.21232733076517762,0.9009088760241706,-1.179024470547907,1.7836295315504598,0.10257878806523006,-1.177851894974348,4.024959042630468,1.4316811360790147,1.0955247203761276,0.4617277333253637,0.8085666669970842,0.286070666731554,0.9841231756854657,0
-0.634918112038349,-1.1099901739376037,-1.179024470547907,0.8826112632552546,-0.911310674287764,-1.177851894974348,-0.941955176074094,-0.8828162337175963,-1.563098549015287,-1.2583394588375707,-0.4814607612315388,0.38528082845978884,0.9841231756854657,0
-0.9738162891597597,0.9009088760241706,0.8491410419312149,-0.0095316892552219,-0.911310674287764,0.9048055324001227,1.0161476236798326,0.853056793629862,-0.6869613352385705,0.6910700256137552,-0.4814607612315388,0.16701847265767225,0.9841231756854657,0
-0.8043672005990544,0.9009088760241706,-0.502969299721533,-0.10817087500507032,-0.7423290972289317,-1.177851894974348,1.3599439179188761,-0.8828162337175963,1.6695456535401834,1.2644257563347332,-0.4814607612315388,0.801963507718375,0.9841231756854657,0
-0.9738162891597597,0.9009088760241706,0.8491410419312149,-0.03238325854437186,-0.7423290972289317,0.9048055324001227,-0.4090788379283631,-0.8828162337175963,-0.6634634023020307,-0.570312581972397,-0.4814607612315388,0.26622863438590705,0.9841231756854657,0
0.0428782422044723,0.9009088760241706,-1.179024470547907,-0.7479674379707457,0.2715603651240624,0.9048055324001227,-0.7946817750412472,-0.8828162337175963,0.3536614090939276,0.003043148748581378,-0.22345527558581418,0.32575473142284794,0.9841231756854657,0
0.890123685007999,-1.1099901739376037,-0.502969299721533,-0.4097421031637487,0.10257878806523006,0.9048055324001227,-0.7257958293968509,-1.461440576166749,-0.2975670180044749,-0.570312581972397,0.5505611813513597,-0.15045404487267908,-1.0161329645585022,0
0.0428782422044723,-1.1099901739376037,-1.179024470547907,-0.44808599413407085,-0.7423290972289317,0.9048055324001227,-0.7257958293968509,0.2744324511807092,-0.3647039692517326,-0.45564143582820127,0.03455021005991044,-1.9163949236352584,0.9841231756854657,0
-0.8043672005990544,0.9009088760241706,-1.179024470547907,-0.6772333820992166,-0.911310674287764,0.9048055324001227,-0.5340236910626815,-0.8828162337175963,0.12203892729088728,0.3470565871811683,-0.4814607612315388,1.1194360252487263,0.9841231756854657,0
0.21232733076517762,-1.1099901739376037,1.5251962127575889,-0.7009219473609477,-0.06640278899360229,0.9048055324001227,-0.8841543251310949,-1.461440576166749,-0.1397951825734185,-0.34097028968400567,1.066572152642809,1.35754041339649,0.9841231756854657,0
-0.46546902347764374,-1.1099901739376037,-1.179024470547907,-0.14214027759039274,-0.5733475201700994,-1.177851894974348,-1.042512820865339,-0.8828162337175963,-1.7779367930065124,-1.143668312693375,-0.4814607612315388,-0.20998014190961997,0.9841231756854657,0
-0.634918112038349,0.9009088760241706,-1.179024470547907,0.3872833636324568,-0.911310674287764,0.9048055324001227,0.4143853398897055,-0.8828162337175963,-1.2475548781531747,-0.2262991435398101,-0.7394662468772634,-0.8647672093159696,0.9841231756854657,0
1.5679200392508204,-1.1099901739376037,0.17308587110484092,-0.012690164623452717,1.7923945586535535,0.9048055324001227,-0.13986939518014835,0.2744324511807092,-1.0495008719737637,-0.34097028968400567,1.3245776382885335,1.4567505751247247,-1.0161329645585022,0
1.906818216372231,-1.1099901739376037,0.8491410419312149,-0.10100113591918636,2.130357712771218,-1.177851894974348,-0.7257958293968509,-0.8828162337175963,1.3070061168049905,-0.7996548742607882,2.872610552162881,0.6035431842619053,0.9841231756854657,0
0.21232733076517762,-1.1099901739376037,-1.179024470547907,-0.2570298191097887,0.2715603651240624,0.9048055324001227,-0.2507203421941191,-1.461440576166749,-0.603040146179498,-0.11162799739561437,0.5505611813513597,-1.3409759856114967,0.9841231756854657,0
-0.9738162891597597,-1.1099901739376037,0.8491410419312149,-0.11186629118590037,-0.7423290972289317,0.9048055324001227,0.38271364074285674,0.853056793629862,-0.9521522926652397,0.23238544103697253,-0.7394662468772634,-0.17029607721832604,0.9841231756854657,0
0.5512255078865883,-1.1099901739376037,-1.179024470547907,7.852529404968086,0.10257878806523006,-1.177851894974348,-0.2700400786736969,-1.461440576166749,-1.754438860069972,-1.487681751125962,0.5505611813513597,1.4765926074703717,0.9841231756854657,0
-0.634918112038349,0.9009088760241706,1.5251962127575889,-0.3971555788213489,-0.911310674287764,0.9048055324001227,0.06599664927436881,-0.8828162337175963,-1.5463143112034723,0.4617277333253637,-0.4814607612315388,-0.9441353386985575,-1.0161329645585022,0
1.0595727735687044,0.9009088760241706,-0.502969299721533,0.6421881182255249,0.7785050963005594,-1.177851894974348,-0.5674373336626071,0.853056793629862,-1.2979075915886182,-1.0289971665491795,1.8405886095799828,0.8416475724096689,0.9841231756854657,0
-0.9738162891597597,0.9009088760241706,1.5251962127575889,-0.4452117815489808,-0.911310674287764,0.9048055324001227,-0.9474977234247925,0.853056793629862,-0.37141766437645823,-0.7996548742607882,-0.4814607612315388,0.8416475724096689,0.9841231756854657,0
-0.46546902347764374,-1.1099901739376037,1.5251962127575889,-0.06859517864113818,-0.5733475201700994,-1.177851894974348,-0.013024240097018929,-0.8828162337175963,-1.4858910550809403,-0.11162799739561437,-0.7394662468772634,1.317856348705196,-1.0161329645585022,0
-0.9738162891597597,0.9009088760241706,-0.502969299721533,-0.2591933747370268,-0.911310674287764,0.9048055324001227,-0.08935303504092452,1.4316811360790147,0.3100223907832097,0.003043148748581378,-0.4814607612315388,0.40512286080543575,0.9841231756854657,0
-0.9738162891597597,-1.1099901739376037,0.8491410419312149,-0.7925651101701648,-0.911310674287764,0.21058638994196582,-0.4090788379283631,0.2744324511807092,0.29995184809612124,1.1497546101905376,-0.7394662468772634,0.4448069254967297,0.9841231756854657,0
2.415165482054347,0.9009088760241706,-1.179024470547907,-0.5599749840536475,1.6234129815947211,0.9048055324001227,-0.7257958293968509,1.4316811360790147,-0.23378691431957943,-0.34097028968400567,2.872610552162881,0.305912699077201,-1.0161329645585022,0
0.7206745964472937,0.9009088760241706,-0.502969299721533,-0.488893495891613,0.7785050963005594,0.9048055324001227,-1.0741845200121878,-1.461440576166749,-0.5023347193086114,-0.9143260204049839,0.5505611813513597,-1.3012919209202027,0.9841231756854657,0
-0.634918112038349,0.9009088760241706,1.5251962127575889,-0.384663808739996,-0.911310674287764,-1.177851894974348,-0.5674373336626071,1.4316811360790147,-1.7510820125076092,-0.34097028968400567,-0.7394662468772634,-1.4798702120310254,0.9841231756854657,0
-0.46546902347764374,0.9009088760241706,-0.502969299721533,0.08260103723607103,-0.911310674287764,-1.177851894974348,-0.7574675285436998,0.2744324511807092,-0.6198243839913128,-0.9143260204049839,-0.4814607612315388,0.12733440796637835,-1.0161329645585022,0
0.5512255078865883,-1.1099901739376037,-1.179024470547907,-0.10853409967241685,0.4405419421828948,0.9048055324001227,-0.2507203421941191,0.853056793629862,-0.7205298108621999,-0.34097028968400567,0.03455021005991044,-0.20998014190961997,0.9841231756854657,0
-0.2960199349169384,0.9009088760241706,0.8491410419312149,-0.46721056248870846,-0.5733475201700994,0.9048055324001227,-1.042512820865339,-1.461440576166749,-0.27406908506793454,-0.9143260204049839,-0.7394662468772634,0.6035431842619053,0.9841231756854657,0
-0.46546902347764374,-1.1099901739376037,1.5251962127575889,-0.3840952831737145,-0.7423290972289317,-1.177851894974348,-0.4090788379283631,-0.8828162337175963,-1.3180486769627955,-0.11162799739561437,-0.4814607612315388,0.3654387961141419,0.9841231756854657,0
-0.634918112038349,-1.1099901739376037,-0.502969299721533,-0.03358347918429957,-0.5733475201700994,-1.177851894974348,0.8577891279455886,-0.3041918912684436,0.27981076272194366,0.5763988794695595,-0.7394662468772634,-0.30919030363785477,0.9841231756854657,0
0.7206745964472937,0.9009088760241706,-1.179024470547907,0.4653134976045991,0.4405419421828948,-1.177851894974348,-0.7257958293968509,-0.3041918912684436,-0.5761853656805954,-1.0289971665491795,0.03455021005991044,0.9408577341379036,0.9841231756854657,0
0.5512255078865883,0.9009088760241706,0.8491410419312149,-0.7930072967217172,0.6095235192417271,0.9048055324001227,-0.7257958293968509,-0.8828162337175963,-1.0931398902844813,0.3470565871811683,0.8085666669970842,-0.190138109563973,-1.0161329645585022,0
0.890123685007999,-1.1099901739376037,0.8491410419312149,-0.7587062542227305,-0.06640278899360229,-1.177851894974348,-1.2008713165995828,-0.3041918912684436,0.42415520790354816,-0.9143260204049839,0.5505611813513597,-1.0433455004267922,-1.0161329645585022,0
-0.634918112038349,-1.1099901739376037,-1.179024470547907,0.6473838102062646,-0.911310674287764,-1.177851894974348,0.6994306322113446,0.2744324511807092,-1.3851856282100534,-0.2262991435398101,-0.7394662468772634,0.16701847265767225,0.9841231756854657,0
-0.634918112038349,0.9009088760241706,-1.179024470547907,-0.8666629423088599,-0.23538436605243465,0.9048055324001227,-0.8841543251310949,1.4316811360790147,-0.9790070731641428,0.23238544103697253,-0.7394662468772634,0.10749237562073138,0.9841231756854657,0
-0.8043672005990544,0.9009088760241706,1.5251962127575889,-0.3402714374395119,-0.911310674287764,0.9048055324001227,-0.5674373336626071,0.853056793629862,0.4711510737766289,-0.45564143582820127,-0.4814607612315388,-0.7060309505507939,0.9841231756854657,0
1.0595727735687044,0.9009088760241706,-1.179024470547907,-0.5431403103409773,0.2715603651240624,0.9048055324001227,0.22435514500861276,1.4316811360790147,-0.025662365453080038,1.1497546101905376,1.066572152642809,-1.2219237915376149,-1.0161329645585022,0
-0.46546902347764374,-1.1099901739376037,-1.179024470547907,-0.3372235087091692,-0.404365943111267,-1.177851894974348,0.7108324439042102,1.4316811360790147,0.001192415045823164,1.1497546101905376,0.03455021005991044,-1.182239726846321,0.9841231756854657,0
-0.634918112038349,-1.1099901739376037,0.8491410419312149,-0.5838530578374725,-0.404365943111267,0.9048055324001227,-1.042512820865339,1.4316811360790147,-0.9555091402276025,-0.7996548742607882,-0.22345527558581418,-0.2893482712922078,0.9841231756854657,0
-0.634918112038349,-1.1099901739376037,0.8491410419312149,-0.10603890413151451,-0.7423290972289317,-1.177851894974348,-1.01084112171849,0.2744324511807092,-0.6936750303632967,-1.143668312693375,-0.7394662468772634,-0.9639773710442044,-1.0161329645585022,0
-0.8043672005990544,0.9009088760241706,1.5251962127575889,-0.5857007659278876,-0.911310674287764,0.9048055324001227,-1.2008713165995828,0.2744324511807092,-0.8648742560438044,-1.0289971665491795,-0.7394662468772634,-0.36871640067479566,0.9841231756854657,0
0.38177641932588297,-1.1099901739376037,-1.179024470547907,1.5992219471763036,0.4405419421828948,-1.177851894974348,0.38271364074285674,-1.461440576166749,-0.9790070731641428,-0.7996548742607882,0.5505611813513597,0.9606997664835506,0.9841231756854657,0
-0.12657084635623306,-1.1099901739376037,-0.502969299721533,-0.40528865289454324,-0.404365943111267,0.9048055324001227,-0.9794861395631098,-0.8828162337175963,0.12203892729088728,-0.9143260204049839,0.29255569570563505,0.4448069254967297,0.9841231756854657,0
0.21232733076517762,-1.1099901739376037,-0.502969299721533,-0.07958667292258143,0.4405419421828948,-1.177851894974348,-0.09236184645987515,-0.8828162337175963,0.001192415045823164,-0.2262991435398101,0.8085666669970842,-1.2616078562289088,0.9841231756854657,0
-0.12657084635623306,0.9009088760241706,-0.502969299721533,-0.014032516654950814,0.10257878806523006,-1.177851894974348,-0.7257958293968509,0.853056793629862,-1.1602768415317393,-0.9143260204049839,-0.7394662468772634,-1.9957630530178463,0.9841231756854657,0
0.38177641932588297,0.9009088760241706,0.8491410419312149,-0.6998322733589081,0.4405419421828948,-1.177851894974348,-1.2008713165995828,-0.8828162337175963,-0.11629724963687813,-0.9143260204049839,0.8085666669970842,-1.6187644384505542,-1.0161329645585022,0
-0.9738162891597597,0.9009088760241706,0.8491410419312149,-0.34235603118254426,-0.5733475201700994,0.9048055324001227,-0.5674373336626071,-0.8828162337175963,-0.008878127641265313,-0.45564143582820127,-0.4814607612315388,-0.2893482712922078,-1.0161329645585022,0
-0.8043672005990544,-1.1099901739376037,-1.179024470547907,0.3638632687770253,-0.7423290972289317,-1.177851894974348,0.06599664927436881,-1.461440576166749,-1.1300652134704734,-0.45564143582820127,-0.7394662468772634,0.286070666731554,0.9841231756854657,0
1.2290218621294098,0.9009088760241706,-0.502969299721533,-0.8381103249800532,1.6234129815947211,0.9048055324001227,-1.121692068732461,1.4316811360790147,1.1223795008750308,-0.570312581972397,0.29255569570563505,0.40512286080543575,-1.0161329645585022,0
-0.46546902347764374,-1.1099901739376037,-0.502969299721533,-0.37117711891765043,0.10257878806523006,0.9048055324001227,-1.2008713165995828,0.2744324511807092,0.3301634761573873,-1.143668312693375,-0.22345527558581418,0.7424374106814341,0.9841231756854657,0
-0.46546902347764374,0.9009088760241706,-1.179024470547907,-0.4693109486085819,-0.404365943111267,0.9048055324001227,0.13266557597848552,0.853056793629862,0.11532523216616163,0.8057411717579506,0.03455021005991044,-1.0235034680811452,0.9841231756854657,0
-0.12657084635623306,0.9009088760241706,1.5251962127575889,-0.8092576524912648,-0.5733475201700994,0.9048055324001227,-1.1319853709551868,-0.8828162337175963,-0.3009238655668377,-0.6849837281165926,0.03455021005991044,-1.0235034680811452,0.9841231756854657,0
1.5679200392508204,-1.1099901739376037,0.8491410419312149,-0.1082814216429584,1.7923945586535535,-1.177851894974348,0.38271364074285674,-1.461440576166749,0.6121386713958706,0.23238544103697253,2.098594095225707,0.6829113136444932,-1.0161329645585022,0
-0.46546902347764374,-1.1099901739376037,1.5251962127575889,1.3310989731671896,-0.5733475201700994,-1.177851894974348,-0.2507203421941191,-0.8828162337175963,-0.03237606057780569,-1.0289971665491795,-0.7394662468772634,-0.9639773710442044,0.9841231756854657,0
0.38177641932588297,0.9009088760241706,0.8491410419312149,-0.41455877810030073,0.7785050963005594,0.9048055324001227,-0.06908314758694128,0.2744324511807092,-1.2475548781531747,0.3470565871811683,0.03455021005991044,0.12733440796637835,0.9841231756854657,0
0.21232733076517762,-1.1099901739376037,0.8491410419312149,0.10140975805388555,0.4405419421828948,0.9048055324001227,0.0026532509806712224,-0.8828162337175963,-0.012234975203628139,-0.34097028968400567,0.03455021005991044,-2.4719718293133734,0.9841231756854657,0
-0.634918112038349,-1.1099901739376037,-0.502969299721533,-0.3956079258909158,-0.06640278899360229,0.9048055324001227,-0.5674373336626071,0.2744324511807092,-1.1804179269059165,-0.34097028968400567,-0.7394662468772634,-1.3409759856114967,0.9841231756854657,0
-0.12657084635623306,-1.1099901739376037,0.8491410419312149,0.8800528982069877,-0.06640278899360229,-1.177851894974348,-1.042512820865339,-1.461440576166749,-0.5526874327440551,-1.3730106049817663,0.29255569570563505,-1.8370267942526706,0.9841231756854657,0
0.5512255078865883,0.9009088760241706,-0.502969299721533,5.788528921336613,0.10257878806523006,-1.177851894974348,-0.5389328044304431,-0.3041918912684436,-1.069641957347941,-1.487681751125962,0.8085666669970842,1.6154868338899002,-1.0161329645585022,0
-0.8043672005990544,-1.1099901739376037,0.8491410419312149,-0.10584939560942067,-0.911310674287764,-1.177851894974348,-0.2507203421941191,-1.461440576166749,-1.197202164717731,-0.34097028968400567,-0.997471732522988,-2.630708088078549,0.9841231756854657,0
-0.634918112038349,0.9009088760241706,-0.502969299721533,-0.018864983968343966,-0.5733475201700994,0.9048055324001227,-0.9544654972370993,-0.8828162337175963,-0.7104592681751108,-1.0289971665491795,-0.4814607612315388,-0.15045404487267908,-1.0161329645585022,0
-0.2960199349169384,0.9009088760241706,-1.179024470547907,-0.4707480549011269,0.10257878806523006,0.9048055324001227,-1.042512820865339,-1.461440576166749,-0.04916029838962042,-0.9143260204049839,-0.7394662468772634,0.08765034327508442,-1.0161329645585022,0
0.0428782422044723,0.9009088760241706,1.5251962127575889,1.3188125039847716,-0.5733475201700994,0.9048055324001227,2.4413740852880284,0.853056793629862,0.12875262241561353,0.1177142948927768,0.03455021005991044,1.6551708985811941,-1.0161329645585022,0
-0.8043672005990544,0.9009088760241706,-1.179024470547907,-0.2208178990130224,-0.404365943111267,-1.177851894974348,-1.0759264634652643,-0.8828162337175963,1.1559479764986598,-1.143668312693375,-0.4814607612315388,0.3455967637684949,0.9841231756854657,0
0.890123685007999,-1.1099901739376037,-1.179024470547907,-0.10458600546212833,0.6095235192417271,-1.177851894974348,1.1745061194140765,0.853056793629862,0.8370474580741847,1.035083464046342,0.8085666669970842,-0.5076106270943244,0.9841231756854657,0
-0.2960199349169384,-1.1099901739376037,-0.502969299721533,0.08114813856668486,-0.5733475201700994,0.9048055324001227,-0.6307807319563046,0.2744324511807092,0.8538316958859994,-0.7996548742607882,-0.22345527558581418,-0.15045404487267908,0.9841231756854657,0
-0.2960199349169384,-1.1099901739376037,-0.502969299721533,-0.6582983222666728,0.2715603651240624,0.9048055324001227,-0.194186359216994,1.4316811360790147,0.7967652873258302,0.9204123179021463,-0.7394662468772634,0.4249648931510827,-1.0161329645585022,0
0.38177641932588297,0.9009088760241706,-0.502969299721533,0.13501593597186143,0.2715603651240624,0.9048055324001227,-0.026009636747226936,0.853056793629862,-1.328119219649884,-0.34097028968400567,0.5505611813513597,1.3773824457421369,0.9841231756854657,0
1.398470950690115,-1.1099901739376037,0.8491410419312149,3.951133252998858,1.1164682504182242,-1.177851894974348,2.015864807250115,1.4316811360790147,-0.5258326522451519,-0.7996548742607882,1.066572152642809,0.5638591195706114,0.9841231756854657,0
0.0428782422044723,0.9009088760241706,-1.179024470547907,0.5152963703068518,-0.23538436605243465,0.21058638994196582,0.05016079970094441,-0.8828162337175963,-0.10622670694978965,-0.570312581972397,0.03455021005991044,0.5043330225336705,0.9841231756854657,0
-0.2960199349169384,0.9009088760241706,0.8491410419312149,0.36552146834534643,-0.5733475201700994,-1.177851894974348,0.06599664927436881,0.853056793629862,-0.5560442803064178,-0.45564143582820127,-0.22345527558581418,0.9210157017922567,0.9841231756854657,0
1.2290218621294098,-1.1099901739376037,-1.179024470547907,-0.17066131016551703,0.7785050963005594,-1.177851894974348,0.39744098084614143,0.2744324511807092,-1.7107998417592545,0.3470565871811683,1.066572152642809,1.5361187045073124,-1.0161329645585022,0
-0.8043672005990544,-1.1099901739376037,0.8491410419312149,-0.48870398736951914,-0.7423290972289317,0.9048055324001227,-0.5674373336626071,1.4316811360790147,-1.1199946707833845,-0.2262991435398101,-0.997471732522988,0.10749237562073138,0.9841231756854657,0
0.890123685007999,0.9009088760241706,-0.502969299721533,0.18000841759230943,0.7785050963005594,-1.177851894974348,-0.8841543251310949,0.2744324511807092,0.8773296288225392,-1.143668312693375,-0.22345527558581418,0.7225953783357871,-1.0161329645585022,0
1.398470950690115,0.9009088760241706,0.8491410419312149,-0.6579666823530086,1.1164682504182242,0.9048055324001227,-0.2507203421941191,-1.461440576166749,-0.7910236096718204,0.8057411717579506,1.8405886095799828,-1.2219237915376149,0.9841231756854657,0
1.5679200392508204,-1.1099901739376037,-0.502969299721533,0.08004267218780407,1.1164682504182242,-1.177851894974348,1.3328646151483206,0.2744324511807092,0.03476089066945202,0.8057411717579506,1.8405886095799828,0.6233852166075523,0.9841231756854657,0
0.0428782422044723,-1.1099901739376037,1.5251962127575889,-0.03851070075873964,-0.5733475201700994,-1.177851894974348,-0.7257958293968509,1.4316811360790147,0.6692050799560398,-0.9143260204049839,0.03455021005991044,-0.22982217425526694,-1.0161329645585022,0
-0.9738162891597597,0.9009088760241706,0.8491410419312149,-0.30259082629651823,-0.7423290972289317,0.9048055324001227,0.22435514500861276,-0.8828162337175963,-0.16664996307232172,0.4617277333253637,-0.7394662468772634,0.3455967637684949,-1.0161329645585022,0
-0.12657084635623306,0.9009088760241706,-0.502969299721533,-0.3537581272618575,-0.404365943111267,-1.177851894974348,0.5363213816050734,-1.461440576166749,0.04818828091890392,1.035083464046342,0.03455021005991044,-2.3330776028938445,0.9841231756854657,0
-0.9738162891597597,-1.1099901739376037,0.8491410419312149,-0.4471226591467604,-0.911310674287764,0.9048055324001227,0.06599664927436881,-0.8828162337175963,0.26302652491012896,0.5763988794695595,-0.4814607612315388,-1.3608180179571436,0.9841231756854657,0
-0.9738162891597597,0.9009088760241706,-1.179024470547907,-0.4456539681005331,-0.911310674287764,0.9048055324001227,-0.7257958293968509,0.2744324511807092,0.8001221348881931,-0.45564143582820127,-0.997471732522988,-0.6465048535138531,-1.0161329645585022,0
-0.12657084635623306,0.9009088760241706,-1.179024470547907,-0.5441036453282877,-0.06640278899360229,0.9048055324001227,-1.042512820865339,0.2744324511807092,0.21267381147468598,-0.7996548742607882,-0.4814607612315388,0.821805540064022,0.9841231756854657,0
-0.8043672005990544,0.9009088760241706,-0.502969299721533,-0.44677522685625504,-0.911310674287764,0.9048055324001227,-0.804975077263973,-1.461440576166749,-1.4556794270196742,-0.570312581972397,-0.4814607612315388,0.40512286080543575,-1.0161329645585022,0
-0.8043672005990544,-1.1099901739376037,-1.179024470547907,1.5954633614881089,-0.911310674287764,-1.177851894974348,-0.2190486430472703,-0.8828162337175963,-1.368401390398239,-1.0289971665491795,-0.7394662468772634,0.4448069254967297,-1.0161329645585022,0
-0.8043672005990544,-1.1099901739376037,0.8491410419312149,0.46439753974781217,-0.911310674287764,-1.177851894974348,0.8577891279455886,0.2744324511807092,-0.3277786460657409,0.003043148748581378,-0.4814607612315388,0.06780831092943747,0.9841231756854657,0
-0.8043672005990544,0.9009088760241706,-1.179024470547907,-0.5617279378830157,-0.404365943111267,0.9048055324001227,-0.4090788379283631,-0.8828162337175963,-0.1263677923239666,0.23238544103697253,-0.7394662468772634,1.0797519605574324,-1.0161329645585022,0
0.21232733076517762,-1.1099901739376037,1.5251962127575889,0.21794170676476154,-0.7423290972289317,-1.177851894974348,0.06599664927436881,-0.3041918912684436,-0.5929696034924096,-0.34097028968400567,0.5505611813513597,1.0995939929030794,0.9841231756854657,0
1.0595727735687044,0.9009088760241706,-0.502969299721533,-0.40085099500217897,0.7785050963005594,-1.177851894974348,0.009145949305775225,-1.461440576166749,-1.143492603719925,0.4617277333253637,0.8085666669970842,0.6829113136444932,0.9841231756854657,0
1.2290218621294098,-1.1099901739376037,-1.179024470547907,8.406146967511583,1.1164682504182242,-1.177851894974348,-1.170308126922874,0.853056793629862,0.8034789824505558,-1.6023528972701577,0.29255569570563505,-1.3409759856114967,0.9841231756854657,0
0.7206745964472937,0.9009088760241706,-0.502969299721533,-0.5910859664307211,0.7785050963005594,0.9048055324001227,-1.2141734302412595,0.2744324511807092,0.5349311774615239,-1.0289971665491795,0.29255569570563505,0.801963507718375,0.9841231756854657,0
-0.8043672005990544,-1.1099901739376037,1.5251962127575889,0.7448227753161852,-0.7423290972289317,-1.177851894974348,0.5098755128174546,-0.3041918912684436,0.2663833724724924,-0.45564143582820127,-0.7394662468772634,0.305912699077201,-1.0161329645585022,0
0.21232733076517762,-1.1099901739376037,1.5251962127575889,-0.48499277881184794,0.2715603651240624,-1.177851894974348,0.06599664927436881,0.853056793629862,-0.915226969479248,0.6910700256137552,0.8085666669970842,1.714696995618135,0.9841231756854657,0
-0.8043672005990544,-1.1099901739376037,1.5251962127575889,0.4051445418398021,-0.5733475201700994,-1.177851894974348,0.8577891279455886,-1.461440576166749,-0.08272877401324927,0.003043148748581378,-0.997471732522988,-0.7060309505507939,0.9841231756854657,0
-0.2960199349169384,0.9009088760241706,-0.502969299721533,-0.30034830878507435,-0.06640278899360229,0.9048055324001227,0.06599664927436881,0.853056793629862,-0.8413763231072641,0.23238544103697253,-0.7394662468772634,-1.9759210206721993,0.9841231756854657,0
-0.8043672005990544,0.9009088760241706,0.8491410419312149,-0.5796364932208844,-0.911310674287764,0.9048055324001227,-0.7257958293968509,0.2744324511807092,-0.012234975203628139,-0.2262991435398101,-0.7394662468772634,-0.011559818453150373,0.9841231756854657,0
-0.634918112038349,-1.1099901739376037,0.8491410419312149,1.2166516181993459,-0.404365943111267,-1.177851894974348,-0.5674373336626071,0.2744324511807092,-1.7846504881312382,-1.143668312693375,-0.4814607612315388,0.6630692812988462,0.9841231756854657,0
-0.46546902347764374,0.9009088760241706,-1.179024470547907,-0.31004482816554296,-0.404365943111267,0.9048055324001227,-0.5769388434066617,0.853056793629862,1.1962301472470147,-0.45564143582820127,-0.4814607612315388,0.5043330225336705,-1.0161329645585022,0
-0.2960199349169384,0.9009088760241706,0.8491410419312149,-0.0135903301033985,-0.7423290972289317,-1.177851894974348,0.7627740305050422,-0.8828162337175963,-0.5090484144333371,0.4617277333253637,-0.22345527558581418,-1.4005020826484376,-1.0161329645585022,0
-0.12657084635623306,0.9009088760241706,-0.502969299721533,-0.48870398736951914,-0.23538436605243465,0.9048055324001227,-0.4882580857954851,1.4316811360790147,-0.8749447987308929,-0.11162799739561437,-0.4814607612315388,-0.6465048535138531,0.9841231756854657,0
-0.2960199349169384,0.9009088760241706,0.8491410419312149,0.17437053906001743,-0.5733475201700994,-1.177851894974348,0.38271364074285674,-0.3041918912684436,-1.267695963527352,-0.11162799739561437,-0.4814607612315388,-2.094973214746081,0.9841231756854657,0
1.398470950690115,0.9009088760241706,0.8491410419312149,0.5313888023079878,1.1164682504182242,0.9048055324001227,-1.042512820865339,-0.8828162337175963,-0.9387249024157878,-1.2583394588375707,2.098594095225707,-1.4005020826484376,-1.0161329645585022,0
0.5512255078865883,0.9009088760241706,1.5251962127575889,1.59999577364152,0.10257878806523006,-1.177851894974348,1.3586770499530023,0.853056793629862,0.8370474580741847,-0.45564143582820127,1.066572152642809,1.1392780575943733,-1.0161329645585022,0
-0.9738162891597597,0.9009088760241706,0.8491410419312149,-0.5722930379897477,-0.5733475201700994,-1.177851894974348,0.4333883593778148,0.853056793629862,-0.17336365819704735,1.6084391947673204,-0.4814607612315388,0.305912699077201,0.9841231756854657,0
-0.8043672005990544,0.9009088760241706,1.5251962127575889,-0.2866879028174761,-0.911310674287764,0.9048055324001227,0.8577891279455886,-1.461440576166749,0.03476089066945202,1.1497546101905376,-0.4814607612315388,0.782121475372728,-1.0161329645585022,0
-0.12657084635623306,-1.1099901739376037,-0.502969299721533,-0.3694399574651235,-0.06640278899360229,-1.177851894974348,1.3328646151483206,0.2744324511807092,-0.9521522926652397,2.0671237793441026,0.8085666669970842,-0.20998014190961997,0.9841231756854657,0
0.890123685007999,-1.1099901739376037,-1.179024470547907,0.15747269583998255,0.6095235192417271,0.9048055324001227,0.8577891279455886,0.853056793629862,0.03476089066945202,0.3470565871811683,0.29255569570563505,-0.24966420660091387,0.9841231756854657,0
-0.9738162891597597,-1.1099901739376037,-1.179024470547907,-0.29895857962305283,-0.911310674287764,0.9048055324001227,-1.2008713165995828,0.853056793629862,-1.6671608234485367,-1.2583394588375707,-0.7394662468772634,-0.15045404487267908,-1.0161329645585022,0
-0.634918112038349,0.9009088760241706,1.5251962127575889,-0.49052011070625184,-0.911310674287764,0.9048055324001227,-0.4090788379283631,-0.8828162337175963,0.18246218341341994,0.003043148748581378,-0.7394662468772634,0.16701847265767225,-1.0161329645585022,0
-0.634918112038349,-1.1099901739376037,0.8491410419312149,-0.6781335475791624,-0.911310674287764,-1.177851894974348,-0.5674373336626071,0.2744324511807092,0.850474848323636,0.23238544103697253,-0.7394662468772634,0.5241750548793175,0.9841231756854657,0
1.398470950690115,0.9009088760241706,-1.179024470547907,-0.10903945573133379,1.4544314045358888,0.9048055324001227,0.8577891279455886,-0.3041918912684436,0.001192415045823164,0.8057411717579506,2.098594095225707,-0.13061201252703214,0.9841231756854657,0
-0.2960199349169384,0.9009088760241706,-0.502969299721533,-0.1108555790680665,-0.911310674287764,-1.177851894974348,0.1451758971414908,-0.8828162337175963,0.8370474580741847,0.003043148748581378,0.03455021005991044,-0.09092794783573821,0.9841231756854657,0
-0.46546902347764374,0.9009088760241706,0.8491410419312149,-0.10739704853985377,0.10257878806523006,0.9048055324001227,-1.042512820865339,1.4316811360790147,1.0283877691288699,-1.143668312693375,-0.7394662468772634,0.305912699077201,-1.0161329645585022,0
0.5512255078865883,-1.1099901739376037,-1.179024470547907,0.3872359865019333,1.1164682504182242,-1.177851894974348,1.3770466354581745,1.4316811360790147,0.001192415045823164,0.4617277333253637,-0.22345527558581418,-0.38855843302044263,0.9841231756854657,0
-0.12657084635623306,0.9009088760241706,1.5251962127575889,-0.8364995025422556,-0.5733475201700994,0.9048055324001227,-1.2800505644667048,1.4316811360790147,0.8672590861354508,-0.9143260204049839,0.29255569570563505,0.08765034327508442,0.9841231756854657,0
-0.8043672005990544,0.9009088760241706,0.8491410419312149,0.41329340828983757,-0.911310674287764,-1.177851894974348,0.22435514500861276,0.2744324511807092,0.12203892729088728,-0.45564143582820127,-0.7394662468772634,-0.07108591549009124,-1.0161329645585022,0
0.0428782422044723,0.9009088760241706,-1.179024470547907,-0.2643258972104019,-0.23538436605243465,-1.177851894974348,0.19300016285323246,1.4316811360790147,-1.371758237960602,0.3470565871811683,0.8085666669970842,0.7424374106814341,0.9841231756854657,0
0.21232733076517762,0.9009088760241706,-0.502969299721533,-0.29876907110095896,0.2715603651240624,-1.177851894974348,1.0161476236798326,1.4316811360790147,-0.10958355451215247,1.379096902478929,0.03455021005991044,0.3455967637684949,0.9841231756854657,0
-0.2960199349169384,0.9009088760241706,-0.502969299721533,-0.2419007220959631,-0.23538436605243465,-1.177851894974348,-0.2507203421941191,-0.8828162337175963,-1.0562145670984893,-0.2262991435398101,-0.997471732522988,0.8813316371009629,0.9841231756854657,0
-0.2960199349169384,-1.1099901739376037,0.8491410419312149,-0.5233366697821701,-0.5733475201700994,0.9048055324001227,-1.0200259144710764,0.853056793629862,-0.05251714595198324,-0.7996548742607882,-0.22345527558581418,-0.7655570475877348,-1.0161329645585022,0
0.38177641932588297,-1.1099901739376037,-0.502969299721533,0.17157528835913313,0.4405419421828948,0.9048055324001227,0.8577891279455886,0.853056793629862,-1.036073481724312,0.3470565871811683,0.03455021005991044,0.9606997664835506,-1.0161329645585022,0
-0.634918112038349,0.9009088760241706,0.8491410419312149,-0.4529026690706228,-0.7423290972289317,-1.177851894974348,0.22435514500861276,-1.461440576166749,-1.0797125000350298,0.8057411717579506,-0.4814607612315388,-0.5472946917856183,0.9841231756854657,0
-0.8043672005990544,0.9009088760241706,-0.502969299721533,-0.2069206073928068,-0.911310674287764,-1.177851894974348,-0.2507203421941191,-0.8828162337175963,-0.13643833501105568,-0.2262991435398101,-0.7394662468772634,-0.13061201252703214,-1.0161329645585022,0
2.2457163934936415,0.9009088760241706,-0.502969299721533,-0.24842297373135974,1.6234129815947211,0.9048055324001227,-0.6293555054946964,0.853056793629862,-0.002164432516539662,-0.570312581972397,1.8405886095799828,0.5837011519162584,0.9841231756854657,0
0.0428782422044723,-1.1099901739376037,1.5251962127575889,-0.07050605623891783,-0.23538436605243465,-1.177851894974348,-0.963333572998217,-0.8828162337175963,0.3536614090939276,-1.0289971665491795,-0.22345527558581418,-0.4877685947486774,0.9841231756854657,0
-0.12657084635623306,-1.1099901739376037,-1.179024470547907,-0.468805592549665,-0.404365943111267,-1.177851894974348,2.241367305175678,1.4316811360790147,0.17239164072633087,3.7871909715070364,0.03455021005991044,0.6829113136444932,-1.0161329645585022,0
-0.8043672005990544,0.9009088760241706,-0.502969299721533,0.07876348966367058,-0.5733475201700994,0.9048055324001227,0.8577891279455886,-0.8828162337175963,-0.03237606057780569,0.4617277333253637,-0.997471732522988,-0.46792656240303043,0.9841231756854657,0
-0.634918112038349,0.9009088760241706,-1.179024470547907,0.2109456838241303,-0.911310674287764,0.9048055324001227,-0.942588610057031,-1.461440576166749,-1.0427871768490378,-1.143668312693375,-0.997471732522988,-0.4282424977117365,0.9841231756854657,0
-0.8043672005990544,-1.1099901739376037,0.8491410419312149,-0.108139290251388,-0.911310674287764,0.9048055324001227,-0.2507203421941191,0.2744324511807092,0.9142549520085315,-0.34097028968400567,-0.7394662468772634,-1.182239726846321,0.9841231756854657,0
-0.8043672005990544,0.9009088760241706,-0.502969299721533,0.40198606647157126,-0.7423290972289317,-1.177851894974348,-1.2045135620014704,0.853056793629862,-0.4150566826871762,-1.3730106049817663,-0.7394662468772634,0.5837011519162584,0.9841231756854657,0
-0.12657084635623306,0.9009088760241706,1.5251962127575889,-0.18719592871820537,0.4405419421828948,-1.177851894974348,1.6495816066168083,-0.8828162337175963,0.001192415045823164,1.7231103409115156,0.29255569570563505,1.1988041546313142,-1.0161329645585022,0
0.5512255078865883,-1.1099901739376037,-0.502969299721533,-0.29771098185260164,0.4405419421828948,0.9048055324001227,-0.804975077263973,0.853056793629862,-0.19686159113358773,-0.7996548742607882,0.03455021005991044,1.1194360252487263,-1.0161329645585022,0
0.21232733076517762,0.9009088760241706,-0.502969299721533,0.6693036292617864,-0.404365943111267,-1.177851894974348,0.38271364074285674,0.2744324511807092,0.001192415045823164,-0.45564143582820127,1.066572152642809,0.20670253734896618,-1.0161329645585022,0
0.21232733076517762,-1.1099901739376037,-1.179024470547907,0.46090742446591715,0.7785050963005594,0.9048055324001227,1.0419600584845143,-0.8828162337175963,0.4946490067131693,0.1177142948927768,0.8085666669970842,-0.7457150152420878,0.9841231756854657,0
-0.12657084635623306,-1.1099901739376037,-0.502969299721533,-0.18973850138963116,-0.23538436605243465,-1.177851894974348,1.357885257474331,-0.8828162337175963,0.6322797567700481,1.4937680486231246,-0.22345527558581418,0.5837011519162584,0.9841231756854657,0
-0.12657084635623306,0.9009088760241706,1.5251962127575889,-0.3051807760984675,-0.5733475201700994,-1.177851894974348,0.38271364074285674,1.4316811360790147,-1.143492603719925,0.6910700256137552,0.5505611813513597,-0.46792656240303043,0.9841231756854657,0
0.5512255078865883,-1.1099901739376037,0.8491410419312149,-0.547309497827042,0.7785050963005594,0.9048055324001227,-0.7257958293968509,-0.8828162337175963,-0.059230841076708896,-0.34097028968400567,1.3245776382885335,-0.7655570475877348,0.9841231756854657,0
-0.634918112038349,0.9009088760241706,1.5251962127575889,1.024489976796183,-0.5733475201700994,-1.177851894974348,0.38271364074285674,-0.8828162337175963,-1.1401357561575618,-0.6849837281165926,-0.4814607612315388,0.08765034327508442,0.9841231756854657,0
-0.46546902347764374,0.9009088760241706,0.8491410419312149,-0.011758414389824626,-0.5733475201700994,0.9048055324001227,1.0161476236798326,0.853056793629862,-0.6567497071773044,0.6910700256137552,0.29255569570563505,-2.4719718293133734,0.9841231756854657,0
0.5512255078865883,0.9009088760241706,1.5251962127575889,-0.4898726232557645,0.2715603651240624,-1.177851894974348,-0.765385453330412,-1.461440576166749,-0.43855461562371656,-0.45564143582820127,0.5505611813513597,1.298014316359549,0.9841231756854657,0
-0.8043672005990544,-1.1099901739376037,0.8491410419312149,-0.11924133117071933,-0.911310674287764,0.9048055324001227,-0.7257958293968509,0.853056793629862,-0.16664996307232172,-0.7996548742607882,-0.22345527558581418,-0.5869787564769122,0.9841231756854657,0
-0.634918112038349,0.9009088760241706,-0.502969299721533,-0.4471384515236016,-0.5733475201700994,0.9048055324001227,-1.359229812333827,0.853056793629862,0.6859893177678545,-1.3730106049817663,-0.7394662468772634,0.10749237562073138,0.9841231756854657,0
0.21232733076517762,0.9009088760241706,1.5251962127575889,0.2747784710160751,0.4405419421828948,0.9048055324001227,0.8577891279455886,-0.8828162337175963,-0.23378691431957943,0.1177142948927768,0.5505611813513597,0.6432272489531993,-1.0161329645585022,0
1.2290218621294098,0.9009088760241706,-1.179024470547907,-0.01123726595406654,0.9474866733593919,-1.177851894974348,0.30353439287573475,-0.3041918912684436,0.42079836034118534,0.1177142948927768,1.8405886095799828,1.1194360252487263,-1.0161329645585022,0
-0.46546902347764374,-1.1099901739376037,-1.179024470547907,0.7556089686986935,-0.404365943111267,-1.177851894974348,2.4413740852880284,-0.8828162337175963,-1.173704231781191,0.6910700256137552,0.03455021005991044,0.821805540064022,0.9841231756854657,0
-0.8043672005990544,0.9009088760241706,-0.502969299721533,0.17438633143685858,-0.911310674287764,-1.177851894974348,2.4413740852880284,1.4316811360790147,1.2600102509319098,1.4937680486231246,-0.22345527558581418,-0.6663468858595001,0.9841231756854657,0
-0.2960199349169384,0.9009088760241706,-0.502969299721533,-0.2961949136758508,0.2715603651240624,0.9048055324001227,0.38271364074285674,0.2744324511807092,-0.9085132743545218,0.6910700256137552,-0.4814607612315388,0.3654387961141419,0.9841231756854657,0
-0.2960199349169384,0.9009088760241706,0.8491410419312149,-0.08735652232842923,-0.5733475201700994,0.9048055324001227,-1.042512820865339,0.853056793629862,0.7497694214527494,-1.143668312693375,-0.4814607612315388,-0.11076998018138517,-1.0161329645585022,0
-0.8043672005990544,-1.1099901739376037,0.8491410419312149,0.2679087870901731,-0.5733475201700994,-1.177851894974348,-1.2008713165995828,1.4316811360790147,-0.7574551340481915,-1.3730106049817663,-0.4814607612315388,-0.15045404487267908,0.9841231756854657,0
-0.634918112038349,-1.1099901739376037,-1.179024470547907,0.3053840973342317,-0.911310674287764,-1.177851894974348,0.6994306322113446,1.4316811360790147,-1.0495008719737637,0.003043148748581378,-0.4814607612315388,1.0400678958661385,-1.0161329645585022,0
1.7373691278115257,-1.1099901739376037,-1.179024470547907,1.095002939391936,2.130357712771218,0.9048055324001227,0.38271364074285674,0.2744324511807092,-1.0964967378468442,-0.6849837281165926,2.098594095225707,0.8614896047553159,-1.0161329645585022,0
0.890123685007999,0.9009088760241706,1.5251962127575889,-0.4857034357696999,0.2715603651240624,0.9048055324001227,-0.8524826259842462,0.2744324511807092,-0.676890792551482,-0.570312581972397,0.29255569570563505,0.8416475724096689,0.9841231756854657,0
0.21232733076517762,-1.1099901739376037,-0.502969299721533,2.7300035061334595,0.4405419421828948,-1.177851894974348,1.8605151229348214,0.853056793629862,0.06161567116835522,-0.6849837281165926,0.03455021005991044,0.7027533459901402,-1.0161329645585022,0
-0.2960199349169384,-1.1099901739376037,1.5251962127575889,0.020221148713512396,0.10257878806523006,0.9048055324001227,-1.150988390443296,0.853056793629862,0.5248606347744353,-1.2583394588375707,-0.7394662468772634,-2.194183376474316,0.9841231756854657,0
0.0428782422044723,0.9009088760241706,1.5251962127575889,-0.3356126862713714,-0.06640278899360229,0.9048055324001227,0.38271364074285674,0.2744324511807092,0.15560740291451672,0.6910700256137552,0.29255569570563505,1.794065125000723,-1.0161329645585022,0
-0.634918112038349,0.9009088760241706,-0.502969299721533,0.380950620519154,-0.5733475201700994,-1.177851894974348,-0.2507203421941191,-0.8828162337175963,0.03140404310708919,-0.6849837281165926,-0.997471732522988,1.278172284013902,-1.0161329645585022,0
-0.634918112038349,-1.1099901739376037,-0.502969299721533,0.5814506368944463,-0.911310674287764,-1.177851894974348,-0.7257958293968509,1.4316811360790147,-0.13643833501105568,-1.143668312693375,-0.4814607612315388,1.694854963272488,-1.0161329645585022,0
0.38177641932588297,-1.1099901739376037,0.8491410419312149,-0.07813377425319525,0.10257878806523006,0.9048055324001227,-0.5674373336626071,-0.8828162337175963,1.3405745924286192,-0.6849837281165926,0.8085666669970842,0.7027533459901402,-1.0161329645585022,0
0.38177641932588297,-1.1099901739376037,-0.502969299721533,-0.08135541912879067,0.6095235192417271,-1.177851894974348,-0.5674373336626071,-0.3041918912684436,-0.8615174084814415,-0.6849837281165926,0.8085666669970842,0.18686050500331922,0.9841231756854657,0
0.0428782422044723,-1.1099901739376037,1.5251962127575889,-0.27435405650453476,-0.23538436605243465,0.9048055324001227,-0.2507203421941191,-0.3041918912684436,-0.47883678637207105,-0.11162799739561437,0.8085666669970842,0.6035431842619053,-1.0161329645585022,0
-0.8043672005990544,-1.1099901739376037,-0.502969299721533,-0.3021960168754894,-0.911310674287764,0.9048055324001227,-0.5674373336626071,0.853056793629862,0.4510099884024514,-0.45564143582820127,-0.4814607612315388,1.0400678958661385,-1.0161329645585022,0
-1.3127144662811705,-1.1099901739376037,0.8491410419312149,2.3183278266382548,-0.911310674287764,0.21058638994196582,-1.2008713165995828,1.4316811360790147,-0.811164695045998,-1.487681751125962,-0.4814607612315388,-0.26950623894656084,0.9841231756854657,0
0.21232733076517762,-1.1099901739376037,-1.179024470547907,-0.29592644326955125,0.10257878806523006,0.9048055324001227,-0.7147107346954539,-1.461440576166749,-0.16664996307232172,-0.6849837281165926,1.066572152642809,1.1988041546313142,-1.0161329645585022,0
-0.634918112038349,-1.1099901739376037,0.8491410419312149,-0.29572114237061625,-0.404365943111267,-1.177851894974348,-1.2008713165995828,0.853056793629862,0.2663833724724924,-1.2583394588375707,-0.997471732522988,-0.46792656240303043,-1.0161329645585022,0
0.38177641932588297,-1.1099901739376037,-0.502969299721533,0.4584438136786971,0.2715603651240624,-1.177851894974348,1.6495816066168083,-0.8828162337175963,0.427512055465911,0.4617277333253637,0.03455021005991044,0.06780831092943747,0.9841231756854657,0
0.21232733076517762,0.9009088760241706,-0.502969299721533,-0.10820245975875262,0.2715603651240624,0.9048055324001227,-0.646616581529729,-0.3041918912684436,-0.8380194755449012,-0.6849837281165926,0.5505611813513597,1.6154868338899002,0.9841231756854657,0
0.5512255078865883,-1.1099901739376037,0.8491410419312149,0.13675309742438838,0.6095235192417271,0.9048055324001227,-0.18420977398573665,-0.8828162337175963,-0.9286543597286993,-0.45564143582820127,0.8085666669970842,0.6829113136444932,0.9841231756854657,0
-0.634918112038349,0.9009088760241706,-0.502969299721533,-0.012990219783434644,-0.5733475201700994,-1.177851894974348,0.38271364074285674,0.853056793629862,-0.10622670694978965,0.1177142948927768,-0.4814607612315388,0.0479662785837905,-1.0161329645585022,0
-0.46546902347764374,-1.1099901739376037,1.5251962127575889,-0.6126109760652141,-0.7423290972289317,0.21058638994196582,0.41311847192383155,1.4316811360790147,0.46108053108954045,1.8377814870557112,-0.4814607612315388,-1.4005020826484376,0.9841231756854657,0
-0.634918112038349,0.9009088760241706,-0.502969299721533,-0.6780387933181155,-0.911310674287764,0.9048055324001227,-0.5674373336626071,-0.8828162337175963,0.29995184809612124,0.23238544103697253,-0.7394662468772634,-1.0830295651180861,-1.0161329645585022,0
-0.8043672005990544,0.9009088760241706,-1.179024470547907,0.15486695366119213,-0.7423290972289317,0.9048055324001227,-0.09236184645987515,-0.8828162337175963,0.021333500420000717,-0.45564143582820127,-0.7394662468772634,-0.5076106270943244,0.9841231756854657,0
-0.634918112038349,0.9009088760241706,-0.502969299721533,0.12236624212209701,-0.911310674287764,0.9048055324001227,1.5890886612463273,-0.3041918912684436,0.16903479316396802,0.9204123179021463,-0.7394662468772634,-0.44808453005738347,0.9841231756854657,0
1.0595727735687044,0.9009088760241706,-1.179024470547907,6.368503960827996,1.1164682504182242,-1.177851894974348,0.5166849281340271,-0.3041918912684436,-1.143492603719925,-1.2583394588375707,0.5505611813513597,-2.8092863791893716,0.9841231756854657,0
1.0595727735687044,0.9009088760241706,1.5251962127575889,-0.29354179436653693,0.4405419421828948,-1.177851894974348,0.38271364074285674,1.4316811360790147,0.8370474580741847,0.6910700256137552,0.5505611813513597,0.38528082845978884,-1.0161329645585022,0
0.890123685007999,-1.1099901739376037,1.5251962127575889,0.13503172834870258,0.10257878806523006,-1.177851894974348,0.06599664927436881,0.853056793629862,-0.8346626279825383,-0.34097028968400567,0.8085666669970842,1.8535912220376638,-1.0161329645585022,0
0.38177641932588297,-1.1099901739376037,-1.179024470547907,-0.29733196480841395,0.4405419421828948,-1.177851894974348,-0.7257958293968509,0.2744324511807092,-1.5127458355798435,-0.6849837281165926,0.5505611813513597,0.18686050500331922,0.9841231756854657,0
2.0762673049329363,-1.1099901739376037,0.17308587110484092,0.19846970611961856,2.130357712771218,-1.177851894974348,1.6495816066168083,0.853056793629862,0.6389934518947737,0.9204123179021463,2.098594095225707,1.714696995618135,0.9841231756854657,0
-0.8043672005990544,-1.1099901739376037,0.8491410419312149,0.17340720407270702,-0.911310674287764,0.9048055324001227,-0.4090788379283631,0.853056793629862,-1.5161026831422064,-0.6849837281165926,-0.7394662468772634,1.35754041339649,0.9841231756854657,0
-0.46546902347764374,0.9009088760241706,-0.502969299721533,0.14444398494603042,-0.06640278899360229,-1.177851894974348,-0.7257958293968509,0.2744324511807092,0.1488937077897905,-0.9143260204049839,-0.7394662468772634,0.3455967637684949,0.9841231756854657,0
-0.8043672005990544,-1.1099901739376037,-1.179024470547907,-0.20395164054666984,-0.5733475201700994,0.9048055324001227,0.06599664927436881,-0.8828162337175963,0.06161567116835522,0.1177142948927768,-0.7394662468772634,-1.6981325678331418,0.9841231756854657,0
0.21232733076517762,-1.1099901739376037,-0.502969299721533,-0.4794338621637617,0.10257878806523006,0.9048055324001227,-0.9804362905375152,-0.3041918912684436,-0.6332517742407646,-0.7996548742607882,0.03455021005991044,0.305912699077201,-1.0161329645585022,0
-0.8043672005990544,0.9009088760241706,1.5251962127575889,0.8398139220157271,-0.7423290972289317,0.9048055324001227,1.6495816066168083,-0.8828162337175963,0.4711510737766289,0.1177142948927768,-0.7394662468772634,-1.4401861473397315,0.9841231756854657,0
-0.46546902347764374,-1.1099901739376037,0.8491410419312149,-0.7770569961121516,-0.23538436605243465,0.9048055324001227,-1.2008713165995828,1.4316811360790147,-0.22707321919485376,-0.7996548742607882,-0.4814607612315388,-0.8647672093159696,0.9841231756854657,0
0.21232733076517762,0.9009088760241706,-1.179024470547907,-0.8003349595760127,0.6095235192417271,0.9048055324001227,-0.5736133149962426,1.4316811360790147,-0.38148820706354736,0.6910700256137552,0.29255569570563505,0.14717644031202531,-1.0161329645585022,0
0.38177641932588297,0.9009088760241706,-1.179024470547907,-0.1879697551834219,-0.404365943111267,-1.177851894974348,0.06599664927436881,-0.8828162337175963,-1.331476067212247,0.1177142948927768,0.5505611813513597,-3.0077067026458413,0.9841231756854657,0
-0.8043672005990544,0.9009088760241706,-0.502969299721533,-0.7765516400532346,-0.911310674287764,0.9048055324001227,-1.2008713165995828,1.4316811360790147,1.0183172264417808,-0.7996548742607882,-0.7394662468772634,-0.4877685947486774,0.9841231756854657,0
1.5679200392508204,0.9009088760241706,0.17308587110484092,8.233457326753564,1.2854498274770565,-1.177851894974348,1.6495816066168083,-1.461440576166749,0.82026322026237,-1.2583394588375707,0.8085666669970842,1.1789621222856672,-1.0161329645585022,0
-0.634918112038349,-1.1099901739376037,-1.179024470547907,0.17332824218850124,-0.23538436605243465,-1.177851894974348,-0.18420977398573665,-0.8828162337175963,0.19253272610050842,-0.570312581972397,-0.4814607612315388,0.5638591195706114,-1.0161329645585022,0
-0.46546902347764374,-1.1099901739376037,-0.502969299721533,-0.20583093339076716,-0.7423290972289317,0.9048055324001227,0.06599664927436881,1.4316811360790147,0.5047195494002578,0.1177142948927768,-0.997471732522988,0.7027533459901402,-1.0161329645585022,0
1.398470950690115,0.9009088760241706,-0.502969299721533,0.36601103202742225,1.7923945586535535,0.9048055324001227,-0.9593746106048608,0.2744324511807092,0.13210946997797635,-1.2583394588375707,1.582583123934258,-0.8449251769703227,0.9841231756854657,0
-0.46546902347764374,0.9009088760241706,0.8491410419312149,-0.010779287025673073,-0.7423290972289317,0.9048055324001227,-0.8841543251310949,0.853056793629862,-1.5899533295141903,-1.0289971665491795,-0.7394662468772634,-1.0433455004267922,0.9841231756854657,0
-0.634918112038349,0.9009088760241706,-1.179024470547907,-0.4864140927275518,-0.404365943111267,0.9048055324001227,-0.7257958293968509,-1.461440576166749,0.06497251873071805,-0.45564143582820127,-0.7394662468772634,-1.3409759856114967,0.9841231756854657,0
0.21232733076517762,0.9009088760241706,-1.179024470547907,0.45309019792954586,-0.06640278899360229,-1.177851894974348,-0.2507203421941191,-0.8828162337175963,0.7162009458291205,-0.7996548742607882,-0.22345527558581418,0.801963507718375,0.9841231756854657,0
-0.634918112038349,-1.1099901739376037,0.8491410419312149,-0.8620831530249252,-0.911310674287764,0.9048055324001227,-1.042512820865339,-0.8828162337175963,-0.05587399351434607,-0.2262991435398101,-0.4814607612315388,-0.4282424977117365,0.9841231756854657,0
-0.8043672005990544,0.9009088760241706,1.5251962127575889,-0.4871405420622449,-0.911310674287764,0.9048055324001227,-0.09236184645987515,1.4316811360790147,0.07839990898016995,0.4617277333253637,-0.4814607612315388,-1.7973427295613766,0.9841231756854657,0
-0.634918112038349,-1.1099901739376037,0.8491410419312149,-0.6395843557099052,-0.5733475201700994,0.9048055324001227,-1.042512820865339,0.2744324511807092,-0.03908975570253134,-0.6849837281165926,-0.4814607612315388,-0.17029607721832604,0.9841231756854657,0
-0.9738162891597597,0.9009088760241706,0.8491410419312149,-0.6516813163702293,-0.5733475201700994,0.9048055324001227,-1.042512820865339,0.853056793629862,0.0716862138554443,-0.6849837281165926,-0.4814607612315388,-1.4203441149940845,0.9841231756854657,0
-0.634918112038349,0.9009088760241706,-1.179024470547907,-0.1858377843098661,-0.7423290972289317,-1.177851894974348,0.38271364074285674,0.2744324511807092,0.001192415045823164,0.4617277333253637,-0.7394662468772634,-1.6386064707962011,0.9841231756854657,0
-0.46546902347764374,0.9009088760241706,-0.502969299721533,-0.4879933304116672,-0.404365943111267,-1.177851894974348,0.06599664927436881,-1.461440576166749,-1.7342977746957948,0.6910700256137552,-0.4814607612315388,-0.30919030363785477,0.9841231756854657,0
-0.8043672005990544,0.9009088760241706,-0.502969299721533,-0.6790810901896316,-0.911310674287764,0.9048055324001227,-0.8006993978791483,-1.461440576166749,0.2697402200348552,-0.2262991435398101,-0.4814607612315388,0.7027533459901402,0.9841231756854657,0
-0.634918112038349,-1.1099901739376037,-1.179024470547907,0.23172845174708906,-0.7423290972289317,-1.177851894974348,-1.1790178441882573,-0.8828162337175963,1.4916327327349495,-1.3730106049817663,-0.997471732522988,0.9210157017922567,0.9841231756854657,0
-0.634918112038349,0.9009088760241706,-1.179024470547907,-0.4660577189793042,-0.7423290972289317,-1.177851894974348,-0.5674373336626071,0.2744324511807092,-0.4687662436849826,-0.2262991435398101,-0.7394662468772634,-1.6981325678331418,0.9841231756854657,0
-0.12657084635623306,-1.1099901739376037,-0.502969299721533,-0.16044364234929034,-0.23538436605243465,0.9048055324001227,-0.7257958293968509,0.853056793629862,0.0851136041048956,-0.7996548742607882,0.03455021005991044,0.9805417988291976,0.9841231756854657,0
-0.46546902347764374,-1.1099901739376037,-1.179024470547907,0.17724475164510747,-0.911310674287764,0.9048055324001227,1.6495816066168083,1.4316811360790147,-0.19686159113358773,0.9204123179021463,-0.4814607612315388,1.3972244780877838,-1.0161329645585022,0
2.415165482054347,0.9009088760241706,0.8491410419312149,-0.21903336042997198,1.7923945586535535,0.9048055324001227,-1.042512820865339,-1.461440576166749,-0.41169983512481334,-1.0289971665491795,1.8405886095799828,1.1591200899400202,-1.0161329645585022,0
-0.8043672005990544,-1.1099901739376037,0.8491410419312149,-0.009389557863651513,-0.911310674287764,-1.177851894974348,-0.4090788379283631,1.4316811360790147,-1.240841183028449,-0.570312581972397,-0.4814607612315388,0.7027533459901402,0.9841231756854657,0
0.38177641932588297,0.9009088760241706,-0.502969299721533,0.047115566473997804,0.7785050963005594,-1.177851894974348,-0.5674373336626071,-0.8828162337175963,0.7128440982667578,-0.7996548742607882,0.03455021005991044,-0.6663468858595001,-1.0161329645585022,0
-0.634918112038349,-1.1099901739376037,-1.179024470547907,-0.281144778546231,-0.911310674287764,0.21058638994196582,-0.9956387061280026,-0.3041918912684436,-0.33784918875282943,-1.0289971665491795,-0.7394662468772634,0.10749237562073138,-1.0161329645585022,0
0.21232733076517762,-1.1099901739376037,0.8491410419312149,-0.5578430131800918,-0.404365943111267,0.9048055324001227,-1.0325362356340815,0.2744324511807092,-1.7410114698205204,-0.7996548742607882,-0.22345527558581418,0.08765034327508442,0.9841231756854657,0
0.21232733076517762,-1.1099901739376037,0.8491410419312149,0.7413958295416548,-0.5733475201700994,0.9048055324001227,-0.4090788379283631,0.2744324511807092,-1.0964967378468442,-0.9143260204049839,0.29255569570563505,-1.0631875327724392,0.9841231756854657,0
-0.2960199349169384,-1.1099901739376037,-0.502969299721533,0.8384241928537055,-0.7423290972289317,-1.177851894974348,2.8664082878387394,0.853056793629862,-0.9185838170416109,0.8057411717579506,-0.7394662468772634,0.08765034327508442,-1.0161329645585022,0
-0.8043672005990544,0.9009088760241706,1.5251962127575889,-0.09615287622895205,-0.911310674287764,-1.177851894974348,1.3339731246184603,0.2744324511807092,0.9411097325074347,1.1497546101905376,-0.7394662468772634,1.317856348705196,0.9841231756854657,0
-0.8043672005990544,-1.1099901739376037,0.8491410419312149,0.11281185413319879,-0.911310674287764,-1.177851894974348,-0.7294380747987386,0.2744324511807092,0.5886407384593302,-0.9143260204049839,-0.4814607612315388,0.12733440796637835,0.9841231756854657,0
-0.2960199349169384,0.9009088760241706,-0.502969299721533,-0.6200649779342389,-0.7423290972289317,0.21058638994196582,0.38271364074285674,1.4316811360790147,-0.9286543597286993,1.8377814870557112,0.29255569570563505,0.7424374106814341,0.9841231756854657,0
-0.634918112038349,0.9009088760241706,-0.502969299721533,-0.4909149201272807,-0.23538436605243465,0.9048055324001227,-0.7257958293968509,-1.461440576166749,0.4342257505906372,-0.45564143582820127,-0.4814607612315388,-0.7258729828964409,0.9841231756854657,0
-0.9738162891597597,-1.1099901739376037,1.5251962127575889,0.458949169737614,-0.911310674287764,0.9048055324001227,0.38271364074285674,0.853056793629862,-0.002164432516539662,-0.34097028968400567,-0.4814607612315388,0.7225953783357871,0.9841231756854657,0
-0.46546902347764374,0.9009088760241706,1.5251962127575889,-0.10540720905786835,-0.23538436605243465,0.9048055324001227,-0.09236184645987515,1.4316811360790147,0.17239164072633087,-0.2262991435398101,-0.7394662468772634,-0.07108591549009124,0.9841231756854657,0
0.0428782422044723,0.9009088760241706,0.8491410419312149,-0.3926231666679377,-0.06640278899360229,0.9048055324001227,0.06599664927436881,0.2744324511807092,-0.18679104844649927,0.4617277333253637,0.29255569570563505,-0.44808453005738347,0.9841231756854657,0
0.7206745964472937,-1.1099901739376037,1.5251962127575889,0.05270606787576635,0.7785050963005594,-1.177851894974348,-0.9573159501603157,-0.3041918912684436,0.7799810495140155,-1.143668312693375,1.066572152642809,-0.6663468858595001,0.9841231756854657,0
0.38177641932588297,-1.1099901739376037,-0.502969299721533,-0.5886223556435011,0.4405419421828948,0.9048055324001227,-1.1012638227827434,-1.461440576166749,0.2831676102843065,-0.9143260204049839,-0.4814607612315388,2.0321695131484865,0.9841231756854657,0
-0.8043672005990544,0.9009088760241706,-1.179024470547907,0.26388173099567874,-0.7423290972289317,-1.177851894974348,-0.9688761203489155,-1.461440576166749,-0.388201902188273,-1.143668312693375,-0.7394662468772634,1.0797519605574324,0.9841231756854657,0
-0.46546902347764374,-1.1099901739376037,0.8491410419312149,-0.5136085656480192,-0.5733475201700994,0.9048055324001227,-1.042512820865339,-1.461440576166749,-1.2173432500919086,-0.9143260204049839,-0.7394662468772634,0.06780831092943747,0.9841231756854657,0
-0.634918112038349,0.9009088760241706,1.5251962127575889,-0.11053973153124343,-0.23538436605243465,0.9048055324001227,0.13931663279932377,-0.3041918912684436,-0.42177037781190185,0.003043148748581378,-0.4814607612315388,-1.142555662155027,0.9841231756854657,0
-0.46546902347764374,-1.1099901739376037,0.8491410419312149,0.3665163880863392,-0.911310674287764,0.9048055324001227,0.38271364074285674,0.853056793629862,0.24624228709831483,-0.2262991435398101,-0.4814607612315388,0.6829113136444932,0.9841231756854657,0
2.415165482054347,0.9009088760241706,-1.179024470547907,-0.014079893785474277,2.8062840210065474,-1.177851894974348,2.416511801457752,-0.8828162337175963,0.23952859197358917,1.952452633199907,2.6146050665171567,0.3654387961141419,-1.0161329645585022,0
-0.12657084635623306,0.9009088760241706,1.5251962127575889,0.11833918602760272,-0.06640278899360229,-1.177851894974348,-0.8524826259842462,1.4316811360790147,0.1119683846037988,-1.0289971665491795,-0.22345527558581418,0.32575473142284794,-1.0161329645585022,0
-0.2960199349169384,-1.1099901739376037,-0.502969299721533,0.1741968229147647,-0.7423290972289317,-1.177851894974348,-0.2507203421941191,0.2744324511807092,-0.05251714595198324,-0.570312581972397,0.03455021005991044,-0.46792656240303043,-1.0161329645585022,0
-0.2960199349169384,0.9009088760241706,1.5251962127575889,1.7095159070349237,-0.7423290972289317,-1.177851894974348,0.8577891279455886,-0.8828162337175963,0.6054249762711449,-0.6849837281165926,-0.4814607612315388,0.7027533459901402,0.9841231756854657,0
-0.8043672005990544,-1.1099901739376037,1.5251962127575889,-0.10956060416709187,-0.911310674287764,0.9048055324001227,0.8577891279455886,-1.461440576166749,-0.11965409719924096,0.8057411717579506,-0.7394662468772634,0.6432272489531993,0.9841231756854657,0
0.890123685007999,0.9009088760241706,1.5251962127575889,0.1702803134581585,0.4405419421828948,0.9048055324001227,0.06599664927436881,-0.3041918912684436,-0.6869613352385705,-0.34097028968400567,0.29255569570563505,1.694854963272488,0.9841231756854657,0
0.38177641932588297,0.9009088760241706,1.5251962127575889,1.2932446458789433,0.2715603651240624,-1.177851894974348,1.3094275577796524,1.4316811360790147,-0.008878127641265313,-0.34097028968400567,0.5505611813513597,0.286070666731554,0.9841231756854657,0
-0.8043672005990544,-1.1099901739376037,1.5251962127575889,-0.4122215063278099,-0.7423290972289317,0.9048055324001227,0.06599664927436881,-0.8828162337175963,-0.18343420088413584,0.5763988794695595,-0.4814607612315388,-2.23386744116561,0.9841231756854657,0
-0.46546902347764374,0.9009088760241706,-0.502969299721533,-0.5183778634540477,-0.23538436605243465,-1.177851894974348,-0.17486662273741627,-0.8828162337175963,0.19924642122523406,0.4617277333253637,-0.997471732522988,0.12733440796637835,0.9841231756854657,0
-0.46546902347764374,-1.1099901739376037,-0.502969299721533,0.4093611064563902,-0.7423290972289317,-1.177851894974348,0.03575017658912821,0.2744324511807092,-1.519459530704569,-0.570312581972397,-0.4814607612315388,0.40512286080543575,-1.0161329645585022,0
0.0428782422044723,-1.1099901739376037,1.5251962127575889,0.8364501457485612,-0.23538436605243465,-1.177851894974348,0.06599664927436881,-0.3041918912684436,-0.2673553899432083,-0.6849837281165926,0.8085666669970842,-0.17029607721832604,-1.0161329645585022,0
-0.2960199349169384,-1.1099901739376037,1.5251962127575889,1.4076288313394223,-0.06640278899360229,-1.177851894974348,0.06599664927436881,-1.461440576166749,-0.1129404020745153,-0.9143260204049839,-0.22345527558581418,1.0995939929030794,0.9841231756854657,0
-0.46546902347764374,0.9009088760241706,0.8491410419312149,0.2866701307774641,0.10257878806523006,0.9048055324001227,-0.22569969986810856,0.853056793629862,-0.3109944082539262,-0.6849837281165926,0.29255569570563505,0.9606997664835506,0.9841231756854657,0
-0.46546902347764374,0.9009088760241706,-1.179024470547907,-0.43369913883177946,-0.5733475201700994,0.9048055324001227,-1.3563793594106104,0.2744324511807092,-0.9890776158512313,-1.3730106049817663,-0.7394662468772634,0.22654456969461315,0.9841231756854657,0
-0.12657084635623306,0.9009088760241706,0.8491410419312149,-0.6555030715657886,-0.06640278899360229,-1.177851894974348,0.3844555841959334,-1.461440576166749,0.5752133482098789,1.952452633199907,0.29255569570563505,-0.9242933063529105,0.9841231756854657,0
-0.2960199349169384,-1.1099901739376037,-0.502969299721533,-0.5633703450744957,-0.5733475201700994,-1.177851894974348,-0.3298995900612411,-0.8828162337175963,0.2294580492865001,0.3470565871811683,-0.4814607612315388,-0.686188918205147,-1.0161329645585022,0
0.21232733076517762,-1.1099901739376037,-0.502969299721533,0.31132203102650563,0.2715603651240624,0.9048055324001227,-0.8841543251310949,0.2744324511807092,-0.8447331706696268,-1.143668312693375,1.066572152642809,0.16701847265767225,0.9841231756854657,0
1.5679200392508204,-1.1099901739376037,-1.179024470547907,0.2685404821638192,0.9474866733593919,-1.177851894974348,0.5410721364771007,-0.8828162337175963,-1.4355383416454968,-0.11162799739561437,2.6146050665171567,1.298014316359549,-1.0161329645585022,0
0.5512255078865883,0.9009088760241706,-0.502969299721533,0.23093883290503134,0.4405419421828948,0.9048055324001227,-1.149721522477422,-0.3041918912684436,-1.0192892439124976,-1.3730106049817663,1.066572152642809,1.317856348705196,0.9841231756854657,0
2.2457163934936415,0.9009088760241706,0.8491410419312149,1.425726895199385,2.130357712771218,-1.177851894974348,-0.5674373336626071,1.4316811360790147,0.04818828091890392,-1.143668312693375,2.356599580871432,0.5043330225336705,-1.0161329645585022,0
-0.634918112038349,0.9009088760241706,-0.502969299721533,-0.48766169049800295,-0.911310674287764,0.9048055324001227,-1.359229812333827,-0.8828162337175963,-0.8313057804201756,-1.3730106049817663,-0.4814607612315388,1.1789621222856672,0.9841231756854657,0
1.7373691278115257,0.9009088760241706,-0.502969299721533,-0.6105579670758641,1.4544314045358888,0.9048055324001227,-0.7257958293968509,1.4316811360790147,-0.3076375606915634,-0.2262991435398101,1.066572152642809,1.1194360252487263,0.9841231756854657,0
-0.634918112038349,-1.1099901739376037,-0.502969299721533,-0.4859403214223172,-0.911310674287764,0.9048055324001227,-1.042512820865339,0.853056793629862,0.4912921591508065,-0.9143260204049839,-0.7394662468772634,0.7225953783357871,-1.0161329645585022,0
-0.2960199349169384,0.9009088760241706,0.8491410419312149,0.3425277676646261,-0.06640278899360229,-1.177851894974348,-1.042512820865339,-1.461440576166749,-0.8514468657943525,-1.2583394588375707,-0.7394662468772634,-0.8052411122790287,0.9841231756854657,0
0.0428782422044723,0.9009088760241706,1.5251962127575889,-0.03642610701570731,0.2715603651240624,-1.177851894974348,-0.3758235538241718,0.2744324511807092,-1.2207000976542715,-0.570312581972397,0.5505611813513597,1.8139071573463699,0.9841231756854657,0
0.38177641932588297,0.9009088760241706,0.8491410419312149,-0.013163935928687339,0.7785050963005594,0.9048055324001227,-0.8841543251310949,-0.3041918912684436,-1.2106295549671826,-1.0289971665491795,0.5505611813513597,-0.7853990799333818,0.9841231756854657,0
0.7206745964472937,-1.1099901739376037,-1.179024470547907,-0.48851447884742527,0.6095235192417271,0.9048055324001227,0.0026532509806712224,1.4316811360790147,0.07839990898016995,0.6910700256137552,0.5505611813513597,1.1789621222856672,0.9841231756854657,0
0.38177641932588297,-1.1099901739376037,0.8491410419312149,1.600501129700437,0.7785050963005594,-1.177851894974348,-0.5674373336626071,-1.461440576166749,-0.8816584938556186,-1.2583394588375707,0.29255569570563505,0.8614896047553159,-1.0161329645585022,0
0.5512255078865883,0.9009088760241706,-1.179024470547907,0.9701642004626129,1.1164682504182242,-1.177851894974348,1.3328646151483206,0.853056793629862,0.10861153704143597,-0.11162799739561437,0.29255569570563505,-0.36871640067479566,0.9841231756854657,0
-0.8043672005990544,0.9009088760241706,0.8491410419312149,-0.5615226369840807,-0.5733475201700994,0.9048055324001227,-0.7257958293968509,0.2744324511807092,0.9881055983805148,-0.34097028968400567,-0.7394662468772634,0.3654387961141419,0.9841231756854657,0
-0.634918112038349,-1.1099901739376037,1.5251962127575889,1.1784814433742765,-0.5733475201700994,-1.177851894974348,0.38271364074285674,-0.8828162337175963,-1.4388951892078599,-0.6849837281165926,-0.4814607612315388,0.10749237562073138,0.9841231756854657,0
0.890123685007999,-1.1099901739376037,-0.502969299721533,-0.08584045415167844,0.7785050963005594,0.9048055324001227,-0.8656263811301884,1.4316811360790147,-0.7373140486740141,-0.9143260204049839,0.8085666669970842,-0.6465048535138531,0.9841231756854657,0
-0.8043672005990544,-1.1099901739376037,-0.502969299721533,-0.7930388814753995,-0.911310674287764,0.9048055324001227,-0.8877965705329826,-1.461440576166749,0.9444665800697976,-0.11162799739561437,-0.4814607612315388,0.5043330225336705,-1.0161329645585022,0
0.5512255078865883,0.9009088760241706,-0.502969299721533,0.6471627169304884,0.2715603651240624,0.9048055324001227,0.7627740305050422,-0.8828162337175963,0.5147900920873463,-0.2262991435398101,0.5505611813513597,0.0479662785837905,0.9841231756854657,0
0.7206745964472937,0.9009088760241706,1.5251962127575889,-0.59928221001128,0.7785050963005594,0.9048055324001227,-0.8841543251310949,1.4316811360790147,-1.1703473842188281,-0.45564143582820127,0.29255569570563505,-0.8052411122790287,0.9841231756854657,0
-0.634918112038349,0.9009088760241706,-1.179024470547907,-0.5972449933987711,-0.911310674287764,0.9048055324001227,-0.5674373336626071,-0.8828162337175963,0.6557776897065886,0.003043148748581378,-0.4814607612315388,-0.2893482712922078,-1.0161329645585022,0
-0.2960199349169384,-1.1099901739376037,-0.502969299721533,-0.11153465127223613,-0.23538436605243465,-1.177851894974348,1.3328646151483206,-1.461440576166749,0.16232109803924238,1.2644257563347332,-0.4814607612315388,0.286070666731554,-1.0161329645585022,0
-0.46546902347764374,0.9009088760241706,-0.502969299721533,-0.7940969707237568,-0.5733475201700994,0.9048055324001227,-0.646616581529729,0.853056793629862,0.6255660616453219,0.5763988794695595,-0.22345527558581418,-2.0156050853634935,0.9841231756854657,0
-0.9738162891597597,0.9009088760241706,0.8491410419312149,-0.4325147105686929,-0.911310674287764,-1.177851894974348,-0.17154109432699713,1.4316811360790147,1.0854541776890392,0.23238544103697253,-0.7394662468772634,-0.6068207888225592,0.9841231756854657,0
0.21232733076517762,-1.1099901739376037,0.8491410419312149,-0.33594432618503567,0.10257878806523006,0.9048055324001227,-0.8524826259842462,0.2744324511807092,-1.1233515183457474,-0.7996548742607882,0.03455021005991044,0.6233852166075523,0.9841231756854657,0
1.398470950690115,0.9009088760241706,-1.179024470547907,-0.1048386834915868,1.4544314045358888,-1.177851894974348,-0.4390085936221352,1.4316811360790147,1.4244957814876917,-0.570312581972397,1.582583123934258,0.8813316371009629,0.9841231756854657,0
1.398470950690115,0.9009088760241706,-0.502969299721533,-0.27902860004951635,1.4544314045358888,0.9048055324001227,-0.7487578112783164,-0.8828162337175963,0.26302652491012896,-0.6849837281165926,1.8405886095799828,1.337698381050843,0.9841231756854657,0
-1.143265377720465,-1.1099901739376037,-1.179024470547907,-0.8264713432481227,-0.911310674287764,0.9048055324001227,-0.7351389806451714,-0.8828162337175963,0.790051592201104,0.4617277333253637,-0.7394662468772634,-0.46792656240303043,-1.0161329645585022,0
1.5679200392508204,0.9009088760241706,0.8491410419312149,2.207623264981765,1.7923945586535535,-1.177851894974348,0.6835947826379203,-0.3041918912684436,-0.4821936339344339,-0.9143260204049839,1.582583123934258,0.38528082845978884,-1.0161329645585022,0
0.0428782422044723,0.9009088760241706,-1.179024470547907,0.27051452926896347,0.10257878806523006,-1.177851894974348,0.8577891279455886,-1.461440576166749,1.055242549627773,0.1177142948927768,0.5505611813513597,1.337698381050843,0.9841231756854657,0
-0.8043672005990544,-1.1099901739376037,0.8491410419312149,-0.25020751231441013,-0.911310674287764,-1.177851894974348,-0.8841543251310949,1.4316811360790147,-0.19686159113358773,-0.9143260204049839,-0.4814607612315388,0.10749237562073138,0.9841231756854657,0
-0.46546902347764374,0.9009088760241706,0.8491410419312149,-0.40291979636837016,-0.23538436605243465,-1.177851894974348,-0.045646090218273185,-1.461440576166749,-0.5560442803064178,0.3470565871811683,-0.4814607612315388,-1.4005020826484376,0.9841231756854657,0
-0.46546902347764374,-1.1099901739376037,0.8491410419312149,1.026843040945515,-0.404365943111267,-1.177851894974348,0.06599664927436881,0.2744324511807092,-1.720870384446343,-0.7996548742607882,-0.4814607612315388,-1.7378166325244357,0.9841231756854657,0
0.890123685007999,-1.1099901739376037,0.8491410419312149,1.8797103522520413,0.6095235192417271,-1.177851894974348,-0.2892014566575404,-1.461440576166749,0.021333500420000717,-1.143668312693375,0.5505611813513597,-2.134657279437375,-1.0161329645585022,0
0.0428782422044723,0.9009088760241706,-1.179024470547907,-0.8141374969351813,-0.06640278899360229,-1.177851894974348,-0.7574675285436998,-1.461440576166749,-0.2069321338206762,0.3470565871811683,0.29255569570563505,1.278172284013902,-1.0161329645585022,0
-0.2960199349169384,-1.1099901739376037,0.8491410419312149,-0.20778918811907027,-0.23538436605243465,-1.177851894974348,-0.7257958293968509,1.4316811360790147,-1.0226460914748605,-0.7996548742607882,-0.4814607612315388,-0.36871640067479566,0.9841231756854657,0
-0.2960199349169384,-1.1099901739376037,0.8491410419312149,-0.1708034415570874,-0.7423290972289317,0.9048055324001227,0.06599664927436881,-0.8828162337175963,0.964607665443975,0.003043148748581378,-0.4814607612315388,0.06780831092943747,0.9841231756854657,0
0.38177641932588297,0.9009088760241706,-1.179024470547907,-0.10894470147028687,0.2715603651240624,0.9048055324001227,-0.646616581529729,-1.461440576166749,-0.6601065547396678,-0.6849837281165926,0.8085666669970842,-0.6663468858595001,0.9841231756854657,0
0.38177641932588297,0.9009088760241706,-1.179024470547907,0.11382256625103265,0.6095235192417271,-1.177851894974348,0.5413888534685691,0.2744324511807092,-1.3583308477111502,0.1177142948927768,-0.4814607612315388,0.9210157017922567,-1.0161329645585022,0
0.7206745964472937,0.9009088760241706,-0.502969299721533,1.2595752984536026,0.9474866733593919,-1.177851894974348,-0.2621221538869847,0.853056793629862,0.5550722628357013,-1.0289971665491795,0.29255569570563505,0.32575473142284794,-1.0161329645585022,0
-0.9738162891597597,-1.1099901739376037,0.8491410419312149,-0.3891962208934073,-0.911310674287764,0.9048055324001227,-1.1228005782026007,0.2744324511807092,1.0653130923148617,-1.0289971665491795,-0.7394662468772634,0.06780831092943747,0.9841231756854657,0
-0.2960199349169384,-1.1099901739376037,-0.502969299721533,-0.6253712165528665,-0.911310674287764,-1.177851894974348,1.980392504205644,-0.8828162337175963,-1.2240569452166343,4.704560140660602,-0.22345527558581418,-0.22982217425526694,0.9841231756854657,0
-0.8043672005990544,0.9009088760241706,-0.502969299721533,-0.20284617416778905,-0.7423290972289317,-1.177851894974348,-0.2507203421941191,-0.8828162337175963,-1.1804179269059165,-0.2262991435398101,-0.4814607612315388,-2.3330776028938445,0.9841231756854657,0
-0.634918112038349,0.9009088760241706,0.8491410419312149,-0.17724673130827828,-0.23538436605243465,-1.177851894974348,-0.5674373336626071,-0.8828162337175963,-0.7205298108621999,-0.570312581972397,-0.4814607612315388,-0.32903233598350173,0.9841231756854657,0
-0.2960199349169384,0.9009088760241706,-1.179024470547907,-0.6750382417182962,-0.23538436605243465,0.9048055324001227,-0.16219794307867674,-0.8828162337175963,0.3335203237197501,1.035083464046342,-0.22345527558581418,0.4448069254967297,0.9841231756854657,0
0.0428782422044723,0.9009088760241706,-0.502969299721533,-0.10864464631030493,-0.06640278899360229,-1.177851894974348,1.6495816066168083,-0.8828162337175963,0.20260326878759688,1.4937680486231246,-0.22345527558581418,0.14717644031202531,0.9841231756854657,0
-0.8043672005990544,-1.1099901739376037,0.8491410419312149,-0.4762595944186897,-0.911310674287764,0.9048055324001227,-1.3448191892220107,-0.8828162337175963,-0.7339572011116512,-1.3730106049817663,-0.7394662468772634,-1.3806600503027906,0.9841231756854657,0
-0.8043672005990544,-1.1099901739376037,1.5251962127575889,-0.3393712719595661,-0.5733475201700994,0.9048055324001227,-0.2507203421941191,1.4316811360790147,0.665848232393677,0.003043148748581378,-0.4814607612315388,0.9805417988291976,-1.0161329645585022,0
3.262410924857874,0.9009088760241706,0.8491410419312149,-0.024518654877477127,3.144247175124212,0.9048055324001227,-0.7257958293968509,0.853056793629862,-0.2035752862583134,-0.9143260204049839,3.130616037808606,1.0599099282117854,-1.0161329645585022,0
0.38177641932588297,-1.1099901739376037,-1.179024470547907,-0.7894698043092987,0.2715603651240624,-1.177851894974348,-1.327558113186978,0.2744324511807092,-0.24050060944430565,-1.143668312693375,-0.22345527558581418,-0.15045404487267908,0.9841231756854657,0
-0.46546902347764374,-1.1099901739376037,0.8491410419312149,-0.5502784646731789,-0.911310674287764,0.9048055324001227,-0.5701294280900892,-0.8828162337175963,-0.2975670180044749,-0.11162799739561437,-0.4814607612315388,-0.26950623894656084,0.9841231756854657,0
-0.46546902347764374,-1.1099901739376037,-0.502969299721533,-0.5781835945514981,0.10257878806523006,0.9048055324001227,-0.963333572998217,-0.8828162337175963,-1.2005590122800942,-0.6849837281165926,-0.4814607612315388,0.5440170872249644,-1.0161329645585022,0
1.7373691278115257,0.9009088760241706,-1.179024470547907,0.31238012027486295,2.130357712771218,0.9048055324001227,0.6994306322113446,0.2744324511807092,-0.23378691431957943,0.003043148748581378,1.582583123934258,0.12733440796637835,0.9841231756854657,0
0.21232733076517762,-1.1099901739376037,1.5251962127575889,0.36271042526762104,-0.23538436605243465,-1.177851894974348,1.6495816066168083,0.853056793629862,-0.37813135950118393,0.5763988794695595,0.8085666669970842,-0.07108591549009124,0.9841231756854657,0
-0.9738162891597597,0.9009088760241706,0.8491410419312149,-0.8680684638477225,-0.7423290972289317,0.9048055324001227,-1.042512820865339,-0.3041918912684436,0.2898813054090322,-0.2262991435398101,-0.4814607612315388,0.305912699077201,-1.0161329645585022,0
0.7206745964472937,0.9009088760241706,-0.502969299721533,0.15617772093900792,0.6095235192417271,-1.177851894974348,-1.3372179814267668,-0.3041918912684436,-0.9286543597286993,-1.487681751125962,0.5505611813513597,0.38528082845978884,0.9841231756854657,0
-0.12657084635623306,-1.1099901739376037,0.8491410419312149,-0.3002377621471863,-0.23538436605243465,0.21058638994196582,0.045885120316119826,0.853056793629862,0.3368771712821129,0.23238544103697253,-0.22345527558581418,0.4844909901880236,0.9841231756854657,0
-0.9738162891597597,-1.1099901739376037,-0.502969299721533,-0.30282771194913555,-0.911310674287764,0.9048055324001227,-0.7257958293968509,-1.461440576166749,-1.1904884695930054,-0.6849837281165926,-0.4814607612315388,0.18686050500331922,0.9841231756854657,0
-0.2960199349169384,-1.1099901739376037,1.5251962127575889,0.2669612444797038,-0.5733475201700994,-1.177851894974348,0.8577891279455886,-0.3041918912684436,1.6997572816014495,0.1177142948927768,-0.997471732522988,-0.051243883144444294,-1.0161329645585022,0
-0.2960199349169384,-1.1099901739376037,-0.502969299721533,-0.6802971032064005,-0.911310674287764,0.21058638994196582,-0.7257958293968509,1.4316811360790147,-0.018948670328354386,0.003043148748581378,-0.4814607612315388,-0.5671367241312653,0.9841231756854657,0
-0.634918112038349,0.9009088760241706,-1.179024470547907,0.1748285179884109,-0.911310674287764,-1.177851894974348,-1.042512820865339,-0.3041918912684436,-1.633592347824908,-1.2583394588375707,-0.7394662468772634,0.5837011519162584,-1.0161329645585022,0
-0.46546902347764374,-1.1099901739376037,0.8491410419312149,0.20496037300133288,-0.404365943111267,-1.177851894974348,-0.9699846298190552,-1.461440576166749,-0.5191189571204256,-1.143668312693375,-0.4814607612315388,-1.2814498885745558,0.9841231756854657,0
0.0428782422044723,-1.1099901739376037,-1.179024470547907,-0.25564008994776716,-0.23538436605243465,-1.177851894974348,-0.4090788379283631,-0.8828162337175963,1.763537385286345,-0.34097028968400567,-0.22345527558581418,-0.13061201252703214,0.9841231756854657,0
-0.634918112038349,-1.1099901739376037,-0.502969299721533,0.649879005747167,-0.404365943111267,0.9048055324001227,1.6495816066168083,-0.3041918912684436,0.23617174441122635,0.3470565871811683,-0.7394662468772634,1.0202258635204915,-1.0161329645585022,0
0.38177641932588297,-1.1099901739376037,0.8491410419312149,1.594042047572405,-0.06640278899360229,-1.177851894974348,0.38271364074285674,-0.3041918912684436,0.17239164072633087,-0.7996548742607882,0.5505611813513597,-0.5869787564769122,0.9841231756854657,0
0.21232733076517762,-1.1099901739376037,-1.179024470547907,0.15249809713501902,0.6095235192417271,0.9048055324001227,-0.804975077263973,1.4316811360790147,0.7934084397634668,-1.0289971665491795,0.03455021005991044,1.238488219322608,-1.0161329645585022,0
-0.2960199349169384,0.9009088760241706,-0.502969299721533,-0.10644950592938451,-0.06640278899360229,0.9048055324001227,-0.758892755005308,-0.3041918912684436,-1.5328869209540208,-0.7996548742607882,-0.22345527558581418,0.16701847265767225,0.9841231756854657,0
0.7206745964472937,-1.1099901739376037,0.8491410419312149,3.4909118070939456,0.4405419421828948,-1.177851894974348,0.41454369838543975,0.853056793629862,0.9411097325074347,-1.143668312693375,0.03455021005991044,-0.4877685947486774,0.9841231756854657,0
-0.12657084635623306,-1.1099901739376037,-0.502969299721533,-0.08741969183579384,0.10257878806523006,0.9048055324001227,0.38271364074285674,0.853056793629862,0.38051618959283084,0.23238544103697253,-0.22345527558581418,-0.6266628211682062,0.9841231756854657,0
-0.634918112038349,0.9009088760241706,1.5251962127575889,-0.30022196977034515,-0.7423290972289317,0.9048055324001227,-0.8841543251310949,-0.8828162337175963,-1.8752853723150364,-0.7996548742607882,-0.997471732522988,-0.44808453005738347,-1.0161329645585022,0
3.940207279100695,0.9009088760241706,-0.502969299721533,-0.5427612932967896,3.9891550604183736,0.9048055324001227,0.2064606349906432,-0.8828162337175963,0.860545391010725,1.1497546101905376,3.38862152345433,-0.13061201252703214,0.9841231756854657,0
0.38177641932588297,0.9009088760241706,1.5251962127575889,-0.2968581935031793,0.2715603651240624,0.9048055324001227,-0.5674373336626071,0.853056793629862,1.5923381596058366,-0.45564143582820127,1.066572152642809,0.6035431842619053,-1.0161329645585022,0
-0.46546902347764374,-1.1099901739376037,1.5251962127575889,-0.49514727712071,-0.7423290972289317,0.9048055324001227,-0.2507203421941191,-0.8828162337175963,-0.21028898138303903,0.23238544103697253,-0.4814607612315388,1.1988041546313142,0.9841231756854657,0
0.0428782422044723,0.9009088760241706,0.8491410419312149,-0.018249081271538955,-0.404365943111267,-1.177851894974348,-0.2507203421941191,1.4316811360790147,-1.1770610793435539,-0.45564143582820127,0.8085666669970842,0.286070666731554,-1.0161329645585022,0
-0.46546902347764374,0.9009088760241706,-0.502969299721533,0.22678543779580781,-0.5733475201700994,0.9048055324001227,-0.39593508278242084,0.853056793629862,-1.039430329286675,-0.6849837281165926,-0.4814607612315388,-0.5472946917856183,0.9841231756854657,0
1.2290218621294098,0.9009088760241706,-1.179024470547907,0.23798223297618606,1.1164682504182242,-1.177851894974348,2.4413740852880284,-0.3041918912684436,-0.12972463988633004,1.379096902478929,1.582583123934258,0.5043330225336705,0.9841231756854657,0
-0.46546902347764374,0.9009088760241706,-1.179024470547907,-0.2067468912475541,-0.911310674287764,0.9048055324001227,-0.8841543251310949,-0.8828162337175963,-0.18343420088413584,-0.9143260204049839,-0.4814607612315388,0.7622794430270811,-1.0161329645585022,0
-0.12657084635623306,0.9009088760241706,1.5251962127575889,-0.6613462509970156,-0.23538436605243465,0.9048055324001227,-0.8841543251310949,0.2744324511807092,-0.1901478960088621,-0.34097028968400567,0.03455021005991044,0.12733440796637835,0.9841231756854657,0
0.21232733076517762,0.9009088760241706,-0.502969299721533,0.28738078773531606,0.10257878806523006,-1.177851894974348,0.06599664927436881,0.853056793629862,-1.2609822684026262,-0.45564143582820127,0.8085666669970842,-0.38855843302044263,0.9841231756854657,0
-0.8043672005990544,-1.1099901739376037,-0.502969299721533,-0.4878038218895734,-0.911310674287764,-1.177851894974348,0.5328374946989201,-0.8828162337175963,0.7229146409538463,1.379096902478929,-0.4814607612315388,-1.9759210206721993,0.9841231756854657,0
-0.46546902347764374,0.9009088760241706,-1.179024470547907,-0.48560868150865294,-0.7423290972289317,0.9048055324001227,-0.8841543251310949,-0.8828162337175963,-0.9991481585383204,-0.6849837281165926,-0.4814607612315388,-1.9957630530178463,0.9841231756854657,0
-0.12657084635623306,-1.1099901739376037,0.8491410419312149,3.0218782149116694,-0.404365943111267,-1.177851894974348,2.393708178072021,1.4316811360790147,0.17239164072633087,-0.570312581972397,0.03455021005991044,-0.36871640067479566,0.9841231756854657,0
0.890123685007999,-1.1099901739376037,1.5251962127575889,0.0791740914615406,1.1164682504182242,0.9048055324001227,0.06599664927436881,-0.3041918912684436,-0.002164432516539662,-0.2262991435398101,0.8085666669970842,1.337698381050843,0.9841231756854657,0
0.38177641932588297,-1.1099901739376037,1.5251962127575889,-0.62295498289617,0.2715603651240624,0.9048055324001227,-1.042512820865339,1.4316811360790147,0.20596011634995973,-0.7996548742607882,0.5505611813513597,0.16701847265767225,-1.0161329645585022,0
-0.46546902347764374,0.9009088760241706,-0.502969299721533,1.0289592194422295,-0.5733475201700994,-1.177851894974348,2.91644957249076,0.2744324511807092,-1.0427871768490378,0.5763988794695595,-0.7394662468772634,-0.7258729828964409,0.9841231756854657,0
-0.12657084635623306,0.9009088760241706,0.8491410419312149,-0.01834383553258588,-0.5733475201700994,0.9048055324001227,-0.2507203421941191,0.853056793629862,-1.331476067212247,-0.45564143582820127,-0.22345527558581418,0.16701847265767225,0.9841231756854657,0
1.398470950690115,-1.1099901739376037,-0.502969299721533,-0.013700876741286578,1.2854498274770565,0.9048055324001227,-0.13717730075266618,-0.8828162337175963,-0.8581605609190788,-0.34097028968400567,1.3245776382885335,0.32575473142284794,0.9841231756854657,0
-0.2960199349169384,-1.1099901739376037,-0.502969299721533,-0.18395849146576876,0.2715603651240624,-1.177851894974348,1.6495816066168083,0.853056793629862,0.7229146409538463,1.7231103409115156,-0.4814607612315388,-0.11076998018138517,0.9841231756854657,0
0.21232733076517762,0.9009088760241706,0.8491410419312149,0.4919394449587849,0.4405419421828948,-1.177851894974348,1.9662985980852963,-1.461440576166749,-0.09279931670033775,0.6910700256137552,0.5505611813513597,-0.09092794783573821,-1.0161329645585022,0
-0.8043672005990544,-1.1099901739376037,0.8491410419312149,0.3692484692798588,-0.911310674287764,-1.177851894974348,0.06599664927436881,0.2744324511807092,0.001192415045823164,-0.45564143582820127,-0.7394662468772634,1.0202258635204915,-1.0161329645585022,0
-0.46546902347764374,-1.1099901739376037,-1.179024470547907,-0.48481906266659525,-0.23538436605243465,0.9048055324001227,-0.7257958293968509,-1.461440576166749,0.622209214082959,-0.45564143582820127,-0.7394662468772634,0.8614896047553159,-1.0161329645585022,0
-0.634918112038349,-1.1099901739376037,0.8491410419312149,-0.10517032340525104,-0.911310674287764,-1.177851894974348,-0.7257958293968509,-1.461440576166749,-1.3918993233347792,-0.7996548742607882,-0.7394662468772634,-1.9560789883265524,0.9841231756854657,0
0.890123685007999,0.9009088760241706,-0.502969299721533,1.31208495145044,0.7785050963005594,-1.177851894974348,1.670009852566526,1.4316811360790147,2.0421557329624647,-0.2262991435398101,-0.22345527558581418,0.16701847265767225,0.9841231756854657,0
0.0428782422044723,0.9009088760241706,-1.179024470547907,-0.29922705002935246,-0.404365943111267,0.9048055324001227,-1.0741845200121878,0.2744324511807092,-1.1132809756586586,-1.0289971665491795,-0.4814607612315388,-1.3806600503027906,0.9841231756854657,0
-0.9738162891597597,0.9009088760241706,0.8491410419312149,-0.5635756459734307,-0.911310674287764,0.9048055324001227,-0.5674373336626071,1.4316811360790147,-1.173704231781191,0.003043148748581378,-0.4814607612315388,0.12733440796637835,-1.0161329645585022,0
-0.46546902347764374,0.9009088760241706,0.8491410419312149,-0.015785470484318918,-0.06640278899360229,0.9048055324001227,-0.4090788379283631,-1.461440576166749,1.1022384155008533,-0.570312581972397,-0.7394662468772634,0.5837011519162584,0.9841231756854657,0
0.5512255078865883,-1.1099901739376037,0.8491410419312149,3.4881481411467434,1.1164682504182242,0.9048055324001227,1.6495816066168083,-1.461440576166749,0.6020681287087821,-0.7996548742607882,0.8085666669970842,0.22654456969461315,-1.0161329645585022,0
-0.2960199349169384,-1.1099901739376037,-0.502969299721533,1.0254533117834934,0.2715603651240624,-1.177851894974348,-0.5674373336626071,-0.8828162337175963,0.001192415045823164,-1.143668312693375,-0.7394662468772634,1.1194360252487263,-1.0161329645585022,0
-0.9738162891597597,0.9009088760241706,-0.502969299721533,-0.44312718780594845,-0.911310674287764,0.9048055324001227,-0.17154109432699713,0.2744324511807092,-1.1502062988446506,0.23238544103697253,-0.22345527558581418,-0.2893482712922078,0.9841231756854657,0
-0.634918112038349,-1.1099901739376037,1.5251962127575889,-0.5188832195129646,-0.404365943111267,0.9048055324001227,-0.8841543251310949,-0.8828162337175963,-0.8749447987308929,-0.570312581972397,-0.7394662468772634,-0.7258729828964409,0.9841231756854657,0
0.890123685007999,-1.1099901739376037,1.5251962127575889,0.8061129898367043,1.1164682504182242,-1.177851894974348,-1.0409292359079965,1.4316811360790147,0.08847045166725842,-1.3730106049817663,-0.22345527558581418,0.7424374106814341,0.9841231756854657,0
-0.46546902347764374,-1.1099901739376037,-0.502969299721533,-0.5150930490710877,-0.7423290972289317,0.9048055324001227,-0.2507203421941191,-0.8828162337175963,-1.6705176710108995,0.3470565871811683,-0.4814607612315388,0.4844909901880236,-1.0161329645585022,0
-0.2960199349169384,-1.1099901739376037,-1.179024470547907,-0.5879274910624902,-0.5733475201700994,0.9048055324001227,-1.2008713165995828,1.4316811360790147,-0.18343420088413584,-1.0289971665491795,-0.7394662468772634,0.286070666731554,-1.0161329645585022,0
-0.2960199349169384,-1.1099901739376037,-0.502969299721533,-0.6824606588336386,-0.404365943111267,0.21058638994196582,-0.3298995900612411,-0.8828162337175963,0.04483143335654109,0.6910700256137552,-0.4814607612315388,0.5241750548793175,0.9841231756854657,0
1.0595727735687044,0.9009088760241706,-0.502969299721533,0.846573059303741,1.6234129815947211,0.9048055324001227,0.06599664927436881,-0.3041918912684436,-0.33784918875282943,-0.7996548742607882,1.066572152642809,1.8535912220376638,0.9841231756854657,0
0.0428782422044723,0.9009088760241706,1.5251962127575889,-0.3836530966221622,-0.911310674287764,-1.177851894974348,-0.3298995900612411,-0.8828162337175963,-0.24721430456903132,-0.11162799739561437,0.29255569570563505,1.1392780575943733,0.9841231756854657,0
-0.9738162891597597,-1.1099901739376037,-0.502969299721533,-0.23987929786029538,-0.911310674287764,0.21058638994196582,-1.1823433725986763,1.4316811360790147,-1.2811233537768034,-1.2583394588375707,-0.7394662468772634,-0.13061201252703214,0.9841231756854657,0
1.0595727735687044,0.9009088760241706,-0.502969299721533,-0.34008192891741806,0.7785050963005594,0.9048055324001227,-1.2800505644667048,0.2744324511807092,0.1522505553521539,-1.2583394588375707,0.8085666669970842,1.258330251668255,0.9841231756854657,0
0.21232733076517762,0.9009088760241706,0.8491410419312149,-0.3201835340975639,0.6095235192417271,0.9048055324001227,0.231006201829451,1.4316811360790147,-1.7410114698205204,0.5763988794695595,0.03455021005991044,0.7424374106814341,0.9841231756854657,0
-0.12657084635623306,-1.1099901739376037,0.8491410419312149,-0.33915017868378994,0.10257878806523006,0.9048055324001227,0.07708174397576588,0.2744324511807092,-0.15657942038523323,0.3470565871811683,0.5505611813513597,0.5440170872249644,0.9841231756854657,0
-0.12657084635623306,-1.1099901739376037,-0.502969299721533,0.19717473121864393,-0.06640278899360229,-1.177851894974348,0.6183510823954117,1.4316811360790147,-0.5157621095580628,0.1177142948927768,0.03455021005991044,-1.5790803737592602,0.9841231756854657,0
-0.8043672005990544,-1.1099901739376037,0.8491410419312149,0.27334136472353004,-0.911310674287764,0.9048055324001227,-0.09236184645987515,-0.8828162337175963,-1.1770610793435539,-0.570312581972397,-0.4814607612315388,-0.5274526594399713,0.9841231756854657,0
2.2457163934936415,0.9009088760241706,-1.179024470547907,-0.5306327478827833,2.637302443947715,0.9048055324001227,-0.11215665842665565,-1.461440576166749,2.6933841600608672,0.5763988794695595,1.3245776382885335,0.4249648931510827,0.9841231756854657,0
0.0428782422044723,0.9009088760241706,-1.179024470547907,-0.5801892264103248,0.10257878806523006,0.9048055324001227,-0.7574675285436998,0.2744324511807092,0.20596011634995973,-0.34097028968400567,-0.4814607612315388,0.7225953783357871,0.9841231756854657,0
-0.46546902347764374,-1.1099901739376037,0.8491410419312149,1.3121323285809634,-0.23538436605243465,-1.177851894974348,2.4413740852880284,0.2744324511807092,-0.9823639207265057,0.1177142948927768,-0.7394662468772634,0.8416475724096689,-1.0161329645585022,0
1.7373691278115257,-1.1099901739376037,-1.179024470547907,-0.5139875826922068,1.6234129815947211,0.9048055324001227,-1.359229812333827,-0.8828162337175963,0.27645391515958084,-1.3730106049817663,0.8085666669970842,-0.32903233598350173,0.9841231756854657,0
-0.2960199349169384,-1.1099901739376037,-0.502969299721533,0.8570907822799496,-0.5733475201700994,-1.177851894974348,0.8577891279455886,1.4316811360790147,0.7665536592645635,-0.34097028968400567,-0.7394662468772634,0.7424374106814341,-1.0161329645585022,0
-0.12657084635623306,0.9009088760241706,-0.502969299721533,0.079932125549916,0.2715603651240624,0.9048055324001227,-0.42729006493780114,-0.8828162337175963,-1.5463143112034723,-0.6849837281165926,-0.4814607612315388,-1.2219237915376149,-1.0161329645585022,0
-0.46546902347764374,-1.1099901739376037,0.8491410419312149,-0.7702504816936142,-0.911310674287764,0.9048055324001227,-1.121692068732461,-1.461440576166749,0.10525468947907315,-0.6849837281165926,-0.4814607612315388,-0.9639773710442044,-1.0161329645585022,0
-0.634918112038349,0.9009088760241706,-0.502969299721533,-0.29998508411772784,-0.5733475201700994,0.9048055324001227,-0.7257958293968509,-1.461440576166749,-0.22707321919485376,-0.6849837281165926,-0.997471732522988,-0.32903233598350173,0.9841231756854657,0
1.5679200392508204,0.9009088760241706,-1.179024470547907,-0.2591775823601857,1.2854498274770565,-1.177851894974348,-0.4882580857954851,-0.3041918912684436,-0.29085332287974863,-0.45564143582820127,1.3245776382885335,0.4448069254967297,0.9841231756854657,0
-0.2960199349169384,0.9009088760241706,-1.179024470547907,0.07299927211664935,-0.404365943111267,-1.177851894974348,0.6994306322113446,1.4316811360790147,0.4342257505906372,0.3470565871811683,-0.997471732522988,-1.6386064707962011,0.9841231756854657,0
3.0929618362971683,0.9009088760241706,0.8491410419312149,-0.11147148176487151,2.4683208668888827,0.9048055324001227,0.8577891279455886,-0.3041918912684436,1.4211389339253289,0.8057411717579506,1.8405886095799828,1.2186461869769611,-1.0161329645585022,0
-0.8043672005990544,-1.1099901739376037,1.5251962127575889,-0.19965611404587594,-0.911310674287764,0.9048055324001227,-0.7574675285436998,0.2744324511807092,0.19924642122523406,-0.7996548742607882,-0.7394662468772634,1.2186461869769611,0.9841231756854657,0
0.21232733076517762,0.9009088760241706,0.8491410419312149,0.46539245948880487,0.10257878806523006,-1.177851894974348,1.8079401023510524,-1.461440576166749,0.4745079213389917,0.5763988794695595,0.8085666669970842,-1.678290535487495,0.9841231756854657,0
0.0428782422044723,0.9009088760241706,0.8491410419312149,-0.6035935288889152,0.4405419421828948,0.9048055324001227,-0.646616581529729,0.853056793629862,0.726271488516209,-0.11162799739561437,-0.22345527558581418,0.6630692812988462,-1.0161329645585022,0
-0.46546902347764374,-1.1099901739376037,-0.502969299721533,-0.3403503993237177,-0.404365943111267,-1.177851894974348,-1.038553858471983,0.853056793629862,0.08175675654253277,-1.0289971665491795,-0.4814607612315388,-0.9639773710442044,0.9841231756854657,0
-0.2960199349169384,0.9009088760241706,0.8491410419312149,0.11964995330541851,-0.06640278899360229,-1.177851894974348,-0.8841543251310949,-0.3041918912684436,-0.5828990608053211,-1.0289971665491795,-0.4814607612315388,-1.162397694500674,-1.0161329645585022,0
-0.8043672005990544,0.9009088760241706,-0.502969299721533,-0.29377868001915425,-0.911310674287764,-1.177851894974348,-0.6763879787277669,-1.461440576166749,0.9343960373827085,-0.570312581972397,-0.997471732522988,-1.4203441149940845,-1.0161329645585022,0
-0.8043672005990544,0.9009088760241706,1.5251962127575889,-0.1461515413080459,-0.911310674287764,0.9048055324001227,0.06599664927436881,0.853056793629862,-0.9051564267921589,0.003043148748581378,-0.7394662468772634,0.4448069254967297,-1.0161329645585022,0
4.1096563676614,0.9009088760241706,0.8491410419312149,-0.6257818183507367,4.496099791594871,0.9048055324001227,-0.14683716899245508,0.853056793629862,-0.9387249024157878,0.8057411717579506,2.872610552162881,0.06780831092943747,0.9841231756854657,0
-0.46546902347764374,0.9009088760241706,-1.179024470547907,-0.3501732577189155,-0.911310674287764,0.9048055324001227,-0.5674373336626071,-1.461440576166749,-0.1263677923239666,-0.45564143582820127,-0.997471732522988,0.2463866020402601,0.9841231756854657,0
-0.46546902347764374,0.9009088760241706,0.8491410419312149,2.7287717007398493,-0.5733475201700994,-1.177851894974348,0.4850132289871783,0.853056793629862,0.1656779456016052,-1.0289971665491795,-0.4814607612315388,-1.0235034680811452,0.9841231756854657,0
-0.8043672005990544,0.9009088760241706,-1.179024470547907,-0.30802340392987526,-0.911310674287764,-1.177851894974348,0.06599664927436881,1.4316811360790147,1.0955247203761276,0.3470565871811683,-0.7394662468772634,0.7622794430270811,0.9841231756854657,0
-0.634918112038349,0.9009088760241706,0.8491410419312149,-0.6810867220484582,-0.911310674287764,0.9048055324001227,-0.18706022690895305,-0.8828162337175963,1.2197280801835553,1.035083464046342,-0.4814607612315388,0.801963507718375,-1.0161329645585022,0
-0.2960199349169384,0.9009088760241706,0.8491410419312149,-0.4723588773389247,-0.404365943111267,0.9048055324001227,-0.6307807319563046,-1.461440576166749,1.8138900987217879,-0.34097028968400567,-0.4814607612315388,0.008282213892496587,-1.0161329645585022,0
-0.2960199349169384,0.9009088760241706,-1.179024470547907,-0.7450932253856557,-0.404365943111267,0.9048055324001227,-0.765385453330412,0.853056793629862,0.457723683527177,0.1177142948927768,0.29255569570563505,0.286070666731554,0.9841231756854657,0
-0.634918112038349,-1.1099901739376037,0.8491410419312149,0.3677639858567903,-0.404365943111267,-1.177851894974348,1.6495816066168083,1.4316811360790147,0.4174415127788225,0.5763988794695595,-0.997471732522988,1.3972244780877838,-1.0161329645585022,0
-0.634918112038349,-1.1099901739376037,0.8491410419312149,-0.5239051953484516,-0.23538436605243465,-1.177851894974348,-0.5344987665498843,0.2744324511807092,-0.7876667621094576,-0.11162799739561437,-0.4814607612315388,-0.4282424977117365,0.9841231756854657,0
0.5512255078865883,-1.1099901739376037,1.5251962127575889,-0.10987645170391495,-0.23538436605243465,-1.177851894974348,-0.4090788379283631,1.4316811360790147,-0.2807827801926602,-0.45564143582820127,0.5505611813513597,1.5559607368529593,0.9841231756854657,0
-0.9738162891597597,0.9009088760241706,1.5251962127575889,0.4861910197886048,-0.7423290972289317,0.9048055324001227,-0.2507203421941191,0.853056793629862,-0.8615174084814415,-0.7996548742607882,-0.4814607612315388,0.7622794430270811,0.9841231756854657,0
1.0595727735687044,-1.1099901739376037,-1.179024470547907,-0.6956788782496846,0.9474866733593919,0.9048055324001227,-0.7257958293968509,-0.8828162337175963,-0.21700267650776528,0.003043148748581378,1.066572152642809,0.8813316371009629,0.9841231756854657,0
0.5512255078865883,0.9009088760241706,0.17308587110484092,0.8368449551695901,0.2715603651240624,-1.177851894974348,-0.5674373336626071,-1.461440576166749,-1.368401390398239,-1.0289971665491795,0.5505611813513597,1.8535912220376638,-1.0161329645585022,0
-0.46546902347764374,0.9009088760241706,0.8491410419312149,-0.10834459115032301,-0.23538436605243465,-1.177851894974348,-0.8841543251310949,-0.8828162337175963,-0.4553388534355307,-1.0289971665491795,-0.4814607612315388,0.14717644031202531,0.9841231756854657,0
-0.634918112038349,-1.1099901739376037,0.8491410419312149,-0.7416189024806018,-0.911310674287764,0.9048055324001227,-1.1207419177580555,-0.8828162337175963,-1.3885424757724163,-0.6849837281165926,0.03455021005991044,0.3455967637684949,0.9841231756854657,0
5.126350899025632,0.9009088760241706,-1.179024470547907,-0.7921860931259772,4.665081368653703,0.9048055324001227,-0.5674373336626071,0.2744324511807092,-0.7574551340481915,0.6910700256137552,3.130616037808606,-0.6068207888225592,0.9841231756854657,0
-0.12657084635623306,-1.1099901739376037,-0.502969299721533,0.16004685326509066,-0.23538436605243465,-1.177851894974348,0.3861975276490101,-0.8828162337175963,0.7329851836409347,-0.11162799739561437,0.29255569570563505,-0.22982217425526694,0.9841231756854657,0
-0.634918112038349,-1.1099901739376037,0.8491410419312149,0.080342727347786,-0.911310674287764,-1.177851894974348,1.2817148210261597,-0.3041918912684436,0.11532523216616163,0.8057411717579506,-0.7394662468772634,0.6233852166075523,-1.0161329645585022,0
0.5512255078865883,0.9009088760241706,-0.502969299721533,-0.724010402302715,0.4405419421828948,0.9048055324001227,-1.042512820865339,-0.8828162337175963,0.6524208421442251,-0.570312581972397,0.8085666669970842,1.258330251668255,0.9841231756854657,0
-0.12657084635623306,-1.1099901739376037,-1.179024470547907,1.873819795690291,-0.23538436605243465,0.9048055324001227,0.06599664927436881,0.853056793629862,-1.0528577195361266,-1.0289971665491795,0.5505611813513597,-0.051243883144444294,0.9841231756854657,0
-0.46546902347764374,0.9009088760241706,0.8491410419312149,0.3635158364865199,-0.23538436605243465,-1.177851894974348,-0.8841543251310949,0.2744324511807092,-1.0662851097855781,-1.143668312693375,-0.7394662468772634,-0.38855843302044263,0.9841231756854657,0
0.21232733076517762,-1.1099901739376037,-1.179024470547907,-0.6066256652424167,-0.23538436605243465,-1.177851894974348,0.38271364074285674,0.853056793629862,-1.2945507440262551,1.7231103409115156,0.03455021005991044,1.258330251668255,0.9841231756854657,0
-0.12657084635623306,0.9009088760241706,-0.502969299721533,0.493692398788153,-0.404365943111267,-1.177851894974348,-0.5674373336626071,1.4316811360790147,-1.0662851097855781,-1.0289971665491795,0.5505611813513597,-0.2893482712922078,0.9841231756854657,0
-0.46546902347764374,-1.1099901739376037,0.8491410419312149,-0.39447087475835274,-0.23538436605243465,0.9048055324001227,-0.2507203421941191,-0.8828162337175963,0.27645391515958084,0.1177142948927768,-0.4814607612315388,-0.6266628211682062,0.9841231756854657,0
-0.634918112038349,-1.1099901739376037,-0.502969299721533,-0.10479130636106333,-0.911310674287764,0.9048055324001227,-0.5896075230654012,0.2744324511807092,-0.9521522926652397,-0.6849837281165926,-0.7394662468772634,0.5241750548793175,-1.0161329645585022,0
-0.12657084635623306,0.9009088760241706,1.5251962127575889,-0.5587905557905609,-0.404365943111267,0.9048055324001227,-1.2890769987235569,0.853056793629862,0.6960598604549431,-1.2583394588375707,0.29255569570563505,-2.194183376474316,0.9841231756854657,0
-0.2960199349169384,0.9009088760241706,0.8491410419312149,1.0270483418444498,-0.5733475201700994,-1.177851894974348,2.4413740852880284,-0.8828162337175963,-0.04916029838962042,0.3470565871811683,-0.7394662468772634,-0.7655570475877348,0.9841231756854657,0
-0.634918112038349,-1.1099901739376037,-0.502969299721533,0.36315261181917335,-0.06640278899360229,-1.177851894974348,-1.067850180182818,-0.8828162337175963,-1.3952561708971423,-1.2583394588375707,-0.7394662468772634,0.782121475372728,-1.0161329645585022,0
-0.12657084635623306,-1.1099901739376037,1.5251962127575889,-0.6519971639070524,-0.06640278899360229,-1.177851894974348,0.26568671239525044,1.4316811360790147,-0.9588659877899653,1.7231103409115156,-0.4814607612315388,-0.9441353386985575,0.9841231756854657,0
-0.46546902347764374,0.9009088760241706,-1.179024470547907,-0.3213837547374916,-0.7423290972289317,-1.177851894974348,2.1602877553597453,-0.8828162337175963,1.3338608973038937,2.869821802353472,-0.4814607612315388,-0.9639773710442044,0.9841231756854657,0
-0.634918112038349,0.9009088760241706,-0.502969299721533,-0.3573903739353229,-0.911310674287764,0.9048055324001227,-0.8841543251310949,-1.461440576166749,0.11868207972852446,-0.7996548742607882,-0.4814607612315388,0.8614896047553159,0.9841231756854657,0
-0.634918112038349,-1.1099901739376037,-1.179024470547907,0.08463825384857991,-0.911310674287764,0.9048055324001227,0.22435514500861276,-1.461440576166749,-1.0797125000350298,-0.11162799739561437,-0.4814607612315388,-0.8647672093159696,0.9841231756854657,0
1.0595727735687044,0.9009088760241706,1.5251962127575889,-0.1512051018972152,0.9474866733593919,0.9048055324001227,-0.03297741055953367,-0.8828162337175963,0.5047195494002578,-0.11162799739561437,2.098594095225707,1.8139071573463699,0.9841231756854657,0
-0.634918112038349,0.9009088760241706,-0.502969299721533,-0.5617753150135391,-0.06640278899360229,-1.177851894974348,-0.68098037510406,-0.8828162337175963,-0.7608119816105544,-0.2262991435398101,-0.7394662468772634,-0.11076998018138517,0.9841231756854657,0
-0.634918112038349,-1.1099901739376037,1.5251962127575889,-0.015153775410672754,-0.7423290972289317,0.9048055324001227,0.6994306322113446,-0.8828162337175963,0.2160306590370488,0.4617277333253637,-0.7394662468772634,-0.36871640067479566,-1.0161329645585022,0
-0.12657084635623306,-1.1099901739376037,1.5251962127575889,-0.6751487883561843,-0.23538436605243465,0.9048055324001227,-0.7257958293968509,0.2744324511807092,-1.4086835611465938,-0.11162799739561437,-0.22345527558581418,1.5956448015442533,-1.0161329645585022,0
0.890123685007999,0.9009088760241706,-0.502969299721533,1.4101556116340068,0.9474866733593919,-1.177851894974348,0.8577891279455886,-0.8828162337175963,1.9280229158421263,-0.570312581972397,0.29255569570563505,1.278172284013902,0.9841231756854657,0
-0.2960199349169384,0.9009088760241706,-0.502969299721533,-0.5482412480606701,-0.5733475201700994,0.9048055324001227,-1.121692068732461,-0.8828162337175963,-0.9857207682888686,-0.9143260204049839,-0.7394662468772634,1.3773824457421369,0.9841231756854657,0
0.21232733076517762,-1.1099901739376037,-1.179024470547907,-0.20949476481791493,0.4405419421828948,-1.177851894974348,-0.4882580857954851,-0.3041918912684436,-0.2707122375055717,-0.45564143582820127,0.5505611813513597,0.6233852166075523,-1.0161329645585022,0
0.0428782422044723,-1.1099901739376037,0.8491410419312149,-0.23760519559516918,-0.404365943111267,-1.177851894974348,0.1847655210750518,1.4316811360790147,0.4040141225293712,0.3470565871811683,-0.22345527558581418,0.9408577341379036,0.9841231756854657,0
0.0428782422044723,-1.1099901739376037,1.5251962127575889,-0.5758305304021663,0.10257878806523006,-1.177851894974348,-0.8841543251310949,-1.461440576166749,0.3368771712821129,-0.570312581972397,-0.4814607612315388,0.3654387961141419,0.9841231756854657,0
0.5512255078865883,0.9009088760241706,-1.179024470547907,-0.369897936393517,0.6095235192417271,0.9048055324001227,-0.11215665842665565,0.2744324511807092,-0.07937192645088645,0.23238544103697253,0.8085666669970842,-0.6663468858595001,0.9841231756854657,0
0.0428782422044723,-1.1099901739376037,0.8491410419312149,-0.0151379830338316,-0.23538436605243465,-1.177851894974348,-0.4090788379283631,-0.8828162337175963,0.14553686022742765,-0.570312581972397,0.8085666669970842,-0.32903233598350173,0.9841231756854657,0
-0.46546902347764374,0.9009088760241706,-1.179024470547907,-0.2995428975661755,-0.5733475201700994,0.9048055324001227,-0.06385731722771124,-0.8828162337175963,2.1361474647086265,0.1177142948927768,-0.4814607612315388,1.0599099282117854,0.9841231756854657,0
-0.46546902347764374,0.9009088760241706,0.8491410419312149,-0.6692266470407515,-0.06640278899360229,0.9048055324001227,-1.2008713165995828,0.2744324511807092,0.03811773823181484,-1.0289971665491795,-0.4814607612315388,0.3455967637684949,-1.0161329645585022,0
-0.46546902347764374,0.9009088760241706,-1.179024470547907,0.27007234271741115,-0.23538436605243465,-1.177851894974348,0.22435514500861276,0.853056793629862,-0.5056915668709743,-0.34097028968400567,-0.4814607612315388,-1.12271362980938,0.9841231756854657,0
-0.46546902347764374,0.9009088760241706,0.8491410419312149,-0.6092787845517306,-0.5733475201700994,0.9048055324001227,-0.646616581529729,0.853056793629862,0.001192415045823164,-0.11162799739561437,-0.7394662468772634,-0.15045404487267908,0.9841231756854657,0
0.21232733076517762,-1.1099901739376037,-0.502969299721533,-1.0022878746206911,-0.23538436605243465,0.9048055324001227,-1.2602557524999243,0.2744324511807092,-1.12670836590811,-0.45564143582820127,0.5505611813513597,0.46464895784237664,-1.0161329645585022,0
0.0428782422044723,-1.1099901739376037,-1.179024470547907,-0.4881828389337611,-0.5733475201700994,0.9048055324001227,-0.7257958293968509,1.4316811360790147,-0.12301094476160378,-0.45564143582820127,0.29255569570563505,-0.30919030363785477,0.9841231756854657,0
-0.634918112038349,-1.1099901739376037,-1.179024470547907,1.026132383987663,-0.911310674287764,-1.177851894974348,1.6495816066168083,-0.8828162337175963,-0.676890792551482,0.003043148748581378,-0.4814607612315388,-1.3409759856114967,-1.0161329645585022,0
-0.46546902347764374,0.9009088760241706,1.5251962127575889,-0.6461066073453019,-0.5733475201700994,0.9048055324001227,-1.2800505644667048,-0.8828162337175963,-1.2072727074048197,-1.143668312693375,-0.4814607612315388,1.0202258635204915,0.9841231756854657,0
-0.46546902347764374,0.9009088760241706,1.5251962127575889,-0.6589142249634778,-0.23538436605243465,0.9048055324001227,-0.6971329416689528,-0.8828162337175963,-1.6671608234485367,0.003043148748581378,-0.4814607612315388,-2.4521297969677263,0.9841231756854657,0
-0.8043672005990544,-1.1099901739376037,0.8491410419312149,1.9522763238371443,-0.911310674287764,-1.177851894974348,0.7109908023999445,1.4316811360790147,0.014619805295275064,-0.7996548742607882,-0.4814607612315388,-1.7576586648700827,0.9841231756854657,0
-0.12657084635623306,-1.1099901739376037,-0.502969299721533,-0.493299569030295,-0.23538436605243465,0.9048055324001227,-0.0543558074836566,-0.8828162337175963,1.0955247203761276,0.5763988794695595,-0.22345527558581418,0.22654456969461315,0.9841231756854657,0
0.7206745964472937,-1.1099901739376037,-0.502969299721533,-0.259619768911738,0.9474866733593919,-1.177851894974348,-0.2507203421941191,-1.461440576166749,-0.2874964753173858,-0.11162799739561437,0.03455021005991044,1.337698381050843,-1.0161329645585022,0
0.38177641932588297,-1.1099901739376037,-1.179024470547907,-0.08621947119586613,0.4405419421828948,-1.177851894974348,0.8577891279455886,-0.3041918912684436,0.48793531158844367,0.6910700256137552,0.5505611813513597,-1.7179746001787888,0.9841231756854657,0
0.0428782422044723,0.9009088760241706,-1.179024470547907,-0.11060290103860804,0.2715603651240624,-1.177851894974348,1.0161476236798326,-0.8828162337175963,-1.4791773599562146,0.9204123179021463,0.03455021005991044,0.028124246238143545,0.9841231756854657,0
-0.46546902347764374,0.9009088760241706,-0.502969299721533,0.11481748599202536,-0.7423290972289317,-1.177851894974348,2.4413740852880284,-0.8828162337175963,0.2697402200348552,1.7231103409115156,-0.7394662468772634,-1.658448503141848,0.9841231756854657,0
-0.46546902347764374,-1.1099901739376037,1.5251962127575889,-0.3362285889681765,-0.404365943111267,0.9048055324001227,-0.2507203421941191,1.4316811360790147,-0.10286985938742682,0.003043148748581378,-0.4814607612315388,1.0797519605574324,0.9841231756854657,0
-0.46546902347764374,-1.1099901739376037,-1.179024470547907,-0.29038331899830616,-0.911310674287764,0.9048055324001227,-0.7574675285436998,-0.8828162337175963,-1.6705176710108995,-0.6849837281165926,-0.22345527558581418,-1.5393963090679663,0.9841231756854657,0
-0.8043672005990544,0.9009088760241706,0.8491410419312149,-0.4269715862974478,-0.7423290972289317,0.9048055324001227,-1.359229812333827,0.2744324511807092,-1.173704231781191,-1.3730106049817663,-0.7394662468772634,0.286070666731554,0.9841231756854657,0
0.21232733076517762,0.9009088760241706,-0.502969299721533,-0.37307220413858894,0.4405419421828948,0.9048055324001227,0.277088524088116,-1.461440576166749,1.0250309215665072,0.6910700256137552,0.03455021005991044,0.6829113136444932,0.9841231756854657,0
-0.46546902347764374,-1.1099901739376037,0.8491410419312149,-0.05226586098738485,-0.911310674287764,-1.177851894974348,-0.12371682861525546,0.2744324511807092,0.3905867322799193,-0.34097028968400567,0.03455021005991044,-0.09092794783573821,0.9841231756854657,0
0.38177641932588297,-1.1099901739376037,1.5251962127575889,-0.533996524149949,0.4405419421828948,0.9048055324001227,-1.2594639600212532,-1.461440576166749,-0.9689365304770544,-1.143668312693375,0.03455021005991044,0.32575473142284794,-1.0161329645585022,0
-0.2960199349169384,-1.1099901739376037,-0.502969299721533,0.07497331922179361,-0.911310674287764,0.9048055324001227,-0.3298995900612411,0.2744324511807092,-0.14315203013578132,-0.570312581972397,-0.7394662468772634,-1.7179746001787888,0.9841231756854657,0
-0.634918112038349,-1.1099901739376037,0.8491410419312149,-0.41781200772957844,-0.911310674287764,0.9048055324001227,0.19268344586176397,-0.8828162337175963,-1.8752853723150364,0.6910700256137552,-0.7394662468772634,0.38528082845978884,-1.0161329645585022,0
1.0595727735687044,0.9009088760241706,0.8491410419312149,0.7587674440669243,1.1164682504182242,-1.177851894974348,0.38271364074285674,1.4316811360790147,-0.10622670694978965,-0.570312581972397,1.582583123934258,0.8416475724096689,-1.0161329645585022,0
0.5512255078865883,-1.1099901739376037,1.5251962127575889,2.165204940786425,0.2715603651240624,-1.177851894974348,1.6495816066168083,0.2744324511807092,1.0686699398772244,-0.570312581972397,1.3245776382885335,0.2463866020402601,0.9841231756854657,0
-0.12657084635623306,0.9009088760241706,1.5251962127575889,-0.6778492847960216,-0.23538436605243465,-1.177851894974348,0.38271364074285674,-0.8828162337175963,0.92432549469562,2.0671237793441026,-0.22345527558581418,0.821805540064022,-1.0161329645585022,0
-0.8043672005990544,-1.1099901739376037,-1.179024470547907,-0.14578831664069936,-0.7423290972289317,-1.177851894974348,1.2511516313494506,-0.3041918912684436,-0.48890732905915957,1.2644257563347332,-0.4814607612315388,0.08765034327508442,0.9841231756854657,0
2.2457163934936415,0.9009088760241706,1.5251962127575889,-0.44557500621632734,1.9613761357123858,0.9048055324001227,-1.2008713165995828,-1.461440576166749,0.8135495251376443,-1.143668312693375,2.356599580871432,0.18686050500331922,-1.0161329645585022,0
-0.46546902347764374,0.9009088760241706,0.8491410419312149,-0.6814341543389636,-0.404365943111267,0.9048055324001227,-1.2008713165995828,0.2744324511807092,0.9612508178816116,-1.0289971665491795,-0.997471732522988,-0.8449251769703227,-1.0161329645585022,0
-0.9738162891597597,0.9009088760241706,-0.502969299721533,-0.4912307676641038,-0.911310674287764,0.9048055324001227,-0.4090788379283631,-0.8828162337175963,0.10189784191671032,0.003043148748581378,-0.7394662468772634,0.286070666731554,-1.0161329645585022,0
0.7206745964472937,0.9009088760241706,-0.502969299721533,-0.2204388819688347,0.7785050963005594,-1.177851894974348,-0.7257958293968509,-1.461440576166749,-1.4791773599562146,-0.6849837281165926,0.29255569570563505,1.0995939929030794,-1.0161329645585022,0
-0.2960199349169384,-1.1099901739376037,-0.502969299721533,0.024785145620605926,0.10257878806523006,-1.177851894974348,-0.06860807209973856,-1.461440576166749,-0.7977373047965461,-0.34097028968400567,-0.22345527558581418,0.0479662785837905,0.9841231756854657,0
-0.12657084635623306,0.9009088760241706,-0.502969299721533,1.0414194047699001,-0.23538436605243465,-1.177851894974348,-0.6681533369495862,-0.8828162337175963,-1.7410114698205204,-1.143668312693375,0.03455021005991044,-0.6663468858595001,0.9841231756854657,0
0.21232733076517762,0.9009088760241706,-0.502969299721533,0.7409694353669437,0.7785050963005594,0.9048055324001227,0.6994306322113446,-1.461440576166749,-0.22035952407012813,-0.34097028968400567,0.03455021005991044,0.801963507718375,0.9841231756854657,0
-0.12657084635623306,0.9009088760241706,-0.502969299721533,-0.2963528374442624,-0.7423290972289317,0.9048055324001227,0.8577891279455886,1.4316811360790147,-0.19686159113358773,1.2644257563347332,-0.22345527558581418,0.40512286080543575,0.9841231756854657,0
-0.46546902347764374,0.9009088760241706,0.8491410419312149,-0.393270654118425,-0.23538436605243465,0.9048055324001227,-0.28318383381963913,-1.461440576166749,-0.9823639207265057,0.003043148748581378,-0.4814607612315388,-0.6266628211682062,0.9841231756854657,0
-0.2960199349169384,0.9009088760241706,0.8491410419312149,0.1401168736915542,-0.5733475201700994,0.9048055324001227,-1.359229812333827,-1.461440576166749,-0.0995130118250634,-1.487681751125962,-0.22345527558581418,-0.686188918205147,0.9841231756854657,0
1.398470950690115,-1.1099901739376037,-0.502969299721533,-0.0893305694335735,0.4405419421828948,0.21058638994196582,0.8577891279455886,-0.3041918912684436,-0.31435125581628903,0.6910700256137552,2.098594095225707,-0.40840046536608954,0.9841231756854657,0
-0.8043672005990544,0.9009088760241706,1.5251962127575889,0.5520610235930585,-0.911310674287764,-1.177851894974348,0.06599664927436881,0.853056793629862,-1.56645539657765,-0.570312581972397,-0.4814607612315388,-0.4877685947486774,0.9841231756854657,0
1.398470950690115,0.9009088760241706,-1.179024470547907,-0.6146008155471995,0.6095235192417271,0.9048055324001227,-0.7257958293968509,1.4316811360790147,0.4980058542755321,-0.2262991435398101,1.3245776382885335,0.6829113136444932,-1.0161329645585022,0
0.7206745964472937,0.9009088760241706,-1.179024470547907,-0.1829477793479349,0.9474866733593919,-1.177851894974348,0.8577891279455886,-0.8828162337175963,-1.2139864025295457,0.9204123179021463,1.066572152642809,0.26622863438590705,-1.0161329645585022,0
-0.46546902347764374,-1.1099901739376037,-0.502969299721533,0.8448990673585787,-0.5733475201700994,-1.177851894974348,-0.6364816378027374,1.4316811360790147,-0.12301094476160378,-1.143668312693375,-0.4814607612315388,-0.686188918205147,0.9841231756854657,0
-0.634918112038349,-1.1099901739376037,-0.502969299721533,-0.8657785692057552,-0.404365943111267,0.21058638994196582,1.0003117741064083,0.2744324511807092,-0.3647039692517326,5.621929309814167,-0.4814607612315388,-0.5869787564769122,0.9841231756854657,0
-0.46546902347764374,0.9009088760241706,0.8491410419312149,-0.10881836245555764,-0.404365943111267,-1.177851894974348,0.06599664927436881,-1.461440576166749,0.17239164072633087,0.003043148748581378,-0.4814607612315388,-0.17029607721832604,-1.0161329645585022,0
0.0428782422044723,-1.1099901739376037,-0.502969299721533,0.30252567712598283,0.6095235192417271,0.9048055324001227,1.9208497098095683,0.853056793629862,0.6255660616453219,0.9204123179021463,0.03455021005991044,0.5043330225336705,-1.0161329645585022,0
-0.46546902347764374,0.9009088760241706,-1.179024470547907,-0.11783580963185661,-0.911310674287764,-1.177851894974348,-1.042512820865339,-1.461440576166749,-1.6839450612603513,-1.143668312693375,-0.4814607612315388,0.9606997664835506,0.9841231756854657,0
-0.2960199349169384,0.9009088760241706,-0.502969299721533,-0.2671527326649685,-0.7423290972289317,0.21058638994196582,0.0026532509806712224,0.853056793629862,-0.9353680548534249,0.1177142948927768,0.03455021005991044,-0.8846092416616166,0.9841231756854657,0
-0.12657084635623306,0.9009088760241706,-0.502969299721533,-0.24235870102435658,-0.06640278899360229,0.9048055324001227,0.38271364074285674,0.2744324511807092,1.2029438423717405,0.5763988794695595,-0.4814607612315388,-1.7973427295613766,0.9841231756854657,0
-0.634918112038349,0.9009088760241706,0.8491410419312149,0.7974587673277518,-0.5733475201700994,-1.177851894974348,-0.7257958293968509,-0.3041918912684436,-0.31435125581628903,-1.143668312693375,-0.4814607612315388,-1.5195542767223194,0.9841231756854657,0
-0.634918112038349,0.9009088760241706,-1.179024470547907,-0.45075490582022587,-0.911310674287764,0.21058638994196582,-0.2507203421941191,-0.3041918912684436,-1.3214055245251584,0.23238544103697253,-0.7394662468772634,0.6829113136444932,-1.0161329645585022,0
-0.12657084635623306,0.9009088760241706,-0.502969299721533,-0.6150272097219107,-0.404365943111267,0.9048055324001227,-0.5674373336626071,-0.8828162337175963,-0.035732908140168516,0.1177142948927768,0.03455021005991044,1.0202258635204915,-1.0161329645585022,0
-0.9738162891597597,-1.1099901739376037,-0.502969299721533,-0.5790047981472382,-0.404365943111267,0.21058638994196582,-0.9474977234247925,1.4316811360790147,-0.10622670694978965,-0.6849837281165926,-0.7394662468772634,-2.4124457322764323,0.9841231756854657,0
-0.2960199349169384,0.9009088760241706,0.8491410419312149,0.7430698214868172,-0.23538436605243465,-1.177851894974348,2.4413740852880284,-0.8828162337175963,0.22610120172413728,0.6910700256137552,-0.22345527558581418,-0.17029607721832604,0.9841231756854657,0
0.21232733076517762,-1.1099901739376037,0.8491410419312149,-0.2993060119135582,-0.06640278899360229,-1.177851894974348,-0.7257958293968509,0.2744324511807092,-0.015591822765990965,-0.6849837281165926,0.29255569570563505,1.1988041546313142,0.9841231756854657,0
-0.46546902347764374,0.9009088760241706,-0.502969299721533,-0.257361459023453,-0.5733475201700994,-1.177851894974348,-0.5674373336626071,1.4316811360790147,-0.6332517742407646,-0.570312581972397,-0.997471732522988,0.46464895784237664,0.9841231756854657,0
0.21232733076517762,0.9009088760241706,-0.502969299721533,0.644967576549568,-0.06640278899360229,-1.177851894974348,0.38508901817887037,-0.3041918912684436,-0.2438574570066685,-0.45564143582820127,0.5505611813513597,0.5241750548793175,0.9841231756854657,0
0.0428782422044723,0.9009088760241706,1.5251962127575889,-0.010953003170925768,-0.06640278899360229,-1.177851894974348,-0.4090788379283631,-1.461440576166749,-0.31435125581628903,-0.570312581972397,0.03455021005991044,-1.182239726846321,0.9841231756854657,0
-0.46546902347764374,-1.1099901739376037,-1.179024470547907,-0.29998508411772784,-0.7423290972289317,0.9048055324001227,-0.7085347533618184,0.853056793629862,-0.17336365819704735,-0.6849837281165926,-0.22345527558581418,-1.2219237915376149,0.9841231756854657,0
0.890123685007999,0.9009088760241706,-1.179024470547907,1.6017013503403648,0.4405419421828948,-1.177851894974348,0.38271364074285674,-0.3041918912684436,-0.15657942038523323,-0.7996548742607882,1.582583123934258,-1.3608180179571436,0.9841231756854657,0
0.0428782422044723,0.9009088760241706,-0.502969299721533,-0.1096553584281388,-0.23538436605243465,-1.177851894974348,-1.0067238008293997,-1.461440576166749,0.5416448725862495,-1.143668312693375,-0.4814607612315388,-2.3727616675851384,0.9841231756854657,0
0.0428782422044723,0.9009088760241706,-1.179024470547907,-0.46122525166591105,0.10257878806523006,0.9048055324001227,-0.2507203421941191,-0.8828162337175963,0.6423502994571366,0.23238544103697253,0.03455021005991044,-1.5790803737592602,0.9841231756854657,0
1.0595727735687044,0.9009088760241706,-0.502969299721533,-0.45051802016760856,1.4544314045358888,0.9048055324001227,-0.7436903394148205,0.2744324511807092,-0.15993626794759605,-0.45564143582820127,1.066572152642809,1.714696995618135,-1.0161329645585022,0
0.0428782422044723,-1.1099901739376037,-1.179024470547907,-0.33616541946081185,0.6095235192417271,0.9048055324001227,-0.8841543251310949,0.853056793629862,1.1223795008750308,-0.7996548742607882,1.066572152642809,-2.0552891500547874,-1.0161329645585022,0
0.5512255078865883,0.9009088760241706,1.5251962127575889,0.3152227481062707,0.7785050963005594,-1.177851894974348,-0.2507203421941191,0.853056793629862,0.22610120172413728,-0.6849837281165926,0.03455021005991044,-0.190138109563973,0.9841231756854657,0
-0.46546902347764374,0.9009088760241706,1.5251962127575889,0.3636895526317726,-0.5733475201700994,-1.177851894974348,-0.3298995900612411,1.4316811360790147,0.3133792383455725,-0.7996548742607882,-0.4814607612315388,1.278172284013902,-1.0161329645585022,0
-0.634918112038349,-1.1099901739376037,-0.502969299721533,-0.14414590944921932,-0.7423290972289317,-1.177851894974348,-1.0143250086246436,0.2744324511807092,1.0283877691288699,-1.143668312693375,-0.997471732522988,0.8416475724096689,0.9841231756854657,0
-0.12657084635623306,0.9009088760241706,0.8491410419312149,-0.3741934628943109,-0.06640278899360229,0.9048055324001227,-0.09236184645987515,0.853056793629862,-1.2777665062144405,0.23238544103697253,-0.4814607612315388,-1.5592383414136133,0.9841231756854657,0
-0.46546902347764374,-1.1099901739376037,-1.179024470547907,0.17992945570810365,-0.911310674287764,0.9048055324001227,1.1745061194140765,1.4316811360790147,-0.5661148229935064,0.5763988794695595,-0.4814607612315388,0.5638591195706114,0.9841231756854657,0
-0.12657084635623306,-1.1099901739376037,1.5251962127575889,2.0498416279617944,-0.23538436605243465,-1.177851894974348,0.38271364074285674,0.853056793629862,0.3637319517810161,-0.9143260204049839,0.03455021005991044,0.22654456969461315,0.9841231756854657,0
-0.634918112038349,-1.1099901739376037,-0.502969299721533,-0.3802103584707906,-0.911310674287764,-1.177851894974348,-0.3298995900612411,-0.8828162337175963,-0.6701770974267564,-0.11162799739561437,-0.22345527558581418,0.8614896047553159,-1.0161329645585022,0
-0.46546902347764374,0.9009088760241706,0.8491410419312149,-0.35811682327001604,-0.911310674287764,0.9048055324001227,-0.5674373336626071,1.4316811360790147,-1.136778908595199,-0.45564143582820127,-0.4814607612315388,-1.12271362980938,0.9841231756854657,0
2.415165482054347,-1.1099901739376037,-1.179024470547907,0.36648480333265687,1.7923945586535535,-1.177851894974348,0.06599664927436881,-0.8828162337175963,-0.7406708962363768,-0.45564143582820127,2.6146050665171567,-0.4282424977117365,0.9841231756854657,0
-0.8043672005990544,0.9009088760241706,0.8491410419312149,-0.10441228931687564,-0.911310674287764,0.9048055324001227,-0.3774071387815143,1.4316811360790147,0.6859893177678545,-0.45564143582820127,-0.4814607612315388,-1.0433455004267922,-1.0161329645585022,0
-0.2960199349169384,-1.1099901739376037,-0.502969299721533,-0.3902227253880823,-0.06640278899360229,-1.177851894974348,-0.3298995900612411,-0.8828162337175963,-0.34456288387755507,0.003043148748581378,-0.22345527558581418,0.5043330225336705,-1.0161329645585022,0
1.0595727735687044,-1.1099901739376037,-1.179024470547907,-0.24570668491468123,1.2854498274770565,0.9048055324001227,0.539330193024024,1.4316811360790147,-0.22707321919485376,0.6910700256137552,0.8085666669970842,-0.46792656240303043,0.9841231756854657,0
-0.2960199349169384,0.9009088760241706,1.5251962127575889,0.4656293451414222,-0.5733475201700994,-1.177851894974348,-0.633631184879521,0.2744324511807092,-0.49897787174624864,-1.0289971665491795,-0.22345527558581418,0.5241750548793175,0.9841231756854657,0
-0.2960199349169384,0.9009088760241706,0.8491410419312149,-0.25853009490969836,0.2715603651240624,0.9048055324001227,-1.042512820865339,-1.461440576166749,-0.6332517742407646,-1.0289971665491795,-0.4814607612315388,-2.7299182498067838,0.9841231756854657,0
-0.9738162891597597,0.9009088760241706,-1.179024470547907,-0.011726829636142317,-0.911310674287764,-1.177851894974348,-0.18310126451559694,1.4316811360790147,0.31673608590793534,-0.34097028968400567,-0.4814607612315388,0.08765034327508442,0.9841231756854657,0
-0.634918112038349,0.9009088760241706,0.8491410419312149,-0.016432957934806234,-0.404365943111267,0.9048055324001227,0.06599664927436881,1.4316811360790147,1.4278526290500546,-0.11162799739561437,-0.4814607612315388,-0.5076106270943244,0.9841231756854657,0
-0.634918112038349,-1.1099901739376037,1.5251962127575889,-0.1736934465190186,-0.911310674287764,0.9048055324001227,-0.6363232793070032,-0.8828162337175963,0.27645391515958084,-0.6849837281165926,-0.7394662468772634,0.32575473142284794,-1.0161329645585022,0
-0.46546902347764374,-1.1099901739376037,-0.502969299721533,0.2685246897869781,-0.404365943111267,-1.177851894974348,-0.5674373336626071,-0.3041918912684436,-1.428824646520771,-0.9143260204049839,-0.4814607612315388,1.278172284013902,-1.0161329645585022,0
1.0595727735687044,0.9009088760241706,-1.179024470547907,0.24676279449986774,0.7785050963005594,-1.177851894974348,-0.7552505096034203,-0.8828162337175963,-0.6567497071773044,-1.0289971665491795,0.03455021005991044,0.5837011519162584,0.9841231756854657,0
-0.2960199349169384,0.9009088760241706,-1.179024470547907,-0.5842004901279779,-0.5733475201700994,0.9048055324001227,-1.121692068732461,-1.461440576166749,-0.6332517742407646,-0.9143260204049839,-0.7394662468772634,-0.8052411122790287,0.9841231756854657,0
0.7206745964472937,-1.1099901739376037,-1.179024470547907,-0.9576270329139074,0.4405419421828948,0.9048055324001227,-1.2336515252165714,0.2744324511807092,1.961591391465756,-0.570312581972397,0.8085666669970842,-0.5274526594399713,0.9841231756854657,0
-0.9738162891597597,-1.1099901739376037,-0.502969299721533,-0.5656128625859396,-0.911310674287764,0.9048055324001227,-0.8841543251310949,0.2744324511807092,-1.0092187012254088,-0.570312581972397,-0.4814607612315388,-1.3211339532658497,-1.0161329645585022,0
-0.634918112038349,-1.1099901739376037,-1.179024470547907,1.2171885590119451,-0.404365943111267,-1.177851894974348,-0.5674373336626071,0.2744324511807092,-0.9689365304770544,-1.143668312693375,-0.7394662468772634,0.286070666731554,0.9841231756854657,0
1.2290218621294098,0.9009088760241706,-1.179024470547907,0.39696409063608423,1.2854498274770565,-1.177851894974348,0.8577891279455886,-0.3041918912684436,-0.012234975203628139,0.003043148748581378,0.29255569570563505,-0.20998014190961997,0.9841231756854657,0
-0.12657084635623306,-1.1099901739376037,-0.502969299721533,2.2568796883493243,-0.06640278899360229,0.9048055324001227,0.8577891279455886,1.4316811360790147,0.9444665800697976,-0.7996548742607882,-0.4814607612315388,-0.6663468858595001,0.9841231756854657,0
0.21232733076517762,0.9009088760241706,-1.179024470547907,-0.055834938153485676,0.4405419421828948,-1.177851894974348,-0.3482691755664134,0.2744324511807092,-0.19686159113358773,-0.45564143582820127,0.8085666669970842,0.6829113136444932,-1.0161329645585022,0
1.2290218621294098,-1.1099901739376037,1.5251962127575889,0.1199658008422416,1.2854498274770565,0.9048055324001227,-1.1329355219295922,1.4316811360790147,0.18917587853814558,-1.2583394588375707,1.066572152642809,1.258330251668255,-1.0161329645585022,0
0.5512255078865883,-1.1099901739376037,-1.179024470547907,-0.18465335604677954,0.4405419421828948,0.9048055324001227,-0.4957009350949945,0.853056793629862,-1.3415466098993358,-0.570312581972397,0.5505611813513597,0.38528082845978884,0.9841231756854657,0
0.21232733076517762,-1.1099901739376037,0.8491410419312149,-0.4693109486085819,-0.404365943111267,-1.177851894974348,-0.09236184645987515,1.4316811360790147,-0.3613471216893698,0.4617277333253637,0.5505611813513597,1.0599099282117854,0.9841231756854657,0
0.5512255078865883,0.9009088760241706,-0.502969299721533,0.2306861548755729,0.4405419421828948,-1.177851894974348,-0.2507203421941191,-0.8828162337175963,-0.3848450546259102,-0.6849837281165926,0.29255569570563505,0.3654387961141419,0.9841231756854657,0
0.7206745964472937,-1.1099901739376037,-1.179024470547907,0.17206485204120892,-0.23538436605243465,-1.177851894974348,0.38271364074285674,-0.8828162337175963,-0.7003887254880223,-0.11162799739561437,1.066572152642809,-1.2814498885745558,0.9841231756854657,0
-0.2960199349169384,-1.1099901739376037,-1.179024470547907,-0.280939477647296,0.10257878806523006,0.9048055324001227,-1.18471875003469,-1.461440576166749,-1.1166378232210217,-1.2583394588375707,0.03455021005991044,-0.8647672093159696,0.9841231756854657,0
-0.46546902347764374,0.9009088760241706,0.8491410419312149,1.2160041307488585,-0.7423290972289317,-1.177851894974348,-1.042512820865339,-0.3041918912684436,-1.4825342075185775,-1.3730106049817663,-0.7394662468772634,0.3654387961141419,0.9841231756854657,0
-0.46546902347764374,-1.1099901739376037,-1.179024470547907,0.2156518121227942,-0.7423290972289317,0.9048055324001227,-0.09236184645987515,-0.3041918912684436,-1.0931398902844813,-0.45564143582820127,-0.4814607612315388,-0.38855843302044263,-1.0161329645585022,0
-0.12657084635623306,0.9009088760241706,0.8491410419312149,-0.14870990635631284,0.2715603651240624,-1.177851894974348,0.558808287999336,-1.461440576166749,0.001192415045823164,0.5763988794695595,-0.4814607612315388,-0.07108591549009124,-1.0161329645585022,0
1.0595727735687044,0.9009088760241706,-0.502969299721533,0.20331796580985287,0.7785050963005594,-1.177851894974348,-0.5441586347896732,-1.461440576166749,-1.5127458355798435,-0.7996548742607882,2.098594095225707,0.5043330225336705,0.9841231756854657,0
1.5679200392508204,-1.1099901739376037,0.8491410419312149,-0.7204887022671377,1.1164682504182242,0.9048055324001227,-1.212589845283917,0.2744324511807092,-1.3885424757724163,-0.9143260204049839,1.8405886095799828,-1.7775006972157297,0.9841231756854657,0
0.21232733076517762,-1.1099901739376037,-0.502969299721533,-0.27924969332529254,0.10257878806523006,-1.177851894974348,-0.8841543251310949,-0.8828162337175963,-1.5496711587658354,-0.9143260204049839,0.29255569570563505,-0.38855843302044263,0.9841231756854657,0
-0.8043672005990544,0.9009088760241706,0.8491410419312149,-0.4489703672371755,-0.911310674287764,0.9048055324001227,-0.4090788379283631,0.2744324511807092,0.7027735555796687,0.003043148748581378,-0.997471732522988,-1.5393963090679663,-1.0161329645585022,0
0.890123685007999,0.9009088760241706,-1.179024470547907,-0.10648109068306683,0.9474866733593919,-1.177851894974348,1.3328646151483206,-1.461440576166749,-0.8346626279825383,1.2644257563347332,-0.22345527558581418,-1.12271362980938,0.9841231756854657,0
-0.2960199349169384,-1.1099901739376037,0.8491410419312149,-0.10295939064748946,-0.404365943111267,0.9048055324001227,0.034324950127520015,0.853056793629862,0.001192415045823164,-0.11162799739561437,-0.4814607612315388,-0.38855843302044263,0.9841231756854657,0
0.0428782422044723,-1.1099901739376037,-1.179024470547907,1.0279169225707134,-0.5733475201700994,-1.177851894974348,1.6495816066168083,-0.8828162337175963,-0.5090484144333371,0.003043148748581378,1.066572152642809,0.286070666731554,0.9841231756854657,0
0.5512255078865883,0.9009088760241706,0.8491410419312149,-0.2957369347474574,0.10257878806523006,-1.177851894974348,-0.527847709729046,0.853056793629862,0.4543668359648142,-0.45564143582820127,0.03455021005991044,1.298014316359549,-1.0161329645585022,0
-0.12657084635623306,0.9009088760241706,0.8491410419312149,-0.6216442156183543,-0.06640278899360229,0.9048055324001227,-0.8841543251310949,-1.461440576166749,-1.5798827868271015,-0.45564143582820127,0.8085666669970842,0.08765034327508442,0.9841231756854657,0
-0.2960199349169384,0.9009088760241706,-1.179024470547907,-0.3343177113703968,-0.5733475201700994,0.9048055324001227,0.06599664927436881,-0.8828162337175963,0.3905867322799193,0.3470565871811683,-0.7394662468772634,0.18686050500331922,0.9841231756854657,0
0.0428782422044723,-1.1099901739376037,1.5251962127575889,-0.37450931043113395,0.10257878806523006,-1.177851894974348,1.1208225893601678,-0.8828162337175963,1.2297986228706437,1.8377814870557112,0.03455021005991044,0.5440170872249644,0.9841231756854657,0
-0.2960199349169384,-1.1099901739376037,-1.179024470547907,0.5536718460308562,-0.23538436605243465,0.9048055324001227,-1.1375279183058853,0.2744324511807092,-0.3244217985033781,-1.3730106049817663,-0.7394662468772634,-0.190138109563973,0.9841231756854657,0
0.38177641932588297,-1.1099901739376037,-0.502969299721533,1.02869074903593,0.6095235192417271,0.9048055324001227,0.8577891279455886,-0.8828162337175963,-0.14315203013578132,-0.45564143582820127,0.5505611813513597,-0.15045404487267908,-1.0161329645585022,0
1.7373691278115257,0.9009088760241706,0.8491410419312149,-0.5765569797368593,1.6234129815947211,0.9048055324001227,-1.2008713165995828,-0.8828162337175963,-1.2777665062144405,-1.0289971665491795,1.582583123934258,1.3773824457421369,0.9841231756854657,0
-0.8043672005990544,0.9009088760241706,-1.179024470547907,0.12154503852635701,-0.7423290972289317,-1.177851894974348,-0.09236184645987515,-0.8828162337175963,-0.34456288387755507,-0.45564143582820127,-0.7394662468772634,-0.17029607721832604,-1.0161329645585022,0
0.21232733076517762,0.9009088760241706,0.8491410419312149,-0.8604091610797628,-0.404365943111267,0.21058638994196582,-0.8999901747045194,1.4316811360790147,0.6859893177678545,0.1177142948927768,0.8085666669970842,0.7225953783357871,-1.0161329645585022,0
-0.634918112038349,-1.1099901739376037,-1.179024470547907,-0.43270421909078677,-0.911310674287764,0.9048055324001227,0.06599664927436881,-0.8828162337175963,0.6389934518947737,0.5763988794695595,-0.4814607612315388,-1.4005020826484376,0.9841231756854657,0
-0.634918112038349,0.9009088760241706,-0.502969299721533,-0.5719456056992424,-0.911310674287764,0.9048055324001227,-0.2507203421941191,1.4316811360790147,-0.018948670328354386,0.4617277333253637,-0.997471732522988,-1.9560789883265524,0.9841231756854657,0
0.21232733076517762,0.9009088760241706,1.5251962127575889,-0.5822896125301983,-0.7423290972289317,0.9048055324001227,-0.7257958293968509,-0.3041918912684436,-0.035732908140168516,-0.2262991435398101,0.8085666669970842,-1.6386064707962011,0.9841231756854657,0
0.5512255078865883,0.9009088760241706,-0.502969299721533,-0.8652890055236795,0.7785050963005594,0.9048055324001227,-0.7638018683730695,0.2744324511807092,-0.16329311550995887,0.5763988794695595,0.5505611813513597,1.0995939929030794,-1.0161329645585022,0
0.21232733076517762,0.9009088760241706,-0.502969299721533,-0.5321961931900575,0.4405419421828948,0.9048055324001227,-1.2765666775605515,-1.461440576166749,-0.47883678637207105,-1.2583394588375707,0.03455021005991044,-1.0433455004267922,0.9841231756854657,0
-0.9738162891597597,-1.1099901739376037,-0.502969299721533,-0.24839138897767743,-0.911310674287764,-1.177851894974348,-0.8841543251310949,-0.8828162337175963,-0.018948670328354386,-0.9143260204049839,-0.997471732522988,0.06780831092943747,-1.0161329645585022,0
-0.12657084635623306,-1.1099901739376037,-1.179024470547907,-0.15298964048026562,-0.404365943111267,-1.177851894974348,-1.042512820865339,0.2744324511807092,-1.4724636648314886,-1.143668312693375,-0.4814607612315388,-2.094973214746081,0.9841231756854657,0
-0.8043672005990544,0.9009088760241706,0.8491410419312149,0.16590582507315882,-0.911310674287764,-1.177851894974348,1.897887727928103,-1.461440576166749,-0.22707321919485376,1.1497546101905376,-0.4814607612315388,-0.15045404487267908,-1.0161329645585022,0
0.0428782422044723,-1.1099901739376037,0.8491410419312149,-0.34954156264526937,-0.06640278899360229,0.9048055324001227,-0.09236184645987515,-1.461440576166749,-0.38148820706354736,0.23238544103697253,0.29255569570563505,-1.0036614357354983,0.9841231756854657,0
-0.12657084635623306,0.9009088760241706,0.8491410419312149,-0.10935530326815687,-0.404365943111267,-1.177851894974348,-1.042512820865339,1.4316811360790147,0.860545391010725,-1.143668312693375,0.29255569570563505,-0.5274526594399713,0.9841231756854657,0
-0.634918112038349,-1.1099901739376037,-0.502969299721533,-0.39505519270147543,-0.911310674287764,0.9048055324001227,-0.9486062328949323,1.4316811360790147,-1.1770610793435539,-0.7996548742607882,-0.7394662468772634,0.38528082845978884,0.9841231756854657,0
-0.46546902347764374,-1.1099901739376037,-1.179024470547907,0.6465941913642068,-0.911310674287764,-1.177851894974348,3.170773316639956,0.853056793629862,2.163002245207529,1.1497546101905376,-0.7394662468772634,-1.4600281796853785,0.9841231756854657,0
1.7373691278115257,-1.1099901739376037,-1.179024470547907,1.1017304919262676,1.6234129815947211,-1.177851894974348,0.38271364074285674,-0.8828162337175963,-0.27742593263029736,-0.6849837281165926,2.098594095225707,1.4170665104334308,-1.0161329645585022,0
-0.8043672005990544,0.9009088760241706,1.5251962127575889,-0.7904489316734502,-0.911310674287764,0.9048055324001227,-1.310613754143414,0.2744324511807092,-1.7980778783806897,-1.143668312693375,-0.4814607612315388,1.6353288662355472,0.9841231756854657,0
1.0595727735687044,0.9009088760241706,1.5251962127575889,-0.5283270608639747,0.9474866733593919,-1.177851894974348,0.1451758971414908,0.2744324511807092,0.5181469396497097,1.035083464046342,0.29255569570563505,-1.5195542767223194,0.9841231756854657,0
0.38177641932588297,-1.1099901739376037,0.8491410419312149,0.9610204142715847,0.6095235192417271,-1.177851894974348,1.3328646151483206,0.853056793629862,-0.6634634023020307,-0.11162799739561437,1.066572152642809,0.9606997664835506,-1.0161329645585022,0
-0.46546902347764374,0.9009088760241706,0.8491410419312149,0.005076259322845628,-0.06640278899360229,0.9048055324001227,-0.2979111739229238,-0.8828162337175963,1.8306743365336027,-0.45564143582820127,0.03455021005991044,1.0400678958661385,-1.0161329645585022,0
-0.8043672005990544,0.9009088760241706,-1.179024470547907,-0.20256191138464827,-0.911310674287764,-1.177851894974348,-0.2507203421941191,1.4316811360790147,1.0149603788794181,-0.2262991435398101,-0.4814607612315388,-0.09092794783573821,0.9841231756854657,0
-0.2960199349169384,-1.1099901739376037,0.8491410419312149,0.7441121183583334,0.10257878806523006,-1.177851894974348,0.38271364074285674,-1.461440576166749,0.18246218341341994,-0.570312581972397,-0.997471732522988,0.9210157017922567,0.9841231756854657,0
-0.46546902347764374,-1.1099901739376037,0.8491410419312149,-0.3348072750524726,-0.911310674287764,0.9048055324001227,-1.2008713165995828,-1.461440576166749,0.42079836034118534,-1.2583394588375707,-0.4814607612315388,-0.011559818453150373,-1.0161329645585022,0
-0.634918112038349,0.9009088760241706,-0.502969299721533,-0.03674195455253039,-0.911310674287764,-1.177851894974348,0.7375950296832975,0.2744324511807092,-0.6970318779256596,0.4617277333253637,-0.4814607612315388,-0.36871640067479566,0.9841231756854657,0
-0.634918112038349,-1.1099901739376037,1.5251962127575889,-0.3346019741535376,-0.911310674287764,0.9048055324001227,0.06599664927436881,-0.8828162337175963,-1.2979075915886182,0.3470565871811683,-0.7394662468772634,0.028124246238143545,-1.0161329645585022,0
1.0595727735687044,0.9009088760241706,1.5251962127575889,-0.05457154800619335,0.6095235192417271,0.9048055324001227,1.3328646151483206,-0.8828162337175963,0.001192415045823164,1.1497546101905376,0.8085666669970842,0.2463866020402601,-1.0161329645585022,0
1.5679200392508204,0.9009088760241706,0.8491410419312149,0.17800278573348285,1.2854498274770565,0.9048055324001227,0.06599664927436881,-0.3041918912684436,-1.2945507440262551,-0.34097028968400567,2.098594095225707,-1.4005020826484376,0.9841231756854657,0
-0.634918112038349,-1.1099901739376037,-0.502969299721533,-0.8061623466303985,-0.23538436605243465,0.9048055324001227,-0.963333572998217,0.853056793629862,-0.07601507888852362,-0.2262991435398101,-0.22345527558581418,-0.20998014190961997,-1.0161329645585022,0
0.21232733076517762,0.9009088760241706,-1.179024470547907,0.1004622154434163,0.10257878806523006,0.9048055324001227,0.06599664927436881,-0.8828162337175963,0.03476089066945202,-0.2262991435398101,-0.22345527558581418,0.9606997664835506,-1.0161329645585022,0
-0.46546902347764374,0.9009088760241706,0.8491410419312149,0.3624419548613214,-0.911310674287764,-1.177851894974348,0.4618928886099787,0.853056793629862,-0.48890732905915957,-0.2262991435398101,-0.22345527558581418,-0.7060309505507939,0.9841231756854657,0
0.0428782422044723,0.9009088760241706,-0.502969299721533,-0.4075469627828283,-0.06640278899360229,-1.177851894974348,-0.32483211819774527,0.853056793629862,-1.036073481724312,0.003043148748581378,0.5505611813513597,0.4249648931510827,0.9841231756854657,0
-0.46546902347764374,-1.1099901739376037,1.5251962127575889,-0.42809284505316975,-0.7423290972289317,0.9048055324001227,0.38271364074285674,1.4316811360790147,0.635636604332411,1.035083464046342,-0.7394662468772634,1.1988041546313142,0.9841231756854657,0
-0.2960199349169384,-1.1099901739376037,-1.179024470547907,0.7115166525581913,-0.06640278899360229,-1.177851894974348,3.0561217657283635,-0.3041918912684436,0.001192415045823164,1.035083464046342,-0.4814607612315388,0.6233852166075523,0.9841231756854657,0
3.0929618362971683,-1.1099901739376037,-1.179024470547907,-0.4161538081612573,2.637302443947715,0.9048055324001227,-1.2545548466534915,-0.8828162337175963,0.7094872507043943,-1.2583394588375707,2.6146050665171567,1.4964346398160184,-1.0161329645585022,0
0.21232733076517762,0.9009088760241706,1.5251962127575889,0.3326891168925871,-0.404365943111267,-1.177851894974348,-1.042512820865339,-0.8828162337175963,-0.4318409204989903,-1.2583394588375707,0.5505611813513597,0.2463866020402601,0.9841231756854657,0
1.398470950690115,0.9009088760241706,-1.179024470547907,0.17591819199045053,1.6234129815947211,-1.177851894974348,0.7627740305050422,-1.461440576166749,0.38387303715519366,0.23238544103697253,1.066572152642809,1.4170665104334308,-1.0161329645585022,0
0.21232733076517762,-1.1099901739376037,-1.179024470547907,-0.7233787072290688,0.4405419421828948,0.9048055324001227,-1.042512820865339,-0.8828162337175963,0.16232109803924238,-0.570312581972397,0.5505611813513597,0.22654456969461315,0.9841231756854657,0
-0.8043672005990544,0.9009088760241706,1.5251962127575889,-0.4037725847177925,-0.7423290972289317,0.9048055324001227,-0.9828116679735289,-0.8828162337175963,0.001192415045823164,-0.9143260204049839,-0.4814607612315388,0.3654387961141419,-1.0161329645585022,0
0.5512255078865883,0.9009088760241706,0.8491410419312149,0.07930043047626982,0.9474866733593919,-1.177851894974348,-0.7257958293968509,0.853056793629862,0.23617174441122635,-0.9143260204049839,0.03455021005991044,0.18686050500331922,0.9841231756854657,0
0.21232733076517762,0.9009088760241706,-0.502969299721533,0.4151727011339349,0.4405419421828948,-1.177851894974348,-1.0575568779600921,0.853056793629862,-1.4993184453303918,-1.2583394588375707,0.03455021005991044,-0.5076106270943244,-1.0161329645585022,0
-0.2960199349169384,-1.1099901739376037,0.8491410419312149,0.10248363967908403,-0.23538436605243465,-1.177851894974348,-0.9782192715972359,-1.461440576166749,-1.657090280761448,-1.143668312693375,-0.7394662468772634,0.2463866020402601,-1.0161329645585022,0
-0.8043672005990544,0.9009088760241706,0.8491410419312149,-0.29715824866316126,-0.911310674287764,0.9048055324001227,-1.042512820865339,-0.8828162337175963,0.29323815297139555,-1.0289971665491795,-0.7394662468772634,0.22654456969461315,-1.0161329645585022,0
-0.8043672005990544,-1.1099901739376037,0.8491410419312149,0.3619365988024045,-0.5733475201700994,0.9048055324001227,0.06599664927436881,-1.461440576166749,-1.626878652700182,-0.45564143582820127,-0.4814607612315388,-0.09092794783573821,0.9841231756854657,0
-0.634918112038349,-1.1099901739376037,-1.179024470547907,0.7400376851333156,-0.911310674287764,-1.177851894974348,2.4413740852880284,1.4316811360790147,0.23952859197358917,0.6910700256137552,-0.7394662468772634,0.40512286080543575,0.9841231756854657,0
0.21232733076517762,0.9009088760241706,0.8491410419312149,0.08410131303598067,-0.06640278899360229,0.9048055324001227,-0.5769388434066617,0.2744324511807092,-0.8380194755449012,-0.7996548742607882,0.5505611813513597,0.9408577341379036,-1.0161329645585022,0
-0.8043672005990544,0.9009088760241706,-0.502969299721533,-0.3007273258292621,-0.911310674287764,0.9048055324001227,-0.5674373336626071,0.2744324511807092,0.2865244578466693,-0.45564143582820127,-0.7394662468772634,-0.6465048535138531,0.9841231756854657,0
-0.634918112038349,-1.1099901739376037,1.5251962127575889,0.6433251693580879,-0.7423290972289317,-1.177851894974348,-0.6520007703846933,0.853056793629862,1.0485288545030476,-1.0289971665491795,-0.22345527558581418,-0.38855843302044263,-1.0161329645585022,0
0.21232733076517762,-1.1099901739376037,0.8491410419312149,0.09645095172576316,-0.06640278899360229,0.9048055324001227,0.38271364074285674,0.853056793629862,0.2663833724724924,0.003043148748581378,0.29255569570563505,-1.0830295651180861,-1.0161329645585022,0
0.38177641932588297,-1.1099901739376037,0.8491410419312149,2.08016299149681,0.4405419421828948,-1.177851894974348,-1.0976215773808558,1.4316811360790147,0.3738024944681046,-1.487681751125962,0.5505611813513597,-0.4282424977117365,0.9841231756854657,0
-0.46546902347764374,0.9009088760241706,-0.502969299721533,-0.45323430898428707,-0.7423290972289317,0.9048055324001227,0.42198654768494925,0.853056793629862,-0.613110688866587,1.1497546101905376,-0.4814607612315388,0.9011736694466097,-1.0161329645585022,0
-0.8043672005990544,-1.1099901739376037,-1.179024470547907,-0.20508869167923294,-0.911310674287764,0.9048055324001227,-1.3163146599898468,-1.461440576166749,-1.2777665062144405,-1.3730106049817663,-0.4814607612315388,1.0995939929030794,0.9841231756854657,0
-0.634918112038349,0.9009088760241706,1.5251962127575889,0.8396717906241568,-0.911310674287764,0.9048055324001227,1.6495816066168083,1.4316811360790147,-0.17672050575941017,0.1177142948927768,-0.4814607612315388,1.1194360252487263,0.9841231756854657,0
-0.46546902347764374,0.9009088760241706,0.8491410419312149,-0.5559163432054709,-0.911310674287764,0.9048055324001227,-0.4090788379283631,-0.8828162337175963,0.46108053108954045,0.23238544103697253,-0.7394662468772634,0.3654387961141419,0.9841231756854657,0
-0.46546902347764374,-1.1099901739376037,0.8491410419312149,0.5743914444464504,-0.404365943111267,-1.177851894974348,0.38271364074285674,-1.461440576166749,-0.21700267650776528,-0.45564143582820127,-0.4814607612315388,-0.9639773710442044,0.9841231756854657,0
1.398470950690115,0.9009088760241706,0.8491410419312149,1.5939157085576758,1.6234129815947211,-1.177851894974348,-0.4090788379283631,-0.8828162337175963,0.3503045615315648,-1.143668312693375,1.8405886095799828,-1.4997122443766724,0.9841231756854657,0
-0.2960199349169384,-1.1099901739376037,1.5251962127575889,-0.20117218222262673,-0.5733475201700994,0.9048055324001227,-0.804975077263973,-1.461440576166749,-1.0897830427221185,-0.7996548742607882,-0.7394662468772634,1.3773824457421369,-1.0161329645585022,0
-0.2960199349169384,-1.1099901739376037,-0.502969299721533,-0.6773281363602636,0.2715603651240624,-1.177851894974348,-0.5674373336626071,1.4316811360790147,0.8336906105118219,0.23238544103697253,-0.22345527558581418,-0.24966420660091387,-1.0161329645585022,0
-0.634918112038349,-1.1099901739376037,0.8491410419312149,-0.5712507411182316,-0.5733475201700994,0.9048055324001227,-0.5674373336626071,0.2744324511807092,-0.8346626279825383,0.003043148748581378,-0.4814607612315388,0.6432272489531993,0.9841231756854657,0
-0.8043672005990544,0.9009088760241706,-0.502969299721533,-0.4297984217520144,-0.404365943111267,0.9048055324001227,-0.09236184645987515,-0.8828162337175963,-0.46205254856025635,0.3470565871811683,-0.997471732522988,0.7622794430270811,0.9841231756854657,0
-0.8043672005990544,0.9009088760241706,0.8491410419312149,1.121360416339822,-0.911310674287764,-1.177851894974348,-0.3298995900612411,-0.3041918912684436,-1.0092187012254088,-1.0289971665491795,-0.4814607612315388,-1.0235034680811452,0.9841231756854657,0
1.2290218621294098,-1.1099901739376037,-0.502969299721533,-0.28086051576309023,1.2854498274770565,-1.177851894974348,0.38271364074285674,-1.461440576166749,-0.4419114631860794,0.5763988794695595,1.8405886095799828,1.6154868338899002,0.9841231756854657,0
0.38177641932588297,-1.1099901739376037,-0.502969299721533,-0.37582007770894976,0.4405419421828948,-1.177851894974348,-0.5674373336626071,0.853056793629862,-1.267695963527352,-0.34097028968400567,0.03455021005991044,-1.3409759856114967,0.9841231756854657,0
-0.2960199349169384,0.9009088760241706,-0.502969299721533,-0.4649522526004234,-0.23538436605243465,-1.177851894974348,0.06599664927436881,-0.3041918912684436,0.03476089066945202,0.6910700256137552,-0.22345527558581418,0.028124246238143545,-1.0161329645585022,0
-0.12657084635623306,-1.1099901739376037,0.8491410419312149,0.9749177058918003,-0.7423290972289317,-1.177851894974348,-1.1999211656251774,-0.3041918912684436,0.4140846652164597,-1.487681751125962,1.066572152642809,0.5043330225336705,0.9841231756854657,0
0.890123685007999,-1.1099901739376037,0.17308587110484092,-0.14653055835223358,0.9474866733593919,0.9048055324001227,1.2536853672811985,0.2744324511807092,0.7631968117022008,1.2644257563347332,1.066572152642809,-0.686188918205147,0.9841231756854657,0
-0.634918112038349,-1.1099901739376037,0.8491410419312149,2.165947182497959,-0.404365943111267,-1.177851894974348,-0.6729040918216135,-0.8828162337175963,-0.21700267650776528,-1.3730106049817663,-0.7394662468772634,-0.7258729828964409,0.9841231756854657,0
-0.634918112038349,-1.1099901739376037,0.8491410419312149,-0.7725719610892638,-0.911310674287764,0.9048055324001227,-0.799115812921806,0.853056793629862,-0.3109944082539262,0.1177142948927768,-0.7394662468772634,-2.23386744116561,0.9841231756854657,0
0.38177641932588297,0.9009088760241706,-1.179024470547907,-0.2940787351791362,0.9474866733593919,0.9048055324001227,-0.4090788379283631,-1.461440576166749,0.6087818238335078,-0.34097028968400567,0.5505611813513597,0.008282213892496587,0.9841231756854657,0
0.5512255078865883,0.9009088760241706,-1.179024470547907,-0.15013122027201672,0.2715603651240624,0.9048055324001227,0.38271364074285674,0.2744324511807092,-0.03908975570253134,0.3470565871811683,0.8085666669970842,1.5559607368529593,-1.0161329645585022,0
-0.9738162891597597,0.9009088760241706,-1.179024470547907,-0.4620938323921745,-0.7423290972289317,0.9048055324001227,-0.7574675285436998,0.2744324511807092,0.4677942262142661,-0.570312581972397,-0.4814607612315388,-0.011559818453150373,0.9841231756854657,0
2.754063659175758,-1.1099901739376037,0.8491410419312149,-0.7892487110335226,2.637302443947715,0.9048055324001227,-0.8152683794866988,-0.8828162337175963,-0.3009238655668377,0.1177142948927768,2.872610552162881,-0.8846092416616166,0.9841231756854657,0
-0.46546902347764374,0.9009088760241706,0.8491410419312149,0.26644009604394575,-0.7423290972289317,-1.177851894974348,1.3328646151483206,0.853056793629862,-0.09279931670033775,0.5763988794695595,-0.7394662468772634,-1.3608180179571436,0.9841231756854657,0
0.21232733076517762,-1.1099901739376037,-0.502969299721533,-0.3403503993237177,-0.23538436605243465,0.9048055324001227,-1.2008713165995828,-1.461440576166749,-0.8514468657943525,-1.2583394588375707,0.29255569570563505,0.20670253734896618,0.9841231756854657,0
1.5679200392508204,0.9009088760241706,1.5251962127575889,-0.7368969818050968,1.2854498274770565,0.9048055324001227,-0.7257958293968509,-0.8828162337175963,-0.8783016462932557,0.1177142948927768,0.8085666669970842,1.9131173190746047,-1.0161329645585022,0
-0.8043672005990544,-1.1099901739376037,1.5251962127575889,-0.8651626665089502,-0.911310674287764,0.9048055324001227,-0.8841543251310949,0.2744324511807092,-0.5090484144333371,0.23238544103697253,-0.22345527558581418,0.4448069254967297,-1.0161329645585022,0
-0.9738162891597597,0.9009088760241706,-0.502969299721533,-0.7948707971889734,-0.911310674287764,0.9048055324001227,-0.5674373336626071,0.2744324511807092,0.06497251873071805,0.6910700256137552,-0.4814607612315388,0.3455967637684949,-1.0161329645585022,0
-0.46546902347764374,0.9009088760241706,0.8491410419312149,-0.5838846425911548,-0.911310674287764,0.9048055324001227,-0.5674373336626071,0.853056793629862,0.6792756226431284,0.003043148748581378,-0.4814607612315388,-0.6266628211682062,0.9841231756854657,0
-0.634918112038349,0.9009088760241706,0.8491410419312149,2.5478700240244296,-0.911310674287764,0.9048055324001227,1.0161476236798326,-0.8828162337175963,0.7229146409538463,-0.7996548742607882,0.03455021005991044,-0.3488743683291487,0.9841231756854657,0
-0.634918112038349,0.9009088760241706,-0.502969299721533,-0.2214338017098274,-0.7423290972289317,0.9048055324001227,0.38271364074285674,-1.461440576166749,-0.4083429875624505,0.4617277333253637,-0.4814607612315388,1.278172284013902,0.9841231756854657,0
0.7206745964472937,0.9009088760241706,0.8491410419312149,-0.6757331062993069,0.2715603651240624,-1.177851894974348,-0.3298995900612411,-1.461440576166749,0.001192415045823164,0.6910700256137552,0.5505611813513597,-1.4005020826484376,0.9841231756854657,0
-0.12657084635623306,-1.1099901739376037,0.8491410419312149,-0.295389502456952,-0.7423290972289317,-1.177851894974348,-0.2507203421941191,0.853056793629862,-1.3079781342757066,-0.11162799739561437,0.03455021005991044,-0.8052411122790287,0.9841231756854657,0
-0.634918112038349,-1.1099901739376037,-0.502969299721533,-0.8373364985148367,-0.06640278899360229,0.21058638994196582,-0.8203358513501946,-0.8828162337175963,0.5181469396497097,0.23238544103697253,-0.4814607612315388,1.1194360252487263,-1.0161329645585022,0
0.21232733076517762,0.9009088760241706,1.5251962127575889,0.594242462135781,0.6095235192417271,-1.177851894974348,2.4413740852880284,-0.3041918912684436,-0.21364582894540246,0.8057411717579506,1.066572152642809,-0.38855843302044263,0.9841231756854657,0
0.0428782422044723,0.9009088760241706,0.8491410419312149,-0.45113392286441356,-0.06640278899360229,0.9048055324001227,0.06599664927436881,-0.8828162337175963,-0.06930138376379737,0.5763988794695595,0.29255569570563505,0.5043330225336705,0.9841231756854657,0
-0.634918112038349,-1.1099901739376037,-1.179024470547907,-0.10406485702637025,-0.5733475201700994,-1.177851894974348,0.06599664927436881,0.853056793629862,0.1119683846037988,0.003043148748581378,-0.7394662468772634,1.1392780575943733,0.9841231756854657,0
-0.634918112038349,-1.1099901739376037,-0.502969299721533,-0.012800711261340796,-0.23538436605243465,0.9048055324001227,0.6994306322113446,0.2744324511807092,0.2563128297854033,0.4617277333253637,-0.4814607612315388,0.7225953783357871,-1.0161329645585022,0
1.398470950690115,0.9009088760241706,1.5251962127575889,-0.6793969377264547,0.7785050963005594,0.9048055324001227,-0.11215665842665565,0.2744324511807092,-1.6436628905119963,1.1497546101905376,1.582583123934258,0.4448069254967297,0.9841231756854657,0
0.21232733076517762,-1.1099901739376037,-1.179024470547907,2.2377077428641634,-0.23538436605243465,-1.177851894974348,0.8577891279455886,1.4316811360790147,1.4547074095489578,-0.7996548742607882,0.29255569570563505,1.5956448015442533,-1.0161329645585022,0
-0.634918112038349,0.9009088760241706,1.5251962127575889,-0.3563796618174891,-0.911310674287764,0.9048055324001227,0.6994306322113446,-1.461440576166749,-0.22035952407012813,1.1497546101905376,-0.4814607612315388,1.2186461869769611,0.9841231756854657,0
1.5679200392508204,0.9009088760241706,0.8491410419312149,0.4431252081427776,1.6234129815947211,-1.177851894974348,0.06599664927436881,-1.461440576166749,0.001192415045823164,-0.570312581972397,1.582583123934258,-0.7457150152420878,0.9841231756854657,0
-0.8043672005990544,-1.1099901739376037,0.8491410419312149,-0.2639468801662142,-0.5733475201700994,0.9048055324001227,-0.7574675285436998,0.853056793629862,-0.5124052619956999,-0.6849837281165926,-0.997471732522988,0.6829113136444932,0.9841231756854657,0
0.5512255078865883,0.9009088760241706,-1.179024470547907,0.2898443985225361,1.1164682504182242,-1.177851894974348,-0.377882214268717,-0.8828162337175963,-0.4419114631860794,-0.7996548742607882,0.5505611813513597,-1.8171847619070236,0.9841231756854657,0
-0.2960199349169384,0.9009088760241706,0.8491410419312149,1.8233789440596446,-0.404365943111267,0.9048055324001227,2.4413740852880284,0.853056793629862,0.0851136041048956,-0.11162799739561437,-0.4814607612315388,-0.24966420660091387,-1.0161329645585022,0
-0.634918112038349,0.9009088760241706,0.8491410419312149,-0.7556109483618644,-0.5733475201700994,0.9048055324001227,-0.5820063152701574,-1.461440576166749,0.024690347982363543,0.4617277333253637,-0.4814607612315388,0.0479662785837905,-1.0161329645585022,0
-0.12657084635623306,0.9009088760241706,-0.502969299721533,-0.2957685195011397,-0.404365943111267,0.9048055324001227,-0.47242223622206064,1.4316811360790147,-0.32106495094101467,-0.34097028968400567,0.03455021005991044,-0.5671367241312653,0.9841231756854657,0
0.7206745964472937,0.9009088760241706,0.8491410419312149,1.3158435371386348,0.6095235192417271,-1.177851894974348,-0.5306981626522624,-1.461440576166749,-1.3751150855229646,-1.143668312693375,0.29255569570563505,0.5638591195706114,0.9841231756854657,0
-0.634918112038349,0.9009088760241706,-1.179024470547907,-0.6895356436584756,-0.7423290972289317,-1.177851894974348,-1.121692068732461,0.853056793629862,-1.4254677989584081,-0.7996548742607882,-0.997471732522988,-1.7378166325244357,0.9841231756854657,0
0.38177641932588297,0.9009088760241706,-0.502969299721533,-0.20414114906876368,0.4405419421828948,-1.177851894974348,0.22435514500861276,0.2744324511807092,-0.04244660326489417,0.23238544103697253,0.5505611813513597,0.8614896047553159,0.9841231756854657,0
-0.2960199349169384,0.9009088760241706,0.8491410419312149,0.365268790315888,-0.7423290972289317,-1.177851894974348,-1.3456109817006818,0.853056793629862,-0.39827244487536145,-1.487681751125962,-0.7394662468772634,0.286070666731554,0.9841231756854657,0
-0.8043672005990544,-1.1099901739376037,1.5251962127575889,-0.7204413251366142,-0.911310674287764,0.9048055324001227,-0.4090788379283631,0.2744324511807092,-1.338189762336973,0.6910700256137552,-0.997471732522988,-0.8846092416616166,0.9841231756854657,0
0.5512255078865883,-1.1099901739376037,-0.502969299721533,0.08111655381300255,0.9474866733593919,0.9048055324001227,-1.2008713165995828,-0.8828162337175963,0.03811773823181484,-1.3730106049817663,0.8085666669970842,1.337698381050843,0.9841231756854657,0
-0.9738162891597597,-1.1099901739376037,-0.502969299721533,0.3474549892390662,-0.911310674287764,-1.177851894974348,0.06599664927436881,-1.461440576166749,-0.10622670694978965,-0.45564143582820127,-0.7394662468772634,1.3972244780877838,0.9841231756854657,0
-0.46546902347764374,-1.1099901739376037,0.8491410419312149,-0.5643336800618061,-0.23538436605243465,0.9048055324001227,-1.042512820865339,-0.8828162337175963,0.001192415045823164,-0.7996548742607882,-0.4814607612315388,0.0479662785837905,0.9841231756854657,0
-0.8043672005990544,0.9009088760241706,-0.502969299721533,-0.48644567748123413,-0.7423290972289317,0.9048055324001227,0.22435514500861276,0.853056793629862,-1.6403060429496337,0.9204123179021463,-0.997471732522988,-0.3488743683291487,0.9841231756854657,0
0.38177641932588297,0.9009088760241706,-1.179024470547907,-0.4498547403402801,0.6095235192417271,-1.177851894974348,-0.27827472045187757,0.853056793629862,0.6994167080173058,0.1177142948927768,0.8085666669970842,-0.46792656240303043,-1.0161329645585022,0
0.0428782422044723,0.9009088760241706,-1.179024470547907,0.135584461538143,-0.23538436605243465,-1.177851894974348,0.8577891279455886,-0.8828162337175963,0.27645391515958084,0.3470565871811683,0.5505611813513597,-0.2893482712922078,-1.0161329645585022,0
1.0595727735687044,-1.1099901739376037,-1.179024470547907,-0.2996692365809047,1.2854498274770565,-1.177851894974348,-0.8841543251310949,0.2744324511807092,-1.4724636648314886,-0.7996548742607882,1.066572152642809,0.12733440796637835,0.9841231756854657,0
0.21232733076517762,0.9009088760241706,-0.502969299721533,-0.47314849618098237,0.7785050963005594,0.9048055324001227,-0.982178233990592,0.2744324511807092,0.36037510421865326,-0.7996548742607882,0.03455021005991044,0.5837011519162584,0.9841231756854657,0
0.0428782422044723,0.9009088760241706,0.8491410419312149,-0.24115848038442886,0.10257878806523006,0.9048055324001227,0.5146262676894819,1.4316811360790147,-1.5933101770765532,0.6910700256137552,-0.22345527558581418,-1.3211339532658497,0.9841231756854657,0
-0.46546902347764374,0.9009088760241706,0.8491410419312149,-0.41826998665797194,-0.404365943111267,-1.177851894974348,-1.2008713165995828,-0.8828162337175963,-1.563098549015287,-1.143668312693375,-0.7394662468772634,0.6035431842619053,-1.0161329645585022,0
-1.143265377720465,-1.1099901739376037,-0.502969299721533,-0.9572006387391963,-0.911310674287764,0.9048055324001227,-1.278783696500831,0.2744324511807092,-0.08944246913797492,-0.6849837281165926,-0.997471732522988,-1.0830295651180861,0.9841231756854657,0
1.906818216372231,0.9009088760241706,0.8491410419312149,1.1226238064871144,2.2993392898300504,0.9048055324001227,0.06599664927436881,-0.3041918912684436,-0.04916029838962042,-0.7996548742607882,1.066572152642809,-1.202081759191968,0.9841231756854657,0
-0.8043672005990544,0.9009088760241706,0.8491410419312149,0.4145252136834476,-0.7423290972289317,-1.177851894974348,0.38271364074285674,0.853056793629862,-0.9353680548534249,-0.34097028968400567,-0.4814607612315388,1.2186461869769611,0.9841231756854657,0
-0.634918112038349,0.9009088760241706,-1.179024470547907,-0.38786966123875033,-0.404365943111267,0.9048055324001227,-0.71866969708881,-0.8828162337175963,-0.12972463988633004,-0.570312581972397,-0.4814607612315388,-0.7258729828964409,-1.0161329645585022,0
0.21232733076517762,-1.1099901739376037,-0.502969299721533,-0.3959869429351035,0.4405419421828948,0.9048055324001227,-0.7257958293968509,-1.461440576166749,0.24624228709831483,-0.570312581972397,0.5505611813513597,-0.26950623894656084,-1.0161329645585022,0
-0.12657084635623306,-1.1099901739376037,-1.179024470547907,0.5101796402103179,-0.404365943111267,-1.177851894974348,-0.5674373336626071,0.853056793629862,-0.002164432516539662,-1.0289971665491795,-0.4814607612315388,0.821805540064022,-1.0161329645585022,0
-0.2960199349169384,0.9009088760241706,-0.502969299721533,-0.14972061847414672,0.10257878806523006,-1.177851894974348,-1.042512820865339,-0.8828162337175963,-1.371758237960602,-1.143668312693375,-0.7394662468772634,-0.09092794783573821,-1.0161329645585022,0
-0.46546902347764374,0.9009088760241706,1.5251962127575889,0.172996602274837,-0.5733475201700994,-1.177851894974348,-0.2507203421941191,1.4316811360790147,1.7736079279734327,-0.570312581972397,-0.4814607612315388,0.6035431842619053,-1.0161329645585022,0
0.21232733076517762,0.9009088760241706,-1.179024470547907,0.3623787853539568,-0.06640278899360229,-1.177851894974348,-0.1764502076947587,-0.3041918912684436,0.10525468947907315,-0.6849837281165926,0.03455021005991044,-4.2180706757303055,0.9841231756854657,0
-0.46546902347764374,0.9009088760241706,-0.502969299721533,0.3645423409811949,-0.911310674287764,-1.177851894974348,-0.3298995900612411,1.4316811360790147,0.457723683527177,-0.7996548742607882,-0.4814607612315388,-1.8767108589439645,0.9841231756854657,0
-0.634918112038349,0.9009088760241706,-1.179024470547907,1.3144696003534542,-0.911310674287764,-1.177851894974348,1.8079401023510524,1.4316811360790147,-0.18007735332177302,-0.11162799739561437,-0.4814607612315388,0.6233852166075523,0.9841231756854657,0
-0.46546902347764374,-1.1099901739376037,-1.179024470547907,-0.7731246942787042,-0.911310674287764,0.9048055324001227,-1.121692068732461,-1.461440576166749,0.7934084397634668,-0.6849837281165926,-0.4814607612315388,-2.5116558940046674,0.9841231756854657,0
1.2290218621294098,0.9009088760241706,0.8491410419312149,-0.47351172084832893,1.2854498274770565,0.9048055324001227,-0.8841543251310949,0.2744324511807092,0.5282174823367981,-0.6849837281165926,1.582583123934258,-0.011559818453150373,-1.0161329645585022,0
-0.46546902347764374,0.9009088760241706,1.5251962127575889,-0.7853164092000752,-0.404365943111267,0.21058638994196582,-0.5674373336626071,0.2744324511807092,0.26302652491012896,0.6910700256137552,0.03455021005991044,0.3455967637684949,0.9841231756854657,0
0.21232733076517762,-1.1099901739376037,-1.179024470547907,-0.3300537696232852,-0.404365943111267,0.9048055324001227,0.06599664927436881,0.2744324511807092,-0.12972463988633004,0.3470565871811683,0.8085666669970842,0.3654387961141419,-1.0161329645585022,0
-0.8043672005990544,0.9009088760241706,-0.502969299721533,0.2689194992080069,-0.7423290972289317,-1.177851894974348,2.4413740852880284,-0.8828162337175963,-0.2807827801926602,1.379096902478929,-0.4814607612315388,-2.273551505856904,0.9841231756854657,0
-0.2960199349169384,0.9009088760241706,-1.179024470547907,0.1451388495270412,0.10257878806523006,-1.177851894974348,2.4413740852880284,1.4316811360790147,1.5319149034833046,1.6084391947673204,-0.4814607612315388,-0.24966420660091387,-1.0161329645585022,0
1.7373691278115257,0.9009088760241706,-1.179024470547907,-0.3545793308575975,1.4544314045358888,0.9048055324001227,-0.7614264909370558,1.4316811360790147,0.001192415045823164,-0.6849837281165926,2.098594095225707,1.2186461869769611,-1.0161329645585022,0
-0.2960199349169384,0.9009088760241706,-1.179024470547907,-0.30184858458498404,-0.06640278899360229,-1.177851894974348,0.19268344586176397,-0.3041918912684436,-0.04580345082725759,0.4617277333253637,-0.4814607612315388,-0.7655570475877348,0.9841231756854657,0
0.7206745964472937,0.9009088760241706,-1.179024470547907,-0.7596064197026763,0.6095235192417271,0.9048055324001227,-1.042512820865339,0.2744324511807092,-0.43855461562371656,-0.570312581972397,0.8085666669970842,-0.6663468858595001,0.9841231756854657,0
0.0428782422044723,-1.1099901739376037,-0.502969299721533,0.032902427316959124,-0.06640278899360229,-1.177851894974348,-1.323599150793622,-0.8828162337175963,-1.2844802013391665,-1.487681751125962,0.29255569570563505,1.1392780575943733,0.9841231756854657,0
1.906818216372231,-1.1099901739376037,-1.179024470547907,-0.4899989622704938,2.2993392898300504,0.9048055324001227,-0.0687664305954728,-0.8828162337175963,-0.6936750303632967,0.5763988794695595,1.8405886095799828,0.32575473142284794,0.9841231756854657,0
0.38177641932588297,0.9009088760241706,-1.179024470547907,0.34385432731928306,0.2715603651240624,0.9048055324001227,-0.5674373336626071,1.4316811360790147,-1.6503765856367223,-0.9143260204049839,0.03455021005991044,0.6630692812988462,-1.0161329645585022,0
0.5512255078865883,-1.1099901739376037,-1.179024470547907,0.3283462132612697,0.7785050963005594,-1.177851894974348,1.158036835857715,0.853056793629862,0.20931696391232313,0.3470565871811683,0.03455021005991044,0.4249648931510827,-1.0161329645585022,0
-0.634918112038349,0.9009088760241706,-1.179024470547907,-0.5262582594977836,-0.5733475201700994,0.9048055324001227,-0.2507203421941191,0.2744324511807092,0.5651428055227898,0.3470565871811683,-0.4814607612315388,0.5440170872249644,0.9841231756854657,0
-0.46546902347764374,0.9009088760241706,0.8491410419312149,-0.3243211368299463,-0.911310674287764,0.9048055324001227,0.38271364074285674,1.4316811360790147,-0.7943804572341833,0.6910700256137552,-0.22345527558581418,-0.5671367241312653,-1.0161329645585022,0
-0.8043672005990544,-1.1099901739376037,1.5251962127575889,0.4606073693059352,-0.7423290972289317,0.9048055324001227,0.38271364074285674,-0.8828162337175963,-0.7205298108621999,-0.34097028968400567,-0.7394662468772634,0.12733440796637835,0.9841231756854657,0
-0.46546902347764374,-1.1099901739376037,-1.179024470547907,-0.6773281363602636,0.10257878806523006,0.9048055324001227,-0.7574675285436998,-0.8828162337175963,0.058258823605992396,-0.11162799739561437,-0.4814607612315388,0.6630692812988462,0.9841231756854657,0
0.0428782422044723,0.9009088760241706,0.8491410419312149,-0.35399501291447477,-0.5733475201700994,0.9048055324001227,-0.9376794966892694,0.2744324511807092,-0.3109944082539262,-0.9143260204049839,1.066572152642809,-1.162397694500674,0.9841231756854657,0
-0.634918112038349,0.9009088760241706,0.8491410419312149,1.226111251927197,-0.7423290972289317,-1.177851894974348,3.2331665639592484,1.4316811360790147,-0.0726582313261608,0.5763988794695595,0.03455021005991044,1.0202258635204915,-1.0161329645585022,0
0.890123685007999,0.9009088760241706,-1.179024470547907,-0.11113984185120729,0.7785050963005594,0.9048055324001227,0.06599664927436881,-0.8828162337175963,-0.26399854238084547,0.003043148748581378,0.5505611813513597,0.38528082845978884,-1.0161329645585022,0
-0.634918112038349,0.9009088760241706,1.5251962127575889,0.6836904845640778,-0.5733475201700994,0.21058638994196582,2.2603703246637874,-0.8828162337175963,-0.5526874327440551,0.5763988794695595,-0.7394662468772634,0.9210157017922567,-1.0161329645585022,0
3.431860013418579,-1.1099901739376037,0.8491410419312149,-0.5634808917123837,3.8201734833595413,0.9048055324001227,0.06599664927436881,0.2744324511807092,0.6255660616453219,1.035083464046342,4.4206434660372285,1.5162766721616654,-1.0161329645585022,0
-0.8043672005990544,-1.1099901739376037,-0.502969299721533,-0.4464909640731143,-0.911310674287764,0.9048055324001227,-0.8208109268373974,0.853056793629862,0.2965950005337584,-0.570312581972397,-0.4814607612315388,-0.686188918205147,-1.0161329645585022,0
2.415165482054347,0.9009088760241706,0.8491410419312149,-0.290367526621465,2.130357712771218,-1.177851894974348,-0.7257958293968509,-0.3041918912684436,-0.5761853656805954,-0.6849837281165926,2.6146050665171567,1.1591200899400202,0.9841231756854657,0
0.38177641932588297,0.9009088760241706,-0.502969299721533,-0.07557540920492828,0.7785050963005594,-1.177851894974348,1.363744521816498,-1.461440576166749,0.790051592201104,1.1497546101905376,-0.22345527558581418,1.3773824457421369,-1.0161329645585022,0
0.38177641932588297,0.9009088760241706,0.8491410419312149,-0.20410956431508137,-0.23538436605243465,-1.177851894974348,-0.4882580857954851,-0.3041918912684436,-0.005521280078902488,-0.45564143582820127,0.8085666669970842,-0.40840046536608954,0.9841231756854657,0
-0.2960199349169384,-1.1099901739376037,-1.179024470547907,-0.3017222455702548,0.2715603651240624,0.9048055324001227,-0.3774071387815143,1.4316811360790147,-1.3247623720875215,-0.2262991435398101,-0.997471732522988,1.317856348705196,-1.0161329645585022,0
-0.634918112038349,-1.1099901739376037,-0.502969299721533,-0.07214846343039785,-0.23538436605243465,-1.177851894974348,0.06599664927436881,-0.3041918912684436,0.9276823422579827,-0.11162799739561437,-0.4814607612315388,-1.102871597463733,0.9841231756854657,0
0.0428782422044723,-1.1099901739376037,-1.179024470547907,0.183656456642616,0.2715603651240624,-1.177851894974348,-1.042512820865339,1.4316811360790147,-0.9051564267921589,-1.2583394588375707,0.29255569570563505,-0.5076106270943244,-1.0161329645585022,0
0.7206745964472937,0.9009088760241706,1.5251962127575889,0.27706836565804244,0.4405419421828948,-1.177851894974348,0.22435514500861276,-0.3041918912684436,-0.39827244487536145,-0.34097028968400567,0.03455021005991044,-0.9441353386985575,0.9841231756854657,0
0.21232733076517762,0.9009088760241706,0.8491410419312149,0.4991881459288746,0.6095235192417271,-1.177851894974348,0.2667952218653902,-0.8828162337175963,-0.18343420088413584,-0.45564143582820127,0.03455021005991044,-1.9560789883265524,0.9841231756854657,0
-0.46546902347764374,-1.1099901739376037,-1.179024470547907,-0.5689292617225818,-0.911310674287764,0.9048055324001227,-0.8841543251310949,0.2744324511807092,0.08175675654253277,-0.570312581972397,-0.7394662468772634,0.38528082845978884,0.9841231756854657,0
0.0428782422044723,0.9009088760241706,-1.179024470547907,1.3115953877683642,0.10257878806523006,-1.177851894974348,-0.6233378826567951,0.853056793629862,-1.2576254208402633,-1.2583394588375707,-0.22345527558581418,0.32575473142284794,0.9841231756854657,0
-0.46546902347764374,0.9009088760241706,1.5251962127575889,0.6462941362042249,-0.404365943111267,0.9048055324001227,0.8577891279455886,-0.8828162337175963,-1.3046212867133438,-0.2262991435398101,-0.7394662468772634,0.9011736694466097,0.9841231756854657,0
-0.634918112038349,-1.1099901739376037,-1.179024470547907,-0.35996453136043105,-0.7423290972289317,-1.177851894974348,0.06599664927436881,0.853056793629862,0.8538316958859994,0.4617277333253637,-0.4814607612315388,0.9408577341379036,-1.0161329645585022,0
-0.46546902347764374,0.9009088760241706,0.8491410419312149,0.2716199956478443,-0.5733475201700994,0.9048055324001227,1.6495816066168083,-0.8828162337175963,0.8739727812601764,0.8057411717579506,-0.7394662468772634,-2.2933935382025505,0.9841231756854657,0
-0.46546902347764374,-1.1099901739376037,-1.179024470547907,-0.3900016321123061,-0.404365943111267,0.9048055324001227,-0.4090788379283631,-0.8828162337175963,-1.7410114698205204,-0.11162799739561437,-0.4814607612315388,0.8813316371009629,0.9841231756854657,0
-0.8043672005990544,-1.1099901739376037,-0.502969299721533,1.1461386556035928,-0.911310674287764,-1.177851894974348,-1.0089408197696792,-0.8828162337175963,1.2667239460566353,-1.3730106049817663,-0.7394662468772634,0.9805417988291976,-1.0161329645585022,0
-0.46546902347764374,0.9009088760241706,0.8491410419312149,0.19744320162494353,-0.7423290972289317,-1.177851894974348,1.6524320595400248,-1.461440576166749,-1.0125755487877717,0.9204123179021463,-0.997471732522988,0.9210157017922567,0.9841231756854657,0
0.0428782422044723,-1.1099901739376037,-1.179024470547907,0.17091200853180466,0.10257878806523006,-1.177851894974348,0.06599664927436881,1.4316811360790147,-1.0260029390372234,-0.34097028968400567,-0.22345527558581418,-0.8250831446246757,0.9841231756854657,0
-0.8043672005990544,0.9009088760241706,0.8491410419312149,0.4049866180713905,-0.5733475201700994,-1.177851894974348,-1.2466369218667794,0.853056793629862,-0.9689365304770544,-1.3730106049817663,-0.4814607612315388,-0.6465048535138531,0.9841231756854657,0
-0.634918112038349,0.9009088760241706,-1.179024470547907,0.44525717901633344,-0.404365943111267,-1.177851894974348,-0.2507203421941191,-0.8828162337175963,-1.1132809756586586,-0.7996548742607882,-0.22345527558581418,-0.15045404487267908,-1.0161329645585022,0
0.21232733076517762,0.9009088760241706,-0.502969299721533,-0.4493651766582043,-0.23538436605243465,-1.177851894974348,-1.121692068732461,0.2744324511807092,-0.97565022560178,-1.0289971665491795,0.5505611813513597,0.5837011519162584,-1.0161329645585022,0
-0.634918112038349,-1.1099901739376037,0.8491410419312149,1.1223553360808147,-0.06640278899360229,0.9048055324001227,0.8577891279455886,1.4316811360790147,-0.34456288387755507,-0.45564143582820127,-0.4814607612315388,0.38528082845978884,-1.0161329645585022,0
-0.46546902347764374,-1.1099901739376037,-0.502969299721533,0.3705592365576746,-0.5733475201700994,0.9048055324001227,0.06599664927436881,0.2744324511807092,0.9444665800697976,-0.45564143582820127,-0.4814607612315388,0.5043330225336705,-1.0161329645585022,0
-0.9738162891597597,0.9009088760241706,-0.502969299721533,-0.1526106234360779,-0.5733475201700994,0.9048055324001227,0.06599664927436881,0.853056793629862,-1.338189762336973,0.003043148748581378,-0.7394662468772634,0.5440170872249644,0.9841231756854657,0
-0.8043672005990544,0.9009088760241706,0.8491410419312149,-0.6185647021343291,-0.911310674287764,0.9048055324001227,-0.25800483299789434,1.4316811360790147,-0.9924344634135942,0.6910700256137552,-0.7394662468772634,-0.7258729828964409,-1.0161329645585022,0
-0.2960199349169384,0.9009088760241706,0.8491410419312149,-0.6815920781073751,-0.404365943111267,0.9048055324001227,-0.7257958293968509,1.4316811360790147,-0.22035952407012813,0.003043148748581378,-0.4814607612315388,-0.6663468858595001,-1.0161329645585022,0
-0.46546902347764374,0.9009088760241706,-0.502969299721533,-0.26162540077056456,-0.404365943111267,-1.177851894974348,-1.2008713165995828,1.4316811360790147,0.7296283360785719,-1.2583394588375707,-0.22345527558581418,-0.6266628211682062,-1.0161329645585022,0
-0.9738162891597597,-1.1099901739376037,-0.502969299721533,-0.5053333601832544,-0.911310674287764,-1.177851894974348,-1.359229812333827,0.2744324511807092,0.001192415045823164,-1.3730106049817663,-0.7394662468772634,0.22654456969461315,-1.0161329645585022,0
-0.8043672005990544,-1.1099901739376037,-0.502969299721533,-0.7186252017998814,-0.404365943111267,0.9048055324001227,-1.0559732930027497,0.2744324511807092,0.9679645130063379,-0.6849837281165926,-0.7394662468772634,0.5241750548793175,0.9841231756854657,0
1.0595727735687044,-1.1099901739376037,1.5251962127575889,-0.7053122281227886,0.9474866733593919,0.9048055324001227,-0.46339580196520874,-1.461440576166749,-0.04244660326489417,0.5763988794695595,1.3245776382885335,1.4170665104334308,0.9841231756854657,0
0.7206745964472937,-1.1099901739376037,-1.179024470547907,0.18413022794785064,0.6095235192417271,-1.177851894974348,-1.0168587445563915,1.4316811360790147,0.7430557263280237,-1.2583394588375707,0.29255569570563505,0.6432272489531993,-1.0161329645585022,0
-0.9738162891597597,-1.1099901739376037,0.8491410419312149,0.25642772912665407,-0.911310674287764,-1.177851894974348,4.024959042630468,0.853056793629862,0.7128440982667578,2.525808363920885,-0.997471732522988,0.5837011519162584,-1.0161329645585022,0
0.0428782422044723,-1.1099901739376037,-0.502969299721533,-0.017096237762134706,-0.06640278899360229,-1.177851894974348,2.2830155895537843,-0.8828162337175963,0.21267381147468598,1.8377814870557112,-0.22345527558581418,-1.182239726846321,0.9841231756854657,0
-0.46546902347764374,-1.1099901739376037,-1.179024470547907,0.346207391468615,-0.06640278899360229,-1.177851894974348,-1.0485304437032401,-0.8828162337175963,-1.6436628905119963,-1.2583394588375707,-0.4814607612315388,0.6233852166075523,0.9841231756854657,0
1.2290218621294098,0.9009088760241706,1.5251962127575889,-0.2976636047220782,0.9474866733593919,0.9048055324001227,-0.4090788379283631,-1.461440576166749,0.3637319517810161,-0.34097028968400567,0.8085666669970842,0.7622794430270811,0.9841231756854657,0
-0.634918112038349,0.9009088760241706,-0.502969299721533,0.39933294716225737,-0.06640278899360229,-1.177851894974348,-0.3316415335143178,-1.461440576166749,0.06161567116835522,-0.7996548742607882,-0.4814607612315388,1.238488219322608,0.9841231756854657,0
-0.46546902347764374,0.9009088760241706,0.8491410419312149,1.3725381699983779,-0.5733475201700994,-1.177851894974348,-0.7767872650232776,1.4316811360790147,0.6255660616453219,-1.2583394588375707,-0.4814607612315388,0.782121475372728,-1.0161329645585022,0
1.398470950690115,-1.1099901739376037,-1.179024470547907,1.7861878965987268,1.6234129815947211,0.21058638994196582,2.2830155895537843,1.4316811360790147,0.5684996530851527,-0.2262991435398101,1.3245776382885335,0.5440170872249644,-1.0161329645585022,0
-0.634918112038349,0.9009088760241706,1.5251962127575889,0.002770572304037132,-0.911310674287764,0.9048055324001227,-0.7257958293968509,0.2744324511807092,-0.21364582894540246,-0.9143260204049839,-0.22345527558581418,1.4170665104334308,0.9841231756854657,0
1.2290218621294098,0.9009088760241706,-1.179024470547907,-0.10858147680294032,0.9474866733593919,0.9048055324001227,0.38271364074285674,0.853056793629862,-1.234127487903723,0.23238544103697253,0.8085666669970842,0.10749237562073138,0.9841231756854657,0
0.21232733076517762,-1.1099901739376037,0.8491410419312149,0.3644317943433068,-0.06640278899360229,-1.177851894974348,0.8577891279455886,-0.8828162337175963,-0.492264176621523,0.1177142948927768,0.5505611813513597,-0.8449251769703227,0.9841231756854657,0
-0.8043672005990544,0.9009088760241706,-1.179024470547907,-0.6995322181989262,-0.911310674287764,-1.177851894974348,-0.2507203421941191,-0.8828162337175963,0.40737097009173406,0.9204123179021463,-0.997471732522988,-2.114815247091728,0.9841231756854657,0
1.5679200392508204,0.9009088760241706,0.8491410419312149,0.4595492800575779,1.6234129815947211,-1.177851894974348,0.6994306322113446,0.853056793629862,0.27981076272194366,-0.11162799739561437,1.582583123934258,0.9210157017922567,-1.0161329645585022,0
-0.634918112038349,-1.1099901739376037,1.5251962127575889,0.037576970861940735,-0.7423290972289317,-1.177851894974348,-1.359229812333827,-0.8828162337175963,-1.0226460914748605,-1.487681751125962,-0.4814607612315388,0.40512286080543575,-1.0161329645585022,0
-0.46546902347764374,0.9009088760241706,0.8491410419312149,-0.6540659652732436,-0.5733475201700994,0.9048055324001227,-0.5674373336626071,0.2744324511807092,-1.1300652134704734,0.23238544103697253,-0.7394662468772634,1.0599099282117854,0.9841231756854657,0
0.21232733076517762,-1.1099901739376037,0.8491410419312149,1.0263850620171215,0.2715603651240624,-1.177851894974348,4.024959042630468,-0.8828162337175963,-0.707102420612748,1.1497546101905376,0.29255569570563505,-0.03140185079879733,0.9841231756854657,0
0.890123685007999,-1.1099901739376037,0.8491410419312149,-0.27689662917596053,0.9474866733593919,0.9048055324001227,-1.340543509837186,1.4316811360790147,-0.2673553899432083,-1.3730106049817663,1.3245776382885335,-0.11076998018138517,-1.0161329645585022,0
0.0428782422044723,0.9009088760241706,-1.179024470547907,0.17579185297572128,-0.404365943111267,0.9048055324001227,-0.8841543251310949,-0.3041918912684436,0.6188523665205963,-1.143668312693375,-0.4814607612315388,-1.0631875327724392,0.9841231756854657,0
-0.8043672005990544,0.9009088760241706,0.8491410419312149,0.32431915716677545,-0.911310674287764,0.9048055324001227,0.38271364074285674,-1.461440576166749,-0.6466791644902159,-0.2262991435398101,-0.4814607612315388,-1.9560789883265524,0.9841231756854657,0
0.7206745964472937,-1.1099901739376037,-1.179024470547907,2.0095868593936923,1.1164682504182242,-1.177851894974348,1.0161476236798326,-1.461440576166749,-0.7272435059869256,-0.6849837281165926,0.5505611813513597,0.3654387961141419,0.9841231756854657,0
0.38177641932588297,0.9009088760241706,-0.502969299721533,0.022147818688133192,0.6095235192417271,-1.177851894974348,0.8577891279455886,0.853056793629862,0.4107278176540969,0.4617277333253637,0.8085666669970842,1.6154868338899002,0.9841231756854657,0
-0.46546902347764374,0.9009088760241706,-1.179024470547907,-0.2555611280635614,-0.911310674287764,0.9048055324001227,0.38271364074285674,-0.8828162337175963,0.6960598604549431,0.5763988794695595,-0.4814607612315388,0.9606997664835506,0.9841231756854657,0
-0.12657084635623306,0.9009088760241706,-0.502969299721533,-0.5376761479539379,-0.404365943111267,0.9048055324001227,-0.2507203421941191,0.2744324511807092,0.6255660616453219,0.3470565871811683,0.03455021005991044,-0.9838194033898514,-1.0161329645585022,0
0.0428782422044723,-1.1099901739376037,-0.502969299721533,-0.5636072307271129,0.10257878806523006,0.9048055324001227,-0.6060768066217626,0.2744324511807092,0.17239164072633087,-0.11162799739561437,0.5505611813513597,0.6432272489531993,-1.0161329645585022,0
-0.634918112038349,0.9009088760241706,-0.502969299721533,-0.33820263607332074,-0.5733475201700994,0.9048055324001227,-0.7652270948346778,-1.461440576166749,-0.25392799969375696,-0.6849837281165926,-0.4814607612315388,0.4844909901880236,0.9841231756854657,0
-0.12657084635623306,-1.1099901739376037,0.8491410419312149,-0.39257578953741423,0.4405419421828948,0.9048055324001227,0.06599664927436881,-0.8828162337175963,-0.04244660326489417,0.4617277333253637,0.8085666669970842,0.7424374106814341,0.9841231756854657,0
0.890123685007999,-1.1099901739376037,-0.502969299721533,-0.7584061990627486,0.7785050963005594,-1.177851894974348,-0.7257958293968509,0.2744324511807092,-0.11965409719924096,0.23238544103697253,0.03455021005991044,1.4567505751247247,-1.0161329645585022,0
1.5679200392508204,0.9009088760241706,-0.502969299721533,1.994884156554578,1.4544314045358888,0.9048055324001227,1.1019779283677928,-1.461440576166749,0.1488937077897905,-0.6849837281165926,1.582583123934258,0.06780831092943747,-1.0161329645585022,0
0.0428782422044723,-1.1099901739376037,1.5251962127575889,0.17095938566232813,-0.06640278899360229,-1.177851894974348,-0.3774071387815143,-1.461440576166749,1.2365123179953694,-0.6849837281165926,0.03455021005991044,1.0003838311748445,0.9841231756854657,0
-0.8043672005990544,-1.1099901739376037,0.8491410419312149,-0.7948865895658145,-0.911310674287764,0.9048055324001227,-0.7257958293968509,-1.461440576166749,-1.4355383416454968,0.3470565871811683,-0.7394662468772634,-0.36871640067479566,-1.0161329645585022,0
0.5512255078865883,0.9009088760241706,1.5251962127575889,-0.2619096635537053,0.2715603651240624,0.9048055324001227,-0.7257958293968509,-1.461440576166749,0.6557776897065886,-0.6849837281165926,0.8085666669970842,0.10749237562073138,-1.0161329645585022,0
0.0428782422044723,0.9009088760241706,-0.502969299721533,-0.10872360819451071,0.2715603651240624,0.9048055324001227,-0.804975077263973,-0.8828162337175963,0.7833378970763782,-0.9143260204049839,0.8085666669970842,1.0400678958661385,-1.0161329645585022,0
-0.8043672005990544,0.9009088760241706,-0.502969299721533,-0.5277585352976932,-0.911310674287764,0.9048055324001227,-0.4090788379283631,0.853056793629862,0.3738024944681046,0.1177142948927768,-0.4814607612315388,0.4249648931510827,0.9841231756854657,0
-0.46546902347764374,-1.1099901739376037,0.8491410419312149,0.6471627169304884,-0.7423290972289317,-1.177851894974348,-0.09236184645987515,0.853056793629862,0.10525468947907315,-0.7996548742607882,-0.4814607612315388,-1.6187644384505542,-1.0161329645585022,0
-0.8043672005990544,-1.1099901739376037,1.5251962127575889,-0.10532824717366258,-0.5733475201700994,0.9048055324001227,-0.09236184645987515,1.4316811360790147,-1.633592347824908,-0.2262991435398101,-0.7394662468772634,-0.5076106270943244,0.9841231756854657,0
-0.8043672005990544,-1.1099901739376037,-1.179024470547907,0.17463900946631702,-0.911310674287764,0.9048055324001227,-0.7257958293968509,1.4316811360790147,0.4107278176540969,-1.0289971665491795,-0.4814607612315388,-1.202081759191968,0.9841231756854657,0
-0.9738162891597597,0.9009088760241706,-1.179024470547907,-0.15516898848434488,-0.911310674287764,-1.177851894974348,-0.8841543251310949,-1.461440576166749,-1.0662851097855781,-0.9143260204049839,-0.7394662468772634,0.12733440796637835,0.9841231756854657,0
0.0428782422044723,-1.1099901739376037,-0.502969299721533,0.36476343425697105,0.10257878806523006,0.9048055324001227,-0.09410378991295183,-0.8828162337175963,-0.1901478960088621,-0.570312581972397,0.03455021005991044,-0.5472946917856183,0.9841231756854657,0
0.21232733076517762,-1.1099901739376037,-0.502969299721533,-0.4475490533214716,-0.06640278899360229,0.9048055324001227,-0.3298995900612411,1.4316811360790147,0.377159342030468,0.1177142948927768,0.8085666669970842,0.5043330225336705,-1.0161329645585022,0
-0.634918112038349,0.9009088760241706,0.8491410419312149,-0.4916887465924973,-0.911310674287764,0.9048055324001227,-0.3298995900612411,0.853056793629862,0.12875262241561353,0.1177142948927768,-0.4814607612315388,-0.8449251769703227,0.9841231756854657,0
1.0595727735687044,0.9009088760241706,1.5251962127575889,-0.0854772294843319,1.1164682504182242,-1.177851894974348,-1.3316754340760684,-0.8828162337175963,-0.1263677923239666,-1.3730106049817663,1.582583123934258,-1.0433455004267922,-1.0161329645585022,0
-0.9738162891597597,-1.1099901739376037,-1.179024470547907,-0.59230197944749,-0.911310674287764,0.21058638994196582,-0.8841543251310949,1.4316811360790147,-0.16329311550995887,-0.570312581972397,-0.7394662468772634,-3.126758896719723,0.9841231756854657,0
-0.2960199349169384,-1.1099901739376037,-1.179024470547907,-0.5625965186092791,-0.5733475201700994,-1.177851894974348,-0.5674373336626071,-1.461440576166749,-0.3915587497506358,0.003043148748581378,-0.4814607612315388,-0.4877685947486774,0.9841231756854657,0
1.398470950690115,-1.1099901739376037,-1.179024470547907,0.27231486022885504,1.4544314045358888,0.9048055324001227,0.7805101820272775,0.2744324511807092,0.13210946997797635,0.1177142948927768,2.098594095225707,-0.5076106270943244,-1.0161329645585022,0
0.38177641932588297,0.9009088760241706,1.5251962127575889,3.2003636579703927,0.2715603651240624,-1.177851894974348,2.126399037272617,-0.3041918912684436,-0.3613471216893698,-0.6849837281165926,0.03455021005991044,-1.2616078562289088,-1.0161329645585022,0
0.21232733076517762,0.9009088760241706,1.5251962127575889,0.4556327706009717,0.10257878806523006,-1.177851894974348,1.9662985980852963,-0.3041918912684436,-0.6601065547396678,0.6910700256137552,-0.22345527558581418,0.286070666731554,0.9841231756854657,0
-0.8043672005990544,0.9009088760241706,-1.179024470547907,-0.42754011186372937,-0.5733475201700994,0.9048055324001227,-0.2515121346727903,1.4316811360790147,-0.42177037781190185,0.1177142948927768,-0.4814607612315388,-2.5116558940046674,0.9841231756854657,0
1.5679200392508204,0.9009088760241706,-1.179024470547907,-0.3951657393393635,1.4544314045358888,0.9048055324001227,-0.5674373336626071,0.853056793629862,-0.27742593263029736,-0.34097028968400567,1.582583123934258,0.6233852166075523,0.9841231756854657,0
-0.634918112038349,-1.1099901739376037,0.8491410419312149,-0.5535001095487744,-0.7423290972289317,0.9048055324001227,0.20408525755462953,1.4316811360790147,-0.3076375606915634,1.1497546101905376,-0.4814607612315388,0.0479662785837905,-1.0161329645585022,0
-0.9738162891597597,0.9009088760241706,1.5251962127575889,-0.10962377367445648,-0.404365943111267,-1.177851894974348,-0.5674373336626071,1.4316811360790147,-0.059230841076708896,-0.6849837281165926,-0.997471732522988,0.801963507718375,0.9841231756854657,0
-0.634918112038349,0.9009088760241706,0.8491410419312149,0.13790594093379263,-0.7423290972289317,0.9048055324001227,0.06599664927436881,0.2744324511807092,-0.25057115213139414,-0.34097028968400567,-0.7394662468772634,-1.102871597463733,0.9841231756854657,0
-0.8043672005990544,0.9009088760241706,1.5251962127575889,-0.6832344852988551,-0.7423290972289317,0.9048055324001227,-0.2507203421941191,0.2744324511807092,0.19924642122523406,0.9204123179021463,-0.997471732522988,-0.20998014190961997,0.9841231756854657,0
-0.46546902347764374,0.9009088760241706,1.5251962127575889,0.11698104161926347,-0.911310674287764,-1.177851894974348,-1.1850354670261585,-0.3041918912684436,-1.1099241280962957,-1.3730106049817663,-0.7394662468772634,0.18686050500331922,0.9841231756854657,0
0.0428782422044723,-1.1099901739376037,-0.502969299721533,-0.22569774345693902,0.10257878806523006,-1.177851894974348,-0.07098344953575222,0.2744324511807092,-0.6164675364289499,0.003043148748581378,1.066572152642809,-0.8647672093159696,-1.0161329645585022,0
-0.2960199349169384,-1.1099901739376037,-0.502969299721533,-0.5090287763640845,0.2715603651240624,0.9048055324001227,0.06599664927436881,0.2744324511807092,-0.19686159113358773,0.8057411717579506,-0.7394662468772634,1.6154868338899002,0.9841231756854657,0
0.21232733076517762,0.9009088760241706,0.8491410419312149,-0.7926124873006883,0.2715603651240624,0.21058638994196582,0.06599664927436881,-0.3041918912684436,-1.7410114698205204,2.2964660716324943,0.29255569570563505,0.8614896047553159,0.9841231756854657,0
-0.46546902347764374,-1.1099901739376037,-1.179024470547907,-0.26366261738307345,-0.7423290972289317,-1.177851894974348,-0.18911888735349822,1.4316811360790147,0.5584291103980642,-0.11162799739561437,0.29255569570563505,-0.051243883144444294,0.9841231756854657,0
0.0428782422044723,-1.1099901739376037,1.5251962127575889,0.096024557551052,-0.06640278899360229,-1.177851894974348,-0.31675583491529885,0.2744324511807092,-1.4321814940831339,-0.570312581972397,0.5505611813513597,1.0003838311748445,0.9841231756854657,0
0.0428782422044723,-1.1099901739376037,0.8491410419312149,-0.2595881841580557,-0.404365943111267,-1.177851894974348,-0.7257958293968509,0.2744324511807092,0.9008275617590796,-0.6849837281165926,0.29255569570563505,0.028124246238143545,-1.0161329645585022,0
-0.46546902347764374,-1.1099901739376037,0.8491410419312149,-0.3633598923812792,-0.911310674287764,-1.177851894974348,0.5519988726827635,-1.461440576166749,0.1757484882886937,1.035083464046342,-0.7394662468772634,-0.190138109563973,0.9841231756854657,0
0.890123685007999,-1.1099901739376037,1.5251962127575889,-0.19913496561011784,0.7785050963005594,-1.177851894974348,-0.2507203421941191,0.853056793629862,0.02804719554472637,-0.2262991435398101,0.8085666669970842,1.694854963272488,-1.0161329645585022,0
-0.46546902347764374,0.9009088760241706,-1.179024470547907,-0.20392005579298753,-0.911310674287764,-1.177851894974348,0.8577891279455886,-0.8828162337175963,-0.20021843869595057,0.9204123179021463,-0.7394662468772634,0.9805417988291976,0.9841231756854657,0
0.7206745964472937,-1.1099901739376037,-0.502969299721533,1.4791998831835325,0.9474866733593919,-1.177851894974348,1.8079401023510524,-1.461440576166749,-0.14986572526050698,-0.2262991435398101,1.8405886095799828,1.238488219322608,-1.0161329645585022,0
-0.9738162891597597,-1.1099901739376037,0.8491410419312149,-0.7136506030949179,-0.404365943111267,-1.177851894974348,0.16845459601442464,-0.8828162337175963,-0.025662365453080038,1.952452633199907,-0.7394662468772634,-1.162397694500674,0.9841231756854657,0
-0.634918112038349,-1.1099901739376037,0.8491410419312149,-0.45416605921791514,-0.911310674287764,0.9048055324001227,0.06599664927436881,-0.8828162337175963,0.24624228709831483,0.6910700256137552,-0.997471732522988,0.0479662785837905,-1.0161329645585022,0
0.0428782422044723,0.9009088760241706,0.8491410419312149,-0.6555978258268355,-0.06640278899360229,-1.177851894974348,0.8577891279455886,-0.8828162337175963,-1.0058618536630461,2.869821802353472,0.03455021005991044,1.258330251668255,-1.0161329645585022,0
-0.2960199349169384,-1.1099901739376037,-1.179024470547907,-0.48210277384991673,-0.23538436605243465,0.9048055324001227,-0.4751143306495428,0.2744324511807092,-0.2673553899432083,-0.11162799739561437,0.29255569570563505,-0.09092794783573821,0.9841231756854657,0
0.0428782422044723,0.9009088760241706,1.5251962127575889,-0.199766660683764,-0.911310674287764,-1.177851894974348,-0.4882580857954851,-0.3041918912684436,-0.4318409204989903,-0.45564143582820127,0.29255569570563505,0.3455967637684949,-1.0161329645585022,0
-0.2960199349169384,0.9009088760241706,-0.502969299721533,-0.29313119256866693,-0.404365943111267,0.9048055324001227,0.06599664927436881,0.853056793629862,-1.234127487903723,0.23238544103697253,-0.7394662468772634,0.38528082845978884,-1.0161329645585022,0
0.5512255078865883,0.9009088760241706,-1.179024470547907,-0.10447545882424025,0.10257878806523006,-1.177851894974348,0.8577891279455886,-0.8828162337175963,0.1253957748532507,0.6910700256137552,0.29255569570563505,1.298014316359549,0.9841231756854657,0
0.0428782422044723,-1.1099901739376037,0.8491410419312149,-0.41558528259497574,-0.404365943111267,-1.177851894974348,0.19695912524658857,-0.3041918912684436,-0.8413763231072641,0.6910700256137552,-0.4814607612315388,-0.26950623894656084,0.9841231756854657,0
1.2290218621294098,0.9009088760241706,-1.179024470547907,0.1180707156213031,0.6095235192417271,-1.177851894974348,0.5448727403747226,-0.3041918912684436,-0.14315203013578132,0.1177142948927768,1.582583123934258,-0.9838194033898514,-1.0161329645585022,0
-0.9738162891597597,-1.1099901739376037,0.8491410419312149,-0.11437727910364387,-0.5733475201700994,-1.177851894974348,-0.4090788379283631,-1.461440576166749,-1.2979075915886182,-0.45564143582820127,-0.7394662468772634,-0.7655570475877348,0.9841231756854657,0
0.7206745964472937,0.9009088760241706,1.5251962127575889,0.16036270080191375,0.2715603651240624,0.9048055324001227,-0.23108388872307287,-0.8828162337175963,-0.76752567673528,-0.570312581972397,-0.22345527558581418,0.46464895784237664,-1.0161329645585022,0
0.5512255078865883,0.9009088760241706,-1.179024470547907,0.1741020686537178,0.10257878806523006,-1.177851894974348,-0.5525516350635881,-0.8828162337175963,-0.29421017044211145,-0.7996548742607882,0.5505611813513597,-0.011559818453150373,0.9841231756854657,0
0.0428782422044723,0.9009088760241706,1.5251962127575889,-0.8165379382150368,0.10257878806523006,0.9048055324001227,-1.042512820865339,-0.8828162337175963,-0.6097538413042243,-0.34097028968400567,-0.4814607612315388,-0.9044512740072636,-1.0161329645585022,0
-0.634918112038349,-1.1099901739376037,0.8491410419312149,-0.6727483470763288,-0.911310674287764,0.9048055324001227,-1.2008713165995828,0.2744324511807092,-1.1065672805339328,-1.0289971665491795,-0.4814607612315388,0.5837011519162584,0.9841231756854657,0
0.38177641932588297,-1.1099901739376037,-0.502969299721533,-0.29403135804861275,0.4405419421828948,-1.177851894974348,-0.8866880610628428,-1.461440576166749,-0.04916029838962042,-0.9143260204049839,0.8085666669970842,1.0797519605574324,-1.0161329645585022,0
-0.634918112038349,0.9009088760241706,-0.502969299721533,-0.5150930490710877,-0.911310674287764,0.9048055324001227,-1.1882026369408434,1.4316811360790147,-0.4553388534355307,-1.143668312693375,-0.7394662468772634,-0.7060309505507939,0.9841231756854657,0
-0.46546902347764374,0.9009088760241706,-1.179024470547907,-0.39755038824237776,-0.7423290972289317,0.9048055324001227,0.24019099458203716,0.853056793629862,0.7061304031420315,0.6910700256137552,-0.997471732522988,0.286070666731554,0.9841231756854657,0
0.5512255078865883,0.9009088760241706,1.5251962127575889,0.26866682117854845,-0.06640278899360229,0.9048055324001227,0.06599664927436881,1.4316811360790147,-0.492264176621523,-0.45564143582820127,0.8085666669970842,-1.2616078562289088,-1.0161329645585022,0
0.38177641932588297,-1.1099901739376037,0.8491410419312149,-0.7718297193777296,0.6095235192417271,0.9048055324001227,-0.4090788379283631,-1.461440576166749,-0.31770810337865185,1.035083464046342,1.066572152642809,-0.32903233598350173,-1.0161329645585022,0
0.21232733076517762,0.9009088760241706,0.8491410419312149,-0.6567822540899221,0.6095235192417271,-1.177851894974348,0.059503950949264806,-1.461440576166749,-0.7876667621094576,1.379096902478929,0.03455021005991044,-0.40840046536608954,0.9841231756854657,0
0.5512255078865883,0.9009088760241706,0.8491410419312149,-0.6790810901896316,-0.06640278899360229,0.9048055324001227,-0.3774071387815143,1.4316811360790147,1.5956950071681995,0.6910700256137552,0.29255569570563505,-0.17029607721832604,-1.0161329645585022,0
-0.2960199349169384,-1.1099901739376037,0.8491410419312149,0.6463415133347484,-0.06640278899360229,-1.177851894974348,0.38271364074285674,0.2744324511807092,-1.5933101770765532,-0.45564143582820127,-0.997471732522988,0.3455967637684949,0.9841231756854657,0
-0.46546902347764374,0.9009088760241706,-1.179024470547907,-0.11379296116052116,-0.5733475201700994,0.9048055324001227,0.06599664927436881,1.4316811360790147,-0.4687662436849826,0.003043148748581378,-0.7394662468772634,0.9606997664835506,-1.0161329645585022,0
-0.8043672005990544,0.9009088760241706,-0.502969299721533,-0.3113713878201999,-0.911310674287764,-1.177851894974348,-0.7257958293968509,-0.8828162337175963,-0.5627579754311435,-0.6849837281165926,-0.4814607612315388,-1.9957630530178463,0.9841231756854657,0
2.923512747736463,0.9009088760241706,-1.179024470547907,-0.10635475166833759,2.8062840210065474,0.9048055324001227,0.8577891279455886,-0.3041918912684436,0.3234497810326616,0.6910700256137552,1.8405886095799828,1.1194360252487263,0.9841231756854657,0
0.38177641932588297,0.9009088760241706,0.8491410419312149,-0.8443009367017856,0.4405419421828948,0.9048055324001227,-1.245053336909437,0.2744324511807092,0.5651428055227898,-0.7996548742607882,0.29255569570563505,-1.7973427295613766,0.9841231756854657,0
-0.46546902347764374,0.9009088760241706,-0.502969299721533,-0.3511839698367494,-0.911310674287764,0.9048055324001227,-0.7227870179779003,-1.461440576166749,0.1488937077897905,-0.570312581972397,-0.4814607612315388,0.0479662785837905,0.9841231756854657,0
-0.634918112038349,0.9009088760241706,-0.502969299721533,-0.30385421644381055,-0.911310674287764,-1.177851894974348,-0.09236184645987515,0.853056793629862,0.3503045615315648,0.1177142948927768,-0.4814607612315388,1.337698381050843,0.9841231756854657,0
-0.2960199349169384,0.9009088760241706,-0.502969299721533,0.1171073806339927,-0.23538436605243465,0.9048055324001227,-0.2507203421941191,-1.461440576166749,0.23281489684886292,-0.570312581972397,0.29255569570563505,0.3654387961141419,-1.0161329645585022,0
-0.2960199349169384,0.9009088760241706,-1.179024470547907,0.7409378506132613,-0.06640278899360229,-1.177851894974348,1.6495816066168083,1.4316811360790147,0.19588957366287124,0.23238544103697253,-0.22345527558581418,-0.011559818453150373,-1.0161329645585022,0
0.0428782422044723,0.9009088760241706,-0.502969299721533,-0.16758179668149198,0.10257878806523006,-1.177851894974348,0.42784581202711625,0.853056793629862,-0.9957913109759576,0.4617277333253637,0.5505611813513597,0.9210157017922567,0.9841231756854657,0
0.7206745964472937,0.9009088760241706,-1.179024470547907,0.34996597715680966,0.4405419421828948,0.9048055324001227,0.7584983511202177,0.2744324511807092,0.4174415127788225,0.003043148748581378,0.29255569570563505,-1.0235034680811452,0.9841231756854657,0
0.21232733076517762,-1.1099901739376037,0.8491410419312149,0.17421261529160587,0.2715603651240624,-1.177851894974348,-0.8778199853017252,-1.461440576166749,-0.7910236096718204,-1.143668312693375,0.29255569570563505,-0.9639773710442044,0.9841231756854657,0
1.0595727735687044,0.9009088760241706,1.5251962127575889,-0.5792416837998555,0.9474866733593919,0.9048055324001227,-0.7257958293968509,0.2744324511807092,-1.361687695273513,-0.2262991435398101,1.066572152642809,-0.13061201252703214,-1.0161329645585022,0
-0.8043672005990544,0.9009088760241706,-1.179024470547907,-0.39265475142162,-0.7423290972289317,0.9048055324001227,-1.323599150793622,-0.8828162337175963,0.6389934518947737,-1.3730106049817663,-0.4814607612315388,0.6233852166075523,-1.0161329645585022,0
1.0595727735687044,-1.1099901739376037,-1.179024470547907,1.3047730809729856,0.7785050963005594,-1.177851894974348,0.06599664927436881,1.4316811360790147,-1.2207000976542715,-0.9143260204049839,0.8085666669970842,-1.6187644384505542,0.9841231756854657,0
-0.46546902347764374,0.9009088760241706,-1.179024470547907,-0.48917775867475377,-0.404365943111267,0.9048055324001227,-0.7257958293968509,0.2744324511807092,0.6087818238335078,-0.45564143582820127,-0.7394662468772634,0.008282213892496587,-1.0161329645585022,0
0.38177641932588297,-1.1099901739376037,0.8491410419312149,-0.5200202706455277,0.10257878806523006,-1.177851894974348,-0.2507203421941191,-0.8828162337175963,1.585624464481111,0.3470565871811683,0.03455021005991044,-0.20998014190961997,-1.0161329645585022,0
-0.2960199349169384,0.9009088760241706,0.8491410419312149,-0.1585011799978284,-0.911310674287764,0.9048055324001227,-1.2051469959844074,0.2744324511807092,0.7430557263280237,-1.2583394588375707,-0.7394662468772634,-0.09092794783573821,0.9841231756854657,0
-0.634918112038349,-1.1099901739376037,0.8491410419312149,-0.208784107860063,-0.5733475201700994,-1.177851894974348,-1.2008713165995828,0.853056793629862,-1.0260029390372234,-1.2583394588375707,-0.7394662468772634,-0.32903233598350173,-1.0161329645585022,0
-0.8043672005990544,0.9009088760241706,0.8491410419312149,0.3030626179385821,-0.911310674287764,-1.177851894974348,0.21564542774322934,0.853056793629862,-0.12972463988633004,-0.34097028968400567,-0.7394662468772634,-0.051243883144444294,-1.0161329645585022,0
0.21232733076517762,-1.1099901739376037,-1.179024470547907,0.042362061044810426,-0.911310674287764,0.9048055324001227,1.6495816066168083,-0.8828162337175963,-0.87158795116853,1.1497546101905376,0.29255569570563505,-0.5472946917856183,-1.0161329645585022,0
-0.12657084635623306,-1.1099901739376037,1.5251962127575889,-0.12704276533024944,0.4405419421828948,-1.177851894974348,0.5410721364771007,-0.8828162337175963,-1.039430329286675,0.4617277333253637,0.03455021005991044,-2.075131182400434,0.9841231756854657,0
0.5512255078865883,-1.1099901739376037,-0.502969299721533,0.4586964917081556,0.4405419421828948,-1.177851894974348,-0.7574675285436998,-0.8828162337175963,-0.2975670180044749,-1.143668312693375,-0.22345527558581418,0.821805540064022,-1.0161329645585022,0
0.0428782422044723,0.9009088760241706,-1.179024470547907,-0.29368392575810737,-0.23538436605243465,0.9048055324001227,-1.1715749948887477,0.853056793629862,0.1488937077897905,-1.143668312693375,0.5505611813513597,0.6233852166075523,0.9841231756854657,0
0.7206745964472937,0.9009088760241706,0.8491410419312149,1.0252795956382406,0.2715603651240624,-1.177851894974348,-1.1962789202232897,-0.8828162337175963,0.001192415045823164,-1.487681751125962,1.066572152642809,0.5638591195706114,0.9841231756854657,0
0.0428782422044723,0.9009088760241706,-1.179024470547907,-0.8390894523442048,0.10257878806523006,0.9048055324001227,-0.8532744184629174,0.853056793629862,-1.173704231781191,0.23238544103697253,0.29255569570563505,-1.182239726846321,0.9841231756854657,0
-0.8043672005990544,0.9009088760241706,0.8491410419312149,-0.7049016263249186,-0.911310674287764,-1.177851894974348,0.14739291608177021,-1.461440576166749,0.3301634761573873,1.8377814870557112,-0.997471732522988,-0.07108591549009124,0.9841231756854657,0
-0.8043672005990544,-1.1099901739376037,-1.179024470547907,-0.2972530029242082,-0.911310674287764,0.9048055324001227,-0.2507203421941191,0.853056793629862,-0.12972463988633004,-0.11162799739561437,-0.4814607612315388,0.028124246238143545,-1.0161329645585022,0
-0.8043672005990544,0.9009088760241706,-1.179024470547907,-0.10807612074402338,-0.7423290972289317,0.9048055324001227,0.8577891279455886,-0.3041918912684436,0.8706159336978135,0.8057411717579506,-0.7394662468772634,-0.9242933063529105,0.9841231756854657,0
-0.634918112038349,0.9009088760241706,-0.502969299721533,-0.06998490780315973,-0.911310674287764,-1.177851894974348,-0.5234136718484872,0.2744324511807092,-0.11965409719924096,-0.6849837281165926,-0.997471732522988,-0.32903233598350173,0.9841231756854657,0
-0.8043672005990544,0.9009088760241706,-1.179024470547907,0.17452846282842896,-0.911310674287764,0.9048055324001227,-0.6307807319563046,0.853056793629862,-0.885015341417982,-0.9143260204049839,-0.7394662468772634,0.08765034327508442,-1.0161329645585022,0
0.890123685007999,0.9009088760241706,-0.502969299721533,-0.4226128902892893,0.7785050963005594,0.9048055324001227,-1.2895520742107596,0.2744324511807092,-0.22371637163249095,-1.2583394588375707,0.29255569570563505,-1.4798702120310254,-1.0161329645585022,0
-0.9738162891597597,0.9009088760241706,-1.179024470547907,-0.560432962982041,-0.911310674287764,-1.177851894974348,1.3973165229121578,1.4316811360790147,-0.8950858841050704,3.0991640946418633,-0.4814607612315388,0.3654387961141419,0.9841231756854657,0
-0.8043672005990544,0.9009088760241706,1.5251962127575889,-0.6260187040033539,-0.911310674287764,0.9048055324001227,-1.2008713165995828,-0.8828162337175963,0.4174415127788225,-1.0289971665491795,-0.7394662468772634,-0.6266628211682062,-1.0161329645585022,0
-0.634918112038349,0.9009088760241706,0.8491410419312149,-0.3324700032799818,-0.5733475201700994,-1.177851894974348,-1.0214511409326845,1.4316811360790147,-1.368401390398239,-1.0289971665491795,-0.7394662468772634,-1.7576586648700827,0.9841231756854657,0
1.2290218621294098,-1.1099901739376037,-1.179024470547907,-0.9278268178146496,1.2854498274770565,0.9048055324001227,-1.2686487527738393,1.4316811360790147,0.8941138666343539,-0.7996548742607882,0.03455021005991044,0.4844909901880236,0.9841231756854657,0
0.890123685007999,0.9009088760241706,-0.502969299721533,-0.3414400733257573,1.1164682504182242,0.9048055324001227,-0.2823920413409679,0.853056793629862,-0.3613471216893698,-0.11162799739561437,0.5505611813513597,0.32575473142284794,0.9841231756854657,0
0.21232733076517762,-1.1099901739376037,0.8491410419312149,-0.2509497540259444,0.2715603651240624,-1.177851894974348,-0.7257958293968509,-1.461440576166749,0.5953544335840558,-0.6849837281165926,0.5505611813513597,1.298014316359549,0.9841231756854657,0
0.21232733076517762,-1.1099901739376037,1.5251962127575889,1.5919258690756903,0.10257878806523006,0.9048055324001227,0.38271364074285674,-0.3041918912684436,-1.371758237960602,-0.7996548742607882,0.8085666669970842,1.6353288662355472,0.9841231756854657,0
-0.12657084635623306,0.9009088760241706,0.8491410419312149,-0.35192621154828363,-0.404365943111267,0.9048055324001227,-0.7083763948660842,-1.461440576166749,0.1354663175403392,-0.570312581972397,0.03455021005991044,0.0479662785837905,0.9841231756854657,0
-0.634918112038349,0.9009088760241706,1.5251962127575889,-0.16355474058699768,-0.7423290972289317,-1.177851894974348,-0.6352147698368634,0.2744324511807092,-0.2874964753173858,-0.6849837281165926,-0.7394662468772634,1.6353288662355472,-1.0161329645585022,0
0.21232733076517762,-1.1099901739376037,0.8491410419312149,-0.3013274361492259,0.10257878806523006,-1.177851894974348,0.06599664927436881,0.853056793629862,-1.197202164717731,0.23238544103697253,0.5505611813513597,0.6233852166075523,0.9841231756854657,0
1.0595727735687044,-1.1099901739376037,1.5251962127575889,1.257459119956888,0.9474866733593919,-1.177851894974348,0.31446112908139756,-0.3041918912684436,0.30330869565848406,-0.7996548742607882,0.29255569570563505,0.22654456969461315,0.9841231756854657,0
-0.8043672005990544,0.9009088760241706,0.8491410419312149,0.5554090074833832,-0.5733475201700994,0.9048055324001227,0.38271364074285674,0.853056793629862,-1.465749969706763,-0.45564143582820127,-0.7394662468772634,0.4249648931510827,0.9841231756854657,0
-0.46546902347764374,0.9009088760241706,-0.502969299721533,0.5667005569248084,-0.5733475201700994,0.9048055324001227,0.38271364074285674,0.853056793629862,-0.8682311036061672,-0.45564143582820127,-0.22345527558581418,-0.6465048535138531,-1.0161329645585022,0
-0.46546902347764374,0.9009088760241706,-1.179024470547907,2.546417125355043,-0.404365943111267,-1.177851894974348,2.2830155895537843,1.4316811360790147,0.3939435798422821,-0.45564143582820127,-0.4814607612315388,1.0995939929030794,-1.0161329645585022,0
-0.8043672005990544,-1.1099901739376037,-0.502969299721533,0.17422840766844702,-0.911310674287764,-1.177851894974348,0.8577891279455886,0.2744324511807092,0.790051592201104,0.23238544103697253,-0.4814607612315388,-0.36871640067479566,0.9841231756854657,0
0.890123685007999,-1.1099901739376037,-1.179024470547907,1.8809737423993336,0.7785050963005594,-1.177851894974348,0.38271364074285674,0.853056793629862,-1.133422061032836,-0.9143260204049839,0.29255569570563505,0.8813316371009629,0.9841231756854657,0
-0.8043672005990544,0.9009088760241706,0.8491410419312149,-0.2619886254379111,-0.7423290972289317,0.9048055324001227,-1.042512820865339,-1.461440576166749,-1.6805882136979884,-1.0289971665491795,-0.997471732522988,0.6035431842619053,0.9841231756854657,0
-0.9738162891597597,0.9009088760241706,0.8491410419312149,0.17549179781573937,-0.911310674287764,0.9048055324001227,0.06599664927436881,1.4316811360790147,-0.8078078474836352,-0.34097028968400567,-0.4814607612315388,-0.8250831446246757,0.9841231756854657,0
0.0428782422044723,0.9009088760241706,-1.179024470547907,-0.11112404947436613,-0.06640278899360229,-1.177851894974348,-0.5674373336626071,0.853056793629862,-0.002164432516539662,-0.6849837281165926,0.8085666669970842,-1.4005020826484376,0.9841231756854657,0
0.890123685007999,0.9009088760241706,-0.502969299721533,-0.48619299945177563,1.2854498274770565,-1.177851894974348,1.12351468378765,0.2744324511807092,-0.5023347193086114,2.2964660716324943,0.29255569570563505,0.46464895784237664,0.9841231756854657,0
-0.9738162891597597,-1.1099901739376037,-0.502969299721533,-0.8805602339290755,-0.911310674287764,0.21058638994196582,-1.1562142208025261,0.2744324511807092,-0.3009238655668377,-0.570312581972397,-0.7394662468772634,0.7027533459901402,0.9841231756854657,0
-0.46546902347764374,0.9009088760241706,-1.179024470547907,0.7396744604659691,-0.911310674287764,-1.177851894974348,-0.7257958293968509,0.853056793629862,1.3842136107393372,-1.143668312693375,-0.7394662468772634,-1.3806600503027906,0.9841231756854657,0
2.5846145706150523,0.9009088760241706,-1.179024470547907,0.4963297257206257,2.130357712771218,-1.177851894974348,0.8577891279455886,0.853056793629862,-0.39827244487536145,-0.11162799739561437,2.872610552162881,-1.4401861473397315,0.9841231756854657,0
0.890123685007999,0.9009088760241706,-0.502969299721533,-0.4501705878771032,1.2854498274770565,0.9048055324001227,0.38271364074285674,0.853056793629862,0.860545391010725,1.035083464046342,0.29255569570563505,0.6432272489531993,-1.0161329645585022,0
-0.2960199349169384,0.9009088760241706,0.8491410419312149,-0.6999112352431138,-0.404365943111267,0.9048055324001227,-0.8841543251310949,-0.8828162337175963,-1.6436628905119963,-0.34097028968400567,-0.4814607612315388,0.782121475372728,-1.0161329645585022,0
-0.634918112038349,0.9009088760241706,-0.502969299721533,-0.41598009201600455,-0.911310674287764,0.9048055324001227,0.1923667288702955,1.4316811360790147,-1.861857982065585,0.6910700256137552,-0.4814607612315388,0.821805540064022,-1.0161329645585022,0
-0.9738162891597597,0.9009088760241706,-0.502969299721533,-0.6813394000779167,-0.7423290972289317,0.9048055324001227,-0.5674373336626071,0.2744324511807092,-1.173704231781191,0.23238544103697253,-0.4814607612315388,-0.9242933063529105,0.9841231756854657,0
2.2457163934936415,0.9009088760241706,0.8491410419312149,-0.18444805514784454,2.130357712771218,-1.177851894974348,-0.5674373336626071,0.2744324511807092,0.001192415045823164,-0.570312581972397,1.582583123934258,-1.4997122443766724,0.9841231756854657,0
-0.8043672005990544,-1.1099901739376037,1.5251962127575889,-0.5827949685891152,-0.911310674287764,0.9048055324001227,-0.5674373336626071,0.2744324511807092,-1.1804179269059165,0.003043148748581378,-0.7394662468772634,0.5837011519162584,-1.0161329645585022,0
-0.9738162891597597,0.9009088760241706,-0.502969299721533,0.7392796510449402,-0.911310674287764,-1.177851894974348,1.511651356832282,-0.8828162337175963,0.3301634761573873,0.1177142948927768,-0.7394662468772634,0.782121475372728,0.9841231756854657,0
0.0428782422044723,-1.1099901739376037,1.5251962127575889,0.40105431623794313,0.4405419421828948,-1.177851894974348,-0.23250911518468106,-0.8828162337175963,-0.4452683107484422,-0.6849837281165926,1.066572152642809,0.5837011519162584,-1.0161329645585022,0
-0.9738162891597597,-1.1099901739376037,0.8491410419312149,-0.6136532729367302,-0.404365943111267,0.9048055324001227,-1.359229812333827,-1.461440576166749,-0.035732908140168516,-1.3730106049817663,-0.997471732522988,0.6829113136444932,0.9841231756854657,0
-0.12657084635623306,0.9009088760241706,-0.502969299721533,-0.38644834732304645,-0.23538436605243465,-1.177851894974348,-1.299687017937751,1.4316811360790147,-0.41169983512481334,-1.3730106049817663,0.8085666669970842,1.258330251668255,0.9841231756854657,0
-0.9738162891597597,0.9009088760241706,1.5251962127575889,-0.3082918743361749,-0.911310674287764,-1.177851894974348,-0.09236184645987515,0.853056793629862,1.119022653312668,0.1177142948927768,-0.4814607612315388,0.4844909901880236,-1.0161329645585022,0
1.398470950690115,0.9009088760241706,-0.502969299721533,3.4896642093234944,1.2854498274770565,-1.177851894974348,1.6495816066168083,-0.8828162337175963,-0.7910236096718204,-0.7996548742607882,2.6146050665171567,-0.7853990799333818,0.9841231756854657,0
-0.12657084635623306,0.9009088760241706,-1.179024470547907,0.8021175184958923,-0.23538436605243465,-1.177851894974348,0.06599664927436881,1.4316811360790147,-0.31770810337865185,-0.6849837281165926,-0.22345527558581418,-1.7775006972157297,0.9841231756854657,0
1.2290218621294098,0.9009088760241706,0.8491410419312149,-0.209400010556868,1.1164682504182242,0.9048055324001227,0.6994306322113446,-0.8828162337175963,0.17239164072633087,0.8057411717579506,1.8405886095799828,-0.15045404487267908,0.9841231756854657,0
0.21232733076517762,0.9009088760241706,-1.179024470547907,-0.6182804393511884,-0.404365943111267,0.9048055324001227,-0.7257958293968509,0.2744324511807092,-0.6802476401138448,-0.2262991435398101,0.8085666669970842,0.06780831092943747,-1.0161329645585022,0
-0.46546902347764374,-1.1099901739376037,-0.502969299721533,0.04103550139015348,-0.5733475201700994,-1.177851894974348,0.6356121584304444,0.2744324511807092,-0.33113549362810374,0.23238544103697253,-0.4814607612315388,0.3455967637684949,-1.0161329645585022,0
-0.46546902347764374,-1.1099901739376037,-1.179024470547907,-0.06273620683307002,-0.7423290972289317,0.9048055324001227,-0.36948921399480206,0.2744324511807092,-0.11965409719924096,-0.45564143582820127,-0.4814607612315388,-2.2140254088199627,-1.0161329645585022,0
1.7373691278115257,-1.1099901739376037,-0.502969299721533,-0.02968276210453451,1.2854498274770565,0.9048055324001227,0.06599664927436881,-1.461440576166749,0.3536614090939276,-0.11162799739561437,1.3245776382885335,1.8139071573463699,-1.0161329645585022,0
-0.46546902347764374,-1.1099901739376037,0.8491410419312149,0.55509315994656,-0.911310674287764,-1.177851894974348,-0.7257958293968509,0.853056793629862,-0.008878127641265313,-1.143668312693375,-0.4814607612315388,-0.13061201252703214,0.9841231756854657,0
-0.8043672005990544,0.9009088760241706,0.8491410419312149,-0.7353177441209813,-0.911310674287764,0.9048055324001227,-0.5674373336626071,-0.8828162337175963,-1.469106817269126,0.4617277333253637,-0.22345527558581418,0.4448069254967297,0.9841231756854657,0
-0.8043672005990544,0.9009088760241706,0.8491410419312149,-0.7560531349134166,-0.404365943111267,0.9048055324001227,-0.5674373336626071,-1.461440576166749,0.001192415045823164,0.5763988794695595,-0.4814607612315388,0.0479662785837905,-1.0161329645585022,0
-0.9738162891597597,0.9009088760241706,-0.502969299721533,-0.20526240782448563,-0.5733475201700994,0.9048055324001227,0.8577891279455886,0.853056793629862,0.6591345372689513,0.9204123179021463,-0.4814607612315388,-0.3488743683291487,0.9841231756854657,0
-0.9738162891597597,-1.1099901739376037,-0.502969299721533,-0.2998587451029986,-0.911310674287764,-1.177851894974348,0.06599664927436881,1.4316811360790147,0.36708879934337896,0.23238544103697253,-0.4814607612315388,-0.9044512740072636,0.9841231756854657,0
-0.46546902347764374,-1.1099901739376037,-0.502969299721533,0.264213370909343,-0.5733475201700994,-1.177851894974348,1.3328646151483206,0.853056793629862,-1.2039158598424569,0.5763988794695595,-0.997471732522988,-1.3608180179571436,0.9841231756854657,0
0.0428782422044723,0.9009088760241706,-1.179024470547907,2.3531342251961584,-0.7423290972289317,-1.177851894974348,1.9661402395895622,1.4316811360790147,-1.3751150855229646,-0.45564143582820127,1.066572152642809,0.5241750548793175,0.9841231756854657,0
-0.46546902347764374,-1.1099901739376037,1.5251962127575889,-0.01575388573063661,-0.7423290972289317,0.9048055324001227,0.5094004373302519,-0.8828162337175963,-0.7876667621094576,0.23238544103697253,-0.22345527558581418,0.3654387961141419,-1.0161329645585022,0
0.0428782422044723,0.9009088760241706,0.8491410419312149,-0.3210047376933039,-0.06640278899360229,0.9048055324001227,-0.8572333808562734,0.2744324511807092,-0.7037455730503852,-0.7996548742607882,0.29255569570563505,-0.20998014190961997,-1.0161329645585022,0
-0.46546902347764374,0.9009088760241706,1.5251962127575889,-0.6495493454966735,-0.404365943111267,0.9048055324001227,-1.294461187578521,-0.8828162337175963,0.1488937077897905,-1.143668312693375,-0.7394662468772634,-1.3409759856114967,0.9841231756854657,0
3.0929618362971683,-1.1099901739376037,-1.179024470547907,-0.11916236928651355,2.4683208668888827,-1.177851894974348,-1.121692068732461,-1.461440576166749,-1.0528577195361266,-1.2583394588375707,1.8405886095799828,0.7027533459901402,-1.0161329645585022,0
-0.8043672005990544,0.9009088760241706,0.8491410419312149,0.17227015294014392,-0.7423290972289317,0.9048055324001227,-0.5674373336626071,1.4316811360790147,-1.3952561708971423,-0.7996548742607882,-0.4814607612315388,-2.03544711770914,-1.0161329645585022,0
0.5512255078865883,0.9009088760241706,-0.502969299721533,-0.4973897946321539,0.6095235192417271,-1.177851894974348,-0.7257958293968509,1.4316811360790147,-1.3952561708971423,-0.45564143582820127,0.8085666669970842,0.6829113136444932,0.9841231756854657,0
0.38177641932588297,-1.1099901739376037,1.5251962127575889,-0.10758655706194761,0.4405419421828948,0.9048055324001227,0.38271364074285674,0.853056793629862,0.14218001266506483,0.23238544103697253,0.8085666669970842,1.0797519605574324,-1.0161329645585022,0
1.906818216372231,-1.1099901739376037,0.8491410419312149,-0.8143585902109576,1.2854498274770565,0.9048055324001227,-0.7172444706272019,0.2744324511807092,0.14553686022742765,0.4617277333253637,1.066572152642809,1.1194360252487263,0.9841231756854657,0
-0.8043672005990544,-1.1099901739376037,0.8491410419312149,-0.5633703450744957,-0.7423290972289317,-1.177851894974348,0.38271364074285674,0.2744324511807092,-1.099853585409207,1.4937680486231246,-0.4814607612315388,-0.4282424977117365,0.9841231756854657,0
0.7206745964472937,0.9009088760241706,-1.179024470547907,0.3780606155572228,0.4405419421828948,-1.177851894974348,-0.2507203421941191,0.853056793629862,-1.7477251649452463,-0.6849837281165926,0.03455021005991044,0.6233852166075523,0.9841231756854657,0
0.0428782422044723,-1.1099901739376037,0.8491410419312149,-0.45028113451499124,0.10257878806523006,0.9048055324001227,-0.5674373336626071,1.4316811360790147,-1.858501134503222,-0.2262991435398101,0.8085666669970842,1.0003838311748445,-1.0161329645585022,0
1.906818216372231,-1.1099901739376037,0.8491410419312149,0.1752707045399632,1.7923945586535535,0.9048055324001227,0.6994306322113446,-0.8828162337175963,-1.6705176710108995,0.1177142948927768,1.8405886095799828,0.6432272489531993,0.9841231756854657,0
1.0595727735687044,-1.1099901739376037,1.5251962127575889,0.64978425148612,1.1164682504182242,-1.177851894974348,0.8577891279455886,0.2744324511807092,-0.811164695045998,-0.2262991435398101,1.066572152642809,1.1988041546313142,0.9841231756854657,0
-0.8043672005990544,-1.1099901739376037,0.8491410419312149,-0.5691503549983581,-0.911310674287764,0.9048055324001227,-0.7257958293968509,0.853056793629862,0.7464125738903866,-0.34097028968400567,-0.4814607612315388,0.32575473142284794,-1.0161329645585022,0
-0.9738162891597597,0.9009088760241706,0.8491410419312149,0.17841338753135286,-0.404365943111267,-1.177851894974348,2.306927722409655,1.4316811360790147,0.23617174441122635,1.379096902478929,-0.4814607612315388,0.305912699077201,0.9841231756854657,0
-0.9738162891597597,0.9009088760241706,-0.502969299721533,-0.29668447735792663,-0.7423290972289317,0.9048055324001227,0.8577891279455886,0.853056793629862,-0.9420817499781512,1.2644257563347332,-0.7394662468772634,0.38528082845978884,0.9841231756854657,0
-0.8043672005990544,0.9009088760241706,-0.502969299721533,-0.197918952593349,-0.911310674287764,-1.177851894974348,-0.7257958293968509,-0.8828162337175963,-1.3348329147746099,-0.7996548742607882,-0.7394662468772634,-1.3409759856114967,0.9841231756854657,0
-0.46546902347764374,-1.1099901739376037,-0.502969299721533,0.15390361867388172,-0.5733475201700994,0.9048055324001227,-0.8060835867341127,1.4316811360790147,0.18581903097578276,-1.0289971665491795,-0.4814607612315388,-0.5671367241312653,0.9841231756854657,0
-0.634918112038349,0.9009088760241706,-1.179024470547907,2.34631191840078,-0.911310674287764,-1.177851894974348,-0.7257958293968509,-0.3041918912684436,-1.3012644391509811,-1.3730106049817663,-0.997471732522988,-1.3012919209202027,0.9841231756854657,0
-0.12657084635623306,-1.1099901739376037,-1.179024470547907,0.07655255690590902,0.2715603651240624,-1.177851894974348,1.0264409259025584,-0.8828162337175963,0.31673608590793534,0.5763988794695595,0.5505611813513597,-1.8370267942526706,0.9841231756854657,0
1.2290218621294098,0.9009088760241706,0.8491410419312149,0.7618943346814728,1.1164682504182242,-1.177851894974348,0.8577891279455886,-1.461440576166749,1.4580642571113207,-0.2262991435398101,0.5505611813513597,-0.6465048535138531,-1.0161329645585022,0
0.5512255078865883,0.9009088760241706,-0.502969299721533,-0.03383615721375804,-0.23538436605243465,0.9048055324001227,-1.021134423941216,-0.8828162337175963,-0.059230841076708896,-1.143668312693375,0.5505611813513597,-0.8449251769703227,0.9841231756854657,0
0.21232733076517762,-1.1099901739376037,0.8491410419312149,-0.5859534439573459,0.2715603651240624,0.9048055324001227,-0.4090788379283631,0.2744324511807092,-0.492264176621523,0.23238544103697253,0.03455021005991044,-0.03140185079879733,0.9841231756854657,0
1.2290218621294098,0.9009088760241706,-0.502969299721533,-0.7886643930903998,0.9474866733593919,0.9048055324001227,-1.2008713165995828,0.2744324511807092,-0.06930138376379737,-0.7996548742607882,0.8085666669970842,0.7424374106814341,-1.0161329645585022,0
-0.2960199349169384,-1.1099901739376037,-1.179024470547907,-0.4497599860792332,-0.5733475201700994,0.9048055324001227,0.5090837203387834,0.853056793629862,-0.14650887769814416,1.2644257563347332,-0.997471732522988,-2.3330776028938445,0.9841231756854657,0
-0.8043672005990544,0.9009088760241706,0.8491410419312149,-0.11123459611225421,-0.5733475201700994,-1.177851894974348,-0.5674373336626071,-0.8828162337175963,-0.49897787174624864,-0.6849837281165926,-0.997471732522988,-0.44808453005738347,0.9841231756854657,0
-0.46546902347764374,0.9009088760241706,1.5251962127575889,-0.5829213076038444,-0.23538436605243465,0.9048055324001227,-0.963333572998217,0.2744324511807092,-1.1300652134704734,-0.6849837281165926,-0.22345527558581418,0.9805417988291976,0.9841231756854657,0
1.0595727735687044,0.9009088760241706,-1.179024470547907,-0.6987741841105508,0.10257878806523006,0.9048055324001227,-0.5674373336626071,-0.8828162337175963,1.552055988857482,0.3470565871811683,1.066572152642809,1.0003838311748445,-1.0161329645585022,0
-0.2960199349169384,0.9009088760241706,-1.179024470547907,-0.17723093893143713,-0.5733475201700994,-1.177851894974348,-1.0388705754634513,-0.8828162337175963,0.09182729922962125,-1.143668312693375,0.03455021005991044,0.3654387961141419,0.9841231756854657,0
1.2290218621294098,0.9009088760241706,-0.502969299721533,-0.4877880295127322,0.7785050963005594,0.21058638994196582,-0.7257958293968509,0.853056793629862,-1.1166378232210217,-0.45564143582820127,1.066572152642809,0.9408577341379036,0.9841231756854657,0
0.0428782422044723,-1.1099901739376037,-1.179024470547907,0.27424153020347586,-0.06640278899360229,-1.177851894974348,1.9971785047534738,0.2744324511807092,-0.2673553899432083,1.035083464046342,0.8085666669970842,0.12733440796637835,0.9841231756854657,0
0.7206745964472937,0.9009088760241706,-0.502969299721533,-0.5215205464454373,0.6095235192417271,0.9048055324001227,0.018014025066892887,1.4316811360790147,-0.059230841076708896,0.8057411717579506,0.8085666669970842,0.5837011519162584,-1.0161329645585022,0
-0.9738162891597597,0.9009088760241706,-1.179024470547907,-0.7804523571329997,-0.7423290972289317,0.21058638994196582,0.06599664927436881,1.4316811360790147,0.001192415045823164,2.1817949254882985,-0.7394662468772634,0.028124246238143545,0.9841231756854657,0
0.38177641932588297,-1.1099901739376037,1.5251962127575889,-0.7918702455891541,0.2715603651240624,0.9048055324001227,-0.5674373336626071,0.853056793629862,-1.4523225794573114,0.6910700256137552,0.8085666669970842,1.337698381050843,0.9841231756854657,0
-0.46546902347764374,0.9009088760241706,1.5251962127575889,-0.11399826205945617,-0.404365943111267,-1.177851894974348,0.8577891279455886,1.4316811360790147,1.6225497876671027,0.8057411717579506,-0.22345527558581418,0.32575473142284794,-1.0161329645585022,0
-0.2960199349169384,-1.1099901739376037,0.8491410419312149,0.2697249104269058,-0.7423290972289317,-1.177851894974348,1.3328646151483206,0.853056793629862,-1.4623931221444,0.5763988794695595,-0.4814607612315388,-0.7060309505507939,0.9841231756854657,0
-0.9738162891597597,0.9009088760241706,1.5251962127575889,-0.447691184713042,-0.911310674287764,0.9048055324001227,-0.7257958293968509,0.2744324511807092,0.25966967734776614,-0.45564143582820127,-0.4814607612315388,1.298014316359549,0.9841231756854657,0
-0.634918112038349,-1.1099901739376037,-1.179024470547907,-0.013906177640221581,-0.23538436605243465,0.9048055324001227,-0.7257958293968509,-0.8828162337175963,-0.12301094476160378,-0.9143260204049839,-0.997471732522988,0.3455967637684949,0.9841231756854657,0
1.5679200392508204,-1.1099901739376037,-1.179024470547907,2.5661260116528037,1.9613761357123858,-1.177851894974348,0.6337118564816334,-1.461440576166749,-0.05587399351434607,-0.9143260204049839,2.098594095225707,0.46464895784237664,-1.0161329645585022,0
-0.12657084635623306,0.9009088760241706,1.5251962127575889,1.408955390994079,-0.06640278899360229,-1.177851894974348,0.5966559684798203,0.2744324511807092,0.8236200678247334,-0.6849837281165926,-0.4814607612315388,1.8535912220376638,-1.0161329645585022,0
-0.12657084635623306,0.9009088760241706,1.5251962127575889,-0.5261477128598955,0.2715603651240624,0.9048055324001227,-0.9915213852389123,0.853056793629862,-0.9521522926652397,-0.7996548742607882,-0.22345527558581418,0.46464895784237664,-1.0161329645585022,0
-0.12657084635623306,-1.1099901739376037,-1.179024470547907,-0.49565263317962693,-0.404365943111267,-1.177851894974348,-1.042512820865339,0.853056793629862,-0.5359031949322403,-0.9143260204049839,0.29255569570563505,-1.5989224061049072,0.9841231756854657,0
-0.2960199349169384,0.9009088760241706,0.8491410419312149,-0.2588301500696803,-0.911310674287764,0.9048055324001227,0.4066257735987276,0.853056793629862,0.03476089066945202,0.5763988794695595,-0.22345527558581418,-0.30919030363785477,-1.0161329645585022,0
-0.12657084635623306,0.9009088760241706,1.5251962127575889,-0.46201487050796874,-0.404365943111267,0.9048055324001227,-0.3639466666441035,0.2744324511807092,-0.5627579754311435,0.003043148748581378,-0.22345527558581418,-0.051243883144444294,0.9841231756854657,0
0.21232733076517762,-1.1099901739376037,-0.502969299721533,-0.4170697660180442,-0.404365943111267,0.9048055324001227,-0.2507203421941191,0.2744324511807092,1.646047720603643,0.1177142948927768,0.5505611813513597,0.3455967637684949,-1.0161329645585022,0
-0.12657084635623306,-1.1099901739376037,0.8491410419312149,-0.39821366806970626,-0.06640278899360229,0.9048055324001227,-1.1289765595362362,-0.8828162337175963,0.5382880250238866,-1.143668312693375,0.5505611813513597,-0.26950623894656084,-1.0161329645585022,0
0.7206745964472937,0.9009088760241706,-0.502969299721533,-0.3894488989228657,0.7785050963005594,0.9048055324001227,0.06599664927436881,1.4316811360790147,0.6087818238335078,0.4617277333253637,1.066572152642809,1.0797519605574324,-1.0161329645585022,0
0.890123685007999,-1.1099901739376037,-1.179024470547907,-0.7142980905454053,1.1164682504182242,0.9048055324001227,-0.8524826259842462,-0.8828162337175963,0.7162009458291205,-0.2262991435398101,0.5505611813513597,1.774223092655076,-1.0161329645585022,0
-0.8043672005990544,0.9009088760241706,0.8491410419312149,-0.5630229127839903,-0.911310674287764,0.9048055324001227,-0.5674373336626071,-0.8828162337175963,0.5584291103980642,0.003043148748581378,-0.4814607612315388,0.22654456969461315,0.9841231756854657,0
0.38177641932588297,-1.1099901739376037,-0.502969299721533,-0.44807020175722967,0.2715603651240624,0.9048055324001227,-0.8841543251310949,0.853056793629862,-0.43855461562371656,-0.6849837281165926,0.29255569570563505,0.9805417988291976,-1.0161329645585022,0
2.415165482054347,0.9009088760241706,0.17308587110484092,0.26928272387535346,2.130357712771218,0.9048055324001227,-0.5040939353689095,0.2744324511807092,0.20931696391232313,-0.7996548742607882,1.3245776382885335,1.4369085427790778,-1.0161329645585022,0
-0.12657084635623306,0.9009088760241706,-1.179024470547907,-0.5832529475175087,0.4405419421828948,0.9048055324001227,-0.4090788379283631,0.2744324511807092,0.041474585794178266,0.23238544103697253,-0.22345527558581418,-0.20998014190961997,0.9841231756854657,0
0.21232733076517762,-1.1099901739376037,1.5251962127575889,0.12149766139583354,0.4405419421828948,-1.177851894974348,2.2830155895537843,-1.461440576166749,-0.005521280078902488,1.4937680486231246,0.29255569570563505,0.5837011519162584,-1.0161329645585022,0
2.415165482054347,0.9009088760241706,0.8491410419312149,30.52736620488869,2.2993392898300504,-1.177851894974348,-0.07320046847603164,1.4316811360790147,0.24624228709831483,-1.6023528972701577,2.6146050665171567,0.6233852166075523,-1.0161329645585022,0
-0.12657084635623306,-1.1099901739376037,-0.502969299721533,-0.014680004105438132,-0.5733475201700994,-1.177851894974348,1.3328646151483206,-0.3041918912684436,-0.5896127559300467,1.035083464046342,-0.22345527558581418,-0.9242933063529105,-1.0161329645585022,0
0.0428782422044723,-1.1099901739376037,-1.179024470547907,-0.11000279071864419,0.2715603651240624,0.9048055324001227,1.1745061194140765,0.853056793629862,-0.6399654693654903,1.035083464046342,0.29255569570563505,0.26622863438590705,-1.0161329645585022,0
-0.634918112038349,-1.1099901739376037,1.5251962127575889,-0.011805791520348089,0.10257878806523006,0.9048055324001227,0.38271364074285674,-0.8828162337175963,-0.9790070731641428,0.1177142948927768,-0.7394662468772634,-1.0235034680811452,-1.0161329645585022,0
-0.634918112038349,0.9009088760241706,-1.179024470547907,-0.08056580028673298,-0.5733475201700994,-1.177851894974348,2.3226052134873454,-0.8828162337175963,1.4681347997984098,2.0671237793441026,-0.22345527558581418,-0.24966420660091387,0.9841231756854657,0
-0.8043672005990544,0.9009088760241706,-1.179024470547907,-0.444311616069035,-0.5733475201700994,0.9048055324001227,-0.4882580857954851,1.4316811360790147,-0.45869570099789353,-0.11162799739561437,-0.7394662468772634,-1.12271362980938,0.9841231756854657,0
-0.46546902347764374,0.9009088760241706,0.8491410419312149,-0.14657793548275705,-0.404365943111267,0.9048055324001227,1.2536853672811985,-0.8828162337175963,0.8135495251376443,1.2644257563347332,-0.4814607612315388,-0.11076998018138517,0.9841231756854657,0
-0.634918112038349,-1.1099901739376037,0.8491410419312149,-0.012453278970835405,-0.404365943111267,-1.177851894974348,-0.7257958293968509,-0.8828162337175963,-0.035732908140168516,-0.9143260204049839,-0.7394662468772634,-0.32903233598350173,0.9841231756854657,0
0.7206745964472937,-1.1099901739376037,-1.179024470547907,-0.561459467476716,0.2715603651240624,0.9048055324001227,-1.0391872924549197,-0.8828162337175963,-0.7775962194223691,-0.7996548742607882,0.29255569570563505,-1.0036614357354983,0.9841231756854657,0
-0.634918112038349,-1.1099901739376037,0.8491410419312149,-0.013637707233921962,-0.23538436605243465,0.9048055324001227,0.6994306322113446,1.4316811360790147,-0.7406708962363768,0.4617277333253637,-0.7394662468772634,-0.9838194033898514,0.9841231756854657,0
-0.12657084635623306,-1.1099901739376037,-0.502969299721533,-0.5851954098689706,-0.23538436605243465,0.9048055324001227,-0.804975077263973,0.853056793629862,-0.9588659877899653,-0.34097028968400567,0.29255569570563505,0.821805540064022,-1.0161329645585022,0
0.21232733076517762,0.9009088760241706,-1.179024470547907,-0.5784836497114801,-0.23538436605243465,0.9048055324001227,-0.8841543251310949,1.4316811360790147,-0.7843099145470948,-0.570312581972397,0.03455021005991044,-0.6663468858595001,0.9841231756854657,0
1.398470950690115,-1.1099901739376037,-1.179024470547907,-0.29519999393485813,1.2854498274770565,0.9048055324001227,-0.3774071387815143,1.4316811360790147,0.5852838908969674,-0.2262991435398101,1.582583123934258,0.4844909901880236,0.9841231756854657,0
-0.12657084635623306,0.9009088760241706,-0.502969299721533,1.020178657918548,0.2715603651240624,-1.177851894974348,1.0161476236798326,-1.461440576166749,0.32009293347029877,-0.34097028968400567,0.5505611813513597,1.0599099282117854,-1.0161329645585022,0
-0.12657084635623306,0.9009088760241706,0.8491410419312149,-0.6735695506720688,-0.404365943111267,-1.177851894974348,0.38271364074285674,-0.8828162337175963,0.04818828091890392,2.0671237793441026,-0.4814607612315388,0.008282213892496587,0.9841231756854657,0
-0.8043672005990544,0.9009088760241706,-1.179024470547907,-0.5667657060953438,-0.911310674287764,-1.177851894974348,0.38271364074285674,0.2744324511807092,1.3942841534264256,1.4937680486231246,-0.7394662468772634,0.12733440796637835,-1.0161329645585022,0
0.21232733076517762,-1.1099901739376037,-0.502969299721533,-0.01030551572043845,0.7785050963005594,-1.177851894974348,-0.2507203421941191,-0.8828162337175963,-1.371758237960602,-0.45564143582820127,-0.22345527558581418,1.337698381050843,0.9841231756854657,0
-0.12657084635623306,0.9009088760241706,-0.502969299721533,-0.6343728713523245,-0.7423290972289317,0.9048055324001227,-0.7257958293968509,0.2744324511807092,-0.05587399351434607,-0.11162799739561437,0.03455021005991044,1.1194360252487263,-1.0161329645585022,0
1.0595727735687044,0.9009088760241706,-1.179024470547907,0.4554748468325601,0.9474866733593919,-1.177851894974348,2.3156374396750383,0.2744324511807092,-0.07601507888852362,0.9204123179021463,0.29255569570563505,1.0003838311748445,-1.0161329645585022,0
-0.46546902347764374,0.9009088760241706,-1.179024470547907,-0.8654311369152499,-0.5733475201700994,-1.177851894974348,-0.9474977234247925,-0.8828162337175963,0.2294580492865001,0.003043148748581378,-0.4814607612315388,0.16701847265767225,-1.0161329645585022,0
0.7206745964472937,0.9009088760241706,1.5251962127575889,-0.45895114940078485,0.4405419421828948,0.9048055324001227,-0.09236184645987515,0.2744324511807092,-1.1065672805339328,0.4617277333253637,0.5505611813513597,0.26622863438590705,-1.0161329645585022,0
-0.12657084635623306,-1.1099901739376037,-0.502969299721533,-0.3543108604512979,0.10257878806523006,0.9048055324001227,-0.7257958293968509,0.2744324511807092,-0.21700267650776528,-0.570312581972397,0.29255569570563505,-1.8767108589439645,0.9841231756854657,0
2.923512747736463,-1.1099901739376037,0.8491410419312149,-0.04939164840229481,2.9752655980653797,0.9048055324001227,0.06599664927436881,0.2744324511807092,-0.23043006675721658,-0.11162799739561437,1.3245776382885335,1.238488219322608,0.9841231756854657,0
-0.634918112038349,-1.1099901739376037,-1.179024470547907,0.5525505872751343,-0.404365943111267,-1.177851894974348,4.024959042630468,-0.8828162337175963,-1.0427871768490378,1.8377814870557112,-0.7394662468772634,0.3654387961141419,0.9841231756854657,0
-0.634918112038349,0.9009088760241706,-1.179024470547907,-0.055629637254550675,-0.5733475201700994,0.9048055324001227,-0.0990129032807134,0.2744324511807092,0.20260326878759688,-0.2262991435398101,-0.22345527558581418,0.3654387961141419,0.9841231756854657,0
0.21232733076517762,0.9009088760241706,0.8491410419312149,-0.06881627191691433,0.10257878806523006,-1.177851894974348,-0.7574675285436998,-0.8828162337175963,-0.39491559731299863,-0.9143260204049839,0.5505611813513597,-1.2616078562289088,0.9841231756854657,0
-0.2960199349169384,0.9009088760241706,0.8491410419312149,0.4793529206163851,-0.404365943111267,-1.177851894974348,0.8577891279455886,0.2744324511807092,-0.8615174084814415,0.003043148748581378,-0.4814607612315388,-1.6386064707962011,0.9841231756854657,0
-0.2960199349169384,0.9009088760241706,0.8491410419312149,-0.03407304286637535,-0.7423290972289317,0.9048055324001227,-0.7539836416375464,-0.3041918912684436,0.31673608590793534,-0.9143260204049839,0.03455021005991044,-0.32903233598350173,-1.0161329645585022,0
-0.2960199349169384,-1.1099901739376037,0.8491410419312149,-0.5612699589546222,-0.5733475201700994,0.9048055324001227,-0.9474977234247925,-0.8828162337175963,-0.4083429875624505,-0.6849837281165926,0.8085666669970842,-0.44808453005738347,0.9841231756854657,0
-0.8043672005990544,-1.1099901739376037,-0.502969299721533,1.8809263652688102,-0.5733475201700994,0.9048055324001227,0.025456874366402354,0.853056793629862,-1.0797125000350298,-1.0289971665491795,-0.4814607612315388,0.5837011519162584,0.9841231756854657,0
-0.12657084635623306,0.9009088760241706,-0.502969299721533,-0.6133374253999072,-0.23538436605243465,0.9048055324001227,-1.0079906687952738,1.4316811360790147,1.357358830240434,-0.6849837281165926,-0.4814607612315388,-1.2417658238832618,-1.0161329645585022,0
-0.2960199349169384,-1.1099901739376037,-0.502969299721533,-0.05690881977868415,0.10257878806523006,-1.177851894974348,-0.817327039931244,-1.461440576166749,-0.4049861400000871,-0.9143260204049839,-0.4814607612315388,0.46464895784237664,-1.0161329645585022,0
0.21232733076517762,0.9009088760241706,-0.502969299721533,-0.3947551375414935,-0.06640278899360229,0.9048055324001227,0.06599664927436881,0.2744324511807092,-0.1532225728228698,0.4617277333253637,0.29255569570563505,0.7225953783357871,0.9841231756854657,0
-0.634918112038349,0.9009088760241706,0.8491410419312149,-0.1819212748532599,-0.404365943111267,0.9048055324001227,0.06599664927436881,0.2744324511807092,-0.613110688866587,0.1177142948927768,-0.7394662468772634,1.1988041546313142,-1.0161329645585022,0
-0.8043672005990544,-1.1099901739376037,0.8491410419312149,-0.3384553141027792,-0.7423290972289317,0.9048055324001227,-1.0741845200121878,1.4316811360790147,0.4543668359648142,-1.0289971665491795,-0.7394662468772634,-1.6187644384505542,0.9841231756854657,0
-0.8043672005990544,0.9009088760241706,0.8491410419312149,-0.4092999166121964,-0.911310674287764,0.9048055324001227,-1.0371286320103745,0.2744324511807092,-0.6869613352385705,-0.9143260204049839,-0.4814607612315388,1.0400678958661385,0.9841231756854657,0
0.38177641932588297,0.9009088760241706,1.5251962127575889,-0.30571771691106675,0.7785050963005594,-1.177851894974348,-0.8841543251310949,-1.461440576166749,0.2563128297854033,-0.7996548742607882,0.29255569570563505,0.7424374106814341,0.9841231756854657,0
-0.2960199349169384,-1.1099901739376037,0.8491410419312149,-0.6952682764518145,-0.23538436605243465,0.9048055324001227,-0.7257958293968509,0.2744324511807092,0.964607665443975,0.003043148748581378,-0.22345527558581418,-0.11076998018138517,0.9841231756854657,0
-0.2960199349169384,-1.1099901739376037,0.8491410419312149,0.5568303213990871,-0.404365943111267,-1.177851894974348,0.8577891279455886,1.4316811360790147,-0.012234975203628139,-0.11162799739561437,-0.4814607612315388,-0.051243883144444294,0.9841231756854657,0
-0.9738162891597597,0.9009088760241706,0.8491410419312149,0.06859319897796735,-0.7423290972289317,-1.177851894974348,0.8577891279455886,-0.8828162337175963,-0.8212352377330865,0.4617277333253637,-0.7394662468772634,-2.1743413441286688,0.9841231756854657,0
-0.634918112038349,0.9009088760241706,-0.502969299721533,0.6469574160315534,-0.911310674287764,-1.177851894974348,1.1854328556197393,0.853056793629862,-1.1569199939693766,0.003043148748581378,-0.4814607612315388,-0.26950623894656084,0.9841231756854657,0
-0.2960199349169384,0.9009088760241706,-0.502969299721533,0.23335506656172791,0.10257878806523006,0.9048055324001227,-0.3774071387815143,1.4316811360790147,-1.4724636648314886,-0.6849837281165926,-0.4814607612315388,1.0202258635204915,0.9841231756854657,0
1.906818216372231,-1.1099901739376037,0.8491410419312149,-0.6744539237751734,1.4544314045358888,0.21058638994196582,-0.7257958293968509,1.4316811360790147,0.6054249762711449,-0.11162799739561437,1.8405886095799828,1.1392780575943733,-1.0161329645585022,0
-0.46546902347764374,-1.1099901739376037,0.8491410419312149,-0.3343808808777614,-0.23538436605243465,-1.177851894974348,0.13092363252540884,-0.8828162337175963,-1.1804179269059165,0.4617277333253637,-0.4814607612315388,-1.9163949236352584,0.9841231756854657,0
-0.8043672005990544,0.9009088760241706,-0.502969299721533,-0.4721061993094662,-0.911310674287764,0.9048055324001227,-0.2841339847940446,0.2744324511807092,-0.5795422132429582,0.23238544103697253,-0.7394662468772634,0.16701847265767225,0.9841231756854657,0
-0.2960199349169384,0.9009088760241706,0.8491410419312149,0.17421261529160587,-0.5733475201700994,0.9048055324001227,-0.8841543251310949,0.853056793629862,0.5517154152733386,-1.143668312693375,-0.997471732522988,-0.2893482712922078,0.9841231756854657,0
-0.634918112038349,0.9009088760241706,1.5251962127575889,-0.10725491714828338,-0.911310674287764,0.9048055324001227,0.38271364074285674,-0.8828162337175963,-0.15657942038523323,0.23238544103697253,-0.7394662468772634,-0.7060309505507939,0.9841231756854657,0
0.21232733076517762,0.9009088760241706,1.5251962127575889,-0.5642705105544414,0.7785050963005594,-1.177851894974348,-0.5674373336626071,-0.3041918912684436,1.380856763176974,0.003043148748581378,0.29255569570563505,1.5162766721616654,0.9841231756854657,0
0.890123685007999,0.9009088760241706,-0.502969299721533,-0.7327593790727144,0.6095235192417271,0.9048055324001227,-1.2800505644667048,-0.8828162337175963,0.13210946997797635,-1.143668312693375,0.8085666669970842,0.14717644031202531,0.9841231756854657,0
-0.9738162891597597,-1.1099901739376037,-0.502969299721533,-0.4846295541445014,-0.911310674287764,0.9048055324001227,0.06599664927436881,-0.8828162337175963,0.001192415045823164,0.6910700256137552,-0.997471732522988,0.9408577341379036,0.9841231756854657,0
0.890123685007999,-1.1099901739376037,-0.502969299721533,-0.2793918247168629,0.10257878806523006,0.9048055324001227,-0.5674373336626071,0.2744324511807092,-1.5093889880174807,-0.45564143582820127,0.5505611813513597,-0.4877685947486774,0.9841231756854657,0
0.38177641932588297,-1.1099901739376037,-0.502969299721533,-0.219854564025712,0.7785050963005594,-1.177851894974348,-0.7257958293968509,0.2744324511807092,-1.0662851097855781,-0.6849837281165926,-0.22345527558581418,0.10749237562073138,0.9841231756854657,0
0.38177641932588297,0.9009088760241706,1.5251962127575889,2.9220703932755754,0.7785050963005594,-1.177851894974348,-0.14097790465028806,-1.461440576166749,-0.1532225728228698,-1.2583394588375707,0.03455021005991044,0.22654456969461315,-1.0161329645585022,0
-0.46546902347764374,0.9009088760241706,1.5251962127575889,0.2371136522499226,-0.911310674287764,-1.177851894974348,1.011238510312071,1.4316811360790147,0.24288543953595199,0.3470565871811683,-0.4814607612315388,0.3654387961141419,0.9841231756854657,0
0.890123685007999,-1.1099901739376037,1.5251962127575889,0.5907839316075684,1.4544314045358888,0.9048055324001227,2.4413740852880284,1.4316811360790147,1.706470976726175,0.8057411717579506,0.03455021005991044,0.8813316371009629,0.9841231756854657,0
0.21232733076517762,-1.1099901739376037,-0.502969299721533,-0.5989505700976158,0.10257878806523006,0.9048055324001227,-0.2507203421941191,-1.461440576166749,0.5450017201486129,0.5763988794695595,0.5505611813513597,0.801963507718375,0.9841231756854657,0
-0.46546902347764374,-1.1099901739376037,-1.179024470547907,-0.4508812448349551,-0.23538436605243465,0.9048055324001227,0.06599664927436881,0.853056793629862,0.9209686471332571,0.5763988794695595,-0.7394662468772634,1.317856348705196,-1.0161329645585022,0
1.2290218621294098,0.9009088760241706,1.5251962127575889,-0.5263372213819894,0.9474866733593919,0.9048055324001227,0.06599664927436881,0.2744324511807092,-0.676890792551482,0.8057411717579506,0.29255569570563505,-1.6187644384505542,0.9841231756854657,0
0.38177641932588297,0.9009088760241706,-1.179024470547907,0.0784160573731652,0.4405419421828948,-1.177851894974348,-0.6402822417003593,0.2744324511807092,-1.2576254208402633,-0.7996548742607882,0.8085666669970842,-0.2893482712922078,0.9841231756854657,0
-0.9738162891597597,0.9009088760241706,-0.502969299721533,-0.8706426212728307,-0.911310674287764,0.9048055324001227,-1.121692068732461,-0.8828162337175963,0.5416448725862495,-0.45564143582820127,-0.7394662468772634,-0.22982217425526694,0.9841231756854657,0
-0.8043672005990544,0.9009088760241706,1.5251962127575889,0.04335698078580313,-0.911310674287764,-1.177851894974348,0.06599664927436881,0.853056793629862,-0.284139627755023,-0.2262991435398101,-0.7394662468772634,1.0400678958661385,-1.0161329645585022,0
0.0428782422044723,-1.1099901739376037,-1.179024470547907,-0.011963715288759629,-0.06640278899360229,0.9048055324001227,0.38271364074285674,0.853056793629862,0.43758259815300005,0.1177142948927768,0.5505611813513597,0.801963507718375,0.9841231756854657,0
-0.634918112038349,0.9009088760241706,-0.502969299721533,-0.29548425671799894,-0.911310674287764,0.9048055324001227,-0.6307807319563046,-0.8828162337175963,0.02804719554472637,-0.570312581972397,-0.4814607612315388,-0.46792656240303043,0.9841231756854657,0
-0.46546902347764374,0.9009088760241706,-1.179024470547907,0.07667889592063824,-0.7423290972289317,-1.177851894974348,2.4413740852880284,0.853056793629862,-0.6601065547396678,1.7231103409115156,-0.7394662468772634,-0.9639773710442044,0.9841231756854657,0
0.890123685007999,-1.1099901739376037,0.8491410419312149,-0.2800077274136679,1.1164682504182242,0.9048055324001227,-0.49332555765898084,-0.8828162337175963,-0.46205254856025635,-0.45564143582820127,0.5505611813513597,0.26622863438590705,0.9841231756854657,0
-0.8043672005990544,-1.1099901739376037,1.5251962127575889,0.11633355416877615,-0.911310674287764,0.9048055324001227,0.06599664927436881,-0.8828162337175963,1.6561182632907314,-0.34097028968400567,-0.7394662468772634,0.32575473142284794,-1.0161329645585022,0
0.21232733076517762,-1.1099901739376037,-0.502969299721533,-0.7715770413482711,0.6095235192417271,0.9048055324001227,-1.042512820865339,0.853056793629862,0.726271488516209,-0.45564143582820127,0.8085666669970842,0.7225953783357871,0.9841231756854657,0
1.398470950690115,0.9009088760241706,1.5251962127575889,-0.8103157417396221,1.1164682504182242,-1.177851894974348,-0.3197646463342495,0.2744324511807092,-0.965579682914691,1.379096902478929,2.098594095225707,1.4567505751247247,-1.0161329645585022,0
2.0762673049329363,-1.1099901739376037,0.8491410419312149,-0.3384711064796203,2.4683208668888827,0.9048055324001227,-0.5674373336626071,0.2744324511807092,0.01797665285763789,-0.45564143582820127,2.6146050665171567,0.6432272489531993,-1.0161329645585022,0
-0.634918112038349,-1.1099901739376037,0.8491410419312149,-0.4896199452263061,-0.5733475201700994,0.9048055324001227,0.06599664927436881,-0.8828162337175963,-0.9689365304770544,0.6910700256137552,-0.7394662468772634,-0.7060309505507939,0.9841231756854657,0
-0.634918112038349,-1.1099901739376037,-1.179024470547907,-0.4331937827728625,-0.911310674287764,0.9048055324001227,-0.7257958293968509,0.2744324511807092,-1.2374843354660858,-0.45564143582820127,-0.7394662468772634,0.9210157017922567,0.9841231756854657,0
-0.9738162891597597,-1.1099901739376037,1.5251962127575889,-0.8081048089818605,-0.911310674287764,0.21058638994196582,-0.4090788379283631,-0.8828162337175963,-0.2707122375055717,1.1497546101905376,-0.4814607612315388,-0.22982217425526694,0.9841231756854657,0
-0.46546902347764374,-1.1099901739376037,-1.179024470547907,-0.590864873154945,-0.23538436605243465,-1.177851894974348,-0.8841543251310949,-0.8828162337175963,0.021333500420000717,-0.570312581972397,-0.22345527558581418,0.08765034327508442,0.9841231756854657,0
0.5512255078865883,0.9009088760241706,-0.502969299721533,-0.010526608996214607,0.2715603651240624,0.9048055324001227,-0.5674373336626071,-0.8828162337175963,0.2865244578466693,-0.6849837281165926,1.3245776382885335,0.305912699077201,-1.0161329645585022,0
-0.46546902347764374,0.9009088760241706,-0.502969299721533,0.17212802154857354,-0.06640278899360229,-1.177851894974348,-0.476539557111151,-1.461440576166749,-0.1263677923239666,-0.7996548742607882,-0.7394662468772634,1.1988041546313142,0.9841231756854657,0
-0.12657084635623306,0.9009088760241706,-0.502969299721533,0.4166098074264799,-0.404365943111267,0.9048055324001227,-0.06860807209973856,-1.461440576166749,-1.469106817269126,-0.570312581972397,0.29255569570563505,-0.7457150152420878,-1.0161329645585022,0
-0.8043672005990544,0.9009088760241706,-1.179024470547907,-0.019165039128325893,-0.5733475201700994,0.9048055324001227,-0.9474977234247925,-0.8828162337175963,-0.7238866584245627,-1.0289971665491795,-0.7394662468772634,-1.7179746001787888,0.9841231756854657,0
1.0595727735687044,0.9009088760241706,0.8491410419312149,-0.3033646527617348,1.1164682504182242,0.9048055324001227,0.06599664927436881,0.853056793629862,-0.3479197314399179,0.23238544103697253,0.29255569570563505,0.4249648931510827,0.9841231756854657,0
-0.634918112038349,-1.1099901739376037,-1.179024470547907,0.30898475925401486,-0.911310674287764,0.9048055324001227,-0.7257958293968509,1.4316811360790147,1.9011681353432237,-1.0289971665491795,-0.4814607612315388,0.26622863438590705,0.9841231756854657,0
-0.8043672005990544,0.9009088760241706,-0.502969299721533,0.3044207623469213,-0.911310674287764,-1.177851894974348,0.22435514500861276,-0.8828162337175963,0.001192415045823164,-0.34097028968400567,-0.7394662468772634,1.317856348705196,-1.0161329645585022,0
0.5512255078865883,0.9009088760241706,-1.179024470547907,-0.46834761362127153,0.2715603651240624,0.9048055324001227,-1.0855863317050534,1.4316811360790147,0.24959913466067765,-1.0289971665491795,0.8085666669970842,0.32575473142284794,-1.0161329645585022,0
-0.46546902347764374,0.9009088760241706,-1.179024470547907,-0.19714512612813243,-0.7423290972289317,-1.177851894974348,-1.042512820865339,1.4316811360790147,0.04483143335654109,-1.143668312693375,0.29255569570563505,-0.44808453005738347,0.9841231756854657,0
-0.46546902347764374,0.9009088760241706,-0.502969299721533,-0.32154167850590315,-0.5733475201700994,0.9048055324001227,0.6994306322113446,-0.8828162337175963,0.3133792383455725,1.1497546101905376,0.03455021005991044,0.32575473142284794,0.9841231756854657,0
0.5512255078865883,-1.1099901739376037,1.5251962127575889,-0.5988242310828866,0.4405419421828948,0.9048055324001227,-0.7257958293968509,-1.461440576166749,-1.5161026831422064,-0.2262991435398101,0.5505611813513597,0.8614896047553159,0.9841231756854657,0
-0.634918112038349,0.9009088760241706,-0.502969299721533,1.792046868406795,-0.404365943111267,0.9048055324001227,1.6495816066168083,0.853056793629862,1.2297986228706437,-0.45564143582820127,-0.4814607612315388,1.35754041339649,-1.0161329645585022,0
-0.12657084635623306,0.9009088760241706,-0.502969299721533,-0.009594858762586516,0.2715603651240624,0.9048055324001227,-0.8841543251310949,0.853056793629862,-1.2945507440262551,-1.0289971665491795,-0.22345527558581418,-1.7576586648700827,0.9841231756854657,0
1.5679200392508204,-1.1099901739376037,-1.179024470547907,-0.013116558798163877,0.9474866733593919,-1.177851894974348,-0.4090788379283631,-1.461440576166749,-0.21700267650776528,-0.570312581972397,2.098594095225707,-2.8092863791893716,0.9841231756854657,0
0.38177641932588297,0.9009088760241706,0.8491410419312149,-0.01297442740659349,0.2715603651240624,-1.177851894974348,-1.2008713165995828,0.2744324511807092,-1.133422061032836,-1.2583394588375707,0.29255569570563505,1.0797519605574324,0.9841231756854657,0
1.398470950690115,0.9009088760241706,0.8491410419312149,-0.09376822732593779,0.9474866733593919,-1.177851894974348,0.06599664927436881,-1.461440576166749,-0.25392799969375696,0.003043148748581378,1.8405886095799828,-1.3806600503027906,0.9841231756854657,0
1.398470950690115,0.9009088760241706,0.8491410419312149,-0.9064123548180447,1.1164682504182242,0.9048055324001227,-1.274983092603209,-1.461440576166749,0.7027735555796687,-0.7996548742607882,1.8405886095799828,-0.9242933063529105,0.9841231756854657,0
0.38177641932588297,-1.1099901739376037,-0.502969299721533,0.15568815725693214,0.2715603651240624,0.9048055324001227,-0.7257958293968509,0.2744324511807092,-0.09615616426270057,-0.9143260204049839,0.8085666669970842,0.7225953783357871,-1.0161329645585022,0
-0.46546902347764374,0.9009088760241706,-0.502969299721533,-0.393270654118425,-0.5733475201700994,0.9048055324001227,-0.7257958293968509,0.853056793629862,0.3234497810326616,-0.570312581972397,-0.7394662468772634,1.0400678958661385,-1.0161329645585022,0
-0.2960199349169384,-1.1099901739376037,-0.502969299721533,0.0024389323903728963,0.2715603651240624,-1.177851894974348,0.38271364074285674,1.4316811360790147,0.32009293347029877,0.1177142948927768,-0.997471732522988,-1.12271362980938,0.9841231756854657,0
-0.634918112038349,0.9009088760241706,1.5251962127575889,-0.6094840854506656,-0.404365943111267,0.9048055324001227,-1.1592230322214767,0.853056793629862,-0.284139627755023,-1.0289971665491795,-0.7394662468772634,1.0003838311748445,-1.0161329645585022,0
0.5512255078865883,-1.1099901739376037,-0.502969299721533,-0.0843085935980865,0.2715603651240624,0.9048055324001227,-0.5674373336626071,-0.3041918912684436,-1.1636336890941021,-0.6849837281165926,0.8085666669970842,-0.2893482712922078,0.9841231756854657,0
-0.634918112038349,-1.1099901739376037,-0.502969299721533,-0.2682424066670081,-0.911310674287764,0.9048055324001227,0.06599664927436881,-0.8828162337175963,-0.13308148744869286,0.23238544103697253,-0.4814607612315388,0.9011736694466097,0.9841231756854657,0
0.7206745964472937,-1.1099901739376037,0.8491410419312149,-0.6759541995750831,0.9474866733593919,0.9048055324001227,-1.266590092329294,-1.461440576166749,-0.04916029838962042,-1.143668312693375,0.8085666669970842,-1.5592383414136133,0.9841231756854657,0
-0.634918112038349,0.9009088760241706,-0.502969299721533,-0.6408161611035152,-0.7423290972289317,0.9048055324001227,-1.207522373420421,0.2744324511807092,-0.6231812315536756,-1.0289971665491795,-0.997471732522988,0.06780831092943747,0.9841231756854657,0
-0.46546902347764374,0.9009088760241706,-1.179024470547907,0.1164914779371877,-0.7423290972289317,0.21058638994196582,1.0161476236798326,1.4316811360790147,-0.24721430456903132,0.4617277333253637,-0.4814607612315388,-0.5869787564769122,0.9841231756854657,0
1.0595727735687044,0.9009088760241706,-0.502969299721533,0.18965755984225457,1.1164682504182242,0.9048055324001227,-0.7419483959617439,-0.3041918912684436,-1.469106817269126,-1.0289971665491795,1.066572152642809,0.16701847265767225,0.9841231756854657,0
0.38177641932588297,0.9009088760241706,-0.502969299721533,0.36470026474960643,-0.06640278899360229,-1.177851894974348,0.4835880025255701,0.853056793629862,-0.6836044876762076,-0.2262991435398101,0.29255569570563505,-1.7775006972157297,0.9841231756854657,0
-0.2960199349169384,0.9009088760241706,0.8491410419312149,-0.660872479691781,-0.23538436605243465,-1.177851894974348,-0.8524826259842462,-0.8828162337175963,0.2898813054090322,-0.34097028968400567,-0.22345527558581418,-0.5274526594399713,0.9841231756854657,0
1.5679200392508204,-1.1099901739376037,0.8491410419312149,0.12067645780009353,1.2854498274770565,0.9048055324001227,0.06599664927436881,-0.3041918912684436,-0.492264176621523,-0.34097028968400567,0.8085666669970842,-0.5274526594399713,0.9841231756854657,0
-0.12657084635623306,-1.1099901739376037,-0.502969299721533,0.16906430044138965,-0.23538436605243465,-1.177851894974348,1.9662985980852963,-0.3041918912684436,-0.13308148744869286,1.1497546101905376,0.29255569570563505,1.1392780575943733,0.9841231756854657,0
-0.12657084635623306,-1.1099901739376037,0.17308587110484092,-0.7676763242685061,-0.7423290972289317,0.9048055324001227,-0.7257958293968509,-0.8828162337175963,-1.2173432500919086,0.23238544103697253,0.29255569570563505,0.6829113136444932,0.9841231756854657,0
1.0595727735687044,-1.1099901739376037,0.8491410419312149,0.45743310156086325,0.9474866733593919,-1.177851894974348,2.4413740852880284,0.853056793629862,1.1156658057503053,1.035083464046342,1.066572152642809,-0.09092794783573821,-1.0161329645585022,0
0.7206745964472937,-1.1099901739376037,-1.179024470547907,1.598653421610022,0.6095235192417271,-1.177851894974348,-0.5674373336626071,0.853056793629862,-1.1132809756586586,-1.2583394588375707,1.066572152642809,-0.22982217425526694,-1.0161329645585022,0
-0.634918112038349,0.9009088760241706,-0.502969299721533,-0.6743117923836031,-0.911310674287764,0.9048055324001227,-1.042512820865339,0.2744324511807092,-1.5966670246389159,-0.6849837281165926,-0.7394662468772634,-0.190138109563973,0.9841231756854657,0
0.21232733076517762,-1.1099901739376037,-1.179024470547907,-0.46782646518551346,0.2715603651240624,0.9048055324001227,0.38271364074285674,0.853056793629862,-0.3076375606915634,1.1497546101905376,0.29255569570563505,1.2186461869769611,0.9841231756854657,0
-0.8043672005990544,0.9009088760241706,-1.179024470547907,-0.3937444254236596,-0.911310674287764,0.9048055324001227,-0.09236184645987515,-0.8828162337175963,-0.22035952407012813,0.23238544103697253,-0.7394662468772634,0.26622863438590705,0.9841231756854657,0
-0.12657084635623306,-1.1099901739376037,1.5251962127575889,-0.7024380155376986,0.2715603651240624,0.9048055324001227,-1.1410118052120386,0.853056793629862,-1.5328869209540208,-0.7996548742607882,0.5505611813513597,0.7622794430270811,0.9841231756854657,0
1.2290218621294098,0.9009088760241706,0.8491410419312149,0.36662693472422725,1.1164682504182242,-1.177851894974348,-1.3334173775291451,-0.8828162337175963,-0.6802476401138448,-1.487681751125962,1.3245776382885335,-1.102871597463733,0.9841231756854657,0
-0.12657084635623306,-1.1099901739376037,-1.179024470547907,-0.011332020215113465,-0.404365943111267,-1.177851894974348,-1.042512820865339,0.853056793629862,2.253637129391327,-1.143668312693375,-0.22345527558581418,0.6829113136444932,-1.0161329645585022,0
0.7206745964472937,-1.1099901739376037,-0.502969299721533,-0.29750568095366664,0.7785050963005594,0.9048055324001227,-0.8841543251310949,-1.461440576166749,0.2831676102843065,-0.7996548742607882,0.5505611813513597,0.16701847265767225,0.9841231756854657,0
-0.46546902347764374,-1.1099901739376037,0.8491410419312149,0.4587280764618379,-0.7423290972289317,0.9048055324001227,-0.4090788379283631,0.2744324511807092,0.4174415127788225,-0.9143260204049839,-0.7394662468772634,-0.4877685947486774,0.9841231756854657,0
-0.634918112038349,0.9009088760241706,0.8491410419312149,-0.3906964966933169,-0.7423290972289317,-1.177851894974348,-0.8749695323785088,-1.461440576166749,-1.6839450612603513,-0.7996548742607882,-0.7394662468772634,0.14717644031202531,-1.0161329645585022,0
0.7206745964472937,-1.1099901739376037,0.8491410419312149,-0.3906491195627934,0.9474866733593919,0.9048055324001227,-0.7257958293968509,-1.461440576166749,-0.6265380791160384,-0.570312581972397,0.5505611813513597,1.0202258635204915,0.9841231756854657,0
0.7206745964472937,0.9009088760241706,-1.179024470547907,-0.30677580615942407,1.2854498274770565,-1.177851894974348,0.06599664927436881,1.4316811360790147,-0.7977373047965461,0.3470565871811683,1.3245776382885335,-0.5869787564769122,0.9841231756854657,0
2.0762673049329363,-1.1099901739376037,-1.179024470547907,-0.2434167902727139,2.130357712771218,-1.177851894974348,-1.0383954999762486,0.2744324511807092,0.138823165102702,-1.0289971665491795,2.872610552162881,0.7225953783357871,-1.0161329645585022,0
2.415165482054347,-1.1099901739376037,-1.179024470547907,-0.1916809637410931,2.4683208668888827,-1.177851894974348,-1.2008713165995828,-1.461440576166749,0.1757484882886937,-1.2583394588375707,2.356599580871432,0.6233852166075523,0.9841231756854657,0
-0.46546902347764374,-1.1099901739376037,0.8491410419312149,-0.634736096019671,-0.7423290972289317,-1.177851894974348,-0.9463892139546528,0.2744324511807092,-0.33449234119046656,-0.570312581972397,-0.4814607612315388,1.0003838311748445,0.9841231756854657,0
2.5846145706150523,0.9009088760241706,-1.179024470547907,0.021879348281833574,1.6234129815947211,-1.177851894974348,0.06599664927436881,0.2744324511807092,0.14553686022742765,-0.2262991435398101,2.356599580871432,0.6829113136444932,0.9841231756854657,0
-0.634918112038349,0.9009088760241706,-0.502969299721533,-0.794523364898468,-0.7423290972289317,0.9048055324001227,-0.7257958293968509,-0.8828162337175963,-1.1569199939693766,0.3470565871811683,-0.997471732522988,0.782121475372728,0.9841231756854657,0
0.38177641932588297,-1.1099901739376037,-0.502969299721533,-0.30248027965863017,0.10257878806523006,0.9048055324001227,-0.6307807319563046,0.2744324511807092,0.3469477139692014,-0.570312581972397,0.03455021005991044,0.7027533459901402,0.9841231756854657,0
-0.2960199349169384,0.9009088760241706,0.8491410419312149,-0.34028722981635307,-0.404365943111267,-1.177851894974348,-1.007515593308071,1.4316811360790147,-1.274409658652078,-0.9143260204049839,-0.22345527558581418,-0.11076998018138517,0.9841231756854657,0
-0.2960199349169384,0.9009088760241706,-0.502969299721533,-0.36020141701304836,-0.404365943111267,0.9048055324001227,-1.2849596778344665,0.2744324511807092,-0.7742393718600064,-1.2583394588375707,0.03455021005991044,0.5638591195706114,-1.0161329645585022,0
1.7373691278115257,-1.1099901739376037,0.8491410419312149,-0.8524655955286623,1.9613761357123858,0.9048055324001227,-1.042512820865339,-1.461440576166749,0.830333762949459,-0.2262991435398101,2.872610552162881,-0.13061201252703214,0.9841231756854657,0
-0.9738162891597597,-1.1099901739376037,0.8491410419312149,-0.39650809137086157,-0.911310674287764,0.9048055324001227,-1.042512820865339,1.4316811360790147,0.001192415045823164,-1.0289971665491795,-0.4814607612315388,-1.0631875327724392,-1.0161329645585022,0
-0.46546902347764374,-1.1099901739376037,-1.179024470547907,-0.1448407740302301,-0.911310674287764,0.9048055324001227,1.230565026903999,-0.8828162337175963,0.5819270433346045,1.2644257563347332,-0.4814607612315388,-0.03140185079879733,0.9841231756854657,0
-0.2960199349169384,-1.1099901739376037,-0.502969299721533,-0.6683264815608057,-0.404365943111267,-1.177851894974348,-0.5224635208740818,1.4316811360790147,-0.04916029838962042,0.3470565871811683,0.03455021005991044,0.4844909901880236,-1.0161329645585022,0
-0.8043672005990544,-1.1099901739376037,-1.179024470547907,-0.30014300788613935,-0.23538436605243465,-1.177851894974348,1.9662985980852963,0.2744324511807092,-0.5023347193086114,2.525808363920885,-0.7394662468772634,-1.7179746001787888,0.9841231756854657,0
-0.8043672005990544,-1.1099901739376037,1.5251962127575889,-0.18849090361918,-0.911310674287764,0.9048055324001227,-0.6496253929486796,-0.8828162337175963,-0.4553388534355307,-0.6849837281165926,-0.7394662468772634,-0.11076998018138517,0.9841231756854657,0
-0.2960199349169384,-1.1099901739376037,0.8491410419312149,0.056496238317643326,-0.23538436605243465,-1.177851894974348,-0.7574675285436998,0.2744324511807092,-0.035732908140168516,-0.9143260204049839,0.03455021005991044,-0.6266628211682062,0.9841231756854657,0
0.21232733076517762,0.9009088760241706,-1.179024470547907,-0.7458670518508722,-0.5733475201700994,0.9048055324001227,-0.7257958293968509,-0.8828162337175963,-1.2274137927789974,0.1177142948927768,0.03455021005991044,0.3654387961141419,-1.0161329645585022,0
-0.46546902347764374,-1.1099901739376037,0.8491410419312149,-0.2622570958442107,-0.5733475201700994,0.9048055324001227,-1.1299267105106416,-1.461440576166749,-0.5560442803064178,-1.143668312693375,-0.4814607612315388,0.9606997664835506,0.9841231756854657,0
-0.46546902347764374,-1.1099901739376037,0.8491410419312149,-0.29711087153263777,-0.404365943111267,0.9048055324001227,-0.17154109432699713,-0.3041918912684436,1.437923171737143,0.003043148748581378,-0.4814607612315388,-1.7179746001787888,0.9841231756854657,0
-0.12657084635623306,0.9009088760241706,1.5251962127575889,0.8379346291716298,-0.06640278899360229,-1.177851894974348,-0.5674373336626071,-1.461440576166749,0.12875262241561353,-1.0289971665491795,0.03455021005991044,0.5440170872249644,0.9841231756854657,0
-0.46546902347764374,-1.1099901739376037,-0.502969299721533,2.8845319135241523,-0.7423290972289317,-1.177851894974348,2.4413740852880284,-0.8828162337175963,0.9176117995708943,-0.45564143582820127,-0.997471732522988,1.1988041546313142,-1.0161329645585022,0
-0.634918112038349,0.9009088760241706,1.5251962127575889,-0.35879589547418567,-0.911310674287764,0.9048055324001227,-1.2925608856297102,0.2744324511807092,0.18917587853814558,-1.3730106049817663,-0.4814607612315388,-1.7378166325244357,0.9841231756854657,0
-0.8043672005990544,-1.1099901739376037,-1.179024470547907,-0.5294483196196966,-0.404365943111267,0.9048055324001227,-0.804975077263973,-0.8828162337175963,-1.029359786599586,-0.45564143582820127,-0.7394662468772634,-0.7655570475877348,-1.0161329645585022,0
-0.634918112038349,-1.1099901739376037,-1.179024470547907,-0.5638283240028891,-0.911310674287764,-1.177851894974348,-0.7574675285436998,1.4316811360790147,-0.29421017044211145,-0.34097028968400567,-0.7394662468772634,-0.190138109563973,0.9841231756854657,0
-0.8043672005990544,0.9009088760241706,-0.502969299721533,2.070734942522641,-0.911310674287764,0.9048055324001227,1.3328646151483206,-0.8828162337175963,-0.008878127641265313,-0.570312581972397,-0.7394662468772634,-0.15045404487267908,-1.0161329645585022,0
-0.12657084635623306,0.9009088760241706,-0.502969299721533,-0.9027011462603735,-0.06640278899360229,0.9048055324001227,-1.0935042564917654,0.853056793629862,-0.3512765790022807,-0.2262991435398101,-0.22345527558581418,0.9805417988291976,-1.0161329645585022,0
-0.46546902347764374,-1.1099901739376037,-1.179024470547907,1.2577117979863466,-0.404365943111267,-1.177851894974348,0.06599664927436881,-0.3041918912684436,0.34359086640683856,-0.9143260204049839,-0.7394662468772634,-1.7973427295613766,0.9841231756854657,0
-0.634918112038349,0.9009088760241706,0.8491410419312149,-0.033172877386429565,-0.7423290972289317,0.9048055324001227,-0.8841543251310949,1.4316811360790147,-0.8178783901707236,-1.0289971665491795,-0.7394662468772634,-0.26950623894656084,-1.0161329645585022,0
0.890123685007999,0.9009088760241706,-1.179024470547907,1.0460307788075172,1.1164682504182242,-1.177851894974348,0.8894608270924373,0.2744324511807092,0.8739727812601764,-0.45564143582820127,0.03455021005991044,0.2463866020402601,0.9841231756854657,0
-0.46546902347764374,-1.1099901739376037,0.8491410419312149,-0.29341545535180774,-0.911310674287764,0.9048055324001227,0.06599664927436881,-0.3041918912684436,1.1693753667481117,0.23238544103697253,-0.4814607612315388,-2.114815247091728,0.9841231756854657,0
-0.2960199349169384,0.9009088760241706,-0.502969299721533,0.45639080468934706,-0.5733475201700994,0.9048055324001227,1.0161476236798326,-0.8828162337175963,-0.9790070731641428,0.1177142948927768,0.5505611813513597,-0.6266628211682062,-1.0161329645585022,0
-0.46546902347764374,0.9009088760241706,0.8491410419312149,-0.22705588786527828,-0.5733475201700994,-1.177851894974348,1.0161476236798326,0.853056793629862,0.3133792383455725,1.1497546101905376,-0.4814607612315388,-0.051243883144444294,0.9841231756854657,0
-0.9738162891597597,-1.1099901739376037,-0.502969299721533,-0.7132084165433656,-0.911310674287764,0.21058638994196582,-1.359229812333827,0.2744324511807092,0.6524208421442251,-1.2583394588375707,-0.4814607612315388,0.2463866020402601,0.9841231756854657,0
-0.2960199349169384,-1.1099901739376037,1.5251962127575889,1.1095793032163213,-0.7423290972289317,-1.177851894974348,0.06599664927436881,1.4316811360790147,0.35701825665629044,-0.7996548742607882,-0.22345527558581418,-0.8250831446246757,0.9841231756854657,0
-0.46546902347764374,-1.1099901739376037,-1.179024470547907,-0.7918070760817895,-0.404365943111267,0.21058638994196582,-0.4090788379283631,-0.8828162337175963,-0.31435125581628903,1.1497546101905376,-0.7394662468772634,0.6233852166075523,-1.0161329645585022,0
-0.46546902347764374,0.9009088760241706,0.8491410419312149,-0.8176749893475999,-0.911310674287764,0.9048055324001227,-0.5674373336626071,-0.8828162337175963,0.3503045615315648,0.8057411717579506,-0.7394662468772634,-1.5393963090679663,0.9841231756854657,0
0.0428782422044723,0.9009088760241706,-0.502969299721533,0.08002687981096292,-0.404365943111267,0.21058638994196582,-0.9505065348437431,-1.461440576166749,0.739698878765661,-1.143668312693375,1.066572152642809,0.3455967637684949,-1.0161329645585022,0
0.5512255078865883,-1.1099901739376037,1.5251962127575889,-0.599582265171262,0.9474866733593919,0.9048055324001227,-1.2800505644667048,-0.8828162337175963,-0.04244660326489417,-1.143668312693375,0.03455021005991044,0.801963507718375,0.9841231756854657,0
0.38177641932588297,0.9009088760241706,-0.502969299721533,-0.3337649781809564,0.4405419421828948,0.9048055324001227,-0.3774071387815143,-0.8828162337175963,-0.17672050575941017,-0.2262991435398101,0.5505611813513597,-1.7775006972157297,0.9841231756854657,0
-0.2960199349169384,-1.1099901739376037,-1.179024470547907,-0.1649286773721781,-0.5733475201700994,-1.177851894974348,-1.2330180912336344,-1.461440576166749,0.7799810495140155,-1.2583394588375707,-0.4814607612315388,-0.5472946917856183,0.9841231756854657,0
0.21232733076517762,-1.1099901739376037,0.8491410419312149,1.3065102424255126,0.6095235192417271,-1.177851894974348,0.1722551999120465,1.4316811360790147,0.001192415045823164,-0.7996548742607882,0.29255569570563505,0.9606997664835506,0.9841231756854657,0
-0.634918112038349,-1.1099901739376037,-1.179024470547907,0.4137198024645487,-0.7423290972289317,-1.177851894974348,0.06599664927436881,0.2744324511807092,0.19924642122523406,-0.570312581972397,-0.7394662468772634,-2.0552891500547874,0.9841231756854657,0
-0.8043672005990544,-1.1099901739376037,1.5251962127575889,1.0274115665117964,-0.911310674287764,-1.177851894974348,-0.5674373336626071,0.2744324511807092,0.5181469396497097,-1.143668312693375,-0.4814607612315388,0.801963507718375,-1.0161329645585022,0
-0.2960199349169384,0.9009088760241706,-0.502969299721533,1.1210603611798402,-0.911310674287764,-1.177851894974348,1.6495816066168083,-1.461440576166749,0.2193875065994116,-0.11162799739561437,-0.22345527558581418,0.5440170872249644,0.9841231756854657,0
0.0428782422044723,-1.1099901739376037,-0.502969299721533,-0.20175650016574942,-0.23538436605243465,0.9048055324001227,-1.01084112171849,-1.461440576166749,-0.3680608168140954,-1.0289971665491795,-0.22345527558581418,0.3455967637684949,0.9841231756854657,0
1.0595727735687044,-1.1099901739376037,-0.502969299721533,-0.5194675374560873,1.1164682504182242,0.9048055324001227,-0.9590578936133923,-1.461440576166749,0.5550722628357013,-0.6849837281165926,1.582583123934258,0.9210157017922567,0.9841231756854657,0
2.2457163934936415,-1.1099901739376037,-1.179024470547907,-0.5442615690966992,1.6234129815947211,0.9048055324001227,-0.5674373336626071,0.2744324511807092,0.665848232393677,-0.11162799739561437,1.3245776382885335,-1.8171847619070236,0.9841231756854657,0
0.7206745964472937,-1.1099901739376037,-0.502969299721533,0.8858644928845324,0.4405419421828948,-1.177851894974348,-0.5674373336626071,-1.461440576166749,-1.8383600491290444,-1.143668312693375,1.066572152642809,0.7225953783357871,0.9841231756854657,0
0.21232733076517762,0.9009088760241706,0.8491410419312149,0.11650727031402885,0.10257878806523006,0.9048055324001227,1.6495816066168083,1.4316811360790147,0.1488937077897905,1.035083464046342,0.29255569570563505,-0.190138109563973,0.9841231756854657,0
-0.12657084635623306,-1.1099901739376037,-1.179024470547907,2.546590841500296,-0.06640278899360229,-1.177851894974348,0.06599664927436881,-1.461440576166749,-1.197202164717731,-1.143668312693375,0.29255569570563505,1.4567505751247247,0.9841231756854657,0
-0.46546902347764374,0.9009088760241706,1.5251962127575889,0.04782622343184974,-0.5733475201700994,0.9048055324001227,0.06599664927436881,0.853056793629862,1.6359771779165546,-0.2262991435398101,-0.7394662468772634,0.40512286080543575,-1.0161329645585022,0
-0.12657084635623306,0.9009088760241706,-0.502969299721533,-0.3366707755197288,-0.23538436605243465,0.9048055324001227,-0.2507203421941191,1.4316811360790147,-0.22035952407012813,0.003043148748581378,0.29255569570563505,0.10749237562073138,0.9841231756854657,0
0.0428782422044723,-1.1099901739376037,-0.502969299721533,-0.5206045885886504,-0.06640278899360229,0.9048055324001227,-1.039345650950654,0.853056793629862,-0.448625158310805,-0.9143260204049839,1.066572152642809,-0.7655570475877348,-1.0161329645585022,0
2.5846145706150523,0.9009088760241706,-1.179024470547907,1.1232712939376017,2.2993392898300504,-1.177851894974348,-0.12007458321336785,-0.8828162337175963,-1.0495008719737637,-0.9143260204049839,1.8405886095799828,0.12733440796637835,0.9841231756854657,0
-0.46546902347764374,-1.1099901739376037,-0.502969299721533,-0.5211889065317731,-0.404365943111267,0.9048055324001227,-1.042512820865339,-0.8828162337175963,0.830333762949459,-0.9143260204049839,-0.7394662468772634,-0.686188918205147,0.9841231756854657,0
-0.46546902347764374,0.9009088760241706,-0.502969299721533,3.563540948186413,-0.7423290972289317,-1.177851894974348,0.04445989385451163,-0.8828162337175963,-1.3482603050240614,-1.2583394588375707,-0.997471732522988,0.7225953783357871,0.9841231756854657,0
-0.12657084635623306,0.9009088760241706,-0.502969299721533,2.5427532939278956,-0.7423290972289317,-1.177851894974348,1.3963663719377524,1.4316811360790147,1.1794459094352001,-0.6849837281165926,-0.22345527558581418,0.8813316371009629,0.9841231756854657,0
-0.46546902347764374,0.9009088760241706,-1.179024470547907,-0.2773230233506717,-0.7423290972289317,-1.177851894974348,-0.2507203421941191,1.4316811360790147,-0.9185838170416109,-0.11162799739561437,-0.22345527558581418,-1.2417658238832618,0.9841231756854657,0
1.2290218621294098,0.9009088760241706,1.5251962127575889,-0.5822422353996748,1.2854498274770565,0.9048055324001227,-0.7257958293968509,0.2744324511807092,-0.6634634023020307,-0.2262991435398101,0.8085666669970842,1.8734332543833108,-1.0161329645585022,0
-0.2960199349169384,-1.1099901739376037,0.8491410419312149,-0.3006957410755798,-0.5733475201700994,-1.177851894974348,-0.46988850029031276,0.853056793629862,-0.3613471216893698,-0.34097028968400567,-0.4814607612315388,0.16701847265767225,0.9841231756854657,0
0.0428782422044723,0.9009088760241706,0.8491410419312149,-0.26588934251767615,-0.06640278899360229,0.9048055324001227,0.41771086830012466,0.853056793629862,-0.018948670328354386,0.5763988794695595,0.03455021005991044,-1.3806600503027906,0.9841231756854657,0
-0.2960199349169384,-1.1099901739376037,0.8491410419312149,-0.18269510131847644,-0.911310674287764,-1.177851894974348,1.6495816066168083,-0.8828162337175963,0.8135495251376443,1.7231103409115156,-0.4814607612315388,0.4844909901880236,-1.0161329645585022,0
-0.12657084635623306,-1.1099901739376037,-1.179024470547907,-0.2696953053363943,-0.23538436605243465,-1.177851894974348,0.38271364074285674,1.4316811360790147,-0.5996832986171352,0.5763988794695595,0.03455021005991044,-0.20998014190961997,0.9841231756854657,0
-0.46546902347764374,-1.1099901739376037,0.8491410419312149,-0.3760727557384082,-0.06640278899360229,-1.177851894974348,-0.8841543251310949,0.853056793629862,-0.7238866584245627,-0.7996548742607882,-0.22345527558581418,0.305912699077201,0.9841231756854657,0
-0.8043672005990544,-1.1099901739376037,-1.179024470547907,-0.6236656398540219,-0.911310674287764,0.9048055324001227,-1.2008713165995828,-0.8828162337175963,0.7564831165774751,-1.0289971665491795,-0.7394662468772634,-1.5195542767223194,-1.0161329645585022,0
-0.634918112038349,0.9009088760241706,1.5251962127575889,-0.019165039128325893,-0.5733475201700994,0.9048055324001227,0.38271364074285674,1.4316811360790147,0.2294580492865001,0.1177142948927768,-0.4814607612315388,-0.2893482712922078,-1.0161329645585022,0
-0.46546902347764374,0.9009088760241706,-0.502969299721533,-0.7824737813686674,-0.5733475201700994,0.21058638994196582,0.34201550733915603,1.4316811360790147,-0.5392600424946031,2.869821802353472,-0.4814607612315388,-0.4877685947486774,0.9841231756854657,0
-0.8043672005990544,-1.1099901739376037,-1.179024470547907,0.08667547046108878,-0.7423290972289317,0.9048055324001227,-0.02711814621736664,0.2744324511807092,-0.3512765790022807,-0.34097028968400567,-0.4814607612315388,-0.2893482712922078,0.9841231756854657,0
-0.2960199349169384,0.9009088760241706,-0.502969299721533,-0.6408161611035152,0.10257878806523006,0.9048055324001227,-0.4882580857954851,-0.8828162337175963,0.38051618959283084,0.3470565871811683,-0.4814607612315388,-1.102871597463733,0.9841231756854657,0
-0.46546902347764374,-1.1099901739376037,1.5251962127575889,-0.20276721228358327,-0.23538436605243465,0.9048055324001227,-0.8841543251310949,-0.8828162337175963,-0.5526874327440551,-0.9143260204049839,-0.4814607612315388,1.5162766721616654,0.9841231756854657,0
-0.2960199349169384,0.9009088760241706,1.5251962127575889,-0.29688977825686164,-0.5733475201700994,-1.177851894974348,-0.09236184645987515,0.853056793629862,-1.3549740001487873,0.1177142948927768,-0.7394662468772634,1.1392780575943733,0.9841231756854657,0
-0.634918112038349,-1.1099901739376037,0.8491410419312149,0.046231193370893174,-0.23538436605243465,-1.177851894974348,-0.856916663864805,-0.8828162337175963,-1.828289506441956,-1.0289971665491795,-0.4814607612315388,-0.2893482712922078,0.9841231756854657,0
-0.2960199349169384,-1.1099901739376037,-0.502969299721533,0.7428961053415645,-0.911310674287764,-1.177851894974348,-0.7257958293968509,-0.3041918912684436,-0.97565022560178,-1.143668312693375,-0.4814607612315388,0.305912699077201,0.9841231756854657,0
0.890123685007999,-1.1099901739376037,1.5251962127575889,-0.8093050296217882,0.9474866733593919,0.9048055324001227,-0.4882580857954851,0.2744324511807092,0.04483143335654109,1.035083464046342,0.5505611813513597,0.008282213892496587,-1.0161329645585022,0
-0.9738162891597597,-1.1099901739376037,-1.179024470547907,-0.7919018303428365,-0.911310674287764,0.9048055324001227,-0.7091681873447554,0.2744324511807092,0.8101926775752815,0.3470565871811683,-0.7394662468772634,-0.7655570475877348,0.9841231756854657,0
-0.634918112038349,0.9009088760241706,-1.179024470547907,0.9481180423923617,-0.404365943111267,-1.177851894974348,0.9459948100695625,-0.8828162337175963,1.2465828606824585,-0.34097028968400567,-0.4814607612315388,0.3654387961141419,0.9841231756854657,0
0.7206745964472937,0.9009088760241706,0.8491410419312149,0.4854329857002294,1.1164682504182242,-1.177851894974348,-1.2464785633710451,-0.8828162337175963,-0.13643833501105568,-1.3730106049817663,0.03455021005991044,-1.8370267942526706,0.9841231756854657,0
-0.12657084635623306,0.9009088760241706,0.8491410419312149,-0.578578403972527,-0.404365943111267,0.9048055324001227,-0.7257958293968509,0.2744324511807092,0.5382880250238866,-0.2262991435398101,-0.22345527558581418,0.782121475372728,0.9841231756854657,0
-0.634918112038349,0.9009088760241706,-0.502969299721533,0.26849310503329576,-0.06640278899360229,-1.177851894974348,-0.5674373336626071,-1.461440576166749,-0.811164695045998,-0.9143260204049839,-0.7394662468772634,0.32575473142284794,-1.0161329645585022,0
-0.634918112038349,0.9009088760241706,0.8491410419312149,0.1783975951545117,-0.404365943111267,0.9048055324001227,-0.5674373336626071,1.4316811360790147,-0.9991481585383204,-0.7996548742607882,-0.7394662468772634,0.5837011519162584,-1.0161329645585022,0
-0.634918112038349,-1.1099901739376037,0.8491410419312149,1.0268272485686738,-0.911310674287764,-1.177851894974348,-0.9245357415433272,1.4316811360790147,-1.7577957076323352,-1.2583394588375707,-0.4814607612315388,0.10749237562073138,0.9841231756854657,0
-0.12657084635623306,-1.1099901739376037,1.5251962127575889,-0.016006563760095075,-0.7423290972289317,0.9048055324001227,-0.4090788379283631,1.4316811360790147,1.6259066352294655,-0.570312581972397,0.29255569570563505,-0.190138109563973,-1.0161329645585022,0
-0.12657084635623306,0.9009088760241706,0.8491410419312149,-0.14424066371026625,0.10257878806523006,0.9048055324001227,-0.7983240204431348,-0.8828162337175963,1.1458774338115711,-0.9143260204049839,0.29255569570563505,0.2463866020402601,0.9841231756854657,0
-0.12657084635623306,0.9009088760241706,0.8491410419312149,1.0546534165627872,-0.5733475201700994,-1.177851894974348,4.024959042630468,-0.8828162337175963,0.5147900920873463,1.1497546101905376,-0.4814607612315388,-1.12271362980938,0.9841231756854657,0
1.7373691278115257,0.9009088760241706,-1.179024470547907,-0.11028705350178496,1.7923945586535535,-1.177851894974348,1.0161476236798326,0.2744324511807092,0.021333500420000717,0.9204123179021463,2.6146050665171567,-0.7060309505507939,0.9841231756854657,0
-0.9738162891597597,0.9009088760241706,-1.179024470547907,-0.2649417999072069,-0.911310674287764,0.9048055324001227,-0.7257958293968509,0.853056793629862,-1.3482603050240614,-0.6849837281165926,-0.4814607612315388,-2.4124457322764323,0.9841231756854657,0
-0.2960199349169384,0.9009088760241706,-1.179024470547907,-0.8647204799573979,-0.06640278899360229,0.21058638994196582,-0.40036912066297964,0.2744324511807092,-1.0897830427221185,1.6084391947673204,-0.7394662468772634,-0.051243883144444294,0.9841231756854657,0
0.38177641932588297,-1.1099901739376037,1.5251962127575889,-0.27917073144108673,0.6095235192417271,0.9048055324001227,-0.7465407923380369,0.2744324511807092,0.3872298847175565,-0.6849837281165926,1.066572152642809,0.305912699077201,0.9841231756854657,0
0.5512255078865883,-1.1099901739376037,1.5251962127575889,-0.05315023409048948,1.1164682504182242,0.9048055324001227,-0.2507203421941191,-0.3041918912684436,-0.9420817499781512,-0.45564143582820127,0.29255569570563505,-0.051243883144444294,-1.0161329645585022,0
-0.8043672005990544,0.9009088760241706,0.8491410419312149,-0.0721958405609213,-0.5733475201700994,-1.177851894974348,-0.3205564388129207,0.853056793629862,0.6591345372689513,-0.45564143582820127,-0.7394662468772634,-0.09092794783573821,-1.0161329645585022,0
0.38177641932588297,-1.1099901739376037,1.5251962127575889,4.646092588270685,0.6095235192417271,-1.177851894974348,0.6340285734731019,1.4316811360790147,0.17239164072633087,-1.143668312693375,0.8085666669970842,0.9210157017922567,-1.0161329645585022,0
-0.8043672005990544,-1.1099901739376037,0.8491410419312149,-0.013542952972875038,-0.23538436605243465,-1.177851894974348,-0.6789217146595148,-1.461440576166749,-1.371758237960602,-0.7996548742607882,-0.4814607612315388,-1.7775006972157297,0.9841231756854657,0
0.38177641932588297,-1.1099901739376037,0.8491410419312149,0.17713420500721938,0.4405419421828948,-1.177851894974348,-0.4090788379283631,-0.3041918912684436,-1.2005590122800942,-0.6849837281165926,1.3245776382885335,0.9210157017922567,-1.0161329645585022,0
-0.12657084635623306,0.9009088760241706,0.8491410419312149,-0.5633703450744957,-0.06640278899360229,-1.177851894974348,0.06599664927436881,-0.8828162337175963,-0.9387249024157878,1.035083464046342,0.03455021005991044,1.0797519605574324,0.9841231756854657,0
-0.46546902347764374,0.9009088760241706,-0.502969299721533,0.02112131419345818,-0.911310674287764,0.9048055324001227,0.38271364074285674,-0.8828162337175963,-1.4489657318949483,0.1177142948927768,-0.7394662468772634,1.35754041339649,-1.0161329645585022,0
2.415165482054347,0.9009088760241706,-0.502969299721533,-0.30120109713449666,2.637302443947715,-1.177851894974348,1.0161476236798326,1.4316811360790147,0.6624913848313142,1.379096902478929,1.8405886095799828,1.734539027963782,-1.0161329645585022,0
-0.2960199349169384,-1.1099901739376037,-0.502969299721533,0.9497288648301595,-0.06640278899360229,-1.177851894974348,1.8902865201328591,-0.8828162337175963,1.1358068911244827,0.1177142948927768,-0.22345527558581418,-0.4877685947486774,-1.0161329645585022,0
-0.46546902347764374,-1.1099901739376037,0.8491410419312149,-0.2962422908063743,-0.5733475201700994,-1.177851894974348,-0.5674373336626071,0.853056793629862,-0.9487954451028768,-0.45564143582820127,-0.7394662468772634,0.4448069254967297,-1.0161329645585022,0
-0.634918112038349,0.9009088760241706,0.8491410419312149,-0.26464174474722496,-0.911310674287764,-1.177851894974348,1.6495816066168083,1.4316811360790147,0.7497694214527494,2.0671237793441026,-0.4814607612315388,0.8813316371009629,-1.0161329645585022,0
-0.2960199349169384,-1.1099901739376037,-0.502969299721533,0.45574331723885975,0.10257878806523006,-1.177851894974348,1.6495816066168083,0.853056793629862,0.07839990898016995,0.4617277333253637,-0.4814607612315388,0.5837011519162584,0.9841231756854657,0
-0.634918112038349,0.9009088760241706,-1.179024470547907,-0.9999348104713591,-0.5733475201700994,0.9048055324001227,-1.3115639051178194,0.2744324511807092,-0.14986572526050698,-0.6849837281165926,-0.4814607612315388,-0.03140185079879733,-1.0161329645585022,0
-0.2960199349169384,-1.1099901739376037,-0.502969299721533,0.03144952864757295,-0.404365943111267,0.9048055324001227,-0.7257958293968509,0.853056793629862,0.34359086640683856,-0.9143260204049839,-0.4814607612315388,-1.182239726846321,0.9841231756854657,0
-0.634918112038349,0.9009088760241706,0.8491410419312149,0.5484603616732754,-0.911310674287764,-1.177851894974348,0.20946944640959383,-0.8828162337175963,-1.099853585409207,-0.45564143582820127,-0.22345527558581418,-0.190138109563973,-1.0161329645585022,0
0.5512255078865883,0.9009088760241706,-0.502969299721533,-0.22372369635179476,0.10257878806523006,0.9048055324001227,-1.3549541329490022,-1.461440576166749,0.09518414679198407,-1.3730106049817663,0.29255569570563505,-0.32903233598350173,0.9841231756854657,0
-0.2960199349169384,-1.1099901739376037,0.8491410419312149,0.18883635624651457,-0.7423290972289317,-1.177851894974348,0.06599664927436881,-0.8828162337175963,0.06161567116835522,-0.34097028968400567,-0.7394662468772634,0.5241750548793175,0.9841231756854657,0
-0.2960199349169384,-1.1099901739376037,-0.502969299721533,0.7627629154077363,-0.5733475201700994,-1.177851894974348,1.6495816066168083,-1.461440576166749,0.34023401884447574,0.23238544103697253,-0.22345527558581418,-0.4282424977117365,-1.0161329645585022,0
-0.46546902347764374,0.9009088760241706,1.5251962127575889,-0.26464174474722496,-0.06640278899360229,0.9048055324001227,-0.4090788379283631,-0.8828162337175963,-0.9219406646039736,-0.34097028968400567,-0.7394662468772634,1.714696995618135,0.9841231756854657,0
-0.634918112038349,0.9009088760241706,0.8491410419312149,-0.4453065358100277,-0.7423290972289317,-1.177851894974348,0.8364107310214657,1.4316811360790147,0.6591345372689513,1.7231103409115156,-0.7394662468772634,0.5837011519162584,-1.0161329645585022,0
-0.46546902347764374,0.9009088760241706,-0.502969299721533,-0.6224496268372531,-0.7423290972289317,0.9048055324001227,-1.042512820865339,1.4316811360790147,-0.5191189571204256,-0.7996548742607882,-0.997471732522988,0.20670253734896618,0.9841231756854657,0
0.0428782422044723,0.9009088760241706,-0.502969299721533,-0.03326763164747649,-0.7423290972289317,-1.177851894974348,-0.7257958293968509,0.2744324511807092,-1.3851856282100534,-0.9143260204049839,0.03455021005991044,0.06780831092943747,-1.0161329645585022,0
-0.8043672005990544,-1.1099901739376037,-1.179024470547907,0.3100744332560545,-0.7423290972289317,-1.177851894974348,1.8453127073443338,0.853056793629862,0.7128440982667578,0.8057411717579506,-0.7394662468772634,0.6035431842619053,-1.0161329645585022,0
-0.8043672005990544,0.9009088760241706,-1.179024470547907,-0.48540338060971794,-0.911310674287764,-1.177851894974348,0.5417055704600376,1.4316811360790147,-1.2274137927789974,1.379096902478929,-0.4814607612315388,-0.11076998018138517,-1.0161329645585022,0
-0.46546902347764374,-1.1099901739376037,0.8491410419312149,-0.30055360968400935,-0.911310674287764,0.9048055324001227,0.5410721364771007,0.2744324511807092,0.377159342030468,0.8057411717579506,-0.7394662468772634,-2.3330776028938445,0.9841231756854657,0
-0.8043672005990544,0.9009088760241706,-0.502969299721533,0.17271233949169623,-0.5733475201700994,0.9048055324001227,0.06599664927436881,0.853056793629862,0.0985409943543475,-0.34097028968400567,-0.4814607612315388,0.0479662785837905,0.9841231756854657,0
-0.634918112038349,0.9009088760241706,-0.502969299721533,-0.7196832910482388,-0.911310674287764,0.9048055324001227,-0.3972019507482948,0.853056793629862,-0.707102420612748,0.8057411717579506,-0.7394662468772634,0.26622863438590705,0.9841231756854657,0
-0.8043672005990544,0.9009088760241706,1.5251962127575889,0.0867702247221357,-0.7423290972289317,0.9048055324001227,0.38271364074285674,-0.8828162337175963,-1.1065672805339328,0.003043148748581378,-0.7394662468772634,0.0479662785837905,-1.0161329645585022,0
-0.8043672005990544,0.9009088760241706,-0.502969299721533,-0.489304097689483,-0.7423290972289317,-1.177851894974348,0.5417055704600376,-0.8828162337175963,-0.33449234119046656,1.4937680486231246,-0.7394662468772634,-0.36871640067479566,0.9841231756854657,0
0.21232733076517762,0.9009088760241706,1.5251962127575889,0.3043102157090332,0.2715603651240624,0.9048055324001227,1.725910401560714,0.853056793629862,0.5852838908969674,0.8057411717579506,0.29255569570563505,1.8734332543833108,-1.0161329645585022,0
-0.9738162891597597,-1.1099901739376037,-0.502969299721533,-0.5802839806713717,-0.911310674287764,0.9048055324001227,-1.2800505644667048,-0.8828162337175963,-1.365044542835876,-1.2583394588375707,-0.7394662468772634,0.305912699077201,0.9841231756854657,0
2.923512747736463,-1.1099901739376037,1.5251962127575889,0.03983528075022577,1.7923945586535535,-1.177851894974348,0.06599664927436881,0.853056793629862,0.11868207972852446,-0.2262991435398101,2.356599580871432,-0.7853990799333818,-1.0161329645585022,0
0.0428782422044723,-1.1099901739376037,1.5251962127575889,0.7271511056309339,-0.404365943111267,-1.177851894974348,4.024959042630468,1.4316811360790147,-0.1901478960088621,1.6084391947673204,1.066572152642809,-0.7060309505507939,-1.0161329645585022,0
-0.634918112038349,0.9009088760241706,-0.502969299721533,1.4046914492469675,-0.911310674287764,0.9048055324001227,1.6495816066168083,-0.8828162337175963,-1.4153972562713195,-0.2262991435398101,-0.4814607612315388,0.0479662785837905,-1.0161329645585022,0
0.0428782422044723,0.9009088760241706,0.8491410419312149,0.006355441846979109,-0.404365943111267,0.9048055324001227,0.25602684415546156,-1.461440576166749,0.13210946997797635,0.003043148748581378,0.03455021005991044,-2.114815247091728,0.9841231756854657,0
-0.46546902347764374,-1.1099901739376037,1.5251962127575889,0.8237846595219557,-0.23538436605243465,-1.177851894974348,0.8577891279455886,0.853056793629862,-0.25392799969375696,-0.34097028968400567,-0.7394662468772634,-0.07108591549009124,-1.0161329645585022,0
1.0595727735687044,-1.1099901739376037,-0.502969299721533,0.15939936581460334,0.9474866733593919,0.9048055324001227,-0.22316596393636068,-0.8828162337175963,-0.6735339449891191,-0.570312581972397,-0.22345527558581418,-1.7576586648700827,0.9841231756854657,0
0.7206745964472937,0.9009088760241706,1.5251962127575889,-0.46839499075179497,-0.06640278899360229,0.9048055324001227,-0.7257958293968509,0.2744324511807092,-1.459036274582037,-0.45564143582820127,0.5505611813513597,0.12733440796637835,0.9841231756854657,0
0.0428782422044723,0.9009088760241706,0.8491410419312149,-0.22293407750973704,-0.404365943111267,-1.177851894974348,-1.2008713165995828,-0.8828162337175963,-0.7473845913611031,-1.2583394588375707,0.03455021005991044,-1.4600281796853785,-1.0161329645585022,0
-0.12657084635623306,-1.1099901739376037,1.5251962127575889,0.06442401149190267,-0.06640278899360229,-1.177851894974348,-0.7307049427646125,0.2744324511807092,0.9008275617590796,-0.9143260204049839,-0.22345527558581418,-0.5472946917856183,0.9841231756854657,0
0.5512255078865883,0.9009088760241706,-0.502969299721533,1.2186730424350136,-0.06640278899360229,-1.177851894974348,-0.35460351539578316,1.4316811360790147,-1.173704231781191,-1.0289971665491795,-0.22345527558581418,0.9011736694466097,-1.0161329645585022,0
-0.12657084635623306,-1.1099901739376037,0.8491410419312149,-0.5078917252315214,0.4405419421828948,0.9048055324001227,-1.1875692029579064,-1.461440576166749,0.27645391515958084,-1.143668312693375,0.29255569570563505,-0.11076998018138517,-1.0161329645585022,0
0.5512255078865883,0.9009088760241706,-0.502969299721533,0.3876939654303268,0.7785050963005594,-1.177851894974348,-1.2008713165995828,1.4316811360790147,-0.9991481585383204,-1.3730106049817663,0.03455021005991044,-0.36871640067479566,0.9841231756854657,0
-0.2960199349169384,0.9009088760241706,-1.179024470547907,1.147796855171914,-0.911310674287764,-1.177851894974348,-0.6149448823828803,0.853056793629862,-0.9957913109759576,-1.143668312693375,-0.7394662468772634,-0.15045404487267908,-1.0161329645585022,0
-0.46546902347764374,0.9009088760241706,-0.502969299721533,0.10739506887668294,-0.911310674287764,0.9048055324001227,-0.4958592935907288,-0.8828162337175963,0.34359086640683856,-0.7996548742607882,-0.4814607612315388,-0.9639773710442044,0.9841231756854657,0
3.431860013418579,-1.1099901739376037,0.17308587110484092,0.5521399854772643,2.8062840210065474,-1.177851894974348,-0.33575885440340814,-1.461440576166749,-1.4355383416454968,-0.9143260204049839,2.356599580871432,2.230589836604956,-1.0161329645585022,0
0.21232733076517762,-1.1099901739376037,1.5251962127575889,-0.6762700471119062,0.4405419421828948,0.9048055324001227,-0.7257958293968509,0.2744324511807092,-0.4519820058731679,-0.11162799739561437,0.29255569570563505,0.821805540064022,-1.0161329645585022,0
-0.46546902347764374,0.9009088760241706,1.5251962127575889,0.5533559984940332,-0.911310674287764,-1.177851894974348,1.3328646151483206,-1.461440576166749,-0.31435125581628903,0.23238544103697253,-0.4814607612315388,-1.5195542767223194,0.9841231756854657,0
-0.8043672005990544,-1.1099901739376037,-0.502969299721533,-0.40869980629223257,-0.911310674287764,-1.177851894974348,-0.646616581529729,0.853056793629862,-0.35799027412700696,-0.45564143582820127,-0.4814607612315388,1.4170665104334308,-1.0161329645585022,0
-0.8043672005990544,0.9009088760241706,-1.179024470547907,0.46455546351622373,-0.7423290972289317,0.9048055324001227,-0.7257958293968509,1.4316811360790147,-0.9051564267921589,-1.0289971665491795,-0.4814607612315388,-0.5076106270943244,0.9841231756854657,0
0.5512255078865883,0.9009088760241706,-0.502969299721533,-0.16246506658495805,0.4405419421828948,0.9048055324001227,-1.042512820865339,-1.461440576166749,-1.0797125000350298,-1.143668312693375,0.8085666669970842,1.317856348705196,0.9841231756854657,0
-0.9738162891597597,-1.1099901739376037,-1.179024470547907,-0.45094441434231974,-0.911310674287764,0.9048055324001227,-0.8841543251310949,1.4316811360790147,0.984748750818152,-0.6849837281165926,-0.4814607612315388,0.40512286080543575,-1.0161329645585022,0
0.0428782422044723,0.9009088760241706,0.8491410419312149,-0.4499179098476447,-0.23538436605243465,-1.177851894974348,0.8254839948158028,1.4316811360790147,-0.22371637163249095,1.7231103409115156,0.5505611813513597,1.278172284013902,0.9841231756854657,0
0.890123685007999,0.9009088760241706,-0.502969299721533,1.0273326046275908,1.4544314045358888,-1.177851894974348,-0.27130694663957083,-0.8828162337175963,-0.07937192645088645,-1.0289971665491795,0.8085666669970842,-0.9838194033898514,0.9841231756854657,0
-0.46546902347764374,-1.1099901739376037,-0.502969299721533,-0.20693639976964795,-0.06640278899360229,0.9048055324001227,-0.16758213193364102,-0.3041918912684436,1.1257363484373937,-0.11162799739561437,-0.7394662468772634,-0.44808453005738347,0.9841231756854657,0
-0.12657084635623306,0.9009088760241706,-1.179024470547907,-0.04825459726973172,-0.911310674287764,-1.177851894974348,0.06599664927436881,0.853056793629862,0.6859893177678545,-0.11162799739561437,0.5505611813513597,-0.07108591549009124,-1.0161329645585022,0
-0.2960199349169384,0.9009088760241706,-1.179024470547907,-0.1853955977583138,-0.06640278899360229,0.9048055324001227,-0.7257958293968509,0.853056793629862,-1.0964967378468442,-0.7996548742607882,-0.7394662468772634,-2.154499311783022,0.9841231756854657,0
-0.8043672005990544,0.9009088760241706,-0.502969299721533,0.6515845824460116,-0.911310674287764,0.9048055324001227,0.7627740305050422,-0.8828162337175963,-0.03908975570253134,-0.2262991435398101,-0.7394662468772634,0.6432272489531993,-1.0161329645585022,0
1.0595727735687044,0.9009088760241706,-1.179024470547907,2.949296450949725,0.7785050963005594,-1.177851894974348,0.44479017107068036,-1.461440576166749,-0.3109944082539262,-1.0289971665491795,0.5505611813513597,-0.32903233598350173,0.9841231756854657,0
0.21232733076517762,0.9009088760241706,-0.502969299721533,2.721033436087684,-0.911310674287764,-1.177851894974348,2.1748567369672958,1.4316811360790147,0.06161567116835522,-0.570312581972397,0.29255569570563505,1.2186461869769611,0.9841231756854657,0
-0.634918112038349,-1.1099901739376037,-1.179024470547907,0.11450163845520228,-0.7423290972289317,0.9048055324001227,-0.4090788379283631,-0.8828162337175963,-1.23077064034136,-0.6849837281165926,-0.22345527558581418,-1.3211339532658497,0.9841231756854657,0
-0.634918112038349,0.9009088760241706,0.8491410419312149,-0.34369838321404234,-0.5733475201700994,0.21058638994196582,0.03242464817870909,1.4316811360790147,-0.20021843869595057,0.3470565871811683,-0.7394662468772634,-0.44808453005738347,0.9841231756854657,0
-0.8043672005990544,-1.1099901739376037,1.5251962127575889,-0.678291471347574,-0.7423290972289317,0.9048055324001227,-0.09252020495560939,0.2744324511807092,-0.015591822765990965,1.1497546101905376,-0.4814607612315388,0.3654387961141419,-1.0161329645585022,0
-0.8043672005990544,-1.1099901739376037,-1.179024470547907,-0.7621963695046255,-0.7423290972289317,0.9048055324001227,-0.5674373336626071,-1.461440576166749,0.001192415045823164,0.5763988794695595,-0.4814607612315388,-0.4282424977117365,0.9841231756854657,0
-0.8043672005990544,0.9009088760241706,1.5251962127575889,-0.7713875328261772,-0.911310674287764,0.9048055324001227,-1.1375279183058853,-1.461440576166749,0.8941138666343539,-0.6849837281165926,-0.22345527558581418,1.1591200899400202,-1.0161329645585022,0
-0.8043672005990544,0.9009088760241706,-1.179024470547907,-0.7167617013326253,-0.911310674287764,0.9048055324001227,-0.4090788379283631,-1.461440576166749,-0.1935047435712249,0.6910700256137552,-0.7394662468772634,-0.24966420660091387,0.9841231756854657,0
0.21232733076517762,-1.1099901739376037,-1.179024470547907,0.3488605107779289,-0.5733475201700994,0.9048055324001227,0.4924560782866878,0.2744324511807092,-0.7574551340481915,-0.2262991435398101,0.03455021005991044,0.9210157017922567,0.9841231756854657,0
-0.46546902347764374,-1.1099901739376037,-0.502969299721533,0.1226820896589201,-0.911310674287764,-1.177851894974348,-0.7574675285436998,-0.3041918912684436,-1.2274137927789974,-1.0289971665491795,-0.7394662468772634,-1.0631875327724392,-1.0161329645585022,0
0.7206745964472937,-1.1099901739376037,-0.502969299721533,-0.532859473017386,0.6095235192417271,0.9048055324001227,-0.7257958293968509,-0.3041918912684436,1.4614211046736834,-0.34097028968400567,-0.22345527558581418,-0.15045404487267908,0.9841231756854657,0
-0.8043672005990544,0.9009088760241706,-1.179024470547907,0.6082345080170436,-0.911310674287764,-1.177851894974348,0.7786098800784667,-0.8828162337175963,-0.8245920852954493,-0.2262991435398101,-0.7394662468772634,-0.4877685947486774,0.9841231756854657,0
-0.634918112038349,0.9009088760241706,-1.179024470547907,-0.011031965055131538,-0.23538436605243465,-1.177851894974348,-0.7257958293968509,0.853056793629862,-0.811164695045998,-0.9143260204049839,-0.997471732522988,1.734539027963782,0.9841231756854657,0
2.0762673049329363,0.9009088760241706,0.8491410419312149,-0.7020432061166697,1.4544314045358888,0.9048055324001227,-1.3506784535641776,0.2744324511807092,0.12875262241561353,-1.2583394588375707,1.8405886095799828,-0.07108591549009124,-1.0161329645585022,0
-0.634918112038349,0.9009088760241706,-0.502969299721533,0.36560043022955224,-0.7423290972289317,-1.177851894974348,-0.2507203421941191,0.853056793629862,1.3338608973038937,-0.6849837281165926,-0.7394662468772634,-0.30919030363785477,-1.0161329645585022,0
-0.12657084635623306,0.9009088760241706,1.5251962127575889,-0.5829213076038444,-0.404365943111267,0.9048055324001227,-0.5674373336626071,0.2744324511807092,-0.4049861400000871,0.003043148748581378,1.066572152642809,0.5440170872249644,-1.0161329645585022,0
0.0428782422044723,-1.1099901739376037,-0.502969299721533,-0.4880564999190318,0.10257878806523006,0.9048055324001227,-0.6307807319563046,0.2744324511807092,0.7967652873258302,-0.34097028968400567,0.5505611813513597,-1.9957630530178463,0.9841231756854657,0
-0.634918112038349,0.9009088760241706,-1.179024470547907,1.028185392977013,-0.5733475201700994,-1.177851894974348,0.06599664927436881,0.853056793629862,-0.2673553899432083,-0.7996548742607882,-0.4814607612315388,-0.15045404487267908,0.9841231756854657,0
-0.46546902347764374,0.9009088760241706,-1.179024470547907,-0.6141902137493295,-0.5733475201700994,0.9048055324001227,0.06599664927436881,1.4316811360790147,-0.06594453620143455,1.1497546101905376,-0.4814607612315388,0.286070666731554,0.9841231756854657,0
-0.46546902347764374,0.9009088760241706,0.8491410419312149,0.2846487065417964,-0.911310674287764,0.9048055324001227,1.3328646151483206,-0.8828162337175963,0.9780350556934264,0.4617277333253637,-0.7394662468772634,0.801963507718375,-1.0161329645585022,0
-0.2960199349169384,-1.1099901739376037,-0.502969299721533,-0.2991007110146232,-0.06640278899360229,-1.177851894974348,0.06599664927436881,-0.8828162337175963,-0.8783016462932557,0.23238544103697253,-0.4814607612315388,0.821805540064022,0.9841231756854657,0
0.0428782422044723,0.9009088760241706,0.8491410419312149,-0.39298639133528424,-0.06640278899360229,0.9048055324001227,-0.7574675285436998,0.853056793629862,-1.4254677989584081,-0.570312581972397,-0.4814607612315388,-0.46792656240303043,-1.0161329645585022,0
0.7206745964472937,0.9009088760241706,-0.502969299721533,0.2673244691470504,0.6095235192417271,0.9048055324001227,0.6994306322113446,1.4316811360790147,1.0955247203761276,0.003043148748581378,0.29255569570563505,0.9210157017922567,0.9841231756854657,0
1.5679200392508204,-1.1099901739376037,0.8491410419312149,1.6073866060031803,1.2854498274770565,-1.177851894974348,1.8079401023510524,1.4316811360790147,0.10525468947907315,-0.2262991435398101,1.3245776382885335,-0.03140185079879733,0.9841231756854657,0
0.38177641932588297,-1.1099901739376037,-1.179024470547907,-0.41727506691697924,0.6095235192417271,-1.177851894974348,-0.4987097465139452,-0.8828162337175963,-0.5459737376193288,-0.2262991435398101,-0.22345527558581418,-0.24966420660091387,0.9841231756854657,0
-0.634918112038349,-1.1099901739376037,-0.502969299721533,-0.4879775380348261,-0.911310674287764,0.9048055324001227,0.06599664927436881,-0.8828162337175963,-0.8917290365427076,0.6910700256137552,-0.4814607612315388,0.8813316371009629,0.9841231756854657,0
-0.46546902347764374,-1.1099901739376037,-0.502969299721533,-0.4660261342256219,-0.404365943111267,0.9048055324001227,-1.042512820865339,1.4316811360790147,0.4543668359648142,-0.9143260204049839,-0.4814607612315388,0.5638591195706114,0.9841231756854657,0
-0.634918112038349,-1.1099901739376037,-1.179024470547907,-0.8080732242281782,-0.7423290972289317,0.9048055324001227,-0.5826397492530945,-0.8828162337175963,-0.4452683107484422,0.8057411717579506,-0.4814607612315388,-0.46792656240303043,0.9841231756854657,0
-0.9738162891597597,0.9009088760241706,-0.502969299721533,-0.29752147333050777,-0.5733475201700994,-1.177851894974348,0.06599664927436881,1.4316811360790147,0.007906110170548816,0.23238544103697253,-0.4814607612315388,0.9011736694466097,0.9841231756854657,0
2.2457163934936415,0.9009088760241706,-0.502969299721533,0.23935616976136648,2.8062840210065474,-1.177851894974348,-0.2507203421941191,-1.461440576166749,-0.18007735332177302,-0.6849837281165926,1.8405886095799828,-0.20998014190961997,-1.0161329645585022,0
0.890123685007999,0.9009088760241706,0.8491410419312149,2.1637678344938798,1.1164682504182242,-1.177851894974348,-0.42396453652738203,-0.3041918912684436,-1.133422061032836,-1.2583394588375707,0.29255569570563505,0.286070666731554,0.9841231756854657,0
-0.634918112038349,0.9009088760241706,-0.502969299721533,-0.4410110093092338,-0.5733475201700994,0.9048055324001227,-0.5352905590285555,-0.8828162337175963,0.8907570190719911,-0.2262991435398101,-0.7394662468772634,0.6035431842619053,0.9841231756854657,0
-0.634918112038349,0.9009088760241706,0.8491410419312149,-0.24801237193348974,-0.7423290972289317,-1.177851894974348,-0.5674373336626071,-0.3041918912684436,0.22274435416177443,-0.570312581972397,-0.4814607612315388,-1.0631875327724392,0.9841231756854657,0
-0.8043672005990544,-1.1099901739376037,-1.179024470547907,-0.11112404947436613,-0.911310674287764,0.9048055324001227,0.42024460423187254,-0.8828162337175963,-0.13308148744869286,0.3470565871811683,-0.7394662468772634,0.06780831092943747,0.9841231756854657,0
0.0428782422044723,0.9009088760241706,-1.179024470547907,0.020426449612447398,-0.5733475201700994,-1.177851894974348,2.334007025180211,1.4316811360790147,1.1995869948093776,1.8377814870557112,0.5505611813513597,0.22654456969461315,0.9841231756854657,0
-0.12657084635623306,-1.1099901739376037,-1.179024470547907,0.024358751445894767,0.4405419421828948,0.9048055324001227,-0.2507203421941191,1.4316811360790147,-1.4254677989584081,-0.45564143582820127,-0.4814607612315388,1.4567505751247247,0.9841231756854657,0
-0.2960199349169384,0.9009088760241706,0.8491410419312149,-0.049375856025453656,-0.23538436605243465,0.9048055324001227,0.41074309448781793,0.2744324511807092,-0.22707321919485376,0.23238544103697253,0.5505611813513597,-1.0830295651180861,0.9841231756854657,0
0.5512255078865883,0.9009088760241706,-1.179024470547907,0.4157254343233753,0.10257878806523006,-1.177851894974348,0.48754696491892624,1.4316811360790147,-0.7238866584245627,-0.2262991435398101,1.066572152642809,0.8614896047553159,-1.0161329645585022,0
-0.8043672005990544,-1.1099901739376037,0.8491410419312149,-0.24008459875923038,-0.5733475201700994,0.9048055324001227,-0.4090788379283631,0.853056793629862,-1.4254677989584081,-0.34097028968400567,-0.7394662468772634,0.20670253734896618,0.9841231756854657,0
2.5846145706150523,-1.1099901739376037,0.17308587110484092,-0.20346207686459405,2.8062840210065474,-1.177851894974348,0.06599664927436881,0.853056793629862,-1.6705176710108995,0.1177142948927768,2.872610552162881,2.0718535778397804,0.9841231756854657,0
0.21232733076517762,0.9009088760241706,-1.179024470547907,-0.05613499331346761,0.2715603651240624,0.9048055324001227,-0.09236184645987515,0.2744324511807092,1.1089521106255795,-0.2262991435398101,0.8085666669970842,0.20670253734896618,0.9841231756854657,0
-0.634918112038349,-1.1099901739376037,-0.502969299721533,-0.6728273089605347,-0.5733475201700994,0.21058638994196582,0.06599664927436881,-0.8828162337175963,0.5382880250238866,1.4937680486231246,-0.7394662468772634,0.4448069254967297,0.9841231756854657,0
0.38177641932588297,-1.1099901739376037,0.8491410419312149,-0.20433065759085753,0.6095235192417271,-1.177851894974348,1.8510136131907666,-1.461440576166749,1.5184875132338527,2.0671237793441026,0.03455021005991044,0.7424374106814341,0.9841231756854657,0
-0.46546902347764374,-1.1099901739376037,-0.502969299721533,-0.032430635674895326,-0.911310674287764,-1.177851894974348,-0.2507203421941191,1.4316811360790147,-0.8581605609190788,-0.45564143582820127,-0.4814607612315388,0.3455967637684949,-1.0161329645585022,0
1.2290218621294098,0.9009088760241706,-1.179024470547907,-0.20060365665634516,1.2854498274770565,-1.177851894974348,-0.4090788379283631,-0.8828162337175963,1.1055952630632166,-0.45564143582820127,1.3245776382885335,1.4369085427790778,0.9841231756854657,0
-0.8043672005990544,0.9009088760241706,0.8491410419312149,-0.3900648016196707,-0.911310674287764,-1.177851894974348,0.7855776538907734,-0.8828162337175963,0.3133792383455725,1.379096902478929,-0.4814607612315388,-0.6663468858595001,0.9841231756854657,0
-0.634918112038349,0.9009088760241706,0.8491410419312149,-0.3397502890037538,-0.911310674287764,-1.177851894974348,0.06599664927436881,0.2744324511807092,-0.18343420088413584,0.3470565871811683,-0.4814607612315388,-1.3608180179571436,-1.0161329645585022,0
-0.9738162891597597,0.9009088760241706,-1.179024470547907,-0.19458676107986547,-0.911310674287764,-1.177851894974348,-0.4882580857954851,1.4316811360790147,0.3301634761573873,-0.45564143582820127,-0.4814607612315388,0.5440170872249644,0.9841231756854657,0
0.5512255078865883,0.9009088760241706,-1.179024470547907,-0.3470937442348905,0.6095235192417271,0.9048055324001227,-0.804975077263973,0.853056793629862,-0.18679104844649927,-0.6849837281165926,0.03455021005991044,0.16701847265767225,0.9841231756854657,0
0.0428782422044723,0.9009088760241706,-0.502969299721533,2.830379853335835,-0.06640278899360229,-1.177851894974348,0.4953065312099042,0.2744324511807092,-0.8010941523589095,-1.0289971665491795,-0.4814607612315388,0.8614896047553159,-1.0161329645585022,0
0.21232733076517762,-1.1099901739376037,0.8491410419312149,0.4597545809565129,0.10257878806523006,-1.177851894974348,2.2830155895537843,-0.3041918912684436,0.6188523665205963,0.9204123179021463,0.03455021005991044,-1.4005020826484376,0.9841231756854657,0
-0.46546902347764374,-1.1099901739376037,-1.179024470547907,-0.41804889338219575,-0.23538436605243465,-1.177851894974348,0.5410721364771007,-0.8828162337175963,-0.15657942038523323,1.1497546101905376,-0.4814607612315388,0.6432272489531993,0.9841231756854657,0
-0.12657084635623306,0.9009088760241706,-1.179024470547907,0.9705748022604829,-0.404365943111267,-1.177851894974348,-0.8588169658136159,-0.3041918912684436,-0.18007735332177302,-1.2583394588375707,-0.22345527558581418,-1.5790803737592602,0.9841231756854657,0
-0.46546902347764374,0.9009088760241706,-1.179024470547907,-0.7538422021556551,-0.7423290972289317,0.9048055324001227,-0.9033157031149385,-0.8828162337175963,0.5819270433346045,-0.2262991435398101,-0.4814607612315388,0.286070666731554,0.9841231756854657,0
-0.46546902347764374,-1.1099901739376037,-1.179024470547907,0.5665900102869202,-0.404365943111267,-1.177851894974348,4.024959042630468,-0.8828162337175963,-1.1199946707833845,1.8377814870557112,-0.4814607612315388,-2.749760282152431,0.9841231756854657,0
1.398470950690115,0.9009088760241706,0.8491410419312149,-0.3742566324016755,1.7923945586535535,0.9048055324001227,0.06599664927436881,0.2744324511807092,-1.3415466098993358,0.4617277333253637,0.8085666669970842,0.5837011519162584,0.9841231756854657,0
-0.8043672005990544,0.9009088760241706,-0.502969299721533,0.40130699426740163,-0.911310674287764,0.9048055324001227,-0.2507203421941191,0.2744324511807092,-1.3583308477111502,-0.6849837281165926,-0.7394662468772634,0.7622794430270811,0.9841231756854657,0
0.38177641932588297,0.9009088760241706,1.5251962127575889,1.1273457271626195,0.4405419421828948,-1.177851894974348,2.4413740852880284,0.853056793629862,-0.06594453620143455,0.3470565871811683,-0.4814607612315388,0.06780831092943747,0.9841231756854657,0
-0.12657084635623306,-1.1099901739376037,-1.179024470547907,-0.21644341062802272,0.10257878806523006,-1.177851894974348,-0.09236184645987515,-1.461440576166749,-1.6671608234485367,0.003043148748581378,-0.22345527558581418,-0.3488743683291487,0.9841231756854657,0
1.0595727735687044,-1.1099901739376037,-0.502969299721533,-0.40719953049232294,0.7785050963005594,0.9048055324001227,0.42974611397592716,1.4316811360790147,0.3939435798422821,1.035083464046342,1.582583123934258,0.8416475724096689,-1.0161329645585022,0
-0.46546902347764374,-1.1099901739376037,-1.179024470547907,0.8406982951188318,0.10257878806523006,-1.177851894974348,0.8577891279455886,-0.3041918912684436,-0.5493305851816922,-0.34097028968400567,-0.4814607612315388,1.4567505751247247,-1.0161329645585022,0
-0.9738162891597597,-1.1099901739376037,-0.502969299721533,-0.5803945273092598,-0.911310674287764,0.9048055324001227,-0.5040939353689095,0.2744324511807092,0.5483585677109757,0.1177142948927768,-0.4814607612315388,-0.44808453005738347,0.9841231756854657,0
-0.12657084635623306,0.9009088760241706,0.8491410419312149,-0.6818605485136747,-0.23538436605243465,-1.177851894974348,-0.804975077263973,-0.8828162337175963,1.1089521106255795,-0.2262991435398101,0.8085666669970842,-0.190138109563973,0.9841231756854657,0
2.0762673049329363,-1.1099901739376037,0.8491410419312149,0.36759026971153763,2.130357712771218,0.9048055324001227,-0.7257958293968509,-0.3041918912684436,0.5248606347744353,-1.0289971665491795,2.6146050665171567,1.0202258635204915,0.9841231756854657,0
-0.2960199349169384,-1.1099901739376037,-1.179024470547907,-0.565249637918593,-0.404365943111267,0.9048055324001227,-0.09236184645987515,-1.461440576166749,-1.368401390398239,0.6910700256137552,-0.4814607612315388,0.14717644031202531,-1.0161329645585022,0
-0.12657084635623306,0.9009088760241706,-1.179024470547907,-0.015611754339066223,-0.23538436605243465,0.9048055324001227,-0.4090788379283631,-0.3041918912684436,1.696400434039086,-0.570312581972397,0.8085666669970842,0.10749237562073138,0.9841231756854657,0
-0.8043672005990544,0.9009088760241706,0.8491410419312149,-0.011742622012983471,-0.911310674287764,-1.177851894974348,-1.121692068732461,0.2744324511807092,1.1760890618728372,-1.2583394588375707,-0.997471732522988,-0.46792656240303043,0.9841231756854657,0
2.415165482054347,0.9009088760241706,-1.179024470547907,-0.29715824866316126,2.8062840210065474,0.9048055324001227,0.38271364074285674,0.853056793629862,0.1488937077897905,0.6910700256137552,3.130616037808606,0.286070666731554,0.9841231756854657,0
-0.2960199349169384,-1.1099901739376037,-0.502969299721533,-0.5361600797771872,-0.06640278899360229,0.9048055324001227,-0.5674373336626071,-1.461440576166749,-0.25057115213139414,-0.11162799739561437,-0.7394662468772634,-2.114815247091728,0.9841231756854657,0
1.906818216372231,0.9009088760241706,-0.502969299721533,0.760062418967899,2.2993392898300504,-1.177851894974348,0.07724010247150012,1.4316811360790147,-0.19686159113358773,-0.6849837281165926,1.066572152642809,-0.9838194033898514,0.9841231756854657,0
-0.8043672005990544,0.9009088760241706,0.8491410419312149,-0.45909328079235523,-0.911310674287764,0.9048055324001227,0.22435514500861276,-0.8828162337175963,-0.5023347193086114,0.9204123179021463,-0.7394662468772634,-1.4997122443766724,0.9841231756854657,0
0.7206745964472937,-1.1099901739376037,-0.502969299721533,-0.5074653310568102,1.1164682504182242,0.9048055324001227,-0.804975077263973,-1.461440576166749,-0.522475804682789,-0.570312581972397,0.29255569570563505,0.4249648931510827,0.9841231756854657,0
-0.2960199349169384,0.9009088760241706,-0.502969299721533,-0.1527843395813306,-0.23538436605243465,-1.177851894974348,-0.9783776300929701,0.853056793629862,-1.8752853723150364,-1.0289971665491795,-0.4814607612315388,-0.32903233598350173,0.9841231756854657,0
1.2290218621294098,0.9009088760241706,-0.502969299721533,0.9732595063234791,0.4405419421828948,-1.177851894974348,0.8577891279455886,0.853056793629862,-0.4687662436849826,-0.34097028968400567,0.5505611813513597,-0.20998014190961997,0.9841231756854657,0
-0.9738162891597597,-1.1099901739376037,0.8491410419312149,-0.11109246472068382,-0.911310674287764,-1.177851894974348,-0.2507203421941191,-1.461440576166749,-1.2979075915886182,-0.34097028968400567,-0.7394662468772634,-0.8449251769703227,0.9841231756854657,0
-0.8043672005990544,0.9009088760241706,-1.179024470547907,0.07453113267024129,-0.911310674287764,-1.177851894974348,-0.9669758184001045,-0.8828162337175963,-1.6537334331990852,-1.143668312693375,-0.4814607612315388,0.10749237562073138,-1.0161329645585022,0
1.398470950690115,-1.1099901739376037,-0.502969299721533,0.07314140350821974,1.1164682504182242,-1.177851894974348,-1.054231349549673,0.2744324511807092,-0.603040146179498,-1.2583394588375707,1.582583123934258,0.801963507718375,0.9841231756854657,0
2.754063659175758,0.9009088760241706,-1.179024470547907,1.025532273667699,2.9752655980653797,0.9048055324001227,0.38271364074285674,0.2744324511807092,-0.005521280078902488,-0.6849837281165926,1.3245776382885335,1.0400678958661385,-1.0161329645585022,0
1.398470950690115,0.9009088760241706,-1.179024470547907,-0.6394106395646526,0.7785050963005594,-1.177851894974348,0.017222232588221666,-0.8828162337175963,-0.492264176621523,1.2644257563347332,1.3245776382885335,-0.22982217425526694,0.9841231756854657,0
0.0428782422044723,-1.1099901739376037,-1.179024470547907,-0.546282993332367,-0.06640278899360229,0.9048055324001227,-0.4090788379283631,0.853056793629862,-0.5627579754311435,0.1177142948927768,0.5505611813513597,-1.8370267942526706,0.9841231756854657,0
-0.634918112038349,-1.1099901739376037,-0.502969299721533,-0.20199338581836673,-0.7423290972289317,-1.177851894974348,0.06599664927436881,-0.8828162337175963,-0.1901478960088621,0.1177142948927768,-0.997471732522988,-0.2893482712922078,0.9841231756854657,0
0.0428782422044723,-1.1099901739376037,0.8491410419312149,-0.11183470643221806,-0.404365943111267,-1.177851894974348,-0.7574675285436998,-0.3041918912684436,0.22274435416177443,-0.7996548742607882,0.8085666669970842,-0.6663468858595001,0.9841231756854657,0
0.0428782422044723,0.9009088760241706,1.5251962127575889,-0.37493570460584513,-0.06640278899360229,0.9048055324001227,-1.042512820865339,1.4316811360790147,-0.25057115213139414,-1.0289971665491795,0.03455021005991044,1.5361187045073124,-1.0161329645585022,0
-0.12657084635623306,0.9009088760241706,-0.502969299721533,-0.4333359141644329,-0.5733475201700994,-1.177851894974348,-0.9474977234247925,-0.8828162337175963,1.2331554704330066,-0.7996548742607882,-0.4814607612315388,1.337698381050843,-1.0161329645585022,0
-0.46546902347764374,-1.1099901739376037,0.8491410419312149,-0.6383841350699776,-0.7423290972289317,0.9048055324001227,-0.2507203421941191,0.2744324511807092,0.6792756226431284,0.6910700256137552,-0.7394662468772634,0.4448069254967297,0.9841231756854657,0
-0.9738162891597597,-1.1099901739376037,-1.179024470547907,0.07814758696686558,-0.911310674287764,0.9048055324001227,0.38271364074285674,0.2744324511807092,0.5114332445249834,0.003043148748581378,-0.7394662468772634,-1.102871597463733,-1.0161329645585022,0
-0.9738162891597597,0.9009088760241706,-0.502969299721533,0.17514436552523396,-0.911310674287764,0.9048055324001227,0.1610117467149152,0.2744324511807092,-1.3818287806476905,-0.2262991435398101,-0.7394662468772634,-0.22982217425526694,-1.0161329645585022,0
1.0595727735687044,-1.1099901739376037,0.8491410419312149,1.3758703615118613,0.9474866733593919,-1.177851894974348,2.4413740852880284,0.2744324511807092,0.4543668359648142,0.1177142948927768,0.29255569570563505,-0.15045404487267908,-1.0161329645585022,0
-0.8043672005990544,0.9009088760241706,-0.502969299721533,0.862049588608072,-0.911310674287764,-1.177851894974348,-0.7257958293968509,0.853056793629862,0.001192415045823164,-1.143668312693375,-0.4814607612315388,0.5043330225336705,0.9841231756854657,0
0.21232733076517762,0.9009088760241706,0.8491410419312149,0.13449478753610336,0.10257878806523006,-1.177851894974348,0.8577891279455886,-0.8828162337175963,0.001192415045823164,0.3470565871811683,0.29255569570563505,0.8416475724096689,-1.0161329645585022,0
1.0595727735687044,0.9009088760241706,0.17308587110484092,-0.004509713419734901,1.2854498274770565,-1.177851894974348,0.17463057734806017,-1.461440576166749,0.4040141225293712,-0.11162799739561437,0.5505611813513597,-0.40840046536608954,0.9841231756854657,0
-0.12657084635623306,0.9009088760241706,1.5251962127575889,-0.45748245835455753,0.2715603651240624,0.9048055324001227,-0.7444821318934918,0.2744324511807092,0.34359086640683856,-0.45564143582820127,-0.22345527558581418,1.9528013837658986,0.9841231756854657,0
-0.8043672005990544,0.9009088760241706,-0.502969299721533,-0.2967634392421324,-0.911310674287764,0.9048055324001227,0.5410721364771007,0.2744324511807092,0.3905867322799193,0.8057411717579506,-0.7394662468772634,0.5638591195706114,0.9841231756854657,0
1.2290218621294098,0.9009088760241706,1.5251962127575889,-0.37187198349866124,0.2715603651240624,0.9048055324001227,0.06599664927436881,-0.8828162337175963,1.357358830240434,0.4617277333253637,0.03455021005991044,0.6035431842619053,0.9841231756854657,0
-0.634918112038349,0.9009088760241706,-1.179024470547907,-0.5655654854554161,-0.911310674287764,-1.177851894974348,-0.8841543251310949,-1.461440576166749,0.15560740291451672,-0.570312581972397,-0.7394662468772634,0.6829113136444932,0.9841231756854657,0
-0.9738162891597597,-1.1099901739376037,1.5251962127575889,-0.3373024705933749,-0.911310674287764,0.9048055324001227,-0.3729731009009554,0.853056793629862,0.3637319517810161,-0.2262991435398101,-0.4814607612315388,0.7424374106814341,0.9841231756854657,0
-0.634918112038349,-1.1099901739376037,1.5251962127575889,0.2698038723111115,-0.5733475201700994,0.9048055324001227,0.6994306322113446,1.4316811360790147,0.8437611531989103,0.003043148748581378,-0.7394662468772634,1.1591200899400202,0.9841231756854657,0
-0.2960199349169384,0.9009088760241706,-1.179024470547907,-0.015343283932766603,-0.06640278899360229,0.9048055324001227,0.38271364074285674,-0.8828162337175963,0.48793531158844367,0.1177142948927768,0.03455021005991044,-0.36871640067479566,0.9841231756854657,0
1.398470950690115,0.9009088760241706,0.8491410419312149,0.3494606210978928,0.9474866733593919,-1.177851894974348,-1.359229812333827,-0.8828162337175963,-1.166990536656465,-1.487681751125962,2.6146050665171567,0.7225953783357871,0.9841231756854657,0
-0.8043672005990544,-1.1099901739376037,-1.179024470547907,-0.17495683666631093,-0.911310674287764,-1.177851894974348,0.38271364074285674,1.4316811360790147,0.051545128481266744,0.3470565871811683,-0.7394662468772634,0.5440170872249644,0.9841231756854657,0
-0.12657084635623306,-1.1099901739376037,-0.502969299721533,-0.5808682986144944,-0.404365943111267,0.9048055324001227,-1.118524898817776,-1.461440576166749,-0.5594011278687807,-0.9143260204049839,-0.7394662468772634,0.5440170872249644,-1.0161329645585022,0
-0.8043672005990544,-1.1099901739376037,0.8491410419312149,0.07637884076065632,-0.911310674287764,0.9048055324001227,1.6495816066168083,0.2744324511807092,1.2801513363060872,1.1497546101905376,-0.4814607612315388,1.0995939929030794,-1.0161329645585022,0
-0.46546902347764374,0.9009088760241706,-1.179024470547907,-0.07094824279047014,-0.404365943111267,-1.177851894974348,-1.1891527879152488,-0.8828162337175963,0.4308689030282738,-1.2583394588375707,-0.7394662468772634,-0.9639773710442044,0.9841231756854657,0
-0.8043672005990544,0.9009088760241706,0.8491410419312149,-0.39366546353945386,-0.5733475201700994,0.9048055324001227,-0.09236184645987515,0.853056793629862,0.6591345372689513,0.23238544103697253,-0.4814607612315388,0.305912699077201,-1.0161329645585022,0
1.5679200392508204,-1.1099901739376037,0.8491410419312149,-0.287809161573198,1.4544314045358888,-1.177851894974348,0.494514738731233,-0.8828162337175963,-1.1535631464070133,0.8057411717579506,1.8405886095799828,-0.6266628211682062,0.9841231756854657,0
-0.634918112038349,-1.1099901739376037,-0.502969299721533,-0.1427719726640389,-0.7423290972289317,0.9048055324001227,-0.5674373336626071,0.853056793629862,-1.5496711587658354,-0.6849837281165926,-0.4814607612315388,0.9805417988291976,0.9841231756854657,0
-0.634918112038349,0.9009088760241706,-0.502969299721533,-0.3365602288818407,-0.911310674287764,0.9048055324001227,0.06599664927436881,0.853056793629862,1.0082466837546924,0.3470565871811683,-0.4814607612315388,1.0599099282117854,-1.0161329645585022,0
-0.2960199349169384,-1.1099901739376037,-1.179024470547907,-0.11046076964703766,-0.5733475201700994,0.9048055324001227,0.06599664927436881,-1.461440576166749,1.5889813120434737,0.003043148748581378,-0.4814607612315388,-0.8647672093159696,0.9841231756854657,0
-0.8043672005990544,-1.1099901739376037,-0.502969299721533,2.5146112783969587,-0.23538436605243465,-1.177851894974348,2.3165875906494438,1.4316811360790147,0.9713213605687007,-0.45564143582820127,-0.4814607612315388,0.782121475372728,0.9841231756854657,0
-0.12657084635623306,0.9009088760241706,-0.502969299721533,0.699798708942055,0.2715603651240624,0.9048055324001227,-1.216548807677273,-0.3041918912684436,-0.6231812315536756,-1.3730106049817663,0.5505611813513597,-0.6068207888225592,-1.0161329645585022,0
-0.2960199349169384,0.9009088760241706,-1.179024470547907,-0.3561901532953952,-0.5733475201700994,-1.177851894974348,-0.9459141384674501,0.853056793629862,0.08847045166725842,-0.9143260204049839,-0.7394662468772634,-0.44808453005738347,-1.0161329645585022,0
-0.2960199349169384,-1.1099901739376037,0.8491410419312149,-0.18348472016053413,-0.23538436605243465,0.21058638994196582,-1.1728418628546218,1.4316811360790147,0.43758259815300005,-1.2583394588375707,-0.22345527558581418,-1.0036614357354983,0.9841231756854657,0
0.0428782422044723,-1.1099901739376037,-0.502969299721533,-0.5223259576643362,0.2715603651240624,-1.177851894974348,1.0953268715469546,-0.3041918912684436,-0.7003887254880223,2.411137217776689,-0.4814607612315388,1.258330251668255,0.9841231756854657,0
-0.8043672005990544,-1.1099901739376037,0.8491410419312149,-0.22879304931780522,-0.911310674287764,-1.177851894974348,0.06599664927436881,0.853056793629862,-0.3680608168140954,0.1177142948927768,-0.7394662468772634,-1.0433455004267922,0.9841231756854657,0
0.0428782422044723,-1.1099901739376037,0.8491410419312149,0.08429082155807452,-0.23538436605243465,0.9048055324001227,-0.5674373336626071,-0.3041918912684436,-0.07937192645088645,-0.7996548742607882,0.8085666669970842,0.5638591195706114,0.9841231756854657,0
0.21232733076517762,-1.1099901739376037,-0.502969299721533,0.8021333108727334,0.10257878806523006,-1.177851894974348,-0.7257958293968509,-0.8828162337175963,0.4006572749670078,-1.143668312693375,0.29255569570563505,1.6750129309268411,-1.0161329645585022,0
0.38177641932588297,-1.1099901739376037,0.8491410419312149,-0.48995158513997034,0.2715603651240624,0.9048055324001227,-1.042512820865339,0.2744324511807092,-1.2979075915886182,-0.9143260204049839,0.29255569570563505,1.0003838311748445,-1.0161329645585022,0
-0.2960199349169384,0.9009088760241706,-1.179024470547907,-0.7973502003530346,-0.7423290972289317,0.9048055324001227,-0.5674373336626071,0.2744324511807092,-1.4456088843325854,0.6910700256137552,-0.4814607612315388,1.278172284013902,0.9841231756854657,0
0.0428782422044723,0.9009088760241706,0.8491410419312149,1.036886992616489,-0.404365943111267,-1.177851894974348,1.6495816066168083,1.4316811360790147,-1.0662851097855781,0.003043148748581378,0.5505611813513597,-0.2893482712922078,-1.0161329645585022,0
0.21232733076517762,0.9009088760241706,-0.502969299721533,-0.39173879356483304,0.2715603651240624,0.9048055324001227,-0.6660946765050411,-1.461440576166749,0.6859893177678545,-0.45564143582820127,0.29255569570563505,0.4448069254967297,0.9841231756854657,0
0.5512255078865883,0.9009088760241706,-0.502969299721533,0.49662978088060766,0.2715603651240624,-1.177851894974348,1.1908170444747037,-0.3041918912684436,0.9444665800697976,0.1177142948927768,1.066572152642809,0.5440170872249644,0.9841231756854657,0
-0.12657084635623306,-1.1099901739376037,0.8491410419312149,1.3145959393681834,0.4405419421828948,-1.177851894974348,0.21532871075176085,1.4316811360790147,-0.7843099145470948,-0.7996548742607882,0.29255569570563505,-1.2417658238832618,0.9841231756854657,0
-0.634918112038349,-1.1099901739376037,0.8491410419312149,-0.5185673719761416,-0.911310674287764,-1.177851894974348,0.06599664927436881,-0.8828162337175963,-0.9085132743545218,0.8057411717579506,-0.7394662468772634,-0.4282424977117365,0.9841231756854657,0
0.890123685007999,-1.1099901739376037,-1.179024470547907,-0.10603890413151451,0.2715603651240624,-1.177851894974348,-1.2800505644667048,0.2744324511807092,-1.3818287806476905,-1.3730106049817663,0.03455021005991044,-1.4401861473397315,0.9841231756854657,0
0.21232733076517762,0.9009088760241706,1.5251962127575889,-0.7018379052177347,-0.23538436605243465,-1.177851894974348,1.1868580820813475,1.4316811360790147,-0.613110688866587,3.9018621176512323,-0.22345527558581418,0.7027533459901402,0.9841231756854657,0
0.5512255078865883,-1.1099901739376037,-1.179024470547907,-0.10959218892077419,0.10257878806523006,0.9048055324001227,0.8577891279455886,-0.8828162337175963,-0.3848450546259102,0.8057411717579506,0.5505611813513597,0.3654387961141419,0.9841231756854657,0
0.7206745964472937,0.9009088760241706,-1.179024470547907,0.38178761649173515,0.4405419421828948,-1.177851894974348,-0.7455906413636315,1.4316811360790147,-0.1935047435712249,-1.0289971665491795,0.5505611813513597,0.9210157017922567,0.9841231756854657,0
2.0762673049329363,-1.1099901739376037,0.8491410419312149,1.120949814541952,1.6234129815947211,-1.177851894974348,-0.11690741329868297,0.2744324511807092,-1.076355652472667,-0.9143260204049839,1.582583123934258,-0.9441353386985575,0.9841231756854657,0
0.38177641932588297,0.9009088760241706,-1.179024470547907,1.0191047762933494,0.10257878806523006,-1.177851894974348,-0.09236184645987515,0.2744324511807092,0.03476089066945202,-0.9143260204049839,1.066572152642809,-2.134657279437375,0.9841231756854657,0
0.21232733076517762,-1.1099901739376037,-1.179024470547907,2.5486754352433283,-0.23538436605243465,-1.177851894974348,0.06599664927436881,-0.8828162337175963,-1.0192892439124976,-1.143668312693375,1.066572152642809,0.0479662785837905,0.9841231756854657,0
2.2457163934936415,0.9009088760241706,1.5251962127575889,-0.4312829051750829,2.130357712771218,0.9048055324001227,-0.8841543251310949,-0.8828162337175963,0.7866947446387411,-0.6849837281165926,2.6146050665171567,0.10749237562073138,0.9841231756854657,0
-0.634918112038349,-1.1099901739376037,-0.502969299721533,0.269030045845895,-0.911310674287764,-1.177851894974348,0.38271364074285674,-0.8828162337175963,0.830333762949459,-0.2262991435398101,-0.4814607612315388,0.4448069254967297,0.9841231756854657,0
-0.46546902347764374,0.9009088760241706,-0.502969299721533,-0.38190014279279405,-0.06640278899360229,0.9048055324001227,-0.7257958293968509,0.853056793629862,0.041474585794178266,-0.570312581972397,-0.7394662468772634,0.9011736694466097,0.9841231756854657,0
-0.8043672005990544,-1.1099901739376037,-1.179024470547907,-0.5614120903461925,-0.7423290972289317,-1.177851894974348,-0.37471504435403213,0.2744324511807092,-1.8316463540043189,0.23238544103697253,-0.7394662468772634,1.278172284013902,0.9841231756854657,0
-0.46546902347764374,-1.1099901739376037,1.5251962127575889,0.32965698053908554,-0.23538436605243465,-1.177851894974348,0.06599664927436881,-0.8828162337175963,-0.9890776158512313,-0.45564143582820127,0.03455021005991044,-0.6465048535138531,0.9841231756854657,0
0.7206745964472937,0.9009088760241706,-0.502969299721533,0.538274278610731,0.10257878806523006,-1.177851894974348,0.8227919003883207,1.4316811360790147,-1.0226460914748605,-0.11162799739561437,-0.22345527558581418,0.6630692812988462,-1.0161329645585022,0
1.5679200392508204,0.9009088760241706,-1.179024470547907,-0.03746840388722347,1.6234129815947211,-1.177851894974348,0.38271364074285674,-0.8828162337175963,-0.03237606057780569,0.1177142948927768,2.098594095225707,0.4844909901880236,0.9841231756854657,0
1.398470950690115,0.9009088760241706,-0.502969299721533,1.2153724356752125,1.9613761357123858,-1.177851894974348,0.38271364074285674,0.853056793629862,0.3335203237197501,-0.6849837281165926,2.098594095225707,-0.38855843302044263,0.9841231756854657,0
-0.634918112038349,0.9009088760241706,-0.502969299721533,1.1757335698039155,-0.7423290972289317,-1.177851894974348,0.8577891279455886,-1.461440576166749,-0.24721430456903132,-0.45564143582820127,-0.4814607612315388,0.38528082845978884,0.9841231756854657,0
-0.634918112038349,0.9009088760241706,0.8491410419312149,-0.33608645757660605,-0.911310674287764,0.9048055324001227,-0.7257958293968509,-1.461440576166749,0.23281489684886292,-0.570312581972397,-0.997471732522988,-0.13061201252703214,0.9841231756854657,0
2.0762673049329363,0.9009088760241706,0.8491410419312149,1.0286117871517242,2.2993392898300504,-1.177851894974348,1.6495816066168083,-0.8828162337175963,-0.015591822765990965,0.003043148748581378,1.3245776382885335,1.4765926074703717,-1.0161329645585022,0
-0.9738162891597597,0.9009088760241706,-1.179024470547907,-0.8692686844876503,-0.911310674287764,0.9048055324001227,-0.6307807319563046,0.2744324511807092,-0.09615616426270057,1.035083464046342,-0.22345527558581418,-0.38855843302044263,0.9841231756854657,0
-0.8043672005990544,0.9009088760241706,-1.179024470547907,0.24369907339268385,-0.911310674287764,0.9048055324001227,0.6932546508777091,0.853056793629862,0.4980058542755321,0.1177142948927768,-0.4814607612315388,1.0003838311748445,-1.0161329645585022,0
0.38177641932588297,0.9009088760241706,0.8491410419312149,-0.29976399084195166,0.2715603651240624,0.9048055324001227,-1.2008713165995828,1.4316811360790147,1.2700807936189982,-1.2583394588375707,0.5505611813513597,1.1392780575943733,0.9841231756854657,0
0.5512255078865883,-1.1099901739376037,1.5251962127575889,1.0722461243638328,0.2715603651240624,-1.177851894974348,0.06599664927436881,0.2744324511807092,-0.97565022560178,-0.7996548742607882,0.03455021005991044,0.7622794430270811,0.9841231756854657,0
0.7206745964472937,-1.1099901739376037,-1.179024470547907,0.6471627169304884,0.7785050963005594,-1.177851894974348,0.05744529050471963,0.853056793629862,-1.858501134503222,-0.6849837281165926,0.5505611813513597,-0.4877685947486774,0.9841231756854657,0
-0.12657084635623306,-1.1099901739376037,0.8491410419312149,0.5426487669957307,-0.5733475201700994,-1.177851894974348,4.024959042630468,-0.8828162337175963,-0.8749447987308929,1.952452633199907,-0.4814607612315388,0.06780831092943747,0.9841231756854657,0
-0.8043672005990544,-1.1099901739376037,-0.502969299721533,-0.3190148982113185,-0.911310674287764,0.9048055324001227,-0.5674373336626071,1.4316811360790147,-0.23043006675721658,-0.45564143582820127,-0.7394662468772634,0.305912699077201,0.9841231756854657,0
1.398470950690115,0.9009088760241706,-1.179024470547907,0.17432316192949396,1.4544314045358888,-1.177851894974348,-0.8841543251310949,0.853056793629862,1.1895164521222892,-1.143668312693375,0.03455021005991044,0.5241750548793175,0.9841231756854657,0
-0.9738162891597597,-1.1099901739376037,-0.502969299721533,-0.6771544202150108,-0.911310674287764,0.9048055324001227,-0.4090788379283631,0.2744324511807092,-0.18679104844649927,0.5763988794695595,-0.4814607612315388,0.5638591195706114,0.9841231756854657,0
0.21232733076517762,0.9009088760241706,1.5251962127575889,0.1321101386330891,0.2715603651240624,0.9048055324001227,-0.8377552858809615,0.2744324511807092,-1.4187541038336824,-1.0289971665491795,0.03455021005991044,1.0599099282117854,-1.0161329645585022,0
-0.634918112038349,0.9009088760241706,0.8491410419312149,-0.47209040693262505,-0.23538436605243465,0.9048055324001227,-0.6382235812558141,-1.461440576166749,-0.9252975121663365,-0.34097028968400567,-0.4814607612315388,-1.4600281796853785,0.9841231756854657,0
-0.634918112038349,0.9009088760241706,-0.502969299721533,-0.3407136239910642,-0.911310674287764,-1.177851894974348,0.38271364074285674,-1.461440576166749,-0.4419114631860794,0.8057411717579506,-0.7394662468772634,0.18686050500331922,0.9841231756854657,0
-0.2960199349169384,-1.1099901739376037,-0.502969299721533,-0.39756618061921895,-0.06640278899360229,0.9048055324001227,-0.2507203421941191,-0.8828162337175963,-0.09279931670033775,0.1177142948927768,-0.4814607612315388,-1.8767108589439645,0.9841231756854657,0
-0.46546902347764374,0.9009088760241706,-0.502969299721533,0.4558854486304301,-0.911310674287764,-1.177851894974348,-0.2507203421941191,-0.8828162337175963,-1.5463143112034723,-0.7996548742607882,-0.7394662468772634,-0.8647672093159696,0.9841231756854657,0
-0.2960199349169384,0.9009088760241706,0.8491410419312149,-0.1092447566302688,-0.06640278899360229,0.9048055324001227,-1.327558113186978,-1.461440576166749,-1.12670836590811,-1.3730106049817663,-0.4814607612315388,-0.03140185079879733,0.9841231756854657,0
0.21232733076517762,-1.1099901739376037,-0.502969299721533,0.3661215786653103,0.4405419421828948,0.9048055324001227,-0.2507203421941191,0.853056793629862,0.3335203237197501,-0.6849837281165926,0.03455021005991044,0.6630692812988462,0.9841231756854657,0
-0.46546902347764374,-1.1099901739376037,-0.502969299721533,-0.5338386003815375,-0.404365943111267,0.9048055324001227,-0.8898552309775277,-0.8828162337175963,0.5248606347744353,-0.570312581972397,0.29255569570563505,-0.190138109563973,0.9841231756854657,0
-0.8043672005990544,-1.1099901739376037,-0.502969299721533,0.45185839253593585,-0.911310674287764,-1.177851894974348,1.0161476236798326,-0.8828162337175963,-0.8044509999212723,0.1177142948927768,-0.7394662468772634,0.20670253734896618,0.9841231756854657,0
-0.2960199349169384,-1.1099901739376037,-1.179024470547907,-0.15014701264885788,-0.5733475201700994,0.9048055324001227,-0.2507203421941191,-0.8828162337175963,-0.005521280078902488,-0.34097028968400567,0.03455021005991044,-0.15045404487267908,0.9841231756854657,0
2.5846145706150523,0.9009088760241706,0.8491410419312149,1.3636628542136493,1.9613761357123858,-1.177851894974348,0.0504775166924129,-0.8828162337175963,-1.3549740001487873,-0.9143260204049839,2.098594095225707,1.6353288662355472,-1.0161329645585022,0
-0.12657084635623306,0.9009088760241706,-1.179024470547907,0.34094852998051073,-0.23538436605243465,-1.177851894974348,-0.4090788379283631,-1.461440576166749,-1.2475548781531747,-0.7996548742607882,1.066572152642809,0.6630692812988462,-1.0161329645585022,0
-0.8043672005990544,-1.1099901739376037,0.8491410419312149,-0.4898252461252411,-0.911310674287764,0.9048055324001227,-0.3298995900612411,-1.461440576166749,0.25966967734776614,0.1177142948927768,-0.7394662468772634,-1.6981325678331418,0.9841231756854657,0
0.0428782422044723,0.9009088760241706,-0.502969299721533,0.3158070660493934,-0.23538436605243465,-1.177851894974348,0.20772750295651715,-1.461440576166749,-0.7775962194223691,-0.34097028968400567,0.5505611813513597,0.7424374106814341,0.9841231756854657,0
-0.46546902347764374,0.9009088760241706,1.5251962127575889,-0.600608769665937,-0.5733475201700994,0.9048055324001227,-0.7257958293968509,0.853056793629862,-0.6164675364289499,-0.2262991435398101,-0.4814607612315388,0.6035431842619053,0.9841231756854657,0
-0.46546902347764374,-1.1099901739376037,0.8491410419312149,-0.05043394527381098,-0.5733475201700994,-1.177851894974348,-1.121692068732461,-1.461440576166749,0.622209214082959,-1.2583394588375707,-0.4814607612315388,-2.69023418511549,0.9841231756854657,0
-0.8043672005990544,-1.1099901739376037,1.5251962127575889,-0.1120242149543119,-0.911310674287764,-1.177851894974348,-0.6307807319563046,1.4316811360790147,-0.08944246913797492,-0.6849837281165926,-0.22345527558581418,0.5638591195706114,0.9841231756854657,0
-0.634918112038349,0.9009088760241706,1.5251962127575889,-0.007099663221684171,-0.404365943111267,0.9048055324001227,-0.7257958293968509,-0.8828162337175963,0.39730042740464494,-0.9143260204049839,-0.7394662468772634,-0.5274526594399713,0.9841231756854657,0
0.0428782422044723,-1.1099901739376037,0.8491410419312149,0.2677508633217615,0.10257878806523006,-1.177851894974348,-0.4090788379283631,0.853056793629862,0.6759187750807655,-0.7996548742607882,-0.4814607612315388,1.0202258635204915,-1.0161329645585022,0
-0.12657084635623306,0.9009088760241706,-1.179024470547907,-0.08850936583783348,0.4405419421828948,0.9048055324001227,-0.7257958293968509,1.4316811360790147,-0.492264176621523,-0.7996548742607882,0.03455021005991044,-0.5869787564769122,0.9841231756854657,0
-0.12657084635623306,-1.1099901739376037,1.5251962127575889,-0.11333498223212769,0.10257878806523006,0.21058638994196582,2.3226052134873454,1.4316811360790147,0.964607665443975,2.1817949254882985,-0.22345527558581418,0.305912699077201,0.9841231756854657,0
1.7373691278115257,0.9009088760241706,-0.502969299721533,-0.017364708168434325,1.7923945586535535,-1.177851894974348,-0.9474977234247925,0.2744324511807092,-0.7003887254880223,-1.0289971665491795,2.356599580871432,-0.4877685947486774,0.9841231756854657,0
0.21232733076517762,-1.1099901739376037,0.8491410419312149,-0.8361520702517502,-0.23538436605243465,0.9048055324001227,-1.3178982449471892,0.2744324511807092,0.5483585677109757,-1.0289971665491795,0.03455021005991044,-0.9242933063529105,-1.0161329645585022,0
2.0762673049329363,-1.1099901739376037,0.8491410419312149,1.591073080726268,1.9613761357123858,-1.177851894974348,2.3118368357774166,0.853056793629862,0.27645391515958084,-0.11162799739561437,2.356599580871432,0.5241750548793175,0.9841231756854657,0
-0.46546902347764374,0.9009088760241706,-0.502969299721533,0.4647291796614764,-0.911310674287764,-1.177851894974348,-0.5674373336626071,0.853056793629862,0.6389934518947737,-1.0289971665491795,-0.4814607612315388,-0.5869787564769122,0.9841231756854657,0
-0.46546902347764374,0.9009088760241706,-0.502969299721533,0.6456624411305788,-0.911310674287764,-1.177851894974348,2.641539223896113,0.853056793629862,0.18917587853814558,0.9204123179021463,-0.4814607612315388,-0.011559818453150373,0.9841231756854657,0
-0.12657084635623306,0.9009088760241706,0.17308587110484092,-0.8018668201296046,-0.404365943111267,0.9048055324001227,-0.8841543251310949,0.2744324511807092,-0.5963264510547723,0.003043148748581378,-0.22345527558581418,1.258330251668255,-1.0161329645585022,0
-0.2960199349169384,-1.1099901739376037,-0.502969299721533,-0.0921100277576166,-0.5733475201700994,0.9048055324001227,-0.7257958293968509,0.2744324511807092,-0.06594453620143455,-0.7996548742607882,-0.4814607612315388,-0.11076998018138517,-1.0161329645585022,0
0.0428782422044723,-1.1099901739376037,-0.502969299721533,-0.13564961070867843,0.4405419421828948,0.9048055324001227,-0.2507203421941191,0.853056793629862,0.1253957748532507,-0.34097028968400567,0.03455021005991044,-0.8846092416616166,0.9841231756854657,0
-0.12657084635623306,0.9009088760241706,1.5251962127575889,-0.2975530580841901,-0.911310674287764,0.9048055324001227,0.8577891279455886,1.4316811360790147,1.3707862204898853,1.2644257563347332,-0.22345527558581418,0.4448069254967297,0.9841231756854657,0
-0.634918112038349,0.9009088760241706,-1.179024470547907,-0.7002902522873016,-0.23538436605243465,0.9048055324001227,-0.7257958293968509,-0.8828162337175963,-1.0864261951597556,0.003043148748581378,-0.997471732522988,-0.3488743683291487,0.9841231756854657,0
2.415165482054347,-1.1099901739376037,0.8491410419312149,1.5990956081615744,1.7923945586535535,-1.177851894974348,1.3950995039718783,-0.3041918912684436,0.001192415045823164,-0.45564143582820127,2.872610552162881,0.4448069254967297,-1.0161329645585022,0
-0.46546902347764374,0.9009088760241706,-1.179024470547907,-0.32793759112657056,-0.5733475201700994,0.9048055324001227,0.38271364074285674,0.2744324511807092,-0.025662365453080038,0.6910700256137552,-0.7394662468772634,1.0797519605574324,0.9841231756854657,0
1.2290218621294098,0.9009088760241706,-0.502969299721533,-0.8047252403378535,1.1164682504182242,0.9048055324001227,-0.7272210558584592,1.4316811360790147,1.3976410009887885,0.3470565871811683,0.8085666669970842,0.14717644031202531,0.9841231756854657,0
0.21232733076517762,0.9009088760241706,-1.179024470547907,0.2654293839261119,0.7785050963005594,-1.177851894974348,-0.5674373336626071,0.853056793629862,-1.4926047502056663,-0.9143260204049839,1.066572152642809,0.38528082845978884,0.9841231756854657,0
-0.634918112038349,0.9009088760241706,1.5251962127575889,0.27035660550055196,-0.404365943111267,-1.177851894974348,0.06599664927436881,0.2744324511807092,-1.2173432500919086,-0.45564143582820127,-0.997471732522988,1.317856348705196,0.9841231756854657,0
0.38177641932588297,0.9009088760241706,-0.502969299721533,0.6454729326084849,0.10257878806523006,-1.177851894974348,0.5410721364771007,-1.461440576166749,-0.9588659877899653,-0.34097028968400567,0.8085666669970842,1.278172284013902,0.9841231756854657,0
1.398470950690115,-1.1099901739376037,-1.179024470547907,0.21388306591658493,1.6234129815947211,-1.177851894974348,-0.811467775589077,1.4316811360790147,-1.2106295549671826,-1.0289971665491795,1.582583123934258,0.6432272489531993,-1.0161329645585022,0
-0.634918112038349,-1.1099901739376037,1.5251962127575889,0.21776799061950886,-0.5733475201700994,-1.177851894974348,-0.5835899002274999,-1.461440576166749,-1.536243768516384,-0.9143260204049839,-0.4814607612315388,1.238488219322608,-1.0161329645585022,0
-0.2960199349169384,-1.1099901739376037,-0.502969299721533,0.5231925587274289,-0.5733475201700994,-1.177851894974348,0.38271364074285674,1.4316811360790147,-0.22707321919485376,-0.34097028968400567,-0.22345527558581418,-0.03140185079879733,0.9841231756854657,0
-0.46546902347764374,-1.1099901739376037,-1.179024470547907,-0.3947235527878112,-0.5733475201700994,0.9048055324001227,-1.2008713165995828,0.2744324511807092,-0.9085132743545218,-1.143668312693375,-0.4814607612315388,0.8614896047553159,0.9841231756854657,0
0.890123685007999,-1.1099901739376037,-0.502969299721533,0.7013621542493292,0.9474866733593919,-1.177851894974348,1.3328646151483206,0.2744324511807092,1.7971058609099733,0.003043148748581378,0.29255569570563505,0.32575473142284794,-1.0161329645585022,0
2.2457163934936415,0.9009088760241706,0.17308587110484092,0.8168675984655303,2.130357712771218,-1.177851894974348,0.4888138328848002,0.853056793629862,0.5919975860216931,-0.45564143582820127,1.3245776382885335,1.6154868338899002,0.9841231756854657,0
0.5512255078865883,0.9009088760241706,-0.502969299721533,0.687717540658572,0.7785050963005594,0.9048055324001227,1.3328646151483206,0.2744324511807092,-0.2707122375055717,0.1177142948927768,1.066572152642809,-1.3409759856114967,0.9841231756854657,0
0.38177641932588297,0.9009088760241706,-1.179024470547907,-0.5841531129974544,0.6095235192417271,-1.177851894974348,-1.2008713165995828,0.2744324511807092,-1.7376546222581577,-1.0289971665491795,0.8085666669970842,-0.8052411122790287,0.9841231756854657,0
0.7206745964472937,-1.1099901739376037,-0.502969299721533,0.08370650361495181,0.10257878806523006,-1.177851894974348,-0.7257958293968509,0.2744324511807092,0.15560740291451672,-0.9143260204049839,0.03455021005991044,0.9408577341379036,-1.0161329645585022,0
0.5512255078865883,0.9009088760241706,-0.502969299721533,0.9330205301322185,0.9474866733593919,-1.177851894974348,0.8577891279455886,1.4316811360790147,-1.4120404087089566,-0.34097028968400567,0.5505611813513597,0.06780831092943747,-1.0161329645585022,0
-0.9738162891597597,-1.1099901739376037,-1.179024470547907,-0.7690344686768453,-0.911310674287764,0.9048055324001227,-0.8841543251310949,0.2744324511807092,-0.7943804572341833,-0.11162799739561437,-0.4814607612315388,-0.5671367241312653,0.9841231756854657,0
-0.634918112038349,-1.1099901739376037,0.8491410419312149,0.6466099837410481,-0.911310674287764,-1.177851894974348,0.06599664927436881,1.4316811360790147,-1.1502062988446506,-0.6849837281165926,-0.7394662468772634,1.0599099282117854,-1.0161329645585022,0
1.7373691278115257,0.9009088760241706,0.8491410419312149,-0.29382605714967774,1.6234129815947211,0.9048055324001227,-0.06069014731302636,-0.8828162337175963,-0.5896127559300467,0.1177142948927768,1.3245776382885335,0.5241750548793175,0.9841231756854657,0
-0.2960199349169384,-1.1099901739376037,-1.179024470547907,-0.6565453684373047,-0.911310674287764,0.9048055324001227,-0.9620667050323429,-1.461440576166749,-1.2609822684026262,-0.570312581972397,-0.4814607612315388,-0.17029607721832604,-1.0161329645585022,0
-0.8043672005990544,-1.1099901739376037,-0.502969299721533,0.22953331136616864,-0.5733475201700994,0.9048055324001227,-0.8672099660875309,0.2744324511807092,1.2734376411813615,-1.143668312693375,-0.4814607612315388,0.821805540064022,-1.0161329645585022,0
-0.46546902347764374,0.9009088760241706,-0.502969299721533,0.36717966791366763,-0.7423290972289317,-1.177851894974348,0.38271364074285674,0.2744324511807092,-1.6100944148883676,-0.2262991435398101,-0.7394662468772634,1.3773824457421369,-1.0161329645585022,0
-0.46546902347764374,0.9009088760241706,-1.179024470547907,0.27048294451528115,-0.23538436605243465,-1.177851894974348,0.06599664927436881,-0.8828162337175963,0.001192415045823164,-0.45564143582820127,-0.4814607612315388,0.6630692812988462,-1.0161329645585022,0
-0.9738162891597597,0.9009088760241706,-1.179024470547907,-0.45383441930425095,-0.911310674287764,0.9048055324001227,-1.121692068732461,-0.8828162337175963,0.19588957366287124,-1.0289971665491795,-0.7394662468772634,-0.03140185079879733,0.9841231756854657,0
0.38177641932588297,-1.1099901739376037,1.5251962127575889,-0.4522235968664532,0.4405419421828948,0.9048055324001227,-0.7257958293968509,0.853056793629862,0.19253272610050842,-0.45564143582820127,1.066572152642809,1.1988041546313142,-1.0161329645585022,0
-0.8043672005990544,0.9009088760241706,0.8491410419312149,0.08196934216242487,-0.23538436605243465,0.9048055324001227,0.38271364074285674,-0.8828162337175963,-0.901799579229796,0.003043148748581378,-0.4814607612315388,0.06780831092943747,0.9841231756854657,0
-0.2960199349169384,0.9009088760241706,1.5251962127575889,-0.11025546874810266,-0.5733475201700994,-1.177851894974348,-0.49126689721443567,0.853056793629862,-1.3449034574616987,-0.570312581972397,-0.22345527558581418,1.4567505751247247,0.9841231756854657,0
-0.12657084635623306,-1.1099901739376037,1.5251962127575889,0.3309677478169013,-0.404365943111267,0.9048055324001227,-0.005581390797509463,-0.8828162337175963,-0.005521280078902488,-0.570312581972397,-0.7394662468772634,-1.0433455004267922,0.9841231756854657,0
-0.46546902347764374,-1.1099901739376037,0.8491410419312149,0.7100163767582817,-0.06640278899360229,-1.177851894974348,3.1055296163974475,0.853056793629862,0.058258823605992396,1.035083464046342,-0.997471732522988,0.16701847265767225,-1.0161329645585022,0
-0.8043672005990544,-1.1099901739376037,-1.179024470547907,-0.7970975223235761,-0.911310674287764,0.9048055324001227,-1.2800505644667048,-0.8828162337175963,0.3301634761573873,-1.0289971665491795,-0.7394662468772634,-0.36871640067479566,-1.0161329645585022,0
0.21232733076517762,-1.1099901739376037,0.8491410419312149,-0.2973951343157786,0.10257878806523006,0.9048055324001227,-0.2507203421941191,0.2744324511807092,-0.10958355451215247,-0.11162799739561437,0.5505611813513597,0.3654387961141419,-1.0161329645585022,0
1.2290218621294098,-1.1099901739376037,0.8491410419312149,0.49512950508069803,0.9474866733593919,-1.177851894974348,-0.7302298672774098,1.4316811360790147,-0.14650887769814416,-1.143668312693375,1.066572152642809,-0.8250831446246757,0.9841231756854657,0
-0.2960199349169384,-1.1099901739376037,-1.179024470547907,0.37543908100159123,-0.06640278899360229,-1.177851894974348,-0.28223368284523365,-0.8828162337175963,0.27645391515958084,-0.6849837281165926,-0.7394662468772634,-1.0036614357354983,0.9841231756854657,0
-0.634918112038349,0.9009088760241706,-1.179024470547907,0.46333945049945485,-0.06640278899360229,-1.177851894974348,-0.013182598592753173,0.2744324511807092,0.0851136041048956,-0.570312581972397,-0.4814607612315388,0.008282213892496587,0.9841231756854657,0
-0.634918112038349,0.9009088760241706,1.5251962127575889,-0.32278927627635434,-0.5733475201700994,-1.177851894974348,-0.8841543251310949,1.4316811360790147,0.9209686471332571,-0.7996548742607882,-0.4814607612315388,0.6630692812988462,0.9841231756854657,0
-0.634918112038349,0.9009088760241706,0.8491410419312149,0.17920300637341058,-0.404365943111267,-1.177851894974348,-0.4090788379283631,0.853056793629862,-1.1468494512822878,-0.6849837281165926,-0.7394662468772634,-0.190138109563973,0.9841231756854657,0
-0.2960199349169384,0.9009088760241706,1.5251962127575889,-0.37540947591107976,-0.404365943111267,-1.177851894974348,-0.4909501802229672,0.853056793629862,-0.14986572526050698,-0.2262991435398101,-0.4814607612315388,-0.5274526594399713,-1.0161329645585022,0
-0.2960199349169384,0.9009088760241706,0.8491410419312149,-0.3196623856618058,0.2715603651240624,0.9048055324001227,-1.042512820865339,0.853056793629862,0.4040141225293712,-1.0289971665491795,-0.22345527558581418,-0.09092794783573821,-1.0161329645585022,0
-0.634918112038349,0.9009088760241706,0.8491410419312149,-0.22354998020654207,-0.7423290972289317,0.9048055324001227,-0.2507203421941191,0.2744324511807092,-0.4016292924377243,-0.2262991435398101,-0.4814607612315388,-0.15045404487267908,-1.0161329645585022,0
-0.8043672005990544,-1.1099901739376037,-1.179024470547907,-0.5646495275986292,-0.911310674287764,-1.177851894974348,0.4085260755475385,0.2744324511807092,-0.04916029838962042,1.6084391947673204,-0.4814607612315388,0.14717644031202531,-1.0161329645585022,0
-0.634918112038349,-1.1099901739376037,1.5251962127575889,1.0254059346529698,-0.5733475201700994,-1.177851894974348,1.6495816066168083,0.853056793629862,-0.21700267650776528,0.003043148748581378,-0.4814607612315388,0.12733440796637835,-1.0161329645585022,0
-0.46546902347764374,-1.1099901739376037,-1.179024470547907,-0.4331779903960214,-0.5733475201700994,0.9048055324001227,-0.7257958293968509,0.2744324511807092,-1.240841183028449,-0.45564143582820127,-0.22345527558581418,-0.6663468858595001,-1.0161329645585022,0
-0.9738162891597597,-1.1099901739376037,-1.179024470547907,-0.6774386829981516,-0.911310674287764,0.9048055324001227,-0.5674373336626071,-1.461440576166749,-0.04244660326489417,0.23238544103697253,-0.7394662468772634,0.38528082845978884,0.9841231756854657,0
-0.8043672005990544,-1.1099901739376037,-1.179024470547907,-0.06872151765586741,-0.7423290972289317,-1.177851894974348,-0.8841543251310949,-0.8828162337175963,-1.3113349818380697,-1.0289971665491795,-0.4814607612315388,-0.6266628211682062,0.9841231756854657,0
1.7373691278115257,0.9009088760241706,-1.179024470547907,-0.10739704853985377,1.2854498274770565,0.9048055324001227,0.06599664927436881,1.4316811360790147,-1.173704231781191,0.003043148748581378,1.8405886095799828,-0.32903233598350173,0.9841231756854657,0
1.2290218621294098,-1.1099901739376037,1.5251962127575889,-0.39469196803412887,0.9474866733593919,0.9048055324001227,0.38271364074285674,0.2744324511807092,0.20931696391232313,0.9204123179021463,0.5505611813513597,1.0995939929030794,0.9841231756854657,0
1.906818216372231,0.9009088760241706,0.8491410419312149,1.0062655739214912,2.2993392898300504,-1.177851894974348,-0.7055259419428678,-1.461440576166749,0.014619805295275064,-1.143668312693375,1.3245776382885335,-2.3926036999307856,0.9841231756854657,0
0.38177641932588297,-1.1099901739376037,-0.502969299721533,0.7001619336094015,0.6095235192417271,-1.177851894974348,1.272213311282105,-1.461440576166749,1.632620330354191,0.003043148748581378,0.03455021005991044,0.7622794430270811,-1.0161329645585022,0
0.7206745964472937,0.9009088760241706,-1.179024470547907,-0.909318152156817,0.4405419421828948,0.21058638994196582,-1.4284324749696915,1.4316811360790147,0.014619805295275064,-1.2583394588375707,0.03455021005991044,0.5241750548793175,0.9841231756854657,0
-0.634918112038349,-1.1099901739376037,0.8491410419312149,0.10581583119256753,-0.911310674287764,-1.177851894974348,0.8577891279455886,-0.8828162337175963,1.3103629643673533,0.3470565871811683,-0.7394662468772634,0.3455967637684949,0.9841231756854657,0
-0.2960199349169384,0.9009088760241706,-1.179024470547907,1.2230317384431721,-0.23538436605243465,-1.177851894974348,2.5474742774299717,-1.461440576166749,0.18581903097578276,0.23238544103697253,-0.22345527558581418,0.9408577341379036,-1.0161329645585022,0
0.0428782422044723,-1.1099901739376037,-1.179024470547907,0.7153542001305917,-0.404365943111267,0.9048055324001227,2.296476061691195,-0.8828162337175963,1.5285580559209417,0.5763988794695595,0.29255569570563505,1.317856348705196,0.9841231756854657,0
0.7206745964472937,-1.1099901739376037,-0.502969299721533,-0.23943711130874307,0.2715603651240624,0.9048055324001227,-0.7257958293968509,1.4316811360790147,0.021333500420000717,-0.6849837281165926,0.5505611813513597,0.38528082845978884,-1.0161329645585022,0
0.7206745964472937,0.9009088760241706,1.5251962127575889,-0.07653874419223868,0.6095235192417271,-1.177851894974348,1.1745061194140765,-0.3041918912684436,0.06497251873071805,1.035083464046342,0.8085666669970842,-0.8647672093159696,-1.0161329645585022,0
-0.2960199349169384,0.9009088760241706,-0.502969299721533,-0.10785502746824724,-0.404365943111267,-1.177851894974348,0.38271364074285674,-0.3041918912684436,-0.19686159113358773,0.23238544103697253,-0.7394662468772634,0.8614896047553159,-1.0161329645585022,0
-0.634918112038349,-1.1099901739376037,-0.502969299721533,0.582650857534374,-0.5733475201700994,-1.177851894974348,-1.2173406001559441,-1.461440576166749,-0.0995130118250634,-1.3730106049817663,-0.7394662468772634,-0.24966420660091387,-1.0161329645585022,0
-0.9738162891597597,-1.1099901739376037,0.8491410419312149,-0.6769175345623936,-0.911310674287764,0.9048055324001227,-0.4090788379283631,0.2744324511807092,-0.4083429875624505,0.5763988794695595,-0.7394662468772634,-0.7853990799333818,0.9841231756854657,0
0.7206745964472937,0.9009088760241706,0.8491410419312149,0.7017253789166757,1.2854498274770565,-1.177851894974348,4.024959042630468,-0.3041918912684436,0.001192415045823164,1.6084391947673204,0.8085666669970842,0.6829113136444932,-1.0161329645585022,0
-0.8043672005990544,0.9009088760241706,1.5251962127575889,-0.6800602175537832,-0.911310674287764,0.9048055324001227,-1.327558113186978,-0.8828162337175963,-0.448625158310805,-1.2583394588375707,-0.7394662468772634,-1.2219237915376149,0.9841231756854657,0
-0.12657084635623306,-1.1099901739376037,1.5251962127575889,-0.2545346235688864,-0.23538436605243465,-1.177851894974348,0.2986252795079732,-1.461440576166749,-1.2475548781531747,0.4617277333253637,0.8085666669970842,1.4567505751247247,0.9841231756854657,0
-0.8043672005990544,-1.1099901739376037,0.8491410419312149,-0.7132400012970479,-0.911310674287764,0.9048055324001227,-0.7257958293968509,0.2744324511807092,0.20931696391232313,0.003043148748581378,-0.7394662468772634,0.40512286080543575,-1.0161329645585022,0
0.38177641932588297,-1.1099901739376037,-0.502969299721533,-0.25774047606764067,-0.06640278899360229,-1.177851894974348,-1.01084112171849,0.853056793629862,-1.3482603050240614,-1.0289971665491795,0.5505611813513597,-1.102871597463733,0.9841231756854657,0
1.0595727735687044,0.9009088760241706,1.5251962127575889,0.6882544814711713,0.6095235192417271,-1.177851894974348,-0.14430343306070717,-0.8828162337175963,0.7967652873258302,-0.7996548742607882,1.066572152642809,1.734539027963782,0.9841231756854657,0
1.7373691278115257,0.9009088760241706,0.8491410419312149,0.16314215912595686,1.4544314045358888,0.9048055324001227,-1.042512820865339,0.2744324511807092,0.665848232393677,-1.2583394588375707,2.098594095225707,-0.15045404487267908,0.9841231756854657,0
0.21232733076517762,0.9009088760241706,0.8491410419312149,-0.01954405617251359,-0.23538436605243465,-1.177851894974348,-0.4882580857954851,1.4316811360790147,-0.2572848472561198,-0.6849837281165926,0.29255569570563505,-1.3012919209202027,0.9841231756854657,0
-0.9738162891597597,0.9009088760241706,-0.502969299721533,-0.7890749948882698,-0.911310674287764,0.21058638994196582,-1.121692068732461,0.2744324511807092,-0.9588659877899653,-0.6849837281165926,-0.997471732522988,-0.051243883144444294,0.9841231756854657,0
-0.12657084635623306,0.9009088760241706,-0.502969299721533,1.3214656232940856,0.4405419421828948,-1.177851894974348,-0.7257958293968509,1.4316811360790147,-0.8648742560438044,-1.2583394588375707,0.5505611813513597,0.9210157017922567,-1.0161329645585022,0
2.2457163934936415,0.9009088760241706,-1.179024470547907,1.0076395107066716,1.9613761357123858,-1.177851894974348,-0.7257958293968509,0.853056793629862,-0.17336365819704735,-1.2583394588375707,1.3245776382885335,0.5837011519162584,0.9841231756854657,0
-0.12657084635623306,-1.1099901739376037,-0.502969299721533,0.35903080146363214,-0.06640278899360229,-1.177851894974348,-0.646616581529729,-0.3041918912684436,0.34359086640683856,-1.0289971665491795,0.5505611813513597,-0.07108591549009124,0.9841231756854657,0
3.77075819053999,0.9009088760241706,-0.502969299721533,-0.11012912973337342,3.4822103292418767,0.9048055324001227,-0.821919436307537,0.2744324511807092,-0.8279489328578127,-0.9143260204049839,5.194659922974402,-0.24966420660091387,0.9841231756854657,0
0.0428782422044723,0.9009088760241706,-0.502969299721533,0.008661128865787605,0.4405419421828948,-1.177851894974348,-0.4090788379283631,-1.461440576166749,-0.492264176621523,-0.570312581972397,0.03455021005991044,-1.4600281796853785,0.9841231756854657,0
2.2457163934936415,-1.1099901739376037,-0.502969299721533,-0.08490870391805035,2.4683208668888827,0.9048055324001227,-0.16948243388245196,0.853056793629862,-0.06930138376379737,-0.34097028968400567,2.098594095225707,-1.3608180179571436,0.9841231756854657,0
-0.8043672005990544,0.9009088760241706,0.8491410419312149,-0.11339815173949232,-0.911310674287764,-1.177851894974348,-0.4090788379283631,-1.461440576166749,-1.234127487903723,-0.45564143582820127,-0.4814607612315388,1.2186461869769611,0.9841231756854657,0
0.890123685007999,-1.1099901739376037,-0.502969299721533,1.401880406169242,0.6095235192417271,-1.177851894974348,0.5369548155880104,-0.3041918912684436,-1.0964967378468442,-0.6849837281165926,0.8085666669970842,-0.4282424977117365,0.9841231756854657,0
-0.2960199349169384,0.9009088760241706,0.8491410419312149,0.021231860831346257,-0.5733475201700994,-1.177851894974348,0.06599664927436881,0.2744324511807092,0.09518414679198407,-0.2262991435398101,-0.7394662468772634,0.14717644031202531,0.9841231756854657,0
0.7206745964472937,-1.1099901739376037,-0.502969299721533,-0.2578983998360522,0.6095235192417271,-1.177851894974348,-1.1194750497921815,-0.3041918912684436,-0.6567497071773044,-1.143668312693375,1.066572152642809,0.6432272489531993,0.9841231756854657,0
0.0428782422044723,-1.1099901739376037,1.5251962127575889,1.7002773665828486,-0.23538436605243465,-1.177851894974348,0.11603793392638989,0.853056793629862,-0.915226969479248,-1.0289971665491795,0.03455021005991044,0.8813316371009629,0.9841231756854657,0
0.0428782422044723,0.9009088760241706,-0.502969299721533,-0.12759549851968985,0.4405419421828948,0.21058638994196582,2.2038363416866624,-0.8828162337175963,0.001192415045823164,2.1817949254882985,0.29255569570563505,-0.4877685947486774,0.9841231756854657,0
0.890123685007999,-1.1099901739376037,1.5251962127575889,-0.24177438308123386,0.9474866733593919,0.9048055324001227,0.0026532509806712224,1.4316811360790147,-0.3915587497506358,0.1177142948927768,0.8085666669970842,-1.3608180179571436,0.9841231756854657,0
0.38177641932588297,-1.1099901739376037,1.5251962127575889,0.3066948646120475,0.2715603651240624,-1.177851894974348,0.06599664927436881,1.4316811360790147,-1.2475548781531747,-0.45564143582820127,-0.22345527558581418,-0.36871640067479566,0.9841231756854657,0
-0.634918112038349,-1.1099901739376037,-1.179024470547907,-0.29485256164435275,-0.5733475201700994,0.9048055324001227,0.38271364074285674,-0.8828162337175963,-1.4892479026433032,0.6910700256137552,-0.4814607612315388,0.7424374106814341,0.9841231756854657,0
-0.12657084635623306,-1.1099901739376037,0.8491410419312149,-0.2783337354685056,-0.23538436605243465,0.9048055324001227,-1.3348426039907533,1.4316811360790147,-0.6735339449891191,-1.3730106049817663,0.5505611813513597,-1.0235034680811452,0.9841231756854657,0
0.0428782422044723,0.9009088760241706,0.8491410419312149,0.12105547484428122,-0.404365943111267,-1.177851894974348,-0.013182598592753173,0.2744324511807092,0.9713213605687007,-0.34097028968400567,0.29255569570563505,-0.40840046536608954,-1.0161329645585022,0
0.0428782422044723,-1.1099901739376037,0.8491410419312149,-0.2992586347830347,-0.23538436605243465,0.9048055324001227,-0.5040939353689095,1.4316811360790147,-0.5627579754311435,-0.45564143582820127,0.29255569570563505,-0.11076998018138517,0.9841231756854657,0
0.21232733076517762,0.9009088760241706,1.5251962127575889,-0.5232735002748055,0.2715603651240624,-1.177851894974348,-0.8933391178836811,-0.3041918912684436,-0.7473845913611031,-0.6849837281165926,-0.4814607612315388,-0.30919030363785477,0.9841231756854657,0
0.21232733076517762,0.9009088760241706,1.5251962127575889,0.36639004907160994,0.2715603651240624,0.9048055324001227,-0.5674373336626071,-1.461440576166749,0.08175675654253277,-0.9143260204049839,-0.22345527558581418,1.5758027691986063,-1.0161329645585022,0
-0.2960199349169384,0.9009088760241706,-1.179024470547907,-0.010337100474120758,-0.7423290972289317,0.9048055324001227,-0.7574675285436998,0.853056793629862,0.8336906105118219,-0.9143260204049839,-0.7394662468772634,0.6630692812988462,0.9841231756854657,0
-0.9738162891597597,-1.1099901739376037,1.5251962127575889,-0.5862061219868044,-0.911310674287764,0.9048055324001227,-0.3774071387815143,0.853056793629862,0.5450017201486129,0.3470565871811683,-0.7394662468772634,-0.20998014190961997,-1.0161329645585022,0
-0.12657084635623306,0.9009088760241706,-0.502969299721533,1.0492366313062713,-0.06640278899360229,0.9048055324001227,-1.0048234988805889,1.4316811360790147,-0.8480900182319897,-1.3730106049817663,0.5505611813513597,0.32575473142284794,0.9841231756854657,0
0.21232733076517762,0.9009088760241706,-1.179024470547907,-0.2877775768195157,0.2715603651240624,0.9048055324001227,-0.5674373336626071,0.2744324511807092,-0.3479197314399179,-0.45564143582820127,0.29255569570563505,1.0003838311748445,-1.0161329645585022,0
0.5512255078865883,0.9009088760241706,1.5251962127575889,-0.07045867910839436,0.4405419421828948,0.9048055324001227,-0.2507203421941191,-0.3041918912684436,-0.018948670328354386,-0.34097028968400567,1.066572152642809,-0.38855843302044263,0.9841231756854657,0
-0.2960199349169384,0.9009088760241706,-1.179024470547907,0.36416332393700723,-0.911310674287764,-1.177851894974348,-0.7257958293968509,-0.8828162337175963,-1.6705176710108995,-1.0289971665491795,-0.22345527558581418,-0.6068207888225592,-1.0161329645585022,0
2.415165482054347,-1.1099901739376037,-0.502969299721533,0.08207988880031294,2.8062840210065474,0.9048055324001227,0.06599664927436881,-0.8828162337175963,-1.1233515183457474,-0.2262991435398101,1.8405886095799828,1.258330251668255,0.9841231756854657,0
1.2290218621294098,-1.1099901739376037,-1.179024470547907,0.07773698516899558,1.1164682504182242,-1.177851894974348,1.1745061194140765,0.853056793629862,-0.4049861400000871,0.6910700256137552,0.03455021005991044,-0.46792656240303043,-1.0161329645585022,0
0.0428782422044723,0.9009088760241706,1.5251962127575889,0.025859027245804404,0.10257878806523006,0.9048055324001227,-0.7257958293968509,-0.8828162337175963,0.3268066285950244,-0.9143260204049839,0.8085666669970842,1.1591200899400202,0.9841231756854657,0
-0.9738162891597597,-1.1099901739376037,0.8491410419312149,0.6486472003535569,-0.911310674287764,0.9048055324001227,0.7570731246586094,0.2744324511807092,-0.2707122375055717,-0.2262991435398101,-0.7394662468772634,-0.7655570475877348,0.9841231756854657,0
0.38177641932588297,-1.1099901739376037,-1.179024470547907,-0.7724140373208522,0.2715603651240624,0.9048055324001227,-0.963333572998217,0.853056793629862,-0.06258768863907171,-0.34097028968400567,1.066572152642809,0.40512286080543575,0.9841231756854657,0
0.38177641932588297,0.9009088760241706,1.5251962127575889,-0.7680079641821703,0.10257878806523006,0.9048055324001227,-0.8081422471786579,0.853056793629862,-0.2874964753173858,0.003043148748581378,0.29255569570563505,1.5956448015442533,0.9841231756854657,0
0.38177641932588297,-1.1099901739376037,-0.502969299721533,-0.4743013396903866,0.2715603651240624,-1.177851894974348,0.06599664927436881,0.853056793629862,-0.6869613352385705,0.6910700256137552,0.03455021005991044,0.16701847265767225,0.9841231756854657,0
0.0428782422044723,0.9009088760241706,-0.502969299721533,-0.45233414350434126,-0.23538436605243465,-1.177851894974348,-1.327558113186978,0.853056793629862,0.9746782081310635,-1.3730106049817663,-0.22345527558581418,0.6630692812988462,0.9841231756854657,0
-0.634918112038349,-1.1099901739376037,-1.179024470547907,1.0274747360191612,-0.911310674287764,-1.177851894974348,-0.9273861944665436,1.4316811360790147,-0.8245920852954493,-1.2583394588375707,-0.7394662468772634,-0.09092794783573821,0.9841231756854657,0
-0.8043672005990544,0.9009088760241706,1.5251962127575889,-0.6744855085288558,-0.911310674287764,-1.177851894974348,-0.2507203421941191,1.4316811360790147,-1.7779367930065124,0.9204123179021463,-0.4814607612315388,1.694854963272488,-1.0161329645585022,0
-0.2960199349169384,0.9009088760241706,-0.502969299721533,1.2249110312872695,0.2715603651240624,0.9048055324001227,-0.7970571524772607,0.2744324511807092,0.860545391010725,-1.2583394588375707,-0.7394662468772634,-0.9044512740072636,-1.0161329645585022,0
-0.634918112038349,0.9009088760241706,0.8491410419312149,-0.33885012352380806,-0.7423290972289317,-1.177851894974348,0.06599664927436881,0.853056793629862,1.0686699398772244,0.3470565871811683,-0.4814607612315388,-1.8767108589439645,0.9841231756854657,0
1.398470950690115,-1.1099901739376037,-1.179024470547907,0.36639004907160994,1.4544314045358888,0.9048055324001227,-0.9600080445877978,-0.8828162337175963,0.20260326878759688,-1.2583394588375707,1.582583123934258,0.286070666731554,-1.0161329645585022,0
-0.46546902347764374,0.9009088760241706,-1.179024470547907,0.24816831603873046,-0.23538436605243465,-1.177851894974348,-0.12181652666644453,0.853056793629862,-0.7238866584245627,-0.570312581972397,-0.4814607612315388,1.278172284013902,-1.0161329645585022,0
0.0428782422044723,0.9009088760241706,0.8491410419312149,-0.3512787240977963,0.10257878806523006,0.9048055324001227,-0.7257958293968509,-0.8828162337175963,-0.26399854238084547,-0.570312581972397,0.03455021005991044,0.3455967637684949,-1.0161329645585022,0
1.5679200392508204,0.9009088760241706,0.8491410419312149,-0.8020247438980161,1.6234129815947211,0.9048055324001227,-0.5880239381080588,0.853056793629862,1.2197280801835553,0.6910700256137552,1.3245776382885335,-0.15045404487267908,0.9841231756854657,0
-0.634918112038349,-1.1099901739376037,0.8491410419312149,0.6507317940965892,-0.5733475201700994,-1.177851894974348,0.06599664927436881,-0.8828162337175963,0.6255660616453219,-0.6849837281165926,-0.4814607612315388,-0.13061201252703214,0.9841231756854657,0
0.38177641932588297,0.9009088760241706,-0.502969299721533,-0.40002979140643896,0.9474866733593919,0.21058638994196582,-0.2507203421941191,0.2744324511807092,1.5218443607962155,0.1177142948927768,0.8085666669970842,1.4964346398160184,-1.0161329645585022,0
-0.8043672005990544,-1.1099901739376037,-0.502969299721533,-0.2407005014560354,-0.911310674287764,0.9048055324001227,-0.7257958293968509,-0.3041918912684436,-1.0528577195361266,-0.6849837281165926,-0.22345527558581418,-0.3488743683291487,0.9841231756854657,0
-0.12657084635623306,-1.1099901739376037,-1.179024470547907,0.06235521012571149,0.2715603651240624,0.9048055324001227,-0.5451087857640786,0.2744324511807092,-0.7238866584245627,-0.7996548742607882,-0.4814607612315388,-1.8965528912896115,0.9841231756854657,0
-0.2960199349169384,0.9009088760241706,0.8491410419312149,-0.16330206255753923,-0.5733475201700994,0.9048055324001227,-0.8841543251310949,1.4316811360790147,-0.37813135950118393,-0.9143260204049839,-0.4814607612315388,0.32575473142284794,0.9841231756854657,0
-0.12657084635623306,0.9009088760241706,1.5251962127575889,-0.1758570021462567,-0.404365943111267,-1.177851894974348,0.38271364074285674,-0.8828162337175963,-1.3214055245251584,0.3470565871811683,0.03455021005991044,0.6035431842619053,-1.0161329645585022,0
2.2457163934936415,-1.1099901739376037,-1.179024470547907,-0.14485656640707126,1.9613761357123858,-1.177851894974348,-0.5674373336626071,-0.3041918912684436,-0.9219406646039736,-0.6849837281165926,1.582583123934258,-1.8171847619070236,0.9841231756854657,0
-0.46546902347764374,-1.1099901739376037,0.8491410419312149,0.41485685359711183,-0.7423290972289317,0.9048055324001227,0.22435514500861276,0.853056793629862,0.04483143335654109,-0.45564143582820127,-0.7394662468772634,-2.2933935382025505,0.9841231756854657,0
0.21232733076517762,-1.1099901739376037,0.8491410419312149,-0.1611700916839834,0.10257878806523006,-1.177851894974348,1.5879801517761876,1.4316811360790147,-1.0159323963501345,1.6084391947673204,0.5505611813513597,-1.6981325678331418,-1.0161329645585022,0
0.0428782422044723,-1.1099901739376037,-1.179024470547907,1.1881147932473803,-0.23538436605243465,-1.177851894974348,3.9259849827965656,-0.8828162337175963,-0.2069321338206762,0.9204123179021463,-0.4814607612315388,0.9606997664835506,0.9841231756854657,0
-0.2960199349169384,-1.1099901739376037,-0.502969299721533,0.9313781229407385,-0.5733475201700994,-1.177851894974348,1.4828301106086494,0.853056793629862,0.7430557263280237,0.003043148748581378,-0.22345527558581418,-0.6663468858595001,0.9841231756854657,0
0.5512255078865883,0.9009088760241706,0.8491410419312149,0.6488682936293331,0.9474866733593919,0.21058638994196582,2.4413740852880284,-0.3041918912684436,0.8135495251376443,0.8057411717579506,0.8085666669970842,0.0479662785837905,-1.0161329645585022,0
0.0428782422044723,-1.1099901739376037,0.8491410419312149,2.716690532456367,0.4405419421828948,-1.177851894974348,0.8577891279455886,1.4316811360790147,1.0988815679384905,-0.9143260204049839,0.29255569570563505,0.5837011519162584,-1.0161329645585022,0
-0.46546902347764374,-1.1099901739376037,0.8491410419312149,0.6504317389366073,-0.911310674287764,-1.177851894974348,1.2695212168546228,0.2744324511807092,-0.1397951825734185,0.1177142948927768,-0.7394662468772634,-1.3211339532658497,0.9841231756854657,0
-0.46546902347764374,0.9009088760241706,-0.502969299721533,-0.21044230742838416,-0.5733475201700994,0.9048055324001227,-1.042512820865339,1.4316811360790147,-0.7373140486740141,-1.0289971665491795,-0.22345527558581418,0.5638591195706114,0.9841231756854657,0
-0.12657084635623306,0.9009088760241706,1.5251962127575889,-0.4935522470597534,-0.7423290972289317,0.9048055324001227,0.0026532509806712224,1.4316811360790147,1.058599397190136,0.6910700256137552,-0.22345527558581418,-0.9639773710442044,0.9841231756854657,0
0.38177641932588297,0.9009088760241706,0.8491410419312149,-0.22361314971390667,0.6095235192417271,-1.177851894974348,-0.7257958293968509,0.2744324511807092,-1.1065672805339328,-0.6849837281165926,0.29255569570563505,-2.5910240233872552,0.9841231756854657,0
0.21232733076517762,-1.1099901739376037,-0.502969299721533,-0.44762801520567735,0.10257878806523006,0.9048055324001227,-1.327558113186978,-1.461440576166749,-1.166990536656465,-1.3730106049817663,0.5505611813513597,-0.5472946917856183,-1.0161329645585022,0
-0.8043672005990544,-1.1099901739376037,-0.502969299721533,-0.7874799648273133,-0.911310674287764,0.9048055324001227,-0.6372734302814086,1.4316811360790147,0.3368771712821129,0.5763988794695595,-0.4814607612315388,0.5440170872249644,0.9841231756854657,0
-0.9738162891597597,0.9009088760241706,-0.502969299721533,-0.23899492475719075,-0.911310674287764,0.9048055324001227,-0.4868328593338769,-0.8828162337175963,0.8974707141967168,-0.45564143582820127,-0.4814607612315388,0.20670253734896618,0.9841231756854657,0
0.0428782422044723,-1.1099901739376037,-0.502969299721533,0.17347037358007164,0.10257878806523006,0.9048055324001227,-0.5674373336626071,0.2744324511807092,-1.2240569452166343,-0.7996548742607882,-0.22345527558581418,-0.15045404487267908,-1.0161329645585022,0
0.0428782422044723,-1.1099901739376037,-0.502969299721533,-0.7720350202766646,-0.404365943111267,0.9048055324001227,-0.7257958293968509,-0.8828162337175963,-1.173704231781191,0.23238544103697253,0.5505611813513597,1.6353288662355472,-1.0161329645585022,0
-0.9738162891597597,0.9009088760241706,-1.179024470547907,-0.2598408621875141,-0.7423290972289317,-1.177851894974348,1.3328646151483206,-0.8828162337175963,-0.21700267650776528,1.6084391947673204,-0.4814607612315388,-0.26950623894656084,-1.0161329645585022,0
-0.2960199349169384,-1.1099901739376037,-1.179024470547907,-0.3973608797202839,-0.7423290972289317,-1.177851894974348,0.8733082605275445,-0.8828162337175963,0.8101926775752815,1.6084391947673204,0.03455021005991044,-2.114815247091728,0.9841231756854657,0
-0.2960199349169384,-1.1099901739376037,-0.502969299721533,-0.37307220413858894,-0.404365943111267,0.9048055324001227,0.38271364074285674,0.2744324511807092,1.1022384155008533,0.8057411717579506,-0.22345527558581418,0.26622863438590705,0.9841231756854657,0
-0.46546902347764374,-1.1099901739376037,-1.179024470547907,-0.336797114534458,-0.911310674287764,0.9048055324001227,-0.4090788379283631,0.2744324511807092,-1.173704231781191,-0.2262991435398101,-0.7394662468772634,0.8614896047553159,0.9841231756854657,0
-0.8043672005990544,0.9009088760241706,-0.502969299721533,-0.5676500791984485,-0.5733475201700994,-1.177851894974348,-0.646616581529729,-0.3041918912684436,1.1022384155008533,-0.11162799739561437,-0.7394662468772634,0.782121475372728,0.9841231756854657,0
-0.2960199349169384,-1.1099901739376037,0.8491410419312149,0.5529769814498454,-0.404365943111267,0.9048055324001227,-0.5721880885346343,0.2744324511807092,-0.005521280078902488,-1.0289971665491795,-0.7394662468772634,0.38528082845978884,-1.0161329645585022,0
1.2290218621294098,0.9009088760241706,1.5251962127575889,0.07713687484903171,1.9613761357123858,0.9048055324001227,0.06599664927436881,-0.3041918912684436,1.2130143850588289,-0.2262991435398101,0.5505611813513597,2.0123274808028393,-1.0161329645585022,0
0.5512255078865883,-1.1099901739376037,0.8491410419312149,0.17026452108131734,0.4405419421828948,0.9048055324001227,-0.4882580857954851,-1.461440576166749,-0.18343420088413584,-0.7996548742607882,1.066572152642809,-1.5790803737592602,0.9841231756854657,0
-0.46546902347764374,0.9009088760241706,1.5251962127575889,-0.09436833764590165,-0.23538436605243465,0.9048055324001227,0.38271364074285674,1.4316811360790147,0.07504306141780712,0.23238544103697253,-0.4814607612315388,0.821805540064022,-1.0161329645585022,0
-0.46546902347764374,0.9009088760241706,-1.179024470547907,0.4570698768935167,0.10257878806523006,-1.177851894974348,0.06599664927436881,0.853056793629862,-1.1804179269059165,-0.570312581972397,-0.7394662468772634,0.821805540064022,0.9841231756854657,0
-0.9738162891597597,0.9009088760241706,-0.502969299721533,-0.22860354079571135,-0.911310674287764,-1.177851894974348,-0.5674373336626071,1.4316811360790147,-0.8010941523589095,-0.570312581972397,-0.7394662468772634,-1.0433455004267922,0.9841231756854657,0
1.0595727735687044,0.9009088760241706,-1.179024470547907,-0.2447275575505297,0.9474866733593919,0.9048055324001227,-0.9487645913906665,-1.461440576166749,-0.5862559083676839,-0.9143260204049839,0.29255569570563505,0.9210157017922567,-1.0161329645585022,0
0.21232733076517762,0.9009088760241706,1.5251962127575889,2.5575191662743744,0.2715603651240624,-1.177851894974348,1.386389786706495,-0.8828162337175963,0.27645391515958084,-0.6849837281165926,0.8085666669970842,1.5956448015442533,-1.0161329645585022,0
0.5512255078865883,0.9009088760241706,-1.179024470547907,1.6282483358103448,-0.06640278899360229,-1.177851894974348,0.8577891279455886,0.853056793629862,-0.7943804572341833,-0.6849837281165926,0.5505611813513597,-0.09092794783573821,-1.0161329645585022,0
0.21232733076517762,0.9009088760241706,1.5251962127575889,-0.12339472627994286,0.6095235192417271,0.9048055324001227,-0.5674373336626071,-0.3041918912684436,-0.6500360120525788,-0.6849837281165926,0.8085666669970842,-0.8846092416616166,0.9841231756854657,0
-0.634918112038349,-1.1099901739376037,0.8491410419312149,1.0272062656128615,-0.06640278899360229,-1.177851894974348,-1.1273929745788938,-0.8828162337175963,0.1757484882886937,-1.3730106049817663,-0.7394662468772634,-1.5989224061049072,0.9841231756854657,0
-0.2960199349169384,0.9009088760241706,-0.502969299721533,-0.22097582278143393,-0.7423290972289317,0.9048055324001227,-1.3091885276818058,-1.461440576166749,-1.5798827868271015,-1.3730106049817663,0.03455021005991044,-0.20998014190961997,-1.0161329645585022,0
-0.46546902347764374,-1.1099901739376037,-1.179024470547907,0.32108171991433887,-0.404365943111267,0.9048055324001227,-0.1004381297423216,-0.8828162337175963,-0.32106495094101467,-0.570312581972397,0.03455021005991044,-0.4877685947486774,0.9841231756854657,0
-0.8043672005990544,0.9009088760241706,-0.502969299721533,-0.05346608162731256,-0.911310674287764,0.9048055324001227,0.001228024519063027,-0.8828162337175963,-0.08272877401324927,-0.11162799739561437,-0.22345527558581418,-1.2219237915376149,0.9841231756854657,0
1.398470950690115,0.9009088760241706,-0.502969299721533,0.34554411164128657,0.9474866733593919,-1.177851894974348,-1.359229812333827,-0.8828162337175963,-1.1602768415317393,-1.487681751125962,2.6146050665171567,0.26622863438590705,-1.0161329645585022,0
-0.2960199349169384,-1.1099901739376037,-1.179024470547907,0.17171741975070354,-0.5733475201700994,-1.177851894974348,-0.8524826259842462,-1.461440576166749,-0.780953066984732,-1.0289971665491795,0.29255569570563505,0.8416475724096689,-1.0161329645585022,0
-0.634918112038349,0.9009088760241706,-0.502969299721533,0.3057946991321017,-0.911310674287764,-1.177851894974348,-0.4000524036715112,-0.8828162337175963,0.9881055983805148,-0.7996548742607882,-0.4814607612315388,-0.9441353386985575,0.9841231756854657,0
-0.9738162891597597,-1.1099901739376037,0.8491410419312149,-0.39439191287414693,-0.911310674287764,0.9048055324001227,-0.5674373336626071,-0.8828162337175963,-0.3009238655668377,-0.34097028968400567,-0.4814607612315388,0.7225953783357871,-1.0161329645585022,0
-0.12657084635623306,0.9009088760241706,-1.179024470547907,-0.6087734284928137,-0.5733475201700994,0.9048055324001227,-1.0014979704701696,0.2744324511807092,1.0485288545030476,-0.6849837281165926,-0.22345527558581418,-0.09092794783573821,-1.0161329645585022,0
-0.634918112038349,0.9009088760241706,-0.502969299721533,0.7528137179978093,-0.7423290972289317,-1.177851894974348,2.4413740852880284,-0.8828162337175963,-1.3046212867133438,0.6910700256137552,-0.22345527558581418,-0.6663468858595001,-1.0161329645585022,0
0.21232733076517762,-1.1099901739376037,-0.502969299721533,-0.5360969102698225,-0.23538436605243465,0.9048055324001227,-1.258197092055379,-1.461440576166749,-0.9555091402276025,-1.143668312693375,0.29255569570563505,1.694854963272488,0.9841231756854657,0
-0.634918112038349,-1.1099901739376037,-0.502969299721533,-1.0222968160784334,-0.7423290972289317,0.9048055324001227,-1.2800505644667048,1.4316811360790147,-1.2609822684026262,-0.45564143582820127,-0.7394662468772634,-0.5274526594399713,0.9841231756854657,0
0.0428782422044723,-1.1099901739376037,0.8491410419312149,-0.2577246836907995,0.2715603651240624,-1.177851894974348,-0.3298995900612411,0.2744324511807092,-0.5291894998075146,-0.2262991435398101,0.03455021005991044,-0.9044512740072636,0.9841231756854657,0
-0.46546902347764374,-1.1099901739376037,-1.179024470547907,-0.4425902469933492,-0.5733475201700994,-1.177851894974348,-0.2507203421941191,0.853056793629862,0.001192415045823164,0.1177142948927768,-0.4814607612315388,-0.4877685947486774,0.9841231756854657,0
-0.2960199349169384,-1.1099901739376037,-1.179024470547907,0.3059368305236721,-0.5733475201700994,-1.177851894974348,1.6495816066168083,-0.8828162337175963,-1.0327166341619494,0.6910700256137552,-0.22345527558581418,-0.5472946917856183,0.9841231756854657,0
-0.634918112038349,-1.1099901739376037,-0.502969299721533,-0.5630702899145137,-0.5733475201700994,0.9048055324001227,-0.4090788379283631,-0.8828162337175963,-1.2609822684026262,0.23238544103697253,-0.4814607612315388,-1.7179746001787888,0.9841231756854657,0
2.2457163934936415,0.9009088760241706,0.8491410419312149,-0.4980688668363235,1.7923945586535535,0.9048055324001227,-0.2507203421941191,-0.8828162337175963,-0.5862559083676839,0.3470565871811683,2.356599580871432,1.337698381050843,0.9841231756854657,0
-0.12657084635623306,0.9009088760241706,-0.502969299721533,0.6476364882357231,0.10257878806523006,-1.177851894974348,1.0161476236798326,1.4316811360790147,-1.4993184453303918,-0.11162799739561437,-0.22345527558581418,-1.2814498885745558,0.9841231756854657,0
0.0428782422044723,-1.1099901739376037,0.8491410419312149,-0.48644567748123413,-0.7423290972289317,0.9048055324001227,-1.042512820865339,0.853056793629862,-1.234127487903723,-0.9143260204049839,1.066572152642809,-0.011559818453150373,0.9841231756854657,0
-0.634918112038349,-1.1099901739376037,0.8491410419312149,1.7897569737648276,-0.911310674287764,0.9048055324001227,1.6495816066168083,0.853056793629862,1.2096575374964662,-0.45564143582820127,-0.7394662468772634,-0.9838194033898514,-1.0161329645585022,0
0.21232733076517762,0.9009088760241706,1.5251962127575889,0.6472416788146942,0.4405419421828948,0.9048055324001227,-0.7257958293968509,0.2744324511807092,0.3503045615315648,-1.143668312693375,0.5505611813513597,1.9131173190746047,-1.0161329645585022,0
-0.46546902347764374,0.9009088760241706,-0.502969299721533,-0.1119926302006296,-0.404365943111267,0.9048055324001227,0.0026532509806712224,-1.461440576166749,-0.04244660326489417,-0.11162799739561437,-0.7394662468772634,0.9606997664835506,0.9841231756854657,0
0.21232733076517762,0.9009088760241706,-0.502969299721533,0.4256272546027789,-0.404365943111267,0.9048055324001227,-0.09236184645987515,1.4316811360790147,-1.3415466098993358,-0.6849837281165926,1.066572152642809,1.0003838311748445,-1.0161329645585022,0
1.398470950690115,-1.1099901739376037,-1.179024470547907,-0.4869352411633099,1.4544314045358888,0.9048055324001227,-1.121692068732461,1.4316811360790147,-1.8081484210677785,-1.0289971665491795,1.3245776382885335,0.5837011519162584,-1.0161329645585022,0
0.890123685007999,0.9009088760241706,-1.179024470547907,-0.9040277059150305,0.9474866733593919,0.9048055324001227,-1.1375279183058853,0.2744324511807092,0.8336906105118219,-0.34097028968400567,1.066572152642809,1.0202258635204915,-1.0161329645585022,0
-0.634918112038349,-1.1099901739376037,0.8491410419312149,-0.26156223126319994,-0.5733475201700994,0.9048055324001227,-0.8841543251310949,-1.461440576166749,0.42079836034118534,-0.9143260204049839,-0.4814607612315388,0.16701847265767225,0.9841231756854657,0
-0.634918112038349,-1.1099901739376037,-1.179024470547907,-0.5634493069587014,-0.7423290972289317,0.9048055324001227,-1.2863849042960747,0.853056793629862,1.3640725253651598,-1.2583394588375707,-0.997471732522988,-0.7258729828964409,0.9841231756854657,0
-0.2960199349169384,0.9009088760241706,-1.179024470547907,-0.22320254791603666,-0.404365943111267,-1.177851894974348,-0.9590578936133923,0.853056793629862,-0.6869613352385705,-1.0289971665491795,-0.7394662468772634,0.6035431842619053,0.9841231756854657,0
0.21232733076517762,-1.1099901739376037,1.5251962127575889,0.17560234445362743,-0.404365943111267,-1.177851894974348,0.44764062399389676,1.4316811360790147,-0.5124052619956999,0.003043148748581378,-0.22345527558581418,-0.7655570475877348,0.9841231756854657,0
-0.634918112038349,0.9009088760241706,-1.179024470547907,0.8009015054791234,-0.7423290972289317,-1.177851894974348,-0.8469400786335476,1.4316811360790147,0.09518414679198407,-1.2583394588375707,-0.4814607612315388,-1.7179746001787888,-1.0161329645585022,0
-0.46546902347764374,0.9009088760241706,-1.179024470547907,0.12419815783567088,-0.5733475201700994,-1.177851894974348,-0.46513774541828545,0.853056793629862,0.38051618959283084,-0.6849837281165926,-0.7394662468772634,0.5043330225336705,0.9841231756854657,0
1.5679200392508204,0.9009088760241706,0.17308587110484092,0.9332258310311535,1.7923945586535535,0.9048055324001227,-1.0482137267117717,-0.3041918912684436,0.5785701957722418,-1.3730106049817663,0.8085666669970842,0.38528082845978884,0.9841231756854657,0
-0.634918112038349,0.9009088760241706,0.8491410419312149,0.12871477761224095,-0.5733475201700994,-1.177851894974348,1.4912231108825644,0.853056793629862,-0.05251714595198324,0.9204123179021463,-0.4814607612315388,-0.26950623894656084,0.9841231756854657,0
-0.12657084635623306,0.9009088760241706,1.5251962127575889,0.7179915270630645,-0.5733475201700994,-1.177851894974348,1.4061845986732755,1.4316811360790147,-0.002164432516539662,0.1177142948927768,0.5505611813513597,-0.6465048535138531,0.9841231756854657,0
-0.634918112038349,-1.1099901739376037,-0.502969299721533,1.1745175567871469,-0.911310674287764,-1.177851894974348,0.38271364074285674,1.4316811360790147,-0.8615174084814415,-0.6849837281165926,-0.4814607612315388,0.6630692812988462,0.9841231756854657,0
-0.2960199349169384,0.9009088760241706,1.5251962127575889,-0.22465544658542283,-0.404365943111267,-1.177851894974348,0.06599664927436881,-0.8828162337175963,-0.8078078474836352,0.1177142948927768,-0.4814607612315388,1.0599099282117854,-1.0161329645585022,0
-0.8043672005990544,-1.1099901739376037,0.8491410419312149,0.864102597597422,-0.23538436605243465,-1.177851894974348,-0.725162395413914,0.853056793629862,0.19588957366287124,-1.143668312693375,-0.22345527558581418,0.16701847265767225,-1.0161329645585022,0
1.2290218621294098,0.9009088760241706,1.5251962127575889,-0.31009220529606646,0.9474866733593919,0.9048055324001227,0.38271364074285674,-1.461440576166749,0.6087818238335078,0.6910700256137552,1.3245776382885335,0.9408577341379036,0.9841231756854657,0
-0.634918112038349,0.9009088760241706,0.8491410419312149,-0.41027904397634796,-0.06640278899360229,0.9048055324001227,0.06599664927436881,0.2744324511807092,0.5248606347744353,0.5763988794695595,-0.4814607612315388,0.2463866020402601,-1.0161329645585022,0
-0.8043672005990544,0.9009088760241706,-0.502969299721533,-0.49299951387031304,-0.911310674287764,0.9048055324001227,-0.17676692468622718,0.2744324511807092,-1.1569199939693766,0.3470565871811683,-0.4814607612315388,0.16701847265767225,0.9841231756854657,0
-0.8043672005990544,0.9009088760241706,0.8491410419312149,-0.14951531757521172,-0.5733475201700994,0.9048055324001227,0.06599664927436881,-1.461440576166749,0.08175675654253277,0.003043148748581378,-0.7394662468772634,-0.38855843302044263,-1.0161329645585022,0
-0.46546902347764374,-1.1099901739376037,0.8491410419312149,-0.6176961214080657,-0.5733475201700994,0.9048055324001227,0.06599664927436881,1.4316811360790147,-0.23378691431957943,1.2644257563347332,-0.4814607612315388,0.5043330225336705,-1.0161329645585022,0
3.601309101979284,-1.1099901739376037,-1.179024470547907,0.05291136877470135,2.637302443947715,0.9048055324001227,-0.3278409296166959,0.853056793629862,-0.19686159113358773,-0.570312581972397,2.356599580871432,0.9805417988291976,-1.0161329645585022,0
0.38177641932588297,0.9009088760241706,0.8491410419312149,0.6896442106331929,0.10257878806523006,0.9048055324001227,0.8577891279455886,-0.3041918912684436,1.5352717510456675,-0.2262991435398101,0.5505611813513597,0.6432272489531993,0.9841231756854657,0
-0.634918112038349,0.9009088760241706,-1.179024470547907,-0.1427719726640389,-0.404365943111267,0.9048055324001227,0.5333125701861228,1.4316811360790147,0.001192415045823164,0.4617277333253637,-0.4814607612315388,1.337698381050843,0.9841231756854657,0
-0.12657084635623306,0.9009088760241706,0.8491410419312149,-0.7730457323944985,-0.7423290972289317,0.9048055324001227,-0.5674373336626071,-0.8828162337175963,-1.0192892439124976,0.5763988794695595,-0.7394662468772634,-1.678290535487495,0.9841231756854657,0
-0.634918112038349,0.9009088760241706,0.8491410419312149,-0.08999384926090197,-0.404365943111267,0.9048055324001227,-0.5674373336626071,-0.8828162337175963,0.001192415045823164,-0.6849837281165926,-0.4814607612315388,-1.12271362980938,0.9841231756854657,0
0.890123685007999,-1.1099901739376037,-0.502969299721533,-0.8478858062447276,0.4405419421828948,0.21058638994196582,-0.28967653214474315,-0.8828162337175963,0.2865244578466693,1.8377814870557112,0.03455021005991044,0.9408577341379036,0.9841231756854657,0
-0.8043672005990544,-1.1099901739376037,1.5251962127575889,-0.6371839144300498,-0.23538436605243465,0.9048055324001227,-1.1330938804253265,-0.3041918912684436,0.4006572749670078,-0.9143260204049839,-0.4814607612315388,0.20670253734896618,-1.0161329645585022,0
-0.634918112038349,0.9009088760241706,-0.502969299721533,0.5168124384836026,-0.5733475201700994,0.9048055324001227,2.4413740852880284,1.4316811360790147,0.2193875065994116,0.9204123179021463,-0.4814607612315388,-2.0552891500547874,0.9841231756854657,0
0.5512255078865883,-1.1099901739376037,-0.502969299721533,0.46310256484683754,0.2715603651240624,-1.177851894974348,1.3328646151483206,-0.3041918912684436,0.001192415045823164,0.23238544103697253,0.5505611813513597,0.9210157017922567,0.9841231756854657,0
6.481943607511275,0.9009088760241706,-0.502969299721533,-0.45004424886237393,6.692860293359692,0.9048055324001227,-0.4920586896931069,0.2744324511807092,-0.32106495094101467,-0.11162799739561437,4.678648951682953,1.9924854484571926,-1.0161329645585022,0
-0.634918112038349,0.9009088760241706,0.8491410419312149,-0.05829854894070571,-0.06640278899360229,-1.177851894974348,-0.5674373336626071,1.4316811360790147,-1.2274137927789974,-0.6849837281165926,-0.997471732522988,-0.7457150152420878,-1.0161329645585022,0
-0.46546902347764374,0.9009088760241706,-1.179024470547907,0.643230415097041,-0.7423290972289317,-1.177851894974348,0.06599664927436881,1.4316811360790147,-1.5933101770765532,-0.6849837281165926,-0.7394662468772634,-1.4005020826484376,-1.0161329645585022,0
-0.8043672005990544,-1.1099901739376037,-1.179024470547907,-0.29139403111614,-0.5733475201700994,0.9048055324001227,-0.43425783875010787,1.4316811360790147,-1.4355383416454968,-0.34097028968400567,-0.4814607612315388,-0.03140185079879733,0.9841231756854657,0
-0.46546902347764374,0.9009088760241706,0.8491410419312149,-0.5171618504372788,-0.404365943111267,0.9048055324001227,-0.8841543251310949,-0.8828162337175963,-1.0595714146608524,-0.6849837281165926,-0.4814607612315388,-1.6187644384505542,0.9841231756854657,0
-0.2960199349169384,-1.1099901739376037,-0.502969299721533,5.061037289772008,-0.5733475201700994,-1.177851894974348,-1.0573985194643578,1.4316811360790147,0.18246218341341994,-1.487681751125962,-0.22345527558581418,-0.36871640067479566,0.9841231756854657,0
0.38177641932588297,0.9009088760241706,-0.502969299721533,-0.370924440888192,-0.404365943111267,0.9048055324001227,0.2522262402578397,-0.3041918912684436,0.8135495251376443,0.6910700256137552,0.03455021005991044,-0.5869787564769122,0.9841231756854657,0
0.7206745964472937,0.9009088760241706,-1.179024470547907,-0.7073494447352975,0.7785050963005594,0.21058638994196582,0.34423252627943546,1.4316811360790147,0.860545391010725,2.1817949254882985,0.8085666669970842,-0.26950623894656084,0.9841231756854657,0
-0.8043672005990544,0.9009088760241706,-0.502969299721533,-0.8438587501502334,-0.911310674287764,0.9048055324001227,-1.042512820865339,-0.3041918912684436,0.4107278176540969,-0.34097028968400567,-0.7394662468772634,0.14717644031202531,0.9841231756854657,0
1.398470950690115,0.9009088760241706,-0.502969299721533,-0.46424159564257145,0.9474866733593919,0.9048055324001227,-0.5208799359167393,-1.461440576166749,-0.3109944082539262,-0.2262991435398101,2.6146050665171567,0.10749237562073138,0.9841231756854657,0
-0.8043672005990544,-1.1099901739376037,0.8491410419312149,-0.4822606976183283,-0.911310674287764,-1.177851894974348,0.7627740305050422,0.853056793629862,0.7430557263280237,1.7231103409115156,-0.7394662468772634,0.3455967637684949,-1.0161329645585022,0
0.7206745964472937,0.9009088760241706,-0.502969299721533,0.02330066219753744,0.7785050963005594,0.9048055324001227,-1.042512820865339,-0.3041918912684436,-0.1129404020745153,-1.143668312693375,1.066572152642809,0.7424374106814341,-1.0161329645585022,0
-0.634918112038349,0.9009088760241706,-1.179024470547907,0.34278044569408456,-0.911310674287764,-1.177851894974348,0.06599664927436881,-1.461440576166749,-0.8178783901707236,-0.45564143582820127,-0.4814607612315388,0.4448069254967297,0.9841231756854657,0
-0.12657084635623306,-1.1099901739376037,0.8491410419312149,-0.7967974671635942,-0.23538436605243465,0.9048055324001227,-0.6919071113097228,1.4316811360790147,-0.3244217985033781,0.4617277333253637,-0.22345527558581418,-0.17029607721832604,0.9841231756854657,0
0.21232733076517762,0.9009088760241706,1.5251962127575889,0.6428829828065357,0.10257878806523006,0.9048055324001227,1.3328646151483206,1.4316811360790147,0.9176117995708943,0.1177142948927768,0.03455021005991044,0.7622794430270811,0.9841231756854657,0
-0.8043672005990544,-1.1099901739376037,0.8491410419312149,0.03149690577809641,-0.911310674287764,0.9048055324001227,-0.7257958293968509,-1.461440576166749,-0.915226969479248,-0.9143260204049839,-0.4814607612315388,-1.0235034680811452,0.9841231756854657,0
-0.2960199349169384,-1.1099901739376037,-0.502969299721533,0.1748285179884109,-0.7423290972289317,0.21058638994196582,3.1916766380768764,1.4316811360790147,0.42079836034118534,2.1817949254882985,-0.4814607612315388,-0.051243883144444294,0.9841231756854657,0
-0.8043672005990544,-1.1099901739376037,0.8491410419312149,-0.5276637810366462,-0.911310674287764,0.9048055324001227,-0.2507203421941191,-0.3041918912684436,-0.27742593263029736,0.3470565871811683,-0.7394662468772634,-1.3608180179571436,0.9841231756854657,0
-0.8043672005990544,0.9009088760241706,-0.502969299721533,-0.30019038501666284,-0.911310674287764,-1.177851894974348,0.1451758971414908,0.2744324511807092,0.8034789824505558,0.3470565871811683,-0.7394662468772634,-2.49181386165902,0.9841231756854657,0
0.5512255078865883,0.9009088760241706,1.5251962127575889,4.320058968385059,0.10257878806523006,-1.177851894974348,0.30971037420937025,1.4316811360790147,-0.6533928596149416,-1.2583394588375707,0.03455021005991044,-1.12271362980938,-1.0161329645585022,0
0.0428782422044723,-1.1099901739376037,1.5251962127575889,-0.2018038772962729,-0.7423290972289317,0.9048055324001227,-0.8841543251310949,-0.8828162337175963,-1.2374843354660858,-0.9143260204049839,1.066572152642809,0.5043330225336705,0.9841231756854657,0
-0.8043672005990544,-1.1099901739376037,-1.179024470547907,0.45353238448109817,-0.911310674287764,-1.177851894974348,1.1745061194140765,1.4316811360790147,-0.1901478960088621,0.23238544103697253,-0.4814607612315388,1.258330251668255,0.9841231756854657,0
0.5512255078865883,0.9009088760241706,-1.179024470547907,0.7276564616898508,0.2715603651240624,-1.177851894974348,0.6994306322113446,-0.3041918912684436,-0.9790070731641428,-0.34097028968400567,0.29255569570563505,-0.07108591549009124,0.9841231756854657,0
-0.634918112038349,-1.1099901739376037,-1.179024470547907,-0.11390350779840924,-0.911310674287764,-1.177851894974348,-1.327558113186978,-1.461440576166749,0.17239164072633087,-1.3730106049817663,-0.7394662468772634,0.821805540064022,0.9841231756854657,0
-0.8043672005990544,0.9009088760241706,-1.179024470547907,-0.6814815314694871,-0.911310674287764,-1.177851894974348,-0.2507203421941191,-0.3041918912684436,-1.754438860069972,0.9204123179021463,-0.4814607612315388,-1.12271362980938,0.9841231756854657,0
-0.46546902347764374,0.9009088760241706,1.5251962127575889,0.2716357880246854,-0.911310674287764,0.9048055324001227,0.06599664927436881,-0.3041918912684436,-0.97565022560178,-0.45564143582820127,-0.7394662468772634,-0.6266628211682062,0.9841231756854657,0
0.0428782422044723,0.9009088760241706,0.8491410419312149,-0.7761252458785235,0.10257878806523006,0.9048055324001227,-0.7257958293968509,-0.8828162337175963,-0.012234975203628139,0.23238544103697253,0.8085666669970842,0.9805417988291976,0.9841231756854657,0
1.2290218621294098,0.9009088760241706,-0.502969299721533,0.4788159798037859,1.2854498274770565,0.9048055324001227,-0.259113342468034,0.2744324511807092,-0.43519776806135313,-0.7996548742607882,0.8085666669970842,0.4844909901880236,0.9841231756854657,0
1.2290218621294098,-1.1099901739376037,-1.179024470547907,-0.796371072988883,0.7785050963005594,-1.177851894974348,-0.8841543251310949,1.4316811360790147,1.1391637386868456,0.003043148748581378,1.8405886095799828,-0.5076106270943244,0.9841231756854657,0
1.906818216372231,0.9009088760241706,0.17308587110484092,-0.6758120681835127,1.7923945586535535,0.9048055324001227,-0.646616581529729,-0.8828162337175963,0.5349311774615239,0.1177142948927768,1.582583123934258,2.0520115454941332,0.9841231756854657,0
0.890123685007999,-1.1099901739376037,1.5251962127575889,1.7841980571167413,1.2854498274770565,-1.177851894974348,0.06599664927436881,-0.3041918912684436,0.4510099884024514,-1.0289971665491795,1.582583123934258,0.46464895784237664,0.9841231756854657,0
-0.8043672005990544,0.9009088760241706,-1.179024470547907,-0.08178181330350184,-0.911310674287764,-1.177851894974348,-0.3815244596706046,0.853056793629862,-0.005521280078902488,-0.45564143582820127,-0.4814607612315388,-0.07108591549009124,0.9841231756854657,0
0.0428782422044723,-1.1099901739376037,0.8491410419312149,-0.3951815317162046,-0.06640278899360229,-1.177851894974348,-0.5674373336626071,1.4316811360790147,-0.8413763231072641,-0.34097028968400567,0.29255569570563505,0.9011736694466097,0.9841231756854657,0
0.0428782422044723,0.9009088760241706,1.5251962127575889,0.08086387578354408,0.4405419421828948,-1.177851894974348,-0.2507203421941191,0.853056793629862,-0.6533928596149416,-0.570312581972397,0.8085666669970842,-0.13061201252703214,0.9841231756854657,0
-0.8043672005990544,0.9009088760241706,1.5251962127575889,-0.5835687950543317,-0.911310674287764,0.9048055324001227,-0.6493086759572112,0.853056793629862,-1.4456088843325854,-0.11162799739561437,-0.7394662468772634,-0.20998014190961997,-1.0161329645585022,0
-0.8043672005990544,-1.1099901739376037,-0.502969299721533,-0.45830366195029754,-0.5733475201700994,0.9048055324001227,-0.3527032134469722,-0.8828162337175963,0.3335203237197501,0.003043148748581378,-0.7394662468772634,-0.7853990799333818,0.9841231756854657,0
-0.8043672005990544,-1.1099901739376037,1.5251962127575889,-0.11038180776283188,-0.7423290972289317,0.9048055324001227,-0.09236184645987515,1.4316811360790147,-0.4721230912473454,-0.2262991435398101,-0.4814607612315388,-0.8250831446246757,0.9841231756854657,0
-0.2960199349169384,0.9009088760241706,-0.502969299721533,-0.32766912072027093,-0.404365943111267,0.9048055324001227,-0.4090788379283631,0.2744324511807092,-1.0226460914748605,-0.2262991435398101,-0.7394662468772634,-0.15045404487267908,0.9841231756854657,0
-0.2960199349169384,0.9009088760241706,-0.502969299721533,0.08239573633713602,-0.7423290972289317,-1.177851894974348,0.38271364074285674,-0.3041918912684436,0.09518414679198407,0.003043148748581378,-0.4814607612315388,0.4448069254967297,0.9841231756854657,0
-0.2960199349169384,0.9009088760241706,-1.179024470547907,0.7430856138636583,-0.404365943111267,-1.177851894974348,0.38271364074285674,-1.461440576166749,0.19588957366287124,-0.570312581972397,-0.997471732522988,-0.07108591549009124,-1.0161329645585022,0
0.5512255078865883,-1.1099901739376037,0.8491410419312149,2.352755208151971,0.6095235192417271,-1.177851894974348,0.8577891279455886,-0.8828162337175963,-0.6567497071773044,-0.7996548742607882,0.5505611813513597,-0.6068207888225592,0.9841231756854657,0
1.2290218621294098,-1.1099901739376037,-0.502969299721533,-0.012169016187694632,0.7785050963005594,0.9048055324001227,-0.7257958293968509,1.4316811360790147,-1.2374843354660858,-0.9143260204049839,0.8085666669970842,-0.7258729828964409,0.9841231756854657,0
-0.634918112038349,0.9009088760241706,0.8491410419312149,0.5155016712057868,-0.7423290972289317,0.9048055324001227,0.034324950127520015,-0.3041918912684436,0.19253272610050842,-0.570312581972397,-0.4814607612315388,-1.4997122443766724,0.9841231756854657,0
-0.2960199349169384,-1.1099901739376037,0.8491410419312149,2.1133901523705982,-0.5733475201700994,-1.177851894974348,2.286499476459938,-0.3041918912684436,0.02804719554472637,-0.34097028968400567,-0.22345527558581418,0.801963507718375,0.9841231756854657,0
-0.634918112038349,-1.1099901739376037,0.8491410419312149,-0.37226679291969006,-0.911310674287764,0.21058638994196582,0.06599664927436881,-0.8828162337175963,-1.4489657318949483,0.4617277333253637,-0.4814607612315388,-1.0631875327724392,0.9841231756854657,0
-0.46546902347764374,0.9009088760241706,0.8491410419312149,-0.7157825739684738,-0.5733475201700994,0.9048055324001227,-1.1299267105106416,0.2744324511807092,-0.717172963299837,-0.7996548742607882,-0.7394662468772634,0.20670253734896618,0.9841231756854657,0
-0.46546902347764374,0.9009088760241706,0.8491410419312149,0.2724569916204254,-0.5733475201700994,0.9048055324001227,1.0161476236798326,-0.8828162337175963,-1.0964967378468442,0.23238544103697253,-0.4814607612315388,0.32575473142284794,-1.0161329645585022,0
-0.634918112038349,0.9009088760241706,0.8491410419312149,-0.1109977104596369,-0.404365943111267,0.9048055324001227,-0.09236184645987515,1.4316811360790147,0.1656779456016052,-0.2262991435398101,-0.4814607612315388,0.2463866020402601,-1.0161329645585022,0
0.21232733076517762,-1.1099901739376037,-0.502969299721533,1.404944127276426,0.4405419421828948,-1.177851894974348,0.8577891279455886,0.853056793629862,0.4342257505906372,-0.570312581972397,-0.22345527558581418,-1.12271362980938,0.9841231756854657,0
0.0428782422044723,0.9009088760241706,-0.502969299721533,0.7668689333864364,-0.5733475201700994,-1.177851894974348,0.06599664927436881,-0.8828162337175963,-0.4016292924377243,-0.6849837281165926,0.29255569570563505,-0.7457150152420878,0.9841231756854657,0
-0.634918112038349,0.9009088760241706,1.5251962127575889,-0.35879589547418567,-0.7423290972289317,0.9048055324001227,-0.10708918656315984,-0.8828162337175963,-0.9219406646039736,0.23238544103697253,-0.4814607612315388,0.16701847265767225,-1.0161329645585022,0
-0.12657084635623306,0.9009088760241706,-0.502969299721533,0.4153937944097111,-0.23538436605243465,0.9048055324001227,0.38271364074285674,0.853056793629862,-0.6869613352385705,-0.34097028968400567,-0.22345527558581418,-0.22982217425526694,0.9841231756854657,0
-0.12657084635623306,-1.1099901739376037,1.5251962127575889,0.5697169009014688,-0.7423290972289317,0.9048055324001227,2.353801837146991,-0.3041918912684436,1.5654833791069334,0.8057411717579506,-0.22345527558581418,-0.9242933063529105,0.9841231756854657,0
-0.2960199349169384,-1.1099901739376037,0.8491410419312149,0.8416300453524598,-0.404365943111267,-1.177851894974348,2.4413740852880284,0.853056793629862,0.09518414679198407,0.5763988794695595,-0.4814607612315388,0.5440170872249644,-1.0161329645585022,0
-0.46546902347764374,0.9009088760241706,0.8491410419312149,2.070498056870024,-0.06640278899360229,-1.177851894974348,0.06599664927436881,-0.3041918912684436,1.357358830240434,-1.0289971665491795,-0.4814607612315388,-0.03140185079879733,0.9841231756854657,0
-0.2960199349169384,-1.1099901739376037,0.8491410419312149,-0.20703115403069489,0.10257878806523006,0.9048055324001227,0.6994306322113446,-0.3041918912684436,-0.6231812315536756,0.8057411717579506,-0.4814607612315388,-0.3488743683291487,0.9841231756854657,0
2.923512747736463,0.9009088760241706,1.5251962127575889,-0.3603277560277776,2.8062840210065474,-1.177851894974348,-0.3298995900612411,-0.8828162337175963,-1.4388951892078599,-0.11162799739561437,1.582583123934258,1.2186461869769611,0.9841231756854657,0
2.0762673049329363,-1.1099901739376037,-0.502969299721533,-0.42776120513950555,1.7923945586535535,0.9048055324001227,-0.18199275504545723,1.4316811360790147,0.31673608590793534,0.23238544103697253,1.582583123934258,1.3972244780877838,-1.0161329645585022,0
-0.8043672005990544,0.9009088760241706,-0.502969299721533,-0.16369687197856808,-0.7423290972289317,0.9048055324001227,-1.2800505644667048,1.4316811360790147,0.10189784191671032,-1.3730106049817663,-0.7394662468772634,-0.46792656240303043,0.9841231756854657,0
-0.12657084635623306,0.9009088760241706,-0.502969299721533,-0.10989224408075611,-0.5733475201700994,-1.177851894974348,-0.9775858376142988,-0.8828162337175963,-0.03237606057780569,-1.0289971665491795,0.29255569570563505,1.1988041546313142,0.9841231756854657,0
-0.12657084635623306,-1.1099901739376037,-1.179024470547907,0.8896704557032505,-0.06640278899360229,-1.177851894974348,2.2830155895537843,-0.8828162337175963,-0.002164432516539662,0.4617277333253637,-0.22345527558581418,0.3654387961141419,0.9841231756854657,0
-0.46546902347764374,0.9009088760241706,1.5251962127575889,-0.2414901202980931,-0.7423290972289317,0.9048055324001227,-0.8841543251310949,-0.8828162337175963,-0.9118701219168851,-0.9143260204049839,-0.7394662468772634,1.0599099282117854,0.9841231756854657,0
-0.2960199349169384,-1.1099901739376037,0.8491410419312149,-0.11107667234384266,-0.06640278899360229,0.9048055324001227,0.38271364074285674,0.853056793629862,1.088811025251402,0.23238544103697253,-0.22345527558581418,0.20670253734896618,0.9841231756854657,0
-0.9738162891597597,0.9009088760241706,-0.502969299721533,-0.22446593806332898,-0.911310674287764,-1.177851894974348,0.5721104016410125,1.4316811360790147,-0.35799027412700696,0.6910700256137552,-0.4814607612315388,0.16701847265767225,0.9841231756854657,0
0.38177641932588297,0.9009088760241706,-0.502969299721533,-0.56780800296686,-0.06640278899360229,0.9048055324001227,-0.7257958293968509,1.4316811360790147,-0.39827244487536145,-0.34097028968400567,0.29255569570563505,-1.8171847619070236,0.9841231756854657,0
-0.634918112038349,-1.1099901739376037,1.5251962127575889,-0.5427612932967896,-0.7423290972289317,0.9048055324001227,0.06599664927436881,-0.8828162337175963,-0.37813135950118393,0.9204123179021463,-0.7394662468772634,0.26622863438590705,0.9841231756854657,0
0.0428782422044723,-1.1099901739376037,1.5251962127575889,-0.6815920781073751,-0.06640278899360229,0.9048055324001227,-0.7292797163030044,0.2744324511807092,-0.22707321919485376,0.003043148748581378,0.8085666669970842,0.5837011519162584,0.9841231756854657,0
-0.46546902347764374,-1.1099901739376037,0.8491410419312149,-0.20374633964773484,-0.911310674287764,-1.177851894974348,0.4618928886099787,1.4316811360790147,0.01797665285763789,0.5763988794695595,-0.997471732522988,0.9805417988291976,-1.0161329645585022,0
1.5679200392508204,0.9009088760241706,-0.502969299721533,-0.44797544749618273,1.9613761357123858,0.9048055324001227,-1.2008713165995828,-1.461440576166749,1.0988815679384905,-1.143668312693375,2.356599580871432,0.10749237562073138,0.9841231756854657,0
-0.2960199349169384,0.9009088760241706,-0.502969299721533,0.2313968118334248,-0.404365943111267,0.9048055324001227,1.3328646151483206,-0.8828162337175963,0.82026322026237,0.5763988794695595,-0.4814607612315388,1.4964346398160184,-1.0161329645585022,0
-0.12657084635623306,-1.1099901739376037,0.8491410419312149,0.24101436932968764,-0.404365943111267,0.9048055324001227,-0.2507203421941191,0.2744324511807092,-0.16329311550995887,-0.6849837281165926,-0.22345527558581418,-1.3409759856114967,0.9841231756854657,0
0.38177641932588297,-1.1099901739376037,-1.179024470547907,0.1143910918173142,-0.404365943111267,0.9048055324001227,-0.8146349455037618,-1.461440576166749,-1.5698122441400126,-1.0289971665491795,0.5505611813513597,-0.07108591549009124,0.9841231756854657,0
-0.12657084635623306,-1.1099901739376037,-1.179024470547907,1.4072340219183934,0.4405419421828948,-1.177851894974348,-0.7484410942868479,-0.3041918912684436,-0.811164695045998,-1.2583394588375707,-0.22345527558581418,-0.40840046536608954,0.9841231756854657,0
-0.634918112038349,0.9009088760241706,-0.502969299721533,-0.7919334150965187,-0.911310674287764,0.21058638994196582,-0.2507203421941191,0.853056793629862,-0.6097538413042243,1.4937680486231246,-0.4814607612315388,-1.12271362980938,0.9841231756854657,0
0.0428782422044723,-1.1099901739376037,1.5251962127575889,0.06230783299518803,-0.911310674287764,-1.177851894974348,1.9328849554853709,-0.8828162337175963,-0.9924344634135942,1.379096902478929,0.03455021005991044,0.8614896047553159,0.9841231756854657,0
0.7206745964472937,-1.1099901739376037,0.8491410419312149,-0.18255296992690606,0.9474866733593919,-1.177851894974348,0.05665349802604841,-0.8828162337175963,-1.3549740001487873,0.1177142948927768,0.03455021005991044,-0.11076998018138517,-1.0161329645585022,0
-0.634918112038349,0.9009088760241706,-1.179024470547907,-0.1646444145890373,-0.7423290972289317,-1.177851894974348,2.4413740852880284,-0.8828162337175963,-0.3848450546259102,2.525808363920885,-0.7394662468772634,-0.4282424977117365,0.9841231756854657,0
-0.9738162891597597,-1.1099901739376037,-0.502969299721533,-0.6065467033582109,-0.911310674287764,-1.177851894974348,0.38271364074285674,1.4316811360790147,-0.08944246913797492,1.7231103409115156,-0.4814607612315388,1.278172284013902,-1.0161329645585022,0
-0.46546902347764374,0.9009088760241706,0.8491410419312149,-0.18263193181111181,-0.404365943111267,0.9048055324001227,-0.2507203421941191,-0.8828162337175963,-1.3146918294004326,-0.2262991435398101,-0.7394662468772634,-1.678290535487495,0.9841231756854657,0
0.21232733076517762,-1.1099901739376037,1.5251962127575889,0.7990695897655495,-0.06640278899360229,-1.177851894974348,-0.7257958293968509,-0.8828162337175963,0.4006572749670078,-1.143668312693375,0.5505611813513597,0.4249648931510827,0.9841231756854657,0
0.0428782422044723,0.9009088760241706,-0.502969299721533,1.0275536979033668,0.4405419421828948,-1.177851894974348,-0.8754446078657115,-1.461440576166749,-1.2139864025295457,-1.2583394588375707,-0.4814607612315388,1.298014316359549,0.9841231756854657,0
-0.46546902347764374,0.9009088760241706,-0.502969299721533,0.36414753156016605,-0.911310674287764,-1.177851894974348,-0.7257958293968509,-0.8828162337175963,-0.8548037133567153,-1.0289971665491795,-0.7394662468772634,0.22654456969461315,-1.0161329645585022,0
-0.634918112038349,-1.1099901739376037,1.5251962127575889,1.1218341876450568,-0.911310674287764,-1.177851894974348,2.91644957249076,0.2744324511807092,-0.18007735332177302,0.5763988794695595,-0.7394662468772634,-1.3608180179571436,0.9841231756854657,0
0.0428782422044723,0.9009088760241706,-0.502969299721533,1.406381233568971,-0.23538436605243465,-1.177851894974348,-0.5674373336626071,-1.461440576166749,-0.10958355451215247,-1.143668312693375,-0.22345527558581418,-2.531497926350314,0.9841231756854657,0
0.38177641932588297,-1.1099901739376037,-0.502969299721533,0.17056457624129928,0.6095235192417271,-1.177851894974348,0.38271364074285674,-0.3041918912684436,0.38387303715519366,-0.11162799739561437,0.29255569570563505,0.6035431842619053,-1.0161329645585022,0
-0.2960199349169384,0.9009088760241706,-1.179024470547907,-0.3314908759158302,-0.404365943111267,0.9048055324001227,0.5410721364771007,-0.3041918912684436,-1.1199946707833845,0.9204123179021463,-0.7394662468772634,0.40512286080543575,0.9841231756854657,0
0.7206745964472937,-1.1099901739376037,1.5251962127575889,0.16702708382888076,0.7785050963005594,0.9048055324001227,-0.510903350685482,0.853056793629862,-0.035732908140168516,-0.7996548742607882,1.066572152642809,0.5043330225336705,0.9841231756854657,0
-0.634918112038349,0.9009088760241706,0.8491410419312149,0.3675428925810142,-0.5733475201700994,-1.177851894974348,-0.6812970920955285,-0.8828162337175963,-1.1703473842188281,-1.0289971665491795,-0.4814607612315388,-2.03544711770914,-1.0161329645585022,0
-0.634918112038349,-1.1099901739376037,0.8491410419312149,-0.5299536756786136,-0.5733475201700994,-1.177851894974348,-0.8841543251310949,1.4316811360790147,0.8034789824505558,-0.570312581972397,-0.7394662468772634,0.7225953783357871,-1.0161329645585022,0
0.890123685007999,-1.1099901739376037,1.5251962127575889,-0.2721747085004555,0.4405419421828948,-1.177851894974348,1.6495816066168083,1.4316811360790147,0.07504306141780712,2.0671237793441026,0.8085666669970842,0.5638591195706114,0.9841231756854657,0
0.5512255078865883,-1.1099901739376037,-0.502969299721533,-0.10976590506602688,0.6095235192417271,0.9048055324001227,-0.765385453330412,-0.3041918912684436,-1.459036274582037,-0.7996548742607882,0.5505611813513597,1.35754041339649,0.9841231756854657,0
0.21232733076517762,-1.1099901739376037,-1.179024470547907,-0.0706481876304882,-0.5733475201700994,0.9048055324001227,-1.042512820865339,0.853056793629862,0.8034789824505558,-1.143668312693375,0.5505611813513597,0.6035431842619053,0.9841231756854657,0
0.21232733076517762,-1.1099901739376037,-0.502969299721533,-0.4869352411633099,0.7785050963005594,-1.177851894974348,0.5019575880307424,-0.8828162337175963,-0.284139627755023,1.379096902478929,0.5505611813513597,-0.6663468858595001,0.9841231756854657,0
1.7373691278115257,0.9009088760241706,-1.179024470547907,-0.6218653088941304,1.9613761357123858,0.9048055324001227,-1.359229812333827,0.2744324511807092,0.36037510421865326,-1.3730106049817663,2.098594095225707,-0.07108591549009124,0.9841231756854657,0
-0.634918112038349,0.9009088760241706,0.8491410419312149,0.48328522244983246,-0.404365943111267,0.9048055324001227,1.0161476236798326,0.2744324511807092,0.571856500647516,0.003043148748581378,-0.7394662468772634,-1.0036614357354983,0.9841231756854657,0
-0.634918112038349,-1.1099901739376037,0.8491410419312149,-0.5808525062376533,-0.5733475201700994,0.9048055324001227,-1.2008713165995828,1.4316811360790147,-1.2005590122800942,-1.0289971665491795,-0.997471732522988,-0.07108591549009124,0.9841231756854657,0
-0.46546902347764374,-1.1099901739376037,-1.179024470547907,0.2636290529662203,-0.404365943111267,0.9048055324001227,0.38271364074285674,0.2744324511807092,-0.23714376188194225,-0.2262991435398101,-0.7394662468772634,-0.190138109563973,0.9841231756854657,0
0.0428782422044723,-1.1099901739376037,-1.179024470547907,-0.05945139245010996,-0.5733475201700994,0.9048055324001227,-0.6507339024188193,-0.3041918912684436,0.82026322026237,-0.7996548742607882,-0.4814607612315388,-0.6663468858595001,0.9841231756854657,0
0.21232733076517762,-1.1099901739376037,-1.179024470547907,0.3528086049882174,0.2715603651240624,0.9048055324001227,1.0161476236798326,-0.3041918912684436,0.3536614090939276,0.23238544103697253,1.066572152642809,0.46464895784237664,0.9841231756854657,0
-0.46546902347764374,0.9009088760241706,-1.179024470547907,-0.3746040646921809,-0.911310674287764,0.9048055324001227,-0.037253089944358254,1.4316811360790147,-0.002164432516539662,0.3470565871811683,-0.7394662468772634,-1.9163949236352584,0.9841231756854657,0
-0.8043672005990544,0.9009088760241706,-1.179024470547907,0.2632816206757149,-0.06640278899360229,-1.177851894974348,0.8577891279455886,-0.8828162337175963,-0.04244660326489417,0.23238544103697253,-0.4814607612315388,0.7424374106814341,-1.0161329645585022,0
-0.634918112038349,0.9009088760241706,1.5251962127575889,-0.6710901475080077,-0.911310674287764,0.9048055324001227,-1.042512820865339,0.2744324511807092,0.23617174441122635,-0.6849837281165926,-0.4814607612315388,0.4448069254967297,0.9841231756854657,0
-0.634918112038349,0.9009088760241706,-1.179024470547907,1.5952896453428562,-0.911310674287764,0.21058638994196582,2.2830155895537843,1.4316811360790147,-0.4519820058731679,-0.11162799739561437,-0.4814607612315388,0.3455967637684949,0.9841231756854657,0
0.38177641932588297,0.9009088760241706,-0.502969299721533,-0.0079840363247888,0.10257878806523006,0.9048055324001227,0.5094004373302519,-0.8828162337175963,1.407711543675877,0.23238544103697253,0.29255569570563505,-0.9838194033898514,0.9841231756854657,0
1.2290218621294098,0.9009088760241706,-0.502969299721533,-0.49524203138175693,1.7923945586535535,0.9048055324001227,-0.7257958293968509,0.2744324511807092,-0.012234975203628139,-0.45564143582820127,1.582583123934258,-0.07108591549009124,0.9841231756854657,0
-0.2960199349169384,-1.1099901739376037,-0.502969299721533,-0.10899207860081032,-0.911310674287764,-1.177851894974348,-0.2507203421941191,-1.461440576166749,-1.1535631464070133,-0.34097028968400567,-0.22345527558581418,0.7622794430270811,-1.0161329645585022,0
0.0428782422044723,-1.1099901739376037,-0.502969299721533,-0.25892490433072723,-0.23538436605243465,-1.177851894974348,0.8296013157048931,-0.3041918912684436,-0.07601507888852362,1.035083464046342,0.03455021005991044,0.028124246238143545,-1.0161329645585022,0
-0.46546902347764374,0.9009088760241706,1.5251962127575889,0.27138310999522697,-0.23538436605243465,-1.177851894974348,1.013772246243819,-0.8828162337175963,-0.3647039692517326,0.23238544103697253,-0.7394662468772634,0.22654456969461315,0.9841231756854657,0
1.2290218621294098,-1.1099901739376037,-0.502969299721533,0.33234168460208174,1.1164682504182242,-1.177851894974348,0.2547599761895876,-0.8828162337175963,-0.16664996307232172,-0.34097028968400567,1.066572152642809,0.286070666731554,0.9841231756854657,0
1.2290218621294098,-1.1099901739376037,-0.502969299721533,-0.1139193001752504,1.4544314045358888,0.9048055324001227,0.38271364074285674,0.853056793629862,-0.5325463473698775,0.3470565871811683,0.8085666669970842,0.6630692812988462,-1.0161329645585022,0
0.38177641932588297,-1.1099901739376037,-1.179024470547907,-0.4510391686033666,0.7785050963005594,0.9048055324001227,0.38271364074285674,0.853056793629862,-0.05251714595198324,1.035083464046342,0.8085666669970842,-0.40840046536608954,0.9841231756854657,0
0.7206745964472937,-1.1099901739376037,-0.502969299721533,-0.7506047649032185,0.6095235192417271,0.9048055324001227,-0.2507203421941191,1.4316811360790147,-1.173704231781191,1.2644257563347332,1.066572152642809,0.22654456969461315,0.9841231756854657,0
0.890123685007999,0.9009088760241706,-1.179024470547907,1.4086553358340972,0.9474866733593919,-1.177851894974348,0.28215599595161184,-0.3041918912684436,-1.6470197380743594,-0.7996548742607882,0.5505611813513597,0.028124246238143545,-1.0161329645585022,0
1.398470950690115,-1.1099901739376037,-0.502969299721533,-0.2618464940463407,1.1164682504182242,0.9048055324001227,-0.2507203421941191,1.4316811360790147,1.0250309215665072,-0.11162799739561437,1.582583123934258,1.6551708985811941,-1.0161329645585022,0
0.38177641932588297,0.9009088760241706,-0.502969299721533,0.7860566712484386,0.2715603651240624,0.9048055324001227,-1.042512820865339,1.4316811360790147,0.06161567116835522,-1.3730106049817663,-0.4814607612315388,-0.09092794783573821,0.9841231756854657,0
-0.46546902347764374,-1.1099901739376037,-1.179024470547907,-0.3459093159718039,-0.911310674287764,-1.177851894974348,0.034324950127520015,-0.8828162337175963,-0.9857207682888686,0.3470565871811683,-0.22345527558581418,-1.3409759856114967,0.9841231756854657,0
-0.12657084635623306,0.9009088760241706,-0.502969299721533,0.6512845272860296,-0.5733475201700994,-1.177851894974348,0.5255530038951448,-0.8828162337175963,-1.271052811089715,-0.34097028968400567,0.29255569570563505,0.12733440796637835,-1.0161329645585022,0
-0.634918112038349,0.9009088760241706,-1.179024470547907,-0.48829338557164914,-0.5733475201700994,-1.177851894974348,-1.121692068732461,0.2744324511807092,-0.04244660326489417,-1.0289971665491795,-0.997471732522988,-0.17029607721832604,-1.0161329645585022,0
2.5846145706150523,-1.1099901739376037,-1.179024470547907,-0.301232681888179,1.7923945586535535,0.9048055324001227,-0.2507203421941191,-0.3041918912684436,-1.1636336890941021,-0.11162799739561437,2.6146050665171567,-0.9242933063529105,0.9841231756854657,0
2.415165482054347,-1.1099901739376037,1.5251962127575889,-0.4459382308836739,2.130357712771218,-1.177851894974348,-0.2890430981618062,0.853056793629862,-1.6839450612603513,0.1177142948927768,2.356599580871432,0.38528082845978884,0.9841231756854657,0
-0.2960199349169384,0.9009088760241706,0.8491410419312149,-0.3131717187800915,-0.06640278899360229,0.9048055324001227,-1.042512820865339,0.853056793629862,0.19588957366287124,-1.0289971665491795,-0.4814607612315388,-0.26950623894656084,0.9841231756854657,0
-0.8043672005990544,-1.1099901739376037,-1.179024470547907,-0.18345313540685185,-0.911310674287764,-1.177851894974348,-0.5674373336626071,-1.461440576166749,0.25966967734776614,-0.570312581972397,-0.7394662468772634,1.258330251668255,-1.0161329645585022,0
-0.634918112038349,-1.1099901739376037,0.8491410419312149,-0.20731541681383567,-0.911310674287764,-1.177851894974348,-0.2507203421941191,0.853056793629862,0.7799810495140155,-0.2262991435398101,-0.7394662468772634,-0.46792656240303043,-1.0161329645585022,0
-0.634918112038349,0.9009088760241706,-1.179024470547907,-0.10956060416709187,-0.911310674287764,-1.177851894974348,0.06599664927436881,-0.8828162337175963,-1.6705176710108995,0.003043148748581378,-0.4814607612315388,0.0479662785837905,-1.0161329645585022,0
-0.8043672005990544,0.9009088760241706,0.8491410419312149,-0.4920993483903673,-0.911310674287764,0.9048055324001227,-0.5674373336626071,-1.461440576166749,-0.8984427316674333,-0.2262991435398101,-0.7394662468772634,-1.6981325678331418,0.9841231756854657,0
1.2290218621294098,-1.1099901739376037,0.8491410419312149,0.5514767056499358,1.1164682504182242,0.9048055324001227,0.06599664927436881,0.2744324511807092,-0.31770810337865185,-0.570312581972397,0.29255569570563505,-1.102871597463733,0.9841231756854657,0
-0.46546902347764374,-1.1099901739376037,-0.502969299721533,-0.10818666738191146,-0.5733475201700994,0.9048055324001227,0.4618928886099787,-0.8828162337175963,0.16232109803924238,0.3470565871811683,-0.7394662468772634,-0.6068207888225592,0.9841231756854657,0
-0.9738162891597597,-1.1099901739376037,0.8491410419312149,-0.2899885095772773,-0.7423290972289317,0.21058638994196582,-0.5674373336626071,1.4316811360790147,0.2831676102843065,-0.45564143582820127,-0.997471732522988,-1.0631875327724392,-1.0161329645585022,0
-0.634918112038349,-1.1099901739376037,-0.502969299721533,-0.42916672667836825,-0.7423290972289317,0.9048055324001227,-0.963333572998217,1.4316811360790147,0.02804719554472637,-0.7996548742607882,-0.4814607612315388,0.9408577341379036,-1.0161329645585022,0
0.0428782422044723,-1.1099901739376037,0.8491410419312149,2.0703559254784536,0.10257878806523006,-1.177851894974348,1.7788021391359514,-1.461440576166749,0.15560740291451672,-0.45564143582820127,0.29255569570563505,1.0400678958661385,0.9841231756854657,0
-0.634918112038349,-1.1099901739376037,-0.502969299721533,-0.38978053883652997,-0.911310674287764,0.9048055324001227,-1.2862265458003403,-1.461440576166749,-0.2807827801926602,-1.2583394588375707,-0.997471732522988,0.5440170872249644,-1.0161329645585022,0
-0.12657084635623306,0.9009088760241706,-1.179024470547907,0.17441791619054087,-0.5733475201700994,-1.177851894974348,-0.2507203421941191,1.4316811360790147,1.0048898361923295,-0.570312581972397,-0.22345527558581418,0.06780831092943747,0.9841231756854657,0
0.5512255078865883,0.9009088760241706,-0.502969299721533,-0.28643522478801764,0.4405419421828948,0.9048055324001227,-0.7257958293968509,-0.8828162337175963,0.5349311774615239,-0.6849837281165926,0.29255569570563505,-1.7775006972157297,0.9841231756854657,0
0.890123685007999,-1.1099901739376037,0.8491410419312149,-0.10843934541136993,0.9474866733593919,0.9048055324001227,1.1428344202672278,0.2744324511807092,0.36708879934337896,1.035083464046342,0.8085666669970842,0.08765034327508442,0.9841231756854657,0
-0.8043672005990544,0.9009088760241706,1.5251962127575889,-0.05403460719359411,-0.911310674287764,0.9048055324001227,-0.5674373336626071,-0.3041918912684436,0.011262957732911642,-0.6849837281165926,-0.7394662468772634,1.8932752867289577,0.9841231756854657,0
-0.2960199349169384,0.9009088760241706,-0.502969299721533,-0.23924760278664922,0.10257878806523006,-1.177851894974348,0.22435514500861276,1.4316811360790147,-1.6369491953872708,0.3470565871811683,-0.4814607612315388,1.317856348705196,-1.0161329645585022,0
1.2290218621294098,0.9009088760241706,-0.502969299721533,2.441397819361369,0.9474866733593919,-1.177851894974348,-0.5729798810133055,1.4316811360790147,-1.3415466098993358,-1.2583394588375707,1.3245776382885335,0.4249648931510827,-1.0161329645585022,0
-0.46546902347764374,0.9009088760241706,1.5251962127575889,-0.6999901971273197,-0.06640278899360229,0.9048055324001227,-0.7257958293968509,-0.8828162337175963,-0.7373140486740141,0.003043148748581378,-0.4814607612315388,-0.011559818453150373,0.9841231756854657,0
1.0595727735687044,-1.1099901739376037,-0.502969299721533,-0.35617436091855403,1.2854498274770565,-1.177851894974348,-0.5674373336626071,1.4316811360790147,-0.7540982864858288,-0.45564143582820127,0.03455021005991044,0.8813316371009629,-1.0161329645585022,0
1.7373691278115257,0.9009088760241706,-0.502969299721533,0.4312177560045474,1.2854498274770565,-1.177851894974348,0.8577891279455886,1.4316811360790147,-0.2069321338206762,0.003043148748581378,2.098594095225707,0.22654456969461315,0.9841231756854657,0
-0.8043672005990544,0.9009088760241706,-1.179024470547907,-0.20088791943948595,-0.911310674287764,-1.177851894974348,-1.1806014291455997,-0.8828162337175963,-1.1199946707833845,-1.2583394588375707,-0.4814607612315388,-0.6068207888225592,0.9841231756854657,0
1.0595727735687044,-1.1099901739376037,-0.502969299721533,1.3695060336448763,0.4405419421828948,-1.177851894974348,2.4413740852880284,0.2744324511807092,0.03811773823181484,0.1177142948927768,0.03455021005991044,0.8416475724096689,0.9841231756854657,0
-0.46546902347764374,0.9009088760241706,1.5251962127575889,0.3081477632814337,-0.911310674287764,0.9048055324001227,-0.035986221978484306,0.853056793629862,-1.1535631464070133,-0.570312581972397,-0.7394662468772634,0.305912699077201,-1.0161329645585022,0
-0.8043672005990544,0.9009088760241706,0.8491410419312149,-0.08989909499985503,-0.911310674287764,-1.177851894974348,-1.1885193539323118,0.2744324511807092,-1.1099241280962957,-1.2583394588375707,-0.4814607612315388,-0.5869787564769122,-1.0161329645585022,0
0.38177641932588297,0.9009088760241706,1.5251962127575889,-0.48436108373820175,0.2715603651240624,0.9048055324001227,0.0026532509806712224,1.4316811360790147,0.7967652873258302,0.5763988794695595,0.03455021005991044,0.782121475372728,-1.0161329645585022,0
0.890123685007999,0.9009088760241706,-1.179024470547907,-0.014916889758055442,0.4405419421828948,0.9048055324001227,0.43829747274557634,-0.8828162337175963,0.42079836034118534,0.23238544103697253,0.5505611813513597,1.0995939929030794,-1.0161329645585022,0
0.0428782422044723,-1.1099901739376037,-1.179024470547907,-0.861135610414456,-0.5733475201700994,0.9048055324001227,-0.8841543251310949,0.853056793629862,-0.008878127641265313,0.23238544103697253,0.8085666669970842,-0.051243883144444294,0.9841231756854657,0
-0.46546902347764374,-1.1099901739376037,-1.179024470547907,0.34813406144323583,-0.404365943111267,0.9048055324001227,-0.4882580857954851,1.4316811360790147,0.17239164072633087,-0.9143260204049839,-0.4814607612315388,-0.011559818453150373,0.9841231756854657,0
3.601309101979284,0.9009088760241706,0.8491410419312149,-0.45787726777558635,3.651191906300709,0.9048055324001227,-0.2507203421941191,0.2744324511807092,-1.2106295549671826,0.23238544103697253,2.356599580871432,1.5559607368529593,-1.0161329645585022,0
-0.634918112038349,0.9009088760241706,-1.179024470547907,0.31958144411442924,-0.404365943111267,0.9048055324001227,0.04699362978625953,0.2744324511807092,-0.5493305851816922,-0.45564143582820127,-0.4814607612315388,-0.20998014190961997,0.9841231756854657,0
-0.8043672005990544,0.9009088760241706,1.5251962127575889,-0.44767539233620085,-0.7423290972289317,0.21058638994196582,0.38271364074285674,-0.8828162337175963,0.16903479316396802,1.035083464046342,-0.4814607612315388,0.32575473142284794,-1.0161329645585022,0
-0.46546902347764374,0.9009088760241706,-0.502969299721533,-0.2721589161236143,0.10257878806523006,-1.177851894974348,-0.8656263811301884,0.853056793629862,-0.8078078474836352,-0.7996548742607882,-0.22345527558581418,-0.32903233598350173,0.9841231756854657,0
0.0428782422044723,-1.1099901739376037,0.8491410419312149,0.6475733187283584,0.2715603651240624,0.9048055324001227,1.3328646151483206,0.2744324511807092,0.9746782081310635,0.1177142948927768,0.8085666669970842,-2.610866055732902,0.9841231756854657,0
0.5512255078865883,0.9009088760241706,-1.179024470547907,-0.6056623302551063,0.10257878806523006,0.9048055324001227,-0.607026957596168,0.2744324511807092,-0.04580345082725759,0.003043148748581378,0.8085666669970842,0.6432272489531993,-1.0161329645585022,0
-0.12657084635623306,0.9009088760241706,0.8491410419312149,1.002759666262755,-0.911310674287764,-1.177851894974348,0.8577891279455886,-0.3041918912684436,0.5114332445249834,-0.45564143582820127,-0.4814607612315388,1.0202258635204915,0.9841231756854657,0
-0.634918112038349,0.9009088760241706,-0.502969299721533,0.4911498261167272,-0.911310674287764,0.9048055324001227,-0.4882580857954851,1.4316811360790147,-0.7977373047965461,-0.9143260204049839,-0.7394662468772634,0.8614896047553159,0.9841231756854657,0
0.5512255078865883,-1.1099901739376037,1.5251962127575889,-0.5507838207320959,0.2715603651240624,0.9048055324001227,0.06599664927436881,-0.8828162337175963,-1.0327166341619494,0.9204123179021463,0.29255569570563505,1.3972244780877838,0.9841231756854657,0
-0.2960199349169384,-1.1099901739376037,-0.502969299721533,-0.2398003359760896,-0.23538436605243465,0.9048055324001227,-0.4407505370752119,-0.8828162337175963,-0.3680608168140954,-0.34097028968400567,-0.4814607612315388,0.26622863438590705,-1.0161329645585022,0
-0.8043672005990544,-1.1099901739376037,0.8491410419312149,0.25511696184883825,-0.911310674287764,-1.177851894974348,0.06599664927436881,0.2744324511807092,-1.1636336890941021,-0.45564143582820127,-0.997471732522988,-0.3488743683291487,0.9841231756854657,0
-0.12657084635623306,0.9009088760241706,-0.502969299721533,-0.2758859170581267,-0.06640278899360229,-1.177851894974348,0.38271364074285674,-1.461440576166749,-1.2441980305908118,0.5763988794695595,-0.22345527558581418,0.2463866020402601,0.9841231756854657,0
0.21232733076517762,0.9009088760241706,-1.179024470547907,-0.11028705350178496,0.10257878806523006,-1.177851894974348,-0.16362316954028494,0.2744324511807092,-1.1502062988446506,-0.2262991435398101,0.5505611813513597,0.5837011519162584,0.9841231756854657,0
-0.634918112038349,0.9009088760241706,0.8491410419312149,0.028101544757248284,-0.23538436605243465,-1.177851894974348,-0.5674373336626071,-1.461440576166749,-0.5526874327440551,-0.7996548742607882,-0.7394662468772634,-1.0036614357354983,-1.0161329645585022,0
-0.46546902347764374,0.9009088760241706,-0.502969299721533,-0.29733196480841395,-0.5733475201700994,-1.177851894974348,0.06599664927436881,1.4316811360790147,-0.8078078474836352,0.23238544103697253,-0.7394662468772634,-0.7853990799333818,0.9841231756854657,0
0.7206745964472937,0.9009088760241706,-1.179024470547907,0.2677666556986027,0.7785050963005594,-1.177851894974348,-0.3298995900612411,-0.8828162337175963,-1.6671608234485367,-0.6849837281165926,1.066572152642809,-0.6266628211682062,-1.0161329645585022,0
1.0595727735687044,0.9009088760241706,0.8491410419312149,0.17498644175682243,0.9474866733593919,-1.177851894974348,-0.6532676383505672,0.853056793629862,0.5987112811464187,-0.9143260204049839,1.3245776382885335,-0.5274526594399713,0.9841231756854657,0
-0.46546902347764374,-1.1099901739376037,-0.502969299721533,-0.09165204882922313,-0.911310674287764,0.9048055324001227,-0.3241986842148083,-0.3041918912684436,-0.13308148744869286,-0.45564143582820127,-0.22345527558581418,0.38528082845978884,0.9841231756854657,0
-0.634918112038349,-1.1099901739376037,1.5251962127575889,0.11947623716016582,-0.5733475201700994,0.9048055324001227,0.06599664927436881,0.2744324511807092,-1.1300652134704734,-0.34097028968400567,-0.7394662468772634,0.10749237562073138,-1.0161329645585022,0
-0.8043672005990544,-1.1099901739376037,-0.502969299721533,-0.015248529671719678,-0.404365943111267,-1.177851894974348,-0.4090788379283631,0.2744324511807092,-1.240841183028449,-0.570312581972397,-0.4814607612315388,0.20670253734896618,0.9841231756854657,0
-0.2960199349169384,0.9009088760241706,-0.502969299721533,0.4219160460451077,0.10257878806523006,-1.177851894974348,0.06599664927436881,-0.8828162337175963,-1.173704231781191,-0.570312581972397,-0.4814607612315388,0.38528082845978884,0.9841231756854657,0
-0.46546902347764374,0.9009088760241706,-1.179024470547907,-0.014127270915997739,-0.7423290972289317,-1.177851894974348,0.22324663553847307,-0.3041918912684436,-0.025662365453080038,0.003043148748581378,-0.997471732522988,0.08765034327508442,0.9841231756854657,0
-0.8043672005990544,-1.1099901739376037,-0.502969299721533,-0.4368418218231691,-0.911310674287764,-1.177851894974348,0.018647459049829864,-1.461440576166749,0.2898813054090322,0.5763988794695595,-0.997471732522988,-1.162397694500674,-1.0161329645585022,0
-0.9738162891597597,-1.1099901739376037,0.8491410419312149,0.17686573460091976,-0.7423290972289317,-1.177851894974348,1.609675265691779,1.4316811360790147,1.256653403369547,0.9204123179021463,-0.7394662468772634,0.9408577341379036,0.9841231756854657,0
-0.634918112038349,-1.1099901739376037,-0.502969299721533,-0.07555961682808712,-0.911310674287764,0.9048055324001227,0.06599664927436881,-0.8828162337175963,1.045172006940684,-0.11162799739561437,-0.7394662468772634,0.9606997664835506,-1.0161329645585022,0
0.5512255078865883,0.9009088760241706,0.17308587110484092,-0.3827055540116929,0.9474866733593919,0.9048055324001227,-0.8841543251310949,0.2744324511807092,0.27645391515958084,-0.7996548742607882,0.5505611813513597,2.230589836604956,0.9841231756854657,0
-0.2960199349169384,-1.1099901739376037,0.8491410419312149,2.1684581704157027,0.2715603651240624,-1.177851894974348,1.3328646151483206,0.2744324511807092,1.8273174889712391,-0.6849837281165926,0.03455021005991044,-0.8052411122790287,-1.0161329645585022,0
1.0595727735687044,0.9009088760241706,0.8491410419312149,0.08220622781504218,1.1164682504182242,-1.177851894974348,0.6994306322113446,1.4316811360790147,1.649404568166006,0.23238544103697253,0.03455021005991044,0.06780831092943747,0.9841231756854657,0
-0.12657084635623306,-1.1099901739376037,1.5251962127575889,-0.5774887299704874,-0.23538436605243465,-1.177851894974348,0.38271364074285674,1.4316811360790147,-1.0662851097855781,1.6084391947673204,0.29255569570563505,1.1591200899400202,-1.0161329645585022,0
1.0595727735687044,-1.1099901739376037,-1.179024470547907,-0.4629150359879145,1.1164682504182242,0.9048055324001227,0.06599664927436881,0.2744324511807092,0.8269769153870962,0.6910700256137552,0.03455021005991044,-0.3488743683291487,-1.0161329645585022,0
-0.46546902347764374,-1.1099901739376037,-1.179024470547907,-0.18651685651403574,-0.7423290972289317,-1.177851894974348,-0.5674373336626071,0.2744324511807092,-0.1397951825734185,-0.570312581972397,-0.7394662468772634,0.18686050500331922,0.9841231756854657,0
0.7206745964472937,0.9009088760241706,0.8491410419312149,0.09769854949621433,1.1164682504182242,-1.177851894974348,0.6994306322113446,0.2744324511807092,-1.3482603050240614,0.23238544103697253,0.5505611813513597,0.0479662785837905,0.9841231756854657,0
-0.12657084635623306,-1.1099901739376037,0.8491410419312149,-0.5270794630935236,0.10257878806523006,0.9048055324001227,-1.2800505644667048,1.4316811360790147,0.3133792383455725,-1.2583394588375707,0.03455021005991044,-0.011559818453150373,0.9841231756854657,0
-0.2960199349169384,0.9009088760241706,-0.502969299721533,0.029222803512970224,-0.5733475201700994,-1.177851894974348,-1.359229812333827,-0.8828162337175963,-0.9420817499781512,-1.487681751125962,0.03455021005991044,1.0003838311748445,0.9841231756854657,0
-0.634918112038349,0.9009088760241706,0.8491410419312149,-0.44540129007107465,-0.06640278899360229,0.9048055324001227,0.38271364074285674,-0.8828162337175963,-0.8245920852954493,1.035083464046342,-0.4814607612315388,-3.642651737706544,0.9841231756854657,0
1.7373691278115257,0.9009088760241706,0.8491410419312149,1.9758701348378285,1.1164682504182242,-1.177851894974348,-0.6672031859751807,-0.8828162337175963,0.001192415045823164,-1.2583394588375707,1.8405886095799828,1.8932752867289577,-1.0161329645585022,0
-0.8043672005990544,0.9009088760241706,-1.179024470547907,0.6503053999218781,-0.911310674287764,-1.177851894974348,0.8577891279455886,-0.8828162337175963,-1.1535631464070133,-0.2262991435398101,-0.7394662468772634,-0.15045404487267908,-1.0161329645585022,0
-0.634918112038349,0.9009088760241706,-0.502969299721533,-0.49159399233145035,-0.7423290972289317,-1.177851894974348,0.06599664927436881,-0.8828162337175963,-1.4791773599562146,0.6910700256137552,-0.4814607612315388,-0.13061201252703214,-1.0161329645585022,0
-0.634918112038349,0.9009088760241706,0.8491410419312149,1.7871512315860372,-0.7423290972289317,-1.177851894974348,4.024959042630468,1.4316811360790147,1.3741430680522482,0.4617277333253637,-0.7394662468772634,0.18686050500331922,-1.0161329645585022,0
0.5512255078865883,-1.1099901739376037,0.8491410419312149,2.07359336273089,0.10257878806523006,-1.177851894974348,2.3169043076409124,1.4316811360790147,0.001192415045823164,-0.34097028968400567,0.5505611813513597,-0.5274526594399713,0.9841231756854657,0
-0.634918112038349,0.9009088760241706,-0.502969299721533,-0.22324992504656013,-0.911310674287764,-1.177851894974348,0.06599664927436881,0.853056793629862,-0.21364582894540246,0.1177142948927768,-0.7394662468772634,0.4844909901880236,0.9841231756854657,0
0.890123685007999,-1.1099901739376037,-0.502969299721533,0.465092404328823,0.7785050963005594,-1.177851894974348,0.38271364074285674,0.2744324511807092,0.6423502994571366,-0.34097028968400567,-0.22345527558581418,-1.102871597463733,-1.0161329645585022,0
0.890123685007999,0.9009088760241706,-0.502969299721533,-0.5077811785936333,0.7785050963005594,0.9048055324001227,-0.804975077263973,-0.3041918912684436,-1.4791773599562146,-0.570312581972397,0.03455021005991044,0.9210157017922567,0.9841231756854657,0
-0.2960199349169384,0.9009088760241706,0.8491410419312149,1.2147407406015662,-0.7423290972289317,-1.177851894974348,-0.5674373336626071,-1.461440576166749,-0.7205298108621999,-1.143668312693375,0.03455021005991044,-0.46792656240303043,0.9841231756854657,0
-0.8043672005990544,0.9009088760241706,-1.179024470547907,-0.11252957101322884,-0.911310674287764,0.9048055324001227,-0.4090788379283631,-0.8828162337175963,-1.6772313661356255,-0.45564143582820127,-0.4814607612315388,0.6035431842619053,-1.0161329645585022,0
-0.12657084635623306,0.9009088760241706,1.5251962127575889,-0.154158276366511,-0.06640278899360229,-1.177851894974348,0.415335490864111,-1.461440576166749,-0.37141766437645823,0.3470565871811683,-0.22345527558581418,0.8614896047553159,-1.0161329645585022,0
1.7373691278115257,-1.1099901739376037,-1.179024470547907,-0.7041435922365432,1.4544314045358888,0.9048055324001227,-0.6640360160604959,-1.461440576166749,0.4912921591508065,0.1177142948927768,1.582583123934258,1.0995939929030794,0.9841231756854657,0
0.21232733076517762,-1.1099901739376037,1.5251962127575889,0.1783344256471471,-0.7423290972289317,-1.177851894974348,-0.887479853541514,-0.3041918912684436,0.40737097009173406,-1.143668312693375,0.03455021005991044,0.9408577341379036,0.9841231756854657,0
0.38177641932588297,-1.1099901739376037,-0.502969299721533,0.506294715507394,0.2715603651240624,-1.177851894974348,0.5413888534685691,0.2744324511807092,-0.035732908140168516,-0.2262991435398101,0.8085666669970842,0.9011736694466097,0.9841231756854657,0
-0.9738162891597597,-1.1099901739376037,-1.179024470547907,0.4571330464008813,-0.911310674287764,-1.177851894974348,-0.7555672265948888,-0.8828162337175963,-0.45869570099789353,-1.143668312693375,-0.7394662468772634,-0.24966420660091387,-1.0161329645585022,0
1.0595727735687044,-1.1099901739376037,0.8491410419312149,-0.5370286605034507,0.9474866733593919,-1.177851894974348,0.38271364074285674,0.853056793629862,0.05490197604362957,1.379096902478929,0.5505611813513597,1.0400678958661385,0.9841231756854657,0
0.21232733076517762,0.9009088760241706,0.8491410419312149,-0.2967634392421324,0.10257878806523006,0.9048055324001227,-0.2507203421941191,0.2744324511807092,0.531574329899161,-0.11162799739561437,0.8085666669970842,-0.38855843302044263,0.9841231756854657,0
-0.634918112038349,0.9009088760241706,-0.502969299721533,-0.4832872021130033,-0.404365943111267,0.9048055324001227,-1.2008713165995828,0.853056793629862,0.13210946997797635,-1.143668312693375,-0.7394662468772634,-0.9441353386985575,-1.0161329645585022,0
-0.12657084635623306,0.9009088760241706,-0.502969299721533,-0.1837058134363103,-0.06640278899360229,-1.177851894974348,0.38271364074285674,-0.8828162337175963,0.8840433239472655,0.4617277333253637,0.03455021005991044,-0.17029607721832604,-1.0161329645585022,0
-0.12657084635623306,-1.1099901739376037,-0.502969299721533,0.08010584169516868,-0.23538436605243465,0.9048055324001227,1.3328646151483206,-0.3041918912684436,0.44429629327772574,0.8057411717579506,0.03455021005991044,-0.38855843302044263,-1.0161329645585022,0
-0.46546902347764374,-1.1099901739376037,1.5251962127575889,0.34712334932540195,0.10257878806523006,-1.177851894974348,-0.7769456235190118,0.853056793629862,0.2529559822230405,-1.0289971665491795,-0.997471732522988,-0.30919030363785477,0.9841231756854657,0
-0.634918112038349,0.9009088760241706,-0.502969299721533,-0.5206203809654916,-0.911310674287764,0.9048055324001227,-0.8841543251310949,-0.8828162337175963,-0.8783016462932557,-0.570312581972397,-0.7394662468772634,0.8614896047553159,0.9841231756854657,0
0.7206745964472937,0.9009088760241706,-0.502969299721533,1.0583014556130939,0.6095235192417271,-1.177851894974348,-0.5674373336626071,0.853056793629862,-1.173704231781191,-1.143668312693375,0.03455021005991044,0.8614896047553159,-1.0161329645585022,0
0.0428782422044723,0.9009088760241706,-1.179024470547907,0.4655345908803753,0.10257878806523006,-1.177851894974348,0.0026532509806712224,0.2744324511807092,0.9578939703192488,-0.570312581972397,0.03455021005991044,0.5837011519162584,0.9841231756854657,0
0.7206745964472937,-1.1099901739376037,-1.179024470547907,0.23332348180804563,0.4405419421828948,-1.177851894974348,-0.2507203421941191,-0.8828162337175963,-0.42177037781190185,-0.6849837281165926,0.29255569570563505,0.8416475724096689,0.9841231756854657,0
-0.8043672005990544,0.9009088760241706,0.8491410419312149,0.9688218484311149,-0.7423290972289317,-1.177851894974348,0.224513503504347,0.853056793629862,-1.368401390398239,-0.6849837281165926,-0.22345527558581418,-0.7060309505507939,0.9841231756854657,0
2.923512747736463,0.9009088760241706,-1.179024470547907,1.006549836704632,3.4822103292418767,-1.177851894974348,-0.7257958293968509,-1.461440576166749,0.16232109803924238,-1.2583394588375707,1.8405886095799828,1.0599099282117854,0.9841231756854657,0
2.2457163934936415,0.9009088760241706,0.17308587110484092,0.26042320046746603,2.2993392898300504,-1.177851894974348,1.0161476236798326,0.853056793629862,-0.8245920852954493,0.3470565871811683,1.582583123934258,0.9606997664835506,-1.0161329645585022,0
-0.9738162891597597,0.9009088760241706,-1.179024470547907,-0.41234784534253915,-0.911310674287764,-1.177851894974348,-0.3489026095493504,0.2744324511807092,-1.039430329286675,0.003043148748581378,-0.7394662468772634,-0.7655570475877348,0.9841231756854657,0
-0.2960199349169384,-1.1099901739376037,0.8491410419312149,1.1216920562534864,-0.5733475201700994,-1.177851894974348,-0.5674373336626071,0.853056793629862,-0.10958355451215247,-1.143668312693375,-0.7394662468772634,0.5241750548793175,0.9841231756854657,0
-0.9738162891597597,-1.1099901739376037,1.5251962127575889,-0.3730406193849066,-0.911310674287764,-1.177851894974348,-0.8841543251310949,0.853056793629862,-0.21364582894540246,-0.7996548742607882,-0.997471732522988,0.821805540064022,0.9841231756854657,0
-0.12657084635623306,0.9009088760241706,1.5251962127575889,0.3852461470199479,0.4405419421828948,-1.177851894974348,0.06599664927436881,1.4316811360790147,-0.31435125581628903,-0.45564143582820127,0.5505611813513597,-1.5393963090679663,-1.0161329645585022,0
0.38177641932588297,0.9009088760241706,-0.502969299721533,0.8382978538389763,0.2715603651240624,-1.177851894974348,-0.5674373336626071,-1.461440576166749,0.273097067597218,-1.0289971665491795,0.29255569570563505,1.4170665104334308,-1.0161329645585022,0
-0.2960199349169384,-1.1099901739376037,-1.179024470547907,-0.7389341984176057,-0.06640278899360229,0.9048055324001227,-1.042512820865339,-1.461440576166749,-1.730940927133432,-0.570312581972397,-0.7394662468772634,0.2463866020402601,0.9841231756854657,0
-0.634918112038349,0.9009088760241706,-1.179024470547907,-0.22208128916031472,-0.5733475201700994,-1.177851894974348,-0.13781073473560318,-1.461440576166749,-1.1602768415317393,-0.11162799739561437,-0.4814607612315388,-0.4282424977117365,-1.0161329645585022,0
-0.8043672005990544,0.9009088760241706,-0.502969299721533,-0.10932371851447456,-0.911310674287764,0.9048055324001227,-0.2507203421941191,-0.8828162337175963,-0.022305517890717212,-0.34097028968400567,-0.7394662468772634,-1.5195542767223194,0.9841231756854657,0
-0.12657084635623306,0.9009088760241706,-0.502969299721533,0.12876215474276442,0.2715603651240624,-1.177851894974348,1.1752979118927478,0.2744324511807092,-1.039430329286675,0.5763988794695595,0.03455021005991044,-1.5790803737592602,0.9841231756854657,0
0.7206745964472937,-1.1099901739376037,0.8491410419312149,-0.48846710171690183,0.9474866733593919,-1.177851894974348,1.0161476236798326,1.4316811360790147,-0.002164432516539662,2.1817949254882985,0.8085666669970842,1.298014316359549,0.9841231756854657,0
-0.634918112038349,0.9009088760241706,0.8491410419312149,-0.29736354956209626,-0.911310674287764,-1.177851894974348,-0.5040939353689095,1.4316811360790147,-0.9521522926652397,-0.45564143582820127,-0.7394662468772634,0.22654456969461315,0.9841231756854657,0
-0.2960199349169384,0.9009088760241706,0.8491410419312149,0.6848907052040055,0.10257878806523006,-1.177851894974348,1.6495816066168083,-1.461440576166749,0.11868207972852446,0.23238544103697253,-0.4814607612315388,0.3654387961141419,-1.0161329645585022,0
-0.46546902347764374,-1.1099901739376037,-1.179024470547907,0.7780657285668147,-0.5733475201700994,-1.177851894974348,2.29441740124665,-0.3041918912684436,-1.0931398902844813,0.5763988794695595,-0.7394662468772634,-0.15045404487267908,-1.0161329645585022,0
-0.2960199349169384,0.9009088760241706,0.8491410419312149,0.4084609409764444,-0.06640278899360229,-1.177851894974348,-0.4333076877757024,-0.8828162337175963,0.34023401884447574,-0.9143260204049839,-0.7394662468772634,0.16701847265767225,-1.0161329645585022,0
-0.12657084635623306,-1.1099901739376037,1.5251962127575889,-0.7954709075089372,-0.06640278899360229,0.21058638994196582,-0.5674373336626071,-0.8828162337175963,-0.33113549362810374,0.6910700256137552,0.8085666669970842,0.38528082845978884,-1.0161329645585022,0
-0.8043672005990544,0.9009088760241706,-1.179024470547907,-0.23886858574246153,-0.911310674287764,0.9048055324001227,-1.042512820865339,0.2744324511807092,0.32009293347029877,-1.0289971665491795,-0.4814607612315388,-0.7853990799333818,-1.0161329645585022,0
0.21232733076517762,-1.1099901739376037,1.5251962127575889,-0.5278059124282166,-0.23538436605243465,-1.177851894974348,-0.4882580857954851,0.2744324511807092,0.09182729922962125,0.003043148748581378,0.8085666669970842,1.0400678958661385,0.9841231756854657,0
-0.8043672005990544,-1.1099901739376037,0.8491410419312149,-0.32361047987209435,-0.7423290972289317,-1.177851894974348,-0.17154109432699713,-1.461440576166749,-0.18679104844649927,0.003043148748581378,-0.4814607612315388,0.14717644031202531,-1.0161329645585022,0
-0.8043672005990544,0.9009088760241706,-1.179024470547907,-0.27346968340143013,-0.5733475201700994,0.9048055324001227,-1.042512820865339,0.2744324511807092,0.1791053358510565,-1.0289971665491795,-0.997471732522988,-0.3488743683291487,-1.0161329645585022,0
0.5512255078865883,0.9009088760241706,-1.179024470547907,-0.5561690212349294,0.6095235192417271,-1.177851894974348,1.984984900581937,-0.8828162337175963,0.4677942262142661,4.016533263795428,0.5505611813513597,-2.571181991041608,0.9841231756854657,0
0.0428782422044723,0.9009088760241706,1.5251962127575889,-0.047085961383486315,-0.23538436605243465,-1.177851894974348,0.8577891279455886,0.853056793629862,0.001192415045823164,0.5763988794695595,0.03455021005991044,1.1789621222856672,-1.0161329645585022,0
0.890123685007999,-1.1099901739376037,-0.502969299721533,-0.5609225266641168,0.6095235192417271,0.9048055324001227,-0.18737694390042153,-0.8828162337175963,-0.23043006675721658,0.5763988794695595,1.3245776382885335,0.2463866020402601,0.9841231756854657,0
0.21232733076517762,-1.1099901739376037,0.8491410419312149,-0.39284425994371386,-0.06640278899360229,0.9048055324001227,-0.09236184645987515,-1.461440576166749,1.1895164521222892,0.23238544103697253,0.03455021005991044,0.5241750548793175,-1.0161329645585022,0
-0.46546902347764374,-1.1099901739376037,1.5251962127575889,0.34300153896986074,-0.5733475201700994,-1.177851894974348,-0.10993963948637624,-1.461440576166749,0.1522505553521539,-0.570312581972397,-0.7394662468772634,0.46464895784237664,0.9841231756854657,0
0.21232733076517762,0.9009088760241706,1.5251962127575889,-0.10319627630010678,0.6095235192417271,-1.177851894974348,-0.4882580857954851,-1.461440576166749,-0.6265380791160384,-0.570312581972397,-0.22345527558581418,1.4765926074703717,0.9841231756854657,0
-0.46546902347764374,0.9009088760241706,0.8491410419312149,0.8815373816300561,-0.23538436605243465,-1.177851894974348,1.0161476236798326,0.853056793629862,-0.7608119816105544,-0.2262991435398101,-0.4814607612315388,0.028124246238143545,-1.0161329645585022,0
0.38177641932588297,-1.1099901739376037,-0.502969299721533,0.7027518834113508,0.2715603651240624,-1.177851894974348,-0.6022762027241407,0.2744324511807092,-0.18679104844649927,-1.0289971665491795,0.03455021005991044,-0.051243883144444294,0.9841231756854657,0
-0.46546902347764374,-1.1099901739376037,-1.179024470547907,-0.1506523687077748,-0.5733475201700994,-1.177851894974348,1.7792772146231541,-0.8828162337175963,0.30330869565848406,1.8377814870557112,0.03455021005991044,-1.3608180179571436,0.9841231756854657,0
-0.46546902347764374,-1.1099901739376037,-1.179024470547907,0.20871895868952756,-0.404365943111267,-1.177851894974348,-0.9109169109101822,-1.461440576166749,-0.13308148744869286,-1.143668312693375,-0.7394662468772634,0.5638591195706114,-1.0161329645585022,0
0.890123685007999,0.9009088760241706,-1.179024470547907,0.6478417891346581,0.9474866733593919,-1.177851894974348,-0.5009267654542245,-1.461440576166749,-1.331476067212247,-1.0289971665491795,0.8085666669970842,-0.4877685947486774,-1.0161329645585022,0
-0.12657084635623306,0.9009088760241706,1.5251962127575889,-0.5842478672585013,-0.5733475201700994,0.21058638994196582,-0.8529577014714489,0.2744324511807092,-0.13643833501105568,-0.45564143582820127,-0.22345527558581418,-0.8250831446246757,-1.0161329645585022,0
0.7206745964472937,-1.1099901739376037,-0.502969299721533,-0.6047779571520017,0.9474866733593919,0.9048055324001227,-0.7257958293968509,1.4316811360790147,-1.8249326588795929,-0.2262991435398101,0.5505611813513597,-1.5393963090679663,-1.0161329645585022,0
0.5512255078865883,0.9009088760241706,-1.179024470547907,-0.14774657136900246,0.7785050963005594,-1.177851894974348,-0.10107156372525856,-0.3041918912684436,0.4140846652164597,-0.11162799739561437,0.03455021005991044,-0.24966420660091387,0.9841231756854657,0
-0.634918112038349,0.9009088760241706,-1.179024470547907,0.7464809748845065,-0.404365943111267,-1.177851894974348,-0.7257958293968509,0.2744324511807092,-0.1532225728228698,-1.143668312693375,-0.4814607612315388,0.5043330225336705,0.9841231756854657,0
-0.12657084635623306,0.9009088760241706,1.5251962127575889,1.3170279654017212,-0.23538436605243465,0.9048055324001227,2.4413740852880284,0.853056793629862,-0.12301094476160378,0.1177142948927768,0.5505611813513597,-0.011559818453150373,0.9841231756854657,0
-0.8043672005990544,0.9009088760241706,-1.179024470547907,-0.6810235525410936,-0.911310674287764,0.9048055324001227,-0.5040939353689095,-0.8828162337175963,-0.5493305851816922,0.3470565871811683,-0.4814607612315388,0.4249648931510827,-1.0161329645585022,0
0.5512255078865883,-1.1099901739376037,-1.179024470547907,-0.29368392575810737,0.4405419421828948,0.9048055324001227,-0.804975077263973,0.853056793629862,0.04483143335654109,-0.7996548742607882,0.03455021005991044,0.3455967637684949,0.9841231756854657,0
1.2290218621294098,-1.1099901739376037,-0.502969299721533,0.5174441335572487,1.7923945586535535,-1.177851894974348,-0.5674373336626071,-1.461440576166749,1.0384583118159585,-1.0289971665491795,0.8085666669970842,0.7622794430270811,0.9841231756854657,0
-0.12657084635623306,-1.1099901739376037,-1.179024470547907,-0.32727431129924206,-0.06640278899360229,0.9048055324001227,-0.7257958293968509,-1.461440576166749,-0.8950858841050704,-0.6849837281165926,-0.22345527558581418,-0.8052411122790287,0.9841231756854657,0
0.0428782422044723,-1.1099901739376037,1.5251962127575889,-0.27247476366043744,0.10257878806523006,-1.177851894974348,1.6495816066168083,1.4316811360790147,0.3234497810326616,2.0671237793441026,0.29255569570563505,1.9726434161115456,0.9841231756854657,0
-0.8043672005990544,-1.1099901739376037,-1.179024470547907,0.06677707564123464,-0.911310674287764,-1.177851894974348,-0.09236184645987515,0.2744324511807092,0.0716862138554443,-0.34097028968400567,-0.7394662468772634,0.7622794430270811,0.9841231756854657,0
-0.12657084635623306,-1.1099901739376037,1.5251962127575889,-0.5965027516872369,-0.7423290972289317,0.21058638994196582,0.16797952052722193,1.4316811360790147,0.5550722628357013,1.2644257563347332,0.8085666669970842,-0.13061201252703214,-1.0161329645585022,0
0.0428782422044723,0.9009088760241706,-0.502969299721533,3.99303042875844,0.10257878806523006,-1.177851894974348,1.9203746343223655,1.4316811360790147,0.4308689030282738,-0.7996548742607882,-0.22345527558581418,0.9011736694466097,0.9841231756854657,0
0.7206745964472937,-1.1099901739376037,1.5251962127575889,0.07915829908469944,0.10257878806523006,0.9048055324001227,-0.7257958293968509,0.853056793629862,-1.2072727074048197,-0.9143260204049839,0.29255569570563505,-0.9242933063529105,-1.0161329645585022,0
-0.2960199349169384,-1.1099901739376037,-0.502969299721533,-0.03209899576123109,-0.404365943111267,0.9048055324001227,0.06599664927436881,-0.3041918912684436,0.07839990898016995,-0.11162799739561437,-0.22345527558581418,-1.0036614357354983,-1.0161329645585022,0
-0.634918112038349,-1.1099901739376037,-0.502969299721533,0.13580555481391915,-0.23538436605243465,-1.177851894974348,-0.7257958293968509,-1.461440576166749,-0.6802476401138448,-0.9143260204049839,-0.997471732522988,0.7424374106814341,0.9841231756854657,0
0.7206745964472937,-1.1099901739376037,-1.179024470547907,4.816271241110961,1.2854498274770565,-1.177851894974348,1.0869338712730396,0.853056793629862,-1.039430329286675,-1.143668312693375,0.03455021005991044,-2.194183376474316,0.9841231756854657,0
-0.634918112038349,-1.1099901739376037,-0.502969299721533,-0.7692871467063037,-0.7423290972289317,0.9048055324001227,-0.3954600072952181,-0.8828162337175963,-1.0897830427221185,1.035083464046342,-0.7394662468772634,1.6353288662355472,-1.0161329645585022,0
-0.9738162891597597,-1.1099901739376037,-0.502969299721533,-0.38932255990813647,-0.911310674287764,-1.177851894974348,-0.7257958293968509,-0.8828162337175963,-1.2979075915886182,-0.570312581972397,-0.4814607612315388,0.7027533459901402,-1.0161329645585022,0
1.5679200392508204,0.9009088760241706,-1.179024470547907,-0.5473252902038831,1.6234129815947211,-1.177851894974348,-0.33876766582235873,0.853056793629862,-0.5828990608053211,0.23238544103697253,0.8085666669970842,0.8416475724096689,-1.0161329645585022,0
0.38177641932588297,-1.1099901739376037,-1.179024470547907,-0.8789967886218012,0.10257878806523006,0.9048055324001227,-1.2008713165995828,1.4316811360790147,0.42079836034118534,-0.6849837281165926,0.03455021005991044,-2.710076217461137,0.9841231756854657,0
0.38177641932588297,-1.1099901739376037,-0.502969299721533,0.31015339514026025,-0.7423290972289317,0.9048055324001227,-0.5674373336626071,-0.3041918912684436,-0.35463342656464414,-0.9143260204049839,-0.22345527558581418,-2.2537094735112566,0.9841231756854657,0
-0.634918112038349,0.9009088760241706,-0.502969299721533,-0.3776835781762059,-0.911310674287764,0.9048055324001227,0.22435514500861276,-1.461440576166749,-0.08944246913797492,0.6910700256137552,-0.7394662468772634,-1.102871597463733,0.9841231756854657,0
0.21232733076517762,0.9009088760241706,-1.179024470547907,0.1731703184200897,-0.23538436605243465,0.9048055324001227,0.6994306322113446,-0.8828162337175963,0.20260326878759688,0.1177142948927768,-0.22345527558581418,0.08765034327508442,-1.0161329645585022,0
-0.46546902347764374,0.9009088760241706,0.8491410419312149,-0.5859850287110283,-0.06640278899360229,-1.177851894974348,0.8577891279455886,0.2744324511807092,1.0384583118159585,2.411137217776689,-0.7394662468772634,-1.0433455004267922,0.9841231756854657,0
-0.8043672005990544,0.9009088760241706,1.5251962127575889,-0.6780703780717978,-0.911310674287764,-1.177851894974348,0.38271364074285674,-0.8828162337175963,1.377499915614611,2.0671237793441026,-0.7394662468772634,0.22654456969461315,0.9841231756854657,0
-0.8043672005990544,-1.1099901739376037,0.8491410419312149,0.07800545557529519,-0.911310674287764,0.9048055324001227,-0.45912012258038415,1.4316811360790147,-0.7775962194223691,-0.6849837281165926,-0.7394662468772634,-0.40840046536608954,-1.0161329645585022,0
0.38177641932588297,-1.1099901739376037,1.5251962127575889,0.0625289262709642,0.4405419421828948,-1.177851894974348,1.6495816066168083,-0.8828162337175963,-0.5996832986171352,1.1497546101905376,0.03455021005991044,0.4448069254967297,-1.0161329645585022,0
0.890123685007999,-1.1099901739376037,-0.502969299721533,0.07840026499632405,1.1164682504182242,0.9048055324001227,-0.7257958293968509,0.853056793629862,-0.5325463473698775,-0.9143260204049839,0.03455021005991044,-0.07108591549009124,0.9841231756854657,0
0.5512255078865883,-1.1099901739376037,0.8491410419312149,-0.28322937228926337,0.4405419421828948,0.9048055324001227,-0.6822472430699339,0.853056793629862,0.5919975860216931,-0.570312581972397,0.5505611813513597,-1.3806600503027906,0.9841231756854657,0
1.0595727735687044,0.9009088760241706,0.8491410419312149,0.6759522199119123,1.2854498274770565,-1.177851894974348,0.8577891279455886,-0.3041918912684436,-0.4821936339344339,-0.2262991435398101,1.3245776382885335,-0.9242933063529105,-1.0161329645585022,0
-0.46546902347764374,-1.1099901739376037,-1.179024470547907,1.125766489478504,-0.5733475201700994,0.9048055324001227,-1.042512820865339,-0.8828162337175963,1.1760890618728372,-1.3730106049817663,-0.4814607612315388,0.38528082845978884,0.9841231756854657,0
0.5512255078865883,-1.1099901739376037,-0.502969299721533,-0.2238026582360005,1.1164682504182242,-1.177851894974348,0.2219797675725991,0.853056793629862,-1.271052811089715,0.3470565871811683,0.5505611813513597,0.38528082845978884,0.9841231756854657,0
-0.12657084635623306,-1.1099901739376037,-0.502969299721533,-0.21961767837309468,-0.23538436605243465,-1.177851894974348,-0.5674373336626071,1.4316811360790147,-1.5966670246389159,-0.570312581972397,-0.22345527558581418,0.9408577341379036,0.9841231756854657,0
-0.634918112038349,0.9009088760241706,-0.502969299721533,0.4960612553143261,-0.23538436605243465,0.9048055324001227,-0.4882580857954851,-0.3041918912684436,-0.603040146179498,-0.9143260204049839,-0.7394662468772634,-0.011559818453150373,0.9841231756854657,0
-0.8043672005990544,-1.1099901739376037,-0.502969299721533,-0.7387604822723529,-0.911310674287764,0.9048055324001227,-0.8841543251310949,1.4316811360790147,-0.8178783901707236,-0.2262991435398101,-0.7394662468772634,-0.7655570475877348,-1.0161329645585022,0
1.0595727735687044,-1.1099901739376037,1.5251962127575889,-0.3810315620665306,0.7785050963005594,0.9048055324001227,0.515259701672419,-0.8828162337175963,0.8001221348881931,1.035083464046342,0.29255569570563505,1.1789621222856672,0.9841231756854657,0
-0.9738162891597597,-1.1099901739376037,-1.179024470547907,-0.3015801141786844,-0.7423290972289317,-1.177851894974348,-0.2507203421941191,0.853056793629862,-0.03908975570253134,-0.11162799739561437,-0.4814607612315388,0.38528082845978884,0.9841231756854657,0
1.398470950690115,0.9009088760241706,-0.502969299721533,1.4766415181352655,1.4544314045358888,-1.177851894974348,-0.3180227028811728,0.2744324511807092,1.3540019826780707,-1.143668312693375,2.6146050665171567,1.774223092655076,-1.0161329645585022,0
-0.634918112038349,0.9009088760241706,0.8491410419312149,0.08727558078105264,-0.7423290972289317,-1.177851894974348,2.4413740852880284,0.853056793629862,-0.07937192645088645,1.7231103409115156,-0.997471732522988,0.821805540064022,0.9841231756854657,0
-0.634918112038349,0.9009088760241706,-1.179024470547907,0.12276105154312587,-0.404365943111267,-1.177851894974348,-0.7257958293968509,0.2744324511807092,-0.5090484144333371,-0.9143260204049839,-0.7394662468772634,-2.094973214746081,0.9841231756854657,0
-0.8043672005990544,0.9009088760241706,0.8491410419312149,-0.2945367141075297,-0.5733475201700994,0.9048055324001227,-0.4090788379283631,-1.461440576166749,1.1290931959997565,-0.34097028968400567,-0.4814607612315388,-1.9957630530178463,0.9841231756854657,0
-0.9738162891597597,0.9009088760241706,0.8491410419312149,-0.5781046326672924,-0.911310674287764,0.9048055324001227,-1.2008713165995828,1.4316811360790147,0.15560740291451672,-1.0289971665491795,-0.7394662468772634,0.40512286080543575,-1.0161329645585022,0
-0.634918112038349,0.9009088760241706,-0.502969299721533,0.08269579149711795,-0.5733475201700994,0.9048055324001227,1.1745061194140765,0.853056793629862,-1.1401357561575618,0.6910700256137552,-0.4814607612315388,-2.8688124762263127,0.9841231756854657,0
0.5512255078865883,-1.1099901739376037,-1.179024470547907,-0.22035992008462893,0.6095235192417271,0.9048055324001227,0.06599664927436881,-1.461440576166749,-0.9420817499781512,0.1177142948927768,0.8085666669970842,0.008282213892496587,0.9841231756854657,0
0.0428782422044723,-1.1099901739376037,-1.179024470547907,1.4367499742345102,-0.404365943111267,-1.177851894974348,0.5105089468003916,0.853056793629862,0.10189784191671032,-0.7996548742607882,0.29255569570563505,-2.3132355705481977,0.9841231756854657,0
0.21232733076517762,-1.1099901739376037,0.8491410419312149,-0.6049358809204132,-0.23538436605243465,-1.177851894974348,0.06599664927436881,-1.461440576166749,0.4812216164637174,1.1497546101905376,0.03455021005991044,-0.09092794783573821,-1.0161329645585022,0
-0.8043672005990544,-1.1099901739376037,-0.502969299721533,-0.6413215171624322,-0.911310674287764,0.9048055324001227,-0.3298995900612411,0.2744324511807092,0.6792756226431284,0.5763988794695595,-0.7394662468772634,-0.40840046536608954,0.9841231756854657,0
-0.12657084635623306,0.9009088760241706,0.8491410419312149,-0.2951684091811758,-0.404365943111267,0.9048055324001227,-0.5040939353689095,1.4316811360790147,0.4946490067131693,-0.45564143582820127,0.29255569570563505,-1.2219237915376149,0.9841231756854657,0
-0.46546902347764374,0.9009088760241706,-1.179024470547907,-0.6840556888945951,-0.911310674287764,0.9048055324001227,-0.4090788379283631,0.2744324511807092,-0.47547993880970824,0.5763988794695595,-0.7394662468772634,-0.011559818453150373,0.9841231756854657,0
-0.634918112038349,0.9009088760241706,0.8491410419312149,-0.5772676366947113,-0.7423290972289317,0.9048055324001227,-0.963333572998217,-0.8828162337175963,0.1791053358510565,-0.6849837281165926,-0.7394662468772634,-0.07108591549009124,0.9841231756854657,0
0.7206745964472937,0.9009088760241706,0.8491410419312149,0.5152805779300107,0.2715603651240624,0.9048055324001227,0.5410721364771007,-1.461440576166749,-1.2072727074048197,-0.2262991435398101,0.03455021005991044,-1.2219237915376149,0.9841231756854657,0
1.5679200392508204,-1.1099901739376037,0.8491410419312149,0.3688378674819888,1.4544314045358888,-1.177851894974348,-0.646616581529729,0.853056793629862,-0.6231812315536756,-1.0289971665491795,1.3245776382885335,0.6630692812988462,0.9841231756854657,0
-0.12657084635623306,-1.1099901739376037,1.5251962127575889,2.068871442055385,-0.06640278899360229,-1.177851894974348,-1.1098151815523927,1.4316811360790147,-0.8581605609190788,-1.487681751125962,-0.22345527558581418,-0.7655570475877348,-1.0161329645585022,0
0.0428782422044723,0.9009088760241706,-1.179024470547907,1.1925524511397447,-0.404365943111267,-1.177851894974348,-0.9166178167566149,-0.8828162337175963,0.6322797567700481,-1.3730106049817663,0.29255569570563505,-0.2893482712922078,-1.0161329645585022,0
-0.9738162891597597,0.9009088760241706,-1.179024470547907,-0.8348255105970932,-0.911310674287764,-1.177851894974348,-1.3182149619386576,-0.3041918912684436,-1.1904884695930054,-1.0289971665491795,-0.997471732522988,-0.7258729828964409,0.9841231756854657,0
-0.2960199349169384,-1.1099901739376037,-0.502969299721533,0.7047101381396539,-0.06640278899360229,-1.177851894974348,-0.7257958293968509,-0.8828162337175963,0.25966967734776614,-1.143668312693375,0.03455021005991044,1.0599099282117854,0.9841231756854657,0
0.21232733076517762,0.9009088760241706,1.5251962127575889,-0.771055892912513,-0.23538436605243465,0.9048055324001227,-0.6546928648121755,0.853056793629862,0.6927030128925802,0.4617277333253637,0.03455021005991044,0.5440170872249644,-1.0161329645585022,0
-0.634918112038349,-1.1099901739376037,0.8491410419312149,-0.14864673684894825,-0.7423290972289317,0.9048055324001227,-0.7257958293968509,0.853056793629862,-0.022305517890717212,-0.7996548742607882,-0.4814607612315388,0.12733440796637835,0.9841231756854657,0
-0.2960199349169384,0.9009088760241706,0.8491410419312149,0.6142040264629999,-0.911310674287764,-1.177851894974348,2.4413740852880284,1.4316811360790147,0.8974707141967168,0.8057411717579506,0.03455021005991044,-1.678290535487495,0.9841231756854657,0
2.5846145706150523,0.9009088760241706,0.17308587110484092,0.04223572203008119,2.4683208668888827,-1.177851894974348,0.25602684415546156,-0.8828162337175963,0.03811773823181484,0.003043148748581378,2.6146050665171567,0.4249648931510827,0.9841231756854657,0
-0.46546902347764374,0.9009088760241706,-1.179024470547907,1.3165541940964867,0.10257878806523006,-1.177851894974348,0.46205124710571294,1.4316811360790147,0.001192415045823164,-0.6849837281165926,-0.22345527558581418,0.8813316371009629,0.9841231756854657,0
-0.8043672005990544,-1.1099901739376037,-0.502969299721533,-0.8773701738071623,-0.7423290972289317,0.9048055324001227,-1.2008713165995828,0.2744324511807092,0.26302652491012896,-0.6849837281165926,-0.4814607612315388,1.1591200899400202,0.9841231756854657,0
1.2290218621294098,0.9009088760241706,-1.179024470547907,-0.5622175015650914,0.7785050963005594,0.9048055324001227,-1.042512820865339,-1.461440576166749,-1.8719285247526736,-0.7996548742607882,0.03455021005991044,0.20670253734896618,-1.0161329645585022,0
1.2290218621294098,-1.1099901739376037,-0.502969299721533,-0.733643752175819,0.4405419421828948,0.9048055324001227,-0.5674373336626071,-0.8828162337175963,-0.6601065547396678,0.4617277333253637,2.098594095225707,-1.182239726846321,0.9841231756854657,0
1.906818216372231,0.9009088760241706,-1.179024470547907,-0.2918520100445335,2.130357712771218,-1.177851894974348,1.0161476236798326,1.4316811360790147,0.22274435416177443,1.379096902478929,1.8405886095799828,-0.22982217425526694,0.9841231756854657,0
-0.9738162891597597,0.9009088760241706,0.8491410419312149,-0.45151293990860125,-0.5733475201700994,-1.177851894974348,0.8337186365939835,-0.8828162337175963,0.7296283360785719,1.7231103409115156,-0.4814607612315388,0.6829113136444932,-1.0161329645585022,0
-0.634918112038349,-1.1099901739376037,-0.502969299721533,-0.5422401448610314,-0.404365943111267,0.9048055324001227,-0.6328393924008497,0.853056793629862,-1.1569199939693766,-0.2262991435398101,-0.4814607612315388,0.38528082845978884,0.9841231756854657,0
-0.46546902347764374,0.9009088760241706,0.8491410419312149,0.5460441280165788,-0.23538436605243465,-1.177851894974348,4.024959042630468,-0.8828162337175963,-0.8044509999212723,1.952452633199907,-0.4814607612315388,-0.09092794783573821,-1.0161329645585022,0
-0.634918112038349,-1.1099901739376037,1.5251962127575889,0.4623603231353033,-0.911310674287764,-1.177851894974348,-0.7257958293968509,-0.3041918912684436,-0.811164695045998,-1.0289971665491795,-0.4814607612315388,0.26622863438590705,-1.0161329645585022,0
-0.634918112038349,-1.1099901739376037,1.5251962127575889,0.02557476446266363,-0.911310674287764,-1.177851894974348,-0.4090788379283631,-0.8828162337175963,-1.0260029390372234,-0.570312581972397,-0.4814607612315388,0.9408577341379036,-1.0161329645585022,0
-0.634918112038349,0.9009088760241706,-1.179024470547907,-0.47024269884221004,-0.404365943111267,-1.177851894974348,0.06599664927436881,1.4316811360790147,0.5752133482098789,0.6910700256137552,-0.7394662468772634,1.3773824457421369,0.9841231756854657,0
-0.46546902347764374,-1.1099901739376037,-1.179024470547907,-0.2903991113751473,-0.911310674287764,-1.177851894974348,1.6495816066168083,-0.3041918912684436,0.16903479316396802,2.1817949254882985,-0.4814607612315388,-2.0552891500547874,0.9841231756854657,0
0.21232733076517762,-1.1099901739376037,-1.179024470547907,2.1634361945802154,-0.06640278899360229,-1.177851894974348,1.6495816066168083,-0.8828162337175963,0.16903479316396802,-0.570312581972397,0.03455021005991044,-1.3211339532658497,0.9841231756854657,0
-0.634918112038349,0.9009088760241706,0.8491410419312149,-0.11053973153124343,-0.7423290972289317,-1.177851894974348,-0.3774071387815143,1.4316811360790147,0.7665536592645635,-0.45564143582820127,-0.4814607612315388,-0.13061201252703214,-1.0161329645585022,0
1.7373691278115257,-1.1099901739376037,1.5251962127575889,-0.014585249844391208,1.4544314045358888,-1.177851894974348,-0.4090788379283631,-1.461440576166749,-0.7406708962363768,-0.570312581972397,1.8405886095799828,-1.162397694500674,0.9841231756854657,0
-0.12657084635623306,0.9009088760241706,0.8491410419312149,0.3234189916868297,-0.23538436605243465,-1.177851894974348,-0.7563590190735601,-1.461440576166749,-0.811164695045998,-1.0289971665491795,0.29255569570563505,-1.0433455004267922,0.9841231756854657,0
-0.634918112038349,-1.1099901739376037,-0.502969299721533,-0.20646262846441335,-0.7423290972289317,-1.177851894974348,0.8577891279455886,-0.8828162337175963,-0.3479197314399179,0.9204123179021463,-0.7394662468772634,0.20670253734896618,0.9841231756854657,0
-0.634918112038349,-1.1099901739376037,0.8491410419312149,-0.6324462013777036,-0.7423290972289317,0.9048055324001227,-0.8841543251310949,0.2744324511807092,0.02804719554472637,-0.45564143582820127,-0.7394662468772634,-1.5393963090679663,0.9841231756854657,0
1.7373691278115257,0.9009088760241706,0.8491410419312149,-0.8345728325676347,1.1164682504182242,0.9048055324001227,-0.4882580857954851,1.4316811360790147,-0.8447331706696268,1.1497546101905376,1.8405886095799828,-0.36871640067479566,0.9841231756854657,0
1.0595727735687044,0.9009088760241706,0.8491410419312149,-0.5791469295388085,0.6095235192417271,-1.177851894974348,-0.6307807319563046,1.4316811360790147,0.03476089066945202,-0.11162799739561437,0.8085666669970842,-0.8052411122790287,0.9841231756854657,0
0.21232733076517762,-1.1099901739376037,1.5251962127575889,-0.5856060116668406,-0.5733475201700994,0.9048055324001227,-0.4090788379283631,0.2744324511807092,0.19924642122523406,0.23238544103697253,0.5505611813513597,1.0599099282117854,0.9841231756854657,0
0.0428782422044723,0.9009088760241706,1.5251962127575889,-0.03382036483691688,-0.23538436605243465,-1.177851894974348,-0.7257958293968509,1.4316811360790147,0.7363420312032976,-0.9143260204049839,0.29255569570563505,0.46464895784237664,0.9841231756854657,0
-0.2960199349169384,0.9009088760241706,-0.502969299721533,-0.7677079090221883,-0.23538436605243465,0.9048055324001227,-0.7257958293968509,-0.8828162337175963,0.2563128297854033,0.23238544103697253,-0.7394662468772634,1.238488219322608,0.9841231756854657,0
0.21232733076517762,0.9009088760241706,-0.502969299721533,-0.013258690189734265,0.7785050963005594,0.9048055324001227,-0.4090788379283631,-0.3041918912684436,0.24959913466067765,-0.570312581972397,1.066572152642809,0.008282213892496587,-1.0161329645585022,0
0.0428782422044723,0.9009088760241706,-1.179024470547907,-0.16933475051086008,0.10257878806523006,0.9048055324001227,-0.013182598592753173,0.853056793629862,-1.2945507440262551,0.003043148748581378,-0.22345527558581418,0.9606997664835506,0.9841231756854657,0
-0.9738162891597597,-1.1099901739376037,-1.179024470547907,0.751660874488405,-0.911310674287764,-1.177851894974348,-0.5674373336626071,0.2744324511807092,0.43758259815300005,-1.0289971665491795,-0.4814607612315388,-0.5869787564769122,0.9841231756854657,0
-0.46546902347764374,0.9009088760241706,-0.502969299721533,-0.41560107497181686,-0.911310674287764,-1.177851894974348,-0.8841543251310949,1.4316811360790147,-1.3415466098993358,-0.7996548742607882,-0.4814607612315388,0.08765034327508442,0.9841231756854657,0
-0.2960199349169384,0.9009088760241706,0.8491410419312149,-0.22468703133910514,-0.23538436605243465,0.9048055324001227,-0.646616581529729,-1.461440576166749,-0.6936750303632967,-0.6849837281165926,-0.22345527558581418,0.9606997664835506,-1.0161329645585022,0
-0.2960199349169384,0.9009088760241706,0.8491410419312149,-0.8138690265288817,-0.7423290972289317,0.9048055324001227,-0.7257958293968509,0.2744324511807092,0.860545391010725,0.4617277333253637,-0.4814607612315388,-1.0036614357354983,0.9841231756854657,0
0.21232733076517762,0.9009088760241706,-1.179024470547907,-0.25154986434590826,0.4405419421828948,-1.177851894974348,2.3257723834020303,-0.3041918912684436,-1.4153972562713195,2.7551506562092767,0.29255569570563505,-2.03544711770914,-1.0161329645585022,0
0.21232733076517762,0.9009088760241706,-0.502969299721533,-0.2646733295009073,0.2715603651240624,-1.177851894974348,-0.8841543251310949,0.853056793629862,-1.7376546222581577,-0.9143260204049839,0.29255569570563505,0.6630692812988462,0.9841231756854657,0
-0.46546902347764374,0.9009088760241706,-0.502969299721533,-0.11142410463434806,-0.911310674287764,0.9048055324001227,0.4618928886099787,0.853056793629862,0.16232109803924238,0.3470565871811683,-0.4814607612315388,-0.40840046536608954,-1.0161329645585022,0
2.5846145706150523,0.9009088760241706,-1.179024470547907,0.2718410889236204,1.9613761357123858,-1.177851894974348,-0.7574675285436998,1.4316811360790147,-1.1132809756586586,-1.0289971665491795,1.8405886095799828,0.3455967637684949,0.9841231756854657,0
-0.634918112038349,0.9009088760241706,1.5251962127575889,0.8369712941843194,-0.7423290972289317,-1.177851894974348,1.0161476236798326,-0.8828162337175963,0.1757484882886937,-0.2262991435398101,-0.4814607612315388,1.6551708985811941,0.9841231756854657,0
-0.12657084635623306,-1.1099901739376037,0.17308587110484092,-0.7694766552283976,0.2715603651240624,0.21058638994196582,0.30353439287573475,-0.8828162337175963,-0.8581605609190788,2.640479510065081,0.03455021005991044,-1.0036614357354983,0.9841231756854657,0
-0.46546902347764374,-1.1099901739376037,-0.502969299721533,0.25535384750145557,-0.5733475201700994,-1.177851894974348,0.7928621446945486,-0.8828162337175963,0.2965950005337584,0.1177142948927768,-0.7394662468772634,1.4369085427790778,-1.0161329645585022,0
-0.8043672005990544,0.9009088760241706,1.5251962127575889,0.4075449831196575,-0.911310674287764,-1.177851894974348,-1.2428363179691575,-0.8828162337175963,-1.0964967378468442,-1.3730106049817663,-0.4814607612315388,-1.142555662155027,-1.0161329645585022,0
-0.634918112038349,-1.1099901739376037,-0.502969299721533,-0.32280506865319547,0.10257878806523006,0.9048055324001227,-0.2507203421941191,0.2744324511807092,2.1797864830193436,-0.11162799739561437,-0.7394662468772634,-1.2814498885745558,-1.0161329645585022,0
0.0428782422044723,-1.1099901739376037,-0.502969299721533,1.4399084496027412,-0.404365943111267,-1.177851894974348,4.024959042630468,0.853056793629862,0.1656779456016052,0.6910700256137552,0.03455021005991044,-0.38855843302044263,-1.0161329645585022,0
0.890123685007999,-1.1099901739376037,-1.179024470547907,-0.340997886774205,0.6095235192417271,-1.177851894974348,0.17795610575847928,1.4316811360790147,-0.08944246913797492,0.4617277333253637,0.8085666669970842,0.38528082845978884,0.9841231756854657,0
1.5679200392508204,-1.1099901739376037,-1.179024470547907,0.3663268795642453,1.9613761357123858,-1.177851894974348,-0.2507203421941191,-0.3041918912684436,-1.264339115964989,-0.6849837281165926,1.582583123934258,-0.686188918205147,0.9841231756854657,0
-0.12657084635623306,0.9009088760241706,0.8491410419312149,-0.3773045611320182,-0.23538436605243465,0.9048055324001227,-1.2008713165995828,0.2744324511807092,-0.33113549362810374,-1.143668312693375,-0.22345527558581418,1.298014316359549,0.9841231756854657,0
-0.634918112038349,0.9009088760241706,0.8491410419312149,0.2720148050688731,-0.7423290972289317,-1.177851894974348,0.38271364074285674,1.4316811360790147,-1.240841183028449,-0.2262991435398101,-0.7394662468772634,-1.2616078562289088,0.9841231756854657,0
0.890123685007999,0.9009088760241706,-0.502969299721533,0.3677008163494257,0.9474866733593919,0.9048055324001227,2.4413740852880284,-0.3041918912684436,0.46443737865190327,1.1497546101905376,1.066572152642809,1.714696995618135,0.9841231756854657,0
-0.634918112038349,0.9009088760241706,-1.179024470547907,-0.41168456551521065,-0.23538436605243465,0.9048055324001227,-0.016349768507438054,0.2744324511807092,-0.035732908140168516,0.4617277333253637,-0.7394662468772634,0.3455967637684949,0.9841231756854657,0
1.0595727735687044,-1.1099901739376037,-0.502969299721533,-0.1461515413080459,0.9474866733593919,0.9048055324001227,-0.2507203421941191,-0.8828162337175963,0.3368771712821129,-0.34097028968400567,0.8085666669970842,-0.07108591549009124,-1.0161329645585022,0
-0.8043672005990544,0.9009088760241706,1.5251962127575889,0.1410170391715,-0.911310674287764,-1.177851894974348,2.4413740852880284,1.4316811360790147,1.1962301472470147,1.6084391947673204,-0.7394662468772634,0.9805417988291976,0.9841231756854657,0
0.0428782422044723,0.9009088760241706,-0.502969299721533,-0.5433771959935946,-0.404365943111267,0.9048055324001227,-0.646616581529729,0.853056793629862,-1.82157581131723,-0.2262991435398101,-0.22345527558581418,0.782121475372728,-1.0161329645585022,0
0.7206745964472937,0.9009088760241706,-0.502969299721533,0.9529978868362784,1.2854498274770565,0.9048055324001227,-0.1374940177441347,1.4316811360790147,0.0045492626081859895,-0.9143260204049839,0.29255569570563505,-0.9639773710442044,0.9841231756854657,0
2.2457163934936415,-1.1099901739376037,-1.179024470547907,-0.39057015767858766,2.130357712771218,0.9048055324001227,0.25602684415546156,0.2744324511807092,-1.136778908595199,0.6910700256137552,1.066572152642809,1.278172284013902,-1.0161329645585022,0
-0.634918112038349,0.9009088760241706,-1.179024470547907,-0.5799839255113898,-0.911310674287764,0.21058638994196582,-1.042512820865339,0.2744324511807092,-0.33113549362810374,-0.7996548742607882,-0.7394662468772634,0.4249648931510827,-1.0161329645585022,0
-0.8043672005990544,-1.1099901739376037,-1.179024470547907,-0.03203582625386647,-0.911310674287764,0.9048055324001227,0.5280867398268927,-0.8828162337175963,1.0753836350019508,0.3470565871811683,-0.4814607612315388,0.6233852166075523,0.9841231756854657,0
-0.12657084635623306,0.9009088760241706,-0.502969299721533,-0.9024168834772327,0.4405419421828948,0.21058638994196582,-1.0998385963211352,1.4316811360790147,0.011262957732911642,-0.2262991435398101,0.5505611813513597,-0.686188918205147,-1.0161329645585022,0
-0.634918112038349,0.9009088760241706,-0.502969299721533,-0.7873378334357429,-0.5733475201700994,0.21058638994196582,-0.5674373336626071,0.2744324511807092,0.3301634761573873,0.6910700256137552,-0.7394662468772634,0.305912699077201,-1.0161329645585022,0
-0.46546902347764374,-1.1099901739376037,1.5251962127575889,-0.014174648046521202,-0.404365943111267,0.9048055324001227,0.06599664927436881,-0.8828162337175963,-0.05251714595198324,-0.11162799739561437,-0.997471732522988,0.08765034327508442,-1.0161329645585022,0
0.890123685007999,0.9009088760241706,0.8491410419312149,-0.2198861487793943,1.1164682504182242,0.9048055324001227,-1.042512820865339,-1.461440576166749,0.08847045166725842,-1.0289971665491795,0.29255569570563505,-1.2616078562289088,0.9841231756854657,0
-0.46546902347764374,-1.1099901739376037,0.8491410419312149,-0.29850060069465933,-0.404365943111267,0.9048055324001227,0.38271364074285674,0.853056793629862,1.5352717510456675,0.6910700256137552,-0.7394662468772634,-0.7853990799333818,0.9841231756854657,0
-0.46546902347764374,-1.1099901739376037,-1.179024470547907,-0.5596907212705068,-0.23538436605243465,-1.177851894974348,0.7333193502984728,0.853056793629862,-0.029019213015442864,2.0671237793441026,0.29255569570563505,0.4249648931510827,0.9841231756854657,0
-0.634918112038349,0.9009088760241706,-0.502969299721533,-0.10990803645759727,-0.911310674287764,0.9048055324001227,0.38271364074285674,-1.461440576166749,0.427512055465911,0.23238544103697253,-0.997471732522988,-0.7258729828964409,0.9841231756854657,0
2.2457163934936415,0.9009088760241706,0.8491410419312149,-0.5170039266688673,2.637302443947715,0.9048055324001227,-0.11215665842665565,-1.461440576166749,2.6933841600608672,0.5763988794695595,1.3245776382885335,-0.8250831446246757,0.9841231756854657,0
0.21232733076517762,-1.1099901739376037,0.17308587110484092,0.5753389870569197,-0.23538436605243465,-1.177851894974348,-1.105539502167568,-0.8828162337175963,0.5651428055227898,-1.3730106049817663,1.066572152642809,0.3455967637684949,-1.0161329645585022,0
-0.9738162891597597,0.9009088760241706,1.5251962127575889,-0.6794285224801371,-0.911310674287764,0.9048055324001227,-0.646616581529729,-0.8828162337175963,0.377159342030468,0.1177142948927768,-0.4814607612315388,0.40512286080543575,0.9841231756854657,0
1.5679200392508204,-1.1099901739376037,0.8491410419312149,-0.013306067320257726,1.6234129815947211,-1.177851894974348,0.0026532509806712224,0.853056793629862,0.82026322026237,-0.2262991435398101,1.8405886095799828,0.5043330225336705,0.9841231756854657,0
-0.46546902347764374,0.9009088760241706,1.5251962127575889,0.05114262256849209,-0.23538436605243465,0.9048055324001227,-1.2228831475066428,-0.8828162337175963,-0.8615174084814415,-1.3730106049817663,-0.22345527558581418,-0.26950623894656084,0.9841231756854657,0
-0.46546902347764374,-1.1099901739376037,1.5251962127575889,-0.2904149037519885,-0.23538436605243465,0.9048055324001227,0.06599664927436881,-1.461440576166749,0.23281489684886292,0.23238544103697253,-0.997471732522988,-1.4600281796853785,0.9841231756854657,0
0.890123685007999,-1.1099901739376037,-1.179024470547907,0.07778436229951903,0.7785050963005594,-1.177851894974348,0.6994306322113446,1.4316811360790147,0.10525468947907315,0.3470565871811683,1.066572152642809,0.801963507718375,0.9841231756854657,0
0.5512255078865883,-1.1099901739376037,0.8491410419312149,0.11461218509309036,0.2715603651240624,-1.177851894974348,2.356335573078739,0.2744324511807092,-0.7205298108621999,1.6084391947673204,0.5505611813513597,0.8614896047553159,0.9841231756854657,0
-0.46546902347764374,0.9009088760241706,0.8491410419312149,-0.8093050296217882,-0.911310674287764,0.9048055324001227,-0.5674373336626071,-0.8828162337175963,0.726271488516209,0.8057411717579506,-0.4814607612315388,-0.686188918205147,0.9841231756854657,0
-0.8043672005990544,0.9009088760241706,1.5251962127575889,-0.524142081001069,-0.7423290972289317,0.9048055324001227,-0.8083006056743921,-0.8828162337175963,-1.3348329147746099,-0.45564143582820127,-0.997471732522988,1.4567505751247247,0.9841231756854657,0
-0.8043672005990544,0.9009088760241706,-0.502969299721533,1.539700478861994,-0.7423290972289317,-1.177851894974348,2.317221024632381,-1.461440576166749,-0.059230841076708896,0.003043148748581378,-0.7394662468772634,-0.32903233598350173,0.9841231756854657,0
0.0428782422044723,0.9009088760241706,1.5251962127575889,-0.6028986643079043,-0.404365943111267,-1.177851894974348,1.1344414199933128,0.853056793629862,-0.2035752862583134,2.984492948497668,0.03455021005991044,-0.11076998018138517,0.9841231756854657,0
0.21232733076517762,0.9009088760241706,-1.179024470547907,0.07974261702782214,0.10257878806523006,0.9048055324001227,-0.6307807319563046,0.2744324511807092,-0.1532225728228698,-0.7996548742607882,0.03455021005991044,-0.03140185079879733,-1.0161329645585022,0
-0.8043672005990544,0.9009088760241706,-1.179024470547907,-0.20538874683921485,-0.911310674287764,-1.177851894974348,-0.646616581529729,1.4316811360790147,0.11868207972852446,-0.6849837281165926,-0.4814607612315388,-1.162397694500674,0.9841231756854657,0
-0.2960199349169384,0.9009088760241706,-0.502969299721533,-0.1168093051371816,-0.7423290972289317,-1.177851894974348,3.2813075466624584,-0.8828162337175963,0.8941138666343539,3.213835240786059,-0.4814607612315388,-2.114815247091728,0.9841231756854657,0
0.38177641932588297,-1.1099901739376037,-0.502969299721533,-0.24180596783491617,-0.5733475201700994,0.9048055324001227,-0.09236184645987515,1.4316811360790147,-1.5899533295141903,0.003043148748581378,0.03455021005991044,-0.6266628211682062,-1.0161329645585022,0
0.38177641932588297,0.9009088760241706,0.8491410419312149,-0.33013273150749095,0.9474866733593919,0.9048055324001227,-0.6307807319563046,-1.461440576166749,1.6628319584154578,-0.570312581972397,0.29255569570563505,-1.9957630530178463,0.9841231756854657,0
-0.634918112038349,-1.1099901739376037,-1.179024470547907,0.40051737542534394,-0.5733475201700994,-1.177851894974348,0.06599664927436881,-0.8828162337175963,-0.10958355451215247,-0.570312581972397,-0.7394662468772634,-1.0433455004267922,0.9841231756854657,0
0.7206745964472937,0.9009088760241706,-0.502969299721533,0.5137960945069422,0.6095235192417271,0.9048055324001227,0.06599664927436881,-0.8828162337175963,-0.12301094476160378,-0.570312581972397,0.29255569570563505,-0.8647672093159696,-1.0161329645585022,0
0.0428782422044723,0.9009088760241706,-1.179024470547907,0.2687457830627542,0.2715603651240624,0.9048055324001227,-0.9474977234247925,-1.461440576166749,-1.3079781342757066,-1.143668312693375,0.03455021005991044,0.16701847265767225,-1.0161329645585022,0
-0.12657084635623306,0.9009088760241706,1.5251962127575889,-0.22263402234975513,-0.23538436605243465,-1.177851894974348,-0.18420977398573665,1.4316811360790147,-0.20021843869595057,-0.11162799739561437,-0.22345527558581418,1.1392780575943733,-1.0161329645585022,0
0.0428782422044723,-1.1099901739376037,-1.179024470547907,-0.015627546715907378,-0.23538436605243465,-1.177851894974348,2.2830155895537843,-0.8828162337175963,0.041474585794178266,1.8377814870557112,-0.22345527558581418,-0.8449251769703227,-1.0161329645585022,0
0.21232733076517762,-1.1099901739376037,-1.179024470547907,2.54158465804165,-0.5733475201700994,-1.177851894974348,1.6495816066168083,0.853056793629862,0.04818828091890392,-0.6849837281165926,0.29255569570563505,-2.2140254088199627,0.9841231756854657,0
0.5512255078865883,0.9009088760241706,0.8491410419312149,0.9662318986291656,0.10257878806523006,-1.177851894974348,-0.10819769603329955,1.4316811360790147,-0.33784918875282943,-0.9143260204049839,-0.22345527558581418,-2.3926036999307856,0.9841231756854657,0
-0.46546902347764374,0.9009088760241706,-1.179024470547907,0.20830835689165755,-0.7423290972289317,-1.177851894974348,-0.5674373336626071,-1.461440576166749,-1.1837747744682794,-0.9143260204049839,-0.4814607612315388,0.5440170872249644,0.9841231756854657,0
-0.12657084635623306,-1.1099901739376037,-0.502969299721533,-0.33635492798290567,-0.23538436605243465,-1.177851894974348,-0.804975077263973,1.4316811360790147,0.0985409943543475,-0.6849837281165926,-0.22345527558581418,-0.011559818453150373,0.9841231756854657,0
-0.46546902347764374,0.9009088760241706,0.8491410419312149,-0.38854873344291996,-0.23538436605243465,-1.177851894974348,-0.3298995900612411,0.2744324511807092,0.531574329899161,0.003043148748581378,-0.4814607612315388,-0.5671367241312653,0.9841231756854657,0
-0.2960199349169384,0.9009088760241706,-0.502969299721533,-0.48426632947715487,-0.23538436605243465,0.9048055324001227,-0.7563590190735601,-0.8828162337175963,0.3704456469057418,-0.45564143582820127,-0.4814607612315388,0.12733440796637835,0.9841231756854657,0
-0.634918112038349,0.9009088760241706,0.8491410419312149,-0.8079310928366078,-0.5733475201700994,0.9048055324001227,-0.7257958293968509,-0.8828162337175963,0.001192415045823164,0.3470565871811683,-0.4814607612315388,0.3654387961141419,0.9841231756854657,0
-0.46546902347764374,0.9009088760241706,-0.502969299721533,0.268208842250155,-0.23538436605243465,0.9048055324001227,0.22720559793182915,-0.3041918912684436,-1.3986130184595051,-0.34097028968400567,-0.7394662468772634,0.9011736694466097,0.9841231756854657,0
-0.634918112038349,0.9009088760241706,-1.179024470547907,0.5333470570362909,-0.06640278899360229,-1.177851894974348,-0.7257958293968509,0.2744324511807092,0.0045492626081859895,-1.143668312693375,-0.7394662468772634,0.7622794430270811,0.9841231756854657,0
-0.46546902347764374,-1.1099901739376037,-0.502969299721533,-0.5650285446428168,-0.404365943111267,0.9048055324001227,-0.18721858540468728,0.2744324511807092,-1.6805882136979884,0.5763988794695595,-0.7394662468772634,-0.07108591549009124,0.9841231756854657,0
0.0428782422044723,0.9009088760241706,-0.502969299721533,-0.48330299448984443,-0.06640278899360229,-1.177851894974348,0.06599664927436881,0.853056793629862,-1.1871316220306425,0.6910700256137552,1.066572152642809,-0.6663468858595001,0.9841231756854657,0
0.38177641932588297,-1.1099901739376037,-1.179024470547907,1.0815162495695902,-0.06640278899360229,-1.177851894974348,-0.4090788379283631,-0.8828162337175963,-0.885015341417982,-1.0289971665491795,1.066572152642809,0.0479662785837905,-1.0161329645585022,0
-0.2960199349169384,-1.1099901739376037,-1.179024470547907,2.1577193541637176,-0.7423290972289317,-1.177851894974348,2.4413740852880284,-0.3041918912684436,-0.005521280078902488,-0.2262991435398101,-0.4814607612315388,0.008282213892496587,-1.0161329645585022,0
-0.46546902347764374,0.9009088760241706,1.5251962127575889,-0.5868694018141329,-0.404365943111267,0.9048055324001227,-0.7257958293968509,0.853056793629862,-1.5966670246389159,-0.2262991435398101,-0.4814607612315388,-0.6266628211682062,0.9841231756854657,0
1.398470950690115,0.9009088760241706,-1.179024470547907,-0.18860145025706807,1.1164682504182242,-1.177851894974348,0.5236527019463338,-0.8828162337175963,-0.37813135950118393,0.5763988794695595,1.3245776382885335,-1.3409759856114967,0.9841231756854657,0
-0.634918112038349,-1.1099901739376037,-1.179024470547907,-0.24777548628087243,-0.911310674287764,0.9048055324001227,-0.9587411766219238,-0.8828162337175963,-0.005521280078902488,-1.0289971665491795,-0.4814607612315388,1.298014316359549,0.9841231756854657,0
-0.2960199349169384,0.9009088760241706,-1.179024470547907,0.28139547691251865,-0.7423290972289317,0.9048055324001227,0.47662022871326337,0.853056793629862,-0.21700267650776528,-0.11162799739561437,-0.7394662468772634,-2.2933935382025505,0.9841231756854657,0
0.0428782422044723,-1.1099901739376037,-0.502969299721533,0.5743756520696093,0.2715603651240624,0.9048055324001227,0.8577891279455886,-0.8828162337175963,-0.31435125581628903,-0.11162799739561437,0.8085666669970842,-0.9838194033898514,0.9841231756854657,0
-0.12657084635623306,-1.1099901739376037,-0.502969299721533,-0.6436745813117641,-0.06640278899360229,0.9048055324001227,-0.470046858786047,1.4316811360790147,0.4510099884024514,0.3470565871811683,0.5505611813513597,1.0202258635204915,0.9841231756854657,0
-0.634918112038349,0.9009088760241706,0.8491410419312149,-0.10558092520312104,-0.911310674287764,-1.177851894974348,-0.2823920413409679,1.4316811360790147,1.182802756997563,-0.34097028968400567,-0.22345527558581418,0.0479662785837905,0.9841231756854657,0
1.906818216372231,0.9009088760241706,0.8491410419312149,8.925558241817143,1.2854498274770565,-1.177851894974348,1.04702753034801,0.853056793629862,0.014619805295275064,-1.2583394588375707,1.582583123934258,-1.7179746001787888,0.9841231756854657,0
-0.634918112038349,0.9009088760241706,-1.179024470547907,0.17827125613978248,-0.5733475201700994,-1.177851894974348,0.38271364074285674,-0.8828162337175963,-1.371758237960602,-0.11162799739561437,-0.4814607612315388,0.20670253734896618,0.9841231756854657,0
-0.2960199349169384,0.9009088760241706,0.8491410419312149,-0.44972840132555086,-0.5733475201700994,0.9048055324001227,0.4493825674469734,-0.8828162337175963,-0.9320112072910621,1.1497546101905376,-0.4814607612315388,-0.7655570475877348,0.9841231756854657,0
-0.12657084635623306,-1.1099901739376037,1.5251962127575889,-0.012090054303488862,0.10257878806523006,-1.177851894974348,1.6495816066168083,-0.3041918912684436,1.3372177448662566,1.2644257563347332,-0.4814607612315388,0.9011736694466097,-1.0161329645585022,0
1.5679200392508204,0.9009088760241706,-0.502969299721533,-0.6504810957303016,1.6234129815947211,0.9048055324001227,-0.47242223622206064,-0.8828162337175963,-1.8719285247526736,0.3470565871811683,1.582583123934258,1.1392780575943733,0.9841231756854657,0
-0.46546902347764374,0.9009088760241706,1.5251962127575889,-0.5254054711483612,-0.5733475201700994,0.9048055324001227,-0.09236184645987515,0.2744324511807092,-1.3348329147746099,0.5763988794695595,-0.4814607612315388,1.1988041546313142,-1.0161329645585022,0
-0.8043672005990544,0.9009088760241706,-1.179024470547907,0.9509290854700873,-0.911310674287764,-1.177851894974348,0.041926157922763725,-1.461440576166749,0.6087818238335078,-0.7996548742607882,-0.4814607612315388,1.1392780575943733,-1.0161329645585022,0
-0.634918112038349,-1.1099901739376037,0.8491410419312149,-0.2660472662860877,-0.911310674287764,0.9048055324001227,-0.09236184645987515,1.4316811360790147,-1.2475548781531747,0.003043148748581378,-0.7394662468772634,-1.202081759191968,-1.0161329645585022,0
-0.2960199349169384,-1.1099901739376037,-0.502969299721533,-0.5678395877205422,-0.911310674287764,0.9048055324001227,-0.8841543251310949,0.853056793629862,-0.11965409719924096,-0.570312581972397,-0.7394662468772634,-1.3608180179571436,0.9841231756854657,0
-0.2960199349169384,0.9009088760241706,-0.502969299721533,-0.6757015215456247,-0.23538436605243465,0.9048055324001227,-0.2507203421941191,1.4316811360790147,0.6927030128925802,0.9204123179021463,-0.997471732522988,0.9606997664835506,-1.0161329645585022,0
-0.46546902347764374,0.9009088760241706,-0.502969299721533,-0.33967132711954806,-0.06640278899360229,-1.177851894974348,-1.3220155658362795,0.853056793629862,0.6826324702054911,-1.3730106049817663,-0.4814607612315388,-0.9838194033898514,0.9841231756854657,0
0.5512255078865883,0.9009088760241706,-0.502969299721533,-0.05798270140388263,0.6095235192417271,-1.177851894974348,0.8577891279455886,0.2744324511807092,0.2529559822230405,0.6910700256137552,0.5505611813513597,0.40512286080543575,0.9841231756854657,0
0.38177641932588297,-1.1099901739376037,0.8491410419312149,-0.39297059895844305,0.2715603651240624,0.9048055324001227,-1.1901029388896542,1.4316811360790147,-1.3415466098993358,-1.143668312693375,0.5505611813513597,0.4844909901880236,0.9841231756854657,0
0.0428782422044723,0.9009088760241706,0.8491410419312149,-0.4700058131895927,0.2715603651240624,0.9048055324001227,-1.252971261696149,-0.3041918912684436,1.3237903546168046,-1.2583394588375707,0.29255569570563505,0.06780831092943747,-1.0161329645585022,0
-0.8043672005990544,0.9009088760241706,0.8491410419312149,-0.1098606593270738,-0.5733475201700994,-1.177851894974348,-0.4090788379283631,0.2744324511807092,-1.1401357561575618,-0.45564143582820127,-0.4814607612315388,0.8416475724096689,0.9841231756854657,0
-0.12657084635623306,0.9009088760241706,0.8491410419312149,2.109378888652945,-0.06640278899360229,-1.177851894974348,2.361403044942235,-0.3041918912684436,-0.10958355451215247,-0.34097028968400567,-0.22345527558581418,0.782121475372728,0.9841231756854657,0
0.7206745964472937,0.9009088760241706,-0.502969299721533,2.14830709756639,1.1164682504182242,-1.177851894974348,0.21596214473469783,0.853056793629862,0.6423502994571366,-1.0289971665491795,0.29255569570563505,-0.13061201252703214,-1.0161329645585022,0
1.0595727735687044,-1.1099901739376037,-1.179024470547907,-0.22129167031825703,0.7785050963005594,-1.177851894974348,-0.2507203421941191,-1.461440576166749,0.36037510421865326,-0.2262991435398101,1.582583123934258,0.40512286080543575,-1.0161329645585022,0
-0.2960199349169384,-1.1099901739376037,0.8491410419312149,-0.6581403984982613,-0.06640278899360229,0.9048055324001227,-0.2507203421941191,1.4316811360790147,-0.4821936339344339,0.8057411717579506,0.29255569570563505,-0.7853990799333818,0.9841231756854657,0
0.890123685007999,-1.1099901739376037,1.5251962127575889,1.078215642809789,1.1164682504182242,0.9048055324001227,0.38271364074285674,-0.8828162337175963,0.27645391515958084,-0.6849837281165926,0.8085666669970842,1.1392780575943733,0.9841231756854657,0
0.7206745964472937,-1.1099901739376037,0.8491410419312149,-0.2627782442799688,0.7785050963005594,0.9048055324001227,0.06599664927436881,0.2744324511807092,1.0149603788794181,0.23238544103697253,0.5505611813513597,-0.13061201252703214,0.9841231756854657,0
-0.12657084635623306,-1.1099901739376037,-0.502969299721533,-0.5028539570191932,-0.06640278899360229,0.9048055324001227,-0.8841543251310949,0.2744324511807092,1.3674293729275224,-0.6849837281165926,0.03455021005991044,1.3773824457421369,-1.0161329645585022,0
-0.634918112038349,0.9009088760241706,-1.179024470547907,-0.24592777819045739,-0.911310674287764,0.9048055324001227,0.7052898965535117,-0.3041918912684436,0.92432549469562,0.9204123179021463,-0.4814607612315388,0.008282213892496587,0.9841231756854657,0
-0.9738162891597597,-1.1099901739376037,1.5251962127575889,-0.002851513851413722,-0.7423290972289317,-1.177851894974348,0.5778113074874452,1.4316811360790147,-0.11629724963687813,0.3470565871811683,-0.4814607612315388,-0.40840046536608954,0.9841231756854657,0
-0.634918112038349,-1.1099901739376037,0.8491410419312149,1.031264906461038,-0.5733475201700994,-1.177851894974348,0.8577891279455886,-0.8828162337175963,0.001192415045823164,-0.45564143582820127,-0.4814607612315388,0.6432272489531993,0.9841231756854657,0
-0.46546902347764374,0.9009088760241706,0.8491410419312149,0.008313696575282217,-0.5733475201700994,-1.177851894974348,0.8577891279455886,0.2744324511807092,-1.1535631464070133,0.5763988794695595,-0.4814607612315388,-0.9639773710442044,0.9841231756854657,0
0.21232733076517762,-1.1099901739376037,0.8491410419312149,0.5194813501697576,0.2715603651240624,-1.177851894974348,-0.2100222087904184,-1.461440576166749,0.4745079213389917,-0.7996548742607882,0.03455021005991044,0.4844909901880236,0.9841231756854657,0
-0.46546902347764374,-1.1099901739376037,0.8491410419312149,-0.7190200112209103,-0.911310674287764,0.9048055324001227,-0.5674373336626071,1.4316811360790147,0.021333500420000717,0.3470565871811683,-0.22345527558581418,-0.26950623894656084,-1.0161329645585022,0
0.38177641932588297,-1.1099901739376037,0.8491410419312149,-0.5807419595997652,0.9474866733593919,0.21058638994196582,-0.9474977234247925,0.853056793629862,0.5684996530851527,-0.6849837281165926,0.29255569570563505,-0.20998014190961997,-1.0161329645585022,0
0.0428782422044723,0.9009088760241706,-0.502969299721533,-0.4829081850688156,-0.23538436605243465,0.9048055324001227,-0.7257958293968509,1.4316811360790147,-0.06258768863907171,-0.45564143582820127,1.066572152642809,1.0400678958661385,0.9841231756854657,0
-0.12657084635623306,0.9009088760241706,1.5251962127575889,0.931741347608085,-0.404365943111267,-1.177851894974348,0.38271364074285674,-0.8828162337175963,-1.2475548781531747,-0.570312581972397,0.03455021005991044,-0.5274526594399713,0.9841231756854657,0
0.0428782422044723,-1.1099901739376037,-1.179024470547907,-0.2275928286778775,-0.06640278899360229,0.9048055324001227,-0.49506750111205755,-1.461440576166749,0.007906110170548816,-0.45564143582820127,-0.22345527558581418,0.0479662785837905,-1.0161329645585022,0
-0.634918112038349,-1.1099901739376037,0.8491410419312149,-0.20106163558473863,-0.911310674287764,-1.177851894974348,-0.646616581529729,1.4316811360790147,-0.8078078474836352,-0.6849837281165926,-0.7394662468772634,0.08765034327508442,0.9841231756854657,0
1.2290218621294098,-1.1099901739376037,0.17308587110484092,0.17135419508335697,0.9474866733593919,0.9048055324001227,0.06599664927436881,-0.3041918912684436,-1.2072727074048197,-0.34097028968400567,1.582583123934258,0.028124246238143545,0.9841231756854657,0
-0.46546902347764374,0.9009088760241706,-1.179024470547907,-0.391628246926945,-0.404365943111267,0.9048055324001227,0.24019099458203716,0.853056793629862,0.7061304031420315,0.6910700256137552,-0.997471732522988,-0.7655570475877348,0.9841231756854657,0
-0.2960199349169384,0.9009088760241706,-1.179024470547907,1.489401758622918,-0.23538436605243465,-1.177851894974348,0.38271364074285674,0.2744324511807092,-1.4053267135842307,-0.7996548742607882,-0.7394662468772634,-0.7457150152420878,0.9841231756854657,0
0.38177641932588297,-1.1099901739376037,0.8491410419312149,-0.2578983998360522,-0.06640278899360229,0.9048055324001227,-0.6143114483999432,0.2744324511807092,0.9411097325074347,-0.570312581972397,1.066572152642809,1.1194360252487263,0.9841231756854657,0
-0.46546902347764374,0.9009088760241706,-0.502969299721533,-0.2566981791961245,-0.911310674287764,0.9048055324001227,-0.4090788379283631,-0.8828162337175963,0.7766242019516526,-0.34097028968400567,-0.4814607612315388,-2.3727616675851384,0.9841231756854657,0
0.21232733076517762,-1.1099901739376037,-0.502969299721533,-0.334949406444043,-0.06640278899360229,-1.177851894974348,-0.2823920413409679,-0.3041918912684436,0.1522505553521539,-0.11162799739561437,0.29255569570563505,-0.15045404487267908,0.9841231756854657,0
0.5512255078865883,0.9009088760241706,1.5251962127575889,-0.3927495056826669,0.2715603651240624,0.9048055324001227,0.06599664927436881,-1.461440576166749,-0.6903181828009338,0.4617277333253637,0.29255569570563505,1.6353288662355472,0.9841231756854657,0
-0.634918112038349,-1.1099901739376037,-0.502969299721533,0.4588544154765671,-0.911310674287764,-1.177851894974348,-0.17454990574594778,0.853056793629862,-1.4153972562713195,-0.6849837281165926,-0.4814607612315388,-0.07108591549009124,-1.0161329645585022,0
-0.46546902347764374,-1.1099901739376037,0.8491410419312149,1.026353477263439,-0.23538436605243465,-1.177851894974348,1.0161476236798326,-1.461440576166749,-1.2005590122800942,-0.34097028968400567,-0.4814607612315388,-1.7775006972157297,0.9841231756854657,0
-0.8043672005990544,0.9009088760241706,-0.502969299721533,1.7819081624747741,-0.7423290972289317,-1.177851894974348,0.8685575056555171,1.4316811360790147,-0.3647039692517326,-0.6849837281165926,-0.4814607612315388,0.5043330225336705,0.9841231756854657,0
-0.46546902347764374,-1.1099901739376037,1.5251962127575889,-0.07636502804698599,-0.23538436605243465,-1.177851894974348,0.06599664927436881,-1.461440576166749,-1.0461440244114009,-0.11162799739561437,-0.7394662468772634,0.4249648931510827,-1.0161329645585022,0
-0.8043672005990544,-1.1099901739376037,1.5251962127575889,-0.4877564447590499,-0.911310674287764,0.21058638994196582,0.8577891279455886,1.4316811360790147,0.3066655432208469,1.952452633199907,-0.4814607612315388,1.0995939929030794,-1.0161329645585022,0
0.7206745964472937,0.9009088760241706,0.8491410419312149,-0.3072653698414999,0.2715603651240624,0.9048055324001227,-1.08099393532876,-1.461440576166749,0.3536614090939276,-1.0289971665491795,0.5505611813513597,0.16701847265767225,0.9841231756854657,0
-0.634918112038349,0.9009088760241706,-1.179024470547907,-0.19867698668172437,-0.911310674287764,-1.177851894974348,-0.4090788379283631,1.4316811360790147,-0.9823639207265057,-0.45564143582820127,-0.4814607612315388,-0.30919030363785477,-1.0161329645585022,0
-0.8043672005990544,-1.1099901739376037,-1.179024470547907,-0.11093454095227227,-0.7423290972289317,-1.177851894974348,-0.3774071387815143,1.4316811360790147,-0.3009238655668377,-0.45564143582820127,-0.4814607612315388,0.6035431842619053,-1.0161329645585022,0
-0.8043672005990544,-1.1099901739376037,-1.179024470547907,-1.0428900754792982,-0.5733475201700994,0.21058638994196582,-1.319798546896,0.2744324511807092,-0.0995130118250634,-0.570312581972397,-0.4814607612315388,0.3654387961141419,0.9841231756854657,0
-0.46546902347764374,0.9009088760241706,-0.502969299721533,-0.45168665605385394,-0.5733475201700994,0.9048055324001227,-0.963333572998217,1.4316811360790147,-1.8014347259430528,-0.7996548742607882,-0.4814607612315388,-1.202081759191968,0.9841231756854657,0
-0.12657084635623306,0.9009088760241706,1.5251962127575889,-0.21186362134408804,-0.7423290972289317,0.9048055324001227,-0.2507203421941191,-0.8828162337175963,0.16232109803924238,-0.2262991435398101,0.03455021005991044,-0.6663468858595001,0.9841231756854657,0
0.21232733076517762,-1.1099901739376037,-0.502969299721533,-0.20096688132369173,0.4405419421828948,0.9048055324001227,-1.01084112171849,-1.461440576166749,-1.136778908595199,-1.0289971665491795,-0.22345527558581418,0.286070666731554,-1.0161329645585022,0
-0.2960199349169384,-1.1099901739376037,0.8491410419312149,0.6136986704040829,-0.404365943111267,-1.177851894974348,0.06599664927436881,1.4316811360790147,-0.4083429875624505,-0.6849837281165926,0.03455021005991044,0.6829113136444932,0.9841231756854657,0
-0.2960199349169384,0.9009088760241706,0.8491410419312149,-0.6419847969897607,-0.5733475201700994,0.9048055324001227,-1.042512820865339,0.2744324511807092,0.12203892729088728,-0.6849837281165926,-0.22345527558581418,0.8813316371009629,0.9841231756854657,0
0.21232733076517762,0.9009088760241706,-1.179024470547907,0.17888715883658748,-0.23538436605243465,0.9048055324001227,1.3382488040032847,-0.8828162337175963,-0.4553388534355307,0.6910700256137552,0.8085666669970842,-1.3211339532658497,0.9841231756854657,0
0.5512255078865883,0.9009088760241706,1.5251962127575889,-0.30037989353875666,-0.404365943111267,0.9048055324001227,-0.5040939353689095,1.4316811360790147,0.7766242019516526,-0.34097028968400567,0.5505611813513597,0.6035431842619053,0.9841231756854657,0
-0.2960199349169384,-1.1099901739376037,-0.502969299721533,-0.08779870887998155,-0.5733475201700994,0.9048055324001227,-0.5674373336626071,-0.8828162337175963,-0.022305517890717212,-0.6849837281165926,-0.4814607612315388,0.16701847265767225,-1.0161329645585022,0
2.754063659175758,0.9009088760241706,0.8491410419312149,-0.8687949131824156,1.9613761357123858,0.9048055324001227,-0.8841543251310949,0.853056793629862,-0.23378691431957943,0.23238544103697253,3.646627009100055,-0.5274526594399713,0.9841231756854657,0
-0.8043672005990544,-1.1099901739376037,-0.502969299721533,0.38159810796964133,-0.911310674287764,0.9048055324001227,-0.5275309927375775,-0.8828162337175963,-1.6436628905119963,-0.9143260204049839,-0.7394662468772634,-1.5195542767223194,0.9841231756854657,0
-0.46546902347764374,0.9009088760241706,0.8491410419312149,-0.679017920682267,-0.5733475201700994,0.9048055324001227,-1.2008713165995828,0.2744324511807092,0.06832936629308146,-1.0289971665491795,-0.7394662468772634,0.26622863438590705,0.9841231756854657,0
-0.634918112038349,-1.1099901739376037,0.8491410419312149,-0.4898568308789234,-0.404365943111267,0.9048055324001227,-0.4090788379283631,0.2744324511807092,-0.3076375606915634,0.003043148748581378,-0.7394662468772634,0.5440170872249644,0.9841231756854657,0
0.5512255078865883,-1.1099901739376037,-1.179024470547907,-0.07041130197787089,0.2715603651240624,0.9048055324001227,0.8577891279455886,-0.8828162337175963,-0.6298949266784012,0.6910700256137552,0.29255569570563505,0.4448069254967297,0.9841231756854657,0
-0.12657084635623306,0.9009088760241706,0.8491410419312149,-0.008299883861611882,-0.23538436605243465,-1.177851894974348,1.1745061194140765,0.2744324511807092,0.8135495251376443,0.8057411717579506,-0.7394662468772634,-0.17029607721832604,-1.0161329645585022,0
-0.2960199349169384,0.9009088760241706,0.8491410419312149,-0.3903806491564938,-0.7423290972289317,-1.177851894974348,0.06742187573597701,-0.8828162337175963,-0.4721230912473454,0.4617277333253637,-0.7394662468772634,-1.6981325678331418,0.9841231756854657,0
-0.2960199349169384,-1.1099901739376037,-1.179024470547907,-0.3982294604465474,-0.404365943111267,0.9048055324001227,-0.7574675285436998,0.853056793629862,0.7464125738903866,-0.570312581972397,-0.4814607612315388,0.32575473142284794,0.9841231756854657,0
-0.9738162891597597,-1.1099901739376037,0.8491410419312149,1.0273168122507494,-0.7423290972289317,-1.177851894974348,-0.7257958293968509,1.4316811360790147,1.2700807936189982,-1.2583394588375707,-0.7394662468772634,0.16701847265767225,0.9841231756854657,0
0.5512255078865883,-1.1099901739376037,1.5251962127575889,0.04136714130381772,0.4405419421828948,0.9048055324001227,0.6352954414389759,-1.461440576166749,-0.965579682914691,0.23238544103697253,-0.22345527558581418,0.8614896047553159,0.9841231756854657,0
-0.2960199349169384,-1.1099901739376037,-1.179024470547907,0.45691195312510513,-0.404365943111267,0.9048055324001227,0.06599664927436881,-1.461440576166749,-0.6634634023020307,-0.570312581972397,-0.4814607612315388,0.40512286080543575,-1.0161329645585022,0
-0.8043672005990544,0.9009088760241706,0.8491410419312149,-0.6042568087162435,-0.911310674287764,0.9048055324001227,-0.9699846298190552,1.4316811360790147,1.192873299684652,-0.6849837281165926,-0.7394662468772634,-0.4877685947486774,0.9841231756854657,0
-0.2960199349169384,0.9009088760241706,-1.179024470547907,-0.3980083671707712,-0.7423290972289317,0.9048055324001227,-0.5674373336626071,0.2744324511807092,-1.1804179269059165,-0.34097028968400567,-0.7394662468772634,-1.4997122443766724,0.9841231756854657,0
-0.8043672005990544,0.9009088760241706,0.8491410419312149,-0.7518049855431462,-0.911310674287764,0.9048055324001227,-0.4036946490733988,-0.8828162337175963,0.4778647689013546,0.9204123179021463,-0.4814607612315388,-0.6266628211682062,0.9841231756854657,0
-0.2960199349169384,-1.1099901739376037,-1.179024470547907,-0.4556979197715071,-0.404365943111267,0.9048055324001227,0.38271364074285674,1.4316811360790147,-0.9353680548534249,1.1497546101905376,-0.4814607612315388,0.6829113136444932,0.9841231756854657,0
-0.12657084635623306,0.9009088760241706,1.5251962127575889,0.6844958957829766,-0.404365943111267,-1.177851894974348,-0.5674373336626071,0.853056793629862,0.726271488516209,-1.0289971665491795,-0.7394662468772634,-1.0433455004267922,-1.0161329645585022,0
-0.8043672005990544,0.9009088760241706,0.8491410419312149,-0.1638232109932973,-0.911310674287764,0.9048055324001227,-0.5720297300389001,1.4316811360790147,0.051545128481266744,-0.570312581972397,-0.7394662468772634,-1.3409759856114967,0.9841231756854657,0
0.38177641932588297,0.9009088760241706,0.17308587110484092,-0.4916097847082915,0.10257878806523006,0.21058638994196582,-0.7257958293968509,0.2744324511807092,-1.855144286940859,-0.45564143582820127,-0.22345527558581418,1.4369085427790778,-1.0161329645585022,0
0.21232733076517762,0.9009088760241706,-0.502969299721533,-0.11240323199849961,0.7785050963005594,0.9048055324001227,-0.7894559446820171,-1.461440576166749,-1.0260029390372234,-0.9143260204049839,0.29255569570563505,-1.142555662155027,0.9841231756854657,0
-0.8043672005990544,-1.1099901739376037,-0.502969299721533,-0.24106372612338195,-0.911310674287764,0.9048055324001227,-1.042512820865339,0.2744324511807092,0.3066655432208469,-1.0289971665491795,-0.4814607612315388,0.4844909901880236,-1.0161329645585022,0
-0.634918112038349,-1.1099901739376037,1.5251962127575889,-0.06960589075897204,-0.5733475201700994,0.9048055324001227,-1.042512820865339,0.853056793629862,-0.6634634023020307,-1.143668312693375,0.03455021005991044,0.801963507718375,0.9841231756854657,0
0.5512255078865883,0.9009088760241706,1.5251962127575889,0.5554563846139067,0.4405419421828948,0.9048055324001227,2.2830155895537843,0.853056793629862,1.1055952630632166,0.8057411717579506,1.066572152642809,-1.142555662155027,0.9841231756854657,0
0.7206745964472937,0.9009088760241706,0.8491410419312149,4.179017250816711,0.4405419421828948,-1.177851894974348,-0.02015037240505991,1.4316811360790147,0.6557776897065886,-1.2583394588375707,0.29255569570563505,-1.3012919209202027,-1.0161329645585022,0
-0.634918112038349,0.9009088760241706,0.8491410419312149,-0.730264183531812,-0.911310674287764,0.9048055324001227,-0.8841543251310949,0.853056793629862,-0.17000681063468454,-0.2262991435398101,-0.4814607612315388,-0.2893482712922078,0.9841231756854657,0
0.7206745964472937,0.9009088760241706,-0.502969299721533,1.0618073632718301,0.2715603651240624,-1.177851894974348,0.06599664927436881,0.2744324511807092,-0.9521522926652397,-0.7996548742607882,0.5505611813513597,0.2463866020402601,-1.0161329645585022,0
-0.9738162891597597,0.9009088760241706,1.5251962127575889,0.3773973357298943,-0.7423290972289317,0.9048055324001227,-0.549226106653169,-0.8828162337175963,-0.5392600424946031,-0.9143260204049839,-0.4814607612315388,1.1392780575943733,-1.0161329645585022,0
0.890123685007999,0.9009088760241706,1.5251962127575889,0.6168571457723138,1.4544314045358888,-1.177851894974348,-0.5674373336626071,0.853056793629862,0.5752133482098789,-1.0289971665491795,1.582583123934258,1.8932752867289577,0.9841231756854657,0
0.0428782422044723,-1.1099901739376037,-0.502969299721533,-0.7728878086260869,0.10257878806523006,0.9048055324001227,-0.8684768340534048,0.853056793629862,0.19253272610050842,-0.11162799739561437,0.03455021005991044,-0.3488743683291487,0.9841231756854657,0
1.7373691278115257,0.9009088760241706,0.8491410419312149,-0.16830824601618508,1.4544314045358888,0.9048055324001227,0.8577891279455886,-0.8828162337175963,1.8978112877808604,0.9204123179021463,2.6146050665171567,-2.094973214746081,0.9841231756854657,0
-0.46546902347764374,0.9009088760241706,0.8491410419312149,-0.11194525307010614,-0.7423290972289317,-1.177851894974348,0.7008558586729529,-1.461440576166749,0.058258823605992396,0.5763988794695595,-0.7394662468772634,-1.678290535487495,0.9841231756854657,0
-0.12657084635623306,0.9009088760241706,1.5251962127575889,-0.6767122336634586,-0.06640278899360229,0.9048055324001227,-0.7276961313456619,0.2744324511807092,-0.10622670694978965,-0.11162799739561437,0.5505611813513597,-0.8647672093159696,0.9841231756854657,0
-0.634918112038349,-1.1099901739376037,1.5251962127575889,-0.11180312167853575,-0.911310674287764,-1.177851894974348,1.6495816066168083,-0.8828162337175963,-1.1804179269059165,1.4937680486231246,-0.4814607612315388,0.3654387961141419,0.9841231756854657,0
1.2290218621294098,0.9009088760241706,1.5251962127575889,0.36785874011783726,1.7923945586535535,-1.177851894974348,0.0026532509806712224,-0.8828162337175963,-0.9387249024157878,-0.570312581972397,2.098594095225707,1.6551708985811941,-1.0161329645585022,0
-0.12657084635623306,0.9009088760241706,-0.502969299721533,-0.5611278275630518,-0.7423290972289317,0.9048055324001227,-0.09236184645987515,1.4316811360790147,-1.2509117257155373,0.6910700256137552,0.03455021005991044,0.9408577341379036,-1.0161329645585022,0
-0.2960199349169384,-1.1099901739376037,0.8491410419312149,0.08324852468655834,-0.7423290972289317,0.9048055324001227,0.22435514500861276,-1.461440576166749,-1.4321814940831339,-0.11162799739561437,-0.4814607612315388,-1.3211339532658497,0.9841231756854657,0
-0.634918112038349,-1.1099901739376037,-1.179024470547907,-0.3963975447329735,-0.23538436605243465,0.9048055324001227,-0.2823920413409679,0.853056793629862,-0.1263677923239666,0.003043148748581378,-0.4814607612315388,0.801963507718375,0.9841231756854657,0
-0.634918112038349,-1.1099901739376037,-0.502969299721533,-0.10938688802183918,-0.911310674287764,-1.177851894974348,1.1428344202672278,0.2744324511807092,-0.945438597540514,1.035083464046342,-0.7394662468772634,-0.7655570475877348,0.9841231756854657,0
0.0428782422044723,0.9009088760241706,-0.502969299721533,0.7853144295369043,0.10257878806523006,-1.177851894974348,0.2991003549951759,1.4316811360790147,-0.7910236096718204,-0.570312581972397,0.8085666669970842,0.32575473142284794,0.9841231756854657,0
-0.8043672005990544,0.9009088760241706,0.8491410419312149,0.13337352878038142,-0.911310674287764,-1.177851894974348,0.38271364074285674,-0.8828162337175963,1.8004627084723366,0.003043148748581378,-0.7394662468772634,-3.0077067026458413,0.9841231756854657,0
-0.46546902347764374,0.9009088760241706,-1.179024470547907,0.5701906722067034,0.2715603651240624,0.9048055324001227,1.2536853672811985,0.853056793629862,0.23617174441122635,0.1177142948927768,-0.7394662468772634,0.801963507718375,-1.0161329645585022,0
0.0428782422044723,-1.1099901739376037,0.8491410419312149,-0.4918782551145911,-0.23538436605243465,0.9048055324001227,-0.796582076990058,1.4316811360790147,0.19588957366287124,-0.570312581972397,-0.4814607612315388,-0.3488743683291487,-1.0161329645585022,0
0.21232733076517762,-1.1099901739376037,0.8491410419312149,-0.18574303004881917,0.2715603651240624,0.9048055324001227,-0.2507203421941191,-0.8828162337175963,-1.1468494512822878,-0.2262991435398101,-0.4814607612315388,-2.5910240233872552,0.9841231756854657,0
-0.46546902347764374,0.9009088760241706,-0.502969299721533,-0.5643810571923296,-0.23538436605243465,-1.177851894974348,-0.8841543251310949,0.2744324511807092,-1.6067375673260047,-0.570312581972397,-0.7394662468772634,-0.20998014190961997,-1.0161329645585022,0
0.890123685007999,0.9009088760241706,1.5251962127575889,-0.10583360323257951,0.9474866733593919,0.9048055324001227,0.06599664927436881,1.4316811360790147,-1.5765259392647386,0.003043148748581378,0.29255569570563505,0.5638591195706114,0.9841231756854657,0
0.5512255078865883,0.9009088760241706,0.8491410419312149,0.1764393404262086,0.6095235192417271,0.9048055324001227,1.3707122956288047,1.4316811360790147,-0.8145215426083608,0.6910700256137552,0.03455021005991044,-0.8846092416616166,0.9841231756854657,0
0.38177641932588297,0.9009088760241706,-1.179024470547907,0.32575626345932046,0.10257878806523006,-1.177851894974348,-0.9753688186740195,-0.3041918912684436,-1.4724636648314886,-1.2583394588375707,0.29255569570563505,1.337698381050843,0.9841231756854657,0
-0.634918112038349,0.9009088760241706,-0.502969299721533,-0.35517944117756134,-0.911310674287764,0.9048055324001227,0.38271364074285674,-1.461440576166749,-0.13308148744869286,0.8057411717579506,-0.7394662468772634,1.337698381050843,-1.0161329645585022,0
0.7206745964472937,-1.1099901739376037,-0.502969299721533,-0.14634104983013974,0.6095235192417271,-1.177851894974348,-0.5335486155754788,0.853056793629862,-0.1901478960088621,-0.570312581972397,0.29255569570563505,-2.134657279437375,-1.0161329645585022,0
4.787452721904222,0.9009088760241706,0.8491410419312149,2.5359625718861993,5.1720260998302,-1.177851894974348,-1.0648413687638674,-1.461440576166749,0.0716862138554443,-1.487681751125962,3.646627009100055,0.5837011519162584,-1.0161329645585022,0
0.38177641932588297,0.9009088760241706,0.8491410419312149,-0.814405967341481,-0.23538436605243465,0.9048055324001227,-0.5674373336626071,-0.8828162337175963,0.8538316958859994,0.8057411717579506,0.8085666669970842,0.5440170872249644,-1.0161329645585022,0
-0.2960199349169384,-1.1099901739376037,0.8491410419312149,-0.3941708195983708,0.10257878806523006,-1.177851894974348,-0.7257958293968509,1.4316811360790147,-1.3482603050240614,-0.570312581972397,-0.997471732522988,0.7225953783357871,0.9841231756854657,0
0.38177641932588297,0.9009088760241706,0.17308587110484092,-0.11423514771207348,0.2715603651240624,-1.177851894974348,0.0026532509806712224,-0.3041918912684436,-0.811164695045998,-0.11162799739561437,1.066572152642809,1.6353288662355472,-1.0161329645585022,0
-0.634918112038349,-1.1099901739376037,-1.179024470547907,-0.02619264682263946,-0.7423290972289317,0.9048055324001227,-0.7257958293968509,0.853056793629862,-0.5359031949322403,-0.9143260204049839,-0.4814607612315388,-1.3012919209202027,0.9841231756854657,0
0.38177641932588297,-1.1099901739376037,-0.502969299721533,-0.03652086127675423,0.10257878806523006,-1.177851894974348,-0.2507203421941191,0.2744324511807092,-1.328119219649884,-0.45564143582820127,0.03455021005991044,0.40512286080543575,0.9841231756854657,0
-0.9738162891597597,0.9009088760241706,0.8491410419312149,0.09916724054244166,-0.7423290972289317,0.9048055324001227,-1.2575636580724423,-0.8828162337175963,0.7665536592645635,-1.3730106049817663,-0.7394662468772634,-0.3488743683291487,-1.0161329645585022,0
-0.8043672005990544,0.9009088760241706,-0.502969299721533,-0.4877248600053676,-0.911310674287764,-1.177851894974348,-0.3298995900612411,1.4316811360790147,-0.6668202498643935,0.1177142948927768,-0.7394662468772634,-1.5592383414136133,0.9841231756854657,0
-0.2960199349169384,-1.1099901739376037,1.5251962127575889,-0.11278224904268731,-0.5733475201700994,-1.177851894974348,-0.7257958293968509,1.4316811360790147,-0.23378691431957943,-0.7996548742607882,-0.7394662468772634,1.5162766721616654,0.9841231756854657,0
-0.2960199349169384,0.9009088760241706,-0.502969299721533,-0.10949743465972726,-0.404365943111267,-1.177851894974348,-0.7257958293968509,0.853056793629862,-1.2207000976542715,-0.7996548742607882,-0.4814607612315388,-0.8250831446246757,0.9841231756854657,0
0.890123685007999,0.9009088760241706,-0.502969299721533,-0.49819520585105276,0.4405419421828948,0.9048055324001227,-1.359229812333827,1.4316811360790147,-0.7708825242976429,-1.3730106049817663,1.3245776382885335,0.18686050500331922,0.9841231756854657,0
-0.12657084635623306,-1.1099901739376037,-0.502969299721533,0.6293962929841901,-0.5733475201700994,-1.177851894974348,-0.7262709048840538,0.853056793629862,0.15896425047687956,-1.143668312693375,-0.7394662468772634,-1.3211339532658497,0.9841231756854657,0
-0.46546902347764374,-1.1099901739376037,-1.179024470547907,-0.38480594013156644,-0.7423290972289317,-1.177851894974348,-0.5674373336626071,1.4316811360790147,-1.8014347259430528,-0.34097028968400567,-0.22345527558581418,0.10749237562073138,0.9841231756854657,0
-0.8043672005990544,0.9009088760241706,0.8491410419312149,-0.35374233488501633,-0.7423290972289317,0.9048055324001227,-0.8841543251310949,-1.461440576166749,0.3268066285950244,-0.7996548742607882,-0.4814607612315388,-1.3608180179571436,0.9841231756854657,0
-0.2960199349169384,-1.1099901739376037,-1.179024470547907,-0.16582884285212388,-0.06640278899360229,0.9048055324001227,-0.013182598592753173,0.853056793629862,-1.4791773599562146,0.003043148748581378,-0.4814607612315388,-2.3132355705481977,0.9841231756854657,0
0.0428782422044723,-1.1099901739376037,0.8491410419312149,-0.27907597718003985,0.2715603651240624,-1.177851894974348,-0.18563500044734485,-0.8828162337175963,-0.08944246913797492,0.003043148748581378,0.03455021005991044,-0.6266628211682062,0.9841231756854657,0
0.5512255078865883,-1.1099901739376037,1.5251962127575889,0.03871402199450383,-0.06640278899360229,-1.177851894974348,-0.5674373336626071,-0.8828162337175963,-1.1804179269059165,-0.7996548742607882,0.8085666669970842,0.26622863438590705,0.9841231756854657,0
-0.634918112038349,-1.1099901739376037,0.8491410419312149,0.08062699013092677,-0.7423290972289317,0.9048055324001227,-0.62127922221225,0.2744324511807092,-0.37813135950118393,-0.7996548742607882,-0.4814607612315388,-2.3132355705481977,0.9841231756854657,0
-0.8043672005990544,0.9009088760241706,0.8491410419312149,-0.10739704853985377,-0.7423290972289317,-1.177851894974348,-0.8904886649604647,-0.3041918912684436,-0.33113549362810374,-1.0289971665491795,-0.4814607612315388,-0.190138109563973,0.9841231756854657,0
-0.2960199349169384,-1.1099901739376037,-0.502969299721533,-0.013527160596033884,-0.404365943111267,-1.177851894974348,-0.7257958293968509,0.853056793629862,-1.173704231781191,-0.9143260204049839,-0.997471732522988,0.7622794430270811,-1.0161329645585022,0
-0.8043672005990544,-1.1099901739376037,-0.502969299721533,-0.25377658948051096,-0.911310674287764,0.9048055324001227,0.06599664927436881,1.4316811360790147,-0.24050060944430565,0.23238544103697253,-0.997471732522988,-1.0036614357354983,-1.0161329645585022,0
-0.8043672005990544,0.9009088760241706,-1.179024470547907,-0.2949157311517174,-0.911310674287764,0.9048055324001227,0.06599664927436881,0.2744324511807092,-0.18679104844649927,0.23238544103697253,-0.7394662468772634,-0.8449251769703227,0.9841231756854657,0
-0.2960199349169384,0.9009088760241706,-1.179024470547907,-0.09057816720402466,-0.5733475201700994,-1.177851894974348,-1.2008713165995828,0.853056793629862,-0.8413763231072641,-1.2583394588375707,-0.4814607612315388,-0.44808453005738347,0.9841231756854657,0
0.21232733076517762,0.9009088760241706,-0.502969299721533,0.23337085893856907,-0.5733475201700994,0.9048055324001227,1.6495816066168083,-0.3041918912684436,0.07839990898016995,0.8057411717579506,-0.22345527558581418,0.8813316371009629,0.9841231756854657,0
-0.9738162891597597,-1.1099901739376037,-1.179024470547907,-0.4742223778061809,-0.911310674287764,0.9048055324001227,-0.21049728427762116,0.2744324511807092,-1.1904884695930054,0.3470565871811683,-0.7394662468772634,0.4448069254967297,0.9841231756854657,0
1.0595727735687044,0.9009088760241706,-0.502969299721533,0.416309752266498,0.10257878806523006,0.21058638994196582,-0.9003068916959879,0.2744324511807092,-1.4019698660218678,-1.143668312693375,1.066572152642809,-1.8568688265983175,0.9841231756854657,0
-0.8043672005990544,0.9009088760241706,-1.179024470547907,0.0977459266267378,-0.911310674287764,-1.177851894974348,-0.5674373336626071,0.2744324511807092,0.44765314084008856,-0.7996548742607882,-0.4814607612315388,-1.0036614357354983,0.9841231756854657,0
-0.8043672005990544,-1.1099901739376037,1.5251962127575889,-0.2714482591657624,-0.7423290972289317,-1.177851894974348,1.0161476236798326,1.4316811360790147,-0.03237606057780569,1.379096902478929,-0.7394662468772634,0.6432272489531993,0.9841231756854657,0
-0.8043672005990544,0.9009088760241706,-1.179024470547907,-0.406488873534471,-0.911310674287764,-1.177851894974348,-0.7257958293968509,-0.8828162337175963,0.8269769153870962,-0.570312581972397,-0.7394662468772634,1.238488219322608,0.9841231756854657,0
-0.634918112038349,-1.1099901739376037,-1.179024470547907,3.275187939443781,-0.911310674287764,-1.177851894974348,2.56457699496927,1.4316811360790147,0.4308689030282738,-0.570312581972397,-0.7394662468772634,-0.17029607721832604,0.9841231756854657,0
0.38177641932588297,-1.1099901739376037,-0.502969299721533,0.01080889211618456,0.6095235192417271,-1.177851894974348,-1.0719675010719083,-1.461440576166749,0.7229146409538463,-1.2583394588375707,0.29255569570563505,-2.3727616675851384,0.9841231756854657,0
-0.634918112038349,0.9009088760241706,1.5251962127575889,-0.011758414389824626,-0.404365943111267,0.9048055324001227,-0.2507203421941191,0.853056793629862,0.3301634761573873,-0.45564143582820127,-0.7394662468772634,1.298014316359549,-1.0161329645585022,0
-0.2960199349169384,-1.1099901739376037,0.8491410419312149,0.6470995474231238,-0.06640278899360229,0.9048055324001227,1.6495816066168083,1.4316811360790147,0.138823165102702,0.3470565871811683,-0.22345527558581418,-0.9242933063529105,0.9841231756854657,0
-0.2960199349169384,0.9009088760241706,0.8491410419312149,-0.3600908703751603,-0.23538436605243465,0.9048055324001227,0.6994306322113446,0.2744324511807092,-0.24721430456903132,1.2644257563347332,-0.22345527558581418,0.26622863438590705,0.9841231756854657,0
0.0428782422044723,0.9009088760241706,-0.502969299721533,-0.8689054598203038,0.6095235192417271,0.9048055324001227,-0.8841543251310949,-0.8828162337175963,0.10189784191671032,0.23238544103697253,0.5505611813513597,0.14717644031202531,-1.0161329645585022,0
0.7206745964472937,0.9009088760241706,-0.502969299721533,1.0300173086905868,-0.23538436605243465,-1.177851894974348,-0.5674373336626071,0.853056793629862,0.27981076272194366,-1.143668312693375,0.5505611813513597,1.258330251668255,-1.0161329645585022,0
0.7206745964472937,-1.1099901739376037,-0.502969299721533,-0.6781493399560036,0.10257878806523006,0.9048055324001227,-0.9870873473583536,0.853056793629862,0.273097067597218,-0.570312581972397,0.8085666669970842,1.278172284013902,-1.0161329645585022,0
-0.634918112038349,-1.1099901739376037,0.8491410419312149,0.3324364388631286,-0.911310674287764,-1.177851894974348,0.06599664927436881,-0.8828162337175963,0.24624228709831483,-0.45564143582820127,-0.7394662468772634,-1.8568688265983175,-1.0161329645585022,0
1.0595727735687044,-1.1099901739376037,1.5251962127575889,-0.8085943726639363,1.4544314045358888,0.9048055324001227,-0.49506750111205755,0.2744324511807092,0.3939435798422821,0.9204123179021463,1.582583123934258,0.305912699077201,0.9841231756854657,0
-0.634918112038349,0.9009088760241706,0.8491410419312149,0.4599914666091302,-0.404365943111267,-1.177851894974348,1.6495816066168083,-0.8828162337175963,-1.365044542835876,0.4617277333253637,-0.7394662468772634,-0.4282424977117365,0.9841231756854657,0
-0.8043672005990544,-1.1099901739376037,-1.179024470547907,-0.10799715885981762,-0.911310674287764,-1.177851894974348,1.6495816066168083,-0.8828162337175963,-1.1233515183457474,1.4937680486231246,-0.4814607612315388,-0.5472946917856183,-1.0161329645585022,0
0.0428782422044723,0.9009088760241706,-1.179024470547907,-0.6752909197477547,-0.06640278899360229,-1.177851894974348,0.1451758971414908,1.4316811360790147,-0.6936750303632967,1.6084391947673204,0.5505611813513597,0.16701847265767225,0.9841231756854657,0
0.0428782422044723,-1.1099901739376037,0.8491410419312149,-0.7949497590731791,-0.404365943111267,0.9048055324001227,-1.3402267928457177,0.2744324511807092,1.511773818109127,-1.143668312693375,0.03455021005991044,-0.6068207888225592,0.9841231756854657,0
-0.2960199349169384,-1.1099901739376037,0.8491410419312149,-0.6774386829981516,-0.404365943111267,0.9048055324001227,-0.8524826259842462,1.4316811360790147,0.4107278176540969,-0.34097028968400567,-0.22345527558581418,0.5241750548793175,0.9841231756854657,0
0.890123685007999,-1.1099901739376037,-0.502969299721533,0.2693932705132415,0.4405419421828948,-1.177851894974348,1.6495816066168083,-0.8828162337175963,0.6893461653302174,0.8057411717579506,0.5505611813513597,1.1988041546313142,0.9841231756854657,0
-0.8043672005990544,-1.1099901739376037,-1.179024470547907,-0.786121820418974,-0.911310674287764,0.21058638994196582,-0.4090788379283631,0.853056793629862,0.501362701837895,1.035083464046342,-0.7394662468772634,-1.2616078562289088,-1.0161329645585022,0
-0.8043672005990544,0.9009088760241706,-0.502969299721533,-0.7741354063965381,-0.404365943111267,0.9048055324001227,-0.7257958293968509,-0.8828162337175963,-0.005521280078902488,0.23238544103697253,-0.4814607612315388,0.4448069254967297,-1.0161329645585022,0
0.7206745964472937,0.9009088760241706,1.5251962127575889,0.6067184398402928,0.6095235192417271,-1.177851894974348,-0.7257958293968509,0.2744324511807092,-0.9890776158512313,-1.143668312693375,0.03455021005991044,-0.26950623894656084,0.9841231756854657,0
-0.8043672005990544,-1.1099901739376037,-1.179024470547907,0.6475101492209938,-0.911310674287764,-1.177851894974348,-0.2070133973714678,0.2744324511807092,0.27645391515958084,-0.7996548742607882,-0.7394662468772634,-0.7655570475877348,0.9841231756854657,0
-0.2960199349169384,-1.1099901739376037,-0.502969299721533,-0.6066098728655756,-0.23538436605243465,0.9048055324001227,-1.2800505644667048,-0.8828162337175963,1.8776702024066834,-1.143668312693375,-0.4814607612315388,1.1194360252487263,0.9841231756854657,0
0.0428782422044723,-1.1099901739376037,1.5251962127575889,-0.7702662740704553,0.4405419421828948,0.9048055324001227,-0.9498731008608062,0.2744324511807092,0.6188523665205963,-0.2262991435398101,0.8085666669970842,1.0599099282117854,-1.0161329645585022,0
-0.46546902347764374,-1.1099901739376037,-1.179024470547907,-0.21347444378188576,-0.7423290972289317,0.9048055324001227,-0.527847709729046,-0.8828162337175963,-1.036073481724312,-0.570312581972397,-0.4814607612315388,0.18686050500331922,0.9841231756854657,0
-0.634918112038349,0.9009088760241706,1.5251962127575889,0.8399876381609798,-0.911310674287764,0.9048055324001227,0.38271364074285674,0.853056793629862,-1.0427871768490378,-0.570312581972397,-0.7394662468772634,0.3654387961141419,-1.0161329645585022,0
0.5512255078865883,0.9009088760241706,-1.179024470547907,-0.8573296475957378,0.10257878806523006,0.9048055324001227,-1.359229812333827,0.2744324511807092,-1.4254677989584081,-1.143668312693375,0.03455021005991044,0.5837011519162584,-1.0161329645585022,0
-0.634918112038349,0.9009088760241706,-0.502969299721533,-0.24278509519906774,-0.404365943111267,0.9048055324001227,-0.09283692194707789,1.4316811360790147,0.31673608590793534,0.003043148748581378,-0.7394662468772634,-0.8052411122790287,0.9841231756854657,0
0.0428782422044723,-1.1099901739376037,-1.179024470547907,0.654395625523737,-0.911310674287764,-1.177851894974348,0.24905907034315483,-1.461440576166749,0.5114332445249834,-0.570312581972397,-0.7394662468772634,0.12733440796637835,0.9841231756854657,0
0.0428782422044723,-1.1099901739376037,0.8491410419312149,-0.43756827115786223,-0.5733475201700994,-1.177851894974348,0.8577891279455886,0.2744324511807092,0.0716862138554443,1.7231103409115156,-0.7394662468772634,-1.202081759191968,-1.0161329645585022,0
0.0428782422044723,0.9009088760241706,-0.502969299721533,-0.1095132270365684,0.2715603651240624,-1.177851894974348,-1.042512820865339,1.4316811360790147,0.4711510737766289,-1.143668312693375,0.29255569570563505,0.26622863438590705,-1.0161329645585022,0
-0.634918112038349,0.9009088760241706,-0.502969299721533,-0.22321834029287782,-0.7423290972289317,-1.177851894974348,-0.17122437733552864,0.2744324511807092,-0.06258768863907171,-0.11162799739561437,-0.4814607612315388,-0.11076998018138517,0.9841231756854657,0
0.21232733076517762,0.9009088760241706,0.8491410419312149,-0.2570298191097887,-0.7423290972289317,-1.177851894974348,-0.7257958293968509,0.853056793629862,-1.8450737442537704,-0.6849837281165926,0.29255569570563505,0.4249648931510827,-1.0161329645585022,0
-0.2960199349169384,0.9009088760241706,0.8491410419312149,-0.21863855100894314,0.10257878806523006,-1.177851894974348,0.06599664927436881,-0.8828162337175963,0.024690347982363543,0.1177142948927768,0.03455021005991044,-1.5592383414136133,0.9841231756854657,0
0.21232733076517762,-1.1099901739376037,-0.502969299721533,-0.8303088908205232,0.4405419421828948,0.21058638994196582,-0.20954713330321567,-0.8828162337175963,-1.8752853723150364,1.8377814870557112,0.29255569570563505,-0.03140185079879733,-1.0161329645585022,0
-0.12657084635623306,0.9009088760241706,-0.502969299721533,0.8381873072010882,0.10257878806523006,-1.177851894974348,-0.7257958293968509,-0.8828162337175963,0.4409394457153629,-1.143668312693375,-0.7394662468772634,-0.7060309505507939,0.9841231756854657,0
0.0428782422044723,0.9009088760241706,0.8491410419312149,-0.316093308495705,-0.23538436605243465,-1.177851894974348,-0.17154109432699713,0.853056793629862,-0.1263677923239666,0.003043148748581378,0.29255569570563505,0.305912699077201,0.9841231756854657,0
0.38177641932588297,0.9009088760241706,-1.179024470547907,-0.8182119301601991,0.2715603651240624,0.9048055324001227,-0.7257958293968509,0.853056793629862,-1.072998804910304,0.4617277333253637,1.066572152642809,1.278172284013902,0.9841231756854657,0
-0.12657084635623306,-1.1099901739376037,-0.502969299721533,-0.5645073962070587,0.10257878806523006,-1.177851894974348,-1.2008713165995828,-0.8828162337175963,0.5919975860216931,-1.0289971665491795,0.29255569570563505,-0.11076998018138517,0.9841231756854657,0
-0.8043672005990544,0.9009088760241706,-0.502969299721533,-0.6832344852988551,-0.911310674287764,0.9048055324001227,-0.9474977234247925,1.4316811360790147,-1.519459530704569,-0.45564143582820127,-0.7394662468772634,-1.4203441149940845,0.9841231756854657,0
-0.634918112038349,-1.1099901739376037,1.5251962127575889,-0.6992953325463088,-0.7423290972289317,-1.177851894974348,-0.1583973391810549,0.2744324511807092,0.14553686022742765,1.1497546101905376,-0.997471732522988,1.4369085427790778,-1.0161329645585022,0
1.0595727735687044,0.9009088760241706,1.5251962127575889,-0.48789857615062027,1.1164682504182242,0.9048055324001227,-0.8841543251310949,0.853056793629862,-0.8480900182319897,-0.6849837281165926,1.3245776382885335,1.238488219322608,-1.0161329645585022,0
-0.2960199349169384,-1.1099901739376037,-1.179024470547907,0.026917116494161727,-0.911310674287764,0.9048055324001227,0.38271364074285674,-0.3041918912684436,0.42079836034118534,0.1177142948927768,-0.22345527558581418,-0.5076106270943244,0.9841231756854657,0
-0.2960199349169384,0.9009088760241706,0.8491410419312149,0.5555511388749536,0.10257878806523006,-1.177851894974348,1.3328646151483206,1.4316811360790147,0.22274435416177443,0.23238544103697253,-0.4814607612315388,0.7424374106814341,0.9841231756854657,0
-0.2960199349169384,0.9009088760241706,0.8491410419312149,2.3951577399704695,-0.5733475201700994,0.9048055324001227,1.9366855593829928,1.4316811360790147,0.01797665285763789,-0.570312581972397,-0.4814607612315388,-0.9044512740072636,0.9841231756854657,0
-0.12657084635623306,-1.1099901739376037,1.5251962127575889,0.3683640961767542,-0.06640278899360229,0.9048055324001227,0.38271364074285674,0.853056793629862,0.3133792383455725,-0.2262991435398101,-0.22345527558581418,0.38528082845978884,-1.0161329645585022,0
-0.12657084635623306,0.9009088760241706,-0.502969299721533,0.2287910696546344,-0.06640278899360229,0.9048055324001227,-0.5674373336626071,1.4316811360790147,0.2697402200348552,-0.9143260204049839,-0.22345527558581418,-1.7378166325244357,0.9841231756854657,0
-0.12657084635623306,-1.1099901739376037,-1.179024470547907,2.5486280581128047,-0.5733475201700994,-1.177851894974348,-0.5674373336626071,0.2744324511807092,-0.25392799969375696,-1.3730106049817663,0.03455021005991044,-1.3409759856114967,-1.0161329645585022,0
-0.8043672005990544,0.9009088760241706,0.8491410419312149,-0.6404055593056452,-0.911310674287764,-1.177851894974348,-1.327558113186978,-0.8828162337175963,-1.0125755487877717,-1.2583394588375707,-0.997471732522988,0.008282213892496587,0.9841231756854657,0
-0.46546902347764374,0.9009088760241706,0.8491410419312149,1.2196521697991651,-0.404365943111267,-1.177851894974348,2.4413740852880284,-0.3041918912684436,-0.18679104844649927,0.23238544103697253,-0.4814607612315388,1.0995939929030794,0.9841231756854657,0
-0.634918112038349,-1.1099901739376037,1.5251962127575889,-0.48704578780119795,-0.911310674287764,-1.177851894974348,-0.7257958293968509,0.2744324511807092,-0.5694716705558691,-0.45564143582820127,-0.4814607612315388,0.14717644031202531,-1.0161329645585022,0
-0.634918112038349,-1.1099901739376037,0.8491410419312149,-0.706686164907969,-0.911310674287764,0.9048055324001227,-1.269757262243979,0.2744324511807092,-0.8984427316674333,-1.143668312693375,-0.4814607612315388,0.7424374106814341,0.9841231756854657,0
1.0595727735687044,-1.1099901739376037,0.17308587110484092,0.39407408567415303,0.6095235192417271,-1.177851894974348,-0.2507203421941191,0.2744324511807092,0.7799810495140155,-0.6849837281165926,0.8085666669970842,1.337698381050843,-1.0161329645585022,0
-0.46546902347764374,-1.1099901739376037,1.5251962127575889,1.0245373539267064,-0.23538436605243465,-1.177851894974348,0.5410721364771007,-0.8828162337175963,0.09518414679198407,-0.570312581972397,-0.7394662468772634,-0.30919030363785477,0.9841231756854657,0
-0.634918112038349,0.9009088760241706,-0.502969299721533,-0.8685896122834806,-0.7423290972289317,0.9048055324001227,-1.1921615993341994,-0.8828162337175963,-0.07601507888852362,-0.6849837281165926,-0.22345527558581418,0.46464895784237664,0.9841231756854657,0
-0.46546902347764374,-1.1099901739376037,-1.179024470547907,-0.6769175345623936,-0.23538436605243465,0.9048055324001227,-0.2507203421941191,0.2744324511807092,0.6389934518947737,0.9204123179021463,-0.4814607612315388,1.317856348705196,-1.0161329645585022,0
-0.634918112038349,0.9009088760241706,0.8491410419312149,0.19212117062947462,-0.911310674287764,-1.177851894974348,1.6495816066168083,-0.8828162337175963,-0.6366086218031275,0.9204123179021463,-0.7394662468772634,-1.7179746001787888,0.9841231756854657,0
-0.634918112038349,-1.1099901739376037,-1.179024470547907,0.8357710735443916,-0.7423290972289317,-1.177851894974348,-0.27938322992201725,-0.8828162337175963,0.001192415045823164,-0.9143260204049839,-0.4814607612315388,0.0479662785837905,0.9841231756854657,0
0.0428782422044723,-1.1099901739376037,-0.502969299721533,3.0168720314530235,-0.5733475201700994,-1.177851894974348,2.4413740852880284,1.4316811360790147,1.4412800192995066,-0.570312581972397,0.03455021005991044,0.46464895784237664,0.9841231756854657,0
1.7373691278115257,-1.1099901739376037,-0.502969299721533,0.2882493684615795,1.7923945586535535,-1.177851894974348,0.06599664927436881,0.853056793629862,1.0955247203761276,-0.45564143582820127,2.356599580871432,-1.9163949236352584,0.9841231756854657,0
-0.9738162891597597,0.9009088760241706,-1.179024470547907,-0.5452880735913742,-0.911310674287764,0.9048055324001227,-0.7257958293968509,-0.8828162337175963,-0.5694716705558691,-0.34097028968400567,-0.7394662468772634,0.0479662785837905,0.9841231756854657,0
1.398470950690115,-1.1099901739376037,-1.179024470547907,3.491875142081256,1.7923945586535535,-1.177851894974348,1.6495816066168083,-0.8828162337175963,-1.0495008719737637,-0.7996548742607882,2.872610552162881,-0.7853990799333818,0.9841231756854657,0
-0.8043672005990544,0.9009088760241706,1.5251962127575889,-0.6439746364717461,-0.911310674287764,0.9048055324001227,-0.4923754066845754,1.4316811360790147,-0.7843099145470948,0.3470565871811683,-0.7394662468772634,0.12733440796637835,-1.0161329645585022,0
-0.2960199349169384,0.9009088760241706,-0.502969299721533,-0.015785470484318918,-0.404365943111267,-1.177851894974348,-0.7257958293968509,0.853056793629862,-1.2811233537768034,-0.9143260204049839,-0.22345527558581418,-0.011559818453150373,0.9841231756854657,0
0.890123685007999,-1.1099901739376037,1.5251962127575889,-0.24223236200962733,1.1164682504182242,-1.177851894974348,-1.121692068732461,-0.3041918912684436,-0.34120603631519225,-1.143668312693375,0.29255569570563505,1.8337491896920168,-1.0161329645585022,0
-0.8043672005990544,0.9009088760241706,-1.179024470547907,-0.012500656101358868,-0.911310674287764,-1.177851894974348,-0.7257958293968509,-0.8828162337175963,0.5282174823367981,-0.9143260204049839,-0.7394662468772634,0.9210157017922567,-1.0161329645585022,0
-0.2960199349169384,-1.1099901739376037,0.8491410419312149,-0.44418527705430577,-0.911310674287764,0.9048055324001227,-0.7259541878925853,-1.461440576166749,-0.002164432516539662,-0.45564143582820127,-0.7394662468772634,-0.32903233598350173,0.9841231756854657,0
-0.2960199349169384,-1.1099901739376037,-0.502969299721533,-0.20325677596565905,-0.06640278899360229,0.9048055324001227,-0.804975077263973,1.4316811360790147,-0.3009238655668377,-0.7996548742607882,-0.22345527558581418,-0.11076998018138517,0.9841231756854657,0
1.0595727735687044,-1.1099901739376037,-0.502969299721533,-0.7196990834250799,0.9474866733593919,0.9048055324001227,-0.4090788379283631,-1.461440576166749,0.3905867322799193,0.6910700256137552,1.8405886095799828,1.258330251668255,-1.0161329645585022,0
-0.634918112038349,-1.1099901739376037,0.8491410419312149,-0.072164255807239,-0.911310674287764,0.9048055324001227,0.06599664927436881,-0.8828162337175963,0.8336906105118219,-0.11162799739561437,-0.4814607612315388,1.2186461869769611,-1.0161329645585022,0
2.5846145706150523,0.9009088760241706,0.8491410419312149,-0.33657602125868186,2.2993392898300504,0.9048055324001227,-0.5674373336626071,0.2744324511807092,-0.005521280078902488,-0.45564143582820127,1.8405886095799828,-1.3409759856114967,0.9841231756854657,0
1.398470950690115,-1.1099901739376037,0.8491410419312149,-0.7335332055379309,0.9474866733593919,0.21058638994196582,-0.804975077263973,1.4316811360790147,-1.1233515183457474,-0.11162799739561437,1.8405886095799828,0.782121475372728,-1.0161329645585022,0
-0.12657084635623306,-1.1099901739376037,-0.502969299721533,0.12190826319370354,0.10257878806523006,0.9048055324001227,0.8577891279455886,-1.461440576166749,-1.3986130184595051,0.3470565871811683,-0.4814607612315388,0.4249648931510827,0.9841231756854657,0
-0.46546902347764374,-1.1099901739376037,0.8491410419312149,-0.5239999496094985,-0.7423290972289317,0.9048055324001227,0.011996402228991617,-1.461440576166749,-0.17000681063468454,0.8057411717579506,-0.7394662468772634,1.278172284013902,-1.0161329645585022,0
-0.8043672005990544,0.9009088760241706,-1.179024470547907,-0.3021486397449659,-0.5733475201700994,-1.177851894974348,-0.2507203421941191,0.853056793629862,0.01797665285763789,-0.11162799739561437,-0.7394662468772634,-1.0631875327724392,0.9841231756854657,0
-1.143265377720465,-1.1099901739376037,1.5251962127575889,-0.5466778027533958,-0.911310674287764,0.21058638994196582,-0.38453327108955526,-0.8828162337175963,0.12203892729088728,0.23238544103697253,-0.7394662468772634,0.286070666731554,-1.0161329645585022,0
0.890123685007999,-1.1099901739376037,-0.502969299721533,-0.20249874187728367,0.6095235192417271,-1.177851894974348,-0.4090788379283631,-0.8828162337175963,-1.1166378232210217,-0.45564143582820127,0.8085666669970842,-1.4401861473397315,0.9841231756854657,0
-0.634918112038349,-1.1099901739376037,0.8491410419312149,-0.3949288536867462,-0.23538436605243465,0.21058638994196582,0.1451758971414908,1.4316811360790147,-0.2673553899432083,0.5763988794695595,-0.997471732522988,0.6035431842619053,0.9841231756854657,0
-0.8043672005990544,-1.1099901739376037,-0.502969299721533,-0.4879617456579849,-0.911310674287764,0.9048055324001227,0.36909481010971174,0.853056793629862,0.30330869565848406,1.1497546101905376,-0.4814607612315388,-0.38855843302044263,0.9841231756854657,0
-0.46546902347764374,0.9009088760241706,-0.502969299721533,0.6255587454117896,-0.06640278899360229,0.9048055324001227,0.41929445325746706,-1.461440576166749,-0.2606416948184826,-0.45564143582820127,-0.7394662468772634,0.782121475372728,-1.0161329645585022,0
-0.46546902347764374,-1.1099901739376037,0.8491410419312149,-0.37656231942048396,-0.911310674287764,0.9048055324001227,-0.09236184645987515,0.853056793629862,-0.9689365304770544,0.23238544103697253,-0.7394662468772634,-0.6068207888225592,0.9841231756854657,0
-0.8043672005990544,-1.1099901739376037,1.5251962127575889,0.5569250756601339,-0.911310674287764,-1.177851894974348,-0.7295964332944729,-0.8828162337175963,-1.616808110013093,-1.143668312693375,-0.4814607612315388,-0.6266628211682062,0.9841231756854657,0
-0.46546902347764374,0.9009088760241706,0.8491410419312149,-0.11047656202387882,-0.404365943111267,-1.177851894974348,-1.1988126561550376,0.853056793629862,1.1458774338115711,-1.2583394588375707,-0.4814607612315388,-2.2933935382025505,0.9841231756854657,0
0.38177641932588297,0.9009088760241706,0.8491410419312149,1.2683558599772844,-0.7423290972289317,0.9048055324001227,1.7050070801237938,-1.461440576166749,-0.3613471216893698,-0.11162799739561437,-0.22345527558581418,-0.4877685947486774,-1.0161329645585022,0
-0.8043672005990544,-1.1099901739376037,0.8491410419312149,1.227737866741836,-0.911310674287764,-1.177851894974348,3.2331665639592484,-0.8828162337175963,-0.7977373047965461,0.5763988794695595,-0.4814607612315388,0.6829113136444932,-1.0161329645585022,0
0.21232733076517762,-1.1099901739376037,0.17308587110484092,0.4551747916725782,-0.404365943111267,0.9048055324001227,-0.3774071387815143,0.853056793629862,-1.2979075915886182,-0.7996548742607882,0.03455021005991044,1.1591200899400202,0.9841231756854657,0
0.38177641932588297,0.9009088760241706,0.8491410419312149,-0.39139136127432766,-0.5733475201700994,-1.177851894974348,-0.054830882970859335,0.2744324511807092,-0.5291894998075146,0.3470565871811683,0.03455021005991044,0.20670253734896618,0.9841231756854657,0
1.2290218621294098,-1.1099901739376037,-0.502969299721533,-0.8476962977226338,0.7785050963005594,0.9048055324001227,-1.2825843003984527,0.2744324511807092,0.02804719554472637,-0.9143260204049839,1.3245776382885335,-0.07108591549009124,-1.0161329645585022,0
-0.8043672005990544,-1.1099901739376037,0.8491410419312149,0.058154437885964506,-0.5733475201700994,-1.177851894974348,0.8577891279455886,-0.8828162337175963,-0.09279931670033775,0.4617277333253637,-0.7394662468772634,0.5638591195706114,0.9841231756854657,0
0.38177641932588297,-1.1099901739376037,-0.502969299721533,-0.01783847947366895,0.6095235192417271,-1.177851894974348,0.38271364074285674,1.4316811360790147,-0.6332517742407646,0.1177142948927768,-0.22345527558581418,0.8614896047553159,0.9841231756854657,0
-0.2960199349169384,0.9009088760241706,0.8491410419312149,-0.44661730308784353,0.2715603651240624,-1.177851894974348,0.38271364074285674,-0.3041918912684436,-0.448625158310805,1.035083464046342,-0.22345527558581418,-0.2893482712922078,0.9841231756854657,0
-0.9738162891597597,0.9009088760241706,0.8491410419312149,-0.6175855747701776,-0.911310674287764,0.9048055324001227,-0.7257958293968509,-0.8828162337175963,-0.22707321919485376,-0.2262991435398101,-0.4814607612315388,0.3455967637684949,0.9841231756854657,0
-0.634918112038349,0.9009088760241706,0.8491410419312149,-0.8649415732331741,-0.911310674287764,0.9048055324001227,-1.042512820865339,1.4316811360790147,-0.6936750303632967,-0.2262991435398101,-0.7394662468772634,0.46464895784237664,0.9841231756854657,0
1.7373691278115257,0.9009088760241706,-1.179024470547907,-0.6042410163394024,1.4544314045358888,0.9048055324001227,-0.5872321456293875,1.4316811360790147,0.4308689030282738,0.003043148748581378,2.6146050665171567,0.801963507718375,-1.0161329645585022,0
-0.2960199349169384,-1.1099901739376037,-1.179024470547907,-0.39304956084264886,-0.06640278899360229,0.9048055324001227,-1.089228577106941,0.853056793629862,0.001192415045823164,-1.0289971665491795,-0.22345527558581418,-1.4997122443766724,-1.0161329645585022,0
1.7373691278115257,0.9009088760241706,1.5251962127575889,0.747870704046528,1.2854498274770565,-1.177851894974348,0.8577891279455886,-0.3041918912684436,-0.9051564267921589,-0.2262991435398101,2.098594095225707,1.6154868338899002,-1.0161329645585022,0
-0.634918112038349,-1.1099901739376037,-1.179024470547907,-0.4506127744286555,-0.911310674287764,0.9048055324001227,-0.9622250635280772,0.853056793629862,0.08175675654253277,-0.7996548742607882,-0.4814607612315388,-0.3488743683291487,0.9841231756854657,0
0.5512255078865883,0.9009088760241706,0.8491410419312149,0.9314570848249443,-0.06640278899360229,0.9048055324001227,-0.3609378552251529,-0.3041918912684436,-0.2438574570066685,-1.0289971665491795,0.8085666669970842,-1.0235034680811452,0.9841231756854657,0
0.5512255078865883,0.9009088760241706,-1.179024470547907,1.0303015714737276,0.4405419421828948,-1.177851894974348,0.8577891279455886,-1.461440576166749,0.4040141225293712,-0.45564143582820127,0.29255569570563505,0.14717644031202531,0.9841231756854657,0
-0.12657084635623306,-1.1099901739376037,-1.179024470547907,-0.2990375415072586,0.10257878806523006,0.9048055324001227,-0.8524826259842462,0.2744324511807092,0.4040141225293712,-0.7996548742607882,-0.22345527558581418,0.18686050500331922,-1.0161329645585022,0
-0.12657084635623306,0.9009088760241706,-0.502969299721533,0.9527452088068199,0.2715603651240624,-1.177851894974348,1.3328646151483206,0.853056793629862,-0.8010941523589095,-0.11162799739561437,0.8085666669970842,-3.503757511287015,0.9841231756854657,0
-0.634918112038349,0.9009088760241706,-1.179024470547907,1.7830610059841783,-0.911310674287764,-1.177851894974348,0.38271364074285674,-1.461440576166749,-0.5258326522451519,-0.9143260204049839,-0.4814607612315388,0.5440170872249644,0.9841231756854657,0
-0.2960199349169384,-1.1099901739376037,0.8491410419312149,-0.5260687509756897,-0.23538436605243465,0.9048055324001227,-0.278591437443346,0.2744324511807092,0.43758259815300005,0.3470565871811683,-0.4814607612315388,-0.40840046536608954,-1.0161329645585022,0
-0.634918112038349,0.9009088760241706,0.8491410419312149,-0.317735715687185,-0.911310674287764,0.9048055324001227,-0.5649035977308592,1.4316811360790147,-1.0092187012254088,-0.45564143582820127,-0.4814607612315388,0.4844909901880236,-1.0161329645585022,0
0.890123685007999,-1.1099901739376037,0.17308587110484092,0.013841028469686146,1.4544314045358888,-1.177851894974348,0.06599664927436881,0.2744324511807092,-0.0726582313261608,-0.2262991435398101,0.29255569570563505,1.0003838311748445,-1.0161329645585022,0
-0.2960199349169384,-1.1099901739376037,0.8491410419312149,-0.04654902057088708,-0.5733475201700994,0.9048055324001227,-1.2800505644667048,1.4316811360790147,-1.1804179269059165,-1.3730106049817663,-0.7394662468772634,0.5837011519162584,0.9841231756854657,0
0.38177641932588297,-1.1099901739376037,-0.502969299721533,-0.23577327988159533,0.9474866733593919,0.9048055324001227,-0.8841543251310949,-0.8828162337175963,-1.4623931221444,-0.9143260204049839,0.5505611813513597,0.5440170872249644,-1.0161329645585022,0
1.5679200392508204,0.9009088760241706,0.8491410419312149,0.27169895753205003,1.7923945586535535,-1.177851894974348,-0.5674373336626071,1.4316811360790147,0.06497251873071805,-0.9143260204049839,2.098594095225707,-1.8767108589439645,0.9841231756854657,0
0.0428782422044723,0.9009088760241706,-0.502969299721533,0.7450754533456437,0.10257878806523006,-1.177851894974348,-0.6462998645382605,0.853056793629862,1.4144252388006033,-1.143668312693375,0.29255569570563505,0.782121475372728,-1.0161329645585022,0
-0.12657084635623306,0.9009088760241706,-0.502969299721533,-0.20103005083105632,-0.5733475201700994,0.9048055324001227,-0.17154109432699713,-0.3041918912684436,-0.11629724963687813,-0.11162799739561437,-0.7394662468772634,1.4170665104334308,-1.0161329645585022,0
0.890123685007999,-1.1099901739376037,-1.179024470547907,0.12182930130949778,0.9474866733593919,-1.177851894974348,-1.2469536388582478,-0.3041918912684436,0.3100223907832097,-1.3730106049817663,1.8405886095799828,-0.6465048535138531,0.9841231756854657,0
0.0428782422044723,0.9009088760241706,0.8491410419312149,0.4922868772492903,-0.06640278899360229,0.9048055324001227,-0.2507203421941191,0.853056793629862,0.4308689030282738,-0.7996548742607882,0.03455021005991044,0.22654456969461315,-1.0161329645585022,0
-0.2960199349169384,-1.1099901739376037,0.8491410419312149,-0.00875786279000535,-0.06640278899360229,0.9048055324001227,-0.4090788379283631,1.4316811360790147,0.05490197604362957,-0.570312581972397,-0.997471732522988,0.0479662785837905,0.9841231756854657,0
0.0428782422044723,-1.1099901739376037,0.8491410419312149,-0.48824600844112565,0.2715603651240624,0.9048055324001227,-0.7257958293968509,1.4316811360790147,-0.13308148744869286,-0.45564143582820127,1.066572152642809,0.06780831092943747,0.9841231756854657,0
0.890123685007999,0.9009088760241706,-1.179024470547907,-0.2756806161591917,0.9474866733593919,0.9048055324001227,-0.49000002924856173,-0.8828162337175963,-0.6063969937418614,-0.45564143582820127,0.5505611813513597,0.5638591195706114,-1.0161329645585022,0
0.21232733076517762,0.9009088760241706,-0.502969299721533,-0.5468357265218073,-0.404365943111267,0.9048055324001227,-1.042512820865339,0.2744324511807092,0.19924642122523406,-0.7996548742607882,-0.22345527558581418,0.8813316371009629,-1.0161329645585022,0
0.21232733076517762,-1.1099901739376037,-1.179024470547907,1.592383848004084,0.4405419421828948,-1.177851894974348,-0.2507203421941191,-0.8828162337175963,0.001192415045823164,-1.143668312693375,0.29255569570563505,1.0400678958661385,-1.0161329645585022,0
1.5679200392508204,-1.1099901739376037,0.8491410419312149,1.0112243802496135,1.7923945586535535,-1.177851894974348,-0.6990332436177638,0.853056793629862,-0.03237606057780569,-1.143668312693375,1.066572152642809,-0.30919030363785477,0.9841231756854657,0
-0.634918112038349,0.9009088760241706,-0.502969299721533,0.264008070010408,-0.404365943111267,-1.177851894974348,0.06599664927436881,-1.461440576166749,-0.8313057804201756,-0.45564143582820127,-0.4814607612315388,0.16701847265767225,0.9841231756854657,0
0.0428782422044723,0.9009088760241706,1.5251962127575889,-0.3787416674245632,0.10257878806523006,0.9048055324001227,0.2864316753364364,-1.461440576166749,0.7229146409538463,0.6910700256137552,-0.22345527558581418,-0.9838194033898514,0.9841231756854657,0
-0.634918112038349,-1.1099901739376037,0.8491410419312149,-0.6220074402857008,-0.911310674287764,0.9048055324001227,-1.3221739243320136,0.2744324511807092,1.5621265315445705,-1.2583394588375707,-0.4814607612315388,-0.15045404487267908,0.9841231756854657,0
0.21232733076517762,0.9009088760241706,-0.502969299721533,-0.3885961105734434,0.10257878806523006,0.9048055324001227,-0.14921254642846873,0.2744324511807092,0.6927030128925802,0.23238544103697253,0.29255569570563505,-0.9639773710442044,0.9841231756854657,0
0.38177641932588297,0.9009088760241706,0.8491410419312149,-0.5049069660085432,-0.06640278899360229,0.9048055324001227,-0.7014086210537774,-1.461440576166749,0.3637319517810161,-0.34097028968400567,0.5505611813513597,-1.678290535487495,0.9841231756854657,0
1.398470950690115,0.9009088760241706,-1.179024470547907,-0.008694693282640734,1.6234129815947211,0.9048055324001227,0.06726351724024277,-1.461440576166749,-0.08272877401324927,-0.11162799739561437,1.582583123934258,-0.03140185079879733,-1.0161329645585022,0
1.5679200392508204,0.9009088760241706,0.8491410419312149,-0.5885749785129776,0.9474866733593919,-1.177851894974348,0.5513654386998266,0.853056793629862,-1.076355652472667,1.952452633199907,2.6146050665171567,-3.622809705360897,0.9841231756854657,0
-0.2960199349169384,-1.1099901739376037,0.8491410419312149,-0.1275007442586429,-0.23538436605243465,-1.177851894974348,0.06599664927436881,0.2744324511807092,-0.676890792551482,0.003043148748581378,-0.22345527558581418,0.18686050500331922,0.9841231756854657,0
2.923512747736463,-1.1099901739376037,0.8491410419312149,2.062033342883165,2.2993392898300504,-1.177851894974348,0.38271364074285674,0.853056793629862,0.14218001266506483,-0.9143260204049839,3.130616037808606,0.22654456969461315,0.9841231756854657,0
0.0428782422044723,0.9009088760241706,-0.502969299721533,0.11680732547401078,-0.404365943111267,0.9048055324001227,-0.2507203421941191,-1.461440576166749,0.6893461653302174,-0.570312581972397,0.5505611813513597,1.0400678958661385,-1.0161329645585022,0
0.5512255078865883,0.9009088760241706,0.17308587110484092,0.9004566490857587,0.9474866733593919,-1.177851894974348,0.8577891279455886,-1.461440576166749,0.9075412568838058,-0.34097028968400567,0.03455021005991044,0.3654387961141419,0.9841231756854657,0
0.890123685007999,-1.1099901739376037,-1.179024470547907,0.3946741959941169,1.2854498274770565,0.9048055324001227,-1.1638154285977698,0.853056793629862,0.001192415045823164,-1.3730106049817663,1.066572152642809,-0.11076998018138517,-1.0161329645585022,0
1.0595727735687044,-1.1099901739376037,0.8491410419312149,0.741506376179543,1.6234129815947211,-1.177851894974348,0.38271364074285674,1.4316811360790147,-1.371758237960602,-0.570312581972397,0.03455021005991044,0.9408577341379036,0.9841231756854657,0
-0.46546902347764374,0.9009088760241706,1.5251962127575889,-0.31355073582427917,-0.23538436605243465,0.9048055324001227,0.21136974835840477,-0.8828162337175963,0.5114332445249834,0.4617277333253637,-0.7394662468772634,0.8813316371009629,0.9841231756854657,0
0.21232733076517762,-1.1099901739376037,1.5251962127575889,-0.10799715885981762,0.10257878806523006,-1.177851894974348,1.9263922571602667,-1.461440576166749,0.5114332445249834,1.8377814870557112,0.5505611813513597,1.5758027691986063,0.9841231756854657,0
1.5679200392508204,0.9009088760241706,0.17308587110484092,0.08190617265506026,1.6234129815947211,-1.177851894974348,-0.7257958293968509,0.2744324511807092,0.0045492626081859895,-0.9143260204049839,2.6146050665171567,0.8416475724096689,0.9841231756854657,0
0.7206745964472937,0.9009088760241706,0.8491410419312149,0.7584673889069424,0.2715603651240624,-1.177851894974348,0.8577891279455886,-1.461440576166749,0.8068358300129187,-0.2262991435398101,0.29255569570563505,-3.106916864374076,0.9841231756854657,0
0.0428782422044723,0.9009088760241706,-0.502969299721533,-0.21317438862190383,0.10257878806523006,0.9048055324001227,-0.7257958293968509,0.853056793629862,-0.059230841076708896,-0.6849837281165926,0.03455021005991044,-0.8846092416616166,0.9841231756854657,0
-0.9738162891597597,0.9009088760241706,-0.502969299721533,-0.07287491276509094,-0.911310674287764,0.9048055324001227,0.46854394543081695,0.2744324511807092,-0.34456288387755507,0.3470565871811683,-0.997471732522988,-0.5274526594399713,0.9841231756854657,0
2.2457163934936415,0.9009088760241706,-1.179024470547907,-0.33836055984173224,2.130357712771218,0.9048055324001227,-0.3298995900612411,0.2744324511807092,0.0851136041048956,-0.11162799739561437,2.356599580871432,0.38528082845978884,0.9841231756854657,0
-0.2960199349169384,-1.1099901739376037,-0.502969299721533,0.13642145751072415,-0.23538436605243465,-1.177851894974348,1.655282512463241,0.853056793629862,0.7027735555796687,1.035083464046342,-0.7394662468772634,-0.44808453005738347,0.9841231756854657,0
-0.12657084635623306,-1.1099901739376037,-1.179024470547907,-0.26506813892193615,-0.23538436605243465,0.9048055324001227,-0.5674373336626071,0.2744324511807092,-0.42177037781190185,-0.45564143582820127,0.29255569570563505,0.38528082845978884,0.9841231756854657,0
1.7373691278115257,0.9009088760241706,0.8491410419312149,0.11928672863807196,1.4544314045358888,-1.177851894974348,-0.8732275889254322,1.4316811360790147,-0.48890732905915957,-1.0289971665491795,1.3245776382885335,-0.44808453005738347,-1.0161329645585022,0
-0.634918112038349,0.9009088760241706,0.8491410419312149,0.6852223451176698,-0.5733475201700994,-1.177851894974348,2.4413740852880284,0.853056793629862,0.19253272610050842,0.6910700256137552,-0.22345527558581418,-1.0235034680811452,0.9841231756854657,0
0.38177641932588297,0.9009088760241706,-0.502969299721533,0.8359605820664855,-0.06640278899360229,-1.177851894974348,0.38271364074285674,1.4316811360790147,-0.11629724963687813,-0.570312581972397,0.29255569570563505,0.9408577341379036,-1.0161329645585022,0
0.38177641932588297,0.9009088760241706,-0.502969299721533,-0.5267320308030182,0.6095235192417271,0.9048055324001227,-0.5674373336626071,-1.461440576166749,0.19253272610050842,-0.11162799739561437,0.5505611813513597,0.028124246238143545,0.9841231756854657,0
-0.46546902347764374,0.9009088760241706,-0.502969299721533,0.7380794304050124,-0.06640278899360229,-1.177851894974348,0.38271364074285674,1.4316811360790147,1.2633670984942724,-0.570312581972397,-0.7394662468772634,-2.531497926350314,0.9841231756854657,0
0.5512255078865883,0.9009088760241706,0.8491410419312149,-0.5564532840180701,0.6095235192417271,0.9048055324001227,-0.2841339847940446,1.4316811360790147,-1.0830693475973925,0.3470565871811683,0.8085666669970842,0.9408577341379036,-1.0161329645585022,0
-0.46546902347764374,-1.1099901739376037,1.5251962127575889,-0.44350620485013614,-0.911310674287764,0.21058638994196582,-0.2507203421941191,-0.3041918912684436,-0.9991481585383204,0.1177142948927768,-0.4814607612315388,-0.32903233598350173,0.9841231756854657,0
0.890123685007999,0.9009088760241706,1.5251962127575889,1.1557562130998558,0.4405419421828948,-1.177851894974348,2.3226052134873454,0.2744324511807092,-0.09279931670033775,0.23238544103697253,0.29255569570563505,1.8337491896920168,-1.0161329645585022,0
0.7206745964472937,-1.1099901739376037,-0.502969299721533,0.17291764039063123,0.2715603651240624,-1.177851894974348,0.38271364074285674,0.2744324511807092,-1.4086835611465938,-0.11162799739561437,1.066572152642809,0.9210157017922567,0.9841231756854657,0
-0.634918112038349,0.9009088760241706,-1.179024470547907,0.6096716143095886,-0.5733475201700994,-1.177851894974348,0.38271364074285674,0.2744324511807092,-1.1804179269059165,-0.45564143582820127,-0.997471732522988,-1.4997122443766724,0.9841231756854657,0
2.923512747736463,0.9009088760241706,-1.179024470547907,-0.2715272210499682,2.637302443947715,0.9048055324001227,0.06282947935968393,0.853056793629862,-1.0427871768490378,0.23238544103697253,2.872610552162881,-0.11076998018138517,0.9841231756854657,0
-1.143265377720465,0.9009088760241706,1.5251962127575889,-0.7252737924500073,-0.911310674287764,0.9048055324001227,-0.3298995900612411,-0.8828162337175963,-1.4254677989584081,0.9204123179021463,-0.4814607612315388,-1.4997122443766724,-1.0161329645585022,0
-0.2960199349169384,0.9009088760241706,0.8491410419312149,2.0710349976826232,-0.911310674287764,-1.177851894974348,1.6742855319513505,0.853056793629862,1.0518857020654102,-0.45564143582820127,-0.7394662468772634,0.2463866020402601,0.9841231756854657,0
2.5846145706150523,-1.1099901739376037,1.5251962127575889,5.388887032994367,2.4683208668888827,-1.177851894974348,1.3328646151483206,-1.461440576166749,0.16232109803924238,-1.143668312693375,2.356599580871432,0.008282213892496587,-1.0161329645585022,0
0.0428782422044723,0.9009088760241706,0.8491410419312149,-0.38482173250840757,-0.404365943111267,-1.177851894974348,-0.49253376518030967,0.2744324511807092,-0.19686159113358773,-0.2262991435398101,-0.22345527558581418,0.38528082845978884,-1.0161329645585022,0
-0.2960199349169384,0.9009088760241706,-1.179024470547907,-0.413358557460373,-0.404365943111267,0.9048055324001227,-0.804975077263973,-0.8828162337175963,-1.4892479026433032,-0.6849837281165926,-0.7394662468772634,0.5440170872249644,0.9841231756854657,0
1.5679200392508204,-1.1099901739376037,-1.179024470547907,-0.6760015767056066,1.4544314045358888,-1.177851894974348,-0.4882580857954851,-1.461440576166749,-0.2975670180044749,0.4617277333253637,1.3245776382885335,-0.5869787564769122,0.9841231756854657,0
-0.2960199349169384,0.9009088760241706,-1.179024470547907,-0.154158276366511,-0.06640278899360229,0.9048055324001227,-1.023034725890027,-0.8828162337175963,-0.37141766437645823,-1.143668312693375,0.5505611813513597,0.3455967637684949,0.9841231756854657,0
1.398470950690115,0.9009088760241706,-0.502969299721533,-0.08820931067785155,0.9474866733593919,-1.177851894974348,0.06599664927436881,0.853056793629862,-0.25392799969375696,-0.11162799739561437,2.098594095225707,0.5241750548793175,0.9841231756854657,0
-0.8043672005990544,-1.1099901739376037,-0.502969299721533,0.2751416956834216,-0.911310674287764,0.9048055324001227,-0.41256272483451645,-0.8828162337175963,-1.0058618536630461,-0.7996548742607882,-0.7394662468772634,1.4964346398160184,-1.0161329645585022,0
-0.2960199349169384,-1.1099901739376037,-1.179024470547907,-1.0147164751946793,-0.06640278899360229,0.9048055324001227,-1.2800505644667048,1.4316811360790147,0.9377528849450718,-0.45564143582820127,-0.22345527558581418,0.9805417988291976,0.9841231756854657,0
-0.634918112038349,-1.1099901739376037,0.8491410419312149,1.3085316666611804,-0.5733475201700994,-1.177851894974348,0.4229366986593547,1.4316811360790147,0.5785701957722418,-0.6849837281165926,-0.997471732522988,0.26622863438590705,0.9841231756854657,0
-0.46546902347764374,-1.1099901739376037,0.8491410419312149,0.24559415861362233,-0.06640278899360229,-1.177851894974348,-0.3881755164914429,1.4316811360790147,-0.9353680548534249,-0.7996548742607882,-0.22345527558581418,-1.3012919209202027,0.9841231756854657,0
-0.46546902347764374,0.9009088760241706,-1.179024470547907,-0.3224576363626901,-0.5733475201700994,0.9048055324001227,-0.2507203421941191,0.2744324511807092,1.8306743365336027,-0.11162799739561437,-0.7394662468772634,1.2186461869769611,0.9841231756854657,0
-0.634918112038349,-1.1099901739376037,-1.179024470547907,-0.12701118057656713,-0.5733475201700994,-1.177851894974348,-0.8925473254050099,0.2744324511807092,-1.2039158598424569,-1.0289971665491795,-0.7394662468772634,-1.7775006972157297,0.9841231756854657,0
0.7206745964472937,0.9009088760241706,0.8491410419312149,-0.43077754911616595,0.2715603651240624,0.9048055324001227,0.38271364074285674,1.4316811360790147,-0.9924344634135942,1.035083464046342,0.29255569570563505,0.028124246238143545,0.9841231756854657,0
-0.2960199349169384,0.9009088760241706,-1.179024470547907,0.8004751113044123,-0.23538436605243465,-1.177851894974348,-0.8459899276591422,-1.461440576166749,0.001192415045823164,-1.2583394588375707,0.03455021005991044,0.801963507718375,0.9841231756854657,0
0.0428782422044723,-1.1099901739376037,-1.179024470547907,0.8355341878917744,-0.23538436605243465,0.9048055324001227,-0.9623834220238114,-0.3041918912684436,0.051545128481266744,-1.2583394588375707,1.066572152642809,-2.531497926350314,0.9841231756854657,0
0.0428782422044723,-1.1099901739376037,-1.179024470547907,0.2674508081617796,0.10257878806523006,-1.177851894974348,1.1745061194140765,1.4316811360790147,0.850474848323636,0.4617277333253637,0.5505611813513597,0.7027533459901402,0.9841231756854657,0
-0.46546902347764374,0.9009088760241706,-0.502969299721533,0.26394490050304337,-0.23538436605243465,0.9048055324001227,0.06599664927436881,1.4316811360790147,-0.1901478960088621,-0.45564143582820127,-0.4814607612315388,-1.658448503141848,0.9841231756854657,0
0.0428782422044723,0.9009088760241706,-1.179024470547907,-0.3354231777492776,0.10257878806523006,0.9048055324001227,-0.9474977234247925,1.4316811360790147,0.7296283360785719,-0.9143260204049839,0.03455021005991044,1.0003838311748445,0.9841231756854657,0
0.0428782422044723,0.9009088760241706,-1.179024470547907,-0.12920632095748755,-0.23538436605243465,-1.177851894974348,-0.6493086759572112,-0.8828162337175963,-1.361687695273513,-0.6849837281165926,0.8085666669970842,-1.2616078562289088,0.9841231756854657,0
-0.46546902347764374,0.9009088760241706,1.5251962127575889,-0.6458697216926846,-0.404365943111267,0.9048055324001227,-1.2800505644667048,1.4316811360790147,0.014619805295275064,-1.143668312693375,-0.4814607612315388,0.3654387961141419,-1.0161329645585022,0
-0.2960199349169384,0.9009088760241706,-1.179024470547907,-0.07028496296314167,-0.23538436605243465,0.9048055324001227,-0.8572333808562734,0.2744324511807092,0.7464125738903866,-0.9143260204049839,-0.22345527558581418,-1.5790803737592602,0.9841231756854657,0
-0.46546902347764374,-1.1099901739376037,-0.502969299721533,0.29106041153930495,-0.7423290972289317,0.9048055324001227,1.3328646151483206,-1.461440576166749,0.7497694214527494,0.4617277333253637,-0.4814607612315388,-0.7655570475877348,-1.0161329645585022,0
-0.634918112038349,0.9009088760241706,-0.502969299721533,1.6143036670596058,-0.911310674287764,0.9048055324001227,-1.1337273144082634,-0.8828162337175963,-1.136778908595199,-1.487681751125962,-0.7394662468772634,0.5638591195706114,0.9841231756854657,0
0.38177641932588297,0.9009088760241706,-0.502969299721533,-0.30017459263982166,0.6095235192417271,0.9048055324001227,0.06599664927436881,0.2744324511807092,0.44429629327772574,0.23238544103697253,0.29255569570563505,0.12733440796637835,-1.0161329645585022,0
-0.12657084635623306,-1.1099901739376037,-0.502969299721533,-0.17791001113560675,-0.404365943111267,0.9048055324001227,0.06599664927436881,-0.8828162337175963,-0.14986572526050698,0.1177142948927768,1.066572152642809,-1.0830295651180861,-1.0161329645585022,0
-0.12657084635623306,-1.1099901739376037,1.5251962127575889,-0.5243789666536862,0.2715603651240624,-1.177851894974348,-0.7408398864916041,0.2744324511807092,-0.10622670694978965,-0.34097028968400567,-0.22345527558581418,0.7622794430270811,-1.0161329645585022,0
-0.634918112038349,0.9009088760241706,-0.502969299721533,-0.33880274639328456,-0.23538436605243465,0.9048055324001227,-0.3298995900612411,1.4316811360790147,0.27981076272194366,-0.11162799739561437,-0.7394662468772634,-0.051243883144444294,-1.0161329645585022,0
-0.634918112038349,-1.1099901739376037,1.5251962127575889,-0.3354231777492776,-0.911310674287764,-1.177851894974348,1.6495816066168083,-0.3041918912684436,0.34359086640683856,2.2964660716324943,-0.7394662468772634,-2.610866055732902,0.9841231756854657,0
1.0595727735687044,-1.1099901739376037,0.17308587110484092,-0.3916756240574684,1.1164682504182242,0.9048055324001227,-0.6486752419742742,-0.8828162337175963,-1.1032104329715702,-0.45564143582820127,0.29255569570563505,0.4844909901880236,0.9841231756854657,0
0.21232733076517762,0.9009088760241706,1.5251962127575889,-0.05983040949429766,0.2715603651240624,-1.177851894974348,-0.5674373336626071,0.2744324511807092,-1.6973724515098028,-0.6849837281165926,0.5505611813513597,1.1591200899400202,-1.0161329645585022,0
-0.12657084635623306,-1.1099901739376037,0.8491410419312149,-0.1477939484995259,-0.06640278899360229,-1.177851894974348,-0.7997492469047429,-0.8828162337175963,1.1660185191857488,-0.9143260204049839,0.29255569570563505,-1.2219237915376149,0.9841231756854657,0
1.5679200392508204,-1.1099901739376037,-0.502969299721533,-0.4920203865061615,0.9474866733593919,0.21058638994196582,-0.7257958293968509,0.853056793629862,0.4946490067131693,-0.45564143582820127,1.8405886095799828,-0.051243883144444294,0.9841231756854657,0
-0.634918112038349,-1.1099901739376037,0.8491410419312149,-0.868210595239293,-0.911310674287764,0.9048055324001227,-1.042512820865339,-0.8828162337175963,-0.5560442803064178,-0.2262991435398101,-0.7394662468772634,0.22654456969461315,0.9841231756854657,0
-0.12657084635623306,-1.1099901739376037,1.5251962127575889,-0.03273069083487725,0.10257878806523006,0.9048055324001227,0.5410721364771007,-0.8828162337175963,0.5248606347744353,0.3470565871811683,0.03455021005991044,0.10749237562073138,-1.0161329645585022,0
-0.2960199349169384,-1.1099901739376037,-0.502969299721533,0.1381902037169334,-0.06640278899360229,-1.177851894974348,0.38271364074285674,-0.8828162337175963,-1.1904884695930054,0.003043148748581378,-0.4814607612315388,1.298014316359549,-1.0161329645585022,0
0.0428782422044723,-1.1099901739376037,0.8491410419312149,0.6178678578901475,-0.23538436605243465,-1.177851894974348,-1.2882852062448855,-1.461440576166749,-1.663803975886174,-1.487681751125962,-0.22345527558581418,0.22654456969461315,0.9841231756854657,0
-0.2960199349169384,-1.1099901739376037,0.8491410419312149,0.07914250670785829,-0.911310674287764,0.9048055324001227,-0.4882580857954851,1.4316811360790147,-0.059230841076708896,-0.6849837281165926,0.03455021005991044,1.317856348705196,-1.0161329645585022,0
-0.2960199349169384,-1.1099901739376037,0.8491410419312149,0.1780975399945298,-0.06640278899360229,0.9048055324001227,-0.7284879238243331,1.4316811360790147,-1.3180486769627955,-1.0289971665491795,-0.22345527558581418,0.008282213892496587,0.9841231756854657,0
-0.634918112038349,0.9009088760241706,0.8491410419312149,-0.10706540862618953,-0.5733475201700994,-1.177851894974348,-0.3774071387815143,-1.461440576166749,-0.41841353024953903,-0.45564143582820127,-0.4814607612315388,0.4448069254967297,-1.0161329645585022,0
-0.12657084635623306,0.9009088760241706,1.5251962127575889,-0.11737783070346315,-0.7423290972289317,-1.177851894974348,-0.7257958293968509,0.853056793629862,-1.2979075915886182,-0.7996548742607882,0.8085666669970842,1.0003838311748445,0.9841231756854657,0
0.38177641932588297,0.9009088760241706,0.8491410419312149,1.029306651732735,0.2715603651240624,-1.177851894974348,-0.547959238687295,0.853056793629862,0.24624228709831483,-1.143668312693375,0.5505611813513597,0.26622863438590705,-1.0161329645585022,0
0.890123685007999,-1.1099901739376037,-1.179024470547907,-0.35947496767835524,0.7785050963005594,-1.177851894974348,-0.644716279580918,0.2744324511807092,0.01797665285763789,-0.45564143582820127,0.8085666669970842,0.9408577341379036,0.9841231756854657,0
-0.9738162891597597,0.9009088760241706,0.8491410419312149,-0.10902366335449264,-0.5733475201700994,-1.177851894974348,-1.042512820865339,-0.3041918912684436,0.5483585677109757,-1.143668312693375,-0.7394662468772634,-0.15045404487267908,-1.0161329645585022,0
0.5512255078865883,-1.1099901739376037,1.5251962127575889,-0.8604565382102863,0.9474866733593919,0.21058638994196582,-0.4090788379283631,0.2744324511807092,-0.603040146179498,1.6084391947673204,-0.22345527558581418,-0.07108591549009124,-1.0161329645585022,0
-0.8043672005990544,0.9009088760241706,0.8491410419312149,-0.14743072383217937,-0.911310674287764,0.9048055324001227,-1.3220155658362795,-1.461440576166749,1.0351014642535956,-1.3730106049817663,-0.4814607612315388,-0.30919030363785477,-1.0161329645585022,0
-0.8043672005990544,-1.1099901739376037,0.8491410419312149,-0.704017253221814,-0.911310674287764,0.9048055324001227,-0.8841543251310949,0.2744324511807092,-0.05587399351434607,-0.34097028968400567,-0.997471732522988,0.008282213892496587,0.9841231756854657,0
-0.2960199349169384,0.9009088760241706,-0.502969299721533,1.0264166467708038,-0.23538436605243465,-1.177851894974348,-0.1804091700881148,0.2744324511807092,-1.5463143112034723,-0.9143260204049839,0.03455021005991044,-1.142555662155027,0.9841231756854657,0
0.21232733076517762,0.9009088760241706,-1.179024470547907,0.3631684041960145,0.2715603651240624,-1.177851894974348,-0.6436077701107784,-0.3041918912684436,-0.24721430456903132,-1.0289971665491795,1.066572152642809,0.5440170872249644,0.9841231756854657,0
0.5512255078865883,-1.1099901739376037,-0.502969299721533,-0.20573617912972025,0.9474866733593919,0.9048055324001227,0.06599664927436881,0.2744324511807092,-0.18007735332177302,0.1177142948927768,1.066572152642809,1.1789621222856672,-1.0161329645585022,0
-0.634918112038349,0.9009088760241706,1.5251962127575889,0.24276732315905575,-0.7423290972289317,-1.177851894974348,-0.7257958293968509,-0.3041918912684436,1.954877696341029,-1.0289971665491795,-0.4814607612315388,-0.051243883144444294,-1.0161329645585022,0
-0.46546902347764374,-1.1099901739376037,-0.502969299721533,-0.01649612744217085,-0.911310674287764,0.9048055324001227,-0.8841543251310949,0.853056793629862,-0.9252975121663365,-1.0289971665491795,-0.4814607612315388,1.0003838311748445,0.9841231756854657,0
-0.634918112038349,-1.1099901739376037,-0.502969299721533,0.6499263828776903,-0.5733475201700994,-1.177851894974348,-0.7257958293968509,0.853056793629862,-0.06930138376379737,-1.143668312693375,-0.4814607612315388,-0.09092794783573821,0.9841231756854657,0
-0.46546902347764374,-1.1099901739376037,-1.179024470547907,0.5008779302508781,-0.404365943111267,-1.177851894974348,-0.5674373336626071,1.4316811360790147,-0.45869570099789353,-1.0289971665491795,0.03455021005991044,0.4844909901880236,0.9841231756854657,0
-0.8043672005990544,0.9009088760241706,0.8491410419312149,-0.4916887465924973,-0.5733475201700994,0.9048055324001227,-0.1829429060198627,1.4316811360790147,-0.5459737376193288,0.3470565871811683,-0.4814607612315388,0.18686050500331922,0.9841231756854657,0
0.890123685007999,0.9009088760241706,-0.502969299721533,-0.4299405531435848,1.2854498274770565,0.9048055324001227,-0.4090788379283631,0.2744324511807092,-1.0495008719737637,-0.11162799739561437,0.03455021005991044,1.8535912220376638,-1.0161329645585022,0
-0.9738162891597597,-1.1099901739376037,-1.179024470547907,0.07489435733758784,-0.911310674287764,-1.177851894974348,0.8577891279455886,-1.461440576166749,-0.21700267650776528,0.4617277333253637,-0.997471732522988,-0.7457150152420878,0.9841231756854657,0
-0.2960199349169384,-1.1099901739376037,-0.502969299721533,0.18768351273711031,0.10257878806523006,-1.177851894974348,-1.042512820865339,1.4316811360790147,0.12875262241561353,-1.2583394588375707,-0.22345527558581418,-0.15045404487267908,0.9841231756854657,0
0.38177641932588297,0.9009088760241706,0.8491410419312149,1.2619915321102992,0.10257878806523006,-1.177851894974348,1.3081606898137785,1.4316811360790147,0.06161567116835522,-0.34097028968400567,-0.22345527558581418,-1.9163949236352584,0.9841231756854657,0
-0.9738162891597597,0.9009088760241706,-0.502969299721533,0.11315928642370418,-0.911310674287764,-1.177851894974348,-1.1969123542062268,1.4316811360790147,-1.12670836590811,-1.3730106049817663,-0.997471732522988,-0.5472946917856183,0.9841231756854657,0
-0.12657084635623306,-1.1099901739376037,1.5251962127575889,-0.2066837217401895,0.10257878806523006,0.9048055324001227,-0.09236184645987515,-1.461440576166749,-0.18679104844649927,-0.11162799739561437,-0.22345527558581418,-1.6187644384505542,0.9841231756854657,0
-0.2960199349169384,0.9009088760241706,-1.179024470547907,0.7404324945543445,-0.23538436605243465,-1.177851894974348,0.00930430780150947,1.4316811360790147,-0.522475804682789,-0.6849837281165926,-0.7394662468772634,-0.5472946917856183,0.9841231756854657,0
-0.8043672005990544,-1.1099901739376037,-1.179024470547907,-0.5614752598535572,-0.7423290972289317,0.9048055324001227,-0.4090788379283631,-0.8828162337175963,-1.0427871768490378,0.23238544103697253,-0.4814607612315388,0.12733440796637835,-1.0161329645585022,0
-0.634918112038349,0.9009088760241706,0.8491410419312149,0.3782659164561578,-0.7423290972289317,0.9048055324001227,-0.7547754341162176,1.4316811360790147,-0.5258326522451519,-1.0289971665491795,-0.4814607612315388,-1.9163949236352584,-1.0161329645585022,0
-0.8043672005990544,0.9009088760241706,-1.179024470547907,-0.01965460281040167,-0.911310674287764,0.9048055324001227,0.38271364074285674,-0.8828162337175963,0.38051618959283084,0.1177142948927768,-0.4814607612315388,-0.051243883144444294,-1.0161329645585022,0
0.0428782422044723,0.9009088760241706,-1.179024470547907,0.7207709853871076,-0.23538436605243465,-1.177851894974348,4.024959042630468,-0.8828162337175963,0.7799810495140155,1.6084391947673204,0.29255569570563505,-0.32903233598350173,0.9841231756854657,0
-0.9738162891597597,-1.1099901739376037,-1.179024470547907,-0.23226737222285912,-0.404365943111267,-1.177851894974348,1.0161476236798326,0.2744324511807092,0.011262957732911642,1.2644257563347332,-0.4814607612315388,-1.4997122443766724,0.9841231756854657,0
1.2290218621294098,-1.1099901739376037,-1.179024470547907,0.7897047102987452,1.2854498274770565,-1.177851894974348,0.5660927788031113,1.4316811360790147,-0.14986572526050698,-0.45564143582820127,1.8405886095799828,-0.7060309505507939,0.9841231756854657,0
0.7206745964472937,-1.1099901739376037,-0.502969299721533,1.5495233372571917,1.2854498274770565,-1.177851894974348,-0.8102009076232031,-0.3041918912684436,-1.4926047502056663,-1.2583394588375707,0.29255569570563505,0.2463866020402601,-1.0161329645585022,0
0.890123685007999,-1.1099901739376037,0.8491410419312149,-0.7853953710842809,1.4544314045358888,0.9048055324001227,-1.2008713165995828,0.2744324511807092,1.1223795008750308,-0.7996548742607882,0.5505611813513597,-1.7973427295613766,0.9841231756854657,0
-0.46546902347764374,0.9009088760241706,0.8491410419312149,0.42313205906187656,-0.404365943111267,-1.177851894974348,1.8418288204381805,-1.461440576166749,-0.8783016462932557,0.6910700256137552,-0.22345527558581418,0.12733440796637835,-1.0161329645585022,0
-0.2960199349169384,-1.1099901739376037,0.8491410419312149,-0.8321723912877793,-0.06640278899360229,0.21058638994196582,-0.3298995900612411,1.4316811360790147,-0.002164432516539662,1.6084391947673204,-0.7394662468772634,-1.0830295651180861,-1.0161329645585022,0
-0.2960199349169384,0.9009088760241706,-0.502969299721533,0.0837854654991576,-0.7423290972289317,0.9048055324001227,0.23512352271854137,-1.461440576166749,0.31673608590793534,-0.11162799739561437,-0.22345527558581418,0.7622794430270811,0.9841231756854657,0
2.923512747736463,-1.1099901739376037,-1.179024470547907,0.8212105020968475,3.144247175124212,-1.177851894974348,1.0161476236798326,-1.461440576166749,-1.4153972562713195,-0.2262991435398101,2.098594095225707,0.4448069254967297,-1.0161329645585022,0
0.21232733076517762,-1.1099901739376037,-0.502969299721533,-0.29302064593077887,-0.06640278899360229,0.9048055324001227,-0.09236184645987515,-0.8828162337175963,-0.37141766437645823,0.1177142948927768,0.5505611813513597,0.26622863438590705,-1.0161329645585022,0
2.2457163934936415,-1.1099901739376037,0.8491410419312149,-0.2012827288605148,2.130357712771218,-1.177851894974348,0.06599664927436881,0.2744324511807092,-0.5191189571204256,0.1177142948927768,2.356599580871432,1.4170665104334308,0.9841231756854657,0
-0.9738162891597597,-1.1099901739376037,0.8491410419312149,0.7274195760372335,-0.5733475201700994,-1.177851894974348,0.8577891279455886,-0.8828162337175963,-0.22035952407012813,-0.2262991435398101,-0.4814607612315388,0.20670253734896618,0.9841231756854657,0
-0.634918112038349,0.9009088760241706,-1.179024470547907,0.08718082652000572,-0.23538436605243465,-0.4836327525161911,-0.09236184645987515,0.853056793629862,-0.07937192645088645,-0.34097028968400567,-0.4814607612315388,0.08765034327508442,-1.0161329645585022,0
-0.46546902347764374,-1.1099901739376037,-1.179024470547907,-0.27986559602209754,0.10257878806523006,0.21058638994196582,0.38271364074285674,-0.8828162337175963,-0.4083429875624505,0.5763988794695595,-0.4814607612315388,-0.15045404487267908,0.9841231756854657,0
-0.2960199349169384,-1.1099901739376037,0.8491410419312149,1.500582761426455,0.10257878806523006,-1.177851894974348,1.7379456472365165,-1.461440576166749,0.2294580492865001,-0.2262991435398101,0.03455021005991044,1.298014316359549,0.9841231756854657,0
-0.12657084635623306,-1.1099901739376037,1.5251962127575889,0.6571277067172566,-0.404365943111267,-1.177851894974348,1.9662985980852963,-0.8828162337175963,-0.2807827801926602,0.4617277333253637,0.03455021005991044,0.801963507718375,0.9841231756854657,0
-1.143265377720465,0.9009088760241706,-1.179024470547907,-0.3019907159765544,-0.911310674287764,0.9048055324001227,0.06599664927436881,-0.8828162337175963,-1.626878652700182,0.23238544103697253,-0.4814607612315388,0.40512286080543575,0.9841231756854657,0
0.0428782422044723,-1.1099901739376037,1.5251962127575889,-0.4454170824479158,0.10257878806523006,0.9048055324001227,0.06599664927436881,-0.8828162337175963,-0.029019213015442864,0.5763988794695595,0.29255569570563505,1.734539027963782,-1.0161329645585022,0
1.0595727735687044,-1.1099901739376037,1.5251962127575889,-0.32711638753083055,1.1164682504182242,-1.177851894974348,-0.18737694390042153,1.4316811360790147,0.17239164072633087,0.003043148748581378,1.066572152642809,1.8535912220376638,0.9841231756854657,0
1.5679200392508204,-1.1099901739376037,-1.179024470547907,-0.3918651325795623,1.4544314045358888,-1.177851894974348,0.38271364074285674,0.2744324511807092,-1.1569199939693766,0.9204123179021463,0.5505611813513597,0.4249648931510827,0.9841231756854657,0
2.0762673049329363,-1.1099901739376037,0.8491410419312149,0.30443655472376246,1.9613761357123858,-1.177851894974348,0.06599664927436881,-0.3041918912684436,0.1791053358510565,-0.45564143582820127,0.8085666669970842,-1.4600281796853785,-1.0161329645585022,0
-0.46546902347764374,-1.1099901739376037,-1.179024470547907,0.4560275800220005,0.10257878806523006,-1.177851894974348,0.5410721364771007,-1.461440576166749,0.3469477139692014,-0.2262991435398101,-0.7394662468772634,0.7622794430270811,0.9841231756854657,0
-0.46546902347764374,0.9009088760241706,-1.179024470547907,1.221168237975916,0.10257878806523006,-1.177851894974348,1.6495816066168083,-0.8828162337175963,1.1324500435621199,-0.11162799739561437,-0.997471732522988,0.7622794430270811,0.9841231756854657,0
0.21232733076517762,-1.1099901739376037,-0.502969299721533,1.207555209138841,-0.23538436605243465,-1.177851894974348,2.8055986254767897,0.853056793629862,-0.14650887769814416,0.3470565871811683,0.03455021005991044,-0.4877685947486774,0.9841231756854657,0
0.0428782422044723,0.9009088760241706,-1.179024470547907,-0.4984636762573524,-0.06640278899360229,-1.177851894974348,-0.2507203421941191,0.2744324511807092,0.24624228709831483,0.3470565871811683,0.03455021005991044,-1.4005020826484376,0.9841231756854657,0
-0.12657084635623306,-1.1099901739376037,-0.502969299721533,-0.7029275792197743,-0.23538436605243465,0.9048055324001227,-0.8841543251310949,-1.461440576166749,-1.3482603050240614,-0.34097028968400567,-0.4814607612315388,0.12733440796637835,-1.0161329645585022,0
-0.634918112038349,-1.1099901739376037,0.8491410419312149,0.24404650568318925,-0.7423290972289317,-1.177851894974348,-0.7550921511076861,-1.461440576166749,-1.1300652134704734,-1.0289971665491795,-0.22345527558581418,-0.4877685947486774,0.9841231756854657,0
-0.46546902347764374,0.9009088760241706,-0.502969299721533,0.07903196006997021,-0.404365943111267,0.9048055324001227,1.5034167150541011,0.2744324511807092,-0.7641688291729173,0.9204123179021463,0.03455021005991044,1.278172284013902,0.9841231756854657,0
-0.9738162891597597,-1.1099901739376037,-0.502969299721533,-0.48974628424103533,-0.911310674287764,0.9048055324001227,-0.8841543251310949,-0.8828162337175963,-0.9622228353523281,-0.6849837281165926,-0.997471732522988,0.9805417988291976,0.9841231756854657,0
2.0762673049329363,0.9009088760241706,0.8491410419312149,0.2679087870901731,1.9613761357123858,-1.177851894974348,0.06599664927436881,1.4316811360790147,-0.8346626279825383,-0.45564143582820127,2.356599580871432,-1.2219237915376149,-1.0161329645585022,0
-0.2960199349169384,0.9009088760241706,-1.179024470547907,-0.2951368244274935,-0.7423290972289317,-1.177851894974348,2.3137371377262275,-0.3041918912684436,-0.002164432516539662,2.984492948497668,-0.7394662468772634,0.46464895784237664,-1.0161329645585022,0
-0.634918112038349,0.9009088760241706,1.5251962127575889,-0.16756600430465082,-0.911310674287764,-1.177851894974348,0.7181169347079854,1.4316811360790147,0.92432549469562,0.6910700256137552,-0.4814607612315388,0.14717644031202531,-1.0161329645585022,0
0.7206745964472937,0.9009088760241706,-1.179024470547907,-0.6237130169845454,0.2715603651240624,0.9048055324001227,-0.5674373336626071,0.853056793629862,-0.885015341417982,0.1177142948927768,0.03455021005991044,-2.3132355705481977,0.9841231756854657,0
0.7206745964472937,0.9009088760241706,-0.502969299721533,-0.8088628430702359,0.7785050963005594,0.9048055324001227,-1.3426021702817312,0.2744324511807092,0.46108053108954045,-1.143668312693375,0.29255569570563505,0.16701847265767225,0.9841231756854657,0
0.5512255078865883,-1.1099901739376037,-1.179024470547907,1.0267009095539446,0.7785050963005594,-1.177851894974348,2.91644957249076,0.2744324511807092,-0.707102420612748,0.5763988794695595,0.5505611813513597,-2.075131182400434,0.9841231756854657,0
1.2290218621294098,0.9009088760241706,-0.502969299721533,0.7418538084700483,0.4405419421828948,-1.177851894974348,0.06599664927436881,-0.8828162337175963,-1.1032104329715702,-0.6849837281165926,0.5505611813513597,-1.6386064707962011,0.9841231756854657,0
-0.12657084635623306,-1.1099901739376037,-1.179024470547907,-0.33365443154306834,0.10257878806523006,0.9048055324001227,-0.5674373336626071,0.853056793629862,0.7665536592645635,-0.45564143582820127,0.29255569570563505,-0.13061201252703214,0.9841231756854657,0
2.2457163934936415,0.9009088760241706,0.17308587110484092,-0.47761773882702896,2.130357712771218,0.9048055324001227,-0.8841543251310949,1.4316811360790147,0.6188523665205963,-0.6849837281165926,2.6146050665171567,-0.09092794783573821,-1.0161329645585022,0
0.21232733076517762,-1.1099901739376037,-0.502969299721533,-0.30612831870893675,0.4405419421828948,0.9048055324001227,-0.4882580857954851,0.2744324511807092,-0.8413763231072641,-0.34097028968400567,0.03455021005991044,0.7027533459901402,-1.0161329645585022,0
0.890123685007999,0.9009088760241706,-1.179024470547907,0.03876139912502729,0.2715603651240624,0.9048055324001227,-0.7265876218755222,1.4316811360790147,0.3939435798422821,-0.9143260204049839,1.066572152642809,-1.0036614357354983,0.9841231756854657,0
-0.634918112038349,-1.1099901739376037,0.8491410419312149,-0.3873327204261511,-0.5733475201700994,-1.177851894974348,-0.5674373336626071,1.4316811360790147,-1.3583308477111502,-0.34097028968400567,-0.7394662468772634,-0.9441353386985575,0.9841231756854657,0
-0.9738162891597597,0.9009088760241706,0.8491410419312149,0.45181101540541235,-0.911310674287764,-1.177851894974348,1.8079401023510524,1.4316811360790147,-0.008878127641265313,0.5763988794695595,-0.4814607612315388,-0.20998014190961997,0.9841231756854657,0
-0.46546902347764374,0.9009088760241706,-0.502969299721533,-0.6273452636580108,-0.404365943111267,-1.177851894974348,-0.2507203421941191,-0.8828162337175963,-0.7641688291729173,0.6910700256137552,-0.4814607612315388,0.305912699077201,-1.0161329645585022,0
-0.634918112038349,0.9009088760241706,-1.179024470547907,1.0173991995945049,-0.7423290972289317,0.9048055324001227,0.38271364074285674,-0.8828162337175963,-0.4049861400000871,-0.6849837281165926,-0.997471732522988,1.0202258635204915,0.9841231756854657,0
1.5679200392508204,0.9009088760241706,1.5251962127575889,0.2945505268212,1.2854498274770565,-1.177851894974348,-0.24391092687754662,1.4316811360790147,0.08847045166725842,-0.6849837281165926,1.582583123934258,0.32575473142284794,0.9841231756854657,0
1.0595727735687044,0.9009088760241706,-0.502969299721533,0.11944465240648351,0.6095235192417271,-1.177851894974348,1.3328646151483206,-0.8828162337175963,1.555412836419845,0.8057411717579506,0.8085666669970842,0.9805417988291976,0.9841231756854657,0
-0.46546902347764374,0.9009088760241706,-1.179024470547907,1.589335919273741,0.10257878806523006,-1.177851894974348,0.4142269813939713,0.2744324511807092,-0.5862559083676839,-0.7996548742607882,-0.4814607612315388,0.16701847265767225,-1.0161329645585022,0
1.2290218621294098,0.9009088760241706,-0.502969299721533,-0.1858377843098661,1.2854498274770565,-1.177851894974348,0.06599664927436881,0.853056793629862,0.1119683846037988,0.1177142948927768,-0.22345527558581418,-1.4401861473397315,0.9841231756854657,0
0.7206745964472937,0.9009088760241706,-0.502969299721533,3.2970603813687793,0.9474866733593919,-1.177851894974348,-0.5289562191991858,0.2744324511807092,-1.6973724515098028,-1.3730106049817663,-0.22345527558581418,1.0599099282117854,0.9841231756854657,0
-0.12657084635623306,0.9009088760241706,-0.502969299721533,0.3824982734495871,-0.7423290972289317,-1.177851894974348,1.3328646151483206,1.4316811360790147,-0.8178783901707236,0.3470565871811683,-0.7394662468772634,0.26622863438590705,-1.0161329645585022,0
2.0762673049329363,-1.1099901739376037,0.8491410419312149,0.008724298373152223,1.9613761357123858,0.9048055324001227,0.6604744422607206,-0.8828162337175963,-0.10286985938742682,0.3470565871811683,0.8085666669970842,-1.658448503141848,0.9841231756854657,0
0.21232733076517762,-1.1099901739376037,-1.179024470547907,-0.031672601586519925,0.10257878806523006,-1.177851894974348,-0.2507203421941191,-0.3041918912684436,1.223084927745918,-0.45564143582820127,-0.22345527558581418,0.22654456969461315,-1.0161329645585022,0
-0.634918112038349,-1.1099901739376037,0.8491410419312149,-0.012690164623452717,-0.7423290972289317,0.9048055324001227,0.0026532509806712224,0.853056793629862,0.6389934518947737,-0.2262991435398101,-0.4814607612315388,0.46464895784237664,0.9841231756854657,0
0.21232733076517762,-1.1099901739376037,1.5251962127575889,-0.20251453425412483,0.2715603651240624,0.9048055324001227,0.6994306322113446,-0.3041918912684436,0.23617174441122635,0.8057411717579506,0.03455021005991044,-0.24966420660091387,0.9841231756854657,0
-0.2960199349169384,-1.1099901739376037,-1.179024470547907,0.1866885929961176,-0.06640278899360229,-1.177851894974348,0.8577891279455886,0.2744324511807092,1.8407448792206904,0.23238544103697253,-0.7394662468772634,-1.2814498885745558,0.9841231756854657,0
-0.46546902347764374,0.9009088760241706,-0.502969299721533,0.18248782075637063,-0.7423290972289317,-1.177851894974348,0.06599664927436881,0.2744324511807092,-0.12301094476160378,-0.34097028968400567,-0.7394662468772634,-0.09092794783573821,-1.0161329645585022,0
-0.8043672005990544,-1.1099901739376037,0.8491410419312149,-0.640689822088786,-0.5733475201700994,0.9048055324001227,-1.252812903200415,-0.8828162337175963,-1.072998804910304,-1.143668312693375,-0.4814607612315388,1.3773824457421369,0.9841231756854657,0
-0.2960199349169384,0.9009088760241706,-0.502969299721533,-0.5888434489192772,-0.404365943111267,-1.177851894974348,1.5354051311924186,0.853056793629862,-1.2139864025295457,3.5578486792186466,0.29255569570563505,-2.154499311783022,0.9841231756854657,0
0.38177641932588297,-1.1099901739376037,-0.502969299721533,-0.6312143959840936,0.9474866733593919,0.9048055324001227,-0.0922034879641409,0.2744324511807092,0.0716862138554443,1.035083464046342,1.066572152642809,-1.0036614357354983,0.9841231756854657,0
0.5512255078865883,-1.1099901739376037,0.8491410419312149,-0.20619415805811372,0.7785050963005594,0.9048055324001227,0.22435514500861276,0.2744324511807092,-0.284139627755023,0.23238544103697253,0.8085666669970842,0.821805540064022,0.9841231756854657,0
-0.12657084635623306,-1.1099901739376037,-0.502969299721533,-0.3573903739353229,0.10257878806523006,0.9048055324001227,-1.2596223185169875,0.2744324511807092,0.3368771712821129,-1.2583394588375707,-0.22345527558581418,0.26622863438590705,-1.0161329645585022,0
-1.143265377720465,0.9009088760241706,-0.502969299721533,-0.5701768594930331,-0.911310674287764,0.9048055324001227,-0.8841543251310949,-1.461440576166749,-1.6906587563850772,-0.570312581972397,-0.4814607612315388,0.9210157017922567,-1.0161329645585022,0
-0.2960199349169384,-1.1099901739376037,-0.502969299721533,0.26411861664829606,-0.23538436605243465,-1.177851894974348,1.3328646151483206,-0.8828162337175963,-1.7510820125076092,0.5763988794695595,-0.4814607612315388,0.5837011519162584,0.9841231756854657,0
1.2290218621294098,-1.1099901739376037,-1.179024470547907,-0.330748634204296,0.9474866733593919,-1.177851894974348,-0.8524826259842462,0.2744324511807092,0.8236200678247334,-0.7996548742607882,0.29255569570563505,-0.4282424977117365,0.9841231756854657,0
-0.2960199349169384,0.9009088760241706,0.8491410419312149,-0.26345731648413845,-0.06640278899360229,-1.177851894974348,-0.9501898178522746,1.4316811360790147,-0.33113549362810374,-0.9143260204049839,-0.7394662468772634,-0.9838194033898514,0.9841231756854657,0
0.5512255078865883,-1.1099901739376037,0.17308587110484092,0.7234872742037861,1.1164682504182242,-1.177851894974348,-0.2784330789476118,0.853056793629862,-0.4016292924377243,-0.9143260204049839,0.29255569570563505,-0.6068207888225592,0.9841231756854657,0
-0.9738162891597597,-1.1099901739376037,-1.179024470547907,-0.013985139524427351,-0.911310674287764,0.9048055324001227,0.06599664927436881,-0.8828162337175963,-0.5090484144333371,-0.11162799739561437,-0.7394662468772634,0.26622863438590705,-1.0161329645585022,0
0.890123685007999,0.9009088760241706,-0.502969299721533,0.65060545508186,0.7785050963005594,-1.177851894974348,4.024959042630468,0.853056793629862,0.03140404310708919,1.7231103409115156,1.3245776382885335,1.0400678958661385,-1.0161329645585022,0
-0.8043672005990544,0.9009088760241706,1.5251962127575889,-0.8857717182866564,-0.23538436605243465,0.21058638994196582,-1.1596981077086794,0.2744324511807092,0.20260326878759688,-0.570312581972397,-0.4814607612315388,-0.24966420660091387,0.9841231756854657,0
-0.9738162891597597,-1.1099901739376037,0.8491410419312149,-0.3003325164082332,-0.404365943111267,-1.177851894974348,-0.675121110761893,0.853056793629862,0.5382880250238866,-0.570312581972397,-0.7394662468772634,1.0599099282117854,-1.0161329645585022,0
1.7373691278115257,-1.1099901739376037,-1.179024470547907,0.17694469648512554,1.4544314045358888,0.9048055324001227,1.1745061194140765,1.4316811360790147,-1.2509117257155373,0.5763988794695595,1.066572152642809,-1.162397694500674,0.9841231756854657,0
-0.2960199349169384,0.9009088760241706,-1.179024470547907,0.5540350706982028,-0.23538436605243465,0.9048055324001227,0.6994306322113446,1.4316811360790147,0.8840433239472655,-0.2262991435398101,-0.22345527558581418,-0.46792656240303043,0.9841231756854657,0
0.21232733076517762,-1.1099901739376037,0.8491410419312149,0.7676743446053352,-0.23538436605243465,0.9048055324001227,-0.5674373336626071,-0.8828162337175963,0.011262957732911642,-1.0289971665491795,0.29255569570563505,-0.2893482712922078,0.9841231756854657,0
0.38177641932588297,0.9009088760241706,-0.502969299721533,0.8361500905885794,0.4405419421828948,-1.177851894974348,2.281432004596442,-0.3041918912684436,2.3308446233256737,0.4617277333253637,0.5505611813513597,1.0202258635204915,-1.0161329645585022,0
0.38177641932588297,-1.1099901739376037,-0.502969299721533,1.4742726616090924,-0.06640278899360229,-1.177851894974348,-0.737514358081185,-1.461440576166749,1.6896867389143604,-1.2583394588375707,0.29255569570563505,-1.0235034680811452,-1.0161329645585022,0
0.0428782422044723,-1.1099901739376037,0.8491410419312149,-0.1479992493984609,-0.5733475201700994,0.9048055324001227,-0.8841543251310949,-0.8828162337175963,-1.0797125000350298,-0.9143260204049839,1.066572152642809,-0.30919030363785477,0.9841231756854657,0
-0.2960199349169384,0.9009088760241706,0.8491410419312149,-0.33611804233028836,-0.911310674287764,0.9048055324001227,-0.804975077263973,0.853056793629862,-0.7272435059869256,-0.6849837281165926,-0.22345527558581418,-1.3211339532658497,0.9841231756854657,0
-0.2960199349169384,-1.1099901739376037,0.8491410419312149,0.7394691595670341,-0.404365943111267,0.9048055324001227,0.6731431219194601,-0.3041918912684436,-0.9051564267921589,-0.34097028968400567,-0.7394662468772634,0.008282213892496587,0.9841231756854657,0
0.0428782422044723,0.9009088760241706,-1.179024470547907,0.15271919041079518,0.10257878806523006,0.9048055324001227,-0.11326516789679536,-0.8828162337175963,1.8071764035970623,-0.45564143582820127,0.29255569570563505,0.6829113136444932,0.9841231756854657,0
-0.634918112038349,0.9009088760241706,-0.502969299721533,-0.790212046020833,-0.5733475201700994,0.9048055324001227,-1.2008713165995828,-0.8828162337175963,0.27981076272194366,-0.7996548742607882,-0.4814607612315388,-1.4203441149940845,0.9841231756854657,0
-0.9738162891597597,0.9009088760241706,1.5251962127575889,-0.33840793697225574,-0.911310674287764,0.9048055324001227,-0.37123115744787877,0.853056793629862,0.3234497810326616,-0.2262991435398101,-0.4814607612315388,-0.46792656240303043,-1.0161329645585022,0
0.0428782422044723,0.9009088760241706,-0.502969299721533,-0.6739011905857331,-0.23538436605243465,-1.177851894974348,0.8577891279455886,1.4316811360790147,0.001192415045823164,2.984492948497668,0.8085666669970842,0.5241750548793175,0.9841231756854657,0
-0.12657084635623306,-1.1099901739376037,0.8491410419312149,0.32697227647608934,-0.404365943111267,-1.177851894974348,-0.963333572998217,-0.8828162337175963,-1.5463143112034723,-1.2583394588375707,-0.22345527558581418,-0.5869787564769122,0.9841231756854657,0
-0.12657084635623306,-1.1099901739376037,-1.179024470547907,-0.6380051180257899,-0.23538436605243465,0.9048055324001227,-0.6405989586918277,-1.461440576166749,-1.0226460914748605,0.003043148748581378,0.29255569570563505,0.40512286080543575,0.9841231756854657,0
2.0762673049329363,0.9009088760241706,-1.179024470547907,-0.10900787097765148,2.637302443947715,-1.177851894974348,0.38271364074285674,-1.461440576166749,-0.4721230912473454,0.23238544103697253,2.6146050665171567,1.5956448015442533,-1.0161329645585022,0
-0.46546902347764374,-1.1099901739376037,-0.502969299721533,0.007413531095336433,-0.23538436605243465,0.9048055324001227,-0.46957178329884425,-0.8828162337175963,0.12875262241561353,-0.6849837281165926,-0.4814607612315388,1.1789621222856672,0.9841231756854657,0
-0.2960199349169384,0.9009088760241706,0.8491410419312149,0.5674585910131837,0.10257878806523006,-1.177851894974348,1.0161476236798326,1.4316811360790147,-1.7510820125076092,0.003043148748581378,-0.7394662468772634,0.8416475724096689,-1.0161329645585022,0
-0.8043672005990544,-1.1099901739376037,-0.502969299721533,0.8550535656674407,-0.911310674287764,0.9048055324001227,0.38271364074285674,0.853056793629862,0.7430557263280237,-0.570312581972397,-0.7394662468772634,-0.03140185079879733,0.9841231756854657,0
0.21232733076517762,0.9009088760241706,1.5251962127575889,-0.48830917794849027,-0.23538436605243465,0.9048055324001227,-0.5674373336626071,0.2744324511807092,0.021333500420000717,-0.2262991435398101,0.03455021005991044,-1.0830295651180861,0.9841231756854657,0
0.38177641932588297,-1.1099901739376037,-0.502969299721533,-0.2061309885507491,0.10257878806523006,-1.177851894974348,0.38271364074285674,-1.461440576166749,-1.1804179269059165,0.4617277333253637,0.03455021005991044,-0.24966420660091387,0.9841231756854657,0
0.38177641932588297,0.9009088760241706,-0.502969299721533,-0.9448825848030961,-0.06640278899360229,0.9048055324001227,-1.1506716734518276,-1.461440576166749,0.42079836034118534,-0.2262991435398101,0.29255569570563505,0.782121475372728,0.9841231756854657,0
-0.8043672005990544,-1.1099901739376037,1.5251962127575889,-0.5203045334286684,-0.911310674287764,0.9048055324001227,-1.2008713165995828,1.4316811360790147,-0.7104592681751108,-1.143668312693375,-0.7394662468772634,-0.8449251769703227,0.9841231756854657,0
-0.8043672005990544,-1.1099901739376037,-0.502969299721533,-0.10352791621377101,-0.911310674287764,-1.177851894974348,0.5801866849234589,0.853056793629862,-0.9051564267921589,0.4617277333253637,-0.7394662468772634,-0.03140185079879733,0.9841231756854657,0
-0.2960199349169384,-1.1099901739376037,0.8491410419312149,1.1237450652428365,-0.7423290972289317,-1.177851894974348,-0.2507203421941191,0.2744324511807092,0.9343960373827085,-1.0289971665491795,-0.4814607612315388,-1.4798702120310254,0.9841231756854657,0
1.906818216372231,0.9009088760241706,-0.502969299721533,-0.48402944382453755,1.7923945586535535,0.21058638994196582,0.8577891279455886,-0.3041918912684436,-1.5966670246389159,1.8377814870557112,1.8405886095799828,0.7622794430270811,-1.0161329645585022,0
0.7206745964472937,-1.1099901739376037,1.5251962127575889,-0.011884753404553859,0.9474866733593919,-1.177851894974348,0.38271364074285674,1.4316811360790147,-1.1636336890941021,0.1177142948927768,0.03455021005991044,0.7027533459901402,-1.0161329645585022,0
-0.8043672005990544,0.9009088760241706,-0.502969299721533,-0.2585143025328572,-0.5733475201700994,0.9048055324001227,0.06599664927436881,1.4316811360790147,0.3133792383455725,0.23238544103697253,-0.997471732522988,0.5241750548793175,-1.0161329645585022,0
-0.46546902347764374,-1.1099901739376037,-1.179024470547907,-0.26135693036426494,-0.7423290972289317,0.9048055324001227,-0.4090788379283631,-0.8828162337175963,-0.0995130118250634,-0.34097028968400567,-0.7394662468772634,-0.9838194033898514,0.9841231756854657,0
-0.634918112038349,-1.1099901739376037,-1.179024470547907,1.4088922214867146,-0.911310674287764,-1.177851894974348,1.0161476236798326,-0.8828162337175963,0.1119683846037988,-0.570312581972397,-0.7394662468772634,-0.051243883144444294,0.9841231756854657,0
1.906818216372231,0.9009088760241706,-0.502969299721533,1.4767994419036772,1.9613761357123858,-1.177851894974348,2.4413740852880284,0.853056793629862,0.17239164072633087,0.003043148748581378,1.3245776382885335,-0.13061201252703214,0.9841231756854657,0
-0.46546902347764374,-1.1099901739376037,0.8491410419312149,0.8393401507104925,-0.7423290972289317,-1.177851894974348,0.8577891279455886,-0.3041918912684436,-0.4150566826871762,-0.34097028968400567,-0.997471732522988,0.32575473142284794,0.9841231756854657,0
-0.634918112038349,-1.1099901739376037,-0.502969299721533,-0.6188805496711522,-0.911310674287764,0.9048055324001227,-0.11215665842665565,-0.8828162337175963,0.2831676102843065,0.9204123179021463,0.03455021005991044,-1.5989224061049072,0.9841231756854657,0
-0.8043672005990544,-1.1099901739376037,0.8491410419312149,-0.06917949658426088,-0.7423290972289317,0.9048055324001227,0.06599664927436881,-1.461440576166749,0.9377528849450718,-0.11162799739561437,-0.4814607612315388,0.286070666731554,-1.0161329645585022,0
-0.8043672005990544,0.9009088760241706,-1.179024470547907,-0.4906148649672988,-0.5733475201700994,0.21058638994196582,0.8577891279455886,-0.8828162337175963,0.35701825665629044,1.952452633199907,-0.4814607612315388,0.5638591195706114,0.9841231756854657,0
0.5512255078865883,-1.1099901739376037,1.5251962127575889,0.3825772353337929,0.6095235192417271,-1.177851894974348,-0.7257958293968509,-1.461440576166749,-0.09615616426270057,-1.0289971665491795,0.5505611813513597,-1.678290535487495,0.9841231756854657,0
0.38177641932588297,-1.1099901739376037,1.5251962127575889,0.6901337743152687,0.6095235192417271,0.9048055324001227,-1.2695989037482447,-0.3041918912684436,-1.069641957347941,-1.487681751125962,1.066572152642809,0.0479662785837905,0.9841231756854657,0
0.38177641932588297,-1.1099901739376037,-1.179024470547907,-0.5463461628397316,-0.23538436605243465,0.9048055324001227,0.06599664927436881,-0.8828162337175963,-1.1065672805339328,0.9204123179021463,0.03455021005991044,-0.9441353386985575,0.9841231756854657,0
0.5512255078865883,-1.1099901739376037,-1.179024470547907,0.46146015765535753,0.4405419421828948,-1.177851894974348,1.6495816066168083,-0.3041918912684436,1.1425205862492085,0.4617277333253637,0.8085666669970842,0.26622863438590705,-1.0161329645585022,0
0.0428782422044723,-1.1099901739376037,-1.179024470547907,0.3410116994878753,-0.23538436605243465,-1.177851894974348,2.425696594210338,1.4316811360790147,1.4312094766124175,1.2644257563347332,-0.22345527558581418,-0.46792656240303043,0.9841231756854657,0
0.0428782422044723,-1.1099901739376037,-1.179024470547907,0.2634237520672853,0.4405419421828948,-1.177851894974348,-0.19181098178098036,0.853056793629862,-0.9689365304770544,-0.570312581972397,-0.22345527558581418,1.4765926074703717,0.9841231756854657,0
-0.634918112038349,-1.1099901739376037,0.8491410419312149,0.8318703564646266,-0.404365943111267,-1.177851894974348,2.392124593114678,-0.3041918912684436,1.5688402266692962,0.5763988794695595,-0.7394662468772634,-0.44808453005738347,0.9841231756854657,0
-0.2960199349169384,0.9009088760241706,-1.179024470547907,-0.4993164646067747,-0.7423290972289317,0.9048055324001227,-0.963333572998217,0.2744324511807092,-1.4221109513960455,-0.7996548742607882,-0.4814607612315388,0.08765034327508442,-1.0161329645585022,0
0.7206745964472937,0.9009088760241706,-0.502969299721533,-0.3391185939301076,0.7785050963005594,0.9048055324001227,0.06599664927436881,-0.8828162337175963,-0.5996832986171352,0.3470565871811683,1.066572152642809,0.06780831092943747,-1.0161329645585022,0
-0.12657084635623306,0.9009088760241706,-0.502969299721533,-0.29529474819590507,-0.06640278899360229,-1.177851894974348,0.03575017658912821,0.853056793629862,-0.811164695045998,0.23238544103697253,-0.22345527558581418,1.0797519605574324,0.9841231756854657,0
0.0428782422044723,-1.1099901739376037,-1.179024470547907,0.2662979646523753,0.2715603651240624,0.9048055324001227,0.06599664927436881,1.4316811360790147,0.9377528849450718,-0.45564143582820127,0.03455021005991044,-0.8250831446246757,0.9841231756854657,0
-0.8043672005990544,0.9009088760241706,-1.179024470547907,-0.30041147829243897,-0.911310674287764,0.9048055324001227,-0.2507203421941191,0.853056793629862,0.4409394457153629,-0.11162799739561437,-0.7394662468772634,0.0479662785837905,0.9841231756854657,0
0.890123685007999,0.9009088760241706,-0.502969299721533,-0.20033518625004557,0.6095235192417271,0.9048055324001227,-0.24296077590314116,0.853056793629862,0.001192415045823164,-0.2262991435398101,0.8085666669970842,0.40512286080543575,0.9841231756854657,0
-0.46546902347764374,0.9009088760241706,0.8491410419312149,-0.14450913411656585,-0.404365943111267,0.9048055324001227,-0.5690209186199495,0.853056793629862,-1.730940927133432,-0.6849837281165926,-0.22345527558581418,-0.03140185079879733,-1.0161329645585022,0
-0.46546902347764374,-1.1099901739376037,1.5251962127575889,-0.3002693469008686,-0.7423290972289317,0.9048055324001227,-0.4090788379283631,1.4316811360790147,-0.5627579754311435,-0.34097028968400567,-0.7394662468772634,-1.7179746001787888,0.9841231756854657,0
0.5512255078865883,-1.1099901739376037,-1.179024470547907,-0.10682852297357222,-0.23538436605243465,-1.177851894974348,0.8577891279455886,-0.3041918912684436,1.4312094766124175,0.8057411717579506,0.8085666669970842,0.6233852166075523,-1.0161329645585022,0
-0.634918112038349,0.9009088760241706,-1.179024470547907,0.17323348792745433,-0.911310674287764,-1.177851894974348,0.38271364074285674,-0.3041918912684436,-1.4523225794573114,-0.11162799739561437,-0.7394662468772634,-0.6266628211682062,0.9841231756854657,0
-0.9738162891597597,-1.1099901739376037,-1.179024470547907,-0.44822812552564123,-0.404365943111267,-1.177851894974348,-0.4090788379283631,-0.3041918912684436,-0.3915587497506358,0.003043148748581378,-0.4814607612315388,-2.0156050853634935,0.9841231756854657,0
-0.9738162891597597,0.9009088760241706,-0.502969299721533,-0.20270404277621867,-0.911310674287764,0.9048055324001227,-0.5674373336626071,-1.461440576166749,-0.707102420612748,-0.570312581972397,-0.4814607612315388,1.317856348705196,0.9841231756854657,0
-0.46546902347764374,-1.1099901739376037,-0.502969299721533,-0.39548158687618656,-0.23538436605243465,-1.177851894974348,-1.042512820865339,0.2744324511807092,-0.7238866584245627,-1.0289971665491795,-0.4814607612315388,0.5043330225336705,0.9841231756854657,0
0.5512255078865883,-1.1099901739376037,-0.502969299721533,0.1914736831789873,0.9474866733593919,-1.177851894974348,-0.6217542976994527,-0.3041918912684436,0.5382880250238866,-0.9143260204049839,0.5505611813513597,-0.6068207888225592,-1.0161329645585022,0
0.21232733076517762,-1.1099901739376037,-0.502969299721533,-0.45400813544950364,0.10257878806523006,0.9048055324001227,-1.2008713165995828,1.4316811360790147,0.14218001266506483,-1.143668312693375,0.03455021005991044,1.0599099282117854,-1.0161329645585022,0
0.21232733076517762,0.9009088760241706,-1.179024470547907,-0.22227079768240857,0.2715603651240624,0.9048055324001227,-0.36188800619955835,-0.3041918912684436,-1.0260029390372234,-0.34097028968400567,-0.22345527558581418,-1.2616078562289088,0.9841231756854657,0
0.5512255078865883,-1.1099901739376037,1.5251962127575889,0.17692890410828438,0.2715603651240624,0.9048055324001227,-1.3277164716827123,0.853056793629862,-1.4926047502056663,-1.487681751125962,-0.22345527558581418,1.1789621222856672,0.9841231756854657,0
-0.12657084635623306,-1.1099901739376037,1.5251962127575889,-0.10472813685369872,-0.23538436605243465,0.9048055324001227,-0.7257958293968509,0.853056793629862,-0.04916029838962042,-0.7996548742607882,-0.7394662468772634,1.1392780575943733,-1.0161329645585022,0
0.0428782422044723,0.9009088760241706,-1.179024470547907,-0.015501207701178145,0.2715603651240624,-1.177851894974348,0.06599664927436881,0.853056793629862,1.4782053424854982,-0.11162799739561437,0.03455021005991044,-1.0631875327724392,-1.0161329645585022,0
1.0595727735687044,0.9009088760241706,-0.502969299721533,0.043309603655279666,1.2854498274770565,-1.177851894974348,0.8577891279455886,0.853056793629862,0.2563128297854033,0.4617277333253637,-0.22345527558581418,0.9011736694466097,0.9841231756854657,0
0.0428782422044723,-1.1099901739376037,-0.502969299721533,-0.20153540688997326,-0.7423290972289317,0.9048055324001227,-0.804975077263973,1.4316811360790147,-1.3482603050240614,-0.7996548742607882,0.03455021005991044,1.5559607368529593,0.9841231756854657,0
-0.8043672005990544,-1.1099901739376037,1.5251962127575889,0.9423380324684995,-0.911310674287764,-1.177851894974348,-0.04612116570547592,-1.461440576166749,-0.6668202498643935,-0.7996548742607882,-0.7394662468772634,-1.12271362980938,0.9841231756854657,0
-0.8043672005990544,-1.1099901739376037,0.8491410419312149,-0.5124873068922972,-0.911310674287764,0.9048055324001227,-0.7257958293968509,-0.8828162337175963,0.5785701957722418,-0.34097028968400567,-0.4814607612315388,-2.5910240233872552,0.9841231756854657,0
0.38177641932588297,-1.1099901739376037,-0.502969299721533,-0.4712060338295204,-0.5733475201700994,0.9048055324001227,-0.4675131228542991,-1.461440576166749,-1.4388951892078599,-0.11162799739561437,-0.22345527558581418,-0.46792656240303043,0.9841231756854657,0
0.7206745964472937,-1.1099901739376037,-0.502969299721533,0.5566092281233109,0.10257878806523006,-1.177851894974348,1.3328646151483206,-1.461440576166749,-0.17336365819704735,0.23238544103697253,0.8085666669970842,0.5837011519162584,0.9841231756854657,0
0.21232733076517762,0.9009088760241706,-0.502969299721533,0.7047101381396539,0.10257878806523006,-1.177851894974348,-0.12403354560672394,-0.8828162337175963,-1.0931398902844813,-0.7996548742607882,0.8085666669970842,-0.24966420660091387,0.9841231756854657,0
-0.9738162891597597,0.9009088760241706,-1.179024470547907,-0.38276872351905755,-0.911310674287764,-1.177851894974348,-0.4090788379283631,-0.8828162337175963,-1.0562145670984893,-0.11162799739561437,-0.4814607612315388,-0.8052411122790287,0.9841231756854657,0
0.7206745964472937,0.9009088760241706,-1.179024470547907,0.09471379027323622,0.6095235192417271,-1.177851894974348,-1.2800505644667048,1.4316811360790147,-0.24721430456903132,-1.3730106049817663,-0.22345527558581418,-1.12271362980938,0.9841231756854657,0
-0.634918112038349,-1.1099901739376037,1.5251962127575889,-0.6798075395243247,-0.06640278899360229,0.9048055324001227,-1.042512820865339,0.2744324511807092,-1.1804179269059165,-0.6849837281165926,-0.7394662468772634,1.0202258635204915,-1.0161329645585022,0
-0.12657084635623306,0.9009088760241706,-0.502969299721533,-0.803746112973702,-0.23538436605243465,0.9048055324001227,-0.7468575093295055,1.4316811360790147,0.6759187750807655,0.3470565871811683,0.03455021005991044,-1.162397694500674,-1.0161329645585022,0
0.890123685007999,0.9009088760241706,-0.502969299721533,1.4839533886127199,0.9474866733593919,-1.177851894974348,1.4799796576854332,-1.461440576166749,0.06832936629308146,-0.34097028968400567,0.5505611813513597,0.4844909901880236,-1.0161329645585022,0
0.21232733076517762,-1.1099901739376037,-0.502969299721533,-0.30142219041027285,0.10257878806523006,-1.177851894974348,-0.7257958293968509,-0.8828162337175963,-0.32106495094101467,-0.6849837281165926,0.03455021005991044,0.4448069254967297,0.9841231756854657,0
-0.8043672005990544,-1.1099901739376037,0.8491410419312149,0.3671480831599853,-0.911310674287764,0.9048055324001227,0.38271364074285674,1.4316811360790147,0.6188523665205963,-0.2262991435398101,-0.4814607612315388,0.22654456969461315,-1.0161329645585022,0
-0.9738162891597597,-1.1099901739376037,1.5251962127575889,-0.3927021285521435,-0.911310674287764,0.9048055324001227,-0.8841543251310949,-0.8828162337175963,0.6557776897065886,-0.7996548742607882,-0.7394662468772634,-1.7576586648700827,-1.0161329645585022,0
-0.2960199349169384,-1.1099901739376037,-1.179024470547907,-0.48663518600332795,0.10257878806523006,0.9048055324001227,-0.8524826259842462,0.2744324511807092,-0.24721430456903132,-0.570312581972397,0.03455021005991044,0.7424374106814341,0.9841231756854657,0
-0.2960199349169384,0.9009088760241706,-1.179024470547907,-0.24368526067901353,-0.23538436605243465,0.9048055324001227,0.0026532509806712224,1.4316811360790147,0.10861153704143597,0.1177142948927768,-0.7394662468772634,0.6630692812988462,-1.0161329645585022,0
0.0428782422044723,0.9009088760241706,-0.502969299721533,0.649673704848232,0.10257878806523006,-1.177851894974348,-1.2008713165995828,0.2744324511807092,0.2529559822230405,-1.3730106049817663,-0.22345527558581418,0.6233852166075523,0.9841231756854657,0
1.0595727735687044,0.9009088760241706,0.8491410419312149,-0.33987662801848306,0.9474866733593919,0.9048055324001227,-0.09236184645987515,-1.461440576166749,-1.2979075915886182,0.1177142948927768,0.8085666669970842,0.7225953783357871,-1.0161329645585022,0
-0.634918112038349,0.9009088760241706,0.8491410419312149,-0.43979499629246493,-0.911310674287764,0.9048055324001227,0.38271364074285674,0.853056793629862,0.7430557263280237,1.035083464046342,-0.7394662468772634,0.4249648931510827,0.9841231756854657,0
0.0428782422044723,-1.1099901739376037,-1.179024470547907,-0.1121663463458823,-0.404365943111267,0.9048055324001227,-1.1375279183058853,0.853056793629862,-1.1904884695930054,-1.2583394588375707,0.29255569570563505,-0.20998014190961997,0.9841231756854657,0
-0.634918112038349,0.9009088760241706,1.5251962127575889,-0.3006799486987386,-0.404365943111267,-1.177851894974348,-0.09236184645987515,0.853056793629862,-0.7373140486740141,0.1177142948927768,-0.997471732522988,0.3455967637684949,-1.0161329645585022,0
0.0428782422044723,0.9009088760241706,0.8491410419312149,-0.7962921111046772,0.2715603651240624,0.9048055324001227,-0.6314141659392416,1.4316811360790147,0.5584291103980642,0.5763988794695595,-0.22345527558581418,0.8813316371009629,0.9841231756854657,0
-0.12657084635623306,0.9009088760241706,0.8491410419312149,1.2206155047864755,-0.404365943111267,-1.177851894974348,0.8577891279455886,-0.3041918912684436,-1.5093889880174807,-0.45564143582820127,1.066572152642809,0.5440170872249644,0.9841231756854657,0
-0.9738162891597597,0.9009088760241706,-0.502969299721533,-0.4869826182938333,-0.911310674287764,0.9048055324001227,-0.9474977234247925,0.2744324511807092,-1.6873019088227141,-0.7996548742607882,-0.4814607612315388,0.40512286080543575,-1.0161329645585022,0
-0.634918112038349,-1.1099901739376037,-1.179024470547907,0.2761682001780966,-0.404365943111267,-1.177851894974348,-0.2507203421941191,-0.8828162337175963,-0.6567497071773044,-0.6849837281165926,-0.4814607612315388,-0.5076106270943244,-1.0161329645585022,0
2.2457163934936415,0.9009088760241706,-1.179024470547907,0.004476149002881773,1.9613761357123858,0.9048055324001227,-0.5674373336626071,-0.8828162337175963,-0.18007735332177302,-0.7996548742607882,1.8405886095799828,-0.15045404487267908,-1.0161329645585022,0
-0.46546902347764374,-1.1099901739376037,0.8491410419312149,-0.3902069330112411,-0.911310674287764,0.9048055324001227,-1.0645246517723987,-0.8828162337175963,0.19588957366287124,-1.0289971665491795,-0.7394662468772634,0.4844909901880236,-1.0161329645585022,0
-0.2960199349169384,-1.1099901739376037,-0.502969299721533,-0.6727483470763288,0.2715603651240624,0.9048055324001227,-0.7257958293968509,0.2744324511807092,0.3066655432208469,-0.11162799739561437,-0.22345527558581418,-0.9639773710442044,-1.0161329645585022,0
-0.46546902347764374,0.9009088760241706,1.5251962127575889,-0.10780765033772377,-0.5733475201700994,-1.177851894974348,-0.9791694225716413,-0.8828162337175963,0.001192415045823164,-1.0289971665491795,-0.7394662468772634,1.5956448015442533,-1.0161329645585022,0
0.0428782422044723,-1.1099901739376037,-0.502969299721533,-0.4873774277148622,-0.23538436605243465,0.9048055324001227,0.38271364074285674,-1.461440576166749,-0.029019213015442864,1.1497546101905376,0.29255569570563505,0.5043330225336705,0.9841231756854657,0
-0.46546902347764374,0.9009088760241706,-0.502969299721533,-0.20268825039937752,-0.06640278899360229,-1.177851894974348,0.8577891279455886,0.2744324511807092,-0.31770810337865185,0.9204123179021463,-0.7394662468772634,1.0003838311748445,0.9841231756854657,0
-0.8043672005990544,0.9009088760241706,0.8491410419312149,-0.3905227805480642,-0.911310674287764,0.9048055324001227,0.06599664927436881,-0.8828162337175963,0.03140404310708919,0.4617277333253637,-0.7394662468772634,-0.7060309505507939,0.9841231756854657,0
0.0428782422044723,0.9009088760241706,-0.502969299721533,0.6339918746449659,-0.23538436605243465,-1.177851894974348,1.3328646151483206,0.2744324511807092,0.22610120172413728,0.1177142948927768,0.5505611813513597,0.5241750548793175,-1.0161329645585022,0
0.38177641932588297,-1.1099901739376037,0.8491410419312149,0.6519004299828346,0.6095235192417271,-1.177851894974348,1.2818731795218938,0.2744324511807092,0.007906110170548816,0.1177142948927768,0.29255569570563505,-1.6386064707962011,0.9841231756854657,0
-0.2960199349169384,-1.1099901739376037,0.8491410419312149,-0.25849851015601605,-0.23538436605243465,0.9048055324001227,-0.4090788379283631,-0.8828162337175963,-1.1132809756586586,-0.34097028968400567,-0.7394662468772634,-0.051243883144444294,-1.0161329645585022,0
0.0428782422044723,0.9009088760241706,-0.502969299721533,-0.011063549808813846,0.10257878806523006,-1.177851894974348,1.9662985980852963,1.4316811360790147,1.2297986228706437,1.6084391947673204,0.03455021005991044,-0.686188918205147,0.9841231756854657,0
-0.12657084635623306,0.9009088760241706,-0.502969299721533,-0.6483649172335869,0.10257878806523006,-1.177851894974348,0.7158999157677061,-0.3041918912684436,0.29995184809612124,2.525808363920885,0.8085666669970842,1.35754041339649,0.9841231756854657,0
0.7206745964472937,0.9009088760241706,-1.179024470547907,-0.14681482113537436,0.4405419421828948,0.9048055324001227,1.2536853672811985,-0.8828162337175963,0.8236200678247334,1.2644257563347332,0.8085666669970842,-0.4877685947486774,0.9841231756854657,0
-0.46546902347764374,0.9009088760241706,0.8491410419312149,-0.5601487001989002,-0.404365943111267,0.9048055324001227,0.06599664927436881,0.853056793629862,-0.08272877401324927,1.035083464046342,-0.997471732522988,-0.8647672093159696,-1.0161329645585022,0
-0.12657084635623306,-1.1099901739376037,1.5251962127575889,-0.6403423897982806,-0.5733475201700994,0.9048055324001227,-0.2507203421941191,0.2744324511807092,0.1354663175403392,0.6910700256137552,-0.22345527558581418,0.7424374106814341,0.9841231756854657,0
-0.634918112038349,0.9009088760241706,0.8491410419312149,1.0318966015346842,-0.911310674287764,-1.177851894974348,-0.5674373336626071,1.4316811360790147,-0.34456288387755507,-1.143668312693375,-0.7394662468772634,-0.5472946917856183,-1.0161329645585022,0
0.0428782422044723,0.9009088760241706,-1.179024470547907,1.3112479554778589,0.10257878806523006,-1.177851894974348,-0.2507203421941191,-0.3041918912684436,0.001192415045823164,-1.0289971665491795,-0.22345527558581418,-0.6663468858595001,0.9841231756854657,0
-0.46546902347764374,0.9009088760241706,-1.179024470547907,-0.2503338513291394,-0.404365943111267,-1.177851894974348,-0.8841543251310949,1.4316811360790147,-0.6231812315536756,-0.9143260204049839,-0.4814607612315388,0.18686050500331922,0.9841231756854657,0
0.5512255078865883,-1.1099901739376037,-0.502969299721533,-0.5285481541397509,-0.06640278899360229,0.9048055324001227,0.06599664927436881,0.2744324511807092,-0.5694716705558691,0.9204123179021463,0.03455021005991044,0.9606997664835506,-1.0161329645585022,0
0.5512255078865883,0.9009088760241706,0.8491410419312149,0.24892635012710584,0.2715603651240624,-1.177851894974348,0.06599664927436881,0.2744324511807092,-1.4187541038336824,-0.45564143582820127,0.03455021005991044,0.06780831092943747,-1.0161329645585022,0
0.7206745964472937,-1.1099901739376037,-0.502969299721533,1.3136641891345553,0.9474866733593919,-1.177851894974348,1.2737968962394475,1.4316811360790147,0.5114332445249834,-0.34097028968400567,0.5505611813513597,0.9805417988291976,0.9841231756854657,0
-0.12657084635623306,0.9009088760241706,-0.502969299721533,0.8632182244943174,-0.911310674287764,-1.177851894974348,0.8577891279455886,1.4316811360790147,0.860545391010725,-0.34097028968400567,-0.22345527558581418,-0.051243883144444294,0.9841231756854657,0
-0.12657084635623306,0.9009088760241706,-0.502969299721533,-0.3358021947934653,0.10257878806523006,0.9048055324001227,-0.646616581529729,0.2744324511807092,0.1656779456016052,-0.570312581972397,-0.22345527558581418,-0.6465048535138531,0.9841231756854657,0
-0.634918112038349,0.9009088760241706,-0.502969299721533,-0.14458809600077163,-0.5733475201700994,0.9048055324001227,-0.804975077263973,-0.8828162337175963,0.8538316958859994,-0.9143260204049839,-0.7394662468772634,-0.13061201252703214,0.9841231756854657,0
-0.2960199349169384,-1.1099901739376037,-0.502969299721533,0.5003409894382789,-0.404365943111267,-1.177851894974348,-0.9055327220552178,-0.3041918912684436,-1.8417168966914077,-1.2583394588375707,-0.4814607612315388,0.16701847265767225,0.9841231756854657,0
-0.12657084635623306,0.9009088760241706,-1.179024470547907,-0.7721613592913938,-0.23538436605243465,0.21058638994196582,-1.2008713165995828,1.4316811360790147,0.0985409943543475,-0.9143260204049839,0.03455021005991044,-0.17029607721832604,0.9841231756854657,0
-0.9738162891597597,0.9009088760241706,0.8491410419312149,-0.28605620774382995,-0.911310674287764,-1.177851894974348,0.5410721364771007,-1.461440576166749,0.041474585794178266,0.8057411717579506,-0.7394662468772634,-0.40840046536608954,-1.0161329645585022,0
0.5512255078865883,0.9009088760241706,1.5251962127575889,-0.6074626612149978,0.7785050963005594,0.9048055324001227,0.06599664927436881,0.2744324511807092,-0.8178783901707236,1.1497546101905376,0.29255569570563505,1.4369085427790778,-1.0161329645585022,0
0.5512255078865883,-1.1099901739376037,0.17308587110484092,0.46111272536485215,0.10257878806523006,-1.177851894974348,0.8577891279455886,0.853056793629862,0.4107278176540969,0.003043148748581378,0.03455021005991044,0.6035431842619053,0.9841231756854657,0
-0.8043672005990544,-1.1099901739376037,-0.502969299721533,0.38101379002651864,-0.911310674287764,-1.177851894974348,-0.25325407812586703,-0.8828162337175963,0.9209686471332571,-0.6849837281165926,-0.7394662468772634,-0.9441353386985575,0.9841231756854657,0
-0.12657084635623306,-1.1099901739376037,-1.179024470547907,1.423484377687941,-0.23538436605243465,-1.177851894974348,-0.5175544075063202,0.2744324511807092,-1.1636336890941021,-1.143668312693375,0.03455021005991044,0.32575473142284794,-1.0161329645585022,0
-0.634918112038349,0.9009088760241706,-0.502969299721533,-0.3004904401766448,-0.404365943111267,0.9048055324001227,-0.7257958293968509,-0.8828162337175963,-0.3915587497506358,-0.6849837281165926,-0.4814607612315388,0.4448069254967297,0.9841231756854657,0
-0.634918112038349,0.9009088760241706,1.5251962127575889,0.21122994660727104,-0.06640278899360229,-1.177851894974348,0.38271364074285674,-1.461440576166749,-0.8950858841050704,-0.11162799739561437,-0.4814607612315388,0.7027533459901402,0.9841231756854657,0
-1.143265377720465,-1.1099901739376037,-0.502969299721533,-0.16524452490900118,-0.911310674287764,-1.177851894974348,-0.2507203421941191,-1.461440576166749,-0.8010941523589095,-0.2262991435398101,-0.7394662468772634,-0.07108591549009124,0.9841231756854657,0
-0.2960199349169384,-1.1099901739376037,-1.179024470547907,-0.6459960607074138,-0.404365943111267,0.9048055324001227,-0.5040939353689095,1.4316811360790147,1.1223795008750308,0.23238544103697253,-0.4814607612315388,0.0479662785837905,0.9841231756854657,0
-0.12657084635623306,-1.1099901739376037,1.5251962127575889,0.2654293839261119,0.10257878806523006,0.9048055324001227,-0.2507203421941191,-0.8828162337175963,-0.5056915668709743,-0.6849837281165926,0.03455021005991044,-1.9957630530178463,0.9841231756854657,0
-0.634918112038349,0.9009088760241706,0.8491410419312149,0.30581049150894285,-0.911310674287764,-1.177851894974348,1.6495816066168083,-0.8828162337175963,0.051545128481266744,0.6910700256137552,-0.7394662468772634,0.16701847265767225,0.9841231756854657,0
-0.634918112038349,-1.1099901739376037,1.5251962127575889,1.9145167508099448,-0.911310674287764,-1.177851894974348,1.6495816066168083,-0.8828162337175963,0.4745079213389917,-0.45564143582820127,-0.997471732522988,-1.7378166325244357,0.9841231756854657,0
-0.46546902347764374,-1.1099901739376037,0.8491410419312149,1.8754937876354532,-0.911310674287764,-1.177851894974348,0.06599664927436881,1.4316811360790147,-0.613110688866587,-1.0289971665491795,-0.4814607612315388,-0.8449251769703227,-1.0161329645585022,0
-0.46546902347764374,0.9009088760241706,0.8491410419312149,-0.3328806050778518,-0.7423290972289317,-1.177851894974348,1.6495816066168083,0.853056793629862,0.26302652491012896,2.2964660716324943,0.29255569570563505,0.8416475724096689,-1.0161329645585022,0
0.890123685007999,-1.1099901739376037,-1.179024470547907,-0.8633623355490586,0.4405419421828948,0.21058638994196582,-0.7257958293968509,1.4316811360790147,0.20596011634995973,0.6910700256137552,0.8085666669970842,0.6630692812988462,0.9841231756854657,0
-0.9738162891597597,0.9009088760241706,-1.179024470547907,-0.5171302656835965,-0.911310674287764,-1.177851894974348,0.06599664927436881,-0.8828162337175963,1.055242549627773,0.8057411717579506,-0.7394662468772634,0.5638591195706114,0.9841231756854657,0
-0.12657084635623306,-1.1099901739376037,-1.179024470547907,-0.5247421913210327,-0.5733475201700994,-1.177851894974348,-0.8841543251310949,0.2744324511807092,-0.9823639207265057,-0.570312581972397,0.8085666669970842,1.0599099282117854,-1.0161329645585022,0
-0.46546902347764374,-1.1099901739376037,-0.502969299721533,-0.7898646137303276,-0.7423290972289317,0.9048055324001227,-0.5940415609459601,-0.3041918912684436,-1.7141566893216171,0.6910700256137552,-0.7394662468772634,1.5162766721616654,0.9841231756854657,0
0.890123685007999,-1.1099901739376037,-1.179024470547907,-0.5031224274254928,0.7785050963005594,0.9048055324001227,-0.7257958293968509,0.2744324511807092,-1.3851856282100534,-0.45564143582820127,1.582583123934258,0.8813316371009629,-1.0161329645585022,0
-0.634918112038349,0.9009088760241706,-0.502969299721533,-0.005251955131269143,-0.911310674287764,-1.177851894974348,-0.2185735675600676,0.2744324511807092,0.4711510737766289,-0.45564143582820127,-0.997471732522988,-0.9441353386985575,0.9841231756854657,0
-0.2960199349169384,0.9009088760241706,0.8491410419312149,0.02677498510259134,-0.404365943111267,-1.177851894974348,0.16370384114239733,0.2744324511807092,-1.4926047502056663,-0.11162799739561437,-0.22345527558581418,-2.2933935382025505,0.9841231756854657,0
-0.9738162891597597,-1.1099901739376037,-0.502969299721533,-0.3376972800144038,-0.911310674287764,-1.177851894974348,0.8577891279455886,-0.8828162337175963,-0.5761853656805954,1.379096902478929,-0.4814607612315388,0.14717644031202531,-1.0161329645585022,0
-0.46546902347764374,0.9009088760241706,-0.502969299721533,-0.5833792865322379,-0.7423290972289317,0.9048055324001227,-1.350836812059912,1.4316811360790147,-0.5996832986171352,-1.3730106049817663,-0.7394662468772634,-0.46792656240303043,0.9841231756854657,0
-0.46546902347764374,-1.1099901739376037,-0.502969299721533,1.0289592194422295,-0.23538436605243465,-1.177851894974348,1.6495816066168083,0.2744324511807092,-0.04580345082725759,0.003043148748581378,-0.4814607612315388,0.6829113136444932,0.9841231756854657,0
-0.46546902347764374,0.9009088760241706,-0.502969299721533,-0.10806032836718224,-0.404365943111267,0.9048055324001227,0.8577891279455886,-1.461440576166749,-0.9252975121663365,0.8057411717579506,-0.7394662468772634,0.9210157017922567,0.9841231756854657,0
1.398470950690115,0.9009088760241706,0.8491410419312149,-0.321320585230127,0.6095235192417271,0.9048055324001227,0.38271364074285674,1.4316811360790147,1.0015329886299666,0.6910700256137552,1.582583123934258,-1.8171847619070236,0.9841231756854657,0
-0.8043672005990544,0.9009088760241706,-1.179024470547907,0.8473153010152753,-0.911310674287764,0.9048055324001227,-0.4090788379283631,1.4316811360790147,-0.41169983512481334,-1.0289971665491795,-0.7394662468772634,1.4170665104334308,0.9841231756854657,0
-0.46546902347764374,0.9009088760241706,-0.502969299721533,0.26764031668387345,-0.06640278899360229,-1.177851894974348,-0.816693605948307,-0.3041918912684436,2.17642963545698,-1.0289971665491795,-0.997471732522988,-1.8370267942526706,0.9841231756854657,0
0.21232733076517762,0.9009088760241706,0.8491410419312149,2.5447115486561986,-0.06640278899360229,-1.177851894974348,0.8326101271238439,0.853056793629862,-0.14650887769814416,-0.9143260204049839,0.03455021005991044,0.6035431842619053,0.9841231756854657,0
0.890123685007999,0.9009088760241706,-0.502969299721533,2.443498205481242,0.4405419421828948,-1.177851894974348,-0.9655505919384963,1.4316811360790147,-0.25057115213139414,-1.487681751125962,0.8085666669970842,0.8416475724096689,-1.0161329645585022,0
0.5512255078865883,-1.1099901739376037,0.8491410419312149,0.24551519672941657,0.6095235192417271,0.9048055324001227,0.06599664927436881,-0.8828162337175963,0.1354663175403392,-0.45564143582820127,0.5505611813513597,1.1194360252487263,0.9841231756854657,0
0.0428782422044723,0.9009088760241706,1.5251962127575889,-0.3900490092428296,-0.23538436605243465,-1.177851894974348,-0.5040939353689095,0.853056793629862,-0.5459737376193288,-0.2262991435398101,0.03455021005991044,0.5043330225336705,0.9841231756854657,0
-0.8043672005990544,0.9009088760241706,0.8491410419312149,-0.6014615580153593,-0.23538436605243465,0.9048055324001227,-0.7257958293968509,-0.8828162337175963,-0.4049861400000871,-0.2262991435398101,-0.4814607612315388,0.8614896047553159,-1.0161329645585022,0
-0.8043672005990544,0.9009088760241706,-0.502969299721533,-0.14649897359855127,-0.911310674287764,-1.177851894974348,1.251468348340919,-0.3041918912684436,-0.3479197314399179,1.2644257563347332,-0.4814607612315388,-0.6465048535138531,0.9841231756854657,0
1.398470950690115,0.9009088760241706,-0.502969299721533,0.8042021122389247,1.2854498274770565,-1.177851894974348,0.6991139152198762,-0.8828162337175963,-0.717172963299837,-0.34097028968400567,1.582583123934258,0.7027533459901402,0.9841231756854657,0
0.7206745964472937,0.9009088760241706,1.5251962127575889,2.0812052883683263,0.7785050963005594,-1.177851894974348,-1.1365777673314799,1.4316811360790147,1.0015329886299666,-1.487681751125962,1.066572152642809,0.14717644031202531,0.9841231756854657,0
-0.8043672005990544,0.9009088760241706,1.5251962127575889,0.0017598601862032705,-0.911310674287764,-1.177851894974348,0.38271364074285674,1.4316811360790147,0.011262957732911642,0.1177142948927768,-0.4814607612315388,1.298014316359549,0.9841231756854657,0
0.0428782422044723,0.9009088760241706,1.5251962127575889,-0.014680004105438132,0.10257878806523006,-1.177851894974348,-0.3298995900612411,-0.8828162337175963,-1.1804179269059165,-0.570312581972397,0.5505611813513597,-0.7655570475877348,0.9841231756854657,0
-0.46546902347764374,0.9009088760241706,-1.179024470547907,1.1259086208700746,-0.404365943111267,-1.177851894974348,0.38271364074285674,0.853056793629862,-0.3479197314399179,-0.6849837281165926,-0.7394662468772634,-1.7378166325244357,0.9841231756854657,0
-0.2960199349169384,0.9009088760241706,-0.502969299721533,0.9328468139869658,0.2715603651240624,-1.177851894974348,-0.7257958293968509,-0.3041918912684436,-0.7977373047965461,-1.143668312693375,-0.22345527558581418,0.40512286080543575,-1.0161329645585022,0
-0.46546902347764374,0.9009088760241706,0.8491410419312149,0.21012448022839025,-0.5733475201700994,-1.177851894974348,0.3847723011874019,0.2744324511807092,-1.0461440244114009,-0.11162799739561437,-0.4814607612315388,0.9011736694466097,0.9841231756854657,0
0.38177641932588297,0.9009088760241706,-0.502969299721533,-0.3830845710558806,0.10257878806523006,-1.177851894974348,0.895636808426073,0.853056793629862,-0.11629724963687813,1.4937680486231246,1.066572152642809,-0.8846092416616166,0.9841231756854657,0
-0.46546902347764374,0.9009088760241706,-0.502969299721533,-0.01757000906736933,0.10257878806523006,0.9048055324001227,-0.7574675285436998,-0.3041918912684436,0.06161567116835522,-0.9143260204049839,-0.4814607612315388,0.6829113136444932,0.9841231756854657,0
0.38177641932588297,0.9009088760241706,0.17308587110484092,-0.2596039765348968,0.10257878806523006,-1.177851894974348,-0.4090788379283631,0.853056793629862,0.5752133482098789,-0.34097028968400567,0.8085666669970842,0.9606997664835506,-1.0161329645585022,0
-0.2960199349169384,0.9009088760241706,-1.179024470547907,-0.560227662083106,-0.404365943111267,-1.177851894974348,1.3349232755928657,1.4316811360790147,-0.22707321919485376,3.0991640946418633,-0.7394662468772634,-1.678290535487495,0.9841231756854657,0
-0.8043672005990544,0.9009088760241706,0.8491410419312149,-0.16862409355300814,-0.911310674287764,0.9048055324001227,0.38271364074285674,-1.461440576166749,-0.7540982864858288,0.3470565871811683,-0.7394662468772634,0.12733440796637835,-1.0161329645585022,0
-0.634918112038349,-1.1099901739376037,0.8491410419312149,-0.413153256561438,-0.7423290972289317,0.9048055324001227,-0.5674373336626071,0.2744324511807092,-0.7037455730503852,-0.34097028968400567,-0.4814607612315388,-0.5076106270943244,-1.0161329645585022,0
1.0595727735687044,0.9009088760241706,-1.179024470547907,-0.8143743825877987,1.4544314045358888,0.21058638994196582,-0.4090788379283631,-0.8828162337175963,-1.4388951892078599,1.2644257563347332,1.582583123934258,0.4844909901880236,0.9841231756854657,0
-0.12657084635623306,0.9009088760241706,-0.502969299721533,1.0305068723726627,-0.404365943111267,-1.177851894974348,-0.7869222087502692,0.2744324511807092,-1.5161026831422064,-1.2583394588375707,-0.7394662468772634,-0.3488743683291487,-1.0161329645585022,0
-0.2960199349169384,0.9009088760241706,-1.179024470547907,3.494101867215859,-0.06640278899360229,-1.177851894974348,-0.08776945008358208,-0.8828162337175963,-0.388201902188273,-1.2583394588375707,-0.997471732522988,0.2463866020402601,-1.0161329645585022,0
-0.46546902347764374,-1.1099901739376037,0.8491410419312149,-0.3939023491920712,-0.404365943111267,0.9048055324001227,-0.7257958293968509,0.2744324511807092,-1.0495008719737637,-0.570312581972397,-0.7394662468772634,-0.5274526594399713,0.9841231756854657,0
1.0595727735687044,0.9009088760241706,-0.502969299721533,-0.22765599818524213,0.2715603651240624,0.9048055324001227,-1.01084112171849,-0.3041918912684436,-1.4254677989584081,-1.0289971665491795,1.066572152642809,-0.5671367241312653,-1.0161329645585022,0
-0.46546902347764374,0.9009088760241706,-1.179024470547907,1.256211522186437,-0.23538436605243465,-1.177851894974348,0.06599664927436881,-0.3041918912684436,0.2965950005337584,-0.9143260204049839,-0.7394662468772634,0.9210157017922567,0.9841231756854657,0
-0.2960199349169384,0.9009088760241706,0.8491410419312149,-0.4860034909296818,-0.5733475201700994,0.9048055324001227,-0.5555604464825388,-0.8828162337175963,0.850474848323636,-0.2262991435398101,-0.22345527558581418,0.801963507718375,-1.0161329645585022,0
0.7206745964472937,0.9009088760241706,-0.502969299721533,0.841961685266124,0.7785050963005594,-1.177851894974348,-0.09236184645987515,-0.8828162337175963,0.1522505553521539,-0.7996548742607882,1.066572152642809,0.6035431842619053,-1.0161329645585022,0
-0.12657084635623306,-1.1099901739376037,0.8491410419312149,0.45841222892501476,-0.23538436605243465,-1.177851894974348,0.06599664927436881,0.853056793629862,-1.328119219649884,-0.570312581972397,-0.22345527558581418,-0.3488743683291487,-1.0161329645585022,0
-0.12657084635623306,-1.1099901739376037,0.8491410419312149,0.5205868165486384,-0.5733475201700994,-1.177851894974348,1.0161476236798326,-0.3041918912684436,0.7833378970763782,0.003043148748581378,1.066572152642809,1.258330251668255,-1.0161329645585022,0
0.38177641932588297,-1.1099901739376037,-1.179024470547907,-0.5848637699553063,0.2715603651240624,0.9048055324001227,0.06599664927436881,0.2744324511807092,-0.035732908140168516,1.035083464046342,0.03455021005991044,-1.5989224061049072,0.9841231756854657,0
0.21232733076517762,0.9009088760241706,1.5251962127575889,0.025243124548999393,0.2715603651240624,-1.177851894974348,0.7394953316321083,-0.8828162337175963,-0.012234975203628139,0.3470565871811683,1.066572152642809,1.258330251668255,-1.0161329645585022,0
0.21232733076517762,-1.1099901739376037,1.5251962127575889,-0.11019229924073803,0.6095235192417271,0.9048055324001227,1.1745061194140765,0.853056793629862,-0.8749447987308929,1.035083464046342,0.03455021005991044,0.5837011519162584,0.9841231756854657,0
0.5512255078865883,-1.1099901739376037,1.5251962127575889,-0.29306802306130236,0.10257878806523006,-1.177851894974348,0.1451758971414908,1.4316811360790147,-1.529530073391658,0.3470565871811683,0.5505611813513597,0.6630692812988462,-1.0161329645585022,0
0.7206745964472937,-1.1099901739376037,-1.179024470547907,-0.7308327090980936,0.6095235192417271,0.9048055324001227,-0.5674373336626071,0.2744324511807092,0.4006572749670078,0.4617277333253637,0.03455021005991044,1.3972244780877838,-1.0161329645585022,0
0.5512255078865883,0.9009088760241706,1.5251962127575889,-0.0880198021557577,-0.06640278899360229,0.9048055324001227,-0.3582457607976708,-0.8828162337175963,0.001192415045823164,-0.45564143582820127,0.8085666669970842,-0.9838194033898514,0.9841231756854657,0
-0.634918112038349,-1.1099901739376037,-0.502969299721533,-0.6785915265075558,-0.911310674287764,0.9048055324001227,-0.7257958293968509,-0.8828162337175963,0.20596011634995973,0.003043148748581378,-0.997471732522988,0.5241750548793175,-1.0161329645585022,0
0.38177641932588297,0.9009088760241706,-0.502969299721533,-0.14716225342587974,0.6095235192417271,0.9048055324001227,-0.5688625601242152,0.853056793629862,-1.633592347824908,-0.6849837281165926,0.03455021005991044,-0.11076998018138517,-1.0161329645585022,0
0.21232733076517762,-1.1099901739376037,1.5251962127575889,-0.5481464937996231,-0.5733475201700994,0.9048055324001227,-1.1014221812784777,-0.8828162337175963,-0.811164695045998,-0.9143260204049839,-0.22345527558581418,0.9011736694466097,0.9841231756854657,0
-0.8043672005990544,-1.1099901739376037,1.5251962127575889,-0.2444117100137066,-0.911310674287764,-1.177851894974348,-0.8841543251310949,-0.8828162337175963,-0.5526874327440551,-0.9143260204049839,-0.7394662468772634,0.782121475372728,0.9841231756854657,0
-0.8043672005990544,0.9009088760241706,-0.502969299721533,-0.01738050054527548,-0.7423290972289317,-1.177851894974348,0.4618928886099787,-1.461440576166749,-0.04580345082725759,0.23238544103697253,-0.4814607612315388,0.028124246238143545,0.9841231756854657,0
2.0762673049329363,0.9009088760241706,-0.502969299721533,1.386609177763846,2.4683208668888827,-1.177851894974348,-0.13305997986357584,-0.8828162337175963,-1.2173432500919086,-1.0289971665491795,1.066572152642809,-0.15045404487267908,0.9841231756854657,0
0.890123685007999,-1.1099901739376037,1.5251962127575889,-0.5410873013516272,1.1164682504182242,-1.177851894974348,0.5410721364771007,0.853056793629862,-0.21700267650776528,1.6084391947673204,0.5505611813513597,0.14717644031202531,-1.0161329645585022,0
-0.12657084635623306,0.9009088760241706,-0.502969299721533,0.07870032015630597,0.4405419421828948,-1.177851894974348,2.4413740852880284,0.853056793629862,0.09182729922962125,1.7231103409115156,-0.22345527558581418,1.1988041546313142,0.9841231756854657,0
-0.9738162891597597,0.9009088760241706,-0.502969299721533,-0.8304510222120935,-0.911310674287764,0.21058638994196582,-0.3968852337568263,1.4316811360790147,-0.3512765790022807,1.379096902478929,-0.997471732522988,0.5638591195706114,-1.0161329645585022,0
0.0428782422044723,0.9009088760241706,0.8491410419312149,-0.5807893367302887,0.4405419421828948,0.21058638994196582,-0.8524826259842462,0.2744324511807092,0.29995184809612124,-0.45564143582820127,0.03455021005991044,-1.162397694500674,0.9841231756854657,0
0.21232733076517762,0.9009088760241706,-0.502969299721533,0.5753389870569197,0.10257878806523006,-1.177851894974348,0.4888138328848002,-0.8828162337175963,1.1257363484373937,-0.34097028968400567,0.5505611813513597,0.8813316371009629,0.9841231756854657,0
0.0428782422044723,0.9009088760241706,-0.502969299721533,-0.3003167240313921,-0.404365943111267,-1.177851894974348,1.6495816066168083,-0.3041918912684436,0.6121386713958706,2.1817949254882985,0.03455021005991044,-1.3211339532658497,0.9841231756854657,0
-0.46546902347764374,0.9009088760241706,-0.502969299721533,0.17569709871467437,-0.911310674287764,0.9048055324001227,-1.042512820865339,-0.3041918912684436,-0.5526874327440551,-1.2583394588375707,-0.7394662468772634,0.6035431842619053,-1.0161329645585022,0
-0.46546902347764374,0.9009088760241706,-0.502969299721533,-0.12216292088633283,-0.911310674287764,-1.177851894974348,1.4120438630154424,-0.8828162337175963,0.5785701957722418,1.379096902478929,-0.7394662468772634,-0.7060309505507939,0.9841231756854657,0
-0.8043672005990544,0.9009088760241706,1.5251962127575889,-0.5592801194726368,-0.911310674287764,0.9048055324001227,-1.293827753595584,0.853056793629862,1.088811025251402,-1.2583394588375707,-0.7394662468772634,-0.24966420660091387,0.9841231756854657,0
1.5679200392508204,0.9009088760241706,1.5251962127575889,-0.4898726232557645,1.4544314045358888,0.9048055324001227,-0.7257958293968509,0.853056793629862,0.04818828091890392,-0.45564143582820127,1.582583123934258,-0.5274526594399713,-1.0161329645585022,0
1.906818216372231,0.9009088760241706,0.8491410419312149,-0.41621697766862187,1.7923945586535535,0.21058638994196582,0.06599664927436881,0.853056793629862,-1.136778908595199,0.5763988794695595,2.356599580871432,0.46464895784237664,0.9841231756854657,0
-0.634918112038349,-1.1099901739376037,0.8491410419312149,0.5535612993929682,-0.911310674287764,0.9048055324001227,0.6994306322113446,1.4316811360790147,0.5181469396497097,-0.2262991435398101,-0.7394662468772634,0.8416475724096689,0.9841231756854657,0
-0.634918112038349,-1.1099901739376037,0.8491410419312149,-0.6785757341307147,-0.7423290972289317,0.9048055324001227,-0.09236184645987515,1.4316811360790147,-1.368401390398239,1.1497546101905376,-0.4814607612315388,0.028124246238143545,0.9841231756854657,0
0.21232733076517762,-1.1099901739376037,-0.502969299721533,-0.20044573288793363,0.10257878806523006,-1.177851894974348,-0.8841543251310949,0.2744324511807092,-0.2807827801926602,-0.9143260204049839,0.5505611813513597,1.337698381050843,0.9841231756854657,0
-0.12657084635623306,-1.1099901739376037,0.8491410419312149,-0.01505902114962583,-0.06640278899360229,0.9048055324001227,-0.18737694390042153,-0.8828162337175963,-1.2005590122800942,-0.34097028968400567,-0.4814607612315388,1.0599099282117854,0.9841231756854657,0
2.2457163934936415,-1.1099901739376037,-1.179024470547907,-0.5507522359784135,2.4683208668888827,0.9048055324001227,-1.042512820865339,0.2744324511807092,0.001192415045823164,-0.7996548742607882,2.6146050665171567,-0.5671367241312653,0.9841231756854657,0
0.21232733076517762,-1.1099901739376037,0.8491410419312149,-0.20641525133388988,0.2715603651240624,-1.177851894974348,-0.2507203421941191,0.853056793629862,-0.0726582313261608,-0.2262991435398101,0.8085666669970842,0.0479662785837905,0.9841231756854657,0
0.7206745964472937,-1.1099901739376037,0.17308587110484092,0.7426750120657883,0.10257878806523006,0.9048055324001227,-1.0602489723875743,-0.3041918912684436,-1.2374843354660858,-1.3730106049817663,0.8085666669970842,1.1988041546313142,0.9841231756854657,0
-0.8043672005990544,0.9009088760241706,0.8491410419312149,0.6557695623089174,-0.911310674287764,-1.177851894974348,-0.8604005507709583,-0.8828162337175963,-0.11965409719924096,-1.2583394588375707,-0.7394662468772634,-0.40840046536608954,-1.0161329645585022,0
0.0428782422044723,0.9009088760241706,-0.502969299721533,-0.5831266085027794,-0.06640278899360229,0.9048055324001227,-0.7574675285436998,0.2744324511807092,0.5517154152733386,-0.34097028968400567,-0.22345527558581418,0.5043330225336705,0.9841231756854657,0
-0.634918112038349,-1.1099901739376037,-0.502969299721533,0.17814491712505323,-0.23538436605243465,-1.177851894974348,0.06599664927436881,-1.461440576166749,-0.5124052619956999,-0.34097028968400567,-0.7394662468772634,0.16701847265767225,0.9841231756854657,0
-0.46546902347764374,0.9009088760241706,-1.179024470547907,-0.48887770351477183,-0.7423290972289317,-1.177851894974348,0.6994306322113446,1.4316811360790147,-1.2979075915886182,1.7231103409115156,-0.22345527558581418,-2.2933935382025505,0.9841231756854657,0
1.5679200392508204,0.9009088760241706,-0.502969299721533,-0.8537131932991135,1.2854498274770565,0.9048055324001227,-0.9752104601782853,1.4316811360790147,0.5953544335840558,-0.11162799739561437,1.582583123934258,-0.13061201252703214,0.9841231756854657,0
0.38177641932588297,-1.1099901739376037,-0.502969299721533,-0.8076310376766259,-0.06640278899360229,0.9048055324001227,-0.738781226047059,-0.8828162337175963,-0.603040146179498,0.3470565871811683,0.29255569570563505,0.5638591195706114,-1.0161329645585022,0
0.0428782422044723,0.9009088760241706,-0.502969299721533,-0.7744670463102024,-0.23538436605243465,0.9048055324001227,-0.3298995900612411,-1.461440576166749,0.501362701837895,1.1497546101905376,0.03455021005991044,-0.5671367241312653,0.9841231756854657,0
-0.634918112038349,-1.1099901739376037,1.5251962127575889,0.1443492306849835,-0.06640278899360229,-1.177851894974348,-0.4090788379283631,-0.8828162337175963,-1.3482603050240614,-0.6849837281165926,-0.4814607612315388,0.9805417988291976,-1.0161329645585022,0
0.890123685007999,-1.1099901739376037,-0.502969299721533,1.481505570202341,0.7785050963005594,0.9048055324001227,-0.7257958293968509,0.2744324511807092,-0.6500360120525788,-1.2583394588375707,1.066572152642809,1.3773824457421369,-1.0161329645585022,0
0.5512255078865883,-1.1099901739376037,1.5251962127575889,-0.8679263324561521,0.6095235192417271,0.21058638994196582,-0.5085279732494683,0.853056793629862,-1.8350032015666817,1.379096902478929,0.03455021005991044,-0.17029607721832604,0.9841231756854657,0
-0.46546902347764374,-1.1099901739376037,-0.502969299721533,-0.16701327111521044,-0.5733475201700994,0.9048055324001227,-0.02981024064484879,0.853056793629862,-1.6503765856367223,0.003043148748581378,-0.4814607612315388,1.774223092655076,0.9841231756854657,0
0.0428782422044723,0.9009088760241706,-1.179024470547907,0.2321232611681179,-0.06640278899360229,0.9048055324001227,0.38271364074285674,0.853056793629862,0.03476089066945202,-0.11162799739561437,1.066572152642809,-2.710076217461137,0.9841231756854657,0
0.890123685007999,0.9009088760241706,-0.502969299721533,-0.6749119027035669,1.1164682504182242,-1.177851894974348,-0.7257958293968509,1.4316811360790147,0.001192415045823164,-0.11162799739561437,0.8085666669970842,-0.17029607721832604,0.9841231756854657,0
-0.634918112038349,0.9009088760241706,-0.502969299721533,0.08703869512843533,-0.06640278899360229,-1.177851894974348,-0.37328981789242394,-1.461440576166749,-0.27742593263029736,-0.6849837281165926,-0.4814607612315388,-1.5790803737592602,0.9841231756854657,0
0.38177641932588297,-1.1099901739376037,-1.179024470547907,-0.10605469650835567,0.10257878806523006,0.9048055324001227,0.06599664927436881,0.853056793629862,-1.5496711587658354,0.003043148748581378,0.29255569570563505,-0.5472946917856183,0.9841231756854657,0
-0.8043672005990544,0.9009088760241706,-1.179024470547907,-0.771671795609318,-0.911310674287764,0.9048055324001227,-0.6399655247088908,1.4316811360790147,-0.31435125581628903,0.4617277333253637,-0.4814607612315388,-1.658448503141848,0.9841231756854657,0
0.38177641932588297,-1.1099901739376037,1.5251962127575889,0.17962940054812174,0.2715603651240624,-1.177851894974348,0.44051449168585577,1.4316811360790147,0.06832936629308146,0.003043148748581378,0.03455021005991044,-2.134657279437375,0.9841231756854657,0
0.0428782422044723,0.9009088760241706,-0.502969299721533,-0.06998490780315973,0.2715603651240624,0.9048055324001227,0.6004565723774422,0.853056793629862,0.7363420312032976,0.4617277333253637,0.03455021005991044,0.5043330225336705,0.9841231756854657,0
1.5679200392508204,0.9009088760241706,0.8491410419312149,1.5956054928796792,1.6234129815947211,-1.177851894974348,0.38271364074285674,-0.3041918912684436,-0.16664996307232172,-0.7996548742607882,1.582583123934258,2.0123274808028393,-1.0161329645585022,0
0.5512255078865883,0.9009088760241706,-1.179024470547907,-0.05670351887974915,0.10257878806523006,-1.177851894974348,2.867041721821676,1.4316811360790147,-0.15657942038523323,2.525808363920885,0.5505611813513597,-0.30919030363785477,0.9841231756854657,0
-0.2960199349169384,0.9009088760241706,-0.502969299721533,0.17474955610420512,-0.404365943111267,-1.177851894974348,2.4413740852880284,1.4316811360790147,1.6997572816014495,1.4937680486231246,0.5505611813513597,0.9606997664835506,0.9841231756854657,0
-0.9738162891597597,0.9009088760241706,1.5251962127575889,-0.3009010419745148,-0.911310674287764,0.9048055324001227,-0.4090788379283631,1.4316811360790147,1.3036492692426276,-0.2262991435398101,-0.4814607612315388,1.8139071573463699,-1.0161329645585022,0
1.5679200392508204,0.9009088760241706,-1.179024470547907,1.9754753254167996,1.4544314045358888,-1.177851894974348,1.6495816066168083,-0.8828162337175963,0.9310391898203456,-0.45564143582820127,1.066572152642809,1.6154868338899002,-1.0161329645585022,0
-0.8043672005990544,0.9009088760241706,0.8491410419312149,0.2689668763385304,-0.911310674287764,-1.177851894974348,-0.7326052447134235,-0.8828162337175963,1.0015329886299666,-1.0289971665491795,-0.7394662468772634,0.4448069254967297,-1.0161329645585022,0
0.890123685007999,-1.1099901739376037,1.5251962127575889,-0.1856956529182957,0.6095235192417271,0.9048055324001227,0.06599664927436881,-0.8828162337175963,-0.45869570099789353,0.1177142948927768,0.03455021005991044,0.6233852166075523,0.9841231756854657,0
1.2290218621294098,0.9009088760241706,0.8491410419312149,0.27608923829389087,0.9474866733593919,-1.177851894974348,-0.5674373336626071,1.4316811360790147,0.014619805295275064,-0.9143260204049839,1.066572152642809,1.258330251668255,-1.0161329645585022,0
0.890123685007999,0.9009088760241706,-1.179024470547907,0.38481975284523673,0.6095235192417271,0.9048055324001227,0.06045410192367027,1.4316811360790147,-0.7540982864858288,-0.45564143582820127,0.5505611813513597,0.6829113136444932,0.9841231756854657,0
1.398470950690115,0.9009088760241706,0.8491410419312149,0.5016675490929359,0.7785050963005594,-1.177851894974348,0.38271364074285674,-0.3041918912684436,-1.5798827868271015,-0.34097028968400567,0.5505611813513597,0.2463866020402601,-1.0161329645585022,0
0.38177641932588297,-1.1099901739376037,-1.179024470547907,3.493517549272736,-0.5733475201700994,-1.177851894974348,3.9974046643727097,-0.8828162337175963,0.4174415127788225,-0.2262991435398101,0.8085666669970842,-0.36871640067479566,-1.0161329645585022,0
-0.46546902347764374,0.9009088760241706,1.5251962127575889,0.3264827127940136,-0.7423290972289317,-1.177851894974348,0.5410721364771007,0.853056793629862,0.0716862138554443,-0.11162799739561437,-0.7394662468772634,0.9805417988291976,-1.0161329645585022,0
-0.12657084635623306,0.9009088760241706,1.5251962127575889,0.2741309835655878,-0.404365943111267,0.9048055324001227,1.6495816066168083,-0.8828162337175963,-0.1397951825734185,0.8057411717579506,0.8085666669970842,1.258330251668255,-1.0161329645585022,0
-0.8043672005990544,0.9009088760241706,0.8491410419312149,0.17669201845566707,-0.911310674287764,0.9048055324001227,0.38271364074285674,1.4316811360790147,0.2898813054090322,-0.11162799739561437,-0.7394662468772634,-1.658448503141848,0.9841231756854657,0
0.38177641932588297,-1.1099901739376037,-1.179024470547907,0.2856120415291068,-0.23538436605243465,0.9048055324001227,0.38271364074285674,0.853056793629862,-0.9219406646039736,-0.2262991435398101,0.03455021005991044,0.3654387961141419,0.9841231756854657,0
-0.8043672005990544,-1.1099901739376037,0.8491410419312149,0.18654646160454721,-0.404365943111267,-1.177851894974348,2.2830155895537843,1.4316811360790147,-0.4016292924377243,1.379096902478929,-0.7394662468772634,-0.9044512740072636,0.9841231756854657,0
-0.634918112038349,0.9009088760241706,-1.179024470547907,-0.4863667155970283,-0.911310674287764,0.9048055324001227,-1.359229812333827,-0.8828162337175963,-0.5526874327440551,-1.3730106049817663,-0.4814607612315388,-0.6068207888225592,-1.0161329645585022,0
0.0428782422044723,0.9009088760241706,-1.179024470547907,0.6842116329998359,0.2715603651240624,-1.177851894974348,0.06599664927436881,1.4316811360790147,-1.3952561708971423,-0.6849837281165926,1.066572152642809,1.35754041339649,0.9841231756854657,0
-0.46546902347764374,0.9009088760241706,-0.502969299721533,0.6873701083680667,-0.404365943111267,-1.177851894974348,1.6495816066168083,-1.461440576166749,0.06497251873071805,0.23238544103697253,-0.4814607612315388,0.8416475724096689,0.9841231756854657,0
-0.12657084635623306,0.9009088760241706,-0.502969299721533,0.42006833795469267,0.10257878806523006,0.9048055324001227,0.38271364074285674,-0.8828162337175963,-1.7040861466345287,-0.34097028968400567,0.03455021005991044,1.4369085427790778,-1.0161329645585022,0
0.21232733076517762,0.9009088760241706,-0.502969299721533,0.17560234445362743,0.10257878806523006,0.9048055324001227,0.2414578625479111,-0.3041918912684436,-0.885015341417982,-0.2262991435398101,-0.22345527558581418,-0.7655570475877348,0.9841231756854657,0
0.0428782422044723,0.9009088760241706,1.5251962127575889,0.8356289421528212,0.6095235192417271,-1.177851894974348,2.4413740852880284,-1.461440576166749,0.4409394457153629,0.5763988794695595,0.29255569570563505,0.6233852166075523,-1.0161329645585022,0
-0.46546902347764374,-1.1099901739376037,-1.179024470547907,-0.297647812345237,0.10257878806523006,0.9048055324001227,0.38271364074285674,0.853056793629862,-0.17336365819704735,0.6910700256137552,-0.997471732522988,0.6829113136444932,-1.0161329645585022,0
-0.46546902347764374,-1.1099901739376037,0.8491410419312149,-0.46596296471825727,-0.5733475201700994,0.9048055324001227,-0.31311358951341123,1.4316811360790147,-0.04916029838962042,0.1177142948927768,-0.4814607612315388,0.801963507718375,0.9841231756854657,0
-0.12657084635623306,-1.1099901739376037,-0.502969299721533,-0.24914942306605284,-0.23538436605243465,-1.177851894974348,-0.2507203421941191,-1.461440576166749,1.0787404825643134,-0.2262991435398101,1.066572152642809,-3.087074832028429,0.9841231756854657,0
0.21232733076517762,0.9009088760241706,0.8491410419312149,0.4961718019522142,0.4405419421828948,-1.177851894974348,-0.4090788379283631,-0.8828162337175963,-0.5023347193086114,-0.9143260204049839,0.8085666669970842,0.32575473142284794,0.9841231756854657,0
0.0428782422044723,0.9009088760241706,-1.179024470547907,-0.05144465739164484,0.2715603651240624,0.9048055324001227,-0.2885680226746034,1.4316811360790147,0.2697402200348552,-0.45564143582820127,-0.22345527558581418,0.782121475372728,0.9841231756854657,0
-0.634918112038349,0.9009088760241706,-1.179024470547907,0.36498452753274724,-0.7423290972289317,-1.177851894974348,1.3328646151483206,-0.3041918912684436,0.06161567116835522,0.3470565871811683,-0.4814607612315388,0.286070666731554,0.9841231756854657,0
0.5512255078865883,0.9009088760241706,1.5251962127575889,0.4980668871731527,0.2715603651240624,-1.177851894974348,0.38271364074285674,-0.3041918912684436,-1.4388951892078599,-0.34097028968400567,0.29255569570563505,0.821805540064022,0.9841231756854657,0
0.38177641932588297,-1.1099901739376037,0.8491410419312149,-0.40037722369694434,0.10257878806523006,-1.177851894974348,1.6495816066168083,1.4316811360790147,-0.4083429875624505,2.640479510065081,1.066572152642809,-0.5869787564769122,0.9841231756854657,0
1.2290218621294098,-1.1099901739376037,1.5251962127575889,0.11742322817081578,1.1164682504182242,-1.177851894974348,0.7738591252064393,-1.461440576166749,-0.7205298108621999,0.3470565871811683,1.066572152642809,1.714696995618135,0.9841231756854657,0
0.21232733076517762,0.9009088760241706,-1.179024470547907,0.7638683817866171,-0.23538436605243465,-1.177851894974348,-0.12878430047875125,1.4316811360790147,-0.707102420612748,-0.7996548742607882,-0.4814607612315388,0.3654387961141419,0.9841231756854657,0
0.0428782422044723,-1.1099901739376037,-1.179024470547907,-0.15207368262347867,0.10257878806523006,-1.177851894974348,0.38271364074285674,-0.8828162337175963,-0.676890792551482,0.3470565871811683,0.29255569570563505,-0.5274526594399713,-1.0161329645585022,0
0.7206745964472937,0.9009088760241706,-1.179024470547907,-0.2591617899833445,0.9474866733593919,-1.177851894974348,-1.1151993704073568,-0.3041918912684436,-0.5459737376193288,-1.143668312693375,1.066572152642809,-1.4005020826484376,0.9841231756854657,0
0.38177641932588297,0.9009088760241706,-0.502969299721533,-0.03202003387702532,0.4405419421828948,-1.177851894974348,-0.1134235263925296,0.853056793629862,-1.6100944148883676,-0.34097028968400567,0.03455021005991044,0.6630692812988462,0.9841231756854657,0
-0.2960199349169384,-1.1099901739376037,-1.179024470547907,-0.20178808491943173,0.10257878806523006,0.9048055324001227,-0.40860376244116037,-1.461440576166749,0.5047195494002578,-0.45564143582820127,-0.4814607612315388,1.0003838311748445,0.9841231756854657,0
-0.8043672005990544,0.9009088760241706,0.8491410419312149,0.17861868843028786,-0.5733475201700994,0.9048055324001227,-1.2008713165995828,-0.8828162337175963,-1.730940927133432,-1.3730106049817663,-0.7394662468772634,0.14717644031202531,-1.0161329645585022,0
0.0428782422044723,0.9009088760241706,-0.502969299721533,0.650084306646102,-0.23538436605243465,-1.177851894974348,0.5410721364771007,0.853056793629862,-0.811164695045998,-0.34097028968400567,0.29255569570563505,0.06780831092943747,0.9841231756854657,0
-0.46546902347764374,0.9009088760241706,0.8491410419312149,0.8104085163374982,-0.911310674287764,-1.177851894974348,-0.2507203421941191,0.853056793629862,0.4745079213389917,-0.9143260204049839,-0.4814607612315388,-1.2814498885745558,0.9841231756854657,0
-0.46546902347764374,0.9009088760241706,-0.502969299721533,1.2171411818814217,-0.911310674287764,-1.177851894974348,1.6495816066168083,-0.8828162337175963,1.360715677802797,-0.11162799739561437,-0.997471732522988,-0.8846092416616166,0.9841231756854657,0
-0.9738162891597597,0.9009088760241706,-0.502969299721533,0.1803242651291325,-0.911310674287764,-1.177851894974348,2.4413740852880284,-0.3041918912684436,0.25966967734776614,1.4937680486231246,-0.7394662468772634,0.008282213892496587,0.9841231756854657,0
-0.46546902347764374,0.9009088760241706,-0.502969299721533,2.163783626870721,-0.5733475201700994,-1.177851894974348,1.8076233853595838,0.2744324511807092,0.15896425047687956,-0.45564143582820127,-0.4814607612315388,-0.24966420660091387,0.9841231756854657,0
-0.634918112038349,0.9009088760241706,-1.179024470547907,-0.76950823998208,-0.911310674287764,0.9048055324001227,-0.8841543251310949,1.4316811360790147,-0.3244217985033781,-0.11162799739561437,-0.7394662468772634,1.5559607368529593,-1.0161329645585022,0
-0.634918112038349,0.9009088760241706,-0.502969299721533,-0.2607884047979834,-0.911310674287764,0.9048055324001227,0.38271364074285674,-0.8828162337175963,1.2667239460566353,0.5763988794695595,-0.7394662468772634,0.46464895784237664,-1.0161329645585022,0
-0.46546902347764374,-1.1099901739376037,1.5251962127575889,-0.11944663206965433,-0.7423290972289317,0.9048055324001227,0.1366245383718416,-0.3041918912684436,-0.613110688866587,0.003043148748581378,-0.4814607612315388,0.9210157017922567,0.9841231756854657,0
-0.634918112038349,0.9009088760241706,1.5251962127575889,-0.5637493621186833,-0.911310674287764,0.9048055324001227,-0.7257958293968509,1.4316811360790147,1.0619562447524988,-0.34097028968400567,-0.7394662468772634,1.337698381050843,0.9841231756854657,0
0.21232733076517762,-1.1099901739376037,-1.179024470547907,0.4432989242880303,0.2715603651240624,-1.177851894974348,1.3328646151483206,0.2744324511807092,-0.8245920852954493,0.3470565871811683,1.066572152642809,0.06780831092943747,-1.0161329645585022,0
-0.634918112038349,-1.1099901739376037,-1.179024470547907,-0.4842979142308372,-0.911310674287764,0.9048055324001227,-0.4090788379283631,-0.8828162337175963,0.1253957748532507,0.003043148748581378,-0.7394662468772634,0.26622863438590705,-1.0161329645585022,0
0.0428782422044723,-1.1099901739376037,0.8491410419312149,0.23531332129003102,-0.404365943111267,0.9048055324001227,1.6495816066168083,-1.461440576166749,0.19924642122523406,0.8057411717579506,-0.22345527558581418,0.6035431842619053,-1.0161329645585022,0
0.890123685007999,0.9009088760241706,-1.179024470547907,0.08359595697706373,0.9474866733593919,-1.177851894974348,0.6994306322113446,1.4316811360790147,-0.19686159113358773,0.23238544103697253,1.066572152642809,-0.32903233598350173,0.9841231756854657,0
0.38177641932588297,0.9009088760241706,1.5251962127575889,-0.5190253509045349,-0.23538436605243465,-1.177851894974348,-1.1289765595362362,-0.3041918912684436,0.051545128481266744,-1.0289971665491795,0.03455021005991044,-0.2893482712922078,0.9841231756854657,0
-0.634918112038349,-1.1099901739376037,-0.502969299721533,-0.019638810433560513,-0.911310674287764,-1.177851894974348,-0.338292590335156,0.853056793629862,-0.9555091402276025,-0.570312581972397,-0.4814607612315388,0.7027533459901402,0.9841231756854657,0
0.21232733076517762,-1.1099901739376037,1.5251962127575889,-0.2795181637315921,0.2715603651240624,0.9048055324001227,0.8577891279455886,-1.461440576166749,0.0851136041048956,1.1497546101905376,0.29255569570563505,1.0797519605574324,0.9841231756854657,0
1.7373691278115257,0.9009088760241706,0.8491410419312149,-0.11180312167853575,1.6234129815947211,0.9048055324001227,0.06599664927436881,0.853056793629862,-1.0427871768490378,0.003043148748581378,2.098594095225707,-0.6663468858595001,0.9841231756854657,0
0.7206745964472937,-1.1099901739376037,-0.502969299721533,2.3773123541399652,0.2715603651240624,-1.177851894974348,-0.6776548466936408,0.853056793629862,-1.4523225794573114,-1.3730106049817663,0.8085666669970842,0.6829113136444932,0.9841231756854657,0
1.0595727735687044,0.9009088760241706,1.5251962127575889,-0.008094582962676879,1.1164682504182242,-1.177851894974348,-1.3261328867253699,-0.3041918912684436,-1.0427871768490378,-1.3730106049817663,0.5505611813513597,0.6432272489531993,0.9841231756854657,0
0.38177641932588297,0.9009088760241706,-1.179024470547907,2.7397000255139283,0.4405419421828948,0.9048055324001227,-0.27209873911824206,0.2744324511807092,-0.7205298108621999,-1.2583394588375707,0.29255569570563505,0.5043330225336705,0.9841231756854657,0
0.890123685007999,0.9009088760241706,1.5251962127575889,-0.05185525918951485,0.6095235192417271,0.9048055324001227,-0.5254723322930324,-0.3041918912684436,-0.780953066984732,-0.6849837281165926,1.066572152642809,0.6630692812988462,0.9841231756854657,0
-0.8043672005990544,0.9009088760241706,-0.502969299721533,-0.21276378682403382,-0.911310674287764,-1.177851894974348,0.8577891279455886,0.2744324511807092,0.20596011634995973,1.035083464046342,-0.4814607612315388,-0.9639773710442044,-1.0161329645585022,0
-0.634918112038349,-1.1099901739376037,0.8491410419312149,-0.4502653421381501,-0.7423290972289317,0.9048055324001227,-0.5674373336626071,0.2744324511807092,-0.33784918875282943,-0.2262991435398101,-0.4814607612315388,-0.6465048535138531,-1.0161329645585022,0
-0.46546902347764374,0.9009088760241706,-1.179024470547907,1.025942875465569,-0.06640278899360229,-1.177851894974348,0.06599664927436881,0.2744324511807092,-0.7406708962363768,-0.7996548742607882,-0.997471732522988,0.305912699077201,0.9841231756854657,0
-0.8043672005990544,-1.1099901739376037,-1.179024470547907,-0.6784651874928266,-0.7423290972289317,0.9048055324001227,-1.042512820865339,1.4316811360790147,-0.8078078474836352,-0.6849837281165926,-0.7394662468772634,0.305912699077201,0.9841231756854657,0
0.0428782422044723,0.9009088760241706,-1.179024470547907,-0.2050255221718683,0.2715603651240624,0.9048055324001227,-0.9474977234247925,0.853056793629862,-0.3244217985033781,-1.0289971665491795,-0.22345527558581418,-1.0631875327724392,0.9841231756854657,0
0.5512255078865883,-1.1099901739376037,0.8491410419312149,0.3864779524135579,0.7785050963005594,-1.177851894974348,0.10938687710555166,1.4316811360790147,0.16232109803924238,-0.45564143582820127,0.8085666669970842,0.821805540064022,-1.0161329645585022,0
0.0428782422044723,-1.1099901739376037,-0.502969299721533,-0.7722719059292819,-0.7423290972289317,0.9048055324001227,-0.7257958293968509,-0.8828162337175963,-0.20021843869595057,0.23238544103697253,0.5505611813513597,-1.7576586648700827,0.9841231756854657,0
1.7373691278115257,-1.1099901739376037,0.8491410419312149,0.6857908706839513,1.7923945586535535,-1.177851894974348,-0.15190464085595087,-0.8828162337175963,1.0250309215665072,-0.7996548742607882,1.3245776382885335,0.14717644031202531,-1.0161329645585022,0
-0.46546902347764374,0.9009088760241706,0.8491410419312149,3.190967193749906,0.10257878806523006,-1.177851894974348,1.6546490784803043,-0.3041918912684436,-0.7104592681751108,-0.7996548742607882,-0.22345527558581418,-0.44808453005738347,0.9841231756854657,0
0.7206745964472937,0.9009088760241706,1.5251962127575889,-0.7886643930903998,0.7785050963005594,0.9048055324001227,-0.7611097739455874,-0.8828162337175963,-0.6366086218031275,0.23238544103697253,1.3245776382885335,2.091695610185427,-1.0161329645585022,0
-0.634918112038349,0.9009088760241706,-1.179024470547907,-0.05168154304426215,-0.911310674287764,0.9048055324001227,-0.8670516075917966,-0.8828162337175963,-0.8279489328578127,-1.0289971665491795,-0.7394662468772634,0.7225953783357871,0.9841231756854657,0
-0.634918112038349,0.9009088760241706,1.5251962127575889,-0.5157247441447338,-0.911310674287764,0.9048055324001227,-0.8841543251310949,-0.8828162337175963,0.5819270433346045,-0.6849837281165926,-0.4814607612315388,1.0797519605574324,-1.0161329645585022,0
0.0428782422044723,0.9009088760241706,0.17308587110484092,0.028117337134089437,-0.23538436605243465,0.9048055324001227,-0.028860089670443324,-1.461440576166749,-0.5761853656805954,-0.2262991435398101,0.5505611813513597,-0.6465048535138531,0.9841231756854657,0
-0.634918112038349,-1.1099901739376037,0.8491410419312149,-0.1253056038777225,-0.23538436605243465,0.9048055324001227,1.1745061194140765,0.2744324511807092,-0.25057115213139414,1.1497546101905376,-0.4814607612315388,-0.3488743683291487,0.9841231756854657,0
0.5512255078865883,0.9009088760241706,1.5251962127575889,-0.6519813715302112,0.4405419421828948,0.9048055324001227,-0.4643459529396142,-0.8828162337175963,-0.3848450546259102,0.3470565871811683,0.29255569570563505,-0.9838194033898514,0.9841231756854657,0
0.21232733076517762,-1.1099901739376037,-1.179024470547907,0.26656643505867494,0.4405419421828948,0.9048055324001227,0.44447345407921185,-0.8828162337175963,-0.21364582894540246,-0.11162799739561437,0.03455021005991044,0.2463866020402601,0.9841231756854657,0
-0.2960199349169384,0.9009088760241706,-1.179024470547907,-0.12123117065270474,-0.23538436605243465,-1.177851894974348,0.38271364074285674,-0.8828162337175963,-1.4724636648314886,0.3470565871811683,-0.4814607612315388,-1.3409759856114967,0.9841231756854657,0
-0.634918112038349,-1.1099901739376037,0.8491410419312149,-0.5216310930833254,-0.911310674287764,0.9048055324001227,0.06599664927436881,0.853056793629862,-0.029019213015442864,0.8057411717579506,-0.4814607612315388,0.22654456969461315,0.9841231756854657,0
-0.634918112038349,-1.1099901739376037,-0.502969299721533,0.03462379639264492,-0.404365943111267,-1.177851894974348,-0.20178756701223774,1.4316811360790147,-1.0797125000350298,-0.45564143582820127,-0.4814607612315388,-0.7655570475877348,0.9841231756854657,0
-0.46546902347764374,-1.1099901739376037,-1.179024470547907,-0.5499942018900381,-0.5733475201700994,-1.177851894974348,-0.3298995900612411,0.853056793629862,1.327147202179168,0.3470565871811683,-0.4814607612315388,-0.26950623894656084,0.9841231756854657,0
-0.8043672005990544,0.9009088760241706,1.5251962127575889,-0.5654233540638457,-0.23538436605243465,0.9048055324001227,-0.9474977234247925,0.853056793629862,0.6927030128925802,-0.6849837281165926,-0.7394662468772634,-0.6663468858595001,0.9841231756854657,0
-0.634918112038349,-1.1099901739376037,-1.179024470547907,-0.10908683286185725,-0.5733475201700994,0.9048055324001227,0.38271364074285674,0.853056793629862,-0.5459737376193288,0.23238544103697253,-0.7394662468772634,1.1789621222856672,0.9841231756854657,0
-0.12657084635623306,-1.1099901739376037,1.5251962127575889,-0.19545534180612895,-0.5733475201700994,0.9048055324001227,-0.849790531556764,-0.3041918912684436,0.3100223907832097,-0.9143260204049839,-0.22345527558581418,0.10749237562073138,0.9841231756854657,0
-0.9738162891597597,0.9009088760241706,0.8491410419312149,-0.5820053497470574,-0.5733475201700994,0.9048055324001227,-0.2507203421941191,-0.8828162337175963,-1.069641957347941,0.5763988794695595,-0.4814607612315388,-0.051243883144444294,-1.0161329645585022,0
0.0428782422044723,0.9009088760241706,-1.179024470547907,0.6471785093073296,-0.5733475201700994,-1.177851894974348,0.06599664927436881,0.2744324511807092,0.3905867322799193,-0.6849837281165926,0.8085666669970842,-1.3409759856114967,0.9841231756854657,0
-0.9738162891597597,-1.1099901739376037,-0.502969299721533,-0.7748618557312311,-0.911310674287764,-1.177851894974348,-0.4882580857954851,0.853056793629862,0.1253957748532507,0.8057411717579506,-0.22345527558581418,-1.162397694500674,-1.0161329645585022,0
-0.634918112038349,0.9009088760241706,-0.502969299721533,-0.29646338408215045,-0.7423290972289317,0.9048055324001227,0.06599664927436881,-1.461440576166749,-1.2173432500919086,0.23238544103697253,-0.4814607612315388,1.238488219322608,0.9841231756854657,0
-0.12657084635623306,0.9009088760241706,-0.502969299721533,0.5168282308604437,-0.7423290972289317,-1.177851894974348,1.4915398278740328,1.4316811360790147,-0.21028898138303903,0.3470565871811683,-0.22345527558581418,1.1988041546313142,-1.0161329645585022,0
-0.8043672005990544,0.9009088760241706,-0.502969299721533,1.217488614171927,-0.5733475201700994,-1.177851894974348,-0.5674373336626071,-1.461440576166749,-1.764509402757061,-1.143668312693375,-0.7394662468772634,1.5361187045073124,-1.0161329645585022,0
1.0595727735687044,-1.1099901739376037,1.5251962127575889,-0.7503205021200777,1.1164682504182242,-1.177851894974348,-0.47242223622206064,1.4316811360790147,0.0716862138554443,0.6910700256137552,1.066572152642809,0.008282213892496587,0.9841231756854657,0
1.7373691278115257,-1.1099901739376037,-1.179024470547907,-0.45113392286441356,2.130357712771218,0.9048055324001227,0.38271364074285674,0.2744324511807092,-0.13643833501105568,1.035083464046342,1.3245776382885335,-0.40840046536608954,0.9841231756854657,0
-0.2960199349169384,0.9009088760241706,-1.179024470547907,-0.10649688305990798,-0.404365943111267,-1.177851894974348,-0.7257958293968509,1.4316811360790147,-1.2878370489015294,-0.7996548742607882,-0.997471732522988,-0.07108591549009124,-1.0161329645585022,0
2.0762673049329363,0.9009088760241706,0.8491410419312149,2.0768939694906914,2.4683208668888827,-1.177851894974348,0.33520609202258356,0.853056793629862,-0.7608119816105544,-0.9143260204049839,2.356599580871432,0.6432272489531993,0.9841231756854657,0
-0.8043672005990544,-1.1099901739376037,1.5251962127575889,-0.4863193384665049,-0.404365943111267,0.9048055324001227,-0.8841543251310949,-0.8828162337175963,0.14218001266506483,-0.6849837281165926,-0.4814607612315388,0.9011736694466097,0.9841231756854657,0
-0.46546902347764374,0.9009088760241706,0.8491410419312149,0.348260400457965,-0.5733475201700994,0.9048055324001227,-0.5531850690465251,1.4316811360790147,-0.5694716705558691,-0.9143260204049839,-0.7394662468772634,1.0202258635204915,-1.0161329645585022,0
-0.46546902347764374,0.9009088760241706,-0.502969299721533,0.1752391197862809,-0.404365943111267,0.9048055324001227,0.1711466904419068,-0.8828162337175963,-0.4654093961226198,-0.2262991435398101,0.29255569570563505,0.8416475724096689,0.9841231756854657,0
-0.8043672005990544,-1.1099901739376037,-0.502969299721533,-0.2649891770377304,-0.7423290972289317,0.9048055324001227,-0.7257958293968509,0.853056793629862,-0.5560442803064178,-0.6849837281165926,-0.7394662468772634,1.794065125000723,0.9841231756854657,0
-0.12657084635623306,0.9009088760241706,0.8491410419312149,0.049089613579142065,-0.5733475201700994,0.9048055324001227,0.06599664927436881,-0.8828162337175963,1.2902218789931756,-0.2262991435398101,0.03455021005991044,0.0479662785837905,-1.0161329645585022,0
0.7206745964472937,-1.1099901739376037,-0.502969299721533,-0.8411740460872371,0.2715603651240624,0.9048055324001227,-1.2195576190962236,0.2744324511807092,0.7329851836409347,-0.7996548742607882,0.5505611813513597,0.4249648931510827,0.9841231756854657,0
1.0595727735687044,0.9009088760241706,1.5251962127575889,0.6427408514149653,0.7785050963005594,-1.177851894974348,-0.09236184645987515,0.853056793629862,0.501362701837895,-0.7996548742607882,0.5505611813513597,-1.8965528912896115,0.9841231756854657,0
0.7206745964472937,-1.1099901739376037,-1.179024470547907,0.17566551396099206,0.6095235192417271,-1.177851894974348,-1.042512820865339,-0.3041918912684436,-0.9085132743545218,-1.2583394588375707,0.03455021005991044,0.12733440796637835,-1.0161329645585022,0
-0.46546902347764374,-1.1099901739376037,-1.179024470547907,1.2209787294538221,-0.404365943111267,-1.177851894974348,2.4413740852880284,-1.461440576166749,-0.08944246913797492,0.23238544103697253,-0.7394662468772634,0.6233852166075523,0.9841231756854657,0
-0.8043672005990544,0.9009088760241706,-0.502969299721533,-0.5368233596045157,-0.7423290972289317,0.9048055324001227,-0.4067034604923494,-0.8828162337175963,0.6154955189582334,0.1177142948927768,-0.4814607612315388,1.0599099282117854,0.9841231756854657,0
-0.634918112038349,-1.1099901739376037,-0.502969299721533,-0.13950295065792,-0.404365943111267,0.9048055324001227,-1.3052295652884496,-0.8828162337175963,0.7162009458291205,-1.3730106049817663,-0.4814607612315388,-0.2893482712922078,-1.0161329645585022,0
-0.9738162891597597,0.9009088760241706,0.8491410419312149,0.401654426557907,-0.5733475201700994,-1.177851894974348,-1.270390696226916,0.853056793629862,-0.2874964753173858,-1.487681751125962,-0.4814607612315388,-1.3012919209202027,0.9841231756854657,0
0.38177641932588297,0.9009088760241706,-0.502969299721533,0.7653686575865267,0.2715603651240624,-1.177851894974348,-0.5674373336626071,-0.8828162337175963,-0.20021843869595057,-1.0289971665491795,0.5505611813513597,-1.678290535487495,0.9841231756854657,0
1.398470950690115,-1.1099901739376037,0.8491410419312149,0.26722971488600344,1.4544314045358888,0.9048055324001227,-0.5040939353689095,0.2744324511807092,0.07504306141780712,-0.7996548742607882,1.3245776382885335,-0.8250831446246757,-1.0161329645585022,0
0.7206745964472937,-1.1099901739376037,0.8491410419312149,-0.24035306916553,0.4405419421828948,0.9048055324001227,0.06599664927436881,-0.3041918912684436,-0.5862559083676839,0.1177142948927768,0.8085666669970842,-2.9680226379545473,0.9841231756854657,0
-0.8043672005990544,0.9009088760241706,-1.179024470547907,-0.6963579504538542,-0.911310674287764,0.9048055324001227,-0.5674373336626071,0.2744324511807092,0.8001221348881931,0.3470565871811683,-0.4814607612315388,0.7622794430270811,-1.0161329645585022,0
0.21232733076517762,-1.1099901739376037,0.17308587110484092,-0.5274742725145524,-0.404365943111267,0.9048055324001227,-1.2800505644667048,0.2744324511807092,0.42079836034118534,-1.2583394588375707,0.5505611813513597,-0.4282424977117365,0.9841231756854657,0
0.7206745964472937,0.9009088760241706,1.5251962127575889,3.014471590173168,0.4405419421828948,-1.177851894974348,1.6495816066168083,0.853056793629862,0.8874001715096282,-0.7996548742607882,1.066572152642809,0.5241750548793175,0.9841231756854657,0
-0.46546902347764374,0.9009088760241706,0.8491410419312149,0.046436494269828175,-0.404365943111267,0.9048055324001227,0.06599664927436881,-0.8828162337175963,1.2365123179953694,-0.2262991435398101,-0.4814607612315388,0.12733440796637835,-1.0161329645585022,0
-0.12657084635623306,0.9009088760241706,-1.179024470547907,-0.01065294801094384,0.2715603651240624,-1.177851894974348,-0.2507203421941191,1.4316811360790147,-1.2207000976542715,-0.45564143582820127,0.5505611813513597,-1.0830295651180861,0.9841231756854657,0
-0.634918112038349,-1.1099901739376037,0.8491410419312149,-0.08975696360828465,-0.404365943111267,-1.177851894974348,0.06599664927436881,-1.461440576166749,-1.271052811089715,-0.11162799739561437,-0.7394662468772634,0.008282213892496587,-1.0161329645585022,0
-0.8043672005990544,0.9009088760241706,-0.502969299721533,0.12366121702307165,-0.5733475201700994,-1.177851894974348,-0.09236184645987515,1.4316811360790147,-1.4254677989584081,-0.45564143582820127,-0.997471732522988,-0.03140185079879733,0.9841231756854657,0
-0.634918112038349,0.9009088760241706,-0.502969299721533,-0.4896831147336707,-0.23538436605243465,0.9048055324001227,-0.5674373336626071,-0.8828162337175963,-1.5563848538905611,-0.2262991435398101,-0.4814607612315388,0.5241750548793175,-1.0161329645585022,0
-0.634918112038349,-1.1099901739376037,0.8491410419312149,-0.3914545307816923,-0.06640278899360229,0.9048055324001227,-0.8841543251310949,-0.8828162337175963,0.8571885434483623,-0.7996548742607882,-0.7394662468772634,0.782121475372728,-1.0161329645585022,0
0.890123685007999,-1.1099901739376037,0.8491410419312149,0.6459782886674018,-0.06640278899360229,0.9048055324001227,1.6495816066168083,1.4316811360790147,0.6054249762711449,0.3470565871811683,1.066572152642809,0.6432272489531993,0.9841231756854657,0
-0.46546902347764374,0.9009088760241706,0.8491410419312149,-0.3904754034175407,-0.23538436605243465,0.9048055324001227,0.44431509558347765,-1.461440576166749,-0.16664996307232172,0.9204123179021463,-0.7394662468772634,-0.7655570475877348,0.9841231756854657,0
-0.634918112038349,0.9009088760241706,1.5251962127575889,-0.6773281363602636,-0.911310674287764,-1.177851894974348,-0.836171700923619,-0.8828162337175963,-0.5258326522451519,-0.2262991435398101,-0.4814607612315388,0.40512286080543575,0.9841231756854657,0
-0.634918112038349,0.9009088760241706,-1.179024470547907,-0.48794595328114376,-0.23538436605243465,-1.177851894974348,0.7795600310528721,-0.3041918912684436,0.5651428055227898,1.8377814870557112,0.03455021005991044,-1.4600281796853785,0.9841231756854657,0
0.7206745964472937,0.9009088760241706,-0.502969299721533,-0.04579098648251168,0.6095235192417271,-1.177851894974348,0.695788386809457,0.853056793629862,-1.274409658652078,0.4617277333253637,-0.22345527558581418,0.8813316371009629,-1.0161329645585022,0
-0.9738162891597597,0.9009088760241706,0.8491410419312149,-0.7891223720187933,-0.911310674287764,0.9048055324001227,-1.2130649207711197,-0.8828162337175963,0.18917587853814558,-0.9143260204049839,-0.4814607612315388,-0.38855843302044263,0.9841231756854657,0
-0.12657084635623306,-1.1099901739376037,-0.502969299721533,-0.9170880015626649,-0.06640278899360229,0.21058638994196582,-1.121692068732461,-0.8828162337175963,0.6792756226431284,-0.34097028968400567,-0.22345527558581418,-0.32903233598350173,0.9841231756854657,0
-0.634918112038349,0.9009088760241706,1.5251962127575889,0.574865215751685,-0.23538436605243465,-1.177851894974348,1.2318318948698728,0.853056793629862,-0.17672050575941017,0.1177142948927768,-0.997471732522988,1.1789621222856672,0.9841231756854657,0
0.38177641932588297,-1.1099901739376037,-0.502969299721533,0.062481549140440726,0.10257878806523006,0.9048055324001227,0.8577891279455886,-0.8828162337175963,0.35701825665629044,0.4617277333253637,0.03455021005991044,1.238488219322608,-1.0161329645585022,0
-0.2960199349169384,0.9009088760241706,-1.179024470547907,0.7489130009180441,0.2715603651240624,-1.177851894974348,1.322254595934126,-0.3041918912684436,-0.5392600424946031,0.003043148748581378,-0.4814607612315388,-1.7576586648700827,0.9841231756854657,0
0.5512255078865883,0.9009088760241706,0.8491410419312149,0.132820795590941,0.2715603651240624,0.9048055324001227,0.0026532509806712224,0.2744324511807092,-1.072998804910304,-0.34097028968400567,0.29255569570563505,0.16701847265767225,0.9841231756854657,0
-0.2960199349169384,-1.1099901739376037,1.5251962127575889,-0.5525525669383051,-0.5733475201700994,0.9048055324001227,-0.7297547917902071,-1.461440576166749,-1.2576254208402633,-0.34097028968400567,-0.22345527558581418,-1.4203441149940845,0.9841231756854657,0
1.5679200392508204,-1.1099901739376037,0.8491410419312149,-0.2982005455346774,1.2854498274770565,-1.177851894974348,1.0161476236798326,1.4316811360790147,-0.35799027412700696,1.379096902478929,1.3245776382885335,1.2186461869769611,-1.0161329645585022,0
0.38177641932588297,0.9009088760241706,0.8491410419312149,0.5669058578237434,-0.404365943111267,-1.177851894974348,-0.5674373336626071,0.853056793629862,-0.08944246913797492,-1.0289971665491795,0.03455021005991044,0.18686050500331922,0.9841231756854657,0
0.7206745964472937,0.9009088760241706,-0.502969299721533,0.21067721341783066,0.9474866733593919,-1.177851894974348,0.06599664927436881,-0.8828162337175963,1.4412800192995066,-0.34097028968400567,0.03455021005991044,0.8416475724096689,-1.0161329645585022,0
-0.12657084635623306,-1.1099901739376037,0.8491410419312149,-0.12480024781880557,-0.23538436605243465,-1.177851894974348,0.22435514500861276,1.4316811360790147,-0.05251714595198324,0.1177142948927768,-0.22345527558581418,-2.531497926350314,0.9841231756854657,0
-0.2960199349169384,0.9009088760241706,0.8491410419312149,-0.7218784314291592,0.10257878806523006,0.9048055324001227,-0.8703771360022158,0.2744324511807092,0.92432549469562,-0.2262991435398101,0.03455021005991044,-1.2219237915376149,0.9841231756854657,0
-0.46546902347764374,0.9009088760241706,1.5251962127575889,-0.014048309031791969,-0.23538436605243465,-1.177851894974348,-1.2764083190648172,1.4316811360790147,-1.851787439378496,-1.3730106049817663,-0.4814607612315388,0.3654387961141419,0.9841231756854657,0
-0.12657084635623306,0.9009088760241706,-0.502969299721533,-0.018249081271538955,0.10257878806523006,-1.177851894974348,-1.042512820865339,1.4316811360790147,0.041474585794178266,-1.143668312693375,-0.22345527558581418,-1.4997122443766724,0.9841231756854657,0
0.7206745964472937,0.9009088760241706,-0.502969299721533,0.32259778809108963,0.2715603651240624,0.9048055324001227,1.2893160288214034,-1.461440576166749,-0.6836044876762076,0.4617277333253637,0.03455021005991044,-0.13061201252703214,0.9841231756854657,0
-0.2960199349169384,0.9009088760241706,0.8491410419312149,-0.23195152468603603,-0.5733475201700994,0.9048055324001227,0.6305446865669485,-0.8828162337175963,-0.4821936339344339,0.8057411717579506,-0.4814607612315388,-0.26950623894656084,-1.0161329645585022,0
0.5512255078865883,-1.1099901739376037,-0.502969299721533,-0.39300218371212536,0.4405419421828948,0.9048055324001227,0.4508077939085816,-1.461440576166749,-0.5761853656805954,1.035083464046342,0.29255569570563505,0.16701847265767225,0.9841231756854657,0
0.5512255078865883,0.9009088760241706,-0.502969299721533,0.03102313447286179,0.6095235192417271,0.9048055324001227,-0.2507203421941191,1.4316811360790147,-1.4858910550809403,-0.45564143582820127,0.29255569570563505,-0.8449251769703227,0.9841231756854657,0
0.38177641932588297,-1.1099901739376037,0.8491410419312149,0.2867806774153522,0.4405419421828948,0.9048055324001227,1.3328646151483206,-0.8828162337175963,-0.025662365453080038,0.4617277333253637,-0.22345527558581418,-0.36871640067479566,0.9841231756854657,0
-0.46546902347764374,-1.1099901739376037,-0.502969299721533,0.3295622262780386,-0.404365943111267,0.9048055324001227,0.38271364074285674,-1.461440576166749,0.7329851836409347,-0.2262991435398101,-0.7394662468772634,-0.5671367241312653,0.9841231756854657,0
0.0428782422044723,-1.1099901739376037,0.8491410419312149,-0.1498943346193994,-0.23538436605243465,0.9048055324001227,0.49942385209899454,-0.8828162337175963,0.5181469396497097,0.4617277333253637,0.5505611813513597,-1.0036614357354983,0.9841231756854657,0
0.38177641932588297,0.9009088760241706,-0.502969299721533,0.20903480622635062,0.2715603651240624,-1.177851894974348,0.06599664927436881,-0.8828162337175963,0.7732673543892898,-0.34097028968400567,0.03455021005991044,-0.4282424977117365,0.9841231756854657,0
-0.8043672005990544,-1.1099901739376037,0.8491410419312149,-0.10894470147028687,-0.7423290972289317,-1.177851894974348,0.38271364074285674,0.853056793629862,-0.0860856215756121,0.23238544103697253,-0.4814607612315388,-1.7378166325244357,0.9841231756854657,0
-0.12657084635623306,0.9009088760241706,-1.179024470547907,-0.02082323869664707,-0.23538436605243465,-1.177851894974348,0.06599664927436881,1.4316811360790147,0.3335203237197501,-0.11162799739561437,0.29255569570563505,-1.3012919209202027,0.9841231756854657,0
0.7206745964472937,-1.1099901739376037,-1.179024470547907,-0.6060729320529763,1.1164682504182242,0.9048055324001227,-0.2507203421941191,0.853056793629862,1.6829730437896346,0.5763988794695595,0.5505611813513597,0.7027533459901402,0.9841231756854657,0
-0.9738162891597597,-1.1099901739376037,-1.179024470547907,-0.12641107025660328,-0.911310674287764,-1.177851894974348,-0.49047510473576444,0.2744324511807092,-0.015591822765990965,-0.570312581972397,-0.4814607612315388,-2.670392152769843,0.9841231756854657,0
-0.634918112038349,0.9009088760241706,-0.502969299721533,-0.3748093655911159,-0.404365943111267,-1.177851894974348,-0.7257958293968509,-1.461440576166749,0.9411097325074347,-0.570312581972397,-0.22345527558581418,1.238488219322608,0.9841231756854657,0
0.890123685007999,-1.1099901739376037,-1.179024470547907,-0.6772175897223754,-0.06640278899360229,0.9048055324001227,-1.2800505644667048,-1.461440576166749,0.7061304031420315,-1.143668312693375,1.066572152642809,0.008282213892496587,0.9841231756854657,0
0.5512255078865883,-1.1099901739376037,-0.502969299721533,-0.11162940553328306,0.6095235192417271,-1.177851894974348,-1.2192409021047552,0.853056793629862,0.3368771712821129,-1.2583394588375707,0.8085666669970842,-0.190138109563973,0.9841231756854657,0
0.21232733076517762,-1.1099901739376037,1.5251962127575889,-0.6532763464311858,-0.5733475201700994,0.9048055324001227,-1.042512820865339,-0.8828162337175963,0.058258823605992396,-0.6849837281165926,0.29255569570563505,-1.0830295651180861,0.9841231756854657,0
-0.634918112038349,0.9009088760241706,-1.179024470547907,-0.7006692693314893,-0.5733475201700994,0.21058638994196582,-0.5674373336626071,1.4316811360790147,-0.05587399351434607,0.3470565871811683,-0.7394662468772634,-1.8767108589439645,0.9841231756854657,0
-0.8043672005990544,-1.1099901739376037,0.8491410419312149,0.20214932992360746,-0.23538436605243465,-1.177851894974348,-0.5674373336626071,-1.461440576166749,-1.3751150855229646,-0.9143260204049839,-0.4814607612315388,1.278172284013902,-1.0161329645585022,0
0.21232733076517762,0.9009088760241706,0.8491410419312149,-0.0644259911550735,0.6095235192417271,0.9048055324001227,-0.09236184645987515,0.853056793629862,0.8336906105118219,-0.2262991435398101,0.8085666669970842,-0.7457150152420878,-1.0161329645585022,0
-0.12657084635623306,0.9009088760241706,0.8491410419312149,-0.24068470907919423,-0.404365943111267,-1.177851894974348,-1.121692068732461,-1.461440576166749,-0.3680608168140954,-1.143668312693375,-0.7394662468772634,0.26622863438590705,-1.0161329645585022,0
-0.9738162891597597,0.9009088760241706,0.8491410419312149,-0.7934021061427461,-0.911310674287764,0.9048055324001227,-0.5674373336626071,0.2744324511807092,0.04483143335654109,0.6910700256137552,-0.4814607612315388,-1.5790803737592602,-1.0161329645585022,0
-0.634918112038349,0.9009088760241706,1.5251962127575889,-0.21554324514807693,-0.7423290972289317,0.9048055324001227,-0.5674373336626071,1.4316811360790147,-0.35799027412700696,-0.570312581972397,-0.4814607612315388,0.7027533459901402,-1.0161329645585022,0
0.0428782422044723,0.9009088760241706,-1.179024470547907,-0.14829930455844284,0.2715603651240624,0.9048055324001227,-0.5674373336626071,-0.3041918912684436,0.4745079213389917,-0.570312581972397,0.03455021005991044,-1.8171847619070236,0.9841231756854657,0
-0.634918112038349,0.9009088760241706,-1.179024470547907,-0.22241292907397897,-0.404365943111267,-1.177851894974348,1.0205816615603913,0.853056793629862,-0.07601507888852362,1.1497546101905376,-0.4814607612315388,-1.3211339532658497,0.9841231756854657,0
0.38177641932588297,0.9009088760241706,-0.502969299721533,0.08233256682977141,0.4405419421828948,-1.177851894974348,-0.17375811326727655,-1.461440576166749,-0.16664996307232172,-0.45564143582820127,1.066572152642809,-0.9441353386985575,0.9841231756854657,0
-0.12657084635623306,0.9009088760241706,-0.502969299721533,-0.6062150634445467,-0.404365943111267,0.9048055324001227,-0.5674373336626071,1.4316811360790147,0.769910506826927,0.003043148748581378,0.03455021005991044,0.9011736694466097,-1.0161329645585022,0
2.754063659175758,-1.1099901739376037,-1.179024470547907,-0.33840793697225574,2.8062840210065474,0.9048055324001227,0.06599664927436881,1.4316811360790147,0.29323815297139555,0.3470565871811683,2.6146050665171567,1.6154868338899002,-1.0161329645585022,0
-0.634918112038349,0.9009088760241706,-1.179024470547907,-0.39055436530174653,-0.911310674287764,0.9048055324001227,-1.042512820865339,0.2744324511807092,-0.059230841076708896,-1.0289971665491795,-0.4814607612315388,-0.9441353386985575,0.9841231756854657,0
-0.634918112038349,-1.1099901739376037,-0.502969299721533,0.14818677825738394,-0.7423290972289317,-1.177851894974348,-0.4090788379283631,-0.8828162337175963,-1.3482603050240614,-0.6849837281165926,-0.4814607612315388,1.0003838311748445,-1.0161329645585022,0
-0.8043672005990544,0.9009088760241706,1.5251962127575889,0.17260179285380817,-0.911310674287764,0.9048055324001227,-0.7257958293968509,1.4316811360790147,0.1119683846037988,-0.9143260204049839,-0.4814607612315388,-0.011559818453150373,-1.0161329645585022,0
-0.2960199349169384,-1.1099901739376037,-1.179024470547907,-0.25933550612859724,-0.23538436605243465,0.9048055324001227,-0.2507203421941191,-0.8828162337175963,-0.3244217985033781,-0.11162799739561437,-0.4814607612315388,-1.678290535487495,0.9841231756854657,0
0.21232733076517762,0.9009088760241706,-1.179024470547907,1.1218341876450568,-0.23538436605243465,0.9048055324001227,-1.042512820865339,-0.8828162337175963,-0.10622670694978965,-1.3730106049817663,0.03455021005991044,-0.7060309505507939,0.9841231756854657,0
-0.8043672005990544,0.9009088760241706,-1.179024470547907,-0.3009168343513559,-0.911310674287764,0.9048055324001227,0.06599664927436881,0.2744324511807092,-1.1132809756586586,0.23238544103697253,-0.7394662468772634,-0.17029607721832604,0.9841231756854657,0
0.38177641932588297,0.9009088760241706,0.8491410419312149,0.3076266148456756,0.2715603651240624,0.9048055324001227,-0.7257958293968509,0.853056793629862,-0.0995130118250634,-1.0289971665491795,-0.22345527558581418,-1.0235034680811452,0.9841231756854657,0
-0.2960199349169384,-1.1099901739376037,-1.179024470547907,-0.7743091225417907,-0.23538436605243465,0.9048055324001227,-1.042512820865339,-1.461440576166749,-0.4721230912473454,-0.45564143582820127,-0.4814607612315388,-0.11076998018138517,0.9841231756854657,0
-0.2960199349169384,-1.1099901739376037,-1.179024470547907,-0.865241628393156,0.2715603651240624,0.9048055324001227,-0.7574675285436998,0.2744324511807092,-0.676890792551482,0.5763988794695595,-0.7394662468772634,-1.2219237915376149,0.9841231756854657,0
0.0428782422044723,-1.1099901739376037,1.5251962127575889,1.9787127626692362,-0.7423290972289317,-1.177851894974348,0.06599664927436881,0.853056793629862,0.011262957732911642,-1.0289971665491795,-0.22345527558581418,-0.190138109563973,-1.0161329645585022,0
0.0428782422044723,0.9009088760241706,1.5251962127575889,-0.1123716472448173,0.4405419421828948,0.9048055324001227,-0.7574675285436998,-0.3041918912684436,0.001192415045823164,-0.7996548742607882,0.03455021005991044,-1.12271362980938,0.9841231756854657,0
0.21232733076517762,0.9009088760241706,0.8491410419312149,-0.4128374090246149,-0.404365943111267,0.9048055324001227,-0.4090788379283631,1.4316811360790147,-0.24721430456903132,-0.11162799739561437,0.5505611813513597,-0.8449251769703227,0.9841231756854657,0
-0.634918112038349,0.9009088760241706,0.8491410419312149,0.7564459646712747,-0.911310674287764,-1.177851894974348,-1.0037149894104491,-0.8828162337175963,-1.1502062988446506,-1.2583394588375707,-0.4814607612315388,0.20670253734896618,0.9841231756854657,0
-0.2960199349169384,0.9009088760241706,1.5251962127575889,0.20039637609423935,-0.5733475201700994,-1.177851894974348,0.06599664927436881,1.4316811360790147,-0.0995130118250634,-0.34097028968400567,-0.7394662468772634,1.298014316359549,-1.0161329645585022,0
-0.634918112038349,0.9009088760241706,-1.179024470547907,-0.4727694791367947,-0.5733475201700994,0.9048055324001227,0.06599664927436881,-0.3041918912684436,-0.6164675364289499,0.6910700256137552,-0.22345527558581418,1.317856348705196,0.9841231756854657,0
-0.46546902347764374,-1.1099901739376037,1.5251962127575889,0.5463599755534019,-0.911310674287764,0.9048055324001227,0.6994306322113446,1.4316811360790147,-0.5392600424946031,-0.2262991435398101,-0.7394662468772634,0.9011736694466097,0.9841231756854657,0
1.5679200392508204,0.9009088760241706,-0.502969299721533,1.112643024323505,1.2854498274770565,-1.177851894974348,2.4413740852880284,0.853056793629862,0.5953544335840558,0.3470565871811683,1.8405886095799828,0.801963507718375,-1.0161329645585022,0
0.21232733076517762,0.9009088760241706,1.5251962127575889,-0.4664051512698096,-0.06640278899360229,0.9048055324001227,0.03052434622989816,-0.8828162337175963,-0.35463342656464414,0.5763988794695595,0.8085666669970842,0.8416475724096689,0.9841231756854657,0
1.2290218621294098,0.9009088760241706,-0.502969299721533,-0.373798653473282,1.6234129815947211,0.9048055324001227,-0.5736133149962426,0.853056793629862,-0.6063969937418614,-0.34097028968400567,2.098594095225707,1.3773824457421369,-1.0161329645585022,0
-0.634918112038349,-1.1099901739376037,0.8491410419312149,-0.29748988857682546,-0.911310674287764,0.9048055324001227,0.5410721364771007,0.2744324511807092,0.2831676102843065,0.8057411717579506,-0.7394662468772634,0.4448069254967297,0.9841231756854657,0
-0.9738162891597597,-1.1099901739376037,-1.179024470547907,-0.5811051842671117,-0.911310674287764,0.9048055324001227,-0.7257958293968509,0.2744324511807092,0.138823165102702,-0.2262991435398101,-0.7394662468772634,0.6829113136444932,-1.0161329645585022,0
3.431860013418579,0.9009088760241706,0.8491410419312149,-0.1044280816937168,3.4822103292418767,0.9048055324001227,0.06599664927436881,-0.3041918912684436,0.6792756226431284,0.003043148748581378,1.582583123934258,0.7622794430270811,-1.0161329645585022,0
-0.8043672005990544,0.9009088760241706,0.8491410419312149,-0.7935442375343165,-0.911310674287764,0.9048055324001227,-0.7257958293968509,0.853056793629862,-1.4456088843325854,0.3470565871811683,-0.4814607612315388,-0.7853990799333818,-1.0161329645585022,0
0.38177641932588297,0.9009088760241706,-1.179024470547907,1.977354618260897,-0.404365943111267,-1.177851894974348,4.024959042630468,0.853056793629862,0.6792756226431284,0.3470565871811683,0.5505611813513597,0.12733440796637835,0.9841231756854657,0
-0.8043672005990544,0.9009088760241706,-0.502969299721533,-0.7094340384783298,-0.911310674287764,-1.177851894974348,-0.2507203421941191,-0.8828162337175963,0.07839990898016995,1.035083464046342,-0.4814607612315388,-1.162397694500674,0.9841231756854657,0
-0.2960199349169384,0.9009088760241706,-0.502969299721533,1.2195732079149593,-0.5733475201700994,-1.177851894974348,-1.042512820865339,0.853056793629862,-1.7980778783806897,-1.3730106049817663,-0.7394662468772634,0.20670253734896618,0.9841231756854657,0
-0.12657084635623306,-1.1099901739376037,1.5251962127575889,-0.03423096663478689,-0.911310674287764,0.9048055324001227,0.5410721364771007,-0.8828162337175963,0.7497694214527494,0.3470565871811683,1.066572152642809,-0.5869787564769122,0.9841231756854657,0
-0.2960199349169384,0.9009088760241706,-1.179024470547907,1.119386369234678,0.2715603651240624,-1.177851894974348,3.2331665639592484,0.2744324511807092,-0.23043006675721658,0.6910700256137552,0.8085666669970842,-0.9441353386985575,0.9841231756854657,0
-0.2960199349169384,0.9009088760241706,0.8491410419312149,-0.2020407629488902,-0.5733475201700994,0.9048055324001227,0.09798506541268609,0.853056793629862,-0.7104592681751108,0.1177142948927768,-0.7394662468772634,0.5241750548793175,0.9841231756854657,0
0.38177641932588297,-1.1099901739376037,1.5251962127575889,-0.4958105569480385,0.6095235192417271,-1.177851894974348,-0.5674373336626071,0.2744324511807092,-1.0931398902844813,-0.2262991435398101,-0.22345527558581418,-0.8250831446246757,0.9841231756854657,0
-0.12657084635623306,-1.1099901739376037,-1.179024470547907,1.3094634168948085,-0.404365943111267,-1.177851894974348,-0.731655093739018,0.853056793629862,0.13210946997797635,-1.2583394588375707,-0.22345527558581418,-2.3529196352394917,0.9841231756854657,0
-0.2960199349169384,-1.1099901739376037,-1.179024470547907,0.1787450274450171,-0.404365943111267,0.9048055324001227,0.06599664927436881,1.4316811360790147,-1.2844802013391665,-0.34097028968400567,-0.4814607612315388,0.4448069254967297,0.9841231756854657,0
-0.8043672005990544,0.9009088760241706,-0.502969299721533,-0.4494283461655689,-0.911310674287764,-1.177851894974348,0.38271364074285674,0.853056793629862,1.407711543675877,1.035083464046342,-0.7394662468772634,-3.2259690584479577,0.9841231756854657,0
3.0929618362971683,0.9009088760241706,-1.179024470547907,-0.4890198349063422,3.144247175124212,0.9048055324001227,-0.2442276438690151,1.4316811360790147,0.32009293347029877,0.23238544103697253,1.582583123934258,0.3654387961141419,0.9841231756854657,0
0.38177641932588297,-1.1099901739376037,-0.502969299721533,-0.7898646137303276,-0.06640278899360229,0.9048055324001227,-0.7257958293968509,-0.8828162337175963,-0.4452683107484422,0.3470565871811683,1.066572152642809,1.238488219322608,0.9841231756854657,0
-0.634918112038349,0.9009088760241706,0.8491410419312149,-0.3935233321478835,-0.7423290972289317,0.9048055324001227,0.06599664927436881,-0.8828162337175963,-1.173704231781191,0.4617277333253637,-0.997471732522988,1.4170665104334308,0.9841231756854657,0
-0.8043672005990544,0.9009088760241706,0.8491410419312149,-0.38460063923263144,-0.911310674287764,-1.177851894974348,-0.014449466558627125,0.2744324511807092,-0.22371637163249095,0.3470565871811683,-0.997471732522988,0.3455967637684949,0.9841231756854657,0
0.38177641932588297,-1.1099901739376037,-0.502969299721533,-0.016748805471629317,-0.23538436605243465,0.9048055324001227,0.5094004373302519,0.853056793629862,0.5550722628357013,0.23238544103697253,0.8085666669970842,1.1789621222856672,0.9841231756854657,0
1.398470950690115,-1.1099901739376037,0.8491410419312149,-0.24415903198424813,1.2854498274770565,-1.177851894974348,-0.4090788379283631,-1.461440576166749,-0.45869570099789353,-0.34097028968400567,1.3245776382885335,-0.15045404487267908,0.9841231756854657,0
-0.2960199349169384,-1.1099901739376037,-1.179024470547907,-0.18632734799194187,0.10257878806523006,0.9048055324001227,-0.2301337377486674,1.4316811360790147,0.5450017201486129,-0.2262991435398101,-0.4814607612315388,0.028124246238143545,0.9841231756854657,0
1.7373691278115257,0.9009088760241706,-1.179024470547907,1.335963025234265,1.2854498274770565,-1.177851894974348,-0.2507203421941191,-1.461440576166749,-1.3482603050240614,-1.0289971665491795,1.8405886095799828,-1.8370267942526706,0.9841231756854657,0
-0.12657084635623306,-1.1099901739376037,-1.179024470547907,-0.0709956199209936,-0.06640278899360229,0.21058638994196582,0.8577891279455886,-0.8828162337175963,0.3503045615315648,0.6910700256137552,0.29255569570563505,0.6233852166075523,-1.0161329645585022,0
3.262410924857874,-1.1099901739376037,-0.502969299721533,-0.07145359884938707,3.3132287521830444,0.9048055324001227,0.7037063115961693,1.4316811360790147,0.5819270433346045,0.5763988794695595,1.582583123934258,-0.13061201252703214,0.9841231756854657,0
-0.634918112038349,-1.1099901739376037,0.8491410419312149,-0.10624420503044951,-0.911310674287764,0.9048055324001227,-0.646616581529729,0.853056793629862,-1.0260029390372234,-0.6849837281165926,-0.7394662468772634,-0.36871640067479566,-1.0161329645585022,0
-0.634918112038349,0.9009088760241706,1.5251962127575889,-0.07006386968736551,-0.23538436605243465,-1.177851894974348,-0.5674373336626071,-1.461440576166749,0.5752133482098789,-0.6849837281165926,-0.7394662468772634,0.286070666731554,0.9841231756854657,0
0.21232733076517762,0.9009088760241706,-1.179024470547907,-0.4984952610110347,-0.404365943111267,0.9048055324001227,-0.7257958293968509,0.2744324511807092,-1.0964967378468442,-0.45564143582820127,0.29255569570563505,-0.44808453005738347,0.9841231756854657,0
0.890123685007999,0.9009088760241706,-0.502969299721533,-0.09893233455299517,1.1164682504182242,0.9048055324001227,-0.15222135784741936,0.853056793629862,-0.6836044876762076,-0.2262991435398101,1.066572152642809,-1.9362369559809054,0.9841231756854657,0
0.0428782422044723,0.9009088760241706,-0.502969299721533,-0.3900648016196707,0.10257878806523006,0.9048055324001227,0.06599664927436881,0.2744324511807092,-0.3244217985033781,0.4617277333253637,0.03455021005991044,-0.8449251769703227,0.9841231756854657,0
0.5512255078865883,-1.1099901739376037,1.5251962127575889,-0.22904572734726367,0.7785050963005594,-1.177851894974348,-0.9574743086560499,0.853056793629862,-1.0461440244114009,-1.0289971665491795,0.03455021005991044,1.0003838311748445,-1.0161329645585022,0
-0.46546902347764374,0.9009088760241706,-0.502969299721533,-0.3943603281204646,-0.5733475201700994,0.9048055324001227,-0.7257958293968509,0.2744324511807092,-0.07601507888852362,-0.570312581972397,-0.4814607612315388,0.0479662785837905,-1.0161329645585022,0
0.890123685007999,0.9009088760241706,1.5251962127575889,-0.5310749344343355,0.6095235192417271,-1.177851894974348,0.7054482550492459,0.853056793629862,1.1055952630632166,1.8377814870557112,0.03455021005991044,0.7622794430270811,0.9841231756854657,0
1.0595727735687044,-1.1099901739376037,-1.179024470547907,-0.4822133204878048,0.9474866733593919,0.9048055324001227,-0.7574675285436998,-0.8828162337175963,0.07504306141780712,-0.45564143582820127,1.8405886095799828,-0.011559818453150373,0.9841231756854657,0
-0.2960199349169384,-1.1099901739376037,-0.502969299721533,-0.6702373591585854,-0.7423290972289317,0.9048055324001227,-0.698558168130561,-0.8828162337175963,-1.2911938964638923,0.003043148748581378,0.03455021005991044,0.5043330225336705,0.9841231756854657,0
-0.634918112038349,-1.1099901739376037,0.8491410419312149,0.2564119367498129,-0.7423290972289317,-1.177851894974348,1.3040433689246882,0.2744324511807092,-1.428824646520771,0.5763988794695595,-0.997471732522988,-0.6663468858595001,-1.0161329645585022,0
0.38177641932588297,0.9009088760241706,-0.502969299721533,0.9327836444796012,-0.06640278899360229,-1.177851894974348,-0.2507203421941191,1.4316811360790147,-0.8044509999212723,-0.9143260204049839,0.03455021005991044,0.40512286080543575,-1.0161329645585022,0
-0.634918112038349,0.9009088760241706,1.5251962127575889,1.3139168671640138,-0.23538436605243465,-1.177851894974348,0.8577891279455886,-0.8828162337175963,1.5252012083585789,-0.570312581972397,-0.997471732522988,0.5440170872249644,-1.0161329645585022,0
-0.8043672005990544,-1.1099901739376037,-1.179024470547907,0.17588660723676822,-0.5733475201700994,0.9048055324001227,0.06599664927436881,0.853056793629862,0.6591345372689513,-0.34097028968400567,-0.4814607612315388,0.6630692812988462,-1.0161329645585022,0
-0.46546902347764374,-1.1099901739376037,-1.179024470547907,0.40503399520191397,-0.404365943111267,-1.177851894974348,-0.3298995900612411,1.4316811360790147,0.26302652491012896,-0.7996548742607882,0.03455021005991044,0.6829113136444932,-1.0161329645585022,0
0.38177641932588297,0.9009088760241706,-0.502969299721533,-0.2606620657832542,-0.06640278899360229,0.9048055324001227,0.7084570664681965,-1.461440576166749,0.19588957366287124,0.9204123179021463,0.29255569570563505,-1.3806600503027906,0.9841231756854657,0
-0.46546902347764374,-1.1099901739376037,0.8491410419312149,-0.2777020403948594,0.10257878806523006,0.9048055324001227,0.8563639014839804,-1.461440576166749,0.024690347982363543,1.1497546101905376,-0.4814607612315388,0.9805417988291976,0.9841231756854657,0
-0.8043672005990544,0.9009088760241706,1.5251962127575889,-0.6986162603421392,-0.404365943111267,-1.177851894974348,-1.2008713165995828,0.2744324511807092,-0.43855461562371656,-0.9143260204049839,-0.7394662468772634,-0.46792656240303043,0.9841231756854657,0
-0.12657084635623306,-1.1099901739376037,-0.502969299721533,0.12066066542325238,-0.404365943111267,0.9048055324001227,-0.4090788379283631,0.853056793629862,-0.284139627755023,-0.6849837281165926,-0.4814607612315388,0.7424374106814341,-1.0161329645585022,0
-0.8043672005990544,-1.1099901739376037,1.5251962127575889,1.2110611167975773,-0.7423290972289317,-1.177851894974348,3.2331665639592484,-1.461440576166749,-0.3647039692517326,0.5763988794695595,-0.4814607612315388,-1.9957630530178463,0.9841231756854657,0
0.21232733076517762,-1.1099901739376037,0.8491410419312149,-0.20548350110026178,-0.06640278899360229,0.9048055324001227,0.6994306322113446,-0.8828162337175963,0.15896425047687956,0.8057411717579506,0.29255569570563505,-0.6266628211682062,0.9841231756854657,0
1.2290218621294098,-1.1099901739376037,0.8491410419312149,-0.20646262846441335,1.2854498274770565,0.9048055324001227,-0.5674373336626071,0.853056793629862,0.3301634761573873,-0.570312581972397,1.3245776382885335,1.1988041546313142,-1.0161329645585022,0
0.7206745964472937,0.9009088760241706,1.5251962127575889,0.022716344254414742,0.2715603651240624,-1.177851894974348,-0.4982346710267424,1.4316811360790147,-0.002164432516539662,-0.6849837281165926,0.03455021005991044,0.16701847265767225,0.9841231756854657,0
-0.12657084635623306,0.9009088760241706,-1.179024470547907,-0.506723089345276,-0.06640278899360229,-1.177851894974348,-0.2507203421941191,-0.8828162337175963,-1.2844802013391665,0.3470565871811683,-0.7394662468772634,-0.13061201252703214,-1.0161329645585022,0
-0.9738162891597597,0.9009088760241706,-0.502969299721533,-0.9070756346453731,-0.911310674287764,0.9048055324001227,-1.121692068732461,0.853056793629862,-0.6903181828009338,-0.34097028968400567,-0.7394662468772634,0.6630692812988462,0.9841231756854657,0
-0.12657084635623306,0.9009088760241706,-0.502969299721533,1.1203812889756706,0.10257878806523006,-1.177851894974348,0.9572382632666938,0.853056793629862,-0.613110688866587,-0.45564143582820127,-0.4814607612315388,0.008282213892496587,-1.0161329645585022,0
-0.46546902347764374,0.9009088760241706,-1.179024470547907,-0.48295556219933905,-0.23538436605243465,0.9048055324001227,-0.7257958293968509,-1.461440576166749,0.4778647689013546,-0.45564143582820127,-0.7394662468772634,-0.7258729828964409,0.9841231756854657,0
-0.2960199349169384,-1.1099901739376037,1.5251962127575889,-0.210221214152608,-0.404365943111267,-1.177851894974348,0.4618928886099787,0.2744324511807092,-0.5392600424946031,0.5763988794695595,-0.997471732522988,0.801963507718375,0.9841231756854657,0
0.5512255078865883,-1.1099901739376037,-1.179024470547907,0.009403370577321848,0.9474866733593919,0.9048055324001227,-1.1144075779286857,-0.8828162337175963,0.11532523216616163,-1.2583394588375707,1.066572152642809,-1.4005020826484376,0.9841231756854657,0
-0.8043672005990544,0.9009088760241706,-1.179024470547907,-0.4134848964751022,-0.911310674287764,0.9048055324001227,-1.042512820865339,0.2744324511807092,-0.15657942038523323,-0.9143260204049839,-0.7394662468772634,-0.15045404487267908,0.9841231756854657,0
-0.46546902347764374,-1.1099901739376037,0.8491410419312149,0.07948993899836368,-0.06640278899360229,0.21058638994196582,-0.2507203421941191,1.4316811360790147,1.5252012083585789,-0.570312581972397,-0.7394662468772634,-0.11076998018138517,-1.0161329645585022,0
-0.2960199349169384,-1.1099901739376037,1.5251962127575889,-0.24002142925186576,-0.5733475201700994,-1.177851894974348,-0.2507203421941191,1.4316811360790147,0.3335203237197501,-0.2262991435398101,-0.7394662468772634,0.6432272489531993,-1.0161329645585022,0
-0.8043672005990544,0.9009088760241706,0.8491410419312149,-0.5700031433477803,-0.911310674287764,0.9048055324001227,-0.5674373336626071,-0.8828162337175963,-0.39491559731299863,0.003043148748581378,-0.7394662468772634,0.5241750548793175,0.9841231756854657,0
-0.46546902347764374,0.9009088760241706,1.5251962127575889,0.649578950587185,-0.23538436605243465,0.9048055324001227,1.6495816066168083,-0.3041918912684436,0.6893461653302174,0.3470565871811683,-0.7394662468772634,0.4844909901880236,0.9841231756854657,0
0.0428782422044723,0.9009088760241706,1.5251962127575889,-0.008615731398434964,-0.23538436605243465,0.9048055324001227,-0.9454390629802474,0.2744324511807092,-0.9219406646039736,-1.0289971665491795,0.03455021005991044,-0.7457150152420878,0.9841231756854657,0
-0.9738162891597597,0.9009088760241706,0.8491410419312149,-0.7284638525719205,-0.911310674287764,0.9048055324001227,-1.1075981626121132,-0.8828162337175963,0.7564831165774751,-0.6849837281165926,-0.7394662468772634,-0.15045404487267908,0.9841231756854657,0
0.5512255078865883,-1.1099901739376037,0.8491410419312149,0.6479523357725461,0.4405419421828948,-1.177851894974348,-0.8135264360336222,-0.8828162337175963,-0.015591822765990965,-1.143668312693375,-0.22345527558581418,-1.4798702120310254,0.9841231756854657,0
-0.46546902347764374,-1.1099901739376037,-0.502969299721533,0.17514436552523396,-0.7423290972289317,-1.177851894974348,-0.6624524311031534,0.853056793629862,0.7732673543892898,-0.9143260204049839,-0.7394662468772634,-0.7258729828964409,0.9841231756854657,0
0.0428782422044723,0.9009088760241706,0.8491410419312149,0.45760681770611594,0.10257878806523006,-1.177851894974348,0.38271364074285674,-0.8828162337175963,-1.1770610793435539,-0.34097028968400567,0.03455021005991044,0.5638591195706114,-1.0161329645585022,0
-0.12657084635623306,-1.1099901739376037,1.5251962127575889,0.5932001652642649,-0.23538436605243465,-1.177851894974348,-1.2800505644667048,0.853056793629862,-0.16329311550995887,-1.487681751125962,1.066572152642809,1.1988041546313142,0.9841231756854657,0
-0.46546902347764374,-1.1099901739376037,-0.502969299721533,-0.544640586140887,-0.911310674287764,0.9048055324001227,-0.5701294280900892,-0.8828162337175963,-0.9420817499781512,-0.11162799739561437,-0.7394662468772634,0.40512286080543575,0.9841231756854657,0
-0.2960199349169384,0.9009088760241706,-0.502969299721533,-0.26366261738307345,-0.5733475201700994,-1.177851894974348,-0.483032255436255,0.853056793629862,-0.9622228353523281,-0.45564143582820127,-0.4814607612315388,-0.2893482712922078,0.9841231756854657,0
-0.46546902347764374,0.9009088760241706,0.8491410419312149,-0.6244868434497619,-0.911310674287764,-1.177851894974348,-0.2507203421941191,-0.8828162337175963,-0.32106495094101467,0.6910700256137552,-0.7394662468772634,-2.154499311783022,0.9841231756854657,0
-0.12657084635623306,0.9009088760241706,0.8491410419312149,1.8881434814852176,-0.06640278899360229,-1.177851894974348,-0.6755961862490957,-1.461440576166749,-1.8752853723150364,-1.2583394588375707,0.03455021005991044,-0.13061201252703214,0.9841231756854657,0
-0.634918112038349,0.9009088760241706,-1.179024470547907,0.4615707042932456,-0.5733475201700994,0.9048055324001227,0.8577891279455886,-0.3041918912684436,1.763537385286345,0.003043148748581378,-0.4814607612315388,-0.17029607721832604,0.9841231756854657,0
-0.46546902347764374,-1.1099901739376037,-1.179024470547907,-0.7159878748674088,-0.911310674287764,0.9048055324001227,-1.007515593308071,-1.461440576166749,0.1253957748532507,-0.570312581972397,-0.22345527558581418,-0.03140185079879733,0.9841231756854657,0
-0.2960199349169384,0.9009088760241706,0.8491410419312149,0.3877255501840091,-0.7423290972289317,-1.177851894974348,1.6495816066168083,0.2744324511807092,-0.3613471216893698,0.5763988794695595,-0.4814607612315388,-0.9639773710442044,0.9841231756854657,0
0.21232733076517762,0.9009088760241706,-0.502969299721533,0.2911393734235107,0.4405419421828948,0.9048055324001227,0.38271364074285674,0.853056793629862,-0.5056915668709743,-0.2262991435398101,0.29255569570563505,-0.051243883144444294,0.9841231756854657,0
-1.143265377720465,0.9009088760241706,1.5251962127575889,-0.9748407236707654,-0.911310674287764,0.9048055324001227,-1.2008713165995828,1.4316811360790147,-1.3348329147746099,-0.34097028968400567,-0.7394662468772634,1.1591200899400202,0.9841231756854657,0
0.5512255078865883,0.9009088760241706,1.5251962127575889,-0.4517814103149009,0.4405419421828948,0.9048055324001227,-1.2008713165995828,1.4316811360790147,-1.3583308477111502,-1.143668312693375,0.29255569570563505,-1.3211339532658497,0.9841231756854657,0
-0.2960199349169384,0.9009088760241706,1.5251962127575889,-0.6317039596661694,-0.06640278899360229,-1.177851894974348,-1.002923196931778,-0.3041918912684436,-1.3482603050240614,-0.6849837281165926,-0.4814607612315388,-0.190138109563973,0.9841231756854657,0
1.2290218621294098,-1.1099901739376037,-0.502969299721533,-0.1498943346193994,1.6234129815947211,0.9048055324001227,-0.09236184645987515,-1.461440576166749,-0.002164432516539662,-0.11162799739561437,1.066572152642809,0.286070666731554,-1.0161329645585022,0
0.7206745964472937,-1.1099901739376037,1.5251962127575889,1.032907313652518,0.6095235192417271,-1.177851894974348,-0.6285637130160252,-0.3041918912684436,-0.2069321338206762,-1.143668312693375,0.5505611813513597,-1.6187644384505542,0.9841231756854657,0
-0.2960199349169384,0.9009088760241706,-0.502969299721533,-0.4505969820518143,0.2715603651240624,-1.177851894974348,0.8649152602536296,-0.8828162337175963,0.4174415127788225,1.7231103409115156,-0.7394662468772634,-0.7853990799333818,0.9841231756854657,0
0.890123685007999,0.9009088760241706,-0.502969299721533,1.3067313357012889,0.4405419421828948,-1.177851894974348,1.6495816066168083,0.2744324511807092,0.9981761410676039,-0.2262991435398101,0.5505611813513597,-0.9441353386985575,0.9841231756854657,0
-0.46546902347764374,0.9009088760241706,1.5251962127575889,-0.6787336578991262,-0.911310674287764,0.9048055324001227,-0.4090788379283631,0.2744324511807092,-0.29085332287974863,0.5763988794695595,-0.4814607612315388,0.8813316371009629,-1.0161329645585022,0
0.5512255078865883,-1.1099901739376037,-1.179024470547907,5.4178818368747255,0.4405419421828948,-1.177851894974348,0.1451758971414908,-0.3041918912684436,1.575553921794022,-1.3730106049817663,0.5505611813513597,-0.190138109563973,0.9841231756854657,0
-0.2960199349169384,0.9009088760241706,0.8491410419312149,0.6506212474587012,-0.911310674287764,-1.177851894974348,0.06599664927436881,-0.8828162337175963,0.4812216164637174,-0.6849837281165926,0.29255569570563505,0.3455967637684949,-1.0161329645585022,0
0.0428782422044723,0.9009088760241706,-1.179024470547907,-0.2602988411159076,-0.7423290972289317,0.9048055324001227,0.6994306322113446,-1.461440576166749,-0.6836044876762076,0.9204123179021463,0.03455021005991044,-0.3488743683291487,0.9841231756854657,0
-0.2960199349169384,0.9009088760241706,1.5251962127575889,0.5204920622875915,-0.23538436605243465,-1.177851894974348,-0.5352905590285555,0.853056793629862,1.0351014642535956,-1.0289971665491795,-0.7394662468772634,1.0995939929030794,0.9841231756854657,0
-0.9738162891597597,0.9009088760241706,-0.502969299721533,-0.7721613592913938,-0.911310674287764,0.9048055324001227,-0.8841543251310949,-0.8828162337175963,-0.7339572011116512,-0.11162799739561437,-0.4814607612315388,0.4844909901880236,0.9841231756854657,0
-0.2960199349169384,0.9009088760241706,-0.502969299721533,-0.4397634115387826,-0.06640278899360229,-1.177851894974348,0.06599664927436881,-0.8828162337175963,-1.240841183028449,0.5763988794695595,-0.7394662468772634,0.22654456969461315,0.9841231756854657,0
-0.2960199349169384,0.9009088760241706,0.8491410419312149,-0.6429323396002299,-0.06640278899360229,-1.177851894974348,-0.5674373336626071,-1.461440576166749,-0.6836044876762076,0.1177142948927768,-0.22345527558581418,-1.5989224061049072,0.9841231756854657,0
-0.634918112038349,-1.1099901739376037,-1.179024470547907,-0.7139506582548999,-0.23538436605243465,0.9048055324001227,-0.7257958293968509,0.2744324511807092,0.08847045166725842,0.003043148748581378,-0.22345527558581418,-0.9639773710442044,-1.0161329645585022,0
0.21232733076517762,0.9009088760241706,-1.179024470547907,-0.15226319114557252,-0.06640278899360229,0.9048055324001227,1.2199550076898045,-0.8828162337175963,-0.0726582313261608,1.2644257563347332,0.03455021005991044,0.5043330225336705,0.9841231756854657,0
-0.2960199349169384,0.9009088760241706,-0.502969299721533,0.32532986928460933,-0.911310674287764,-1.177851894974348,1.6495816066168083,-1.461440576166749,0.011262957732911642,0.6910700256137552,0.03455021005991044,0.3455967637684949,0.9841231756854657,0
-0.46546902347764374,0.9009088760241706,0.8491410419312149,-0.14877307586367747,-0.7423290972289317,-1.177851894974348,-0.09236184645987515,-0.8828162337175963,-1.0495008719737637,-0.11162799739561437,-0.22345527558581418,-1.3211339532658497,0.9841231756854657,0
-0.46546902347764374,-1.1099901739376037,-1.179024470547907,-0.015090605903308138,-0.911310674287764,-1.177851894974348,0.38271364074285674,1.4316811360790147,0.40737097009173406,0.1177142948927768,-0.4814607612315388,-2.154499311783022,-1.0161329645585022,0
-0.8043672005990544,-1.1099901739376037,0.8491410419312149,0.3578779579542279,-0.5733475201700994,0.9048055324001227,0.06599664927436881,1.4316811360790147,-0.9924344634135942,-0.45564143582820127,-0.7394662468772634,-1.2616078562289088,-1.0161329645585022,0
-0.12657084635623306,-1.1099901739376037,-1.179024470547907,0.44751548890461845,-0.5733475201700994,-1.177851894974348,-0.7351389806451714,-0.8828162337175963,0.5047195494002578,-1.0289971665491795,0.03455021005991044,0.7424374106814341,-1.0161329645585022,0
-0.46546902347764374,0.9009088760241706,-1.179024470547907,1.2220210263253382,-0.7423290972289317,-1.177851894974348,1.4088766931007577,-0.8828162337175963,0.011262957732911642,-0.2262991435398101,-0.7394662468772634,-0.5869787564769122,0.9841231756854657,0
0.0428782422044723,-1.1099901739376037,1.5251962127575889,0.5344209386614894,-0.404365943111267,0.9048055324001227,0.04287630889716919,0.853056793629862,0.9377528849450718,-0.570312581972397,-0.22345527558581418,-0.40840046536608954,-1.0161329645585022,0
0.38177641932588297,0.9009088760241706,-1.179024470547907,-0.3333543763830864,-0.06640278899360229,0.9048055324001227,-0.2866677207257925,0.853056793629862,-0.6601065547396678,-0.11162799739561437,0.29255569570563505,-2.5513399586959613,0.9841231756854657,0
-0.634918112038349,-1.1099901739376037,-1.179024470547907,-0.24591198581361623,-0.911310674287764,0.9048055324001227,0.38271364074285674,0.2744324511807092,0.24624228709831483,0.5763988794695595,-0.7394662468772634,1.317856348705196,-1.0161329645585022,0
0.0428782422044723,0.9009088760241706,-1.179024470547907,-0.7536684860104024,0.2715603651240624,0.9048055324001227,-1.121692068732461,-0.3041918912684436,0.5852838908969674,-0.6849837281165926,0.29255569570563505,0.6829113136444932,0.9841231756854657,0
-0.12657084635623306,0.9009088760241706,-1.179024470547907,-0.10976590506602688,-0.7423290972289317,0.9048055324001227,0.4915059273122823,-1.461440576166749,0.1488937077897905,0.3470565871811683,0.5505611813513597,0.7027533459901402,0.9841231756854657,0
1.398470950690115,0.9009088760241706,1.5251962127575889,0.40294940145888164,0.4405419421828948,-1.177851894974348,2.356969007061676,0.2744324511807092,0.20260326878759688,1.035083464046342,1.066572152642809,0.782121475372728,0.9841231756854657,0
0.890123685007999,-1.1099901739376037,-1.179024470547907,1.0267798714381502,0.9474866733593919,-1.177851894974348,1.6495816066168083,1.4316811360790147,-1.0192892439124976,0.003043148748581378,0.29255569570563505,-1.7576586648700827,0.9841231756854657,0
-0.12657084635623306,-1.1099901739376037,-1.179024470547907,0.5243138174831508,-0.404365943111267,-1.177851894974348,0.38271364074285674,1.4316811360790147,-0.9118701219168851,-0.34097028968400567,0.29255569570563505,-1.5393963090679663,0.9841231756854657,0
-0.9738162891597597,-1.1099901739376037,0.8491410419312149,-0.39406027296048274,-0.404365943111267,0.9048055324001227,-0.8841543251310949,0.853056793629862,-1.0427871768490378,-0.7996548742607882,-0.7394662468772634,-0.15045404487267908,-1.0161329645585022,0
-0.634918112038349,-1.1099901739376037,-0.502969299721533,-0.2611042523348065,-0.06640278899360229,-1.177851894974348,-0.5674373336626071,1.4316811360790147,0.8639022385730879,-0.570312581972397,-0.4814607612315388,0.821805540064022,-1.0161329645585022,0
0.0428782422044723,0.9009088760241706,-1.179024470547907,-0.5680922657500007,0.10257878806523006,0.9048055324001227,-1.359229812333827,0.2744324511807092,-0.2438574570066685,-1.3730106049817663,0.29255569570563505,0.4249648931510827,0.9841231756854657,0
1.906818216372231,-1.1099901739376037,0.17308587110484092,-0.11041339251651419,2.2993392898300504,0.9048055324001227,-0.7257958293968509,-0.8828162337175963,1.1055952630632166,-0.7996548742607882,1.3245776382885335,0.7424374106814341,-1.0161329645585022,0
-0.2960199349169384,-1.1099901739376037,0.8491410419312149,-0.42796650603844055,-0.911310674287764,-1.177851894974348,-0.06354060023624275,-0.8828162337175963,-0.17672050575941017,0.3470565871811683,-0.22345527558581418,0.06780831092943747,0.9841231756854657,0
0.890123685007999,0.9009088760241706,-1.179024470547907,-0.6835661252125194,0.6095235192417271,0.9048055324001227,-0.8524826259842462,1.4316811360790147,-1.0192892439124976,-0.34097028968400567,0.5505611813513597,0.7225953783357871,0.9841231756854657,0
0.0428782422044723,0.9009088760241706,-0.502969299721533,-0.06936900510635473,-0.23538436605243465,0.9048055324001227,-0.4090788379283631,0.2744324511807092,-0.6332517742407646,-0.570312581972397,0.03455021005991044,-0.22982217425526694,0.9841231756854657,0
0.0428782422044723,0.9009088760241706,0.8491410419312149,-0.452918461447464,-0.23538436605243465,0.9048055324001227,-1.042512820865339,-1.461440576166749,0.43758259815300005,-0.9143260204049839,-0.4814607612315388,0.4448069254967297,0.9841231756854657,0
-0.46546902347764374,0.9009088760241706,-0.502969299721533,-0.7494045442632907,-0.06640278899360229,0.9048055324001227,-0.6849393374974161,-0.8828162337175963,-0.48555048149679675,0.23238544103697253,-0.7394662468772634,-0.07108591549009124,0.9841231756854657,0
-0.8043672005990544,0.9009088760241706,1.5251962127575889,-0.5620437854198387,-0.911310674287764,0.9048055324001227,-0.5674373336626071,-0.8828162337175963,-0.707102420612748,0.003043148748581378,-0.7394662468772634,0.305912699077201,-1.0161329645585022,0
-0.2960199349169384,-1.1099901739376037,0.8491410419312149,3.168905243302814,-0.5733475201700994,-1.177851894974348,2.2695551174163735,-0.3041918912684436,0.8471180007612732,-0.570312581972397,-0.7394662468772634,-1.0036614357354983,0.9841231756854657,0
-0.46546902347764374,0.9009088760241706,0.8491410419312149,-0.617933007060683,-0.5733475201700994,0.9048055324001227,-0.7257958293968509,-0.8828162337175963,0.22274435416177443,-0.2262991435398101,-0.4814607612315388,0.18686050500331922,-1.0161329645585022,0
0.0428782422044723,-1.1099901739376037,-0.502969299721533,1.401153956834549,-0.23538436605243465,-1.177851894974348,0.06599664927436881,-0.8828162337175963,0.32009293347029877,-0.9143260204049839,0.03455021005991044,-0.5869787564769122,-1.0161329645585022,0
-0.46546902347764374,-1.1099901739376037,-1.179024470547907,-0.4514971475317601,-0.911310674287764,-1.177851894974348,-0.4090788379283631,-0.3041918912684436,-0.811164695045998,0.003043148748581378,-0.4814607612315388,1.0202258635204915,-1.0161329645585022,0
0.21232733076517762,-1.1099901739376037,1.5251962127575889,-0.04449601158153704,-0.06640278899360229,0.9048055324001227,-0.7257958293968509,-0.8828162337175963,0.3133792383455725,-0.9143260204049839,0.8085666669970842,-1.2417658238832618,0.9841231756854657,0
-0.634918112038349,-1.1099901739376037,-0.502969299721533,-0.6526288589806986,-0.06640278899360229,0.9048055324001227,-1.3150477920239727,-0.8828162337175963,-0.5157621095580628,-1.2583394588375707,-0.997471732522988,1.5559607368529593,-1.0161329645585022,0
0.890123685007999,0.9009088760241706,0.8491410419312149,1.0242688835204068,1.4544314045358888,-1.177851894974348,-0.10075484673379008,0.853056793629862,-0.448625158310805,-0.9143260204049839,0.29255569570563505,0.08765034327508442,0.9841231756854657,0
1.0595727735687044,0.9009088760241706,-1.179024470547907,0.04015112828704885,0.7785050963005594,-1.177851894974348,-0.7257958293968509,-0.8828162337175963,0.8336906105118219,-0.9143260204049839,0.8085666669970842,0.305912699077201,0.9841231756854657,0
-0.8043672005990544,-1.1099901739376037,0.8491410419312149,-0.1023276955738433,-0.5733475201700994,0.9048055324001227,-0.4090788379283631,-1.461440576166749,0.041474585794178266,-0.45564143582820127,-0.4814607612315388,-0.7060309505507939,0.9841231756854657,0
0.38177641932588297,-1.1099901739376037,-0.502969299721533,-0.20001933871322247,0.2715603651240624,0.9048055324001227,-0.7257958293968509,0.853056793629862,-1.0092187012254088,-0.7996548742607882,0.03455021005991044,-0.46792656240303043,0.9841231756854657,0
-0.8043672005990544,-1.1099901739376037,-0.502969299721533,-0.3518156649103955,-0.911310674287764,-1.177851894974348,0.8577891279455886,0.2744324511807092,-0.8044509999212723,1.379096902478929,-0.7394662468772634,-0.3488743683291487,-1.0161329645585022,0
-0.12657084635623306,-1.1099901739376037,-1.179024470547907,0.38775713493769143,0.2715603651240624,0.9048055324001227,-0.5674373336626071,-0.8828162337175963,-1.4993184453303918,-0.9143260204049839,0.8085666669970842,-0.17029607721832604,0.9841231756854657,0
0.38177641932588297,0.9009088760241706,-0.502969299721533,-0.3746672341995455,-0.23538436605243465,-1.177851894974348,-0.5674373336626071,0.853056793629862,-0.15993626794759605,-0.34097028968400567,0.29255569570563505,0.8416475724096689,-1.0161329645585022,0
0.5512255078865883,0.9009088760241706,1.5251962127575889,-0.7785730642889024,0.2715603651240624,0.9048055324001227,-0.468779990820173,0.2744324511807092,0.726271488516209,0.9204123179021463,0.03455021005991044,0.305912699077201,-1.0161329645585022,0
0.0428782422044723,-1.1099901739376037,1.5251962127575889,1.9754279482862762,-0.5733475201700994,-1.177851894974348,1.6495816066168083,-0.8828162337175963,-0.0860856215756121,-0.45564143582820127,0.5505611813513597,1.1194360252487263,-1.0161329645585022,0
-0.634918112038349,-1.1099901739376037,1.5251962127575889,-0.39732929496660163,-0.911310674287764,0.9048055324001227,-1.2800505644667048,0.2744324511807092,-1.1770610793435539,-1.2583394588375707,-0.4814607612315388,-0.5274526594399713,-1.0161329645585022,0
-0.46546902347764374,0.9009088760241706,-1.179024470547907,-0.49156240757776803,-0.404365943111267,0.9048055324001227,-0.2437525683818124,0.853056793629862,-0.5191189571204256,0.23238544103697253,-0.4814607612315388,-0.5076106270943244,-1.0161329645585022,0
0.890123685007999,0.9009088760241706,-0.502969299721533,-0.47311691142730006,1.2854498274770565,0.9048055324001227,-0.3774071387815143,-0.8828162337175963,0.07839990898016995,0.003043148748581378,0.5505611813513597,-0.11076998018138517,0.9841231756854657,0
-0.634918112038349,0.9009088760241706,0.8491410419312149,-0.30083787246715016,-0.911310674287764,0.9048055324001227,-0.2507203421941191,0.853056793629862,1.4714916473607724,-0.11162799739561437,-0.7394662468772634,-0.40840046536608954,0.9841231756854657,0
-0.2960199349169384,-1.1099901739376037,-1.179024470547907,-0.45828786957345635,-0.7423290972289317,0.9048055324001227,-0.4974428785480712,0.2744324511807092,-1.1099241280962957,-0.11162799739561437,-0.22345527558581418,0.5638591195706114,0.9841231756854657,0
1.0595727735687044,0.9009088760241706,-1.179024470547907,-0.7935600299111576,0.4405419421828948,-1.177851894974348,-1.2800505644667048,-1.461440576166749,-0.6802476401138448,-1.0289971665491795,1.8405886095799828,0.32575473142284794,0.9841231756854657,0
-0.2960199349169384,-1.1099901739376037,-0.502969299721533,0.13498435121817914,-0.5733475201700994,-1.177851894974348,1.50262492257543,0.853056793629862,-0.07601507888852362,0.9204123179021463,-0.4814607612315388,0.3654387961141419,0.9841231756854657,0
-0.634918112038349,-1.1099901739376037,-0.502969299721533,0.3601836449730364,-0.911310674287764,-1.177851894974348,-0.4090788379283631,-1.461440576166749,-0.06258768863907171,-0.7996548742607882,-0.4814607612315388,-0.4877685947486774,0.9841231756854657,0
0.21232733076517762,0.9009088760241706,-0.502969299721533,1.026527193408692,-0.404365943111267,0.9048055324001227,0.08357444230086988,-0.8828162337175963,-1.851787439378496,-0.7996548742607882,0.29255569570563505,0.8813316371009629,-1.0161329645585022,0
-0.2960199349169384,0.9009088760241706,0.8491410419312149,0.20142288058891436,-0.7423290972289317,-1.177851894974348,0.06599664927436881,0.2744324511807092,-0.0995130118250634,-0.34097028968400567,-0.7394662468772634,-0.7258729828964409,0.9841231756854657,0
-0.9738162891597597,0.9009088760241706,-0.502969299721533,-0.4518129950685832,-0.911310674287764,0.9048055324001227,-0.4090788379283631,1.4316811360790147,1.2029438423717405,0.003043148748581378,-0.4814607612315388,-0.17029607721832604,0.9841231756854657,0
-0.12657084635623306,0.9009088760241706,0.8491410419312149,0.3177021512703319,-0.5733475201700994,-1.177851894974348,-0.7257958293968509,0.853056793629862,-0.8178783901707236,-1.0289971665491795,0.29255569570563505,0.4844909901880236,0.9841231756854657,0
0.7206745964472937,-1.1099901739376037,-1.179024470547907,-0.08345580524866417,1.1164682504182242,-1.177851894974348,0.8577891279455886,-0.3041918912684436,-1.3046212867133438,0.6910700256137552,1.066572152642809,0.16701847265767225,0.9841231756854657,0
0.890123685007999,-1.1099901739376037,0.8491410419312149,-0.48210277384991673,0.2715603651240624,-1.177851894974348,1.0490861907925553,0.2744324511807092,-1.3214055245251584,2.1817949254882985,0.8085666669970842,-0.8250831446246757,0.9841231756854657,0
-0.46546902347764374,-1.1099901739376037,1.5251962127575889,-0.5204782495739212,0.10257878806523006,-1.177851894974348,0.8824930532801306,-1.461440576166749,1.0787404825643134,2.0671237793441026,-0.7394662468772634,-0.190138109563973,-1.0161329645585022,0
0.21232733076517762,-1.1099901739376037,-0.502969299721533,0.6478733738883403,0.7785050963005594,-1.177851894974348,1.6521153425485564,0.853056793629862,1.253296555807184,0.3470565871811683,1.066572152642809,0.8416475724096689,0.9841231756854657,0
-0.8043672005990544,-1.1099901739376037,0.8491410419312149,-0.20393584816982868,-0.911310674287764,0.9048055324001227,-0.3774071387815143,-1.461440576166749,-0.8514468657943525,-0.34097028968400567,-0.7394662468772634,-0.36871640067479566,-1.0161329645585022,0
1.5679200392508204,0.9009088760241706,0.8491410419312149,0.07805283270581866,1.7923945586535535,0.9048055324001227,0.8577891279455886,0.853056793629862,1.3338608973038937,0.4617277333253637,2.356599580871432,0.286070666731554,0.9841231756854657,0
0.7206745964472937,-1.1099901739376037,-0.502969299721533,0.27108305483524503,0.9474866733593919,-1.177851894974348,2.2830155895537843,-1.461440576166749,-0.3680608168140954,1.2644257563347332,0.29255569570563505,1.3773824457421369,-1.0161329645585022,0
0.21232733076517762,-1.1099901739376037,0.8491410419312149,-0.38668523297566376,-0.911310674287764,-1.177851894974348,0.858739278919994,-0.3041918912684436,1.6561182632907314,1.4937680486231246,0.8085666669970842,-2.3330776028938445,0.9841231756854657,0
0.21232733076517762,0.9009088760241706,0.8491410419312149,-0.4512602618791428,0.4405419421828948,0.9048055324001227,-1.2008713165995828,-1.461440576166749,0.2965950005337584,-1.143668312693375,0.29255569570563505,-0.38855843302044263,0.9841231756854657,0
-0.46546902347764374,0.9009088760241706,-0.502969299721533,0.6493262725577266,-0.5733475201700994,-1.177851894974348,0.38271364074285674,1.4316811360790147,-0.284139627755023,-0.45564143582820127,-0.7394662468772634,-2.610866055732902,0.9841231756854657,0
-0.2960199349169384,-1.1099901739376037,-1.179024470547907,-0.012990219783434644,-0.404365943111267,-1.177851894974348,-0.3774071387815143,1.4316811360790147,0.2160306590370488,-0.570312581972397,0.03455021005991044,-1.3211339532658497,0.9841231756854657,0
0.5512255078865883,0.9009088760241706,-0.502969299721533,-0.17568328600100402,0.9474866733593919,0.9048055324001227,-0.3298995900612411,1.4316811360790147,0.15896425047687956,-0.34097028968400567,0.8085666669970842,-0.8052411122790287,-1.0161329645585022,0
0.890123685007999,0.9009088760241706,-1.179024470547907,-0.40064569410324397,0.9474866733593919,0.9048055324001227,0.0026532509806712224,-0.8828162337175963,-0.8413763231072641,0.4617277333253637,-0.22345527558581418,0.06780831092943747,0.9841231756854657,0
-0.8043672005990544,0.9009088760241706,0.8491410419312149,0.3603573611182891,-0.911310674287764,0.21058638994196582,-0.2507203421941191,0.853056793629862,0.6624913848313142,-0.6849837281165926,-0.4814607612315388,-2.5910240233872552,0.9841231756854657,0
-0.12657084635623306,-1.1099901739376037,0.8491410419312149,0.19816965095963662,-0.23538436605243465,0.9048055324001227,0.38271364074285674,-1.461440576166749,-0.8380194755449012,-0.11162799739561437,-0.4814607612315388,-1.12271362980938,-1.0161329645585022,0
-0.12657084635623306,0.9009088760241706,-1.179024470547907,0.0762840864996094,-0.404365943111267,-1.177851894974348,1.6495816066168083,-0.3041918912684436,0.7833378970763782,1.1497546101905376,-0.22345527558581418,1.35754041339649,0.9841231756854657,0
-0.12657084635623306,0.9009088760241706,-0.502969299721533,-0.6000402440996554,0.10257878806523006,0.9048055324001227,-0.9801195735460468,0.2744324511807092,-0.09615616426270057,-0.6849837281165926,0.29255569570563505,-0.9044512740072636,0.9841231756854657,0
-0.634918112038349,-1.1099901739376037,0.8491410419312149,-0.37815734948144053,-0.911310674287764,0.9048055324001227,0.06599664927436881,-0.8828162337175963,-0.9555091402276025,0.4617277333253637,-0.7394662468772634,-0.40840046536608954,0.9841231756854657,0
-0.46546902347764374,-1.1099901739376037,-0.502969299721533,-0.23841060681406806,-0.7423290972289317,-1.177851894974348,-0.2507203421941191,1.4316811360790147,-1.563098549015287,-0.2262991435398101,-0.7394662468772634,-0.13061201252703214,-1.0161329645585022,0
-0.9738162891597597,-1.1099901739376037,0.8491410419312149,0.0658611177844477,-0.911310674287764,0.9048055324001227,-0.5674373336626071,1.4316811360790147,0.7464125738903866,-0.7996548742607882,-0.7394662468772634,-1.4203441149940845,0.9841231756854657,0
0.0428782422044723,0.9009088760241706,1.5251962127575889,0.2686510288017073,0.10257878806523006,-1.177851894974348,-1.042512820865339,0.2744324511807092,-1.7107998417592545,-1.2583394588375707,-0.4814607612315388,0.40512286080543575,0.9841231756854657,0
0.0428782422044723,-1.1099901739376037,-0.502969299721533,1.0220895355163275,-0.23538436605243465,-1.177851894974348,1.6495816066168083,-0.8828162337175963,0.10525468947907315,0.003043148748581378,0.5505611813513597,1.0797519605574324,-1.0161329645585022,0
-0.2960199349169384,0.9009088760241706,1.5251962127575889,-0.6181067232059357,-0.404365943111267,0.9048055324001227,-0.7573091700479655,1.4316811360790147,0.5651428055227898,-0.2262991435398101,-0.4814607612315388,1.1194360252487263,0.9841231756854657,0
0.890123685007999,0.9009088760241706,-1.179024470547907,0.044304523396272374,1.1164682504182242,-1.177851894974348,-0.9660256674256991,0.853056793629862,0.36037510421865326,-1.143668312693375,1.066572152642809,0.5241750548793175,-1.0161329645585022,0
-0.634918112038349,-1.1099901739376037,-1.179024470547907,0.46131802626378715,-0.404365943111267,-1.177851894974348,-0.013182598592753173,-1.461440576166749,0.1522505553521539,-0.570312581972397,-0.4814607612315388,0.3654387961141419,-1.0161329645585022,0
-0.8043672005990544,-1.1099901739376037,0.8491410419312149,-0.3873643051798334,-0.5733475201700994,0.9048055324001227,-0.09236184645987515,-0.8828162337175963,-0.4083429875624505,0.23238544103697253,-0.7394662468772634,-0.8052411122790287,-1.0161329645585022,0
-0.46546902347764374,-1.1099901739376037,-0.502969299721533,-0.298674316839912,-0.5733475201700994,0.9048055324001227,-0.2507203421941191,-0.8828162337175963,2.522184934380359,-0.11162799739561437,-0.7394662468772634,0.9408577341379036,0.9841231756854657,0
-0.8043672005990544,-1.1099901739376037,-1.179024470547907,0.26743501578493845,-0.911310674287764,-1.177851894974348,0.06599664927436881,0.853056793629862,-1.12670836590811,-0.45564143582820127,-0.4814607612315388,-0.8449251769703227,0.9841231756854657,0
-0.46546902347764374,0.9009088760241706,0.8491410419312149,0.08332748657076412,-0.911310674287764,0.9048055324001227,-0.3774071387815143,-0.3041918912684436,-0.9487954451028768,-0.6849837281165926,-0.4814607612315388,-1.2616078562289088,-1.0161329645585022,0
-0.9738162891597597,0.9009088760241706,1.5251962127575889,-0.7741827835270615,-0.911310674287764,0.9048055324001227,-0.4090788379283631,-1.461440576166749,0.42079836034118534,1.035083464046342,-0.7394662468772634,1.1988041546313142,0.9841231756854657,0
-0.2960199349169384,0.9009088760241706,0.8491410419312149,1.6929023265980296,-0.06640278899360229,-1.177851894974348,1.3328646151483206,-0.8828162337175963,-1.338189762336973,-0.45564143582820127,-0.4814607612315388,0.821805540064022,0.9841231756854657,0
1.5679200392508204,0.9009088760241706,-0.502969299721533,-0.20627311994231948,1.4544314045358888,0.9048055324001227,0.06599664927436881,0.2744324511807092,0.457723683527177,0.1177142948927768,1.582583123934258,0.20670253734896618,-1.0161329645585022,0
-0.12657084635623306,-1.1099901739376037,0.8491410419312149,-0.2646101599935427,-0.06640278899360229,-1.177851894974348,-0.963333572998217,1.4316811360790147,-0.9622228353523281,-0.9143260204049839,-0.4814607612315388,0.16701847265767225,0.9841231756854657,0
-0.9738162891597597,0.9009088760241706,-0.502969299721533,-0.4914992380704034,-0.911310674287764,-1.177851894974348,-0.7612681324413216,-1.461440576166749,-0.9487954451028768,-0.45564143582820127,-0.7394662468772634,-0.9242933063529105,0.9841231756854657,0
2.0762673049329363,-1.1099901739376037,-0.502969299721533,0.474931055100862,2.4683208668888827,-1.177851894974348,-0.2633890218528586,0.2744324511807092,-0.5963264510547723,-0.7996548742607882,1.582583123934258,-1.7973427295613766,0.9841231756854657,0
0.890123685007999,0.9009088760241706,-0.502969299721533,0.7407641344680087,0.9474866733593919,-1.177851894974348,0.38271364074285674,1.4316811360790147,-1.2609822684026262,-0.570312581972397,0.29255569570563505,0.22654456969461315,-1.0161329645585022,0
0.890123685007999,-1.1099901739376037,0.8491410419312149,-0.5184410329614123,1.1164682504182242,0.9048055324001227,0.139474991295058,0.2744324511807092,0.2697402200348552,0.9204123179021463,0.8085666669970842,0.821805540064022,-1.0161329645585022,0
-0.2960199349169384,0.9009088760241706,-1.179024470547907,0.3634526669791553,-0.23538436605243465,0.9048055324001227,1.0161476236798326,1.4316811360790147,0.7631968117022008,0.23238544103697253,-0.4814607612315388,-0.5274526594399713,0.9841231756854657,0
1.7373691278115257,-1.1099901739376037,-1.179024470547907,-0.33877116163960225,1.2854498274770565,0.9048055324001227,-1.042512820865339,-0.8828162337175963,-1.8450737442537704,-1.0289971665491795,1.066572152642809,-1.7576586648700827,0.9841231756854657,0
0.5512255078865883,-1.1099901739376037,1.5251962127575889,0.739358612929146,0.6095235192417271,0.9048055324001227,2.2830155895537843,-1.461440576166749,-0.24721430456903132,0.5763988794695595,0.29255569570563505,0.22654456969461315,0.9841231756854657,0
-0.634918112038349,-1.1099901739376037,1.5251962127575889,-0.2783337354685056,-0.5733475201700994,0.9048055324001227,-0.2507203421941191,-1.461440576166749,-0.059230841076708896,-0.11162799739561437,-0.7394662468772634,1.8139071573463699,-1.0161329645585022,0
0.21232733076517762,-1.1099901739376037,-1.179024470547907,-0.4227550216808597,0.4405419421828948,0.9048055324001227,-0.8776616268059909,0.2744324511807092,0.6188523665205963,-0.6849837281165926,0.5505611813513597,-1.3409759856114967,0.9841231756854657,0
2.754063659175758,-1.1099901739376037,0.8491410419312149,-0.5197675926160692,2.2993392898300504,0.9048055324001227,-1.359229812333827,-0.8828162337175963,1.0283877691288699,-1.3730106049817663,1.582583123934258,0.5241750548793175,0.9841231756854657,0
-0.8043672005990544,0.9009088760241706,0.8491410419312149,-0.20748913295908836,-0.404365943111267,0.9048055324001227,-0.804975077263973,1.4316811360790147,-1.1569199939693766,-0.7996548742607882,-0.22345527558581418,-0.5671367241312653,0.9841231756854657,0
-0.2960199349169384,-1.1099901739376037,-1.179024470547907,0.1342421095066449,0.10257878806523006,-1.177851894974348,1.0299248128087117,-0.8828162337175963,-0.6198243839913128,0.4617277333253637,-0.22345527558581418,0.4249648931510827,-1.0161329645585022,0
0.21232733076517762,-1.1099901739376037,0.8491410419312149,2.93650462570839,-0.23538436605243465,-1.177851894974348,-0.1837346984985339,-1.461440576166749,0.17239164072633087,-1.2583394588375707,-0.4814607612315388,0.5837011519162584,-1.0161329645585022,0
-0.634918112038349,0.9009088760241706,0.8491410419312149,-0.6560400123783878,-0.5733475201700994,0.9048055324001227,-0.2507203421941191,-1.461440576166749,-1.4187541038336824,0.8057411717579506,-0.4814607612315388,0.5043330225336705,0.9841231756854657,0
0.21232733076517762,-1.1099901739376037,1.5251962127575889,-0.036884085944100774,-0.23538436605243465,0.9048055324001227,0.5299870417757037,-0.3041918912684436,0.3939435798422821,0.3470565871811683,0.5505611813513597,1.794065125000723,0.9841231756854657,0
-0.2960199349169384,-1.1099901739376037,-1.179024470547907,0.7113429364129387,0.2715603651240624,-1.177851894974348,-0.5674373336626071,0.2744324511807092,0.001192415045823164,-1.0289971665491795,0.03455021005991044,-0.15045404487267908,0.9841231756854657,0
-0.46546902347764374,-1.1099901739376037,0.8491410419312149,-0.10862885393346378,-0.7423290972289317,-1.177851894974348,-0.7257958293968509,1.4316811360790147,-0.7104592681751108,-0.7996548742607882,-0.7394662468772634,0.5241750548793175,-1.0161329645585022,0
1.906818216372231,0.9009088760241706,1.5251962127575889,0.7432119528783876,2.4683208668888827,-1.177851894974348,1.6495816066168083,1.4316811360790147,0.8639022385730879,0.23238544103697253,1.582583123934258,0.40512286080543575,0.9841231756854657,0
-0.634918112038349,-1.1099901739376037,-1.179024470547907,-0.3935707092784069,-0.5733475201700994,0.9048055324001227,-0.8841543251310949,1.4316811360790147,0.8773296288225392,-0.7996548742607882,-0.4814607612315388,0.9606997664835506,-1.0161329645585022,0
-0.634918112038349,0.9009088760241706,-0.502969299721533,-0.26260452813471613,-0.404365943111267,0.9048055324001227,-0.2507203421941191,-0.8828162337175963,0.4778647689013546,-0.11162799739561437,-0.4814607612315388,1.4170665104334308,0.9841231756854657,0
0.7206745964472937,0.9009088760241706,1.5251962127575889,1.3163331008207104,0.6095235192417271,-1.177851894974348,0.8577891279455886,-0.8828162337175963,0.665848232393677,-0.570312581972397,1.066572152642809,0.5440170872249644,0.9841231756854657,0
-0.634918112038349,0.9009088760241706,0.8491410419312149,0.5546509733950078,-0.5733475201700994,0.9048055324001227,-0.5674373336626071,0.853056793629862,-1.036073481724312,-1.0289971665491795,-0.7394662468772634,-0.24966420660091387,0.9841231756854657,0
-0.46546902347764374,0.9009088760241706,-1.179024470547907,-0.42836131545946937,-0.911310674287764,0.9048055324001227,-0.2507203421941191,0.2744324511807092,-0.7977373047965461,0.1177142948927768,-0.4814607612315388,1.0003838311748445,0.9841231756854657,0
1.0595727735687044,0.9009088760241706,-0.502969299721533,0.591984152247496,0.9474866733593919,-1.177851894974348,2.4413740852880284,-0.3041918912684436,2.334201470888037,0.8057411717579506,0.8085666669970842,0.028124246238143545,-1.0161329645585022,0
1.398470950690115,0.9009088760241706,-1.179024470547907,0.080342727347786,1.6234129815947211,0.9048055324001227,0.06599664927436881,-0.3041918912684436,-0.002164432516539662,-0.2262991435398101,1.066572152642809,-1.5592383414136133,-1.0161329645585022,0
-0.46546902347764374,0.9009088760241706,-1.179024470547907,0.3127433449422095,0.10257878806523006,-1.177851894974348,-0.06195701527890031,-1.461440576166749,-1.6000238722012787,-0.570312581972397,-0.7394662468772634,0.12733440796637835,0.9841231756854657,0
-0.12657084635623306,0.9009088760241706,1.5251962127575889,0.2126986376534984,-0.06640278899360229,-1.177851894974348,2.241367305175678,-0.8828162337175963,-1.4254677989584081,1.2644257563347332,1.066572152642809,1.0003838311748445,0.9841231756854657,0
0.21232733076517762,0.9009088760241706,1.5251962127575889,-0.485513927247606,0.6095235192417271,0.9048055324001227,-0.16932407538671773,0.2744324511807092,0.2898813054090322,0.3470565871811683,0.5505611813513597,-1.9560789883265524,0.9841231756854657,0
0.5512255078865883,0.9009088760241706,-1.179024470547907,-0.44735954479937773,0.10257878806523006,0.9048055324001227,-0.5674373336626071,1.4316811360790147,0.8169063727000071,-0.2262991435398101,1.066572152642809,0.286070666731554,0.9841231756854657,0
-0.46546902347764374,0.9009088760241706,-1.179024470547907,-0.29895857962305283,-0.404365943111267,0.21058638994196582,-1.042512820865339,-0.8828162337175963,-1.5127458355798435,-1.0289971665491795,-0.7394662468772634,-1.182239726846321,0.9841231756854657,0
-0.46546902347764374,-1.1099901739376037,0.8491410419312149,0.17849234941555864,-0.404365943111267,0.9048055324001227,0.06599664927436881,1.4316811360790147,-1.4254677989584081,-0.34097028968400567,-0.4814607612315388,-1.182239726846321,0.9841231756854657,0
2.2457163934936415,-1.1099901739376037,0.8491410419312149,0.2755996746118151,2.130357712771218,-1.177851894974348,0.775601068659516,-0.3041918912684436,-0.38148820706354736,0.1177142948927768,0.8085666669970842,-0.09092794783573821,0.9841231756854657,0
0.0428782422044723,-1.1099901739376037,1.5251962127575889,-0.49203617888300266,-0.06640278899360229,0.9048055324001227,0.30321767588426624,0.853056793629862,-0.5627579754311435,1.1497546101905376,-0.22345527558581418,1.794065125000723,-1.0161329645585022,0
-0.2960199349169384,-1.1099901739376037,-0.502969299721533,-0.6786862807686028,-0.23538436605243465,0.9048055324001227,-0.3774071387815143,1.4316811360790147,0.8034789824505558,0.5763988794695595,0.03455021005991044,-0.09092794783573821,0.9841231756854657,0
0.21232733076517762,-1.1099901739376037,1.5251962127575889,0.32245565669951926,-0.06640278899360229,-1.177851894974348,-0.804975077263973,-1.461440576166749,-0.14315203013578132,-1.143668312693375,0.8085666669970842,-1.5790803737592602,0.9841231756854657,0
0.7206745964472937,0.9009088760241706,0.8491410419312149,0.08039010447830947,0.4405419421828948,-1.177851894974348,-0.17676692468622718,-1.461440576166749,-0.3680608168140954,-0.45564143582820127,1.582583123934258,0.6233852166075523,0.9841231756854657,0
-0.2960199349169384,0.9009088760241706,-1.179024470547907,0.2143410448449784,-0.23538436605243465,0.21058638994196582,-1.0746595954993905,-1.461440576166749,-0.10622670694978965,-1.2583394588375707,-0.4814607612315388,-0.7060309505507939,0.9841231756854657,0
3.262410924857874,0.9009088760241706,1.5251962127575889,0.3642896629517364,2.9752655980653797,-1.177851894974348,-0.2507203421941191,-0.3041918912684436,-1.1602768415317393,-0.6849837281165926,3.90463249474578,-0.44808453005738347,0.9841231756854657,0
-0.12657084635623306,-1.1099901739376037,0.8491410419312149,-0.010384477604644221,-0.06640278899360229,-1.177851894974348,0.11873002835387204,0.2744324511807092,-1.5966670246389159,-0.11162799739561437,0.29255569570563505,0.14717644031202531,0.9841231756854657,0
0.21232733076517762,0.9009088760241706,-1.179024470547907,-0.06510506335924313,0.2715603651240624,-1.177851894974348,0.38271364074285674,1.4316811360790147,-0.06594453620143455,0.23238544103697253,0.5505611813513597,-1.162397694500674,0.9841231756854657,0
0.38177641932588297,0.9009088760241706,-1.179024470547907,-0.5793680228145848,-0.06640278899360229,0.9048055324001227,-0.8841543251310949,0.2744324511807092,-0.8145215426083608,-0.570312581972397,0.03455021005991044,-1.162397694500674,-1.0161329645585022,0
0.21232733076517762,0.9009088760241706,-0.502969299721533,0.42082637204306805,0.2715603651240624,0.9048055324001227,1.2769640661541324,-0.8828162337175963,1.0485288545030476,0.3470565871811683,0.03455021005991044,1.694854963272488,-1.0161329645585022,0
0.38177641932588297,0.9009088760241706,-0.502969299721533,1.7857457100471745,0.2715603651240624,-1.177851894974348,0.8052141073618196,1.4316811360790147,0.7061304031420315,-0.6849837281165926,0.03455021005991044,-1.102871597463733,0.9841231756854657,0
-0.8043672005990544,0.9009088760241706,0.8491410419312149,-0.261262176103218,-0.911310674287764,0.9048055324001227,-1.042512820865339,-1.461440576166749,-1.6436628905119963,-1.0289971665491795,-0.997471732522988,0.16701847265767225,-1.0161329645585022,0
-0.8043672005990544,0.9009088760241706,0.8491410419312149,-0.5593748737336837,-0.911310674287764,0.9048055324001227,-0.7257958293968509,-0.8828162337175963,0.665848232393677,-0.34097028968400567,-0.4814607612315388,0.4448069254967297,0.9841231756854657,0
0.0428782422044723,-1.1099901739376037,-1.179024470547907,-0.25704561148662985,-0.5733475201700994,0.9048055324001227,-0.18737694390042153,1.4316811360790147,-0.6332517742407646,-0.11162799739561437,-0.22345527558581418,-1.9163949236352584,0.9841231756854657,0
-0.2960199349169384,0.9009088760241706,-1.179024470547907,-0.11104508759016035,-0.06640278899360229,-1.177851894974348,1.6495816066168083,-0.8828162337175963,0.001192415045823164,1.4937680486231246,-0.4814607612315388,-0.32903233598350173,0.9841231756854657,0
-0.8043672005990544,-1.1099901739376037,-1.179024470547907,0.07481539545338206,-0.911310674287764,0.9048055324001227,-1.3011122443993592,-1.461440576166749,0.377159342030468,-1.3730106049817663,-0.7394662468772634,0.3654387961141419,0.9841231756854657,0
0.0428782422044723,-1.1099901739376037,-0.502969299721533,0.9374897727782651,0.6095235192417271,-1.177851894974348,-0.8200191343587262,0.853056793629862,0.1354663175403392,-1.2583394588375707,0.29255569570563505,0.8813316371009629,0.9841231756854657,0
1.0595727735687044,0.9009088760241706,-0.502969299721533,0.8382978538389763,1.2854498274770565,-1.177851894974348,0.06599664927436881,-1.461440576166749,-0.6533928596149416,-0.6849837281165926,1.066572152642809,0.6829113136444932,0.9841231756854657,0
3.601309101979284,0.9009088760241706,0.8491410419312149,12.331910756946714,3.3132287521830444,-1.177851894974348,0.48327128553410165,0.853056793629862,-0.39491559731299863,-1.487681751125962,5.194659922974402,-0.24966420660091387,-1.0161329645585022,0
0.0428782422044723,0.9009088760241706,0.8491410419312149,-0.2988322406083236,-0.23538436605243465,-1.177851894974348,0.06599664927436881,0.853056793629862,-1.4489657318949483,0.23238544103697253,-0.22345527558581418,-1.4600281796853785,-1.0161329645585022,0
-0.12657084635623306,0.9009088760241706,-0.502969299721533,-0.560748810518864,-0.23538436605243465,-1.177851894974348,-0.5674373336626071,1.4316811360790147,0.4677942262142661,0.003043148748581378,-0.22345527558581418,0.6035431842619053,-1.0161329645585022,0
-0.12657084635623306,-1.1099901739376037,-1.179024470547907,-0.1514419875498325,-0.23538436605243465,-1.177851894974348,-1.0455216322842895,0.853056793629862,-1.2072727074048197,-1.143668312693375,-0.22345527558581418,-0.051243883144444294,0.9841231756854657,0
-0.46546902347764374,0.9009088760241706,-1.179024470547907,-0.10807612074402338,0.10257878806523006,0.9048055324001227,-0.646616581529729,0.2744324511807092,-0.21364582894540246,-0.6849837281165926,-0.7394662468772634,-0.6068207888225592,0.9841231756854657,0
-0.12657084635623306,-1.1099901739376037,-1.179024470547907,-0.6044463172383374,-0.404365943111267,0.9048055324001227,-1.1850354670261585,0.853056793629862,0.38387303715519366,-1.0289971665491795,0.8085666669970842,0.9805417988291976,-1.0161329645585022,0
0.0428782422044723,0.9009088760241706,-0.502969299721533,-0.6783862256086208,-0.5733475201700994,0.9048055324001227,-0.2507203421941191,0.853056793629862,0.001192415045823164,0.9204123179021463,0.5505611813513597,0.08765034327508442,0.9841231756854657,0
0.21232733076517762,0.9009088760241706,0.8491410419312149,-0.7321434763759094,0.10257878806523006,-1.177851894974348,-1.1813932216242709,0.853056793629862,-0.7306003535492884,-0.9143260204049839,0.03455021005991044,0.8614896047553159,-1.0161329645585022,0
2.0762673049329363,-1.1099901739376037,-1.179024470547907,0.0760787856006744,2.130357712771218,0.9048055324001227,-0.7257958293968509,0.853056793629862,0.5181469396497097,-0.9143260204049839,1.582583123934258,0.5043330225336705,0.9841231756854657,0
1.2290218621294098,0.9009088760241706,-0.502969299721533,0.4612232720027402,1.2854498274770565,-1.177851894974348,1.3328646151483206,0.2744324511807092,-0.4251272253742647,0.23238544103697253,1.066572152642809,-0.22982217425526694,0.9841231756854657,0
-0.46546902347764374,-1.1099901739376037,-0.502969299721533,-0.2604567648843192,-0.404365943111267,-1.177851894974348,-0.8995150992173166,-0.8828162337175963,0.024690347982363543,-0.9143260204049839,-0.4814607612315388,-0.8449251769703227,0.9841231756854657,0
0.890123685007999,0.9009088760241706,-1.179024470547907,0.3619365988024045,0.7785050963005594,-1.177851894974348,-0.9131339298504616,0.2744324511807092,-1.8014347259430528,-1.143668312693375,1.582583123934258,-0.13061201252703214,-1.0161329645585022,0
0.21232733076517762,-1.1099901739376037,-0.502969299721533,-0.8307984545025989,0.4405419421828948,0.21058638994196582,-0.23821002103111383,-1.461440576166749,-1.4858910550809403,1.8377814870557112,0.03455021005991044,0.9210157017922567,-1.0161329645585022,0
0.0428782422044723,-1.1099901739376037,-0.502969299721533,0.06085493432580186,0.2715603651240624,-1.177851894974348,-1.343710679751871,-0.8828162337175963,0.23281489684886292,-1.487681751125962,0.03455021005991044,0.8614896047553159,-1.0161329645585022,0
-0.2960199349169384,-1.1099901739376037,0.8491410419312149,-0.3410926410352519,-0.06640278899360229,0.9048055324001227,-0.8841543251310949,-1.461440576166749,-0.08944246913797492,-0.7996548742607882,-0.7394662468772634,0.20670253734896618,0.9841231756854657,0
-0.8043672005990544,-1.1099901739376037,-0.502969299721533,0.4586806993313144,-0.911310674287764,-1.177851894974348,-0.2507203421941191,-0.8828162337175963,-1.3079781342757066,-0.7996548742607882,-0.7394662468772634,-1.6981325678331418,-1.0161329645585022,0
-0.8043672005990544,0.9009088760241706,-0.502969299721533,-0.18103690175015527,-0.7423290972289317,-1.177851894974348,0.38271364074285674,0.2744324511807092,-0.005521280078902488,0.4617277333253637,-0.7394662468772634,-0.07108591549009124,0.9841231756854657,0
-0.634918112038349,0.9009088760241706,-0.502969299721533,-0.4845032151297722,-0.911310674287764,-1.177851894974348,-0.7257958293968509,0.2744324511807092,0.6054249762711449,-0.45564143582820127,-0.7394662468772634,-1.3012919209202027,-1.0161329645585022,0
0.21232733076517762,-1.1099901739376037,-0.502969299721533,0.24747345145771968,-0.06640278899360229,-1.177851894974348,0.06599664927436881,-1.461440576166749,-0.5359031949322403,-0.45564143582820127,-0.22345527558581418,0.2463866020402601,0.9841231756854657,0
-0.2960199349169384,-1.1099901739376037,-0.502969299721533,0.65183726047547,-0.404365943111267,-1.177851894974348,0.8577891279455886,1.4316811360790147,1.649404568166006,-0.2262991435398101,-0.7394662468772634,-0.30919030363785477,0.9841231756854657,0
-0.634918112038349,0.9009088760241706,-1.179024470547907,-0.1172199069350516,-0.911310674287764,-1.177851894974348,-0.4090788379283631,-0.8828162337175963,0.30330869565848406,-0.45564143582820127,-0.7394662468772634,-0.17029607721832604,0.9841231756854657,0
-0.8043672005990544,0.9009088760241706,-1.179024470547907,0.5544456724960728,-0.911310674287764,0.9048055324001227,0.06599664927436881,1.4316811360790147,-0.901799579229796,-0.570312581972397,-0.4814607612315388,0.22654456969461315,0.9841231756854657,0
0.21232733076517762,-1.1099901739376037,1.5251962127575889,-0.10242244983489023,-0.23538436605243465,0.9048055324001227,0.0026532509806712224,-0.8828162337175963,-1.0125755487877717,-0.11162799739561437,1.066572152642809,-0.9044512740072636,-1.0161329645585022,0
0.0428782422044723,0.9009088760241706,-0.502969299721533,-0.33941864909008956,-0.404365943111267,-1.177851894974348,-0.7257958293968509,0.2744324511807092,-0.12301094476160378,-0.570312581972397,0.5505611813513597,-0.190138109563973,0.9841231756854657,0
-0.8043672005990544,0.9009088760241706,-1.179024470547907,0.11660202457507578,-0.5733475201700994,0.9048055324001227,-0.5441586347896732,-0.8828162337175963,-1.536243768516384,-0.7996548742607882,-0.7394662468772634,0.028124246238143545,-1.0161329645585022,0
-0.2960199349169384,0.9009088760241706,0.8491410419312149,-0.7911753810081433,-0.23538436605243465,0.9048055324001227,-0.804975077263973,-0.8828162337175963,0.427512055465911,0.1177142948927768,-0.4814607612315388,0.801963507718375,-1.0161329645585022,0
0.21232733076517762,-1.1099901739376037,0.8491410419312149,0.6111087206021336,-0.23538436605243465,-1.177851894974348,0.6994306322113446,0.2744324511807092,-0.492264176621523,-0.2262991435398101,-0.22345527558581418,-0.17029607721832604,0.9841231756854657,0
0.21232733076517762,-1.1099901739376037,-1.179024470547907,-0.3384553141027792,-0.5733475201700994,-1.177851894974348,0.06599664927436881,-0.8828162337175963,-1.0562145670984893,0.3470565871811683,-0.22345527558581418,-1.8370267942526706,0.9841231756854657,0
-0.46546902347764374,-1.1099901739376037,-0.502969299721533,-0.4007404483642909,-0.7423290972289317,0.9048055324001227,-0.3298995900612411,0.2744324511807092,-0.07601507888852362,0.003043148748581378,-0.4814607612315388,0.821805540064022,-1.0161329645585022,0
-0.12657084635623306,0.9009088760241706,-1.179024470547907,0.5335207731815436,-0.404365943111267,-1.177851894974348,0.8455955237740518,1.4316811360790147,-1.271052811089715,-0.11162799739561437,-0.7394662468772634,-2.3132355705481977,0.9841231756854657,0
-0.634918112038349,-1.1099901739376037,-0.502969299721533,0.038461343965045365,-0.911310674287764,0.9048055324001227,-0.7257958293968509,-1.461440576166749,0.32009293347029877,-0.9143260204049839,-0.4814607612315388,-0.20998014190961997,0.9841231756854657,0
-0.9738162891597597,-1.1099901739376037,-0.502969299721533,-0.49075699635886916,-0.911310674287764,0.9048055324001227,-0.5674373336626071,-0.8828162337175963,-0.945438597540514,-0.2262991435398101,-0.4814607612315388,0.4249648931510827,0.9841231756854657,0
-0.12657084635623306,0.9009088760241706,-0.502969299721533,-0.27100607261421006,-0.404365943111267,0.21058638994196582,0.8577891279455886,-0.8828162337175963,-0.965579682914691,1.1497546101905376,-0.4814607612315388,0.6829113136444932,-1.0161329645585022,0
-1.3127144662811705,-1.1099901739376037,0.8491410419312149,2.3134637745711792,-0.911310674287764,-1.177851894974348,-1.2008713165995828,1.4316811360790147,-0.811164695045998,-1.487681751125962,-0.4814607612315388,-2.0156050853634935,0.9841231756854657,0
0.5512255078865883,0.9009088760241706,-0.502969299721533,-0.6769175345623936,0.9474866733593919,-1.177851894974348,0.17415550186085743,-0.3041918912684436,-0.48555048149679675,1.7231103409115156,0.8085666669970842,1.337698381050843,0.9841231756854657,0
-0.46546902347764374,0.9009088760241706,-0.502969299721533,-0.3570271492679764,-0.7423290972289317,-1.177851894974348,0.38271364074285674,0.2744324511807092,0.769910506826927,0.8057411717579506,-0.7394662468772634,1.0599099282117854,0.9841231756854657,0
2.415165482054347,-1.1099901739376037,0.17308587110484092,-0.7898172365998041,2.4683208668888827,0.9048055324001227,-0.7257958293968509,-0.8828162337175963,0.15896425047687956,0.3470565871811683,1.582583123934258,1.9726434161115456,-1.0161329645585022,0
2.0762673049329363,0.9009088760241706,0.17308587110484092,0.5558354016580943,2.130357712771218,-1.177851894974348,1.894720558013418,-0.3041918912684436,0.9981761410676039,0.5763988794695595,1.582583123934258,2.686956580554836,-1.0161329645585022,0
-0.46546902347764374,0.9009088760241706,-1.179024470547907,0.04103550139015348,-0.5733475201700994,-1.177851894974348,-0.17961737760944357,0.2744324511807092,-1.0495008719737637,-0.45564143582820127,-0.4814607612315388,-0.9242933063529105,0.9841231756854657,0
-0.12657084635623306,0.9009088760241706,-1.179024470547907,-0.05335553498942448,-0.5733475201700994,-1.177851894974348,0.6994306322113446,0.853056793629862,0.20596011634995973,0.4617277333253637,-0.7394662468772634,-0.7060309505507939,0.9841231756854657,0
-0.12657084635623306,0.9009088760241706,0.8491410419312149,-0.05183946681267369,-0.404365943111267,-1.177851894974348,-0.2399519644841905,-0.8828162337175963,-1.1871316220306425,-0.34097028968400567,0.03455021005991044,-0.15045404487267908,0.9841231756854657,0
0.21232733076517762,-1.1099901739376037,0.8491410419312149,-0.507749593839951,0.6095235192417271,0.9048055324001227,-1.2008713165995828,-0.8828162337175963,1.357358830240434,-1.143668312693375,0.8085666669970842,-0.8449251769703227,0.9841231756854657,0
-0.46546902347764374,-1.1099901739376037,0.8491410419312149,0.49784579389737654,-0.404365943111267,-1.177851894974348,2.4413740852880284,-0.8828162337175963,0.5684996530851527,0.9204123179021463,-0.4814607612315388,0.40512286080543575,0.9841231756854657,0
0.0428782422044723,0.9009088760241706,0.17308587110484092,0.309205852529791,0.10257878806523006,0.21058638994196582,2.4413740852880284,-0.8828162337175963,1.6997572816014495,1.2644257563347332,-0.22345527558581418,2.091695610185427,0.9841231756854657,0
-0.8043672005990544,0.9009088760241706,1.5251962127575889,-0.10785502746824724,-0.911310674287764,0.9048055324001227,-0.7257958293968509,-1.461440576166749,-0.09279931670033775,-0.7996548742607882,-0.7394662468772634,0.8614896047553159,0.9841231756854657,0
1.0595727735687044,0.9009088760241706,-1.179024470547907,1.4249846534878505,1.1164682504182242,-1.177851894974348,0.06599664927436881,0.853056793629862,1.1995869948093776,-0.9143260204049839,1.582583123934258,0.4448069254967297,-1.0161329645585022,0
-0.46546902347764374,-1.1099901739376037,1.5251962127575889,-0.4559663901778067,-0.911310674287764,0.21058638994196582,-0.3774071387815143,-0.3041918912684436,-1.264339115964989,0.003043148748581378,0.03455021005991044,1.0003838311748445,-1.0161329645585022,0
0.7206745964472937,0.9009088760241706,1.5251962127575889,0.6432146227201999,0.7785050963005594,-1.177851894974348,-0.5674373336626071,0.853056793629862,-0.005521280078902488,-1.0289971665491795,0.29255569570563505,0.6630692812988462,-1.0161329645585022,0
-0.2960199349169384,0.9009088760241706,-0.502969299721533,1.792141622667842,-0.23538436605243465,0.9048055324001227,-0.13876088571000864,1.4316811360790147,0.138823165102702,-1.0289971665491795,-0.22345527558581418,-0.7060309505507939,-1.0161329645585022,0
-0.634918112038349,0.9009088760241706,0.8491410419312149,0.049926609551723226,-0.911310674287764,-1.177851894974348,-0.963333572998217,0.2744324511807092,-1.133422061032836,-1.143668312693375,-0.22345527558581418,-0.9044512740072636,0.9841231756854657,0
0.7206745964472937,0.9009088760241706,-1.179024470547907,0.15369831777494672,0.4405419421828948,-1.177851894974348,-0.7257958293968509,0.2744324511807092,-0.11965409719924096,-0.9143260204049839,1.066572152642809,-0.8647672093159696,0.9841231756854657,0
-0.8043672005990544,-1.1099901739376037,0.8491410419312149,0.07479960307654092,-0.23538436605243465,-1.177851894974348,1.1745061194140765,0.853056793629862,-0.7138161157374736,0.6910700256137552,-0.4814607612315388,0.3455967637684949,0.9841231756854657,0
0.38177641932588297,0.9009088760241706,-0.502969299721533,1.0288328804275004,0.2715603651240624,-1.177851894974348,0.8577891279455886,-0.8828162337175963,-0.9252975121663365,-0.45564143582820127,0.29255569570563505,0.7622794430270811,-1.0161329645585022,0
0.7206745964472937,0.9009088760241706,0.8491410419312149,0.34481766230659344,0.7785050963005594,-1.177851894974348,-1.359229812333827,-0.8828162337175963,-0.6970318779256596,-1.487681751125962,1.8405886095799828,-1.6386064707962011,0.9841231756854657,0
-0.46546902347764374,-1.1099901739376037,0.8491410419312149,0.01976316978511893,-0.23538436605243465,0.9048055324001227,0.38271364074285674,-0.8828162337175963,-0.09615616426270057,0.1177142948927768,0.03455021005991044,1.0202258635204915,0.9841231756854657,0
-0.12657084635623306,-1.1099901739376037,0.17308587110484092,0.12407181882094166,-0.06640278899360229,-1.177851894974348,-0.09774603531483946,-1.461440576166749,-0.008878127641265313,-0.45564143582820127,-0.4814607612315388,0.8813316371009629,0.9841231756854657,0
-0.46546902347764374,-1.1099901739376037,1.5251962127575889,-0.4880249151653495,-0.404365943111267,0.9048055324001227,-0.7257958293968509,-1.461440576166749,0.4745079213389917,-0.45564143582820127,-0.7394662468772634,-3.027548734991488,0.9841231756854657,0
-0.634918112038349,-1.1099901739376037,-1.179024470547907,-0.4634361844236726,-0.5733475201700994,0.9048055324001227,-0.8841543251310949,1.4316811360790147,0.001192415045823164,-0.6849837281165926,-0.4814607612315388,-0.30919030363785477,0.9841231756854657,0
-0.8043672005990544,0.9009088760241706,-1.179024470547907,-0.5603066239673118,-0.23538436605243465,-1.177851894974348,0.2933994491487431,0.2744324511807092,0.6759187750807655,1.379096902478929,-0.997471732522988,-2.2140254088199627,0.9841231756854657,0
-0.8043672005990544,0.9009088760241706,1.5251962127575889,0.4455098570457919,-0.911310674287764,-1.177851894974348,1.0161476236798326,1.4316811360790147,0.726271488516209,0.1177142948927768,-0.4814607612315388,-0.011559818453150373,0.9841231756854657,0
-0.8043672005990544,-1.1099901739376037,-1.179024470547907,-0.3011221352502909,-0.5733475201700994,-1.177851894974348,0.06599664927436881,-0.8828162337175963,-1.6705176710108995,0.23238544103697253,-0.4814607612315388,1.0202258635204915,-1.0161329645585022,0
0.7206745964472937,0.9009088760241706,1.5251962127575889,0.27567863649602087,1.2854498274770565,0.9048055324001227,0.06599664927436881,1.4316811360790147,-0.17000681063468454,-0.45564143582820127,1.066572152642809,-0.30919030363785477,0.9841231756854657,0
0.5512255078865883,-1.1099901739376037,0.8491410419312149,1.3589725182918264,0.6095235192417271,-1.177851894974348,2.4413740852880284,-1.461440576166749,-0.07601507888852362,0.1177142948927768,0.03455021005991044,0.40512286080543575,0.9841231756854657,0
0.7206745964472937,-1.1099901739376037,1.5251962127575889,-0.2063047046960018,0.9474866733593919,0.9048055324001227,-0.09236184645987515,1.4316811360790147,0.9343960373827085,-0.11162799739561437,1.066572152642809,1.5162766721616654,0.9841231756854657,0
1.5679200392508204,-1.1099901739376037,0.8491410419312149,0.08170087175612525,1.6234129815947211,0.9048055324001227,-0.5674373336626071,1.4316811360790147,0.6994167080173058,-0.7996548742607882,2.356599580871432,1.6353288662355472,-1.0161329645585022,0
-0.8043672005990544,-1.1099901739376037,-0.502969299721533,0.1752075350325986,-0.404365943111267,-1.177851894974348,-0.2507203421941191,0.2744324511807092,-1.1703473842188281,-0.570312581972397,-0.997471732522988,-0.2893482712922078,0.9841231756854657,0
-0.8043672005990544,0.9009088760241706,-1.179024470547907,-0.7717507574935238,-0.911310674287764,0.9048055324001227,-1.2369770536269904,-0.8828162337175963,-0.6399654693654903,-0.9143260204049839,-0.7394662468772634,0.18686050500331922,0.9841231756854657,0
0.0428782422044723,0.9009088760241706,-0.502969299721533,-0.30355416128382867,-0.23538436605243465,0.9048055324001227,-0.5839066172189684,0.853056793629862,0.34359086640683856,-0.45564143582820127,-0.4814607612315388,0.3654387961141419,-1.0161329645585022,0
-0.634918112038349,0.9009088760241706,0.8491410419312149,-0.5296220357649494,-0.911310674287764,0.21058638994196582,0.6300696110797458,0.2744324511807092,0.19588957366287124,1.7231103409115156,-0.22345527558581418,-0.44808453005738347,0.9841231756854657,0
-0.46546902347764374,0.9009088760241706,-1.179024470547907,-0.6190068886858815,-0.7423290972289317,0.9048055324001227,-0.9976973665725479,1.4316811360790147,0.6188523665205963,-0.6849837281165926,-0.22345527558581418,-2.610866055732902,0.9841231756854657,0
0.21232733076517762,-1.1099901739376037,1.5251962127575889,0.0676140716138158,0.10257878806523006,0.9048055324001227,-1.2008713165995828,1.4316811360790147,-0.6668202498643935,-1.3730106049817663,0.5505611813513597,-0.4877685947486774,-1.0161329645585022,0
2.754063659175758,-1.1099901739376037,0.17308587110484092,0.7867515358294493,2.2993392898300504,0.9048055324001227,-0.7538252831418122,0.853056793629862,0.3637319517810161,-1.143668312693375,1.3245776382885335,1.6154868338899002,-1.0161329645585022,0
0.890123685007999,-1.1099901739376037,1.5251962127575889,-0.6910675042120675,0.9474866733593919,0.21058638994196582,-1.2043552035057363,-0.8828162337175963,-0.8883721889803448,-1.0289971665491795,0.8085666669970842,-0.4282424977117365,0.9841231756854657,0
0.890123685007999,-1.1099901739376037,0.8491410419312149,-0.20319360645829443,0.7785050963005594,-1.177851894974348,-0.2507203421941191,0.853056793629862,0.04483143335654109,-0.2262991435398101,0.8085666669970842,-0.32903233598350173,0.9841231756854657,0
-0.8043672005990544,-1.1099901739376037,1.5251962127575889,-0.11346132124685693,-0.911310674287764,0.9048055324001227,-0.2507203421941191,-0.8828162337175963,0.11868207972852446,-0.34097028968400567,-0.4814607612315388,-0.13061201252703214,-1.0161329645585022,0
-0.8043672005990544,0.9009088760241706,0.8491410419312149,-0.483460918258256,-0.911310674287764,0.9048055324001227,0.06599664927436881,0.2744324511807092,0.001192415045823164,0.6910700256137552,-0.997471732522988,-0.6266628211682062,0.9841231756854657,0
-0.8043672005990544,-1.1099901739376037,1.5251962127575889,-0.7064334868785105,-0.911310674287764,0.9048055324001227,-0.7257958293968509,-0.8828162337175963,0.2160306590370488,0.003043148748581378,-0.7394662468772634,1.6154868338899002,0.9841231756854657,0
-0.46546902347764374,0.9009088760241706,-0.502969299721533,0.8452938767796075,-0.06640278899360229,-1.177851894974348,-0.2507203421941191,1.4316811360790147,-0.9252975121663365,-0.9143260204049839,-0.4814607612315388,0.028124246238143545,-1.0161329645585022,0
0.7206745964472937,-1.1099901739376037,-0.502969299721533,-0.2965265535895151,0.4405419421828948,-1.177851894974348,-1.121692068732461,0.853056793629862,0.8336906105118219,-1.143668312693375,1.066572152642809,-0.38855843302044263,-1.0161329645585022,0
-0.46546902347764374,-1.1099901739376037,-1.179024470547907,0.5639210986007652,-0.06640278899360229,0.9048055324001227,0.38271364074285674,-0.8828162337175963,0.07504306141780712,-0.45564143582820127,-0.4814607612315388,0.6432272489531993,0.9841231756854657,0
1.0595727735687044,0.9009088760241706,-1.179024470547907,1.120128610946212,0.9474866733593919,-1.177851894974348,1.6495816066168083,-1.461440576166749,-0.4452683107484422,-0.11162799739561437,0.29255569570563505,-1.12271362980938,0.9841231756854657,0
-0.2960199349169384,0.9009088760241706,-1.179024470547907,-0.6739327753394154,-0.06640278899360229,0.9048055324001227,-1.359229812333827,-0.8828162337175963,-0.4956210241838858,-1.2583394588375707,-0.7394662468772634,-2.8092863791893716,0.9841231756854657,0
-0.8043672005990544,-1.1099901739376037,0.8491410419312149,-0.7570006775238859,-0.7423290972289317,-1.177851894974348,-0.4052782340307412,-1.461440576166749,0.7229146409538463,0.9204123179021463,-0.4814607612315388,0.801963507718375,0.9841231756854657,0
-0.2960199349169384,-1.1099901739376037,-0.502969299721533,0.6485050689619865,-0.404365943111267,-1.177851894974348,0.8577891279455886,-1.461440576166749,0.5147900920873463,-0.2262991435398101,-0.4814607612315388,-1.7973427295613766,0.9841231756854657,0
-0.12657084635623306,0.9009088760241706,-1.179024470547907,0.6401666939898571,-0.5733475201700994,-1.177851894974348,1.6495816066168083,0.2744324511807092,-1.6100944148883676,0.3470565871811683,0.29255569570563505,-0.44808453005738347,0.9841231756854657,0
-0.46546902347764374,-1.1099901739376037,0.8491410419312149,-0.04841252103814326,-0.911310674287764,0.9048055324001227,-0.7257958293968509,-0.8828162337175963,-0.2606416948184826,-0.7996548742607882,-0.7394662468772634,-2.3132355705481977,0.9841231756854657,0
2.923512747736463,-1.1099901739376037,-0.502969299721533,-0.11382454591420348,3.144247175124212,-1.177851894974348,-0.7574675285436998,0.2744324511807092,-0.005521280078902488,-0.7996548742607882,2.356599580871432,1.754381060309429,-1.0161329645585022,0
1.2290218621294098,-1.1099901739376037,-0.502969299721533,-0.28414533014605026,1.4544314045358888,0.9048055324001227,-0.2507203421941191,1.4316811360790147,-0.2707122375055717,-0.11162799739561437,2.356599580871432,1.1988041546313142,-1.0161329645585022,0
0.5512255078865883,0.9009088760241706,-1.179024470547907,-0.0335045173000938,0.9474866733593919,-1.177851894974348,-0.09236184645987515,0.853056793629862,-1.4892479026433032,-0.2262991435398101,-0.22345527558581418,-0.20998014190961997,0.9841231756854657,0
-0.46546902347764374,-1.1099901739376037,-0.502969299721533,-0.38910146663236034,-0.5733475201700994,-1.177851894974348,-0.7257958293968509,-0.8828162337175963,-0.4821936339344339,-0.570312581972397,-0.4814607612315388,1.0797519605574324,-1.0161329645585022,0
-0.8043672005990544,0.9009088760241706,0.8491410419312149,0.5813400902565582,-0.911310674287764,-1.177851894974348,2.4697202560244578,-0.8828162337175963,1.4916327327349495,0.9204123179021463,-0.7394662468772634,0.5043330225336705,0.9841231756854657,0
-0.9738162891597597,0.9009088760241706,-0.502969299721533,-0.2933522858444431,-0.911310674287764,0.21058638994196582,-0.5674373336626071,1.4316811360790147,0.27645391515958084,-0.45564143582820127,-0.997471732522988,-1.5989224061049072,0.9841231756854657,0
0.0428782422044723,0.9009088760241706,0.8491410419312149,0.45863332220079095,-0.5733475201700994,0.9048055324001227,1.0161476236798326,-0.8828162337175963,0.2865244578466693,0.1177142948927768,1.066572152642809,0.8813316371009629,0.9841231756854657,0
-0.634918112038349,0.9009088760241706,-0.502969299721533,-0.7148666161116868,-0.911310674287764,0.9048055324001227,-0.3900758184402538,-1.461440576166749,-0.0726582313261608,0.8057411717579506,-0.22345527558581418,-1.3608180179571436,0.9841231756854657,0
1.0595727735687044,0.9009088760241706,-1.179024470547907,-0.7435139877015403,0.9474866733593919,0.9048055324001227,-1.2008713165995828,-0.8828162337175963,0.04483143335654109,-0.9143260204049839,1.582583123934258,0.4249648931510827,0.9841231756854657,0
-0.634918112038349,0.9009088760241706,-1.179024470547907,-0.6764911403876823,-0.911310674287764,0.9048055324001227,-0.5674373336626071,-0.8828162337175963,0.3100223907832097,0.23238544103697253,-0.4814607612315388,-0.190138109563973,-1.0161329645585022,0
0.7206745964472937,0.9009088760241706,-0.502969299721533,-0.10548617094207412,0.7785050963005594,0.9048055324001227,-0.4882580857954851,-0.3041918912684436,-0.002164432516539662,-0.570312581972397,0.03455021005991044,1.0797519605574324,0.9841231756854657,0
0.38177641932588297,-1.1099901739376037,0.8491410419312149,-0.6561189742625936,-0.06640278899360229,0.9048055324001227,-0.8841543251310949,-1.461440576166749,0.2529559822230405,-0.45564143582820127,0.5505611813513597,0.9011736694466097,-1.0161329645585022,0
-0.8043672005990544,0.9009088760241706,1.5251962127575889,-0.48423474472347255,-0.06640278899360229,-1.177851894974348,-0.7257958293968509,0.2744324511807092,-1.1166378232210217,-0.45564143582820127,-0.4814607612315388,-0.11076998018138517,-1.0161329645585022,0
-1.143265377720465,0.9009088760241706,-0.502969299721533,-0.396444921863497,-0.911310674287764,0.9048055324001227,-0.5674373336626071,0.2744324511807092,-0.06258768863907171,-0.34097028968400567,-0.7394662468772634,-1.9163949236352584,0.9841231756854657,0
-0.46546902347764374,0.9009088760241706,0.8491410419312149,1.0220421583858041,-0.5733475201700994,-1.177851894974348,0.6994306322113446,0.2744324511807092,-0.17000681063468454,-0.45564143582820127,-0.22345527558581418,0.9210157017922567,0.9841231756854657,0
-0.8043672005990544,-1.1099901739376037,-0.502969299721533,-0.3407294163679054,-0.7423290972289317,0.9048055324001227,-0.2507203421941191,-1.461440576166749,0.665848232393677,0.003043148748581378,-0.4814607612315388,0.6035431842619053,0.9841231756854657,0
-0.8043672005990544,0.9009088760241706,-1.179024470547907,-0.8345412478139524,-0.911310674287764,0.9048055324001227,-1.2008713165995828,0.2744324511807092,-0.8346626279825383,-0.7996548742607882,-0.7394662468772634,-0.20998014190961997,0.9841231756854657,0
-0.12657084635623306,-1.1099901739376037,-0.502969299721533,0.31345400190006145,0.2715603651240624,-1.177851894974348,1.5987485294861161,-1.461440576166749,-0.21364582894540246,0.6910700256137552,0.5505611813513597,0.5638591195706114,-1.0161329645585022,0
-0.8043672005990544,-1.1099901739376037,0.8491410419312149,-0.7740722368891735,-0.911310674287764,0.9048055324001227,-0.6334728263837868,0.853056793629862,-1.0260029390372234,0.4617277333253637,-0.4814607612315388,0.26622863438590705,0.9841231756854657,0
-0.634918112038349,0.9009088760241706,-1.179024470547907,0.48270090450670977,-0.7423290972289317,-1.177851894974348,-1.0333280281127528,-0.3041918912684436,-0.8346626279825383,-1.2583394588375707,-0.7394662468772634,-0.20998014190961997,0.9841231756854657,0
0.890123685007999,0.9009088760241706,-1.179024470547907,-0.2044885813592691,0.7785050963005594,0.9048055324001227,0.06599664927436881,0.2744324511807092,0.06161567116835522,0.1177142948927768,0.29255569570563505,0.6432272489531993,0.9841231756854657,0
-0.9738162891597597,-1.1099901739376037,1.5251962127575889,0.04166719646379964,-0.911310674287764,0.9048055324001227,0.5410721364771007,1.4316811360790147,-1.0495008719737637,0.23238544103697253,-0.7394662468772634,-0.8647672093159696,0.9841231756854657,0
-0.634918112038349,-1.1099901739376037,-0.502969299721533,0.2682404270038373,-0.404365943111267,-1.177851894974348,0.06599664927436881,0.2744324511807092,-0.6500360120525788,-0.45564143582820127,-0.4814607612315388,0.08765034327508442,0.9841231756854657,0
0.5512255078865883,0.9009088760241706,-0.502969299721533,-0.4379157034483676,0.6095235192417271,0.9048055324001227,-0.4934839161547151,-0.8828162337175963,-0.9957913109759576,-0.2262991435398101,1.066572152642809,-1.6386064707962011,0.9841231756854657,0
0.21232733076517762,0.9009088760241706,1.5251962127575889,0.6451570850716618,0.2715603651240624,0.9048055324001227,0.06599664927436881,1.4316811360790147,-0.603040146179498,-0.6849837281165926,0.8085666669970842,-1.202081759191968,0.9841231756854657,0
-0.634918112038349,-1.1099901739376037,0.8491410419312149,-0.33695503830286955,-0.911310674287764,0.9048055324001227,-1.0741845200121878,1.4316811360790147,0.5114332445249834,-1.0289971665491795,-0.4814607612315388,0.286070666731554,0.9841231756854657,0
0.38177641932588297,-1.1099901739376037,-0.502969299721533,2.2559953152462198,0.7785050963005594,-1.177851894974348,-0.5674373336626071,1.4316811360790147,-0.09279931670033775,-1.2583394588375707,1.582583123934258,0.16701847265767225,-1.0161329645585022,0
0.0428782422044723,0.9009088760241706,-1.179024470547907,-0.5853217488836998,0.10257878806523006,0.9048055324001227,-0.5674373336626071,0.2744324511807092,0.3234497810326616,0.003043148748581378,1.066572152642809,0.4448069254967297,-1.0161329645585022,0
0.0428782422044723,0.9009088760241706,-0.502969299721533,-0.30077470295978553,-0.06640278899360229,0.9048055324001227,-0.2507203421941191,0.2744324511807092,0.860545391010725,-0.11162799739561437,1.066572152642809,0.38528082845978884,0.9841231756854657,0
-0.12657084635623306,-1.1099901739376037,-1.179024470547907,-0.02950904595928182,-0.5733475201700994,-1.177851894974348,0.7667329928983984,0.2744324511807092,-0.6231812315536756,0.4617277333253637,-0.22345527558581418,0.2463866020402601,0.9841231756854657,0
-0.2960199349169384,0.9009088760241706,-0.502969299721533,0.2671665453786388,0.10257878806523006,-1.177851894974348,0.8577891279455886,0.853056793629862,0.5886407384593302,0.1177142948927768,-0.7394662468772634,0.46464895784237664,-1.0161329645585022,0
-0.8043672005990544,-1.1099901739376037,-1.179024470547907,0.6472258864378531,-0.911310674287764,-1.177851894974348,0.06599664927436881,0.853056793629862,-0.6836044876762076,-0.6849837281165926,-0.7394662468772634,-0.11076998018138517,-1.0161329645585022,0
0.5512255078865883,-1.1099901739376037,-0.502969299721533,-0.7762515848932527,-0.23538436605243465,0.9048055324001227,-0.7257958293968509,1.4316811360790147,-0.9588659877899653,0.23238544103697253,1.066572152642809,-0.5869787564769122,0.9841231756854657,0
-0.2960199349169384,-1.1099901739376037,0.8491410419312149,1.2671398469605155,-0.5733475201700994,-1.177851894974348,0.38271364074285674,-0.3041918912684436,0.4677942262142661,-0.7996548742607882,-0.7394662468772634,0.6630692812988462,-1.0161329645585022,0
0.0428782422044723,0.9009088760241706,-0.502969299721533,-0.8326303702161728,0.2715603651240624,-1.177851894974348,-1.2754581680904118,0.2744324511807092,0.8907570190719911,-0.9143260204049839,0.29255569570563505,0.5440170872249644,0.9841231756854657,0
-0.9738162891597597,0.9009088760241706,-0.502969299721533,-0.14642001171434552,-0.911310674287764,0.9048055324001227,-0.804975077263973,-0.8828162337175963,-1.1804179269059165,-0.9143260204049839,-0.22345527558581418,-0.6266628211682062,0.9841231756854657,0
-1.143265377720465,-1.1099901739376037,1.5251962127575889,-0.747983230347587,-0.911310674287764,0.9048055324001227,-0.3298995900612411,-1.461440576166749,-1.3046212867133438,1.035083464046342,-0.4814607612315388,0.5638591195706114,0.9841231756854657,0
1.906818216372231,0.9009088760241706,0.8491410419312149,-0.5149509176795173,1.9613761357123858,-1.177851894974348,-0.013182598592753173,0.853056793629862,-0.18679104844649927,0.6910700256137552,1.3245776382885335,0.06780831092943747,0.9841231756854657,0
-0.12657084635623306,0.9009088760241706,-0.502969299721533,-0.2116741128219942,-0.5733475201700994,-1.177851894974348,-0.646616581529729,1.4316811360790147,-0.87158795116853,-0.6849837281165926,-0.22345527558581418,1.0202258635204915,0.9841231756854657,0
-0.8043672005990544,0.9009088760241706,0.8491410419312149,0.6448254451579976,-0.911310674287764,-1.177851894974348,0.06599664927436881,-0.8828162337175963,-0.25392799969375696,-0.6849837281165926,-0.4814607612315388,0.5043330225336705,-1.0161329645585022,0
0.21232733076517762,0.9009088760241706,1.5251962127575889,0.11606508376247654,0.2715603651240624,-1.177851894974348,0.06599664927436881,-1.461440576166749,-1.519459530704569,-0.34097028968400567,1.066572152642809,0.6035431842619053,0.9841231756854657,0
-0.46546902347764374,0.9009088760241706,0.8491410419312149,-0.45141818564755437,-0.7423290972289317,-1.177851894974348,2.0085803164463396,1.4316811360790147,0.04483143335654109,3.328506386930255,-0.4814607612315388,1.4369085427790778,0.9841231756854657,0
0.5512255078865883,0.9009088760241706,0.8491410419312149,0.13842708936955073,-0.06640278899360229,0.9048055324001227,0.7279351614435086,-1.461440576166749,1.055242549627773,0.23238544103697253,0.29255569570563505,-0.5274526594399713,-1.0161329645585022,0
0.890123685007999,-1.1099901739376037,-0.502969299721533,-0.2686214237111958,0.6095235192417271,-1.177851894974348,0.16750444504001918,1.4316811360790147,-0.37141766437645823,0.3470565871811683,1.8405886095799828,0.9805417988291976,-1.0161329645585022,0
-0.2960199349169384,-1.1099901739376037,0.8491410419312149,-0.3343966732546026,0.10257878806523006,-1.177851894974348,-0.804975077263973,-1.461440576166749,-1.8316463540043189,-0.6849837281165926,-0.7394662468772634,-0.20998014190961997,0.9841231756854657,0
-0.634918112038349,-1.1099901739376037,-1.179024470547907,0.2720621821993966,-0.5733475201700994,-1.177851894974348,-0.5674373336626071,-1.461440576166749,-1.4221109513960455,-0.9143260204049839,-0.4814607612315388,0.8813316371009629,0.9841231756854657,0
0.21232733076517762,-1.1099901739376037,0.8491410419312149,-0.6068467585181928,0.4405419421828948,0.9048055324001227,-0.8841543251310949,0.2744324511807092,-0.48555048149679675,-0.45564143582820127,-0.22345527558581418,0.40512286080543575,-1.0161329645585022,0
0.0428782422044723,0.9009088760241706,0.17308587110484092,1.027995884454919,-0.23538436605243465,-1.177851894974348,-0.7257958293968509,1.4316811360790147,-1.5328869209540208,-1.2583394588375707,0.5505611813513597,1.6551708985811941,0.9841231756854657,0
-0.634918112038349,0.9009088760241706,1.5251962127575889,-0.4712849957137262,-0.911310674287764,0.9048055324001227,-1.3395933588627806,0.853056793629862,-0.5258326522451519,-1.3730106049817663,-0.7394662468772634,1.3972244780877838,-1.0161329645585022,0
-0.2960199349169384,0.9009088760241706,-0.502969299721533,-0.2981689607809951,0.10257878806523006,-1.177851894974348,-1.2008713165995828,-0.8828162337175963,-0.002164432516539662,-1.2583394588375707,-0.22345527558581418,0.4448069254967297,-1.0161329645585022,0
-0.46546902347764374,-1.1099901739376037,-1.179024470547907,-0.1059757346241499,-0.7423290972289317,0.9048055324001227,-0.2507203421941191,-0.8828162337175963,-1.7410114698205204,-0.34097028968400567,-0.7394662468772634,-0.8846092416616166,0.9841231756854657,0
-0.2960199349169384,-1.1099901739376037,-1.179024470547907,-0.22422905241071167,-0.23538436605243465,0.9048055324001227,-0.47242223622206064,0.853056793629862,0.3234497810326616,-0.45564143582820127,-0.4814607612315388,0.16701847265767225,0.9841231756854657,0
-0.2960199349169384,0.9009088760241706,-1.179024470547907,0.12512990806929897,-0.404365943111267,0.9048055324001227,-1.042512820865339,-0.3041918912684436,-1.0025050061006833,-1.2583394588375707,-0.997471732522988,-0.4282424977117365,0.9841231756854657,0
0.5512255078865883,-1.1099901739376037,0.8491410419312149,2.7362572873625566,0.2715603651240624,-1.177851894974348,2.3245055154361562,0.853056793629862,0.6121386713958706,-0.45564143582820127,0.29255569570563505,0.3455967637684949,-1.0161329645585022,0
-0.8043672005990544,-1.1099901739376037,0.8491410419312149,-0.19662397769237433,-0.911310674287764,0.9048055324001227,-0.3298995900612411,-1.461440576166749,-1.338189762336973,-0.34097028968400567,-0.7394662468772634,0.2463866020402601,-1.0161329645585022,0
-0.12657084635623306,-1.1099901739376037,-1.179024470547907,-0.10324365343063024,-0.911310674287764,-1.177851894974348,0.7714837477704256,0.2744324511807092,0.46443737865190327,0.6910700256137552,0.03455021005991044,-1.4203441149940845,0.9841231756854657,0
-0.46546902347764374,-1.1099901739376037,-1.179024470547907,-0.8535552695307019,-0.23538436605243465,0.9048055324001227,-0.7574675285436998,1.4316811360790147,-0.707102420612748,0.5763988794695595,-0.4814607612315388,0.9606997664835506,-1.0161329645585022,0
-0.8043672005990544,-1.1099901739376037,-1.179024470547907,-0.4847558931592306,-0.7423290972289317,-1.177851894974348,-1.1850354670261585,0.2744324511807092,-1.5832396343894644,-1.143668312693375,-0.997471732522988,-0.03140185079879733,-1.0161329645585022,0
1.7373691278115257,-1.1099901739376037,1.5251962127575889,2.539342140530206,1.4544314045358888,-1.177851894974348,2.4413740852880284,-0.8828162337175963,-0.7104592681751108,-0.45564143582820127,1.8405886095799828,-0.6465048535138531,-1.0161329645585022,0
0.0428782422044723,-1.1099901739376037,0.8491410419312149,1.1225132598492265,-0.06640278899360229,0.9048055324001227,0.06599664927436881,1.4316811360790147,-0.4553388534355307,-0.7996548742607882,0.8085666669970842,-1.7179746001787888,0.9841231756854657,0
0.7206745964472937,0.9009088760241706,-0.502969299721533,-0.26007774784013143,0.4405419421828948,0.9048055324001227,-0.8841543251310949,0.2744324511807092,-0.19686159113358773,-0.9143260204049839,0.8085666669970842,-1.0433455004267922,0.9841231756854657,0
0.0428782422044723,0.9009088760241706,-0.502969299721533,0.35877812343417365,-0.404365943111267,-1.177851894974348,-0.24691973829649727,-0.8828162337175963,0.18246218341341994,-0.6849837281165926,0.03455021005991044,-0.5274526594399713,0.9841231756854657,0
1.0595727735687044,-1.1099901739376037,1.5251962127575889,0.8417879691208714,0.7785050963005594,-1.177851894974348,0.8577891279455886,-0.8828162337175963,0.02804719554472637,-0.34097028968400567,0.5505611813513597,-0.6663468858595001,0.9841231756854657,0
-0.634918112038349,0.9009088760241706,-1.179024470547907,-0.12756391376600754,-0.911310674287764,0.9048055324001227,-0.3493776850365531,-0.8828162337175963,-1.2139864025295457,-0.45564143582820127,-0.997471732522988,-1.5790803737592602,0.9841231756854657,0
-0.634918112038349,0.9009088760241706,0.8491410419312149,-0.03882654829556273,-0.23538436605243465,0.9048055324001227,-0.963333572998217,-0.8828162337175963,-0.27406908506793454,-1.0289971665491795,-0.22345527558581418,-1.0830295651180861,0.9841231756854657,0
0.0428782422044723,-1.1099901739376037,-0.502969299721533,-0.6259081573654658,-0.06640278899360229,0.9048055324001227,-0.31485553296648794,0.853056793629862,-0.8615174084814415,0.5763988794695595,1.066572152642809,0.0479662785837905,0.9841231756854657,0
1.7373691278115257,-1.1099901739376037,0.8491410419312149,13.534563422907961,1.6234129815947211,-1.177851894974348,-0.33876766582235873,0.853056793629862,0.36037510421865326,-1.487681751125962,2.6146050665171567,0.4844909901880236,0.9841231756854657,0
0.0428782422044723,0.9009088760241706,-1.179024470547907,-0.1085183072955757,0.10257878806523006,-1.177851894974348,1.6495816066168083,1.4316811360790147,0.23952859197358917,1.4937680486231246,-0.22345527558581418,-1.8767108589439645,-1.0161329645585022,0
-0.8043672005990544,0.9009088760241706,-0.502969299721533,0.35141887582619585,-0.911310674287764,-1.177851894974348,2.12465709381954,-0.8828162337175963,0.5181469396497097,1.035083464046342,-0.4814607612315388,-0.26950623894656084,0.9841231756854657,0
-0.2960199349169384,0.9009088760241706,1.5251962127575889,-0.14776236374584362,-0.7423290972289317,-1.177851894974348,-0.5674373336626071,0.2744324511807092,-1.851787439378496,-0.570312581972397,-0.22345527558581418,1.238488219322608,-1.0161329645585022,0
-0.12657084635623306,-1.1099901739376037,-0.502969299721533,-0.5402976825095696,-0.06640278899360229,0.9048055324001227,-0.5674373336626071,0.2744324511807092,-0.492264176621523,-0.11162799739561437,-0.22345527558581418,-0.5274526594399713,0.9841231756854657,0
-0.2960199349169384,-1.1099901739376037,0.8491410419312149,0.08493830900856184,-0.404365943111267,0.9048055324001227,-0.2507203421941191,-0.8828162337175963,1.511773818109127,-0.570312581972397,-0.4814607612315388,0.6035431842619053,-1.0161329645585022,0
1.2290218621294098,-1.1099901739376037,-1.179024470547907,-0.3851059952915483,1.7923945586535535,-1.177851894974348,1.1349164954805155,-0.8828162337175963,-1.0025050061006833,1.8377814870557112,1.8405886095799828,-0.8250831446246757,-1.0161329645585022,0
0.7206745964472937,0.9009088760241706,-1.179024470547907,7.850681696877672,0.9474866733593919,-1.177851894974348,0.1095452356012859,-1.461440576166749,-0.32106495094101467,-1.3730106049817663,0.5505611813513597,1.4369085427790778,-1.0161329645585022,0
-0.634918112038349,0.9009088760241706,1.5251962127575889,0.6481102595409577,-0.911310674287764,0.9048055324001227,-0.5674373336626071,0.853056793629862,0.6624913848313142,-1.0289971665491795,-0.4814607612315388,0.6829113136444932,-1.0161329645585022,0
0.38177641932588297,0.9009088760241706,-1.179024470547907,0.027296133538349424,0.2715603651240624,-1.177851894974348,0.06599664927436881,-0.3041918912684436,-0.9823639207265057,-0.2262991435398101,0.8085666669970842,1.0003838311748445,0.9841231756854657,0
1.0595727735687044,-1.1099901739376037,0.8491410419312149,2.1628202918834107,0.6095235192417271,-1.177851894974348,0.5268198718610188,-1.461440576166749,0.4812216164637174,-0.9143260204049839,0.5505611813513597,0.22654456969461315,0.9841231756854657,0
-0.9738162891597597,-1.1099901739376037,-0.502969299721533,-0.7308485014749347,-0.911310674287764,0.9048055324001227,-0.2507203421941191,1.4316811360790147,-0.6735339449891191,1.1497546101905376,-0.4814607612315388,-0.6663468858595001,0.9841231756854657,0
-0.2960199349169384,0.9009088760241706,0.8491410419312149,0.11350671871420957,-0.06640278899360229,-1.177851894974348,1.1515441375326112,0.2744324511807092,-0.6634634023020307,0.5763988794695595,0.03455021005991044,0.7225953783357871,0.9841231756854657,0
0.5512255078865883,-1.1099901739376037,-0.502969299721533,2.1619990882876707,0.6095235192417271,-1.177851894974348,0.46965245490095664,-1.461440576166749,-1.3885424757724163,-0.9143260204049839,0.29255569570563505,-1.5195542767223194,0.9841231756854657,0
0.890123685007999,0.9009088760241706,0.8491410419312149,0.2707514149215808,0.6095235192417271,-1.177851894974348,2.27652289122868,-1.461440576166749,0.964607665443975,1.2644257563347332,0.29255569570563505,0.06780831092943747,-1.0161329645585022,0
-0.46546902347764374,0.9009088760241706,-0.502969299721533,-0.38913305138604265,-0.5733475201700994,0.9048055324001227,0.263469693454971,0.853056793629862,-0.4821936339344339,0.6910700256137552,-0.7394662468772634,0.801963507718375,-1.0161329645585022,0
0.21232733076517762,0.9009088760241706,-1.179024470547907,0.24366748863900153,-0.404365943111267,-1.177851894974348,-0.7574675285436998,1.4316811360790147,-0.9622228353523281,-1.0289971665491795,-0.22345527558581418,-0.9242933063529105,0.9841231756854657,0
1.2290218621294098,0.9009088760241706,1.5251962127575889,0.023900772517501296,1.1164682504182242,-1.177851894974348,0.06599664927436881,-0.3041918912684436,-0.14315203013578132,-0.2262991435398101,1.3245776382885335,-0.4877685947486774,0.9841231756854657,0
-0.634918112038349,0.9009088760241706,-0.502969299721533,-0.017333123414752016,-0.911310674287764,0.9048055324001227,-0.7257958293968509,-0.8828162337175963,0.3872298847175565,-0.9143260204049839,-0.997471732522988,0.22654456969461315,0.9841231756854657,0
0.38177641932588297,0.9009088760241706,-1.179024470547907,0.27485743290028086,0.2715603651240624,0.9048055324001227,0.6994306322113446,-0.8828162337175963,0.32009293347029877,0.003043148748581378,0.29255569570563505,1.238488219322608,-1.0161329645585022,0
0.890123685007999,-1.1099901739376037,-0.502969299721533,0.9316623857238793,1.1164682504182242,0.9048055324001227,0.7624573135135737,1.4316811360790147,0.03476089066945202,-0.45564143582820127,-0.22345527558581418,-0.22982217425526694,0.9841231756854657,0
-0.12657084635623306,0.9009088760241706,1.5251962127575889,-0.11061869341544919,0.2715603651240624,-1.177851894974348,3.2211313182834456,1.4316811360790147,1.0619562447524988,3.0991640946418633,-0.4814607612315388,1.6154868338899002,0.9841231756854657,0
-0.2960199349169384,-1.1099901739376037,0.8491410419312149,-0.20270404277621867,0.10257878806523006,-1.177851894974348,-0.5139121621044326,-0.8828162337175963,-0.11629724963687813,-0.570312581972397,-0.4814607612315388,-0.7060309505507939,-1.0161329645585022,0
-0.2960199349169384,0.9009088760241706,-1.179024470547907,-0.4272084719500651,-0.06640278899360229,-1.177851894974348,0.22435514500861276,0.2744324511807092,-0.7306003535492884,0.8057411717579506,-0.4814607612315388,-0.6266628211682062,-1.0161329645585022,0
0.0428782422044723,0.9009088760241706,0.17308587110484092,-0.6758120681835127,0.4405419421828948,0.9048055324001227,-0.18737694390042153,-0.8828162337175963,0.3536614090939276,1.035083464046342,1.066572152642809,0.4249648931510827,-1.0161329645585022,0
-0.8043672005990544,0.9009088760241706,-1.179024470547907,0.6498474209934846,-0.911310674287764,-1.177851894974348,0.8577891279455886,-0.8828162337175963,0.2898813054090322,-0.2262991435398101,-0.997471732522988,-0.38855843302044263,0.9841231756854657,0
0.0428782422044723,-1.1099901739376037,0.8491410419312149,-0.48598769855284063,0.10257878806523006,0.9048055324001227,-0.09236184645987515,-0.8828162337175963,0.9276823422579827,0.4617277333253637,-0.22345527558581418,0.801963507718375,0.9841231756854657,0
0.38177641932588297,0.9009088760241706,-0.502969299721533,-0.4502337573844678,0.10257878806523006,0.9048055324001227,0.22435514500861276,0.853056793629862,-0.1901478960088621,0.8057411717579506,1.066572152642809,-2.3529196352394917,0.9841231756854657,0
0.0428782422044723,0.9009088760241706,-1.179024470547907,-0.738570973750259,-0.7423290972289317,0.9048055324001227,-1.0843194637391793,0.853056793629862,-0.46205254856025635,-0.6849837281165926,-0.22345527558581418,0.20670253734896618,0.9841231756854657,0
-0.8043672005990544,-1.1099901739376037,0.8491410419312149,0.4572435930387694,-0.911310674287764,-1.177851894974348,-0.2507203421941191,-0.8828162337175963,-0.05251714595198324,-0.7996548742607882,-0.7394662468772634,-0.8647672093159696,0.9841231756854657,0
2.415165482054347,-1.1099901739376037,1.5251962127575889,0.0826799991202768,2.130357712771218,0.9048055324001227,0.3564261304509722,-1.461440576166749,-0.572828518118232,0.003043148748581378,2.872610552162881,2.0718535778397804,-1.0161329645585022,0
-0.2960199349169384,-1.1099901739376037,-1.179024470547907,-0.0772178163964083,-0.23538436605243465,-1.177851894974348,-1.1809181461370681,-0.8828162337175963,0.3469477139692014,-1.2583394588375707,-0.7394662468772634,1.794065125000723,0.9841231756854657,0
-0.634918112038349,0.9009088760241706,1.5251962127575889,-0.8677526163108995,-0.911310674287764,0.9048055324001227,-1.2008713165995828,0.2744324511807092,0.44429629327772574,-0.6849837281165926,-0.22345527558581418,-1.9957630530178463,0.9841231756854657,0
-0.46546902347764374,0.9009088760241706,-1.179024470547907,-0.2824871305777291,-0.404365943111267,0.9048055324001227,-0.09236184645987515,-0.8828162337175963,0.2563128297854033,0.1177142948927768,-0.4814607612315388,0.286070666731554,0.9841231756854657,0
-0.2960199349169384,0.9009088760241706,-0.502969299721533,-0.1641390585301204,-0.7423290972289317,-1.177851894974348,0.29957543048237867,-0.8828162337175963,-0.97565022560178,0.3470565871811683,-0.4814607612315388,0.8614896047553159,0.9841231756854657,0
-0.12657084635623306,0.9009088760241706,0.8491410419312149,0.3868885542114279,-0.23538436605243465,-1.177851894974348,1.6495816066168083,-0.8828162337175963,-0.08272877401324927,0.5763988794695595,-0.22345527558581418,0.4249648931510827,0.9841231756854657,0
-0.634918112038349,0.9009088760241706,1.5251962127575889,0.8008067512180765,-0.911310674287764,-1.177851894974348,-0.8851044761055005,1.4316811360790147,0.5651428055227898,-1.2583394588375707,-0.4814607612315388,1.0797519605574324,0.9841231756854657,0
-0.46546902347764374,-1.1099901739376037,-0.502969299721533,0.11379098149735035,-0.404365943111267,0.21058638994196582,1.0161476236798326,1.4316811360790147,1.8910975926561346,0.4617277333253637,-0.7394662468772634,-0.13061201252703214,0.9841231756854657,0
0.5512255078865883,0.9009088760241706,0.17308587110484092,-0.33651285175131723,0.10257878806523006,-1.177851894974348,-0.7257958293968509,-1.461440576166749,0.4174415127788225,-0.570312581972397,0.03455021005991044,0.5440170872249644,0.9841231756854657,0
-0.2960199349169384,0.9009088760241706,-1.179024470547907,0.6464362675957953,-0.911310674287764,-1.177851894974348,-0.2507203421941191,0.2744324511807092,0.13210946997797635,-0.7996548742607882,-0.22345527558581418,-0.9242933063529105,0.9841231756854657,0
0.890123685007999,0.9009088760241706,1.5251962127575889,-0.1793313250513106,0.6095235192417271,0.9048055324001227,0.06599664927436881,-0.8828162337175963,-0.3915587497506358,0.1177142948927768,0.03455021005991044,0.06780831092943747,0.9841231756854657,0
-0.46546902347764374,0.9009088760241706,0.8491410419312149,0.12012372461065314,-0.23538436605243465,-1.177851894974348,-0.7432152639276178,-1.461440576166749,-1.2441980305908118,-0.9143260204049839,-0.7394662468772634,0.7027533459901402,0.9841231756854657,0
1.906818216372231,-1.1099901739376037,-1.179024470547907,0.36706912127577956,2.2993392898300504,0.9048055324001227,0.38271364074285674,-0.3041918912684436,-1.2979075915886182,-0.2262991435398101,1.8405886095799828,-3.047390767337135,0.9841231756854657,0
-0.2960199349169384,0.9009088760241706,1.5251962127575889,-0.7694924476052387,-0.404365943111267,0.9048055324001227,-1.2752998095946775,0.853056793629862,0.5886407384593302,-1.0289971665491795,-0.997471732522988,0.4448069254967297,0.9841231756854657,0
0.0428782422044723,0.9009088760241706,-0.502969299721533,-0.31375603672321417,-0.06640278899360229,0.9048055324001227,-0.758259321022371,-0.8828162337175963,1.0653130923148617,-0.6849837281165926,0.5505611813513597,0.008282213892496587,0.9841231756854657,0
-0.9738162891597597,-1.1099901739376037,-0.502969299721533,-0.6852401171576817,-0.911310674287764,0.9048055324001227,-0.7257958293968509,-0.8828162337175963,0.7564831165774751,0.003043148748581378,-0.4814607612315388,-3.106916864374076,0.9841231756854657,0
0.21232733076517762,0.9009088760241706,1.5251962127575889,-0.7190358035977514,-0.06640278899360229,0.9048055324001227,-0.7574675285436998,0.2744324511807092,0.20596011634995973,0.003043148748581378,0.29255569570563505,0.7622794430270811,-1.0161329645585022,0
1.7373691278115257,0.9009088760241706,-1.179024470547907,-0.5813104851660467,1.1164682504182242,0.9048055324001227,-0.7257958293968509,1.4316811360790147,1.3372177448662566,-0.2262991435398101,2.356599580871432,0.9606997664835506,-1.0161329645585022,0
-0.46546902347764374,-1.1099901739376037,-1.179024470547907,0.1849040544130672,-0.23538436605243465,-1.177851894974348,0.7786098800784667,0.2744324511807092,-0.46205254856025635,0.23238544103697253,-0.4814607612315388,-0.6465048535138531,0.9841231756854657,0
-0.2960199349169384,0.9009088760241706,-0.502969299721533,-0.5453196583450566,-0.7423290972289317,0.9048055324001227,-0.9498731008608062,-0.8828162337175963,0.2965950005337584,-0.6849837281165926,-0.4814607612315388,-2.789444346843725,0.9841231756854657,0
-0.8043672005990544,0.9009088760241706,-1.179024470547907,1.783645323927301,-0.911310674287764,-1.177851894974348,-0.4090788379283631,-0.8828162337175963,-0.6869613352385705,-1.143668312693375,-0.4814607612315388,-1.3806600503027906,0.9841231756854657,0
-0.634918112038349,-1.1099901739376037,1.5251962127575889,0.1173126815329277,-0.911310674287764,0.9048055324001227,0.06599664927436881,0.853056793629862,-1.1938453171553682,-0.34097028968400567,-0.7394662468772634,0.305912699077201,0.9841231756854657,0
-0.8043672005990544,-1.1099901739376037,-0.502969299721533,-0.0207442768124413,-0.911310674287764,-1.177851894974348,-0.646616581529729,-1.461440576166749,-1.5496711587658354,-0.7996548742607882,-0.997471732522988,0.10749237562073138,0.9841231756854657,0
0.0428782422044723,0.9009088760241706,-1.179024470547907,0.9309517287660273,-0.23538436605243465,-1.177851894974348,-0.7257958293968509,-1.461440576166749,-1.1602768415317393,-1.143668312693375,0.5505611813513597,-2.3529196352394917,0.9841231756854657,0
-0.2960199349169384,0.9009088760241706,0.8491410419312149,-0.5136401504017014,0.2715603651240624,0.9048055324001227,-0.3066208911883072,0.2744324511807092,-0.41841353024953903,0.23238544103697253,0.03455021005991044,0.3654387961141419,0.9841231756854657,0
-0.12657084635623306,0.9009088760241706,-1.179024470547907,-0.29916388052198783,-0.404365943111267,0.9048055324001227,-0.17454990574594778,1.4316811360790147,0.9713213605687007,0.003043148748581378,0.03455021005991044,0.286070666731554,0.9841231756854657,0
-0.12657084635623306,-1.1099901739376037,-0.502969299721533,-0.4046885425745794,-0.23538436605243465,0.9048055324001227,-1.121692068732461,0.853056793629862,0.19253272610050842,-1.0289971665491795,0.03455021005991044,1.1988041546313142,-1.0161329645585022,0
0.38177641932588297,0.9009088760241706,1.5251962127575889,-0.44540129007107465,0.2715603651240624,0.9048055324001227,-0.8235030212648795,0.2744324511807092,0.377159342030468,-0.6849837281165926,-0.22345527558581418,0.7027533459901402,-1.0161329645585022,0
-0.9738162891597597,-1.1099901739376037,-0.502969299721533,-0.4510233762265255,-0.911310674287764,0.9048055324001227,-1.026993688283383,0.2744324511807092,-1.3583308477111502,-0.9143260204049839,-0.4814607612315388,-0.5076106270943244,0.9841231756854657,0
-0.634918112038349,-1.1099901739376037,-1.179024470547907,-0.4471068667699193,-0.911310674287764,-1.177851894974348,1.5228948100294133,1.4316811360790147,-1.0427871768490378,2.640479510065081,-0.4814607612315388,-0.686188918205147,-1.0161329645585022,0
-0.46546902347764374,-1.1099901739376037,0.8491410419312149,0.3258668100972085,-0.23538436605243465,-1.177851894974348,2.4413740852880284,-1.461440576166749,0.457723683527177,1.2644257563347332,-0.7394662468772634,-3.4640734465957213,0.9841231756854657,0
-0.46546902347764374,0.9009088760241706,-1.179024470547907,0.27362562750667085,-0.5733475201700994,0.9048055324001227,0.06599664927436881,1.4316811360790147,-0.008878127641265313,-0.45564143582820127,-0.4814607612315388,1.0995939929030794,-1.0161329645585022,0
1.906818216372231,0.9009088760241706,0.8491410419312149,0.27578918313390893,2.130357712771218,-1.177851894974348,0.38271364074285674,-0.3041918912684436,-0.7138161157374736,-0.2262991435398101,1.8405886095799828,-0.7258729828964409,0.9841231756854657,0
0.5512255078865883,-1.1099901739376037,1.5251962127575889,-0.10771289607667685,-0.06640278899360229,0.9048055324001227,-0.2507203421941191,0.2744324511807092,-0.6970318779256596,-0.34097028968400567,0.03455021005991044,0.008282213892496587,-1.0161329645585022,0
-0.634918112038349,-1.1099901739376037,-1.179024470547907,0.4541482871779032,-0.911310674287764,0.9048055324001227,0.06599664927436881,0.853056793629862,-1.1770610793435539,-0.570312581972397,-0.997471732522988,0.12733440796637835,0.9841231756854657,0
0.38177641932588297,-1.1099901739376037,-1.179024470547907,-0.5827002143280683,0.4405419421828948,0.9048055324001227,-1.090020369585612,-1.461440576166749,0.4040141225293712,-0.9143260204049839,-0.22345527558581418,0.5837011519162584,-1.0161329645585022,0
-0.634918112038349,0.9009088760241706,0.8491410419312149,-0.5811683537744763,-0.06640278899360229,0.9048055324001227,-1.359229812333827,1.4316811360790147,0.4812216164637174,-1.3730106049817663,-0.4814607612315388,-1.8171847619070236,0.9841231756854657,0
-0.46546902347764374,-1.1099901739376037,-0.502969299721533,-0.5698294272025277,-0.404365943111267,-1.177851894974348,-0.5679124091498098,0.853056793629862,-1.072998804910304,0.003043148748581378,-0.4814607612315388,0.008282213892496587,0.9841231756854657,0
-0.2960199349169384,0.9009088760241706,1.5251962127575889,-0.33897646253853725,0.10257878806523006,0.9048055324001227,-0.5674373336626071,-0.8828162337175963,-0.41169983512481334,-0.45564143582820127,-0.4814607612315388,1.35754041339649,-1.0161329645585022,0
-0.8043672005990544,-1.1099901739376037,-1.179024470547907,-0.5669394222405965,-0.7423290972289317,-1.177851894974348,1.390982183082788,0.853056793629862,-1.0461440244114009,3.213835240786059,-0.4814607612315388,-0.5274526594399713,0.9841231756854657,0
-0.2960199349169384,0.9009088760241706,0.8491410419312149,0.2951348447643227,-0.7423290972289317,0.9048055324001227,-0.1919693402767146,0.853056793629862,-0.4821936339344339,-0.6849837281165926,0.03455021005991044,0.46464895784237664,0.9841231756854657,0
0.38177641932588297,0.9009088760241706,-0.502969299721533,0.23141260421026597,0.4405419421828948,-1.177851894974348,-0.7908811711436252,1.4316811360790147,-1.1099241280962957,-1.0289971665491795,0.5505611813513597,0.4249648931510827,-1.0161329645585022,0
-0.8043672005990544,-1.1099901739376037,-0.502969299721533,-0.11474050377099042,-0.911310674287764,0.9048055324001227,-0.2507203421941191,-0.8828162337175963,-0.4251272253742647,-0.34097028968400567,-0.4814607612315388,1.5361187045073124,0.9841231756854657,0
-0.8043672005990544,0.9009088760241706,-1.179024470547907,-0.08975696360828465,-0.911310674287764,-1.177851894974348,-1.1259677481172854,-1.461440576166749,-1.2005590122800942,-1.2583394588375707,-0.7394662468772634,0.12733440796637835,0.9841231756854657,0
-0.634918112038349,-1.1099901739376037,0.8491410419312149,-0.39590798105089775,-0.911310674287764,-1.177851894974348,-0.07652599688645076,0.2744324511807092,-0.8950858841050704,0.3470565871811683,-0.4814607612315388,0.4448069254967297,-1.0161329645585022,0
-0.9738162891597597,-1.1099901739376037,1.5251962127575889,-0.31520893539260036,-0.404365943111267,-1.177851894974348,-1.1375279183058853,-0.8828162337175963,-1.7510820125076092,-1.143668312693375,-0.4814607612315388,0.6035431842619053,0.9841231756854657,0
-0.12657084635623306,-1.1099901739376037,-0.502969299721533,-0.06925845846846665,-0.404365943111267,0.9048055324001227,0.8577891279455886,-0.3041918912684436,0.001192415045823164,0.6910700256137552,0.5505611813513597,1.1591200899400202,0.9841231756854657,0
-0.8043672005990544,-1.1099901739376037,0.8491410419312149,-0.30224339400601286,-0.7423290972289317,-1.177851894974348,-0.5674373336626071,-1.461440576166749,-1.5698122441400126,-0.45564143582820127,-0.7394662468772634,-0.5076106270943244,-1.0161329645585022,0
1.906818216372231,-1.1099901739376037,-1.179024470547907,0.07541550577334592,1.6234129815947211,-1.177851894974348,0.06599664927436881,0.2744324511807092,-0.49897787174624864,-0.2262991435398101,2.098594095225707,1.0599099282117854,-1.0161329645585022,0
-0.2960199349169384,0.9009088760241706,-1.179024470547907,-0.7531473375746442,-0.06640278899360229,0.9048055324001227,-0.5145455960873696,0.2744324511807092,-0.8178783901707236,0.6910700256137552,0.03455021005991044,1.0797519605574324,-1.0161329645585022,0
0.7206745964472937,-1.1099901739376037,0.8491410419312149,-0.39469196803412887,0.6095235192417271,0.9048055324001227,-0.7257958293968509,-1.461440576166749,-0.3042807131292006,-0.570312581972397,0.03455021005991044,0.06780831092943747,-1.0161329645585022,0
-0.46546902347764374,-1.1099901739376037,0.8491410419312149,0.2738783055361293,-0.404365943111267,-1.177851894974348,0.06599664927436881,-1.461440576166749,-1.5093889880174807,-0.45564143582820127,-0.4814607612315388,-1.0433455004267922,0.9841231756854657,0
-0.634918112038349,0.9009088760241706,-0.502969299721533,-0.018912361098867427,-0.5733475201700994,0.9048055324001227,-0.9474977234247925,-0.8828162337175963,0.32009293347029877,-1.0289971665491795,-0.4814607612315388,0.5043330225336705,-1.0161329645585022,0
1.906818216372231,0.9009088760241706,0.8491410419312149,-0.4154589435802465,1.6234129815947211,0.9048055324001227,-0.5674373336626071,0.2744324511807092,-0.21364582894540246,-0.34097028968400567,1.8405886095799828,0.3654387961141419,0.9841231756854657,0
-0.8043672005990544,0.9009088760241706,-1.179024470547907,-0.39442349762782924,-0.911310674287764,-1.177851894974348,-1.01084112171849,0.2744324511807092,-1.3851856282100534,-0.9143260204049839,-0.4814607612315388,-0.8846092416616166,-1.0161329645585022,0
0.890123685007999,-1.1099901739376037,-0.502969299721533,-0.17939449455867523,0.6095235192417271,0.9048055324001227,-0.4882580857954851,0.853056793629862,-1.563098549015287,-0.570312581972397,0.03455021005991044,1.1789621222856672,0.9841231756854657,0
-0.12657084635623306,0.9009088760241706,0.8491410419312149,0.5069422029578813,0.2715603651240624,-1.177851894974348,1.2536853672811985,1.4316811360790147,-0.035732908140168516,0.23238544103697253,0.5505611813513597,-1.9362369559809054,0.9841231756854657,0
-0.8043672005990544,0.9009088760241706,-0.502969299721533,-0.11107667234384266,-0.7423290972289317,-1.177851894974348,-0.5392495214219116,0.2744324511807092,-0.5694716705558691,-0.6849837281165926,-0.7394662468772634,-1.3211339532658497,0.9841231756854657,0
-0.2960199349169384,0.9009088760241706,-1.179024470547907,-0.3978504434023597,-0.7423290972289317,0.9048055324001227,-1.1254926726300827,0.2744324511807092,0.427512055465911,-1.0289971665491795,-0.22345527558581418,0.801963507718375,-1.0161329645585022,0
0.890123685007999,-1.1099901739376037,-0.502969299721533,-0.6772333820992166,1.4544314045358888,0.9048055324001227,-1.0469468587458977,-1.461440576166749,-0.0995130118250634,-0.6849837281165926,0.5505611813513597,0.8813316371009629,-1.0161329645585022,0
0.0428782422044723,-1.1099901739376037,-0.502969299721533,-0.055582260124027213,-0.23538436605243465,-1.177851894974348,-0.359670987259279,0.2744324511807092,-0.4654093961226198,-0.45564143582820127,0.29255569570563505,-1.162397694500674,-1.0161329645585022,0
-0.8043672005990544,0.9009088760241706,-0.502969299721533,-0.5614278827230337,-0.7423290972289317,0.9048055324001227,-0.4882580857954851,0.2744324511807092,-0.34120603631519225,0.1177142948927768,-0.7394662468772634,0.14717644031202531,-1.0161329645585022,0
1.2290218621294098,-1.1099901739376037,0.8491410419312149,-0.276738705407549,1.4544314045358888,-1.177851894974348,0.06599664927436881,1.4316811360790147,0.20596011634995973,0.23238544103697253,1.8405886095799828,-0.13061201252703214,0.9841231756854657,0
2.415165482054347,0.9009088760241706,-1.179024470547907,0.11683891022769309,1.7923945586535535,0.9048055324001227,-0.4090788379283631,0.2744324511807092,0.9276823422579827,-0.6849837281165926,2.098594095225707,1.4170665104334308,-1.0161329645585022,0
0.0428782422044723,-1.1099901739376037,-0.502969299721533,-0.5853059565068587,0.10257878806523006,0.9048055324001227,-0.844564701197534,0.853056793629862,1.239869165557732,-0.45564143582820127,0.03455021005991044,-0.26950623894656084,0.9841231756854657,0
0.5512255078865883,-1.1099901739376037,-1.179024470547907,-0.20139327549840289,0.2715603651240624,0.9048055324001227,-1.042512820865339,1.4316811360790147,0.001192415045823164,-1.143668312693375,0.5505611813513597,0.20670253734896618,0.9841231756854657,0
-0.12657084635623306,-1.1099901739376037,-0.502969299721533,0.07735796812480787,-0.5733475201700994,0.9048055324001227,0.8577891279455886,0.853056793629862,1.823960641408877,0.4617277333253637,-0.22345527558581418,0.40512286080543575,0.9841231756854657,0
0.38177641932588297,0.9009088760241706,-0.502969299721533,1.2152776814141655,-0.06640278899360229,-1.177851894974348,1.6495816066168083,-0.8828162337175963,-0.4821936339344339,-0.11162799739561437,0.29255569570563505,-0.36871640067479566,0.9841231756854657,0
-0.46546902347764374,0.9009088760241706,-1.179024470547907,-0.2921046880739919,-0.5733475201700994,0.9048055324001227,-0.2507203421941191,0.853056793629862,1.2465828606824585,-0.11162799739561437,-0.7394662468772634,0.12733440796637835,0.9841231756854657,0
-0.2960199349169384,0.9009088760241706,0.8491410419312149,0.26658222743551613,-0.5733475201700994,-1.177851894974348,-1.121692068732461,-0.8828162337175963,0.14553686022742765,-1.2583394588375707,-0.7394662468772634,-2.3926036999307856,0.9841231756854657,0
-0.2960199349169384,-1.1099901739376037,-1.179024470547907,-0.21814898732686736,-0.911310674287764,-1.177851894974348,-0.8841543251310949,-0.3041918912684436,-1.8383600491290444,-0.9143260204049839,-0.7394662468772634,0.26622863438590705,0.9841231756854657,0
-0.634918112038349,-1.1099901739376037,-1.179024470547907,0.6447938604043153,-0.7423290972289317,-1.177851894974348,-0.5674373336626071,0.853056793629862,-0.9085132743545218,-1.0289971665491795,-0.997471732522988,0.6630692812988462,-1.0161329645585022,0
-0.8043672005990544,0.9009088760241706,1.5251962127575889,0.25323766900474093,-0.404365943111267,0.9048055324001227,0.23480680572707288,-0.3041918912684436,0.6557776897065886,-0.2262991435398101,-0.4814607612315388,-0.15045404487267908,0.9841231756854657,0
0.38177641932588297,-1.1099901739376037,-1.179024470547907,-0.6428849624697065,0.6095235192417271,0.9048055324001227,-0.47321402870073187,1.4316811360790147,1.223084927745918,0.3470565871811683,0.8085666669970842,0.5043330225336705,-1.0161329645585022,0
0.7206745964472937,-1.1099901739376037,1.5251962127575889,-0.4873932200917033,1.1164682504182242,0.9048055324001227,-0.3298995900612411,0.853056793629862,-0.6936750303632967,0.1177142948927768,0.29255569570563505,0.8614896047553159,0.9841231756854657,0
2.5846145706150523,-1.1099901739376037,0.8491410419312149,-0.5583483692390087,2.637302443947715,-1.177851894974348,-0.7257958293968509,1.4316811360790147,-0.33449234119046656,-0.34097028968400567,2.872610552162881,1.35754041339649,-1.0161329645585022,0
-0.46546902347764374,-1.1099901739376037,-1.179024470547907,-0.6148692859534991,-0.7423290972289317,0.9048055324001227,-1.0052985743677916,1.4316811360790147,-1.3348329147746099,-0.6849837281165926,-0.4814607612315388,-1.2814498885745558,-1.0161329645585022,0
-0.2960199349169384,-1.1099901739376037,-0.502969299721533,0.008692713619469914,-0.06640278899360229,-1.177851894974348,0.8577891279455886,1.4316811360790147,-0.24721430456903132,0.5763988794695595,-0.4814607612315388,0.821805540064022,0.9841231756854657,0
0.890123685007999,-1.1099901739376037,-1.179024470547907,0.22642221312846128,0.4405419421828948,-1.177851894974348,0.38271364074285674,1.4316811360790147,-0.27406908506793454,-0.11162799739561437,0.8085666669970842,-0.07108591549009124,0.9841231756854657,0
0.21232733076517762,0.9009088760241706,-1.179024470547907,1.1462334098646398,0.10257878806523006,-1.177851894974348,0.8577891279455886,-0.3041918912684436,-1.0495008719737637,-0.45564143582820127,0.5505611813513597,0.8416475724096689,-1.0161329645585022,0
-0.634918112038349,-1.1099901739376037,-1.179024470547907,-0.7489623577117385,-0.911310674287764,0.9048055324001227,-0.3872253655170374,-0.8828162337175963,-1.6604471283238111,0.9204123179021463,-0.4814607612315388,0.5440170872249644,0.9841231756854657,0
2.2457163934936415,0.9009088760241706,0.8491410419312149,1.1465018802709395,2.130357712771218,-1.177851894974348,-0.5880239381080588,1.4316811360790147,-0.39491559731299863,-1.143668312693375,1.582583123934258,1.4170665104334308,-1.0161329645585022,0
-0.12657084635623306,0.9009088760241706,0.8491410419312149,0.009229654432069153,-0.23538436605243465,-1.177851894974348,0.06599664927436881,1.4316811360790147,-0.9823639207265057,-0.2262991435398101,0.29255569570563505,0.2463866020402601,0.9841231756854657,0
-0.12657084635623306,0.9009088760241706,0.8491410419312149,-0.6214862918499426,0.2715603651240624,0.9048055324001227,-1.2008713165995828,-1.461440576166749,0.36708879934337896,-1.0289971665491795,-0.22345527558581418,-0.8250831446246757,-1.0161329645585022,0
0.0428782422044723,0.9009088760241706,-1.179024470547907,0.5223555627548476,-0.404365943111267,-1.177851894974348,-1.042512820865339,-1.461440576166749,-0.31435125581628903,-1.2583394588375707,0.8085666669970842,0.4249648931510827,0.9841231756854657,0
0.5512255078865883,-1.1099901739376037,1.5251962127575889,-0.2229498698865782,1.1164682504182242,-1.177851894974348,1.7873534979056007,1.4316811360790147,-0.6198243839913128,2.0671237793441026,0.8085666669970842,1.298014316359549,-1.0161329645585022,0
-0.8043672005990544,0.9009088760241706,0.8491410419312149,-0.15572172167378526,-0.911310674287764,-1.177851894974348,-0.5674373336626071,0.2744324511807092,-0.3042807131292006,-0.570312581972397,-0.7394662468772634,0.26622863438590705,0.9841231756854657,0
0.38177641932588297,-1.1099901739376037,1.5251962127575889,-0.39153349266589804,-0.06640278899360229,0.9048055324001227,-0.16235630157441097,-0.8828162337175963,0.34023401884447574,0.23238544103697253,-0.22345527558581418,-1.202081759191968,0.9841231756854657,0
-0.9738162891597597,0.9009088760241706,-0.502969299721533,-0.22100740753511625,-0.911310674287764,-1.177851894974348,-0.4090788379283631,0.2744324511807092,-0.012234975203628139,-0.34097028968400567,-0.7394662468772634,-1.2219237915376149,0.9841231756854657,0
0.0428782422044723,-1.1099901739376037,-0.502969299721533,1.0278063759328253,-0.404365943111267,-1.177851894974348,-0.9315035153556339,1.4316811360790147,0.5483585677109757,-1.2583394588375707,0.5505611813513597,-1.6386064707962011,0.9841231756854657,0
-0.46546902347764374,0.9009088760241706,1.5251962127575889,0.6551694519889535,-0.7423290972289317,-1.177851894974348,1.6495816066168083,-0.3041918912684436,-1.5060321404551178,0.23238544103697253,0.03455021005991044,1.5361187045073124,0.9841231756854657,0
-0.8043672005990544,0.9009088760241706,0.8491410419312149,0.4045128467661559,-0.5733475201700994,-1.177851894974348,-0.3298995900612411,-1.461440576166749,-0.022305517890717212,-0.7996548742607882,-0.997471732522988,1.0599099282117854,-1.0161329645585022,0
-0.2960199349169384,0.9009088760241706,-1.179024470547907,-0.48788278377377914,-0.404365943111267,0.9048055324001227,-0.7257958293968509,-1.461440576166749,-0.31435125581628903,-0.45564143582820127,-0.7394662468772634,-0.7655570475877348,-1.0161329645585022,0
0.890123685007999,0.9009088760241706,-1.179024470547907,-0.4114318874857522,1.1164682504182242,0.9048055324001227,-0.050080128098832014,0.2744324511807092,-1.2106295549671826,0.3470565871811683,0.29255569570563505,0.9606997664835506,0.9841231756854657,0
-0.634918112038349,-1.1099901739376037,-1.179024470547907,-0.321115284331192,-0.911310674287764,-1.177851894974348,-1.1368944843229483,1.4316811360790147,-1.133422061032836,-1.143668312693375,-0.7394662468772634,0.32575473142284794,0.9841231756854657,0
2.754063659175758,-1.1099901739376037,0.8491410419312149,-0.03318866976327072,2.130357712771218,-1.177851894974348,-0.5674373336626071,1.4316811360790147,-1.1535631464070133,-0.6849837281165926,2.098594095225707,-1.2616078562289088,0.9841231756854657,0
0.38177641932588297,0.9009088760241706,1.5251962127575889,7.174452120539454,0.4405419421828948,-1.177851894974348,2.4413740852880284,-0.8828162337175963,-0.3747745119388211,-1.0289971665491795,0.03455021005991044,1.35754041339649,0.9841231756854657,0
1.0595727735687044,0.9009088760241706,1.5251962127575889,-0.3243843063373109,0.6095235192417271,-1.177851894974348,-0.7257958293968509,0.2744324511807092,-1.173704231781191,-0.6849837281165926,0.8085666669970842,1.6154868338899002,0.9841231756854657,0
-0.46546902347764374,-1.1099901739376037,1.5251962127575889,-0.42971945986780863,-0.404365943111267,0.9048055324001227,-1.1902612973853886,-0.8828162337175963,0.1488937077897905,-1.143668312693375,-0.4814607612315388,0.32575473142284794,0.9841231756854657,0
-0.8043672005990544,0.9009088760241706,0.8491410419312149,0.11862344881074349,-0.7423290972289317,-1.177851894974348,0.5426557214344431,0.2744324511807092,-0.05587399351434607,0.1177142948927768,-0.7394662468772634,0.16701847265767225,0.9841231756854657,0
-0.8043672005990544,0.9009088760241706,-1.179024470547907,-0.8421689658282299,-0.911310674287764,0.9048055324001227,-0.5674373336626071,-0.8828162337175963,1.4312094766124175,1.035083464046342,-0.997471732522988,0.3455967637684949,0.9841231756854657,0
-0.634918112038349,0.9009088760241706,1.5251962127575889,0.46187075945322753,-0.911310674287764,-1.177851894974348,-0.3298995900612411,-1.461440576166749,0.0045492626081859895,-0.7996548742607882,-0.4814607612315388,0.801963507718375,-1.0161329645585022,0
0.890123685007999,0.9009088760241706,-0.502969299721533,-0.015074813526466984,0.7785050963005594,-1.177851894974348,0.38271364074285674,1.4316811360790147,-0.4251272253742647,0.1177142948927768,0.29255569570563505,-1.658448503141848,0.9841231756854657,0
0.890123685007999,0.9009088760241706,-0.502969299721533,-0.3740513315027405,0.9474866733593919,0.9048055324001227,-0.5674373336626071,-0.8828162337175963,-0.7608119816105544,-0.34097028968400567,0.5505611813513597,-0.051243883144444294,0.9841231756854657,0
-0.8043672005990544,-1.1099901739376037,-0.502969299721533,-0.30019038501666284,-0.911310674287764,0.9048055324001227,-0.3774071387815143,1.4316811360790147,-0.3042807131292006,-0.2262991435398101,-0.4814607612315388,0.4249648931510827,0.9841231756854657,0
-0.8043672005990544,0.9009088760241706,-1.179024470547907,0.9616994864757543,-0.911310674287764,-1.177851894974348,0.22435514500861276,-0.8828162337175963,-0.8783016462932557,-0.6849837281165926,-0.7394662468772634,0.32575473142284794,0.9841231756854657,0
0.5512255078865883,0.9009088760241706,-0.502969299721533,0.46412906934151255,0.7785050963005594,-1.177851894974348,1.3328646151483206,0.2744324511807092,-0.3512765790022807,0.23238544103697253,0.8085666669970842,1.4964346398160184,0.9841231756854657,0
0.38177641932588297,-1.1099901739376037,-1.179024470547907,1.2125298078438047,0.10257878806523006,0.9048055324001227,-0.1851599249601421,0.2744324511807092,0.6524208421442251,-1.0289971665491795,-0.22345527558581418,0.821805540064022,0.9841231756854657,0
-0.634918112038349,-1.1099901739376037,-0.502969299721533,0.17751322205140707,-0.06640278899360229,0.9048055324001227,0.38271364074285674,0.853056793629862,0.3469477139692014,-0.11162799739561437,-0.4814607612315388,0.5043330225336705,0.9841231756854657,0
-0.634918112038349,0.9009088760241706,-1.179024470547907,-0.47655964957867164,-0.5733475201700994,-1.177851894974348,-0.2524622856471958,-0.3041918912684436,-1.4254677989584081,0.23238544103697253,-0.7394662468772634,-2.710076217461137,0.9841231756854657,0
-0.634918112038349,-1.1099901739376037,0.8491410419312149,-0.6827133368630971,-0.5733475201700994,-1.177851894974348,-1.042512820865339,-1.461440576166749,-1.5026752928927547,-0.6849837281165926,0.03455021005991044,0.5043330225336705,0.9841231756854657,0
-0.2960199349169384,0.9009088760241706,-1.179024470547907,-0.4893672671968476,-0.404365943111267,0.9048055324001227,-0.9474977234247925,-0.8828162337175963,-1.1770610793435539,-0.7996548742607882,-0.4814607612315388,-0.8449251769703227,0.9841231756854657,0
0.21232733076517762,-1.1099901739376037,-0.502969299721533,0.044036052989972756,0.9474866733593919,-1.177851894974348,-1.2388773555758015,-0.8828162337175963,-0.38148820706354736,-1.3730106049817663,0.8085666669970842,1.337698381050843,-1.0161329645585022,0
-0.46546902347764374,-1.1099901739376037,0.8491410419312149,0.11701262637294578,-0.5733475201700994,0.9048055324001227,-0.2507203421941191,-1.461440576166749,-0.8917290365427076,-0.570312581972397,-0.4814607612315388,1.1591200899400202,0.9841231756854657,0
-0.634918112038349,-1.1099901739376037,1.5251962127575889,-0.7718770965082531,-0.7423290972289317,0.21058638994196582,-0.7257958293968509,1.4316811360790147,-0.9420817499781512,0.23238544103697253,-0.7394662468772634,1.0400678958661385,-1.0161329645585022,0
1.2290218621294098,0.9009088760241706,0.8491410419312149,-0.5200676477760512,0.4405419421828948,0.21058638994196582,0.06599664927436881,-1.461440576166749,-0.5896127559300467,0.8057411717579506,0.29255569570563505,-1.102871597463733,0.9841231756854657,0
1.398470950690115,-1.1099901739376037,-1.179024470547907,0.9756441552264934,1.7923945586535535,-1.177851894974348,0.9027629407341139,0.853056793629862,-0.35463342656464414,-0.34097028968400567,1.3245776382885335,0.32575473142284794,-1.0161329645585022,0
-0.46546902347764374,0.9009088760241706,-0.502969299721533,0.07574714568701016,-0.911310674287764,0.9048055324001227,0.06599664927436881,0.2744324511807092,-0.6903181828009338,-0.2262991435398101,-0.7394662468772634,-1.162397694500674,0.9841231756854657,0
-0.634918112038349,-1.1099901739376037,1.5251962127575889,-0.5781993869283394,-0.911310674287764,-1.177851894974348,0.0026532509806712224,1.4316811360790147,-0.34120603631519225,0.9204123179021463,-0.7394662468772634,-0.5671367241312653,0.9841231756854657,0
1.5679200392508204,-1.1099901739376037,1.5251962127575889,-0.7925966949238472,1.2854498274770565,0.21058638994196582,-0.3113716460603346,-0.3041918912684436,0.15896425047687956,1.379096902478929,1.3245776382885335,1.317856348705196,-1.0161329645585022,0
-0.9738162891597597,0.9009088760241706,0.8491410419312149,-0.01212163905717117,-0.911310674287764,0.9048055324001227,0.5410721364771007,-0.8828162337175963,1.0854541776890392,0.23238544103697253,-0.4814607612315388,1.2186461869769611,0.9841231756854657,0
-0.634918112038349,-1.1099901739376037,0.8491410419312149,-0.6085681275938787,-0.5733475201700994,0.9048055324001227,-0.8128930020506852,0.2744324511807092,0.16232109803924238,-0.34097028968400567,-0.4814607612315388,-1.3409759856114967,0.9841231756854657,0
0.890123685007999,-1.1099901739376037,0.8491410419312149,0.34833936234217083,0.7785050963005594,0.9048055324001227,-0.09236184645987515,-0.8828162337175963,-1.7074429941968916,-0.570312581972397,1.066572152642809,-1.7179746001787888,-1.0161329645585022,0
-0.634918112038349,0.9009088760241706,-1.179024470547907,0.8397507525083625,-0.23538436605243465,0.9048055324001227,1.6495816066168083,1.4316811360790147,-0.18679104844649927,0.1177142948927768,-0.4814607612315388,-0.15045404487267908,0.9841231756854657,0
-0.46546902347764374,0.9009088760241706,-1.179024470547907,-0.10330682293799485,-0.7423290972289317,-1.177851894974348,-0.8841543251310949,-0.8828162337175963,-1.529530073391658,-1.0289971665491795,-0.4814607612315388,1.1591200899400202,0.9841231756854657,0
-0.8043672005990544,-1.1099901739376037,1.5251962127575889,-0.8337042518413713,-0.911310674287764,0.21058638994196582,-0.8208109268373974,0.853056793629862,0.5114332445249834,0.23238544103697253,-0.7394662468772634,0.9011736694466097,0.9841231756854657,0
0.0428782422044723,0.9009088760241706,-0.502969299721533,-0.6021090454658466,-0.06640278899360229,0.9048055324001227,-0.646616581529729,0.853056793629862,0.6725619275184026,-0.11162799739561437,-0.22345527558581418,-1.4600281796853785,0.9841231756854657,0
0.890123685007999,-1.1099901739376037,1.5251962127575889,-0.42861399348892787,0.7785050963005594,0.21058638994196582,0.8577891279455886,0.2744324511807092,-1.3818287806476905,1.6084391947673204,0.8085666669970842,-1.5989224061049072,0.9841231756854657,0
0.0428782422044723,0.9009088760241706,0.8491410419312149,-0.1487572834868363,0.2715603651240624,0.9048055324001227,-0.8841543251310949,-0.8828162337175963,-1.2911938964638923,-0.9143260204049839,0.8085666669970842,0.16701847265767225,-1.0161329645585022,0
0.7206745964472937,0.9009088760241706,1.5251962127575889,-0.29973240608826934,1.1164682504182242,0.9048055324001227,-0.5674373336626071,0.853056793629862,-0.5493305851816922,-0.45564143582820127,0.5505611813513597,1.0003838311748445,-1.0161329645585022,0
-0.634918112038349,-1.1099901739376037,-0.502969299721533,0.2689984610922127,-0.7423290972289317,-1.177851894974348,0.06599664927436881,-0.8828162337175963,-0.08272877401324927,-0.45564143582820127,-0.7394662468772634,1.278172284013902,-1.0161329645585022,0
-0.634918112038349,0.9009088760241706,0.8491410419312149,0.3647160571264476,-0.911310674287764,-1.177851894974348,0.0026532509806712224,-0.8828162337175963,-0.035732908140168516,-0.570312581972397,-0.4814607612315388,-0.20998014190961997,-1.0161329645585022,0
0.21232733076517762,0.9009088760241706,0.8491410419312149,-0.1130980965795104,-0.06640278899360229,-1.177851894974348,-0.7257958293968509,0.853056793629862,0.001192415045823164,-0.7996548742607882,0.5505611813513597,-0.8647672093159696,0.9841231756854657,0
-0.8043672005990544,-1.1099901739376037,0.8491410419312149,-0.33976608138059494,-0.5733475201700994,0.9048055324001227,-0.7574675285436998,1.4316811360790147,-1.8417168966914077,-0.6849837281165926,-0.7394662468772634,-0.011559818453150373,0.9841231756854657,0
0.890123685007999,-1.1099901739376037,-1.179024470547907,-0.296826608749497,0.9474866733593919,0.9048055324001227,-1.01084112171849,-1.461440576166749,-0.5828990608053211,-1.0289971665491795,1.8405886095799828,-0.9242933063529105,0.9841231756854657,0
-0.12657084635623306,0.9009088760241706,0.8491410419312149,-0.3933496160026308,-0.404365943111267,0.9048055324001227,0.13504095341449918,1.4316811360790147,0.427512055465911,0.5763988794695595,-0.22345527558581418,0.6233852166075523,-1.0161329645585022,0
-0.8043672005990544,-1.1099901739376037,-0.502969299721533,-0.6755435977772131,-0.404365943111267,0.9048055324001227,-1.359229812333827,-0.8828162337175963,-0.707102420612748,-1.2583394588375707,-0.7394662468772634,-2.69023418511549,0.9841231756854657,0
-0.2960199349169384,-1.1099901739376037,-0.502969299721533,-0.08380323753916956,-0.5733475201700994,-1.177851894974348,-1.121692068732461,-1.461440576166749,-1.2811233537768034,-1.2583394588375707,0.03455021005991044,-1.2417658238832618,-1.0161329645585022,0
0.890123685007999,0.9009088760241706,1.5251962127575889,-0.3243527215836286,0.7785050963005594,0.9048055324001227,0.06599664927436881,0.853056793629862,1.1861596045599256,0.3470565871811683,1.8405886095799828,0.4249648931510827,-1.0161329645585022,0
3.262410924857874,0.9009088760241706,-1.179024470547907,-0.06832670823483855,3.144247175124212,0.9048055324001227,0.7035479531004349,1.4316811360790147,0.5819270433346045,0.5763988794695595,1.582583123934258,1.1988041546313142,-1.0161329645585022,0
-0.46546902347764374,-1.1099901739376037,0.8491410419312149,-0.36035934078145987,-0.911310674287764,-1.177851894974348,0.8577891279455886,0.2744324511807092,-0.7037455730503852,1.379096902478929,-0.22345527558581418,-0.7258729828964409,0.9841231756854657,0
0.5512255078865883,-1.1099901739376037,-0.502969299721533,-0.29695294776422626,0.4405419421828948,-1.177851894974348,-0.963333572998217,0.853056793629862,0.001192415045823164,-0.9143260204049839,0.03455021005991044,-0.9639773710442044,0.9841231756854657,0
-0.46546902347764374,0.9009088760241706,0.8491410419312149,0.669872154828068,-0.7423290972289317,-1.177851894974348,1.6495816066168083,0.853056793629862,-0.5627579754311435,0.23238544103697253,0.03455021005991044,0.6829113136444932,0.9841231756854657,0
0.5512255078865883,-1.1099901739376037,-0.502969299721533,-0.11170836741748882,0.6095235192417271,-1.177851894974348,0.06599664927436881,0.853056793629862,-0.5056915668709743,0.003043148748581378,0.29255569570563505,-0.36871640067479566,-1.0161329645585022,0
-0.8043672005990544,-1.1099901739376037,-1.179024470547907,0.4594387334196898,-0.911310674287764,0.9048055324001227,-0.2507203421941191,-0.8828162337175963,-0.3680608168140954,-0.7996548742607882,-0.7394662468772634,0.5837011519162584,0.9841231756854657,0
-0.8043672005990544,0.9009088760241706,-1.179024470547907,-0.3339702790798914,-0.911310674287764,0.9048055324001227,-0.3774071387815143,0.853056793629862,0.5886407384593302,-0.2262991435398101,-0.4814607612315388,-2.3330776028938445,0.9841231756854657,0
0.21232733076517762,0.9009088760241706,-0.502969299721533,-0.6494545912356265,-0.404365943111267,0.9048055324001227,-0.8377552858809615,-1.461440576166749,-0.3512765790022807,-0.34097028968400567,0.03455021005991044,-0.7457150152420878,0.9841231756854657,0
-0.12657084635623306,0.9009088760241706,-1.179024470547907,-0.6758120681835127,-0.23538436605243465,0.9048055324001227,-0.646616581529729,0.853056793629862,0.10189784191671032,0.1177142948927768,0.29255569570563505,-0.190138109563973,-1.0161329645585022,0
0.0428782422044723,0.9009088760241706,0.8491410419312149,0.3605152848867006,-0.7423290972289317,0.9048055324001227,1.0161476236798326,1.4316811360790147,0.3133792383455725,0.23238544103697253,0.29255569570563505,0.6630692812988462,-1.0161329645585022,0
-0.634918112038349,0.9009088760241706,-0.502969299721533,-0.1817791434616895,-0.911310674287764,0.9048055324001227,0.38271364074285674,-0.8828162337175963,-0.6366086218031275,0.4617277333253637,-0.4814607612315388,-2.5513399586959613,0.9841231756854657,0
-0.2960199349169384,0.9009088760241706,-0.502969299721533,-0.133249169428823,-0.7423290972289317,0.9048055324001227,-0.20337115196958017,0.853056793629862,-0.43855461562371656,-0.2262991435398101,-0.4814607612315388,0.6432272489531993,0.9841231756854657,0
-0.12657084635623306,-1.1099901739376037,-0.502969299721533,-0.6762542547350651,-0.5733475201700994,0.9048055324001227,-1.2008713165995828,1.4316811360790147,0.07504306141780712,-1.0289971665491795,-0.4814607612315388,-0.30919030363785477,0.9841231756854657,0
0.890123685007999,0.9009088760241706,0.17308587110484092,0.18285104542371716,0.4405419421828948,0.9048055324001227,-0.5674373336626071,0.2744324511807092,-1.173704231781191,-0.7996548742607882,0.8085666669970842,1.1194360252487263,0.9841231756854657,0
-0.12657084635623306,-1.1099901739376037,-1.179024470547907,-0.3220312421879789,-0.23538436605243465,0.9048055324001227,0.38271364074285674,0.853056793629862,0.7564831165774751,0.6910700256137552,0.03455021005991044,1.794065125000723,0.9841231756854657,0
-0.634918112038349,0.9009088760241706,1.5251962127575889,-0.3901437635038765,0.10257878806523006,-1.177851894974348,-0.06607433616799066,0.2744324511807092,-0.10622670694978965,0.3470565871811683,-0.4814607612315388,0.6035431842619053,0.9841231756854657,0
0.38177641932588297,0.9009088760241706,-0.502969299721533,-0.3374919791154688,0.10257878806523006,-1.177851894974348,1.2278729324765167,-0.3041918912684436,0.8135495251376443,1.8377814870557112,1.066572152642809,-0.03140185079879733,0.9841231756854657,0
1.906818216372231,-1.1099901739376037,1.5251962127575889,-0.35363178824712826,2.2993392898300504,0.9048055324001227,-0.5674373336626071,1.4316811360790147,-1.3180486769627955,-0.45564143582820127,1.3245776382885335,1.298014316359549,0.9841231756854657,0
-0.2960199349169384,0.9009088760241706,-0.502969299721533,-0.10989224408075611,0.10257878806523006,0.9048055324001227,-0.4090788379283631,-0.8828162337175963,-1.3751150855229646,-0.45564143582820127,-0.997471732522988,-2.9084965409176062,0.9841231756854657,0
1.2290218621294098,0.9009088760241706,-0.502969299721533,1.0286433719054064,1.1164682504182242,-1.177851894974348,-0.10281350717833526,0.2744324511807092,0.273097067597218,-0.9143260204049839,0.29255569570563505,0.6630692812988462,0.9841231756854657,0
1.5679200392508204,-1.1099901739376037,-0.502969299721533,-0.5303642774764836,1.6234129815947211,0.9048055324001227,-0.4090788379283631,-1.461440576166749,0.23952859197358917,0.1177142948927768,1.3245776382885335,-0.3488743683291487,0.9841231756854657,0
0.890123685007999,0.9009088760241706,-1.179024470547907,-0.5158826679131453,1.2854498274770565,-1.177851894974348,0.06599664927436881,1.4316811360790147,-0.5795422132429582,0.8057411717579506,0.8085666669970842,-1.0433455004267922,0.9841231756854657,0
0.7206745964472937,-1.1099901739376037,1.5251962127575889,-0.2025461190078071,0.9474866733593919,-1.177851894974348,-1.233334808225103,0.2744324511807092,-1.0461440244114009,-1.2583394588375707,0.29255569570563505,-0.15045404487267908,-1.0161329645585022,0
-0.8043672005990544,0.9009088760241706,-0.502969299721533,-0.49178350085354416,-0.23538436605243465,0.9048055324001227,-0.7574675285436998,-1.461440576166749,-1.5966670246389159,-0.45564143582820127,-0.7394662468772634,0.9011736694466097,0.9841231756854657,0
-0.9738162891597597,-1.1099901739376037,-1.179024470547907,0.36717966791366763,-0.7423290972289317,0.9048055324001227,0.38271364074285674,1.4316811360790147,0.34359086640683856,-0.2262991435398101,-0.997471732522988,-2.5513399586959613,0.9841231756854657,0
0.21232733076517762,-1.1099901739376037,0.8491410419312149,0.08247469822134179,0.6095235192417271,0.9048055324001227,-1.2008713165995828,-0.8828162337175963,-0.04580345082725759,-1.3730106049817663,-0.22345527558581418,-0.7853990799333818,-1.0161329645585022,0
0.38177641932588297,0.9009088760241706,-0.502969299721533,-0.028529918595130262,0.2715603651240624,0.9048055324001227,0.06599664927436881,-0.3041918912684436,0.30330869565848406,-0.11162799739561437,0.29255569570563505,-0.20998014190961997,-1.0161329645585022,0
-0.2960199349169384,-1.1099901739376037,-0.502969299721533,0.02429558193853015,-0.23538436605243465,-1.177851894974348,-1.013374857650238,0.853056793629862,-0.03237606057780569,-1.143668312693375,-0.7394662468772634,-0.9838194033898514,0.9841231756854657,0
2.5846145706150523,-1.1099901739376037,-1.179024470547907,0.07852660401105328,2.8062840210065474,0.21058638994196582,-0.2507203421941191,1.4316811360790147,-0.17672050575941017,-0.570312581972397,2.098594095225707,1.0003838311748445,0.9841231756854657,0
-0.8043672005990544,0.9009088760241706,1.5251962127575889,0.3763550388583782,-0.911310674287764,-1.177851894974348,0.38271364074285674,-0.3041918912684436,-0.15657942038523323,-0.2262991435398101,-0.4814607612315388,-0.11076998018138517,0.9841231756854657,0
1.5679200392508204,0.9009088760241706,-0.502969299721533,-0.4418006281512915,1.4544314045358888,-1.177851894974348,-0.1984620386018186,0.853056793629862,0.3905867322799193,0.23238544103697253,2.098594095225707,-2.49181386165902,0.9841231756854657,0
-0.2960199349169384,0.9009088760241706,-1.179024470547907,-0.867910540079311,-0.23538436605243465,0.9048055324001227,-0.8841543251310949,0.853056793629862,0.8806864763849026,0.23238544103697253,-0.4814607612315388,0.8416475724096689,-1.0161329645585022,0
-0.634918112038349,0.9009088760241706,-0.502969299721533,0.9309043516355039,-0.23538436605243465,-1.177851894974348,0.38271364074285674,-0.8828162337175963,-1.5463143112034723,-0.570312581972397,-0.4814607612315388,0.2463866020402601,-1.0161329645585022,0
1.398470950690115,0.9009088760241706,-1.179024470547907,0.06301848995303996,1.6234129815947211,0.9048055324001227,-1.2008713165995828,0.2744324511807092,-0.9957913109759576,-1.3730106049817663,1.582583123934258,-0.5869787564769122,-1.0161329645585022,0
-0.46546902347764374,0.9009088760241706,0.8491410419312149,0.19354248454517847,-0.23538436605243465,0.9048055324001227,-0.7257958293968509,-0.3041918912684436,-0.8145215426083608,-1.0289971665491795,-0.7394662468772634,-2.4719718293133734,0.9841231756854657,0
-0.8043672005990544,0.9009088760241706,0.8491410419312149,-0.30020617739350397,-0.911310674287764,0.9048055324001227,0.06599664927436881,-0.8828162337175963,-1.1569199939693766,0.23238544103697253,-0.4814607612315388,0.08765034327508442,0.9841231756854657,0
0.5512255078865883,-1.1099901739376037,-1.179024470547907,0.021421369353440106,0.4405419421828948,-1.177851894974348,2.393233102584818,1.4316811360790147,0.5349311774615239,1.8377814870557112,0.29255569570563505,0.305912699077201,-1.0161329645585022,0
-0.46546902347764374,0.9009088760241706,0.8491410419312149,-0.20655738272546026,-0.404365943111267,-1.177851894974348,0.8577891279455886,-0.8828162337175963,-1.3247623720875215,0.9204123179021463,-0.997471732522988,-0.15045404487267908,0.9841231756854657,0
0.38177641932588297,-1.1099901739376037,-0.502969299721533,0.7420117322384598,0.7785050963005594,-1.177851894974348,-0.5674373336626071,1.4316811360790147,0.6154955189582334,-1.0289971665491795,1.066572152642809,0.9805417988291976,0.9841231756854657,0
-0.634918112038349,-1.1099901739376037,-0.502969299721533,-0.525989789091484,-0.404365943111267,0.9048055324001227,-0.5674373336626071,0.853056793629862,-1.2274137927789974,-0.11162799739561437,-0.22345527558581418,1.1789621222856672,-1.0161329645585022,0
-1.143265377720465,0.9009088760241706,-1.179024470547907,-0.4851507025802595,-0.7423290972289317,0.21058638994196582,0.8577891279455886,0.2744324511807092,0.7229146409538463,1.8377814870557112,-0.4814607612315388,-1.182239726846321,0.9841231756854657,0
-0.2960199349169384,0.9009088760241706,-0.502969299721533,-0.37719401449413015,-0.06640278899360229,0.9048055324001227,0.5410721364771007,-0.8828162337175963,0.9008275617590796,1.035083464046342,0.29255569570563505,1.0797519605574324,-1.0161329645585022,0
0.0428782422044723,-1.1099901739376037,0.8491410419312149,-0.3582905394152687,-0.06640278899360229,-1.177851894974348,0.6847032921080599,-0.8828162337175963,0.2193875065994116,1.1497546101905376,0.03455021005991044,0.6233852166075523,-1.0161329645585022,0
0.38177641932588297,-1.1099901739376037,0.8491410419312149,-0.20731541681383567,-0.06640278899360229,0.9048055324001227,-0.9474977234247925,-1.461440576166749,-0.4654093961226198,-1.0289971665491795,0.29255569570563505,-0.6465048535138531,0.9841231756854657,0
2.2457163934936415,0.9009088760241706,-0.502969299721533,0.1757444758451978,1.7923945586535535,0.9048055324001227,0.06599664927436881,1.4316811360790147,0.6994167080173058,-0.34097028968400567,2.356599580871432,1.0797519605574324,0.9841231756854657,0
0.890123685007999,-1.1099901739376037,0.8491410419312149,0.6422828724865718,0.6095235192417271,0.9048055324001227,-0.22728328482545102,-0.8828162337175963,-0.8581605609190788,-0.7996548742607882,0.29255569570563505,0.16701847265767225,-1.0161329645585022,0
-0.46546902347764374,0.9009088760241706,-0.502969299721533,-0.45197091883699475,-0.404365943111267,0.9048055324001227,-0.7574675285436998,-1.461440576166749,0.6624913848313142,-0.570312581972397,-0.4814607612315388,0.20670253734896618,0.9841231756854657,0
-0.634918112038349,-1.1099901739376037,0.8491410419312149,-0.5632440060597664,-0.911310674287764,-1.177851894974348,-0.4090788379283631,-0.3041918912684436,-0.06258768863907171,0.23238544103697253,-0.997471732522988,-0.6266628211682062,0.9841231756854657,0
-0.46546902347764374,-1.1099901739376037,1.5251962127575889,-0.7684501507337226,-0.911310674287764,0.9048055324001227,-1.327558113186978,-0.8828162337175963,0.8806864763849026,-1.143668312693375,-0.7394662468772634,-0.5274526594399713,0.9841231756854657,0
0.0428782422044723,-1.1099901739376037,-1.179024470547907,-0.3449143962308112,0.10257878806523006,0.9048055324001227,0.38271364074285674,0.2744324511807092,0.10861153704143597,0.8057411717579506,0.29255569570563505,-1.7179746001787888,0.9841231756854657,0
0.5512255078865883,0.9009088760241706,-0.502969299721533,-0.6345150027438948,0.7785050963005594,0.9048055324001227,-1.1479795790243454,-0.3041918912684436,-1.5161026831422064,-0.9143260204049839,0.03455021005991044,0.8416475724096689,0.9841231756854657,0
-0.2960199349169384,0.9009088760241706,-0.502969299721533,0.0747680183228586,-0.5733475201700994,-1.177851894974348,-0.4090788379283631,0.2744324511807092,0.9746782081310635,-0.6849837281165926,-0.4814607612315388,0.14717644031202531,0.9841231756854657,0
-0.634918112038349,-1.1099901739376037,-0.502969299721533,-0.389069881878678,-0.911310674287764,-1.177851894974348,-0.07684271387791924,-0.3041918912684436,-1.563098549015287,0.23238544103697253,-0.7394662468772634,1.317856348705196,-1.0161329645585022,0
0.7206745964472937,0.9009088760241706,-1.179024470547907,-0.5715823810318957,0.4405419421828948,0.9048055324001227,0.07153919662506734,1.4316811360790147,-0.2572848472561198,1.035083464046342,0.03455021005991044,0.286070666731554,0.9841231756854657,0
-0.2960199349169384,0.9009088760241706,-0.502969299721533,2.5440640612057113,-0.5733475201700994,-1.177851894974348,0.9292088095217327,-0.8828162337175963,0.42415520790354816,-0.9143260204049839,-0.7394662468772634,1.1988041546313142,0.9841231756854657,0
-0.9738162891597597,-1.1099901739376037,0.8491410419312149,-0.14547246910387626,-0.911310674287764,0.9048055324001227,0.06599664927436881,-0.8828162337175963,0.024690347982363543,0.003043148748581378,-0.4814607612315388,-1.3409759856114967,0.9841231756854657,0
0.0428782422044723,-1.1099901739376037,1.5251962127575889,-0.2656682492419,-0.404365943111267,0.9048055324001227,-0.2507203421941191,-1.461440576166749,-1.1602768415317393,-0.11162799739561437,0.5505611813513597,0.46464895784237664,0.9841231756854657,0
-0.8043672005990544,0.9009088760241706,-0.502969299721533,-0.48709316493172145,-0.911310674287764,-1.177851894974348,-0.7257958293968509,0.2744324511807092,1.696400434039086,-0.45564143582820127,-0.4814607612315388,0.10749237562073138,0.9841231756854657,0
0.21232733076517762,0.9009088760241706,0.8491410419312149,2.3698267675172584,-0.06640278899360229,-1.177851894974348,0.7496302753591,-0.8828162337175963,0.3469477139692014,-0.9143260204049839,0.03455021005991044,-1.6187644384505542,0.9841231756854657,0
0.0428782422044723,-1.1099901739376037,0.8491410419312149,0.38403013400317904,-0.06640278899360229,-1.177851894974348,1.0161476236798326,-0.8828162337175963,1.1425205862492085,0.1177142948927768,0.03455021005991044,0.6233852166075523,0.9841231756854657,0
-0.46546902347764374,0.9009088760241706,-0.502969299721533,0.4591070935060256,-0.5733475201700994,-1.177851894974348,-0.7257958293968509,1.4316811360790147,-1.267695963527352,-1.0289971665491795,-0.4814607612315388,-0.17029607721832604,-1.0161329645585022,0
0.0428782422044723,0.9009088760241706,1.5251962127575889,2.53994225085017,0.10257878806523006,-1.177851894974348,1.3328646151483206,1.4316811360790147,1.5050601229844014,-0.7996548742607882,-0.22345527558581418,1.6154868338899002,0.9841231756854657,0
-0.8043672005990544,0.9009088760241706,1.5251962127575889,-0.6795548614948662,-0.911310674287764,0.9048055324001227,-0.7257958293968509,-0.8828162337175963,-1.4187541038336824,0.003043148748581378,-0.7394662468772634,-3.126758896719723,0.9841231756854657,0
-0.634918112038349,-1.1099901739376037,-0.502969299721533,0.023790225879613217,-0.7423290972289317,-1.177851894974348,1.0161476236798326,1.4316811360790147,0.5651428055227898,0.6910700256137552,-0.7394662468772634,-1.8370267942526706,0.9841231756854657,0
1.0595727735687044,-1.1099901739376037,0.8491410419312149,-0.4461277394057677,0.9474866733593919,0.9048055324001227,-1.2008713165995828,1.4316811360790147,1.253296555807184,-1.143668312693375,1.3245776382885335,0.4844909901880236,-1.0161329645585022,0
1.398470950690115,-1.1099901739376037,-0.502969299721533,0.935120916252092,0.9474866733593919,-1.177851894974348,2.4413740852880284,1.4316811360790147,0.7329851836409347,0.4617277333253637,2.098594095225707,0.40512286080543575,0.9841231756854657,0
-0.12657084635623306,0.9009088760241706,-0.502969299721533,-0.7766463943142816,-0.7423290972289317,0.21058638994196582,-0.7623766419114614,0.853056793629862,1.0048898361923295,0.23238544103697253,0.29255569570563505,0.9011736694466097,-1.0161329645585022,0
0.21232733076517762,-1.1099901739376037,0.8491410419312149,-0.5805524510776713,0.10257878806523006,0.9048055324001227,-0.4090788379283631,0.2744324511807092,0.5416448725862495,0.23238544103697253,0.8085666669970842,-0.03140185079879733,0.9841231756854657,0
0.21232733076517762,0.9009088760241706,1.5251962127575889,1.1283090621499299,-0.5733475201700994,-1.177851894974348,0.06599664927436881,1.4316811360790147,-1.7510820125076092,-0.7996548742607882,1.066572152642809,1.1194360252487263,0.9841231756854657,0
-0.12657084635623306,-1.1099901739376037,-1.179024470547907,-0.021833950814480932,-0.06640278899360229,0.9048055324001227,-0.8841543251310949,0.853056793629862,-1.365044542835876,-1.0289971665491795,-0.22345527558581418,0.7622794430270811,0.9841231756854657,0
-0.12657084635623306,0.9009088760241706,1.5251962127575889,-0.5111133701071168,-0.5733475201700994,0.9048055324001227,-1.042512820865339,-1.461440576166749,0.15896425047687956,-0.9143260204049839,0.8085666669970842,0.8813316371009629,0.9841231756854657,0
-0.12657084635623306,-1.1099901739376037,0.8491410419312149,-0.48917775867475377,0.2715603651240624,0.9048055324001227,0.001069666023328783,1.4316811360790147,0.984748750818152,0.6910700256137552,-0.22345527558581418,-1.5790803737592602,0.9841231756854657,0
0.38177641932588297,0.9009088760241706,-0.502969299721533,0.36151020462769334,-0.06640278899360229,-1.177851894974348,0.8577891279455886,0.2744324511807092,-0.4419114631860794,0.1177142948927768,0.8085666669970842,0.4448069254967297,-1.0161329645585022,0
0.0428782422044723,-1.1099901739376037,-1.179024470547907,-0.336181211837653,0.10257878806523006,0.9048055324001227,-0.8841543251310949,0.853056793629862,-0.21028898138303903,-0.7996548742607882,0.8085666669970842,0.18686050500331922,-1.0161329645585022,0
-0.46546902347764374,-1.1099901739376037,0.8491410419312149,-0.2971424562863201,-0.5733475201700994,-1.177851894974348,-0.5040939353689095,1.4316811360790147,-0.901799579229796,-0.45564143582820127,-0.4814607612315388,-0.44808453005738347,-1.0161329645585022,0
0.5512255078865883,-1.1099901739376037,-1.179024470547907,0.36248933199184485,0.2715603651240624,-1.177851894974348,-0.9278612699537463,0.853056793629862,-1.4825342075185775,-1.143668312693375,0.03455021005991044,1.1591200899400202,-1.0161329645585022,0
-0.12657084635623306,0.9009088760241706,-0.502969299721533,0.64937364968825,-0.06640278899360229,-1.177851894974348,0.38271364074285674,-0.3041918912684436,-0.9353680548534249,-0.45564143582820127,-0.4814607612315388,-0.09092794783573821,0.9841231756854657,0
0.5512255078865883,0.9009088760241706,-1.179024470547907,-0.009894913922568443,0.4405419421828948,0.9048055324001227,-0.2507203421941191,0.853056793629862,-0.885015341417982,-0.45564143582820127,-0.22345527558581418,0.008282213892496587,-1.0161329645585022,0
1.398470950690115,-1.1099901739376037,0.8491410419312149,2.542690124420531,1.2854498274770565,-1.177851894974348,2.4413740852880284,-0.3041918912684436,-0.33449234119046656,-0.45564143582820127,0.8085666669970842,-0.20998014190961997,-1.0161329645585022,0
-0.12657084635623306,-1.1099901739376037,-0.502969299721533,-0.6729220632215815,-0.5733475201700994,0.9048055324001227,-0.09125333698973545,0.2744324511807092,-1.2374843354660858,1.1497546101905376,-0.22345527558581418,0.46464895784237664,-1.0161329645585022,0
0.890123685007999,0.9009088760241706,0.8491410419312149,1.309842433938996,0.7785050963005594,-1.177851894974348,0.8577891279455886,-0.8828162337175963,0.8739727812601764,-0.570312581972397,0.8085666669970842,0.008282213892496587,0.9841231756854657,0
0.7206745964472937,-1.1099901739376037,-0.502969299721533,0.6917761815067487,0.2715603651240624,0.9048055324001227,1.3328646151483206,0.2744324511807092,0.024690347982363543,0.1177142948927768,1.066572152642809,-1.5989224061049072,0.9841231756854657,0
-0.2960199349169384,-1.1099901739376037,0.8491410419312149,0.2714462795025916,-0.7423290972289317,0.9048055324001227,-0.09236184645987515,-0.8828162337175963,-0.08944246913797492,-0.570312581972397,-0.997471732522988,0.028124246238143545,-1.0161329645585022,0
-0.634918112038349,-1.1099901739376037,-0.502969299721533,-0.603072380453157,-0.5733475201700994,-1.177851894974348,-1.121692068732461,0.853056793629862,-1.2106295549671826,-0.9143260204049839,-0.7394662468772634,0.6829113136444932,0.9841231756854657,0
-0.12657084635623306,0.9009088760241706,-0.502969299721533,-0.3242421749457405,0.4405419421828948,0.9048055324001227,0.06599664927436881,-0.8828162337175963,1.5587696839822078,0.3470565871811683,0.8085666669970842,1.258330251668255,0.9841231756854657,0
0.21232733076517762,0.9009088760241706,1.5251962127575889,0.07058303845995277,0.2715603651240624,0.9048055324001227,-0.7257958293968509,0.853056793629862,0.10189784191671032,-0.9143260204049839,0.29255569570563505,-0.011559818453150373,0.9841231756854657,0
1.0595727735687044,-1.1099901739376037,-0.502969299721533,-0.5324646635963571,0.9474866733593919,-1.177851894974348,0.7634074644879792,0.853056793629862,0.427512055465911,1.952452633199907,0.03455021005991044,-0.5869787564769122,-1.0161329645585022,0
0.0428782422044723,-1.1099901739376037,1.5251962127575889,0.3620629378171337,-0.23538436605243465,0.9048055324001227,0.06599664927436881,-0.8828162337175963,1.1290931959997565,-0.45564143582820127,0.5505611813513597,1.1392780575943733,-1.0161329645585022,0
-0.2960199349169384,-1.1099901739376037,-1.179024470547907,0.8921024817367883,-0.404365943111267,-1.177851894974348,-1.0155918765905174,-0.8828162337175963,0.001192415045823164,-1.3730106049817663,-0.7394662468772634,-1.4401861473397315,0.9841231756854657,0
1.2290218621294098,-1.1099901739376037,1.5251962127575889,-0.5873905502498911,1.4544314045358888,0.9048055324001227,-0.2507203421941191,0.2744324511807092,0.4677942262142661,0.5763988794695595,0.03455021005991044,0.12733440796637835,0.9841231756854657,0
1.398470950690115,0.9009088760241706,-0.502969299721533,-0.6052833132109185,0.9474866733593919,0.9048055324001227,0.06599664927436881,0.2744324511807092,-1.5228163782669324,1.1497546101905376,0.5505611813513597,1.0003838311748445,-1.0161329645585022,0
-0.46546902347764374,-1.1099901739376037,0.8491410419312149,-0.507244237781034,-0.911310674287764,0.9048055324001227,0.06599664927436881,-1.461440576166749,-0.0860856215756121,0.8057411717579506,-0.7394662468772634,-1.12271362980938,0.9841231756854657,0
-0.2960199349169384,0.9009088760241706,-1.179024470547907,0.11434371468679073,0.10257878806523006,-1.177851894974348,0.19268344586176397,-1.461440576166749,-1.3583308477111502,-0.2262991435398101,0.03455021005991044,0.14717644031202531,0.9841231756854657,0
-0.634918112038349,0.9009088760241706,0.8491410419312149,-0.6142691756335352,-0.7423290972289317,0.9048055324001227,0.06599664927436881,0.2744324511807092,0.01797665285763789,1.1497546101905376,-0.4814607612315388,-0.36871640067479566,-1.0161329645585022,0
-0.12657084635623306,-1.1099901739376037,0.8491410419312149,0.3277776876949882,0.2715603651240624,0.9048055324001227,0.38271364074285674,-1.461440576166749,-0.388201902188273,-0.2262991435398101,0.03455021005991044,0.782121475372728,0.9841231756854657,0
-0.46546902347764374,-1.1099901739376037,-1.179024470547907,-0.8310353401552162,-0.911310674287764,0.9048055324001227,-0.7012502625580431,-0.8828162337175963,1.092167872813765,0.5763988794695595,0.03455021005991044,-0.38855843302044263,-1.0161329645585022,0
0.21232733076517762,0.9009088760241706,-0.502969299721533,0.2193946054341477,0.2715603651240624,-1.177851894974348,-1.356696076402079,-0.8828162337175963,-1.1904884695930054,-1.487681751125962,0.8085666669970842,0.7622794430270811,0.9841231756854657,0
-0.634918112038349,0.9009088760241706,-0.502969299721533,-0.19081238301482964,-0.911310674287764,-1.177851894974348,-0.2507203421941191,0.2744324511807092,-0.3647039692517326,-0.2262991435398101,-0.7394662468772634,1.0400678958661385,-1.0161329645585022,0
0.38177641932588297,0.9009088760241706,-1.179024470547907,0.17792382384927707,-0.23538436605243465,0.9048055324001227,0.494514738731233,0.2744324511807092,1.3170766594920789,0.003043148748581378,0.03455021005991044,-0.686188918205147,0.9841231756854657,0
-0.46546902347764374,-1.1099901739376037,0.8491410419312149,-0.08222399985505416,-0.23538436605243465,-1.177851894974348,0.5410721364771007,1.4316811360790147,-0.3512765790022807,0.3470565871811683,-0.4814607612315388,-0.686188918205147,0.9841231756854657,0
0.0428782422044723,-1.1099901739376037,-0.502969299721533,0.1760287386283386,-0.06640278899360229,-1.177851894974348,-0.8524826259842462,-0.8828162337175963,-0.9487954451028768,-1.0289971665491795,0.8085666669970842,1.4765926074703717,-1.0161329645585022,0
-0.46546902347764374,-1.1099901739376037,-1.179024470547907,-0.18849090361918,-0.23538436605243465,-1.177851894974348,-1.0312693676682076,0.853056793629862,-0.31435125581628903,-1.0289971665491795,-0.22345527558581418,0.06780831092943747,-1.0161329645585022,0
-0.8043672005990544,-1.1099901739376037,0.8491410419312149,-0.2018038772962729,-0.911310674287764,0.9048055324001227,0.617876006908209,0.2744324511807092,-0.4721230912473454,0.6910700256137552,-0.4814607612315388,0.008282213892496587,-1.0161329645585022,0
-0.8043672005990544,0.9009088760241706,0.8491410419312149,-0.10870781581766956,-0.911310674287764,0.9048055324001227,0.38271364074285674,-1.461440576166749,0.5382880250238866,0.23238544103697253,-0.7394662468772634,0.782121475372728,0.9841231756854657,0
-0.634918112038349,-1.1099901739376037,-0.502969299721533,0.4615391195395633,-0.404365943111267,-1.177851894974348,0.8577891279455886,0.2744324511807092,-0.8380194755449012,0.003043148748581378,-0.4814607612315388,1.0202258635204915,-1.0161329645585022,0
-0.12657084635623306,-1.1099901739376037,-0.502969299721533,-0.5184410329614123,-0.7423290972289317,0.9048055324001227,-0.7257958293968509,0.2744324511807092,-0.7373140486740141,-0.34097028968400567,0.5505611813513597,-0.11076998018138517,0.9841231756854657,0
0.21232733076517762,-1.1099901739376037,1.5251962127575889,1.0265903629160564,0.2715603651240624,-1.177851894974348,1.6495816066168083,0.853056793629862,0.9075412568838058,0.003043148748581378,0.03455021005991044,0.4249648931510827,0.9841231756854657,0
0.38177641932588297,-1.1099901739376037,-0.502969299721533,0.07991633317307484,-0.06640278899360229,-1.177851894974348,-0.4090788379283631,-0.8828162337175963,-0.707102420612748,-0.6849837281165926,0.8085666669970842,0.32575473142284794,0.9841231756854657,0
-0.12657084635623306,-1.1099901739376037,-0.502969299721533,-0.6511759603113124,0.10257878806523006,-1.177851894974348,0.8577891279455886,-0.8828162337175963,-1.4120404087089566,2.869821802353472,-0.22345527558581418,-0.8052411122790287,0.9841231756854657,0
-0.12657084635623306,-1.1099901739376037,1.5251962127575889,-0.8466697932279588,-0.7423290972289317,0.9048055324001227,-1.2222497135237058,0.2744324511807092,0.18581903097578276,-0.7996548742607882,-0.4814607612315388,-1.182239726846321,0.9841231756854657,0
-0.2960199349169384,-1.1099901739376037,-1.179024470547907,-0.37596220910052014,-0.404365943111267,0.9048055324001227,-0.6136780144170063,0.853056793629862,-0.0995130118250634,-0.45564143582820127,-0.22345527558581418,0.305912699077201,0.9841231756854657,0
0.5512255078865883,-1.1099901739376037,-0.502969299721533,0.17882398932922286,-0.404365943111267,-1.177851894974348,-1.042512820865339,-0.3041918912684436,-0.8682311036061672,-1.2583394588375707,0.03455021005991044,0.12733440796637835,-1.0161329645585022,0
-0.634918112038349,0.9009088760241706,-1.179024470547907,-0.13868174706218,-0.911310674287764,0.9048055324001227,-0.2507203421941191,0.853056793629862,0.20260326878759688,-0.34097028968400567,-0.4814607612315388,-0.9441353386985575,-1.0161329645585022,0
2.0762673049329363,-1.1099901739376037,0.8491410419312149,-0.8466697932279588,1.9613761357123858,0.9048055324001227,-0.6565931667609863,1.4316811360790147,-1.7007292990721656,0.8057411717579506,1.8405886095799828,1.5758027691986063,-1.0161329645585022,0
2.2457163934936415,0.9009088760241706,-1.179024470547907,0.6117246232989386,2.130357712771218,-1.177851894974348,-0.7257958293968509,-0.3041918912684436,0.15560740291451672,-1.143668312693375,2.872610552162881,0.4448069254967297,-1.0161329645585022,0
-0.12657084635623306,-1.1099901739376037,0.8491410419312149,1.029306651732735,-0.404365943111267,-1.177851894974348,1.6495816066168083,-0.8828162337175963,0.24959913466067765,0.003043148748581378,-0.22345527558581418,-1.5989224061049072,0.9841231756854657,0
0.7206745964472937,-1.1099901739376037,-0.502969299721533,-0.46455744317939457,1.2854498274770565,0.9048055324001227,-0.4816070289746468,-1.461440576166749,-1.2106295549671826,-0.11162799739561437,0.5505611813513597,0.9805417988291976,-1.0161329645585022,0
-0.46546902347764374,-1.1099901739376037,1.5251962127575889,-0.3527947922745471,-0.7423290972289317,-1.177851894974348,0.38271364074285674,0.2744324511807092,-0.09279931670033775,0.8057411717579506,-0.7394662468772634,-0.190138109563973,0.9841231756854657,0
-0.2960199349169384,0.9009088760241706,0.8491410419312149,0.17247545383907892,-0.7423290972289317,-1.177851894974348,0.9162234128715246,1.4316811360790147,-1.5060321404551178,0.3470565871811683,-0.4814607612315388,0.18686050500331922,0.9841231756854657,0
1.398470950690115,0.9009088760241706,-0.502969299721533,0.26378697673463186,0.7785050963005594,-1.177851894974348,0.06599664927436881,1.4316811360790147,-1.2274137927789974,-0.45564143582820127,1.3245776382885335,0.4249648931510827,-1.0161329645585022,0
-0.12657084635623306,0.9009088760241706,-1.179024470547907,0.6225739861888115,-0.404365943111267,-1.177851894974348,0.08119906486485623,-0.3041918912684436,-0.5929696034924096,-0.6849837281165926,-0.22345527558581418,0.26622863438590705,-1.0161329645585022,0
-0.2960199349169384,0.9009088760241706,0.8491410419312149,-0.6715007493058777,-0.404365943111267,0.9048055324001227,-0.7257958293968509,0.853056793629862,0.001192415045823164,-0.11162799739561437,-0.4814607612315388,1.0400678958661385,0.9841231756854657,0
-0.634918112038349,-1.1099901739376037,-1.179024470547907,-0.2984216388104536,-0.911310674287764,0.9048055324001227,-0.3298995900612411,0.853056793629862,-0.48555048149679675,-0.2262991435398101,-0.4814607612315388,-0.5076106270943244,0.9841231756854657,0
-0.12657084635623306,-1.1099901739376037,1.5251962127575889,0.27015130460161696,-0.06640278899360229,0.9048055324001227,-0.2507203421941191,0.853056793629862,0.739698878765661,-0.6849837281165926,-0.4814607612315388,0.40512286080543575,0.9841231756854657,0
-0.46546902347764374,0.9009088760241706,-1.179024470547907,-0.8464644923290238,-0.911310674287764,0.9048055324001227,-0.7257958293968509,0.853056793629862,-0.9420817499781512,0.5763988794695595,-0.7394662468772634,-0.8449251769703227,0.9841231756854657,0
-0.634918112038349,0.9009088760241706,0.8491410419312149,-0.01984411133249552,-0.7423290972289317,0.9048055324001227,-0.7257958293968509,0.853056793629862,-0.09279931670033775,-0.9143260204049839,-0.7394662468772634,0.08765034327508442,0.9841231756854657,0
-0.634918112038349,0.9009088760241706,0.8491410419312149,0.1185918640570612,-0.911310674287764,0.9048055324001227,-1.042512820865339,0.853056793629862,0.3268066285950244,-1.2583394588375707,-0.7394662468772634,-0.5274526594399713,0.9841231756854657,0
-0.634918112038349,0.9009088760241706,0.8491410419312149,-0.06739495800121047,-0.911310674287764,-1.177851894974348,0.06599664927436881,0.2744324511807092,-0.07937192645088645,-0.11162799739561437,-0.997471732522988,0.16701847265767225,-1.0161329645585022,0
1.398470950690115,0.9009088760241706,0.8491410419312149,0.2718568813004616,1.6234129815947211,-1.177851894974348,1.1745061194140765,1.4316811360790147,0.11868207972852446,0.4617277333253637,1.582583123934258,0.821805540064022,-1.0161329645585022,0
-0.634918112038349,0.9009088760241706,1.5251962127575889,-0.1088973243397634,-0.23538436605243465,-1.177851894974348,-0.8841543251310949,-0.8828162337175963,-0.6164675364289499,-1.0289971665491795,-0.7394662468772634,1.337698381050843,-1.0161329645585022,0
-0.12657084635623306,-1.1099901739376037,1.5251962127575889,2.830158760060059,0.10257878806523006,-1.177851894974348,0.47471992676445246,-0.8828162337175963,-0.522475804682789,-1.0289971665491795,-0.4814607612315388,0.08765034327508442,0.9841231756854657,0
0.0428782422044723,-1.1099901739376037,-1.179024470547907,-0.015201152541196217,0.4405419421828948,-1.177851894974348,-0.5645868807393907,1.4316811360790147,-1.5765259392647386,-0.6849837281165926,1.066572152642809,-0.011559818453150373,0.9841231756854657,0
0.890123685007999,-1.1099901739376037,-1.179024470547907,-0.031056698889714917,0.9474866733593919,0.9048055324001227,-1.042512820865339,-0.8828162337175963,-0.5594011278687807,-1.143668312693375,0.8085666669970842,-0.5869787564769122,0.9841231756854657,0
2.0762673049329363,0.9009088760241706,0.8491410419312149,-0.35666392460062984,1.7923945586535535,0.9048055324001227,-1.0741845200121878,0.2744324511807092,-0.7574551340481915,-1.0289971665491795,1.066572152642809,0.9011736694466097,-1.0161329645585022,0
-0.2960199349169384,0.9009088760241706,-1.179024470547907,-0.531738214261664,-0.23538436605243465,0.9048055324001227,0.06599664927436881,1.4316811360790147,1.256653403369547,0.9204123179021463,-0.7394662468772634,-2.8092863791893716,0.9841231756854657,0
0.0428782422044723,0.9009088760241706,-1.179024470547907,-0.29591065089271007,0.4405419421828948,0.9048055324001227,-0.1764502076947587,1.4316811360790147,0.48457846402608024,0.003043148748581378,0.5505611813513597,0.46464895784237664,0.9841231756854657,0
-0.9738162891597597,-1.1099901739376037,-0.502969299721533,0.11796016898341502,-0.911310674287764,-1.177851894974348,-0.7257958293968509,-0.8828162337175963,0.051545128481266744,-0.9143260204049839,-0.7394662468772634,-2.49181386165902,0.9841231756854657,0
0.38177641932588297,-1.1099901739376037,1.5251962127575889,-0.11598810154144158,0.6095235192417271,0.9048055324001227,0.06599664927436881,0.853056793629862,-1.6067375673260047,0.003043148748581378,0.29255569570563505,0.20670253734896618,-1.0161329645585022,0
0.21232733076517762,-1.1099901739376037,-0.502969299721533,1.7828714974620845,0.4405419421828948,-1.177851894974348,0.06599664927436881,-0.3041918912684436,0.3503045615315648,-1.0289971665491795,0.5505611813513597,0.0479662785837905,-1.0161329645585022,0
-0.46546902347764374,-1.1099901739376037,1.5251962127575889,0.6477628272504523,-0.7423290972289317,-1.177851894974348,0.8577891279455886,0.2744324511807092,0.014619805295275064,-0.2262991435398101,-0.7394662468772634,-0.17029607721832604,-1.0161329645585022,0
0.21232733076517762,0.9009088760241706,-0.502969299721533,-0.5235735554347873,-0.06640278899360229,0.21058638994196582,0.06599664927436881,-0.8828162337175963,0.06161567116835522,0.8057411717579506,0.5505611813513597,-0.5274526594399713,0.9841231756854657,0
-0.8043672005990544,0.9009088760241706,-1.179024470547907,1.0139564614431331,-0.911310674287764,-1.177851894974348,0.38271364074285674,-0.8828162337175963,-0.8682311036061672,-0.6849837281165926,-0.4814607612315388,-1.142555662155027,0.9841231756854657,0
-0.46546902347764374,0.9009088760241706,-0.502969299721533,-0.4109897009341999,-0.5733475201700994,0.9048055324001227,0.06599664927436881,0.853056793629862,0.622209214082959,0.5763988794695595,-0.7394662468772634,-0.7258729828964409,0.9841231756854657,0
-0.9738162891597597,0.9009088760241706,0.8491410419312149,-0.4621254171458568,-0.911310674287764,-1.177851894974348,2.2301238519785467,1.4316811360790147,-0.04916029838962042,3.7871909715070364,-0.7394662468772634,-0.9838194033898514,0.9841231756854657,0
-0.634918112038349,-1.1099901739376037,-1.179024470547907,-0.2036515853866879,-0.911310674287764,-1.177851894974348,0.8577891279455886,-0.8828162337175963,-0.47547993880970824,0.9204123179021463,-0.4814607612315388,-0.5472946917856183,0.9841231756854657,0
0.5512255078865883,-1.1099901739376037,0.8491410419312149,-0.3758674548394732,1.1164682504182242,0.9048055324001227,-0.09236184645987515,0.853056793629862,-1.23077064034136,0.23238544103697253,0.03455021005991044,1.1591200899400202,-1.0161329645585022,0
0.21232733076517762,0.9009088760241706,-1.179024470547907,0.2157939435143646,-0.06640278899360229,-1.177851894974348,-1.1573227302726659,-1.461440576166749,-0.2874964753173858,-1.3730106049817663,1.066572152642809,-0.5869787564769122,0.9841231756854657,0
0.5512255078865883,0.9009088760241706,-0.502969299721533,0.5880044732835252,0.4405419421828948,-1.177851894974348,0.38271364074285674,1.4316811360790147,-0.8480900182319897,-0.45564143582820127,0.29255569570563505,-0.9044512740072636,0.9841231756854657,0
0.890123685007999,-1.1099901739376037,1.5251962127575889,0.552013646462535,1.1164682504182242,-1.177851894974348,-0.3325916844887232,-1.461440576166749,-0.5526874327440551,-0.7996548742607882,1.582583123934258,0.9805417988291976,-1.0161329645585022,0
-0.8043672005990544,-1.1099901739376037,0.8491410419312149,-0.10867623106398724,-0.7423290972289317,0.9048055324001227,0.034324950127520015,0.853056793629862,0.4510099884024514,-0.11162799739561437,-0.7394662468772634,-0.32903233598350173,0.9841231756854657,0
0.38177641932588297,-1.1099901739376037,-0.502969299721533,-0.7620068609825318,0.4405419421828948,0.21058638994196582,0.6352954414389759,1.4316811360790147,0.4107278176540969,3.328506386930255,0.8085666669970842,-3.3251792201761927,0.9841231756854657,0
-0.46546902347764374,-1.1099901739376037,0.8491410419312149,-0.2021039324562548,-0.404365943111267,-1.177851894974348,0.06599664927436881,-0.8828162337175963,-0.6936750303632967,0.1177142948927768,-0.7394662468772634,-0.2893482712922078,0.9841231756854657,0
-0.46546902347764374,-1.1099901739376037,-1.179024470547907,1.4045493178553972,-0.5733475201700994,0.9048055324001227,1.6495816066168083,-0.8828162337175963,-1.4993184453303918,-0.2262991435398101,-0.4814607612315388,0.6432272489531993,-1.0161329645585022,0
-0.12657084635623306,0.9009088760241706,-1.179024470547907,0.457101461647199,-0.5733475201700994,-1.177851894974348,-0.8841543251310949,-1.461440576166749,-0.48555048149679675,-1.143668312693375,0.29255569570563505,-1.4401861473397315,0.9841231756854657,0
0.7206745964472937,0.9009088760241706,-0.502969299721533,-0.17334601422851323,-0.06640278899360229,0.21058638994196582,0.3830303577343252,0.853056793629862,1.3103629643673533,0.3470565871811683,0.03455021005991044,-0.6266628211682062,0.9841231756854657,0
-0.8043672005990544,-1.1099901739376037,1.5251962127575889,-0.3146246174494777,-0.911310674287764,0.9048055324001227,0.6994306322113446,0.853056793629862,-0.33449234119046656,1.035083464046342,-0.7394662468772634,0.5638591195706114,0.9841231756854657,0
1.398470950690115,-1.1099901739376037,1.5251962127575889,-0.4948156372070458,1.6234129815947211,0.9048055324001227,0.06599664927436881,-1.461440576166749,-1.036073481724312,0.8057411717579506,0.8085666669970842,-0.38855843302044263,0.9841231756854657,0
0.38177641932588297,0.9009088760241706,1.5251962127575889,-0.1750357985505167,0.9474866733593919,-1.177851894974348,0.38271364074285674,1.4316811360790147,-0.8212352377330865,0.3470565871811683,0.8085666669970842,-1.12271362980938,-1.0161329645585022,0
0.5512255078865883,0.9009088760241706,-0.502969299721533,-0.6676158246029538,0.10257878806523006,0.9048055324001227,-1.1589063152300083,-1.461440576166749,-0.002164432516539662,-0.9143260204049839,0.29255569570563505,-0.011559818453150373,0.9841231756854657,0
0.21232733076517762,0.9009088760241706,1.5251962127575889,1.480384311446619,0.2715603651240624,-1.177851894974348,1.7251186090820427,-1.461440576166749,0.5651428055227898,-0.2262991435398101,0.5505611813513597,0.26622863438590705,0.9841231756854657,0
-0.46546902347764374,-1.1099901739376037,-0.502969299721533,-0.5592959118494779,-0.5733475201700994,0.9048055324001227,-1.327558113186978,0.2744324511807092,-0.38148820706354736,-1.2583394588375707,-0.4814607612315388,-1.7378166325244357,0.9841231756854657,0
1.2290218621294098,-1.1099901739376037,-1.179024470547907,2.5385683140649897,1.2854498274770565,-1.177851894974348,0.7168500667421115,0.853056793629862,-0.8447331706696268,-0.9143260204049839,1.8405886095799828,0.0479662785837905,-1.0161329645585022,0
-0.634918112038349,0.9009088760241706,1.5251962127575889,1.0276958292949372,-0.23538436605243465,-1.177851894974348,-0.5674373336626071,-0.8828162337175963,-0.35799027412700696,-1.143668312693375,-0.7394662468772634,0.10749237562073138,0.9841231756854657,0
-0.634918112038349,-1.1099901739376037,0.8491410419312149,-0.219854564025712,-0.7423290972289317,-1.177851894974348,-1.042512820865339,1.4316811360790147,-0.4284840729366275,-1.0289971665491795,-0.7394662468772634,-0.051243883144444294,0.9841231756854657,0
-0.2960199349169384,0.9009088760241706,-0.502969299721533,-0.5741249537033216,-0.7423290972289317,0.9048055324001227,0.028307327289618746,1.4316811360790147,-1.1166378232210217,0.9204123179021463,0.29255569570563505,0.9210157017922567,0.9841231756854657,0
1.2290218621294098,0.9009088760241706,-1.179024470547907,0.6780052289012624,0.9474866733593919,-1.177851894974348,-0.8228695872819426,-0.8828162337175963,-0.676890792551482,-1.143668312693375,0.29255569570563505,-1.0433455004267922,0.9841231756854657,0
-0.634918112038349,-1.1099901739376037,0.8491410419312149,0.6452202545790264,-0.404365943111267,-1.177851894974348,0.09719327293401486,-0.8828162337175963,0.665848232393677,-0.6849837281165926,-0.4814607612315388,1.238488219322608,0.9841231756854657,0
-0.8043672005990544,0.9009088760241706,-0.502969299721533,-0.2671843174186508,-0.911310674287764,-1.177851894974348,-0.8659430981216569,-0.8828162337175963,-0.23714376188194225,-0.7996548742607882,-0.7394662468772634,1.0797519605574324,0.9841231756854657,0
0.21232733076517762,0.9009088760241706,-0.502969299721533,-0.19847168578278937,-0.06640278899360229,0.21058638994196582,-1.327558113186978,0.853056793629862,-0.34120603631519225,-1.3730106049817663,0.8085666669970842,0.821805540064022,0.9841231756854657,0
0.5512255078865883,-1.1099901739376037,0.8491410419312149,-0.005094031362857602,0.4405419421828948,0.9048055324001227,-0.2507203421941191,0.853056793629862,-1.2106295549671826,-0.45564143582820127,0.03455021005991044,-1.0235034680811452,0.9841231756854657,0
-0.2960199349169384,0.9009088760241706,0.8491410419312149,-0.29829529979572433,-0.5733475201700994,-1.177851894974348,-0.7257958293968509,-0.8828162337175963,-0.6567497071773044,-0.6849837281165926,-0.7394662468772634,-0.13061201252703214,0.9841231756854657,0
-0.46546902347764374,-1.1099901739376037,-1.179024470547907,0.21078776005571873,-0.404365943111267,-1.177851894974348,1.954421710905228,-0.8828162337175963,-0.2975670180044749,1.1497546101905376,-0.22345527558581418,-0.15045404487267908,0.9841231756854657,0
0.5512255078865883,-1.1099901739376037,1.5251962127575889,-0.05801428615756494,0.10257878806523006,0.9048055324001227,-1.0117912726928955,-0.3041918912684436,0.03140404310708919,-1.143668312693375,0.5505611813513597,0.6035431842619053,-1.0161329645585022,0
1.2290218621294098,0.9009088760241706,-0.502969299721533,0.20424971604348094,1.6234129815947211,0.9048055324001227,1.6495816066168083,-1.461440576166749,0.6557776897065886,0.9204123179021463,1.3245776382885335,0.6035431842619053,-1.0161329645585022,0
0.0428782422044723,0.9009088760241706,-0.502969299721533,0.8758995030977642,0.10257878806523006,-1.177851894974348,0.8577891279455886,-0.8828162337175963,0.5147900920873463,-0.34097028968400567,0.5505611813513597,0.6233852166075523,-1.0161329645585022,0
-0.8043672005990544,0.9009088760241706,0.8491410419312149,-0.10941847277552148,-0.5733475201700994,0.9048055324001227,-0.4090788379283631,-0.8828162337175963,-1.428824646520771,-0.45564143582820127,-0.7394662468772634,-0.4282424977117365,0.9841231756854657,0
0.0428782422044723,0.9009088760241706,-0.502969299721533,3.0189250404423733,0.10257878806523006,-1.177851894974348,1.3268469923104191,0.853056793629862,0.24288543953595199,-0.7996548742607882,0.29255569570563505,0.0479662785837905,-1.0161329645585022,0
-0.634918112038349,-1.1099901739376037,1.5251962127575889,-0.20586251814444947,-0.911310674287764,-1.177851894974348,-0.8841543251310949,0.2744324511807092,0.007906110170548816,-0.9143260204049839,-0.7394662468772634,1.0400678958661385,0.9841231756854657,0
-0.12657084635623306,0.9009088760241706,-1.179024470547907,0.6114403605157979,-0.06640278899360229,-1.177851894974348,-0.8895385139860592,-1.461440576166749,-0.603040146179498,-1.2583394588375707,-0.7394662468772634,-0.11076998018138517,-1.0161329645585022,0
-0.12657084635623306,0.9009088760241706,-1.179024470547907,1.0299383468063812,-0.06640278899360229,-1.177851894974348,-0.0038394473444327798,0.2744324511807092,-1.371758237960602,-0.7996548742607882,-0.22345527558581418,-1.3409759856114967,0.9841231756854657,0
-0.12657084635623306,-1.1099901739376037,-0.502969299721533,-0.30361733079119324,-0.06640278899360229,-1.177851894974348,-0.2507203421941191,1.4316811360790147,-1.428824646520771,-0.11162799739561437,-0.22345527558581418,1.35754041339649,-1.0161329645585022,0
-0.634918112038349,0.9009088760241706,-0.502969299721533,1.0254217270298112,-0.5733475201700994,-1.177851894974348,1.6495816066168083,-0.3041918912684436,0.23281489684886292,0.003043148748581378,-0.4814607612315388,-0.5671367241312653,0.9841231756854657,0
-0.2960199349169384,-1.1099901739376037,-1.179024470547907,0.07798966319845403,-0.404365943111267,-1.177851894974348,0.6994306322113446,1.4316811360790147,-1.82157581131723,0.3470565871811683,-0.7394662468772634,-0.09092794783573821,-1.0161329645585022,0
-0.46546902347764374,-1.1099901739376037,0.8491410419312149,-0.3487361514263705,-0.911310674287764,0.9048055324001227,-0.5674373336626071,0.853056793629862,0.19924642122523406,-0.45564143582820127,-0.4814607612315388,-0.8647672093159696,0.9841231756854657,0
-0.2960199349169384,0.9009088760241706,-1.179024470547907,1.1148539570812666,-0.5733475201700994,-1.177851894974348,0.06599664927436881,1.4316811360790147,-0.0860856215756121,-0.7996548742607882,-0.22345527558581418,-0.7457150152420878,0.9841231756854657,0
-0.12657084635623306,-1.1099901739376037,1.5251962127575889,-0.5999139050849263,-0.06640278899360229,0.9048055324001227,-0.09236184645987515,0.853056793629862,0.36708879934337896,0.8057411717579506,0.29255569570563505,1.0202258635204915,-1.0161329645585022,0
0.21232733076517762,0.9009088760241706,1.5251962127575889,-0.2590986204759799,-0.23538436605243465,0.9048055324001227,0.06599664927436881,0.853056793629862,-1.2509117257155373,0.23238544103697253,0.5505611813513597,0.18686050500331922,-1.0161329645585022,0
-0.2960199349169384,0.9009088760241706,0.8491410419312149,-0.7951550599721141,-0.23538436605243465,0.9048055324001227,-0.7257958293968509,-1.461440576166749,0.531574329899161,0.3470565871811683,-0.4814607612315388,0.6829113136444932,0.9841231756854657,0
-0.8043672005990544,-1.1099901739376037,-1.179024470547907,0.12129236049689854,-0.5733475201700994,0.9048055324001227,-0.39593508278242084,0.2744324511807092,-1.3818287806476905,-0.6849837281165926,-0.7394662468772634,0.9805417988291976,0.9841231756854657,0
-0.46546902347764374,-1.1099901739376037,-1.179024470547907,0.7033362013544735,-0.911310674287764,-1.177851894974348,4.024959042630468,1.4316811360790147,-0.5761853656805954,1.6084391947673204,0.29255569570563505,-0.15045404487267908,0.9841231756854657,0
-0.8043672005990544,0.9009088760241706,-1.179024470547907,-0.33275426606312253,-0.5733475201700994,-1.177851894974348,-0.963333572998217,0.2744324511807092,0.13210946997797635,-0.9143260204049839,-0.4814607612315388,-1.5195542767223194,0.9841231756854657,0
-0.8043672005990544,-1.1099901739376037,0.8491410419312149,1.025927083088728,-0.911310674287764,-1.177851894974348,-0.7257958293968509,1.4316811360790147,1.2029438423717405,-1.2583394588375707,-0.7394662468772634,0.6432272489531993,-1.0161329645585022,0
0.890123685007999,-1.1099901739376037,1.5251962127575889,0.7027992605418742,1.1164682504182242,-1.177851894974348,-0.9753688186740195,-1.461440576166749,-1.7175135368839805,-1.2583394588375707,0.5505611813513597,-1.182239726846321,0.9841231756854657,0
-0.2960199349169384,-1.1099901739376037,0.8491410419312149,-0.5768254501431589,-0.404365943111267,0.9048055324001227,0.14565097262869353,0.2744324511807092,-1.1804179269059165,1.1497546101905376,-0.4814607612315388,-1.6981325678331418,-1.0161329645585022,0
1.0595727735687044,0.9009088760241706,0.8491410419312149,0.3418960725909799,1.4544314045358888,-1.177851894974348,-0.09236184645987515,0.2744324511807092,-1.7510820125076092,-0.570312581972397,1.066572152642809,0.40512286080543575,0.9841231756854657,0
-0.2960199349169384,-1.1099901739376037,-0.502969299721533,0.899351182706878,-0.5733475201700994,-1.177851894974348,0.9464698855567653,-0.3041918912684436,-0.11965409719924096,-0.34097028968400567,-0.22345527558581418,-2.075131182400434,0.9841231756854657,0
0.21232733076517762,0.9009088760241706,-1.179024470547907,1.692523309553842,0.2715603651240624,-1.177851894974348,2.323080288974548,0.853056793629862,-0.025662365453080038,-0.11162799739561437,0.03455021005991044,-1.5989224061049072,0.9841231756854657,0
0.0428782422044723,-1.1099901739376037,-1.179024470547907,-0.29808999889678933,0.2715603651240624,0.9048055324001227,0.8577891279455886,0.853056793629862,-0.4821936339344339,1.2644257563347332,0.03455021005991044,0.40512286080543575,0.9841231756854657,0
1.398470950690115,-1.1099901739376037,0.8491410419312149,-0.5748198182843324,1.1164682504182242,0.9048055324001227,-1.1978625051806322,-0.8828162337175963,-0.26399854238084547,-1.0289971665491795,1.582583123934258,0.08765034327508442,-1.0161329645585022,0
0.21232733076517762,0.9009088760241706,0.8491410419312149,-0.5151562185784523,-0.06640278899360229,0.9048055324001227,-0.06211537377463456,1.4316811360790147,1.0820973301266763,0.5763988794695595,-0.7394662468772634,-0.051243883144444294,0.9841231756854657,0
-0.2960199349169384,-1.1099901739376037,-0.502969299721533,-0.7163668919115964,-0.23538436605243465,0.9048055324001227,-0.7626933589029299,0.2744324511807092,0.10189784191671032,0.003043148748581378,-0.22345527558581418,1.337698381050843,0.9841231756854657,0
2.923512747736463,0.9009088760241706,1.5251962127575889,0.3666427271010684,2.2993392898300504,-1.177851894974348,-0.7257958293968509,-0.3041918912684436,-0.8145215426083608,-1.0289971665491795,2.098594095225707,-1.4401861473397315,0.9841231756854657,0
-0.634918112038349,0.9009088760241706,1.5251962127575889,-0.3213521699838093,-0.911310674287764,-1.177851894974348,-1.1462376355712687,0.2744324511807092,-0.9219406646039736,-1.143668312693375,-0.7394662468772634,0.5440170872249644,0.9841231756854657,0
-0.2960199349169384,0.9009088760241706,-1.179024470547907,0.3120642727380399,-0.404365943111267,0.9048055324001227,1.3328646151483206,-0.3041918912684436,-0.24050060944430565,0.4617277333253637,0.29255569570563505,-0.7853990799333818,-1.0161329645585022,0
-0.634918112038349,-1.1099901739376037,0.8491410419312149,0.18002420996915058,-0.404365943111267,-1.177851894974348,-0.4090788379283631,0.2744324511807092,-1.1602768415317393,-0.6849837281165926,-0.7394662468772634,-1.4203441149940845,0.9841231756854657,0
0.890123685007999,0.9009088760241706,-0.502969299721533,-0.5841846977511367,0.9474866733593919,-1.177851894974348,-0.6448746380766524,1.4316811360790147,0.1488937077897905,-0.11162799739561437,0.8085666669970842,-0.15045404487267908,0.9841231756854657,0
2.0762673049329363,0.9009088760241706,-0.502969299721533,0.12002897034960622,2.2993392898300504,-1.177851894974348,0.7825688424718227,-1.461440576166749,-0.9823639207265057,0.3470565871811683,1.8405886095799828,1.0797519605574324,0.9841231756854657,0
-0.2960199349169384,0.9009088760241706,0.8491410419312149,-0.049170555126518654,-0.23538436605243465,-1.177851894974348,-0.8841543251310949,-0.8828162337175963,-0.1397951825734185,-1.0289971665491795,0.5505611813513597,1.1789621222856672,-1.0161329645585022,0
-0.8043672005990544,-1.1099901739376037,1.5251962127575889,0.45364293111898624,-0.404365943111267,-1.177851894974348,1.6495816066168083,0.853056793629862,0.09518414679198407,0.4617277333253637,-0.7394662468772634,0.10749237562073138,-1.0161329645585022,0
0.5512255078865883,0.9009088760241706,0.17308587110484092,0.1700434278055412,0.9474866733593919,-1.177851894974348,-1.121692068732461,1.4316811360790147,0.6557776897065886,-1.2583394588375707,0.03455021005991044,0.801963507718375,-1.0161329645585022,0
-0.634918112038349,-1.1099901739376037,-0.502969299721533,2.544648379148834,-0.06640278899360229,-1.177851894974348,0.38271364074285674,1.4316811360790147,0.8034789824505558,-1.0289971665491795,-0.997471732522988,0.9408577341379036,-1.0161329645585022,0
-0.46546902347764374,0.9009088760241706,1.5251962127575889,0.901909547755145,-0.911310674287764,0.21058638994196582,-1.1039559172102256,1.4316811360790147,0.14218001266506483,-1.3730106049817663,-0.22345527558581418,-0.190138109563973,0.9841231756854657,0
-0.8043672005990544,0.9009088760241706,-1.179024470547907,0.9814715422808792,-0.23538436605243465,-1.177851894974348,0.8577891279455886,0.853056793629862,-1.6705176710108995,-0.34097028968400567,-0.4814607612315388,-0.44808453005738347,0.9841231756854657,0
0.0428782422044723,-1.1099901739376037,-0.502969299721533,0.1732808650579778,-0.06640278899360229,0.9048055324001227,-0.5674373336626071,1.4316811360790147,1.119022653312668,-0.7996548742607882,0.8085666669970842,0.6035431842619053,0.9841231756854657,0
-0.9738162891597597,-1.1099901739376037,-0.502969299721533,-0.06510506335924313,-0.7423290972289317,0.9048055324001227,0.06599664927436881,-0.8828162337175963,-0.25057115213139414,-0.11162799739561437,-0.7394662468772634,0.40512286080543575,0.9841231756854657,0
0.21232733076517762,0.9009088760241706,-0.502969299721533,0.54647052219129,0.10257878806523006,0.9048055324001227,0.38271364074285674,1.4316811360790147,-0.0995130118250634,-0.45564143582820127,-0.22345527558581418,0.20670253734896618,0.9841231756854657,0
-0.634918112038349,-1.1099901739376037,0.8491410419312149,-0.16672900833206966,-0.911310674287764,0.9048055324001227,-0.0016224284041533644,0.853056793629862,-0.49897787174624864,0.003043148748581378,-0.4814607612315388,-1.7378166325244357,0.9841231756854657,0
0.21232733076517762,0.9009088760241706,0.8491410419312149,-0.2986111473325474,-0.06640278899360229,-1.177851894974348,-0.4873079348210796,1.4316811360790147,1.5889813120434737,-0.34097028968400567,0.29255569570563505,-2.23386744116561,0.9841231756854657,0
1.2290218621294098,0.9009088760241706,-0.502969299721533,-0.49756351077740657,0.6095235192417271,-1.177851894974348,-0.5674373336626071,0.2744324511807092,-1.3012644391509811,-0.2262991435398101,0.5505611813513597,1.1194360252487263,0.9841231756854657,0
-0.8043672005990544,-1.1099901739376037,0.8491410419312149,-0.7934336908964283,-0.911310674287764,-1.177851894974348,-1.3126724145879591,1.4316811360790147,-1.56645539657765,-1.143668312693375,-0.4814607612315388,0.6233852166075523,-1.0161329645585022,0
0.38177641932588297,0.9009088760241706,-0.502969299721533,-0.1870064201961115,0.10257878806523006,0.9048055324001227,-0.7574675285436998,0.853056793629862,1.045172006940684,-0.7996548742607882,0.8085666669970842,0.4249648931510827,-1.0161329645585022,0
0.38177641932588297,0.9009088760241706,1.5251962127575889,0.2251430306043278,0.9474866733593919,0.9048055324001227,-0.09236184645987515,1.4316811360790147,0.31673608590793534,-0.45564143582820127,0.29255569570563505,1.35754041339649,0.9841231756854657,0
-0.634918112038349,0.9009088760241706,0.8491410419312149,-0.03871600165767465,-0.911310674287764,-1.177851894974348,-0.4014776301331194,0.2744324511807092,-1.633592347824908,-0.570312581972397,-0.22345527558581418,-0.686188918205147,0.9841231756854657,0
0.38177641932588297,0.9009088760241706,0.8491410419312149,0.1182444317665558,0.6095235192417271,0.9048055324001227,0.7683165778557408,-0.8828162337175963,-0.5828990608053211,0.3470565871811683,0.29255569570563505,0.10749237562073138,0.9841231756854657,0
-0.634918112038349,-1.1099901739376037,-1.179024470547907,-0.7302010140244474,-0.911310674287764,0.9048055324001227,-0.7257958293968509,-0.8828162337175963,0.001192415045823164,0.1177142948927768,-0.4814607612315388,-0.15045404487267908,-1.0161329645585022,0
0.0428782422044723,0.9009088760241706,0.8491410419312149,0.1748285179884109,-0.23538436605243465,0.9048055324001227,1.6495816066168083,-0.3041918912684436,0.34359086640683856,0.9204123179021463,0.5505611813513597,-1.202081759191968,0.9841231756854657,0
-0.2960199349169384,0.9009088760241706,-1.179024470547907,-0.4107844000352649,-0.404365943111267,0.21058638994196582,0.7160582742634403,1.4316811360790147,0.5248606347744353,1.379096902478929,-0.4814607612315388,0.5638591195706114,0.9841231756854657,0
1.2290218621294098,0.9009088760241706,-1.179024470547907,-0.8358993922222917,1.1164682504182242,0.9048055324001227,-1.1850354670261585,0.2744324511807092,-0.7373140486740141,-0.6849837281165926,1.582583123934258,-0.36871640067479566,0.9841231756854657,0
-0.634918112038349,0.9009088760241706,-0.502969299721533,-0.696136857178078,-0.911310674287764,0.9048055324001227,-0.5674373336626071,0.2744324511807092,0.6591345372689513,0.3470565871811683,-0.997471732522988,-0.190138109563973,-1.0161329645585022,0
-0.9738162891597597,0.9009088760241706,0.8491410419312149,-0.8105368350153982,-0.911310674287764,0.9048055324001227,-0.7508164717228616,-0.8828162337175963,0.8437611531989103,0.3470565871811683,-0.4814607612315388,0.5043330225336705,0.9841231756854657,0
-0.46546902347764374,0.9009088760241706,-1.179024470547907,-0.5157405365215749,-0.7423290972289317,0.9048055324001227,-0.6196956372549075,0.853056793629862,-1.5563848538905611,-0.2262991435398101,-0.7394662468772634,-0.3488743683291487,0.9841231756854657,0
1.5679200392508204,-1.1099901739376037,0.8491410419312149,-0.056671934126066845,0.9474866733593919,0.9048055324001227,-0.6412323926747647,-0.3041918912684436,-1.0629282622232152,-0.7996548742607882,1.066572152642809,1.3972244780877838,-1.0161329645585022,0
-0.46546902347764374,-1.1099901739376037,0.8491410419312149,-0.10537562430418604,-0.23538436605243465,-1.177851894974348,-0.8841543251310949,0.853056793629862,0.4778647689013546,-1.0289971665491795,-0.997471732522988,-0.30919030363785477,0.9841231756854657,0
0.7206745964472937,-1.1099901739376037,-1.179024470547907,-0.30229077113653635,0.6095235192417271,0.9048055324001227,-0.9474977234247925,0.2744324511807092,0.2563128297854033,-0.9143260204049839,0.03455021005991044,-2.154499311783022,0.9841231756854657,0
0.21232733076517762,0.9009088760241706,0.8491410419312149,0.1495449226657232,0.2715603651240624,0.9048055324001227,-0.11057307346931321,-0.8828162337175963,1.6594751108530943,-0.45564143582820127,0.8085666669970842,0.6630692812988462,0.9841231756854657,0
-0.9738162891597597,0.9009088760241706,-1.179024470547907,0.7823296703139262,-0.404365943111267,0.9048055324001227,0.06599664927436881,1.4316811360790147,-1.267695963527352,-0.6849837281165926,-0.4814607612315388,0.7622794430270811,0.9841231756854657,0
-0.634918112038349,-1.1099901739376037,1.5251962127575889,-0.2662525671850227,-0.5733475201700994,0.9048055324001227,-0.8841543251310949,-1.461440576166749,-0.34456288387755507,-0.9143260204049839,-0.7394662468772634,-0.2893482712922078,-1.0161329645585022,0
-0.46546902347764374,0.9009088760241706,-0.502969299721533,-0.7035434819165793,-0.23538436605243465,0.9048055324001227,-1.042512820865339,1.4316811360790147,0.011262957732911642,-0.6849837281165926,-0.7394662468772634,-1.8568688265983175,0.9841231756854657,0
-0.8043672005990544,-1.1099901739376037,0.8491410419312149,0.11840235553496734,-0.23538436605243465,-1.177851894974348,0.38271364074285674,0.853056793629862,-1.3079781342757066,0.003043148748581378,-0.4814607612315388,-0.6663468858595001,0.9841231756854657,0
0.5512255078865883,0.9009088760241706,-1.179024470547907,1.0270167570907676,0.4405419421828948,-1.177851894974348,4.024959042630468,-0.8828162337175963,-0.5258326522451519,1.1497546101905376,0.29255569570563505,-0.46792656240303043,-1.0161329645585022,0
-0.634918112038349,-1.1099901739376037,-1.179024470547907,0.32989386619170286,-0.404365943111267,-1.177851894974348,-0.9025239106362672,0.853056793629862,-1.2945507440262551,-1.143668312693375,-0.22345527558581418,-0.3488743683291487,-1.0161329645585022,0
0.21232733076517762,0.9009088760241706,-1.179024470547907,-0.3731985431533182,-0.23538436605243465,-1.177851894974348,-0.5674373336626071,0.853056793629862,0.007906110170548816,-0.34097028968400567,0.5505611813513597,0.18686050500331922,0.9841231756854657,0
1.0595727735687044,0.9009088760241706,0.8491410419312149,0.18814149166550379,0.6095235192417271,-1.177851894974348,0.06599664927436881,-1.461440576166749,-1.328119219649884,-0.34097028968400567,0.8085666669970842,0.10749237562073138,-1.0161329645585022,0
1.5679200392508204,-1.1099901739376037,-0.502969299721533,-0.2956263881095693,1.2854498274770565,0.9048055324001227,0.8577891279455886,-0.3041918912684436,0.4107278176540969,1.2644257563347332,1.582583123934258,1.4964346398160184,0.9841231756854657,0
-0.634918112038349,0.9009088760241706,1.5251962127575889,3.493391210258007,-0.404365943111267,-1.177851894974348,-0.12846758348728277,0.853056793629862,-0.3680608168140954,-1.2583394588375707,-0.7394662468772634,1.1392780575943733,-1.0161329645585022,0
0.0428782422044723,0.9009088760241706,0.8491410419312149,-0.023397396121755187,0.4405419421828948,0.9048055324001227,-0.7257958293968509,0.853056793629862,-1.328119219649884,-0.9143260204049839,0.5505611813513597,0.782121475372728,-1.0161329645585022,0
-0.634918112038349,-1.1099901739376037,0.8491410419312149,0.03729270807879996,-0.7423290972289317,0.9048055324001227,0.06599664927436881,-1.461440576166749,1.6829730437896346,-0.2262991435398101,-0.997471732522988,0.3654387961141419,-1.0161329645585022,0
0.21232733076517762,0.9009088760241706,0.17308587110484092,-0.3403503993237177,0.2715603651240624,-1.177851894974348,1.228031290972251,-0.3041918912684436,0.8471180007612732,1.8377814870557112,-0.22345527558581418,-0.051243883144444294,0.9841231756854657,0
0.890123685007999,-1.1099901739376037,-0.502969299721533,0.5560564949338705,1.4544314045358888,-1.177851894974348,0.38271364074285674,-1.461440576166749,-0.4083429875624505,-0.45564143582820127,0.5505611813513597,1.794065125000723,0.9841231756854657,0
-0.46546902347764374,0.9009088760241706,1.5251962127575889,-0.5835687950543317,-0.23538436605243465,0.9048055324001227,-1.359229812333827,1.4316811360790147,0.6960598604549431,-1.3730106049817663,-0.7394662468772634,1.317856348705196,-1.0161329645585022,0
0.7206745964472937,0.9009088760241706,-0.502969299721533,-0.1034647467064064,0.4405419421828948,-1.177851894974348,-0.5674373336626071,0.2744324511807092,-1.4724636648314886,-0.6849837281165926,0.03455021005991044,1.0599099282117854,0.9841231756854657,0
0.5512255078865883,0.9009088760241706,0.8491410419312149,1.7874039096154957,0.4405419421828948,-1.177851894974348,-0.3924511958762675,-1.461440576166749,0.790051592201104,-1.143668312693375,0.29255569570563505,0.305912699077201,0.9841231756854657,0
1.906818216372231,0.9009088760241706,-1.179024470547907,0.36525299793904686,2.130357712771218,-1.177851894974348,0.06599664927436881,-0.8828162337175963,-0.3076375606915634,-0.45564143582820127,2.356599580871432,0.46464895784237664,0.9841231756854657,0
-0.12657084635623306,0.9009088760241706,0.17308587110484092,-0.7656549000328383,-0.404365943111267,0.9048055324001227,-0.9340372512873818,-1.461440576166749,-0.448625158310805,-0.2262991435398101,0.5505611813513597,-0.9242933063529105,-1.0161329645585022,0
-0.2960199349169384,0.9009088760241706,0.8491410419312149,0.7625734068856425,-0.5733475201700994,-1.177851894974348,-0.7257958293968509,-1.461440576166749,0.03140404310708919,-1.143668312693375,-0.22345527558581418,-0.9441353386985575,0.9841231756854657,0
0.21232733076517762,0.9009088760241706,1.5251962127575889,1.1437540067005787,0.4405419421828948,-1.177851894974348,-0.42824021591220657,1.4316811360790147,1.2633670984942724,-1.0289971665491795,0.03455021005991044,0.3654387961141419,-1.0161329645585022,0
0.7206745964472937,0.9009088760241706,-0.502969299721533,0.26931430862903577,0.7785050963005594,-1.177851894974348,0.8577891279455886,0.2744324511807092,-0.4553388534355307,0.1177142948927768,1.066572152642809,1.238488219322608,-1.0161329645585022,0
-0.46546902347764374,-1.1099901739376037,-1.179024470547907,1.2230475308200133,0.10257878806523006,-1.177851894974348,-1.0914455960472202,0.2744324511807092,-1.7107998417592545,-1.3730106049817663,-0.7394662468772634,0.5241750548793175,-1.0161329645585022,0
-0.46546902347764374,-1.1099901739376037,-0.502969299721533,0.2647345193451011,-0.5733475201700994,-1.177851894974348,-0.4090788379283631,0.853056793629862,-0.06930138376379737,-0.7996548742607882,-0.997471732522988,0.7225953783357871,0.9841231756854657,0
-0.634918112038349,0.9009088760241706,-1.179024470547907,0.07622091699224479,-0.06640278899360229,-1.177851894974348,1.0161476236798326,-0.8828162337175963,0.9578939703192488,0.5763988794695595,-0.4814607612315388,0.4249648931510827,-1.0161329645585022,0
-0.12657084635623306,-1.1099901739376037,-0.502969299721533,0.7897205026755864,-0.5733475201700994,-1.177851894974348,1.6495816066168083,-0.3041918912684436,0.561785957960427,0.1177142948927768,-0.22345527558581418,-0.24966420660091387,0.9841231756854657,0
0.5512255078865883,-1.1099901739376037,0.8491410419312149,-0.1462778803227751,0.2715603651240624,0.21058638994196582,-0.5009267654542245,1.4316811360790147,-1.173704231781191,-0.570312581972397,0.5505611813513597,-0.03140185079879733,0.9841231756854657,0
0.5512255078865883,0.9009088760241706,-0.502969299721533,-0.8131109924405063,0.7785050963005594,0.9048055324001227,-0.8738610229083691,0.2744324511807092,0.06161567116835522,0.003043148748581378,0.29255569570563505,1.337698381050843,-1.0161329645585022,0
-0.634918112038349,-1.1099901739376037,-1.179024470547907,0.5579199954011267,-0.7423290972289317,0.9048055324001227,0.38271364074285674,-1.461440576166749,0.12203892729088728,-0.45564143582820127,-0.4814607612315388,-1.2417658238832618,0.9841231756854657,0
2.415165482054347,0.9009088760241706,0.8491410419312149,-0.5872326264814794,2.4683208668888827,0.9048055324001227,-1.0026064799403094,-0.8828162337175963,-0.7641688291729173,-0.6849837281165926,1.066572152642809,0.6829113136444932,-1.0161329645585022,0
1.398470950690115,-1.1099901739376037,0.8491410419312149,1.5934735220061236,0.6095235192417271,-1.177851894974348,0.06599664927436881,-0.8828162337175963,-0.22371637163249095,-0.9143260204049839,2.356599580871432,-0.44808453005738347,-1.0161329645585022,0
0.0428782422044723,-1.1099901739376037,-1.179024470547907,0.3501239009252212,-0.404365943111267,-1.177851894974348,2.4413740852880284,1.4316811360790147,1.223084927745918,1.1497546101905376,0.29255569570563505,-0.24966420660091387,0.9841231756854657,0
-0.634918112038349,-1.1099901739376037,1.5251962127575889,0.07663151879011479,-0.911310674287764,0.9048055324001227,0.06599664927436881,-0.8828162337175963,-0.7876667621094576,-0.2262991435398101,-0.4814607612315388,0.8416475724096689,-1.0161329645585022,0
-0.9738162891597597,-1.1099901739376037,-0.502969299721533,-0.2783337354685056,-0.911310674287764,-1.177851894974348,-0.2553127385704122,0.853056793629862,-0.47883678637207105,-0.11162799739561437,-0.7394662468772634,-0.7457150152420878,0.9841231756854657,0
0.890123685007999,-1.1099901739376037,-0.502969299721533,-0.6094525006969833,1.1164682504182242,0.9048055324001227,-0.5674373336626071,-0.8828162337175963,-0.005521280078902488,0.1177142948927768,0.8085666669970842,-0.7258729828964409,0.9841231756854657,0
-0.12657084635623306,0.9009088760241706,-1.179024470547907,0.5728595838928584,-0.404365943111267,-1.177851894974348,2.4413740852880284,-0.8828162337175963,0.04818828091890392,0.9204123179021463,0.03455021005991044,-0.5472946917856183,0.9841231756854657,0
-0.2960199349169384,0.9009088760241706,-0.502969299721533,1.5954475691112677,-0.23538436605243465,-1.177851894974348,1.6495816066168083,0.853056793629862,-0.572828518118232,-0.34097028968400567,-0.22345527558581418,-0.8052411122790287,-1.0161329645585022,0
-0.2960199349169384,-1.1099901739376037,-0.502969299721533,-0.7401344190575333,-0.23538436605243465,0.21058638994196582,-0.34921932654081883,0.2744324511807092,0.24624228709831483,0.9204123179021463,0.03455021005991044,-1.5592383414136133,0.9841231756854657,0
1.906818216372231,0.9009088760241706,0.8491410419312149,15.73120407962829,1.9613761357123858,-1.177851894974348,2.143026679324713,0.853056793629862,0.3905867322799193,-1.3730106049817663,2.356599580871432,0.5638591195706114,-1.0161329645585022,0
-0.46546902347764374,0.9009088760241706,-0.502969299721533,-0.3897647464596888,-0.5733475201700994,-1.177851894974348,-0.3298995900612411,-0.8828162337175963,-0.901799579229796,0.003043148748581378,-0.7394662468772634,-1.0830295651180861,0.9841231756854657,0
-0.8043672005990544,0.9009088760241706,-1.179024470547907,-0.5183462787003653,-0.911310674287764,0.9048055324001227,-0.9544654972370993,-1.461440576166749,0.9310391898203456,-0.6849837281165926,-0.7394662468772634,-2.154499311783022,0.9841231756854657,0
1.398470950690115,0.9009088760241706,-0.502969299721533,4.437254196923263,0.7785050963005594,-1.177851894974348,2.4413740852880284,-0.8828162337175963,0.4711510737766289,-0.7996548742607882,1.8405886095799828,0.9210157017922567,-1.0161329645585022,0
-0.634918112038349,0.9009088760241706,-0.502969299721533,0.3636895526317726,-0.7423290972289317,-1.177851894974348,-0.4090788379283631,-1.461440576166749,-0.6567497071773044,-0.7996548742607882,-0.7394662468772634,0.9408577341379036,-1.0161329645585022,0
0.0428782422044723,0.9009088760241706,0.8491410419312149,-0.2941261123096597,-0.06640278899360229,0.9048055324001227,-0.09236184645987515,0.2744324511807092,0.001192415045823164,0.1177142948927768,0.29255569570563505,0.10749237562073138,-1.0161329645585022,0
-0.8043672005990544,-1.1099901739376037,0.8491410419312149,-0.4548767161757671,-0.911310674287764,0.21058638994196582,0.38271364074285674,-0.8828162337175963,0.5987112811464187,1.035083464046342,-0.4814607612315388,0.028124246238143545,-1.0161329645585022,0
-0.46546902347764374,-1.1099901739376037,0.8491410419312149,-0.5234472164200581,-0.911310674287764,-1.177851894974348,0.9857427924988578,0.2744324511807092,0.1253957748532507,2.2964660716324943,-0.7394662468772634,-1.12271362980938,0.9841231756854657,0
-0.46546902347764374,0.9009088760241706,-0.502969299721533,0.2678929947133319,-0.5733475201700994,0.9048055324001227,0.06599664927436881,-0.8828162337175963,-0.6298949266784012,-0.45564143582820127,-0.4814607612315388,0.46464895784237664,-1.0161329645585022,0
-0.634918112038349,0.9009088760241706,0.8491410419312149,-0.6770280812002816,-0.404365943111267,0.9048055324001227,-0.2507203421941191,0.2744324511807092,0.7128440982667578,0.9204123179021463,-0.7394662468772634,-1.3211339532658497,0.9841231756854657,0
-0.9738162891597597,0.9009088760241706,0.8491410419312149,0.6500685142692607,-0.404365943111267,0.9048055324001227,0.06599664927436881,-0.8828162337175963,-0.10622670694978965,-0.6849837281165926,-0.7394662468772634,0.8614896047553159,-1.0161329645585022,0
0.890123685007999,0.9009088760241706,-0.502969299721533,-0.44862293494667005,0.4405419421828948,0.9048055324001227,-0.7257958293968509,0.2744324511807092,-1.5563848538905611,-0.45564143582820127,0.8085666669970842,-0.7457150152420878,0.9841231756854657,0
0.0428782422044723,0.9009088760241706,-1.179024470547907,-0.37616750999945514,-0.23538436605243465,0.9048055324001227,-1.1292932765277046,-0.8828162337175963,-0.885015341417982,-1.143668312693375,0.29255569570563505,-0.9242933063529105,0.9841231756854657,0
-0.12657084635623306,0.9009088760241706,-0.502969299721533,-0.7323329848980032,-0.911310674287764,-1.177851894974348,-1.042512820865339,1.4316811360790147,-1.7510820125076092,-0.570312581972397,-0.22345527558581418,1.0003838311748445,0.9841231756854657,0
-0.46546902347764374,-1.1099901739376037,1.5251962127575889,-0.3573429968047995,-0.5733475201700994,0.9048055324001227,-0.17154109432699713,1.4316811360790147,-0.48555048149679675,0.1177142948927768,-0.4814607612315388,-0.4282424977117365,-1.0161329645585022,0
-0.46546902347764374,0.9009088760241706,-1.179024470547907,-0.49304689100083654,-0.23538436605243465,-1.177851894974348,0.5326791362031857,-0.8828162337175963,-1.039430329286675,1.4937680486231246,-0.22345527558581418,0.5043330225336705,0.9841231756854657,0
0.5512255078865883,0.9009088760241706,-1.179024470547907,1.0336969324945757,0.4405419421828948,-1.177851894974348,1.6495816066168083,0.853056793629862,0.4946490067131693,0.003043148748581378,0.5505611813513597,0.9408577341379036,0.9841231756854657,0
2.754063659175758,0.9009088760241706,-0.502969299721533,-0.2960369899074393,2.4683208668888827,0.9048055324001227,-0.804975077263973,0.853056793629862,0.457723683527177,-0.7996548742607882,3.130616037808606,1.278172284013902,0.9841231756854657,0
-0.2960199349169384,0.9009088760241706,1.5251962127575889,0.8397665448852036,-0.7423290972289317,-1.177851894974348,1.3328646151483206,-1.461440576166749,-0.035732908140168516,0.003043148748581378,-0.22345527558581418,0.5638591195706114,0.9841231756854657,0
1.5679200392508204,0.9009088760241706,0.8491410419312149,0.3050682497974086,1.1164682504182242,0.9048055324001227,-0.7257958293968509,0.853056793629862,-0.7406708962363768,-1.0289971665491795,1.066572152642809,0.5241750548793175,0.9841231756854657,0
-0.2960199349169384,-1.1099901739376037,-1.179024470547907,-0.36347043901916726,0.10257878806523006,-1.177851894974348,0.4647433415331951,0.2744324511807092,0.29995184809612124,0.9204123179021463,-0.7394662468772634,-0.7258729828964409,0.9841231756854657,0
0.7206745964472937,0.9009088760241706,0.8491410419312149,1.8708192440904716,0.4405419421828948,0.9048055324001227,4.024959042630468,1.4316811360790147,0.665848232393677,0.4617277333253637,1.582583123934258,-0.9639773710442044,0.9841231756854657,0
-0.46546902347764374,-1.1099901739376037,-0.502969299721533,0.46275513255633216,-0.5733475201700994,0.9048055324001227,0.06599664927436881,-0.3041918912684436,0.3905867322799193,-0.570312581972397,-0.4814607612315388,1.317856348705196,0.9841231756854657,0
-0.2960199349169384,0.9009088760241706,-1.179024470547907,0.22558521715588012,-0.5733475201700994,-1.177851894974348,0.62500213921625,-0.3041918912684436,0.5886407384593302,0.003043148748581378,-0.997471732522988,-0.15045404487267908,-1.0161329645585022,0
-0.46546902347764374,-1.1099901739376037,-0.502969299721533,-0.28340308843451606,0.10257878806523006,0.9048055324001227,-1.2325430157464317,0.853056793629862,1.4144252388006033,-1.2583394588375707,-0.4814607612315388,1.0599099282117854,0.9841231756854657,0
0.5512255078865883,0.9009088760241706,0.8491410419312149,1.7024093374564044,0.4405419421828948,-1.177851894974348,-0.2507203421941191,0.853056793629862,0.4980058542755321,-1.143668312693375,1.066572152642809,-0.03140185079879733,0.9841231756854657,0
1.398470950690115,0.9009088760241706,-1.179024470547907,-0.2787601296432167,1.2854498274770565,-1.177851894974348,0.38271364074285674,-1.461440576166749,-0.22035952407012813,0.5763988794695595,2.356599580871432,0.9606997664835506,0.9841231756854657,0
-0.634918112038349,0.9009088760241706,-0.502969299721533,0.11777066046132117,-0.06640278899360229,0.9048055324001227,-0.4090788379283631,0.853056793629862,-1.0159323963501345,-0.6849837281165926,-0.997471732522988,0.9805417988291976,-1.0161329645585022,0
-0.634918112038349,0.9009088760241706,0.8491410419312149,-0.6981424890369046,-0.404365943111267,0.9048055324001227,-0.646616581529729,-1.461440576166749,0.02804719554472637,0.1177142948927768,-0.7394662468772634,-1.7378166325244357,0.9841231756854657,0
-0.2960199349169384,0.9009088760241706,-1.179024470547907,-0.30000087649456897,-0.404365943111267,-1.177851894974348,-0.6646694500434328,-1.461440576166749,-0.4318409204989903,-0.570312581972397,-0.997471732522988,-0.9044512740072636,0.9841231756854657,0
-0.8043672005990544,-1.1099901739376037,0.8491410419312149,-0.298058414143107,-0.911310674287764,0.9048055324001227,-0.5674373336626071,0.2744324511807092,0.12203892729088728,-0.45564143582820127,-0.7394662468772634,-1.182239726846321,-1.0161329645585022,0
-0.12657084635623306,0.9009088760241706,-1.179024470547907,-0.514413976866918,-0.06640278899360229,-1.177851894974348,-0.4090788379283631,-0.3041918912684436,-1.0461440244114009,0.1177142948927768,0.03455021005991044,0.5837011519162584,-1.0161329645585022,0
0.0428782422044723,-1.1099901739376037,-0.502969299721533,-0.1105871086617669,-0.23538436605243465,-1.177851894974348,-0.5674373336626071,0.853056793629862,0.08175675654253277,-0.6849837281165926,1.066572152642809,0.4448069254967297,0.9841231756854657,0
0.0428782422044723,-1.1099901739376037,-1.179024470547907,-0.23886858574246153,-0.06640278899360229,-1.177851894974348,-0.4090788379283631,0.853056793629862,-0.18343420088413584,-0.34097028968400567,0.8085666669970842,0.0479662785837905,0.9841231756854657,0
0.5512255078865883,-1.1099901739376037,-0.502969299721533,0.4692773841917288,-0.06640278899360229,-1.177851894974348,1.3328646151483206,0.2744324511807092,-0.002164432516539662,0.23238544103697253,1.066572152642809,-1.0235034680811452,0.9841231756854657,0
-0.634918112038349,0.9009088760241706,-0.502969299721533,0.4609863863501229,-0.7423290972289317,0.9048055324001227,0.8577891279455886,-0.3041918912684436,1.8273174889712391,0.003043148748581378,-0.4814607612315388,-0.6068207888225592,0.9841231756854657,0
0.7206745964472937,0.9009088760241706,1.5251962127575889,0.11227491332059955,0.6095235192417271,-1.177851894974348,-0.8841543251310949,-0.3041918912684436,-0.2807827801926602,-1.0289971665491795,0.03455021005991044,0.782121475372728,-1.0161329645585022,0
-0.8043672005990544,-1.1099901739376037,0.8491410419312149,-0.48082359132578323,-0.911310674287764,-1.177851894974348,-0.3298995900612411,0.853056793629862,-1.4120404087089566,0.1177142948927768,-0.7394662468772634,-2.789444346843725,0.9841231756854657,0
1.2290218621294098,-1.1099901739376037,-1.179024470547907,0.11694945686558117,1.7923945586535535,-1.177851894974348,0.5109840222875943,-0.3041918912684436,-1.465749969706763,0.1177142948927768,1.066572152642809,-1.102871597463733,0.9841231756854657,0
0.5512255078865883,-1.1099901739376037,-0.502969299721533,-0.08517717432434997,0.9474866733593919,-1.177851894974348,-1.1988126561550376,0.853056793629862,-1.0964967378468442,-1.2583394588375707,0.5505611813513597,2.0321695131484865,0.9841231756854657,0
2.0762673049329363,0.9009088760241706,0.8491410419312149,-0.23948448843926654,1.9613761357123858,0.9048055324001227,-0.8087756811615948,-0.3041918912684436,-1.4523225794573114,-0.7996548742607882,2.356599580871432,-1.4203441149940845,0.9841231756854657,0
1.2290218621294098,0.9009088760241706,0.8491410419312149,0.24183557292542768,0.10257878806523006,-1.177851894974348,3.285583226047283,1.4316811360790147,2.1227200744591737,2.0671237793441026,0.5505611813513597,-1.3211339532658497,0.9841231756854657,0
-0.8043672005990544,-1.1099901739376037,-1.179024470547907,0.4781526999764574,-0.911310674287764,-1.177851894974348,0.38271364074285674,0.2744324511807092,0.24624228709831483,-0.34097028968400567,-0.7394662468772634,-0.32903233598350173,0.9841231756854657,0
0.21232733076517762,0.9009088760241706,-0.502969299721533,0.8755204860535765,-0.06640278899360229,0.9048055324001227,-0.5674373336626071,-1.461440576166749,0.01797665285763789,-1.143668312693375,0.8085666669970842,-1.4401861473397315,0.9841231756854657,0
-0.12657084635623306,-1.1099901739376037,-1.179024470547907,-0.46820548222970115,-0.23538436605243465,-1.177851894974348,0.06599664927436881,-0.3041918912684436,-0.27406908506793454,0.6910700256137552,0.5505611813513597,-0.5076106270943244,-1.0161329645585022,0
-0.2960199349169384,-1.1099901739376037,-1.179024470547907,0.08356437222338144,-0.06640278899360229,-1.177851894974348,2.4413740852880284,0.853056793629862,-0.12301094476160378,1.7231103409115156,-0.4814607612315388,-0.36871640067479566,0.9841231756854657,0
-0.46546902347764374,0.9009088760241706,0.8491410419312149,-0.868826497936098,-0.404365943111267,0.9048055324001227,-0.963333572998217,0.2744324511807092,-0.2438574570066685,0.003043148748581378,-0.7394662468772634,-0.20998014190961997,-1.0161329645585022,0
-1.143265377720465,-1.1099901739376037,-0.502969299721533,-0.38807496213768533,-0.911310674287764,0.9048055324001227,0.06599664927436881,-0.8828162337175963,-1.328119219649884,0.4617277333253637,-0.4814607612315388,-0.40840046536608954,0.9841231756854657,0
-0.634918112038349,-1.1099901739376037,0.8491410419312149,0.6466099837410481,-0.404365943111267,-1.177851894974348,0.06599664927436881,0.853056793629862,-1.4489657318949483,-0.6849837281165926,-0.7394662468772634,-1.102871597463733,0.9841231756854657,0
2.0762673049329363,0.9009088760241706,0.8491410419312149,-0.5796522855977255,1.9613761357123858,0.9048055324001227,0.06599664927436881,-1.461440576166749,0.4107278176540969,1.035083464046342,2.098594095225707,0.4844909901880236,0.9841231756854657,0
-0.46546902347764374,0.9009088760241706,-1.179024470547907,-0.2676265039702031,-0.23538436605243465,0.9048055324001227,-0.5259474077802351,0.2744324511807092,-1.4758205123938515,-0.45564143582820127,-0.4814607612315388,0.028124246238143545,-1.0161329645585022,0
-0.8043672005990544,0.9009088760241706,0.8491410419312149,-0.3004746477998036,-0.911310674287764,-1.177851894974348,-1.359229812333827,0.853056793629862,-0.3613471216893698,-1.3730106049817663,-0.7394662468772634,-0.44808453005738347,0.9841231756854657,0
-0.46546902347764374,0.9009088760241706,-1.179024470547907,0.6488998783830153,-0.404365943111267,-1.177851894974348,-0.3298995900612411,-1.461440576166749,0.7296283360785719,-0.9143260204049839,-0.4814607612315388,-1.8568688265983175,0.9841231756854657,0
1.2290218621294098,0.9009088760241706,0.8491410419312149,-0.584832185201624,0.9474866733593919,0.9048055324001227,-0.2507203421941191,-0.8828162337175963,-1.0595714146608524,0.5763988794695595,0.5505611813513597,0.6829113136444932,-1.0161329645585022,0
-0.46546902347764374,-1.1099901739376037,1.5251962127575889,0.2171994650532273,-0.23538436605243465,-1.177851894974348,-0.5514431255934484,0.2744324511807092,-1.0159323963501345,-0.7996548742607882,-0.4814607612315388,1.1988041546313142,-1.0161329645585022,0
-0.2960199349169384,0.9009088760241706,0.8491410419312149,0.2665190579281515,-0.5733475201700994,0.9048055324001227,0.8577891279455886,-0.8828162337175963,-0.6063969937418614,0.1177142948927768,-0.7394662468772634,-0.38855843302044263,0.9841231756854657,0
-0.8043672005990544,0.9009088760241706,1.5251962127575889,-0.6948418822771034,-0.911310674287764,0.9048055324001227,-0.7257958293968509,-0.8828162337175963,0.4510099884024514,0.003043148748581378,-0.7394662468772634,-0.03140185079879733,-1.0161329645585022,0
1.7373691278115257,0.9009088760241706,-0.502969299721533,0.3441227977255827,1.6234129815947211,-1.177851894974348,0.04826049775213348,-1.461440576166749,-1.0562145670984893,-0.45564143582820127,2.098594095225707,0.801963507718375,0.9841231756854657,0
-0.46546902347764374,0.9009088760241706,-0.502969299721533,-0.07246431096722093,-0.23538436605243465,-1.177851894974348,1.6495816066168083,-0.8828162337175963,-0.06930138376379737,1.4937680486231246,-0.4814607612315388,-0.190138109563973,0.9841231756854657,0
1.5679200392508204,0.9009088760241706,1.5251962127575889,0.15290869893288903,1.7923945586535535,-1.177851894974348,-0.3818411766620731,0.2744324511807092,-1.4724636648314886,-0.6849837281165926,1.066572152642809,1.6154868338899002,-1.0161329645585022,0
0.0428782422044723,0.9009088760241706,-1.179024470547907,1.0941659434193547,-0.5733475201700994,0.9048055324001227,-0.4882580857954851,-1.461440576166749,-0.5392600424946031,-1.143668312693375,0.5505611813513597,0.06780831092943747,0.9841231756854657,0
-0.8043672005990544,0.9009088760241706,-0.502969299721533,-0.7179935067262353,-0.911310674287764,0.9048055324001227,-0.8841543251310949,-0.8828162337175963,-0.5594011278687807,-0.2262991435398101,-0.7394662468772634,0.7622794430270811,0.9841231756854657,0
1.398470950690115,-1.1099901739376037,-0.502969299721533,1.4037281142596572,1.4544314045358888,-1.177851894974348,0.06599664927436881,-1.461440576166749,1.152591128936297,-0.9143260204049839,1.066572152642809,0.22654456969461315,-1.0161329645585022,0
-0.634918112038349,-1.1099901739376037,-1.179024470547907,0.08016901120253331,-0.911310674287764,-1.177851894974348,0.694521518843583,-1.461440576166749,0.22610120172413728,0.23238544103697253,-0.7394662468772634,1.298014316359549,-1.0161329645585022,0
-0.46546902347764374,0.9009088760241706,-1.179024470547907,2.0751410156613233,-0.911310674287764,-1.177851894974348,1.7059572310981992,0.853056793629862,0.9209686471332571,-0.45564143582820127,-0.7394662468772634,0.8416475724096689,0.9841231756854657,0
1.5679200392508204,-1.1099901739376037,-1.179024470547907,-0.6989479002558034,1.7923945586535535,0.9048055324001227,-0.2507203421941191,0.2744324511807092,0.0045492626081859895,0.9204123179021463,1.8405886095799828,0.028124246238143545,0.9841231756854657,0
-0.2960199349169384,-1.1099901739376037,-1.179024470547907,-0.297853113244172,-0.5733475201700994,-1.177851894974348,-0.7257958293968509,0.853056793629862,-0.5661148229935064,-0.6849837281165926,-0.997471732522988,0.008282213892496587,0.9841231756854657,0
-0.12657084635623306,0.9009088760241706,0.8491410419312149,-0.4742697549367043,-0.404365943111267,0.9048055324001227,-0.7257958293968509,0.853056793629862,0.22274435416177443,-0.45564143582820127,-0.22345527558581418,-1.4005020826484376,0.9841231756854657,0
2.923512747736463,-1.1099901739376037,-0.502969299721533,-0.21603280883015272,2.130357712771218,0.9048055324001227,-0.804975077263973,0.853056793629862,0.1522505553521539,-0.7996548742607882,2.098594095225707,-0.4282424977117365,0.9841231756854657,0
-0.46546902347764374,0.9009088760241706,-1.179024470547907,-0.42855082398156324,-0.911310674287764,0.9048055324001227,-0.8841543251310949,-0.8828162337175963,0.6423502994571366,-0.6849837281165926,-0.4814607612315388,1.1392780575943733,0.9841231756854657,0
-0.46546902347764374,0.9009088760241706,-0.502969299721533,-0.23035649462507946,-0.23538436605243465,-1.177851894974348,0.8577891279455886,-0.8828162337175963,-1.0461440244114009,1.035083464046342,-0.7394662468772634,0.5837011519162584,0.9841231756854657,0
0.38177641932588297,0.9009088760241706,-0.502969299721533,-0.42771382800898206,-0.5733475201700994,-1.177851894974348,0.282947788430283,-1.461440576166749,-0.6500360120525788,0.9204123179021463,0.03455021005991044,1.278172284013902,-1.0161329645585022,0
1.0595727735687044,0.9009088760241706,-0.502969299721533,-0.5630071204071491,0.4405419421828948,0.21058638994196582,0.8577891279455886,1.4316811360790147,-1.2441980305908118,2.2964660716324943,1.3245776382885335,1.337698381050843,-1.0161329645585022,0
-0.46546902347764374,0.9009088760241706,-1.179024470547907,1.0278063759328253,-0.06640278899360229,-1.177851894974348,0.06599664927436881,-0.8828162337175963,-0.0860856215756121,-0.7996548742607882,-0.7394662468772634,0.8614896047553159,-1.0161329645585022,0
-0.9738162891597597,-1.1099901739376037,0.8491410419312149,-0.14754127047006746,-0.911310674287764,0.9048055324001227,0.06599664927436881,-0.8828162337175963,-1.4623931221444,0.003043148748581378,-0.7394662468772634,-0.9044512740072636,0.9841231756854657,0
0.5512255078865883,0.9009088760241706,-1.179024470547907,-0.48832497032533145,0.4405419421828948,0.9048055324001227,-0.9474977234247925,0.2744324511807092,-0.8346626279825383,-0.7996548742607882,1.066572152642809,0.5043330225336705,0.9841231756854657,0
-0.46546902347764374,-1.1099901739376037,-1.179024470547907,-0.3216206403901089,0.10257878806523006,-1.177851894974348,-1.1946953352659473,0.2744324511807092,0.3268066285950244,-1.2583394588375707,-0.997471732522988,-0.9044512740072636,0.9841231756854657,0
-0.12657084635623306,0.9009088760241706,0.8491410419312149,-0.017585801444210482,-0.5733475201700994,0.9048055324001227,-0.963333572998217,-0.8828162337175963,0.20596011634995973,-1.143668312693375,0.5505611813513597,-2.3132355705481977,0.9841231756854657,0
-0.2960199349169384,0.9009088760241706,-1.179024470547907,0.6108560425726751,-0.5733475201700994,-1.177851894974348,-1.2045135620014704,-1.461440576166749,-0.9118701219168851,-1.3730106049817663,-0.7394662468772634,0.8614896047553159,-1.0161329645585022,0
0.38177641932588297,-1.1099901739376037,-0.502969299721533,-0.5884802242519307,-0.23538436605243465,-1.177851894974348,2.0850674698859795,-0.3041918912684436,-0.3076375606915634,4.475217848372211,1.066572152642809,-0.9639773710442044,0.9841231756854657,0
-0.12657084635623306,0.9009088760241706,-1.179024470547907,-0.20862618409165146,0.10257878806523006,0.9048055324001227,-0.2507203421941191,-0.8828162337175963,0.5416448725862495,-0.2262991435398101,0.03455021005991044,0.8416475724096689,0.9841231756854657,0
-0.634918112038349,-1.1099901739376037,-0.502969299721533,-0.5631492517987196,-0.5733475201700994,0.9048055324001227,-1.327558113186978,0.2744324511807092,0.7631968117022008,-1.2583394588375707,-0.22345527558581418,-0.011559818453150373,-1.0161329645585022,0
-0.46546902347764374,-1.1099901739376037,-0.502969299721533,-0.6076521697370917,0.10257878806523006,0.9048055324001227,-1.220349411574895,-1.461440576166749,-0.7238866584245627,-1.0289971665491795,-0.4814607612315388,-0.5671367241312653,0.9841231756854657,0
-0.9738162891597597,0.9009088760241706,0.8491410419312149,-0.44584347662262697,-0.911310674287764,0.9048055324001227,-1.2798922059709705,-1.461440576166749,-1.7107998417592545,-1.2583394588375707,-0.4814607612315388,0.4448069254967297,-1.0161329645585022,0
1.2290218621294098,0.9009088760241706,0.8491410419312149,0.49332917412080646,0.9474866733593919,-1.177851894974348,1.843412405395523,-1.461440576166749,0.2898813054090322,0.5763988794695595,2.098594095225707,-2.49181386165902,0.9841231756854657,0
0.0428782422044723,0.9009088760241706,-1.179024470547907,-0.20480442889609216,-0.06640278899360229,0.9048055324001227,-0.963333572998217,-1.461440576166749,-0.5056915668709743,-1.0289971665491795,-0.22345527558581418,-1.3012919209202027,-1.0161329645585022,0
1.0595727735687044,-1.1099901739376037,1.5251962127575889,0.4723411052989127,1.2854498274770565,-1.177851894974348,1.1745061194140765,1.4316811360790147,0.7531262690151123,0.1177142948927768,0.29255569570563505,0.9210157017922567,-1.0161329645585022,0
-0.12657084635623306,0.9009088760241706,-0.502969299721533,0.7093688893077944,-0.404365943111267,-1.177851894974348,-0.1040803751442092,0.853056793629862,-1.3583308477111502,-0.7996548742607882,-0.22345527558581418,0.7225953783357871,-1.0161329645585022,0
-0.12657084635623306,0.9009088760241706,0.8491410419312149,1.5985112902184517,-0.7423290972289317,-1.177851894974348,-0.4090788379283631,0.2744324511807092,1.3070061168049905,-1.143668312693375,-0.22345527558581418,-1.12271362980938,-1.0161329645585022,0
-0.634918112038349,0.9009088760241706,-1.179024470547907,-0.8451695174280491,-0.5733475201700994,0.9048055324001227,-0.7064760929172732,0.853056793629862,-0.06594453620143455,0.5763988794695595,-0.4814607612315388,1.3972244780877838,-1.0161329645585022,0
-0.12657084635623306,-1.1099901739376037,-0.502969299721533,0.07934780760679329,0.10257878806523006,-1.177851894974348,0.38271364074285674,1.4316811360790147,-0.17336365819704735,0.003043148748581378,0.8085666669970842,-0.20998014190961997,-1.0161329645585022,0
0.890123685007999,-1.1099901739376037,1.5251962127575889,-0.2460699095820278,0.9474866733593919,0.21058638994196582,-1.121692068732461,-0.3041918912684436,-0.34120603631519225,-1.143668312693375,0.29255569570563505,-0.40840046536608954,0.9841231756854657,0
1.906818216372231,-1.1099901739376037,0.8491410419312149,-0.2951210320506524,1.9613761357123858,0.9048055324001227,-0.646616581529729,-1.461440576166749,-1.4892479026433032,-0.570312581972397,1.8405886095799828,-1.4401861473397315,0.9841231756854657,0
-0.9738162891597597,0.9009088760241706,-1.179024470547907,-0.10801295123665877,-0.911310674287764,0.9048055324001227,-0.2507203421941191,-0.8828162337175963,1.1223795008750308,-0.34097028968400567,-0.7394662468772634,-0.38855843302044263,-1.0161329645585022,0
-0.46546902347764374,0.9009088760241706,1.5251962127575889,0.21972624534781196,0.10257878806523006,-1.177851894974348,-0.5438419177982047,0.2744324511807092,-1.6772313661356255,-0.7996548742607882,-0.22345527558581418,-1.0036614357354983,0.9841231756854657,0
-0.634918112038349,0.9009088760241706,0.8491410419312149,-0.37326171266068275,-0.06640278899360229,0.21058638994196582,0.06599664927436881,1.4316811360790147,0.3335203237197501,0.4617277333253637,-0.7394662468772634,0.7027533459901402,0.9841231756854657,0
0.5512255078865883,0.9009088760241706,1.5251962127575889,-0.6008614476953954,0.10257878806523006,0.9048055324001227,-0.8841543251310949,0.853056793629862,-0.2807827801926602,-0.45564143582820127,1.066572152642809,1.8139071573463699,-1.0161329645585022,0
-0.46546902347764374,0.9009088760241706,-0.502969299721533,-0.4362417115032053,-0.7423290972289317,0.21058638994196582,-1.2008713165995828,-0.8828162337175963,-0.6735339449891191,-1.143668312693375,-0.7394662468772634,-0.5869787564769122,0.9841231756854657,0
-0.2960199349169384,-1.1099901739376037,0.8491410419312149,0.7417274694553191,-0.404365943111267,0.9048055324001227,-0.3774071387815143,1.4316811360790147,-0.025662365453080038,-0.9143260204049839,-0.4814607612315388,0.38528082845978884,-1.0161329645585022,0
1.2290218621294098,0.9009088760241706,1.5251962127575889,0.4590913011291844,0.7785050963005594,-1.177851894974348,0.38271364074285674,-0.8828162337175963,-1.2609822684026262,-0.34097028968400567,0.8085666669970842,0.40512286080543575,-1.0161329645585022,0
0.38177641932588297,-1.1099901739376037,1.5251962127575889,0.17955043866391596,0.4405419421828948,-1.177851894974348,0.8577891279455886,0.853056793629862,-1.072998804910304,0.23238544103697253,1.066572152642809,-1.142555662155027,-1.0161329645585022,0
-0.2960199349169384,-1.1099901739376037,1.5251962127575889,-0.29587906613902776,0.10257878806523006,0.9048055324001227,0.06599664927436881,0.853056793629862,-1.338189762336973,0.23238544103697253,-0.7394662468772634,-0.051243883144444294,0.9841231756854657,0
1.5679200392508204,-1.1099901739376037,0.8491410419312149,0.6490735945282681,1.6234129815947211,0.9048055324001227,-0.7257958293968509,-0.8828162337175963,-0.6399654693654903,-1.143668312693375,0.8085666669970842,-0.6663468858595001,0.9841231756854657,0
-0.46546902347764374,0.9009088760241706,0.8491410419312149,-0.48832497032533145,-0.911310674287764,0.9048055324001227,0.19046642692148455,1.4316811360790147,0.0045492626081859895,0.9204123179021463,-0.4814607612315388,0.46464895784237664,-1.0161329645585022,0
0.21232733076517762,0.9009088760241706,-0.502969299721533,-0.7737248045986681,-0.5733475201700994,0.21058638994196582,-0.07652599688645076,0.2744324511807092,-0.5627579754311435,1.7231103409115156,0.5505611813513597,0.008282213892496587,0.9841231756854657,0
0.21232733076517762,0.9009088760241706,-1.179024470547907,0.2622077390505164,-0.5733475201700994,-1.177851894974348,1.0934265695981435,-0.8828162337175963,-0.8682311036061672,0.3470565871811683,1.066572152642809,-1.0235034680811452,0.9841231756854657,0
1.5679200392508204,0.9009088760241706,-0.502969299721533,-0.5781046326672924,1.9613761357123858,0.9048055324001227,-1.1956454862403527,0.2744324511807092,-1.3449034574616987,-1.0289971665491795,1.8405886095799828,0.7424374106814341,0.9841231756854657,0
-0.8043672005990544,0.9009088760241706,-1.179024470547907,-0.3939497263225946,-0.404365943111267,0.9048055324001227,-0.14778731996686054,0.2744324511807092,1.0955247203761276,0.23238544103697253,-0.7394662468772634,1.6551708985811941,0.9841231756854657,0
-0.46546902347764374,-1.1099901739376037,-1.179024470547907,0.028133129510930593,-0.911310674287764,-1.177851894974348,-1.3559042839234077,0.2744324511807092,-0.5996832986171352,-1.487681751125962,-0.22345527558581418,-0.36871640067479566,-1.0161329645585022,0
1.0595727735687044,0.9009088760241706,0.8491410419312149,0.744491135402521,0.7785050963005594,-1.177851894974348,0.06599664927436881,-0.8828162337175963,-1.173704231781191,-0.6849837281165926,0.29255569570563505,-0.7655570475877348,0.9841231756854657,0
-0.634918112038349,0.9009088760241706,0.8491410419312149,-1.0584613590446763,-0.7423290972289317,0.9048055324001227,-1.322965716810685,1.4316811360790147,-1.2374843354660858,-0.45564143582820127,-0.4814607612315388,0.5638591195706114,0.9841231756854657,0
-0.634918112038349,0.9009088760241706,1.5251962127575889,-0.11414039345102656,-0.5733475201700994,-1.177851894974348,0.5382216835538843,0.2744324511807092,-1.0092187012254088,0.4617277333253637,-0.7394662468772634,0.8813316371009629,0.9841231756854657,0
-0.634918112038349,0.9009088760241706,-0.502969299721533,-0.5632913831902899,-0.7423290972289317,-1.177851894974348,-0.7604763399626504,1.4316811360790147,0.12875262241561353,-0.34097028968400567,-0.7394662468772634,0.22654456969461315,0.9841231756854657,0
-0.8043672005990544,0.9009088760241706,1.5251962127575889,-0.560843564779911,-0.5733475201700994,0.9048055324001227,-0.2507203421941191,1.4316811360790147,0.08847045166725842,0.4617277333253637,-0.7394662468772634,-0.7655570475877348,0.9841231756854657,0
-0.46546902347764374,-1.1099901739376037,1.5251962127575889,0.3670533288989384,-0.404365943111267,0.9048055324001227,0.06599664927436881,0.2744324511807092,0.13210946997797635,-0.45564143582820127,0.03455021005991044,0.26622863438590705,0.9841231756854657,0
-0.8043672005990544,-1.1099901739376037,-0.502969299721533,-0.9047699476265647,-0.911310674287764,0.9048055324001227,-1.1375279183058853,0.2744324511807092,1.0116035313170553,-0.34097028968400567,-0.4814607612315388,1.0599099282117854,-1.0161329645585022,0
-0.2960199349169384,0.9009088760241706,1.5251962127575889,-0.20363579300984674,-0.404365943111267,-1.177851894974348,-0.4090788379283631,1.4316811360790147,0.20260326878759688,-0.45564143582820127,0.03455021005991044,0.5837011519162584,-1.0161329645585022,0
0.890123685007999,0.9009088760241706,-1.179024470547907,0.08403814352861605,1.2854498274770565,0.9048055324001227,0.06599664927436881,-0.3041918912684436,0.3536614090939276,-0.2262991435398101,0.5505611813513597,0.12733440796637835,-1.0161329645585022,0
-0.2960199349169384,0.9009088760241706,-0.502969299721533,-0.4497599860792332,-0.404365943111267,0.9048055324001227,0.30353439287573475,-0.8828162337175963,0.9343960373827085,0.9204123179021463,-0.4814607612315388,0.782121475372728,0.9841231756854657,0
-0.634918112038349,-1.1099901739376037,1.5251962127575889,0.08157453274139602,-0.911310674287764,-1.177851894974348,2.3142122132134304,0.853056793629862,0.15896425047687956,1.6084391947673204,-0.7394662468772634,0.32575473142284794,-1.0161329645585022,0
-0.46546902347764374,-1.1099901739376037,1.5251962127575889,1.4971242308982424,-0.23538436605243465,-1.177851894974348,1.7890954413586773,-1.461440576166749,0.5114332445249834,-0.2262991435398101,0.03455021005991044,1.0202258635204915,0.9841231756854657,0
0.0428782422044723,-1.1099901739376037,-1.179024470547907,-0.9782834618221369,0.4405419421828948,0.9048055324001227,-1.2008713165995828,1.4316811360790147,0.1119683846037988,-0.34097028968400567,-0.4814607612315388,1.5162766721616654,0.9841231756854657,0
0.21232733076517762,-1.1099901739376037,-0.502969299721533,-0.20543612396973832,0.4405419421828948,0.9048055324001227,0.06599664927436881,1.4316811360790147,0.22274435416177443,0.1177142948927768,1.066572152642809,0.7225953783357871,0.9841231756854657,0
1.5679200392508204,-1.1099901739376037,0.8491410419312149,-0.39459721377308193,1.6234129815947211,0.9048055324001227,-1.2008713165995828,1.4316811360790147,0.16232109803924238,-1.143668312693375,1.582583123934258,-0.6266628211682062,-1.0161329645585022,0
-0.2960199349169384,-1.1099901739376037,0.8491410419312149,-0.015453830570654681,-0.5733475201700994,0.9048055324001227,-0.8805120797292073,0.853056793629862,-1.4456088843325854,-1.0289971665491795,-0.997471732522988,0.0479662785837905,0.9841231756854657,0
0.890123685007999,-1.1099901739376037,0.8491410419312149,-0.6740433219773034,0.9474866733593919,-1.177851894974348,-0.4882580857954851,-1.461440576166749,0.31673608590793534,0.3470565871811683,0.5505611813513597,-0.2893482712922078,-1.0161329645585022,0
-0.46546902347764374,0.9009088760241706,0.8491410419312149,0.17531808167048665,-0.5733475201700994,-1.177851894974348,-0.3298995900612411,-0.8828162337175963,0.4409394457153629,-0.6849837281165926,-0.4814607612315388,-2.2140254088199627,0.9841231756854657,0
0.5512255078865883,-1.1099901739376037,-1.179024470547907,-0.14520399869757664,0.6095235192417271,-1.177851894974348,-1.042512820865339,0.2744324511807092,-1.8249326588795929,-1.143668312693375,1.066572152642809,-0.686188918205147,0.9841231756854657,0
0.0428782422044723,0.9009088760241706,-1.179024470547907,-0.2998745374798398,-0.23538436605243465,0.9048055324001227,-0.17312467928433958,1.4316811360790147,1.0149603788794181,0.003043148748581378,0.03455021005991044,0.26622863438590705,0.9841231756854657,0
-0.634918112038349,0.9009088760241706,-1.179024470547907,-0.2961791212990097,-0.911310674287764,0.9048055324001227,-1.042512820865339,-0.8828162337175963,0.01797665285763789,-1.0289971665491795,-0.7394662468772634,-0.6663468858595001,0.9841231756854657,0
0.890123685007999,-1.1099901739376037,0.8491410419312149,0.13477905031924411,0.6095235192417271,0.9048055324001227,0.6994306322113446,0.853056793629862,1.0183172264417808,0.23238544103697253,0.5505611813513597,0.26622863438590705,0.9841231756854657,0
0.5512255078865883,-1.1099901739376037,-0.502969299721533,5.396404204370756,0.4405419421828948,-1.177851894974348,0.26315297646350255,1.4316811360790147,0.21267381147468598,-1.2583394588375707,0.8085666669970842,0.46464895784237664,0.9841231756854657,0
-0.12657084635623306,0.9009088760241706,0.8491410419312149,0.04915278308650668,-0.5733475201700994,0.9048055324001227,-1.042512820865339,0.2744324511807092,-0.8178783901707236,-1.143668312693375,0.29255569570563505,-2.7299182498067838,0.9841231756854657,0
2.415165482054347,0.9009088760241706,0.8491410419312149,-0.8259501948123646,2.4683208668888827,0.9048055324001227,-1.359229812333827,-1.461440576166749,-1.2005590122800942,-1.143668312693375,1.8405886095799828,1.0599099282117854,-1.0161329645585022,0
1.398470950690115,0.9009088760241706,-0.502969299721533,-0.48497698643500675,1.6234129815947211,0.9048055324001227,0.2615693915061601,0.853056793629862,1.1425205862492085,1.035083464046342,1.3245776382885335,-1.8965528912896115,0.9841231756854657,0
0.0428782422044723,0.9009088760241706,0.8491410419312149,0.4615864966700868,-0.06640278899360229,0.9048055324001227,1.0161476236798326,-0.8828162337175963,0.5349311774615239,0.1177142948927768,1.066572152642809,0.4844909901880236,-1.0161329645585022,0
1.5679200392508204,0.9009088760241706,1.5251962127575889,5.647629335159835,1.2854498274770565,0.9048055324001227,-1.07165078408044,-0.3041918912684436,0.10861153704143597,-1.487681751125962,1.066572152642809,0.9606997664835506,0.9841231756854657,0
-0.634918112038349,-1.1099901739376037,-1.179024470547907,0.6507475864734303,-0.23538436605243465,-1.177851894974348,0.06599664927436881,-0.8828162337175963,1.8105332511594245,-0.6849837281165926,-0.4814607612315388,0.8614896047553159,0.9841231756854657,0
0.7206745964472937,-1.1099901739376037,-0.502969299721533,0.3066159027278417,0.4405419421828948,-1.177851894974348,0.6994306322113446,1.4316811360790147,-0.603040146179498,0.003043148748581378,0.8085666669970842,-1.4203441149940845,0.9841231756854657,0
-0.12657084635623306,-1.1099901739376037,-1.179024470547907,-0.2643732743409254,-0.5733475201700994,0.9048055324001227,-0.4090788379283631,-0.3041918912684436,-1.0495008719737637,-0.34097028968400567,-0.4814607612315388,-0.7060309505507939,-1.0161329645585022,0
-0.634918112038349,0.9009088760241706,0.8491410419312149,-0.00814196009320034,-0.7423290972289317,-1.177851894974348,0.8577891279455886,-0.8828162337175963,-0.025662365453080038,0.5763988794695595,-0.4814607612315388,-0.7060309505507939,0.9841231756854657,0
0.21232733076517762,0.9009088760241706,-0.502969299721533,-0.3583695012994745,-0.23538436605243465,-1.177851894974348,0.22435514500861276,0.853056793629862,0.3872298847175565,0.5763988794695595,0.29255569570563505,0.8813316371009629,0.9841231756854657,0
-0.2960199349169384,0.9009088760241706,0.8491410419312149,-0.244964443203147,-0.23538436605243465,0.9048055324001227,-0.17154109432699713,-1.461440576166749,-0.8145215426083608,-0.11162799739561437,-0.22345527558581418,0.22654456969461315,-1.0161329645585022,0
0.38177641932588297,-1.1099901739376037,-0.502969299721533,-0.22242872145082013,0.7785050963005594,-1.177851894974348,0.06599664927436881,1.4316811360790147,-0.6399654693654903,0.1177142948927768,0.8085666669970842,0.782121475372728,0.9841231756854657,0
-0.634918112038349,-1.1099901739376037,-0.502969299721533,-0.303585746037511,-0.404365943111267,0.9048055324001227,-0.4090788379283631,-0.8828162337175963,-0.5627579754311435,-0.2262991435398101,-0.7394662468772634,-0.7258729828964409,0.9841231756854657,0
2.0762673049329363,-1.1099901739376037,0.8491410419312149,1.8832004675339362,1.7923945586535535,-1.177851894974348,-0.12070801719630482,-1.461440576166749,-0.9320112072910621,-1.143668312693375,2.356599580871432,-0.3488743683291487,0.9841231756854657,0
-0.2960199349169384,-1.1099901739376037,-1.179024470547907,0.36146282749716985,-0.404365943111267,-1.177851894974348,0.8577891279455886,1.4316811360790147,-1.1233515183457474,0.1177142948927768,-0.4814607612315388,-0.22982217425526694,0.9841231756854657,0
-0.634918112038349,0.9009088760241706,-0.502969299721533,-0.7269951615256931,-0.7423290972289317,-1.177851894974348,-1.2110062603265745,0.853056793629862,-0.14986572526050698,-0.9143260204049839,-0.4814607612315388,0.26622863438590705,-1.0161329645585022,0
-0.9738162891597597,-1.1099901739376037,1.5251962127575889,-0.5425559923978546,-0.5733475201700994,0.9048055324001227,-0.7158192441655936,-1.461440576166749,-0.780953066984732,-0.34097028968400567,-0.4814607612315388,0.3455967637684949,-1.0161329645585022,0
-0.46546902347764374,-1.1099901739376037,0.8491410419312149,-0.356885017876406,-0.5733475201700994,-1.177851894974348,0.8577891279455886,0.2744324511807092,-0.17336365819704735,1.379096902478929,-0.4814607612315388,0.6829113136444932,0.9841231756854657,0
-0.634918112038349,0.9009088760241706,-1.179024470547907,-0.49165716183881497,-0.911310674287764,0.9048055324001227,-1.2008713165995828,0.853056793629862,0.001192415045823164,-1.143668312693375,-0.4814607612315388,-0.5076106270943244,0.9841231756854657,0
0.5512255078865883,-1.1099901739376037,-0.502969299721533,-0.5666551594574557,0.2715603651240624,0.9048055324001227,-1.0330113111212842,-0.8828162337175963,-1.559741701452924,-0.7996548742607882,-0.22345527558581418,0.46464895784237664,0.9841231756854657,0
0.21232733076517762,0.9009088760241706,-0.502969299721533,0.6479839205262284,-0.06640278899360229,-1.177851894974348,0.06599664927436881,0.853056793629862,-1.6436628905119963,-0.6849837281165926,0.5505611813513597,0.782121475372728,-1.0161329645585022,0
-0.2960199349169384,0.9009088760241706,-0.502969299721533,1.4133772565096023,-0.06640278899360229,-1.177851894974348,4.024959042630468,-1.461440576166749,-0.1263677923239666,0.8057411717579506,-0.4814607612315388,0.10749237562073138,0.9841231756854657,0
-0.9738162891597597,-1.1099901739376037,0.8491410419312149,0.1742757847989705,-0.7423290972289317,-1.177851894974348,-0.16441496201895617,-0.8828162337175963,-1.371758237960602,-0.570312581972397,-0.7394662468772634,0.06780831092943747,-1.0161329645585022,0
-0.634918112038349,0.9009088760241706,1.5251962127575889,-0.29878486347780014,-0.7423290972289317,0.9048055324001227,-0.4090788379283631,-0.8828162337175963,-1.1602768415317393,-0.34097028968400567,-0.22345527558581418,0.9408577341379036,0.9841231756854657,0
1.7373691278115257,0.9009088760241706,0.8491410419312149,0.27234644498253735,1.6234129815947211,0.9048055324001227,-0.013182598592753173,-0.8828162337175963,-1.0125755487877717,-0.45564143582820127,1.3245776382885335,-0.4282424977117365,0.9841231756854657,0
-0.46546902347764374,-1.1099901739376037,1.5251962127575889,0.27991099348945014,-0.5733475201700994,-1.177851894974348,0.38271364074285674,-1.461440576166749,-1.7477251649452463,-0.2262991435398101,-0.4814607612315388,-0.17029607721832604,0.9841231756854657,0
-0.8043672005990544,0.9009088760241706,-0.502969299721533,-0.5850216937237179,-0.911310674287764,0.9048055324001227,0.06599664927436881,1.4316811360790147,-0.4452683107484422,1.035083464046342,-0.7394662468772634,-0.8846092416616166,-1.0161329645585022,0
0.0428782422044723,0.9009088760241706,-0.502969299721533,-0.4497757784560743,-0.06640278899360229,0.9048055324001227,-0.5029854258987697,0.2744324511807092,-1.7477251649452463,-0.2262991435398101,0.03455021005991044,0.2463866020402601,0.9841231756854657,0
2.415165482054347,0.9009088760241706,-1.179024470547907,0.0793793923604756,2.2993392898300504,0.9048055324001227,0.06599664927436881,-0.8828162337175963,-1.1032104329715702,-0.2262991435398101,2.098594095225707,0.14717644031202531,0.9841231756854657,0
0.0428782422044723,0.9009088760241706,-0.502969299721533,0.6813058356610635,-0.23538436605243465,0.9048055324001227,-1.2341266007037741,0.2744324511807092,-1.1602768415317393,-1.487681751125962,-0.22345527558581418,-0.03140185079879733,-1.0161329645585022,0
0.0428782422044723,-1.1099901739376037,-1.179024470547907,-0.536349588299281,-0.23538436605243465,0.9048055324001227,-1.2526545447046806,-1.461440576166749,-0.8984427316674333,-1.143668312693375,0.5505611813513597,0.6829113136444932,0.9841231756854657,0
-0.634918112038349,0.9009088760241706,-0.502969299721533,0.1555934029958852,-0.911310674287764,-1.177851894974348,0.8577891279455886,0.853056793629862,1.343931439990982,0.3470565871811683,-0.4814607612315388,1.258330251668255,-1.0161329645585022,0
-0.46546902347764374,-1.1099901739376037,-1.179024470547907,-0.10156966148546791,-0.5733475201700994,-1.177851894974348,-1.042512820865339,-0.3041918912684436,2.142861159833352,-1.143668312693375,-0.997471732522988,-1.0433455004267922,0.9841231756854657,0
2.923512747736463,0.9009088760241706,1.5251962127575889,-0.9034907651024312,2.637302443947715,0.9048055324001227,-1.2008713165995828,1.4316811360790147,-1.3113349818380697,-0.570312581972397,1.3245776382885335,0.305912699077201,-1.0161329645585022,0
0.0428782422044723,0.9009088760241706,0.8491410419312149,0.7031151080786974,0.2715603651240624,-1.177851894974348,0.06599664927436881,1.4316811360790147,-0.8413763231072641,-0.6849837281165926,1.066572152642809,0.2463866020402601,0.9841231756854657,0
1.5679200392508204,-1.1099901739376037,-1.179024470547907,13.506058182709678,1.4544314045358888,-1.177851894974348,-0.29363549453809923,0.853056793629862,0.29323815297139555,-1.487681751125962,2.356599580871432,-0.11076998018138517,0.9841231756854657,0
-0.9738162891597597,0.9009088760241706,-0.502969299721533,0.48178494664992283,-0.5733475201700994,-1.177851894974348,-0.2507203421941191,0.853056793629862,-1.371758237960602,-0.7996548742607882,-0.4814607612315388,0.9011736694466097,0.9841231756854657,0
-0.46546902347764374,-1.1099901739376037,-0.502969299721533,-0.20371475489405252,-0.23538436605243465,0.9048055324001227,-0.8841543251310949,0.2744324511807092,0.3503045615315648,-0.9143260204049839,-0.4814607612315388,0.6035431842619053,0.9841231756854657,0
1.398470950690115,-1.1099901739376037,-0.502969299721533,-0.30120109713449666,1.7923945586535535,-1.177851894974348,-0.6333144678880526,-0.8828162337175963,0.17239164072633087,-0.570312581972397,0.8085666669970842,-0.4877685947486774,0.9841231756854657,0
0.5512255078865883,0.9009088760241706,-1.179024470547907,4.43324293320561,0.4405419421828948,-1.177851894974348,0.06599664927436881,0.853056793629862,1.7803216230981584,-1.2583394588375707,0.29255569570563505,0.20670253734896618,0.9841231756854657,0
-0.46546902347764374,0.9009088760241706,-1.179024470547907,-0.40328302103571667,-0.5733475201700994,0.9048055324001227,-1.2800505644667048,0.2744324511807092,0.15560740291451672,-1.2583394588375707,-0.22345527558581418,0.4448069254967297,-1.0161329645585022,0
0.0428782422044723,-1.1099901739376037,-0.502969299721533,1.1418747138564813,0.2715603651240624,-1.177851894974348,-0.6163701088444884,1.4316811360790147,-0.9823639207265057,-1.143668312693375,0.8085666669970842,0.782121475372728,0.9841231756854657,0
-0.9738162891597597,-1.1099901739376037,-0.502969299721533,-0.30036410116191553,-0.23538436605243465,0.9048055324001227,0.06599664927436881,0.2744324511807092,-1.623521805137819,0.23238544103697253,-0.7394662468772634,-0.011559818453150373,-1.0161329645585022,0
-0.8043672005990544,-1.1099901739376037,0.8491410419312149,0.36580573112848724,-0.7423290972289317,-1.177851894974348,0.38271364074285674,0.853056793629862,0.01797665285763789,-0.2262991435398101,-0.7394662468772634,-0.7853990799333818,-1.0161329645585022,0
-0.46546902347764374,-1.1099901739376037,-0.502969299721533,0.12138711475794546,-0.06640278899360229,-1.177851894974348,-0.8512157580183722,1.4316811360790147,0.1119683846037988,-1.0289971665491795,-0.4814607612315388,0.40512286080543575,0.9841231756854657,0
1.0595727735687044,0.9009088760241706,-1.179024470547907,-0.4530605928390344,1.1164682504182242,0.9048055324001227,-1.2008713165995828,-0.3041918912684436,-0.09279931670033775,-1.143668312693375,0.8085666669970842,0.305912699077201,0.9841231756854657,0
-0.8043672005990544,-1.1099901739376037,-1.179024470547907,0.30382065202695746,-0.911310674287764,-1.177851894974348,0.2191293146493827,0.853056793629862,-0.07937192645088645,-0.34097028968400567,-0.7394662468772634,0.6035431842619053,0.9841231756854657,0
-0.2960199349169384,0.9009088760241706,-1.179024470547907,0.4059183683050186,0.10257878806523006,-1.177851894974348,0.5374298910752131,0.2744324511807092,-1.2106295549671826,-0.2262991435398101,-0.7394662468772634,-1.6981325678331418,0.9841231756854657,0
0.890123685007999,0.9009088760241706,0.8491410419312149,0.11350671871420957,1.1164682504182242,-1.177851894974348,-1.0534395570710018,-0.3041918912684436,-0.22035952407012813,-1.2583394588375707,1.582583123934258,0.18686050500331922,0.9841231756854657,0
-0.8043672005990544,0.9009088760241706,-0.502969299721533,0.3617944674108341,-0.7423290972289317,-1.177851894974348,-0.4090788379283631,-1.461440576166749,-0.8682311036061672,-0.7996548742607882,-0.7394662468772634,-0.6465048535138531,0.9841231756854657,0
-0.12657084635623306,0.9009088760241706,-0.502969299721533,-0.5622490863187737,0.10257878806523006,0.9048055324001227,-0.8841543251310949,0.2744324511807092,0.16232109803924238,-0.570312581972397,1.066572152642809,-0.190138109563973,-1.0161329645585022,0
-0.634918112038349,0.9009088760241706,1.5251962127575889,0.8342392129907997,-0.5733475201700994,-1.177851894974348,1.3328646151483206,0.2744324511807092,0.3637319517810161,0.003043148748581378,-0.4814607612315388,0.3455967637684949,0.9841231756854657,0
-0.2960199349169384,-1.1099901739376037,-0.502969299721533,-0.5874221350035733,-0.5733475201700994,0.9048055324001227,-1.043146254848276,1.4316811360790147,-1.3046212867133438,-0.7996548742607882,-0.4814607612315388,0.20670253734896618,-1.0161329645585022,0
-0.46546902347764374,-1.1099901739376037,1.5251962127575889,0.3938214076446946,-0.404365943111267,-1.177851894974348,0.41153488696648916,-1.461440576166749,-1.240841183028449,-0.2262991435398101,-0.7394662468772634,0.22654456969461315,-1.0161329645585022,0
1.906818216372231,0.9009088760241706,-0.502969299721533,-0.2992428424061936,1.6234129815947211,-1.177851894974348,-0.7257958293968509,-1.461440576166749,0.1253957748532507,-0.6849837281165926,1.8405886095799828,0.3654387961141419,-1.0161329645585022,0
-0.46546902347764374,-1.1099901739376037,0.8491410419312149,1.124313590809118,-0.404365943111267,0.9048055324001227,-1.042512820865339,-0.8828162337175963,0.8639022385730879,-1.3730106049817663,-0.4814607612315388,-1.4798702120310254,0.9841231756854657,0
0.0428782422044723,0.9009088760241706,-1.179024470547907,-0.34227706929833845,0.6095235192417271,0.9048055324001227,0.06599664927436881,0.2744324511807092,-0.10622670694978965,0.3470565871811683,0.5505611813513597,0.38528082845978884,-1.0161329645585022,0
-0.12657084635623306,0.9009088760241706,-0.502969299721533,-0.23577327988159533,-0.06640278899360229,-1.177851894974348,-0.8683184755576706,-1.461440576166749,-0.029019213015442864,-0.9143260204049839,0.29255569570563505,1.278172284013902,-1.0161329645585022,0
0.890123685007999,0.9009088760241706,0.17308587110484092,0.45470102036734356,0.7785050963005594,-1.177851894974348,1.6495816066168083,-0.3041918912684436,1.2969355741179014,0.4617277333253637,1.066572152642809,1.3773824457421369,-1.0161329645585022,0
-0.9738162891597597,-1.1099901739376037,-1.179024470547907,0.09743007908991472,-0.911310674287764,0.9048055324001227,-1.2553466391321628,-0.8828162337175963,0.7061304031420315,-1.3730106049817663,-0.4814607612315388,-0.7060309505507939,0.9841231756854657,0
0.7206745964472937,0.9009088760241706,-1.179024470547907,-0.4889566653989776,0.9474866733593919,-1.177851894974348,-1.1691996174527342,-0.8828162337175963,0.001192415045823164,-1.143668312693375,0.5505611813513597,0.9210157017922567,0.9841231756854657,0
1.0595727735687044,0.9009088760241706,-1.179024470547907,0.07677365018168518,1.2854498274770565,0.9048055324001227,0.06599664927436881,-0.3041918912684436,-0.11965409719924096,-0.2262991435398101,1.066572152642809,1.4567505751247247,-1.0161329645585022,0
-0.634918112038349,0.9009088760241706,0.8491410419312149,-0.32776387498131787,-0.911310674287764,-1.177851894974348,-0.5674373336626071,0.2744324511807092,-0.018948670328354386,-0.45564143582820127,-0.4814607612315388,-2.7696023144980777,0.9841231756854657,0
-0.9738162891597597,-1.1099901739376037,-0.502969299721533,-0.29984295272615746,-0.911310674287764,-1.177851894974348,0.5094004373302519,-0.8828162337175963,-1.3516171525864242,0.8057411717579506,-0.7394662468772634,-0.190138109563973,0.9841231756854657,0
-0.2960199349169384,0.9009088760241706,0.8491410419312149,0.17364408972532433,-0.404365943111267,-1.177851894974348,1.6495816066168083,0.2744324511807092,0.8739727812601764,0.9204123179021463,-0.22345527558581418,0.8614896047553159,-1.0161329645585022,0
-0.46546902347764374,0.9009088760241706,0.8491410419312149,-0.43349383793284446,-0.7423290972289317,0.9048055324001227,0.06599664927436881,-0.8828162337175963,-0.8984427316674333,0.5763988794695595,-0.7394662468772634,-2.987864670300194,0.9841231756854657,0
-0.634918112038349,-1.1099901739376037,-0.502969299721533,0.8424512489481998,-0.404365943111267,0.9048055324001227,-0.9474977234247925,-0.3041918912684436,-0.005521280078902488,-1.2583394588375707,-0.4814607612315388,-1.2616078562289088,0.9841231756854657,0
0.21232733076517762,0.9009088760241706,-1.179024470547907,1.785082430219846,0.10257878806523006,-1.177851894974348,-0.4090788379283631,-0.8828162337175963,0.7027735555796687,-1.143668312693375,0.03455021005991044,-0.30919030363785477,0.9841231756854657,0
0.38177641932588297,0.9009088760241706,-1.179024470547907,1.4846640455705717,0.7785050963005594,-1.177851894974348,4.024959042630468,0.853056793629862,0.3738024944681046,0.6910700256137552,0.5505611813513597,-1.3211339532658497,0.9841231756854657,0
-0.8043672005990544,-1.1099901739376037,0.8491410419312149,-0.3027803348186121,-0.7423290972289317,-1.177851894974348,-0.5674373336626071,0.853056793629862,-1.2441980305908118,-0.45564143582820127,-0.7394662468772634,-0.13061201252703214,0.9841231756854657,0
-0.634918112038349,0.9009088760241706,0.8491410419312149,-0.19622916827134548,-0.7423290972289317,0.9048055324001227,-0.5674373336626071,-0.8828162337175963,-1.0864261951597556,-0.570312581972397,-0.4814607612315388,-1.5989224061049072,0.9841231756854657,0
-0.8043672005990544,0.9009088760241706,0.8491410419312149,-0.29581589663166313,-0.911310674287764,0.9048055324001227,-0.4090788379283631,-0.8828162337175963,-0.9689365304770544,-0.34097028968400567,-0.7394662468772634,-1.2219237915376149,0.9841231756854657,0
-0.46546902347764374,0.9009088760241706,-1.179024470547907,-0.14645159646802783,-0.06640278899360229,-1.177851894974348,-1.1691996174527342,-1.461440576166749,-1.1401357561575618,-1.2583394588375707,-0.4814607612315388,0.4249648931510827,0.9841231756854657,0
-0.12657084635623306,0.9009088760241706,0.8491410419312149,-0.15767997640208836,-0.404365943111267,-1.177851894974348,-0.9704597053062579,1.4316811360790147,-1.761152555194698,-1.0289971665491795,-0.22345527558581418,-1.5195542767223194,0.9841231756854657,0
-0.46546902347764374,0.9009088760241706,1.5251962127575889,-0.7940338012163922,-0.911310674287764,-1.177851894974348,-1.2792587719880337,-0.8828162337175963,-0.03237606057780569,-1.0289971665491795,-0.4814607612315388,1.258330251668255,0.9841231756854657,0
0.5512255078865883,0.9009088760241706,0.8491410419312149,1.8818897002561206,0.4405419421828948,-1.177851894974348,0.5846207228040178,1.4316811360790147,-1.4724636648314886,-0.7996548742607882,0.03455021005991044,-0.051243883144444294,0.9841231756854657,0
-0.634918112038349,0.9009088760241706,1.5251962127575889,-0.9770042792980035,-0.911310674287764,0.9048055324001227,-1.2304843553018865,1.4316811360790147,-1.0058618536630461,-0.45564143582820127,-0.7394662468772634,-2.0156050853634935,0.9841231756854657,0
0.0428782422044723,-1.1099901739376037,-0.502969299721533,1.1225606369797498,-0.06640278899360229,-1.177851894974348,0.06203768688101271,1.4316811360790147,-1.2106295549671826,-0.7996548742607882,0.5505611813513597,0.801963507718375,0.9841231756854657,0
0.38177641932588297,0.9009088760241706,-1.179024470547907,1.497076853767719,0.4405419421828948,-1.177851894974348,-0.588182296603793,-1.461440576166749,-0.18343420088413584,-1.2583394588375707,0.5505611813513597,-0.2893482712922078,0.9841231756854657,0
-0.9738162891597597,0.9009088760241706,-0.502969299721533,-0.846385530444818,-0.911310674287764,0.9048055324001227,-0.7300715087816756,-0.8828162337175963,-1.338189762336973,0.5763988794695595,-0.4814607612315388,0.0479662785837905,0.9841231756854657,0
-0.46546902347764374,-1.1099901739376037,-0.502969299721533,-0.3758990395931555,-0.5733475201700994,0.9048055324001227,-0.4090788379283631,-0.8828162337175963,-0.7104592681751108,-0.2262991435398101,-0.7394662468772634,-0.11076998018138517,0.9841231756854657,0
1.0595727735687044,0.9009088760241706,1.5251962127575889,-0.2921204804508331,1.2854498274770565,0.9048055324001227,-0.6624524311031534,0.853056793629862,0.7229146409538463,-0.570312581972397,0.5505611813513597,-0.20998014190961997,-1.0161329645585022,0
-0.8043672005990544,-1.1099901739376037,-0.502969299721533,-0.6200491855573976,-0.911310674287764,-1.177851894974348,1.0958019470341573,0.853056793629862,-0.7138161157374736,3.0991640946418633,-0.22345527558581418,0.305912699077201,-1.0161329645585022,0
0.890123685007999,0.9009088760241706,0.8491410419312149,-0.7181040533641234,0.7785050963005594,0.9048055324001227,-0.8841543251310949,-0.8828162337175963,-0.2572848472561198,-0.2262991435398101,1.066572152642809,-0.15045404487267908,-1.0161329645585022,0
-0.46546902347764374,0.9009088760241706,-0.502969299721533,-0.11102929521331921,-0.23538436605243465,0.21058638994196582,0.6994306322113446,1.4316811360790147,0.0045492626081859895,0.5763988794695595,-0.997471732522988,1.2186461869769611,-1.0161329645585022,0
-0.2960199349169384,0.9009088760241706,-0.502969299721533,-0.2619096635537053,-0.5733475201700994,0.21058638994196582,-0.5674373336626071,1.4316811360790147,1.5050601229844014,-0.570312581972397,-0.7394662468772634,1.3773824457421369,0.9841231756854657,0
-0.46546902347764374,0.9009088760241706,-1.179024470547907,-0.3900648016196707,-0.911310674287764,0.9048055324001227,-0.7574675285436998,-0.8828162337175963,0.7195577933914834,-0.570312581972397,-0.4814607612315388,-0.7258729828964409,0.9841231756854657,0
-0.8043672005990544,-1.1099901739376037,0.8491410419312149,-0.4271610948195417,-0.911310674287764,0.9048055324001227,0.28215599595161184,-0.3041918912684436,0.07839990898016995,0.8057411717579506,-0.7394662468772634,-1.12271362980938,0.9841231756854657,0
-0.634918112038349,0.9009088760241706,-1.179024470547907,0.2723306526056962,-0.911310674287764,0.9048055324001227,-0.4884164442912193,0.2744324511807092,-1.1703473842188281,-0.7996548742607882,-0.4814607612315388,0.22654456969461315,0.9841231756854657,0
-0.12657084635623306,-1.1099901739376037,-1.179024470547907,-0.11177153692485345,0.10257878806523006,-1.177851894974348,-0.7257958293968509,-0.3041918912684436,0.10189784191671032,-0.7996548742607882,-0.22345527558581418,-3.9204401905456012,0.9841231756854657,0
-0.8043672005990544,-1.1099901739376037,-0.502969299721533,0.49667715801113116,-0.5733475201700994,-1.177851894974348,-1.1566892962897288,-0.8828162337175963,0.4980058542755321,-1.3730106049817663,-0.7394662468772634,1.0202258635204915,0.9841231756854657,0
0.5512255078865883,0.9009088760241706,-1.179024470547907,-0.010337100474120758,0.7785050963005594,-1.177851894974348,-0.4090788379283631,-1.461440576166749,-1.0092187012254088,-0.570312581972397,0.5505611813513597,0.3455967637684949,0.9841231756854657,0
0.21232733076517762,0.9009088760241706,-0.502969299721533,-0.4086840139153914,-0.23538436605243465,-1.177851894974348,-0.05055520358603475,-1.461440576166749,-0.8883721889803448,0.3470565871811683,0.03455021005991044,0.4448069254967297,0.9841231756854657,0
-0.12657084635623306,-1.1099901739376037,-0.502969299721533,-0.40966314127954295,-0.06640278899360229,-1.177851894974348,-0.646616581529729,1.4316811360790147,0.8370474580741847,-0.45564143582820127,1.066572152642809,-0.051243883144444294,-1.0161329645585022,0
0.890123685007999,-1.1099901739376037,-0.502969299721533,-0.5686449989394411,0.2715603651240624,-1.177851894974348,-0.5249972568058296,-1.461440576166749,0.2965950005337584,0.003043148748581378,0.03455021005991044,0.5440170872249644,0.9841231756854657,0
-0.8043672005990544,-1.1099901739376037,0.8491410419312149,-0.3933022388721073,-0.911310674287764,0.9048055324001227,0.06599664927436881,-0.8828162337175963,-0.005521280078902488,0.4617277333253637,-0.7394662468772634,0.5043330225336705,-1.0161329645585022,0
1.2290218621294098,-1.1099901739376037,-0.502969299721533,-0.3288851337370398,0.6095235192417271,0.9048055324001227,0.06599664927436881,-0.8828162337175963,0.8840433239472655,0.3470565871811683,2.098594095225707,-0.26950623894656084,0.9841231756854657,0
-0.12657084635623306,0.9009088760241706,-0.502969299721533,0.025132577911111315,-0.404365943111267,0.9048055324001227,-0.7257958293968509,-0.8828162337175963,1.0317446166912327,-0.9143260204049839,-0.22345527558581418,0.20670253734896618,0.9841231756854657,0
0.5512255078865883,0.9009088760241706,-0.502969299721533,-0.24385897682426622,0.6095235192417271,0.9048055324001227,-0.963333572998217,-1.461440576166749,-0.15993626794759605,-1.0289971665491795,1.582583123934258,1.0599099282117854,0.9841231756854657,0
0.21232733076517762,-1.1099901739376037,-0.502969299721533,1.279394731389251,-0.23538436605243465,-1.177851894974348,-0.20907205781601296,0.2744324511807092,0.36037510421865326,-1.0289971665491795,-0.22345527558581418,-1.142555662155027,0.9841231756854657,0
-0.2960199349169384,0.9009088760241706,-0.502969299721533,-0.4871879191927683,-0.5733475201700994,0.9048055324001227,0.38271364074285674,0.2744324511807092,-1.166990536656465,1.1497546101905376,-0.997471732522988,-1.5790803737592602,0.9841231756854657,0
-0.8043672005990544,-1.1099901739376037,1.5251962127575889,-0.012532240855041177,-0.7423290972289317,-1.177851894974348,-0.646616581529729,-1.461440576166749,-1.0495008719737637,-0.7996548742607882,-0.7394662468772634,-1.4401861473397315,0.9841231756854657,0
-0.2960199349169384,-1.1099901739376037,-0.502969299721533,-0.29993770698720434,-0.06640278899360229,-1.177851894974348,1.880468293397336,1.4316811360790147,-0.2874964753173858,2.411137217776689,0.29255569570563505,0.6630692812988462,0.9841231756854657,0
-0.2960199349169384,0.9009088760241706,-0.502969299721533,1.1265719006974029,-0.7423290972289317,-1.177851894974348,1.5905138877079354,-1.461440576166749,0.3738024944681046,-0.11162799739561437,-0.7394662468772634,-2.4322877646220795,0.9841231756854657,0
0.38177641932588297,-1.1099901739376037,-0.502969299721533,0.6446359366359038,0.2715603651240624,0.21058638994196582,2.4413740852880284,-0.3041918912684436,0.5819270433346045,0.8057411717579506,0.03455021005991044,1.317856348705196,-1.0161329645585022,0
1.0595727735687044,0.9009088760241706,1.5251962127575889,1.372759263274154,1.2854498274770565,-1.177851894974348,2.4413740852880284,0.2744324511807092,0.3905867322799193,0.1177142948927768,0.29255569570563505,1.4170665104334308,0.9841231756854657,0
-0.634918112038349,-1.1099901739376037,1.5251962127575889,0.41852068502425954,-0.23538436605243465,-1.177851894974348,2.4413740852880284,-0.3041918912684436,0.40737097009173406,1.035083464046342,-0.4814607612315388,1.1194360252487263,0.9841231756854657,0
-0.12657084635623306,-1.1099901739376037,0.8491410419312149,-0.016053940890618536,-0.23538436605243465,-1.177851894974348,-0.5674373336626071,-0.8828162337175963,0.05490197604362957,-0.6849837281165926,-0.22345527558581418,-2.134657279437375,0.9841231756854657,0
0.0428782422044723,-1.1099901739376037,-0.502969299721533,-0.15071553821513942,-0.06640278899360229,0.9048055324001227,0.47091932286683064,1.4316811360790147,0.27981076272194366,0.4617277333253637,0.29255569570563505,-0.7655570475877348,0.9841231756854657,0
-0.2960199349169384,-1.1099901739376037,-1.179024470547907,-0.20223027147098405,-0.06640278899360229,0.9048055324001227,-0.08555243114330266,-0.3041918912684436,0.001192415045823164,-0.11162799739561437,-0.997471732522988,-0.5274526594399713,0.9841231756854657,0
1.5679200392508204,0.9009088760241706,-1.179024470547907,0.30484715652163247,1.2854498274770565,-1.177851894974348,0.06599664927436881,-0.3041918912684436,-0.27742593263029736,-0.45564143582820127,0.5505611813513597,-1.3806600503027906,0.9841231756854657,0
0.5512255078865883,0.9009088760241706,-0.502969299721533,-0.00945272737101613,0.2715603651240624,-1.177851894974348,-0.6326810339051155,0.853056793629862,0.041474585794178266,-0.7996548742607882,-0.22345527558581418,-0.2893482712922078,0.9841231756854657,0
-0.2960199349169384,0.9009088760241706,-0.502969299721533,2.5098419805909304,-0.23538436605243465,-1.177851894974348,0.38271364074285674,0.2744324511807092,-1.4489657318949483,-1.0289971665491795,-0.4814607612315388,-0.11076998018138517,-1.0161329645585022,0
-0.634918112038349,-1.1099901739376037,-0.502969299721533,0.33213638370314674,-0.911310674287764,-1.177851894974348,2.4413740852880284,-1.461440576166749,0.9343960373827085,1.2644257563347332,-0.7394662468772634,0.2463866020402601,0.9841231756854657,0
-0.8043672005990544,0.9009088760241706,-0.502969299721533,-0.8540132484590954,-0.7423290972289317,0.9048055324001227,-1.0193924804881394,0.2744324511807092,0.739698878765661,-0.2262991435398101,-0.7394662468772634,1.0400678958661385,0.9841231756854657,0
0.7206745964472937,0.9009088760241706,-1.179024470547907,-0.537581393692891,0.6095235192417271,0.9048055324001227,-1.3357927549651587,-1.461440576166749,-0.542616890056966,-1.2583394588375707,1.066572152642809,0.7027533459901402,0.9841231756854657,0
0.5512255078865883,-1.1099901739376037,0.8491410419312149,0.45305861317586354,-0.06640278899360229,0.9048055324001227,2.4413740852880284,0.853056793629862,0.2294580492865001,1.035083464046342,0.03455021005991044,-1.2219237915376149,0.9841231756854657,0
-0.2960199349169384,-1.1099901739376037,-0.502969299721533,0.060254824005838,-0.23538436605243465,0.9048055324001227,-0.48034016100877286,0.2744324511807092,-1.1099241280962957,-0.6849837281165926,-0.4814607612315388,-0.20998014190961997,0.9841231756854657,0
-0.8043672005990544,-1.1099901739376037,-1.179024470547907,-0.2084366755695576,-0.23538436605243465,-1.177851894974348,0.06599664927436881,-0.8828162337175963,-0.005521280078902488,0.1177142948927768,-0.4814607612315388,0.4448069254967297,0.9841231756854657,0
0.0428782422044723,0.9009088760241706,-1.179024470547907,4.445450440503822,-0.06640278899360229,-1.177851894974348,4.024959042630468,-1.461440576166749,-0.018948670328354386,-0.45564143582820127,0.5505611813513597,0.22654456969461315,0.9841231756854657,0
-0.8043672005990544,-1.1099901739376037,0.8491410419312149,0.2745257929866166,-0.5733475201700994,0.9048055324001227,-1.3025374708609676,-0.8828162337175963,-0.6869613352385705,-1.487681751125962,-0.7394662468772634,0.14717644031202531,0.9841231756854657,0
0.21232733076517762,0.9009088760241706,1.5251962127575889,2.544348323988852,0.10257878806523006,0.9048055324001227,0.8577891279455886,-0.3041918912684436,-0.26399854238084547,-0.9143260204049839,0.29255569570563505,1.0202258635204915,-1.0161329645585022,0
0.38177641932588297,0.9009088760241706,-1.179024470547907,0.38385641785792635,-0.23538436605243465,-1.177851894974348,0.6994306322113446,0.853056793629862,-0.11629724963687813,-0.11162799739561437,0.8085666669970842,-0.32903233598350173,-1.0161329645585022,0
-0.8043672005990544,-1.1099901739376037,0.8491410419312149,-0.759890682485817,-0.5733475201700994,0.21058638994196582,-1.0306359336852706,0.2744324511807092,0.1354663175403392,-0.45564143582820127,-0.4814607612315388,0.20670253734896618,0.9841231756854657,0
-0.634918112038349,-1.1099901739376037,0.8491410419312149,0.26882474494696,-0.404365943111267,-1.177851894974348,2.4413740852880284,-0.8828162337175963,-0.24721430456903132,1.379096902478929,-0.4814607612315388,-0.17029607721832604,-1.0161329645585022,0
-0.8043672005990544,0.9009088760241706,-0.502969299721533,-0.9959393391305472,-0.911310674287764,0.9048055324001227,-1.2707074132183844,0.2744324511807092,-0.8447331706696268,-0.570312581972397,-0.4814607612315388,-0.9242933063529105,0.9841231756854657,0
1.2290218621294098,0.9009088760241706,-1.179024470547907,0.1846671687604499,0.9474866733593919,-1.177851894974348,1.9662985980852963,-0.3041918912684436,-0.018948670328354386,1.1497546101905376,0.8085666669970842,-2.075131182400434,0.9841231756854657,0
-0.46546902347764374,0.9009088760241706,-0.502969299721533,0.1541878814570225,-0.23538436605243465,0.9048055324001227,1.0161476236798326,0.853056793629862,-0.20021843869595057,0.4617277333253637,-0.7394662468772634,0.801963507718375,0.9841231756854657,0
-0.8043672005990544,-1.1099901739376037,0.8491410419312149,-0.4908517506199161,-0.911310674287764,0.9048055324001227,-1.2008713165995828,-1.461440576166749,-0.47547993880970824,-1.143668312693375,-0.997471732522988,-0.6465048535138531,0.9841231756854657,0
0.5512255078865883,-1.1099901739376037,-0.502969299721533,0.7058945664027404,0.7785050963005594,-1.177851894974348,4.024959042630468,0.853056793629862,-0.6567497071773044,1.6084391947673204,0.5505611813513597,0.08765034327508442,0.9841231756854657,0
0.7206745964472937,-1.1099901739376037,-0.502969299721533,1.4307962481653953,0.10257878806523006,-1.177851894974348,-0.5329151815925418,0.2744324511807092,-0.7272435059869256,-1.143668312693375,1.582583123934258,1.5559607368529593,0.9841231756854657,0
1.0595727735687044,-1.1099901739376037,-1.179024470547907,-0.012705957000293871,0.6095235192417271,-1.177851894974348,-0.7257958293968509,-0.3041918912684436,-0.11965409719924096,-0.9143260204049839,0.8085666669970842,0.5241750548793175,0.9841231756854657,0
-0.12657084635623306,-1.1099901739376037,1.5251962127575889,-0.757521825959644,-0.404365943111267,0.9048055324001227,-1.2228831475066428,-0.8828162337175963,0.5382880250238866,-0.9143260204049839,0.29255569570563505,0.10749237562073138,0.9841231756854657,0
2.754063659175758,0.9009088760241706,0.17308587110484092,-0.33554951676400685,2.2993392898300504,-1.177851894974348,-0.7257958293968509,-0.3041918912684436,0.5953544335840558,-0.570312581972397,2.356599580871432,1.8932752867289577,0.9841231756854657,0
-0.46546902347764374,0.9009088760241706,-1.179024470547907,1.0670662247599343,-0.911310674287764,0.9048055324001227,0.8577891279455886,-0.3041918912684436,0.1791053358510565,-0.45564143582820127,-0.4814607612315388,-0.13061201252703214,0.9841231756854657,0
-0.634918112038349,0.9009088760241706,1.5251962127575889,-0.4863193384665049,-0.7423290972289317,-1.177851894974348,-0.5674373336626071,0.2744324511807092,0.001192415045823164,-0.2262991435398101,-0.7394662468772634,-1.182239726846321,0.9841231756854657,0
0.21232733076517762,0.9009088760241706,-1.179024470547907,0.13858501313796226,0.6095235192417271,-1.177851894974348,0.38271364074285674,-0.8828162337175963,-0.717172963299837,0.003043148748581378,0.03455021005991044,-0.03140185079879733,0.9841231756854657,0
2.0762673049329363,0.9009088760241706,0.8491410419312149,-0.24130061177599924,1.6234129815947211,-1.177851894974348,-1.042512820865339,0.2744324511807092,-0.4284840729366275,-1.0289971665491795,2.6146050665171567,-1.12271362980938,-1.0161329645585022,0
-0.9738162891597597,0.9009088760241706,-0.502969299721533,-0.5333490366994618,-0.404365943111267,0.9048055324001227,-0.39736030924402904,-1.461440576166749,-0.002164432516539662,0.1177142948927768,-0.7394662468772634,0.6829113136444932,0.9841231756854657,0
0.21232733076517762,0.9009088760241706,-0.502969299721533,0.1757444758451978,0.4405419421828948,0.9048055324001227,1.6495816066168083,0.2744324511807092,-0.8313057804201756,0.9204123179021463,1.066572152642809,0.801963507718375,0.9841231756854657,0
0.38177641932588297,-1.1099901739376037,-0.502969299721533,2.544111438336235,0.4405419421828948,-1.177851894974348,-0.5674373336626071,-0.8828162337175963,-0.022305517890717212,-1.3730106049817663,0.5505611813513597,-0.3488743683291487,0.9841231756854657,0
-0.634918112038349,0.9009088760241706,-0.502969299721533,0.5391428593369945,-0.404365943111267,-1.177851894974348,0.06599664927436881,-0.3041918912684436,1.6259066352294655,-0.570312581972397,-0.7394662468772634,0.7622794430270811,0.9841231756854657,0
-0.634918112038349,-1.1099901739376037,-1.179024470547907,-0.012137431434012323,-0.7423290972289317,0.9048055324001227,0.8577891279455886,1.4316811360790147,-0.2673553899432083,0.5763988794695595,-0.7394662468772634,0.46464895784237664,-1.0161329645585022,0
0.890123685007999,-1.1099901739376037,0.8491410419312149,-0.40410422463145673,0.7785050963005594,0.9048055324001227,-0.0543558074836566,0.2744324511807092,-1.0864261951597556,0.3470565871811683,0.29255569570563505,-1.12271362980938,0.9841231756854657,0
0.7206745964472937,0.9009088760241706,-1.179024470547907,-0.7494992985243377,0.6095235192417271,0.9048055324001227,-0.8841543251310949,-1.461440576166749,-0.7473845913611031,-0.2262991435398101,1.3245776382885335,0.5440170872249644,-1.0161329645585022,0
0.21232733076517762,0.9009088760241706,-1.179024470547907,-0.579904963627184,0.2715603651240624,0.9048055324001227,-0.646616581529729,0.853056793629862,0.16232109803924238,-0.11162799739561437,-0.22345527558581418,-0.9639773710442044,0.9841231756854657,0
-0.634918112038349,0.9009088760241706,0.8491410419312149,0.4197840751715519,-0.7423290972289317,-1.177851894974348,0.7238178405544182,0.853056793629862,-0.21028898138303903,-0.11162799739561437,-0.7394662468772634,0.14717644031202531,0.9841231756854657,0
-0.46546902347764374,0.9009088760241706,0.8491410419312149,-0.626129250641242,-0.911310674287764,0.9048055324001227,-0.2507203421941191,-0.8828162337175963,0.6927030128925802,0.6910700256137552,-0.4814607612315388,-1.0036614357354983,0.9841231756854657,0
-0.12657084635623306,0.9009088760241706,0.8491410419312149,0.7987537422287264,-0.404365943111267,-1.177851894974348,0.06599664927436881,-1.461440576166749,-0.7641688291729173,-0.6849837281165926,-0.22345527558581418,0.8416475724096689,-1.0161329645585022,0
-0.2960199349169384,-1.1099901739376037,0.8491410419312149,-0.2044885813592691,-0.5733475201700994,0.9048055324001227,-0.17423318875447927,-0.8828162337175963,-0.11965409719924096,-0.11162799739561437,-0.7394662468772634,-1.3409759856114967,0.9841231756854657,0
-0.8043672005990544,-1.1099901739376037,-1.179024470547907,0.08244311346765949,-0.23538436605243465,-1.177851894974348,-1.261364261970064,0.2744324511807092,0.04818828091890392,-1.3730106049817663,-0.4814607612315388,1.0995939929030794,-1.0161329645585022,0
-0.634918112038349,-1.1099901739376037,-1.179024470547907,0.07639463313749748,-0.06640278899360229,0.9048055324001227,-0.2507203421941191,-1.461440576166749,0.6490639945818623,-0.570312581972397,-0.4814607612315388,-0.8846092416616166,0.9841231756854657,0
-0.2960199349169384,-1.1099901739376037,-0.502969299721533,-0.015848639991683535,-0.23538436605243465,0.9048055324001227,0.8577891279455886,0.2744324511807092,0.12875262241561353,0.5763988794695595,-0.7394662468772634,1.5559607368529593,-1.0161329645585022,0
-0.8043672005990544,0.9009088760241706,1.5251962127575889,-0.21206892224302304,-0.911310674287764,0.9048055324001227,-0.2507203421941191,-0.3041918912684436,0.001192415045823164,-0.2262991435398101,-0.997471732522988,0.6829113136444932,-1.0161329645585022,0
1.5679200392508204,0.9009088760241706,0.8491410419312149,-0.07369611636083094,1.2854498274770565,0.9048055324001227,-1.0760848219609986,0.853056793629862,-1.2274137927789974,-1.143668312693375,1.582583123934258,-0.32903233598350173,-1.0161329645585022,0
1.906818216372231,-1.1099901739376037,-1.179024470547907,-0.03667878504516577,1.7923945586535535,-1.177851894974348,-0.5313315966351995,-0.8828162337175963,-1.1132809756586586,-0.6849837281165926,1.3245776382885335,1.0400678958661385,-1.0161329645585022,0
-0.46546902347764374,0.9009088760241706,-1.179024470547907,1.0297488382842872,-0.23538436605243465,-1.177851894974348,-0.17882558513077235,-1.461440576166749,-1.623521805137819,-0.9143260204049839,-0.22345527558581418,1.238488219322608,0.9841231756854657,0
-0.8043672005990544,-1.1099901739376037,0.8491410419312149,0.5761128135221362,-0.911310674287764,-1.177851894974348,0.06599664927436881,0.853056793629862,-0.8917290365427076,-0.570312581972397,-0.7394662468772634,-1.8171847619070236,0.9841231756854657,0
-0.2960199349169384,0.9009088760241706,-0.502969299721533,-0.1326964362393826,-0.23538436605243465,-1.177851894974348,-0.7257958293968509,0.2744324511807092,-0.811164695045998,-0.7996548742607882,-0.7394662468772634,-0.38855843302044263,-1.0161329645585022,0
0.21232733076517762,0.9009088760241706,-0.502969299721533,-0.5374866394318442,0.4405419421828948,0.9048055324001227,-0.9962721401109397,-0.8828162337175963,-0.14650887769814416,-0.7996548742607882,0.5505611813513597,-1.202081759191968,0.9841231756854657,0
0.5512255078865883,0.9009088760241706,1.5251962127575889,-0.5237788563337223,0.6095235192417271,0.9048055324001227,-0.5097948412153422,1.4316811360790147,-1.563098549015287,0.003043148748581378,0.29255569570563505,0.32575473142284794,-1.0161329645585022,0
-0.8043672005990544,-1.1099901739376037,-0.502969299721533,-0.7143454676759287,-0.7423290972289317,0.9048055324001227,-1.2779919040221597,0.2744324511807092,0.726271488516209,-1.143668312693375,-0.4814607612315388,1.1392780575943733,0.9841231756854657,0
-0.2960199349169384,0.9009088760241706,-0.502969299721533,0.2710198853278804,-0.404365943111267,-1.177851894974348,0.22435514500861276,-0.3041918912684436,0.4946490067131693,-0.34097028968400567,-0.22345527558581418,0.10749237562073138,0.9841231756854657,0
0.0428782422044723,-1.1099901739376037,0.8491410419312149,-0.021154878610311307,0.10257878806523006,-1.177851894974348,-1.28733505527048,0.853056793629862,-0.4284840729366275,-1.3730106049817663,0.03455021005991044,0.06780831092943747,-1.0161329645585022,0
0.0428782422044723,0.9009088760241706,1.5251962127575889,-0.3571692806595468,0.4405419421828948,0.9048055324001227,-0.09236184645987515,1.4316811360790147,0.6255660616453219,0.23238544103697253,0.5505611813513597,1.1789621222856672,-1.0161329645585022,0
0.38177641932588297,-1.1099901739376037,0.8491410419312149,-0.5663551042974738,0.10257878806523006,0.9048055324001227,0.06599664927436881,0.853056793629862,-0.04244660326489417,1.035083464046342,0.03455021005991044,-1.6187644384505542,0.9841231756854657,0
-0.46546902347764374,0.9009088760241706,0.8491410419312149,-0.5489045278879985,-0.911310674287764,0.9048055324001227,-0.7257958293968509,-0.8828162337175963,-1.536243768516384,-0.34097028968400567,-0.7394662468772634,0.22654456969461315,0.9841231756854657,0
0.38177641932588297,-1.1099901739376037,-0.502969299721533,-0.5396659874359234,0.10257878806523006,0.9048055324001227,-0.2507203421941191,-0.8828162337175963,-0.6735339449891191,0.3470565871811683,0.5505611813513597,1.0797519605574324,0.9841231756854657,0
0.38177641932588297,-1.1099901739376037,1.5251962127575889,0.13940621673370227,-0.06640278899360229,-1.177851894974348,0.8577891279455886,-0.8828162337175963,0.1656779456016052,0.3470565871811683,0.5505611813513597,-0.40840046536608954,0.9841231756854657,0
-0.634918112038349,0.9009088760241706,-0.502969299721533,-0.011410982099319237,-0.911310674287764,-1.177851894974348,-0.5674373336626071,0.853056793629862,-0.07937192645088645,-0.6849837281165926,-0.997471732522988,0.9408577341379036,0.9841231756854657,0
-0.634918112038349,0.9009088760241706,-0.502969299721533,0.08740191979578188,-0.06640278899360229,-1.177851894974348,-0.4090788379283631,0.2744324511807092,-1.4825342075185775,-0.6849837281165926,-0.4814607612315388,-0.5076106270943244,0.9841231756854657,0
0.21232733076517762,0.9009088760241706,0.8491410419312149,0.7444595506488387,0.2715603651240624,-1.177851894974348,0.9442528666164858,-0.3041918912684436,0.2294580492865001,-0.2262991435398101,0.5505611813513597,0.5440170872249644,-1.0161329645585022,0
-0.9738162891597597,-1.1099901739376037,-0.502969299721533,-0.19902441897222978,-0.911310674287764,0.9048055324001227,-0.7257958293968509,1.4316811360790147,-1.5328869209540208,-0.7996548742607882,-0.7394662468772634,0.9606997664835506,-1.0161329645585022,0
-0.634918112038349,-1.1099901739376037,-0.502969299721533,1.0280116768317604,-0.23538436605243465,0.9048055324001227,2.3142122132134304,0.2744324511807092,1.4446368668618692,0.3470565871811683,-0.4814607612315388,-0.190138109563973,0.9841231756854657,0
-0.2960199349169384,0.9009088760241706,0.8491410419312149,-0.5637651544955246,-0.7423290972289317,-1.177851894974348,-0.7574675285436998,1.4316811360790147,-1.3348329147746099,-0.34097028968400567,-0.4814607612315388,-0.9242933063529105,-1.0161329645585022,0
-0.2960199349169384,-1.1099901739376037,-0.502969299721533,0.9711749125804467,-0.23538436605243465,-1.177851894974348,-0.5674373336626071,-0.3041918912684436,-1.12670836590811,-1.143668312693375,-0.4814607612315388,1.238488219322608,0.9841231756854657,0
3.0929618362971683,0.9009088760241706,0.8491410419312149,15.808839404179402,3.651191906300709,-1.177851894974348,2.9780510273313814,0.853056793629862,0.5852838908969674,-1.2583394588375707,2.356599580871432,0.12733440796637835,0.9841231756854657,0
-0.8043672005990544,-1.1099901739376037,1.5251962127575889,-0.8361046931212267,-0.911310674287764,0.21058638994196582,-0.13559371579532375,-1.461440576166749,-1.2945507440262551,2.0671237793441026,-0.4814607612315388,0.18686050500331922,-1.0161329645585022,0
0.5512255078865883,-1.1099901739376037,-1.179024470547907,0.33862705058486103,0.4405419421828948,0.9048055324001227,0.06599664927436881,-1.461440576166749,-1.0092187012254088,-0.45564143582820127,0.5505611813513597,-0.7258729828964409,0.9841231756854657,0
2.0762673049329363,-1.1099901739376037,-1.179024470547907,-0.11245060912902308,1.4544314045358888,0.9048055324001227,-0.7257958293968509,-0.8828162337175963,-1.7678662503194236,-0.7996548742607882,2.6146050665171567,1.0797519605574324,-1.0161329645585022,0
-0.634918112038349,0.9009088760241706,-0.502969299721533,0.0523112584547375,-0.911310674287764,-1.177851894974348,-0.8524826259842462,-0.8828162337175963,0.0985409943543475,-1.0289971665491795,-0.4814607612315388,-0.5274526594399713,0.9841231756854657,0
-0.46546902347764374,-1.1099901739376037,-1.179024470547907,-0.028103524420419104,-0.23538436605243465,0.9048055324001227,0.523811060442068,-0.3041918912684436,0.9343960373827085,0.23238544103697253,0.29255569570563505,-1.2417658238832618,0.9841231756854657,0
-0.9738162891597597,-1.1099901739376037,0.8491410419312149,-0.7554688169702939,-0.911310674287764,0.9048055324001227,-0.32008136332571796,-1.461440576166749,-0.025662365453080038,1.1497546101905376,-0.7394662468772634,-1.162397694500674,0.9841231756854657,0
-0.2960199349169384,-1.1099901739376037,-0.502969299721533,0.0829168847728941,-0.5733475201700994,-1.177851894974348,1.0161476236798326,-0.8828162337175963,-0.6869613352385705,0.5763988794695595,0.03455021005991044,-2.0552891500547874,0.9841231756854657,0
-0.12657084635623306,-1.1099901739376037,-0.502969299721533,-0.038084306584028484,-0.06640278899360229,0.9048055324001227,-0.5536601445337278,0.853056793629862,0.0985409943543475,-0.6849837281165926,0.03455021005991044,-0.7258729828964409,-1.0161329645585022,0
-0.634918112038349,0.9009088760241706,0.8491410419312149,0.0784160573731652,-0.7423290972289317,-1.177851894974348,0.06599664927436881,0.853056793629862,-1.1032104329715702,-0.2262991435398101,-0.4814607612315388,0.4448069254967297,0.9841231756854657,0
0.5512255078865883,0.9009088760241706,-1.179024470547907,0.8418985157587594,0.10257878806523006,-1.177851894974348,-0.7257958293968509,-0.3041918912684436,0.5517154152733386,-1.143668312693375,0.8085666669970842,-0.3488743683291487,0.9841231756854657,0
-0.2960199349169384,-1.1099901739376037,-0.502969299721533,0.03738746233984688,0.2715603651240624,0.9048055324001227,-0.7257958293968509,0.853056793629862,0.3905867322799193,-0.9143260204049839,-0.4814607612315388,-0.7457150152420878,0.9841231756854657,0
-0.12657084635623306,-1.1099901739376037,0.8491410419312149,0.1031469195064125,-0.23538436605243465,0.9048055324001227,1.6495816066168083,-0.8828162337175963,0.5919975860216931,1.035083464046342,-0.22345527558581418,0.3654387961141419,-1.0161329645585022,0
-0.46546902347764374,0.9009088760241706,0.8491410419312149,0.4583648517944913,-0.911310674287764,-1.177851894974348,0.8577891279455886,0.2744324511807092,-0.1935047435712249,0.003043148748581378,-0.7394662468772634,-0.5076106270943244,0.9841231756854657,0
0.7206745964472937,-1.1099901739376037,-1.179024470547907,0.17301239465167817,1.1164682504182242,-1.177851894974348,1.0161476236798326,1.4316811360790147,0.5886407384593302,0.4617277333253637,0.8085666669970842,1.2186461869769611,-1.0161329645585022,0
1.5679200392508204,0.9009088760241706,-1.179024470547907,-0.48312927834459174,2.2993392898300504,0.9048055324001227,-1.042512820865339,0.853056793629862,-0.11629724963687813,-0.9143260204049839,2.356599580871432,-0.9044512740072636,-1.0161329645585022,0
-0.634918112038349,0.9009088760241706,-0.502969299721533,-0.8928309107346522,-0.5733475201700994,0.9048055324001227,-1.2585138090468477,0.2744324511807092,-0.8380194755449012,-0.7996548742607882,-0.4814607612315388,-0.20998014190961997,0.9841231756854657,0
1.398470950690115,0.9009088760241706,-0.502969299721533,-0.3495889397757928,0.9474866733593919,0.9048055324001227,-0.7428985469361493,-1.461440576166749,0.29995184809612124,-0.6849837281165926,1.066572152642809,-0.17029607721832604,0.9841231756854657,0
-0.9738162891597597,0.9009088760241706,-1.179024470547907,-0.7873062486820606,-0.911310674287764,0.21058638994196582,-1.03285295262555,0.853056793629862,0.25966967734776614,-0.45564143582820127,-0.4814607612315388,0.7424374106814341,-1.0161329645585022,0
-0.9738162891597597,0.9009088760241706,-0.502969299721533,-0.7931494281132876,-0.911310674287764,0.9048055324001227,-1.2800505644667048,-0.8828162337175963,-0.1263677923239666,-1.0289971665491795,-0.4814607612315388,0.5241750548793175,0.9841231756854657,0
0.38177641932588297,-1.1099901739376037,1.5251962127575889,1.5952264758354915,0.6095235192417271,-1.177851894974348,-0.2625972293741874,-0.8828162337175963,0.2563128297854033,-1.143668312693375,1.066572152642809,0.9210157017922567,0.9841231756854657,0
0.890123685007999,0.9009088760241706,-0.502969299721533,-0.3358337795471476,0.2715603651240624,0.9048055324001227,-1.359229812333827,-0.8828162337175963,-0.41841353024953903,-1.3730106049817663,1.066572152642809,-2.4322877646220795,0.9841231756854657,0
1.2290218621294098,-1.1099901739376037,-1.179024470547907,-0.33856586074066725,0.9474866733593919,0.9048055324001227,-1.2800505644667048,0.2744324511807092,-0.18679104844649927,-1.2583394588375707,0.8085666669970842,0.9606997664835506,-1.0161329645585022,0
0.38177641932588297,0.9009088760241706,-0.502969299721533,0.6503527770524016,0.4405419421828948,-1.177851894974348,-1.212589845283917,0.2744324511807092,-1.3482603050240614,-1.3730106049817663,-0.22345527558581418,1.0202258635204915,0.9841231756854657,0
-0.2960199349169384,-1.1099901739376037,-1.179024470547907,-0.6010825409711716,-0.404365943111267,0.9048055324001227,-0.7313383767475495,1.4316811360790147,-0.41841353024953903,-0.2262991435398101,-0.4814607612315388,-0.8052411122790287,0.9841231756854657,0
-0.2960199349169384,0.9009088760241706,-0.502969299721533,0.5023939984276289,-0.404365943111267,-1.177851894974348,2.3420833084626573,-0.8828162337175963,1.2163712326211924,0.9204123179021463,0.03455021005991044,1.1194360252487263,0.9841231756854657,0
1.906818216372231,0.9009088760241706,0.8491410419312149,-0.495352578019645,1.7923945586535535,-1.177851894974348,-0.5674373336626071,0.2744324511807092,0.001192415045823164,-0.2262991435398101,2.872610552162881,1.0003838311748445,0.9841231756854657,0
-0.46546902347764374,-1.1099901739376037,-1.179024470547907,-0.6748803179498847,-0.5733475201700994,0.9048055324001227,-1.327558113186978,-0.8828162337175963,-0.32106495094101467,-1.2583394588375707,-0.22345527558581418,0.821805540064022,-1.0161329645585022,0
0.0428782422044723,0.9009088760241706,0.17308587110484092,0.1791240444892048,-0.911310674287764,0.9048055324001227,1.6495816066168083,1.4316811360790147,0.501362701837895,0.9204123179021463,0.5505611813513597,0.7225953783357871,0.9841231756854657,0
1.0595727735687044,0.9009088760241706,-0.502969299721533,0.17555496732310397,1.1164682504182242,-1.177851894974348,0.06599664927436881,-0.8828162337175963,-1.4556794270196742,-0.34097028968400567,0.8085666669970842,1.5559607368529593,-1.0161329645585022,0
-0.2960199349169384,-1.1099901739376037,-1.179024470547907,-0.5338701851352198,-0.23538436605243465,0.9048055324001227,0.06599664927436881,1.4316811360790147,0.7195577933914834,0.9204123179021463,-0.7394662468772634,-1.142555662155027,0.9841231756854657,0
-0.12657084635623306,0.9009088760241706,-1.179024470547907,-0.5971818238914065,-0.23538436605243465,0.9048055324001227,-0.7257958293968509,-1.461440576166749,0.9343960373827085,-0.2262991435398101,1.066572152642809,0.6035431842619053,0.9841231756854657,0
-0.634918112038349,-1.1099901739376037,0.8491410419312149,-0.33714454682496336,-0.7423290972289317,0.9048055324001227,-1.042512820865339,1.4316811360790147,0.07504306141780712,-1.0289971665491795,-0.4814607612315388,-0.8647672093159696,0.9841231756854657,0
-0.634918112038349,0.9009088760241706,0.8491410419312149,1.1222132046892443,-0.5733475201700994,-1.177851894974348,0.06599664927436881,1.4316811360790147,-0.5526874327440551,-0.7996548742607882,-0.997471732522988,-1.4798702120310254,0.9841231756854657,0
-0.46546902347764374,-1.1099901739376037,0.8491410419312149,-0.0011143523988867729,-0.911310674287764,-1.177851894974348,0.06599664927436881,1.4316811360790147,-0.6869613352385705,-0.11162799739561437,-0.22345527558581418,0.32575473142284794,0.9841231756854657,0
-0.9738162891597597,0.9009088760241706,-1.179024470547907,-0.295594803355887,-0.7423290972289317,0.9048055324001227,-0.2507203421941191,0.2744324511807092,0.36708879934337896,-0.11162799739561437,-0.4814607612315388,-0.24966420660091387,0.9841231756854657,0
-0.634918112038349,-1.1099901739376037,1.5251962127575889,-0.31789363945559657,-0.911310674287764,-1.177851894974348,0.06599664927436881,-0.8828162337175963,1.5688402266692962,0.3470565871811683,-0.4814607612315388,0.8614896047553159,-1.0161329645585022,0
-0.634918112038349,0.9009088760241706,0.8491410419312149,-0.5457460525197677,-0.404365943111267,0.9048055324001227,-0.06749956262959886,0.2744324511807092,-0.002164432516539662,0.6910700256137552,0.03455021005991044,1.0995939929030794,0.9841231756854657,0
-0.46546902347764374,0.9009088760241706,0.8491410419312149,1.3349996902469545,-0.5733475201700994,-1.177851894974348,-0.2507203421941191,-0.8828162337175963,-0.42177037781190185,-1.0289971665491795,-0.4814607612315388,0.8416475724096689,-1.0161329645585022,0
-0.2960199349169384,-1.1099901739376037,-0.502969299721533,0.4037548126777805,0.10257878806523006,-1.177851894974348,-0.41842198917668344,-1.461440576166749,-0.6265380791160384,-0.7996548742607882,-0.4814607612315388,0.46464895784237664,0.9841231756854657,0
1.2290218621294098,0.9009088760241706,-1.179024470547907,-0.3965870532550674,1.6234129815947211,0.9048055324001227,0.38271364074285674,0.2744324511807092,0.15896425047687956,0.9204123179021463,0.29255569570563505,-0.24966420660091387,0.9841231756854657,0
-0.12657084635623306,-1.1099901739376037,0.8491410419312149,0.1736914668558478,-0.5733475201700994,0.9048055324001227,0.6994306322113446,-0.8828162337175963,-0.45869570099789353,0.1177142948927768,-0.22345527558581418,1.298014316359549,0.9841231756854657,0
0.0428782422044723,-1.1099901739376037,1.5251962127575889,-0.4204019575315277,-0.23538436605243465,0.9048055324001227,0.06599664927436881,-0.8828162337175963,-0.9420817499781512,0.5763988794695595,0.8085666669970842,0.6035431842619053,-1.0161329645585022,0
-0.634918112038349,0.9009088760241706,0.8491410419312149,-0.48627196133598144,-0.7423290972289317,0.9048055324001227,0.06599664927436881,-0.8828162337175963,0.001192415045823164,0.6910700256137552,-0.997471732522988,-0.9242933063529105,0.9841231756854657,0
-0.8043672005990544,-1.1099901739376037,-1.179024470547907,-0.3000324612482513,-0.911310674287764,0.9048055324001227,-0.6787633561637806,-0.8828162337175963,1.0015329886299666,-0.570312581972397,-0.7394662468772634,-1.8965528912896115,0.9841231756854657,0
-0.634918112038349,-1.1099901739376037,-1.179024470547907,-0.37599379385420245,-0.911310674287764,-1.177851894974348,0.06599664927436881,1.4316811360790147,-0.7876667621094576,0.4617277333253637,-0.7394662468772634,0.5638591195706114,-1.0161329645585022,0
0.38177641932588297,0.9009088760241706,-1.179024470547907,0.12186088606318009,0.6095235192417271,-1.177851894974348,-0.5674373336626071,-0.8828162337175963,-0.5023347193086114,-0.7996548742607882,0.03455021005991044,0.4448069254967297,0.9841231756854657,0
-0.46546902347764374,0.9009088760241706,-1.179024470547907,-0.48423474472347255,-0.23538436605243465,0.9048055324001227,0.38271364074285674,-1.461440576166749,0.860545391010725,1.1497546101905376,-0.4814607612315388,-0.46792656240303043,-1.0161329645585022,0
0.0428782422044723,-1.1099901739376037,-0.502969299721533,-0.010526608996214607,-0.23538436605243465,0.9048055324001227,-0.4090788379283631,0.853056793629862,-0.08944246913797492,-0.570312581972397,0.8085666669970842,0.32575473142284794,0.9841231756854657,0
-0.2960199349169384,0.9009088760241706,-1.179024470547907,0.9337785642205939,-0.404365943111267,0.9048055324001227,-1.0448881983013525,-0.3041918912684436,0.9813919032557892,-1.3730106049817663,-0.4814607612315388,0.286070666731554,0.9841231756854657,0
2.923512747736463,0.9009088760241706,-1.179024470547907,-0.5821158963849455,2.4683208668888827,0.9048055324001227,0.06599664927436881,-1.461440576166749,-0.23043006675721658,1.035083464046342,2.6146050665171567,-0.5869787564769122,0.9841231756854657,0
-0.46546902347764374,0.9009088760241706,-1.179024470547907,-0.24291143421379696,-0.7423290972289317,-1.177851894974348,-0.2507203421941191,-0.8828162337175963,-1.616808110013093,-0.2262991435398101,-0.997471732522988,0.2463866020402601,0.9841231756854657,0
-0.634918112038349,0.9009088760241706,1.5251962127575889,-0.14645159646802783,-0.5733475201700994,0.9048055324001227,-0.7257958293968509,0.853056793629862,0.5752133482098789,-0.7996548742607882,-0.7394662468772634,0.286070666731554,-1.0161329645585022,0
-0.634918112038349,-1.1099901739376037,0.8491410419312149,0.6854434383934459,-0.404365943111267,-1.177851894974348,0.637354101883521,1.4316811360790147,-1.4489657318949483,-0.34097028968400567,-0.7394662468772634,-2.0552891500547874,-1.0161329645585022,0
-0.8043672005990544,0.9009088760241706,-0.502969299721533,-0.4873458429611799,-0.5733475201700994,0.9048055324001227,-1.121692068732461,-0.3041918912684436,0.6289229092076853,-1.0289971665491795,-0.7394662468772634,-1.9362369559809054,0.9841231756854657,0
-0.634918112038349,-1.1099901739376037,-1.179024470547907,0.8422775328029471,-0.06640278899360229,0.9048055324001227,1.0161476236798326,1.4316811360790147,0.138823165102702,-0.2262991435398101,-0.4814607612315388,-2.5910240233872552,0.9841231756854657,0
-0.634918112038349,0.9009088760241706,-0.502969299721533,0.745312338998261,-0.911310674287764,-1.177851894974348,1.501833130096759,1.4316811360790147,0.39730042740464494,0.1177142948927768,-0.7394662468772634,-1.3012919209202027,0.9841231756854657,0
-0.2960199349169384,-1.1099901739376037,0.8491410419312149,-0.056529802734496454,-0.23538436605243465,0.9048055324001227,-1.2784669795093624,-1.461440576166749,0.4140846652164597,-1.3730106049817663,-0.22345527558581418,-1.0830295651180861,0.9841231756854657,0
0.890123685007999,-1.1099901739376037,1.5251962127575889,-0.4460961546520854,0.10257878806523006,0.9048055324001227,0.38271364074285674,0.853056793629862,0.44765314084008856,1.035083464046342,0.29255569570563505,0.38528082845978884,0.9841231756854657,0
1.0595727735687044,0.9009088760241706,-1.179024470547907,-0.7074441989963444,1.1164682504182242,-1.177851894974348,-1.2008713165995828,-0.8828162337175963,0.09182729922962125,-0.9143260204049839,1.582583123934258,-2.4521297969677263,0.9841231756854657,0
-0.2960199349169384,0.9009088760241706,0.8491410419312149,-0.507954894738886,-0.23538436605243465,-1.177851894974348,-0.653109279854833,-1.461440576166749,-1.0528577195361266,-0.34097028968400567,0.03455021005991044,0.7424374106814341,0.9841231756854657,0
-0.12657084635623306,-1.1099901739376037,-1.179024470547907,0.49680349702586035,-0.404365943111267,-1.177851894974348,0.38271364074285674,-0.3041918912684436,-1.4724636648314886,-0.34097028968400567,0.29255569570563505,-1.7775006972157297,-1.0161329645585022,0
0.0428782422044723,-1.1099901739376037,-0.502969299721533,-0.3980399519244535,0.2715603651240624,-1.177851894974348,-0.8425060407529887,1.4316811360790147,-1.2274137927789974,-0.6849837281165926,-0.22345527558581418,-0.30919030363785477,0.9841231756854657,0
0.0428782422044723,-1.1099901739376037,-0.502969299721533,0.26825621938067845,-0.404365943111267,-1.177851894974348,-0.6423409021449045,1.4316811360790147,-0.492264176621523,-0.9143260204049839,0.03455021005991044,-0.051243883144444294,-1.0161329645585022,0
0.7206745964472937,0.9009088760241706,-0.502969299721533,-0.2851718346407253,0.6095235192417271,0.9048055324001227,0.06599664927436881,-0.8828162337175963,1.4681347997984098,0.23238544103697253,1.066572152642809,-1.0036614357354983,-1.0161329645585022,0
-0.2960199349169384,0.9009088760241706,0.8491410419312149,-0.8312090563004689,-0.23538436605243465,0.21058638994196582,-0.3321166090015205,0.853056793629862,-0.07937192645088645,1.4937680486231246,-0.997471732522988,1.0995939929030794,-1.0161329645585022,0
0.5512255078865883,0.9009088760241706,-0.502969299721533,0.5951268352388857,-0.06640278899360229,-1.177851894974348,-0.7292797163030044,0.853056793629862,0.5349311774615239,-1.143668312693375,1.066572152642809,0.6035431842619053,-1.0161329645585022,0
-0.46546902347764374,0.9009088760241706,0.8491410419312149,0.5474654419322826,-0.06640278899360229,0.9048055324001227,0.38271364074285674,1.4316811360790147,-0.3479197314399179,-0.45564143582820127,-0.4814607612315388,1.2186461869769611,0.9841231756854657,0
-0.46546902347764374,0.9009088760241706,0.8491410419312149,-0.6183594012353941,-0.06640278899360229,0.9048055324001227,-0.7257958293968509,0.2744324511807092,0.2160306590370488,-0.2262991435398101,-0.4814607612315388,0.801963507718375,-1.0161329645585022,0
-0.12657084635623306,-1.1099901739376037,-0.502969299721533,-0.4902990174304757,-0.23538436605243465,0.9048055324001227,-0.4882580857954851,1.4316811360790147,0.1522505553521539,-0.11162799739561437,-0.22345527558581418,0.008282213892496587,-1.0161329645585022,0
-0.2960199349169384,-1.1099901739376037,-0.502969299721533,-0.3385500683638261,-0.404365943111267,-1.177851894974348,0.040342572965421285,-0.8828162337175963,-0.707102420612748,0.3470565871811683,-0.22345527558581418,-0.9838194033898514,0.9841231756854657,0
1.7373691278115257,0.9009088760241706,-1.179024470547907,12.106142937625574,1.6234129815947211,-1.177851894974348,2.4413740852880284,0.853056793629862,0.44429629327772574,-1.2583394588375707,1.8405886095799828,-1.3608180179571436,0.9841231756854657,0
-0.8043672005990544,0.9009088760241706,-1.179024470547907,0.6471311321768061,-0.404365943111267,-1.177851894974348,-0.2507203421941191,0.2744324511807092,-0.12972463988633004,-0.7996548742607882,-0.4814607612315388,1.278172284013902,0.9841231756854657,0
-0.46546902347764374,-1.1099901739376037,1.5251962127575889,0.26726129963968576,-0.7423290972289317,-1.177851894974348,0.06599664927436881,1.4316811360790147,0.014619805295275064,-0.45564143582820127,-0.4814607612315388,0.6035431842619053,-1.0161329645585022,0
-0.2960199349169384,0.9009088760241706,-1.179024470547907,0.273436118984577,-0.404365943111267,-1.177851894974348,-0.7257958293968509,1.4316811360790147,1.4312094766124175,-1.0289971665491795,-0.7394662468772634,-0.30919030363785477,0.9841231756854657,0
1.398470950690115,0.9009088760241706,0.8491410419312149,-0.666005002165156,1.7923945586535535,0.9048055324001227,-0.8040249262895676,1.4316811360790147,0.7329851836409347,-0.2262991435398101,1.3245776382885335,0.801963507718375,0.9841231756854657,0
-0.2960199349169384,0.9009088760241706,-0.502969299721533,-0.4931416452618834,0.10257878806523006,0.9048055324001227,-1.2382439215928644,0.2744324511807092,0.4006572749670078,-1.143668312693375,-0.4814607612315388,1.238488219322608,-1.0161329645585022,0
0.21232733076517762,0.9009088760241706,-0.502969299721533,-0.0698269840347482,-0.06640278899360229,0.9048055324001227,-1.2707074132183844,-0.8828162337175963,0.6255660616453219,-1.3730106049817663,0.03455021005991044,-0.2893482712922078,0.9841231756854657,0
-0.46546902347764374,0.9009088760241706,-0.502969299721533,-0.09413145199328433,-0.23538436605243465,-1.177851894974348,0.8577891279455886,-0.3041918912684436,1.223084927745918,0.6910700256137552,-0.7394662468772634,0.6630692812988462,0.9841231756854657,0
-0.8043672005990544,-1.1099901739376037,-1.179024470547907,-0.12516347248615212,-0.911310674287764,-1.177851894974348,-0.5674373336626071,0.2744324511807092,-0.1532225728228698,-0.6849837281165926,-0.7394662468772634,-2.710076217461137,0.9841231756854657,0
0.21232733076517762,-1.1099901739376037,-1.179024470547907,-0.20456754324347484,-0.06640278899360229,-1.177851894974348,-0.2507203421941191,0.2744324511807092,0.9041844093214424,-0.2262991435398101,0.8085666669970842,-1.3608180179571436,0.9841231756854657,0
0.38177641932588297,0.9009088760241706,-1.179024470547907,0.513575001231166,0.2715603651240624,-1.177851894974348,1.3089524822924496,1.4316811360790147,0.9881055983805148,0.23238544103697253,0.8085666669970842,0.4249648931510827,0.9841231756854657,0
0.5512255078865883,-1.1099901739376037,1.5251962127575889,-0.20666792936334835,0.9474866733593919,0.9048055324001227,0.06599664927436881,-1.461440576166749,-0.8212352377330865,0.1177142948927768,1.066572152642809,-0.190138109563973,0.9841231756854657,0
-0.2960199349169384,0.9009088760241706,-0.502969299721533,-0.2619254559305465,-0.404365943111267,-1.177851894974348,-1.2371354121227247,-0.3041918912684436,0.4510099884024514,-1.2583394588375707,-0.22345527558581418,0.9210157017922567,0.9841231756854657,0
0.5512255078865883,0.9009088760241706,-1.179024470547907,0.3170230790661623,0.2715603651240624,-1.177851894974348,1.6495816066168083,0.2744324511807092,-0.005521280078902488,0.6910700256137552,0.8085666669970842,1.278172284013902,-1.0161329645585022,0
-0.12657084635623306,-1.1099901739376037,-1.179024470547907,-0.6955525392349553,-0.06640278899360229,0.9048055324001227,-0.7257958293968509,1.4316811360790147,-0.06930138376379737,0.003043148748581378,0.03455021005991044,-2.094973214746081,0.9841231756854657,0
-0.2960199349169384,0.9009088760241706,-1.179024470547907,-0.303996347835381,-0.404365943111267,0.9048055324001227,-0.4616538585121321,-1.461440576166749,0.7329851836409347,-0.34097028968400567,-0.4814607612315388,-1.4798702120310254,0.9841231756854657,0
0.38177641932588297,-1.1099901739376037,-1.179024470547907,-0.04501716001729513,-0.06640278899360229,-1.177851894974348,2.2830155895537843,-0.3041918912684436,-0.0995130118250634,1.952452633199907,-0.22345527558581418,-0.09092794783573821,0.9841231756854657,0
-0.46546902347764374,0.9009088760241706,-1.179024470547907,0.8380925529400413,-0.23538436605243465,-1.177851894974348,-0.4974428785480712,-0.8828162337175963,0.43758259815300005,-1.0289971665491795,-0.7394662468772634,-0.190138109563973,0.9841231756854657,0
0.5512255078865883,0.9009088760241706,-0.502969299721533,-0.2074417558285649,0.4405419421828948,0.9048055324001227,-0.9474977234247925,0.853056793629862,-0.87158795116853,-1.0289971665491795,0.03455021005991044,1.0797519605574324,-1.0161329645585022,0
0.0428782422044723,-1.1099901739376037,-0.502969299721533,1.7877355495291598,-0.06640278899360229,-1.177851894974348,2.4413740852880284,-0.3041918912684436,0.501362701837895,-0.11162799739561437,-0.22345527558581418,-0.40840046536608954,0.9841231756854657,0
-0.8043672005990544,0.9009088760241706,-0.502969299721533,-0.791033249616573,-0.7423290972289317,0.21058638994196582,-1.121692068732461,0.2744324511807092,-0.015591822765990965,-0.6849837281165926,-0.997471732522988,0.12733440796637835,0.9841231756854657,0
-0.12657084635623306,0.9009088760241706,-1.179024470547907,-0.4610357431438172,-0.06640278899360229,0.9048055324001227,0.05966230944499905,-0.8828162337175963,0.024690347982363543,0.6910700256137552,0.03455021005991044,1.4567505751247247,0.9841231756854657,0
0.5512255078865883,0.9009088760241706,-1.179024470547907,-0.5655023159480514,0.6095235192417271,-1.177851894974348,-0.7257958293968509,0.853056793629862,-0.9991481585383204,-0.34097028968400567,0.8085666669970842,1.4369085427790778,-1.0161329645585022,0
1.5679200392508204,0.9009088760241706,-0.502969299721533,-0.07090086565994667,1.2854498274770565,0.9048055324001227,-0.4090788379283631,0.2744324511807092,-0.23378691431957943,-0.570312581972397,2.098594095225707,0.4844909901880236,0.9841231756854657,0
1.0595727735687044,0.9009088760241706,-1.179024470547907,-0.4869668259169922,0.6095235192417271,0.9048055324001227,-0.8841543251310949,0.853056793629862,-0.8917290365427076,-0.6849837281165926,1.3245776382885335,1.0995939929030794,0.9841231756854657,0
-0.634918112038349,0.9009088760241706,1.5251962127575889,-0.2947104302527824,-0.5733475201700994,0.9048055324001227,0.38271364074285674,0.853056793629862,0.6087818238335078,0.6910700256137552,-0.4814607612315388,1.0797519605574324,-1.0161329645585022,0
0.21232733076517762,-1.1099901739376037,-0.502969299721533,0.239924695327648,-0.404365943111267,0.9048055324001227,0.0026532509806712224,-1.461440576166749,0.19588957366287124,-0.45564143582820127,0.29255569570563505,-1.4401861473397315,0.9841231756854657,0
0.0428782422044723,-1.1099901739376037,-1.179024470547907,1.212482430713281,-0.5733475201700994,0.9048055324001227,0.06599664927436881,0.853056793629862,-1.0092187012254088,-0.9143260204049839,0.29255569570563505,-0.5869787564769122,0.9841231756854657,0
1.5679200392508204,0.9009088760241706,-1.179024470547907,2.539847496589123,1.7923945586535535,-1.177851894974348,-0.3216649482830604,0.853056793629862,-0.32106495094101467,-1.2583394588375707,1.3245776382885335,0.6035431842619053,-1.0161329645585022,0
0.890123685007999,-1.1099901739376037,0.8491410419312149,-0.5604013782283587,0.7785050963005594,-1.177851894974348,0.34344073380076423,-0.8828162337175963,1.2700807936189982,1.379096902478929,1.066572152642809,-0.9242933063529105,0.9841231756854657,0
-0.634918112038349,-1.1099901739376037,0.8491410419312149,-0.010858248909878843,-0.5733475201700994,-1.177851894974348,-0.09236184645987515,0.2744324511807092,1.1123089581879424,-0.34097028968400567,-0.4814607612315388,-0.9242933063529105,-1.0161329645585022,0
-0.2960199349169384,-1.1099901739376037,0.8491410419312149,-0.4034093600504459,-0.404365943111267,-1.177851894974348,-0.5097948412153422,-0.8828162337175963,0.7598399641398379,-0.2262991435398101,0.5505611813513597,-2.7696023144980777,0.9841231756854657,0
-0.8043672005990544,-1.1099901739376037,-1.179024470547907,-0.5724035846276357,-0.7423290972289317,0.9048055324001227,-0.2507203421941191,-0.8828162337175963,-1.5060321404551178,0.4617277333253637,-0.7394662468772634,-1.2814498885745558,0.9841231756854657,0
-0.46546902347764374,0.9009088760241706,-0.502969299721533,-0.21892281379208392,-0.7423290972289317,-1.177851894974348,-1.2890769987235569,-0.8828162337175963,0.7967652873258302,-1.3730106049817663,0.03455021005991044,-0.32903233598350173,-1.0161329645585022,0
-0.2960199349169384,-1.1099901739376037,-0.502969299721533,-0.5245842675526212,-0.5733475201700994,0.9048055324001227,0.06599664927436881,0.853056793629862,0.7296283360785719,0.8057411717579506,-0.4814607612315388,0.46464895784237664,0.9841231756854657,0
0.7206745964472937,0.9009088760241706,-1.179024470547907,-0.1974925584186378,0.7785050963005594,-1.177851894974348,-0.4090788379283631,1.4316811360790147,0.6960598604549431,-0.45564143582820127,0.5505611813513597,1.4765926074703717,0.9841231756854657,0
-0.9738162891597597,0.9009088760241706,-0.502969299721533,-0.23541005521424876,-0.911310674287764,0.9048055324001227,0.38271364074285674,0.2744324511807092,0.6893461653302174,0.4617277333253637,-0.7394662468772634,0.782121475372728,0.9841231756854657,0
0.890123685007999,0.9009088760241706,0.8491410419312149,0.21604662154382304,1.4544314045358888,0.21058638994196582,3.1124973902097546,0.853056793629862,2.102578989084997,1.952452633199907,0.8085666669970842,-0.5274526594399713,-1.0161329645585022,0
-0.12657084635623306,-1.1099901739376037,1.5251962127575889,-0.22476599322331092,0.10257878806523006,-1.177851894974348,-0.8841543251310949,0.853056793629862,0.4543668359648142,-0.9143260204049839,0.29255569570563505,1.238488219322608,0.9841231756854657,0
0.0428782422044723,0.9009088760241706,-1.179024470547907,-0.6793969377264547,-0.06640278899360229,0.9048055324001227,-0.2830254753239049,0.853056793629862,1.0183172264417808,0.8057411717579506,1.066572152642809,0.7027533459901402,0.9841231756854657,0
-0.2960199349169384,0.9009088760241706,0.8491410419312149,1.213303634309021,-0.404365943111267,-1.177851894974348,-1.1962789202232897,0.2744324511807092,-1.3851856282100534,-1.487681751125962,-0.22345527558581418,0.6829113136444932,-1.0161329645585022,0
-0.12657084635623306,0.9009088760241706,-0.502969299721533,0.022684759500732433,0.4405419421828948,0.9048055324001227,-0.7257958293968509,0.853056793629862,1.0351014642535956,-0.9143260204049839,-0.22345527558581418,-0.5076106270943244,0.9841231756854657,0
-0.46546902347764374,0.9009088760241706,0.8491410419312149,-0.09201527349656968,-0.23538436605243465,0.9048055324001227,0.38271364074285674,0.853056793629862,-0.8548037133567153,0.23238544103697253,-0.7394662468772634,-1.2219237915376149,-1.0161329645585022,0
-0.46546902347764374,-1.1099901739376037,1.5251962127575889,0.28532777874596604,-0.911310674287764,0.9048055324001227,0.38271364074285674,0.853056793629862,-0.9353680548534249,-0.2262991435398101,-0.7394662468772634,0.6432272489531993,0.9841231756854657,0
-0.2960199349169384,-1.1099901739376037,0.8491410419312149,-0.45565054264098365,-0.06640278899360229,0.9048055324001227,0.27186269372888594,1.4316811360790147,0.7430557263280237,0.9204123179021463,-0.4814607612315388,-1.9362369559809054,0.9841231756854657,0
-0.46546902347764374,-1.1099901739376037,-1.179024470547907,-0.28234499918615874,-0.7423290972289317,0.9048055324001227,-1.042512820865339,-1.461440576166749,0.4946490067131693,-1.0289971665491795,-0.997471732522988,-0.9044512740072636,0.9841231756854657,0
0.890123685007999,-1.1099901739376037,1.5251962127575889,0.9312201991723269,1.2854498274770565,-1.177851894974348,-0.3696475724905363,-1.461440576166749,0.3637319517810161,-1.0289971665491795,1.066572152642809,1.1194360252487263,-1.0161329645585022,0
-0.634918112038349,0.9009088760241706,-0.502969299721533,1.6033911346623682,-0.404365943111267,-1.177851894974348,-0.2507203421941191,-0.8828162337175963,-0.9689365304770544,-1.143668312693375,-0.4814607612315388,1.35754041339649,0.9841231756854657,0
0.890123685007999,-1.1099901739376037,-1.179024470547907,-0.453329063245334,0.7785050963005594,0.9048055324001227,-1.2008713165995828,0.2744324511807092,1.1123089581879424,-1.143668312693375,1.066572152642809,-1.3012919209202027,0.9841231756854657,0
0.0428782422044723,-1.1099901739376037,1.5251962127575889,-0.005015069478651832,0.2715603651240624,-1.177851894974348,-0.18737694390042153,1.4316811360790147,0.5349311774615239,-0.34097028968400567,-0.22345527558581418,0.821805540064022,0.9841231756854657,0
-0.2960199349169384,-1.1099901739376037,-1.179024470547907,-0.30004825362509246,0.2715603651240624,0.9048055324001227,-0.4882580857954851,1.4316811360790147,0.8236200678247334,-0.34097028968400567,0.03455021005991044,-0.5472946917856183,0.9841231756854657,0
-0.2960199349169384,-1.1099901739376037,-0.502969299721533,0.6952505044118026,0.2715603651240624,-1.177851894974348,2.4413740852880284,0.853056793629862,-0.059230841076708896,0.6910700256137552,-0.7394662468772634,1.337698381050843,-1.0161329645585022,0
-0.8043672005990544,-1.1099901739376037,-1.179024470547907,1.976233359505175,-0.7423290972289317,0.9048055324001227,0.38271364074285674,0.853056793629862,0.03476089066945202,-0.9143260204049839,-0.997471732522988,-0.7457150152420878,-1.0161329645585022,0
-0.8043672005990544,-1.1099901739376037,-1.179024470547907,-0.38932255990813647,-0.911310674287764,-1.177851894974348,0.06599664927436881,-0.8828162337175963,0.273097067597218,0.4617277333253637,-0.4814607612315388,0.2463866020402601,0.9841231756854657,0
1.0595727735687044,0.9009088760241706,0.8491410419312149,-0.6886354781785299,1.2854498274770565,0.9048055324001227,-0.9647587994598251,1.4316811360790147,0.20931696391232313,-0.45564143582820127,0.5505611813513597,-0.051243883144444294,-1.0161329645585022,0
0.7206745964472937,-1.1099901739376037,-1.179024470547907,-0.677675568650769,0.4405419421828948,0.9048055324001227,-1.042512820865339,0.2744324511807092,0.5349311774615239,-0.6849837281165926,0.29255569570563505,-1.5195542767223194,0.9841231756854657,0
-0.634918112038349,-1.1099901739376037,-0.502969299721533,0.8376977435190125,-0.404365943111267,0.9048055324001227,1.6495816066168083,1.4316811360790147,-0.09615616426270057,0.1177142948927768,-0.7394662468772634,-0.44808453005738347,-1.0161329645585022,0
-0.8043672005990544,-1.1099901739376037,-0.502969299721533,-0.5983346674008108,-0.5733475201700994,-1.177851894974348,0.06599664927436881,-1.461440576166749,-0.9320112072910621,1.1497546101905376,-0.4814607612315388,0.6630692812988462,0.9841231756854657,0
-0.634918112038349,0.9009088760241706,-0.502969299721533,-0.5024591475981643,-0.911310674287764,-1.177851894974348,-1.042512820865339,1.4316811360790147,0.3066655432208469,-0.9143260204049839,-0.997471732522988,0.8416475724096689,-1.0161329645585022,0
0.21232733076517762,-1.1099901739376037,-0.502969299721533,-0.6163853541302499,0.6095235192417271,0.9048055324001227,-0.7257958293968509,0.2744324511807092,0.9343960373827085,-0.2262991435398101,1.066572152642809,0.305912699077201,0.9841231756854657,0
0.890123685007999,0.9009088760241706,-1.179024470547907,0.6505264931976542,0.6095235192417271,-1.177851894974348,2.2830155895537843,0.2744324511807092,0.40737097009173406,0.6910700256137552,0.5505611813513597,0.5043330225336705,0.9841231756854657,0
0.0428782422044723,0.9009088760241706,-1.179024470547907,-0.29769518947576046,-0.23538436605243465,-1.177851894974348,-0.527847709729046,0.853056793629862,0.3335203237197501,-0.45564143582820127,0.03455021005991044,0.9606997664835506,0.9841231756854657,0
0.21232733076517762,0.9009088760241706,-0.502969299721533,-0.3810315620665306,0.4405419421828948,0.9048055324001227,-0.8681601170619363,1.4316811360790147,-0.002164432516539662,-0.7996548742607882,0.29255569570563505,1.0797519605574324,0.9841231756854657,0
-0.46546902347764374,0.9009088760241706,-1.179024470547907,-0.5592959118494779,-0.5733475201700994,0.9048055324001227,-0.5674373336626071,0.2744324511807092,0.08175675654253277,-0.11162799739561437,-0.4814607612315388,-0.20998014190961997,0.9841231756854657,0
0.5512255078865883,0.9009088760241706,-0.502969299721533,-0.9208150024971772,0.10257878806523006,0.9048055324001227,-1.1831351650773476,0.853056793629862,-0.2606416948184826,-0.45564143582820127,0.5505611813513597,-0.6465048535138531,0.9841231756854657,0
-0.12657084635623306,-1.1099901739376037,-0.502969299721533,-0.6398370337393637,-0.23538436605243465,0.9048055324001227,-0.7257958293968509,0.2744324511807092,-1.2072727074048197,-0.11162799739561437,-0.7394662468772634,0.2463866020402601,-1.0161329645585022,0
-0.8043672005990544,-1.1099901739376037,0.8491410419312149,-0.11025546874810266,-0.911310674287764,-1.177851894974348,-0.4090788379283631,0.853056793629862,-1.1233515183457474,-0.45564143582820127,-0.4814607612315388,0.7424374106814341,-1.0161329645585022,0
-0.46546902347764374,0.9009088760241706,0.8491410419312149,0.12135553000426315,-0.7423290972289317,-1.177851894974348,0.06599664927436881,-0.8828162337175963,1.192873299684652,-0.34097028968400567,-0.7394662468772634,1.0202258635204915,0.9841231756854657,0
-0.46546902347764374,-1.1099901739376037,1.5251962127575889,0.1752075350325986,0.10257878806523006,-1.177851894974348,-0.09236184645987515,0.2744324511807092,-0.87158795116853,-0.45564143582820127,-0.22345527558581418,0.9606997664835506,-1.0161329645585022,0
-0.8043672005990544,-1.1099901739376037,1.5251962127575889,0.17580764535256244,-0.7423290972289317,0.9048055324001227,0.06599664927436881,1.4316811360790147,-1.6705176710108995,-0.34097028968400567,-0.7394662468772634,-1.7179746001787888,0.9841231756854657,0
-0.46546902347764374,0.9009088760241706,0.8491410419312149,-0.9589693849454055,-0.7423290972289317,0.9048055324001227,-1.18471875003469,-0.8828162337175963,0.6826324702054911,-0.34097028968400567,-0.4814607612315388,0.08765034327508442,0.9841231756854657,0
-0.8043672005990544,-1.1099901739376037,0.8491410419312149,-0.6155799429113511,-0.911310674287764,0.9048055324001227,0.06599664927436881,0.2744324511807092,-0.542616890056966,1.1497546101905376,-0.7394662468772634,-1.102871597463733,0.9841231756854657,0
0.38177641932588297,0.9009088760241706,-0.502969299721533,0.6513950739239177,0.7785050963005594,-1.177851894974348,2.2830155895537843,0.853056793629862,0.18917587853814558,0.6910700256137552,1.066572152642809,-0.40840046536608954,0.9841231756854657,0
-0.12657084635623306,-1.1099901739376037,-1.179024470547907,-0.6973528701948469,0.10257878806523006,0.9048055324001227,-0.39561836579095233,-1.461440576166749,-1.3214055245251584,0.6910700256137552,0.5505611813513597,0.821805540064022,-1.0161329645585022,0
0.890123685007999,0.9009088760241706,-1.179024470547907,-0.5875800587719848,0.6095235192417271,-1.177851894974348,0.38271364074285674,0.853056793629862,-0.22035952407012813,1.6084391947673204,1.066572152642809,-0.5076106270943244,-1.0161329645585022,0
0.7206745964472937,-1.1099901739376037,0.8491410419312149,-0.4132480108224849,0.2715603651240624,0.9048055324001227,-0.2507203421941191,0.2744324511807092,-0.23043006675721658,0.1177142948927768,1.066572152642809,0.305912699077201,0.9841231756854657,0
-0.46546902347764374,0.9009088760241706,-0.502969299721533,-0.8114054157416617,-0.23538436605243465,0.9048055324001227,-1.2350767516781795,0.853056793629862,-1.166990536656465,-0.9143260204049839,-0.4814607612315388,1.0599099282117854,-1.0161329645585022,0
-0.634918112038349,0.9009088760241706,0.8491410419312149,-0.5251370007420616,-0.5733475201700994,0.9048055324001227,-0.2507203421941191,0.2744324511807092,0.0045492626081859895,0.3470565871811683,-0.7394662468772634,0.0479662785837905,0.9841231756854657,0
-0.46546902347764374,-1.1099901739376037,0.8491410419312149,-0.015880224745365844,-0.5733475201700994,0.9048055324001227,-0.09236184645987515,-0.8828162337175963,-0.2035752862583134,-0.34097028968400567,-0.4814607612315388,-3.8410720611630134,0.9841231756854657,0
-0.12657084635623306,-1.1099901739376037,-0.502969299721533,-0.12724806622918444,0.10257878806523006,-1.177851894974348,0.5410721364771007,-0.8828162337175963,-1.069641957347941,0.4617277333253637,0.03455021005991044,-2.670392152769843,0.9841231756854657,0
-0.2960199349169384,-1.1099901739376037,0.8491410419312149,-0.15201051311611405,-0.06640278899360229,0.9048055324001227,-0.4090788379283631,0.853056793629862,-1.0797125000350298,-0.45564143582820127,-0.4814607612315388,0.06780831092943747,-1.0161329645585022,0
2.415165482054347,-1.1099901739376037,0.8491410419312149,-0.47191669078737236,2.4683208668888827,-1.177851894974348,0.06599664927436881,0.2744324511807092,0.3536614090939276,0.6910700256137552,2.356599580871432,-2.7696023144980777,0.9841231756854657,0
-0.634918112038349,0.9009088760241706,-1.179024470547907,-0.7696977485041737,-0.911310674287764,0.9048055324001227,-0.8841543251310949,1.4316811360790147,-0.522475804682789,-0.11162799739561437,-0.7394662468772634,0.5241750548793175,0.9841231756854657,0
0.0428782422044723,-1.1099901739376037,-0.502969299721533,-0.2418691373422808,0.4405419421828948,-1.177851894974348,-0.4090788379283631,0.853056793629862,-0.37813135950118393,-0.34097028968400567,0.5505611813513597,1.0995939929030794,-1.0161329645585022,0
-0.634918112038349,0.9009088760241706,-0.502969299721533,-0.3995086429706809,-0.404365943111267,0.9048055324001227,-0.5674373336626071,-0.8828162337175963,0.1488937077897905,-0.34097028968400567,-0.7394662468772634,-2.7696023144980777,0.9841231756854657,0
0.38177641932588297,0.9009088760241706,-1.179024470547907,-0.7314644041717397,0.6095235192417271,0.9048055324001227,-0.5674373336626071,-0.8828162337175963,0.4745079213389917,0.4617277333253637,-0.22345527558581418,1.794065125000723,-1.0161329645585022,0
-0.634918112038349,-1.1099901739376037,1.5251962127575889,-0.3015485294250021,-0.06640278899360229,0.9048055324001227,-0.7257958293968509,-1.461440576166749,-1.4355383416454968,-0.6849837281165926,-0.7394662468772634,-0.6068207888225592,0.9841231756854657,0
-0.8043672005990544,-1.1099901739376037,-0.502969299721533,-0.6168117483049611,-0.5733475201700994,0.9048055324001227,-0.7257958293968509,-0.8828162337175963,-0.5661148229935064,-0.2262991435398101,-0.4814607612315388,-2.154499311783022,0.9841231756854657,0
1.398470950690115,-1.1099901739376037,-1.179024470547907,-0.6125793913115318,1.2854498274770565,0.9048055324001227,-0.7574675285436998,0.2744324511807092,-0.9722933780394172,-0.2262991435398101,1.066572152642809,-0.44808453005738347,0.9841231756854657,0
-0.2960199349169384,0.9009088760241706,0.8491410419312149,-0.5468199341449662,-0.5733475201700994,0.9048055324001227,-0.4340994802543736,0.853056793629862,-1.099853585409207,0.1177142948927768,-0.997471732522988,0.9606997664835506,0.9841231756854657,0
-0.9738162891597597,-1.1099901739376037,0.8491410419312149,-0.728005873643527,-0.911310674287764,0.9048055324001227,-0.7257958293968509,-0.8828162337175963,-0.1935047435712249,0.1177142948927768,-0.7394662468772634,-2.4719718293133734,0.9841231756854657,0
-0.46546902347764374,0.9009088760241706,1.5251962127575889,0.26667698169656306,-0.23538436605243465,-1.177851894974348,-0.5674373336626071,1.4316811360790147,-1.0528577195361266,-0.9143260204049839,-0.4814607612315388,0.8614896047553159,0.9841231756854657,0
-0.634918112038349,0.9009088760241706,-0.502969299721533,-1.0917990665563524,-0.5733475201700994,0.9048055324001227,-1.371581775001098,0.2744324511807092,-0.3009238655668377,-0.570312581972397,-0.4814607612315388,-0.07108591549009124,0.9841231756854657,0
-0.12657084635623306,-1.1099901739376037,0.8491410419312149,-0.3349967835745664,0.10257878806523006,-1.177851894974348,-0.804975077263973,1.4316811360790147,0.138823165102702,-0.6849837281165926,0.29255569570563505,-1.0036614357354983,0.9841231756854657,0
-0.2960199349169384,-1.1099901739376037,0.8491410419312149,-0.4779335863638521,-0.7423290972289317,0.9048055324001227,-0.6352147698368634,0.853056793629862,0.1656779456016052,-0.34097028968400567,0.29255569570563505,1.4964346398160184,0.9841231756854657,0
0.5512255078865883,0.9009088760241706,0.17308587110484092,-0.10471234447685757,0.9474866733593919,0.9048055324001227,-0.5674373336626071,-0.3041918912684436,-0.284139627755023,-0.6849837281165926,0.8085666669970842,-0.9242933063529105,0.9841231756854657,0
-0.8043672005990544,-1.1099901739376037,-0.502969299721533,0.3420539963593915,-0.404365943111267,0.9048055324001227,0.8577891279455886,-1.461440576166749,0.0716862138554443,0.1177142948927768,-0.4814607612315388,1.0003838311748445,0.9841231756854657,0
-0.634918112038349,0.9009088760241706,-1.179024470547907,-0.29976399084195166,-0.911310674287764,-1.177851894974348,-0.5674373336626071,0.853056793629862,-0.1263677923239666,-0.45564143582820127,-0.7394662468772634,-0.2893482712922078,0.9841231756854657,0
-0.46546902347764374,-1.1099901739376037,-0.502969299721533,0.09548761673845277,-0.404365943111267,0.9048055324001227,0.012788194707662836,1.4316811360790147,-0.8648742560438044,-0.34097028968400567,-0.22345527558581418,-0.38855843302044263,0.9841231756854657,0
-0.8043672005990544,0.9009088760241706,-1.179024470547907,0.16328429051752724,-0.5733475201700994,0.9048055324001227,0.38271364074285674,1.4316811360790147,0.19253272610050842,-0.11162799739561437,-0.7394662468772634,-1.9560789883265524,0.9841231756854657,0
0.7206745964472937,0.9009088760241706,-0.502969299721533,0.7302622038686412,0.9474866733593919,-1.177851894974348,1.2126705168860292,-0.8828162337175963,0.9713213605687007,0.003043148748581378,0.29255569570563505,-0.8250831446246757,0.9841231756854657,0
-0.12657084635623306,0.9009088760241706,0.8491410419312149,0.5174283411804076,0.10257878806523006,0.9048055324001227,-0.22807507730412221,-0.3041918912684436,0.26302652491012896,-0.7996548742607882,0.03455021005991044,-0.40840046536608954,-1.0161329645585022,0
-0.634918112038349,-1.1099901739376037,-0.502969299721533,-0.391628246926945,-0.5733475201700994,0.9048055324001227,0.38271364074285674,-0.8828162337175963,0.021333500420000717,0.9204123179021463,-0.7394662468772634,-1.0235034680811452,0.9841231756854657,0
0.890123685007999,-1.1099901739376037,-1.179024470547907,-0.20758388722013527,1.4544314045358888,0.9048055324001227,0.06599664927436881,0.2744324511807092,-0.5191189571204256,0.1177142948927768,0.03455021005991044,0.8416475724096689,0.9841231756854657,0
-0.12657084635623306,-1.1099901739376037,0.8491410419312149,-0.016085525644300845,-0.06640278899360229,-1.177851894974348,-0.7257958293968509,-1.461440576166749,-1.8383600491290444,-0.9143260204049839,-0.22345527558581418,1.258330251668255,0.9841231756854657,0
-0.2960199349169384,0.9009088760241706,-0.502969299721533,0.26497140499771843,-0.404365943111267,-1.177851894974348,-0.2507203421941191,0.2744324511807092,0.561785957960427,-0.6849837281165926,-0.4814607612315388,-0.09092794783573821,-1.0161329645585022,0
-0.12657084635623306,0.9009088760241706,-0.502969299721533,0.11560710483408307,0.10257878806523006,0.9048055324001227,0.06599664927436881,0.2744324511807092,-0.018948670328354386,-0.34097028968400567,0.8085666669970842,0.9210157017922567,0.9841231756854657,0
-0.634918112038349,0.9009088760241706,0.8491410419312149,-0.4494283461655689,-0.5733475201700994,0.21058638994196582,-0.2507203421941191,1.4316811360790147,-1.4724636648314886,0.23238544103697253,-0.4814607612315388,-1.658448503141848,0.9841231756854657,0
3.431860013418579,0.9009088760241706,0.8491410419312149,1.0261797611181864,3.144247175124212,-1.177851894974348,-0.9474977234247925,1.4316811360790147,0.001192415045823164,-1.3730106049817663,2.872610552162881,-0.5274526594399713,-1.0161329645585022,0
-0.634918112038349,0.9009088760241706,-1.179024470547907,0.08350120271601681,-0.911310674287764,0.9048055324001227,0.5410721364771007,0.853056793629862,-1.828289506441956,0.1177142948927768,-0.4814607612315388,0.4448069254967297,0.9841231756854657,0
-0.634918112038349,0.9009088760241706,0.8491410419312149,-0.3128874559969507,-0.911310674287764,-1.177851894974348,-0.8841543251310949,1.4316811360790147,0.954537122756886,-0.7996548742607882,-0.4814607612315388,0.4844909901880236,0.9841231756854657,0
0.0428782422044723,-1.1099901739376037,-0.502969299721533,0.07412053087237129,0.10257878806523006,0.9048055324001227,-1.121692068732461,-1.461440576166749,0.3100223907832097,-1.2583394588375707,-0.22345527558581418,0.26622863438590705,0.9841231756854657,0
0.5512255078865883,0.9009088760241706,0.8491410419312149,1.1263981845521502,0.2715603651240624,0.9048055324001227,-0.9661840259214334,0.2744324511807092,0.8336906105118219,-1.3730106049817663,0.8085666669970842,-1.0036614357354983,0.9841231756854657,0
-0.634918112038349,0.9009088760241706,-1.179024470547907,-0.07892339309525295,-0.5733475201700994,-1.177851894974348,-1.2008713165995828,-0.8828162337175963,0.8336906105118219,-1.2583394588375707,-0.7394662468772634,-1.2219237915376149,-1.0161329645585022,0
0.0428782422044723,0.9009088760241706,-1.179024470547907,0.9377424508077236,0.10257878806523006,-1.177851894974348,-0.7257958293968509,-0.3041918912684436,-0.9252975121663365,-1.143668312693375,0.29255569570563505,-1.4997122443766724,0.9841231756854657,0
0.890123685007999,-1.1099901739376037,0.8491410419312149,0.3174178884871911,0.9474866733593919,-1.177851894974348,0.22435514500861276,-1.461440576166749,-0.5459737376193288,-0.34097028968400567,1.3245776382885335,0.6432272489531993,0.9841231756854657,0
-0.2960199349169384,0.9009088760241706,-1.179024470547907,-0.2965581383431974,0.2715603651240624,0.9048055324001227,0.5410721364771007,-0.3041918912684436,0.10189784191671032,0.8057411717579506,-0.4814607612315388,0.10749237562073138,0.9841231756854657,0
0.7206745964472937,0.9009088760241706,1.5251962127575889,0.45921764014391364,0.4405419421828948,0.9048055324001227,1.6495816066168083,-0.3041918912684436,0.6524208421442251,0.4617277333253637,1.066572152642809,0.821805540064022,0.9841231756854657,0
1.0595727735687044,0.9009088760241706,-0.502969299721533,-0.4812815702541767,0.7785050963005594,-1.177851894974348,0.06599664927436881,0.2744324511807092,-1.4926047502056663,0.6910700256137552,2.098594095225707,1.298014316359549,0.9841231756854657,0
0.21232733076517762,-1.1099901739376037,-1.179024470547907,-0.43082492624668944,0.4405419421828948,0.9048055324001227,-0.2507203421941191,0.2744324511807092,1.1559479764986598,0.1177142948927768,0.03455021005991044,0.9805417988291976,0.9841231756854657,0
0.21232733076517762,-1.1099901739376037,0.8491410419312149,-0.4942155268870819,0.2715603651240624,0.9048055324001227,-0.4090788379283631,0.853056793629862,-0.7876667621094576,0.003043148748581378,1.066572152642809,-1.12271362980938,0.9841231756854657,0
0.38177641932588297,0.9009088760241706,-1.179024470547907,2.3638888338249844,0.4405419421828948,-1.177851894974348,-0.856916663864805,0.853056793629862,-1.4254677989584081,-1.3730106049817663,0.03455021005991044,-0.6663468858595001,-1.0161329645585022,0
-0.634918112038349,0.9009088760241706,-0.502969299721533,0.0790003753162879,-0.404365943111267,-1.177851894974348,0.06884710219758519,0.2744324511807092,1.2633670984942724,-0.2262991435398101,-0.7394662468772634,0.7027533459901402,0.9841231756854657,0
0.0428782422044723,-1.1099901739376037,-0.502969299721533,0.5749915547664143,-0.404365943111267,-1.177851894974348,-0.7257958293968509,1.4316811360790147,0.07504306141780712,-1.143668312693375,0.29255569570563505,-1.2219237915376149,0.9841231756854657,0
-0.634918112038349,-1.1099901739376037,0.8491410419312149,-0.7684501507337226,-0.7423290972289317,0.9048055324001227,-0.8841543251310949,1.4316811360790147,-0.522475804682789,-0.11162799739561437,-0.7394662468772634,-1.5989224061049072,-1.0161329645585022,0
2.2457163934936415,0.9009088760241706,-1.179024470547907,-0.4877880295127322,2.130357712771218,0.9048055324001227,-0.06749956262959886,-0.8828162337175963,-1.1804179269059165,0.5763988794695595,2.098594095225707,0.286070666731554,0.9841231756854657,0
-0.12657084635623306,0.9009088760241706,0.8491410419312149,-0.09819009284146094,-0.7423290972289317,-1.177851894974348,-1.042512820865339,-0.3041918912684436,0.4174415127788225,-1.143668312693375,-0.22345527558581418,-0.9242933063529105,0.9841231756854657,0
-0.9738162891597597,-1.1099901739376037,-1.179024470547907,-0.5718350590613542,-0.911310674287764,0.9048055324001227,-0.8841543251310949,-1.461440576166749,-1.8752853723150364,-0.570312581972397,-0.7394662468772634,0.028124246238143545,0.9841231756854657,0
-0.46546902347764374,-1.1099901739376037,0.8491410419312149,-0.34276663298041427,-0.06640278899360229,-1.177851894974348,1.6495816066168083,-0.3041918912684436,0.17239164072633087,2.2964660716324943,0.03455021005991044,0.38528082845978884,0.9841231756854657,0
-0.8043672005990544,0.9009088760241706,-1.179024470547907,-0.013084974044481569,-0.5733475201700994,0.9048055324001227,1.0161476236798326,0.2744324511807092,0.8941138666343539,0.6910700256137552,-0.4814607612315388,-0.11076998018138517,0.9841231756854657,0
0.5512255078865883,-1.1099901739376037,0.8491410419312149,-0.3588748573583914,0.4405419421828948,0.9048055324001227,0.6994306322113446,-0.8828162337175963,0.6490639945818623,1.1497546101905376,-0.22345527558581418,0.4844909901880236,0.9841231756854657,0
-0.46546902347764374,0.9009088760241706,-1.179024470547907,-0.3154458210452177,-0.7423290972289317,0.9048055324001227,0.20345182357169256,-0.8828162337175963,-0.5124052619956999,0.4617277333253637,-0.997471732522988,-1.0433455004267922,0.9841231756854657,0
1.5679200392508204,0.9009088760241706,0.8491410419312149,1.7890305244301345,1.2854498274770565,-1.177851894974348,0.7233427650672155,1.4316811360790147,-1.2441980305908118,-0.7996548742607882,2.356599580871432,-0.7258729828964409,0.9841231756854657,0
-0.46546902347764374,0.9009088760241706,0.8491410419312149,-0.30077470295978553,-0.911310674287764,0.9048055324001227,-0.5674373336626071,1.4316811360790147,0.7363420312032976,-0.45564143582820127,-0.7394662468772634,-0.686188918205147,-1.0161329645585022,0
0.21232733076517762,-1.1099901739376037,-1.179024470547907,-0.06992173829579512,-0.23538436605243465,-1.177851894974348,1.6495816066168083,0.2744324511807092,-0.03237606057780569,1.379096902478929,0.8085666669970842,-0.6663468858595001,-1.0161329645585022,0
0.38177641932588297,0.9009088760241706,-0.502969299721533,-0.4707480549011269,0.2715603651240624,0.9048055324001227,-0.7257958293968509,0.2744324511807092,0.44429629327772574,-0.45564143582820127,1.066572152642809,0.16701847265767225,0.9841231756854657,0
0.21232733076517762,0.9009088760241706,1.5251962127575889,-0.40494122060403787,0.10257878806523006,-1.177851894974348,-0.5674373336626071,1.4316811360790147,0.4107278176540969,-0.34097028968400567,0.5505611813513597,0.12733440796637835,-1.0161329645585022,0
-0.46546902347764374,-1.1099901739376037,0.8491410419312149,-0.8352834895254867,-0.23538436605243465,-1.177851894974348,-0.28033338089642273,-0.8828162337175963,0.09182729922962125,1.7231103409115156,-0.22345527558581418,-1.4997122443766724,0.9841231756854657,0
3.0929618362971683,0.9009088760241706,-0.502969299721533,-0.9647178101155856,2.8062840210065474,0.9048055324001227,-1.2008713165995828,1.4316811360790147,0.427512055465911,-0.34097028968400567,1.8405886095799828,-0.6465048535138531,0.9841231756854657,0
0.21232733076517762,0.9009088760241706,-0.502969299721533,-0.018470174547315112,-0.06640278899360229,-1.177851894974348,1.6495816066168083,-0.3041918912684436,0.27645391515958084,1.2644257563347332,0.5505611813513597,1.4170665104334308,0.9841231756854657,0
-0.46546902347764374,0.9009088760241706,-1.179024470547907,-0.4929521367397896,-0.06640278899360229,0.9048055324001227,-1.289868791202228,1.4316811360790147,-0.5392600424946031,-1.2583394588375707,-0.4814607612315388,-0.5274526594399713,0.9841231756854657,0
0.21232733076517762,0.9009088760241706,-1.179024470547907,0.7550404431324119,-0.911310674287764,0.9048055324001227,-0.2507203421941191,0.853056793629862,-1.1804179269059165,-0.9143260204049839,0.29255569570563505,0.40512286080543575,0.9841231756854657,0
2.415165482054347,0.9009088760241706,0.8491410419312149,1.9761543976209692,1.9613761357123858,-1.177851894974348,-0.3591959117720762,1.4316811360790147,0.4107278176540969,-1.143668312693375,1.582583123934258,0.4448069254967297,0.9841231756854657,0
0.38177641932588297,0.9009088760241706,-0.502969299721533,-0.3542318985670921,0.4405419421828948,-1.177851894974348,0.06599664927436881,1.4316811360790147,0.34359086640683856,0.3470565871811683,0.03455021005991044,0.821805540064022,0.9841231756854657,0
-0.46546902347764374,0.9009088760241706,-0.502969299721533,0.07495752684495245,-0.404365943111267,-1.177851894974348,-0.4022694226117906,0.2744324511807092,-0.1263677923239666,-0.6849837281165926,-0.7394662468772634,0.9805417988291976,0.9841231756854657,0
0.0428782422044723,-1.1099901739376037,0.8491410419312149,1.602032990254029,-0.5733475201700994,-1.177851894974348,0.4900807008506741,0.2744324511807092,0.138823165102702,-0.7996548742607882,0.03455021005991044,0.028124246238143545,-1.0161329645585022,0
-0.12657084635623306,-1.1099901739376037,-0.502969299721533,-0.7432297249183996,-0.23538436605243465,0.9048055324001227,-0.6890566583865064,-0.8828162337175963,-0.9487954451028768,0.23238544103697253,-0.4814607612315388,0.38528082845978884,-1.0161329645585022,0
-0.9738162891597597,-1.1099901739376037,-0.502969299721533,-0.636173202312216,-0.911310674287764,0.9048055324001227,-0.7257958293968509,-1.461440576166749,-1.1166378232210217,-0.11162799739561437,-0.4814607612315388,0.8614896047553159,-1.0161329645585022,0
-0.8043672005990544,-1.1099901739376037,0.8491410419312149,-0.7885380540756706,-0.7423290972289317,0.9048055324001227,-0.7257958293968509,0.853056793629862,-0.9051564267921589,0.3470565871811683,-0.7394662468772634,0.6035431842619053,0.9841231756854657,0
-0.12657084635623306,0.9009088760241706,-0.502969299721533,-0.30939734071505565,-0.23538436605243465,-1.177851894974348,-0.4090788379283631,1.4316811360790147,-0.76752567673528,-0.2262991435398101,-0.4814607612315388,-2.075131182400434,0.9841231756854657,0
0.38177641932588297,0.9009088760241706,-0.502969299721533,3.4948125241737107,0.6095235192417271,0.9048055324001227,1.6495816066168083,-0.8828162337175963,0.6994167080173058,-0.7996548742607882,1.066572152642809,0.10749237562073138,0.9841231756854657,0
-0.634918112038349,0.9009088760241706,0.8491410419312149,1.270171983314017,-0.7423290972289317,-1.177851894974348,1.2378495177077742,1.4316811360790147,0.23617174441122635,-0.34097028968400567,-0.4814607612315388,-1.0235034680811452,0.9841231756854657,0
3.431860013418579,0.9009088760241706,-1.179024470547907,0.2708145844289454,3.3132287521830444,0.9048055324001227,1.3328646151483206,-0.3041918912684436,2.2670645196407797,0.5763988794695595,3.130616037808606,0.32575473142284794,-1.0161329645585022,0
0.38177641932588297,-1.1099901739376037,-1.179024470547907,1.518096507343295,0.4405419421828948,-1.177851894974348,-1.121692068732461,0.2744324511807092,0.8370474580741847,-1.487681751125962,0.8085666669970842,0.38528082845978884,0.9841231756854657,0
0.21232733076517762,-1.1099901739376037,-1.179024470547907,-0.06489976246030812,-0.06640278899360229,0.9048055324001227,-0.5674373336626071,-0.3041918912684436,-0.06930138376379737,-0.6849837281165926,-0.22345527558581418,-1.4798702120310254,0.9841231756854657,0
-0.634918112038349,0.9009088760241706,-1.179024470547907,-0.18823822558972153,-0.7423290972289317,-1.177851894974348,-1.1839269575560187,-1.461440576166749,-0.06930138376379737,-1.2583394588375707,-0.7394662468772634,0.286070666731554,0.9841231756854657,0
-0.8043672005990544,-1.1099901739376037,-1.179024470547907,0.17504961126418705,-0.911310674287764,0.9048055324001227,-0.2507203421941191,-1.461440576166749,-0.26399854238084547,-0.570312581972397,-0.7394662468772634,-0.5671367241312653,0.9841231756854657,0
-0.46546902347764374,-1.1099901739376037,0.8491410419312149,0.8979772459216976,-0.06640278899360229,-1.177851894974348,2.4413740852880284,-0.8828162337175963,0.03811773823181484,0.4617277333253637,-0.7394662468772634,0.6630692812988462,0.9841231756854657,0
4.618003633343516,0.9009088760241706,0.8491410419312149,0.079932125549916,4.158136637477206,0.9048055324001227,-1.121692068732461,-1.461440576166749,-1.5933101770765532,-1.2583394588375707,4.4206434660372285,1.6551708985811941,0.9841231756854657,0
1.398470950690115,0.9009088760241706,0.8491410419312149,0.1797083624323275,1.2854498274770565,-1.177851894974348,-0.2507203421941191,0.853056793629862,-1.7980778783806897,-0.570312581972397,1.582583123934258,-0.30919030363785477,-1.0161329645585022,0
-0.46546902347764374,-1.1099901739376037,-1.179024470547907,0.6485998232230334,-0.23538436605243465,-1.177851894974348,0.6994306322113446,1.4316811360790147,-0.5392600424946031,-0.2262991435398101,-0.7394662468772634,0.305912699077201,0.9841231756854657,0
-0.9738162891597597,-1.1099901739376037,0.8491410419312149,0.2489737272576293,-0.911310674287764,-1.177851894974348,0.06599664927436881,-1.461440576166749,-0.7708825242976429,-0.45564143582820127,-0.997471732522988,0.8416475724096689,0.9841231756854657,0
0.21232733076517762,0.9009088760241706,1.5251962127575889,0.9276195372525438,-0.23538436605243465,-1.177851894974348,-0.8841543251310949,0.853056793629862,-0.2807827801926602,-1.2583394588375707,0.03455021005991044,1.3773824457421369,0.9841231756854657,0
0.890123685007999,0.9009088760241706,-0.502969299721533,0.27725787418013625,1.1164682504182242,-1.177851894974348,2.2830155895537843,-1.461440576166749,1.1022384155008533,1.2644257563347332,0.29255569570563505,1.9131173190746047,-1.0161329645585022,0
0.7206745964472937,0.9009088760241706,0.8491410419312149,-0.33883433114696687,1.2854498274770565,0.9048055324001227,-0.7257958293968509,-1.461440576166749,-0.43519776806135313,-0.570312581972397,0.8085666669970842,1.1591200899400202,0.9841231756854657,0
-0.2960199349169384,0.9009088760241706,-0.502969299721533,-0.4862087918286168,-0.911310674287764,0.9048055324001227,-0.3774071387815143,-0.8828162337175963,-0.8548037133567153,0.1177142948927768,-0.7394662468772634,-2.8092863791893716,0.9841231756854657,0
0.0428782422044723,0.9009088760241706,0.8491410419312149,0.24846837119871237,0.2715603651240624,0.9048055324001227,0.3576929984168462,-0.3041918912684436,0.5987112811464187,-0.2262991435398101,-0.22345527558581418,-0.24966420660091387,-1.0161329645585022,0
1.0595727735687044,0.9009088760241706,0.8491410419312149,4.441944532845086,0.7785050963005594,-1.177851894974348,2.340024648018112,0.2744324511807092,0.457723683527177,-0.7996548742607882,1.582583123934258,-0.44808453005738347,0.9841231756854657,0
0.0428782422044723,0.9009088760241706,1.5251962127575889,-0.1251003029787875,-0.404365943111267,-1.177851894974348,2.2708219853822476,-0.8828162337175963,0.09182729922962125,2.1817949254882985,0.5505611813513597,0.5241750548793175,-1.0161329645585022,0
0.21232733076517762,-1.1099901739376037,-0.502969299721533,0.6027071761226397,0.10257878806523006,-1.177851894974348,-0.4882580857954851,-0.3041918912684436,0.31673608590793534,-0.9143260204049839,0.8085666669970842,-0.11076998018138517,0.9841231756854657,0
-0.2960199349169384,-1.1099901739376037,-0.502969299721533,0.3836353245821502,-0.06640278899360229,-1.177851894974348,0.06599664927436881,-0.8828162337175963,0.0716862138554443,-0.45564143582820127,-0.7394662468772634,-0.24966420660091387,-1.0161329645585022,0
-0.2960199349169384,-1.1099901739376037,-0.502969299721533,1.3117848962904581,-0.23538436605243465,-1.177851894974348,0.06599664927436881,1.4316811360790147,2.0992221415226346,-0.9143260204049839,-0.22345527558581418,-0.8647672093159696,0.9841231756854657,0
2.754063659175758,-1.1099901739376037,-1.179024470547907,-0.5450985650692803,2.637302443947715,0.9048055324001227,-0.963333572998217,-0.8828162337175963,0.6255660616453219,-0.6849837281165926,1.8405886095799828,0.6630692812988462,0.9841231756854657,0
0.0428782422044723,-1.1099901739376037,-0.502969299721533,-0.29711087153263777,-0.23538436605243465,-1.177851894974348,-0.8841543251310949,-1.461440576166749,0.5215037872120725,-0.7996548742607882,0.29255569570563505,-0.03140185079879733,-1.0161329645585022,0
-0.8043672005990544,0.9009088760241706,0.8491410419312149,-0.6510022441660597,-0.7423290972289317,0.9048055324001227,-0.8550163619159941,-1.461440576166749,0.8269769153870962,-0.34097028968400567,-0.7394662468772634,-0.6068207888225592,0.9841231756854657,0
-0.8043672005990544,0.9009088760241706,-1.179024470547907,-0.7522155873410162,-0.7423290972289317,0.9048055324001227,-0.9018904766533303,-0.8828162337175963,-0.945438597540514,-0.2262991435398101,-0.7394662468772634,0.5241750548793175,0.9841231756854657,0
0.38177641932588297,0.9009088760241706,1.5251962127575889,-0.11497738942360772,0.2715603651240624,0.9048055324001227,-0.5674373336626071,-1.461440576166749,-0.5560442803064178,-0.6849837281165926,0.8085666669970842,-0.5472946917856183,-1.0161329645585022,0
-0.634918112038349,0.9009088760241706,-0.502969299721533,0.21920509691205387,-0.911310674287764,0.9048055324001227,-0.4372666501690585,1.4316811360790147,-0.0860856215756121,-0.7996548742607882,-0.4814607612315388,-0.4877685947486774,0.9841231756854657,0
-0.8043672005990544,0.9009088760241706,-1.179024470547907,-0.695315653582338,-0.911310674287764,0.9048055324001227,-0.5354489175242898,1.4316811360790147,1.4009978485511514,0.3470565871811683,-0.22345527558581418,-1.3409759856114967,-1.0161329645585022,0
-0.634918112038349,-1.1099901739376037,-1.179024470547907,-0.09634238475104591,-0.404365943111267,0.9048055324001227,0.8577891279455886,-1.461440576166749,-0.04916029838962042,0.6910700256137552,-0.7394662468772634,-1.3608180179571436,0.9841231756854657,0
-0.2960199349169384,0.9009088760241706,0.8491410419312149,-0.48788278377377914,-0.5733475201700994,0.9048055324001227,-0.5674373336626071,0.2744324511807092,-0.059230841076708896,-0.2262991435398101,-0.7394662468772634,-1.182239726846321,0.9841231756854657,0
-0.12657084635623306,0.9009088760241706,-1.179024470547907,-0.8366732186875082,-0.06640278899360229,0.9048055324001227,-0.759526188988245,0.2744324511807092,0.9881055983805148,0.4617277333253637,0.29255569570563505,-0.5869787564769122,-1.0161329645585022,0
-0.634918112038349,-1.1099901739376037,-0.502969299721533,-0.64703835757893,-0.7423290972289317,0.9048055324001227,-1.321698848844811,1.4316811360790147,-0.6231812315536756,-1.2583394588375707,-0.997471732522988,-0.011559818453150373,0.9841231756854657,0
0.0428782422044723,-1.1099901739376037,-1.179024470547907,0.023505963096472446,-0.5733475201700994,0.9048055324001227,0.38271364074285674,-0.8828162337175963,0.1656779456016052,0.1177142948927768,0.29255569570563505,0.14717644031202531,-1.0161329645585022,0
0.21232733076517762,0.9009088760241706,0.8491410419312149,-0.26303092230942726,-0.06640278899360229,0.9048055324001227,0.16671265256134796,-1.461440576166749,-0.4251272253742647,0.3470565871811683,-0.4814607612315388,-2.23386744116561,0.9841231756854657,0
2.5846145706150523,-1.1099901739376037,-1.179024470547907,-0.10894470147028687,1.6234129815947211,-1.177851894974348,-0.7574675285436998,0.2744324511807092,0.29323815297139555,-0.7996548742607882,2.356599580871432,0.0479662785837905,0.9841231756854657,0
-0.12657084635623306,0.9009088760241706,-1.179024470547907,1.5933945601219177,-0.404365943111267,-1.177851894974348,0.7380701051705002,-1.461440576166749,-1.1166378232210217,-0.6849837281165926,0.03455021005991044,0.6829113136444932,0.9841231756854657,0
-0.634918112038349,0.9009088760241706,0.8491410419312149,0.17748163729772476,-0.404365943111267,0.9048055324001227,-0.2507203421941191,0.2744324511807092,-0.9722933780394172,-0.570312581972397,-0.7394662468772634,0.305912699077201,-1.0161329645585022,0
0.0428782422044723,-1.1099901739376037,-1.179024470547907,0.17433895430633511,0.10257878806523006,-1.177851894974348,-0.5674373336626071,1.4316811360790147,0.3704456469057418,-0.7996548742607882,0.5505611813513597,-2.114815247091728,0.9841231756854657,0
1.398470950690115,-1.1099901739376037,-0.502969299721533,-0.4249817468154624,1.4544314045358888,-1.177851894974348,0.22641380545315795,-1.461440576166749,-0.035732908140168516,0.8057411717579506,1.582583123934258,1.734539027963782,0.9841231756854657,0
1.5679200392508204,-1.1099901739376037,0.8491410419312149,-0.506217733286359,0.6095235192417271,0.9048055324001227,0.06599664927436881,1.4316811360790147,-0.3512765790022807,0.8057411717579506,0.03455021005991044,0.08765034327508442,0.9841231756854657,0
-0.46546902347764374,0.9009088760241706,1.5251962127575889,0.05491700063352792,-0.911310674287764,-1.177851894974348,-0.5674373336626071,0.2744324511807092,-0.5761853656805954,-0.7996548742607882,-0.7394662468772634,-1.0433455004267922,0.9841231756854657,0
-0.8043672005990544,0.9009088760241706,-1.179024470547907,0.6438621101706872,-0.911310674287764,-1.177851894974348,-0.2507203421941191,0.2744324511807092,-1.2207000976542715,-0.7996548742607882,-0.4814607612315388,-1.182239726846321,0.9841231756854657,0
-0.634918112038349,0.9009088760241706,0.8491410419312149,0.27420994544979355,-0.911310674287764,-1.177851894974348,2.2830155895537843,-1.461440576166749,1.7501099950368924,1.2644257563347332,-0.7394662468772634,0.5837011519162584,-1.0161329645585022,0
0.7206745964472937,-1.1099901739376037,-0.502969299721533,-0.2732012129951305,0.2715603651240624,0.9048055324001227,0.22435514500861276,1.4316811360790147,-1.2844802013391665,0.4617277333253637,-0.22345527558581418,0.38528082845978884,0.9841231756854657,0
-0.9738162891597597,-1.1099901739376037,0.8491410419312149,-0.6944628652329157,-0.7423290972289317,0.9048055324001227,-0.7257958293968509,-0.8828162337175963,-1.1770610793435539,0.003043148748581378,-0.4814607612315388,0.32575473142284794,-1.0161329645585022,0
-0.12657084635623306,-1.1099901739376037,-0.502969299721533,-0.03325183927063534,-0.5733475201700994,-1.177851894974348,-0.3294245145740384,0.2744324511807092,-0.3647039692517326,-0.45564143582820127,-0.22345527558581418,-0.44808453005738347,-1.0161329645585022,0
0.0428782422044723,0.9009088760241706,-0.502969299721533,1.404849373015379,-0.404365943111267,-1.177851894974348,2.3226052134873454,1.4316811360790147,0.30330869565848406,0.003043148748581378,0.03455021005991044,0.5241750548793175,-1.0161329645585022,0
-0.12657084635623306,0.9009088760241706,1.5251962127575889,3.0857741716109786,0.2715603651240624,-1.177851894974348,-0.7175611876186703,-0.8828162337175963,-1.076355652472667,-1.3730106049817663,0.29255569570563505,-0.07108591549009124,0.9841231756854657,0
1.5679200392508204,0.9009088760241706,-0.502969299721533,-0.7929915043448761,2.130357712771218,0.9048055324001227,-1.042512820865339,0.2744324511807092,-1.12670836590811,-0.45564143582820127,1.3245776382885335,1.5162766721616654,-1.0161329645585022,0
2.415165482054347,0.9009088760241706,1.5251962127575889,1.5952264758354915,2.2993392898300504,-1.177851894974348,0.8577891279455886,0.853056793629862,1.045172006940684,-0.6849837281165926,2.872610552162881,1.5956448015442533,0.9841231756854657,0
-0.634918112038349,-1.1099901739376037,-1.179024470547907,-0.14833088931212515,-0.911310674287764,-1.177851894974348,-0.804975077263973,-0.8828162337175963,-0.10622670694978965,-0.9143260204049839,-0.22345527558581418,-1.182239726846321,-1.0161329645585022,0
0.7206745964472937,-1.1099901739376037,1.5251962127575889,-0.5476569301175473,1.1164682504182242,-1.177851894974348,0.5410721364771007,-1.461440576166749,-0.2975670180044749,1.7231103409115156,0.29255569570563505,-1.658448503141848,0.9841231756854657,0
-0.46546902347764374,0.9009088760241706,-1.179024470547907,-0.5645073962070587,-0.404365943111267,0.9048055324001227,-0.9619083465366087,0.2744324511807092,-0.613110688866587,-0.6849837281165926,-0.7394662468772634,-1.182239726846321,-1.0161329645585022,0
-0.634918112038349,0.9009088760241706,0.8491410419312149,1.0305700418800272,-0.06640278899360229,-1.177851894974348,0.6994306322113446,-0.8828162337175963,-0.33784918875282943,-0.45564143582820127,-0.4814607612315388,0.7622794430270811,0.9841231756854657,0
0.5512255078865883,0.9009088760241706,0.8491410419312149,0.08337486370128758,0.10257878806523006,0.9048055324001227,0.4618928886099787,1.4316811360790147,-0.7507414389234659,0.1177142948927768,0.5505611813513597,-0.8647672093159696,-1.0161329645585022,0
-0.634918112038349,-1.1099901739376037,0.8491410419312149,0.2685088974101369,-0.911310674287764,-1.177851894974348,-0.7257958293968509,0.853056793629862,-1.7745799454441495,-1.0289971665491795,-0.7394662468772634,-0.4877685947486774,0.9841231756854657,0
-0.46546902347764374,-1.1099901739376037,0.8491410419312149,0.1783660104008294,-0.911310674287764,0.9048055324001227,-0.4090788379283631,-0.3041918912684436,-0.1935047435712249,-0.6849837281165926,-0.4814607612315388,-0.7655570475877348,0.9841231756854657,0
-0.12657084635623306,0.9009088760241706,1.5251962127575889,2.7175906979363122,-0.404365943111267,0.21058638994196582,0.8893024685967031,0.853056793629862,1.0048898361923295,-0.9143260204049839,0.5505611813513597,-0.7060309505507939,0.9841231756854657,0
-0.8043672005990544,0.9009088760241706,1.5251962127575889,-0.6972581159337999,-0.7423290972289317,0.21058638994196582,-0.5674373336626071,1.4316811360790147,-0.8581605609190788,0.3470565871811683,-0.7394662468772634,-1.3211339532658497,0.9841231756854657,0
-0.46546902347764374,0.9009088760241706,-1.179024470547907,-0.7481095693623161,-0.5733475201700994,0.9048055324001227,-0.6716372238557395,0.2744324511807092,-0.4821936339344339,0.23238544103697253,-0.7394662468772634,0.6233852166075523,0.9841231756854657,0
1.2290218621294098,-1.1099901739376037,-1.179024470547907,0.5532612442329862,0.7785050963005594,-1.177851894974348,0.06599664927436881,1.4316811360790147,-0.572828518118232,-0.570312581972397,0.8085666669970842,0.286070666731554,-1.0161329645585022,0
-0.46546902347764374,0.9009088760241706,-1.179024470547907,0.251295206653279,-0.5733475201700994,0.9048055324001227,1.7019982687048432,0.853056793629862,-1.264339115964989,0.8057411717579506,-0.7394662468772634,-0.03140185079879733,-1.0161329645585022,0
0.890123685007999,0.9009088760241706,-0.502969299721533,-0.28165013460514793,1.1164682504182242,0.9048055324001227,-1.211322977318043,0.853056793629862,-0.39491559731299863,-1.2583394588375707,1.582583123934258,-0.17029607721832604,0.9841231756854657,0
1.5679200392508204,-1.1099901739376037,0.8491410419312149,0.12066066542325238,1.9613761357123858,-1.177851894974348,-1.2642147148932805,-1.461440576166749,0.9780350556934264,-1.3730106049817663,2.098594095225707,1.0995939929030794,0.9841231756854657,0
0.21232733076517762,-1.1099901739376037,1.5251962127575889,-0.8689686293276684,0.10257878806523006,0.9048055324001227,-1.121692068732461,-0.8828162337175963,1.0351014642535956,-0.45564143582820127,0.5505611813513597,0.9210157017922567,0.9841231756854657,0
-0.634918112038349,-1.1099901739376037,-0.502969299721533,-0.07353819259241941,-0.7423290972289317,-1.177851894974348,0.06599664927436881,0.853056793629862,0.7866947446387411,-0.11162799739561437,-0.4814607612315388,-0.09092794783573821,0.9841231756854657,0
0.7206745964472937,0.9009088760241706,-0.502969299721533,0.3198972916512523,0.9474866733593919,-1.177851894974348,1.3328646151483206,1.4316811360790147,-0.9286543597286993,0.4617277333253637,0.29255569570563505,0.008282213892496587,0.9841231756854657,0
0.0428782422044723,0.9009088760241706,-0.502969299721533,0.09913565578875935,0.10257878806523006,-1.177851894974348,0.011362968246054641,-0.8828162337175963,-1.1770610793435539,-0.34097028968400567,-0.22345527558581418,0.305912699077201,0.9841231756854657,0
1.0595727735687044,0.9009088760241706,-1.179024470547907,-0.3781257647277582,1.1164682504182242,0.9048055324001227,-0.613519655921272,0.853056793629862,0.8269769153870962,-0.45564143582820127,0.8085666669970842,-3.5235995436326624,0.9841231756854657,0
0.7206745964472937,0.9009088760241706,1.5251962127575889,1.3097476796779493,0.9474866733593919,-1.177851894974348,1.3110111427369948,-0.3041918912684436,0.011262957732911642,-0.34097028968400567,0.5505611813513597,1.0202258635204915,0.9841231756854657,0
0.5512255078865883,0.9009088760241706,-1.179024470547907,-0.11300334231846347,0.2715603651240624,0.9048055324001227,0.38271364074285674,0.853056793629862,-0.008878127641265313,0.23238544103697253,1.066572152642809,-0.07108591549009124,0.9841231756854657,0
-0.46546902347764374,0.9009088760241706,-0.502969299721533,-0.7910964191239376,-0.06640278899360229,0.9048055324001227,-0.7593678304925107,-1.461440576166749,0.001192415045823164,0.23238544103697253,-0.4814607612315388,-0.4877685947486774,0.9841231756854657,0
-0.634918112038349,-1.1099901739376037,0.8491410419312149,0.6279907714453273,-0.911310674287764,0.9048055324001227,0.38271364074285674,-1.461440576166749,-1.6705176710108995,-0.45564143582820127,-0.4814607612315388,0.9011736694466097,-1.0161329645585022,0
1.2290218621294098,-1.1099901739376037,-0.502969299721533,-0.6064045719666405,0.6095235192417271,0.9048055324001227,-1.01084112171849,1.4316811360790147,0.3133792383455725,-0.6849837281165926,2.098594095225707,0.9408577341379036,0.9841231756854657,0
-0.8043672005990544,-1.1099901739376037,-0.502969299721533,-0.8622410767933367,-0.5733475201700994,0.9048055324001227,-1.3331006605376765,0.2744324511807092,-0.6634634023020307,-1.0289971665491795,-0.997471732522988,-1.0631875327724392,0.9841231756854657,0
-0.12657084635623306,-1.1099901739376037,-0.502969299721533,-0.15248428442134868,-0.7423290972289317,-1.177851894974348,-1.009415895256882,0.2744324511807092,-0.5023347193086114,-1.0289971665491795,0.29255569570563505,-1.8568688265983175,0.9841231756854657,0
-0.634918112038349,0.9009088760241706,1.5251962127575889,-0.7927230339385765,-0.5733475201700994,0.21058638994196582,-0.5674373336626071,0.2744324511807092,1.192873299684652,0.6910700256137552,-0.7394662468772634,1.0995939929030794,-1.0161329645585022,0
0.38177641932588297,-1.1099901739376037,-0.502969299721533,-0.6766648565329351,0.10257878806523006,0.9048055324001227,-0.2507203421941191,-0.8828162337175963,0.7866947446387411,0.9204123179021463,0.8085666669970842,0.5440170872249644,0.9841231756854657,0
-0.46546902347764374,0.9009088760241706,0.8491410419312149,-0.10445966644739911,-0.5733475201700994,-1.177851894974348,0.06599664927436881,-0.8828162337175963,-0.14315203013578132,0.003043148748581378,-0.4814607612315388,-1.3012919209202027,0.9841231756854657,0
3.0929618362971683,0.9009088760241706,-0.502969299721533,1.5999483965109966,3.3132287521830444,-1.177851894974348,0.6994306322113446,1.4316811360790147,-1.4489657318949483,-0.6849837281165926,1.582583123934258,-0.17029607721832604,-1.0161329645585022,0
-0.2960199349169384,-1.1099901739376037,-1.179024470547907,-0.6350993206870175,-0.5733475201700994,0.9048055324001227,-0.5118535016598874,1.4316811360790147,-0.03908975570253134,0.23238544103697253,-0.7394662468772634,-1.12271362980938,0.9841231756854657,0
-0.8043672005990544,0.9009088760241706,0.8491410419312149,-0.012848088391864259,-0.7423290972289317,-1.177851894974348,0.5410721364771007,-0.8828162337175963,-0.1532225728228698,0.23238544103697253,-0.997471732522988,0.782121475372728,0.9841231756854657,0
0.38177641932588297,0.9009088760241706,0.8491410419312149,-0.4501863802539443,0.4405419421828948,0.9048055324001227,-1.1612816926660219,1.4316811360790147,-0.7138161157374736,-1.143668312693375,0.5505611813513597,-0.44808453005738347,0.9841231756854657,0
-0.12657084635623306,-1.1099901739376037,-0.502969299721533,0.19357406929886078,-0.23538436605243465,-1.177851894974348,-0.9474977234247925,-1.461440576166749,0.03476089066945202,-1.143668312693375,-0.22345527558581418,0.9408577341379036,-1.0161329645585022,0
0.890123685007999,0.9009088760241706,-1.179024470547907,0.3885467537797491,1.2854498274770565,-1.177851894974348,-0.2507203421941191,-0.8828162337175963,0.6826324702054911,-0.6849837281165926,0.8085666669970842,1.8734332543833108,-1.0161329645585022,0
-0.2960199349169384,-1.1099901739376037,-1.179024470547907,1.0371870477764709,-0.23538436605243465,-1.177851894974348,0.8617480903389447,0.853056793629862,0.726271488516209,-0.45564143582820127,-0.22345527558581418,0.7424374106814341,0.9841231756854657,0
-0.2960199349169384,-1.1099901739376037,0.8491410419312149,-0.07704410025115561,-0.911310674287764,-1.177851894974348,0.06599664927436881,-1.461440576166749,-0.6936750303632967,-0.11162799739561437,-0.997471732522988,-0.011559818453150373,0.9841231756854657,0
-0.634918112038349,-1.1099901739376037,-0.502969299721533,-0.32875879472231057,-0.5733475201700994,0.9048055324001227,-0.9079080994912315,0.2744324511807092,-0.8447331706696268,-0.7996548742607882,-0.22345527558581418,-0.26950623894656084,0.9841231756854657,0
0.38177641932588297,0.9009088760241706,1.5251962127575889,-0.11240323199849961,-0.404365943111267,-1.177851894974348,0.6196179503612856,0.2744324511807092,-1.1468494512822878,0.5763988794695595,0.5505611813513597,-1.2219237915376149,0.9841231756854657,0
-0.2960199349169384,-1.1099901739376037,-1.179024470547907,2.5220494878891424,-0.911310674287764,-1.177851894974348,2.3226052134873454,1.4316811360790147,0.7195577933914834,-0.45564143582820127,-0.22345527558581418,-0.7258729828964409,0.9841231756854657,0
0.0428782422044723,-1.1099901739376037,1.5251962127575889,-0.39039644153333497,0.2715603651240624,0.9048055324001227,-0.5674373336626071,-0.8828162337175963,-1.1770610793435539,-0.34097028968400567,-0.4814607612315388,-0.17029607721832604,0.9841231756854657,0
-0.634918112038349,-1.1099901739376037,1.5251962127575889,-0.6409425001182445,-0.7423290972289317,-1.177851894974348,0.8577891279455886,-1.461440576166749,0.14553686022742765,2.7551506562092767,-0.4814607612315388,0.16701847265767225,0.9841231756854657,0
-0.46546902347764374,0.9009088760241706,-1.179024470547907,2.5451853199614334,-0.911310674287764,-1.177851894974348,2.4413740852880284,1.4316811360790147,1.1962301472470147,-0.45564143582820127,-0.22345527558581418,-0.38855843302044263,0.9841231756854657,0
0.5512255078865883,-1.1099901739376037,1.5251962127575889,0.7076475202321085,1.1164682504182242,-1.177851894974348,-0.5235720303442215,-0.8828162337175963,-1.1804179269059165,-1.0289971665491795,0.8085666669970842,-0.5076106270943244,0.9841231756854657,0
-0.12657084635623306,-1.1099901739376037,-1.179024470547907,0.11980787707383006,-0.404365943111267,-1.177851894974348,0.04889393173507046,0.2744324511807092,-0.707102420612748,-0.34097028968400567,0.03455021005991044,-0.7853990799333818,0.9841231756854657,0
-0.46546902347764374,0.9009088760241706,0.8491410419312149,-0.3386921997553965,-0.5733475201700994,-1.177851894974348,-1.0417210283866678,-0.8828162337175963,-1.7410114698205204,-1.0289971665491795,-0.4814607612315388,-0.32903233598350173,0.9841231756854657,0
-0.8043672005990544,-1.1099901739376037,-1.179024470547907,-0.5815157860649817,-0.5733475201700994,0.9048055324001227,-1.2008713165995828,1.4316811360790147,-0.7742393718600064,-1.0289971665491795,-0.997471732522988,-0.7060309505507939,0.9841231756854657,0
-0.12657084635623306,-1.1099901739376037,-1.179024470547907,-0.4886092331084722,0.10257878806523006,0.9048055324001227,-0.2507203421941191,-1.461440576166749,0.20596011634995973,0.23238544103697253,0.5505611813513597,0.6233852166075523,0.9841231756854657,0
-0.46546902347764374,-1.1099901739376037,-0.502969299721533,-0.33820263607332074,-0.23538436605243465,-1.177851894974348,0.38271364074285674,0.2744324511807092,0.10861153704143597,0.8057411717579506,-0.7394662468772634,-1.6187644384505542,0.9841231756854657,0
0.0428782422044723,0.9009088760241706,-0.502969299721533,0.17435474668317627,0.10257878806523006,0.9048055324001227,1.6687429846006518,-0.3041918912684436,0.10189784191671032,0.9204123179021463,0.29255569570563505,1.2186461869769611,-1.0161329645585022,0
1.7373691278115257,0.9009088760241706,0.8491410419312149,0.325914187227732,1.4544314045358888,0.9048055324001227,-1.0623076328321195,-0.3041918912684436,0.457723683527177,-1.2583394588375707,1.3245776382885335,0.6035431842619053,0.9841231756854657,0
-0.634918112038349,0.9009088760241706,1.5251962127575889,0.36132069610559947,-0.06640278899360229,-1.177851894974348,-0.8841543251310949,-0.3041918912684436,-1.4321814940831339,-1.143668312693375,-0.7394662468772634,0.06780831092943747,0.9841231756854657,0
1.906818216372231,0.9009088760241706,0.8491410419312149,1.1193705768578368,1.7923945586535535,-1.177851894974348,-0.11183994143518716,-0.8828162337175963,-1.2106295549671826,-0.9143260204049839,1.582583123934258,-0.30919030363785477,-1.0161329645585022,0
-0.634918112038349,-1.1099901739376037,-0.502969299721533,-0.48815125418007876,-0.911310674287764,0.9048055324001227,-0.9474977234247925,0.2744324511807092,-0.1397951825734185,-0.7996548742607882,-0.7394662468772634,1.4964346398160184,-1.0161329645585022,0
-0.46546902347764374,0.9009088760241706,-1.179024470547907,0.04198304400062272,0.10257878806523006,-1.177851894974348,-0.5674373336626071,-0.8828162337175963,0.0716862138554443,-0.7996548742607882,-0.7394662468772634,0.5440170872249644,-1.0161329645585022,0
0.0428782422044723,0.9009088760241706,1.5251962127575889,-0.2206125981140874,0.10257878806523006,-1.177851894974348,0.06599664927436881,-0.8828162337175963,-0.7708825242976429,0.1177142948927768,0.29255569570563505,1.2186461869769611,0.9841231756854657,0
0.21232733076517762,-1.1099901739376037,-0.502969299721533,-0.1277060451575779,-0.5733475201700994,0.9048055324001227,-0.5674373336626071,-0.3041918912684436,-0.42177037781190185,-0.6849837281165926,0.29255569570563505,0.5440170872249644,-1.0161329645585022,0
-0.8043672005990544,-1.1099901739376037,1.5251962127575889,0.11702841874978694,-0.911310674287764,0.21058638994196582,1.0161476236798326,1.4316811360790147,-0.03908975570253134,0.4617277333253637,-0.7394662468772634,0.0479662785837905,-1.0161329645585022,0
-0.46546902347764374,0.9009088760241706,-1.179024470547907,-0.4643679346573007,-0.06640278899360229,0.9048055324001227,0.36513584771635565,0.853056793629862,0.3368771712821129,1.1497546101905376,-0.7394662468772634,0.08765034327508442,0.9841231756854657,0
0.21232733076517762,-1.1099901739376037,-0.502969299721533,-0.679523276741184,-0.5733475201700994,0.9048055324001227,-1.266590092329294,-1.461440576166749,-0.39827244487536145,-1.143668312693375,0.8085666669970842,-0.17029607721832604,0.9841231756854657,0
-0.2960199349169384,-1.1099901739376037,-0.502969299721533,1.0298751772990165,0.2715603651240624,0.9048055324001227,-0.7574675285436998,0.2744324511807092,0.635636604332411,-1.2583394588375707,0.29255569570563505,-1.0036614357354983,0.9841231756854657,0
-0.634918112038349,0.9009088760241706,-1.179024470547907,0.0787950744173529,-0.5733475201700994,-1.177851894974348,-0.7257958293968509,0.853056793629862,0.03476089066945202,-0.9143260204049839,-0.4814607612315388,0.26622863438590705,0.9841231756854657,0
0.38177641932588297,0.9009088760241706,0.8491410419312149,0.14013266606839536,0.10257878806523006,0.9048055324001227,-0.646616581529729,0.853056793629862,-0.2874964753173858,-0.9143260204049839,0.8085666669970842,0.32575473142284794,-1.0161329645585022,0
-0.634918112038349,0.9009088760241706,-0.502969299721533,0.17926617588077517,-0.7423290972289317,0.9048055324001227,0.38271364074285674,0.853056793629862,0.3939435798422821,-0.11162799739561437,-0.7394662468772634,-0.7853990799333818,0.9841231756854657,0
-0.634918112038349,0.9009088760241706,0.8491410419312149,-0.7934652756501107,-0.5733475201700994,0.9048055324001227,-0.8851044761055005,1.4316811360790147,0.5416448725862495,-0.11162799739561437,-0.7394662468772634,1.258330251668255,0.9841231756854657,0
0.0428782422044723,0.9009088760241706,1.5251962127575889,-0.020870615827170532,0.6095235192417271,0.9048055324001227,-0.4090788379283631,-0.3041918912684436,0.6792756226431284,-0.570312581972397,0.8085666669970842,-0.32903233598350173,0.9841231756854657,0
-0.8043672005990544,0.9009088760241706,1.5251962127575889,-0.3185411269060839,-0.911310674287764,0.9048055324001227,-0.7574675285436998,-0.8828162337175963,0.0851136041048956,-0.6849837281165926,-0.4814607612315388,0.5837011519162584,0.9841231756854657,0
-0.12657084635623306,-1.1099901739376037,-0.502969299721533,-0.3004430630461213,-0.06640278899360229,0.9048055324001227,-1.042512820865339,-0.3041918912684436,-1.3348329147746099,-1.0289971665491795,-0.22345527558581418,0.4844909901880236,-1.0161329645585022,0
-0.46546902347764374,-1.1099901739376037,1.5251962127575889,-0.1966081853155332,-0.5733475201700994,0.9048055324001227,1.0161476236798326,1.4316811360790147,0.1656779456016052,1.1497546101905376,0.03455021005991044,-0.4877685947486774,0.9841231756854657,0
0.5512255078865883,0.9009088760241706,-1.179024470547907,-0.10883415483239879,0.4405419421828948,-1.177851894974348,2.3226052134873454,-0.8828162337175963,0.4006572749670078,2.1817949254882985,0.5505611813513597,1.4170665104334308,-1.0161329645585022,0
-0.2960199349169384,0.9009088760241706,-0.502969299721533,-0.3345703893998553,-0.404365943111267,0.9048055324001227,-0.4090788379283631,-0.8828162337175963,-0.5023347193086114,-0.2262991435398101,-0.7394662468772634,0.8614896047553159,-1.0161329645585022,0
-0.634918112038349,0.9009088760241706,-0.502969299721533,-0.4754383908229497,-0.06640278899360229,0.9048055324001227,-0.758259321022371,-0.8828162337175963,0.9478234276321603,-0.45564143582820127,-0.4814607612315388,-0.15045404487267908,-1.0161329645585022,0
-0.634918112038349,-1.1099901739376037,0.8491410419312149,-0.019133454374643585,-0.911310674287764,0.9048055324001227,0.38271364074285674,1.4316811360790147,0.1488937077897905,0.1177142948927768,-0.22345527558581418,-2.4322877646220795,0.9841231756854657,0
-0.8043672005990544,0.9009088760241706,0.8491410419312149,-0.46957941901488154,-0.7423290972289317,0.9048055324001227,-0.7606346984583847,0.2744324511807092,0.02804719554472637,-0.45564143582820127,-0.7394662468772634,0.7225953783357871,0.9841231756854657,0
-0.46546902347764374,0.9009088760241706,-1.179024470547907,-0.11595651678775928,-0.404365943111267,-1.177851894974348,-0.41826363068094924,-0.8828162337175963,-0.20021843869595057,-0.45564143582820127,-0.7394662468772634,0.32575473142284794,-1.0161329645585022,0
0.38177641932588297,-1.1099901739376037,-1.179024470547907,-0.5150140871868818,0.10257878806523006,0.9048055324001227,-0.7257958293968509,-0.8828162337175963,-0.49897787174624864,-0.34097028968400567,0.29255569570563505,0.32575473142284794,-1.0161329645585022,0
-0.2960199349169384,0.9009088760241706,0.8491410419312149,0.9301936946776519,-0.7423290972289317,-1.177851894974348,1.3498089741918846,-0.8828162337175963,-0.9219406646039736,-0.11162799739561437,-0.4814607612315388,-0.9242933063529105,-1.0161329645585022,0
0.890123685007999,0.9009088760241706,-0.502969299721533,0.6444306357369688,0.9474866733593919,-1.177851894974348,1.463668732624806,0.2744324511807092,-1.0897830427221185,0.23238544103697253,1.3245776382885335,1.1392780575943733,0.9841231756854657,0
1.7373691278115257,0.9009088760241706,-0.502969299721533,0.36556884547586993,1.1164682504182242,0.9048055324001227,1.1860662896026763,-0.3041918912684436,-0.7742393718600064,0.3470565871811683,0.5505611813513597,-1.12271362980938,0.9841231756854657,0
-0.46546902347764374,-1.1099901739376037,-1.179024470547907,0.43454994751803094,-0.5733475201700994,0.9048055324001227,-0.3774071387815143,-0.8828162337175963,0.8269769153870962,-0.7996548742607882,-0.7394662468772634,0.7622794430270811,0.9841231756854657,0
-0.8043672005990544,0.9009088760241706,1.5251962127575889,-0.7889644482503817,-0.911310674287764,0.9048055324001227,-0.765385453330412,0.2744324511807092,-0.06594453620143455,0.23238544103697253,-0.4814607612315388,0.14717644031202531,-1.0161329645585022,0
0.0428782422044723,-1.1099901739376037,1.5251962127575889,0.17457583995895243,0.4405419421828948,0.9048055324001227,1.6495816066168083,-0.3041918912684436,0.8336906105118219,0.9204123179021463,0.29255569570563505,0.821805540064022,-1.0161329645585022,0
-0.9738162891597597,0.9009088760241706,0.8491410419312149,-0.15996987104405572,-0.911310674287764,0.9048055324001227,0.38271364074285674,-0.8828162337175963,-1.133422061032836,0.3470565871811683,-0.4814607612315388,-2.8489704438806656,0.9841231756854657,0
-0.634918112038349,0.9009088760241706,0.8491410419312149,-0.44511702728793384,-0.911310674287764,0.9048055324001227,-0.2507203421941191,1.4316811360790147,-0.23378691431957943,0.1177142948927768,-0.4814607612315388,-0.6663468858595001,0.9841231756854657,0
1.0595727735687044,-1.1099901739376037,-0.502969299721533,-0.5650127522659757,1.1164682504182242,0.9048055324001227,-0.8841543251310949,0.2744324511807092,0.8739727812601764,-0.570312581972397,0.29255569570563505,0.46464895784237664,-1.0161329645585022,0
-0.2960199349169384,0.9009088760241706,-0.502969299721533,0.06281318905410496,-0.5733475201700994,0.9048055324001227,0.7019643681430926,1.4316811360790147,0.5852838908969674,0.3470565871811683,-0.7394662468772634,-1.4401861473397315,0.9841231756854657,0
0.21232733076517762,0.9009088760241706,-1.179024470547907,1.5580512207514148,-0.23538436605243465,-1.177851894974348,0.06599664927436881,1.4316811360790147,0.10189784191671032,-0.9143260204049839,0.5505611813513597,-1.6386064707962011,0.9841231756854657,0
-0.8043672005990544,-1.1099901739376037,-1.179024470547907,-0.11155044364907729,-0.911310674287764,0.9048055324001227,0.8577891279455886,1.4316811360790147,1.0216740740041443,0.8057411717579506,-0.7394662468772634,-1.5195542767223194,0.9841231756854657,0
-0.12657084635623306,0.9009088760241706,1.5251962127575889,-0.07045867910839436,-0.404365943111267,0.9048055324001227,-0.7074262438916787,-1.461440576166749,0.9578939703192488,-0.7996548742607882,-0.22345527558581418,1.5758027691986063,-1.0161329645585022,0
-0.634918112038349,0.9009088760241706,0.8491410419312149,-0.2069206073928068,-0.911310674287764,-1.177851894974348,0.8577891279455886,0.853056793629862,0.273097067597218,0.9204123179021463,-0.7394662468772634,-0.6266628211682062,0.9841231756854657,0
0.5512255078865883,0.9009088760241706,-1.179024470547907,1.408639543457256,0.4405419421828948,-1.177851894974348,0.6994306322113446,0.2744324511807092,0.001192415045823164,-0.6849837281165926,0.29255569570563505,1.4567505751247247,-1.0161329645585022,0
-0.46546902347764374,0.9009088760241706,-1.179024470547907,-0.7366758885293205,-0.404365943111267,0.9048055324001227,-1.116624596868965,-0.8828162337175963,0.8336906105118219,-0.6849837281165926,-0.4814607612315388,-0.9639773710442044,-1.0161329645585022,0
0.38177641932588297,-1.1099901739376037,0.8491410419312149,-0.20548350110026178,0.7785050963005594,-1.177851894974348,-0.4882580857954851,1.4316811360790147,-0.005521280078902488,-0.45564143582820127,0.29255569570563505,1.0995939929030794,0.9841231756854657,0
0.890123685007999,-1.1099901739376037,-1.179024470547907,-0.4260240436869786,0.6095235192417271,-1.177851894974348,-1.121692068732461,0.2744324511807092,0.07839990898016995,-1.0289971665491795,0.8085666669970842,-0.07108591549009124,-1.0161329645585022,0
0.7206745964472937,0.9009088760241706,1.5251962127575889,-0.10558092520312104,0.4405419421828948,0.9048055324001227,0.38271364074285674,0.2744324511807092,-1.3079781342757066,0.23238544103697253,0.5505611813513597,-0.38855843302044263,0.9841231756854657,0
-0.12657084635623306,0.9009088760241706,-0.502969299721533,0.5562933805864878,-0.23538436605243465,-1.177851894974348,0.38271364074285674,0.853056793629862,-0.002164432516539662,-0.45564143582820127,0.03455021005991044,-0.22982217425526694,0.9841231756854657,0
-0.9738162891597597,-1.1099901739376037,-1.179024470547907,-0.4836820115340321,-0.911310674287764,0.9048055324001227,0.06599664927436881,1.4316811360790147,0.001192415045823164,0.6910700256137552,-0.997471732522988,0.9210157017922567,0.9841231756854657,0
0.890123685007999,-1.1099901739376037,-0.502969299721533,0.6097505761937944,0.7785050963005594,-1.177851894974348,-0.5674373336626071,-1.461440576166749,-0.7473845913611031,-1.0289971665491795,1.3245776382885335,0.5043330225336705,-1.0161329645585022,0
0.38177641932588297,0.9009088760241706,-1.179024470547907,-0.3385026912333026,0.10257878806523006,0.9048055324001227,-0.4090788379283631,0.2744324511807092,0.4409394457153629,-0.2262991435398101,0.29255569570563505,0.305912699077201,0.9841231756854657,0
1.0595727735687044,0.9009088760241706,-0.502969299721533,0.2171994650532273,0.7785050963005594,0.9048055324001227,0.06599664927436881,-0.8828162337175963,-0.19686159113358773,-0.34097028968400567,1.066572152642809,-0.7655570475877348,0.9841231756854657,0
-0.2960199349169384,0.9009088760241706,0.8491410419312149,0.07604720084699208,-0.23538436605243465,0.9048055324001227,0.8577891279455886,0.853056793629862,1.7501099950368924,0.4617277333253637,-0.4814607612315388,0.0479662785837905,0.9841231756854657,0
-0.8043672005990544,-1.1099901739376037,0.8491410419312149,-0.20137748312156173,-0.911310674287764,0.9048055324001227,-0.8841543251310949,0.2744324511807092,-0.4016292924377243,-0.9143260204049839,-0.997471732522988,-0.26950623894656084,-1.0161329645585022,0
-0.12657084635623306,0.9009088760241706,1.5251962127575889,-0.1643759441827377,-0.404365943111267,0.9048055324001227,-0.8841543251310949,1.4316811360790147,-0.5258326522451519,-0.9143260204049839,-0.22345527558581418,-0.7853990799333818,0.9841231756854657,0
0.7206745964472937,0.9009088760241706,-0.502969299721533,-0.258593264417063,0.4405419421828948,0.9048055324001227,0.06599664927436881,1.4316811360790147,-0.4519820058731679,0.23238544103697253,0.29255569570563505,-0.2893482712922078,0.9841231756854657,0
-0.634918112038349,-1.1099901739376037,0.8491410419312149,0.16667965153837538,-0.5733475201700994,-1.177851894974348,1.1745061194140765,-1.461440576166749,0.29323815297139555,0.5763988794695595,-0.4814607612315388,-0.09092794783573821,-1.0161329645585022,0
-0.634918112038349,0.9009088760241706,-1.179024470547907,0.34570203540969807,-0.5733475201700994,0.9048055324001227,0.8577891279455886,0.2744324511807092,-0.11629724963687813,0.1177142948927768,-0.4814607612315388,0.0479662785837905,0.9841231756854657,0
-0.12657084635623306,-1.1099901739376037,0.8491410419312149,0.6675822601861007,-0.404365943111267,-1.177851894974348,-0.5674373336626071,0.853056793629862,-1.1602768415317393,-1.0289971665491795,0.5505611813513597,-1.0433455004267922,0.9841231756854657,0
-0.12657084635623306,-1.1099901739376037,-1.179024470547907,-0.8663313023951956,0.2715603651240624,0.9048055324001227,-0.646616581529729,0.853056793629862,-1.2005590122800942,0.9204123179021463,0.5505611813513597,1.238488219322608,0.9841231756854657,0
1.0595727735687044,0.9009088760241706,-0.502969299721533,0.34669695515069077,0.6095235192417271,0.21058638994196582,2.4413740852880284,1.4316811360790147,0.984748750818152,1.2644257563347332,1.066572152642809,-2.134657279437375,0.9841231756854657,0
1.398470950690115,0.9009088760241706,0.8491410419312149,-0.4524288977653882,1.4544314045358888,-1.177851894974348,-0.8524826259842462,0.2744324511807092,0.1656779456016052,-0.6849837281165926,1.582583123934258,0.14717644031202531,0.9841231756854657,0
-0.46546902347764374,-1.1099901739376037,-0.502969299721533,-0.06441019877823234,-0.5733475201700994,0.9048055324001227,-1.2008713165995828,-0.3041918912684436,0.6927030128925802,-1.2583394588375707,-0.7394662468772634,-0.3488743683291487,-1.0161329645585022,0
-0.46546902347764374,-1.1099901739376037,0.8491410419312149,-0.7027064859439981,-0.5733475201700994,-1.177851894974348,0.45698377524221717,1.4316811360790147,-1.23077064034136,2.411137217776689,0.03455021005991044,-1.0235034680811452,0.9841231756854657,0
-0.634918112038349,0.9009088760241706,-0.502969299721533,-0.3493836388768578,-0.404365943111267,0.9048055324001227,0.06599664927436881,0.853056793629862,0.24288543953595199,0.3470565871811683,-0.7394662468772634,0.3654387961141419,0.9841231756854657,0
-0.2960199349169384,0.9009088760241706,-1.179024470547907,-0.5062966951705647,0.2715603651240624,-1.177851894974348,-1.0534395570710018,0.2744324511807092,0.5382880250238866,-0.9143260204049839,-0.7394662468772634,-1.202081759191968,0.9841231756854657,0
-0.8043672005990544,-1.1099901739376037,-1.179024470547907,0.5504344087784196,-0.23538436605243465,0.9048055324001227,0.06599664927436881,0.853056793629862,-0.24721430456903132,-0.570312581972397,-0.4814607612315388,-0.24966420660091387,-1.0161329645585022,0
-0.46546902347764374,0.9009088760241706,-0.502969299721533,-0.06829512348115625,-0.404365943111267,0.9048055324001227,0.8577891279455886,-0.8828162337175963,-0.5795422132429582,0.6910700256137552,-0.7394662468772634,-0.011559818453150373,0.9841231756854657,0
0.0428782422044723,-1.1099901739376037,-1.179024470547907,2.6812366464479758,-0.404365943111267,-1.177851894974348,1.9577472393156472,0.853056793629862,-0.13643833501105568,-0.570312581972397,0.03455021005991044,1.4765926074703717,-1.0161329645585022,0
-0.2960199349169384,0.9009088760241706,-1.179024470547907,0.03541341523470262,-0.23538436605243465,-1.177851894974348,-0.5674373336626071,-0.8828162337175963,-0.2572848472561198,-0.7996548742607882,-0.7394662468772634,0.9606997664835506,0.9841231756854657,0
0.0428782422044723,-1.1099901739376037,-1.179024470547907,2.7127898153766017,0.10257878806523006,-1.177851894974348,0.8577891279455886,1.4316811360790147,1.286865031430813,-0.9143260204049839,0.5505611813513597,1.278172284013902,-1.0161329645585022,0
-0.634918112038349,0.9009088760241706,1.5251962127575889,-0.7583588219322251,-0.404365943111267,0.9048055324001227,-0.5674373336626071,-1.461440576166749,-1.1065672805339328,0.5763988794695595,-0.4814607612315388,0.9805417988291976,-1.0161329645585022,0
0.0428782422044723,-1.1099901739376037,-1.179024470547907,-0.47077963965480923,-0.06640278899360229,0.9048055324001227,-0.38991745994451954,-1.461440576166749,-0.5023347193086114,0.003043148748581378,-0.4814607612315388,-2.273551505856904,0.9841231756854657,0
0.7206745964472937,-1.1099901739376037,-0.502969299721533,-0.6736327201794334,0.7785050963005594,0.21058638994196582,0.06599664927436881,1.4316811360790147,-1.2207000976542715,1.4937680486231246,0.5505611813513597,0.5440170872249644,-1.0161329645585022,0
1.398470950690115,0.9009088760241706,0.8491410419312149,-0.20273562752990099,1.4544314045358888,0.9048055324001227,0.06599664927436881,0.2744324511807092,-1.328119219649884,0.1177142948927768,1.8405886095799828,-0.24966420660091387,0.9841231756854657,0
-0.634918112038349,-1.1099901739376037,0.8491410419312149,-0.24117427276127001,-0.911310674287764,-1.177851894974348,-0.4090788379283631,0.853056793629862,-1.0427871768490378,-0.34097028968400567,-0.22345527558581418,-1.2814498885745558,-1.0161329645585022,0
-0.634918112038349,0.9009088760241706,0.8491410419312149,-0.2075680948432941,-0.7423290972289317,-1.177851894974348,-0.6782882806765778,1.4316811360790147,-0.06930138376379737,-0.6849837281165926,-0.4814607612315388,1.2186461869769611,0.9841231756854657,0
-0.12657084635623306,0.9009088760241706,0.8491410419312149,-0.4536764955358394,-0.06640278899360229,0.9048055324001227,-1.042512820865339,0.2744324511807092,0.001192415045823164,-0.9143260204049839,0.5505611813513597,1.1194360252487263,0.9841231756854657,0
0.21232733076517762,0.9009088760241706,0.8491410419312149,-0.37430400953219894,-0.7423290972289317,-1.177851894974348,-0.8841543251310949,0.853056793629862,-0.542616890056966,-0.7996548742607882,0.29255569570563505,-1.4600281796853785,0.9841231756854657,0
-0.634918112038349,0.9009088760241706,-0.502969299721533,0.36271042526762104,-0.23538436605243465,-1.177851894974348,2.769492888449382,0.2744324511807092,0.2529559822230405,1.379096902478929,-0.7394662468772634,0.9210157017922567,0.9841231756854657,0
0.7206745964472937,0.9009088760241706,1.5251962127575889,-0.4028092497304821,0.9474866733593919,-1.177851894974348,0.8577891279455886,0.853056793629862,-1.173704231781191,1.6084391947673204,-0.22345527558581418,0.7424374106814341,-1.0161329645585022,0
-0.634918112038349,-1.1099901739376037,0.8491410419312149,-0.1027382973717133,0.10257878806523006,-1.177851894974348,0.6994306322113446,1.4316811360790147,-0.9219406646039736,0.5763988794695595,-0.7394662468772634,-0.30919030363785477,0.9841231756854657,0
-0.8043672005990544,0.9009088760241706,0.8491410419312149,-0.2828503552450756,-0.911310674287764,-1.177851894974348,-0.8841543251310949,0.2744324511807092,-0.6265380791160384,-0.9143260204049839,-0.4814607612315388,-1.102871597463733,0.9841231756854657,0
-0.46546902347764374,-1.1099901739376037,-0.502969299721533,-0.35249473711456514,-0.404365943111267,0.9048055324001227,-0.5674373336626071,1.4316811360790147,-1.143492603719925,-0.45564143582820127,-0.7394662468772634,-1.2219237915376149,0.9841231756854657,0
-0.8043672005990544,-1.1099901739376037,-1.179024470547907,0.26501878212824187,-0.911310674287764,-1.177851894974348,-0.4090788379283631,-1.461440576166749,-1.2207000976542715,-0.7996548742607882,-0.997471732522988,-1.182239726846321,-1.0161329645585022,0
-1.143265377720465,0.9009088760241706,-1.179024470547907,-0.49393126410394117,-0.911310674287764,0.9048055324001227,-0.7257958293968509,-0.8828162337175963,-1.7510820125076092,-0.45564143582820127,-0.997471732522988,0.10749237562073138,0.9841231756854657,0
-0.12657084635623306,-1.1099901739376037,0.8491410419312149,0.5719594184129126,-0.404365943111267,0.21058638994196582,0.8577891279455886,-0.8828162337175963,0.1354663175403392,-0.11162799739561437,-0.22345527558581418,-0.2893482712922078,-1.0161329645585022,0
1.2290218621294098,0.9009088760241706,-0.502969299721533,2.731282688657593,1.2854498274770565,-1.177851894974348,2.203202907703725,0.853056793629862,0.03140404310708919,-0.570312581972397,0.8085666669970842,1.8932752867289577,-1.0161329645585022,0
0.21232733076517762,0.9009088760241706,-1.179024470547907,-0.6285454842979386,-0.404365943111267,0.9048055324001227,-0.8798786457462704,0.2744324511807092,0.571856500647516,-0.45564143582820127,0.03455021005991044,-0.44808453005738347,0.9841231756854657,0
-0.634918112038349,-1.1099901739376037,-0.502969299721533,-0.20567300962235563,-0.911310674287764,0.9048055324001227,-0.8524826259842462,-0.3041918912684436,1.0518857020654102,-0.9143260204049839,-0.7394662468772634,-0.5472946917856183,0.9841231756854657,0
-0.46546902347764374,0.9009088760241706,0.8491410419312149,-0.6764753480108412,-0.911310674287764,0.9048055324001227,-0.7574675285436998,-0.8828162337175963,-1.2945507440262551,-0.11162799739561437,-0.4814607612315388,-0.22982217425526694,-1.0161329645585022,0
-0.9738162891597597,-1.1099901739376037,-0.502969299721533,-0.10809191312086454,-0.5733475201700994,-1.177851894974348,-0.4735307456922004,-0.3041918912684436,-0.17336365819704735,-0.570312581972397,-0.997471732522988,0.7424374106814341,-1.0161329645585022,0
-0.2960199349169384,0.9009088760241706,0.8491410419312149,0.37853438686245744,-0.7423290972289317,-1.177851894974348,-0.2738406825713187,-0.8828162337175963,0.2663833724724924,-0.6849837281165926,-0.4814607612315388,0.22654456969461315,0.9841231756854657,0
-0.2960199349169384,-1.1099901739376037,0.8491410419312149,-0.13174889362891337,-0.23538436605243465,0.21058638994196582,-0.7112268477893006,0.2744324511807092,-0.8749447987308929,-0.7996548742607882,-0.7394662468772634,-0.46792656240303043,-1.0161329645585022,0
-0.634918112038349,0.9009088760241706,0.8491410419312149,-0.6209809357910258,-0.5733475201700994,-1.177851894974348,-0.2507203421941191,-0.8828162337175963,-0.3647039692517326,0.6910700256137552,-0.7394662468772634,0.8614896047553159,0.9841231756854657,0
0.0428782422044723,0.9009088760241706,1.5251962127575889,0.21986837673938234,0.10257878806523006,-1.177851894974348,-0.5701294280900892,0.2744324511807092,-1.1938453171553682,-0.9143260204049839,0.8085666669970842,1.5559607368529593,0.9841231756854657,0
-0.46546902347764374,0.9009088760241706,-0.502969299721533,-0.5808525062376533,-0.911310674287764,0.9048055324001227,-0.7257958293968509,0.2744324511807092,-0.17336365819704735,-0.2262991435398101,-0.7394662468772634,-1.2417658238832618,0.9841231756854657,0
-0.46546902347764374,-1.1099901739376037,-1.179024470547907,0.08166928700244294,-0.06640278899360229,-1.177851894974348,1.0161476236798326,-0.8828162337175963,-0.4553388534355307,0.5763988794695595,0.03455021005991044,-1.2616078562289088,-1.0161329645585022,0
1.0595727735687044,-1.1099901739376037,-0.502969299721533,-0.2209916151582751,0.6095235192417271,-1.177851894974348,-0.09236184645987515,-1.461440576166749,-0.14650887769814416,0.003043148748581378,0.8085666669970842,1.4170665104334308,-1.0161329645585022,0
-0.634918112038349,-1.1099901739376037,1.5251962127575889,-0.20422011095296946,-0.911310674287764,0.9048055324001227,-0.7257958293968509,-0.8828162337175963,-0.002164432516539662,-0.7996548742607882,-0.7394662468772634,0.22654456969461315,-1.0161329645585022,0
-0.46546902347764374,-1.1099901739376037,0.8491410419312149,-0.555616288045489,-0.404365943111267,-1.177851894974348,1.3328646151483206,1.4316811360790147,-0.6164675364289499,2.984492948497668,-0.997471732522988,-0.8250831446246757,0.9841231756854657,0
-0.9738162891597597,0.9009088760241706,-1.179024470547907,-0.713050492774954,-0.7423290972289317,0.9048055324001227,-0.3298995900612411,-0.8828162337175963,-0.8178783901707236,0.9204123179021463,-0.4814607612315388,-0.9838194033898514,0.9841231756854657,0
1.0595727735687044,-1.1099901739376037,-0.502969299721533,-0.8004612985907419,0.9474866733593919,0.9048055324001227,-0.7257958293968509,-0.8828162337175963,0.9411097325074347,0.3470565871811683,1.066572152642809,-0.7060309505507939,0.9841231756854657,0
-0.8043672005990544,0.9009088760241706,-1.179024470547907,-0.10668639158200183,-0.23538436605243465,0.9048055324001227,0.8577891279455886,-0.3041918912684436,1.0418151593783211,0.8057411717579506,-0.7394662468772634,1.0599099282117854,-1.0161329645585022,0
0.21232733076517762,0.9009088760241706,-0.502969299721533,2.3434850829462133,-0.06640278899360229,-1.177851894974348,-0.8136847945293564,0.853056793629862,-0.38148820706354736,-1.3730106049817663,0.03455021005991044,-0.22982217425526694,0.9841231756854657,0
0.21232733076517762,0.9009088760241706,-0.502969299721533,-0.6576192500625032,0.7785050963005594,0.9048055324001227,-0.6174786183146281,-0.3041918912684436,-0.5090484144333371,0.1177142948927768,0.03455021005991044,1.0995939929030794,-1.0161329645585022,0
-0.2960199349169384,-1.1099901739376037,-1.179024470547907,0.6870068837007202,0.10257878806523006,-1.177851894974348,0.8577891279455886,-0.3041918912684436,0.9209686471332571,-0.2262991435398101,0.03455021005991044,-0.24966420660091387,0.9841231756854657,0
-0.8043672005990544,-1.1099901739376037,-0.502969299721533,-0.6758120681835127,-0.7423290972289317,0.9048055324001227,-0.9474977234247925,1.4316811360790147,-0.17000681063468454,-0.45564143582820127,-0.7394662468772634,0.10749237562073138,0.9841231756854657,0
-0.46546902347764374,-1.1099901739376037,0.8491410419312149,-0.553768579955074,-0.5733475201700994,0.9048055324001227,-0.6328393924008497,-0.8828162337175963,-0.45869570099789353,-0.2262991435398101,-0.4814607612315388,0.028124246238143545,-1.0161329645585022,0
1.0595727735687044,-1.1099901739376037,-1.179024470547907,0.17628141665779706,0.9474866733593919,-1.177851894974348,2.4413740852880284,-0.3041918912684436,-0.12301094476160378,1.4937680486231246,0.8085666669970842,0.9210157017922567,0.9841231756854657,0
-0.8043672005990544,-1.1099901739376037,-1.179024470547907,-0.770234689316773,-0.911310674287764,0.9048055324001227,-1.1375279183058853,0.2744324511807092,1.0820973301266763,-0.6849837281165926,-0.7394662468772634,-1.2616078562289088,0.9841231756854657,0
-0.2960199349169384,0.9009088760241706,0.8491410419312149,-0.6748329408193612,-0.06640278899360229,0.9048055324001227,-1.327558113186978,-0.8828162337175963,-0.7238866584245627,-1.2583394588375707,-0.22345527558581418,-0.4877685947486774,0.9841231756854657,0
0.38177641932588297,-1.1099901739376037,-1.179024470547907,-0.19954556740798784,0.10257878806523006,0.9048055324001227,1.0098132838504628,-0.3041918912684436,0.7934084397634668,1.1497546101905376,1.066572152642809,1.694854963272488,-1.0161329645585022,0
0.5512255078865883,0.9009088760241706,-1.179024470547907,-0.17522530707261055,-0.06640278899360229,-1.177851894974348,0.8836015627502704,1.4316811360790147,0.39730042740464494,0.9204123179021463,1.3245776382885335,0.38528082845978884,0.9841231756854657,0
-0.2960199349169384,-1.1099901739376037,-1.179024470547907,-0.5777729927536281,-0.23538436605243465,0.9048055324001227,-0.7257958293968509,0.2744324511807092,0.10189784191671032,-0.2262991435398101,0.03455021005991044,-2.194183376474316,0.9841231756854657,0
-0.2960199349169384,0.9009088760241706,0.8491410419312149,-0.6451116876043091,-0.06640278899360229,0.9048055324001227,-0.5118535016598874,-0.8828162337175963,0.8034789824505558,0.23238544103697253,-0.4814607612315388,0.028124246238143545,0.9841231756854657,0
-0.12657084635623306,0.9009088760241706,0.8491410419312149,-0.41021587446898333,-0.404365943111267,-1.177851894974348,0.06599664927436881,0.853056793629862,-1.036073481724312,0.5763988794695595,0.5505611813513597,0.9408577341379036,-1.0161329645585022,0
-0.46546902347764374,-1.1099901739376037,0.8491410419312149,0.176786772716714,0.10257878806523006,-1.177851894974348,0.8577891279455886,-1.461440576166749,-0.41169983512481334,0.23238544103697253,-0.4814607612315388,1.0202258635204915,0.9841231756854657,0
0.7206745964472937,0.9009088760241706,0.8491410419312149,-0.5256423568009786,0.4405419421828948,0.9048055324001227,0.06599664927436881,-1.461440576166749,-0.25057115213139414,0.8057411717579506,1.066572152642809,0.0479662785837905,0.9841231756854657,0
0.890123685007999,-1.1099901739376037,1.5251962127575889,3.49179618019705,1.1164682504182242,-1.177851894974348,0.8577891279455886,0.853056793629862,0.44765314084008856,-1.0289971665491795,0.8085666669970842,-0.2893482712922078,0.9841231756854657,0
-0.12657084635623306,-1.1099901739376037,-0.502969299721533,0.6150726071892633,-0.404365943111267,-1.177851894974348,-1.359229812333827,-0.3041918912684436,-0.8010941523589095,-1.487681751125962,0.5505611813513597,0.5241750548793175,0.9841231756854657,0
-0.8043672005990544,-1.1099901739376037,0.8491410419312149,-0.06857938626429702,-0.7423290972289317,0.9048055324001227,-0.18737694390042153,-0.8828162337175963,0.2663833724724924,-0.34097028968400567,-0.4814607612315388,0.4844909901880236,-1.0161329645585022,0
0.0428782422044723,-1.1099901739376037,-1.179024470547907,1.5925417717724955,0.2715603651240624,-1.177851894974348,0.8577891279455886,-0.3041918912684436,-0.34120603631519225,-0.6849837281165926,0.8085666669970842,0.20670253734896618,0.9841231756854657,0
-0.634918112038349,-1.1099901739376037,-0.502969299721533,-0.24283247232959118,-0.911310674287764,0.9048055324001227,-1.1948536937616816,0.853056793629862,-0.5896127559300467,-1.2583394588375707,-0.4814607612315388,-0.9242933063529105,-1.0161329645585022,0
-0.9738162891597597,-1.1099901739376037,-1.179024470547907,-0.48804070754219064,-0.911310674287764,0.9048055324001227,-0.4090788379283631,-1.461440576166749,-0.1935047435712249,0.003043148748581378,-0.4814607612315388,-0.5076106270943244,-1.0161329645585022,0
0.21232733076517762,0.9009088760241706,0.8491410419312149,4.429910741692126,0.2715603651240624,-1.177851894974348,1.0069628309272465,1.4316811360790147,0.138823165102702,-1.143668312693375,0.5505611813513597,0.6829113136444932,0.9841231756854657,0
-0.634918112038349,0.9009088760241706,-0.502969299721533,-0.6209335586605023,-0.06640278899360229,0.9048055324001227,0.07359785706961251,-0.8828162337175963,-1.5463143112034723,1.2644257563347332,-0.7394662468772634,0.9805417988291976,0.9841231756854657,0
0.7206745964472937,-1.1099901739376037,-0.502969299721533,-0.4043569026609152,0.9474866733593919,-1.177851894974348,0.8577891279455886,0.853056793629862,-1.173704231781191,1.6084391947673204,-0.22345527558581418,0.14717644031202531,0.9841231756854657,0
0.0428782422044723,0.9009088760241706,0.8491410419312149,-0.6621832469695967,-0.06640278899360229,0.9048055324001227,-1.042512820865339,0.2744324511807092,-0.3747745119388211,-0.6849837281165926,0.5505611813513597,0.8813316371009629,0.9841231756854657,0
-0.634918112038349,-1.1099901739376037,0.8491410419312149,-0.48478747791291293,-0.06640278899360229,0.9048055324001227,-0.7257958293968509,0.2744324511807092,-1.623521805137819,-0.45564143582820127,-0.7394662468772634,1.1591200899400202,0.9841231756854657,0
-0.46546902347764374,0.9009088760241706,-1.179024470547907,1.0324651271009657,-0.7423290972289317,-1.177851894974348,0.5805034019149274,0.853056793629862,-0.2572848472561198,-0.570312581972397,-0.4814607612315388,0.6829113136444932,0.9841231756854657,0
-0.12657084635623306,0.9009088760241706,-0.502969299721533,-0.37760461629200015,-0.06640278899360229,0.9048055324001227,-1.121692068732461,-1.461440576166749,-1.0495008719737637,-1.143668312693375,0.03455021005991044,0.10749237562073138,0.9841231756854657,0
-0.8043672005990544,0.9009088760241706,-1.179024470547907,-0.32008877983651696,-0.911310674287764,0.9048055324001227,0.6994306322113446,-0.8828162337175963,0.14218001266506483,1.035083464046342,-0.7394662468772634,1.1194360252487263,0.9841231756854657,0
-0.634918112038349,-1.1099901739376037,0.8491410419312149,-0.5809946376292237,-0.7423290972289317,0.21058638994196582,0.5410721364771007,0.853056793629862,1.256653403369547,1.8377814870557112,-0.7394662468772634,0.46464895784237664,0.9841231756854657,0
0.0428782422044723,0.9009088760241706,-1.179024470547907,-0.37561477681001476,0.10257878806523006,-1.177851894974348,-1.042512820865339,0.2744324511807092,-1.23077064034136,-1.0289971665491795,0.03455021005991044,0.286070666731554,-1.0161329645585022,0
-0.8043672005990544,0.9009088760241706,-1.179024470547907,-0.7852532396927105,-0.7423290972289317,0.9048055324001227,-1.2008713165995828,-0.8828162337175963,0.9310391898203456,-0.7996548742607882,-0.7394662468772634,-0.2893482712922078,0.9841231756854657,0
1.2290218621294098,0.9009088760241706,0.8491410419312149,-0.5361758721540283,0.9474866733593919,-1.177851894974348,-0.5105866336940135,0.853056793629862,-0.31770810337865185,0.003043148748581378,1.3245776382885335,-1.0830295651180861,0.9841231756854657,0
-0.46546902347764374,0.9009088760241706,-1.179024470547907,1.5920364157135785,-0.5733475201700994,-1.177851894974348,2.4413740852880284,-0.8828162337175963,-0.18343420088413584,0.003043148748581378,-0.7394662468772634,-1.2417658238832618,0.9841231756854657,0
-0.12657084635623306,0.9009088760241706,-1.179024470547907,0.07145161918621624,0.10257878806523006,0.9048055324001227,0.38271364074285674,0.853056793629862,-0.21364582894540246,0.003043148748581378,-0.22345527558581418,1.0003838311748445,0.9841231756854657,0
0.38177641932588297,-1.1099901739376037,-1.179024470547907,0.683911577839854,0.4405419421828948,0.9048055324001227,1.3328646151483206,0.2744324511807092,-0.13643833501105568,0.1177142948927768,0.29255569570563505,-1.3608180179571436,0.9841231756854657,0
-0.2960199349169384,0.9009088760241706,0.8491410419312149,2.031285585173438,-0.404365943111267,-1.177851894974348,0.054436479085769,1.4316811360790147,-0.9219406646039736,-1.0289971665491795,-0.4814607612315388,0.08765034327508442,0.9841231756854657,0
-0.634918112038349,-1.1099901739376037,0.8491410419312149,-0.7481411541159985,-0.7423290972289317,0.9048055324001227,-0.7257958293968509,0.2744324511807092,0.22274435416177443,0.1177142948927768,-0.4814607612315388,-0.26950623894656084,0.9841231756854657,0
0.7206745964472937,-1.1099901739376037,0.17308587110484092,-0.22497129412224592,0.6095235192417271,-1.177851894974348,0.06599664927436881,1.4316811360790147,0.6020681287087821,0.1177142948927768,0.5505611813513597,1.8932752867289577,-1.0161329645585022,0
4.956901810464927,-1.1099901739376037,0.8491410419312149,0.26842993552593114,5.1720260998302,-1.177851894974348,-0.7574675285436998,1.4316811360790147,0.34359086640683856,-1.0289971665491795,3.130616037808606,1.1194360252487263,-1.0161329645585022,0
0.7206745964472937,0.9009088760241706,0.8491410419312149,0.1705171991107758,0.2715603651240624,0.9048055324001227,0.06599664927436881,-0.3041918912684436,-1.234127487903723,-0.34097028968400567,0.29255569570563505,-0.9838194033898514,0.9841231756854657,0
-0.12657084635623306,0.9009088760241706,1.5251962127575889,-0.7290481705150431,0.10257878806523006,0.9048055324001227,-1.278150262517894,-0.8828162337175963,0.5517154152733386,-1.143668312693375,-0.22345527558581418,-0.011559818453150373,0.9841231756854657,0
0.21232733076517762,0.9009088760241706,0.8491410419312149,1.0353551320628969,0.2715603651240624,-1.177851894974348,-0.4090788379283631,-1.461440576166749,-0.7641688291729173,-1.0289971665491795,1.066572152642809,0.3455967637684949,-1.0161329645585022,0
-0.46546902347764374,-1.1099901739376037,0.8491410419312149,-0.4848348550434364,-0.23538436605243465,0.9048055324001227,-1.2008713165995828,0.853056793629862,-0.025662365453080038,-1.143668312693375,-0.4814607612315388,-0.9044512740072636,0.9841231756854657,0
-0.12657084635623306,0.9009088760241706,0.8491410419312149,0.913706453255487,-0.404365943111267,-1.177851894974348,-0.3137470234963482,0.2744324511807092,-0.522475804682789,-0.9143260204049839,0.8085666669970842,-2.670392152769843,0.9841231756854657,0
1.0595727735687044,0.9009088760241706,-0.502969299721533,-0.37578849295526745,1.2854498274770565,0.9048055324001227,0.06599664927436881,0.2744324511807092,-1.133422061032836,0.4617277333253637,1.066572152642809,0.6432272489531993,-1.0161329645585022,0
0.0428782422044723,-1.1099901739376037,-0.502969299721533,0.28692280880692256,-0.5733475201700994,-1.177851894974348,-0.5599944843630976,1.4316811360790147,-1.2441980305908118,-0.9143260204049839,0.8085666669970842,-2.571181991041608,0.9841231756854657,0
-0.12657084635623306,0.9009088760241706,0.17308587110484092,-0.4497599860792332,-0.23538436605243465,0.9048055324001227,-0.7257958293968509,0.2744324511807092,-1.8752853723150364,-0.45564143582820127,-0.22345527558581418,-1.3211339532658497,0.9841231756854657,0
0.21232733076517762,-1.1099901739376037,-1.179024470547907,-0.24466438804316507,0.2715603651240624,0.9048055324001227,-0.17819215114783538,0.2744324511807092,-1.7410114698205204,-0.11162799739561437,0.8085666669970842,-1.8370267942526706,0.9841231756854657,0
0.5512255078865883,-1.1099901739376037,-0.502969299721533,0.8882649341643878,0.7785050963005594,-1.177851894974348,-0.5468507292171553,-1.461440576166749,-1.8115052686301412,-1.0289971665491795,1.066572152642809,-0.9639773710442044,0.9841231756854657,0
-0.2960199349169384,-1.1099901739376037,0.8491410419312149,-0.36656574488003346,0.10257878806523006,0.9048055324001227,0.38271364074285674,0.2744324511807092,0.3234497810326616,0.8057411717579506,0.03455021005991044,0.20670253734896618,0.9841231756854657,0
2.2457163934936415,0.9009088760241706,0.8491410419312149,-0.017206784400022785,2.130357712771218,-1.177851894974348,2.4114443295942563,-0.8828162337175963,0.23281489684886292,1.952452633199907,2.356599580871432,-0.7853990799333818,0.9841231756854657,0
2.0762673049329363,0.9009088760241706,-1.179024470547907,2.0641179366261975,2.130357712771218,-1.177851894974348,0.3350477335268493,0.853056793629862,-0.7641688291729173,-0.9143260204049839,2.356599580871432,-0.3488743683291487,0.9841231756854657,0
-0.46546902347764374,-1.1099901739376037,-1.179024470547907,0.4587912459692025,-0.7423290972289317,-1.177851894974348,-0.5674373336626071,0.853056793629862,-1.0562145670984893,-0.9143260204049839,-0.7394662468772634,0.6233852166075523,-1.0161329645585022,0
-0.46546902347764374,0.9009088760241706,-1.179024470547907,-0.2062415351886372,-0.911310674287764,0.9048055324001227,-0.9474977234247925,0.853056793629862,0.014619805295275064,-1.0289971665491795,-0.4814607612315388,0.8614896047553159,-1.0161329645585022,0
-0.634918112038349,-1.1099901739376037,-0.502969299721533,1.311153201216812,-0.7423290972289317,-1.177851894974348,0.5219107584932572,-0.8828162337175963,0.5215037872120725,-0.6849837281165926,-0.4814607612315388,0.5241750548793175,0.9841231756854657,0
-0.8043672005990544,0.9009088760241706,-0.502969299721533,-0.2904622808825119,-0.5733475201700994,-1.177851894974348,-0.09236184645987515,0.853056793629862,0.5886407384593302,0.1177142948927768,-0.4814607612315388,-0.03140185079879733,0.9841231756854657,0
-0.8043672005990544,-1.1099901739376037,1.5251962127575889,-0.10738125616301261,-0.5733475201700994,0.9048055324001227,0.25602684415546156,-0.8828162337175963,-1.4086835611465938,0.1177142948927768,-0.22345527558581418,0.821805540064022,0.9841231756854657,0
0.38177641932588297,0.9009088760241706,1.5251962127575889,-0.08879362862097426,0.4405419421828948,-1.177851894974348,0.8577891279455886,-1.461440576166749,0.8806864763849026,0.6910700256137552,0.5505611813513597,0.18686050500331922,0.9841231756854657,0
-0.46546902347764374,0.9009088760241706,0.8491410419312149,-0.10821825213559377,-0.911310674287764,0.9048055324001227,0.06599664927436881,-1.461440576166749,1.0619562447524988,0.003043148748581378,-0.4814607612315388,-0.40840046536608954,0.9841231756854657,0
2.415165482054347,0.9009088760241706,-0.502969299721533,-0.09643713901209283,1.4544314045358888,0.9048055324001227,-0.16298973555734797,0.853056793629862,-1.2609822684026262,-0.2262991435398101,2.098594095225707,1.4567505751247247,-1.0161329645585022,0
0.0428782422044723,0.9009088760241706,-0.502969299721533,0.5671901206068841,0.10257878806523006,-1.177851894974348,-0.5858069191677794,0.853056793629862,-0.24721430456903132,-1.0289971665491795,0.29255569570563505,0.5638591195706114,-1.0161329645585022,0
-0.12657084635623306,-1.1099901739376037,1.5251962127575889,-0.3004430630461213,-0.23538436605243465,-1.177851894974348,-0.2507203421941191,0.853056793629862,-1.5698122441400126,-0.11162799739561437,0.03455021005991044,1.1591200899400202,0.9841231756854657,0
0.5512255078865883,-1.1099901739376037,1.5251962127575889,-0.6182488545975061,0.4405419421828948,0.9048055324001227,-1.359229812333827,0.2744324511807092,1.2096575374964662,-1.3730106049817663,1.3245776382885335,-0.190138109563973,0.9841231756854657,0
-0.12657084635623306,0.9009088760241706,1.5251962127575889,-0.5058860933726947,0.10257878806523006,0.9048055324001227,-1.2008713165995828,-1.461440576166749,0.6289229092076853,-1.143668312693375,-0.22345527558581418,-0.26950623894656084,0.9841231756854657,0
-0.46546902347764374,0.9009088760241706,-0.502969299721533,-0.33864482262487305,-0.5733475201700994,-1.177851894974348,0.1380497648334498,1.4316811360790147,-1.0830693475973925,0.4617277333253637,-0.4814607612315388,0.9408577341379036,-1.0161329645585022,0
0.0428782422044723,0.9009088760241706,-0.502969299721533,-0.04997596634541751,0.2715603651240624,0.9048055324001227,-1.269757262243979,-1.461440576166749,-0.23714376188194225,-1.3730106049817663,-0.4814607612315388,0.7225953783357871,-1.0161329645585022,0
0.21232733076517762,0.9009088760241706,0.8491410419312149,0.7426592196889472,-0.06640278899360229,-1.177851894974348,-0.5674373336626071,0.2744324511807092,1.223084927745918,-1.0289971665491795,1.066572152642809,0.6432272489531993,0.9841231756854657,0
0.38177641932588297,0.9009088760241706,-0.502969299721533,-0.5839478120985194,0.6095235192417271,0.9048055324001227,-0.5674373336626071,0.2744324511807092,-1.1032104329715702,0.003043148748581378,1.066572152642809,0.7225953783357871,0.9841231756854657,0
0.0428782422044723,0.9009088760241706,0.8491410419312149,3.019588320269702,-0.404365943111267,-1.177851894974348,2.3740717246009746,1.4316811360790147,0.1253957748532507,-0.570312581972397,0.03455021005991044,-1.142555662155027,-1.0161329645585022,0
0.5512255078865883,-1.1099901739376037,-1.179024470547907,0.5724963592255119,0.10257878806523006,-1.177851894974348,0.38271364074285674,1.4316811360790147,0.5819270433346045,-0.45564143582820127,0.03455021005991044,0.7027533459901402,0.9841231756854657,0
-0.8043672005990544,-1.1099901739376037,-1.179024470547907,0.08182721077085447,-0.911310674287764,-1.177851894974348,-0.7257958293968509,0.853056793629862,-0.15993626794759605,-0.9143260204049839,-0.7394662468772634,-1.102871597463733,-1.0161329645585022,0
-0.8043672005990544,0.9009088760241706,0.8491410419312149,0.5551721218307659,-0.911310674287764,-1.177851894974348,-0.8841543251310949,1.4316811360790147,-0.9823639207265057,-1.2583394588375707,-0.7394662468772634,-0.13061201252703214,0.9841231756854657,0
1.7373691278115257,0.9009088760241706,0.8491410419312149,0.9349629924836804,1.4544314045358888,-1.177851894974348,0.45302481284886104,-0.8828162337175963,-1.519459530704569,-0.570312581972397,1.3245776382885335,0.26622863438590705,-1.0161329645585022,0
-0.8043672005990544,-1.1099901739376037,-1.179024470547907,-0.18708538208031728,-0.5733475201700994,0.9048055324001227,-0.646616581529729,0.2744324511807092,-1.0897830427221185,-0.6849837281165926,-0.4814607612315388,0.7027533459901402,0.9841231756854657,0
0.21232733076517762,-1.1099901739376037,-0.502969299721533,-0.11222951585324692,-0.06640278899360229,-1.177851894974348,0.7166917082463773,-0.3041918912684436,0.726271488516209,0.5763988794695595,-0.22345527558581418,0.6035431842619053,0.9841231756854657,0
0.21232733076517762,-1.1099901739376037,-0.502969299721533,0.7964322628330768,-0.06640278899360229,-1.177851894974348,1.7426964021085438,-0.3041918912684436,-0.08944246913797492,0.23238544103697253,0.8085666669970842,-1.4005020826484376,0.9841231756854657,0
0.38177641932588297,-1.1099901739376037,1.5251962127575889,-0.4922572721587788,0.6095235192417271,0.9048055324001227,-0.646616581529729,1.4316811360790147,-1.0964967378468442,-0.34097028968400567,0.8085666669970842,-0.6266628211682062,-1.0161329645585022,0
2.5846145706150523,-1.1099901739376037,0.8491410419312149,-0.4327989733518337,2.8062840210065474,0.21058638994196582,0.8577891279455886,-0.8828162337175963,-0.7138161157374736,1.7231103409115156,1.8405886095799828,1.0202258635204915,0.9841231756854657,0
-0.12657084635623306,-1.1099901739376037,-0.502969299721533,2.282668639730929,-0.06640278899360229,-1.177851894974348,0.06599664927436881,1.4316811360790147,0.23617174441122635,-1.143668312693375,0.03455021005991044,1.4170665104334308,-1.0161329645585022,0
-1.143265377720465,0.9009088760241706,-0.502969299721533,-0.016938313993723166,-0.911310674287764,0.9048055324001227,-0.7574675285436998,-0.3041918912684436,-0.37813135950118393,-0.9143260204049839,-0.4814607612315388,0.22654456969461315,-1.0161329645585022,0
0.21232733076517762,0.9009088760241706,0.8491410419312149,1.120444458483035,0.10257878806523006,-1.177851894974348,0.06599664927436881,-0.3041918912684436,-1.5832396343894644,-0.7996548742607882,0.8085666669970842,-2.273551505856904,0.9841231756854657,0
-0.8043672005990544,-1.1099901739376037,0.8491410419312149,-0.12451598503566479,-0.7423290972289317,0.9048055324001227,-0.4819237459661153,-0.8828162337175963,-0.012234975203628139,-0.570312581972397,-0.4814607612315388,-0.17029607721832604,-1.0161329645585022,0
1.398470950690115,-1.1099901739376037,-0.502969299721533,0.4564539741967117,1.6234129815947211,-1.177851894974348,-0.7835966803398501,-0.8828162337175963,-0.05251714595198324,-1.143668312693375,1.066572152642809,0.305912699077201,0.9841231756854657,0
-0.46546902347764374,-1.1099901739376037,0.8491410419312149,0.1732808650579778,-0.06640278899360229,0.9048055324001227,-0.7558839435863574,-0.8828162337175963,1.3372177448662566,-1.0289971665491795,-0.7394662468772634,-1.3608180179571436,-1.0161329645585022,0
-0.634918112038349,0.9009088760241706,-0.502969299721533,-0.6336148372639491,-0.7423290972289317,0.9048055324001227,-0.7837550388355843,-1.461440576166749,-1.2106295549671826,-0.2262991435398101,-0.4814607612315388,-0.17029607721832604,-1.0161329645585022,0
2.415165482054347,0.9009088760241706,-1.179024470547907,2.7348201810700115,2.637302443947715,-1.177851894974348,1.1108460041289105,0.853056793629862,0.46108053108954045,-0.7996548742607882,1.582583123934258,1.278172284013902,0.9841231756854657,0
-0.46546902347764374,0.9009088760241706,0.8491410419312149,0.36558463785271106,-0.911310674287764,0.9048055324001227,0.0026532509806712224,-0.8828162337175963,-0.2874964753173858,-0.570312581972397,-0.22345527558581418,-1.8171847619070236,-1.0161329645585022,0
-0.634918112038349,0.9009088760241706,0.8491410419312149,-0.4464751716962731,-0.404365943111267,0.9048055324001227,-0.4090788379283631,-0.8828162337175963,-0.8078078474836352,0.003043148748581378,-0.7394662468772634,-1.4798702120310254,0.9841231756854657,0
-0.2960199349169384,0.9009088760241706,0.8491410419312149,-0.5812946927892055,-0.23538436605243465,0.9048055324001227,-0.2507203421941191,0.853056793629862,0.1354663175403392,0.5763988794695595,-0.4814607612315388,-0.2893482712922078,-1.0161329645585022,0
-0.634918112038349,-1.1099901739376037,-1.179024470547907,1.6911177880149793,-0.5733475201700994,-1.177851894974348,-0.914084080824867,-0.3041918912684436,-0.0995130118250634,-1.3730106049817663,-0.4814607612315388,-0.8647672093159696,-1.0161329645585022,0
-0.46546902347764374,0.9009088760241706,-0.502969299721533,0.08444874532648605,-0.5733475201700994,0.9048055324001227,-0.5674373336626071,0.853056793629862,-1.5563848538905611,-0.7996548742607882,-0.7394662468772634,0.4844909901880236,-1.0161329645585022,0
0.890123685007999,0.9009088760241706,-0.502969299721533,-0.3828476854032633,1.1164682504182242,-1.177851894974348,0.8577891279455886,1.4316811360790147,0.5919975860216931,1.4937680486231246,0.29255569570563505,-1.2616078562289088,0.9841231756854657,0
-0.634918112038349,0.9009088760241706,0.8491410419312149,-0.09432096051537818,-0.23538436605243465,0.9048055324001227,-1.121692068732461,0.2744324511807092,-1.267695963527352,-1.2583394588375707,-0.7394662468772634,0.9011736694466097,-1.0161329645585022,0
-0.634918112038349,-1.1099901739376037,-0.502969299721533,-0.42810863743001093,-0.06640278899360229,0.9048055324001227,-0.7257958293968509,-0.8828162337175963,0.4912921591508065,-0.570312581972397,-0.4814607612315388,1.0202258635204915,0.9841231756854657,0
-0.634918112038349,-1.1099901739376037,0.8491410419312149,-0.2998745374798398,-0.911310674287764,0.9048055324001227,-0.6307807319563046,-0.8828162337175963,0.007906110170548816,-0.570312581972397,-0.4814607612315388,0.26622863438590705,0.9841231756854657,0
0.0428782422044723,-1.1099901739376037,-0.502969299721533,0.6977930770832284,0.10257878806523006,-1.177851894974348,2.4413740852880284,1.4316811360790147,1.4412800192995066,0.6910700256137552,1.066572152642809,-1.0433455004267922,-1.0161329645585022,0
0.5512255078865883,-1.1099901739376037,-1.179024470547907,-0.07439098094184173,0.6095235192417271,0.9048055324001227,-0.4090788379283631,0.2744324511807092,0.9377528849450718,-0.570312581972397,0.03455021005991044,0.5043330225336705,-1.0161329645585022,0
-0.46546902347764374,-1.1099901739376037,-0.502969299721533,2.070940243421576,-0.404365943111267,-1.177851894974348,0.06599664927436881,-0.3041918912684436,1.357358830240434,-1.0289971665491795,-0.4814607612315388,0.8614896047553159,0.9841231756854657,0
-0.2960199349169384,-1.1099901739376037,-0.502969299721533,-0.17318809046010167,-0.5733475201700994,-1.177851894974348,-0.5674373336626071,1.4316811360790147,-0.4821936339344339,-0.570312581972397,-0.4814607612315388,-0.9639773710442044,-1.0161329645585022,0
0.890123685007999,-1.1099901739376037,-1.179024470547907,1.6895859274613871,0.9474866733593919,-1.177851894974348,-0.2507203421941191,0.853056793629862,-1.0260029390372234,-1.143668312693375,0.29255569570563505,1.238488219322608,0.9841231756854657,0
0.0428782422044723,-1.1099901739376037,-0.502969299721533,-0.28329254179662794,0.2715603651240624,-1.177851894974348,2.359502742993424,0.853056793629862,-0.1129404020745153,2.984492948497668,0.29255569570563505,0.06780831092943747,-1.0161329645585022,0
0.38177641932588297,0.9009088760241706,-1.179024470547907,-0.10753917993142414,0.2715603651240624,-1.177851894974348,2.482072218691729,-0.8828162337175963,0.8269769153870962,2.411137217776689,0.03455021005991044,1.4964346398160184,-1.0161329645585022,0
-0.8043672005990544,0.9009088760241706,0.8491410419312149,-0.39582901916669194,-0.911310674287764,0.9048055324001227,-0.5674373336626071,0.2744324511807092,-0.7910236096718204,-0.34097028968400567,-0.4814607612315388,-1.162397694500674,0.9841231756854657,0
-0.12657084635623306,0.9009088760241706,-1.179024470547907,1.2593542051778266,-0.06640278899360229,0.9048055324001227,1.6495816066168083,1.4316811360790147,0.5785701957722418,-0.11162799739561437,0.8085666669970842,-1.0036614357354983,0.9841231756854657,0
-0.12657084635623306,-1.1099901739376037,-0.502969299721533,0.644256919591716,-0.404365943111267,-1.177851894974348,0.06599664927436881,0.2744324511807092,0.4140846652164597,-0.6849837281165926,0.8085666669970842,-0.7457150152420878,0.9841231756854657,0
0.38177641932588297,-1.1099901739376037,-1.179024470547907,-0.6807866668884762,0.10257878806523006,-1.177851894974348,0.38271364074285674,-0.8828162337175963,-0.08944246913797492,2.1817949254882985,0.03455021005991044,0.7424374106814341,0.9841231756854657,0
-0.2960199349169384,-1.1099901739376037,1.5251962127575889,-0.4906148649672988,-0.911310674287764,0.9048055324001227,0.38271364074285674,0.2744324511807092,-0.7540982864858288,1.2644257563347332,-0.997471732522988,0.16701847265767225,0.9841231756854657,0
0.5512255078865883,-1.1099901739376037,-0.502969299721533,-0.6994374639378792,-0.06640278899360229,0.9048055324001227,-1.2800505644667048,0.853056793629862,0.24288543953595199,-1.143668312693375,0.03455021005991044,0.5043330225336705,-1.0161329645585022,0
-0.46546902347764374,0.9009088760241706,0.8491410419312149,-0.473622267486217,-0.404365943111267,0.9048055324001227,-0.41763019669801227,-1.461440576166749,-0.008878127641265313,0.003043148748581378,-0.4814607612315388,1.0995939929030794,-1.0161329645585022,0
-0.8043672005990544,-1.1099901739376037,-0.502969299721533,1.0257849516971576,-0.911310674287764,0.9048055324001227,0.38271364074285674,-0.8828162337175963,0.06161567116835522,-0.6849837281165926,-0.4814607612315388,-1.0036614357354983,0.9841231756854657,0
2.0762673049329363,0.9009088760241706,-0.502969299721533,-0.712639890977084,1.7923945586535535,0.9048055324001227,-1.2642147148932805,0.2744324511807092,-0.33784918875282943,-1.0289971665491795,2.872610552162881,0.38528082845978884,0.9841231756854657,0
-0.46546902347764374,0.9009088760241706,0.8491410419312149,-0.44800703224986504,-0.404365943111267,-1.177851894974348,-1.042512820865339,-1.461440576166749,-0.22707321919485376,-0.9143260204049839,-0.4814607612315388,-2.7299182498067838,0.9841231756854657,0
-0.2960199349169384,-1.1099901739376037,-1.179024470547907,0.2740836064350643,-0.404365943111267,-1.177851894974348,-0.8151100209909646,-0.3041918912684436,0.7766242019516526,-1.0289971665491795,-0.7394662468772634,-0.8052411122790287,0.9841231756854657,0
0.38177641932588297,0.9009088760241706,-0.502969299721533,0.17920300637341058,0.4405419421828948,-1.177851894974348,-0.2507203421941191,1.4316811360790147,0.9343960373827085,-0.570312581972397,1.066572152642809,0.3455967637684949,-1.0161329645585022,0
-0.8043672005990544,0.9009088760241706,-1.179024470547907,-0.10515453102840988,-0.23538436605243465,0.9048055324001227,-0.09236184645987515,0.853056793629862,-1.4355383416454968,-0.2262991435398101,-0.7394662468772634,1.1591200899400202,0.9841231756854657,0
0.38177641932588297,0.9009088760241706,-1.179024470547907,1.029401405993782,0.6095235192417271,-1.177851894974348,0.06599664927436881,-0.3041918912684436,0.6859893177678545,-0.7996548742607882,0.5505611813513597,-0.3488743683291487,-1.0161329645585022,0
0.890123685007999,-1.1099901739376037,-1.179024470547907,-0.3739092001111701,0.9474866733593919,0.9048055324001227,0.06599664927436881,1.4316811360790147,-0.5694716705558691,0.4617277333253637,0.29255569570563505,-0.11076998018138517,-1.0161329645585022,0
1.2290218621294098,0.9009088760241706,-0.502969299721533,3.0231731898126437,0.6095235192417271,-1.177851894974348,0.7455129544700096,1.4316811360790147,1.6191929401047398,-1.0289971665491795,2.098594095225707,-0.30919030363785477,0.9841231756854657,0
0.38177641932588297,-1.1099901739376037,0.8491410419312149,-0.10142753009389752,0.2715603651240624,0.9048055324001227,-1.0455216322842895,0.2744324511807092,-1.3079781342757066,-1.143668312693375,-0.22345527558581418,0.7027533459901402,0.9841231756854657,0
-0.634918112038349,0.9009088760241706,-1.179024470547907,-0.6952208993212912,-0.5733475201700994,-1.177851894974348,-0.16156450909573977,0.2744324511807092,0.10861153704143597,1.1497546101905376,-0.997471732522988,-1.182239726846321,0.9841231756854657,0
-0.12657084635623306,-1.1099901739376037,1.5251962127575889,-0.2266610784442494,-0.7423290972289317,-1.177851894974348,0.31145231766244696,0.2744324511807092,-0.6366086218031275,0.4617277333253637,0.03455021005991044,1.0202258635204915,0.9841231756854657,0
0.5512255078865883,0.9009088760241706,-0.502969299721533,-0.7917754913281072,0.10257878806523006,0.9048055324001227,-0.4882580857954851,0.2744324511807092,-0.6500360120525788,0.9204123179021463,0.8085666669970842,-0.5869787564769122,0.9841231756854657,0
0.38177641932588297,0.9009088760241706,-0.502969299721533,-0.11076082480701958,0.9474866733593919,-1.177851894974348,-0.5674373336626071,0.2744324511807092,1.152591128936297,-0.6849837281165926,0.03455021005991044,-0.15045404487267908,-1.0161329645585022,0
0.0428782422044723,0.9009088760241706,0.8491410419312149,0.02135819984607549,0.10257878806523006,0.9048055324001227,-0.7257958293968509,-0.8828162337175963,0.4912921591508065,-0.9143260204049839,1.066572152642809,-0.38855843302044263,-1.0161329645585022,0
-0.2960199349169384,0.9009088760241706,0.8491410419312149,-0.011663660128777701,-0.23538436605243465,0.9048055324001227,-0.5674373336626071,-0.8828162337175963,0.3704456469057418,-0.6849837281165926,-0.4814607612315388,-1.6386064707962011,0.9841231756854657,0
0.0428782422044723,-1.1099901739376037,0.8491410419312149,0.9038993872371304,-0.06640278899360229,-1.177851894974348,1.0161476236798326,-0.8828162337175963,0.9209686471332571,-0.2262991435398101,-0.4814607612315388,-1.7973427295613766,0.9841231756854657,0
-0.12657084635623306,0.9009088760241706,0.8491410419312149,0.1489290199689182,-0.23538436605243465,0.9048055324001227,-1.1772759007351805,-1.461440576166749,-1.1132809756586586,-1.3730106049817663,-0.22345527558581418,0.26622863438590705,0.9841231756854657,0
0.5512255078865883,0.9009088760241706,-1.179024470547907,0.12122919098953393,0.2715603651240624,0.9048055324001227,-0.8220777948032714,-0.8828162337175963,-1.6470197380743594,-1.0289971665491795,0.29255569570563505,1.0400678958661385,0.9841231756854657,0
1.2290218621294098,0.9009088760241706,-0.502969299721533,-0.4911991829104215,0.4405419421828948,0.9048055324001227,-1.2325430157464317,0.2744324511807092,-0.1532225728228698,-1.143668312693375,1.3245776382885335,-1.3806600503027906,0.9841231756854657,0
-0.8043672005990544,0.9009088760241706,-0.502969299721533,-0.620696673007885,-0.7423290972289317,-1.177851894974348,0.44447345407921185,-0.8828162337175963,-1.2240569452166343,1.952452633199907,-0.7394662468772634,-0.8250831446246757,0.9841231756854657,0
0.21232733076517762,0.9009088760241706,0.8491410419312149,2.162251766317129,0.4405419421828948,-1.177851894974348,3.2846330750728776,0.853056793629862,2.5054006965685445,0.003043148748581378,0.5505611813513597,-1.2219237915376149,-1.0161329645585022,0
-0.2960199349169384,0.9009088760241706,0.8491410419312149,0.46681377340450875,-0.911310674287764,-1.177851894974348,3.9717505880637622,-0.8828162337175963,-0.4150566826871762,2.0671237793441026,-0.22345527558581418,-0.6266628211682062,0.9841231756854657,0
-0.46546902347764374,0.9009088760241706,-0.502969299721533,0.648757746991445,-0.911310674287764,-1.177851894974348,0.6994306322113446,0.2744324511807092,0.18581903097578276,-0.2262991435398101,-0.4814607612315388,-0.6266628211682062,-1.0161329645585022,0
-0.9738162891597597,-1.1099901739376037,0.8491410419312149,-0.23678399199942918,-0.7423290972289317,-1.177851894974348,1.0161476236798326,0.2744324511807092,0.19588957366287124,1.2644257563347332,-0.4814607612315388,-0.5076106270943244,-1.0161329645585022,0
-0.12657084635623306,-1.1099901739376037,1.5251962127575889,3.0156244336825724,-0.06640278899360229,0.9048055324001227,2.4413740852880284,1.4316811360790147,1.0988815679384905,-0.570312581972397,-0.22345527558581418,1.5162766721616654,0.9841231756854657,0
-0.634918112038349,0.9009088760241706,1.5251962127575889,0.28674909266166987,-0.5733475201700994,0.9048055324001227,-0.5029854258987697,1.4316811360790147,-1.1300652134704734,-0.7996548742607882,0.03455021005991044,1.5361187045073124,-1.0161329645585022,0
-0.2960199349169384,0.9009088760241706,-0.502969299721533,0.28586471955856524,-0.5733475201700994,-1.177851894974348,-0.7023587720281829,0.2744324511807092,-0.035732908140168516,-1.0289971665491795,-0.7394662468772634,0.4448069254967297,0.9841231756854657,0
-0.634918112038349,-1.1099901739376037,0.8491410419312149,0.06226045586466457,-0.911310674287764,-1.177851894974348,0.8577891279455886,-0.8828162337175963,0.830333762949459,0.4617277333253637,-0.7394662468772634,-0.03140185079879733,-1.0161329645585022,0
-0.634918112038349,-1.1099901739376037,1.5251962127575889,0.0848119699938326,-0.911310674287764,-1.177851894974348,-1.2008713165995828,-0.8828162337175963,-0.87158795116853,-1.3730106049817663,-0.7394662468772634,0.782121475372728,0.9841231756854657,0
0.38177641932588297,0.9009088760241706,-1.179024470547907,1.1245662688385765,-0.06640278899360229,-1.177851894974348,2.4413740852880284,-1.461440576166749,0.6457071470194995,0.3470565871811683,0.29255569570563505,-1.102871597463733,0.9841231756854657,0
-0.46546902347764374,0.9009088760241706,1.5251962127575889,-0.5478780233933235,-0.23538436605243465,0.9048055324001227,-1.0531228400795332,0.2744324511807092,0.15896425047687956,-0.9143260204049839,-0.4814607612315388,0.6035431842619053,0.9841231756854657,0
-0.46546902347764374,0.9009088760241706,-0.502969299721533,-0.5001534605793558,-0.911310674287764,0.9048055324001227,-0.8121012095720139,0.2744324511807092,0.5785701957722418,-0.570312581972397,-0.4814607612315388,-1.6386064707962011,-1.0161329645585022,0
-0.12657084635623306,-1.1099901739376037,-0.502969299721533,-0.2729643273425132,0.2715603651240624,0.9048055324001227,-0.5674373336626071,0.2744324511807092,-1.338189762336973,-0.45564143582820127,-0.22345527558581418,1.0400678958661385,-1.0161329645585022,0
1.7373691278115257,0.9009088760241706,0.8491410419312149,-0.3714297969471089,0.7785050963005594,-1.177851894974348,-0.7259541878925853,-0.8828162337175963,-0.07937192645088645,-0.570312581972397,2.356599580871432,-1.2219237915376149,-1.0161329645585022,0
0.0428782422044723,0.9009088760241706,1.5251962127575889,0.5797608525724428,-0.06640278899360229,-1.177851894974348,0.24019099458203716,-0.3041918912684436,-0.9790070731641428,-0.45564143582820127,0.5505611813513597,-0.5274526594399713,0.9841231756854657,0
0.38177641932588297,0.9009088760241706,-0.502969299721533,-0.4506443591823378,0.10257878806523006,0.9048055324001227,-0.7257958293968509,0.2744324511807092,1.327147202179168,-0.45564143582820127,0.29255569570563505,0.5241750548793175,0.9841231756854657,0
-0.634918112038349,0.9009088760241706,1.5251962127575889,-0.3143719394200192,-0.911310674287764,-1.177851894974348,-1.1375279183058853,-0.8828162337175963,-1.1401357561575618,-1.143668312693375,-0.4814607612315388,1.1392780575943733,-1.0161329645585022,0
-0.46546902347764374,0.9009088760241706,-0.502969299721533,-0.5833634941553967,0.10257878806523006,0.9048055324001227,-0.7257958293968509,0.2744324511807092,0.23617174441122635,-0.2262991435398101,-0.997471732522988,1.1789621222856672,0.9841231756854657,0
0.7206745964472937,-1.1099901739376037,-1.179024470547907,-0.21994931828675893,0.7785050963005594,-1.177851894974348,0.5410721364771007,-0.3041918912684436,0.5114332445249834,0.6910700256137552,1.066572152642809,0.2463866020402601,0.9841231756854657,0
-0.12657084635623306,0.9009088760241706,-0.502969299721533,1.2211366532222336,-0.5733475201700994,-1.177851894974348,0.8577891279455886,0.2744324511807092,-1.4825342075185775,-0.45564143582820127,0.29255569570563505,0.6432272489531993,0.9841231756854657,0
0.0428782422044723,0.9009088760241706,0.8491410419312149,1.0746307732668472,-0.23538436605243465,-1.177851894974348,1.5955813595714312,0.853056793629862,0.7732673543892898,-0.11162799739561437,0.03455021005991044,-2.4521297969677263,0.9841231756854657,0
-0.634918112038349,0.9009088760241706,0.8491410419312149,-0.22512921789065746,-0.911310674287764,-1.177851894974348,-1.121692068732461,0.853056793629862,1.6661888059778205,-1.143668312693375,-0.997471732522988,-1.5592383414136133,0.9841231756854657,0
-0.634918112038349,-1.1099901739376037,-0.502969299721533,-0.7736616350913035,-0.23538436605243465,0.9048055324001227,-1.121692068732461,-1.461440576166749,-1.2039158598424569,-0.6849837281165926,-0.7394662468772634,-2.789444346843725,0.9841231756854657,0
-0.46546902347764374,0.9009088760241706,-0.502969299721533,1.0208893148763998,-0.7423290972289317,-1.177851894974348,0.8577891279455886,-1.461440576166749,0.531574329899161,-0.45564143582820127,-0.4814607612315388,0.5837011519162584,0.9841231756854657,0
0.5512255078865883,-1.1099901739376037,-1.179024470547907,1.4776838150067817,0.6095235192417271,-1.177851894974348,1.597481661520242,-1.461440576166749,0.19924642122523406,-0.34097028968400567,0.5505611813513597,0.16701847265767225,0.9841231756854657,0
0.38177641932588297,-1.1099901739376037,-0.502969299721533,0.5705538968740499,0.4405419421828948,0.9048055324001227,1.185749572611208,0.853056793629862,-0.07937192645088645,0.1177142948927768,0.8085666669970842,-2.3926036999307856,0.9841231756854657,0
1.2290218621294098,0.9009088760241706,-0.502969299721533,0.9719961161761868,1.2854498274770565,0.9048055324001227,1.6731770224812108,1.4316811360790147,-0.7641688291729173,0.003043148748581378,0.5505611813513597,0.782121475372728,-1.0161329645585022,0
0.21232733076517762,-1.1099901739376037,1.5251962127575889,0.5545562191339608,0.10257878806523006,-1.177851894974348,-0.8841543251310949,0.2744324511807092,-1.4858910550809403,-1.2583394588375707,0.29255569570563505,0.286070666731554,-1.0161329645585022,0
-0.46546902347764374,-1.1099901739376037,0.8491410419312149,-0.5005640623772258,-0.06640278899360229,0.9048055324001227,-0.3894423844573168,-0.8828162337175963,1.0854541776890392,0.1177142948927768,0.03455021005991044,0.14717644031202531,0.9841231756854657,0
-0.2960199349169384,-1.1099901739376037,0.8491410419312149,-0.41460615523082417,-0.404365943111267,0.9048055324001227,-0.8841543251310949,1.4316811360790147,1.0250309215665072,-0.7996548742607882,-0.4814607612315388,0.32575473142284794,-1.0161329645585022,0
-0.46546902347764374,-1.1099901739376037,-0.502969299721533,-0.1086920234408284,0.10257878806523006,-1.177851894974348,0.06599664927436881,1.4316811360790147,-0.27742593263029736,0.003043148748581378,-0.4814607612315388,-2.2140254088199627,0.9841231756854657,0
0.38177641932588297,-1.1099901739376037,0.8491410419312149,-0.2949315235285585,0.6095235192417271,-1.177851894974348,-0.7257958293968509,0.2744324511807092,-0.008878127641265313,-0.6849837281165926,0.5505611813513597,1.0599099282117854,-1.0161329645585022,0
-0.9738162891597597,0.9009088760241706,1.5251962127575889,-0.14316678208506778,-0.911310674287764,0.9048055324001227,0.06599664927436881,-0.8828162337175963,-0.7406708962363768,0.003043148748581378,-0.4814607612315388,0.6630692812988462,0.9841231756854657,0
-0.2960199349169384,0.9009088760241706,-1.179024470547907,2.1655681654537715,-0.7423290972289317,-1.177851894974348,0.7775013706083269,0.2744324511807092,-0.2673553899432083,-0.7996548742607882,-0.7394662468772634,0.3455967637684949,-1.0161329645585022,0
1.2290218621294098,0.9009088760241706,-0.502969299721533,-0.08964641697039658,0.7785050963005594,-1.177851894974348,0.36418569674195017,0.853056793629862,-0.7272435059869256,0.23238544103697253,1.066572152642809,0.3654387961141419,0.9841231756854657,0
-0.8043672005990544,-1.1099901739376037,-0.502969299721533,0.17189113589595623,-0.911310674287764,-1.177851894974348,0.22435514500861276,0.2744324511807092,-1.858501134503222,-0.2262991435398101,-0.7394662468772634,0.8813316371009629,-1.0161329645585022,0
0.21232733076517762,-1.1099901739376037,1.5251962127575889,-0.7506047649032185,-0.23538436605243465,0.9048055324001227,-0.4090788379283631,0.2744324511807092,-0.31770810337865185,0.9204123179021463,0.5505611813513597,1.0400678958661385,0.9841231756854657,0
-0.8043672005990544,-1.1099901739376037,0.8491410419312149,-1.0233391129499496,-0.7423290972289317,0.9048055324001227,-1.359229812333827,-1.461440576166749,1.1727322143104744,-0.7996548742607882,-0.4814607612315388,-0.011559818453150373,0.9841231756854657,0
0.0428782422044723,-1.1099901739376037,1.5251962127575889,0.7060840749248343,-0.06640278899360229,-1.177851894974348,-0.12118309268350755,0.2744324511807092,-1.1703473842188281,-0.7996548742607882,0.5505611813513597,-1.182239726846321,0.9841231756854657,0
-0.46546902347764374,-1.1099901739376037,0.8491410419312149,-0.43515203750116566,-0.911310674287764,0.9048055324001227,0.06599664927436881,-1.461440576166749,-1.361687695273513,0.5763988794695595,-0.7394662468772634,-0.24966420660091387,0.9841231756854657,0
-0.9738162891597597,-1.1099901739376037,-0.502969299721533,-0.4559821825546479,-0.7423290972289317,0.9048055324001227,-0.7257958293968509,0.2744324511807092,-0.6298949266784012,-0.45564143582820127,-0.7394662468772634,0.7225953783357871,-1.0161329645585022,0
-0.634918112038349,-1.1099901739376037,-1.179024470547907,0.5674270062595015,-0.5733475201700994,-1.177851894974348,0.06599664927436881,-0.3041918912684436,-1.368401390398239,-0.570312581972397,-0.7394662468772634,0.18686050500331922,-1.0161329645585022,0
-0.8043672005990544,-1.1099901739376037,-1.179024470547907,-0.304612250532186,-0.911310674287764,0.9048055324001227,0.06599664927436881,-0.8828162337175963,0.23617174441122635,0.23238544103697253,-0.7394662468772634,0.26622863438590705,-1.0161329645585022,0
1.2290218621294098,0.9009088760241706,-1.179024470547907,-0.04992858921489405,0.7785050963005594,0.9048055324001227,-0.5281644267205146,-1.461440576166749,-1.0427871768490378,-0.6849837281165926,1.582583123934258,-0.7457150152420878,0.9841231756854657,0
-0.8043672005990544,-1.1099901739376037,0.8491410419312149,0.1952164764903408,-0.7423290972289317,0.9048055324001227,0.8577891279455886,-1.461440576166749,-0.0860856215756121,0.23238544103697253,-0.4814607612315388,-0.051243883144444294,-1.0161329645585022,0
-0.12657084635623306,-1.1099901739376037,-0.502969299721533,0.3660268244042634,-0.23538436605243465,-1.177851894974348,2.2830155895537843,0.2744324511807092,0.14218001266506483,1.035083464046342,1.066572152642809,0.38528082845978884,0.9841231756854657,0
-0.8043672005990544,0.9009088760241706,-1.179024470547907,-0.3939497263225946,-0.5733475201700994,0.9048055324001227,-1.2008713165995828,-0.8828162337175963,-0.965579682914691,-1.143668312693375,-0.7394662468772634,0.20670253734896618,0.9841231756854657,0
1.5679200392508204,-1.1099901739376037,0.8491410419312149,0.37891340390664513,2.130357712771218,0.9048055324001227,-0.5674373336626071,-0.8828162337175963,-1.3079781342757066,-0.9143260204049839,2.872610552162881,1.0797519605574324,-1.0161329645585022,0
1.7373691278115257,0.9009088760241706,-1.179024470547907,-0.20270404277621867,1.7923945586535535,-1.177851894974348,0.38271364074285674,-1.461440576166749,-0.39827244487536145,0.4617277333253637,2.098594095225707,1.3773824457421369,-1.0161329645585022,0
0.0428782422044723,-1.1099901739376037,1.5251962127575889,-0.16535507154688925,-0.23538436605243465,-1.177851894974348,-0.8841543251310949,-0.8828162337175963,-1.0629282622232152,-0.9143260204049839,0.29255569570563505,1.794065125000723,-1.0161329645585022,0
-0.46546902347764374,-1.1099901739376037,-1.179024470547907,0.3831931380305979,-0.7423290972289317,-1.177851894974348,0.06599664927436881,-0.8828162337175963,0.6624913848313142,-0.45564143582820127,-0.4814607612315388,-1.8568688265983175,0.9841231756854657,0
-0.2960199349169384,-1.1099901739376037,0.8491410419312149,-0.202940928428836,-0.911310674287764,-1.177851894974348,-0.7257958293968509,1.4316811360790147,-1.3482603050240614,-0.7996548742607882,-0.22345527558581418,0.06780831092943747,0.9841231756854657,0
0.21232733076517762,-1.1099901739376037,0.8491410419312149,-0.032130580514913396,-0.23538436605243465,-1.177851894974348,-0.4029028565947276,0.2744324511807092,-1.1871316220306425,-0.570312581972397,0.29255569570563505,0.20670253734896618,-1.0161329645585022,0
-0.8043672005990544,-1.1099901739376037,0.8491410419312149,1.218404572028714,-0.5733475201700994,-1.177851894974348,2.4413740852880284,-0.3041918912684436,0.27645391515958084,0.23238544103697253,-0.7394662468772634,-0.8647672093159696,0.9841231756854657,0
-0.8043672005990544,0.9009088760241706,-0.502969299721533,0.04473091757098353,-0.7423290972289317,-1.177851894974348,0.06599664927436881,0.853056793629862,-0.3244217985033781,-0.2262991435398101,-0.4814607612315388,0.305912699077201,0.9841231756854657,0
-0.12657084635623306,0.9009088760241706,0.8491410419312149,0.17058036861814044,-0.23538436605243465,0.9048055324001227,1.6495816066168083,0.2744324511807092,-0.06258768863907171,0.9204123179021463,0.03455021005991044,-1.8568688265983175,0.9841231756854657,0
-0.634918112038349,0.9009088760241706,1.5251962127575889,1.027158888482338,-0.23538436605243465,-1.177851894974348,0.6994306322113446,-0.8828162337175963,-0.2807827801926602,-0.45564143582820127,-0.4814607612315388,-1.2417658238832618,0.9841231756854657,0
-0.12657084635623306,-1.1099901739376037,-1.179024470547907,-0.5223259576643362,-0.23538436605243465,0.9048055324001227,-0.5674373336626071,-1.461440576166749,-0.24050060944430565,-0.11162799739561437,0.29255569570563505,0.7027533459901402,-1.0161329645585022,0
-0.634918112038349,0.9009088760241706,0.8491410419312149,0.7795502119898831,-0.911310674287764,-1.177851894974348,2.3188046095897232,-0.3041918912684436,0.44765314084008856,0.5763988794695595,-0.4814607612315388,0.305912699077201,0.9841231756854657,0
-1.143265377720465,0.9009088760241706,-1.179024470547907,-0.5851164479847648,-0.7423290972289317,0.9048055324001227,-0.4090788379283631,0.2744324511807092,0.6624913848313142,0.23238544103697253,-0.7394662468772634,-1.0235034680811452,-1.0161329645585022,0
0.7206745964472937,0.9009088760241706,-0.502969299721533,-0.5621385396808857,0.4405419421828948,0.9048055324001227,-0.7574675285436998,1.4316811360790147,0.2865244578466693,-0.34097028968400567,1.582583123934258,-1.5592383414136133,0.9841231756854657,0
0.5512255078865883,-1.1099901739376037,-0.502969299721533,0.059149357626957215,0.9474866733593919,0.9048055324001227,-0.9300782888940257,0.2744324511807092,0.26302652491012896,-1.143668312693375,1.066572152642809,0.3654387961141419,0.9841231756854657,0
-0.2960199349169384,-1.1099901739376037,1.5251962127575889,-0.4516708636770128,-0.404365943111267,0.9048055324001227,0.30353439287573475,1.4316811360790147,-0.2807827801926602,0.9204123179021463,-0.4814607612315388,1.6750129309268411,-1.0161329645585022,0
0.0428782422044723,0.9009088760241706,-1.179024470547907,1.4801316334171606,-0.23538436605243465,-1.177851894974348,-0.64851688347854,0.2744324511807092,2.703454702747955,-1.2583394588375707,0.03455021005991044,0.6233852166075523,0.9841231756854657,0
0.38177641932588297,-1.1099901739376037,-1.179024470547907,1.4986876762055166,0.2715603651240624,-1.177851894974348,-0.5455838612512813,0.853056793629862,-0.12301094476160378,-1.143668312693375,0.5505611813513597,0.7424374106814341,-1.0161329645585022,0
1.398470950690115,-1.1099901739376037,0.8491410419312149,-0.2760280484496971,1.4544314045358888,0.9048055324001227,-0.49791795403527395,-0.8828162337175963,1.3372177448662566,-0.45564143582820127,1.8405886095799828,1.0202258635204915,-1.0161329645585022,0
-0.12657084635623306,0.9009088760241706,0.8491410419312149,-0.24512236697155854,-0.23538436605243465,0.9048055324001227,0.06599664927436881,0.2744324511807092,-0.23714376188194225,0.23238544103697253,-0.22345527558581418,-0.3488743683291487,-1.0161329645585022,0
1.7373691278115257,0.9009088760241706,-1.179024470547907,-0.29657393072003857,1.2854498274770565,0.9048055324001227,-0.8841543251310949,1.4316811360790147,-0.5325463473698775,-0.7996548742607882,0.8085666669970842,1.0400678958661385,0.9841231756854657,0
-0.12657084635623306,-1.1099901739376037,0.8491410419312149,-0.26386791828200845,0.2715603651240624,0.9048055324001227,0.06599664927436881,0.2744324511807092,0.7061304031420315,0.23238544103697253,-0.22345527558581418,-0.686188918205147,0.9841231756854657,0
1.5679200392508204,0.9009088760241706,0.8491410419312149,-0.6047779571520017,1.7923945586535535,0.9048055324001227,-0.5682291261412783,0.2744324511807092,0.8404043056365476,0.003043148748581378,2.6146050665171567,-0.11076998018138517,-1.0161329645585022,0
-0.12657084635623306,0.9009088760241706,-0.502969299721533,0.35331396104713436,0.10257878806523006,0.9048055324001227,0.38271364074285674,0.853056793629862,0.7229146409538463,-0.2262991435398101,-0.22345527558581418,0.7027533459901402,-1.0161329645585022,0
0.21232733076517762,0.9009088760241706,0.8491410419312149,0.460386276030159,-0.404365943111267,-1.177851894974348,0.06599664927436881,-0.3041918912684436,-0.7306003535492884,-0.570312581972397,0.29255569570563505,1.258330251668255,0.9841231756854657,0
-0.46546902347764374,0.9009088760241706,0.8491410419312149,-0.8761541607903934,-0.911310674287764,0.9048055324001227,-1.2098977508564348,0.2744324511807092,-0.059230841076708896,-0.6849837281165926,-0.4814607612315388,-0.15045404487267908,0.9841231756854657,0
-0.2960199349169384,0.9009088760241706,-0.502969299721533,1.0276326597875727,-0.404365943111267,-1.177851894974348,-0.6078187500748392,-0.3041918912684436,-1.3516171525864242,-1.143668312693375,-0.4814607612315388,-0.9242933063529105,0.9841231756854657,0
-0.2960199349169384,0.9009088760241706,-0.502969299721533,-0.0856825303832669,-0.911310674287764,0.9048055324001227,1.1745061194140765,-0.3041918912684436,-1.6705176710108995,1.035083464046342,0.03455021005991044,1.0400678958661385,0.9841231756854657,0
-0.2960199349169384,0.9009088760241706,-1.179024470547907,-0.47801254824805783,-0.404365943111267,-1.177851894974348,-0.5674373336626071,1.4316811360790147,-0.5661148229935064,-0.2262991435398101,0.03455021005991044,1.0995939929030794,-1.0161329645585022,0
2.754063659175758,-1.1099901739376037,0.8491410419312149,1.0354498863239439,2.130357712771218,-1.177851894974348,1.2649288204783298,-0.8828162337175963,-0.39491559731299863,-0.2262991435398101,2.356599580871432,1.1194360252487263,0.9841231756854657,0
-0.634918112038349,-1.1099901739376037,-0.502969299721533,0.36582152350532837,-0.911310674287764,-1.177851894974348,2.4413740852880284,0.2744324511807092,-0.14315203013578132,1.1497546101905376,-0.4814607612315388,0.9408577341379036,0.9841231756854657,0
0.21232733076517762,0.9009088760241706,0.17308587110484092,-0.673790643947845,-0.23538436605243465,0.21058638994196582,-0.7257958293968509,1.4316811360790147,-0.5761853656805954,-0.11162799739561437,-0.22345527558581418,1.4964346398160184,0.9841231756854657,0
-0.634918112038349,0.9009088760241706,1.5251962127575889,-0.6221021945467476,-0.911310674287764,0.9048055324001227,-0.8841543251310949,-1.461440576166749,0.11532523216616163,-0.45564143582820127,-0.7394662468772634,1.0599099282117854,0.9841231756854657,0
-0.2960199349169384,-1.1099901739376037,0.8491410419312149,-0.8334673661887539,-0.23538436605243465,0.21058638994196582,-0.3292661560783041,0.2744324511807092,-0.015591822765990965,1.6084391947673204,-0.7394662468772634,-1.4600281796853785,0.9841231756854657,0
-0.634918112038349,0.9009088760241706,1.5251962127575889,-0.4888145340074072,-0.911310674287764,0.9048055324001227,-0.3298995900612411,0.853056793629862,-1.6906587563850772,0.1177142948927768,-0.4814607612315388,-0.13061201252703214,0.9841231756854657,0
1.906818216372231,0.9009088760241706,-1.179024470547907,-0.656971762612016,1.9613761357123858,0.9048055324001227,-0.5040939353689095,-0.8828162337175963,0.16232109803924238,0.3470565871811683,2.6146050665171567,-1.4401861473397315,0.9841231756854657,0
0.0428782422044723,-1.1099901739376037,0.8491410419312149,-0.29981136797247515,-0.404365943111267,0.9048055324001227,0.18761597399826818,1.4316811360790147,0.830333762949459,0.4617277333253637,-0.22345527558581418,-0.6068207888225592,-1.0161329645585022,0
-0.9738162891597597,0.9009088760241706,-1.179024470547907,-0.4272084719500651,-0.7423290972289317,0.9048055324001227,-0.5674373336626071,1.4316811360790147,-1.1199946707833845,-0.34097028968400567,-0.4814607612315388,-1.8568688265983175,0.9841231756854657,0
0.21232733076517762,0.9009088760241706,0.8491410419312149,0.37156994867550847,-0.23538436605243465,0.9048055324001227,-0.5674373336626071,-1.461440576166749,-0.5795422132429582,-0.9143260204049839,0.5505611813513597,0.22654456969461315,-1.0161329645585022,0
-0.2960199349169384,0.9009088760241706,-1.179024470547907,-0.3606436035646007,-0.23538436605243465,0.9048055324001227,-0.2507203421941191,-0.8828162337175963,-0.27742593263029736,0.003043148748581378,-0.4814607612315388,0.4448069254967297,0.9841231756854657,0
0.38177641932588297,-1.1099901739376037,0.8491410419312149,-0.1119926302006296,0.4405419421828948,-1.177851894974348,0.8577891279455886,-0.8828162337175963,0.8538316958859994,0.8057411717579506,0.8085666669970842,-0.051243883144444294,-1.0161329645585022,0
-0.12657084635623306,0.9009088760241706,0.8491410419312149,0.7289198518371431,-0.404365943111267,-1.177851894974348,0.5094004373302519,0.853056793629862,-0.9487954451028768,-0.45564143582820127,-0.22345527558581418,-0.44808453005738347,0.9841231756854657,0
-0.2960199349169384,0.9009088760241706,-0.502969299721533,1.606439063392711,-0.404365943111267,-1.177851894974348,-0.5783640698682698,-0.8828162337175963,-0.6634634023020307,-1.2583394588375707,-0.4814607612315388,0.46464895784237664,-1.0161329645585022,0
0.5512255078865883,0.9009088760241706,-0.502969299721533,2.9352096508074155,0.2715603651240624,-1.177851894974348,0.7282518784349771,-1.461440576166749,1.6661888059778205,-1.0289971665491795,0.29255569570563505,1.1988041546313142,-1.0161329645585022,0
0.21232733076517762,-1.1099901739376037,-0.502969299721533,-0.7694924476052387,-0.06640278899360229,0.9048055324001227,-1.042512820865339,-1.461440576166749,0.7497694214527494,-0.45564143582820127,0.5505611813513597,-0.44808453005738347,0.9841231756854657,0
0.38177641932588297,0.9009088760241706,1.5251962127575889,0.420510524506245,0.10257878806523006,-1.177851894974348,0.5947556665310094,1.4316811360790147,0.3536614090939276,-0.11162799739561437,0.29255569570563505,-0.15045404487267908,0.9841231756854657,0
-0.8043672005990544,0.9009088760241706,-1.179024470547907,-0.8139321960362463,-0.911310674287764,0.21058638994196582,-0.7574675285436998,-1.461440576166749,-0.7742393718600064,0.3470565871811683,-0.4814607612315388,-0.11076998018138517,0.9841231756854657,0
-0.2960199349169384,-1.1099901739376037,-0.502969299721533,-0.6781019628254801,-0.23538436605243465,0.9048055324001227,-0.3298995900612411,-0.8828162337175963,0.041474585794178266,0.6910700256137552,-0.4814607612315388,-1.6981325678331418,0.9841231756854657,0
-0.12657084635623306,0.9009088760241706,-1.179024470547907,0.25349034703419937,-0.23538436605243465,-1.177851894974348,-0.7455906413636315,-0.8828162337175963,-0.6298949266784012,-1.0289971665491795,0.03455021005991044,-0.190138109563973,0.9841231756854657,0
-0.634918112038349,-1.1099901739376037,-1.179024470547907,-0.39398131107627693,-0.404365943111267,0.9048055324001227,0.06599664927436881,-0.8828162337175963,-1.5731690917023755,0.4617277333253637,-0.4814607612315388,-1.162397694500674,0.9841231756854657,0
1.0595727735687044,-1.1099901739376037,-1.179024470547907,-0.3020223007302367,0.9474866733593919,0.9048055324001227,-0.8841543251310949,-1.461440576166749,0.5919975860216931,-0.7996548742607882,0.03455021005991044,-1.3806600503027906,0.9841231756854657,0
0.38177641932588297,0.9009088760241706,0.8491410419312149,0.46150753478588097,0.2715603651240624,-1.177851894974348,0.8577891279455886,-1.461440576166749,1.1559479764986598,0.003043148748581378,0.29255569570563505,-0.9441353386985575,0.9841231756854657,0
0.38177641932588297,-1.1099901739376037,1.5251962127575889,-0.16255982084600498,0.6095235192417271,0.9048055324001227,0.8577891279455886,0.853056793629862,-1.0931398902844813,0.9204123179021463,0.29255569570563505,0.46464895784237664,0.9841231756854657,0
-0.12657084635623306,0.9009088760241706,-0.502969299721533,0.4225793258724362,-0.404365943111267,-1.177851894974348,-0.5674373336626071,0.2744324511807092,-0.34120603631519225,-0.9143260204049839,-0.4814607612315388,-0.9639773710442044,0.9841231756854657,0
1.2290218621294098,-1.1099901739376037,-0.502969299721533,0.1741336534074001,1.1164682504182242,0.9048055324001227,-0.4882580857954851,-0.3041918912684436,-0.6231812315536756,-0.7996548742607882,0.8085666669970842,0.12733440796637835,0.9841231756854657,0
-0.8043672005990544,-1.1099901739376037,0.8491410419312149,-0.3439826459971831,-0.911310674287764,0.9048055324001227,-0.2507203421941191,1.4316811360790147,0.4140846652164597,0.003043148748581378,-0.7394662468772634,0.4844909901880236,-1.0161329645585022,0
-0.46546902347764374,0.9009088760241706,-1.179024470547907,-0.5567217544243698,-0.911310674287764,-1.177851894974348,-0.6307807319563046,1.4316811360790147,-0.7440277437987403,-0.11162799739561437,-0.7394662468772634,-0.07108591549009124,0.9841231756854657,0
1.7373691278115257,0.9009088760241706,0.8491410419312149,0.5711224224403315,1.2854498274770565,0.21058638994196582,0.06599664927436881,1.4316811360790147,2.703454702747955,-0.570312581972397,2.098594095225707,-1.0631875327724392,0.9841231756854657,0
0.0428782422044723,0.9009088760241706,-0.502969299721533,-0.015706508600113148,0.4405419421828948,-1.177851894974348,-0.5644285222436564,1.4316811360790147,-1.2173432500919086,-0.6849837281165926,1.066572152642809,0.7225953783357871,-1.0161329645585022,0
-0.12657084635623306,-1.1099901739376037,-0.502969299721533,-0.2942524513243889,0.10257878806523006,0.9048055324001227,0.38271364074285674,1.4316811360790147,-0.059230841076708896,0.6910700256137552,0.03455021005991044,-1.7378166325244357,0.9841231756854657,0
-0.634918112038349,0.9009088760241706,-1.179024470547907,-0.3016116989323667,-0.404365943111267,0.9048055324001227,0.8577891279455886,1.4316811360790147,0.5181469396497097,1.2644257563347332,-0.997471732522988,-1.678290535487495,0.9841231756854657,0
0.7206745964472937,-1.1099901739376037,-0.502969299721533,-0.5638599087565714,0.7785050963005594,0.9048055324001227,-0.4090788379283631,0.2744324511807092,-1.3079781342757066,0.23238544103697253,0.29255569570563505,1.258330251668255,0.9841231756854657,0
-0.8043672005990544,0.9009088760241706,0.8491410419312149,-0.05018126724435251,-0.911310674287764,0.9048055324001227,-0.9284947039366832,-0.8828162337175963,-1.4489657318949483,-1.0289971665491795,-0.4814607612315388,-1.5790803737592602,0.9841231756854657,0
-0.12657084635623306,-1.1099901739376037,-1.179024470547907,-0.7613435811552033,-0.23538436605243465,0.9048055324001227,-1.042512820865339,0.2744324511807092,-0.12301094476160378,-0.570312581972397,0.5505611813513597,-0.09092794783573821,-1.0161329645585022,0
0.5512255078865883,0.9009088760241706,1.5251962127575889,4.481441267324812,0.2715603651240624,-1.177851894974348,4.024959042630468,-1.461440576166749,0.9411097325074347,-0.45564143582820127,1.066572152642809,1.6551708985811941,0.9841231756854657,0
-0.9738162891597597,-1.1099901739376037,-0.502969299721533,-0.44949151567293355,-0.911310674287764,0.9048055324001227,-1.042512820865339,0.2744324511807092,-0.8044509999212723,-0.9143260204049839,-0.997471732522988,0.32575473142284794,0.9841231756854657,0
-0.46546902347764374,-1.1099901739376037,-0.502969299721533,-0.19472889247143585,-0.23538436605243465,-1.177851894974348,0.8577891279455886,-0.8828162337175963,0.9444665800697976,0.9204123179021463,-0.7394662468772634,0.26622863438590705,-1.0161329645585022,0
-0.634918112038349,-1.1099901739376037,-0.502969299721533,2.1614621474750715,-0.404365943111267,-1.177851894974348,-0.7400480940129329,1.4316811360790147,-0.5359031949322403,-1.3730106049817663,-0.997471732522988,-1.7378166325244357,0.9841231756854657,0
-0.8043672005990544,0.9009088760241706,-0.502969299721533,-0.01556437720854276,-0.7423290972289317,0.9048055324001227,-1.042512820865339,0.2744324511807092,-0.1263677923239666,-1.143668312693375,-0.7394662468772634,0.6035431842619053,-1.0161329645585022,0
1.7373691278115257,0.9009088760241706,0.8491410419312149,0.15799384427574062,2.130357712771218,-1.177851894974348,1.3328646151483206,-0.8828162337175963,0.6054249762711449,0.6910700256137552,2.356599580871432,1.4170665104334308,-1.0161329645585022,0
-0.2960199349169384,0.9009088760241706,0.8491410419312149,-0.12078898410115242,-0.7423290972289317,0.9048055324001227,-0.09236184645987515,-0.8828162337175963,-1.5798827868271015,-0.2262991435398101,0.29255569570563505,-0.09092794783573821,-1.0161329645585022,0
0.7206745964472937,0.9009088760241706,-1.179024470547907,0.6333285948176375,0.10257878806523006,-1.177851894974348,-0.2507203421941191,-0.8828162337175963,0.46443737865190327,-0.7996548742607882,0.8085666669970842,-0.6663468858595001,-1.0161329645585022,0
1.0595727735687044,0.9009088760241706,-0.502969299721533,-0.48928830531264184,1.1164682504182242,0.9048055324001227,-0.7257958293968509,1.4316811360790147,0.5114332445249834,-0.45564143582820127,0.8085666669970842,-1.202081759191968,0.9841231756854657,0
-0.8043672005990544,0.9009088760241706,-1.179024470547907,-0.39646071424033813,-0.7423290972289317,0.9048055324001227,0.11873002835387204,1.4316811360790147,0.3066655432208469,0.5763988794695595,-0.22345527558581418,0.821805540064022,-1.0161329645585022,0
-0.12657084635623306,0.9009088760241706,1.5251962127575889,2.5448063029172454,-0.404365943111267,-1.177851894974348,-1.1156744458945596,0.853056793629862,0.7229146409538463,-1.487681751125962,-0.7394662468772634,-0.8250831446246757,0.9841231756854657,0
-0.2960199349169384,0.9009088760241706,0.8491410419312149,-0.05014968249067021,-0.23538436605243465,-1.177851894974348,-0.40321957358619603,0.853056793629862,0.8571885434483623,-0.570312581972397,-0.7394662468772634,0.38528082845978884,-1.0161329645585022,0
0.0428782422044723,-1.1099901739376037,-0.502969299721533,0.3174810579945557,-0.5733475201700994,-1.177851894974348,0.23544023971000985,0.2744324511807092,-0.8413763231072641,-0.34097028968400567,0.29255569570563505,0.06780831092943747,0.9841231756854657,0
-0.12657084635623306,0.9009088760241706,1.5251962127575889,-0.8395316388957571,-0.06640278899360229,-1.177851894974348,-1.2730827906543982,0.2744324511807092,0.7061304031420315,-0.9143260204049839,0.29255569570563505,1.1194360252487263,0.9841231756854657,0
-0.46546902347764374,0.9009088760241706,-0.502969299721533,0.35206636327668317,-0.7423290972289317,0.9048055324001227,-0.49079182172723296,1.4316811360790147,0.18581903097578276,-0.9143260204049839,-0.4814607612315388,0.8416475724096689,0.9841231756854657,0
0.5512255078865883,0.9009088760241706,0.8491410419312149,0.2516584313206255,0.7785050963005594,-1.177851894974348,0.8577891279455886,1.4316811360790147,0.024690347982363543,0.23238544103697253,0.5505611813513597,1.0202258635204915,0.9841231756854657,0
0.5512255078865883,-1.1099901739376037,1.5251962127575889,-0.24232711627067427,-0.06640278899360229,0.9048055324001227,-0.4257064799804587,1.4316811360790147,0.1488937077897905,-0.34097028968400567,0.29255569570563505,0.9210157017922567,-1.0161329645585022,0
-0.12657084635623306,0.9009088760241706,0.8491410419312149,-0.4898252461252411,-0.7423290972289317,0.9048055324001227,0.06599664927436881,-0.8828162337175963,0.43758259815300005,0.6910700256137552,-0.22345527558581418,-1.0830295651180861,0.9841231756854657,0
0.21232733076517762,-1.1099901739376037,-0.502969299721533,-0.6795864462485486,-0.06640278899360229,0.9048055324001227,-0.5674373336626071,1.4316811360790147,-0.8178783901707236,0.23238544103697253,1.066572152642809,0.7225953783357871,0.9841231756854657,0
-0.634918112038349,0.9009088760241706,0.8491410419312149,0.23488692711531986,-0.5733475201700994,-1.177851894974348,0.7501053508463027,-0.8828162337175963,-0.23714376188194225,0.1177142948927768,0.03455021005991044,-0.8449251769703227,0.9841231756854657,0
-0.8043672005990544,0.9009088760241706,1.5251962127575889,1.0256901974361106,-0.911310674287764,-1.177851894974348,-0.5674373336626071,1.4316811360790147,-1.0495008719737637,-1.143668312693375,-0.7394662468772634,-1.2814498885745558,-1.0161329645585022,0
-0.634918112038349,-1.1099901739376037,-0.502969299721533,-0.6952366916981323,-0.7423290972289317,0.21058638994196582,-0.5590443333886921,0.2744324511807092,-0.6198243839913128,0.3470565871811683,-0.997471732522988,0.9011736694466097,-1.0161329645585022,0
-0.46546902347764374,0.9009088760241706,-0.502969299721533,-0.4292614809394152,-0.7423290972289317,0.9048055324001227,-0.26022185193817376,1.4316811360790147,-1.2542685732779006,0.1177142948927768,-0.4814607612315388,1.3972244780877838,0.9841231756854657,0
0.21232733076517762,0.9009088760241706,-0.502969299721533,1.5961424336922785,-0.404365943111267,-1.177851894974348,2.2830155895537843,1.4316811360790147,-0.022305517890717212,-0.11162799739561437,-0.22345527558581418,0.14717644031202531,0.9841231756854657,0
0.21232733076517762,0.9009088760241706,1.5251962127575889,-0.373593352574347,0.10257878806523006,0.9048055324001227,0.38271364074285674,0.2744324511807092,-0.04916029838962042,0.8057411717579506,1.066572152642809,0.5638591195706114,-1.0161329645585022,0
-0.8043672005990544,-1.1099901739376037,-1.179024470547907,0.2694090628900827,-0.5733475201700994,0.9048055324001227,1.6495816066168083,1.4316811360790147,1.1055952630632166,0.8057411717579506,-0.4814607612315388,-0.4877685947486774,0.9841231756854657,0
-0.9738162891597597,0.9009088760241706,0.8491410419312149,-0.49350486992923,-0.911310674287764,-1.177851894974348,-1.121692068732461,0.2744324511807092,0.5886407384593302,-1.0289971665491795,-0.997471732522988,0.7424374106814341,-1.0161329645585022,0
-0.46546902347764374,0.9009088760241706,0.8491410419312149,-0.0735066078387371,-0.911310674287764,0.9048055324001227,0.38271364074285674,0.853056793629862,-0.8514468657943525,0.23238544103697253,-0.4814607612315388,-0.9044512740072636,-1.0161329645585022,0
-0.9738162891597597,0.9009088760241706,-1.179024470547907,-0.24234290864751543,-0.911310674287764,-1.177851894974348,-0.2507203421941191,-0.8828162337175963,1.7131846718509007,-0.2262991435398101,-0.4814607612315388,-0.3488743683291487,-1.0161329645585022,0
1.5679200392508204,-1.1099901739376037,-1.179024470547907,3.329529508154192,1.1164682504182242,-1.177851894974348,0.000911307527594539,0.2744324511807092,-0.13643833501105568,-1.2583394588375707,1.066572152642809,1.0400678958661385,0.9841231756854657,0
-0.46546902347764374,-1.1099901739376037,1.5251962127575889,-0.10840776065768762,-0.7423290972289317,0.9048055324001227,-0.18737694390042153,1.4316811360790147,-1.459036274582037,-0.34097028968400567,-0.7394662468772634,-1.0631875327724392,0.9841231756854657,0
0.5512255078865883,0.9009088760241706,0.8491410419312149,-0.05918292204381034,0.2715603651240624,-1.177851894974348,-0.2507203421941191,-0.3041918912684436,-1.0327166341619494,-0.34097028968400567,0.8085666669970842,0.10749237562073138,-1.0161329645585022,0
-0.634918112038349,0.9009088760241706,-0.502969299721533,-0.3581484080236983,-0.911310674287764,0.9048055324001227,-0.5674373336626071,0.2744324511807092,-1.2173432500919086,-0.45564143582820127,-0.997471732522988,0.10749237562073138,-1.0161329645585022,0
-0.634918112038349,-1.1099901739376037,0.8491410419312149,-0.10686010772725453,-0.404365943111267,-1.177851894974348,-1.0741845200121878,-0.8828162337175963,-0.41169983512481334,-1.143668312693375,-0.4814607612315388,-1.9362369559809054,0.9841231756854657,0
-0.46546902347764374,0.9009088760241706,-1.179024470547907,1.5547190292379314,-0.404365943111267,-1.177851894974348,-0.6651445255306355,-0.3041918912684436,-0.48890732905915957,-1.2583394588375707,-0.4814607612315388,-2.7299182498067838,0.9841231756854657,0
-0.12657084635623306,0.9009088760241706,0.8491410419312149,-0.4624728494363622,-0.06640278899360229,-1.177851894974348,0.06599664927436881,-0.3041918912684436,-0.5627579754311435,0.6910700256137552,0.29255569570563505,0.5043330225336705,-1.0161329645585022,0
0.21232733076517762,-1.1099901739376037,1.5251962127575889,0.3674323459431261,-0.404365943111267,-1.177851894974348,-0.09236184645987515,-0.3041918912684436,-0.16664996307232172,-0.570312581972397,-0.4814607612315388,-0.6068207888225592,0.9841231756854657,0
-0.12657084635623306,0.9009088760241706,-0.502969299721533,0.2878703514173918,-0.404365943111267,-1.177851894974348,-0.5968920138691765,1.4316811360790147,-1.1904884695930054,-0.9143260204049839,0.8085666669970842,1.1988041546313142,0.9841231756854657,0
-0.2960199349169384,-1.1099901739376037,0.8491410419312149,0.15857816221886334,-0.911310674287764,-1.177851894974348,-0.2507203421941191,-0.8828162337175963,1.2331554704330066,-0.570312581972397,-0.7394662468772634,-0.20998014190961997,0.9841231756854657,0
-0.634918112038349,-1.1099901739376037,0.8491410419312149,-0.18056313044492064,-0.911310674287764,0.9048055324001227,-0.24977019121971364,-1.461440576166749,-0.3009238655668377,-0.2262991435398101,-0.4814607612315388,0.5638591195706114,0.9841231756854657,0
-0.8043672005990544,0.9009088760241706,-1.179024470547907,-0.6426638691939303,-0.911310674287764,0.9048055324001227,-0.6247631091184034,-1.461440576166749,-1.069641957347941,0.003043148748581378,-0.4814607612315388,-1.2616078562289088,0.9841231756854657,0
-0.46546902347764374,0.9009088760241706,1.5251962127575889,-0.4962053663690673,-0.7423290972289317,0.9048055324001227,0.06599664927436881,1.4316811360790147,-0.3647039692517326,0.8057411717579506,-0.7394662468772634,1.4567505751247247,0.9841231756854657,0
-0.46546902347764374,0.9009088760241706,0.8491410419312149,-0.20586251814444947,-0.06640278899360229,-1.177851894974348,-0.804975077263973,-1.461440576166749,-0.8447331706696268,-0.7996548742607882,-0.7394662468772634,0.305912699077201,0.9841231756854657,0
0.38177641932588297,0.9009088760241706,1.5251962127575889,2.566394482059103,-0.23538436605243465,0.9048055324001227,0.39221515048691136,1.4316811360790147,0.05490197604362957,-1.0289971665491795,0.8085666669970842,-0.6068207888225592,0.9841231756854657,0
-0.2960199349169384,0.9009088760241706,-0.502969299721533,1.7856193710324453,0.10257878806523006,0.9048055324001227,1.6495816066168083,0.853056793629862,-0.2572848472561198,-0.45564143582820127,-0.7394662468772634,-0.38855843302044263,-1.0161329645585022,0
-0.8043672005990544,-1.1099901739376037,0.8491410419312149,-0.4861772070749345,-0.911310674287764,0.9048055324001227,-0.4090788379283631,-1.461440576166749,-0.6164675364289499,0.003043148748581378,-0.7394662468772634,-0.7853990799333818,0.9841231756854657,0
-0.2960199349169384,-1.1099901739376037,0.8491410419312149,-0.24804395668717205,-0.911310674287764,-1.177851894974348,0.19220837037456123,1.4316811360790147,-1.0461440244114009,0.3470565871811683,-0.7394662468772634,0.6432272489531993,-1.0161329645585022,0
0.7206745964472937,-1.1099901739376037,-1.179024470547907,-0.3350125759514076,0.7785050963005594,0.21058638994196582,-1.121692068732461,-0.8828162337175963,-1.0595714146608524,-1.143668312693375,0.8085666669970842,0.20670253734896618,-1.0161329645585022,0
0.0428782422044723,0.9009088760241706,-1.179024470547907,0.17583923010624475,-0.5733475201700994,0.9048055324001227,-0.8841543251310949,0.853056793629862,0.06497251873071805,-1.143668312693375,0.5505611813513597,0.06780831092943747,-1.0161329645585022,0
-0.8043672005990544,-1.1099901739376037,-0.502969299721533,-0.8348886801044578,-0.911310674287764,0.9048055324001227,-0.7571508115522313,-1.461440576166749,0.8336906105118219,0.4617277333253637,-0.7394662468772634,-1.4997122443766724,0.9841231756854657,0
0.38177641932588297,-1.1099901739376037,-1.179024470547907,-0.4561401063230594,0.6095235192417271,0.9048055324001227,-1.2246250909597194,0.2744324511807092,0.3301634761573873,-1.143668312693375,0.03455021005991044,-0.11076998018138517,0.9841231756854657,0
-0.8043672005990544,0.9009088760241706,0.8491410419312149,-0.6178856299301596,-0.5733475201700994,0.9048055324001227,-1.2325430157464317,-0.8828162337175963,-0.34456288387755507,-1.143668312693375,-0.7394662468772634,-0.4877685947486774,0.9841231756854657,0
0.5512255078865883,0.9009088760241706,-1.179024470547907,-0.2986901092167532,0.7785050963005594,0.21058638994196582,-0.8387054368553669,-0.3041918912684436,0.35701825665629044,-0.7996548742607882,0.8085666669970842,0.06780831092943747,-1.0161329645585022,0
-0.8043672005990544,0.9009088760241706,-1.179024470547907,-0.31105554028337684,-0.7423290972289317,0.9048055324001227,0.38271364074285674,-0.8828162337175963,-1.3214055245251584,0.6910700256137552,-0.7394662468772634,-0.6068207888225592,0.9841231756854657,0
-0.46546902347764374,-1.1099901739376037,1.5251962127575889,2.913131907983482,-0.404365943111267,-1.177851894974348,2.4413740852880284,-0.8828162337175963,0.46108053108954045,-0.570312581972397,-0.997471732522988,-0.5472946917856183,0.9841231756854657,0
-0.8043672005990544,0.9009088760241706,-0.502969299721533,-0.544845887039822,-0.404365943111267,0.9048055324001227,-1.2008713165995828,0.853056793629862,1.0116035313170553,-1.143668312693375,-0.7394662468772634,-0.8449251769703227,0.9841231756854657,0
-0.2960199349169384,0.9009088760241706,0.8491410419312149,0.7494815264843258,-0.23538436605243465,-1.177851894974348,-0.7257958293968509,0.2744324511807092,-0.15993626794759605,-1.143668312693375,-0.7394662468772634,0.8416475724096689,0.9841231756854657,0
-0.634918112038349,0.9009088760241706,0.8491410419312149,0.9314412924481031,-0.911310674287764,0.9048055324001227,4.024959042630468,-0.8828162337175963,1.9078818304679495,1.2644257563347332,-0.4814607612315388,-0.26950623894656084,0.9841231756854657,0
0.7206745964472937,0.9009088760241706,0.8491410419312149,0.6334549338323666,1.2854498274770565,-1.177851894974348,0.056336781034579925,-0.8828162337175963,0.10861153704143597,-0.6849837281165926,0.29255569570563505,-1.9163949236352584,0.9841231756854657,0
2.2457163934936415,-1.1099901739376037,-0.502969299721533,0.2743362844645228,2.4683208668888827,-1.177851894974348,-0.2507203421941191,0.2744324511807092,-0.48890732905915957,-0.6849837281165926,2.356599580871432,1.0599099282117854,-1.0161329645585022,0
-0.46546902347764374,-1.1099901739376037,-0.502969299721533,-0.18991221753488385,-0.7423290972289317,-1.177851894974348,0.06599664927436881,0.2744324511807092,-1.2777665062144405,0.1177142948927768,-0.4814607612315388,-0.11076998018138517,0.9841231756854657,0
-0.46546902347764374,-1.1099901739376037,-1.179024470547907,-0.7195885367871918,-0.5733475201700994,0.9048055324001227,-0.4090788379283631,0.2744324511807092,-0.7138161157374736,0.6910700256137552,-0.22345527558581418,1.6551708985811941,-1.0161329645585022,0
-0.8043672005990544,0.9009088760241706,1.5251962127575889,-0.13931344213582617,-0.911310674287764,0.9048055324001227,-0.7257958293968509,0.853056793629862,-1.072998804910304,-0.7996548742607882,-0.997471732522988,1.1988041546313142,0.9841231756854657,0
-0.634918112038349,0.9009088760241706,0.8491410419312149,-0.34186646750046845,-0.911310674287764,0.9048055324001227,-0.7257958293968509,1.4316811360790147,-0.47547993880970824,-0.570312581972397,-0.4814607612315388,-0.8449251769703227,0.9841231756854657,0
-0.46546902347764374,-1.1099901739376037,0.8491410419312149,-0.20194600868784326,-0.23538436605243465,0.9048055324001227,-0.9137673638333986,0.2744324511807092,-0.8212352377330865,-0.9143260204049839,-0.7394662468772634,-0.26950623894656084,0.9841231756854657,0
0.21232733076517762,-1.1099901739376037,0.8491410419312149,-0.3008536648439913,-0.7423290972289317,0.9048055324001227,-0.5674373336626071,0.853056793629862,1.4782053424854982,-0.45564143582820127,0.8085666669970842,0.9210157017922567,-1.0161329645585022,0
0.38177641932588297,-1.1099901739376037,-1.179024470547907,2.401174635546949,-0.06640278899360229,-1.177851894974348,1.6495816066168083,1.4316811360790147,-0.5996832986171352,-0.570312581972397,1.582583123934258,1.4567505751247247,-1.0161329645585022,0
0.38177641932588297,-1.1099901739376037,-1.179024470547907,-0.1643759441827377,0.2715603651240624,0.9048055324001227,-0.5674373336626071,1.4316811360790147,-0.7876667621094576,-0.570312581972397,0.8085666669970842,-0.2893482712922078,0.9841231756854657,0
-0.634918112038349,-1.1099901739376037,-1.179024470547907,0.2365293343067999,-0.404365943111267,-1.177851894974348,-0.7945234165455128,-0.8828162337175963,-0.5325463473698775,-1.0289971665491795,-0.7394662468772634,1.0202258635204915,0.9841231756854657,0
-0.9738162891597597,0.9009088760241706,0.8491410419312149,-0.39094917472277535,-0.911310674287764,0.9048055324001227,0.14216708572254017,1.4316811360790147,-1.234127487903723,0.5763988794695595,-0.997471732522988,0.40512286080543575,-1.0161329645585022,0
-0.2960199349169384,0.9009088760241706,-0.502969299721533,-0.4296720827372852,-0.5733475201700994,0.9048055324001227,-0.8841543251310949,-0.8828162337175963,0.6927030128925802,-0.6849837281165926,-0.22345527558581418,1.317856348705196,-1.0161329645585022,0
-0.8043672005990544,-1.1099901739376037,-1.179024470547907,-0.6803128955832417,-0.23538436605243465,0.9048055324001227,-0.5674373336626071,-0.8828162337175963,-0.6869613352385705,0.23238544103697253,-0.7394662468772634,-2.0156050853634935,0.9841231756854657,0
-0.8043672005990544,-1.1099901739376037,-0.502969299721533,0.25263755868477705,-0.7423290972289317,-1.177851894974348,-0.6331561093923183,-1.461440576166749,0.2193875065994116,-0.9143260204049839,-0.4814607612315388,0.08765034327508442,0.9841231756854657,0
1.2290218621294098,-1.1099901739376037,-0.502969299721533,0.8353604717465216,1.2854498274770565,-1.177851894974348,0.38271364074285674,-0.3041918912684436,0.16903479316396802,-0.570312581972397,0.5505611813513597,-1.0631875327724392,0.9841231756854657,0
1.2290218621294098,-1.1099901739376037,-0.502969299721533,0.5328101162236917,0.9474866733593919,-1.177851894974348,0.8503462786460791,-1.461440576166749,-0.3647039692517326,-0.11162799739561437,1.066572152642809,-1.202081759191968,0.9841231756854657,0
-0.2960199349169384,-1.1099901739376037,0.8491410419312149,-0.6794285224801371,-0.06640278899360229,-1.177851894974348,0.8782173738953061,-0.3041918912684436,-0.7708825242976429,3.0991640946418633,0.03455021005991044,-1.9759210206721993,0.9841231756854657,0
0.38177641932588297,-1.1099901739376037,-0.502969299721533,-0.39202305634797385,0.2715603651240624,-1.177851894974348,-0.2507203421941191,0.2744324511807092,1.4681347997984098,0.1177142948927768,0.8085666669970842,0.8416475724096689,-1.0161329645585022,0
0.21232733076517762,0.9009088760241706,0.8491410419312149,0.46706645143396724,0.2715603651240624,-1.177851894974348,0.38271364074285674,-1.461440576166749,-1.3146918294004326,-0.34097028968400567,0.8085666669970842,-1.2814498885745558,0.9841231756854657,0
-0.634918112038349,-1.1099901739376037,-1.179024470547907,0.16819571971512617,-0.5733475201700994,-1.177851894974348,-1.042512820865339,-0.3041918912684436,0.001192415045823164,-1.2583394588375707,-0.7394662468772634,-0.20998014190961997,0.9841231756854657,0
-0.2960199349169384,-1.1099901739376037,-0.502969299721533,0.234492117694291,-0.23538436605243465,0.9048055324001227,1.6495816066168083,-0.3041918912684436,0.7732673543892898,0.8057411717579506,-0.4814607612315388,-3.7418618994347788,0.9841231756854657,0
-0.634918112038349,-1.1099901739376037,-1.179024470547907,-0.029161613668776426,-0.06640278899360229,0.9048055324001227,0.38271364074285674,-0.8828162337175963,0.14218001266506483,0.1177142948927768,0.03455021005991044,0.305912699077201,0.9841231756854657,0
-0.8043672005990544,0.9009088760241706,1.5251962127575889,-0.48502436356553025,-0.911310674287764,0.9048055324001227,-0.7257958293968509,-0.8828162337175963,-0.9252975121663365,-0.45564143582820127,-0.997471732522988,-0.4282424977117365,0.9841231756854657,0
0.38177641932588297,0.9009088760241706,-0.502969299721533,-0.6088208056233371,-0.06640278899360229,0.9048055324001227,-0.09236184645987515,0.853056793629862,-1.12670836590811,0.9204123179021463,0.03455021005991044,0.8416475724096689,0.9841231756854657,0
-0.46546902347764374,-1.1099901739376037,-1.179024470547907,-0.584626884302689,-0.7423290972289317,0.9048055324001227,-0.4090788379283631,-0.8828162337175963,-1.465749969706763,0.23238544103697253,-0.997471732522988,0.5837011519162584,0.9841231756854657,0
-0.634918112038349,-1.1099901739376037,-0.502969299721533,0.742232825514236,-0.911310674287764,-1.177851894974348,0.38271364074285674,1.4316811360790147,0.5382880250238866,-0.570312581972397,-0.7394662468772634,-0.9044512740072636,0.9841231756854657,0
1.2290218621294098,-1.1099901739376037,-0.502969299721533,0.3954638148361746,1.7923945586535535,-1.177851894974348,-0.7379894335683878,0.853056793629862,0.6692050799560398,-1.0289971665491795,1.066572152642809,0.2463866020402601,0.9841231756854657,0
-0.46546902347764374,0.9009088760241706,1.5251962127575889,-0.18091056273542602,-0.06640278899360229,-1.177851894974348,-0.963333572998217,0.853056793629862,-0.059230841076708896,-1.0289971665491795,-0.22345527558581418,-1.2814498885745558,0.9841231756854657,0
-0.46546902347764374,-1.1099901739376037,0.8491410419312149,-0.10327523818431254,-0.404365943111267,-1.177851894974348,-1.327558113186978,-1.461440576166749,-1.1233515183457474,-1.3730106049817663,-0.7394662468772634,-1.202081759191968,0.9841231756854657,0
2.415165482054347,0.9009088760241706,0.8491410419312149,0.3172283799650973,1.9613761357123858,-1.177851894974348,-0.4485101033661898,-0.8828162337175963,-0.572828518118232,-0.7996548742607882,1.582583123934258,1.2186461869769611,0.9841231756854657,0
-0.12657084635623306,-1.1099901739376037,-0.502969299721533,-0.7347018414241763,-0.404365943111267,0.9048055324001227,-0.7257958293968509,-1.461440576166749,-1.56645539657765,0.1177142948927768,0.29255569570563505,1.337698381050843,-1.0161329645585022,0
0.0428782422044723,-1.1099901739376037,-1.179024470547907,0.6870858455849259,0.2715603651240624,-1.177851894974348,0.06963889467625642,1.4316811360790147,-1.4321814940831339,-0.6849837281165926,1.066572152642809,1.238488219322608,-1.0161329645585022,0
-0.12657084635623306,-1.1099901739376037,0.8491410419312149,1.6029331557339748,-0.06640278899360229,-1.177851894974348,2.4413740852880284,-1.461440576166749,-0.15993626794759605,0.003043148748581378,-0.22345527558581418,-1.5195542767223194,0.9841231756854657,0
0.0428782422044723,0.9009088760241706,-0.502969299721533,0.30622109330681285,-0.06640278899360229,0.9048055324001227,-0.8841543251310949,-1.461440576166749,-0.7641688291729173,-1.143668312693375,1.066572152642809,-0.22982217425526694,0.9841231756854657,0
0.38177641932588297,-1.1099901739376037,-0.502969299721533,-0.10682852297357222,0.6095235192417271,-1.177851894974348,-0.8610339847538954,-1.461440576166749,-1.4422520367702227,-0.9143260204049839,0.29255569570563505,0.12733440796637835,-1.0161329645585022,0
0.21232733076517762,-1.1099901739376037,-1.179024470547907,-0.6046516181372724,-0.06640278899360229,0.9048055324001227,-0.5674373336626071,1.4316811360790147,0.6725619275184026,0.003043148748581378,0.5505611813513597,-0.8846092416616166,0.9841231756854657,0
-0.2960199349169384,-1.1099901739376037,-1.179024470547907,-0.5247737760747151,-0.7423290972289317,-1.177851894974348,1.387815013168103,0.2744324511807092,-0.2606416948184826,2.869821802353472,-0.7394662468772634,0.3455967637684949,0.9841231756854657,0
1.7373691278115257,-1.1099901739376037,-1.179024470547907,0.07434162414814745,1.2854498274770565,-1.177851894974348,-0.09236184645987515,-0.3041918912684436,-0.6198243839913128,-0.34097028968400567,1.582583123934258,-1.4798702120310254,0.9841231756854657,0
0.7206745964472937,0.9009088760241706,-0.502969299721533,0.13455795704346796,1.2854498274770565,-1.177851894974348,1.7274939865180565,-0.3041918912684436,0.20260326878759688,1.035083464046342,0.5505611813513597,0.16701847265767225,0.9841231756854657,0
0.0428782422044723,0.9009088760241706,-0.502969299721533,-0.01633820367375931,-0.23538436605243465,0.9048055324001227,-1.042512820865339,-0.3041918912684436,-1.240841183028449,-1.143668312693375,-0.22345527558581418,-0.5869787564769122,-1.0161329645585022,0
1.2290218621294098,0.9009088760241706,1.5251962127575889,-0.48398206669401406,0.6095235192417271,0.21058638994196582,-0.7257958293968509,0.853056793629862,-1.371758237960602,-0.45564143582820127,0.03455021005991044,0.7225953783357871,0.9841231756854657,0
-0.8043672005990544,0.9009088760241706,-1.179024470547907,-0.20771022623486451,-0.404365943111267,0.9048055324001227,1.0161476236798326,1.4316811360790147,0.06497251873071805,1.1497546101905376,-0.4814607612315388,0.5043330225336705,-1.0161329645585022,0
-0.46546902347764374,0.9009088760241706,1.5251962127575889,0.8387874175210521,0.10257878806523006,0.9048055324001227,-0.9474977234247925,0.853056793629862,-0.7843099145470948,-1.2583394588375707,-0.4814607612315388,0.6432272489531993,-1.0161329645585022,0
2.754063659175758,0.9009088760241706,-1.179024470547907,0.07127790304096356,2.637302443947715,0.9048055324001227,-0.013182598592753173,-0.8828162337175963,1.0686699398772244,-0.34097028968400567,2.098594095225707,1.3773824457421369,-1.0161329645585022,0
1.5679200392508204,-1.1099901739376037,-1.179024470547907,3.0074439824788546,1.4544314045358888,-1.177851894974348,2.4413740852880284,1.4316811360790147,1.058599397190136,-0.570312581972397,1.3245776382885335,0.305912699077201,-1.0161329645585022,0
-0.46546902347764374,0.9009088760241706,1.5251962127575889,-0.3378709961596565,-0.911310674287764,-1.177851894974348,-0.8841543251310949,1.4316811360790147,-1.6436628905119963,-0.7996548742607882,-0.4814607612315388,-0.011559818453150373,0.9841231756854657,0
-0.46546902347764374,-1.1099901739376037,0.8491410419312149,0.3600099288277837,-0.911310674287764,0.9048055324001227,1.849905103720627,-0.3041918912684436,0.8840433239472655,0.8057411717579506,-0.4814607612315388,-2.23386744116561,0.9841231756854657,0
1.2290218621294098,-1.1099901739376037,-1.179024470547907,0.4049234485640259,1.1164682504182242,-1.177851894974348,-0.2507203421941191,0.2744324511807092,0.5752133482098789,-0.6849837281165926,1.3245776382885335,1.3972244780877838,-1.0161329645585022,0
-0.8043672005990544,-1.1099901739376037,-1.179024470547907,0.34777083677588927,-0.911310674287764,0.9048055324001227,2.4413740852880284,0.853056793629862,1.223084927745918,1.2644257563347332,-0.7394662468772634,0.06780831092943747,-1.0161329645585022,0
-0.634918112038349,-1.1099901739376037,0.8491410419312149,-0.7941601402311215,-0.5733475201700994,0.9048055324001227,-1.0741845200121878,-1.461440576166749,-0.002164432516539662,-0.570312581972397,-0.22345527558581418,0.9606997664835506,0.9841231756854657,0
-0.2960199349169384,-1.1099901739376037,-0.502969299721533,-0.5854796726521114,-0.23538436605243465,0.9048055324001227,-0.47669791560688524,0.2744324511807092,-0.43519776806135313,0.1177142948927768,-0.4814607612315388,0.38528082845978884,0.9841231756854657,0
-0.2960199349169384,-1.1099901739376037,0.8491410419312149,-0.3909333823459342,-0.911310674287764,0.9048055324001227,-0.9474977234247925,-0.8828162337175963,-0.8212352377330865,-0.7996548742607882,0.03455021005991044,1.1988041546313142,-1.0161329645585022,0
0.38177641932588297,-1.1099901739376037,-1.179024470547907,-0.3246843614972928,-0.06640278899360229,0.9048055324001227,0.38271364074285674,0.2744324511807092,0.001192415045823164,0.6910700256137552,0.5505611813513597,0.3455967637684949,0.9841231756854657,0
-0.9738162891597597,0.9009088760241706,-0.502969299721533,-0.44838604929405274,-0.911310674287764,0.9048055324001227,-0.5674373336626071,-1.461440576166749,-0.1129404020745153,-0.2262991435398101,-0.997471732522988,1.1194360252487263,0.9841231756854657,0
-0.634918112038349,0.9009088760241706,-0.502969299721533,-0.38872244958817265,-0.911310674287764,0.9048055324001227,-1.0559732930027497,-0.8828162337175963,-0.08272877401324927,-1.0289971665491795,-0.997471732522988,-0.03140185079879733,0.9841231756854657,0
-0.2960199349169384,0.9009088760241706,-0.502969299721533,-0.678496772246509,-0.06640278899360229,0.9048055324001227,-0.8841543251310949,0.2744324511807092,-0.3647039692517326,-0.34097028968400567,-0.4814607612315388,1.1392780575943733,-1.0161329645585022,0
-0.12657084635623306,-1.1099901739376037,-1.179024470547907,-0.16698168636152813,-0.5733475201700994,0.21058638994196582,-0.2507203421941191,-0.3041918912684436,1.3976410009887885,-0.2262991435398101,-0.22345527558581418,1.6154868338899002,-1.0161329645585022,0
0.7206745964472937,0.9009088760241706,0.8491410419312149,-0.3780783875972348,-0.404365943111267,0.9048055324001227,-0.4090788379283631,-0.8828162337175963,-0.9924344634135942,-0.11162799739561437,0.29255569570563505,0.08765034327508442,0.9841231756854657,0
0.7206745964472937,-1.1099901739376037,-0.502969299721533,-0.527742742920852,1.1164682504182242,0.9048055324001227,-0.7257958293968509,-0.3041918912684436,1.7098278242885385,-0.34097028968400567,-0.22345527558581418,0.6233852166075523,0.9841231756854657,0
-0.2960199349169384,0.9009088760241706,0.8491410419312149,0.5529453966961632,-0.404365943111267,-1.177851894974348,1.3328646151483206,-1.461440576166749,1.4345663241747801,0.23238544103697253,-0.4814607612315388,0.38528082845978884,0.9841231756854657,0
0.38177641932588297,0.9009088760241706,-0.502969299721533,0.6577278170372205,0.10257878806523006,-1.177851894974348,1.9377940688531323,-0.8828162337175963,0.4778647689013546,0.4617277333253637,0.29255569570563505,1.0003838311748445,0.9841231756854657,0
-0.46546902347764374,-1.1099901739376037,0.8491410419312149,-0.7923598092712298,0.10257878806523006,0.9048055324001227,-1.2008713165995828,-0.8828162337175963,0.06497251873071805,-0.7996548742607882,-0.7394662468772634,-0.40840046536608954,0.9841231756854657,0
-0.2960199349169384,0.9009088760241706,-0.502969299721533,-0.2048202212729333,-0.23538436605243465,0.21058638994196582,-0.2507203421941191,-0.8828162337175963,-0.7238866584245627,-0.2262991435398101,0.03455021005991044,0.46464895784237664,0.9841231756854657,0
-0.8043672005990544,-1.1099901739376037,-0.502969299721533,-0.7936389917953633,-0.7423290972289317,0.21058638994196582,-0.38991745994451954,1.4316811360790147,-0.2673553899432083,1.1497546101905376,-0.7394662468772634,0.3654387961141419,-1.0161329645585022,0
-0.8043672005990544,-1.1099901739376037,-0.502969299721533,-0.412742654763568,-0.911310674287764,0.9048055324001227,-1.042512820865339,0.2744324511807092,0.16232109803924238,-0.9143260204049839,-0.7394662468772634,0.3455967637684949,0.9841231756854657,0
1.0595727735687044,0.9009088760241706,1.5251962127575889,0.6456782335074199,0.9474866733593919,-1.177851894974348,-0.7257958293968509,-0.3041918912684436,-0.6198243839913128,-1.143668312693375,0.29255569570563505,0.8813316371009629,-1.0161329645585022,0
-0.9738162891597597,-1.1099901739376037,-0.502969299721533,-0.048602029560237105,-0.911310674287764,-1.177851894974348,0.12553944367044453,0.853056793629862,-0.29085332287974863,0.003043148748581378,-0.997471732522988,-0.8250831446246757,0.9841231756854657,0
0.38177641932588297,-1.1099901739376037,-1.179024470547907,-0.8476331282152691,0.9474866733593919,0.21058638994196582,-0.2903099661276801,-0.8828162337175963,-0.717172963299837,1.8377814870557112,0.8085666669970842,0.5638591195706114,0.9841231756854657,0
-0.12657084635623306,0.9009088760241706,-0.502969299721533,-0.6627675649127195,-0.7423290972289317,-1.177851894974348,-0.6554846572908467,-0.8828162337175963,-0.448625158310805,0.003043148748581378,0.29255569570563505,0.8416475724096689,-1.0161329645585022,0
-0.8043672005990544,0.9009088760241706,0.8491410419312149,-0.10581781085573835,-0.911310674287764,-1.177851894974348,0.38271364074285674,-0.8828162337175963,-0.12972463988633004,0.23238544103697253,-0.4814607612315388,-0.2893482712922078,0.9841231756854657,0
0.21232733076517762,0.9009088760241706,-0.502969299721533,-0.5460934848102731,-0.06640278899360229,0.9048055324001227,-1.0738678030207192,0.2744324511807092,-1.1065672805339328,-0.9143260204049839,-0.22345527558581418,0.22654456969461315,0.9841231756854657,0
1.0595727735687044,-1.1099901739376037,0.8491410419312149,-0.08283990255185916,1.1164682504182242,0.9048055324001227,-0.5359239930114925,-0.8828162337175963,0.051545128481266744,-0.6849837281165926,1.582583123934258,-1.7576586648700827,0.9841231756854657,0
1.398470950690115,-1.1099901739376037,0.8491410419312149,-0.5695135796657046,0.9474866733593919,-1.177851894974348,-0.7257958293968509,1.4316811360790147,-0.572828518118232,-0.34097028968400567,1.582583123934258,-0.6663468858595001,0.9841231756854657,0
0.21232733076517762,-1.1099901739376037,-1.179024470547907,-0.7276110642224981,-0.06640278899360229,0.9048055324001227,-1.042512820865339,-0.8828162337175963,0.8437611531989103,-0.570312581972397,1.066572152642809,1.0995939929030794,-1.0161329645585022,0
-0.46546902347764374,-1.1099901739376037,0.8491410419312149,0.022700551877573586,-0.06640278899360229,0.21058638994196582,1.0161476236798326,0.2744324511807092,1.6393340254789173,0.6910700256137552,-0.7394662468772634,0.18686050500331922,-1.0161329645585022,0
-0.2960199349169384,-1.1099901739376037,-0.502969299721533,0.17692890410828438,-0.23538436605243465,-1.177851894974348,-0.8524826259842462,-1.461440576166749,-0.8245920852954493,-1.0289971665491795,0.29255569570563505,-0.2893482712922078,0.9841231756854657,0
0.890123685007999,0.9009088760241706,1.5251962127575889,0.17364408972532433,0.7785050963005594,-1.177851894974348,0.38271364074285674,-0.8828162337175963,-0.10286985938742682,-0.11162799739561437,0.03455021005991044,1.0995939929030794,-1.0161329645585022,0
1.2290218621294098,0.9009088760241706,0.17308587110484092,5.085247003469497,1.4544314045358888,-1.177851894974348,1.2364242912461658,-0.8828162337175963,0.5349311774615239,-1.143668312693375,1.3245776382885335,1.4170665104334308,-1.0161329645585022,0
0.890123685007999,-1.1099901739376037,-1.179024470547907,0.8855328529708681,1.1164682504182242,-1.177851894974348,2.4413740852880284,-0.8828162337175963,-0.5795422132429582,0.4617277333253637,1.066572152642809,1.774223092655076,0.9841231756854657,0
-0.46546902347764374,-1.1099901739376037,0.8491410419312149,-0.20077737280159788,-0.911310674287764,-1.177851894974348,0.8577891279455886,0.2744324511807092,-0.4654093961226198,0.9204123179021463,-0.7394662468772634,-0.9441353386985575,0.9841231756854657,0
0.0428782422044723,-1.1099901739376037,-0.502969299721533,1.4080868102678157,0.6095235192417271,0.9048055324001227,0.38271364074285674,-1.461440576166749,-0.9823639207265057,-0.7996548742607882,0.5505611813513597,-1.3409759856114967,0.9841231756854657,0
0.0428782422044723,0.9009088760241706,-0.502969299721533,0.9863513867247958,-0.5733475201700994,0.9048055324001227,0.06599664927436881,-0.8828162337175963,-1.56645539657765,-0.7996548742607882,0.29255569570563505,-0.8647672093159696,0.9841231756854657,0
0.890123685007999,0.9009088760241706,-0.502969299721533,-0.5760674160547835,0.9474866733593919,0.9048055324001227,-1.026993688283383,0.2744324511807092,-0.06594453620143455,-0.7996548742607882,1.3245776382885335,-0.11076998018138517,-1.0161329645585022,0
-0.12657084635623306,0.9009088760241706,1.5251962127575889,0.17882398932922286,-0.5733475201700994,-1.177851894974348,0.952804225386135,1.4316811360790147,0.10525468947907315,0.3470565871811683,-0.22345527558581418,1.4567505751247247,0.9841231756854657,0
-0.46546902347764374,0.9009088760241706,-0.502969299721533,0.3942162170657234,-0.7423290972289317,-1.177851894974348,0.5410721364771007,-1.461440576166749,-1.0260029390372234,-0.2262991435398101,-0.4814607612315388,-0.11076998018138517,0.9841231756854657,0
-0.12657084635623306,0.9009088760241706,-0.502969299721533,0.07816337934370673,-0.404365943111267,-1.177851894974348,-0.963333572998217,1.4316811360790147,0.5785701957722418,-1.143668312693375,-0.22345527558581418,0.7027533459901402,-1.0161329645585022,0
-0.46546902347764374,-1.1099901739376037,0.8491410419312149,0.5512714047510008,-0.911310674287764,-1.177851894974348,0.8577891279455886,-1.461440576166749,0.38051618959283084,-0.11162799739561437,-0.4814607612315388,-0.03140185079879733,0.9841231756854657,0
-0.2960199349169384,-1.1099901739376037,-1.179024470547907,0.635744828474334,-0.23538436605243465,-1.177851894974348,0.8577891279455886,0.2744324511807092,-1.3482603050240614,-0.2262991435398101,-0.7394662468772634,-0.22982217425526694,0.9841231756854657,0
4.1096563676614,0.9009088760241706,1.5251962127575889,-0.2649417999072069,4.158136637477206,0.9048055324001227,0.06599664927436881,-1.461440576166749,0.007906110170548816,0.23238544103697253,5.968676379911576,1.754381060309429,-1.0161329645585022,0
-0.46546902347764374,0.9009088760241706,-0.502969299721533,-0.6618042299254091,-0.7423290972289317,0.9048055324001227,-1.1650822965636438,0.2744324511807092,-0.572828518118232,-0.9143260204049839,-0.7394662468772634,-0.7655570475877348,0.9841231756854657,0
0.0428782422044723,0.9009088760241706,-0.502969299721533,-0.2412848193991581,0.10257878806523006,-1.177851894974348,-0.4090788379283631,-1.461440576166749,-0.33784918875282943,-0.34097028968400567,0.8085666669970842,0.5638591195706114,-1.0161329645585022,0
-0.634918112038349,-1.1099901739376037,-1.179024470547907,-0.641811080844508,-0.911310674287764,0.9048055324001227,-1.042512820865339,0.2744324511807092,-0.6466791644902159,-0.6849837281165926,-0.4814607612315388,1.0599099282117854,0.9841231756854657,0
-0.634918112038349,-1.1099901739376037,1.5251962127575889,-0.5657392016006688,-0.5733475201700994,0.9048055324001227,-0.5674373336626071,0.2744324511807092,1.3338608973038937,0.003043148748581378,-0.7394662468772634,1.1591200899400202,-1.0161329645585022,0
0.5512255078865883,0.9009088760241706,-1.179024470547907,-0.10812349787454685,0.4405419421828948,0.9048055324001227,-0.8841543251310949,-0.3041918912684436,-0.6903181828009338,-1.0289971665491795,0.29255569570563505,0.5043330225336705,0.9841231756854657,0
1.7373691278115257,0.9009088760241706,0.8491410419312149,0.39457944173306997,1.6234129815947211,-1.177851894974348,-0.7257958293968509,0.853056793629862,1.3405745924286192,-1.0289971665491795,1.8405886095799828,-1.5393963090679663,0.9841231756854657,0
-0.634918112038349,0.9009088760241706,1.5251962127575889,-0.30165907606289016,-0.404365943111267,-1.177851894974348,-0.09236184645987515,0.853056793629862,0.07839990898016995,0.1177142948927768,-0.7394662468772634,0.4844909901880236,0.9841231756854657,0
0.38177641932588297,-1.1099901739376037,-0.502969299721533,-0.5780730479136101,0.10257878806523006,0.9048055324001227,-0.6307807319563046,0.853056793629862,0.07839990898016995,-0.11162799739561437,-0.22345527558581418,0.46464895784237664,0.9841231756854657,0
-0.12657084635623306,-1.1099901739376037,-1.179024470547907,-0.4875511438601149,0.4405419421828948,0.21058638994196582,0.8577891279455886,-0.3041918912684436,-0.5661148229935064,1.952452633199907,-0.22345527558581418,-1.202081759191968,0.9841231756854657,0
0.890123685007999,0.9009088760241706,-0.502969299721533,-0.2998903298566809,0.4405419421828948,0.9048055324001227,-0.9474977234247925,-0.8828162337175963,0.7464125738903866,-0.9143260204049839,0.8085666669970842,-0.3488743683291487,0.9841231756854657,0
-0.634918112038349,-1.1099901739376037,-1.179024470547907,-0.4878038218895734,-0.404365943111267,0.9048055324001227,-1.042512820865339,0.853056793629862,0.9041844093214424,-0.9143260204049839,-0.4814607612315388,0.9805417988291976,0.9841231756854657,0
0.0428782422044723,-1.1099901739376037,-0.502969299721533,-0.4473279600456954,0.10257878806523006,0.9048055324001227,-1.2008713165995828,-1.461440576166749,-0.0726582313261608,-1.143668312693375,-0.22345527558581418,0.305912699077201,0.9841231756854657,0
0.0428782422044723,-1.1099901739376037,0.8491410419312149,1.0252322185077172,0.10257878806523006,-1.177851894974348,-0.7257958293968509,0.2744324511807092,0.9209686471332571,-1.2583394588375707,-0.4814607612315388,0.821805540064022,0.9841231756854657,0
-0.634918112038349,0.9009088760241706,1.5251962127575889,0.07615774748488016,-0.5733475201700994,-1.177851894974348,2.4413740852880284,0.853056793629862,-0.3009238655668377,1.8377814870557112,-0.4814607612315388,0.028124246238143545,0.9841231756854657,0
-0.2960199349169384,0.9009088760241706,-1.179024470547907,1.0286433719054064,-0.404365943111267,0.9048055324001227,2.4413740852880284,-0.8828162337175963,-0.39491559731299863,0.3470565871811683,-0.7394662468772634,0.821805540064022,-1.0161329645585022,0
-0.634918112038349,0.9009088760241706,1.5251962127575889,-0.2957685195011397,-0.7423290972289317,0.9048055324001227,-0.025217844268555716,-0.3041918912684436,-0.3009238655668377,0.1177142948927768,-0.4814607612315388,0.8614896047553159,0.9841231756854657,0
-0.9738162891597597,0.9009088760241706,-1.179024470547907,-0.6799180861622128,-0.911310674287764,-1.177851894974348,0.6413130642768771,-0.8828162337175963,0.8236200678247334,2.640479510065081,-0.4814607612315388,-0.9838194033898514,0.9841231756854657,0
-0.2960199349169384,0.9009088760241706,-1.179024470547907,0.8356921116601859,-0.06640278899360229,-1.177851894974348,2.4413740852880284,0.853056793629862,0.273097067597218,0.5763988794695595,-0.22345527558581418,-0.40840046536608954,0.9841231756854657,0
1.7373691278115257,0.9009088760241706,-0.502969299721533,0.04161981933327618,2.130357712771218,0.9048055324001227,-0.4090788379283631,-0.8828162337175963,0.16903479316396802,-0.6849837281165926,0.8085666669970842,1.4765926074703717,-1.0161329645585022,0
-0.8043672005990544,-1.1099901739376037,1.5251962127575889,-0.5829055152270033,-0.404365943111267,0.9048055324001227,-1.042512820865339,-1.461440576166749,0.16903479316396802,-0.7996548742607882,-0.7394662468772634,0.801963507718375,-1.0161329645585022,0
-0.8043672005990544,0.9009088760241706,-1.179024470547907,-0.562280671072456,-0.7423290972289317,-1.177851894974348,-0.646616581529729,1.4316811360790147,-0.04916029838962042,-0.2262991435398101,-0.7394662468772634,0.7225953783357871,0.9841231756854657,0
-0.12657084635623306,0.9009088760241706,-1.179024470547907,-0.6039725459331028,-0.23538436605243465,-1.177851894974348,0.38271364074285674,1.4316811360790147,-1.6369491953872708,1.7231103409115156,-0.22345527558581418,-1.8965528912896115,0.9841231756854657,0
1.2290218621294098,-1.1099901739376037,0.8491410419312149,1.2193836993928655,0.6095235192417271,-1.177851894974348,-0.46339580196520874,-0.3041918912684436,2.1361474647086265,-1.143668312693375,-0.22345527558581418,0.5241750548793175,0.9841231756854657,0
-0.46546902347764374,-1.1099901739376037,-0.502969299721533,-0.25677714108033023,-0.404365943111267,0.9048055324001227,-0.2507203421941191,0.2744324511807092,-0.8783016462932557,-0.11162799739561437,-0.4814607612315388,1.0797519605574324,0.9841231756854657,0
1.5679200392508204,-1.1099901739376037,1.5251962127575889,-0.43262525720658096,1.7923945586535535,-1.177851894974348,-1.121692068732461,0.853056793629862,0.3637319517810161,-1.0289971665491795,1.582583123934258,-0.07108591549009124,0.9841231756854657,0
-0.634918112038349,0.9009088760241706,0.8491410419312149,0.3821192564053994,-0.911310674287764,-1.177851894974348,1.8079401023510524,-0.8828162337175963,-0.5124052619956999,0.6910700256137552,-0.4814607612315388,-1.5195542767223194,0.9841231756854657,0
1.7373691278115257,0.9009088760241706,-0.502969299721533,0.9690903188374145,0.9474866733593919,0.9048055324001227,0.09133400859184784,-0.3041918912684436,-0.2874964753173858,-0.7996548742607882,1.582583123934258,1.238488219322608,0.9841231756854657,0
0.38177641932588297,-1.1099901739376037,-0.502969299721533,0.837650366388489,0.4405419421828948,-1.177851894974348,1.0161476236798326,-0.8828162337175963,-0.10286985938742682,-0.2262991435398101,0.29255569570563505,0.32575473142284794,-1.0161329645585022,0
-0.46546902347764374,-1.1099901739376037,-1.179024470547907,0.06946177970423083,-0.5733475201700994,-1.177851894974348,-0.4090788379283631,0.2744324511807092,0.02804719554472637,-0.6849837281165926,-0.7394662468772634,-0.7258729828964409,0.9841231756854657,0
-0.8043672005990544,0.9009088760241706,-0.502969299721533,0.5232873129884758,-0.911310674287764,-1.177851894974348,1.7879869318885375,1.4316811360790147,-0.388201902188273,0.4617277333253637,-0.7394662468772634,0.2463866020402601,0.9841231756854657,0
2.2457163934936415,-1.1099901739376037,-1.179024470547907,0.8782999443776196,2.130357712771218,-1.177851894974348,2.4413740852880284,0.853056793629862,-0.17672050575941017,0.4617277333253637,2.098594095225707,1.258330251668255,0.9841231756854657,0
-0.8043672005990544,-1.1099901739376037,-0.502969299721533,-0.11241902437534076,-0.911310674287764,0.9048055324001227,0.8577891279455886,-0.8828162337175963,0.2529559822230405,0.8057411717579506,-0.7394662468772634,0.3654387961141419,0.9841231756854657,0
-0.634918112038349,-1.1099901739376037,0.8491410419312149,0.09730374007518548,-0.23538436605243465,0.9048055324001227,0.06599664927436881,-0.8828162337175963,-0.14650887769814416,-0.2262991435398101,-0.4814607612315388,0.9606997664835506,0.9841231756854657,0
0.0428782422044723,-1.1099901739376037,0.8491410419312149,-0.3013274361492259,0.10257878806523006,-1.177851894974348,0.2922909396786034,-0.8828162337175963,0.501362701837895,0.5763988794695595,-0.4814607612315388,-0.30919030363785477,0.9841231756854657,0
-0.2960199349169384,0.9009088760241706,-0.502969299721533,0.137842771426428,-0.5733475201700994,-1.177851894974348,0.38271364074285674,-0.8828162337175963,-1.0260029390372234,0.003043148748581378,-0.4814607612315388,-0.686188918205147,-1.0161329645585022,0
-1.143265377720465,0.9009088760241706,0.8491410419312149,-0.7596695892100409,-0.911310674287764,0.9048055324001227,-0.5674373336626071,-1.461440576166749,-1.1804179269059165,0.5763988794695595,-0.997471732522988,0.7424374106814341,-1.0161329645585022,0
-0.8043672005990544,0.9009088760241706,0.8491410419312149,0.1701065973129058,-0.911310674287764,0.9048055324001227,-1.2008713165995828,1.4316811360790147,0.4107278176540969,-1.3730106049817663,-0.7394662468772634,0.801963507718375,0.9841231756854657,0
-0.8043672005990544,0.9009088760241706,1.5251962127575889,-0.7227628045322638,-0.7423290972289317,0.9048055324001227,-0.5354489175242898,-0.3041918912684436,-0.06930138376379737,0.4617277333253637,-0.4814607612315388,-1.6386064707962011,0.9841231756854657,0
-0.634918112038349,0.9009088760241706,1.5251962127575889,-0.4535659488979513,-0.911310674287764,-1.177851894974348,0.6802692542275012,1.4316811360790147,-0.35463342656464414,1.4937680486231246,-0.4814607612315388,-1.5989224061049072,0.9841231756854657,0
0.7206745964472937,0.9009088760241706,1.5251962127575889,-0.07191157777778054,0.6095235192417271,-1.177851894974348,1.6495816066168083,0.2744324511807092,0.08847045166725842,1.4937680486231246,1.066572152642809,1.5361187045073124,-1.0161329645585022,0
-0.46546902347764374,0.9009088760241706,0.8491410419312149,-0.38843818680503184,-0.911310674287764,-1.177851894974348,-0.8798786457462704,0.853056793629862,-1.6134512624507305,-0.7996548742607882,-0.4814607612315388,-2.571181991041608,0.9841231756854657,0
-0.12657084635623306,0.9009088760241706,1.5251962127575889,1.1248031544911936,-0.23538436605243465,-1.177851894974348,3.1801164678882765,0.2744324511807092,-0.005521280078902488,0.6910700256137552,0.8085666669970842,-0.6068207888225592,0.9841231756854657,0
1.5679200392508204,0.9009088760241706,-1.179024470547907,-0.17828902817979445,1.7923945586535535,-1.177851894974348,0.996986245695989,1.4316811360790147,-0.8413763231072641,1.035083464046342,1.582583123934258,-0.7457150152420878,0.9841231756854657,0
-0.8043672005990544,0.9009088760241706,0.8491410419312149,0.1226820896589201,-0.911310674287764,-1.177851894974348,0.38271364074285674,0.853056793629862,-0.7943804572341833,0.003043148748581378,-0.7394662468772634,-0.20998014190961997,0.9841231756854657,0
0.21232733076517762,0.9009088760241706,1.5251962127575889,-0.2571719505013591,-0.5733475201700994,-1.177851894974348,-1.1904196558811229,1.4316811360790147,0.5416448725862495,-1.2583394588375707,0.03455021005991044,0.4844909901880236,0.9841231756854657,0
0.0428782422044723,-1.1099901739376037,-0.502969299721533,0.36826934191570726,0.10257878806523006,-1.177851894974348,4.024959042630468,0.853056793629862,-0.3277786460657409,2.2964660716324943,-0.22345527558581418,0.3455967637684949,-1.0161329645585022,0
-0.12657084635623306,0.9009088760241706,1.5251962127575889,-0.7044120626428428,0.10257878806523006,0.21058638994196582,0.517951796099901,1.4316811360790147,-1.0260029390372234,2.525808363920885,0.8085666669970842,0.6233852166075523,0.9841231756854657,0
0.38177641932588297,0.9009088760241706,0.8491410419312149,-0.4803656123973898,-0.23538436605243465,0.9048055324001227,-0.09236184645987515,0.2744324511807092,1.1861596045599256,0.4617277333253637,-0.22345527558581418,-0.24966420660091387,-1.0161329645585022,0
-0.634918112038349,-1.1099901739376037,-0.502969299721533,0.3609890561919352,-0.5733475201700994,0.9048055324001227,1.877142764986917,-1.461440576166749,0.6927030128925802,0.8057411717579506,-0.4814607612315388,1.298014316359549,0.9841231756854657,0
-0.634918112038349,0.9009088760241706,-1.179024470547907,0.08342224083181105,-0.911310674287764,-1.177851894974348,0.38271364074285674,0.2744324511807092,0.01797665285763789,0.003043148748581378,-0.4814607612315388,-2.094973214746081,0.9841231756854657,0
1.0595727735687044,0.9009088760241706,-0.502969299721533,-0.7542054268230016,0.7785050963005594,0.9048055324001227,-1.042512820865339,0.2744324511807092,-0.7775962194223691,-0.570312581972397,0.8085666669970842,0.8416475724096689,0.9841231756854657,0
0.0428782422044723,0.9009088760241706,1.5251962127575889,-0.5031855969328575,-0.06640278899360229,0.9048055324001227,-0.6982414511390925,0.2744324511807092,0.03476089066945202,-0.34097028968400567,0.5505611813513597,-0.9838194033898514,0.9841231756854657,0
0.38177641932588297,0.9009088760241706,0.8491410419312149,0.22474822118329896,0.4405419421828948,-1.177851894974348,-0.2507203421941191,-1.461440576166749,-0.06930138376379737,-0.6849837281165926,0.03455021005991044,-0.30919030363785477,0.9841231756854657,0
0.21232733076517762,-1.1099901739376037,1.5251962127575889,1.4823109814212398,0.6095235192417271,-1.177851894974348,-0.6952326397201419,-1.461440576166749,2.146218007395714,-1.2583394588375707,0.29255569570563505,-1.0830295651180861,0.9841231756854657,0
0.0428782422044723,-1.1099901739376037,-0.502969299721533,-0.887477294985501,-0.06640278899360229,0.9048055324001227,-1.297628357493206,1.4316811360790147,1.8004627084723366,-0.9143260204049839,0.29255569570563505,-0.2893482712922078,0.9841231756854657,0
-0.46546902347764374,-1.1099901739376037,-1.179024470547907,0.11874978782547273,-0.23538436605243465,-1.177851894974348,1.3328646151483206,-0.3041918912684436,2.2099981110806097,0.8057411717579506,-0.7394662468772634,0.305912699077201,0.9841231756854657,0
-0.46546902347764374,-1.1099901739376037,-0.502969299721533,0.9876463616257705,-0.7423290972289317,-1.177851894974348,-0.7262709048840538,0.853056793629862,-1.855144286940859,-1.143668312693375,-0.7394662468772634,0.821805540064022,0.9841231756854657,0
0.0428782422044723,0.9009088760241706,0.8491410419312149,-0.5414189412652914,0.2715603651240624,0.9048055324001227,-0.4909501802229672,0.2744324511807092,0.001192415045823164,0.003043148748581378,0.5505611813513597,-1.3806600503027906,0.9841231756854657,0
-0.2960199349169384,0.9009088760241706,-0.502969299721533,-0.29602119753059813,-0.7423290972289317,-1.177851894974348,0.06599664927436881,-0.8828162337175963,-0.9320112072910621,0.23238544103697253,-0.4814607612315388,0.6829113136444932,0.9841231756854657,0
-0.46546902347764374,-1.1099901739376037,1.5251962127575889,-0.5777414079999459,-0.404365943111267,0.9048055324001227,-0.3774071387815143,0.2744324511807092,-0.24050060944430565,0.3470565871811683,-0.4814607612315388,0.9210157017922567,0.9841231756854657,0
-0.8043672005990544,-1.1099901739376037,1.5251962127575889,-0.614648192677723,-0.911310674287764,0.9048055324001227,0.06599664927436881,0.2744324511807092,0.1791053358510565,1.1497546101905376,-0.4814607612315388,0.06780831092943747,-1.0161329645585022,0
0.5512255078865883,0.9009088760241706,-1.179024470547907,0.9261350538294754,0.6095235192417271,0.9048055324001227,1.1543945904558275,-0.8828162337175963,-1.271052811089715,-0.2262991435398101,-0.22345527558581418,-1.4203441149940845,0.9841231756854657,0
-0.2960199349169384,0.9009088760241706,-0.502969299721533,-0.4148904180139649,-0.23538436605243465,0.9048055324001227,-1.0239848768644324,0.2744324511807092,-0.39491559731299863,-0.9143260204049839,-0.4814607612315388,0.8614896047553159,0.9841231756854657,0
-0.2960199349169384,0.9009088760241706,-1.179024470547907,-0.3884066020513495,-0.404365943111267,0.9048055324001227,-0.2866677207257925,0.853056793629862,-0.24050060944430565,0.003043148748581378,-0.4814607612315388,-2.194183376474316,0.9841231756854657,0
0.21232733076517762,-1.1099901739376037,-1.179024470547907,-0.6202702788331739,0.4405419421828948,0.9048055324001227,-0.5674373336626071,0.853056793629862,1.3875704583017001,0.1177142948927768,0.03455021005991044,1.0003838311748445,-1.0161329645585022,0
1.0595727735687044,-1.1099901739376037,-0.502969299721533,-0.30077470295978553,0.7785050963005594,0.9048055324001227,0.38271364074285674,1.4316811360790147,0.1488937077897905,0.6910700256137552,0.8085666669970842,-0.6266628211682062,-1.0161329645585022,0
1.0595727735687044,-1.1099901739376037,-1.179024470547907,-0.26010933259381375,0.6095235192417271,0.9048055324001227,-0.09236184645987515,1.4316811360790147,0.058258823605992396,0.003043148748581378,0.8085666669970842,-1.8767108589439645,0.9841231756854657,0
-0.8043672005990544,-1.1099901739376037,-0.502969299721533,0.554982613308672,-0.911310674287764,-1.177851894974348,-0.8290455686155781,0.2744324511807092,-1.0427871768490378,-1.143668312693375,-0.7394662468772634,-0.5274526594399713,-1.0161329645585022,0
-0.46546902347764374,0.9009088760241706,0.8491410419312149,-0.6126583531957376,-0.23538436605243465,0.9048055324001227,-1.2222497135237058,-0.8828162337175963,-0.7943804572341833,-1.0289971665491795,-0.4814607612315388,-1.678290535487495,0.9841231756854657,0
0.5512255078865883,-1.1099901739376037,-1.179024470547907,-0.45028113451499124,0.6095235192417271,0.9048055324001227,0.06599664927436881,-0.8828162337175963,1.5990518547305623,0.5763988794695595,0.8085666669970842,-0.4877685947486774,0.9841231756854657,0
-0.46546902347764374,0.9009088760241706,-0.502969299721533,0.07636304838381516,0.10257878806523006,0.9048055324001227,0.06599664927436881,-0.8828162337175963,0.18246218341341994,-0.2262991435398101,-0.7394662468772634,-0.15045404487267908,0.9841231756854657,0
-0.12657084635623306,-1.1099901739376037,-0.502969299721533,-0.5763832635916066,-0.404365943111267,0.9048055324001227,0.04018421446968704,1.4316811360790147,-1.099853585409207,1.035083464046342,0.03455021005991044,0.8416475724096689,0.9841231756854657,0
0.890123685007999,0.9009088760241706,0.8491410419312149,0.8843010475772581,0.10257878806523006,0.9048055324001227,-0.5528683520550566,-1.461440576166749,-1.5228163782669324,-1.143668312693375,1.582583123934258,-0.3488743683291487,0.9841231756854657,0
3.0929618362971683,-1.1099901739376037,0.8491410419312149,0.7658108441380791,3.144247175124212,-1.177851894974348,0.30353439287573475,-0.8828162337175963,-0.07601507888852362,-0.570312581972397,2.872610552162881,-3.027548734991488,0.9841231756854657,0
0.7206745964472937,-1.1099901739376037,-1.179024470547907,-0.15074712296882173,0.2715603651240624,-1.177851894974348,0.8577891279455886,0.2744324511807092,0.07504306141780712,0.8057411717579506,0.5505611813513597,-0.8846092416616166,0.9841231756854657,0
-0.46546902347764374,0.9009088760241706,-1.179024470547907,-0.6314196968830286,-0.7423290972289317,0.9048055324001227,-0.38136610117487035,0.2744324511807092,-0.6265380791160384,0.4617277333253637,-0.4814607612315388,-0.6465048535138531,0.9841231756854657,0
0.7206745964472937,-1.1099901739376037,-0.502969299721533,-0.7688765449084337,0.2715603651240624,0.9048055324001227,-0.96270013901528,0.853056793629862,0.7833378970763782,-0.34097028968400567,0.8085666669970842,0.821805540064022,-1.0161329645585022,0
1.7373691278115257,0.9009088760241706,0.8491410419312149,0.8324388820309081,1.1164682504182242,0.9048055324001227,-1.0391872924549197,-0.8828162337175963,-0.8783016462932557,-1.3730106049817663,2.872610552162881,1.5559607368529593,-1.0161329645585022,0
-0.12657084635623306,-1.1099901739376037,-0.502969299721533,0.07925305334574637,0.4405419421828948,0.9048055324001227,0.8577891279455886,0.853056793629862,0.2965950005337584,0.4617277333253637,-0.4814607612315388,0.7225953783357871,-1.0161329645585022,0
0.7206745964472937,0.9009088760241706,0.17308587110484092,-0.071958954908304,0.4405419421828948,0.9048055324001227,0.7463047469486809,1.4316811360790147,0.7598399641398379,0.5763988794695595,0.03455021005991044,1.4765926074703717,-1.0161329645585022,0
0.0428782422044723,0.9009088760241706,-0.502969299721533,-0.11415618582786771,0.10257878806523006,0.9048055324001227,-0.804975077263973,-0.8828162337175963,1.0753836350019508,-0.9143260204049839,0.8085666669970842,1.4170665104334308,0.9841231756854657,0
-0.2960199349169384,-1.1099901739376037,0.8491410419312149,-0.22939315963776907,-0.7423290972289317,-1.177851894974348,0.06599664927436881,-0.8828162337175963,-0.3915587497506358,0.1177142948927768,-0.4814607612315388,0.6630692812988462,0.9841231756854657,0
-0.2960199349169384,-1.1099901739376037,0.8491410419312149,-0.5068178436063229,-0.23538436605243465,0.9048055324001227,0.06599664927436881,1.4316811360790147,0.041474585794178266,0.8057411717579506,-0.997471732522988,-0.190138109563973,0.9841231756854657,0
-0.46546902347764374,0.9009088760241706,1.5251962127575889,1.0261797611181864,-0.5733475201700994,0.9048055324001227,0.38271364074285674,0.853056793629862,-1.2274137927789974,-0.6849837281165926,-0.7394662468772634,-0.36871640067479566,0.9841231756854657,0
0.38177641932588297,0.9009088760241706,1.5251962127575889,1.5972794848248417,0.2715603651240624,-1.177851894974348,0.669817593509041,0.2744324511807092,-1.3751150855229646,-0.6849837281165926,0.8085666669970842,1.2186461869769611,0.9841231756854657,0
0.5512255078865883,0.9009088760241706,0.8491410419312149,0.7047733076470185,0.7785050963005594,-1.177851894974348,4.024959042630468,-1.461440576166749,-0.6567497071773044,1.6084391947673204,0.5505611813513597,0.008282213892496587,-1.0161329645585022,0
-0.12657084635623306,-1.1099901739376037,-0.502969299721533,-0.3673079865915677,-0.5733475201700994,-1.177851894974348,0.37368720648600484,-0.8828162337175963,0.24624228709831483,0.8057411717579506,0.29255569570563505,-1.5592383414136133,0.9841231756854657,0
0.38177641932588297,-1.1099901739376037,0.8491410419312149,-0.11134514275014229,0.7785050963005594,-1.177851894974348,-1.2800505644667048,0.2744324511807092,0.635636604332411,-1.3730106049817663,1.066572152642809,0.5440170872249644,0.9841231756854657,0
0.38177641932588297,0.9009088760241706,-1.179024470547907,1.1189441826831255,0.4405419421828948,0.9048055324001227,-0.9913630267431781,-0.8828162337175963,-0.5090484144333371,-1.3730106049817663,0.5505611813513597,-0.8052411122790287,0.9841231756854657,0
0.21232733076517762,0.9009088760241706,-1.179024470547907,-0.07107458180519936,0.6095235192417271,0.9048055324001227,-0.4090788379283631,1.4316811360790147,0.9008275617590796,-0.570312581972397,-0.22345527558581418,0.2463866020402601,-1.0161329645585022,0
1.398470950690115,-1.1099901739376037,-1.179024470547907,0.21358301075660302,1.2854498274770565,-1.177851894974348,-0.5702877865858235,1.4316811360790147,-1.4120404087089566,-0.9143260204049839,1.582583123934258,1.0599099282117854,0.9841231756854657,0
-0.12657084635623306,-1.1099901739376037,0.8491410419312149,-0.16325468542701577,-0.23538436605243465,0.9048055324001227,-0.8691102680363417,1.4316811360790147,-0.1901478960088621,-0.9143260204049839,-0.4814607612315388,-0.6663468858595001,-1.0161329645585022,0
-0.46546902347764374,-1.1099901739376037,-0.502969299721533,-0.0570667435470957,0.10257878806523006,0.9048055324001227,0.38271364074285674,1.4316811360790147,-1.2911938964638923,0.23238544103697253,-0.22345527558581418,1.3773824457421369,-1.0161329645585022,0
1.0595727735687044,-1.1099901739376037,-0.502969299721533,1.4034912286070398,1.2854498274770565,-1.177851894974348,2.2830155895537843,1.4316811360790147,-0.284139627755023,0.003043148748581378,1.3245776382885335,-0.4877685947486774,0.9841231756854657,0
0.21232733076517762,0.9009088760241706,-0.502969299721533,-0.4950209381059808,0.2715603651240624,0.9048055324001227,-0.7257958293968509,0.2744324511807092,0.03811773823181484,-0.45564143582820127,1.066572152642809,-0.36871640067479566,0.9841231756854657,0
2.0762673049329363,0.9009088760241706,-1.179024470547907,-0.8348097182202521,1.9613761357123858,0.21058638994196582,-0.8841543251310949,0.853056793629862,-1.0897830427221185,0.1177142948927768,2.098594095225707,-0.6266628211682062,0.9841231756854657,0
1.7373691278115257,0.9009088760241706,1.5251962127575889,2.166973686992634,1.6234129815947211,-1.177851894974348,1.3328646151483206,-0.8828162337175963,0.09182729922962125,-0.6849837281165926,1.3245776382885335,1.5559607368529593,-1.0161329645585022,0
1.906818216372231,0.9009088760241706,-1.179024470547907,0.4807268574015655,1.7923945586535535,-1.177851894974348,-0.8554914374031968,0.2744324511807092,-0.2673553899432083,-1.143668312693375,2.098594095225707,0.8813316371009629,-1.0161329645585022,0
0.0428782422044723,-1.1099901739376037,1.5251962127575889,1.0008487886649753,-0.23538436605243465,-1.177851894974348,-0.7395730185257302,0.853056793629862,0.021333500420000717,-1.2583394588375707,-0.4814607612315388,1.0995939929030794,0.9841231756854657,0
-0.2960199349169384,0.9009088760241706,-0.502969299721533,-0.2611042523348065,0.2715603651240624,0.9048055324001227,-0.8841543251310949,0.2744324511807092,-0.18679104844649927,-0.9143260204049839,-0.22345527558581418,1.0003838311748445,0.9841231756854657,0
-0.12657084635623306,0.9009088760241706,0.8491410419312149,1.2491997068689644,-0.06640278899360229,-1.177851894974348,0.0883251971728972,0.2744324511807092,-0.4956210241838858,-0.9143260204049839,-0.22345527558581418,-1.0433455004267922,0.9841231756854657,0
-0.12657084635623306,-1.1099901739376037,0.8491410419312149,1.769195299117645,-0.404365943111267,-1.177851894974348,0.8577891279455886,0.853056793629862,0.20260326878759688,-0.6849837281165926,0.29255569570563505,-2.829128411535019,0.9841231756854657,0
0.21232733076517762,0.9009088760241706,-1.179024470547907,-0.6723377452784588,0.4405419421828948,0.9048055324001227,-1.0783018409012781,0.2744324511807092,0.3905867322799193,-0.7996548742607882,0.03455021005991044,1.278172284013902,0.9841231756854657,0
-0.634918112038349,-1.1099901739376037,-0.502969299721533,-0.26033042586958993,-0.911310674287764,0.9048055324001227,-1.042512820865339,-1.461440576166749,-1.328119219649884,-1.0289971665491795,-0.4814607612315388,0.028124246238143545,-1.0161329645585022,0
0.5512255078865883,-1.1099901739376037,-1.179024470547907,0.22850680687149363,0.7785050963005594,-1.177851894974348,1.3328646151483206,-0.8828162337175963,-0.08272877401324927,0.5763988794695595,0.29255569570563505,0.8614896047553159,-1.0161329645585022,0
-0.634918112038349,-1.1099901739376037,0.8491410419312149,0.2689668763385304,-0.404365943111267,-1.177851894974348,-0.7257958293968509,0.853056793629862,-1.6403060429496337,-1.0289971665491795,-0.7394662468772634,0.20670253734896618,-1.0161329645585022,0
-0.9738162891597597,0.9009088760241706,0.8491410419312149,-0.012690164623452717,-0.911310674287764,0.9048055324001227,-0.4090788379283631,1.4316811360790147,0.01797665285763789,-0.570312581972397,-0.4814607612315388,-1.7576586648700827,-1.0161329645585022,0
-0.46546902347764374,-1.1099901739376037,0.8491410419312149,0.5014938329476831,-0.06640278899360229,-1.177851894974348,2.3116784772816823,-0.8828162337175963,-0.3512765790022807,0.9204123179021463,-0.4814607612315388,-1.162397694500674,0.9841231756854657,0
0.21232733076517762,-1.1099901739376037,1.5251962127575889,-0.0694479669905605,-0.404365943111267,0.9048055324001227,-0.7257958293968509,-1.461440576166749,-0.23378691431957943,-0.7996548742607882,0.5505611813513597,0.305912699077201,0.9841231756854657,0
-0.46546902347764374,0.9009088760241706,-1.179024470547907,-0.11150306651855382,-0.404365943111267,-1.177851894974348,-0.7257958293968509,0.2744324511807092,-1.0025050061006833,-0.7996548742607882,-0.22345527558581418,-0.9441353386985575,0.9841231756854657,0
1.0595727735687044,-1.1099901739376037,0.8491410419312149,-0.7783835557668085,0.6095235192417271,0.9048055324001227,-1.0623076328321195,1.4316811360790147,-0.8044509999212723,-0.570312581972397,0.5505611813513597,0.4844909901880236,0.9841231756854657,0
-0.634918112038349,0.9009088760241706,1.5251962127575889,-0.5332069053078914,-0.5733475201700994,0.9048055324001227,-0.2507203421941191,0.2744324511807092,-0.492264176621523,0.3470565871811683,-0.7394662468772634,-0.11076998018138517,-1.0161329645585022,0
-0.8043672005990544,0.9009088760241706,1.5251962127575889,-0.11297175756478116,-0.911310674287764,-1.177851894974348,-1.2008713165995828,-0.8828162337175963,-0.3613471216893698,-1.2583394588375707,-0.997471732522988,-1.182239726846321,0.9841231756854657,0
2.2457163934936415,-1.1099901739376037,0.8491410419312149,0.5530875280877335,2.130357712771218,-1.177851894974348,-0.7257958293968509,0.2744324511807092,0.13210946997797635,-1.143668312693375,2.6146050665171567,1.0797519605574324,0.9841231756854657,0
-0.46546902347764374,0.9009088760241706,0.8491410419312149,-0.05150782689900946,-0.404365943111267,-1.177851894974348,1.6495816066168083,-0.8828162337175963,-0.6466791644902159,1.379096902478929,-0.997471732522988,-0.24966420660091387,0.9841231756854657,0
0.21232733076517762,0.9009088760241706,1.5251962127575889,-0.3399082127721654,0.2715603651240624,0.9048055324001227,-0.8524826259842462,0.2744324511807092,0.18581903097578276,-0.7996548742607882,-0.4814607612315388,1.9528013837658986,-1.0161329645585022,0
0.5512255078865883,0.9009088760241706,-0.502969299721533,0.29143942858349264,0.10257878806523006,-1.177851894974348,-0.6914320358225201,0.2744324511807092,-0.03908975570253134,-1.0289971665491795,-0.22345527558581418,0.821805540064022,-1.0161329645585022,0
-0.12657084635623306,0.9009088760241706,-1.179024470547907,-0.6500231168019082,-0.5733475201700994,0.9048055324001227,-0.8841543251310949,-1.461440576166749,-0.12301094476160378,-0.45564143582820127,-0.22345527558581418,0.46464895784237664,-1.0161329645585022,0
1.5679200392508204,0.9009088760241706,-1.179024470547907,-0.2610726675811242,1.9613761357123858,-1.177851894974348,-0.4930088406675124,0.853056793629862,-0.32106495094101467,-0.45564143582820127,1.582583123934258,1.5758027691986063,-1.0161329645585022,0
-0.8043672005990544,0.9009088760241706,0.8491410419312149,-0.5851322403616059,-0.23538436605243465,0.9048055324001227,-1.1850354670261585,1.4316811360790147,-1.8752853723150364,-1.0289971665491795,-0.7394662468772634,0.14717644031202531,0.9841231756854657,0
0.38177641932588297,-1.1099901739376037,0.8491410419312149,-0.10586518798626182,0.4405419421828948,-1.177851894974348,-0.2507203421941191,0.853056793629862,-1.1300652134704734,-0.34097028968400567,0.29255569570563505,1.734539027963782,-1.0161329645585022,0
-0.2960199349169384,-1.1099901739376037,-0.502969299721533,-0.3703559153219104,-0.911310674287764,0.9048055324001227,-0.953040270775491,-0.8828162337175963,-0.6802476401138448,-0.9143260204049839,-0.22345527558581418,-0.03140185079879733,0.9841231756854657,0
-0.46546902347764374,0.9009088760241706,-1.179024470547907,0.1568410007663364,0.10257878806523006,0.9048055324001227,0.38271364074285674,1.4316811360790147,-0.9890776158512313,-0.11162799739561437,-0.7394662468772634,0.18686050500331922,-1.0161329645585022,0
-0.9738162891597597,-1.1099901739376037,-0.502969299721533,-0.2044885813592691,-0.911310674287764,0.9048055324001227,0.38271364074285674,1.4316811360790147,-0.26399854238084547,0.4617277333253637,-0.4814607612315388,-0.7853990799333818,0.9841231756854657,0
-0.46546902347764374,-1.1099901739376037,-1.179024470547907,-0.016148695151665463,0.10257878806523006,-1.177851894974348,0.0728060645909413,0.2744324511807092,-0.29085332287974863,-0.11162799739561437,-0.4814607612315388,0.7622794430270811,0.9841231756854657,0
-0.2960199349169384,0.9009088760241706,-0.502969299721533,-0.14315098970822662,-0.23538436605243465,-1.177851894974348,-0.8841543251310949,-0.8828162337175963,-0.8010941523589095,-0.9143260204049839,0.03455021005991044,-0.6068207888225592,-1.0161329645585022,0
-0.12657084635623306,0.9009088760241706,-0.502969299721533,0.14006949656103074,-0.06640278899360229,-1.177851894974348,0.8577891279455886,1.4316811360790147,-0.16664996307232172,0.3470565871811683,-0.22345527558581418,0.20670253734896618,-1.0161329645585022,0
0.890123685007999,-1.1099901739376037,-0.502969299721533,-0.22187598826137972,1.2854498274770565,0.9048055324001227,0.06599664927436881,0.2744324511807092,-0.7306003535492884,0.1177142948927768,0.03455021005991044,0.5440170872249644,0.9841231756854657,0
-0.2960199349169384,-1.1099901739376037,-0.502969299721533,-0.8536816085454312,-0.06640278899360229,0.21058638994196582,-0.5674373336626071,-0.8828162337175963,1.3372177448662566,1.035083464046342,-0.4814607612315388,0.3654387961141419,0.9841231756854657,0
0.0428782422044723,-1.1099901739376037,-0.502969299721533,-0.5103079588882179,-0.5733475201700994,-1.177851894974348,-0.39355970534640716,0.2744324511807092,0.40737097009173406,0.1177142948927768,0.29255569570563505,-0.190138109563973,0.9841231756854657,0
2.754063659175758,-1.1099901739376037,1.5251962127575889,0.9540717684614769,2.8062840210065474,-1.177851894974348,0.4717111153455018,0.853056793629862,-0.31435125581628903,-0.570312581972397,3.130616037808606,0.3654387961141419,-1.0161329645585022,0
0.38177641932588297,0.9009088760241706,-1.179024470547907,0.04007216640284308,0.2715603651240624,-1.177851894974348,0.2078858614522514,1.4316811360790147,-0.5459737376193288,-0.11162799739561437,-0.22345527558581418,0.4249648931510827,0.9841231756854657,0
-0.9738162891597597,-1.1099901739376037,0.8491410419312149,-0.0075260573963953315,-0.7423290972289317,0.9048055324001227,0.4618928886099787,-0.8828162337175963,-1.5798827868271015,0.23238544103697253,-0.4814607612315388,-0.6465048535138531,0.9841231756854657,0
-0.634918112038349,-1.1099901739376037,0.8491410419312149,1.5974847857237766,-0.5733475201700994,0.21058638994196582,2.2830155895537843,-1.461440576166749,-0.12301094476160378,-0.11162799739561437,-0.4814607612315388,0.7027533459901402,0.9841231756854657,0
-0.46546902347764374,-1.1099901739376037,-1.179024470547907,0.5495974128058385,-0.404365943111267,0.9048055324001227,-1.120425200766587,0.2744324511807092,-1.328119219649884,-1.3730106049817663,-0.7394662468772634,-0.26950623894656084,0.9841231756854657,0
0.890123685007999,0.9009088760241706,-0.502969299721533,-0.421049444982015,0.4405419421828948,-1.177851894974348,0.8577891279455886,0.853056793629862,0.5114332445249834,1.6084391947673204,2.098594095225707,1.734539027963782,0.9841231756854657,0
0.0428782422044723,-1.1099901739376037,-1.179024470547907,0.5660056923437976,0.4405419421828948,-1.177851894974348,1.0161476236798326,1.4316811360790147,0.3368771712821129,0.003043148748581378,0.03455021005991044,0.286070666731554,-1.0161329645585022,0
-0.12657084635623306,-1.1099901739376037,-1.179024470547907,-0.527426895384029,-0.06640278899360229,0.9048055324001227,-1.2800505644667048,0.2744324511807092,0.34359086640683856,-1.2583394588375707,0.5505611813513597,-0.190138109563973,0.9841231756854657,0
-0.634918112038349,-1.1099901739376037,-0.502969299721533,-0.7235682157511627,-0.7423290972289317,-1.177851894974348,0.06599664927436881,0.2744324511807092,-0.04916029838962042,1.7231103409115156,-0.997471732522988,0.26622863438590705,0.9841231756854657,0
-0.634918112038349,0.9009088760241706,0.8491410419312149,-0.11845171232866163,-0.7423290972289317,0.9048055324001227,0.06599664927436881,-0.3041918912684436,-1.6302355002625448,0.003043148748581378,-0.4814607612315388,-0.6266628211682062,0.9841231756854657,0
0.5512255078865883,0.9009088760241706,-1.179024470547907,-0.5641599639165533,0.4405419421828948,-1.177851894974348,-0.5674373336626071,0.853056793629862,-0.8178783901707236,0.003043148748581378,1.066572152642809,-0.5274526594399713,0.9841231756854657,0
0.21232733076517762,0.9009088760241706,-1.179024470547907,-0.6790021283054258,-0.06640278899360229,0.9048055324001227,-0.7257958293968509,-0.8828162337175963,0.5114332445249834,0.003043148748581378,0.5505611813513597,0.286070666731554,-1.0161329645585022,0
-0.8043672005990544,0.9009088760241706,-1.179024470547907,-0.4702900759727335,-0.911310674287764,0.9048055324001227,-0.4090788379283631,-1.461440576166749,-0.7574551340481915,0.003043148748581378,-0.997471732522988,-1.0036614357354983,0.9841231756854657,0
-0.634918112038349,0.9009088760241706,0.8491410419312149,0.10960600163444452,-0.7423290972289317,-1.177851894974348,-0.7257958293968509,0.853056793629862,0.08175675654253277,-0.9143260204049839,-0.7394662468772634,-0.8052411122790287,-1.0161329645585022,0
1.2290218621294098,-1.1099901739376037,-0.502969299721533,1.7066574868266748,1.2854498274770565,-1.177851894974348,2.4413740852880284,0.2744324511807092,-0.005521280078902488,-0.11162799739561437,1.066572152642809,0.9210157017922567,-1.0161329645585022,0
-0.8043672005990544,0.9009088760241706,-1.179024470547907,-0.24679635891672086,-0.911310674287764,0.9048055324001227,0.6777355182957532,1.4316811360790147,0.5147900920873463,0.9204123179021463,-0.7394662468772634,-0.07108591549009124,0.9841231756854657,0
-0.634918112038349,0.9009088760241706,0.8491410419312149,0.32569309395195584,-0.404365943111267,-1.177851894974348,-0.7257958293968509,0.853056793629862,1.7937490133476108,-1.0289971665491795,-0.7394662468772634,-2.03544711770914,0.9841231756854657,0
0.21232733076517762,-1.1099901739376037,-0.502969299721533,0.4661031164466568,-0.06640278899360229,-1.177851894974348,-0.7257958293968509,1.4316811360790147,-1.1132809756586586,-1.0289971665491795,-0.22345527558581418,-1.2616078562289088,0.9841231756854657,0
-0.8043672005990544,0.9009088760241706,-1.179024470547907,0.176992073615649,-0.7423290972289317,0.21058638994196582,-0.2507203421941191,0.2744324511807092,-1.12670836590811,-0.570312581972397,-0.997471732522988,-0.26950623894656084,0.9841231756854657,0
0.5512255078865883,-1.1099901739376037,-1.179024470547907,0.11633355416877615,0.6095235192417271,-1.177851894974348,-0.6014844102454695,-0.8828162337175963,-0.9521522926652397,-0.7996548742607882,1.066572152642809,-0.8250831446246757,-1.0161329645585022,0
-0.2960199349169384,-1.1099901739376037,-0.502969299721533,-0.2145641177839254,-0.911310674287764,-1.177851894974348,-0.804975077263973,0.853056793629862,-0.38148820706354736,-0.7996548742607882,-0.7394662468772634,0.6233852166075523,0.9841231756854657,0
-0.46546902347764374,0.9009088760241706,-0.502969299721533,-0.25650867067403066,-0.911310674287764,0.9048055324001227,-0.09236184645987515,1.4316811360790147,0.21267381147468598,0.003043148748581378,0.03455021005991044,-0.38855843302044263,-1.0161329645585022,0
0.0428782422044723,0.9009088760241706,-0.502969299721533,0.42368479225131694,-0.06640278899360229,-1.177851894974348,0.06599664927436881,-0.8828162337175963,-1.1233515183457474,-0.570312581972397,-0.4814607612315388,1.278172284013902,0.9841231756854657,0
-0.2960199349169384,-1.1099901739376037,0.8491410419312149,-0.019354547650419742,-0.911310674287764,0.9048055324001227,-0.2507203421941191,0.853056793629862,-1.23077064034136,-0.45564143582820127,-0.4814607612315388,0.32575473142284794,0.9841231756854657,0
1.2290218621294098,0.9009088760241706,-0.502969299721533,-0.5757199837642781,1.6234129815947211,0.9048055324001227,0.06599664927436881,0.853056793629862,1.3170766594920789,1.035083464046342,0.5505611813513597,1.2186461869769611,-1.0161329645585022,0
0.0428782422044723,-1.1099901739376037,-1.179024470547907,0.43805585517676715,-0.23538436605243465,-1.177851894974348,0.06599664927436881,-1.461440576166749,0.0716862138554443,-0.570312581972397,0.03455021005991044,0.5837011519162584,0.9841231756854657,0
-0.8043672005990544,0.9009088760241706,1.5251962127575889,-0.578373103073592,-0.5733475201700994,0.9048055324001227,-0.4882580857954851,0.2744324511807092,-1.855144286940859,0.1177142948927768,-0.7394662468772634,0.4249648931510827,0.9841231756854657,0
0.0428782422044723,0.9009088760241706,0.8491410419312149,0.8745097739357426,0.10257878806523006,-1.177851894974348,0.8577891279455886,-0.8828162337175963,0.2294580492865001,-0.34097028968400567,0.5505611813513597,-0.9242933063529105,-1.0161329645585022,0
-0.634918112038349,0.9009088760241706,-1.179024470547907,0.5463125984228784,-0.7423290972289317,-1.177851894974348,1.3328646151483206,1.4316811360790147,-1.0897830427221185,0.23238544103697253,-0.4814607612315388,0.9408577341379036,0.9841231756854657,0
1.0595727735687044,-1.1099901739376037,-0.502969299721533,-0.014916889758055442,0.9474866733593919,0.9048055324001227,-0.5674373336626071,-1.461440576166749,0.23617174441122635,-0.6849837281165926,0.5505611813513597,-0.26950623894656084,0.9841231756854657,0
1.398470950690115,0.9009088760241706,-0.502969299721533,-0.02491346429850598,1.2854498274770565,0.9048055324001227,-0.7257958293968509,-0.8828162337175963,0.7531262690151123,-0.9143260204049839,1.582583123934258,0.38528082845978884,0.9841231756854657,0
-0.46546902347764374,-1.1099901739376037,-0.502969299721533,-0.44821233314880005,-0.06640278899360229,0.9048055324001227,-0.2507203421941191,1.4316811360790147,-1.3449034574616987,0.23238544103697253,-0.7394662468772634,0.9011736694466097,0.9841231756854657,0
0.890123685007999,-1.1099901739376037,-0.502969299721533,-0.06856359388745586,0.10257878806523006,-1.177851894974348,-0.9259609680049353,1.4316811360790147,-0.5191189571204256,-1.0289971665491795,0.5505611813513597,-0.5472946917856183,0.9841231756854657,0
0.890123685007999,-1.1099901739376037,-0.502969299721533,-0.4539765506958213,0.6095235192417271,0.9048055324001227,0.38271364074285674,0.2744324511807092,0.8571885434483623,1.035083464046342,0.5505611813513597,0.821805540064022,0.9841231756854657,0
-0.12657084635623306,0.9009088760241706,1.5251962127575889,0.08538049556011415,0.2715603651240624,0.9048055324001227,-0.49221704818884116,1.4316811360790147,-0.23043006675721658,-0.6849837281165926,0.5505611813513597,-2.2933935382025505,0.9841231756854657,0
-0.46546902347764374,-1.1099901739376037,1.5251962127575889,-0.2633941469767738,-0.911310674287764,-1.177851894974348,0.8177244285248249,-0.3041918912684436,-0.22707321919485376,1.035083464046342,-0.4814607612315388,0.08765034327508442,0.9841231756854657,0
0.0428782422044723,0.9009088760241706,1.5251962127575889,0.4554274697020367,-0.7423290972289317,-1.177851894974348,1.6495816066168083,0.853056793629862,1.7299689096627155,0.4617277333253637,0.5505611813513597,0.46464895784237664,0.9841231756854657,0
-0.8043672005990544,0.9009088760241706,1.5251962127575889,1.124945285882764,-0.911310674287764,-1.177851894974348,0.06599664927436881,1.4316811360790147,1.1693753667481117,-0.7996548742607882,-0.7394662468772634,-0.26950623894656084,0.9841231756854657,0
-0.8043672005990544,0.9009088760241706,-0.502969299721533,-0.12243139129263245,-0.7423290972289317,-1.177851894974348,-0.34383513768585455,0.853056793629862,-1.3549740001487873,-0.45564143582820127,-0.7394662468772634,-0.32903233598350173,0.9841231756854657,0
0.5512255078865883,-1.1099901739376037,0.8491410419312149,2.5410003400985275,0.6095235192417271,-1.177851894974348,2.4413740852880284,-0.3041918912684436,0.5919975860216931,-0.45564143582820127,0.8085666669970842,-0.46792656240303043,0.9841231756854657,0
0.890123685007999,-1.1099901739376037,-0.502969299721533,0.2679245794670142,0.7785050963005594,-1.177851894974348,0.38461394269166765,-0.3041918912684436,-0.4284840729366275,-0.2262991435398101,1.8405886095799828,-2.49181386165902,0.9841231756854657,0
1.906818216372231,-1.1099901739376037,1.5251962127575889,-0.33385973244200334,1.6234129815947211,-1.177851894974348,0.7501053508463027,-1.461440576166749,-0.5963264510547723,1.1497546101905376,1.582583123934258,1.1392780575943733,0.9841231756854657,0
-0.8043672005990544,-1.1099901739376037,-0.502969299721533,-0.7696819561273326,-0.911310674287764,0.21058638994196582,-0.808934039657329,0.853056793629862,-1.274409658652078,0.003043148748581378,-0.4814607612315388,0.6829113136444932,0.9841231756854657,0
0.21232733076517762,-1.1099901739376037,-0.502969299721533,0.6504633236902896,-0.23538436605243465,-1.177851894974348,0.3866726031362128,-0.3041918912684436,0.8336906105118219,-0.45564143582820127,0.8085666669970842,1.1789621222856672,-1.0161329645585022,0
-0.8043672005990544,-1.1099901739376037,0.8491410419312149,-0.25887752720020374,-0.5733475201700994,0.9048055324001227,-0.790089378664954,0.853056793629862,-0.7373140486740141,-0.7996548742607882,-0.7394662468772634,0.5241750548793175,-1.0161329645585022,0
0.5512255078865883,-1.1099901739376037,-1.179024470547907,0.11851290217285541,0.6095235192417271,-1.177851894974348,-0.5674373336626071,-1.461440576166749,-1.1199946707833845,-0.7996548742607882,1.066572152642809,0.26622863438590705,-1.0161329645585022,0
-0.2960199349169384,0.9009088760241706,-0.502969299721533,-0.15984353202932647,-0.7423290972289317,-1.177851894974348,-0.09236184645987515,-0.8828162337175963,0.9746782081310635,-0.11162799739561437,-0.22345527558581418,-0.4877685947486774,0.9841231756854657,0
0.21232733076517762,0.9009088760241706,-1.179024470547907,0.021342407469234336,-0.06640278899360229,0.9048055324001227,-1.0630994253107906,-1.461440576166749,0.4040141225293712,-1.143668312693375,0.5505611813513597,1.0003838311748445,0.9841231756854657,0
-0.2960199349169384,-1.1099901739376037,0.8491410419312149,-0.2691425721469539,-0.23538436605243465,-1.177851894974348,-0.8841543251310949,0.853056793629862,0.9578939703192488,-0.9143260204049839,-0.22345527558581418,0.4844909901880236,0.9841231756854657,0
-0.634918112038349,0.9009088760241706,1.5251962127575889,-0.7777360683163212,-0.404365943111267,-1.177851894974348,-0.5093197657281395,0.2744324511807092,0.024690347982363543,0.8057411717579506,-0.4814607612315388,-1.5592383414136133,0.9841231756854657,0
-0.8043672005990544,-1.1099901739376037,0.8491410419312149,-0.3981189138086593,-0.911310674287764,0.9048055324001227,0.0026532509806712224,-0.8828162337175963,0.5047195494002578,0.4617277333253637,-0.4814607612315388,0.3654387961141419,0.9841231756854657,0
-0.46546902347764374,-1.1099901739376037,-0.502969299721533,0.5484919464269576,-0.7423290972289317,-1.177851894974348,-0.07082509104001798,0.853056793629862,-1.0427871768490378,-0.6849837281165926,-0.4814607612315388,0.26622863438590705,0.9841231756854657,0
1.5679200392508204,0.9009088760241706,1.5251962127575889,1.1386372766040447,1.6234129815947211,-1.177851894974348,-0.4838240479149262,0.853056793629862,0.830333762949459,-1.143668312693375,0.8085666669970842,2.0718535778397804,-1.0161329645585022,0
-0.2960199349169384,-1.1099901739376037,-0.502969299721533,-0.24025831490448307,-0.23538436605243465,-1.177851894974348,-0.2507203421941191,-1.461440576166749,-0.48890732905915957,-0.2262991435398101,-0.7394662468772634,0.801963507718375,0.9841231756854657,0
-0.634918112038349,-1.1099901739376037,-0.502969299721533,1.213714236106891,-0.5733475201700994,-1.177851894974348,0.8577891279455886,1.4316811360790147,1.092167872813765,-0.45564143582820127,-0.4814607612315388,0.14717644031202531,-1.0161329645585022,0
-0.46546902347764374,-1.1099901739376037,0.8491410419312149,0.4628656791942202,-0.06640278899360229,-1.177851894974348,-1.3283499056656494,-0.8828162337175963,-0.7540982864858288,-1.487681751125962,-0.4814607612315388,-0.30919030363785477,0.9841231756854657,0
-0.46546902347764374,-1.1099901739376037,-0.502969299721533,0.5919051903632903,-0.7423290972289317,-1.177851894974348,-0.48461584039359745,-0.3041918912684436,0.6457071470194995,-0.9143260204049839,-0.997471732522988,-1.6981325678331418,0.9841231756854657,0
2.415165482054347,0.9009088760241706,-1.179024470547907,2.2252317651596516,2.9752655980653797,-1.177851894974348,1.6495816066168083,-1.461440576166749,0.5382880250238866,-0.570312581972397,2.872610552162881,2.27027390129625,-1.0161329645585022,0
-0.46546902347764374,-1.1099901739376037,-0.502969299721533,0.17421261529160587,-0.5733475201700994,0.9048055324001227,-0.5040939353689095,1.4316811360790147,-0.4016292924377243,-0.7996548742607882,-0.22345527558581418,1.2186461869769611,-1.0161329645585022,0
0.5512255078865883,0.9009088760241706,-0.502969299721533,0.4528059351464051,-0.23538436605243465,-1.177851894974348,1.3328646151483206,0.853056793629862,-0.0995130118250634,0.3470565871811683,1.066572152642809,0.305912699077201,0.9841231756854657,0
0.5512255078865883,-1.1099901739376037,-1.179024470547907,0.835297302239157,1.1164682504182242,-1.177851894974348,0.06599664927436881,-0.8828162337175963,-0.4150566826871762,-0.6849837281165926,0.5505611813513597,-0.190138109563973,-1.0161329645585022,0
1.5679200392508204,0.9009088760241706,0.8491410419312149,4.57090508212995,1.1164682504182242,-1.177851894974348,0.8273842967646138,1.4316811360790147,-0.10286985938742682,-1.143668312693375,2.6146050665171567,-0.7655570475877348,0.9841231756854657,0
-0.8043672005990544,0.9009088760241706,-1.179024470547907,-0.7088655129120482,-0.911310674287764,-1.177851894974348,-0.17154109432699713,-1.461440576166749,-0.8783016462932557,1.1497546101905376,-0.7394662468772634,-0.11076998018138517,0.9841231756854657,0
-0.46546902347764374,0.9009088760241706,0.8491410419312149,-0.904801532380247,-0.23538436605243465,0.9048055324001227,-1.3258161697339013,-1.461440576166749,0.1119683846037988,-1.0289971665491795,-0.4814607612315388,0.782121475372728,-1.0161329645585022,0
0.0428782422044723,0.9009088760241706,-0.502969299721533,-0.037231518234606166,0.4405419421828948,0.9048055324001227,0.06599664927436881,-0.3041918912684436,0.23952859197358917,-0.11162799739561437,0.03455021005991044,0.26622863438590705,0.9841231756854657,0
-0.8043672005990544,-1.1099901739376037,1.5251962127575889,0.270672453037375,-0.5733475201700994,-1.177851894974348,0.06599664927436881,0.853056793629862,-1.1233515183457474,-0.45564143582820127,-0.7394662468772634,1.5559607368529593,-1.0161329645585022,0
0.21232733076517762,0.9009088760241706,-1.179024470547907,-0.5823843667912452,-0.404365943111267,0.9048055324001227,-0.4090788379283631,1.4316811360790147,0.02804719554472637,0.23238544103697253,0.29255569570563505,0.12733440796637835,0.9841231756854657,0
-0.8043672005990544,0.9009088760241706,-0.502969299721533,0.7417274694553191,-0.911310674287764,-1.177851894974348,0.8577891279455886,-1.461440576166749,1.3976410009887885,-0.2262991435398101,-0.4814607612315388,-0.5472946917856183,0.9841231756854657,0
-0.634918112038349,-1.1099901739376037,-0.502969299721533,-0.16334943968806268,-0.911310674287764,0.9048055324001227,-0.061165222800229097,0.853056793629862,-1.5396006160787468,-0.11162799739561437,-0.4814607612315388,0.40512286080543575,-1.0161329645585022,0
0.5512255078865883,0.9009088760241706,-0.502969299721533,-0.10894470147028687,-0.06640278899360229,0.9048055324001227,-0.7257958293968509,0.2744324511807092,-0.8984427316674333,-0.7996548742607882,0.8085666669970842,-0.26950623894656084,-1.0161329645585022,0
0.21232733076517762,0.9009088760241706,1.5251962127575889,-0.4832714097361621,0.2715603651240624,0.9048055324001227,-1.212748203779651,-1.461440576166749,-1.328119219649884,-1.143668312693375,1.066572152642809,0.9011736694466097,0.9841231756854657,0
1.906818216372231,-1.1099901739376037,0.8491410419312149,-0.6793495605959312,2.130357712771218,0.9048055324001227,-0.10218007319539828,0.2744324511807092,-0.7473845913611031,1.1497546101905376,2.872610552162881,-0.20998014190961997,-1.0161329645585022,0
-0.46546902347764374,-1.1099901739376037,0.8491410419312149,1.3601095694243897,-0.7423290972289317,-1.177851894974348,-0.7257958293968509,-0.8828162337175963,0.011262957732911642,-1.2583394588375707,-0.4814607612315388,0.4844909901880236,-1.0161329645585022,0
-0.2960199349169384,0.9009088760241706,1.5251962127575889,0.3626788405139387,-0.7423290972289317,-1.177851894974348,-1.121692068732461,-0.8828162337175963,-0.542616890056966,-1.3730106049817663,-0.7394662468772634,-1.162397694500674,-1.0161329645585022,0
-0.634918112038349,0.9009088760241706,-1.179024470547907,-0.6579508899761675,-0.5733475201700994,0.9048055324001227,-0.5674373336626071,0.2744324511807092,-0.613110688866587,0.23238544103697253,0.03455021005991044,0.008282213892496587,-1.0161329645585022,0
-0.8043672005990544,-1.1099901739376037,-1.179024470547907,-0.20456754324347484,-0.5733475201700994,-1.177851894974348,-1.2849596778344665,-0.8828162337175963,0.3704456469057418,-1.3730106049817663,-0.7394662468772634,0.16701847265767225,0.9841231756854657,0
-0.46546902347764374,0.9009088760241706,-0.502969299721533,0.07524178962809323,-0.23538436605243465,0.9048055324001227,-0.6307807319563046,0.2744324511807092,-0.8178783901707236,-0.7996548742607882,-0.7394662468772634,-0.4282424977117365,0.9841231756854657,0
-0.634918112038349,0.9009088760241706,0.8491410419312149,0.07671048067432056,-0.404365943111267,0.9048055324001227,0.06599664927436881,0.2744324511807092,-1.2207000976542715,-0.2262991435398101,-0.7394662468772634,-2.3727616675851384,0.9841231756854657,0
-0.2960199349169384,-1.1099901739376037,-0.502969299721533,1.4084816196888446,-0.911310674287764,-1.177851894974348,1.3328646151483206,-0.8828162337175963,0.635636604332411,-0.34097028968400567,0.03455021005991044,0.14717644031202531,0.9841231756854657,0
0.21232733076517762,-1.1099901739376037,-0.502969299721533,0.5891731091697706,-0.06640278899360229,-1.177851894974348,-0.9182014017139574,0.853056793629862,-1.2811233537768034,-1.2583394588375707,0.03455021005991044,0.305912699077201,-1.0161329645585022,0
0.0428782422044723,-1.1099901739376037,-1.179024470547907,1.5949895901828743,-0.404365943111267,-1.177851894974348,-0.5674373336626071,0.853056793629862,-0.38148820706354736,-1.2583394588375707,-0.4814607612315388,0.821805540064022,0.9841231756854657,0
1.906818216372231,-1.1099901739376037,0.8491410419312149,1.5944842341239573,1.7923945586535535,-1.177851894974348,0.38271364074285674,-0.3041918912684436,0.024690347982363543,-0.7996548742607882,2.872610552162881,0.9210157017922567,0.9841231756854657,0
0.0428782422044723,-1.1099901739376037,-0.502969299721533,-0.41579058349391074,0.10257878806523006,-1.177851894974348,0.21390348429015266,-1.461440576166749,0.2563128297854033,0.6910700256137552,0.29255569570563505,-1.0036614357354983,-1.0161329645585022,0
0.0428782422044723,-1.1099901739376037,1.5251962127575889,0.8967454405280876,-0.5733475201700994,-1.177851894974348,-0.2507203421941191,-0.8828162337175963,-1.3214055245251584,-0.9143260204049839,0.29255569570563505,-0.2893482712922078,0.9841231756854657,0
0.21232733076517762,0.9009088760241706,-1.179024470547907,0.3022887914733655,0.10257878806523006,0.9048055324001227,1.3328646151483206,-0.8828162337175963,-0.04580345082725759,0.4617277333253637,0.03455021005991044,-1.142555662155027,0.9841231756854657,0
-0.8043672005990544,0.9009088760241706,0.8491410419312149,-0.6774860601286751,-0.7423290972289317,0.9048055324001227,-0.2507203421941191,-0.8828162337175963,0.457723683527177,0.9204123179021463,-0.997471732522988,0.5241750548793175,-1.0161329645585022,0
-0.634918112038349,0.9009088760241706,0.8491410419312149,-0.268431915189102,-0.911310674287764,-1.177851894974348,1.3328646151483206,-1.461440576166749,-0.9622228353523281,1.7231103409115156,-0.22345527558581418,-1.4997122443766724,0.9841231756854657,0
0.5512255078865883,0.9009088760241706,-1.179024470547907,0.042330476291128113,0.6095235192417271,0.9048055324001227,-0.7257958293968509,-0.8828162337175963,1.1693753667481117,-0.9143260204049839,0.5505611813513597,0.9606997664835506,0.9841231756854657,0
-0.634918112038349,0.9009088760241706,1.5251962127575889,-0.4881828389337611,-0.911310674287764,0.9048055324001227,-0.804975077263973,-0.8828162337175963,0.48793531158844367,-0.570312581972397,-0.7394662468772634,0.20670253734896618,-1.0161329645585022,0
-0.2960199349169384,-1.1099901739376037,-0.502969299721533,-0.45127605425598394,-0.06640278899360229,0.9048055324001227,0.06599664927436881,-0.8828162337175963,-1.4892479026433032,0.5763988794695595,-0.4814607612315388,0.40512286080543575,0.9841231756854657,0
-0.46546902347764374,0.9009088760241706,-0.502969299721533,0.07576293806385132,-0.911310674287764,0.9048055324001227,0.38271364074285674,0.2744324511807092,-0.14986572526050698,0.003043148748581378,-0.7394662468772634,-1.102871597463733,0.9841231756854657,0
-0.12657084635623306,0.9009088760241706,0.8491410419312149,0.5088372881788198,-0.23538436605243465,0.21058638994196582,0.06599664927436881,-0.8828162337175963,0.5215037872120725,-0.570312581972397,-0.4814607612315388,0.305912699077201,-1.0161329645585022,0
-0.634918112038349,-1.1099901739376037,-0.502969299721533,-0.4953209932659627,-0.7423290972289317,0.9048055324001227,0.06599664927436881,0.2744324511807092,0.001192415045823164,0.8057411717579506,-0.997471732522988,-0.30919030363785477,0.9841231756854657,0
-0.8043672005990544,-1.1099901739376037,-1.179024470547907,-0.44904932912138124,-0.5733475201700994,0.9048055324001227,-0.56680389967967,1.4316811360790147,-0.06594453620143455,-0.2262991435398101,-0.4814607612315388,0.9606997664835506,0.9841231756854657,0
1.906818216372231,-1.1099901739376037,0.8491410419312149,0.6482997680630515,1.4544314045358888,-1.177851894974348,-0.7574675285436998,0.853056793629862,0.6423502994571366,-1.143668312693375,1.582583123934258,-0.6663468858595001,0.9841231756854657,0
0.21232733076517762,0.9009088760241706,0.8491410419312149,0.12400864931357704,0.10257878806523006,-1.177851894974348,-0.4090788379283631,0.2744324511807092,-0.8380194755449012,-0.6849837281165926,-0.22345527558581418,-0.09092794783573821,0.9841231756854657,0
-0.12657084635623306,0.9009088760241706,0.17308587110484092,1.5968372982732892,-0.23538436605243465,-1.177851894974348,0.06599664927436881,1.4316811360790147,-0.811164695045998,-0.9143260204049839,0.29255569570563505,0.8614896047553159,-1.0161329645585022,0
0.38177641932588297,-1.1099901739376037,-0.502969299721533,-0.22304462414762513,-0.06640278899360229,-1.177851894974348,0.06599664927436881,-0.3041918912684436,-1.2240569452166343,0.1177142948927768,1.066572152642809,0.38528082845978884,0.9841231756854657,0
0.38177641932588297,0.9009088760241706,-0.502969299721533,0.4726569528357358,0.10257878806523006,-1.177851894974348,-0.013182598592753173,0.2744324511807092,-0.18679104844649927,-0.570312581972397,0.03455021005991044,-1.202081759191968,0.9841231756854657,0
1.7373691278115257,0.9009088760241706,-1.179024470547907,1.1381161281682866,1.6234129815947211,-1.177851894974348,-1.1375279183058853,-0.8828162337175963,0.001192415045823164,-1.3730106049817663,2.098594095225707,1.0003838311748445,0.9841231756854657,0
-0.9738162891597597,0.9009088760241706,-1.179024470547907,0.2738940979129705,-0.911310674287764,0.9048055324001227,0.760715370060497,1.4316811360790147,-0.035732908140168516,0.1177142948927768,-0.22345527558581418,1.5361187045073124,-1.0161329645585022,0
0.38177641932588297,-1.1099901739376037,0.8491410419312149,0.6984089797800335,0.2715603651240624,-1.177851894974348,2.4413740852880284,0.853056793629862,0.39730042740464494,0.6910700256137552,0.5505611813513597,-0.8846092416616166,0.9841231756854657,0
-0.634918112038349,0.9009088760241706,0.8491410419312149,0.13495276646449683,-0.404365943111267,-1.177851894974348,1.0161476236798326,0.2744324511807092,-1.0562145670984893,0.4617277333253637,-0.4814607612315388,0.32575473142284794,0.9841231756854657,0
-0.46546902347764374,0.9009088760241706,-0.502969299721533,0.3496659219968278,-0.404365943111267,0.9048055324001227,1.8131659327102825,-1.461440576166749,-0.15657942038523323,0.8057411717579506,-0.22345527558581418,0.5043330225336705,-1.0161329645585022,0
-0.8043672005990544,0.9009088760241706,-0.502969299721533,0.33150468862950055,-0.911310674287764,0.9048055324001227,0.38271364074285674,-1.461440576166749,0.23281489684886292,-0.2262991435398101,-0.4814607612315388,-0.17029607721832604,-1.0161329645585022,0
-0.46546902347764374,-1.1099901739376037,-0.502969299721533,0.0710883945188697,-0.5733475201700994,0.9048055324001227,-1.282742658894187,-1.461440576166749,-1.1099241280962957,-1.3730106049817663,-0.7394662468772634,1.2186461869769611,-1.0161329645585022,0
0.5512255078865883,0.9009088760241706,0.8491410419312149,-0.3868747414977576,0.4405419421828948,0.9048055324001227,-0.8841543251310949,0.2744324511807092,0.3268066285950244,-0.7996548742607882,0.5505611813513597,0.5638591195706114,-1.0161329645585022,0
1.7373691278115257,-1.1099901739376037,0.8491410419312149,-0.5469462731596954,1.4544314045358888,0.9048055324001227,-0.5674373336626071,0.2744324511807092,1.088811025251402,-0.11162799739561437,2.098594095225707,1.0797519605574324,-1.0161329645585022,0
0.0428782422044723,0.9009088760241706,-0.502969299721533,-0.3948183070488581,0.4405419421828948,0.9048055324001227,-1.0760848219609986,0.853056793629862,0.001192415045823164,-1.0289971665491795,0.5505611813513597,-0.7853990799333818,0.9841231756854657,0
1.5679200392508204,-1.1099901739376037,1.5251962127575889,0.11279606175635765,1.4544314045358888,0.9048055324001227,-0.5674373336626071,-1.461440576166749,0.04483143335654109,-0.7996548742607882,2.872610552162881,-1.4798702120310254,-1.0161329645585022,0
0.38177641932588297,-1.1099901739376037,-1.179024470547907,2.8801890098928347,-0.404365943111267,-1.177851894974348,0.768474936351475,-1.461440576166749,-0.6668202498643935,-0.9143260204049839,0.5505611813513597,-0.5274526594399713,0.9841231756854657,0
-0.46546902347764374,0.9009088760241706,0.8491410419312149,0.36376851451597836,-0.911310674287764,0.9048055324001227,-0.607026957596168,1.4316811360790147,-1.2475548781531747,-0.9143260204049839,-0.4814607612315388,-0.011559818453150373,0.9841231756854657,0
-0.12657084635623306,0.9009088760241706,1.5251962127575889,0.11311190929318073,-0.06640278899360229,-1.177851894974348,1.0161476236798326,1.4316811360790147,-0.1397951825734185,0.4617277333253637,-0.4814607612315388,0.286070666731554,0.9841231756854657,0
-0.12657084635623306,0.9009088760241706,0.8491410419312149,-0.5810578071365883,-0.404365943111267,0.9048055324001227,-0.646616581529729,0.853056793629862,-1.0159323963501345,-0.11162799739561437,-0.4814607612315388,0.801963507718375,-1.0161329645585022,0
-0.8043672005990544,0.9009088760241706,-1.179024470547907,-0.42605562844066086,-0.911310674287764,-1.177851894974348,0.0034450434593424426,-1.461440576166749,-1.3851856282100534,0.4617277333253637,-0.7394662468772634,-0.7060309505507939,-1.0161329645585022,0
0.0428782422044723,-1.1099901739376037,1.5251962127575889,0.05259552123787827,-0.404365943111267,0.9048055324001227,0.0685303852061167,1.4316811360790147,-0.03908975570253134,-0.2262991435398101,-0.22345527558581418,-0.44808453005738347,0.9841231756854657,0
-0.634918112038349,0.9009088760241706,1.5251962127575889,0.05084256740851017,-0.911310674287764,0.9048055324001227,-1.042512820865339,0.2744324511807092,-1.8450737442537704,-1.143668312693375,-0.4814607612315388,1.774223092655076,-1.0161329645585022,0
-0.2960199349169384,0.9009088760241706,-1.179024470547907,-0.20491497553398025,-0.404365943111267,0.9048055324001227,0.5410721364771007,-0.3041918912684436,0.9612508178816116,0.5763988794695595,0.03455021005991044,0.16701847265767225,0.9841231756854657,0
1.0595727735687044,-1.1099901739376037,-0.502969299721533,1.7906413468679323,1.2854498274770565,-1.177851894974348,2.4413740852880284,-0.3041918912684436,0.8336906105118219,-0.11162799739561437,-0.22345527558581418,0.06780831092943747,0.9841231756854657,0
0.0428782422044723,-1.1099901739376037,-0.502969299721533,-0.3951341545856812,0.10257878806523006,-1.177851894974348,-0.3298995900612411,1.4316811360790147,-0.9890776158512313,0.003043148748581378,-0.22345527558581418,0.286070666731554,0.9841231756854657,0
-0.2960199349169384,0.9009088760241706,-0.502969299721533,-0.5810735995134294,-0.404365943111267,0.9048055324001227,-0.4090788379283631,0.853056793629862,-0.6265380791160384,0.23238544103697253,0.03455021005991044,0.18686050500331922,0.9841231756854657,0
-0.8043672005990544,-1.1099901739376037,0.8491410419312149,-0.5613015437083044,-0.911310674287764,-1.177851894974348,0.3390066959202054,0.2744324511807092,0.5919975860216931,1.379096902478929,-0.7394662468772634,-0.190138109563973,0.9841231756854657,0
-0.634918112038349,-1.1099901739376037,-0.502969299721533,0.16401073985222034,-0.7423290972289317,-1.177851894974348,0.38271364074285674,-0.3041918912684436,-1.7812936405688753,-0.11162799739561437,-0.4814607612315388,0.18686050500331922,-1.0161329645585022,0
-0.46546902347764374,0.9009088760241706,1.5251962127575889,0.11620721515404692,-0.23538436605243465,-1.177851894974348,0.25602684415546156,0.2744324511807092,-0.492264176621523,-0.11162799739561437,-0.7394662468772634,0.5241750548793175,0.9841231756854657,0
-0.46546902347764374,0.9009088760241706,1.5251962127575889,-0.35642703894801253,-0.5733475201700994,0.9048055324001227,0.22435514500861276,1.4316811360790147,-0.002164432516539662,0.5763988794695595,-0.22345527558581418,1.0003838311748445,0.9841231756854657,0
2.5846145706150523,-1.1099901739376037,0.8491410419312149,-0.20166174590470248,1.7923945586535535,-1.177851894974348,0.3431240168092957,-1.461440576166749,-0.005521280078902488,0.4617277333253637,2.872610552162881,0.8614896047553159,0.9841231756854657,0
-0.8043672005990544,-1.1099901739376037,-1.179024470547907,0.1752075350325986,-0.404365943111267,0.9048055324001227,-1.042512820865339,-0.3041918912684436,-0.4553388534355307,-1.2583394588375707,-0.7394662468772634,-0.051243883144444294,0.9841231756854657,0
-0.2960199349169384,0.9009088760241706,-0.502969299721533,-0.6513812612102474,-0.911310674287764,0.9048055324001227,-0.19006903832790367,0.853056793629862,-1.173704231781191,0.9204123179021463,-0.4814607612315388,1.298014316359549,0.9841231756854657,0
-0.8043672005990544,0.9009088760241706,0.8491410419312149,0.2646871422145776,-0.911310674287764,0.9048055324001227,1.0161476236798326,-0.8828162337175963,0.6087818238335078,0.3470565871811683,-0.4814607612315388,0.2463866020402601,-1.0161329645585022,0
-0.46546902347764374,0.9009088760241706,-0.502969299721533,0.8785999995376015,-0.06640278899360229,-1.177851894974348,-0.9736268752209428,-0.8828162337175963,-1.526173225829295,-1.2583394588375707,-0.22345527558581418,0.9805417988291976,-1.0161329645585022,0
-0.12657084635623306,-1.1099901739376037,0.8491410419312149,1.1410061331302177,0.10257878806523006,0.9048055324001227,-0.3251488351892138,0.2744324511807092,0.9142549520085315,-1.0289971665491795,-0.4814607612315388,0.9011736694466097,-1.0161329645585022,0
-0.2960199349169384,0.9009088760241706,0.8491410419312149,0.1323786090393887,-0.06640278899360229,0.9048055324001227,0.06599664927436881,0.2744324511807092,-1.1132809756586586,-0.34097028968400567,-0.7394662468772634,-0.7258729828964409,0.9841231756854657,0
0.38177641932588297,0.9009088760241706,-0.502969299721533,2.55293937699044,0.10257878806523006,-1.177851894974348,0.8577891279455886,0.853056793629862,-0.10622670694978965,-0.9143260204049839,0.8085666669970842,0.3455967637684949,-1.0161329645585022,0
-0.12657084635623306,-1.1099901739376037,-1.179024470547907,0.7428171434573587,-0.06640278899360229,-1.177851894974348,0.06599664927436881,1.4316811360790147,-1.2374843354660858,-0.6849837281165926,-0.7394662468772634,1.278172284013902,0.9841231756854657,0
-0.46546902347764374,-1.1099901739376037,1.5251962127575889,-0.3530474703040056,-0.06640278899360229,0.9048055324001227,-0.17154109432699713,1.4316811360790147,-0.14986572526050698,0.1177142948927768,-0.4814607612315388,1.0995939929030794,0.9841231756854657,0
-0.9738162891597597,-1.1099901739376037,0.8491410419312149,-0.22137063220246278,-0.911310674287764,-1.177851894974348,-0.4090788379283631,0.2744324511807092,0.4140846652164597,-0.34097028968400567,-0.997471732522988,-1.3608180179571436,0.9841231756854657,0
2.0762673049329363,0.9009088760241706,-1.179024470547907,-0.4890514196600245,1.1164682504182242,-1.177851894974348,0.06599664927436881,0.2744324511807092,-1.5093889880174807,0.6910700256137552,2.872610552162881,0.5241750548793175,0.9841231756854657,0
-0.12657084635623306,-1.1099901739376037,0.8491410419312149,3.0711978077865933,-0.23538436605243465,-1.177851894974348,-0.5549270124996017,1.4316811360790147,-1.2811233537768034,-1.3730106049817663,0.03455021005991044,0.5440170872249644,-1.0161329645585022,0
1.2290218621294098,0.9009088760241706,-1.179024470547907,-0.05139728026112138,1.2854498274770565,-1.177851894974348,0.8577891279455886,0.2744324511807092,-0.005521280078902488,0.6910700256137552,1.066572152642809,-0.6266628211682062,0.9841231756854657,0
0.21232733076517762,-1.1099901739376037,-0.502969299721533,-0.2971740410400024,-0.06640278899360229,-1.177851894974348,-0.8841543251310949,-1.461440576166749,0.4409394457153629,-0.7996548742607882,0.5505611813513597,1.35754041339649,0.9841231756854657,0
0.7206745964472937,-1.1099901739376037,-1.179024470547907,-0.7677552861527118,0.6095235192417271,0.21058638994196582,0.17558072832246563,0.853056793629862,0.8840433239472655,2.2964660716324943,0.8085666669970842,-0.6266628211682062,0.9841231756854657,0
-0.8043672005990544,0.9009088760241706,-0.502969299721533,-0.4841084057087433,-0.5733475201700994,-1.177851894974348,-0.7257958293968509,0.2744324511807092,-1.8685716771903105,-0.45564143582820127,-0.7394662468772634,0.9408577341379036,0.9841231756854657,0
1.5679200392508204,0.9009088760241706,0.8491410419312149,1.3507920670881086,0.9474866733593919,-1.177851894974348,-0.6841475450187449,1.4316811360790147,-0.33449234119046656,-1.2583394588375707,1.066572152642809,0.9210157017922567,0.9841231756854657,0
-0.12657084635623306,0.9009088760241706,-0.502969299721533,0.07770540041531326,0.4405419421828948,0.9048055324001227,0.26077759902748887,-0.8828162337175963,0.23617174441122635,-0.11162799739561437,0.29255569570563505,-2.610866055732902,0.9841231756854657,0
1.906818216372231,0.9009088760241706,0.8491410419312149,-0.4854981348707649,2.2993392898300504,0.9048055324001227,-0.5674373336626071,0.853056793629862,1.1861596045599256,-0.2262991435398101,2.356599580871432,0.5043330225336705,-1.0161329645585022,0
-0.46546902347764374,0.9009088760241706,-0.502969299721533,-0.3021486397449659,-0.404365943111267,0.9048055324001227,0.5410721364771007,-0.3041918912684436,0.39730042740464494,0.8057411717579506,-0.7394662468772634,0.9210157017922567,0.9841231756854657,0
1.906818216372231,-1.1099901739376037,0.8491410419312149,-0.9305431066313281,1.9613761357123858,0.9048055324001227,-1.359229812333827,-0.8828162337175963,-0.6265380791160384,-1.0289971665491795,2.098594095225707,0.20670253734896618,0.9841231756854657,0
0.890123685007999,0.9009088760241706,-1.179024470547907,0.836118505834897,0.6095235192417271,-1.177851894974348,-0.09236184645987515,-0.8828162337175963,0.19924642122523406,-0.7996548742607882,0.8085666669970842,1.298014316359549,-1.0161329645585022,0
-0.8043672005990544,0.9009088760241706,0.8491410419312149,-0.485308626348671,-0.911310674287764,0.9048055324001227,0.06599664927436881,-0.8828162337175963,0.7094872507043943,0.6910700256137552,-0.4814607612315388,-0.07108591549009124,-1.0161329645585022,0
-0.8043672005990544,0.9009088760241706,-0.502969299721533,-0.7950129285805437,-0.23538436605243465,0.9048055324001227,-1.1850354670261585,0.853056793629862,0.4745079213389917,-0.7996548742607882,-0.7394662468772634,-2.194183376474316,0.9841231756854657,0
-0.2960199349169384,-1.1099901739376037,0.8491410419312149,-0.4823554518793752,-0.5733475201700994,0.9048055324001227,-0.804975077263973,-0.8828162337175963,-0.2807827801926602,-0.570312581972397,-0.7394662468772634,-0.5671367241312653,0.9841231756854657,0
0.21232733076517762,0.9009088760241706,-0.502969299721533,0.3422277125046442,-0.06640278899360229,-1.177851894974348,1.6495816066168083,-0.3041918912684436,0.27645391515958084,0.6910700256137552,0.03455021005991044,-0.9441353386985575,0.9841231756854657,0
0.0428782422044723,-1.1099901739376037,-0.502969299721533,-0.7892171262798402,-0.06640278899360229,-1.177851894974348,-1.3212237733576082,1.4316811360790147,-1.1602768415317393,-1.143668312693375,-0.22345527558581418,-1.202081759191968,0.9841231756854657,0
1.0595727735687044,-1.1099901739376037,1.5251962127575889,-0.48897245777581877,0.9474866733593919,0.9048055324001227,-0.5674373336626071,-1.461440576166749,0.2898813054090322,-0.2262991435398101,1.066572152642809,1.5758027691986063,-1.0161329645585022,0
-0.634918112038349,-1.1099901739376037,1.5251962127575889,-0.22801922285258866,-0.911310674287764,-1.177851894974348,-0.7257958293968509,-0.8828162337175963,1.1055952630632166,-0.6849837281165926,-0.7394662468772634,0.12733440796637835,0.9841231756854657,0
-0.46546902347764374,-1.1099901739376037,1.5251962127575889,0.21797329151844386,-0.06640278899360229,-1.177851894974348,1.0161476236798326,-0.8828162337175963,1.2197280801835553,0.3470565871811683,-0.7394662468772634,-1.0433455004267922,0.9841231756854657,0
3.431860013418579,0.9009088760241706,0.8491410419312149,-0.22208128916031472,2.9752655980653797,-1.177851894974348,-0.2507203421941191,-0.3041918912684436,0.5852838908969674,-0.2262991435398101,3.38862152345433,1.6551708985811941,0.9841231756854657,0
-0.46546902347764374,-1.1099901739376037,-1.179024470547907,-0.37210886915127855,-0.404365943111267,-1.177851894974348,-0.8841543251310949,0.853056793629862,-0.6298949266784012,-0.7996548742607882,-0.22345527558581418,-0.7853990799333818,0.9841231756854657,0
-0.46546902347764374,-1.1099901739376037,1.5251962127575889,-0.29998508411772784,-0.23538436605243465,-1.177851894974348,1.9566387298455075,-0.3041918912684436,-0.025662365453080038,2.525808363920885,0.29255569570563505,0.08765034327508442,0.9841231756854657,0
-0.2960199349169384,-1.1099901739376037,0.8491410419312149,0.11758115193922733,-0.5733475201700994,0.21058638994196582,1.0161476236798326,1.4316811360790147,-0.07937192645088645,0.4617277333253637,-0.7394662468772634,0.801963507718375,0.9841231756854657,0
-0.12657084635623306,-1.1099901739376037,0.8491410419312149,-0.3183674107608312,-0.23538436605243465,0.9048055324001227,-0.8841543251310949,1.4316811360790147,-0.14315203013578132,-0.7996548742607882,-0.22345527558581418,0.22654456969461315,-1.0161329645585022,0
-0.634918112038349,-1.1099901739376037,0.8491410419312149,-0.4850717406960537,-0.911310674287764,-1.177851894974348,-0.7257958293968509,0.2744324511807092,-0.9957913109759576,-0.45564143582820127,-0.4814607612315388,-0.686188918205147,-1.0161329645585022,0
0.38177641932588297,0.9009088760241706,-0.502969299721533,1.026858833322356,0.4405419421828948,-1.177851894974348,0.8577891279455886,0.853056793629862,-1.036073481724312,-0.45564143582820127,0.5505611813513597,0.7622794430270811,0.9841231756854657,0
0.21232733076517762,-1.1099901739376037,-0.502969299721533,-0.5621227473040444,-0.06640278899360229,0.9048055324001227,-0.2507203421941191,1.4316811360790147,0.44765314084008856,0.4617277333253637,0.29255569570563505,-0.2893482712922078,-1.0161329645585022,0
-0.46546902347764374,0.9009088760241706,-0.502969299721533,0.41942085050420536,-0.404365943111267,-1.177851894974348,0.06599664927436881,-0.8828162337175963,-0.17000681063468454,-0.570312581972397,-0.997471732522988,0.5837011519162584,-1.0161329645585022,0
-0.2960199349169384,0.9009088760241706,0.8491410419312149,-0.3009010419745148,-0.7423290972289317,0.9048055324001227,-0.6588101857012658,-1.461440576166749,-0.8413763231072641,-0.570312581972397,-0.7394662468772634,-0.03140185079879733,0.9841231756854657,0
-0.2960199349169384,0.9009088760241706,-0.502969299721533,-0.1085183072955757,0.2715603651240624,0.9048055324001227,-1.042512820865339,-1.461440576166749,-0.33449234119046656,-1.143668312693375,-0.4814607612315388,-0.6663468858595001,0.9841231756854657,0
-0.46546902347764374,0.9009088760241706,1.5251962127575889,1.7805816028201171,-0.06640278899360229,-1.177851894974348,1.2498847633835766,-0.3041918912684436,-0.8010941523589095,-0.570312581972397,-0.7394662468772634,-1.9957630530178463,0.9841231756854657,0
0.0428782422044723,0.9009088760241706,-1.179024470547907,-0.7692871467063037,0.10257878806523006,0.9048055324001227,-1.359229812333827,-0.8828162337175963,-1.1065672805339328,-1.2583394588375707,0.8085666669970842,0.46464895784237664,-1.0161329645585022,0
-0.46546902347764374,-1.1099901739376037,-0.502969299721533,-0.48521387208762407,-0.23538436605243465,-1.177851894974348,-0.963333572998217,-0.8828162337175963,-0.5661148229935064,-0.7996548742607882,-0.7394662468772634,1.774223092655076,0.9841231756854657,0
-0.9738162891597597,-1.1099901739376037,0.8491410419312149,-0.2711482040057805,-0.911310674287764,0.9048055324001227,0.06599664927436881,0.853056793629862,-0.42177037781190185,0.23238544103697253,-0.7394662468772634,-1.2616078562289088,-1.0161329645585022,0
0.21232733076517762,-1.1099901739376037,-1.179024470547907,0.6483787299472573,-0.911310674287764,-1.177851894974348,-0.7574675285436998,0.853056793629862,-1.7376546222581577,-1.143668312693375,0.8085666669970842,0.7424374106814341,0.9841231756854657,0
0.21232733076517762,-1.1099901739376037,0.8491410419312149,-0.48467693127502487,-0.06640278899360229,0.9048055324001227,-1.0759264634652643,-1.461440576166749,-0.08944246913797492,-0.9143260204049839,-0.22345527558581418,0.40512286080543575,-1.0161329645585022,0
0.21232733076517762,-1.1099901739376037,0.8491410419312149,0.6510950187639358,-0.06640278899360229,-1.177851894974348,-0.2507203421941191,-0.8828162337175963,0.8706159336978135,-0.7996548742607882,0.29255569570563505,1.1194360252487263,0.9841231756854657,0
-0.8043672005990544,0.9009088760241706,-1.179024470547907,-0.7642493784939756,-0.5733475201700994,0.9048055324001227,-0.8841543251310949,1.4316811360790147,0.5517154152733386,-0.11162799739561437,-0.7394662468772634,-1.12271362980938,0.9841231756854657,0
3.262410924857874,0.9009088760241706,0.8491410419312149,2.1255029054077634,3.144247175124212,-1.177851894974348,-0.09236184645987515,-1.461440576166749,0.058258823605992396,-1.143668312693375,2.872610552162881,-2.2140254088199627,0.9841231756854657,0
-0.2960199349169384,0.9009088760241706,1.5251962127575889,-0.5594222508642072,-0.23538436605243465,0.9048055324001227,-0.4090788379283631,-0.8828162337175963,0.8034789824505558,0.23238544103697253,-0.4814607612315388,1.298014316359549,0.9841231756854657,0
0.5512255078865883,-1.1099901739376037,0.8491410419312149,-0.758137728656449,0.7785050963005594,0.21058638994196582,0.6474890456105127,1.4316811360790147,0.5550722628357013,3.328506386930255,1.066572152642809,0.08765034327508442,0.9841231756854657,0
1.5679200392508204,0.9009088760241706,-1.179024470547907,0.27190425843098504,2.130357712771218,-1.177851894974348,-0.5674373336626071,1.4316811360790147,0.08847045166725842,-0.9143260204049839,2.098594095225707,0.5440170872249644,0.9841231756854657,0
0.21232733076517762,-1.1099901739376037,-0.502969299721533,-0.2086103917148103,-0.23538436605243465,0.9048055324001227,-0.953673704758428,1.4316811360790147,-0.9924344634135942,-1.0289971665491795,0.03455021005991044,0.028124246238143545,0.9841231756854657,0
-0.634918112038349,0.9009088760241706,0.8491410419312149,-0.1851902968593788,-0.7423290972289317,0.21058638994196582,-1.2008713165995828,0.2744324511807092,-0.4251272253742647,-1.2583394588375707,-0.4814607612315388,-0.13061201252703214,0.9841231756854657,0
-0.9738162891597597,0.9009088760241706,-0.502969299721533,-0.33712875444812224,-0.911310674287764,0.9048055324001227,-1.2342849591995084,0.853056793629862,0.8001221348881931,-1.2583394588375707,-0.7394662468772634,-0.24966420660091387,-1.0161329645585022,0
-0.46546902347764374,0.9009088760241706,-0.502969299721533,-0.43813679672414374,-0.06640278899360229,0.9048055324001227,-0.38880895047437986,-0.8828162337175963,0.3469477139692014,0.003043148748581378,-0.22345527558581418,1.317856348705196,-1.0161329645585022,0
3.0929618362971683,0.9009088760241706,-1.179024470547907,26.236403701001873,2.8062840210065474,-1.177851894974348,0.3844555841959334,1.4316811360790147,-0.19686159113358773,-1.487681751125962,3.130616037808606,0.4448069254967297,0.9841231756854657,0
-0.46546902347764374,0.9009088760241706,-1.179024470547907,1.6725933299803055,-0.911310674287764,0.9048055324001227,1.3328646151483206,0.2744324511807092,-1.328119219649884,-0.45564143582820127,-0.997471732522988,0.7027533459901402,-1.0161329645585022,0
-0.8043672005990544,-1.1099901739376037,0.8491410419312149,-0.14394060855028432,-0.7423290972289317,-1.177851894974348,-1.042512820865339,-0.8828162337175963,0.1253957748532507,-1.143668312693375,-0.7394662468772634,0.6035431842619053,-1.0161329645585022,0
-0.46546902347764374,-1.1099901739376037,-1.179024470547907,0.36109960282982334,-0.23538436605243465,-1.177851894974348,-0.8841543251310949,-0.8828162337175963,-1.4086835611465938,-1.143668312693375,-0.7394662468772634,0.6035431842619053,0.9841231756854657,0
0.7206745964472937,-1.1099901739376037,-1.179024470547907,-0.6792232215812021,0.4405419421828948,-1.177851894974348,0.06599664927436881,-0.8828162337175963,-1.143492603719925,1.4937680486231246,0.5505611813513597,-0.5076106270943244,0.9841231756854657,0
-0.8043672005990544,-1.1099901739376037,0.8491410419312149,0.03566609326416109,-0.911310674287764,-1.177851894974348,1.6495816066168083,-0.8828162337175963,1.7702510804110705,1.1497546101905376,-0.4814607612315388,-0.30919030363785477,0.9841231756854657,0
-0.2960199349169384,0.9009088760241706,-0.502969299721533,0.4343604389959371,-0.911310674287764,0.9048055324001227,2.2830155895537843,-0.3041918912684436,-0.035732908140168516,0.9204123179021463,-0.22345527558581418,-0.15045404487267908,0.9841231756854657,0
-0.9738162891597597,0.9009088760241706,-1.179024470547907,-0.7972396537151465,-0.911310674287764,0.9048055324001227,-0.5674373336626071,0.2744324511807092,0.08847045166725842,0.6910700256137552,-0.7394662468772634,0.6432272489531993,0.9841231756854657,0
0.5512255078865883,-1.1099901739376037,-0.502969299721533,2.1644469066980494,-0.23538436605243465,-1.177851894974348,1.3328646151483206,0.2744324511807092,1.6561182632907314,-0.6849837281165926,0.29255569570563505,1.0400678958661385,0.9841231756854657,0
-0.8043672005990544,0.9009088760241706,1.5251962127575889,-0.7316065355633101,-0.911310674287764,0.9048055324001227,-1.052964481583799,0.853056793629862,-0.2874964753173858,-0.570312581972397,-0.4814607612315388,0.782121475372728,0.9841231756854657,0
-0.634918112038349,-1.1099901739376037,0.8491410419312149,-0.6971475692959119,-0.404365943111267,-1.177851894974348,-1.1494048054859536,-0.8828162337175963,-0.005521280078902488,-0.9143260204049839,-0.4814607612315388,-0.5472946917856183,0.9841231756854657,0
0.38177641932588297,-1.1099901739376037,-0.502969299721533,0.22506406872012202,0.10257878806523006,0.21058638994196582,-0.5674373336626071,1.4316811360790147,-0.04916029838962042,-0.9143260204049839,0.5505611813513597,0.286070666731554,0.9841231756854657,0
-0.634918112038349,0.9009088760241706,0.8491410419312149,-0.29137823873929886,-0.911310674287764,0.9048055324001227,-0.4882580857954851,1.4316811360790147,0.01797665285763789,-0.34097028968400567,-0.22345527558581418,-1.2616078562289088,0.9841231756854657,0
-0.8043672005990544,0.9009088760241706,-0.502969299721533,-0.769002883923163,-0.911310674287764,-1.177851894974348,-0.4089204794326288,0.853056793629862,0.9780350556934264,0.9204123179021463,-0.4814607612315388,-2.571181991041608,0.9841231756854657,0
2.5846145706150523,0.9009088760241706,0.8491410419312149,0.07712108247219056,2.637302443947715,-1.177851894974348,0.8577891279455886,0.853056793629862,0.36708879934337896,0.4617277333253637,2.6146050665171567,1.2186461869769611,-1.0161329645585022,0
-0.2960199349169384,-1.1099901739376037,-1.179024470547907,0.2478050913713839,-0.911310674287764,-1.177851894974348,-0.09236184645987515,0.853056793629862,-1.4254677989584081,-0.570312581972397,0.03455021005991044,0.5043330225336705,-1.0161329645585022,0
-0.9738162891597597,-1.1099901739376037,-0.502969299721533,-0.10861306155662263,-0.911310674287764,-1.177851894974348,-0.6307807319563046,1.4316811360790147,-1.1703473842188281,-0.6849837281165926,-0.4814607612315388,-0.686188918205147,0.9841231756854657,0
-0.8043672005990544,0.9009088760241706,1.5251962127575889,-0.7934494832732695,-0.911310674287764,0.9048055324001227,-0.7257958293968509,-1.461440576166749,-0.1129404020745153,0.3470565871811683,-0.4814607612315388,0.38528082845978884,0.9841231756854657,0
-0.2960199349169384,-1.1099901739376037,-1.179024470547907,-0.3396555347427069,-0.7423290972289317,0.9048055324001227,-0.6307807319563046,-1.461440576166749,0.1656779456016052,-0.45564143582820127,-0.4814607612315388,-0.36871640067479566,0.9841231756854657,0
0.5512255078865883,0.9009088760241706,-1.179024470547907,0.5533086213635097,0.4405419421828948,-1.177851894974348,2.4413740852880284,0.853056793629862,-0.3109944082539262,0.9204123179021463,0.03455021005991044,-2.114815247091728,0.9841231756854657,0
0.38177641932588297,-1.1099901739376037,-0.502969299721533,0.8384399852305466,0.2715603651240624,-1.177851894974348,2.4413740852880284,-0.8828162337175963,-0.1129404020745153,0.5763988794695595,0.5505611813513597,0.22654456969461315,0.9841231756854657,0
-0.2960199349169384,-1.1099901739376037,-1.179024470547907,0.17631300141147938,-0.23538436605243465,-1.177851894974348,1.0161476236798326,1.4316811360790147,1.7937490133476108,0.4617277333253637,-0.4814607612315388,0.6829113136444932,-1.0161329645585022,0
-0.46546902347764374,0.9009088760241706,1.5251962127575889,-0.7930704662290818,-0.23538436605243465,0.9048055324001227,-1.042512820865339,0.853056793629862,0.01797665285763789,-0.45564143582820127,-0.22345527558581418,-0.5869787564769122,0.9841231756854657,0
0.21232733076517762,0.9009088760241706,-0.502969299721533,2.9227178807260628,-0.06640278899360229,-1.177851894974348,-0.16140615060000552,-1.461440576166749,-0.17672050575941017,-1.2583394588375707,-0.22345527558581418,0.8416475724096689,-1.0161329645585022,0
-0.12657084635623306,-1.1099901739376037,-1.179024470547907,0.1350948978560672,-0.06640278899360229,0.9048055324001227,-0.8149516624952303,0.2744324511807092,-1.234127487903723,-1.0289971665491795,-0.4814607612315388,-0.5472946917856183,0.9841231756854657,0
0.0428782422044723,0.9009088760241706,-0.502969299721533,0.688633498515359,-0.23538436605243465,-1.177851894974348,0.3743206404689418,-0.8828162337175963,-1.4926047502056663,-0.45564143582820127,-0.4814607612315388,-0.9441353386985575,0.9841231756854657,0
-0.46546902347764374,0.9009088760241706,1.5251962127575889,-0.48339774875089137,-0.5733475201700994,0.9048055324001227,-0.7257958293968509,-1.461440576166749,0.665848232393677,-0.45564143582820127,-0.7394662468772634,-1.8965528912896115,0.9841231756854657,0
-0.8043672005990544,0.9009088760241706,-1.179024470547907,-0.3789943454540217,-0.911310674287764,0.9048055324001227,-0.608927259544979,0.853056793629862,-0.6735339449891191,-0.45564143582820127,-0.4814607612315388,0.18686050500331922,-1.0161329645585022,0
0.7206745964472937,0.9009088760241706,-1.179024470547907,0.700619912537795,0.9474866733593919,0.21058638994196582,2.274939306271338,0.853056793629862,-0.9219406646039736,0.5763988794695595,1.066572152642809,1.238488219322608,-1.0161329645585022,0
-0.634918112038349,-1.1099901739376037,0.8491410419312149,0.27218852121412584,-0.23538436605243465,-1.177851894974348,-0.09236184645987515,0.853056793629862,-0.492264176621523,-0.570312581972397,-0.4814607612315388,0.32575473142284794,0.9841231756854657,0
0.7206745964472937,0.9009088760241706,0.8491410419312149,0.3637843068928195,0.4405419421828948,-1.177851894974348,-0.5674373336626071,-1.461440576166749,0.4778647689013546,-0.9143260204049839,0.29255569570563505,-0.44808453005738347,0.9841231756854657,0
1.906818216372231,0.9009088760241706,0.17308587110484092,-0.737955071053454,1.6234129815947211,0.9048055324001227,-0.7574675285436998,0.2744324511807092,-0.8212352377330865,0.003043148748581378,1.8405886095799828,1.6551708985811941,-1.0161329645585022,0
-0.2960199349169384,0.9009088760241706,0.8491410419312149,0.5418749405305141,0.10257878806523006,-1.177851894974348,0.6172425729252721,1.4316811360790147,-0.27406908506793454,-0.2262991435398101,-0.7394662468772634,0.08765034327508442,-1.0161329645585022,0
-0.8043672005990544,-1.1099901739376037,0.8491410419312149,1.784671828421976,-0.911310674287764,-1.177851894974348,0.06599664927436881,-0.8828162337175963,-0.5996832986171352,-1.0289971665491795,-0.4814607612315388,0.6829113136444932,-1.0161329645585022,0
-0.46546902347764374,-1.1099901739376037,0.8491410419312149,-0.3387237845090788,-0.404365943111267,0.9048055324001227,-0.4090788379283631,0.2744324511807092,-1.267695963527352,-0.2262991435398101,-0.7394662468772634,-1.5989224061049072,0.9841231756854657,0
0.21232733076517762,0.9009088760241706,0.17308587110484092,1.1281511383815184,-0.06640278899360229,-1.177851894974348,2.4413740852880284,0.853056793629862,0.14553686022742765,0.3470565871811683,-0.4814607612315388,-1.202081759191968,0.9841231756854657,0
-0.634918112038349,0.9009088760241706,-0.502969299721533,-0.08115011822985567,-0.911310674287764,-1.177851894974348,1.3198792184981125,-0.8828162337175963,-0.5258326522451519,1.1497546101905376,-0.4814607612315388,-0.30919030363785477,-1.0161329645585022,0
-0.12657084635623306,-1.1099901739376037,-0.502969299721533,-0.3588432726047091,-0.06640278899360229,-1.177851894974348,-0.5674373336626071,-0.3041918912684436,-0.34120603631519225,-0.45564143582820127,0.29255569570563505,-0.686188918205147,0.9841231756854657,0
-0.9738162891597597,0.9009088760241706,0.8491410419312149,0.07933201522995213,-0.911310674287764,0.21058638994196582,-0.2507203421941191,1.4316811360790147,0.7497694214527494,-0.570312581972397,-0.7394662468772634,-0.6465048535138531,-1.0161329645585022,0
-0.12657084635623306,0.9009088760241706,-1.179024470547907,-0.6419532122360784,-0.06640278899360229,0.9048055324001227,-0.17154109432699713,0.2744324511807092,-0.5560442803064178,0.9204123179021463,0.03455021005991044,0.2463866020402601,0.9841231756854657,0
-0.2960199349169384,-1.1099901739376037,-1.179024470547907,-0.5366812282129453,-0.06640278899360229,0.9048055324001227,0.06599664927436881,1.4316811360790147,1.3103629643673533,0.9204123179021463,-0.7394662468772634,0.5440170872249644,-1.0161329645585022,0
-0.12657084635623306,-1.1099901739376037,-1.179024470547907,0.11671257121296386,-0.5733475201700994,-1.177851894974348,1.0161476236798326,0.2744324511807092,0.9108981044461687,0.4617277333253637,0.29255569570563505,-0.9639773710442044,0.9841231756854657,0
-0.8043672005990544,-1.1099901739376037,1.5251962127575889,-0.7913175123997137,-0.911310674287764,0.21058638994196582,-1.042512820865339,1.4316811360790147,-0.035732908140168516,-0.45564143582820127,-0.4814607612315388,0.4249648931510827,0.9841231756854657,0
-0.2960199349169384,-1.1099901739376037,-0.502969299721533,0.36297889567392067,-0.23538436605243465,0.9048055324001227,-1.1812348631285365,0.853056793629862,0.5047195494002578,-1.3730106049817663,-0.7394662468772634,-2.630708088078549,0.9841231756854657,0
0.0428782422044723,0.9009088760241706,1.5251962127575889,-0.5190885204118996,-0.06640278899360229,0.9048055324001227,-0.7257958293968509,0.2744324511807092,-0.3076375606915634,-0.34097028968400567,1.066572152642809,0.9805417988291976,0.9841231756854657,0
-0.2960199349169384,-1.1099901739376037,-0.502969299721533,-0.624802690986585,-0.5733475201700994,0.9048055324001227,-0.8841543251310949,-1.461440576166749,-1.2911938964638923,-0.45564143582820127,0.5505611813513597,-0.5869787564769122,-1.0161329645585022,0
-0.2960199349169384,-1.1099901739376037,0.8491410419312149,-0.8667892813235891,0.10257878806523006,0.9048055324001227,-0.7574675285436998,0.2744324511807092,-0.76752567673528,0.5763988794695595,-0.7394662468772634,0.40512286080543575,0.9841231756854657,0
-0.634918112038349,-1.1099901739376037,1.5251962127575889,0.26355009108201455,-0.7423290972289317,0.9048055324001227,1.0161476236798326,1.4316811360790147,0.2898813054090322,0.3470565871811683,-0.7394662468772634,0.5638591195706114,0.9841231756854657,0
-0.12657084635623306,-1.1099901739376037,1.5251962127575889,-0.43845264426096686,-0.06640278899360229,0.9048055324001227,0.38271364074285674,0.2744324511807092,0.23281489684886292,1.035083464046342,-0.22345527558581418,1.6353288662355472,-1.0161329645585022,0
-0.8043672005990544,-1.1099901739376037,-0.502969299721533,-0.5250896236115381,-0.23538436605243465,-1.177851894974348,-0.8830458156609552,0.2744324511807092,0.4409394457153629,-0.570312581972397,-0.7394662468772634,0.305912699077201,0.9841231756854657,0
-0.8043672005990544,0.9009088760241706,-0.502969299721533,-0.8273715087280685,-0.404365943111267,0.9048055324001227,-1.121692068732461,-1.461440576166749,-0.9622228353523281,-0.570312581972397,-0.997471732522988,-0.03140185079879733,0.9841231756854657,0
-0.46546902347764374,0.9009088760241706,-1.179024470547907,-0.3963975447329735,-0.06640278899360229,0.9048055324001227,0.06599664927436881,1.4316811360790147,0.6289229092076853,0.4617277333253637,-0.7394662468772634,-0.32903233598350173,0.9841231756854657,0
0.0428782422044723,0.9009088760241706,1.5251962127575889,-0.3978662357792008,-0.06640278899360229,0.9048055324001227,0.06599664927436881,0.2744324511807092,1.756823690161618,0.4617277333253637,-0.22345527558581418,1.0599099282117854,-1.0161329645585022,0
-0.12657084635623306,0.9009088760241706,1.5251962127575889,-0.7968290519172765,0.2715603651240624,0.9048055324001227,-1.0741845200121878,0.853056793629862,-0.018948670328354386,-0.45564143582820127,1.066572152642809,0.5440170872249644,0.9841231756854657,0
-0.2960199349169384,0.9009088760241706,-1.179024470547907,-0.2936997181349485,-0.23538436605243465,0.9048055324001227,0.6780522352872217,1.4316811360790147,-1.5765259392647386,1.035083464046342,0.03455021005991044,-0.17029607721832604,0.9841231756854657,0
-0.2960199349169384,-1.1099901739376037,-1.179024470547907,-0.29731617243157277,-0.23538436605243465,0.9048055324001227,-1.0741845200121878,0.2744324511807092,-0.2874964753173858,-1.0289971665491795,-0.7394662468772634,0.8416475724096689,0.9841231756854657,0
0.38177641932588297,0.9009088760241706,0.8491410419312149,-0.1900069717959308,0.10257878806523006,-1.177851894974348,-0.8841543251310949,1.4316811360790147,-1.2911938964638923,-0.9143260204049839,0.5505611813513597,0.14717644031202531,0.9841231756854657,0
-0.12657084635623306,0.9009088760241706,-0.502969299721533,2.631585413659387,0.2715603651240624,-1.177851894974348,0.18698254001533118,-0.8828162337175963,-0.46205254856025635,-1.143668312693375,0.03455021005991044,1.2186461869769611,0.9841231756854657,0
1.0595727735687044,0.9009088760241706,1.5251962127575889,1.975301609271547,1.6234129815947211,-1.177851894974348,-0.5926163344843518,-0.8828162337175963,-0.7104592681751108,-1.2583394588375707,1.066572152642809,0.8416475724096689,0.9841231756854657,0
-0.634918112038349,-1.1099901739376037,-1.179024470547907,-0.5371234147644975,-0.404365943111267,0.9048055324001227,-1.015433518094783,-0.8828162337175963,0.20260326878759688,-0.7996548742607882,-0.22345527558581418,0.6432272489531993,0.9841231756854657,0
1.0595727735687044,-1.1099901739376037,1.5251962127575889,-0.47314849618098237,0.6095235192417271,0.9048055324001227,-1.1022139737571488,1.4316811360790147,0.4510099884024514,-1.0289971665491795,0.8085666669970842,1.734539027963782,-1.0161329645585022,0
1.0595727735687044,0.9009088760241706,0.8491410419312149,-0.22186019588453856,0.2715603651240624,-1.177851894974348,0.06599664927436881,0.2744324511807092,-1.3146918294004326,0.1177142948927768,0.5505611813513597,0.5440170872249644,0.9841231756854657,0
-0.634918112038349,0.9009088760241706,0.8491410419312149,0.47524690263768504,-0.7423290972289317,0.9048055324001227,0.06599664927436881,0.853056793629862,1.756823690161618,-0.570312581972397,-0.4814607612315388,-2.194183376474316,0.9841231756854657,0
1.2290218621294098,0.9009088760241706,1.5251962127575889,-1.0132004070179286,1.6234129815947211,0.9048055324001227,-1.2800505644667048,1.4316811360790147,0.22610120172413728,-0.45564143582820127,0.5505611813513597,-0.051243883144444294,0.9841231756854657,0
0.0428782422044723,0.9009088760241706,0.8491410419312149,0.08479617761699144,-0.23538436605243465,0.9048055324001227,-0.5577774654228181,0.853056793629862,-1.4086835611465938,-0.7996548742607882,0.03455021005991044,1.1591200899400202,-1.0161329645585022,0
0.38177641932588297,-1.1099901739376037,-1.179024470547907,0.45714883877772244,0.4405419421828948,-1.177851894974348,2.3226052134873454,0.2744324511807092,0.1656779456016052,0.9204123179021463,0.03455021005991044,-0.36871640067479566,0.9841231756854657,0
-0.12657084635623306,-1.1099901739376037,-0.502969299721533,-0.14564618524912895,-0.404365943111267,0.9048055324001227,0.0026532509806712224,-0.8828162337175963,-1.1770610793435539,0.003043148748581378,0.03455021005991044,-0.20998014190961997,-1.0161329645585022,0
0.38177641932588297,0.9009088760241706,-0.502969299721533,0.4592018477670725,0.2715603651240624,0.9048055324001227,0.8577891279455886,-0.3041918912684436,1.3137198119297162,0.003043148748581378,0.03455021005991044,0.26622863438590705,0.9841231756854657,0
0.5512255078865883,0.9009088760241706,-1.179024470547907,-0.2253187264127513,0.4405419421828948,-1.177851894974348,-0.5674373336626071,1.4316811360790147,-1.4456088843325854,-0.570312581972397,-0.22345527558581418,-0.44808453005738347,0.9841231756854657,0
0.5512255078865883,0.9009088760241706,-1.179024470547907,-0.08893576001254463,-0.06640278899360229,-1.177851894974348,1.1515441375326112,1.4316811360790147,0.12203892729088728,1.035083464046342,-0.22345527558581418,0.6432272489531993,0.9841231756854657,0
2.5846145706150523,0.9009088760241706,0.8491410419312149,-0.20584672576760832,2.130357712771218,0.21058638994196582,-1.2008713165995828,0.853056793629862,0.5114332445249834,-1.2583394588375707,1.3245776382885335,1.4964346398160184,0.9841231756854657,0
0.21232733076517762,-1.1099901739376037,0.8491410419312149,0.13782697904958688,0.7785050963005594,-1.177851894974348,0.38271364074285674,-0.8828162337175963,-1.1938453171553682,0.003043148748581378,0.5505611813513597,-0.20998014190961997,0.9841231756854657,0
0.21232733076517762,0.9009088760241706,-1.179024470547907,0.2099033869526141,-0.06640278899360229,0.9048055324001227,-1.1421203146821783,-0.8828162337175963,-0.4318409204989903,-1.2583394588375707,1.066572152642809,-0.7457150152420878,-1.0161329645585022,0
2.2457163934936415,-1.1099901739376037,-1.179024470547907,0.49326600461344183,2.637302443947715,-1.177851894974348,0.38271364074285674,-0.3041918912684436,-1.1233515183457474,-0.34097028968400567,2.098594095225707,-0.13061201252703214,-1.0161329645585022,0
-0.12657084635623306,-1.1099901739376037,0.8491410419312149,0.04597851534143471,-0.5733475201700994,-1.177851894974348,1.6495816066168083,-0.8828162337175963,-0.4452683107484422,1.1497546101905376,0.5505611813513597,0.2463866020402601,0.9841231756854657,0
1.0595727735687044,-1.1099901739376037,0.8491410419312149,-0.4506443591823378,1.1164682504182242,0.9048055324001227,-0.5674373336626071,1.4316811360790147,-0.04244660326489417,-0.2262991435398101,0.5505611813513597,0.7622794430270811,0.9841231756854657,0
0.0428782422044723,-1.1099901739376037,1.5251962127575889,0.08621749153269531,-0.5733475201700994,0.9048055324001227,0.5410721364771007,0.853056793629862,-1.0461440244114009,0.1177142948927768,0.03455021005991044,0.9011736694466097,-1.0161329645585022,0
1.2290218621294098,0.9009088760241706,1.5251962127575889,-0.7914912285449665,0.9474866733593919,0.9048055324001227,-1.2008713165995828,0.2744324511807092,-0.572828518118232,-0.7996548742607882,0.5505611813513597,-0.32903233598350173,0.9841231756854657,0
-0.634918112038349,-1.1099901739376037,-0.502969299721533,0.5134486622164368,-0.911310674287764,0.9048055324001227,0.06599664927436881,-0.8828162337175963,1.0518857020654102,-0.570312581972397,-0.997471732522988,0.028124246238143545,0.9841231756854657,0
1.2290218621294098,-1.1099901739376037,0.8491410419312149,0.0825062829750241,0.2715603651240624,-1.177851894974348,-0.2507203421941191,-0.8828162337175963,-0.22035952407012813,-0.570312581972397,1.3245776382885335,-0.6663468858595001,0.9841231756854657,0
0.7206745964472937,-1.1099901739376037,-0.502969299721533,1.6955238611536612,0.6095235192417271,-1.177851894974348,0.8577891279455886,-0.8828162337175963,0.07504306141780712,-0.6849837281165926,0.5505611813513597,-0.7457150152420878,-1.0161329645585022,0
-0.46546902347764374,0.9009088760241706,-1.179024470547907,-0.08891996763570348,-0.23538436605243465,-1.177851894974348,0.8577891279455886,-0.3041918912684436,0.5483585677109757,0.6910700256137552,-0.997471732522988,-1.8767108589439645,-1.0161329645585022,0
1.7373691278115257,-1.1099901739376037,-1.179024470547907,1.5181280920969773,1.1164682504182242,-1.177851894974348,0.8577891279455886,-1.461440576166749,-0.885015341417982,-0.570312581972397,1.3245776382885335,0.6035431842619053,0.9841231756854657,0
0.0428782422044723,0.9009088760241706,0.8491410419312149,0.04266211620479235,0.6095235192417271,0.9048055324001227,-0.08270197822008628,0.2744324511807092,0.790051592201104,-0.34097028968400567,-0.22345527558581418,-2.075131182400434,0.9841231756854657,0
0.5512255078865883,-1.1099901739376037,0.8491410419312149,-0.20133010599103826,-0.06640278899360229,0.9048055324001227,0.0976683484212176,0.853056793629862,0.6927030128925802,0.1177142948927768,0.03455021005991044,1.337698381050843,0.9841231756854657,0
-0.2960199349169384,-1.1099901739376037,-0.502969299721533,0.5060104527242532,-0.404365943111267,0.9048055324001227,0.38271364074285674,-1.461440576166749,0.23617174441122635,-0.34097028968400567,-0.4814607612315388,-0.6663468858595001,0.9841231756854657,0
1.5679200392508204,-1.1099901739376037,0.8491410419312149,2.2822738303099,1.7923945586535535,-1.177851894974348,-1.0423544623696046,1.4316811360790147,-1.5496711587658354,-1.487681751125962,1.8405886095799828,0.7027533459901402,0.9841231756854657,0
3.940207279100695,-1.1099901739376037,-1.179024470547907,-0.7030855029881858,3.8201734833595413,0.9048055324001227,-0.7257958293968509,1.4316811360790147,-0.3244217985033781,0.003043148748581378,3.38862152345433,2.1512217072223683,-1.0161329645585022,0
-0.9738162891597597,0.9009088760241706,0.8491410419312149,-0.6755435977772131,-0.911310674287764,0.9048055324001227,-0.5674373336626071,-0.8828162337175963,0.12203892729088728,0.23238544103697253,-0.7394662468772634,-0.8647672093159696,0.9841231756854657,0
0.890123685007999,0.9009088760241706,-0.502969299721533,0.6450939155642972,0.6095235192417271,-1.177851894974348,2.4413740852880284,-0.3041918912684436,0.24288543953595199,0.8057411717579506,1.066572152642809,1.258330251668255,-1.0161329645585022,0
-0.8043672005990544,-1.1099901739376037,-1.179024470547907,-0.5817842564712813,-0.911310674287764,0.9048055324001227,-0.7257958293968509,0.2744324511807092,0.13210946997797635,-0.2262991435398101,-0.7394662468772634,-0.7258729828964409,0.9841231756854657,0
-0.634918112038349,-1.1099901739376037,0.8491410419312149,2.407381039645523,-0.911310674287764,-1.177851894974348,0.06599664927436881,-0.8828162337175963,0.6893461653302174,-1.143668312693375,-0.4814607612315388,-1.0830295651180861,0.9841231756854657,0
1.7373691278115257,-1.1099901739376037,0.8491410419312149,0.5730333000381111,1.7923945586535535,-1.177851894974348,-1.2797338474752364,0.853056793629862,1.0787404825643134,-1.487681751125962,2.098594095225707,0.5043330225336705,0.9841231756854657,0
1.2290218621294098,-1.1099901739376037,-0.502969299721533,0.07996371030359829,1.2854498274770565,-1.177851894974348,-0.18056752858384903,-1.461440576166749,-0.5795422132429582,-0.45564143582820127,1.8405886095799828,-0.051243883144444294,0.9841231756854657,0
0.38177641932588297,0.9009088760241706,-1.179024470547907,-0.5040383852822797,0.10257878806523006,0.9048055324001227,-0.43314932927996813,0.2744324511807092,0.6457071470194995,0.003043148748581378,0.5505611813513597,-0.7258729828964409,0.9841231756854657,0
-0.46546902347764374,-1.1099901739376037,0.8491410419312149,-0.5162143078268095,-0.7423290972289317,0.9048055324001227,-0.6426576191363729,0.2744324511807092,-0.7641688291729173,-0.2262991435398101,-0.4814607612315388,0.9011736694466097,0.9841231756854657,0
-0.8043672005990544,-1.1099901739376037,1.5251962127575889,-0.6573665720330447,-0.911310674287764,-1.177851894974348,-0.32340689173613707,-1.461440576166749,-0.3479197314399179,0.6910700256137552,-0.4814607612315388,-2.1743413441286688,0.9841231756854657,0
0.7206745964472937,0.9009088760241706,-1.179024470547907,0.5571619613127513,0.4405419421828948,-1.177851894974348,-0.0453293732268047,0.2744324511807092,-1.3449034574616987,-0.6849837281165926,0.5505611813513597,0.6829113136444932,0.9841231756854657,0
-0.634918112038349,-1.1099901739376037,-1.179024470547907,-0.581136769020794,-0.404365943111267,0.9048055324001227,-0.6209625052207814,-0.8828162337175963,0.42079836034118534,-0.11162799739561437,-0.7394662468772634,-0.6068207888225592,0.9841231756854657,0
-0.46546902347764374,-1.1099901739376037,0.8491410419312149,0.26841414314909,-0.911310674287764,-1.177851894974348,2.4413740852880284,-0.8828162337175963,-0.21700267650776528,1.379096902478929,-0.7394662468772634,-1.678290535487495,0.9841231756854657,0
-0.634918112038349,0.9009088760241706,1.5251962127575889,0.1172495120255631,-0.911310674287764,0.9048055324001227,0.8577891279455886,-1.461440576166749,0.007906110170548816,0.3470565871811683,-0.997471732522988,0.0479662785837905,0.9841231756854657,0
0.0428782422044723,0.9009088760241706,-0.502969299721533,0.08037431210146831,-0.5733475201700994,0.9048055324001227,1.6495816066168083,-0.3041918912684436,0.34023401884447574,1.1497546101905376,0.03455021005991044,0.4249648931510827,0.9841231756854657,0
-0.634918112038349,-1.1099901739376037,1.5251962127575889,-0.39753459586553663,-0.06640278899360229,0.9048055324001227,-1.2008713165995828,0.853056793629862,0.4308689030282738,-1.143668312693375,-0.7394662468772634,0.46464895784237664,0.9841231756854657,0
0.7206745964472937,0.9009088760241706,0.8491410419312149,0.6416827621666079,0.10257878806523006,-1.177851894974348,2.4413740852880284,1.4316811360790147,1.4312094766124175,0.8057411717579506,0.5505611813513597,0.9011736694466097,0.9841231756854657,0
-0.46546902347764374,0.9009088760241706,-1.179024470547907,-0.6750698264719786,-0.7423290972289317,-1.177851894974348,1.7552067232715491,1.4316811360790147,-0.492264176621523,4.819231286804798,-0.4814607612315388,0.6829113136444932,-1.0161329645585022,0
0.38177641932588297,-1.1099901739376037,-0.502969299721533,1.4055758223500723,0.2715603651240624,-1.177851894974348,1.3328646151483206,-0.3041918912684436,-0.27742593263029736,-0.34097028968400567,0.5505611813513597,-0.11076998018138517,-1.0161329645585022,0
3.601309101979284,-1.1099901739376037,0.17308587110484092,-0.6960263105401899,3.4822103292418767,0.9048055324001227,-0.4124043663387822,0.853056793629862,-1.0662851097855781,0.5763988794695595,3.38862152345433,1.9329593514202517,0.9841231756854657,0
-0.46546902347764374,-1.1099901739376037,-0.502969299721533,-0.21840166535632582,0.10257878806523006,0.9048055324001227,0.06599664927436881,0.853056793629862,0.15560740291451672,0.1177142948927768,-0.4814607612315388,0.8614896047553159,0.9841231756854657,0
1.398470950690115,0.9009088760241706,-1.179024470547907,0.27345191136141817,1.7923945586535535,-1.177851894974348,0.8577891279455886,0.853056793629862,-0.8749447987308929,0.1177142948927768,1.8405886095799828,0.8813316371009629,0.9841231756854657,0
-0.634918112038349,-1.1099901739376037,-1.179024470547907,-0.20745754820540604,-0.404365943111267,0.9048055324001227,-0.013182598592753173,0.2744324511807092,-1.2240569452166343,0.003043148748581378,-0.22345527558581418,-0.7655570475877348,0.9841231756854657,0
-0.46546902347764374,0.9009088760241706,1.5251962127575889,-0.35806944613949254,-0.23538436605243465,0.9048055324001227,-0.09236184645987515,-0.8828162337175963,-1.173704231781191,0.23238544103697253,-0.4814607612315388,0.9408577341379036,0.9841231756854657,0
-0.12657084635623306,0.9009088760241706,0.8491410419312149,-0.3241316283078524,-0.5733475201700994,0.9048055324001227,-1.0882784261325353,-0.8828162337175963,-1.240841183028449,-1.0289971665491795,-0.22345527558581418,-1.2417658238832618,0.9841231756854657,0
0.38177641932588297,-1.1099901739376037,-0.502969299721533,-0.10919737949974533,0.9474866733593919,0.9048055324001227,-0.5674373336626071,-1.461440576166749,-0.1935047435712249,-0.6849837281165926,1.066572152642809,0.8614896047553159,0.9841231756854657,0
-0.46546902347764374,0.9009088760241706,-1.179024470547907,-0.147288592440609,-0.7423290972289317,0.9048055324001227,-0.5674373336626071,-0.3041918912684436,-1.1199946707833845,-0.570312581972397,-0.22345527558581418,1.1591200899400202,-1.0161329645585022,0
-0.46546902347764374,0.9009088760241706,-0.502969299721533,0.325503585429862,-0.404365943111267,-1.177851894974348,-0.7257958293968509,0.853056793629862,-1.4254677989584081,-1.0289971665491795,-0.4814607612315388,1.5559607368529593,0.9841231756854657,0
-0.8043672005990544,0.9009088760241706,-1.179024470547907,0.17563392920730975,-0.911310674287764,0.9048055324001227,1.6495816066168083,0.853056793629862,-0.06594453620143455,0.9204123179021463,-0.997471732522988,-2.3727616675851384,0.9841231756854657,0
2.0762673049329363,0.9009088760241706,-1.179024470547907,-0.013637707233921962,0.9474866733593919,-1.177851894974348,-0.5674373336626071,1.4316811360790147,-0.6668202498643935,-0.6849837281165926,2.356599580871432,1.317856348705196,0.9841231756854657,0
0.0428782422044723,0.9009088760241706,1.5251962127575889,-0.3746988189532278,0.4405419421828948,0.9048055324001227,0.06599664927436881,1.4316811360790147,-0.6500360120525788,0.4617277333253637,0.29255569570563505,1.0599099282117854,0.9841231756854657,0
-0.2960199349169384,0.9009088760241706,0.8491410419312149,0.5595624025926067,-0.23538436605243465,0.9048055324001227,-0.2507203421941191,0.853056793629862,0.041474585794178266,-0.7996548742607882,-0.4814607612315388,-0.44808453005738347,0.9841231756854657,0
0.0428782422044723,0.9009088760241706,0.8491410419312149,-0.7125451367160371,0.10257878806523006,0.9048055324001227,-0.6529509213590988,0.2744324511807092,0.39730042740464494,0.23238544103697253,-0.22345527558581418,-1.5195542767223194,0.9841231756854657,0
0.21232733076517762,0.9009088760241706,-1.179024470547907,1.3130482864377504,-0.23538436605243465,0.9048055324001227,2.2830155895537843,-1.461440576166749,-1.3482603050240614,0.1177142948927768,0.8085666669970842,-1.7576586648700827,-1.0161329645585022,0
-0.46546902347764374,-1.1099901739376037,1.5251962127575889,-0.4510233762265255,-0.5733475201700994,0.9048055324001227,0.06599664927436881,0.853056793629862,-0.005521280078902488,0.5763988794695595,-0.997471732522988,1.4765926074703717,-1.0161329645585022,0
0.21232733076517762,-1.1099901739376037,-0.502969299721533,0.4716146559642196,0.2715603651240624,-1.177851894974348,0.06599664927436881,-0.8828162337175963,-0.8245920852954493,-0.570312581972397,0.29255569570563505,0.5043330225336705,0.9841231756854657,0
-0.12657084635623306,0.9009088760241706,-0.502969299721533,-0.7705031597230726,-0.404365943111267,0.21058638994196582,0.17779774726274505,-0.8828162337175963,0.830333762949459,2.2964660716324943,0.03455021005991044,1.4170665104334308,-1.0161329645585022,0
0.21232733076517762,-1.1099901739376037,0.17308587110484092,1.0757678243994102,-0.06640278899360229,-1.177851894974348,0.06599664927436881,-0.3041918912684436,-0.5761853656805954,-0.7996548742607882,-0.4814607612315388,0.9011736694466097,0.9841231756854657,0
-0.8043672005990544,0.9009088760241706,0.8491410419312149,-0.4883881398326961,-0.911310674287764,0.9048055324001227,-0.804975077263973,0.2744324511807092,0.7296283360785719,-0.570312581972397,-0.4814607612315388,-0.4877685947486774,0.9841231756854657,0
1.906818216372231,0.9009088760241706,0.8491410419312149,0.24641536220936236,1.9613761357123858,0.9048055324001227,-0.8841543251310949,1.4316811360790147,-0.9689365304770544,-1.143668312693375,1.3245776382885335,1.337698381050843,0.9841231756854657,0
-0.2960199349169384,0.9009088760241706,0.8491410419312149,-0.677786115288657,0.10257878806523006,-1.177851894974348,0.8577891279455886,-0.3041918912684436,0.11532523216616163,3.0991640946418633,-0.997471732522988,0.008282213892496587,-1.0161329645585022,0
0.5512255078865883,-1.1099901739376037,0.8491410419312149,-0.29960606707354015,0.6095235192417271,0.9048055324001227,-0.5674373336626071,0.853056793629862,1.2835081838684501,-0.45564143582820127,0.8085666669970842,0.4448069254967297,0.9841231756854657,0
0.38177641932588297,0.9009088760241706,-0.502969299721533,0.08009004931832753,-0.23538436605243465,0.9048055324001227,-0.5495428236446375,1.4316811360790147,-1.0964967378468442,-0.7996548742607882,0.5505611813513597,0.3654387961141419,-1.0161329645585022,0
0.21232733076517762,0.9009088760241706,1.5251962127575889,-0.40590455559134825,0.2715603651240624,-1.177851894974348,1.6644673052158274,-1.461440576166749,-0.42177037781190185,2.640479510065081,1.066572152642809,1.35754041339649,0.9841231756854657,0
-0.634918112038349,-1.1099901739376037,0.8491410419312149,-0.2760438408265382,-0.7423290972289317,-1.177851894974348,-0.5674373336626071,0.853056793629862,-0.8749447987308929,-0.45564143582820127,-0.997471732522988,-0.7853990799333818,-1.0161329645585022,0
2.0762673049329363,-1.1099901739376037,-0.502969299721533,-0.5450196031850746,1.7923945586535535,0.9048055324001227,-0.9592162521091266,0.853056793629862,0.7296283360785719,-0.6849837281165926,1.582583123934258,0.32575473142284794,-1.0161329645585022,0
-0.634918112038349,0.9009088760241706,-1.179024470547907,0.3102955265318306,-0.7423290972289317,-1.177851894974348,0.8006217109855266,1.4316811360790147,-0.5996832986171352,0.1177142948927768,-0.7394662468772634,-0.30919030363785477,0.9841231756854657,0
-0.12657084635623306,0.9009088760241706,-0.502969299721533,3.3759117189366616,-0.06640278899360229,-1.177851894974348,0.7933372201817513,0.853056793629862,0.7631968117022008,-1.0289971665491795,-0.22345527558581418,-0.6663468858595001,0.9841231756854657,0
-0.8043672005990544,0.9009088760241706,-1.179024470547907,-0.2955790109790458,-0.911310674287764,0.9048055324001227,-0.5674373336626071,0.853056793629862,0.6792756226431284,-0.45564143582820127,-0.4814607612315388,0.7622794430270811,0.9841231756854657,0
2.0762673049329363,0.9009088760241706,0.8491410419312149,0.17402310676951202,1.2854498274770565,0.9048055324001227,0.6994306322113446,-0.8828162337175963,-1.5060321404551178,0.1177142948927768,1.8405886095799828,-0.2893482712922078,0.9841231756854657,0
-0.12657084635623306,0.9009088760241706,-1.179024470547907,-0.1889646749244146,-0.404365943111267,-1.177851894974348,-0.8656263811301884,-0.8828162337175963,-0.15993626794759605,-0.9143260204049839,0.29255569570563505,0.4448069254967297,-1.0161329645585022,0
0.7206745964472937,-1.1099901739376037,1.5251962127575889,0.05997056122269723,0.6095235192417271,0.9048055324001227,-0.7527167736716724,0.2744324511807092,0.15896425047687956,-0.9143260204049839,0.03455021005991044,0.008282213892496587,-1.0161329645585022,0
-0.9738162891597597,0.9009088760241706,1.5251962127575889,-0.10629158216097298,-0.7423290972289317,0.9048055324001227,0.8577891279455886,1.4316811360790147,0.15560740291451672,0.6910700256137552,-0.4814607612315388,-1.2814498885745558,0.9841231756854657,0
-0.2960199349169384,0.9009088760241706,0.8491410419312149,-0.6777229457812923,-0.911310674287764,0.9048055324001227,-0.8841543251310949,1.4316811360790147,-1.1804179269059165,-0.34097028968400567,-0.22345527558581418,-0.7258729828964409,-1.0161329645585022,0
-0.634918112038349,-1.1099901739376037,0.8491410419312149,-0.19990879207533438,-0.5733475201700994,-1.177851894974348,-0.6626107895988876,1.4316811360790147,-0.31435125581628903,-0.6849837281165926,-0.4814607612315388,-0.5671367241312653,0.9841231756854657,0
0.38177641932588297,0.9009088760241706,1.5251962127575889,0.3135487561611084,0.10257878806523006,0.9048055324001227,0.38271364074285674,-1.461440576166749,-1.0025050061006833,-0.2262991435398101,0.29255569570563505,-0.40840046536608954,-1.0161329645585022,0
0.38177641932588297,0.9009088760241706,0.8491410419312149,-0.5278532895587401,-0.06640278899360229,0.9048055324001227,-0.3298995900612411,-0.8828162337175963,-0.2572848472561198,0.23238544103697253,0.03455021005991044,0.9805417988291976,-1.0161329645585022,0
0.0428782422044723,-1.1099901739376037,-1.179024470547907,2.1680317762409915,-0.06640278899360229,-1.177851894974348,0.6994306322113446,0.2744324511807092,-0.945438597540514,-0.9143260204049839,0.29255569570563505,-0.2893482712922078,0.9841231756854657,0
-0.12657084635623306,-1.1099901739376037,-0.502969299721533,1.4962082730414554,0.2715603651240624,-1.177851894974348,2.4413740852880284,1.4316811360790147,0.04483143335654109,0.003043148748581378,0.03455021005991044,0.8813316371009629,0.9841231756854657,0
-0.634918112038349,0.9009088760241706,0.8491410419312149,-0.5607803952725464,-0.911310674287764,0.9048055324001227,-0.2507203421941191,-0.8828162337175963,-0.05251714595198324,0.4617277333253637,-0.997471732522988,0.6233852166075523,-1.0161329645585022,0
0.890123685007999,-1.1099901739376037,-0.502969299721533,0.30581049150894285,1.2854498274770565,0.9048055324001227,-0.5674373336626071,0.2744324511807092,-1.173704231781191,-0.9143260204049839,0.29255569570563505,-0.7655570475877348,0.9841231756854657,0
-0.12657084635623306,-1.1099901739376037,1.5251962127575889,-0.5963448279188254,-0.06640278899360229,0.9048055324001227,-0.5674373336626071,0.2744324511807092,1.390927305864063,0.003043148748581378,1.066572152642809,0.2463866020402601,-1.0161329645585022,0
-0.634918112038349,-1.1099901739376037,-0.502969299721533,0.2712251862268154,-0.911310674287764,-1.177851894974348,-0.2507203421941191,-0.8828162337175963,0.501362701837895,-0.6849837281165926,-0.4814607612315388,-0.8647672093159696,-1.0161329645585022,0
0.5512255078865883,-1.1099901739376037,-1.179024470547907,2.483279202744109,0.10257878806523006,-1.177851894974348,-0.9767940451356276,1.4316811360790147,-0.6936750303632967,-1.487681751125962,0.29255569570563505,-0.6068207888225592,0.9841231756854657,0
-0.8043672005990544,-1.1099901739376037,0.8491410419312149,-0.7878589818715009,-0.911310674287764,0.9048055324001227,-1.2800505644667048,-0.8828162337175963,-0.33449234119046656,-1.0289971665491795,-0.7394662468772634,0.5440170872249644,0.9841231756854657,0
-0.8043672005990544,0.9009088760241706,-0.502969299721533,-0.22599779861692093,-0.5733475201700994,-1.177851894974348,-0.4090788379283631,0.2744324511807092,-0.43855461562371656,-0.34097028968400567,-0.4814607612315388,1.694854963272488,0.9841231756854657,0
1.906818216372231,0.9009088760241706,0.8491410419312149,-0.6777071534044512,2.130357712771218,-1.177851894974348,0.10653642418233526,-0.3041918912684436,-0.45869570099789353,1.6084391947673204,2.356599580871432,0.2463866020402601,0.9841231756854657,0
1.0595727735687044,0.9009088760241706,1.5251962127575889,-0.8107263435374921,1.2854498274770565,0.9048055324001227,-1.042512820865339,-0.8828162337175963,0.2563128297854033,-0.45564143582820127,0.03455021005991044,0.5638591195706114,0.9841231756854657,0
-0.9738162891597597,-1.1099901739376037,-1.179024470547907,-0.19908758847959437,-0.911310674287764,0.9048055324001227,-0.5674373336626071,-0.8828162337175963,0.04483143335654109,-0.570312581972397,-0.7394662468772634,-0.03140185079879733,0.9841231756854657,0
-0.2960199349169384,-1.1099901739376037,-1.179024470547907,-0.0655946270413189,-0.404365943111267,-1.177851894974348,-1.1568476547854631,0.853056793629862,0.2563128297854033,-1.2583394588375707,-0.7394662468772634,0.5440170872249644,-1.0161329645585022,0
-0.634918112038349,0.9009088760241706,-1.179024470547907,-0.620807219645773,-0.911310674287764,0.9048055324001227,-0.09236184645987515,-0.8828162337175963,0.6524208421442251,0.9204123179021463,-0.4814607612315388,0.286070666731554,0.9841231756854657,0
-0.634918112038349,-1.1099901739376037,-0.502969299721533,0.11723371964872194,0.10257878806523006,0.9048055324001227,-0.2507203421941191,-1.461440576166749,0.02804719554472637,-0.570312581972397,-0.7394662468772634,0.2463866020402601,0.9841231756854657,0
0.7206745964472937,0.9009088760241706,1.5251962127575889,0.23024396832402058,1.1164682504182242,0.9048055324001227,0.5410721364771007,-0.3041918912684436,0.5114332445249834,0.003043148748581378,1.066572152642809,-0.5076106270943244,0.9841231756854657,0
0.890123685007999,-1.1099901739376037,0.8491410419312149,-0.7613277887783622,0.6095235192417271,0.21058638994196582,0.06599664927436881,-0.8828162337175963,-0.5258326522451519,2.0671237793441026,0.5505611813513597,0.12733440796637835,-1.0161329645585022,0
0.7206745964472937,-1.1099901739376037,-0.502969299721533,0.0531008772967952,0.9474866733593919,-1.177851894974348,-0.7574675285436998,0.2744324511807092,-0.002164432516539662,-0.9143260204049839,0.03455021005991044,0.26622863438590705,0.9841231756854657,0
-0.8043672005990544,-1.1099901739376037,0.8491410419312149,0.028606900816165216,-0.911310674287764,-1.177851894974348,-0.5674373336626071,-1.461440576166749,-0.26399854238084547,-0.7996548742607882,-0.7394662468772634,-0.5274526594399713,0.9841231756854657,0
0.0428782422044723,0.9009088760241706,-1.179024470547907,-0.5728457711791881,-0.06640278899360229,-1.177851894974348,-0.09236184645987515,-0.8828162337175963,-0.4251272253742647,0.8057411717579506,0.03455021005991044,0.08765034327508442,-1.0161329645585022,0
0.5512255078865883,0.9009088760241706,0.17308587110484092,-0.7925809025470061,0.9474866733593919,0.9048055324001227,-0.5674373336626071,1.4316811360790147,-1.5832396343894644,0.6910700256137552,0.5505611813513597,1.1591200899400202,-1.0161329645585022,0
-0.2960199349169384,0.9009088760241706,-0.502969299721533,-0.17028229312132934,-0.7423290972289317,-1.177851894974348,-0.4733723871964661,1.4316811360790147,-0.07937192645088645,-0.45564143582820127,-0.22345527558581418,0.7225953783357871,-1.0161329645585022,0
-0.2960199349169384,0.9009088760241706,-0.502969299721533,-0.05044973765065213,-0.7423290972289317,0.9048055324001227,-0.2507203421941191,1.4316811360790147,0.82026322026237,-0.45564143582820127,-0.22345527558581418,0.9408577341379036,-1.0161329645585022,0
-0.9738162891597597,0.9009088760241706,1.5251962127575889,0.177607976312454,-0.911310674287764,0.9048055324001227,-0.2507203421941191,0.2744324511807092,-1.6839450612603513,-0.570312581972397,-0.7394662468772634,-0.15045404487267908,-1.0161329645585022,0
0.0428782422044723,-1.1099901739376037,0.8491410419312149,1.0257849516971576,-0.06640278899360229,-1.177851894974348,-0.2507203421941191,-0.8828162337175963,-1.2274137927789974,-0.9143260204049839,-0.4814607612315388,-0.15045404487267908,0.9841231756854657,0
-0.2960199349169384,0.9009088760241706,-0.502969299721533,-0.8086575421713009,-0.23538436605243465,0.9048055324001227,-1.2008713165995828,-1.461440576166749,0.10189784191671032,-0.7996548742607882,0.03455021005991044,0.6630692812988462,-1.0161329645585022,0
-0.2960199349169384,-1.1099901739376037,0.8491410419312149,-0.020491598782982835,-0.06640278899360229,-1.177851894974348,0.6288027431138719,-0.8828162337175963,0.2697402200348552,0.3470565871811683,-0.22345527558581418,0.32575473142284794,0.9841231756854657,0
-0.8043672005990544,0.9009088760241706,-0.502969299721533,-0.44911249862874586,-0.911310674287764,0.9048055324001227,-0.17154109432699713,-0.8828162337175963,0.32009293347029877,0.3470565871811683,-0.4814607612315388,-2.9084965409176062,0.9841231756854657,0
1.0595727735687044,0.9009088760241706,-0.502969299721533,1.8856956630748387,1.2854498274770565,-1.177851894974348,-0.2709902296481023,-1.461440576166749,0.08847045166725842,-1.143668312693375,0.5505611813513597,1.0797519605574324,-1.0161329645585022,0
-0.12657084635623306,-1.1099901739376037,0.8491410419312149,-0.2936681333812662,-0.911310674287764,0.9048055324001227,-0.3653718931057117,0.853056793629862,-1.1502062988446506,-0.2262991435398101,0.5505611813513597,-0.4877685947486774,-1.0161329645585022,0
0.0428782422044723,-1.1099901739376037,-1.179024470547907,0.7126694960675956,0.10257878806523006,-1.177851894974348,-0.10059648823805584,0.853056793629862,-0.6063969937418614,-0.7996548742607882,0.29255569570563505,-0.6068207888225592,0.9841231756854657,0
0.0428782422044723,-1.1099901739376037,0.8491410419312149,0.1801505489838798,-0.23538436605243465,-1.177851894974348,0.8577891279455886,1.4316811360790147,-0.7540982864858288,0.23238544103697253,0.29255569570563505,-0.3488743683291487,0.9841231756854657,0
-0.2960199349169384,-1.1099901739376037,-0.502969299721533,4.437649006344292,-0.7423290972289317,-1.177851894974348,0.06599664927436881,-0.8828162337175963,-0.018948670328354386,-1.2583394588375707,-0.4814607612315388,-0.4282424977117365,0.9841231756854657,0
0.38177641932588297,0.9009088760241706,0.8491410419312149,1.0224527601836741,-0.06640278899360229,-1.177851894974348,1.8559227265585283,0.2744324511807092,0.6289229092076853,0.1177142948927768,0.29255569570563505,-0.17029607721832604,0.9841231756854657,0
-0.46546902347764374,0.9009088760241706,0.8491410419312149,0.5346736166909478,-0.23538436605243465,-1.177851894974348,0.06599664927436881,-0.3041918912684436,-0.6567497071773044,-0.570312581972397,-0.4814607612315388,0.782121475372728,-1.0161329645585022,0
0.0428782422044723,-1.1099901739376037,-0.502969299721533,-0.8644835943047806,-0.23538436605243465,0.9048055324001227,-1.042512820865339,-0.8828162337175963,0.001192415045823164,-0.2262991435398101,0.03455021005991044,-0.190138109563973,0.9841231756854657,0
0.21232733076517762,0.9009088760241706,0.17308587110484092,-0.38978053883652997,-0.23538436605243465,-1.177851894974348,-0.804341643281036,0.2744324511807092,-0.17000681063468454,-0.6849837281165926,0.03455021005991044,-0.38855843302044263,-1.0161329645585022,0
0.5512255078865883,0.9009088760241706,1.5251962127575889,1.1231133701691902,0.10257878806523006,-1.177851894974348,2.2830155895537843,1.4316811360790147,-0.6533928596149416,0.23238544103697253,0.5505611813513597,1.8535912220376638,-1.0161329645585022,0
-0.12657084635623306,-1.1099901739376037,-0.502969299721533,-0.6962789885696484,0.10257878806523006,0.9048055324001227,-0.8841543251310949,1.4316811360790147,-0.059230841076708896,-0.34097028968400567,0.5505611813513597,0.5241750548793175,0.9841231756854657,0
0.38177641932588297,-1.1099901739376037,-1.179024470547907,-0.3370971696944399,0.2715603651240624,0.9048055324001227,0.22435514500861276,0.2744324511807092,0.38051618959283084,0.5763988794695595,0.03455021005991044,-0.40840046536608954,-1.0161329645585022,0
-0.2960199349169384,-1.1099901739376037,0.8491410419312149,1.3214340385404033,-0.23538436605243465,-1.177851894974348,-0.7053675834471336,0.853056793629862,-1.368401390398239,-1.2583394588375707,0.03455021005991044,0.3455967637684949,0.9841231756854657,0
-0.8043672005990544,-1.1099901739376037,-1.179024470547907,-0.0017302550956917822,-0.5733475201700994,-1.177851894974348,0.8577891279455886,-0.3041918912684436,1.481562190047861,0.5763988794695595,-0.4814607612315388,-1.0235034680811452,0.9841231756854657,0
0.890123685007999,0.9009088760241706,-0.502969299721533,-0.5267478231798594,0.2715603651240624,0.9048055324001227,0.15372725591113995,1.4316811360790147,0.635636604332411,1.035083464046342,0.03455021005991044,0.22654456969461315,0.9841231756854657,0
-0.2960199349169384,0.9009088760241706,-0.502969299721533,0.17212802154857354,-0.06640278899360229,-1.177851894974348,-0.9620667050323429,-1.461440576166749,0.5684996530851527,-1.143668312693375,-0.4814607612315388,-0.5472946917856183,0.9841231756854657,0
0.7206745964472937,-1.1099901739376037,-0.502969299721533,-0.10717595526407761,0.2715603651240624,0.9048055324001227,0.38271364074285674,0.853056793629862,0.15896425047687956,0.23238544103697253,0.8085666669970842,-0.190138109563973,0.9841231756854657,0
-0.2960199349169384,0.9009088760241706,-1.179024470547907,0.3636105907475668,-0.06640278899360229,-1.177851894974348,-0.8841543251310949,-0.8828162337175963,-0.6332517742407646,-1.143668312693375,-0.7394662468772634,1.0599099282117854,0.9841231756854657,0
-0.634918112038349,-1.1099901739376037,1.5251962127575889,1.1231449549228725,-0.5733475201700994,-1.177851894974348,0.8577891279455886,1.4316811360790147,0.3872298847175565,-0.45564143582820127,-0.4814607612315388,-1.7576586648700827,0.9841231756854657,0
-0.12657084635623306,-1.1099901739376037,-1.179024470547907,-0.29976399084195166,-0.404365943111267,-1.177851894974348,-0.3298995900612411,0.853056793629862,-0.005521280078902488,-0.2262991435398101,-0.7394662468772634,-1.2616078562289088,0.9841231756854657,0
-0.9738162891597597,-1.1099901739376037,-1.179024470547907,-0.4557295045251894,-0.911310674287764,0.9048055324001227,-0.8841543251310949,1.4316811360790147,-0.707102420612748,-0.6849837281165926,-0.4814607612315388,-0.15045404487267908,0.9841231756854657,0
1.7373691278115257,-1.1099901739376037,-1.179024470547907,-0.20271983515305983,1.2854498274770565,0.9048055324001227,-0.5674373336626071,0.853056793629862,0.665848232393677,-0.570312581972397,1.8405886095799828,-1.162397694500674,0.9841231756854657,0
-0.8043672005990544,-1.1099901739376037,0.8491410419312149,-0.5166880791320442,-0.911310674287764,0.9048055324001227,-0.7257958293968509,0.853056793629862,-0.06930138376379737,-0.34097028968400567,-0.4814607612315388,1.258330251668255,0.9841231756854657,0
0.5512255078865883,0.9009088760241706,-0.502969299721533,-0.3993980963327928,0.7785050963005594,0.9048055324001227,-0.8841543251310949,-0.8828162337175963,0.6524208421442251,-0.7996548742607882,0.29255569570563505,0.7622794430270811,-1.0161329645585022,0
-0.46546902347764374,0.9009088760241706,-1.179024470547907,0.894123905972456,-0.404365943111267,-1.177851894974348,1.8329607446770628,0.2744324511807092,-0.1532225728228698,0.1177142948927768,-0.4814607612315388,-0.20998014190961997,0.9841231756854657,0
1.2290218621294098,-1.1099901739376037,-0.502969299721533,2.5455011674982564,0.6095235192417271,-1.177851894974348,-1.0414043113951992,0.853056793629862,-1.2441980305908118,-1.487681751125962,1.066572152642809,-0.4282424977117365,0.9841231756854657,0
-0.9738162891597597,0.9009088760241706,-1.179024470547907,-0.7695240323589211,-0.7423290972289317,0.9048055324001227,-0.4090788379283631,-0.8828162337175963,0.9411097325074347,0.9204123179021463,-0.7394662468772634,-2.650550120424196,0.9841231756854657,0
0.38177641932588297,-1.1099901739376037,-0.502969299721533,0.35947298801518446,-0.06640278899360229,0.9048055324001227,0.06599664927436881,-0.3041918912684436,-1.2207000976542715,-0.45564143582820127,0.8085666669970842,1.1988041546313142,0.9841231756854657,0
-0.2960199349169384,-1.1099901739376037,0.17308587110484092,-0.4725483858610185,-0.404365943111267,-1.177851894974348,-0.2507203421941191,0.853056793629862,-1.4221109513960455,0.23238544103697253,-0.4814607612315388,-0.686188918205147,0.9841231756854657,0
-0.8043672005990544,0.9009088760241706,-0.502969299721533,-0.2250502560064517,-0.911310674287764,0.9048055324001227,-0.5042522938646437,0.853056793629862,-0.4654093961226198,-0.45564143582820127,-0.22345527558581418,0.9011736694466097,-1.0161329645585022,0
1.5679200392508204,0.9009088760241706,-1.179024470547907,2.1776651261140954,1.7923945586535535,-1.177851894974348,1.6495816066168083,0.2744324511807092,0.9578939703192488,-0.570312581972397,2.872610552162881,1.0995939929030794,-1.0161329645585022,0
-0.634918112038349,0.9009088760241706,1.5251962127575889,-0.5785152344651624,-0.911310674287764,0.9048055324001227,-0.2507203421941191,-0.8828162337175963,-0.9957913109759576,0.4617277333253637,-0.7394662468772634,1.1194360252487263,-1.0161329645585022,0
2.5846145706150523,0.9009088760241706,0.8491410419312149,-0.6813078153242343,1.7923945586535535,0.9048055324001227,-1.042512820865339,0.2744324511807092,0.4510099884024514,-0.6849837281165926,1.582583123934258,0.2463866020402601,-1.0161329645585022,0
-0.46546902347764374,0.9009088760241706,0.8491410419312149,-0.4448643492584754,-0.911310674287764,0.9048055324001227,-0.7257958293968509,0.2744324511807092,-1.8047915735054156,-0.45564143582820127,-0.7394662468772634,-0.2893482712922078,0.9841231756854657,0
-0.2960199349169384,0.9009088760241706,-0.502969299721533,-0.22520817977486324,-0.404365943111267,-1.177851894974348,0.06599664927436881,-0.8828162337175963,-0.9420817499781512,0.1177142948927768,-0.7394662468772634,0.7424374106814341,-1.0161329645585022,0
2.415165482054347,0.9009088760241706,-1.179024470547907,2.5445062477572638,2.637302443947715,-1.177851894974348,1.6495816066168083,0.853056793629862,-0.5963264510547723,-0.6849837281165926,1.8405886095799828,-0.38855843302044263,0.9841231756854657,0
-0.46546902347764374,-1.1099901739376037,0.8491410419312149,1.2174412370414036,-0.23538436605243465,-1.177851894974348,-1.042512820865339,0.853056793629862,-0.8648742560438044,-1.3730106049817663,-0.7394662468772634,-1.9957630530178463,0.9841231756854657,0
-0.8043672005990544,0.9009088760241706,-0.502969299721533,-0.49154661520092685,-0.911310674287764,-1.177851894974348,-0.8841543251310949,0.853056793629862,-0.2035752862583134,-0.6849837281165926,-0.4814607612315388,-1.4203441149940845,0.9841231756854657,0
-0.9738162891597597,-1.1099901739376037,0.8491410419312149,-0.29932180429039934,-0.911310674287764,0.9048055324001227,0.22435514500861276,-0.8828162337175963,0.7564831165774751,0.4617277333253637,-0.4814607612315388,0.6829113136444932,-1.0161329645585022,0
1.2290218621294098,0.9009088760241706,1.5251962127575889,-0.4274295652258413,1.4544314045358888,0.9048055324001227,-0.5674373336626071,1.4316811360790147,-0.5359031949322403,-0.34097028968400567,0.29255569570563505,-0.46792656240303043,0.9841231756854657,0
1.7373691278115257,-1.1099901739376037,0.8491410419312149,1.9772914487535325,1.2854498274770565,-1.177851894974348,-0.6383819397515483,1.4316811360790147,0.4342257505906372,-1.2583394588375707,1.8405886095799828,-0.7457150152420878,-1.0161329645585022,0
-0.2960199349169384,-1.1099901739376037,-0.502969299721533,0.11507016402148383,-0.23538436605243465,0.9048055324001227,0.06599664927436881,0.853056793629862,-0.4452683107484422,-0.34097028968400567,-0.4814607612315388,1.0400678958661385,-1.0161329645585022,0
-0.46546902347764374,0.9009088760241706,-1.179024470547907,-0.5220259025043542,-0.5733475201700994,0.9048055324001227,-0.9498731008608062,-1.461440576166749,0.6524208421442251,-0.6849837281165926,-0.22345527558581418,0.8614896047553159,0.9841231756854657,0
-0.46546902347764374,0.9009088760241706,1.5251962127575889,1.027664244541255,-0.06640278899360229,0.9048055324001227,2.458793519818795,-0.8828162337175963,0.03140404310708919,0.3470565871811683,-0.7394662468772634,0.18686050500331922,-1.0161329645585022,0
1.7373691278115257,0.9009088760241706,0.8491410419312149,-0.38957523793759496,1.6234129815947211,0.9048055324001227,-0.7257958293968509,1.4316811360790147,0.3637319517810161,-0.570312581972397,1.8405886095799828,0.7027533459901402,0.9841231756854657,0
0.5512255078865883,-1.1099901739376037,1.5251962127575889,-0.22372369635179476,0.2715603651240624,-1.177851894974348,0.5410721364771007,1.4316811360790147,0.20260326878759688,0.6910700256137552,0.8085666669970842,0.6432272489531993,0.9841231756854657,0
1.5679200392508204,-1.1099901739376037,-1.179024470547907,-0.43226203253923445,0.7785050963005594,0.9048055324001227,-0.17154109432699713,1.4316811360790147,-0.6802476401138448,0.23238544103697253,1.3245776382885335,-1.102871597463733,0.9841231756854657,0
-0.46546902347764374,-1.1099901739376037,0.8491410419312149,-0.31699347397565075,-0.404365943111267,-1.177851894974348,1.3879733716638374,-0.8828162337175963,-0.2673553899432083,1.952452633199907,-0.4814607612315388,0.22654456969461315,-1.0161329645585022,0
-0.46546902347764374,0.9009088760241706,-1.179024470547907,1.593220843976665,-0.911310674287764,-1.177851894974348,2.4413740852880284,-0.8828162337175963,-0.26399854238084547,0.003043148748581378,-0.4814607612315388,-0.9639773710442044,0.9841231756854657,0
-0.634918112038349,-1.1099901739376037,1.5251962127575889,-0.6758910300677186,-0.404365943111267,0.9048055324001227,-1.042512820865339,0.2744324511807092,0.001192415045823164,-0.6849837281165926,-0.4814607612315388,0.32575473142284794,-1.0161329645585022,0
-0.2960199349169384,0.9009088760241706,-1.179024470547907,0.7435120080383695,-0.23538436605243465,-1.177851894974348,-0.5674373336626071,0.853056793629862,0.014619805295275064,-1.0289971665491795,-0.4814607612315388,-0.2893482712922078,-1.0161329645585022,0
-0.8043672005990544,0.9009088760241706,-1.179024470547907,-0.11014492211021458,-0.404365943111267,-1.177851894974348,1.1428344202672278,-0.8828162337175963,1.1660185191857488,1.035083464046342,-0.4814607612315388,0.26622863438590705,0.9841231756854657,0
0.890123685007999,-1.1099901739376037,-0.502969299721533,0.2751890728139451,1.1164682504182242,-1.177851894974348,-0.09236184645987515,0.853056793629862,0.3268066285950244,-0.570312581972397,0.5505611813513597,0.40512286080543575,0.9841231756854657,0
-0.634918112038349,0.9009088760241706,-0.502969299721533,0.5545088420034374,-0.7423290972289317,0.9048055324001227,0.06599664927436881,0.853056793629862,-0.87158795116853,-0.570312581972397,-0.7394662468772634,-0.30919030363785477,-1.0161329645585022,0
0.890123685007999,-1.1099901739376037,-0.502969299721533,0.6920762366667306,0.4405419421828948,-1.177851894974348,0.20519376702476924,-0.3041918912684436,0.03811773823181484,-0.570312581972397,0.5505611813513597,0.286070666731554,-1.0161329645585022,0
0.890123685007999,-1.1099901739376037,-0.502969299721533,-0.6753225045014369,1.1164682504182242,-1.177851894974348,-0.7257958293968509,1.4316811360790147,0.457723683527177,-0.11162799739561437,1.066572152642809,-0.5076106270943244,0.9841231756854657,0
0.38177641932588297,0.9009088760241706,-0.502969299721533,-0.01665405121058239,0.4405419421828948,0.9048055324001227,1.0161476236798326,0.853056793629862,0.5215037872120725,0.6910700256137552,0.5505611813513597,0.821805540064022,-1.0161329645585022,0
-0.12657084635623306,0.9009088760241706,-1.179024470547907,0.1697749573992416,-0.911310674287764,-1.177851894974348,-0.17154109432699713,-0.8828162337175963,2.065653665899005,-0.570312581972397,-0.22345527558581418,-1.4997122443766724,0.9841231756854657,0
0.0428782422044723,-1.1099901739376037,0.8491410419312149,-0.6828554682546675,0.4405419421828948,0.9048055324001227,-0.9096500429443082,-0.8828162337175963,0.954537122756886,-0.45564143582820127,0.5505611813513597,0.5837011519162584,0.9841231756854657,0
-0.2960199349169384,-1.1099901739376037,-0.502969299721533,1.9822976322121781,-0.5733475201700994,-1.177851894974348,1.6495816066168083,-0.8828162337175963,0.1354663175403392,-0.45564143582820127,-0.4814607612315388,-0.051243883144444294,0.9841231756854657,0
-0.46546902347764374,0.9009088760241706,0.8491410419312149,0.309205852529791,-0.23538436605243465,0.9048055324001227,1.9384275028360693,0.853056793629862,0.7027735555796687,0.9204123179021463,-0.7394662468772634,-1.7576586648700827,0.9841231756854657,0
0.0428782422044723,-1.1099901739376037,-0.502969299721533,-0.21901756805313083,0.2715603651240624,-1.177851894974348,-1.2008713165995828,-0.3041918912684436,-0.8413763231072641,-1.2583394588375707,0.03455021005991044,0.5837011519162584,0.9841231756854657,0
-0.9738162891597597,-1.1099901739376037,1.5251962127575889,0.3139593579589784,-0.23538436605243465,-1.177851894974348,1.6495816066168083,0.2744324511807092,-0.16329311550995887,0.6910700256137552,-0.7394662468772634,-1.5195542767223194,0.9841231756854657,0
0.0428782422044723,-1.1099901739376037,0.8491410419312149,-0.48625616895914026,-0.06640278899360229,-1.177851894974348,1.5010413376180876,-0.8828162337175963,-0.3680608168140954,2.869821802353472,0.8085666669970842,-0.051243883144444294,-1.0161329645585022,0
0.0428782422044723,-1.1099901739376037,-0.502969299721533,-0.4900147546473349,-0.23538436605243465,0.9048055324001227,-1.2474287143454506,1.4316811360790147,0.03140404310708919,-1.2583394588375707,0.8085666669970842,0.3654387961141419,-1.0161329645585022,0
-0.2960199349169384,-1.1099901739376037,0.8491410419312149,0.08255366010554757,-0.06640278899360229,0.9048055324001227,0.06599664927436881,-0.8828162337175963,-0.522475804682789,-0.2262991435398101,-0.7394662468772634,1.278172284013902,-1.0161329645585022,0
-0.634918112038349,0.9009088760241706,-0.502969299721533,-0.3578009757331929,-0.23538436605243465,0.9048055324001227,-0.4090788379283631,0.2744324511807092,-1.4724636648314886,-0.2262991435398101,-0.4814607612315388,0.20670253734896618,0.9841231756854657,0
-0.46546902347764374,-1.1099901739376037,-0.502969299721533,-0.10902366335449264,-0.7423290972289317,0.9048055324001227,-1.327558113186978,-1.461440576166749,0.8370474580741847,-1.3730106049817663,-0.4814607612315388,0.16701847265767225,0.9841231756854657,0
2.415165482054347,0.9009088760241706,0.8491410419312149,-0.6613462509970156,2.2993392898300504,0.9048055324001227,-0.37804057276445124,1.4316811360790147,0.36037510421865326,0.5763988794695595,2.6146050665171567,0.0479662785837905,0.9841231756854657,0
-0.634918112038349,0.9009088760241706,-1.179024470547907,-0.33929231007536037,-0.911310674287764,-1.177851894974348,-0.7574675285436998,-1.461440576166749,-0.32106495094101467,-0.6849837281165926,-0.997471732522988,-0.5869787564769122,-1.0161329645585022,0
-0.634918112038349,-1.1099901739376037,1.5251962127575889,-0.2807815538788845,-0.911310674287764,-1.177851894974348,0.5410721364771007,-1.461440576166749,0.30330869565848406,0.8057411717579506,-0.7394662468772634,1.298014316359549,0.9841231756854657,0
0.7206745964472937,-1.1099901739376037,-1.179024470547907,0.45773315672084514,0.9474866733593919,-1.177851894974348,-0.2507203421941191,-0.8828162337175963,-1.0226460914748605,-0.7996548742607882,0.03455021005991044,0.32575473142284794,0.9841231756854657,0
0.890123685007999,0.9009088760241706,0.17308587110484092,0.605913028621394,0.4405419421828948,-1.177851894974348,1.6495816066168083,1.4316811360790147,-1.3751150855229646,0.3470565871811683,0.29255569570563505,0.9011736694466097,-1.0161329645585022,0
0.38177641932588297,-1.1099901739376037,0.8491410419312149,-0.29690557063370276,0.4405419421828948,0.9048055324001227,0.38271364074285674,1.4316811360790147,-0.8581605609190788,0.6910700256137552,0.03455021005991044,-1.2417658238832618,0.9841231756854657,0
0.0428782422044723,0.9009088760241706,1.5251962127575889,-0.011979507665600783,-0.06640278899360229,-1.177851894974348,-1.2868599797832774,1.4316811360790147,-0.49897787174624864,-1.3730106049817663,0.03455021005991044,0.12733440796637835,0.9841231756854657,0
-1.143265377720465,0.9009088760241706,0.8491410419312149,-0.568013303865795,-0.911310674287764,0.9048055324001227,0.06599664927436881,0.2744324511807092,-0.08944246913797492,1.035083464046342,-0.4814607612315388,-1.8370267942526706,0.9841231756854657,0
-0.2960199349169384,-1.1099901739376037,0.8491410419312149,-0.4949893533522985,-0.404365943111267,-1.177851894974348,-0.21809849207286486,-0.8828162337175963,-0.6164675364289499,0.3470565871811683,-0.4814607612315388,-0.8250831446246757,-1.0161329645585022,0
0.7206745964472937,-1.1099901739376037,0.8491410419312149,1.787861888543889,0.2715603651240624,-1.177851894974348,0.38271364074285674,-1.461440576166749,-1.0025050061006833,-0.9143260204049839,0.5505611813513597,1.4170665104334308,-1.0161329645585022,0
-0.8043672005990544,-1.1099901739376037,-0.502969299721533,0.4612074796258991,-0.911310674287764,0.9048055324001227,-0.7574675285436998,-0.8828162337175963,-0.7608119816105544,-1.143668312693375,-0.4814607612315388,0.6829113136444932,-1.0161329645585022,0
-0.8043672005990544,0.9009088760241706,-0.502969299721533,0.1752707045399632,-0.911310674287764,0.9048055324001227,-0.7257958293968509,-0.8828162337175963,-1.5698122441400126,-1.0289971665491795,-0.7394662468772634,-0.24966420660091387,0.9841231756854657,0
-0.46546902347764374,-1.1099901739376037,-0.502969299721533,-0.7166195699410549,-0.404365943111267,0.21058638994196582,0.028782402776821477,-0.8828162337175963,-1.069641957347941,1.6084391947673204,-0.7394662468772634,-0.7060309505507939,-1.0161329645585022,0
1.0595727735687044,-1.1099901739376037,-0.502969299721533,-0.35252632186824745,1.4544314045358888,-1.177851894974348,0.6900874809630243,-0.8828162337175963,-0.4049861400000871,1.1497546101905376,0.8085666669970842,0.32575473142284794,0.9841231756854657,0
-0.634918112038349,0.9009088760241706,-0.502969299721533,0.4784685475132805,-0.23538436605243465,-1.177851894974348,-1.359229812333827,-0.8828162337175963,0.01797665285763789,-1.487681751125962,-0.7394662468772634,0.40512286080543575,-1.0161329645585022,0
0.0428782422044723,-1.1099901739376037,1.5251962127575889,6.1839068679317455,-0.06640278899360229,-1.177851894974348,0.5664094957945798,1.4316811360790147,0.07504306141780712,-1.2583394588375707,0.29255569570563505,1.0400678958661385,-1.0161329645585022,0
0.0428782422044723,0.9009088760241706,-0.502969299721533,-0.5835530026774906,-0.23538436605243465,0.9048055324001227,0.06599664927436881,1.4316811360790147,0.1791053358510565,1.035083464046342,0.5505611813513597,-0.7060309505507939,0.9841231756854657,0
-0.634918112038349,-1.1099901739376037,-0.502969299721533,1.5962371879533255,-0.7423290972289317,-1.177851894974348,2.4413740852880284,-1.461440576166749,0.3268066285950244,0.003043148748581378,-0.7394662468772634,0.7622794430270811,-1.0161329645585022,0
1.5679200392508204,0.9009088760241706,0.8491410419312149,-0.3943129509899412,0.9474866733593919,-1.177851894974348,-0.3774071387815143,0.853056793629862,-0.46205254856025635,-0.11162799739561437,1.8405886095799828,0.5440170872249644,0.9841231756854657,0
-0.12657084635623306,0.9009088760241706,-1.179024470547907,-0.8365626720496202,-0.404365943111267,0.21058638994196582,-0.8524826259842462,-0.8828162337175963,-1.0260029390372234,0.23238544103697253,0.03455021005991044,0.5241750548793175,0.9841231756854657,0
1.2290218621294098,0.9009088760241706,-0.502969299721533,0.269440647643765,1.1164682504182242,-1.177851894974348,0.8577891279455886,-0.3041918912684436,0.4140846652164597,0.1177142948927768,0.8085666669970842,0.46464895784237664,0.9841231756854657,0
0.0428782422044723,0.9009088760241706,1.5251962127575889,0.023695471618566295,0.10257878806523006,0.9048055324001227,1.6495816066168083,-0.8828162337175963,0.0851136041048956,1.2644257563347332,-0.22345527558581418,0.38528082845978884,0.9841231756854657,0
1.398470950690115,-1.1099901739376037,-0.502969299721533,0.9659476358460247,1.1164682504182242,0.9048055324001227,-0.25594617255334917,-0.3041918912684436,0.4543668359648142,-0.9143260204049839,1.8405886095799828,-1.5790803737592602,0.9841231756854657,0
-0.634918112038349,0.9009088760241706,0.8491410419312149,-0.4893672671968476,-0.5733475201700994,-1.177851894974348,-0.3298995900612411,0.2744324511807092,0.6591345372689513,0.1177142948927768,-0.4814607612315388,-2.69023418511549,0.9841231756854657,0
-0.634918112038349,0.9009088760241706,-1.179024470547907,0.8388347946515755,-0.911310674287764,-1.177851894974348,2.4413740852880284,0.853056793629862,-0.07601507888852362,0.5763988794695595,-0.7394662468772634,-1.2219237915376149,0.9841231756854657,0
-0.9738162891597597,0.9009088760241706,0.8491410419312149,-0.6835345404588371,-0.911310674287764,0.21058638994196582,-1.042512820865339,0.853056793629862,-0.029019213015442864,-0.6849837281165926,-0.997471732522988,-0.8846092416616166,0.9841231756854657,0
0.0428782422044723,0.9009088760241706,-1.179024470547907,0.5518083455636,-0.23538436605243465,-1.177851894974348,1.3328646151483206,-1.461440576166749,-1.0461440244114009,0.23238544103697253,1.066572152642809,-0.8052411122790287,0.9841231756854657,0
-0.46546902347764374,-1.1099901739376037,-0.502969299721533,0.004476149002881773,-0.23538436605243465,-1.177851894974348,0.38999813154663193,1.4316811360790147,-1.724227232008706,0.1177142948927768,-0.4814607612315388,-2.1743413441286688,0.9841231756854657,0
2.923512747736463,-1.1099901739376037,-0.502969299721533,0.4067711566544409,3.144247175124212,-1.177851894974348,0.06599664927436881,0.853056793629862,-0.717172963299837,-0.570312581972397,2.356599580871432,-0.3488743683291487,0.9841231756854657,0
0.890123685007999,0.9009088760241706,-0.502969299721533,-0.8634570898101056,1.2854498274770565,0.9048055324001227,-0.8947643443452893,-1.461440576166749,-1.0125755487877717,0.23238544103697253,1.066572152642809,1.9329593514202517,-1.0161329645585022,0
-0.9738162891597597,-1.1099901739376037,-1.179024470547907,-0.16132801545239497,-0.911310674287764,-1.177851894974348,-0.3298995900612411,0.853056793629862,-0.6500360120525788,-0.34097028968400567,-0.7394662468772634,-0.4282424977117365,0.9841231756854657,0
-0.634918112038349,0.9009088760241706,1.5251962127575889,-0.25052335985123325,-0.911310674287764,-1.177851894974348,-0.8841543251310949,1.4316811360790147,-0.5996832986171352,-0.9143260204049839,-0.4814607612315388,-0.8052411122790287,0.9841231756854657,0
-0.2960199349169384,0.9009088760241706,-1.179024470547907,-0.7373233759798079,-0.23538436605243465,-1.177851894974348,-1.042512820865339,1.4316811360790147,-0.5761853656805954,-0.570312581972397,-0.22345527558581418,-1.2417658238832618,0.9841231756854657,0
0.890123685007999,0.9009088760241706,1.5251962127575889,-0.29859535495570627,0.7785050963005594,-1.177851894974348,-0.5674373336626071,0.853056793629862,0.3939435798422821,-0.45564143582820127,0.29255569570563505,-0.5076106270943244,-1.0161329645585022,0
1.398470950690115,0.9009088760241706,-0.502969299721533,-0.3275901588360652,1.9613761357123858,-1.177851894974348,0.6994306322113446,1.4316811360790147,0.571856500647516,1.1497546101905376,1.8405886095799828,1.1194360252487263,0.9841231756854657,0
-0.12657084635623306,0.9009088760241706,-0.502969299721533,0.3708434993408154,-0.06640278899360229,-1.177851894974348,-0.3781989312601855,-0.8828162337175963,-1.1300652134704734,-0.7996548742607882,0.8085666669970842,-0.17029607721832604,-1.0161329645585022,0
-0.634918112038349,0.9009088760241706,-0.502969299721533,-0.35685343312272366,-0.7423290972289317,0.9048055324001227,0.38271364074285674,0.2744324511807092,0.44429629327772574,0.8057411717579506,-0.7394662468772634,0.5638591195706114,0.9841231756854657,0
-0.8043672005990544,0.9009088760241706,-0.502969299721533,-0.08669324250110076,-0.911310674287764,0.9048055324001227,0.7461463884529466,0.853056793629862,0.0985409943543475,0.5763988794695595,-0.4814607612315388,0.10749237562073138,0.9841231756854657,0
-0.634918112038349,0.9009088760241706,0.8491410419312149,0.6527058412017335,-0.23538436605243465,-1.177851894974348,-0.7257958293968509,0.853056793629862,-1.2005590122800942,-1.143668312693375,-0.7394662468772634,0.8614896047553159,0.9841231756854657,0
-0.634918112038349,-1.1099901739376037,-0.502969299721533,-0.4510233762265255,-0.5733475201700994,0.9048055324001227,-0.16679033945496982,-0.8828162337175963,0.21267381147468598,0.3470565871811683,-0.7394662468772634,1.5559607368529593,-1.0161329645585022,0
0.0428782422044723,0.9009088760241706,1.5251962127575889,-0.5689924312299465,0.4405419421828948,-1.177851894974348,-0.7574675285436998,1.4316811360790147,-0.6533928596149416,-0.34097028968400567,0.8085666669970842,-1.4203441149940845,0.9841231756854657,0
0.38177641932588297,-1.1099901739376037,-0.502969299721533,0.3046892327532209,0.4405419421828948,-1.177851894974348,0.06599664927436881,0.853056793629862,1.6091223974176514,-0.45564143582820127,0.03455021005991044,-1.0235034680811452,0.9841231756854657,0
0.0428782422044723,-1.1099901739376037,-0.502969299721533,-0.37447772567745163,-0.5733475201700994,-1.177851894974348,0.8577891279455886,1.4316811360790147,-0.5124052619956999,1.4937680486231246,-0.22345527558581418,-0.13061201252703214,-1.0161329645585022,0
-0.2960199349169384,0.9009088760241706,-0.502969299721533,-0.5311538963185414,-0.404365943111267,0.9048055324001227,-0.2507203421941191,0.2744324511807092,0.8571885434483623,0.3470565871811683,0.03455021005991044,1.1392780575943733,-1.0161329645585022,0
-0.46546902347764374,0.9009088760241706,-1.179024470547907,0.26994600370268196,-0.404365943111267,0.9048055324001227,1.6495816066168083,1.4316811360790147,1.390927305864063,0.8057411717579506,-0.4814607612315388,0.18686050500331922,-1.0161329645585022,0
-0.12657084635623306,0.9009088760241706,-1.179024470547907,1.711600500777956,-0.06640278899360229,-1.177851894974348,0.8577891279455886,-1.461440576166749,0.9948192935052411,-0.6849837281165926,0.03455021005991044,0.3455967637684949,-1.0161329645585022,0
0.0428782422044723,-1.1099901739376037,1.5251962127575889,-0.7432139325415583,-0.7423290972289317,0.9048055324001227,-0.4090788379283631,-0.8828162337175963,-0.603040146179498,0.8057411717579506,0.03455021005991044,0.4448069254967297,-1.0161329645585022,0
3.431860013418579,0.9009088760241706,-1.179024470547907,-0.46368886245313107,3.144247175124212,0.9048055324001227,-0.7257958293968509,-0.8828162337175963,-1.2441980305908118,-0.45564143582820127,2.6146050665171567,1.714696995618135,-1.0161329645585022,0
0.38177641932588297,0.9009088760241706,0.8491410419312149,0.4059657454355421,0.4405419421828948,-1.177851894974348,0.8577891279455886,-0.3041918912684436,-0.13643833501105568,0.003043148748581378,0.29255569570563505,-0.5869787564769122,0.9841231756854657,0
-0.8043672005990544,-1.1099901739376037,0.8491410419312149,-0.20987378186210262,-0.5733475201700994,-1.177851894974348,-0.2507203421941191,-1.461440576166749,-1.5698122441400126,-0.2262991435398101,-0.4814607612315388,-0.15045404487267908,-1.0161329645585022,0
-0.12657084635623306,-1.1099901739376037,-1.179024470547907,0.27133573286470347,-0.23538436605243465,0.9048055324001227,-0.09236184645987515,-0.8828162337175963,0.12203892729088728,-0.570312581972397,0.29255569570563505,1.4369085427790778,-1.0161329645585022,0
0.890123685007999,0.9009088760241706,1.5251962127575889,1.4824531128128102,0.6095235192417271,-1.177851894974348,-0.7257958293968509,-1.461440576166749,0.08175675654253277,-1.2583394588375707,1.066572152642809,-0.051243883144444294,0.9841231756854657,0
-0.634918112038349,-1.1099901739376037,0.8491410419312149,-0.49055169545993416,-0.911310674287764,0.9048055324001227,-0.9474977234247925,-1.461440576166749,-0.08944246913797492,-0.7996548742607882,-0.4814607612315388,0.20670253734896618,-1.0161329645585022,0
-0.2960199349169384,0.9009088760241706,-0.502969299721533,-0.11270328715848153,-0.911310674287764,-1.177851894974348,-1.2325430157464317,0.853056793629862,0.377159342030468,-1.3730106049817663,-0.7394662468772634,1.238488219322608,-1.0161329645585022,0
1.0595727735687044,-1.1099901739376037,-1.179024470547907,-0.21859117387841967,1.2854498274770565,-1.177851894974348,-1.2008713165995828,-0.3041918912684436,-0.6567497071773044,-1.2583394588375707,1.066572152642809,-0.26950623894656084,0.9841231756854657,0
-0.634918112038349,0.9009088760241706,0.8491410419312149,0.6482681833093692,-0.404365943111267,-1.177851894974348,0.8577891279455886,-0.8828162337175963,-1.0495008719737637,-0.2262991435398101,-0.4814607612315388,-0.9441353386985575,0.9841231756854657,0
-0.2960199349169384,-1.1099901739376037,0.8491410419312149,0.19049455581483574,-0.7423290972289317,-1.177851894974348,0.8577891279455886,0.853056793629862,1.0384583118159585,0.23238544103697253,-0.7394662468772634,0.5241750548793175,0.9841231756854657,0
-0.46546902347764374,-1.1099901739376037,0.8491410419312149,-0.430272193057249,-0.23538436605243465,0.9048055324001227,-0.7257958293968509,0.2744324511807092,-1.2072727074048197,-0.570312581972397,-0.7394662468772634,-1.0433455004267922,-1.0161329645585022,0
0.0428782422044723,0.9009088760241706,-0.502969299721533,-0.7078705931710555,-0.404365943111267,0.9048055324001227,-1.2897104327064937,0.2744324511807092,-0.5828990608053211,-1.143668312693375,-0.22345527558581418,1.4369085427790778,0.9841231756854657,0
2.5846145706150523,0.9009088760241706,0.8491410419312149,-0.443901014271165,2.4683208668888827,-1.177851894974348,-0.333066759975926,-0.8828162337175963,0.6994167080173058,0.003043148748581378,2.356599580871432,0.0479662785837905,-1.0161329645585022,0
-0.634918112038349,0.9009088760241706,0.8491410419312149,0.08408552065913952,-0.911310674287764,-1.177851894974348,-0.5674373336626071,-0.8828162337175963,-1.8081484210677785,-0.7996548742607882,-0.7394662468772634,-1.2219237915376149,-1.0161329645585022,0
0.21232733076517762,-1.1099901739376037,-0.502969299721533,-0.39276529805950805,-0.404365943111267,-1.177851894974348,-0.056414467928201775,0.2744324511807092,-0.2975670180044749,0.3470565871811683,-0.22345527558581418,-0.03140185079879733,0.9841231756854657,0
-0.2960199349169384,-1.1099901739376037,-1.179024470547907,0.547907628483835,-0.5733475201700994,0.9048055324001227,0.71716678373358,1.4316811360790147,-1.264339115964989,-0.2262991435398101,-0.4814607612315388,-3.285495155484899,0.9841231756854657,0
-0.46546902347764374,-1.1099901739376037,-0.502969299721533,0.17490747987261665,-0.404365943111267,0.9048055324001227,1.6495816066168083,0.853056793629862,-0.14650887769814416,0.9204123179021463,-0.997471732522988,0.5837011519162584,0.9841231756854657,0
-0.2960199349169384,0.9009088760241706,-1.179024470547907,0.27634191632334937,-0.23538436605243465,-1.177851894974348,0.8577891279455886,-0.8828162337175963,1.1760890618728372,0.1177142948927768,-0.997471732522988,0.0479662785837905,-1.0161329645585022,0
-0.8043672005990544,-1.1099901739376037,-0.502969299721533,-0.4674474481413257,-0.911310674287764,0.9048055324001227,-0.7883474352118773,0.853056793629862,-0.5526874327440551,-0.570312581972397,-0.4814607612315388,-2.3132355705481977,0.9841231756854657,0
-0.46546902347764374,-1.1099901739376037,0.8491410419312149,-0.5450353955619157,-0.911310674287764,-1.177851894974348,0.8577891279455886,0.2744324511807092,-0.012234975203628139,2.1817949254882985,0.03455021005991044,0.26622863438590705,0.9841231756854657,0
-0.634918112038349,-1.1099901739376037,1.5251962127575889,0.3593466490004552,-0.404365943111267,0.9048055324001227,-0.3774071387815143,1.4316811360790147,-1.166990536656465,-0.7996548742607882,-0.4814607612315388,-0.07108591549009124,0.9841231756854657,0
-0.634918112038349,-1.1099901739376037,-1.179024470547907,0.1749232722494578,-0.7423290972289317,-1.177851894974348,-0.6616606386244822,0.853056793629862,-0.6298949266784012,-0.9143260204049839,-0.4814607612315388,0.9011736694466097,-1.0161329645585022,0
0.0428782422044723,0.9009088760241706,-1.179024470547907,0.019984263060895083,-0.06640278899360229,0.9048055324001227,-0.7257958293968509,0.853056793629862,0.8571885434483623,-0.9143260204049839,0.5505611813513597,-1.4005020826484376,0.9841231756854657,0
0.0428782422044723,-1.1099901739376037,0.8491410419312149,1.5219814320462188,-0.23538436605243465,-1.177851894974348,0.8025220129343374,-1.461440576166749,-1.3079781342757066,-0.6849837281165926,-0.22345527558581418,-0.8449251769703227,-1.0161329645585022,0
0.890123685007999,0.9009088760241706,-1.179024470547907,0.0823009820760891,1.1164682504182242,-1.177851894974348,-1.042512820865339,0.2744324511807092,0.8874001715096282,-1.143668312693375,0.8085666669970842,0.7225953783357871,-1.0161329645585022,0
0.7206745964472937,0.9009088760241706,-1.179024470547907,1.7225762026825582,0.4405419421828948,-1.177851894974348,-0.37503176134550065,0.853056793629862,-1.1132809756586586,-1.143668312693375,0.29255569570563505,-1.3608180179571436,0.9841231756854657,0
1.7373691278115257,0.9009088760241706,0.8491410419312149,-0.10723912477144222,2.130357712771218,-1.177851894974348,-0.6953909982158761,0.853056793629862,0.03140404310708919,-0.7996548742607882,1.3245776382885335,1.0202258635204915,-1.0161329645585022,0
-0.8043672005990544,0.9009088760241706,1.5251962127575889,-0.49262049682612535,-0.911310674287764,0.9048055324001227,-0.5674373336626071,0.2744324511807092,-1.0964967378468442,-0.2262991435398101,-0.7394662468772634,-0.5274526594399713,0.9841231756854657,0
2.5846145706150523,0.9009088760241706,-1.179024470547907,-0.11055552390808458,2.4683208668888827,0.9048055324001227,0.8577891279455886,-0.3041918912684436,0.11532523216616163,0.8057411717579506,1.582583123934258,0.9408577341379036,-1.0161329645585022,0
-0.634918112038349,-1.1099901739376037,0.8491410419312149,1.028817088050659,-0.404365943111267,-1.177851894974348,0.6994306322113446,0.2744324511807092,-0.33784918875282943,-0.45564143582820127,-0.4814607612315388,-0.8449251769703227,0.9841231756854657,0
-0.12657084635623306,0.9009088760241706,1.5251962127575889,-0.48374518104139674,-0.06640278899360229,0.9048055324001227,-1.1375279183058853,0.2744324511807092,-1.4858910550809403,-1.0289971665491795,0.03455021005991044,0.0479662785837905,0.9841231756854657,0
-0.2960199349169384,-1.1099901739376037,-0.502969299721533,-0.2971898334168436,-0.06640278899360229,-1.177851894974348,0.06599664927436881,-0.8828162337175963,-1.133422061032836,0.23238544103697253,-0.7394662468772634,-0.686188918205147,0.9841231756854657,0
0.5512255078865883,0.9009088760241706,-1.179024470547907,1.1784972357511176,0.2715603651240624,-1.177851894974348,0.258243863095741,-0.8828162337175963,-0.22371637163249095,-0.7996548742607882,0.29255569570563505,-0.46792656240303043,0.9841231756854657,0
1.398470950690115,-1.1099901739376037,0.8491410419312149,-0.5994243414028504,1.6234129815947211,0.9048055324001227,-0.7257958293968509,0.853056793629862,-0.11965409719924096,-0.2262991435398101,1.582583123934258,0.4448069254967297,-1.0161329645585022,0
0.0428782422044723,0.9009088760241706,0.8491410419312149,-0.3228998229142424,-0.23538436605243465,0.9048055324001227,0.38271364074285674,1.4316811360790147,0.6255660616453219,0.6910700256137552,0.29255569570563505,-1.5195542767223194,-1.0161329645585022,0
-0.8043672005990544,0.9009088760241706,-0.502969299721533,-0.7887907321051291,-0.7423290972289317,0.9048055324001227,-0.6386986567430168,1.4316811360790147,0.5114332445249834,0.5763988794695595,-0.4814607612315388,0.5638591195706114,-1.0161329645585022,0
-0.634918112038349,-1.1099901739376037,-0.502969299721533,-0.011537321114048468,-0.911310674287764,-1.177851894974348,0.06599664927436881,1.4316811360790147,0.19924642122523406,-0.11162799739561437,-0.22345527558581418,1.3972244780877838,-1.0161329645585022,0
1.2290218621294098,0.9009088760241706,-1.179024470547907,-0.46853712214336535,1.1164682504182242,0.9048055324001227,-0.5674373336626071,0.2744324511807092,0.06497251873071805,-0.2262991435398101,1.066572152642809,-0.6266628211682062,-1.0161329645585022,0
0.890123685007999,-1.1099901739376037,1.5251962127575889,1.1245820612154176,1.1164682504182242,0.9048055324001227,1.655282512463241,-1.461440576166749,-1.0058618536630461,-0.11162799739561437,0.5505611813513597,0.008282213892496587,0.9841231756854657,0
-0.12657084635623306,-1.1099901739376037,-1.179024470547907,-0.6943523185950277,-0.06640278899360229,0.9048055324001227,-0.4005274791587139,-1.461440576166749,-1.4523225794573114,0.6910700256137552,0.8085666669970842,-0.7060309505507939,0.9841231756854657,0
1.2290218621294098,-1.1099901739376037,1.5251962127575889,0.46027572939227096,1.6234129815947211,0.9048055324001227,0.38271364074285674,-1.461440576166749,-0.10958355451215247,-0.34097028968400567,0.8085666669970842,0.2463866020402601,0.9841231756854657,0
-0.634918112038349,0.9009088760241706,0.8491410419312149,-0.5854165031447468,-0.911310674287764,0.9048055324001227,-0.5674373336626071,-0.8828162337175963,-0.10286985938742682,0.003043148748581378,-0.7394662468772634,-0.9044512740072636,0.9841231756854657,0
-0.8043672005990544,0.9009088760241706,-0.502969299721533,0.1399115727926192,-0.23538436605243465,-1.177851894974348,-0.4090788379283631,1.4316811360790147,-0.11629724963687813,-0.6849837281165926,-0.7394662468772634,0.7424374106814341,0.9841231756854657,0
-0.634918112038349,0.9009088760241706,0.8491410419312149,0.55016593837212,-0.5733475201700994,0.9048055324001227,2.2830155895537843,-0.8828162337175963,-0.6802476401138448,0.8057411717579506,-0.4814607612315388,0.6829113136444932,0.9841231756854657,0
0.38177641932588297,-1.1099901739376037,0.17308587110484092,0.3248560979793747,-0.23538436605243465,-1.177851894974348,1.3328646151483206,-1.461440576166749,-0.17672050575941017,0.4617277333253637,0.29255569570563505,0.5043330225336705,0.9841231756854657,0
-0.46546902347764374,0.9009088760241706,-0.502969299721533,0.5713277233392665,-0.911310674287764,-1.177851894974348,0.38271364074285674,-0.3041918912684436,-0.8078078474836352,-0.45564143582820127,-0.4814607612315388,0.8813316371009629,-1.0161329645585022,0
-0.12657084635623306,-1.1099901739376037,-1.179024470547907,0.9399217988118028,-0.06640278899360229,-1.177851894974348,1.6495816066168083,-1.461440576166749,-0.14650887769814416,0.003043148748581378,0.5505611813513597,0.08765034327508442,0.9841231756854657,0
0.38177641932588297,0.9009088760241706,-1.179024470547907,0.17170162737386238,-0.06640278899360229,-1.177851894974348,0.38271364074285674,0.2744324511807092,-1.1837747744682794,-0.11162799739561437,0.8085666669970842,-1.3806600503027906,0.9841231756854657,0
-0.46546902347764374,0.9009088760241706,1.5251962127575889,-0.29935338904408165,-0.5733475201700994,0.9048055324001227,-0.7574675285436998,1.4316811360790147,-0.07601507888852362,-0.6849837281165926,-0.4814607612315388,-0.38855843302044263,0.9841231756854657,0
0.38177641932588297,0.9009088760241706,1.5251962127575889,-0.013021804537116953,0.2715603651240624,0.9048055324001227,-0.8841543251310949,1.4316811360790147,-0.14315203013578132,-1.0289971665491795,0.29255569570563505,1.9329593514202517,-1.0161329645585022,0
0.38177641932588297,0.9009088760241706,-1.179024470547907,0.2675139776691442,0.7785050963005594,0.9048055324001227,0.6994306322113446,-0.8828162337175963,1.2499397082448211,0.003043148748581378,0.03455021005991044,0.5638591195706114,0.9841231756854657,0
-0.12657084635623306,0.9009088760241706,-1.179024470547907,0.11688628735821655,0.2715603651240624,-1.177851894974348,1.1745061194140765,0.2744324511807092,-1.6201649575754564,0.5763988794695595,0.03455021005991044,-1.9362369559809054,0.9841231756854657,0
-0.8043672005990544,0.9009088760241706,-0.502969299721533,-0.45179720269174206,-0.5733475201700994,0.9048055324001227,-0.17154109432699713,-0.8828162337175963,0.14218001266506483,0.3470565871811683,-0.4814607612315388,1.5361187045073124,-1.0161329645585022,0
0.38177641932588297,-1.1099901739376037,-1.179024470547907,-0.713350547934936,0.4405419421828948,0.9048055324001227,-0.5199297849423339,1.4316811360790147,0.3301634761573873,0.4617277333253637,0.8085666669970842,-0.44808453005738347,0.9841231756854657,0
1.0595727735687044,0.9009088760241706,-1.179024470547907,-0.29199414143610386,0.6095235192417271,0.21058638994196582,0.06599664927436881,-0.8828162337175963,-1.6705176710108995,0.23238544103697253,0.03455021005991044,-3.0077067026458413,0.9841231756854657,0
0.5512255078865883,-1.1099901739376037,0.8491410419312149,0.5559617406728236,0.10257878806523006,0.9048055324001227,-1.1272346160831594,-1.461440576166749,0.9108981044461687,-1.3730106049817663,0.29255569570563505,0.20670253734896618,0.9841231756854657,0
-0.2960199349169384,-1.1099901739376037,-0.502969299721533,0.456896160748264,-0.404365943111267,-1.177851894974348,-0.3298995900612411,-1.461440576166749,-0.4083429875624505,-0.7996548742607882,0.03455021005991044,-0.44808453005738347,0.9841231756854657,0
-0.46546902347764374,-1.1099901739376037,0.8491410419312149,0.17456004758211127,-0.7423290972289317,-1.177851894974348,0.38271364074285674,-0.3041918912684436,0.6188523665205963,-0.11162799739561437,-0.4814607612315388,0.46464895784237664,0.9841231756854657,0
1.906818216372231,0.9009088760241706,1.5251962127575889,-0.632588332769274,1.6234129815947211,0.9048055324001227,-1.1370528428186826,1.4316811360790147,-0.7272435059869256,-0.9143260204049839,2.872610552162881,0.801963507718375,0.9841231756854657,0
-0.8043672005990544,-1.1099901739376037,-0.502969299721533,-0.5829213076038444,-0.404365943111267,0.9048055324001227,-1.2800505644667048,-0.8828162337175963,-0.7037455730503852,-1.2583394588375707,-0.7394662468772634,0.22654456969461315,-1.0161329645585022,0
-0.46546902347764374,0.9009088760241706,-1.179024470547907,-0.3762780566373432,-0.23538436605243465,0.9048055324001227,0.22435514500861276,1.4316811360790147,0.4510099884024514,0.6910700256137552,-0.7394662468772634,-1.658448503141848,0.9841231756854657,0
0.5512255078865883,-1.1099901739376037,-0.502969299721533,0.24466240837999426,0.4405419421828948,-1.177851894974348,-1.285276394825935,-0.8828162337175963,-0.03908975570253134,-1.3730106049817663,0.03455021005991044,0.7027533459901402,-1.0161329645585022,0
-0.2960199349169384,0.9009088760241706,0.8491410419312149,-0.656561160814146,-0.5733475201700994,0.9048055324001227,-0.5040939353689095,1.4316811360790147,-1.0830693475973925,0.3470565871811683,-0.4814607612315388,0.5837011519162584,0.9841231756854657,0
0.7206745964472937,-1.1099901739376037,-1.179024470547907,-0.41106866281840565,0.6095235192417271,0.9048055324001227,-0.2507203421941191,0.2744324511807092,-0.23714376188194225,0.1177142948927768,1.066572152642809,0.5638591195706114,-1.0161329645585022,0
-0.8043672005990544,0.9009088760241706,-1.179024470547907,-0.20606781904338448,-0.911310674287764,0.9048055324001227,0.4313296989332696,0.2744324511807092,-0.029019213015442864,0.4617277333253637,-0.4814607612315388,0.26622863438590705,0.9841231756854657,0
-0.634918112038349,0.9009088760241706,1.5251962127575889,2.23123286835929,-0.7423290972289317,-1.177851894974348,1.6867958531143556,-1.461440576166749,0.27981076272194366,-0.570312581972397,-0.4814607612315388,1.4964346398160184,-1.0161329645585022,0
-0.12657084635623306,-1.1099901739376037,-1.179024470547907,-0.13468627572136802,0.10257878806523006,-1.177851894974348,-0.5040939353689095,-1.461440576166749,0.138823165102702,-0.570312581972397,-0.22345527558581418,-1.5989224061049072,0.9841231756854657,0
0.21232733076517762,-1.1099901739376037,0.17308587110484092,-0.5839793968522017,-0.23538436605243465,0.21058638994196582,0.06599664927436881,-0.8828162337175963,-1.0964967378468442,1.035083464046342,0.29255569570563505,-1.0631875327724392,0.9841231756854657,0
-0.12657084635623306,0.9009088760241706,0.8491410419312149,-0.3605330569267126,-0.911310674287764,0.9048055324001227,0.5410721364771007,-1.461440576166749,-0.0726582313261608,1.035083464046342,0.03455021005991044,-0.7060309505507939,0.9841231756854657,0
-0.2960199349169384,-1.1099901739376037,-0.502969299721533,-0.19029123457907154,-0.23538436605243465,0.9048055324001227,-0.2445443608604836,-0.3041918912684436,0.19588957366287124,-0.2262991435398101,-0.4814607612315388,0.9011736694466097,-1.0161329645585022,0
-0.46546902347764374,-1.1099901739376037,1.5251962127575889,-0.3788995911929748,-0.06640278899360229,-1.177851894974348,-1.221774638036503,1.4316811360790147,0.19924642122523406,-1.2583394588375707,0.03455021005991044,-0.20998014190961997,0.9841231756854657,0
0.38177641932588297,-1.1099901739376037,1.5251962127575889,0.455459054455719,0.10257878806523006,-1.177851894974348,0.38271364074285674,-0.8828162337175963,-1.2005590122800942,-0.34097028968400567,0.5505611813513597,0.9210157017922567,0.9841231756854657,0
0.38177641932588297,-1.1099901739376037,-0.502969299721533,0.2703881902542343,-0.404365943111267,-1.177851894974348,1.6495816066168083,-0.8828162337175963,0.1253957748532507,0.8057411717579506,0.8085666669970842,1.0599099282117854,-1.0161329645585022,0
-0.634918112038349,-1.1099901739376037,-0.502969299721533,-0.009721197777315749,-0.404365943111267,-1.177851894974348,-0.7015669795495116,-0.8828162337175963,-0.18679104844649927,-0.9143260204049839,-0.4814607612315388,-0.17029607721832604,0.9841231756854657,0
-0.12657084635623306,-1.1099901739376037,0.17308587110484092,-0.1411611502262412,-0.23538436605243465,0.9048055324001227,-0.5674373336626071,-0.3041918912684436,0.635636604332411,-0.6849837281165926,-0.4814607612315388,0.9606997664835506,0.9841231756854657,0
-0.12657084635623306,0.9009088760241706,-0.502969299721533,-0.6063414024592759,0.10257878806523006,0.9048055324001227,-0.4090788379283631,1.4316811360790147,-0.9622228353523281,0.3470565871811683,-0.7394662468772634,0.8813316371009629,-1.0161329645585022,0
1.5679200392508204,0.9009088760241706,-1.179024470547907,0.23048085397663787,1.9613761357123858,-1.177851894974348,1.6495816066168083,-0.8828162337175963,0.9713213605687007,0.8057411717579506,1.3245776382885335,-1.658448503141848,0.9841231756854657,0
0.5512255078865883,0.9009088760241706,1.5251962127575889,-0.7935916146648399,0.9474866733593919,-1.177851894974348,-1.3416520193073258,0.2744324511807092,-0.5359031949322403,-1.143668312693375,0.03455021005991044,0.46464895784237664,-1.0161329645585022,0
-0.2960199349169384,-1.1099901739376037,-0.502969299721533,-0.09040445105877197,-0.5733475201700994,0.9048055324001227,1.1745061194140765,-0.3041918912684436,-1.6705176710108995,1.035083464046342,0.03455021005991044,-0.46792656240303043,0.9841231756854657,0
-0.46546902347764374,0.9009088760241706,0.8491410419312149,-0.6753540892551193,-0.404365943111267,0.9048055324001227,-0.5674373336626071,0.2744324511807092,-1.072998804910304,0.23238544103697253,-0.7394662468772634,-1.7179746001787888,0.9841231756854657,0
-0.634918112038349,0.9009088760241706,0.8491410419312149,0.6912392406941494,-0.23538436605243465,0.9048055324001227,2.273830796801198,-1.461440576166749,-0.39827244487536145,0.5763988794695595,-0.7394662468772634,0.9606997664835506,0.9841231756854657,0
0.0428782422044723,-1.1099901739376037,-1.179024470547907,-0.44846501117825854,-0.23538436605243465,-1.177851894974348,0.8577891279455886,-0.8828162337175963,0.5919975860216931,1.7231103409115156,0.5505611813513597,-0.17029607721832604,0.9841231756854657,0
2.2457163934936415,0.9009088760241706,0.8491410419312149,-0.37912068446875097,1.6234129815947211,0.9048055324001227,-0.7257958293968509,0.853056793629862,-1.5496711587658354,-0.570312581972397,2.098594095225707,-2.5513399586959613,0.9841231756854657,0
-0.46546902347764374,0.9009088760241706,-1.179024470547907,-0.200587864279504,-0.404365943111267,0.9048055324001227,-0.8524826259842462,-0.3041918912684436,1.2734376411813615,-0.9143260204049839,-0.4814607612315388,0.38528082845978884,0.9841231756854657,0
-0.8043672005990544,-1.1099901739376037,0.8491410419312149,-0.1079024045987707,-0.911310674287764,0.9048055324001227,-0.9474977234247925,-0.8828162337175963,-0.8044509999212723,-1.0289971665491795,-0.7394662468772634,-0.9242933063529105,0.9841231756854657,0
-0.8043672005990544,-1.1099901739376037,0.8491410419312149,-0.16129643069871266,-0.911310674287764,0.9048055324001227,-0.09236184645987515,-1.461440576166749,-1.469106817269126,-0.11162799739561437,-0.7394662468772634,-0.20998014190961997,0.9841231756854657,0
-0.8043672005990544,-1.1099901739376037,0.8491410419312149,-0.2381579287846096,-0.5733475201700994,0.9048055324001227,0.06599664927436881,-0.8828162337175963,-0.29421017044211145,0.1177142948927768,-0.4814607612315388,-0.30919030363785477,0.9841231756854657,0
-0.46546902347764374,0.9009088760241706,0.8491410419312149,-0.4866193936264868,-0.5733475201700994,0.9048055324001227,0.06599664927436881,1.4316811360790147,0.3536614090939276,0.6910700256137552,-0.7394662468772634,-0.15045404487267908,-1.0161329645585022,0
0.0428782422044723,0.9009088760241706,0.8491410419312149,0.9310464830270743,-0.7423290972289317,0.9048055324001227,4.024959042630468,-0.8828162337175963,1.649404568166006,1.2644257563347332,-0.22345527558581418,0.6829113136444932,0.9841231756854657,0
-0.9738162891597597,0.9009088760241706,1.5251962127575889,-0.10220135655911407,-0.911310674287764,-1.177851894974348,0.06599664927436881,-1.461440576166749,-1.7577957076323352,0.003043148748581378,-0.997471732522988,-1.202081759191968,0.9841231756854657,0
1.7373691278115257,-1.1099901739376037,-1.179024470547907,0.04155664982591156,1.4544314045358888,-1.177851894974348,-0.7257958293968509,1.4316811360790147,0.01797665285763789,-0.9143260204049839,2.356599580871432,0.7622794430270811,0.9841231756854657,0
1.906818216372231,0.9009088760241706,-1.179024470547907,0.8385821166221171,1.6234129815947211,-1.177851894974348,0.20028465365700768,1.4316811360790147,0.4174415127788225,-0.6849837281165926,2.356599580871432,-2.273551505856904,0.9841231756854657,0
-0.634918112038349,0.9009088760241706,0.8491410419312149,-0.5843742062732306,-0.911310674287764,0.9048055324001227,-0.2507203421941191,1.4316811360790147,0.1757484882886937,0.5763988794695595,-0.7394662468772634,0.028124246238143545,0.9841231756854657,0
-0.12657084635623306,-1.1099901739376037,1.5251962127575889,-0.869347646371856,0.2715603651240624,0.21058638994196582,-1.042512820865339,1.4316811360790147,-0.27406908506793454,-0.2262991435398101,-0.22345527558581418,1.4567505751247247,0.9841231756854657,0
-0.2960199349169384,-1.1099901739376037,0.8491410419312149,0.08127447758141408,-0.23538436605243465,-1.177851894974348,-1.359229812333827,1.4316811360790147,0.3503045615315648,-1.487681751125962,-0.7394662468772634,-0.20998014190961997,0.9841231756854657,0
0.890123685007999,-1.1099901739376037,-1.179024470547907,0.11754956718554502,0.7785050963005594,0.9048055324001227,0.38271364074285674,1.4316811360790147,-0.05587399351434607,0.003043148748581378,-0.22345527558581418,0.14717644031202531,0.9841231756854657,0
1.0595727735687044,-1.1099901739376037,-0.502969299721533,-0.10932371851447456,1.1164682504182242,0.9048055324001227,0.2861149583449679,0.853056793629862,0.007906110170548816,0.23238544103697253,0.8085666669970842,0.286070666731554,-1.0161329645585022,0
0.0428782422044723,0.9009088760241706,0.17308587110484092,-0.501906414408724,-0.23538436605243465,-1.177851894974348,2.4413740852880284,-1.461440576166749,0.10189784191671032,4.3605467022280155,0.03455021005991044,0.6630692812988462,0.9841231756854657,0
-0.46546902347764374,0.9009088760241706,-1.179024470547907,0.45515899929573705,-0.911310674287764,-1.177851894974348,1.3328646151483206,-0.3041918912684436,-0.5828990608053211,0.3470565871811683,-0.7394662468772634,-0.051243883144444294,0.9841231756854657,0
-0.2960199349169384,0.9009088760241706,1.5251962127575889,-0.43305165138129215,-0.7423290972289317,0.9048055324001227,-0.4090788379283631,0.2744324511807092,-1.0495008719737637,-0.11162799739561437,-0.4814607612315388,-2.987864670300194,0.9841231756854657,0
2.0762673049329363,0.9009088760241706,-1.179024470547907,4.546995423592443,2.130357712771218,-1.177851894974348,0.9627808106173924,1.4316811360790147,0.19588957366287124,-1.143668312693375,2.872610552162881,0.008282213892496587,0.9841231756854657,0
-0.46546902347764374,0.9009088760241706,-1.179024470547907,-0.1862483861077361,-0.911310674287764,-1.177851894974348,0.8577891279455886,-1.461440576166749,-0.17672050575941017,0.9204123179021463,-0.997471732522988,-0.32903233598350173,0.9841231756854657,0
0.0428782422044723,-1.1099901739376037,-1.179024470547907,0.08027955784042139,0.10257878806523006,0.9048055324001227,0.5027493805094136,-0.3041918912684436,0.001192415045823164,0.1177142948927768,-0.22345527558581418,0.6829113136444932,-1.0161329645585022,0
-0.12657084635623306,-1.1099901739376037,-1.179024470547907,1.9739434648632077,0.6095235192417271,0.9048055324001227,0.39459052792292504,1.4316811360790147,0.4745079213389917,-0.9143260204049839,1.066572152642809,1.5758027691986063,-1.0161329645585022,0
-0.634918112038349,0.9009088760241706,-0.502969299721533,-0.10333840769167717,-0.7423290972289317,0.9048055324001227,0.38271364074285674,-0.8828162337175963,-0.17336365819704735,0.23238544103697253,-0.4814607612315388,1.5758027691986063,0.9841231756854657,0
-0.8043672005990544,0.9009088760241706,-1.179024470547907,0.008376866082646832,-0.23538436605243465,-1.177851894974348,-0.5674373336626071,-0.8828162337175963,-1.0830693475973925,-0.7996548742607882,-0.997471732522988,-1.202081759191968,0.9841231756854657,0
-0.46546902347764374,0.9009088760241706,0.8491410419312149,1.1255769809564102,-0.7423290972289317,0.9048055324001227,-1.042512820865339,-0.8828162337175963,1.2432260131200956,-1.3730106049817663,-0.4814607612315388,0.8614896047553159,0.9841231756854657,0
1.0595727735687044,-1.1099901739376037,-0.502969299721533,0.26904583822273614,0.6095235192417271,0.9048055324001227,1.8079401023510524,0.853056793629862,0.11868207972852446,0.9204123179021463,1.582583123934258,0.5440170872249644,0.9841231756854657,0
2.5846145706150523,-1.1099901739376037,-1.179024470547907,-0.11453520287205542,2.130357712771218,0.9048055324001227,1.3328646151483206,-1.461440576166749,0.01797665285763789,1.2644257563347332,1.3245776382885335,0.6432272489531993,0.9841231756854657,0
1.2290218621294098,0.9009088760241706,-1.179024470547907,0.27030922837002846,0.7785050963005594,-1.177851894974348,-0.5674373336626071,1.4316811360790147,0.29995184809612124,-0.9143260204049839,1.582583123934258,-2.03544711770914,0.9841231756854657,0
0.38177641932588297,-1.1099901739376037,-0.502969299721533,-0.035620695796808446,0.6095235192417271,0.9048055324001227,1.3328646151483206,1.4316811360790147,-0.6869613352385705,1.035083464046342,0.5505611813513597,0.286070666731554,0.9841231756854657,0
0.0428782422044723,0.9009088760241706,-1.179024470547907,0.5728911686465408,0.2715603651240624,-1.177851894974348,-1.0651580857553358,-1.461440576166749,-0.1397951825734185,-1.3730106049817663,0.5505611813513597,-0.3488743683291487,0.9841231756854657,0
2.2457163934936415,0.9009088760241706,0.17308587110484092,-0.01775951758946318,1.6234129815947211,-1.177851894974348,2.074457450671785,1.4316811360790147,-0.5526874327440551,1.7231103409115156,1.582583123934258,1.1789621222856672,-1.0161329645585022,0
-0.634918112038349,0.9009088760241706,1.5251962127575889,-0.46853712214336535,-0.5733475201700994,-1.177851894974348,-0.5674373336626071,-0.8828162337175963,-0.21364582894540246,-0.2262991435398101,-0.7394662468772634,1.337698381050843,0.9841231756854657,0
0.21232733076517762,-1.1099901739376037,0.8491410419312149,1.0033913613364012,-0.06640278899360229,-1.177851894974348,4.024959042630468,-0.8828162337175963,-0.9521522926652397,1.1497546101905376,0.5505611813513597,0.7027533459901402,-1.0161329645585022,0
-0.2960199349169384,-1.1099901739376037,0.8491410419312149,-0.29839005405677127,-0.404365943111267,-1.177851894974348,-0.09236184645987515,0.853056793629862,-1.1233515183457474,0.1177142948927768,-0.7394662468772634,0.286070666731554,0.9841231756854657,0
1.0595727735687044,0.9009088760241706,0.8491410419312149,-0.07104299705151707,0.4405419421828948,0.9048055324001227,0.25602684415546156,-1.461440576166749,-0.3244217985033781,0.1177142948927768,2.098594095225707,-0.7457150152420878,0.9841231756854657,0
-0.634918112038349,0.9009088760241706,-0.502969299721533,0.1699802582981766,-0.23538436605243465,0.9048055324001227,0.23290650377826194,0.2744324511807092,-0.32106495094101467,-0.2262991435398101,-0.4814607612315388,0.9011736694466097,0.9841231756854657,0
-0.12657084635623306,-1.1099901739376037,-0.502969299721533,-0.770124142678885,-0.23538436605243465,0.9048055324001227,-0.7257958293968509,-0.8828162337175963,-0.4452683107484422,0.23238544103697253,0.29255569570563505,-1.2219237915376149,0.9841231756854657,0
0.21232733076517762,0.9009088760241706,-1.179024470547907,-0.1489625843857713,0.2715603651240624,0.9048055324001227,-0.4090788379283631,1.4316811360790147,0.04483143335654109,-0.45564143582820127,1.066572152642809,0.18686050500331922,0.9841231756854657,0
0.0428782422044723,0.9009088760241706,1.5251962127575889,0.6290488606936847,0.2715603651240624,-1.177851894974348,-0.23108388872307287,-0.8828162337175963,-0.37141766437645823,-0.7996548742607882,0.03455021005991044,0.9408577341379036,-1.0161329645585022,0
0.5512255078865883,-1.1099901739376037,0.8491410419312149,-0.6787652426528086,0.4405419421828948,0.9048055324001227,-0.3774071387815143,1.4316811360790147,0.15896425047687956,0.5763988794695595,0.03455021005991044,-0.8846092416616166,0.9841231756854657,0
0.38177641932588297,-1.1099901739376037,-0.502969299721533,0.30895317450033255,0.9474866733593919,0.9048055324001227,-0.7257958293968509,0.853056793629862,-1.3818287806476905,-1.0289971665491795,0.5505611813513597,-0.5472946917856183,0.9841231756854657,0
0.0428782422044723,-1.1099901739376037,-1.179024470547907,-0.20459912799715715,0.2715603651240624,-1.177851894974348,1.6495816066168083,-0.8828162337175963,-1.371758237960602,1.8377814870557112,0.29255569570563505,-0.40840046536608954,0.9841231756854657,0
0.7206745964472937,0.9009088760241706,0.8491410419312149,-0.4532974784916517,0.6095235192417271,0.9048055324001227,-1.2008713165995828,1.4316811360790147,0.9444665800697976,-1.143668312693375,0.8085666669970842,-2.075131182400434,0.9841231756854657,0
-0.634918112038349,-1.1099901739376037,0.8491410419312149,-0.8123687507289721,-0.911310674287764,-1.177851894974348,-0.4090788379283631,-0.8828162337175963,-0.8514468657943525,1.2644257563347332,0.03455021005991044,1.0400678958661385,-1.0161329645585022,0
0.0428782422044723,-1.1099901739376037,-1.179024470547907,0.40157546467370125,-0.404365943111267,0.9048055324001227,0.8394195424404163,-0.3041918912684436,-0.04580345082725759,0.003043148748581378,0.5505611813513597,-1.8767108589439645,0.9841231756854657,0
0.7206745964472937,-1.1099901739376037,1.5251962127575889,-0.16920841149613086,0.2715603651240624,-1.177851894974348,0.5390134760325556,0.853056793629862,-1.0495008719737637,0.5763988794695595,-0.22345527558581418,0.305912699077201,-1.0161329645585022,0
0.0428782422044723,0.9009088760241706,1.5251962127575889,1.4098397640971838,0.2715603651240624,-1.177851894974348,1.3328646151483206,-0.8828162337175963,1.5386285986080301,-0.34097028968400567,0.29255569570563505,-0.7457150152420878,0.9841231756854657,0
0.38177641932588297,-1.1099901739376037,-0.502969299721533,-0.4396054877703711,0.4405419421828948,0.9048055324001227,-0.963333572998217,-0.8828162337175963,-0.1532225728228698,-0.7996548742607882,0.03455021005991044,0.6630692812988462,0.9841231756854657,0
-0.8043672005990544,-1.1099901739376037,-0.502969299721533,-0.45422922872527977,-0.911310674287764,-1.177851894974348,-0.963333572998217,0.853056793629862,-0.43855461562371656,-0.7996548742607882,-0.7394662468772634,1.258330251668255,-1.0161329645585022,0
0.7206745964472937,0.9009088760241706,0.8491410419312149,-0.014680004105438132,0.9474866733593919,0.9048055324001227,0.8577891279455886,-0.8828162337175963,-1.173704231781191,0.5763988794695595,0.8085666669970842,-0.44808453005738347,0.9841231756854657,0
-0.634918112038349,-1.1099901739376037,0.8491410419312149,0.5797292678187604,-0.404365943111267,-1.177851894974348,0.06599664927436881,-0.3041918912684436,0.82026322026237,-0.570312581972397,-0.7394662468772634,0.46464895784237664,0.9841231756854657,0
-0.9738162891597597,0.9009088760241706,-0.502969299721533,0.1737862211168947,-0.911310674287764,0.9048055324001227,-0.7257958293968509,1.4316811360790147,0.06497251873071805,-1.0289971665491795,-0.7394662468772634,0.4249648931510827,-1.0161329645585022,0
-0.9738162891597597,-1.1099901739376037,0.8491410419312149,-0.19990879207533438,-0.911310674287764,0.9048055324001227,0.38271364074285674,-0.8828162337175963,-0.4419114631860794,0.4617277333253637,-0.4814607612315388,-1.4401861473397315,-1.0161329645585022,0
0.21232733076517762,0.9009088760241706,1.5251962127575889,-0.44683839636361966,0.10257878806523006,0.21058638994196582,-0.2507203421941191,-0.3041918912684436,-0.7104592681751108,0.1177142948927768,0.03455021005991044,0.5241750548793175,0.9841231756854657,0
-0.9738162891597597,-1.1099901739376037,-0.502969299721533,-0.29979557559563397,-0.911310674287764,0.9048055324001227,0.06599664927436881,-0.8828162337175963,0.1488937077897905,0.23238544103697253,-0.7394662468772634,-0.40840046536608954,0.9841231756854657,0
-0.634918112038349,0.9009088760241706,-1.179024470547907,0.09837762170038396,-0.06640278899360229,0.9048055324001227,-0.7417900374660097,0.2744324511807092,0.42415520790354816,-0.9143260204049839,-0.7394662468772634,0.06780831092943747,0.9841231756854657,0
0.21232733076517762,0.9009088760241706,1.5251962127575889,0.07577873044069247,-0.06640278899360229,-1.177851894974348,1.6495816066168083,-0.8828162337175963,0.07839990898016995,1.1497546101905376,0.5505611813513597,1.1194360252487263,0.9841231756854657,0
0.0428782422044723,0.9009088760241706,-1.179024470547907,0.6527216335785746,-0.5733475201700994,-1.177851894974348,1.7159338163294566,0.853056793629862,2.17642963545698,0.3470565871811683,0.29255569570563505,0.286070666731554,0.9841231756854657,0
-0.46546902347764374,0.9009088760241706,-1.179024470547907,0.28223247288509984,-0.5733475201700994,0.9048055324001227,1.3328646151483206,0.853056793629862,0.9780350556934264,0.4617277333253637,-0.4814607612315388,0.14717644031202531,-1.0161329645585022,0
-0.634918112038349,0.9009088760241706,0.8491410419312149,-0.25169199573747864,-0.911310674287764,-1.177851894974348,-0.4090788379283631,-0.3041918912684436,-1.5530280063281983,-0.34097028968400567,-0.7394662468772634,0.18686050500331922,-1.0161329645585022,0
-0.46546902347764374,0.9009088760241706,-1.179024470547907,0.21435683722181956,-0.911310674287764,-1.177851894974348,-0.5552437294910703,0.2744324511807092,-0.6970318779256596,-0.7996548742607882,-0.4814607612315388,-0.7258729828964409,-1.0161329645585022,0
1.398470950690115,0.9009088760241706,0.8491410419312149,2.0678765223143922,1.1164682504182242,-1.177851894974348,1.7306611564327412,-1.461440576166749,0.23281489684886292,-0.45564143582820127,1.582583123934258,0.6233852166075523,0.9841231756854657,0
-0.46546902347764374,0.9009088760241706,-1.179024470547907,-0.3563638694406479,-0.7423290972289317,0.9048055324001227,-0.5674373336626071,-1.461440576166749,0.2193875065994116,-0.45564143582820127,-0.7394662468772634,-0.13061201252703214,-1.0161329645585022,0
-0.8043672005990544,0.9009088760241706,-0.502969299721533,0.12047115690115853,-0.911310674287764,0.21058638994196582,1.0161476236798326,-0.8828162337175963,-0.08272877401324927,0.4617277333253637,-0.7394662468772634,0.3654387961141419,0.9841231756854657,0
0.7206745964472937,0.9009088760241706,-0.502969299721533,0.04613643910984625,0.2715603651240624,-1.177851894974348,-1.1901029388896542,-0.3041918912684436,-0.03908975570253134,-1.3730106049817663,0.8085666669970842,-1.7973427295613766,0.9841231756854657,0
-0.634918112038349,-1.1099901739376037,-0.502969299721533,-0.09402090535539626,-0.911310674287764,0.9048055324001227,-0.4274484234335354,-0.8828162337175963,-0.25057115213139414,-0.570312581972397,-0.7394662468772634,-1.2417658238832618,0.9841231756854657,0
-0.9738162891597597,0.9009088760241706,-0.502969299721533,0.08381705025283989,-0.911310674287764,-1.177851894974348,-1.2008713165995828,1.4316811360790147,0.0985409943543475,-1.3730106049817663,-0.4814607612315388,0.801963507718375,-1.0161329645585022,0
-0.8043672005990544,0.9009088760241706,-1.179024470547907,-0.6777229457812923,-0.911310674287764,0.9048055324001227,-0.7257958293968509,-0.8828162337175963,-0.1901478960088621,0.003043148748581378,-0.7394662468772634,-0.17029607721832604,0.9841231756854657,0
1.2290218621294098,-1.1099901739376037,-0.502969299721533,-0.11151885889539498,1.1164682504182242,-1.177851894974348,-0.5040939353689095,-1.461440576166749,-0.3848450546259102,-0.570312581972397,1.3245776382885335,1.0202258635204915,-1.0161329645585022,0
-0.2960199349169384,0.9009088760241706,-1.179024470547907,-0.7316223279401513,0.10257878806523006,0.9048055324001227,-1.038553858471983,-1.461440576166749,1.6359771779165546,-0.570312581972397,-0.997471732522988,0.7225953783357871,-1.0161329645585022,0
-0.2960199349169384,0.9009088760241706,-1.179024470547907,-0.24295881134432043,0.4405419421828948,-1.177851894974348,-0.2507203421941191,-0.8828162337175963,-0.5761853656805954,-0.2262991435398101,-0.997471732522988,0.7027533459901402,0.9841231756854657,0
1.398470950690115,0.9009088760241706,0.8491410419312149,-0.2984532235641359,0.7785050963005594,0.9048055324001227,0.8577891279455886,-0.3041918912684436,0.6692050799560398,1.2644257563347332,1.3245776382885335,-0.26950623894656084,0.9841231756854657,0
0.0428782422044723,0.9009088760241706,-0.502969299721533,0.467350714217108,-0.5733475201700994,-1.177851894974348,-0.644716279580918,0.2744324511807092,-0.5996832986171352,-1.0289971665491795,0.03455021005991044,0.32575473142284794,0.9841231756854657,0
0.38177641932588297,-1.1099901739376037,1.5251962127575889,-0.01273754175397618,-0.06640278899360229,-1.177851894974348,-0.5674373336626071,0.2744324511807092,-1.3482603050240614,-0.6849837281165926,1.066572152642809,1.298014316359549,-1.0161329645585022,0
0.21232733076517762,0.9009088760241706,-1.179024470547907,-0.1819844443606245,-0.06640278899360229,0.9048055324001227,0.6994306322113446,0.2744324511807092,0.39730042740464494,0.6910700256137552,0.29255569570563505,-1.2814498885745558,0.9841231756854657,0
1.5679200392508204,0.9009088760241706,0.8491410419312149,2.0699453236805834,1.7923945586535535,-1.177851894974348,1.8079401023510524,-1.461440576166749,-0.3076375606915634,-0.45564143582820127,2.098594095225707,-0.44808453005738347,-1.0161329645585022,0
-0.46546902347764374,-1.1099901739376037,1.5251962127575889,-0.785300616823234,-0.7423290972289317,0.9048055324001227,-0.765385453330412,-0.8828162337175963,-0.2035752862583134,0.23238544103697253,-0.4814607612315388,-0.24966420660091387,-1.0161329645585022,0
-0.9738162891597597,-1.1099901739376037,0.8491410419312149,-0.20583093339076716,-0.7423290972289317,0.9048055324001227,-0.3298995900612411,-1.461440576166749,-1.1166378232210217,-0.34097028968400567,-0.7394662468772634,-2.23386744116561,0.9841231756854657,0
-0.46546902347764374,0.9009088760241706,-0.502969299721533,0.5561986263254409,-0.911310674287764,-1.177851894974348,-0.8841543251310949,1.4316811360790147,-0.5795422132429582,-1.2583394588375707,-0.4814607612315388,-1.658448503141848,0.9841231756854657,0
-0.46546902347764374,0.9009088760241706,-0.502969299721533,2.0669605644576055,-0.5733475201700994,-1.177851894974348,0.06599664927436881,-0.3041918912684436,1.357358830240434,-1.0289971665491795,-0.4814607612315388,0.286070666731554,-1.0161329645585022,0
2.415165482054347,0.9009088760241706,-1.179024470547907,0.11668098645928154,1.9613761357123858,-1.177851894974348,-0.8317376630430602,0.2744324511807092,-1.274409658652078,-1.0289971665491795,1.066572152642809,1.1591200899400202,0.9841231756854657,0
-0.46546902347764374,-1.1099901739376037,-0.502969299721533,-0.5438351749219881,-0.23538436605243465,-1.177851894974348,-0.18737694390042153,0.853056793629862,-0.09615616426270057,0.4617277333253637,-0.4814607612315388,1.0599099282117854,-1.0161329645585022,0
-0.2960199349169384,-1.1099901739376037,-1.179024470547907,0.2776210988474828,-0.404365943111267,-1.177851894974348,0.38271364074285674,0.2744324511807092,-1.626878652700182,-0.2262991435398101,-0.4814607612315388,0.8416475724096689,0.9841231756854657,0
0.0428782422044723,0.9009088760241706,-0.502969299721533,0.6696984386828153,-0.06640278899360229,-1.177851894974348,0.3133526196112579,0.2744324511807092,0.1757484882886937,-0.570312581972397,0.29255569570563505,1.1194360252487263,-1.0161329645585022,0
-0.8043672005990544,-1.1099901739376037,-1.179024470547907,0.5099585469345417,-0.911310674287764,0.9048055324001227,-0.03535278799554733,-0.8828162337175963,-0.885015341417982,-0.6849837281165926,-0.4814607612315388,-0.8846092416616166,0.9841231756854657,0
-0.9738162891597597,0.9009088760241706,0.8491410419312149,1.0219000269942338,-0.5733475201700994,0.9048055324001227,0.06599664927436881,-1.461440576166749,-0.33113549362810374,-0.7996548742607882,-0.7394662468772634,-0.4282424977117365,0.9841231756854657,0
0.5512255078865883,0.9009088760241706,-1.179024470547907,-0.5175882446119899,0.6095235192417271,0.9048055324001227,-0.9543071387413651,-1.461440576166749,0.7833378970763782,-0.6849837281165926,0.8085666669970842,0.782121475372728,0.9841231756854657,0
-0.2960199349169384,0.9009088760241706,-0.502969299721533,-0.858782546265124,0.2715603651240624,0.9048055324001227,-0.7615848494327901,-1.461440576166749,0.3536614090939276,0.5763988794695595,-0.22345527558581418,1.278172284013902,0.9841231756854657,0
-0.634918112038349,-1.1099901739376037,0.8491410419312149,0.8366554466474962,-0.7423290972289317,-1.177851894974348,-0.5455838612512813,-0.8828162337175963,-0.7272435059869256,-1.0289971665491795,-0.4814607612315388,-0.36871640067479566,0.9841231756854657,0
-0.634918112038349,0.9009088760241706,-0.502969299721533,-0.4337307235854618,-0.404365943111267,0.9048055324001227,-1.042512820865339,-0.8828162337175963,-0.885015341417982,-0.9143260204049839,-0.22345527558581418,-1.4997122443766724,0.9841231756854657,0
-0.9738162891597597,0.9009088760241706,-1.179024470547907,-0.6766332717792527,-0.911310674287764,0.9048055324001227,-0.08729437459637934,0.2744324511807092,-1.4153972562713195,1.1497546101905376,-0.4814607612315388,0.14717644031202531,0.9841231756854657,0
-0.8043672005990544,0.9009088760241706,0.8491410419312149,-0.20401481005403446,-0.911310674287764,-1.177851894974348,-0.7257958293968509,1.4316811360790147,-1.3214055245251584,-0.7996548742607882,-0.7394662468772634,0.7027533459901402,0.9841231756854657,0
-0.46546902347764374,-1.1099901739376037,0.8491410419312149,0.5737123722422808,0.10257878806523006,-1.177851894974348,-0.7625350004071956,1.4316811360790147,0.138823165102702,-1.143668312693375,-0.4814607612315388,-2.3529196352394917,0.9841231756854657,0
0.5512255078865883,-1.1099901739376037,0.8491410419312149,1.0288486728043416,0.6095235192417271,-1.177851894974348,0.6994306322113446,0.2744324511807092,-0.5392600424946031,-0.45564143582820127,0.8085666669970842,-0.22982217425526694,-1.0161329645585022,0
0.7206745964472937,-1.1099901739376037,0.8491410419312149,0.21659935473326344,0.6095235192417271,-1.177851894974348,-1.042512820865339,-0.3041918912684436,-0.6533928596149416,-1.2583394588375707,1.066572152642809,-1.5393963090679663,0.9841231756854657,0
0.7206745964472937,0.9009088760241706,-0.502969299721533,-0.18594833094775418,0.6095235192417271,-1.177851894974348,-0.2507203421941191,-0.8828162337175963,-0.8078078474836352,-0.2262991435398101,0.03455021005991044,0.32575473142284794,0.9841231756854657,0
-0.634918112038349,0.9009088760241706,0.8491410419312149,0.26249200183365723,-0.911310674287764,-1.177851894974348,3.2331665639592484,1.4316811360790147,-0.2572848472561198,1.952452633199907,-0.4814607612315388,-0.7655570475877348,0.9841231756854657,0
0.21232733076517762,0.9009088760241706,-1.179024470547907,1.4108346838381765,0.10257878806523006,-1.177851894974348,2.4413740852880284,-0.3041918912684436,1.6359771779165546,0.1177142948927768,1.066572152642809,-1.142555662155027,0.9841231756854657,0
-0.46546902347764374,0.9009088760241706,1.5251962127575889,0.4988565060152104,-0.404365943111267,-1.177851894974348,-0.6024345612198749,1.4316811360790147,0.2663833724724924,-1.0289971665491795,-0.7394662468772634,-0.11076998018138517,-1.0161329645585022,0
-0.8043672005990544,-1.1099901739376037,-0.502969299721533,-0.009168464587875355,-0.911310674287764,-1.177851894974348,0.15689442582582483,0.853056793629862,-1.3449034574616987,-0.11162799739561437,-0.4814607612315388,-0.7853990799333818,0.9841231756854657,0
-0.8043672005990544,0.9009088760241706,-0.502969299721533,-0.14474601976918317,-0.911310674287764,0.9048055324001227,0.06599664927436881,0.2744324511807092,-0.38148820706354736,0.003043148748581378,-0.4814607612315388,-1.3409759856114967,-1.0161329645585022,0
1.7373691278115257,0.9009088760241706,-1.179024470547907,-0.5425717847746957,2.2993392898300504,0.9048055324001227,-1.042512820865339,0.2744324511807092,0.011262957732911642,-0.7996548742607882,1.8405886095799828,-1.7378166325244357,0.9841231756854657,0
-0.634918112038349,-1.1099901739376037,-0.502969299721533,-0.9372864515425009,-0.911310674287764,0.9048055324001227,-1.1546306358451837,1.4316811360790147,0.6524208421442251,-0.34097028968400567,-0.4814607612315388,-0.5472946917856183,0.9841231756854657,0
1.7373691278115257,0.9009088760241706,-1.179024470547907,1.5971531458101125,1.7923945586535535,-1.177851894974348,0.38271364074285674,-0.3041918912684436,-0.18343420088413584,-0.7996548742607882,1.8405886095799828,0.12733440796637835,-1.0161329645585022,0
0.890123685007999,-1.1099901739376037,-0.502969299721533,1.5551454234126425,1.2854498274770565,0.21058638994196582,-0.2507203421941191,0.2744324511807092,0.9981761410676039,-1.143668312693375,-0.22345527558581418,0.06780831092943747,0.9841231756854657,0
-0.8043672005990544,-1.1099901739376037,1.5251962127575889,0.002202046737755585,-0.911310674287764,-1.177851894974348,0.38271364074285674,1.4316811360790147,-1.173704231781191,0.1177142948927768,-0.7394662468772634,-0.9639773710442044,0.9841231756854657,0
0.38177641932588297,0.9009088760241706,1.5251962127575889,-0.3376341105070392,-0.06640278899360229,0.9048055324001227,-0.9474977234247925,1.4316811360790147,-0.3647039692517326,-0.9143260204049839,-0.22345527558581418,-0.44808453005738347,0.9841231756854657,0
-0.8043672005990544,0.9009088760241706,1.5251962127575889,-0.20669951411703064,-0.911310674287764,0.9048055324001227,0.06599664927436881,-0.8828162337175963,-0.13308148744869286,0.1177142948927768,-0.7394662468772634,1.3972244780877838,0.9841231756854657,0
-0.8043672005990544,0.9009088760241706,-0.502969299721533,0.36335791271810836,-0.911310674287764,-1.177851894974348,-0.7257958293968509,-0.8828162337175963,0.850474848323636,-1.0289971665491795,-0.7394662468772634,-0.9441353386985575,-1.0161329645585022,0
0.5512255078865883,0.9009088760241706,-0.502969299721533,-0.675022449341455,0.2715603651240624,0.9048055324001227,-0.2507203421941191,-0.8828162337175963,0.6557776897065886,0.9204123179021463,0.8085666669970842,0.305912699077201,0.9841231756854657,0
0.7206745964472937,0.9009088760241706,1.5251962127575889,-0.29592644326955125,0.6095235192417271,0.9048055324001227,-0.2507203421941191,-0.8828162337175963,-0.05587399351434607,-0.11162799739561437,0.8085666669970842,-0.44808453005738347,0.9841231756854657,0
-0.634918112038349,0.9009088760241706,0.8491410419312149,-0.22926682062303982,-0.06640278899360229,0.9048055324001227,-1.3076049427244634,-1.461440576166749,-0.915226969479248,-1.3730106049817663,-0.4814607612315388,0.6432272489531993,0.9841231756854657,0
0.38177641932588297,-1.1099901739376037,-1.179024470547907,-0.5864272152625806,-0.06640278899360229,0.9048055324001227,0.1632287656551946,0.2744324511807092,-0.8883721889803448,1.2644257563347332,0.29255569570563505,1.238488219322608,-1.0161329645585022,0
2.0762673049329363,-1.1099901739376037,-0.502969299721533,-0.9418346560727533,1.4544314045358888,0.9048055324001227,-1.14180359769071,-1.461440576166749,0.05490197604362957,-0.2262991435398101,1.582583123934258,1.1194360252487263,-1.0161329645585022,0
-0.2960199349169384,-1.1099901739376037,0.8491410419312149,-0.09354713405016163,0.10257878806523006,-1.177851894974348,0.38271364074285674,-0.8828162337175963,0.7934084397634668,0.23238544103697253,-0.4814607612315388,-0.051243883144444294,0.9841231756854657,0
-1.143265377720465,0.9009088760241706,-0.502969299721533,-0.6990742392705327,-0.911310674287764,0.9048055324001227,-0.2507203421941191,0.2744324511807092,-0.707102420612748,0.9204123179021463,-0.7394662468772634,-0.15045404487267908,0.9841231756854657,0
-0.12657084635623306,-1.1099901739376037,0.8491410419312149,-0.45588742829360096,-0.06640278899360229,0.9048055324001227,0.0202310440071723,-1.461440576166749,0.007906110170548816,0.5763988794695595,0.03455021005991044,-1.658448503141848,0.9841231756854657,0
0.0428782422044723,-1.1099901739376037,-0.502969299721533,-0.44841763404773505,0.2715603651240624,0.9048055324001227,-0.5674373336626071,1.4316811360790147,0.4107278176540969,-0.2262991435398101,1.066572152642809,1.278172284013902,0.9841231756854657,0
-0.8043672005990544,0.9009088760241706,-1.179024470547907,-0.26631573669238734,-0.7423290972289317,0.9048055324001227,-0.18737694390042153,1.4316811360790147,-0.5560442803064178,-0.11162799739561437,-0.7394662468772634,-3.8013879964717194,0.9841231756854657,0
0.890123685007999,-1.1099901739376037,-0.502969299721533,1.027174680859179,0.4405419421828948,-1.177851894974348,1.1485353261136606,-0.8828162337175963,-1.428824646520771,-0.2262991435398101,0.03455021005991044,-2.3132355705481977,0.9841231756854657,0
-0.634918112038349,0.9009088760241706,1.5251962127575889,-0.35296850841979976,-0.5733475201700994,0.9048055324001227,-0.7257958293968509,0.2744324511807092,0.3939435798422821,-0.570312581972397,-0.7394662468772634,1.1392780575943733,-1.0161329645585022,0
2.0762673049329363,-1.1099901739376037,0.8491410419312149,0.07789490893740711,1.9613761357123858,-1.177851894974348,1.3328646151483206,-0.8828162337175963,-0.16329311550995887,0.8057411717579506,2.098594095225707,-0.5869787564769122,0.9841231756854657,0
-0.46546902347764374,-1.1099901739376037,0.8491410419312149,1.0308858894168504,-0.911310674287764,0.9048055324001227,0.38271364074285674,0.853056793629862,-1.2106295549671826,-0.6849837281165926,-0.7394662468772634,1.0202258635204915,-1.0161329645585022,0
1.0595727735687044,0.9009088760241706,1.5251962127575889,-0.07375928586819556,0.4405419421828948,0.9048055324001227,-0.2507203421941191,-0.3041918912684436,-0.22035952407012813,-0.34097028968400567,0.5505611813513597,1.6154868338899002,0.9841231756854657,0
0.21232733076517762,-1.1099901739376037,-0.502969299721533,0.5534191680013978,-0.06640278899360229,-1.177851894974348,4.024959042630468,-0.8828162337175963,-0.8682311036061672,1.8377814870557112,0.5505611813513597,0.3654387961141419,0.9841231756854657,0
-0.46546902347764374,-1.1099901739376037,-0.502969299721533,0.08294846952657642,-0.5733475201700994,-1.177851894974348,0.06599664927436881,0.2744324511807092,0.42079836034118534,-0.2262991435398101,-0.4814607612315388,1.0797519605574324,-1.0161329645585022,0
-0.12657084635623306,0.9009088760241706,-0.502969299721533,3.089595926806538,-0.06640278899360229,-1.177851894974348,-0.4545277262040911,-1.461440576166749,-1.1602768415317393,-1.3730106049817663,-0.22345527558581418,0.7027533459901402,0.9841231756854657,0
0.38177641932588297,0.9009088760241706,-0.502969299721533,-0.7860902356652917,0.2715603651240624,0.9048055324001227,-0.7257958293968509,-1.461440576166749,-0.012234975203628139,0.3470565871811683,0.5505611813513597,0.028124246238143545,0.9841231756854657,0
-0.8043672005990544,0.9009088760241706,1.5251962127575889,0.8411878588009075,-0.911310674287764,-1.177851894974348,1.6495816066168083,-0.8828162337175963,0.46108053108954045,0.1177142948927768,-0.7394662468772634,-0.4282424977117365,-1.0161329645585022,0
1.0595727735687044,0.9009088760241706,-0.502969299721533,-0.29213627282767424,0.7785050963005594,0.9048055324001227,0.5204855320316489,-0.3041918912684436,-0.542616890056966,0.8057411717579506,1.3245776382885335,0.8416475724096689,0.9841231756854657,0
0.890123685007999,-1.1099901739376037,-0.502969299721533,1.4831163926401387,0.9474866733593919,-1.177851894974348,-0.352544854951238,0.2744324511807092,1.5218443607962155,-1.143668312693375,2.098594095225707,1.0003838311748445,-1.0161329645585022,0
-0.634918112038349,0.9009088760241706,0.8491410419312149,0.20856103492111602,-0.7423290972289317,-1.177851894974348,0.4227783401636204,0.2744324511807092,-1.12670836590811,-0.11162799739561437,-0.4814607612315388,0.6432272489531993,-1.0161329645585022,0
-0.8043672005990544,0.9009088760241706,0.8491410419312149,-0.5816421250797109,-0.7423290972289317,0.9048055324001227,-0.963333572998217,0.2744324511807092,0.29323815297139555,-0.6849837281165926,-0.7394662468772634,-0.8846092416616166,-1.0161329645585022,0
-0.9738162891597597,-1.1099901739376037,0.8491410419312149,-0.11022388399442035,-0.911310674287764,0.9048055324001227,0.06599664927436881,0.2744324511807092,0.3335203237197501,0.003043148748581378,-0.7394662468772634,0.4448069254967297,-1.0161329645585022,0
-0.46546902347764374,0.9009088760241706,-1.179024470547907,0.651110811140777,-0.911310674287764,-1.177851894974348,-0.2507203421941191,0.2744324511807092,1.2264417753082808,-0.7996548742607882,-0.4814607612315388,-0.20998014190961997,0.9841231756854657,0
-0.8043672005990544,-1.1099901739376037,-1.179024470547907,-0.5781835945514981,-0.5733475201700994,0.9048055324001227,-1.196437278719024,-0.8828162337175963,-0.9622228353523281,-1.0289971665491795,-0.997471732522988,-0.7457150152420878,0.9841231756854657,0
-0.2960199349169384,0.9009088760241706,-1.179024470547907,-0.24839138897767743,-0.06640278899360229,-1.177851894974348,0.8969036763919469,0.853056793629862,-0.45869570099789353,1.1497546101905376,-0.7394662468772634,-0.051243883144444294,-1.0161329645585022,0
-0.9738162891597597,0.9009088760241706,-0.502969299721533,-0.2988006558546413,-0.7423290972289317,-1.177851894974348,0.06599664927436881,1.4316811360790147,0.1656779456016052,0.23238544103697253,-0.4814607612315388,-1.4203441149940845,0.9841231756854657,0
1.7373691278115257,0.9009088760241706,1.5251962127575889,0.9354525561657562,2.130357712771218,-1.177851894974348,1.6495816066168083,-0.8828162337175963,1.4916327327349495,0.003043148748581378,1.066572152642809,1.8337491896920168,0.9841231756854657,0
1.398470950690115,0.9009088760241706,-1.179024470547907,-0.6384473045773422,1.1164682504182242,0.9048055324001227,-0.7257958293968509,0.2744324511807092,-0.6063969937418614,-0.11162799739561437,1.8405886095799828,1.2186461869769611,0.9841231756854657,0
0.0428782422044723,-1.1099901739376037,-0.502969299721533,3.028100411387084,-0.404365943111267,-1.177851894974348,1.6495816066168083,0.853056793629862,0.4107278176540969,-0.7996548742607882,0.03455021005991044,-1.12271362980938,0.9841231756854657,0
0.38177641932588297,-1.1099901739376037,-0.502969299721533,1.0980192833685964,-0.404365943111267,-1.177851894974348,0.38271364074285674,1.4316811360790147,-0.6466791644902159,-0.6849837281165926,-0.4814607612315388,1.1789621222856672,0.9841231756854657,0
-0.9738162891597597,-1.1099901739376037,-0.502969299721533,-0.45151293990860125,-0.911310674287764,0.9048055324001227,0.1361494628846389,-0.8828162337175963,-0.26399854238084547,0.6910700256137552,-0.4814607612315388,-1.0433455004267922,0.9841231756854657,0
0.38177641932588297,0.9009088760241706,-0.502969299721533,-0.5673658164153076,-0.06640278899360229,0.21058638994196582,0.8577891279455886,-1.461440576166749,0.27645391515958084,2.2964660716324943,0.03455021005991044,-0.17029607721832604,0.9841231756854657,0
0.890123685007999,0.9009088760241706,-0.502969299721533,0.2687141983090719,-0.23538436605243465,0.9048055324001227,-1.2353934686696482,0.853056793629862,-0.09279931670033775,-1.3730106049817663,0.29255569570563505,1.0202258635204915,-1.0161329645585022,0
-0.9738162891597597,0.9009088760241706,-1.179024470547907,-0.30121688951133785,-0.911310674287764,0.9048055324001227,-0.5674373336626071,0.853056793629862,-0.10286985938742682,-0.45564143582820127,-0.997471732522988,0.5837011519162584,-1.0161329645585022,0
-0.8043672005990544,-1.1099901739376037,1.5251962127575889,-0.11338235936265116,-0.911310674287764,-1.177851894974348,-0.2507203421941191,-0.8828162337175963,-0.9722933780394172,-0.34097028968400567,-0.7394662468772634,-3.106916864374076,0.9841231756854657,0
-0.8043672005990544,0.9009088760241706,-1.179024470547907,0.15625668282321367,-0.911310674287764,-1.177851894974348,0.06599664927436881,-0.3041918912684436,-1.0797125000350298,-0.34097028968400567,-0.997471732522988,-0.4282424977117365,-1.0161329645585022,0
-0.12657084635623306,0.9009088760241706,0.8491410419312149,0.4620128908447979,0.10257878806523006,-1.177851894974348,1.6495816066168083,-0.8828162337175963,-0.7003887254880223,0.4617277333253637,-0.22345527558581418,-0.36871640067479566,-1.0161329645585022,0
-0.8043672005990544,-1.1099901739376037,0.8491410419312149,0.08386442738336336,-0.7423290972289317,-1.177851894974348,-0.963333572998217,-1.461440576166749,-1.8752853723150364,-1.143668312693375,-0.7394662468772634,-0.051243883144444294,0.9841231756854657,0
1.7373691278115257,0.9009088760241706,0.8491410419312149,0.7400534775101567,1.7923945586535535,0.9048055324001227,0.6994306322113446,-0.3041918912684436,-1.6705176710108995,-0.34097028968400567,2.098594095225707,-0.8052411122790287,0.9841231756854657,0
-0.634918112038349,-1.1099901739376037,0.8491410419312149,-0.557874597933774,-0.911310674287764,0.9048055324001227,-0.4882580857954851,0.2744324511807092,-1.6403060429496337,0.1177142948927768,-0.7394662468772634,0.028124246238143545,0.9841231756854657,0
-0.2960199349169384,0.9009088760241706,-0.502969299721533,-0.1077602732072003,-0.911310674287764,-1.177851894974348,0.1451758971414908,0.853056793629862,0.6490639945818623,0.003043148748581378,-0.22345527558581418,1.2186461869769611,-1.0161329645585022,0
0.38177641932588297,0.9009088760241706,-1.179024470547907,-0.7635229291592825,-0.06640278899360229,0.9048055324001227,-0.4728973117092634,0.2744324511807092,-0.18007735332177302,0.8057411717579506,0.29255569570563505,0.7225953783357871,-1.0161329645585022,0
-0.46546902347764374,-1.1099901739376037,0.8491410419312149,-0.48933568244316533,-0.911310674287764,0.9048055324001227,-0.4090788379283631,-1.461440576166749,-0.5862559083676839,0.003043148748581378,-0.7394662468772634,-0.17029607721832604,0.9841231756854657,0
1.398470950690115,-1.1099901739376037,-1.179024470547907,1.2182624406371436,1.7923945586535535,0.9048055324001227,1.6495816066168083,-0.8828162337175963,-0.002164432516539662,-0.11162799739561437,2.098594095225707,-0.5671367241312653,-1.0161329645585022,0
-0.9738162891597597,-1.1099901739376037,0.8491410419312149,-0.10866043868714609,-0.911310674287764,-1.177851894974348,-0.43679157468185575,0.853056793629862,-0.965579682914691,-0.570312581972397,-0.7394662468772634,-0.8449251769703227,0.9841231756854657,0
0.890123685007999,0.9009088760241706,-1.179024470547907,-0.41173194264573415,0.9474866733593919,-1.177851894974348,-0.4090788379283631,-0.3041918912684436,-0.9924344634135942,-0.11162799739561437,0.5505611813513597,0.9408577341379036,-1.0161329645585022,0
-0.2960199349169384,-1.1099901739376037,-1.179024470547907,0.07950573137520484,-0.06640278899360229,-1.177851894974348,-1.2008713165995828,1.4316811360790147,0.46443737865190327,-1.3730106049817663,-0.997471732522988,0.3455967637684949,0.9841231756854657,0
-0.8043672005990544,-1.1099901739376037,0.8491410419312149,-0.972645583289845,-0.7423290972289317,0.9048055324001227,-1.2008713165995828,1.4316811360790147,-0.9252975121663365,-0.34097028968400567,-0.4814607612315388,-1.5790803737592602,0.9841231756854657,0
0.21232733076517762,0.9009088760241706,-0.502969299721533,-0.20755230246645298,0.6095235192417271,-1.177851894974348,0.0026532509806712224,-0.8828162337175963,-0.9320112072910621,0.003043148748581378,-0.22345527558581418,-1.5989224061049072,0.9841231756854657,0
0.0428782422044723,-1.1099901739376037,-1.179024470547907,-0.7473357428970996,0.6095235192417271,0.9048055324001227,-1.145762560084066,0.853056793629862,0.5416448725862495,-0.7996548742607882,0.29255569570563505,1.694854963272488,-1.0161329645585022,0
1.5679200392508204,0.9009088760241706,0.8491410419312149,-0.45730874220930484,1.9613761357123858,0.9048055324001227,0.0026532509806712224,1.4316811360790147,0.5416448725862495,0.5763988794695595,1.582583123934258,1.0003838311748445,0.9841231756854657,0
-0.9738162891597597,-1.1099901739376037,-0.502969299721533,-0.7007482312156951,-0.911310674287764,0.9048055324001227,-1.042512820865339,1.4316811360790147,-0.05587399351434607,-0.6849837281165926,-0.7394662468772634,1.278172284013902,0.9841231756854657,0
0.7206745964472937,0.9009088760241706,1.5251962127575889,-0.5871852493509561,0.7785050963005594,0.9048055324001227,-0.5644285222436564,-1.461440576166749,0.20260326878759688,0.003043148748581378,0.8085666669970842,1.1988041546313142,0.9841231756854657,0
0.0428782422044723,-1.1099901739376037,-1.179024470547907,-0.0655630422876366,-0.404365943111267,-1.177851894974348,-0.9120254203803219,-0.3041918912684436,-1.3818287806476905,-1.0289971665491795,0.03455021005991044,0.7225953783357871,-1.0161329645585022,0
-0.12657084635623306,-1.1099901739376037,0.8491410419312149,-0.37285111086281275,-0.7423290972289317,-1.177851894974348,-0.8841543251310949,0.853056793629862,-0.21364582894540246,-0.7996548742607882,0.29255569570563505,-0.11076998018138517,-1.0161329645585022,0
-0.8043672005990544,0.9009088760241706,0.8491410419312149,-0.4850401559423714,-0.404365943111267,0.9048055324001227,0.06599664927436881,-0.8828162337175963,-1.1938453171553682,0.6910700256137552,-0.4814607612315388,-0.03140185079879733,-1.0161329645585022,0
0.38177641932588297,0.9009088760241706,-0.502969299721533,0.5504659935321019,0.7785050963005594,-1.177851894974348,-0.7257958293968509,1.4316811360790147,-1.271052811089715,-1.143668312693375,1.066572152642809,0.6432272489531993,-1.0161329645585022,0
1.5679200392508204,0.9009088760241706,0.8491410419312149,-0.34125056480366345,1.4544314045358888,0.21058638994196582,-0.963333572998217,0.2744324511807092,-0.8447331706696268,-0.9143260204049839,2.356599580871432,1.0003838311748445,-1.0161329645585022,0
-0.9738162891597597,-1.1099901739376037,0.8491410419312149,-0.7345123329020825,-0.5733475201700994,0.9048055324001227,-1.1234340121855375,-0.8828162337175963,-1.663803975886174,-0.7996548742607882,-0.22345527558581418,0.14717644031202531,-1.0161329645585022,0
-0.634918112038349,0.9009088760241706,-1.179024470547907,3.019319849863402,-0.404365943111267,-1.177851894974348,-0.39355970534640716,-1.461440576166749,-0.5828990608053211,-1.2583394588375707,-0.7394662468772634,-0.5671367241312653,-1.0161329645585022,0
-0.2960199349169384,0.9009088760241706,-0.502969299721533,-0.07424884955027133,-0.5733475201700994,-1.177851894974348,-0.3298995900612411,-0.8828162337175963,0.5382880250238866,-0.45564143582820127,-0.4814607612315388,1.278172284013902,0.9841231756854657,0
0.38177641932588297,0.9009088760241706,1.5251962127575889,0.19335297602308463,0.4405419421828948,-1.177851894974348,-0.6165284673402227,-0.3041918912684436,0.4174415127788225,-0.9143260204049839,0.29255569570563505,0.10749237562073138,-1.0161329645585022,0
-0.634918112038349,-1.1099901739376037,-0.502969299721533,-0.4922256874050965,-0.23538436605243465,0.9048055324001227,-0.09236184645987515,-0.8828162337175963,0.3301634761573873,0.4617277333253637,-0.4814607612315388,0.4844909901880236,0.9841231756854657,0
-0.46546902347764374,-1.1099901739376037,0.8491410419312149,1.025295388015082,-0.7423290972289317,-1.177851894974348,-0.5674373336626071,-0.8828162337175963,-0.002164432516539662,-1.143668312693375,-0.7394662468772634,-1.8767108589439645,0.9841231756854657,0
-0.8043672005990544,0.9009088760241706,0.8491410419312149,0.25391674120891056,-0.911310674287764,-1.177851894974348,-0.8969813632855688,1.4316811360790147,-0.603040146179498,-1.143668312693375,-0.7394662468772634,-0.30919030363785477,-1.0161329645585022,0
0.7206745964472937,-1.1099901739376037,-0.502969299721533,0.35331396104713436,0.9474866733593919,-1.177851894974348,0.06599664927436881,-0.3041918912684436,-0.4553388534355307,-0.45564143582820127,0.5505611813513597,0.9210157017922567,-1.0161329645585022,0
-0.12657084635623306,-1.1099901739376037,0.8491410419312149,-0.505080682153796,-0.7423290972289317,-1.177851894974348,-0.2507203421941191,1.4316811360790147,-1.4321814940831339,0.3470565871811683,-0.7394662468772634,-0.6663468858595001,-1.0161329645585022,0
-0.634918112038349,0.9009088760241706,1.5251962127575889,-0.25829320925708105,-0.911310674287764,0.9048055324001227,-0.2507203421941191,-0.8828162337175963,0.48457846402608024,-0.11162799739561437,-0.7394662468772634,0.7225953783357871,-1.0161329645585022,0
0.890123685007999,0.9009088760241706,-1.179024470547907,-0.6216915927488776,0.9474866733593919,0.9048055324001227,-0.8841543251310949,-0.8828162337175963,0.5919975860216931,-0.45564143582820127,0.8085666669970842,1.0003838311748445,-1.0161329645585022,0
0.21232733076517762,0.9009088760241706,1.5251962127575889,0.14332272619030847,0.4405419421828948,-1.177851894974348,0.38271364074285674,-0.8828162337175963,-0.7138161157374736,-0.11162799739561437,1.066572152642809,1.9924854484571926,-1.0161329645585022,0
-0.2960199349169384,0.9009088760241706,1.5251962127575889,-0.3415822047173277,-0.404365943111267,0.9048055324001227,-0.09236184645987515,0.853056793629862,0.531574329899161,0.1177142948927768,-0.7394662468772634,-0.051243883144444294,-1.0161329645585022,0
-0.46546902347764374,0.9009088760241706,1.5251962127575889,-0.11396667730577387,-0.5733475201700994,-1.177851894974348,1.1428344202672278,-0.8828162337175963,1.0988815679384905,1.035083464046342,-0.4814607612315388,-0.051243883144444294,0.9841231756854657,0
0.5512255078865883,-1.1099901739376037,0.8491410419312149,0.7528137179978093,0.2715603651240624,-1.177851894974348,1.259861348614834,1.4316811360790147,-0.06258768863907171,0.003043148748581378,0.29255569570563505,0.5440170872249644,0.9841231756854657,0
-0.8043672005990544,0.9009088760241706,0.8491410419312149,0.11964995330541851,-0.7423290972289317,-1.177851894974348,-0.7257958293968509,-0.8828162337175963,0.5114332445249834,-0.9143260204049839,-0.7394662468772634,0.9805417988291976,0.9841231756854657,0
-0.9738162891597597,0.9009088760241706,0.8491410419312149,-0.03710517921987693,-0.911310674287764,0.9048055324001227,-0.8841543251310949,0.853056793629862,-1.8047915735054156,-1.0289971665491795,-0.4814607612315388,-0.5472946917856183,0.9841231756854657,0
-0.46546902347764374,-1.1099901739376037,0.8491410419312149,-0.19910338085643553,-0.404365943111267,0.9048055324001227,0.06599664927436881,1.4316811360790147,0.9377528849450718,0.1177142948927768,-0.7394662468772634,-0.686188918205147,0.9841231756854657,0
0.0428782422044723,0.9009088760241706,-1.179024470547907,0.4747573389556093,-0.06640278899360229,-1.177851894974348,0.8577891279455886,0.2744324511807092,-1.1166378232210217,0.003043148748581378,0.03455021005991044,-2.0156050853634935,0.9841231756854657,0
0.0428782422044723,-1.1099901739376037,1.5251962127575889,-0.7909069106018437,0.2715603651240624,0.9048055324001227,-1.2825843003984527,-0.8828162337175963,-0.8648742560438044,-1.0289971665491795,0.5505611813513597,0.5241750548793175,0.9841231756854657,0
-0.2960199349169384,0.9009088760241706,-1.179024470547907,-0.489920000386288,-0.23538436605243465,0.9048055324001227,0.38271364074285674,0.2744324511807092,-0.23714376188194225,1.2644257563347332,-0.7394662468772634,1.0400678958661385,0.9841231756854657,0
0.21232733076517762,0.9009088760241706,0.8491410419312149,-0.48665097838016913,0.10257878806523006,0.9048055324001227,-0.7257958293968509,0.853056793629862,-1.1837747744682794,-0.45564143582820127,0.5505611813513597,0.028124246238143545,-1.0161329645585022,0
0.0428782422044723,0.9009088760241706,-0.502969299721533,-0.7706294987378018,-0.404365943111267,0.9048055324001227,-0.7257958293968509,0.2744324511807092,-0.7406708962363768,0.23238544103697253,0.29255569570563505,-2.5513399586959613,0.9841231756854657,0
1.0595727735687044,0.9009088760241706,1.5251962127575889,0.17686573460091976,0.2715603651240624,-1.177851894974348,0.06599664927436881,0.2744324511807092,-0.39827244487536145,-0.34097028968400567,1.066572152642809,1.1591200899400202,0.9841231756854657,0
0.0428782422044723,0.9009088760241706,-1.179024470547907,-0.33671815265025223,0.10257878806523006,-1.177851894974348,-1.042512820865339,0.853056793629862,0.3301634761573873,-1.0289971665491795,1.066572152642809,-0.8250831446246757,0.9841231756854657,0
-0.46546902347764374,0.9009088760241706,0.8491410419312149,-0.3610699977393118,-0.5733475201700994,0.9048055324001227,-0.09236184645987515,0.853056793629862,0.001192415045823164,0.23238544103697253,-0.4814607612315388,-0.2893482712922078,0.9841231756854657,0
-0.12657084635623306,-1.1099901739376037,-1.179024470547907,-0.3401293060479415,-0.06640278899360229,0.9048055324001227,0.22435514500861276,0.2744324511807092,-1.076355652472667,0.5763988794695595,-0.22345527558581418,-1.8370267942526706,-1.0161329645585022,0
-0.46546902347764374,0.9009088760241706,-0.502969299721533,-0.597023900122995,-0.5733475201700994,0.9048055324001227,-0.7257958293968509,1.4316811360790147,-0.005521280078902488,-0.2262991435398101,-0.7394662468772634,0.008282213892496587,-1.0161329645585022,0
1.7373691278115257,-1.1099901739376037,0.8491410419312149,-0.02004941223143052,1.2854498274770565,0.9048055324001227,-0.2507203421941191,0.2744324511807092,0.1354663175403392,-0.45564143582820127,1.8405886095799828,0.08765034327508442,-1.0161329645585022,0
-0.2960199349169384,-1.1099901739376037,-0.502969299721533,0.049089613579142065,-0.5733475201700994,-1.177851894974348,0.38271364074285674,-1.461440576166749,-0.1532225728228698,0.003043148748581378,-0.7394662468772634,0.38528082845978884,-1.0161329645585022,0
0.38177641932588297,-1.1099901739376037,1.5251962127575889,0.3637211373854549,0.4405419421828948,-1.177851894974348,-0.8524826259842462,-0.8828162337175963,-1.6839450612603513,-1.143668312693375,0.29255569570563505,0.9408577341379036,0.9841231756854657,0
0.5512255078865883,0.9009088760241706,-0.502969299721533,-0.6405318983203745,0.6095235192417271,0.9048055324001227,-0.5674373336626071,0.2744324511807092,0.5248606347744353,0.1177142948927768,0.8085666669970842,1.0797519605574324,0.9841231756854657,0
-0.2960199349169384,-1.1099901739376037,-0.502969299721533,-0.1448723587839124,-0.404365943111267,0.9048055324001227,0.3776461688793609,0.2744324511807092,-0.3109944082539262,0.3470565871811683,-0.7394662468772634,0.028124246238143545,-1.0161329645585022,0
-0.12657084635623306,-1.1099901739376037,1.5251962127575889,-0.5806787900924005,-0.5733475201700994,-1.177851894974348,-0.15966420714692883,1.4316811360790147,1.0854541776890392,0.6910700256137552,0.03455021005991044,0.7225953783357871,-1.0161329645585022,0
-0.8043672005990544,-1.1099901739376037,0.8491410419312149,0.7006830820451596,-0.911310674287764,-1.177851894974348,-0.8841543251310949,1.4316811360790147,0.8135495251376443,-1.2583394588375707,-0.7394662468772634,0.4844909901880236,0.9841231756854657,0
-0.634918112038349,-1.1099901739376037,0.8491410419312149,0.5312308785395763,-0.7423290972289317,-1.177851894974348,2.4413740852880284,-0.8828162337175963,0.4308689030282738,0.9204123179021463,-0.4814607612315388,0.06780831092943747,-1.0161329645585022,0
-0.12657084635623306,-1.1099901739376037,-1.179024470547907,0.5299359036386017,-0.404365943111267,-1.177851894974348,1.0161476236798326,-1.461440576166749,0.20596011634995973,0.003043148748581378,-0.22345527558581418,0.18686050500331922,0.9841231756854657,0
1.0595727735687044,0.9009088760241706,-0.502969299721533,3.010065517034486,0.9474866733593919,-1.177851894974348,2.4413740852880284,1.4316811360790147,1.4782053424854982,-0.570312581972397,0.8085666669970842,1.9528013837658986,-1.0161329645585022,0
2.2457163934936415,0.9009088760241706,-0.502969299721533,-0.006720646177496473,1.6234129815947211,0.9048055324001227,-0.7257958293968509,-0.3041918912684436,-0.46205254856025635,-0.9143260204049839,2.872610552162881,-0.051243883144444294,-1.0161329645585022,0
0.890123685007999,-1.1099901739376037,1.5251962127575889,0.8818374367900381,0.7785050963005594,0.9048055324001227,-0.5649035977308592,-1.461440576166749,-1.8148621161925045,-1.143668312693375,1.3245776382885335,-0.5076106270943244,-1.0161329645585022,0
-0.46546902347764374,-1.1099901739376037,-1.179024470547907,-0.39287584469739617,-0.404365943111267,-1.177851894974348,1.1752979118927478,0.2744324511807092,0.2898813054090322,1.952452633199907,-0.997471732522988,1.0599099282117854,-1.0161329645585022,0
-0.9738162891597597,-1.1099901739376037,-1.179024470547907,-0.7916333599365368,-0.911310674287764,0.9048055324001227,-0.7257958293968509,-1.461440576166749,0.7363420312032976,0.3470565871811683,-0.4814607612315388,1.3773824457421369,-1.0161329645585022,0
-0.8043672005990544,0.9009088760241706,0.8491410419312149,-0.6326199175229563,-0.7423290972289317,0.9048055324001227,-0.726429263379788,0.2744324511807092,-1.1804179269059165,-0.11162799739561437,-0.4814607612315388,-2.749760282152431,0.9841231756854657,0
-0.8043672005990544,0.9009088760241706,0.8491410419312149,0.8692035353171148,-0.911310674287764,0.9048055324001227,0.38271364074285674,-0.8828162337175963,0.4677942262142661,-0.570312581972397,-0.7394662468772634,-2.075131182400434,0.9841231756854657,0
0.38177641932588297,0.9009088760241706,-1.179024470547907,-0.10305414490853639,0.2715603651240624,0.9048055324001227,0.38271364074285674,0.853056793629862,-0.005521280078902488,0.23238544103697253,0.8085666669970842,0.028124246238143545,0.9841231756854657,0
0.0428782422044723,-1.1099901739376037,1.5251962127575889,-0.582068519254422,-0.06640278899360229,0.9048055324001227,0.06599664927436881,0.2744324511807092,-0.18343420088413584,1.035083464046342,0.5505611813513597,-0.2893482712922078,0.9841231756854657,0
-0.12657084635623306,-1.1099901739376037,-0.502969299721533,0.7066841852447981,0.2715603651240624,-1.177851894974348,-0.12403354560672394,0.2744324511807092,-1.2475548781531747,-0.7996548742607882,0.5505611813513597,0.6233852166075523,0.9841231756854657,0
0.38177641932588297,0.9009088760241706,-1.179024470547907,-0.2627466595262865,0.9474866733593919,0.9048055324001227,-0.6613439216330137,-0.8828162337175963,0.9679645130063379,-0.570312581972397,1.066572152642809,-0.5671367241312653,-1.0161329645585022,0
-0.2960199349169384,-1.1099901739376037,-0.502969299721533,0.039930035011272694,0.2715603651240624,-1.177851894974348,-0.5674373336626071,-0.8828162337175963,0.4409394457153629,-0.7996548742607882,-0.22345527558581418,0.5837011519162584,0.9841231756854657,0
-0.2960199349169384,0.9009088760241706,-1.179024470547907,0.4630709800931552,-0.7423290972289317,-1.177851894974348,-0.010965579652473759,0.2744324511807092,0.3301634761573873,-0.570312581972397,-0.4814607612315388,-0.30919030363785477,0.9841231756854657,0
-0.8043672005990544,-1.1099901739376037,-0.502969299721533,-0.4536607031589982,-0.911310674287764,-1.177851894974348,-1.121692068732461,0.853056793629862,1.545342293732756,-1.0289971665491795,-0.997471732522988,-0.4877685947486774,0.9841231756854657,0
0.890123685007999,0.9009088760241706,0.8491410419312149,-0.5380393726212845,0.9474866733593919,0.9048055324001227,-0.8288872101198438,0.853056793629862,0.1791053358510565,-0.570312581972397,1.066572152642809,-0.6266628211682062,0.9841231756854657,0
-0.46546902347764374,-1.1099901739376037,-1.179024470547907,-0.2518815042595725,-0.5733475201700994,0.9048055324001227,-0.4090788379283631,-1.461440576166749,0.19924642122523406,-0.34097028968400567,-0.7394662468772634,-1.7775006972157297,-1.0161329645585022,0
-0.12657084635623306,-1.1099901739376037,1.5251962127575889,-0.013748253871810041,-0.06640278899360229,-1.177851894974348,-0.7257958293968509,0.2744324511807092,1.0015329886299666,-0.9143260204049839,0.8085666669970842,0.9408577341379036,-1.0161329645585022,0
-0.634918112038349,-1.1099901739376037,-0.502969299721533,0.35915714047836134,-0.911310674287764,-1.177851894974348,-0.8254033232136905,0.853056793629862,-0.8581605609190788,-1.143668312693375,-0.7394662468772634,0.9210157017922567,-1.0161329645585022,0
-0.8043672005990544,-1.1099901739376037,-1.179024470547907,-0.5622332939419326,-0.7423290972289317,0.9048055324001227,-1.002923196931778,-1.461440576166749,-1.133422061032836,-0.7996548742607882,-0.997471732522988,0.06780831092943747,0.9841231756854657,0
1.5679200392508204,0.9009088760241706,-1.179024470547907,-0.018485966924156265,1.4544314045358888,0.9048055324001227,-0.5674373336626071,-0.8828162337175963,0.3066655432208469,-0.6849837281165926,0.8085666669970842,-1.202081759191968,0.9841231756854657,0
-0.634918112038349,0.9009088760241706,1.5251962127575889,0.222805758831837,-0.5733475201700994,-1.177851894974348,2.2771563252116174,0.2744324511807092,0.11868207972852446,1.2644257563347332,-0.22345527558581418,0.7622794430270811,-1.0161329645585022,0
0.21232733076517762,-1.1099901739376037,-1.179024470547907,-0.15845380286730493,0.10257878806523006,-1.177851894974348,-1.0070405178208683,0.2744324511807092,-0.8548037133567153,-1.0289971665491795,0.8085666669970842,0.38528082845978884,-1.0161329645585022,0
-0.8043672005990544,-1.1099901739376037,-1.179024470547907,0.17433895430633511,-0.23538436605243465,0.9048055324001227,-0.3226150992574659,1.4316811360790147,-0.22035952407012813,-0.6849837281165926,-0.7394662468772634,0.8416475724096689,0.9841231756854657,0
-0.2960199349169384,-1.1099901739376037,1.5251962127575889,2.5155588210074282,-0.404365943111267,-1.177851894974348,0.38271364074285674,-0.3041918912684436,-1.3549740001487873,-1.0289971665491795,-0.4814607612315388,-0.5274526594399713,0.9841231756854657,0
0.38177641932588297,-1.1099901739376037,-0.502969299721533,0.09881980825193627,-0.06640278899360229,0.9048055324001227,-0.2413771909457987,-0.8828162337175963,0.1119683846037988,-0.570312581972397,0.8085666669970842,0.08765034327508442,0.9841231756854657,0
-0.46546902347764374,0.9009088760241706,0.8491410419312149,0.7689693195063099,-0.23538436605243465,-1.177851894974348,2.3058192129395154,-1.461440576166749,0.6255660616453219,0.5763988794695595,0.03455021005991044,-1.3608180179571436,0.9841231756854657,0
-0.634918112038349,-1.1099901739376037,-1.179024470547907,-0.11431410959627926,-0.911310674287764,-1.177851894974348,-0.8843126836268292,-0.3041918912684436,-1.0226460914748605,-0.9143260204049839,-0.7394662468772634,1.2186461869769611,-1.0161329645585022,0
0.38177641932588297,0.9009088760241706,-0.502969299721533,0.060823349572119545,0.6095235192417271,-1.177851894974348,0.6994306322113446,0.853056793629862,-1.3851856282100534,0.3470565871811683,0.8085666669970842,-1.4005020826484376,0.9841231756854657,0
-0.46546902347764374,0.9009088760241706,1.5251962127575889,0.11819705463603233,-0.7423290972289317,-1.177851894974348,1.6495816066168083,0.2744324511807092,-1.0125755487877717,1.035083464046342,-0.4814607612315388,0.3654387961141419,0.9841231756854657,0
1.0595727735687044,0.9009088760241706,1.5251962127575889,-0.5608119800262287,1.4544314045358888,0.21058638994196582,-1.121692068732461,0.853056793629862,-0.35799027412700696,-0.9143260204049839,0.5505611813513597,-1.6386064707962011,0.9841231756854657,0
-0.46546902347764374,-1.1099901739376037,0.8491410419312149,-0.2949315235285585,0.10257878806523006,0.21058638994196582,0.06599664927436881,1.4316811360790147,-0.0860856215756121,0.23238544103697253,-0.997471732522988,0.5837011519162584,0.9841231756854657,0
0.7206745964472937,0.9009088760241706,-0.502969299721533,0.1404327212283773,0.4405419421828948,0.9048055324001227,-0.5801060133213466,0.853056793629862,0.8370474580741847,-0.7996548742607882,0.5505611813513597,-0.46792656240303043,0.9841231756854657,0
-0.634918112038349,0.9009088760241706,-1.179024470547907,-0.31871484305133657,-0.23538436605243465,-1.177851894974348,-0.963333572998217,0.2744324511807092,-0.7104592681751108,-0.9143260204049839,-0.4814607612315388,-1.3211339532658497,0.9841231756854657,0
0.21232733076517762,0.9009088760241706,-0.502969299721533,-0.4474069219299012,0.4405419421828948,0.9048055324001227,-0.2507203421941191,1.4316811360790147,1.615836092542377,0.23238544103697253,0.29255569570563505,-0.3488743683291487,0.9841231756854657,0
-0.8043672005990544,-1.1099901739376037,0.8491410419312149,-0.24191651447280427,-0.911310674287764,-1.177851894974348,-1.359229812333827,1.4316811360790147,1.4043546961135143,-1.3730106049817663,-0.22345527558581418,0.305912699077201,0.9841231756854657,0
0.0428782422044723,0.9009088760241706,-0.502969299721533,-0.5813894470502524,0.4405419421828948,0.9048055324001227,-0.7574675285436998,-1.461440576166749,0.7631968117022008,-0.34097028968400567,-0.22345527558581418,0.8416475724096689,0.9841231756854657,0
0.38177641932588297,-1.1099901739376037,1.5251962127575889,-0.42318141585557084,0.9474866733593919,0.9048055324001227,-0.8561248713861338,-0.8828162337175963,0.8034789824505558,-0.6849837281165926,0.29255569570563505,0.8813316371009629,0.9841231756854657,0
-1.143265377720465,-1.1099901739376037,-1.179024470547907,-0.3994770582169986,-0.911310674287764,0.9048055324001227,-0.5674373336626071,1.4316811360790147,-0.48890732905915957,-0.34097028968400567,-0.4814607612315388,0.7027533459901402,-1.0161329645585022,0
-0.9738162891597597,-1.1099901739376037,-0.502969299721533,0.10591058545361445,-0.911310674287764,0.9048055324001227,-0.5040939353689095,-0.8828162337175963,0.7061304031420315,-0.7996548742607882,-0.4814607612315388,0.9210157017922567,-1.0161329645585022,0
-0.634918112038349,-1.1099901739376037,1.5251962127575889,1.1331099447096407,-0.911310674287764,-1.177851894974348,-0.09236184645987515,-0.8828162337175963,-0.2069321338206762,-0.9143260204049839,-0.22345527558581418,0.9408577341379036,0.9841231756854657,0
0.21232733076517762,-1.1099901739376037,1.5251962127575889,-0.06834250061167971,0.4405419421828948,-1.177851894974348,-1.271024130209853,0.2744324511807092,0.6289229092076853,-1.3730106049817663,0.03455021005991044,-0.5671367241312653,-1.0161329645585022,0
0.38177641932588297,0.9009088760241706,-1.179024470547907,-0.07034813247050628,0.6095235192417271,0.9048055324001227,0.5094004373302519,1.4316811360790147,-0.025662365453080038,0.3470565871811683,0.29255569570563505,1.5162766721616654,0.9841231756854657,0
1.5679200392508204,0.9009088760241706,-1.179024470547907,-0.2786022058748052,1.2854498274770565,0.9048055324001227,-0.4995015389926164,-0.8828162337175963,1.4983464278596756,-0.45564143582820127,1.8405886095799828,1.4170665104334308,-1.0161329645585022,0
-0.9738162891597597,-1.1099901739376037,0.8491410419312149,-0.9077547068495427,-0.5733475201700994,0.9048055324001227,-1.1375279183058853,0.2744324511807092,1.0787404825643134,-0.34097028968400567,-0.7394662468772634,0.5241750548793175,0.9841231756854657,0
-0.634918112038349,0.9009088760241706,-1.179024470547907,-0.48890928826845415,-0.911310674287764,-1.177851894974348,-0.7257958293968509,0.2744324511807092,-1.7712230978817864,-0.45564143582820127,-0.7394662468772634,-0.7853990799333818,0.9841231756854657,0
-0.46546902347764374,0.9009088760241706,0.8491410419312149,-0.3715087588313147,-0.404365943111267,0.9048055324001227,0.38271364074285674,-0.8828162337175963,0.138823165102702,0.8057411717579506,0.03455021005991044,0.38528082845978884,-1.0161329645585022,0
-0.634918112038349,-1.1099901739376037,1.5251962127575889,0.39179998340902683,-0.7423290972289317,0.9048055324001227,0.4143853398897055,-0.3041918912684436,-1.2475548781531747,-0.2262991435398101,-0.7394662468772634,0.9606997664835506,0.9841231756854657,0
-0.634918112038349,0.9009088760241706,-1.179024470547907,-0.24873882126818284,-0.404365943111267,-1.177851894974348,-0.2507203421941191,-1.461440576166749,-0.012234975203628139,-0.2262991435398101,-0.4814607612315388,0.18686050500331922,-1.0161329645585022,0
0.7206745964472937,-1.1099901739376037,-0.502969299721533,0.5693220914804399,0.6095235192417271,-1.177851894974348,-0.09236184645987515,0.2744324511807092,-1.1804179269059165,-0.6849837281165926,0.29255569570563505,-0.46792656240303043,0.9841231756854657,0
-0.634918112038349,0.9009088760241706,-1.179024470547907,0.07454692504708245,-0.5733475201700994,-1.177851894974348,-0.5674373336626071,1.4316811360790147,-1.1233515183457474,-0.7996548742607882,-0.7394662468772634,-0.7457150152420878,-1.0161329645585022,0
2.0762673049329363,0.9009088760241706,-0.502969299721533,-0.2575509675455468,1.7923945586535535,0.9048055324001227,-1.2800505644667048,0.853056793629862,-0.18343420088413584,-1.3730106049817663,1.3245776382885335,0.9606997664835506,-1.0161329645585022,0
0.38177641932588297,0.9009088760241706,-0.502969299721533,0.4406931821092399,0.4405419421828948,-1.177851894974348,0.06599664927436881,0.2744324511807092,-0.04244660326489417,-0.570312581972397,0.03455021005991044,0.9011736694466097,-1.0161329645585022,0
0.7206745964472937,0.9009088760241706,-1.179024470547907,-0.14531454533546473,0.7785050963005594,0.9048055324001227,-0.3298995900612411,-1.461440576166749,0.2865244578466693,-0.34097028968400567,1.582583123934258,-0.09092794783573821,-1.0161329645585022,0
-0.634918112038349,-1.1099901739376037,-1.179024470547907,0.5514924980267769,-0.911310674287764,-1.177851894974348,-0.49332555765898084,-0.8828162337175963,-0.9085132743545218,-0.9143260204049839,-0.7394662468772634,-3.245811090793605,0.9841231756854657,0
-0.12657084635623306,0.9009088760241706,-0.502969299721533,0.2549748304572679,-0.06640278899360229,-1.177851894974348,-0.2507203421941191,0.2744324511807092,-1.526173225829295,-0.6849837281165926,-0.22345527558581418,-0.13061201252703214,-1.0161329645585022,0
-0.634918112038349,-1.1099901739376037,-0.502969299721533,-0.450360096399197,-0.5733475201700994,-1.177851894974348,-1.042512820865339,0.2744324511807092,-1.3751150855229646,-0.9143260204049839,-0.7394662468772634,0.6630692812988462,0.9841231756854657,0
0.0428782422044723,0.9009088760241706,-1.179024470547907,-0.5042594785580559,0.7785050963005594,0.9048055324001227,-0.5674373336626071,-0.8828162337175963,-1.0595714146608524,-0.11162799739561437,0.29255569570563505,0.3654387961141419,0.9841231756854657,0
-0.2960199349169384,0.9009088760241706,-0.502969299721533,-0.30244869490494786,-0.7423290972289317,0.21058638994196582,-1.042512820865339,-0.8828162337175963,-1.1132809756586586,-1.0289971665491795,-0.4814607612315388,-1.3409759856114967,0.9841231756854657,0
-0.46546902347764374,0.9009088760241706,-1.179024470547907,-0.8665523956709718,-0.23538436605243465,0.9048055324001227,-0.9492396668778692,-0.3041918912684436,0.001192415045823164,0.003043148748581378,-0.4814607612315388,0.8416475724096689,0.9841231756854657,0
0.21232733076517762,-1.1099901739376037,1.5251962127575889,-0.6109685688737341,-0.23538436605243465,-1.177851894974348,-0.4090788379283631,1.4316811360790147,-0.3915587497506358,0.3470565871811683,0.29255569570563505,1.2186461869769611,0.9841231756854657,0
0.0428782422044723,-1.1099901739376037,1.5251962127575889,-0.37244050906494275,0.10257878806523006,-1.177851894974348,-0.5674373336626071,0.853056793629862,-0.029019213015442864,-0.34097028968400567,-0.22345527558581418,0.16701847265767225,0.9841231756854657,0
-0.634918112038349,0.9009088760241706,-0.502969299721533,-0.7709611386514661,-0.911310674287764,0.9048055324001227,-0.7257958293968509,-0.8828162337175963,0.001192415045823164,0.23238544103697253,-0.4814607612315388,-0.7853990799333818,0.9841231756854657,0
-0.9738162891597597,0.9009088760241706,-0.502969299721533,-0.08557198374537882,-0.7423290972289317,0.9048055324001227,-0.5674373336626071,0.853056793629862,0.001192415045823164,-0.6849837281165926,-0.4814607612315388,-0.07108591549009124,0.9841231756854657,0
0.0428782422044723,-1.1099901739376037,-0.502969299721533,-0.3877749069777034,-0.06640278899360229,-1.177851894974348,-0.2507203421941191,1.4316811360790147,-1.2576254208402633,0.003043148748581378,0.03455021005991044,-0.6465048535138531,0.9841231756854657,0
-0.634918112038349,-1.1099901739376037,0.8491410419312149,0.0837854654991576,-0.404365943111267,-1.177851894974348,-0.8841543251310949,-0.8828162337175963,-0.17672050575941017,-1.0289971665491795,-0.4814607612315388,-0.6068207888225592,0.9841231756854657,0
-0.8043672005990544,-1.1099901739376037,1.5251962127575889,0.014188460760191535,-0.7423290972289317,-1.177851894974348,-0.4090788379283631,-1.461440576166749,-1.0830693475973925,-0.570312581972397,-0.4814607612315388,-0.07108591549009124,-1.0161329645585022,0
-0.46546902347764374,0.9009088760241706,-0.502969299721533,-0.3296115830717329,-0.23538436605243465,-1.177851894974348,2.336699119607693,-0.3041918912684436,-0.04244660326489417,3.0991640946418633,-0.7394662468772634,-2.670392152769843,0.9841231756854657,0
0.7206745964472937,0.9009088760241706,-0.502969299721533,0.08339065607812873,0.7785050963005594,-1.177851894974348,-0.5674373336626071,0.2744324511807092,-0.8917290365427076,-0.7996548742607882,0.29255569570563505,0.9210157017922567,0.9841231756854657,0
-0.634918112038349,0.9009088760241706,-1.179024470547907,-0.3996033972317278,-0.7423290972289317,-1.177851894974348,-0.7257958293968509,-0.8828162337175963,-0.015591822765990965,-0.570312581972397,-0.7394662468772634,0.8416475724096689,-1.0161329645585022,0
-0.634918112038349,-1.1099901739376037,0.8491410419312149,0.07906354482365252,-0.911310674287764,0.9048055324001227,0.5410721364771007,-0.8828162337175963,-1.0159323963501345,0.1177142948927768,-0.7394662468772634,1.4765926074703717,-1.0161329645585022,0
-0.2960199349169384,0.9009088760241706,-0.502969299721533,0.15950991245249144,-0.23538436605243465,-1.177851894974348,2.4413740852880284,1.4316811360790147,0.05490197604362957,1.6084391947673204,-0.22345527558581418,0.3654387961141419,0.9841231756854657,0
3.431860013418579,0.9009088760241706,-0.502969299721533,1.5936946152818996,3.144247175124212,-1.177851894974348,0.27835539205398996,-0.3041918912684436,0.011262957732911642,-0.9143260204049839,1.3245776382885335,-2.3529196352394917,0.9841231756854657,0
-0.634918112038349,0.9009088760241706,-1.179024470547907,1.0323545804630776,0.10257878806523006,0.21058638994196582,0.8886690346137662,0.853056793629862,0.531574329899161,-0.45564143582820127,-0.7394662468772634,1.1988041546313142,-1.0161329645585022,0
-0.634918112038349,-1.1099901739376037,-1.179024470547907,0.38791505870610293,-0.911310674287764,-1.177851894974348,-0.2507203421941191,-0.8828162337175963,0.03140404310708919,-0.6849837281165926,-0.997471732522988,0.821805540064022,-1.0161329645585022,0
-0.8043672005990544,-1.1099901739376037,-0.502969299721533,-0.25426615316258677,-0.911310674287764,-1.177851894974348,-0.5674373336626071,0.2744324511807092,-1.0528577195361266,-0.570312581972397,-0.4814607612315388,-0.7655570475877348,-1.0161329645585022,0
-0.8043672005990544,-1.1099901739376037,1.5251962127575889,-0.6780545856949566,-0.404365943111267,0.9048055324001227,-0.5854902021763109,-0.8828162337175963,-1.2173432500919086,0.23238544103697253,-0.7394662468772634,-0.6068207888225592,0.9841231756854657,0
-0.8043672005990544,-1.1099901739376037,0.8491410419312149,-0.6031197575836805,-0.911310674287764,0.9048055324001227,-0.7257958293968509,1.4316811360790147,-0.37813135950118393,-0.2262991435398101,-0.4814607612315388,-0.5076106270943244,0.9841231756854657,0
3.77075819053999,0.9009088760241706,-1.179024470547907,1.5953843996039032,3.3132287521830444,-1.177851894974348,0.6994306322113446,-1.461440576166749,-1.3784719330853274,-0.6849837281165926,1.582583123934258,0.8813316371009629,-1.0161329645585022,0
0.0428782422044723,0.9009088760241706,0.8491410419312149,0.7447596058088206,-0.06640278899360229,-1.177851894974348,-0.7257958293968509,0.2744324511807092,-0.4519820058731679,-1.143668312693375,-0.4814607612315388,-0.44808453005738347,0.9841231756854657,0
0.5512255078865883,0.9009088760241706,-0.502969299721533,0.4627709249331733,1.1164682504182242,0.9048055324001227,1.3328646151483206,0.2744324511807092,-0.46205254856025635,0.23238544103697253,0.5505611813513597,0.08765034327508442,-1.0161329645585022,0
0.21232733076517762,-1.1099901739376037,-0.502969299721533,0.14360698897344926,0.6095235192417271,-1.177851894974348,1.6647840222072958,-0.3041918912684436,1.0619562447524988,1.035083464046342,0.5505611813513597,1.0599099282117854,0.9841231756854657,0
0.0428782422044723,0.9009088760241706,-0.502969299721533,0.3484183242263766,-0.404365943111267,0.9048055324001227,0.972282320361447,-0.3041918912684436,0.3704456469057418,0.1177142948927768,1.066572152642809,1.5559607368529593,-1.0161329645585022,0
1.5679200392508204,0.9009088760241706,0.8491410419312149,-0.3174672452808854,1.4544314045358888,0.9048055324001227,-1.042512820865339,0.853056793629862,-0.7742393718600064,-1.0289971665491795,1.8405886095799828,-1.9957630530178463,0.9841231756854657,0
-0.634918112038349,0.9009088760241706,-0.502969299721533,-0.10992382883443842,-0.23538436605243465,-1.177851894974348,0.06599664927436881,0.853056793629862,0.22274435416177443,0.003043148748581378,-0.7394662468772634,0.3654387961141419,0.9841231756854657,0
-0.46546902347764374,0.9009088760241706,-1.179024470547907,4.44104436736514,-0.7423290972289317,-1.177851894974348,2.3183295341025207,0.2744324511807092,2.5758944953781655,-0.7996548742607882,-0.7394662468772634,-0.6266628211682062,0.9841231756854657,0
0.21232733076517762,0.9009088760241706,-1.179024470547907,1.1205550051209232,0.7785050963005594,0.9048055324001227,-0.9853454039052768,-0.8828162337175963,-0.21028898138303903,-1.3730106049817663,0.29255569570563505,1.258330251668255,-1.0161329645585022,0
-0.9738162891597597,0.9009088760241706,-0.502969299721533,-0.298263715042042,-0.23538436605243465,0.9048055324001227,0.22435514500861276,-0.8828162337175963,1.1727322143104744,0.4617277333253637,-0.4814607612315388,0.5837011519162584,-1.0161329645585022,0
-0.8043672005990544,-1.1099901739376037,1.5251962127575889,-0.3058598483026371,-0.911310674287764,-1.177851894974348,0.06599664927436881,1.4316811360790147,1.0149603788794181,0.3470565871811683,-0.4814607612315388,0.6233852166075523,0.9841231756854657,0
-0.634918112038349,0.9009088760241706,-1.179024470547907,-0.7727298848576754,-0.7423290972289317,0.21058638994196582,-0.765385453330412,0.853056793629862,0.954537122756886,0.1177142948927768,-0.4814607612315388,-1.8171847619070236,0.9841231756854657,0
0.7206745964472937,0.9009088760241706,-1.179024470547907,-0.39548158687618656,1.1164682504182242,0.9048055324001227,-1.1242258046642088,0.2744324511807092,-0.7977373047965461,-1.0289971665491795,0.5505611813513597,-0.3488743683291487,0.9841231756854657,0
0.7206745964472937,0.9009088760241706,-0.502969299721533,-0.6991847859084208,0.2715603651240624,0.9048055324001227,-0.8841543251310949,0.2744324511807092,-0.3915587497506358,-0.34097028968400567,-0.22345527558581418,1.35754041339649,-1.0161329645585022,0
0.38177641932588297,-1.1099901739376037,-1.179024470547907,0.14085911540308846,0.4405419421828948,-1.177851894974348,0.8577891279455886,-0.8828162337175963,0.001192415045823164,0.3470565871811683,0.5505611813513597,0.286070666731554,0.9841231756854657,0
-0.46546902347764374,-1.1099901739376037,0.8491410419312149,0.38843620714186106,-0.5733475201700994,0.9048055324001227,0.3999747167778893,-0.8828162337175963,-0.37813135950118393,-0.2262991435398101,-0.7394662468772634,0.801963507718375,0.9841231756854657,0
0.21232733076517762,0.9009088760241706,-0.502969299721533,0.8670873568204002,0.10257878806523006,0.9048055324001227,-0.7238955274480401,-1.461440576166749,1.1055952630632166,-1.143668312693375,0.03455021005991044,1.1988041546313142,-1.0161329645585022,0
0.21232733076517762,-1.1099901739376037,-1.179024470547907,0.21356721837976186,0.10257878806523006,-1.177851894974348,-0.7257958293968509,-1.461440576166749,-0.7339572011116512,-1.0289971665491795,0.29255569570563505,0.7225953783357871,-1.0161329645585022,0
-0.46546902347764374,-1.1099901739376037,-0.502969299721533,-0.12498975634089941,-0.911310674287764,0.9048055324001227,-0.2578464745021601,0.853056793629862,-1.465749969706763,-0.34097028968400567,-0.4814607612315388,1.4964346398160184,0.9841231756854657,0
-0.8043672005990544,0.9009088760241706,0.8491410419312149,2.2494888559876642,-0.404365943111267,-1.177851894974348,2.413186273047333,-0.3041918912684436,0.0985409943543475,-0.34097028968400567,-0.7394662468772634,0.20670253734896618,-1.0161329645585022,0
-0.2960199349169384,0.9009088760241706,-1.179024470547907,-0.5274900648913936,-0.5733475201700994,0.9048055324001227,-0.10613903558875437,-1.461440576166749,-1.2274137927789974,0.5763988794695595,-0.7394662468772634,-2.134657279437375,0.9841231756854657,0
0.21232733076517762,0.9009088760241706,-0.502969299721533,-0.3666131220105569,0.2715603651240624,-1.177851894974348,-0.2507203421941191,-0.8828162337175963,0.9511802751945232,0.003043148748581378,0.03455021005991044,1.1194360252487263,-1.0161329645585022,0
-0.46546902347764374,0.9009088760241706,-0.502969299721533,-0.24062153957182963,-0.06640278899360229,-1.177851894974348,-0.34383513768585455,0.2744324511807092,0.12875262241561353,-0.34097028968400567,0.03455021005991044,0.801963507718375,-1.0161329645585022,0
0.0428782422044723,-1.1099901739376037,1.5251962127575889,-0.8375102146600895,-0.23538436605243465,-1.177851894974348,-1.2836928098685925,1.4316811360790147,0.6725619275184026,-1.0289971665491795,0.03455021005991044,-0.22982217425526694,0.9841231756854657,0
0.38177641932588297,0.9009088760241706,1.5251962127575889,-0.39194409446376804,0.2715603651240624,-1.177851894974348,-0.3298995900612411,-0.8828162337175963,-0.14986572526050698,0.003043148748581378,-0.22345527558581418,0.46464895784237664,0.9841231756854657,0
-0.634918112038349,0.9009088760241706,-1.179024470547907,-0.24439591763686544,-0.911310674287764,0.9048055324001227,0.06599664927436881,-1.461440576166749,1.5151306656714898,0.23238544103697253,-0.7394662468772634,1.0797519605574324,0.9841231756854657,0
1.7373691278115257,0.9009088760241706,0.8491410419312149,0.0780370403289775,1.7923945586535535,-1.177851894974348,1.5887719442548587,-1.461440576166749,-1.1468494512822878,1.035083464046342,1.582583123934258,0.9210157017922567,-1.0161329645585022,0
0.890123685007999,0.9009088760241706,0.8491410419312149,0.3073897291930583,1.1164682504182242,-1.177851894974348,0.06599664927436881,-0.3041918912684436,-0.1129404020745153,-0.45564143582820127,1.066572152642809,0.6432272489531993,-1.0161329645585022,0
-0.2960199349169384,0.9009088760241706,0.8491410419312149,0.06342909175090997,-0.404365943111267,0.9048055324001227,0.22435514500861276,0.853056793629862,-0.002164432516539662,-0.11162799739561437,-0.7394662468772634,0.7225953783357871,0.9841231756854657,0
-0.2960199349169384,-1.1099901739376037,0.8491410419312149,0.45752785582191013,-0.5733475201700994,-1.177851894974348,-1.042512820865339,0.2744324511807092,0.001192415045823164,-1.2583394588375707,-0.4814607612315388,0.6630692812988462,0.9841231756854657,0
0.890123685007999,0.9009088760241706,1.5251962127575889,0.17361250497164202,0.6095235192417271,0.9048055324001227,0.7627740305050422,-1.461440576166749,-0.4251272253742647,0.23238544103697253,1.3245776382885335,-0.7258729828964409,0.9841231756854657,0
0.38177641932588297,0.9009088760241706,0.8491410419312149,-0.1826003470574295,0.4405419421828948,-1.177851894974348,0.8577891279455886,-0.8828162337175963,-0.8480900182319897,0.9204123179021463,1.066572152642809,-1.162397694500674,0.9841231756854657,0
0.0428782422044723,-1.1099901739376037,-0.502969299721533,-0.449949494601327,-0.23538436605243465,0.9048055324001227,-1.3147310750325043,0.2744324511807092,-1.6906587563850772,-1.3730106049817663,-0.22345527558581418,0.6630692812988462,0.9841231756854657,0
0.7206745964472937,-1.1099901739376037,0.8491410419312149,1.2157830374730825,0.7785050963005594,-1.177851894974348,0.72761844445204,1.4316811360790147,-0.13643833501105568,-0.570312581972397,1.3245776382885335,-0.7655570475877348,-1.0161329645585022,0
1.0595727735687044,0.9009088760241706,-0.502969299721533,-0.11444044861100848,1.6234129815947211,-1.177851894974348,1.1745061194140765,-0.3041918912684436,1.6896867389143604,1.035083464046342,0.03455021005991044,0.9210157017922567,0.9841231756854657,0
0.21232733076517762,0.9009088760241706,0.8491410419312149,-0.2976320199683959,0.2715603651240624,0.9048055324001227,0.5410721364771007,-0.3041918912684436,0.1522505553521539,0.8057411717579506,-0.22345527558581418,-2.075131182400434,0.9841231756854657,0
-0.8043672005990544,-1.1099901739376037,0.8491410419312149,-0.5248843227126031,-0.911310674287764,0.9048055324001227,-0.2507203421941191,0.2744324511807092,0.1253957748532507,0.3470565871811683,-0.7394662468772634,-0.7655570475877348,0.9841231756854657,0
0.7206745964472937,0.9009088760241706,-0.502969299721533,1.6006274687151663,1.2854498274770565,0.9048055324001227,-0.2809668148793597,-0.8828162337175963,0.35701825665629044,-1.143668312693375,0.8085666669970842,-2.2140254088199627,0.9841231756854657,0
2.415165482054347,-1.1099901739376037,1.5251962127575889,-0.5619332387819507,2.130357712771218,0.9048055324001227,-0.09236184645987515,0.2744324511807092,-1.616808110013093,0.6910700256137552,2.356599580871432,0.5241750548793175,-1.0161329645585022,0
-0.46546902347764374,-1.1099901739376037,0.8491410419312149,-0.020428429275618217,-0.911310674287764,0.9048055324001227,-0.5674373336626071,-0.8828162337175963,0.9612508178816116,-0.6849837281165926,-0.7394662468772634,-0.011559818453150373,0.9841231756854657,0
1.5679200392508204,0.9009088760241706,0.8491410419312149,-0.6670630914135134,1.4544314045358888,0.9048055324001227,-0.9474977234247925,1.4316811360790147,-1.12670836590811,-0.45564143582820127,1.582583123934258,-0.190138109563973,0.9841231756854657,0
0.0428782422044723,0.9009088760241706,1.5251962127575889,-0.3938233873078654,0.2715603651240624,0.9048055324001227,0.14406738767135108,1.4316811360790147,1.6292634827918282,0.5763988794695595,0.8085666669970842,0.305912699077201,-1.0161329645585022,0
0.38177641932588297,-1.1099901739376037,-0.502969299721533,-0.11071344767649612,0.10257878806523006,0.9048055324001227,-0.9474977234247925,-1.461440576166749,-0.7339572011116512,-1.0289971665491795,0.8085666669970842,0.5241750548793175,-1.0161329645585022,0
0.0428782422044723,-1.1099901739376037,0.8491410419312149,-0.581452616557617,-0.23538436605243465,0.9048055324001227,-0.5674373336626071,0.2744324511807092,0.3133792383455725,0.003043148748581378,1.066572152642809,0.3455967637684949,-1.0161329645585022,0
0.38177641932588297,0.9009088760241706,-0.502969299721533,-0.6773281363602636,-0.06640278899360229,0.9048055324001227,-1.1375279183058853,0.853056793629862,-0.18343420088413584,-0.9143260204049839,-0.22345527558581418,0.6630692812988462,0.9841231756854657,0
-0.2960199349169384,0.9009088760241706,-1.179024470547907,0.22956489611985095,-0.06640278899360229,-1.177851894974348,0.8577891279455886,0.853056793629862,-0.8917290365427076,0.23238544103697253,0.03455021005991044,1.3773824457421369,-1.0161329645585022,0
-0.634918112038349,-1.1099901739376037,-1.179024470547907,0.17034348296552312,-0.404365943111267,-1.177851894974348,0.38271364074285674,-0.3041918912684436,-1.371758237960602,-0.11162799739561437,-0.4814607612315388,-1.5790803737592602,0.9841231756854657,0
1.5679200392508204,-1.1099901739376037,0.8491410419312149,2.162141219679241,1.6234129815947211,-1.177851894974348,0.06267112086394969,1.4316811360790147,-0.9252975121663365,-1.0289971665491795,0.5505611813513597,-0.9044512740072636,0.9841231756854657,0
-0.46546902347764374,0.9009088760241706,-0.502969299721533,-0.2972056257936847,-0.911310674287764,0.9048055324001227,0.38271364074285674,-0.8828162337175963,-1.0662851097855781,0.6910700256137552,-0.4814607612315388,0.5837011519162584,0.9841231756854657,0
-0.634918112038349,-1.1099901739376037,-1.179024470547907,0.2873965801121572,-0.23538436605243465,0.21058638994196582,0.38271364074285674,0.853056793629862,0.2529559822230405,-0.2262991435398101,-0.4814607612315388,0.46464895784237664,0.9841231756854657,0
1.398470950690115,-1.1099901739376037,-0.502969299721533,-0.393681255916295,1.1164682504182242,0.9048055324001227,-0.2507203421941191,-1.461440576166749,-0.03908975570253134,0.1177142948927768,1.8405886095799828,0.06780831092943747,-1.0161329645585022,0
-0.46546902347764374,0.9009088760241706,-1.179024470547907,0.182014049451136,-0.911310674287764,-1.177851894974348,0.10574463170366404,-0.8828162337175963,0.2831676102843065,-0.34097028968400567,-0.22345527558581418,-0.7655570475877348,0.9841231756854657,0
-0.46546902347764374,-1.1099901739376037,-1.179024470547907,0.23272337148808175,-0.911310674287764,-1.177851894974348,-0.24897839874104244,0.2744324511807092,-1.0662851097855781,-0.6849837281165926,-0.4814607612315388,-0.8647672093159696,0.9841231756854657,0
-0.8043672005990544,0.9009088760241706,0.8491410419312149,-0.7919176227196776,-0.404365943111267,0.9048055324001227,-0.8524826259842462,1.4316811360790147,0.2965950005337584,0.003043148748581378,-0.4814607612315388,-0.051243883144444294,-1.0161329645585022,0
-0.2960199349169384,-1.1099901739376037,-0.502969299721533,-0.3808894306749602,-0.23538436605243465,-1.177851894974348,-0.3298995900612411,-0.8828162337175963,-1.1938453171553682,-0.11162799739561437,-0.22345527558581418,-1.102871597463733,0.9841231756854657,0
-0.9738162891597597,0.9009088760241706,-1.179024470547907,-0.7323014001443209,-0.911310674287764,-1.177851894974348,0.0026532509806712224,-0.8828162337175963,0.6020681287087821,1.7231103409115156,-0.997471732522988,-0.6465048535138531,-1.0161329645585022,0
0.5512255078865883,0.9009088760241706,-0.502969299721533,-0.6134005949072718,0.2715603651240624,-1.177851894974348,-0.5674373336626071,-1.461440576166749,0.02804719554472637,0.1177142948927768,0.5505611813513597,1.9726434161115456,0.9841231756854657,0
0.890123685007999,0.9009088760241706,-1.179024470547907,0.24973176134600472,0.4405419421828948,-1.177851894974348,-0.766018887313349,-1.461440576166749,-0.6063969937418614,-1.0289971665491795,0.03455021005991044,0.5440170872249644,-1.0161329645585022,0
0.7206745964472937,-1.1099901739376037,-0.502969299721533,-0.6752435426172312,0.4405419421828948,-1.177851894974348,-0.8841543251310949,0.2744324511807092,-1.1770610793435539,-0.34097028968400567,0.03455021005991044,-0.5671367241312653,0.9841231756854657,0
0.38177641932588297,0.9009088760241706,-0.502969299721533,-0.790322592658721,-0.404365943111267,0.9048055324001227,-1.042512820865339,1.4316811360790147,-1.2811233537768034,-0.45564143582820127,0.5505611813513597,0.9011736694466097,0.9841231756854657,0
0.21232733076517762,0.9009088760241706,-1.179024470547907,-0.5863166686246926,0.10257878806523006,0.9048055324001227,-1.2008713165995828,1.4316811360790147,1.192873299684652,-1.0289971665491795,0.03455021005991044,-0.3488743683291487,0.9841231756854657,0
-0.2960199349169384,0.9009088760241706,-0.502969299721533,-0.0909098071176889,-0.5733475201700994,-1.177851894974348,-1.1992877316422403,-0.8828162337175963,-1.0461440244114009,-1.2583394588375707,-0.7394662468772634,1.0202258635204915,-1.0161329645585022,0
1.5679200392508204,0.9009088760241706,0.8491410419312149,-0.010479231865691146,0.9474866733593919,-1.177851894974348,0.06599664927436881,0.2744324511807092,0.001192415045823164,-0.11162799739561437,1.3245776382885335,0.8416475724096689,-1.0161329645585022,0
-0.46546902347764374,-1.1099901739376037,-0.502969299721533,0.12216094122316201,-0.911310674287764,0.9048055324001227,-0.3446269301645258,-0.8828162337175963,1.347288287553345,-0.6849837281165926,-0.4814607612315388,0.8614896047553159,-1.0161329645585022,0
-0.46546902347764374,0.9009088760241706,0.8491410419312149,0.20816622550008715,-0.7423290972289317,-1.177851894974348,0.6712428199706493,-0.3041918912684436,0.04818828091890392,0.1177142948927768,0.03455021005991044,-0.5076106270943244,0.9841231756854657,0
-0.12657084635623306,0.9009088760241706,-1.179024470547907,-0.3150983887547123,-0.404365943111267,-1.177851894974348,-1.121692068732461,-0.3041918912684436,-1.858501134503222,-1.143668312693375,1.066572152642809,-2.531497926350314,-1.0161329645585022,0
-0.12657084635623306,0.9009088760241706,1.5251962127575889,0.3607679629161591,-0.06640278899360229,-1.177851894974348,-0.3298995900612411,1.4316811360790147,-0.11629724963687813,-0.7996548742607882,-0.4814607612315388,1.317856348705196,0.9841231756854657,0
0.38177641932588297,-1.1099901739376037,-0.502969299721533,-0.6031197575836805,0.10257878806523006,0.9048055324001227,-1.1343607483912004,-0.8828162337175963,0.44765314084008856,-0.9143260204049839,-0.22345527558581418,-0.5274526594399713,-1.0161329645585022,0
0.5512255078865883,0.9009088760241706,-1.179024470547907,0.2917236913666334,0.2715603651240624,-1.177851894974348,0.06599664927436881,0.853056793629862,-1.274409658652078,-0.45564143582820127,1.066572152642809,-0.051243883144444294,-1.0161329645585022,0
-0.9738162891597597,-1.1099901739376037,-1.179024470547907,-0.560227662083106,-0.911310674287764,0.9048055324001227,0.06599664927436881,-0.8828162337175963,0.9310391898203456,1.035083464046342,-0.4814607612315388,0.028124246238143545,0.9841231756854657,0
-0.12657084635623306,0.9009088760241706,0.8491410419312149,0.3879308510829441,-0.23538436605243465,0.9048055324001227,0.8577891279455886,0.853056793629862,-1.0427871768490378,0.003043148748581378,-0.22345527558581418,0.4844909901880236,0.9841231756854657,0
1.398470950690115,0.9009088760241706,-0.502969299721533,-0.24221656963278618,1.4544314045358888,0.9048055324001227,-0.9611165540579375,-1.461440576166749,-0.5694716705558691,-1.0289971665491795,2.6146050665171567,0.7027533459901402,0.9841231756854657,0
0.7206745964472937,0.9009088760241706,-1.179024470547907,-0.05269225516209601,0.4405419421828948,-1.177851894974348,-0.398627177209903,1.4316811360790147,1.934736610966852,-0.570312581972397,0.5505611813513597,-0.6266628211682062,0.9841231756854657,0
2.415165482054347,0.9009088760241706,0.8491410419312149,-0.2865457714259057,2.9752655980653797,-1.177851894974348,0.38271364074285674,-0.3041918912684436,0.6893461653302174,0.5763988794695595,1.582583123934258,0.7622794430270811,0.9841231756854657,0
-0.46546902347764374,0.9009088760241706,-0.502969299721533,-0.22516080264433977,-0.7423290972289317,-1.177851894974348,-0.007956768233523122,0.853056793629862,0.860545391010725,0.1177142948927768,-0.7394662468772634,0.4448069254967297,0.9841231756854657,0
0.38177641932588297,0.9009088760241706,0.8491410419312149,-0.6117423953389506,0.2715603651240624,0.21058638994196582,-1.042512820865339,0.2744324511807092,-0.2707122375055717,-0.7996548742607882,0.5505611813513597,0.5638591195706114,0.9841231756854657,0
0.0428782422044723,-1.1099901739376037,-0.502969299721533,0.571075045309808,-0.06640278899360229,-1.177851894974348,-0.8670516075917966,1.4316811360790147,-0.002164432516539662,-1.143668312693375,0.03455021005991044,1.8734332543833108,-1.0161329645585022,0
0.21232733076517762,-1.1099901739376037,-1.179024470547907,-0.07284332801140862,0.2715603651240624,0.9048055324001227,0.8577891279455886,1.4316811360790147,-1.3751150855229646,0.6910700256137552,1.066572152642809,0.5638591195706114,0.9841231756854657,0
2.5846145706150523,0.9009088760241706,1.5251962127575889,3.8172296897627125,2.8062840210065474,-1.177851894974348,1.9313013705280284,-1.461440576166749,0.3637319517810161,-0.7996548742607882,1.8405886095799828,0.08765034327508442,0.9841231756854657,0
1.398470950690115,-1.1099901739376037,1.5251962127575889,0.1766762260788259,1.6234129815947211,-1.177851894974348,-0.8841543251310949,-1.461440576166749,1.239869165557732,-1.143668312693375,0.8085666669970842,1.2186461869769611,-1.0161329645585022,0
-0.2960199349169384,-1.1099901739376037,-0.502969299721533,-0.4278717517773936,-0.404365943111267,0.9048055324001227,-0.7257958293968509,-0.8828162337175963,0.8135495251376443,-0.570312581972397,-0.22345527558581418,0.9011736694466097,-1.0161329645585022,0
-0.634918112038349,-1.1099901739376037,-0.502969299721533,0.07768960803847211,-0.404365943111267,-1.177851894974348,-0.5674373336626071,0.853056793629862,-1.3113349818380697,-0.7996548742607882,-0.997471732522988,-0.46792656240303043,0.9841231756854657,0
-0.634918112038349,-1.1099901739376037,0.8491410419312149,0.7419011856005717,-0.911310674287764,-1.177851894974348,-0.5674373336626071,-0.8828162337175963,-0.002164432516539662,-1.0289971665491795,-0.4814607612315388,-0.46792656240303043,0.9841231756854657,0
0.0428782422044723,-1.1099901739376037,-0.502969299721533,-0.11475629614783156,-0.5733475201700994,0.9048055324001227,-0.7257958293968509,0.853056793629862,-1.7510820125076092,-0.7996548742607882,1.066572152642809,0.5043330225336705,-1.0161329645585022,0
-0.634918112038349,0.9009088760241706,-1.179024470547907,-0.5809156757450178,-0.911310674287764,-1.177851894974348,0.38271364074285674,-1.461440576166749,0.3939435798422821,1.6084391947673204,-0.4814607612315388,-1.5592383414136133,0.9841231756854657,0
-0.12657084635623306,0.9009088760241706,0.8491410419312149,1.2141564226584436,-0.06640278899360229,-1.177851894974348,-1.0344365375828926,0.853056793629862,-0.9051564267921589,-1.3730106049817663,0.03455021005991044,-0.3488743683291487,-1.0161329645585022,0
-0.46546902347764374,0.9009088760241706,-1.179024470547907,-0.2193807927204774,-0.404365943111267,-1.177851894974348,-0.8841543251310949,0.853056793629862,-0.3076375606915634,-0.9143260204049839,-0.7394662468772634,0.4844909901880236,-1.0161329645585022,0
1.7373691278115257,-1.1099901739376037,-1.179024470547907,-0.8279558266711912,1.2854498274770565,0.9048055324001227,-0.8841543251310949,1.4316811360790147,-0.16664996307232172,0.1177142948927768,2.872610552162881,0.32575473142284794,0.9841231756854657,0
-0.9738162891597597,-1.1099901739376037,-0.502969299721533,-0.3965712608782262,-0.911310674287764,0.9048055324001227,0.06599664927436881,-0.8828162337175963,0.001192415045823164,0.4617277333253637,-0.7394662468772634,0.286070666731554,0.9841231756854657,0
-0.46546902347764374,-1.1099901739376037,1.5251962127575889,-0.7145033914443403,-0.404365943111267,0.9048055324001227,-1.359229812333827,0.2744324511807092,0.18581903097578276,-1.2583394588375707,-0.4814607612315388,1.1789621222856672,-1.0161329645585022,0
0.21232733076517762,0.9009088760241706,-1.179024470547907,0.46272354780264985,0.10257878806523006,-1.177851894974348,1.6495816066168083,-0.8828162337175963,0.2160306590370488,0.4617277333253637,0.5505611813513597,-0.7853990799333818,-1.0161329645585022,0
0.890123685007999,-1.1099901739376037,1.5251962127575889,1.2511421692204263,0.7785050963005594,-1.177851894974348,0.0976683484212176,-0.3041918912684436,-1.1300652134704734,-0.9143260204049839,1.066572152642809,-1.4401861473397315,0.9841231756854657,0
-0.12657084635623306,0.9009088760241706,-0.502969299721533,-0.642837585339183,-0.5733475201700994,0.9048055324001227,-1.1362610503400112,-0.3041918912684436,-1.3818287806476905,-0.9143260204049839,0.03455021005991044,0.6233852166075523,0.9841231756854657,0
-0.12657084635623306,0.9009088760241706,-0.502969299721533,0.525056059194685,-0.7423290972289317,0.9048055324001227,1.6495816066168083,-1.461440576166749,0.4510099884024514,0.4617277333253637,-0.22345527558581418,-0.9441353386985575,0.9841231756854657,0
-0.12657084635623306,-1.1099901739376037,-0.502969299721533,0.17405469152319433,-0.911310674287764,0.9048055324001227,0.8577891279455886,1.4316811360790147,-0.7775962194223691,0.23238544103697253,0.8085666669970842,-2.5116558940046674,0.9841231756854657,0
-0.12657084635623306,0.9009088760241706,-1.179024470547907,1.9755384949241643,-0.23538436605243465,-1.177851894974348,1.6741271734556162,-0.8828162337175963,0.6020681287087821,-0.45564143582820127,-0.22345527558581418,-0.190138109563973,0.9841231756854657,0
-0.12657084635623306,0.9009088760241706,1.5251962127575889,-0.5802050187871659,-0.06640278899360229,0.9048055324001227,-1.1821850141029422,1.4316811360790147,0.427512055465911,-1.0289971665491795,-0.22345527558581418,-0.15045404487267908,-1.0161329645585022,0
-0.634918112038349,0.9009088760241706,-0.502969299721533,0.5117430855175922,-0.911310674287764,-1.177851894974348,-1.2008713165995828,-0.8828162337175963,-0.47883678637207105,-1.3730106049817663,-0.4814607612315388,0.9011736694466097,0.9841231756854657,0
-0.8043672005990544,0.9009088760241706,1.5251962127575889,0.270672453037375,-0.911310674287764,0.9048055324001227,1.0161476236798326,1.4316811360790147,0.5752133482098789,0.23238544103697253,-0.4814607612315388,0.6829113136444932,-1.0161329645585022,0
0.21232733076517762,0.9009088760241706,-1.179024470547907,-0.10684431535041337,-0.23538436605243465,-1.177851894974348,1.6495816066168083,0.2744324511807092,-1.0964967378468442,1.4937680486231246,0.5505611813513597,0.305912699077201,-1.0161329645585022,0
0.21232733076517762,0.9009088760241706,0.8491410419312149,-0.499553350259392,-0.06640278899360229,0.9048055324001227,0.13139870801261155,0.853056793629862,-0.20021843869595057,0.9204123179021463,1.066572152642809,-0.09092794783573821,-1.0161329645585022,0
-0.46546902347764374,0.9009088760241706,1.5251962127575889,0.8358342430517562,-0.911310674287764,-1.177851894974348,2.4413740852880284,0.853056793629862,0.23281489684886292,0.5763988794695595,-0.4814607612315388,-2.0156050853634935,0.9841231756854657,0
-0.634918112038349,0.9009088760241706,-0.502969299721533,-0.26238343485893995,-0.23538436605243465,-1.177851894974348,-0.7257958293968509,0.853056793629862,1.0787404825643134,-0.6849837281165926,-0.7394662468772634,-1.3012919209202027,-1.0161329645585022,0
0.7206745964472937,-1.1099901739376037,0.8491410419312149,-0.14286672692508584,0.6095235192417271,0.9048055324001227,0.06599664927436881,0.853056793629862,-0.3277786460657409,0.003043148748581378,1.3245776382885335,0.4448069254967297,0.9841231756854657,0
-0.46546902347764374,-1.1099901739376037,-0.502969299721533,0.17650250993357322,-0.7423290972289317,-1.177851894974348,-0.4090788379283631,0.853056793629862,-0.07937192645088645,-0.6849837281165926,-0.4814607612315388,-0.26950623894656084,0.9841231756854657,0
-0.46546902347764374,-1.1099901739376037,-1.179024470547907,0.003970792943964843,-0.911310674287764,-1.177851894974348,1.016464340671301,1.4316811360790147,-0.33113549362810374,0.6910700256137552,-0.4814607612315388,-0.011559818453150373,0.9841231756854657,0
-0.46546902347764374,-1.1099901739376037,-0.502969299721533,-0.257156158124518,-0.404365943111267,0.21058638994196582,-0.1721745283099341,1.4316811360790147,-0.1129404020745153,-0.11162799739561437,-0.7394662468772634,0.5638591195706114,-1.0161329645585022,0
-0.12657084635623306,0.9009088760241706,1.5251962127575889,0.40051737542534394,-0.7423290972289317,0.9048055324001227,1.6495816066168083,-1.461440576166749,-0.8883721889803448,0.5763988794695595,0.29255569570563505,-0.03140185079879733,0.9841231756854657,0
-0.8043672005990544,-1.1099901739376037,-0.502969299721533,-0.7346228795399705,-0.404365943111267,-1.177851894974348,-1.0496389531733799,0.853056793629862,-0.04244660326489417,-0.570312581972397,-0.7394662468772634,0.7424374106814341,0.9841231756854657,0
-0.12657084635623306,0.9009088760241706,-0.502969299721533,-0.38231074459066405,0.10257878806523006,-1.177851894974348,-0.4090788379283631,-0.8828162337175963,-0.6970318779256596,-0.11162799739561437,0.29255569570563505,0.9805417988291976,0.9841231756854657,0
-0.2960199349169384,-1.1099901739376037,-0.502969299721533,0.7454702627666726,0.2715603651240624,-1.177851894974348,-0.7257958293968509,0.853056793629862,0.08847045166725842,-1.143668312693375,-0.997471732522988,1.3972244780877838,-1.0161329645585022,0
0.0428782422044723,0.9009088760241706,-0.502969299721533,-0.47924435364166784,0.10257878806523006,0.9048055324001227,-0.5674373336626071,-1.461440576166749,0.0851136041048956,-0.2262991435398101,0.29255569570563505,-0.36871640067479566,0.9841231756854657,0
-0.12657084635623306,0.9009088760241706,-1.179024470547907,0.8341760434834351,-0.23538436605243465,-1.177851894974348,1.0161476236798326,-1.461440576166749,1.2096575374964662,-0.2262991435398101,0.29255569570563505,-3.087074832028429,0.9841231756854657,0
-0.8043672005990544,-1.1099901739376037,-1.179024470547907,0.176992073615649,-0.911310674287764,0.9048055324001227,-0.2507203421941191,-1.461440576166749,-0.8682311036061672,-0.570312581972397,-0.7394662468772634,0.4448069254967297,0.9841231756854657,0
-0.12657084635623306,0.9009088760241706,-0.502969299721533,-0.7585957075848424,-0.06640278899360229,-1.177851894974348,-0.7257958293968509,-0.8828162337175963,-1.0427871768490378,0.23238544103697253,0.03455021005991044,-0.9242933063529105,0.9841231756854657,0
1.5679200392508204,0.9009088760241706,0.8491410419312149,-0.6642362559589468,1.9613761357123858,0.9048055324001227,-0.5674373336626071,0.853056793629862,0.2529559822230405,0.23238544103697253,1.3245776382885335,-2.5513399586959613,0.9841231756854657,0
0.21232733076517762,-1.1099901739376037,-0.502969299721533,-0.0740909257818598,-0.23538436605243465,0.9048055324001227,-0.09236184645987515,-1.461440576166749,-0.015591822765990965,-0.2262991435398101,0.8085666669970842,0.10749237562073138,0.9841231756854657,0
-0.46546902347764374,-1.1099901739376037,-0.502969299721533,-0.0547610565282872,-0.404365943111267,-1.177851894974348,2.426963462176212,-0.8828162337175963,0.08847045166725842,2.1817949254882985,-0.7394662468772634,0.286070666731554,0.9841231756854657,0
-0.8043672005990544,0.9009088760241706,0.8491410419312149,-0.7165879851873725,-0.911310674287764,0.9048055324001227,-0.17154109432699713,1.4316811360790147,-1.6000238722012787,1.2644257563347332,-0.7394662468772634,-2.3330776028938445,0.9841231756854657,0
1.0595727735687044,0.9009088760241706,-0.502969299721533,0.8418827233819183,1.1164682504182242,-1.177851894974348,-0.09236184645987515,-0.8828162337175963,0.007906110170548816,-0.7996548742607882,2.098594095225707,0.7622794430270811,-1.0161329645585022,0
0.21232733076517762,-1.1099901739376037,0.8491410419312149,0.17282288612958432,0.10257878806523006,-1.177851894974348,0.38271364074285674,-0.3041918912684436,-1.0461440244114009,-0.11162799739561437,0.03455021005991044,-0.7853990799333818,0.9841231756854657,0
0.21232733076517762,-1.1099901739376037,0.8491410419312149,0.156904170273701,-0.23538436605243465,0.9048055324001227,0.8577891279455886,0.853056793629862,0.13210946997797635,0.3470565871811683,0.29255569570563505,-0.4282424977117365,-1.0161329645585022,0
-0.634918112038349,-1.1099901739376037,0.8491410419312149,0.7417274694553191,-0.911310674287764,-1.177851894974348,0.04461825235024587,-0.8828162337175963,-0.41841353024953903,-0.6849837281165926,-0.7394662468772634,-0.24966420660091387,0.9841231756854657,0
0.5512255078865883,-1.1099901739376037,1.5251962127575889,-0.683013392023079,0.10257878806523006,0.21058638994196582,0.06599664927436881,1.4316811360790147,-0.542616890056966,1.4937680486231246,1.066572152642809,0.008282213892496587,-1.0161329645585022,0
-0.634918112038349,0.9009088760241706,-1.179024470547907,-0.34063466210685844,-0.5733475201700994,0.9048055324001227,-0.5674373336626071,-0.8828162337175963,0.06497251873071805,-0.45564143582820127,-0.4814607612315388,0.16701847265767225,-1.0161329645585022,0
-0.46546902347764374,-1.1099901739376037,-0.502969299721533,-0.5476569301175473,-0.7423290972289317,0.9048055324001227,-0.4090788379283631,0.853056793629862,0.6188523665205963,0.1177142948927768,-0.7394662468772634,0.08765034327508442,0.9841231756854657,0
-0.634918112038349,-1.1099901739376037,0.8491410419312149,-0.1876539076465988,-0.7423290972289317,-1.177851894974348,-0.9720432902636004,0.853056793629862,-0.2069321338206762,-1.0289971665491795,-0.7394662468772634,-1.182239726846321,-1.0161329645585022,0
-0.12657084635623306,0.9009088760241706,1.5251962127575889,-0.3421665226604504,-0.5733475201700994,0.9048055324001227,-0.09236184645987515,-1.461440576166749,-0.10286985938742682,0.1177142948927768,0.29255569570563505,-0.30919030363785477,0.9841231756854657,0
-0.2960199349169384,-1.1099901739376037,-0.502969299721533,-0.2251134255138163,-0.5733475201700994,0.9048055324001227,0.38271364074285674,-1.461440576166749,-0.7205298108621999,0.4617277333253637,0.03455021005991044,0.08765034327508442,-1.0161329645585022,0
-0.2960199349169384,-1.1099901739376037,-0.502969299721533,0.40332841850306933,-0.7423290972289317,-1.177851894974348,-1.1718917118802161,-0.8828162337175963,-0.2673553899432083,-1.3730106049817663,-0.7394662468772634,-2.3926036999307856,0.9841231756854657,0
-0.634918112038349,0.9009088760241706,0.8491410419312149,-0.5634493069587014,-0.404365943111267,0.9048055324001227,-0.804975077263973,-0.8828162337175963,-1.4086835611465938,-0.45564143582820127,-0.4814607612315388,-1.5989224061049072,0.9841231756854657,0
0.0428782422044723,0.9009088760241706,-0.502969299721533,-0.3362285889681765,0.2715603651240624,-1.177851894974348,-0.804975077263973,-0.3041918912684436,-1.1065672805339328,-0.6849837281165926,0.03455021005991044,-0.9639773710442044,-1.0161329645585022,0
-0.634918112038349,0.9009088760241706,-1.179024470547907,0.31369088755267877,-0.06640278899360229,0.9048055324001227,0.06362127183835514,-0.8828162337175963,-1.7074429941968916,-0.45564143582820127,-0.4814607612315388,-0.5472946917856183,-1.0161329645585022,0
-0.2960199349169384,-1.1099901739376037,0.8491410419312149,0.7224607697091111,-0.23538436605243465,-1.177851894974348,0.6994306322113446,0.853056793629862,0.16903479316396802,-0.34097028968400567,-0.4814607612315388,-0.2893482712922078,0.9841231756854657,0
0.21232733076517762,0.9009088760241706,-0.502969299721533,1.487538258155662,0.10257878806523006,0.9048055324001227,-0.7257958293968509,0.2744324511807092,0.1522505553521539,-1.2583394588375707,0.29255569570563505,0.26622863438590705,-1.0161329645585022,0
-0.8043672005990544,0.9009088760241706,-1.179024470547907,-0.39297059895844305,-0.23538436605243465,-1.177851894974348,-1.042512820865339,0.2744324511807092,-0.08944246913797492,-1.0289971665491795,-0.4814607612315388,-2.4322877646220795,0.9841231756854657,0
-0.12657084635623306,-1.1099901739376037,-1.179024470547907,-0.14743072383217937,0.4405419421828948,0.9048055324001227,-0.8841543251310949,-0.8828162337175963,-0.33784918875282943,-0.9143260204049839,1.066572152642809,0.5440170872249644,0.9841231756854657,0
-0.8043672005990544,-1.1099901739376037,-0.502969299721533,-0.22035992008462893,-0.911310674287764,0.9048055324001227,0.9705403769083704,1.4316811360790147,-1.1468494512822878,1.1497546101905376,-0.4814607612315388,0.22654456969461315,0.9841231756854657,0
0.0428782422044723,0.9009088760241706,0.8491410419312149,-0.5110502005997521,0.10257878806523006,0.9048055324001227,-0.003997805840167024,0.2744324511807092,-1.264339115964989,0.6910700256137552,0.03455021005991044,-1.0433455004267922,0.9841231756854657,0
-0.12657084635623306,-1.1099901739376037,-0.502969299721533,0.3616207512655814,-0.23538436605243465,-1.177851894974348,1.4910647523868301,1.4316811360790147,0.9679645130063379,0.4617277333253637,-0.22345527558581418,0.5638591195706114,0.9841231756854657,0
1.7373691278115257,0.9009088760241706,0.8491410419312149,-0.3382500132038442,1.9613761357123858,-1.177851894974348,-0.18737694390042153,-0.8828162337175963,0.44429629327772574,0.003043148748581378,2.356599580871432,1.1789621222856672,-1.0161329645585022,0
0.38177641932588297,0.9009088760241706,-0.502969299721533,0.5880992275445721,0.4405419421828948,0.9048055324001227,1.135866646454921,-0.3041918912684436,-0.06594453620143455,0.003043148748581378,-0.22345527558581418,0.40512286080543575,-1.0161329645585022,0
-0.2960199349169384,0.9009088760241706,0.8491410419312149,2.134157127916716,-0.404365943111267,-1.177851894974348,-0.2507203421941191,0.853056793629862,1.360715677802797,-1.143668312693375,-0.7394662468772634,-0.03140185079879733,0.9841231756854657,0
0.38177641932588297,0.9009088760241706,-0.502969299721533,4.02546797079017,0.6095235192417271,-1.177851894974348,1.7496641759208507,1.4316811360790147,0.36037510421865326,-0.9143260204049839,-0.22345527558581418,-0.11076998018138517,0.9841231756854657,0
0.7206745964472937,0.9009088760241706,-1.179024470547907,5.417818667367361,0.2715603651240624,-1.177851894974348,0.15436068989407695,1.4316811360790147,1.5923381596058366,-1.3730106049817663,0.8085666669970842,-0.2893482712922078,-1.0161329645585022,0
-0.8043672005990544,0.9009088760241706,-1.179024470547907,-0.10916579474606303,-0.911310674287764,0.9048055324001227,-0.646616581529729,-0.3041918912684436,-0.8178783901707236,-0.6849837281165926,-0.997471732522988,0.22654456969461315,0.9841231756854657,0
0.0428782422044723,0.9009088760241706,0.8491410419312149,0.4710461303979381,0.10257878806523006,-1.177851894974348,3.9175919825226506,-0.8828162337175963,-0.717172963299837,1.952452633199907,0.03455021005991044,-0.7060309505507939,-1.0161329645585022,0
-0.634918112038349,0.9009088760241706,0.8491410419312149,-0.30118530475765554,-0.911310674287764,0.9048055324001227,0.8577891279455886,0.2744324511807092,-1.371758237960602,1.2644257563347332,-0.7394662468772634,-1.4798702120310254,0.9841231756854657,0
-0.2960199349169384,0.9009088760241706,0.8491410419312149,-0.20289355129831252,-0.5733475201700994,-1.177851894974348,-0.4882580857954851,-0.8828162337175963,0.09518414679198407,-0.45564143582820127,-0.7394662468772634,-0.6465048535138531,0.9841231756854657,0
0.0428782422044723,-1.1099901739376037,-0.502969299721533,-0.13198577928153069,0.10257878806523006,0.9048055324001227,0.22435514500861276,0.2744324511807092,-0.47883678637207105,0.1177142948927768,0.03455021005991044,0.6035431842619053,0.9841231756854657,0
0.7206745964472937,-1.1099901739376037,-1.179024470547907,-0.6775492296360397,0.9474866733593919,-1.177851894974348,0.6913543489288982,-0.8828162337175963,-0.707102420612748,2.7551506562092767,0.5505611813513597,-0.09092794783573821,-1.0161329645585022,0
0.38177641932588297,-1.1099901739376037,-0.502969299721533,0.0030706274640190595,0.6095235192417271,-1.177851894974348,-0.9590578936133923,-0.8828162337175963,0.4409394457153629,-1.143668312693375,0.5505611813513597,-1.678290535487495,0.9841231756854657,0
-0.46546902347764374,-1.1099901739376037,-1.179024470547907,-0.463783616714178,-0.7423290972289317,0.9048055324001227,-0.2507203421941191,0.853056793629862,0.23281489684886292,0.23238544103697253,-0.22345527558581418,-0.09092794783573821,-1.0161329645585022,0
-0.8043672005990544,0.9009088760241706,-1.179024470547907,0.6992775605062969,-0.7423290972289317,-1.177851894974348,-0.7257958293968509,-0.8828162337175963,2.4953301538814565,-1.143668312693375,-0.4814607612315388,0.6233852166075523,0.9841231756854657,0
-0.12657084635623306,0.9009088760241706,1.5251962127575889,0.004160301466058692,-0.23538436605243465,-1.177851894974348,-1.060724047874777,1.4316811360790147,-1.234127487903723,-1.143668312693375,-0.7394662468772634,1.5758027691986063,0.9841231756854657,0
-0.12657084635623306,-1.1099901739376037,-0.502969299721533,0.7957531906289071,-0.911310674287764,-1.177851894974348,2.953188743501105,-1.461440576166749,0.4140846652164597,0.9204123179021463,0.29255569570563505,0.9606997664835506,0.9841231756854657,0
0.890123685007999,0.9009088760241706,1.5251962127575889,-0.36511284621064727,0.6095235192417271,-1.177851894974348,1.1585119113449178,-0.8828162337175963,0.7027735555796687,1.8377814870557112,0.8085666669970842,0.305912699077201,0.9841231756854657,0
-0.2960199349169384,0.9009088760241706,-1.179024470547907,0.08692814849054725,-0.5733475201700994,0.9048055324001227,0.38271364074285674,-0.8828162337175963,-1.4388951892078599,0.003043148748581378,-0.4814607612315388,-2.4521297969677263,0.9841231756854657,0
-0.46546902347764374,0.9009088760241706,-0.502969299721533,1.3533346397595345,-0.911310674287764,-1.177851894974348,0.06425470582129213,1.4316811360790147,-1.7074429941968916,-0.9143260204049839,-0.4814607612315388,0.305912699077201,-1.0161329645585022,0
-0.12657084635623306,0.9009088760241706,-1.179024470547907,0.2572015555918706,-0.7423290972289317,-1.177851894974348,-0.2507203421941191,0.2744324511807092,-1.5530280063281983,-0.6849837281165926,0.5505611813513597,-0.7853990799333818,0.9841231756854657,0
-0.12657084635623306,-1.1099901739376037,0.8491410419312149,0.42862780620259816,-0.5733475201700994,-1.177851894974348,2.2830155895537843,0.2744324511807092,0.06832936629308146,0.9204123179021463,-0.22345527558581418,-0.4282424977117365,0.9841231756854657,0
0.0428782422044723,-1.1099901739376037,-1.179024470547907,-0.6792232215812021,0.10257878806523006,0.9048055324001227,-1.2008713165995828,1.4316811360790147,-1.7577957076323352,-1.0289971665491795,0.03455021005991044,-2.114815247091728,0.9841231756854657,0
1.398470950690115,0.9009088760241706,-0.502969299721533,-0.31432456228949573,1.6234129815947211,0.21058638994196582,-1.0813106523202287,0.2744324511807092,-0.7003887254880223,-1.0289971665491795,0.8085666669970842,-0.46792656240303043,0.9841231756854657,0
-0.46546902347764374,-1.1099901739376037,-0.502969299721533,-0.24894412216711784,-0.5733475201700994,-1.177851894974348,-0.3774071387815143,1.4316811360790147,-0.2438574570066685,-0.34097028968400567,-0.7394662468772634,-0.15045404487267908,0.9841231756854657,0
2.5846145706150523,0.9009088760241706,0.17308587110484092,0.20769245419485255,2.637302443947715,-1.177851894974348,0.5356879476221363,1.4316811360790147,1.1391637386868456,0.003043148748581378,1.582583123934258,1.1392780575943733,0.9841231756854657,0
0.0428782422044723,-1.1099901739376037,0.8491410419312149,0.47979510716793744,0.2715603651240624,0.9048055324001227,0.6128085350447132,1.4316811360790147,0.7665536592645635,-0.2262991435398101,0.03455021005991044,-0.03140185079879733,0.9841231756854657,0
-0.2960199349169384,-1.1099901739376037,-0.502969299721533,-0.20625732756547832,-0.7423290972289317,0.9048055324001227,-0.8841543251310949,0.853056793629862,-0.005521280078902488,-0.9143260204049839,-0.4814607612315388,-1.6386064707962011,0.9841231756854657,0
-0.9738162891597597,0.9009088760241706,0.8491410419312149,-0.4492072528897928,-0.911310674287764,0.9048055324001227,0.517951796099901,0.2744324511807092,1.4211389339253289,1.2644257563347332,-0.7394662468772634,-1.5195542767223194,-1.0161329645585022,1
-0.634918112038349,0.9009088760241706,-1.179024470547907,-0.9617646356462898,-0.7423290972289317,0.9048055324001227,-1.0128997821630352,-0.8828162337175963,0.2865244578466693,0.3470565871811683,-0.7394662468772634,-0.9044512740072636,-1.0161329645585022,1
-0.46546902347764374,-1.1099901739376037,0.8491410419312149,-0.21374291418818536,-0.404365943111267,0.9048055324001227,-0.26513096530593533,-0.3041918912684436,0.024690347982363543,-0.2262991435398101,-0.4814607612315388,-1.202081759191968,-1.0161329645585022,1
1.2290218621294098,-1.1099901739376037,0.17308587110484092,-0.8804970644217108,1.1164682504182242,0.9048055324001227,-0.93546247774899,1.4316811360790147,-0.8447331706696268,0.1177142948927768,0.29255569570563505,1.8932752867289577,-1.0161329645585022,1
-0.46546902347764374,-1.1099901739376037,0.8491410419312149,-0.44047406849663456,-0.5733475201700994,0.9048055324001227,0.8577891279455886,1.4316811360790147,0.18581903097578276,1.7231103409115156,-0.22345527558581418,-0.6068207888225592,-1.0161329645585022,1
-0.2960199349169384,0.9009088760241706,-1.179024470547907,0.23532911366687218,-0.911310674287764,-1.177851894974348,1.3089524822924496,-1.461440576166749,1.8138900987217879,0.5763988794695595,-0.22345527558581418,0.9408577341379036,-1.0161329645585022,1
-0.634918112038349,-1.1099901739376037,0.8491410419312149,0.37916608193610357,-0.7423290972289317,-1.177851894974348,-0.8718023624638239,-1.461440576166749,0.6859893177678545,-1.143668312693375,-0.7394662468772634,-0.36871640067479566,-1.0161329645585022,1
-0.46546902347764374,0.9009088760241706,-0.502969299721533,-0.5307275021438301,-0.23538436605243465,0.9048055324001227,1.6495816066168083,0.2744324511807092,1.1358068911244827,3.328506386930255,-0.4814607612315388,0.6630692812988462,-1.0161329645585022,1
-0.8043672005990544,0.9009088760241706,-1.179024470547907,0.18158765527642484,-0.23538436605243465,0.9048055324001227,2.4413740852880284,1.4316811360790147,1.6124792449800143,1.4937680486231246,-0.4814607612315388,-0.22982217425526694,-1.0161329645585022,1
-0.46546902347764374,-1.1099901739376037,-0.502969299721533,-0.2945998836148943,-0.06640278899360229,0.9048055324001227,1.4807714501641043,0.853056793629862,-0.04244660326489417,1.952452633199907,-0.4814607612315388,0.9805417988291976,-1.0161329645585022,1
0.5512255078865883,0.9009088760241706,-1.179024470547907,-0.26337835459993264,0.4405419421828948,0.9048055324001227,0.38271364074285674,-1.461440576166749,1.7668942328487072,0.5763988794695595,0.29255569570563505,0.6233852166075523,-1.0161329645585022,1
0.38177641932588297,-1.1099901739376037,0.8491410419312149,1.3536031101658341,0.2715603651240624,-1.177851894974348,2.4413740852880284,-1.461440576166749,0.8706159336978135,0.1177142948927768,0.29255569570563505,-2.094973214746081,-1.0161329645585022,1
-0.2960199349169384,-1.1099901739376037,-1.179024470547907,-0.5429981789494069,-0.911310674287764,0.9048055324001227,0.6994306322113446,0.853056793629862,-0.3747745119388211,1.952452633199907,-0.7394662468772634,0.6630692812988462,-1.0161329645585022,1
2.0762673049329363,-1.1099901739376037,0.8491410419312149,0.8931131938546222,1.4544314045358888,0.9048055324001227,0.38271364074285674,0.853056793629862,1.6896867389143604,-0.570312581972397,2.098594095225707,0.028124246238143545,-1.0161329645585022,1
-0.8043672005990544,-1.1099901739376037,-1.179024470547907,-0.9288691146861658,-0.911310674287764,0.9048055324001227,-0.8870047780543113,-1.461440576166749,-0.2069321338206762,0.5763988794695595,-0.4814607612315388,0.46464895784237664,-1.0161329645585022,1
0.7206745964472937,-1.1099901739376037,0.17308587110484092,-0.28577194496068914,0.7785050963005594,0.9048055324001227,-0.869902060515013,0.853056793629862,-0.16329311550995887,-0.7996548742607882,0.5505611813513597,1.8337491896920168,-1.0161329645585022,1
0.5512255078865883,0.9009088760241706,1.5251962127575889,-0.5660550491374918,0.2715603651240624,-1.177851894974348,-0.42048064962122866,-1.461440576166749,-1.3986130184595051,0.23238544103697253,0.29255569570563505,0.4448069254967297,-1.0161329645585022,1
-0.634918112038349,0.9009088760241706,-1.179024470547907,-0.3639442103244019,-0.911310674287764,0.9048055324001227,-0.20511309542265685,0.2744324511807092,1.8172469462841514,0.1177142948927768,-0.7394662468772634,0.20670253734896618,-1.0161329645585022,1
-0.9738162891597597,-1.1099901739376037,-0.502969299721533,-0.6790337130591082,-0.911310674287764,0.9048055324001227,-0.4090788379283631,0.2744324511807092,-0.29421017044211145,0.5763988794695595,-0.4814607612315388,0.5638591195706114,-1.0161329645585022,1
-0.8043672005990544,0.9009088760241706,-1.179024470547907,-0.3710823646566035,-0.23538436605243465,0.9048055324001227,1.3673867672183857,-1.461440576166749,-0.08944246913797492,2.0671237793441026,-0.7394662468772634,-1.0036614357354983,-1.0161329645585022,1
-0.8043672005990544,-1.1099901739376037,1.5251962127575889,0.5203657232728622,-0.911310674287764,0.9048055324001227,3.2331665639592484,0.2744324511807092,1.0048898361923295,1.4937680486231246,-0.7394662468772634,0.9011736694466097,-1.0161329645585022,1
-0.634918112038349,-1.1099901739376037,-1.179024470547907,-0.5666393670806146,-0.911310674287764,0.9048055324001227,0.8577891279455886,1.4316811360790147,0.6188523665205963,2.2964660716324943,-0.7394662468772634,0.008282213892496587,-1.0161329645585022,1
-0.2960199349169384,0.9009088760241706,-0.502969299721533,-0.20570459437603794,-0.7423290972289317,0.9048055324001227,1.6495816066168083,1.4316811360790147,-0.22035952407012813,1.8377814870557112,-0.4814607612315388,0.801963507718375,-1.0161329645585022,1
-0.634918112038349,0.9009088760241706,0.8491410419312149,-0.4124268072267449,-0.404365943111267,-1.177851894974348,2.4014677443629986,-1.461440576166749,1.0955247203761276,3.672519825362842,-0.997471732522988,-0.17029607721832604,-1.0161329645585022,1
0.21232733076517762,0.9009088760241706,-0.502969299721533,10.191333038012482,0.10257878806523006,-1.177851894974348,2.4130279145515985,0.2744324511807092,-0.6466791644902159,-1.2583394588375707,1.066572152642809,-0.4282424977117365,-1.0161329645585022,1
0.21232733076517762,-1.1099901739376037,-1.179024470547907,-0.9569163759560555,0.2715603651240624,0.9048055324001227,-0.7090098288490211,0.853056793629862,0.18246218341341994,1.379096902478929,0.03455021005991044,1.0400678958661385,-1.0161329645585022,1
1.2290218621294098,-1.1099901739376037,-1.179024470547907,-0.7449668863709265,0.7785050963005594,0.9048055324001227,-0.5674373336626071,-0.3041918912684436,1.7299689096627155,0.4617277333253637,0.5505611813513597,1.4765926074703717,-1.0161329645585022,1
-0.634918112038349,0.9009088760241706,1.5251962127575889,-0.9448667924262549,-0.911310674287764,0.9048055324001227,-1.1967539957104925,-0.3041918912684436,1.417782086362966,-0.45564143582820127,-0.4814607612315388,-0.4282424977117365,-1.0161329645585022,1
0.890123685007999,0.9009088760241706,1.5251962127575889,-0.5685186599247118,-0.06640278899360229,0.9048055324001227,-0.5674373336626071,1.4316811360790147,0.8336906105118219,0.003043148748581378,0.03455021005991044,0.9011736694466097,-1.0161329645585022,1
-0.9738162891597597,-1.1099901739376037,-0.502969299721533,-0.6741696609920327,-0.911310674287764,0.9048055324001227,0.38271364074285674,-0.8828162337175963,0.8874001715096282,2.0671237793441026,-0.7394662468772634,0.16701847265767225,-1.0161329645585022,1
0.7206745964472937,-1.1099901739376037,-0.502969299721533,-0.10870781581766956,0.2715603651240624,0.9048055324001227,1.457176034299702,-1.461440576166749,-0.2874964753173858,1.379096902478929,0.29255569570563505,0.6233852166075523,-1.0161329645585022,1
-0.2960199349169384,0.9009088760241706,-0.502969299721533,-0.0507024156801106,-0.5733475201700994,0.9048055324001227,-0.2757409845201297,0.2744324511807092,0.20596011634995973,-0.45564143582820127,0.29255569570563505,-0.686188918205147,-1.0161329645585022,1
-0.46546902347764374,0.9009088760241706,-1.179024470547907,-0.6786862807686028,-0.404365943111267,0.9048055324001227,-0.5674373336626071,-1.461440576166749,0.8907570190719911,0.23238544103697253,-0.7394662468772634,0.8614896047553159,-1.0161329645585022,1
-0.2960199349169384,0.9009088760241706,-0.502969299721533,-0.5440878529514466,-0.5733475201700994,0.9048055324001227,-0.6006926177667983,0.2744324511807092,0.9041844093214424,-0.11162799739561437,0.29255569570563505,-0.36871640067479566,-1.0161329645585022,1
-0.2960199349169384,0.9009088760241706,-1.179024470547907,-0.6541133424037671,-0.5733475201700994,0.9048055324001227,-0.2507203421941191,0.2744324511807092,1.0015329886299666,0.8057411717579506,-0.7394662468772634,-0.6068207888225592,-1.0161329645585022,1
0.38177641932588297,0.9009088760241706,0.8491410419312149,-0.1298380160311337,0.2715603651240624,-1.177851894974348,-0.8868464195585771,-0.8828162337175963,-0.6366086218031275,-0.9143260204049839,0.29255569570563505,-0.8250831446246757,-1.0161329645585022,1
-0.9738162891597597,-1.1099901739376037,0.8491410419312149,-0.5664182738048384,-0.911310674287764,0.9048055324001227,1.3963663719377524,0.853056793629862,0.058258823605992396,3.213835240786059,-0.7394662468772634,1.0797519605574324,-1.0161329645585022,1
0.21232733076517762,0.9009088760241706,0.17308587110484092,-0.4600882005333479,0.10257878806523006,0.9048055324001227,0.21881259765791422,0.853056793629862,1.5084169705467643,0.9204123179021463,0.03455021005991044,0.18686050500331922,-1.0161329645585022,1
-0.8043672005990544,0.9009088760241706,0.8491410419312149,-0.7569848851470448,-0.911310674287764,0.9048055324001227,-1.1897862218981858,-1.461440576166749,0.0985409943543475,-0.9143260204049839,-0.7394662468772634,-0.20998014190961997,-1.0161329645585022,1
-0.9738162891597597,0.9009088760241706,-0.502969299721533,-0.6742170381225562,-0.5733475201700994,0.9048055324001227,0.38271364074285674,-0.8828162337175963,-0.2606416948184826,2.0671237793441026,-0.7394662468772634,0.32575473142284794,-1.0161329645585022,1
0.0428782422044723,0.9009088760241706,0.8491410419312149,-0.1862483861077361,-0.23538436605243465,0.9048055324001227,-0.7200949235504183,0.2744324511807092,0.5550722628357013,-0.7996548742607882,-0.22345527558581418,0.7027533459901402,-1.0161329645585022,1
0.890123685007999,0.9009088760241706,-0.502969299721533,-0.48783540664325564,0.6095235192417271,0.9048055324001227,1.8079401023510524,1.4316811360790147,1.4748484949231353,3.328506386930255,0.8085666669970842,-1.6981325678331418,-1.0161329645585022,1
-0.634918112038349,-1.1099901739376037,0.8491410419312149,-0.6910675042120675,-0.7423290972289317,0.9048055324001227,0.22435514500861276,0.2744324511807092,0.38051618959283084,1.8377814870557112,-0.4814607612315388,-0.9639773710442044,-1.0161329645585022,1
1.0595727735687044,-1.1099901739376037,-0.502969299721533,1.3650999605061942,0.9474866733593919,0.9048055324001227,-1.1148826534158884,-0.8828162337175963,2.74373687349631,-1.3730106049817663,0.5505611813513597,0.6035431842619053,-1.0161329645585022,1
-0.634918112038349,0.9009088760241706,0.8491410419312149,0.15608296667796098,-0.911310674287764,-1.177851894974348,2.6220611289208007,1.4316811360790147,0.001192415045823164,1.7231103409115156,-0.997471732522988,0.4448069254967297,-1.0161329645585022,1
-0.634918112038349,-1.1099901739376037,-1.179024470547907,0.23523435940582527,-0.5733475201700994,0.9048055324001227,2.294575759742384,0.853056793629862,1.3338608973038937,1.2644257563347332,-0.7394662468772634,0.18686050500331922,-1.0161329645585022,1
1.7373691278115257,0.9009088760241706,0.8491410419312149,-0.21230580789564035,1.7923945586535535,0.9048055324001227,0.06219604537674695,0.853056793629862,1.3875704583017001,0.1177142948927768,2.356599580871432,1.4765926074703717,-1.0161329645585022,1
-0.9738162891597597,0.9009088760241706,1.5251962127575889,-0.5660234643838096,-0.404365943111267,0.9048055324001227,0.06409634732555788,-0.8828162337175963,1.451350561986595,1.035083464046342,-0.7394662468772634,0.3654387961141419,-1.0161329645585022,1
0.5512255078865883,0.9009088760241706,-0.502969299721533,-0.7708979691441015,0.2715603651240624,0.9048055324001227,-0.45484444319555956,0.853056793629862,0.7195577933914834,0.9204123179021463,0.5505611813513597,-0.38855843302044263,-1.0161329645585022,1
-0.46546902347764374,0.9009088760241706,-1.179024470547907,-0.9464302377335292,-0.7423290972289317,0.9048055324001227,-0.7918313221180308,1.4316811360790147,-0.5459737376193288,1.035083464046342,-0.7394662468772634,0.08765034327508442,-1.0161329645585022,1
-0.46546902347764374,0.9009088760241706,0.8491410419312149,-1.0225021169773683,-0.404365943111267,0.9048055324001227,-0.9489229498864007,-1.461440576166749,-0.27406908506793454,1.1497546101905376,-0.997471732522988,1.0599099282117854,-1.0161329645585022,1
-0.8043672005990544,0.9009088760241706,-0.502969299721533,0.010350913187791093,-0.911310674287764,-1.177851894974348,3.2331665639592484,0.2744324511807092,1.1660185191857488,2.640479510065081,-0.7394662468772634,0.5638591195706114,-1.0161329645585022,1
-0.2960199349169384,-1.1099901739376037,-0.502969299721533,-0.16690272447732235,-0.911310674287764,0.9048055324001227,-0.8266701911795644,-1.461440576166749,-0.029019213015442864,-0.9143260204049839,-0.4814607612315388,0.8416475724096689,-1.0161329645585022,1
0.21232733076517762,0.9009088760241706,-0.502969299721533,-0.7890749948882698,0.7785050963005594,0.9048055324001227,0.06599664927436881,-1.461440576166749,0.6893461653302174,2.1817949254882985,0.8085666669970842,1.794065125000723,-1.0161329645585022,1
1.5679200392508204,0.9009088760241706,-1.179024470547907,-0.3376656952607215,0.6095235192417271,0.9048055324001227,0.8161408435674824,0.853056793629862,0.014619805295275064,1.2644257563347332,1.3245776382885335,-0.11076998018138517,-1.0161329645585022,1
-1.143265377720465,0.9009088760241706,-1.179024470547907,-0.904185629683442,-0.911310674287764,0.9048055324001227,-0.7257958293968509,-0.8828162337175963,0.4006572749670078,0.9204123179021463,-0.7394662468772634,-0.26950623894656084,-1.0161329645585022,1
-0.2960199349169384,-1.1099901739376037,-1.179024470547907,0.33170998952843556,-0.06640278899360229,0.9048055324001227,2.4413740852880284,-0.8828162337175963,0.5080763969626206,1.2644257563347332,-0.7394662468772634,-0.4282424977117365,-1.0161329645585022,1
-0.2960199349169384,0.9009088760241706,-1.179024470547907,-0.5640020401481418,-0.23538436605243465,0.9048055324001227,-0.3298995900612411,0.853056793629862,0.13210946997797635,0.3470565871811683,0.03455021005991044,-0.11076998018138517,-1.0161329645585022,1
-0.46546902347764374,0.9009088760241706,0.8491410419312149,-0.006989116583796092,-0.911310674287764,0.9048055324001227,2.3121535527688852,-0.8828162337175963,1.1559479764986598,1.8377814870557112,-0.997471732522988,-0.44808453005738347,-1.0161329645585022,1
0.21232733076517762,0.9009088760241706,1.5251962127575889,-0.717045964115766,0.7785050963005594,0.9048055324001227,-0.7257958293968509,1.4316811360790147,1.8071764035970623,0.003043148748581378,0.5505611813513597,0.6630692812988462,-1.0161329645585022,1
0.21232733076517762,0.9009088760241706,1.5251962127575889,-0.560954111417799,0.10257878806523006,0.9048055324001227,0.8905693365625771,0.853056793629862,1.6259066352294655,2.2964660716324943,0.5505611813513597,-0.13061201252703214,-1.0161329645585022,1
0.38177641932588297,0.9009088760241706,0.8491410419312149,-0.5985399682997458,-0.404365943111267,0.9048055324001227,-1.0379204244890459,0.853056793629862,-0.23043006675721658,-0.7996548742607882,1.066572152642809,-0.5671367241312653,-1.0161329645585022,1
0.5512255078865883,-1.1099901739376037,-0.502969299721533,-0.637815609503696,0.7785050963005594,0.9048055324001227,-0.7257958293968509,1.4316811360790147,1.7736079279734327,-0.11162799739561437,0.5505611813513597,1.1591200899400202,-1.0161329645585022,1
-0.46546902347764374,-1.1099901739376037,-1.179024470547907,-0.6964211199612188,-0.404365943111267,0.9048055324001227,-0.625871618588543,0.2744324511807092,0.9813919032557892,0.23238544103697253,-0.4814607612315388,0.46464895784237664,-1.0161329645585022,1
0.0428782422044723,0.9009088760241706,-1.179024470547907,-0.7870061935220787,-0.06640278899360229,0.9048055324001227,-1.2800505644667048,0.2744324511807092,0.8404043056365476,-1.0289971665491795,0.29255569570563505,0.4249648931510827,-1.0161329645585022,1
-0.8043672005990544,0.9009088760241706,0.8491410419312149,-0.8994321242542546,-0.911310674287764,0.9048055324001227,-0.4090788379283631,-0.3041918912684436,-0.7540982864858288,1.8377814870557112,-0.4814607612315388,-0.8846092416616166,-1.0161329645585022,1
1.398470950690115,0.9009088760241706,-0.502969299721533,-0.48377676579507906,1.4544314045358888,0.9048055324001227,1.8152245931548276,0.2744324511807092,2.4281932026341977,3.328506386930255,1.582583123934258,0.008282213892496587,-1.0161329645585022,1
-0.634918112038349,0.9009088760241706,1.5251962127575889,-0.5985873454302693,-0.911310674287764,0.9048055324001227,-0.09236184645987515,-1.461440576166749,1.8306743365336027,0.8057411717579506,-0.7394662468772634,0.305912699077201,-1.0161329645585022,1
0.21232733076517762,0.9009088760241706,-1.179024470547907,-0.8894829268443275,0.10257878806523006,0.9048055324001227,-0.27178202212677355,-0.3041918912684436,0.6524208421442251,2.1817949254882985,0.03455021005991044,-0.8250831446246757,-1.0161329645585022,1
-0.8043672005990544,-1.1099901739376037,-1.179024470547907,-0.9279057796988553,-0.911310674287764,0.21058638994196582,-0.593408126963023,1.4316811360790147,-0.025662365453080038,1.6084391947673204,-0.7394662468772634,1.0797519605574324,-1.0161329645585022,1
-0.8043672005990544,-1.1099901739376037,-0.502969299721533,-0.3684924148546542,-0.911310674287764,0.9048055324001227,1.3433162758667805,-1.461440576166749,-0.09615616426270057,2.0671237793441026,-0.7394662468772634,-1.4600281796853785,-1.0161329645585022,1
-0.46546902347764374,0.9009088760241706,0.8491410419312149,-0.22282353087184897,-0.404365943111267,0.9048055324001227,1.6495816066168083,1.4316811360790147,1.1559479764986598,1.8377814870557112,-0.4814607612315388,0.46464895784237664,-1.0161329645585022,1
0.890123685007999,-1.1099901739376037,-0.502969299721533,-0.42523442484492086,0.9474866733593919,0.9048055324001227,1.3328646151483206,1.4316811360790147,0.2193875065994116,2.2964660716324943,1.3245776382885335,0.6829113136444932,-1.0161329645585022,1
-0.8043672005990544,-1.1099901739376037,-1.179024470547907,-0.37798363333618784,-0.911310674287764,0.9048055324001227,0.4550834732934062,-0.8828162337175963,1.6091223974176514,0.9204123179021463,-0.4814607612315388,-0.5274526594399713,-1.0161329645585022,1
0.21232733076517762,-1.1099901739376037,-0.502969299721533,-0.6256554793360074,0.2715603651240624,0.9048055324001227,1.2025355731590377,0.2744324511807092,1.162661671623386,3.328506386930255,-0.4814607612315388,1.35754041339649,-1.0161329645585022,1
1.7373691278115257,0.9009088760241706,1.5251962127575889,0.1356160462918253,1.7923945586535535,-1.177851894974348,-0.6936490547627995,-1.461440576166749,1.6594751108530943,-0.9143260204049839,1.066572152642809,-0.15045404487267908,-1.0161329645585022,1
-0.46546902347764374,0.9009088760241706,-1.179024470547907,0.010793099739343406,-0.7423290972289317,0.9048055324001227,0.03131613870856938,0.2744324511807092,0.4711510737766289,-0.2262991435398101,-0.22345527558581418,0.9606997664835506,-1.0161329645585022,1
-0.9738162891597597,-1.1099901739376037,0.8491410419312149,-0.8516443919329223,-0.7423290972289317,0.9048055324001227,0.06599664927436881,0.2744324511807092,0.6188523665205963,2.7551506562092767,-0.4814607612315388,0.3654387961141419,-1.0161329645585022,1
-0.2960199349169384,-1.1099901739376037,1.5251962127575889,-0.7404028894638329,-0.404365943111267,0.9048055324001227,-1.1473461450414084,-0.3041918912684436,-1.3146918294004326,-0.7996548742607882,0.03455021005991044,-1.2219237915376149,-1.0161329645585022,1
0.890123685007999,0.9009088760241706,-1.179024470547907,-0.6841030660251186,0.6095235192417271,0.9048055324001227,-0.04738803367134987,1.4316811360790147,0.20931696391232313,1.2644257563347332,0.8085666669970842,-1.7775006972157297,-1.0161329645585022,1
-0.634918112038349,0.9009088760241706,-0.502969299721533,-0.5450353955619157,-0.23538436605243465,0.9048055324001227,0.685970160073934,-0.8828162337175963,0.9377528849450718,1.952452633199907,-0.4814607612315388,0.26622863438590705,-1.0161329645585022,1
-0.8043672005990544,0.9009088760241706,0.8491410419312149,-0.95246292568685,-0.911310674287764,0.9048055324001227,-0.646616581529729,0.853056793629862,0.014619805295275064,1.6084391947673204,-0.7394662468772634,-0.07108591549009124,-1.0161329645585022,1
0.21232733076517762,0.9009088760241706,-1.179024470547907,2.4299957232820555,0.6095235192417271,-1.177851894974348,-0.6983998096348268,-1.461440576166749,1.3540019826780707,-1.3730106049817663,0.29255569570563505,1.0797519605574324,-1.0161329645585022,1
-0.634918112038349,0.9009088760241706,-0.502969299721533,-0.6724167071626647,-0.911310674287764,0.9048055324001227,0.06599664927436881,0.2744324511807092,1.3070061168049905,1.4937680486231246,-0.4814607612315388,0.6035431842619053,-1.0161329645585022,1
0.0428782422044723,0.9009088760241706,-0.502969299721533,-0.6349729816722883,-0.23538436605243465,0.9048055324001227,0.1030525372761819,0.2744324511807092,-1.2240569452166343,1.379096902478929,0.5505611813513597,-0.3488743683291487,-1.0161329645585022,1
0.5512255078865883,-1.1099901739376037,1.5251962127575889,0.2273065862315659,0.6095235192417271,0.9048055324001227,2.2830155895537843,0.853056793629862,0.3335203237197501,1.2644257563347332,0.8085666669970842,1.1194360252487263,-1.0161329645585022,1
1.0595727735687044,0.9009088760241706,0.17308587110484092,-0.17969454971865717,0.2715603651240624,-1.177851894974348,-0.5560355219697415,0.2744324511807092,0.8034789824505558,-0.570312581972397,1.3245776382885335,-1.7378166325244357,-1.0161329645585022,1
0.5512255078865883,0.9009088760241706,-0.502969299721533,0.06311324421408689,0.10257878806523006,0.9048055324001227,-0.8676850415747336,0.853056793629862,-1.099853585409207,-1.0289971665491795,0.29255569570563505,-1.7775006972157297,-1.0161329645585022,1
-0.12657084635623306,0.9009088760241706,-0.502969299721533,0.3400483645005649,-0.23538436605243465,-1.177851894974348,1.6495816066168083,-1.461440576166749,0.92432549469562,0.6910700256137552,0.29255569570563505,-1.4401861473397315,-1.0161329645585022,1
-0.46546902347764374,-1.1099901739376037,0.8491410419312149,-0.5651864684112283,-0.5733475201700994,0.9048055324001227,0.8577891279455886,1.4316811360790147,0.001192415045823164,2.2964660716324943,-0.4814607612315388,-1.7179746001787888,-1.0161329645585022,1
-0.8043672005990544,-1.1099901739376037,-0.502969299721533,-0.7511574980926589,-0.911310674287764,0.9048055324001227,-0.2507203421941191,0.853056793629862,0.3469477139692014,1.2644257563347332,-0.4814607612315388,-1.3608180179571436,-1.0161329645585022,1
0.5512255078865883,0.9009088760241706,-1.179024470547907,-0.4093788784964022,0.7785050963005594,0.9048055324001227,-0.7257958293968509,-0.3041918912684436,1.9414503060915778,-0.570312581972397,0.03455021005991044,0.4844909901880236,-1.0161329645585022,1
-0.9738162891597597,0.9009088760241706,-0.502969299721533,-0.9034118032182255,-0.911310674287764,0.9048055324001227,-1.042512820865339,-1.461440576166749,-0.015591822765990965,-0.11162799739561437,-0.997471732522988,-2.194183376474316,-1.0161329645585022,1
0.0428782422044723,-1.1099901739376037,-0.502969299721533,-0.5636230231039541,-0.404365943111267,0.9048055324001227,1.0161476236798326,0.853056793629862,1.5621265315445705,2.525808363920885,1.066572152642809,0.5837011519162584,-1.0161329645585022,1
-0.9738162891597597,-1.1099901739376037,-0.502969299721533,-0.22075472950565778,-0.911310674287764,0.9048055324001227,-0.7257958293968509,-1.461440576166749,1.7937490133476108,-0.6849837281165926,-0.4814607612315388,0.08765034327508442,-1.0161329645585022,1
-0.2960199349169384,0.9009088760241706,0.8491410419312149,-0.284524347190238,-0.23538436605243465,-1.177851894974348,0.06599664927436881,0.853056793629862,-0.9555091402276025,0.23238544103697253,0.29255569570563505,0.4249648931510827,-1.0161329645585022,1
1.5679200392508204,0.9009088760241706,-0.502969299721533,-0.050370775766446364,1.2854498274770565,-1.177851894974348,-0.030443674627785765,0.2744324511807092,0.0985409943543475,-0.2262991435398101,1.3245776382885335,-0.44808453005738347,-1.0161329645585022,1
-0.46546902347764374,0.9009088760241706,0.8491410419312149,-0.12797451556387754,-0.7423290972289317,0.9048055324001227,0.8577891279455886,-1.461440576166749,1.4412800192995066,0.8057411717579506,-0.7394662468772634,-0.36871640067479566,-1.0161329645585022,1
1.0595727735687044,0.9009088760241706,0.8491410419312149,-0.21729619897744504,0.4405419421828948,0.9048055324001227,-0.4090788379283631,-1.461440576166749,0.8706159336978135,-0.34097028968400567,0.8085666669970842,-0.9441353386985575,-1.0161329645585022,1
-0.9738162891597597,0.9009088760241706,-0.502969299721533,-0.8382050792411002,-0.7423290972289317,0.9048055324001227,-0.804975077263973,-0.3041918912684436,0.3503045615315648,0.3470565871811683,-0.997471732522988,-0.30919030363785477,-1.0161329645585022,1
-0.12657084635623306,-1.1099901739376037,-1.179024470547907,-0.37430400953219894,-0.06640278899360229,0.9048055324001227,-0.14636209350525234,-0.8828162337175963,-0.04580345082725759,0.1177142948927768,0.5505611813513597,-0.190138109563973,-1.0161329645585022,1
-0.8043672005990544,0.9009088760241706,-0.502969299721533,-1.01541133977569,-0.23538436605243465,0.9048055324001227,-1.042512820865339,-0.8828162337175963,-0.7608119816105544,0.5763988794695595,-0.7394662468772634,0.8614896047553159,-1.0161329645585022,1
-0.2960199349169384,-1.1099901739376037,0.8491410419312149,-0.1819844443606245,-0.7423290972289317,0.9048055324001227,1.6495816066168083,-1.461440576166749,2.1092926842097226,1.7231103409115156,-0.22345527558581418,0.028124246238143545,-1.0161329645585022,1
-0.8043672005990544,-1.1099901739376037,1.5251962127575889,-0.8884880071033348,-0.5733475201700994,0.9048055324001227,-1.2718159226885242,-1.461440576166749,-0.17336365819704735,-0.7996548742607882,-0.4814607612315388,-0.36871640067479566,-1.0161329645585022,1
0.0428782422044723,0.9009088760241706,-0.502969299721533,-0.5066441274610701,0.4405419421828948,0.9048055324001227,0.09022549912170813,-1.461440576166749,1.3842136107393372,0.8057411717579506,0.29255569570563505,-0.26950623894656084,-1.0161329645585022,1
0.38177641932588297,-1.1099901739376037,1.5251962127575889,0.67674183875397,-0.06640278899360229,-1.177851894974348,0.9452030175908913,-1.461440576166749,1.511773818109127,-0.11162799739561437,0.29255569570563505,1.1392780575943733,-1.0161329645585022,1
-0.12657084635623306,0.9009088760241706,1.5251962127575889,-0.9477883821418683,0.4405419421828948,0.9048055324001227,-0.6520007703846933,0.853056793629862,-0.8615174084814415,1.4937680486231246,-0.4814607612315388,0.9606997664835506,-1.0161329645585022,1
-0.9738162891597597,0.9009088760241706,-1.179024470547907,-0.5325436254805629,-0.911310674287764,0.9048055324001227,0.38271364074285674,-0.8828162337175963,-0.24050060944430565,1.379096902478929,-0.4814607612315388,-3.087074832028429,-1.0161329645585022,1
-0.634918112038349,0.9009088760241706,0.8491410419312149,-0.6377366476194902,-0.911310674287764,0.9048055324001227,0.8577891279455886,-0.8828162337175963,0.6994167080173058,2.7551506562092767,-0.7394662468772634,0.4448069254967297,-1.0161329645585022,1
-0.634918112038349,-1.1099901739376037,-1.179024470547907,-0.5255949796704551,-0.5733475201700994,0.9048055324001227,1.6137925865808693,0.2744324511807092,-0.9521522926652397,3.213835240786059,-0.4814607612315388,-1.202081759191968,-1.0161329645585022,1
1.7373691278115257,0.9009088760241706,1.5251962127575889,-0.6773281363602636,1.7923945586535535,0.9048055324001227,0.06599664927436881,-0.3041918912684436,-0.9790070731641428,1.4937680486231246,1.8405886095799828,-0.6266628211682062,-1.0161329645585022,1
-0.634918112038349,0.9009088760241706,1.5251962127575889,0.1775763915587717,-0.911310674287764,0.9048055324001227,0.8012551449684635,-0.3041918912684436,0.4308689030282738,0.23238544103697253,-0.7394662468772634,0.5638591195706114,-1.0161329645585022,1
0.38177641932588297,-1.1099901739376037,0.8491410419312149,0.6026440066152751,-0.06640278899360229,-1.177851894974348,-0.6548512233079097,-1.461440576166749,1.7198983669756265,-1.0289971665491795,0.03455021005991044,-0.6266628211682062,-1.0161329645585022,1
0.38177641932588297,-1.1099901739376037,0.8491410419312149,-0.6615199671422682,0.7785050963005594,0.9048055324001227,0.25602684415546156,0.2744324511807092,0.3301634761573873,1.7231103409115156,0.5505611813513597,-0.36871640067479566,-1.0161329645585022,1
-0.12657084635623306,0.9009088760241706,0.8491410419312149,-0.6789389587980612,-0.404365943111267,0.9048055324001227,-1.2825843003984527,-0.3041918912684436,0.6255660616453219,-1.143668312693375,0.29255569570563505,-2.630708088078549,-1.0161329645585022,1
-0.634918112038349,-1.1099901739376037,-1.179024470547907,-0.44680681160993735,-0.23538436605243465,0.9048055324001227,1.361685861371953,0.853056793629862,1.7333257572250789,2.411137217776689,-0.4814607612315388,0.12733440796637835,-1.0161329645585022,1
0.0428782422044723,0.9009088760241706,-0.502969299721533,-0.6991374087778973,-0.404365943111267,0.9048055324001227,0.8577891279455886,0.2744324511807092,1.0116035313170553,3.213835240786059,0.5505611813513597,-0.22982217425526694,-1.0161329645585022,1
-0.12657084635623306,0.9009088760241706,1.5251962127575889,-0.5708717240740439,-0.06640278899360229,0.9048055324001227,0.8577891279455886,1.4316811360790147,1.87431335484432,2.2964660716324943,0.8085666669970842,1.5956448015442533,-1.0161329645585022,1
-0.8043672005990544,-1.1099901739376037,0.8491410419312149,-0.7348123880620644,-0.911310674287764,0.9048055324001227,-0.19608666116580495,-0.8828162337175963,0.6994167080173058,1.2644257563347332,-0.997471732522988,-1.4401861473397315,-1.0161329645585022,1
1.2290218621294098,-1.1099901739376037,1.5251962127575889,0.7028624300492389,0.6095235192417271,0.9048055324001227,-0.05657282642393602,-0.8828162337175963,1.6695456535401834,-0.7996548742607882,1.3245776382885335,-0.7655570475877348,-1.0161329645585022,1
-0.46546902347764374,-1.1099901739376037,1.5251962127575889,-0.30293825858702367,-0.911310674287764,0.9048055324001227,1.3328646151483206,0.853056793629862,-0.9118701219168851,1.8377814870557112,-0.22345527558581418,1.6353288662355472,-1.0161329645585022,1
1.0595727735687044,-1.1099901739376037,0.8491410419312149,-1.0935362280088794,1.1164682504182242,0.9048055324001227,-1.224308373968251,0.2744324511807092,-0.018948670328354386,0.3470565871811683,0.29255569570563505,0.4448069254967297,-1.0161329645585022,1
0.0428782422044723,0.9009088760241706,-1.179024470547907,-0.770645291114643,0.2715603651240624,0.9048055324001227,-0.2507203421941191,0.2744324511807092,-1.0025050061006833,1.379096902478929,0.03455021005991044,0.7225953783357871,-1.0161329645585022,1
-0.9738162891597597,-1.1099901739376037,-1.179024470547907,-0.4553346951041606,-0.911310674287764,0.9048055324001227,-0.4090788379283631,0.2744324511807092,1.4580642571113207,0.003043148748581378,-0.4814607612315388,-0.8647672093159696,-1.0161329645585022,1
0.0428782422044723,0.9009088760241706,-1.179024470547907,-0.5344860878320248,-0.06640278899360229,0.9048055324001227,0.4291126799929902,-0.8828162337175963,1.4949895802973128,1.4937680486231246,-0.22345527558581418,0.2463866020402601,-1.0161329645585022,1
0.0428782422044723,-1.1099901739376037,1.5251962127575889,-0.38951206843023034,0.10257878806523006,0.9048055324001227,1.1626292322340082,-1.461440576166749,1.0116035313170553,1.952452633199907,0.5505611813513597,-0.011559818453150373,-1.0161329645585022,1
-0.2960199349169384,-1.1099901739376037,0.8491410419312149,-0.6949366365381503,-0.404365943111267,0.9048055324001227,-0.8841543251310949,0.2744324511807092,1.1358068911244827,-0.34097028968400567,-0.22345527558581418,0.40512286080543575,-1.0161329645585022,1
0.21232733076517762,0.9009088760241706,-1.179024470547907,0.9240188753327606,0.10257878806523006,-1.177851894974348,1.6495816066168083,-1.461440576166749,0.7766242019516526,0.003043148748581378,0.5505611813513597,-0.36871640067479566,-1.0161329645585022,1
1.906818216372231,0.9009088760241706,0.8491410419312149,0.031575867662302186,2.130357712771218,0.9048055324001227,2.278264834681757,-0.8828162337175963,1.3103629643673533,1.7231103409115156,1.3245776382885335,-1.2616078562289088,-1.0161329645585022,1
0.0428782422044723,0.9009088760241706,0.17308587110484092,-0.9655232213344844,-0.5733475201700994,0.9048055324001227,-0.8257200402051589,-1.461440576166749,0.48457846402608024,1.035083464046342,0.8085666669970842,1.1194360252487263,-1.0161329645585022,1
0.7206745964472937,-1.1099901739376037,1.5251962127575889,-0.6008298629417131,0.9474866733593919,0.9048055324001227,0.06599664927436881,0.2744324511807092,1.3506451351157078,1.1497546101905376,0.5505611813513597,1.714696995618135,-1.0161329645585022,1
-0.634918112038349,-1.1099901739376037,-1.179024470547907,0.250679303956474,-0.5733475201700994,0.9048055324001227,-0.4938006331461836,0.853056793629862,0.3704456469057418,-0.7996548742607882,-0.7394662468772634,0.46464895784237664,-1.0161329645585022,1
-0.2960199349169384,-1.1099901739376037,-0.502969299721533,-0.22713484974948403,-0.911310674287764,0.9048055324001227,1.244342216032878,1.4316811360790147,-0.4654093961226198,1.4937680486231246,-0.4814607612315388,-1.9759210206721993,-1.0161329645585022,1
-0.634918112038349,-1.1099901739376037,-0.502969299721533,-0.702580146929269,-0.911310674287764,0.9048055324001227,0.2669535803611244,0.2744324511807092,-0.18007735332177302,2.0671237793441026,-0.4814607612315388,0.9210157017922567,-1.0161329645585022,1
0.21232733076517762,-1.1099901739376037,1.5251962127575889,-0.5569270553233048,-0.06640278899360229,0.9048055324001227,0.7271433689648373,0.853056793629862,-0.33449234119046656,2.0671237793441026,0.29255569570563505,0.6630692812988462,-1.0161329645585022,1
0.0428782422044723,0.9009088760241706,-0.502969299721533,-0.7192884816272099,0.10257878806523006,0.9048055324001227,-0.7685526232450969,0.2744324511807092,0.7799810495140155,0.003043148748581378,-0.22345527558581418,-0.40840046536608954,-1.0161329645585022,1
0.38177641932588297,0.9009088760241706,1.5251962127575889,0.44078793637028685,0.2715603651240624,0.9048055324001227,3.2331665639592484,-1.461440576166749,2.169715940332255,1.6084391947673204,0.29255569570563505,0.08765034327508442,-1.0161329645585022,1
-0.12657084635623306,0.9009088760241706,0.8491410419312149,-0.6358731471522341,-0.5733475201700994,0.9048055324001227,-1.2800505644667048,-0.3041918912684436,-0.14650887769814416,-1.143668312693375,-0.22345527558581418,-0.7258729828964409,-1.0161329645585022,1
-0.8043672005990544,0.9009088760241706,-1.179024470547907,-0.5322909474511044,-0.911310674287764,0.9048055324001227,-0.9063245145338891,-1.461440576166749,1.0116035313170553,-0.6849837281165926,-0.4814607612315388,-3.027548734991488,-1.0161329645585022,1
0.38177641932588297,-1.1099901739376037,-0.502969299721533,0.17549179781573937,0.7785050963005594,0.9048055324001227,2.4413740852880284,-1.461440576166749,1.2365123179953694,1.4937680486231246,-0.22345527558581418,0.5638591195706114,-1.0161329645585022,1
0.7206745964472937,-1.1099901739376037,0.8491410419312149,-1.0912937104974356,0.7785050963005594,0.9048055324001227,-1.2748247341074748,-0.8828162337175963,1.0485288545030476,0.003043148748581378,-0.22345527558581418,1.298014316359549,-1.0161329645585022,1
-0.9738162891597597,0.9009088760241706,-0.502969299721533,-0.7319539678538155,-0.911310674287764,0.9048055324001227,-0.1823094720369257,1.4316811360790147,-0.4251272253742647,1.2644257563347332,-0.997471732522988,0.008282213892496587,-1.0161329645585022,1
-0.12657084635623306,-1.1099901739376037,-0.502969299721533,-0.5640178325249829,0.10257878806523006,0.9048055324001227,0.25634356114693,0.2744324511807092,0.007906110170548816,1.2644257563347332,-0.4814607612315388,-1.142555662155027,-1.0161329645585022,1
-0.12657084635623306,0.9009088760241706,-1.179024470547907,0.0935451543869908,-0.5733475201700994,-1.177851894974348,0.8577891279455886,0.2744324511807092,1.8038195560346988,0.3470565871811683,0.03455021005991044,0.5440170872249644,-1.0161329645585022,1
-0.46546902347764374,-1.1099901739376037,-1.179024470547907,-0.5076706319557452,0.10257878806523006,0.9048055324001227,1.0161476236798326,1.4316811360790147,1.8038195560346988,2.1817949254882985,-0.7394662468772634,-0.07108591549009124,-1.0161329645585022,1
-0.46546902347764374,0.9009088760241706,-0.502969299721533,-0.5173513589593727,-0.23538436605243465,0.9048055324001227,0.8714079585787335,-0.8828162337175963,0.2831676102843065,2.0671237793441026,-0.997471732522988,0.5638591195706114,-1.0161329645585022,1
-0.12657084635623306,0.9009088760241706,0.8491410419312149,1.3684953215270423,-0.06640278899360229,0.9048055324001227,-0.9012570426703933,-0.8828162337175963,0.2865244578466693,-1.3730106049817663,1.066572152642809,-0.9441353386985575,-1.0161329645585022,1
-0.2960199349169384,-1.1099901739376037,-1.179024470547907,-0.739186876447064,-0.7423290972289317,0.9048055324001227,-0.8855795515927032,-0.3041918912684436,0.8169063727000071,-0.2262991435398101,-0.4814607612315388,1.317856348705196,-1.0161329645585022,1
1.2290218621294098,-1.1099901739376037,-1.179024470547907,-0.8766753092261516,1.2854498274770565,0.21058638994196582,-0.3298995900612411,-0.3041918912684436,-0.17000681063468454,1.952452633199907,0.29255569570563505,0.9805417988291976,-1.0161329645585022,1
-0.8043672005990544,0.9009088760241706,0.8491410419312149,-0.6135901034293656,-0.5733475201700994,0.9048055324001227,-0.09236184645987515,0.853056793629862,0.001192415045823164,0.9204123179021463,-0.4814607612315388,1.0400678958661385,-1.0161329645585022,1
0.21232733076517762,-1.1099901739376037,-0.502969299721533,0.05922831951116299,-0.404365943111267,0.9048055324001227,2.4413740852880284,0.853056793629862,0.7061304031420315,1.8377814870557112,-0.22345527558581418,-0.03140185079879733,-1.0161329645585022,1
0.890123685007999,-1.1099901739376037,1.5251962127575889,-0.13839748427903922,0.4405419421828948,0.9048055324001227,1.2077614035182678,0.2744324511807092,1.7870353182228842,1.1497546101905376,0.5505611813513597,0.7622794430270811,-1.0161329645585022,1
0.7206745964472937,0.9009088760241706,-1.179024470547907,0.20620797077178404,0.7785050963005594,-1.177851894974348,0.8577891279455886,-1.461440576166749,0.0985409943543475,0.23238544103697253,0.03455021005991044,-0.6266628211682062,-1.0161329645585022,1
-0.634918112038349,-1.1099901739376037,1.5251962127575889,0.5041943293875205,-0.911310674287764,0.9048055324001227,2.4413740852880284,-0.3041918912684436,1.3170766594920789,0.9204123179021463,-0.997471732522988,0.5638591195706114,-1.0161329645585022,1
0.5512255078865883,0.9009088760241706,-1.179024470547907,-0.39650809137086157,1.1164682504182242,0.9048055324001227,-0.7257958293968509,0.2744324511807092,0.11868207972852446,-0.570312581972397,1.066572152642809,0.3455967637684949,-1.0161329645585022,1
-0.9738162891597597,-1.1099901739376037,-0.502969299721533,-0.6775018525055162,-0.911310674287764,0.9048055324001227,-0.7257958293968509,-0.8828162337175963,-0.37813135950118393,0.003043148748581378,-0.4814607612315388,-2.1743413441286688,-1.0161329645585022,1
1.0595727735687044,0.9009088760241706,-1.179024470547907,-0.014395741322297357,1.1164682504182242,0.9048055324001227,1.6495816066168083,1.4316811360790147,-1.1065672805339328,1.2644257563347332,0.03455021005991044,-0.3488743683291487,-1.0161329645585022,1
0.0428782422044723,-1.1099901739376037,-1.179024470547907,-0.7698398798957442,-0.404365943111267,0.9048055324001227,-0.6983998096348268,-1.461440576166749,2.4684753733825526,0.3470565871811683,0.03455021005991044,0.7225953783357871,-1.0161329645585022,1
0.0428782422044723,-1.1099901739376037,-0.502969299721533,-0.4171645202790911,-0.404365943111267,0.9048055324001227,1.2549522352470726,-0.8828162337175963,0.02804719554472637,2.1817949254882985,1.066572152642809,1.4369085427790778,-1.0161329645585022,1
-1.143265377720465,-1.1099901739376037,-0.502969299721533,-1.0190277940723145,-0.911310674287764,0.21058638994196582,-1.042512820865339,-0.8828162337175963,-0.7641688291729173,0.6910700256137552,-0.4814607612315388,-1.3012919209202027,-1.0161329645585022,1
1.2290218621294098,0.9009088760241706,-0.502969299721533,0.699388107144185,0.7785050963005594,0.9048055324001227,-0.04992176960309777,-0.8828162337175963,1.3103629643673533,-0.7996548742607882,1.066572152642809,1.5361187045073124,-1.0161329645585022,1
-0.2960199349169384,-1.1099901739376037,0.8491410419312149,-0.8358520150917682,-0.06640278899360229,0.9048055324001227,0.05206110164975534,1.4316811360790147,-0.23714376188194225,2.640479510065081,0.03455021005991044,-0.30919030363785477,-1.0161329645585022,1
-0.46546902347764374,0.9009088760241706,-1.179024470547907,-0.3946130061499231,-0.5733475201700994,0.9048055324001227,0.06599664927436881,-0.3041918912684436,0.38051618959283084,0.4617277333253637,-0.4814607612315388,0.008282213892496587,-1.0161329645585022,1
-0.2960199349169384,0.9009088760241706,-0.502969299721533,0.37284913119964197,-0.404365943111267,-1.177851894974348,1.6495816066168083,0.853056793629862,1.615836092542377,0.5763988794695595,-0.4814607612315388,0.32575473142284794,-1.0161329645585022,1
0.21232733076517762,-1.1099901739376037,-0.502969299721533,2.886158528338791,0.2715603651240624,-1.177851894974348,2.4413740852880284,-0.3041918912684436,2.643031446625423,-0.45564143582820127,0.8085666669970842,-0.2893482712922078,-1.0161329645585022,1
-0.46546902347764374,-1.1099901739376037,-0.502969299721533,-0.6947155432623742,-0.404365943111267,0.9048055324001227,0.22308827704273881,0.853056793629862,1.2734376411813615,1.952452633199907,-0.22345527558581418,1.0003838311748445,-1.0161329645585022,1
0.890123685007999,-1.1099901739376037,-1.179024470547907,1.99846902609752,1.2854498274770565,-1.177851894974348,0.3193702424491591,-1.461440576166749,1.0485288545030476,-0.9143260204049839,1.3245776382885335,-0.8052411122790287,-1.0161329645585022,1
-0.12657084635623306,0.9009088760241706,-0.502969299721533,-0.1726353572706613,0.2715603651240624,0.9048055324001227,0.38271364074285674,0.2744324511807092,1.6292634827918282,0.3470565871811683,0.29255569570563505,-0.8647672093159696,-1.0161329645585022,1
0.38177641932588297,0.9009088760241706,-0.502969299721533,0.9779498422453019,0.2715603651240624,0.9048055324001227,0.43402179336075175,-1.461440576166749,2.3979815745729316,-0.570312581972397,0.8085666669970842,0.08765034327508442,-1.0161329645585022,1
0.21232733076517762,-1.1099901739376037,-0.502969299721533,-0.9984345346714495,-0.5733475201700994,0.9048055324001227,-0.3918177618933305,1.4316811360790147,-0.7473845913611031,3.328506386930255,0.29255569570563505,-0.9044512740072636,-1.0161329645585022,1
-0.12657084635623306,-1.1099901739376037,-1.179024470547907,-0.6753382968782781,0.4405419421828948,0.9048055324001227,0.21612050323043208,0.853056793629862,-0.3109944082539262,1.7231103409115156,0.8085666669970842,-2.749760282152431,-1.0161329645585022,1
0.7206745964472937,-1.1099901739376037,-1.179024470547907,-0.02955642308980528,0.7785050963005594,-1.177851894974348,2.4413740852880284,-0.3041918912684436,0.8169063727000071,2.0671237793441026,-0.22345527558581418,0.20670253734896618,-1.0161329645585022,1
1.398470950690115,0.9009088760241706,0.8491410419312149,-0.5341070707878371,1.4544314045358888,0.9048055324001227,0.4001330752736236,-0.8828162337175963,1.2063006899341033,1.379096902478929,2.098594095225707,0.4844909901880236,-1.0161329645585022,1
-0.8043672005990544,0.9009088760241706,0.8491410419312149,-0.9105973346809505,-0.911310674287764,0.21058638994196582,-0.7257958293968509,-0.8828162337175963,-0.41841353024953903,0.9204123179021463,-0.22345527558581418,-1.3608180179571436,-1.0161329645585022,1
0.38177641932588297,0.9009088760241706,1.5251962127575889,-0.10354370859061217,0.2715603651240624,0.9048055324001227,1.3933575605188018,0.2744324511807092,0.9276823422579827,1.2644257563347332,-0.22345527558581418,0.4844909901880236,-1.0161329645585022,1
-0.12657084635623306,0.9009088760241706,1.5251962127575889,-0.6350993206870175,-0.23538436605243465,0.9048055324001227,-0.8795619287548019,0.2744324511807092,1.6729025011025462,-0.45564143582820127,0.8085666669970842,-0.9639773710442044,-1.0161329645585022,1
3.940207279100695,0.9009088760241706,-1.179024470547907,-1.0587929989583404,3.9891550604183736,0.9048055324001227,-1.0458383492757581,1.4316811360790147,0.06161567116835522,1.035083464046342,4.4206434660372285,1.1988041546313142,-1.0161329645585022,1
2.5846145706150523,0.9009088760241706,-1.179024470547907,1.0859065303314313,2.2993392898300504,-1.177851894974348,0.7255597840074949,0.853056793629862,0.15896425047687956,-0.45564143582820127,2.6146050665171567,0.9011736694466097,-1.0161329645585022,1
-1.143265377720465,0.9009088760241706,-1.179024470547907,-1.0610355164697842,-0.911310674287764,0.21058638994196582,-0.7878723597246746,-0.3041918912684436,-0.542616890056966,2.525808363920885,-0.997471732522988,-1.8767108589439645,-1.0161329645585022,1
-0.8043672005990544,-1.1099901739376037,-0.502969299721533,-0.24213760774858042,-0.911310674287764,0.9048055324001227,1.2239139700831607,-1.461440576166749,-1.029359786599586,1.4937680486231246,-0.7394662468772634,0.6829113136444932,-1.0161329645585022,1
-0.46546902347764374,0.9009088760241706,-0.502969299721533,-0.521583715952802,-0.06640278899360229,0.9048055324001227,1.6495816066168083,0.853056793629862,0.05490197604362957,3.328506386930255,-0.4814607612315388,0.782121475372728,-1.0161329645585022,1
-0.8043672005990544,-1.1099901739376037,-1.179024470547907,-0.31184515912543453,-0.911310674287764,-1.177851894974348,-0.7257958293968509,0.2744324511807092,1.3237903546168046,-0.6849837281165926,-0.4814607612315388,-1.4600281796853785,-1.0161329645585022,1
-0.9738162891597597,-1.1099901739376037,0.8491410419312149,-0.9064281471948858,-0.911310674287764,0.9048055324001227,-0.5674373336626071,1.4316811360790147,-1.1401357561575618,1.4937680486231246,-0.7394662468772634,0.305912699077201,-1.0161329645585022,1
-0.8043672005990544,-1.1099901739376037,-1.179024470547907,-0.8800548778701586,-0.911310674287764,0.9048055324001227,-1.042512820865339,0.853056793629862,-0.34120603631519225,-0.2262991435398101,-0.7394662468772634,0.22654456969461315,-1.0161329645585022,1
-0.634918112038349,-1.1099901739376037,1.5251962127575889,0.42021046934626305,-0.911310674287764,0.9048055324001227,3.1769492979735916,0.2744324511807092,2.0354420378377394,1.6084391947673204,-0.7394662468772634,0.40512286080543575,-1.0161329645585022,1
0.21232733076517762,-1.1099901739376037,-0.502969299721533,-0.6777387381581336,0.2715603651240624,0.9048055324001227,-0.9550989312200362,0.2744324511807092,-0.6265380791160384,-0.45564143582820127,-0.22345527558581418,-1.182239726846321,-1.0161329645585022,1
1.0595727735687044,-1.1099901739376037,-0.502969299721533,-0.6017300284216589,0.7785050963005594,0.9048055324001227,-1.0168587445563915,0.853056793629862,-0.31770810337865185,-0.6849837281165926,0.5505611813513597,0.5440170872249644,-1.0161329645585022,1
1.7373691278115257,0.9009088760241706,-0.502969299721533,-0.5162143078268095,1.4544314045358888,0.9048055324001227,0.5331542116903885,-1.461440576166749,-0.17672050575941017,1.4937680486231246,2.098594095225707,-0.3488743683291487,-1.0161329645585022,1
-0.46546902347764374,0.9009088760241706,-0.502969299721533,-0.6083628266949437,-0.06640278899360229,0.9048055324001227,-0.2507203421941191,0.2744324511807092,0.1253957748532507,0.5763988794695595,-0.22345527558581418,0.8813316371009629,-1.0161329645585022,1
-0.9738162891597597,-1.1099901739376037,-0.502969299721533,-0.41228467583517453,-0.5733475201700994,0.9048055324001227,1.6495816066168083,0.2744324511807092,1.3305040497415308,2.640479510065081,-0.4814607612315388,-1.3211339532658497,-1.0161329645585022,1
0.0428782422044723,-1.1099901739376037,-1.179024470547907,-0.21446936352287846,-0.5733475201700994,0.9048055324001227,-0.7257958293968509,0.2744324511807092,1.7131846718509007,-0.6849837281165926,0.5505611813513597,0.3455967637684949,-1.0161329645585022,1
-0.46546902347764374,-1.1099901739376037,0.8491410419312149,-0.13354922458880492,-0.7423290972289317,0.9048055324001227,-0.7257958293968509,-0.8828162337175963,1.5486991412951188,-0.7996548742607882,-0.7394662468772634,-1.0036614357354983,-1.0161329645585022,1
-0.12657084635623306,0.9009088760241706,-0.502969299721533,-0.41512730366658224,-0.7423290972289317,0.9048055324001227,1.357251823491394,-0.8828162337175963,1.182802756997563,2.2964660716324943,-0.22345527558581418,0.08765034327508442,-1.0161329645585022,1
-0.12657084635623306,-1.1099901739376037,1.5251962127575889,0.2888494787815434,-0.06640278899360229,0.9048055324001227,3.0991952765680777,-1.461440576166749,0.2965950005337584,1.8377814870557112,0.03455021005991044,-0.09092794783573821,-1.0161329645585022,1
-0.46546902347764374,0.9009088760241706,1.5251962127575889,1.368858546194389,-0.5733475201700994,-1.177851894974348,1.6495816066168083,-1.461440576166749,1.6561182632907314,-0.2262991435398101,-0.4814607612315388,0.5241750548793175,-1.0161329645585022,1
-0.8043672005990544,-1.1099901739376037,-0.502969299721533,-0.5653285998027988,-0.7423290972289317,0.9048055324001227,0.8577891279455886,1.4316811360790147,1.1861596045599256,2.2964660716324943,-0.4814607612315388,-1.12271362980938,-1.0161329645585022,1
0.0428782422044723,0.9009088760241706,1.5251962127575889,0.30622109330681285,0.4405419421828948,0.9048055324001227,1.1349164954805155,1.4316811360790147,3.018998373610068,0.3470565871811683,0.5505611813513597,1.8535912220376638,-1.0161329645585022,1
-0.634918112038349,-1.1099901739376037,-0.502969299721533,-0.959948512309557,-0.5733475201700994,0.9048055324001227,-0.4090788379283631,-0.8828162337175963,-0.4049861400000871,2.640479510065081,0.03455021005991044,-0.190138109563973,-1.0161329645585022,1
-0.46546902347764374,0.9009088760241706,0.8491410419312149,-0.393681255916295,-0.7423290972289317,0.9048055324001227,0.7786098800784667,0.853056793629862,0.2697402200348552,1.379096902478929,-0.7394662468772634,-0.24966420660091387,-1.0161329645585022,1
-0.634918112038349,-1.1099901739376037,0.8491410419312149,-0.18462177129309723,-0.7423290972289317,-1.177851894974348,-0.5674373336626071,0.2744324511807092,0.02804719554472637,-0.570312581972397,-0.4814607612315388,-1.0036614357354983,-1.0161329645585022,1
-0.634918112038349,-1.1099901739376037,-1.179024470547907,-0.21168990519883535,-0.7423290972289317,0.9048055324001227,1.6495816066168083,-0.3041918912684436,1.9716619341528436,1.8377814870557112,-0.4814607612315388,-0.26950623894656084,-1.0161329645585022,1
-0.12657084635623306,-1.1099901739376037,-0.502969299721533,0.23892977558665532,-0.23538436605243465,0.9048055324001227,4.024959042630468,-1.461440576166749,2.270421367203142,2.640479510065081,0.29255569570563505,-0.8647672093159696,-1.0161329645585022,1
1.2290218621294098,0.9009088760241706,-1.179024470547907,1.0840904069946984,1.4544314045358888,-1.177851894974348,2.4413740852880284,-0.3041918912684436,2.0387988854001016,0.3470565871811683,0.8085666669970842,0.16701847265767225,-1.0161329645585022,1
0.0428782422044723,-1.1099901739376037,0.8491410419312149,-0.32503179378779823,-0.23538436605243465,0.9048055324001227,0.8577891279455886,0.2744324511807092,0.6423502994571366,1.2644257563347332,0.5505611813513597,0.4249648931510827,-1.0161329645585022,1
-0.2960199349169384,-1.1099901739376037,0.8491410419312149,-0.4483386721635293,-0.5733475201700994,0.9048055324001227,-0.7485994527825821,-0.8828162337175963,0.7934084397634668,-0.570312581972397,-0.7394662468772634,0.26622863438590705,-1.0161329645585022,1
0.38177641932588297,-1.1099901739376037,1.5251962127575889,-0.5653285998027988,0.2715603651240624,0.9048055324001227,0.6994306322113446,0.2744324511807092,-1.2979075915886182,2.0671237793441026,0.03455021005991044,-0.6068207888225592,-1.0161329645585022,1
0.5512255078865883,-1.1099901739376037,0.8491410419312149,-0.0738856248829248,0.10257878806523006,0.9048055324001227,-0.5987923158179873,0.2744324511807092,1.0418151593783211,-0.6849837281165926,1.066572152642809,-1.6981325678331418,-1.0161329645585022,1
-0.634918112038349,-1.1099901739376037,1.5251962127575889,0.16658489727732845,-0.404365943111267,0.9048055324001227,2.2830155895537843,-1.461440576166749,-0.0860856215756121,1.4937680486231246,-0.7394662468772634,-1.4203441149940845,-1.0161329645585022,1
0.38177641932588297,0.9009088760241706,-0.502969299721533,-0.48973049186419415,0.6095235192417271,0.9048055324001227,0.579553250940522,0.853056793629862,0.7162009458291205,1.4937680486231246,0.03455021005991044,0.7027533459901402,-1.0161329645585022,1
-0.46546902347764374,0.9009088760241706,-0.502969299721533,-0.7028644097124097,-0.911310674287764,0.9048055324001227,-0.9003068916959879,0.853056793629862,1.377499915614611,-0.34097028968400567,0.03455021005991044,-0.11076998018138517,-1.0161329645585022,1
0.890123685007999,0.9009088760241706,0.8491410419312149,-0.6142060061261706,0.9474866733593919,0.9048055324001227,-0.09236184645987515,0.853056793629862,-0.9286543597286993,0.9204123179021463,0.8085666669970842,0.10749237562073138,-1.0161329645585022,1
-0.634918112038349,-1.1099901739376037,-0.502969299721533,-0.6747855636888377,-0.7423290972289317,0.9048055324001227,0.7014892926558898,-1.461440576166749,-1.1502062988446506,2.7551506562092767,-0.22345527558581418,-0.38855843302044263,-1.0161329645585022,1
-0.9738162891597597,0.9009088760241706,0.8491410419312149,-0.7442246446593922,-0.404365943111267,0.9048055324001227,0.06599664927436881,0.853056793629862,1.4782053424854982,1.952452633199907,-0.997471732522988,-2.134657279437375,-1.0161329645585022,1
-0.2960199349169384,-1.1099901739376037,0.8491410419312149,-1.040900235997313,-0.404365943111267,0.9048055324001227,-0.9807530075289838,-0.8828162337175963,0.051545128481266744,1.1497546101905376,-0.7394662468772634,0.12733440796637835,-1.0161329645585022,1
-0.2960199349169384,-1.1099901739376037,0.8491410419312149,-0.45217621973592975,-0.911310674287764,-1.177851894974348,-1.0116329141971614,-1.461440576166749,1.4882758851725866,-0.9143260204049839,-0.7394662468772634,0.46464895784237664,-1.0161329645585022,1
-0.9738162891597597,-1.1099901739376037,-0.502969299721533,-0.5538001647087563,-0.7423290972289317,0.9048055324001227,1.4356392788798449,0.853056793629862,-1.0662851097855781,3.213835240786059,-0.7394662468772634,-1.8767108589439645,-1.0161329645585022,1
-0.2960199349169384,-1.1099901739376037,-1.179024470547907,-0.6385578512152302,-0.5733475201700994,0.9048055324001227,0.8577891279455886,-1.461440576166749,-0.09279931670033775,2.7551506562092767,0.29255569570563505,0.26622863438590705,-1.0161329645585022,1
-0.46546902347764374,-1.1099901739376037,-0.502969299721533,0.08042168923199176,-0.5733475201700994,0.9048055324001227,1.6495816066168083,-1.461440576166749,1.1693753667481117,1.1497546101905376,-0.4814607612315388,-1.4203441149940845,-1.0161329645585022,1
0.0428782422044723,0.9009088760241706,-0.502969299721533,-0.40634674214290056,-0.23538436605243465,0.9048055324001227,1.2503598388707793,-1.461440576166749,0.03811773823181484,2.0671237793441026,1.066572152642809,0.08765034327508442,-1.0161329645585022,1
0.38177641932588297,0.9009088760241706,-1.179024470547907,-0.6700478506364915,0.4405419421828948,0.9048055324001227,1.670801645045197,1.4316811360790147,1.0753836350019508,4.589888994516407,-0.22345527558581418,-0.38855843302044263,-1.0161329645585022,1
-0.634918112038349,0.9009088760241706,-0.502969299721533,-0.3223155049711197,-0.911310674287764,-1.177851894974348,-0.23029209624440164,-0.8828162337175963,-0.15657942038523323,0.003043148748581378,-0.7394662468772634,0.821805540064022,-1.0161329645585022,1
-0.634918112038349,0.9009088760241706,-1.179024470547907,0.1226820896589201,-0.06640278899360229,-1.177851894974348,1.3194041430109098,-1.461440576166749,1.6091223974176514,0.6910700256137552,-0.4814607612315388,-2.03544711770914,-1.0161329645585022,1
0.5512255078865883,-1.1099901739376037,-0.502969299721533,0.19509013747561157,0.4405419421828948,0.9048055324001227,1.6495816066168083,-0.3041918912684436,0.954537122756886,0.9204123179021463,0.5505611813513597,-0.13061201252703214,-1.0161329645585022,1
0.890123685007999,0.9009088760241706,1.5251962127575889,0.5675059681437072,1.1164682504182242,0.9048055324001227,-0.8396555878297725,-1.461440576166749,1.9918030195270218,-1.143668312693375,0.8085666669970842,0.0479662785837905,-1.0161329645585022,1
-0.46546902347764374,-1.1099901739376037,-1.179024470547907,-0.8144217597183221,-0.7423290972289317,0.9048055324001227,-1.025726820317509,0.853056793629862,2.4684753733825526,-0.34097028968400567,0.29255569570563505,0.4249648931510827,-1.0161329645585022,1
-0.2960199349169384,-1.1099901739376037,-0.502969299721533,-0.28019723593576173,-0.06640278899360229,0.9048055324001227,0.06599664927436881,0.853056793629862,0.11532523216616163,0.23238544103697253,-0.4814607612315388,1.4964346398160184,-1.0161329645585022,1
-0.12657084635623306,0.9009088760241706,1.5251962127575889,0.05306929254311289,-0.7423290972289317,0.9048055324001227,1.7563152327416889,-1.461440576166749,0.38051618959283084,1.2644257563347332,0.29255569570563505,1.5162766721616654,-1.0161329645585022,1
-0.8043672005990544,0.9009088760241706,-0.502969299721533,0.31894974904078305,-0.7423290972289317,0.9048055324001227,0.724926350024558,0.853056793629862,2.223425501330061,0.003043148748581378,-0.4814607612315388,0.18686050500331922,-1.0161329645585022,1
0.7206745964472937,-1.1099901739376037,-1.179024470547907,0.3439174968266477,0.7785050963005594,0.9048055324001227,0.8577891279455886,-1.461440576166749,1.5151306656714898,0.1177142948927768,0.5505611813513597,0.4448069254967297,-1.0161329645585022,1
2.2457163934936415,0.9009088760241706,0.8491410419312149,-0.10747601042405953,1.7923945586535535,0.9048055324001227,0.06599664927436881,0.2744324511807092,1.1458774338115711,0.003043148748581378,2.6146050665171567,-0.13061201252703214,-1.0161329645585022,1
0.7206745964472937,0.9009088760241706,1.5251962127575889,1.7455067338559138,0.6095235192417271,-1.177851894974348,0.12522272667897605,-1.461440576166749,1.511773818109127,-1.0289971665491795,0.5505611813513597,-2.3132355705481977,-1.0161329645585022,1
-0.634918112038349,-1.1099901739376037,-0.502969299721533,-0.6576192500625032,-0.911310674287764,0.9048055324001227,0.25666027813839853,0.2744324511807092,-1.4825342075185775,1.7231103409115156,-0.4814607612315388,0.7027533459901402,-1.0161329645585022,1
-0.2960199349169384,0.9009088760241706,-0.502969299721533,-0.22702430311159597,-0.06640278899360229,0.9048055324001227,0.5727438356239495,-0.3041918912684436,1.3103629643673533,0.6910700256137552,-0.997471732522988,-1.0433455004267922,-1.0161329645585022,1
-0.634918112038349,-1.1099901739376037,-0.502969299721533,-0.045269838046753594,-0.911310674287764,0.9048055324001227,1.6495816066168083,0.2744324511807092,0.5114332445249834,1.379096902478929,-0.4814607612315388,0.38528082845978884,-1.0161329645585022,1
0.21232733076517762,-1.1099901739376037,-1.179024470547907,-0.1297748465237691,0.10257878806523006,0.9048055324001227,0.8577891279455886,-1.461440576166749,-0.022305517890717212,0.8057411717579506,0.5505611813513597,1.0599099282117854,-1.0161329645585022,1
-0.634918112038349,-1.1099901739376037,-0.502969299721533,-0.8964315726544353,-0.911310674287764,0.9048055324001227,-0.804975077263973,-0.8828162337175963,-0.572828518118232,0.5763988794695595,-0.7394662468772634,0.6829113136444932,-1.0161329645585022,1
-0.46546902347764374,0.9009088760241706,0.8491410419312149,-0.06148860906261884,-0.23538436605243465,0.9048055324001227,1.6495816066168083,1.4316811360790147,0.6389934518947737,1.379096902478929,-0.7394662468772634,-2.610866055732902,-1.0161329645585022,1
-0.8043672005990544,0.9009088760241706,-1.179024470547907,-0.05842488795543495,-0.404365943111267,0.9048055324001227,1.0161476236798326,0.2744324511807092,1.2767944887437244,0.8057411717579506,-0.4814607612315388,0.5638591195706114,-1.0161329645585022,1
-0.2960199349169384,-1.1099901739376037,-0.502969299721533,-0.776788525705852,-0.06640278899360229,0.9048055324001227,-0.5573023899356154,0.2744324511807092,1.716541519413264,0.6910700256137552,-0.7394662468772634,0.4249648931510827,-1.0161329645585022,1
-0.12657084635623306,-1.1099901739376037,-0.502969299721533,-0.1736934465190186,-0.23538436605243465,0.9048055324001227,-0.34763574158347643,-0.8828162337175963,-0.24050060944430565,-0.34097028968400567,-0.22345527558581418,-0.17029607721832604,-1.0161329645585022,1
-0.8043672005990544,-1.1099901739376037,-1.179024470547907,-0.6216758003720365,-0.7423290972289317,0.9048055324001227,-0.980277932041781,-0.3041918912684436,-0.9085132743545218,-0.6849837281165926,-0.7394662468772634,0.6829113136444932,-1.0161329645585022,1
-0.9738162891597597,-1.1099901739376037,0.8491410419312149,-0.9077862916032251,-0.911310674287764,0.9048055324001227,-1.2800505644667048,-0.3041918912684436,0.3872298847175565,-0.7996548742607882,-0.4814607612315388,0.7622794430270811,-1.0161329645585022,1
2.0762673049329363,0.9009088760241706,1.5251962127575889,0.12568264125873937,1.9613761357123858,0.9048055324001227,2.4413740852880284,0.2744324511807092,2.4046952696976582,1.6084391947673204,1.8405886095799828,-1.7576586648700827,-1.0161329645585022,1
1.0595727735687044,-1.1099901739376037,-1.179024470547907,-0.061046422511066525,1.1164682504182242,0.9048055324001227,1.6495816066168083,1.4316811360790147,0.3704456469057418,1.379096902478929,0.8085666669970842,0.5043330225336705,-1.0161329645585022,1
-0.8043672005990544,-1.1099901739376037,-1.179024470547907,-0.9042645915676477,-0.911310674287764,0.9048055324001227,-1.002923196931778,1.4316811360790147,0.2193875065994116,0.003043148748581378,-0.4814607612315388,-0.051243883144444294,-1.0161329645585022,1
-0.634918112038349,0.9009088760241706,0.8491410419312149,0.3285041370296813,-0.7423290972289317,0.9048055324001227,1.6495816066168083,-0.8828162337175963,0.2965950005337584,0.6910700256137552,-0.22345527558581418,-1.4997122443766724,-1.0161329645585022,1
0.0428782422044723,0.9009088760241706,0.8491410419312149,-0.22782971433049481,-0.404365943111267,0.9048055324001227,0.06599664927436881,-1.461440576166749,1.756823690161618,0.1177142948927768,0.5505611813513597,0.6035431842619053,-1.0161329645585022,1
-0.2960199349169384,-1.1099901739376037,0.8491410419312149,-0.40694685246286444,-0.911310674287764,0.9048055324001227,1.6495816066168083,0.2744324511807092,1.904524982905586,2.640479510065081,-0.997471732522988,-0.13061201252703214,-1.0161329645585022,1
-0.634918112038349,-1.1099901739376037,-1.179024470547907,-0.5015905668719008,-0.23538436605243465,0.9048055324001227,-1.002923196931778,0.2744324511807092,-0.572828518118232,-0.7996548742607882,-0.7394662468772634,-1.7775006972157297,-1.0161329645585022,1
-0.8043672005990544,-1.1099901739376037,0.8491410419312149,-0.058077455664929556,-0.911310674287764,0.9048055324001227,2.4358315379373296,0.2744324511807092,1.0720267874395872,2.1817949254882985,-0.7394662468772634,-0.8449251769703227,-1.0161329645585022,1
0.38177641932588297,0.9009088760241706,-1.179024470547907,0.7428013510805176,0.7785050963005594,-1.177851894974348,2.3118368357774166,0.2744324511807092,1.4345663241747801,0.5763988794695595,-0.22345527558581418,-2.273551505856904,-1.0161329645585022,1
0.38177641932588297,0.9009088760241706,-1.179024470547907,-0.6077627163749798,-0.23538436605243465,0.9048055324001227,0.6994306322113446,-1.461440576166749,2.7873758918070277,2.2964660716324943,1.582583123934258,0.16701847265767225,-1.0161329645585022,1
1.398470950690115,0.9009088760241706,-0.502969299721533,-0.6739169829625743,1.4544314045358888,0.9048055324001227,0.06599664927436881,0.2744324511807092,-1.0058618536630461,1.4937680486231246,1.8405886095799828,-1.4600281796853785,-1.0161329645585022,1
0.0428782422044723,-1.1099901739376037,1.5251962127575889,-0.635351998716476,-0.5733475201700994,0.9048055324001227,-0.15966420714692883,-1.461440576166749,2.092508446397908,0.9204123179021463,0.29255569570563505,0.22654456969461315,-1.0161329645585022,1
-0.634918112038349,-1.1099901739376037,-0.502969299721533,-0.1289220581743468,-0.404365943111267,0.9048055324001227,1.0161476236798326,0.2744324511807092,1.8071764035970623,0.9204123179021463,-0.7394662468772634,-1.4203441149940845,-1.0161329645585022,1
0.0428782422044723,-1.1099901739376037,-1.179024470547907,-0.21991773353307661,0.2715603651240624,-1.177851894974348,0.38271364074285674,0.853056793629862,1.6561182632907314,0.4617277333253637,0.8085666669970842,-0.38855843302044263,-1.0161329645585022,1
-0.8043672005990544,-1.1099901739376037,1.5251962127575889,-0.10823404451243493,-0.5733475201700994,0.9048055324001227,2.513268842351375,0.853056793629862,-0.002164432516539662,2.411137217776689,-0.7394662468772634,-1.0830295651180861,-1.0161329645585022,1
-0.9738162891597597,0.9009088760241706,-1.179024470547907,-0.9746196303949892,-0.911310674287764,0.9048055324001227,-0.5392495214219116,-0.8828162337175963,0.7866947446387411,2.2964660716324943,-0.7394662468772634,0.46464895784237664,-1.0161329645585022,1
1.398470950690115,0.9009088760241706,0.8491410419312149,3.7203434578422323,0.2715603651240624,-1.177851894974348,2.130199641170239,0.2744324511807092,-0.11965409719924096,-0.7996548742607882,2.6146050665171567,1.1392780575943733,-1.0161329645585022,1
-0.9738162891597597,0.9009088760241706,0.8491410419312149,-0.6016036894069297,-0.7423290972289317,0.9048055324001227,-0.3298995900612411,-1.461440576166749,1.0250309215665072,0.4617277333253637,-0.7394662468772634,-3.047390767337135,-1.0161329645585022,1
-0.2960199349169384,0.9009088760241706,-0.502969299721533,-0.6805813659895412,-0.23538436605243465,0.9048055324001227,0.16497070910827127,1.4316811360790147,-0.6298949266784012,1.7231103409115156,-0.4814607612315388,0.0479662785837905,-1.0161329645585022,1
0.5512255078865883,0.9009088760241706,1.5251962127575889,-0.2213390474487805,0.4405419421828948,0.9048055324001227,-0.8133680775378879,-0.8828162337175963,0.8236200678247334,-0.7996548742607882,0.5505611813513597,1.258330251668255,-1.0161329645585022,1
0.7206745964472937,0.9009088760241706,0.8491410419312149,-0.8798495769712236,-0.23538436605243465,0.9048055324001227,-0.18785201938762427,-1.461440576166749,-0.8682311036061672,2.411137217776689,0.5505611813513597,-1.6386064707962011,-1.0161329645585022,1
2.2457163934936415,0.9009088760241706,-1.179024470547907,0.6565907659046574,1.7923945586535535,-1.177851894974348,2.4413740852880284,-1.461440576166749,1.3103629643673533,0.8057411717579506,2.6146050665171567,0.9408577341379036,-1.0161329645585022,1
1.398470950690115,-1.1099901739376037,0.8491410419312149,-0.5255318101630905,0.9474866733593919,-1.177851894974348,-1.071175708593237,0.853056793629862,1.9750187817152072,-0.9143260204049839,1.3245776382885335,0.028124246238143545,-1.0161329645585022,1
0.7206745964472937,0.9009088760241706,0.8491410419312149,-0.511239709121846,0.6095235192417271,0.9048055324001227,-1.06531644425107,-0.3041918912684436,0.8101926775752815,-0.9143260204049839,0.29255569570563505,-0.6266628211682062,-1.0161329645585022,1
-0.634918112038349,0.9009088760241706,1.5251962127575889,-0.10640212879886106,-0.404365943111267,0.9048055324001227,2.4413740852880284,0.853056793629862,0.001192415045823164,2.2964660716324943,-0.7394662468772634,-0.2893482712922078,-1.0161329645585022,1
1.2290218621294098,0.9009088760241706,-1.179024470547907,-0.4469489430015077,1.1164682504182242,0.9048055324001227,0.972282320361447,1.4316811360790147,-0.04916029838962042,1.8377814870557112,1.8405886095799828,0.028124246238143545,-1.0161329645585022,1
-0.46546902347764374,0.9009088760241706,1.5251962127575889,-0.5590432338200194,-0.23538436605243465,0.9048055324001227,0.06599664927436881,-0.8828162337175963,0.0045492626081859895,0.9204123179021463,-0.997471732522988,0.028124246238143545,-1.0161329645585022,1
-0.46546902347764374,-1.1099901739376037,0.8491410419312149,0.4037232279240982,-0.7423290972289317,-1.177851894974348,0.8577891279455886,-1.461440576166749,-0.7943804572341833,0.003043148748581378,-0.4814607612315388,0.22654456969461315,-1.0161329645585022,1
-0.2960199349169384,0.9009088760241706,0.8491410419312149,-0.2266294936905671,-0.06640278899360229,-1.177851894974348,-0.17154109432699713,-1.461440576166749,0.9008275617590796,-0.11162799739561437,-0.7394662468772634,-0.6465048535138531,-1.0161329645585022,1
-0.9738162891597597,-1.1099901739376037,0.8491410419312149,-1.1140821102792209,-0.911310674287764,0.9048055324001227,-1.1240674461684745,0.2744324511807092,0.6490639945818623,1.4937680486231246,-0.4814607612315388,-0.03140185079879733,-1.0161329645585022,1
-0.9738162891597597,0.9009088760241706,-1.179024470547907,-0.6081891105496909,-0.911310674287764,0.9048055324001227,0.8577891279455886,1.4316811360790147,0.5114332445249834,2.525808363920885,-0.997471732522988,0.9805417988291976,-1.0161329645585022,1
-0.8043672005990544,0.9009088760241706,1.5251962127575889,-0.8084206565186836,-0.911310674287764,0.9048055324001227,-0.3025035702992169,-0.3041918912684436,0.23281489684886292,1.4937680486231246,-0.4814607612315388,-0.36871640067479566,-1.0161329645585022,1
0.5512255078865883,-1.1099901739376037,-0.502969299721533,-0.21975980976466508,0.9474866733593919,0.9048055324001227,0.38271364074285674,-1.461440576166749,1.347288287553345,0.4617277333253637,0.5505611813513597,-0.40840046536608954,-1.0161329645585022,1
-0.46546902347764374,0.9009088760241706,0.8491410419312149,-0.9693291841532026,0.10257878806523006,0.9048055324001227,-0.7809045859123679,-1.461440576166749,-0.5392600424946031,1.2644257563347332,-0.4814607612315388,0.06780831092943747,-1.0161329645585022,1
0.21232733076517762,-1.1099901739376037,1.5251962127575889,0.060823349572119545,0.10257878806523006,-1.177851894974348,0.7258765009989634,-0.3041918912684436,-0.22035952407012813,0.3470565871811683,0.5505611813513597,0.7622794430270811,-1.0161329645585022,1
-0.46546902347764374,0.9009088760241706,-0.502969299721533,-0.12364740430940131,0.10257878806523006,0.9048055324001227,1.868116330730065,0.2744324511807092,1.9380934585292153,1.8377814870557112,-0.7394662468772634,0.5440170872249644,-1.0161329645585022,1
-0.46546902347764374,-1.1099901739376037,-0.502969299721533,-0.1803420371691445,-0.06640278899360229,0.9048055324001227,-0.9150342317992726,-1.461440576166749,1.3707862204898853,-0.9143260204049839,-0.7394662468772634,-1.2814498885745558,-1.0161329645585022,1
-0.9738162891597597,0.9009088760241706,1.5251962127575889,-0.12847987162279448,-0.911310674287764,0.9048055324001227,0.38271364074285674,0.2744324511807092,0.001192415045823164,0.3470565871811683,-0.4814607612315388,0.6630692812988462,-1.0161329645585022,1
0.5512255078865883,-1.1099901739376037,-1.179024470547907,-0.5855586345363172,0.2715603651240624,0.9048055324001227,0.8577891279455886,1.4316811360790147,0.3872298847175565,2.411137217776689,1.066572152642809,0.4249648931510827,-1.0161329645585022,1
-0.8043672005990544,0.9009088760241706,-1.179024470547907,0.2042970931740044,-0.911310674287764,-1.177851894974348,-0.3417764772413094,-1.461440576166749,1.1995869948093776,-0.6849837281165926,-0.4814607612315388,-1.6981325678331418,-1.0161329645585022,1
-0.8043672005990544,-1.1099901739376037,-1.179024470547907,-0.8810340052343101,-0.911310674287764,0.9048055324001227,-0.5674373336626071,-0.3041918912684436,-0.6265380791160384,1.2644257563347332,-0.7394662468772634,-0.17029607721832604,-1.0161329645585022,1
0.7206745964472937,0.9009088760241706,-0.502969299721533,-0.3183674107608312,0.10257878806523006,0.9048055324001227,-0.9612749125536718,1.4316811360790147,0.021333500420000717,-0.9143260204049839,0.29255569570563505,-0.22982217425526694,-1.0161329645585022,1
0.38177641932588297,0.9009088760241706,-1.179024470547907,-0.494120772626035,0.2715603651240624,0.9048055324001227,1.121614381838839,0.2744324511807092,0.6322797567700481,2.2964660716324943,0.29255569570563505,0.08765034327508442,-1.0161329645585022,1
-0.12657084635623306,0.9009088760241706,-1.179024470547907,-0.5083497041599149,-0.5733475201700994,0.9048055324001227,-0.7257958293968509,-1.461440576166749,0.8941138666343539,-0.45564143582820127,-0.4814607612315388,-0.9044512740072636,-1.0161329645585022,1
-0.46546902347764374,0.9009088760241706,0.8491410419312149,-0.6384157198236599,-0.23538436605243465,-1.177851894974348,-1.121692068732461,-0.3041918912684436,1.8273174889712391,-0.9143260204049839,-0.7394662468772634,0.10749237562073138,-1.0161329645585022,1
-0.634918112038349,0.9009088760241706,-0.502969299721533,-1.05618725677955,-0.7423290972289317,0.9048055324001227,-1.359229812333827,0.853056793629862,0.9780350556934264,-0.6849837281165926,0.03455021005991044,-0.20998014190961997,-1.0161329645585022,1
-0.2960199349169384,-1.1099901739376037,-0.502969299721533,-0.9040434982918716,-0.7423290972289317,0.9048055324001227,-0.1526964333346221,-1.461440576166749,0.860545391010725,2.7551506562092767,-0.7394662468772634,-0.2893482712922078,-1.0161329645585022,1
-0.634918112038349,-1.1099901739376037,-0.502969299721533,-0.46792121944656034,-0.911310674287764,0.9048055324001227,-0.8841543251310949,0.853056793629862,0.16232109803924238,-0.6849837281165926,-0.4814607612315388,0.6630692812988462,-1.0161329645585022,1
-0.46546902347764374,0.9009088760241706,-1.179024470547907,-0.48829338557164914,-0.911310674287764,0.9048055324001227,0.5874711757272342,0.853056793629862,1.4244957814876917,1.4937680486231246,-0.4814607612315388,0.8614896047553159,-1.0161329645585022,1
-0.634918112038349,0.9009088760241706,0.8491410419312149,-0.8344464935529056,-0.7423290972289317,0.9048055324001227,-0.2507203421941191,0.2744324511807092,0.6792756226431284,1.8377814870557112,-0.7394662468772634,-0.44808453005738347,-1.0161329645585022,1
0.21232733076517762,-1.1099901739376037,0.8491410419312149,-0.634736096019671,0.2715603651240624,0.9048055324001227,-0.4958592935907288,0.2744324511807092,1.8474585743454173,0.23238544103697253,0.29255569570563505,-0.15045404487267908,-1.0161329645585022,1
-0.46546902347764374,0.9009088760241706,-0.502969299721533,0.3076266148456756,-0.404365943111267,-1.177851894974348,0.8577891279455886,0.2744324511807092,2.1160063793344484,0.1177142948927768,-0.7394662468772634,1.0202258635204915,-1.0161329645585022,1
-0.8043672005990544,-1.1099901739376037,-0.502969299721533,-0.6001507907375435,-0.911310674287764,0.9048055324001227,0.06599664927436881,-0.3041918912684436,0.03140404310708919,1.1497546101905376,-0.7394662468772634,0.06780831092943747,-1.0161329645585022,1
1.0595727735687044,-1.1099901739376037,-1.179024470547907,0.7007146667988419,0.6095235192417271,-1.177851894974348,2.4413740852880284,-1.461440576166749,0.3738024944681046,0.6910700256137552,1.582583123934258,0.08765034327508442,-1.0161329645585022,1
-0.8043672005990544,-1.1099901739376037,-1.179024470547907,-0.6538764567511497,-0.911310674287764,0.9048055324001227,0.06599664927436881,0.853056793629862,0.5919975860216931,1.379096902478929,-0.4814607612315388,0.20670253734896618,-1.0161329645585022,1
-0.8043672005990544,0.9009088760241706,-1.179024470547907,-0.7496414299159081,-0.7423290972289317,0.9048055324001227,-0.2507203421941191,0.2744324511807092,0.4107278176540969,1.2644257563347332,-0.4814607612315388,1.4567505751247247,-1.0161329645585022,1
0.38177641932588297,-1.1099901739376037,-0.502969299721533,-0.15903812081042762,0.4405419421828948,0.9048055324001227,-1.215281939711399,0.2744324511807092,0.8001221348881931,-1.2583394588375707,0.5505611813513597,-0.8052411122790287,-1.0161329645585022,1
0.0428782422044723,-1.1099901739376037,-1.179024470547907,-0.5086023821893733,-0.23538436605243465,0.9048055324001227,0.38271364074285674,0.2744324511807092,-0.8548037133567153,1.2644257563347332,-0.4814607612315388,-0.46792656240303043,-1.0161329645585022,1
0.0428782422044723,0.9009088760241706,1.5251962127575889,-0.4282349764447401,0.6095235192417271,0.9048055324001227,0.6052073272494695,-1.461440576166749,0.2965950005337584,1.2644257563347332,0.03455021005991044,0.2463866020402601,-1.0161329645585022,1
-0.634918112038349,0.9009088760241706,-1.179024470547907,-0.4573719117166694,-0.911310674287764,0.9048055324001227,0.8558888259967776,0.853056793629862,0.26302652491012896,1.7231103409115156,-0.22345527558581418,-0.8449251769703227,-1.0161329645585022,1
0.21232733076517762,0.9009088760241706,-0.502969299721533,-0.8815709460469093,-0.06640278899360229,0.9048055324001227,-0.23171732270600984,0.853056793629862,-0.9890776158512313,2.2964660716324943,0.8085666669970842,-1.658448503141848,-1.0161329645585022,1
-0.634918112038349,0.9009088760241706,0.8491410419312149,-0.6783072637244151,-0.911310674287764,0.9048055324001227,-1.121692068732461,-0.3041918912684436,0.739698878765661,-0.7996548742607882,-0.22345527558581418,0.008282213892496587,-1.0161329645585022,1
-0.12657084635623306,-1.1099901739376037,-1.179024470547907,0.7512344803136938,-0.23538436605243465,-1.177851894974348,3.8857619248800677,-0.8828162337175963,2.159645397645167,1.4937680486231246,-0.22345527558581418,-0.9044512740072636,-1.0161329645585022,1
-0.2960199349169384,0.9009088760241706,-0.502969299721533,0.23488692711531986,-0.404365943111267,0.9048055324001227,0.8231086173797891,-1.461440576166749,0.2898813054090322,0.23238544103697253,-0.4814607612315388,-0.5076106270943244,-1.0161329645585022,1
-0.8043672005990544,0.9009088760241706,0.8491410419312149,-0.597434501920865,-0.911310674287764,0.9048055324001227,1.3840144092704814,1.4316811360790147,-0.21028898138303903,3.4431775330744507,-0.7394662468772634,1.2186461869769611,-1.0161329645585022,1
0.21232733076517762,-1.1099901739376037,1.5251962127575889,-0.6478121840441465,0.4405419421828948,0.9048055324001227,0.06599664927436881,0.2744324511807092,-1.2072727074048197,1.379096902478929,0.29255569570563505,-0.686188918205147,-1.0161329645585022,1
-0.8043672005990544,0.9009088760241706,-0.502969299721533,0.17274392424537854,-0.911310674287764,0.9048055324001227,1.1737143269354053,-0.3041918912684436,1.6863298913519982,0.5763988794695595,-0.4814607612315388,-0.190138109563973,-1.0161329645585022,1
-1.143265377720465,0.9009088760241706,-1.179024470547907,-0.6402160507835515,-0.911310674287764,0.9048055324001227,0.8577891279455886,-1.461440576166749,0.3100223907832097,2.7551506562092767,-0.7394662468772634,0.4249648931510827,-1.0161329645585022,1
-0.46546902347764374,0.9009088760241706,-1.179024470547907,-0.76868703638634,-0.404365943111267,0.9048055324001227,-1.042512820865339,-1.461440576166749,-0.05587399351434607,-0.45564143582820127,-0.4814607612315388,-0.2893482712922078,-1.0161329645585022,1
0.5512255078865883,0.9009088760241706,-1.179024470547907,0.14062222975047114,0.10257878806523006,0.9048055324001227,1.6495816066168083,0.853056793629862,1.2063006899341033,1.035083464046342,-0.22345527558581418,0.38528082845978884,-1.0161329645585022,1
0.38177641932588297,-1.1099901739376037,0.8491410419312149,-0.31459303269579536,-0.5733475201700994,0.9048055324001227,1.617593190478491,-0.3041918912684436,0.4510099884024514,2.1817949254882985,1.066572152642809,0.286070666731554,-1.0161329645585022,1
0.21232733076517762,-1.1099901739376037,-0.502969299721533,-0.9614329957326255,-0.404365943111267,0.9048055324001227,-1.0868531996709272,-0.8828162337175963,-1.166990536656465,0.003043148748581378,-0.22345527558581418,0.10749237562073138,-1.0161329645585022,1
1.906818216372231,-1.1099901739376037,-1.179024470547907,0.6169992771638841,1.9613761357123858,-1.177851894974348,2.4413740852880284,-0.3041918912684436,2.4349068977589243,0.8057411717579506,2.356599580871432,-2.670392152769843,-1.0161329645585022,1
0.0428782422044723,0.9009088760241706,1.5251962127575889,-0.15753784501051799,0.10257878806523006,0.9048055324001227,-1.1680911079825944,0.2744324511807092,1.1458774338115711,-1.2583394588375707,-0.4814607612315388,1.6154868338899002,-1.0161329645585022,1
-0.46546902347764374,-1.1099901739376037,-1.179024470547907,-0.032857029849606485,-0.5733475201700994,-1.177851894974348,0.6994306322113446,-1.461440576166749,1.3036492692426276,0.4617277333253637,-0.7394662468772634,0.7027533459901402,-1.0161329645585022,1
-0.9738162891597597,0.9009088760241706,1.5251962127575889,-0.9959867162610706,-0.911310674287764,0.9048055324001227,-0.773778453604327,1.4316811360790147,0.5651428055227898,1.6084391947673204,-0.4814607612315388,-0.9242933063529105,-1.0161329645585022,1
-0.634918112038349,-1.1099901739376037,-0.502969299721533,-0.5063440723010882,-0.911310674287764,0.9048055324001227,-0.4090788379283631,0.853056793629862,-1.1099241280962957,0.1177142948927768,-0.4814607612315388,0.3654387961141419,-1.0161329645585022,1
0.38177641932588297,0.9009088760241706,0.8491410419312149,0.04454140904888969,0.6095235192417271,0.9048055324001227,2.3602945354720952,0.853056793629862,2.350985708699852,1.8377814870557112,0.5505611813513597,-0.03140185079879733,-1.0161329645585022,1
-0.8043672005990544,-1.1099901739376037,1.5251962127575889,-0.5977661418345293,-0.7423290972289317,0.9048055324001227,-1.2391940725672699,-1.461440576166749,0.27981076272194366,-1.143668312693375,-0.7394662468772634,-0.7853990799333818,-1.0161329645585022,1
-0.634918112038349,0.9009088760241706,-1.179024470547907,-1.1312484239055554,-0.7423290972289317,0.9048055324001227,-1.3326255850504738,1.4316811360790147,0.25966967734776614,0.003043148748581378,-0.7394662468772634,-0.6465048535138531,-1.0161329645585022,1
-0.2960199349169384,-1.1099901739376037,0.8491410419312149,-0.508065441376774,-0.5733475201700994,0.9048055324001227,-0.2507203421941191,-1.461440576166749,0.4409394457153629,0.3470565871811683,-0.4814607612315388,-0.17029607721832604,-1.0161329645585022,1
-0.12657084635623306,0.9009088760241706,1.5251962127575889,0.22912270956829864,-0.404365943111267,-1.177851894974348,2.2830155895537843,-0.3041918912684436,0.1488937077897905,1.2644257563347332,0.8085666669970842,-0.686188918205147,-1.0161329645585022,1
-0.46546902347764374,0.9009088760241706,1.5251962127575889,-0.6836450870967251,-0.911310674287764,0.9048055324001227,-0.6922238283011912,0.853056793629862,2.1092926842097226,0.003043148748581378,-0.4814607612315388,-0.9639773710442044,-1.0161329645585022,1
0.21232733076517762,0.9009088760241706,-0.502969299721533,0.8390400955505105,-0.23538436605243465,0.9048055324001227,0.62500213921625,-0.3041918912684436,1.904524982905586,-0.45564143582820127,0.03455021005991044,1.238488219322608,-1.0161329645585022,1
-0.46546902347764374,-1.1099901739376037,-1.179024470547907,-0.12690063393867906,-0.5733475201700994,0.9048055324001227,-0.9684010448617127,-0.8828162337175963,1.045172006940684,-1.0289971665491795,-0.997471732522988,-0.7457150152420878,-1.0161329645585022,1
0.7206745964472937,0.9009088760241706,-0.502969299721533,-0.5656918244701453,0.2715603651240624,0.9048055324001227,0.38271364074285674,1.4316811360790147,-1.2173432500919086,1.4937680486231246,0.5505611813513597,0.7622794430270811,-1.0161329645585022,1
0.0428782422044723,0.9009088760241706,-0.502969299721533,-0.9054648122075755,-0.23538436605243465,0.9048055324001227,-0.27922487142628305,1.4316811360790147,-0.4284840729366275,2.411137217776689,1.066572152642809,-0.6663468858595001,-1.0161329645585022,1
0.5512255078865883,-1.1099901739376037,0.8491410419312149,-1.0175906877797694,0.4405419421828948,0.9048055324001227,-0.5406747478835198,-1.461440576166749,-1.4825342075185775,2.984492948497668,0.5505611813513597,1.0797519605574324,-1.0161329645585022,1
1.0595727735687044,-1.1099901739376037,0.8491410419312149,-0.5087918907114671,0.7785050963005594,0.9048055324001227,2.2038363416866624,-0.8828162337175963,0.01797665285763789,4.016533263795428,1.8405886095799828,0.26622863438590705,-1.0161329645585022,1
-0.8043672005990544,-1.1099901739376037,-0.502969299721533,-0.8376365536748186,-0.911310674287764,0.9048055324001227,-0.6839891865230106,0.853056793629862,0.38051618959283084,0.6910700256137552,-0.7394662468772634,0.8614896047553159,-1.0161329645585022,1
-0.8043672005990544,0.9009088760241706,0.8491410419312149,-0.6791916368275197,-0.911310674287764,0.9048055324001227,0.06599664927436881,-0.3041918912684436,1.0082466837546924,1.4937680486231246,-0.7394662468772634,0.5440170872249644,-1.0161329645585022,1
-0.2960199349169384,-1.1099901739376037,0.8491410419312149,0.15616192856216676,-0.404365943111267,0.9048055324001227,2.2830155895537843,-1.461440576166749,-0.08272877401324927,1.4937680486231246,-0.7394662468772634,-0.9441353386985575,-1.0161329645585022,1
0.38177641932588297,-1.1099901739376037,-1.179024470547907,-0.5988084387060454,-0.7423290972289317,0.9048055324001227,0.38271364074285674,0.2744324511807092,0.011262957732911642,1.7231103409115156,1.066572152642809,0.028124246238143545,-1.0161329645585022,1
1.2290218621294098,0.9009088760241706,0.8491410419312149,2.1062519980383967,0.7785050963005594,-1.177851894974348,0.29308273215727465,-1.461440576166749,1.555412836419845,-1.0289971665491795,0.29255569570563505,-1.0235034680811452,-1.0161329645585022,1
-0.8043672005990544,-1.1099901739376037,-1.179024470547907,-0.22124429318773356,-0.911310674287764,0.9048055324001227,-0.5674373336626071,-1.461440576166749,1.5990518547305623,-0.570312581972397,-0.7394662468772634,-3.1862849937566637,-1.0161329645585022,1
-0.2960199349169384,0.9009088760241706,-1.179024470547907,-0.10872360819451071,-0.404365943111267,0.9048055324001227,2.2830155895537843,1.4316811360790147,-1.0427871768490378,2.1817949254882985,-0.7394662468772634,0.821805540064022,-1.0161329645585022,1
-0.46546902347764374,-1.1099901739376037,-1.179024470547907,-0.6342939094681187,-0.404365943111267,0.9048055324001227,0.7192254441781252,0.2744324511807092,-0.4251272253742647,2.525808363920885,0.03455021005991044,0.38528082845978884,-1.0161329645585022,1
-0.8043672005990544,0.9009088760241706,-1.179024470547907,-0.39191250971008573,-0.5733475201700994,0.9048055324001227,0.8577891279455886,-1.461440576166749,-0.16329311550995887,1.4937680486231246,-0.4814607612315388,0.26622863438590705,-1.0161329645585022,1
-0.8043672005990544,0.9009088760241706,0.8491410419312149,-0.526605691788289,-0.911310674287764,0.9048055324001227,-0.9397381571338146,0.2744324511807092,1.8978112877808604,-0.6849837281165926,-0.4814607612315388,-0.5869787564769122,-1.0161329645585022,1
-0.8043672005990544,0.9009088760241706,0.8491410419312149,-0.4150799265360588,-0.404365943111267,0.9048055324001227,0.38271364074285674,-1.461440576166749,1.0619562447524988,0.9204123179021463,-0.997471732522988,1.1194360252487263,-1.0161329645585022,1
-0.46546902347764374,-1.1099901739376037,0.8491410419312149,-0.4126479005025211,-0.23538436605243465,0.9048055324001227,0.06599664927436881,1.4316811360790147,1.5587696839822078,0.5763988794695595,-0.4814607612315388,-1.102871597463733,-1.0161329645585022,1
2.5846145706150523,0.9009088760241706,-1.179024470547907,-0.3884066020513495,2.2993392898300504,0.9048055324001227,1.0161476236798326,1.4316811360790147,-0.20021843869595057,1.7231103409115156,2.356599580871432,0.7424374106814341,-1.0161329645585022,1
-0.8043672005990544,0.9009088760241706,1.5251962127575889,-0.561254166577781,-0.23538436605243465,0.9048055324001227,-0.869268626532076,0.853056793629862,-0.17336365819704735,-0.570312581972397,-0.4814607612315388,0.12733440796637835,-1.0161329645585022,1
-0.46546902347764374,-1.1099901739376037,-0.502969299721533,0.19701680745023237,-0.23538436605243465,0.9048055324001227,1.3328646151483206,-0.8828162337175963,0.9008275617590796,0.5763988794695595,0.03455021005991044,-0.5869787564769122,-1.0161329645585022,1
-0.46546902347764374,0.9009088760241706,-1.179024470547907,-0.37634122614470783,0.10257878806523006,0.9048055324001227,-0.46339580196520874,-1.461440576166749,-0.1935047435712249,-0.2262991435398101,-0.7394662468772634,-0.5274526594399713,-1.0161329645585022,1
-0.634918112038349,0.9009088760241706,0.8491410419312149,-0.39098075947645766,-0.7423290972289317,0.9048055324001227,0.8577891279455886,-1.461440576166749,0.20596011634995973,1.4937680486231246,-0.7394662468772634,0.3455967637684949,-1.0161329645585022,1
-0.9738162891597597,0.9009088760241706,-1.179024470547907,-0.1247212859345998,-0.911310674287764,0.9048055324001227,-0.7257958293968509,-0.8828162337175963,0.5752133482098789,-0.7996548742607882,-0.7394662468772634,-0.6663468858595001,-1.0161329645585022,1
-0.46546902347764374,0.9009088760241706,0.8491410419312149,-0.5689292617225818,-0.911310674287764,0.9048055324001227,0.6645917631498109,-0.8828162337175963,0.4778647689013546,1.952452633199907,-0.4814607612315388,0.2463866020402601,-1.0161329645585022,1
-0.46546902347764374,0.9009088760241706,0.8491410419312149,-0.5119187813260156,-0.06640278899360229,0.9048055324001227,1.6495816066168083,0.2744324511807092,0.11532523216616163,3.213835240786059,-0.4814607612315388,0.5440170872249644,-1.0161329645585022,1
-0.634918112038349,-1.1099901739376037,-1.179024470547907,-0.6536553634753736,-0.5733475201700994,0.9048055324001227,-1.3025374708609676,-0.8828162337175963,1.575553921794022,-1.143668312693375,-0.7394662468772634,0.8813316371009629,-1.0161329645585022,1
-0.634918112038349,-1.1099901739376037,0.8491410419312149,-0.6775650220128808,-0.404365943111267,0.9048055324001227,0.06599664927436881,-0.3041918912684436,1.2197280801835553,1.4937680486231246,-0.4814607612315388,-1.9560789883265524,-1.0161329645585022,1
-0.8043672005990544,-1.1099901739376037,1.5251962127575889,-0.5677764182131776,-0.911310674287764,0.9048055324001227,-0.8841543251310949,0.2744324511807092,0.7598399641398379,-0.570312581972397,-0.4814607612315388,-0.32903233598350173,-1.0161329645585022,1
0.21232733076517762,-1.1099901739376037,0.8491410419312149,-0.9062070539191097,-0.23538436605243465,0.9048055324001227,-0.6657779595135725,0.2744324511807092,0.6725619275184026,1.1497546101905376,0.8085666669970842,0.12733440796637835,-1.0161329645585022,1
0.0428782422044723,0.9009088760241706,-1.179024470547907,0.10458402579895752,0.2715603651240624,0.9048055324001227,1.6495816066168083,-0.3041918912684436,1.0048898361923295,1.035083464046342,-0.4814607612315388,1.0797519605574324,-1.0161329645585022,1
-0.2960199349169384,-1.1099901739376037,-0.502969299721533,0.06286056618462843,-0.23538436605243465,0.9048055324001227,-0.5674373336626071,-1.461440576166749,1.4983464278596756,-0.7996548742607882,0.29255569570563505,-1.102871597463733,-1.0161329645585022,1
-0.634918112038349,-1.1099901739376037,0.8491410419312149,-0.6653101375841453,-0.23538436605243465,0.9048055324001227,0.06599664927436881,-1.461440576166749,0.4510099884024514,1.379096902478929,-0.4814607612315388,-1.9362369559809054,-1.0161329645585022,1
0.0428782422044723,0.9009088760241706,-0.502969299721533,-0.5234945935505816,0.2715603651240624,0.9048055324001227,0.9244580546497053,-0.8828162337175963,0.6591345372689513,2.1817949254882985,-0.22345527558581418,1.3972244780877838,-1.0161329645585022,1
-0.46546902347764374,-1.1099901739376037,-1.179024470547907,-0.5996612270554678,-0.404365943111267,0.9048055324001227,0.06599664927436881,-0.8828162337175963,0.5550722628357013,1.1497546101905376,-0.997471732522988,1.0995939929030794,-1.0161329645585022,1
-0.46546902347764374,0.9009088760241706,0.8491410419312149,0.3332576424588687,-0.06640278899360229,0.9048055324001227,1.6495816066168083,0.2744324511807092,0.3536614090939276,0.6910700256137552,0.03455021005991044,-1.8171847619070236,-1.0161329645585022,1
0.0428782422044723,0.9009088760241706,0.8491410419312149,0.4948926194280807,-0.06640278899360229,-1.177851894974348,1.6495816066168083,0.2744324511807092,1.3842136107393372,0.4617277333253637,0.03455021005991044,0.5440170872249644,-1.0161329645585022,1
3.0929618362971683,-1.1099901739376037,-0.502969299721533,-0.204993937418186,2.8062840210065474,0.9048055324001227,1.6495816066168083,-0.3041918912684436,-0.7238866584245627,1.8377814870557112,3.646627009100055,1.337698381050843,-1.0161329645585022,1
-0.12657084635623306,0.9009088760241706,1.5251962127575889,0.36432124770541874,0.10257878806523006,-1.177851894974348,-1.0733927275335164,-1.461440576166749,-0.46205254856025635,-1.2583394588375707,-0.4814607612315388,1.6750129309268411,-1.0161329645585022,1
0.38177641932588297,-1.1099901739376037,-0.502969299721533,-0.22632943853058518,0.2715603651240624,0.9048055324001227,1.6495816066168083,0.853056793629862,1.4849190376102237,1.8377814870557112,0.8085666669970842,-2.789444346843725,-1.0161329645585022,1
1.2290218621294098,0.9009088760241706,-0.502969299721533,-0.8732957405821445,0.9474866733593919,0.9048055324001227,-0.17154109432699713,0.853056793629862,1.3204335070544417,2.411137217776689,1.066572152642809,1.5162766721616654,-1.0161329645585022,1
-0.2960199349169384,-1.1099901739376037,-0.502969299721533,-0.6752909197477547,-0.23538436605243465,0.9048055324001227,-1.042512820865339,-1.461440576166749,0.8840433239472655,-0.6849837281165926,-0.4814607612315388,1.1392780575943733,-1.0161329645585022,1
-0.9738162891597597,0.9009088760241706,-1.179024470547907,0.13548970727709606,-0.911310674287764,0.9048055324001227,0.050319158196678655,0.853056793629862,1.6594751108530943,-0.34097028968400567,-0.7394662468772634,-0.051243883144444294,-1.0161329645585022,1
1.5679200392508204,0.9009088760241706,1.5251962127575889,-0.40843133588593294,1.2854498274770565,0.9048055324001227,-1.245686770892374,0.2744324511807092,-0.17336365819704735,-1.2583394588375707,2.872610552162881,2.1115376425310743,-1.0161329645585022,1
0.7206745964472937,-1.1099901739376037,1.5251962127575889,-0.9819946703798081,0.7785050963005594,0.9048055324001227,-0.758892755005308,-0.8828162337175963,-1.2207000976542715,1.4937680486231246,0.5505611813513597,1.5956448015442533,-1.0161329645585022,1
-0.634918112038349,0.9009088760241706,0.8491410419312149,0.414161989016101,-0.911310674287764,-1.177851894974348,1.3391989549776901,-0.8828162337175963,-1.1065672805339328,0.3470565871811683,-0.7394662468772634,-0.46792656240303043,-1.0161329645585022,1
-0.2960199349169384,-1.1099901739376037,-0.502969299721533,-0.8624305853154306,-0.404365943111267,0.9048055324001227,-1.002923196931778,0.853056793629862,0.427512055465911,-0.11162799739561437,-0.4814607612315388,-1.5989224061049072,-1.0161329645585022,1
3.431860013418579,0.9009088760241706,0.8491410419312149,-0.12699538819972597,2.9752655980653797,0.9048055324001227,1.6495816066168083,0.2744324511807092,1.8306743365336027,1.6084391947673204,3.38862152345433,0.028124246238143545,-1.0161329645585022,1
-0.8043672005990544,-1.1099901739376037,-0.502969299721533,-0.4484018416708939,-0.5733475201700994,0.9048055324001227,-0.5113784261726847,-1.461440576166749,1.632620330354191,-0.2262991435398101,-0.4814607612315388,-0.24966420660091387,-1.0161329645585022,1
-0.46546902347764374,0.9009088760241706,-0.502969299721533,-0.8818078316995266,-0.06640278899360229,0.9048055324001227,-0.527847709729046,-0.3041918912684436,1.2734376411813615,1.379096902478929,-0.7394662468772634,0.6035431842619053,-1.0161329645585022,1
-0.634918112038349,0.9009088760241706,0.8491410419312149,-0.5387026524486129,-0.911310674287764,0.9048055324001227,0.8128153151570633,-0.8828162337175963,0.4342257505906372,2.0671237793441026,-0.4814607612315388,-2.1743413441286688,-1.0161329645585022,1
-0.2960199349169384,0.9009088760241706,0.17308587110484092,-0.6131005397472898,0.10257878806523006,0.9048055324001227,0.5410721364771007,0.2744324511807092,0.6994167080173058,2.0671237793441026,-0.997471732522988,0.6035431842619053,-1.0161329645585022,1
0.7206745964472937,-1.1099901739376037,-0.502969299721533,0.07110418689571085,0.2715603651240624,-1.177851894974348,1.2370577252291028,-1.461440576166749,0.8739727812601764,0.8057411717579506,0.5505611813513597,1.0797519605574324,-1.0161329645585022,1
-0.2960199349169384,0.9009088760241706,-0.502969299721533,-0.9502204081754061,-0.911310674287764,0.9048055324001227,-1.0741845200121878,0.2744324511807092,-0.388201902188273,0.003043148748581378,0.29255569570563505,0.3455967637684949,-1.0161329645585022,1
0.38177641932588297,0.9009088760241706,-0.502969299721533,-0.39862426986757626,-0.06640278899360229,0.9048055324001227,0.6994306322113446,0.853056793629862,-0.8178783901707236,1.379096902478929,0.29255569570563505,0.9210157017922567,-1.0161329645585022,1
0.38177641932588297,0.9009088760241706,0.8491410419312149,-0.6455222894021792,0.4405419421828948,0.9048055324001227,-0.4858827083594714,-0.8828162337175963,1.6863298913519982,0.3470565871811683,0.8085666669970842,-0.36871640067479566,-1.0161329645585022,1
0.21232733076517762,0.9009088760241706,0.8491410419312149,-0.7819368405560682,0.10257878806523006,0.9048055324001227,0.5675180052647194,1.4316811360790147,-0.5392600424946031,3.328506386930255,-0.22345527558581418,-0.24966420660091387,-1.0161329645585022,1
-0.634918112038349,-1.1099901739376037,-0.502969299721533,0.5078897455683505,-0.7423290972289317,0.9048055324001227,2.4413740852880284,-0.3041918912684436,1.6997572816014495,0.9204123179021463,-0.4814607612315388,0.4844909901880236,-1.0161329645585022,1
-1.143265377720465,0.9009088760241706,1.5251962127575889,-1.1102761474605027,-0.911310674287764,0.9048055324001227,-1.1182081818263074,0.2744324511807092,0.5684996530851527,1.379096902478929,-0.7394662468772634,1.4369085427790778,-1.0161329645585022,1
-0.46546902347764374,-1.1099901739376037,-1.179024470547907,-0.8330883491445663,-0.404365943111267,0.9048055324001227,-0.804341643281036,0.853056793629862,1.8038195560346988,0.3470565871811683,-0.7394662468772634,0.028124246238143545,-1.0161329645585022,1
-0.634918112038349,-1.1099901739376037,-0.502969299721533,-0.6423953987876307,-0.404365943111267,0.9048055324001227,-0.17676692468622718,0.2744324511807092,2.0387988854001016,0.9204123179021463,0.03455021005991044,-0.13061201252703214,-1.0161329645585022,1
-0.8043672005990544,0.9009088760241706,-0.502969299721533,-0.10438070456319333,-0.911310674287764,0.9048055324001227,2.521186767138087,-0.8828162337175963,-0.005521280078902488,2.411137217776689,-0.4814607612315388,0.6829113136444932,-1.0161329645585022,1
-0.46546902347764374,0.9009088760241706,-0.502969299721533,-0.6185804945111704,-0.06640278899360229,0.9048055324001227,-0.27542426752866117,-1.461440576166749,0.24959913466067765,0.5763988794695595,-0.4814607612315388,-0.9242933063529105,-1.0161329645585022,1
-0.2960199349169384,0.9009088760241706,-0.502969299721533,0.34464394616134075,-0.06640278899360229,0.9048055324001227,0.8577891279455886,-1.461440576166749,1.676259348664909,0.1177142948927768,-0.7394662468772634,0.22654456969461315,-1.0161329645585022,1
-0.9738162891597597,-1.1099901739376037,0.8491410419312149,-0.9094286987947051,-0.911310674287764,0.9048055324001227,-1.042512820865339,-1.461440576166749,0.23617174441122635,-0.11162799739561437,-0.7394662468772634,0.821805540064022,-1.0161329645585022,1
0.38177641932588297,0.9009088760241706,-0.502969299721533,-0.1408137179357358,0.6095235192417271,0.9048055324001227,-1.2181323926346155,0.2744324511807092,1.7333257572250789,-1.2583394588375707,0.8085666669970842,0.9606997664835506,-1.0161329645585022,1
0.7206745964472937,0.9009088760241706,-0.502969299721533,-0.7720823974071881,1.1164682504182242,0.9048055324001227,0.3454993942453094,0.853056793629862,0.35701825665629044,2.7551506562092767,1.066572152642809,1.4170665104334308,-1.0161329645585022,1
1.0595727735687044,0.9009088760241706,1.5251962127575889,-0.45541365698836633,0.9474866733593919,0.9048055324001227,1.6495816066168083,-0.8828162337175963,0.9511802751945232,2.869821802353472,1.3245776382885335,-0.30919030363785477,-1.0161329645585022,1
-0.8043672005990544,-1.1099901739376037,-1.179024470547907,-0.829377140586895,-0.911310674287764,0.9048055324001227,-1.138002993793088,-1.461440576166749,1.407711543675877,-0.570312581972397,-0.4814607612315388,-0.190138109563973,-1.0161329645585022,1
0.0428782422044723,0.9009088760241706,-1.179024470547907,0.7341787133252474,0.10257878806523006,-1.177851894974348,2.2830155895537843,0.2744324511807092,0.7229146409538463,0.5763988794695595,-0.22345527558581418,-0.7060309505507939,-1.0161329645585022,1
-0.2960199349169384,0.9009088760241706,-0.502969299721533,-0.6057728768929944,-0.5733475201700994,0.9048055324001227,-0.5674373336626071,-1.461440576166749,1.545342293732756,0.003043148748581378,-0.4814607612315388,0.801963507718375,-1.0161329645585022,1
1.2290218621294098,0.9009088760241706,1.5251962127575889,0.27277283915724854,1.4544314045358888,0.9048055324001227,2.4413740852880284,0.2744324511807092,0.9478234276321603,1.379096902478929,1.066572152642809,0.6432272489531993,-1.0161329645585022,1
-0.12657084635623306,0.9009088760241706,-0.502969299721533,-1.0210176335543,-0.23538436605243465,0.9048055324001227,-0.23203403969747832,-0.8828162337175963,1.119022653312668,4.475217848372211,-0.22345527558581418,0.821805540064022,-1.0161329645585022,1
-0.12657084635623306,-1.1099901739376037,1.5251962127575889,-0.7656706924096794,-0.404365943111267,0.9048055324001227,-1.3163146599898468,-1.461440576166749,0.9478234276321603,-1.143668312693375,-0.22345527558581418,-1.202081759191968,-1.0161329645585022,1
-0.8043672005990544,-1.1099901739376037,0.8491410419312149,-0.1259215065745275,-0.7423290972289317,0.9048055324001227,2.2812736461007077,-1.461440576166749,2.881367623553189,2.1817949254882985,-0.997471732522988,-0.09092794783573821,-1.0161329645585022,1
2.2457163934936415,-1.1099901739376037,-0.502969299721533,-0.3563006999332833,2.4683208668888827,0.9048055324001227,2.4413740852880284,1.4316811360790147,0.4912921591508065,3.4431775330744507,2.356599580871432,-1.5195542767223194,-1.0161329645585022,1
-0.46546902347764374,0.9009088760241706,0.8491410419312149,-0.7397238172596633,-0.7423290972289317,0.9048055324001227,0.06599664927436881,0.2744324511807092,-0.7608119816105544,1.8377814870557112,0.03455021005991044,1.0202258635204915,-1.0161329645585022,1
3.262410924857874,0.9009088760241706,-1.179024470547907,-0.40473591970510286,2.9752655980653797,0.9048055324001227,-0.2507203421941191,0.2744324511807092,0.001192415045823164,0.1177142948927768,1.582583123934258,1.0003838311748445,-1.0161329645585022,1
-0.2960199349169384,-1.1099901739376037,1.5251962127575889,-0.6067046271266224,-0.5733475201700994,0.9048055324001227,0.06599664927436881,0.2744324511807092,1.1693753667481117,1.1497546101905376,-0.22345527558581418,0.7027533459901402,-1.0161329645585022,1
0.7206745964472937,-1.1099901739376037,-0.502969299721533,-0.02549778224162868,0.2715603651240624,0.9048055324001227,1.5726193776899657,1.4316811360790147,0.635636604332411,1.2644257563347332,1.066572152642809,0.8813316371009629,-1.0161329645585022,1
0.5512255078865883,0.9009088760241706,0.17308587110484092,0.23564496120369527,0.6095235192417271,0.9048055324001227,0.06599664927436881,-0.8828162337175963,1.0988815679384905,-0.34097028968400567,0.8085666669970842,1.258330251668255,-1.0161329645585022,1
0.38177641932588297,0.9009088760241706,-1.179024470547907,-0.17915760890605792,0.10257878806523006,0.9048055324001227,-0.4090788379283631,-1.461440576166749,0.12875262241561353,-0.45564143582820127,0.8085666669970842,0.16701847265767225,-1.0161329645585022,1
0.5512255078865883,0.9009088760241706,-1.179024470547907,-0.4067257591870883,0.7785050963005594,0.9048055324001227,0.38271364074285674,-1.461440576166749,1.8978112877808604,0.9204123179021463,0.29255569570563505,0.12733440796637835,-1.0161329645585022,1
-0.2960199349169384,0.9009088760241706,0.8491410419312149,0.23043347684611443,-0.7423290972289317,0.9048055324001227,0.38271364074285674,-1.461440576166749,1.823960641408877,-0.11162799739561437,-0.22345527558581418,-0.9838194033898514,-1.0161329645585022,1
0.21232733076517762,0.9009088760241706,-0.502969299721533,-0.6772491744760578,0.10257878806523006,0.9048055324001227,-0.47242223622206064,-0.8828162337175963,1.3875704583017001,0.4617277333253637,0.03455021005991044,-2.5116558940046674,-1.0161329645585022,1
0.0428782422044723,-1.1099901739376037,-0.502969299721533,-0.34019247555530613,-0.404365943111267,0.9048055324001227,-0.2507203421941191,-0.8828162337175963,0.0716862138554443,0.003043148748581378,0.03455021005991044,0.286070666731554,-1.0161329645585022,1
-0.8043672005990544,0.9009088760241706,-0.502969299721533,-0.2970003248947497,-0.7423290972289317,0.9048055324001227,2.4413740852880284,1.4316811360790147,-0.6634634023020307,3.0991640946418633,-0.7394662468772634,1.0797519605574324,-1.0161329645585022,1
0.21232733076517762,-1.1099901739376037,-0.502969299721533,4.562361406258885,-0.06640278899360229,-1.177851894974348,2.382939800362092,-1.461440576166749,2.3073466903891333,-0.7996548742607882,0.5505611813513597,-1.0235034680811452,-1.0161329645585022,1
-0.12657084635623306,0.9009088760241706,-1.179024470547907,-0.41512730366658224,-0.23538436605243465,0.9048055324001227,1.0161476236798326,-0.8828162337175963,-0.07601507888852362,1.8377814870557112,-0.22345527558581418,0.5241750548793175,-1.0161329645585022,1
-0.8043672005990544,0.9009088760241706,-1.179024470547907,-0.9736247106539965,-0.911310674287764,0.9048055324001227,-1.2444199029265,0.853056793629862,1.2734376411813615,-0.570312581972397,-0.997471732522988,0.4448069254967297,-1.0161329645585022,1
0.21232733076517762,-1.1099901739376037,0.8491410419312149,-0.974809138917083,-0.5733475201700994,0.9048055324001227,-0.764118585364538,0.2744324511807092,-0.08272877401324927,1.379096902478929,1.066572152642809,1.0599099282117854,-1.0161329645585022,1
1.5679200392508204,0.9009088760241706,0.8491410419312149,-0.7905752706881795,1.6234129815947211,0.9048055324001227,-0.2507203421941191,-1.461440576166749,0.5752133482098789,1.4937680486231246,1.3245776382885335,0.6432272489531993,-1.0161329645585022,1
-0.46546902347764374,0.9009088760241706,-1.179024470547907,-0.22435539142544092,0.10257878806523006,0.9048055324001227,-0.25610453104908343,-0.3041918912684436,0.9075412568838058,-0.2262991435398101,-0.4814607612315388,0.26622863438590705,-1.0161329645585022,1
-0.8043672005990544,-1.1099901739376037,0.8491410419312149,-0.30634941198471294,-0.911310674287764,0.9048055324001227,2.4413740852880284,1.4316811360790147,-0.9823639207265057,3.0991640946418633,-0.7394662468772634,-0.09092794783573821,-1.0161329645585022,1
-0.12657084635623306,0.9009088760241706,-1.179024470547907,-0.6326988794071621,-0.23538436605243465,0.9048055324001227,-0.7278544898413961,0.853056793629862,1.1760890618728372,-0.11162799739561437,-0.22345527558581418,-0.4877685947486774,-1.0161329645585022,1
1.2290218621294098,0.9009088760241706,-1.179024470547907,-0.6187068335258996,0.7785050963005594,0.9048055324001227,-0.2507203421941191,0.853056793629862,-0.13308148744869286,0.6910700256137552,1.3245776382885335,-0.051243883144444294,-1.0161329645585022,1
0.38177641932588297,-1.1099901739376037,0.8491410419312149,-0.6550608850142363,0.4405419421828948,0.9048055324001227,-0.7257958293968509,-0.8828162337175963,-0.6735339449891191,-0.11162799739561437,0.29255569570563505,0.9606997664835506,-1.0161329645585022,1
0.7206745964472937,-1.1099901739376037,1.5251962127575889,-0.033851949590599194,0.2715603651240624,-1.177851894974348,-0.5093197657281395,-1.461440576166749,2.126076922021537,-0.6849837281165926,1.3245776382885335,-0.2893482712922078,-1.0161329645585022,1
-0.8043672005990544,-1.1099901739376037,0.8491410419312149,-0.22310779365498976,-0.7423290972289317,0.9048055324001227,-0.4090788379283631,-1.461440576166749,1.347288287553345,-0.34097028968400567,-0.7394662468772634,-1.0433455004267922,-1.0161329645585022,1
-0.46546902347764374,-1.1099901739376037,1.5251962127575889,-0.12487920970301133,-0.5733475201700994,0.9048055324001227,0.8577891279455886,-1.461440576166749,0.1757484882886937,0.8057411717579506,-0.4814607612315388,-0.190138109563973,-1.0161329645585022,1
-0.12657084635623306,-1.1099901739376037,-0.502969299721533,3.3457640715468986,0.4405419421828948,-1.177851894974348,0.38271364074285674,0.2744324511807092,1.8910975926561346,-1.143668312693375,0.03455021005991044,1.0797519605574324,-1.0161329645585022,1
-0.634918112038349,-1.1099901739376037,-1.179024470547907,-1.0681578784251449,-0.404365943111267,0.9048055324001227,-1.1850354670261585,-1.461440576166749,0.4040141225293712,0.3470565871811683,-0.7394662468772634,-0.6663468858595001,-1.0161329645585022,1
-0.634918112038349,0.9009088760241706,-1.179024470547907,-0.6790337130591082,-0.5733475201700994,0.9048055324001227,-1.042512820865339,-1.461440576166749,0.8370474580741847,-0.6849837281165926,-0.7394662468772634,-1.0433455004267922,-1.0161329645585022,1
1.2290218621294098,0.9009088760241706,-0.502969299721533,-0.22767179056208328,1.2854498274770565,-1.177851894974348,-0.7257958293968509,1.4316811360790147,0.6289229092076853,-0.6849837281165926,1.3245776382885335,-1.3012919209202027,-1.0161329645585022,1
-0.12657084635623306,0.9009088760241706,-0.502969299721533,-0.1679450213488385,-0.23538436605243465,0.9048055324001227,-1.042512820865339,-1.461440576166749,0.007906110170548816,-1.143668312693375,-0.22345527558581418,0.4249648931510827,-1.0161329645585022,1
-0.12657084635623306,0.9009088760241706,1.5251962127575889,-0.7216731305302242,0.2715603651240624,0.9048055324001227,-0.7257958293968509,0.2744324511807092,1.8575291170325052,0.1177142948927768,0.29255569570563505,1.6154868338899002,-1.0161329645585022,1
0.21232733076517762,0.9009088760241706,1.5251962127575889,-0.5725141312655239,0.4405419421828948,0.9048055324001227,1.0161476236798326,0.853056793629862,-0.29421017044211145,2.640479510065081,1.066572152642809,0.9011736694466097,-1.0161329645585022,1
-0.46546902347764374,0.9009088760241706,-0.502969299721533,0.22918587907566323,0.10257878806523006,-1.177851894974348,-0.09236184645987515,-1.461440576166749,0.25966967734776614,-0.45564143582820127,-0.7394662468772634,-0.9242933063529105,-1.0161329645585022,1
-0.2960199349169384,-1.1099901739376037,0.8491410419312149,-0.6938311701592695,-0.7423290972289317,0.9048055324001227,-0.9948469136493315,-0.3041918912684436,0.7934084397634668,-0.570312581972397,-0.4814607612315388,-0.5274526594399713,-1.0161329645585022,1
-0.634918112038349,-1.1099901739376037,1.5251962127575889,-0.23954765794663113,-0.5733475201700994,0.9048055324001227,1.254002084272667,0.2744324511807092,-1.4959615977680292,1.4937680486231246,-0.7394662468772634,0.22654456969461315,-1.0161329645585022,1
0.7206745964472937,-1.1099901739376037,-0.502969299721533,-0.29984295272615746,0.7785050963005594,0.9048055324001227,1.7019982687048432,1.4316811360790147,-1.2374843354660858,2.1817949254882985,0.5505611813513597,0.286070666731554,-1.0161329645585022,1
-0.12657084635623306,0.9009088760241706,-1.179024470547907,-0.0549663574272222,0.4405419421828948,-1.177851894974348,0.2058272010077062,0.2744324511807092,-0.9219406646039736,0.003043148748581378,-0.4814607612315388,-0.17029607721832604,-1.0161329645585022,1
-0.8043672005990544,0.9009088760241706,0.8491410419312149,0.15620930569269023,-0.911310674287764,0.9048055324001227,2.4413740852880284,0.2744324511807092,0.8907570190719911,1.6084391947673204,-0.4814607612315388,-0.13061201252703214,-1.0161329645585022,1
-0.8043672005990544,-1.1099901739376037,-1.179024470547907,-0.9647020177387444,-0.911310674287764,0.9048055324001227,-0.527847709729046,-0.8828162337175963,1.360715677802797,2.1817949254882985,-0.997471732522988,-0.26950623894656084,-1.0161329645585022,1
-0.634918112038349,-1.1099901739376037,-0.502969299721533,-0.1255109047766575,-0.911310674287764,0.9048055324001227,0.05934559245353056,0.2744324511807092,1.2432260131200956,0.003043148748581378,-0.4814607612315388,0.821805540064022,-1.0161329645585022,1
-0.8043672005990544,-1.1099901739376037,-1.179024470547907,-0.48952519096525915,-0.911310674287764,0.9048055324001227,0.8577891279455886,0.2744324511807092,-0.7238866584245627,1.952452633199907,-0.4814607612315388,0.26622863438590705,-1.0161329645585022,1
-0.9738162891597597,0.9009088760241706,0.8491410419312149,-0.5610172809251637,-0.911310674287764,0.9048055324001227,0.6994306322113446,-1.461440576166749,-1.4959615977680292,2.0671237793441026,-0.22345527558581418,-0.8647672093159696,-1.0161329645585022,1
0.0428782422044723,-1.1099901739376037,-0.502969299721533,0.016888957200028885,0.10257878806523006,0.9048055324001227,-0.018883504439185957,0.2744324511807092,0.4040141225293712,-0.2262991435398101,0.5505611813513597,1.238488219322608,-1.0161329645585022,1
-1.143265377720465,0.9009088760241706,-1.179024470547907,-0.6778650771728628,-0.7423290972289317,0.9048055324001227,-1.1375279183058853,-0.8828162337175963,1.9884461719646584,-0.9143260204049839,-0.997471732522988,0.40512286080543575,-1.0161329645585022,1
3.601309101979284,-1.1099901739376037,0.8491410419312149,-0.2971740410400024,3.4822103292418767,0.9048055324001227,1.3328646151483206,0.853056793629862,1.1727322143104744,1.7231103409115156,4.162637980391504,-0.26950623894656084,-1.0161329645585022,1
-0.8043672005990544,0.9009088760241706,1.5251962127575889,0.8018964252201162,-0.7423290972289317,0.9048055324001227,0.06599664927436881,-1.461440576166749,0.021333500420000717,-0.6849837281165926,-0.7394662468772634,-0.22982217425526694,-1.0161329645585022,1
2.2457163934936415,0.9009088760241706,0.8491410419312149,-0.5390027076085949,2.8062840210065474,0.9048055324001227,1.6248776812822663,-1.461440576166749,0.7027735555796687,3.328506386930255,2.6146050665171567,-0.9639773710442044,-1.0161329645585022,1
-0.634918112038349,-1.1099901739376037,0.8491410419312149,-0.6959947257865077,-0.911310674287764,0.9048055324001227,-0.5674373336626071,0.2744324511807092,-0.04916029838962042,0.3470565871811683,-0.7394662468772634,-2.571181991041608,-1.0161329645585022,1
-0.634918112038349,-1.1099901739376037,0.8491410419312149,-0.8252079531008304,-0.911310674287764,0.9048055324001227,-0.6409156756832962,0.853056793629862,0.4711510737766289,0.6910700256137552,-0.7394662468772634,0.4844909901880236,-1.0161329645585022,1
-0.2960199349169384,-1.1099901739376037,0.8491410419312149,-0.26258873575787495,-0.404365943111267,0.9048055324001227,1.653223852018696,1.4316811360790147,1.0082466837546924,2.0671237793441026,0.29255569570563505,0.6233852166075523,-1.0161329645585022,1
1.2290218621294098,-1.1099901739376037,-1.179024470547907,-0.6390947920278295,1.4544314045358888,0.9048055324001227,0.18143999266463265,0.2744324511807092,1.3338608973038937,1.4937680486231246,0.03455021005991044,0.801963507718375,-1.0161329645585022,1
0.890123685007999,-1.1099901739376037,-1.179024470547907,-0.33488623693667835,0.6095235192417271,0.9048055324001227,1.1570866848833097,-1.461440576166749,-0.97565022560178,1.7231103409115156,0.5505611813513597,0.4249648931510827,-1.0161329645585022,1
-0.8043672005990544,0.9009088760241706,0.8491410419312149,-0.578467857334639,-0.7423290972289317,0.9048055324001227,-0.2507203421941191,-1.461440576166749,2.5356123246298106,0.4617277333253637,-0.4814607612315388,0.7424374106814341,-1.0161329645585022,1
1.2290218621294098,0.9009088760241706,-1.179024470547907,-0.5423506914989196,1.2854498274770565,0.9048055324001227,1.0767989275460481,0.2744324511807092,0.7296283360785719,2.525808363920885,1.066572152642809,-0.13061201252703214,-1.0161329645585022,1
-0.12657084635623306,0.9009088760241706,-1.179024470547907,0.17067512287918737,-0.5733475201700994,0.9048055324001227,2.2655961550230175,0.853056793629862,1.256653403369547,1.379096902478929,0.8085666669970842,1.0995939929030794,-1.0161329645585022,1
1.0595727735687044,-1.1099901739376037,-1.179024470547907,-0.07481737511655288,0.7785050963005594,0.9048055324001227,0.5410721364771007,0.2744324511807092,-0.492264176621523,0.3470565871811683,1.066572152642809,-1.5195542767223194,-1.0161329645585022,1
-0.46546902347764374,-1.1099901739376037,0.8491410419312149,-0.40764171704387525,0.10257878806523006,0.9048055324001227,2.2830155895537843,-1.461440576166749,0.11868207972852446,3.4431775330744507,0.29255569570563505,1.754381060309429,-1.0161329645585022,1
-1.143265377720465,0.9009088760241706,-1.179024470547907,-1.0198332052912134,-0.911310674287764,0.9048055324001227,-0.8524826259842462,0.2744324511807092,0.830333762949459,1.4937680486231246,-0.4814607612315388,0.2463866020402601,-1.0161329645585022,1
-0.12657084635623306,-1.1099901739376037,-0.502969299721533,-0.6347203036428298,-0.06640278899360229,0.9048055324001227,-0.7297547917902071,0.853056793629862,1.223084927745918,-0.11162799739561437,-0.22345527558581418,-1.658448503141848,-1.0161329645585022,1
0.38177641932588297,0.9009088760241706,0.8491410419312149,-0.014711588859120439,0.4405419421828948,0.9048055324001227,1.6495816066168083,1.4316811360790147,-0.008878127641265313,1.2644257563347332,0.8085666669970842,-1.2616078562289088,-1.0161329645585022,1
0.38177641932588297,-1.1099901739376037,-1.179024470547907,0.9267035793957569,0.10257878806523006,-1.177851894974348,1.64926488962534,-1.461440576166749,1.1794459094352001,0.003043148748581378,0.5505611813513597,0.6829113136444932,-1.0161329645585022,1
-0.634918112038349,-1.1099901739376037,-0.502969299721533,-0.5508785749931427,-0.7423290972289317,0.9048055324001227,-0.2507203421941191,0.2744324511807092,-0.07937192645088645,0.4617277333253637,-0.4814607612315388,-0.15045404487267908,-1.0161329645585022,1
-0.2960199349169384,-1.1099901739376037,-1.179024470547907,-1.0168800308219175,-0.404365943111267,0.21058638994196582,-1.0469468587458977,-0.8828162337175963,0.16903479316396802,0.5763988794695595,-0.4814607612315388,-0.4877685947486774,-1.0161329645585022,1
1.2290218621294098,-1.1099901739376037,0.8491410419312149,-0.16543403343109503,1.1164682504182242,0.9048055324001227,-0.5400413139005829,0.2744324511807092,0.014619805295275064,-0.570312581972397,1.066572152642809,-3.106916864374076,-1.0161329645585022,1
-0.2960199349169384,-1.1099901739376037,-0.502969299721533,-0.9011219085762581,-0.404365943111267,0.9048055324001227,-0.8841543251310949,-1.461440576166749,0.25966967734776614,0.4617277333253637,-0.22345527558581418,0.305912699077201,-1.0161329645585022,1
-0.46546902347764374,-1.1099901739376037,-0.502969299721533,-0.6755593901540543,-0.06640278899360229,0.9048055324001227,-0.5674373336626071,-1.461440576166749,1.8004627084723366,0.23238544103697253,-0.7394662468772634,0.028124246238143545,-1.0161329645585022,1
0.5512255078865883,0.9009088760241706,-0.502969299721533,-0.449744193702392,0.4405419421828948,0.9048055324001227,-0.7257958293968509,-0.8828162337175963,0.571856500647516,-0.45564143582820127,0.5505611813513597,0.9408577341379036,-1.0161329645585022,1
-0.9738162891597597,0.9009088760241706,0.8491410419312149,-0.7053911900069944,-0.911310674287764,0.9048055324001227,-0.9115503448931191,0.853056793629862,1.6561182632907314,-0.34097028968400567,-0.4814607612315388,-0.30919030363785477,-1.0161329645585022,1
-0.8043672005990544,-1.1099901739376037,0.8491410419312149,-0.05962510859536266,-0.7423290972289317,-1.177851894974348,-0.8841543251310949,0.853056793629862,0.5987112811464187,-1.0289971665491795,-0.997471732522988,-0.9044512740072636,-1.0161329645585022,1
0.38177641932588297,0.9009088760241706,0.8491410419312149,-0.647764806913623,-0.06640278899360229,0.9048055324001227,-1.2569302240895053,-0.8828162337175963,0.635636604332411,-1.143668312693375,0.03455021005991044,-1.5989224061049072,-1.0161329645585022,1
-0.2960199349169384,-1.1099901739376037,0.8491410419312149,0.9369370395888247,-0.23538436605243465,-1.177851894974348,-0.6735375258045505,1.4316811360790147,-0.10958355451215247,-1.143668312693375,-0.7394662468772634,-0.22982217425526694,-1.0161329645585022,1
2.0762673049329363,-1.1099901739376037,0.8491410419312149,-0.14940477093732363,2.4683208668888827,0.9048055324001227,-1.2244667324639853,0.2744324511807092,-0.1935047435712249,-1.2583394588375707,1.8405886095799828,0.32575473142284794,-1.0161329645585022,1
-0.46546902347764374,-1.1099901739376037,-0.502969299721533,-0.9615751271241959,-0.23538436605243465,0.9048055324001227,-0.7636435098773353,1.4316811360790147,-0.8447331706696268,1.2644257563347332,-0.7394662468772634,0.4448069254967297,-1.0161329645585022,1
0.5512255078865883,0.9009088760241706,-0.502969299721533,-0.915256085849091,0.10257878806523006,0.9048055324001227,-0.7516082642015327,-0.8828162337175963,-0.4452683107484422,0.9204123179021463,-0.22345527558581418,0.9408577341379036,-1.0161329645585022,1
-0.46546902347764374,0.9009088760241706,-0.502969299721533,-0.26097791332007725,-0.06640278899360229,0.9048055324001227,1.9447618426654392,0.853056793629862,-0.3244217985033781,2.2964660716324943,-0.997471732522988,-1.5195542767223194,-1.0161329645585022,1
0.38177641932588297,-1.1099901739376037,-0.502969299721533,0.6621812673064259,-0.06640278899360229,0.9048055324001227,1.6576578898992549,-1.461440576166749,2.4181226599471097,0.23238544103697253,0.03455021005991044,1.1789621222856672,-1.0161329645585022,1
-0.2960199349169384,0.9009088760241706,-1.179024470547907,-0.4091104080901026,-0.7423290972289317,0.9048055324001227,0.06599664927436881,0.853056793629862,1.4949895802973128,0.5763988794695595,-0.7394662468772634,0.6233852166075523,-1.0161329645585022,1
1.2290218621294098,0.9009088760241706,-0.502969299721533,-0.8833081074994362,1.1164682504182242,0.9048055324001227,-0.963333572998217,0.2744324511807092,-0.5795422132429582,0.1177142948927768,0.03455021005991044,-0.36871640067479566,-1.0161329645585022,1
-0.8043672005990544,-1.1099901739376037,-0.502969299721533,-0.5789416286398735,-0.5733475201700994,0.9048055324001227,-0.7257958293968509,-0.8828162337175963,0.6624913848313142,-0.2262991435398101,-0.7394662468772634,-1.3012919209202027,-1.0161329645585022,1
-0.8043672005990544,0.9009088760241706,-1.179024470547907,0.9850406194469801,-0.911310674287764,-1.177851894974348,1.5789537175193356,-0.8828162337175963,1.5789107693563853,0.003043148748581378,-0.4814607612315388,-0.36871640067479566,-1.0161329645585022,1
0.0428782422044723,-1.1099901739376037,0.8491410419312149,-0.4972160784869012,-0.404365943111267,-1.177851894974348,-1.1653990135551122,-1.461440576166749,0.138823165102702,-1.0289971665491795,0.8085666669970842,0.9210157017922567,-1.0161329645585022,1
0.0428782422044723,-1.1099901739376037,-1.179024470547907,-0.09997463142451134,-0.5733475201700994,0.9048055324001227,-1.0388705754634513,0.2744324511807092,0.024690347982363543,-1.143668312693375,1.066572152642809,-1.678290535487495,-1.0161329645585022,1
0.7206745964472937,0.9009088760241706,-1.179024470547907,-0.5287060779081625,0.2715603651240624,0.9048055324001227,0.38271364074285674,0.853056793629862,0.4745079213389917,1.379096902478929,0.5505611813513597,-0.11076998018138517,-1.0161329645585022,1
-0.634918112038349,0.9009088760241706,-1.179024470547907,-0.22361314971390667,-0.5733475201700994,0.9048055324001227,0.06599664927436881,-0.8828162337175963,-0.31770810337865185,0.1177142948927768,-0.997471732522988,0.008282213892496587,-1.0161329645585022,1
0.38177641932588297,0.9009088760241706,-1.179024470547907,-0.7951866447257965,0.10257878806523006,0.9048055324001227,-0.7257958293968509,0.2744324511807092,-0.24050060944430565,0.3470565871811683,0.29255569570563505,-1.9560789883265524,-1.0161329645585022,1
-0.2960199349169384,0.9009088760241706,-0.502969299721533,1.5791972133417203,-0.5733475201700994,-1.177851894974348,-0.1702742263611232,-1.461440576166749,2.152931702520441,-1.0289971665491795,-0.7394662468772634,0.305912699077201,-1.0161329645585022,1
-0.2960199349169384,0.9009088760241706,-1.179024470547907,-0.5063756570547706,-0.23538436605243465,0.9048055324001227,-0.2507203421941191,-1.461440576166749,1.6259066352294655,0.3470565871811683,-0.22345527558581418,0.7225953783357871,-1.0161329645585022,1
-0.8043672005990544,0.9009088760241706,1.5251962127575889,-0.10671797633568414,-0.911310674287764,0.9048055324001227,2.0657477334064014,1.4316811360790147,0.1522505553521539,1.952452633199907,-0.4814607612315388,0.5241750548793175,-1.0161329645585022,1
1.2290218621294098,0.9009088760241706,-0.502969299721533,-0.5800470950187544,1.1164682504182242,0.9048055324001227,-0.38785879949997437,0.2744324511807092,1.5017032754220385,0.3470565871811683,1.8405886095799828,0.6829113136444932,-1.0161329645585022,1
-0.2960199349169384,0.9009088760241706,0.8491410419312149,-0.620696673007885,-0.404365943111267,0.9048055324001227,-0.9400548741252831,0.2744324511807092,-0.41841353024953903,-0.570312581972397,-0.4814607612315388,-1.0433455004267922,-1.0161329645585022,1
-0.9738162891597597,0.9009088760241706,-0.502969299721533,0.7782868218425908,-0.911310674287764,0.9048055324001227,2.2830155895537843,-0.3041918912684436,2.9149360991768187,0.5763988794695595,-0.4814607612315388,0.16701847265767225,-1.0161329645585022,1
2.5846145706150523,-1.1099901739376037,0.17308587110484092,0.9874252683499943,2.130357712771218,-1.177851894974348,-0.16140615060000552,-0.3041918912684436,0.8773296288225392,-0.9143260204049839,1.8405886095799828,-0.6465048535138531,-1.0161329645585022,1
-0.8043672005990544,0.9009088760241706,-0.502969299721533,-0.6748487331962023,-0.911310674287764,0.9048055324001227,-0.8841543251310949,0.2744324511807092,1.4580642571113207,-0.34097028968400567,-0.997471732522988,-0.40840046536608954,-1.0161329645585022,1
-0.12657084635623306,-1.1099901739376037,0.8491410419312149,-0.6999586123736373,-0.404365943111267,0.9048055324001227,-0.05514759996232782,-0.8828162337175963,0.7967652873258302,1.379096902478929,-0.4814607612315388,0.14717644031202531,-1.0161329645585022,1
0.38177641932588297,-1.1099901739376037,-0.502969299721533,-0.4042305636461859,0.7785050963005594,0.9048055324001227,-0.8526409844799804,-0.8828162337175963,1.2734376411813615,-0.6849837281165926,0.5505611813513597,-0.6068207888225592,-1.0161329645585022,1
0.21232733076517762,0.9009088760241706,1.5251962127575889,-0.6371839144300498,-0.23538436605243465,0.9048055324001227,0.38271364074285674,0.2744324511807092,0.531574329899161,1.8377814870557112,1.066572152642809,0.5043330225336705,-1.0161329645585022,1
1.2290218621294098,-1.1099901739376037,-1.179024470547907,0.6506370398355423,0.9474866733593919,-1.177851894974348,0.30258424190132927,-1.461440576166749,1.4043546961135143,-0.570312581972397,0.8085666669970842,-0.26950623894656084,-1.0161329645585022,1
-0.634918112038349,0.9009088760241706,-0.502969299721533,-0.6156273200418745,-0.911310674287764,0.9048055324001227,-1.0741845200121878,0.853056793629862,1.676259348664909,-0.7996548742607882,-0.7394662468772634,-0.8250831446246757,-1.0161329645585022,1
0.38177641932588297,0.9009088760241706,1.5251962127575889,0.062118324473094184,0.4405419421828948,-1.177851894974348,2.4413740852880284,-0.3041918912684436,1.555412836419845,1.8377814870557112,-0.22345527558581418,-0.20998014190961997,-1.0161329645585022,1
0.21232733076517762,0.9009088760241706,0.8491410419312149,-0.6955367468581142,0.10257878806523006,0.9048055324001227,-1.1338856729039977,0.2744324511807092,1.9313797634044898,-0.7996548742607882,0.29255569570563505,-0.17029607721832604,-1.0161329645585022,1
-0.12657084635623306,-1.1099901739376037,-1.179024470547907,-0.13530217841817302,-0.23538436605243465,0.9048055324001227,1.9325682384939025,0.2744324511807092,1.357358830240434,1.952452633199907,-0.22345527558581418,-0.38855843302044263,-1.0161329645585022,1
-0.634918112038349,-1.1099901739376037,0.8491410419312149,0.060049523106903,-0.911310674287764,0.9048055324001227,-0.5674373336626071,-1.461440576166749,1.6259066352294655,-0.7996548742607882,-0.4814607612315388,-1.7576586648700827,-1.0161329645585022,1
-0.2960199349169384,-1.1099901739376037,1.5251962127575889,-0.6357783928911871,-0.23538436605243465,0.9048055324001227,-1.2673818848079654,-0.3041918912684436,0.8538316958859994,-1.143668312693375,-0.7394662468772634,0.12733440796637835,-1.0161329645585022,1
-0.12657084635623306,-1.1099901739376037,0.17308587110484092,-0.07243272621353862,-0.23538436605243465,0.9048055324001227,0.8577891279455886,0.2744324511807092,1.756823690161618,0.6910700256137552,0.29255569570563505,0.9606997664835506,-1.0161329645585022,1
-0.8043672005990544,-1.1099901739376037,-1.179024470547907,-0.658408868904561,-0.911310674287764,0.9048055324001227,0.06599664927436881,1.4316811360790147,-1.1099241280962957,1.379096902478929,-0.7394662468772634,-0.7060309505507939,-1.0161329645585022,1
0.21232733076517762,-1.1099901739376037,-0.502969299721533,-0.6386999826068006,0.10257878806523006,0.9048055324001227,-0.48429912340212894,-0.8828162337175963,1.6997572816014495,0.3470565871811683,0.8085666669970842,0.782121475372728,-1.0161329645585022,1
-0.634918112038349,-1.1099901739376037,-0.502969299721533,-0.5872168341046383,-0.7423290972289317,0.9048055324001227,0.38271364074285674,-1.461440576166749,-1.2878370489015294,1.6084391947673204,-0.997471732522988,1.0003838311748445,-1.0161329645585022,1
-0.634918112038349,0.9009088760241706,-1.179024470547907,-0.9865428749100605,-0.5733475201700994,0.9048055324001227,-0.29442728701677046,-0.3041918912684436,1.9750187817152072,3.4431775330744507,-0.22345527558581418,0.0479662785837905,-1.0161329645585022,1
0.21232733076517762,0.9009088760241706,1.5251962127575889,-0.11796214864658584,0.10257878806523006,0.9048055324001227,0.06599664927436881,0.2744324511807092,0.6725619275184026,0.003043148748581378,0.29255569570563505,-1.2219237915376149,-1.0161329645585022,1
1.2290218621294098,0.9009088760241706,1.5251962127575889,-0.37308799651543006,1.7923945586535535,0.9048055324001227,0.5280867398268927,0.2744324511807092,2.089151598835546,1.035083464046342,0.8085666669970842,1.1194360252487263,-1.0161329645585022,1
-0.9738162891597597,0.9009088760241706,-0.502969299721533,-0.5833792865322379,-0.5733475201700994,0.9048055324001227,0.2759800146179763,0.2744324511807092,0.9411097325074347,1.379096902478929,-0.4814607612315388,0.028124246238143545,-1.0161329645585022,1
0.5512255078865883,0.9009088760241706,-0.502969299721533,-0.7860586509116094,0.6095235192417271,0.9048055324001227,-0.8208109268373974,0.2744324511807092,1.5486991412951188,0.1177142948927768,0.29255569570563505,0.3455967637684949,-1.0161329645585022,1
-0.12657084635623306,-1.1099901739376037,1.5251962127575889,0.15341405499180594,-0.06640278899360229,-1.177851894974348,-0.2507203421941191,-1.461440576166749,-0.7104592681751108,-0.570312581972397,-0.22345527558581418,0.4844909901880236,-1.0161329645585022,1
-0.634918112038349,0.9009088760241706,0.8491410419312149,-0.3185885040366073,-0.7423290972289317,-1.177851894974348,0.8577891279455886,0.2744324511807092,1.844101726783054,1.2644257563347332,-0.4814607612315388,-0.46792656240303043,-1.0161329645585022,1
-0.2960199349169384,-1.1099901739376037,1.5251962127575889,-0.013258690189734265,-0.5733475201700994,0.9048055324001227,1.6495816066168083,0.2744324511807092,0.07504306141780712,1.2644257563347332,-0.22345527558581418,-0.190138109563973,-1.0161329645585022,1
0.21232733076517762,-1.1099901739376037,-1.179024470547907,-0.6512075450649947,-0.06640278899360229,0.9048055324001227,-0.2507203421941191,-0.3041918912684436,0.001192415045823164,0.8057411717579506,0.8085666669970842,-0.686188918205147,-1.0161329645585022,1
0.21232733076517762,0.9009088760241706,1.5251962127575889,-0.8860243963161147,-0.23538436605243465,0.21058638994196582,-0.804975077263973,0.853056793629862,-0.6433223169278531,0.5763988794695595,0.03455021005991044,1.3972244780877838,-1.0161329645585022,1
0.0428782422044723,-1.1099901739376037,0.8491410419312149,2.440071259706712,-0.5733475201700994,-1.177851894974348,1.3227296714213288,0.2744324511807092,0.9276823422579827,-0.6849837281165926,0.29255569570563505,-0.22982217425526694,-1.0161329645585022,1
0.890123685007999,0.9009088760241706,0.17308587110484092,-0.1311803680626318,0.9474866733593919,-1.177851894974348,-0.9158260242779438,0.2744324511807092,0.6557776897065886,-1.0289971665491795,1.066572152642809,-0.13061201252703214,-1.0161329645585022,1
1.5679200392508204,0.9009088760241706,-1.179024470547907,-0.5872168341046383,1.1164682504182242,0.9048055324001227,0.23686546617161805,0.2744324511807092,-1.331476067212247,1.379096902478929,2.098594095225707,-0.36871640067479566,-1.0161329645585022,1
-0.634918112038349,0.9009088760241706,0.8491410419312149,-0.6808972135263643,-0.404365943111267,0.9048055324001227,-0.2507203421941191,-0.3041918912684436,-0.14650887769814416,0.9204123179021463,-0.7394662468772634,-1.8965528912896115,-1.0161329645585022,1
0.5512255078865883,0.9009088760241706,1.5251962127575889,-0.9086706647063297,0.10257878806523006,0.9048055324001227,-1.3527371140087228,-1.461440576166749,0.9176117995708943,-1.0289971665491795,1.066572152642809,0.6829113136444932,-1.0161329645585022,1
0.21232733076517762,0.9009088760241706,-1.179024470547907,-0.28171330411251255,0.10257878806523006,0.9048055324001227,-0.9308700813726969,0.853056793629862,0.44429629327772574,-0.9143260204049839,0.03455021005991044,0.18686050500331922,-1.0161329645585022,1
0.0428782422044723,0.9009088760241706,-0.502969299721533,1.4039965846659568,-0.06640278899360229,-1.177851894974348,0.06599664927436881,0.853056793629862,0.9881055983805148,-0.9143260204049839,0.5505611813513597,0.40512286080543575,-1.0161329645585022,1
-0.46546902347764374,-1.1099901739376037,-1.179024470547907,-0.14204552332934584,-0.911310674287764,-1.177851894974348,-0.700458470079372,0.2744324511807092,1.2029438423717405,-0.7996548742607882,-0.7394662468772634,0.7424374106814341,-1.0161329645585022,1
-0.8043672005990544,0.9009088760241706,-1.179024470547907,-0.47040062261062154,-0.911310674287764,0.9048055324001227,-0.9465475724503871,0.2744324511807092,1.8474585743454173,-0.7996548742607882,-0.4814607612315388,0.6035431842619053,-1.0161329645585022,1
-0.634918112038349,-1.1099901739376037,0.8491410419312149,-0.659545920037124,-0.06640278899360229,0.9048055324001227,0.8672906376896432,0.2744324511807092,1.1324500435621199,2.869821802353472,-0.7394662468772634,0.7225953783357871,-1.0161329645585022,1
-0.9738162891597597,0.9009088760241706,-0.502969299721533,-0.4165012404517627,-0.911310674287764,0.9048055324001227,1.0161476236798326,0.853056793629862,1.7937490133476108,1.8377814870557112,-0.4814607612315388,1.0400678958661385,-1.0161329645585022,1
-0.8043672005990544,-1.1099901739376037,-1.179024470547907,0.09063935704821846,-0.5733475201700994,-1.177851894974348,0.8123402396698606,0.2744324511807092,0.12203892729088728,0.3470565871811683,-0.4814607612315388,0.4249648931510827,-1.0161329645585022,1
0.21232733076517762,-1.1099901739376037,1.5251962127575889,-0.7149455779958925,0.2715603651240624,0.9048055324001227,-0.12355847011952122,-0.8828162337175963,-0.33449234119046656,1.2644257563347332,1.066572152642809,0.5043330225336705,-1.0161329645585022,1
-0.8043672005990544,0.9009088760241706,0.8491410419312149,-0.6383683426931364,-0.911310674287764,0.9048055324001227,-0.7444821318934918,1.4316811360790147,1.088811025251402,-0.2262991435398101,-0.7394662468772634,0.6233852166075523,-1.0161329645585022,1
0.21232733076517762,-1.1099901739376037,1.5251962127575889,-0.03083560561393876,0.10257878806523006,0.9048055324001227,0.8698243736213912,-1.461440576166749,1.4144252388006033,0.5763988794695595,0.03455021005991044,1.3972244780877838,-1.0161329645585022,1
1.2290218621294098,0.9009088760241706,-0.502969299721533,-0.6037514526573267,1.1164682504182242,0.9048055324001227,0.38271364074285674,0.853056793629862,0.06497251873071805,1.7231103409115156,1.582583123934258,0.6233852166075523,-1.0161329645585022,1
-0.9738162891597597,0.9009088760241706,-0.502969299721533,-0.7133031708044125,-0.5733475201700994,0.9048055324001227,-0.2507203421941191,-0.8828162337175963,1.0653130923148617,1.035083464046342,-0.7394662468772634,0.305912699077201,-1.0161329645585022,1
-0.8043672005990544,-1.1099901739376037,0.8491410419312149,-0.23957924270031344,-0.911310674287764,0.9048055324001227,1.8459461413272709,0.853056793629862,-0.0995130118250634,2.1817949254882985,-0.7394662468772634,1.0400678958661385,-1.0161329645585022,1
-0.634918112038349,0.9009088760241706,0.8491410419312149,-0.20892623925163337,-0.911310674287764,0.9048055324001227,1.6495816066168083,-1.461440576166749,0.4980058542755321,1.8377814870557112,-0.4814607612315388,-0.7457150152420878,-1.0161329645585022,1
1.2290218621294098,-1.1099901739376037,-0.502969299721533,-0.770850592013578,1.1164682504182242,0.9048055324001227,-0.5436835593024705,-1.461440576166749,0.19253272610050842,0.6910700256137552,1.582583123934258,-0.2893482712922078,-1.0161329645585022,1
0.38177641932588297,-1.1099901739376037,0.8491410419312149,0.24823148554609506,-0.06640278899360229,0.9048055324001227,-0.868635192549139,-1.461440576166749,1.2365123179953694,-1.143668312693375,0.8085666669970842,-0.5472946917856183,-1.0161329645585022,1
-0.12657084635623306,-1.1099901739376037,-1.179024470547907,0.11101152317330723,-0.404365943111267,-1.177851894974348,2.4413740852880284,0.2744324511807092,2.7907327393693913,1.7231103409115156,0.8085666669970842,-0.6266628211682062,-1.0161329645585022,1
0.38177641932588297,-1.1099901739376037,1.5251962127575889,-0.486335130843346,0.10257878806523006,0.9048055324001227,0.8577891279455886,-1.461440576166749,-0.4821936339344339,1.952452633199907,0.8085666669970842,0.8813316371009629,-1.0161329645585022,1
-0.9738162891597597,0.9009088760241706,1.5251962127575889,-0.41237943009622147,-0.911310674287764,0.9048055324001227,0.8577891279455886,-0.8828162337175963,1.632620330354191,1.6084391947673204,-0.997471732522988,0.4844909901880236,-1.0161329645585022,1
-0.8043672005990544,-1.1099901739376037,-0.502969299721533,-0.8985319587743088,-0.911310674287764,0.9048055324001227,-0.6622940726074191,0.2744324511807092,1.4345663241747801,1.035083464046342,-0.4814607612315388,0.6035431842619053,-1.0161329645585022,1
0.38177641932588297,0.9009088760241706,-1.179024470547907,10.17227163916521,0.2715603651240624,-1.177851894974348,2.381672932396218,0.853056793629862,-0.6198243839913128,-1.2583394588375707,1.066572152642809,1.1194360252487263,-1.0161329645585022,1
0.890123685007999,0.9009088760241706,-0.502969299721533,-0.3582905394152687,1.1164682504182242,0.9048055324001227,-0.8046583602725045,0.2744324511807092,1.223084927745918,-0.6849837281165926,1.3245776382885335,1.9329593514202517,-1.0161329645585022,1
-0.12657084635623306,-1.1099901739376037,0.8491410419312149,-0.21409034647869077,-0.23538436605243465,0.9048055324001227,1.3328646151483206,-0.8828162337175963,1.2264417753082808,1.4937680486231246,-0.22345527558581418,-0.2893482712922078,-1.0161329645585022,1
-0.12657084635623306,-1.1099901739376037,-1.179024470547907,-0.6434850727896704,0.2715603651240624,0.9048055324001227,-1.0089408197696792,-1.461440576166749,-0.3647039692517326,-0.6849837281165926,-0.7394662468772634,0.5837011519162584,-1.0161329645585022,1
-0.634918112038349,-1.1099901739376037,-1.179024470547907,-0.868621197037163,-0.7423290972289317,0.9048055324001227,-0.26085528592111074,0.2744324511807092,0.6792756226431284,2.0671237793441026,-0.4814607612315388,0.26622863438590705,-1.0161329645585022,1
-0.8043672005990544,0.9009088760241706,0.8491410419312149,-0.6278032425864043,-0.7423290972289317,0.9048055324001227,0.06599664927436881,1.4316811360790147,0.05490197604362957,1.2644257563347332,-0.7394662468772634,0.6432272489531993,-1.0161329645585022,1
0.0428782422044723,-1.1099901739376037,-0.502969299721533,-0.22500287887592824,-0.404365943111267,0.9048055324001227,-0.7257958293968509,-1.461440576166749,0.7027735555796687,-0.6849837281165926,0.8085666669970842,-0.13061201252703214,-1.0161329645585022,1
-0.8043672005990544,-1.1099901739376037,-1.179024470547907,-0.31809894035453157,-0.911310674287764,-1.177851894974348,0.8577891279455886,0.2744324511807092,2.656458836874876,1.2644257563347332,-0.7394662468772634,-0.40840046536608954,-1.0161329645585022,1
0.38177641932588297,-1.1099901739376037,-0.502969299721533,-0.4508812448349551,-0.23538436605243465,0.9048055324001227,0.06599664927436881,1.4316811360790147,0.3872298847175565,0.5763988794695595,-0.22345527558581418,0.6035431842619053,-1.0161329645585022,1
0.5512255078865883,0.9009088760241706,1.5251962127575889,-0.4658208333266869,0.10257878806523006,0.9048055324001227,0.6994306322113446,1.4316811360790147,0.9914624459428782,1.6084391947673204,0.8085666669970842,1.0400678958661385,-1.0161329645585022,1
-0.9738162891597597,-1.1099901739376037,0.8491410419312149,-0.9059543758896512,-0.911310674287764,0.9048055324001227,-0.9508232518352117,-0.3041918912684436,0.1791053358510565,0.23238544103697253,-0.7394662468772634,-0.011559818453150373,-1.0161329645585022,1
-0.634918112038349,0.9009088760241706,-1.179024470547907,-0.560543509619929,-0.911310674287764,0.9048055324001227,-1.0714924255847056,0.2744324511807092,-0.3109944082539262,-0.9143260204049839,-0.4814607612315388,-1.0631875327724392,-1.0161329645585022,1
-0.2960199349169384,-1.1099901739376037,-1.179024470547907,-0.6590405639782071,-0.404365943111267,0.9048055324001227,-0.3972019507482948,-1.461440576166749,0.0045492626081859895,0.5763988794695595,-0.22345527558581418,0.028124246238143545,-1.0161329645585022,1
-0.46546902347764374,-1.1099901739376037,1.5251962127575889,-1.056992667998449,-0.23538436605243465,0.21058638994196582,-0.6679949784538519,-0.3041918912684436,0.17239164072633087,3.0991640946418633,-0.7394662468772634,-3.067232799682782,-1.0161329645585022,1
-0.8043672005990544,0.9009088760241706,-1.179024470547907,-0.2134902361587269,-0.911310674287764,0.9048055324001227,1.4912231108825644,-1.461440576166749,0.04483143335654109,1.7231103409115156,-0.4814607612315388,0.06780831092943747,-1.0161329645585022,1
-0.12657084635623306,0.9009088760241706,0.8491410419312149,-0.6019195369437528,-0.06640278899360229,0.9048055324001227,-0.8841543251310949,0.2744324511807092,1.4144252388006033,-0.45564143582820127,0.29255569570563505,0.46464895784237664,-1.0161329645585022,1
-0.12657084635623306,0.9009088760241706,1.5251962127575889,0.5572251308201159,-0.23538436605243465,0.9048055324001227,3.4597775713549512,1.4316811360790147,0.9444665800697976,1.4937680486231246,-0.4814607612315388,1.8932752867289577,-1.0161329645585022,1
-0.46546902347764374,0.9009088760241706,-1.179024470547907,-0.004667637188146442,-0.5733475201700994,0.9048055324001227,2.3226052134873454,-0.8828162337175963,1.555412836419845,1.8377814870557112,-0.7394662468772634,-1.7378166325244357,-1.0161329645585022,1
0.0428782422044723,-1.1099901739376037,1.5251962127575889,-0.13173310125207222,0.10257878806523006,0.9048055324001227,-1.068641972661489,0.853056793629862,0.8236200678247334,-1.143668312693375,1.066572152642809,0.286070666731554,-1.0161329645585022,1
1.5679200392508204,-1.1099901739376037,0.8491410419312149,-0.7701399350557261,1.6234129815947211,0.9048055324001227,-1.0656331612425385,1.4316811360790147,1.5218443607962155,-0.570312581972397,1.3245776382885335,0.821805540064022,-1.0161329645585022,1
-0.2960199349169384,-1.1099901739376037,-0.502969299721533,-0.7379392786766129,-0.404365943111267,0.9048055324001227,-0.6052850141430913,-0.3041918912684436,1.2700807936189982,0.3470565871811683,0.03455021005991044,1.1988041546313142,-1.0161329645585022,1
-0.46546902347764374,-1.1099901739376037,-0.502969299721533,-0.5843268291427072,-0.23538436605243465,0.9048055324001227,-0.8841543251310949,0.2744324511807092,1.575553921794022,-0.570312581972397,-0.4814607612315388,1.3972244780877838,-1.0161329645585022,1
0.890123685007999,-1.1099901739376037,1.5251962127575889,-0.6721956138868884,0.2715603651240624,0.9048055324001227,0.6994306322113446,0.2744324511807092,-0.7473845913611031,2.640479510065081,0.29255569570563505,1.3972244780877838,-1.0161329645585022,1
-0.2960199349169384,0.9009088760241706,0.8491410419312149,0.617915235020671,-0.23538436605243465,-1.177851894974348,4.024959042630468,1.4316811360790147,0.7631968117022008,1.7231103409115156,0.29255569570563505,-0.011559818453150373,-1.0161329645585022,1
-0.9738162891597597,0.9009088760241706,1.5251962127575889,-0.40819445023331563,-0.911310674287764,0.9048055324001227,-0.804975077263973,-1.461440576166749,-0.4083429875624505,-0.6849837281165926,-0.7394662468772634,-1.3012919209202027,-1.0161329645585022,1
-0.46546902347764374,0.9009088760241706,0.8491410419312149,-0.6016510665374531,-0.404365943111267,-1.177851894974348,0.40599233961579057,0.853056793629862,-0.5493305851816922,1.7231103409115156,-0.4814607612315388,0.8614896047553159,-1.0161329645585022,1
1.0595727735687044,-1.1099901739376037,0.8491410419312149,-0.3772887687551771,1.1164682504182242,0.9048055324001227,2.2017776812421173,-0.8828162337175963,0.1354663175403392,3.213835240786059,0.8085666669970842,0.9011736694466097,-1.0161329645585022,1
0.21232733076517762,-1.1099901739376037,-0.502969299721533,0.1549775002990802,0.6095235192417271,0.9048055324001227,3.4105280791816015,-0.3041918912684436,0.0985409943543475,2.411137217776689,0.29255569570563505,-0.9044512740072636,-1.0161329645585022,1
1.0595727735687044,-1.1099901739376037,-0.502969299721533,-1.0874087857945116,1.2854498274770565,0.9048055324001227,-1.281317432432579,-0.8828162337175963,0.5282174823367981,-0.11162799739561437,0.29255569570563505,0.08765034327508442,-1.0161329645585022,1
-0.12657084635623306,0.9009088760241706,-0.502969299721533,-0.31085023938444184,0.10257878806523006,0.9048055324001227,1.635012625009258,-0.3041918912684436,0.25966967734776614,2.1817949254882985,0.29255569570563505,1.1591200899400202,-1.0161329645585022,1
-0.8043672005990544,-1.1099901739376037,0.8491410419312149,-0.8828343361942016,-0.911310674287764,0.9048055324001227,-0.5674373336626071,0.2744324511807092,0.8672590861354508,1.2644257563347332,-0.7394662468772634,-0.686188918205147,-1.0161329645585022,1
0.5512255078865883,-1.1099901739376037,0.8491410419312149,-0.3207994367943689,0.2715603651240624,0.9048055324001227,2.395766838516566,0.853056793629862,1.0317446166912327,3.0991640946418633,0.03455021005991044,-0.6465048535138531,-1.0161329645585022,1
-0.8043672005990544,-1.1099901739376037,-0.502969299721533,-0.403314605789399,-0.911310674287764,-1.177851894974348,2.363936780873983,-1.461440576166749,1.6091223974176514,3.5578486792186466,-0.997471732522988,-2.610866055732902,-1.0161329645585022,1
0.38177641932588297,0.9009088760241706,0.8491410419312149,0.12066066542325238,0.4405419421828948,0.9048055324001227,2.4413740852880284,0.2744324511807092,1.1156658057503053,1.7231103409115156,0.29255569570563505,-0.5869787564769122,-1.0161329645585022,1
-0.9738162891597597,-1.1099901739376037,0.8491410419312149,-0.7752724575291011,-0.7423290972289317,0.9048055324001227,0.06599664927436881,0.853056793629862,-0.11629724963687813,2.0671237793441026,-0.4814607612315388,0.08765034327508442,-1.0161329645585022,1
-0.9738162891597597,-1.1099901739376037,-0.502969299721533,-0.6752909197477547,-0.911310674287764,0.9048055324001227,0.06599664927436881,0.853056793629862,-0.14650887769814416,1.4937680486231246,-0.4814607612315388,-0.44808453005738347,-1.0161329645585022,1
0.890123685007999,-1.1099901739376037,1.5251962127575889,-0.33423874948619103,0.6095235192417271,0.9048055324001227,0.8375192404916054,0.853056793629862,0.1757484882886937,1.2644257563347332,1.3245776382885335,1.1591200899400202,-1.0161329645585022,1
-0.634918112038349,-1.1099901739376037,-0.502969299721533,-0.7283375135571912,-0.911310674287764,0.9048055324001227,-0.41905542315962047,0.2744324511807092,1.5252012083585789,0.8057411717579506,-0.4814607612315388,0.9805417988291976,-1.0161329645585022,1
-0.8043672005990544,0.9009088760241706,-1.179024470547907,-0.5653917693101633,-0.404365943111267,0.9048055324001227,-1.042512820865339,-0.3041918912684436,0.11532523216616163,-0.7996548742607882,-0.4814607612315388,-3.087074832028429,-1.0161329645585022,1
0.0428782422044723,0.9009088760241706,0.8491410419312149,-0.6495177607429912,-0.06640278899360229,0.9048055324001227,0.0951346124894697,0.2744324511807092,-0.5929696034924096,1.379096902478929,0.8085666669970842,-0.38855843302044263,-1.0161329645585022,1
0.0428782422044723,-1.1099901739376037,0.8491410419312149,-0.7180882609872822,-0.5733475201700994,0.9048055324001227,0.13092363252540884,0.2744324511807092,-0.4687662436849826,1.8377814870557112,0.03455021005991044,0.0479662785837905,-1.0161329645585022,1
-0.46546902347764374,-1.1099901739376037,-0.502969299721533,-0.7859007271431978,-0.404365943111267,0.9048055324001227,-1.3044377728097785,-0.8828162337175963,0.501362701837895,-1.143668312693375,-0.7394662468772634,-1.102871597463733,-1.0161329645585022,1
-0.46546902347764374,0.9009088760241706,1.5251962127575889,-0.8078995080829255,-0.911310674287764,0.9048055324001227,-0.2507203421941191,-0.8828162337175963,0.850474848323636,1.6084391947673204,-0.7394662468772634,0.8614896047553159,-1.0161329645585022,1
2.0762673049329363,-1.1099901739376037,-0.502969299721533,-0.6422058902655369,2.130357712771218,0.9048055324001227,-1.121692068732461,-0.3041918912684436,-1.0125755487877717,-0.9143260204049839,2.6146050665171567,-2.0156050853634935,-1.0161329645585022,1
1.5679200392508204,0.9009088760241706,0.8491410419312149,0.02960182055715792,1.2854498274770565,0.9048055324001227,2.2716137778609187,1.4316811360790147,1.1257363484373937,1.7231103409115156,1.066572152642809,-0.5274526594399713,-1.0161329645585022,1
-0.9738162891597597,-1.1099901739376037,1.5251962127575889,-0.5094867552924779,-0.911310674287764,0.9048055324001227,0.06599664927436881,0.853056793629862,1.0787404825643134,0.8057411717579506,-0.7394662468772634,-0.38855843302044263,-1.0161329645585022,1
1.906818216372231,0.9009088760241706,-1.179024470547907,-0.2571719505013591,1.6234129815947211,-1.177851894974348,-0.4090788379283631,-1.461440576166749,1.1123089581879424,-0.34097028968400567,2.098594095225707,1.6353288662355472,-1.0161329645585022,1
-0.8043672005990544,-1.1099901739376037,-1.179024470547907,0.8018964252201162,-0.5733475201700994,0.9048055324001227,0.06599664927436881,-1.461440576166749,0.001192415045823164,-0.6849837281165926,-0.7394662468772634,0.8416475724096689,-1.0161329645585022,1
-0.12657084635623306,-1.1099901739376037,0.8491410419312149,-0.39507098507831656,0.2715603651240624,0.9048055324001227,1.2674625564100777,-1.461440576166749,0.4140846652164597,2.0671237793441026,0.5505611813513597,-1.5195542767223194,-1.0161329645585022,1
-0.8043672005990544,0.9009088760241706,0.8491410419312149,-0.4894462290810534,-0.7423290972289317,0.9048055324001227,0.5805034019149274,0.853056793629862,1.854172269470143,1.4937680486231246,-0.7394662468772634,-0.4877685947486774,-1.0161329645585022,1
0.21232733076517762,0.9009088760241706,-1.179024470547907,-0.7188462950756577,0.4405419421828948,0.9048055324001227,-0.15364658430902756,-0.8828162337175963,2.2972761477020454,1.2644257563347332,0.8085666669970842,0.5440170872249644,-1.0161329645585022,1
-0.46546902347764374,0.9009088760241706,-1.179024470547907,-0.5671605155163726,-0.7423290972289317,0.9048055324001227,-1.1220087857239294,0.2744324511807092,0.25966967734776614,-0.9143260204049839,-0.4814607612315388,-0.8449251769703227,-1.0161329645585022,1
-0.46546902347764374,0.9009088760241706,-0.502969299721533,-0.7155141035621742,-0.911310674287764,0.9048055324001227,0.3933236599570511,-1.461440576166749,0.8236200678247334,2.411137217776689,-0.22345527558581418,0.22654456969461315,-1.0161329645585022,1
-0.2960199349169384,0.9009088760241706,-0.502969299721533,-0.5627544423776907,-0.23538436605243465,0.9048055324001227,-1.042512820865339,0.853056793629862,1.1727322143104744,-0.7996548742607882,0.03455021005991044,0.9011736694466097,-1.0161329645585022,1
0.5512255078865883,0.9009088760241706,-1.179024470547907,-0.9816630304661439,0.7785050963005594,0.9048055324001227,-0.969192837340384,-0.8828162337175963,0.42415520790354816,0.6910700256137552,0.03455021005991044,0.008282213892496587,-1.0161329645585022,1
-0.12657084635623306,-1.1099901739376037,-0.502969299721533,-0.6207756348920908,-0.404365943111267,0.9048055324001227,-0.6374317887771429,-0.8828162337175963,0.1354663175403392,0.003043148748581378,-0.22345527558581418,0.46464895784237664,-1.0161329645585022,1
-0.634918112038349,0.9009088760241706,-1.179024470547907,-0.5646653199754703,-0.911310674287764,0.9048055324001227,-0.4523107072638117,-1.461440576166749,0.1488937077897905,0.1177142948927768,-0.7394662468772634,1.714696995618135,-1.0161329645585022,1
0.0428782422044723,-1.1099901739376037,-0.502969299721533,-1.0214598201058522,-0.06640278899360229,0.21058638994196582,-1.056290009994218,-0.8828162337175963,0.32009293347029877,0.5763988794695595,-0.22345527558581418,-0.03140185079879733,-1.0161329645585022,1
0.38177641932588297,0.9009088760241706,-1.179024470547907,-0.16406009664591462,-0.23538436605243465,-1.177851894974348,-0.06892478909120704,0.2744324511807092,1.380856763176974,-0.11162799739561437,0.03455021005991044,-1.6187644384505542,-1.0161329645585022,1
-0.9738162891597597,0.9009088760241706,0.8491410419312149,0.4193734733736819,-0.5733475201700994,-1.177851894974348,2.4413740852880284,-1.461440576166749,1.4580642571113207,1.035083464046342,-0.4814607612315388,-1.2616078562289088,-1.0161329645585022,1
-0.8043672005990544,0.9009088760241706,0.8491410419312149,0.1698065421529239,-0.404365943111267,-1.177851894974348,-0.30440387224802784,-1.461440576166749,0.11532523216616163,-0.6849837281165926,-0.7394662468772634,0.4844909901880236,-1.0161329645585022,1
-0.46546902347764374,-1.1099901739376037,0.8491410419312149,-0.8926414022125583,-0.404365943111267,0.9048055324001227,0.4759867947303264,1.4316811360790147,-1.0226460914748605,4.589888994516407,-0.4814607612315388,-2.749760282152431,-1.0161329645585022,1
-0.2960199349169384,-1.1099901739376037,-0.502969299721533,-0.6776123991434043,-0.404365943111267,0.9048055324001227,-0.09236184645987515,-0.3041918912684436,2.045512580524828,1.1497546101905376,-0.4814607612315388,-0.7060309505507939,-1.0161329645585022,1
0.890123685007999,0.9009088760241706,0.8491410419312149,-0.1454566767270351,0.9474866733593919,0.9048055324001227,0.8577891279455886,0.2744324511807092,0.964607665443975,0.8057411717579506,0.5505611813513597,0.32575473142284794,-1.0161329645585022,1
-0.8043672005990544,0.9009088760241706,-0.502969299721533,-0.48911458916738915,-0.5733475201700994,0.9048055324001227,0.5094004373302519,1.4316811360790147,0.07504306141780712,1.379096902478929,-0.7394662468772634,-2.749760282152431,-1.0161329645585022,1
-0.9738162891597597,0.9009088760241706,-0.502969299721533,-0.6763174242424297,-0.7423290972289317,0.9048055324001227,0.06599664927436881,0.853056793629862,-0.23378691431957943,1.4937680486231246,-0.4814607612315388,-0.46792656240303043,-1.0161329645585022,1
-0.2960199349169384,0.9009088760241706,-1.179024470547907,-0.601129918101695,-0.404365943111267,0.9048055324001227,-0.41588825324493556,-1.461440576166749,1.4009978485511514,0.3470565871811683,-0.7394662468772634,0.08765034327508442,-1.0161329645585022,1
-0.12657084635623306,0.9009088760241706,0.8491410419312149,-0.5090761534946079,-0.7423290972289317,0.9048055324001227,-0.6299889394776333,-0.3041918912684436,1.8273174889712391,-0.2262991435398101,-0.4814607612315388,-0.3488743683291487,-1.0161329645585022,1
0.5512255078865883,-1.1099901739376037,-1.179024470547907,-0.6317513367966928,0.10257878806523006,0.9048055324001227,-0.804975077263973,-0.3041918912684436,0.01797665285763789,-0.34097028968400567,0.8085666669970842,-2.3330776028938445,-1.0161329645585022,1
-0.46546902347764374,0.9009088760241706,-0.502969299721533,0.009577086722574542,-0.911310674287764,0.9048055324001227,-0.385008346576758,0.2744324511807092,1.437923171737143,-0.570312581972397,-0.22345527558581418,0.6829113136444932,-1.0161329645585022,1
-0.2960199349169384,0.9009088760241706,-0.502969299721533,-0.8468908865037349,-0.5733475201700994,0.9048055324001227,-0.9356208362447243,-1.461440576166749,1.615836092542377,0.003043148748581378,0.29255569570563505,-0.7457150152420878,-1.0161329645585022,1
-0.12657084635623306,0.9009088760241706,-0.502969299721533,-0.5076706319557452,-0.23538436605243465,0.9048055324001227,-0.4090788379283631,0.853056793629862,0.8236200678247334,0.1177142948927768,0.29255569570563505,-0.44808453005738347,-1.0161329645585022,1
-0.634918112038349,0.9009088760241706,0.8491410419312149,-0.47107969481479117,-0.06640278899360229,0.9048055324001227,0.9111559410080288,-1.461440576166749,0.6054249762711449,1.952452633199907,-0.7394662468772634,-1.7378166325244357,-1.0161329645585022,1
-0.12657084635623306,-1.1099901739376037,-1.179024470547907,-0.5202729486749862,-0.23538436605243465,-1.177851894974348,-1.1213753517409923,0.853056793629862,0.4174415127788225,-1.0289971665491795,-0.22345527558581418,1.0797519605574324,-1.0161329645585022,1
0.38177641932588297,-1.1099901739376037,-0.502969299721533,-0.9297692801661116,0.2715603651240624,0.9048055324001227,-1.1090233890737213,0.2744324511807092,1.2667239460566353,-0.2262991435398101,0.5505611813513597,0.40512286080543575,-1.0161329645585022,1
-0.8043672005990544,0.9009088760241706,0.8491410419312149,-0.5685976218089177,-0.7423290972289317,0.9048055324001227,0.5410721364771007,-1.461440576166749,0.27981076272194366,1.8377814870557112,-0.4814607612315388,-0.24966420660091387,-1.0161329645585022,1
0.21232733076517762,-1.1099901739376037,-0.502969299721533,-1.036699463757566,0.4405419421828948,0.9048055324001227,-1.122483861211132,0.853056793629862,-0.34120603631519225,0.3470565871811683,0.29255569570563505,0.46464895784237664,-1.0161329645585022,1
0.5512255078865883,-1.1099901739376037,-1.179024470547907,-0.27741777761171865,0.7785050963005594,-1.177851894974348,0.5491484197595471,0.2744324511807092,1.763537385286345,0.8057411717579506,0.29255569570563505,-0.6663468858595001,-1.0161329645585022,1
-0.2960199349169384,-1.1099901739376037,0.17308587110484092,-0.29752147333050777,-0.7423290972289317,0.9048055324001227,1.3328646151483206,0.853056793629862,0.5550722628357013,1.7231103409115156,0.03455021005991044,-0.44808453005738347,-1.0161329645585022,1
1.398470950690115,0.9009088760241706,-0.502969299721533,-0.9812840134219561,1.2854498274770565,0.9048055324001227,-0.7577842455351683,0.853056793629862,1.3942841534264256,1.4937680486231246,2.356599580871432,0.8614896047553159,-1.0161329645585022,1
0.0428782422044723,0.9009088760241706,1.5251962127575889,-0.6730326098594697,-0.06640278899360229,0.9048055324001227,0.06599664927436881,1.4316811360790147,-0.5963264510547723,1.4937680486231246,-0.22345527558581418,-2.194183376474316,-1.0161329645585022,1
-0.2960199349169384,0.9009088760241706,0.8491410419312149,-0.769618786619968,-0.5733475201700994,0.9048055324001227,-0.17154109432699713,0.2744324511807092,0.23617174441122635,1.4937680486231246,-0.7394662468772634,-1.0235034680811452,-1.0161329645585022,1
-0.8043672005990544,0.9009088760241706,-0.502969299721533,-0.5989979472281393,-0.911310674287764,0.9048055324001227,0.3714701875457254,-1.461440576166749,0.5517154152733386,1.6084391947673204,-0.4814607612315388,-0.5076106270943244,-1.0161329645585022,1
-0.12657084635623306,0.9009088760241706,-0.502969299721533,0.24821569316925393,0.4405419421828948,0.9048055324001227,-0.9254858925177326,-1.461440576166749,1.1727322143104744,-1.143668312693375,0.5505611813513597,0.4249648931510827,-1.0161329645585022,1
-0.634918112038349,-1.1099901739376037,-1.179024470547907,-0.9991767763829837,-0.911310674287764,0.9048055324001227,-1.1310352199807814,1.4316811360790147,1.0955247203761276,0.1177142948927768,-0.7394662468772634,-0.2893482712922078,-1.0161329645585022,1
-0.46546902347764374,0.9009088760241706,-1.179024470547907,-0.637199706806891,-0.5733475201700994,0.9048055324001227,-0.15966420714692883,0.2744324511807092,1.5486991412951188,0.9204123179021463,-0.997471732522988,1.4567505751247247,-1.0161329645585022,1
-0.12657084635623306,0.9009088760241706,-1.179024470547907,-0.9098866777230986,-0.23538436605243465,0.9048055324001227,-0.9210518546371738,0.2744324511807092,1.2331554704330066,0.3470565871811683,-0.22345527558581418,0.008282213892496587,-1.0161329645585022,1
0.38177641932588297,0.9009088760241706,-0.502969299721533,-0.38069992215286635,0.2715603651240624,0.9048055324001227,0.8577891279455886,0.853056793629862,0.7598399641398379,1.4937680486231246,0.03455021005991044,1.0995939929030794,-1.0161329645585022,1
-0.2960199349169384,0.9009088760241706,-1.179024470547907,-0.7725403763355815,-0.06640278899360229,0.9048055324001227,0.06520485679569758,-0.3041918912684436,0.984748750818152,2.0671237793441026,-0.7394662468772634,-0.7853990799333818,-1.0161329645585022,1
-0.634918112038349,0.9009088760241706,-0.502969299721533,0.14526518854177045,-0.911310674287764,0.9048055324001227,0.38271364074285674,1.4316811360790147,0.4946490067131693,-0.11162799739561437,-0.7394662468772634,-0.5671367241312653,-1.0161329645585022,1
-0.12657084635623306,-1.1099901739376037,-0.502969299721533,-0.8672156754983003,-0.7423290972289317,0.9048055324001227,-0.9848703284180741,1.4316811360790147,0.5382880250238866,-0.11162799739561437,-0.22345527558581418,1.0599099282117854,-1.0161329645585022,1
-0.46546902347764374,0.9009088760241706,0.8491410419312149,-0.7942864792458507,-0.5733475201700994,0.9048055324001227,0.18001476620302445,-0.3041918912684436,0.6457071470194995,2.525808363920885,-0.997471732522988,-0.8250831446246757,-1.0161329645585022,1
-0.8043672005990544,-1.1099901739376037,-1.179024470547907,-0.7775781445479096,-0.5733475201700994,0.9048055324001227,-0.7257958293968509,-1.461440576166749,-0.32106495094101467,0.23238544103697253,-0.7394662468772634,1.1789621222856672,-1.0161329645585022,1
0.0428782422044723,-1.1099901739376037,0.8491410419312149,-0.6761279157203358,0.4405419421828948,0.9048055324001227,0.8261174287987398,-0.3041918912684436,0.04483143335654109,2.984492948497668,0.29255569570563505,1.0599099282117854,-1.0161329645585022,1
0.5512255078865883,0.9009088760241706,0.8491410419312149,-0.6546344908395251,-0.7423290972289317,0.9048055324001227,-0.7573091700479655,-1.461440576166749,1.058599397190136,-0.2262991435398101,0.8085666669970842,-0.7655570475877348,-1.0161329645585022,1
-0.46546902347764374,0.9009088760241706,1.5251962127575889,-0.4107370229047414,-0.23538436605243465,0.9048055324001227,-0.2507203421941191,-0.8828162337175963,0.7866947446387411,0.1177142948927768,-0.7394662468772634,0.40512286080543575,-1.0161329645585022,1
1.0595727735687044,-1.1099901739376037,-0.502969299721533,-0.26464174474722496,1.6234129815947211,0.9048055324001227,-1.252812903200415,0.853056793629862,0.20931696391232313,-1.2583394588375707,2.356599580871432,1.337698381050843,-1.0161329645585022,1
0.890123685007999,0.9009088760241706,-0.502969299721533,-0.62172317750256,0.4405419421828948,0.9048055324001227,0.6805859712189696,1.4316811360790147,0.850474848323636,2.2964660716324943,0.8085666669970842,0.9011736694466097,-1.0161329645585022,1
-0.634918112038349,0.9009088760241706,-1.179024470547907,-0.603688283149962,-0.23538436605243465,0.9048055324001227,-0.4090788379283631,-1.461440576166749,1.360715677802797,0.3470565871811683,-0.7394662468772634,0.9210157017922567,-1.0161329645585022,1
-0.46546902347764374,-1.1099901739376037,0.8491410419312149,-0.5657865787311922,-0.5733475201700994,0.9048055324001227,0.42103639671054377,0.2744324511807092,-0.059230841076708896,1.6084391947673204,-0.4814607612315388,1.3773824457421369,-1.0161329645585022,1
-0.46546902347764374,0.9009088760241706,0.8491410419312149,-0.25298697063845327,-0.7423290972289317,0.9048055324001227,-0.2827087583324364,0.2744324511807092,0.9746782081310635,-0.2262991435398101,-0.997471732522988,0.008282213892496587,-1.0161329645585022,1
-0.12657084635623306,0.9009088760241706,0.8491410419312149,-0.8735326262347619,-0.06640278899360229,0.9048055324001227,-0.7999076054004771,1.4316811360790147,0.9478234276321603,0.4617277333253637,0.03455021005991044,-2.4719718293133734,-1.0161329645585022,1
-0.12657084635623306,0.9009088760241706,0.8491410419312149,-0.11489842753940195,-0.06640278899360229,0.9048055324001227,1.6495816066168083,-0.8828162337175963,0.39730042740464494,1.6084391947673204,-0.22345527558581418,0.14717644031202531,-1.0161329645585022,1
0.7206745964472937,0.9009088760241706,0.17308587110484092,-0.5957763023525439,0.4405419421828948,0.9048055324001227,1.2053860260822542,-0.8828162337175963,-0.3680608168140954,3.0991640946418633,0.5505611813513597,1.5559607368529593,-1.0161329645585022,1
-0.2960199349169384,-1.1099901739376037,-0.502969299721533,-0.6430744709918004,-0.7423290972289317,0.9048055324001227,-1.0526477645923304,0.853056793629862,0.5450017201486129,-0.7996548742607882,0.03455021005991044,1.3972244780877838,-1.0161329645585022,1
-0.8043672005990544,0.9009088760241706,-0.502969299721533,0.01057200646356725,-0.5733475201700994,0.9048055324001227,1.9662985980852963,0.2744324511807092,-0.7037455730503852,1.4937680486231246,-0.997471732522988,0.5440170872249644,-1.0161329645585022,1
-0.8043672005990544,-1.1099901739376037,-1.179024470547907,0.7047891000238596,-0.911310674287764,-1.177851894974348,0.9357015078468366,-1.461440576166749,-0.33113549362810374,-0.2262991435398101,-0.4814607612315388,-0.17029607721832604,-1.0161329645585022,1
-0.2960199349169384,0.9009088760241706,0.17308587110484092,-0.8809392509732632,-0.06640278899360229,0.9048055324001227,-0.8841543251310949,-1.461440576166749,-1.2039158598424569,0.3470565871811683,-0.4814607612315388,0.5638591195706114,-1.0161329645585022,1
0.0428782422044723,-1.1099901739376037,-0.502969299721533,-0.13189102502048375,-0.5733475201700994,0.9048055324001227,-0.8873214950457798,-0.8828162337175963,-1.7980778783806897,-0.9143260204049839,0.29255569570563505,0.08765034327508442,-1.0161329645585022,1
1.0595727735687044,-1.1099901739376037,-1.179024470547907,-0.9568374140718496,0.7785050963005594,0.21058638994196582,-0.7257958293968509,0.853056793629862,-0.5258326522451519,1.379096902478929,1.582583123934258,1.0400678958661385,-1.0161329645585022,1
-0.634918112038349,-1.1099901739376037,-0.502969299721533,0.22288472071604276,-0.911310674287764,0.9048055324001227,2.4413740852880284,0.853056793629862,1.6393340254789173,1.4937680486231246,-0.7394662468772634,0.8813316371009629,-1.0161329645585022,1
-0.46546902347764374,-1.1099901739376037,0.8491410419312149,-0.052044767711608694,-0.23538436605243465,-1.177851894974348,-0.9003068916959879,-0.3041918912684436,0.4543668359648142,-1.0289971665491795,-0.4814607612315388,-0.13061201252703214,-1.0161329645585022,1
-0.634918112038349,-1.1099901739376037,1.5251962127575889,-0.8901304142948149,-0.911310674287764,0.21058638994196582,-0.963333572998217,0.2744324511807092,0.9411097325074347,0.1177142948927768,-0.4814607612315388,-0.9838194033898514,-1.0161329645585022,1
0.38177641932588297,0.9009088760241706,-0.502969299721533,-0.5987926463292043,-0.06640278899360229,0.9048055324001227,-0.3298995900612411,-0.3041918912684436,-0.6567497071773044,0.4617277333253637,-0.22345527558581418,-1.2219237915376149,-1.0161329645585022,1
-0.634918112038349,0.9009088760241706,1.5251962127575889,-0.4504074735297205,-0.911310674287764,0.9048055324001227,-1.2000795241209117,-1.461440576166749,1.357358830240434,-1.143668312693375,-0.7394662468772634,-0.6663468858595001,-1.0161329645585022,1
-0.634918112038349,0.9009088760241706,-1.179024470547907,-0.4111950018331349,-0.911310674287764,0.9048055324001227,0.38271364074285674,-1.461440576166749,0.18581903097578276,0.9204123179021463,-0.4814607612315388,-1.6386064707962011,-1.0161329645585022,1
0.38177641932588297,0.9009088760241706,1.5251962127575889,-0.6774860601286751,-0.23538436605243465,0.9048055324001227,-0.3298995900612411,-0.8828162337175963,0.7598399641398379,0.6910700256137552,0.03455021005991044,-0.20998014190961997,-1.0161329645585022,1
-0.12657084635623306,-1.1099901739376037,-1.179024470547907,1.369790296428017,0.10257878806523006,0.9048055324001227,-0.8824123816780183,-0.8828162337175963,0.24288543953595199,-1.3730106049817663,1.066572152642809,-0.7060309505507939,-1.0161329645585022,1
-0.2960199349169384,0.9009088760241706,0.8491410419312149,-1.0111316056517374,-0.23538436605243465,0.9048055324001227,-1.1253343141343486,0.853056793629862,0.5416448725862495,0.23238544103697253,-0.4814607612315388,0.26622863438590705,-1.0161329645585022,1
-0.634918112038349,-1.1099901739376037,-1.179024470547907,-0.5636861926113187,-0.911310674287764,0.9048055324001227,0.8577891279455886,1.4316811360790147,1.2465828606824585,2.2964660716324943,-0.22345527558581418,0.20670253734896618,-1.0161329645585022,1
-0.9738162891597597,0.9009088760241706,-0.502969299721533,-1.0140847801210333,-0.911310674287764,0.9048055324001227,-0.8841543251310949,1.4316811360790147,-0.005521280078902488,1.2644257563347332,-0.4814607612315388,0.08765034327508442,-1.0161329645585022,1
-0.46546902347764374,0.9009088760241706,1.5251962127575889,-0.728921831500314,-0.7423290972289317,0.9048055324001227,0.2598274480530834,-1.461440576166749,1.451350561986595,2.1817949254882985,0.29255569570563505,0.06780831092943747,-1.0161329645585022,1
0.890123685007999,-1.1099901739376037,1.5251962127575889,-0.7875589267115191,0.4405419421828948,0.9048055324001227,-1.359229812333827,0.2744324511807092,1.3103629643673533,-1.2583394588375707,0.03455021005991044,1.0003838311748445,-1.0161329645585022,1
-0.8043672005990544,0.9009088760241706,-0.502969299721533,-0.10884994720923993,-0.911310674287764,0.9048055324001227,2.4618023312377457,0.853056793629862,0.42079836034118534,2.2964660716324943,-0.7394662468772634,0.801963507718375,-1.0161329645585022,1
0.38177641932588297,-1.1099901739376037,-1.179024470547907,0.44955270551712734,-0.06640278899360229,0.9048055324001227,1.7488723834421793,0.2744324511807092,1.343931439990982,0.5763988794695595,-0.22345527558581418,0.028124246238143545,-1.0161329645585022,1
-0.46546902347764374,-1.1099901739376037,-1.179024470547907,0.5639053062239241,-0.911310674287764,0.9048055324001227,4.024959042630468,0.2744324511807092,1.6594751108530943,1.8377814870557112,-0.997471732522988,-0.24966420660091387,-1.0161329645585022,1
-0.9738162891597597,-1.1099901739376037,-1.179024470547907,-0.883276522745754,-0.911310674287764,0.9048055324001227,-0.5674373336626071,-0.3041918912684436,-0.7977373047965461,1.2644257563347332,-0.997471732522988,1.1988041546313142,-1.0161329645585022,1
0.38177641932588297,0.9009088760241706,0.17308587110484092,0.5864252355994098,0.2715603651240624,-1.177851894974348,0.45302481284886104,-1.461440576166749,1.5184875132338527,-0.34097028968400567,-0.22345527558581418,1.8337491896920168,-1.0161329645585022,1
-0.634918112038349,-1.1099901739376037,0.8491410419312149,-0.03443626753372189,-0.5733475201700994,-1.177851894974348,-0.7257958293968509,-1.461440576166749,1.5486991412951188,-0.9143260204049839,-0.7394662468772634,-1.678290535487495,-1.0161329645585022,1
-0.46546902347764374,0.9009088760241706,-0.502969299721533,-0.01564333909274853,0.10257878806523006,0.9048055324001227,1.6495816066168083,1.4316811360790147,0.273097067597218,1.2644257563347332,-0.7394662468772634,1.5758027691986063,-1.0161329645585022,1
-0.8043672005990544,-1.1099901739376037,-1.179024470547907,-0.490330602184158,-0.911310674287764,0.9048055324001227,0.8577891279455886,-0.8828162337175963,0.2965950005337584,1.952452633199907,-0.7394662468772634,-2.075131182400434,-1.0161329645585022,1
-0.12657084635623306,0.9009088760241706,-0.502969299721533,-0.5624070100871853,0.2715603651240624,0.9048055324001227,0.5410721364771007,-1.461440576166749,2.4886164587567308,1.7231103409115156,-0.22345527558581418,0.14717644031202531,-1.0161329645585022,1
-0.634918112038349,0.9009088760241706,-1.179024470547907,0.255811826429849,-0.911310674287764,-1.177851894974348,-0.3432017037029176,1.4316811360790147,1.4547074095489578,-0.6849837281165926,-0.4814607612315388,0.0479662785837905,-1.0161329645585022,1
-0.46546902347764374,-1.1099901739376037,-0.502969299721533,-0.6991058240242151,-0.911310674287764,0.9048055324001227,-1.042512820865339,-0.8828162337175963,2.381197336761118,-0.6849837281165926,-0.997471732522988,0.10749237562073138,-1.0161329645585022,1
0.38177641932588297,-1.1099901739376037,0.8491410419312149,-0.6241394111592565,0.10257878806523006,0.9048055324001227,-1.195803844736087,-0.3041918912684436,1.2600102509319098,-1.0289971665491795,0.29255569570563505,-0.9242933063529105,-1.0161329645585022,1
-0.46546902347764374,0.9009088760241706,0.8491410419312149,-1.0857821709798727,-0.5733475201700994,0.9048055324001227,-0.9881958568284932,-0.8828162337175963,-0.45869570099789353,1.8377814870557112,-0.4814607612315388,1.0003838311748445,-1.0161329645585022,1
-0.634918112038349,0.9009088760241706,-0.502969299721533,0.8988616190248022,-0.911310674287764,0.9048055324001227,0.0962431219596094,0.853056793629862,-0.3076375606915634,-0.7996548742607882,-0.7394662468772634,-0.3488743683291487,-1.0161329645585022,1
-0.634918112038349,0.9009088760241706,-0.502969299721533,-0.4727694791367947,-0.911310674287764,0.9048055324001227,-0.5607862768417687,0.2744324511807092,0.2663833724724924,-0.2262991435398101,-0.22345527558581418,0.0479662785837905,-1.0161329645585022,1
-0.8043672005990544,-1.1099901739376037,0.8491410419312149,-0.6564190294225756,-0.911310674287764,0.9048055324001227,1.839453443002167,-1.461440576166749,0.5114332445249834,4.704560140660602,-0.4814607612315388,0.40512286080543575,-1.0161329645585022,1
-0.12657084635623306,0.9009088760241706,-0.502969299721533,-0.788474884568306,0.10257878806523006,0.9048055324001227,-0.9539904217498966,0.2744324511807092,1.2935787265555385,-0.2262991435398101,-0.22345527558581418,0.8416475724096689,-1.0161329645585022,1
1.5679200392508204,0.9009088760241706,-1.179024470547907,1.6173673881667896,1.4544314045358888,0.9048055324001227,2.4413740852880284,-0.3041918912684436,2.542326019754536,0.003043148748581378,1.582583123934258,0.008282213892496587,-1.0161329645585022,1
1.398470950690115,0.9009088760241706,-1.179024470547907,-0.035004793100003435,0.2715603651240624,-1.177851894974348,-0.7430569054318836,0.853056793629862,0.36708879934337896,-0.9143260204049839,1.3245776382885335,-0.03140185079879733,-1.0161329645585022,1
-0.12657084635623306,0.9009088760241706,0.8491410419312149,-0.9692028451384733,-0.5733475201700994,0.9048055324001227,-0.3938764223378757,0.853056793629862,-0.6298949266784012,2.7551506562092767,-0.22345527558581418,-1.4997122443766724,-1.0161329645585022,1
0.38177641932588297,0.9009088760241706,1.5251962127575889,-0.40576242419977787,0.7785050963005594,0.9048055324001227,-0.856283229881868,-0.8828162337175963,1.239869165557732,-0.6849837281165926,0.5505611813513597,1.1392780575943733,-1.0161329645585022,1
-0.2960199349169384,-1.1099901739376037,1.5251962127575889,-0.4083049968712037,-0.5733475201700994,0.9048055324001227,2.2830155895537843,-1.461440576166749,0.08847045166725842,3.4431775330744507,0.29255569570563505,-1.7775006972157297,-1.0161329645585022,1
-0.8043672005990544,-1.1099901739376037,0.8491410419312149,-0.6197965075279392,-0.911310674287764,0.9048055324001227,-1.2160737321900703,-0.3041918912684436,0.8840433239472655,-1.0289971665491795,-0.4814607612315388,-0.6068207888225592,-1.0161329645585022,1
-0.8043672005990544,0.9009088760241706,1.5251962127575889,0.5143330353195414,-0.5733475201700994,-1.177851894974348,-0.9441721950143734,0.2744324511807092,1.9481640012163033,-1.2583394588375707,-0.4814607612315388,0.46464895784237664,-1.0161329645585022,1
-0.634918112038349,-1.1099901739376037,-1.179024470547907,-0.6812604381937108,-0.06640278899360229,0.9048055324001227,0.5410721364771007,0.853056793629862,0.46443737865190327,2.411137217776689,-0.4814607612315388,0.10749237562073138,-1.0161329645585022,1
-0.46546902347764374,0.9009088760241706,-0.502969299721533,-0.6985372984579334,-0.7423290972289317,0.9048055324001227,-1.3500450195812408,0.853056793629862,0.6859893177678545,-1.2583394588375707,-0.7394662468772634,0.6035431842619053,-1.0161329645585022,1
0.5512255078865883,0.9009088760241706,-0.502969299721533,-0.5836635493153787,0.2715603651240624,0.9048055324001227,0.16987982247603284,-0.8828162337175963,0.10189784191671032,1.2644257563347332,0.5505611813513597,-0.3488743683291487,-1.0161329645585022,1
-0.634918112038349,-1.1099901739376037,1.5251962127575889,-0.6010983333480128,-0.5733475201700994,0.9048055324001227,-0.7257958293968509,0.853056793629862,1.327147202179168,-0.2262991435398101,-0.4814607612315388,0.16701847265767225,-1.0161329645585022,1
-0.634918112038349,0.9009088760241706,0.8491410419312149,-0.4978635659373885,-0.5733475201700994,0.9048055324001227,-0.7619015664242587,-0.8828162337175963,0.42079836034118534,-0.45564143582820127,-0.4814607612315388,-1.6981325678331418,-1.0161329645585022,1
-0.634918112038349,0.9009088760241706,-1.179024470547907,0.6112350596168629,-0.23538436605243465,-1.177851894974348,2.4413740852880284,-0.3041918912684436,0.7162009458291205,0.8057411717579506,-0.4814607612315388,0.9805417988291976,-1.0161329645585022,1
1.0595727735687044,0.9009088760241706,-1.179024470547907,-0.12873254965225292,1.4544314045358888,-1.177851894974348,0.38271364074285674,0.2744324511807092,1.253296555807184,0.3470565871811683,1.066572152642809,-1.8965528912896115,-1.0161329645585022,1
-0.12657084635623306,-1.1099901739376037,1.5251962127575889,-0.6337569686555194,-0.23538436605243465,0.9048055324001227,0.8577891279455886,-0.8828162337175963,1.0753836350019508,2.7551506562092767,-0.22345527558581418,0.008282213892496587,-1.0161329645585022,1
-0.46546902347764374,-1.1099901739376037,0.8491410419312149,-0.8347307563360463,-0.404365943111267,0.9048055324001227,-0.2507203421941191,0.2744324511807092,0.0985409943543475,1.8377814870557112,-0.22345527558581418,-0.38855843302044263,-1.0161329645585022,1
0.0428782422044723,-1.1099901739376037,1.5251962127575889,-0.7913333047765548,-0.06640278899360229,0.9048055324001227,0.25555176866825885,0.853056793629862,-1.1401357561575618,2.7551506562092767,0.03455021005991044,1.4369085427790778,-1.0161329645585022,1
-0.634918112038349,0.9009088760241706,-0.502969299721533,-0.7210414354565781,-0.5733475201700994,0.9048055324001227,0.06599664927436881,0.2744324511807092,-1.0629282622232152,1.7231103409115156,-0.7394662468772634,-1.4203441149940845,-1.0161329645585022,1
-0.46546902347764374,-1.1099901739376037,-1.179024470547907,-0.7715454565945888,-0.5733475201700994,0.9048055324001227,-0.17154109432699713,0.2744324511807092,0.4711510737766289,1.4937680486231246,-0.7394662468772634,-1.182239726846321,-1.0161329645585022,1
-0.46546902347764374,0.9009088760241706,0.8491410419312149,-0.567192100270055,-0.911310674287764,0.9048055324001227,-0.13084296092329645,-0.8828162337175963,0.6289229092076853,0.6910700256137552,-0.997471732522988,0.38528082845978884,-1.0161329645585022,1
-0.8043672005990544,-1.1099901739376037,0.8491410419312149,0.30936377629820255,-0.911310674287764,0.9048055324001227,0.8961118839132757,1.4316811360790147,1.924666068279763,0.1177142948927768,-0.7394662468772634,0.16701847265767225,-1.0161329645585022,1
0.38177641932588297,0.9009088760241706,0.8491410419312149,-1.017859158186069,0.10257878806523006,-1.177851894974348,-1.002923196931778,-0.3041918912684436,-0.1532225728228698,0.8057411717579506,0.5505611813513597,0.4844909901880236,-1.0161329645585022,1
-0.46546902347764374,-1.1099901739376037,-0.502969299721533,-0.03080402086025645,-0.23538436605243465,0.9048055324001227,-0.9102834769272452,-1.461440576166749,-0.48890732905915957,-1.0289971665491795,-0.4814607612315388,0.008282213892496587,-1.0161329645585022,1
-0.2960199349169384,0.9009088760241706,-1.179024470547907,0.34568624303285694,-0.5733475201700994,0.9048055324001227,0.9033963747170509,-1.461440576166749,1.6829730437896346,0.1177142948927768,-0.4814607612315388,-0.32903233598350173,-1.0161329645585022,1
4.618003633343516,0.9009088760241706,-0.502969299721533,-0.30205388548391904,4.496099791594871,0.9048055324001227,1.6495816066168083,-1.461440576166749,-1.173704231781191,2.1817949254882985,6.226681865557301,0.7225953783357871,-1.0161329645585022,1
-0.2960199349169384,-1.1099901739376037,-0.502969299721533,-0.5633861374513368,0.2715603651240624,0.9048055324001227,-0.4578532546145102,-1.461440576166749,0.3637319517810161,0.1177142948927768,0.29255569570563505,0.6035431842619053,-1.0161329645585022,1
2.0762673049329363,0.9009088760241706,-1.179024470547907,0.8026860440621738,1.9613761357123858,-1.177851894974348,0.8098065037381127,0.2744324511807092,0.7296283360785719,-0.34097028968400567,2.356599580871432,0.40512286080543575,-1.0161329645585022,1
-0.2960199349169384,0.9009088760241706,-0.502969299721533,-0.5978293113418939,-0.911310674287764,0.9048055324001227,-0.4090788379283631,-1.461440576166749,1.481562190047861,0.3470565871811683,-0.22345527558581418,0.6035431842619053,-1.0161329645585022,1
-0.9738162891597597,0.9009088760241706,-1.179024470547907,-0.43796308057889105,-0.911310674287764,0.9048055324001227,-0.397993743226966,0.2744324511807092,1.5990518547305623,0.003043148748581378,-0.4814607612315388,-0.9242933063529105,-1.0161329645585022,1
-0.8043672005990544,-1.1099901739376037,-1.179024470547907,-0.7908753258481614,-0.911310674287764,0.9048055324001227,-1.2800505644667048,0.2744324511807092,2.4248363550718355,-1.0289971665491795,-0.4814607612315388,-0.03140185079879733,-1.0161329645585022,1
-0.9738162891597597,0.9009088760241706,-0.502969299721533,-1.064478254621156,-0.7423290972289317,0.9048055324001227,-1.269123828261042,1.4316811360790147,-1.0964967378468442,-0.11162799739561437,-0.997471732522988,-0.32903233598350173,-1.0161329645585022,1
0.5512255078865883,-1.1099901739376037,1.5251962127575889,-0.5648074513670407,0.6095235192417271,0.9048055324001227,0.3626021117846077,-1.461440576166749,0.20260326878759688,1.4937680486231246,0.5505611813513597,-0.190138109563973,-1.0161329645585022,1
0.21232733076517762,-1.1099901739376037,-1.179024470547907,-0.6863297911597214,0.10257878806523006,0.9048055324001227,0.06599664927436881,-0.3041918912684436,0.5550722628357013,1.4937680486231246,-0.22345527558581418,0.028124246238143545,-1.0161329645585022,1
-0.12657084635623306,-1.1099901739376037,-1.179024470547907,-0.12727965098286675,-0.06640278899360229,0.9048055324001227,0.8577891279455886,-1.461440576166749,-0.3747745119388211,0.8057411717579506,0.03455021005991044,0.5043330225336705,-1.0161329645585022,1
-0.634918112038349,0.9009088760241706,0.8491410419312149,-0.12339472627994286,-0.5733475201700994,0.9048055324001227,1.8079401023510524,0.2744324511807092,0.051545128481266744,1.7231103409115156,-0.22345527558581418,0.7424374106814341,-1.0161329645585022,1
-0.634918112038349,0.9009088760241706,-0.502969299721533,-0.5070547292589402,-0.7423290972289317,0.9048055324001227,-1.0203426314625448,0.2744324511807092,0.1522505553521539,-0.7996548742607882,-0.7394662468772634,-0.32903233598350173,-1.0161329645585022,1
0.0428782422044723,-1.1099901739376037,0.8491410419312149,0.9896204087309147,-0.06640278899360229,0.9048055324001227,-1.0268353297876487,0.2744324511807092,0.8001221348881931,-1.3730106049817663,0.03455021005991044,-0.7457150152420878,-1.0161329645585022,1
-0.12657084635623306,-1.1099901739376037,-0.502969299721533,-0.7156404425769033,-0.06640278899360229,0.9048055324001227,0.03575017658912821,0.2744324511807092,-1.1703473842188281,1.6084391947673204,-0.22345527558581418,0.18686050500331922,-1.0161329645585022,1
-0.46546902347764374,-1.1099901739376037,-1.179024470547907,-0.8325672007088082,-0.23538436605243465,0.9048055324001227,-0.7120186402679718,0.853056793629862,1.1391637386868456,0.5763988794695595,-0.7394662468772634,-0.11076998018138517,-1.0161329645585022,1
0.7206745964472937,0.9009088760241706,-0.502969299721533,-0.269047817885907,0.2715603651240624,0.9048055324001227,-0.4090788379283631,-1.461440576166749,1.159304824061023,-0.34097028968400567,1.066572152642809,-0.44808453005738347,-1.0161329645585022,1
-0.634918112038349,-1.1099901739376037,-1.179024470547907,0.06339750699722767,-0.7423290972289317,0.9048055324001227,0.06599664927436881,-0.3041918912684436,1.8206037938465136,-0.2262991435398101,-0.4814607612315388,0.26622863438590705,-1.0161329645585022,1
-0.8043672005990544,0.9009088760241706,0.8491410419312149,-0.902859070028785,-0.911310674287764,0.9048055324001227,-1.042512820865339,0.853056793629862,0.7027735555796687,-0.11162799739561437,-0.997471732522988,-1.142555662155027,-1.0161329645585022,1
0.21232733076517762,-1.1099901739376037,0.8491410419312149,-0.4889566653989776,-0.06640278899360229,0.9048055324001227,0.06599664927436881,-0.3041918912684436,0.20260326878759688,0.6910700256137552,0.8085666669970842,-0.32903233598350173,-1.0161329645585022,1
-0.8043672005990544,0.9009088760241706,-1.179024470547907,-0.6808340440189997,-0.911310674287764,0.9048055324001227,0.06599664927436881,1.4316811360790147,0.2563128297854033,1.4937680486231246,-0.4814607612315388,-1.9759210206721993,-1.0161329645585022,1
0.38177641932588297,0.9009088760241706,-0.502969299721533,-0.4696583808990873,0.7785050963005594,0.9048055324001227,-0.9604831200750006,-1.461440576166749,-0.2807827801926602,-0.7996548742607882,0.5505611813513597,1.278172284013902,-1.0161329645585022,1
0.7206745964472937,-1.1099901739376037,-1.179024470547907,-0.5395396484211942,0.10257878806523006,0.9048055324001227,0.0137383456820683,-0.3041918912684436,-1.6503765856367223,0.8057411717579506,0.8085666669970842,0.26622863438590705,-1.0161329645585022,1
-0.634918112038349,0.9009088760241706,0.8491410419312149,-0.8705952441423073,-0.7423290972289317,0.9048055324001227,-1.1300850690063757,0.853056793629862,1.2734376411813615,-0.45564143582820127,-0.7394662468772634,-0.36871640067479566,-1.0161329645585022,1
-0.46546902347764374,-1.1099901739376037,0.8491410419312149,-0.2589564890844095,-0.23538436605243465,-1.177851894974348,0.06599664927436881,0.2744324511807092,0.5651428055227898,0.23238544103697253,-0.4814607612315388,0.6630692812988462,-1.0161329645585022,1
-0.8043672005990544,0.9009088760241706,-1.179024470547907,-0.44863872732351123,-0.911310674287764,0.9048055324001227,-0.5674373336626071,-0.3041918912684436,0.9142549520085315,-0.2262991435398101,-0.4814607612315388,0.5837011519162584,-1.0161329645585022,1
-0.12657084635623306,-1.1099901739376037,-1.179024470547907,-0.31678817307671575,0.2715603651240624,0.9048055324001227,0.8438535803209751,0.2744324511807092,-0.31770810337865185,1.2644257563347332,0.29255569570563505,0.40512286080543575,-1.0161329645585022,1
-0.46546902347764374,0.9009088760241706,1.5251962127575889,0.15731477207157102,-0.404365943111267,-1.177851894974348,0.06599664927436881,0.853056793629862,2.2603508245160526,-0.34097028968400567,-0.7394662468772634,-1.12271362980938,-1.0161329645585022,1
-0.634918112038349,0.9009088760241706,-0.502969299721533,-0.6534500625764386,-0.23538436605243465,0.9048055324001227,0.3915817165039744,-0.8828162337175963,0.051545128481266744,1.952452633199907,-0.7394662468772634,0.4249648931510827,-1.0161329645585022,1
0.5512255078865883,-1.1099901739376037,-0.502969299721533,-1.04031591805419,0.4405419421828948,-1.177851894974348,-1.2008713165995828,-0.8828162337175963,1.2465828606824585,0.003043148748581378,0.03455021005991044,-0.24966420660091387,-1.0161329645585022,1
-0.46546902347764374,0.9009088760241706,-1.179024470547907,0.5298569417543959,-0.5733475201700994,0.9048055324001227,3.3227974725448304,0.2744324511807092,1.2264417753082808,1.4937680486231246,-0.7394662468772634,0.801963507718375,-1.0161329645585022,1
-0.8043672005990544,-1.1099901739376037,0.8491410419312149,-0.29777415135996627,-0.911310674287764,-1.177851894974348,0.5976061194542258,-1.461440576166749,1.223084927745918,0.9204123179021463,-0.7394662468772634,-0.5869787564769122,-1.0161329645585022,1
0.890123685007999,0.9009088760241706,-1.179024470547907,-0.06523140237397236,0.7785050963005594,0.9048055324001227,0.016272081613816203,0.853056793629862,1.286865031430813,-0.11162799739561437,0.03455021005991044,-0.8449251769703227,-1.0161329645585022,1
-0.12657084635623306,0.9009088760241706,-1.179024470547907,0.49419775484706996,0.10257878806523006,-1.177851894974348,2.4413740852880284,0.2744324511807092,1.753466842599256,0.9204123179021463,0.5505611813513597,0.6829113136444932,-1.0161329645585022,1
-0.46546902347764374,0.9009088760241706,-1.179024470547907,-0.7756198898196065,-0.911310674287764,0.9048055324001227,-0.2507203421941191,-0.3041918912684436,0.5752133482098789,1.379096902478929,-0.4814607612315388,0.6035431842619053,-1.0161329645585022,1
0.0428782422044723,0.9009088760241706,-1.179024470547907,-0.18596412332459533,-0.5733475201700994,0.9048055324001227,3.229682677053095,-0.3041918912684436,1.5621265315445705,3.4431775330744507,0.03455021005991044,0.5440170872249644,-1.0161329645585022,1
0.21232733076517762,-1.1099901739376037,-0.502969299721533,-0.6573507796562036,0.7785050963005594,0.9048055324001227,-0.2507203421941191,-0.8828162337175963,-0.09279931670033775,0.8057411717579506,0.8085666669970842,0.3455967637684949,-1.0161329645585022,1
0.890123685007999,-1.1099901739376037,-1.179024470547907,2.088169726555275,0.7785050963005594,-1.177851894974348,2.0169733167202546,-1.461440576166749,1.6225497876671027,-0.34097028968400567,1.582583123934258,0.028124246238143545,-1.0161329645585022,1
-0.46546902347764374,-1.1099901739376037,-0.502969299721533,-0.8793915980428301,-0.5733475201700994,0.9048055324001227,-0.8841543251310949,-1.461440576166749,-0.5862559083676839,0.3470565871811683,-0.7394662468772634,0.22654456969461315,-1.0161329645585022,1
0.890123685007999,-1.1099901739376037,-0.502969299721533,-0.22141800933298625,0.7785050963005594,0.9048055324001227,0.8577891279455886,-0.3041918912684436,-0.18343420088413584,1.035083464046342,0.29255569570563505,0.3455967637684949,-1.0161329645585022,1
0.890123685007999,0.9009088760241706,0.8491410419312149,-0.8808760814658986,0.7785050963005594,0.9048055324001227,-0.7257958293968509,1.4316811360790147,-0.4519820058731679,0.8057411717579506,0.29255569570563505,-2.094973214746081,-1.0161329645585022,1
0.890123685007999,-1.1099901739376037,0.8491410419312149,-0.20579934863708488,1.1164682504182242,0.9048055324001227,1.6495816066168083,-0.8828162337175963,-0.8783016462932557,1.8377814870557112,0.8085666669970842,1.694854963272488,-1.0161329645585022,1
-0.8043672005990544,0.9009088760241706,-0.502969299721533,-0.6956630858728434,-0.911310674287764,0.9048055324001227,0.06599664927436881,-0.8828162337175963,-0.24721430456903132,1.6084391947673204,-0.4814607612315388,-1.4997122443766724,-1.0161329645585022,1
4.787452721904222,0.9009088760241706,0.8491410419312149,-0.27613859508758515,5.003044522771368,0.9048055324001227,1.6495816066168083,-0.3041918912684436,1.0048898361923295,2.0671237793441026,3.38862152345433,-0.7655570475877348,-1.0161329645585022,1
-0.634918112038349,0.9009088760241706,-1.179024470547907,-0.20384109390878177,-0.7423290972289317,0.9048055324001227,1.6495816066168083,-1.461440576166749,0.32009293347029877,1.8377814870557112,-0.7394662468772634,0.6829113136444932,-1.0161329645585022,1
0.7206745964472937,-1.1099901739376037,-0.502969299721533,-0.041985023663793544,1.1164682504182242,0.9048055324001227,2.4413740852880284,0.2744324511807092,-0.20021843869595057,2.0671237793441026,0.29255569570563505,0.801963507718375,-1.0161329645585022,1
2.2457163934936415,0.9009088760241706,0.8491410419312149,0.12222411073052664,2.130357712771218,0.9048055324001227,1.97912563623977,-0.8828162337175963,0.011262957732911642,1.2644257563347332,1.066572152642809,0.028124246238143545,-1.0161329645585022,1
-0.634918112038349,-1.1099901739376037,1.5251962127575889,-0.9950075888969191,-0.5733475201700994,0.9048055324001227,-1.1297683520149073,1.4316811360790147,0.9008275617590796,0.003043148748581378,-0.7394662468772634,0.3455967637684949,-1.0161329645585022,1
-0.46546902347764374,0.9009088760241706,0.8491410419312149,-1.0499492679272941,-0.7423290972289317,0.21058638994196582,-0.7048925079599307,-0.3041918912684436,-0.6063969937418614,2.7551506562092767,-0.7394662468772634,-2.571181991041608,-1.0161329645585022,1
-0.634918112038349,-1.1099901739376037,-1.179024470547907,-0.5624228024640264,-0.7423290972289317,0.9048055324001227,0.8577891279455886,1.4316811360790147,0.4174415127788225,2.2964660716324943,-0.4814607612315388,0.12733440796637835,-1.0161329645585022,1
0.38177641932588297,0.9009088760241706,-0.502969299721533,-0.44827550265616467,0.2715603651240624,0.9048055324001227,0.8446453727996464,0.853056793629862,0.726271488516209,1.7231103409115156,0.8085666669970842,-2.3330776028938445,-1.0161329645585022,1
-0.8043672005990544,-1.1099901739376037,-1.179024470547907,-0.5577482589190448,-0.911310674287764,0.9048055324001227,-0.45611131116143355,-1.461440576166749,0.9578939703192488,0.1177142948927768,-0.4814607612315388,0.008282213892496587,-1.0161329645585022,1
-0.46546902347764374,-1.1099901739376037,-0.502969299721533,0.1308625408626379,-0.7423290972289317,0.9048055324001227,1.6495816066168083,-0.3041918912684436,0.531574329899161,1.035083464046342,-0.4814607612315388,0.4844909901880236,-1.0161329645585022,1
-0.46546902347764374,0.9009088760241706,0.8491410419312149,-0.3207678520406866,-0.7423290972289317,0.9048055324001227,0.38271364074285674,-1.461440576166749,0.9075412568838058,0.6910700256137552,-0.4814607612315388,-0.44808453005738347,-1.0161329645585022,1
1.2290218621294098,-1.1099901739376037,1.5251962127575889,0.5752916099263962,1.2854498274770565,-1.177851894974348,0.8300763911920959,0.2744324511807092,1.2700807936189982,-0.11162799739561437,1.3245776382885335,0.38528082845978884,-1.0161329645585022,1
0.7206745964472937,-1.1099901739376037,-1.179024470547907,-0.717251265014701,0.9474866733593919,-1.177851894974348,-0.5694959941071522,0.2744324511807092,1.3976410009887885,0.3470565871811683,0.8085666669970842,0.7424374106814341,-1.0161329645585022,1
-0.9738162891597597,0.9009088760241706,-1.179024470547907,-0.9079126306179544,-0.911310674287764,0.9048055324001227,-1.042512820865339,-1.461440576166749,0.1757484882886937,-0.11162799739561437,-0.7394662468772634,0.26622863438590705,-1.0161329645585022,1
-0.9738162891597597,0.9009088760241706,-0.502969299721533,-0.5260371662220074,-0.911310674287764,0.9048055324001227,0.38271364074285674,0.853056793629862,-0.17000681063468454,1.379096902478929,-0.4814607612315388,0.6035431842619053,-1.0161329645585022,1
-0.2960199349169384,0.9009088760241706,-0.502969299721533,-0.44807020175722967,-0.911310674287764,0.9048055324001227,0.06599664927436881,1.4316811360790147,1.239869165557732,0.5763988794695595,-0.4814607612315388,0.10749237562073138,-1.0161329645585022,1
0.21232733076517762,0.9009088760241706,0.8491410419312149,0.10584741594624984,0.2715603651240624,-1.177851894974348,0.06599664927436881,-0.8828162337175963,1.0955247203761276,-0.2262991435398101,0.5505611813513597,-0.15045404487267908,-1.0161329645585022,1
0.0428782422044723,0.9009088760241706,-0.502969299721533,-0.3351862920966603,-0.404365943111267,0.9048055324001227,1.67539404142149,0.2744324511807092,0.3100223907832097,2.2964660716324943,0.5505611813513597,-1.102871597463733,-1.0161329645585022,1
0.890123685007999,-1.1099901739376037,-0.502969299721533,-0.1661920675194704,1.2854498274770565,-1.177851894974348,0.06599664927436881,0.2744324511807092,1.555412836419845,0.003043148748581378,0.5505611813513597,0.0479662785837905,-1.0161329645585022,1
0.38177641932588297,-1.1099901739376037,1.5251962127575889,-0.5643336800618061,-0.7423290972289317,0.9048055324001227,0.38271364074285674,1.4316811360790147,-1.4825342075185775,1.4937680486231246,-0.22345527558581418,-0.30919030363785477,-1.0161329645585022,1
-0.634918112038349,0.9009088760241706,-1.179024470547907,-1.0602616900045678,-0.911310674287764,0.9048055324001227,-0.9563657991859102,1.4316811360790147,-1.1569199939693766,1.6084391947673204,-0.7394662468772634,0.286070666731554,-1.0161329645585022,1
0.5512255078865883,0.9009088760241706,0.8491410419312149,-0.3961764514571974,-0.23538436605243465,0.9048055324001227,-0.7257958293968509,0.2744324511807092,0.39730042740464494,-0.570312581972397,0.8085666669970842,-1.0830295651180861,-1.0161329645585022,1
-0.2960199349169384,-1.1099901739376037,0.8491410419312149,-0.49833733724262314,-0.23538436605243465,-1.177851894974348,-0.06211537377463456,0.2744324511807092,0.9679645130063379,0.5763988794695595,0.03455021005991044,-1.4203441149940845,-1.0161329645585022,1
1.2290218621294098,-1.1099901739376037,0.8491410419312149,0.4146199679444945,1.2854498274770565,0.9048055324001227,2.91644957249076,0.2744324511807092,2.44162059288365,1.379096902478929,1.066572152642809,0.4844909901880236,-1.0161329645585022,1
-0.634918112038349,0.9009088760241706,-0.502969299721533,-0.20542033159289716,-0.7423290972289317,0.9048055324001227,1.6495816066168083,-1.461440576166749,0.3066655432208469,1.8377814870557112,-0.7394662468772634,0.008282213892496587,-1.0161329645585022,1
-0.634918112038349,-1.1099901739376037,-1.179024470547907,-1.0206544088869534,-0.911310674287764,0.9048055324001227,-0.5980005233393161,0.853056793629862,-1.428824646520771,2.7551506562092767,-0.4814607612315388,0.3455967637684949,-1.0161329645585022,1
-0.8043672005990544,0.9009088760241706,-0.502969299721533,-0.3797207947887148,-0.7423290972289317,0.9048055324001227,0.38271364074285674,-0.8828162337175963,-0.4251272253742647,0.8057411717579506,-0.4814607612315388,1.1988041546313142,-1.0161329645585022,1
-0.8043672005990544,-1.1099901739376037,-0.502969299721533,-0.5619174464051094,-0.5733475201700994,0.9048055324001227,0.8577891279455886,1.4316811360790147,-0.23378691431957943,2.2964660716324943,-0.4814607612315388,0.9011736694466097,-1.0161329645585022,1
-0.8043672005990544,-1.1099901739376037,-1.179024470547907,-0.1940182355135839,-0.7423290972289317,-1.177851894974348,-0.719303131071747,-0.3041918912684436,1.3942841534264256,-0.7996548742607882,-0.997471732522988,-0.4877685947486774,-1.0161329645585022,1
0.0428782422044723,-1.1099901739376037,-0.502969299721533,1.3605359635991008,-0.404365943111267,0.9048055324001227,-1.0721258595676426,-1.461440576166749,1.407711543675877,-1.3730106049817663,-0.4814607612315388,1.4369085427790778,-1.0161329645585022,1
-0.634918112038349,0.9009088760241706,-0.502969299721533,-0.6793337682190901,-0.5733475201700994,-1.177851894974348,-1.359229812333827,-1.461440576166749,-0.5560442803064178,-1.2583394588375707,-0.22345527558581418,1.0797519605574324,-1.0161329645585022,1
0.890123685007999,-1.1099901739376037,-0.502969299721533,-0.2063047046960018,0.6095235192417271,0.9048055324001227,1.3328646151483206,-0.8828162337175963,-0.22371637163249095,1.4937680486231246,0.5505611813513597,-0.4282424977117365,-1.0161329645585022,1
3.0929618362971683,-1.1099901739376037,-0.502969299721533,-0.5023643933371175,2.8062840210065474,0.9048055324001227,-0.603067995202812,-1.461440576166749,0.9478234276321603,-0.2262991435398101,2.356599580871432,0.9011736694466097,-1.0161329645585022,1
1.906818216372231,-1.1099901739376037,0.8491410419312149,0.7973008435593403,1.4544314045358888,-1.177851894974348,0.8373608819958711,-0.3041918912684436,0.6322797567700481,-0.34097028968400567,2.098594095225707,1.298014316359549,-1.0161329645585022,1
-0.2960199349169384,-1.1099901739376037,-0.502969299721533,-0.8195226974380149,-0.06640278899360229,0.9048055324001227,-0.9584244596304554,0.853056793629862,1.3405745924286192,-0.11162799739561437,0.5505611813513597,-0.26950623894656084,-1.0161329645585022,1
0.21232733076517762,-1.1099901739376037,-0.502969299721533,-0.3700242754082462,0.2715603651240624,0.9048055324001227,2.1113549801778637,0.853056793629862,1.3070061168049905,3.0991640946418633,0.8085666669970842,-1.7576586648700827,-1.0161329645585022,1
0.21232733076517762,-1.1099901739376037,-0.502969299721533,0.23002287504824442,-0.06640278899360229,0.9048055324001227,0.8577891279455886,-1.461440576166749,1.632620330354191,0.23238544103697253,-0.22345527558581418,0.2463866020402601,-1.0161329645585022,1
-0.8043672005990544,-1.1099901739376037,1.5251962127575889,-0.499142748461522,-0.404365943111267,0.9048055324001227,0.06599664927436881,0.853056793629862,1.407711543675877,0.8057411717579506,-0.4814607612315388,1.3773824457421369,-1.0161329645585022,1
-0.46546902347764374,-1.1099901739376037,-0.502969299721533,0.6127669201704549,-0.7423290972289317,-1.177851894974348,-0.7354556976366399,-1.461440576166749,0.6255660616453219,-1.143668312693375,-0.4814607612315388,-1.0830295651180861,-1.0161329645585022,1
-0.12657084635623306,0.9009088760241706,1.5251962127575889,-1.0426058126961575,0.10257878806523006,0.9048055324001227,-1.256771865593771,0.2744324511807092,0.06161567116835522,-0.2262991435398101,-0.22345527558581418,-0.44808453005738347,-1.0161329645585022,1
0.38177641932588297,-1.1099901739376037,1.5251962127575889,-0.05461892513671681,0.4405419421828948,0.9048055324001227,2.4413740852880284,0.2744324511807092,-0.03237606057780569,2.1817949254882985,0.5505611813513597,1.0797519605574324,-1.0161329645585022,1
-0.46546902347764374,-1.1099901739376037,1.5251962127575889,-0.35649020845537716,-0.5733475201700994,0.9048055324001227,0.8577891279455886,0.853056793629862,0.4677942262142661,1.379096902478929,-0.4814607612315388,0.4249648931510827,-1.0161329645585022,1
-0.634918112038349,0.9009088760241706,-0.502969299721533,0.249352744301817,-0.5733475201700994,-1.177851894974348,0.06599664927436881,0.853056793629862,1.0149603788794181,-0.45564143582820127,-0.4814607612315388,1.1988041546313142,-1.0161329645585022,1
-0.46546902347764374,-1.1099901739376037,0.8491410419312149,-0.12173652671162168,-0.7423290972289317,0.9048055324001227,0.8577891279455886,0.853056793629862,-0.26399854238084547,0.8057411717579506,-0.7394662468772634,0.028124246238143545,-1.0161329645585022,1
-0.9738162891597597,-1.1099901739376037,1.5251962127575889,-0.7964974120036122,-0.911310674287764,0.9048055324001227,-1.2800505644667048,0.2744324511807092,2.6128198185641573,-1.0289971665491795,-0.4814607612315388,-2.3330776028938445,-1.0161329645585022,1
-0.634918112038349,0.9009088760241706,-0.502969299721533,-0.8748118087588954,-0.23538436605243465,0.9048055324001227,-0.5303814456607939,0.853056793629862,-0.542616890056966,1.2644257563347332,-0.4814607612315388,0.14717644031202531,-1.0161329645585022,1
0.38177641932588297,0.9009088760241706,-0.502969299721533,0.8446621817059614,0.4405419421828948,-1.177851894974348,0.7214424631184045,0.2744324511807092,1.9515208487786668,-0.34097028968400567,0.29255569570563505,1.1392780575943733,-1.0161329645585022,1
-0.2960199349169384,0.9009088760241706,0.8491410419312149,-0.6405003135666922,-0.5733475201700994,0.9048055324001227,0.38271364074285674,0.2744324511807092,-0.07937192645088645,1.8377814870557112,-0.22345527558581418,-1.7775006972157297,-1.0161329645585022,1
-0.46546902347764374,-1.1099901739376037,-1.179024470547907,-0.5056334153432364,-0.911310674287764,0.9048055324001227,-0.2233243224320949,0.853056793629862,0.46443737865190327,0.3470565871811683,-0.997471732522988,-0.17029607721832604,-1.0161329645585022,1
0.38177641932588297,-1.1099901739376037,1.5251962127575889,0.06571898639287731,-0.06640278899360229,0.9048055324001227,-0.16108943360853703,-0.3041918912684436,0.138823165102702,-0.45564143582820127,-0.22345527558581418,0.46464895784237664,-1.0161329645585022,1
-0.9738162891597597,-1.1099901739376037,0.8491410419312149,-0.6969580607738181,-0.5733475201700994,0.9048055324001227,-0.8841543251310949,0.2744324511807092,1.347288287553345,-0.34097028968400567,-0.4814607612315388,1.278172284013902,-1.0161329645585022,1
-0.634918112038349,-1.1099901739376037,0.8491410419312149,-0.6203334483405384,-0.5733475201700994,0.9048055324001227,0.19268344586176397,-0.8828162337175963,0.3939435798422821,1.4937680486231246,-0.22345527558581418,-0.38855843302044263,-1.0161329645585022,1
-0.12657084635623306,0.9009088760241706,-0.502969299721533,-0.05316602646733064,-0.404365943111267,0.9048055324001227,1.6495816066168083,0.2744324511807092,0.7564831165774751,1.379096902478929,0.03455021005991044,0.801963507718375,-1.0161329645585022,1
-0.9738162891597597,0.9009088760241706,0.8491410419312149,-0.5961553193967315,-0.911310674287764,0.9048055324001227,0.0026532509806712224,-0.8828162337175963,1.9985167146517475,1.035083464046342,-0.7394662468772634,-0.4282424977117365,-1.0161329645585022,1
-0.634918112038349,0.9009088760241706,0.8491410419312149,-0.25319227153738827,-0.7423290972289317,-1.177851894974348,-0.5302230871650597,-1.461440576166749,0.9075412568838058,-0.45564143582820127,-0.7394662468772634,-2.4521297969677263,-1.0161329645585022,1
-0.634918112038349,-1.1099901739376037,-1.179024470547907,-0.2276244134315598,-0.7423290972289317,0.9048055324001227,-0.4090788379283631,-1.461440576166749,1.451350561986595,-0.34097028968400567,-0.7394662468772634,-0.5671367241312653,-1.0161329645585022,1
-0.634918112038349,0.9009088760241706,-0.502969299721533,-0.12348948054098978,-0.404365943111267,0.9048055324001227,1.6495816066168083,0.2744324511807092,1.4849190376102237,1.6084391947673204,-0.4814607612315388,0.801963507718375,-1.0161329645585022,1
0.38177641932588297,-1.1099901739376037,-1.179024470547907,0.004097131958694075,0.4405419421828948,0.9048055324001227,0.06599664927436881,0.2744324511807092,1.5889813120434737,-0.2262991435398101,0.03455021005991044,1.1392780575943733,-1.0161329645585022,1
-0.46546902347764374,-1.1099901739376037,-0.502969299721533,-0.37567794631737933,-0.911310674287764,0.9048055324001227,-0.2507203421941191,-0.8828162337175963,0.8538316958859994,0.003043148748581378,-0.7394662468772634,-2.4521297969677263,-1.0161329645585022,1
-0.9738162891597597,0.9009088760241706,-0.502969299721533,-0.677375513490787,-0.911310674287764,0.9048055324001227,0.06599664927436881,0.853056793629862,0.3268066285950244,1.4937680486231246,-0.4814607612315388,-0.46792656240303043,-1.0161329645585022,1
-0.12657084635623306,0.9009088760241706,1.5251962127575889,-0.6915570678941434,-0.7423290972289317,0.9048055324001227,-0.09236184645987515,0.2744324511807092,0.726271488516209,1.2644257563347332,0.03455021005991044,0.32575473142284794,-1.0161329645585022,1
-0.634918112038349,0.9009088760241706,0.8491410419312149,0.6159096031618445,-0.404365943111267,0.9048055324001227,1.0082296988931203,-1.461440576166749,1.7601805377239814,-0.11162799739561437,-0.997471732522988,-0.4282424977117365,-1.0161329645585022,1
-0.8043672005990544,-1.1099901739376037,0.8491410419312149,-0.3026066186733594,-0.7423290972289317,0.9048055324001227,-0.3165974764195646,0.2744324511807092,1.572197074231659,-0.2262991435398101,-0.7394662468772634,-1.12271362980938,-1.0161329645585022,1
-0.634918112038349,-1.1099901739376037,-1.179024470547907,-0.10949743465972726,-0.23538436605243465,0.9048055324001227,1.6495816066168083,-0.8828162337175963,0.011262957732911642,1.4937680486231246,-0.997471732522988,0.3455967637684949,-1.0161329645585022,1
0.0428782422044723,-1.1099901739376037,-1.179024470547907,-0.6809287982800467,-0.23538436605243465,0.9048055324001227,0.06599664927436881,-1.461440576166749,-0.6869613352385705,1.4937680486231246,0.03455021005991044,0.9805417988291976,-1.0161329645585022,1
-0.12657084635623306,0.9009088760241706,-1.179024470547907,-0.10899207860081032,0.10257878806523006,0.9048055324001227,2.4413740852880284,-0.8828162337175963,0.001192415045823164,2.2964660716324943,0.8085666669970842,-1.0631875327724392,-1.0161329645585022,1
1.2290218621294098,0.9009088760241706,-1.179024470547907,1.3632838371694616,1.1164682504182242,-1.177851894974348,0.718433651699454,0.853056793629862,-0.7540982864858288,-0.6849837281165926,0.5505611813513597,-0.9242933063529105,-1.0161329645585022,1
-0.2960199349169384,-1.1099901739376037,-1.179024470547907,-0.4091104080901026,-0.7423290972289317,0.9048055324001227,-0.7257958293968509,-0.3041918912684436,1.555412836419845,-0.570312581972397,-0.4814607612315388,0.5043330225336705,-1.0161329645585022,1
0.5512255078865883,-1.1099901739376037,-1.179024470547907,0.1174548129244981,0.10257878806523006,0.9048055324001227,1.799388743581403,-0.8828162337175963,0.3536614090939276,1.1497546101905376,0.29255569570563505,-1.658448503141848,-1.0161329645585022,1
1.0595727735687044,0.9009088760241706,-1.179024470547907,-0.1345599367066388,1.1164682504182242,-1.177851894974348,1.1971513843040733,0.2744324511807092,1.9380934585292153,1.1497546101905376,0.8085666669970842,-1.3012919209202027,-1.0161329645585022,1
0.0428782422044723,0.9009088760241706,1.5251962127575889,-0.7552793084482001,-0.404365943111267,0.9048055324001227,0.3838221502129964,0.2744324511807092,0.10861153704143597,2.640479510065081,0.29255569570563505,-0.6663468858595001,-1.0161329645585022,1
-0.46546902347764374,-1.1099901739376037,-0.502969299721533,-0.3774782772772709,-0.23538436605243465,0.9048055324001227,-0.9687177618531813,-1.461440576166749,0.4980058542755321,-0.9143260204049839,-0.7394662468772634,0.8614896047553159,-1.0161329645585022,1
0.21232733076517762,0.9009088760241706,-0.502969299721533,0.014267422644397306,-0.23538436605243465,0.9048055324001227,-1.0950878414491079,-1.461440576166749,0.5450017201486129,-1.2583394588375707,-0.22345527558581418,0.8416475724096689,-1.0161329645585022,1
0.38177641932588297,-1.1099901739376037,0.8491410419312149,-0.41111603994892915,0.2715603651240624,0.9048055324001227,0.8577891279455886,0.2744324511807092,-0.29421017044211145,1.6084391947673204,0.03455021005991044,0.26622863438590705,-1.0161329645585022,1
-0.9738162891597597,-1.1099901739376037,-1.179024470547907,-0.4019722537579009,-0.911310674287764,0.9048055324001227,0.19870106869966525,0.853056793629862,2.414765812384746,0.6910700256137552,-0.4814607612315388,0.3654387961141419,-1.0161329645585022,1
-0.8043672005990544,-1.1099901739376037,-1.179024470547907,-0.9553845154024635,-0.23538436605243465,0.9048055324001227,-0.9818615169991235,1.4316811360790147,-0.2035752862583134,0.3470565871811683,-0.4814607612315388,1.0797519605574324,-1.0161329645585022,1
2.923512747736463,-1.1099901739376037,0.8491410419312149,-0.6759226148214008,2.8062840210065474,0.9048055324001227,-0.5674373336626071,1.4316811360790147,0.48793531158844367,0.23238544103697253,1.3245776382885335,0.9210157017922567,-1.0161329645585022,1
-0.8043672005990544,-1.1099901739376037,0.8491410419312149,-0.25526107290357947,-0.911310674287764,-1.177851894974348,0.06868874370185095,0.853056793629862,1.0418151593783211,0.23238544103697253,-0.7394662468772634,-0.5671367241312653,-1.0161329645585022,1
1.2290218621294098,-1.1099901739376037,0.17308587110484092,-0.9075809907042901,0.9474866733593919,0.9048055324001227,-0.8857379100884374,0.853056793629862,0.9511802751945232,0.4617277333253637,1.8405886095799828,0.40512286080543575,-1.0161329645585022,1
-0.8043672005990544,-1.1099901739376037,0.8491410419312149,-0.13001173217638642,-0.911310674287764,0.9048055324001227,2.2472265695178453,-1.461440576166749,2.253637129391327,2.1817949254882985,-0.997471732522988,-0.07108591549009124,-1.0161329645585022,1
0.21232733076517762,0.9009088760241706,-0.502969299721533,0.9524925307773615,0.4405419421828948,-1.177851894974348,2.435356462450127,0.853056793629862,0.8001221348881931,0.4617277333253637,0.5505611813513597,1.0797519605574324,-1.0161329645585022,1
-0.9738162891597597,-1.1099901739376037,0.8491410419312149,-0.2985795625788651,-0.911310674287764,0.9048055324001227,0.8530383730735613,-1.461440576166749,1.4882758851725866,1.2644257563347332,-0.7394662468772634,-0.24966420660091387,-1.0161329645585022,1
0.5512255078865883,-1.1099901739376037,-1.179024470547907,1.3672951008871146,0.7785050963005594,-1.177851894974348,1.7582155346904997,-0.3041918912684436,2.3174172330762226,-0.2262991435398101,0.5505611813513597,1.317856348705196,-1.0161329645585022,1
-0.634918112038349,-1.1099901739376037,-1.179024470547907,0.19527964599770542,-0.911310674287764,-1.177851894974348,1.6495816066168083,-0.3041918912684436,1.377499915614611,0.9204123179021463,-0.22345527558581418,-0.8846092416616166,-1.0161329645585022,1
0.0428782422044723,-1.1099901739376037,-0.502969299721533,-0.7340701463505301,0.10257878806523006,0.9048055324001227,-0.7257958293968509,0.2744324511807092,-0.6567497071773044,0.1177142948927768,0.03455021005991044,1.278172284013902,-1.0161329645585022,1
1.5679200392508204,-1.1099901739376037,-1.179024470547907,-0.4884513093400607,0.7785050963005594,0.9048055324001227,1.8296352162666438,-0.8828162337175963,1.6426908730412801,3.328506386930255,2.098594095225707,-0.4282424977117365,-1.0161329645585022,1
0.7206745964472937,0.9009088760241706,0.8491410419312149,-0.9116554239293079,1.1164682504182242,0.9048055324001227,-0.8841543251310949,-1.461440576166749,1.0485288545030476,0.4617277333253637,0.5505611813513597,0.6630692812988462,-1.0161329645585022,1
-0.634918112038349,0.9009088760241706,0.8491410419312149,-0.6378471942573783,-0.23538436605243465,0.9048055324001227,0.8577891279455886,-0.8828162337175963,-0.2572848472561198,2.7551506562092767,-0.22345527558581418,-0.24966420660091387,-1.0161329645585022,1
-0.12657084635623306,-1.1099901739376037,-1.179024470547907,-0.6426480768170891,-0.06640278899360229,0.9048055324001227,0.8577891279455886,-0.8828162337175963,0.13210946997797635,2.7551506562092767,0.29255569570563505,-0.7258729828964409,-1.0161329645585022,1
-0.9738162891597597,-1.1099901739376037,1.5251962127575889,-0.9752039483381119,-0.911310674287764,0.9048055324001227,-0.8841543251310949,-1.461440576166749,0.4342257505906372,0.9204123179021463,-0.7394662468772634,-0.17029607721832604,-1.0161329645585022,1
-0.2960199349169384,0.9009088760241706,-0.502969299721533,-0.8230601898504334,-0.404365943111267,0.9048055324001227,-1.121692068732461,0.853056793629862,-1.2777665062144405,-0.570312581972397,-0.4814607612315388,1.5162766721616654,-1.0161329645585022,1
-0.12657084635623306,-1.1099901739376037,-0.502969299721533,-0.5852743717531763,0.10257878806523006,0.9048055324001227,0.30353439287573475,-1.461440576166749,1.649404568166006,1.4937680486231246,-0.22345527558581418,0.9606997664835506,-1.0161329645585022,1
-0.8043672005990544,0.9009088760241706,-1.179024470547907,-0.7915386056754898,-0.5733475201700994,0.9048055324001227,0.7113075193914129,1.4316811360790147,0.001192415045823164,3.7871909715070364,-0.4814607612315388,-1.0433455004267922,-1.0161329645585022,1
1.5679200392508204,-1.1099901739376037,0.8491410419312149,-0.5101500351198064,1.9613761357123858,0.9048055324001227,-1.2800505644667048,-1.461440576166749,-0.32106495094101467,-1.2583394588375707,2.098594095225707,0.16701847265767225,-1.0161329645585022,1
0.38177641932588297,0.9009088760241706,-0.502969299721533,2.361835824835634,0.4405419421828948,-1.177851894974348,0.2918158641914007,-1.461440576166749,2.0757242085860943,-1.0289971665491795,0.8085666669970842,0.4448069254967297,-1.0161329645585022,1
-0.8043672005990544,0.9009088760241706,-0.502969299721533,0.2828957527124283,-0.911310674287764,0.9048055324001227,2.2955259107167896,-1.461440576166749,1.4244957814876917,1.2644257563347332,-0.4814607612315388,-2.49181386165902,-1.0161329645585022,1
1.5679200392508204,-1.1099901739376037,0.8491410419312149,-0.6034356051205035,1.4544314045358888,0.9048055324001227,0.38271364074285674,0.853056793629862,0.10861153704143597,1.7231103409115156,1.8405886095799828,-0.6266628211682062,-1.0161329645585022,1
-0.46546902347764374,0.9009088760241706,-1.179024470547907,-0.31917282197973,-0.5733475201700994,-1.177851894974348,-0.7257958293968509,0.2744324511807092,-0.2069321338206762,-0.6849837281165926,-0.7394662468772634,0.9606997664835506,-1.0161329645585022,1
1.0595727735687044,0.9009088760241706,-0.502969299721533,-0.8433849788449987,0.7785050963005594,0.9048055324001227,-0.7257958293968509,-0.3041918912684436,0.82026322026237,0.5763988794695595,0.5505611813513597,0.7225953783357871,-1.0161329645585022,1
1.2290218621294098,0.9009088760241706,-0.502969299721533,-0.9039013669003012,1.2854498274770565,0.9048055324001227,-1.042512820865339,0.853056793629862,-0.15993626794759605,-0.11162799739561437,0.5505611813513597,0.9408577341379036,-1.0161329645585022,1
-0.46546902347764374,0.9009088760241706,1.5251962127575889,-0.6768701574318701,-0.23538436605243465,0.9048055324001227,0.38271364074285674,-1.461440576166749,-1.6873019088227141,2.0671237793441026,-0.4814607612315388,1.317856348705196,-1.0161329645585022,1
-0.8043672005990544,0.9009088760241706,-1.179024470547907,-0.7376708082703133,-0.911310674287764,0.9048055324001227,-0.06179865678316607,-0.8828162337175963,0.273097067597218,1.6084391947673204,-0.4814607612315388,0.4448069254967297,-1.0161329645585022,1
-0.12657084635623306,0.9009088760241706,-0.502969299721533,0.11715475776451617,0.2715603651240624,-1.177851894974348,-0.7257958293968509,1.4316811360790147,0.3738024944681046,-0.9143260204049839,1.066572152642809,0.7027533459901402,-1.0161329645585022,1
1.5679200392508204,0.9009088760241706,1.5251962127575889,-0.2532870257984352,1.9613761357123858,-1.177851894974348,0.10511119772072706,0.853056793629862,2.1193632268968114,0.23238544103697253,0.8085666669970842,1.6353288662355472,-1.0161329645585022,1
-0.9738162891597597,0.9009088760241706,0.8491410419312149,-0.25034964370598056,-0.5733475201700994,0.9048055324001227,2.60860065678339,-0.8828162337175963,1.5688402266692962,3.0991640946418633,-0.7394662468772634,0.38528082845978884,-1.0161329645585022,1
-0.634918112038349,0.9009088760241706,0.8491410419312149,-0.9600590589474451,-0.5733475201700994,0.9048055324001227,-0.862142494224035,-0.3041918912684436,0.7967652873258302,0.9204123179021463,-0.7394662468772634,-2.710076217461137,-1.0161329645585022,1
0.5512255078865883,0.9009088760241706,-0.502969299721533,-0.5076232548252217,-0.06640278899360229,0.9048055324001227,-0.3298995900612411,-1.461440576166749,0.3133792383455725,0.23238544103697253,0.29255569570563505,-0.011559818453150373,-1.0161329645585022,1
0.38177641932588297,0.9009088760241706,-0.502969299721533,-0.7431191782805114,0.2715603651240624,-1.177851894974348,-0.5514431255934484,-0.3041918912684436,1.407711543675877,0.5763988794695595,0.03455021005991044,1.1591200899400202,-1.0161329645585022,1
-0.2960199349169384,0.9009088760241706,0.17308587110484092,-0.3593960057941495,-0.911310674287764,0.9048055324001227,1.6072998882557652,0.2744324511807092,1.5822676169187482,2.411137217776689,-0.4814607612315388,0.3455967637684949,-1.0161329645585022,1
-0.9738162891597597,0.9009088760241706,-0.502969299721533,-0.8164115992003076,-0.5733475201700994,0.9048055324001227,-0.37043936496920754,0.2744324511807092,0.02804719554472637,1.379096902478929,-0.4814607612315388,0.6035431842619053,-1.0161329645585022,1
-0.634918112038349,0.9009088760241706,0.8491410419312149,-0.3033962375154171,-0.911310674287764,0.9048055324001227,1.0161476236798326,-0.3041918912684436,1.1156658057503053,1.379096902478929,-0.997471732522988,-0.8052411122790287,-1.0161329645585022,1
-0.8043672005990544,-1.1099901739376037,-1.179024470547907,-0.5333648290763029,-0.911310674287764,0.9048055324001227,-0.4090788379283631,-1.461440576166749,-0.5694716705558691,0.1177142948927768,-0.7394662468772634,1.258330251668255,-1.0161329645585022,1
0.890123685007999,-1.1099901739376037,-0.502969299721533,-0.22517659502118093,0.7785050963005594,0.9048055324001227,0.8577891279455886,-0.3041918912684436,1.0854541776890392,1.035083464046342,0.29255569570563505,-1.4997122443766724,-1.0161329645585022,1
-0.2960199349169384,0.9009088760241706,-1.179024470547907,0.8904916592989905,-0.404365943111267,0.9048055324001227,0.38271364074285674,0.853056793629862,1.4647779522360462,-0.570312581972397,-0.22345527558581418,0.08765034327508442,-1.0161329645585022,1
-0.12657084635623306,-1.1099901739376037,-0.502969299721533,-0.2261557223853325,-0.23538436605243465,0.9048055324001227,-0.5674373336626071,-0.3041918912684436,1.4983464278596756,-0.570312581972397,0.29255569570563505,0.7027533459901402,-1.0161329645585022,1
2.0762673049329363,0.9009088760241706,1.5251962127575889,0.3851987698894245,2.4683208668888827,-1.177851894974348,-0.21635654861978817,-0.8828162337175963,-1.039430329286675,-0.6849837281165926,2.872610552162881,2.171063739568015,-1.0161329645585022,1
-0.46546902347764374,-1.1099901739376037,0.8491410419312149,-0.6757804834298304,-0.5733475201700994,0.9048055324001227,0.06599664927436881,0.853056793629862,0.001192415045823164,1.4937680486231246,-0.4814607612315388,0.08765034327508442,-1.0161329645585022,1
-0.46546902347764374,-1.1099901739376037,-1.179024470547907,-0.6973212854411646,-0.7423290972289317,0.9048055324001227,-1.121692068732461,0.2744324511807092,0.6154955189582334,-0.7996548742607882,-0.4814607612315388,0.40512286080543575,-1.0161329645585022,1
-0.2960199349169384,0.9009088760241706,0.8491410419312149,0.23049664635347902,0.10257878806523006,0.9048055324001227,2.4413740852880284,1.4316811360790147,0.739698878765661,1.379096902478929,-0.4814607612315388,0.028124246238143545,-1.0161329645585022,1
-0.2960199349169384,-1.1099901739376037,-0.502969299721533,-0.3407452087447465,-0.5733475201700994,0.9048055324001227,2.4884065585210986,-0.8828162337175963,2.491973306319093,3.328506386930255,-0.997471732522988,-1.7775006972157297,-1.0161329645585022,1
-0.2960199349169384,-1.1099901739376037,-1.179024470547907,-0.22618730713901478,-0.23538436605243465,0.9048055324001227,0.06599664927436881,0.853056793629862,-0.1129404020745153,0.1177142948927768,-0.4814607612315388,0.9408577341379036,-1.0161329645585022,1
-0.12657084635623306,0.9009088760241706,-0.502969299721533,-0.33976608138059494,-0.404365943111267,0.9048055324001227,2.4413740852880284,-0.8828162337175963,-0.1397951825734185,3.328506386930255,0.29255569570563505,0.9805417988291976,-1.0161329645585022,1
0.0428782422044723,0.9009088760241706,-0.502969299721533,-0.26328360033888576,0.10257878806523006,0.9048055324001227,1.0161476236798326,-1.461440576166749,1.0216740740041443,1.2644257563347332,-0.22345527558581418,-0.07108591549009124,-1.0161329645585022,1
-0.9738162891597597,-1.1099901739376037,0.8491410419312149,-1.0223441932089568,-0.911310674287764,0.9048055324001227,-1.2365019781397877,0.2744324511807092,-0.5560442803064178,-0.2262991435398101,-0.7394662468772634,0.2463866020402601,-1.0161329645585022,1
-0.46546902347764374,0.9009088760241706,1.5251962127575889,0.01676261818529965,-0.911310674287764,0.9048055324001227,1.9037469922702699,0.2744324511807092,0.18246218341341994,1.4937680486231246,0.03455021005991044,-1.6981325678331418,-1.0161329645585022,1
0.21232733076517762,-1.1099901739376037,0.8491410419312149,0.9045784594413,0.10257878806523006,-1.177851894974348,0.06599664927436881,-1.461440576166749,-0.12972463988633004,-0.7996548742607882,0.03455021005991044,-1.0433455004267922,-1.0161329645585022,1
-0.9738162891597597,0.9009088760241706,0.8491410419312149,-0.6782440942170505,-0.911310674287764,0.9048055324001227,-0.2507203421941191,1.4316811360790147,1.753466842599256,0.9204123179021463,-0.7394662468772634,-1.3409759856114967,-1.0161329645585022,1
-0.12657084635623306,-1.1099901739376037,-0.502969299721533,-0.34104526390472845,-0.06640278899360229,0.9048055324001227,1.0161476236798326,0.2744324511807092,0.5584291103980642,1.4937680486231246,0.29255569570563505,-0.07108591549009124,-1.0161329645585022,1
-0.8043672005990544,0.9009088760241706,-1.179024470547907,-0.8898777362653564,-0.7423290972289317,0.21058638994196582,0.6831197071507176,0.853056793629862,-0.7843099145470948,5.1632447252373845,-0.7394662468772634,0.7622794430270811,-1.0161329645585022,1
-0.8043672005990544,0.9009088760241706,-0.502969299721533,-0.20949476481791493,-0.06640278899360229,0.9048055324001227,1.516243753208575,-1.461440576166749,1.1223795008750308,1.7231103409115156,-0.4814607612315388,0.8416475724096689,-1.0161329645585022,1
0.890123685007999,0.9009088760241706,-0.502969299721533,-0.8864034133603025,0.9474866733593919,0.21058638994196582,-0.7916729636222964,0.853056793629862,1.088811025251402,0.5763988794695595,1.3245776382885335,1.278172284013902,-1.0161329645585022,1
-0.46546902347764374,-1.1099901739376037,1.5251962127575889,-0.295389502456952,-0.404365943111267,0.9048055324001227,1.3328646151483206,-0.8828162337175963,-1.0092187012254088,1.7231103409115156,-0.22345527558581418,0.782121475372728,-1.0161329645585022,1
0.7206745964472937,0.9009088760241706,-1.179024470547907,-0.724926360159502,1.1164682504182242,0.9048055324001227,-0.7257958293968509,0.2744324511807092,0.024690347982363543,0.1177142948927768,0.8085666669970842,1.8734332543833108,-1.0161329645585022,1
-0.8043672005990544,0.9009088760241706,1.5251962127575889,-0.3785837436561517,-0.911310674287764,0.9048055324001227,-0.5376659364645692,-1.461440576166749,0.06497251873071805,-0.34097028968400567,-0.4814607612315388,-1.3409759856114967,-1.0161329645585022,1
0.5512255078865883,-1.1099901739376037,-0.502969299721533,-0.6938627549129519,0.2715603651240624,0.9048055324001227,0.8696660151256569,0.2744324511807092,0.001192415045823164,3.213835240786059,1.066572152642809,0.5241750548793175,-1.0161329645585022,1
1.7373691278115257,0.9009088760241706,-1.179024470547907,-0.33272268130944027,1.4544314045358888,-0.4836327525161911,1.5002495451394164,0.853056793629862,1.343931439990982,2.0671237793441026,2.6146050665171567,-1.0036614357354983,-1.0161329645585022,1
-0.9738162891597597,-1.1099901739376037,1.5251962127575889,-0.6265872295696354,-0.911310674287764,0.9048055324001227,0.06599664927436881,-0.8828162337175963,0.4174415127788225,1.2644257563347332,-0.4814607612315388,0.9606997664835506,-1.0161329645585022,1
-0.2960199349169384,-1.1099901739376037,0.8491410419312149,-0.41089494667315296,-0.7423290972289317,0.9048055324001227,2.280956929109239,-1.461440576166749,-0.33449234119046656,3.5578486792186466,0.03455021005991044,-1.5393963090679663,-1.0161329645585022,1
1.0595727735687044,0.9009088760241706,0.8491410419312149,-0.4512444695023016,1.2854498274770565,0.9048055324001227,0.7006975001772185,-1.461440576166749,1.575553921794022,1.4937680486231246,0.8085666669970842,-1.7576586648700827,-1.0161329645585022,1
-0.9738162891597597,-1.1099901739376037,0.8491410419312149,-0.7660023323233437,-0.404365943111267,0.9048055324001227,-0.17154109432699713,0.2744324511807092,0.7430557263280237,1.4937680486231246,-0.997471732522988,-1.3806600503027906,-1.0161329645585022,1
-0.9738162891597597,-1.1099901739376037,0.8491410419312149,-0.448307087409847,-0.911310674287764,0.9048055324001227,-0.21223922773069784,-1.461440576166749,0.20596011634995973,0.23238544103697253,-0.7394662468772634,-1.3012919209202027,-1.0161329645585022,1
-0.2960199349169384,-1.1099901739376037,0.8491410419312149,-0.27678608253807246,-0.06640278899360229,0.9048055324001227,-0.7257958293968509,-1.461440576166749,0.4745079213389917,-0.6849837281165926,-0.4814607612315388,-1.0036614357354983,-1.0161329645585022,1
-0.8043672005990544,0.9009088760241706,-0.502969299721533,-0.9068387489927558,-0.7423290972289317,0.9048055324001227,-0.5674373336626071,-0.3041918912684436,-1.4254677989584081,1.4937680486231246,-0.7394662468772634,-0.13061201252703214,-1.0161329645585022,1
-0.634918112038349,-1.1099901739376037,-0.502969299721533,-0.9387867273424105,-0.7423290972289317,0.9048055324001227,-0.8589753243093502,-0.8828162337175963,-0.2069321338206762,0.6910700256137552,-0.4814607612315388,-0.7853990799333818,-1.0161329645585022,1
-0.2960199349169384,-1.1099901739376037,-0.502969299721533,-0.9632649114461994,-0.404365943111267,0.9048055324001227,-1.042512820865339,-0.8828162337175963,0.03811773823181484,0.23238544103697253,0.03455021005991044,-0.24966420660091387,-1.0161329645585022,1
-0.9738162891597597,-1.1099901739376037,0.8491410419312149,-0.6944786576097569,-0.911310674287764,0.9048055324001227,-0.8524826259842462,0.2744324511807092,0.34023401884447574,-0.2262991435398101,-0.7394662468772634,-0.13061201252703214,-1.0161329645585022,1
-0.8043672005990544,-1.1099901739376037,-0.502969299721533,-0.22317096316235435,-0.404365943111267,0.9048055324001227,1.6495816066168083,1.4316811360790147,0.041474585794178266,1.8377814870557112,-0.997471732522988,0.16701847265767225,-1.0161329645585022,1
-0.634918112038349,0.9009088760241706,0.8491410419312149,-0.28337150368083375,-0.911310674287764,-1.177851894974348,0.38271364074285674,-1.461440576166749,2.1562885500828033,0.5763988794695595,-0.4814607612315388,-0.30919030363785477,-1.0161329645585022,1
-0.634918112038349,-1.1099901739376037,-1.179024470547907,-1.0394473373279267,-0.911310674287764,0.9048055324001227,-0.9590578936133923,-1.461440576166749,0.25966967734776614,1.2644257563347332,-0.7394662468772634,0.7027533459901402,-1.0161329645585022,1
0.38177641932588297,-1.1099901739376037,0.8491410419312149,-1.0074203970940663,0.2715603651240624,0.9048055324001227,-1.19517041075315,0.853056793629862,1.5184875132338527,-0.11162799739561437,0.29255569570563505,-1.2616078562289088,-1.0161329645585022,1
0.890123685007999,0.9009088760241706,-1.179024470547907,-0.5644916038302176,0.7785050963005594,0.9048055324001227,0.4204029627276068,0.2744324511807092,-0.6903181828009338,1.6084391947673204,0.5505611813513597,1.4765926074703717,-1.0161329645585022,1
-0.8043672005990544,0.9009088760241706,-1.179024470547907,-0.6164011465070911,-0.7423290972289317,0.9048055324001227,-1.0752930294823275,-0.3041918912684436,1.5486991412951188,-0.7996548742607882,-0.4814607612315388,-1.3806600503027906,-1.0161329645585022,1
-0.46546902347764374,-1.1099901739376037,-1.179024470547907,-0.21975980976466508,-0.404365943111267,0.9048055324001227,-0.4090788379283631,-1.461440576166749,1.511773818109127,-0.34097028968400567,-0.7394662468772634,0.26622863438590705,-1.0161329645585022,1
-0.46546902347764374,0.9009088760241706,-0.502969299721533,-0.3011379276271321,-0.911310674287764,0.9048055324001227,-1.1850354670261585,0.2744324511807092,0.16232109803924238,-1.2583394588375707,-0.7394662468772634,0.6630692812988462,-1.0161329645585022,1
-0.2960199349169384,-1.1099901739376037,0.8491410419312149,-0.42891404864890975,-0.911310674287764,0.9048055324001227,0.7627740305050422,0.2744324511807092,-0.5963264510547723,1.4937680486231246,-0.4814607612315388,-1.8568688265983175,-1.0161329645585022,1
0.0428782422044723,-1.1099901739376037,1.5251962127575889,-0.1343546358077038,0.4405419421828948,-1.177851894974348,1.6495816066168083,0.2744324511807092,1.1995869948093776,1.6084391947673204,1.066572152642809,0.9408577341379036,-1.0161329645585022,1
-0.8043672005990544,-1.1099901739376037,0.8491410419312149,-0.97449329138026,-0.911310674287764,0.9048055324001227,-1.042512820865339,-0.3041918912684436,1.2163712326211924,0.23238544103697253,-0.7394662468772634,-1.4798702120310254,-1.0161329645585022,1
-0.46546902347764374,-1.1099901739376037,-0.502969299721533,-0.3173882833966796,-0.911310674287764,0.9048055324001227,0.0026532509806712224,-0.8828162337175963,-0.8548037133567153,0.23238544103697253,-0.4814607612315388,1.5162766721616654,-1.0161329645585022,1
0.21232733076517762,-1.1099901739376037,0.8491410419312149,-0.4433798658354069,-0.23538436605243465,0.9048055324001227,-1.3305669246059286,1.4316811360790147,0.7497694214527494,-1.3730106049817663,1.066572152642809,0.5043330225336705,-1.0161329645585022,1
0.21232733076517762,0.9009088760241706,0.8491410419312149,-0.5228786908537766,0.6095235192417271,0.9048055324001227,-1.2800505644667048,0.2744324511807092,0.5114332445249834,-1.2583394588375707,0.5505611813513597,1.2186461869769611,-1.0161329645585022,1
-0.12657084635623306,-1.1099901739376037,1.5251962127575889,-0.051728920174785614,0.10257878806523006,0.9048055324001227,1.6495816066168083,0.2744324511807092,0.622209214082959,1.379096902478929,-0.22345527558581418,-2.2537094735112566,-1.0161329645585022,1
-0.634918112038349,-1.1099901739376037,-0.502969299721533,0.2675613547996677,-0.7423290972289317,-1.177851894974348,-0.5386160874389746,0.853056793629862,0.5919975860216931,-0.9143260204049839,-0.7394662468772634,-0.6068207888225592,-1.0161329645585022,1
0.0428782422044723,0.9009088760241706,-0.502969299721533,1.942106033151441,-0.06640278899360229,0.9048055324001227,0.7961876731049677,-0.3041918912684436,1.6628319584154578,-0.7996548742607882,0.5505611813513597,0.7622794430270811,-1.0161329645585022,1
0.38177641932588297,0.9009088760241706,0.8491410419312149,-0.3378709961596565,-0.06640278899360229,0.9048055324001227,-0.4502520468192665,0.853056793629862,1.5486991412951188,-0.2262991435398101,1.066572152642809,0.7027533459901402,-1.0161329645585022,1
-0.46546902347764374,-1.1099901739376037,0.8491410419312149,-0.5264793527735597,-0.911310674287764,0.9048055324001227,1.6495816066168083,0.2744324511807092,0.8269769153870962,3.328506386930255,-0.997471732522988,-0.6266628211682062,-1.0161329645585022,1
0.7206745964472937,-1.1099901739376037,1.5251962127575889,-0.601129918101695,0.7785050963005594,0.9048055324001227,-0.04073697685051162,1.4316811360790147,-0.09615616426270057,0.9204123179021463,0.8085666669970842,1.8139071573463699,-1.0161329645585022,1
-0.9738162891597597,0.9009088760241706,-0.502969299721533,-0.5507838207320959,-0.911310674287764,0.9048055324001227,1.4365894298542503,-0.8828162337175963,-1.0427871768490378,3.0991640946418633,-0.7394662468772634,0.008282213892496587,-1.0161329645585022,1
0.7206745964472937,-1.1099901739376037,1.5251962127575889,-0.18080001609753796,0.4405419421828948,0.9048055324001227,-0.09252020495560939,0.2744324511807092,1.1559479764986598,-0.11162799739561437,0.03455021005991044,1.0003838311748445,-1.0161329645585022,1
1.398470950690115,0.9009088760241706,-0.502969299721533,-0.14435121034815432,1.2854498274770565,-1.177851894974348,0.000752949031860295,0.2744324511807092,1.904524982905586,0.003043148748581378,2.098594095225707,1.3972244780877838,-1.0161329645585022,1
0.7206745964472937,-1.1099901739376037,-1.179024470547907,-0.7734721265692096,0.9474866733593919,0.9048055324001227,0.25856058008720945,0.853056793629862,-0.9185838170416109,2.525808363920885,-0.22345527558581418,0.7622794430270811,-1.0161329645585022,1
0.5512255078865883,-1.1099901739376037,-0.502969299721533,-0.058345926071229175,0.7785050963005594,0.9048055324001227,1.6495816066168083,1.4316811360790147,0.2697402200348552,1.379096902478929,0.29255569570563505,1.6750129309268411,-1.0161329645585022,1
-0.46546902347764374,-1.1099901739376037,-0.502969299721533,-0.2984058464336124,-0.7423290972289317,0.9048055324001227,1.3328646151483206,1.4316811360790147,0.4778647689013546,1.8377814870557112,-0.4814607612315388,1.238488219322608,-1.0161329645585022,1
0.38177641932588297,0.9009088760241706,1.5251962127575889,0.05848607779962874,-0.06640278899360229,0.9048055324001227,0.3062264873032169,1.4316811360790147,0.7464125738903866,0.003043148748581378,0.5505611813513597,1.1194360252487263,-1.0161329645585022,1
0.890123685007999,-1.1099901739376037,-1.179024470547907,0.8042810741231304,0.2715603651240624,-1.177851894974348,2.4413740852880284,-1.461440576166749,2.5121143916932698,0.5763988794695595,0.5505611813513597,0.6829113136444932,-1.0161329645585022,1
0.21232733076517762,-1.1099901739376037,1.5251962127575889,-0.45028113451499124,0.10257878806523006,0.9048055324001227,-0.7915146051265622,-0.8828162337175963,-0.5392600424946031,-0.570312581972397,0.03455021005991044,0.9408577341379036,-1.0161329645585022,1
-0.46546902347764374,-1.1099901739376037,-0.502969299721533,-0.5678237953437011,-0.06640278899360229,0.9048055324001227,0.22435514500861276,0.2744324511807092,0.16903479316396802,1.2644257563347332,-0.4814607612315388,0.7027533459901402,-1.0161329645585022,1
0.0428782422044723,-1.1099901739376037,0.8491410419312149,-0.7748144786007077,-0.06640278899360229,0.9048055324001227,0.38271364074285674,0.853056793629862,-0.25057115213139414,2.869821802353472,0.5505611813513597,-0.30919030363785477,-1.0161329645585022,1
-0.12657084635623306,-1.1099901739376037,-0.502969299721533,-0.6546029060858428,-0.23538436605243465,0.9048055324001227,0.14042514226946345,0.2744324511807092,0.1656779456016052,1.4937680486231246,0.03455021005991044,-1.102871597463733,-1.0161329645585022,1
0.0428782422044723,0.9009088760241706,-0.502969299721533,-0.7249421525363431,0.2715603651240624,0.9048055324001227,-1.1864606934877666,-1.461440576166749,1.1156658057503053,-0.9143260204049839,0.29255569570563505,0.18686050500331922,-1.0161329645585022,1
1.2290218621294098,0.9009088760241706,-1.179024470547907,-0.2295510834061806,1.1164682504182242,-1.177851894974348,-0.2823920413409679,0.2744324511807092,1.2902218789931756,-0.2262991435398101,0.29255569570563505,0.0479662785837905,-1.0161329645585022,1
0.38177641932588297,0.9009088760241706,-0.502969299721533,0.2331181809091106,0.10257878806523006,0.9048055324001227,2.4413740852880284,0.853056793629862,0.5684996530851527,1.379096902478929,0.29255569570563505,0.40512286080543575,-1.0161329645585022,1
-0.2960199349169384,0.9009088760241706,-0.502969299721533,-0.5627544423776907,-0.23538436605243465,0.9048055324001227,-0.8841543251310949,0.2744324511807092,0.9478234276321603,-0.570312581972397,-0.7394662468772634,1.238488219322608,-1.0161329645585022,1
1.0595727735687044,-1.1099901739376037,0.17308587110484092,-0.13163834699102528,1.1164682504182242,0.9048055324001227,1.178148364815964,0.2744324511807092,2.159645397645167,1.1497546101905376,1.066572152642809,0.8813316371009629,-1.0161329645585022,1
-0.8043672005990544,-1.1099901739376037,-1.179024470547907,-0.9394184224160568,-0.911310674287764,0.9048055324001227,-0.7257958293968509,0.853056793629862,0.36037510421865326,1.1497546101905376,-0.7394662468772634,-0.9044512740072636,-1.0161329645585022,1
-0.2960199349169384,0.9009088760241706,0.8491410419312149,-0.3565060008322183,0.2715603651240624,0.9048055324001227,-0.2679814182291517,0.2744324511807092,0.7967652873258302,0.003043148748581378,-0.22345527558581418,-0.5274526594399713,-1.0161329645585022,1
-0.2960199349169384,-1.1099901739376037,-1.179024470547907,-0.12380532807781286,-0.7423290972289317,0.9048055324001227,1.6495816066168083,-0.8828162337175963,1.1794459094352001,1.6084391947673204,-0.7394662468772634,0.7225953783357871,-1.0161329645585022,1
-0.634918112038349,0.9009088760241706,-0.502969299721533,-0.6802339336990358,-0.5733475201700994,0.9048055324001227,0.06599664927436881,-0.8828162337175963,0.954537122756886,1.4937680486231246,-0.997471732522988,-0.7655570475877348,-1.0161329645585022,1
1.5679200392508204,0.9009088760241706,-1.179024470547907,0.2344289481869264,1.6234129815947211,-1.177851894974348,-0.6322059584179128,-1.461440576166749,-0.1129404020745153,-0.9143260204049839,1.582583123934258,1.4369085427790778,-1.0161329645585022,1
-0.2960199349169384,-1.1099901739376037,0.8491410419312149,-0.31700926635249194,-0.06640278899360229,0.9048055324001227,0.38271364074285674,-1.461440576166749,0.9914624459428782,0.6910700256137552,0.03455021005991044,-0.5671367241312653,-1.0161329645585022,1
-0.2960199349169384,0.9009088760241706,0.8491410419312149,-0.7026749011903158,-0.5733475201700994,0.9048055324001227,0.8429034293465697,0.2744324511807092,-0.7339572011116512,3.213835240786059,-0.7394662468772634,-0.011559818453150373,-1.0161329645585022,1
0.5512255078865883,0.9009088760241706,0.8491410419312149,-0.8853611164887862,-0.23538436605243465,0.9048055324001227,-0.7257958293968509,1.4316811360790147,-0.04916029838962042,0.8057411717579506,0.8085666669970842,0.3654387961141419,-1.0161329645585022,1
-0.634918112038349,0.9009088760241706,1.5251962127575889,-0.701758943333529,-0.911310674287764,0.9048055324001227,-0.2507203421941191,-0.8828162337175963,0.9511802751945232,1.035083464046342,-0.997471732522988,-2.3529196352394917,-1.0161329645585022,1
1.0595727735687044,-1.1099901739376037,1.5251962127575889,-0.5348019353688479,1.4544314045358888,0.9048055324001227,0.407575924573133,-0.8828162337175963,1.3674293729275224,1.379096902478929,1.582583123934258,0.2463866020402601,-1.0161329645585022,1
0.21232733076517762,0.9009088760241706,-0.502969299721533,-0.22094423802775162,-0.404365943111267,0.9048055324001227,0.8577891279455886,-0.3041918912684436,0.08847045166725842,1.035083464046342,-0.22345527558581418,0.5638591195706114,-1.0161329645585022,1
0.21232733076517762,-1.1099901739376037,-0.502969299721533,-1.131706402833949,0.4405419421828948,0.9048055324001227,-1.033486386608487,1.4316811360790147,-0.5761853656805954,2.640479510065081,0.8085666669970842,1.5758027691986063,-1.0161329645585022,1
1.5679200392508204,0.9009088760241706,0.8491410419312149,-0.26051993439168375,1.7923945586535535,0.9048055324001227,0.8522465805948901,-0.8828162337175963,2.354342556262214,1.1497546101905376,2.356599580871432,-0.7457150152420878,-1.0161329645585022,1
-0.9738162891597597,-1.1099901739376037,0.8491410419312149,-0.6765385175182058,-0.7423290972289317,0.9048055324001227,-0.6355314868283319,-0.3041918912684436,1.1022384155008533,0.1177142948927768,-0.7394662468772634,0.3654387961141419,-1.0161329645585022,1
-0.46546902347764374,0.9009088760241706,1.5251962127575889,-0.5110975777302756,-0.7423290972289317,0.9048055324001227,-0.9584244596304554,-1.461440576166749,0.7363420312032976,-0.7996548742607882,0.03455021005991044,0.305912699077201,-1.0161329645585022,1
-0.2960199349169384,0.9009088760241706,-1.179024470547907,-0.17416721782425323,-0.404365943111267,0.9048055324001227,1.6495816066168083,0.2744324511807092,2.092508446397908,1.7231103409115156,-0.4814607612315388,0.782121475372728,-1.0161329645585022,1
-0.46546902347764374,-1.1099901739376037,0.8491410419312149,-0.5059334705032182,-0.23538436605243465,0.9048055324001227,1.0161476236798326,1.4316811360790147,1.3070061168049905,2.1817949254882985,-0.7394662468772634,-1.0433455004267922,-1.0161329645585022,1
-0.634918112038349,0.9009088760241706,1.5251962127575889,-0.16652370743313466,-0.7423290972289317,0.9048055324001227,-0.8125762850592166,-1.461440576166749,-0.18343420088413584,-0.9143260204049839,-0.7394662468772634,1.0202258635204915,-1.0161329645585022,1
-0.2960199349169384,-1.1099901739376037,-0.502969299721533,-0.14259825651878621,-0.5733475201700994,-1.177851894974348,-0.6869979979419613,0.2744324511807092,2.8276580625553827,-0.7996548742607882,-0.7394662468772634,-3.4839154789413684,-1.0161329645585022,1
-0.12657084635623306,-1.1099901739376037,0.8491410419312149,-0.41141609510891103,-0.23538436605243465,0.9048055324001227,0.06599664927436881,1.4316811360790147,1.4547074095489578,0.5763988794695595,0.29255569570563505,-1.4203441149940845,-1.0161329645585022,1
-0.634918112038349,0.9009088760241706,0.8491410419312149,-0.4490019519908578,-0.5733475201700994,0.9048055324001227,0.06599664927436881,-0.3041918912684436,1.4244957814876917,0.5763988794695595,-0.7394662468772634,0.32575473142284794,-1.0161329645585022,1
-0.634918112038349,-1.1099901739376037,-1.179024470547907,-0.7696661637504915,-0.911310674287764,0.9048055324001227,-0.17154109432699713,0.2744324511807092,0.6054249762711449,1.4937680486231246,-0.997471732522988,-0.32903233598350173,-1.0161329645585022,1
1.398470950690115,0.9009088760241706,0.8491410419312149,-0.2207863142593401,1.1164682504182242,-1.177851894974348,-0.7257958293968509,1.4316811360790147,0.6389934518947737,-0.6849837281165926,1.3245776382885335,0.4844909901880236,-1.0161329645585022,1
-0.46546902347764374,0.9009088760241706,-0.502969299721533,0.05949678991746261,0.10257878806523006,0.9048055324001227,1.6495816066168083,-1.461440576166749,1.380856763176974,1.1497546101905376,-0.22345527558581418,0.7424374106814341,-1.0161329645585022,1
-0.12657084635623306,0.9009088760241706,-0.502969299721533,-0.7134453021959829,0.2715603651240624,0.9048055324001227,-0.1515879238644824,-0.8828162337175963,1.0149603788794181,1.2644257563347332,0.29255569570563505,0.22654456969461315,-1.0161329645585022,1
-0.8043672005990544,0.9009088760241706,0.8491410419312149,-0.39614486670351506,-0.911310674287764,0.9048055324001227,0.06900546069331945,-0.3041918912684436,1.646047720603643,0.4617277333253637,-0.997471732522988,0.8813316371009629,-1.0161329645585022,1
0.0428782422044723,0.9009088760241706,-1.179024470547907,0.8029860992221558,0.4405419421828948,-1.177851894974348,2.4413740852880284,-1.461440576166749,1.2197280801835553,0.5763988794695595,0.03455021005991044,0.46464895784237664,-1.0161329645585022,1
-0.8043672005990544,-1.1099901739376037,-1.179024470547907,-0.12753232901232522,-0.7423290972289317,0.9048055324001227,-1.042512820865339,0.2744324511807092,0.9142549520085315,-1.143668312693375,-0.7394662468772634,-1.2417658238832618,-1.0161329645585022,1
0.0428782422044723,-1.1099901739376037,-1.179024470547907,-0.39281267519003155,-0.5733475201700994,0.9048055324001227,1.6495816066168083,0.2744324511807092,-0.0860856215756121,2.525808363920885,0.29255569570563505,0.32575473142284794,-1.0161329645585022,1
-0.8043672005990544,0.9009088760241706,0.8491410419312149,0.42043156262203923,-0.404365943111267,-1.177851894974348,2.4413740852880284,1.4316811360790147,1.5386285986080301,1.035083464046342,-0.7394662468772634,-0.9242933063529105,-1.0161329645585022,1
1.0595727735687044,0.9009088760241706,0.8491410419312149,0.8932395328693513,1.1164682504182242,-1.177851894974348,1.6438807007703757,-1.461440576166749,0.4980058542755321,0.1177142948927768,0.29255569570563505,0.8813316371009629,-1.0161329645585022,1
-0.9738162891597597,-1.1099901739376037,-1.179024470547907,-0.32098894531646277,-0.7423290972289317,0.9048055324001227,0.13219050049128278,-1.461440576166749,-0.6231812315536756,0.3470565871811683,-0.997471732522988,-0.7853990799333818,-1.0161329645585022,1
-0.634918112038349,-1.1099901739376037,0.8491410419312149,-1.0095839527213044,-0.911310674287764,0.9048055324001227,-1.121692068732461,1.4316811360790147,0.4510099884024514,0.23238544103697253,-0.997471732522988,-0.7853990799333818,-1.0161329645585022,1
0.38177641932588297,0.9009088760241706,-0.502969299721533,-0.3326753041789168,-0.404365943111267,0.9048055324001227,0.7558062566927355,0.853056793629862,0.4980058542755321,1.1497546101905376,0.29255569570563505,0.9408577341379036,-1.0161329645585022,1
-0.12657084635623306,0.9009088760241706,-0.502969299721533,0.07170429721567471,-0.5733475201700994,-1.177851894974348,1.6495816066168083,-1.461440576166749,0.9612508178816116,1.1497546101905376,-0.4814607612315388,0.9408577341379036,-1.0161329645585022,1
-0.12657084635623306,-1.1099901739376037,1.5251962127575889,-0.5792416837998555,-0.23538436605243465,0.9048055324001227,-0.4166800457236068,0.2744324511807092,1.343931439990982,0.23238544103697253,0.5505611813513597,0.9210157017922567,-1.0161329645585022,1
-0.8043672005990544,0.9009088760241706,0.8491410419312149,-0.22751386679367172,-0.5733475201700994,0.9048055324001227,0.06599664927436881,0.853056793629862,1.4748484949231353,0.1177142948927768,-0.4814607612315388,-0.5076106270943244,-1.0161329645585022,1
0.0428782422044723,-1.1099901739376037,-1.179024470547907,-0.6792232215812021,-0.23538436605243465,0.9048055324001227,0.06599664927436881,1.4316811360790147,-0.4956210241838858,1.4937680486231246,-0.22345527558581418,-1.678290535487495,-1.0161329645585022,1
-0.8043672005990544,0.9009088760241706,-0.502969299721533,-0.8816972850616386,-0.911310674287764,0.9048055324001227,-0.5674373336626071,-0.3041918912684436,-0.27406908506793454,1.2644257563347332,-0.7394662468772634,0.14717644031202531,-1.0161329645585022,1
0.21232733076517762,0.9009088760241706,1.5251962127575889,-0.8982634883680092,0.10257878806523006,0.9048055324001227,-1.01084112171849,0.853056793629862,-0.29085332287974863,0.003043148748581378,0.29255569570563505,1.35754041339649,-1.0161329645585022,1
0.5512255078865883,0.9009088760241706,-1.179024470547907,-0.6794443148569782,0.10257878806523006,0.9048055324001227,0.8511380711247504,-0.3041918912684436,-0.2572848472561198,3.0991640946418633,0.03455021005991044,-0.22982217425526694,-1.0161329645585022,1
-0.9738162891597597,0.9009088760241706,-0.502969299721533,-0.9118607248282429,-0.911310674287764,0.9048055324001227,-1.042512820865339,-1.461440576166749,-1.0427871768490378,0.003043148748581378,-0.7394662468772634,0.5440170872249644,-1.0161329645585022,1
0.7206745964472937,0.9009088760241706,-0.502969299721533,0.01447272354333231,0.10257878806523006,0.9048055324001227,0.8481292597057998,0.2744324511807092,0.001192415045823164,0.4617277333253637,-0.22345527558581418,0.8614896047553159,-1.0161329645585022,1
0.38177641932588297,-1.1099901739376037,-0.502969299721533,-0.22048625909935818,0.10257878806523006,0.9048055324001227,0.38271364074285674,-1.461440576166749,1.4043546961135143,0.4617277333253637,0.29255569570563505,0.6630692812988462,-1.0161329645585022,1
-0.2960199349169384,0.9009088760241706,-0.502969299721533,0.18390913467207448,-0.23538436605243465,0.9048055324001227,1.2794978020858803,-0.8828162337175963,1.9582345439033924,0.5763988794695595,0.29255569570563505,-2.9481806056089,-1.0161329645585022,1
-0.634918112038349,-1.1099901739376037,0.8491410419312149,-0.219649263126777,-0.911310674287764,0.9048055324001227,-0.7170861121314676,-0.8828162337175963,0.3905867322799193,-0.6849837281165926,-0.7394662468772634,0.10749237562073138,-1.0161329645585022,1
0.0428782422044723,-1.1099901739376037,-1.179024470547907,0.1572516025642064,-0.404365943111267,0.9048055324001227,1.070306229220944,-0.3041918912684436,1.1760890618728372,0.4617277333253637,-0.22345527558581418,0.008282213892496587,-1.0161329645585022,1
1.2290218621294098,0.9009088760241706,1.5251962127575889,-0.204172733822446,0.4405419421828948,-1.177851894974348,-0.5940415609459601,0.2744324511807092,0.13210946997797635,-0.570312581972397,1.066572152642809,0.9805417988291976,-1.0161329645585022,1
-0.8043672005990544,0.9009088760241706,-1.179024470547907,-0.6347992655270356,-0.7423290972289317,0.9048055324001227,0.06599664927436881,-0.8828162337175963,-0.8346626279825383,1.2644257563347332,-0.7394662468772634,0.4249648931510827,-1.0161329645585022,1
-0.46546902347764374,0.9009088760241706,1.5251962127575889,-0.9029222395361496,-0.911310674287764,0.9048055324001227,0.06409634732555788,-0.3041918912684436,0.35701825665629044,3.4431775330744507,-0.7394662468772634,1.0797519605574324,-1.0161329645585022,1
-0.9738162891597597,0.9009088760241706,0.8491410419312149,-0.9563952275202974,-0.911310674287764,0.9048055324001227,-0.7514499057057985,0.853056793629862,-0.811164695045998,1.2644257563347332,-0.4814607612315388,-1.4600281796853785,-1.0161329645585022,1
-0.8043672005990544,-1.1099901739376037,-0.502969299721533,-0.05665614174922569,-0.23538436605243465,0.9048055324001227,1.0161476236798326,0.2744324511807092,1.4580642571113207,0.8057411717579506,-0.4814607612315388,-0.190138109563973,-1.0161329645585022,1
-0.2960199349169384,-1.1099901739376037,-0.502969299721533,0.5124695348522852,0.2715603651240624,-1.177851894974348,1.6495816066168083,0.2744324511807092,0.9881055983805148,0.4617277333253637,0.03455021005991044,-2.7299182498067838,-1.0161329645585022,1
-0.634918112038349,-1.1099901739376037,-1.179024470547907,0.49317125035239495,-0.911310674287764,-1.177851894974348,0.9749744147889291,0.2744324511807092,1.6863298913519982,0.003043148748581378,-0.7394662468772634,-0.09092794783573821,-1.0161329645585022,1
-0.2960199349169384,-1.1099901739376037,-0.502969299721533,-0.014206232800203509,-0.06640278899360229,0.9048055324001227,1.6495816066168083,0.2744324511807092,0.2898813054090322,1.2644257563347332,-0.7394662468772634,0.6432272489531993,-1.0161329645585022,1
0.5512255078865883,0.9009088760241706,-0.502969299721533,-0.8654785140457733,0.6095235192417271,0.9048055324001227,-0.220790586500347,0.2744324511807092,0.6960598604549431,2.1817949254882985,1.066572152642809,-0.2893482712922078,-1.0161329645585022,1
0.38177641932588297,-1.1099901739376037,-1.179024470547907,2.2683765386896844,0.10257878806523006,-1.177851894974348,-0.44059217857947763,0.2744324511807092,1.6661888059778205,-1.2583394588375707,0.03455021005991044,-2.8092863791893716,-1.0161329645585022,1
1.0595727735687044,0.9009088760241706,-0.502969299721533,0.13618457185810684,1.1164682504182242,-1.177851894974348,-0.3298995900612411,0.853056793629862,1.5621265315445705,-0.6849837281165926,0.03455021005991044,-0.22982217425526694,-1.0161329645585022,1
0.38177641932588297,0.9009088760241706,-0.502969299721533,-0.6340412314386602,-0.23538436605243465,0.9048055324001227,0.22435514500861276,-1.461440576166749,-1.264339115964989,1.6084391947673204,0.5505611813513597,-1.162397694500674,-1.0161329645585022,1
-0.46546902347764374,-1.1099901739376037,-0.502969299721533,-0.3710823646566035,-0.5733475201700994,0.9048055324001227,1.3632694463292954,-1.461440576166749,0.8169063727000071,2.0671237793441026,-0.7394662468772634,0.32575473142284794,-1.0161329645585022,1
-0.8043672005990544,0.9009088760241706,-1.179024470547907,-0.7678026632832353,-0.5733475201700994,0.9048055324001227,0.06599664927436881,1.4316811360790147,-0.522475804682789,2.0671237793441026,-0.7394662468772634,0.9408577341379036,-1.0161329645585022,1
1.906818216372231,0.9009088760241706,0.8491410419312149,-0.3325489651641875,1.2854498274770565,-1.177851894974348,-0.6025929197156092,0.853056793629862,0.954537122756886,-0.45564143582820127,1.8405886095799828,-0.051243883144444294,-1.0161329645585022,1
1.2290218621294098,0.9009088760241706,1.5251962127575889,0.15402995768861097,1.1164682504182242,-1.177851894974348,0.06599664927436881,1.4316811360790147,1.9179523731550372,-0.34097028968400567,1.582583123934258,1.5361187045073124,-1.0161329645585022,1
0.5512255078865883,-1.1099901739376037,-1.179024470547907,-0.8691107607192388,0.10257878806523006,0.9048055324001227,-0.8841543251310949,-1.461440576166749,0.5114332445249834,0.23238544103697253,0.5505611813513597,-0.9639773710442044,-1.0161329645585022,1
-0.46546902347764374,-1.1099901739376037,-0.502969299721533,-0.5632440060597664,-0.5733475201700994,0.9048055324001227,0.895636808426073,1.4316811360790147,1.6896867389143604,2.2964660716324943,-0.7394662468772634,0.6829113136444932,-1.0161329645585022,1
-1.143265377720465,-1.1099901739376037,0.8491410419312149,-0.37454089518481626,-0.5733475201700994,0.9048055324001227,-0.7240538859437743,0.853056793629862,0.10861153704143597,-0.570312581972397,-0.4814607612315388,0.9408577341379036,-1.0161329645585022,1
-0.46546902347764374,-1.1099901739376037,1.5251962127575889,-0.6014931427690416,-0.911310674287764,-1.177851894974348,-0.5674373336626071,-1.461440576166749,1.4882758851725866,0.003043148748581378,-0.7394662468772634,0.305912699077201,-1.0161329645585022,1
-0.634918112038349,0.9009088760241706,-0.502969299721533,-0.6757962758066716,-0.911310674287764,0.9048055324001227,0.8577891279455886,-1.461440576166749,1.5151306656714898,2.984492948497668,-0.7394662468772634,0.4844909901880236,-1.0161329645585022,1
0.5512255078865883,-1.1099901739376037,-1.179024470547907,-0.3902227253880823,0.10257878806523006,0.9048055324001227,-0.32388196722333984,0.2744324511807092,1.3942841534264256,0.003043148748581378,0.29255569570563505,-0.15045404487267908,-1.0161329645585022,1
0.0428782422044723,-1.1099901739376037,1.5251962127575889,-0.713666395471759,-0.404365943111267,0.9048055324001227,-0.13986939518014835,-0.8828162337175963,1.2096575374964662,1.2644257563347332,0.8085666669970842,0.0479662785837905,-1.0161329645585022,1
-0.12657084635623306,-1.1099901739376037,0.8491410419312149,-0.6869614862333675,-0.06640278899360229,0.9048055324001227,-0.4090788379283631,-0.8828162337175963,-0.41169983512481334,0.5763988794695595,0.03455021005991044,0.5043330225336705,-1.0161329645585022,1
0.21232733076517762,0.9009088760241706,1.5251962127575889,-0.723078652069087,0.10257878806523006,0.9048055324001227,-0.15934749015546035,-0.8828162337175963,2.8041601296188423,1.2644257563347332,0.8085666669970842,1.258330251668255,-1.0161329645585022,1
1.2290218621294098,0.9009088760241706,0.8491410419312149,-0.7627491026940659,1.1164682504182242,0.9048055324001227,-0.7257958293968509,-1.461440576166749,0.46443737865190327,0.23238544103697253,0.29255569570563505,0.9210157017922567,-1.0161329645585022,1
0.21232733076517762,-1.1099901739376037,-0.502969299721533,0.30726339017832904,0.4405419421828948,0.9048055324001227,1.1938258558936543,1.4316811360790147,3.018998373610068,0.3470565871811683,1.066572152642809,1.278172284013902,-1.0161329645585022,1
-0.8043672005990544,0.9009088760241706,0.8491410419312149,-0.748804433943327,-0.911310674287764,0.9048055324001227,0.06599664927436881,-0.8828162337175963,-0.5761853656805954,1.952452633199907,-0.7394662468772634,-0.7258729828964409,-1.0161329645585022,1
-0.46546902347764374,0.9009088760241706,-0.502969299721533,-0.0733013069398021,0.10257878806523006,0.9048055324001227,1.687587645593027,0.2744324511807092,1.9683050865904814,1.4937680486231246,-0.4814607612315388,1.337698381050843,-1.0161329645585022,1
-0.9738162891597597,0.9009088760241706,-0.502969299721533,-0.5236209325653108,-0.7423290972289317,0.9048055324001227,0.8577891279455886,0.853056793629862,-0.5359031949322403,2.0671237793441026,-0.4814607612315388,-2.650550120424196,-1.0161329645585022,1
1.5679200392508204,-1.1099901739376037,-1.179024470547907,-0.9982450261493557,1.7923945586535535,0.9048055324001227,-1.121692068732461,1.4316811360790147,-0.10622670694978965,0.1177142948927768,1.582583123934258,0.38528082845978884,-1.0161329645585022,1
-0.12657084635623306,-1.1099901739376037,0.8491410419312149,-0.35219468195458326,-0.911310674287764,0.9048055324001227,0.8577891279455886,1.4316811360790147,-0.76752567673528,1.379096902478929,1.066572152642809,-0.46792656240303043,-1.0161329645585022,1
0.5512255078865883,0.9009088760241706,-1.179024470547907,-0.705864961312229,0.6095235192417271,0.9048055324001227,0.8083812772765044,0.2744324511807092,1.6527614157283688,3.213835240786059,1.066572152642809,-0.46792656240303043,-1.0161329645585022,1
-0.8043672005990544,0.9009088760241706,-0.502969299721533,-1.0177328191713397,-0.5733475201700994,0.9048055324001227,-1.1915281653512624,-0.8828162337175963,-0.7775962194223691,-0.11162799739561437,-0.4814607612315388,0.7225953783357871,-1.0161329645585022,1
0.38177641932588297,0.9009088760241706,0.17308587110484092,3.6476037701118766,0.4405419421828948,-1.177851894974348,2.4413740852880284,0.2744324511807092,1.934736610966852,-0.6849837281165926,0.29255569570563505,1.5559607368529593,-1.0161329645585022,1
-0.634918112038349,-1.1099901739376037,1.5251962127575889,-0.9658390688713075,-0.404365943111267,0.9048055324001227,-0.5674373336626071,0.2744324511807092,0.16232109803924238,2.0671237793441026,-0.4814607612315388,0.9805417988291976,-1.0161329645585022,1
-0.2960199349169384,0.9009088760241706,0.8491410419312149,-0.4568349709040702,-0.404365943111267,0.9048055324001227,0.06599664927436881,-1.461440576166749,0.7162009458291205,0.6910700256137552,-0.4814607612315388,0.9805417988291976,-1.0161329645585022,1
-0.634918112038349,-1.1099901739376037,-0.502969299721533,-0.7720823974071881,-0.911310674287764,0.9048055324001227,-0.7257958293968509,-1.461440576166749,-0.5795422132429582,0.23238544103697253,-0.7394662468772634,-2.49181386165902,-1.0161329645585022,1
-0.12657084635623306,0.9009088760241706,-0.502969299721533,-0.31903069058815964,-0.06640278899360229,0.9048055324001227,-0.7742535290915297,-1.461440576166749,1.2465828606824585,-0.6849837281165926,-0.22345527558581418,0.5043330225336705,-1.0161329645585022,1
0.21232733076517762,0.9009088760241706,-1.179024470547907,-0.4290719724173213,0.10257878806523006,0.9048055324001227,0.7664162759069298,-1.461440576166749,-1.0629282622232152,1.4937680486231246,0.8085666669970842,0.38528082845978884,-1.0161329645585022,1
0.38177641932588297,0.9009088760241706,0.8491410419312149,2.372653602971825,-0.06640278899360229,-1.177851894974348,0.33536445051831776,0.853056793629862,2.0857947512731823,-1.0289971665491795,0.8085666669970842,-1.102871597463733,-1.0161329645585022,1
-0.8043672005990544,0.9009088760241706,1.5251962127575889,-0.7839898495454182,-0.911310674287764,0.9048055324001227,0.4223032646764177,0.853056793629862,0.7229146409538463,2.984492948497668,-0.4814607612315388,1.4567505751247247,-1.0161329645585022,1
-0.634918112038349,0.9009088760241706,-1.179024470547907,-0.1340387882708807,-0.911310674287764,0.9048055324001227,2.111988414160801,-1.461440576166749,0.3738024944681046,2.0671237793441026,-0.22345527558581418,-0.686188918205147,-1.0161329645585022,1
-0.46546902347764374,0.9009088760241706,0.8491410419312149,-0.8783650935481551,-0.5733475201700994,0.9048055324001227,-0.7257958293968509,1.4316811360790147,-0.4083429875624505,0.8057411717579506,-0.7394662468772634,-1.5790803737592602,-1.0161329645585022,1
0.38177641932588297,-1.1099901739376037,-0.502969299721533,0.052169127063167106,0.4405419421828948,-1.177851894974348,1.3328646151483206,0.853056793629862,1.6057655498552879,0.9204123179021463,0.29255569570563505,1.258330251668255,-1.0161329645585022,1
-0.9738162891597597,-1.1099901739376037,0.8491410419312149,-0.6746750170509497,-0.911310674287764,0.9048055324001227,0.06599664927436881,0.2744324511807092,0.23952859197358917,1.4937680486231246,-0.4814607612315388,-2.1743413441286688,-1.0161329645585022,1
-0.46546902347764374,0.9009088760241706,-0.502969299721533,-0.9222363164128811,-0.404365943111267,0.9048055324001227,-0.7314967352432837,-0.3041918912684436,-1.361687695273513,1.035083464046342,-0.7394662468772634,-0.6068207888225592,-1.0161329645585022,1
-0.634918112038349,0.9009088760241706,-1.179024470547907,-0.9779044447779492,-0.911310674287764,0.9048055324001227,-0.8798786457462704,-1.461440576166749,-0.08272877401324927,0.9204123179021463,-0.7394662468772634,0.7225953783357871,-1.0161329645585022,1
-0.8043672005990544,0.9009088760241706,-1.179024470547907,-0.6790495054359493,-0.5733475201700994,0.9048055324001227,-0.3774071387815143,0.2744324511807092,-0.7037455730503852,0.6910700256137552,-0.7394662468772634,0.9408577341379036,-1.0161329645585022,1
0.890123685007999,0.9009088760241706,0.8491410419312149,-0.4918940474914323,0.6095235192417271,0.9048055324001227,0.8577891279455886,0.2744324511807092,0.3872298847175565,1.952452633199907,0.29255569570563505,-0.7060309505507939,-1.0161329645585022,1
-0.8043672005990544,-1.1099901739376037,0.8491410419312149,-0.6948576746539445,-0.911310674287764,0.9048055324001227,-0.2507203421941191,0.2744324511807092,1.9884461719646584,0.9204123179021463,-0.7394662468772634,-1.2417658238832618,-1.0161329645585022,1
0.38177641932588297,-1.1099901739376037,-0.502969299721533,-0.7707716301293722,0.10257878806523006,0.9048055324001227,0.38271364074285674,0.853056793629862,-0.12972463988633004,2.869821802353472,0.29255569570563505,1.694854963272488,-1.0161329645585022,1
0.890123685007999,-1.1099901739376037,0.8491410419312149,-0.5638125316260479,0.9474866733593919,0.9048055324001227,0.4275290950356478,1.4316811360790147,-1.1099241280962957,1.6084391947673204,0.8085666669970842,0.4249648931510827,-1.0161329645585022,1
0.0428782422044723,-1.1099901739376037,-0.502969299721533,-0.31934653812498276,0.10257878806523006,0.9048055324001227,0.38271364074285674,-1.461440576166749,1.1693753667481117,0.6910700256137552,-0.22345527558581418,1.6154868338899002,-1.0161329645585022,1
-0.8043672005990544,-1.1099901739376037,0.8491410419312149,-0.7914912285449665,-0.911310674287764,0.9048055324001227,-0.7257958293968509,-0.3041918912684436,1.3237903546168046,0.3470565871811683,-0.4814607612315388,-0.09092794783573821,-1.0161329645585022,1
0.38177641932588297,0.9009088760241706,1.5251962127575889,-1.0435691476834679,-0.23538436605243465,0.9048055324001227,-1.1319853709551868,-0.8828162337175963,-0.34120603631519225,0.4617277333253637,0.29255569570563505,-0.20998014190961997,-1.0161329645585022,1
0.5512255078865883,-1.1099901739376037,1.5251962127575889,-0.6817026247452632,0.6095235192417271,0.9048055324001227,0.6674422160730273,0.2744324511807092,0.48457846402608024,2.7551506562092767,0.5505611813513597,0.9408577341379036,-1.0161329645585022,1
-0.8043672005990544,-1.1099901739376037,0.8491410419312149,-0.4117793197762576,-0.5733475201700994,0.9048055324001227,-0.9424302515612968,-0.3041918912684436,0.7866947446387411,-0.7996548742607882,-0.7394662468772634,-0.38855843302044263,-1.0161329645585022,1
0.38177641932588297,0.9009088760241706,-0.502969299721533,-0.1086920234408284,0.7785050963005594,0.9048055324001227,1.461768430675995,0.2744324511807092,1.1559479764986598,1.379096902478929,0.03455021005991044,0.26622863438590705,-1.0161329645585022,1
-0.8043672005990544,-1.1099901739376037,-0.502969299721533,-0.6752435426172312,-0.5733475201700994,0.9048055324001227,-0.5674373336626071,-0.8828162337175963,1.3036492692426276,0.23238544103697253,-0.4814607612315388,-0.3488743683291487,-1.0161329645585022,1
-0.634918112038349,-1.1099901739376037,0.8491410419312149,-0.36980318213247004,-0.911310674287764,0.9048055324001227,1.6495816066168083,-1.461440576166749,0.23281489684886292,2.411137217776689,-0.7394662468772634,-2.670392152769843,-1.0161329645585022,1
3.262410924857874,0.9009088760241706,-1.179024470547907,3.069823871001413,3.3132287521830444,-1.177851894974348,2.4413740852880284,0.2744324511807092,1.5017032754220385,-0.570312581972397,1.8405886095799828,-1.0036614357354983,-1.0161329645585022,1
-0.634918112038349,-1.1099901739376037,-1.179024470547907,0.32637216615612546,-0.23538436605243465,0.9048055324001227,2.91644957249076,1.4316811360790147,1.7467531474745301,1.6084391947673204,-0.4814607612315388,0.9210157017922567,-1.0161329645585022,1
-0.9738162891597597,0.9009088760241706,-1.179024470547907,-0.6947471280160565,-0.911310674287764,0.9048055324001227,-0.09236184645987515,0.2744324511807092,-0.002164432516539662,1.2644257563347332,-0.997471732522988,1.0599099282117854,-1.0161329645585022,1
0.5512255078865883,-1.1099901739376037,-0.502969299721533,-0.9737510496687257,1.1164682504182242,0.9048055324001227,-0.7569924530564971,1.4316811360790147,1.2297986228706437,1.379096902478929,0.8085666669970842,0.782121475372728,-1.0161329645585022,1
-0.8043672005990544,0.9009088760241706,-1.179024470547907,-0.20578355626024372,-0.911310674287764,0.9048055324001227,2.4413740852880284,-0.8828162337175963,0.7564831165774751,2.640479510065081,-0.7394662468772634,0.8614896047553159,-1.0161329645585022,1
0.7206745964472937,0.9009088760241706,-0.502969299721533,0.19505855272192926,0.10257878806523006,-1.177851894974348,-0.7484410942868479,-1.461440576166749,0.7094872507043943,-1.0289971665491795,1.066572152642809,-1.202081759191968,-1.0161329645585022,1
-0.2960199349169384,0.9009088760241706,0.8491410419312149,0.07318878063874319,-0.23538436605243465,0.9048055324001227,2.0195070526520023,-0.8828162337175963,2.183143330581707,1.379096902478929,-0.7394662468772634,0.286070666731554,-1.0161329645585022,1
0.5512255078865883,-1.1099901739376037,-0.502969299721533,-0.8853611164887862,0.4405419421828948,0.9048055324001227,-0.8841543251310949,-1.461440576166749,-0.19686159113358773,0.3470565871811683,0.29255569570563505,-0.3488743683291487,-1.0161329645585022,1
-0.2960199349169384,-1.1099901739376037,-1.179024470547907,-0.13192260977416606,-0.404365943111267,-0.4836327525161911,0.38271364074285674,0.2744324511807092,0.5248606347744353,0.3470565871811683,-0.4814607612315388,-0.011559818453150373,-1.0161329645585022,1
1.2290218621294098,-1.1099901739376037,-0.502969299721533,-0.12544773526929287,1.2854498274770565,0.9048055324001227,1.3464834457814654,0.853056793629862,1.0015329886299666,1.2644257563347332,1.582583123934258,0.10749237562073138,-1.0161329645585022,1
-0.2960199349169384,-1.1099901739376037,-1.179024470547907,-0.0321621652685957,-0.404365943111267,0.9048055324001227,0.06599664927436881,-1.461440576166749,0.7833378970763782,-0.11162799739561437,0.29255569570563505,-0.15045404487267908,-1.0161329645585022,1
0.21232733076517762,0.9009088760241706,-0.502969299721533,0.7994012296792138,0.2715603651240624,-1.177851894974348,4.024959042630468,-1.461440576166749,1.7702510804110705,1.4937680486231246,0.29255569570563505,-1.5592383414136133,-1.0161329645585022,1
-0.12657084635623306,0.9009088760241706,0.8491410419312149,-0.4111792094562937,-0.5733475201700994,0.9048055324001227,0.3070182797818881,-1.461440576166749,-0.29421017044211145,0.8057411717579506,-0.4814607612315388,1.0003838311748445,-1.0161329645585022,1
-0.634918112038349,0.9009088760241706,-1.179024470547907,-1.0887669302028509,-0.5733475201700994,0.9048055324001227,-1.2231998644981112,0.2744324511807092,0.19588957366287124,0.3470565871811683,-0.997471732522988,1.0202258635204915,-1.0161329645585022,1
-0.634918112038349,-1.1099901739376037,-1.179024470547907,-0.6023143463647816,-0.06640278899360229,0.9048055324001227,0.06599664927436881,-0.8828162337175963,-0.3109944082539262,1.1497546101905376,-0.997471732522988,-0.7258729828964409,-1.0161329645585022,1
0.0428782422044723,-1.1099901739376037,1.5251962127575889,-0.5823369896607217,0.2715603651240624,0.9048055324001227,-0.7257958293968509,0.2744324511807092,0.058258823605992396,-0.2262991435398101,0.8085666669970842,0.6035431842619053,-1.0161329645585022,1
0.38177641932588297,0.9009088760241706,0.8491410419312149,-0.6771386278381697,0.6095235192417271,0.9048055324001227,0.38271364074285674,-1.461440576166749,-0.0995130118250634,2.0671237793441026,0.8085666669970842,-0.5274526594399713,-1.0161329645585022,1
1.906818216372231,0.9009088760241706,0.8491410419312149,-0.13408616540140417,2.130357712771218,-1.177851894974348,0.38271364074285674,0.2744324511807092,0.9343960373827085,0.3470565871811683,2.356599580871432,0.9011736694466097,-1.0161329645585022,1
0.5512255078865883,0.9009088760241706,-0.502969299721533,-0.10870781581766956,0.9474866733593919,0.9048055324001227,2.4413740852880284,0.853056793629862,-0.676890792551482,2.2964660716324943,1.066572152642809,0.6630692812988462,-1.0161329645585022,1
-0.9738162891597597,-1.1099901739376037,-0.502969299721533,-0.7001481208957312,-0.911310674287764,0.9048055324001227,-0.5530267105507908,-0.3041918912684436,0.38387303715519366,0.3470565871811683,-0.4814607612315388,-0.20998014190961997,-1.0161329645585022,1
-0.8043672005990544,-1.1099901739376037,0.8491410419312149,0.4320073748466052,-0.911310674287764,-1.177851894974348,-0.24470271935621785,-1.461440576166749,1.0317446166912327,-0.7996548742607882,-0.4814607612315388,-0.26950623894656084,-1.0161329645585022,1
-0.2960199349169384,0.9009088760241706,-0.502969299721533,-0.1585011799978284,-0.404365943111267,-1.177851894974348,2.4413740852880284,0.2744324511807092,0.5852838908969674,2.525808363920885,0.03455021005991044,1.1591200899400202,-1.0161329645585022,1
0.38177641932588297,-1.1099901739376037,1.5251962127575889,-0.7169354174778779,0.4405419421828948,0.9048055324001227,-0.9505065348437431,0.2744324511807092,1.706470976726175,-0.45564143582820127,0.29255569570563505,1.8139071573463699,-1.0161329645585022,1
0.38177641932588297,0.9009088760241706,0.8491410419312149,-0.6796022386253897,0.10257878806523006,0.9048055324001227,-1.042512820865339,-1.461440576166749,-0.0995130118250634,-0.6849837281165926,0.8085666669970842,0.4448069254967297,-1.0161329645585022,1
0.5512255078865883,0.9009088760241706,0.8491410419312149,-0.22555561206536862,0.6095235192417271,0.9048055324001227,1.6495816066168083,-1.461440576166749,1.0149603788794181,1.8377814870557112,0.29255569570563505,0.821805540064022,-1.0161329645585022,1
-1.143265377720465,-1.1099901739376037,-0.502969299721533,-0.6181225155827769,-0.911310674287764,0.9048055324001227,-1.2008713165995828,-0.3041918912684436,0.8739727812601764,-1.0289971665491795,-0.4814607612315388,0.10749237562073138,-1.0161329645585022,1
-0.634918112038349,0.9009088760241706,-1.179024470547907,-0.4738117760083108,-0.5733475201700994,0.9048055324001227,-0.8450397766847367,0.853056793629862,1.0619562447524988,-0.570312581972397,-0.4814607612315388,0.7027533459901402,-1.0161329645585022,1
0.0428782422044723,0.9009088760241706,-1.179024470547907,-0.18623259373089496,0.10257878806523006,0.9048055324001227,1.6495816066168083,-0.8828162337175963,2.5121143916932698,1.7231103409115156,0.29255569570563505,0.7225953783357871,-1.0161329645585022,1
2.2457163934936415,0.9009088760241706,-1.179024470547907,0.23531332129003102,1.4544314045358888,-1.177851894974348,-0.41208764934731373,-1.461440576166749,-1.724227232008706,-0.7996548742607882,2.356599580871432,0.38528082845978884,-1.0161329645585022,1
-0.46546902347764374,0.9009088760241706,0.8491410419312149,-1.0120791482622067,-0.404365943111267,0.9048055324001227,-0.26449753132299836,-0.8828162337175963,0.3066655432208469,4.131204409939624,-0.22345527558581418,-2.134657279437375,-1.0161329645585022,1
-0.9738162891597597,-1.1099901739376037,0.8491410419312149,-0.9066334480938208,-0.911310674287764,0.9048055324001227,-1.042512820865339,-1.461440576166749,-0.1901478960088621,-0.11162799739561437,-0.7394662468772634,-1.12271362980938,-1.0161329645585022,1
-0.2960199349169384,-1.1099901739376037,-1.179024470547907,-0.4818027186899348,-0.23538436605243465,0.9048055324001227,-1.2545548466534915,-1.461440576166749,-0.4016292924377243,-1.2583394588375707,-0.4814607612315388,-2.3926036999307856,-1.0161329645585022,1
-0.634918112038349,-1.1099901739376037,-1.179024470547907,-0.9939494996485618,-0.404365943111267,0.9048055324001227,-0.9093333259528398,0.853056793629862,-0.3747745119388211,1.035083464046342,-0.7394662468772634,-0.7655570475877348,-1.0161329645585022,1
-0.634918112038349,0.9009088760241706,-0.502969299721533,-0.6182804393511884,-0.911310674287764,0.9048055324001227,-0.9666591014086361,-0.3041918912684436,-0.6701770974267564,-0.570312581972397,-0.7394662468772634,1.238488219322608,-1.0161329645585022,1
-0.9738162891597597,-1.1099901739376037,0.8491410419312149,-0.6797601623938012,-0.911310674287764,0.9048055324001227,-0.07446733644190559,0.2744324511807092,-0.3042807131292006,1.2644257563347332,-0.4814607612315388,-1.0036614357354983,-1.0161329645585022,1
-0.8043672005990544,0.9009088760241706,-1.179024470547907,-0.22858774841887022,-0.23538436605243465,-1.177851894974348,-0.16219794307867674,-0.3041918912684436,2.491973306319093,-0.11162799739561437,-0.997471732522988,0.8614896047553159,-1.0161329645585022,1
-0.8043672005990544,-1.1099901739376037,-0.502969299721533,-0.3922915267542735,-0.7423290972289317,0.9048055324001227,1.6495816066168083,0.2744324511807092,0.635636604332411,2.525808363920885,-0.7394662468772634,-1.4005020826484376,-1.0161329645585022,1
-0.8043672005990544,0.9009088760241706,-0.502969299721533,-0.4830029393298625,-0.7423290972289317,0.9048055324001227,1.4912231108825644,-0.8828162337175963,0.32009293347029877,2.869821802353472,-0.7394662468772634,1.317856348705196,-1.0161329645585022,1
-0.8043672005990544,0.9009088760241706,0.8491410419312149,-0.25729828951608835,-0.911310674287764,0.9048055324001227,0.4199278872404041,0.2744324511807092,1.9011681353432237,0.5763988794695595,-0.4814607612315388,-2.075131182400434,-1.0161329645585022,1
0.890123685007999,-1.1099901739376037,1.5251962127575889,0.0679615039043212,0.6095235192417271,0.9048055324001227,0.5143095506980134,-1.461440576166749,1.511773818109127,0.1177142948927768,0.8085666669970842,0.0479662785837905,-1.0161329645585022,1
-0.8043672005990544,-1.1099901739376037,-0.502969299721533,-0.7549318761576947,-0.404365943111267,0.9048055324001227,-0.20733011436293627,-1.461440576166749,-0.2807827801926602,1.379096902478929,-0.4814607612315388,-0.2893482712922078,-1.0161329645585022,1
0.890123685007999,0.9009088760241706,-0.502969299721533,-0.5646811123523114,0.7785050963005594,0.9048055324001227,-0.5674373336626071,0.2744324511807092,1.6930435864767237,0.003043148748581378,1.066572152642809,-1.7973427295613766,-1.0161329645585022,1
2.0762673049329363,-1.1099901739376037,-1.179024470547907,-0.09187314210499929,2.130357712771218,0.9048055324001227,0.23892412661616322,-1.461440576166749,1.6225497876671027,0.1177142948927768,1.582583123934258,0.8614896047553159,-1.0161329645585022,1
-0.8043672005990544,0.9009088760241706,1.5251962127575889,-0.4700058131895927,-0.7423290972289317,0.9048055324001227,0.8577891279455886,0.2744324511807092,0.5584291103980642,1.8377814870557112,-0.4814607612315388,0.4844909901880236,-1.0161329645585022,1
-0.46546902347764374,-1.1099901739376037,-1.179024470547907,-0.6414162714234791,-0.404365943111267,0.9048055324001227,-1.121692068732461,-0.3041918912684436,-1.0327166341619494,-0.9143260204049839,-0.7394662468772634,-0.8250831446246757,-1.0161329645585022,1
-0.8043672005990544,-1.1099901739376037,-0.502969299721533,-0.6070994365476513,-0.911310674287764,0.9048055324001227,-0.09236184645987515,0.853056793629862,0.001192415045823164,0.9204123179021463,-0.4814607612315388,-1.0036614357354983,-1.0161329645585022,1
0.21232733076517762,-1.1099901739376037,-1.179024470547907,-0.6768385726781877,-0.06640278899360229,0.9048055324001227,-1.2800505644667048,-0.3041918912684436,0.3704456469057418,-1.143668312693375,0.5505611813513597,-0.9242933063529105,-1.0161329645585022,1
-0.46546902347764374,-1.1099901739376037,-1.179024470547907,-0.941503016159089,-0.911310674287764,0.9048055324001227,-1.042512820865339,-1.461440576166749,1.6393340254789173,0.1177142948927768,-0.7394662468772634,-1.6187644384505542,-1.0161329645585022,1
0.890123685007999,0.9009088760241706,-0.502969299721533,-0.5177145836267192,0.6095235192417271,-1.177851894974348,-1.1125072759798746,0.853056793629862,1.6426908730412801,-1.0289971665491795,0.03455021005991044,0.008282213892496587,-1.0161329645585022,1
-0.8043672005990544,0.9009088760241706,-1.179024470547907,0.6216738207088657,-0.911310674287764,-1.177851894974348,-0.09236184645987515,0.2744324511807092,-0.46205254856025635,-0.6849837281165926,-0.7394662468772634,-0.9441353386985575,-1.0161329645585022,1
-0.46546902347764374,-1.1099901739376037,-1.179024470547907,-0.3285061166928521,-0.911310674287764,0.9048055324001227,1.5704023587496865,1.4316811360790147,1.5319149034833046,2.1817949254882985,-0.4814607612315388,-0.9639773710442044,-1.0161329645585022,1
0.21232733076517762,0.9009088760241706,-1.179024470547907,-0.6618831918096149,-0.5733475201700994,0.9048055324001227,-0.765385453330412,-1.461440576166749,0.8471180007612732,-0.11162799739561437,0.29255569570563505,0.008282213892496587,-1.0161329645585022,1
-0.2960199349169384,-1.1099901739376037,-0.502969299721533,-0.48928830531264184,-0.23538436605243465,0.9048055324001227,0.6994306322113446,0.2744324511807092,-0.7876667621094576,1.7231103409115156,-0.22345527558581418,-0.13061201252703214,-1.0161329645585022,1
-0.2960199349169384,-1.1099901739376037,-1.179024470547907,-0.22244451382766128,0.10257878806523006,0.9048055324001227,-0.7229453764736345,-1.461440576166749,1.5017032754220385,-0.6849837281165926,-0.4814607612315388,-0.13061201252703214,-1.0161329645585022,1
0.38177641932588297,0.9009088760241706,-0.502969299721533,0.23583446972578911,0.2715603651240624,-1.177851894974348,-0.2507203421941191,-1.461440576166749,0.5080763969626206,-0.6849837281165926,0.5505611813513597,0.20670253734896618,-1.0161329645585022,1
-0.8043672005990544,-1.1099901739376037,-1.179024470547907,-0.5081128185072975,-0.911310674287764,0.9048055324001227,-0.6462998645382605,-0.3041918912684436,-1.6705176710108995,-0.2262991435398101,-0.22345527558581418,0.4249648931510827,-1.0161329645585022,1
-0.2960199349169384,0.9009088760241706,-1.179024470547907,-1.016406259516683,0.10257878806523006,0.9048055324001227,-0.804975077263973,-1.461440576166749,0.6826324702054911,1.7231103409115156,-0.22345527558581418,-0.6266628211682062,-1.0161329645585022,1
-0.12657084635623306,0.9009088760241706,-1.179024470547907,0.49762470062160036,-0.23538436605243465,-1.177851894974348,-0.5409914648749883,0.2744324511807092,1.4916327327349495,-0.9143260204049839,-0.4814607612315388,-0.190138109563973,-1.0161329645585022,1
0.7206745964472937,-1.1099901739376037,-0.502969299721533,0.23531332129003102,0.9474866733593919,-1.177851894974348,1.6495816066168083,-0.3041918912684436,0.6322797567700481,0.8057411717579506,0.8085666669970842,-0.03140185079879733,-1.0161329645585022,1
-0.2960199349169384,-1.1099901739376037,0.8491410419312149,-0.03459419130213343,-0.911310674287764,0.9048055324001227,-0.8754446078657115,-1.461440576166749,0.001192415045823164,-1.0289971665491795,-0.7394662468772634,0.028124246238143545,-1.0161329645585022,1
0.38177641932588297,0.9009088760241706,1.5251962127575889,-0.8669156203383184,0.2715603651240624,0.9048055324001227,-0.4350496312287791,0.853056793629862,0.5080763969626206,1.4937680486231246,0.03455021005991044,0.4249648931510827,-1.0161329645585022,1
-0.634918112038349,-1.1099901739376037,0.8491410419312149,-0.512060912717586,-0.911310674287764,0.9048055324001227,-0.2507203421941191,-1.461440576166749,0.03476089066945202,0.3470565871811683,-0.7394662468772634,-0.051243883144444294,-1.0161329645585022,1
-0.46546902347764374,-1.1099901739376037,0.8491410419312149,-0.5870904950899091,-0.23538436605243465,0.9048055324001227,1.4912231108825644,0.2744324511807092,0.20931696391232313,3.4431775330744507,-0.7394662468772634,0.4844909901880236,-1.0161329645585022,1
-0.9738162891597597,0.9009088760241706,-0.502969299721533,-0.9732456936098087,-0.7423290972289317,0.9048055324001227,-0.8841543251310949,-0.3041918912684436,-1.173704231781191,0.9204123179021463,-0.4814607612315388,0.8614896047553159,-1.0161329645585022,1
0.21232733076517762,0.9009088760241706,-1.179024470547907,-0.11475629614783156,-0.404365943111267,0.9048055324001227,1.4223371652381682,-1.461440576166749,-0.07937192645088645,1.379096902478929,0.03455021005991044,1.35754041339649,-1.0161329645585022,1
1.2290218621294098,-1.1099901739376037,-1.179024470547907,-0.9792941739399708,1.2854498274770565,0.9048055324001227,-0.7574675285436998,0.2744324511807092,-0.10286985938742682,1.4937680486231246,1.582583123934258,1.317856348705196,-1.0161329645585022,1
0.21232733076517762,0.9009088760241706,-0.502969299721533,-0.4116371883846872,0.6095235192417271,0.9048055324001227,-0.6591269026927343,0.853056793629862,1.5889813120434737,-0.45564143582820127,0.8085666669970842,-0.8846092416616166,-1.0161329645585022,1
4.279105456222106,0.9009088760241706,0.17308587110484092,-0.06831091585799741,4.158136637477206,0.9048055324001227,2.4413740852880284,0.2744324511807092,0.9713213605687007,2.1817949254882985,4.162637980391504,0.22654456969461315,-1.0161329645585022,1
-0.46546902347764374,0.9009088760241706,0.8491410419312149,-0.22269719185711973,-0.23538436605243465,-1.177851894974348,-0.3298995900612411,0.2744324511807092,0.7665536592645635,-0.34097028968400567,-0.4814607612315388,-0.09092794783573821,-1.0161329645585022,1
-0.8043672005990544,0.9009088760241706,-0.502969299721533,-0.604098884947832,-0.5733475201700994,0.9048055324001227,0.06599664927436881,0.2744324511807092,1.3640725253651598,1.1497546101905376,-0.4814607612315388,0.8813316371009629,-1.0161329645585022,1
0.21232733076517762,-1.1099901739376037,0.8491410419312149,0.5743440673159269,-0.06640278899360229,0.9048055324001227,0.179064615228619,0.2744324511807092,2.7470937210586737,-0.570312581972397,-0.22345527558581418,-0.13061201252703214,-1.0161329645585022,1
0.0428782422044723,-1.1099901739376037,-0.502969299721533,-0.4113371332247053,-0.06640278899360229,0.9048055324001227,0.8577891279455886,-0.8828162337175963,0.18246218341341994,1.6084391947673204,0.29255569570563505,-3.4243893819044273,-1.0161329645585022,1
-0.634918112038349,0.9009088760241706,0.8491410419312149,-0.2961791212990097,-0.911310674287764,0.9048055324001227,1.1629459492254768,0.2744324511807092,0.8672590861354508,1.6084391947673204,-0.4814607612315388,0.6035431842619053,-1.0161329645585022,1
1.0595727735687044,-1.1099901739376037,-1.179024470547907,-0.6740275296004623,0.7785050963005594,0.9048055324001227,0.38271364074285674,-1.461440576166749,-0.707102420612748,2.0671237793441026,0.5505611813513597,-1.182239726846321,-1.0161329645585022,1
0.0428782422044723,0.9009088760241706,0.8491410419312149,0.0837854654991576,-0.404365943111267,0.9048055324001227,2.4413740852880284,-0.8828162337175963,0.3469477139692014,1.7231103409115156,0.29255569570563505,0.008282213892496587,-1.0161329645585022,1
0.21232733076517762,0.9009088760241706,0.8491410419312149,-0.6598933523276295,-0.23538436605243465,0.9048055324001227,-1.042512820865339,0.2744324511807092,-0.6567497071773044,-0.6849837281165926,0.03455021005991044,-0.5671367241312653,-1.0161329645585022,1
-0.9738162891597597,0.9009088760241706,-1.179024470547907,-0.8644362171742571,-0.911310674287764,0.9048055324001227,0.06599664927436881,-0.8828162337175963,-0.33449234119046656,2.984492948497668,-0.7394662468772634,-0.38855843302044263,-1.0161329645585022,1
-0.8043672005990544,-1.1099901739376037,-0.502969299721533,-0.564633735221788,-0.911310674287764,0.9048055324001227,-1.042512820865339,0.853056793629862,0.24624228709831483,-0.7996548742607882,-0.22345527558581418,-0.03140185079879733,-1.0161329645585022,1
-0.2960199349169384,-1.1099901739376037,0.8491410419312149,-0.61884896491747,-0.06640278899360229,0.9048055324001227,-1.042512820865339,-0.8828162337175963,0.3234497810326616,-0.7996548742607882,-0.4814607612315388,0.14717644031202531,-1.0161329645585022,1
0.0428782422044723,-1.1099901739376037,1.5251962127575889,0.4981458490573585,0.2715603651240624,-1.177851894974348,0.10938687710555166,0.2744324511807092,1.8004627084723366,-0.570312581972397,0.5505611813513597,1.1789621222856672,-1.0161329645585022,1
-0.634918112038349,0.9009088760241706,-0.502969299721533,-0.5931705601737534,-0.911310674287764,0.9048055324001227,-0.7257958293968509,-0.8828162337175963,0.571856500647516,-0.2262991435398101,-0.997471732522988,0.40512286080543575,-1.0161329645585022,1
0.21232733076517762,0.9009088760241706,-1.179024470547907,-0.6024406853795109,0.6095235192417271,0.9048055324001227,0.06599664927436881,-0.3041918912684436,0.5215037872120725,1.1497546101905376,0.03455021005991044,-0.32903233598350173,-1.0161329645585022,1
0.0428782422044723,0.9009088760241706,1.5251962127575889,0.7986589879676795,-0.5733475201700994,0.9048055324001227,0.4596758696696993,-0.3041918912684436,0.8135495251376443,-0.45564143582820127,0.29255569570563505,1.0797519605574324,-1.0161329645585022,1
-0.46546902347764374,0.9009088760241706,0.8491410419312149,-0.1709139881949755,0.10257878806523006,0.9048055324001227,-0.8141598700165591,0.2744324511807092,-0.2069321338206762,-0.9143260204049839,-0.4814607612315388,0.20670253734896618,-1.0161329645585022,1
0.7206745964472937,-1.1099901739376037,-0.502969299721533,-0.4122057139509688,0.9474866733593919,0.9048055324001227,-1.2008713165995828,0.853056793629862,1.4614211046736834,-1.143668312693375,1.066572152642809,-2.5116558940046674,-1.0161329645585022,1
0.5512255078865883,-1.1099901739376037,0.17308587110484092,0.1711173094307397,0.4405419421828948,-1.177851894974348,0.05807872448765661,-1.461440576166749,1.4009978485511514,-0.34097028968400567,0.03455021005991044,1.4765926074703717,-1.0161329645585022,1
-0.46546902347764374,0.9009088760241706,0.8491410419312149,-0.8792336742744185,-0.7423290972289317,0.9048055324001227,-0.6247631091184034,-0.8828162337175963,-0.4687662436849826,1.035083464046342,-0.7394662468772634,-0.5274526594399713,-1.0161329645585022,1
-0.46546902347764374,-1.1099901739376037,1.5251962127575889,-0.06963747551265434,-0.7423290972289317,0.9048055324001227,2.4413740852880284,0.2744324511807092,0.5785701957722418,2.1817949254882985,-0.4814607612315388,-0.8846092416616166,-1.0161329645585022,1
0.21232733076517762,0.9009088760241706,-1.179024470547907,-0.4812341931236533,-0.23538436605243465,0.9048055324001227,0.8288095232262219,-1.461440576166749,-0.388201902188273,1.8377814870557112,0.29255569570563505,0.22654456969461315,-1.0161329645585022,1
-0.2960199349169384,0.9009088760241706,0.8491410419312149,-0.31209783715489303,-0.404365943111267,0.9048055324001227,-0.5409914648749883,0.2744324511807092,1.0753836350019508,-0.45564143582820127,-0.7394662468772634,-1.0036614357354983,-1.0161329645585022,1
-0.12657084635623306,-1.1099901739376037,-0.502969299721533,0.06770882587486272,-0.404365943111267,0.9048055324001227,-0.09236184645987515,-0.8828162337175963,-1.3247623720875215,-0.34097028968400567,0.03455021005991044,-0.8052411122790287,-1.0161329645585022,1
0.38177641932588297,0.9009088760241706,1.5251962127575889,0.4985880356089108,0.2715603651240624,-1.177851894974348,2.4032096878160756,0.2744324511807092,1.3506451351157078,0.9204123179021463,0.03455021005991044,1.9329593514202517,-1.0161329645585022,1
-0.9738162891597597,0.9009088760241706,-1.179024470547907,0.06666652900334656,-0.404365943111267,0.9048055324001227,0.06251276236821544,-0.3041918912684436,1.545342293732756,-0.2262991435398101,-0.7394662468772634,0.0479662785837905,-1.0161329645585022,1
-0.8043672005990544,-1.1099901739376037,-1.179024470547907,-1.0659943227979067,-0.911310674287764,0.9048055324001227,-1.2387189970800672,1.4316811360790147,-0.9085132743545218,0.003043148748581378,-0.4814607612315388,0.5043330225336705,-1.0161329645585022,1
0.21232733076517762,-1.1099901739376037,-1.179024470547907,4.21731376465651,0.2715603651240624,-1.177851894974348,1.3498089741918846,0.2744324511807092,3.018998373610068,-1.0289971665491795,1.066572152642809,-1.6187644384505542,-1.0161329645585022,1
-0.634918112038349,-1.1099901739376037,-0.502969299721533,-0.39508677745515774,-0.7423290972289317,0.9048055324001227,0.7786098800784667,0.853056793629862,0.1757484882886937,1.379096902478929,-0.4814607612315388,0.5440170872249644,-1.0161329645585022,1
0.0428782422044723,0.9009088760241706,-0.502969299721533,-0.6752593349940723,-0.404365943111267,0.9048055324001227,0.8577891279455886,-1.461440576166749,1.6359771779165546,2.984492948497668,0.29255569570563505,0.9210157017922567,-1.0161329645585022,1
5.295799987586338,0.9009088760241706,-1.179024470547907,-0.546693595130237,5.5099892539478645,0.9048055324001227,-0.6534259968463015,-1.461440576166749,1.6225497876671027,-0.2262991435398101,3.646627009100055,1.278172284013902,-1.0161329645585022,1
-0.8043672005990544,0.9009088760241706,0.8491410419312149,-0.6756699367919423,-0.911310674287764,0.9048055324001227,0.06599664927436881,0.2744324511807092,-0.8044509999212723,1.4937680486231246,-0.4814607612315388,-0.9441353386985575,-1.0161329645585022,1
1.5679200392508204,0.9009088760241706,0.8491410419312149,-0.4488124434687639,0.6095235192417271,0.9048055324001227,-0.7257958293968509,-0.8828162337175963,1.6057655498552879,-0.45564143582820127,1.066572152642809,-1.5592383414136133,-1.0161329645585022,1
-0.2960199349169384,0.9009088760241706,0.8491410419312149,-0.33915017868378994,0.10257878806523006,0.9048055324001227,0.8577891279455886,0.853056793629862,2.562467105128714,1.379096902478929,-0.7394662468772634,-0.38855843302044263,-1.0161329645585022,1
-0.46546902347764374,-1.1099901739376037,0.8491410419312149,-0.39383917968470655,-0.5733475201700994,0.9048055324001227,0.8577891279455886,-1.461440576166749,0.001192415045823164,1.4937680486231246,-0.7394662468772634,0.7622794430270811,-1.0161329645585022,1
-0.2960199349169384,-1.1099901739376037,-0.502969299721533,-0.2787601296432167,-0.404365943111267,-1.177851894974348,0.5410721364771007,0.2744324511807092,1.4647779522360462,0.8057411717579506,-0.7394662468772634,-0.26950623894656084,-1.0161329645585022,1
0.890123685007999,0.9009088760241706,-0.502969299721533,-0.7714191175798596,0.7785050963005594,0.9048055324001227,-0.17154109432699713,1.4316811360790147,0.7665536592645635,1.4937680486231246,0.03455021005991044,-0.17029607721832604,-1.0161329645585022,1
-0.8043672005990544,0.9009088760241706,0.8491410419312149,-0.06385746558879195,-0.23538436605243465,0.9048055324001227,1.0161476236798326,0.2744324511807092,1.3405745924286192,0.8057411717579506,-0.7394662468772634,-0.011559818453150373,-1.0161329645585022,1
-0.8043672005990544,0.9009088760241706,0.8491410419312149,-0.847001433141623,-0.911310674287764,0.9048055324001227,0.06599664927436881,-0.8828162337175963,0.8706159336978135,2.7551506562092767,-0.7394662468772634,0.46464895784237664,-1.0161329645585022,1
-0.8043672005990544,0.9009088760241706,-0.502969299721533,-0.9740037276981842,-0.911310674287764,0.9048055324001227,-0.254520946091741,0.853056793629862,-0.10622670694978965,3.4431775330744507,-0.4814607612315388,0.32575473142284794,-1.0161329645585022,1
1.906818216372231,0.9009088760241706,0.8491410419312149,-0.8315880733446567,1.6234129815947211,0.9048055324001227,-1.0496389531733799,-0.8828162337175963,1.092167872813765,-0.34097028968400567,1.8405886095799828,1.1194360252487263,-1.0161329645585022,1
-0.12657084635623306,-1.1099901739376037,0.8491410419312149,-0.36058043405723605,-0.23538436605243465,0.9048055324001227,0.3369480354756602,-0.8828162337175963,0.8101926775752815,0.8057411717579506,0.03455021005991044,0.9805417988291976,-1.0161329645585022,1
-0.634918112038349,0.9009088760241706,-0.502969299721533,-0.19627654540186895,-0.7423290972289317,0.9048055324001227,1.6495816066168083,1.4316811360790147,2.3744836416363913,1.8377814870557112,-0.7394662468772634,1.3773824457421369,-1.0161329645585022,1
0.38177641932588297,0.9009088760241706,0.8491410419312149,-0.43436241865910796,-0.06640278899360229,0.9048055324001227,0.06599664927436881,-1.461440576166749,1.9750187817152072,0.5763988794695595,0.5505611813513597,-1.182239726846321,-1.0161329645585022,1
0.890123685007999,0.9009088760241706,-0.502969299721533,-0.731180141388599,0.7785050963005594,0.9048055324001227,-0.5674373336626071,-0.3041918912684436,0.48793531158844367,0.4617277333253637,0.5505611813513597,1.0995939929030794,-1.0161329645585022,1
-0.12657084635623306,0.9009088760241706,-1.179024470547907,-0.7940180088395511,0.10257878806523006,0.9048055324001227,-0.29727773993998685,0.2744324511807092,-0.5795422132429582,1.379096902478929,-0.22345527558581418,0.3455967637684949,-1.0161329645585022,1
2.415165482054347,0.9009088760241706,-1.179024470547907,-0.1142983172194381,1.9613761357123858,0.9048055324001227,0.06599664927436881,0.2744324511807092,0.9511802751945232,0.003043148748581378,2.6146050665171567,1.0995939929030794,-1.0161329645585022,1
0.38177641932588297,-1.1099901739376037,-1.179024470547907,-0.62172317750256,0.7785050963005594,0.9048055324001227,0.38271364074285674,-1.461440576166749,-0.5896127559300467,1.8377814870557112,0.29255569570563505,0.7424374106814341,-1.0161329645585022,1
0.7206745964472937,-1.1099901739376037,-0.502969299721533,-0.40595193272187174,0.9474866733593919,0.9048055324001227,0.8577891279455886,1.4316811360790147,0.8639022385730879,1.6084391947673204,-0.22345527558581418,-0.26950623894656084,-1.0161329645585022,1
0.21232733076517762,0.9009088760241706,-1.179024470547907,-0.8668682432077949,0.2715603651240624,0.9048055324001227,-0.23979360598845628,0.2744324511807092,0.4409394457153629,2.0671237793441026,1.066572152642809,0.3455967637684949,-1.0161329645585022,1
3.0929618362971683,-1.1099901739376037,0.8491410419312149,-0.25808790835814605,2.637302443947715,0.9048055324001227,1.1745061194140765,-0.3041918912684436,-0.7708825242976429,1.4937680486231246,2.356599580871432,0.6432272489531993,-1.0161329645585022,1
1.906818216372231,0.9009088760241706,1.5251962127575889,-0.6246289748413324,1.9613761357123858,0.9048055324001227,0.6508145740209318,-1.461440576166749,0.6725619275184026,2.2964660716324943,1.3245776382885335,0.7424374106814341,-1.0161329645585022,1
-0.634918112038349,0.9009088760241706,1.5251962127575889,-0.06954272125160742,-0.911310674287764,0.9048055324001227,-0.6173202598188939,0.2744324511807092,1.2297986228706437,-0.6849837281165926,-0.4814607612315388,-0.686188918205147,-1.0161329645585022,1
0.890123685007999,0.9009088760241706,-0.502969299721533,-0.12792713843335407,0.6095235192417271,-1.177851894974348,-0.8722774379510266,-0.8828162337175963,0.8068358300129187,-0.9143260204049839,1.066572152642809,1.1789621222856672,-1.0161329645585022,1
-1.143265377720465,-1.1099901739376037,-1.179024470547907,-0.3179726013398023,-0.911310674287764,0.9048055324001227,-0.5674373336626071,0.853056793629862,1.4547074095489578,-0.45564143582820127,-0.4814607612315388,0.3455967637684949,-1.0161329645585022,1
0.38177641932588297,0.9009088760241706,0.8491410419312149,-0.6935311149992877,-0.23538436605243465,0.9048055324001227,0.8668155622024405,0.2744324511807092,-0.08272877401324927,3.213835240786059,0.29255569570563505,-1.0433455004267922,-1.0161329645585022,1
1.906818216372231,0.9009088760241706,0.8491410419312149,-0.28065521486415523,2.130357712771218,0.9048055324001227,1.6495816066168083,0.853056793629862,0.9142549520085315,2.0671237793441026,1.3245776382885335,0.821805540064022,-1.0161329645585022,1
0.890123685007999,-1.1099901739376037,-1.179024470547907,-0.9271793303641623,0.9474866733593919,0.9048055324001227,-0.9698262713233209,-0.3041918912684436,-0.8883721889803448,0.23238544103697253,1.066572152642809,0.7027533459901402,-1.0161329645585022,1
-0.46546902347764374,0.9009088760241706,-1.179024470547907,0.3373320756838864,-0.404365943111267,0.9048055324001227,2.4413740852880284,0.2744324511807092,1.6057655498552879,1.2644257563347332,-0.7394662468772634,0.821805540064022,-1.0161329645585022,1
-0.2960199349169384,0.9009088760241706,-0.502969299721533,-0.41550632071077,-0.7423290972289317,0.9048055324001227,0.8577891279455886,-0.8828162337175963,0.9411097325074347,1.6084391947673204,-0.22345527558581418,1.258330251668255,-1.0161329645585022,1
1.906818216372231,0.9009088760241706,0.8491410419312149,1.4159514139347105,1.7923945586535535,-1.177851894974348,2.4413740852880284,-1.461440576166749,1.360715677802797,0.1177142948927768,1.582583123934258,0.008282213892496587,-1.0161329645585022,1
-0.8043672005990544,0.9009088760241706,1.5251962127575889,-0.6393000929267645,-0.911310674287764,0.9048055324001227,0.38271364074285674,0.2744324511807092,-1.7846504881312382,1.8377814870557112,-0.997471732522988,0.5837011519162584,-1.0161329645585022,1
0.38177641932588297,0.9009088760241706,-1.179024470547907,-0.5652812226722753,0.10257878806523006,0.9048055324001227,-0.2507203421941191,0.853056793629862,-1.133422061032836,0.4617277333253637,0.5505611813513597,0.4448069254967297,-1.0161329645585022,1
-0.46546902347764374,-1.1099901739376037,-0.502969299721533,0.15650936085267214,-0.06640278899360229,-1.177851894974348,2.4413740852880284,-1.461440576166749,1.4949895802973128,1.6084391947673204,-0.4814607612315388,0.5440170872249644,-1.0161329645585022,1
0.21232733076517762,-1.1099901739376037,0.8491410419312149,-0.3933812007563131,0.4405419421828948,0.9048055324001227,0.6731431219194601,0.2744324511807092,0.6994167080173058,1.2644257563347332,0.03455021005991044,-0.5869787564769122,-1.0161329645585022,1
2.0762673049329363,-1.1099901739376037,1.5251962127575889,-0.052771217046301784,1.6234129815947211,-1.177851894974348,0.0026532509806712224,0.2744324511807092,0.001192415045823164,-0.11162799739561437,1.3245776382885335,-0.38855843302044263,-1.0161329645585022,1
-0.634918112038349,0.9009088760241706,0.8491410419312149,-0.8396737702873275,-0.911310674287764,0.9048055324001227,-0.7257958293968509,-1.461440576166749,0.6859893177678545,0.5763988794695595,-0.4814607612315388,-1.3012919209202027,-1.0161329645585022,1
0.21232733076517762,0.9009088760241706,-1.179024470547907,0.5764760381894827,-0.404365943111267,-1.177851894974348,0.8577891279455886,-1.461440576166749,1.8575291170325052,-0.11162799739561437,0.29255569570563505,1.4765926074703717,-1.0161329645585022,1
1.2290218621294098,0.9009088760241706,1.5251962127575889,-0.5116029337891925,0.9474866733593919,0.9048055324001227,0.06599664927436881,0.2744324511807092,0.4543668359648142,0.8057411717579506,0.29255569570563505,0.18686050500331922,-1.0161329645585022,1
-0.46546902347764374,-1.1099901739376037,-0.502969299721533,-0.663020242942178,-0.911310674287764,0.9048055324001227,0.16987982247603284,0.2744324511807092,0.8269769153870962,1.6084391947673204,-0.7394662468772634,0.6233852166075523,-1.0161329645585022,1
-0.46546902347764374,-1.1099901739376037,-1.179024470547907,0.34385432731928306,-0.404365943111267,-1.177851894974348,-0.7257958293968509,-1.461440576166749,1.6359771779165546,-1.0289971665491795,-0.7394662468772634,0.4448069254967297,-1.0161329645585022,1
-0.46546902347764374,0.9009088760241706,-0.502969299721533,0.27056190639948696,-0.06640278899360229,0.9048055324001227,-0.7257958293968509,0.853056793629862,0.34023401884447574,-1.0289971665491795,-0.4814607612315388,-0.8449251769703227,-1.0161329645585022,1
-0.46546902347764374,-1.1099901739376037,-0.502969299721533,0.42163178326196693,-0.911310674287764,0.9048055324001227,0.053961403598566264,0.853056793629862,1.2835081838684501,-0.570312581972397,-0.7394662468772634,0.9408577341379036,-1.0161329645585022,1
-0.2960199349169384,0.9009088760241706,-0.502969299721533,0.1557039496337733,-0.5733475201700994,0.9048055324001227,2.4413740852880284,-1.461440576166749,0.18917587853814558,1.6084391947673204,-0.4814607612315388,-1.102871597463733,-1.0161329645585022,1
-0.634918112038349,-1.1099901739376037,-1.179024470547907,-0.2057519715065614,-0.404365943111267,0.9048055324001227,-0.2507203421941191,0.853056793629862,1.9783756292775694,-0.2262991435398101,-0.4814607612315388,-1.658448503141848,-1.0161329645585022,1
-0.634918112038349,0.9009088760241706,1.5251962127575889,-0.8354729980475806,-0.7423290972289317,0.9048055324001227,-0.5704461450815577,-0.3041918912684436,0.7329851836409347,0.9204123179021463,-0.997471732522988,-1.182239726846321,-1.0161329645585022,1
0.21232733076517762,-1.1099901739376037,1.5251962127575889,-0.5228628984769355,-0.06640278899360229,0.9048055324001227,0.941085696701801,-0.8828162337175963,0.4778647689013546,2.1817949254882985,0.03455021005991044,1.278172284013902,-1.0161329645585022,1
0.0428782422044723,0.9009088760241706,-0.502969299721533,-0.6433587337749411,0.4405419421828948,-1.177851894974348,-0.26164707839978196,-1.461440576166749,-0.015591822765990965,0.6910700256137552,0.03455021005991044,-0.686188918205147,-1.0161329645585022,1
0.5512255078865883,0.9009088760241706,-0.502969299721533,-0.545667090635562,0.2715603651240624,0.9048055324001227,-0.7145523761997197,-1.461440576166749,1.8004627084723366,-0.34097028968400567,0.03455021005991044,0.06780831092943747,-1.0161329645585022,1
-0.8043672005990544,-1.1099901739376037,-1.179024470547907,-0.8871298626949955,-0.911310674287764,0.9048055324001227,-0.527847709729046,-1.461440576166749,1.9515208487786668,1.379096902478929,-0.4814607612315388,-1.102871597463733,-1.0161329645585022,1
-0.2960199349169384,-1.1099901739376037,-0.502969299721533,-0.8320460522730501,0.2715603651240624,0.9048055324001227,-0.4882580857954851,-1.461440576166749,1.6057655498552879,1.1497546101905376,0.03455021005991044,0.8416475724096689,-1.0161329645585022,1
1.2290218621294098,-1.1099901739376037,-1.179024470547907,-0.14499869779864163,1.6234129815947211,0.9048055324001227,0.8577891279455886,0.2744324511807092,0.9041844093214424,0.8057411717579506,0.8085666669970842,1.5361187045073124,-1.0161329645585022,1
0.38177641932588297,0.9009088760241706,0.8491410419312149,-0.7349071423231113,0.6095235192417271,0.9048055324001227,-0.18706022690895305,-0.8828162337175963,0.058258823605992396,1.2644257563347332,0.8085666669970842,-3.5235995436326624,-1.0161329645585022,1
0.890123685007999,0.9009088760241706,-1.179024470547907,0.22945434948196286,0.6095235192417271,-1.177851894974348,1.6495816066168083,-0.3041918912684436,1.2197280801835553,0.8057411717579506,1.3245776382885335,-0.6663468858595001,-1.0161329645585022,1
-0.9738162891597597,-1.1099901739376037,-0.502969299721533,-0.37476198846059244,-0.911310674287764,0.9048055324001227,-0.7257958293968509,-0.8828162337175963,0.001192415045823164,-0.570312581972397,-0.7394662468772634,-1.2219237915376149,-1.0161329645585022,1
-0.634918112038349,-1.1099901739376037,-1.179024470547907,-0.6801865565685125,-0.5733475201700994,0.9048055324001227,0.05776200749618812,0.2744324511807092,-1.536243768516384,1.4937680486231246,-0.4814607612315388,-0.6465048535138531,-1.0161329645585022,1
0.0428782422044723,-1.1099901739376037,-0.502969299721533,-0.7421874280468833,-0.23538436605243465,0.9048055324001227,-0.09236184645987515,-0.8828162337175963,-0.885015341417982,1.4937680486231246,0.29255569570563505,0.5043330225336705,-1.0161329645585022,1
-0.634918112038349,-1.1099901739376037,0.8491410419312149,-0.31628281701779887,-0.404365943111267,-1.177851894974348,-1.1389531447674934,-1.461440576166749,0.07504306141780712,-1.143668312693375,-0.997471732522988,-0.5671367241312653,-1.0161329645585022,1
1.0595727735687044,-1.1099901739376037,-0.502969299721533,0.15823072992835793,0.9474866733593919,-1.177851894974348,1.5578920375866812,1.4316811360790147,0.9108981044461687,0.9204123179021463,1.066572152642809,-0.11076998018138517,-1.0161329645585022,1
-0.2960199349169384,0.9009088760241706,-1.179024470547907,-0.3011695123808144,-0.404365943111267,0.9048055324001227,0.9973029626874576,1.4316811360790147,1.823960641408877,1.379096902478929,-0.4814607612315388,0.5440170872249644,-1.0161329645585022,1
-0.634918112038349,-1.1099901739376037,-1.179024470547907,-0.6589931868476836,-0.23538436605243465,0.9048055324001227,0.8967453178962126,0.853056793629862,2.2670645196407797,2.984492948497668,-0.7394662468772634,-0.3488743683291487,-1.0161329645585022,1
0.21232733076517762,0.9009088760241706,-1.179024470547907,-1.0817709072622197,0.4405419421828948,0.9048055324001227,-1.14702942804994,0.2744324511807092,-0.9185838170416109,0.8057411717579506,0.29255569570563505,1.298014316359549,-1.0161329645585022,1
-0.12657084635623306,0.9009088760241706,-1.179024470547907,-0.35004691870418625,-0.06640278899360229,0.9048055324001227,-0.8841543251310949,0.853056793629862,1.2130143850588289,-0.7996548742607882,1.066572152642809,-0.13061201252703214,-1.0161329645585022,1
1.7373691278115257,0.9009088760241706,0.8491410419312149,-0.1351758394034438,1.7923945586535535,0.9048055324001227,1.8079401023510524,-0.8828162337175963,0.5785701957722418,1.7231103409115156,2.6146050665171567,0.9606997664835506,-1.0161329645585022,1
0.21232733076517762,-1.1099901739376037,0.8491410419312149,-0.883387069383642,0.10257878806523006,0.9048055324001227,-0.9997560270170931,1.4316811360790147,0.427512055465911,0.003043148748581378,0.03455021005991044,0.5837011519162584,-1.0161329645585022,1
-0.8043672005990544,0.9009088760241706,0.8491410419312149,0.09607193468157546,-0.7423290972289317,-1.177851894974348,-1.01084112171849,-1.461440576166749,-0.16329311550995887,-1.143668312693375,-0.4814607612315388,-0.5076106270943244,-1.0161329645585022,1
-0.12657084635623306,0.9009088760241706,-0.502969299721533,0.00314958934822483,-0.404365943111267,0.9048055324001227,-0.305195664726699,0.2744324511807092,0.44429629327772574,-0.45564143582820127,0.29255569570563505,-1.3012919209202027,-1.0161329645585022,1
0.38177641932588297,-1.1099901739376037,-1.179024470547907,-0.9655548060881667,0.9474866733593919,0.9048055324001227,-1.093820973483234,-1.461440576166749,0.8672590861354508,0.003043148748581378,0.29255569570563505,-1.4005020826484376,-1.0161329645585022,1
0.0428782422044723,0.9009088760241706,0.8491410419312149,-0.4119530359215103,-0.06640278899360229,0.9048055324001227,0.6994306322113446,-1.461440576166749,0.9343960373827085,1.379096902478929,0.8085666669970842,-0.7655570475877348,-1.0161329645585022,1
-0.634918112038349,-1.1099901739376037,-0.502969299721533,0.2537904021941813,-0.7423290972289317,0.9048055324001227,1.0161476236798326,-0.8828162337175963,0.739698878765661,0.3470565871811683,-0.7394662468772634,0.9805417988291976,-1.0161329645585022,1
0.890123685007999,-1.1099901739376037,0.8491410419312149,-0.3346019741535376,0.4405419421828948,-1.177851894974348,-0.3563454588488598,0.2744324511807092,-0.1129404020745153,-0.2262991435398101,0.03455021005991044,-0.3488743683291487,-1.0161329645585022,1
-0.2960199349169384,0.9009088760241706,-0.502969299721533,-0.7840372266759417,-0.5733475201700994,0.9048055324001227,0.059503950949264806,0.2744324511807092,0.2865244578466693,2.1817949254882985,-0.22345527558581418,0.5837011519162584,-1.0161329645585022,1
-0.2960199349169384,0.9009088760241706,0.8491410419312149,-0.22726118876421328,-0.23538436605243465,0.9048055324001227,-1.1448124091096605,0.2744324511807092,1.192873299684652,-1.143668312693375,-0.7394662468772634,-0.03140185079879733,-1.0161329645585022,1
-0.634918112038349,0.9009088760241706,0.8491410419312149,-0.6036251136425974,-0.5733475201700994,0.9048055324001227,0.38271364074285674,-1.461440576166749,0.03811773823181484,1.7231103409115156,-0.4814607612315388,-1.4798702120310254,-1.0161329645585022,1
0.5512255078865883,-1.1099901739376037,-0.502969299721533,-0.1840532457268157,0.10257878806523006,0.9048055324001227,1.5292291498587829,0.2744324511807092,1.4949895802973128,1.6084391947673204,-0.22345527558581418,0.3455967637684949,-1.0161329645585022,1
0.21232733076517762,-1.1099901739376037,-0.502969299721533,-0.6731905336278812,0.10257878806523006,0.9048055324001227,-1.1967539957104925,-0.3041918912684436,-0.25057115213139414,-1.0289971665491795,-0.22345527558581418,0.08765034327508442,-1.0161329645585022,1
-0.46546902347764374,-1.1099901739376037,-1.179024470547907,-0.2961791212990097,-0.404365943111267,-1.177851894974348,0.38271364074285674,-1.461440576166749,1.8105332511594245,0.6910700256137552,-0.4814607612315388,-1.0631875327724392,-1.0161329645585022,1
0.5512255078865883,-1.1099901739376037,-0.502969299721533,0.3470443874411962,0.2715603651240624,0.9048055324001227,2.4413740852880284,0.2744324511807092,2.1059358366473604,1.2644257563347332,-0.22345527558581418,0.305912699077201,-1.0161329645585022,1
0.890123685007999,0.9009088760241706,-0.502969299721533,-0.33196464722106483,0.7785050963005594,-1.177851894974348,-0.41873870616815195,0.853056793629862,0.5181469396497097,-0.2262991435398101,2.098594095225707,-0.26950623894656084,-1.0161329645585022,1
-0.46546902347764374,-1.1099901739376037,1.5251962127575889,0.004491941379722927,-0.404365943111267,0.9048055324001227,1.2772807831456008,0.853056793629862,1.447993714424232,0.9204123179021463,-0.4814607612315388,-0.8449251769703227,-1.0161329645585022,1
1.2290218621294098,-1.1099901739376037,-1.179024470547907,3.134304145643845,1.4544314045358888,-1.177851894974348,2.4413740852880284,-0.8828162337175963,2.1193632268968114,-0.570312581972397,1.066572152642809,1.0202258635204915,-1.0161329645585022,1
-0.46546902347764374,0.9009088760241706,0.8491410419312149,-0.17901547751448754,-0.911310674287764,0.9048055324001227,1.6495816066168083,-1.461440576166749,0.9511802751945232,1.7231103409115156,0.03455021005991044,0.08765034327508442,-1.0161329645585022,1
1.2290218621294098,0.9009088760241706,-0.502969299721533,-0.7451090177624968,0.9474866733593919,-1.177851894974348,-0.5655370317137961,0.2744324511807092,1.7299689096627155,0.4617277333253637,0.5505611813513597,0.305912699077201,-1.0161329645585022,1
-0.9738162891597597,-1.1099901739376037,1.5251962127575889,-0.9676709845848814,-0.7423290972289317,0.9048055324001227,-1.359229812333827,1.4316811360790147,1.7736079279734327,-1.0289971665491795,-0.22345527558581418,0.5837011519162584,-1.0161329645585022,1
-0.2960199349169384,0.9009088760241706,-1.179024470547907,0.26066008612008335,0.10257878806523006,-1.177851894974348,-0.3298995900612411,1.4316811360790147,1.5956950071681995,-0.6849837281165926,-0.4814607612315388,-2.3926036999307856,-1.0161329645585022,1
-0.634918112038349,-1.1099901739376037,0.8491410419312149,-0.9027327310140558,-0.911310674287764,0.9048055324001227,-0.6554846572908467,0.2744324511807092,0.9142549520085315,1.1497546101905376,-0.4814607612315388,1.1789621222856672,-1.0161329645585022,1
1.2290218621294098,-1.1099901739376037,-1.179024470547907,-0.45174982556121857,1.7923945586535535,0.9048055324001227,1.8079401023510524,-0.8828162337175963,-0.8514468657943525,3.0991640946418633,1.3245776382885335,1.0003838311748445,-1.0161329645585022,1
-0.12657084635623306,0.9009088760241706,1.5251962127575889,-0.30287508907965904,-0.911310674287764,0.9048055324001227,-0.1897523213364352,0.2744324511807092,0.06497251873071805,0.003043148748581378,-0.22345527558581418,0.6035431842619053,-1.0161329645585022,1
0.38177641932588297,0.9009088760241706,0.8491410419312149,-0.11177153692485345,0.4405419421828948,0.9048055324001227,1.494865356284452,0.2744324511807092,-0.7339572011116512,1.379096902478929,0.5505611813513597,0.5837011519162584,-1.0161329645585022,1
-0.12657084635623306,0.9009088760241706,-1.179024470547907,0.008724298373152223,-0.404365943111267,0.9048055324001227,0.07597323450562618,-0.8828162337175963,1.3707862204898853,-0.11162799739561437,-0.22345527558581418,0.6035431842619053,-1.0161329645585022,1
0.38177641932588297,0.9009088760241706,1.5251962127575889,-0.7349545194536348,-0.06640278899360229,0.9048055324001227,-0.18436813248147088,-0.8828162337175963,0.3335203237197501,1.2644257563347332,0.8085666669970842,1.714696995618135,-1.0161329645585022,1
0.890123685007999,-1.1099901739376037,-1.179024470547907,-0.050260229128558286,0.7785050963005594,-1.177851894974348,-1.042512820865339,0.2744324511807092,-0.06258768863907171,-1.143668312693375,0.5505611813513597,1.238488219322608,-1.0161329645585022,1
0.38177641932588297,-1.1099901739376037,1.5251962127575889,0.05959154417850953,0.10257878806523006,0.9048055324001227,2.4413740852880284,-0.3041918912684436,1.4849190376102237,1.8377814870557112,0.8085666669970842,1.0797519605574324,-1.0161329645585022,1
0.7206745964472937,-1.1099901739376037,-1.179024470547907,-0.5683291514026181,-0.5733475201700994,0.9048055324001227,0.2313229188209195,0.2744324511807092,-0.025662365453080038,1.2644257563347332,1.066572152642809,-1.658448503141848,-1.0161329645585022,1
-0.46546902347764374,0.9009088760241706,1.5251962127575889,-0.6591511106160952,-0.23538436605243465,0.9048055324001227,0.8272259382688795,-1.461440576166749,-0.37813135950118393,2.869821802353472,-0.4814607612315388,1.0599099282117854,-1.0161329645585022,1
-0.46546902347764374,0.9009088760241706,0.8491410419312149,-0.12855883350700023,-0.911310674287764,0.9048055324001227,1.6495816066168083,-0.8828162337175963,0.03811773823181484,1.6084391947673204,-0.997471732522988,0.26622863438590705,-1.0161329645585022,1
0.0428782422044723,-1.1099901739376037,-0.502969299721533,-1.015585055920943,-0.404365943111267,0.9048055324001227,-1.1375279183058853,0.2744324511807092,0.561785957960427,0.1177142948927768,0.5505611813513597,0.6233852166075523,-1.0161329645585022,1
1.398470950690115,-1.1099901739376037,0.8491410419312149,-1.1308536144845265,1.6234129815947211,0.9048055324001227,-1.3159979429983781,1.4316811360790147,-1.559741701452924,0.1177142948927768,1.3245776382885335,-0.8647672093159696,-1.0161329645585022,1
1.5679200392508204,0.9009088760241706,0.8491410419312149,-0.2213390474487805,2.2993392898300504,0.9048055324001227,-0.6599186951714056,1.4316811360790147,0.9612508178816116,-0.6849837281165926,2.872610552162881,0.3654387961141419,-1.0161329645585022,1
1.398470950690115,-1.1099901739376037,0.8491410419312149,0.5338524130952078,0.7785050963005594,-1.177851894974348,2.4065352162264944,1.4316811360790147,0.92432549469562,0.9204123179021463,2.098594095225707,1.0599099282117854,-1.0161329645585022,1
-0.12657084635623306,0.9009088760241706,0.8491410419312149,-0.3018801693386663,-0.404365943111267,0.9048055324001227,-0.2917351925892883,0.2744324511807092,1.3002924216802647,-0.11162799739561437,0.03455021005991044,1.0599099282117854,-1.0161329645585022,1
-0.2960199349169384,-1.1099901739376037,0.8491410419312149,0.0848119699938326,-0.404365943111267,0.9048055324001227,2.4413740852880284,-0.8828162337175963,0.5752133482098789,1.7231103409115156,-0.4814607612315388,-0.26950623894656084,-1.0161329645585022,1
-0.634918112038349,-1.1099901739376037,-1.179024470547907,-0.6034513974973447,-0.404365943111267,0.9048055324001227,-1.2754581680904118,-0.3041918912684436,-0.6265380791160384,-1.143668312693375,-0.997471732522988,-1.4997122443766724,-1.0161329645585022,1
-0.46546902347764374,-1.1099901739376037,-0.502969299721533,-0.7924861482859591,-0.5733475201700994,0.9048055324001227,-0.6176369768103623,-0.3041918912684436,1.3506451351157078,0.5763988794695595,-0.997471732522988,0.9210157017922567,-1.0161329645585022,1
0.0428782422044723,-1.1099901739376037,0.8491410419312149,-0.6112370392800337,-0.23538436605243465,0.9048055324001227,0.6994306322113446,-1.461440576166749,0.09518414679198407,2.2964660716324943,0.03455021005991044,0.6432272489531993,-1.0161329645585022,1
-0.12657084635623306,0.9009088760241706,-0.502969299721533,-0.5751198734443143,-0.5733475201700994,0.9048055324001227,-0.5569856729441469,0.2744324511807092,1.3103629643673533,0.003043148748581378,-0.22345527558581418,0.5043330225336705,-1.0161329645585022,1
-0.12657084635623306,0.9009088760241706,-1.179024470547907,-0.11969931009911279,-0.23538436605243465,0.9048055324001227,1.3328646151483206,0.853056793629862,1.6393340254789173,1.2644257563347332,0.03455021005991044,-0.11076998018138517,-1.0161329645585022,1
-0.46546902347764374,0.9009088760241706,1.5251962127575889,-0.791443851414443,-0.911310674287764,0.9048055324001227,0.06599664927436881,1.4316811360790147,-0.06594453620143455,2.2964660716324943,-0.4814607612315388,-0.5869787564769122,-1.0161329645585022,1
-0.12657084635623306,-1.1099901739376037,-1.179024470547907,-0.2980268293894247,-0.06640278899360229,0.9048055324001227,1.3328646151483206,0.2744324511807092,0.7128440982667578,1.7231103409115156,-0.4814607612315388,-1.5195542767223194,-1.0161329645585022,1
0.5512255078865883,-1.1099901739376037,0.8491410419312149,-0.4999323673035797,0.2715603651240624,-1.177851894974348,-1.121692068732461,-1.461440576166749,1.377499915614611,-1.0289971665491795,0.5505611813513597,0.305912699077201,-1.0161329645585022,1
-0.2960199349169384,0.9009088760241706,0.8491410419312149,-0.20646262846441335,0.10257878806523006,-1.177851894974348,0.06599664927436881,0.2744324511807092,-1.173704231781191,0.1177142948927768,-0.7394662468772634,-0.7655570475877348,-1.0161329645585022,1
0.0428782422044723,-1.1099901739376037,-0.502969299721533,-0.6337411762786782,0.10257878806523006,0.9048055324001227,-0.09236184645987515,0.2744324511807092,0.42415520790354816,1.035083464046342,0.5505611813513597,-0.07108591549009124,-1.0161329645585022,1
-0.634918112038349,-1.1099901739376037,0.8491410419312149,-0.4501863802539443,-0.7423290972289317,0.9048055324001227,-1.01084112171849,0.853056793629862,-0.23378691431957943,-0.9143260204049839,-0.22345527558581418,0.22654456969461315,-1.0161329645585022,1
1.0595727735687044,0.9009088760241706,-0.502969299721533,-0.16661846169418157,0.7785050963005594,0.9048055324001227,-1.1123489174841406,-1.461440576166749,-1.3885424757724163,-1.143668312693375,0.29255569570563505,0.6035431842619053,-1.0161329645585022,1
0.5512255078865883,0.9009088760241706,0.8491410419312149,-0.7557214949997524,0.2715603651240624,0.9048055324001227,-0.2507203421941191,0.853056793629862,-0.24721430456903132,1.2644257563347332,0.03455021005991044,-0.32903233598350173,-1.0161329645585022,1
2.415165482054347,0.9009088760241706,-0.502969299721533,-0.6379577408952664,2.2993392898300504,0.9048055324001227,-0.1094645639991735,0.2744324511807092,1.7467531474745301,1.035083464046342,2.6146050665171567,-0.8846092416616166,-1.0161329645585022,1
0.7206745964472937,0.9009088760241706,-0.502969299721533,-0.5665446128195676,0.4405419421828948,-1.177851894974348,-0.4090788379283631,-1.461440576166749,-1.1502062988446506,0.23238544103697253,-0.22345527558581418,0.9011736694466097,-1.0161329645585022,1
0.38177641932588297,-1.1099901739376037,0.8491410419312149,-0.9767831860222272,0.2715603651240624,0.9048055324001227,-1.3433939627604023,1.4316811360790147,1.0753836350019508,-0.9143260204049839,0.5505611813513597,-1.2417658238832618,-1.0161329645585022,1
0.21232733076517762,0.9009088760241706,-0.502969299721533,-0.03868441690399234,0.4405419421828948,-1.177851894974348,0.8577891279455886,0.2744324511807092,1.4312094766124175,0.5763988794695595,0.5505611813513597,0.801963507718375,-1.0161329645585022,1
0.0428782422044723,0.9009088760241706,-1.179024470547907,-0.6691318927797045,0.2715603651240624,0.9048055324001227,-0.4124043663387822,-0.3041918912684436,1.5688402266692962,0.5763988794695595,0.29255569570563505,-0.011559818453150373,-1.0161329645585022,1
-0.2960199349169384,0.9009088760241706,0.8491410419312149,-0.0012406914136160055,-0.23538436605243465,0.9048055324001227,2.3091447413499346,1.4316811360790147,0.4107278176540969,1.8377814870557112,-0.4814607612315388,0.782121475372728,-1.0161329645585022,1
1.5679200392508204,-1.1099901739376037,0.8491410419312149,0.8025281202937623,1.4544314045358888,0.9048055324001227,1.6495816066168083,-0.3041918912684436,1.7803216230981584,0.1177142948927768,1.8405886095799828,0.10749237562073138,-1.0161329645585022,1
0.38177641932588297,-1.1099901739376037,-1.179024470547907,0.44363056420169455,0.4405419421828948,0.9048055324001227,3.0540631052838183,-1.461440576166749,-1.0192892439124976,1.4937680486231246,0.29255569570563505,-0.6068207888225592,-1.0161329645585022,1
-0.2960199349169384,0.9009088760241706,0.8491410419312149,-0.4093788784964022,-0.911310674287764,0.9048055324001227,-0.7927814730924362,-1.461440576166749,0.3503045615315648,-0.6849837281165926,-0.4814607612315388,-1.3211339532658497,-1.0161329645585022,1
-0.2960199349169384,-1.1099901739376037,0.8491410419312149,-0.6744539237751734,-0.23538436605243465,0.9048055324001227,0.06599664927436881,0.2744324511807092,-1.3918993233347792,1.4937680486231246,-0.4814607612315388,1.278172284013902,-1.0161329645585022,1
0.21232733076517762,0.9009088760241706,-0.502969299721533,-0.9050700027865466,0.10257878806523006,0.9048055324001227,-0.5040939353689095,-0.3041918912684436,-0.21364582894540246,1.6084391947673204,0.03455021005991044,-0.30919030363785477,-1.0161329645585022,1
-0.46546902347764374,0.9009088760241706,1.5251962127575889,-0.18612204709300686,-0.911310674287764,0.9048055324001227,2.382148007883421,0.2744324511807092,1.585624464481111,2.525808363920885,-0.4814607612315388,0.028124246238143545,-1.0161329645585022,1
-0.634918112038349,0.9009088760241706,-1.179024470547907,-0.6976529253548288,-0.7423290972289317,0.9048055324001227,0.38271364074285674,0.2744324511807092,-0.7943804572341833,2.2964660716324943,-0.4814607612315388,-0.4282424977117365,-1.0161329645585022,1
-0.46546902347764374,-1.1099901739376037,0.8491410419312149,-0.265462948342965,-0.911310674287764,0.9048055324001227,-0.7257958293968509,0.2744324511807092,1.1055952630632166,-0.6849837281165926,-0.22345527558581418,0.6233852166075523,-1.0161329645585022,1
-0.46546902347764374,0.9009088760241706,0.8491410419312149,-0.1724616411254086,-0.404365943111267,0.9048055324001227,0.7862110878737103,0.2744324511807092,0.5215037872120725,0.8057411717579506,0.03455021005991044,-1.0235034680811452,-1.0161329645585022,1
0.0428782422044723,-1.1099901739376037,-0.502969299721533,-0.5596907212705068,0.10257878806523006,0.9048055324001227,1.469527996966973,-0.8828162337175963,1.0149603788794181,3.213835240786059,-0.22345527558581418,1.1194360252487263,-1.0161329645585022,1
-0.8043672005990544,-1.1099901739376037,0.8491410419312149,-0.6799022937853716,-0.911310674287764,0.9048055324001227,0.06599664927436881,-0.3041918912684436,1.4312094766124175,1.4937680486231246,-0.4814607612315388,0.6829113136444932,-1.0161329645585022,1
-0.46546902347764374,-1.1099901739376037,0.8491410419312149,0.006023801933314874,-0.23538436605243465,-1.177851894974348,1.9662985980852963,0.2744324511807092,0.25966967734776614,1.4937680486231246,-0.4814607612315388,-0.011559818453150373,-1.0161329645585022,1
-0.46546902347764374,0.9009088760241706,-0.502969299721533,-0.5445616242566811,-0.911310674287764,0.9048055324001227,-0.4090788379283631,-1.461440576166749,-0.7272435059869256,0.1177142948927768,0.03455021005991044,0.5043330225336705,-1.0161329645585022,1
2.415165482054347,0.9009088760241706,0.8491410419312149,-0.5173197742056903,2.8062840210065474,0.9048055324001227,0.5410721364771007,-1.461440576166749,0.001192415045823164,1.6084391947673204,2.098594095225707,0.7225953783357871,-1.0161329645585022,1
0.7206745964472937,0.9009088760241706,-0.502969299721533,-0.6583930765277198,0.10257878806523006,0.9048055324001227,-0.3428849867114491,-0.3041918912684436,1.8508154219077795,0.5763988794695595,0.03455021005991044,-1.0433455004267922,-1.0161329645585022,1
-0.2960199349169384,-1.1099901739376037,-0.502969299721533,-0.636173202312216,-0.06640278899360229,0.9048055324001227,-0.1583973391810549,-1.461440576166749,1.585624464481111,0.9204123179021463,-0.4814607612315388,1.0797519605574324,-1.0161329645585022,1
-0.8043672005990544,-1.1099901739376037,-0.502969299721533,-0.880402310160664,-0.911310674287764,0.9048055324001227,-1.042512820865339,0.853056793629862,0.46108053108954045,-0.2262991435398101,-0.997471732522988,0.8614896047553159,-1.0161329645585022,1
-0.46546902347764374,-1.1099901739376037,-0.502969299721533,-0.5581746530937559,-0.911310674287764,0.9048055324001227,0.8577891279455886,0.853056793629862,-1.2374843354660858,2.2964660716324943,-0.7394662468772634,0.10749237562073138,-1.0161329645585022,1
-0.2960199349169384,-1.1099901739376037,0.8491410419312149,-0.5552846481318248,-0.06640278899360229,0.9048055324001227,-0.8597671167880214,0.2744324511807092,0.273097067597218,-0.570312581972397,-0.4814607612315388,0.5837011519162584,-1.0161329645585022,1
-0.2960199349169384,-1.1099901739376037,-1.179024470547907,-0.9600274741937628,0.10257878806523006,0.9048055324001227,-0.7585760380138395,0.853056793629862,-0.8145215426083608,1.2644257563347332,-0.4814607612315388,-1.0235034680811452,-1.0161329645585022,1
-0.9738162891597597,0.9009088760241706,-1.179024470547907,-0.4122530910814922,-0.911310674287764,0.9048055324001227,-0.2507203421941191,-0.8828162337175963,1.6124792449800143,0.1177142948927768,-0.7394662468772634,0.7622794430270811,-1.0161329645585022,1
-0.9738162891597597,-1.1099901739376037,1.5251962127575889,-0.6729378555984227,-0.911310674287764,0.9048055324001227,-0.7257958293968509,0.2744324511807092,1.3002924216802647,-0.11162799739561437,-0.4814607612315388,1.5559607368529593,-1.0161329645585022,1
-0.46546902347764374,0.9009088760241706,-0.502969299721533,-0.515235180462658,-0.404365943111267,0.9048055324001227,0.38271364074285674,0.853056793629862,-0.012234975203628139,1.2644257563347332,-0.4814607612315388,1.337698381050843,-1.0161329645585022,1
-0.12657084635623306,0.9009088760241706,-0.502969299721533,-0.2778915489169533,-0.5733475201700994,0.9048055324001227,-0.7303882257731441,-1.461440576166749,0.2563128297854033,-0.6849837281165926,-0.22345527558581418,0.46464895784237664,-1.0161329645585022,1
-0.8043672005990544,0.9009088760241706,0.8491410419312149,-0.4066467973028825,-0.7423290972289317,0.9048055324001227,-0.6562764497695179,0.853056793629862,0.5450017201486129,-0.45564143582820127,-0.7394662468772634,0.821805540064022,-1.0161329645585022,1
-0.12657084635623306,0.9009088760241706,-0.502969299721533,-0.9405712659254609,-0.06640278899360229,0.9048055324001227,-0.5428917668237992,0.2744324511807092,-0.7205298108621999,1.8377814870557112,-0.4814607612315388,0.6233852166075523,-1.0161329645585022,1
-0.2960199349169384,-1.1099901739376037,-0.502969299721533,-0.2227761537413255,-0.5733475201700994,0.9048055324001227,-0.7083763948660842,-0.8828162337175963,0.03476089066945202,-0.6849837281165926,0.29255569570563505,-2.49181386165902,-1.0161329645585022,1
-0.8043672005990544,0.9009088760241706,-0.502969299721533,-0.1392660650053027,-0.911310674287764,0.9048055324001227,1.6462560782063893,-1.461440576166749,0.6121386713958706,1.6084391947673204,-0.7394662468772634,-0.8449251769703227,-1.0161329645585022,1
0.0428782422044723,-1.1099901739376037,0.8491410419312149,-0.6025670243942401,-0.06640278899360229,0.9048055324001227,-0.8841543251310949,0.2744324511807092,2.0723673610237308,-0.45564143582820127,0.8085666669970842,-1.4401861473397315,-1.0161329645585022,1
0.38177641932588297,0.9009088760241706,0.8491410419312149,-0.44705948963939585,0.4405419421828948,0.9048055324001227,-0.7957902845113868,-0.8828162337175963,-0.7440277437987403,-0.570312581972397,0.29255569570563505,-0.7853990799333818,-1.0161329645585022,1
1.2290218621294098,0.9009088760241706,1.5251962127575889,-0.31846216502187813,1.1164682504182242,0.9048055324001227,2.1761236049331694,0.2744324511807092,-0.16329311550995887,2.869821802353472,1.066572152642809,1.337698381050843,-1.0161329645585022,1
-0.634918112038349,0.9009088760241706,-0.502969299721533,-0.6421900978886957,-0.23538436605243465,0.9048055324001227,-0.1735997547715423,-0.3041918912684436,1.8273174889712391,0.9204123179021463,-0.22345527558581418,0.286070666731554,-1.0161329645585022,1
-0.12657084635623306,-1.1099901739376037,1.5251962127575889,-0.3011695123808144,-0.7423290972289317,0.9048055324001227,-0.3848499880810238,0.2744324511807092,1.2331554704330066,-0.2262991435398101,0.5505611813513597,-0.7457150152420878,-1.0161329645585022,1
0.7206745964472937,0.9009088760241706,-1.179024470547907,-0.9022115825782977,0.6095235192417271,0.9048055324001227,-1.359229812333827,-1.461440576166749,0.92432549469562,-1.143668312693375,1.066572152642809,-0.30919030363785477,-1.0161329645585022,1
0.7206745964472937,-1.1099901739376037,-1.179024470547907,-0.21735936848480966,0.4405419421828948,0.9048055324001227,1.6495816066168083,0.2744324511807092,-0.015591822765990965,1.8377814870557112,0.29255569570563505,1.4765926074703717,-1.0161329645585022,1
3.431860013418579,0.9009088760241706,0.8491410419312149,-0.11554591498988927,3.144247175124212,0.9048055324001227,2.4781132562983728,-0.8828162337175963,-0.3009238655668377,2.411137217776689,3.130616037808606,-0.7853990799333818,-1.0161329645585022,1
0.38177641932588297,-1.1099901739376037,-1.179024470547907,-0.7931494281132876,0.6095235192417271,0.9048055324001227,0.06599664927436881,0.2744324511807092,-0.945438597540514,2.2964660716324943,1.066572152642809,-0.30919030363785477,-1.0161329645585022,1
0.0428782422044723,0.9009088760241706,-0.502969299721533,-0.10264354311066638,0.6095235192417271,0.9048055324001227,1.6495816066168083,0.853056793629862,-0.0860856215756121,1.4937680486231246,0.8085666669970842,2.0321695131484865,-1.0161329645585022,1
0.5512255078865883,0.9009088760241706,-1.179024470547907,0.3328628330378398,0.6095235192417271,-1.177851894974348,0.05285289412842656,0.2744324511807092,0.11532523216616163,-0.45564143582820127,-0.22345527558581418,-0.051243883144444294,-1.0161329645585022,1
0.21232733076517762,-1.1099901739376037,-0.502969299721533,-0.7915070209218076,0.10257878806523006,0.9048055324001227,0.06599664927436881,-1.461440576166749,0.42079836034118534,2.2964660716324943,0.8085666669970842,-1.102871597463733,-1.0161329645585022,1
0.5512255078865883,0.9009088760241706,1.5251962127575889,-0.4120162054288749,0.7785050963005594,0.9048055324001227,0.06599664927436881,0.2744324511807092,0.021333500420000717,0.5763988794695595,0.8085666669970842,1.3773824457421369,-1.0161329645585022,1
-0.12657084635623306,-1.1099901739376037,-1.179024470547907,-0.7910648343702552,-0.23538436605243465,0.9048055324001227,0.06599664927436881,0.2744324511807092,-0.06258768863907171,2.2964660716324943,0.8085666669970842,0.5440170872249644,-1.0161329645585022,1
0.21232733076517762,0.9009088760241706,-0.502969299721533,0.17861868843028786,-0.06640278899360229,-1.177851894974348,-0.743373622423352,-0.8828162337175963,1.5285580559209417,-1.0289971665491795,0.29255569570563505,-0.8647672093159696,-1.0161329645585022,1
-0.8043672005990544,0.9009088760241706,1.5251962127575889,-1.1274424610868372,-0.911310674287764,0.9048055324001227,-1.2111646188223086,1.4316811360790147,0.8001221348881931,1.035083464046342,-0.22345527558581418,0.08765034327508442,-1.0161329645585022,1
-0.8043672005990544,0.9009088760241706,0.8491410419312149,-0.19476047722511816,-0.911310674287764,-1.177851894974348,-0.7257958293968509,0.2744324511807092,1.3237903546168046,-0.7996548742607882,-0.7394662468772634,0.2463866020402601,-1.0161329645585022,1
-0.12657084635623306,-1.1099901739376037,0.8491410419312149,-0.9037908202624131,-0.404365943111267,0.9048055324001227,-0.1959283026700707,-0.8828162337175963,0.6792756226431284,2.640479510065081,0.03455021005991044,-1.142555662155027,-1.0161329645585022,1
-0.8043672005990544,0.9009088760241706,-0.502969299721533,-0.6788599969138555,-0.911310674287764,0.9048055324001227,0.06599664927436881,0.853056793629862,0.6591345372689513,1.4937680486231246,-0.7394662468772634,-0.38855843302044263,-1.0161329645585022,1
-0.634918112038349,-1.1099901739376037,-0.502969299721533,0.13046773144160906,-0.06640278899360229,0.9048055324001227,1.4275629955973983,-0.3041918912684436,-0.8380194755449012,0.8057411717579506,-0.997471732522988,1.5162766721616654,-1.0161329645585022,1
0.0428782422044723,0.9009088760241706,-0.502969299721533,0.07944256186784021,0.10257878806523006,0.9048055324001227,-0.9273861944665436,-0.8828162337175963,0.06497251873071805,-1.143668312693375,0.03455021005991044,0.06780831092943747,-1.0161329645585022,1
-0.46546902347764374,-1.1099901739376037,1.5251962127575889,-0.6359047319059163,-0.23538436605243465,0.9048055324001227,-0.5340236910626815,-0.3041918912684436,-1.1535631464070133,0.23238544103697253,0.03455021005991044,-1.0830295651180861,-1.0161329645585022,1
1.398470950690115,0.9009088760241706,-1.179024470547907,0.0281647142646129,1.1164682504182242,0.9048055324001227,2.0828504509457,-0.8828162337175963,0.2965950005337584,1.6084391947673204,0.5505611813513597,0.6829113136444932,-1.0161329645585022,1
-0.2960199349169384,0.9009088760241706,0.8491410419312149,-0.6633045057253187,-0.23538436605243465,0.9048055324001227,0.8140821831229372,0.2744324511807092,0.4174415127788225,2.869821802353472,-0.22345527558581418,0.14717644031202531,-1.0161329645585022,1
0.0428782422044723,-1.1099901739376037,1.5251962127575889,-0.39467617565728774,-0.23538436605243465,0.9048055324001227,1.0161476236798326,-1.461440576166749,1.555412836419845,1.7231103409115156,0.29255569570563505,-0.03140185079879733,-1.0161329645585022,1
0.0428782422044723,0.9009088760241706,-1.179024470547907,-0.29894278724621165,-0.23538436605243465,0.9048055324001227,-1.1981792221721008,0.2744324511807092,1.6661888059778205,-1.2583394588375707,-0.22345527558581418,1.6551708985811941,-1.0161329645585022,1
-0.46546902347764374,-1.1099901739376037,-1.179024470547907,-0.035304848259985366,-0.404365943111267,-1.177851894974348,0.8577891279455886,-1.461440576166749,1.1794459094352001,0.5763988794695595,-0.4814607612315388,-0.20998014190961997,-1.0161329645585022,1
0.890123685007999,-1.1099901739376037,1.5251962127575889,-0.6025038548868755,0.9474866733593919,0.9048055324001227,-0.942588610057031,0.2744324511807092,0.82026322026237,-0.570312581972397,0.03455021005991044,1.258330251668255,-1.0161329645585022,1
-0.8043672005990544,-1.1099901739376037,1.5251962127575889,-0.6918887078078076,-0.911310674287764,0.9048055324001227,0.06599664927436881,-1.461440576166749,2.38455418432348,1.6084391947673204,-0.4814607612315388,1.5361187045073124,-1.0161329645585022,1
-0.12657084635623306,0.9009088760241706,-0.502969299721533,-0.284524347190238,-0.404365943111267,0.9048055324001227,1.1460015901819127,0.853056793629862,0.4510099884024514,1.4937680486231246,0.03455021005991044,-0.38855843302044263,-1.0161329645585022,1
-0.2960199349169384,0.9009088760241706,0.8491410419312149,-0.20431486521401637,-0.5733475201700994,0.9048055324001227,0.9304756774876066,0.2744324511807092,1.0955247203761276,1.035083464046342,-0.4814607612315388,-0.9242933063529105,-1.0161329645585022,1
0.0428782422044723,-1.1099901739376037,0.8491410419312149,-0.297647812345237,-0.06640278899360229,0.9048055324001227,1.0467108133565417,-0.3041918912684436,1.0015329886299666,1.4937680486231246,-0.22345527558581418,1.4567505751247247,-1.0161329645585022,1
-0.8043672005990544,0.9009088760241706,1.5251962127575889,-0.7512996294842292,-0.7423290972289317,0.9048055324001227,0.38271364074285674,0.2744324511807092,-0.9185838170416109,2.640479510065081,-0.22345527558581418,1.4567505751247247,-1.0161329645585022,1
1.5679200392508204,0.9009088760241706,-1.179024470547907,-0.37619909475313745,0.9474866733593919,0.9048055324001227,1.6495816066168083,-1.461440576166749,1.3103629643673533,2.525808363920885,1.066572152642809,0.7622794430270811,-1.0161329645585022,1
0.7206745964472937,0.9009088760241706,0.8491410419312149,-0.8127319753963187,0.2715603651240624,0.9048055324001227,0.06599664927436881,0.853056793629862,0.3234497810326616,2.411137217776689,1.3245776382885335,-0.7853990799333818,-1.0161329645585022,1
-0.2960199349169384,-1.1099901739376037,0.8491410419312149,-0.5679659267352715,-0.5733475201700994,0.9048055324001227,0.7786098800784667,1.4316811360790147,-0.3613471216893698,2.1817949254882985,-0.7394662468772634,0.801963507718375,-1.0161329645585022,1
-0.12657084635623306,0.9009088760241706,-0.502969299721533,0.17653409468725553,-0.404365943111267,-1.177851894974348,0.06599664927436881,1.4316811360790147,1.256653403369547,-0.34097028968400567,-0.4814607612315388,0.5440170872249644,-1.0161329645585022,1
2.754063659175758,0.9009088760241706,-0.502969299721533,-0.5081444032609799,2.637302443947715,0.9048055324001227,0.8577891279455886,-1.461440576166749,-0.008878127641265313,1.952452633199907,1.582583123934258,0.9805417988291976,-1.0161329645585022,1
0.0428782422044723,-1.1099901739376037,-0.502969299721533,0.12094492820639315,0.10257878806523006,0.9048055324001227,2.2830155895537843,0.2744324511807092,1.3103629643673533,1.4937680486231246,1.3245776382885335,0.8614896047553159,-1.0161329645585022,1
-0.9738162891597597,0.9009088760241706,0.8491410419312149,-0.6962474038159662,-0.911310674287764,0.9048055324001227,-0.3332251184716602,0.2744324511807092,0.23617174441122635,0.8057411717579506,-0.4814607612315388,0.9606997664835506,-1.0161329645585022,1
-0.8043672005990544,0.9009088760241706,-0.502969299721533,-0.560843564779911,-0.911310674287764,0.9048055324001227,-0.42269766856150803,-1.461440576166749,0.9343960373827085,0.23238544103697253,-0.7394662468772634,0.305912699077201,-1.0161329645585022,1
-0.634918112038349,-1.1099901739376037,-1.179024470547907,-0.08386640704653418,-0.5733475201700994,0.9048055324001227,1.6020740578965351,0.2744324511807092,1.2700807936189982,1.379096902478929,-0.7394662468772634,0.3455967637684949,-1.0161329645585022,1
-0.8043672005990544,0.9009088760241706,-1.179024470547907,-0.908086346763207,-0.23538436605243465,0.9048055324001227,-1.0052985743677916,0.853056793629862,0.26302652491012896,0.003043148748581378,-0.997471732522988,-0.051243883144444294,-1.0161329645585022,1
-0.8043672005990544,0.9009088760241706,-0.502969299721533,-1.0164378442703652,-0.911310674287764,0.9048055324001227,-0.7257958293968509,-0.8828162337175963,-0.39491559731299863,2.0671237793441026,-0.7394662468772634,0.8614896047553159,-1.0161329645585022,1
-0.634918112038349,0.9009088760241706,0.8491410419312149,-0.11071344767649612,-0.911310674287764,0.9048055324001227,1.6495816066168083,-0.8828162337175963,-0.5896127559300467,1.4937680486231246,-0.7394662468772634,-0.38855843302044263,-1.0161329645585022,1
0.38177641932588297,-1.1099901739376037,-1.179024470547907,-0.7883959226841002,0.6095235192417271,0.9048055324001227,-0.7257958293968509,0.2744324511807092,0.001192415045823164,0.3470565871811683,0.8085666669970842,-1.3211339532658497,-1.0161329645585022,1
-0.634918112038349,0.9009088760241706,1.5251962127575889,-0.2021039324562548,-0.911310674287764,0.9048055324001227,2.2196721912600865,0.853056793629862,0.2965950005337584,2.411137217776689,-0.4814607612315388,-0.44808453005738347,-1.0161329645585022,1
-0.634918112038349,0.9009088760241706,-1.179024470547907,-0.6325093708850682,-0.5733475201700994,0.9048055324001227,-1.2726077151671953,0.2744324511807092,0.2663833724724924,-1.143668312693375,-0.7394662468772634,-0.13061201252703214,-1.0161329645585022,1
0.21232733076517762,-1.1099901739376037,-0.502969299721533,-0.8844135738783171,-0.06640278899360229,0.9048055324001227,-0.7257958293968509,1.4316811360790147,-0.5896127559300467,0.8057411717579506,-0.22345527558581418,1.0003838311748445,-1.0161329645585022,1
-0.634918112038349,0.9009088760241706,0.8491410419312149,-0.8638518992311345,-0.06640278899360229,0.9048055324001227,-1.0127414236673011,1.4316811360790147,0.860545391010725,-0.11162799739561437,-0.4814607612315388,0.10749237562073138,-1.0161329645585022,1
-0.46546902347764374,0.9009088760241706,1.5251962127575889,0.38805719009767337,-0.5733475201700994,-1.177851894974348,1.6495816066168083,-0.3041918912684436,0.021333500420000717,0.5763988794695595,-0.4814607612315388,0.9011736694466097,-1.0161329645585022,1
-0.8043672005990544,-1.1099901739376037,1.5251962127575889,-0.3791680615992744,-0.911310674287764,0.9048055324001227,1.2131455923732322,-1.461440576166749,-0.29085332287974863,1.952452633199907,-0.7394662468772634,0.6829113136444932,-1.0161329645585022,1
2.415165482054347,0.9009088760241706,0.8491410419312149,1.0827638473400416,2.8062840210065474,-1.177851894974348,0.7303105388795222,-1.461440576166749,0.18581903097578276,-0.45564143582820127,2.6146050665171567,0.6432272489531993,-1.0161329645585022,1
0.21232733076517762,-1.1099901739376037,-1.179024470547907,-0.12821140121649485,-0.23538436605243465,0.9048055324001227,1.6495816066168083,-0.3041918912684436,2.7907327393693913,1.6084391947673204,-0.22345527558581418,-0.03140185079879733,-1.0161329645585022,1
-0.46546902347764374,-1.1099901739376037,-0.502969299721533,-0.6817026247452632,-0.911310674287764,0.9048055324001227,0.38271364074285674,-1.461440576166749,-1.5563848538905611,2.1817949254882985,-0.4814607612315388,1.238488219322608,-1.0161329645585022,1
-0.46546902347764374,0.9009088760241706,-0.502969299721533,-0.22100740753511625,-0.404365943111267,0.9048055324001227,1.0161476236798326,-0.3041918912684436,1.5151306656714898,1.1497546101905376,-0.4814607612315388,-0.44808453005738347,-1.0161329645585022,1
-0.46546902347764374,-1.1099901739376037,-0.502969299721533,-0.8788862419839131,-0.404365943111267,0.21058638994196582,-0.5674373336626071,0.853056793629862,-1.3415466098993358,1.2644257563347332,-0.7394662468772634,-1.4997122443766724,-1.0161329645585022,1
-0.9738162891597597,-1.1099901739376037,-1.179024470547907,-0.6813867772084401,-0.7423290972289317,0.9048055324001227,-0.5674373336626071,-0.8828162337175963,0.7464125738903866,0.23238544103697253,-0.7394662468772634,0.18686050500331922,-1.0161329645585022,1
0.7206745964472937,0.9009088760241706,0.17308587110484092,1.0125351475274293,1.2854498274770565,-1.177851894974348,2.4106525371155847,-0.8828162337175963,0.24959913466067765,0.3470565871811683,-0.22345527558581418,1.0400678958661385,-1.0161329645585022,1
-0.8043672005990544,-1.1099901739376037,-0.502969299721533,-0.8807497424511693,-0.911310674287764,0.9048055324001227,-0.7257958293968509,-1.461440576166749,1.3237903546168046,0.8057411717579506,-0.7394662468772634,-1.3211339532658497,-1.0161329645585022,1
0.7206745964472937,0.9009088760241706,0.8491410419312149,-0.3748567427216393,0.7785050963005594,0.9048055324001227,-1.0466301417544293,1.4316811360790147,1.763537385286345,-1.0289971665491795,0.03455021005991044,1.278172284013902,-1.0161329645585022,1
-0.634918112038349,0.9009088760241706,-0.502969299721533,-0.23733672518886959,-0.7423290972289317,-1.177851894974348,0.8577891279455886,0.2744324511807092,1.8373880316583282,1.035083464046342,-0.997471732522988,-1.142555662155027,-1.0161329645585022,1
-0.46546902347764374,0.9009088760241706,-1.179024470547907,-0.6878774440901545,-0.404365943111267,0.9048055324001227,-0.11215665842665565,0.2744324511807092,0.6154955189582334,1.1497546101905376,-0.7394662468772634,-0.20998014190961997,-1.0161329645585022,1
-0.12657084635623306,0.9009088760241706,-1.179024470547907,0.17440212381369974,-0.404365943111267,-1.177851894974348,-0.21097235976482387,-1.461440576166749,-0.41169983512481334,-0.570312581972397,-0.22345527558581418,0.32575473142284794,-1.0161329645585022,1
-0.12657084635623306,-1.1099901739376037,-1.179024470547907,-0.22129167031825703,-0.5733475201700994,0.9048055324001227,2.4413740852880284,-1.461440576166749,2.273778214765505,2.7551506562092767,0.03455021005991044,-1.8767108589439645,-1.0161329645585022,1
-0.46546902347764374,-1.1099901739376037,-0.502969299721533,-0.49014109366206415,-0.5733475201700994,0.9048055324001227,1.0161476236798326,-0.8828162337175963,0.5248606347744353,2.1817949254882985,-0.4814607612315388,0.5837011519162584,-1.0161329645585022,1
-0.634918112038349,0.9009088760241706,-1.179024470547907,-0.8996690099068719,-0.7423290972289317,0.9048055324001227,-0.7257958293968509,-0.8828162337175963,1.0048898361923295,0.9204123179021463,-0.7394662468772634,-1.0433455004267922,-1.0161329645585022,1
0.0428782422044723,-1.1099901739376037,-0.502969299721533,-0.5609699037946402,0.2715603651240624,0.9048055324001227,-1.042512820865339,-0.3041918912684436,0.001192415045823164,-0.7996548742607882,0.29255569570563505,0.5043330225336705,-1.0161329645585022,1
0.7206745964472937,-1.1099901739376037,-0.502969299721533,-0.5295272815039025,0.9474866733593919,0.9048055324001227,-0.7579426040309025,-1.461440576166749,-0.21364582894540246,-0.45564143582820127,0.03455021005991044,0.821805540064022,-1.0161329645585022,1
1.0595727735687044,0.9009088760241706,-0.502969299721533,-0.23883700098877922,1.1164682504182242,0.9048055324001227,-1.3121973391007564,0.853056793629862,1.4446368668618692,-1.3730106049817663,1.066572152642809,0.8614896047553159,-1.0161329645585022,1
-0.46546902347764374,-1.1099901739376037,-1.179024470547907,-0.8821710563668732,-0.7423290972289317,0.21058638994196582,-0.5674373336626071,0.853056793629862,-0.4553388534355307,1.2644257563347332,-0.7394662468772634,-1.3012919209202027,-1.0161329645585022,1
0.890123685007999,-1.1099901739376037,0.8491410419312149,-0.41500096465185304,0.6095235192417271,0.9048055324001227,-0.17914230212224083,0.2744324511807092,-0.25392799969375696,0.23238544103697253,0.5505611813513597,-0.22982217425526694,-1.0161329645585022,1
-0.2960199349169384,-1.1099901739376037,0.8491410419312149,-0.6172855196101957,-0.23538436605243465,0.9048055324001227,-1.2447366199179684,-0.3041918912684436,1.706470976726175,-1.143668312693375,-0.22345527558581418,0.10749237562073138,-1.0161329645585022,1
1.7373691278115257,-1.1099901739376037,0.17308587110484092,-0.9655074289576433,1.7923945586535535,0.9048055324001227,-1.042512820865339,-0.8828162337175963,-0.39827244487536145,0.23238544103697253,1.8405886095799828,1.714696995618135,-1.0161329645585022,1
-0.46546902347764374,0.9009088760241706,-1.179024470547907,-0.3933180312489485,-0.5733475201700994,0.9048055324001227,0.8577891279455886,-1.461440576166749,0.18246218341341994,1.4937680486231246,-0.7394662468772634,0.32575473142284794,-1.0161329645585022,1
-0.12657084635623306,-1.1099901739376037,0.8491410419312149,-0.412742654763568,-0.5733475201700994,0.9048055324001227,0.8577891279455886,-0.8828162337175963,0.2529559822230405,1.6084391947673204,0.03455021005991044,-2.531497926350314,-1.0161329645585022,1
-0.8043672005990544,0.9009088760241706,-1.179024470547907,-0.9537263158341424,-0.911310674287764,0.9048055324001227,-1.0741845200121878,0.2744324511807092,-0.8883721889803448,0.003043148748581378,-0.22345527558581418,-1.4401861473397315,-1.0161329645585022,1
1.2290218621294098,0.9009088760241706,1.5251962127575889,-0.15610073871797295,1.1164682504182242,0.9048055324001227,-1.1923199578299337,-1.461440576166749,-1.4489657318949483,-1.2583394588375707,0.8085666669970842,-0.5472946917856183,-1.0161329645585022,1
-0.12657084635623306,0.9009088760241706,-0.502969299721533,-0.7706926682451665,-0.06640278899360229,0.9048055324001227,-1.2800505644667048,-1.461440576166749,0.22274435416177443,-1.0289971665491795,-0.4814607612315388,-1.4401861473397315,-1.0161329645585022,1
-0.634918112038349,-1.1099901739376037,-1.179024470547907,-0.41203199780571603,-0.911310674287764,0.9048055324001227,0.5266615133652844,-0.8828162337175963,1.5352717510456675,1.1497546101905376,-0.4814607612315388,-2.03544711770914,-1.0161329645585022,1
-0.8043672005990544,0.9009088760241706,-1.179024470547907,-0.060841121612131524,-0.7423290972289317,0.9048055324001227,1.0161476236798326,0.2744324511807092,1.5822676169187482,0.8057411717579506,-0.4814607612315388,0.7027533459901402,-1.0161329645585022,1
0.890123685007999,0.9009088760241706,-0.502969299721533,-0.6223706649530473,0.7785050963005594,0.9048055324001227,-0.2507203421941191,-1.461440576166749,1.1693753667481117,0.6910700256137552,1.3245776382885335,-0.7457150152420878,-1.0161329645585022,1
-0.8043672005990544,0.9009088760241706,1.5251962127575889,-0.3162670246409577,-0.911310674287764,-1.177851894974348,0.13535767040596766,-1.461440576166749,-0.6634634023020307,0.3470565871811683,-0.997471732522988,1.0202258635204915,-1.0161329645585022,1
0.21232733076517762,-1.1099901739376037,-0.502969299721533,-0.6633992599863656,-0.23538436605243465,0.9048055324001227,1.3057853123777647,0.2744324511807092,-0.015591822765990965,3.7871909715070364,0.29255569570563505,-0.24966420660091387,-1.0161329645585022,1
-0.46546902347764374,-1.1099901739376037,-1.179024470547907,-0.15594281494956141,-0.7423290972289317,-1.177851894974348,2.4413740852880284,-0.3041918912684436,0.7094872507043943,2.525808363920885,-0.22345527558581418,-0.190138109563973,-1.0161329645585022,1
0.38177641932588297,-1.1099901739376037,-0.502969299721533,0.9468704446219106,-0.06640278899360229,0.9048055324001227,-0.864676230155783,0.2744324511807092,0.5752133482098789,-1.2583394588375707,0.5505611813513597,0.6035431842619053,-1.0161329645585022,1
1.398470950690115,0.9009088760241706,-0.502969299721533,0.13841129699270957,0.7785050963005594,0.9048055324001227,0.0634629133426209,0.853056793629862,1.5252012083585789,-0.34097028968400567,1.582583123934258,0.6432272489531993,-1.0161329645585022,1
0.0428782422044723,0.9009088760241706,0.8491410419312149,-0.7110290685392864,0.10257878806523006,0.9048055324001227,-0.71866969708881,0.2744324511807092,1.6191929401047398,0.003043148748581378,0.29255569570563505,-0.011559818453150373,-1.0161329645585022,1
-0.46546902347764374,-1.1099901739376037,-1.179024470547907,-0.5744250088633035,-0.06640278899360229,0.9048055324001227,-0.5077361807707971,0.853056793629862,1.4748484949231353,0.1177142948927768,-0.4814607612315388,-0.36871640067479566,-1.0161329645585022,1
-0.9738162891597597,-1.1099901739376037,-0.502969299721533,-0.6797127852632778,-0.911310674287764,0.9048055324001227,-0.5674373336626071,-0.8828162337175963,0.7329851836409347,0.23238544103697253,-0.4814607612315388,0.20670253734896618,-1.0161329645585022,1
0.7206745964472937,0.9009088760241706,0.8491410419312149,-0.4069310600860233,0.4405419421828948,0.9048055324001227,0.8577891279455886,1.4316811360790147,-0.05251714595198324,1.6084391947673204,0.5505611813513597,-0.8250831446246757,-1.0161329645585022,1
-0.12657084635623306,0.9009088760241706,-0.502969299721533,-0.4159485072623223,0.10257878806523006,0.9048055324001227,-0.6624524311031534,0.2744324511807092,1.1089521106255795,-0.45564143582820127,0.29255569570563505,-0.09092794783573821,-1.0161329645585022,1
3.431860013418579,0.9009088760241706,-1.179024470547907,-1.0622831142402356,3.4822103292418767,0.9048055324001227,-1.0889118601154724,1.4316811360790147,-0.4083429875624505,0.8057411717579506,3.646627009100055,0.4844909901880236,-1.0161329645585022,1
-0.8043672005990544,0.9009088760241706,-0.502969299721533,-0.6787178655222851,-0.911310674287764,0.9048055324001227,-0.5674373336626071,0.853056793629862,1.4949895802973128,0.23238544103697253,-0.7394662468772634,-0.4282424977117365,-1.0161329645585022,1
-0.8043672005990544,-1.1099901739376037,0.8491410419312149,-0.4159485072623223,-0.911310674287764,0.9048055324001227,-0.7257958293968509,0.2744324511807092,-1.5228163782669324,-0.570312581972397,-0.4814607612315388,-0.7457150152420878,-1.0161329645585022,1
0.38177641932588297,-1.1099901739376037,1.5251962127575889,-0.3040437249659044,-0.06640278899360229,-1.177851894974348,-1.2008713165995828,0.2744324511807092,0.6188523665205963,-1.2583394588375707,0.29255569570563505,0.8614896047553159,-1.0161329645585022,1
0.0428782422044723,-1.1099901739376037,-0.502969299721533,-0.960864470166344,-0.06640278899360229,0.9048055324001227,-0.8841543251310949,-0.3041918912684436,1.2432260131200956,0.8057411717579506,1.066572152642809,-0.26950623894656084,-1.0161329645585022,1
0.0428782422044723,0.9009088760241706,0.8491410419312149,-0.21794368642793235,0.6095235192417271,0.9048055324001227,0.09925193337856004,0.2744324511807092,1.6359771779165546,0.1177142948927768,0.8085666669970842,0.40512286080543575,-1.0161329645585022,1
-0.2960199349169384,0.9009088760241706,0.8491410419312149,-0.8989899377027023,-0.23538436605243465,0.9048055324001227,-0.1826261890283942,-1.461440576166749,-0.22035952407012813,2.640479510065081,-0.22345527558581418,-0.5671367241312653,-1.0161329645585022,1
-0.12657084635623306,0.9009088760241706,1.5251962127575889,-0.617933007060683,-0.23538436605243465,0.9048055324001227,-0.09236184645987515,0.853056793629862,-0.34120603631519225,0.9204123179021463,0.29255569570563505,0.7622794430270811,-1.0161329645585022,1
-0.634918112038349,-1.1099901739376037,0.8491410419312149,0.22948593423564517,-0.5733475201700994,-1.177851894974348,1.5787953590236015,-0.3041918912684436,1.5486991412951188,0.8057411717579506,-0.4814607612315388,-1.0235034680811452,-1.0161329645585022,1
1.0595727735687044,-1.1099901739376037,-0.502969299721533,-0.6750698264719786,0.9474866733593919,0.9048055324001227,-0.9481311574077295,0.2744324511807092,-1.3012644391509811,-0.45564143582820127,0.03455021005991044,0.08765034327508442,-1.0161329645585022,1
0.38177641932588297,-1.1099901739376037,0.8491410419312149,-0.9977080853367565,0.6095235192417271,0.9048055324001227,-0.8922306084135414,0.853056793629862,0.9075412568838058,1.1497546101905376,0.29255569570563505,0.38528082845978884,-1.0161329645585022,1
-0.46546902347764374,-1.1099901739376037,-1.179024470547907,-0.3129980026348388,-0.23538436605243465,0.9048055324001227,-0.5305398041565282,0.2744324511807092,1.2465828606824585,-0.45564143582820127,-0.997471732522988,-2.630708088078549,-1.0161329645585022,1
-0.8043672005990544,0.9009088760241706,0.8491410419312149,-0.3937128406699773,-0.911310674287764,0.9048055324001227,0.7852609368993049,0.853056793629862,-0.20021843869595057,1.379096902478929,-0.4814607612315388,0.8416475724096689,-1.0161329645585022,1
-0.46546902347764374,0.9009088760241706,-0.502969299721533,-0.198124253492284,-0.23538436605243465,0.9048055324001227,1.1439429297373676,-0.8828162337175963,0.001192415045823164,1.2644257563347332,-0.22345527558581418,-0.07108591549009124,-1.0161329645585022,1
-0.9738162891597597,0.9009088760241706,0.8491410419312149,-1.0430006221171864,-0.911310674287764,0.9048055324001227,-0.915350948790741,-0.3041918912684436,-0.7003887254880223,1.4937680486231246,-0.4814607612315388,0.6630692812988462,-1.0161329645585022,1
-0.8043672005990544,0.9009088760241706,-1.179024470547907,-0.4136586126203549,-0.7423290972289317,0.9048055324001227,-0.6618189971202164,0.853056793629862,-0.005521280078902488,-0.45564143582820127,-0.997471732522988,-1.5592383414136133,-1.0161329645585022,1
0.5512255078865883,0.9009088760241706,-0.502969299721533,-0.6025986091479224,-0.06640278899360229,0.9048055324001227,-0.5674373336626071,-1.461440576166749,1.1895164521222892,0.003043148748581378,0.5505611813513597,-0.5076106270943244,-1.0161329645585022,1
-0.46546902347764374,-1.1099901739376037,0.8491410419312149,-0.7918702455891541,-0.911310674287764,0.9048055324001227,0.1751056528352629,-0.3041918912684436,-0.11629724963687813,2.525808363920885,-0.997471732522988,0.12733440796637835,-1.0161329645585022,1
-0.46546902347764374,0.9009088760241706,-0.502969299721533,-0.20598885715917872,-0.7423290972289317,0.9048055324001227,1.6495816066168083,1.4316811360790147,0.1656779456016052,1.8377814870557112,-0.4814607612315388,-0.26950623894656084,-1.0161329645585022,1
-0.2960199349169384,0.9009088760241706,1.5251962127575889,-0.29895857962305283,-0.404365943111267,0.9048055324001227,1.4833051860958522,-0.8828162337175963,0.001192415045823164,1.952452633199907,-0.7394662468772634,0.7424374106814341,-1.0161329645585022,1
-0.2960199349169384,-1.1099901739376037,0.8491410419312149,-0.9919122830360529,-0.23538436605243465,0.9048055324001227,-0.26449753132299836,-0.3041918912684436,0.9679645130063379,3.672519825362842,-0.22345527558581418,-0.7060309505507939,-1.0161329645585022,1
1.0595727735687044,0.9009088760241706,0.8491410419312149,-0.3393081024522015,1.2854498274770565,0.9048055324001227,-0.4090788379283631,0.853056793629862,0.6960598604549431,-0.2262991435398101,0.5505611813513597,0.26622863438590705,-1.0161329645585022,1
1.2290218621294098,0.9009088760241706,-0.502969299721533,-0.4120162054288749,1.7923945586535535,0.9048055324001227,-1.2008713165995828,0.2744324511807092,0.9746782081310635,-1.143668312693375,1.066572152642809,1.6551708985811941,-1.0161329645585022,1
-0.46546902347764374,-1.1099901739376037,1.5251962127575889,-0.2234710183223363,-0.5733475201700994,0.9048055324001227,-0.5386160874389746,-0.3041918912684436,1.8273174889712391,-0.570312581972397,-0.4814607612315388,-0.5076106270943244,-1.0161329645585022,1
0.890123685007999,0.9009088760241706,1.5251962127575889,-0.22089686089722818,0.6095235192417271,0.9048055324001227,1.0161476236798326,-0.3041918912684436,2.552396562441625,1.1497546101905376,1.066572152642809,1.6154868338899002,-1.0161329645585022,1
1.5679200392508204,-1.1099901739376037,-0.502969299721533,-0.3176725461798204,1.6234129815947211,0.9048055324001227,0.9159066958800561,-1.461440576166749,2.2872056050149565,1.379096902478929,1.3245776382885335,0.305912699077201,-1.0161329645585022,1
-0.12657084635623306,0.9009088760241706,-1.179024470547907,-0.4167223337275388,0.10257878806523006,0.9048055324001227,0.06599664927436881,1.4316811360790147,1.2432260131200956,0.5763988794695595,0.03455021005991044,0.6233852166075523,-1.0161329645585022,1
-0.12657084635623306,0.9009088760241706,0.8491410419312149,-1.0216177438742637,0.2715603651240624,0.9048055324001227,-0.6147865238871459,-1.461440576166749,-0.43855461562371656,2.640479510065081,0.5505611813513597,-1.4798702120310254,-1.0161329645585022,1
2.923512747736463,0.9009088760241706,-1.179024470547907,-0.11477208852467272,2.130357712771218,0.9048055324001227,2.565210428952207,-0.8828162337175963,-0.43519776806135313,2.411137217776689,2.872610552162881,-0.30919030363785477,-1.0161329645585022,1
-0.2960199349169384,-1.1099901739376037,0.8491410419312149,-0.15651134051584298,-0.911310674287764,0.9048055324001227,1.1219310988303075,0.2744324511807092,-0.2438574570066685,1.1497546101905376,-0.22345527558581418,-0.8449251769703227,-1.0161329645585022,1
1.5679200392508204,0.9009088760241706,-1.179024470547907,-0.40862084440802676,2.130357712771218,0.9048055324001227,-0.5674373336626071,0.853056793629862,1.0116035313170553,-0.34097028968400567,2.356599580871432,0.008282213892496587,-1.0161329645585022,1
0.890123685007999,-1.1099901739376037,-1.179024470547907,-0.5643336800618061,1.1164682504182242,0.9048055324001227,-0.8841543251310949,0.853056793629862,0.24288543953595199,-0.570312581972397,0.29255569570563505,1.35754041339649,-1.0161329645585022,1
-0.8043672005990544,0.9009088760241706,0.8491410419312149,-0.9588114611769939,-0.911310674287764,0.9048055324001227,-1.120425200766587,1.4316811360790147,0.4778647689013546,-0.11162799739561437,-0.7394662468772634,-0.8250831446246757,-1.0161329645585022,1
0.5512255078865883,-1.1099901739376037,-0.502969299721533,-0.2188912290384016,0.7785050963005594,0.9048055324001227,0.023239855426122936,0.853056793629862,0.7497694214527494,0.1177142948927768,0.8085666669970842,1.278172284013902,-1.0161329645585022,1
0.21232733076517762,0.9009088760241706,1.5251962127575889,0.25099515149329704,-0.404365943111267,0.9048055324001227,0.24731712689007815,-1.461440576166749,1.377499915614611,-0.2262991435398101,0.29255569570563505,0.4249648931510827,-1.0161329645585022,1
-0.2960199349169384,0.9009088760241706,0.8491410419312149,-0.5837583035764256,-0.404365943111267,0.9048055324001227,0.7890615407969267,-1.461440576166749,-0.08272877401324927,2.2964660716324943,-0.7394662468772634,-1.0631875327724392,-1.0161329645585022,1
-0.634918112038349,0.9009088760241706,-1.179024470547907,-0.4419427595428619,-0.404365943111267,0.9048055324001227,0.1499266520135181,-1.461440576166749,-0.8346626279825383,0.6910700256137552,-0.7394662468772634,-0.11076998018138517,-1.0161329645585022,1
0.38177641932588297,0.9009088760241706,-1.179024470547907,-0.7431665554110349,0.2715603651240624,0.9048055324001227,-0.09236184645987515,-0.8828162337175963,-0.6164675364289499,1.4937680486231246,0.8085666669970842,-0.36871640067479566,-1.0161329645585022,1
0.21232733076517762,0.9009088760241706,0.8491410419312149,-0.377383523016224,0.10257878806523006,0.9048055324001227,-0.6827223185571366,-0.8828162337175963,1.7836784706605218,-0.570312581972397,0.5505611813513597,0.7424374106814341,-1.0161329645585022,1
0.0428782422044723,0.9009088760241706,-1.179024470547907,-0.8800075007396351,0.10257878806523006,0.9048055324001227,-0.7573091700479655,0.853056793629862,0.7128440982667578,0.6910700256137552,0.29255569570563505,0.6630692812988462,-1.0161329645585022,1
0.0428782422044723,-1.1099901739376037,-1.179024470547907,0.5893626176918645,-0.06640278899360229,0.9048055324001227,4.024959042630468,1.4316811360790147,1.2365123179953694,1.8377814870557112,0.03455021005991044,-0.46792656240303043,-1.0161329645585022,1
-0.46546902347764374,-1.1099901739376037,-1.179024470547907,0.20379173711508747,-0.5733475201700994,-1.177851894974348,0.8177244285248249,-0.8828162337175963,0.9881055983805148,0.23238544103697253,-0.997471732522988,0.12733440796637835,-1.0161329645585022,1
-0.46546902347764374,0.9009088760241706,-0.502969299721533,1.119623254887295,-0.404365943111267,-1.177851894974348,0.3209538274065016,0.2744324511807092,0.6289229092076853,-0.6849837281165926,-0.7394662468772634,-1.6386064707962011,-1.0161329645585022,1
-0.46546902347764374,0.9009088760241706,-0.502969299721533,-0.31745145290404425,-0.404365943111267,-1.177851894974348,-0.7367225656025138,0.2744324511807092,0.7195577933914834,-0.6849837281165926,-0.7394662468772634,-2.4521297969677263,-1.0161329645585022,1
0.7206745964472937,-1.1099901739376037,0.8491410419312149,-0.5035646139770451,0.10257878806523006,0.9048055324001227,-0.3774071387815143,-1.461440576166749,0.06832936629308146,0.1177142948927768,-0.22345527558581418,-1.7973427295613766,-1.0161329645585022,1
-0.634918112038349,0.9009088760241706,-0.502969299721533,-0.18771707715396344,-0.5733475201700994,0.9048055324001227,1.8915533880987332,0.2744324511807092,3.018998373610068,2.0671237793441026,-0.4814607612315388,-1.5790803737592602,-1.0161329645585022,1
-0.634918112038349,-1.1099901739376037,-1.179024470547907,-0.44064778464188725,-0.404365943111267,0.9048055324001227,0.06599664927436881,-1.461440576166749,1.9750187817152072,0.5763988794695595,-0.7394662468772634,-0.30919030363785477,-1.0161329645585022,1
-0.634918112038349,0.9009088760241706,-0.502969299721533,-0.49983761304253277,-0.7423290972289317,0.9048055324001227,0.8733082605275445,0.2744324511807092,1.552055988857482,1.952452633199907,-0.7394662468772634,-1.2219237915376149,-1.0161329645585022,1
-0.12657084635623306,0.9009088760241706,-0.502969299721533,-0.12975905414692795,0.4405419421828948,0.9048055324001227,-1.042512820865339,0.2744324511807092,-0.87158795116853,-1.143668312693375,0.8085666669970842,0.6233852166075523,-1.0161329645585022,1
0.7206745964472937,0.9009088760241706,-0.502969299721533,-0.6563242751615286,0.7785050963005594,0.9048055324001227,-0.9429053270484995,0.2744324511807092,1.256653403369547,-0.570312581972397,1.3245776382885335,0.9210157017922567,-1.0161329645585022,1
-0.46546902347764374,0.9009088760241706,0.8491410419312149,-0.12817981646281254,-0.06640278899360229,0.9048055324001227,-0.43774172565626124,0.2744324511807092,0.6792756226431284,-0.570312581972397,-0.997471732522988,-0.8647672093159696,-1.0161329645585022,1
-0.46546902347764374,-1.1099901739376037,1.5251962127575889,-0.6349256045417648,-0.5733475201700994,-1.177851894974348,-1.121692068732461,-0.3041918912684436,1.8273174889712391,-0.9143260204049839,-0.7394662468772634,-0.9838194033898514,-1.0161329645585022,1
-0.2960199349169384,0.9009088760241706,0.8491410419312149,-0.14972061847414672,-0.404365943111267,0.9048055324001227,1.6495816066168083,-1.461440576166749,-0.12301094476160378,1.6084391947673204,-0.4814607612315388,0.9805417988291976,-1.0161329645585022,1
0.38177641932588297,-1.1099901739376037,-1.179024470547907,-0.5429981789494069,0.4405419421828948,0.9048055324001227,0.38271364074285674,-0.8828162337175963,-0.32106495094101467,1.379096902478929,0.29255569570563505,-2.8886545085719595,-1.0161329645585022,1
1.5679200392508204,-1.1099901739376037,0.17308587110484092,-0.8131425771941887,1.4544314045358888,0.9048055324001227,0.06599664927436881,-0.8828162337175963,0.739698878765661,2.411137217776689,2.356599580871432,1.1591200899400202,-1.0161329645585022,1
-0.9738162891597597,0.9009088760241706,1.5251962127575889,-0.5691977321288815,-0.911310674287764,0.9048055324001227,-1.1365777673314799,-0.3041918912684436,0.08847045166725842,-1.0289971665491795,-0.7394662468772634,1.317856348705196,-1.0161329645585022,1
-0.46546902347764374,0.9009088760241706,-0.502969299721533,-0.7710716852893542,-0.5733475201700994,0.9048055324001227,-0.01539961753303259,-0.8828162337175963,-0.87158795116853,1.952452633199907,0.03455021005991044,0.008282213892496587,-1.0161329645585022,1
0.0428782422044723,0.9009088760241706,0.8491410419312149,-0.5242368352621158,0.10257878806523006,0.9048055324001227,-0.7257958293968509,-0.8828162337175963,0.8370474580741847,-0.34097028968400567,0.03455021005991044,-1.4005020826484376,-1.0161329645585022,1
-0.8043672005990544,0.9009088760241706,0.8491410419312149,-0.18947003098333154,-0.23538436605243465,0.9048055324001227,1.3724542390818815,-0.8828162337175963,1.9078818304679495,1.4937680486231246,-0.4814607612315388,0.14717644031202531,-1.0161329645585022,1
-0.46546902347764374,0.9009088760241706,-1.179024470547907,-0.5633229679439722,-0.7423290972289317,-1.177851894974348,-0.4090788379283631,-1.461440576166749,1.3103629643673533,0.23238544103697253,-0.4814607612315388,0.305912699077201,-1.0161329645585022,1
-0.46546902347764374,0.9009088760241706,0.8491410419312149,0.4218054994072196,-0.7423290972289317,-1.177851894974348,-0.1735997547715423,-1.461440576166749,1.223084927745918,-0.6849837281165926,-0.22345527558581418,-2.987864670300194,-1.0161329645585022,1
-0.634918112038349,-1.1099901739376037,1.5251962127575889,0.17257020810012585,-0.404365943111267,0.9048055324001227,2.4413740852880284,1.4316811360790147,-0.22707321919485376,1.6084391947673204,-0.4814607612315388,1.2186461869769611,-1.0161329645585022,1
-0.46546902347764374,0.9009088760241706,-1.179024470547907,-0.7755725126890831,-0.404365943111267,0.9048055324001227,-0.6703703558898656,-0.3041918912684436,1.545342293732756,0.3470565871811683,-0.4814607612315388,-0.11076998018138517,-1.0161329645585022,1
0.0428782422044723,-1.1099901739376037,1.5251962127575889,-0.5636072307271129,0.4405419421828948,-1.177851894974348,-0.4352079897245133,-1.461440576166749,-0.9487954451028768,0.1177142948927768,0.8085666669970842,0.12733440796637835,-1.0161329645585022,1
-0.9738162891597597,0.9009088760241706,0.8491410419312149,0.15535651734326789,-0.911310674287764,-1.177851894974348,0.06599664927436881,1.4316811360790147,-0.7037455730503852,-0.34097028968400567,-0.7394662468772634,0.26622863438590705,-1.0161329645585022,1
0.0428782422044723,-1.1099901739376037,1.5251962127575889,-0.6772965516065812,-0.404365943111267,0.9048055324001227,-0.5674373336626071,-0.3041918912684436,2.055583123211916,0.23238544103697253,0.03455021005991044,0.38528082845978884,-1.0161329645585022,1
0.21232733076517762,-1.1099901739376037,0.17308587110484092,0.9744123498328834,0.4405419421828948,-1.177851894974348,0.38271364074285674,0.853056793629862,0.8538316958859994,-0.6849837281165926,0.5505611813513597,-0.40840046536608954,-1.0161329645585022,1
0.21232733076517762,0.9009088760241706,-0.502969299721533,0.4969614207942719,0.2715603651240624,-1.177851894974348,-1.0222429334113556,0.2744324511807092,1.7836784706605218,-1.2583394588375707,0.29255569570563505,0.08765034327508442,-1.0161329645585022,1
0.890123685007999,0.9009088760241706,-0.502969299721533,0.7981694242856038,0.4405419421828948,-1.177851894974348,-0.7333970371920947,-1.461440576166749,0.4946490067131693,-1.143668312693375,1.582583123934258,-0.9242933063529105,-1.0161329645585022,1
0.5512255078865883,0.9009088760241706,-0.502969299721533,-0.33701820781023417,-0.06640278899360229,0.9048055324001227,0.8577891279455886,0.853056793629862,1.182802756997563,1.379096902478929,0.03455021005991044,-1.7576586648700827,-1.0161329645585022,1
-0.2960199349169384,-1.1099901739376037,-0.502969299721533,-0.409157785220626,-0.23538436605243465,0.9048055324001227,-0.7891392276905486,0.853056793629862,1.0015329886299666,-0.570312581972397,-0.4814607612315388,-0.051243883144444294,-1.0161329645585022,1
-0.8043672005990544,0.9009088760241706,-0.502969299721533,-0.9428137834369048,-0.7423290972289317,-1.177851894974348,-0.6353731283325977,-1.461440576166749,0.04483143335654109,1.6084391947673204,-0.7394662468772634,0.08765034327508442,-1.0161329645585022,1
1.2290218621294098,-1.1099901739376037,-0.502969299721533,-0.16772392807306236,1.7923945586535535,0.9048055324001227,-0.5392495214219116,-0.8828162337175963,0.011262957732911642,-0.570312581972397,1.582583123934258,1.8932752867289577,-1.0161329645585022,1
-0.8043672005990544,0.9009088760241706,-0.502969299721533,-1.0234970367183611,-0.911310674287764,0.9048055324001227,-0.5674373336626071,-1.461440576166749,-0.717172963299837,2.984492948497668,-0.4814607612315388,1.0797519605574324,-1.0161329645585022,1
-0.46546902347764374,0.9009088760241706,0.8491410419312149,-0.08836723444626308,-0.5733475201700994,0.9048055324001227,2.4413740852880284,0.2744324511807092,1.8843838975314091,2.2964660716324943,-0.7394662468772634,-0.190138109563973,-1.0161329645585022,1
0.21232733076517762,0.9009088760241706,-1.179024470547907,-0.18501658071412608,-0.23538436605243465,-1.177851894974348,-0.2682981352206202,0.2744324511807092,0.4711510737766289,-0.2262991435398101,0.03455021005991044,0.5638591195706114,-1.0161329645585022,1
1.7373691278115257,0.9009088760241706,-1.179024470547907,-0.7001323285188901,1.7923945586535535,0.9048055324001227,-0.007006617259117659,0.853056793629862,1.2197280801835553,1.4937680486231246,1.8405886095799828,-0.09092794783573821,-1.0161329645585022,1
-0.634918112038349,-1.1099901739376037,-1.179024470547907,0.1972063159723262,-0.911310674287764,-1.177851894974348,0.8577891279455886,-0.8828162337175963,0.5450017201486129,0.23238544103697253,-0.7394662468772634,-2.3727616675851384,-1.0161329645585022,1
-0.634918112038349,-1.1099901739376037,0.8491410419312149,-0.5068652207368464,-0.7423290972289317,0.9048055324001227,0.5410721364771007,-1.461440576166749,-0.07601507888852362,1.4937680486231246,-0.4814607612315388,0.08765034327508442,-1.0161329645585022,1
-0.46546902347764374,-1.1099901739376037,-1.179024470547907,-0.6932310598393057,-0.404365943111267,0.9048055324001227,-0.8841543251310949,0.2744324511807092,0.2294580492865001,-0.34097028968400567,-0.7394662468772634,-1.3409759856114967,-1.0161329645585022,1
0.7206745964472937,0.9009088760241706,1.5251962127575889,-0.599992866969132,1.2854498274770565,0.9048055324001227,-0.3298995900612411,-0.3041918912684436,-1.3583308477111502,0.4617277333253637,0.29255569570563505,1.1392780575943733,-1.0161329645585022,1
0.0428782422044723,0.9009088760241706,0.8491410419312149,1.1174439068832158,-0.23538436605243465,-1.177851894974348,-0.7257958293968509,-1.461440576166749,0.3301634761573873,-1.2583394588375707,0.8085666669970842,-3.087074832028429,-1.0161329645585022,1
-0.12657084635623306,0.9009088760241706,0.8491410419312149,-0.41580637587075187,-0.23538436605243465,0.9048055324001227,0.6440051587043593,-1.461440576166749,-0.11965409719924096,1.2644257563347332,0.29255569570563505,-1.678290535487495,-1.0161329645585022,1
0.0428782422044723,0.9009088760241706,-1.179024470547907,0.31010601800973675,-0.06640278899360229,0.9048055324001227,1.1349164954805155,1.4316811360790147,3.018998373610068,0.3470565871811683,0.29255569570563505,0.5241750548793175,-1.0161329645585022,1
-0.2960199349169384,-1.1099901739376037,-1.179024470547907,-0.8774017585608447,-0.7423290972289317,0.9048055324001227,-0.13147639490623342,-0.3041918912684436,-0.1935047435712249,2.525808363920885,-0.4814607612315388,-0.44808453005738347,-1.0161329645585022,1
0.5512255078865883,-1.1099901739376037,0.8491410419312149,-0.11516689794570158,0.2715603651240624,-1.177851894974348,-0.5674373336626071,-0.8828162337175963,0.5651428055227898,-0.6849837281165926,0.5505611813513597,-0.011559818453150373,-1.0161329645585022,1
-0.46546902347764374,-1.1099901739376037,-0.502969299721533,-0.9865270825332193,-0.06640278899360229,0.9048055324001227,-0.2507203421941191,-0.3041918912684436,0.03140404310708919,3.672519825362842,-0.22345527558581418,0.8614896047553159,-1.0161329645585022,1
-0.634918112038349,0.9009088760241706,0.8491410419312149,-0.5442773614735403,-0.911310674287764,0.9048055324001227,-0.2507203421941191,0.853056793629862,-0.707102420612748,0.4617277333253637,-0.4814607612315388,0.5440170872249644,-1.0161329645585022,1
-0.9738162891597597,0.9009088760241706,-0.502969299721533,-0.12672691779342637,-0.911310674287764,-1.177851894974348,-0.7257958293968509,-0.8828162337175963,-0.5996832986171352,-0.7996548742607882,-0.997471732522988,1.0599099282117854,-1.0161329645585022,1
-0.12657084635623306,0.9009088760241706,-0.502969299721533,-0.6799970480464186,-0.06640278899360229,0.9048055324001227,0.7786098800784667,1.4316811360790147,0.48457846402608024,2.869821802353472,0.29255569570563505,1.1988041546313142,-1.0161329645585022,1
-0.12657084635623306,-1.1099901739376037,0.8491410419312149,1.2394400179811311,0.2715603651240624,-1.177851894974348,0.4848548704914441,-0.3041918912684436,1.390927305864063,-0.6849837281165926,0.29255569570563505,-1.5989224061049072,-1.0161329645585022,1
0.21232733076517762,-1.1099901739376037,1.5251962127575889,0.11957099142121275,-0.404365943111267,0.9048055324001227,2.2830155895537843,-0.3041918912684436,-0.12301094476160378,1.4937680486231246,0.5505611813513597,-0.24966420660091387,-1.0161329645585022,1
1.7373691278115257,-1.1099901739376037,0.8491410419312149,-0.25764572180659373,1.6234129815947211,-1.177851894974348,-0.4749559721538086,-1.461440576166749,1.2499397082448211,-0.45564143582820127,1.582583123934258,1.1194360252487263,-1.0161329645585022,1
-0.8043672005990544,0.9009088760241706,-0.502969299721533,-0.22290249275605473,-0.911310674287764,0.9048055324001227,0.06219604537674695,-0.8828162337175963,0.1791053358510565,0.1177142948927768,-0.4814607612315388,-0.17029607721832604,-1.0161329645585022,1
-0.2960199349169384,-1.1099901739376037,-1.179024470547907,-0.2336413090080395,-0.06640278899360229,0.9048055324001227,-0.8524826259842462,1.4316811360790147,0.20931696391232313,-0.9143260204049839,0.03455021005991044,0.46464895784237664,-1.0161329645585022,1
-1.143265377720465,-1.1099901739376037,-0.502969299721533,-0.9039171592771423,-0.911310674287764,0.9048055324001227,-1.042512820865339,-1.461440576166749,-1.0427871768490378,-0.11162799739561437,-0.997471732522988,0.6630692812988462,-1.0161329645585022,1
-0.2960199349169384,-1.1099901739376037,-1.179024470547907,-0.1292221133343287,-0.911310674287764,-1.177851894974348,-0.7257958293968509,-1.461440576166749,-1.365044542835876,-0.7996548742607882,-0.4814607612315388,0.028124246238143545,-1.0161329645585022,1
0.0428782422044723,-1.1099901739376037,-1.179024470547907,-1.0186487770281267,-0.5733475201700994,-1.177851894974348,-1.0038733479061834,-1.461440576166749,-0.1901478960088621,0.8057411717579506,0.8085666669970842,-0.11076998018138517,-1.0161329645585022,1
-0.634918112038349,-1.1099901739376037,-0.502969299721533,-0.7723508678134876,-0.5733475201700994,0.9048055324001227,0.06599664927436881,1.4316811360790147,0.22274435416177443,2.0671237793441026,-0.4814607612315388,0.7027533459901402,-1.0161329645585022,1
-0.9738162891597597,0.9009088760241706,0.8491410419312149,-0.8642625010290045,-0.911310674287764,0.9048055324001227,-0.7257958293968509,0.2744324511807092,0.11532523216616163,0.6910700256137552,-0.7394662468772634,-1.12271362980938,-1.0161329645585022,1
-0.2960199349169384,-1.1099901739376037,-0.502969299721533,-0.2256345739495744,-0.404365943111267,0.9048055324001227,2.4413740852880284,-1.461440576166749,1.8508154219077795,2.7551506562092767,-0.4814607612315388,-1.5393963090679663,-1.0161329645585022,1
-0.2960199349169384,0.9009088760241706,-1.179024470547907,-0.6405161059435334,0.2715603651240624,0.9048055324001227,-0.15966420714692883,0.2744324511807092,1.646047720603643,0.9204123179021463,-0.7394662468772634,-0.4282424977117365,-1.0161329645585022,1
-0.46546902347764374,-1.1099901739376037,0.8491410419312149,-0.4722167459473543,-0.7423290972289317,0.9048055324001227,-0.1721745283099341,-1.461440576166749,0.007906110170548816,0.3470565871811683,-0.4814607612315388,-1.2814498885745558,-1.0161329645585022,1
0.21232733076517762,0.9009088760241706,-1.179024470547907,-0.7133189631812537,0.4405419421828948,0.9048055324001227,-0.008748560712194342,-1.461440576166749,-0.2707122375055717,1.4937680486231246,-0.22345527558581418,1.0797519605574324,-1.0161329645585022,1
-0.8043672005990544,-1.1099901739376037,-0.502969299721533,-0.5161037611889214,-0.5733475201700994,0.9048055324001227,0.5410721364771007,-0.8828162337175963,0.18581903097578276,1.6084391947673204,-0.4814607612315388,-1.0631875327724392,-1.0161329645585022,1
0.21232733076517762,-1.1099901739376037,-0.502969299721533,-0.10824983688927609,0.6095235192417271,0.9048055324001227,2.4413740852880284,-1.461440576166749,0.8269769153870962,2.2964660716324943,1.3245776382885335,0.22654456969461315,-1.0161329645585022,1
1.5679200392508204,-1.1099901739376037,-1.179024470547907,0.7968428646309468,2.130357712771218,-1.177851894974348,0.8628565998090845,-0.3041918912684436,0.5416448725862495,-0.2262991435398101,1.8405886095799828,-0.07108591549009124,-1.0161329645585022,1
0.38177641932588297,0.9009088760241706,-0.502969299721533,-0.6091366531601602,0.2715603651240624,0.9048055324001227,0.6557236873886934,0.2744324511807092,1.5050601229844014,2.1817949254882985,1.066572152642809,1.1591200899400202,-1.0161329645585022,1
1.398470950690115,-1.1099901739376037,-1.179024470547907,-0.409157785220626,1.6234129815947211,0.9048055324001227,-1.2273171853872016,0.2744324511807092,-0.1397951825734185,-1.2583394588375707,1.8405886095799828,0.821805540064022,-1.0161329645585022,1
1.2290218621294098,0.9009088760241706,-0.502969299721533,-1.0528234805123842,0.7785050963005594,0.9048055324001227,-0.9845536114266056,-0.8828162337175963,-0.5828990608053211,1.2644257563347332,1.582583123934258,0.38528082845978884,-1.0161329645585022,1
-0.12657084635623306,0.9009088760241706,-0.502969299721533,-0.676964911692917,-0.7423290972289317,0.9048055324001227,0.5227025509719284,-1.461440576166749,1.0351014642535956,2.411137217776689,0.29255569570563505,0.14717644031202531,-1.0161329645585022,1
2.754063659175758,0.9009088760241706,-0.502969299721533,-0.9633754580840874,2.2993392898300504,0.9048055324001227,-1.1454458430925976,-0.8828162337175963,-0.06258768863907171,-0.2262991435398101,1.8405886095799828,1.5758027691986063,-1.0161329645585022,1
0.0428782422044723,-1.1099901739376037,0.8491410419312149,-1.0646045936358852,-0.5733475201700994,0.9048055324001227,-1.270390696226916,1.4316811360790147,0.2697402200348552,-0.2262991435398101,0.29255569570563505,0.0479662785837905,-1.0161329645585022,1
0.5512255078865883,-1.1099901739376037,-0.502969299721533,-0.25458200069940984,0.6095235192417271,0.9048055324001227,-0.19244441576391733,0.2744324511807092,-1.0830693475973925,-0.11162799739561437,0.29255569570563505,0.4249648931510827,-1.0161329645585022,1
-0.2960199349169384,-1.1099901739376037,-1.179024470547907,-0.1295379608711518,-0.06640278899360229,0.9048055324001227,1.6495816066168083,-0.8828162337175963,0.7665536592645635,1.6084391947673204,-0.4814607612315388,1.0797519605574324,-1.0161329645585022,1
-0.8043672005990544,0.9009088760241706,1.5251962127575889,0.03086521070445025,-0.7423290972289317,0.9048055324001227,1.6495816066168083,0.2744324511807092,1.9918030195270218,1.1497546101905376,-0.7394662468772634,1.0599099282117854,-1.0161329645585022,1
-0.12657084635623306,-1.1099901739376037,-1.179024470547907,-0.32376840364050585,0.2715603651240624,0.9048055324001227,1.2536853672811985,0.2744324511807092,0.5349311774615239,1.7231103409115156,0.8085666669970842,-0.8846092416616166,-1.0161329645585022,1
0.0428782422044723,-1.1099901739376037,-0.502969299721533,-0.9434770632642333,-0.06640278899360229,0.9048055324001227,-1.0284189147449911,-0.8828162337175963,-0.8313057804201756,0.1177142948927768,0.29255569570563505,-0.03140185079879733,-1.0161329645585022,1
1.7373691278115257,0.9009088760241706,-0.502969299721533,-0.4883881398326961,0.9474866733593919,0.9048055324001227,1.3737211070477555,-0.8828162337175963,0.4711510737766289,2.640479510065081,2.872610552162881,1.5956448015442533,-1.0161329645585022,1
-0.634918112038349,0.9009088760241706,-0.502969299721533,-0.03585758144942576,-0.5733475201700994,0.9048055324001227,0.04604347881185407,-1.461440576166749,0.10189784191671032,-0.11162799739561437,-0.4814607612315388,-1.6187644384505542,-1.0161329645585022,1
-0.46546902347764374,0.9009088760241706,0.8491410419312149,1.0248532014635294,-0.7423290972289317,-1.177851894974348,-0.2583215499893628,-0.8828162337175963,0.07504306141780712,-1.0289971665491795,-0.4814607612315388,-0.30919030363785477,-1.0161329645585022,1
-0.8043672005990544,-1.1099901739376037,-0.502969299721533,-0.5671763078932138,-0.911310674287764,0.9048055324001227,0.8577891279455886,0.853056793629862,0.7229146409538463,2.2964660716324943,-0.7394662468772634,0.5638591195706114,-1.0161329645585022,1
-0.8043672005990544,-1.1099901739376037,-1.179024470547907,-0.8823447725121258,-0.404365943111267,0.9048055324001227,-0.2507203421941191,0.853056793629862,1.4580642571113207,2.1817949254882985,-0.4814607612315388,0.801963507718375,-1.0161329645585022,1
-0.2960199349169384,0.9009088760241706,-0.502969299721533,-0.8880142357981001,-0.5733475201700994,0.9048055324001227,-0.9682426863659785,-1.461440576166749,-0.6903181828009338,0.1177142948927768,-0.7394662468772634,1.0202258635204915,-1.0161329645585022,1
1.0595727735687044,-1.1099901739376037,-0.502969299721533,-0.6583456993971963,1.1164682504182242,0.9048055324001227,-0.2507203421941191,0.2744324511807092,1.055242549627773,0.8057411717579506,1.3245776382885335,0.9011736694466097,-1.0161329645585022,1
-0.8043672005990544,-1.1099901739376037,1.5251962127575889,-0.3175146224114089,-0.7423290972289317,0.9048055324001227,0.0026532509806712224,-1.461440576166749,-0.0860856215756121,0.23238544103697253,-0.7394662468772634,-0.07108591549009124,-1.0161329645585022,1
-0.46546902347764374,0.9009088760241706,-1.179024470547907,-0.6016194817837709,-0.5733475201700994,-1.177851894974348,-0.9231105150817189,0.2744324511807092,0.6792756226431284,-0.570312581972397,0.03455021005991044,-1.3608180179571436,-1.0161329645585022,1
-0.634918112038349,0.9009088760241706,0.8491410419312149,0.0610128580942134,-0.7423290972289317,-1.177851894974348,0.8577891279455886,-0.3041918912684436,1.256653403369547,0.4617277333253637,-0.7394662468772634,0.5837011519162584,-1.0161329645585022,1
0.0428782422044723,0.9009088760241706,1.5251962127575889,-0.7735668808302565,-0.23538436605243465,0.9048055324001227,0.21390348429015266,-0.8828162337175963,-0.17336365819704735,2.411137217776689,0.8085666669970842,2.389326095370132,-1.0161329645585022,1
-0.634918112038349,0.9009088760241706,-0.502969299721533,-0.5962342812809373,-0.23538436605243465,0.9048055324001227,-1.042512820865339,0.853056793629862,-0.059230841076708896,-0.7996548742607882,-0.22345527558581418,1.278172284013902,-1.0161329645585022,1
-0.8043672005990544,-1.1099901739376037,-1.179024470547907,-0.5058545086190125,-0.911310674287764,0.9048055324001227,0.8577891279455886,0.2744324511807092,1.0686699398772244,1.952452633199907,-0.4814607612315388,0.6432272489531993,-1.0161329645585022,1
-0.8043672005990544,0.9009088760241706,0.8491410419312149,-0.77443546155652,-0.911310674287764,0.9048055324001227,0.13646617987610737,-1.461440576166749,0.24624228709831483,2.2964660716324943,-0.7394662468772634,-0.15045404487267908,-1.0161329645585022,1
-0.8043672005990544,0.9009088760241706,1.5251962127575889,-0.23728934805834612,-0.911310674287764,0.9048055324001227,1.2300899514167962,1.4316811360790147,-1.12670836590811,1.4937680486231246,-0.4814607612315388,-0.44808453005738347,-1.0161329645585022,1
-0.9738162891597597,0.9009088760241706,-1.179024470547907,-0.6541291347806082,-0.911310674287764,0.9048055324001227,0.07644830999282891,0.2744324511807092,0.5886407384593302,1.379096902478929,-0.4814607612315388,-0.9044512740072636,-1.0161329645585022,1
-0.8043672005990544,0.9009088760241706,1.5251962127575889,-0.7917439065744248,-0.911310674287764,0.9048055324001227,-1.089228577106941,0.2744324511807092,-0.0860856215756121,-0.570312581972397,-0.7394662468772634,1.2186461869769611,-1.0161329645585022,1
-0.12657084635623306,-1.1099901739376037,0.8491410419312149,-0.3730090346312243,-0.404365943111267,-1.177851894974348,-0.06670777015092763,0.2744324511807092,1.6729025011025462,0.23238544103697253,0.29255569570563505,-0.44808453005738347,-1.0161329645585022,1
-0.46546902347764374,0.9009088760241706,-1.179024470547907,-0.6034513974973447,-0.404365943111267,0.9048055324001227,0.0026532509806712224,0.853056793629862,1.615836092542377,1.035083464046342,-0.22345527558581418,0.38528082845978884,-1.0161329645585022,1
-0.8043672005990544,0.9009088760241706,0.8491410419312149,-0.3567586788616768,-0.404365943111267,0.9048055324001227,2.2830155895537843,1.4316811360790147,0.12203892729088728,3.213835240786059,-0.22345527558581418,0.7424374106814341,-1.0161329645585022,1
0.21232733076517762,0.9009088760241706,-1.179024470547907,-0.6721956138868884,-0.06640278899360229,0.9048055324001227,-0.2507203421941191,-1.461440576166749,0.5147900920873463,0.8057411717579506,0.03455021005991044,-0.32903233598350173,-1.0161329645585022,1
-0.12657084635623306,-1.1099901739376037,1.5251962127575889,0.1001147831529109,-0.06640278899360229,0.9048055324001227,-1.01084112171849,-1.461440576166749,0.9377528849450718,-1.143668312693375,-0.22345527558581418,0.305912699077201,-1.0161329645585022,1
-0.634918112038349,0.9009088760241706,-0.502969299721533,-0.0530396874526014,-0.5733475201700994,0.9048055324001227,1.1295323066255512,0.2744324511807092,1.5822676169187482,0.9204123179021463,-0.4814607612315388,-0.15045404487267908,-1.0161329645585022,1
-0.8043672005990544,-1.1099901739376037,-0.502969299721533,-0.39545000212250425,-0.7423290972289317,0.9048055324001227,1.6495816066168083,0.2744324511807092,0.7598399641398379,2.525808363920885,-0.7394662468772634,-0.22982217425526694,-1.0161329645585022,1
-0.2960199349169384,-1.1099901739376037,0.8491410419312149,-0.6971159845422296,-0.7423290972289317,0.9048055324001227,-0.5633200127735167,0.853056793629862,1.1089521106255795,0.3470565871811683,-0.4814607612315388,-0.5472946917856183,-1.0161329645585022,1
-0.46546902347764374,-1.1099901739376037,0.8491410419312149,0.07855818876473558,-0.404365943111267,0.9048055324001227,2.4413740852880284,-0.8828162337175963,0.9075412568838058,1.7231103409115156,-0.4814607612315388,-0.2893482712922078,-1.0161329645585022,1
-0.9738162891597597,-1.1099901739376037,0.8491410419312149,-0.34120318767314,-0.7423290972289317,0.9048055324001227,0.8638067507834899,0.853056793629862,0.15896425047687956,1.379096902478929,-0.7394662468772634,-1.162397694500674,-1.0161329645585022,1
2.2457163934936415,0.9009088760241706,-1.179024470547907,3.194252008132866,1.7923945586535535,-1.177851894974348,2.4413740852880284,0.2744324511807092,1.575553921794022,-0.570312581972397,2.6146050665171567,-0.9044512740072636,-1.0161329645585022,1
0.5512255078865883,0.9009088760241706,-0.502969299721533,1.5760229455966481,0.7785050963005594,-1.177851894974348,2.969974744048935,-1.461440576166749,1.9179523731550372,0.23238544103697253,0.5505611813513597,1.0202258635204915,-1.0161329645585022,1
-0.12657084635623306,-1.1099901739376037,-1.179024470547907,-0.45176561793805975,0.2715603651240624,0.9048055324001227,0.6994306322113446,1.4316811360790147,-0.3512765790022807,1.4937680486231246,-0.22345527558581418,0.18686050500331922,-1.0161329645585022,1
-0.8043672005990544,0.9009088760241706,-1.179024470547907,-0.9323276452143785,-0.404365943111267,0.9048055324001227,-0.83807200287243,-1.461440576166749,-0.10958355451215247,0.8057411717579506,-0.4814607612315388,-0.11076998018138517,-1.0161329645585022,1
-0.2960199349169384,0.9009088760241706,0.8491410419312149,-0.27923390094845135,-0.06640278899360229,0.9048055324001227,1.688379438071698,-0.8828162337175963,1.5789107693563853,2.1817949254882985,-0.22345527558581418,0.4249648931510827,-1.0161329645585022,1
0.0428782422044723,-1.1099901739376037,-1.179024470547907,-0.6754646358930073,-0.23538436605243465,0.9048055324001227,-0.4090788379283631,-0.8828162337175963,1.4345663241747801,0.5763988794695595,0.29255569570563505,-0.6465048535138531,-1.0161329645585022,1
-0.2960199349169384,0.9009088760241706,0.8491410419312149,0.13770064003485763,0.2715603651240624,-1.177851894974348,2.765058850568823,-0.8828162337175963,1.3338608973038937,1.952452633199907,-0.997471732522988,-0.2893482712922078,-1.0161329645585022,1
-0.12657084635623306,0.9009088760241706,0.8491410419312149,-0.2153853213796654,-0.5733475201700994,0.9048055324001227,0.2205545411109909,0.2744324511807092,1.3338608973038937,0.3470565871811683,1.066572152642809,-1.9362369559809054,-1.0161329645585022,1
0.7206745964472937,0.9009088760241706,0.17308587110484092,-0.5632124213060841,0.2715603651240624,0.9048055324001227,0.4143853398897055,0.2744324511807092,-0.25392799969375696,1.6084391947673204,0.03455021005991044,1.4170665104334308,-1.0161329645585022,1
-0.12657084635623306,0.9009088760241706,1.5251962127575889,-0.3388659159006492,-0.404365943111267,0.9048055324001227,2.4377318398861405,1.4316811360790147,-0.13643833501105568,3.328506386930255,0.29255569570563505,0.8614896047553159,-1.0161329645585022,1
1.398470950690115,0.9009088760241706,-0.502969299721533,0.11805492324446196,0.9474866733593919,0.9048055324001227,2.4413740852880284,0.2744324511807092,2.203284415955884,1.7231103409115156,1.066572152642809,0.9011736694466097,-1.0161329645585022,1
-0.8043672005990544,0.9009088760241706,-0.502969299721533,-0.8760278217756642,-0.5733475201700994,0.9048055324001227,-0.28682607922152675,0.2744324511807092,1.1693753667481117,2.0671237793441026,-0.4814607612315388,0.4448069254967297,-1.0161329645585022,1
0.38177641932588297,-1.1099901739376037,1.5251962127575889,0.19246860291998,0.10257878806523006,-1.177851894974348,-0.8165352474525728,-1.461440576166749,1.756823690161618,-1.0289971665491795,1.3245776382885335,-0.30919030363785477,-1.0161329645585022,1
0.38177641932588297,-1.1099901739376037,-1.179024470547907,-0.32618463729720243,0.2715603651240624,0.9048055324001227,0.8577891279455886,0.2744324511807092,-0.008878127641265313,1.2644257563347332,0.8085666669970842,-1.12271362980938,-1.0161329645585022,1
-0.8043672005990544,-1.1099901739376037,0.8491410419312149,-0.2235026030760186,-0.911310674287764,0.9048055324001227,-0.5674373336626071,-1.461440576166749,1.6997572816014495,-0.570312581972397,-0.7394662468772634,-0.38855843302044263,-1.0161329645585022,1
1.398470950690115,0.9009088760241706,-0.502969299721533,-0.1334228855740757,1.6234129815947211,0.9048055324001227,0.06599664927436881,-0.8828162337175963,0.2663833724724924,0.003043148748581378,2.098594095225707,1.6154868338899002,-1.0161329645585022,1
0.0428782422044723,0.9009088760241706,1.5251962127575889,-0.6302668533736243,0.4405419421828948,0.9048055324001227,-0.4090788379283631,0.853056793629862,1.2063006899341033,0.4617277333253637,0.29255569570563505,-0.17029607721832604,-1.0161329645585022,1
1.7373691278115257,-1.1099901739376037,0.8491410419312149,2.148938792640036,0.9474866733593919,0.9048055324001227,1.9016883318257247,1.4316811360790147,0.10525468947907315,-0.45564143582820127,2.6146050665171567,-1.658448503141848,-1.0161329645585022,1
-0.8043672005990544,-1.1099901739376037,0.8491410419312149,-0.9038066126392542,-0.7423290972289317,0.9048055324001227,-1.0828942372775712,0.2744324511807092,1.6661888059778205,-0.2262991435398101,-0.997471732522988,-0.7258729828964409,-1.0161329645585022,1
-0.634918112038349,0.9009088760241706,-1.179024470547907,-0.369282033696712,-0.5733475201700994,0.9048055324001227,3.1107554467566776,-0.8828162337175963,0.9209686471332571,4.3605467022280155,-0.997471732522988,0.18686050500331922,-1.0161329645585022,1
-0.12657084635623306,0.9009088760241706,0.8491410419312149,-0.4382315509851907,-0.23538436605243465,0.9048055324001227,-0.9215269301243765,-1.461440576166749,0.23617174441122635,-0.7996548742607882,-0.22345527558581418,0.22654456969461315,-1.0161329645585022,1
-0.46546902347764374,-1.1099901739376037,0.8491410419312149,-0.6386999826068006,-0.5733475201700994,0.9048055324001227,0.3949072449143935,0.2744324511807092,-0.8648742560438044,1.952452633199907,-0.997471732522988,-0.11076998018138517,-1.0161329645585022,1
-0.634918112038349,0.9009088760241706,-0.502969299721533,-0.62008077031108,-0.404365943111267,0.9048055324001227,-0.5674373336626071,-1.461440576166749,1.058599397190136,0.1177142948927768,-0.4814607612315388,0.9805417988291976,-1.0161329645585022,1
-0.9738162891597597,0.9009088760241706,-0.502969299721533,-0.702690693567157,-0.911310674287764,0.9048055324001227,-0.8841543251310949,0.2744324511807092,1.327147202179168,-0.34097028968400567,-0.4814607612315388,0.821805540064022,-1.0161329645585022,1
-0.8043672005990544,0.9009088760241706,0.8491410419312149,-0.44450112459112884,-0.911310674287764,0.9048055324001227,1.0161476236798326,1.4316811360790147,0.48793531158844367,1.952452633199907,-0.7394662468772634,0.4249648931510827,-1.0161329645585022,1
-0.8043672005990544,-1.1099901739376037,1.5251962127575889,-0.4421796451954792,-0.404365943111267,0.9048055324001227,-0.5674373336626071,-0.3041918912684436,0.4946490067131693,-0.2262991435398101,-0.4814607612315388,1.1392780575943733,-1.0161329645585022,1
-0.634918112038349,0.9009088760241706,-1.179024470547907,-0.17468836626001133,-0.911310674287764,-1.177851894974348,-0.5910327495270093,0.2744324511807092,0.13210946997797635,-0.6849837281165926,-0.4814607612315388,-2.075131182400434,-1.0161329645585022,1
-0.8043672005990544,-1.1099901739376037,-1.179024470547907,-0.680755082134794,-0.911310674287764,0.9048055324001227,-0.09236184645987515,-0.8828162337175963,0.9310391898203456,1.1497546101905376,-0.4814607612315388,0.6035431842619053,-1.0161329645585022,1
0.0428782422044723,-1.1099901739376037,-0.502969299721533,0.34628635335282076,0.10257878806523006,-1.177851894974348,-1.0578735949515605,-0.8828162337175963,1.5822676169187482,-1.2583394588375707,0.29255569570563505,0.8813316371009629,-1.0161329645585022,1
1.398470950690115,-1.1099901739376037,0.8491410419312149,-0.7119450263960733,1.4544314045358888,0.9048055324001227,-0.5446337102768759,0.2744324511807092,-0.059230841076708896,0.4617277333253637,1.066572152642809,0.4249648931510827,-1.0161329645585022,1
0.21232733076517762,-1.1099901739376037,-0.502969299721533,-0.11175574454801229,0.4405419421828948,-1.177851894974348,-0.5677540506540755,-0.8828162337175963,1.4278526290500546,-0.6849837281165926,1.066572152642809,-0.7853990799333818,-1.0161329645585022,1
-0.634918112038349,0.9009088760241706,1.5251962127575889,-0.21952292411204777,-0.7423290972289317,0.9048055324001227,1.6495816066168083,0.853056793629862,1.696400434039086,1.8377814870557112,-0.7394662468772634,0.40512286080543575,-1.0161329645585022,1
-0.8043672005990544,-1.1099901739376037,-1.179024470547907,0.9112744272219493,-0.911310674287764,-1.177851894974348,-0.7257958293968509,-0.3041918912684436,1.3875704583017001,-1.143668312693375,-0.7394662468772634,-0.03140185079879733,-1.0161329645585022,1
-0.8043672005990544,-1.1099901739376037,-1.179024470547907,-0.6977318872390346,-0.911310674287764,0.9048055324001227,0.6150255539849926,-0.3041918912684436,0.9108981044461687,2.7551506562092767,-0.4814607612315388,0.9210157017922567,-1.0161329645585022,1
-0.12657084635623306,0.9009088760241706,-0.502969299721533,-0.5073863691726044,0.10257878806523006,0.9048055324001227,-0.4090788379283631,0.853056793629862,0.984748750818152,0.1177142948927768,0.29255569570563505,-1.3012919209202027,-1.0161329645585022,1
0.0428782422044723,-1.1099901739376037,-1.179024470547907,-0.26740541069442697,0.10257878806523006,0.9048055324001227,-1.0326945941298158,-0.3041918912684436,1.327147202179168,-1.0289971665491795,0.29255569570563505,-0.7457150152420878,-1.0161329645585022,1
-0.8043672005990544,-1.1099901739376037,0.8491410419312149,-0.39462879852676425,-0.5733475201700994,0.9048055324001227,0.03495838411045699,0.853056793629862,0.7128440982667578,0.4617277333253637,-0.7394662468772634,-0.4877685947486774,-1.0161329645585022,1
-0.46546902347764374,-1.1099901739376037,-1.179024470547907,0.25060034207226817,-0.7423290972289317,0.9048055324001227,0.2496925043260918,0.2744324511807092,1.4882758851725866,-0.2262991435398101,-0.7394662468772634,0.801963507718375,-1.0161329645585022,1
0.0428782422044723,-1.1099901739376037,0.8491410419312149,-1.0266870968402741,0.10257878806523006,0.21058638994196582,-1.188677712428046,-0.8828162337175963,-1.0864261951597556,0.003043148748581378,0.03455021005991044,1.298014316359549,-1.0161329645585022,1
0.21232733076517762,0.9009088760241706,-0.502969299721533,0.17005922018238234,0.10257878806523006,0.9048055324001227,0.6994306322113446,0.2744324511807092,0.6457071470194995,0.1177142948927768,0.29255569570563505,0.7424374106814341,-1.0161329645585022,1
-0.634918112038349,0.9009088760241706,1.5251962127575889,-0.5381499192591725,-0.23538436605243465,0.9048055324001227,-1.0566067269856867,-1.461440576166749,0.7497694214527494,-0.9143260204049839,-0.4814607612315388,1.5956448015442533,-1.0161329645585022,1
0.21232733076517762,0.9009088760241706,-0.502969299721533,-0.9803206784346458,0.4405419421828948,0.9048055324001227,-0.7408398864916041,1.4316811360790147,-0.780953066984732,1.6084391947673204,-0.22345527558581418,1.1988041546313142,-1.0161329645585022,1
-0.8043672005990544,-1.1099901739376037,1.5251962127575889,-0.1084867225418934,-0.911310674287764,0.9048055324001227,2.495374332333405,0.853056793629862,0.15896425047687956,2.411137217776689,-0.7394662468772634,-1.4005020826484376,-1.0161329645585022,1
0.38177641932588297,-1.1099901739376037,-0.502969299721533,-0.7758093983417004,0.2715603651240624,0.9048055324001227,0.38271364074285674,0.2744324511807092,-0.029019213015442864,2.869821802353472,0.5505611813513597,-0.5076106270943244,-1.0161329645585022,1
-0.12657084635623306,-1.1099901739376037,-0.502969299721533,-0.17160885277598628,-0.404365943111267,-1.177851894974348,0.7434542940254645,0.2744324511807092,1.1962301472470147,0.8057411717579506,0.29255569570563505,0.7225953783357871,-1.0161329645585022,1
-0.634918112038349,0.9009088760241706,0.8491410419312149,-1.088988023478627,-0.911310674287764,0.9048055324001227,-1.0849528977221163,-1.461440576166749,-1.23077064034136,1.2644257563347332,-0.4814607612315388,0.16701847265767225,-1.0161329645585022,1
1.5679200392508204,-1.1099901739376037,-1.179024470547907,-0.6584562460350843,1.2854498274770565,0.9048055324001227,-0.9370460627063324,0.2744324511807092,1.5252012083585789,-0.45564143582820127,2.098594095225707,0.6233852166075523,-1.0161329645585022,1
-0.46546902347764374,-1.1099901739376037,-0.502969299721533,-0.4462067012899735,-0.404365943111267,0.9048055324001227,0.06599664927436881,1.4316811360790147,1.092167872813765,0.5763988794695595,-0.7394662468772634,1.0003838311748445,-1.0161329645585022,1
-1.143265377720465,0.9009088760241706,-1.179024470547907,-0.638115664663678,-0.911310674287764,0.9048055324001227,0.8577891279455886,-1.461440576166749,0.041474585794178266,2.7551506562092767,-0.7394662468772634,0.12733440796637835,-1.0161329645585022,1
-0.634918112038349,0.9009088760241706,-1.179024470547907,-0.03203582625386647,-0.7423290972289317,0.9048055324001227,0.7711670307789572,-1.461440576166749,-0.8749447987308929,0.5763988794695595,-0.997471732522988,1.0599099282117854,-1.0161329645585022,1
0.21232733076517762,-1.1099901739376037,-0.502969299721533,-0.10970273555866226,0.10257878806523006,0.9048055324001227,2.4413740852880284,0.853056793629862,2.851155995491923,2.2964660716324943,1.066572152642809,-0.38855843302044263,-1.0161329645585022,1
-0.634918112038349,-1.1099901739376037,-1.179024470547907,-0.5068178436063229,-0.911310674287764,0.9048055324001227,1.0161476236798326,-0.3041918912684436,1.092167872813765,2.1817949254882985,-0.4814607612315388,-1.142555662155027,-1.0161329645585022,1
-0.8043672005990544,0.9009088760241706,-1.179024470547907,-0.6791284673201551,-0.7423290972289317,0.9048055324001227,0.06599664927436881,0.2744324511807092,0.6524208421442251,1.4937680486231246,-0.997471732522988,0.46464895784237664,-1.0161329645585022,1
0.0428782422044723,0.9009088760241706,-1.179024470547907,-0.31563532956731155,-0.404365943111267,0.9048055324001227,0.8577891279455886,0.2744324511807092,0.9746782081310635,1.2644257563347332,-0.22345527558581418,-0.15045404487267908,-1.0161329645585022,1
0.0428782422044723,0.9009088760241706,-0.502969299721533,-0.9213203585560942,-0.5733475201700994,0.9048055324001227,-0.988037498332759,-1.461440576166749,0.6725619275184026,0.1177142948927768,0.03455021005991044,-1.162397694500674,-1.0161329645585022,1
0.5512255078865883,0.9009088760241706,-1.179024470547907,-0.8367048034411906,0.6095235192417271,0.9048055324001227,-0.10677246957169136,0.853056793629862,-0.4083429875624505,2.1817949254882985,-0.22345527558581418,0.6432272489531993,-1.0161329645585022,1
0.7206745964472937,-1.1099901739376037,1.5251962127575889,0.06328696035933959,1.1164682504182242,0.9048055324001227,1.6495816066168083,1.4316811360790147,1.5688402266692962,1.1497546101905376,0.29255569570563505,0.16701847265767225,-1.0161329645585022,1
-0.2960199349169384,0.9009088760241706,0.8491410419312149,-0.5960289803820022,-0.404365943111267,0.9048055324001227,-0.8841543251310949,0.2744324511807092,1.6695456535401834,-0.570312581972397,0.29255569570563505,0.6630692812988462,-1.0161329645585022,1
0.5512255078865883,-1.1099901739376037,-0.502969299721533,-0.6769807040697582,-0.06640278899360229,0.9048055324001227,0.06599664927436881,-1.461440576166749,-0.27406908506793454,1.4937680486231246,0.29255569570563505,-1.9957630530178463,-1.0161329645585022,1
-0.2960199349169384,-1.1099901739376037,-0.502969299721533,-0.1807842237206968,0.10257878806523006,-1.177851894974348,0.8577891279455886,0.2744324511807092,1.417782086362966,0.9204123179021463,0.03455021005991044,0.40512286080543575,-1.0161329645585022,1
-0.634918112038349,-1.1099901739376037,-1.179024470547907,-0.20398322530035215,-0.7423290972289317,0.9048055324001227,2.4413740852880284,-0.8828162337175963,0.13210946997797635,2.640479510065081,-0.4814607612315388,-2.8489704438806656,-1.0161329645585022,1
0.5512255078865883,0.9009088760241706,-0.502969299721533,-0.27844428210639366,0.4405419421828948,0.9048055324001227,0.5944389495395409,0.2744324511807092,1.8474585743454173,0.8057411717579506,0.8085666669970842,0.08765034327508442,-1.0161329645585022,1
0.5512255078865883,-1.1099901739376037,-1.179024470547907,-0.3967449770234789,-0.06640278899360229,0.9048055324001227,0.6994306322113446,0.853056793629862,-1.039430329286675,1.379096902478929,0.03455021005991044,-0.46792656240303043,-1.0161329645585022,1
1.906818216372231,-1.1099901739376037,-0.502969299721533,-0.6032145118447274,2.130357712771218,0.9048055324001227,1.5471236598767526,-1.461440576166749,1.0485288545030476,3.672519825362842,1.3245776382885335,0.9408577341379036,-1.0161329645585022,1
0.21232733076517762,0.9009088760241706,0.8491410419312149,-0.22231817481293203,-0.5733475201700994,0.9048055324001227,1.6495816066168083,-1.461440576166749,2.542326019754536,1.8377814870557112,0.03455021005991044,-0.051243883144444294,-1.0161329645585022,1
-0.46546902347764374,-1.1099901739376037,-1.179024470547907,-1.0552081294153985,-0.7423290972289317,0.9048055324001227,-1.2352351101739139,-1.461440576166749,-1.0327166341619494,0.003043148748581378,-0.7394662468772634,-1.0631875327724392,-1.0161329645585022,1
-0.634918112038349,0.9009088760241706,-1.179024470547907,-0.41217412919728647,-0.911310674287764,0.9048055324001227,-0.7257958293968509,0.2744324511807092,1.3103629643673533,-0.570312581972397,-0.997471732522988,-1.8965528912896115,-1.0161329645585022,1
0.5512255078865883,-1.1099901739376037,-1.179024470547907,-0.678291471347574,0.4405419421828948,0.9048055324001227,-0.5674373336626071,1.4316811360790147,2.4886164587567308,0.23238544103697253,0.5505611813513597,-2.075131182400434,-1.0161329645585022,1
0.38177641932588297,0.9009088760241706,-0.502969299721533,-0.792265055010183,0.2715603651240624,0.9048055324001227,0.06599664927436881,-1.461440576166749,0.4778647689013546,2.2964660716324943,1.066572152642809,0.9210157017922567,-1.0161329645585022,1
-0.2960199349169384,0.9009088760241706,-1.179024470547907,-0.8333726119277071,-0.5733475201700994,0.9048055324001227,-0.48287389694052074,-1.461440576166749,1.377499915614611,1.1497546101905376,0.03455021005991044,-1.4997122443766724,-1.0161329645585022,1
-0.8043672005990544,0.9009088760241706,-0.502969299721533,-0.055629637254550675,-0.911310674287764,0.9048055324001227,1.0161476236798326,0.2744324511807092,1.182802756997563,0.8057411717579506,-0.7394662468772634,1.0797519605574324,-1.0161329645585022,1
-0.12657084635623306,0.9009088760241706,-1.179024470547907,-0.7159562901137264,0.10257878806523006,0.9048055324001227,-0.9734685167252085,-0.3041918912684436,1.6393340254789173,-0.45564143582820127,-0.22345527558581418,0.2463866020402601,-1.0161329645585022,1
0.7206745964472937,0.9009088760241706,-0.502969299721533,0.07637884076065632,1.1164682504182242,0.9048055324001227,2.062897280483185,-0.8828162337175963,0.7195577933914834,1.4937680486231246,-0.22345527558581418,1.5162766721616654,-1.0161329645585022,1
0.21232733076517762,-1.1099901739376037,0.8491410419312149,-0.6026144015247635,-0.404365943111267,0.9048055324001227,-0.2507203421941191,0.2744324511807092,0.6692050799560398,0.5763988794695595,1.066572152642809,-1.9957630530178463,-1.0161329645585022,1
-0.634918112038349,0.9009088760241706,0.8491410419312149,-0.7141243744001525,-0.911310674287764,0.9048055324001227,-0.013182598592753173,0.2744324511807092,-1.6033807197636416,1.4937680486231246,-0.7394662468772634,-1.3409759856114967,-1.0161329645585022,1
2.0762673049329363,0.9009088760241706,-1.179024470547907,-0.635146697817541,2.637302443947715,0.9048055324001227,-0.2507203421941191,-1.461440576166749,1.2700807936189982,0.6910700256137552,2.356599580871432,-0.2893482712922078,-1.0161329645585022,1
-0.12657084635623306,0.9009088760241706,1.5251962127575889,-0.0013354456746629301,-0.7423290972289317,0.9048055324001227,0.07803189495017135,0.2744324511807092,1.4412800192995066,-0.11162799739561437,-0.22345527558581418,1.0400678958661385,-1.0161329645585022,1
-0.8043672005990544,0.9009088760241706,-0.502969299721533,-0.7952498142331611,-0.911310674287764,0.9048055324001227,-1.042512820865339,-0.3041918912684436,0.03811773823181484,-0.45564143582820127,-0.22345527558581418,0.305912699077201,-1.0161329645585022,1
0.0428782422044723,0.9009088760241706,-0.502969299721533,-0.45220780448961206,0.4405419421828948,0.9048055324001227,-0.5674373336626071,-0.3041918912684436,1.1559479764986598,-0.2262991435398101,-0.22345527558581418,0.5043330225336705,-1.0161329645585022,1
-0.634918112038349,-1.1099901739376037,0.8491410419312149,-0.1286062106375237,-0.7423290972289317,0.9048055324001227,-1.042512820865339,0.2744324511807092,-0.07937192645088645,-1.143668312693375,-0.4814607612315388,-1.0631875327724392,-1.0161329645585022,1
0.38177641932588297,0.9009088760241706,-1.179024470547907,-0.4895883604726238,0.7785050963005594,0.9048055324001227,0.7071901985023226,0.2744324511807092,0.5752133482098789,1.7231103409115156,0.5505611813513597,-0.190138109563973,-1.0161329645585022,1
-0.12657084635623306,0.9009088760241706,-0.502969299721533,0.6109981739642456,0.2715603651240624,0.9048055324001227,0.9675315654894197,-1.461440576166749,1.2297986228706437,-0.11162799739561437,-0.7394662468772634,-0.8250831446246757,-1.0161329645585022,1
-0.8043672005990544,-1.1099901739376037,-0.502969299721533,-0.6726378004384408,-0.911310674287764,0.9048055324001227,-0.5674373336626071,-1.461440576166749,2.1663590927698926,0.23238544103697253,-0.4814607612315388,0.6630692812988462,-1.0161329645585022,1
-0.46546902347764374,0.9009088760241706,-0.502969299721533,-0.6736485125562747,-0.911310674287764,0.9048055324001227,0.38271364074285674,-1.461440576166749,-0.018948670328354386,2.0671237793441026,0.03455021005991044,0.821805540064022,-1.0161329645585022,1
1.0595727735687044,0.9009088760241706,0.8491410419312149,-0.7693345238368272,0.7785050963005594,0.9048055324001227,0.06599664927436881,-1.461440576166749,-1.1636336890941021,2.0671237793441026,1.066572152642809,-1.4997122443766724,-1.0161329645585022,1
0.0428782422044723,0.9009088760241706,-0.502969299721533,-0.22126008556457472,0.2715603651240624,0.9048055324001227,-1.1806014291455997,-0.3041918912684436,1.1123089581879424,-1.2583394588375707,0.03455021005991044,-1.5790803737592602,-1.0161329645585022,1
-0.8043672005990544,-1.1099901739376037,-0.502969299721533,-0.5870747027130679,-0.911310674287764,0.9048055324001227,0.37606258392201847,-1.461440576166749,-0.6668202498643935,1.6084391947673204,-0.4814607612315388,0.286070666731554,-1.0161329645585022,1
-0.634918112038349,-1.1099901739376037,-1.179024470547907,-0.484487422752931,-0.5733475201700994,0.9048055324001227,-0.2233243224320949,-1.461440576166749,-0.25057115213139414,0.3470565871811683,-0.7394662468772634,0.7027533459901402,-1.0161329645585022,1
-0.2960199349169384,-1.1099901739376037,-0.502969299721533,-0.8993531623700488,0.10257878806523006,0.9048055324001227,-0.49110853871870147,-0.3041918912684436,-0.03908975570253134,1.6084391947673204,-0.4814607612315388,0.801963507718375,-1.0161329645585022,1
-1.143265377720465,0.9009088760241706,-0.502969299721533,-0.8704531127507368,-0.911310674287764,0.9048055324001227,-0.05530595845806207,0.2744324511807092,-0.9555091402276025,2.640479510065081,-0.4814607612315388,-1.8171847619070236,-1.0161329645585022,1
-0.12657084635623306,0.9009088760241706,0.8491410419312149,-0.6826817521094147,-0.7423290972289317,0.9048055324001227,-1.1375279183058853,-0.3041918912684436,1.7031141291638117,-0.7996548742607882,0.8085666669970842,-0.190138109563973,-1.0161329645585022,1
0.0428782422044723,0.9009088760241706,1.5251962127575889,-0.22077052188249893,0.2715603651240624,-1.177851894974348,0.38271364074285674,0.853056793629862,1.511773818109127,0.4617277333253637,0.29255569570563505,0.6035431842619053,-1.0161329645585022,1
-0.46546902347764374,0.9009088760241706,0.8491410419312149,-0.824355164751408,-0.23538436605243465,0.9048055324001227,-0.8860546270799059,-1.461440576166749,0.1119683846037988,0.003043148748581378,-0.4814607612315388,-1.6386064707962011,-1.0161329645585022,1
0.5512255078865883,-1.1099901739376037,-1.179024470547907,-0.08582466177483729,0.7785050963005594,0.9048055324001227,-0.32974123156550683,-1.461440576166749,0.5584291103980642,-0.45564143582820127,0.5505611813513597,1.734539027963782,-1.0161329645585022,1
1.0595727735687044,0.9009088760241706,-1.179024470547907,0.03086521070445025,0.9474866733593919,-1.177851894974348,0.8577891279455886,0.2744324511807092,1.0485288545030476,0.4617277333253637,0.5505611813513597,0.12733440796637835,-1.0161329645585022,1
0.5512255078865883,-1.1099901739376037,-0.502969299721533,0.0642818801003323,0.9474866733593919,0.9048055324001227,2.2876079859300775,0.2744324511807092,1.5017032754220385,1.7231103409115156,0.03455021005991044,0.6630692812988462,-1.0161329645585022,1
-0.46546902347764374,-1.1099901739376037,1.5251962127575889,-0.6913991441257318,-0.911310674287764,0.9048055324001227,-1.121692068732461,0.2744324511807092,0.5785701957722418,-0.7996548742607882,-0.4814607612315388,1.5559607368529593,-1.0161329645585022,1
0.21232733076517762,0.9009088760241706,-1.179024470547907,-0.6770438735771227,0.10257878806523006,-1.177851894974348,-0.8463066446506107,0.853056793629862,1.8038195560346988,-0.34097028968400567,-0.22345527558581418,0.3455967637684949,-1.0161329645585022,1
-0.12657084635623306,-1.1099901739376037,1.5251962127575889,-0.824560465650343,0.10257878806523006,0.9048055324001227,-0.6234962411525294,0.853056793629862,0.9075412568838058,0.6910700256137552,0.29255569570563505,0.821805540064022,-1.0161329645585022,1
-0.46546902347764374,0.9009088760241706,-1.179024470547907,-0.5634493069587014,0.10257878806523006,0.9048055324001227,0.8566806184754489,-1.461440576166749,1.3540019826780707,2.2964660716324943,-0.997471732522988,1.0003838311748445,-1.0161329645585022,1
-0.46546902347764374,0.9009088760241706,0.8491410419312149,-0.8784756401860431,-0.5733475201700994,0.9048055324001227,-0.7257958293968509,1.4316811360790147,-0.4654093961226198,0.8057411717579506,-0.997471732522988,-0.30919030363785477,-1.0161329645585022,1
-0.2960199349169384,0.9009088760241706,-0.502969299721533,-0.1612490535681892,-0.404365943111267,0.9048055324001227,0.38271364074285674,0.2744324511807092,1.5285580559209417,0.3470565871811683,0.03455021005991044,0.20670253734896618,-1.0161329645585022,1
0.5512255078865883,0.9009088760241706,-1.179024470547907,-0.8708163374180834,0.10257878806523006,0.9048055324001227,-0.7257958293968509,0.2744324511807092,1.8575291170325052,0.6910700256137552,0.5505611813513597,-3.702177834743485,-1.0161329645585022,1
0.5512255078865883,0.9009088760241706,-0.502969299721533,0.19750637113230815,0.6095235192417271,-1.177851894974348,-0.7981656619474005,-1.461440576166749,2.1059358366473604,-1.0289971665491795,0.5505611813513597,0.4448069254967297,-1.0161329645585022,1
-0.2960199349169384,0.9009088760241706,-0.502969299721533,-0.3542792756976156,-0.911310674287764,0.9048055324001227,2.4413740852880284,1.4316811360790147,0.3301634761573873,3.328506386930255,0.29255569570563505,-1.7775006972157297,-1.0161329645585022,1
-0.2960199349169384,0.9009088760241706,-0.502969299721533,-0.22059680573724624,-0.404365943111267,0.9048055324001227,0.0026532509806712224,-0.3041918912684436,1.6829730437896346,0.1177142948927768,0.03455021005991044,1.258330251668255,-1.0161329645585022,1
-0.12657084635623306,0.9009088760241706,-0.502969299721533,0.4160254894833572,0.4405419421828948,-1.177851894974348,0.9235079036752999,-1.461440576166749,0.5987112811464187,0.1177142948927768,0.03455021005991044,1.1789621222856672,-1.0161329645585022,1
-0.2960199349169384,-1.1099901739376037,-0.502969299721533,-0.11001858309548534,-0.5733475201700994,0.9048055324001227,-1.0851112562178507,0.2744324511807092,1.0283877691288699,-1.143668312693375,-0.4814607612315388,0.6233852166075523,-1.0161329645585022,1
-0.634918112038349,-1.1099901739376037,-1.179024470547907,-0.6388579063752122,-0.7423290972289317,0.9048055324001227,0.06599664927436881,1.4316811360790147,-0.9890776158512313,1.2644257563347332,-0.7394662468772634,-1.8568688265983175,-1.0161329645585022,1
0.38177641932588297,-1.1099901739376037,-1.179024470547907,-0.5040225929054386,0.4405419421828948,0.9048055324001227,-1.042512820865339,0.853056793629862,1.182802756997563,-0.9143260204049839,1.066572152642809,0.9210157017922567,-1.0161329645585022,1
1.398470950690115,0.9009088760241706,-1.179024470547907,-0.8891670793075044,0.9474866733593919,0.9048055324001227,-0.5674373336626071,-1.461440576166749,1.347288287553345,1.2644257563347332,1.3245776382885335,-0.011559818453150373,-1.0161329645585022,1
-0.634918112038349,-1.1099901739376037,1.5251962127575889,-1.0124107881758708,-0.5733475201700994,0.9048055324001227,-1.1205835592623212,0.853056793629862,0.5215037872120725,0.23238544103697253,-0.997471732522988,0.8416475724096689,-1.0161329645585022,1
-0.2960199349169384,0.9009088760241706,0.8491410419312149,0.008487412720534911,-0.911310674287764,0.9048055324001227,0.04936900722227319,-1.461440576166749,1.5151306656714898,-0.2262991435398101,-0.4814607612315388,-1.8370267942526706,-1.0161329645585022,1
0.0428782422044723,0.9009088760241706,-0.502969299721533,0.3991434386401635,-0.23538436605243465,-1.177851894974348,1.6495816066168083,0.853056793629862,0.16903479316396802,0.5763988794695595,-0.22345527558581418,0.4448069254967297,-1.0161329645585022,1
-0.634918112038349,0.9009088760241706,-1.179024470547907,-0.6816552476147397,-0.23538436605243465,0.9048055324001227,-0.5674373336626071,0.853056793629862,1.6594751108530943,0.23238544103697253,-0.7394662468772634,-0.9838194033898514,-1.0161329645585022,1
-0.8043672005990544,-1.1099901739376037,1.5251962127575889,-0.6779124543033862,-0.911310674287764,0.9048055324001227,0.06599664927436881,0.2744324511807092,-0.6735339449891191,1.4937680486231246,-0.4814607612315388,1.1988041546313142,-1.0161329645585022,1
-0.634918112038349,-1.1099901739376037,0.8491410419312149,-0.4093788784964022,-0.911310674287764,-1.177851894974348,0.18508223806652027,-1.461440576166749,2.4382637453212865,0.6910700256137552,-0.22345527558581418,-1.5195542767223194,-1.0161329645585022,1
-0.8043672005990544,-1.1099901739376037,-0.502969299721533,-0.5083023270293914,-0.5733475201700994,0.9048055324001227,-0.7359307731238426,-1.461440576166749,1.7501099950368924,-0.45564143582820127,-0.4814607612315388,-1.0235034680811452,-1.0161329645585022,1
-0.12657084635623306,0.9009088760241706,-1.179024470547907,-0.5866798932920391,-0.23538436605243465,0.9048055324001227,0.38271364074285674,-1.461440576166749,-0.34456288387755507,1.6084391947673204,0.5505611813513597,-0.30919030363785477,-1.0161329645585022,1
0.38177641932588297,-1.1099901739376037,0.17308587110484092,-0.2651155160524596,0.2715603651240624,0.9048055324001227,0.8577891279455886,-0.8828162337175963,0.0045492626081859895,1.1497546101905376,0.5505611813513597,1.6154868338899002,-1.0161329645585022,1
-0.46546902347764374,0.9009088760241706,-0.502969299721533,-0.8991794462247961,-0.911310674287764,0.9048055324001227,-0.804975077263973,0.853056793629862,0.7329851836409347,0.6910700256137552,-0.7394662468772634,0.008282213892496587,-1.0161329645585022,1
-0.2960199349169384,0.9009088760241706,-0.502969299721533,-0.4891619662979126,-0.23538436605243465,0.9048055324001227,0.06599664927436881,-1.461440576166749,-0.015591822765990965,0.6910700256137552,-0.4814607612315388,0.38528082845978884,-1.0161329645585022,1
0.890123685007999,-1.1099901739376037,0.8491410419312149,-0.775872567849065,0.6095235192417271,0.9048055324001227,0.06599664927436881,0.2744324511807092,-0.8615174084814415,2.0671237793441026,1.066572152642809,-0.5472946917856183,-1.0161329645585022,1
-0.12657084635623306,-1.1099901739376037,-1.179024470547907,-0.7725403763355815,-0.5733475201700994,0.9048055324001227,-0.03250233507233093,0.2744324511807092,0.34359086640683856,1.8377814870557112,0.03455021005991044,0.16701847265767225,-1.0161329645585022,1
0.890123685007999,0.9009088760241706,0.8491410419312149,-0.3211468690848743,-0.06640278899360229,0.9048055324001227,-1.042512820865339,-1.461440576166749,1.6594751108530943,-1.0289971665491795,0.29255569570563505,0.12733440796637835,-1.0161329645585022,1
1.5679200392508204,0.9009088760241706,-1.179024470547907,0.4221845164514073,1.4544314045358888,0.9048055324001227,2.4413740852880284,0.853056793629862,2.9048655564897294,1.035083464046342,2.356599580871432,-0.7060309505507939,-1.0161329645585022,1
0.21232733076517762,0.9009088760241706,-0.502969299721533,-0.9579112956970481,0.4405419421828948,0.9048055324001227,-1.1806014291455997,0.2744324511807092,1.0485288545030476,-0.34097028968400567,0.29255569570563505,0.40512286080543575,-1.0161329645585022,1
0.890123685007999,0.9009088760241706,0.8491410419312149,-0.5809788452523824,0.4405419421828948,0.9048055324001227,0.2496925043260918,0.2744324511807092,-0.7910236096718204,1.379096902478929,1.3245776382885335,1.1194360252487263,-1.0161329645585022,1
0.38177641932588297,-1.1099901739376037,-0.502969299721533,0.67181461717953,0.10257878806523006,0.9048055324001227,-0.33116645802711503,-0.8828162337175963,0.21267381147468598,-0.9143260204049839,-0.22345527558581418,0.9408577341379036,-1.0161329645585022,1
0.7206745964472937,-1.1099901739376037,-0.502969299721533,-0.9753618721065234,0.2715603651240624,0.9048055324001227,-0.7600012644754477,1.4316811360790147,-0.07601507888852362,1.379096902478929,0.03455021005991044,0.7027533459901402,-1.0161329645585022,1
-0.8043672005990544,-1.1099901739376037,-0.502969299721533,-0.9689501671090148,-0.911310674287764,0.9048055324001227,-1.3334173775291451,1.4316811360790147,1.7601805377239814,-0.9143260204049839,-0.7394662468772634,0.6233852166075523,-1.0161329645585022,1
0.7206745964472937,-1.1099901739376037,0.8491410419312149,-0.671848181596383,0.10257878806523006,0.9048055324001227,0.06599664927436881,1.4316811360790147,-0.3915587497506358,1.4937680486231246,0.03455021005991044,-0.051243883144444294,-1.0161329645585022,1
-0.2960199349169384,0.9009088760241706,-1.179024470547907,-0.881223513756404,-0.06640278899360229,0.9048055324001227,-0.7257958293968509,0.853056793629862,0.0851136041048956,0.8057411717579506,-0.7394662468772634,0.14717644031202531,-1.0161329645585022,1
-0.2960199349169384,0.9009088760241706,-0.502969299721533,-0.5145561082584884,-0.911310674287764,0.9048055324001227,-0.5674373336626071,1.4316811360790147,0.7329851836409347,-0.11162799739561437,-0.7394662468772634,1.1591200899400202,-1.0161329645585022,1
-0.8043672005990544,0.9009088760241706,-0.502969299721533,-0.9649231110145206,-0.7423290972289317,0.9048055324001227,-0.5674373336626071,0.2744324511807092,-1.0830693475973925,2.0671237793441026,-0.7394662468772634,-1.2417658238832618,-1.0161329645585022,1
-0.46546902347764374,-1.1099901739376037,-1.179024470547907,-0.8887248927559521,-0.7423290972289317,0.9048055324001227,-0.8841543251310949,-0.8828162337175963,-0.9085132743545218,0.3470565871811683,-0.4814607612315388,-0.9441353386985575,-1.0161329645585022,1
-0.12657084635623306,-1.1099901739376037,0.8491410419312149,-0.5105132597871529,-0.5733475201700994,0.9048055324001227,-0.9904128757687727,0.2744324511807092,0.5483585677109757,-0.7996548742607882,0.03455021005991044,0.20670253734896618,-1.0161329645585022,1
-0.12657084635623306,0.9009088760241706,0.8491410419312149,-0.6038777916720559,-0.911310674287764,0.9048055324001227,-0.10439709213567769,-0.8828162337175963,-0.6399654693654903,0.8057411717579506,0.29255569570563505,0.26622863438590705,-1.0161329645585022,1
1.398470950690115,0.9009088760241706,1.5251962127575889,0.6176941417448949,1.6234129815947211,-1.177851894974348,-0.2757409845201297,-0.8828162337175963,0.6154955189582334,-0.7996548742607882,1.582583123934258,1.0003838311748445,-1.0161329645585022,1
0.38177641932588297,-1.1099901739376037,-0.502969299721533,0.6585648130098016,0.10257878806523006,0.9048055324001227,1.6495816066168083,-1.461440576166749,2.314060385513859,0.23238544103697253,0.29255569570563505,-1.658448503141848,-1.0161329645585022,1
-0.46546902347764374,0.9009088760241706,-1.179024470547907,-0.870990053563336,-0.7423290972289317,0.9048055324001227,-1.0070405178208683,0.853056793629862,0.8907570190719911,-0.11162799739561437,-0.4814607612315388,-0.20998014190961997,-1.0161329645585022,1
-0.634918112038349,0.9009088760241706,-0.502969299721533,0.005550030628080251,-0.911310674287764,0.9048055324001227,0.36291882877607623,-1.461440576166749,1.0351014642535956,0.1177142948927768,-0.7394662468772634,-0.26950623894656084,-1.0161329645585022,1
-0.46546902347764374,0.9009088760241706,-1.179024470547907,-0.5790995524082851,-0.404365943111267,0.9048055324001227,-0.2507203421941191,-1.461440576166749,1.7467531474745301,0.5763988794695595,-0.7394662468772634,-0.6465048535138531,-1.0161329645585022,1
-0.12657084635623306,-1.1099901739376037,-1.179024470547907,0.19096832712007036,-0.911310674287764,0.9048055324001227,0.6398878378152689,0.2744324511807092,1.7971058609099733,0.1177142948927768,0.29255569570563505,-0.686188918205147,-1.0161329645585022,1
0.38177641932588297,-1.1099901739376037,0.8491410419312149,0.24867367209764737,0.10257878806523006,0.9048055324001227,0.2824727129430803,0.2744324511807092,1.1391637386868456,-0.2262991435398101,0.29255569570563505,-0.32903233598350173,-1.0161329645585022,1
-0.9738162891597597,0.9009088760241706,-1.179024470547907,-1.0189014550575852,-0.911310674287764,0.9048055324001227,-0.8841543251310949,0.2744324511807092,0.0851136041048956,1.379096902478929,-0.4814607612315388,0.46464895784237664,-1.0161329645585022,1
1.0595727735687044,0.9009088760241706,-0.502969299721533,-0.06801086069801547,1.6234129815947211,0.9048055324001227,-0.3468439491048052,0.2744324511807092,1.3506451351157078,-0.45564143582820127,0.8085666669970842,0.9606997664835506,-1.0161329645585022,1
-0.12657084635623306,-1.1099901739376037,1.5251962127575889,-0.4512286771254605,-0.23538436605243465,-1.177851894974348,-1.020500989958279,-1.461440576166749,1.2365123179953694,-0.9143260204049839,0.29255569570563505,-0.15045404487267908,-1.0161329645585022,1
-0.634918112038349,0.9009088760241706,-1.179024470547907,0.06466089714451999,-0.06640278899360229,0.9048055324001227,-0.5674373336626071,-1.461440576166749,1.6292634827918282,-0.7996548742607882,-0.4814607612315388,-0.011559818453150373,-1.0161329645585022,1
-0.12657084635623306,-1.1099901739376037,-1.179024470547907,0.13229964715518294,-0.7423290972289317,-1.177851894974348,1.0161476236798326,-0.3041918912684436,1.8810270499690456,0.4617277333253637,-0.22345527558581418,-0.03140185079879733,-1.0161329645585022,1
-0.2960199349169384,0.9009088760241706,-1.179024470547907,-0.2573930437771353,-0.404365943111267,0.9048055324001227,0.8042639563874141,0.2744324511807092,0.4912921591508065,1.035083464046342,-0.4814607612315388,-1.0235034680811452,-1.0161329645585022,1
-0.2960199349169384,-1.1099901739376037,0.8491410419312149,-0.2807657615020433,-0.5733475201700994,-1.177851894974348,0.5410721364771007,0.2744324511807092,1.4547074095489578,0.8057411717579506,-0.997471732522988,-1.0830295651180861,-1.0161329645585022,1
-0.634918112038349,-1.1099901739376037,0.8491410419312149,-1.0158535263272426,-0.911310674287764,0.9048055324001227,-0.48746629331681385,-0.8828162337175963,-1.1401357561575618,3.213835240786059,-0.4814607612315388,-0.6663468858595001,-1.0161329645585022,1
-0.2960199349169384,0.9009088760241706,-0.502969299721533,-0.014727381235961593,-0.911310674287764,0.9048055324001227,2.91644957249076,0.2744324511807092,-1.0427871768490378,2.411137217776689,0.29255569570563505,-2.2933935382025505,-1.0161329645585022,1
-0.12657084635623306,0.9009088760241706,0.8491410419312149,-0.7025169774219043,-0.23538436605243465,0.9048055324001227,-0.8950810613367578,0.853056793629862,1.2499397082448211,-0.34097028968400567,0.5505611813513597,-0.6266628211682062,-1.0161329645585022,1
-0.12657084635623306,-1.1099901739376037,-0.502969299721533,-0.03851070075873964,-0.23538436605243465,-1.177851894974348,-0.9790110640759071,0.2744324511807092,-0.8346626279825383,-1.143668312693375,0.03455021005991044,-1.3806600503027906,-1.0161329645585022,1
-0.12657084635623306,0.9009088760241706,0.8491410419312149,0.5816559377933813,-0.23538436605243465,0.9048055324001227,-0.06211537377463456,0.2744324511807092,0.6960598604549431,-0.6849837281165926,-0.4814607612315388,0.32575473142284794,-1.0161329645585022,1
2.415165482054347,-1.1099901739376037,-1.179024470547907,0.2694090628900827,2.8062840210065474,0.9048055324001227,4.024959042630468,0.853056793629862,0.14218001266506483,2.525808363920885,2.356599580871432,-0.9838194033898514,-1.0161329645585022,1
0.21232733076517762,0.9009088760241706,0.8491410419312149,-0.9000954040815831,0.4405419421828948,0.9048055324001227,-0.9631752145024827,1.4316811360790147,1.0787404825643134,0.1177142948927768,0.03455021005991044,-1.8171847619070236,-1.0161329645585022,1
-0.12657084635623306,0.9009088760241706,-1.179024470547907,-0.07499109126180559,-0.5733475201700994,0.9048055324001227,3.2331665639592484,0.2744324511807092,2.320774080638586,2.984492948497668,-0.7394662468772634,0.32575473142284794,-1.0161329645585022,1
-0.46546902347764374,0.9009088760241706,-1.179024470547907,0.37381246618695235,-0.5733475201700994,-1.177851894974348,2.2830155895537843,-1.461440576166749,1.8575291170325052,1.035083464046342,-0.997471732522988,-0.11076998018138517,-1.0161329645585022,1
-0.46546902347764374,-1.1099901739376037,-0.502969299721533,-0.205609840114991,-0.5733475201700994,0.9048055324001227,1.141725910797088,-0.8828162337175963,-0.029019213015442864,1.2644257563347332,-0.22345527558581418,-1.0830295651180861,-1.0161329645585022,1
-0.634918112038349,-1.1099901739376037,0.8491410419312149,-0.6597354285592179,-0.404365943111267,0.9048055324001227,-0.2507203421941191,-0.8828162337175963,-1.2609822684026262,0.8057411717579506,-0.22345527558581418,-2.194183376474316,-1.0161329645585022,1
-0.634918112038349,-1.1099901739376037,-0.502969299721533,0.0476682996634382,-0.5733475201700994,-1.177851894974348,0.7991964845239183,0.2744324511807092,2.0354420378377394,0.4617277333253637,-0.4814607612315388,-0.11076998018138517,-1.0161329645585022,1
0.7206745964472937,-1.1099901739376037,0.8491410419312149,-0.6758436529371951,0.6095235192417271,0.9048055324001227,0.7578649171372807,0.2744324511807092,0.5483585677109757,2.869821802353472,0.5505611813513597,-1.3012919209202027,-1.0161329645585022,1
-0.46546902347764374,0.9009088760241706,-0.502969299721533,0.4262431572995839,-0.404365943111267,-1.177851894974348,2.4413740852880284,1.4316811360790147,1.223084927745918,1.035083464046342,-0.4814607612315388,0.12733440796637835,-1.0161329645585022,1
-0.8043672005990544,0.9009088760241706,-0.502969299721533,0.22031056329093465,-0.404365943111267,0.9048055324001227,1.9655068056066252,-1.461440576166749,0.7363420312032976,1.035083464046342,-0.7394662468772634,-1.3409759856114967,-1.0161329645585022,1
0.0428782422044723,-1.1099901739376037,1.5251962127575889,-0.7221626942123,0.4405419421828948,0.9048055324001227,-0.7257958293968509,0.2744324511807092,1.327147202179168,0.1177142948927768,0.29255569570563505,1.734539027963782,-1.0161329645585022,1
1.2290218621294098,0.9009088760241706,0.8491410419312149,-0.05826696418702341,0.9474866733593919,-1.177851894974348,1.3192457845151755,0.2744324511807092,1.9683050865904814,1.1497546101905376,1.066572152642809,-0.2893482712922078,-1.0161329645585022,1
0.21232733076517762,-1.1099901739376037,-0.502969299721533,0.364036984922278,0.7785050963005594,0.9048055324001227,0.7551728227097986,-1.461440576166749,0.6725619275184026,0.003043148748581378,-0.22345527558581418,0.5043330225336705,-1.0161329645585022,1
-0.12657084635623306,0.9009088760241706,-1.179024470547907,-0.8503967941624712,-0.23538436605243465,0.9048055324001227,0.06599664927436881,0.2744324511807092,0.4409394457153629,2.7551506562092767,-0.22345527558581418,0.028124246238143545,-1.0161329645585022,1
1.7373691278115257,-1.1099901739376037,-1.179024470547907,-0.808468033649207,1.6234129815947211,0.9048055324001227,0.06599664927436881,0.853056793629862,0.8101926775752815,2.411137217776689,2.6146050665171567,0.4448069254967297,-1.0161329645585022,1
0.7206745964472937,0.9009088760241706,0.8491410419312149,-0.9082442705316186,0.4405419421828948,0.9048055324001227,-0.8841543251310949,-0.8828162337175963,1.2465828606824585,0.4617277333253637,1.066572152642809,1.1194360252487263,-1.0161329645585022,1
0.0428782422044723,0.9009088760241706,-1.179024470547907,-0.7531473375746442,0.10257878806523006,0.9048055324001227,-0.2507203421941191,0.853056793629862,0.14553686022742765,1.2644257563347332,-0.22345527558581418,1.238488219322608,-1.0161329645585022,1
-1.143265377720465,0.9009088760241706,1.5251962127575889,-0.31827265649978426,-0.911310674287764,0.9048055324001227,-0.5674373336626071,0.853056793629862,1.360715677802797,-0.45564143582820127,-0.4814607612315388,0.028124246238143545,-1.0161329645585022,1
0.890123685007999,0.9009088760241706,-1.179024470547907,-0.676554309895047,0.6095235192417271,0.9048055324001227,0.06599664927436881,1.4316811360790147,0.531574329899161,1.4937680486231246,0.5505611813513597,0.4844909901880236,-1.0161329645585022,1
-0.2960199349169384,-1.1099901739376037,0.8491410419312149,-0.5610014885483225,-0.06640278899360229,0.9048055324001227,-0.4090788379283631,-1.461440576166749,1.0686699398772244,0.23238544103697253,-0.7394662468772634,0.20670253734896618,-1.0161329645585022,1
-0.8043672005990544,-1.1099901739376037,-1.179024470547907,-0.8680526714708814,-0.911310674287764,0.9048055324001227,0.06599664927436881,-0.8828162337175963,-1.069641957347941,2.984492948497668,-0.22345527558581418,0.4844909901880236,-1.0161329645585022,1
1.7373691278115257,-1.1099901739376037,-0.502969299721533,-0.22426063716439398,1.7923945586535535,-1.177851894974348,-0.32324853324040287,1.4316811360790147,0.27981076272194366,-0.34097028968400567,2.098594095225707,-0.15045404487267908,-1.0161329645585022,1
-0.12657084635623306,0.9009088760241706,1.5251962127575889,1.547407158760477,-0.06640278899360229,-1.177851894974348,-0.25182885166425883,-1.461440576166749,1.9481640012163033,-1.143668312693375,-0.4814607612315388,0.7225953783357871,-1.0161329645585022,1
-0.9738162891597597,-1.1099901739376037,-0.502969299721533,-0.6745960551667439,-0.911310674287764,0.9048055324001227,-1.1304017859978444,-0.8828162337175963,1.4782053424854982,-0.7996548742607882,-0.7394662468772634,0.7225953783357871,-1.0161329645585022,1
1.2290218621294098,-1.1099901739376037,1.5251962127575889,0.011898566118224194,1.4544314045358888,0.9048055324001227,1.978967277744036,0.2744324511807092,1.1693753667481117,1.4937680486231246,0.8085666669970842,-0.09092794783573821,-1.0161329645585022,1
1.7373691278115257,0.9009088760241706,-1.179024470547907,1.7707271596712368,1.6234129815947211,0.9048055324001227,2.4413740852880284,-0.8828162337175963,2.3778404891987543,-0.11162799739561437,2.356599580871432,1.5956448015442533,-1.0161329645585022,1
1.5679200392508204,-1.1099901739376037,0.8491410419312149,-0.5922703946938076,1.4544314045358888,0.9048055324001227,-0.804975077263973,0.2744324511807092,1.1760890618728372,-0.34097028968400567,1.066572152642809,-0.8647672093159696,-1.0161329645585022,1
2.923512747736463,0.9009088760241706,-1.179024470547907,0.2685720669175015,2.637302443947715,0.9048055324001227,4.024959042630468,0.853056793629862,0.024690347982363543,2.525808363920885,2.098594095225707,0.3455967637684949,-1.0161329645585022,1
1.398470950690115,-1.1099901739376037,-1.179024470547907,-0.41471670186871223,1.4544314045358888,0.9048055324001227,1.0161476236798326,0.853056793629862,1.119022653312668,1.8377814870557112,1.066572152642809,-2.3926036999307856,-1.0161329645585022,1
-0.8043672005990544,-1.1099901739376037,-0.502969299721533,-0.42870874774997475,-0.911310674287764,0.9048055324001227,0.7627740305050422,0.2744324511807092,-1.069641957347941,1.4937680486231246,-0.7394662468772634,-1.5989224061049072,-1.0161329645585022,1
-0.12657084635623306,0.9009088760241706,0.8491410419312149,0.2521795797563836,0.4405419421828948,-1.177851894974348,0.8577891279455886,0.2744324511807092,0.9444665800697976,0.23238544103697253,-0.22345527558581418,-1.5393963090679663,-1.0161329645585022,1
2.5846145706150523,-1.1099901739376037,-1.179024470547907,-1.0158693187040837,2.8062840210065474,0.9048055324001227,-0.8665765321045938,0.2744324511807092,-0.05587399351434607,1.379096902478929,1.8405886095799828,-1.9957630530178463,-1.0161329645585022,1
-0.634918112038349,-1.1099901739376037,-0.502969299721533,-0.31189253625595803,-0.911310674287764,0.9048055324001227,-0.2819169658537652,-0.8828162337175963,1.5050601229844014,-0.11162799739561437,-0.997471732522988,1.3773824457421369,-1.0161329645585022,1
0.5512255078865883,-1.1099901739376037,-0.502969299721533,0.7943792538437268,0.7785050963005594,0.9048055324001227,1.6495816066168083,-0.3041918912684436,1.5285580559209417,0.1177142948927768,1.066572152642809,-1.0830295651180861,-1.0161329645585022,1
-0.46546902347764374,-1.1099901739376037,-1.179024470547907,-0.8557030327810989,-0.404365943111267,0.9048055324001227,-0.33512542042047117,-1.461440576166749,-1.0427871768490378,1.7231103409115156,-0.4814607612315388,0.32575473142284794,-1.0161329645585022,1
-0.634918112038349,-1.1099901739376037,0.8491410419312149,-0.6373418381984614,-0.06640278899360229,0.9048055324001227,-0.052772222526314166,0.853056793629862,1.2264417753082808,1.035083464046342,-0.22345527558581418,0.14717644031202531,-1.0161329645585022,1
-0.12657084635623306,0.9009088760241706,-1.179024470547907,-0.8822184334973966,-0.404365943111267,0.9048055324001227,-0.08745273309211359,-1.461440576166749,0.377159342030468,2.7551506562092767,0.29255569570563505,0.5638591195706114,-1.0161329645585022,1
-0.8043672005990544,-1.1099901739376037,0.8491410419312149,-0.6164169388839322,-0.911310674287764,0.9048055324001227,0.22403842801714427,-0.8828162337175963,-1.099853585409207,1.4937680486231246,-0.7394662468772634,0.7027533459901402,-1.0161329645585022,1
-0.9738162891597597,0.9009088760241706,-0.502969299721533,-0.6774702677518339,-0.911310674287764,0.9048055324001227,0.8577891279455886,-1.461440576166749,1.4312094766124175,3.0991640946418633,-0.7394662468772634,-1.0235034680811452,-1.0161329645585022,1
0.0428782422044723,0.9009088760241706,-0.502969299721533,-0.7100025640446114,-0.404365943111267,0.9048055324001227,-0.13986939518014835,-0.8828162337175963,1.149234281373934,1.2644257563347332,0.5505611813513597,0.008282213892496587,-1.0161329645585022,1
-0.634918112038349,-1.1099901739376037,-1.179024470547907,-0.6033724356131389,-0.23538436605243465,0.9048055324001227,-0.4090788379283631,-1.461440576166749,0.9780350556934264,0.3470565871811683,-0.7394662468772634,0.8813316371009629,-1.0161329645585022,1
-0.634918112038349,0.9009088760241706,-1.179024470547907,-0.2969845325179086,-0.404365943111267,0.9048055324001227,1.542214546508991,-0.8828162337175963,0.4677942262142661,2.0671237793441026,-0.7394662468772634,0.10749237562073138,-1.0161329645585022,1
0.21232733076517762,0.9009088760241706,1.5251962127575889,-0.37266160234071893,-0.06640278899360229,0.9048055324001227,-0.784230114322787,-0.3041918912684436,0.6054249762711449,-0.6849837281165926,0.5505611813513597,-0.011559818453150373,-1.0161329645585022,1
-0.8043672005990544,0.9009088760241706,0.8491410419312149,-0.7163037224042318,-0.911310674287764,0.9048055324001227,-0.9916797437346466,-0.3041918912684436,1.0082466837546924,-0.45564143582820127,-0.7394662468772634,-2.630708088078549,-1.0161329645585022,1
-0.8043672005990544,0.9009088760241706,-1.179024470547907,-0.906238638672792,-0.23538436605243465,0.9048055324001227,-1.042512820865339,-1.461440576166749,0.24288543953595199,-0.11162799739561437,-0.4814607612315388,0.4844909901880236,-1.0161329645585022,1
-0.46546902347764374,-1.1099901739376037,-1.179024470547907,-0.26007774784013143,-0.911310674287764,0.9048055324001227,-0.5243638228228926,-0.3041918912684436,0.8538316958859994,-0.45564143582820127,-0.4814607612315388,-1.6187644384505542,-1.0161329645585022,1
-0.46546902347764374,0.9009088760241706,-1.179024470547907,-0.20256191138464827,-0.06640278899360229,0.9048055324001227,1.4833051860958522,-0.8828162337175963,-0.31770810337865185,1.6084391947673204,-0.7394662468772634,-0.32903233598350173,-1.0161329645585022,1
-0.2960199349169384,0.9009088760241706,-1.179024470547907,-0.46676837593715614,-0.06640278899360229,0.9048055324001227,0.6994306322113446,-1.461440576166749,1.3338608973038937,1.6084391947673204,-0.22345527558581418,-0.5076106270943244,-1.0161329645585022,1
-0.46546902347764374,0.9009088760241706,-0.502969299721533,-0.7490729043496266,-0.7423290972289317,0.9048055324001227,0.38271364074285674,0.2744324511807092,1.088811025251402,2.640479510065081,-0.4814607612315388,-0.17029607721832604,-1.0161329645585022,1
1.7373691278115257,-1.1099901739376037,1.5251962127575889,0.8136301612130936,1.9613761357123858,-1.177851894974348,3.2331665639592484,-1.461440576166749,1.8004627084723366,1.035083464046342,1.3245776382885335,0.38528082845978884,-1.0161329645585022,1
-0.46546902347764374,0.9009088760241706,-0.502969299721533,-0.49309426813136,-0.06640278899360229,0.9048055324001227,-0.7400480940129329,-0.8828162337175963,1.1794459094352001,-0.45564143582820127,-0.7394662468772634,-0.8449251769703227,-1.0161329645585022,1
5.634698164707748,0.9009088760241706,-1.179024470547907,-0.10204343279070253,5.003044522771368,0.9048055324001227,2.6868297536761068,-0.8828162337175963,-0.08272877401324927,2.525808363920885,5.194659922974402,1.9924854484571926,-1.0161329645585022,1
-0.2960199349169384,0.9009088760241706,0.8491410419312149,-0.45479775429156133,-0.5733475201700994,0.9048055324001227,1.3328646151483206,1.4316811360790147,-0.6735339449891191,2.411137217776689,-0.7394662468772634,-0.22982217425526694,-1.0161329645585022,1
1.7373691278115257,-1.1099901739376037,-1.179024470547907,-0.4102948363531891,2.130357712771218,0.9048055324001227,-1.2422028839862205,0.2744324511807092,0.4174415127788225,-1.2583394588375707,2.872610552162881,0.3455967637684949,-1.0161329645585022,1
-0.2960199349169384,-1.1099901739376037,0.8491410419312149,-0.4109739085573587,-0.404365943111267,0.9048055324001227,0.38271364074285674,0.2744324511807092,2.458404830695464,0.9204123179021463,-0.7394662468772634,0.40512286080543575,-1.0161329645585022,1
0.890123685007999,0.9009088760241706,-0.502969299721533,-0.3413453190647104,1.1164682504182242,0.9048055324001227,1.8098404042998633,0.2744324511807092,0.001192415045823164,2.525808363920885,0.5505611813513597,0.40512286080543575,-1.0161329645585022,1
3.601309101979284,-1.1099901739376037,1.5251962127575889,0.10453664866843405,3.3132287521830444,0.9048055324001227,-0.4090788379283631,-0.8828162337175963,1.914595525592675,-0.6849837281165926,5.194659922974402,2.230589836604956,-1.0161329645585022,1
1.398470950690115,0.9009088760241706,-0.502969299721533,-0.3155405753062646,1.4544314045358888,0.9048055324001227,2.4413740852880284,0.853056793629862,1.552055988857482,3.213835240786059,1.3245776382885335,0.8614896047553159,-1.0161329645585022,1
-0.634918112038349,-1.1099901739376037,-1.179024470547907,0.17888715883658748,-0.911310674287764,0.9048055324001227,2.4413740852880284,1.4316811360790147,0.03476089066945202,1.4937680486231246,-0.4814607612315388,-1.3012919209202027,-1.0161329645585022,1
0.38177641932588297,0.9009088760241706,-0.502969299721533,-0.2055150858539441,-0.23538436605243465,-1.177851894974348,0.8577891279455886,-1.461440576166749,1.545342293732756,0.9204123179021463,1.066572152642809,0.7225953783357871,-1.0161329645585022,1
-0.634918112038349,0.9009088760241706,-1.179024470547907,-0.5642547181776003,-0.911310674287764,0.9048055324001227,-0.3298995900612411,0.853056793629862,0.531574329899161,0.3470565871811683,-0.7394662468772634,0.008282213892496587,-1.0161329645585022,1
-0.8043672005990544,-1.1099901739376037,1.5251962127575889,-0.7721613592913938,-0.911310674287764,0.9048055324001227,-1.3571711518892817,-1.461440576166749,0.12875262241561353,-1.2583394588375707,-0.4814607612315388,1.1194360252487263,-1.0161329645585022,1
0.38177641932588297,0.9009088760241706,0.8491410419312149,-0.33626017372185873,0.6095235192417271,-1.177851894974348,-0.7257958293968509,0.2744324511807092,0.6960598604549431,-0.570312581972397,0.29255569570563505,0.6829113136444932,-1.0161329645585022,1
-0.12657084635623306,-1.1099901739376037,1.5251962127575889,-0.5819105954860105,-0.06640278899360229,0.9048055324001227,0.5157347771596217,0.2744324511807092,-0.15993626794759605,1.8377814870557112,-0.22345527558581418,0.12733440796637835,-1.0161329645585022,1
-0.9738162891597597,0.9009088760241706,-0.502969299721533,-1.0246972573582889,-0.911310674287764,0.9048055324001227,-1.042512820865339,-0.8828162337175963,0.8706159336978135,0.6910700256137552,-0.7394662468772634,-0.26950623894656084,-1.0161329645585022,1
3.262410924857874,0.9009088760241706,-1.179024470547907,-0.5653443921796399,2.9752655980653797,0.9048055324001227,0.2496925043260918,0.2744324511807092,0.2865244578466693,1.2644257563347332,4.678648951682953,-1.12271362980938,-1.0161329645585022,1
-0.2960199349169384,0.9009088760241706,-1.179024470547907,-0.2606778581600953,0.10257878806523006,0.9048055324001227,-1.0260435373089776,-0.3041918912684436,1.555412836419845,-1.0289971665491795,0.29255569570563505,-0.03140185079879733,-1.0161329645585022,1
3.601309101979284,-1.1099901739376037,1.5251962127575889,1.1761283792249444,3.8201734833595413,-1.177851894974348,-0.3028202872906854,-0.8828162337175963,1.9481640012163033,-1.0289971665491795,1.582583123934258,1.238488219322608,-1.0161329645585022,1
-0.8043672005990544,-1.1099901739376037,-1.179024470547907,-0.3573429968047995,-0.23538436605243465,0.9048055324001227,1.1713389494993915,-1.461440576166749,-0.2874964753173858,1.8377814870557112,-0.4814607612315388,0.8813316371009629,-1.0161329645585022,1
-0.634918112038349,-1.1099901739376037,-0.502969299721533,-0.5117608575576041,-0.5733475201700994,0.9048055324001227,0.7748092761808447,-0.8828162337175963,-0.18679104844649927,1.8377814870557112,-0.7394662468772634,1.0202258635204915,-1.0161329645585022,1
-0.2960199349169384,0.9009088760241706,-1.179024470547907,-0.8181803454065169,-0.404365943111267,0.9048055324001227,-1.121692068732461,0.853056793629862,-0.8581605609190788,-0.570312581972397,-0.4814607612315388,0.7424374106814341,-1.0161329645585022,1
0.0428782422044723,-1.1099901739376037,-1.179024470547907,-0.7025959393061101,-0.7423290972289317,0.9048055324001227,-0.254520946091741,0.2744324511807092,0.7531262690151123,1.035083464046342,0.8085666669970842,0.8614896047553159,-1.0161329645585022,1
1.398470950690115,-1.1099901739376037,-0.502969299721533,-0.5061545637789944,1.2854498274770565,0.9048055324001227,0.8577891279455886,0.2744324511807092,0.8907570190719911,1.952452633199907,0.5505611813513597,1.1194360252487263,-1.0161329645585022,1
-0.634918112038349,-1.1099901739376037,-1.179024470547907,0.442651436837543,-0.5733475201700994,-1.177851894974348,0.46965245490095664,0.853056793629862,0.8571885434483623,-0.2262991435398101,-0.4814607612315388,0.6233852166075523,-1.0161329645585022,1
0.7206745964472937,0.9009088760241706,0.8491410419312149,-0.6924256486204068,0.4405419421828948,0.9048055324001227,-0.7257958293968509,0.853056793629862,1.223084927745918,0.003043148748581378,1.066572152642809,1.1392780575943733,-1.0161329645585022,1
-0.46546902347764374,-1.1099901739376037,-0.502969299721533,-0.581247315658682,-0.23538436605243465,0.9048055324001227,-0.7257958293968509,0.2744324511807092,0.9881055983805148,-0.2262991435398101,-0.7394662468772634,0.028124246238143545,-1.0161329645585022,1
-0.2960199349169384,-1.1099901739376037,0.8491410419312149,-0.6760489538361301,-0.911310674287764,0.9048055324001227,0.7103573684170075,0.2744324511807092,0.7229146409538463,2.7551506562092767,0.29255569570563505,0.38528082845978884,-1.0161329645585022,1
0.7206745964472937,-1.1099901739376037,0.8491410419312149,-0.7530367909367562,0.7785050963005594,0.9048055324001227,-0.2507203421941191,0.2744324511807092,-0.5191189571204256,1.2644257563347332,0.5505611813513597,-0.7060309505507939,-1.0161329645585022,1
-0.12657084635623306,0.9009088760241706,-0.502969299721533,-0.12541615051561059,-0.23538436605243465,0.9048055324001227,1.3328646151483206,0.2744324511807092,0.4745079213389917,1.2644257563347332,0.8085666669970842,0.5440170872249644,-1.0161329645585022,1
1.5679200392508204,0.9009088760241706,1.5251962127575889,-0.011110926939337308,1.4544314045358888,0.9048055324001227,1.6495816066168083,-0.3041918912684436,-0.22707321919485376,1.2644257563347332,2.6146050665171567,-1.0235034680811452,-1.0161329645585022,1
-0.46546902347764374,-1.1099901739376037,1.5251962127575889,-0.5630702899145137,-0.404365943111267,0.9048055324001227,0.8577891279455886,1.4316811360790147,-0.12301094476160378,2.2964660716324943,-0.4814607612315388,0.40512286080543575,-1.0161329645585022,1
0.0428782422044723,-1.1099901739376037,-0.502969299721533,-0.39532366310777506,-0.06640278899360229,0.9048055324001227,-0.8841543251310949,0.853056793629862,1.3070061168049905,-0.7996548742607882,0.03455021005991044,0.18686050500331922,-1.0161329645585022,1
-0.2960199349169384,-1.1099901739376037,0.8491410419312149,-0.5991558709965508,-0.911310674287764,0.9048055324001227,0.06599664927436881,-0.8828162337175963,0.860545391010725,1.1497546101905376,-0.4814607612315388,-1.5592383414136133,-1.0161329645585022,1
0.5512255078865883,0.9009088760241706,1.5251962127575889,3.1715899473658102,0.6095235192417271,-1.177851894974348,2.4413740852880284,-0.8828162337175963,2.2133549586429733,-0.570312581972397,1.3245776382885335,-0.40840046536608954,-1.0161329645585022,1
0.7206745964472937,0.9009088760241706,-1.179024470547907,-0.9495571283480776,1.1164682504182242,0.9048055324001227,-0.7257958293968509,0.853056793629862,-1.7678662503194236,1.2644257563347332,-0.22345527558581418,0.10749237562073138,-1.0161329645585022,1
-0.8043672005990544,-1.1099901739376037,-1.179024470547907,-0.794523364898468,-0.911310674287764,0.9048055324001227,-1.0741845200121878,-1.461440576166749,0.16232109803924238,-0.570312581972397,-0.4814607612315388,-1.0235034680811452,-1.0161329645585022,1
-0.8043672005990544,-1.1099901739376037,1.5251962127575889,-0.23400453367538607,-0.5733475201700994,0.9048055324001227,1.8454710658400681,0.853056793629862,-0.05587399351434607,2.1817949254882985,-0.7394662468772634,1.0797519605574324,-1.0161329645585022,1
-0.2960199349169384,0.9009088760241706,0.8491410419312149,-0.07710726975852022,-0.404365943111267,0.9048055324001227,-0.3146971744707537,0.2744324511807092,0.8370474580741847,-0.45564143582820127,-0.22345527558581418,0.40512286080543575,-1.0161329645585022,1
-0.9738162891597597,-1.1099901739376037,-0.502969299721533,-0.9052753036854816,-0.911310674287764,0.21058638994196582,-0.4882580857954851,-0.3041918912684436,-1.1233515183457474,1.7231103409115156,-0.7394662468772634,-0.9639773710442044,-1.0161329645585022,1
-0.634918112038349,-1.1099901739376037,-1.179024470547907,-0.14469864263865972,-0.7423290972289317,0.9048055324001227,-0.3729731009009554,0.2744324511807092,0.26302652491012896,-0.45564143582820127,-0.7394662468772634,-2.094973214746081,-1.0161329645585022,1
-0.8043672005990544,-1.1099901739376037,-0.502969299721533,-0.6324619937545448,-0.404365943111267,0.9048055324001227,0.7136828968274266,0.2744324511807092,-0.5056915668709743,2.411137217776689,-0.997471732522988,-0.36871640067479566,-1.0161329645585022,1
-0.634918112038349,0.9009088760241706,0.8491410419312149,-0.6753225045014369,-0.7423290972289317,0.9048055324001227,0.06599664927436881,-0.3041918912684436,1.5184875132338527,1.4937680486231246,-0.4814607612315388,0.40512286080543575,-1.0161329645585022,1
0.21232733076517762,0.9009088760241706,0.8491410419312149,0.002991665579813289,0.10257878806523006,-1.177851894974348,-1.1383197107845564,-0.3041918912684436,1.3707862204898853,-1.2583394588375707,0.5505611813513597,-0.051243883144444294,-1.0161329645585022,1
-0.46546902347764374,0.9009088760241706,-1.179024470547907,-0.5866009314078333,-0.23538436605243465,0.9048055324001227,-0.6348980528453949,0.2744324511807092,1.753466842599256,-0.11162799739561437,-0.4814607612315388,-0.051243883144444294,-1.0161329645585022,1
1.906818216372231,0.9009088760241706,0.8491410419312149,-1.135622912290555,1.6234129815947211,0.9048055324001227,-1.3169480939727838,-0.8828162337175963,0.3872298847175565,0.23238544103697253,2.6146050665171567,0.14717644031202531,-1.0161329645585022,1
-0.9738162891597597,0.9009088760241706,0.8491410419312149,-0.5664024814279972,-0.911310674287764,0.9048055324001227,-0.7257958293968509,0.2744324511807092,0.561785957960427,-0.34097028968400567,-0.4814607612315388,-0.7853990799333818,-1.0161329645585022,1
-1.143265377720465,-1.1099901739376037,0.8491410419312149,-1.0974211527118034,-0.5733475201700994,0.9048055324001227,-1.0889118601154724,0.2744324511807092,-0.018948670328354386,1.379096902478929,-0.7394662468772634,-0.11076998018138517,-1.0161329645585022,1
-0.2960199349169384,-1.1099901739376037,-0.502969299721533,-0.6037040755268032,-0.404365943111267,-1.177851894974348,-0.5970503723649107,-0.3041918912684436,0.5987112811464187,0.003043148748581378,0.29255569570563505,-0.190138109563973,-1.0161329645585022,1
-0.9738162891597597,-1.1099901739376037,0.8491410419312149,-0.9770990335590504,-0.911310674287764,0.9048055324001227,-1.042512820865339,-0.3041918912684436,0.5248606347744353,0.3470565871811683,-0.4814607612315388,-0.22982217425526694,-1.0161329645585022,1
-0.12657084635623306,0.9009088760241706,-0.502969299721533,-0.44437478557639964,-0.7423290972289317,0.9048055324001227,0.06599664927436881,-1.461440576166749,1.8407448792206904,0.5763988794695595,0.03455021005991044,0.8416475724096689,-1.0161329645585022,1
-0.634918112038349,0.9009088760241706,-1.179024470547907,-0.2984848083178182,-0.23538436605243465,0.9048055324001227,1.0161476236798326,-0.3041918912684436,-0.11629724963687813,1.379096902478929,-0.997471732522988,-0.7060309505507939,-1.0161329645585022,1
-0.46546902347764374,0.9009088760241706,-0.502969299721533,-0.6573507796562036,-0.5733475201700994,-1.177851894974348,0.6170842144295378,-0.8828162337175963,0.7363420312032976,2.411137217776689,-0.22345527558581418,-0.5869787564769122,-1.0161329645585022,1
-0.8043672005990544,-1.1099901739376037,-0.502969299721533,-0.6957104630033669,-0.911310674287764,0.9048055324001227,0.06599664927436881,-0.8828162337175963,2.5557534100039887,1.6084391947673204,-0.4814607612315388,1.0400678958661385,-1.0161329645585022,1
0.38177641932588297,0.9009088760241706,-0.502969299721533,-0.4676685414171019,0.6095235192417271,0.9048055324001227,-0.9411633835954227,-1.461440576166749,1.7333257572250789,-0.7996548742607882,0.5505611813513597,1.1392780575943733,-1.0161329645585022,1
0.21232733076517762,0.9009088760241706,-0.502969299721533,-1.0175748954029282,-0.06640278899360229,0.9048055324001227,-1.2008713165995828,1.4316811360790147,-0.09615616426270057,-0.11162799739561437,0.29255569570563505,-0.9044512740072636,-1.0161329645585022,1
1.5679200392508204,-1.1099901739376037,-1.179024470547907,-0.5811999385281587,2.130357712771218,0.9048055324001227,-0.40543659252647546,0.2744324511807092,1.8608859645948685,0.23238544103697253,2.872610552162881,1.0995939929030794,-1.0161329645585022,1
1.2290218621294098,-1.1099901739376037,-1.179024470547907,-0.1269638034460437,1.2854498274770565,0.9048055324001227,0.05000244120521017,-0.8828162337175963,0.8437611531989103,0.003043148748581378,0.8085666669970842,1.4765926074703717,-1.0161329645585022,1
0.21232733076517762,-1.1099901739376037,0.8491410419312149,-0.40904723858273795,-0.404365943111267,0.9048055324001227,-0.5674373336626071,0.853056793629862,0.8437611531989103,-0.34097028968400567,0.5505611813513597,-1.2814498885745558,-1.0161329645585022,1
1.2290218621294098,0.9009088760241706,0.8491410419312149,-0.29643179932846814,1.1164682504182242,0.9048055324001227,1.2578026881702888,0.853056793629862,0.6188523665205963,1.7231103409115156,-0.22345527558581418,-0.07108591549009124,-1.0161329645585022,1
0.890123685007999,-1.1099901739376037,-0.502969299721533,1.0276958292949372,0.9474866733593919,-1.177851894974348,-1.170466485418608,-1.461440576166749,1.7198983669756265,-1.3730106049817663,1.3245776382885335,1.238488219322608,-1.0161329645585022,1
-0.634918112038349,-1.1099901739376037,0.8491410419312149,-1.0457642880643883,-0.911310674287764,0.21058638994196582,-0.7397313770214644,-0.3041918912684436,-0.3613471216893698,2.525808363920885,-0.7394662468772634,0.9210157017922567,-1.0161329645585022,1
-0.9738162891597597,0.9009088760241706,-0.502969299721533,-0.5563269450033409,-0.911310674287764,0.9048055324001227,-0.7257958293968509,0.2744324511807092,1.2801513363060872,-0.34097028968400567,-0.4814607612315388,1.1591200899400202,-1.0161329645585022,1
-0.634918112038349,0.9009088760241706,-0.502969299721533,-0.6808182516421586,-0.404365943111267,0.9048055324001227,-0.6782882806765778,-0.8828162337175963,1.5352717510456675,0.003043148748581378,-0.4814607612315388,-0.32903233598350173,-1.0161329645585022,1
0.21232733076517762,0.9009088760241706,0.17308587110484092,0.24968438421548125,0.2715603651240624,0.9048055324001227,0.9738659053187895,-0.8828162337175963,0.6859893177678545,0.23238544103697253,-0.22345527558581418,-0.15045404487267908,-1.0161329645585022,1
0.38177641932588297,-1.1099901739376037,-0.502969299721533,-0.6452538189958796,-0.23538436605243465,0.9048055324001227,0.5846207228040178,-0.8828162337175963,0.001192415045823164,2.2964660716324943,0.03455021005991044,-0.24966420660091387,-1.0161329645585022,1
0.21232733076517762,-1.1099901739376037,-0.502969299721533,0.6076501900739208,0.10257878806523006,0.9048055324001227,0.9271501490771875,-1.461440576166749,0.5450017201486129,-0.11162799739561437,-0.4814607612315388,0.7027533459901402,-1.0161329645585022,1
-0.9738162891597597,-1.1099901739376037,-0.502969299721533,-0.4886408178621545,-0.911310674287764,0.9048055324001227,0.7068734815108542,-1.461440576166749,0.1791053358510565,1.7231103409115156,-0.4814607612315388,-0.7853990799333818,-1.0161329645585022,1
0.38177641932588297,0.9009088760241706,-0.502969299721533,-0.843211262699746,0.10257878806523006,0.9048055324001227,0.06599664927436881,1.4316811360790147,0.20260326878759688,2.7551506562092767,0.03455021005991044,-0.5671367241312653,-1.0161329645585022,1
1.398470950690115,0.9009088760241706,-0.502969299721533,-0.5645547733375822,1.4544314045358888,0.9048055324001227,1.0161476236798326,0.853056793629862,-0.5963264510547723,2.525808363920885,2.6146050665171567,0.7027533459901402,-1.0161329645585022,1
-0.46546902347764374,0.9009088760241706,-0.502969299721533,-0.17702563803250213,-0.06640278899360229,0.9048055324001227,-0.9098084014400425,-1.461440576166749,1.3506451351157078,-0.9143260204049839,-0.7394662468772634,0.20670253734896618,-1.0161329645585022,1
0.38177641932588297,0.9009088760241706,-0.502969299721533,2.372479886826572,0.10257878806523006,-1.177851894974348,0.3626021117846077,0.853056793629862,2.092508446397908,-1.0289971665491795,0.8085666669970842,0.008282213892496587,-1.0161329645585022,1
-0.8043672005990544,0.9009088760241706,0.8491410419312149,-0.6781493399560036,-0.7423290972289317,0.9048055324001227,-0.7257958293968509,-0.8828162337175963,-0.6668202498643935,0.003043148748581378,-0.7394662468772634,-1.3409759856114967,-1.0161329645585022,1
0.890123685007999,0.9009088760241706,-0.502969299721533,-0.9713664007657115,0.9474866733593919,0.9048055324001227,-1.121692068732461,0.853056793629862,0.4140846652164597,0.003043148748581378,0.03455021005991044,1.5956448015442533,-1.0161329645585022,1
-0.634918112038349,-1.1099901739376037,0.8491410419312149,-0.6948418822771034,-0.911310674287764,0.9048055324001227,-0.10233843169113252,0.2744324511807092,0.2898813054090322,1.2644257563347332,-0.4814607612315388,0.821805540064022,-1.0161329645585022,1
-0.634918112038349,-1.1099901739376037,0.8491410419312149,-0.6196385837595276,-0.7423290972289317,0.9048055324001227,-0.5674373336626071,-1.461440576166749,1.0485288545030476,0.1177142948927768,-0.4814607612315388,-0.36871640067479566,-1.0161329645585022,1
1.906818216372231,0.9009088760241706,0.8491410419312149,0.809460973727029,2.130357712771218,-1.177851894974348,0.7876363143353186,1.4316811360790147,0.8773296288225392,-0.34097028968400567,2.356599580871432,-0.32903233598350173,-1.0161329645585022,1
-0.634918112038349,-1.1099901739376037,-0.502969299721533,0.42224768595877193,-0.911310674287764,-1.177851894974348,-0.8227112287862083,-0.3041918912684436,-0.7943804572341833,-1.143668312693375,-0.4814607612315388,0.3455967637684949,-1.0161329645585022,1
-0.8043672005990544,0.9009088760241706,-0.502969299721533,-0.678812619783332,-0.7423290972289317,0.9048055324001227,-0.8841543251310949,0.2744324511807092,1.7769647755357962,-0.34097028968400567,-0.4814607612315388,-1.9759210206721993,-1.0161329645585022,1
0.38177641932588297,-1.1099901739376037,1.5251962127575889,10.363233059928445,-0.06640278899360229,-1.177851894974348,1.9788089192483016,0.2744324511807092,-0.13643833501105568,-1.2583394588375707,0.8085666669970842,-0.190138109563973,-1.0161329645585022,1
-0.634918112038349,-1.1099901739376037,0.8491410419312149,-0.7005271379399188,-0.5733475201700994,0.9048055324001227,-0.33876766582235873,0.2744324511807092,0.06497251873071805,0.8057411717579506,-0.4814607612315388,0.22654456969461315,-1.0161329645585022,1
0.21232733076517762,0.9009088760241706,-0.502969299721533,-0.5852112022458118,-0.06640278899360229,0.9048055324001227,-1.042512820865339,-1.461440576166749,0.36708879934337896,-0.7996548742607882,0.8085666669970842,-1.2814498885745558,-1.0161329645585022,1
-0.9738162891597597,0.9009088760241706,0.8491410419312149,-0.6129742007325606,-0.911310674287764,0.9048055324001227,-0.5886573720909958,-0.8828162337175963,0.001192415045823164,0.003043148748581378,-0.4814607612315388,-2.23386744116561,-1.0161329645585022,1
-0.2960199349169384,0.9009088760241706,0.8491410419312149,-0.579083760031444,-0.5733475201700994,0.9048055324001227,0.39759933934187563,-0.8828162337175963,-0.5056915668709743,1.6084391947673204,0.03455021005991044,1.1392780575943733,-1.0161329645585022,1
-0.634918112038349,-1.1099901739376037,1.5251962127575889,-0.22045467434567587,-0.404365943111267,0.9048055324001227,-0.7257958293968509,-0.8828162337175963,1.676259348664909,-0.6849837281165926,-0.4814607612315388,0.14717644031202531,-1.0161329645585022,1
3.940207279100695,-1.1099901739376037,-1.179024470547907,-0.9613382414715785,4.158136637477206,0.9048055324001227,-1.326924679204041,-0.8828162337175963,0.001192415045823164,-0.9143260204049839,3.646627009100055,-0.17029607721832604,-1.0161329645585022,1
-0.12657084635623306,-1.1099901739376037,1.5251962127575889,-0.45980393775020717,-0.06640278899360229,0.9048055324001227,0.23876576812042896,-1.461440576166749,1.223084927745918,0.9204123179021463,-0.22345527558581418,0.6233852166075523,-1.0161329645585022,1
-0.634918112038349,-1.1099901739376037,-0.502969299721533,-0.5018748296550416,-0.911310674287764,-1.177851894974348,-1.0011812534787012,0.2744324511807092,-0.6533928596149416,-0.7996548742607882,-0.7394662468772634,0.16701847265767225,-1.0161329645585022,1
2.2457163934936415,0.9009088760241706,0.17308587110484092,0.6227477023340642,2.2993392898300504,-1.177851894974348,-0.3040871552565593,0.2744324511807092,1.3842136107393372,-0.9143260204049839,1.8405886095799828,1.5162766721616654,-1.0161329645585022,1
-0.46546902347764374,-1.1099901739376037,-0.502969299721533,-0.5104500902797883,-0.911310674287764,0.9048055324001227,0.8577891279455886,-0.8828162337175963,1.4547074095489578,2.0671237793441026,-0.7394662468772634,-0.9441353386985575,-1.0161329645585022,1
0.21232733076517762,0.9009088760241706,1.5251962127575889,-0.7119292340192321,0.10257878806523006,0.9048055324001227,-0.14319492359056746,-0.8828162337175963,1.3707862204898853,1.2644257563347332,1.066572152642809,0.7027533459901402,-1.0161329645585022,1
-0.46546902347764374,-1.1099901739376037,-1.179024470547907,-0.8533183838780847,-0.23538436605243465,0.9048055324001227,0.08658325371982052,-1.461440576166749,0.11868207972852446,2.869821802353472,0.03455021005991044,0.7622794430270811,-1.0161329645585022,1
-0.46546902347764374,0.9009088760241706,0.8491410419312149,-0.7712927785651303,-0.06640278899360229,0.9048055324001227,-0.17154109432699713,0.2744324511807092,0.1791053358510565,1.4937680486231246,-0.7394662468772634,-0.9639773710442044,-1.0161329645585022,1
-0.2960199349169384,0.9009088760241706,0.8491410419312149,-0.17922077841342254,-0.404365943111267,-1.177851894974348,-0.18737694390042153,0.2744324511807092,-0.10286985938742682,-0.2262991435398101,0.29255569570563505,-1.0631875327724392,-1.0161329645585022,1
0.21232733076517762,0.9009088760241706,-0.502969299721533,0.23007025217876786,0.10257878806523006,0.9048055324001227,0.06599664927436881,-0.8828162337175963,1.6393340254789173,-0.34097028968400567,0.5505611813513597,0.16701847265767225,-1.0161329645585022,1
-0.46546902347764374,-1.1099901739376037,0.8491410419312149,-0.7506679344105831,-0.404365943111267,0.9048055324001227,-0.18310126451559694,-0.8828162337175963,1.0317446166912327,1.379096902478929,-0.4814607612315388,0.4844909901880236,-1.0161329645585022,1
0.21232733076517762,-1.1099901739376037,-0.502969299721533,-0.8018194429990811,0.7785050963005594,-1.177851894974348,-0.5552437294910703,-0.3041918912684436,1.0250309215665072,0.8057411717579506,0.8085666669970842,-0.6266628211682062,-1.0161329645585022,1
-0.634918112038349,-1.1099901739376037,-0.502969299721533,-0.1801683210238918,-0.911310674287764,-1.177851894974348,0.8577891279455886,0.2744324511807092,0.0851136041048956,0.9204123179021463,-0.7394662468772634,0.6432272489531993,-1.0161329645585022,1
0.0428782422044723,0.9009088760241706,-0.502969299721533,-0.6370259906616383,0.10257878806523006,0.9048055324001227,0.38271364074285674,0.2744324511807092,1.0854541776890392,1.8377814870557112,1.066572152642809,0.7225953783357871,-1.0161329645585022,1
2.415165482054347,0.9009088760241706,-1.179024470547907,0.19957517249849935,2.130357712771218,-1.177851894974348,1.6495816066168083,-0.3041918912684436,2.173072787894618,0.9204123179021463,1.582583123934258,1.2186461869769611,-1.0161329645585022,1
-0.8043672005990544,-1.1099901739376037,-1.179024470547907,-0.8473330730552873,-0.911310674287764,0.9048055324001227,0.06599664927436881,-0.8828162337175963,0.5416448725862495,2.7551506562092767,-0.4814607612315388,1.0003838311748445,-1.0161329645585022,1
-0.46546902347764374,0.9009088760241706,-0.502969299721533,0.5215185667822665,-0.911310674287764,0.9048055324001227,3.3053780380140636,0.853056793629862,1.2633670984942724,1.4937680486231246,-0.7394662468772634,0.40512286080543575,-1.0161329645585022,1
-0.634918112038349,0.9009088760241706,1.5251962127575889,-0.6739801524699388,-0.404365943111267,0.9048055324001227,-0.03392756153393913,0.2744324511807092,0.31673608590793534,1.2644257563347332,-0.7394662468772634,-0.8647672093159696,-1.0161329645585022,1
1.2290218621294098,0.9009088760241706,-0.502969299721533,2.144627473762401,1.7923945586535535,-1.177851894974348,0.9010209972810372,0.853056793629862,0.984748750818152,-0.7996548742607882,1.066572152642809,0.5837011519162584,-1.0161329645585022,1
0.38177641932588297,0.9009088760241706,-1.179024470547907,-0.6935153226224464,-0.23538436605243465,0.9048055324001227,0.06599664927436881,-0.3041918912684436,0.8571885434483623,1.6084391947673204,0.03455021005991044,0.40512286080543575,-1.0161329645585022,1
0.0428782422044723,-1.1099901739376037,-1.179024470547907,-0.5781362174209748,-0.23538436605243465,0.9048055324001227,-0.8841543251310949,0.2744324511807092,0.10189784191671032,-0.570312581972397,0.5505611813513597,1.6353288662355472,-1.0161329645585022,1
-0.634918112038349,0.9009088760241706,-1.179024470547907,-0.9064123548180447,-0.911310674287764,0.9048055324001227,-0.8841543251310949,-1.461440576166749,0.44765314084008856,0.4617277333253637,-0.4814607612315388,-2.8688124762263127,-1.0161329645585022,1
-0.634918112038349,0.9009088760241706,-1.179024470547907,0.05488541587984561,-0.911310674287764,-1.177851894974348,0.06599664927436881,0.853056793629862,1.9380934585292153,-0.2262991435398101,-0.4814607612315388,-0.15045404487267908,-1.0161329645585022,1
0.7206745964472937,0.9009088760241706,-0.502969299721533,0.18299317681528754,0.10257878806523006,-1.177851894974348,1.5976400200159764,-0.3041918912684436,0.7967652873258302,0.8057411717579506,0.5505611813513597,-1.0036614357354983,-1.0161329645585022,1
-0.12657084635623306,-1.1099901739376037,-0.502969299721533,-0.18672215741297074,-0.7423290972289317,0.9048055324001227,0.06599664927436881,-1.461440576166749,0.44765314084008856,0.1177142948927768,-0.22345527558581418,-0.7853990799333818,-1.0161329645585022,1
0.7206745964472937,0.9009088760241706,0.8491410419312149,0.9772233929106088,0.7785050963005594,-1.177851894974348,2.4413740852880284,0.853056793629862,0.44429629327772574,0.4617277333253637,0.29255569570563505,0.8813316371009629,-1.0161329645585022,1
0.890123685007999,0.9009088760241706,-0.502969299721533,-0.6795390691180251,0.7785050963005594,0.9048055324001227,-0.5674373336626071,0.2744324511807092,2.2670645196407797,0.23238544103697253,0.8085666669970842,0.40512286080543575,-1.0161329645585022,1
0.38177641932588297,-1.1099901739376037,-0.502969299721533,-0.3858798217567649,-0.23538436605243465,0.9048055324001227,0.8577891279455886,-1.461440576166749,-0.8178783901707236,1.4937680486231246,0.03455021005991044,0.5440170872249644,-1.0161329645585022,1
-0.9738162891597597,0.9009088760241706,-1.179024470547907,-0.696136857178078,-0.911310674287764,0.9048055324001227,0.38271364074285674,0.2744324511807092,-1.459036274582037,2.1817949254882985,-0.4814607612315388,-2.8489704438806656,-1.0161329645585022,1
0.0428782422044723,-1.1099901739376037,1.5251962127575889,0.23161790510920097,0.4405419421828948,0.9048055324001227,1.357885257474331,-1.461440576166749,0.08175675654253277,0.5763988794695595,-0.22345527558581418,0.9408577341379036,-1.0161329645585022,1
0.0428782422044723,-1.1099901739376037,1.5251962127575889,-0.6745013009056969,0.10257878806523006,0.9048055324001227,0.38271364074285674,-1.461440576166749,0.04483143335654109,2.0671237793441026,0.8085666669970842,0.7027533459901402,-1.0161329645585022,1
-0.634918112038349,-1.1099901739376037,-0.502969299721533,-0.4512918466328251,-0.7423290972289317,0.9048055324001227,-0.5674373336626071,-0.3041918912684436,0.13210946997797635,-0.2262991435398101,-0.7394662468772634,0.6630692812988462,-1.0161329645585022,1
-0.8043672005990544,0.9009088760241706,-0.502969299721533,-0.907059842268532,-0.7423290972289317,0.9048055324001227,-0.8841543251310949,0.2744324511807092,0.024690347982363543,0.4617277333253637,-0.7394662468772634,-0.5472946917856183,-1.0161329645585022,1
0.0428782422044723,-1.1099901739376037,0.8491410419312149,-0.7161300062589792,0.10257878806523006,0.9048055324001227,-0.14240313111189626,-0.8828162337175963,2.089151598835546,1.2644257563347332,0.8085666669970842,0.6829113136444932,-1.0161329645585022,1
2.754063659175758,0.9009088760241706,1.5251962127575889,-0.7410503769143203,2.9752655980653797,0.9048055324001227,-0.9840785359394029,-1.461440576166749,1.3842136107393372,-0.45564143582820127,2.356599580871432,2.0718535778397804,-1.0161329645585022,1
2.0762673049329363,0.9009088760241706,-1.179024470547907,2.1087629859561403,1.4544314045358888,-1.177851894974348,2.4071686502094316,-1.461440576166749,0.001192415045823164,-0.2262991435398101,2.872610552162881,0.0479662785837905,-1.0161329645585022,1
2.2457163934936415,0.9009088760241706,0.8491410419312149,0.5360001763456048,1.6234129815947211,-1.177851894974348,2.3462006293517477,1.4316811360790147,0.8941138666343539,0.8057411717579506,2.6146050665171567,-0.5671367241312653,-1.0161329645585022,1
0.7206745964472937,-1.1099901739376037,-0.502969299721533,-0.6359521090364398,0.6095235192417271,0.9048055324001227,-0.9948469136493315,-1.461440576166749,-0.388201902188273,-0.6849837281165926,-0.22345527558581418,-0.4282424977117365,-1.0161329645585022,1
-0.634918112038349,-1.1099901739376037,-1.179024470547907,-0.5720877370908127,-0.06640278899360229,0.9048055324001227,1.7406377416639986,-1.461440576166749,0.5248606347744353,3.7871909715070364,-0.4814607612315388,0.3455967637684949,-1.0161329645585022,1
1.7373691278115257,0.9009088760241706,-1.179024470547907,-0.4994428036215039,1.6234129815947211,0.9048055324001227,0.38271364074285674,0.853056793629862,0.23617174441122635,1.2644257563347332,1.8405886095799828,0.32575473142284794,-1.0161329645585022,1
-0.46546902347764374,0.9009088760241706,-1.179024470547907,-0.5087918907114671,-0.7423290972289317,0.9048055324001227,1.0161476236798326,0.853056793629862,0.860545391010725,2.2964660716324943,-0.997471732522988,-0.44808453005738347,-1.0161329645585022,1
2.0762673049329363,0.9009088760241706,1.5251962127575889,-0.6811972686863463,2.4683208668888827,0.9048055324001227,-0.5674373336626071,1.4316811360790147,0.5080763969626206,0.23238544103697253,0.8085666669970842,0.7424374106814341,-1.0161329645585022,1
-0.634918112038349,0.9009088760241706,-1.179024470547907,-0.13080135101844412,-0.911310674287764,0.9048055324001227,0.38271364074285674,0.2744324511807092,2.253637129391327,0.3470565871811683,-0.7394662468772634,-0.7655570475877348,-1.0161329645585022,1
-0.2960199349169384,-1.1099901739376037,-0.502969299721533,0.23371829122907448,-0.7423290972289317,0.9048055324001227,-0.5132787281214956,0.853056793629862,0.8034789824505558,-0.7996548742607882,-0.4814607612315388,0.7424374106814341,-1.0161329645585022,1
1.5679200392508204,-1.1099901739376037,0.8491410419312149,-0.013985139524427351,1.6234129815947211,0.9048055324001227,1.6495816066168083,-0.3041918912684436,1.2264417753082808,1.2644257563347332,2.872610552162881,0.028124246238143545,-1.0161329645585022,1
0.890123685007999,0.9009088760241706,-0.502969299721533,-0.95492653647407,0.7785050963005594,0.21058638994196582,-0.9199433451670341,1.4316811360790147,-0.9252975121663365,0.5763988794695595,0.8085666669970842,1.0003838311748445,-1.0161329645585022,1
2.754063659175758,0.9009088760241706,-1.179024470547907,-0.2242922219180763,2.4683208668888827,-1.177851894974348,-0.2903099661276801,1.4316811360790147,1.5822676169187482,-0.2262991435398101,1.8405886095799828,1.278172284013902,-1.0161329645585022,1
-0.634918112038349,0.9009088760241706,-1.179024470547907,-0.5229102756074588,-0.7423290972289317,0.9048055324001227,0.38271364074285674,0.853056793629862,0.5517154152733386,1.379096902478929,-0.7394662468772634,0.8416475724096689,-1.0161329645585022,1
1.0595727735687044,0.9009088760241706,-0.502969299721533,-0.4859561137991583,0.6095235192417271,0.9048055324001227,0.8577891279455886,-1.461440576166749,1.1324500435621199,1.952452633199907,0.03455021005991044,0.14717644031202531,-1.0161329645585022,1
0.21232733076517762,-1.1099901739376037,-0.502969299721533,-0.8856769640256094,0.4405419421828948,0.9048055324001227,-0.8841543251310949,-1.461440576166749,-0.5191189571204256,0.3470565871811683,0.03455021005991044,1.0797519605574324,-1.0161329645585022,1
0.38177641932588297,0.9009088760241706,1.5251962127575889,-0.703196049626074,0.6095235192417271,0.9048055324001227,-0.09236184645987515,0.2744324511807092,-0.2673553899432083,1.2644257563347332,0.8085666669970842,0.16701847265767225,-1.0161329645585022,1
0.38177641932588297,-1.1099901739376037,-1.179024470547907,-0.3223155049711197,0.6095235192417271,0.9048055324001227,0.06599664927436881,0.2744324511807092,1.4916327327349495,0.3470565871811683,0.5505611813513597,-0.44808453005738347,-1.0161329645585022,1
1.2290218621294098,0.9009088760241706,-0.502969299721533,-0.4317250917266352,0.4405419421828948,0.9048055324001227,0.6265857241735924,0.2744324511807092,1.2767944887437244,1.379096902478929,1.582583123934258,-0.9242933063529105,-1.0161329645585022,1
-0.12657084635623306,-1.1099901739376037,1.5251962127575889,-0.3935707092784069,0.10257878806523006,0.9048055324001227,1.3274804262933562,-1.461440576166749,0.5919975860216931,2.1817949254882985,0.29255569570563505,-1.162397694500674,-1.0161329645585022,1
-0.634918112038349,-1.1099901739376037,0.8491410419312149,-0.33960815761218344,-0.911310674287764,0.9048055324001227,1.3328646151483206,-1.461440576166749,-0.492264176621523,1.952452633199907,-0.7394662468772634,-1.7576586648700827,-1.0161329645585022,1
-0.46546902347764374,0.9009088760241706,-1.179024470547907,-0.881839416453209,-0.5733475201700994,0.9048055324001227,-0.2507203421941191,-0.3041918912684436,0.665848232393677,2.1817949254882985,-0.4814607612315388,1.1591200899400202,-1.0161329645585022,1
-0.634918112038349,0.9009088760241706,-0.502969299721533,-0.6933100217235114,-0.911310674287764,0.9048055324001227,-1.2810007154411103,0.853056793629862,1.0485288545030476,-1.143668312693375,-0.7394662468772634,0.9408577341379036,-1.0161329645585022,1
-0.46546902347764374,0.9009088760241706,-1.179024470547907,-0.528563946516592,-0.06640278899360229,0.9048055324001227,0.5681514392476564,-0.8828162337175963,-0.14315203013578132,1.6084391947673204,-0.4814607612315388,1.1789621222856672,-1.0161329645585022,1
-0.12657084635623306,0.9009088760241706,-0.502969299721533,-0.6777229457812923,-0.06640278899360229,0.9048055324001227,-0.7257958293968509,-1.461440576166749,2.270421367203142,0.003043148748581378,1.066572152642809,-1.9759210206721993,-1.0161329645585022,1
-0.2960199349169384,0.9009088760241706,-1.179024470547907,-0.6284033529063682,-0.23538436605243465,0.9048055324001227,-0.8534327769586516,0.2744324511807092,1.6393340254789173,-0.45564143582820127,-0.4814607612315388,-0.011559818453150373,-1.0161329645585022,1
-0.634918112038349,0.9009088760241706,-1.179024470547907,-0.4097578955405899,-0.23538436605243465,0.9048055324001227,-0.7257958293968509,0.2744324511807092,0.790051592201104,-0.570312581972397,-0.7394662468772634,1.0995939929030794,-1.0161329645585022,1
-0.2960199349169384,0.9009088760241706,-1.179024470547907,-0.3216838098974735,-0.911310674287764,0.9048055324001227,-1.042512820865339,-1.461440576166749,0.1488937077897905,-1.0289971665491795,-0.4814607612315388,-0.9441353386985575,-1.0161329645585022,1
1.0595727735687044,-1.1099901739376037,0.8491410419312149,-0.39260737429109654,1.1164682504182242,0.9048055324001227,-0.7949984920327156,-1.461440576166749,1.8172469462841514,-0.6849837281165926,1.066572152642809,-0.7457150152420878,-1.0161329645585022,1
-0.634918112038349,-1.1099901739376037,1.5251962127575889,-0.3402714374395119,-0.06640278899360229,0.9048055324001227,-0.9986475175469534,-0.8828162337175963,-0.06258768863907171,-0.9143260204049839,-0.4814607612315388,1.9528013837658986,-1.0161329645585022,1
-0.2960199349169384,-1.1099901739376037,0.17308587110484092,-0.6786862807686028,-0.404365943111267,0.9048055324001227,-0.4736891041879346,-0.3041918912684436,0.739698878765661,0.4617277333253637,-0.22345527558581418,0.8614896047553159,-1.0161329645585022,1
1.0595727735687044,0.9009088760241706,0.8491410419312149,-0.6772649668528989,0.2715603651240624,0.9048055324001227,0.37986318781964035,-1.461440576166749,-0.4419114631860794,2.0671237793441026,0.03455021005991044,-0.38855843302044263,-1.0161329645585022,1
0.890123685007999,0.9009088760241706,-1.179024470547907,-0.6633676752326834,0.9474866733593919,0.9048055324001227,0.5410721364771007,-0.8828162337175963,-0.04244660326489417,2.2964660716324943,0.5505611813513597,1.0995939929030794,-1.0161329645585022,1
0.38177641932588297,-1.1099901739376037,-1.179024470547907,-0.46441531178782414,0.4405419421828948,0.9048055324001227,-1.003081555427512,-1.461440576166749,0.8706159336978135,-0.9143260204049839,0.03455021005991044,-0.5671367241312653,-1.0161329645585022,1
0.21232733076517762,0.9009088760241706,-1.179024470547907,0.3833352694221683,0.10257878806523006,-1.177851894974348,-0.8691102680363417,-1.461440576166749,1.2767944887437244,-1.143668312693375,-0.22345527558581418,-0.38855843302044263,-1.0161329645585022,1
1.398470950690115,0.9009088760241706,-1.179024470547907,-0.5173197742056903,1.9613761357123858,0.9048055324001227,0.5310955512458433,-1.461440576166749,-0.22371637163249095,1.4937680486231246,1.8405886095799828,0.286070666731554,-1.0161329645585022,1
-0.8043672005990544,-1.1099901739376037,-0.502969299721533,0.23626086390050027,-0.911310674287764,0.9048055324001227,2.4413740852880284,1.4316811360790147,1.119022653312668,1.379096902478929,-0.7394662468772634,0.38528082845978884,-1.0161329645585022,1
1.906818216372231,-1.1099901739376037,-0.502969299721533,-0.022576192526015174,2.130357712771218,-1.177851894974348,3.2331665639592484,0.2744324511807092,2.2872056050149565,2.7551506562092767,2.356599580871432,1.1988041546313142,-1.0161329645585022,1
-0.46546902347764374,0.9009088760241706,-1.179024470547907,-0.5568323010622579,-0.5733475201700994,0.9048055324001227,-1.121692068732461,-0.3041918912684436,0.06497251873071805,-0.9143260204049839,-0.7394662468772634,1.1392780575943733,-1.0161329645585022,1
-0.634918112038349,0.9009088760241706,0.8491410419312149,-0.029303745060346813,-0.911310674287764,0.9048055324001227,-0.306462532692573,-1.461440576166749,0.7162009458291205,-0.45564143582820127,-0.4814607612315388,0.6035431842619053,-1.0161329645585022,1
-0.46546902347764374,0.9009088760241706,-1.179024470547907,-0.5601171154452179,-0.5733475201700994,0.9048055324001227,-1.109498464560924,-0.3041918912684436,1.6426908730412801,-0.9143260204049839,-0.4814607612315388,0.5241750548793175,-1.0161329645585022,1
0.38177641932588297,0.9009088760241706,0.8491410419312149,-0.4477385618435654,0.6095235192417271,0.9048055324001227,0.8181995040120276,0.853056793629862,0.001192415045823164,1.7231103409115156,0.5505611813513597,1.3773824457421369,-1.0161329645585022,1
0.38177641932588297,0.9009088760241706,1.5251962127575889,-0.674201245745715,0.10257878806523006,0.9048055324001227,0.7192254441781252,0.2744324511807092,1.1559479764986598,2.7551506562092767,1.066572152642809,0.4844909901880236,-1.0161329645585022,1
0.21232733076517762,-1.1099901739376037,-0.502969299721533,-0.5860008210878694,0.10257878806523006,0.9048055324001227,-0.7257958293968509,0.2744324511807092,1.2600102509319098,-0.2262991435398101,0.8085666669970842,0.3455967637684949,-1.0161329645585022,1
0.0428782422044723,0.9009088760241706,-0.502969299721533,-0.6240604492750508,0.4405419421828948,0.9048055324001227,-0.2589549839722998,0.853056793629862,0.9679645130063379,0.6910700256137552,0.5505611813513597,-1.5195542767223194,-1.0161329645585022,1
-0.12657084635623306,0.9009088760241706,1.5251962127575889,-0.41031062873003027,-0.06640278899360229,-1.177851894974348,-0.5674373336626071,-0.8828162337175963,1.5654833791069334,-0.34097028968400567,0.29255569570563505,1.2186461869769611,-1.0161329645585022,1
0.7206745964472937,-1.1099901739376037,-1.179024470547907,-0.020365259768253603,0.4405419421828948,-1.177851894974348,2.4413740852880284,-1.461440576166749,0.06832936629308146,2.0671237793441026,-0.22345527558581418,1.0003838311748445,-1.0161329645585022,1
0.7206745964472937,0.9009088760241706,-1.179024470547907,-0.31607751611886387,0.4405419421828948,0.9048055324001227,-0.9216852886201108,-1.461440576166749,1.2264417753082808,-0.9143260204049839,1.8405886095799828,1.0202258635204915,-1.0161329645585022,1
0.38177641932588297,-1.1099901739376037,-1.179024470547907,0.0544432293282933,0.4405419421828948,0.9048055324001227,1.9924277498814467,0.2744324511807092,2.011944104901199,1.4937680486231246,-0.22345527558581418,-2.134657279437375,-1.0161329645585022,1
-0.8043672005990544,0.9009088760241706,-1.179024470547907,-0.6801233870611478,-0.5733475201700994,0.9048055324001227,-0.7257958293968509,-0.8828162337175963,-0.6265380791160384,0.003043148748581378,-0.4814607612315388,0.7424374106814341,-1.0161329645585022,1
-0.46546902347764374,-1.1099901739376037,0.8491410419312149,-0.12225767514737976,-0.911310674287764,0.9048055324001227,-0.43536634822024756,-0.8828162337175963,0.8135495251376443,-0.570312581972397,-0.997471732522988,-0.03140185079879733,-1.0161329645585022,1
0.38177641932588297,0.9009088760241706,-0.502969299721533,-0.5509733292541897,0.6095235192417271,0.9048055324001227,0.38271364074285674,-0.8828162337175963,-0.2975670180044749,1.4937680486231246,0.29255569570563505,-0.7258729828964409,-1.0161329645585022,1
0.0428782422044723,0.9009088760241706,1.5251962127575889,-0.8701214728370726,0.2715603651240624,0.9048055324001227,-0.2507203421941191,0.2744324511807092,0.3469477139692014,2.0671237793441026,0.29255569570563505,0.32575473142284794,-1.0161329645585022,1
0.0428782422044723,0.9009088760241706,1.5251962127575889,10.200160976666687,0.6095235192417271,-1.177851894974348,2.4413740852880284,0.2744324511807092,-0.6701770974267564,-1.2583394588375707,0.8085666669970842,1.9924854484571926,-1.0161329645585022,1
0.5512255078865883,0.9009088760241706,-0.502969299721533,-0.8428322456555584,0.10257878806523006,0.9048055324001227,0.06599664927436881,1.4316811360790147,0.25966967734776614,2.7551506562092767,0.29255569570563505,0.7225953783357871,-1.0161329645585022,1
0.890123685007999,0.9009088760241706,-0.502969299721533,-0.6429797167307534,0.4405419421828948,0.9048055324001227,0.18824940798120515,-1.461440576166749,1.1290931959997565,1.4937680486231246,-0.22345527558581418,-0.20998014190961997,-1.0161329645585022,1
2.0762673049329363,-1.1099901739376037,-0.502969299721533,-1.0491596490852364,1.9613761357123858,0.9048055324001227,-0.9566825161773787,-0.8828162337175963,0.14553686022742765,1.379096902478929,2.356599580871432,0.801963507718375,-1.0161329645585022,1
-0.46546902347764374,-1.1099901739376037,1.5251962127575889,-0.5753409667200905,-0.404365943111267,0.9048055324001227,1.0161476236798326,-0.8828162337175963,-0.5996832986171352,2.640479510065081,-0.4814607612315388,1.298014316359549,-1.0161329645585022,1
1.5679200392508204,0.9009088760241706,0.8491410419312149,-0.515756328898416,1.6234129815947211,0.9048055324001227,-0.5799476548256123,1.4316811360790147,0.8101926775752815,-0.11162799739561437,0.8085666669970842,-0.26950623894656084,-1.0161329645585022,1
0.21232733076517762,0.9009088760241706,0.17308587110484092,-0.6062308558213878,-0.06640278899360229,0.9048055324001227,-0.5674373336626071,-1.461440576166749,1.360715677802797,0.003043148748581378,0.03455021005991044,-2.4124457322764323,-1.0161329645585022,1
-0.634918112038349,0.9009088760241706,-1.179024470547907,-0.04575940172882937,-0.911310674287764,-1.177851894974348,-1.1475045035371427,-0.3041918912684436,0.1522505553521539,-1.2583394588375707,-0.4814607612315388,-0.8052411122790287,-1.0161329645585022,1
-0.8043672005990544,0.9009088760241706,-1.179024470547907,-0.03307812312538264,-0.911310674287764,0.9048055324001227,0.1016273108145737,1.4316811360790147,0.6188523665205963,-0.11162799739561437,-0.7394662468772634,0.3654387961141419,-1.0161329645585022,1
0.0428782422044723,-1.1099901739376037,-0.502969299721533,-0.8565874058842036,-0.5733475201700994,0.9048055324001227,0.11081210356715984,-1.461440576166749,-0.47883678637207105,2.984492948497668,0.5505611813513597,0.6829113136444932,-1.0161329645585022,1
0.21232733076517762,-1.1099901739376037,1.5251962127575889,-0.4734011742104408,-0.06640278899360229,0.9048055324001227,-0.993896762674926,-1.461440576166749,1.045172006940684,-0.7996548742607882,0.03455021005991044,0.4844909901880236,-1.0161329645585022,1
0.7206745964472937,-1.1099901739376037,-0.502969299721533,0.2681298803659492,0.9474866733593919,0.9048055324001227,4.024959042630468,0.2744324511807092,0.48457846402608024,2.525808363920885,1.8405886095799828,-1.2616078562289088,-1.0161329645585022,1
0.21232733076517762,0.9009088760241706,-0.502969299721533,0.21415153632288456,-0.23538436605243465,-1.177851894974348,0.8577891279455886,-1.461440576166749,0.7598399641398379,0.23238544103697253,-0.4814607612315388,0.5043330225336705,-1.0161329645585022,1
0.0428782422044723,-1.1099901739376037,-1.179024470547907,-0.08416646220651611,-0.23538436605243465,0.9048055324001227,-0.29696102294851834,0.2744324511807092,0.04483143335654109,-0.45564143582820127,0.5505611813513597,0.5837011519162584,-1.0161329645585022,1
-0.12657084635623306,0.9009088760241706,-1.179024470547907,-0.03091456749814453,-0.06640278899360229,-1.177851894974348,-0.7204116405418867,0.853056793629862,-0.4452683107484422,-0.9143260204049839,0.29255569570563505,-1.3211339532658497,-1.0161329645585022,1
-0.12657084635623306,0.9009088760241706,-1.179024470547907,0.16767457127936808,-0.7423290972289317,-1.177851894974348,0.06599664927436881,1.4316811360790147,1.2801513363060872,-0.34097028968400567,-0.4814607612315388,0.4448069254967297,-1.0161329645585022,1
-0.46546902347764374,-1.1099901739376037,-1.179024470547907,-0.45012321074657974,-0.911310674287764,-1.177851894974348,-1.0388705754634513,-1.461440576166749,0.20596011634995973,-0.9143260204049839,-0.4814607612315388,0.10749237562073138,-1.0161329645585022,1
1.2290218621294098,-1.1099901739376037,-1.179024470547907,-0.6166696169133907,0.9474866733593919,0.9048055324001227,0.19268344586176397,-0.8828162337175963,1.149234281373934,1.379096902478929,2.098594095225707,0.40512286080543575,-1.0161329645585022,1
-0.2960199349169384,0.9009088760241706,0.8491410419312149,-0.27076918696159274,-0.7423290972289317,-1.177851894974348,-0.7257958293968509,-0.8828162337175963,-0.6936750303632967,-0.6849837281165926,-0.997471732522988,0.6829113136444932,-1.0161329645585022,1
-0.9738162891597597,0.9009088760241706,-1.179024470547907,-0.8670419593530475,-0.911310674287764,0.9048055324001227,-0.7340304711750317,0.2744324511807092,0.001192415045823164,0.6910700256137552,-0.7394662468772634,0.12733440796637835,-1.0161329645585022,1
-0.12657084635623306,0.9009088760241706,1.5251962127575889,-0.691209635603638,-0.23538436605243465,0.9048055324001227,-0.49142525571016993,-0.3041918912684436,1.192873299684652,0.4617277333253637,0.29255569570563505,1.4964346398160184,-1.0161329645585022,1
0.0428782422044723,-1.1099901739376037,-1.179024470547907,0.012119659394000351,-0.23538436605243465,0.9048055324001227,-0.07969316680113564,0.2744324511807092,1.5386285986080301,-0.34097028968400567,0.5505611813513597,0.5440170872249644,-1.0161329645585022,1
-0.12657084635623306,0.9009088760241706,-1.179024470547907,0.9300673556629226,-0.06640278899360229,-1.177851894974348,4.024959042630468,-1.461440576166749,2.340915166012763,1.2644257563347332,0.03455021005991044,0.18686050500331922,-1.0161329645585022,1
-0.2960199349169384,0.9009088760241706,-0.502969299721533,-0.678291471347574,-0.23538436605243465,0.9048055324001227,-1.1324604464423895,-0.3041918912684436,1.3707862204898853,-0.7996548742607882,0.5505611813513597,-0.5472946917856183,-1.0161329645585022,1
0.21232733076517762,0.9009088760241706,1.5251962127575889,-0.12773762991126023,-0.23538436605243465,-1.177851894974348,-0.7257958293968509,-1.461440576166749,0.12875262241561353,-0.7996548742607882,0.03455021005991044,1.0202258635204915,-1.0161329645585022,1
-0.8043672005990544,0.9009088760241706,1.5251962127575889,-0.9743669523655307,-0.911310674287764,0.9048055324001227,-1.042512820865339,-0.3041918912684436,-1.0092187012254088,0.23238544103697253,-0.7394662468772634,-0.190138109563973,-1.0161329645585022,1
0.0428782422044723,-1.1099901739376037,1.5251962127575889,-0.452918461447464,0.4405419421828948,0.9048055324001227,0.4223032646764177,0.2744324511807092,1.2029438423717405,1.1497546101905376,1.066572152642809,0.6829113136444932,-1.0161329645585022,1
0.21232733076517762,0.9009088760241706,-0.502969299721533,-0.12596888370505097,0.2715603651240624,-1.177851894974348,-0.006531541771914927,0.2744324511807092,0.9478234276321603,-0.11162799739561437,1.066572152642809,0.4844909901880236,-1.0161329645585022,1
0.38177641932588297,0.9009088760241706,-1.179024470547907,-0.7649758278286687,0.6095235192417271,0.9048055324001227,0.38271364074285674,1.4316811360790147,1.2432260131200956,2.7551506562092767,1.066572152642809,-0.44808453005738347,-1.0161329645585022,1
0.21232733076517762,0.9009088760241706,-0.502969299721533,-0.3117819896180699,0.2715603651240624,0.9048055324001227,-0.7949984920327156,-1.461440576166749,0.7027735555796687,-0.6849837281165926,0.03455021005991044,1.0003838311748445,-1.0161329645585022,1
3.0929618362971683,0.9009088760241706,-0.502969299721533,1.557656411330386,3.3132287521830444,0.9048055324001227,2.349051082274964,-1.461440576166749,0.42415520790354816,0.003043148748581378,1.8405886095799828,0.8813316371009629,-1.0161329645585022,1
0.5512255078865883,-1.1099901739376037,-1.179024470547907,-0.21908073756049545,0.10257878806523006,0.9048055324001227,-0.2903099661276801,-0.3041918912684436,0.4711510737766289,-0.2262991435398101,0.5505611813513597,-0.6663468858595001,-1.0161329645585022,1
-0.9738162891597597,0.9009088760241706,0.8491410419312149,-1.0944521858656664,-0.911310674287764,0.9048055324001227,-1.1318270124594525,0.853056793629862,-0.4419114631860794,1.035083464046342,-0.997471732522988,-1.5393963090679663,-1.0161329645585022,1
-0.46546902347764374,-1.1099901739376037,-0.502969299721533,-0.6126583531957376,-0.5733475201700994,0.9048055324001227,0.8577891279455886,-0.8828162337175963,0.041474585794178266,2.525808363920885,-0.4814607612315388,0.46464895784237664,-1.0161329645585022,1
-0.634918112038349,-1.1099901739376037,1.5251962127575889,-0.4896831147336707,-0.404365943111267,0.9048055324001227,0.5249195699122078,1.4316811360790147,0.6960598604549431,1.379096902478929,-0.22345527558581418,1.1194360252487263,-1.0161329645585022,1
-0.2960199349169384,0.9009088760241706,-0.502969299721533,-0.6513812612102474,-0.404365943111267,0.9048055324001227,-1.1273929745788938,-0.3041918912684436,1.9011681353432237,-0.9143260204049839,-0.22345527558581418,-0.5671367241312653,-1.0161329645585022,1
-0.8043672005990544,-1.1099901739376037,0.8491410419312149,-0.31209783715489303,-0.23538436605243465,0.9048055324001227,0.8577891279455886,0.2744324511807092,2.8612265381790123,1.2644257563347332,-0.7394662468772634,-1.9560789883265524,-1.0161329645585022,1
-0.2960199349169384,-1.1099901739376037,1.5251962127575889,-0.5636861926113187,-0.5733475201700994,0.9048055324001227,-0.44423442398136526,-1.461440576166749,-0.16329311550995887,0.1177142948927768,0.5505611813513597,-1.0036614357354983,-1.0161329645585022,1
-0.8043672005990544,-1.1099901739376037,-0.502969299721533,-0.48783540664325564,-0.7423290972289317,0.9048055324001227,0.5774945904959768,0.853056793629862,1.555412836419845,1.4937680486231246,-0.7394662468772634,0.6630692812988462,-1.0161329645585022,1
0.5512255078865883,0.9009088760241706,-0.502969299721533,-0.6801707641916712,0.7785050963005594,0.9048055324001227,0.38271364074285674,-1.461440576166749,1.2935787265555385,2.1817949254882985,0.03455021005991044,0.18686050500331922,-1.0161329645585022,1
0.0428782422044723,0.9009088760241706,-0.502969299721533,-0.7945549496521503,0.10257878806523006,0.9048055324001227,0.06599664927436881,-1.461440576166749,0.6994167080173058,2.2964660716324943,0.5505611813513597,0.0479662785837905,-1.0161329645585022,1
0.21232733076517762,0.9009088760241706,0.8491410419312149,0.5052682110127189,0.4405419421828948,-1.177851894974348,-1.1725251458631532,-0.3041918912684436,-0.8883721889803448,-1.3730106049817663,-0.4814607612315388,0.46464895784237664,-1.0161329645585022,1
1.7373691278115257,0.9009088760241706,-0.502969299721533,-0.25278166973951827,1.7923945586535535,0.9048055324001227,-0.48319061393198925,-0.3041918912684436,1.0518857020654102,-0.45564143582820127,2.6146050665171567,2.4091681277157786,-1.0161329645585022,1
-0.8043672005990544,-1.1099901739376037,-1.179024470547907,-0.695520954481273,-0.7423290972289317,0.9048055324001227,0.06599664927436881,-0.8828162337175963,2.1193632268968114,1.6084391947673204,-0.4814607612315388,0.08765034327508442,-1.0161329645585022,1
0.7206745964472937,0.9009088760241706,-1.179024470547907,-0.5410557165979449,0.7785050963005594,0.9048055324001227,0.38271364074285674,-0.8828162337175963,0.3335203237197501,1.379096902478929,0.29255569570563505,0.2463866020402601,-1.0161329645585022,1
-0.46546902347764374,0.9009088760241706,0.8491410419312149,-0.04370639273947934,-0.404365943111267,0.9048055324001227,1.6495816066168083,0.2744324511807092,0.3939435798422821,1.379096902478929,-0.22345527558581418,-0.11076998018138517,-1.0161329645585022,1
0.21232733076517762,-1.1099901739376037,1.5251962127575889,-0.6012562571164243,-0.5733475201700994,0.9048055324001227,-0.09331199743428062,-0.3041918912684436,-0.005521280078902488,0.8057411717579506,0.8085666669970842,0.6630692812988462,-1.0161329645585022,1
-0.46546902347764374,0.9009088760241706,-1.179024470547907,0.045757422065658554,-0.7423290972289317,-1.177851894974348,0.8577891279455886,0.2744324511807092,1.5923381596058366,0.4617277333253637,-0.4814607612315388,-0.5472946917856183,-1.0161329645585022,1
0.21232733076517762,-1.1099901739376037,0.8491410419312149,-1.031582733661032,0.4405419421828948,0.9048055324001227,-1.1780676932138519,0.2744324511807092,-0.0726582313261608,0.1177142948927768,0.29255569570563505,-1.12271362980938,-1.0161329645585022,1
-0.46546902347764374,-1.1099901739376037,1.5251962127575889,-0.33278585081680484,-0.5733475201700994,0.9048055324001227,-0.9180430432182232,-0.3041918912684436,-1.0629282622232152,-0.9143260204049839,-0.22345527558581418,-0.7853990799333818,-1.0161329645585022,1
-0.634918112038349,-1.1099901739376037,0.8491410419312149,-0.9100446014915101,-0.911310674287764,0.9048055324001227,-0.4939589916419178,-0.3041918912684436,-0.8447331706696268,1.7231103409115156,-0.4814607612315388,0.4844909901880236,-1.0161329645585022,1
0.21232733076517762,0.9009088760241706,1.5251962127575889,0.32466658945728083,0.10257878806523006,0.9048055324001227,-0.30820447614564966,1.4316811360790147,0.9981761410676039,-0.6849837281165926,0.5505611813513597,1.0202258635204915,-1.0161329645585022,1
1.0595727735687044,0.9009088760241706,-1.179024470547907,0.19682729892813852,0.7785050963005594,0.9048055324001227,2.308194590375529,0.2744324511807092,0.984748750818152,1.379096902478929,1.3245776382885335,-1.6386064707962011,-1.0161329645585022,1
-0.8043672005990544,0.9009088760241706,0.8491410419312149,-0.33670236027341105,-0.911310674287764,0.9048055324001227,-0.7932565485796389,0.853056793629862,-0.14650887769814416,-0.6849837281165926,-0.7394662468772634,-1.7775006972157297,-1.0161329645585022,1
0.0428782422044723,-1.1099901739376037,0.8491410419312149,-0.6220232326625419,0.4405419421828948,0.9048055324001227,-0.2572130405192231,-1.461440576166749,-1.3918993233347792,0.6910700256137552,0.29255569570563505,0.32575473142284794,-1.0161329645585022,1
-0.634918112038349,-1.1099901739376037,-0.502969299721533,-0.6437851279496523,-0.7423290972289317,0.9048055324001227,0.02260642144318596,-0.3041918912684436,0.7799810495140155,1.2644257563347332,-0.7394662468772634,-2.114815247091728,-1.0161329645585022,1
0.5512255078865883,-1.1099901739376037,1.5251962127575889,-0.023571112267007883,-0.06640278899360229,-1.177851894974348,2.4413740852880284,-1.461440576166749,0.5147900920873463,2.0671237793441026,-0.22345527558581418,0.3455967637684949,-1.0161329645585022,1
-0.8043672005990544,0.9009088760241706,-1.179024470547907,-0.8398316940557391,-0.911310674287764,0.9048055324001227,-0.804975077263973,-0.3041918912684436,0.9377528849450718,0.3470565871811683,-0.997471732522988,0.16701847265767225,-1.0161329645585022,1
1.5679200392508204,0.9009088760241706,-0.502969299721533,-0.7656549000328383,1.1164682504182242,0.9048055324001227,-1.0778267654140754,-0.3041918912684436,1.545342293732756,-0.570312581972397,1.582583123934258,1.0003838311748445,-1.0161329645585022,1
-0.2960199349169384,-1.1099901739376037,-1.179024470547907,-0.6020932530890055,-0.5733475201700994,0.9048055324001227,0.912581167469637,1.4316811360790147,0.42415520790354816,2.640479510065081,-0.7394662468772634,0.7424374106814341,-1.0161329645585022,1
-0.46546902347764374,-1.1099901739376037,1.5251962127575889,-0.16882939445194314,-0.5733475201700994,-1.177851894974348,-0.4944340671291206,1.4316811360790147,0.6289229092076853,-0.570312581972397,-0.22345527558581418,1.0599099282117854,-1.0161329645585022,1
-0.8043672005990544,0.9009088760241706,1.5251962127575889,-0.5650917141501814,-0.7423290972289317,0.9048055324001227,0.22071289960672516,-0.3041918912684436,0.6893461653302174,1.2644257563347332,-0.4814607612315388,0.5043330225336705,-1.0161329645585022,1
-0.2960199349169384,0.9009088760241706,0.8491410419312149,-0.2091157477737272,-0.7423290972289317,0.9048055324001227,1.1483769676179263,-0.8828162337175963,0.001192415045823164,1.2644257563347332,-0.22345527558581418,-0.09092794783573821,-1.0161329645585022,1
-0.8043672005990544,0.9009088760241706,0.8491410419312149,0.4909761099714745,-0.911310674287764,-1.177851894974348,1.0845584938370258,0.2744324511807092,1.5956950071681995,0.1177142948927768,-0.4814607612315388,-0.6465048535138531,-1.0161329645585022,1
1.2290218621294098,-1.1099901739376037,0.8491410419312149,-0.22631364615374402,1.2854498274770565,-1.177851894974348,-0.5674373336626071,-0.3041918912684436,0.18581903097578276,-0.570312581972397,1.582583123934258,1.1194360252487263,-1.0161329645585022,1
-0.634918112038349,-1.1099901739376037,-0.502969299721533,-0.6731273641205165,-0.5733475201700994,0.9048055324001227,-1.1764841082565094,-0.3041918912684436,0.8101926775752815,-0.9143260204049839,-0.7394662468772634,-0.32903233598350173,-1.0161329645585022,1
-0.634918112038349,-1.1099901739376037,-0.502969299721533,-0.39792940528656545,-0.06640278899360229,0.9048055324001227,0.15087680298792358,-0.3041918912684436,1.1760890618728372,0.5763988794695595,-0.997471732522988,0.286070666731554,-1.0161329645585022,1
-0.2960199349169384,0.9009088760241706,-1.179024470547907,0.8008225435949177,-0.5733475201700994,0.9048055324001227,2.4413740852880284,-1.461440576166749,1.1123089581879424,0.5763988794695595,-0.22345527558581418,-1.0235034680811452,-1.0161329645585022,1
-0.46546902347764374,-1.1099901739376037,1.5251962127575889,0.6996092004199611,-0.7423290972289317,-1.177851894974348,0.7562813321799382,-1.461440576166749,0.3872298847175565,-0.2262991435398101,-0.4814607612315388,1.1789621222856672,-1.0161329645585022,1
0.0428782422044723,0.9009088760241706,0.8491410419312149,-0.8665208109172895,-0.404365943111267,0.9048055324001227,-0.8299957195899835,-0.3041918912684436,1.7299689096627155,0.3470565871811683,0.5505611813513597,-1.2814498885745558,-1.0161329645585022,1
0.0428782422044723,0.9009088760241706,1.5251962127575889,-0.8854716631266744,-0.911310674287764,0.9048055324001227,-0.052772222526314166,-0.3041918912684436,0.35701825665629044,2.869821802353472,0.5505611813513597,-1.2814498885745558,-1.0161329645585022,1
-0.2960199349169384,-1.1099901739376037,-1.179024470547907,-0.3218417336658851,-0.23538436605243465,0.9048055324001227,1.0161476236798326,-1.461440576166749,0.12203892729088728,1.4937680486231246,-0.22345527558581418,-1.6187644384505542,-1.0161329645585022,1
-0.2960199349169384,0.9009088760241706,-0.502969299721533,-0.7182146000020114,-0.23538436605243465,0.9048055324001227,0.5094004373302519,0.2744324511807092,-0.7406708962363768,2.640479510065081,-0.22345527558581418,0.6630692812988462,-1.0161329645585022,1
-0.12657084635623306,-1.1099901739376037,-1.179024470547907,2.3643468127533778,-0.7423290972289317,-1.177851894974348,0.6498644230465263,-1.461440576166749,2.08243790371082,-0.9143260204049839,0.5505611813513597,0.4844909901880236,-1.0161329645585022,1
0.21232733076517762,-1.1099901739376037,-0.502969299721533,-0.5049385507622255,-0.23538436605243465,0.9048055324001227,0.06599664927436881,0.2744324511807092,1.0418151593783211,0.8057411717579506,0.29255569570563505,-1.3012919209202027,-1.0161329645585022,1
-0.8043672005990544,0.9009088760241706,-0.502969299721533,-0.7970185604393704,-0.911310674287764,0.9048055324001227,-0.052772222526314166,1.4316811360790147,-1.1770610793435539,1.952452633199907,-0.7394662468772634,-1.6981325678331418,-1.0161329645585022,1
-0.2960199349169384,0.9009088760241706,0.8491410419312149,-0.07481737511655288,-0.911310674287764,-1.177851894974348,1.5374637916369638,0.2744324511807092,0.1488937077897905,1.379096902478929,-0.997471732522988,-1.0235034680811452,-1.0161329645585022,1
-0.8043672005990544,0.9009088760241706,-0.502969299721533,-0.15936976072409187,-0.7423290972289317,0.9048055324001227,0.2431998060009878,0.2744324511807092,1.0116035313170553,0.23238544103697253,-0.4814607612315388,-0.7655570475877348,-1.0161329645585022,1
-1.143265377720465,-1.1099901739376037,1.5251962127575889,-1.0181276285923686,-0.911310674287764,0.9048055324001227,-0.7257958293968509,1.4316811360790147,0.14553686022742765,2.0671237793441026,-0.7394662468772634,-0.5869787564769122,-1.0161329645585022,1
2.5846145706150523,0.9009088760241706,0.8491410419312149,-0.08666165774741845,1.9613761357123858,0.9048055324001227,0.22847246589770312,-1.461440576166749,1.6661888059778205,0.1177142948927768,1.582583123934258,1.317856348705196,-1.0161329645585022,1
0.38177641932588297,0.9009088760241706,0.17308587110484092,-0.7872272867978548,0.4405419421828948,0.9048055324001227,-0.2507203421941191,-1.461440576166749,0.7229146409538463,1.4937680486231246,0.5505611813513597,-0.051243883144444294,-1.0161329645585022,1
-0.9738162891597597,0.9009088760241706,-1.179024470547907,-1.0202280147122422,-0.911310674287764,0.9048055324001227,-0.8610339847538954,0.2744324511807092,0.860545391010725,1.4937680486231246,-0.4814607612315388,0.5638591195706114,-1.0161329645585022,1
-0.46546902347764374,0.9009088760241706,-0.502969299721533,-0.1293642447258991,-0.7423290972289317,0.9048055324001227,-1.0051402158720573,0.2744324511807092,0.9142549520085315,-1.0289971665491795,-0.7394662468772634,1.0599099282117854,-1.0161329645585022,1
-0.12657084635623306,0.9009088760241706,-0.502969299721533,-0.30589143305631944,0.10257878806523006,0.9048055324001227,-0.18737694390042153,-1.461440576166749,0.001192415045823164,0.003043148748581378,0.03455021005991044,0.40512286080543575,-1.0161329645585022,1
0.21232733076517762,0.9009088760241706,-1.179024470547907,-0.7898172365998041,0.4405419421828948,0.9048055324001227,-0.2903099661276801,-0.3041918912684436,0.9780350556934264,1.379096902478929,0.5505611813513597,-1.5195542767223194,-1.0161329645585022,1
0.890123685007999,0.9009088760241706,0.8491410419312149,-0.7784783100278554,0.4405419421828948,0.9048055324001227,-1.0664249537212098,1.4316811360790147,0.9343960373827085,-0.570312581972397,1.066572152642809,-0.17029607721832604,-1.0161329645585022,1
0.5512255078865883,0.9009088760241706,-1.179024470547907,-0.5817368793407579,0.6095235192417271,0.9048055324001227,0.3378981864500657,0.2744324511807092,0.6322797567700481,1.4937680486231246,0.8085666669970842,0.008282213892496587,-1.0161329645585022,1
-0.12657084635623306,0.9009088760241706,1.5251962127575889,-0.4894462290810534,-0.06640278899360229,0.9048055324001227,0.6994306322113446,0.2744324511807092,0.7061304031420315,1.7231103409115156,-0.22345527558581418,-1.3806600503027906,-1.0161329645585022,1
-0.2960199349169384,0.9009088760241706,0.8491410419312149,-0.6147587393156111,-0.5733475201700994,0.9048055324001227,0.23179799430812223,-1.461440576166749,1.2902218789931756,1.4937680486231246,-0.22345527558581418,-1.3608180179571436,-1.0161329645585022,1
2.5846145706150523,0.9009088760241706,0.17308587110484092,-0.6490281970609154,1.7923945586535535,0.9048055324001227,-0.13258490437637313,0.2744324511807092,1.5486991412951188,1.035083464046342,0.8085666669970842,1.774223092655076,-1.0161329645585022,1
0.21232733076517762,-1.1099901739376037,-0.502969299721533,-0.604509486745702,0.4405419421828948,0.9048055324001227,0.08800848018142872,0.853056793629862,2.052226275649554,1.1497546101905376,0.03455021005991044,0.801963507718375,-1.0161329645585022,1
-0.9738162891597597,-1.1099901739376037,1.5251962127575889,-0.3300695620001264,-0.911310674287764,0.9048055324001227,0.8577891279455886,0.853056793629862,1.575553921794022,1.2644257563347332,-0.4814607612315388,1.238488219322608,-1.0161329645585022,1
0.21232733076517762,-1.1099901739376037,-1.179024470547907,-0.49426290401760536,0.10257878806523006,0.9048055324001227,0.7190670856823909,0.2744324511807092,0.5181469396497097,1.7231103409115156,0.29255569570563505,-0.8250831446246757,-1.0161329645585022,1
-0.46546902347764374,-1.1099901739376037,-0.502969299721533,-0.6413373095392734,-0.23538436605243465,0.9048055324001227,0.38271364074285674,0.2744324511807092,-1.1703473842188281,1.952452633199907,-0.7394662468772634,1.1789621222856672,-1.0161329645585022,1
-0.12657084635623306,0.9009088760241706,-1.179024470547907,-0.4695004571306758,-0.23538436605243465,0.9048055324001227,0.4972068331587151,0.2744324511807092,0.8672590861354508,1.2644257563347332,-0.22345527558581418,0.9408577341379036,-1.0161329645585022,1
1.0595727735687044,0.9009088760241706,-0.502969299721533,-0.9706241590541772,0.9474866733593919,0.9048055324001227,-0.6339479018709895,-0.8828162337175963,-0.15657942038523323,1.8377814870557112,0.5505611813513597,0.782121475372728,-1.0161329645585022,1
-0.634918112038349,0.9009088760241706,-0.502969299721533,-0.8317617894899093,-0.7423290972289317,0.9048055324001227,-0.9582661011347211,-1.461440576166749,0.531574329899161,-0.11162799739561437,-0.22345527558581418,-0.7457150152420878,-1.0161329645585022,1
0.0428782422044723,-1.1099901739376037,-1.179024470547907,-0.2234710183223363,0.10257878806523006,-1.177851894974348,0.38271364074285674,0.853056793629862,1.5386285986080301,0.4617277333253637,0.5505611813513597,0.8416475724096689,-1.0161329645585022,1
0.7206745964472937,0.9009088760241706,-1.179024470547907,-1.0227232102531445,0.10257878806523006,0.9048055324001227,-0.5311732381394652,-0.8828162337175963,-1.5966670246389159,3.0991640946418633,0.8085666669970842,0.6233852166075523,-1.0161329645585022,1
-0.9738162891597597,0.9009088760241706,-0.502969299721533,-0.6719903129879534,-0.911310674287764,0.9048055324001227,0.06599664927436881,0.853056793629862,-0.18007735332177302,1.4937680486231246,-0.4814607612315388,0.20670253734896618,-1.0161329645585022,1
0.0428782422044723,0.9009088760241706,0.8491410419312149,-0.6268714923527763,-0.404365943111267,0.9048055324001227,-0.5899242400568697,-0.3041918912684436,-0.87158795116853,0.1177142948927768,-0.22345527558581418,-1.5989224061049072,-1.0161329645585022,1
1.0595727735687044,-1.1099901739376037,-1.179024470547907,-0.8424058514808471,0.7785050963005594,0.9048055324001227,-0.2507203421941191,0.2744324511807092,0.0045492626081859895,1.8377814870557112,0.29255569570563505,-1.7179746001787888,-1.0161329645585022,1
-0.8043672005990544,0.9009088760241706,-0.502969299721533,-0.30527553035951444,-0.911310674287764,0.9048055324001227,2.4413740852880284,0.853056793629862,0.24624228709831483,3.0991640946418633,-0.4814607612315388,-1.7378166325244357,-1.0161329645585022,1
-0.46546902347764374,0.9009088760241706,-1.179024470547907,0.380745319620219,-0.404365943111267,-1.177851894974348,1.6495816066168083,-0.3041918912684436,0.011262957732911642,0.5763988794695595,-0.4814607612315388,0.16701847265767225,-1.0161329645585022,1
-0.634918112038349,-1.1099901739376037,0.8491410419312149,-0.5676816639521307,-0.06640278899360229,0.9048055324001227,-1.1853521840176269,-1.461440576166749,1.447993714424232,-1.0289971665491795,-0.4814607612315388,-0.11076998018138517,-1.0161329645585022,1
0.7206745964472937,-1.1099901739376037,-0.502969299721533,-0.8506178874382473,0.9474866733593919,0.9048055324001227,0.06599664927436881,-0.8828162337175963,0.021333500420000717,2.7551506562092767,0.03455021005991044,1.0797519605574324,-1.0161329645585022,1
-0.634918112038349,-1.1099901739376037,-1.179024470547907,-0.44745429906042467,-0.7423290972289317,0.9048055324001227,1.547282018372487,0.853056793629862,-1.3482603050240614,2.7551506562092767,-0.4814607612315388,-0.15045404487267908,-1.0161329645585022,1
-0.12657084635623306,-1.1099901739376037,-1.179024470547907,-0.8940627161282622,-0.23538436605243465,0.9048055324001227,-0.7257958293968509,-0.8828162337175963,-0.21028898138303903,0.8057411717579506,0.29255569570563505,-0.7853990799333818,-1.0161329645585022,1
-0.46546902347764374,0.9009088760241706,0.8491410419312149,-0.8841135187183351,-0.5733475201700994,0.9048055324001227,-0.5674373336626071,-0.3041918912684436,-0.8783016462932557,1.2644257563347332,-0.7394662468772634,0.7027533459901402,-1.0161329645585022,1
0.38177641932588297,0.9009088760241706,-0.502969299721533,-0.43185143074136445,0.2715603651240624,0.9048055324001227,0.06599664927436881,0.2744324511807092,1.844101726783054,0.5763988794695595,0.03455021005991044,0.782121475372728,-1.0161329645585022,1
-0.9738162891597597,0.9009088760241706,0.8491410419312149,-1.0895249642912264,-0.7423290972289317,0.9048055324001227,-1.178226051709586,-1.461440576166749,-1.0595714146608524,0.6910700256137552,-0.997471732522988,0.38528082845978884,-1.0161329645585022,1
-0.634918112038349,0.9009088760241706,-0.502969299721533,-0.5087918907114671,-0.5733475201700994,0.9048055324001227,1.0161476236798326,-0.3041918912684436,2.988786745548802,2.2964660716324943,-0.7394662468772634,0.8416475724096689,-1.0161329645585022,1
-0.12657084635623306,-1.1099901739376037,-0.502969299721533,-0.5805840358313537,0.10257878806523006,0.9048055324001227,0.7879530313267871,-1.461440576166749,0.12203892729088728,2.2964660716324943,-0.22345527558581418,0.821805540064022,-1.0161329645585022,1
0.21232733076517762,0.9009088760241706,-0.502969299721533,-0.4534396098832221,0.4405419421828948,0.9048055324001227,0.8577891279455886,1.4316811360790147,0.09182729922962125,1.7231103409115156,0.8085666669970842,0.5638591195706114,-1.0161329645585022,1
-0.634918112038349,-1.1099901739376037,-0.502969299721533,-0.6789705435517436,-0.911310674287764,-1.177851894974348,0.06599664927436881,-0.3041918912684436,1.192873299684652,1.4937680486231246,-0.7394662468772634,-0.30919030363785477,-1.0161329645585022,1
-0.8043672005990544,-1.1099901739376037,-1.179024470547907,-0.8823447725121258,-0.911310674287764,0.9048055324001227,-0.5305398041565282,-0.3041918912684436,-0.9353680548534249,1.379096902478929,-0.7394662468772634,0.6829113136444932,-1.0161329645585022,1
-0.12657084635623306,0.9009088760241706,-1.179024470547907,-0.3743829714164047,-0.5733475201700994,0.9048055324001227,0.8577891279455886,0.853056793629862,1.1861596045599256,1.4937680486231246,0.03455021005991044,-2.134657279437375,-1.0161329645585022,1
-0.12657084635623306,0.9009088760241706,-0.502969299721533,-0.5405187757853457,-0.5733475201700994,0.9048055324001227,0.6707677444834464,-0.8828162337175963,-0.2673553899432083,1.8377814870557112,-0.22345527558581418,-0.686188918205147,-1.0161329645585022,1
-0.12657084635623306,0.9009088760241706,-1.179024470547907,-0.6808024592653175,-0.5733475201700994,0.9048055324001227,-1.2925608856297102,0.2744324511807092,0.19253272610050842,-1.143668312693375,0.29255569570563505,1.1988041546313142,-1.0161329645585022,1
1.0595727735687044,0.9009088760241706,-1.179024470547907,-0.5089340221030375,0.7785050963005594,0.9048055324001227,-0.3298995900612411,0.2744324511807092,-0.3009238655668377,0.23238544103697253,0.5505611813513597,1.238488219322608,-1.0161329645585022,1
-0.46546902347764374,-1.1099901739376037,-0.502969299721533,0.6676296373166241,-0.911310674287764,-1.177851894974348,2.4413740852880284,-1.461440576166749,1.9078818304679495,0.6910700256137552,-0.4814607612315388,-0.4282424977117365,-1.0161329645585022,1
0.38177641932588297,-1.1099901739376037,-1.179024470547907,-0.9758988129191226,0.4405419421828948,0.9048055324001227,-1.3402267928457177,1.4316811360790147,0.9343960373827085,-0.9143260204049839,0.5505611813513597,1.0400678958661385,-1.0161329645585022,1
-0.12657084635623306,-1.1099901739376037,-0.502969299721533,0.5817348996775871,-0.06640278899360229,0.9048055324001227,4.024959042630468,1.4316811360790147,2.17642963545698,1.8377814870557112,-0.4814607612315388,0.8416475724096689,-1.0161329645585022,1
-0.46546902347764374,0.9009088760241706,0.8491410419312149,-0.3185411269060839,-0.06640278899360229,0.9048055324001227,1.3651697482781062,0.2744324511807092,0.3368771712821129,1.8377814870557112,-0.4814607612315388,0.7622794430270811,-1.0161329645585022,1
-0.634918112038349,-1.1099901739376037,-0.502969299721533,-0.3766728660583721,-0.5733475201700994,0.9048055324001227,1.1719723834823286,-1.461440576166749,-0.17336365819704735,1.8377814870557112,-0.7394662468772634,-0.5671367241312653,-1.0161329645585022,1
-0.12657084635623306,0.9009088760241706,-1.179024470547907,-0.6974318320790527,-0.23538436605243465,0.9048055324001227,-1.042512820865339,-0.3041918912684436,-1.3415466098993358,-0.6849837281165926,-0.22345527558581418,0.38528082845978884,-1.0161329645585022,1
-0.46546902347764374,0.9009088760241706,0.8491410419312149,0.15772537386944102,-0.23538436605243465,0.9048055324001227,2.299009797622943,-1.461440576166749,0.571856500647516,1.4937680486231246,-0.7394662468772634,0.286070666731554,-1.0161329645585022,1
-0.634918112038349,0.9009088760241706,-0.502969299721533,0.16390019321433225,-0.911310674287764,-1.177851894974348,0.06599664927436881,1.4316811360790147,1.4547074095489578,-0.34097028968400567,-0.7394662468772634,0.14717644031202531,-1.0161329645585022,1
0.21232733076517762,0.9009088760241706,0.8491410419312149,-0.7639493233339937,0.10257878806523006,0.9048055324001227,-0.510269916702545,0.2744324511807092,1.1861596045599256,0.6910700256137552,0.03455021005991044,-0.2893482712922078,-1.0161329645585022,1
-0.634918112038349,0.9009088760241706,-0.502969299721533,-0.2316198847723718,-0.911310674287764,0.9048055324001227,-0.2871427962129952,-0.8828162337175963,-0.22371637163249095,-0.2262991435398101,-0.4814607612315388,1.278172284013902,-1.0161329645585022,1
0.5512255078865883,0.9009088760241706,-0.502969299721533,-0.6806603278737471,0.6095235192417271,0.9048055324001227,-0.47242223622206064,-0.3041918912684436,1.7870353182228842,0.4617277333253637,0.29255569570563505,1.8535912220376638,-1.0161329645585022,1
-0.634918112038349,0.9009088760241706,0.8491410419312149,-0.20246715712360136,-0.404365943111267,0.9048055324001227,1.6495816066168083,1.4316811360790147,0.8639022385730879,1.8377814870557112,-0.4814607612315388,-0.190138109563973,-1.0161329645585022,1
-0.8043672005990544,0.9009088760241706,-0.502969299721533,-0.8789809962449601,-0.911310674287764,0.9048055324001227,-1.042512820865339,0.853056793629862,-0.29421017044211145,-0.2262991435398101,-0.7394662468772634,-0.5274526594399713,-1.0161329645585022,1
-0.634918112038349,-1.1099901739376037,0.8491410419312149,-0.22045467434567587,-0.5733475201700994,0.9048055324001227,1.6495816066168083,1.4316811360790147,1.2331554704330066,1.8377814870557112,-0.997471732522988,0.6432272489531993,-1.0161329645585022,1
-0.8043672005990544,0.9009088760241706,0.8491410419312149,-0.2507760378806917,-0.911310674287764,0.9048055324001227,1.5132349417896243,0.2744324511807092,1.4580642571113207,1.8377814870557112,-0.4814607612315388,-0.38855843302044263,-1.0161329645585022,1
-0.12657084635623306,-1.1099901739376037,-1.179024470547907,-0.6378629866342195,0.10257878806523006,0.9048055324001227,-0.052772222526314166,0.853056793629862,1.4278526290500546,1.035083464046342,0.29255569570563505,-0.03140185079879733,-1.0161329645585022,1
-0.8043672005990544,-1.1099901739376037,1.5251962127575889,-0.03320446214011187,-0.911310674287764,0.9048055324001227,0.06599664927436881,-0.8828162337175963,0.6255660616453219,-0.11162799739561437,-0.22345527558581418,-1.12271362980938,-1.0161329645585022,1
-0.9738162891597597,0.9009088760241706,0.8491410419312149,0.7795817967435654,-0.911310674287764,0.9048055324001227,2.2914085898276992,-0.3041918912684436,2.3610562513869398,0.5763988794695595,-0.4814607612315388,-0.7655570475877348,-1.0161329645585022,1
-0.46546902347764374,0.9009088760241706,-1.179024470547907,0.5519504769551704,-0.7423290972289317,0.9048055324001227,-0.6109859199895241,-0.8828162337175963,1.9078818304679495,-1.0289971665491795,-0.22345527558581418,0.7027533459901402,-1.0161329645585022,1
-0.46546902347764374,0.9009088760241706,0.8491410419312149,-0.751062743831612,-0.911310674287764,0.9048055324001227,0.41311847192383155,0.2744324511807092,0.1522505553521539,2.7551506562092767,-0.4814607612315388,-0.6465048535138531,-1.0161329645585022,1
0.38177641932588297,0.9009088760241706,-1.179024470547907,-0.7670288368180187,0.7785050963005594,0.9048055324001227,-1.2800505644667048,-1.461440576166749,1.1895164521222892,-1.0289971665491795,0.03455021005991044,-0.5274526594399713,-1.0161329645585022,1
-0.634918112038349,-1.1099901739376037,-0.502969299721533,-0.561254166577781,-0.911310674287764,0.9048055324001227,-0.4491435373491268,-1.461440576166749,0.3234497810326616,0.1177142948927768,0.03455021005991044,0.9210157017922567,-1.0161329645585022,1
-0.634918112038349,0.9009088760241706,0.8491410419312149,-0.6758436529371951,-0.911310674287764,0.9048055324001227,-1.042512820865339,-1.461440576166749,0.5416448725862495,-0.6849837281165926,-0.4814607612315388,0.305912699077201,-1.0161329645585022,1
-0.634918112038349,0.9009088760241706,-1.179024470547907,-0.7361231553398802,-0.5733475201700994,0.9048055324001227,-0.09236184645987515,0.2744324511807092,-0.901799579229796,1.4937680486231246,0.03455021005991044,0.0479662785837905,-1.0161329645585022,1
-0.46546902347764374,-1.1099901739376037,0.8491410419312149,-0.751062743831612,-0.911310674287764,0.9048055324001227,-0.8531160599671831,-1.461440576166749,1.632620330354191,-0.11162799739561437,-0.7394662468772634,-1.7775006972157297,-1.0161329645585022,1
-0.8043672005990544,-1.1099901739376037,-1.179024470547907,-0.3391659710606311,-0.23538436605243465,0.9048055324001227,0.8577891279455886,0.853056793629862,0.07504306141780712,1.379096902478929,-0.4814607612315388,0.40512286080543575,-1.0161329645585022,1
1.5679200392508204,-1.1099901739376037,1.5251962127575889,-1.015806149196719,1.2854498274770565,0.9048055324001227,-0.8841543251310949,0.2744324511807092,-0.12972463988633004,1.379096902478929,1.582583123934258,-0.4282424977117365,-1.0161329645585022,1
-0.9738162891597597,0.9009088760241706,0.8491410419312149,-0.2229814546402605,-0.911310674287764,0.9048055324001227,-0.4090788379283631,-1.461440576166749,1.327147202179168,-0.34097028968400567,-0.7394662468772634,-1.3012919209202027,-1.0161329645585022,1
-0.12657084635623306,-1.1099901739376037,1.5251962127575889,-0.1498943346193994,-0.404365943111267,0.9048055324001227,1.6495816066168083,-1.461440576166749,0.07839990898016995,1.6084391947673204,-0.22345527558581418,-1.0631875327724392,-1.0161329645585022,1
-0.8043672005990544,-1.1099901739376037,0.8491410419312149,0.15947832769880912,-0.7423290972289317,0.9048055324001227,2.320388194547066,-1.461440576166749,1.5084169705467643,1.4937680486231246,-0.997471732522988,-0.686188918205147,-1.0161329645585022,1
1.0595727735687044,0.9009088760241706,0.8491410419312149,-0.6404687288130099,0.7785050963005594,0.9048055324001227,0.18682418151959695,-1.461440576166749,1.2063006899341033,1.4937680486231246,0.03455021005991044,1.337698381050843,-1.0161329645585022,1
2.5846145706150523,-1.1099901739376037,0.8491410419312149,-0.2815711727209422,2.4683208668888827,0.9048055324001227,1.6495816066168083,0.853056793629862,0.9377528849450718,2.0671237793441026,1.8405886095799828,0.12733440796637835,-1.0161329645585022,1
-0.46546902347764374,-1.1099901739376037,1.5251962127575889,-0.3726300175870366,-0.5733475201700994,0.9048055324001227,-0.7257958293968509,-0.8828162337175963,-0.035732908140168516,-0.570312581972397,0.03455021005991044,-1.8767108589439645,-1.0161329645585022,1
-0.46546902347764374,0.9009088760241706,-0.502969299721533,-0.6653417223378276,-0.404365943111267,0.9048055324001227,0.06599664927436881,-1.461440576166749,-0.21364582894540246,1.379096902478929,-0.7394662468772634,0.0479662785837905,-1.0161329645585022,1
-0.634918112038349,0.9009088760241706,-0.502969299721533,-0.11192946069326498,-0.911310674287764,0.9048055324001227,1.6495816066168083,0.853056793629862,0.2160306590370488,1.4937680486231246,-0.997471732522988,0.14717644031202531,-1.0161329645585022,1
-0.2960199349169384,-1.1099901739376037,-1.179024470547907,-0.6771070430844873,-0.7423290972289317,0.9048055324001227,0.38271364074285674,0.853056793629862,0.15560740291451672,2.0671237793441026,-0.4814607612315388,-0.03140185079879733,-1.0161329645585022,1
-0.12657084635623306,0.9009088760241706,-1.179024470547907,-0.6396949023477934,-0.23538436605243465,0.9048055324001227,-0.15618032024077547,-1.461440576166749,1.6661888059778205,0.9204123179021463,0.03455021005991044,-0.6266628211682062,-1.0161329645585022,1
1.906818216372231,0.9009088760241706,0.8491410419312149,-0.6541765119111317,1.6234129815947211,0.9048055324001227,0.06599664927436881,-0.8828162337175963,-0.5694716705558691,1.379096902478929,2.098594095225707,-0.051243883144444294,-1.0161329645585022,1
-0.46546902347764374,0.9009088760241706,-1.179024470547907,-0.74953088327802,-0.5733475201700994,0.9048055324001227,0.4199278872404041,1.4316811360790147,0.15896425047687956,2.7551506562092767,-0.7394662468772634,-1.5989224061049072,-1.0161329645585022,1
-0.46546902347764374,-1.1099901739376037,1.5251962127575889,0.22659592927371397,-0.5733475201700994,0.9048055324001227,0.06599664927436881,-0.8828162337175963,1.182802756997563,-0.34097028968400567,-0.22345527558581418,-0.4877685947486774,-1.0161329645585022,1
-0.2960199349169384,0.9009088760241706,-0.502969299721533,-0.3865904787146168,-0.5733475201700994,0.9048055324001227,1.3537679365852406,-1.461440576166749,0.7564831165774751,2.1817949254882985,0.03455021005991044,0.4448069254967297,-1.0161329645585022,1
0.7206745964472937,0.9009088760241706,-1.179024470547907,-0.4155536978412934,0.4405419421828948,0.9048055324001227,0.6994306322113446,-1.461440576166749,0.8571885434483623,1.379096902478929,0.5505611813513597,-0.11076998018138517,-1.0161329645585022,1
-0.8043672005990544,-1.1099901739376037,-1.179024470547907,-0.59805040461767,-0.911310674287764,0.9048055324001227,-1.3549541329490022,-1.461440576166749,-0.04916029838962042,-1.3730106049817663,-0.7394662468772634,-1.4005020826484376,-1.0161329645585022,1
-0.46546902347764374,0.9009088760241706,-1.179024470547907,-0.029967024887675286,-0.911310674287764,-1.177851894974348,0.7415539920766535,-1.461440576166749,-0.4553388534355307,0.4617277333253637,-0.997471732522988,0.16701847265767225,-1.0161329645585022,1
0.21232733076517762,0.9009088760241706,1.5251962127575889,-0.18269510131847644,0.2715603651240624,0.9048055324001227,-1.0298441412065995,-1.461440576166749,0.3368771712821129,-1.0289971665491795,0.8085666669970842,-1.3608180179571436,-1.0161329645585022,1
-0.12657084635623306,0.9009088760241706,-0.502969299721533,-0.4324831258150106,-0.06640278899360229,0.9048055324001227,0.8577891279455886,0.2744324511807092,-0.34456288387755507,1.7231103409115156,0.03455021005991044,-0.5472946917856183,-1.0161329645585022,1
0.0428782422044723,-1.1099901739376037,1.5251962127575889,-0.6236498474771808,-0.911310674287764,0.9048055324001227,-1.0165420275649228,-0.3041918912684436,1.0384583118159585,-0.6849837281165926,0.03455021005991044,-0.011559818453150373,-1.0161329645585022,1
0.38177641932588297,0.9009088760241706,-0.502969299721533,0.004112924335535229,0.2715603651240624,-1.177851894974348,-1.0311110091724733,-1.461440576166749,1.347288287553345,-1.143668312693375,0.5505611813513597,0.9011736694466097,-1.0161329645585022,1
-0.2960199349169384,0.9009088760241706,-0.502969299721533,-0.22415009052650592,-0.23538436605243465,0.9048055324001227,-0.9474977234247925,0.853056793629862,0.0851136041048956,-1.0289971665491795,-0.4814607612315388,1.1194360252487263,-1.0161329645585022,1
-0.634918112038349,0.9009088760241706,1.5251962127575889,0.016509940155841184,-0.5733475201700994,-1.177851894974348,3.2331665639592484,0.2744324511807092,2.0857947512731823,2.640479510065081,-0.7394662468772634,0.286070666731554,-1.0161329645585022,1
-0.46546902347764374,-1.1099901739376037,0.8491410419312149,0.374080936593252,-0.5733475201700994,-1.177851894974348,-0.7257958293968509,-1.461440576166749,0.04483143335654109,-1.0289971665491795,-0.7394662468772634,-0.4282424977117365,-1.0161329645585022,1
0.0428782422044723,0.9009088760241706,-1.179024470547907,0.1271513323049667,-0.06640278899360229,-1.177851894974348,0.6994306322113446,-0.8828162337175963,1.3506451351157078,0.23238544103697253,0.5505611813513597,-1.9957630530178463,-1.0161329645585022,1
0.890123685007999,0.9009088760241706,0.8491410419312149,-0.5682975666489357,0.7785050963005594,0.9048055324001227,0.41486041537690826,0.853056793629862,-0.33113549362810374,1.6084391947673204,0.03455021005991044,-2.0156050853634935,-1.0161329645585022,1
-0.634918112038349,-1.1099901739376037,0.8491410419312149,-0.7678658327906,-0.911310674287764,0.9048055324001227,-0.8841543251310949,0.2744324511807092,1.8407448792206904,-0.11162799739561437,-0.7394662468772634,-0.8846092416616166,-1.0161329645585022,1
0.890123685007999,0.9009088760241706,-0.502969299721533,-0.6707585075943434,1.2854498274770565,0.9048055324001227,-1.042512820865339,0.2744324511807092,1.0820973301266763,-0.6849837281165926,1.066572152642809,0.10749237562073138,-1.0161329645585022,1
-0.46546902347764374,0.9009088760241706,-0.502969299721533,-0.8369416890938078,-0.911310674287764,0.9048055324001227,0.06599664927436881,0.2744324511807092,-0.3915587497506358,2.640479510065081,-0.4814607612315388,-2.5116558940046674,-1.0161329645585022,1
-0.9738162891597597,-1.1099901739376037,0.8491410419312149,-0.11398246968261502,-0.911310674287764,0.9048055324001227,2.4413740852880284,0.853056793629862,-0.08272877401324927,2.2964660716324943,-0.4814607612315388,-0.5671367241312653,-1.0161329645585022,1
-0.2960199349169384,0.9009088760241706,-1.179024470547907,-0.38130003247283023,-0.911310674287764,0.9048055324001227,1.3664366162439803,-1.461440576166749,0.665848232393677,2.1817949254882985,-0.22345527558581418,-0.8052411122790287,-1.0161329645585022,1
-0.8043672005990544,0.9009088760241706,-0.502969299721533,-0.5415610726568618,-0.911310674287764,-1.177851894974348,0.04968572421374168,-0.3041918912684436,-0.43519776806135313,0.9204123179021463,-0.7394662468772634,0.3455967637684949,-1.0161329645585022,1
-0.46546902347764374,0.9009088760241706,1.5251962127575889,-0.31663024930830425,0.10257878806523006,-1.177851894974348,-0.4089204794326288,0.2744324511807092,-1.1770610793435539,-0.2262991435398101,-0.4814607612315388,0.6035431842619053,-1.0161329645585022,1
-0.8043672005990544,-1.1099901739376037,-1.179024470547907,0.3862568591377818,-0.7423290972289317,-1.177851894974348,1.4521085624362062,0.2744324511807092,0.5147900920873463,0.4617277333253637,-0.7394662468772634,0.8813316371009629,-1.0161329645585022,1
0.21232733076517762,0.9009088760241706,0.8491410419312149,-0.6576508348161856,0.4405419421828948,0.9048055324001227,0.7968211070879047,0.853056793629862,-0.2035752862583134,2.7551506562092767,0.29255569570563505,-1.3211339532658497,-1.0161329645585022,1
-0.9738162891597597,0.9009088760241706,-1.179024470547907,-0.9515311754532219,-0.911310674287764,0.9048055324001227,-1.0144833671203777,-0.3041918912684436,1.2096575374964662,0.23238544103697253,-0.4814607612315388,0.8614896047553159,-1.0161329645585022,1
-0.8043672005990544,0.9009088760241706,1.5251962127575889,0.008771675503675684,-0.911310674287764,0.9048055324001227,0.34866656415999425,-0.3041918912684436,1.9179523731550372,0.1177142948927768,-0.7394662468772634,-0.8846092416616166,-1.0161329645585022,1
-0.8043672005990544,0.9009088760241706,0.8491410419312149,-0.849354497290955,-0.911310674287764,0.9048055324001227,-0.9278612699537463,0.853056793629862,1.615836092542377,0.003043148748581378,-0.997471732522988,1.0400678958661385,-1.0161329645585022,1
-0.9738162891597597,-1.1099901739376037,0.8491410419312149,-0.8728535540305923,-0.911310674287764,0.9048055324001227,-0.2903099661276801,0.2744324511807092,1.2835081838684501,1.952452633199907,-0.4814607612315388,-1.6386064707962011,-1.0161329645585022,1
0.5512255078865883,-1.1099901739376037,-1.179024470547907,-0.18378477532051607,0.7785050963005594,-1.177851894974348,-0.5596777673716291,0.2744324511807092,0.44429629327772574,-0.570312581972397,0.8085666669970842,-1.3806600503027906,-1.0161329645585022,1
1.7373691278115257,0.9009088760241706,0.8491410419312149,0.39824327316021774,1.7923945586535535,-1.177851894974348,-0.26180543689551616,-0.3041918912684436,-0.8682311036061672,-0.6849837281165926,2.872610552162881,-1.658448503141848,-1.0161329645585022,1
-0.2960199349169384,0.9009088760241706,0.8491410419312149,-0.2992744271598759,-0.5733475201700994,0.9048055324001227,1.663675512737156,-1.461440576166749,-1.1804179269059165,2.1817949254882985,-0.7394662468772634,-0.30919030363785477,-1.0161329645585022,1
-0.634918112038349,-1.1099901739376037,0.8491410419312149,-0.13130670707736106,-0.404365943111267,0.9048055324001227,0.38271364074285674,0.2744324511807092,1.7031141291638117,0.3470565871811683,-0.7394662468772634,-1.162397694500674,-1.0161329645585022,1
0.7206745964472937,0.9009088760241706,1.5251962127575889,-0.42054408892309814,0.4405419421828948,0.9048055324001227,0.8577891279455886,0.2744324511807092,-1.4120404087089566,1.6084391947673204,0.03455021005991044,0.22654456969461315,-1.0161329645585022,1
-0.46546902347764374,0.9009088760241706,-1.179024470547907,-0.21622231735224656,-0.23538436605243465,-1.177851894974348,-0.7257958293968509,0.2744324511807092,1.649404568166006,-0.6849837281165926,-0.22345527558581418,0.801963507718375,-1.0161329645585022,1
-0.9738162891597597,-1.1099901739376037,-1.179024470547907,-0.7453301110382731,-0.911310674287764,-1.177851894974348,-0.5585692579014894,0.2744324511807092,1.1257363484373937,0.5763988794695595,-0.4814607612315388,-1.3012919209202027,-1.0161329645585022,1
-0.634918112038349,0.9009088760241706,1.5251962127575889,-0.49220989502825535,-0.911310674287764,0.9048055324001227,0.7147914062975663,0.2744324511807092,0.19253272610050842,1.7231103409115156,-0.4814607612315388,0.32575473142284794,-1.0161329645585022,1
0.7206745964472937,0.9009088760241706,1.5251962127575889,-0.08805138690944,0.6095235192417271,-1.177851894974348,0.0648881398042291,0.2744324511807092,1.9716619341528436,-0.11162799739561437,1.066572152642809,-0.4877685947486774,-1.0161329645585022,1
-0.12657084635623306,0.9009088760241706,-0.502969299721533,0.2944873573138354,-0.06640278899360229,0.9048055324001227,1.6983560233029555,-0.8828162337175963,2.126076922021537,0.8057411717579506,0.29255569570563505,1.2186461869769611,-1.0161329645585022,1
-0.634918112038349,-1.1099901739376037,-1.179024470547907,-0.6229865676498523,-0.911310674287764,0.9048055324001227,-0.4209557251084314,-0.8828162337175963,1.9313797634044898,0.3470565871811683,-0.7394662468772634,1.238488219322608,-1.0161329645585022,1
-0.8043672005990544,0.9009088760241706,1.5251962127575889,0.06036537064372608,-0.911310674287764,0.9048055324001227,-0.007323334250586147,0.853056793629862,1.4211389339253289,-0.34097028968400567,-0.4814607612315388,0.20670253734896618,-1.0161329645585022,1
0.7206745964472937,0.9009088760241706,1.5251962127575889,-0.5854796726521114,0.10257878806523006,0.9048055324001227,0.22847246589770312,0.2744324511807092,-0.9790070731641428,1.379096902478929,1.582583123934258,0.14717644031202531,-1.0161329645585022,1
0.0428782422044723,0.9009088760241706,-0.502969299721533,-0.5274900648913936,0.4405419421828948,0.9048055324001227,0.880751109827054,0.2744324511807092,0.5483585677109757,2.1817949254882985,0.8085666669970842,0.20670253734896618,-1.0161329645585022,1
-0.2960199349169384,0.9009088760241706,1.5251962127575889,-0.5843742062732306,-0.404365943111267,0.9048055324001227,0.5344210796562624,0.2744324511807092,0.19588957366287124,1.8377814870557112,-0.7394662468772634,0.2463866020402601,-1.0161329645585022,1
2.923512747736463,-1.1099901739376037,0.8491410419312149,0.744696436301456,3.4822103292418767,-1.177851894974348,3.2331665639592484,-1.461440576166749,2.3174172330762226,1.1497546101905376,2.098594095225707,1.1392780575943733,-1.0161329645585022,1
-0.8043672005990544,0.9009088760241706,0.8491410419312149,0.7860882560021208,-0.911310674287764,0.9048055324001227,4.024959042630468,-1.461440576166749,1.8373880316583282,1.4937680486231246,-0.4814607612315388,0.782121475372728,-1.0161329645585022,1
-0.8043672005990544,0.9009088760241706,-1.179024470547907,-0.4189648512389827,-0.7423290972289317,0.9048055324001227,0.06599664927436881,0.2744324511807092,1.182802756997563,0.5763988794695595,-0.7394662468772634,0.5043330225336705,-1.0161329645585022,1
-0.634918112038349,-1.1099901739376037,1.5251962127575889,-0.7544738972293012,-0.911310674287764,0.9048055324001227,0.38271364074285674,0.2744324511807092,-0.5459737376193288,2.640479510065081,-0.7394662468772634,0.3654387961141419,-1.0161329645585022,1
1.0595727735687044,-1.1099901739376037,0.8491410419312149,-0.7540948801851135,1.2854498274770565,0.9048055324001227,-0.17154109432699713,-0.8828162337175963,0.36037510421865326,1.379096902478929,1.582583123934258,0.7225953783357871,-1.0161329645585022,1
1.2290218621294098,-1.1099901739376037,0.8491410419312149,1.1580934848723465,0.9474866733593919,0.9048055324001227,2.4413740852880284,-1.461440576166749,2.126076922021537,0.23238544103697253,0.03455021005991044,-0.7457150152420878,-1.0161329645585022,1
0.21232733076517762,-1.1099901739376037,-1.179024470547907,-0.677786115288657,0.2715603651240624,0.9048055324001227,-0.6584934687097973,-0.3041918912684436,1.4211389339253289,0.1177142948927768,0.03455021005991044,-0.190138109563973,-1.0161329645585022,1
1.906818216372231,0.9009088760241706,1.5251962127575889,-0.20253032663096596,1.7923945586535535,0.9048055324001227,2.2830155895537843,-1.461440576166749,0.5114332445249834,2.525808363920885,1.582583123934258,1.4369085427790778,-1.0161329645585022,1
0.0428782422044723,0.9009088760241706,-0.502969299721533,-0.5478306462628,0.2715603651240624,0.9048055324001227,0.38271364074285674,-0.8828162337175963,0.3335203237197501,1.4937680486231246,0.03455021005991044,-0.011559818453150373,-1.0161329645585022,1
-0.634918112038349,0.9009088760241706,0.8491410419312149,-0.92755834740835,-0.911310674287764,0.9048055324001227,-0.8957144953196947,-1.461440576166749,-0.06594453620143455,0.5763988794695595,-0.7394662468772634,-0.6663468858595001,-1.0161329645585022,1
0.890123685007999,-1.1099901739376037,-1.179024470547907,-0.014079893785474277,0.2715603651240624,0.9048055324001227,1.6495816066168083,-0.3041918912684436,0.8269769153870962,1.2644257563347332,1.3245776382885335,-0.7655570475877348,-1.0161329645585022,1
5.465249076147043,0.9009088760241706,-0.502969299721533,-0.3809526001823248,5.341007676889032,0.9048055324001227,1.6495816066168083,-1.461440576166749,-0.33784918875282943,2.525808363920885,4.162637980391504,1.5361187045073124,-1.0161329645585022,1
-0.2960199349169384,-1.1099901739376037,-0.502969299721533,-0.7713085709419715,-0.7423290972289317,0.9048055324001227,-0.17154109432699713,1.4316811360790147,0.1757484882886937,1.4937680486231246,-0.7394662468772634,-0.6266628211682062,-1.0161329645585022,1
0.21232733076517762,0.9009088760241706,0.8491410419312149,-0.21720144471639813,0.2715603651240624,0.9048055324001227,-0.7257958293968509,-1.461440576166749,1.4782053424854982,-0.6849837281165926,0.29255569570563505,-1.3409759856114967,-1.0161329645585022,1
-0.46546902347764374,-1.1099901739376037,-1.179024470547907,-0.22223921292872628,-0.7423290972289317,0.9048055324001227,-0.9682426863659785,-0.8828162337175963,0.6054249762711449,-1.0289971665491795,-0.7394662468772634,1.0995939929030794,-1.0161329645585022,1
0.890123685007999,0.9009088760241706,-1.179024470547907,-0.8837502940509886,1.1164682504182242,0.9048055324001227,-1.0040317064019175,-0.8828162337175963,1.7501099950368924,0.003043148748581378,0.29255569570563505,-1.8370267942526706,-1.0161329645585022,1
1.0595727735687044,-1.1099901739376037,-0.502969299721533,1.7614254497117972,1.1164682504182242,0.9048055324001227,2.80971594636588,-0.3041918912684436,2.0690105134613686,0.003043148748581378,1.066572152642809,1.1591200899400202,-1.0161329645585022,1
0.0428782422044723,0.9009088760241706,0.8491410419312149,-0.4064572887807887,-0.404365943111267,-1.177851894974348,-0.5674373336626071,-0.8828162337175963,2.065653665899005,-0.34097028968400567,0.03455021005991044,-0.38855843302044263,-1.0161329645585022,1
-0.12657084635623306,0.9009088760241706,1.5251962127575889,-0.6305669085336063,0.2715603651240624,0.9048055324001227,-0.7384645090555905,0.2744324511807092,1.1660185191857488,-0.2262991435398101,0.29255569570563505,-0.190138109563973,-1.0161329645585022,1
-0.46546902347764374,-1.1099901739376037,1.5251962127575889,-0.3986400622444174,-0.404365943111267,0.9048055324001227,0.7786098800784667,0.853056793629862,0.42079836034118534,1.4937680486231246,-0.7394662468772634,0.32575473142284794,-1.0161329645585022,1
-0.2960199349169384,-1.1099901739376037,0.8491410419312149,0.17576026822203897,-0.7423290972289317,-1.177851894974348,0.8577891279455886,0.853056793629862,1.119022653312668,0.23238544103697253,0.29255569570563505,0.4448069254967297,-1.0161329645585022,1
-0.46546902347764374,0.9009088760241706,-0.502969299721533,-0.704333100758637,0.10257878806523006,0.9048055324001227,-0.149370904924203,0.2744324511807092,0.6121386713958706,1.1497546101905376,-0.7394662468772634,1.0003838311748445,-1.0161329645585022,1
0.5512255078865883,-1.1099901739376037,1.5251962127575889,-0.2958316890085043,0.7785050963005594,-1.177851894974348,-1.2008713165995828,-0.8828162337175963,-1.039430329286675,-1.2583394588375707,0.5505611813513597,-0.7853990799333818,-1.0161329645585022,1
-0.8043672005990544,-1.1099901739376037,0.8491410419312149,-0.014411533699138512,-0.911310674287764,0.9048055324001227,1.6495816066168083,-0.3041918912684436,0.12875262241561353,1.2644257563347332,-0.7394662468772634,-1.102871597463733,-1.0161329645585022,1
-0.12657084635623306,0.9009088760241706,1.5251962127575889,-0.4085260901469798,0.4405419421828948,0.9048055324001227,-1.1310352199807814,0.2744324511807092,-1.0629282622232152,-1.0289971665491795,0.03455021005991044,-1.2417658238832618,-1.0161329645585022,1
-0.46546902347764374,0.9009088760241706,-1.179024470547907,-0.6017142360448178,-0.5733475201700994,0.9048055324001227,-0.2507203421941191,0.2744324511807092,1.854172269470143,0.5763988794695595,-0.4814607612315388,-1.2417658238832618,-1.0161329645585022,1
-0.9738162891597597,-1.1099901739376037,-0.502969299721533,-0.15497947996225103,-0.911310674287764,0.9048055324001227,1.0161476236798326,-0.3041918912684436,2.062296818336642,1.035083464046342,-0.7394662468772634,-1.5592383414136133,-1.0161329645585022,1
0.21232733076517762,-1.1099901739376037,-0.502969299721533,-0.6348466426575591,-0.06640278899360229,0.9048055324001227,0.7426625015467933,0.2744324511807092,0.2160306590370488,2.525808363920885,0.8085666669970842,-1.202081759191968,-1.0161329645585022,1
-0.46546902347764374,0.9009088760241706,-0.502969299721533,-0.6548871688689836,-0.5733475201700994,0.9048055324001227,-0.7820130953825076,0.2744324511807092,0.29323815297139555,-0.2262991435398101,-0.7394662468772634,0.5043330225336705,-1.0161329645585022,1
-1.143265377720465,-1.1099901739376037,-1.179024470547907,-0.6238709407529569,-0.911310674287764,0.9048055324001227,-1.2008713165995828,-0.3041918912684436,0.9142549520085315,-1.0289971665491795,-0.4814607612315388,0.821805540064022,-1.0161329645585022,1
-0.46546902347764374,-1.1099901739376037,-0.502969299721533,0.41976828279471073,-0.911310674287764,0.9048055324001227,0.06599664927436881,1.4316811360790147,1.2767944887437244,-0.570312581972397,-0.7394662468772634,-1.0631875327724392,-1.0161329645585022,1
-0.634918112038349,-1.1099901739376037,1.5251962127575889,-0.7904015545429268,-0.7423290972289317,0.9048055324001227,-1.0702255576188315,0.2744324511807092,1.4916327327349495,-0.570312581972397,-0.4814607612315388,0.16701847265767225,-1.0161329645585022,1
-0.46546902347764374,-1.1099901739376037,-0.502969299721533,-0.2236763192212713,-0.7423290972289317,0.9048055324001227,1.0161476236798326,-0.3041918912684436,1.5789107693563853,1.1497546101905376,-0.22345527558581418,-2.829128411535019,-1.0161329645585022,1
-0.46546902347764374,0.9009088760241706,0.8491410419312149,-0.6976371329779877,-0.5733475201700994,0.9048055324001227,-0.88098715521641,-0.3041918912684436,1.0720267874395872,-0.34097028968400567,-0.7394662468772634,-2.075131182400434,-1.0161329645585022,1
-0.634918112038349,-1.1099901739376037,-1.179024470547907,-0.33633913560606454,-0.7423290972289317,0.9048055324001227,0.8577891279455886,0.853056793629862,-0.07937192645088645,1.379096902478929,-0.7394662468772634,0.7622794430270811,-1.0161329645585022,1
-0.634918112038349,0.9009088760241706,-1.179024470547907,-0.6377366476194902,-0.911310674287764,0.9048055324001227,-0.7257958293968509,0.853056793629862,0.571856500647516,-0.11162799739561437,-0.4814607612315388,0.18686050500331922,-1.0161329645585022,1
-0.2960199349169384,0.9009088760241706,0.8491410419312149,-0.4495704775571393,0.10257878806523006,0.9048055324001227,-0.7257958293968509,0.853056793629862,0.954537122756886,-0.45564143582820127,-0.7394662468772634,0.4448069254967297,-1.0161329645585022,1
0.21232733076517762,0.9009088760241706,0.8491410419312149,-0.45852475522607367,-0.06640278899360229,0.9048055324001227,-0.7257958293968509,-0.8828162337175963,0.14553686022742765,-0.45564143582820127,-0.22345527558581418,0.7027533459901402,-1.0161329645585022,1
-0.634918112038349,-1.1099901739376037,0.8491410419312149,-0.8750802791651949,-0.911310674287764,0.9048055324001227,-0.7257958293968509,-1.461440576166749,0.6692050799560398,0.6910700256137552,-0.7394662468772634,0.20670253734896618,-1.0161329645585022,1
-0.12657084635623306,0.9009088760241706,-0.502969299721533,-0.0018092169798975526,-0.5733475201700994,0.9048055324001227,0.06599664927436881,-1.461440576166749,0.964607665443975,-0.11162799739561437,-0.7394662468772634,-0.686188918205147,-1.0161329645585022,1
-0.2960199349169384,-1.1099901739376037,-1.179024470547907,-0.45007583361605624,-0.23538436605243465,-1.177851894974348,-1.01084112171849,-1.461440576166749,0.571856500647516,-0.9143260204049839,0.03455021005991044,-1.5790803737592602,-1.0161329645585022,1
-0.2960199349169384,0.9009088760241706,1.5251962127575889,0.23313397328595176,-0.06640278899360229,0.9048055324001227,0.38271364074285674,-1.461440576166749,1.0955247203761276,-0.11162799739561437,-0.4814607612315388,0.821805540064022,-1.0161329645585022,1
-0.8043672005990544,0.9009088760241706,-1.179024470547907,0.08076912152249716,-0.911310674287764,0.9048055324001227,1.9840347496075317,-0.8828162337175963,0.3368771712821129,1.379096902478929,-0.4814607612315388,0.40512286080543575,-1.0161329645585022,1
-0.8043672005990544,0.9009088760241706,-1.179024470547907,-0.45358174127479245,-0.404365943111267,0.9048055324001227,-0.5674373336626071,-0.3041918912684436,1.4580642571113207,-0.2262991435398101,-0.7394662468772634,-0.20998014190961997,-1.0161329645585022,1
0.38177641932588297,0.9009088760241706,-0.502969299721533,-0.6672841846892895,-0.23538436605243465,0.9048055324001227,0.061562611393809974,-1.461440576166749,-0.0860856215756121,1.379096902478929,0.03455021005991044,-0.26950623894656084,-1.0161329645585022,1
-0.9738162891597597,0.9009088760241706,-0.502969299721533,-0.873753719510538,-0.5733475201700994,0.9048055324001227,-0.48904987827415625,0.853056793629862,-0.005521280078902488,1.379096902478929,-0.7394662468772634,-3.3847053172131334,-1.0161329645585022,1
-0.12657084635623306,-1.1099901739376037,-0.502969299721533,0.05766487420388873,-0.5733475201700994,0.9048055324001227,-0.5674373336626071,-1.461440576166749,1.4647779522360462,-0.7996548742607882,0.29255569570563505,0.12733440796637835,-1.0161329645585022,1
1.5679200392508204,0.9009088760241706,-1.179024470547907,-0.020191543623000907,1.2854498274770565,-1.177851894974348,3.2331665639592484,0.2744324511807092,2.1361474647086265,2.7551506562092767,1.582583123934258,0.5638591195706114,-1.0161329645585022,1
0.38177641932588297,-1.1099901739376037,0.8491410419312149,-0.5334437909605086,0.10257878806523006,0.9048055324001227,1.6099919826832474,-1.461440576166749,-0.17672050575941017,3.328506386930255,1.066572152642809,-0.11076998018138517,-1.0161329645585022,1
2.0762673049329363,-1.1099901739376037,-0.502969299721533,-0.0916994259597466,2.2993392898300504,0.9048055324001227,1.0161476236798326,0.2744324511807092,0.29323815297139555,0.9204123179021463,2.356599580871432,0.7027533459901402,-1.0161329645585022,1
-0.46546902347764374,0.9009088760241706,-0.502969299721533,-0.46390995572890725,-0.404365943111267,0.9048055324001227,0.06599664927436881,-0.3041918912684436,0.5684996530851527,0.6910700256137552,-0.22345527558581418,0.3654387961141419,-1.0161329645585022,1
-0.46546902347764374,0.9009088760241706,-1.179024470547907,-0.6062782329519113,-0.911310674287764,0.9048055324001227,-1.2100561093521691,-1.461440576166749,-0.7943804572341833,-1.0289971665491795,-0.4814607612315388,-0.26950623894656084,-1.0161329645585022,1
0.5512255078865883,0.9009088760241706,0.8491410419312149,-1.0298929493390285,0.7785050963005594,0.9048055324001227,-1.1850354670261585,0.2744324511807092,-1.4153972562713195,0.003043148748581378,0.29255569570563505,-0.13061201252703214,-1.0161329645585022,1
0.21232733076517762,0.9009088760241706,0.17308587110484092,-0.4138165363887665,0.4405419421828948,0.9048055324001227,0.355634337972301,-1.461440576166749,1.152591128936297,0.9204123179021463,0.5505611813513597,-0.686188918205147,-1.0161329645585022,1
0.7206745964472937,0.9009088760241706,1.5251962127575889,-0.36749749511366153,0.7785050963005594,0.9048055324001227,-0.7257958293968509,-0.8828162337175963,1.7769647755357962,-0.570312581972397,0.29255569570563505,1.1591200899400202,-1.0161329645585022,1
-0.46546902347764374,0.9009088760241706,1.5251962127575889,-0.998687212700908,-0.5733475201700994,0.9048055324001227,-0.5118535016598874,1.4316811360790147,0.6826324702054911,2.7551506562092767,-0.7394662468772634,1.9329593514202517,-1.0161329645585022,1
0.7206745964472937,0.9009088760241706,-1.179024470547907,-0.41114762470261146,0.4405419421828948,0.9048055324001227,-0.7257958293968509,0.2744324511807092,2.3744836416363913,-0.570312581972397,-0.22345527558581418,1.714696995618135,-1.0161329645585022,1
0.5512255078865883,0.9009088760241706,-0.502969299721533,0.7095110206993648,0.10257878806523006,0.9048055324001227,-0.1612477921042713,-0.8828162337175963,1.3036492692426276,-0.7996548742607882,1.3245776382885335,0.20670253734896618,-1.0161329645585022,1
0.5512255078865883,-1.1099901739376037,-1.179024470547907,1.8266163813120813,0.4405419421828948,0.9048055324001227,-1.0656331612425385,0.853056793629862,1.1861596045599256,-1.487681751125962,0.8085666669970842,-0.22982217425526694,-1.0161329645585022,1
-0.46546902347764374,0.9009088760241706,-1.179024470547907,-0.30388580119749287,-0.5733475201700994,-1.177851894974348,-1.0889118601154724,0.2744324511807092,0.05490197604362957,-1.143668312693375,-0.7394662468772634,-2.5910240233872552,-1.0161329645585022,1
1.0595727735687044,-1.1099901739376037,0.17308587110484092,0.9121272155713717,1.1164682504182242,-1.177851894974348,4.024959042630468,-1.461440576166749,2.5456828673168994,1.2644257563347332,1.066572152642809,1.4567505751247247,-1.0161329645585022,1
-0.634918112038349,0.9009088760241706,-0.502969299721533,-0.47889692135116246,-0.911310674287764,0.9048055324001227,1.2726883867693077,0.2744324511807092,-0.24050060944430565,2.525808363920885,-0.4814607612315388,-0.5472946917856183,-1.0161329645585022,1
-0.46546902347764374,-1.1099901739376037,-0.502969299721533,0.12181350893265662,-0.5733475201700994,-1.177851894974348,0.6994306322113446,-0.8828162337175963,1.2432260131200956,0.23238544103697253,-0.22345527558581418,0.7225953783357871,-1.0161329645585022,1
-0.46546902347764374,0.9009088760241706,-0.502969299721533,0.34238563627305574,-0.7423290972289317,-1.177851894974348,-0.7042590739769938,-1.461440576166749,1.377499915614611,-1.0289971665491795,-0.7394662468772634,1.2186461869769611,-1.0161329645585022,1
-0.8043672005990544,-1.1099901739376037,-0.502969299721533,-0.3343650885009203,-0.911310674287764,0.9048055324001227,0.8577891279455886,-0.8828162337175963,-1.0461440244114009,1.379096902478929,-0.7394662468772634,0.782121475372728,-1.0161329645585022,1
1.398470950690115,-1.1099901739376037,0.8491410419312149,-1.135622912290555,1.9613761357123858,0.9048055324001227,-1.3220155658362795,1.4316811360790147,0.4778647689013546,0.1177142948927768,1.8405886095799828,1.258330251668255,-1.0161329645585022,1
1.5679200392508204,0.9009088760241706,-0.502969299721533,-0.8835292007752125,0.6095235192417271,0.9048055324001227,-0.4090788379283631,-0.3041918912684436,-0.8010941523589095,1.7231103409115156,0.8085666669970842,0.06780831092943747,-1.0161329645585022,1
0.38177641932588297,-1.1099901739376037,-0.502969299721533,-0.6985846755884569,-0.06640278899360229,0.9048055324001227,0.06599664927436881,-1.461440576166749,1.6091223974176514,1.6084391947673204,1.066572152642809,1.9726434161115456,-1.0161329645585022,1
-0.46546902347764374,-1.1099901739376037,-0.502969299721533,0.1186550335644258,-0.5733475201700994,0.9048055324001227,1.5045252245242409,-0.3041918912684436,0.23617174441122635,0.9204123179021463,-0.7394662468772634,0.6233852166075523,-1.0161329645585022,1
0.5512255078865883,-1.1099901739376037,-0.502969299721533,-0.7900541222524214,-0.06640278899360229,0.9048055324001227,-0.17154109432699713,0.2744324511807092,-1.1032104329715702,1.6084391947673204,0.29255569570563505,-0.8449251769703227,-1.0161329645585022,1
-0.634918112038349,-1.1099901739376037,0.8491410419312149,0.1806401126659556,-0.911310674287764,0.9048055324001227,2.2830155895537843,0.853056793629862,0.273097067597218,1.379096902478929,-0.4814607612315388,0.4448069254967297,-1.0161329645585022,1
-0.8043672005990544,0.9009088760241706,-0.502969299721533,-0.7547739523892831,-0.5733475201700994,0.9048055324001227,-0.2131893787051033,-0.8828162337175963,-0.20021843869595057,1.379096902478929,-0.4814607612315388,0.8416475724096689,-1.0161329645585022,1
-0.8043672005990544,0.9009088760241706,-1.179024470547907,-0.16593938949001197,-0.7423290972289317,-1.177851894974348,0.06599664927436881,0.2744324511807092,0.9679645130063379,0.003043148748581378,-0.7394662468772634,-1.4203441149940845,-1.0161329645585022,1
-0.8043672005990544,0.9009088760241706,0.8491410419312149,-0.6167485787975965,-0.911310674287764,0.9048055324001227,1.3393573134734245,0.2744324511807092,-0.3479197314399179,3.4431775330744507,-0.4814607612315388,0.10749237562073138,-1.0161329645585022,1
1.2290218621294098,-1.1099901739376037,1.5251962127575889,0.19120521277268768,1.7923945586535535,0.9048055324001227,0.49704847466298085,0.2744324511807092,1.545342293732756,0.003043148748581378,1.3245776382885335,-0.7655570475877348,-1.0161329645585022,1
-0.8043672005990544,-1.1099901739376037,-0.502969299721533,-1.0203543537269715,-0.404365943111267,0.9048055324001227,-1.030794292181005,-0.8828162337175963,-0.22035952407012813,0.6910700256137552,-0.7394662468772634,-0.6068207888225592,-1.0161329645585022,1
-0.634918112038349,0.9009088760241706,-1.179024470547907,0.012277583162411891,-0.404365943111267,0.9048055324001227,2.4413740852880284,-0.8828162337175963,0.5852838908969674,1.952452633199907,-0.22345527558581418,-1.3608180179571436,-1.0161329645585022,1
-0.8043672005990544,-1.1099901739376037,1.5251962127575889,-0.27882329915058135,-0.911310674287764,0.9048055324001227,1.176089704371419,-0.3041918912684436,-0.8078078474836352,1.4937680486231246,-0.4814607612315388,0.6035431842619053,-1.0161329645585022,1
0.0428782422044723,-1.1099901739376037,0.8491410419312149,-0.5761937550695128,0.2715603651240624,0.9048055324001227,0.38271364074285674,-1.461440576166749,-1.5731690917023755,1.6084391947673204,0.03455021005991044,-1.0036614357354983,-1.0161329645585022,1
0.7206745964472937,0.9009088760241706,-0.502969299721533,0.48304833679721515,0.2715603651240624,-1.177851894974348,-0.7257958293968509,-1.461440576166749,2.0790810561484565,-1.0289971665491795,0.8085666669970842,-0.5472946917856183,-1.0161329645585022,1
0.38177641932588297,0.9009088760241706,-1.179024470547907,-0.927447800770462,0.6095235192417271,0.9048055324001227,-1.088753501619738,0.2744324511807092,1.2835081838684501,-0.11162799739561437,1.066572152642809,0.6233852166075523,-1.0161329645585022,1
-0.9738162891597597,0.9009088760241706,0.8491410419312149,-0.6030407956994747,-0.911310674287764,0.9048055324001227,0.0026532509806712224,0.853056793629862,1.572197074231659,1.035083464046342,-0.7394662468772634,-2.4124457322764323,-1.0161329645585022,1
-0.8043672005990544,0.9009088760241706,-0.502969299721533,-0.5083339117830736,-0.911310674287764,0.9048055324001227,0.8413198443892272,0.2744324511807092,0.3066655432208469,1.952452633199907,-0.4814607612315388,0.6630692812988462,-1.0161329645585022,1
0.21232733076517762,-1.1099901739376037,-1.179024470547907,-0.8800706702469997,0.10257878806523006,0.9048055324001227,-1.2008713165995828,-1.461440576166749,-1.6839450612603513,-0.6849837281165926,0.29255569570563505,-0.17029607721832604,-1.0161329645585022,1
0.0428782422044723,-1.1099901739376037,-0.502969299721533,0.3439174968266477,-0.06640278899360229,-1.177851894974348,-1.089386935602675,-0.8828162337175963,1.3942841534264256,-1.2583394588375707,0.5505611813513597,0.38528082845978884,-1.0161329645585022,1
-0.634918112038349,0.9009088760241706,-0.502969299721533,-0.3778888790751409,-0.06640278899360229,0.9048055324001227,0.7675247853770696,0.853056793629862,0.001192415045823164,1.379096902478929,-0.7394662468772634,0.5440170872249644,-1.0161329645585022,1
-0.8043672005990544,-1.1099901739376037,-0.502969299721533,-0.6778177000423393,-0.911310674287764,0.9048055324001227,-0.8841543251310949,0.2744324511807092,1.4144252388006033,-0.34097028968400567,-0.997471732522988,0.305912699077201,-1.0161329645585022,1
0.21232733076517762,0.9009088760241706,-0.502969299721533,-0.6042252239625613,0.7785050963005594,0.9048055324001227,-0.5674373336626071,-1.461440576166749,1.3707862204898853,0.003043148748581378,0.03455021005991044,0.6630692812988462,-1.0161329645585022,1
-0.12657084635623306,0.9009088760241706,0.8491410419312149,-1.017227463112423,0.10257878806523006,0.9048055324001227,-0.8841543251310949,0.2744324511807092,0.8236200678247334,1.379096902478929,0.29255569570563505,-1.12271362980938,-1.0161329645585022,1
-0.8043672005990544,-1.1099901739376037,-0.502969299721533,-0.5634019298281779,-0.5733475201700994,0.9048055324001227,-0.8841543251310949,0.853056793629862,0.860545391010725,-0.570312581972397,-0.4814607612315388,-0.011559818453150373,-1.0161329645585022,1
0.5512255078865883,0.9009088760241706,-1.179024470547907,-0.6783072637244151,0.6095235192417271,0.9048055324001227,0.7192254441781252,0.2744324511807092,1.0116035313170553,2.7551506562092767,1.066572152642809,1.6154868338899002,-1.0161329645585022,1
-0.2960199349169384,-1.1099901739376037,-0.502969299721533,-0.6757646910529893,-0.06640278899360229,0.9048055324001227,-0.7257958293968509,-1.461440576166749,-0.5963264510547723,-0.11162799739561437,-0.4814607612315388,0.4844909901880236,-1.0161329645585022,1
0.21232733076517762,0.9009088760241706,0.8491410419312149,-0.6381946265478837,-0.23538436605243465,0.9048055324001227,-0.48429912340212894,-0.8828162337175963,1.6997572816014495,0.3470565871811683,0.8085666669970842,0.26622863438590705,-1.0161329645585022,1
0.21232733076517762,0.9009088760241706,1.5251962127575889,-0.8639782382458636,0.4405419421828948,0.9048055324001227,-1.0265186127961803,1.4316811360790147,0.0985409943543475,-0.2262991435398101,0.29255569570563505,-0.36871640067479566,-1.0161329645585022,1
-0.634918112038349,-1.1099901739376037,-0.502969299721533,0.010856269246708024,-0.5733475201700994,0.9048055324001227,1.6495816066168083,-1.461440576166749,1.1223795008750308,1.2644257563347332,-0.4814607612315388,-1.4997122443766724,-1.0161329645585022,1
1.398470950690115,0.9009088760241706,-1.179024470547907,-0.31786205470191425,1.1164682504182242,0.9048055324001227,-0.2507203421941191,-0.8828162337175963,1.541985446170393,-0.11162799739561437,2.098594095225707,0.0479662785837905,-1.0161329645585022,1
-0.46546902347764374,-1.1099901739376037,-1.179024470547907,-0.6782125094633682,-0.911310674287764,0.9048055324001227,0.1106537450714256,0.853056793629862,-0.12972463988633004,1.6084391947673204,-0.7394662468772634,0.7027533459901402,-1.0161329645585022,1
1.0595727735687044,0.9009088760241706,-0.502969299721533,1.3683847748891542,1.4544314045358888,-1.177851894974348,1.8001805360600744,-0.3041918912684436,2.565823952691076,-0.11162799739561437,1.066572152642809,0.5241750548793175,-1.0161329645585022,1
-0.46546902347764374,-1.1099901739376037,1.5251962127575889,-0.4513708085170309,-0.23538436605243465,0.9048055324001227,-0.4269733479463326,0.2744324511807092,2.0354420378377394,-0.11162799739561437,-0.7394662468772634,1.4567505751247247,-1.0161329645585022,1
0.890123685007999,0.9009088760241706,-0.502969299721533,-0.33633913560606454,0.7785050963005594,0.9048055324001227,1.6495816066168083,0.2744324511807092,1.0518857020654102,2.2964660716324943,1.582583123934258,1.754381060309429,-1.0161329645585022,1
-0.46546902347764374,0.9009088760241706,-1.179024470547907,-0.3203572502428166,-0.911310674287764,-1.177851894974348,-0.4090788379283631,-0.8828162337175963,-1.1468494512822878,-0.2262991435398101,-0.22345527558581418,0.20670253734896618,-1.0161329645585022,1
-0.8043672005990544,-1.1099901739376037,1.5251962127575889,-0.6409740848719269,-0.404365943111267,0.9048055324001227,-0.7257958293968509,-0.3041918912684436,0.31673608590793534,-0.11162799739561437,-0.4814607612315388,-0.20998014190961997,-1.0161329645585022,1
-0.8043672005990544,-1.1099901739376037,-1.179024470547907,-0.03205161863070762,-0.404365943111267,0.9048055324001227,0.08151578185632471,1.4316811360790147,0.19253272610050842,-0.11162799739561437,-0.4814607612315388,0.5241750548793175,-1.0161329645585022,1
1.7373691278115257,0.9009088760241706,-1.179024470547907,-0.45378704217372745,2.130357712771218,0.9048055324001227,0.2197627486323197,0.853056793629862,0.9881055983805148,0.8057411717579506,1.582583123934258,0.46464895784237664,-1.0161329645585022,1
-0.634918112038349,0.9009088760241706,-1.179024470547907,-0.6517918630081174,-0.7423290972289317,0.9048055324001227,0.06599664927436881,1.4316811360790147,0.9444665800697976,1.379096902478929,-0.7394662468772634,0.7424374106814341,-1.0161329645585022,1
0.38177641932588297,0.9009088760241706,-0.502969299721533,-0.9300693353260935,-0.404365943111267,0.9048055324001227,-1.0982550113637928,-0.3041918912684436,1.2734376411813615,-0.11162799739561437,1.066572152642809,-0.3488743683291487,-1.0161329645585022,1
0.0428782422044723,0.9009088760241706,0.8491410419312149,0.6607757457675633,-0.5733475201700994,0.9048055324001227,1.7282857789967276,-0.3041918912684436,2.146218007395714,0.3470565871811683,-0.22345527558581418,0.08765034327508442,-1.0161329645585022,1
-0.9738162891597597,-1.1099901739376037,-0.502969299721533,-0.589127711702418,-0.404365943111267,0.9048055324001227,0.0026532509806712224,-1.461440576166749,2.737023178371585,1.035083464046342,-0.4814607612315388,0.08765034327508442,-1.0161329645585022,1
0.7206745964472937,-1.1099901739376037,1.5251962127575889,-0.40776805605860444,0.9474866733593919,0.9048055324001227,-1.2694405452525106,0.2744324511807092,0.4980058542755321,-1.2583394588375707,1.3245776382885335,0.801963507718375,-1.0161329645585022,1
-0.46546902347764374,-1.1099901739376037,-1.179024470547907,-0.06898998806216702,-0.911310674287764,0.9048055324001227,1.6495816066168083,0.2744324511807092,-0.15993626794759605,1.379096902478929,-0.7394662468772634,1.258330251668255,-1.0161329645585022,1
0.0428782422044723,0.9009088760241706,-0.502969299721533,0.9842667929817634,0.2715603651240624,-1.177851894974348,1.309902633266855,-0.8828162337175963,1.6091223974176514,-0.11162799739561437,-0.22345527558581418,0.7622794430270811,-1.0161329645585022,1
0.890123685007999,-1.1099901739376037,-0.502969299721533,0.13896403018214995,0.7785050963005594,0.9048055324001227,0.3331474315780384,1.4316811360790147,1.5956950071681995,-0.11162799739561437,0.8085666669970842,1.238488219322608,-1.0161329645585022,1
-0.8043672005990544,0.9009088760241706,-0.502969299721533,-0.1626861598607342,-0.911310674287764,-1.177851894974348,1.034675567680739,0.2744324511807092,1.4849190376102237,1.035083464046342,-0.7394662468772634,1.1194360252487263,-1.0161329645585022,1
-0.8043672005990544,-1.1099901739376037,0.8491410419312149,-1.0481331445905615,-0.7423290972289317,0.9048055324001227,-0.7506581132271273,0.853056793629862,0.1791053358510565,2.525808363920885,-0.7394662468772634,1.0202258635204915,-1.0161329645585022,1
-0.634918112038349,0.9009088760241706,-0.502969299721533,-0.59969281180915,-0.911310674287764,0.9048055324001227,-0.7227870179779003,0.853056793629862,0.726271488516209,-0.2262991435398101,-0.4814607612315388,-0.8647672093159696,-1.0161329645585022,1
1.0595727735687044,-1.1099901739376037,1.5251962127575889,0.1885520934633738,1.2854498274770565,-1.177851894974348,1.5228948100294133,-0.3041918912684436,1.934736610966852,0.8057411717579506,0.8085666669970842,1.337698381050843,-1.0161329645585022,1
-0.46546902347764374,0.9009088760241706,-1.179024470547907,-0.7903541774124033,-0.23538436605243465,0.9048055324001227,0.06599664927436881,-1.461440576166749,-0.5828990608053211,2.1817949254882985,-0.7394662468772634,1.1789621222856672,-1.0161329645585022,1
-0.2960199349169384,0.9009088760241706,0.8491410419312149,-0.7126083062234018,-0.7423290972289317,0.9048055324001227,0.04240123340996646,0.2744324511807092,-1.2811233537768034,1.6084391947673204,-0.4814607612315388,-0.30919030363785477,-1.0161329645585022,1
0.5512255078865883,-1.1099901739376037,-0.502969299721533,-0.5642231334239179,0.4405419421828948,0.9048055324001227,-1.2669068093207627,-1.461440576166749,0.9813919032557892,-1.143668312693375,0.8085666669970842,1.0995939929030794,-1.0161329645585022,1
0.5512255078865883,0.9009088760241706,-1.179024470547907,-0.12868517252172948,0.7785050963005594,-1.177851894974348,0.38271364074285674,0.2744324511807092,2.2167118062053355,0.3470565871811683,1.066572152642809,-1.7576586648700827,-1.0161329645585022,1
0.21232733076517762,0.9009088760241706,0.8491410419312149,-0.6197491303974157,0.2715603651240624,0.9048055324001227,-0.6307807319563046,-0.8828162337175963,0.27645391515958084,0.003043148748581378,0.03455021005991044,0.10749237562073138,-1.0161329645585022,1
-0.12657084635623306,0.9009088760241706,-0.502969299721533,-0.5028697493960343,-0.23538436605243465,0.9048055324001227,-0.5674373336626071,1.4316811360790147,0.9914624459428782,-0.2262991435398101,0.5505611813513597,-1.0036614357354983,-1.0161329645585022,1
0.5512255078865883,0.9009088760241706,0.8491410419312149,-1.0899671508427786,0.4405419421828948,0.9048055324001227,-1.0868531996709272,-1.461440576166749,-1.2475548781531747,1.2644257563347332,0.5505611813513597,-1.0235034680811452,-1.0161329645585022,1
-0.12657084635623306,0.9009088760241706,1.5251962127575889,-0.4855613043781295,-0.23538436605243465,0.9048055324001227,0.5410721364771007,1.4316811360790147,0.5550722628357013,1.379096902478929,0.03455021005991044,-0.11076998018138517,-1.0161329645585022,1
-0.12657084635623306,-1.1099901739376037,-0.502969299721533,-0.36035934078145987,-0.5733475201700994,0.9048055324001227,0.8577891279455886,0.853056793629862,-0.5929696034924096,1.379096902478929,1.066572152642809,1.0202258635204915,-1.0161329645585022,1
0.21232733076517762,-1.1099901739376037,-1.179024470547907,-0.549978409513197,-0.5733475201700994,0.9048055324001227,1.6495816066168083,0.2744324511807092,0.726271488516209,3.4431775330744507,0.29255569570563505,1.1194360252487263,-1.0161329645585022,1
0.38177641932588297,-1.1099901739376037,0.17308587110484092,-0.8867508456508079,0.9474866733593919,0.9048055324001227,-0.7788459254678227,0.853056793629862,1.3372177448662566,0.6910700256137552,0.29255569570563505,0.7622794430270811,-1.0161329645585022,1
-0.46546902347764374,0.9009088760241706,-1.179024470547907,-0.6441009754864754,-0.5733475201700994,-1.177851894974348,-0.2567379650320204,-1.461440576166749,0.25966967734776614,0.6910700256137552,-0.997471732522988,-0.7060309505507939,-1.0161329645585022,1
-0.2960199349169384,0.9009088760241706,-1.179024470547907,-0.6014773503922005,-0.7423290972289317,0.9048055324001227,-0.5208799359167393,-1.461440576166749,1.4244957814876917,0.1177142948927768,0.5505611813513597,0.16701847265767225,-1.0161329645585022,1
-0.8043672005990544,0.9009088760241706,-0.502969299721533,-0.7539685411703843,-0.5733475201700994,0.9048055324001227,0.06599664927436881,0.853056793629862,1.1660185191857488,1.952452633199907,-0.7394662468772634,0.3654387961141419,-1.0161329645585022,1
-0.2960199349169384,0.9009088760241706,0.8491410419312149,-0.1269638034460437,-0.7423290972289317,0.9048055324001227,-0.533706974071213,0.2744324511807092,1.726612062100352,-0.570312581972397,0.03455021005991044,0.46464895784237664,-1.0161329645585022,1
-0.634918112038349,-1.1099901739376037,0.8491410419312149,-0.8391684142284106,-0.7423290972289317,0.9048055324001227,-0.4703635757775155,-0.8828162337175963,0.4946490067131693,1.2644257563347332,-0.4814607612315388,0.16701847265767225,-1.0161329645585022,1
0.21232733076517762,-1.1099901739376037,0.17308587110484092,2.4279427142927053,-0.06640278899360229,-1.177851894974348,-0.6546928648121755,-1.461440576166749,1.4009978485511514,-1.3730106049817663,0.29255569570563505,0.782121475372728,-1.0161329645585022,1
-0.634918112038349,0.9009088760241706,1.5251962127575889,-0.25668238681928335,-0.911310674287764,0.9048055324001227,-0.8841543251310949,0.853056793629862,0.12875262241561353,-0.9143260204049839,-0.7394662468772634,-0.3488743683291487,-1.0161329645585022,1
-0.46546902347764374,-1.1099901739376037,-1.179024470547907,-0.27733881572751284,-0.5733475201700994,0.9048055324001227,1.653857286001633,-0.8828162337175963,-0.04580345082725759,2.0671237793441026,-0.4814607612315388,-0.15045404487267908,-1.0161329645585022,1
-0.8043672005990544,-1.1099901739376037,0.8491410419312149,-0.4975950955310889,-0.5733475201700994,-1.177851894974348,-0.9864539133754165,0.2744324511807092,0.11868207972852446,-0.7996548742607882,-0.4814607612315388,-2.3529196352394917,-1.0161329645585022,1
-0.46546902347764374,-1.1099901739376037,0.8491410419312149,-0.6853822485492521,-0.5733475201700994,0.9048055324001227,-0.8841543251310949,-0.8828162337175963,1.0686699398772244,-0.34097028968400567,-0.7394662468772634,0.4844909901880236,-1.0161329645585022,1
-0.634918112038349,-1.1099901739376037,1.5251962127575889,-0.7047121178028247,-0.7423290972289317,0.9048055324001227,-0.2507203421941191,0.853056793629862,1.182802756997563,1.035083464046342,-0.997471732522988,0.2463866020402601,-1.0161329645585022,1
-0.634918112038349,-1.1099901739376037,1.5251962127575889,-0.27920231619476904,-0.5733475201700994,0.9048055324001227,1.6677928336262464,-0.8828162337175963,1.0149603788794181,2.0671237793441026,-0.4814607612315388,1.258330251668255,-1.0161329645585022,1
0.21232733076517762,-1.1099901739376037,1.5251962127575889,-0.4403793142355876,-0.06640278899360229,0.9048055324001227,-0.5674373336626071,0.853056793629862,1.3741430680522482,-0.2262991435398101,0.8085666669970842,0.38528082845978884,-1.0161329645585022,1
-0.9738162891597597,-1.1099901739376037,-1.179024470547907,-0.6821763960504978,-0.7423290972289317,0.9048055324001227,0.38271364074285674,-0.8828162337175963,-1.1938453171553682,2.1817949254882985,-0.7394662468772634,-0.9441353386985575,-1.0161329645585022,1
-0.634918112038349,0.9009088760241706,-1.179024470547907,0.19513751460613504,-0.911310674287764,-1.177851894974348,-0.6421825436491702,-1.461440576166749,1.0653130923148617,-0.9143260204049839,-0.7394662468772634,0.2463866020402601,-1.0161329645585022,1
-0.46546902347764374,-1.1099901739376037,-0.502969299721533,-0.9627437630104413,-0.5733475201700994,0.9048055324001227,-0.8147933039994961,0.853056793629862,0.2160306590370488,1.035083464046342,-0.4814607612315388,-0.32903233598350173,-1.0161329645585022,1
0.21232733076517762,-1.1099901739376037,-0.502969299721533,-0.2270716802421194,0.4405419421828948,0.9048055324001227,0.06599664927436881,-1.461440576166749,1.2734376411813615,0.1177142948927768,0.8085666669970842,0.20670253734896618,-1.0161329645585022,1
-0.46546902347764374,0.9009088760241706,0.8491410419312149,-0.9655074289576433,-0.5733475201700994,0.21058638994196582,-0.8100425491274688,1.4316811360790147,0.3301634761573873,1.1497546101905376,-0.4814607612315388,0.5043330225336705,-1.0161329645585022,1
-0.8043672005990544,0.9009088760241706,-0.502969299721533,-0.7978239716582692,-0.911310674287764,0.9048055324001227,-0.11849099825602541,1.4316811360790147,-0.39827244487536145,1.8377814870557112,-0.997471732522988,0.6035431842619053,-1.0161329645585022,1
0.5512255078865883,-1.1099901739376037,-0.502969299721533,-0.45713502606405215,0.10257878806523006,0.9048055324001227,0.6994306322113446,-1.461440576166749,0.36037510421865326,1.4937680486231246,0.03455021005991044,0.22654456969461315,-1.0161329645585022,1
3.262410924857874,-1.1099901739376037,-0.502969299721533,-0.9060807149043805,3.144247175124212,0.9048055324001227,-1.042512820865339,0.853056793629862,-1.6873019088227141,-0.11162799739561437,2.098594095225707,1.694854963272488,-1.0161329645585022,1
0.0428782422044723,-1.1099901739376037,0.8491410419312149,0.21214590446405798,0.2715603651240624,0.9048055324001227,2.4413740852880284,1.4316811360790147,0.6188523665205963,1.4937680486231246,0.03455021005991044,-0.6068207888225592,-1.0161329645585022,1
0.890123685007999,0.9009088760241706,0.8491410419312149,-0.22478178560015208,0.4405419421828948,0.9048055324001227,-1.2868599797832774,-1.461440576166749,1.2365123179953694,-1.3730106049817663,0.8085666669970842,-1.3012919209202027,-1.0161329645585022,1
-0.9738162891597597,0.9009088760241706,1.5251962127575889,-1.0162799205019537,-0.911310674287764,0.9048055324001227,-0.8841543251310949,1.4316811360790147,-0.3042807131292006,1.379096902478929,-0.7394662468772634,1.1591200899400202,-1.0161329645585022,1
0.21232733076517762,-1.1099901739376037,0.8491410419312149,-1.041310837795183,-0.06640278899360229,0.9048055324001227,-1.16270691912763,0.2744324511807092,-0.17000681063468454,0.23238544103697253,0.29255569570563505,-0.3488743683291487,-1.0161329645585022,1
0.5512255078865883,-1.1099901739376037,-0.502969299721533,-0.3207994367943689,0.10257878806523006,0.9048055324001227,-0.17835050964356963,1.4316811360790147,1.0653130923148617,0.003043148748581378,0.8085666669970842,-0.4877685947486774,-1.0161329645585022,1
0.890123685007999,-1.1099901739376037,0.8491410419312149,-0.7002112904030958,0.10257878806523006,0.9048055324001227,-0.9220020056115793,0.2744324511807092,-0.4654093961226198,-0.34097028968400567,0.8085666669970842,0.46464895784237664,-1.0161329645585022,1
-0.8043672005990544,0.9009088760241706,0.8491410419312149,-0.9035855193634781,-0.911310674287764,0.9048055324001227,-0.5816895982786889,0.853056793629862,0.7866947446387411,1.379096902478929,-0.997471732522988,0.6829113136444932,-1.0161329645585022,1
0.38177641932588297,-1.1099901739376037,-1.179024470547907,-0.8790599581291658,0.9474866733593919,0.21058638994196582,-0.5674373336626071,0.853056793629862,0.06832936629308146,1.2644257563347332,0.03455021005991044,1.317856348705196,-1.0161329645585022,1
0.7206745964472937,-1.1099901739376037,-0.502969299721533,-0.8795495218112416,0.2715603651240624,0.9048055324001227,-0.7257958293968509,1.4316811360790147,-0.34120603631519225,0.8057411717579506,0.5505611813513597,-1.4005020826484376,-1.0161329645585022,1
0.38177641932588297,0.9009088760241706,-0.502969299721533,-0.40756275515966944,0.10257878806523006,0.9048055324001227,0.38271364074285674,0.2744324511807092,1.7098278242885385,0.9204123179021463,0.29255569570563505,0.8416475724096689,-1.0161329645585022,1
-0.46546902347764374,-1.1099901739376037,-0.502969299721533,-0.6962158190622838,-0.23538436605243465,0.9048055324001227,-0.8792452117633334,-0.3041918912684436,1.7400394523498046,-0.34097028968400567,-0.4814607612315388,0.40512286080543575,-1.0161329645585022,1
2.415165482054347,-1.1099901739376037,0.8491410419312149,-0.9543580109077885,2.4683208668888827,0.9048055324001227,-1.118524898817776,-0.3041918912684436,0.001192415045823164,-0.11162799739561437,1.8405886095799828,1.0599099282117854,-1.0161329645585022,1
-0.2960199349169384,0.9009088760241706,1.5251962127575889,-0.4297352522446498,-0.5733475201700994,0.9048055324001227,-0.8363300594193532,-0.8828162337175963,0.3905867322799193,-0.6849837281165926,-0.22345527558581418,1.1194360252487263,-1.0161329645585022,1
0.5512255078865883,0.9009088760241706,0.8491410419312149,-0.4891303815442303,0.6095235192417271,0.9048055324001227,0.7816186914974173,-1.461440576166749,-0.06930138376379737,1.8377814870557112,0.29255569570563505,0.286070666731554,-1.0161329645585022,1
-0.634918112038349,0.9009088760241706,-0.502969299721533,-0.4421480604417969,-0.5733475201700994,0.9048055324001227,1.3724542390818815,1.4316811360790147,0.501362701837895,2.411137217776689,-0.4814607612315388,0.38528082845978884,-1.0161329645585022,1
-0.46546902347764374,-1.1099901739376037,-0.502969299721533,-0.9047857400034058,-0.911310674287764,0.9048055324001227,-0.8841543251310949,-1.461440576166749,0.001192415045823164,0.4617277333253637,-0.7394662468772634,-1.0433455004267922,-1.0161329645585022,1
1.2290218621294098,0.9009088760241706,0.8491410419312149,-0.18132116453329603,0.9474866733593919,-1.177851894974348,-0.5989506743137216,0.2744324511807092,0.7866947446387411,-0.6849837281165926,0.5505611813513597,0.06780831092943747,-1.0161329645585022,1
-0.46546902347764374,0.9009088760241706,-0.502969299721533,-0.6649942900473222,-0.404365943111267,0.9048055324001227,1.3328646151483206,0.2744324511807092,0.44765314084008856,3.9018621176512323,0.03455021005991044,-0.46792656240303043,-1.0161329645585022,1
-0.2960199349169384,0.9009088760241706,-1.179024470547907,-0.2998903298566809,0.2715603651240624,0.9048055324001227,-0.6781299221808436,-0.3041918912684436,0.3536614090939276,-0.570312581972397,0.03455021005991044,-1.9560789883265524,-1.0161329645585022,1
-0.46546902347764374,0.9009088760241706,-0.502969299721533,-0.5673658164153076,-0.404365943111267,0.9048055324001227,-1.1221671442196637,0.2744324511807092,0.2563128297854033,-0.9143260204049839,-0.4814607612315388,-0.36871640067479566,-1.0161329645585022,1
-0.2960199349169384,-1.1099901739376037,-0.502969299721533,-0.25085499976489745,-0.5733475201700994,0.9048055324001227,-0.8841543251310949,0.2744324511807092,-0.059230841076708896,-0.9143260204049839,-0.4814607612315388,1.0202258635204915,-1.0161329645585022,1
0.7206745964472937,-1.1099901739376037,0.8491410419312149,-0.5553004405086659,0.4405419421828948,0.9048055324001227,1.6049245108197516,-0.3041918912684436,0.4006572749670078,3.4431775330744507,0.5505611813513597,-1.0433455004267922,-1.0161329645585022,1
0.21232733076517762,0.9009088760241706,-0.502969299721533,-0.9311274245744509,0.7785050963005594,0.9048055324001227,-0.7257958293968509,0.853056793629862,-0.45869570099789353,1.1497546101905376,0.5505611813513597,1.6154868338899002,-1.0161329645585022,1
-0.2960199349169384,0.9009088760241706,-1.179024470547907,0.10480511907473368,-0.404365943111267,0.9048055324001227,-1.1452874845968632,0.2744324511807092,1.924666068279763,-1.2583394588375707,-0.4814607612315388,0.782121475372728,-1.0161329645585022,1
-0.46546902347764374,0.9009088760241706,0.8491410419312149,0.41719412536960265,-0.5733475201700994,-1.177851894974348,1.6495816066168083,0.853056793629862,2.095865293960271,0.5763988794695595,-0.7394662468772634,0.0479662785837905,-1.0161329645585022,1
-0.46546902347764374,-1.1099901739376037,-0.502969299721533,-0.20103005083105632,-0.404365943111267,0.9048055324001227,-1.0773516899268727,0.2744324511807092,-0.6634634023020307,-1.143668312693375,-0.7394662468772634,0.16701847265767225,-1.0161329645585022,1
0.38177641932588297,0.9009088760241706,0.8491410419312149,-0.4107686076584237,0.2715603651240624,0.9048055324001227,-0.804975077263973,-1.461440576166749,-0.3042807131292006,-0.6849837281165926,-0.22345527558581418,0.40512286080543575,-1.0161329645585022,1
0.890123685007999,-1.1099901739376037,1.5251962127575889,0.3414854707931099,0.4405419421828948,0.9048055324001227,1.6495816066168083,0.2744324511807092,0.19924642122523406,0.6910700256137552,0.03455021005991044,-2.154499311783022,-1.0161329645585022,1
-0.8043672005990544,0.9009088760241706,0.8491410419312149,0.05719110289865411,-0.911310674287764,0.9048055324001227,-0.004472881327369755,-0.3041918912684436,1.4043546961135143,-0.34097028968400567,-0.4814607612315388,0.38528082845978884,-1.0161329645585022,1
-0.9738162891597597,-1.1099901739376037,1.5251962127575889,-0.8974580771491103,-0.7423290972289317,0.9048055324001227,-0.7257958293968509,-0.8828162337175963,0.5684996530851527,0.9204123179021463,-0.4814607612315388,-0.38855843302044263,-1.0161329645585022,1
-0.46546902347764374,0.9009088760241706,0.8491410419312149,-0.5674131935458311,-0.5733475201700994,0.9048055324001227,0.38271364074285674,-0.8828162337175963,-0.3680608168140954,1.4937680486231246,-0.4814607612315388,-1.7378166325244357,-1.0161329645585022,1
-0.634918112038349,0.9009088760241706,-1.179024470547907,-0.4874405972222268,-0.7423290972289317,0.9048055324001227,-1.042512820865339,-0.8828162337175963,1.0485288545030476,-0.9143260204049839,-0.7394662468772634,-1.202081759191968,-1.0161329645585022,1
-0.2960199349169384,-1.1099901739376037,-0.502969299721533,-0.639963372754093,0.2715603651240624,0.9048055324001227,-0.8841543251310949,0.2744324511807092,1.944807153653941,-0.45564143582820127,0.29255569570563505,1.6353288662355472,-1.0161329645585022,1
-0.12657084635623306,0.9009088760241706,-1.179024470547907,-0.6029460414384278,0.10257878806523006,0.9048055324001227,-0.2507203421941191,-1.461440576166749,1.8944544402184968,0.5763988794695595,0.5505611813513597,0.32575473142284794,-1.0161329645585022,1
-0.2960199349169384,0.9009088760241706,-1.179024470547907,-1.020528069872224,-0.5733475201700994,0.21058638994196582,-1.0916039545429546,-0.8828162337175963,-0.015591822765990965,0.4617277333253637,-0.4814607612315388,0.32575473142284794,-1.0161329645585022,1
-0.2960199349169384,0.9009088760241706,-0.502969299721533,0.14378070511870195,-0.23538436605243465,-1.177851894974348,2.7126421884807885,-0.8828162337175963,1.0619562447524988,1.8377814870557112,-0.997471732522988,-0.26950623894656084,-1.0161329645585022,1
-0.46546902347764374,0.9009088760241706,-1.179024470547907,-0.06038314268373805,-0.5733475201700994,-1.177851894974348,0.06599664927436881,0.2744324511807092,1.6930435864767237,-0.11162799739561437,-0.7394662468772634,-1.6981325678331418,-1.0161329645585022,1
-0.12657084635623306,-1.1099901739376037,1.5251962127575889,-0.20584672576760832,-0.06640278899360229,0.9048055324001227,1.6495816066168083,-1.461440576166749,0.48793531158844367,1.8377814870557112,0.03455021005991044,0.9805417988291976,-1.0161329645585022,1
-0.634918112038349,0.9009088760241706,-1.179024470547907,0.2331181809091106,-0.404365943111267,0.9048055324001227,-1.30934688617754,-1.461440576166749,-0.04580345082725759,-1.487681751125962,-0.4814607612315388,0.6233852166075523,-1.0161329645585022,1
-0.9738162891597597,-1.1099901739376037,1.5251962127575889,-0.5574797885127452,-0.7423290972289317,0.9048055324001227,-0.8841543251310949,0.853056793629862,0.7128440982667578,-0.570312581972397,-0.4814607612315388,1.5956448015442533,-1.0161329645585022,1
-0.8043672005990544,0.9009088760241706,0.8491410419312149,-0.9736562954076787,-0.911310674287764,0.9048055324001227,-0.8841543251310949,1.4316811360790147,-0.6533928596149416,0.9204123179021463,-0.4814607612315388,-0.40840046536608954,-1.0161329645585022,1
0.890123685007999,-1.1099901739376037,0.8491410419312149,-0.6558978809868174,0.4405419421828948,0.9048055324001227,0.5410721364771007,-1.461440576166749,-0.3848450546259102,2.2964660716324943,0.29255569570563505,0.782121475372728,-1.0161329645585022,1
1.398470950690115,0.9009088760241706,-1.179024470547907,-0.7455827890677315,0.7785050963005594,0.9048055324001227,-0.319447929342781,0.2744324511807092,0.8974707141967168,1.035083464046342,1.3245776382885335,-1.7179746001787888,-1.0161329645585022,1
-0.9738162891597597,-1.1099901739376037,0.8491410419312149,-0.3388975006543315,-0.911310674287764,0.9048055324001227,0.8577891279455886,0.853056793629862,-0.7306003535492884,1.379096902478929,-0.4814607612315388,-0.7655570475877348,-1.0161329645585022,1
0.0428782422044723,0.9009088760241706,0.8491410419312149,0.6168729381491549,-0.06640278899360229,0.9048055324001227,1.6766609093873641,0.853056793629862,1.4144252388006033,0.3470565871811683,0.03455021005991044,-0.46792656240303043,-1.0161329645585022,1
0.0428782422044723,0.9009088760241706,-1.179024470547907,-0.9691870527616322,-0.404365943111267,0.9048055324001227,-0.4029028565947276,-1.461440576166749,0.5416448725862495,2.7551506562092767,-0.22345527558581418,1.1194360252487263,-1.0161329645585022,1
-0.46546902347764374,-1.1099901739376037,-0.502969299721533,0.5866779136288682,0.10257878806523006,-1.177851894974348,1.6495816066168083,0.853056793629862,0.10189784191671032,0.3470565871811683,-0.7394662468772634,0.12733440796637835,-1.0161329645585022,1
-0.2960199349169384,-1.1099901739376037,0.8491410419312149,-0.487156334439086,-0.06640278899360229,0.9048055324001227,-0.2507203421941191,-1.461440576166749,0.6927030128925802,0.23238544103697253,-0.22345527558581418,-0.03140185079879733,-1.0161329645585022,1
0.0428782422044723,0.9009088760241706,-0.502969299721533,-0.6068941356487163,-0.06640278899360229,0.9048055324001227,-0.9474977234247925,0.2744324511807092,1.7131846718509007,-0.570312581972397,-0.7394662468772634,1.3972244780877838,-1.0161329645585022,1
-0.8043672005990544,-1.1099901739376037,1.5251962127575889,-0.2941892818170243,-0.911310674287764,0.9048055324001227,1.370237220141602,1.4316811360790147,0.7732673543892898,1.8377814870557112,-0.7394662468772634,-0.36871640067479566,-1.0161329645585022,1
0.38177641932588297,0.9009088760241706,-1.179024470547907,0.12765668836388364,0.10257878806523006,0.9048055324001227,2.4413740852880284,0.2744324511807092,2.471832220944916,1.6084391947673204,0.29255569570563505,0.7424374106814341,-1.0161329645585022,1
-0.46546902347764374,0.9009088760241706,-1.179024470547907,-0.41252156148779184,-0.7423290972289317,0.9048055324001227,2.280165136630568,-1.461440576166749,-0.1935047435712249,3.5578486792186466,-0.4814607612315388,-0.8846092416616166,-1.0161329645585022,1
-0.46546902347764374,-1.1099901739376037,-1.179024470547907,-0.6092156150443659,-0.911310674287764,0.9048055324001227,-0.7257958293968509,0.853056793629862,0.11532523216616163,-0.2262991435398101,-0.7394662468772634,-0.9441353386985575,-1.0161329645585022,1
-0.634918112038349,-1.1099901739376037,-0.502969299721533,0.17170162737386238,-0.911310674287764,0.9048055324001227,2.271772136356653,0.853056793629862,0.01797665285763789,1.379096902478929,-0.4814607612315388,-0.11076998018138517,-1.0161329645585022,1
1.0595727735687044,-1.1099901739376037,0.8491410419312149,-0.4108475695426295,0.7785050963005594,-1.177851894974348,-0.09188677097267242,1.4316811360790147,1.4009978485511514,0.3470565871811683,0.29255569570563505,0.3455967637684949,-1.0161329645585022,1
-0.46546902347764374,0.9009088760241706,0.8491410419312149,0.010114027535173781,-0.404365943111267,0.9048055324001227,2.2830155895537843,-0.8828162337175963,-1.0662851097855781,1.8377814870557112,-0.4814607612315388,0.305912699077201,-1.0161329645585022,1
-0.2960199349169384,0.9009088760241706,-1.179024470547907,-0.11751996209503353,-0.7423290972289317,0.9048055324001227,1.8364446315832164,1.4316811360790147,0.6020681287087821,1.7231103409115156,-0.7394662468772634,0.3654387961141419,-1.0161329645585022,1
0.7206745964472937,0.9009088760241706,-1.179024470547907,-0.6452064418653561,0.7785050963005594,-1.177851894974348,-0.2507203421941191,-1.461440576166749,-1.1871316220306425,0.6910700256137552,0.29255569570563505,-1.7576586648700827,-1.0161329645585022,1
-0.12657084635623306,0.9009088760241706,-1.179024470547907,-0.5411346784821507,-0.06640278899360229,0.9048055324001227,-0.6033847121942804,-1.461440576166749,0.8974707141967168,-0.11162799739561437,0.29255569570563505,-1.6187644384505542,-1.0161329645585022,1
-0.634918112038349,0.9009088760241706,1.5251962127575889,-0.16334943968806268,-0.5733475201700994,0.9048055324001227,2.4413740852880284,0.2744324511807092,0.8034789824505558,2.525808363920885,-0.4814607612315388,-0.22982217425526694,-1.0161329645585022,1
-0.8043672005990544,0.9009088760241706,0.8491410419312149,-0.3810631468202129,-0.7423290972289317,0.9048055324001227,0.7624573135135737,0.853056793629862,0.27981076272194366,1.379096902478929,-0.7394662468772634,0.7622794430270811,-1.0161329645585022,1
-0.8043672005990544,-1.1099901739376037,0.8491410419312149,-0.6748961103267258,-0.911310674287764,0.9048055324001227,-0.13622714977826073,0.2744324511807092,1.2902218789931756,1.035083464046342,-0.4814607612315388,-0.13061201252703214,-1.0161329645585022,1
-0.634918112038349,0.9009088760241706,-1.179024470547907,-0.37062438572821005,-0.7423290972289317,0.9048055324001227,0.8965869594004784,-1.461440576166749,0.5147900920873463,1.4937680486231246,-0.7394662468772634,-0.20998014190961997,-1.0161329645585022,1
0.38177641932588297,-1.1099901739376037,-1.179024470547907,-0.7548529142734889,0.7785050963005594,0.9048055324001227,-0.052772222526314166,0.2744324511807092,-0.09279931670033775,1.7231103409115156,-0.22345527558581418,-1.3608180179571436,-1.0161329645585022,1
0.0428782422044723,0.9009088760241706,-0.502969299721533,-0.18252138517322375,0.10257878806523006,-1.177851894974348,-0.2507203421941191,0.853056793629862,0.19253272610050842,-0.2262991435398101,-0.22345527558581418,1.1194360252487263,-1.0161329645585022,1
0.38177641932588297,0.9009088760241706,1.5251962127575889,-0.7947444581742441,0.6095235192417271,0.9048055324001227,0.061087535906607246,0.2744324511807092,-0.24721430456903132,2.2964660716324943,0.5505611813513597,1.0797519605574324,-1.0161329645585022,1
0.38177641932588297,-1.1099901739376037,-1.179024470547907,-0.3113713878201999,0.7785050963005594,0.9048055324001227,-1.042512820865339,-1.461440576166749,1.2465828606824585,-1.0289971665491795,0.03455021005991044,-0.15045404487267908,-1.0161329645585022,1
0.21232733076517762,-1.1099901739376037,-0.502969299721533,-0.20436224234453984,0.6095235192417271,-1.177851894974348,0.02086447799010928,-1.461440576166749,0.44429629327772574,0.1177142948927768,0.5505611813513597,-0.03140185079879733,-1.0161329645585022,1
-0.46546902347764374,0.9009088760241706,0.8491410419312149,-0.12740598999759598,-0.5733475201700994,-0.4836327525161911,0.38271364074285674,0.2744324511807092,0.7464125738903866,0.3470565871811683,-0.7394662468772634,0.5440170872249644,-1.0161329645585022,1
-0.2960199349169384,0.9009088760241706,-0.502969299721533,-0.19889807995750053,-0.23538436605243465,-1.177851894974348,0.04461825235024587,-1.461440576166749,-0.8010941523589095,0.1177142948927768,-0.7394662468772634,0.6630692812988462,-1.0161329645585022,1
1.7373691278115257,0.9009088760241706,-1.179024470547907,-0.03083560561393876,1.4544314045358888,0.9048055324001227,2.221255776217429,-0.3041918912684436,0.830333762949459,1.8377814870557112,1.582583123934258,1.4765926074703717,-1.0161329645585022,1
-0.634918112038349,0.9009088760241706,-0.502969299721533,-0.22148117884035087,-0.06640278899360229,0.9048055324001227,-0.4090788379283631,-1.461440576166749,1.632620330354191,-0.34097028968400567,-0.7394662468772634,-1.2616078562289088,-1.0161329645585022,1
0.0428782422044723,0.9009088760241706,-1.179024470547907,0.9677479668059163,-0.404365943111267,-1.177851894974348,2.4413740852880284,-0.8828162337175963,1.7031141291638117,0.4617277333253637,0.29255569570563505,0.6035431842619053,-1.0161329645585022,1
0.0428782422044723,-1.1099901739376037,-1.179024470547907,0.12850947671330595,-0.5733475201700994,-0.4836327525161911,2.4413740852880284,0.2744324511807092,1.343931439990982,1.6084391947673204,-0.4814607612315388,-1.12271362980938,-1.0161329645585022,1
0.0428782422044723,0.9009088760241706,0.8491410419312149,-0.27999193503682673,0.2715603651240624,0.9048055324001227,1.712925004910506,-0.8828162337175963,2.2603508245160526,2.1817949254882985,0.03455021005991044,-2.5910240233872552,-1.0161329645585022,1
-0.2960199349169384,-1.1099901739376037,-0.502969299721533,0.9006935347383761,-0.5733475201700994,-1.177851894974348,0.6181927238996775,0.853056793629862,-0.3277786460657409,-0.45564143582820127,-0.4814607612315388,0.20670253734896618,-1.0161329645585022,1
-0.12657084635623306,-1.1099901739376037,-0.502969299721533,0.9494446020470187,0.10257878806523006,0.9048055324001227,-0.9649171579555593,0.2744324511807092,0.501362701837895,-1.3730106049817663,1.066572152642809,-0.15045404487267908,-1.0161329645585022,1
0.5512255078865883,-1.1099901739376037,-0.502969299721533,-0.12835353260806523,0.4405419421828948,-1.177851894974348,1.288365877846998,0.2744324511807092,1.4647779522360462,1.2644257563347332,0.5505611813513597,-0.46792656240303043,-1.0161329645585022,1
-0.12657084635623306,-1.1099901739376037,0.8491410419312149,-0.7213888677470834,-0.404365943111267,0.9048055324001227,-0.7257958293968509,1.4316811360790147,2.183143330581707,0.1177142948927768,0.03455021005991044,-1.7378166325244357,-1.0161329645585022,1
-0.634918112038349,-1.1099901739376037,-1.179024470547907,-0.21767521602163273,-0.911310674287764,0.9048055324001227,-0.4090788379283631,-1.461440576166749,1.4614211046736834,-0.34097028968400567,-0.7394662468772634,0.8813316371009629,-1.0161329645585022,1
-0.46546902347764374,0.9009088760241706,-1.179024470547907,-0.03435730564951612,-0.5733475201700994,-1.177851894974348,0.7632491059922449,-1.461440576166749,-1.2878370489015294,0.5763988794695595,-0.997471732522988,-0.26950623894656084,-1.0161329645585022,1
-0.46546902347764374,-1.1099901739376037,0.8491410419312149,-0.1551216113538214,-0.5733475201700994,0.9048055324001227,-0.5674373336626071,-0.8828162337175963,0.06161567116835522,-0.570312581972397,-0.7394662468772634,0.5043330225336705,-1.0161329645585022,1
-0.46546902347764374,0.9009088760241706,1.5251962127575889,0.027943620988836744,-0.7423290972289317,0.9048055324001227,2.4413740852880284,-0.8828162337175963,-0.03237606057780569,1.952452633199907,-0.7394662468772634,0.22654456969461315,-1.0161329645585022,1
-0.9738162891597597,-1.1099901739376037,1.5251962127575889,-0.7742617454112674,-0.7423290972289317,0.9048055324001227,0.06599664927436881,0.853056793629862,-0.21364582894540246,2.0671237793441026,-0.4814607612315388,-0.11076998018138517,-1.0161329645585022,1
0.7206745964472937,-1.1099901739376037,-0.502969299721533,-0.6378787790110606,0.9474866733593919,0.9048055324001227,-1.1615984096574903,-0.8828162337175963,1.5621265315445705,-0.9143260204049839,1.066572152642809,0.3654387961141419,-1.0161329645585022,1
-0.46546902347764374,0.9009088760241706,-1.179024470547907,-0.6943207338413453,-0.5733475201700994,0.9048055324001227,-1.042512820865339,-0.8828162337175963,-1.4724636648314886,-0.6849837281165926,-0.7394662468772634,0.6630692812988462,-1.0161329645585022,1
1.0595727735687044,0.9009088760241706,-1.179024470547907,-0.6826343749788913,0.2715603651240624,0.9048055324001227,-0.3298995900612411,0.853056793629862,0.19253272610050842,0.6910700256137552,0.03455021005991044,0.801963507718375,-1.0161329645585022,1
0.21232733076517762,-1.1099901739376037,-0.502969299721533,-0.41440085433188917,0.6095235192417271,0.9048055324001227,-0.6624524311031534,0.2744324511807092,1.676259348664909,-0.45564143582820127,0.8085666669970842,1.1789621222856672,-1.0161329645585022,1
0.5512255078865883,-1.1099901739376037,-0.502969299721533,0.9989852881977191,0.10257878806523006,-1.177851894974348,3.6855967862719834,-1.461440576166749,2.2872056050149565,1.035083464046342,0.29255569570563505,0.8813316371009629,-1.0161329645585022,1
0.890123685007999,0.9009088760241706,-0.502969299721533,-0.33564427102505373,1.4544314045358888,-1.177851894974348,-0.41066242288570554,0.2744324511807092,0.36708879934337896,-0.2262991435398101,-0.22345527558581418,0.4249648931510827,-1.0161329645585022,1
-0.8043672005990544,0.9009088760241706,-1.179024470547907,-1.135622912290555,-0.7423290972289317,0.9048055324001227,-1.2352351101739139,1.4316811360790147,1.2499397082448211,0.9204123179021463,-0.7394662468772634,-0.8449251769703227,-1.0161329645585022,1
-0.634918112038349,-1.1099901739376037,0.8491410419312149,-0.8861191505771617,-0.404365943111267,0.9048055324001227,-0.8841543251310949,-1.461440576166749,0.6289229092076853,0.3470565871811683,-0.4814607612315388,-0.26950623894656084,-1.0161329645585022,1
-0.8043672005990544,-1.1099901739376037,-1.179024470547907,-0.06433123689402657,-0.911310674287764,0.9048055324001227,0.06599664927436881,0.853056793629862,1.149234281373934,-0.11162799739561437,-0.7394662468772634,0.6233852166075523,-1.0161329645585022,1
-0.12657084635623306,-1.1099901739376037,0.8491410419312149,-0.4112265865868172,-0.23538436605243465,0.9048055324001227,0.533470928681857,-0.3041918912684436,1.6527614157283688,1.1497546101905376,-0.22345527558581418,-0.5076106270943244,-1.0161329645585022,1
-0.634918112038349,0.9009088760241706,-1.179024470547907,-1.0221230999331807,-0.911310674287764,0.9048055324001227,-1.032219518642613,-0.8828162337175963,-0.18343420088413584,0.6910700256137552,-0.7394662468772634,0.32575473142284794,-1.0161329645585022,1
0.0428782422044723,0.9009088760241706,-0.502969299721533,-0.6310248874619998,-0.5733475201700994,0.9048055324001227,0.06599664927436881,-0.8828162337175963,-0.7104592681751108,1.2644257563347332,0.03455021005991044,0.028124246238143545,-1.0161329645585022,1
-0.46546902347764374,-1.1099901739376037,0.8491410419312149,-0.6417479113371434,-0.7423290972289317,0.9048055324001227,-0.15966420714692883,-1.461440576166749,1.5486991412951188,0.9204123179021463,-0.997471732522988,-0.40840046536608954,-1.0161329645585022,1
1.5679200392508204,-1.1099901739376037,0.8491410419312149,-1.0226758331226211,2.130357712771218,0.9048055324001227,-0.7554088680991546,1.4316811360790147,-1.1770610793435539,2.0671237793441026,1.582583123934258,0.6035431842619053,-1.0161329645585022,1
-0.634918112038349,0.9009088760241706,-0.502969299721533,0.3749337249426743,-0.06640278899360229,-1.177851894974348,-1.021767857924153,-1.461440576166749,0.36037510421865326,-1.2583394588375707,-0.7394662468772634,0.26622863438590705,-1.0161329645585022,1
-0.8043672005990544,0.9009088760241706,-0.502969299721533,-0.9020220740562038,-0.911310674287764,0.9048055324001227,-0.8841543251310949,0.2744324511807092,0.1119683846037988,0.4617277333253637,-0.4814607612315388,0.14717644031202531,-1.0161329645585022,1
-0.9738162891597597,-1.1099901739376037,0.8491410419312149,-0.6035145670047093,-0.911310674287764,0.9048055324001227,-0.2835005508111076,-1.461440576166749,1.0048898361923295,0.5763988794695595,-0.997471732522988,0.6035431842619053,-1.0161329645585022,1
-0.2960199349169384,0.9009088760241706,0.8491410419312149,-1.0933151347331034,-0.7423290972289317,0.9048055324001227,-1.0193924804881394,-0.8828162337175963,-0.492264176621523,1.7231103409115156,0.03455021005991044,-2.2140254088199627,-1.0161329645585022,1
-0.634918112038349,-1.1099901739376037,0.8491410419312149,-0.2186543433857843,-0.7423290972289317,0.9048055324001227,-0.8841543251310949,0.2744324511807092,1.3237903546168046,-0.9143260204049839,-0.7394662468772634,0.7622794430270811,-1.0161329645585022,1
-0.2960199349169384,-1.1099901739376037,0.8491410419312149,-0.7968764290478,-0.5733475201700994,0.9048055324001227,-1.2008713165995828,-0.3041918912684436,1.5017032754220385,-0.7996548742607882,-0.7394662468772634,-1.3608180179571436,-1.0161329645585022,1
-0.634918112038349,0.9009088760241706,0.8491410419312149,-0.4157432063633873,-0.404365943111267,0.9048055324001227,-0.7257958293968509,0.2744324511807092,0.8907570190719911,-0.570312581972397,-0.7394662468772634,-0.5869787564769122,-1.0161329645585022,1
-0.2960199349169384,0.9009088760241706,-1.179024470547907,-0.22285511562553129,-0.404365943111267,0.9048055324001227,0.0026532509806712224,0.853056793629862,0.9713213605687007,0.1177142948927768,0.03455021005991044,0.5043330225336705,-1.0161329645585022,1
-0.12657084635623306,-1.1099901739376037,-1.179024470547907,-1.0178907429397515,-0.404365943111267,0.9048055324001227,-0.8841543251310949,1.4316811360790147,-0.018948670328354386,1.379096902478929,0.8085666669970842,-1.7576586648700827,-1.0161329645585022,1
0.5512255078865883,-1.1099901739376037,-0.502969299721533,-0.29567376524009276,0.10257878806523006,-1.177851894974348,-1.1991293731465062,0.2744324511807092,-1.6537334331990852,-1.2583394588375707,0.5505611813513597,-0.17029607721832604,-1.0161329645585022,1
-0.46546902347764374,0.9009088760241706,0.8491410419312149,-0.11469312664046695,-0.7423290972289317,0.9048055324001227,2.2830155895537843,1.4316811360790147,1.1156658057503053,2.1817949254882985,-0.4814607612315388,0.06780831092943747,-1.0161329645585022,1
-0.8043672005990544,-1.1099901739376037,0.8491410419312149,-0.41313746418459685,-0.911310674287764,0.9048055324001227,-0.7257958293968509,0.2744324511807092,0.08175675654253277,-0.570312581972397,-0.7394662468772634,-0.15045404487267908,-1.0161329645585022,1
-0.46546902347764374,0.9009088760241706,1.5251962127575889,-0.6040515078173085,-0.7423290972289317,0.9048055324001227,-0.3298995900612411,-0.3041918912684436,-0.5359031949322403,0.4617277333253637,-0.4814607612315388,1.1392780575943733,-1.0161329645585022,1
-0.12657084635623306,-1.1099901739376037,-1.179024470547907,0.28403280384499136,0.10257878806523006,0.9048055324001227,3.2331665639592484,-1.461440576166749,-0.8615174084814415,1.952452633199907,-0.22345527558581418,-0.011559818453150373,-1.0161329645585022,1
-0.46546902347764374,0.9009088760241706,-0.502969299721533,-0.24209023061805696,0.10257878806523006,0.9048055324001227,1.6495816066168083,0.2744324511807092,0.7967652873258302,1.952452633199907,-0.4814607612315388,1.3773824457421369,-1.0161329645585022,1
-0.9738162891597597,0.9009088760241706,-0.502969299721533,-0.3177673004408673,-0.7423290972289317,-1.177851894974348,-0.2770078524860036,0.2744324511807092,1.417782086362966,-0.11162799739561437,-0.7394662468772634,-0.9441353386985575,-1.0161329645585022,1
-0.12657084635623306,0.9009088760241706,-1.179024470547907,-0.498937447562587,0.4405419421828948,0.9048055324001227,-1.0741845200121878,-1.461440576166749,1.6628319584154578,-0.9143260204049839,0.29255569570563505,0.2463866020402601,-1.0161329645585022,1
-0.46546902347764374,0.9009088760241706,-0.502969299721533,-0.2023408181088721,-0.23538436605243465,0.9048055324001227,1.6495816066168083,1.4316811360790147,0.4778647689013546,1.8377814870557112,-0.4814607612315388,0.5241750548793175,-1.0161329645585022,1
0.21232733076517762,-1.1099901739376037,-1.179024470547907,-0.8510126968592762,0.7785050963005594,0.9048055324001227,-0.40638674350088094,-1.461440576166749,0.7195577933914834,1.4937680486231246,1.066572152642809,0.32575473142284794,-1.0161329645585022,1
-0.634918112038349,-1.1099901739376037,-0.502969299721533,-0.36181223945084606,-0.911310674287764,0.9048055324001227,-0.7257958293968509,-0.8828162337175963,-0.7608119816105544,-0.570312581972397,-0.4814607612315388,-1.3211339532658497,-1.0161329645585022,1
0.5512255078865883,0.9009088760241706,-0.502969299721533,-0.6168907101891669,0.4405419421828948,0.9048055324001227,-0.5674373336626071,0.853056793629862,1.6997572816014495,0.1177142948927768,0.5505611813513597,0.782121475372728,-1.0161329645585022,1
0.21232733076517762,0.9009088760241706,-0.502969299721533,-0.44289030215333114,0.10257878806523006,0.9048055324001227,0.8291262402176904,0.853056793629862,0.07839990898016995,1.7231103409115156,0.03455021005991044,0.3654387961141419,-1.0161329645585022,1
-0.2960199349169384,-1.1099901739376037,-1.179024470547907,-0.6393948471878114,-0.911310674287764,0.9048055324001227,0.8577891279455886,-0.8828162337175963,1.763537385286345,2.7551506562092767,-0.7394662468772634,-0.4282424977117365,-1.0161329645585022,1
-0.2960199349169384,0.9009088760241706,-1.179024470547907,-0.3947709299183346,-0.404365943111267,0.9048055324001227,-0.7257958293968509,0.2744324511807092,1.2163712326211924,-0.570312581972397,0.5505611813513597,0.286070666731554,-1.0161329645585022,1
1.5679200392508204,-1.1099901739376037,-1.179024470547907,-0.5324962483500394,1.4544314045358888,0.9048055324001227,0.38271364074285674,-0.8828162337175963,0.6524208421442251,1.379096902478929,2.098594095225707,1.0003838311748445,-1.0161329645585022,1
-0.2960199349169384,-1.1099901739376037,-0.502969299721533,-0.16928737338033661,-0.06640278899360229,-1.177851894974348,-0.7248456784224455,0.2744324511807092,0.9142549520085315,-0.7996548742607882,-0.22345527558581418,1.1194360252487263,-1.0161329645585022,1
-0.634918112038349,0.9009088760241706,-1.179024470547907,-0.4506127744286555,-0.404365943111267,0.9048055324001227,0.8577891279455886,1.4316811360790147,0.2831676102843065,1.7231103409115156,-0.4814607612315388,-2.1743413441286688,-1.0161329645585022,1
0.0428782422044723,-1.1099901739376037,1.5251962127575889,-0.8645151790584629,0.10257878806523006,0.9048055324001227,-0.844564701197534,-1.461440576166749,1.7903921657852475,0.3470565871811683,0.5505611813513597,-0.38855843302044263,-1.0161329645585022,1
1.906818216372231,-1.1099901739376037,0.8491410419312149,-0.5074337463031279,2.130357712771218,0.9048055324001227,-0.5826397492530945,1.4316811360790147,0.8639022385730879,-0.2262991435398101,1.066572152642809,1.258330251668255,-1.0161329645585022,1
0.5512255078865883,0.9009088760241706,-1.179024470547907,0.5770445637557643,0.4405419421828948,-1.177851894974348,0.8815429023057252,-1.461440576166749,1.0183172264417808,-0.11162799739561437,0.29255569570563505,0.6630692812988462,-1.0161329645585022,1
0.21232733076517762,-1.1099901739376037,-0.502969299721533,-0.8416951945229952,0.10257878806523006,0.9048055324001227,-0.2966443059570499,0.2744324511807092,-1.1938453171553682,1.7231103409115156,0.8085666669970842,-0.7258729828964409,-1.0161329645585022,1
-0.12657084635623306,0.9009088760241706,-0.502969299721533,-0.8994005395005723,0.4405419421828948,0.9048055324001227,-1.1913698068555283,1.4316811360790147,-0.8245920852954493,-0.570312581972397,-0.22345527558581418,0.14717644031202531,-1.0161329645585022,1
-0.46546902347764374,-1.1099901739376037,-0.502969299721533,-0.6366943507479741,0.10257878806523006,0.9048055324001227,-0.7257958293968509,1.4316811360790147,1.4009978485511514,-0.11162799739561437,-0.4814607612315388,-1.0631875327724392,-1.0161329645585022,1
0.21232733076517762,0.9009088760241706,-0.502969299721533,-0.7789678737099313,0.10257878806523006,0.9048055324001227,0.4242035666252286,1.4316811360790147,-0.47547993880970824,2.984492948497668,0.8085666669970842,-0.5472946917856183,-1.0161329645585022,1
-0.8043672005990544,0.9009088760241706,-0.502969299721533,-0.21770680077531504,-0.911310674287764,0.9048055324001227,1.4912231108825644,-1.461440576166749,0.014619805295275064,1.7231103409115156,-0.4814607612315388,1.5162766721616654,-1.0161329645585022,1
-0.46546902347764374,0.9009088760241706,-0.502969299721533,-0.29657393072003857,-0.404365943111267,0.9048055324001227,0.9987281891490657,-0.3041918912684436,1.904524982905586,1.379096902478929,-0.4814607612315388,-0.9639773710442044,-1.0161329645585022,1
-0.46546902347764374,0.9009088760241706,-0.502969299721533,0.25759636501289945,-0.7423290972289317,0.9048055324001227,0.2946663171146171,0.2744324511807092,1.3875704583017001,-0.2262991435398101,-0.7394662468772634,0.286070666731554,-1.0161329645585022,1
-0.2960199349169384,0.9009088760241706,-0.502969299721533,-0.3621754641181926,-0.5733475201700994,0.9048055324001227,-0.8841543251310949,0.853056793629862,1.7198983669756265,-0.7996548742607882,-0.22345527558581418,-0.17029607721832604,-1.0161329645585022,1
-0.2960199349169384,-1.1099901739376037,-0.502969299721533,-0.41864900370215963,-0.23538436605243465,0.9048055324001227,1.3653281067738405,-0.8828162337175963,1.3640725253651598,2.2964660716324943,-0.4814607612315388,-1.12271362980938,-1.0161329645585022,1
0.0428782422044723,0.9009088760241706,0.8491410419312149,0.130562485702656,-0.7423290972289317,0.9048055324001227,3.2079875631375034,-0.8828162337175963,0.01797665285763789,2.2964660716324943,0.03455021005991044,-0.24966420660091387,-1.0161329645585022,1
-0.634918112038349,-1.1099901739376037,1.5251962127575889,-0.4265609844995778,-0.23538436605243465,0.9048055324001227,1.3328646151483206,0.2744324511807092,1.552055988857482,2.2964660716324943,-0.997471732522988,1.4369085427790778,-1.0161329645585022,1
0.21232733076517762,-1.1099901739376037,-1.179024470547907,1.137121208427294,0.6095235192417271,0.9048055324001227,-0.07620927989498227,0.2744324511807092,1.844101726783054,-0.9143260204049839,0.5505611813513597,0.2463866020402601,-1.0161329645585022,1
-0.8043672005990544,0.9009088760241706,0.8491410419312149,-0.507038936882099,-0.911310674287764,0.9048055324001227,-0.5674373336626071,-1.461440576166749,0.7631968117022008,-0.11162799739561437,-0.997471732522988,0.821805540064022,-1.0161329645585022,1
-0.634918112038349,-1.1099901739376037,1.5251962127575889,-0.13223845731098913,-0.911310674287764,-0.4836327525161911,0.38271364074285674,0.2744324511807092,2.1059358366473604,0.3470565871811683,-0.997471732522988,0.3455967637684949,-1.0161329645585022,1
-0.2960199349169384,-1.1099901739376037,-1.179024470547907,-0.694289149087663,-0.404365943111267,0.9048055324001227,0.1643372751253343,0.853056793629862,-0.7440277437987403,1.8377814870557112,0.29255569570563505,0.0479662785837905,-1.0161329645585022,1
-0.634918112038349,0.9009088760241706,-0.502969299721533,-0.7210572278334192,-0.911310674287764,0.9048055324001227,-0.09616245035749701,-0.8828162337175963,1.1022384155008533,1.379096902478929,-0.4814607612315388,-0.5274526594399713,-1.0161329645585022,1
0.890123685007999,-1.1099901739376037,-0.502969299721533,-0.4879933304116672,0.4405419421828948,0.9048055324001227,1.1418842692928222,-1.461440576166749,0.8336906105118219,2.2964660716324943,0.03455021005991044,0.9011736694466097,-1.0161329645585022,1
-0.9738162891597597,0.9009088760241706,0.8491410419312149,-0.6748487331962023,-0.7423290972289317,0.9048055324001227,-0.5674373336626071,-0.8828162337175963,0.8974707141967168,0.23238544103697253,-0.4814607612315388,0.4844909901880236,-1.0161329645585022,1
-0.8043672005990544,-1.1099901739376037,-0.502969299721533,-0.47062171588639773,-0.911310674287764,0.9048055324001227,-0.42729006493780114,-0.3041918912684436,-0.7708825242976429,0.003043148748581378,-0.4814607612315388,0.7622794430270811,-1.0161329645585022,1
-0.8043672005990544,-1.1099901739376037,-1.179024470547907,-0.9077547068495427,-0.5733475201700994,0.9048055324001227,-0.9615916295451402,1.4316811360790147,0.8907570190719911,0.23238544103697253,-0.7394662468772634,-0.26950623894656084,-1.0161329645585022,1
-0.634918112038349,-1.1099901739376037,-0.502969299721533,-0.5946550435968219,-0.911310674287764,0.9048055324001227,0.7364865202131577,0.2744324511807092,1.8373880316583282,2.2964660716324943,-0.7394662468772634,1.1194360252487263,-1.0161329645585022,1
2.415165482054347,-1.1099901739376037,-1.179024470547907,0.4960612553143261,2.8062840210065474,-1.177851894974348,-0.15586360324930698,0.2744324511807092,1.3707862204898853,-0.6849837281165926,2.098594095225707,1.8337491896920168,-1.0161329645585022,1
-0.9738162891597597,0.9009088760241706,-1.179024470547907,-0.7169985869852425,-0.911310674287764,0.9048055324001227,-1.359229812333827,-0.3041918912684436,-0.008878127641265313,-1.2583394588375707,-0.7394662468772634,0.5440170872249644,-1.0161329645585022,1
-0.9738162891597597,0.9009088760241706,1.5251962127575889,-0.6376261009816021,-0.911310674287764,0.9048055324001227,-1.2293758458317467,-0.8828162337175963,0.5349311774615239,-1.0289971665491795,-0.4814607612315388,1.35754041339649,-1.0161329645585022,1
-0.634918112038349,-1.1099901739376037,0.8491410419312149,0.20255993172147746,-0.23538436605243465,-1.177851894974348,0.8577891279455886,-0.3041918912684436,0.6591345372689513,0.23238544103697253,-0.7394662468772634,-1.0631875327724392,-1.0161329645585022,1
-0.634918112038349,0.9009088760241706,-0.502969299721533,-0.7925651101701648,-0.911310674287764,0.9048055324001227,-0.17154109432699713,0.853056793629862,-1.0427871768490378,1.7231103409115156,-0.7394662468772634,-0.6465048535138531,-1.0161329645585022,1
0.5512255078865883,0.9009088760241706,-0.502969299721533,-0.11060290103860804,0.10257878806523006,0.9048055324001227,1.4904313184038933,-1.461440576166749,-0.6869613352385705,1.379096902478929,0.5505611813513597,-0.5076106270943244,-1.0161329645585022,1
0.21232733076517762,-1.1099901739376037,0.8491410419312149,-0.5618068997672214,0.2715603651240624,0.9048055324001227,-0.2507203421941191,0.853056793629862,-1.4254677989584081,0.4617277333253637,0.5505611813513597,0.46464895784237664,-1.0161329645585022,1
-0.8043672005990544,-1.1099901739376037,-0.502969299721533,-0.8845399128930462,-0.911310674287764,0.9048055324001227,-1.042512820865339,0.853056793629862,-0.34120603631519225,-0.11162799739561437,-0.7394662468772634,-0.46792656240303043,-1.0161329645585022,1
-0.8043672005990544,-1.1099901739376037,-1.179024470547907,-0.30107475811976747,-0.7423290972289317,0.9048055324001227,-0.2975944569314553,0.2744324511807092,1.6024087022929252,-0.11162799739561437,-0.7394662468772634,-0.051243883144444294,-1.0161329645585022,1
0.7206745964472937,0.9009088760241706,-1.179024470547907,-0.5625649338555968,0.2715603651240624,0.9048055324001227,0.38271364074285674,1.4316811360790147,-1.1770610793435539,1.4937680486231246,0.29255569570563505,1.1591200899400202,-1.0161329645585022,1
-0.8043672005990544,-1.1099901739376037,-1.179024470547907,0.6135723313893536,-0.5733475201700994,-1.177851894974348,0.04445989385451163,0.853056793629862,1.5017032754220385,-0.6849837281165926,-0.997471732522988,0.06780831092943747,-1.0161329645585022,1
0.21232733076517762,0.9009088760241706,-1.179024470547907,-0.6782283018402093,-0.23538436605243465,0.9048055324001227,-0.2507203421941191,-0.3041918912684436,0.3100223907832097,0.9204123179021463,-0.22345527558581418,-0.32903233598350173,-1.0161329645585022,1
0.0428782422044723,-1.1099901739376037,1.5251962127575889,-0.1465621431059159,-0.06640278899360229,0.9048055324001227,0.6544568194228194,0.2744324511807092,0.6289229092076853,0.5763988794695595,0.8085666669970842,1.6154868338899002,-1.0161329645585022,1
-0.8043672005990544,0.9009088760241706,-1.179024470547907,-0.3709876103955566,-0.5733475201700994,0.9048055324001227,0.06599664927436881,0.2744324511807092,0.6087818238335078,0.4617277333253637,-0.7394662468772634,0.801963507718375,-1.0161329645585022,1
-0.8043672005990544,0.9009088760241706,1.5251962127575889,-0.6757488986761481,-0.911310674287764,0.9048055324001227,0.7040230285876378,0.2744324511807092,0.18917587853814558,2.7551506562092767,-0.4814607612315388,-0.36871640067479566,-1.0161329645585022,1
-0.8043672005990544,0.9009088760241706,-0.502969299721533,-0.6789389587980612,-0.911310674287764,0.9048055324001227,0.06599664927436881,0.853056793629862,0.5584291103980642,1.4937680486231246,-0.4814607612315388,-0.8647672093159696,-1.0161329645585022,1
-0.46546902347764374,-1.1099901739376037,-0.502969299721533,-0.6197649227742569,-0.7423290972289317,0.9048055324001227,0.6167674974380692,-1.461440576166749,0.3536614090939276,2.1817949254882985,-0.4814607612315388,-0.6663468858595001,-1.0161329645585022,1
-0.2960199349169384,-1.1099901739376037,0.8491410419312149,0.14526518854177045,-0.23538436605243465,0.9048055324001227,0.38271364074285674,1.4316811360790147,0.8471180007612732,-0.11162799739561437,-0.4814607612315388,-0.9044512740072636,-1.0161329645585022,1
-0.634918112038349,-1.1099901739376037,-1.179024470547907,0.1006675163423513,-0.911310674287764,-1.177851894974348,-0.7257958293968509,-1.461440576166749,0.9444665800697976,-0.9143260204049839,-0.7394662468772634,0.286070666731554,-1.0161329645585022,1
0.5512255078865883,-1.1099901739376037,-0.502969299721533,-0.6807392897579528,0.7785050963005594,0.9048055324001227,-0.47242223622206064,-0.3041918912684436,1.8407448792206904,0.4617277333253637,0.5505611813513597,0.26622863438590705,-1.0161329645585022,1
-0.634918112038349,-1.1099901739376037,0.8491410419312149,-0.972345528129863,-0.911310674287764,0.9048055324001227,-0.821919436307537,-1.461440576166749,-0.14315203013578132,1.1497546101905376,-0.7394662468772634,-0.190138109563973,-1.0161329645585022,1
-1.143265377720465,0.9009088760241706,0.8491410419312149,-0.7739301054976031,-0.911310674287764,0.9048055324001227,-0.7257958293968509,-1.461440576166749,0.12875262241561353,0.23238544103697253,-0.4814607612315388,-1.3012919209202027,-1.0161329645585022,1
-0.9738162891597597,-1.1099901739376037,-1.179024470547907,-0.6402476355372337,-0.911310674287764,0.9048055324001227,0.8577891279455886,-0.8828162337175963,0.07504306141780712,2.7551506562092767,-0.4814607612315388,-0.03140185079879733,-1.0161329645585022,1
-0.46546902347764374,0.9009088760241706,-1.179024470547907,-0.4136586126203549,-0.06640278899360229,0.9048055324001227,-0.2507203421941191,-0.8828162337175963,0.6423502994571366,0.1177142948927768,-0.4814607612315388,1.4170665104334308,-1.0161329645585022,1
0.890123685007999,0.9009088760241706,-1.179024470547907,-0.11113984185120729,0.7785050963005594,-1.177851894974348,-1.0988884453467298,0.2744324511807092,0.3536614090939276,-1.143668312693375,1.8405886095799828,-0.2893482712922078,-1.0161329645585022,1
-0.12657084635623306,-1.1099901739376037,0.8491410419312149,-0.11690405939822852,-0.7423290972289317,-1.177851894974348,-0.5674373336626071,-0.8828162337175963,1.7198983669756265,-0.6849837281165926,0.03455021005991044,-0.24966420660091387,-1.0161329645585022,1
2.0762673049329363,0.9009088760241706,-1.179024470547907,-0.6777071534044512,1.4544314045358888,0.9048055324001227,0.16956310548456435,1.4316811360790147,0.06832936629308146,1.7231103409115156,2.098594095225707,0.9408577341379036,-1.0161329645585022,1
-0.46546902347764374,-1.1099901739376037,0.8491410419312149,0.234081515896421,-0.5733475201700994,0.9048055324001227,-1.031586084659676,0.2744324511807092,0.1757484882886937,-1.2583394588375707,-0.7394662468772634,1.0797519605574324,-1.0161329645585022,1
1.2290218621294098,0.9009088760241706,1.5251962127575889,-0.22279194611816666,0.7785050963005594,0.9048055324001227,-1.0323778771383474,0.2744324511807092,1.9313797634044898,-1.0289971665491795,1.3245776382885335,1.278172284013902,-1.0161329645585022,1
0.0428782422044723,0.9009088760241706,-1.179024470547907,-0.5074969158104925,0.4405419421828948,0.9048055324001227,-0.8013328318620854,-0.8828162337175963,0.6759187750807655,-0.570312581972397,0.8085666669970842,0.008282213892496587,-1.0161329645585022,1
-0.12657084635623306,-1.1099901739376037,1.5251962127575889,-0.5173987360898961,0.2715603651240624,0.9048055324001227,0.38271364074285674,0.853056793629862,-0.676890792551482,1.2644257563347332,-0.22345527558581418,0.782121475372728,-1.0161329645585022,1
-0.46546902347764374,0.9009088760241706,-1.179024470547907,0.442240835039673,-0.911310674287764,-1.177851894974348,2.4413740852880284,0.2744324511807092,1.5486991412951188,1.035083464046342,-0.4814607612315388,0.8614896047553159,-1.0161329645585022,1
0.5512255078865883,0.9009088760241706,1.5251962127575889,-0.5799523407577074,0.4405419421828948,0.9048055324001227,-0.5674373336626071,0.2744324511807092,1.286865031430813,0.003043148748581378,0.5505611813513597,0.12733440796637835,-1.0161329645585022,1
-0.9738162891597597,-1.1099901739376037,1.5251962127575889,-0.14626208794593396,-0.911310674287764,0.9048055324001227,-1.042512820865339,0.2744324511807092,-0.5694716705558691,-1.143668312693375,-0.7394662468772634,-0.6266628211682062,-1.0161329645585022,1
0.21232733076517762,-1.1099901739376037,0.8491410419312149,-0.12704276533024944,0.10257878806523006,0.9048055324001227,2.229648776491344,-1.461440576166749,1.541985446170393,2.1817949254882985,0.5505611813513597,0.40512286080543575,-1.0161329645585022,1
1.2290218621294098,-1.1099901739376037,-0.502969299721533,-0.6742802076299208,1.2854498274770565,0.9048055324001227,0.08674161221555476,0.2744324511807092,0.27645391515958084,1.4937680486231246,1.3245776382885335,-1.142555662155027,-1.0161329645585022,1
3.431860013418579,-1.1099901739376037,1.5251962127575889,-0.22032833533094662,3.144247175124212,0.9048055324001227,-1.3324672265547397,-1.461440576166749,1.0518857020654102,-1.3730106049817663,3.90463249474578,1.4170665104334308,-1.0161329645585022,1
0.38177641932588297,0.9009088760241706,0.8491410419312149,-0.8821236792363497,0.4405419421828948,0.21058638994196582,-0.4090788379283631,-0.3041918912684436,1.6024087022929252,1.7231103409115156,-0.22345527558581418,-0.8449251769703227,-1.0161329645585022,1
-0.12657084635623306,-1.1099901739376037,0.8491410419312149,-0.18154225780907218,-0.404365943111267,-1.177851894974348,-0.18737694390042153,-0.8828162337175963,-0.47547993880970824,-0.2262991435398101,0.5505611813513597,-0.2893482712922078,-1.0161329645585022,1
-0.634918112038349,0.9009088760241706,-0.502969299721533,-0.6455696665327026,-0.404365943111267,0.9048055324001227,-0.4261815554676614,-1.461440576166749,0.46443737865190327,0.4617277333253637,-0.7394662468772634,1.774223092655076,-1.0161329645585022,1
-0.8043672005990544,-1.1099901739376037,-1.179024470547907,-0.9609276396737085,-0.5733475201700994,0.9048055324001227,-0.5508096916105114,-0.8828162337175963,-0.707102420612748,2.0671237793441026,-0.7394662468772634,1.4964346398160184,-1.0161329645585022,1
0.5512255078865883,0.9009088760241706,-0.502969299721533,-0.3914387384048511,0.4405419421828948,0.9048055324001227,0.6994306322113446,0.853056793629862,-1.039430329286675,1.2644257563347332,0.5505611813513597,1.337698381050843,-1.0161329645585022,1
1.2290218621294098,-1.1099901739376037,1.5251962127575889,-0.17978930397970408,1.4544314045358888,0.9048055324001227,1.9506211070076063,-0.3041918912684436,0.790051592201104,2.0671237793441026,1.8405886095799828,0.7027533459901402,-1.0161329645585022,1
0.5512255078865883,0.9009088760241706,-1.179024470547907,1.5907414408126037,0.10257878806523006,0.9048055324001227,1.6495816066168083,-0.3041918912684436,0.6826324702054911,-0.34097028968400567,0.5505611813513597,-1.5989224061049072,-1.0161329645585022,1
-0.634918112038349,0.9009088760241706,0.8491410419312149,-0.4276190737479351,-0.7423290972289317,0.9048055324001227,0.06599664927436881,-1.461440576166749,1.9683050865904814,0.5763988794695595,-0.4814607612315388,-0.6465048535138531,-1.0161329645585022,1
-0.634918112038349,0.9009088760241706,0.8491410419312149,-0.8061781390072397,-0.7423290972289317,0.9048055324001227,-0.1188077152474939,0.853056793629862,-0.6265380791160384,1.952452633199907,-0.7394662468772634,-0.46792656240303043,-1.0161329645585022,1
-0.2960199349169384,0.9009088760241706,0.8491410419312149,0.23300763427122254,-0.404365943111267,0.9048055324001227,0.8577891279455886,-1.461440576166749,0.8169063727000071,0.23238544103697253,-0.4814607612315388,-1.8568688265983175,-1.0161329645585022,1
-0.46546902347764374,0.9009088760241706,0.8491410419312149,-0.4486071425698289,-0.23538436605243465,0.9048055324001227,-0.7574675285436998,1.4316811360790147,1.360715677802797,-0.570312581972397,-0.997471732522988,-2.4124457322764323,-1.0161329645585022,1
-0.46546902347764374,-1.1099901739376037,-1.179024470547907,-0.10850251491873456,-0.5733475201700994,0.9048055324001227,1.6495816066168083,-0.8828162337175963,-0.03908975570253134,1.4937680486231246,-0.4814607612315388,-1.182239726846321,-1.0161329645585022,1
-0.2960199349169384,0.9009088760241706,0.8491410419312149,-0.6752119578635489,0.2715603651240624,0.9048055324001227,-0.7257958293968509,-0.8828162337175963,0.4677942262142661,-0.11162799739561437,-0.7394662468772634,1.258330251668255,-1.0161329645585022,1
-0.46546902347764374,0.9009088760241706,0.8491410419312149,-0.6056781226319474,-0.911310674287764,0.9048055324001227,1.6495816066168083,-0.8828162337175963,-0.7138161157374736,3.9018621176512323,-0.7394662468772634,0.305912699077201,-1.0161329645585022,1
1.7373691278115257,0.9009088760241706,1.5251962127575889,6.378532120122129,1.2854498274770565,-1.177851894974348,3.333090774767556,0.2744324511807092,0.2529559822230405,-0.9143260204049839,1.066572152642809,-0.26950623894656084,-1.0161329645585022,1
0.21232733076517762,-1.1099901739376037,-0.502969299721533,-0.6392369234193999,0.2715603651240624,0.9048055324001227,-0.4393253106136037,-0.3041918912684436,1.4144252388006033,0.3470565871811683,1.066572152642809,-0.32903233598350173,-1.0161329645585022,1
0.21232733076517762,-1.1099901739376037,1.5251962127575889,-0.3177830928177085,-0.06640278899360229,0.9048055324001227,-0.5674373336626071,1.4316811360790147,0.9981761410676039,-0.45564143582820127,-0.22345527558581418,1.694854963272488,-1.0161329645585022,1
0.0428782422044723,0.9009088760241706,-0.502969299721533,1.5575774494461803,0.10257878806523006,-1.177851894974348,2.4413740852880284,-1.461440576166749,1.575553921794022,0.003043148748581378,0.03455021005991044,0.5440170872249644,-1.0161329645585022,1
-0.634918112038349,0.9009088760241706,0.8491410419312149,-0.4675264100255315,-0.7423290972289317,0.9048055324001227,-0.8841543251310949,0.853056793629862,-0.12301094476160378,-0.6849837281165926,-0.22345527558581418,0.8813316371009629,-1.0161329645585022,1
1.7373691278115257,-1.1099901739376037,0.8491410419312149,-0.2172330294700804,1.6234129815947211,-1.177851894974348,-0.7257958293968509,0.2744324511807092,0.4006572749670078,-0.6849837281165926,1.582583123934258,-0.24966420660091387,-1.0161329645585022,1
-0.8043672005990544,0.9009088760241706,-1.179024470547907,-0.10850251491873456,-0.911310674287764,0.9048055324001227,2.2830155895537843,0.853056793629862,-1.1233515183457474,2.1817949254882985,-0.4814607612315388,-1.0830295651180861,-1.0161329645585022,1
2.923512747736463,-1.1099901739376037,-1.179024470547907,0.1750654036410282,3.144247175124212,0.9048055324001227,0.9290504510259984,0.2744324511807092,1.3976410009887885,0.3470565871811683,1.3245776382885335,0.4249648931510827,-1.0161329645585022,1
0.5512255078865883,0.9009088760241706,-1.179024470547907,-0.1073496714093303,0.6095235192417271,-1.177851894974348,-0.5674373336626071,-0.8828162337175963,1.4412800192995066,-0.6849837281165926,1.3245776382885335,-0.5472946917856183,-1.0161329645585022,1
-0.46546902347764374,-1.1099901739376037,-1.179024470547907,-0.6770122888234404,-0.5733475201700994,0.9048055324001227,-0.8841543251310949,0.2744324511807092,1.1861596045599256,-0.34097028968400567,-0.997471732522988,-1.4203441149940845,-1.0161329645585022,1
-0.634918112038349,0.9009088760241706,0.8491410419312149,-0.9949760041432368,-0.7423290972289317,0.9048055324001227,-0.8841543251310949,0.853056793629862,-1.2240569452166343,1.1497546101905376,-0.7394662468772634,-1.4798702120310254,-1.0161329645585022,1
0.0428782422044723,0.9009088760241706,1.5251962127575889,-0.8692686844876503,0.4405419421828948,0.9048055324001227,-0.23963524749272203,0.853056793629862,0.15560740291451672,2.0671237793441026,0.29255569570563505,1.278172284013902,-1.0161329645585022,1
0.38177641932588297,0.9009088760241706,-0.502969299721533,-0.4029987582525759,0.6095235192417271,0.9048055324001227,0.38271364074285674,-1.461440576166749,1.8206037938465136,0.9204123179021463,0.03455021005991044,0.5043330225336705,-1.0161329645585022,1
-0.46546902347764374,-1.1099901739376037,-0.502969299721533,-0.48402944382453755,-0.7423290972289317,0.9048055324001227,0.8577891279455886,-0.8828162337175963,0.5282174823367981,1.8377814870557112,-0.7394662468772634,1.734539027963782,-1.0161329645585022,1
-0.12657084635623306,0.9009088760241706,-1.179024470547907,0.15835706894308718,-0.06640278899360229,0.9048055324001227,2.296951137178398,-1.461440576166749,0.44765314084008856,1.4937680486231246,-0.22345527558581418,0.6035431842619053,-1.0161329645585022,1
-0.8043672005990544,0.9009088760241706,-1.179024470547907,-0.5112712938755283,-0.23538436605243465,0.9048055324001227,0.38271364074285674,-0.8828162337175963,-0.022305517890717212,1.2644257563347332,-0.7394662468772634,0.6829113136444932,-1.0161329645585022,1
1.2290218621294098,0.9009088760241706,-1.179024470547907,-0.506928390244211,0.9474866733593919,0.9048055324001227,-0.7257958293968509,0.2744324511807092,-0.4956210241838858,-0.45564143582820127,0.29255569570563505,1.0003838311748445,-1.0161329645585022,1
0.38177641932588297,-1.1099901739376037,-0.502969299721533,-0.052202691480020234,0.6095235192417271,0.9048055324001227,1.0161476236798326,0.2744324511807092,1.2935787265555385,0.8057411717579506,-0.22345527558581418,-0.11076998018138517,-1.0161329645585022,1
-0.8043672005990544,0.9009088760241706,-1.179024470547907,-0.7925335254164826,-0.911310674287764,0.9048055324001227,0.0026532509806712224,0.853056793629862,0.7497694214527494,2.0671237793441026,-0.4814607612315388,-1.8370267942526706,-1.0161329645585022,1
-0.46546902347764374,0.9009088760241706,-1.179024470547907,0.2316021127323598,-0.5733475201700994,0.9048055324001227,2.2830155895537843,0.853056793629862,1.649404568166006,1.2644257563347332,-0.22345527558581418,-0.3488743683291487,-1.0161329645585022,1
-1.143265377720465,-1.1099901739376037,-0.502969299721533,-0.9066808252243443,-0.911310674287764,0.9048055324001227,-0.804975077263973,-0.8828162337175963,-0.21028898138303903,0.6910700256137552,-0.7394662468772634,0.12733440796637835,-1.0161329645585022,1
0.7206745964472937,0.9009088760241706,-1.179024470547907,2.869955549699767,0.10257878806523006,-1.177851894974348,0.14248380271400865,-1.461440576166749,1.0216740740041443,-1.143668312693375,0.29255569570563505,-0.03140185079879733,-1.0161329645585022,1
-0.12657084635623306,-1.1099901739376037,0.17308587110484092,-0.16830824601618508,-0.911310674287764,0.9048055324001227,-0.449935329827798,-1.461440576166749,0.3536614090939276,-0.45564143582820127,0.29255569570563505,-1.4203441149940845,-1.0161329645585022,1
2.2457163934936415,0.9009088760241706,-1.179024470547907,-0.22149697121719203,2.637302443947715,-1.177851894974348,-0.30155341932481144,0.2744324511807092,0.8806864763849026,-0.2262991435398101,1.582583123934258,-1.3608180179571436,-1.0161329645585022,1
0.21232733076517762,0.9009088760241706,1.5251962127575889,-0.6467067176652658,-0.06640278899360229,0.9048055324001227,1.3119612937114002,1.4316811360790147,0.03476089066945202,3.672519825362842,0.5505611813513597,1.694854963272488,-1.0161329645585022,1
0.21232733076517762,0.9009088760241706,1.5251962127575889,-0.4317882612339998,-0.5733475201700994,0.9048055324001227,-0.5674373336626071,0.853056793629862,1.6628319584154578,-0.34097028968400567,0.03455021005991044,0.008282213892496587,-1.0161329645585022,1
-0.634918112038349,-1.1099901739376037,-1.179024470547907,-0.6983477899358396,-0.23538436605243465,0.9048055324001227,-0.5674373336626071,0.2744324511807092,1.347288287553345,0.3470565871811683,-0.4814607612315388,0.6233852166075523,-1.0161329645585022,1
-0.2960199349169384,0.9009088760241706,-0.502969299721533,-0.21822794921107314,-0.06640278899360229,-1.177851894974348,-0.17154109432699713,-1.461440576166749,-0.9622228353523281,-0.11162799739561437,-0.7394662468772634,0.22654456969461315,-1.0161329645585022,1
-0.12657084635623306,-1.1099901739376037,1.5251962127575889,3.7048037590305367,0.10257878806523006,-1.177851894974348,0.512725965740671,-1.461440576166749,0.2697402200348552,-1.143668312693375,-0.22345527558581418,0.7225953783357871,-1.0161329645585022,1
1.398470950690115,-1.1099901739376037,0.8491410419312149,-1.135622912290555,1.6234129815947211,0.9048055324001227,-1.2260503174213278,0.853056793629862,0.622209214082959,1.035083464046342,1.8405886095799828,0.782121475372728,-1.0161329645585022,1
-0.2960199349169384,0.9009088760241706,0.8491410419312149,1.3062259796423719,-0.5733475201700994,-1.177851894974348,2.4413740852880284,-1.461440576166749,1.649404568166006,0.1177142948927768,0.03455021005991044,-0.5076106270943244,-1.0161329645585022,1
-0.634918112038349,0.9009088760241706,-0.502969299721533,-0.5038804615138682,-0.7423290972289317,0.9048055324001227,-0.2507203421941191,-0.3041918912684436,0.001192415045823164,0.3470565871811683,-0.997471732522988,-0.07108591549009124,-1.0161329645585022,1
2.923512747736463,0.9009088760241706,0.8491410419312149,-0.4029355887452113,3.144247175124212,0.9048055324001227,1.6495816066168083,1.4316811360790147,1.8810270499690456,2.640479510065081,1.8405886095799828,0.9408577341379036,-1.0161329645585022,1
1.2290218621294098,0.9009088760241706,-1.179024470547907,-0.08020257561938643,1.2854498274770565,0.9048055324001227,3.2331665639592484,0.2744324511807092,0.5147900920873463,2.984492948497668,1.066572152642809,0.22654456969461315,-1.0161329645585022,1
-0.46546902347764374,0.9009088760241706,-0.502969299721533,0.23411310065010332,-0.23538436605243465,-1.177851894974348,1.6495816066168083,-0.3041918912684436,2.1999275683935204,0.8057411717579506,-0.4814607612315388,0.8614896047553159,-1.0161329645585022,1
0.5512255078865883,0.9009088760241706,0.8491410419312149,-0.5650759217733403,0.4405419421828948,0.9048055324001227,0.38271364074285674,1.4316811360790147,-0.3109944082539262,1.4937680486231246,0.8085666669970842,-1.12271362980938,-1.0161329645585022,1
0.0428782422044723,-1.1099901739376037,-0.502969299721533,-0.22132325507193934,-0.06640278899360229,0.9048055324001227,-0.2507203421941191,-1.461440576166749,1.3305040497415308,-0.2262991435398101,1.066572152642809,-1.0433455004267922,-1.0161329645585022,1
-0.2960199349169384,-1.1099901739376037,-1.179024470547907,-0.21756466938374466,-0.404365943111267,0.9048055324001227,-0.8841543251310949,0.853056793629862,0.8739727812601764,-0.9143260204049839,-0.7394662468772634,-2.273551505856904,-1.0161329645585022,1
0.5512255078865883,-1.1099901739376037,-1.179024470547907,0.28182187108722984,0.7785050963005594,0.9048055324001227,1.9230667287498477,-0.8828162337175963,2.44162059288365,0.9204123179021463,0.5505611813513597,-1.102871597463733,-1.0161329645585022,1
0.890123685007999,-1.1099901739376037,-1.179024470547907,-0.974809138917083,0.9474866733593919,0.9048055324001227,-1.126917899091691,1.4316811360790147,-0.34456288387755507,0.003043148748581378,-0.22345527558581418,-0.7457150152420878,-1.0161329645585022,1
-0.9738162891597597,0.9009088760241706,-0.502969299721533,-0.6767911955476643,-0.911310674287764,0.9048055324001227,-0.7257958293968509,-0.8828162337175963,-0.22371637163249095,-0.11162799739561437,-0.4814607612315388,-1.4005020826484376,-1.0161329645585022,1
-0.9738162891597597,0.9009088760241706,0.8491410419312149,-0.8419004954219302,-0.911310674287764,0.9048055324001227,-0.2507203421941191,-0.8828162337175963,1.934736610966852,1.8377814870557112,-0.4814607612315388,0.18686050500331922,-1.0161329645585022,1
-0.2960199349169384,0.9009088760241706,0.8491410419312149,0.008582166981581835,-0.404365943111267,-1.177851894974348,0.6601577252692521,0.2744324511807092,0.3503045615315648,0.3470565871811683,-0.22345527558581418,-1.4401861473397315,-1.0161329645585022,1
-0.634918112038349,0.9009088760241706,-0.502969299721533,-0.5027118256276228,-0.5733475201700994,-1.177851894974348,-0.7619015664242587,-1.461440576166749,2.203284415955884,-0.45564143582820127,-0.22345527558581418,-2.134657279437375,-1.0161329645585022,1
-0.46546902347764374,0.9009088760241706,-0.502969299721533,-0.3213521699838093,-0.911310674287764,0.9048055324001227,0.06599664927436881,-1.461440576166749,-1.3549740001487873,0.3470565871811683,-0.4814607612315388,0.8614896047553159,-1.0161329645585022,1
-0.2960199349169384,0.9009088760241706,0.8491410419312149,-0.12980643127745142,-0.7423290972289317,0.9048055324001227,1.3328646151483206,0.853056793629862,1.511773818109127,1.2644257563347332,-0.7394662468772634,-0.44808453005738347,-1.0161329645585022,1
0.5512255078865883,0.9009088760241706,-0.502969299721533,-0.6030092109457924,0.2715603651240624,0.9048055324001227,0.8577891279455886,1.4316811360790147,-0.5694716705558691,2.525808363920885,0.29255569570563505,-1.4997122443766724,-1.0161329645585022,1
-0.12657084635623306,-1.1099901739376037,-0.502969299721533,-0.22438697617912323,-0.23538436605243465,0.9048055324001227,0.8577891279455886,0.2744324511807092,1.3137198119297162,1.035083464046342,-0.4814607612315388,0.2463866020402601,-1.0161329645585022,1
-0.46546902347764374,0.9009088760241706,0.8491410419312149,-0.493299569030295,0.10257878806523006,0.9048055324001227,0.8577891279455886,1.4316811360790147,0.11868207972852446,1.952452633199907,-0.7394662468772634,0.9805417988291976,-1.0161329645585022,1
-0.9738162891597597,-1.1099901739376037,1.5251962127575889,-0.6956630858728434,-0.404365943111267,0.9048055324001227,-0.09236184645987515,0.2744324511807092,0.001192415045823164,1.2644257563347332,-0.4814607612315388,1.0797519605574324,-1.0161329645585022,1
-0.46546902347764374,-1.1099901739376037,-1.179024470547907,1.8148352681885802,-0.7423290972289317,0.9048055324001227,2.559509523105774,-0.3041918912684436,1.6561182632907314,-0.11162799739561437,-0.7394662468772634,-0.36871640067479566,-1.0161329645585022,1
-0.2960199349169384,-1.1099901739376037,-1.179024470547907,1.987619663207647,0.2715603651240624,0.9048055324001227,1.1317493255658306,-1.461440576166749,0.4677942262142661,-0.6849837281165926,0.5505611813513597,0.9805417988291976,-1.0161329645585022,1
-0.46546902347764374,-1.1099901739376037,-1.179024470547907,-0.12859041826068254,-0.911310674287764,-1.177851894974348,-0.9649171579555593,0.2744324511807092,1.5352717510456675,-1.0289971665491795,-0.7394662468772634,0.14717644031202531,-1.0161329645585022,1
0.0428782422044723,0.9009088760241706,-1.179024470547907,-0.7521682102104927,0.10257878806523006,0.9048055324001227,-0.8760780418486485,-1.461440576166749,0.17239164072633087,-0.11162799739561437,0.03455021005991044,0.6233852166075523,-1.0161329645585022,1
-0.634918112038349,-1.1099901739376037,-1.179024470547907,0.17065933050234622,-0.7423290972289317,0.9048055324001227,2.197818718848761,1.4316811360790147,0.9075412568838058,1.379096902478929,-0.22345527558581418,0.6233852166075523,-1.0161329645585022,1
-0.634918112038349,-1.1099901739376037,-1.179024470547907,-0.5671763078932138,-0.911310674287764,0.9048055324001227,0.9393437532487242,0.2744324511807092,0.7094872507043943,2.411137217776689,-0.7394662468772634,-0.9242933063529105,-1.0161329645585022,1
-0.46546902347764374,-1.1099901739376037,1.5251962127575889,1.317722829982732,-0.7423290972289317,-1.177851894974348,-1.042512820865339,-1.461440576166749,1.4412800192995066,-1.3730106049817663,-0.997471732522988,0.4448069254967297,-1.0161329645585022,1
0.38177641932588297,0.9009088760241706,-1.179024470547907,-0.6759068224445597,0.6095235192417271,0.9048055324001227,0.6598410082777837,-1.461440576166749,0.7296283360785719,2.640479510065081,0.8085666669970842,-0.22982217425526694,-1.0161329645585022,1
1.0595727735687044,0.9009088760241706,0.8491410419312149,1.7797288144706949,1.2854498274770565,0.9048055324001227,0.2938745246359459,1.4316811360790147,0.6960598604549431,-0.9143260204049839,0.5505611813513597,-0.07108591549009124,-1.0161329645585022,1
0.0428782422044723,-1.1099901739376037,-0.502969299721533,-0.5256423568009786,-0.5733475201700994,0.9048055324001227,0.8577891279455886,-0.8828162337175963,0.8907570190719911,2.0671237793441026,-0.22345527558581418,-0.30919030363785477,-1.0161329645585022,1
-0.8043672005990544,0.9009088760241706,0.8491410419312149,-1.0594878635393512,-0.911310674287764,0.9048055324001227,-1.2479037898326533,1.4316811360790147,0.860545391010725,-0.11162799739561437,-0.7394662468772634,-1.5989224061049072,-1.0161329645585022,1
0.0428782422044723,-1.1099901739376037,-0.502969299721533,-0.31809894035453157,0.2715603651240624,0.9048055324001227,0.8577891279455886,0.2744324511807092,0.8941138666343539,1.2644257563347332,-0.22345527558581418,-2.789444346843725,-1.0161329645585022,1
0.7206745964472937,0.9009088760241706,-0.502969299721533,-0.11012912973337342,0.6095235192417271,0.9048055324001227,0.06599664927436881,0.2744324511807092,1.0082466837546924,0.003043148748581378,0.8085666669970842,0.46464895784237664,-1.0161329645585022,1
0.21232733076517762,-1.1099901739376037,1.5251962127575889,-0.9262002030000107,0.4405419421828948,0.9048055324001227,-0.7257958293968509,-0.8828162337175963,-0.707102420612748,1.1497546101905376,0.29255569570563505,-1.8965528912896115,-1.0161329645585022,1
-0.8043672005990544,0.9009088760241706,0.8491410419312149,-0.8983582426290561,-0.7423290972289317,0.9048055324001227,-1.007515593308071,1.4316811360790147,0.29995184809612124,0.003043148748581378,-0.4814607612315388,-1.0830295651180861,-1.0161329645585022,1
0.38177641932588297,-1.1099901739376037,-0.502969299721533,1.1821926519319477,0.10257878806523006,-1.177851894974348,0.0216562704687805,-0.8828162337175963,0.058258823605992396,-0.9143260204049839,0.29255569570563505,0.38528082845978884,-1.0161329645585022,1
-0.12657084635623306,-1.1099901739376037,0.8491410419312149,-0.6779756238107508,-0.7423290972289317,0.9048055324001227,0.5410721364771007,-1.461440576166749,-1.0495008719737637,2.411137217776689,0.8085666669970842,-1.182239726846321,-1.0161329645585022,1
-0.12657084635623306,-1.1099901739376037,-1.179024470547907,-0.9634860047219755,-0.404365943111267,0.9048055324001227,-1.0155918765905174,-0.8828162337175963,0.457723683527177,0.3470565871811683,-0.7394662468772634,1.0599099282117854,-1.0161329645585022,1
-0.8043672005990544,0.9009088760241706,-0.502969299721533,-0.635967901413281,-0.911310674287764,0.9048055324001227,-1.121692068732461,0.2744324511807092,0.46443737865190327,-0.9143260204049839,-0.7394662468772634,-0.30919030363785477,-1.0161329645585022,1
-0.8043672005990544,0.9009088760241706,-0.502969299721533,-0.5260213738451662,-0.7423290972289317,0.9048055324001227,0.5410721364771007,-0.8828162337175963,0.051545128481266744,1.6084391947673204,-0.4814607612315388,0.32575473142284794,-1.0161329645585022,1
3.262410924857874,0.9009088760241706,0.17308587110484092,-0.15442674677281062,2.8062840210065474,0.9048055324001227,-1.2800505644667048,0.2744324511807092,1.7333257572250789,-1.3730106049817663,4.162637980391504,2.0321695131484865,-1.0161329645585022,1
-0.9738162891597597,0.9009088760241706,-0.502969299721533,-0.4875511438601149,-0.7423290972289317,0.9048055324001227,1.0205816615603913,-0.8828162337175963,-0.6802476401138448,2.1817949254882985,-0.7394662468772634,1.0797519605574324,-1.0161329645585022,1
0.7206745964472937,0.9009088760241706,-1.179024470547907,-0.7747197243396607,0.6095235192417271,0.9048055324001227,0.1852405965622545,0.853056793629862,0.5047195494002578,2.411137217776689,0.29255569570563505,1.0400678958661385,-1.0161329645585022,1
-0.634918112038349,-1.1099901739376037,-0.502969299721533,-0.6174908205091307,-0.23538436605243465,0.9048055324001227,0.5850957982912205,-1.461440576166749,-0.6164675364289499,2.1817949254882985,-0.4814607612315388,-0.9838194033898514,-1.0161329645585022,1
0.890123685007999,-1.1099901739376037,0.8491410419312149,-0.7588483856143009,0.7785050963005594,0.9048055324001227,0.7879530313267871,0.853056793629862,-0.5963264510547723,3.672519825362842,0.03455021005991044,0.40512286080543575,-1.0161329645585022,1
0.0428782422044723,0.9009088760241706,-1.179024470547907,-0.5567849239317344,0.6095235192417271,0.9048055324001227,-1.042512820865339,0.853056793629862,-0.11965409719924096,-0.7996548742607882,0.29255569570563505,-1.9163949236352584,-1.0161329645585022,1
0.38177641932588297,0.9009088760241706,-1.179024470547907,0.289939152783583,0.4405419421828948,0.9048055324001227,-0.5432084838152678,0.853056793629862,-1.072998804910304,-0.9143260204049839,-0.4814607612315388,-1.5592383414136133,-1.0161329645585022,1
-0.2960199349169384,-1.1099901739376037,0.8491410419312149,0.3799557007781613,-0.06640278899360229,-1.177851894974348,2.25039373943253,-1.461440576166749,1.3137198119297162,1.035083464046342,-0.4814607612315388,-0.40840046536608954,-1.0161329645585022,1
1.398470950690115,-1.1099901739376037,0.8491410419312149,-0.3971871635750312,0.9474866733593919,0.9048055324001227,1.6495816066168083,0.2744324511807092,0.1253957748532507,2.640479510065081,2.098594095225707,0.8813316371009629,-1.0161329645585022,1
-0.634918112038349,0.9009088760241706,-1.179024470547907,-0.40615723362080675,-0.911310674287764,0.9048055324001227,0.9797251696609565,0.853056793629862,2.9854298979864384,1.7231103409115156,-0.4814607612315388,-1.4997122443766724,-1.0161329645585022,1
0.38177641932588297,-1.1099901739376037,1.5251962127575889,-0.04056370974808968,-0.06640278899360229,0.9048055324001227,-0.7257958293968509,-1.461440576166749,-0.18679104844649927,-0.9143260204049839,0.5505611813513597,0.801963507718375,-1.0161329645585022,1
-1.143265377720465,0.9009088760241706,-0.502969299721533,-0.7899909527450568,-0.911310674287764,0.9048055324001227,0.06599664927436881,-1.461440576166749,0.1354663175403392,2.1817949254882985,-0.997471732522988,1.0400678958661385,-1.0161329645585022,1
-0.8043672005990544,0.9009088760241706,0.8491410419312149,-0.6827133368630971,-0.911310674287764,0.9048055324001227,-0.8841543251310949,0.2744324511807092,1.696400434039086,-0.34097028968400567,-0.997471732522988,0.782121475372728,-1.0161329645585022,1
-0.46546902347764374,-1.1099901739376037,-1.179024470547907,-0.44557500621632734,-0.06640278899360229,0.9048055324001227,1.026282567406824,1.4316811360790147,1.0619562447524988,1.952452633199907,-0.4814607612315388,-1.182239726846321,-1.0161329645585022,1
0.5512255078865883,0.9009088760241706,-1.179024470547907,-0.2992112576525113,0.6095235192417271,-1.177851894974348,-1.2007129581038487,0.2744324511807092,-1.858501134503222,-1.2583394588375707,0.5505611813513597,0.801963507718375,-1.0161329645585022,1
1.0595727735687044,0.9009088760241706,-0.502969299721533,-0.812352958352131,0.4405419421828948,0.9048055324001227,0.06599664927436881,0.853056793629862,0.5147900920873463,2.411137217776689,1.3245776382885335,1.238488219322608,-1.0161329645585022,1
-0.634918112038349,0.9009088760241706,-0.502969299721533,-0.3025434491659948,-0.911310674287764,0.9048055324001227,1.0161476236798326,0.2744324511807092,0.6591345372689513,1.379096902478929,-0.997471732522988,0.5241750548793175,-1.0161329645585022,1
-0.634918112038349,0.9009088760241706,-1.179024470547907,0.08716503414316457,-0.911310674287764,0.9048055324001227,0.8577891279455886,0.2744324511807092,-0.6332517742407646,0.4617277333253637,-0.22345527558581418,-0.17029607721832604,-1.0161329645585022,1
-0.634918112038349,0.9009088760241706,0.8491410419312149,-0.6532131769238212,-0.23538436605243465,0.9048055324001227,0.06599664927436881,-0.8828162337175963,0.1119683846037988,1.379096902478929,-0.4814607612315388,-2.2140254088199627,-1.0161329645585022,1
-0.9738162891597597,0.9009088760241706,-0.502969299721533,-0.4098842345553191,-0.911310674287764,0.9048055324001227,0.06599664927436881,0.853056793629862,0.6893461653302174,0.5763988794695595,-0.7394662468772634,-0.32903233598350173,-1.0161329645585022,1
-0.46546902347764374,-1.1099901739376037,-0.502969299721533,0.15609875905480214,0.10257878806523006,0.9048055324001227,2.4413740852880284,0.2744324511807092,0.6557776897065886,1.6084391947673204,-0.4814607612315388,0.9210157017922567,-1.0161329645585022,1
-0.8043672005990544,0.9009088760241706,0.8491410419312149,-0.7101604878130229,-0.7423290972289317,0.9048055324001227,-0.712176998763706,0.2744324511807092,1.0518857020654102,0.1177142948927768,-0.4814607612315388,0.7424374106814341,-1.0161329645585022,1
0.38177641932588297,0.9009088760241706,1.5251962127575889,-0.027298113201520244,0.4405419421828948,0.9048055324001227,1.0161476236798326,-1.461440576166749,1.5319149034833046,0.6910700256137552,-0.22345527558581418,-0.9242933063529105,-1.0161329645585022,1
-0.8043672005990544,-1.1099901739376037,-1.179024470547907,-0.33207519385895296,-0.911310674287764,0.9048055324001227,1.6495816066168083,1.4316811360790147,1.3338608973038937,2.2964660716324943,-0.4814607612315388,-0.6068207888225592,-1.0161329645585022,1
0.21232733076517762,0.9009088760241706,-0.502969299721533,-0.9692028451384733,0.10257878806523006,0.9048055324001227,-0.94068830810822,0.2744324511807092,0.7094872507043943,0.6910700256137552,0.29255569570563505,-0.190138109563973,-1.0161329645585022,1
-0.8043672005990544,0.9009088760241706,0.8491410419312149,-0.6759068224445597,-0.5733475201700994,0.9048055324001227,0.06599664927436881,0.2744324511807092,0.561785957960427,1.4937680486231246,-0.997471732522988,0.4249648931510827,-1.0161329645585022,1
-0.46546902347764374,0.9009088760241706,-1.179024470547907,0.93276785210276,-0.5733475201700994,0.9048055324001227,-0.7257958293968509,0.2744324511807092,0.7061304031420315,-1.143668312693375,-0.7394662468772634,0.6035431842619053,-1.0161329645585022,1
-0.9738162891597597,0.9009088760241706,0.8491410419312149,-0.593644331478988,-0.911310674287764,0.9048055324001227,-1.344344113734808,-1.461440576166749,1.5621265315445705,-1.2583394588375707,-0.7394662468772634,-1.182239726846321,-1.0161329645585022,1
-0.12657084635623306,0.9009088760241706,1.5251962127575889,-0.612089827629456,-0.911310674287764,0.9048055324001227,-0.5674373336626071,-1.461440576166749,1.3338608973038937,0.1177142948927768,-0.22345527558581418,0.6630692812988462,-1.0161329645585022,1
-0.46546902347764374,0.9009088760241706,0.8491410419312149,-0.5003271767246086,-0.5733475201700994,0.9048055324001227,0.8577891279455886,-0.8828162337175963,0.5416448725862495,1.952452633199907,-0.7394662468772634,-0.46792656240303043,-1.0161329645585022,1
2.415165482054347,-1.1099901739376037,0.8491410419312149,-0.8978528865701392,1.7923945586535535,0.9048055324001227,-1.339276641871312,-1.461440576166749,1.2667239460566353,-1.0289971665491795,1.8405886095799828,0.5638591195706114,-1.0161329645585022,1
2.754063659175758,-1.1099901739376037,1.5251962127575889,-0.9192357648130618,2.2993392898300504,0.9048055324001227,-1.2800505644667048,0.853056793629862,0.06832936629308146,-0.7996548742607882,1.582583123934258,2.6671145482091894,-1.0161329645585022,1
-0.9738162891597597,0.9009088760241706,-0.502969299721533,0.009766595244668391,-0.7423290972289317,0.9048055324001227,-0.2801750224006885,0.2744324511807092,2.0488694280871904,-0.45564143582820127,-0.4814607612315388,0.06780831092943747,-1.0161329645585022,1
-0.2960199349169384,-1.1099901739376037,-1.179024470547907,-0.8099051399417521,-0.404365943111267,0.9048055324001227,0.059503950949264806,0.853056793629862,-0.015591822765990965,2.411137217776689,-0.7394662468772634,0.6432272489531993,-1.0161329645585022,1
-0.2960199349169384,-1.1099901739376037,0.8491410419312149,-0.6037356602804855,-0.06640278899360229,0.9048055324001227,0.06599664927436881,-0.8828162337175963,0.9343960373827085,1.1497546101905376,-0.4814607612315388,0.4844909901880236,-1.0161329645585022,1
1.0595727735687044,-1.1099901739376037,0.8491410419312149,-0.383226702447451,1.4544314045358888,0.9048055324001227,0.8552553920138407,0.853056793629862,0.1522505553521539,1.4937680486231246,0.8085666669970842,-1.4798702120310254,-1.0161329645585022,1
-0.9738162891597597,0.9009088760241706,-0.502969299721533,-0.5291008873291912,-0.911310674287764,0.9048055324001227,0.8577891279455886,-0.8828162337175963,-0.8010941523589095,2.0671237793441026,-0.4814607612315388,0.0479662785837905,-1.0161329645585022,1
-0.2960199349169384,0.9009088760241706,-0.502969299721533,-0.5662129729059034,-0.23538436605243465,0.9048055324001227,-0.7257958293968509,-0.8828162337175963,-0.8413763231072641,-0.34097028968400567,0.5505611813513597,0.12733440796637835,-1.0161329645585022,1
-0.8043672005990544,0.9009088760241706,0.8491410419312149,0.08354857984654028,-0.911310674287764,-1.177851894974348,0.7627740305050422,0.2744324511807092,2.08243790371082,0.3470565871811683,-0.997471732522988,0.5043330225336705,-1.0161329645585022,1
0.0428782422044723,0.9009088760241706,1.5251962127575889,-0.603277681352092,0.4405419421828948,0.9048055324001227,0.29118243020846374,-1.461440576166749,-0.7943804572341833,1.4937680486231246,-0.22345527558581418,0.8614896047553159,-1.0161329645585022,1
-0.9738162891597597,-1.1099901739376037,0.8491410419312149,-0.7764726781690289,-0.7423290972289317,-1.177851894974348,-0.9345123267745845,0.2744324511807092,1.1995869948093776,-0.2262991435398101,-0.7394662468772634,-0.686188918205147,-1.0161329645585022,1
-0.8043672005990544,-1.1099901739376037,0.8491410419312149,-0.17647290484306172,-0.5733475201700994,-1.177851894974348,2.4413740852880284,-0.3041918912684436,1.7333257572250789,2.525808363920885,-0.4814607612315388,-1.102871597463733,-1.0161329645585022,1
0.21232733076517762,-1.1099901739376037,-0.502969299721533,1.171785475593627,0.10257878806523006,-1.177851894974348,1.6495816066168083,-1.461440576166749,1.9179523731550372,-0.11162799739561437,0.8085666669970842,-0.7853990799333818,-1.0161329645585022,1
-0.8043672005990544,0.9009088760241706,-1.179024470547907,-0.3391659710606311,-0.23538436605243465,0.9048055324001227,0.38271364074285674,-0.8828162337175963,1.6796161962272724,0.8057411717579506,-0.4814607612315388,0.14717644031202531,-1.0161329645585022,1
-0.634918112038349,0.9009088760241706,-1.179024470547907,-0.455587373133619,-0.404365943111267,0.9048055324001227,-0.5674373336626071,0.853056793629862,1.1022384155008533,-0.2262991435398101,-0.4814607612315388,-1.5790803737592602,-1.0161329645585022,1
-0.46546902347764374,0.9009088760241706,0.8491410419312149,-0.6568454235972867,-0.7423290972289317,0.9048055324001227,0.02846568578535299,1.4316811360790147,1.646047720603643,1.2644257563347332,-0.7394662468772634,-0.9838194033898514,-1.0161329645585022,1
-0.46546902347764374,-1.1099901739376037,1.5251962127575889,-0.5157247441447338,-0.404365943111267,0.9048055324001227,0.5336292871775912,0.2744324511807092,-0.23714376188194225,1.4937680486231246,-0.4814607612315388,0.821805540064022,-1.0161329645585022,1
-0.8043672005990544,-1.1099901739376037,-1.179024470547907,-0.22426063716439398,-0.911310674287764,0.9048055324001227,-0.7015669795495116,-1.461440576166749,-1.136778908595199,-0.6849837281165926,-0.4814607612315388,0.5043330225336705,-1.0161329645585022,1
-0.634918112038349,0.9009088760241706,-1.179024470547907,0.4751995255071616,-0.911310674287764,-1.177851894974348,0.8577891279455886,0.2744324511807092,0.42415520790354816,0.003043148748581378,-0.7394662468772634,0.08765034327508442,-1.0161329645585022,1
-0.634918112038349,-1.1099901739376037,-1.179024470547907,-0.6742170381225562,-0.7423290972289317,0.9048055324001227,-0.7257958293968509,-0.8828162337175963,0.6524208421442251,-0.11162799739561437,-0.997471732522988,-3.3847053172131334,-1.0161329645585022,1
0.0428782422044723,0.9009088760241706,-1.179024470547907,-0.18547455964251955,0.2715603651240624,-1.177851894974348,-0.2507203421941191,0.2744324511807092,0.3100223907832097,-0.2262991435398101,-0.22345527558581418,-0.8647672093159696,-1.0161329645585022,1
0.7206745964472937,-1.1099901739376037,-0.502969299721533,-0.38171063427070023,1.1164682504182242,0.9048055324001227,0.7719588232576284,0.853056793629862,0.01797665285763789,1.379096902478929,0.8085666669970842,0.6630692812988462,-1.0161329645585022,1
2.754063659175758,0.9009088760241706,-0.502969299721533,0.17433895430633511,2.4683208668888827,-1.177851894974348,0.9200240167691465,0.2744324511807092,1.1257363484373937,0.3470565871811683,1.3245776382885335,1.794065125000723,-1.0161329645585022,1
1.2290218621294098,0.9009088760241706,-0.502969299721533,-0.6785283570001912,0.7785050963005594,0.9048055324001227,-0.6415491096662332,0.853056793629862,-0.059230841076708896,0.1177142948927768,1.8405886095799828,0.782121475372728,-1.0161329645585022,1
-0.634918112038349,-1.1099901739376037,0.8491410419312149,-0.138887047961115,-0.5733475201700994,0.9048055324001227,0.11762151888373233,0.2744324511807092,2.163002245207529,0.1177142948927768,-0.4814607612315388,0.8416475724096689,-1.0161329645585022,1
1.2290218621294098,-1.1099901739376037,0.8491410419312149,-0.6778650771728628,1.1164682504182242,0.9048055324001227,0.3055930533202799,0.2744324511807092,0.3100223907832097,1.952452633199907,1.582583123934258,-1.0830295651180861,-1.0161329645585022,1
-0.8043672005990544,0.9009088760241706,-1.179024470547907,-0.8932730972862045,-0.5733475201700994,0.21058638994196582,-0.8798786457462704,1.4316811360790147,1.343931439990982,0.3470565871811683,-0.4814607612315388,0.26622863438590705,-1.0161329645585022,1
0.5512255078865883,0.9009088760241706,-0.502969299721533,-0.548951905018522,0.4405419421828948,0.9048055324001227,0.5410721364771007,-0.8828162337175963,-1.12670836590811,1.7231103409115156,0.29255569570563505,0.26622863438590705,-1.0161329645585022,1
-0.8043672005990544,-1.1099901739376037,-1.179024470547907,-0.6029460414384278,-0.911310674287764,0.9048055324001227,0.06599664927436881,-0.3041918912684436,-0.1532225728228698,1.1497546101905376,-0.4814607612315388,-0.9044512740072636,-1.0161329645585022,1
0.21232733076517762,-1.1099901739376037,0.8491410419312149,0.2295491037430098,0.2715603651240624,-1.177851894974348,2.2711387023737157,-0.3041918912684436,-0.22371637163249095,1.2644257563347332,0.5505611813513597,-0.2893482712922078,-1.0161329645585022,1
-0.2960199349169384,-1.1099901739376037,-1.179024470547907,-0.9761041138180576,-0.23538436605243465,0.9048055324001227,-1.1106069740310638,0.853056793629862,1.5386285986080301,0.003043148748581378,0.29255569570563505,0.305912699077201,-1.0161329645585022,1
-0.634918112038349,-1.1099901739376037,0.8491410419312149,0.37583389042262005,-0.5733475201700994,-1.177851894974348,1.6495816066168083,0.2744324511807092,1.343931439990982,0.5763988794695595,-0.22345527558581418,-0.9639773710442044,-1.0161329645585022,1
1.398470950690115,0.9009088760241706,0.8491410419312149,-0.8772596271692742,1.2854498274770565,0.9048055324001227,-0.7902477371606883,0.853056793629862,0.6289229092076853,0.5763988794695595,1.8405886095799828,-0.13061201252703214,-1.0161329645585022,1
1.398470950690115,-1.1099901739376037,-1.179024470547907,-0.5339333546425844,1.6234129815947211,0.9048055324001227,-0.7257958293968509,-0.8828162337175963,1.3070061168049905,-0.34097028968400567,1.582583123934258,1.1392780575943733,-1.0161329645585022,1
-0.8043672005990544,0.9009088760241706,0.8491410419312149,-0.11080820193754305,-0.911310674287764,0.9048055324001227,1.6495816066168083,-0.8828162337175963,-0.9252975121663365,1.4937680486231246,-0.4814607612315388,0.3654387961141419,-1.0161329645585022,1
1.0595727735687044,0.9009088760241706,-1.179024470547907,-0.6835819175893606,0.7785050963005594,0.9048055324001227,0.38271364074285674,-1.461440576166749,-0.707102420612748,2.1817949254882985,0.5505611813513597,-0.30919030363785477,-1.0161329645585022,1
-0.46546902347764374,0.9009088760241706,0.8491410419312149,-0.14209290045986928,-0.23538436605243465,0.9048055324001227,-0.6632442235818247,-0.8828162337175963,2.5859650380652544,-0.6849837281165926,-0.7394662468772634,-0.13061201252703214,-1.0161329645585022,1
-0.634918112038349,0.9009088760241706,-0.502969299721533,-0.13217528780362453,-0.911310674287764,0.9048055324001227,1.6495816066168083,-0.8828162337175963,0.29995184809612124,1.6084391947673204,-0.4814607612315388,0.5241750548793175,-1.0161329645585022,1
-0.12657084635623306,0.9009088760241706,-1.179024470547907,-0.8034618501905612,0.2715603651240624,0.9048055324001227,-0.4090788379283631,0.853056793629862,1.6561182632907314,1.1497546101905376,-0.22345527558581418,-1.9957630530178463,-1.0161329645585022,1
-0.634918112038349,-1.1099901739376037,1.5251962127575889,-0.5830476466185737,-0.404365943111267,0.9048055324001227,-0.7257958293968509,0.2744324511807092,0.021333500420000717,-0.2262991435398101,-0.7394662468772634,0.5043330225336705,-1.0161329645585022,1
-0.634918112038349,0.9009088760241706,-1.179024470547907,-0.5678237953437011,-0.5733475201700994,0.9048055324001227,0.6733014804151944,-0.8828162337175963,-0.015591822765990965,1.952452633199907,-0.4814607612315388,0.305912699077201,-1.0161329645585022,1
2.5846145706150523,-1.1099901739376037,0.17308587110484092,-0.12154701818952782,2.637302443947715,-1.177851894974348,0.8577891279455886,0.853056793629862,0.001192415045823164,0.8057411717579506,2.098594095225707,1.8535912220376638,-1.0161329645585022,1
-0.8043672005990544,0.9009088760241706,-0.502969299721533,-0.6328252184218913,-0.5733475201700994,0.9048055324001227,-0.3237236087276056,-1.461440576166749,1.0116035313170553,0.5763988794695595,-0.7394662468772634,-0.6663468858595001,-1.0161329645585022,1
-0.2960199349169384,-1.1099901739376037,-1.179024470547907,0.017520652273675046,-0.7423290972289317,0.9048055324001227,-0.7704529251939078,-1.461440576166749,1.7501099950368924,-0.9143260204049839,-0.4814607612315388,-0.8449251769703227,-1.0161329645585022,1
0.38177641932588297,-1.1099901739376037,1.5251962127575889,1.2070814378336066,0.4405419421828948,-1.177851894974348,0.06599664927436881,-0.8828162337175963,0.7866947446387411,-0.9143260204049839,-0.22345527558581418,0.20670253734896618,-1.0161329645585022,1
4.618003633343516,-1.1099901739376037,-1.179024470547907,-0.18459018653941492,4.327118214536038,-1.177851894974348,0.06599664927436881,-0.3041918912684436,1.5956950071681995,0.1177142948927768,2.356599580871432,0.6432272489531993,-1.0161329645585022,1
2.923512747736463,0.9009088760241706,-1.179024470547907,-0.7365969266451148,3.4822103292418767,0.9048055324001227,-0.5674373336626071,0.2744324511807092,-1.5161026831422064,0.4617277333253637,1.8405886095799828,-1.162397694500674,-1.0161329645585022,1
3.431860013418579,-1.1099901739376037,0.8491410419312149,-0.8843504043709525,3.3132287521830444,0.9048055324001227,-0.8841543251310949,-1.461440576166749,-0.025662365453080038,0.3470565871811683,1.3245776382885335,0.7225953783357871,-1.0161329645585022,1
4.1096563676614,-1.1099901739376037,-0.502969299721533,-0.31824107174610194,3.4822103292418767,0.9048055324001227,-0.3458937981303997,0.2744324511807092,0.6826324702054911,-0.2262991435398101,3.646627009100055,2.349642030678838,-1.0161329645585022,1
-0.2960199349169384,-1.1099901739376037,-1.179024470547907,-0.6375471390973964,-0.23538436605243465,0.9048055324001227,0.2713876182416832,1.4316811360790147,0.7363420312032976,1.7231103409115156,-0.22345527558581418,1.6154868338899002,-1.0161329645585022,1
0.38177641932588297,0.9009088760241706,-1.179024470547907,1.112548270062458,-0.23538436605243465,-1.177851894974348,-0.8246115307350192,-1.461440576166749,0.5752133482098789,-1.2583394588375707,0.5505611813513597,-0.40840046536608954,-1.0161329645585022,1
0.0428782422044723,-1.1099901739376037,0.8491410419312149,-0.6800128404232597,0.10257878806523006,0.9048055324001227,1.5585254715696182,1.4316811360790147,-0.4251272253742647,4.475217848372211,-0.4814607612315388,-0.5076106270943244,-1.0161329645585022,1
-0.8043672005990544,-1.1099901739376037,-0.502969299721533,-0.6973844549485292,-0.911310674287764,0.9048055324001227,0.06599664927436881,-1.461440576166749,2.4382637453212865,1.6084391947673204,-0.4814607612315388,-1.0036614357354983,-1.0161329645585022,1
0.21232733076517762,-1.1099901739376037,0.8491410419312149,-0.489098796790548,-0.23538436605243465,0.9048055324001227,0.06599664927436881,-0.8828162337175963,0.5886407384593302,0.6910700256137552,0.29255569570563505,-0.8052411122790287,-1.0161329645585022,1
-0.2960199349169384,-1.1099901739376037,-1.179024470547907,-0.19510790951562354,-0.404365943111267,-1.177851894974348,1.1323827595487677,0.2744324511807092,-0.17000681063468454,1.2644257563347332,-0.4814607612315388,0.14717644031202531,-1.0161329645585022,1
-0.46546902347764374,-1.1099901739376037,0.8491410419312149,-0.4859719061759995,-0.5733475201700994,0.9048055324001227,0.8577891279455886,-1.461440576166749,0.5248606347744353,1.952452633199907,-0.4814607612315388,0.08765034327508442,-1.0161329645585022,1
-0.634918112038349,-1.1099901739376037,-1.179024470547907,-0.3758358700857909,-0.404365943111267,0.9048055324001227,0.46901902091801967,-0.8828162337175963,2.1092926842097226,0.9204123179021463,-0.7394662468772634,0.26622863438590705,-1.0161329645585022,1
-0.9738162891597597,0.9009088760241706,0.8491410419312149,-0.453739665043204,-0.5733475201700994,0.9048055324001227,-0.45436936770835684,0.2744324511807092,1.8608859645948685,-0.11162799739561437,-0.7394662468772634,0.4844909901880236,-1.0161329645585022,1
-0.634918112038349,0.9009088760241706,0.8491410419312149,-0.07170627687884554,-0.911310674287764,0.9048055324001227,2.2830155895537843,-0.8828162337175963,0.5550722628357013,2.0671237793441026,-0.4814607612315388,0.286070666731554,-1.0161329645585022,1
-0.8043672005990544,0.9009088760241706,-0.502969299721533,-1.069610777094531,-0.911310674287764,0.9048055324001227,-1.243786468943563,-0.8828162337175963,-1.1032104329715702,0.003043148748581378,-0.7394662468772634,-0.20998014190961997,-1.0161329645585022,1
0.21232733076517762,-1.1099901739376037,-1.179024470547907,0.1535719787602175,0.10257878806523006,0.9048055324001227,3.410369720685867,-0.3041918912684436,0.0985409943543475,2.411137217776689,0.29255569570563505,-0.7853990799333818,-1.0161329645585022,1
0.5512255078865883,0.9009088760241706,1.5251962127575889,-0.9491623189270488,0.4405419421828948,0.9048055324001227,-1.0575568779600921,0.2744324511807092,-0.6735339449891191,0.1177142948927768,0.03455021005991044,0.5043330225336705,-1.0161329645585022,1
-0.634918112038349,0.9009088760241706,-1.179024470547907,-0.5480359471617351,-0.404365943111267,0.9048055324001227,-0.19070247231084064,0.2744324511807092,0.35701825665629044,0.5763988794695595,-0.7394662468772634,0.8614896047553159,-1.0161329645585022,1
-0.9738162891597597,0.9009088760241706,-0.502969299721533,-0.26200441781475226,-0.911310674287764,0.9048055324001227,0.8140821831229372,-0.8828162337175963,1.2935787265555385,1.035083464046342,-0.7394662468772634,-0.13061201252703214,-1.0161329645585022,1
0.0428782422044723,0.9009088760241706,1.5251962127575889,-0.40983685742479564,0.2715603651240624,0.9048055324001227,1.0161476236798326,0.853056793629862,0.5550722628357013,1.8377814870557112,0.03455021005991044,0.18686050500331922,-1.0161329645585022,1
1.5679200392508204,0.9009088760241706,0.8491410419312149,-0.20676268362439526,1.7923945586535535,0.9048055324001227,3.234275073429388,0.2744324511807092,-0.3613471216893698,3.5578486792186466,2.356599580871432,0.801963507718375,-1.0161329645585022,1
0.5512255078865883,0.9009088760241706,-0.502969299721533,0.32229773293110775,0.4405419421828948,0.9048055324001227,1.7404793831682643,-1.461440576166749,0.850474848323636,0.8057411717579506,0.29255569570563505,1.5162766721616654,-1.0161329645585022,1
0.21232733076517762,0.9009088760241706,-1.179024470547907,0.10518413611892137,0.7785050963005594,-1.177851894974348,0.06599664927436881,0.2744324511807092,1.0955247203761276,-0.2262991435398101,0.5505611813513597,0.305912699077201,-1.0161329645585022,1
-0.9738162891597597,-1.1099901739376037,0.8491410419312149,-0.22031254295410546,-0.7423290972289317,0.9048055324001227,-1.01084112171849,-0.8828162337175963,1.8407448792206904,-1.0289971665491795,-0.7394662468772634,-0.9441353386985575,-1.0161329645585022,1
0.890123685007999,-1.1099901739376037,0.8491410419312149,-0.6016668589142943,1.2854498274770565,0.9048055324001227,-0.9474977234247925,0.2744324511807092,1.756823690161618,-0.570312581972397,-0.22345527558581418,0.06780831092943747,-1.0161329645585022,1
-0.9738162891597597,-1.1099901739376037,-1.179024470547907,-0.31866746592081313,-0.911310674287764,0.9048055324001227,0.8577891279455886,0.2744324511807092,1.552055988857482,1.2644257563347332,-0.4814607612315388,-1.5989224061049072,-1.0161329645585022,1
-0.2960199349169384,0.9009088760241706,-0.502969299721533,-0.2235026030760186,-0.5733475201700994,0.9048055324001227,1.6495816066168083,0.853056793629862,1.585624464481111,1.8377814870557112,-0.4814607612315388,0.10749237562073138,-1.0161329645585022,1
-0.46546902347764374,-1.1099901739376037,0.8491410419312149,-0.20308305982040636,-0.404365943111267,-1.177851894974348,0.012788194707662836,-1.461440576166749,-0.25057115213139414,0.003043148748581378,-0.4814607612315388,-1.4798702120310254,-1.0161329645585022,1
0.0428782422044723,-1.1099901739376037,-0.502969299721533,-0.4944997896702227,-0.06640278899360229,0.9048055324001227,-1.0721258595676426,-1.461440576166749,1.8709565072819565,-0.9143260204049839,0.29255569570563505,0.20670253734896618,-1.0161329645585022,1
-0.634918112038349,-1.1099901739376037,0.8491410419312149,-0.21892281379208392,-0.7423290972289317,0.9048055324001227,-0.6941241302500022,-1.461440576166749,0.001192415045823164,-0.6849837281165926,-0.7394662468772634,-0.24966420660091387,-1.0161329645585022,1
-0.46546902347764374,-1.1099901739376037,0.8491410419312149,-0.7128293994991779,-0.404365943111267,-1.177851894974348,-0.5870737871336533,-0.3041918912684436,0.2294580492865001,0.3470565871811683,-0.4814607612315388,0.286070666731554,-1.0161329645585022,1
0.0428782422044723,0.9009088760241706,0.8491410419312149,-0.6358415623985517,0.10257878806523006,0.9048055324001227,-1.121692068732461,0.2744324511807092,1.6729025011025462,-0.9143260204049839,-0.22345527558581418,0.18686050500331922,-1.0161329645585022,1
1.906818216372231,0.9009088760241706,1.5251962127575889,-0.1990402113490709,1.6234129815947211,0.9048055324001227,3.22128967677918,-0.3041918912684436,0.9176117995708943,3.4431775330744507,2.6146050665171567,1.794065125000723,-1.0161329645585022,1
-0.9738162891597597,-1.1099901739376037,-0.502969299721533,-0.9490991494196842,-0.911310674287764,0.9048055324001227,-1.0173338200435942,-0.3041918912684436,0.377159342030468,0.23238544103697253,-0.4814607612315388,-0.686188918205147,-1.0161329645585022,1
-0.46546902347764374,-1.1099901739376037,-1.179024470547907,-0.5069757673747344,-0.911310674287764,0.9048055324001227,-0.17692528318196143,0.853056793629862,0.8135495251376443,0.4617277333253637,-0.4814607612315388,-1.2417658238832618,-1.0161329645585022,1
-0.2960199349169384,-1.1099901739376037,-1.179024470547907,-0.8668366584541125,0.2715603651240624,0.9048055324001227,-0.2507203421941191,0.2744324511807092,0.4711510737766289,2.0671237793441026,0.03455021005991044,1.3773824457421369,-1.0161329645585022,1
-0.12657084635623306,-1.1099901739376037,-0.502969299721533,-0.6141744213724883,-0.23538436605243465,0.9048055324001227,0.8577891279455886,-0.8828162337175963,-1.4422520367702227,2.640479510065081,0.03455021005991044,1.4170665104334308,-1.0161329645585022,1
0.0428782422044723,-1.1099901739376037,0.8491410419312149,0.6781157755391504,0.6095235192417271,0.9048055324001227,0.3519920925704134,-0.8828162337175963,1.3338608973038937,-0.45564143582820127,-0.22345527558581418,-1.2417658238832618,-1.0161329645585022,1
-0.634918112038349,-1.1099901739376037,-1.179024470547907,-0.7917912837049483,-0.5733475201700994,0.9048055324001227,-0.9519317613053514,0.2744324511807092,-0.6097538413042243,-0.2262991435398101,-0.4814607612315388,-0.7060309505507939,-1.0161329645585022,1
0.38177641932588297,-1.1099901739376037,1.5251962127575889,-0.22290249275605473,0.4405419421828948,0.9048055324001227,-0.7257958293968509,-1.461440576166749,1.3942841534264256,-0.6849837281165926,0.29255569570563505,1.6353288662355472,-1.0161329645585022,1
-0.9738162891597597,0.9009088760241706,-1.179024470547907,-0.9443930211210203,-0.7423290972289317,0.9048055324001227,-0.7573091700479655,0.853056793629862,0.6792756226431284,1.1497546101905376,-0.7394662468772634,-0.07108591549009124,-1.0161329645585022,1
-0.9738162891597597,0.9009088760241706,0.8491410419312149,-0.41351648122878454,-0.911310674287764,0.9048055324001227,-0.4089204794326288,-0.8828162337175963,0.138823165102702,-0.11162799739561437,-0.7394662468772634,0.0479662785837905,-1.0161329645585022,1
1.906818216372231,-1.1099901739376037,0.8491410419312149,-0.4458276842457858,2.130357712771218,0.9048055324001227,-0.5674373336626071,0.853056793629862,2.1294337695839007,-0.2262991435398101,1.582583123934258,-0.11076998018138517,-1.0161329645585022,1
0.5512255078865883,0.9009088760241706,-0.502969299721533,-0.5823843667912452,0.4405419421828948,0.9048055324001227,0.38271364074285674,-1.461440576166749,-1.1904884695930054,1.6084391947673204,1.066572152642809,-0.7457150152420878,-1.0161329645585022,1
1.906818216372231,0.9009088760241706,-1.179024470547907,-0.5188990118898058,1.7923945586535535,0.9048055324001227,0.5410721364771007,-1.461440576166749,0.04483143335654109,1.6084391947673204,2.356599580871432,1.4964346398160184,-1.0161329645585022,1
0.0428782422044723,-1.1099901739376037,-0.502969299721533,-0.6011141257248539,0.10257878806523006,0.9048055324001227,-0.7257958293968509,0.853056793629862,-1.039430329286675,-0.2262991435398101,-0.22345527558581418,-0.8846092416616166,-1.0161329645585022,1
-0.634918112038349,0.9009088760241706,1.5251962127575889,-0.5935811619716235,-0.911310674287764,0.9048055324001227,-0.7257958293968509,-1.461440576166749,1.8407448792206904,-0.2262991435398101,-0.7394662468772634,0.9805417988291976,-1.0161329645585022,1
-0.634918112038349,0.9009088760241706,-0.502969299721533,-0.6336937991481548,-0.7423290972289317,0.9048055324001227,-0.8841543251310949,0.2744324511807092,0.5517154152733386,-0.45564143582820127,-0.22345527558581418,0.9805417988291976,-1.0161329645585022,1
0.5512255078865883,0.9009088760241706,-0.502969299721533,-0.5995348880407385,0.6095235192417271,0.9048055324001227,-0.3298995900612411,-0.3041918912684436,1.4009978485511514,0.4617277333253637,-0.22345527558581418,-0.2893482712922078,-1.0161329645585022,1
-0.46546902347764374,-1.1099901739376037,-0.502969299721533,-0.18650106413719458,-0.404365943111267,-1.177851894974348,-0.2507203421941191,0.2744324511807092,0.6624913848313142,-0.2262991435398101,-0.7394662468772634,-1.0830295651180861,-1.0161329645585022,1
0.38177641932588297,-1.1099901739376037,0.8491410419312149,-0.21870172051630776,0.2715603651240624,0.9048055324001227,2.262904060595535,0.853056793629862,1.5789107693563853,2.525808363920885,0.5505611813513597,0.8813316371009629,-1.0161329645585022,1
-0.2960199349169384,0.9009088760241706,0.17308587110484092,-0.107728688453518,-0.7423290972289317,0.9048055324001227,2.2830155895537843,0.853056793629862,-0.21028898138303903,2.1817949254882985,-0.7394662468772634,0.06780831092943747,-1.0161329645585022,1
-0.46546902347764374,0.9009088760241706,0.8491410419312149,0.09926199480348859,-0.404365943111267,0.9048055324001227,-1.1001553133126036,-1.461440576166749,1.3540019826780707,-1.2583394588375707,-0.7394662468772634,-2.8688124762263127,-1.0161329645585022,1
-0.8043672005990544,-1.1099901739376037,-1.179024470547907,0.00032275389365824886,-0.7423290972289317,0.9048055324001227,1.6495816066168083,0.2744324511807092,0.9343960373827085,1.2644257563347332,-0.997471732522988,0.801963507718375,-1.0161329645585022,1
-0.634918112038349,0.9009088760241706,0.8491410419312149,-0.035004793100003435,-0.06640278899360229,-1.177851894974348,0.38271364074285674,-1.461440576166749,2.0052304097764733,0.1177142948927768,-0.4814607612315388,0.22654456969461315,-1.0161329645585022,1
0.21232733076517762,-1.1099901739376037,1.5251962127575889,-0.7645336412771164,0.4405419421828948,0.9048055324001227,0.30179244942265804,0.853056793629862,1.0753836350019508,2.525808363920885,1.066572152642809,0.9805417988291976,-1.0161329645585022,1
-0.634918112038349,0.9009088760241706,-1.179024470547907,-0.6359994861669633,-0.404365943111267,0.9048055324001227,-0.2507203421941191,-1.461440576166749,0.44765314084008856,0.6910700256137552,-0.4814607612315388,1.0400678958661385,-1.0161329645585022,1
-0.9738162891597597,0.9009088760241706,1.5251962127575889,-0.7883959226841002,-0.911310674287764,0.9048055324001227,-0.7164526781485306,-0.3041918912684436,-0.2606416948184826,0.3470565871811683,-0.7394662468772634,1.0202258635204915,-1.0161329645585022,1
-0.9738162891597597,0.9009088760241706,-0.502969299721533,-0.40907882333642026,-0.7423290972289317,0.9048055324001227,-0.17154109432699713,0.2744324511807092,0.04818828091890392,0.23238544103697253,-0.7394662468772634,-0.190138109563973,-1.0161329645585022,1
0.890123685007999,-1.1099901739376037,1.5251962127575889,-0.7914912285449665,0.7785050963005594,0.9048055324001227,-1.356696076402079,0.2744324511807092,1.286865031430813,-1.2583394588375707,1.066572152642809,-0.6465048535138531,-1.0161329645585022,1
1.0595727735687044,0.9009088760241706,1.5251962127575889,-0.1297748465237691,1.2854498274770565,-1.177851894974348,0.38271364074285674,0.2744324511807092,3.018998373610068,0.3470565871811683,1.066572152642809,0.6035431842619053,-1.0161329645585022,1
1.0595727735687044,0.9009088760241706,-1.179024470547907,-0.3138507909842611,0.7785050963005594,0.9048055324001227,-1.042512820865339,-1.461440576166749,1.4949895802973128,-1.0289971665491795,0.8085666669970842,-0.5671367241312653,-1.0161329645585022,1
0.38177641932588297,-1.1099901739376037,-0.502969299721533,1.3690954318470063,-0.06640278899360229,0.9048055324001227,2.281432004596442,-0.8828162337175963,2.011944104901199,0.003043148748581378,0.03455021005991044,0.5241750548793175,-1.0161329645585022,1
-0.8043672005990544,-1.1099901739376037,-0.502969299721533,0.232644409603876,-0.911310674287764,0.9048055324001227,2.4413740852880284,-0.3041918912684436,-0.005521280078902488,1.379096902478929,-0.7394662468772634,1.3773824457421369,-1.0161329645585022,1
0.21232733076517762,0.9009088760241706,-1.179024470547907,-0.6672841846892895,0.10257878806523006,0.9048055324001227,0.10907016011408316,-1.461440576166749,0.16903479316396802,1.4937680486231246,-0.22345527558581418,-2.154499311783022,-1.0161329645585022,1
-0.46546902347764374,-1.1099901739376037,-0.502969299721533,-0.9779044447779492,-0.911310674287764,0.9048055324001227,-0.8841543251310949,-1.461440576166749,0.3536614090939276,0.9204123179021463,-0.7394662468772634,-1.0235034680811452,-1.0161329645585022,1
-1.143265377720465,-1.1099901739376037,-0.502969299721533,-0.7892329186566813,-0.911310674287764,0.9048055324001227,0.06599664927436881,-1.461440576166749,0.830333762949459,2.1817949254882985,-0.997471732522988,-0.8052411122790287,-1.0161329645585022,1
1.0595727735687044,0.9009088760241706,1.5251962127575889,-0.372361547180737,1.4544314045358888,0.9048055324001227,0.7510555018207081,0.853056793629862,-0.3244217985033781,1.2644257563347332,0.5505611813513597,0.8614896047553159,-1.0161329645585022,1
-0.46546902347764374,0.9009088760241706,0.8491410419312149,-0.2972056257936847,-0.06640278899360229,0.9048055324001227,2.4413740852880284,1.4316811360790147,0.5248606347744353,3.0991640946418633,-0.22345527558581418,-1.6187644384505542,-1.0161329645585022,1
-0.12657084635623306,0.9009088760241706,-0.502969299721533,-0.01753842431368702,-0.06640278899360229,0.9048055324001227,1.0161476236798326,1.4316811360790147,1.380856763176974,0.6910700256137552,-0.22345527558581418,-0.6663468858595001,-1.0161329645585022,1
0.5512255078865883,-1.1099901739376037,-0.502969299721533,-0.7277216108603862,0.4405419421828948,0.9048055324001227,-1.034119820591424,-0.3041918912684436,0.27981076272194366,-0.570312581972397,0.5505611813513597,0.801963507718375,-1.0161329645585022,1
-0.46546902347764374,0.9009088760241706,-0.502969299721533,0.16720079997413345,-0.911310674287764,-1.177851894974348,1.647998021659466,1.4316811360790147,2.163002245207529,0.9204123179021463,-0.4814607612315388,-0.9838194033898514,-1.0161329645585022,1
0.890123685007999,-1.1099901739376037,1.5251962127575889,0.006150140948044106,0.7785050963005594,0.9048055324001227,0.06599664927436881,-1.461440576166749,1.380856763176974,-0.2262991435398101,1.066572152642809,0.7027533459901402,-1.0161329645585022,1
-0.634918112038349,0.9009088760241706,-0.502969299721533,-0.6031987194678863,-0.5733475201700994,0.9048055324001227,0.9718072448742443,1.4316811360790147,0.4040141225293712,2.7551506562092767,-0.4814607612315388,1.1591200899400202,-1.0161329645585022,1
-0.634918112038349,0.9009088760241706,-0.502969299721533,-0.38008401945606135,-0.911310674287764,0.9048055324001227,0.5124092487492026,0.2744324511807092,2.639674599063061,1.035083464046342,-0.997471732522988,-0.46792656240303043,-1.0161329645585022,1
-0.2960199349169384,0.9009088760241706,-0.502969299721533,-0.1479992493984609,-0.23538436605243465,0.9048055324001227,1.6462560782063893,-1.461440576166749,-0.1397951825734185,1.6084391947673204,-0.7394662468772634,-0.2893482712922078,-1.0161329645585022,1
0.0428782422044723,0.9009088760241706,-1.179024470547907,-0.16061735849454303,-0.23538436605243465,0.9048055324001227,1.6495816066168083,0.2744324511807092,1.2600102509319098,1.7231103409115156,0.03455021005991044,1.4964346398160184,-1.0161329645585022,1
-0.8043672005990544,-1.1099901739376037,0.8491410419312149,-0.8109158520595859,-0.5733475201700994,0.9048055324001227,-0.20574652940559382,-0.3041918912684436,0.571856500647516,1.7231103409115156,-0.997471732522988,0.8813316371009629,-1.0161329645585022,1
-0.46546902347764374,-1.1099901739376037,-0.502969299721533,-0.14045049326838926,-0.06640278899360229,0.9048055324001227,-0.634264618862458,0.2744324511807092,1.1257363484373937,-0.6849837281165926,-0.4814607612315388,0.782121475372728,-1.0161329645585022,1
-0.8043672005990544,-1.1099901739376037,0.8491410419312149,0.1080267639503291,-0.23538436605243465,0.9048055324001227,1.8964625014664946,-1.461440576166749,1.3338608973038937,1.2644257563347332,-0.7394662468772634,0.06780831092943747,-1.0161329645585022,1
-0.634918112038349,-1.1099901739376037,-1.179024470547907,-0.8629043566206652,-0.911310674287764,0.9048055324001227,-1.0124247066758325,0.853056793629862,1.5252012083585789,-0.11162799739561437,-0.7394662468772634,-1.6981325678331418,-1.0161329645585022,1
-0.8043672005990544,-1.1099901739376037,0.8491410419312149,-0.28188702025776524,-0.911310674287764,0.9048055324001227,0.38271364074285674,-1.461440576166749,1.4110683912382405,0.5763988794695595,-0.4814607612315388,0.5440170872249644,-1.0161329645585022,1
0.38177641932588297,0.9009088760241706,-0.502969299721533,-0.39075966620068153,0.10257878806523006,0.9048055324001227,-0.3211898727958577,0.2744324511807092,1.3674293729275224,0.003043148748581378,0.03455021005991044,-0.36871640067479566,-1.0161329645585022,1
-0.8043672005990544,0.9009088760241706,-1.179024470547907,-0.9976765005830741,-0.911310674287764,0.9048055324001227,-1.0855863317050534,-1.461440576166749,1.0418151593783211,0.23238544103697253,-0.997471732522988,0.821805540064022,-1.0161329645585022,1
-0.12657084635623306,0.9009088760241706,-1.179024470547907,2.7892407116646285,-0.06640278899360229,-1.177851894974348,4.024959042630468,0.2744324511807092,0.850474848323636,0.003043148748581378,-0.4814607612315388,1.0202258635204915,-1.0161329645585022,1
-0.12657084635623306,0.9009088760241706,-1.179024470547907,0.3540562027586686,-0.23538436605243465,-1.177851894974348,-1.0949294829533736,-1.461440576166749,0.011262957732911642,-1.2583394588375707,-0.22345527558581418,0.5837011519162584,-1.0161329645585022,1
-0.12657084635623306,-1.1099901739376037,-1.179024470547907,-0.6729378555984227,-0.5733475201700994,0.9048055324001227,-0.2507203421941191,-1.461440576166749,0.15560740291451672,0.8057411717579506,-0.4814607612315388,0.7424374106814341,-1.0161329645585022,1
-0.9738162891597597,-1.1099901739376037,-1.179024470547907,-0.9765936775001335,-0.404365943111267,0.9048055324001227,-0.6437661286065126,-0.8828162337175963,0.34359086640683856,1.952452633199907,-0.7394662468772634,-0.5076106270943244,-1.0161329645585022,1
0.38177641932588297,0.9009088760241706,-0.502969299721533,0.15085568994353898,0.4405419421828948,0.9048055324001227,3.1995945628635885,-1.461440576166749,0.5987112811464187,2.1817949254882985,0.29255569570563505,-2.531497926350314,-1.0161329645585022,1
-0.9738162891597597,-1.1099901739376037,-0.502969299721533,-0.4362732962568876,-0.911310674287764,0.9048055324001227,2.348417648292027,-1.461440576166749,1.058599397190136,3.7871909715070364,-0.7394662468772634,0.782121475372728,-1.0161329645585022,1
-0.46546902347764374,-1.1099901739376037,0.8491410419312149,0.18112967634803137,-0.911310674287764,0.9048055324001227,-0.5574607484313496,-0.3041918912684436,1.1425205862492085,-0.7996548742607882,-0.4814607612315388,0.16701847265767225,-1.0161329645585022,1
-0.634918112038349,-1.1099901739376037,-1.179024470547907,-1.016516806154571,-0.911310674287764,0.21058638994196582,-1.121692068732461,-0.8828162337175963,0.5651428055227898,0.23238544103697253,-0.4814607612315388,0.4448069254967297,-1.0161329645585022,1
1.7373691278115257,-1.1099901739376037,0.8491410419312149,-0.37520417501214476,1.6234129815947211,0.9048055324001227,0.7667329928983984,0.853056793629862,-0.14650887769814416,1.379096902478929,1.582583123934258,0.7622794430270811,-1.0161329645585022,1
1.7373691278115257,0.9009088760241706,0.8491410419312149,-1.0866191669524539,1.9613761357123858,0.9048055324001227,-1.100313671808338,-1.461440576166749,-0.31770810337865185,1.1497546101905376,2.356599580871432,1.5162766721616654,-1.0161329645585022,1
-0.12657084635623306,0.9009088760241706,0.8491410419312149,-0.2718904457173147,0.10257878806523006,0.9048055324001227,0.08880027266009993,0.853056793629862,0.0045492626081859895,0.23238544103697253,0.03455021005991044,-1.5393963090679663,-1.0161329645585022,1
-0.634918112038349,0.9009088760241706,0.8491410419312149,-0.4863035460896637,-0.911310674287764,0.9048055324001227,0.6994306322113446,-0.8828162337175963,1.437923171737143,1.7231103409115156,-0.4814607612315388,-1.4600281796853785,-1.0161329645585022,1
1.2290218621294098,0.9009088760241706,0.8491410419312149,-0.5663393119206326,0.9474866733593919,0.9048055324001227,-0.0975876768191052,-0.8828162337175963,2.273778214765505,0.6910700256137552,0.03455021005991044,0.4249648931510827,-1.0161329645585022,1
-0.634918112038349,0.9009088760241706,0.8491410419312149,-0.6778650771728628,-0.5733475201700994,0.9048055324001227,0.06599664927436881,-0.3041918912684436,1.2767944887437244,1.4937680486231246,-0.22345527558581418,-1.8171847619070236,-1.0161329645585022,1
-0.634918112038349,-1.1099901739376037,-1.179024470547907,1.36682132958188,-0.7423290972289317,-1.177851894974348,2.3037605524949702,-1.461440576166749,1.8138900987217879,0.003043148748581378,-0.7394662468772634,-0.190138109563973,-1.0161329645585022,1
-0.2960199349169384,0.9009088760241706,-0.502969299721533,-0.6984109594432042,-0.404365943111267,0.9048055324001227,-1.042512820865339,-0.8828162337175963,-1.271052811089715,-0.6849837281165926,0.03455021005991044,-0.5671367241312653,-1.0161329645585022,1
1.0595727735687044,0.9009088760241706,-1.179024470547907,0.004507733756564081,0.9474866733593919,0.9048055324001227,-0.6128862219383351,0.2744324511807092,0.984748750818152,-0.7996548742607882,0.8085666669970842,0.6829113136444932,-1.0161329645585022,1
-0.634918112038349,0.9009088760241706,1.5251962127575889,-0.14570935475649358,-0.911310674287764,0.9048055324001227,-0.5674373336626071,0.2744324511807092,0.531574329899161,-0.6849837281165926,-0.4814607612315388,-1.8568688265983175,-1.0161329645585022,1
-0.634918112038349,0.9009088760241706,-0.502969299721533,-0.5249001150894443,-0.911310674287764,0.9048055324001227,0.38271364074285674,0.853056793629862,0.2529559822230405,1.379096902478929,-0.4814607612315388,1.3773824457421369,-1.0161329645585022,1
-0.8043672005990544,-1.1099901739376037,0.8491410419312149,-0.8300720051679058,-0.911310674287764,0.9048055324001227,0.024665081887731134,-0.8828162337175963,-0.8984427316674333,2.525808363920885,-0.7394662468772634,-2.094973214746081,-1.0161329645585022,1
1.398470950690115,0.9009088760241706,-0.502969299721533,-0.39628699809508544,1.4544314045358888,0.9048055324001227,-0.8841543251310949,-0.8828162337175963,0.4745079213389917,-0.7996548742607882,1.8405886095799828,1.734539027963782,-1.0161329645585022,1
-0.634918112038349,0.9009088760241706,-1.179024470547907,0.014077914122303456,-0.06640278899360229,0.9048055324001227,2.2475432865093135,-0.8828162337175963,-1.2844802013391665,1.7231103409115156,-0.7394662468772634,-0.4877685947486774,-1.0161329645585022,1
1.5679200392508204,-1.1099901739376037,-1.179024470547907,-0.5213626226770258,1.2854498274770565,0.9048055324001227,0.38271364074285674,0.853056793629862,-1.0897830427221185,1.379096902478929,1.582583123934258,-1.4005020826484376,-1.0161329645585022,1
1.0595727735687044,-1.1099901739376037,-0.502969299721533,-0.4156326597254992,-0.06640278899360229,0.9048055324001227,0.06599664927436881,0.2744324511807092,0.4812216164637174,0.5763988794695595,0.29255569570563505,0.305912699077201,-1.0161329645585022,1
2.415165482054347,0.9009088760241706,0.8491410419312149,-0.18849090361918,2.4683208668888827,-1.177851894974348,0.06599664927436881,-0.3041918912684436,1.4782053424854982,0.1177142948927768,1.3245776382885335,-0.9242933063529105,-1.0161329645585022,1
-0.46546902347764374,0.9009088760241706,-1.179024470547907,-0.19946660552378206,-0.911310674287764,-1.177851894974348,-0.7257958293968509,0.2744324511807092,0.8941138666343539,-0.7996548742607882,0.03455021005991044,-1.162397694500674,-1.0161329645585022,1
-0.9738162891597597,-1.1099901739376037,1.5251962127575889,-0.3183832031376723,-0.911310674287764,0.9048055324001227,0.06599664927436881,-1.461440576166749,0.8806864763849026,0.3470565871811683,-0.4814607612315388,-0.20998014190961997,-1.0161329645585022,1
-0.9738162891597597,0.9009088760241706,-0.502969299721533,-0.06265724494886424,-0.5733475201700994,0.9048055324001227,2.2830155895537843,-0.8828162337175963,1.4009978485511514,2.0671237793441026,-0.7394662468772634,0.06780831092943747,-1.0161329645585022,1
0.890123685007999,-1.1099901739376037,-0.502969299721533,-0.5592643270957955,1.1164682504182242,0.9048055324001227,-0.6291971469989622,-0.3041918912684436,0.3268066285950244,-0.11162799739561437,0.29255569570563505,1.0797519605574324,-1.0161329645585022,1
-0.12657084635623306,0.9009088760241706,0.8491410419312149,-0.7910174572397318,-0.7423290972289317,0.9048055324001227,-0.7257958293968509,-0.3041918912684436,0.5819270433346045,0.3470565871811683,-0.4814607612315388,0.3455967637684949,-1.0161329645585022,1
0.38177641932588297,-1.1099901739376037,0.8491410419312149,-0.4914676533167211,0.4405419421828948,0.9048055324001227,1.6495816066168083,-1.461440576166749,0.6457071470194995,3.0991640946418633,-0.22345527558581418,0.8416475724096689,-1.0161329645585022,1
-0.634918112038349,-1.1099901739376037,-0.502969299721533,-0.03805272183034618,-0.7423290972289317,-1.177851894974348,-1.1693579759484682,0.2744324511807092,0.24288543953595199,-1.2583394588375707,-0.7394662468772634,-0.8052411122790287,-1.0161329645585022,1
-1.143265377720465,-1.1099901739376037,0.8491410419312149,-1.02266004074578,-0.7423290972289317,0.21058638994196582,-1.042512820865339,-0.8828162337175963,-0.707102420612748,0.6910700256137552,-0.4814607612315388,-0.7655570475877348,-1.0161329645585022,1
0.38177641932588297,0.9009088760241706,-1.179024470547907,-0.6021880073500524,-0.06640278899360229,0.9048055324001227,-0.3298995900612411,-0.3041918912684436,-0.13643833501105568,0.4617277333253637,0.03455021005991044,-0.6068207888225592,-1.0161329645585022,1
0.21232733076517762,-1.1099901739376037,0.8491410419312149,-0.026066307807910225,0.6095235192417271,0.9048055324001227,1.3328646151483206,0.2744324511807092,0.1522505553521539,1.035083464046342,0.03455021005991044,0.22654456969461315,-1.0161329645585022,1
0.21232733076517762,0.9009088760241706,0.8491410419312149,-0.7918070760817895,-0.06640278899360229,0.9048055324001227,-0.2507203421941191,-0.8828162337175963,0.011262957732911642,1.4937680486231246,0.8085666669970842,0.9210157017922567,-1.0161329645585022,1
2.2457163934936415,0.9009088760241706,-0.502969299721533,0.6720830875858296,1.4544314045358888,-1.177851894974348,2.4413740852880284,1.4316811360790147,1.8843838975314091,0.6910700256137552,1.8405886095799828,-2.0552891500547874,-1.0161329645585022,1
-0.8043672005990544,0.9009088760241706,1.5251962127575889,-0.5091077382482903,-0.911310674287764,-1.177851894974348,-0.7257958293968509,-1.461440576166749,0.3704456469057418,-0.45564143582820127,-0.7394662468772634,-2.49181386165902,-1.0161329645585022,1
0.21232733076517762,-1.1099901739376037,0.8491410419312149,-0.6433745261517823,-0.06640278899360229,0.9048055324001227,-0.5029854258987697,0.2744324511807092,1.347288287553345,0.23238544103697253,0.03455021005991044,0.286070666731554,-1.0161329645585022,1
-0.9738162891597597,0.9009088760241706,0.8491410419312149,-0.906033337773857,-0.7423290972289317,0.21058638994196582,-0.7395730185257302,-0.8828162337175963,0.8974707141967168,0.9204123179021463,-0.22345527558581418,0.08765034327508442,-1.0161329645585022,1
-0.8043672005990544,0.9009088760241706,-0.502969299721533,-0.10698644674198375,-0.5733475201700994,0.9048055324001227,1.6495816066168083,-0.8828162337175963,-1.0427871768490378,1.4937680486231246,-0.7394662468772634,0.7622794430270811,-1.0161329645585022,1
-0.46546902347764374,-1.1099901739376037,-1.179024470547907,0.0071766454427191215,-0.23538436605243465,0.9048055324001227,2.4413740852880284,-0.8828162337175963,1.1693753667481117,1.952452633199907,-0.997471732522988,-0.20998014190961997,-1.0161329645585022,1
1.0595727735687044,0.9009088760241706,0.8491410419312149,-0.48914617392107146,1.2854498274770565,0.9048055324001227,0.8577891279455886,0.2744324511807092,-0.059230841076708896,1.952452633199907,0.03455021005991044,1.5758027691986063,-1.0161329645585022,1
-0.2960199349169384,0.9009088760241706,-1.179024470547907,0.06385548592562114,-0.911310674287764,-1.177851894974348,0.788586465309724,-0.3041918912684436,0.273097067597218,0.3470565871811683,-0.4814607612315388,-0.5076106270943244,-1.0161329645585022,1
1.398470950690115,0.9009088760241706,-0.502969299721533,-0.45809836105136253,1.1164682504182242,0.9048055324001227,1.7916291772904251,-0.8828162337175963,-0.9689365304770544,3.0991640946418633,1.3245776382885335,0.5837011519162584,-1.0161329645585022,1
-0.46546902347764374,-1.1099901739376037,0.8491410419312149,1.7715957403975005,-0.7423290972289317,-1.177851894974348,2.99927106575977,0.2744324511807092,1.8373880316583282,0.1177142948927768,-0.4814607612315388,-0.5671367241312653,-1.0161329645585022,1
-0.12657084635623306,0.9009088760241706,-1.179024470547907,-0.6148061164461345,-0.404365943111267,0.9048055324001227,0.8577891279455886,1.4316811360790147,-1.5899533295141903,2.640479510065081,0.5505611813513597,1.0003838311748445,-1.0161329645585022,1
-0.634918112038349,0.9009088760241706,-1.179024470547907,-0.7435139877015403,-0.911310674287764,0.9048055324001227,0.06599664927436881,0.2744324511807092,-0.4419114631860794,1.8377814870557112,-0.4814607612315388,-0.8449251769703227,-1.0161329645585022,1
-0.8043672005990544,0.9009088760241706,1.5251962127575889,-0.5861745372331222,-0.911310674287764,0.9048055324001227,-0.9389463646551434,0.2744324511807092,1.417782086362966,-0.570312581972397,-0.4814607612315388,-1.4203441149940845,-1.0161329645585022,1
-0.634918112038349,-1.1099901739376037,0.8491410419312149,-0.6775966067665632,-0.911310674287764,0.9048055324001227,0.06599664927436881,0.2744324511807092,-1.6671608234485367,1.4937680486231246,-0.4814607612315388,-1.8568688265983175,-1.0161329645585022,1
-0.2960199349169384,0.9009088760241706,0.17308587110484092,3.373495485279965,-0.06640278899360229,-1.177851894974348,0.32491278979985766,-1.461440576166749,1.6124792449800143,-1.143668312693375,-0.4814607612315388,1.1194360252487263,-1.0161329645585022,1
0.7206745964472937,-1.1099901739376037,-1.179024470547907,-0.7984714591087565,0.7785050963005594,0.9048055324001227,0.3833470747257937,-0.8828162337175963,0.011262957732911642,3.0991640946418633,0.5505611813513597,-0.051243883144444294,-1.0161329645585022,1
-0.8043672005990544,-1.1099901739376037,0.8491410419312149,-0.033757195329552264,-0.7423290972289317,0.9048055324001227,-0.5674373336626071,-0.8828162337175963,-0.0726582313261608,-0.6849837281165926,-0.997471732522988,0.14717644031202531,-1.0161329645585022,1
-0.8043672005990544,-1.1099901739376037,-0.502969299721533,-0.22685058696634325,-0.911310674287764,0.9048055324001227,1.4912231108825644,-1.461440576166749,0.0045492626081859895,1.7231103409115156,-0.4814607612315388,-0.20998014190961997,-1.0161329645585022,1
0.21232733076517762,-1.1099901739376037,-1.179024470547907,-0.9539474091099185,0.10257878806523006,0.9048055324001227,-0.8841543251310949,1.4316811360790147,-0.5291894998075146,0.8057411717579506,-0.22345527558581418,0.32575473142284794,-1.0161329645585022,1
-0.634918112038349,0.9009088760241706,0.8491410419312149,-0.24343258264955506,-0.06640278899360229,0.9048055324001227,-0.2507203421941191,0.2744324511807092,1.716541519413264,-0.2262991435398101,-0.7394662468772634,-1.12271362980938,-1.0161329645585022,1
0.0428782422044723,0.9009088760241706,-0.502969299721533,-0.12740598999759598,-0.23538436605243465,0.9048055324001227,1.3328646151483206,0.853056793629862,1.6359771779165546,1.2644257563347332,0.03455021005991044,0.3654387961141419,-1.0161329645585022,1
0.0428782422044723,-1.1099901739376037,-0.502969299721533,-0.8930362116335872,-0.7423290972289317,0.9048055324001227,-0.9550989312200362,0.2744324511807092,-0.012234975203628139,0.1177142948927768,-0.22345527558581418,0.7027533459901402,-1.0161329645585022,1
-0.9738162891597597,-1.1099901739376037,-0.502969299721533,-0.9779676142853139,-0.911310674287764,0.9048055324001227,-1.2357101856611166,1.4316811360790147,1.726612062100352,-0.45564143582820127,-0.7394662468772634,-1.9560789883265524,-1.0161329645585022,1
-0.2960199349169384,0.9009088760241706,1.5251962127575889,-0.5809788452523824,-0.404365943111267,0.9048055324001227,0.4090011510347412,-0.8828162337175963,0.38051618959283084,1.6084391947673204,0.03455021005991044,-0.44808453005738347,-1.0161329645585022,1
-0.2960199349169384,-1.1099901739376037,-1.179024470547907,-0.22492391699172246,-0.911310674287764,-1.177851894974348,2.3948166875421606,0.853056793629862,1.914595525592675,2.7551506562092767,0.03455021005991044,-2.1743413441286688,-1.0161329645585022,1
-0.8043672005990544,-1.1099901739376037,0.8491410419312149,-0.7103184115814344,-0.5733475201700994,0.9048055324001227,-1.359229812333827,-0.3041918912684436,-0.14315203013578132,-1.2583394588375707,-0.7394662468772634,0.7225953783357871,-1.0161329645585022,1
-0.2960199349169384,0.9009088760241706,-1.179024470547907,-0.03298336886433571,-0.5733475201700994,0.9048055324001227,1.0161476236798326,-1.461440576166749,1.3103629643673533,0.8057411717579506,-0.7394662468772634,-0.07108591549009124,-1.0161329645585022,1
-0.634918112038349,-1.1099901739376037,0.8491410419312149,-0.6943049414645042,-0.7423290972289317,0.9048055324001227,0.15451904838981118,0.853056793629862,-0.5392600424946031,1.7231103409115156,-0.22345527558581418,0.22654456969461315,-1.0161329645585022,1
0.5512255078865883,-1.1099901739376037,0.8491410419312149,0.19428472625671273,0.7785050963005594,0.9048055324001227,2.424429726244464,0.853056793629862,3.018998373610068,1.4937680486231246,0.5505611813513597,0.5043330225336705,-1.0161329645585022,1
1.2290218621294098,-1.1099901739376037,-1.179024470547907,-0.21746991512269773,0.7785050963005594,0.9048055324001227,-0.6683116954453204,1.4316811360790147,1.0015329886299666,-0.6849837281165926,2.356599580871432,-1.2219237915376149,-1.0161329645585022,1
-0.46546902347764374,-1.1099901739376037,-0.502969299721533,-0.31418243089792536,-0.911310674287764,-1.177851894974348,-0.7257958293968509,0.2744324511807092,-0.05251714595198324,-0.6849837281165926,-0.7394662468772634,0.6829113136444932,-1.0161329645585022,1
1.5679200392508204,0.9009088760241706,0.8491410419312149,1.3681794739902193,1.1164682504182242,-1.177851894974348,1.7308195149284755,-0.8828162337175963,1.360715677802797,-0.2262991435398101,1.3245776382885335,0.18686050500331922,-1.0161329645585022,1
0.0428782422044723,0.9009088760241706,-1.179024470547907,0.517365171673043,-0.23538436605243465,0.9048055324001227,1.6446724932490469,0.853056793629862,1.1727322143104744,0.4617277333253637,0.5505611813513597,-0.22982217425526694,-1.0161329645585022,1
-0.2960199349169384,-1.1099901739376037,0.8491410419312149,-0.5059808476337417,-0.7423290972289317,0.9048055324001227,-0.6318892414264443,-0.3041918912684436,1.5587696839822078,-0.2262991435398101,-0.4814607612315388,-1.3409759856114967,-1.0161329645585022,1
-0.2960199349169384,0.9009088760241706,-0.502969299721533,-1.018869870303903,-0.5733475201700994,0.9048055324001227,-1.359229812333827,0.2744324511807092,1.1794459094352001,-0.9143260204049839,0.29255569570563505,-1.5790803737592602,-1.0161329645585022,1
-0.9738162891597597,0.9009088760241706,1.5251962127575889,-0.21925445370574814,-0.7423290972289317,-1.177851894974348,0.38271364074285674,-1.461440576166749,0.5450017201486129,0.4617277333253637,-0.7394662468772634,0.782121475372728,-1.0161329645585022,1
0.0428782422044723,0.9009088760241706,-0.502969299721533,-0.7556109483618644,0.10257878806523006,0.9048055324001227,0.38271364074285674,0.2744324511807092,0.24288543953595199,2.640479510065081,0.29255569570563505,1.1591200899400202,-1.0161329645585022,1
1.0595727735687044,0.9009088760241706,0.8491410419312149,-0.2996218594503813,0.9474866733593919,0.9048055324001227,1.3328646151483206,0.2744324511807092,-0.33784918875282943,1.8377814870557112,0.8085666669970842,-0.8250831446246757,-1.0161329645585022,1
-0.46546902347764374,-1.1099901739376037,0.8491410419312149,-0.5891119193255768,-0.404365943111267,0.9048055324001227,1.3943077114932072,1.4316811360790147,0.8571885434483623,3.328506386930255,-0.7394662468772634,-0.22982217425526694,-1.0161329645585022,1
2.2457163934936415,-1.1099901739376037,-1.179024470547907,-0.3616701080592757,2.4683208668888827,0.9048055324001227,2.4413740852880284,0.2744324511807092,0.46443737865190327,3.4431775330744507,2.356599580871432,1.8932752867289577,-1.0161329645585022,1
-0.12657084635623306,0.9009088760241706,1.5251962127575889,-0.5470726121744246,-0.23538436605243465,0.9048055324001227,-0.744640490389226,-0.3041918912684436,1.4882758851725866,-0.34097028968400567,-0.22345527558581418,0.38528082845978884,-1.0161329645585022,1
0.0428782422044723,0.9009088760241706,-0.502969299721533,-0.7671235910790657,-0.06640278899360229,0.9048055324001227,0.011996402228991617,0.2744324511807092,1.615836092542377,1.952452633199907,0.8085666669970842,0.9606997664835506,-1.0161329645585022,1
-0.12657084635623306,-1.1099901739376037,-1.179024470547907,-0.8090997287228532,0.10257878806523006,0.9048055324001227,-0.16362316954028494,-0.3041918912684436,-0.09279931670033775,1.8377814870557112,0.29255569570563505,0.6233852166075523,-1.0161329645585022,1
2.0762673049329363,0.9009088760241706,-1.179024470547907,-0.012563825608723484,1.9613761357123858,0.9048055324001227,0.06599664927436881,0.2744324511807092,1.706470976726175,-0.11162799739561437,2.098594095225707,1.4567505751247247,-1.0161329645585022,1
0.21232733076517762,0.9009088760241706,-1.179024470547907,-0.7758409830953827,0.7785050963005594,0.9048055324001227,0.06599664927436881,0.2744324511807092,-1.173704231781191,2.0671237793441026,0.29255569570563505,0.38528082845978884,-1.0161329645585022,1
0.21232733076517762,-1.1099901739376037,0.8491410419312149,-0.6824764512104797,0.6095235192417271,0.9048055324001227,-1.1861439764962982,-0.3041918912684436,-0.5124052619956999,-0.9143260204049839,0.03455021005991044,0.14717644031202531,-1.0161329645585022,1
0.38177641932588297,-1.1099901739376037,0.8491410419312149,-0.49028322505363453,-0.06640278899360229,0.9048055324001227,2.233449380388966,-0.8828162337175963,0.001192415045823164,3.9018621176512323,0.5505611813513597,-0.11076998018138517,-1.0161329645585022,1
-0.634918112038349,-1.1099901739376037,-0.502969299721533,-0.33423874948619103,-0.911310674287764,0.9048055324001227,0.8577891279455886,-0.8828162337175963,-0.18343420088413584,1.379096902478929,-0.7394662468772634,0.5241750548793175,-1.0161329645585022,1
-0.12657084635623306,0.9009088760241706,0.8491410419312149,-0.5310749344343355,-0.404365943111267,0.9048055324001227,-1.2363436196440536,0.2744324511807092,0.2294580492865001,-1.143668312693375,-0.22345527558581418,0.18686050500331922,-1.0161329645585022,1
0.0428782422044723,-1.1099901739376037,0.8491410419312149,-0.12208395900212707,0.10257878806523006,-1.177851894974348,-0.26988172017796264,-1.461440576166749,-0.002164432516539662,-0.34097028968400567,1.066572152642809,-1.182239726846321,-1.0161329645585022,1
-0.2960199349169384,-1.1099901739376037,0.8491410419312149,-0.1278481765491483,-0.911310674287764,0.9048055324001227,0.38271364074285674,0.2744324511807092,0.7027735555796687,0.3470565871811683,-0.4814607612315388,-1.4997122443766724,-1.0161329645585022,1
-0.9738162891597597,0.9009088760241706,1.5251962127575889,0.08321693993287604,-0.911310674287764,0.9048055324001227,3.0494707089075255,-0.8828162337175963,1.511773818109127,2.2964660716324943,-0.7394662468772634,0.40512286080543575,-1.0161329645585022,1
-0.8043672005990544,-1.1099901739376037,1.5251962127575889,-0.8739116432789495,-0.911310674287764,0.9048055324001227,0.38271364074285674,1.4316811360790147,-1.5865964819518272,4.016533263795428,-0.4814607612315388,-0.9044512740072636,-1.0161329645585022,1
-0.2960199349169384,0.9009088760241706,-1.179024470547907,-0.6695582869544158,-0.5733475201700994,0.9048055324001227,-0.24359420988607813,-0.3041918912684436,-0.3277786460657409,0.8057411717579506,-0.7394662468772634,-0.07108591549009124,-1.0161329645585022,1
-0.12657084635623306,-1.1099901739376037,-0.502969299721533,0.7997802467234015,-0.23538436605243465,0.9048055324001227,0.5157347771596217,-0.3041918912684436,1.4043546961135143,-0.45564143582820127,-0.4814607612315388,0.8813316371009629,-1.0161329645585022,1
0.0428782422044723,0.9009088760241706,1.5251962127575889,-0.30180120745446054,0.10257878806523006,0.9048055324001227,2.4413740852880284,1.4316811360790147,0.4040141225293712,3.0991640946418633,0.29255569570563505,-0.8250831446246757,-1.0161329645585022,1
0.21232733076517762,0.9009088760241706,-0.502969299721533,0.27176212703941466,-0.404365943111267,-1.177851894974348,0.06599664927436881,0.853056793629862,0.2965950005337584,-0.45564143582820127,-0.22345527558581418,0.6233852166075523,-1.0161329645585022,1
-0.46546902347764374,0.9009088760241706,0.8491410419312149,-0.6975739634706231,-0.911310674287764,0.9048055324001227,-0.04897161862869231,-1.461440576166749,1.119022653312668,1.379096902478929,-0.4814607612315388,-0.051243883144444294,-1.0161329645585022,1
-0.46546902347764374,-1.1099901739376037,0.8491410419312149,-0.29499469303592313,-0.7423290972289317,0.9048055324001227,-0.5674373336626071,0.2744324511807092,1.615836092542377,-0.45564143582820127,-0.997471732522988,-0.07108591549009124,-1.0161329645585022,1
-0.9738162891597597,-1.1099901739376037,0.8491410419312149,-1.0212229344532349,-0.911310674287764,0.9048055324001227,-1.359229812333827,0.2744324511807092,0.860545391010725,-0.7996548742607882,-0.7394662468772634,-0.09092794783573821,-1.0161329645585022,1
-0.9738162891597597,-1.1099901739376037,-1.179024470547907,-0.8481542766510273,-0.911310674287764,0.9048055324001227,-0.7257958293968509,-1.461440576166749,2.767234806432851,0.5763988794695595,-0.997471732522988,-1.2219237915376149,-1.0161329645585022,1
-0.9738162891597597,0.9009088760241706,-0.502969299721533,-0.2416638364433458,-0.911310674287764,0.9048055324001227,0.7760761441467188,-1.461440576166749,-0.7473845913611031,0.9204123179021463,-0.997471732522988,-0.6266628211682062,-1.0161329645585022,1
-0.9738162891597597,-1.1099901739376037,-0.502969299721533,-0.7466250859392477,-0.911310674287764,0.9048055324001227,0.06599664927436881,0.2744324511807092,0.14218001266506483,1.952452633199907,-0.997471732522988,0.7424374106814341,-1.0161329645585022,1
-0.2960199349169384,0.9009088760241706,0.8491410419312149,-0.11374558402999771,-0.23538436605243465,0.9048055324001227,2.2830155895537843,0.853056793629862,-0.05587399351434607,2.1817949254882985,-0.4814607612315388,-0.36871640067479566,-1.0161329645585022,1
1.398470950690115,0.9009088760241706,-1.179024470547907,-0.7732352409165922,0.9474866733593919,0.9048055324001227,-0.5332318985840103,0.2744324511807092,-0.29421017044211145,0.6910700256137552,2.098594095225707,-0.8449251769703227,-1.0161329645585022,1
2.754063659175758,0.9009088760241706,-1.179024470547907,-0.09018335778299581,2.637302443947715,0.9048055324001227,0.11176225454156531,-1.461440576166749,1.2264417753082808,0.003043148748581378,1.8405886095799828,-0.6663468858595001,-1.0161329645585022,1
-0.8043672005990544,-1.1099901739376037,-0.502969299721533,-0.6017616131753413,-0.911310674287764,0.9048055324001227,-0.4887331612826878,-1.461440576166749,0.7464125738903866,0.23238544103697253,-0.4814607612315388,0.0479662785837905,-1.0161329645585022,1
0.21232733076517762,-1.1099901739376037,0.8491410419312149,-0.010558193749896916,-0.06640278899360229,-1.177851894974348,2.4413740852880284,-1.461440576166749,1.9011681353432237,2.0671237793441026,0.8085666669970842,-0.24966420660091387,-1.0161329645585022,1
-0.634918112038349,-1.1099901739376037,1.5251962127575889,-0.6914938983867788,-0.7423290972289317,0.9048055324001227,0.06599664927436881,1.4316811360790147,-1.2139864025295457,1.6084391947673204,-0.7394662468772634,-0.051243883144444294,-1.0161329645585022,1
0.0428782422044723,0.9009088760241706,-1.179024470547907,-0.30777072590041676,0.10257878806523006,0.9048055324001227,-0.7873972842374719,-0.3041918912684436,0.7598399641398379,-0.6849837281165926,0.03455021005991044,-0.26950623894656084,-1.0161329645585022,1
-0.12657084635623306,0.9009088760241706,-0.502969299721533,-0.6233971694477223,-0.5733475201700994,0.9048055324001227,0.03020762923842967,1.4316811360790147,0.622209214082959,1.1497546101905376,0.03455021005991044,0.22654456969461315,-1.0161329645585022,1
-0.8043672005990544,-1.1099901739376037,-1.179024470547907,-0.9621278603136363,-0.911310674287764,0.9048055324001227,-0.7158192441655936,0.853056793629862,0.14218001266506483,1.4937680486231246,-0.4814607612315388,-0.9441353386985575,-1.0161329645585022,1
-0.2960199349169384,-1.1099901739376037,-1.179024470547907,-0.5975924256892765,-0.5733475201700994,0.9048055324001227,0.904188167195722,1.4316811360790147,0.5987112811464187,2.525808363920885,-0.7394662468772634,0.4844909901880236,-1.0161329645585022,1
-0.2960199349169384,-1.1099901739376037,0.8491410419312149,0.3965061117076908,-0.23538436605243465,0.9048055324001227,2.12465709381954,-1.461440576166749,-0.48555048149679675,0.9204123179021463,-0.22345527558581418,0.6630692812988462,-1.0161329645585022,1
-0.9738162891597597,0.9009088760241706,-0.502969299721533,-1.0031564553469545,-0.7423290972289317,0.9048055324001227,-0.32958287306977263,1.4316811360790147,-1.3247623720875215,3.672519825362842,-0.22345527558581418,1.1789621222856672,-1.0161329645585022,1
-0.8043672005990544,-1.1099901739376037,-0.502969299721533,-0.13285436000779416,-0.911310674287764,0.9048055324001227,0.38271364074285674,0.2744324511807092,0.2160306590370488,0.3470565871811683,-0.4814607612315388,-0.40840046536608954,-1.0161329645585022,1
0.5512255078865883,-1.1099901739376037,1.5251962127575889,-0.624692144348697,0.4405419421828948,0.9048055324001227,0.38271364074285674,0.2744324511807092,0.561785957960427,1.8377814870557112,0.8085666669970842,-2.03544711770914,-1.0161329645585022,1
-0.8043672005990544,-1.1099901739376037,-1.179024470547907,-0.912287119002954,-0.911310674287764,0.21058638994196582,-0.7276961313456619,-0.8828162337175963,-0.4083429875624505,1.035083464046342,-0.4814607612315388,0.7622794430270811,-1.0161329645585022,1
0.890123685007999,0.9009088760241706,-0.502969299721533,-0.154158276366511,0.7785050963005594,0.9048055324001227,1.8074650268638497,-0.8828162337175963,1.7736079279734327,1.8377814870557112,-0.22345527558581418,-1.5592383414136133,-1.0161329645585022,1
-0.46546902347764374,-1.1099901739376037,-0.502969299721533,-0.8821710563668732,-0.911310674287764,0.9048055324001227,-0.5774139188938644,-0.3041918912684436,0.46108053108954045,1.2644257563347332,-0.7394662468772634,0.8416475724096689,-1.0161329645585022,1
-0.12657084635623306,0.9009088760241706,-0.502969299721533,-0.37329329741436507,-0.23538436605243465,0.9048055324001227,-0.7257958293968509,-0.8828162337175963,2.6967410076232294,-0.570312581972397,-0.4814607612315388,-1.2219237915376149,-1.0161329645585022,1
-0.46546902347764374,0.9009088760241706,-1.179024470547907,-0.5794311923219494,-0.7423290972289317,0.9048055324001227,2.0940939041428313,0.2744324511807092,0.5584291103980642,4.475217848372211,-0.22345527558581418,0.7027533459901402,-1.0161329645585022,1
-0.8043672005990544,0.9009088760241706,-0.502969299721533,-0.10787081984508838,-0.5733475201700994,0.9048055324001227,2.2830155895537843,0.853056793629862,-0.4654093961226198,2.1817949254882985,-0.997471732522988,-0.6465048535138531,-1.0161329645585022,1
-1.143265377720465,0.9009088760241706,1.5251962127575889,-0.45132343138650743,-0.911310674287764,0.9048055324001227,-1.359229812333827,-0.3041918912684436,1.5352717510456675,-1.3730106049817663,-0.4814607612315388,1.6551708985811941,-1.0161329645585022,1
-0.46546902347764374,0.9009088760241706,-1.179024470547907,-0.6050780123119835,-0.7423290972289317,0.9048055324001227,-0.7257958293968509,0.853056793629862,0.14218001266506483,-0.2262991435398101,-0.7394662468772634,0.18686050500331922,-1.0161329645585022,1
1.2290218621294098,0.9009088760241706,0.8491410419312149,-0.18512712735201417,0.9474866733593919,-1.177851894974348,-0.7574675285436998,0.2744324511807092,1.8776702024066834,-0.7996548742607882,1.066572152642809,-0.8250831446246757,-1.0161329645585022,1
-0.8043672005990544,0.9009088760241706,-0.502969299721533,-0.5066599198379114,-0.23538436605243465,0.9048055324001227,-0.4090788379283631,0.853056793629862,-0.13308148744869286,0.1177142948927768,-0.4814607612315388,-0.8250831446246757,-1.0161329645585022,1
-0.12657084635623306,-1.1099901739376037,-0.502969299721533,-0.11113984185120729,-0.404365943111267,0.9048055324001227,1.3379320870118163,0.2744324511807092,1.6628319584154578,1.2644257563347332,-0.7394662468772634,0.16701847265767225,-1.0161329645585022,1
0.21232733076517762,0.9009088760241706,-0.502969299721533,-0.1407505484283712,0.10257878806523006,0.9048055324001227,1.6495816066168083,0.853056793629862,0.7631968117022008,1.6084391947673204,-0.22345527558581418,0.8614896047553159,-1.0161329645585022,1
0.21232733076517762,0.9009088760241706,-0.502969299721533,0.15412471194965788,-0.06640278899360229,0.9048055324001227,-1.0461550662672265,-0.8828162337175963,1.7400394523498046,-1.2583394588375707,0.03455021005991044,0.6035431842619053,-1.0161329645585022,1
-0.46546902347764374,0.9009088760241706,-1.179024470547907,-0.8579139655388605,-0.5733475201700994,0.9048055324001227,-0.3251488351892138,0.2744324511807092,1.1123089581879424,1.7231103409115156,-0.4814607612315388,-1.7973427295613766,-1.0161329645585022,1
0.38177641932588297,-1.1099901739376037,0.8491410419312149,-0.453944965942139,0.6095235192417271,0.9048055324001227,-1.0260435373089776,-1.461440576166749,-1.3247623720875215,-0.9143260204049839,0.5505611813513597,-1.6981325678331418,-1.0161329645585022,1
1.2290218621294098,0.9009088760241706,-0.502969299721533,-0.4168012956117446,1.4544314045358888,0.9048055324001227,1.0655554743489166,0.853056793629862,0.27645391515958084,1.8377814870557112,1.3245776382885335,-0.7060309505507939,-1.0161329645585022,1
-0.634918112038349,-1.1099901739376037,1.5251962127575889,-0.48688786403278644,-0.911310674287764,0.9048055324001227,-1.042512820865339,-1.461440576166749,0.5349311774615239,-0.9143260204049839,-0.7394662468772634,0.32575473142284794,-1.0161329645585022,1
2.415165482054347,-1.1099901739376037,0.8491410419312149,0.3221713939163785,2.637302443947715,-0.4836327525161911,0.38271364074285674,-0.8828162337175963,1.7299689096627155,-0.2262991435398101,2.098594095225707,0.6432272489531993,-1.0161329645585022,1
-0.46546902347764374,-1.1099901739376037,-0.502969299721533,-0.6808972135263643,-0.23538436605243465,0.9048055324001227,0.38271364074285674,-1.461440576166749,-1.657090280761448,2.1817949254882985,-0.4814607612315388,0.286070666731554,-1.0161329645585022,1
-0.2960199349169384,-1.1099901739376037,0.8491410419312149,0.06126553612367186,-0.7423290972289317,0.9048055324001227,-0.06971658156987827,-1.461440576166749,1.7971058609099733,-0.34097028968400567,0.03455021005991044,0.08765034327508442,-1.0161329645585022,1
0.7206745964472937,0.9009088760241706,-0.502969299721533,-0.562485971971391,0.6095235192417271,0.9048055324001227,0.9204990922563492,1.4316811360790147,0.138823165102702,2.411137217776689,1.3245776382885335,1.1591200899400202,-1.0161329645585022,1
-0.2960199349169384,-1.1099901739376037,-1.179024470547907,-0.4159011301317988,0.10257878806523006,0.9048055324001227,0.401716660230966,-0.8828162337175963,2.8914381662402784,1.035083464046342,-0.7394662468772634,-0.5869787564769122,-1.0161329645585022,1
-0.46546902347764374,0.9009088760241706,0.8491410419312149,-0.29891120249252934,0.10257878806523006,0.9048055324001227,-0.40021076216724544,0.2744324511807092,1.7198983669756265,-0.2262991435398101,-0.7394662468772634,0.8614896047553159,-1.0161329645585022,1
0.21232733076517762,0.9009088760241706,1.5251962127575889,10.209873288423998,0.2715603651240624,-1.177851894974348,2.4239546507572616,0.2744324511807092,-0.6500360120525788,-1.2583394588375707,0.8085666669970842,0.028124246238143545,-1.0161329645585022,1
3.262410924857874,0.9009088760241706,-1.179024470547907,-0.5254528482788847,3.144247175124212,0.9048055324001227,0.5410721364771007,0.2744324511807092,0.23281489684886292,1.6084391947673204,3.130616037808606,1.4369085427790778,-1.0161329645585022,1
-0.8043672005990544,-1.1099901739376037,-0.502969299721533,-0.4627413198426618,-0.5733475201700994,0.9048055324001227,1.1691219305591123,-1.461440576166749,0.8471180007612732,2.2964660716324943,-0.7394662468772634,-0.6663468858595001,-1.0161329645585022,1
-0.634918112038349,-1.1099901739376037,1.5251962127575889,0.2314757737176306,-0.911310674287764,0.9048055324001227,0.8577891279455886,-1.461440576166749,1.3137198119297162,0.23238544103697253,-0.4814607612315388,0.18686050500331922,-1.0161329645585022,1
1.0595727735687044,0.9009088760241706,-1.179024470547907,-0.658819470702431,0.7785050963005594,0.9048055324001227,-0.7308633012603468,-1.461440576166749,1.0116035313170553,-0.11162799739561437,-0.22345527558581418,-0.011559818453150373,-1.0161329645585022,1
0.21232733076517762,0.9009088760241706,-1.179024470547907,-0.6822237731810213,-0.06640278899360229,-1.177851894974348,-0.8841543251310949,0.2744324511807092,0.9780350556934264,-0.34097028968400567,0.29255569570563505,-0.38855843302044263,-1.0161329645585022,1
-0.2960199349169384,-1.1099901739376037,0.8491410419312149,-0.7700451807946792,-0.911310674287764,0.9048055324001227,-1.0284189147449911,1.4316811360790147,1.1727322143104744,-0.45564143582820127,-0.22345527558581418,0.4448069254967297,-1.0161329645585022,1
-0.46546902347764374,-1.1099901739376037,-0.502969299721533,-1.0534867603397127,-0.404365943111267,0.9048055324001227,-1.359229812333827,0.853056793629862,0.8739727812601764,-0.6849837281165926,0.03455021005991044,1.1392780575943733,-1.0161329645585022,1
-0.634918112038349,-1.1099901739376037,-0.502969299721533,0.2378401015846157,-0.404365943111267,0.9048055324001227,-0.7257958293968509,-0.3041918912684436,-0.6433223169278531,-1.0289971665491795,-0.4814607612315388,0.286070666731554,-1.0161329645585022,1
-0.2960199349169384,0.9009088760241706,-1.179024470547907,-0.2807025919946787,-0.404365943111267,0.9048055324001227,1.058746059032344,0.2744324511807092,1.3976410009887885,1.379096902478929,0.5505611813513597,-0.190138109563973,-1.0161329645585022,1
1.5679200392508204,-1.1099901739376037,-1.179024470547907,-0.6348782274112413,1.7923945586535535,0.9048055324001227,-0.5546102955081332,-0.3041918912684436,-0.27406908506793454,0.1177142948927768,1.8405886095799828,-0.32903233598350173,-1.0161329645585022,1
0.7206745964472937,-1.1099901739376037,1.5251962127575889,0.10437872490002251,0.7785050963005594,0.9048055324001227,-1.0745012370036562,-1.461440576166749,2.72023894055977,-1.2583394588375707,1.066572152642809,0.821805540064022,-1.0161329645585022,1
0.21232733076517762,-1.1099901739376037,1.5251962127575889,-0.4130742946772322,-0.06640278899360229,0.9048055324001227,-0.8841543251310949,-0.3041918912684436,0.5047195494002578,-0.7996548742607882,0.5505611813513597,-0.36871640067479566,-1.0161329645585022,1
1.2290218621294098,0.9009088760241706,-0.502969299721533,-0.6587089240645428,0.6095235192417271,0.9048055324001227,-0.7257958293968509,-1.461440576166749,0.9075412568838058,-0.11162799739561437,0.03455021005991044,0.028124246238143545,-1.0161329645585022,1
-0.8043672005990544,-1.1099901739376037,-0.502969299721533,-0.41602746914652805,-0.7423290972289317,0.9048055324001227,-0.3298995900612411,0.2744324511807092,1.6628319584154578,0.003043148748581378,-0.4814607612315388,-0.13061201252703214,-1.0161329645585022,1
-0.634918112038349,-1.1099901739376037,0.8491410419312149,0.6131143524609602,-0.911310674287764,0.9048055324001227,1.0161476236798326,-1.461440576166749,1.6024087022929252,-0.11162799739561437,-0.4814607612315388,-0.5869787564769122,-1.0161329645585022,1
-0.8043672005990544,0.9009088760241706,-0.502969299721533,-0.5826528371975448,-0.911310674287764,0.9048055324001227,-0.7257958293968509,0.2744324511807092,0.6624913848313142,-0.2262991435398101,-0.7394662468772634,1.5559607368529593,-1.0161329645585022,1
0.0428782422044723,0.9009088760241706,-1.179024470547907,-0.5969291458619481,-0.06640278899360229,0.9048055324001227,-1.042512820865339,-0.3041918912684436,0.273097067597218,-0.7996548742607882,1.066572152642809,0.2463866020402601,-1.0161329645585022,1
0.21232733076517762,0.9009088760241706,0.8491410419312149,-0.7874641724504721,0.2715603651240624,0.9048055324001227,0.3972826223504072,0.853056793629862,0.26302652491012896,2.984492948497668,0.29255569570563505,-1.9362369559809054,-1.0161329645585022,1
-0.634918112038349,0.9009088760241706,0.8491410419312149,-0.22116533130352778,-0.911310674287764,0.9048055324001227,-0.804975077263973,0.2744324511807092,-0.8380194755449012,-0.7996548742607882,-0.7394662468772634,-0.26950623894656084,-1.0161329645585022,1
-0.12657084635623306,0.9009088760241706,1.5251962127575889,-0.4971055318490131,0.4405419421828948,0.9048055324001227,1.6848955511655448,1.4316811360790147,-1.4019698660218678,3.213835240786059,0.5505611813513597,0.3455967637684949,-1.0161329645585022,1
0.5512255078865883,0.9009088760241706,-0.502969299721533,-0.41331118032984954,0.6095235192417271,0.9048055324001227,0.38271364074285674,-1.461440576166749,0.769910506826927,0.9204123179021463,0.29255569570563505,-0.5472946917856183,-1.0161329645585022,1
-0.2960199349169384,0.9009088760241706,-1.179024470547907,0.2792161289084394,0.2715603651240624,0.9048055324001227,3.2331665639592484,-1.461440576166749,-0.522475804682789,1.952452633199907,-0.7394662468772634,0.6630692812988462,-1.0161329645585022,1
-0.634918112038349,0.9009088760241706,-1.179024470547907,-0.6033566432362978,-0.911310674287764,0.9048055324001227,-0.09236184645987515,-1.461440576166749,1.5621265315445705,0.9204123179021463,-0.4814607612315388,0.7027533459901402,-1.0161329645585022,1
-0.634918112038349,0.9009088760241706,0.8491410419312149,-0.7504152563811246,-0.911310674287764,0.9048055324001227,0.4047254716499166,0.2744324511807092,-0.5828990608053211,2.640479510065081,-0.4814607612315388,0.028124246238143545,-1.0161329645585022,1
2.415165482054347,0.9009088760241706,0.17308587110484092,9.88682442776135,2.637302443947715,-1.177851894974348,1.7582155346904997,0.853056793629862,-0.08944246913797492,-1.2583394588375707,2.6146050665171567,1.1194360252487263,-1.0161329645585022,1
0.38177641932588297,0.9009088760241706,-1.179024470547907,-0.4255028952512205,0.2715603651240624,0.9048055324001227,0.7627740305050422,-1.461440576166749,-1.2274137927789974,1.4937680486231246,1.066572152642809,1.1591200899400202,-1.0161329645585022,1
-0.46546902347764374,0.9009088760241706,-1.179024470547907,-0.503754122499139,-0.7423290972289317,0.9048055324001227,-0.555718804978273,1.4316811360790147,0.427512055465911,-0.11162799739561437,-0.997471732522988,1.4567505751247247,-1.0161329645585022,1
-0.46546902347764374,0.9009088760241706,-0.502969299721533,-0.5666393670806146,-0.911310674287764,0.9048055324001227,0.38271364074285674,0.2744324511807092,-1.720870384446343,1.4937680486231246,-0.7394662468772634,0.821805540064022,-1.0161329645585022,1
0.21232733076517762,0.9009088760241706,-0.502969299721533,0.15616192856216676,0.4405419421828948,0.9048055324001227,1.0161476236798326,-0.3041918912684436,0.9142549520085315,0.4617277333253637,0.5505611813513597,1.258330251668255,-1.0161329645585022,1
-0.8043672005990544,-1.1099901739376037,-1.179024470547907,-0.11159782077960075,-0.7423290972289317,0.9048055324001227,2.2830155895537843,0.853056793629862,-1.2173432500919086,2.1817949254882985,-0.7394662468772634,0.46464895784237664,-1.0161329645585022,1
1.398470950690115,0.9009088760241706,1.5251962127575889,-0.1321121182962599,1.2854498274770565,0.9048055324001227,0.06599664927436881,-0.8828162337175963,-0.05251714595198324,0.003043148748581378,2.356599580871432,-1.12271362980938,-1.0161329645585022,1
-0.46546902347764374,-1.1099901739376037,0.8491410419312149,-0.948972810404955,-0.7423290972289317,0.9048055324001227,-1.0037149894104491,-0.8828162337175963,0.36708879934337896,0.23238544103697253,-0.4814607612315388,-2.987864670300194,-1.0161329645585022,1
-0.8043672005990544,0.9009088760241706,0.8491410419312149,-0.9718401720709461,-0.911310674287764,0.9048055324001227,-1.0254101033260405,-0.3041918912684436,1.4748484949231353,0.3470565871811683,-0.7394662468772634,-1.142555662155027,-1.0161329645585022,1
-0.634918112038349,-1.1099901739376037,0.8491410419312149,-0.6635571837547771,-0.06640278899360229,0.9048055324001227,-0.42396453652738203,-0.8828162337175963,1.2130143850588289,0.4617277333253637,-0.4814607612315388,-2.075131182400434,-1.0161329645585022,1
0.38177641932588297,0.9009088760241706,-0.502969299721533,-0.5339175622657433,0.2715603651240624,0.9048055324001227,0.38271364074285674,-0.8828162337175963,0.38051618959283084,1.379096902478929,0.29255569570563505,1.5559607368529593,-1.0161329645585022,1
-0.12657084635623306,0.9009088760241706,-0.502969299721533,-0.4206546355609862,0.10257878806523006,-1.177851894974348,-0.08270197822008628,-0.8828162337175963,1.0116035313170553,0.3470565871811683,-0.4814607612315388,1.5758027691986063,-1.0161329645585022,1
-0.8043672005990544,-1.1099901739376037,-0.502969299721533,-0.9979133862356915,-0.7423290972289317,0.9048055324001227,-1.1285014840490333,1.4316811360790147,0.6322797567700481,0.1177142948927768,-0.4814607612315388,0.06780831092943747,-1.0161329645585022,1
0.890123685007999,0.9009088760241706,-1.179024470547907,-0.795344568494208,0.9474866733593919,0.9048055324001227,-0.17154109432699713,0.2744324511807092,-1.1199946707833845,1.7231103409115156,0.8085666669970842,0.5440170872249644,-1.0161329645585022,1
-0.2960199349169384,-1.1099901739376037,-0.502969299721533,-0.24940210109551128,-0.911310674287764,0.9048055324001227,-0.7889808691948144,0.2744324511807092,1.5486991412951188,-0.7996548742607882,-0.4814607612315388,0.14717644031202531,-1.0161329645585022,1
-0.8043672005990544,0.9009088760241706,-1.179024470547907,0.1582465223051991,-0.911310674287764,-1.177851894974348,0.06599664927436881,1.4316811360790147,-0.5594011278687807,-0.34097028968400567,-0.997471732522988,0.4844909901880236,-1.0161329645585022,1
-0.2960199349169384,-1.1099901739376037,-0.502969299721533,-0.5835214179238083,-0.06640278899360229,0.9048055324001227,-0.5072611052835944,0.2744324511807092,1.6594751108530943,0.1177142948927768,0.03455021005991044,1.0599099282117854,-1.0161329645585022,1
0.890123685007999,-1.1099901739376037,1.5251962127575889,-0.6535448168374854,0.9474866733593919,0.9048055324001227,-0.7257958293968509,-0.8828162337175963,0.4409394457153629,-0.11162799739561437,0.5505611813513597,1.2186461869769611,-1.0161329645585022,1
0.5512255078865883,0.9009088760241706,-1.179024470547907,0.32370325446997045,0.6095235192417271,0.9048055324001227,1.2985008215739895,1.4316811360790147,2.95186142236281,0.4617277333253637,0.5505611813513597,0.4448069254967297,-1.0161329645585022,1
-0.2960199349169384,-1.1099901739376037,-0.502969299721533,-0.6801075946843067,-0.911310674287764,0.9048055324001227,1.0161476236798326,-1.461440576166749,0.3335203237197501,3.328506386930255,-0.22345527558581418,-0.24966420660091387,-1.0161329645585022,1
0.0428782422044723,-1.1099901739376037,-0.502969299721533,-0.7150087475032572,-0.404365943111267,0.9048055324001227,-0.008590202216460098,-1.461440576166749,-0.9588659877899653,1.6084391947673204,-0.22345527558581418,0.4249648931510827,-1.0161329645585022,1
0.38177641932588297,-1.1099901739376037,-0.502969299721533,-0.2794234094705452,0.4405419421828948,-1.177851894974348,0.547723193297939,-1.461440576166749,1.706470976726175,0.8057411717579506,0.03455021005991044,-0.9044512740072636,-1.0161329645585022,1
0.0428782422044723,0.9009088760241706,-0.502969299721533,-0.7652916753654918,0.10257878806523006,0.9048055324001227,0.30353439287573475,0.853056793629862,1.159304824061023,2.640479510065081,0.29255569570563505,-0.20998014190961997,-1.0161329645585022,1
-0.2960199349169384,-1.1099901739376037,-0.502969299721533,0.07691578157325556,-0.404365943111267,0.9048055324001227,2.4413740852880284,-0.8828162337175963,1.092167872813765,1.7231103409115156,-0.22345527558581418,0.16701847265767225,-1.0161329645585022,1
-0.12657084635623306,-1.1099901739376037,0.8491410419312149,-0.22220762817504397,-0.23538436605243465,0.9048055324001227,-1.2008713165995828,-0.3041918912684436,1.5319149034833046,-1.2583394588375707,0.29255569570563505,0.6233852166075523,-1.0161329645585022,1
2.5846145706150523,0.9009088760241706,-1.179024470547907,1.6484941629207044,2.4683208668888827,-1.177851894974348,2.4413740852880284,-0.8828162337175963,3.018998373610068,0.003043148748581378,2.356599580871432,1.734539027963782,-1.0161329645585022,1
-0.8043672005990544,0.9009088760241706,0.8491410419312149,0.0768999891964144,-0.404365943111267,-1.177851894974348,0.4025084527096372,1.4316811360790147,1.5151306656714898,0.003043148748581378,-0.7394662468772634,0.305912699077201,-1.0161329645585022,1
-0.46546902347764374,0.9009088760241706,-1.179024470547907,-0.35606381428066597,-0.7423290972289317,0.9048055324001227,0.38271364074285674,-0.8828162337175963,-0.34456288387755507,0.8057411717579506,-0.7394662468772634,0.40512286080543575,-1.0161329645585022,1
-0.8043672005990544,-1.1099901739376037,-0.502969299721533,-0.3342545418630322,-0.911310674287764,0.9048055324001227,1.0912095506578643,0.2744324511807092,-0.613110688866587,1.6084391947673204,-0.4814607612315388,0.9210157017922567,-1.0161329645585022,1
-0.9738162891597597,-1.1099901739376037,-1.179024470547907,-0.6801233870611478,-0.911310674287764,0.9048055324001227,-0.615419957870083,-0.3041918912684436,-0.522475804682789,0.1177142948927768,-0.7394662468772634,0.2463866020402601,-1.0161329645585022,1
2.5846145706150523,0.9009088760241706,-1.179024470547907,-0.9044383077129005,2.637302443947715,0.9048055324001227,-1.3416520193073258,0.853056793629862,1.2667239460566353,-1.0289971665491795,2.098594095225707,-0.7655570475877348,-1.0161329645585022,1
-0.9738162891597597,-1.1099901739376037,-1.179024470547907,-0.6758120681835127,-0.7423290972289317,0.9048055324001227,0.5689432317263277,-1.461440576166749,0.9142549520085315,2.411137217776689,-0.7394662468772634,-2.4521297969677263,-1.0161329645585022,1
-0.9738162891597597,0.9009088760241706,0.8491410419312149,-0.6985057137042512,-0.7423290972289317,0.9048055324001227,-0.3370257223692821,-0.8828162337175963,0.830333762949459,0.8057411717579506,-0.4814607612315388,0.7027533459901402,-1.0161329645585022,1
0.0428782422044723,0.9009088760241706,-1.179024470547907,-0.18206340624483028,0.6095235192417271,0.9048055324001227,-0.7216785085077606,0.2744324511807092,0.6322797567700481,-0.7996548742607882,0.5505611813513597,0.305912699077201,-1.0161329645585022,1
-0.46546902347764374,-1.1099901739376037,0.8491410419312149,0.18215618084270638,-0.7423290972289317,-1.177851894974348,-0.6155783163658172,-1.461440576166749,1.5050601229844014,-0.9143260204049839,-0.4814607612315388,-0.5671367241312653,-1.0161329645585022,1
-0.2960199349169384,0.9009088760241706,-0.502969299721533,0.7988642888666145,-0.911310674287764,0.9048055324001227,-0.31057985358166335,0.853056793629862,1.5352717510456675,-0.9143260204049839,-0.22345527558581418,-0.46792656240303043,-1.0161329645585022,1
0.38177641932588297,0.9009088760241706,-0.502969299721533,-0.31934653812498276,0.4405419421828948,0.9048055324001227,1.0161476236798326,-1.461440576166749,0.9612508178816116,1.4937680486231246,0.29255569570563505,-0.13061201252703214,-1.0161329645585022,1
-0.634918112038349,-1.1099901739376037,0.8491410419312149,-0.0626730373257054,-0.7423290972289317,0.9048055324001227,1.6495816066168083,0.2744324511807092,1.2902218789931756,1.379096902478929,-0.4814607612315388,-0.8052411122790287,-1.0161329645585022,1
1.398470950690115,-1.1099901739376037,-1.179024470547907,-0.29839005405677127,1.1164682504182242,0.9048055324001227,1.3328646151483206,0.853056793629862,0.9377528849450718,1.8377814870557112,1.582583123934258,1.694854963272488,-1.0161329645585022,1
1.0595727735687044,0.9009088760241706,-0.502969299721533,-0.6006403544196193,1.4544314045358888,0.9048055324001227,1.5852880573487054,-1.461440576166749,0.34359086640683856,3.7871909715070364,0.5505611813513597,1.4765926074703717,-1.0161329645585022,1
1.0595727735687044,0.9009088760241706,1.5251962127575889,-0.16897152584351355,0.6095235192417271,0.9048055324001227,-1.1033224832272885,-1.461440576166749,-1.5698122441400126,-1.143668312693375,0.29255569570563505,0.5837011519162584,-1.0161329645585022,1
0.0428782422044723,-1.1099901739376037,-1.179024470547907,-0.4854507577402414,-0.23538436605243465,0.9048055324001227,0.12949840606380064,-0.3041918912684436,0.3234497810326616,0.8057411717579506,0.03455021005991044,0.8813316371009629,-1.0161329645585022,1
-0.634918112038349,0.9009088760241706,-0.502969299721533,-0.9969816360020634,-0.911310674287764,0.9048055324001227,-0.8841543251310949,0.853056793629862,1.1022384155008533,1.1497546101905376,-0.7394662468772634,-0.17029607721832604,-1.0161329645585022,1
0.5512255078865883,0.9009088760241706,1.5251962127575889,0.898940580909008,0.6095235192417271,0.9048055324001227,0.4332300008820805,0.853056793629862,1.9850893244022962,-0.570312581972397,0.29255569570563505,1.774223092655076,-1.0161329645585022,1
-0.634918112038349,0.9009088760241706,0.8491410419312149,-0.6652311756999395,-0.911310674287764,-1.177851894974348,0.6202513843442227,-0.8828162337175963,0.8135495251376443,2.525808363920885,-0.4814607612315388,-0.40840046536608954,-1.0161329645585022,1
-0.8043672005990544,-1.1099901739376037,-0.502969299721533,-0.6156589047955568,-0.911310674287764,0.9048055324001227,-0.09236184645987515,0.853056793629862,0.001192415045823164,0.9204123179021463,-0.4814607612315388,-2.8886545085719595,-1.0161329645585022,1
-0.12657084635623306,-1.1099901739376037,0.8491410419312149,-0.7011430406367238,-0.23538436605243465,0.9048055324001227,-0.7257958293968509,0.853056793629862,1.6191929401047398,0.003043148748581378,-0.22345527558581418,-2.531497926350314,-1.0161329645585022,1
-0.634918112038349,-1.1099901739376037,-1.179024470547907,-0.7578060887427848,-0.5733475201700994,0.9048055324001227,0.4189777362659986,0.2744324511807092,-0.10286985938742682,2.7551506562092767,-0.4814607612315388,0.9011736694466097,-1.0161329645585022,1
-0.12657084635623306,0.9009088760241706,-1.179024470547907,-0.5043858175727851,0.10257878806523006,0.9048055324001227,0.8577891279455886,0.2744324511807092,1.5621265315445705,1.952452633199907,-0.7394662468772634,0.2463866020402601,-1.0161329645585022,1
1.5679200392508204,-1.1099901739376037,-1.179024470547907,-0.22282353087184897,1.9613761357123858,0.9048055324001227,-0.09236184645987515,-0.3041918912684436,1.0283877691288699,0.003043148748581378,1.3245776382885335,-0.22982217425526694,-1.0161329645585022,1
0.890123685007999,0.9009088760241706,-1.179024470547907,-0.3627124049307919,0.2715603651240624,0.9048055324001227,-1.0787769163884808,-1.461440576166749,-0.33113549362810374,-1.0289971665491795,1.066572152642809,0.7027533459901402,-1.0161329645585022,1
0.21232733076517762,0.9009088760241706,-0.502969299721533,-0.7382235414597537,-0.23538436605243465,0.9048055324001227,0.38271364074285674,-0.8828162337175963,0.7464125738903866,2.525808363920885,0.03455021005991044,-0.5671367241312653,-1.0161329645585022,1
-0.634918112038349,0.9009088760241706,0.8491410419312149,-0.4469331506246666,-0.7423290972289317,0.9048055324001227,-0.4621289339993348,-1.461440576166749,2.0287283427130136,-0.11162799739561437,-0.7394662468772634,-0.09092794783573821,-1.0161329645585022,1
